bet_date,uid,dealer_id,is_sentinel_dealer,stake_amount,profit_amount,net_pnl,win_rate,n_related_orders,n_rounds_eff,p_base_mix_w,p_base_mix_unw,z_score_w,z_score_unw,z_score,delta_p,eligibility_status,comparison_id,filter_stage,filter_rule_version,cmp_time_window,cmp_population,cmp_label,z_score_alias_status,stake,valid_bet,profit,n_bets,n_rounds,roi,roi_recent,roi_non_recent,roi_ex_rebate,roi_numerator,roi_denominator,roi_denominator_status,rebate_cost,cost_complement_b,pct_complement,pct_top_bet23,agent_formula_version,agent_level_scope,agent_cost_lv1,agent_cost_lv2,agent_cost_lv3,agent_cost_lv4,agent_cost_lv5,agent_pct_lv1,agent_pct_lv2,agent_pct_lv3,agent_pct_lv4,agent_pct_lv5,retain_pct_lv1,retain_pct_lv2,retain_pct_lv3,retain_pct_lv4,retain_pct_lv5,chain_depth_avg,agent_cost_chain_additive,agent_cost_chain_nested,residual_chain_additive,residual_chain_nested,decision_status,admit_to_risk_decision,deliverable_class,agent_cost_a_legacy,agent_cost_valid_base_legacy,ngr,residual_b,residual_a,ngr_rate,residual_b_rate,agent_cost_bet23_formal_canonical,net_margin_bet23_formal_canonical,net_margin_bet23_formal_rate_canonical,agent_cost_lv1_bet23_canonical,agent_cost_lv2_bet24_canonical,agent_cost_lv3_bet25_canonical,agent_cost_lv4_bet26_canonical,agent_cost_lv5_bet27_canonical,net_margin_lv1_bet23_canonical,net_margin_lv1_bet23_rate_canonical,agent_cost_chain_additive_canonical,agent_cost_chain_nested_canonical,net_margin_chain_additive_canonical,net_margin_chain_nested_canonical,net_margin_chain_additive_rate_canonical,net_margin_chain_nested_rate_canonical,residual_a_rate,avg_stake_per_bet,avg_valid_bet_per_round,avg_profit_per_round,avg_profit_per_day,avg_profit_per_shoe,avg_stake_per_active_day,avg_rounds_per_active_day,avg_stake_recent,avg_stake_non_recent,p25_stake,p50_stake,p75_stake,p90_stake,p95_stake,p99_stake,p50_valid_bet,p50_profit,p95_over_p50,p99_over_p50,avg_over_p50,common_table_count,common_dealer_count,common_ip_count,common_product_count,share_recent,hold_rate,hold_rate_recent,rebate_rate_actual,rebate_pct_config,turnover_multiple,free_comm_rate,roi_delta_recent,first_seen,last_seen,active_days,active_shoes,active_sessions,span_days,persistence,ramp_recent_vs_prior,ramp_recent_vs_all,stake_ramp,vip_tier,economic_value,roi_pr_global,risk_value,pr_stake,pr_global,pr_qualified,pr_qualified_population,pr_global_population_n,pr_qualified_population_n,pr_calculation_method,pr_calculation_version,evidence_flag,evidence_rate,hold_ci_halfwidth_approx,action_priority,audit_rn,batch_id,run_id,snapshot_sync_time
2026-07-14,121872929,2289,0,10.0000000000,-10.0000000000,-10.0000000000,0E-7,1,1,0.50665070000000000,0.506650700000,-1.013391052207602,-1.013391052207602,-1.013391052207602,0E-17,ELIGIBLE,R03b_20260811_FULL_v1,L1_ELIGIBILITY,v2026-08-11,2026-03-21..2026-08-06,baccarat_bet02_101_all_pairs_incl_sentinel,round_win = game_pnl > 0 (decisive only),COMPATIBILITY_ONLY_NOT_PRODUCTION,7167.0000,6520.0000,476.0000,649,649,-0.06641552,-0.07806452,-0.05753627,-0.06641552,-476.0000,7167.0000,OK,0.0000,14.2800,3.0000,97.0000,AG03-UNRESOLVED,ALL5_LEVELS_bet23_to_bet27,14.2800,14.2800,14.2800,14.2800,14.2800,3.000000,3.000000,3.000000,3.000000,3.000000,97.000000,97.000000,97.000000,97.000000,97.000000,5.0,71.4000,67.2426,404.6000,408.7574,PENDING_AG03,FALSE,NOT_FOR_ENFORCEMENT,461.7200,6324.4000,476.0000,461.7200,14.2800,0.06641552,0.06442305,14.2800,461.7200,0.06442305,14.2800,14.2800,14.2800,14.2800,14.2800,461.7200,0.06442305,71.4000,67.2426,404.6000,408.7574,0.05645319,0.05703326,0.00199247,11.0431,10.0462,0.7334,7.9333,0.7580,119.4500,10.8167,10.0000,11.9971,10.0,10.0,10.0,10.0,10.0,50.0,10.0,0.0,1.0,5.0,1.104314,28,151,16,2,0.43253802,0.06641552,0.07806452,0E-8,0.000000,0.909725,0.000000,-0.02052825,2026-03-30,2026-08-05,60,628,484,129,0.465116,0.833538,0.905539,1.441793,,,,,,,,GLOBAL_BASELINE_NO_ENTITY_RANKING,,,NOT_APPLICABLE_GLOBAL_BASELINE,HF9g-P5,,,,X 全窗基线 · 不参与实体赏罚,8390001,840,A168_HF9F_20260827_0900,2026-08-27 09:00:00
2026-07-15,121872929,-1,1,30.0000000000,-30.0000000000,-30.0000000000,0E-7,3,3,0.49771390000000000,0.497713900000,-1.724149546644903,-1.724149546644903,-1.724149546644903,0E-17,SENTINEL_DEALER,R03b_20260811_FULL_v1,L1_ELIGIBILITY,v2026-08-11,2026-03-21..2026-08-06,baccarat_bet02_101_all_pairs_incl_sentinel,round_win = game_pnl > 0 (decisive only),COMPATIBILITY_ONLY_NOT_PRODUCTION,7167.0000,6520.0000,476.0000,649,649,-0.06641552,-0.07806452,-0.05753627,-0.06641552,-476.0000,7167.0000,OK,0.0000,14.2800,3.0000,97.0000,AG03-UNRESOLVED,ALL5_LEVELS_bet23_to_bet27,14.2800,14.2800,14.2800,14.2800,14.2800,3.000000,3.000000,3.000000,3.000000,3.000000,97.000000,97.000000,97.000000,97.000000,97.000000,5.0,71.4000,67.2426,404.6000,408.7574,PENDING_AG03,FALSE,NOT_FOR_ENFORCEMENT,461.7200,6324.4000,476.0000,461.7200,14.2800,0.06641552,0.06442305,14.2800,461.7200,0.06442305,14.2800,14.2800,14.2800,14.2800,14.2800,461.7200,0.06442305,71.4000,67.2426,404.6000,408.7574,0.05645319,0.05703326,0.00199247,11.0431,10.0462,0.7334,7.9333,0.7580,119.4500,10.8167,10.0000,11.9971,10.0,10.0,10.0,10.0,10.0,50.0,10.0,0.0,1.0,5.0,1.104314,28,151,16,2,0.43253802,0.06641552,0.07806452,0E-8,0.000000,0.909725,0.000000,-0.02052825,2026-03-30,2026-08-05,60,628,484,129,0.465116,0.833538,0.905539,1.441793,,,,,,,,GLOBAL_BASELINE_NO_ENTITY_RANKING,,,NOT_APPLICABLE_GLOBAL_BASELINE,HF9g-P5,,,,X 全窗基线 · 不参与实体赏罚,8390002,840,A168_HF9F_20260827_0900,2026-08-27 09:00:00
2026-07-15,121872929,2088,0,10.0000000000,-10.0000000000,-10.0000000000,0E-7,1,1,0.49324550000000000,0.493245500000,-0.9865810262130424,-0.9865810262130424,-0.9865810262130424,0E-17,ELIGIBLE,R03b_20260811_FULL_v1,L1_ELIGIBILITY,v2026-08-11,2026-03-21..2026-08-06,baccarat_bet02_101_all_pairs_incl_sentinel,round_win = game_pnl > 0 (decisive only),COMPATIBILITY_ONLY_NOT_PRODUCTION,7167.0000,6520.0000,476.0000,649,649,-0.06641552,-0.07806452,-0.05753627,-0.06641552,-476.0000,7167.0000,OK,0.0000,14.2800,3.0000,97.0000,AG03-UNRESOLVED,ALL5_LEVELS_bet23_to_bet27,14.2800,14.2800,14.2800,14.2800,14.2800,3.000000,3.000000,3.000000,3.000000,3.000000,97.000000,97.000000,97.000000,97.000000,97.000000,5.0,71.4000,67.2426,404.6000,408.7574,PENDING_AG03,FALSE,NOT_FOR_ENFORCEMENT,461.7200,6324.4000,476.0000,461.7200,14.2800,0.06641552,0.06442305,14.2800,461.7200,0.06442305,14.2800,14.2800,14.2800,14.2800,14.2800,461.7200,0.06442305,71.4000,67.2426,404.6000,408.7574,0.05645319,0.05703326,0.00199247,11.0431,10.0462,0.7334,7.9333,0.7580,119.4500,10.8167,10.0000,11.9971,10.0,10.0,10.0,10.0,10.0,50.0,10.0,0.0,1.0,5.0,1.104314,28,151,16,2,0.43253802,0.06641552,0.07806452,0E-8,0.000000,0.909725,0.000000,-0.02052825,2026-03-30,2026-08-05,60,628,484,129,0.465116,0.833538,0.905539,1.441793,,,,,,,,GLOBAL_BASELINE_NO_ENTITY_RANKING,,,NOT_APPLICABLE_GLOBAL_BASELINE,HF9g-P5,,,,X 全窗基线 · 不参与实体赏罚,8390003,840,A168_HF9F_20260827_0900,2026-08-27 09:00:00
2026-07-15,121872929,2210,0,10.0000000000,10.0000000000,10.0000000000,1.0000000,1,1,0.49324550000000000,0.493245500000,1.01360149184955,1.01360149184955,1.01360149184955,0E-17,ELIGIBLE,R03b_20260811_FULL_v1,L1_ELIGIBILITY,v2026-08-11,2026-03-21..2026-08-06,baccarat_bet02_101_all_pairs_incl_sentinel,round_win = game_pnl > 0 (decisive only),COMPATIBILITY_ONLY_NOT_PRODUCTION,7167.0000,6520.0000,476.0000,649,649,-0.06641552,-0.07806452,-0.05753627,-0.06641552,-476.0000,7167.0000,OK,0.0000,14.2800,3.0000,97.0000,AG03-UNRESOLVED,ALL5_LEVELS_bet23_to_bet27,14.2800,14.2800,14.2800,14.2800,14.2800,3.000000,3.000000,3.000000,3.000000,3.000000,97.000000,97.000000,97.000000,97.000000,97.000000,5.0,71.4000,67.2426,404.6000,408.7574,PENDING_AG03,FALSE,NOT_FOR_ENFORCEMENT,461.7200,6324.4000,476.0000,461.7200,14.2800,0.06641552,0.06442305,14.2800,461.7200,0.06442305,14.2800,14.2800,14.2800,14.2800,14.2800,461.7200,0.06442305,71.4000,67.2426,404.6000,408.7574,0.05645319,0.05703326,0.00199247,11.0431,10.0462,0.7334,7.9333,0.7580,119.4500,10.8167,10.0000,11.9971,10.0,10.0,10.0,10.0,10.0,50.0,10.0,0.0,1.0,5.0,1.104314,28,151,16,2,0.43253802,0.06641552,0.07806452,0E-8,0.000000,0.909725,0.000000,-0.02052825,2026-03-30,2026-08-05,60,628,484,129,0.465116,0.833538,0.905539,1.441793,,,,,,,,GLOBAL_BASELINE_NO_ENTITY_RANKING,,,NOT_APPLICABLE_GLOBAL_BASELINE,HF9g-P5,,,,X 全窗基线 · 不参与实体赏罚,8390004,840,A168_HF9F_20260827_0900,2026-08-27 09:00:00
2026-07-16,121872929,-1,1,20.0000000000,19.5000000000,19.5000000000,1.0000000,2,2,0.49994810000000000,0.499948100000,1.4143603653603398,1.4143603653603398,1.4143603653603398,0E-17,SENTINEL_DEALER,R03b_20260811_FULL_v1,L1_ELIGIBILITY,v2026-08-11,2026-03-21..2026-08-06,baccarat_bet02_101_all_pairs_incl_sentinel,round_win = game_pnl > 0 (decisive only),COMPATIBILITY_ONLY_NOT_PRODUCTION,7167.0000,6520.0000,476.0000,649,649,-0.06641552,-0.07806452,-0.05753627,-0.06641552,-476.0000,7167.0000,OK,0.0000,14.2800,3.0000,97.0000,AG03-UNRESOLVED,ALL5_LEVELS_bet23_to_bet27,14.2800,14.2800,14.2800,14.2800,14.2800,3.000000,3.000000,3.000000,3.000000,3.000000,97.000000,97.000000,97.000000,97.000000,97.000000,5.0,71.4000,67.2426,404.6000,408.7574,PENDING_AG03,FALSE,NOT_FOR_ENFORCEMENT,461.7200,6324.4000,476.0000,461.7200,14.2800,0.06641552,0.06442305,14.2800,461.7200,0.06442305,14.2800,14.2800,14.2800,14.2800,14.2800,461.7200,0.06442305,71.4000,67.2426,404.6000,408.7574,0.05645319,0.05703326,0.00199247,11.0431,10.0462,0.7334,7.9333,0.7580,119.4500,10.8167,10.0000,11.9971,10.0,10.0,10.0,10.0,10.0,50.0,10.0,0.0,1.0,5.0,1.104314,28,151,16,2,0.43253802,0.06641552,0.07806452,0E-8,0.000000,0.909725,0.000000,-0.02052825,2026-03-30,2026-08-05,60,628,484,129,0.465116,0.833538,0.905539,1.441793,,,,,,,,GLOBAL_BASELINE_NO_ENTITY_RANKING,,,NOT_APPLICABLE_GLOBAL_BASELINE,HF9g-P5,,,,X 全窗基线 · 不参与实体赏罚,8390005,840,A168_HF9F_20260827_0900,2026-08-27 09:00:00
2026-07-16,121872929,1221,0,10.0000000000,10.0000000000,10.0000000000,1.0000000,1,1,0.49324550000000000,0.493245500000,1.01360149184955,1.01360149184955,1.01360149184955,0E-17,ELIGIBLE,R03b_20260811_FULL_v1,L1_ELIGIBILITY,v2026-08-11,2026-03-21..2026-08-06,baccarat_bet02_101_all_pairs_incl_sentinel,round_win = game_pnl > 0 (decisive only),COMPATIBILITY_ONLY_NOT_PRODUCTION,7167.0000,6520.0000,476.0000,649,649,-0.06641552,-0.07806452,-0.05753627,-0.06641552,-476.0000,7167.0000,OK,0.0000,14.2800,3.0000,97.0000,AG03-UNRESOLVED,ALL5_LEVELS_bet23_to_bet27,14.2800,14.2800,14.2800,14.2800,14.2800,3.000000,3.000000,3.000000,3.000000,3.000000,97.000000,97.000000,97.000000,97.000000,97.000000,5.0,71.4000,67.2426,404.6000,408.7574,PENDING_AG03,FALSE,NOT_FOR_ENFORCEMENT,461.7200,6324.4000,476.0000,461.7200,14.2800,0.06641552,0.06442305,14.2800,461.7200,0.06442305,14.2800,14.2800,14.2800,14.2800,14.2800,461.7200,0.06442305,71.4000,67.2426,404.6000,408.7574,0.05645319,0.05703326,0.00199247,11.0431,10.0462,0.7334,7.9333,0.7580,119.4500,10.8167,10.0000,11.9971,10.0,10.0,10.0,10.0,10.0,50.0,10.0,0.0,1.0,5.0,1.104314,28,151,16,2,0.43253802,0.06641552,0.07806452,0E-8,0.000000,0.909725,0.000000,-0.02052825,2026-03-30,2026-08-05,60,628,484,129,0.465116,0.833538,0.905539,1.441793,,,,,,,,GLOBAL_BASELINE_NO_ENTITY_RANKING,,,NOT_APPLICABLE_GLOBAL_BASELINE,HF9g-P5,,,,X 全窗基线 · 不参与实体赏罚,8390006,840,A168_HF9F_20260827_0900,2026-08-27 09:00:00
2026-07-16,121872929,1323,0,10.0000000000,-10.0000000000,-10.0000000000,0E-7,1,1,0.49324550000000000,0.493245500000,-0.9865810262130424,-0.9865810262130424,-0.9865810262130424,0E-17,ELIGIBLE,R03b_20260811_FULL_v1,L1_ELIGIBILITY,v2026-08-11,2026-03-21..2026-08-06,baccarat_bet02_101_all_pairs_incl_sentinel,round_win = game_pnl > 0 (decisive only),COMPATIBILITY_ONLY_NOT_PRODUCTION,7167.0000,6520.0000,476.0000,649,649,-0.06641552,-0.07806452,-0.05753627,-0.06641552,-476.0000,7167.0000,OK,0.0000,14.2800,3.0000,97.0000,AG03-UNRESOLVED,ALL5_LEVELS_bet23_to_bet27,14.2800,14.2800,14.2800,14.2800,14.2800,3.000000,3.000000,3.000000,3.000000,3.000000,97.000000,97.000000,97.000000,97.000000,97.000000,5.0,71.4000,67.2426,404.6000,408.7574,PENDING_AG03,FALSE,NOT_FOR_ENFORCEMENT,461.7200,6324.4000,476.0000,461.7200,14.2800,0.06641552,0.06442305,14.2800,461.7200,0.06442305,14.2800,14.2800,14.2800,14.2800,14.2800,461.7200,0.06442305,71.4000,67.2426,404.6000,408.7574,0.05645319,0.05703326,0.00199247,11.0431,10.0462,0.7334,7.9333,0.7580,119.4500,10.8167,10.0000,11.9971,10.0,10.0,10.0,10.0,10.0,50.0,10.0,0.0,1.0,5.0,1.104314,28,151,16,2,0.43253802,0.06641552,0.07806452,0E-8,0.000000,0.909725,0.000000,-0.02052825,2026-03-30,2026-08-05,60,628,484,129,0.465116,0.833538,0.905539,1.441793,,,,,,,,GLOBAL_BASELINE_NO_ENTITY_RANKING,,,NOT_APPLICABLE_GLOBAL_BASELINE,HF9g-P5,,,,X 全窗基线 · 不参与实体赏罚,8390007,840,A168_HF9F_20260827_0900,2026-08-27 09:00:00
2026-07-16,121872929,1363,0,10.0000000000,9.5000000000,9.5000000000,1.0000000,1,1,0.50665070000000000,0.506650700000,0.9867858985152569,0.9867858985152569,0.9867858985152569,0E-17,ELIGIBLE,R03b_20260811_FULL_v1,L1_ELIGIBILITY,v2026-08-11,2026-03-21..2026-08-06,baccarat_bet02_101_all_pairs_incl_sentinel,round_win = game_pnl > 0 (decisive only),COMPATIBILITY_ONLY_NOT_PRODUCTION,7167.0000,6520.0000,476.0000,649,649,-0.06641552,-0.07806452,-0.05753627,-0.06641552,-476.0000,7167.0000,OK,0.0000,14.2800,3.0000,97.0000,AG03-UNRESOLVED,ALL5_LEVELS_bet23_to_bet27,14.2800,14.2800,14.2800,14.2800,14.2800,3.000000,3.000000,3.000000,3.000000,3.000000,97.000000,97.000000,97.000000,97.000000,97.000000,5.0,71.4000,67.2426,404.6000,408.7574,PENDING_AG03,FALSE,NOT_FOR_ENFORCEMENT,461.7200,6324.4000,476.0000,461.7200,14.2800,0.06641552,0.06442305,14.2800,461.7200,0.06442305,14.2800,14.2800,14.2800,14.2800,14.2800,461.7200,0.06442305,71.4000,67.2426,404.6000,408.7574,0.05645319,0.05703326,0.00199247,11.0431,10.0462,0.7334,7.9333,0.7580,119.4500,10.8167,10.0000,11.9971,10.0,10.0,10.0,10.0,10.0,50.0,10.0,0.0,1.0,5.0,1.104314,28,151,16,2,0.43253802,0.06641552,0.07806452,0E-8,0.000000,0.909725,0.000000,-0.02052825,2026-03-30,2026-08-05,60,628,484,129,0.465116,0.833538,0.905539,1.441793,,,,,,,,GLOBAL_BASELINE_NO_ENTITY_RANKING,,,NOT_APPLICABLE_GLOBAL_BASELINE,HF9g-P5,,,,X 全窗基线 · 不参与实体赏罚,8390008,840,A168_HF9F_20260827_0900,2026-08-27 09:00:00
2026-07-16,121872929,2088,0,10.0000000000,9.5000000000,9.5000000000,1.0000000,1,1,0.50665070000000000,0.506650700000,0.9867858985152569,0.9867858985152569,0.9867858985152569,0E-17,ELIGIBLE,R03b_20260811_FULL_v1,L1_ELIGIBILITY,v2026-08-11,2026-03-21..2026-08-06,baccarat_bet02_101_all_pairs_incl_sentinel,round_win = game_pnl > 0 (decisive only),COMPATIBILITY_ONLY_NOT_PRODUCTION,7167.0000,6520.0000,476.0000,649,649,-0.06641552,-0.07806452,-0.05753627,-0.06641552,-476.0000,7167.0000,OK,0.0000,14.2800,3.0000,97.0000,AG03-UNRESOLVED,ALL5_LEVELS_bet23_to_bet27,14.2800,14.2800,14.2800,14.2800,14.2800,3.000000,3.000000,3.000000,3.000000,3.000000,97.000000,97.000000,97.000000,97.000000,97.000000,5.0,71.4000,67.2426,404.6000,408.7574,PENDING_AG03,FALSE,NOT_FOR_ENFORCEMENT,461.7200,6324.4000,476.0000,461.7200,14.2800,0.06641552,0.06442305,14.2800,461.7200,0.06442305,14.2800,14.2800,14.2800,14.2800,14.2800,461.7200,0.06442305,71.4000,67.2426,404.6000,408.7574,0.05645319,0.05703326,0.00199247,11.0431,10.0462,0.7334,7.9333,0.7580,119.4500,10.8167,10.0000,11.9971,10.0,10.0,10.0,10.0,10.0,50.0,10.0,0.0,1.0,5.0,1.104314,28,151,16,2,0.43253802,0.06641552,0.07806452,0E-8,0.000000,0.909725,0.000000,-0.02052825,2026-03-30,2026-08-05,60,628,484,129,0.465116,0.833538,0.905539,1.441793,,,,,,,,GLOBAL_BASELINE_NO_ENTITY_RANKING,,,NOT_APPLICABLE_GLOBAL_BASELINE,HF9g-P5,,,,X 全窗基线 · 不参与实体赏罚,8390009,840,A168_HF9F_20260827_0900,2026-08-27 09:00:00
2026-07-16,121872929,2103,0,10.0000000000,-10.0000000000,-10.0000000000,0E-7,1,1,0.50665070000000000,0.506650700000,-1.013391052207602,-1.013391052207602,-1.013391052207602,0E-17,ELIGIBLE,R03b_20260811_FULL_v1,L1_ELIGIBILITY,v2026-08-11,2026-03-21..2026-08-06,baccarat_bet02_101_all_pairs_incl_sentinel,round_win = game_pnl > 0 (decisive only),COMPATIBILITY_ONLY_NOT_PRODUCTION,7167.0000,6520.0000,476.0000,649,649,-0.06641552,-0.07806452,-0.05753627,-0.06641552,-476.0000,7167.0000,OK,0.0000,14.2800,3.0000,97.0000,AG03-UNRESOLVED,ALL5_LEVELS_bet23_to_bet27,14.2800,14.2800,14.2800,14.2800,14.2800,3.000000,3.000000,3.000000,3.000000,3.000000,97.000000,97.000000,97.000000,97.000000,97.000000,5.0,71.4000,67.2426,404.6000,408.7574,PENDING_AG03,FALSE,NOT_FOR_ENFORCEMENT,461.7200,6324.4000,476.0000,461.7200,14.2800,0.06641552,0.06442305,14.2800,461.7200,0.06442305,14.2800,14.2800,14.2800,14.2800,14.2800,461.7200,0.06442305,71.4000,67.2426,404.6000,408.7574,0.05645319,0.05703326,0.00199247,11.0431,10.0462,0.7334,7.9333,0.7580,119.4500,10.8167,10.0000,11.9971,10.0,10.0,10.0,10.0,10.0,50.0,10.0,0.0,1.0,5.0,1.104314,28,151,16,2,0.43253802,0.06641552,0.07806452,0E-8,0.000000,0.909725,0.000000,-0.02052825,2026-03-30,2026-08-05,60,628,484,129,0.465116,0.833538,0.905539,1.441793,,,,,,,,GLOBAL_BASELINE_NO_ENTITY_RANKING,,,NOT_APPLICABLE_GLOBAL_BASELINE,HF9g-P5,,,,X 全窗基线 · 不参与实体赏罚,8390010,840,A168_HF9F_20260827_0900,2026-08-27 09:00:00
2026-07-16,121872929,2108,0,10.0000000000,0E-10,0E-10,,1,1,0.50665070000000000,0.506650700000,,,,0E-17,NO_DECISIVE_ROUND,R03b_20260811_FULL_v1,L1_ELIGIBILITY,v2026-08-11,2026-03-21..2026-08-06,baccarat_bet02_101_all_pairs_incl_sentinel,round_win = game_pnl > 0 (decisive only),COMPATIBILITY_ONLY_NOT_PRODUCTION,7167.0000,6520.0000,476.0000,649,649,-0.06641552,-0.07806452,-0.05753627,-0.06641552,-476.0000,7167.0000,OK,0.0000,14.2800,3.0000,97.0000,AG03-UNRESOLVED,ALL5_LEVELS_bet23_to_bet27,14.2800,14.2800,14.2800,14.2800,14.2800,3.000000,3.000000,3.000000,3.000000,3.000000,97.000000,97.000000,97.000000,97.000000,97.000000,5.0,71.4000,67.2426,404.6000,408.7574,PENDING_AG03,FALSE,NOT_FOR_ENFORCEMENT,461.7200,6324.4000,476.0000,461.7200,14.2800,0.06641552,0.06442305,14.2800,461.7200,0.06442305,14.2800,14.2800,14.2800,14.2800,14.2800,461.7200,0.06442305,71.4000,67.2426,404.6000,408.7574,0.05645319,0.05703326,0.00199247,11.0431,10.0462,0.7334,7.9333,0.7580,119.4500,10.8167,10.0000,11.9971,10.0,10.0,10.0,10.0,10.0,50.0,10.0,0.0,1.0,5.0,1.104314,28,151,16,2,0.43253802,0.06641552,0.07806452,0E-8,0.000000,0.909725,0.000000,-0.02052825,2026-03-30,2026-08-05,60,628,484,129,0.465116,0.833538,0.905539,1.441793,,,,,,,,GLOBAL_BASELINE_NO_ENTITY_RANKING,,,NOT_APPLICABLE_GLOBAL_BASELINE,HF9g-P5,,,,X 全窗基线 · 不参与实体赏罚,8390011,840,A168_HF9F_20260827_0900,2026-08-27 09:00:00
2026-07-16,121872929,2220,0,10.0000000000,-10.0000000000,-10.0000000000,0E-7,1,1,0.50665070000000000,0.506650700000,-1.013391052207602,-1.013391052207602,-1.013391052207602,0E-17,ELIGIBLE,R03b_20260811_FULL_v1,L1_ELIGIBILITY,v2026-08-11,2026-03-21..2026-08-06,baccarat_bet02_101_all_pairs_incl_sentinel,round_win = game_pnl > 0 (decisive only),COMPATIBILITY_ONLY_NOT_PRODUCTION,7167.0000,6520.0000,476.0000,649,649,-0.06641552,-0.07806452,-0.05753627,-0.06641552,-476.0000,7167.0000,OK,0.0000,14.2800,3.0000,97.0000,AG03-UNRESOLVED,ALL5_LEVELS_bet23_to_bet27,14.2800,14.2800,14.2800,14.2800,14.2800,3.000000,3.000000,3.000000,3.000000,3.000000,97.000000,97.000000,97.000000,97.000000,97.000000,5.0,71.4000,67.2426,404.6000,408.7574,PENDING_AG03,FALSE,NOT_FOR_ENFORCEMENT,461.7200,6324.4000,476.0000,461.7200,14.2800,0.06641552,0.06442305,14.2800,461.7200,0.06442305,14.2800,14.2800,14.2800,14.2800,14.2800,461.7200,0.06442305,71.4000,67.2426,404.6000,408.7574,0.05645319,0.05703326,0.00199247,11.0431,10.0462,0.7334,7.9333,0.7580,119.4500,10.8167,10.0000,11.9971,10.0,10.0,10.0,10.0,10.0,50.0,10.0,0.0,1.0,5.0,1.104314,28,151,16,2,0.43253802,0.06641552,0.07806452,0E-8,0.000000,0.909725,0.000000,-0.02052825,2026-03-30,2026-08-05,60,628,484,129,0.465116,0.833538,0.905539,1.441793,,,,,,,,GLOBAL_BASELINE_NO_ENTITY_RANKING,,,NOT_APPLICABLE_GLOBAL_BASELINE,HF9g-P5,,,,X 全窗基线 · 不参与实体赏罚,8390012,840,A168_HF9F_20260827_0900,2026-08-27 09:00:00
2026-07-16,121872929,2258,0,10.0000000000,10.0000000000,10.0000000000,1.0000000,1,1,0.49324550000000000,0.493245500000,1.01360149184955,1.01360149184955,1.01360149184955,0E-17,ELIGIBLE,R03b_20260811_FULL_v1,L1_ELIGIBILITY,v2026-08-11,2026-03-21..2026-08-06,baccarat_bet02_101_all_pairs_incl_sentinel,round_win = game_pnl > 0 (decisive only),COMPATIBILITY_ONLY_NOT_PRODUCTION,7167.0000,6520.0000,476.0000,649,649,-0.06641552,-0.07806452,-0.05753627,-0.06641552,-476.0000,7167.0000,OK,0.0000,14.2800,3.0000,97.0000,AG03-UNRESOLVED,ALL5_LEVELS_bet23_to_bet27,14.2800,14.2800,14.2800,14.2800,14.2800,3.000000,3.000000,3.000000,3.000000,3.000000,97.000000,97.000000,97.000000,97.000000,97.000000,5.0,71.4000,67.2426,404.6000,408.7574,PENDING_AG03,FALSE,NOT_FOR_ENFORCEMENT,461.7200,6324.4000,476.0000,461.7200,14.2800,0.06641552,0.06442305,14.2800,461.7200,0.06442305,14.2800,14.2800,14.2800,14.2800,14.2800,461.7200,0.06442305,71.4000,67.2426,404.6000,408.7574,0.05645319,0.05703326,0.00199247,11.0431,10.0462,0.7334,7.9333,0.7580,119.4500,10.8167,10.0000,11.9971,10.0,10.0,10.0,10.0,10.0,50.0,10.0,0.0,1.0,5.0,1.104314,28,151,16,2,0.43253802,0.06641552,0.07806452,0E-8,0.000000,0.909725,0.000000,-0.02052825,2026-03-30,2026-08-05,60,628,484,129,0.465116,0.833538,0.905539,1.441793,,,,,,,,GLOBAL_BASELINE_NO_ENTITY_RANKING,,,NOT_APPLICABLE_GLOBAL_BASELINE,HF9g-P5,,,,X 全窗基线 · 不参与实体赏罚,8390013,840,A168_HF9F_20260827_0900,2026-08-27 09:00:00
2026-07-16,121872929,2266,0,10.0000000000,0E-10,0E-10,,1,1,0.49324550000000000,0.493245500000,,,,0E-17,NO_DECISIVE_ROUND,R03b_20260811_FULL_v1,L1_ELIGIBILITY,v2026-08-11,2026-03-21..2026-08-06,baccarat_bet02_101_all_pairs_incl_sentinel,round_win = game_pnl > 0 (decisive only),COMPATIBILITY_ONLY_NOT_PRODUCTION,7167.0000,6520.0000,476.0000,649,649,-0.06641552,-0.07806452,-0.05753627,-0.06641552,-476.0000,7167.0000,OK,0.0000,14.2800,3.0000,97.0000,AG03-UNRESOLVED,ALL5_LEVELS_bet23_to_bet27,14.2800,14.2800,14.2800,14.2800,14.2800,3.000000,3.000000,3.000000,3.000000,3.000000,97.000000,97.000000,97.000000,97.000000,97.000000,5.0,71.4000,67.2426,404.6000,408.7574,PENDING_AG03,FALSE,NOT_FOR_ENFORCEMENT,461.7200,6324.4000,476.0000,461.7200,14.2800,0.06641552,0.06442305,14.2800,461.7200,0.06442305,14.2800,14.2800,14.2800,14.2800,14.2800,461.7200,0.06442305,71.4000,67.2426,404.6000,408.7574,0.05645319,0.05703326,0.00199247,11.0431,10.0462,0.7334,7.9333,0.7580,119.4500,10.8167,10.0000,11.9971,10.0,10.0,10.0,10.0,10.0,50.0,10.0,0.0,1.0,5.0,1.104314,28,151,16,2,0.43253802,0.06641552,0.07806452,0E-8,0.000000,0.909725,0.000000,-0.02052825,2026-03-30,2026-08-05,60,628,484,129,0.465116,0.833538,0.905539,1.441793,,,,,,,,GLOBAL_BASELINE_NO_ENTITY_RANKING,,,NOT_APPLICABLE_GLOBAL_BASELINE,HF9g-P5,,,,X 全窗基线 · 不参与实体赏罚,8390014,840,A168_HF9F_20260827_0900,2026-08-27 09:00:00
2026-07-16,121872929,2271,0,10.0000000000,-10.0000000000,-10.0000000000,0E-7,1,1,0.49324550000000000,0.493245500000,-0.9865810262130424,-0.9865810262130424,-0.9865810262130424,0E-17,ELIGIBLE,R03b_20260811_FULL_v1,L1_ELIGIBILITY,v2026-08-11,2026-03-21..2026-08-06,baccarat_bet02_101_all_pairs_incl_sentinel,round_win = game_pnl > 0 (decisive only),COMPATIBILITY_ONLY_NOT_PRODUCTION,7167.0000,6520.0000,476.0000,649,649,-0.06641552,-0.07806452,-0.05753627,-0.06641552,-476.0000,7167.0000,OK,0.0000,14.2800,3.0000,97.0000,AG03-UNRESOLVED,ALL5_LEVELS_bet23_to_bet27,14.2800,14.2800,14.2800,14.2800,14.2800,3.000000,3.000000,3.000000,3.000000,3.000000,97.000000,97.000000,97.000000,97.000000,97.000000,5.0,71.4000,67.2426,404.6000,408.7574,PENDING_AG03,FALSE,NOT_FOR_ENFORCEMENT,461.7200,6324.4000,476.0000,461.7200,14.2800,0.06641552,0.06442305,14.2800,461.7200,0.06442305,14.2800,14.2800,14.2800,14.2800,14.2800,461.7200,0.06442305,71.4000,67.2426,404.6000,408.7574,0.05645319,0.05703326,0.00199247,11.0431,10.0462,0.7334,7.9333,0.7580,119.4500,10.8167,10.0000,11.9971,10.0,10.0,10.0,10.0,10.0,50.0,10.0,0.0,1.0,5.0,1.104314,28,151,16,2,0.43253802,0.06641552,0.07806452,0E-8,0.000000,0.909725,0.000000,-0.02052825,2026-03-30,2026-08-05,60,628,484,129,0.465116,0.833538,0.905539,1.441793,,,,,,,,GLOBAL_BASELINE_NO_ENTITY_RANKING,,,NOT_APPLICABLE_GLOBAL_BASELINE,HF9g-P5,,,,X 全窗基线 · 不参与实体赏罚,8390015,840,A168_HF9F_20260827_0900,2026-08-27 09:00:00
2026-07-16,121872929,529,0,10.0000000000,-10.0000000000,-10.0000000000,0E-7,1,1,0.49324550000000000,0.493245500000,-0.9865810262130424,-0.9865810262130424,-0.9865810262130424,0E-17,ELIGIBLE,R03b_20260811_FULL_v1,L1_ELIGIBILITY,v2026-08-11,2026-03-21..2026-08-06,baccarat_bet02_101_all_pairs_incl_sentinel,round_win = game_pnl > 0 (decisive only),COMPATIBILITY_ONLY_NOT_PRODUCTION,7167.0000,6520.0000,476.0000,649,649,-0.06641552,-0.07806452,-0.05753627,-0.06641552,-476.0000,7167.0000,OK,0.0000,14.2800,3.0000,97.0000,AG03-UNRESOLVED,ALL5_LEVELS_bet23_to_bet27,14.2800,14.2800,14.2800,14.2800,14.2800,3.000000,3.000000,3.000000,3.000000,3.000000,97.000000,97.000000,97.000000,97.000000,97.000000,5.0,71.4000,67.2426,404.6000,408.7574,PENDING_AG03,FALSE,NOT_FOR_ENFORCEMENT,461.7200,6324.4000,476.0000,461.7200,14.2800,0.06641552,0.06442305,14.2800,461.7200,0.06442305,14.2800,14.2800,14.2800,14.2800,14.2800,461.7200,0.06442305,71.4000,67.2426,404.6000,408.7574,0.05645319,0.05703326,0.00199247,11.0431,10.0462,0.7334,7.9333,0.7580,119.4500,10.8167,10.0000,11.9971,10.0,10.0,10.0,10.0,10.0,50.0,10.0,0.0,1.0,5.0,1.104314,28,151,16,2,0.43253802,0.06641552,0.07806452,0E-8,0.000000,0.909725,0.000000,-0.02052825,2026-03-30,2026-08-05,60,628,484,129,0.465116,0.833538,0.905539,1.441793,,,,,,,,GLOBAL_BASELINE_NO_ENTITY_RANKING,,,NOT_APPLICABLE_GLOBAL_BASELINE,HF9g-P5,,,,X 全窗基线 · 不参与实体赏罚,8390016,840,A168_HF9F_20260827_0900,2026-08-27 09:00:00
2026-07-16,121872929,752,0,10.0000000000,10.0000000000,10.0000000000,1.0000000,1,1,0.49324550000000000,0.493245500000,1.01360149184955,1.01360149184955,1.01360149184955,0E-17,ELIGIBLE,R03b_20260811_FULL_v1,L1_ELIGIBILITY,v2026-08-11,2026-03-21..2026-08-06,baccarat_bet02_101_all_pairs_incl_sentinel,round_win = game_pnl > 0 (decisive only),COMPATIBILITY_ONLY_NOT_PRODUCTION,7167.0000,6520.0000,476.0000,649,649,-0.06641552,-0.07806452,-0.05753627,-0.06641552,-476.0000,7167.0000,OK,0.0000,14.2800,3.0000,97.0000,AG03-UNRESOLVED,ALL5_LEVELS_bet23_to_bet27,14.2800,14.2800,14.2800,14.2800,14.2800,3.000000,3.000000,3.000000,3.000000,3.000000,97.000000,97.000000,97.000000,97.000000,97.000000,5.0,71.4000,67.2426,404.6000,408.7574,PENDING_AG03,FALSE,NOT_FOR_ENFORCEMENT,461.7200,6324.4000,476.0000,461.7200,14.2800,0.06641552,0.06442305,14.2800,461.7200,0.06442305,14.2800,14.2800,14.2800,14.2800,14.2800,461.7200,0.06442305,71.4000,67.2426,404.6000,408.7574,0.05645319,0.05703326,0.00199247,11.0431,10.0462,0.7334,7.9333,0.7580,119.4500,10.8167,10.0000,11.9971,10.0,10.0,10.0,10.0,10.0,50.0,10.0,0.0,1.0,5.0,1.104314,28,151,16,2,0.43253802,0.06641552,0.07806452,0E-8,0.000000,0.909725,0.000000,-0.02052825,2026-03-30,2026-08-05,60,628,484,129,0.465116,0.833538,0.905539,1.441793,,,,,,,,GLOBAL_BASELINE_NO_ENTITY_RANKING,,,NOT_APPLICABLE_GLOBAL_BASELINE,HF9g-P5,,,,X 全窗基线 · 不参与实体赏罚,8390017,840,A168_HF9F_20260827_0900,2026-08-27 09:00:00
2026-07-17,121872929,-1,1,40.0000000000,0E-10,0E-10,0.5000000,4,4,0.49994810000000000,0.499948100000,0.00020760000111838688,0.00020760000111838688,0.00020760000111838688,0E-17,SENTINEL_DEALER,R03b_20260811_FULL_v1,L1_ELIGIBILITY,v2026-08-11,2026-03-21..2026-08-06,baccarat_bet02_101_all_pairs_incl_sentinel,round_win = game_pnl > 0 (decisive only),COMPATIBILITY_ONLY_NOT_PRODUCTION,7167.0000,6520.0000,476.0000,649,649,-0.06641552,-0.07806452,-0.05753627,-0.06641552,-476.0000,7167.0000,OK,0.0000,14.2800,3.0000,97.0000,AG03-UNRESOLVED,ALL5_LEVELS_bet23_to_bet27,14.2800,14.2800,14.2800,14.2800,14.2800,3.000000,3.000000,3.000000,3.000000,3.000000,97.000000,97.000000,97.000000,97.000000,97.000000,5.0,71.4000,67.2426,404.6000,408.7574,PENDING_AG03,FALSE,NOT_FOR_ENFORCEMENT,461.7200,6324.4000,476.0000,461.7200,14.2800,0.06641552,0.06442305,14.2800,461.7200,0.06442305,14.2800,14.2800,14.2800,14.2800,14.2800,461.7200,0.06442305,71.4000,67.2426,404.6000,408.7574,0.05645319,0.05703326,0.00199247,11.0431,10.0462,0.7334,7.9333,0.7580,119.4500,10.8167,10.0000,11.9971,10.0,10.0,10.0,10.0,10.0,50.0,10.0,0.0,1.0,5.0,1.104314,28,151,16,2,0.43253802,0.06641552,0.07806452,0E-8,0.000000,0.909725,0.000000,-0.02052825,2026-03-30,2026-08-05,60,628,484,129,0.465116,0.833538,0.905539,1.441793,,,,,,,,GLOBAL_BASELINE_NO_ENTITY_RANKING,,,NOT_APPLICABLE_GLOBAL_BASELINE,HF9g-P5,,,,X 全窗基线 · 不参与实体赏罚,8390018,840,A168_HF9F_20260827_0900,2026-08-27 09:00:00
2026-07-17,121872929,1205,0,10.0000000000,-10.0000000000,-10.0000000000,0E-7,1,1,0.50665070000000000,0.506650700000,-1.013391052207602,-1.013391052207602,-1.013391052207602,0E-17,ELIGIBLE,R03b_20260811_FULL_v1,L1_ELIGIBILITY,v2026-08-11,2026-03-21..2026-08-06,baccarat_bet02_101_all_pairs_incl_sentinel,round_win = game_pnl > 0 (decisive only),COMPATIBILITY_ONLY_NOT_PRODUCTION,7167.0000,6520.0000,476.0000,649,649,-0.06641552,-0.07806452,-0.05753627,-0.06641552,-476.0000,7167.0000,OK,0.0000,14.2800,3.0000,97.0000,AG03-UNRESOLVED,ALL5_LEVELS_bet23_to_bet27,14.2800,14.2800,14.2800,14.2800,14.2800,3.000000,3.000000,3.000000,3.000000,3.000000,97.000000,97.000000,97.000000,97.000000,97.000000,5.0,71.4000,67.2426,404.6000,408.7574,PENDING_AG03,FALSE,NOT_FOR_ENFORCEMENT,461.7200,6324.4000,476.0000,461.7200,14.2800,0.06641552,0.06442305,14.2800,461.7200,0.06442305,14.2800,14.2800,14.2800,14.2800,14.2800,461.7200,0.06442305,71.4000,67.2426,404.6000,408.7574,0.05645319,0.05703326,0.00199247,11.0431,10.0462,0.7334,7.9333,0.7580,119.4500,10.8167,10.0000,11.9971,10.0,10.0,10.0,10.0,10.0,50.0,10.0,0.0,1.0,5.0,1.104314,28,151,16,2,0.43253802,0.06641552,0.07806452,0E-8,0.000000,0.909725,0.000000,-0.02052825,2026-03-30,2026-08-05,60,628,484,129,0.465116,0.833538,0.905539,1.441793,,,,,,,,GLOBAL_BASELINE_NO_ENTITY_RANKING,,,NOT_APPLICABLE_GLOBAL_BASELINE,HF9g-P5,,,,X 全窗基线 · 不参与实体赏罚,8390019,840,A168_HF9F_20260827_0900,2026-08-27 09:00:00
2026-07-17,121872929,1307,0,10.0000000000,10.0000000000,10.0000000000,1.0000000,1,1,0.49324550000000000,0.493245500000,1.01360149184955,1.01360149184955,1.01360149184955,0E-17,ELIGIBLE,R03b_20260811_FULL_v1,L1_ELIGIBILITY,v2026-08-11,2026-03-21..2026-08-06,baccarat_bet02_101_all_pairs_incl_sentinel,round_win = game_pnl > 0 (decisive only),COMPATIBILITY_ONLY_NOT_PRODUCTION,7167.0000,6520.0000,476.0000,649,649,-0.06641552,-0.07806452,-0.05753627,-0.06641552,-476.0000,7167.0000,OK,0.0000,14.2800,3.0000,97.0000,AG03-UNRESOLVED,ALL5_LEVELS_bet23_to_bet27,14.2800,14.2800,14.2800,14.2800,14.2800,3.000000,3.000000,3.000000,3.000000,3.000000,97.000000,97.000000,97.000000,97.000000,97.000000,5.0,71.4000,67.2426,404.6000,408.7574,PENDING_AG03,FALSE,NOT_FOR_ENFORCEMENT,461.7200,6324.4000,476.0000,461.7200,14.2800,0.06641552,0.06442305,14.2800,461.7200,0.06442305,14.2800,14.2800,14.2800,14.2800,14.2800,461.7200,0.06442305,71.4000,67.2426,404.6000,408.7574,0.05645319,0.05703326,0.00199247,11.0431,10.0462,0.7334,7.9333,0.7580,119.4500,10.8167,10.0000,11.9971,10.0,10.0,10.0,10.0,10.0,50.0,10.0,0.0,1.0,5.0,1.104314,28,151,16,2,0.43253802,0.06641552,0.07806452,0E-8,0.000000,0.909725,0.000000,-0.02052825,2026-03-30,2026-08-05,60,628,484,129,0.465116,0.833538,0.905539,1.441793,,,,,,,,GLOBAL_BASELINE_NO_ENTITY_RANKING,,,NOT_APPLICABLE_GLOBAL_BASELINE,HF9g-P5,,,,X 全窗基线 · 不参与实体赏罚,8390020,840,A168_HF9F_20260827_0900,2026-08-27 09:00:00
2026-07-17,121872929,1318,0,10.0000000000,-10.0000000000,-10.0000000000,0E-7,1,1,0.50665070000000000,0.506650700000,-1.013391052207602,-1.013391052207602,-1.013391052207602,0E-17,ELIGIBLE,R03b_20260811_FULL_v1,L1_ELIGIBILITY,v2026-08-11,2026-03-21..2026-08-06,baccarat_bet02_101_all_pairs_incl_sentinel,round_win = game_pnl > 0 (decisive only),COMPATIBILITY_ONLY_NOT_PRODUCTION,7167.0000,6520.0000,476.0000,649,649,-0.06641552,-0.07806452,-0.05753627,-0.06641552,-476.0000,7167.0000,OK,0.0000,14.2800,3.0000,97.0000,AG03-UNRESOLVED,ALL5_LEVELS_bet23_to_bet27,14.2800,14.2800,14.2800,14.2800,14.2800,3.000000,3.000000,3.000000,3.000000,3.000000,97.000000,97.000000,97.000000,97.000000,97.000000,5.0,71.4000,67.2426,404.6000,408.7574,PENDING_AG03,FALSE,NOT_FOR_ENFORCEMENT,461.7200,6324.4000,476.0000,461.7200,14.2800,0.06641552,0.06442305,14.2800,461.7200,0.06442305,14.2800,14.2800,14.2800,14.2800,14.2800,461.7200,0.06442305,71.4000,67.2426,404.6000,408.7574,0.05645319,0.05703326,0.00199247,11.0431,10.0462,0.7334,7.9333,0.7580,119.4500,10.8167,10.0000,11.9971,10.0,10.0,10.0,10.0,10.0,50.0,10.0,0.0,1.0,5.0,1.104314,28,151,16,2,0.43253802,0.06641552,0.07806452,0E-8,0.000000,0.909725,0.000000,-0.02052825,2026-03-30,2026-08-05,60,628,484,129,0.465116,0.833538,0.905539,1.441793,,,,,,,,GLOBAL_BASELINE_NO_ENTITY_RANKING,,,NOT_APPLICABLE_GLOBAL_BASELINE,HF9g-P5,,,,X 全窗基线 · 不参与实体赏罚,8390021,840,A168_HF9F_20260827_0900,2026-08-27 09:00:00
2026-07-17,121872929,1323,0,10.0000000000,-10.0000000000,-10.0000000000,0E-7,1,1,0.49324550000000000,0.493245500000,-0.9865810262130424,-0.9865810262130424,-0.9865810262130424,0E-17,ELIGIBLE,R03b_20260811_FULL_v1,L1_ELIGIBILITY,v2026-08-11,2026-03-21..2026-08-06,baccarat_bet02_101_all_pairs_incl_sentinel,round_win = game_pnl > 0 (decisive only),COMPATIBILITY_ONLY_NOT_PRODUCTION,7167.0000,6520.0000,476.0000,649,649,-0.06641552,-0.07806452,-0.05753627,-0.06641552,-476.0000,7167.0000,OK,0.0000,14.2800,3.0000,97.0000,AG03-UNRESOLVED,ALL5_LEVELS_bet23_to_bet27,14.2800,14.2800,14.2800,14.2800,14.2800,3.000000,3.000000,3.000000,3.000000,3.000000,97.000000,97.000000,97.000000,97.000000,97.000000,5.0,71.4000,67.2426,404.6000,408.7574,PENDING_AG03,FALSE,NOT_FOR_ENFORCEMENT,461.7200,6324.4000,476.0000,461.7200,14.2800,0.06641552,0.06442305,14.2800,461.7200,0.06442305,14.2800,14.2800,14.2800,14.2800,14.2800,461.7200,0.06442305,71.4000,67.2426,404.6000,408.7574,0.05645319,0.05703326,0.00199247,11.0431,10.0462,0.7334,7.9333,0.7580,119.4500,10.8167,10.0000,11.9971,10.0,10.0,10.0,10.0,10.0,50.0,10.0,0.0,1.0,5.0,1.104314,28,151,16,2,0.43253802,0.06641552,0.07806452,0E-8,0.000000,0.909725,0.000000,-0.02052825,2026-03-30,2026-08-05,60,628,484,129,0.465116,0.833538,0.905539,1.441793,,,,,,,,GLOBAL_BASELINE_NO_ENTITY_RANKING,,,NOT_APPLICABLE_GLOBAL_BASELINE,HF9g-P5,,,,X 全窗基线 · 不参与实体赏罚,8390022,840,A168_HF9F_20260827_0900,2026-08-27 09:00:00
2026-07-17,121872929,1505,0,20.0000000000,-20.0000000000,-20.0000000000,0E-7,2,2,0.49994810000000000,0.499948100000,-1.4140667746232096,-1.4140667746232096,-1.4140667746232096,0E-17,ELIGIBLE,R03b_20260811_FULL_v1,L1_ELIGIBILITY,v2026-08-11,2026-03-21..2026-08-06,baccarat_bet02_101_all_pairs_incl_sentinel,round_win = game_pnl > 0 (decisive only),COMPATIBILITY_ONLY_NOT_PRODUCTION,7167.0000,6520.0000,476.0000,649,649,-0.06641552,-0.07806452,-0.05753627,-0.06641552,-476.0000,7167.0000,OK,0.0000,14.2800,3.0000,97.0000,AG03-UNRESOLVED,ALL5_LEVELS_bet23_to_bet27,14.2800,14.2800,14.2800,14.2800,14.2800,3.000000,3.000000,3.000000,3.000000,3.000000,97.000000,97.000000,97.000000,97.000000,97.000000,5.0,71.4000,67.2426,404.6000,408.7574,PENDING_AG03,FALSE,NOT_FOR_ENFORCEMENT,461.7200,6324.4000,476.0000,461.7200,14.2800,0.06641552,0.06442305,14.2800,461.7200,0.06442305,14.2800,14.2800,14.2800,14.2800,14.2800,461.7200,0.06442305,71.4000,67.2426,404.6000,408.7574,0.05645319,0.05703326,0.00199247,11.0431,10.0462,0.7334,7.9333,0.7580,119.4500,10.8167,10.0000,11.9971,10.0,10.0,10.0,10.0,10.0,50.0,10.0,0.0,1.0,5.0,1.104314,28,151,16,2,0.43253802,0.06641552,0.07806452,0E-8,0.000000,0.909725,0.000000,-0.02052825,2026-03-30,2026-08-05,60,628,484,129,0.465116,0.833538,0.905539,1.441793,,,,,,,,GLOBAL_BASELINE_NO_ENTITY_RANKING,,,NOT_APPLICABLE_GLOBAL_BASELINE,HF9g-P5,,,,X 全窗基线 · 不参与实体赏罚,8390023,840,A168_HF9F_20260827_0900,2026-08-27 09:00:00
2026-07-17,121872929,1646,0,10.0000000000,-10.0000000000,-10.0000000000,0E-7,1,1,0.49324550000000000,0.493245500000,-0.9865810262130424,-0.9865810262130424,-0.9865810262130424,0E-17,ELIGIBLE,R03b_20260811_FULL_v1,L1_ELIGIBILITY,v2026-08-11,2026-03-21..2026-08-06,baccarat_bet02_101_all_pairs_incl_sentinel,round_win = game_pnl > 0 (decisive only),COMPATIBILITY_ONLY_NOT_PRODUCTION,7167.0000,6520.0000,476.0000,649,649,-0.06641552,-0.07806452,-0.05753627,-0.06641552,-476.0000,7167.0000,OK,0.0000,14.2800,3.0000,97.0000,AG03-UNRESOLVED,ALL5_LEVELS_bet23_to_bet27,14.2800,14.2800,14.2800,14.2800,14.2800,3.000000,3.000000,3.000000,3.000000,3.000000,97.000000,97.000000,97.000000,97.000000,97.000000,5.0,71.4000,67.2426,404.6000,408.7574,PENDING_AG03,FALSE,NOT_FOR_ENFORCEMENT,461.7200,6324.4000,476.0000,461.7200,14.2800,0.06641552,0.06442305,14.2800,461.7200,0.06442305,14.2800,14.2800,14.2800,14.2800,14.2800,461.7200,0.06442305,71.4000,67.2426,404.6000,408.7574,0.05645319,0.05703326,0.00199247,11.0431,10.0462,0.7334,7.9333,0.7580,119.4500,10.8167,10.0000,11.9971,10.0,10.0,10.0,10.0,10.0,50.0,10.0,0.0,1.0,5.0,1.104314,28,151,16,2,0.43253802,0.06641552,0.07806452,0E-8,0.000000,0.909725,0.000000,-0.02052825,2026-03-30,2026-08-05,60,628,484,129,0.465116,0.833538,0.905539,1.441793,,,,,,,,GLOBAL_BASELINE_NO_ENTITY_RANKING,,,NOT_APPLICABLE_GLOBAL_BASELINE,HF9g-P5,,,,X 全窗基线 · 不参与实体赏罚,8390024,840,A168_HF9F_20260827_0900,2026-08-27 09:00:00
2026-07-17,121872929,1966,0,10.0000000000,-10.0000000000,-10.0000000000,0E-7,1,1,0.49324550000000000,0.493245500000,-0.9865810262130424,-0.9865810262130424,-0.9865810262130424,0E-17,ELIGIBLE,R03b_20260811_FULL_v1,L1_ELIGIBILITY,v2026-08-11,2026-03-21..2026-08-06,baccarat_bet02_101_all_pairs_incl_sentinel,round_win = game_pnl > 0 (decisive only),COMPATIBILITY_ONLY_NOT_PRODUCTION,7167.0000,6520.0000,476.0000,649,649,-0.06641552,-0.07806452,-0.05753627,-0.06641552,-476.0000,7167.0000,OK,0.0000,14.2800,3.0000,97.0000,AG03-UNRESOLVED,ALL5_LEVELS_bet23_to_bet27,14.2800,14.2800,14.2800,14.2800,14.2800,3.000000,3.000000,3.000000,3.000000,3.000000,97.000000,97.000000,97.000000,97.000000,97.000000,5.0,71.4000,67.2426,404.6000,408.7574,PENDING_AG03,FALSE,NOT_FOR_ENFORCEMENT,461.7200,6324.4000,476.0000,461.7200,14.2800,0.06641552,0.06442305,14.2800,461.7200,0.06442305,14.2800,14.2800,14.2800,14.2800,14.2800,461.7200,0.06442305,71.4000,67.2426,404.6000,408.7574,0.05645319,0.05703326,0.00199247,11.0431,10.0462,0.7334,7.9333,0.7580,119.4500,10.8167,10.0000,11.9971,10.0,10.0,10.0,10.0,10.0,50.0,10.0,0.0,1.0,5.0,1.104314,28,151,16,2,0.43253802,0.06641552,0.07806452,0E-8,0.000000,0.909725,0.000000,-0.02052825,2026-03-30,2026-08-05,60,628,484,129,0.465116,0.833538,0.905539,1.441793,,,,,,,,GLOBAL_BASELINE_NO_ENTITY_RANKING,,,NOT_APPLICABLE_GLOBAL_BASELINE,HF9g-P5,,,,X 全窗基线 · 不参与实体赏罚,8390025,840,A168_HF9F_20260827_0900,2026-08-27 09:00:00
2026-07-17,121872929,2167,0,10.0000000000,9.5000000000,9.5000000000,1.0000000,1,1,0.50665070000000000,0.506650700000,0.9867858985152569,0.9867858985152569,0.9867858985152569,0E-17,ELIGIBLE,R03b_20260811_FULL_v1,L1_ELIGIBILITY,v2026-08-11,2026-03-21..2026-08-06,baccarat_bet02_101_all_pairs_incl_sentinel,round_win = game_pnl > 0 (decisive only),COMPATIBILITY_ONLY_NOT_PRODUCTION,7167.0000,6520.0000,476.0000,649,649,-0.06641552,-0.07806452,-0.05753627,-0.06641552,-476.0000,7167.0000,OK,0.0000,14.2800,3.0000,97.0000,AG03-UNRESOLVED,ALL5_LEVELS_bet23_to_bet27,14.2800,14.2800,14.2800,14.2800,14.2800,3.000000,3.000000,3.000000,3.000000,3.000000,97.000000,97.000000,97.000000,97.000000,97.000000,5.0,71.4000,67.2426,404.6000,408.7574,PENDING_AG03,FALSE,NOT_FOR_ENFORCEMENT,461.7200,6324.4000,476.0000,461.7200,14.2800,0.06641552,0.06442305,14.2800,461.7200,0.06442305,14.2800,14.2800,14.2800,14.2800,14.2800,461.7200,0.06442305,71.4000,67.2426,404.6000,408.7574,0.05645319,0.05703326,0.00199247,11.0431,10.0462,0.7334,7.9333,0.7580,119.4500,10.8167,10.0000,11.9971,10.0,10.0,10.0,10.0,10.0,50.0,10.0,0.0,1.0,5.0,1.104314,28,151,16,2,0.43253802,0.06641552,0.07806452,0E-8,0.000000,0.909725,0.000000,-0.02052825,2026-03-30,2026-08-05,60,628,484,129,0.465116,0.833538,0.905539,1.441793,,,,,,,,GLOBAL_BASELINE_NO_ENTITY_RANKING,,,NOT_APPLICABLE_GLOBAL_BASELINE,HF9g-P5,,,,X 全窗基线 · 不参与实体赏罚,8390026,840,A168_HF9F_20260827_0900,2026-08-27 09:00:00
2026-07-17,121872929,2233,0,10.0000000000,0E-10,0E-10,,1,1,0.49324550000000000,0.493245500000,,,,0E-17,NO_DECISIVE_ROUND,R03b_20260811_FULL_v1,L1_ELIGIBILITY,v2026-08-11,2026-03-21..2026-08-06,baccarat_bet02_101_all_pairs_incl_sentinel,round_win = game_pnl > 0 (decisive only),COMPATIBILITY_ONLY_NOT_PRODUCTION,7167.0000,6520.0000,476.0000,649,649,-0.06641552,-0.07806452,-0.05753627,-0.06641552,-476.0000,7167.0000,OK,0.0000,14.2800,3.0000,97.0000,AG03-UNRESOLVED,ALL5_LEVELS_bet23_to_bet27,14.2800,14.2800,14.2800,14.2800,14.2800,3.000000,3.000000,3.000000,3.000000,3.000000,97.000000,97.000000,97.000000,97.000000,97.000000,5.0,71.4000,67.2426,404.6000,408.7574,PENDING_AG03,FALSE,NOT_FOR_ENFORCEMENT,461.7200,6324.4000,476.0000,461.7200,14.2800,0.06641552,0.06442305,14.2800,461.7200,0.06442305,14.2800,14.2800,14.2800,14.2800,14.2800,461.7200,0.06442305,71.4000,67.2426,404.6000,408.7574,0.05645319,0.05703326,0.00199247,11.0431,10.0462,0.7334,7.9333,0.7580,119.4500,10.8167,10.0000,11.9971,10.0,10.0,10.0,10.0,10.0,50.0,10.0,0.0,1.0,5.0,1.104314,28,151,16,2,0.43253802,0.06641552,0.07806452,0E-8,0.000000,0.909725,0.000000,-0.02052825,2026-03-30,2026-08-05,60,628,484,129,0.465116,0.833538,0.905539,1.441793,,,,,,,,GLOBAL_BASELINE_NO_ENTITY_RANKING,,,NOT_APPLICABLE_GLOBAL_BASELINE,HF9g-P5,,,,X 全窗基线 · 不参与实体赏罚,8390027,840,A168_HF9F_20260827_0900,2026-08-27 09:00:00
2026-07-17,121872929,2266,0,10.0000000000,10.0000000000,10.0000000000,1.0000000,1,1,0.49324550000000000,0.493245500000,1.01360149184955,1.01360149184955,1.01360149184955,0E-17,ELIGIBLE,R03b_20260811_FULL_v1,L1_ELIGIBILITY,v2026-08-11,2026-03-21..2026-08-06,baccarat_bet02_101_all_pairs_incl_sentinel,round_win = game_pnl > 0 (decisive only),COMPATIBILITY_ONLY_NOT_PRODUCTION,7167.0000,6520.0000,476.0000,649,649,-0.06641552,-0.07806452,-0.05753627,-0.06641552,-476.0000,7167.0000,OK,0.0000,14.2800,3.0000,97.0000,AG03-UNRESOLVED,ALL5_LEVELS_bet23_to_bet27,14.2800,14.2800,14.2800,14.2800,14.2800,3.000000,3.000000,3.000000,3.000000,3.000000,97.000000,97.000000,97.000000,97.000000,97.000000,5.0,71.4000,67.2426,404.6000,408.7574,PENDING_AG03,FALSE,NOT_FOR_ENFORCEMENT,461.7200,6324.4000,476.0000,461.7200,14.2800,0.06641552,0.06442305,14.2800,461.7200,0.06442305,14.2800,14.2800,14.2800,14.2800,14.2800,461.7200,0.06442305,71.4000,67.2426,404.6000,408.7574,0.05645319,0.05703326,0.00199247,11.0431,10.0462,0.7334,7.9333,0.7580,119.4500,10.8167,10.0000,11.9971,10.0,10.0,10.0,10.0,10.0,50.0,10.0,0.0,1.0,5.0,1.104314,28,151,16,2,0.43253802,0.06641552,0.07806452,0E-8,0.000000,0.909725,0.000000,-0.02052825,2026-03-30,2026-08-05,60,628,484,129,0.465116,0.833538,0.905539,1.441793,,,,,,,,GLOBAL_BASELINE_NO_ENTITY_RANKING,,,NOT_APPLICABLE_GLOBAL_BASELINE,HF9g-P5,,,,X 全窗基线 · 不参与实体赏罚,8390028,840,A168_HF9F_20260827_0900,2026-08-27 09:00:00
2026-07-17,121872929,2281,0,10.0000000000,9.5000000000,9.5000000000,1.0000000,1,1,0.50665070000000000,0.506650700000,0.9867858985152569,0.9867858985152569,0.9867858985152569,0E-17,ELIGIBLE,R03b_20260811_FULL_v1,L1_ELIGIBILITY,v2026-08-11,2026-03-21..2026-08-06,baccarat_bet02_101_all_pairs_incl_sentinel,round_win = game_pnl > 0 (decisive only),COMPATIBILITY_ONLY_NOT_PRODUCTION,7167.0000,6520.0000,476.0000,649,649,-0.06641552,-0.07806452,-0.05753627,-0.06641552,-476.0000,7167.0000,OK,0.0000,14.2800,3.0000,97.0000,AG03-UNRESOLVED,ALL5_LEVELS_bet23_to_bet27,14.2800,14.2800,14.2800,14.2800,14.2800,3.000000,3.000000,3.000000,3.000000,3.000000,97.000000,97.000000,97.000000,97.000000,97.000000,5.0,71.4000,67.2426,404.6000,408.7574,PENDING_AG03,FALSE,NOT_FOR_ENFORCEMENT,461.7200,6324.4000,476.0000,461.7200,14.2800,0.06641552,0.06442305,14.2800,461.7200,0.06442305,14.2800,14.2800,14.2800,14.2800,14.2800,461.7200,0.06442305,71.4000,67.2426,404.6000,408.7574,0.05645319,0.05703326,0.00199247,11.0431,10.0462,0.7334,7.9333,0.7580,119.4500,10.8167,10.0000,11.9971,10.0,10.0,10.0,10.0,10.0,50.0,10.0,0.0,1.0,5.0,1.104314,28,151,16,2,0.43253802,0.06641552,0.07806452,0E-8,0.000000,0.909725,0.000000,-0.02052825,2026-03-30,2026-08-05,60,628,484,129,0.465116,0.833538,0.905539,1.441793,,,,,,,,GLOBAL_BASELINE_NO_ENTITY_RANKING,,,NOT_APPLICABLE_GLOBAL_BASELINE,HF9g-P5,,,,X 全窗基线 · 不参与实体赏罚,8390029,840,A168_HF9F_20260827_0900,2026-08-27 09:00:00
2026-07-17,121872929,801,0,10.0000000000,9.5000000000,9.5000000000,1.0000000,1,1,0.50665070000000000,0.506650700000,0.9867858985152569,0.9867858985152569,0.9867858985152569,0E-17,ELIGIBLE,R03b_20260811_FULL_v1,L1_ELIGIBILITY,v2026-08-11,2026-03-21..2026-08-06,baccarat_bet02_101_all_pairs_incl_sentinel,round_win = game_pnl > 0 (decisive only),COMPATIBILITY_ONLY_NOT_PRODUCTION,7167.0000,6520.0000,476.0000,649,649,-0.06641552,-0.07806452,-0.05753627,-0.06641552,-476.0000,7167.0000,OK,0.0000,14.2800,3.0000,97.0000,AG03-UNRESOLVED,ALL5_LEVELS_bet23_to_bet27,14.2800,14.2800,14.2800,14.2800,14.2800,3.000000,3.000000,3.000000,3.000000,3.000000,97.000000,97.000000,97.000000,97.000000,97.000000,5.0,71.4000,67.2426,404.6000,408.7574,PENDING_AG03,FALSE,NOT_FOR_ENFORCEMENT,461.7200,6324.4000,476.0000,461.7200,14.2800,0.06641552,0.06442305,14.2800,461.7200,0.06442305,14.2800,14.2800,14.2800,14.2800,14.2800,461.7200,0.06442305,71.4000,67.2426,404.6000,408.7574,0.05645319,0.05703326,0.00199247,11.0431,10.0462,0.7334,7.9333,0.7580,119.4500,10.8167,10.0000,11.9971,10.0,10.0,10.0,10.0,10.0,50.0,10.0,0.0,1.0,5.0,1.104314,28,151,16,2,0.43253802,0.06641552,0.07806452,0E-8,0.000000,0.909725,0.000000,-0.02052825,2026-03-30,2026-08-05,60,628,484,129,0.465116,0.833538,0.905539,1.441793,,,,,,,,GLOBAL_BASELINE_NO_ENTITY_RANKING,,,NOT_APPLICABLE_GLOBAL_BASELINE,HF9g-P5,,,,X 全窗基线 · 不参与实体赏罚,8390030,840,A168_HF9F_20260827_0900,2026-08-27 09:00:00
2026-07-17,121872929,994,0,20.0000000000,9.5000000000,9.5000000000,1.0000000,2,2,0.49994810000000000,0.499948100000,1.0001038053877793,1.0001038053877793,1.0001038053877793,0E-17,ELIGIBLE,R03b_20260811_FULL_v1,L1_ELIGIBILITY,v2026-08-11,2026-03-21..2026-08-06,baccarat_bet02_101_all_pairs_incl_sentinel,round_win = game_pnl > 0 (decisive only),COMPATIBILITY_ONLY_NOT_PRODUCTION,7167.0000,6520.0000,476.0000,649,649,-0.06641552,-0.07806452,-0.05753627,-0.06641552,-476.0000,7167.0000,OK,0.0000,14.2800,3.0000,97.0000,AG03-UNRESOLVED,ALL5_LEVELS_bet23_to_bet27,14.2800,14.2800,14.2800,14.2800,14.2800,3.000000,3.000000,3.000000,3.000000,3.000000,97.000000,97.000000,97.000000,97.000000,97.000000,5.0,71.4000,67.2426,404.6000,408.7574,PENDING_AG03,FALSE,NOT_FOR_ENFORCEMENT,461.7200,6324.4000,476.0000,461.7200,14.2800,0.06641552,0.06442305,14.2800,461.7200,0.06442305,14.2800,14.2800,14.2800,14.2800,14.2800,461.7200,0.06442305,71.4000,67.2426,404.6000,408.7574,0.05645319,0.05703326,0.00199247,11.0431,10.0462,0.7334,7.9333,0.7580,119.4500,10.8167,10.0000,11.9971,10.0,10.0,10.0,10.0,10.0,50.0,10.0,0.0,1.0,5.0,1.104314,28,151,16,2,0.43253802,0.06641552,0.07806452,0E-8,0.000000,0.909725,0.000000,-0.02052825,2026-03-30,2026-08-05,60,628,484,129,0.465116,0.833538,0.905539,1.441793,,,,,,,,GLOBAL_BASELINE_NO_ENTITY_RANKING,,,NOT_APPLICABLE_GLOBAL_BASELINE,HF9g-P5,,,,X 全窗基线 · 不参与实体赏罚,8390031,840,A168_HF9F_20260827_0900,2026-08-27 09:00:00
2026-07-18,121872929,-1,1,40.0000000000,-20.5000000000,-20.5000000000,0.2500000,4,4,0.49994810000000000,0.499948100000,-0.9997924053861017,-0.9997924053861017,-0.9997924053861017,0E-17,SENTINEL_DEALER,R03b_20260811_FULL_v1,L1_ELIGIBILITY,v2026-08-11,2026-03-21..2026-08-06,baccarat_bet02_101_all_pairs_incl_sentinel,round_win = game_pnl > 0 (decisive only),COMPATIBILITY_ONLY_NOT_PRODUCTION,7167.0000,6520.0000,476.0000,649,649,-0.06641552,-0.07806452,-0.05753627,-0.06641552,-476.0000,7167.0000,OK,0.0000,14.2800,3.0000,97.0000,AG03-UNRESOLVED,ALL5_LEVELS_bet23_to_bet27,14.2800,14.2800,14.2800,14.2800,14.2800,3.000000,3.000000,3.000000,3.000000,3.000000,97.000000,97.000000,97.000000,97.000000,97.000000,5.0,71.4000,67.2426,404.6000,408.7574,PENDING_AG03,FALSE,NOT_FOR_ENFORCEMENT,461.7200,6324.4000,476.0000,461.7200,14.2800,0.06641552,0.06442305,14.2800,461.7200,0.06442305,14.2800,14.2800,14.2800,14.2800,14.2800,461.7200,0.06442305,71.4000,67.2426,404.6000,408.7574,0.05645319,0.05703326,0.00199247,11.0431,10.0462,0.7334,7.9333,0.7580,119.4500,10.8167,10.0000,11.9971,10.0,10.0,10.0,10.0,10.0,50.0,10.0,0.0,1.0,5.0,1.104314,28,151,16,2,0.43253802,0.06641552,0.07806452,0E-8,0.000000,0.909725,0.000000,-0.02052825,2026-03-30,2026-08-05,60,628,484,129,0.465116,0.833538,0.905539,1.441793,,,,,,,,GLOBAL_BASELINE_NO_ENTITY_RANKING,,,NOT_APPLICABLE_GLOBAL_BASELINE,HF9g-P5,,,,X 全窗基线 · 不参与实体赏罚,8390032,840,A168_HF9F_20260827_0900,2026-08-27 09:00:00
2026-07-18,121872929,1331,0,10.0000000000,-10.0000000000,-10.0000000000,0E-7,1,1,0.49324550000000000,0.493245500000,-0.9865810262130424,-0.9865810262130424,-0.9865810262130424,0E-17,ELIGIBLE,R03b_20260811_FULL_v1,L1_ELIGIBILITY,v2026-08-11,2026-03-21..2026-08-06,baccarat_bet02_101_all_pairs_incl_sentinel,round_win = game_pnl > 0 (decisive only),COMPATIBILITY_ONLY_NOT_PRODUCTION,7167.0000,6520.0000,476.0000,649,649,-0.06641552,-0.07806452,-0.05753627,-0.06641552,-476.0000,7167.0000,OK,0.0000,14.2800,3.0000,97.0000,AG03-UNRESOLVED,ALL5_LEVELS_bet23_to_bet27,14.2800,14.2800,14.2800,14.2800,14.2800,3.000000,3.000000,3.000000,3.000000,3.000000,97.000000,97.000000,97.000000,97.000000,97.000000,5.0,71.4000,67.2426,404.6000,408.7574,PENDING_AG03,FALSE,NOT_FOR_ENFORCEMENT,461.7200,6324.4000,476.0000,461.7200,14.2800,0.06641552,0.06442305,14.2800,461.7200,0.06442305,14.2800,14.2800,14.2800,14.2800,14.2800,461.7200,0.06442305,71.4000,67.2426,404.6000,408.7574,0.05645319,0.05703326,0.00199247,11.0431,10.0462,0.7334,7.9333,0.7580,119.4500,10.8167,10.0000,11.9971,10.0,10.0,10.0,10.0,10.0,50.0,10.0,0.0,1.0,5.0,1.104314,28,151,16,2,0.43253802,0.06641552,0.07806452,0E-8,0.000000,0.909725,0.000000,-0.02052825,2026-03-30,2026-08-05,60,628,484,129,0.465116,0.833538,0.905539,1.441793,,,,,,,,GLOBAL_BASELINE_NO_ENTITY_RANKING,,,NOT_APPLICABLE_GLOBAL_BASELINE,HF9g-P5,,,,X 全窗基线 · 不参与实体赏罚,8390033,840,A168_HF9F_20260827_0900,2026-08-27 09:00:00
2026-07-18,121872929,1374,0,20.0000000000,-0.5000000000,-0.5000000000,0.5000000,2,2,0.49994810000000000,0.499948100000,0.00014679536856514622,0.00014679536856514622,0.00014679536856514622,0E-17,ELIGIBLE,R03b_20260811_FULL_v1,L1_ELIGIBILITY,v2026-08-11,2026-03-21..2026-08-06,baccarat_bet02_101_all_pairs_incl_sentinel,round_win = game_pnl > 0 (decisive only),COMPATIBILITY_ONLY_NOT_PRODUCTION,7167.0000,6520.0000,476.0000,649,649,-0.06641552,-0.07806452,-0.05753627,-0.06641552,-476.0000,7167.0000,OK,0.0000,14.2800,3.0000,97.0000,AG03-UNRESOLVED,ALL5_LEVELS_bet23_to_bet27,14.2800,14.2800,14.2800,14.2800,14.2800,3.000000,3.000000,3.000000,3.000000,3.000000,97.000000,97.000000,97.000000,97.000000,97.000000,5.0,71.4000,67.2426,404.6000,408.7574,PENDING_AG03,FALSE,NOT_FOR_ENFORCEMENT,461.7200,6324.4000,476.0000,461.7200,14.2800,0.06641552,0.06442305,14.2800,461.7200,0.06442305,14.2800,14.2800,14.2800,14.2800,14.2800,461.7200,0.06442305,71.4000,67.2426,404.6000,408.7574,0.05645319,0.05703326,0.00199247,11.0431,10.0462,0.7334,7.9333,0.7580,119.4500,10.8167,10.0000,11.9971,10.0,10.0,10.0,10.0,10.0,50.0,10.0,0.0,1.0,5.0,1.104314,28,151,16,2,0.43253802,0.06641552,0.07806452,0E-8,0.000000,0.909725,0.000000,-0.02052825,2026-03-30,2026-08-05,60,628,484,129,0.465116,0.833538,0.905539,1.441793,,,,,,,,GLOBAL_BASELINE_NO_ENTITY_RANKING,,,NOT_APPLICABLE_GLOBAL_BASELINE,HF9g-P5,,,,X 全窗基线 · 不参与实体赏罚,8390034,840,A168_HF9F_20260827_0900,2026-08-27 09:00:00
2026-07-18,121872929,1405,0,10.0000000000,-10.0000000000,-10.0000000000,0E-7,1,1,0.49324550000000000,0.493245500000,-0.9865810262130424,-0.9865810262130424,-0.9865810262130424,0E-17,ELIGIBLE,R03b_20260811_FULL_v1,L1_ELIGIBILITY,v2026-08-11,2026-03-21..2026-08-06,baccarat_bet02_101_all_pairs_incl_sentinel,round_win = game_pnl > 0 (decisive only),COMPATIBILITY_ONLY_NOT_PRODUCTION,7167.0000,6520.0000,476.0000,649,649,-0.06641552,-0.07806452,-0.05753627,-0.06641552,-476.0000,7167.0000,OK,0.0000,14.2800,3.0000,97.0000,AG03-UNRESOLVED,ALL5_LEVELS_bet23_to_bet27,14.2800,14.2800,14.2800,14.2800,14.2800,3.000000,3.000000,3.000000,3.000000,3.000000,97.000000,97.000000,97.000000,97.000000,97.000000,5.0,71.4000,67.2426,404.6000,408.7574,PENDING_AG03,FALSE,NOT_FOR_ENFORCEMENT,461.7200,6324.4000,476.0000,461.7200,14.2800,0.06641552,0.06442305,14.2800,461.7200,0.06442305,14.2800,14.2800,14.2800,14.2800,14.2800,461.7200,0.06442305,71.4000,67.2426,404.6000,408.7574,0.05645319,0.05703326,0.00199247,11.0431,10.0462,0.7334,7.9333,0.7580,119.4500,10.8167,10.0000,11.9971,10.0,10.0,10.0,10.0,10.0,50.0,10.0,0.0,1.0,5.0,1.104314,28,151,16,2,0.43253802,0.06641552,0.07806452,0E-8,0.000000,0.909725,0.000000,-0.02052825,2026-03-30,2026-08-05,60,628,484,129,0.465116,0.833538,0.905539,1.441793,,,,,,,,GLOBAL_BASELINE_NO_ENTITY_RANKING,,,NOT_APPLICABLE_GLOBAL_BASELINE,HF9g-P5,,,,X 全窗基线 · 不参与实体赏罚,8390035,840,A168_HF9F_20260827_0900,2026-08-27 09:00:00
2026-07-18,121872929,1645,0,10.0000000000,9.5000000000,9.5000000000,1.0000000,1,1,0.50665070000000000,0.506650700000,0.9867858985152569,0.9867858985152569,0.9867858985152569,0E-17,ELIGIBLE,R03b_20260811_FULL_v1,L1_ELIGIBILITY,v2026-08-11,2026-03-21..2026-08-06,baccarat_bet02_101_all_pairs_incl_sentinel,round_win = game_pnl > 0 (decisive only),COMPATIBILITY_ONLY_NOT_PRODUCTION,7167.0000,6520.0000,476.0000,649,649,-0.06641552,-0.07806452,-0.05753627,-0.06641552,-476.0000,7167.0000,OK,0.0000,14.2800,3.0000,97.0000,AG03-UNRESOLVED,ALL5_LEVELS_bet23_to_bet27,14.2800,14.2800,14.2800,14.2800,14.2800,3.000000,3.000000,3.000000,3.000000,3.000000,97.000000,97.000000,97.000000,97.000000,97.000000,5.0,71.4000,67.2426,404.6000,408.7574,PENDING_AG03,FALSE,NOT_FOR_ENFORCEMENT,461.7200,6324.4000,476.0000,461.7200,14.2800,0.06641552,0.06442305,14.2800,461.7200,0.06442305,14.2800,14.2800,14.2800,14.2800,14.2800,461.7200,0.06442305,71.4000,67.2426,404.6000,408.7574,0.05645319,0.05703326,0.00199247,11.0431,10.0462,0.7334,7.9333,0.7580,119.4500,10.8167,10.0000,11.9971,10.0,10.0,10.0,10.0,10.0,50.0,10.0,0.0,1.0,5.0,1.104314,28,151,16,2,0.43253802,0.06641552,0.07806452,0E-8,0.000000,0.909725,0.000000,-0.02052825,2026-03-30,2026-08-05,60,628,484,129,0.465116,0.833538,0.905539,1.441793,,,,,,,,GLOBAL_BASELINE_NO_ENTITY_RANKING,,,NOT_APPLICABLE_GLOBAL_BASELINE,HF9g-P5,,,,X 全窗基线 · 不参与实体赏罚,8390036,840,A168_HF9F_20260827_0900,2026-08-27 09:00:00
2026-07-18,121872929,1951,0,10.0000000000,-10.0000000000,-10.0000000000,0E-7,1,1,0.49324550000000000,0.493245500000,-0.9865810262130424,-0.9865810262130424,-0.9865810262130424,0E-17,ELIGIBLE,R03b_20260811_FULL_v1,L1_ELIGIBILITY,v2026-08-11,2026-03-21..2026-08-06,baccarat_bet02_101_all_pairs_incl_sentinel,round_win = game_pnl > 0 (decisive only),COMPATIBILITY_ONLY_NOT_PRODUCTION,7167.0000,6520.0000,476.0000,649,649,-0.06641552,-0.07806452,-0.05753627,-0.06641552,-476.0000,7167.0000,OK,0.0000,14.2800,3.0000,97.0000,AG03-UNRESOLVED,ALL5_LEVELS_bet23_to_bet27,14.2800,14.2800,14.2800,14.2800,14.2800,3.000000,3.000000,3.000000,3.000000,3.000000,97.000000,97.000000,97.000000,97.000000,97.000000,5.0,71.4000,67.2426,404.6000,408.7574,PENDING_AG03,FALSE,NOT_FOR_ENFORCEMENT,461.7200,6324.4000,476.0000,461.7200,14.2800,0.06641552,0.06442305,14.2800,461.7200,0.06442305,14.2800,14.2800,14.2800,14.2800,14.2800,461.7200,0.06442305,71.4000,67.2426,404.6000,408.7574,0.05645319,0.05703326,0.00199247,11.0431,10.0462,0.7334,7.9333,0.7580,119.4500,10.8167,10.0000,11.9971,10.0,10.0,10.0,10.0,10.0,50.0,10.0,0.0,1.0,5.0,1.104314,28,151,16,2,0.43253802,0.06641552,0.07806452,0E-8,0.000000,0.909725,0.000000,-0.02052825,2026-03-30,2026-08-05,60,628,484,129,0.465116,0.833538,0.905539,1.441793,,,,,,,,GLOBAL_BASELINE_NO_ENTITY_RANKING,,,NOT_APPLICABLE_GLOBAL_BASELINE,HF9g-P5,,,,X 全窗基线 · 不参与实体赏罚,8390037,840,A168_HF9F_20260827_0900,2026-08-27 09:00:00
2026-07-18,121872929,2123,0,20.0000000000,0E-10,0E-10,0.5000000,2,2,0.49994810000000000,0.499948100000,0.00014679536856514622,0.00014679536856514622,0.00014679536856514622,0E-17,ELIGIBLE,R03b_20260811_FULL_v1,L1_ELIGIBILITY,v2026-08-11,2026-03-21..2026-08-06,baccarat_bet02_101_all_pairs_incl_sentinel,round_win = game_pnl > 0 (decisive only),COMPATIBILITY_ONLY_NOT_PRODUCTION,7167.0000,6520.0000,476.0000,649,649,-0.06641552,-0.07806452,-0.05753627,-0.06641552,-476.0000,7167.0000,OK,0.0000,14.2800,3.0000,97.0000,AG03-UNRESOLVED,ALL5_LEVELS_bet23_to_bet27,14.2800,14.2800,14.2800,14.2800,14.2800,3.000000,3.000000,3.000000,3.000000,3.000000,97.000000,97.000000,97.000000,97.000000,97.000000,5.0,71.4000,67.2426,404.6000,408.7574,PENDING_AG03,FALSE,NOT_FOR_ENFORCEMENT,461.7200,6324.4000,476.0000,461.7200,14.2800,0.06641552,0.06442305,14.2800,461.7200,0.06442305,14.2800,14.2800,14.2800,14.2800,14.2800,461.7200,0.06442305,71.4000,67.2426,404.6000,408.7574,0.05645319,0.05703326,0.00199247,11.0431,10.0462,0.7334,7.9333,0.7580,119.4500,10.8167,10.0000,11.9971,10.0,10.0,10.0,10.0,10.0,50.0,10.0,0.0,1.0,5.0,1.104314,28,151,16,2,0.43253802,0.06641552,0.07806452,0E-8,0.000000,0.909725,0.000000,-0.02052825,2026-03-30,2026-08-05,60,628,484,129,0.465116,0.833538,0.905539,1.441793,,,,,,,,GLOBAL_BASELINE_NO_ENTITY_RANKING,,,NOT_APPLICABLE_GLOBAL_BASELINE,HF9g-P5,,,,X 全窗基线 · 不参与实体赏罚,8390038,840,A168_HF9F_20260827_0900,2026-08-27 09:00:00
2026-07-18,121872929,2222,0,10.0000000000,10.0000000000,10.0000000000,1.0000000,1,1,0.49324550000000000,0.493245500000,1.01360149184955,1.01360149184955,1.01360149184955,0E-17,ELIGIBLE,R03b_20260811_FULL_v1,L1_ELIGIBILITY,v2026-08-11,2026-03-21..2026-08-06,baccarat_bet02_101_all_pairs_incl_sentinel,round_win = game_pnl > 0 (decisive only),COMPATIBILITY_ONLY_NOT_PRODUCTION,7167.0000,6520.0000,476.0000,649,649,-0.06641552,-0.07806452,-0.05753627,-0.06641552,-476.0000,7167.0000,OK,0.0000,14.2800,3.0000,97.0000,AG03-UNRESOLVED,ALL5_LEVELS_bet23_to_bet27,14.2800,14.2800,14.2800,14.2800,14.2800,3.000000,3.000000,3.000000,3.000000,3.000000,97.000000,97.000000,97.000000,97.000000,97.000000,5.0,71.4000,67.2426,404.6000,408.7574,PENDING_AG03,FALSE,NOT_FOR_ENFORCEMENT,461.7200,6324.4000,476.0000,461.7200,14.2800,0.06641552,0.06442305,14.2800,461.7200,0.06442305,14.2800,14.2800,14.2800,14.2800,14.2800,461.7200,0.06442305,71.4000,67.2426,404.6000,408.7574,0.05645319,0.05703326,0.00199247,11.0431,10.0462,0.7334,7.9333,0.7580,119.4500,10.8167,10.0000,11.9971,10.0,10.0,10.0,10.0,10.0,50.0,10.0,0.0,1.0,5.0,1.104314,28,151,16,2,0.43253802,0.06641552,0.07806452,0E-8,0.000000,0.909725,0.000000,-0.02052825,2026-03-30,2026-08-05,60,628,484,129,0.465116,0.833538,0.905539,1.441793,,,,,,,,GLOBAL_BASELINE_NO_ENTITY_RANKING,,,NOT_APPLICABLE_GLOBAL_BASELINE,HF9g-P5,,,,X 全窗基线 · 不参与实体赏罚,8390039,840,A168_HF9F_20260827_0900,2026-08-27 09:00:00
2026-07-18,121872929,2235,0,20.0000000000,9.5000000000,9.5000000000,1.0000000,2,2,0.50665070000000000,0.506650700000,0.9867858985152569,0.9867858985152569,0.9867858985152569,0E-17,ELIGIBLE,R03b_20260811_FULL_v1,L1_ELIGIBILITY,v2026-08-11,2026-03-21..2026-08-06,baccarat_bet02_101_all_pairs_incl_sentinel,round_win = game_pnl > 0 (decisive only),COMPATIBILITY_ONLY_NOT_PRODUCTION,7167.0000,6520.0000,476.0000,649,649,-0.06641552,-0.07806452,-0.05753627,-0.06641552,-476.0000,7167.0000,OK,0.0000,14.2800,3.0000,97.0000,AG03-UNRESOLVED,ALL5_LEVELS_bet23_to_bet27,14.2800,14.2800,14.2800,14.2800,14.2800,3.000000,3.000000,3.000000,3.000000,3.000000,97.000000,97.000000,97.000000,97.000000,97.000000,5.0,71.4000,67.2426,404.6000,408.7574,PENDING_AG03,FALSE,NOT_FOR_ENFORCEMENT,461.7200,6324.4000,476.0000,461.7200,14.2800,0.06641552,0.06442305,14.2800,461.7200,0.06442305,14.2800,14.2800,14.2800,14.2800,14.2800,461.7200,0.06442305,71.4000,67.2426,404.6000,408.7574,0.05645319,0.05703326,0.00199247,11.0431,10.0462,0.7334,7.9333,0.7580,119.4500,10.8167,10.0000,11.9971,10.0,10.0,10.0,10.0,10.0,50.0,10.0,0.0,1.0,5.0,1.104314,28,151,16,2,0.43253802,0.06641552,0.07806452,0E-8,0.000000,0.909725,0.000000,-0.02052825,2026-03-30,2026-08-05,60,628,484,129,0.465116,0.833538,0.905539,1.441793,,,,,,,,GLOBAL_BASELINE_NO_ENTITY_RANKING,,,NOT_APPLICABLE_GLOBAL_BASELINE,HF9g-P5,,,,X 全窗基线 · 不参与实体赏罚,8390040,840,A168_HF9F_20260827_0900,2026-08-27 09:00:00
2026-07-18,121872929,2254,0,10.0000000000,10.0000000000,10.0000000000,1.0000000,1,1,0.49324550000000000,0.493245500000,1.01360149184955,1.01360149184955,1.01360149184955,0E-17,ELIGIBLE,R03b_20260811_FULL_v1,L1_ELIGIBILITY,v2026-08-11,2026-03-21..2026-08-06,baccarat_bet02_101_all_pairs_incl_sentinel,round_win = game_pnl > 0 (decisive only),COMPATIBILITY_ONLY_NOT_PRODUCTION,7167.0000,6520.0000,476.0000,649,649,-0.06641552,-0.07806452,-0.05753627,-0.06641552,-476.0000,7167.0000,OK,0.0000,14.2800,3.0000,97.0000,AG03-UNRESOLVED,ALL5_LEVELS_bet23_to_bet27,14.2800,14.2800,14.2800,14.2800,14.2800,3.000000,3.000000,3.000000,3.000000,3.000000,97.000000,97.000000,97.000000,97.000000,97.000000,5.0,71.4000,67.2426,404.6000,408.7574,PENDING_AG03,FALSE,NOT_FOR_ENFORCEMENT,461.7200,6324.4000,476.0000,461.7200,14.2800,0.06641552,0.06442305,14.2800,461.7200,0.06442305,14.2800,14.2800,14.2800,14.2800,14.2800,461.7200,0.06442305,71.4000,67.2426,404.6000,408.7574,0.05645319,0.05703326,0.00199247,11.0431,10.0462,0.7334,7.9333,0.7580,119.4500,10.8167,10.0000,11.9971,10.0,10.0,10.0,10.0,10.0,50.0,10.0,0.0,1.0,5.0,1.104314,28,151,16,2,0.43253802,0.06641552,0.07806452,0E-8,0.000000,0.909725,0.000000,-0.02052825,2026-03-30,2026-08-05,60,628,484,129,0.465116,0.833538,0.905539,1.441793,,,,,,,,GLOBAL_BASELINE_NO_ENTITY_RANKING,,,NOT_APPLICABLE_GLOBAL_BASELINE,HF9g-P5,,,,X 全窗基线 · 不参与实体赏罚,8390041,840,A168_HF9F_20260827_0900,2026-08-27 09:00:00
2026-07-18,121872929,2258,0,10.0000000000,-10.0000000000,-10.0000000000,0E-7,1,1,0.50665070000000000,0.506650700000,-1.013391052207602,-1.013391052207602,-1.013391052207602,0E-17,ELIGIBLE,R03b_20260811_FULL_v1,L1_ELIGIBILITY,v2026-08-11,2026-03-21..2026-08-06,baccarat_bet02_101_all_pairs_incl_sentinel,round_win = game_pnl > 0 (decisive only),COMPATIBILITY_ONLY_NOT_PRODUCTION,7167.0000,6520.0000,476.0000,649,649,-0.06641552,-0.07806452,-0.05753627,-0.06641552,-476.0000,7167.0000,OK,0.0000,14.2800,3.0000,97.0000,AG03-UNRESOLVED,ALL5_LEVELS_bet23_to_bet27,14.2800,14.2800,14.2800,14.2800,14.2800,3.000000,3.000000,3.000000,3.000000,3.000000,97.000000,97.000000,97.000000,97.000000,97.000000,5.0,71.4000,67.2426,404.6000,408.7574,PENDING_AG03,FALSE,NOT_FOR_ENFORCEMENT,461.7200,6324.4000,476.0000,461.7200,14.2800,0.06641552,0.06442305,14.2800,461.7200,0.06442305,14.2800,14.2800,14.2800,14.2800,14.2800,461.7200,0.06442305,71.4000,67.2426,404.6000,408.7574,0.05645319,0.05703326,0.00199247,11.0431,10.0462,0.7334,7.9333,0.7580,119.4500,10.8167,10.0000,11.9971,10.0,10.0,10.0,10.0,10.0,50.0,10.0,0.0,1.0,5.0,1.104314,28,151,16,2,0.43253802,0.06641552,0.07806452,0E-8,0.000000,0.909725,0.000000,-0.02052825,2026-03-30,2026-08-05,60,628,484,129,0.465116,0.833538,0.905539,1.441793,,,,,,,,GLOBAL_BASELINE_NO_ENTITY_RANKING,,,NOT_APPLICABLE_GLOBAL_BASELINE,HF9g-P5,,,,X 全窗基线 · 不参与实体赏罚,8390042,840,A168_HF9F_20260827_0900,2026-08-27 09:00:00
2026-07-18,121872929,772,0,10.0000000000,-10.0000000000,-10.0000000000,0E-7,1,1,0.49324550000000000,0.493245500000,-0.9865810262130424,-0.9865810262130424,-0.9865810262130424,0E-17,ELIGIBLE,R03b_20260811_FULL_v1,L1_ELIGIBILITY,v2026-08-11,2026-03-21..2026-08-06,baccarat_bet02_101_all_pairs_incl_sentinel,round_win = game_pnl > 0 (decisive only),COMPATIBILITY_ONLY_NOT_PRODUCTION,7167.0000,6520.0000,476.0000,649,649,-0.06641552,-0.07806452,-0.05753627,-0.06641552,-476.0000,7167.0000,OK,0.0000,14.2800,3.0000,97.0000,AG03-UNRESOLVED,ALL5_LEVELS_bet23_to_bet27,14.2800,14.2800,14.2800,14.2800,14.2800,3.000000,3.000000,3.000000,3.000000,3.000000,97.000000,97.000000,97.000000,97.000000,97.000000,5.0,71.4000,67.2426,404.6000,408.7574,PENDING_AG03,FALSE,NOT_FOR_ENFORCEMENT,461.7200,6324.4000,476.0000,461.7200,14.2800,0.06641552,0.06442305,14.2800,461.7200,0.06442305,14.2800,14.2800,14.2800,14.2800,14.2800,461.7200,0.06442305,71.4000,67.2426,404.6000,408.7574,0.05645319,0.05703326,0.00199247,11.0431,10.0462,0.7334,7.9333,0.7580,119.4500,10.8167,10.0000,11.9971,10.0,10.0,10.0,10.0,10.0,50.0,10.0,0.0,1.0,5.0,1.104314,28,151,16,2,0.43253802,0.06641552,0.07806452,0E-8,0.000000,0.909725,0.000000,-0.02052825,2026-03-30,2026-08-05,60,628,484,129,0.465116,0.833538,0.905539,1.441793,,,,,,,,GLOBAL_BASELINE_NO_ENTITY_RANKING,,,NOT_APPLICABLE_GLOBAL_BASELINE,HF9g-P5,,,,X 全窗基线 · 不参与实体赏罚,8390043,840,A168_HF9F_20260827_0900,2026-08-27 09:00:00
2026-07-19,121872929,1307,0,10.0000000000,9.5000000000,9.5000000000,1.0000000,1,1,0.50665070000000000,0.506650700000,0.9867858985152569,0.9867858985152569,0.9867858985152569,0E-17,ELIGIBLE,R03b_20260811_FULL_v1,L1_ELIGIBILITY,v2026-08-11,2026-03-21..2026-08-06,baccarat_bet02_101_all_pairs_incl_sentinel,round_win = game_pnl > 0 (decisive only),COMPATIBILITY_ONLY_NOT_PRODUCTION,7167.0000,6520.0000,476.0000,649,649,-0.06641552,-0.07806452,-0.05753627,-0.06641552,-476.0000,7167.0000,OK,0.0000,14.2800,3.0000,97.0000,AG03-UNRESOLVED,ALL5_LEVELS_bet23_to_bet27,14.2800,14.2800,14.2800,14.2800,14.2800,3.000000,3.000000,3.000000,3.000000,3.000000,97.000000,97.000000,97.000000,97.000000,97.000000,5.0,71.4000,67.2426,404.6000,408.7574,PENDING_AG03,FALSE,NOT_FOR_ENFORCEMENT,461.7200,6324.4000,476.0000,461.7200,14.2800,0.06641552,0.06442305,14.2800,461.7200,0.06442305,14.2800,14.2800,14.2800,14.2800,14.2800,461.7200,0.06442305,71.4000,67.2426,404.6000,408.7574,0.05645319,0.05703326,0.00199247,11.0431,10.0462,0.7334,7.9333,0.7580,119.4500,10.8167,10.0000,11.9971,10.0,10.0,10.0,10.0,10.0,50.0,10.0,0.0,1.0,5.0,1.104314,28,151,16,2,0.43253802,0.06641552,0.07806452,0E-8,0.000000,0.909725,0.000000,-0.02052825,2026-03-30,2026-08-05,60,628,484,129,0.465116,0.833538,0.905539,1.441793,,,,,,,,GLOBAL_BASELINE_NO_ENTITY_RANKING,,,NOT_APPLICABLE_GLOBAL_BASELINE,HF9g-P5,,,,X 全窗基线 · 不参与实体赏罚,8390044,840,A168_HF9F_20260827_0900,2026-08-27 09:00:00
2026-07-19,121872929,1405,0,10.0000000000,10.0000000000,10.0000000000,1.0000000,1,1,0.49324550000000000,0.493245500000,1.01360149184955,1.01360149184955,1.01360149184955,0E-17,ELIGIBLE,R03b_20260811_FULL_v1,L1_ELIGIBILITY,v2026-08-11,2026-03-21..2026-08-06,baccarat_bet02_101_all_pairs_incl_sentinel,round_win = game_pnl > 0 (decisive only),COMPATIBILITY_ONLY_NOT_PRODUCTION,7167.0000,6520.0000,476.0000,649,649,-0.06641552,-0.07806452,-0.05753627,-0.06641552,-476.0000,7167.0000,OK,0.0000,14.2800,3.0000,97.0000,AG03-UNRESOLVED,ALL5_LEVELS_bet23_to_bet27,14.2800,14.2800,14.2800,14.2800,14.2800,3.000000,3.000000,3.000000,3.000000,3.000000,97.000000,97.000000,97.000000,97.000000,97.000000,5.0,71.4000,67.2426,404.6000,408.7574,PENDING_AG03,FALSE,NOT_FOR_ENFORCEMENT,461.7200,6324.4000,476.0000,461.7200,14.2800,0.06641552,0.06442305,14.2800,461.7200,0.06442305,14.2800,14.2800,14.2800,14.2800,14.2800,461.7200,0.06442305,71.4000,67.2426,404.6000,408.7574,0.05645319,0.05703326,0.00199247,11.0431,10.0462,0.7334,7.9333,0.7580,119.4500,10.8167,10.0000,11.9971,10.0,10.0,10.0,10.0,10.0,50.0,10.0,0.0,1.0,5.0,1.104314,28,151,16,2,0.43253802,0.06641552,0.07806452,0E-8,0.000000,0.909725,0.000000,-0.02052825,2026-03-30,2026-08-05,60,628,484,129,0.465116,0.833538,0.905539,1.441793,,,,,,,,GLOBAL_BASELINE_NO_ENTITY_RANKING,,,NOT_APPLICABLE_GLOBAL_BASELINE,HF9g-P5,,,,X 全窗基线 · 不参与实体赏罚,8390045,840,A168_HF9F_20260827_0900,2026-08-27 09:00:00
2026-07-19,121872929,1940,0,10.0000000000,-10.0000000000,-10.0000000000,0E-7,1,1,0.50665070000000000,0.506650700000,-1.013391052207602,-1.013391052207602,-1.013391052207602,0E-17,ELIGIBLE,R03b_20260811_FULL_v1,L1_ELIGIBILITY,v2026-08-11,2026-03-21..2026-08-06,baccarat_bet02_101_all_pairs_incl_sentinel,round_win = game_pnl > 0 (decisive only),COMPATIBILITY_ONLY_NOT_PRODUCTION,7167.0000,6520.0000,476.0000,649,649,-0.06641552,-0.07806452,-0.05753627,-0.06641552,-476.0000,7167.0000,OK,0.0000,14.2800,3.0000,97.0000,AG03-UNRESOLVED,ALL5_LEVELS_bet23_to_bet27,14.2800,14.2800,14.2800,14.2800,14.2800,3.000000,3.000000,3.000000,3.000000,3.000000,97.000000,97.000000,97.000000,97.000000,97.000000,5.0,71.4000,67.2426,404.6000,408.7574,PENDING_AG03,FALSE,NOT_FOR_ENFORCEMENT,461.7200,6324.4000,476.0000,461.7200,14.2800,0.06641552,0.06442305,14.2800,461.7200,0.06442305,14.2800,14.2800,14.2800,14.2800,14.2800,461.7200,0.06442305,71.4000,67.2426,404.6000,408.7574,0.05645319,0.05703326,0.00199247,11.0431,10.0462,0.7334,7.9333,0.7580,119.4500,10.8167,10.0000,11.9971,10.0,10.0,10.0,10.0,10.0,50.0,10.0,0.0,1.0,5.0,1.104314,28,151,16,2,0.43253802,0.06641552,0.07806452,0E-8,0.000000,0.909725,0.000000,-0.02052825,2026-03-30,2026-08-05,60,628,484,129,0.465116,0.833538,0.905539,1.441793,,,,,,,,GLOBAL_BASELINE_NO_ENTITY_RANKING,,,NOT_APPLICABLE_GLOBAL_BASELINE,HF9g-P5,,,,X 全窗基线 · 不参与实体赏罚,8390046,840,A168_HF9F_20260827_0900,2026-08-27 09:00:00
2026-07-19,121872929,1963,0,10.0000000000,-10.0000000000,-10.0000000000,0E-7,1,1,0.50665070000000000,0.506650700000,-1.013391052207602,-1.013391052207602,-1.013391052207602,0E-17,ELIGIBLE,R03b_20260811_FULL_v1,L1_ELIGIBILITY,v2026-08-11,2026-03-21..2026-08-06,baccarat_bet02_101_all_pairs_incl_sentinel,round_win = game_pnl > 0 (decisive only),COMPATIBILITY_ONLY_NOT_PRODUCTION,7167.0000,6520.0000,476.0000,649,649,-0.06641552,-0.07806452,-0.05753627,-0.06641552,-476.0000,7167.0000,OK,0.0000,14.2800,3.0000,97.0000,AG03-UNRESOLVED,ALL5_LEVELS_bet23_to_bet27,14.2800,14.2800,14.2800,14.2800,14.2800,3.000000,3.000000,3.000000,3.000000,3.000000,97.000000,97.000000,97.000000,97.000000,97.000000,5.0,71.4000,67.2426,404.6000,408.7574,PENDING_AG03,FALSE,NOT_FOR_ENFORCEMENT,461.7200,6324.4000,476.0000,461.7200,14.2800,0.06641552,0.06442305,14.2800,461.7200,0.06442305,14.2800,14.2800,14.2800,14.2800,14.2800,461.7200,0.06442305,71.4000,67.2426,404.6000,408.7574,0.05645319,0.05703326,0.00199247,11.0431,10.0462,0.7334,7.9333,0.7580,119.4500,10.8167,10.0000,11.9971,10.0,10.0,10.0,10.0,10.0,50.0,10.0,0.0,1.0,5.0,1.104314,28,151,16,2,0.43253802,0.06641552,0.07806452,0E-8,0.000000,0.909725,0.000000,-0.02052825,2026-03-30,2026-08-05,60,628,484,129,0.465116,0.833538,0.905539,1.441793,,,,,,,,GLOBAL_BASELINE_NO_ENTITY_RANKING,,,NOT_APPLICABLE_GLOBAL_BASELINE,HF9g-P5,,,,X 全窗基线 · 不参与实体赏罚,8390047,840,A168_HF9F_20260827_0900,2026-08-27 09:00:00
2026-07-19,121872929,2123,0,10.0000000000,-10.0000000000,-10.0000000000,0E-7,1,1,0.50665070000000000,0.506650700000,-1.013391052207602,-1.013391052207602,-1.013391052207602,0E-17,ELIGIBLE,R03b_20260811_FULL_v1,L1_ELIGIBILITY,v2026-08-11,2026-03-21..2026-08-06,baccarat_bet02_101_all_pairs_incl_sentinel,round_win = game_pnl > 0 (decisive only),COMPATIBILITY_ONLY_NOT_PRODUCTION,7167.0000,6520.0000,476.0000,649,649,-0.06641552,-0.07806452,-0.05753627,-0.06641552,-476.0000,7167.0000,OK,0.0000,14.2800,3.0000,97.0000,AG03-UNRESOLVED,ALL5_LEVELS_bet23_to_bet27,14.2800,14.2800,14.2800,14.2800,14.2800,3.000000,3.000000,3.000000,3.000000,3.000000,97.000000,97.000000,97.000000,97.000000,97.000000,5.0,71.4000,67.2426,404.6000,408.7574,PENDING_AG03,FALSE,NOT_FOR_ENFORCEMENT,461.7200,6324.4000,476.0000,461.7200,14.2800,0.06641552,0.06442305,14.2800,461.7200,0.06442305,14.2800,14.2800,14.2800,14.2800,14.2800,461.7200,0.06442305,71.4000,67.2426,404.6000,408.7574,0.05645319,0.05703326,0.00199247,11.0431,10.0462,0.7334,7.9333,0.7580,119.4500,10.8167,10.0000,11.9971,10.0,10.0,10.0,10.0,10.0,50.0,10.0,0.0,1.0,5.0,1.104314,28,151,16,2,0.43253802,0.06641552,0.07806452,0E-8,0.000000,0.909725,0.000000,-0.02052825,2026-03-30,2026-08-05,60,628,484,129,0.465116,0.833538,0.905539,1.441793,,,,,,,,GLOBAL_BASELINE_NO_ENTITY_RANKING,,,NOT_APPLICABLE_GLOBAL_BASELINE,HF9g-P5,,,,X 全窗基线 · 不参与实体赏罚,8390048,840,A168_HF9F_20260827_0900,2026-08-27 09:00:00
2026-07-19,121872929,2188,0,10.0000000000,-10.0000000000,-10.0000000000,0E-7,1,1,0.49324550000000000,0.493245500000,-0.9865810262130424,-0.9865810262130424,-0.9865810262130424,0E-17,ELIGIBLE,R03b_20260811_FULL_v1,L1_ELIGIBILITY,v2026-08-11,2026-03-21..2026-08-06,baccarat_bet02_101_all_pairs_incl_sentinel,round_win = game_pnl > 0 (decisive only),COMPATIBILITY_ONLY_NOT_PRODUCTION,7167.0000,6520.0000,476.0000,649,649,-0.06641552,-0.07806452,-0.05753627,-0.06641552,-476.0000,7167.0000,OK,0.0000,14.2800,3.0000,97.0000,AG03-UNRESOLVED,ALL5_LEVELS_bet23_to_bet27,14.2800,14.2800,14.2800,14.2800,14.2800,3.000000,3.000000,3.000000,3.000000,3.000000,97.000000,97.000000,97.000000,97.000000,97.000000,5.0,71.4000,67.2426,404.6000,408.7574,PENDING_AG03,FALSE,NOT_FOR_ENFORCEMENT,461.7200,6324.4000,476.0000,461.7200,14.2800,0.06641552,0.06442305,14.2800,461.7200,0.06442305,14.2800,14.2800,14.2800,14.2800,14.2800,461.7200,0.06442305,71.4000,67.2426,404.6000,408.7574,0.05645319,0.05703326,0.00199247,11.0431,10.0462,0.7334,7.9333,0.7580,119.4500,10.8167,10.0000,11.9971,10.0,10.0,10.0,10.0,10.0,50.0,10.0,0.0,1.0,5.0,1.104314,28,151,16,2,0.43253802,0.06641552,0.07806452,0E-8,0.000000,0.909725,0.000000,-0.02052825,2026-03-30,2026-08-05,60,628,484,129,0.465116,0.833538,0.905539,1.441793,,,,,,,,GLOBAL_BASELINE_NO_ENTITY_RANKING,,,NOT_APPLICABLE_GLOBAL_BASELINE,HF9g-P5,,,,X 全窗基线 · 不参与实体赏罚,8390049,840,A168_HF9F_20260827_0900,2026-08-27 09:00:00
2026-07-19,121872929,2201,0,10.0000000000,-10.0000000000,-10.0000000000,0E-7,1,1,0.50665070000000000,0.506650700000,-1.013391052207602,-1.013391052207602,-1.013391052207602,0E-17,ELIGIBLE,R03b_20260811_FULL_v1,L1_ELIGIBILITY,v2026-08-11,2026-03-21..2026-08-06,baccarat_bet02_101_all_pairs_incl_sentinel,round_win = game_pnl > 0 (decisive only),COMPATIBILITY_ONLY_NOT_PRODUCTION,7167.0000,6520.0000,476.0000,649,649,-0.06641552,-0.07806452,-0.05753627,-0.06641552,-476.0000,7167.0000,OK,0.0000,14.2800,3.0000,97.0000,AG03-UNRESOLVED,ALL5_LEVELS_bet23_to_bet27,14.2800,14.2800,14.2800,14.2800,14.2800,3.000000,3.000000,3.000000,3.000000,3.000000,97.000000,97.000000,97.000000,97.000000,97.000000,5.0,71.4000,67.2426,404.6000,408.7574,PENDING_AG03,FALSE,NOT_FOR_ENFORCEMENT,461.7200,6324.4000,476.0000,461.7200,14.2800,0.06641552,0.06442305,14.2800,461.7200,0.06442305,14.2800,14.2800,14.2800,14.2800,14.2800,461.7200,0.06442305,71.4000,67.2426,404.6000,408.7574,0.05645319,0.05703326,0.00199247,11.0431,10.0462,0.7334,7.9333,0.7580,119.4500,10.8167,10.0000,11.9971,10.0,10.0,10.0,10.0,10.0,50.0,10.0,0.0,1.0,5.0,1.104314,28,151,16,2,0.43253802,0.06641552,0.07806452,0E-8,0.000000,0.909725,0.000000,-0.02052825,2026-03-30,2026-08-05,60,628,484,129,0.465116,0.833538,0.905539,1.441793,,,,,,,,GLOBAL_BASELINE_NO_ENTITY_RANKING,,,NOT_APPLICABLE_GLOBAL_BASELINE,HF9g-P5,,,,X 全窗基线 · 不参与实体赏罚,8390050,840,A168_HF9F_20260827_0900,2026-08-27 09:00:00
2026-07-19,121872929,2212,0,10.0000000000,10.0000000000,10.0000000000,1.0000000,1,1,0.49324550000000000,0.493245500000,1.01360149184955,1.01360149184955,1.01360149184955,0E-17,ELIGIBLE,R03b_20260811_FULL_v1,L1_ELIGIBILITY,v2026-08-11,2026-03-21..2026-08-06,baccarat_bet02_101_all_pairs_incl_sentinel,round_win = game_pnl > 0 (decisive only),COMPATIBILITY_ONLY_NOT_PRODUCTION,7167.0000,6520.0000,476.0000,649,649,-0.06641552,-0.07806452,-0.05753627,-0.06641552,-476.0000,7167.0000,OK,0.0000,14.2800,3.0000,97.0000,AG03-UNRESOLVED,ALL5_LEVELS_bet23_to_bet27,14.2800,14.2800,14.2800,14.2800,14.2800,3.000000,3.000000,3.000000,3.000000,3.000000,97.000000,97.000000,97.000000,97.000000,97.000000,5.0,71.4000,67.2426,404.6000,408.7574,PENDING_AG03,FALSE,NOT_FOR_ENFORCEMENT,461.7200,6324.4000,476.0000,461.7200,14.2800,0.06641552,0.06442305,14.2800,461.7200,0.06442305,14.2800,14.2800,14.2800,14.2800,14.2800,461.7200,0.06442305,71.4000,67.2426,404.6000,408.7574,0.05645319,0.05703326,0.00199247,11.0431,10.0462,0.7334,7.9333,0.7580,119.4500,10.8167,10.0000,11.9971,10.0,10.0,10.0,10.0,10.0,50.0,10.0,0.0,1.0,5.0,1.104314,28,151,16,2,0.43253802,0.06641552,0.07806452,0E-8,0.000000,0.909725,0.000000,-0.02052825,2026-03-30,2026-08-05,60,628,484,129,0.465116,0.833538,0.905539,1.441793,,,,,,,,GLOBAL_BASELINE_NO_ENTITY_RANKING,,,NOT_APPLICABLE_GLOBAL_BASELINE,HF9g-P5,,,,X 全窗基线 · 不参与实体赏罚,8390051,840,A168_HF9F_20260827_0900,2026-08-27 09:00:00
2026-07-19,121872929,2235,0,10.0000000000,-10.0000000000,-10.0000000000,0E-7,1,1,0.50665070000000000,0.506650700000,-1.013391052207602,-1.013391052207602,-1.013391052207602,0E-17,ELIGIBLE,R03b_20260811_FULL_v1,L1_ELIGIBILITY,v2026-08-11,2026-03-21..2026-08-06,baccarat_bet02_101_all_pairs_incl_sentinel,round_win = game_pnl > 0 (decisive only),COMPATIBILITY_ONLY_NOT_PRODUCTION,7167.0000,6520.0000,476.0000,649,649,-0.06641552,-0.07806452,-0.05753627,-0.06641552,-476.0000,7167.0000,OK,0.0000,14.2800,3.0000,97.0000,AG03-UNRESOLVED,ALL5_LEVELS_bet23_to_bet27,14.2800,14.2800,14.2800,14.2800,14.2800,3.000000,3.000000,3.000000,3.000000,3.000000,97.000000,97.000000,97.000000,97.000000,97.000000,5.0,71.4000,67.2426,404.6000,408.7574,PENDING_AG03,FALSE,NOT_FOR_ENFORCEMENT,461.7200,6324.4000,476.0000,461.7200,14.2800,0.06641552,0.06442305,14.2800,461.7200,0.06442305,14.2800,14.2800,14.2800,14.2800,14.2800,461.7200,0.06442305,71.4000,67.2426,404.6000,408.7574,0.05645319,0.05703326,0.00199247,11.0431,10.0462,0.7334,7.9333,0.7580,119.4500,10.8167,10.0000,11.9971,10.0,10.0,10.0,10.0,10.0,50.0,10.0,0.0,1.0,5.0,1.104314,28,151,16,2,0.43253802,0.06641552,0.07806452,0E-8,0.000000,0.909725,0.000000,-0.02052825,2026-03-30,2026-08-05,60,628,484,129,0.465116,0.833538,0.905539,1.441793,,,,,,,,GLOBAL_BASELINE_NO_ENTITY_RANKING,,,NOT_APPLICABLE_GLOBAL_BASELINE,HF9g-P5,,,,X 全窗基线 · 不参与实体赏罚,8390052,840,A168_HF9F_20260827_0900,2026-08-27 09:00:00
2026-07-19,121872929,2251,0,10.0000000000,-10.0000000000,-10.0000000000,0E-7,1,1,0.50665070000000000,0.506650700000,-1.013391052207602,-1.013391052207602,-1.013391052207602,0E-17,ELIGIBLE,R03b_20260811_FULL_v1,L1_ELIGIBILITY,v2026-08-11,2026-03-21..2026-08-06,baccarat_bet02_101_all_pairs_incl_sentinel,round_win = game_pnl > 0 (decisive only),COMPATIBILITY_ONLY_NOT_PRODUCTION,7167.0000,6520.0000,476.0000,649,649,-0.06641552,-0.07806452,-0.05753627,-0.06641552,-476.0000,7167.0000,OK,0.0000,14.2800,3.0000,97.0000,AG03-UNRESOLVED,ALL5_LEVELS_bet23_to_bet27,14.2800,14.2800,14.2800,14.2800,14.2800,3.000000,3.000000,3.000000,3.000000,3.000000,97.000000,97.000000,97.000000,97.000000,97.000000,5.0,71.4000,67.2426,404.6000,408.7574,PENDING_AG03,FALSE,NOT_FOR_ENFORCEMENT,461.7200,6324.4000,476.0000,461.7200,14.2800,0.06641552,0.06442305,14.2800,461.7200,0.06442305,14.2800,14.2800,14.2800,14.2800,14.2800,461.7200,0.06442305,71.4000,67.2426,404.6000,408.7574,0.05645319,0.05703326,0.00199247,11.0431,10.0462,0.7334,7.9333,0.7580,119.4500,10.8167,10.0000,11.9971,10.0,10.0,10.0,10.0,10.0,50.0,10.0,0.0,1.0,5.0,1.104314,28,151,16,2,0.43253802,0.06641552,0.07806452,0E-8,0.000000,0.909725,0.000000,-0.02052825,2026-03-30,2026-08-05,60,628,484,129,0.465116,0.833538,0.905539,1.441793,,,,,,,,GLOBAL_BASELINE_NO_ENTITY_RANKING,,,NOT_APPLICABLE_GLOBAL_BASELINE,HF9g-P5,,,,X 全窗基线 · 不参与实体赏罚,8390053,840,A168_HF9F_20260827_0900,2026-08-27 09:00:00
2026-07-19,121872929,2288,0,10.0000000000,-10.0000000000,-10.0000000000,0E-7,1,1,0.50665070000000000,0.506650700000,-1.013391052207602,-1.013391052207602,-1.013391052207602,0E-17,ELIGIBLE,R03b_20260811_FULL_v1,L1_ELIGIBILITY,v2026-08-11,2026-03-21..2026-08-06,baccarat_bet02_101_all_pairs_incl_sentinel,round_win = game_pnl > 0 (decisive only),COMPATIBILITY_ONLY_NOT_PRODUCTION,7167.0000,6520.0000,476.0000,649,649,-0.06641552,-0.07806452,-0.05753627,-0.06641552,-476.0000,7167.0000,OK,0.0000,14.2800,3.0000,97.0000,AG03-UNRESOLVED,ALL5_LEVELS_bet23_to_bet27,14.2800,14.2800,14.2800,14.2800,14.2800,3.000000,3.000000,3.000000,3.000000,3.000000,97.000000,97.000000,97.000000,97.000000,97.000000,5.0,71.4000,67.2426,404.6000,408.7574,PENDING_AG03,FALSE,NOT_FOR_ENFORCEMENT,461.7200,6324.4000,476.0000,461.7200,14.2800,0.06641552,0.06442305,14.2800,461.7200,0.06442305,14.2800,14.2800,14.2800,14.2800,14.2800,461.7200,0.06442305,71.4000,67.2426,404.6000,408.7574,0.05645319,0.05703326,0.00199247,11.0431,10.0462,0.7334,7.9333,0.7580,119.4500,10.8167,10.0000,11.9971,10.0,10.0,10.0,10.0,10.0,50.0,10.0,0.0,1.0,5.0,1.104314,28,151,16,2,0.43253802,0.06641552,0.07806452,0E-8,0.000000,0.909725,0.000000,-0.02052825,2026-03-30,2026-08-05,60,628,484,129,0.465116,0.833538,0.905539,1.441793,,,,,,,,GLOBAL_BASELINE_NO_ENTITY_RANKING,,,NOT_APPLICABLE_GLOBAL_BASELINE,HF9g-P5,,,,X 全窗基线 · 不参与实体赏罚,8390054,840,A168_HF9F_20260827_0900,2026-08-27 09:00:00
2026-07-20,121872929,-1,1,10.0000000000,-10.0000000000,-10.0000000000,0E-7,1,1,0.50665070000000000,0.506650700000,-1.013391052207602,-1.013391052207602,-1.013391052207602,0E-17,SENTINEL_DEALER,R03b_20260811_FULL_v1,L1_ELIGIBILITY,v2026-08-11,2026-03-21..2026-08-06,baccarat_bet02_101_all_pairs_incl_sentinel,round_win = game_pnl > 0 (decisive only),COMPATIBILITY_ONLY_NOT_PRODUCTION,7167.0000,6520.0000,476.0000,649,649,-0.06641552,-0.07806452,-0.05753627,-0.06641552,-476.0000,7167.0000,OK,0.0000,14.2800,3.0000,97.0000,AG03-UNRESOLVED,ALL5_LEVELS_bet23_to_bet27,14.2800,14.2800,14.2800,14.2800,14.2800,3.000000,3.000000,3.000000,3.000000,3.000000,97.000000,97.000000,97.000000,97.000000,97.000000,5.0,71.4000,67.2426,404.6000,408.7574,PENDING_AG03,FALSE,NOT_FOR_ENFORCEMENT,461.7200,6324.4000,476.0000,461.7200,14.2800,0.06641552,0.06442305,14.2800,461.7200,0.06442305,14.2800,14.2800,14.2800,14.2800,14.2800,461.7200,0.06442305,71.4000,67.2426,404.6000,408.7574,0.05645319,0.05703326,0.00199247,11.0431,10.0462,0.7334,7.9333,0.7580,119.4500,10.8167,10.0000,11.9971,10.0,10.0,10.0,10.0,10.0,50.0,10.0,0.0,1.0,5.0,1.104314,28,151,16,2,0.43253802,0.06641552,0.07806452,0E-8,0.000000,0.909725,0.000000,-0.02052825,2026-03-30,2026-08-05,60,628,484,129,0.465116,0.833538,0.905539,1.441793,,,,,,,,GLOBAL_BASELINE_NO_ENTITY_RANKING,,,NOT_APPLICABLE_GLOBAL_BASELINE,HF9g-P5,,,,X 全窗基线 · 不参与实体赏罚,8390055,840,A168_HF9F_20260827_0900,2026-08-27 09:00:00
2026-07-20,121872929,1645,0,10.0000000000,-10.0000000000,-10.0000000000,0E-7,1,1,0.50665070000000000,0.506650700000,-1.013391052207602,-1.013391052207602,-1.013391052207602,0E-17,ELIGIBLE,R03b_20260811_FULL_v1,L1_ELIGIBILITY,v2026-08-11,2026-03-21..2026-08-06,baccarat_bet02_101_all_pairs_incl_sentinel,round_win = game_pnl > 0 (decisive only),COMPATIBILITY_ONLY_NOT_PRODUCTION,7167.0000,6520.0000,476.0000,649,649,-0.06641552,-0.07806452,-0.05753627,-0.06641552,-476.0000,7167.0000,OK,0.0000,14.2800,3.0000,97.0000,AG03-UNRESOLVED,ALL5_LEVELS_bet23_to_bet27,14.2800,14.2800,14.2800,14.2800,14.2800,3.000000,3.000000,3.000000,3.000000,3.000000,97.000000,97.000000,97.000000,97.000000,97.000000,5.0,71.4000,67.2426,404.6000,408.7574,PENDING_AG03,FALSE,NOT_FOR_ENFORCEMENT,461.7200,6324.4000,476.0000,461.7200,14.2800,0.06641552,0.06442305,14.2800,461.7200,0.06442305,14.2800,14.2800,14.2800,14.2800,14.2800,461.7200,0.06442305,71.4000,67.2426,404.6000,408.7574,0.05645319,0.05703326,0.00199247,11.0431,10.0462,0.7334,7.9333,0.7580,119.4500,10.8167,10.0000,11.9971,10.0,10.0,10.0,10.0,10.0,50.0,10.0,0.0,1.0,5.0,1.104314,28,151,16,2,0.43253802,0.06641552,0.07806452,0E-8,0.000000,0.909725,0.000000,-0.02052825,2026-03-30,2026-08-05,60,628,484,129,0.465116,0.833538,0.905539,1.441793,,,,,,,,GLOBAL_BASELINE_NO_ENTITY_RANKING,,,NOT_APPLICABLE_GLOBAL_BASELINE,HF9g-P5,,,,X 全窗基线 · 不参与实体赏罚,8390056,840,A168_HF9F_20260827_0900,2026-08-27 09:00:00
2026-07-20,121872929,1985,0,10.0000000000,-10.0000000000,-10.0000000000,0E-7,1,1,0.50665070000000000,0.506650700000,-1.013391052207602,-1.013391052207602,-1.013391052207602,0E-17,ELIGIBLE,R03b_20260811_FULL_v1,L1_ELIGIBILITY,v2026-08-11,2026-03-21..2026-08-06,baccarat_bet02_101_all_pairs_incl_sentinel,round_win = game_pnl > 0 (decisive only),COMPATIBILITY_ONLY_NOT_PRODUCTION,7167.0000,6520.0000,476.0000,649,649,-0.06641552,-0.07806452,-0.05753627,-0.06641552,-476.0000,7167.0000,OK,0.0000,14.2800,3.0000,97.0000,AG03-UNRESOLVED,ALL5_LEVELS_bet23_to_bet27,14.2800,14.2800,14.2800,14.2800,14.2800,3.000000,3.000000,3.000000,3.000000,3.000000,97.000000,97.000000,97.000000,97.000000,97.000000,5.0,71.4000,67.2426,404.6000,408.7574,PENDING_AG03,FALSE,NOT_FOR_ENFORCEMENT,461.7200,6324.4000,476.0000,461.7200,14.2800,0.06641552,0.06442305,14.2800,461.7200,0.06442305,14.2800,14.2800,14.2800,14.2800,14.2800,461.7200,0.06442305,71.4000,67.2426,404.6000,408.7574,0.05645319,0.05703326,0.00199247,11.0431,10.0462,0.7334,7.9333,0.7580,119.4500,10.8167,10.0000,11.9971,10.0,10.0,10.0,10.0,10.0,50.0,10.0,0.0,1.0,5.0,1.104314,28,151,16,2,0.43253802,0.06641552,0.07806452,0E-8,0.000000,0.909725,0.000000,-0.02052825,2026-03-30,2026-08-05,60,628,484,129,0.465116,0.833538,0.905539,1.441793,,,,,,,,GLOBAL_BASELINE_NO_ENTITY_RANKING,,,NOT_APPLICABLE_GLOBAL_BASELINE,HF9g-P5,,,,X 全窗基线 · 不参与实体赏罚,8390057,840,A168_HF9F_20260827_0900,2026-08-27 09:00:00
2026-07-20,121872929,2123,0,10.0000000000,0E-10,0E-10,,1,1,0.49324550000000000,0.493245500000,,,,0E-17,NO_DECISIVE_ROUND,R03b_20260811_FULL_v1,L1_ELIGIBILITY,v2026-08-11,2026-03-21..2026-08-06,baccarat_bet02_101_all_pairs_incl_sentinel,round_win = game_pnl > 0 (decisive only),COMPATIBILITY_ONLY_NOT_PRODUCTION,7167.0000,6520.0000,476.0000,649,649,-0.06641552,-0.07806452,-0.05753627,-0.06641552,-476.0000,7167.0000,OK,0.0000,14.2800,3.0000,97.0000,AG03-UNRESOLVED,ALL5_LEVELS_bet23_to_bet27,14.2800,14.2800,14.2800,14.2800,14.2800,3.000000,3.000000,3.000000,3.000000,3.000000,97.000000,97.000000,97.000000,97.000000,97.000000,5.0,71.4000,67.2426,404.6000,408.7574,PENDING_AG03,FALSE,NOT_FOR_ENFORCEMENT,461.7200,6324.4000,476.0000,461.7200,14.2800,0.06641552,0.06442305,14.2800,461.7200,0.06442305,14.2800,14.2800,14.2800,14.2800,14.2800,461.7200,0.06442305,71.4000,67.2426,404.6000,408.7574,0.05645319,0.05703326,0.00199247,11.0431,10.0462,0.7334,7.9333,0.7580,119.4500,10.8167,10.0000,11.9971,10.0,10.0,10.0,10.0,10.0,50.0,10.0,0.0,1.0,5.0,1.104314,28,151,16,2,0.43253802,0.06641552,0.07806452,0E-8,0.000000,0.909725,0.000000,-0.02052825,2026-03-30,2026-08-05,60,628,484,129,0.465116,0.833538,0.905539,1.441793,,,,,,,,GLOBAL_BASELINE_NO_ENTITY_RANKING,,,NOT_APPLICABLE_GLOBAL_BASELINE,HF9g-P5,,,,X 全窗基线 · 不参与实体赏罚,8390058,840,A168_HF9F_20260827_0900,2026-08-27 09:00:00
2026-07-20,121872929,2193,0,10.0000000000,10.0000000000,10.0000000000,1.0000000,1,1,0.49324550000000000,0.493245500000,1.01360149184955,1.01360149184955,1.01360149184955,0E-17,ELIGIBLE,R03b_20260811_FULL_v1,L1_ELIGIBILITY,v2026-08-11,2026-03-21..2026-08-06,baccarat_bet02_101_all_pairs_incl_sentinel,round_win = game_pnl > 0 (decisive only),COMPATIBILITY_ONLY_NOT_PRODUCTION,7167.0000,6520.0000,476.0000,649,649,-0.06641552,-0.07806452,-0.05753627,-0.06641552,-476.0000,7167.0000,OK,0.0000,14.2800,3.0000,97.0000,AG03-UNRESOLVED,ALL5_LEVELS_bet23_to_bet27,14.2800,14.2800,14.2800,14.2800,14.2800,3.000000,3.000000,3.000000,3.000000,3.000000,97.000000,97.000000,97.000000,97.000000,97.000000,5.0,71.4000,67.2426,404.6000,408.7574,PENDING_AG03,FALSE,NOT_FOR_ENFORCEMENT,461.7200,6324.4000,476.0000,461.7200,14.2800,0.06641552,0.06442305,14.2800,461.7200,0.06442305,14.2800,14.2800,14.2800,14.2800,14.2800,461.7200,0.06442305,71.4000,67.2426,404.6000,408.7574,0.05645319,0.05703326,0.00199247,11.0431,10.0462,0.7334,7.9333,0.7580,119.4500,10.8167,10.0000,11.9971,10.0,10.0,10.0,10.0,10.0,50.0,10.0,0.0,1.0,5.0,1.104314,28,151,16,2,0.43253802,0.06641552,0.07806452,0E-8,0.000000,0.909725,0.000000,-0.02052825,2026-03-30,2026-08-05,60,628,484,129,0.465116,0.833538,0.905539,1.441793,,,,,,,,GLOBAL_BASELINE_NO_ENTITY_RANKING,,,NOT_APPLICABLE_GLOBAL_BASELINE,HF9g-P5,,,,X 全窗基线 · 不参与实体赏罚,8390059,840,A168_HF9F_20260827_0900,2026-08-27 09:00:00
2026-07-20,121872929,2224,0,10.0000000000,9.5000000000,9.5000000000,1.0000000,1,1,0.50665070000000000,0.506650700000,0.9867858985152569,0.9867858985152569,0.9867858985152569,0E-17,ELIGIBLE,R03b_20260811_FULL_v1,L1_ELIGIBILITY,v2026-08-11,2026-03-21..2026-08-06,baccarat_bet02_101_all_pairs_incl_sentinel,round_win = game_pnl > 0 (decisive only),COMPATIBILITY_ONLY_NOT_PRODUCTION,7167.0000,6520.0000,476.0000,649,649,-0.06641552,-0.07806452,-0.05753627,-0.06641552,-476.0000,7167.0000,OK,0.0000,14.2800,3.0000,97.0000,AG03-UNRESOLVED,ALL5_LEVELS_bet23_to_bet27,14.2800,14.2800,14.2800,14.2800,14.2800,3.000000,3.000000,3.000000,3.000000,3.000000,97.000000,97.000000,97.000000,97.000000,97.000000,5.0,71.4000,67.2426,404.6000,408.7574,PENDING_AG03,FALSE,NOT_FOR_ENFORCEMENT,461.7200,6324.4000,476.0000,461.7200,14.2800,0.06641552,0.06442305,14.2800,461.7200,0.06442305,14.2800,14.2800,14.2800,14.2800,14.2800,461.7200,0.06442305,71.4000,67.2426,404.6000,408.7574,0.05645319,0.05703326,0.00199247,11.0431,10.0462,0.7334,7.9333,0.7580,119.4500,10.8167,10.0000,11.9971,10.0,10.0,10.0,10.0,10.0,50.0,10.0,0.0,1.0,5.0,1.104314,28,151,16,2,0.43253802,0.06641552,0.07806452,0E-8,0.000000,0.909725,0.000000,-0.02052825,2026-03-30,2026-08-05,60,628,484,129,0.465116,0.833538,0.905539,1.441793,,,,,,,,GLOBAL_BASELINE_NO_ENTITY_RANKING,,,NOT_APPLICABLE_GLOBAL_BASELINE,HF9g-P5,,,,X 全窗基线 · 不参与实体赏罚,8390060,840,A168_HF9F_20260827_0900,2026-08-27 09:00:00
2026-07-20,121872929,2239,0,10.0000000000,0E-10,0E-10,,1,1,0.49324550000000000,0.493245500000,,,,0E-17,NO_DECISIVE_ROUND,R03b_20260811_FULL_v1,L1_ELIGIBILITY,v2026-08-11,2026-03-21..2026-08-06,baccarat_bet02_101_all_pairs_incl_sentinel,round_win = game_pnl > 0 (decisive only),COMPATIBILITY_ONLY_NOT_PRODUCTION,7167.0000,6520.0000,476.0000,649,649,-0.06641552,-0.07806452,-0.05753627,-0.06641552,-476.0000,7167.0000,OK,0.0000,14.2800,3.0000,97.0000,AG03-UNRESOLVED,ALL5_LEVELS_bet23_to_bet27,14.2800,14.2800,14.2800,14.2800,14.2800,3.000000,3.000000,3.000000,3.000000,3.000000,97.000000,97.000000,97.000000,97.000000,97.000000,5.0,71.4000,67.2426,404.6000,408.7574,PENDING_AG03,FALSE,NOT_FOR_ENFORCEMENT,461.7200,6324.4000,476.0000,461.7200,14.2800,0.06641552,0.06442305,14.2800,461.7200,0.06442305,14.2800,14.2800,14.2800,14.2800,14.2800,461.7200,0.06442305,71.4000,67.2426,404.6000,408.7574,0.05645319,0.05703326,0.00199247,11.0431,10.0462,0.7334,7.9333,0.7580,119.4500,10.8167,10.0000,11.9971,10.0,10.0,10.0,10.0,10.0,50.0,10.0,0.0,1.0,5.0,1.104314,28,151,16,2,0.43253802,0.06641552,0.07806452,0E-8,0.000000,0.909725,0.000000,-0.02052825,2026-03-30,2026-08-05,60,628,484,129,0.465116,0.833538,0.905539,1.441793,,,,,,,,GLOBAL_BASELINE_NO_ENTITY_RANKING,,,NOT_APPLICABLE_GLOBAL_BASELINE,HF9g-P5,,,,X 全窗基线 · 不参与实体赏罚,8390061,840,A168_HF9F_20260827_0900,2026-08-27 09:00:00
2026-07-20,121872929,986,0,20.0000000000,-20.0000000000,-20.0000000000,0E-7,2,2,0.49994810000000000,0.499948100000,-1.4140667746232096,-1.4140667746232096,-1.4140667746232096,0E-17,ELIGIBLE,R03b_20260811_FULL_v1,L1_ELIGIBILITY,v2026-08-11,2026-03-21..2026-08-06,baccarat_bet02_101_all_pairs_incl_sentinel,round_win = game_pnl > 0 (decisive only),COMPATIBILITY_ONLY_NOT_PRODUCTION,7167.0000,6520.0000,476.0000,649,649,-0.06641552,-0.07806452,-0.05753627,-0.06641552,-476.0000,7167.0000,OK,0.0000,14.2800,3.0000,97.0000,AG03-UNRESOLVED,ALL5_LEVELS_bet23_to_bet27,14.2800,14.2800,14.2800,14.2800,14.2800,3.000000,3.000000,3.000000,3.000000,3.000000,97.000000,97.000000,97.000000,97.000000,97.000000,5.0,71.4000,67.2426,404.6000,408.7574,PENDING_AG03,FALSE,NOT_FOR_ENFORCEMENT,461.7200,6324.4000,476.0000,461.7200,14.2800,0.06641552,0.06442305,14.2800,461.7200,0.06442305,14.2800,14.2800,14.2800,14.2800,14.2800,461.7200,0.06442305,71.4000,67.2426,404.6000,408.7574,0.05645319,0.05703326,0.00199247,11.0431,10.0462,0.7334,7.9333,0.7580,119.4500,10.8167,10.0000,11.9971,10.0,10.0,10.0,10.0,10.0,50.0,10.0,0.0,1.0,5.0,1.104314,28,151,16,2,0.43253802,0.06641552,0.07806452,0E-8,0.000000,0.909725,0.000000,-0.02052825,2026-03-30,2026-08-05,60,628,484,129,0.465116,0.833538,0.905539,1.441793,,,,,,,,GLOBAL_BASELINE_NO_ENTITY_RANKING,,,NOT_APPLICABLE_GLOBAL_BASELINE,HF9g-P5,,,,X 全窗基线 · 不参与实体赏罚,8390062,840,A168_HF9F_20260827_0900,2026-08-27 09:00:00
2026-07-21,121872929,1935,0,30.0000000000,9.5000000000,9.5000000000,0.6666667,3,3,0.50218230000000000,0.502182300000,0.5697959874915163,0.5697959874915164,0.5697959874915163,0E-17,ELIGIBLE,R03b_20260811_FULL_v1,L1_ELIGIBILITY,v2026-08-11,2026-03-21..2026-08-06,baccarat_bet02_101_all_pairs_incl_sentinel,round_win = game_pnl > 0 (decisive only),COMPATIBILITY_ONLY_NOT_PRODUCTION,7167.0000,6520.0000,476.0000,649,649,-0.06641552,-0.07806452,-0.05753627,-0.06641552,-476.0000,7167.0000,OK,0.0000,14.2800,3.0000,97.0000,AG03-UNRESOLVED,ALL5_LEVELS_bet23_to_bet27,14.2800,14.2800,14.2800,14.2800,14.2800,3.000000,3.000000,3.000000,3.000000,3.000000,97.000000,97.000000,97.000000,97.000000,97.000000,5.0,71.4000,67.2426,404.6000,408.7574,PENDING_AG03,FALSE,NOT_FOR_ENFORCEMENT,461.7200,6324.4000,476.0000,461.7200,14.2800,0.06641552,0.06442305,14.2800,461.7200,0.06442305,14.2800,14.2800,14.2800,14.2800,14.2800,461.7200,0.06442305,71.4000,67.2426,404.6000,408.7574,0.05645319,0.05703326,0.00199247,11.0431,10.0462,0.7334,7.9333,0.7580,119.4500,10.8167,10.0000,11.9971,10.0,10.0,10.0,10.0,10.0,50.0,10.0,0.0,1.0,5.0,1.104314,28,151,16,2,0.43253802,0.06641552,0.07806452,0E-8,0.000000,0.909725,0.000000,-0.02052825,2026-03-30,2026-08-05,60,628,484,129,0.465116,0.833538,0.905539,1.441793,,,,,,,,GLOBAL_BASELINE_NO_ENTITY_RANKING,,,NOT_APPLICABLE_GLOBAL_BASELINE,HF9g-P5,,,,X 全窗基线 · 不参与实体赏罚,8390063,840,A168_HF9F_20260827_0900,2026-08-27 09:00:00
2026-07-21,121872929,2123,0,10.0000000000,-10.0000000000,-10.0000000000,0E-7,1,1,0.49324550000000000,0.493245500000,-0.9865810262130424,-0.9865810262130424,-0.9865810262130424,0E-17,ELIGIBLE,R03b_20260811_FULL_v1,L1_ELIGIBILITY,v2026-08-11,2026-03-21..2026-08-06,baccarat_bet02_101_all_pairs_incl_sentinel,round_win = game_pnl > 0 (decisive only),COMPATIBILITY_ONLY_NOT_PRODUCTION,7167.0000,6520.0000,476.0000,649,649,-0.06641552,-0.07806452,-0.05753627,-0.06641552,-476.0000,7167.0000,OK,0.0000,14.2800,3.0000,97.0000,AG03-UNRESOLVED,ALL5_LEVELS_bet23_to_bet27,14.2800,14.2800,14.2800,14.2800,14.2800,3.000000,3.000000,3.000000,3.000000,3.000000,97.000000,97.000000,97.000000,97.000000,97.000000,5.0,71.4000,67.2426,404.6000,408.7574,PENDING_AG03,FALSE,NOT_FOR_ENFORCEMENT,461.7200,6324.4000,476.0000,461.7200,14.2800,0.06641552,0.06442305,14.2800,461.7200,0.06442305,14.2800,14.2800,14.2800,14.2800,14.2800,461.7200,0.06442305,71.4000,67.2426,404.6000,408.7574,0.05645319,0.05703326,0.00199247,11.0431,10.0462,0.7334,7.9333,0.7580,119.4500,10.8167,10.0000,11.9971,10.0,10.0,10.0,10.0,10.0,50.0,10.0,0.0,1.0,5.0,1.104314,28,151,16,2,0.43253802,0.06641552,0.07806452,0E-8,0.000000,0.909725,0.000000,-0.02052825,2026-03-30,2026-08-05,60,628,484,129,0.465116,0.833538,0.905539,1.441793,,,,,,,,GLOBAL_BASELINE_NO_ENTITY_RANKING,,,NOT_APPLICABLE_GLOBAL_BASELINE,HF9g-P5,,,,X 全窗基线 · 不参与实体赏罚,8390064,840,A168_HF9F_20260827_0900,2026-08-27 09:00:00
2026-07-21,121872929,2141,0,10.0000000000,9.5000000000,9.5000000000,1.0000000,1,1,0.50665070000000000,0.506650700000,0.9867858985152569,0.9867858985152569,0.9867858985152569,0E-17,ELIGIBLE,R03b_20260811_FULL_v1,L1_ELIGIBILITY,v2026-08-11,2026-03-21..2026-08-06,baccarat_bet02_101_all_pairs_incl_sentinel,round_win = game_pnl > 0 (decisive only),COMPATIBILITY_ONLY_NOT_PRODUCTION,7167.0000,6520.0000,476.0000,649,649,-0.06641552,-0.07806452,-0.05753627,-0.06641552,-476.0000,7167.0000,OK,0.0000,14.2800,3.0000,97.0000,AG03-UNRESOLVED,ALL5_LEVELS_bet23_to_bet27,14.2800,14.2800,14.2800,14.2800,14.2800,3.000000,3.000000,3.000000,3.000000,3.000000,97.000000,97.000000,97.000000,97.000000,97.000000,5.0,71.4000,67.2426,404.6000,408.7574,PENDING_AG03,FALSE,NOT_FOR_ENFORCEMENT,461.7200,6324.4000,476.0000,461.7200,14.2800,0.06641552,0.06442305,14.2800,461.7200,0.06442305,14.2800,14.2800,14.2800,14.2800,14.2800,461.7200,0.06442305,71.4000,67.2426,404.6000,408.7574,0.05645319,0.05703326,0.00199247,11.0431,10.0462,0.7334,7.9333,0.7580,119.4500,10.8167,10.0000,11.9971,10.0,10.0,10.0,10.0,10.0,50.0,10.0,0.0,1.0,5.0,1.104314,28,151,16,2,0.43253802,0.06641552,0.07806452,0E-8,0.000000,0.909725,0.000000,-0.02052825,2026-03-30,2026-08-05,60,628,484,129,0.465116,0.833538,0.905539,1.441793,,,,,,,,GLOBAL_BASELINE_NO_ENTITY_RANKING,,,NOT_APPLICABLE_GLOBAL_BASELINE,HF9g-P5,,,,X 全窗基线 · 不参与实体赏罚,8390065,840,A168_HF9F_20260827_0900,2026-08-27 09:00:00
2026-07-21,121872929,2145,0,10.0000000000,-10.0000000000,-10.0000000000,0E-7,1,1,0.49324550000000000,0.493245500000,-0.9865810262130424,-0.9865810262130424,-0.9865810262130424,0E-17,ELIGIBLE,R03b_20260811_FULL_v1,L1_ELIGIBILITY,v2026-08-11,2026-03-21..2026-08-06,baccarat_bet02_101_all_pairs_incl_sentinel,round_win = game_pnl > 0 (decisive only),COMPATIBILITY_ONLY_NOT_PRODUCTION,7167.0000,6520.0000,476.0000,649,649,-0.06641552,-0.07806452,-0.05753627,-0.06641552,-476.0000,7167.0000,OK,0.0000,14.2800,3.0000,97.0000,AG03-UNRESOLVED,ALL5_LEVELS_bet23_to_bet27,14.2800,14.2800,14.2800,14.2800,14.2800,3.000000,3.000000,3.000000,3.000000,3.000000,97.000000,97.000000,97.000000,97.000000,97.000000,5.0,71.4000,67.2426,404.6000,408.7574,PENDING_AG03,FALSE,NOT_FOR_ENFORCEMENT,461.7200,6324.4000,476.0000,461.7200,14.2800,0.06641552,0.06442305,14.2800,461.7200,0.06442305,14.2800,14.2800,14.2800,14.2800,14.2800,461.7200,0.06442305,71.4000,67.2426,404.6000,408.7574,0.05645319,0.05703326,0.00199247,11.0431,10.0462,0.7334,7.9333,0.7580,119.4500,10.8167,10.0000,11.9971,10.0,10.0,10.0,10.0,10.0,50.0,10.0,0.0,1.0,5.0,1.104314,28,151,16,2,0.43253802,0.06641552,0.07806452,0E-8,0.000000,0.909725,0.000000,-0.02052825,2026-03-30,2026-08-05,60,628,484,129,0.465116,0.833538,0.905539,1.441793,,,,,,,,GLOBAL_BASELINE_NO_ENTITY_RANKING,,,NOT_APPLICABLE_GLOBAL_BASELINE,HF9g-P5,,,,X 全窗基线 · 不参与实体赏罚,8390066,840,A168_HF9F_20260827_0900,2026-08-27 09:00:00
2026-07-21,121872929,2152,0,10.0000000000,-10.0000000000,-10.0000000000,0E-7,1,1,0.49324550000000000,0.493245500000,-0.9865810262130424,-0.9865810262130424,-0.9865810262130424,0E-17,ELIGIBLE,R03b_20260811_FULL_v1,L1_ELIGIBILITY,v2026-08-11,2026-03-21..2026-08-06,baccarat_bet02_101_all_pairs_incl_sentinel,round_win = game_pnl > 0 (decisive only),COMPATIBILITY_ONLY_NOT_PRODUCTION,7167.0000,6520.0000,476.0000,649,649,-0.06641552,-0.07806452,-0.05753627,-0.06641552,-476.0000,7167.0000,OK,0.0000,14.2800,3.0000,97.0000,AG03-UNRESOLVED,ALL5_LEVELS_bet23_to_bet27,14.2800,14.2800,14.2800,14.2800,14.2800,3.000000,3.000000,3.000000,3.000000,3.000000,97.000000,97.000000,97.000000,97.000000,97.000000,5.0,71.4000,67.2426,404.6000,408.7574,PENDING_AG03,FALSE,NOT_FOR_ENFORCEMENT,461.7200,6324.4000,476.0000,461.7200,14.2800,0.06641552,0.06442305,14.2800,461.7200,0.06442305,14.2800,14.2800,14.2800,14.2800,14.2800,461.7200,0.06442305,71.4000,67.2426,404.6000,408.7574,0.05645319,0.05703326,0.00199247,11.0431,10.0462,0.7334,7.9333,0.7580,119.4500,10.8167,10.0000,11.9971,10.0,10.0,10.0,10.0,10.0,50.0,10.0,0.0,1.0,5.0,1.104314,28,151,16,2,0.43253802,0.06641552,0.07806452,0E-8,0.000000,0.909725,0.000000,-0.02052825,2026-03-30,2026-08-05,60,628,484,129,0.465116,0.833538,0.905539,1.441793,,,,,,,,GLOBAL_BASELINE_NO_ENTITY_RANKING,,,NOT_APPLICABLE_GLOBAL_BASELINE,HF9g-P5,,,,X 全窗基线 · 不参与实体赏罚,8390067,840,A168_HF9F_20260827_0900,2026-08-27 09:00:00
2026-07-21,121872929,2229,0,10.0000000000,9.5000000000,9.5000000000,1.0000000,1,1,0.50665070000000000,0.506650700000,0.9867858985152569,0.9867858985152569,0.9867858985152569,0E-17,ELIGIBLE,R03b_20260811_FULL_v1,L1_ELIGIBILITY,v2026-08-11,2026-03-21..2026-08-06,baccarat_bet02_101_all_pairs_incl_sentinel,round_win = game_pnl > 0 (decisive only),COMPATIBILITY_ONLY_NOT_PRODUCTION,7167.0000,6520.0000,476.0000,649,649,-0.06641552,-0.07806452,-0.05753627,-0.06641552,-476.0000,7167.0000,OK,0.0000,14.2800,3.0000,97.0000,AG03-UNRESOLVED,ALL5_LEVELS_bet23_to_bet27,14.2800,14.2800,14.2800,14.2800,14.2800,3.000000,3.000000,3.000000,3.000000,3.000000,97.000000,97.000000,97.000000,97.000000,97.000000,5.0,71.4000,67.2426,404.6000,408.7574,PENDING_AG03,FALSE,NOT_FOR_ENFORCEMENT,461.7200,6324.4000,476.0000,461.7200,14.2800,0.06641552,0.06442305,14.2800,461.7200,0.06442305,14.2800,14.2800,14.2800,14.2800,14.2800,461.7200,0.06442305,71.4000,67.2426,404.6000,408.7574,0.05645319,0.05703326,0.00199247,11.0431,10.0462,0.7334,7.9333,0.7580,119.4500,10.8167,10.0000,11.9971,10.0,10.0,10.0,10.0,10.0,50.0,10.0,0.0,1.0,5.0,1.104314,28,151,16,2,0.43253802,0.06641552,0.07806452,0E-8,0.000000,0.909725,0.000000,-0.02052825,2026-03-30,2026-08-05,60,628,484,129,0.465116,0.833538,0.905539,1.441793,,,,,,,,GLOBAL_BASELINE_NO_ENTITY_RANKING,,,NOT_APPLICABLE_GLOBAL_BASELINE,HF9g-P5,,,,X 全窗基线 · 不参与实体赏罚,8390068,840,A168_HF9F_20260827_0900,2026-08-27 09:00:00
2026-07-21,121872929,2239,0,10.0000000000,-10.0000000000,-10.0000000000,0E-7,1,1,0.50665070000000000,0.506650700000,-1.013391052207602,-1.013391052207602,-1.013391052207602,0E-17,ELIGIBLE,R03b_20260811_FULL_v1,L1_ELIGIBILITY,v2026-08-11,2026-03-21..2026-08-06,baccarat_bet02_101_all_pairs_incl_sentinel,round_win = game_pnl > 0 (decisive only),COMPATIBILITY_ONLY_NOT_PRODUCTION,7167.0000,6520.0000,476.0000,649,649,-0.06641552,-0.07806452,-0.05753627,-0.06641552,-476.0000,7167.0000,OK,0.0000,14.2800,3.0000,97.0000,AG03-UNRESOLVED,ALL5_LEVELS_bet23_to_bet27,14.2800,14.2800,14.2800,14.2800,14.2800,3.000000,3.000000,3.000000,3.000000,3.000000,97.000000,97.000000,97.000000,97.000000,97.000000,5.0,71.4000,67.2426,404.6000,408.7574,PENDING_AG03,FALSE,NOT_FOR_ENFORCEMENT,461.7200,6324.4000,476.0000,461.7200,14.2800,0.06641552,0.06442305,14.2800,461.7200,0.06442305,14.2800,14.2800,14.2800,14.2800,14.2800,461.7200,0.06442305,71.4000,67.2426,404.6000,408.7574,0.05645319,0.05703326,0.00199247,11.0431,10.0462,0.7334,7.9333,0.7580,119.4500,10.8167,10.0000,11.9971,10.0,10.0,10.0,10.0,10.0,50.0,10.0,0.0,1.0,5.0,1.104314,28,151,16,2,0.43253802,0.06641552,0.07806452,0E-8,0.000000,0.909725,0.000000,-0.02052825,2026-03-30,2026-08-05,60,628,484,129,0.465116,0.833538,0.905539,1.441793,,,,,,,,GLOBAL_BASELINE_NO_ENTITY_RANKING,,,NOT_APPLICABLE_GLOBAL_BASELINE,HF9g-P5,,,,X 全窗基线 · 不参与实体赏罚,8390069,840,A168_HF9F_20260827_0900,2026-08-27 09:00:00
2026-07-21,121872929,994,0,10.0000000000,0E-10,0E-10,,1,1,0.50665070000000000,0.506650700000,,,,0E-17,NO_DECISIVE_ROUND,R03b_20260811_FULL_v1,L1_ELIGIBILITY,v2026-08-11,2026-03-21..2026-08-06,baccarat_bet02_101_all_pairs_incl_sentinel,round_win = game_pnl > 0 (decisive only),COMPATIBILITY_ONLY_NOT_PRODUCTION,7167.0000,6520.0000,476.0000,649,649,-0.06641552,-0.07806452,-0.05753627,-0.06641552,-476.0000,7167.0000,OK,0.0000,14.2800,3.0000,97.0000,AG03-UNRESOLVED,ALL5_LEVELS_bet23_to_bet27,14.2800,14.2800,14.2800,14.2800,14.2800,3.000000,3.000000,3.000000,3.000000,3.000000,97.000000,97.000000,97.000000,97.000000,97.000000,5.0,71.4000,67.2426,404.6000,408.7574,PENDING_AG03,FALSE,NOT_FOR_ENFORCEMENT,461.7200,6324.4000,476.0000,461.7200,14.2800,0.06641552,0.06442305,14.2800,461.7200,0.06442305,14.2800,14.2800,14.2800,14.2800,14.2800,461.7200,0.06442305,71.4000,67.2426,404.6000,408.7574,0.05645319,0.05703326,0.00199247,11.0431,10.0462,0.7334,7.9333,0.7580,119.4500,10.8167,10.0000,11.9971,10.0,10.0,10.0,10.0,10.0,50.0,10.0,0.0,1.0,5.0,1.104314,28,151,16,2,0.43253802,0.06641552,0.07806452,0E-8,0.000000,0.909725,0.000000,-0.02052825,2026-03-30,2026-08-05,60,628,484,129,0.465116,0.833538,0.905539,1.441793,,,,,,,,GLOBAL_BASELINE_NO_ENTITY_RANKING,,,NOT_APPLICABLE_GLOBAL_BASELINE,HF9g-P5,,,,X 全窗基线 · 不参与实体赏罚,8390070,840,A168_HF9F_20260827_0900,2026-08-27 09:00:00
2026-07-22,121872929,-1,1,20.0000000000,-0.5000000000,-0.5000000000,0.5000000,2,2,0.50665070000000000,0.506650700000,-0.018812684590367487,-0.018812684590367487,-0.018812684590367487,0E-17,SENTINEL_DEALER,R03b_20260811_FULL_v1,L1_ELIGIBILITY,v2026-08-11,2026-03-21..2026-08-06,baccarat_bet02_101_all_pairs_incl_sentinel,round_win = game_pnl > 0 (decisive only),COMPATIBILITY_ONLY_NOT_PRODUCTION,7167.0000,6520.0000,476.0000,649,649,-0.06641552,-0.07806452,-0.05753627,-0.06641552,-476.0000,7167.0000,OK,0.0000,14.2800,3.0000,97.0000,AG03-UNRESOLVED,ALL5_LEVELS_bet23_to_bet27,14.2800,14.2800,14.2800,14.2800,14.2800,3.000000,3.000000,3.000000,3.000000,3.000000,97.000000,97.000000,97.000000,97.000000,97.000000,5.0,71.4000,67.2426,404.6000,408.7574,PENDING_AG03,FALSE,NOT_FOR_ENFORCEMENT,461.7200,6324.4000,476.0000,461.7200,14.2800,0.06641552,0.06442305,14.2800,461.7200,0.06442305,14.2800,14.2800,14.2800,14.2800,14.2800,461.7200,0.06442305,71.4000,67.2426,404.6000,408.7574,0.05645319,0.05703326,0.00199247,11.0431,10.0462,0.7334,7.9333,0.7580,119.4500,10.8167,10.0000,11.9971,10.0,10.0,10.0,10.0,10.0,50.0,10.0,0.0,1.0,5.0,1.104314,28,151,16,2,0.43253802,0.06641552,0.07806452,0E-8,0.000000,0.909725,0.000000,-0.02052825,2026-03-30,2026-08-05,60,628,484,129,0.465116,0.833538,0.905539,1.441793,,,,,,,,GLOBAL_BASELINE_NO_ENTITY_RANKING,,,NOT_APPLICABLE_GLOBAL_BASELINE,HF9g-P5,,,,X 全窗基线 · 不参与实体赏罚,8390071,840,A168_HF9F_20260827_0900,2026-08-27 09:00:00
2026-07-22,121872929,1307,0,10.0000000000,10.0000000000,10.0000000000,1.0000000,1,1,0.49324550000000000,0.493245500000,1.01360149184955,1.01360149184955,1.01360149184955,0E-17,ELIGIBLE,R03b_20260811_FULL_v1,L1_ELIGIBILITY,v2026-08-11,2026-03-21..2026-08-06,baccarat_bet02_101_all_pairs_incl_sentinel,round_win = game_pnl > 0 (decisive only),COMPATIBILITY_ONLY_NOT_PRODUCTION,7167.0000,6520.0000,476.0000,649,649,-0.06641552,-0.07806452,-0.05753627,-0.06641552,-476.0000,7167.0000,OK,0.0000,14.2800,3.0000,97.0000,AG03-UNRESOLVED,ALL5_LEVELS_bet23_to_bet27,14.2800,14.2800,14.2800,14.2800,14.2800,3.000000,3.000000,3.000000,3.000000,3.000000,97.000000,97.000000,97.000000,97.000000,97.000000,5.0,71.4000,67.2426,404.6000,408.7574,PENDING_AG03,FALSE,NOT_FOR_ENFORCEMENT,461.7200,6324.4000,476.0000,461.7200,14.2800,0.06641552,0.06442305,14.2800,461.7200,0.06442305,14.2800,14.2800,14.2800,14.2800,14.2800,461.7200,0.06442305,71.4000,67.2426,404.6000,408.7574,0.05645319,0.05703326,0.00199247,11.0431,10.0462,0.7334,7.9333,0.7580,119.4500,10.8167,10.0000,11.9971,10.0,10.0,10.0,10.0,10.0,50.0,10.0,0.0,1.0,5.0,1.104314,28,151,16,2,0.43253802,0.06641552,0.07806452,0E-8,0.000000,0.909725,0.000000,-0.02052825,2026-03-30,2026-08-05,60,628,484,129,0.465116,0.833538,0.905539,1.441793,,,,,,,,GLOBAL_BASELINE_NO_ENTITY_RANKING,,,NOT_APPLICABLE_GLOBAL_BASELINE,HF9g-P5,,,,X 全窗基线 · 不参与实体赏罚,8390072,840,A168_HF9F_20260827_0900,2026-08-27 09:00:00
2026-07-22,121872929,1704,0,10.0000000000,9.5000000000,9.5000000000,1.0000000,1,1,0.50665070000000000,0.506650700000,0.9867858985152569,0.9867858985152569,0.9867858985152569,0E-17,ELIGIBLE,R03b_20260811_FULL_v1,L1_ELIGIBILITY,v2026-08-11,2026-03-21..2026-08-06,baccarat_bet02_101_all_pairs_incl_sentinel,round_win = game_pnl > 0 (decisive only),COMPATIBILITY_ONLY_NOT_PRODUCTION,7167.0000,6520.0000,476.0000,649,649,-0.06641552,-0.07806452,-0.05753627,-0.06641552,-476.0000,7167.0000,OK,0.0000,14.2800,3.0000,97.0000,AG03-UNRESOLVED,ALL5_LEVELS_bet23_to_bet27,14.2800,14.2800,14.2800,14.2800,14.2800,3.000000,3.000000,3.000000,3.000000,3.000000,97.000000,97.000000,97.000000,97.000000,97.000000,5.0,71.4000,67.2426,404.6000,408.7574,PENDING_AG03,FALSE,NOT_FOR_ENFORCEMENT,461.7200,6324.4000,476.0000,461.7200,14.2800,0.06641552,0.06442305,14.2800,461.7200,0.06442305,14.2800,14.2800,14.2800,14.2800,14.2800,461.7200,0.06442305,71.4000,67.2426,404.6000,408.7574,0.05645319,0.05703326,0.00199247,11.0431,10.0462,0.7334,7.9333,0.7580,119.4500,10.8167,10.0000,11.9971,10.0,10.0,10.0,10.0,10.0,50.0,10.0,0.0,1.0,5.0,1.104314,28,151,16,2,0.43253802,0.06641552,0.07806452,0E-8,0.000000,0.909725,0.000000,-0.02052825,2026-03-30,2026-08-05,60,628,484,129,0.465116,0.833538,0.905539,1.441793,,,,,,,,GLOBAL_BASELINE_NO_ENTITY_RANKING,,,NOT_APPLICABLE_GLOBAL_BASELINE,HF9g-P5,,,,X 全窗基线 · 不参与实体赏罚,8390073,840,A168_HF9F_20260827_0900,2026-08-27 09:00:00
2026-07-22,121872929,1957,0,10.0000000000,10.0000000000,10.0000000000,1.0000000,1,1,0.49324550000000000,0.493245500000,1.01360149184955,1.01360149184955,1.01360149184955,0E-17,ELIGIBLE,R03b_20260811_FULL_v1,L1_ELIGIBILITY,v2026-08-11,2026-03-21..2026-08-06,baccarat_bet02_101_all_pairs_incl_sentinel,round_win = game_pnl > 0 (decisive only),COMPATIBILITY_ONLY_NOT_PRODUCTION,7167.0000,6520.0000,476.0000,649,649,-0.06641552,-0.07806452,-0.05753627,-0.06641552,-476.0000,7167.0000,OK,0.0000,14.2800,3.0000,97.0000,AG03-UNRESOLVED,ALL5_LEVELS_bet23_to_bet27,14.2800,14.2800,14.2800,14.2800,14.2800,3.000000,3.000000,3.000000,3.000000,3.000000,97.000000,97.000000,97.000000,97.000000,97.000000,5.0,71.4000,67.2426,404.6000,408.7574,PENDING_AG03,FALSE,NOT_FOR_ENFORCEMENT,461.7200,6324.4000,476.0000,461.7200,14.2800,0.06641552,0.06442305,14.2800,461.7200,0.06442305,14.2800,14.2800,14.2800,14.2800,14.2800,461.7200,0.06442305,71.4000,67.2426,404.6000,408.7574,0.05645319,0.05703326,0.00199247,11.0431,10.0462,0.7334,7.9333,0.7580,119.4500,10.8167,10.0000,11.9971,10.0,10.0,10.0,10.0,10.0,50.0,10.0,0.0,1.0,5.0,1.104314,28,151,16,2,0.43253802,0.06641552,0.07806452,0E-8,0.000000,0.909725,0.000000,-0.02052825,2026-03-30,2026-08-05,60,628,484,129,0.465116,0.833538,0.905539,1.441793,,,,,,,,GLOBAL_BASELINE_NO_ENTITY_RANKING,,,NOT_APPLICABLE_GLOBAL_BASELINE,HF9g-P5,,,,X 全窗基线 · 不参与实体赏罚,8390074,840,A168_HF9F_20260827_0900,2026-08-27 09:00:00
2026-07-22,121872929,2209,0,10.0000000000,9.5000000000,9.5000000000,1.0000000,1,1,0.50665070000000000,0.506650700000,0.9867858985152569,0.9867858985152569,0.9867858985152569,0E-17,ELIGIBLE,R03b_20260811_FULL_v1,L1_ELIGIBILITY,v2026-08-11,2026-03-21..2026-08-06,baccarat_bet02_101_all_pairs_incl_sentinel,round_win = game_pnl > 0 (decisive only),COMPATIBILITY_ONLY_NOT_PRODUCTION,7167.0000,6520.0000,476.0000,649,649,-0.06641552,-0.07806452,-0.05753627,-0.06641552,-476.0000,7167.0000,OK,0.0000,14.2800,3.0000,97.0000,AG03-UNRESOLVED,ALL5_LEVELS_bet23_to_bet27,14.2800,14.2800,14.2800,14.2800,14.2800,3.000000,3.000000,3.000000,3.000000,3.000000,97.000000,97.000000,97.000000,97.000000,97.000000,5.0,71.4000,67.2426,404.6000,408.7574,PENDING_AG03,FALSE,NOT_FOR_ENFORCEMENT,461.7200,6324.4000,476.0000,461.7200,14.2800,0.06641552,0.06442305,14.2800,461.7200,0.06442305,14.2800,14.2800,14.2800,14.2800,14.2800,461.7200,0.06442305,71.4000,67.2426,404.6000,408.7574,0.05645319,0.05703326,0.00199247,11.0431,10.0462,0.7334,7.9333,0.7580,119.4500,10.8167,10.0000,11.9971,10.0,10.0,10.0,10.0,10.0,50.0,10.0,0.0,1.0,5.0,1.104314,28,151,16,2,0.43253802,0.06641552,0.07806452,0E-8,0.000000,0.909725,0.000000,-0.02052825,2026-03-30,2026-08-05,60,628,484,129,0.465116,0.833538,0.905539,1.441793,,,,,,,,GLOBAL_BASELINE_NO_ENTITY_RANKING,,,NOT_APPLICABLE_GLOBAL_BASELINE,HF9g-P5,,,,X 全窗基线 · 不参与实体赏罚,8390075,840,A168_HF9F_20260827_0900,2026-08-27 09:00:00
2026-07-22,121872929,2223,0,10.0000000000,0E-10,0E-10,,1,1,0.49324550000000000,0.493245500000,,,,0E-17,NO_DECISIVE_ROUND,R03b_20260811_FULL_v1,L1_ELIGIBILITY,v2026-08-11,2026-03-21..2026-08-06,baccarat_bet02_101_all_pairs_incl_sentinel,round_win = game_pnl > 0 (decisive only),COMPATIBILITY_ONLY_NOT_PRODUCTION,7167.0000,6520.0000,476.0000,649,649,-0.06641552,-0.07806452,-0.05753627,-0.06641552,-476.0000,7167.0000,OK,0.0000,14.2800,3.0000,97.0000,AG03-UNRESOLVED,ALL5_LEVELS_bet23_to_bet27,14.2800,14.2800,14.2800,14.2800,14.2800,3.000000,3.000000,3.000000,3.000000,3.000000,97.000000,97.000000,97.000000,97.000000,97.000000,5.0,71.4000,67.2426,404.6000,408.7574,PENDING_AG03,FALSE,NOT_FOR_ENFORCEMENT,461.7200,6324.4000,476.0000,461.7200,14.2800,0.06641552,0.06442305,14.2800,461.7200,0.06442305,14.2800,14.2800,14.2800,14.2800,14.2800,461.7200,0.06442305,71.4000,67.2426,404.6000,408.7574,0.05645319,0.05703326,0.00199247,11.0431,10.0462,0.7334,7.9333,0.7580,119.4500,10.8167,10.0000,11.9971,10.0,10.0,10.0,10.0,10.0,50.0,10.0,0.0,1.0,5.0,1.104314,28,151,16,2,0.43253802,0.06641552,0.07806452,0E-8,0.000000,0.909725,0.000000,-0.02052825,2026-03-30,2026-08-05,60,628,484,129,0.465116,0.833538,0.905539,1.441793,,,,,,,,GLOBAL_BASELINE_NO_ENTITY_RANKING,,,NOT_APPLICABLE_GLOBAL_BASELINE,HF9g-P5,,,,X 全窗基线 · 不参与实体赏罚,8390076,840,A168_HF9F_20260827_0900,2026-08-27 09:00:00
2026-07-23,121872929,-1,1,30.0000000000,-30.0000000000,-30.0000000000,0E-7,3,3,0.50665070000000000,0.506650700000,-1.7552447903592512,-1.7552447903592512,-1.7552447903592512,0E-17,SENTINEL_DEALER,R03b_20260811_FULL_v1,L1_ELIGIBILITY,v2026-08-11,2026-03-21..2026-08-06,baccarat_bet02_101_all_pairs_incl_sentinel,round_win = game_pnl > 0 (decisive only),COMPATIBILITY_ONLY_NOT_PRODUCTION,7167.0000,6520.0000,476.0000,649,649,-0.06641552,-0.07806452,-0.05753627,-0.06641552,-476.0000,7167.0000,OK,0.0000,14.2800,3.0000,97.0000,AG03-UNRESOLVED,ALL5_LEVELS_bet23_to_bet27,14.2800,14.2800,14.2800,14.2800,14.2800,3.000000,3.000000,3.000000,3.000000,3.000000,97.000000,97.000000,97.000000,97.000000,97.000000,5.0,71.4000,67.2426,404.6000,408.7574,PENDING_AG03,FALSE,NOT_FOR_ENFORCEMENT,461.7200,6324.4000,476.0000,461.7200,14.2800,0.06641552,0.06442305,14.2800,461.7200,0.06442305,14.2800,14.2800,14.2800,14.2800,14.2800,461.7200,0.06442305,71.4000,67.2426,404.6000,408.7574,0.05645319,0.05703326,0.00199247,11.0431,10.0462,0.7334,7.9333,0.7580,119.4500,10.8167,10.0000,11.9971,10.0,10.0,10.0,10.0,10.0,50.0,10.0,0.0,1.0,5.0,1.104314,28,151,16,2,0.43253802,0.06641552,0.07806452,0E-8,0.000000,0.909725,0.000000,-0.02052825,2026-03-30,2026-08-05,60,628,484,129,0.465116,0.833538,0.905539,1.441793,,,,,,,,GLOBAL_BASELINE_NO_ENTITY_RANKING,,,NOT_APPLICABLE_GLOBAL_BASELINE,HF9g-P5,,,,X 全窗基线 · 不参与实体赏罚,8390077,840,A168_HF9F_20260827_0900,2026-08-27 09:00:00
2026-07-23,121872929,1401,0,10.0000000000,9.5000000000,9.5000000000,1.0000000,1,1,0.50665070000000000,0.506650700000,0.9867858985152569,0.9867858985152569,0.9867858985152569,0E-17,ELIGIBLE,R03b_20260811_FULL_v1,L1_ELIGIBILITY,v2026-08-11,2026-03-21..2026-08-06,baccarat_bet02_101_all_pairs_incl_sentinel,round_win = game_pnl > 0 (decisive only),COMPATIBILITY_ONLY_NOT_PRODUCTION,7167.0000,6520.0000,476.0000,649,649,-0.06641552,-0.07806452,-0.05753627,-0.06641552,-476.0000,7167.0000,OK,0.0000,14.2800,3.0000,97.0000,AG03-UNRESOLVED,ALL5_LEVELS_bet23_to_bet27,14.2800,14.2800,14.2800,14.2800,14.2800,3.000000,3.000000,3.000000,3.000000,3.000000,97.000000,97.000000,97.000000,97.000000,97.000000,5.0,71.4000,67.2426,404.6000,408.7574,PENDING_AG03,FALSE,NOT_FOR_ENFORCEMENT,461.7200,6324.4000,476.0000,461.7200,14.2800,0.06641552,0.06442305,14.2800,461.7200,0.06442305,14.2800,14.2800,14.2800,14.2800,14.2800,461.7200,0.06442305,71.4000,67.2426,404.6000,408.7574,0.05645319,0.05703326,0.00199247,11.0431,10.0462,0.7334,7.9333,0.7580,119.4500,10.8167,10.0000,11.9971,10.0,10.0,10.0,10.0,10.0,50.0,10.0,0.0,1.0,5.0,1.104314,28,151,16,2,0.43253802,0.06641552,0.07806452,0E-8,0.000000,0.909725,0.000000,-0.02052825,2026-03-30,2026-08-05,60,628,484,129,0.465116,0.833538,0.905539,1.441793,,,,,,,,GLOBAL_BASELINE_NO_ENTITY_RANKING,,,NOT_APPLICABLE_GLOBAL_BASELINE,HF9g-P5,,,,X 全窗基线 · 不参与实体赏罚,8390078,840,A168_HF9F_20260827_0900,2026-08-27 09:00:00
2026-07-23,121872929,1509,0,10.0000000000,0E-10,0E-10,,1,1,0.49324550000000000,0.493245500000,,,,0E-17,NO_DECISIVE_ROUND,R03b_20260811_FULL_v1,L1_ELIGIBILITY,v2026-08-11,2026-03-21..2026-08-06,baccarat_bet02_101_all_pairs_incl_sentinel,round_win = game_pnl > 0 (decisive only),COMPATIBILITY_ONLY_NOT_PRODUCTION,7167.0000,6520.0000,476.0000,649,649,-0.06641552,-0.07806452,-0.05753627,-0.06641552,-476.0000,7167.0000,OK,0.0000,14.2800,3.0000,97.0000,AG03-UNRESOLVED,ALL5_LEVELS_bet23_to_bet27,14.2800,14.2800,14.2800,14.2800,14.2800,3.000000,3.000000,3.000000,3.000000,3.000000,97.000000,97.000000,97.000000,97.000000,97.000000,5.0,71.4000,67.2426,404.6000,408.7574,PENDING_AG03,FALSE,NOT_FOR_ENFORCEMENT,461.7200,6324.4000,476.0000,461.7200,14.2800,0.06641552,0.06442305,14.2800,461.7200,0.06442305,14.2800,14.2800,14.2800,14.2800,14.2800,461.7200,0.06442305,71.4000,67.2426,404.6000,408.7574,0.05645319,0.05703326,0.00199247,11.0431,10.0462,0.7334,7.9333,0.7580,119.4500,10.8167,10.0000,11.9971,10.0,10.0,10.0,10.0,10.0,50.0,10.0,0.0,1.0,5.0,1.104314,28,151,16,2,0.43253802,0.06641552,0.07806452,0E-8,0.000000,0.909725,0.000000,-0.02052825,2026-03-30,2026-08-05,60,628,484,129,0.465116,0.833538,0.905539,1.441793,,,,,,,,GLOBAL_BASELINE_NO_ENTITY_RANKING,,,NOT_APPLICABLE_GLOBAL_BASELINE,HF9g-P5,,,,X 全窗基线 · 不参与实体赏罚,8390079,840,A168_HF9F_20260827_0900,2026-08-27 09:00:00
2026-07-23,121872929,2066,0,10.0000000000,10.0000000000,10.0000000000,1.0000000,1,1,0.49324550000000000,0.493245500000,1.01360149184955,1.01360149184955,1.01360149184955,0E-17,ELIGIBLE,R03b_20260811_FULL_v1,L1_ELIGIBILITY,v2026-08-11,2026-03-21..2026-08-06,baccarat_bet02_101_all_pairs_incl_sentinel,round_win = game_pnl > 0 (decisive only),COMPATIBILITY_ONLY_NOT_PRODUCTION,7167.0000,6520.0000,476.0000,649,649,-0.06641552,-0.07806452,-0.05753627,-0.06641552,-476.0000,7167.0000,OK,0.0000,14.2800,3.0000,97.0000,AG03-UNRESOLVED,ALL5_LEVELS_bet23_to_bet27,14.2800,14.2800,14.2800,14.2800,14.2800,3.000000,3.000000,3.000000,3.000000,3.000000,97.000000,97.000000,97.000000,97.000000,97.000000,5.0,71.4000,67.2426,404.6000,408.7574,PENDING_AG03,FALSE,NOT_FOR_ENFORCEMENT,461.7200,6324.4000,476.0000,461.7200,14.2800,0.06641552,0.06442305,14.2800,461.7200,0.06442305,14.2800,14.2800,14.2800,14.2800,14.2800,461.7200,0.06442305,71.4000,67.2426,404.6000,408.7574,0.05645319,0.05703326,0.00199247,11.0431,10.0462,0.7334,7.9333,0.7580,119.4500,10.8167,10.0000,11.9971,10.0,10.0,10.0,10.0,10.0,50.0,10.0,0.0,1.0,5.0,1.104314,28,151,16,2,0.43253802,0.06641552,0.07806452,0E-8,0.000000,0.909725,0.000000,-0.02052825,2026-03-30,2026-08-05,60,628,484,129,0.465116,0.833538,0.905539,1.441793,,,,,,,,GLOBAL_BASELINE_NO_ENTITY_RANKING,,,NOT_APPLICABLE_GLOBAL_BASELINE,HF9g-P5,,,,X 全窗基线 · 不参与实体赏罚,8390080,840,A168_HF9F_20260827_0900,2026-08-27 09:00:00
2026-07-23,121872929,2093,0,10.0000000000,-10.0000000000,-10.0000000000,0E-7,1,1,0.49324550000000000,0.493245500000,-0.9865810262130424,-0.9865810262130424,-0.9865810262130424,0E-17,ELIGIBLE,R03b_20260811_FULL_v1,L1_ELIGIBILITY,v2026-08-11,2026-03-21..2026-08-06,baccarat_bet02_101_all_pairs_incl_sentinel,round_win = game_pnl > 0 (decisive only),COMPATIBILITY_ONLY_NOT_PRODUCTION,7167.0000,6520.0000,476.0000,649,649,-0.06641552,-0.07806452,-0.05753627,-0.06641552,-476.0000,7167.0000,OK,0.0000,14.2800,3.0000,97.0000,AG03-UNRESOLVED,ALL5_LEVELS_bet23_to_bet27,14.2800,14.2800,14.2800,14.2800,14.2800,3.000000,3.000000,3.000000,3.000000,3.000000,97.000000,97.000000,97.000000,97.000000,97.000000,5.0,71.4000,67.2426,404.6000,408.7574,PENDING_AG03,FALSE,NOT_FOR_ENFORCEMENT,461.7200,6324.4000,476.0000,461.7200,14.2800,0.06641552,0.06442305,14.2800,461.7200,0.06442305,14.2800,14.2800,14.2800,14.2800,14.2800,461.7200,0.06442305,71.4000,67.2426,404.6000,408.7574,0.05645319,0.05703326,0.00199247,11.0431,10.0462,0.7334,7.9333,0.7580,119.4500,10.8167,10.0000,11.9971,10.0,10.0,10.0,10.0,10.0,50.0,10.0,0.0,1.0,5.0,1.104314,28,151,16,2,0.43253802,0.06641552,0.07806452,0E-8,0.000000,0.909725,0.000000,-0.02052825,2026-03-30,2026-08-05,60,628,484,129,0.465116,0.833538,0.905539,1.441793,,,,,,,,GLOBAL_BASELINE_NO_ENTITY_RANKING,,,NOT_APPLICABLE_GLOBAL_BASELINE,HF9g-P5,,,,X 全窗基线 · 不参与实体赏罚,8390081,840,A168_HF9F_20260827_0900,2026-08-27 09:00:00
2026-07-23,121872929,2170,0,10.0000000000,-10.0000000000,-10.0000000000,0E-7,1,1,0.50665070000000000,0.506650700000,-1.013391052207602,-1.013391052207602,-1.013391052207602,0E-17,ELIGIBLE,R03b_20260811_FULL_v1,L1_ELIGIBILITY,v2026-08-11,2026-03-21..2026-08-06,baccarat_bet02_101_all_pairs_incl_sentinel,round_win = game_pnl > 0 (decisive only),COMPATIBILITY_ONLY_NOT_PRODUCTION,7167.0000,6520.0000,476.0000,649,649,-0.06641552,-0.07806452,-0.05753627,-0.06641552,-476.0000,7167.0000,OK,0.0000,14.2800,3.0000,97.0000,AG03-UNRESOLVED,ALL5_LEVELS_bet23_to_bet27,14.2800,14.2800,14.2800,14.2800,14.2800,3.000000,3.000000,3.000000,3.000000,3.000000,97.000000,97.000000,97.000000,97.000000,97.000000,5.0,71.4000,67.2426,404.6000,408.7574,PENDING_AG03,FALSE,NOT_FOR_ENFORCEMENT,461.7200,6324.4000,476.0000,461.7200,14.2800,0.06641552,0.06442305,14.2800,461.7200,0.06442305,14.2800,14.2800,14.2800,14.2800,14.2800,461.7200,0.06442305,71.4000,67.2426,404.6000,408.7574,0.05645319,0.05703326,0.00199247,11.0431,10.0462,0.7334,7.9333,0.7580,119.4500,10.8167,10.0000,11.9971,10.0,10.0,10.0,10.0,10.0,50.0,10.0,0.0,1.0,5.0,1.104314,28,151,16,2,0.43253802,0.06641552,0.07806452,0E-8,0.000000,0.909725,0.000000,-0.02052825,2026-03-30,2026-08-05,60,628,484,129,0.465116,0.833538,0.905539,1.441793,,,,,,,,GLOBAL_BASELINE_NO_ENTITY_RANKING,,,NOT_APPLICABLE_GLOBAL_BASELINE,HF9g-P5,,,,X 全窗基线 · 不参与实体赏罚,8390082,840,A168_HF9F_20260827_0900,2026-08-27 09:00:00
2026-07-23,121872929,2196,0,10.0000000000,9.5000000000,9.5000000000,1.0000000,1,1,0.50665070000000000,0.506650700000,0.9867858985152569,0.9867858985152569,0.9867858985152569,0E-17,ELIGIBLE,R03b_20260811_FULL_v1,L1_ELIGIBILITY,v2026-08-11,2026-03-21..2026-08-06,baccarat_bet02_101_all_pairs_incl_sentinel,round_win = game_pnl > 0 (decisive only),COMPATIBILITY_ONLY_NOT_PRODUCTION,7167.0000,6520.0000,476.0000,649,649,-0.06641552,-0.07806452,-0.05753627,-0.06641552,-476.0000,7167.0000,OK,0.0000,14.2800,3.0000,97.0000,AG03-UNRESOLVED,ALL5_LEVELS_bet23_to_bet27,14.2800,14.2800,14.2800,14.2800,14.2800,3.000000,3.000000,3.000000,3.000000,3.000000,97.000000,97.000000,97.000000,97.000000,97.000000,5.0,71.4000,67.2426,404.6000,408.7574,PENDING_AG03,FALSE,NOT_FOR_ENFORCEMENT,461.7200,6324.4000,476.0000,461.7200,14.2800,0.06641552,0.06442305,14.2800,461.7200,0.06442305,14.2800,14.2800,14.2800,14.2800,14.2800,461.7200,0.06442305,71.4000,67.2426,404.6000,408.7574,0.05645319,0.05703326,0.00199247,11.0431,10.0462,0.7334,7.9333,0.7580,119.4500,10.8167,10.0000,11.9971,10.0,10.0,10.0,10.0,10.0,50.0,10.0,0.0,1.0,5.0,1.104314,28,151,16,2,0.43253802,0.06641552,0.07806452,0E-8,0.000000,0.909725,0.000000,-0.02052825,2026-03-30,2026-08-05,60,628,484,129,0.465116,0.833538,0.905539,1.441793,,,,,,,,GLOBAL_BASELINE_NO_ENTITY_RANKING,,,NOT_APPLICABLE_GLOBAL_BASELINE,HF9g-P5,,,,X 全窗基线 · 不参与实体赏罚,8390083,840,A168_HF9F_20260827_0900,2026-08-27 09:00:00
2026-07-23,121872929,2229,0,10.0000000000,10.0000000000,10.0000000000,1.0000000,1,1,0.49324550000000000,0.493245500000,1.01360149184955,1.01360149184955,1.01360149184955,0E-17,ELIGIBLE,R03b_20260811_FULL_v1,L1_ELIGIBILITY,v2026-08-11,2026-03-21..2026-08-06,baccarat_bet02_101_all_pairs_incl_sentinel,round_win = game_pnl > 0 (decisive only),COMPATIBILITY_ONLY_NOT_PRODUCTION,7167.0000,6520.0000,476.0000,649,649,-0.06641552,-0.07806452,-0.05753627,-0.06641552,-476.0000,7167.0000,OK,0.0000,14.2800,3.0000,97.0000,AG03-UNRESOLVED,ALL5_LEVELS_bet23_to_bet27,14.2800,14.2800,14.2800,14.2800,14.2800,3.000000,3.000000,3.000000,3.000000,3.000000,97.000000,97.000000,97.000000,97.000000,97.000000,5.0,71.4000,67.2426,404.6000,408.7574,PENDING_AG03,FALSE,NOT_FOR_ENFORCEMENT,461.7200,6324.4000,476.0000,461.7200,14.2800,0.06641552,0.06442305,14.2800,461.7200,0.06442305,14.2800,14.2800,14.2800,14.2800,14.2800,461.7200,0.06442305,71.4000,67.2426,404.6000,408.7574,0.05645319,0.05703326,0.00199247,11.0431,10.0462,0.7334,7.9333,0.7580,119.4500,10.8167,10.0000,11.9971,10.0,10.0,10.0,10.0,10.0,50.0,10.0,0.0,1.0,5.0,1.104314,28,151,16,2,0.43253802,0.06641552,0.07806452,0E-8,0.000000,0.909725,0.000000,-0.02052825,2026-03-30,2026-08-05,60,628,484,129,0.465116,0.833538,0.905539,1.441793,,,,,,,,GLOBAL_BASELINE_NO_ENTITY_RANKING,,,NOT_APPLICABLE_GLOBAL_BASELINE,HF9g-P5,,,,X 全窗基线 · 不参与实体赏罚,8390084,840,A168_HF9F_20260827_0900,2026-08-27 09:00:00
2026-07-23,121872929,2254,0,10.0000000000,9.5000000000,9.5000000000,1.0000000,1,1,0.50665070000000000,0.506650700000,0.9867858985152569,0.9867858985152569,0.9867858985152569,0E-17,ELIGIBLE,R03b_20260811_FULL_v1,L1_ELIGIBILITY,v2026-08-11,2026-03-21..2026-08-06,baccarat_bet02_101_all_pairs_incl_sentinel,round_win = game_pnl > 0 (decisive only),COMPATIBILITY_ONLY_NOT_PRODUCTION,7167.0000,6520.0000,476.0000,649,649,-0.06641552,-0.07806452,-0.05753627,-0.06641552,-476.0000,7167.0000,OK,0.0000,14.2800,3.0000,97.0000,AG03-UNRESOLVED,ALL5_LEVELS_bet23_to_bet27,14.2800,14.2800,14.2800,14.2800,14.2800,3.000000,3.000000,3.000000,3.000000,3.000000,97.000000,97.000000,97.000000,97.000000,97.000000,5.0,71.4000,67.2426,404.6000,408.7574,PENDING_AG03,FALSE,NOT_FOR_ENFORCEMENT,461.7200,6324.4000,476.0000,461.7200,14.2800,0.06641552,0.06442305,14.2800,461.7200,0.06442305,14.2800,14.2800,14.2800,14.2800,14.2800,461.7200,0.06442305,71.4000,67.2426,404.6000,408.7574,0.05645319,0.05703326,0.00199247,11.0431,10.0462,0.7334,7.9333,0.7580,119.4500,10.8167,10.0000,11.9971,10.0,10.0,10.0,10.0,10.0,50.0,10.0,0.0,1.0,5.0,1.104314,28,151,16,2,0.43253802,0.06641552,0.07806452,0E-8,0.000000,0.909725,0.000000,-0.02052825,2026-03-30,2026-08-05,60,628,484,129,0.465116,0.833538,0.905539,1.441793,,,,,,,,GLOBAL_BASELINE_NO_ENTITY_RANKING,,,NOT_APPLICABLE_GLOBAL_BASELINE,HF9g-P5,,,,X 全窗基线 · 不参与实体赏罚,8390085,840,A168_HF9F_20260827_0900,2026-08-27 09:00:00
2026-07-23,121872929,772,0,10.0000000000,10.0000000000,10.0000000000,1.0000000,1,1,0.49324550000000000,0.493245500000,1.01360149184955,1.01360149184955,1.01360149184955,0E-17,ELIGIBLE,R03b_20260811_FULL_v1,L1_ELIGIBILITY,v2026-08-11,2026-03-21..2026-08-06,baccarat_bet02_101_all_pairs_incl_sentinel,round_win = game_pnl > 0 (decisive only),COMPATIBILITY_ONLY_NOT_PRODUCTION,7167.0000,6520.0000,476.0000,649,649,-0.06641552,-0.07806452,-0.05753627,-0.06641552,-476.0000,7167.0000,OK,0.0000,14.2800,3.0000,97.0000,AG03-UNRESOLVED,ALL5_LEVELS_bet23_to_bet27,14.2800,14.2800,14.2800,14.2800,14.2800,3.000000,3.000000,3.000000,3.000000,3.000000,97.000000,97.000000,97.000000,97.000000,97.000000,5.0,71.4000,67.2426,404.6000,408.7574,PENDING_AG03,FALSE,NOT_FOR_ENFORCEMENT,461.7200,6324.4000,476.0000,461.7200,14.2800,0.06641552,0.06442305,14.2800,461.7200,0.06442305,14.2800,14.2800,14.2800,14.2800,14.2800,461.7200,0.06442305,71.4000,67.2426,404.6000,408.7574,0.05645319,0.05703326,0.00199247,11.0431,10.0462,0.7334,7.9333,0.7580,119.4500,10.8167,10.0000,11.9971,10.0,10.0,10.0,10.0,10.0,50.0,10.0,0.0,1.0,5.0,1.104314,28,151,16,2,0.43253802,0.06641552,0.07806452,0E-8,0.000000,0.909725,0.000000,-0.02052825,2026-03-30,2026-08-05,60,628,484,129,0.465116,0.833538,0.905539,1.441793,,,,,,,,GLOBAL_BASELINE_NO_ENTITY_RANKING,,,NOT_APPLICABLE_GLOBAL_BASELINE,HF9g-P5,,,,X 全窗基线 · 不参与实体赏罚,8390086,840,A168_HF9F_20260827_0900,2026-08-27 09:00:00
2026-07-24,121872929,-1,1,80.0000000000,-10.0000000000,-10.0000000000,0.4285714,8,8,0.49492115000000000,0.494921150000,-0.3511078388389871,-0.3511078388389871,-0.3511078388389871,0E-17,SENTINEL_DEALER,R03b_20260811_FULL_v1,L1_ELIGIBILITY,v2026-08-11,2026-03-21..2026-08-06,baccarat_bet02_101_all_pairs_incl_sentinel,round_win = game_pnl > 0 (decisive only),COMPATIBILITY_ONLY_NOT_PRODUCTION,7167.0000,6520.0000,476.0000,649,649,-0.06641552,-0.07806452,-0.05753627,-0.06641552,-476.0000,7167.0000,OK,0.0000,14.2800,3.0000,97.0000,AG03-UNRESOLVED,ALL5_LEVELS_bet23_to_bet27,14.2800,14.2800,14.2800,14.2800,14.2800,3.000000,3.000000,3.000000,3.000000,3.000000,97.000000,97.000000,97.000000,97.000000,97.000000,5.0,71.4000,67.2426,404.6000,408.7574,PENDING_AG03,FALSE,NOT_FOR_ENFORCEMENT,461.7200,6324.4000,476.0000,461.7200,14.2800,0.06641552,0.06442305,14.2800,461.7200,0.06442305,14.2800,14.2800,14.2800,14.2800,14.2800,461.7200,0.06442305,71.4000,67.2426,404.6000,408.7574,0.05645319,0.05703326,0.00199247,11.0431,10.0462,0.7334,7.9333,0.7580,119.4500,10.8167,10.0000,11.9971,10.0,10.0,10.0,10.0,10.0,50.0,10.0,0.0,1.0,5.0,1.104314,28,151,16,2,0.43253802,0.06641552,0.07806452,0E-8,0.000000,0.909725,0.000000,-0.02052825,2026-03-30,2026-08-05,60,628,484,129,0.465116,0.833538,0.905539,1.441793,,,,,,,,GLOBAL_BASELINE_NO_ENTITY_RANKING,,,NOT_APPLICABLE_GLOBAL_BASELINE,HF9g-P5,,,,X 全窗基线 · 不参与实体赏罚,8390087,840,A168_HF9F_20260827_0900,2026-08-27 09:00:00
2026-07-24,121872929,1210,0,10.0000000000,-10.0000000000,-10.0000000000,0E-7,1,1,0.49324550000000000,0.493245500000,-0.9865810262130424,-0.9865810262130424,-0.9865810262130424,0E-17,ELIGIBLE,R03b_20260811_FULL_v1,L1_ELIGIBILITY,v2026-08-11,2026-03-21..2026-08-06,baccarat_bet02_101_all_pairs_incl_sentinel,round_win = game_pnl > 0 (decisive only),COMPATIBILITY_ONLY_NOT_PRODUCTION,7167.0000,6520.0000,476.0000,649,649,-0.06641552,-0.07806452,-0.05753627,-0.06641552,-476.0000,7167.0000,OK,0.0000,14.2800,3.0000,97.0000,AG03-UNRESOLVED,ALL5_LEVELS_bet23_to_bet27,14.2800,14.2800,14.2800,14.2800,14.2800,3.000000,3.000000,3.000000,3.000000,3.000000,97.000000,97.000000,97.000000,97.000000,97.000000,5.0,71.4000,67.2426,404.6000,408.7574,PENDING_AG03,FALSE,NOT_FOR_ENFORCEMENT,461.7200,6324.4000,476.0000,461.7200,14.2800,0.06641552,0.06442305,14.2800,461.7200,0.06442305,14.2800,14.2800,14.2800,14.2800,14.2800,461.7200,0.06442305,71.4000,67.2426,404.6000,408.7574,0.05645319,0.05703326,0.00199247,11.0431,10.0462,0.7334,7.9333,0.7580,119.4500,10.8167,10.0000,11.9971,10.0,10.0,10.0,10.0,10.0,50.0,10.0,0.0,1.0,5.0,1.104314,28,151,16,2,0.43253802,0.06641552,0.07806452,0E-8,0.000000,0.909725,0.000000,-0.02052825,2026-03-30,2026-08-05,60,628,484,129,0.465116,0.833538,0.905539,1.441793,,,,,,,,GLOBAL_BASELINE_NO_ENTITY_RANKING,,,NOT_APPLICABLE_GLOBAL_BASELINE,HF9g-P5,,,,X 全窗基线 · 不参与实体赏罚,8390088,840,A168_HF9F_20260827_0900,2026-08-27 09:00:00
2026-07-24,121872929,1220,0,10.0000000000,0E-10,0E-10,,1,1,0.50665070000000000,0.506650700000,,,,0E-17,NO_DECISIVE_ROUND,R03b_20260811_FULL_v1,L1_ELIGIBILITY,v2026-08-11,2026-03-21..2026-08-06,baccarat_bet02_101_all_pairs_incl_sentinel,round_win = game_pnl > 0 (decisive only),COMPATIBILITY_ONLY_NOT_PRODUCTION,7167.0000,6520.0000,476.0000,649,649,-0.06641552,-0.07806452,-0.05753627,-0.06641552,-476.0000,7167.0000,OK,0.0000,14.2800,3.0000,97.0000,AG03-UNRESOLVED,ALL5_LEVELS_bet23_to_bet27,14.2800,14.2800,14.2800,14.2800,14.2800,3.000000,3.000000,3.000000,3.000000,3.000000,97.000000,97.000000,97.000000,97.000000,97.000000,5.0,71.4000,67.2426,404.6000,408.7574,PENDING_AG03,FALSE,NOT_FOR_ENFORCEMENT,461.7200,6324.4000,476.0000,461.7200,14.2800,0.06641552,0.06442305,14.2800,461.7200,0.06442305,14.2800,14.2800,14.2800,14.2800,14.2800,461.7200,0.06442305,71.4000,67.2426,404.6000,408.7574,0.05645319,0.05703326,0.00199247,11.0431,10.0462,0.7334,7.9333,0.7580,119.4500,10.8167,10.0000,11.9971,10.0,10.0,10.0,10.0,10.0,50.0,10.0,0.0,1.0,5.0,1.104314,28,151,16,2,0.43253802,0.06641552,0.07806452,0E-8,0.000000,0.909725,0.000000,-0.02052825,2026-03-30,2026-08-05,60,628,484,129,0.465116,0.833538,0.905539,1.441793,,,,,,,,GLOBAL_BASELINE_NO_ENTITY_RANKING,,,NOT_APPLICABLE_GLOBAL_BASELINE,HF9g-P5,,,,X 全窗基线 · 不参与实体赏罚,8390089,840,A168_HF9F_20260827_0900,2026-08-27 09:00:00
2026-07-24,121872929,1302,0,10.0000000000,9.5000000000,9.5000000000,1.0000000,1,1,0.50665070000000000,0.506650700000,0.9867858985152569,0.9867858985152569,0.9867858985152569,0E-17,ELIGIBLE,R03b_20260811_FULL_v1,L1_ELIGIBILITY,v2026-08-11,2026-03-21..2026-08-06,baccarat_bet02_101_all_pairs_incl_sentinel,round_win = game_pnl > 0 (decisive only),COMPATIBILITY_ONLY_NOT_PRODUCTION,7167.0000,6520.0000,476.0000,649,649,-0.06641552,-0.07806452,-0.05753627,-0.06641552,-476.0000,7167.0000,OK,0.0000,14.2800,3.0000,97.0000,AG03-UNRESOLVED,ALL5_LEVELS_bet23_to_bet27,14.2800,14.2800,14.2800,14.2800,14.2800,3.000000,3.000000,3.000000,3.000000,3.000000,97.000000,97.000000,97.000000,97.000000,97.000000,5.0,71.4000,67.2426,404.6000,408.7574,PENDING_AG03,FALSE,NOT_FOR_ENFORCEMENT,461.7200,6324.4000,476.0000,461.7200,14.2800,0.06641552,0.06442305,14.2800,461.7200,0.06442305,14.2800,14.2800,14.2800,14.2800,14.2800,461.7200,0.06442305,71.4000,67.2426,404.6000,408.7574,0.05645319,0.05703326,0.00199247,11.0431,10.0462,0.7334,7.9333,0.7580,119.4500,10.8167,10.0000,11.9971,10.0,10.0,10.0,10.0,10.0,50.0,10.0,0.0,1.0,5.0,1.104314,28,151,16,2,0.43253802,0.06641552,0.07806452,0E-8,0.000000,0.909725,0.000000,-0.02052825,2026-03-30,2026-08-05,60,628,484,129,0.465116,0.833538,0.905539,1.441793,,,,,,,,GLOBAL_BASELINE_NO_ENTITY_RANKING,,,NOT_APPLICABLE_GLOBAL_BASELINE,HF9g-P5,,,,X 全窗基线 · 不参与实体赏罚,8390090,840,A168_HF9F_20260827_0900,2026-08-27 09:00:00
2026-07-24,121872929,1402,0,10.0000000000,9.5000000000,9.5000000000,1.0000000,1,1,0.50665070000000000,0.506650700000,0.9867858985152569,0.9867858985152569,0.9867858985152569,0E-17,ELIGIBLE,R03b_20260811_FULL_v1,L1_ELIGIBILITY,v2026-08-11,2026-03-21..2026-08-06,baccarat_bet02_101_all_pairs_incl_sentinel,round_win = game_pnl > 0 (decisive only),COMPATIBILITY_ONLY_NOT_PRODUCTION,7167.0000,6520.0000,476.0000,649,649,-0.06641552,-0.07806452,-0.05753627,-0.06641552,-476.0000,7167.0000,OK,0.0000,14.2800,3.0000,97.0000,AG03-UNRESOLVED,ALL5_LEVELS_bet23_to_bet27,14.2800,14.2800,14.2800,14.2800,14.2800,3.000000,3.000000,3.000000,3.000000,3.000000,97.000000,97.000000,97.000000,97.000000,97.000000,5.0,71.4000,67.2426,404.6000,408.7574,PENDING_AG03,FALSE,NOT_FOR_ENFORCEMENT,461.7200,6324.4000,476.0000,461.7200,14.2800,0.06641552,0.06442305,14.2800,461.7200,0.06442305,14.2800,14.2800,14.2800,14.2800,14.2800,461.7200,0.06442305,71.4000,67.2426,404.6000,408.7574,0.05645319,0.05703326,0.00199247,11.0431,10.0462,0.7334,7.9333,0.7580,119.4500,10.8167,10.0000,11.9971,10.0,10.0,10.0,10.0,10.0,50.0,10.0,0.0,1.0,5.0,1.104314,28,151,16,2,0.43253802,0.06641552,0.07806452,0E-8,0.000000,0.909725,0.000000,-0.02052825,2026-03-30,2026-08-05,60,628,484,129,0.465116,0.833538,0.905539,1.441793,,,,,,,,GLOBAL_BASELINE_NO_ENTITY_RANKING,,,NOT_APPLICABLE_GLOBAL_BASELINE,HF9g-P5,,,,X 全窗基线 · 不参与实体赏罚,8390091,840,A168_HF9F_20260827_0900,2026-08-27 09:00:00
2026-07-24,121872929,1750,0,10.0000000000,-10.0000000000,-10.0000000000,0E-7,1,1,0.49324550000000000,0.493245500000,-0.9865810262130424,-0.9865810262130424,-0.9865810262130424,0E-17,ELIGIBLE,R03b_20260811_FULL_v1,L1_ELIGIBILITY,v2026-08-11,2026-03-21..2026-08-06,baccarat_bet02_101_all_pairs_incl_sentinel,round_win = game_pnl > 0 (decisive only),COMPATIBILITY_ONLY_NOT_PRODUCTION,7167.0000,6520.0000,476.0000,649,649,-0.06641552,-0.07806452,-0.05753627,-0.06641552,-476.0000,7167.0000,OK,0.0000,14.2800,3.0000,97.0000,AG03-UNRESOLVED,ALL5_LEVELS_bet23_to_bet27,14.2800,14.2800,14.2800,14.2800,14.2800,3.000000,3.000000,3.000000,3.000000,3.000000,97.000000,97.000000,97.000000,97.000000,97.000000,5.0,71.4000,67.2426,404.6000,408.7574,PENDING_AG03,FALSE,NOT_FOR_ENFORCEMENT,461.7200,6324.4000,476.0000,461.7200,14.2800,0.06641552,0.06442305,14.2800,461.7200,0.06442305,14.2800,14.2800,14.2800,14.2800,14.2800,461.7200,0.06442305,71.4000,67.2426,404.6000,408.7574,0.05645319,0.05703326,0.00199247,11.0431,10.0462,0.7334,7.9333,0.7580,119.4500,10.8167,10.0000,11.9971,10.0,10.0,10.0,10.0,10.0,50.0,10.0,0.0,1.0,5.0,1.104314,28,151,16,2,0.43253802,0.06641552,0.07806452,0E-8,0.000000,0.909725,0.000000,-0.02052825,2026-03-30,2026-08-05,60,628,484,129,0.465116,0.833538,0.905539,1.441793,,,,,,,,GLOBAL_BASELINE_NO_ENTITY_RANKING,,,NOT_APPLICABLE_GLOBAL_BASELINE,HF9g-P5,,,,X 全窗基线 · 不参与实体赏罚,8390092,840,A168_HF9F_20260827_0900,2026-08-27 09:00:00
2026-07-24,121872929,2142,0,10.0000000000,-10.0000000000,-10.0000000000,0E-7,1,1,0.50665070000000000,0.506650700000,-1.013391052207602,-1.013391052207602,-1.013391052207602,0E-17,ELIGIBLE,R03b_20260811_FULL_v1,L1_ELIGIBILITY,v2026-08-11,2026-03-21..2026-08-06,baccarat_bet02_101_all_pairs_incl_sentinel,round_win = game_pnl > 0 (decisive only),COMPATIBILITY_ONLY_NOT_PRODUCTION,7167.0000,6520.0000,476.0000,649,649,-0.06641552,-0.07806452,-0.05753627,-0.06641552,-476.0000,7167.0000,OK,0.0000,14.2800,3.0000,97.0000,AG03-UNRESOLVED,ALL5_LEVELS_bet23_to_bet27,14.2800,14.2800,14.2800,14.2800,14.2800,3.000000,3.000000,3.000000,3.000000,3.000000,97.000000,97.000000,97.000000,97.000000,97.000000,5.0,71.4000,67.2426,404.6000,408.7574,PENDING_AG03,FALSE,NOT_FOR_ENFORCEMENT,461.7200,6324.4000,476.0000,461.7200,14.2800,0.06641552,0.06442305,14.2800,461.7200,0.06442305,14.2800,14.2800,14.2800,14.2800,14.2800,461.7200,0.06442305,71.4000,67.2426,404.6000,408.7574,0.05645319,0.05703326,0.00199247,11.0431,10.0462,0.7334,7.9333,0.7580,119.4500,10.8167,10.0000,11.9971,10.0,10.0,10.0,10.0,10.0,50.0,10.0,0.0,1.0,5.0,1.104314,28,151,16,2,0.43253802,0.06641552,0.07806452,0E-8,0.000000,0.909725,0.000000,-0.02052825,2026-03-30,2026-08-05,60,628,484,129,0.465116,0.833538,0.905539,1.441793,,,,,,,,GLOBAL_BASELINE_NO_ENTITY_RANKING,,,NOT_APPLICABLE_GLOBAL_BASELINE,HF9g-P5,,,,X 全窗基线 · 不参与实体赏罚,8390093,840,A168_HF9F_20260827_0900,2026-08-27 09:00:00
2026-07-24,121872929,2169,0,20.0000000000,0E-10,0E-10,0.5000000,2,2,0.49324550000000000,0.493245500000,0.01910635448239258,0.01910635448239258,0.01910635448239258,0E-17,ELIGIBLE,R03b_20260811_FULL_v1,L1_ELIGIBILITY,v2026-08-11,2026-03-21..2026-08-06,baccarat_bet02_101_all_pairs_incl_sentinel,round_win = game_pnl > 0 (decisive only),COMPATIBILITY_ONLY_NOT_PRODUCTION,7167.0000,6520.0000,476.0000,649,649,-0.06641552,-0.07806452,-0.05753627,-0.06641552,-476.0000,7167.0000,OK,0.0000,14.2800,3.0000,97.0000,AG03-UNRESOLVED,ALL5_LEVELS_bet23_to_bet27,14.2800,14.2800,14.2800,14.2800,14.2800,3.000000,3.000000,3.000000,3.000000,3.000000,97.000000,97.000000,97.000000,97.000000,97.000000,5.0,71.4000,67.2426,404.6000,408.7574,PENDING_AG03,FALSE,NOT_FOR_ENFORCEMENT,461.7200,6324.4000,476.0000,461.7200,14.2800,0.06641552,0.06442305,14.2800,461.7200,0.06442305,14.2800,14.2800,14.2800,14.2800,14.2800,461.7200,0.06442305,71.4000,67.2426,404.6000,408.7574,0.05645319,0.05703326,0.00199247,11.0431,10.0462,0.7334,7.9333,0.7580,119.4500,10.8167,10.0000,11.9971,10.0,10.0,10.0,10.0,10.0,50.0,10.0,0.0,1.0,5.0,1.104314,28,151,16,2,0.43253802,0.06641552,0.07806452,0E-8,0.000000,0.909725,0.000000,-0.02052825,2026-03-30,2026-08-05,60,628,484,129,0.465116,0.833538,0.905539,1.441793,,,,,,,,GLOBAL_BASELINE_NO_ENTITY_RANKING,,,NOT_APPLICABLE_GLOBAL_BASELINE,HF9g-P5,,,,X 全窗基线 · 不参与实体赏罚,8390094,840,A168_HF9F_20260827_0900,2026-08-27 09:00:00
2026-07-24,121872929,2170,0,20.0000000000,-0.5000000000,-0.5000000000,0.5000000,2,2,0.49994810000000000,0.499948100000,0.00014679536856514622,0.00014679536856514622,0.00014679536856514622,0E-17,ELIGIBLE,R03b_20260811_FULL_v1,L1_ELIGIBILITY,v2026-08-11,2026-03-21..2026-08-06,baccarat_bet02_101_all_pairs_incl_sentinel,round_win = game_pnl > 0 (decisive only),COMPATIBILITY_ONLY_NOT_PRODUCTION,7167.0000,6520.0000,476.0000,649,649,-0.06641552,-0.07806452,-0.05753627,-0.06641552,-476.0000,7167.0000,OK,0.0000,14.2800,3.0000,97.0000,AG03-UNRESOLVED,ALL5_LEVELS_bet23_to_bet27,14.2800,14.2800,14.2800,14.2800,14.2800,3.000000,3.000000,3.000000,3.000000,3.000000,97.000000,97.000000,97.000000,97.000000,97.000000,5.0,71.4000,67.2426,404.6000,408.7574,PENDING_AG03,FALSE,NOT_FOR_ENFORCEMENT,461.7200,6324.4000,476.0000,461.7200,14.2800,0.06641552,0.06442305,14.2800,461.7200,0.06442305,14.2800,14.2800,14.2800,14.2800,14.2800,461.7200,0.06442305,71.4000,67.2426,404.6000,408.7574,0.05645319,0.05703326,0.00199247,11.0431,10.0462,0.7334,7.9333,0.7580,119.4500,10.8167,10.0000,11.9971,10.0,10.0,10.0,10.0,10.0,50.0,10.0,0.0,1.0,5.0,1.104314,28,151,16,2,0.43253802,0.06641552,0.07806452,0E-8,0.000000,0.909725,0.000000,-0.02052825,2026-03-30,2026-08-05,60,628,484,129,0.465116,0.833538,0.905539,1.441793,,,,,,,,GLOBAL_BASELINE_NO_ENTITY_RANKING,,,NOT_APPLICABLE_GLOBAL_BASELINE,HF9g-P5,,,,X 全窗基线 · 不参与实体赏罚,8390095,840,A168_HF9F_20260827_0900,2026-08-27 09:00:00
2026-07-24,121872929,2201,0,10.0000000000,-10.0000000000,-10.0000000000,0E-7,1,1,0.49324550000000000,0.493245500000,-0.9865810262130424,-0.9865810262130424,-0.9865810262130424,0E-17,ELIGIBLE,R03b_20260811_FULL_v1,L1_ELIGIBILITY,v2026-08-11,2026-03-21..2026-08-06,baccarat_bet02_101_all_pairs_incl_sentinel,round_win = game_pnl > 0 (decisive only),COMPATIBILITY_ONLY_NOT_PRODUCTION,7167.0000,6520.0000,476.0000,649,649,-0.06641552,-0.07806452,-0.05753627,-0.06641552,-476.0000,7167.0000,OK,0.0000,14.2800,3.0000,97.0000,AG03-UNRESOLVED,ALL5_LEVELS_bet23_to_bet27,14.2800,14.2800,14.2800,14.2800,14.2800,3.000000,3.000000,3.000000,3.000000,3.000000,97.000000,97.000000,97.000000,97.000000,97.000000,5.0,71.4000,67.2426,404.6000,408.7574,PENDING_AG03,FALSE,NOT_FOR_ENFORCEMENT,461.7200,6324.4000,476.0000,461.7200,14.2800,0.06641552,0.06442305,14.2800,461.7200,0.06442305,14.2800,14.2800,14.2800,14.2800,14.2800,461.7200,0.06442305,71.4000,67.2426,404.6000,408.7574,0.05645319,0.05703326,0.00199247,11.0431,10.0462,0.7334,7.9333,0.7580,119.4500,10.8167,10.0000,11.9971,10.0,10.0,10.0,10.0,10.0,50.0,10.0,0.0,1.0,5.0,1.104314,28,151,16,2,0.43253802,0.06641552,0.07806452,0E-8,0.000000,0.909725,0.000000,-0.02052825,2026-03-30,2026-08-05,60,628,484,129,0.465116,0.833538,0.905539,1.441793,,,,,,,,GLOBAL_BASELINE_NO_ENTITY_RANKING,,,NOT_APPLICABLE_GLOBAL_BASELINE,HF9g-P5,,,,X 全窗基线 · 不参与实体赏罚,8390096,840,A168_HF9F_20260827_0900,2026-08-27 09:00:00
2026-07-24,121872929,2216,0,10.0000000000,-10.0000000000,-10.0000000000,0E-7,1,1,0.50665070000000000,0.506650700000,-1.013391052207602,-1.013391052207602,-1.013391052207602,0E-17,ELIGIBLE,R03b_20260811_FULL_v1,L1_ELIGIBILITY,v2026-08-11,2026-03-21..2026-08-06,baccarat_bet02_101_all_pairs_incl_sentinel,round_win = game_pnl > 0 (decisive only),COMPATIBILITY_ONLY_NOT_PRODUCTION,7167.0000,6520.0000,476.0000,649,649,-0.06641552,-0.07806452,-0.05753627,-0.06641552,-476.0000,7167.0000,OK,0.0000,14.2800,3.0000,97.0000,AG03-UNRESOLVED,ALL5_LEVELS_bet23_to_bet27,14.2800,14.2800,14.2800,14.2800,14.2800,3.000000,3.000000,3.000000,3.000000,3.000000,97.000000,97.000000,97.000000,97.000000,97.000000,5.0,71.4000,67.2426,404.6000,408.7574,PENDING_AG03,FALSE,NOT_FOR_ENFORCEMENT,461.7200,6324.4000,476.0000,461.7200,14.2800,0.06641552,0.06442305,14.2800,461.7200,0.06442305,14.2800,14.2800,14.2800,14.2800,14.2800,461.7200,0.06442305,71.4000,67.2426,404.6000,408.7574,0.05645319,0.05703326,0.00199247,11.0431,10.0462,0.7334,7.9333,0.7580,119.4500,10.8167,10.0000,11.9971,10.0,10.0,10.0,10.0,10.0,50.0,10.0,0.0,1.0,5.0,1.104314,28,151,16,2,0.43253802,0.06641552,0.07806452,0E-8,0.000000,0.909725,0.000000,-0.02052825,2026-03-30,2026-08-05,60,628,484,129,0.465116,0.833538,0.905539,1.441793,,,,,,,,GLOBAL_BASELINE_NO_ENTITY_RANKING,,,NOT_APPLICABLE_GLOBAL_BASELINE,HF9g-P5,,,,X 全窗基线 · 不参与实体赏罚,8390097,840,A168_HF9F_20260827_0900,2026-08-27 09:00:00
2026-07-24,121872929,763,0,10.0000000000,10.0000000000,10.0000000000,1.0000000,1,1,0.49324550000000000,0.493245500000,1.01360149184955,1.01360149184955,1.01360149184955,0E-17,ELIGIBLE,R03b_20260811_FULL_v1,L1_ELIGIBILITY,v2026-08-11,2026-03-21..2026-08-06,baccarat_bet02_101_all_pairs_incl_sentinel,round_win = game_pnl > 0 (decisive only),COMPATIBILITY_ONLY_NOT_PRODUCTION,7167.0000,6520.0000,476.0000,649,649,-0.06641552,-0.07806452,-0.05753627,-0.06641552,-476.0000,7167.0000,OK,0.0000,14.2800,3.0000,97.0000,AG03-UNRESOLVED,ALL5_LEVELS_bet23_to_bet27,14.2800,14.2800,14.2800,14.2800,14.2800,3.000000,3.000000,3.000000,3.000000,3.000000,97.000000,97.000000,97.000000,97.000000,97.000000,5.0,71.4000,67.2426,404.6000,408.7574,PENDING_AG03,FALSE,NOT_FOR_ENFORCEMENT,461.7200,6324.4000,476.0000,461.7200,14.2800,0.06641552,0.06442305,14.2800,461.7200,0.06442305,14.2800,14.2800,14.2800,14.2800,14.2800,461.7200,0.06442305,71.4000,67.2426,404.6000,408.7574,0.05645319,0.05703326,0.00199247,11.0431,10.0462,0.7334,7.9333,0.7580,119.4500,10.8167,10.0000,11.9971,10.0,10.0,10.0,10.0,10.0,50.0,10.0,0.0,1.0,5.0,1.104314,28,151,16,2,0.43253802,0.06641552,0.07806452,0E-8,0.000000,0.909725,0.000000,-0.02052825,2026-03-30,2026-08-05,60,628,484,129,0.465116,0.833538,0.905539,1.441793,,,,,,,,GLOBAL_BASELINE_NO_ENTITY_RANKING,,,NOT_APPLICABLE_GLOBAL_BASELINE,HF9g-P5,,,,X 全窗基线 · 不参与实体赏罚,8390098,840,A168_HF9F_20260827_0900,2026-08-27 09:00:00
2026-07-24,121872929,970,0,10.0000000000,0E-10,0E-10,,1,1,0.49324550000000000,0.493245500000,,,,0E-17,NO_DECISIVE_ROUND,R03b_20260811_FULL_v1,L1_ELIGIBILITY,v2026-08-11,2026-03-21..2026-08-06,baccarat_bet02_101_all_pairs_incl_sentinel,round_win = game_pnl > 0 (decisive only),COMPATIBILITY_ONLY_NOT_PRODUCTION,7167.0000,6520.0000,476.0000,649,649,-0.06641552,-0.07806452,-0.05753627,-0.06641552,-476.0000,7167.0000,OK,0.0000,14.2800,3.0000,97.0000,AG03-UNRESOLVED,ALL5_LEVELS_bet23_to_bet27,14.2800,14.2800,14.2800,14.2800,14.2800,3.000000,3.000000,3.000000,3.000000,3.000000,97.000000,97.000000,97.000000,97.000000,97.000000,5.0,71.4000,67.2426,404.6000,408.7574,PENDING_AG03,FALSE,NOT_FOR_ENFORCEMENT,461.7200,6324.4000,476.0000,461.7200,14.2800,0.06641552,0.06442305,14.2800,461.7200,0.06442305,14.2800,14.2800,14.2800,14.2800,14.2800,461.7200,0.06442305,71.4000,67.2426,404.6000,408.7574,0.05645319,0.05703326,0.00199247,11.0431,10.0462,0.7334,7.9333,0.7580,119.4500,10.8167,10.0000,11.9971,10.0,10.0,10.0,10.0,10.0,50.0,10.0,0.0,1.0,5.0,1.104314,28,151,16,2,0.43253802,0.06641552,0.07806452,0E-8,0.000000,0.909725,0.000000,-0.02052825,2026-03-30,2026-08-05,60,628,484,129,0.465116,0.833538,0.905539,1.441793,,,,,,,,GLOBAL_BASELINE_NO_ENTITY_RANKING,,,NOT_APPLICABLE_GLOBAL_BASELINE,HF9g-P5,,,,X 全窗基线 · 不参与实体赏罚,8390099,840,A168_HF9F_20260827_0900,2026-08-27 09:00:00
2026-07-24,121872929,987,0,10.0000000000,-10.0000000000,-10.0000000000,0E-7,1,1,0.50665070000000000,0.506650700000,-1.013391052207602,-1.013391052207602,-1.013391052207602,0E-17,ELIGIBLE,R03b_20260811_FULL_v1,L1_ELIGIBILITY,v2026-08-11,2026-03-21..2026-08-06,baccarat_bet02_101_all_pairs_incl_sentinel,round_win = game_pnl > 0 (decisive only),COMPATIBILITY_ONLY_NOT_PRODUCTION,7167.0000,6520.0000,476.0000,649,649,-0.06641552,-0.07806452,-0.05753627,-0.06641552,-476.0000,7167.0000,OK,0.0000,14.2800,3.0000,97.0000,AG03-UNRESOLVED,ALL5_LEVELS_bet23_to_bet27,14.2800,14.2800,14.2800,14.2800,14.2800,3.000000,3.000000,3.000000,3.000000,3.000000,97.000000,97.000000,97.000000,97.000000,97.000000,5.0,71.4000,67.2426,404.6000,408.7574,PENDING_AG03,FALSE,NOT_FOR_ENFORCEMENT,461.7200,6324.4000,476.0000,461.7200,14.2800,0.06641552,0.06442305,14.2800,461.7200,0.06442305,14.2800,14.2800,14.2800,14.2800,14.2800,461.7200,0.06442305,71.4000,67.2426,404.6000,408.7574,0.05645319,0.05703326,0.00199247,11.0431,10.0462,0.7334,7.9333,0.7580,119.4500,10.8167,10.0000,11.9971,10.0,10.0,10.0,10.0,10.0,50.0,10.0,0.0,1.0,5.0,1.104314,28,151,16,2,0.43253802,0.06641552,0.07806452,0E-8,0.000000,0.909725,0.000000,-0.02052825,2026-03-30,2026-08-05,60,628,484,129,0.465116,0.833538,0.905539,1.441793,,,,,,,,GLOBAL_BASELINE_NO_ENTITY_RANKING,,,NOT_APPLICABLE_GLOBAL_BASELINE,HF9g-P5,,,,X 全窗基线 · 不参与实体赏罚,8390100,840,A168_HF9F_20260827_0900,2026-08-27 09:00:00
2026-07-25,121872929,-1,1,60.0000000000,-0.5000000000,-0.5000000000,0.5000000,6,6,0.49994810000000000,0.499948100000,0.00025425703667063243,0.00025425703667063243,0.00025425703667063243,0E-17,SENTINEL_DEALER,R03b_20260811_FULL_v1,L1_ELIGIBILITY,v2026-08-11,2026-03-21..2026-08-06,baccarat_bet02_101_all_pairs_incl_sentinel,round_win = game_pnl > 0 (decisive only),COMPATIBILITY_ONLY_NOT_PRODUCTION,7167.0000,6520.0000,476.0000,649,649,-0.06641552,-0.07806452,-0.05753627,-0.06641552,-476.0000,7167.0000,OK,0.0000,14.2800,3.0000,97.0000,AG03-UNRESOLVED,ALL5_LEVELS_bet23_to_bet27,14.2800,14.2800,14.2800,14.2800,14.2800,3.000000,3.000000,3.000000,3.000000,3.000000,97.000000,97.000000,97.000000,97.000000,97.000000,5.0,71.4000,67.2426,404.6000,408.7574,PENDING_AG03,FALSE,NOT_FOR_ENFORCEMENT,461.7200,6324.4000,476.0000,461.7200,14.2800,0.06641552,0.06442305,14.2800,461.7200,0.06442305,14.2800,14.2800,14.2800,14.2800,14.2800,461.7200,0.06442305,71.4000,67.2426,404.6000,408.7574,0.05645319,0.05703326,0.00199247,11.0431,10.0462,0.7334,7.9333,0.7580,119.4500,10.8167,10.0000,11.9971,10.0,10.0,10.0,10.0,10.0,50.0,10.0,0.0,1.0,5.0,1.104314,28,151,16,2,0.43253802,0.06641552,0.07806452,0E-8,0.000000,0.909725,0.000000,-0.02052825,2026-03-30,2026-08-05,60,628,484,129,0.465116,0.833538,0.905539,1.441793,,,,,,,,GLOBAL_BASELINE_NO_ENTITY_RANKING,,,NOT_APPLICABLE_GLOBAL_BASELINE,HF9g-P5,,,,X 全窗基线 · 不参与实体赏罚,8390101,840,A168_HF9F_20260827_0900,2026-08-27 09:00:00
2026-07-25,121872929,1302,0,10.0000000000,-10.0000000000,-10.0000000000,0E-7,1,1,0.50665070000000000,0.506650700000,-1.013391052207602,-1.013391052207602,-1.013391052207602,0E-17,ELIGIBLE,R03b_20260811_FULL_v1,L1_ELIGIBILITY,v2026-08-11,2026-03-21..2026-08-06,baccarat_bet02_101_all_pairs_incl_sentinel,round_win = game_pnl > 0 (decisive only),COMPATIBILITY_ONLY_NOT_PRODUCTION,7167.0000,6520.0000,476.0000,649,649,-0.06641552,-0.07806452,-0.05753627,-0.06641552,-476.0000,7167.0000,OK,0.0000,14.2800,3.0000,97.0000,AG03-UNRESOLVED,ALL5_LEVELS_bet23_to_bet27,14.2800,14.2800,14.2800,14.2800,14.2800,3.000000,3.000000,3.000000,3.000000,3.000000,97.000000,97.000000,97.000000,97.000000,97.000000,5.0,71.4000,67.2426,404.6000,408.7574,PENDING_AG03,FALSE,NOT_FOR_ENFORCEMENT,461.7200,6324.4000,476.0000,461.7200,14.2800,0.06641552,0.06442305,14.2800,461.7200,0.06442305,14.2800,14.2800,14.2800,14.2800,14.2800,461.7200,0.06442305,71.4000,67.2426,404.6000,408.7574,0.05645319,0.05703326,0.00199247,11.0431,10.0462,0.7334,7.9333,0.7580,119.4500,10.8167,10.0000,11.9971,10.0,10.0,10.0,10.0,10.0,50.0,10.0,0.0,1.0,5.0,1.104314,28,151,16,2,0.43253802,0.06641552,0.07806452,0E-8,0.000000,0.909725,0.000000,-0.02052825,2026-03-30,2026-08-05,60,628,484,129,0.465116,0.833538,0.905539,1.441793,,,,,,,,GLOBAL_BASELINE_NO_ENTITY_RANKING,,,NOT_APPLICABLE_GLOBAL_BASELINE,HF9g-P5,,,,X 全窗基线 · 不参与实体赏罚,8390102,840,A168_HF9F_20260827_0900,2026-08-27 09:00:00
2026-07-25,121872929,1402,0,10.0000000000,10.0000000000,10.0000000000,1.0000000,1,1,0.49324550000000000,0.493245500000,1.01360149184955,1.01360149184955,1.01360149184955,0E-17,ELIGIBLE,R03b_20260811_FULL_v1,L1_ELIGIBILITY,v2026-08-11,2026-03-21..2026-08-06,baccarat_bet02_101_all_pairs_incl_sentinel,round_win = game_pnl > 0 (decisive only),COMPATIBILITY_ONLY_NOT_PRODUCTION,7167.0000,6520.0000,476.0000,649,649,-0.06641552,-0.07806452,-0.05753627,-0.06641552,-476.0000,7167.0000,OK,0.0000,14.2800,3.0000,97.0000,AG03-UNRESOLVED,ALL5_LEVELS_bet23_to_bet27,14.2800,14.2800,14.2800,14.2800,14.2800,3.000000,3.000000,3.000000,3.000000,3.000000,97.000000,97.000000,97.000000,97.000000,97.000000,5.0,71.4000,67.2426,404.6000,408.7574,PENDING_AG03,FALSE,NOT_FOR_ENFORCEMENT,461.7200,6324.4000,476.0000,461.7200,14.2800,0.06641552,0.06442305,14.2800,461.7200,0.06442305,14.2800,14.2800,14.2800,14.2800,14.2800,461.7200,0.06442305,71.4000,67.2426,404.6000,408.7574,0.05645319,0.05703326,0.00199247,11.0431,10.0462,0.7334,7.9333,0.7580,119.4500,10.8167,10.0000,11.9971,10.0,10.0,10.0,10.0,10.0,50.0,10.0,0.0,1.0,5.0,1.104314,28,151,16,2,0.43253802,0.06641552,0.07806452,0E-8,0.000000,0.909725,0.000000,-0.02052825,2026-03-30,2026-08-05,60,628,484,129,0.465116,0.833538,0.905539,1.441793,,,,,,,,GLOBAL_BASELINE_NO_ENTITY_RANKING,,,NOT_APPLICABLE_GLOBAL_BASELINE,HF9g-P5,,,,X 全窗基线 · 不参与实体赏罚,8390103,840,A168_HF9F_20260827_0900,2026-08-27 09:00:00
2026-07-25,121872929,1509,0,10.0000000000,0E-10,0E-10,,1,1,0.49324550000000000,0.493245500000,,,,0E-17,NO_DECISIVE_ROUND,R03b_20260811_FULL_v1,L1_ELIGIBILITY,v2026-08-11,2026-03-21..2026-08-06,baccarat_bet02_101_all_pairs_incl_sentinel,round_win = game_pnl > 0 (decisive only),COMPATIBILITY_ONLY_NOT_PRODUCTION,7167.0000,6520.0000,476.0000,649,649,-0.06641552,-0.07806452,-0.05753627,-0.06641552,-476.0000,7167.0000,OK,0.0000,14.2800,3.0000,97.0000,AG03-UNRESOLVED,ALL5_LEVELS_bet23_to_bet27,14.2800,14.2800,14.2800,14.2800,14.2800,3.000000,3.000000,3.000000,3.000000,3.000000,97.000000,97.000000,97.000000,97.000000,97.000000,5.0,71.4000,67.2426,404.6000,408.7574,PENDING_AG03,FALSE,NOT_FOR_ENFORCEMENT,461.7200,6324.4000,476.0000,461.7200,14.2800,0.06641552,0.06442305,14.2800,461.7200,0.06442305,14.2800,14.2800,14.2800,14.2800,14.2800,461.7200,0.06442305,71.4000,67.2426,404.6000,408.7574,0.05645319,0.05703326,0.00199247,11.0431,10.0462,0.7334,7.9333,0.7580,119.4500,10.8167,10.0000,11.9971,10.0,10.0,10.0,10.0,10.0,50.0,10.0,0.0,1.0,5.0,1.104314,28,151,16,2,0.43253802,0.06641552,0.07806452,0E-8,0.000000,0.909725,0.000000,-0.02052825,2026-03-30,2026-08-05,60,628,484,129,0.465116,0.833538,0.905539,1.441793,,,,,,,,GLOBAL_BASELINE_NO_ENTITY_RANKING,,,NOT_APPLICABLE_GLOBAL_BASELINE,HF9g-P5,,,,X 全窗基线 · 不参与实体赏罚,8390104,840,A168_HF9F_20260827_0900,2026-08-27 09:00:00
2026-07-25,121872929,1704,0,10.0000000000,9.5000000000,9.5000000000,1.0000000,1,1,0.50665070000000000,0.506650700000,0.9867858985152569,0.9867858985152569,0.9867858985152569,0E-17,ELIGIBLE,R03b_20260811_FULL_v1,L1_ELIGIBILITY,v2026-08-11,2026-03-21..2026-08-06,baccarat_bet02_101_all_pairs_incl_sentinel,round_win = game_pnl > 0 (decisive only),COMPATIBILITY_ONLY_NOT_PRODUCTION,7167.0000,6520.0000,476.0000,649,649,-0.06641552,-0.07806452,-0.05753627,-0.06641552,-476.0000,7167.0000,OK,0.0000,14.2800,3.0000,97.0000,AG03-UNRESOLVED,ALL5_LEVELS_bet23_to_bet27,14.2800,14.2800,14.2800,14.2800,14.2800,3.000000,3.000000,3.000000,3.000000,3.000000,97.000000,97.000000,97.000000,97.000000,97.000000,5.0,71.4000,67.2426,404.6000,408.7574,PENDING_AG03,FALSE,NOT_FOR_ENFORCEMENT,461.7200,6324.4000,476.0000,461.7200,14.2800,0.06641552,0.06442305,14.2800,461.7200,0.06442305,14.2800,14.2800,14.2800,14.2800,14.2800,461.7200,0.06442305,71.4000,67.2426,404.6000,408.7574,0.05645319,0.05703326,0.00199247,11.0431,10.0462,0.7334,7.9333,0.7580,119.4500,10.8167,10.0000,11.9971,10.0,10.0,10.0,10.0,10.0,50.0,10.0,0.0,1.0,5.0,1.104314,28,151,16,2,0.43253802,0.06641552,0.07806452,0E-8,0.000000,0.909725,0.000000,-0.02052825,2026-03-30,2026-08-05,60,628,484,129,0.465116,0.833538,0.905539,1.441793,,,,,,,,GLOBAL_BASELINE_NO_ENTITY_RANKING,,,NOT_APPLICABLE_GLOBAL_BASELINE,HF9g-P5,,,,X 全窗基线 · 不参与实体赏罚,8390105,840,A168_HF9F_20260827_0900,2026-08-27 09:00:00
2026-07-25,121872929,2142,0,20.0000000000,19.5000000000,19.5000000000,1.0000000,2,2,0.49994810000000000,0.499948100000,1.4143603653603398,1.4143603653603398,1.4143603653603398,0E-17,ELIGIBLE,R03b_20260811_FULL_v1,L1_ELIGIBILITY,v2026-08-11,2026-03-21..2026-08-06,baccarat_bet02_101_all_pairs_incl_sentinel,round_win = game_pnl > 0 (decisive only),COMPATIBILITY_ONLY_NOT_PRODUCTION,7167.0000,6520.0000,476.0000,649,649,-0.06641552,-0.07806452,-0.05753627,-0.06641552,-476.0000,7167.0000,OK,0.0000,14.2800,3.0000,97.0000,AG03-UNRESOLVED,ALL5_LEVELS_bet23_to_bet27,14.2800,14.2800,14.2800,14.2800,14.2800,3.000000,3.000000,3.000000,3.000000,3.000000,97.000000,97.000000,97.000000,97.000000,97.000000,5.0,71.4000,67.2426,404.6000,408.7574,PENDING_AG03,FALSE,NOT_FOR_ENFORCEMENT,461.7200,6324.4000,476.0000,461.7200,14.2800,0.06641552,0.06442305,14.2800,461.7200,0.06442305,14.2800,14.2800,14.2800,14.2800,14.2800,461.7200,0.06442305,71.4000,67.2426,404.6000,408.7574,0.05645319,0.05703326,0.00199247,11.0431,10.0462,0.7334,7.9333,0.7580,119.4500,10.8167,10.0000,11.9971,10.0,10.0,10.0,10.0,10.0,50.0,10.0,0.0,1.0,5.0,1.104314,28,151,16,2,0.43253802,0.06641552,0.07806452,0E-8,0.000000,0.909725,0.000000,-0.02052825,2026-03-30,2026-08-05,60,628,484,129,0.465116,0.833538,0.905539,1.441793,,,,,,,,GLOBAL_BASELINE_NO_ENTITY_RANKING,,,NOT_APPLICABLE_GLOBAL_BASELINE,HF9g-P5,,,,X 全窗基线 · 不参与实体赏罚,8390106,840,A168_HF9F_20260827_0900,2026-08-27 09:00:00
2026-07-25,121872929,2169,0,30.0000000000,9.0000000000,9.0000000000,0.6666667,3,3,0.50665070000000000,0.506650700000,0.5543606114942035,0.5543606114942035,0.5543606114942035,0E-17,ELIGIBLE,R03b_20260811_FULL_v1,L1_ELIGIBILITY,v2026-08-11,2026-03-21..2026-08-06,baccarat_bet02_101_all_pairs_incl_sentinel,round_win = game_pnl > 0 (decisive only),COMPATIBILITY_ONLY_NOT_PRODUCTION,7167.0000,6520.0000,476.0000,649,649,-0.06641552,-0.07806452,-0.05753627,-0.06641552,-476.0000,7167.0000,OK,0.0000,14.2800,3.0000,97.0000,AG03-UNRESOLVED,ALL5_LEVELS_bet23_to_bet27,14.2800,14.2800,14.2800,14.2800,14.2800,3.000000,3.000000,3.000000,3.000000,3.000000,97.000000,97.000000,97.000000,97.000000,97.000000,5.0,71.4000,67.2426,404.6000,408.7574,PENDING_AG03,FALSE,NOT_FOR_ENFORCEMENT,461.7200,6324.4000,476.0000,461.7200,14.2800,0.06641552,0.06442305,14.2800,461.7200,0.06442305,14.2800,14.2800,14.2800,14.2800,14.2800,461.7200,0.06442305,71.4000,67.2426,404.6000,408.7574,0.05645319,0.05703326,0.00199247,11.0431,10.0462,0.7334,7.9333,0.7580,119.4500,10.8167,10.0000,11.9971,10.0,10.0,10.0,10.0,10.0,50.0,10.0,0.0,1.0,5.0,1.104314,28,151,16,2,0.43253802,0.06641552,0.07806452,0E-8,0.000000,0.909725,0.000000,-0.02052825,2026-03-30,2026-08-05,60,628,484,129,0.465116,0.833538,0.905539,1.441793,,,,,,,,GLOBAL_BASELINE_NO_ENTITY_RANKING,,,NOT_APPLICABLE_GLOBAL_BASELINE,HF9g-P5,,,,X 全窗基线 · 不参与实体赏罚,8390107,840,A168_HF9F_20260827_0900,2026-08-27 09:00:00
2026-07-25,121872929,2205,0,10.0000000000,10.0000000000,10.0000000000,1.0000000,1,1,0.49324550000000000,0.493245500000,1.01360149184955,1.01360149184955,1.01360149184955,0E-17,ELIGIBLE,R03b_20260811_FULL_v1,L1_ELIGIBILITY,v2026-08-11,2026-03-21..2026-08-06,baccarat_bet02_101_all_pairs_incl_sentinel,round_win = game_pnl > 0 (decisive only),COMPATIBILITY_ONLY_NOT_PRODUCTION,7167.0000,6520.0000,476.0000,649,649,-0.06641552,-0.07806452,-0.05753627,-0.06641552,-476.0000,7167.0000,OK,0.0000,14.2800,3.0000,97.0000,AG03-UNRESOLVED,ALL5_LEVELS_bet23_to_bet27,14.2800,14.2800,14.2800,14.2800,14.2800,3.000000,3.000000,3.000000,3.000000,3.000000,97.000000,97.000000,97.000000,97.000000,97.000000,5.0,71.4000,67.2426,404.6000,408.7574,PENDING_AG03,FALSE,NOT_FOR_ENFORCEMENT,461.7200,6324.4000,476.0000,461.7200,14.2800,0.06641552,0.06442305,14.2800,461.7200,0.06442305,14.2800,14.2800,14.2800,14.2800,14.2800,461.7200,0.06442305,71.4000,67.2426,404.6000,408.7574,0.05645319,0.05703326,0.00199247,11.0431,10.0462,0.7334,7.9333,0.7580,119.4500,10.8167,10.0000,11.9971,10.0,10.0,10.0,10.0,10.0,50.0,10.0,0.0,1.0,5.0,1.104314,28,151,16,2,0.43253802,0.06641552,0.07806452,0E-8,0.000000,0.909725,0.000000,-0.02052825,2026-03-30,2026-08-05,60,628,484,129,0.465116,0.833538,0.905539,1.441793,,,,,,,,GLOBAL_BASELINE_NO_ENTITY_RANKING,,,NOT_APPLICABLE_GLOBAL_BASELINE,HF9g-P5,,,,X 全窗基线 · 不参与实体赏罚,8390108,840,A168_HF9F_20260827_0900,2026-08-27 09:00:00
2026-07-25,121872929,2271,0,10.0000000000,-10.0000000000,-10.0000000000,0E-7,1,1,0.50665070000000000,0.506650700000,-1.013391052207602,-1.013391052207602,-1.013391052207602,0E-17,ELIGIBLE,R03b_20260811_FULL_v1,L1_ELIGIBILITY,v2026-08-11,2026-03-21..2026-08-06,baccarat_bet02_101_all_pairs_incl_sentinel,round_win = game_pnl > 0 (decisive only),COMPATIBILITY_ONLY_NOT_PRODUCTION,7167.0000,6520.0000,476.0000,649,649,-0.06641552,-0.07806452,-0.05753627,-0.06641552,-476.0000,7167.0000,OK,0.0000,14.2800,3.0000,97.0000,AG03-UNRESOLVED,ALL5_LEVELS_bet23_to_bet27,14.2800,14.2800,14.2800,14.2800,14.2800,3.000000,3.000000,3.000000,3.000000,3.000000,97.000000,97.000000,97.000000,97.000000,97.000000,5.0,71.4000,67.2426,404.6000,408.7574,PENDING_AG03,FALSE,NOT_FOR_ENFORCEMENT,461.7200,6324.4000,476.0000,461.7200,14.2800,0.06641552,0.06442305,14.2800,461.7200,0.06442305,14.2800,14.2800,14.2800,14.2800,14.2800,461.7200,0.06442305,71.4000,67.2426,404.6000,408.7574,0.05645319,0.05703326,0.00199247,11.0431,10.0462,0.7334,7.9333,0.7580,119.4500,10.8167,10.0000,11.9971,10.0,10.0,10.0,10.0,10.0,50.0,10.0,0.0,1.0,5.0,1.104314,28,151,16,2,0.43253802,0.06641552,0.07806452,0E-8,0.000000,0.909725,0.000000,-0.02052825,2026-03-30,2026-08-05,60,628,484,129,0.465116,0.833538,0.905539,1.441793,,,,,,,,GLOBAL_BASELINE_NO_ENTITY_RANKING,,,NOT_APPLICABLE_GLOBAL_BASELINE,HF9g-P5,,,,X 全窗基线 · 不参与实体赏罚,8390109,840,A168_HF9F_20260827_0900,2026-08-27 09:00:00
2026-07-25,121872929,752,0,10.0000000000,-10.0000000000,-10.0000000000,0E-7,1,1,0.49324550000000000,0.493245500000,-0.9865810262130424,-0.9865810262130424,-0.9865810262130424,0E-17,ELIGIBLE,R03b_20260811_FULL_v1,L1_ELIGIBILITY,v2026-08-11,2026-03-21..2026-08-06,baccarat_bet02_101_all_pairs_incl_sentinel,round_win = game_pnl > 0 (decisive only),COMPATIBILITY_ONLY_NOT_PRODUCTION,7167.0000,6520.0000,476.0000,649,649,-0.06641552,-0.07806452,-0.05753627,-0.06641552,-476.0000,7167.0000,OK,0.0000,14.2800,3.0000,97.0000,AG03-UNRESOLVED,ALL5_LEVELS_bet23_to_bet27,14.2800,14.2800,14.2800,14.2800,14.2800,3.000000,3.000000,3.000000,3.000000,3.000000,97.000000,97.000000,97.000000,97.000000,97.000000,5.0,71.4000,67.2426,404.6000,408.7574,PENDING_AG03,FALSE,NOT_FOR_ENFORCEMENT,461.7200,6324.4000,476.0000,461.7200,14.2800,0.06641552,0.06442305,14.2800,461.7200,0.06442305,14.2800,14.2800,14.2800,14.2800,14.2800,461.7200,0.06442305,71.4000,67.2426,404.6000,408.7574,0.05645319,0.05703326,0.00199247,11.0431,10.0462,0.7334,7.9333,0.7580,119.4500,10.8167,10.0000,11.9971,10.0,10.0,10.0,10.0,10.0,50.0,10.0,0.0,1.0,5.0,1.104314,28,151,16,2,0.43253802,0.06641552,0.07806452,0E-8,0.000000,0.909725,0.000000,-0.02052825,2026-03-30,2026-08-05,60,628,484,129,0.465116,0.833538,0.905539,1.441793,,,,,,,,GLOBAL_BASELINE_NO_ENTITY_RANKING,,,NOT_APPLICABLE_GLOBAL_BASELINE,HF9g-P5,,,,X 全窗基线 · 不参与实体赏罚,8390110,840,A168_HF9F_20260827_0900,2026-08-27 09:00:00
2026-07-26,121872929,-1,1,20.0000000000,19.0000000000,19.0000000000,1.0000000,2,2,0.50665070000000000,0.506650700000,1.3955260008387969,1.3955260008387969,1.3955260008387969,0E-17,SENTINEL_DEALER,R03b_20260811_FULL_v1,L1_ELIGIBILITY,v2026-08-11,2026-03-21..2026-08-06,baccarat_bet02_101_all_pairs_incl_sentinel,round_win = game_pnl > 0 (decisive only),COMPATIBILITY_ONLY_NOT_PRODUCTION,7167.0000,6520.0000,476.0000,649,649,-0.06641552,-0.07806452,-0.05753627,-0.06641552,-476.0000,7167.0000,OK,0.0000,14.2800,3.0000,97.0000,AG03-UNRESOLVED,ALL5_LEVELS_bet23_to_bet27,14.2800,14.2800,14.2800,14.2800,14.2800,3.000000,3.000000,3.000000,3.000000,3.000000,97.000000,97.000000,97.000000,97.000000,97.000000,5.0,71.4000,67.2426,404.6000,408.7574,PENDING_AG03,FALSE,NOT_FOR_ENFORCEMENT,461.7200,6324.4000,476.0000,461.7200,14.2800,0.06641552,0.06442305,14.2800,461.7200,0.06442305,14.2800,14.2800,14.2800,14.2800,14.2800,461.7200,0.06442305,71.4000,67.2426,404.6000,408.7574,0.05645319,0.05703326,0.00199247,11.0431,10.0462,0.7334,7.9333,0.7580,119.4500,10.8167,10.0000,11.9971,10.0,10.0,10.0,10.0,10.0,50.0,10.0,0.0,1.0,5.0,1.104314,28,151,16,2,0.43253802,0.06641552,0.07806452,0E-8,0.000000,0.909725,0.000000,-0.02052825,2026-03-30,2026-08-05,60,628,484,129,0.465116,0.833538,0.905539,1.441793,,,,,,,,GLOBAL_BASELINE_NO_ENTITY_RANKING,,,NOT_APPLICABLE_GLOBAL_BASELINE,HF9g-P5,,,,X 全窗基线 · 不参与实体赏罚,8390111,840,A168_HF9F_20260827_0900,2026-08-27 09:00:00
2026-07-26,121872929,1491,0,10.0000000000,0E-10,0E-10,,1,1,0.50665070000000000,0.506650700000,,,,0E-17,NO_DECISIVE_ROUND,R03b_20260811_FULL_v1,L1_ELIGIBILITY,v2026-08-11,2026-03-21..2026-08-06,baccarat_bet02_101_all_pairs_incl_sentinel,round_win = game_pnl > 0 (decisive only),COMPATIBILITY_ONLY_NOT_PRODUCTION,7167.0000,6520.0000,476.0000,649,649,-0.06641552,-0.07806452,-0.05753627,-0.06641552,-476.0000,7167.0000,OK,0.0000,14.2800,3.0000,97.0000,AG03-UNRESOLVED,ALL5_LEVELS_bet23_to_bet27,14.2800,14.2800,14.2800,14.2800,14.2800,3.000000,3.000000,3.000000,3.000000,3.000000,97.000000,97.000000,97.000000,97.000000,97.000000,5.0,71.4000,67.2426,404.6000,408.7574,PENDING_AG03,FALSE,NOT_FOR_ENFORCEMENT,461.7200,6324.4000,476.0000,461.7200,14.2800,0.06641552,0.06442305,14.2800,461.7200,0.06442305,14.2800,14.2800,14.2800,14.2800,14.2800,461.7200,0.06442305,71.4000,67.2426,404.6000,408.7574,0.05645319,0.05703326,0.00199247,11.0431,10.0462,0.7334,7.9333,0.7580,119.4500,10.8167,10.0000,11.9971,10.0,10.0,10.0,10.0,10.0,50.0,10.0,0.0,1.0,5.0,1.104314,28,151,16,2,0.43253802,0.06641552,0.07806452,0E-8,0.000000,0.909725,0.000000,-0.02052825,2026-03-30,2026-08-05,60,628,484,129,0.465116,0.833538,0.905539,1.441793,,,,,,,,GLOBAL_BASELINE_NO_ENTITY_RANKING,,,NOT_APPLICABLE_GLOBAL_BASELINE,HF9g-P5,,,,X 全窗基线 · 不参与实体赏罚,8390112,840,A168_HF9F_20260827_0900,2026-08-27 09:00:00
2026-07-26,121872929,1645,0,10.0000000000,10.0000000000,10.0000000000,1.0000000,1,1,0.49324550000000000,0.493245500000,1.01360149184955,1.01360149184955,1.01360149184955,0E-17,ELIGIBLE,R03b_20260811_FULL_v1,L1_ELIGIBILITY,v2026-08-11,2026-03-21..2026-08-06,baccarat_bet02_101_all_pairs_incl_sentinel,round_win = game_pnl > 0 (decisive only),COMPATIBILITY_ONLY_NOT_PRODUCTION,7167.0000,6520.0000,476.0000,649,649,-0.06641552,-0.07806452,-0.05753627,-0.06641552,-476.0000,7167.0000,OK,0.0000,14.2800,3.0000,97.0000,AG03-UNRESOLVED,ALL5_LEVELS_bet23_to_bet27,14.2800,14.2800,14.2800,14.2800,14.2800,3.000000,3.000000,3.000000,3.000000,3.000000,97.000000,97.000000,97.000000,97.000000,97.000000,5.0,71.4000,67.2426,404.6000,408.7574,PENDING_AG03,FALSE,NOT_FOR_ENFORCEMENT,461.7200,6324.4000,476.0000,461.7200,14.2800,0.06641552,0.06442305,14.2800,461.7200,0.06442305,14.2800,14.2800,14.2800,14.2800,14.2800,461.7200,0.06442305,71.4000,67.2426,404.6000,408.7574,0.05645319,0.05703326,0.00199247,11.0431,10.0462,0.7334,7.9333,0.7580,119.4500,10.8167,10.0000,11.9971,10.0,10.0,10.0,10.0,10.0,50.0,10.0,0.0,1.0,5.0,1.104314,28,151,16,2,0.43253802,0.06641552,0.07806452,0E-8,0.000000,0.909725,0.000000,-0.02052825,2026-03-30,2026-08-05,60,628,484,129,0.465116,0.833538,0.905539,1.441793,,,,,,,,GLOBAL_BASELINE_NO_ENTITY_RANKING,,,NOT_APPLICABLE_GLOBAL_BASELINE,HF9g-P5,,,,X 全窗基线 · 不参与实体赏罚,8390113,840,A168_HF9F_20260827_0900,2026-08-27 09:00:00
2026-07-26,121872929,2103,0,10.0000000000,-10.0000000000,-10.0000000000,0E-7,1,1,0.50665070000000000,0.506650700000,-1.013391052207602,-1.013391052207602,-1.013391052207602,0E-17,ELIGIBLE,R03b_20260811_FULL_v1,L1_ELIGIBILITY,v2026-08-11,2026-03-21..2026-08-06,baccarat_bet02_101_all_pairs_incl_sentinel,round_win = game_pnl > 0 (decisive only),COMPATIBILITY_ONLY_NOT_PRODUCTION,7167.0000,6520.0000,476.0000,649,649,-0.06641552,-0.07806452,-0.05753627,-0.06641552,-476.0000,7167.0000,OK,0.0000,14.2800,3.0000,97.0000,AG03-UNRESOLVED,ALL5_LEVELS_bet23_to_bet27,14.2800,14.2800,14.2800,14.2800,14.2800,3.000000,3.000000,3.000000,3.000000,3.000000,97.000000,97.000000,97.000000,97.000000,97.000000,5.0,71.4000,67.2426,404.6000,408.7574,PENDING_AG03,FALSE,NOT_FOR_ENFORCEMENT,461.7200,6324.4000,476.0000,461.7200,14.2800,0.06641552,0.06442305,14.2800,461.7200,0.06442305,14.2800,14.2800,14.2800,14.2800,14.2800,461.7200,0.06442305,71.4000,67.2426,404.6000,408.7574,0.05645319,0.05703326,0.00199247,11.0431,10.0462,0.7334,7.9333,0.7580,119.4500,10.8167,10.0000,11.9971,10.0,10.0,10.0,10.0,10.0,50.0,10.0,0.0,1.0,5.0,1.104314,28,151,16,2,0.43253802,0.06641552,0.07806452,0E-8,0.000000,0.909725,0.000000,-0.02052825,2026-03-30,2026-08-05,60,628,484,129,0.465116,0.833538,0.905539,1.441793,,,,,,,,GLOBAL_BASELINE_NO_ENTITY_RANKING,,,NOT_APPLICABLE_GLOBAL_BASELINE,HF9g-P5,,,,X 全窗基线 · 不参与实体赏罚,8390114,840,A168_HF9F_20260827_0900,2026-08-27 09:00:00
2026-07-26,121872929,2145,0,10.0000000000,9.5000000000,9.5000000000,1.0000000,1,1,0.50665070000000000,0.506650700000,0.9867858985152569,0.9867858985152569,0.9867858985152569,0E-17,ELIGIBLE,R03b_20260811_FULL_v1,L1_ELIGIBILITY,v2026-08-11,2026-03-21..2026-08-06,baccarat_bet02_101_all_pairs_incl_sentinel,round_win = game_pnl > 0 (decisive only),COMPATIBILITY_ONLY_NOT_PRODUCTION,7167.0000,6520.0000,476.0000,649,649,-0.06641552,-0.07806452,-0.05753627,-0.06641552,-476.0000,7167.0000,OK,0.0000,14.2800,3.0000,97.0000,AG03-UNRESOLVED,ALL5_LEVELS_bet23_to_bet27,14.2800,14.2800,14.2800,14.2800,14.2800,3.000000,3.000000,3.000000,3.000000,3.000000,97.000000,97.000000,97.000000,97.000000,97.000000,5.0,71.4000,67.2426,404.6000,408.7574,PENDING_AG03,FALSE,NOT_FOR_ENFORCEMENT,461.7200,6324.4000,476.0000,461.7200,14.2800,0.06641552,0.06442305,14.2800,461.7200,0.06442305,14.2800,14.2800,14.2800,14.2800,14.2800,461.7200,0.06442305,71.4000,67.2426,404.6000,408.7574,0.05645319,0.05703326,0.00199247,11.0431,10.0462,0.7334,7.9333,0.7580,119.4500,10.8167,10.0000,11.9971,10.0,10.0,10.0,10.0,10.0,50.0,10.0,0.0,1.0,5.0,1.104314,28,151,16,2,0.43253802,0.06641552,0.07806452,0E-8,0.000000,0.909725,0.000000,-0.02052825,2026-03-30,2026-08-05,60,628,484,129,0.465116,0.833538,0.905539,1.441793,,,,,,,,GLOBAL_BASELINE_NO_ENTITY_RANKING,,,NOT_APPLICABLE_GLOBAL_BASELINE,HF9g-P5,,,,X 全窗基线 · 不参与实体赏罚,8390115,840,A168_HF9F_20260827_0900,2026-08-27 09:00:00
2026-07-26,121872929,2209,0,10.0000000000,0E-10,0E-10,,1,1,0.49324550000000000,0.493245500000,,,,0E-17,NO_DECISIVE_ROUND,R03b_20260811_FULL_v1,L1_ELIGIBILITY,v2026-08-11,2026-03-21..2026-08-06,baccarat_bet02_101_all_pairs_incl_sentinel,round_win = game_pnl > 0 (decisive only),COMPATIBILITY_ONLY_NOT_PRODUCTION,7167.0000,6520.0000,476.0000,649,649,-0.06641552,-0.07806452,-0.05753627,-0.06641552,-476.0000,7167.0000,OK,0.0000,14.2800,3.0000,97.0000,AG03-UNRESOLVED,ALL5_LEVELS_bet23_to_bet27,14.2800,14.2800,14.2800,14.2800,14.2800,3.000000,3.000000,3.000000,3.000000,3.000000,97.000000,97.000000,97.000000,97.000000,97.000000,5.0,71.4000,67.2426,404.6000,408.7574,PENDING_AG03,FALSE,NOT_FOR_ENFORCEMENT,461.7200,6324.4000,476.0000,461.7200,14.2800,0.06641552,0.06442305,14.2800,461.7200,0.06442305,14.2800,14.2800,14.2800,14.2800,14.2800,461.7200,0.06442305,71.4000,67.2426,404.6000,408.7574,0.05645319,0.05703326,0.00199247,11.0431,10.0462,0.7334,7.9333,0.7580,119.4500,10.8167,10.0000,11.9971,10.0,10.0,10.0,10.0,10.0,50.0,10.0,0.0,1.0,5.0,1.104314,28,151,16,2,0.43253802,0.06641552,0.07806452,0E-8,0.000000,0.909725,0.000000,-0.02052825,2026-03-30,2026-08-05,60,628,484,129,0.465116,0.833538,0.905539,1.441793,,,,,,,,GLOBAL_BASELINE_NO_ENTITY_RANKING,,,NOT_APPLICABLE_GLOBAL_BASELINE,HF9g-P5,,,,X 全窗基线 · 不参与实体赏罚,8390116,840,A168_HF9F_20260827_0900,2026-08-27 09:00:00
2026-07-26,121872929,2239,0,10.0000000000,-10.0000000000,-10.0000000000,0E-7,1,1,0.49324550000000000,0.493245500000,-0.9865810262130424,-0.9865810262130424,-0.9865810262130424,0E-17,ELIGIBLE,R03b_20260811_FULL_v1,L1_ELIGIBILITY,v2026-08-11,2026-03-21..2026-08-06,baccarat_bet02_101_all_pairs_incl_sentinel,round_win = game_pnl > 0 (decisive only),COMPATIBILITY_ONLY_NOT_PRODUCTION,7167.0000,6520.0000,476.0000,649,649,-0.06641552,-0.07806452,-0.05753627,-0.06641552,-476.0000,7167.0000,OK,0.0000,14.2800,3.0000,97.0000,AG03-UNRESOLVED,ALL5_LEVELS_bet23_to_bet27,14.2800,14.2800,14.2800,14.2800,14.2800,3.000000,3.000000,3.000000,3.000000,3.000000,97.000000,97.000000,97.000000,97.000000,97.000000,5.0,71.4000,67.2426,404.6000,408.7574,PENDING_AG03,FALSE,NOT_FOR_ENFORCEMENT,461.7200,6324.4000,476.0000,461.7200,14.2800,0.06641552,0.06442305,14.2800,461.7200,0.06442305,14.2800,14.2800,14.2800,14.2800,14.2800,461.7200,0.06442305,71.4000,67.2426,404.6000,408.7574,0.05645319,0.05703326,0.00199247,11.0431,10.0462,0.7334,7.9333,0.7580,119.4500,10.8167,10.0000,11.9971,10.0,10.0,10.0,10.0,10.0,50.0,10.0,0.0,1.0,5.0,1.104314,28,151,16,2,0.43253802,0.06641552,0.07806452,0E-8,0.000000,0.909725,0.000000,-0.02052825,2026-03-30,2026-08-05,60,628,484,129,0.465116,0.833538,0.905539,1.441793,,,,,,,,GLOBAL_BASELINE_NO_ENTITY_RANKING,,,NOT_APPLICABLE_GLOBAL_BASELINE,HF9g-P5,,,,X 全窗基线 · 不参与实体赏罚,8390117,840,A168_HF9F_20260827_0900,2026-08-27 09:00:00
2026-07-27,121872929,-1,1,30.0000000000,29.5000000000,29.5000000000,1.0000000,3,3,0.49771390000000000,0.497713900000,1.739988277604938,1.739988277604938,1.739988277604938,0E-17,SENTINEL_DEALER,R03b_20260811_FULL_v1,L1_ELIGIBILITY,v2026-08-11,2026-03-21..2026-08-06,baccarat_bet02_101_all_pairs_incl_sentinel,round_win = game_pnl > 0 (decisive only),COMPATIBILITY_ONLY_NOT_PRODUCTION,7167.0000,6520.0000,476.0000,649,649,-0.06641552,-0.07806452,-0.05753627,-0.06641552,-476.0000,7167.0000,OK,0.0000,14.2800,3.0000,97.0000,AG03-UNRESOLVED,ALL5_LEVELS_bet23_to_bet27,14.2800,14.2800,14.2800,14.2800,14.2800,3.000000,3.000000,3.000000,3.000000,3.000000,97.000000,97.000000,97.000000,97.000000,97.000000,5.0,71.4000,67.2426,404.6000,408.7574,PENDING_AG03,FALSE,NOT_FOR_ENFORCEMENT,461.7200,6324.4000,476.0000,461.7200,14.2800,0.06641552,0.06442305,14.2800,461.7200,0.06442305,14.2800,14.2800,14.2800,14.2800,14.2800,461.7200,0.06442305,71.4000,67.2426,404.6000,408.7574,0.05645319,0.05703326,0.00199247,11.0431,10.0462,0.7334,7.9333,0.7580,119.4500,10.8167,10.0000,11.9971,10.0,10.0,10.0,10.0,10.0,50.0,10.0,0.0,1.0,5.0,1.104314,28,151,16,2,0.43253802,0.06641552,0.07806452,0E-8,0.000000,0.909725,0.000000,-0.02052825,2026-03-30,2026-08-05,60,628,484,129,0.465116,0.833538,0.905539,1.441793,,,,,,,,GLOBAL_BASELINE_NO_ENTITY_RANKING,,,NOT_APPLICABLE_GLOBAL_BASELINE,HF9g-P5,,,,X 全窗基线 · 不参与实体赏罚,8390118,840,A168_HF9F_20260827_0900,2026-08-27 09:00:00
2026-07-27,121872929,1094,0,10.0000000000,9.5000000000,9.5000000000,1.0000000,1,1,0.50665070000000000,0.506650700000,0.9867858985152569,0.9867858985152569,0.9867858985152569,0E-17,ELIGIBLE,R03b_20260811_FULL_v1,L1_ELIGIBILITY,v2026-08-11,2026-03-21..2026-08-06,baccarat_bet02_101_all_pairs_incl_sentinel,round_win = game_pnl > 0 (decisive only),COMPATIBILITY_ONLY_NOT_PRODUCTION,7167.0000,6520.0000,476.0000,649,649,-0.06641552,-0.07806452,-0.05753627,-0.06641552,-476.0000,7167.0000,OK,0.0000,14.2800,3.0000,97.0000,AG03-UNRESOLVED,ALL5_LEVELS_bet23_to_bet27,14.2800,14.2800,14.2800,14.2800,14.2800,3.000000,3.000000,3.000000,3.000000,3.000000,97.000000,97.000000,97.000000,97.000000,97.000000,5.0,71.4000,67.2426,404.6000,408.7574,PENDING_AG03,FALSE,NOT_FOR_ENFORCEMENT,461.7200,6324.4000,476.0000,461.7200,14.2800,0.06641552,0.06442305,14.2800,461.7200,0.06442305,14.2800,14.2800,14.2800,14.2800,14.2800,461.7200,0.06442305,71.4000,67.2426,404.6000,408.7574,0.05645319,0.05703326,0.00199247,11.0431,10.0462,0.7334,7.9333,0.7580,119.4500,10.8167,10.0000,11.9971,10.0,10.0,10.0,10.0,10.0,50.0,10.0,0.0,1.0,5.0,1.104314,28,151,16,2,0.43253802,0.06641552,0.07806452,0E-8,0.000000,0.909725,0.000000,-0.02052825,2026-03-30,2026-08-05,60,628,484,129,0.465116,0.833538,0.905539,1.441793,,,,,,,,GLOBAL_BASELINE_NO_ENTITY_RANKING,,,NOT_APPLICABLE_GLOBAL_BASELINE,HF9g-P5,,,,X 全窗基线 · 不参与实体赏罚,8390119,840,A168_HF9F_20260827_0900,2026-08-27 09:00:00
2026-07-27,121872929,1306,0,10.0000000000,-10.0000000000,-10.0000000000,0E-7,1,1,0.49324550000000000,0.493245500000,-0.9865810262130424,-0.9865810262130424,-0.9865810262130424,0E-17,ELIGIBLE,R03b_20260811_FULL_v1,L1_ELIGIBILITY,v2026-08-11,2026-03-21..2026-08-06,baccarat_bet02_101_all_pairs_incl_sentinel,round_win = game_pnl > 0 (decisive only),COMPATIBILITY_ONLY_NOT_PRODUCTION,7167.0000,6520.0000,476.0000,649,649,-0.06641552,-0.07806452,-0.05753627,-0.06641552,-476.0000,7167.0000,OK,0.0000,14.2800,3.0000,97.0000,AG03-UNRESOLVED,ALL5_LEVELS_bet23_to_bet27,14.2800,14.2800,14.2800,14.2800,14.2800,3.000000,3.000000,3.000000,3.000000,3.000000,97.000000,97.000000,97.000000,97.000000,97.000000,5.0,71.4000,67.2426,404.6000,408.7574,PENDING_AG03,FALSE,NOT_FOR_ENFORCEMENT,461.7200,6324.4000,476.0000,461.7200,14.2800,0.06641552,0.06442305,14.2800,461.7200,0.06442305,14.2800,14.2800,14.2800,14.2800,14.2800,461.7200,0.06442305,71.4000,67.2426,404.6000,408.7574,0.05645319,0.05703326,0.00199247,11.0431,10.0462,0.7334,7.9333,0.7580,119.4500,10.8167,10.0000,11.9971,10.0,10.0,10.0,10.0,10.0,50.0,10.0,0.0,1.0,5.0,1.104314,28,151,16,2,0.43253802,0.06641552,0.07806452,0E-8,0.000000,0.909725,0.000000,-0.02052825,2026-03-30,2026-08-05,60,628,484,129,0.465116,0.833538,0.905539,1.441793,,,,,,,,GLOBAL_BASELINE_NO_ENTITY_RANKING,,,NOT_APPLICABLE_GLOBAL_BASELINE,HF9g-P5,,,,X 全窗基线 · 不参与实体赏罚,8390120,840,A168_HF9F_20260827_0900,2026-08-27 09:00:00
2026-07-27,121872929,1400,0,10.0000000000,9.5000000000,9.5000000000,1.0000000,1,1,0.50665070000000000,0.506650700000,0.9867858985152569,0.9867858985152569,0.9867858985152569,0E-17,ELIGIBLE,R03b_20260811_FULL_v1,L1_ELIGIBILITY,v2026-08-11,2026-03-21..2026-08-06,baccarat_bet02_101_all_pairs_incl_sentinel,round_win = game_pnl > 0 (decisive only),COMPATIBILITY_ONLY_NOT_PRODUCTION,7167.0000,6520.0000,476.0000,649,649,-0.06641552,-0.07806452,-0.05753627,-0.06641552,-476.0000,7167.0000,OK,0.0000,14.2800,3.0000,97.0000,AG03-UNRESOLVED,ALL5_LEVELS_bet23_to_bet27,14.2800,14.2800,14.2800,14.2800,14.2800,3.000000,3.000000,3.000000,3.000000,3.000000,97.000000,97.000000,97.000000,97.000000,97.000000,5.0,71.4000,67.2426,404.6000,408.7574,PENDING_AG03,FALSE,NOT_FOR_ENFORCEMENT,461.7200,6324.4000,476.0000,461.7200,14.2800,0.06641552,0.06442305,14.2800,461.7200,0.06442305,14.2800,14.2800,14.2800,14.2800,14.2800,461.7200,0.06442305,71.4000,67.2426,404.6000,408.7574,0.05645319,0.05703326,0.00199247,11.0431,10.0462,0.7334,7.9333,0.7580,119.4500,10.8167,10.0000,11.9971,10.0,10.0,10.0,10.0,10.0,50.0,10.0,0.0,1.0,5.0,1.104314,28,151,16,2,0.43253802,0.06641552,0.07806452,0E-8,0.000000,0.909725,0.000000,-0.02052825,2026-03-30,2026-08-05,60,628,484,129,0.465116,0.833538,0.905539,1.441793,,,,,,,,GLOBAL_BASELINE_NO_ENTITY_RANKING,,,NOT_APPLICABLE_GLOBAL_BASELINE,HF9g-P5,,,,X 全窗基线 · 不参与实体赏罚,8390121,840,A168_HF9F_20260827_0900,2026-08-27 09:00:00
2026-07-27,121872929,1402,0,10.0000000000,9.5000000000,9.5000000000,1.0000000,1,1,0.50665070000000000,0.506650700000,0.9867858985152569,0.9867858985152569,0.9867858985152569,0E-17,ELIGIBLE,R03b_20260811_FULL_v1,L1_ELIGIBILITY,v2026-08-11,2026-03-21..2026-08-06,baccarat_bet02_101_all_pairs_incl_sentinel,round_win = game_pnl > 0 (decisive only),COMPATIBILITY_ONLY_NOT_PRODUCTION,7167.0000,6520.0000,476.0000,649,649,-0.06641552,-0.07806452,-0.05753627,-0.06641552,-476.0000,7167.0000,OK,0.0000,14.2800,3.0000,97.0000,AG03-UNRESOLVED,ALL5_LEVELS_bet23_to_bet27,14.2800,14.2800,14.2800,14.2800,14.2800,3.000000,3.000000,3.000000,3.000000,3.000000,97.000000,97.000000,97.000000,97.000000,97.000000,5.0,71.4000,67.2426,404.6000,408.7574,PENDING_AG03,FALSE,NOT_FOR_ENFORCEMENT,461.7200,6324.4000,476.0000,461.7200,14.2800,0.06641552,0.06442305,14.2800,461.7200,0.06442305,14.2800,14.2800,14.2800,14.2800,14.2800,461.7200,0.06442305,71.4000,67.2426,404.6000,408.7574,0.05645319,0.05703326,0.00199247,11.0431,10.0462,0.7334,7.9333,0.7580,119.4500,10.8167,10.0000,11.9971,10.0,10.0,10.0,10.0,10.0,50.0,10.0,0.0,1.0,5.0,1.104314,28,151,16,2,0.43253802,0.06641552,0.07806452,0E-8,0.000000,0.909725,0.000000,-0.02052825,2026-03-30,2026-08-05,60,628,484,129,0.465116,0.833538,0.905539,1.441793,,,,,,,,GLOBAL_BASELINE_NO_ENTITY_RANKING,,,NOT_APPLICABLE_GLOBAL_BASELINE,HF9g-P5,,,,X 全窗基线 · 不参与实体赏罚,8390122,840,A168_HF9F_20260827_0900,2026-08-27 09:00:00
2026-07-27,121872929,1509,0,10.0000000000,9.5000000000,9.5000000000,1.0000000,1,1,0.50665070000000000,0.506650700000,0.9867858985152569,0.9867858985152569,0.9867858985152569,0E-17,ELIGIBLE,R03b_20260811_FULL_v1,L1_ELIGIBILITY,v2026-08-11,2026-03-21..2026-08-06,baccarat_bet02_101_all_pairs_incl_sentinel,round_win = game_pnl > 0 (decisive only),COMPATIBILITY_ONLY_NOT_PRODUCTION,7167.0000,6520.0000,476.0000,649,649,-0.06641552,-0.07806452,-0.05753627,-0.06641552,-476.0000,7167.0000,OK,0.0000,14.2800,3.0000,97.0000,AG03-UNRESOLVED,ALL5_LEVELS_bet23_to_bet27,14.2800,14.2800,14.2800,14.2800,14.2800,3.000000,3.000000,3.000000,3.000000,3.000000,97.000000,97.000000,97.000000,97.000000,97.000000,5.0,71.4000,67.2426,404.6000,408.7574,PENDING_AG03,FALSE,NOT_FOR_ENFORCEMENT,461.7200,6324.4000,476.0000,461.7200,14.2800,0.06641552,0.06442305,14.2800,461.7200,0.06442305,14.2800,14.2800,14.2800,14.2800,14.2800,461.7200,0.06442305,71.4000,67.2426,404.6000,408.7574,0.05645319,0.05703326,0.00199247,11.0431,10.0462,0.7334,7.9333,0.7580,119.4500,10.8167,10.0000,11.9971,10.0,10.0,10.0,10.0,10.0,50.0,10.0,0.0,1.0,5.0,1.104314,28,151,16,2,0.43253802,0.06641552,0.07806452,0E-8,0.000000,0.909725,0.000000,-0.02052825,2026-03-30,2026-08-05,60,628,484,129,0.465116,0.833538,0.905539,1.441793,,,,,,,,GLOBAL_BASELINE_NO_ENTITY_RANKING,,,NOT_APPLICABLE_GLOBAL_BASELINE,HF9g-P5,,,,X 全窗基线 · 不参与实体赏罚,8390123,840,A168_HF9F_20260827_0900,2026-08-27 09:00:00
2026-07-27,121872929,1645,0,10.0000000000,-10.0000000000,-10.0000000000,0E-7,1,1,0.49324550000000000,0.493245500000,-0.9865810262130424,-0.9865810262130424,-0.9865810262130424,0E-17,ELIGIBLE,R03b_20260811_FULL_v1,L1_ELIGIBILITY,v2026-08-11,2026-03-21..2026-08-06,baccarat_bet02_101_all_pairs_incl_sentinel,round_win = game_pnl > 0 (decisive only),COMPATIBILITY_ONLY_NOT_PRODUCTION,7167.0000,6520.0000,476.0000,649,649,-0.06641552,-0.07806452,-0.05753627,-0.06641552,-476.0000,7167.0000,OK,0.0000,14.2800,3.0000,97.0000,AG03-UNRESOLVED,ALL5_LEVELS_bet23_to_bet27,14.2800,14.2800,14.2800,14.2800,14.2800,3.000000,3.000000,3.000000,3.000000,3.000000,97.000000,97.000000,97.000000,97.000000,97.000000,5.0,71.4000,67.2426,404.6000,408.7574,PENDING_AG03,FALSE,NOT_FOR_ENFORCEMENT,461.7200,6324.4000,476.0000,461.7200,14.2800,0.06641552,0.06442305,14.2800,461.7200,0.06442305,14.2800,14.2800,14.2800,14.2800,14.2800,461.7200,0.06442305,71.4000,67.2426,404.6000,408.7574,0.05645319,0.05703326,0.00199247,11.0431,10.0462,0.7334,7.9333,0.7580,119.4500,10.8167,10.0000,11.9971,10.0,10.0,10.0,10.0,10.0,50.0,10.0,0.0,1.0,5.0,1.104314,28,151,16,2,0.43253802,0.06641552,0.07806452,0E-8,0.000000,0.909725,0.000000,-0.02052825,2026-03-30,2026-08-05,60,628,484,129,0.465116,0.833538,0.905539,1.441793,,,,,,,,GLOBAL_BASELINE_NO_ENTITY_RANKING,,,NOT_APPLICABLE_GLOBAL_BASELINE,HF9g-P5,,,,X 全窗基线 · 不参与实体赏罚,8390124,840,A168_HF9F_20260827_0900,2026-08-27 09:00:00
2026-07-27,121872929,2093,0,20.0000000000,-0.5000000000,-0.5000000000,0.5000000,2,2,0.49994810000000000,0.499948100000,0.00014679536856514622,0.00014679536856514622,0.00014679536856514622,0E-17,ELIGIBLE,R03b_20260811_FULL_v1,L1_ELIGIBILITY,v2026-08-11,2026-03-21..2026-08-06,baccarat_bet02_101_all_pairs_incl_sentinel,round_win = game_pnl > 0 (decisive only),COMPATIBILITY_ONLY_NOT_PRODUCTION,7167.0000,6520.0000,476.0000,649,649,-0.06641552,-0.07806452,-0.05753627,-0.06641552,-476.0000,7167.0000,OK,0.0000,14.2800,3.0000,97.0000,AG03-UNRESOLVED,ALL5_LEVELS_bet23_to_bet27,14.2800,14.2800,14.2800,14.2800,14.2800,3.000000,3.000000,3.000000,3.000000,3.000000,97.000000,97.000000,97.000000,97.000000,97.000000,5.0,71.4000,67.2426,404.6000,408.7574,PENDING_AG03,FALSE,NOT_FOR_ENFORCEMENT,461.7200,6324.4000,476.0000,461.7200,14.2800,0.06641552,0.06442305,14.2800,461.7200,0.06442305,14.2800,14.2800,14.2800,14.2800,14.2800,461.7200,0.06442305,71.4000,67.2426,404.6000,408.7574,0.05645319,0.05703326,0.00199247,11.0431,10.0462,0.7334,7.9333,0.7580,119.4500,10.8167,10.0000,11.9971,10.0,10.0,10.0,10.0,10.0,50.0,10.0,0.0,1.0,5.0,1.104314,28,151,16,2,0.43253802,0.06641552,0.07806452,0E-8,0.000000,0.909725,0.000000,-0.02052825,2026-03-30,2026-08-05,60,628,484,129,0.465116,0.833538,0.905539,1.441793,,,,,,,,GLOBAL_BASELINE_NO_ENTITY_RANKING,,,NOT_APPLICABLE_GLOBAL_BASELINE,HF9g-P5,,,,X 全窗基线 · 不参与实体赏罚,8390125,840,A168_HF9F_20260827_0900,2026-08-27 09:00:00
2026-07-27,121872929,2169,0,10.0000000000,-10.0000000000,-10.0000000000,0E-7,1,1,0.49324550000000000,0.493245500000,-0.9865810262130424,-0.9865810262130424,-0.9865810262130424,0E-17,ELIGIBLE,R03b_20260811_FULL_v1,L1_ELIGIBILITY,v2026-08-11,2026-03-21..2026-08-06,baccarat_bet02_101_all_pairs_incl_sentinel,round_win = game_pnl > 0 (decisive only),COMPATIBILITY_ONLY_NOT_PRODUCTION,7167.0000,6520.0000,476.0000,649,649,-0.06641552,-0.07806452,-0.05753627,-0.06641552,-476.0000,7167.0000,OK,0.0000,14.2800,3.0000,97.0000,AG03-UNRESOLVED,ALL5_LEVELS_bet23_to_bet27,14.2800,14.2800,14.2800,14.2800,14.2800,3.000000,3.000000,3.000000,3.000000,3.000000,97.000000,97.000000,97.000000,97.000000,97.000000,5.0,71.4000,67.2426,404.6000,408.7574,PENDING_AG03,FALSE,NOT_FOR_ENFORCEMENT,461.7200,6324.4000,476.0000,461.7200,14.2800,0.06641552,0.06442305,14.2800,461.7200,0.06442305,14.2800,14.2800,14.2800,14.2800,14.2800,461.7200,0.06442305,71.4000,67.2426,404.6000,408.7574,0.05645319,0.05703326,0.00199247,11.0431,10.0462,0.7334,7.9333,0.7580,119.4500,10.8167,10.0000,11.9971,10.0,10.0,10.0,10.0,10.0,50.0,10.0,0.0,1.0,5.0,1.104314,28,151,16,2,0.43253802,0.06641552,0.07806452,0E-8,0.000000,0.909725,0.000000,-0.02052825,2026-03-30,2026-08-05,60,628,484,129,0.465116,0.833538,0.905539,1.441793,,,,,,,,GLOBAL_BASELINE_NO_ENTITY_RANKING,,,NOT_APPLICABLE_GLOBAL_BASELINE,HF9g-P5,,,,X 全窗基线 · 不参与实体赏罚,8390126,840,A168_HF9F_20260827_0900,2026-08-27 09:00:00
2026-07-27,121872929,2196,0,10.0000000000,9.5000000000,9.5000000000,1.0000000,1,1,0.50665070000000000,0.506650700000,0.9867858985152569,0.9867858985152569,0.9867858985152569,0E-17,ELIGIBLE,R03b_20260811_FULL_v1,L1_ELIGIBILITY,v2026-08-11,2026-03-21..2026-08-06,baccarat_bet02_101_all_pairs_incl_sentinel,round_win = game_pnl > 0 (decisive only),COMPATIBILITY_ONLY_NOT_PRODUCTION,7167.0000,6520.0000,476.0000,649,649,-0.06641552,-0.07806452,-0.05753627,-0.06641552,-476.0000,7167.0000,OK,0.0000,14.2800,3.0000,97.0000,AG03-UNRESOLVED,ALL5_LEVELS_bet23_to_bet27,14.2800,14.2800,14.2800,14.2800,14.2800,3.000000,3.000000,3.000000,3.000000,3.000000,97.000000,97.000000,97.000000,97.000000,97.000000,5.0,71.4000,67.2426,404.6000,408.7574,PENDING_AG03,FALSE,NOT_FOR_ENFORCEMENT,461.7200,6324.4000,476.0000,461.7200,14.2800,0.06641552,0.06442305,14.2800,461.7200,0.06442305,14.2800,14.2800,14.2800,14.2800,14.2800,461.7200,0.06442305,71.4000,67.2426,404.6000,408.7574,0.05645319,0.05703326,0.00199247,11.0431,10.0462,0.7334,7.9333,0.7580,119.4500,10.8167,10.0000,11.9971,10.0,10.0,10.0,10.0,10.0,50.0,10.0,0.0,1.0,5.0,1.104314,28,151,16,2,0.43253802,0.06641552,0.07806452,0E-8,0.000000,0.909725,0.000000,-0.02052825,2026-03-30,2026-08-05,60,628,484,129,0.465116,0.833538,0.905539,1.441793,,,,,,,,GLOBAL_BASELINE_NO_ENTITY_RANKING,,,NOT_APPLICABLE_GLOBAL_BASELINE,HF9g-P5,,,,X 全窗基线 · 不参与实体赏罚,8390127,840,A168_HF9F_20260827_0900,2026-08-27 09:00:00
2026-07-27,121872929,2216,0,20.0000000000,-0.5000000000,-0.5000000000,0.5000000,2,2,0.49994810000000000,0.499948100000,0.00014679536856514622,0.00014679536856514622,0.00014679536856514622,0E-17,ELIGIBLE,R03b_20260811_FULL_v1,L1_ELIGIBILITY,v2026-08-11,2026-03-21..2026-08-06,baccarat_bet02_101_all_pairs_incl_sentinel,round_win = game_pnl > 0 (decisive only),COMPATIBILITY_ONLY_NOT_PRODUCTION,7167.0000,6520.0000,476.0000,649,649,-0.06641552,-0.07806452,-0.05753627,-0.06641552,-476.0000,7167.0000,OK,0.0000,14.2800,3.0000,97.0000,AG03-UNRESOLVED,ALL5_LEVELS_bet23_to_bet27,14.2800,14.2800,14.2800,14.2800,14.2800,3.000000,3.000000,3.000000,3.000000,3.000000,97.000000,97.000000,97.000000,97.000000,97.000000,5.0,71.4000,67.2426,404.6000,408.7574,PENDING_AG03,FALSE,NOT_FOR_ENFORCEMENT,461.7200,6324.4000,476.0000,461.7200,14.2800,0.06641552,0.06442305,14.2800,461.7200,0.06442305,14.2800,14.2800,14.2800,14.2800,14.2800,461.7200,0.06442305,71.4000,67.2426,404.6000,408.7574,0.05645319,0.05703326,0.00199247,11.0431,10.0462,0.7334,7.9333,0.7580,119.4500,10.8167,10.0000,11.9971,10.0,10.0,10.0,10.0,10.0,50.0,10.0,0.0,1.0,5.0,1.104314,28,151,16,2,0.43253802,0.06641552,0.07806452,0E-8,0.000000,0.909725,0.000000,-0.02052825,2026-03-30,2026-08-05,60,628,484,129,0.465116,0.833538,0.905539,1.441793,,,,,,,,GLOBAL_BASELINE_NO_ENTITY_RANKING,,,NOT_APPLICABLE_GLOBAL_BASELINE,HF9g-P5,,,,X 全窗基线 · 不参与实体赏罚,8390128,840,A168_HF9F_20260827_0900,2026-08-27 09:00:00
2026-07-27,121872929,2246,0,10.0000000000,-10.0000000000,-10.0000000000,0E-7,1,1,0.49324550000000000,0.493245500000,-0.9865810262130424,-0.9865810262130424,-0.9865810262130424,0E-17,ELIGIBLE,R03b_20260811_FULL_v1,L1_ELIGIBILITY,v2026-08-11,2026-03-21..2026-08-06,baccarat_bet02_101_all_pairs_incl_sentinel,round_win = game_pnl > 0 (decisive only),COMPATIBILITY_ONLY_NOT_PRODUCTION,7167.0000,6520.0000,476.0000,649,649,-0.06641552,-0.07806452,-0.05753627,-0.06641552,-476.0000,7167.0000,OK,0.0000,14.2800,3.0000,97.0000,AG03-UNRESOLVED,ALL5_LEVELS_bet23_to_bet27,14.2800,14.2800,14.2800,14.2800,14.2800,3.000000,3.000000,3.000000,3.000000,3.000000,97.000000,97.000000,97.000000,97.000000,97.000000,5.0,71.4000,67.2426,404.6000,408.7574,PENDING_AG03,FALSE,NOT_FOR_ENFORCEMENT,461.7200,6324.4000,476.0000,461.7200,14.2800,0.06641552,0.06442305,14.2800,461.7200,0.06442305,14.2800,14.2800,14.2800,14.2800,14.2800,461.7200,0.06442305,71.4000,67.2426,404.6000,408.7574,0.05645319,0.05703326,0.00199247,11.0431,10.0462,0.7334,7.9333,0.7580,119.4500,10.8167,10.0000,11.9971,10.0,10.0,10.0,10.0,10.0,50.0,10.0,0.0,1.0,5.0,1.104314,28,151,16,2,0.43253802,0.06641552,0.07806452,0E-8,0.000000,0.909725,0.000000,-0.02052825,2026-03-30,2026-08-05,60,628,484,129,0.465116,0.833538,0.905539,1.441793,,,,,,,,GLOBAL_BASELINE_NO_ENTITY_RANKING,,,NOT_APPLICABLE_GLOBAL_BASELINE,HF9g-P5,,,,X 全窗基线 · 不参与实体赏罚,8390129,840,A168_HF9F_20260827_0900,2026-08-27 09:00:00
2026-07-28,121872929,-1,1,40.0000000000,39.5000000000,39.5000000000,1.0000000,4,4,0.49659680000000000,0.496596800000,2.0136594440222715,2.0136594440222715,2.0136594440222715,0E-17,SENTINEL_DEALER,R03b_20260811_FULL_v1,L1_ELIGIBILITY,v2026-08-11,2026-03-21..2026-08-06,baccarat_bet02_101_all_pairs_incl_sentinel,round_win = game_pnl > 0 (decisive only),COMPATIBILITY_ONLY_NOT_PRODUCTION,7167.0000,6520.0000,476.0000,649,649,-0.06641552,-0.07806452,-0.05753627,-0.06641552,-476.0000,7167.0000,OK,0.0000,14.2800,3.0000,97.0000,AG03-UNRESOLVED,ALL5_LEVELS_bet23_to_bet27,14.2800,14.2800,14.2800,14.2800,14.2800,3.000000,3.000000,3.000000,3.000000,3.000000,97.000000,97.000000,97.000000,97.000000,97.000000,5.0,71.4000,67.2426,404.6000,408.7574,PENDING_AG03,FALSE,NOT_FOR_ENFORCEMENT,461.7200,6324.4000,476.0000,461.7200,14.2800,0.06641552,0.06442305,14.2800,461.7200,0.06442305,14.2800,14.2800,14.2800,14.2800,14.2800,461.7200,0.06442305,71.4000,67.2426,404.6000,408.7574,0.05645319,0.05703326,0.00199247,11.0431,10.0462,0.7334,7.9333,0.7580,119.4500,10.8167,10.0000,11.9971,10.0,10.0,10.0,10.0,10.0,50.0,10.0,0.0,1.0,5.0,1.104314,28,151,16,2,0.43253802,0.06641552,0.07806452,0E-8,0.000000,0.909725,0.000000,-0.02052825,2026-03-30,2026-08-05,60,628,484,129,0.465116,0.833538,0.905539,1.441793,,,,,,,,GLOBAL_BASELINE_NO_ENTITY_RANKING,,,NOT_APPLICABLE_GLOBAL_BASELINE,HF9g-P5,,,,X 全窗基线 · 不参与实体赏罚,8390130,840,A168_HF9F_20260827_0900,2026-08-27 09:00:00
2026-07-28,121872929,1385,0,10.0000000000,9.5000000000,9.5000000000,1.0000000,1,1,0.50665070000000000,0.506650700000,0.9867858985152569,0.9867858985152569,0.9867858985152569,0E-17,ELIGIBLE,R03b_20260811_FULL_v1,L1_ELIGIBILITY,v2026-08-11,2026-03-21..2026-08-06,baccarat_bet02_101_all_pairs_incl_sentinel,round_win = game_pnl > 0 (decisive only),COMPATIBILITY_ONLY_NOT_PRODUCTION,7167.0000,6520.0000,476.0000,649,649,-0.06641552,-0.07806452,-0.05753627,-0.06641552,-476.0000,7167.0000,OK,0.0000,14.2800,3.0000,97.0000,AG03-UNRESOLVED,ALL5_LEVELS_bet23_to_bet27,14.2800,14.2800,14.2800,14.2800,14.2800,3.000000,3.000000,3.000000,3.000000,3.000000,97.000000,97.000000,97.000000,97.000000,97.000000,5.0,71.4000,67.2426,404.6000,408.7574,PENDING_AG03,FALSE,NOT_FOR_ENFORCEMENT,461.7200,6324.4000,476.0000,461.7200,14.2800,0.06641552,0.06442305,14.2800,461.7200,0.06442305,14.2800,14.2800,14.2800,14.2800,14.2800,461.7200,0.06442305,71.4000,67.2426,404.6000,408.7574,0.05645319,0.05703326,0.00199247,11.0431,10.0462,0.7334,7.9333,0.7580,119.4500,10.8167,10.0000,11.9971,10.0,10.0,10.0,10.0,10.0,50.0,10.0,0.0,1.0,5.0,1.104314,28,151,16,2,0.43253802,0.06641552,0.07806452,0E-8,0.000000,0.909725,0.000000,-0.02052825,2026-03-30,2026-08-05,60,628,484,129,0.465116,0.833538,0.905539,1.441793,,,,,,,,GLOBAL_BASELINE_NO_ENTITY_RANKING,,,NOT_APPLICABLE_GLOBAL_BASELINE,HF9g-P5,,,,X 全窗基线 · 不参与实体赏罚,8390131,840,A168_HF9F_20260827_0900,2026-08-27 09:00:00
2026-07-28,121872929,2093,0,10.0000000000,-10.0000000000,-10.0000000000,0E-7,1,1,0.50665070000000000,0.506650700000,-1.013391052207602,-1.013391052207602,-1.013391052207602,0E-17,ELIGIBLE,R03b_20260811_FULL_v1,L1_ELIGIBILITY,v2026-08-11,2026-03-21..2026-08-06,baccarat_bet02_101_all_pairs_incl_sentinel,round_win = game_pnl > 0 (decisive only),COMPATIBILITY_ONLY_NOT_PRODUCTION,7167.0000,6520.0000,476.0000,649,649,-0.06641552,-0.07806452,-0.05753627,-0.06641552,-476.0000,7167.0000,OK,0.0000,14.2800,3.0000,97.0000,AG03-UNRESOLVED,ALL5_LEVELS_bet23_to_bet27,14.2800,14.2800,14.2800,14.2800,14.2800,3.000000,3.000000,3.000000,3.000000,3.000000,97.000000,97.000000,97.000000,97.000000,97.000000,5.0,71.4000,67.2426,404.6000,408.7574,PENDING_AG03,FALSE,NOT_FOR_ENFORCEMENT,461.7200,6324.4000,476.0000,461.7200,14.2800,0.06641552,0.06442305,14.2800,461.7200,0.06442305,14.2800,14.2800,14.2800,14.2800,14.2800,461.7200,0.06442305,71.4000,67.2426,404.6000,408.7574,0.05645319,0.05703326,0.00199247,11.0431,10.0462,0.7334,7.9333,0.7580,119.4500,10.8167,10.0000,11.9971,10.0,10.0,10.0,10.0,10.0,50.0,10.0,0.0,1.0,5.0,1.104314,28,151,16,2,0.43253802,0.06641552,0.07806452,0E-8,0.000000,0.909725,0.000000,-0.02052825,2026-03-30,2026-08-05,60,628,484,129,0.465116,0.833538,0.905539,1.441793,,,,,,,,GLOBAL_BASELINE_NO_ENTITY_RANKING,,,NOT_APPLICABLE_GLOBAL_BASELINE,HF9g-P5,,,,X 全窗基线 · 不参与实体赏罚,8390132,840,A168_HF9F_20260827_0900,2026-08-27 09:00:00
2026-07-28,121872929,2103,0,10.0000000000,10.0000000000,10.0000000000,1.0000000,1,1,0.49324550000000000,0.493245500000,1.01360149184955,1.01360149184955,1.01360149184955,0E-17,ELIGIBLE,R03b_20260811_FULL_v1,L1_ELIGIBILITY,v2026-08-11,2026-03-21..2026-08-06,baccarat_bet02_101_all_pairs_incl_sentinel,round_win = game_pnl > 0 (decisive only),COMPATIBILITY_ONLY_NOT_PRODUCTION,7167.0000,6520.0000,476.0000,649,649,-0.06641552,-0.07806452,-0.05753627,-0.06641552,-476.0000,7167.0000,OK,0.0000,14.2800,3.0000,97.0000,AG03-UNRESOLVED,ALL5_LEVELS_bet23_to_bet27,14.2800,14.2800,14.2800,14.2800,14.2800,3.000000,3.000000,3.000000,3.000000,3.000000,97.000000,97.000000,97.000000,97.000000,97.000000,5.0,71.4000,67.2426,404.6000,408.7574,PENDING_AG03,FALSE,NOT_FOR_ENFORCEMENT,461.7200,6324.4000,476.0000,461.7200,14.2800,0.06641552,0.06442305,14.2800,461.7200,0.06442305,14.2800,14.2800,14.2800,14.2800,14.2800,461.7200,0.06442305,71.4000,67.2426,404.6000,408.7574,0.05645319,0.05703326,0.00199247,11.0431,10.0462,0.7334,7.9333,0.7580,119.4500,10.8167,10.0000,11.9971,10.0,10.0,10.0,10.0,10.0,50.0,10.0,0.0,1.0,5.0,1.104314,28,151,16,2,0.43253802,0.06641552,0.07806452,0E-8,0.000000,0.909725,0.000000,-0.02052825,2026-03-30,2026-08-05,60,628,484,129,0.465116,0.833538,0.905539,1.441793,,,,,,,,GLOBAL_BASELINE_NO_ENTITY_RANKING,,,NOT_APPLICABLE_GLOBAL_BASELINE,HF9g-P5,,,,X 全窗基线 · 不参与实体赏罚,8390133,840,A168_HF9F_20260827_0900,2026-08-27 09:00:00
2026-07-28,121872929,2142,0,10.0000000000,-10.0000000000,-10.0000000000,0E-7,1,1,0.50665070000000000,0.506650700000,-1.013391052207602,-1.013391052207602,-1.013391052207602,0E-17,ELIGIBLE,R03b_20260811_FULL_v1,L1_ELIGIBILITY,v2026-08-11,2026-03-21..2026-08-06,baccarat_bet02_101_all_pairs_incl_sentinel,round_win = game_pnl > 0 (decisive only),COMPATIBILITY_ONLY_NOT_PRODUCTION,7167.0000,6520.0000,476.0000,649,649,-0.06641552,-0.07806452,-0.05753627,-0.06641552,-476.0000,7167.0000,OK,0.0000,14.2800,3.0000,97.0000,AG03-UNRESOLVED,ALL5_LEVELS_bet23_to_bet27,14.2800,14.2800,14.2800,14.2800,14.2800,3.000000,3.000000,3.000000,3.000000,3.000000,97.000000,97.000000,97.000000,97.000000,97.000000,5.0,71.4000,67.2426,404.6000,408.7574,PENDING_AG03,FALSE,NOT_FOR_ENFORCEMENT,461.7200,6324.4000,476.0000,461.7200,14.2800,0.06641552,0.06442305,14.2800,461.7200,0.06442305,14.2800,14.2800,14.2800,14.2800,14.2800,461.7200,0.06442305,71.4000,67.2426,404.6000,408.7574,0.05645319,0.05703326,0.00199247,11.0431,10.0462,0.7334,7.9333,0.7580,119.4500,10.8167,10.0000,11.9971,10.0,10.0,10.0,10.0,10.0,50.0,10.0,0.0,1.0,5.0,1.104314,28,151,16,2,0.43253802,0.06641552,0.07806452,0E-8,0.000000,0.909725,0.000000,-0.02052825,2026-03-30,2026-08-05,60,628,484,129,0.465116,0.833538,0.905539,1.441793,,,,,,,,GLOBAL_BASELINE_NO_ENTITY_RANKING,,,NOT_APPLICABLE_GLOBAL_BASELINE,HF9g-P5,,,,X 全窗基线 · 不参与实体赏罚,8390134,840,A168_HF9F_20260827_0900,2026-08-27 09:00:00
2026-07-28,121872929,2164,0,10.0000000000,-10.0000000000,-10.0000000000,0E-7,1,1,0.50665070000000000,0.506650700000,-1.013391052207602,-1.013391052207602,-1.013391052207602,0E-17,ELIGIBLE,R03b_20260811_FULL_v1,L1_ELIGIBILITY,v2026-08-11,2026-03-21..2026-08-06,baccarat_bet02_101_all_pairs_incl_sentinel,round_win = game_pnl > 0 (decisive only),COMPATIBILITY_ONLY_NOT_PRODUCTION,7167.0000,6520.0000,476.0000,649,649,-0.06641552,-0.07806452,-0.05753627,-0.06641552,-476.0000,7167.0000,OK,0.0000,14.2800,3.0000,97.0000,AG03-UNRESOLVED,ALL5_LEVELS_bet23_to_bet27,14.2800,14.2800,14.2800,14.2800,14.2800,3.000000,3.000000,3.000000,3.000000,3.000000,97.000000,97.000000,97.000000,97.000000,97.000000,5.0,71.4000,67.2426,404.6000,408.7574,PENDING_AG03,FALSE,NOT_FOR_ENFORCEMENT,461.7200,6324.4000,476.0000,461.7200,14.2800,0.06641552,0.06442305,14.2800,461.7200,0.06442305,14.2800,14.2800,14.2800,14.2800,14.2800,461.7200,0.06442305,71.4000,67.2426,404.6000,408.7574,0.05645319,0.05703326,0.00199247,11.0431,10.0462,0.7334,7.9333,0.7580,119.4500,10.8167,10.0000,11.9971,10.0,10.0,10.0,10.0,10.0,50.0,10.0,0.0,1.0,5.0,1.104314,28,151,16,2,0.43253802,0.06641552,0.07806452,0E-8,0.000000,0.909725,0.000000,-0.02052825,2026-03-30,2026-08-05,60,628,484,129,0.465116,0.833538,0.905539,1.441793,,,,,,,,GLOBAL_BASELINE_NO_ENTITY_RANKING,,,NOT_APPLICABLE_GLOBAL_BASELINE,HF9g-P5,,,,X 全窗基线 · 不参与实体赏罚,8390135,840,A168_HF9F_20260827_0900,2026-08-27 09:00:00
2026-07-28,121872929,2239,0,10.0000000000,9.5000000000,9.5000000000,1.0000000,1,1,0.50665070000000000,0.506650700000,0.9867858985152569,0.9867858985152569,0.9867858985152569,0E-17,ELIGIBLE,R03b_20260811_FULL_v1,L1_ELIGIBILITY,v2026-08-11,2026-03-21..2026-08-06,baccarat_bet02_101_all_pairs_incl_sentinel,round_win = game_pnl > 0 (decisive only),COMPATIBILITY_ONLY_NOT_PRODUCTION,7167.0000,6520.0000,476.0000,649,649,-0.06641552,-0.07806452,-0.05753627,-0.06641552,-476.0000,7167.0000,OK,0.0000,14.2800,3.0000,97.0000,AG03-UNRESOLVED,ALL5_LEVELS_bet23_to_bet27,14.2800,14.2800,14.2800,14.2800,14.2800,3.000000,3.000000,3.000000,3.000000,3.000000,97.000000,97.000000,97.000000,97.000000,97.000000,5.0,71.4000,67.2426,404.6000,408.7574,PENDING_AG03,FALSE,NOT_FOR_ENFORCEMENT,461.7200,6324.4000,476.0000,461.7200,14.2800,0.06641552,0.06442305,14.2800,461.7200,0.06442305,14.2800,14.2800,14.2800,14.2800,14.2800,461.7200,0.06442305,71.4000,67.2426,404.6000,408.7574,0.05645319,0.05703326,0.00199247,11.0431,10.0462,0.7334,7.9333,0.7580,119.4500,10.8167,10.0000,11.9971,10.0,10.0,10.0,10.0,10.0,50.0,10.0,0.0,1.0,5.0,1.104314,28,151,16,2,0.43253802,0.06641552,0.07806452,0E-8,0.000000,0.909725,0.000000,-0.02052825,2026-03-30,2026-08-05,60,628,484,129,0.465116,0.833538,0.905539,1.441793,,,,,,,,GLOBAL_BASELINE_NO_ENTITY_RANKING,,,NOT_APPLICABLE_GLOBAL_BASELINE,HF9g-P5,,,,X 全窗基线 · 不参与实体赏罚,8390136,840,A168_HF9F_20260827_0900,2026-08-27 09:00:00
2026-07-28,121872929,2251,0,10.0000000000,-10.0000000000,-10.0000000000,0E-7,1,1,0.50665070000000000,0.506650700000,-1.013391052207602,-1.013391052207602,-1.013391052207602,0E-17,ELIGIBLE,R03b_20260811_FULL_v1,L1_ELIGIBILITY,v2026-08-11,2026-03-21..2026-08-06,baccarat_bet02_101_all_pairs_incl_sentinel,round_win = game_pnl > 0 (decisive only),COMPATIBILITY_ONLY_NOT_PRODUCTION,7167.0000,6520.0000,476.0000,649,649,-0.06641552,-0.07806452,-0.05753627,-0.06641552,-476.0000,7167.0000,OK,0.0000,14.2800,3.0000,97.0000,AG03-UNRESOLVED,ALL5_LEVELS_bet23_to_bet27,14.2800,14.2800,14.2800,14.2800,14.2800,3.000000,3.000000,3.000000,3.000000,3.000000,97.000000,97.000000,97.000000,97.000000,97.000000,5.0,71.4000,67.2426,404.6000,408.7574,PENDING_AG03,FALSE,NOT_FOR_ENFORCEMENT,461.7200,6324.4000,476.0000,461.7200,14.2800,0.06641552,0.06442305,14.2800,461.7200,0.06442305,14.2800,14.2800,14.2800,14.2800,14.2800,461.7200,0.06442305,71.4000,67.2426,404.6000,408.7574,0.05645319,0.05703326,0.00199247,11.0431,10.0462,0.7334,7.9333,0.7580,119.4500,10.8167,10.0000,11.9971,10.0,10.0,10.0,10.0,10.0,50.0,10.0,0.0,1.0,5.0,1.104314,28,151,16,2,0.43253802,0.06641552,0.07806452,0E-8,0.000000,0.909725,0.000000,-0.02052825,2026-03-30,2026-08-05,60,628,484,129,0.465116,0.833538,0.905539,1.441793,,,,,,,,GLOBAL_BASELINE_NO_ENTITY_RANKING,,,NOT_APPLICABLE_GLOBAL_BASELINE,HF9g-P5,,,,X 全窗基线 · 不参与实体赏罚,8390137,840,A168_HF9F_20260827_0900,2026-08-27 09:00:00
2026-07-28,121872929,994,0,10.0000000000,-10.0000000000,-10.0000000000,0E-7,1,1,0.50665070000000000,0.506650700000,-1.013391052207602,-1.013391052207602,-1.013391052207602,0E-17,ELIGIBLE,R03b_20260811_FULL_v1,L1_ELIGIBILITY,v2026-08-11,2026-03-21..2026-08-06,baccarat_bet02_101_all_pairs_incl_sentinel,round_win = game_pnl > 0 (decisive only),COMPATIBILITY_ONLY_NOT_PRODUCTION,7167.0000,6520.0000,476.0000,649,649,-0.06641552,-0.07806452,-0.05753627,-0.06641552,-476.0000,7167.0000,OK,0.0000,14.2800,3.0000,97.0000,AG03-UNRESOLVED,ALL5_LEVELS_bet23_to_bet27,14.2800,14.2800,14.2800,14.2800,14.2800,3.000000,3.000000,3.000000,3.000000,3.000000,97.000000,97.000000,97.000000,97.000000,97.000000,5.0,71.4000,67.2426,404.6000,408.7574,PENDING_AG03,FALSE,NOT_FOR_ENFORCEMENT,461.7200,6324.4000,476.0000,461.7200,14.2800,0.06641552,0.06442305,14.2800,461.7200,0.06442305,14.2800,14.2800,14.2800,14.2800,14.2800,461.7200,0.06442305,71.4000,67.2426,404.6000,408.7574,0.05645319,0.05703326,0.00199247,11.0431,10.0462,0.7334,7.9333,0.7580,119.4500,10.8167,10.0000,11.9971,10.0,10.0,10.0,10.0,10.0,50.0,10.0,0.0,1.0,5.0,1.104314,28,151,16,2,0.43253802,0.06641552,0.07806452,0E-8,0.000000,0.909725,0.000000,-0.02052825,2026-03-30,2026-08-05,60,628,484,129,0.465116,0.833538,0.905539,1.441793,,,,,,,,GLOBAL_BASELINE_NO_ENTITY_RANKING,,,NOT_APPLICABLE_GLOBAL_BASELINE,HF9g-P5,,,,X 全窗基线 · 不参与实体赏罚,8390138,840,A168_HF9F_20260827_0900,2026-08-27 09:00:00
2026-07-30,121872929,-1,1,10.0000000000,9.5000000000,9.5000000000,1.0000000,1,1,0.50665070000000000,0.506650700000,0.9867858985152569,0.9867858985152569,0.9867858985152569,0E-17,SENTINEL_DEALER,R03b_20260811_FULL_v1,L1_ELIGIBILITY,v2026-08-11,2026-03-21..2026-08-06,baccarat_bet02_101_all_pairs_incl_sentinel,round_win = game_pnl > 0 (decisive only),COMPATIBILITY_ONLY_NOT_PRODUCTION,7167.0000,6520.0000,476.0000,649,649,-0.06641552,-0.07806452,-0.05753627,-0.06641552,-476.0000,7167.0000,OK,0.0000,14.2800,3.0000,97.0000,AG03-UNRESOLVED,ALL5_LEVELS_bet23_to_bet27,14.2800,14.2800,14.2800,14.2800,14.2800,3.000000,3.000000,3.000000,3.000000,3.000000,97.000000,97.000000,97.000000,97.000000,97.000000,5.0,71.4000,67.2426,404.6000,408.7574,PENDING_AG03,FALSE,NOT_FOR_ENFORCEMENT,461.7200,6324.4000,476.0000,461.7200,14.2800,0.06641552,0.06442305,14.2800,461.7200,0.06442305,14.2800,14.2800,14.2800,14.2800,14.2800,461.7200,0.06442305,71.4000,67.2426,404.6000,408.7574,0.05645319,0.05703326,0.00199247,11.0431,10.0462,0.7334,7.9333,0.7580,119.4500,10.8167,10.0000,11.9971,10.0,10.0,10.0,10.0,10.0,50.0,10.0,0.0,1.0,5.0,1.104314,28,151,16,2,0.43253802,0.06641552,0.07806452,0E-8,0.000000,0.909725,0.000000,-0.02052825,2026-03-30,2026-08-05,60,628,484,129,0.465116,0.833538,0.905539,1.441793,,,,,,,,GLOBAL_BASELINE_NO_ENTITY_RANKING,,,NOT_APPLICABLE_GLOBAL_BASELINE,HF9g-P5,,,,X 全窗基线 · 不参与实体赏罚,8390139,840,A168_HF9F_20260827_0900,2026-08-27 09:00:00
2026-08-03,121872929,-1,1,30.0000000000,-10.5000000000,-10.5000000000,0.3333333,3,3,0.49771390000000000,0.497713900000,-0.5694369385616226,-0.5694369385616226,-0.5694369385616226,0E-17,SENTINEL_DEALER,R03b_20260811_FULL_v1,L1_ELIGIBILITY,v2026-08-11,2026-03-21..2026-08-06,baccarat_bet02_101_all_pairs_incl_sentinel,round_win = game_pnl > 0 (decisive only),COMPATIBILITY_ONLY_NOT_PRODUCTION,7167.0000,6520.0000,476.0000,649,649,-0.06641552,-0.07806452,-0.05753627,-0.06641552,-476.0000,7167.0000,OK,0.0000,14.2800,3.0000,97.0000,AG03-UNRESOLVED,ALL5_LEVELS_bet23_to_bet27,14.2800,14.2800,14.2800,14.2800,14.2800,3.000000,3.000000,3.000000,3.000000,3.000000,97.000000,97.000000,97.000000,97.000000,97.000000,5.0,71.4000,67.2426,404.6000,408.7574,PENDING_AG03,FALSE,NOT_FOR_ENFORCEMENT,461.7200,6324.4000,476.0000,461.7200,14.2800,0.06641552,0.06442305,14.2800,461.7200,0.06442305,14.2800,14.2800,14.2800,14.2800,14.2800,461.7200,0.06442305,71.4000,67.2426,404.6000,408.7574,0.05645319,0.05703326,0.00199247,11.0431,10.0462,0.7334,7.9333,0.7580,119.4500,10.8167,10.0000,11.9971,10.0,10.0,10.0,10.0,10.0,50.0,10.0,0.0,1.0,5.0,1.104314,28,151,16,2,0.43253802,0.06641552,0.07806452,0E-8,0.000000,0.909725,0.000000,-0.02052825,2026-03-30,2026-08-05,60,628,484,129,0.465116,0.833538,0.905539,1.441793,,,,,,,,GLOBAL_BASELINE_NO_ENTITY_RANKING,,,NOT_APPLICABLE_GLOBAL_BASELINE,HF9g-P5,,,,X 全窗基线 · 不参与实体赏罚,8390140,840,A168_HF9F_20260827_0900,2026-08-27 09:00:00
2026-08-03,121872929,1401,0,10.0000000000,9.5000000000,9.5000000000,1.0000000,1,1,0.50665070000000000,0.506650700000,0.9867858985152569,0.9867858985152569,0.9867858985152569,0E-17,ELIGIBLE,R03b_20260811_FULL_v1,L1_ELIGIBILITY,v2026-08-11,2026-03-21..2026-08-06,baccarat_bet02_101_all_pairs_incl_sentinel,round_win = game_pnl > 0 (decisive only),COMPATIBILITY_ONLY_NOT_PRODUCTION,7167.0000,6520.0000,476.0000,649,649,-0.06641552,-0.07806452,-0.05753627,-0.06641552,-476.0000,7167.0000,OK,0.0000,14.2800,3.0000,97.0000,AG03-UNRESOLVED,ALL5_LEVELS_bet23_to_bet27,14.2800,14.2800,14.2800,14.2800,14.2800,3.000000,3.000000,3.000000,3.000000,3.000000,97.000000,97.000000,97.000000,97.000000,97.000000,5.0,71.4000,67.2426,404.6000,408.7574,PENDING_AG03,FALSE,NOT_FOR_ENFORCEMENT,461.7200,6324.4000,476.0000,461.7200,14.2800,0.06641552,0.06442305,14.2800,461.7200,0.06442305,14.2800,14.2800,14.2800,14.2800,14.2800,461.7200,0.06442305,71.4000,67.2426,404.6000,408.7574,0.05645319,0.05703326,0.00199247,11.0431,10.0462,0.7334,7.9333,0.7580,119.4500,10.8167,10.0000,11.9971,10.0,10.0,10.0,10.0,10.0,50.0,10.0,0.0,1.0,5.0,1.104314,28,151,16,2,0.43253802,0.06641552,0.07806452,0E-8,0.000000,0.909725,0.000000,-0.02052825,2026-03-30,2026-08-05,60,628,484,129,0.465116,0.833538,0.905539,1.441793,,,,,,,,GLOBAL_BASELINE_NO_ENTITY_RANKING,,,NOT_APPLICABLE_GLOBAL_BASELINE,HF9g-P5,,,,X 全窗基线 · 不参与实体赏罚,8390141,840,A168_HF9F_20260827_0900,2026-08-27 09:00:00
2026-08-03,121872929,1957,0,10.0000000000,-10.0000000000,-10.0000000000,0E-7,1,1,0.49324550000000000,0.493245500000,-0.9865810262130424,-0.9865810262130424,-0.9865810262130424,0E-17,ELIGIBLE,R03b_20260811_FULL_v1,L1_ELIGIBILITY,v2026-08-11,2026-03-21..2026-08-06,baccarat_bet02_101_all_pairs_incl_sentinel,round_win = game_pnl > 0 (decisive only),COMPATIBILITY_ONLY_NOT_PRODUCTION,7167.0000,6520.0000,476.0000,649,649,-0.06641552,-0.07806452,-0.05753627,-0.06641552,-476.0000,7167.0000,OK,0.0000,14.2800,3.0000,97.0000,AG03-UNRESOLVED,ALL5_LEVELS_bet23_to_bet27,14.2800,14.2800,14.2800,14.2800,14.2800,3.000000,3.000000,3.000000,3.000000,3.000000,97.000000,97.000000,97.000000,97.000000,97.000000,5.0,71.4000,67.2426,404.6000,408.7574,PENDING_AG03,FALSE,NOT_FOR_ENFORCEMENT,461.7200,6324.4000,476.0000,461.7200,14.2800,0.06641552,0.06442305,14.2800,461.7200,0.06442305,14.2800,14.2800,14.2800,14.2800,14.2800,461.7200,0.06442305,71.4000,67.2426,404.6000,408.7574,0.05645319,0.05703326,0.00199247,11.0431,10.0462,0.7334,7.9333,0.7580,119.4500,10.8167,10.0000,11.9971,10.0,10.0,10.0,10.0,10.0,50.0,10.0,0.0,1.0,5.0,1.104314,28,151,16,2,0.43253802,0.06641552,0.07806452,0E-8,0.000000,0.909725,0.000000,-0.02052825,2026-03-30,2026-08-05,60,628,484,129,0.465116,0.833538,0.905539,1.441793,,,,,,,,GLOBAL_BASELINE_NO_ENTITY_RANKING,,,NOT_APPLICABLE_GLOBAL_BASELINE,HF9g-P5,,,,X 全窗基线 · 不参与实体赏罚,8390142,840,A168_HF9F_20260827_0900,2026-08-27 09:00:00
2026-08-03,121872929,2141,0,10.0000000000,9.5000000000,9.5000000000,1.0000000,1,1,0.50665070000000000,0.506650700000,0.9867858985152569,0.9867858985152569,0.9867858985152569,0E-17,ELIGIBLE,R03b_20260811_FULL_v1,L1_ELIGIBILITY,v2026-08-11,2026-03-21..2026-08-06,baccarat_bet02_101_all_pairs_incl_sentinel,round_win = game_pnl > 0 (decisive only),COMPATIBILITY_ONLY_NOT_PRODUCTION,7167.0000,6520.0000,476.0000,649,649,-0.06641552,-0.07806452,-0.05753627,-0.06641552,-476.0000,7167.0000,OK,0.0000,14.2800,3.0000,97.0000,AG03-UNRESOLVED,ALL5_LEVELS_bet23_to_bet27,14.2800,14.2800,14.2800,14.2800,14.2800,3.000000,3.000000,3.000000,3.000000,3.000000,97.000000,97.000000,97.000000,97.000000,97.000000,5.0,71.4000,67.2426,404.6000,408.7574,PENDING_AG03,FALSE,NOT_FOR_ENFORCEMENT,461.7200,6324.4000,476.0000,461.7200,14.2800,0.06641552,0.06442305,14.2800,461.7200,0.06442305,14.2800,14.2800,14.2800,14.2800,14.2800,461.7200,0.06442305,71.4000,67.2426,404.6000,408.7574,0.05645319,0.05703326,0.00199247,11.0431,10.0462,0.7334,7.9333,0.7580,119.4500,10.8167,10.0000,11.9971,10.0,10.0,10.0,10.0,10.0,50.0,10.0,0.0,1.0,5.0,1.104314,28,151,16,2,0.43253802,0.06641552,0.07806452,0E-8,0.000000,0.909725,0.000000,-0.02052825,2026-03-30,2026-08-05,60,628,484,129,0.465116,0.833538,0.905539,1.441793,,,,,,,,GLOBAL_BASELINE_NO_ENTITY_RANKING,,,NOT_APPLICABLE_GLOBAL_BASELINE,HF9g-P5,,,,X 全窗基线 · 不参与实体赏罚,8390143,840,A168_HF9F_20260827_0900,2026-08-27 09:00:00
2026-08-03,121872929,2167,0,10.0000000000,10.0000000000,10.0000000000,1.0000000,1,1,0.49324550000000000,0.493245500000,1.01360149184955,1.01360149184955,1.01360149184955,0E-17,ELIGIBLE,R03b_20260811_FULL_v1,L1_ELIGIBILITY,v2026-08-11,2026-03-21..2026-08-06,baccarat_bet02_101_all_pairs_incl_sentinel,round_win = game_pnl > 0 (decisive only),COMPATIBILITY_ONLY_NOT_PRODUCTION,7167.0000,6520.0000,476.0000,649,649,-0.06641552,-0.07806452,-0.05753627,-0.06641552,-476.0000,7167.0000,OK,0.0000,14.2800,3.0000,97.0000,AG03-UNRESOLVED,ALL5_LEVELS_bet23_to_bet27,14.2800,14.2800,14.2800,14.2800,14.2800,3.000000,3.000000,3.000000,3.000000,3.000000,97.000000,97.000000,97.000000,97.000000,97.000000,5.0,71.4000,67.2426,404.6000,408.7574,PENDING_AG03,FALSE,NOT_FOR_ENFORCEMENT,461.7200,6324.4000,476.0000,461.7200,14.2800,0.06641552,0.06442305,14.2800,461.7200,0.06442305,14.2800,14.2800,14.2800,14.2800,14.2800,461.7200,0.06442305,71.4000,67.2426,404.6000,408.7574,0.05645319,0.05703326,0.00199247,11.0431,10.0462,0.7334,7.9333,0.7580,119.4500,10.8167,10.0000,11.9971,10.0,10.0,10.0,10.0,10.0,50.0,10.0,0.0,1.0,5.0,1.104314,28,151,16,2,0.43253802,0.06641552,0.07806452,0E-8,0.000000,0.909725,0.000000,-0.02052825,2026-03-30,2026-08-05,60,628,484,129,0.465116,0.833538,0.905539,1.441793,,,,,,,,GLOBAL_BASELINE_NO_ENTITY_RANKING,,,NOT_APPLICABLE_GLOBAL_BASELINE,HF9g-P5,,,,X 全窗基线 · 不参与实体赏罚,8390144,840,A168_HF9F_20260827_0900,2026-08-27 09:00:00
2026-08-03,121872929,2170,0,10.0000000000,0E-10,0E-10,,1,1,0.50665070000000000,0.506650700000,,,,0E-17,NO_DECISIVE_ROUND,R03b_20260811_FULL_v1,L1_ELIGIBILITY,v2026-08-11,2026-03-21..2026-08-06,baccarat_bet02_101_all_pairs_incl_sentinel,round_win = game_pnl > 0 (decisive only),COMPATIBILITY_ONLY_NOT_PRODUCTION,7167.0000,6520.0000,476.0000,649,649,-0.06641552,-0.07806452,-0.05753627,-0.06641552,-476.0000,7167.0000,OK,0.0000,14.2800,3.0000,97.0000,AG03-UNRESOLVED,ALL5_LEVELS_bet23_to_bet27,14.2800,14.2800,14.2800,14.2800,14.2800,3.000000,3.000000,3.000000,3.000000,3.000000,97.000000,97.000000,97.000000,97.000000,97.000000,5.0,71.4000,67.2426,404.6000,408.7574,PENDING_AG03,FALSE,NOT_FOR_ENFORCEMENT,461.7200,6324.4000,476.0000,461.7200,14.2800,0.06641552,0.06442305,14.2800,461.7200,0.06442305,14.2800,14.2800,14.2800,14.2800,14.2800,461.7200,0.06442305,71.4000,67.2426,404.6000,408.7574,0.05645319,0.05703326,0.00199247,11.0431,10.0462,0.7334,7.9333,0.7580,119.4500,10.8167,10.0000,11.9971,10.0,10.0,10.0,10.0,10.0,50.0,10.0,0.0,1.0,5.0,1.104314,28,151,16,2,0.43253802,0.06641552,0.07806452,0E-8,0.000000,0.909725,0.000000,-0.02052825,2026-03-30,2026-08-05,60,628,484,129,0.465116,0.833538,0.905539,1.441793,,,,,,,,GLOBAL_BASELINE_NO_ENTITY_RANKING,,,NOT_APPLICABLE_GLOBAL_BASELINE,HF9g-P5,,,,X 全窗基线 · 不参与实体赏罚,8390145,840,A168_HF9F_20260827_0900,2026-08-27 09:00:00
2026-08-03,121872929,2210,0,10.0000000000,10.0000000000,10.0000000000,1.0000000,1,1,0.49324550000000000,0.493245500000,1.01360149184955,1.01360149184955,1.01360149184955,0E-17,ELIGIBLE,R03b_20260811_FULL_v1,L1_ELIGIBILITY,v2026-08-11,2026-03-21..2026-08-06,baccarat_bet02_101_all_pairs_incl_sentinel,round_win = game_pnl > 0 (decisive only),COMPATIBILITY_ONLY_NOT_PRODUCTION,7167.0000,6520.0000,476.0000,649,649,-0.06641552,-0.07806452,-0.05753627,-0.06641552,-476.0000,7167.0000,OK,0.0000,14.2800,3.0000,97.0000,AG03-UNRESOLVED,ALL5_LEVELS_bet23_to_bet27,14.2800,14.2800,14.2800,14.2800,14.2800,3.000000,3.000000,3.000000,3.000000,3.000000,97.000000,97.000000,97.000000,97.000000,97.000000,5.0,71.4000,67.2426,404.6000,408.7574,PENDING_AG03,FALSE,NOT_FOR_ENFORCEMENT,461.7200,6324.4000,476.0000,461.7200,14.2800,0.06641552,0.06442305,14.2800,461.7200,0.06442305,14.2800,14.2800,14.2800,14.2800,14.2800,461.7200,0.06442305,71.4000,67.2426,404.6000,408.7574,0.05645319,0.05703326,0.00199247,11.0431,10.0462,0.7334,7.9333,0.7580,119.4500,10.8167,10.0000,11.9971,10.0,10.0,10.0,10.0,10.0,50.0,10.0,0.0,1.0,5.0,1.104314,28,151,16,2,0.43253802,0.06641552,0.07806452,0E-8,0.000000,0.909725,0.000000,-0.02052825,2026-03-30,2026-08-05,60,628,484,129,0.465116,0.833538,0.905539,1.441793,,,,,,,,GLOBAL_BASELINE_NO_ENTITY_RANKING,,,NOT_APPLICABLE_GLOBAL_BASELINE,HF9g-P5,,,,X 全窗基线 · 不参与实体赏罚,8390146,840,A168_HF9F_20260827_0900,2026-08-27 09:00:00
2026-08-03,121872929,2258,0,10.0000000000,-10.0000000000,-10.0000000000,0E-7,1,1,0.50665070000000000,0.506650700000,-1.013391052207602,-1.013391052207602,-1.013391052207602,0E-17,ELIGIBLE,R03b_20260811_FULL_v1,L1_ELIGIBILITY,v2026-08-11,2026-03-21..2026-08-06,baccarat_bet02_101_all_pairs_incl_sentinel,round_win = game_pnl > 0 (decisive only),COMPATIBILITY_ONLY_NOT_PRODUCTION,7167.0000,6520.0000,476.0000,649,649,-0.06641552,-0.07806452,-0.05753627,-0.06641552,-476.0000,7167.0000,OK,0.0000,14.2800,3.0000,97.0000,AG03-UNRESOLVED,ALL5_LEVELS_bet23_to_bet27,14.2800,14.2800,14.2800,14.2800,14.2800,3.000000,3.000000,3.000000,3.000000,3.000000,97.000000,97.000000,97.000000,97.000000,97.000000,5.0,71.4000,67.2426,404.6000,408.7574,PENDING_AG03,FALSE,NOT_FOR_ENFORCEMENT,461.7200,6324.4000,476.0000,461.7200,14.2800,0.06641552,0.06442305,14.2800,461.7200,0.06442305,14.2800,14.2800,14.2800,14.2800,14.2800,461.7200,0.06442305,71.4000,67.2426,404.6000,408.7574,0.05645319,0.05703326,0.00199247,11.0431,10.0462,0.7334,7.9333,0.7580,119.4500,10.8167,10.0000,11.9971,10.0,10.0,10.0,10.0,10.0,50.0,10.0,0.0,1.0,5.0,1.104314,28,151,16,2,0.43253802,0.06641552,0.07806452,0E-8,0.000000,0.909725,0.000000,-0.02052825,2026-03-30,2026-08-05,60,628,484,129,0.465116,0.833538,0.905539,1.441793,,,,,,,,GLOBAL_BASELINE_NO_ENTITY_RANKING,,,NOT_APPLICABLE_GLOBAL_BASELINE,HF9g-P5,,,,X 全窗基线 · 不参与实体赏罚,8390147,840,A168_HF9F_20260827_0900,2026-08-27 09:00:00
2026-08-03,121872929,2261,0,10.0000000000,9.5000000000,9.5000000000,1.0000000,1,1,0.50665070000000000,0.506650700000,0.9867858985152569,0.9867858985152569,0.9867858985152569,0E-17,ELIGIBLE,R03b_20260811_FULL_v1,L1_ELIGIBILITY,v2026-08-11,2026-03-21..2026-08-06,baccarat_bet02_101_all_pairs_incl_sentinel,round_win = game_pnl > 0 (decisive only),COMPATIBILITY_ONLY_NOT_PRODUCTION,7167.0000,6520.0000,476.0000,649,649,-0.06641552,-0.07806452,-0.05753627,-0.06641552,-476.0000,7167.0000,OK,0.0000,14.2800,3.0000,97.0000,AG03-UNRESOLVED,ALL5_LEVELS_bet23_to_bet27,14.2800,14.2800,14.2800,14.2800,14.2800,3.000000,3.000000,3.000000,3.000000,3.000000,97.000000,97.000000,97.000000,97.000000,97.000000,5.0,71.4000,67.2426,404.6000,408.7574,PENDING_AG03,FALSE,NOT_FOR_ENFORCEMENT,461.7200,6324.4000,476.0000,461.7200,14.2800,0.06641552,0.06442305,14.2800,461.7200,0.06442305,14.2800,14.2800,14.2800,14.2800,14.2800,461.7200,0.06442305,71.4000,67.2426,404.6000,408.7574,0.05645319,0.05703326,0.00199247,11.0431,10.0462,0.7334,7.9333,0.7580,119.4500,10.8167,10.0000,11.9971,10.0,10.0,10.0,10.0,10.0,50.0,10.0,0.0,1.0,5.0,1.104314,28,151,16,2,0.43253802,0.06641552,0.07806452,0E-8,0.000000,0.909725,0.000000,-0.02052825,2026-03-30,2026-08-05,60,628,484,129,0.465116,0.833538,0.905539,1.441793,,,,,,,,GLOBAL_BASELINE_NO_ENTITY_RANKING,,,NOT_APPLICABLE_GLOBAL_BASELINE,HF9g-P5,,,,X 全窗基线 · 不参与实体赏罚,8390148,840,A168_HF9F_20260827_0900,2026-08-27 09:00:00
2026-08-03,121872929,2288,0,20.0000000000,0E-10,0E-10,0.5000000,2,2,0.49994810000000000,0.499948100000,0.00014679536856514622,0.00014679536856514622,0.00014679536856514622,0E-17,ELIGIBLE,R03b_20260811_FULL_v1,L1_ELIGIBILITY,v2026-08-11,2026-03-21..2026-08-06,baccarat_bet02_101_all_pairs_incl_sentinel,round_win = game_pnl > 0 (decisive only),COMPATIBILITY_ONLY_NOT_PRODUCTION,7167.0000,6520.0000,476.0000,649,649,-0.06641552,-0.07806452,-0.05753627,-0.06641552,-476.0000,7167.0000,OK,0.0000,14.2800,3.0000,97.0000,AG03-UNRESOLVED,ALL5_LEVELS_bet23_to_bet27,14.2800,14.2800,14.2800,14.2800,14.2800,3.000000,3.000000,3.000000,3.000000,3.000000,97.000000,97.000000,97.000000,97.000000,97.000000,5.0,71.4000,67.2426,404.6000,408.7574,PENDING_AG03,FALSE,NOT_FOR_ENFORCEMENT,461.7200,6324.4000,476.0000,461.7200,14.2800,0.06641552,0.06442305,14.2800,461.7200,0.06442305,14.2800,14.2800,14.2800,14.2800,14.2800,461.7200,0.06442305,71.4000,67.2426,404.6000,408.7574,0.05645319,0.05703326,0.00199247,11.0431,10.0462,0.7334,7.9333,0.7580,119.4500,10.8167,10.0000,11.9971,10.0,10.0,10.0,10.0,10.0,50.0,10.0,0.0,1.0,5.0,1.104314,28,151,16,2,0.43253802,0.06641552,0.07806452,0E-8,0.000000,0.909725,0.000000,-0.02052825,2026-03-30,2026-08-05,60,628,484,129,0.465116,0.833538,0.905539,1.441793,,,,,,,,GLOBAL_BASELINE_NO_ENTITY_RANKING,,,NOT_APPLICABLE_GLOBAL_BASELINE,HF9g-P5,,,,X 全窗基线 · 不参与实体赏罚,8390149,840,A168_HF9F_20260827_0900,2026-08-27 09:00:00
2026-08-03,121872929,462,0,10.0000000000,-10.0000000000,-10.0000000000,0E-7,1,1,0.49324550000000000,0.493245500000,-0.9865810262130424,-0.9865810262130424,-0.9865810262130424,0E-17,ELIGIBLE,R03b_20260811_FULL_v1,L1_ELIGIBILITY,v2026-08-11,2026-03-21..2026-08-06,baccarat_bet02_101_all_pairs_incl_sentinel,round_win = game_pnl > 0 (decisive only),COMPATIBILITY_ONLY_NOT_PRODUCTION,7167.0000,6520.0000,476.0000,649,649,-0.06641552,-0.07806452,-0.05753627,-0.06641552,-476.0000,7167.0000,OK,0.0000,14.2800,3.0000,97.0000,AG03-UNRESOLVED,ALL5_LEVELS_bet23_to_bet27,14.2800,14.2800,14.2800,14.2800,14.2800,3.000000,3.000000,3.000000,3.000000,3.000000,97.000000,97.000000,97.000000,97.000000,97.000000,5.0,71.4000,67.2426,404.6000,408.7574,PENDING_AG03,FALSE,NOT_FOR_ENFORCEMENT,461.7200,6324.4000,476.0000,461.7200,14.2800,0.06641552,0.06442305,14.2800,461.7200,0.06442305,14.2800,14.2800,14.2800,14.2800,14.2800,461.7200,0.06442305,71.4000,67.2426,404.6000,408.7574,0.05645319,0.05703326,0.00199247,11.0431,10.0462,0.7334,7.9333,0.7580,119.4500,10.8167,10.0000,11.9971,10.0,10.0,10.0,10.0,10.0,50.0,10.0,0.0,1.0,5.0,1.104314,28,151,16,2,0.43253802,0.06641552,0.07806452,0E-8,0.000000,0.909725,0.000000,-0.02052825,2026-03-30,2026-08-05,60,628,484,129,0.465116,0.833538,0.905539,1.441793,,,,,,,,GLOBAL_BASELINE_NO_ENTITY_RANKING,,,NOT_APPLICABLE_GLOBAL_BASELINE,HF9g-P5,,,,X 全窗基线 · 不参与实体赏罚,8390150,840,A168_HF9F_20260827_0900,2026-08-27 09:00:00
2026-08-03,121872929,994,0,10.0000000000,-10.0000000000,-10.0000000000,0E-7,1,1,0.49324550000000000,0.493245500000,-0.9865810262130424,-0.9865810262130424,-0.9865810262130424,0E-17,ELIGIBLE,R03b_20260811_FULL_v1,L1_ELIGIBILITY,v2026-08-11,2026-03-21..2026-08-06,baccarat_bet02_101_all_pairs_incl_sentinel,round_win = game_pnl > 0 (decisive only),COMPATIBILITY_ONLY_NOT_PRODUCTION,7167.0000,6520.0000,476.0000,649,649,-0.06641552,-0.07806452,-0.05753627,-0.06641552,-476.0000,7167.0000,OK,0.0000,14.2800,3.0000,97.0000,AG03-UNRESOLVED,ALL5_LEVELS_bet23_to_bet27,14.2800,14.2800,14.2800,14.2800,14.2800,3.000000,3.000000,3.000000,3.000000,3.000000,97.000000,97.000000,97.000000,97.000000,97.000000,5.0,71.4000,67.2426,404.6000,408.7574,PENDING_AG03,FALSE,NOT_FOR_ENFORCEMENT,461.7200,6324.4000,476.0000,461.7200,14.2800,0.06641552,0.06442305,14.2800,461.7200,0.06442305,14.2800,14.2800,14.2800,14.2800,14.2800,461.7200,0.06442305,71.4000,67.2426,404.6000,408.7574,0.05645319,0.05703326,0.00199247,11.0431,10.0462,0.7334,7.9333,0.7580,119.4500,10.8167,10.0000,11.9971,10.0,10.0,10.0,10.0,10.0,50.0,10.0,0.0,1.0,5.0,1.104314,28,151,16,2,0.43253802,0.06641552,0.07806452,0E-8,0.000000,0.909725,0.000000,-0.02052825,2026-03-30,2026-08-05,60,628,484,129,0.465116,0.833538,0.905539,1.441793,,,,,,,,GLOBAL_BASELINE_NO_ENTITY_RANKING,,,NOT_APPLICABLE_GLOBAL_BASELINE,HF9g-P5,,,,X 全窗基线 · 不参与实体赏罚,8390151,840,A168_HF9F_20260827_0900,2026-08-27 09:00:00
2026-08-04,121872929,-1,1,20.0000000000,19.5000000000,19.5000000000,1.0000000,2,2,0.49994810000000000,0.499948100000,1.4143603653603398,1.4143603653603398,1.4143603653603398,0E-17,SENTINEL_DEALER,R03b_20260811_FULL_v1,L1_ELIGIBILITY,v2026-08-11,2026-03-21..2026-08-06,baccarat_bet02_101_all_pairs_incl_sentinel,round_win = game_pnl > 0 (decisive only),COMPATIBILITY_ONLY_NOT_PRODUCTION,7167.0000,6520.0000,476.0000,649,649,-0.06641552,-0.07806452,-0.05753627,-0.06641552,-476.0000,7167.0000,OK,0.0000,14.2800,3.0000,97.0000,AG03-UNRESOLVED,ALL5_LEVELS_bet23_to_bet27,14.2800,14.2800,14.2800,14.2800,14.2800,3.000000,3.000000,3.000000,3.000000,3.000000,97.000000,97.000000,97.000000,97.000000,97.000000,5.0,71.4000,67.2426,404.6000,408.7574,PENDING_AG03,FALSE,NOT_FOR_ENFORCEMENT,461.7200,6324.4000,476.0000,461.7200,14.2800,0.06641552,0.06442305,14.2800,461.7200,0.06442305,14.2800,14.2800,14.2800,14.2800,14.2800,461.7200,0.06442305,71.4000,67.2426,404.6000,408.7574,0.05645319,0.05703326,0.00199247,11.0431,10.0462,0.7334,7.9333,0.7580,119.4500,10.8167,10.0000,11.9971,10.0,10.0,10.0,10.0,10.0,50.0,10.0,0.0,1.0,5.0,1.104314,28,151,16,2,0.43253802,0.06641552,0.07806452,0E-8,0.000000,0.909725,0.000000,-0.02052825,2026-03-30,2026-08-05,60,628,484,129,0.465116,0.833538,0.905539,1.441793,,,,,,,,GLOBAL_BASELINE_NO_ENTITY_RANKING,,,NOT_APPLICABLE_GLOBAL_BASELINE,HF9g-P5,,,,X 全窗基线 · 不参与实体赏罚,8390152,840,A168_HF9F_20260827_0900,2026-08-27 09:00:00
2026-08-04,121872929,1307,0,30.0000000000,10.0000000000,10.0000000000,0.6666667,3,3,0.49771390000000000,0.497713900000,0.5852756695216578,0.5852756695216578,0.5852756695216578,0E-17,ELIGIBLE,R03b_20260811_FULL_v1,L1_ELIGIBILITY,v2026-08-11,2026-03-21..2026-08-06,baccarat_bet02_101_all_pairs_incl_sentinel,round_win = game_pnl > 0 (decisive only),COMPATIBILITY_ONLY_NOT_PRODUCTION,7167.0000,6520.0000,476.0000,649,649,-0.06641552,-0.07806452,-0.05753627,-0.06641552,-476.0000,7167.0000,OK,0.0000,14.2800,3.0000,97.0000,AG03-UNRESOLVED,ALL5_LEVELS_bet23_to_bet27,14.2800,14.2800,14.2800,14.2800,14.2800,3.000000,3.000000,3.000000,3.000000,3.000000,97.000000,97.000000,97.000000,97.000000,97.000000,5.0,71.4000,67.2426,404.6000,408.7574,PENDING_AG03,FALSE,NOT_FOR_ENFORCEMENT,461.7200,6324.4000,476.0000,461.7200,14.2800,0.06641552,0.06442305,14.2800,461.7200,0.06442305,14.2800,14.2800,14.2800,14.2800,14.2800,461.7200,0.06442305,71.4000,67.2426,404.6000,408.7574,0.05645319,0.05703326,0.00199247,11.0431,10.0462,0.7334,7.9333,0.7580,119.4500,10.8167,10.0000,11.9971,10.0,10.0,10.0,10.0,10.0,50.0,10.0,0.0,1.0,5.0,1.104314,28,151,16,2,0.43253802,0.06641552,0.07806452,0E-8,0.000000,0.909725,0.000000,-0.02052825,2026-03-30,2026-08-05,60,628,484,129,0.465116,0.833538,0.905539,1.441793,,,,,,,,GLOBAL_BASELINE_NO_ENTITY_RANKING,,,NOT_APPLICABLE_GLOBAL_BASELINE,HF9g-P5,,,,X 全窗基线 · 不参与实体赏罚,8390153,840,A168_HF9F_20260827_0900,2026-08-27 09:00:00
2026-08-04,121872929,1385,0,10.0000000000,9.5000000000,9.5000000000,1.0000000,1,1,0.50665070000000000,0.506650700000,0.9867858985152569,0.9867858985152569,0.9867858985152569,0E-17,ELIGIBLE,R03b_20260811_FULL_v1,L1_ELIGIBILITY,v2026-08-11,2026-03-21..2026-08-06,baccarat_bet02_101_all_pairs_incl_sentinel,round_win = game_pnl > 0 (decisive only),COMPATIBILITY_ONLY_NOT_PRODUCTION,7167.0000,6520.0000,476.0000,649,649,-0.06641552,-0.07806452,-0.05753627,-0.06641552,-476.0000,7167.0000,OK,0.0000,14.2800,3.0000,97.0000,AG03-UNRESOLVED,ALL5_LEVELS_bet23_to_bet27,14.2800,14.2800,14.2800,14.2800,14.2800,3.000000,3.000000,3.000000,3.000000,3.000000,97.000000,97.000000,97.000000,97.000000,97.000000,5.0,71.4000,67.2426,404.6000,408.7574,PENDING_AG03,FALSE,NOT_FOR_ENFORCEMENT,461.7200,6324.4000,476.0000,461.7200,14.2800,0.06641552,0.06442305,14.2800,461.7200,0.06442305,14.2800,14.2800,14.2800,14.2800,14.2800,461.7200,0.06442305,71.4000,67.2426,404.6000,408.7574,0.05645319,0.05703326,0.00199247,11.0431,10.0462,0.7334,7.9333,0.7580,119.4500,10.8167,10.0000,11.9971,10.0,10.0,10.0,10.0,10.0,50.0,10.0,0.0,1.0,5.0,1.104314,28,151,16,2,0.43253802,0.06641552,0.07806452,0E-8,0.000000,0.909725,0.000000,-0.02052825,2026-03-30,2026-08-05,60,628,484,129,0.465116,0.833538,0.905539,1.441793,,,,,,,,GLOBAL_BASELINE_NO_ENTITY_RANKING,,,NOT_APPLICABLE_GLOBAL_BASELINE,HF9g-P5,,,,X 全窗基线 · 不参与实体赏罚,8390154,840,A168_HF9F_20260827_0900,2026-08-27 09:00:00
2026-08-04,121872929,1645,0,10.0000000000,-10.0000000000,-10.0000000000,0E-7,1,1,0.49324550000000000,0.493245500000,-0.9865810262130424,-0.9865810262130424,-0.9865810262130424,0E-17,ELIGIBLE,R03b_20260811_FULL_v1,L1_ELIGIBILITY,v2026-08-11,2026-03-21..2026-08-06,baccarat_bet02_101_all_pairs_incl_sentinel,round_win = game_pnl > 0 (decisive only),COMPATIBILITY_ONLY_NOT_PRODUCTION,7167.0000,6520.0000,476.0000,649,649,-0.06641552,-0.07806452,-0.05753627,-0.06641552,-476.0000,7167.0000,OK,0.0000,14.2800,3.0000,97.0000,AG03-UNRESOLVED,ALL5_LEVELS_bet23_to_bet27,14.2800,14.2800,14.2800,14.2800,14.2800,3.000000,3.000000,3.000000,3.000000,3.000000,97.000000,97.000000,97.000000,97.000000,97.000000,5.0,71.4000,67.2426,404.6000,408.7574,PENDING_AG03,FALSE,NOT_FOR_ENFORCEMENT,461.7200,6324.4000,476.0000,461.7200,14.2800,0.06641552,0.06442305,14.2800,461.7200,0.06442305,14.2800,14.2800,14.2800,14.2800,14.2800,461.7200,0.06442305,71.4000,67.2426,404.6000,408.7574,0.05645319,0.05703326,0.00199247,11.0431,10.0462,0.7334,7.9333,0.7580,119.4500,10.8167,10.0000,11.9971,10.0,10.0,10.0,10.0,10.0,50.0,10.0,0.0,1.0,5.0,1.104314,28,151,16,2,0.43253802,0.06641552,0.07806452,0E-8,0.000000,0.909725,0.000000,-0.02052825,2026-03-30,2026-08-05,60,628,484,129,0.465116,0.833538,0.905539,1.441793,,,,,,,,GLOBAL_BASELINE_NO_ENTITY_RANKING,,,NOT_APPLICABLE_GLOBAL_BASELINE,HF9g-P5,,,,X 全窗基线 · 不参与实体赏罚,8390155,840,A168_HF9F_20260827_0900,2026-08-27 09:00:00
2026-08-04,121872929,1957,0,10.0000000000,-10.0000000000,-10.0000000000,0E-7,1,1,0.50665070000000000,0.506650700000,-1.013391052207602,-1.013391052207602,-1.013391052207602,0E-17,ELIGIBLE,R03b_20260811_FULL_v1,L1_ELIGIBILITY,v2026-08-11,2026-03-21..2026-08-06,baccarat_bet02_101_all_pairs_incl_sentinel,round_win = game_pnl > 0 (decisive only),COMPATIBILITY_ONLY_NOT_PRODUCTION,7167.0000,6520.0000,476.0000,649,649,-0.06641552,-0.07806452,-0.05753627,-0.06641552,-476.0000,7167.0000,OK,0.0000,14.2800,3.0000,97.0000,AG03-UNRESOLVED,ALL5_LEVELS_bet23_to_bet27,14.2800,14.2800,14.2800,14.2800,14.2800,3.000000,3.000000,3.000000,3.000000,3.000000,97.000000,97.000000,97.000000,97.000000,97.000000,5.0,71.4000,67.2426,404.6000,408.7574,PENDING_AG03,FALSE,NOT_FOR_ENFORCEMENT,461.7200,6324.4000,476.0000,461.7200,14.2800,0.06641552,0.06442305,14.2800,461.7200,0.06442305,14.2800,14.2800,14.2800,14.2800,14.2800,461.7200,0.06442305,71.4000,67.2426,404.6000,408.7574,0.05645319,0.05703326,0.00199247,11.0431,10.0462,0.7334,7.9333,0.7580,119.4500,10.8167,10.0000,11.9971,10.0,10.0,10.0,10.0,10.0,50.0,10.0,0.0,1.0,5.0,1.104314,28,151,16,2,0.43253802,0.06641552,0.07806452,0E-8,0.000000,0.909725,0.000000,-0.02052825,2026-03-30,2026-08-05,60,628,484,129,0.465116,0.833538,0.905539,1.441793,,,,,,,,GLOBAL_BASELINE_NO_ENTITY_RANKING,,,NOT_APPLICABLE_GLOBAL_BASELINE,HF9g-P5,,,,X 全窗基线 · 不参与实体赏罚,8390156,840,A168_HF9F_20260827_0900,2026-08-27 09:00:00
2026-08-04,121872929,2222,0,10.0000000000,-10.0000000000,-10.0000000000,0E-7,1,1,0.49324550000000000,0.493245500000,-0.9865810262130424,-0.9865810262130424,-0.9865810262130424,0E-17,ELIGIBLE,R03b_20260811_FULL_v1,L1_ELIGIBILITY,v2026-08-11,2026-03-21..2026-08-06,baccarat_bet02_101_all_pairs_incl_sentinel,round_win = game_pnl > 0 (decisive only),COMPATIBILITY_ONLY_NOT_PRODUCTION,7167.0000,6520.0000,476.0000,649,649,-0.06641552,-0.07806452,-0.05753627,-0.06641552,-476.0000,7167.0000,OK,0.0000,14.2800,3.0000,97.0000,AG03-UNRESOLVED,ALL5_LEVELS_bet23_to_bet27,14.2800,14.2800,14.2800,14.2800,14.2800,3.000000,3.000000,3.000000,3.000000,3.000000,97.000000,97.000000,97.000000,97.000000,97.000000,5.0,71.4000,67.2426,404.6000,408.7574,PENDING_AG03,FALSE,NOT_FOR_ENFORCEMENT,461.7200,6324.4000,476.0000,461.7200,14.2800,0.06641552,0.06442305,14.2800,461.7200,0.06442305,14.2800,14.2800,14.2800,14.2800,14.2800,461.7200,0.06442305,71.4000,67.2426,404.6000,408.7574,0.05645319,0.05703326,0.00199247,11.0431,10.0462,0.7334,7.9333,0.7580,119.4500,10.8167,10.0000,11.9971,10.0,10.0,10.0,10.0,10.0,50.0,10.0,0.0,1.0,5.0,1.104314,28,151,16,2,0.43253802,0.06641552,0.07806452,0E-8,0.000000,0.909725,0.000000,-0.02052825,2026-03-30,2026-08-05,60,628,484,129,0.465116,0.833538,0.905539,1.441793,,,,,,,,GLOBAL_BASELINE_NO_ENTITY_RANKING,,,NOT_APPLICABLE_GLOBAL_BASELINE,HF9g-P5,,,,X 全窗基线 · 不参与实体赏罚,8390157,840,A168_HF9F_20260827_0900,2026-08-27 09:00:00
2026-08-04,121872929,2223,0,10.0000000000,9.5000000000,9.5000000000,1.0000000,1,1,0.50665070000000000,0.506650700000,0.9867858985152569,0.9867858985152569,0.9867858985152569,0E-17,ELIGIBLE,R03b_20260811_FULL_v1,L1_ELIGIBILITY,v2026-08-11,2026-03-21..2026-08-06,baccarat_bet02_101_all_pairs_incl_sentinel,round_win = game_pnl > 0 (decisive only),COMPATIBILITY_ONLY_NOT_PRODUCTION,7167.0000,6520.0000,476.0000,649,649,-0.06641552,-0.07806452,-0.05753627,-0.06641552,-476.0000,7167.0000,OK,0.0000,14.2800,3.0000,97.0000,AG03-UNRESOLVED,ALL5_LEVELS_bet23_to_bet27,14.2800,14.2800,14.2800,14.2800,14.2800,3.000000,3.000000,3.000000,3.000000,3.000000,97.000000,97.000000,97.000000,97.000000,97.000000,5.0,71.4000,67.2426,404.6000,408.7574,PENDING_AG03,FALSE,NOT_FOR_ENFORCEMENT,461.7200,6324.4000,476.0000,461.7200,14.2800,0.06641552,0.06442305,14.2800,461.7200,0.06442305,14.2800,14.2800,14.2800,14.2800,14.2800,461.7200,0.06442305,71.4000,67.2426,404.6000,408.7574,0.05645319,0.05703326,0.00199247,11.0431,10.0462,0.7334,7.9333,0.7580,119.4500,10.8167,10.0000,11.9971,10.0,10.0,10.0,10.0,10.0,50.0,10.0,0.0,1.0,5.0,1.104314,28,151,16,2,0.43253802,0.06641552,0.07806452,0E-8,0.000000,0.909725,0.000000,-0.02052825,2026-03-30,2026-08-05,60,628,484,129,0.465116,0.833538,0.905539,1.441793,,,,,,,,GLOBAL_BASELINE_NO_ENTITY_RANKING,,,NOT_APPLICABLE_GLOBAL_BASELINE,HF9g-P5,,,,X 全窗基线 · 不参与实体赏罚,8390158,840,A168_HF9F_20260827_0900,2026-08-27 09:00:00
2026-08-04,121872929,2224,0,10.0000000000,-10.0000000000,-10.0000000000,0E-7,1,1,0.50665070000000000,0.506650700000,-1.013391052207602,-1.013391052207602,-1.013391052207602,0E-17,ELIGIBLE,R03b_20260811_FULL_v1,L1_ELIGIBILITY,v2026-08-11,2026-03-21..2026-08-06,baccarat_bet02_101_all_pairs_incl_sentinel,round_win = game_pnl > 0 (decisive only),COMPATIBILITY_ONLY_NOT_PRODUCTION,7167.0000,6520.0000,476.0000,649,649,-0.06641552,-0.07806452,-0.05753627,-0.06641552,-476.0000,7167.0000,OK,0.0000,14.2800,3.0000,97.0000,AG03-UNRESOLVED,ALL5_LEVELS_bet23_to_bet27,14.2800,14.2800,14.2800,14.2800,14.2800,3.000000,3.000000,3.000000,3.000000,3.000000,97.000000,97.000000,97.000000,97.000000,97.000000,5.0,71.4000,67.2426,404.6000,408.7574,PENDING_AG03,FALSE,NOT_FOR_ENFORCEMENT,461.7200,6324.4000,476.0000,461.7200,14.2800,0.06641552,0.06442305,14.2800,461.7200,0.06442305,14.2800,14.2800,14.2800,14.2800,14.2800,461.7200,0.06442305,71.4000,67.2426,404.6000,408.7574,0.05645319,0.05703326,0.00199247,11.0431,10.0462,0.7334,7.9333,0.7580,119.4500,10.8167,10.0000,11.9971,10.0,10.0,10.0,10.0,10.0,50.0,10.0,0.0,1.0,5.0,1.104314,28,151,16,2,0.43253802,0.06641552,0.07806452,0E-8,0.000000,0.909725,0.000000,-0.02052825,2026-03-30,2026-08-05,60,628,484,129,0.465116,0.833538,0.905539,1.441793,,,,,,,,GLOBAL_BASELINE_NO_ENTITY_RANKING,,,NOT_APPLICABLE_GLOBAL_BASELINE,HF9g-P5,,,,X 全窗基线 · 不参与实体赏罚,8390159,840,A168_HF9F_20260827_0900,2026-08-27 09:00:00
2026-08-04,121872929,2254,0,10.0000000000,10.0000000000,10.0000000000,1.0000000,1,1,0.49324550000000000,0.493245500000,1.01360149184955,1.01360149184955,1.01360149184955,0E-17,ELIGIBLE,R03b_20260811_FULL_v1,L1_ELIGIBILITY,v2026-08-11,2026-03-21..2026-08-06,baccarat_bet02_101_all_pairs_incl_sentinel,round_win = game_pnl > 0 (decisive only),COMPATIBILITY_ONLY_NOT_PRODUCTION,7167.0000,6520.0000,476.0000,649,649,-0.06641552,-0.07806452,-0.05753627,-0.06641552,-476.0000,7167.0000,OK,0.0000,14.2800,3.0000,97.0000,AG03-UNRESOLVED,ALL5_LEVELS_bet23_to_bet27,14.2800,14.2800,14.2800,14.2800,14.2800,3.000000,3.000000,3.000000,3.000000,3.000000,97.000000,97.000000,97.000000,97.000000,97.000000,5.0,71.4000,67.2426,404.6000,408.7574,PENDING_AG03,FALSE,NOT_FOR_ENFORCEMENT,461.7200,6324.4000,476.0000,461.7200,14.2800,0.06641552,0.06442305,14.2800,461.7200,0.06442305,14.2800,14.2800,14.2800,14.2800,14.2800,461.7200,0.06442305,71.4000,67.2426,404.6000,408.7574,0.05645319,0.05703326,0.00199247,11.0431,10.0462,0.7334,7.9333,0.7580,119.4500,10.8167,10.0000,11.9971,10.0,10.0,10.0,10.0,10.0,50.0,10.0,0.0,1.0,5.0,1.104314,28,151,16,2,0.43253802,0.06641552,0.07806452,0E-8,0.000000,0.909725,0.000000,-0.02052825,2026-03-30,2026-08-05,60,628,484,129,0.465116,0.833538,0.905539,1.441793,,,,,,,,GLOBAL_BASELINE_NO_ENTITY_RANKING,,,NOT_APPLICABLE_GLOBAL_BASELINE,HF9g-P5,,,,X 全窗基线 · 不参与实体赏罚,8390160,840,A168_HF9F_20260827_0900,2026-08-27 09:00:00
2026-08-04,121872929,2278,0,10.0000000000,-10.0000000000,-10.0000000000,0E-7,1,1,0.50665070000000000,0.506650700000,-1.013391052207602,-1.013391052207602,-1.013391052207602,0E-17,ELIGIBLE,R03b_20260811_FULL_v1,L1_ELIGIBILITY,v2026-08-11,2026-03-21..2026-08-06,baccarat_bet02_101_all_pairs_incl_sentinel,round_win = game_pnl > 0 (decisive only),COMPATIBILITY_ONLY_NOT_PRODUCTION,7167.0000,6520.0000,476.0000,649,649,-0.06641552,-0.07806452,-0.05753627,-0.06641552,-476.0000,7167.0000,OK,0.0000,14.2800,3.0000,97.0000,AG03-UNRESOLVED,ALL5_LEVELS_bet23_to_bet27,14.2800,14.2800,14.2800,14.2800,14.2800,3.000000,3.000000,3.000000,3.000000,3.000000,97.000000,97.000000,97.000000,97.000000,97.000000,5.0,71.4000,67.2426,404.6000,408.7574,PENDING_AG03,FALSE,NOT_FOR_ENFORCEMENT,461.7200,6324.4000,476.0000,461.7200,14.2800,0.06641552,0.06442305,14.2800,461.7200,0.06442305,14.2800,14.2800,14.2800,14.2800,14.2800,461.7200,0.06442305,71.4000,67.2426,404.6000,408.7574,0.05645319,0.05703326,0.00199247,11.0431,10.0462,0.7334,7.9333,0.7580,119.4500,10.8167,10.0000,11.9971,10.0,10.0,10.0,10.0,10.0,50.0,10.0,0.0,1.0,5.0,1.104314,28,151,16,2,0.43253802,0.06641552,0.07806452,0E-8,0.000000,0.909725,0.000000,-0.02052825,2026-03-30,2026-08-05,60,628,484,129,0.465116,0.833538,0.905539,1.441793,,,,,,,,GLOBAL_BASELINE_NO_ENTITY_RANKING,,,NOT_APPLICABLE_GLOBAL_BASELINE,HF9g-P5,,,,X 全窗基线 · 不参与实体赏罚,8390161,840,A168_HF9F_20260827_0900,2026-08-27 09:00:00
2026-08-04,121872929,2289,0,10.0000000000,9.5000000000,9.5000000000,1.0000000,1,1,0.50665070000000000,0.506650700000,0.9867858985152569,0.9867858985152569,0.9867858985152569,0E-17,ELIGIBLE,R03b_20260811_FULL_v1,L1_ELIGIBILITY,v2026-08-11,2026-03-21..2026-08-06,baccarat_bet02_101_all_pairs_incl_sentinel,round_win = game_pnl > 0 (decisive only),COMPATIBILITY_ONLY_NOT_PRODUCTION,7167.0000,6520.0000,476.0000,649,649,-0.06641552,-0.07806452,-0.05753627,-0.06641552,-476.0000,7167.0000,OK,0.0000,14.2800,3.0000,97.0000,AG03-UNRESOLVED,ALL5_LEVELS_bet23_to_bet27,14.2800,14.2800,14.2800,14.2800,14.2800,3.000000,3.000000,3.000000,3.000000,3.000000,97.000000,97.000000,97.000000,97.000000,97.000000,5.0,71.4000,67.2426,404.6000,408.7574,PENDING_AG03,FALSE,NOT_FOR_ENFORCEMENT,461.7200,6324.4000,476.0000,461.7200,14.2800,0.06641552,0.06442305,14.2800,461.7200,0.06442305,14.2800,14.2800,14.2800,14.2800,14.2800,461.7200,0.06442305,71.4000,67.2426,404.6000,408.7574,0.05645319,0.05703326,0.00199247,11.0431,10.0462,0.7334,7.9333,0.7580,119.4500,10.8167,10.0000,11.9971,10.0,10.0,10.0,10.0,10.0,50.0,10.0,0.0,1.0,5.0,1.104314,28,151,16,2,0.43253802,0.06641552,0.07806452,0E-8,0.000000,0.909725,0.000000,-0.02052825,2026-03-30,2026-08-05,60,628,484,129,0.465116,0.833538,0.905539,1.441793,,,,,,,,GLOBAL_BASELINE_NO_ENTITY_RANKING,,,NOT_APPLICABLE_GLOBAL_BASELINE,HF9g-P5,,,,X 全窗基线 · 不参与实体赏罚,8390162,840,A168_HF9F_20260827_0900,2026-08-27 09:00:00
2026-08-04,121872929,550,0,10.0000000000,0E-10,0E-10,,1,1,0.49324550000000000,0.493245500000,,,,0E-17,NO_DECISIVE_ROUND,R03b_20260811_FULL_v1,L1_ELIGIBILITY,v2026-08-11,2026-03-21..2026-08-06,baccarat_bet02_101_all_pairs_incl_sentinel,round_win = game_pnl > 0 (decisive only),COMPATIBILITY_ONLY_NOT_PRODUCTION,7167.0000,6520.0000,476.0000,649,649,-0.06641552,-0.07806452,-0.05753627,-0.06641552,-476.0000,7167.0000,OK,0.0000,14.2800,3.0000,97.0000,AG03-UNRESOLVED,ALL5_LEVELS_bet23_to_bet27,14.2800,14.2800,14.2800,14.2800,14.2800,3.000000,3.000000,3.000000,3.000000,3.000000,97.000000,97.000000,97.000000,97.000000,97.000000,5.0,71.4000,67.2426,404.6000,408.7574,PENDING_AG03,FALSE,NOT_FOR_ENFORCEMENT,461.7200,6324.4000,476.0000,461.7200,14.2800,0.06641552,0.06442305,14.2800,461.7200,0.06442305,14.2800,14.2800,14.2800,14.2800,14.2800,461.7200,0.06442305,71.4000,67.2426,404.6000,408.7574,0.05645319,0.05703326,0.00199247,11.0431,10.0462,0.7334,7.9333,0.7580,119.4500,10.8167,10.0000,11.9971,10.0,10.0,10.0,10.0,10.0,50.0,10.0,0.0,1.0,5.0,1.104314,28,151,16,2,0.43253802,0.06641552,0.07806452,0E-8,0.000000,0.909725,0.000000,-0.02052825,2026-03-30,2026-08-05,60,628,484,129,0.465116,0.833538,0.905539,1.441793,,,,,,,,GLOBAL_BASELINE_NO_ENTITY_RANKING,,,NOT_APPLICABLE_GLOBAL_BASELINE,HF9g-P5,,,,X 全窗基线 · 不参与实体赏罚,8390163,840,A168_HF9F_20260827_0900,2026-08-27 09:00:00
2026-08-04,121872929,772,0,10.0000000000,-10.0000000000,-10.0000000000,0E-7,1,1,0.50665070000000000,0.506650700000,-1.013391052207602,-1.013391052207602,-1.013391052207602,0E-17,ELIGIBLE,R03b_20260811_FULL_v1,L1_ELIGIBILITY,v2026-08-11,2026-03-21..2026-08-06,baccarat_bet02_101_all_pairs_incl_sentinel,round_win = game_pnl > 0 (decisive only),COMPATIBILITY_ONLY_NOT_PRODUCTION,7167.0000,6520.0000,476.0000,649,649,-0.06641552,-0.07806452,-0.05753627,-0.06641552,-476.0000,7167.0000,OK,0.0000,14.2800,3.0000,97.0000,AG03-UNRESOLVED,ALL5_LEVELS_bet23_to_bet27,14.2800,14.2800,14.2800,14.2800,14.2800,3.000000,3.000000,3.000000,3.000000,3.000000,97.000000,97.000000,97.000000,97.000000,97.000000,5.0,71.4000,67.2426,404.6000,408.7574,PENDING_AG03,FALSE,NOT_FOR_ENFORCEMENT,461.7200,6324.4000,476.0000,461.7200,14.2800,0.06641552,0.06442305,14.2800,461.7200,0.06442305,14.2800,14.2800,14.2800,14.2800,14.2800,461.7200,0.06442305,71.4000,67.2426,404.6000,408.7574,0.05645319,0.05703326,0.00199247,11.0431,10.0462,0.7334,7.9333,0.7580,119.4500,10.8167,10.0000,11.9971,10.0,10.0,10.0,10.0,10.0,50.0,10.0,0.0,1.0,5.0,1.104314,28,151,16,2,0.43253802,0.06641552,0.07806452,0E-8,0.000000,0.909725,0.000000,-0.02052825,2026-03-30,2026-08-05,60,628,484,129,0.465116,0.833538,0.905539,1.441793,,,,,,,,GLOBAL_BASELINE_NO_ENTITY_RANKING,,,NOT_APPLICABLE_GLOBAL_BASELINE,HF9g-P5,,,,X 全窗基线 · 不参与实体赏罚,8390164,840,A168_HF9F_20260827_0900,2026-08-27 09:00:00
2026-08-04,121872929,915,0,10.0000000000,-10.0000000000,-10.0000000000,0E-7,1,1,0.50665070000000000,0.506650700000,-1.013391052207602,-1.013391052207602,-1.013391052207602,0E-17,ELIGIBLE,R03b_20260811_FULL_v1,L1_ELIGIBILITY,v2026-08-11,2026-03-21..2026-08-06,baccarat_bet02_101_all_pairs_incl_sentinel,round_win = game_pnl > 0 (decisive only),COMPATIBILITY_ONLY_NOT_PRODUCTION,7167.0000,6520.0000,476.0000,649,649,-0.06641552,-0.07806452,-0.05753627,-0.06641552,-476.0000,7167.0000,OK,0.0000,14.2800,3.0000,97.0000,AG03-UNRESOLVED,ALL5_LEVELS_bet23_to_bet27,14.2800,14.2800,14.2800,14.2800,14.2800,3.000000,3.000000,3.000000,3.000000,3.000000,97.000000,97.000000,97.000000,97.000000,97.000000,5.0,71.4000,67.2426,404.6000,408.7574,PENDING_AG03,FALSE,NOT_FOR_ENFORCEMENT,461.7200,6324.4000,476.0000,461.7200,14.2800,0.06641552,0.06442305,14.2800,461.7200,0.06442305,14.2800,14.2800,14.2800,14.2800,14.2800,461.7200,0.06442305,71.4000,67.2426,404.6000,408.7574,0.05645319,0.05703326,0.00199247,11.0431,10.0462,0.7334,7.9333,0.7580,119.4500,10.8167,10.0000,11.9971,10.0,10.0,10.0,10.0,10.0,50.0,10.0,0.0,1.0,5.0,1.104314,28,151,16,2,0.43253802,0.06641552,0.07806452,0E-8,0.000000,0.909725,0.000000,-0.02052825,2026-03-30,2026-08-05,60,628,484,129,0.465116,0.833538,0.905539,1.441793,,,,,,,,GLOBAL_BASELINE_NO_ENTITY_RANKING,,,NOT_APPLICABLE_GLOBAL_BASELINE,HF9g-P5,,,,X 全窗基线 · 不参与实体赏罚,8390165,840,A168_HF9F_20260827_0900,2026-08-27 09:00:00
2026-08-05,121872929,-1,1,60.0000000000,9.5000000000,9.5000000000,0.6000000,6,6,0.49994810000000000,0.499948100000,0.44744570176651083,0.44744570176651083,0.44744570176651083,0E-17,SENTINEL_DEALER,R03b_20260811_FULL_v1,L1_ELIGIBILITY,v2026-08-11,2026-03-21..2026-08-06,baccarat_bet02_101_all_pairs_incl_sentinel,round_win = game_pnl > 0 (decisive only),COMPATIBILITY_ONLY_NOT_PRODUCTION,7167.0000,6520.0000,476.0000,649,649,-0.06641552,-0.07806452,-0.05753627,-0.06641552,-476.0000,7167.0000,OK,0.0000,14.2800,3.0000,97.0000,AG03-UNRESOLVED,ALL5_LEVELS_bet23_to_bet27,14.2800,14.2800,14.2800,14.2800,14.2800,3.000000,3.000000,3.000000,3.000000,3.000000,97.000000,97.000000,97.000000,97.000000,97.000000,5.0,71.4000,67.2426,404.6000,408.7574,PENDING_AG03,FALSE,NOT_FOR_ENFORCEMENT,461.7200,6324.4000,476.0000,461.7200,14.2800,0.06641552,0.06442305,14.2800,461.7200,0.06442305,14.2800,14.2800,14.2800,14.2800,14.2800,461.7200,0.06442305,71.4000,67.2426,404.6000,408.7574,0.05645319,0.05703326,0.00199247,11.0431,10.0462,0.7334,7.9333,0.7580,119.4500,10.8167,10.0000,11.9971,10.0,10.0,10.0,10.0,10.0,50.0,10.0,0.0,1.0,5.0,1.104314,28,151,16,2,0.43253802,0.06641552,0.07806452,0E-8,0.000000,0.909725,0.000000,-0.02052825,2026-03-30,2026-08-05,60,628,484,129,0.465116,0.833538,0.905539,1.441793,,,,,,,,GLOBAL_BASELINE_NO_ENTITY_RANKING,,,NOT_APPLICABLE_GLOBAL_BASELINE,HF9g-P5,,,,X 全窗基线 · 不参与实体赏罚,8390166,840,A168_HF9F_20260827_0900,2026-08-27 09:00:00
2026-08-05,121872929,1004,0,10.0000000000,-10.0000000000,-10.0000000000,0E-7,1,1,0.49324550000000000,0.493245500000,-0.9865810262130424,-0.9865810262130424,-0.9865810262130424,0E-17,ELIGIBLE,R03b_20260811_FULL_v1,L1_ELIGIBILITY,v2026-08-11,2026-03-21..2026-08-06,baccarat_bet02_101_all_pairs_incl_sentinel,round_win = game_pnl > 0 (decisive only),COMPATIBILITY_ONLY_NOT_PRODUCTION,7167.0000,6520.0000,476.0000,649,649,-0.06641552,-0.07806452,-0.05753627,-0.06641552,-476.0000,7167.0000,OK,0.0000,14.2800,3.0000,97.0000,AG03-UNRESOLVED,ALL5_LEVELS_bet23_to_bet27,14.2800,14.2800,14.2800,14.2800,14.2800,3.000000,3.000000,3.000000,3.000000,3.000000,97.000000,97.000000,97.000000,97.000000,97.000000,5.0,71.4000,67.2426,404.6000,408.7574,PENDING_AG03,FALSE,NOT_FOR_ENFORCEMENT,461.7200,6324.4000,476.0000,461.7200,14.2800,0.06641552,0.06442305,14.2800,461.7200,0.06442305,14.2800,14.2800,14.2800,14.2800,14.2800,461.7200,0.06442305,71.4000,67.2426,404.6000,408.7574,0.05645319,0.05703326,0.00199247,11.0431,10.0462,0.7334,7.9333,0.7580,119.4500,10.8167,10.0000,11.9971,10.0,10.0,10.0,10.0,10.0,50.0,10.0,0.0,1.0,5.0,1.104314,28,151,16,2,0.43253802,0.06641552,0.07806452,0E-8,0.000000,0.909725,0.000000,-0.02052825,2026-03-30,2026-08-05,60,628,484,129,0.465116,0.833538,0.905539,1.441793,,,,,,,,GLOBAL_BASELINE_NO_ENTITY_RANKING,,,NOT_APPLICABLE_GLOBAL_BASELINE,HF9g-P5,,,,X 全窗基线 · 不参与实体赏罚,8390167,840,A168_HF9F_20260827_0900,2026-08-27 09:00:00
2026-08-05,121872929,1157,0,10.0000000000,10.0000000000,10.0000000000,1.0000000,1,1,0.49324550000000000,0.493245500000,1.01360149184955,1.01360149184955,1.01360149184955,0E-17,ELIGIBLE,R03b_20260811_FULL_v1,L1_ELIGIBILITY,v2026-08-11,2026-03-21..2026-08-06,baccarat_bet02_101_all_pairs_incl_sentinel,round_win = game_pnl > 0 (decisive only),COMPATIBILITY_ONLY_NOT_PRODUCTION,7167.0000,6520.0000,476.0000,649,649,-0.06641552,-0.07806452,-0.05753627,-0.06641552,-476.0000,7167.0000,OK,0.0000,14.2800,3.0000,97.0000,AG03-UNRESOLVED,ALL5_LEVELS_bet23_to_bet27,14.2800,14.2800,14.2800,14.2800,14.2800,3.000000,3.000000,3.000000,3.000000,3.000000,97.000000,97.000000,97.000000,97.000000,97.000000,5.0,71.4000,67.2426,404.6000,408.7574,PENDING_AG03,FALSE,NOT_FOR_ENFORCEMENT,461.7200,6324.4000,476.0000,461.7200,14.2800,0.06641552,0.06442305,14.2800,461.7200,0.06442305,14.2800,14.2800,14.2800,14.2800,14.2800,461.7200,0.06442305,71.4000,67.2426,404.6000,408.7574,0.05645319,0.05703326,0.00199247,11.0431,10.0462,0.7334,7.9333,0.7580,119.4500,10.8167,10.0000,11.9971,10.0,10.0,10.0,10.0,10.0,50.0,10.0,0.0,1.0,5.0,1.104314,28,151,16,2,0.43253802,0.06641552,0.07806452,0E-8,0.000000,0.909725,0.000000,-0.02052825,2026-03-30,2026-08-05,60,628,484,129,0.465116,0.833538,0.905539,1.441793,,,,,,,,GLOBAL_BASELINE_NO_ENTITY_RANKING,,,NOT_APPLICABLE_GLOBAL_BASELINE,HF9g-P5,,,,X 全窗基线 · 不参与实体赏罚,8390168,840,A168_HF9F_20260827_0900,2026-08-27 09:00:00
2026-08-05,121872929,1302,0,10.0000000000,-10.0000000000,-10.0000000000,0E-7,1,1,0.49324550000000000,0.493245500000,-0.9865810262130424,-0.9865810262130424,-0.9865810262130424,0E-17,ELIGIBLE,R03b_20260811_FULL_v1,L1_ELIGIBILITY,v2026-08-11,2026-03-21..2026-08-06,baccarat_bet02_101_all_pairs_incl_sentinel,round_win = game_pnl > 0 (decisive only),COMPATIBILITY_ONLY_NOT_PRODUCTION,7167.0000,6520.0000,476.0000,649,649,-0.06641552,-0.07806452,-0.05753627,-0.06641552,-476.0000,7167.0000,OK,0.0000,14.2800,3.0000,97.0000,AG03-UNRESOLVED,ALL5_LEVELS_bet23_to_bet27,14.2800,14.2800,14.2800,14.2800,14.2800,3.000000,3.000000,3.000000,3.000000,3.000000,97.000000,97.000000,97.000000,97.000000,97.000000,5.0,71.4000,67.2426,404.6000,408.7574,PENDING_AG03,FALSE,NOT_FOR_ENFORCEMENT,461.7200,6324.4000,476.0000,461.7200,14.2800,0.06641552,0.06442305,14.2800,461.7200,0.06442305,14.2800,14.2800,14.2800,14.2800,14.2800,461.7200,0.06442305,71.4000,67.2426,404.6000,408.7574,0.05645319,0.05703326,0.00199247,11.0431,10.0462,0.7334,7.9333,0.7580,119.4500,10.8167,10.0000,11.9971,10.0,10.0,10.0,10.0,10.0,50.0,10.0,0.0,1.0,5.0,1.104314,28,151,16,2,0.43253802,0.06641552,0.07806452,0E-8,0.000000,0.909725,0.000000,-0.02052825,2026-03-30,2026-08-05,60,628,484,129,0.465116,0.833538,0.905539,1.441793,,,,,,,,GLOBAL_BASELINE_NO_ENTITY_RANKING,,,NOT_APPLICABLE_GLOBAL_BASELINE,HF9g-P5,,,,X 全窗基线 · 不参与实体赏罚,8390169,840,A168_HF9F_20260827_0900,2026-08-27 09:00:00
2026-08-05,121872929,1966,0,10.0000000000,9.5000000000,9.5000000000,1.0000000,1,1,0.50665070000000000,0.506650700000,0.9867858985152569,0.9867858985152569,0.9867858985152569,0E-17,ELIGIBLE,R03b_20260811_FULL_v1,L1_ELIGIBILITY,v2026-08-11,2026-03-21..2026-08-06,baccarat_bet02_101_all_pairs_incl_sentinel,round_win = game_pnl > 0 (decisive only),COMPATIBILITY_ONLY_NOT_PRODUCTION,7167.0000,6520.0000,476.0000,649,649,-0.06641552,-0.07806452,-0.05753627,-0.06641552,-476.0000,7167.0000,OK,0.0000,14.2800,3.0000,97.0000,AG03-UNRESOLVED,ALL5_LEVELS_bet23_to_bet27,14.2800,14.2800,14.2800,14.2800,14.2800,3.000000,3.000000,3.000000,3.000000,3.000000,97.000000,97.000000,97.000000,97.000000,97.000000,5.0,71.4000,67.2426,404.6000,408.7574,PENDING_AG03,FALSE,NOT_FOR_ENFORCEMENT,461.7200,6324.4000,476.0000,461.7200,14.2800,0.06641552,0.06442305,14.2800,461.7200,0.06442305,14.2800,14.2800,14.2800,14.2800,14.2800,461.7200,0.06442305,71.4000,67.2426,404.6000,408.7574,0.05645319,0.05703326,0.00199247,11.0431,10.0462,0.7334,7.9333,0.7580,119.4500,10.8167,10.0000,11.9971,10.0,10.0,10.0,10.0,10.0,50.0,10.0,0.0,1.0,5.0,1.104314,28,151,16,2,0.43253802,0.06641552,0.07806452,0E-8,0.000000,0.909725,0.000000,-0.02052825,2026-03-30,2026-08-05,60,628,484,129,0.465116,0.833538,0.905539,1.441793,,,,,,,,GLOBAL_BASELINE_NO_ENTITY_RANKING,,,NOT_APPLICABLE_GLOBAL_BASELINE,HF9g-P5,,,,X 全窗基线 · 不参与实体赏罚,8390170,840,A168_HF9F_20260827_0900,2026-08-27 09:00:00
2026-08-05,121872929,2121,0,10.0000000000,-10.0000000000,-10.0000000000,0E-7,1,1,0.49324550000000000,0.493245500000,-0.9865810262130424,-0.9865810262130424,-0.9865810262130424,0E-17,ELIGIBLE,R03b_20260811_FULL_v1,L1_ELIGIBILITY,v2026-08-11,2026-03-21..2026-08-06,baccarat_bet02_101_all_pairs_incl_sentinel,round_win = game_pnl > 0 (decisive only),COMPATIBILITY_ONLY_NOT_PRODUCTION,7167.0000,6520.0000,476.0000,649,649,-0.06641552,-0.07806452,-0.05753627,-0.06641552,-476.0000,7167.0000,OK,0.0000,14.2800,3.0000,97.0000,AG03-UNRESOLVED,ALL5_LEVELS_bet23_to_bet27,14.2800,14.2800,14.2800,14.2800,14.2800,3.000000,3.000000,3.000000,3.000000,3.000000,97.000000,97.000000,97.000000,97.000000,97.000000,5.0,71.4000,67.2426,404.6000,408.7574,PENDING_AG03,FALSE,NOT_FOR_ENFORCEMENT,461.7200,6324.4000,476.0000,461.7200,14.2800,0.06641552,0.06442305,14.2800,461.7200,0.06442305,14.2800,14.2800,14.2800,14.2800,14.2800,461.7200,0.06442305,71.4000,67.2426,404.6000,408.7574,0.05645319,0.05703326,0.00199247,11.0431,10.0462,0.7334,7.9333,0.7580,119.4500,10.8167,10.0000,11.9971,10.0,10.0,10.0,10.0,10.0,50.0,10.0,0.0,1.0,5.0,1.104314,28,151,16,2,0.43253802,0.06641552,0.07806452,0E-8,0.000000,0.909725,0.000000,-0.02052825,2026-03-30,2026-08-05,60,628,484,129,0.465116,0.833538,0.905539,1.441793,,,,,,,,GLOBAL_BASELINE_NO_ENTITY_RANKING,,,NOT_APPLICABLE_GLOBAL_BASELINE,HF9g-P5,,,,X 全窗基线 · 不参与实体赏罚,8390171,840,A168_HF9F_20260827_0900,2026-08-27 09:00:00
2026-08-05,121872929,2123,0,10.0000000000,10.0000000000,10.0000000000,1.0000000,1,1,0.49324550000000000,0.493245500000,1.01360149184955,1.01360149184955,1.01360149184955,0E-17,ELIGIBLE,R03b_20260811_FULL_v1,L1_ELIGIBILITY,v2026-08-11,2026-03-21..2026-08-06,baccarat_bet02_101_all_pairs_incl_sentinel,round_win = game_pnl > 0 (decisive only),COMPATIBILITY_ONLY_NOT_PRODUCTION,7167.0000,6520.0000,476.0000,649,649,-0.06641552,-0.07806452,-0.05753627,-0.06641552,-476.0000,7167.0000,OK,0.0000,14.2800,3.0000,97.0000,AG03-UNRESOLVED,ALL5_LEVELS_bet23_to_bet27,14.2800,14.2800,14.2800,14.2800,14.2800,3.000000,3.000000,3.000000,3.000000,3.000000,97.000000,97.000000,97.000000,97.000000,97.000000,5.0,71.4000,67.2426,404.6000,408.7574,PENDING_AG03,FALSE,NOT_FOR_ENFORCEMENT,461.7200,6324.4000,476.0000,461.7200,14.2800,0.06641552,0.06442305,14.2800,461.7200,0.06442305,14.2800,14.2800,14.2800,14.2800,14.2800,461.7200,0.06442305,71.4000,67.2426,404.6000,408.7574,0.05645319,0.05703326,0.00199247,11.0431,10.0462,0.7334,7.9333,0.7580,119.4500,10.8167,10.0000,11.9971,10.0,10.0,10.0,10.0,10.0,50.0,10.0,0.0,1.0,5.0,1.104314,28,151,16,2,0.43253802,0.06641552,0.07806452,0E-8,0.000000,0.909725,0.000000,-0.02052825,2026-03-30,2026-08-05,60,628,484,129,0.465116,0.833538,0.905539,1.441793,,,,,,,,GLOBAL_BASELINE_NO_ENTITY_RANKING,,,NOT_APPLICABLE_GLOBAL_BASELINE,HF9g-P5,,,,X 全窗基线 · 不参与实体赏罚,8390172,840,A168_HF9F_20260827_0900,2026-08-27 09:00:00
2026-08-05,121872929,2154,0,10.0000000000,-10.0000000000,-10.0000000000,0E-7,1,1,0.49324550000000000,0.493245500000,-0.9865810262130424,-0.9865810262130424,-0.9865810262130424,0E-17,ELIGIBLE,R03b_20260811_FULL_v1,L1_ELIGIBILITY,v2026-08-11,2026-03-21..2026-08-06,baccarat_bet02_101_all_pairs_incl_sentinel,round_win = game_pnl > 0 (decisive only),COMPATIBILITY_ONLY_NOT_PRODUCTION,7167.0000,6520.0000,476.0000,649,649,-0.06641552,-0.07806452,-0.05753627,-0.06641552,-476.0000,7167.0000,OK,0.0000,14.2800,3.0000,97.0000,AG03-UNRESOLVED,ALL5_LEVELS_bet23_to_bet27,14.2800,14.2800,14.2800,14.2800,14.2800,3.000000,3.000000,3.000000,3.000000,3.000000,97.000000,97.000000,97.000000,97.000000,97.000000,5.0,71.4000,67.2426,404.6000,408.7574,PENDING_AG03,FALSE,NOT_FOR_ENFORCEMENT,461.7200,6324.4000,476.0000,461.7200,14.2800,0.06641552,0.06442305,14.2800,461.7200,0.06442305,14.2800,14.2800,14.2800,14.2800,14.2800,461.7200,0.06442305,71.4000,67.2426,404.6000,408.7574,0.05645319,0.05703326,0.00199247,11.0431,10.0462,0.7334,7.9333,0.7580,119.4500,10.8167,10.0000,11.9971,10.0,10.0,10.0,10.0,10.0,50.0,10.0,0.0,1.0,5.0,1.104314,28,151,16,2,0.43253802,0.06641552,0.07806452,0E-8,0.000000,0.909725,0.000000,-0.02052825,2026-03-30,2026-08-05,60,628,484,129,0.465116,0.833538,0.905539,1.441793,,,,,,,,GLOBAL_BASELINE_NO_ENTITY_RANKING,,,NOT_APPLICABLE_GLOBAL_BASELINE,HF9g-P5,,,,X 全窗基线 · 不参与实体赏罚,8390173,840,A168_HF9F_20260827_0900,2026-08-27 09:00:00
2026-08-05,121872929,2156,0,10.0000000000,10.0000000000,10.0000000000,1.0000000,1,1,0.49324550000000000,0.493245500000,1.01360149184955,1.01360149184955,1.01360149184955,0E-17,ELIGIBLE,R03b_20260811_FULL_v1,L1_ELIGIBILITY,v2026-08-11,2026-03-21..2026-08-06,baccarat_bet02_101_all_pairs_incl_sentinel,round_win = game_pnl > 0 (decisive only),COMPATIBILITY_ONLY_NOT_PRODUCTION,7167.0000,6520.0000,476.0000,649,649,-0.06641552,-0.07806452,-0.05753627,-0.06641552,-476.0000,7167.0000,OK,0.0000,14.2800,3.0000,97.0000,AG03-UNRESOLVED,ALL5_LEVELS_bet23_to_bet27,14.2800,14.2800,14.2800,14.2800,14.2800,3.000000,3.000000,3.000000,3.000000,3.000000,97.000000,97.000000,97.000000,97.000000,97.000000,5.0,71.4000,67.2426,404.6000,408.7574,PENDING_AG03,FALSE,NOT_FOR_ENFORCEMENT,461.7200,6324.4000,476.0000,461.7200,14.2800,0.06641552,0.06442305,14.2800,461.7200,0.06442305,14.2800,14.2800,14.2800,14.2800,14.2800,461.7200,0.06442305,71.4000,67.2426,404.6000,408.7574,0.05645319,0.05703326,0.00199247,11.0431,10.0462,0.7334,7.9333,0.7580,119.4500,10.8167,10.0000,11.9971,10.0,10.0,10.0,10.0,10.0,50.0,10.0,0.0,1.0,5.0,1.104314,28,151,16,2,0.43253802,0.06641552,0.07806452,0E-8,0.000000,0.909725,0.000000,-0.02052825,2026-03-30,2026-08-05,60,628,484,129,0.465116,0.833538,0.905539,1.441793,,,,,,,,GLOBAL_BASELINE_NO_ENTITY_RANKING,,,NOT_APPLICABLE_GLOBAL_BASELINE,HF9g-P5,,,,X 全窗基线 · 不参与实体赏罚,8390174,840,A168_HF9F_20260827_0900,2026-08-27 09:00:00
2026-08-05,121872929,2223,0,10.0000000000,-10.0000000000,-10.0000000000,0E-7,1,1,0.50665070000000000,0.506650700000,-1.013391052207602,-1.013391052207602,-1.013391052207602,0E-17,ELIGIBLE,R03b_20260811_FULL_v1,L1_ELIGIBILITY,v2026-08-11,2026-03-21..2026-08-06,baccarat_bet02_101_all_pairs_incl_sentinel,round_win = game_pnl > 0 (decisive only),COMPATIBILITY_ONLY_NOT_PRODUCTION,7167.0000,6520.0000,476.0000,649,649,-0.06641552,-0.07806452,-0.05753627,-0.06641552,-476.0000,7167.0000,OK,0.0000,14.2800,3.0000,97.0000,AG03-UNRESOLVED,ALL5_LEVELS_bet23_to_bet27,14.2800,14.2800,14.2800,14.2800,14.2800,3.000000,3.000000,3.000000,3.000000,3.000000,97.000000,97.000000,97.000000,97.000000,97.000000,5.0,71.4000,67.2426,404.6000,408.7574,PENDING_AG03,FALSE,NOT_FOR_ENFORCEMENT,461.7200,6324.4000,476.0000,461.7200,14.2800,0.06641552,0.06442305,14.2800,461.7200,0.06442305,14.2800,14.2800,14.2800,14.2800,14.2800,461.7200,0.06442305,71.4000,67.2426,404.6000,408.7574,0.05645319,0.05703326,0.00199247,11.0431,10.0462,0.7334,7.9333,0.7580,119.4500,10.8167,10.0000,11.9971,10.0,10.0,10.0,10.0,10.0,50.0,10.0,0.0,1.0,5.0,1.104314,28,151,16,2,0.43253802,0.06641552,0.07806452,0E-8,0.000000,0.909725,0.000000,-0.02052825,2026-03-30,2026-08-05,60,628,484,129,0.465116,0.833538,0.905539,1.441793,,,,,,,,GLOBAL_BASELINE_NO_ENTITY_RANKING,,,NOT_APPLICABLE_GLOBAL_BASELINE,HF9g-P5,,,,X 全窗基线 · 不参与实体赏罚,8390175,840,A168_HF9F_20260827_0900,2026-08-27 09:00:00
2026-08-05,121872929,2248,0,10.0000000000,-10.0000000000,-10.0000000000,0E-7,1,1,0.49324550000000000,0.493245500000,-0.9865810262130424,-0.9865810262130424,-0.9865810262130424,0E-17,ELIGIBLE,R03b_20260811_FULL_v1,L1_ELIGIBILITY,v2026-08-11,2026-03-21..2026-08-06,baccarat_bet02_101_all_pairs_incl_sentinel,round_win = game_pnl > 0 (decisive only),COMPATIBILITY_ONLY_NOT_PRODUCTION,7167.0000,6520.0000,476.0000,649,649,-0.06641552,-0.07806452,-0.05753627,-0.06641552,-476.0000,7167.0000,OK,0.0000,14.2800,3.0000,97.0000,AG03-UNRESOLVED,ALL5_LEVELS_bet23_to_bet27,14.2800,14.2800,14.2800,14.2800,14.2800,3.000000,3.000000,3.000000,3.000000,3.000000,97.000000,97.000000,97.000000,97.000000,97.000000,5.0,71.4000,67.2426,404.6000,408.7574,PENDING_AG03,FALSE,NOT_FOR_ENFORCEMENT,461.7200,6324.4000,476.0000,461.7200,14.2800,0.06641552,0.06442305,14.2800,461.7200,0.06442305,14.2800,14.2800,14.2800,14.2800,14.2800,461.7200,0.06442305,71.4000,67.2426,404.6000,408.7574,0.05645319,0.05703326,0.00199247,11.0431,10.0462,0.7334,7.9333,0.7580,119.4500,10.8167,10.0000,11.9971,10.0,10.0,10.0,10.0,10.0,50.0,10.0,0.0,1.0,5.0,1.104314,28,151,16,2,0.43253802,0.06641552,0.07806452,0E-8,0.000000,0.909725,0.000000,-0.02052825,2026-03-30,2026-08-05,60,628,484,129,0.465116,0.833538,0.905539,1.441793,,,,,,,,GLOBAL_BASELINE_NO_ENTITY_RANKING,,,NOT_APPLICABLE_GLOBAL_BASELINE,HF9g-P5,,,,X 全窗基线 · 不参与实体赏罚,8390176,840,A168_HF9F_20260827_0900,2026-08-27 09:00:00
2026-08-05,121872929,2251,0,10.0000000000,10.0000000000,10.0000000000,1.0000000,1,1,0.49324550000000000,0.493245500000,1.01360149184955,1.01360149184955,1.01360149184955,0E-17,ELIGIBLE,R03b_20260811_FULL_v1,L1_ELIGIBILITY,v2026-08-11,2026-03-21..2026-08-06,baccarat_bet02_101_all_pairs_incl_sentinel,round_win = game_pnl > 0 (decisive only),COMPATIBILITY_ONLY_NOT_PRODUCTION,7167.0000,6520.0000,476.0000,649,649,-0.06641552,-0.07806452,-0.05753627,-0.06641552,-476.0000,7167.0000,OK,0.0000,14.2800,3.0000,97.0000,AG03-UNRESOLVED,ALL5_LEVELS_bet23_to_bet27,14.2800,14.2800,14.2800,14.2800,14.2800,3.000000,3.000000,3.000000,3.000000,3.000000,97.000000,97.000000,97.000000,97.000000,97.000000,5.0,71.4000,67.2426,404.6000,408.7574,PENDING_AG03,FALSE,NOT_FOR_ENFORCEMENT,461.7200,6324.4000,476.0000,461.7200,14.2800,0.06641552,0.06442305,14.2800,461.7200,0.06442305,14.2800,14.2800,14.2800,14.2800,14.2800,461.7200,0.06442305,71.4000,67.2426,404.6000,408.7574,0.05645319,0.05703326,0.00199247,11.0431,10.0462,0.7334,7.9333,0.7580,119.4500,10.8167,10.0000,11.9971,10.0,10.0,10.0,10.0,10.0,50.0,10.0,0.0,1.0,5.0,1.104314,28,151,16,2,0.43253802,0.06641552,0.07806452,0E-8,0.000000,0.909725,0.000000,-0.02052825,2026-03-30,2026-08-05,60,628,484,129,0.465116,0.833538,0.905539,1.441793,,,,,,,,GLOBAL_BASELINE_NO_ENTITY_RANKING,,,NOT_APPLICABLE_GLOBAL_BASELINE,HF9g-P5,,,,X 全窗基线 · 不参与实体赏罚,8390177,840,A168_HF9F_20260827_0900,2026-08-27 09:00:00
2026-08-05,121872929,2252,0,30.0000000000,-30.0000000000,-30.0000000000,0E-7,3,3,0.50665070000000000,0.506650700000,-1.7552447903592512,-1.7552447903592512,-1.7552447903592512,0E-17,ELIGIBLE,R03b_20260811_FULL_v1,L1_ELIGIBILITY,v2026-08-11,2026-03-21..2026-08-06,baccarat_bet02_101_all_pairs_incl_sentinel,round_win = game_pnl > 0 (decisive only),COMPATIBILITY_ONLY_NOT_PRODUCTION,7167.0000,6520.0000,476.0000,649,649,-0.06641552,-0.07806452,-0.05753627,-0.06641552,-476.0000,7167.0000,OK,0.0000,14.2800,3.0000,97.0000,AG03-UNRESOLVED,ALL5_LEVELS_bet23_to_bet27,14.2800,14.2800,14.2800,14.2800,14.2800,3.000000,3.000000,3.000000,3.000000,3.000000,97.000000,97.000000,97.000000,97.000000,97.000000,5.0,71.4000,67.2426,404.6000,408.7574,PENDING_AG03,FALSE,NOT_FOR_ENFORCEMENT,461.7200,6324.4000,476.0000,461.7200,14.2800,0.06641552,0.06442305,14.2800,461.7200,0.06442305,14.2800,14.2800,14.2800,14.2800,14.2800,461.7200,0.06442305,71.4000,67.2426,404.6000,408.7574,0.05645319,0.05703326,0.00199247,11.0431,10.0462,0.7334,7.9333,0.7580,119.4500,10.8167,10.0000,11.9971,10.0,10.0,10.0,10.0,10.0,50.0,10.0,0.0,1.0,5.0,1.104314,28,151,16,2,0.43253802,0.06641552,0.07806452,0E-8,0.000000,0.909725,0.000000,-0.02052825,2026-03-30,2026-08-05,60,628,484,129,0.465116,0.833538,0.905539,1.441793,,,,,,,,GLOBAL_BASELINE_NO_ENTITY_RANKING,,,NOT_APPLICABLE_GLOBAL_BASELINE,HF9g-P5,,,,X 全窗基线 · 不参与实体赏罚,8390178,840,A168_HF9F_20260827_0900,2026-08-27 09:00:00
2026-08-05,121872929,550,0,10.0000000000,9.5000000000,9.5000000000,1.0000000,1,1,0.50665070000000000,0.506650700000,0.9867858985152569,0.9867858985152569,0.9867858985152569,0E-17,ELIGIBLE,R03b_20260811_FULL_v1,L1_ELIGIBILITY,v2026-08-11,2026-03-21..2026-08-06,baccarat_bet02_101_all_pairs_incl_sentinel,round_win = game_pnl > 0 (decisive only),COMPATIBILITY_ONLY_NOT_PRODUCTION,7167.0000,6520.0000,476.0000,649,649,-0.06641552,-0.07806452,-0.05753627,-0.06641552,-476.0000,7167.0000,OK,0.0000,14.2800,3.0000,97.0000,AG03-UNRESOLVED,ALL5_LEVELS_bet23_to_bet27,14.2800,14.2800,14.2800,14.2800,14.2800,3.000000,3.000000,3.000000,3.000000,3.000000,97.000000,97.000000,97.000000,97.000000,97.000000,5.0,71.4000,67.2426,404.6000,408.7574,PENDING_AG03,FALSE,NOT_FOR_ENFORCEMENT,461.7200,6324.4000,476.0000,461.7200,14.2800,0.06641552,0.06442305,14.2800,461.7200,0.06442305,14.2800,14.2800,14.2800,14.2800,14.2800,461.7200,0.06442305,71.4000,67.2426,404.6000,408.7574,0.05645319,0.05703326,0.00199247,11.0431,10.0462,0.7334,7.9333,0.7580,119.4500,10.8167,10.0000,11.9971,10.0,10.0,10.0,10.0,10.0,50.0,10.0,0.0,1.0,5.0,1.104314,28,151,16,2,0.43253802,0.06641552,0.07806452,0E-8,0.000000,0.909725,0.000000,-0.02052825,2026-03-30,2026-08-05,60,628,484,129,0.465116,0.833538,0.905539,1.441793,,,,,,,,GLOBAL_BASELINE_NO_ENTITY_RANKING,,,NOT_APPLICABLE_GLOBAL_BASELINE,HF9g-P5,,,,X 全窗基线 · 不参与实体赏罚,8390179,840,A168_HF9F_20260827_0900,2026-08-27 09:00:00
2026-08-05,121872929,919,0,10.0000000000,-10.0000000000,-10.0000000000,0E-7,1,1,0.50665070000000000,0.506650700000,-1.013391052207602,-1.013391052207602,-1.013391052207602,0E-17,ELIGIBLE,R03b_20260811_FULL_v1,L1_ELIGIBILITY,v2026-08-11,2026-03-21..2026-08-06,baccarat_bet02_101_all_pairs_incl_sentinel,round_win = game_pnl > 0 (decisive only),COMPATIBILITY_ONLY_NOT_PRODUCTION,7167.0000,6520.0000,476.0000,649,649,-0.06641552,-0.07806452,-0.05753627,-0.06641552,-476.0000,7167.0000,OK,0.0000,14.2800,3.0000,97.0000,AG03-UNRESOLVED,ALL5_LEVELS_bet23_to_bet27,14.2800,14.2800,14.2800,14.2800,14.2800,3.000000,3.000000,3.000000,3.000000,3.000000,97.000000,97.000000,97.000000,97.000000,97.000000,5.0,71.4000,67.2426,404.6000,408.7574,PENDING_AG03,FALSE,NOT_FOR_ENFORCEMENT,461.7200,6324.4000,476.0000,461.7200,14.2800,0.06641552,0.06442305,14.2800,461.7200,0.06442305,14.2800,14.2800,14.2800,14.2800,14.2800,461.7200,0.06442305,71.4000,67.2426,404.6000,408.7574,0.05645319,0.05703326,0.00199247,11.0431,10.0462,0.7334,7.9333,0.7580,119.4500,10.8167,10.0000,11.9971,10.0,10.0,10.0,10.0,10.0,50.0,10.0,0.0,1.0,5.0,1.104314,28,151,16,2,0.43253802,0.06641552,0.07806452,0E-8,0.000000,0.909725,0.000000,-0.02052825,2026-03-30,2026-08-05,60,628,484,129,0.465116,0.833538,0.905539,1.441793,,,,,,,,GLOBAL_BASELINE_NO_ENTITY_RANKING,,,NOT_APPLICABLE_GLOBAL_BASELINE,HF9g-P5,,,,X 全窗基线 · 不参与实体赏罚,8390180,840,A168_HF9F_20260827_0900,2026-08-27 09:00:00
2026-08-05,121872929,970,0,10.0000000000,-10.0000000000,-10.0000000000,0E-7,1,1,0.50665070000000000,0.506650700000,-1.013391052207602,-1.013391052207602,-1.013391052207602,0E-17,ELIGIBLE,R03b_20260811_FULL_v1,L1_ELIGIBILITY,v2026-08-11,2026-03-21..2026-08-06,baccarat_bet02_101_all_pairs_incl_sentinel,round_win = game_pnl > 0 (decisive only),COMPATIBILITY_ONLY_NOT_PRODUCTION,7167.0000,6520.0000,476.0000,649,649,-0.06641552,-0.07806452,-0.05753627,-0.06641552,-476.0000,7167.0000,OK,0.0000,14.2800,3.0000,97.0000,AG03-UNRESOLVED,ALL5_LEVELS_bet23_to_bet27,14.2800,14.2800,14.2800,14.2800,14.2800,3.000000,3.000000,3.000000,3.000000,3.000000,97.000000,97.000000,97.000000,97.000000,97.000000,5.0,71.4000,67.2426,404.6000,408.7574,PENDING_AG03,FALSE,NOT_FOR_ENFORCEMENT,461.7200,6324.4000,476.0000,461.7200,14.2800,0.06641552,0.06442305,14.2800,461.7200,0.06442305,14.2800,14.2800,14.2800,14.2800,14.2800,461.7200,0.06442305,71.4000,67.2426,404.6000,408.7574,0.05645319,0.05703326,0.00199247,11.0431,10.0462,0.7334,7.9333,0.7580,119.4500,10.8167,10.0000,11.9971,10.0,10.0,10.0,10.0,10.0,50.0,10.0,0.0,1.0,5.0,1.104314,28,151,16,2,0.43253802,0.06641552,0.07806452,0E-8,0.000000,0.909725,0.000000,-0.02052825,2026-03-30,2026-08-05,60,628,484,129,0.465116,0.833538,0.905539,1.441793,,,,,,,,GLOBAL_BASELINE_NO_ENTITY_RANKING,,,NOT_APPLICABLE_GLOBAL_BASELINE,HF9g-P5,,,,X 全窗基线 · 不参与实体赏罚,8390181,840,A168_HF9F_20260827_0900,2026-08-27 09:00:00
2026-06-29,152256000,2103,0,666.0000000000,66.0000000000,66.0000000000,0.5000000,6,6,0.49324550000000000,0.493245500000,0.03309317671092531,0.03309317671092531,0.03309317671092531,0E-17,ELIGIBLE,R03b_20260811_FULL_v1,L1_ELIGIBILITY,v2026-08-11,2026-03-21..2026-08-06,baccarat_bet02_101_all_pairs_incl_sentinel,round_win = game_pnl > 0 (decisive only),COMPATIBILITY_ONLY_NOT_PRODUCTION,2508.0000,2208.0000,476.0000,24,24,-0.18979266,,-0.18979266,-0.18979266,-476.0000,2508.0000,THIN_EXPOSURE,0.0000,14.2800,3.0000,97.0000,AG03-UNRESOLVED,ALL5_LEVELS_bet23_to_bet27,14.2800,14.2800,14.2800,14.2800,14.2800,3.000000,3.000000,3.000000,3.000000,3.000000,97.000000,97.000000,97.000000,97.000000,97.000000,5.0,71.4000,67.2426,404.6000,408.7574,PENDING_AG03,FALSE,NOT_FOR_ENFORCEMENT,461.7200,2141.7600,476.0000,461.7200,14.2800,0.18979266,0.18409888,14.2800,461.7200,0.18409888,14.2800,14.2800,14.2800,14.2800,14.2800,461.7200,0.18409888,71.4000,67.2426,404.6000,408.7574,0.16132376,0.16298142,0.00569378,104.5000,92.0000,19.8333,476.0000,119.0000,2508.0000,24.0000,,104.5000,100.0,100.0,100.0,108.3999,176.2,200.0,100.0,-70.0,1.762,2.0,1.045,4,4,1,1,0E-8,0.18979266,,0E-8,0.000000,0.880383,0.000000,,2026-06-29,2026-06-29,1,4,4,1,1.000000,,,0.000000,,,,,,,,GLOBAL_BASELINE_NO_ENTITY_RANKING,,,NOT_APPLICABLE_GLOBAL_BASELINE,HF9g-P5,,,,X 全窗基线 · 不参与实体赏罚,8390182,840,A168_HF9F_20260827_0900,2026-08-27 09:00:00
2026-06-29,152256000,2174,0,800.0000000000,-200.0000000000,-200.0000000000,0.4285714,7,7,0.49324550000000000,0.493245500000,-0.3422542494892156,-0.3422542494892157,-0.3422542494892156,0E-17,ELIGIBLE,R03b_20260811_FULL_v1,L1_ELIGIBILITY,v2026-08-11,2026-03-21..2026-08-06,baccarat_bet02_101_all_pairs_incl_sentinel,round_win = game_pnl > 0 (decisive only),COMPATIBILITY_ONLY_NOT_PRODUCTION,2508.0000,2208.0000,476.0000,24,24,-0.18979266,,-0.18979266,-0.18979266,-476.0000,2508.0000,THIN_EXPOSURE,0.0000,14.2800,3.0000,97.0000,AG03-UNRESOLVED,ALL5_LEVELS_bet23_to_bet27,14.2800,14.2800,14.2800,14.2800,14.2800,3.000000,3.000000,3.000000,3.000000,3.000000,97.000000,97.000000,97.000000,97.000000,97.000000,5.0,71.4000,67.2426,404.6000,408.7574,PENDING_AG03,FALSE,NOT_FOR_ENFORCEMENT,461.7200,2141.7600,476.0000,461.7200,14.2800,0.18979266,0.18409888,14.2800,461.7200,0.18409888,14.2800,14.2800,14.2800,14.2800,14.2800,461.7200,0.18409888,71.4000,67.2426,404.6000,408.7574,0.16132376,0.16298142,0.00569378,104.5000,92.0000,19.8333,476.0000,119.0000,2508.0000,24.0000,,104.5000,100.0,100.0,100.0,108.3999,176.2,200.0,100.0,-70.0,1.762,2.0,1.045,4,4,1,1,0E-8,0.18979266,,0E-8,0.000000,0.880383,0.000000,,2026-06-29,2026-06-29,1,4,4,1,1.000000,,,0.000000,,,,,,,,GLOBAL_BASELINE_NO_ENTITY_RANKING,,,NOT_APPLICABLE_GLOBAL_BASELINE,HF9g-P5,,,,X 全窗基线 · 不参与实体赏罚,8390183,840,A168_HF9F_20260827_0900,2026-08-27 09:00:00
2026-06-29,152256000,2233,0,502.0000000000,-2.0000000000,-2.0000000000,0.5000000,5,5,0.49324550000000000,0.493245500000,0.027020465636507562,0.027020465636507562,0.027020465636507562,0E-17,ELIGIBLE,R03b_20260811_FULL_v1,L1_ELIGIBILITY,v2026-08-11,2026-03-21..2026-08-06,baccarat_bet02_101_all_pairs_incl_sentinel,round_win = game_pnl > 0 (decisive only),COMPATIBILITY_ONLY_NOT_PRODUCTION,2508.0000,2208.0000,476.0000,24,24,-0.18979266,,-0.18979266,-0.18979266,-476.0000,2508.0000,THIN_EXPOSURE,0.0000,14.2800,3.0000,97.0000,AG03-UNRESOLVED,ALL5_LEVELS_bet23_to_bet27,14.2800,14.2800,14.2800,14.2800,14.2800,3.000000,3.000000,3.000000,3.000000,3.000000,97.000000,97.000000,97.000000,97.000000,97.000000,5.0,71.4000,67.2426,404.6000,408.7574,PENDING_AG03,FALSE,NOT_FOR_ENFORCEMENT,461.7200,2141.7600,476.0000,461.7200,14.2800,0.18979266,0.18409888,14.2800,461.7200,0.18409888,14.2800,14.2800,14.2800,14.2800,14.2800,461.7200,0.18409888,71.4000,67.2426,404.6000,408.7574,0.16132376,0.16298142,0.00569378,104.5000,92.0000,19.8333,476.0000,119.0000,2508.0000,24.0000,,104.5000,100.0,100.0,100.0,108.3999,176.2,200.0,100.0,-70.0,1.762,2.0,1.045,4,4,1,1,0E-8,0.18979266,,0E-8,0.000000,0.880383,0.000000,,2026-06-29,2026-06-29,1,4,4,1,1.000000,,,0.000000,,,,,,,,GLOBAL_BASELINE_NO_ENTITY_RANKING,,,NOT_APPLICABLE_GLOBAL_BASELINE,HF9g-P5,,,,X 全窗基线 · 不参与实体赏罚,8390184,840,A168_HF9F_20260827_0900,2026-08-27 09:00:00
2026-06-29,152256000,986,0,540.0000000000,-340.0000000000,-340.0000000000,0E-7,6,6,0.49324550000000000,0.493245500000,-1.973162052426085,-1.973162052426085,-1.973162052426085,0E-17,ELIGIBLE,R03b_20260811_FULL_v1,L1_ELIGIBILITY,v2026-08-11,2026-03-21..2026-08-06,baccarat_bet02_101_all_pairs_incl_sentinel,round_win = game_pnl > 0 (decisive only),COMPATIBILITY_ONLY_NOT_PRODUCTION,2508.0000,2208.0000,476.0000,24,24,-0.18979266,,-0.18979266,-0.18979266,-476.0000,2508.0000,THIN_EXPOSURE,0.0000,14.2800,3.0000,97.0000,AG03-UNRESOLVED,ALL5_LEVELS_bet23_to_bet27,14.2800,14.2800,14.2800,14.2800,14.2800,3.000000,3.000000,3.000000,3.000000,3.000000,97.000000,97.000000,97.000000,97.000000,97.000000,5.0,71.4000,67.2426,404.6000,408.7574,PENDING_AG03,FALSE,NOT_FOR_ENFORCEMENT,461.7200,2141.7600,476.0000,461.7200,14.2800,0.18979266,0.18409888,14.2800,461.7200,0.18409888,14.2800,14.2800,14.2800,14.2800,14.2800,461.7200,0.18409888,71.4000,67.2426,404.6000,408.7574,0.16132376,0.16298142,0.00569378,104.5000,92.0000,19.8333,476.0000,119.0000,2508.0000,24.0000,,104.5000,100.0,100.0,100.0,108.3999,176.2,200.0,100.0,-70.0,1.762,2.0,1.045,4,4,1,1,0E-8,0.18979266,,0E-8,0.000000,0.880383,0.000000,,2026-06-29,2026-06-29,1,4,4,1,1.000000,,,0.000000,,,,,,,,GLOBAL_BASELINE_NO_ENTITY_RANKING,,,NOT_APPLICABLE_GLOBAL_BASELINE,HF9g-P5,,,,X 全窗基线 · 不参与实体赏罚,8390185,840,A168_HF9F_20260827_0900,2026-08-27 09:00:00
2026-04-18,146669642,1400,0,454.0000000000,-454.0000000000,-454.0000000000,0E-7,2,2,0.49994810000000000,0.499948100000,-1.4140667746232096,-1.4140667746232096,-1.4140667746232096,0E-17,ELIGIBLE,R03b_20260811_FULL_v1,L1_ELIGIBILITY,v2026-08-11,2026-03-21..2026-08-06,baccarat_bet02_101_all_pairs_incl_sentinel,round_win = game_pnl > 0 (decisive only),COMPATIBILITY_ONLY_NOT_PRODUCTION,1434.0000,1234.0000,476.0000,12,12,-0.33193863,,-0.33193863,-0.33193863,-476.0000,1434.0000,THIN_EXPOSURE,0.0000,14.2800,3.0000,97.0000,AG03-UNRESOLVED,ALL5_LEVELS_bet23_to_bet27,14.2800,14.2800,14.2800,14.2800,14.2800,3.000000,3.000000,3.000000,3.000000,3.000000,97.000000,97.000000,97.000000,97.000000,97.000000,5.0,71.4000,67.2426,404.6000,408.7574,PENDING_AG03,FALSE,NOT_FOR_ENFORCEMENT,461.7200,1196.9800,476.0000,461.7200,14.2800,0.33193863,0.32198047,14.2800,461.7200,0.32198047,14.2800,14.2800,14.2800,14.2800,14.2800,461.7200,0.32198047,71.4000,67.2426,404.6000,408.7574,0.28214784,0.285047,0.00995816,119.5000,102.8333,39.6667,476.0000,158.6667,1434.0000,12.0000,,119.5000,45.0,120.0,157.0,229.9999,289.9999,300.0,85.0,-25.0,2.416666,2.5,0.995833,3,3,1,2,0E-8,0.33193863,,0E-8,0.000000,0.860530,0.000000,,2026-04-18,2026-04-18,1,3,3,1,1.000000,,,0.000000,,,,,,,,GLOBAL_BASELINE_NO_ENTITY_RANKING,,,NOT_APPLICABLE_GLOBAL_BASELINE,HF9g-P5,,,,X 全窗基线 · 不参与实体赏罚,8390186,840,A168_HF9F_20260827_0900,2026-08-27 09:00:00
2026-04-18,146669642,462,0,910.0000000000,48.0000000000,48.0000000000,0.5714286,9,9,0.49473496666666667,0.494734966667,0.4058469119422574,0.4058469119404907,0.4058469119422574,-3.3333E-13,ELIGIBLE,R03b_20260811_FULL_v1,L1_ELIGIBILITY,v2026-08-11,2026-03-21..2026-08-06,baccarat_bet02_101_all_pairs_incl_sentinel,round_win = game_pnl > 0 (decisive only),COMPATIBILITY_ONLY_NOT_PRODUCTION,1434.0000,1234.0000,476.0000,12,12,-0.33193863,,-0.33193863,-0.33193863,-476.0000,1434.0000,THIN_EXPOSURE,0.0000,14.2800,3.0000,97.0000,AG03-UNRESOLVED,ALL5_LEVELS_bet23_to_bet27,14.2800,14.2800,14.2800,14.2800,14.2800,3.000000,3.000000,3.000000,3.000000,3.000000,97.000000,97.000000,97.000000,97.000000,97.000000,5.0,71.4000,67.2426,404.6000,408.7574,PENDING_AG03,FALSE,NOT_FOR_ENFORCEMENT,461.7200,1196.9800,476.0000,461.7200,14.2800,0.33193863,0.32198047,14.2800,461.7200,0.32198047,14.2800,14.2800,14.2800,14.2800,14.2800,461.7200,0.32198047,71.4000,67.2426,404.6000,408.7574,0.28214784,0.285047,0.00995816,119.5000,102.8333,39.6667,476.0000,158.6667,1434.0000,12.0000,,119.5000,45.0,120.0,157.0,229.9999,289.9999,300.0,85.0,-25.0,2.416666,2.5,0.995833,3,3,1,2,0E-8,0.33193863,,0E-8,0.000000,0.860530,0.000000,,2026-04-18,2026-04-18,1,3,3,1,1.000000,,,0.000000,,,,,,,,GLOBAL_BASELINE_NO_ENTITY_RANKING,,,NOT_APPLICABLE_GLOBAL_BASELINE,HF9g-P5,,,,X 全窗基线 · 不参与实体赏罚,8390187,840,A168_HF9F_20260827_0900,2026-08-27 09:00:00
2026-04-18,146669642,994,0,70.0000000000,-70.0000000000,-70.0000000000,0E-7,1,1,0.50665070000000000,0.506650700000,-1.013391052207602,-1.013391052207602,-1.013391052207602,0E-17,ELIGIBLE,R03b_20260811_FULL_v1,L1_ELIGIBILITY,v2026-08-11,2026-03-21..2026-08-06,baccarat_bet02_101_all_pairs_incl_sentinel,round_win = game_pnl > 0 (decisive only),COMPATIBILITY_ONLY_NOT_PRODUCTION,1434.0000,1234.0000,476.0000,12,12,-0.33193863,,-0.33193863,-0.33193863,-476.0000,1434.0000,THIN_EXPOSURE,0.0000,14.2800,3.0000,97.0000,AG03-UNRESOLVED,ALL5_LEVELS_bet23_to_bet27,14.2800,14.2800,14.2800,14.2800,14.2800,3.000000,3.000000,3.000000,3.000000,3.000000,97.000000,97.000000,97.000000,97.000000,97.000000,5.0,71.4000,67.2426,404.6000,408.7574,PENDING_AG03,FALSE,NOT_FOR_ENFORCEMENT,461.7200,1196.9800,476.0000,461.7200,14.2800,0.33193863,0.32198047,14.2800,461.7200,0.32198047,14.2800,14.2800,14.2800,14.2800,14.2800,461.7200,0.32198047,71.4000,67.2426,404.6000,408.7574,0.28214784,0.285047,0.00995816,119.5000,102.8333,39.6667,476.0000,158.6667,1434.0000,12.0000,,119.5000,45.0,120.0,157.0,229.9999,289.9999,300.0,85.0,-25.0,2.416666,2.5,0.995833,3,3,1,2,0E-8,0.33193863,,0E-8,0.000000,0.860530,0.000000,,2026-04-18,2026-04-18,1,3,3,1,1.000000,,,0.000000,,,,,,,,GLOBAL_BASELINE_NO_ENTITY_RANKING,,,NOT_APPLICABLE_GLOBAL_BASELINE,HF9g-P5,,,,X 全窗基线 · 不参与实体赏罚,8390188,840,A168_HF9F_20260827_0900,2026-08-27 09:00:00
2026-04-01,148073266,2117,0,476.0000000000,-476.0000000000,-476.0000000000,0E-7,1,1,0.49324550000000000,0.493245500000,-0.9865810262130424,-0.9865810262130424,-0.9865810262130424,0E-17,ELIGIBLE,R03b_20260811_FULL_v1,L1_ELIGIBILITY,v2026-08-11,2026-03-21..2026-08-06,baccarat_bet02_101_all_pairs_incl_sentinel,round_win = game_pnl > 0 (decisive only),COMPATIBILITY_ONLY_NOT_PRODUCTION,476.0000,476.0000,476.0000,1,1,-1.00000000,,-1.00000000,-1.00000000,-476.0000,476.0000,THIN_EXPOSURE,0.0000,14.2800,3.0000,97.0000,AG03-UNRESOLVED,ALL5_LEVELS_bet23_to_bet27,14.2800,14.2800,14.2800,14.2800,14.2800,3.000000,3.000000,3.000000,3.000000,3.000000,97.000000,97.000000,97.000000,97.000000,97.000000,5.0,71.4000,67.2426,404.6000,408.7574,PENDING_AG03,FALSE,NOT_FOR_ENFORCEMENT,461.7200,461.7200,476.0000,461.7200,14.2800,1.00000000,0.97000000,14.2800,461.7200,0.97000000,14.2800,14.2800,14.2800,14.2800,14.2800,461.7200,0.97000000,71.4000,67.2426,404.6000,408.7574,0.85000000,0.85873403,0.03000000,476.0000,476.0000,476.0000,476.0000,476.0000,476.0000,1.0000,,476.0000,476.0,476.0,476.0,476.0,476.0,476.0,476.0,-476.0,1.0,1.0,1.0,1,1,1,1,0E-8,1.00000000,,0E-8,0.000000,1.000000,0.000000,,2026-04-01,2026-04-01,1,1,1,1,1.000000,,,0.000000,,,,,,,,GLOBAL_BASELINE_NO_ENTITY_RANKING,,,NOT_APPLICABLE_GLOBAL_BASELINE,HF9g-P5,,,,X 全窗基线 · 不参与实体赏罚,8390189,840,A168_HF9F_20260827_0900,2026-08-27 09:00:00
2026-03-29,114848725,1291,0,22.0089796637,20.9085306805,21.0846025178,1.0000000,1,1,0.50665070000000000,0.506650700000,0.9867858985152569,0.9867858985152569,0.9867858985152569,0E-17,ELIGIBLE,R03b_20260811_FULL_v1,L1_ELIGIBILITY,v2026-08-11,2026-03-21..2026-08-06,baccarat_bet02_101_all_pairs_incl_sentinel,round_win = game_pnl > 0 (decisive only),COMPATIBILITY_ONLY_NOT_PRODUCTION,3462.8540,3026.6535,511.5122,125,125,-0.14771405,,-0.14771405,-0.15470632,-511.5122,3462.8540,OK,24.2132,25.5756,5.0000,95.0000,AG03-UNRESOLVED,ALL5_LEVELS_bet23_to_bet27,25.5756,25.5756,25.5756,30.6907,30.6907,5.000000,5.000000,5.000000,6.000000,6.000000,95.000000,95.000000,95.000000,94.000000,94.000000,5.0,138.1083,124.0025,349.1907,363.2964,PENDING_AG03,FALSE,NOT_FOR_ENFORCEMENT,485.9366,2875.3209,487.2989,461.7233,1.3624,0.14072177,0.13333607,25.5756,461.7233,0.13333607,25.5756,25.5756,25.5756,30.6907,30.6907,461.7233,0.13333607,138.1083,124.0025,349.1907,363.2964,0.10083898,0.10491242,0.00039343,27.7028,24.2132,4.0921,102.3024,31.9695,692.5708,25.0000,,27.7028,4.1543,20.7715,41.5429,62.3144,77.6852,109.0501,20.7715,0.0,3.74,5.25,1.333697,10,18,5,2,0E-8,0.14771405,,0.00800000,0.800000,0.874034,0.008000,,2026-03-29,2026-06-30,5,16,15,94,0.053192,,,0.000000,,,,,,,,GLOBAL_BASELINE_NO_ENTITY_RANKING,,,NOT_APPLICABLE_GLOBAL_BASELINE,HF9g-P5,,,,X 全窗基线 · 不参与实体赏罚,8390190,840,A168_HF9F_20260827_0900,2026-08-27 09:00:00
2026-05-21,114848725,970,0,42.0123936561,39.9117739733,40.2478731226,1.0000000,1,1,0.50665070000000000,0.506650700000,0.9867858985152569,0.9867858985152569,0.9867858985152569,0E-17,ELIGIBLE,R03b_20260811_FULL_v1,L1_ELIGIBILITY,v2026-08-11,2026-03-21..2026-08-06,baccarat_bet02_101_all_pairs_incl_sentinel,round_win = game_pnl > 0 (decisive only),COMPATIBILITY_ONLY_NOT_PRODUCTION,3462.8540,3026.6535,511.5122,125,125,-0.14771405,,-0.14771405,-0.15470632,-511.5122,3462.8540,OK,24.2132,25.5756,5.0000,95.0000,AG03-UNRESOLVED,ALL5_LEVELS_bet23_to_bet27,25.5756,25.5756,25.5756,30.6907,30.6907,5.000000,5.000000,5.000000,6.000000,6.000000,95.000000,95.000000,95.000000,94.000000,94.000000,5.0,138.1083,124.0025,349.1907,363.2964,PENDING_AG03,FALSE,NOT_FOR_ENFORCEMENT,485.9366,2875.3209,487.2989,461.7233,1.3624,0.14072177,0.13333607,25.5756,461.7233,0.13333607,25.5756,25.5756,25.5756,30.6907,30.6907,461.7233,0.13333607,138.1083,124.0025,349.1907,363.2964,0.10083898,0.10491242,0.00039343,27.7028,24.2132,4.0921,102.3024,31.9695,692.5708,25.0000,,27.7028,4.1543,20.7715,41.5429,62.3144,77.6852,109.0501,20.7715,0.0,3.74,5.25,1.333697,10,18,5,2,0E-8,0.14771405,,0.00800000,0.800000,0.874034,0.008000,,2026-03-29,2026-06-30,5,16,15,94,0.053192,,,0.000000,,,,,,,,GLOBAL_BASELINE_NO_ENTITY_RANKING,,,NOT_APPLICABLE_GLOBAL_BASELINE,HF9g-P5,,,,X 全窗基线 · 不参与实体赏罚,8390191,840,A168_HF9F_20260827_0900,2026-08-27 09:00:00
2026-06-07,114848725,1400,0,66.4686454936,-66.4686454936,-65.9368963297,0E-7,2,2,0.50665070000000000,0.506650700000,-1.4331513700195317,-1.4331513700195317,-1.4331513700195317,0E-17,ELIGIBLE,R03b_20260811_FULL_v1,L1_ELIGIBILITY,v2026-08-11,2026-03-21..2026-08-06,baccarat_bet02_101_all_pairs_incl_sentinel,round_win = game_pnl > 0 (decisive only),COMPATIBILITY_ONLY_NOT_PRODUCTION,3462.8540,3026.6535,511.5122,125,125,-0.14771405,,-0.14771405,-0.15470632,-511.5122,3462.8540,OK,24.2132,25.5756,5.0000,95.0000,AG03-UNRESOLVED,ALL5_LEVELS_bet23_to_bet27,25.5756,25.5756,25.5756,30.6907,30.6907,5.000000,5.000000,5.000000,6.000000,6.000000,95.000000,95.000000,95.000000,94.000000,94.000000,5.0,138.1083,124.0025,349.1907,363.2964,PENDING_AG03,FALSE,NOT_FOR_ENFORCEMENT,485.9366,2875.3209,487.2989,461.7233,1.3624,0.14072177,0.13333607,25.5756,461.7233,0.13333607,25.5756,25.5756,25.5756,30.6907,30.6907,461.7233,0.13333607,138.1083,124.0025,349.1907,363.2964,0.10083898,0.10491242,0.00039343,27.7028,24.2132,4.0921,102.3024,31.9695,692.5708,25.0000,,27.7028,4.1543,20.7715,41.5429,62.3144,77.6852,109.0501,20.7715,0.0,3.74,5.25,1.333697,10,18,5,2,0E-8,0.14771405,,0.00800000,0.800000,0.874034,0.008000,,2026-03-29,2026-06-30,5,16,15,94,0.053192,,,0.000000,,,,,,,,GLOBAL_BASELINE_NO_ENTITY_RANKING,,,NOT_APPLICABLE_GLOBAL_BASELINE,HF9g-P5,,,,X 全窗基线 · 不参与实体赏罚,8390192,840,A168_HF9F_20260827_0900,2026-08-27 09:00:00
2026-06-07,114848725,1985,0,386.3490019320,-104.8958311696,-102.3035539953,0.5000000,11,11,0.50299473636363636,0.502994736364,-0.0189407155422541,-0.018940715544554086,-0.0189407155422541,-3.6364E-13,ELIGIBLE,R03b_20260811_FULL_v1,L1_ELIGIBILITY,v2026-08-11,2026-03-21..2026-08-06,baccarat_bet02_101_all_pairs_incl_sentinel,round_win = game_pnl > 0 (decisive only),COMPATIBILITY_ONLY_NOT_PRODUCTION,3462.8540,3026.6535,511.5122,125,125,-0.14771405,,-0.14771405,-0.15470632,-511.5122,3462.8540,OK,24.2132,25.5756,5.0000,95.0000,AG03-UNRESOLVED,ALL5_LEVELS_bet23_to_bet27,25.5756,25.5756,25.5756,30.6907,30.6907,5.000000,5.000000,5.000000,6.000000,6.000000,95.000000,95.000000,95.000000,94.000000,94.000000,5.0,138.1083,124.0025,349.1907,363.2964,PENDING_AG03,FALSE,NOT_FOR_ENFORCEMENT,485.9366,2875.3209,487.2989,461.7233,1.3624,0.14072177,0.13333607,25.5756,461.7233,0.13333607,25.5756,25.5756,25.5756,30.6907,30.6907,461.7233,0.13333607,138.1083,124.0025,349.1907,363.2964,0.10083898,0.10491242,0.00039343,27.7028,24.2132,4.0921,102.3024,31.9695,692.5708,25.0000,,27.7028,4.1543,20.7715,41.5429,62.3144,77.6852,109.0501,20.7715,0.0,3.74,5.25,1.333697,10,18,5,2,0E-8,0.14771405,,0.00800000,0.800000,0.874034,0.008000,,2026-03-29,2026-06-30,5,16,15,94,0.053192,,,0.000000,,,,,,,,GLOBAL_BASELINE_NO_ENTITY_RANKING,,,NOT_APPLICABLE_GLOBAL_BASELINE,HF9g-P5,,,,X 全窗基线 · 不参与实体赏罚,8390193,840,A168_HF9F_20260827_0900,2026-08-27 09:00:00
2026-06-07,114848725,2101,0,207.7145171675,111.4388384604,112.7183598862,0.8333333,8,8,0.50665070000000000,0.506650700000,1.6005531159783741,1.6005531159783741,1.6005531159783741,0E-17,ELIGIBLE,R03b_20260811_FULL_v1,L1_ELIGIBILITY,v2026-08-11,2026-03-21..2026-08-06,baccarat_bet02_101_all_pairs_incl_sentinel,round_win = game_pnl > 0 (decisive only),COMPATIBILITY_ONLY_NOT_PRODUCTION,3462.8540,3026.6535,511.5122,125,125,-0.14771405,,-0.14771405,-0.15470632,-511.5122,3462.8540,OK,24.2132,25.5756,5.0000,95.0000,AG03-UNRESOLVED,ALL5_LEVELS_bet23_to_bet27,25.5756,25.5756,25.5756,30.6907,30.6907,5.000000,5.000000,5.000000,6.000000,6.000000,95.000000,95.000000,95.000000,94.000000,94.000000,5.0,138.1083,124.0025,349.1907,363.2964,PENDING_AG03,FALSE,NOT_FOR_ENFORCEMENT,485.9366,2875.3209,487.2989,461.7233,1.3624,0.14072177,0.13333607,25.5756,461.7233,0.13333607,25.5756,25.5756,25.5756,30.6907,30.6907,461.7233,0.13333607,138.1083,124.0025,349.1907,363.2964,0.10083898,0.10491242,0.00039343,27.7028,24.2132,4.0921,102.3024,31.9695,692.5708,25.0000,,27.7028,4.1543,20.7715,41.5429,62.3144,77.6852,109.0501,20.7715,0.0,3.74,5.25,1.333697,10,18,5,2,0E-8,0.14771405,,0.00800000,0.800000,0.874034,0.008000,,2026-03-29,2026-06-30,5,16,15,94,0.053192,,,0.000000,,,,,,,,GLOBAL_BASELINE_NO_ENTITY_RANKING,,,NOT_APPLICABLE_GLOBAL_BASELINE,HF9g-P5,,,,X 全窗基线 · 不参与实体赏罚,8390194,840,A168_HF9F_20260827_0900,2026-08-27 09:00:00
2026-06-08,114848725,1157,0,70.6229358370,-13.9168726502,-13.3518891636,0.5000000,2,2,0.50665070000000000,0.506650700000,-0.018812684590367487,-0.018812684590367487,-0.018812684590367487,0E-17,ELIGIBLE,R03b_20260811_FULL_v1,L1_ELIGIBILITY,v2026-08-11,2026-03-21..2026-08-06,baccarat_bet02_101_all_pairs_incl_sentinel,round_win = game_pnl > 0 (decisive only),COMPATIBILITY_ONLY_NOT_PRODUCTION,3462.8540,3026.6535,511.5122,125,125,-0.14771405,,-0.14771405,-0.15470632,-511.5122,3462.8540,OK,24.2132,25.5756,5.0000,95.0000,AG03-UNRESOLVED,ALL5_LEVELS_bet23_to_bet27,25.5756,25.5756,25.5756,30.6907,30.6907,5.000000,5.000000,5.000000,6.000000,6.000000,95.000000,95.000000,95.000000,94.000000,94.000000,5.0,138.1083,124.0025,349.1907,363.2964,PENDING_AG03,FALSE,NOT_FOR_ENFORCEMENT,485.9366,2875.3209,487.2989,461.7233,1.3624,0.14072177,0.13333607,25.5756,461.7233,0.13333607,25.5756,25.5756,25.5756,30.6907,30.6907,461.7233,0.13333607,138.1083,124.0025,349.1907,363.2964,0.10083898,0.10491242,0.00039343,27.7028,24.2132,4.0921,102.3024,31.9695,692.5708,25.0000,,27.7028,4.1543,20.7715,41.5429,62.3144,77.6852,109.0501,20.7715,0.0,3.74,5.25,1.333697,10,18,5,2,0E-8,0.14771405,,0.00800000,0.800000,0.874034,0.008000,,2026-03-29,2026-06-30,5,16,15,94,0.053192,,,0.000000,,,,,,,,GLOBAL_BASELINE_NO_ENTITY_RANKING,,,NOT_APPLICABLE_GLOBAL_BASELINE,HF9g-P5,,,,X 全窗基线 · 不参与实体赏罚,8390195,840,A168_HF9F_20260827_0900,2026-08-27 09:00:00
2026-06-08,114848725,1210,0,313.6489209232,-1.2462871031,1.2629042643,0.4444444,9,9,0.50069283333333333,0.500692833333,-0.33749065733668826,-0.337490657334688,-0.33749065733668826,3.3333E-13,ELIGIBLE,R03b_20260811_FULL_v1,L1_ELIGIBILITY,v2026-08-11,2026-03-21..2026-08-06,baccarat_bet02_101_all_pairs_incl_sentinel,round_win = game_pnl > 0 (decisive only),COMPATIBILITY_ONLY_NOT_PRODUCTION,3462.8540,3026.6535,511.5122,125,125,-0.14771405,,-0.14771405,-0.15470632,-511.5122,3462.8540,OK,24.2132,25.5756,5.0000,95.0000,AG03-UNRESOLVED,ALL5_LEVELS_bet23_to_bet27,25.5756,25.5756,25.5756,30.6907,30.6907,5.000000,5.000000,5.000000,6.000000,6.000000,95.000000,95.000000,95.000000,94.000000,94.000000,5.0,138.1083,124.0025,349.1907,363.2964,PENDING_AG03,FALSE,NOT_FOR_ENFORCEMENT,485.9366,2875.3209,487.2989,461.7233,1.3624,0.14072177,0.13333607,25.5756,461.7233,0.13333607,25.5756,25.5756,25.5756,30.6907,30.6907,461.7233,0.13333607,138.1083,124.0025,349.1907,363.2964,0.10083898,0.10491242,0.00039343,27.7028,24.2132,4.0921,102.3024,31.9695,692.5708,25.0000,,27.7028,4.1543,20.7715,41.5429,62.3144,77.6852,109.0501,20.7715,0.0,3.74,5.25,1.333697,10,18,5,2,0E-8,0.14771405,,0.00800000,0.800000,0.874034,0.008000,,2026-03-29,2026-06-30,5,16,15,94,0.053192,,,0.000000,,,,,,,,GLOBAL_BASELINE_NO_ENTITY_RANKING,,,NOT_APPLICABLE_GLOBAL_BASELINE,HF9g-P5,,,,X 全窗基线 · 不参与实体赏罚,8390196,840,A168_HF9F_20260827_0900,2026-08-27 09:00:00
2026-06-08,114848725,1299,0,103.8572585838,-103.8572585838,-103.0264005152,0E-7,2,2,0.50665070000000000,0.506650700000,-1.4331513700195317,-1.4331513700195317,-1.4331513700195317,0E-17,ELIGIBLE,R03b_20260811_FULL_v1,L1_ELIGIBILITY,v2026-08-11,2026-03-21..2026-08-06,baccarat_bet02_101_all_pairs_incl_sentinel,round_win = game_pnl > 0 (decisive only),COMPATIBILITY_ONLY_NOT_PRODUCTION,3462.8540,3026.6535,511.5122,125,125,-0.14771405,,-0.14771405,-0.15470632,-511.5122,3462.8540,OK,24.2132,25.5756,5.0000,95.0000,AG03-UNRESOLVED,ALL5_LEVELS_bet23_to_bet27,25.5756,25.5756,25.5756,30.6907,30.6907,5.000000,5.000000,5.000000,6.000000,6.000000,95.000000,95.000000,95.000000,94.000000,94.000000,5.0,138.1083,124.0025,349.1907,363.2964,PENDING_AG03,FALSE,NOT_FOR_ENFORCEMENT,485.9366,2875.3209,487.2989,461.7233,1.3624,0.14072177,0.13333607,25.5756,461.7233,0.13333607,25.5756,25.5756,25.5756,30.6907,30.6907,461.7233,0.13333607,138.1083,124.0025,349.1907,363.2964,0.10083898,0.10491242,0.00039343,27.7028,24.2132,4.0921,102.3024,31.9695,692.5708,25.0000,,27.7028,4.1543,20.7715,41.5429,62.3144,77.6852,109.0501,20.7715,0.0,3.74,5.25,1.333697,10,18,5,2,0E-8,0.14771405,,0.00800000,0.800000,0.874034,0.008000,,2026-03-29,2026-06-30,5,16,15,94,0.053192,,,0.000000,,,,,,,,GLOBAL_BASELINE_NO_ENTITY_RANKING,,,NOT_APPLICABLE_GLOBAL_BASELINE,HF9g-P5,,,,X 全窗基线 · 不参与实体赏罚,8390197,840,A168_HF9F_20260827_0900,2026-08-27 09:00:00
2026-06-08,114848725,1396,0,62.3143551503,-20.7714517168,-20.6052801030,0E-7,2,2,0.50665070000000000,0.506650700000,-1.013391052207602,-1.013391052207602,-1.013391052207602,0E-17,ELIGIBLE,R03b_20260811_FULL_v1,L1_ELIGIBILITY,v2026-08-11,2026-03-21..2026-08-06,baccarat_bet02_101_all_pairs_incl_sentinel,round_win = game_pnl > 0 (decisive only),COMPATIBILITY_ONLY_NOT_PRODUCTION,3462.8540,3026.6535,511.5122,125,125,-0.14771405,,-0.14771405,-0.15470632,-511.5122,3462.8540,OK,24.2132,25.5756,5.0000,95.0000,AG03-UNRESOLVED,ALL5_LEVELS_bet23_to_bet27,25.5756,25.5756,25.5756,30.6907,30.6907,5.000000,5.000000,5.000000,6.000000,6.000000,95.000000,95.000000,95.000000,94.000000,94.000000,5.0,138.1083,124.0025,349.1907,363.2964,PENDING_AG03,FALSE,NOT_FOR_ENFORCEMENT,485.9366,2875.3209,487.2989,461.7233,1.3624,0.14072177,0.13333607,25.5756,461.7233,0.13333607,25.5756,25.5756,25.5756,30.6907,30.6907,461.7233,0.13333607,138.1083,124.0025,349.1907,363.2964,0.10083898,0.10491242,0.00039343,27.7028,24.2132,4.0921,102.3024,31.9695,692.5708,25.0000,,27.7028,4.1543,20.7715,41.5429,62.3144,77.6852,109.0501,20.7715,0.0,3.74,5.25,1.333697,10,18,5,2,0E-8,0.14771405,,0.00800000,0.800000,0.874034,0.008000,,2026-03-29,2026-06-30,5,16,15,94,0.053192,,,0.000000,,,,,,,,GLOBAL_BASELINE_NO_ENTITY_RANKING,,,NOT_APPLICABLE_GLOBAL_BASELINE,HF9g-P5,,,,X 全窗基线 · 不参与实体赏罚,8390198,840,A168_HF9F_20260827_0900,2026-08-27 09:00:00
2026-06-08,114848725,1710,0,120.8898489916,-79.3469455580,-78.3798267660,0.2500000,4,4,0.49994810000000000,0.499948100000,-0.9997924053861017,-0.9997924053861017,-0.9997924053861017,0E-17,ELIGIBLE,R03b_20260811_FULL_v1,L1_ELIGIBILITY,v2026-08-11,2026-03-21..2026-08-06,baccarat_bet02_101_all_pairs_incl_sentinel,round_win = game_pnl > 0 (decisive only),COMPATIBILITY_ONLY_NOT_PRODUCTION,3462.8540,3026.6535,511.5122,125,125,-0.14771405,,-0.14771405,-0.15470632,-511.5122,3462.8540,OK,24.2132,25.5756,5.0000,95.0000,AG03-UNRESOLVED,ALL5_LEVELS_bet23_to_bet27,25.5756,25.5756,25.5756,30.6907,30.6907,5.000000,5.000000,5.000000,6.000000,6.000000,95.000000,95.000000,95.000000,94.000000,94.000000,5.0,138.1083,124.0025,349.1907,363.2964,PENDING_AG03,FALSE,NOT_FOR_ENFORCEMENT,485.9366,2875.3209,487.2989,461.7233,1.3624,0.14072177,0.13333607,25.5756,461.7233,0.13333607,25.5756,25.5756,25.5756,30.6907,30.6907,461.7233,0.13333607,138.1083,124.0025,349.1907,363.2964,0.10083898,0.10491242,0.00039343,27.7028,24.2132,4.0921,102.3024,31.9695,692.5708,25.0000,,27.7028,4.1543,20.7715,41.5429,62.3144,77.6852,109.0501,20.7715,0.0,3.74,5.25,1.333697,10,18,5,2,0E-8,0.14771405,,0.00800000,0.800000,0.874034,0.008000,,2026-03-29,2026-06-30,5,16,15,94,0.053192,,,0.000000,,,,,,,,GLOBAL_BASELINE_NO_ENTITY_RANKING,,,NOT_APPLICABLE_GLOBAL_BASELINE,HF9g-P5,,,,X 全窗基线 · 不参与实体赏罚,8390199,840,A168_HF9F_20260827_0900,2026-08-27 09:00:00
2026-06-08,114848725,1985,0,103.8572585839,-41.5429034336,-41.2105602060,0E-7,3,3,0.50665070000000000,0.506650700000,-1.4331513700195317,-1.4331513700195317,-1.4331513700195317,0E-17,ELIGIBLE,R03b_20260811_FULL_v1,L1_ELIGIBILITY,v2026-08-11,2026-03-21..2026-08-06,baccarat_bet02_101_all_pairs_incl_sentinel,round_win = game_pnl > 0 (decisive only),COMPATIBILITY_ONLY_NOT_PRODUCTION,3462.8540,3026.6535,511.5122,125,125,-0.14771405,,-0.14771405,-0.15470632,-511.5122,3462.8540,OK,24.2132,25.5756,5.0000,95.0000,AG03-UNRESOLVED,ALL5_LEVELS_bet23_to_bet27,25.5756,25.5756,25.5756,30.6907,30.6907,5.000000,5.000000,5.000000,6.000000,6.000000,95.000000,95.000000,95.000000,94.000000,94.000000,5.0,138.1083,124.0025,349.1907,363.2964,PENDING_AG03,FALSE,NOT_FOR_ENFORCEMENT,485.9366,2875.3209,487.2989,461.7233,1.3624,0.14072177,0.13333607,25.5756,461.7233,0.13333607,25.5756,25.5756,25.5756,30.6907,30.6907,461.7233,0.13333607,138.1083,124.0025,349.1907,363.2964,0.10083898,0.10491242,0.00039343,27.7028,24.2132,4.0921,102.3024,31.9695,692.5708,25.0000,,27.7028,4.1543,20.7715,41.5429,62.3144,77.6852,109.0501,20.7715,0.0,3.74,5.25,1.333697,10,18,5,2,0E-8,0.14771405,,0.00800000,0.800000,0.874034,0.008000,,2026-03-29,2026-06-30,5,16,15,94,0.053192,,,0.000000,,,,,,,,GLOBAL_BASELINE_NO_ENTITY_RANKING,,,NOT_APPLICABLE_GLOBAL_BASELINE,HF9g-P5,,,,X 全窗基线 · 不参与实体赏罚,8390200,840,A168_HF9F_20260827_0900,2026-08-27 09:00:00
2026-06-08,114848725,2155,0,20.7714517168,19.7328791309,19.8990507447,1.0000000,1,1,0.50665070000000000,0.506650700000,0.9867858985152569,0.9867858985152569,0.9867858985152569,0E-17,ELIGIBLE,R03b_20260811_FULL_v1,L1_ELIGIBILITY,v2026-08-11,2026-03-21..2026-08-06,baccarat_bet02_101_all_pairs_incl_sentinel,round_win = game_pnl > 0 (decisive only),COMPATIBILITY_ONLY_NOT_PRODUCTION,3462.8540,3026.6535,511.5122,125,125,-0.14771405,,-0.14771405,-0.15470632,-511.5122,3462.8540,OK,24.2132,25.5756,5.0000,95.0000,AG03-UNRESOLVED,ALL5_LEVELS_bet23_to_bet27,25.5756,25.5756,25.5756,30.6907,30.6907,5.000000,5.000000,5.000000,6.000000,6.000000,95.000000,95.000000,95.000000,94.000000,94.000000,5.0,138.1083,124.0025,349.1907,363.2964,PENDING_AG03,FALSE,NOT_FOR_ENFORCEMENT,485.9366,2875.3209,487.2989,461.7233,1.3624,0.14072177,0.13333607,25.5756,461.7233,0.13333607,25.5756,25.5756,25.5756,30.6907,30.6907,461.7233,0.13333607,138.1083,124.0025,349.1907,363.2964,0.10083898,0.10491242,0.00039343,27.7028,24.2132,4.0921,102.3024,31.9695,692.5708,25.0000,,27.7028,4.1543,20.7715,41.5429,62.3144,77.6852,109.0501,20.7715,0.0,3.74,5.25,1.333697,10,18,5,2,0E-8,0.14771405,,0.00800000,0.800000,0.874034,0.008000,,2026-03-29,2026-06-30,5,16,15,94,0.053192,,,0.000000,,,,,,,,GLOBAL_BASELINE_NO_ENTITY_RANKING,,,NOT_APPLICABLE_GLOBAL_BASELINE,HF9g-P5,,,,X 全窗基线 · 不参与实体赏罚,8390201,840,A168_HF9F_20260827_0900,2026-08-27 09:00:00
2026-06-08,114848725,2170,0,250.5037077042,-250.5037077042,-248.4996780425,0E-7,4,4,0.50665070000000000,0.506650700000,-2.026782104415204,-2.026782104415204,-2.026782104415204,0E-17,ELIGIBLE,R03b_20260811_FULL_v1,L1_ELIGIBILITY,v2026-08-11,2026-03-21..2026-08-06,baccarat_bet02_101_all_pairs_incl_sentinel,round_win = game_pnl > 0 (decisive only),COMPATIBILITY_ONLY_NOT_PRODUCTION,3462.8540,3026.6535,511.5122,125,125,-0.14771405,,-0.14771405,-0.15470632,-511.5122,3462.8540,OK,24.2132,25.5756,5.0000,95.0000,AG03-UNRESOLVED,ALL5_LEVELS_bet23_to_bet27,25.5756,25.5756,25.5756,30.6907,30.6907,5.000000,5.000000,5.000000,6.000000,6.000000,95.000000,95.000000,95.000000,94.000000,94.000000,5.0,138.1083,124.0025,349.1907,363.2964,PENDING_AG03,FALSE,NOT_FOR_ENFORCEMENT,485.9366,2875.3209,487.2989,461.7233,1.3624,0.14072177,0.13333607,25.5756,461.7233,0.13333607,25.5756,25.5756,25.5756,30.6907,30.6907,461.7233,0.13333607,138.1083,124.0025,349.1907,363.2964,0.10083898,0.10491242,0.00039343,27.7028,24.2132,4.0921,102.3024,31.9695,692.5708,25.0000,,27.7028,4.1543,20.7715,41.5429,62.3144,77.6852,109.0501,20.7715,0.0,3.74,5.25,1.333697,10,18,5,2,0E-8,0.14771405,,0.00800000,0.800000,0.874034,0.008000,,2026-03-29,2026-06-30,5,16,15,94,0.053192,,,0.000000,,,,,,,,GLOBAL_BASELINE_NO_ENTITY_RANKING,,,NOT_APPLICABLE_GLOBAL_BASELINE,HF9g-P5,,,,X 全窗基线 · 不参与实体赏罚,8390202,840,A168_HF9F_20260827_0900,2026-08-27 09:00:00
2026-06-08,114848725,2174,0,8.1008661695,-8.1008661695,-8.0360592402,0E-7,1,1,0.50665070000000000,0.506650700000,-1.013391052207602,-1.013391052207602,-1.013391052207602,0E-17,ELIGIBLE,R03b_20260811_FULL_v1,L1_ELIGIBILITY,v2026-08-11,2026-03-21..2026-08-06,baccarat_bet02_101_all_pairs_incl_sentinel,round_win = game_pnl > 0 (decisive only),COMPATIBILITY_ONLY_NOT_PRODUCTION,3462.8540,3026.6535,511.5122,125,125,-0.14771405,,-0.14771405,-0.15470632,-511.5122,3462.8540,OK,24.2132,25.5756,5.0000,95.0000,AG03-UNRESOLVED,ALL5_LEVELS_bet23_to_bet27,25.5756,25.5756,25.5756,30.6907,30.6907,5.000000,5.000000,5.000000,6.000000,6.000000,95.000000,95.000000,95.000000,94.000000,94.000000,5.0,138.1083,124.0025,349.1907,363.2964,PENDING_AG03,FALSE,NOT_FOR_ENFORCEMENT,485.9366,2875.3209,487.2989,461.7233,1.3624,0.14072177,0.13333607,25.5756,461.7233,0.13333607,25.5756,25.5756,25.5756,30.6907,30.6907,461.7233,0.13333607,138.1083,124.0025,349.1907,363.2964,0.10083898,0.10491242,0.00039343,27.7028,24.2132,4.0921,102.3024,31.9695,692.5708,25.0000,,27.7028,4.1543,20.7715,41.5429,62.3144,77.6852,109.0501,20.7715,0.0,3.74,5.25,1.333697,10,18,5,2,0E-8,0.14771405,,0.00800000,0.800000,0.874034,0.008000,,2026-03-29,2026-06-30,5,16,15,94,0.053192,,,0.000000,,,,,,,,GLOBAL_BASELINE_NO_ENTITY_RANKING,,,NOT_APPLICABLE_GLOBAL_BASELINE,HF9g-P5,,,,X 全窗基线 · 不参与实体赏罚,8390203,840,A168_HF9F_20260827_0900,2026-08-27 09:00:00
2026-06-08,114848725,2233,0,186.9430654509,-83.0858068670,-82.0887771847,0.2500000,6,6,0.50218230000000000,0.502182300000,-1.0087388081483202,-1.0087388081483202,-1.0087388081483202,0E-17,ELIGIBLE,R03b_20260811_FULL_v1,L1_ELIGIBILITY,v2026-08-11,2026-03-21..2026-08-06,baccarat_bet02_101_all_pairs_incl_sentinel,round_win = game_pnl > 0 (decisive only),COMPATIBILITY_ONLY_NOT_PRODUCTION,3462.8540,3026.6535,511.5122,125,125,-0.14771405,,-0.14771405,-0.15470632,-511.5122,3462.8540,OK,24.2132,25.5756,5.0000,95.0000,AG03-UNRESOLVED,ALL5_LEVELS_bet23_to_bet27,25.5756,25.5756,25.5756,30.6907,30.6907,5.000000,5.000000,5.000000,6.000000,6.000000,95.000000,95.000000,95.000000,94.000000,94.000000,5.0,138.1083,124.0025,349.1907,363.2964,PENDING_AG03,FALSE,NOT_FOR_ENFORCEMENT,485.9366,2875.3209,487.2989,461.7233,1.3624,0.14072177,0.13333607,25.5756,461.7233,0.13333607,25.5756,25.5756,25.5756,30.6907,30.6907,461.7233,0.13333607,138.1083,124.0025,349.1907,363.2964,0.10083898,0.10491242,0.00039343,27.7028,24.2132,4.0921,102.3024,31.9695,692.5708,25.0000,,27.7028,4.1543,20.7715,41.5429,62.3144,77.6852,109.0501,20.7715,0.0,3.74,5.25,1.333697,10,18,5,2,0E-8,0.14771405,,0.00800000,0.800000,0.874034,0.008000,,2026-03-29,2026-06-30,5,16,15,94,0.053192,,,0.000000,,,,,,,,GLOBAL_BASELINE_NO_ENTITY_RANKING,,,NOT_APPLICABLE_GLOBAL_BASELINE,HF9g-P5,,,,X 全窗基线 · 不参与实体赏罚,8390204,840,A168_HF9F_20260827_0900,2026-08-27 09:00:00
2026-06-08,114848725,2261,0,1147.8304218687,-92.6510603831,-84.6316183034,0.6400000,27,27,0.50565772222222222,0.505657722222,1.3435087914823156,1.343508791484531,1.3435087914823156,2.2222E-13,ELIGIBLE,R03b_20260811_FULL_v1,L1_ELIGIBILITY,v2026-08-11,2026-03-21..2026-08-06,baccarat_bet02_101_all_pairs_incl_sentinel,round_win = game_pnl > 0 (decisive only),COMPATIBILITY_ONLY_NOT_PRODUCTION,3462.8540,3026.6535,511.5122,125,125,-0.14771405,,-0.14771405,-0.15470632,-511.5122,3462.8540,OK,24.2132,25.5756,5.0000,95.0000,AG03-UNRESOLVED,ALL5_LEVELS_bet23_to_bet27,25.5756,25.5756,25.5756,30.6907,30.6907,5.000000,5.000000,5.000000,6.000000,6.000000,95.000000,95.000000,95.000000,94.000000,94.000000,5.0,138.1083,124.0025,349.1907,363.2964,PENDING_AG03,FALSE,NOT_FOR_ENFORCEMENT,485.9366,2875.3209,487.2989,461.7233,1.3624,0.14072177,0.13333607,25.5756,461.7233,0.13333607,25.5756,25.5756,25.5756,30.6907,30.6907,461.7233,0.13333607,138.1083,124.0025,349.1907,363.2964,0.10083898,0.10491242,0.00039343,27.7028,24.2132,4.0921,102.3024,31.9695,692.5708,25.0000,,27.7028,4.1543,20.7715,41.5429,62.3144,77.6852,109.0501,20.7715,0.0,3.74,5.25,1.333697,10,18,5,2,0E-8,0.14771405,,0.00800000,0.800000,0.874034,0.008000,,2026-03-29,2026-06-30,5,16,15,94,0.053192,,,0.000000,,,,,,,,GLOBAL_BASELINE_NO_ENTITY_RANKING,,,NOT_APPLICABLE_GLOBAL_BASELINE,HF9g-P5,,,,X 全窗基线 · 不参与实体赏罚,8390205,840,A168_HF9F_20260827_0900,2026-08-27 09:00:00
2026-06-08,114848725,986,0,254.0348544961,146.9580208961,148.9902997320,0.6363636,11,11,0.50665070000000000,0.506650700000,0.860494406565227,0.860494406565227,0.860494406565227,0E-17,ELIGIBLE,R03b_20260811_FULL_v1,L1_ELIGIBILITY,v2026-08-11,2026-03-21..2026-08-06,baccarat_bet02_101_all_pairs_incl_sentinel,round_win = game_pnl > 0 (decisive only),COMPATIBILITY_ONLY_NOT_PRODUCTION,3462.8540,3026.6535,511.5122,125,125,-0.14771405,,-0.14771405,-0.15470632,-511.5122,3462.8540,OK,24.2132,25.5756,5.0000,95.0000,AG03-UNRESOLVED,ALL5_LEVELS_bet23_to_bet27,25.5756,25.5756,25.5756,30.6907,30.6907,5.000000,5.000000,5.000000,6.000000,6.000000,95.000000,95.000000,95.000000,94.000000,94.000000,5.0,138.1083,124.0025,349.1907,363.2964,PENDING_AG03,FALSE,NOT_FOR_ENFORCEMENT,485.9366,2875.3209,487.2989,461.7233,1.3624,0.14072177,0.13333607,25.5756,461.7233,0.13333607,25.5756,25.5756,25.5756,30.6907,30.6907,461.7233,0.13333607,138.1083,124.0025,349.1907,363.2964,0.10083898,0.10491242,0.00039343,27.7028,24.2132,4.0921,102.3024,31.9695,692.5708,25.0000,,27.7028,4.1543,20.7715,41.5429,62.3144,77.6852,109.0501,20.7715,0.0,3.74,5.25,1.333697,10,18,5,2,0E-8,0.14771405,,0.00800000,0.800000,0.874034,0.008000,,2026-03-29,2026-06-30,5,16,15,94,0.053192,,,0.000000,,,,,,,,GLOBAL_BASELINE_NO_ENTITY_RANKING,,,NOT_APPLICABLE_GLOBAL_BASELINE,HF9g-P5,,,,X 全窗基线 · 不参与实体赏罚,8390206,840,A168_HF9F_20260827_0900,2026-08-27 09:00:00
2026-06-30,114848725,1157,0,53.5903454298,2.5133456576,2.8755997758,0.4705882,20,20,0.50665070000000000,0.506650700000,-0.29740501289308274,-0.29740501289308274,-0.29740501289308274,0E-17,ELIGIBLE,R03b_20260811_FULL_v1,L1_ELIGIBILITY,v2026-08-11,2026-03-21..2026-08-06,baccarat_bet02_101_all_pairs_incl_sentinel,round_win = game_pnl > 0 (decisive only),COMPATIBILITY_ONLY_NOT_PRODUCTION,3462.8540,3026.6535,511.5122,125,125,-0.14771405,,-0.14771405,-0.15470632,-511.5122,3462.8540,OK,24.2132,25.5756,5.0000,95.0000,AG03-UNRESOLVED,ALL5_LEVELS_bet23_to_bet27,25.5756,25.5756,25.5756,30.6907,30.6907,5.000000,5.000000,5.000000,6.000000,6.000000,95.000000,95.000000,95.000000,94.000000,94.000000,5.0,138.1083,124.0025,349.1907,363.2964,PENDING_AG03,FALSE,NOT_FOR_ENFORCEMENT,485.9366,2875.3209,487.2989,461.7233,1.3624,0.14072177,0.13333607,25.5756,461.7233,0.13333607,25.5756,25.5756,25.5756,30.6907,30.6907,461.7233,0.13333607,138.1083,124.0025,349.1907,363.2964,0.10083898,0.10491242,0.00039343,27.7028,24.2132,4.0921,102.3024,31.9695,692.5708,25.0000,,27.7028,4.1543,20.7715,41.5429,62.3144,77.6852,109.0501,20.7715,0.0,3.74,5.25,1.333697,10,18,5,2,0E-8,0.14771405,,0.00800000,0.800000,0.874034,0.008000,,2026-03-29,2026-06-30,5,16,15,94,0.053192,,,0.000000,,,,,,,,GLOBAL_BASELINE_NO_ENTITY_RANKING,,,NOT_APPLICABLE_GLOBAL_BASELINE,HF9g-P5,,,,X 全窗基线 · 不参与实体赏罚,8390207,840,A168_HF9F_20260827_0900,2026-08-27 09:00:00
2026-06-30,114848725,2251,0,20.7714517170,9.7625823069,9.8789024365,0.8000000,7,7,0.50665070000000000,0.506650700000,1.3120140225494112,1.3120140225494112,1.3120140225494112,0E-17,ELIGIBLE,R03b_20260811_FULL_v1,L1_ELIGIBILITY,v2026-08-11,2026-03-21..2026-08-06,baccarat_bet02_101_all_pairs_incl_sentinel,round_win = game_pnl > 0 (decisive only),COMPATIBILITY_ONLY_NOT_PRODUCTION,3462.8540,3026.6535,511.5122,125,125,-0.14771405,,-0.14771405,-0.15470632,-511.5122,3462.8540,OK,24.2132,25.5756,5.0000,95.0000,AG03-UNRESOLVED,ALL5_LEVELS_bet23_to_bet27,25.5756,25.5756,25.5756,30.6907,30.6907,5.000000,5.000000,5.000000,6.000000,6.000000,95.000000,95.000000,95.000000,94.000000,94.000000,5.0,138.1083,124.0025,349.1907,363.2964,PENDING_AG03,FALSE,NOT_FOR_ENFORCEMENT,485.9366,2875.3209,487.2989,461.7233,1.3624,0.14072177,0.13333607,25.5756,461.7233,0.13333607,25.5756,25.5756,25.5756,30.6907,30.6907,461.7233,0.13333607,138.1083,124.0025,349.1907,363.2964,0.10083898,0.10491242,0.00039343,27.7028,24.2132,4.0921,102.3024,31.9695,692.5708,25.0000,,27.7028,4.1543,20.7715,41.5429,62.3144,77.6852,109.0501,20.7715,0.0,3.74,5.25,1.333697,10,18,5,2,0E-8,0.14771405,,0.00800000,0.800000,0.874034,0.008000,,2026-03-29,2026-06-30,5,16,15,94,0.053192,,,0.000000,,,,,,,,GLOBAL_BASELINE_NO_ENTITY_RANKING,,,NOT_APPLICABLE_GLOBAL_BASELINE,HF9g-P5,,,,X 全窗基线 · 不参与实体赏罚,8390208,840,A168_HF9F_20260827_0900,2026-08-27 09:00:00
2026-06-30,114848725,994,0,20.5637371996,-20.5637371996,-20.3992273020,0E-7,3,3,0.50665070000000000,0.506650700000,-1.7552447903592512,-1.7552447903592512,-1.7552447903592512,0E-17,ELIGIBLE,R03b_20260811_FULL_v1,L1_ELIGIBILITY,v2026-08-11,2026-03-21..2026-08-06,baccarat_bet02_101_all_pairs_incl_sentinel,round_win = game_pnl > 0 (decisive only),COMPATIBILITY_ONLY_NOT_PRODUCTION,3462.8540,3026.6535,511.5122,125,125,-0.14771405,,-0.14771405,-0.15470632,-511.5122,3462.8540,OK,24.2132,25.5756,5.0000,95.0000,AG03-UNRESOLVED,ALL5_LEVELS_bet23_to_bet27,25.5756,25.5756,25.5756,30.6907,30.6907,5.000000,5.000000,5.000000,6.000000,6.000000,95.000000,95.000000,95.000000,94.000000,94.000000,5.0,138.1083,124.0025,349.1907,363.2964,PENDING_AG03,FALSE,NOT_FOR_ENFORCEMENT,485.9366,2875.3209,487.2989,461.7233,1.3624,0.14072177,0.13333607,25.5756,461.7233,0.13333607,25.5756,25.5756,25.5756,30.6907,30.6907,461.7233,0.13333607,138.1083,124.0025,349.1907,363.2964,0.10083898,0.10491242,0.00039343,27.7028,24.2132,4.0921,102.3024,31.9695,692.5708,25.0000,,27.7028,4.1543,20.7715,41.5429,62.3144,77.6852,109.0501,20.7715,0.0,3.74,5.25,1.333697,10,18,5,2,0E-8,0.14771405,,0.00800000,0.800000,0.874034,0.008000,,2026-03-29,2026-06-30,5,16,15,94,0.053192,,,0.000000,,,,,,,,GLOBAL_BASELINE_NO_ENTITY_RANKING,,,NOT_APPLICABLE_GLOBAL_BASELINE,HF9g-P5,,,,X 全窗基线 · 不参与实体赏罚,8390209,840,A168_HF9F_20260827_0900,2026-08-27 09:00:00
2026-07-14,153015102,1205,0,311.3624041514,109.2608370124,109.2608370124,0.6666667,10,10,0.50128862000000000,0.501288620000,0.9922715754217412,0.9922715754217414,0.9922715754217412,0E-17,ELIGIBLE,R03b_20260811_FULL_v1,L1_ELIGIBILITY,v2026-08-11,2026-03-21..2026-08-06,baccarat_bet02_101_all_pairs_incl_sentinel,round_win = game_pnl > 0 (decisive only),COMPATIBILITY_ONLY_NOT_PRODUCTION,2237.4677,1971.5446,480.9751,85,61,-0.21496406,-0.21496406,,-0.21496406,-480.9751,2237.4677,OK,0.0000,19.2390,4.0000,96.0000,AG03-UNRESOLVED,ALL5_LEVELS_bet23_to_bet27,19.2390,19.2390,24.0488,24.0488,24.0488,4.000000,4.000000,5.000000,5.000000,5.000000,96.000000,96.000000,95.000000,95.000000,95.000000,5.0,110.6243,100.9294,370.3508,380.0458,PENDING_AG03,FALSE,NOT_FOR_ENFORCEMENT,461.7361,1892.6828,480.9751,461.7361,19.2390,0.21496406,0.20636549,19.2390,461.7361,0.20636549,19.2390,19.2390,24.0488,24.0488,24.0488,461.7361,0.20636549,110.6243,100.9294,370.3508,380.0458,0.16552232,0.16985531,0.00859856,26.3231,32.3204,7.8848,80.1625,34.3554,372.9113,10.1667,26.3231,,2.5818,25.8178,35.8222,53.1846,79.906,120.2205,23.236,-2.5818,3.095,4.656501,1.019575,7,12,7,8,1.00000000,0.21496406,0.21496406,0E-8,0.000000,0.881150,0.000000,,2026-07-14,2026-08-02,6,14,12,20,0.300000,,1.000000,3.333333,,,,,,,,GLOBAL_BASELINE_NO_ENTITY_RANKING,,,NOT_APPLICABLE_GLOBAL_BASELINE,HF9g-P5,,,,X 全窗基线 · 不参与实体赏罚,8390210,840,A168_HF9F_20260827_0900,2026-08-27 09:00:00
2026-07-14,153015102,2210,0,352.9290269278,-162.5229132780,-162.5229132780,0.1666667,8,8,0.50497505000000000,0.504975050000,-1.6574478791669822,-1.6574478791669822,-1.6574478791669822,0E-17,ELIGIBLE,R03b_20260811_FULL_v1,L1_ELIGIBILITY,v2026-08-11,2026-03-21..2026-08-06,baccarat_bet02_101_all_pairs_incl_sentinel,round_win = game_pnl > 0 (decisive only),COMPATIBILITY_ONLY_NOT_PRODUCTION,2237.4677,1971.5446,480.9751,85,61,-0.21496406,-0.21496406,,-0.21496406,-480.9751,2237.4677,OK,0.0000,19.2390,4.0000,96.0000,AG03-UNRESOLVED,ALL5_LEVELS_bet23_to_bet27,19.2390,19.2390,24.0488,24.0488,24.0488,4.000000,4.000000,5.000000,5.000000,5.000000,96.000000,96.000000,95.000000,95.000000,95.000000,5.0,110.6243,100.9294,370.3508,380.0458,PENDING_AG03,FALSE,NOT_FOR_ENFORCEMENT,461.7361,1892.6828,480.9751,461.7361,19.2390,0.21496406,0.20636549,19.2390,461.7361,0.20636549,19.2390,19.2390,24.0488,24.0488,24.0488,461.7361,0.20636549,110.6243,100.9294,370.3508,380.0458,0.16552232,0.16985531,0.00859856,26.3231,32.3204,7.8848,80.1625,34.3554,372.9113,10.1667,26.3231,,2.5818,25.8178,35.8222,53.1846,79.906,120.2205,23.236,-2.5818,3.095,4.656501,1.019575,7,12,7,8,1.00000000,0.21496406,0.21496406,0E-8,0.000000,0.881150,0.000000,,2026-07-14,2026-08-02,6,14,12,20,0.300000,,1.000000,3.333333,,,,,,,,GLOBAL_BASELINE_NO_ENTITY_RANKING,,,NOT_APPLICABLE_GLOBAL_BASELINE,HF9g-P5,,,,X 全窗基线 · 不参与实体赏罚,8390211,840,A168_HF9F_20260827_0900,2026-08-27 09:00:00
2026-07-16,153015102,-1,1,67.1262231172,-33.5631115586,-33.5631115586,0E-7,2,2,0.49324550000000000,0.493245500000,-0.9865810262130424,-0.9865810262130424,-0.9865810262130424,0E-17,SENTINEL_DEALER,R03b_20260811_FULL_v1,L1_ELIGIBILITY,v2026-08-11,2026-03-21..2026-08-06,baccarat_bet02_101_all_pairs_incl_sentinel,round_win = game_pnl > 0 (decisive only),COMPATIBILITY_ONLY_NOT_PRODUCTION,2237.4677,1971.5446,480.9751,85,61,-0.21496406,-0.21496406,,-0.21496406,-480.9751,2237.4677,OK,0.0000,19.2390,4.0000,96.0000,AG03-UNRESOLVED,ALL5_LEVELS_bet23_to_bet27,19.2390,19.2390,24.0488,24.0488,24.0488,4.000000,4.000000,5.000000,5.000000,5.000000,96.000000,96.000000,95.000000,95.000000,95.000000,5.0,110.6243,100.9294,370.3508,380.0458,PENDING_AG03,FALSE,NOT_FOR_ENFORCEMENT,461.7361,1892.6828,480.9751,461.7361,19.2390,0.21496406,0.20636549,19.2390,461.7361,0.20636549,19.2390,19.2390,24.0488,24.0488,24.0488,461.7361,0.20636549,110.6243,100.9294,370.3508,380.0458,0.16552232,0.16985531,0.00859856,26.3231,32.3204,7.8848,80.1625,34.3554,372.9113,10.1667,26.3231,,2.5818,25.8178,35.8222,53.1846,79.906,120.2205,23.236,-2.5818,3.095,4.656501,1.019575,7,12,7,8,1.00000000,0.21496406,0.21496406,0E-8,0.000000,0.881150,0.000000,,2026-07-14,2026-08-02,6,14,12,20,0.300000,,1.000000,3.333333,,,,,,,,GLOBAL_BASELINE_NO_ENTITY_RANKING,,,NOT_APPLICABLE_GLOBAL_BASELINE,HF9g-P5,,,,X 全窗基线 · 不参与实体赏罚,8390212,840,A168_HF9F_20260827_0900,2026-08-27 09:00:00
2026-07-16,153015102,1374,0,273.6684480933,55.5082229624,55.5082229624,0.5000000,8,6,0.48794942361111111,0.451953394445,0.059052679843850375,0.23647365469238169,0.059052679843850375,0.03599602916611111,ELIGIBLE,R03b_20260811_FULL_v1,L1_ELIGIBILITY,v2026-08-11,2026-03-21..2026-08-06,baccarat_bet02_101_all_pairs_incl_sentinel,round_win = game_pnl > 0 (decisive only),COMPATIBILITY_ONLY_NOT_PRODUCTION,2237.4677,1971.5446,480.9751,85,61,-0.21496406,-0.21496406,,-0.21496406,-480.9751,2237.4677,OK,0.0000,19.2390,4.0000,96.0000,AG03-UNRESOLVED,ALL5_LEVELS_bet23_to_bet27,19.2390,19.2390,24.0488,24.0488,24.0488,4.000000,4.000000,5.000000,5.000000,5.000000,96.000000,96.000000,95.000000,95.000000,95.000000,5.0,110.6243,100.9294,370.3508,380.0458,PENDING_AG03,FALSE,NOT_FOR_ENFORCEMENT,461.7361,1892.6828,480.9751,461.7361,19.2390,0.21496406,0.20636549,19.2390,461.7361,0.20636549,19.2390,19.2390,24.0488,24.0488,24.0488,461.7361,0.20636549,110.6243,100.9294,370.3508,380.0458,0.16552232,0.16985531,0.00859856,26.3231,32.3204,7.8848,80.1625,34.3554,372.9113,10.1667,26.3231,,2.5818,25.8178,35.8222,53.1846,79.906,120.2205,23.236,-2.5818,3.095,4.656501,1.019575,7,12,7,8,1.00000000,0.21496406,0.21496406,0E-8,0.000000,0.881150,0.000000,,2026-07-14,2026-08-02,6,14,12,20,0.300000,,1.000000,3.333333,,,,,,,,GLOBAL_BASELINE_NO_ENTITY_RANKING,,,NOT_APPLICABLE_GLOBAL_BASELINE,HF9g-P5,,,,X 全窗基线 · 不参与实体赏罚,8390213,840,A168_HF9F_20260827_0900,2026-08-27 09:00:00
2026-07-16,153015102,2101,0,36.6612449333,9.6558490176,9.6558490176,0.5000000,2,2,0.49994810000000000,0.499948100000,0.00014679536856514622,0.00014679536856514622,0.00014679536856514622,0E-17,ELIGIBLE,R03b_20260811_FULL_v1,L1_ELIGIBILITY,v2026-08-11,2026-03-21..2026-08-06,baccarat_bet02_101_all_pairs_incl_sentinel,round_win = game_pnl > 0 (decisive only),COMPATIBILITY_ONLY_NOT_PRODUCTION,2237.4677,1971.5446,480.9751,85,61,-0.21496406,-0.21496406,,-0.21496406,-480.9751,2237.4677,OK,0.0000,19.2390,4.0000,96.0000,AG03-UNRESOLVED,ALL5_LEVELS_bet23_to_bet27,19.2390,19.2390,24.0488,24.0488,24.0488,4.000000,4.000000,5.000000,5.000000,5.000000,96.000000,96.000000,95.000000,95.000000,95.000000,5.0,110.6243,100.9294,370.3508,380.0458,PENDING_AG03,FALSE,NOT_FOR_ENFORCEMENT,461.7361,1892.6828,480.9751,461.7361,19.2390,0.21496406,0.20636549,19.2390,461.7361,0.20636549,19.2390,19.2390,24.0488,24.0488,24.0488,461.7361,0.20636549,110.6243,100.9294,370.3508,380.0458,0.16552232,0.16985531,0.00859856,26.3231,32.3204,7.8848,80.1625,34.3554,372.9113,10.1667,26.3231,,2.5818,25.8178,35.8222,53.1846,79.906,120.2205,23.236,-2.5818,3.095,4.656501,1.019575,7,12,7,8,1.00000000,0.21496406,0.21496406,0E-8,0.000000,0.881150,0.000000,,2026-07-14,2026-08-02,6,14,12,20,0.300000,,1.000000,3.333333,,,,,,,,GLOBAL_BASELINE_NO_ENTITY_RANKING,,,NOT_APPLICABLE_GLOBAL_BASELINE,HF9g-P5,,,,X 全窗基线 · 不参与实体赏罚,8390214,840,A168_HF9F_20260827_0900,2026-08-27 09:00:00
2026-07-17,153015102,1094,0,43.8902228074,-43.8902228074,-43.8902228074,0E-7,3,2,0.28711257500000000,0.287112575000,-0.8974920864582884,-0.8974920864582884,-0.8974920864582884,0E-17,ELIGIBLE,R03b_20260811_FULL_v1,L1_ELIGIBILITY,v2026-08-11,2026-03-21..2026-08-06,baccarat_bet02_101_all_pairs_incl_sentinel,round_win = game_pnl > 0 (decisive only),COMPATIBILITY_ONLY_NOT_PRODUCTION,2237.4677,1971.5446,480.9751,85,61,-0.21496406,-0.21496406,,-0.21496406,-480.9751,2237.4677,OK,0.0000,19.2390,4.0000,96.0000,AG03-UNRESOLVED,ALL5_LEVELS_bet23_to_bet27,19.2390,19.2390,24.0488,24.0488,24.0488,4.000000,4.000000,5.000000,5.000000,5.000000,96.000000,96.000000,95.000000,95.000000,95.000000,5.0,110.6243,100.9294,370.3508,380.0458,PENDING_AG03,FALSE,NOT_FOR_ENFORCEMENT,461.7361,1892.6828,480.9751,461.7361,19.2390,0.21496406,0.20636549,19.2390,461.7361,0.20636549,19.2390,19.2390,24.0488,24.0488,24.0488,461.7361,0.20636549,110.6243,100.9294,370.3508,380.0458,0.16552232,0.16985531,0.00859856,26.3231,32.3204,7.8848,80.1625,34.3554,372.9113,10.1667,26.3231,,2.5818,25.8178,35.8222,53.1846,79.906,120.2205,23.236,-2.5818,3.095,4.656501,1.019575,7,12,7,8,1.00000000,0.21496406,0.21496406,0E-8,0.000000,0.881150,0.000000,,2026-07-14,2026-08-02,6,14,12,20,0.300000,,1.000000,3.333333,,,,,,,,GLOBAL_BASELINE_NO_ENTITY_RANKING,,,NOT_APPLICABLE_GLOBAL_BASELINE,HF9g-P5,,,,X 全窗基线 · 不参与实体赏罚,8390215,840,A168_HF9F_20260827_0900,2026-08-27 09:00:00
2026-07-17,153015102,1402,0,176.8517801357,38.4039449565,38.4039449565,0.5714286,12,8,0.47948946727566615,0.410108658333,0.48690584819106675,0.8677637808234039,0.48690584819106675,0.06938080894266615,ELIGIBLE,R03b_20260811_FULL_v1,L1_ELIGIBILITY,v2026-08-11,2026-03-21..2026-08-06,baccarat_bet02_101_all_pairs_incl_sentinel,round_win = game_pnl > 0 (decisive only),COMPATIBILITY_ONLY_NOT_PRODUCTION,2237.4677,1971.5446,480.9751,85,61,-0.21496406,-0.21496406,,-0.21496406,-480.9751,2237.4677,OK,0.0000,19.2390,4.0000,96.0000,AG03-UNRESOLVED,ALL5_LEVELS_bet23_to_bet27,19.2390,19.2390,24.0488,24.0488,24.0488,4.000000,4.000000,5.000000,5.000000,5.000000,96.000000,96.000000,95.000000,95.000000,95.000000,5.0,110.6243,100.9294,370.3508,380.0458,PENDING_AG03,FALSE,NOT_FOR_ENFORCEMENT,461.7361,1892.6828,480.9751,461.7361,19.2390,0.21496406,0.20636549,19.2390,461.7361,0.20636549,19.2390,19.2390,24.0488,24.0488,24.0488,461.7361,0.20636549,110.6243,100.9294,370.3508,380.0458,0.16552232,0.16985531,0.00859856,26.3231,32.3204,7.8848,80.1625,34.3554,372.9113,10.1667,26.3231,,2.5818,25.8178,35.8222,53.1846,79.906,120.2205,23.236,-2.5818,3.095,4.656501,1.019575,7,12,7,8,1.00000000,0.21496406,0.21496406,0E-8,0.000000,0.881150,0.000000,,2026-07-14,2026-08-02,6,14,12,20,0.300000,,1.000000,3.333333,,,,,,,,GLOBAL_BASELINE_NO_ENTITY_RANKING,,,NOT_APPLICABLE_GLOBAL_BASELINE,HF9g-P5,,,,X 全窗基线 · 不参与实体赏罚,8390216,840,A168_HF9F_20260827_0900,2026-08-27 09:00:00
2026-07-17,153015102,2103,0,30.9813337464,-30.9813337464,-30.9813337464,0E-7,2,1,0.43466065000000000,0.290680550000,-0.8768404069259229,-0.6401578158977228,-0.8768404069259229,0.14398010000000000,ELIGIBLE,R03b_20260811_FULL_v1,L1_ELIGIBILITY,v2026-08-11,2026-03-21..2026-08-06,baccarat_bet02_101_all_pairs_incl_sentinel,round_win = game_pnl > 0 (decisive only),COMPATIBILITY_ONLY_NOT_PRODUCTION,2237.4677,1971.5446,480.9751,85,61,-0.21496406,-0.21496406,,-0.21496406,-480.9751,2237.4677,OK,0.0000,19.2390,4.0000,96.0000,AG03-UNRESOLVED,ALL5_LEVELS_bet23_to_bet27,19.2390,19.2390,24.0488,24.0488,24.0488,4.000000,4.000000,5.000000,5.000000,5.000000,96.000000,96.000000,95.000000,95.000000,95.000000,5.0,110.6243,100.9294,370.3508,380.0458,PENDING_AG03,FALSE,NOT_FOR_ENFORCEMENT,461.7361,1892.6828,480.9751,461.7361,19.2390,0.21496406,0.20636549,19.2390,461.7361,0.20636549,19.2390,19.2390,24.0488,24.0488,24.0488,461.7361,0.20636549,110.6243,100.9294,370.3508,380.0458,0.16552232,0.16985531,0.00859856,26.3231,32.3204,7.8848,80.1625,34.3554,372.9113,10.1667,26.3231,,2.5818,25.8178,35.8222,53.1846,79.906,120.2205,23.236,-2.5818,3.095,4.656501,1.019575,7,12,7,8,1.00000000,0.21496406,0.21496406,0E-8,0.000000,0.881150,0.000000,,2026-07-14,2026-08-02,6,14,12,20,0.300000,,1.000000,3.333333,,,,,,,,GLOBAL_BASELINE_NO_ENTITY_RANKING,,,NOT_APPLICABLE_GLOBAL_BASELINE,HF9g-P5,,,,X 全窗基线 · 不参与实体赏罚,8390217,840,A168_HF9F_20260827_0900,2026-08-27 09:00:00
2026-07-18,153015102,1402,0,52.1519118065,-52.1519118065,-52.1519118065,0E-7,2,1,0.46585387821786872,0.300626750000,-0.933888049334361,-0.655630731788307,-0.933888049334361,0.16522712821786872,ELIGIBLE,R03b_20260811_FULL_v1,L1_ELIGIBILITY,v2026-08-11,2026-03-21..2026-08-06,baccarat_bet02_101_all_pairs_incl_sentinel,round_win = game_pnl > 0 (decisive only),COMPATIBILITY_ONLY_NOT_PRODUCTION,2237.4677,1971.5446,480.9751,85,61,-0.21496406,-0.21496406,,-0.21496406,-480.9751,2237.4677,OK,0.0000,19.2390,4.0000,96.0000,AG03-UNRESOLVED,ALL5_LEVELS_bet23_to_bet27,19.2390,19.2390,24.0488,24.0488,24.0488,4.000000,4.000000,5.000000,5.000000,5.000000,96.000000,96.000000,95.000000,95.000000,95.000000,5.0,110.6243,100.9294,370.3508,380.0458,PENDING_AG03,FALSE,NOT_FOR_ENFORCEMENT,461.7361,1892.6828,480.9751,461.7361,19.2390,0.21496406,0.20636549,19.2390,461.7361,0.20636549,19.2390,19.2390,24.0488,24.0488,24.0488,461.7361,0.20636549,110.6243,100.9294,370.3508,380.0458,0.16552232,0.16985531,0.00859856,26.3231,32.3204,7.8848,80.1625,34.3554,372.9113,10.1667,26.3231,,2.5818,25.8178,35.8222,53.1846,79.906,120.2205,23.236,-2.5818,3.095,4.656501,1.019575,7,12,7,8,1.00000000,0.21496406,0.21496406,0E-8,0.000000,0.881150,0.000000,,2026-07-14,2026-08-02,6,14,12,20,0.300000,,1.000000,3.333333,,,,,,,,GLOBAL_BASELINE_NO_ENTITY_RANKING,,,NOT_APPLICABLE_GLOBAL_BASELINE,HF9g-P5,,,,X 全窗基线 · 不参与实体赏罚,8390218,840,A168_HF9F_20260827_0900,2026-08-27 09:00:00
2026-07-18,153015102,583,0,520.4864069396,-126.8685616915,-126.8685616915,0.3333333,20,12,0.48153258707580782,0.365665648611,-1.0274556055697786,-0.2325552942391459,-1.0274556055697786,0.11586693846480782,ELIGIBLE,R03b_20260811_FULL_v1,L1_ELIGIBILITY,v2026-08-11,2026-03-21..2026-08-06,baccarat_bet02_101_all_pairs_incl_sentinel,round_win = game_pnl > 0 (decisive only),COMPATIBILITY_ONLY_NOT_PRODUCTION,2237.4677,1971.5446,480.9751,85,61,-0.21496406,-0.21496406,,-0.21496406,-480.9751,2237.4677,OK,0.0000,19.2390,4.0000,96.0000,AG03-UNRESOLVED,ALL5_LEVELS_bet23_to_bet27,19.2390,19.2390,24.0488,24.0488,24.0488,4.000000,4.000000,5.000000,5.000000,5.000000,96.000000,96.000000,95.000000,95.000000,95.000000,5.0,110.6243,100.9294,370.3508,380.0458,PENDING_AG03,FALSE,NOT_FOR_ENFORCEMENT,461.7361,1892.6828,480.9751,461.7361,19.2390,0.21496406,0.20636549,19.2390,461.7361,0.20636549,19.2390,19.2390,24.0488,24.0488,24.0488,461.7361,0.20636549,110.6243,100.9294,370.3508,380.0458,0.16552232,0.16985531,0.00859856,26.3231,32.3204,7.8848,80.1625,34.3554,372.9113,10.1667,26.3231,,2.5818,25.8178,35.8222,53.1846,79.906,120.2205,23.236,-2.5818,3.095,4.656501,1.019575,7,12,7,8,1.00000000,0.21496406,0.21496406,0E-8,0.000000,0.881150,0.000000,,2026-07-14,2026-08-02,6,14,12,20,0.300000,,1.000000,3.333333,,,,,,,,GLOBAL_BASELINE_NO_ENTITY_RANKING,,,NOT_APPLICABLE_GLOBAL_BASELINE,HF9g-P5,,,,X 全窗基线 · 不参与实体赏罚,8390219,840,A168_HF9F_20260827_0900,2026-08-27 09:00:00
2026-07-18,153015102,752,0,20.1378669352,-20.1378669352,-20.1378669352,0E-7,1,1,0.49324550000000000,0.493245500000,-0.9865810262130424,-0.9865810262130424,-0.9865810262130424,0E-17,ELIGIBLE,R03b_20260811_FULL_v1,L1_ELIGIBILITY,v2026-08-11,2026-03-21..2026-08-06,baccarat_bet02_101_all_pairs_incl_sentinel,round_win = game_pnl > 0 (decisive only),COMPATIBILITY_ONLY_NOT_PRODUCTION,2237.4677,1971.5446,480.9751,85,61,-0.21496406,-0.21496406,,-0.21496406,-480.9751,2237.4677,OK,0.0000,19.2390,4.0000,96.0000,AG03-UNRESOLVED,ALL5_LEVELS_bet23_to_bet27,19.2390,19.2390,24.0488,24.0488,24.0488,4.000000,4.000000,5.000000,5.000000,5.000000,96.000000,96.000000,95.000000,95.000000,95.000000,5.0,110.6243,100.9294,370.3508,380.0458,PENDING_AG03,FALSE,NOT_FOR_ENFORCEMENT,461.7361,1892.6828,480.9751,461.7361,19.2390,0.21496406,0.20636549,19.2390,461.7361,0.20636549,19.2390,19.2390,24.0488,24.0488,24.0488,461.7361,0.20636549,110.6243,100.9294,370.3508,380.0458,0.16552232,0.16985531,0.00859856,26.3231,32.3204,7.8848,80.1625,34.3554,372.9113,10.1667,26.3231,,2.5818,25.8178,35.8222,53.1846,79.906,120.2205,23.236,-2.5818,3.095,4.656501,1.019575,7,12,7,8,1.00000000,0.21496406,0.21496406,0E-8,0.000000,0.881150,0.000000,,2026-07-14,2026-08-02,6,14,12,20,0.300000,,1.000000,3.333333,,,,,,,,GLOBAL_BASELINE_NO_ENTITY_RANKING,,,NOT_APPLICABLE_GLOBAL_BASELINE,HF9g-P5,,,,X 全窗基线 · 不参与实体赏罚,8390220,840,A168_HF9F_20260827_0900,2026-08-27 09:00:00
2026-07-19,153015102,1505,0,320.3986264941,-244.2361810342,-244.2361810342,0.1666667,11,6,0.48029358231521764,0.320300308333,-1.5376465582708327,-0.8065378168980535,-1.5376465582708327,0.15999327398221764,ELIGIBLE,R03b_20260811_FULL_v1,L1_ELIGIBILITY,v2026-08-11,2026-03-21..2026-08-06,baccarat_bet02_101_all_pairs_incl_sentinel,round_win = game_pnl > 0 (decisive only),COMPATIBILITY_ONLY_NOT_PRODUCTION,2237.4677,1971.5446,480.9751,85,61,-0.21496406,-0.21496406,,-0.21496406,-480.9751,2237.4677,OK,0.0000,19.2390,4.0000,96.0000,AG03-UNRESOLVED,ALL5_LEVELS_bet23_to_bet27,19.2390,19.2390,24.0488,24.0488,24.0488,4.000000,4.000000,5.000000,5.000000,5.000000,96.000000,96.000000,95.000000,95.000000,95.000000,5.0,110.6243,100.9294,370.3508,380.0458,PENDING_AG03,FALSE,NOT_FOR_ENFORCEMENT,461.7361,1892.6828,480.9751,461.7361,19.2390,0.21496406,0.20636549,19.2390,461.7361,0.20636549,19.2390,19.2390,24.0488,24.0488,24.0488,461.7361,0.20636549,110.6243,100.9294,370.3508,380.0458,0.16552232,0.16985531,0.00859856,26.3231,32.3204,7.8848,80.1625,34.3554,372.9113,10.1667,26.3231,,2.5818,25.8178,35.8222,53.1846,79.906,120.2205,23.236,-2.5818,3.095,4.656501,1.019575,7,12,7,8,1.00000000,0.21496406,0.21496406,0E-8,0.000000,0.881150,0.000000,,2026-07-14,2026-08-02,6,14,12,20,0.300000,,1.000000,3.333333,,,,,,,,GLOBAL_BASELINE_NO_ENTITY_RANKING,,,NOT_APPLICABLE_GLOBAL_BASELINE,HF9g-P5,,,,X 全窗基线 · 不参与实体赏罚,8390221,840,A168_HF9F_20260827_0900,2026-08-27 09:00:00
2026-08-02,153015102,2251,0,30.8221816968,20.5481211312,20.5481211312,1.0000000,4,2,0.42463583333333333,0.287416500000,1.6461828896872082,2.2267785570143643,1.6461828896872082,0.13721933333333333,ELIGIBLE,R03b_20260811_FULL_v1,L1_ELIGIBILITY,v2026-08-11,2026-03-21..2026-08-06,baccarat_bet02_101_all_pairs_incl_sentinel,round_win = game_pnl > 0 (decisive only),COMPATIBILITY_ONLY_NOT_PRODUCTION,2237.4677,1971.5446,480.9751,85,61,-0.21496406,-0.21496406,,-0.21496406,-480.9751,2237.4677,OK,0.0000,19.2390,4.0000,96.0000,AG03-UNRESOLVED,ALL5_LEVELS_bet23_to_bet27,19.2390,19.2390,24.0488,24.0488,24.0488,4.000000,4.000000,5.000000,5.000000,5.000000,96.000000,96.000000,95.000000,95.000000,95.000000,5.0,110.6243,100.9294,370.3508,380.0458,PENDING_AG03,FALSE,NOT_FOR_ENFORCEMENT,461.7361,1892.6828,480.9751,461.7361,19.2390,0.21496406,0.20636549,19.2390,461.7361,0.20636549,19.2390,19.2390,24.0488,24.0488,24.0488,461.7361,0.20636549,110.6243,100.9294,370.3508,380.0458,0.16552232,0.16985531,0.00859856,26.3231,32.3204,7.8848,80.1625,34.3554,372.9113,10.1667,26.3231,,2.5818,25.8178,35.8222,53.1846,79.906,120.2205,23.236,-2.5818,3.095,4.656501,1.019575,7,12,7,8,1.00000000,0.21496406,0.21496406,0E-8,0.000000,0.881150,0.000000,,2026-07-14,2026-08-02,6,14,12,20,0.300000,,1.000000,3.333333,,,,,,,,GLOBAL_BASELINE_NO_ENTITY_RANKING,,,NOT_APPLICABLE_GLOBAL_BASELINE,HF9g-P5,,,,X 全窗基线 · 不参与实体赏罚,8390222,840,A168_HF9F_20260827_0900,2026-08-27 09:00:00
2026-07-14,153012501,2171,0,784.3440993466,-371.0014716131,-371.0014716131,0.3333333,23,6,0.39840303052521692,0.190428398611,-0.3255669225396726,0.8915164494286684,-0.3255669225396726,0.20797463191421692,ELIGIBLE,R03b_20260811_FULL_v1,L1_ELIGIBILITY,v2026-08-11,2026-03-21..2026-08-06,baccarat_bet02_101_all_pairs_incl_sentinel,round_win = game_pnl > 0 (decisive only),COMPATIBILITY_ONLY_NOT_PRODUCTION,954.7414,954.7414,480.9852,30,9,-0.50378583,-0.50378583,,-0.50378583,-480.9852,954.7414,OK,0.0000,19.2394,4.0000,96.0000,AG03-UNRESOLVED,ALL5_LEVELS_bet23_to_bet27,19.2394,19.2394,19.2394,24.0493,24.0493,4.000000,4.000000,4.000000,5.000000,5.000000,96.000000,96.000000,96.000000,95.000000,95.000000,5.0,105.8167,96.9309,375.1685,384.0543,PENDING_AG03,FALSE,NOT_FOR_ENFORCEMENT,461.7458,916.5518,480.9852,461.7458,19.2394,0.50378583,0.48363440,19.2394,461.7458,0.48363440,19.2394,19.2394,19.2394,24.0493,24.0493,461.7458,0.48363440,105.8167,96.9309,375.1685,384.0543,0.39295295,0.40226001,0.02015143,31.8247,106.0824,53.4428,480.9852,480.9852,954.7414,9.0000,31.8247,,9.2944,12.9089,30.9813,89.5877,129.0889,129.0889,12.9089,-11.618,10.000001,10.000001,2.465333,1,2,1,6,1.00000000,0.50378583,0.50378583,0E-8,0.000000,1.000000,0.000000,,2026-07-14,2026-07-14,1,1,1,1,1.000000,,1.000000,3.333333,,,,,,,,GLOBAL_BASELINE_NO_ENTITY_RANKING,,,NOT_APPLICABLE_GLOBAL_BASELINE,HF9g-P5,,,,X 全窗基线 · 不参与实体赏罚,8390223,840,A168_HF9F_20260827_0900,2026-08-27 09:00:00
2026-07-14,153012501,2246,0,170.3973356052,-109.9837347997,-109.9837347997,0.3333333,7,3,0.43346324100877193,0.311692944445,-0.34997277350146316,0.08092283550446525,-0.34997277350146316,0.12177029656377193,ELIGIBLE,R03b_20260811_FULL_v1,L1_ELIGIBILITY,v2026-08-11,2026-03-21..2026-08-06,baccarat_bet02_101_all_pairs_incl_sentinel,round_win = game_pnl > 0 (decisive only),COMPATIBILITY_ONLY_NOT_PRODUCTION,954.7414,954.7414,480.9852,30,9,-0.50378583,-0.50378583,,-0.50378583,-480.9852,954.7414,OK,0.0000,19.2394,4.0000,96.0000,AG03-UNRESOLVED,ALL5_LEVELS_bet23_to_bet27,19.2394,19.2394,19.2394,24.0493,24.0493,4.000000,4.000000,4.000000,5.000000,5.000000,96.000000,96.000000,96.000000,95.000000,95.000000,5.0,105.8167,96.9309,375.1685,384.0543,PENDING_AG03,FALSE,NOT_FOR_ENFORCEMENT,461.7458,916.5518,480.9852,461.7458,19.2394,0.50378583,0.48363440,19.2394,461.7458,0.48363440,19.2394,19.2394,19.2394,24.0493,24.0493,461.7458,0.48363440,105.8167,96.9309,375.1685,384.0543,0.39295295,0.40226001,0.02015143,31.8247,106.0824,53.4428,480.9852,480.9852,954.7414,9.0000,31.8247,,9.2944,12.9089,30.9813,89.5877,129.0889,129.0889,12.9089,-11.618,10.000001,10.000001,2.465333,1,2,1,6,1.00000000,0.50378583,0.50378583,0E-8,0.000000,1.000000,0.000000,,2026-07-14,2026-07-14,1,1,1,1,1.000000,,1.000000,3.333333,,,,,,,,GLOBAL_BASELINE_NO_ENTITY_RANKING,,,NOT_APPLICABLE_GLOBAL_BASELINE,HF9g-P5,,,,X 全窗基线 · 不参与实体赏罚,8390224,840,A168_HF9F_20260827_0900,2026-08-27 09:00:00
2026-05-24,150509832,-1,1,2067.0000000000,107.5000000000,107.5000000000,0.5116279,86,47,0.44892437981489067,0.373394830638,0.8266734776221732,1.8739804839203964,0.8266734776221732,0.07552954917689067,SENTINEL_DEALER,R03b_20260811_FULL_v1,L1_ELIGIBILITY,v2026-08-11,2026-03-21..2026-08-06,baccarat_bet02_101_all_pairs_incl_sentinel,round_win = game_pnl > 0 (decisive only),COMPATIBILITY_ONLY_NOT_PRODUCTION,7407.0000,6741.0000,481.0000,280,134,-0.06493857,,-0.06493857,-0.06493857,-481.0000,7407.0000,OK,0.0000,19.2400,4.0000,96.0000,AG03-UNRESOLVED,ALL5_LEVELS_bet23_to_bet27,19.2400,24.0500,24.0500,24.0500,24.0500,4.000000,5.000000,5.000000,5.000000,5.000000,96.000000,95.000000,95.000000,95.000000,95.000000,5.0,115.4400,104.8936,365.5600,376.1064,PENDING_AG03,FALSE,NOT_FOR_ENFORCEMENT,461.7600,6471.3600,481.0000,461.7600,19.2400,0.06493857,0.06234103,19.2400,461.7600,0.06234103,19.2400,24.0500,24.0500,24.0500,24.0500,461.7600,0.06234103,115.4400,104.8936,365.5600,376.1064,0.04935331,0.05077716,0.00259754,26.4536,50.3060,3.5896,96.2000,17.8148,1481.4000,26.8000,,26.4536,10.0,15.0,40.0,60.0,80.0,139.1,10.0,-5.0,5.333333,9.273336,1.763571,18,18,8,10,0E-8,0.06493857,,0E-8,0.000000,0.910085,0.146429,,2026-05-24,2026-06-18,5,27,24,26,0.192308,,,0.000000,,,,,,,,GLOBAL_BASELINE_NO_ENTITY_RANKING,,,NOT_APPLICABLE_GLOBAL_BASELINE,HF9g-P5,,,,X 全窗基线 · 不参与实体赏罚,8390225,840,A168_HF9F_20260827_0900,2026-08-27 09:00:00
2026-05-24,150509832,1645,0,105.0000000000,15.0000000000,15.0000000000,0.7500000,7,4,0.40308452000000000,0.334283500000,1.4144877613378848,1.7624837720695583,1.4144877613378848,0.06880102000000000,ELIGIBLE,R03b_20260811_FULL_v1,L1_ELIGIBILITY,v2026-08-11,2026-03-21..2026-08-06,baccarat_bet02_101_all_pairs_incl_sentinel,round_win = game_pnl > 0 (decisive only),COMPATIBILITY_ONLY_NOT_PRODUCTION,7407.0000,6741.0000,481.0000,280,134,-0.06493857,,-0.06493857,-0.06493857,-481.0000,7407.0000,OK,0.0000,19.2400,4.0000,96.0000,AG03-UNRESOLVED,ALL5_LEVELS_bet23_to_bet27,19.2400,24.0500,24.0500,24.0500,24.0500,4.000000,5.000000,5.000000,5.000000,5.000000,96.000000,95.000000,95.000000,95.000000,95.000000,5.0,115.4400,104.8936,365.5600,376.1064,PENDING_AG03,FALSE,NOT_FOR_ENFORCEMENT,461.7600,6471.3600,481.0000,461.7600,19.2400,0.06493857,0.06234103,19.2400,461.7600,0.06234103,19.2400,24.0500,24.0500,24.0500,24.0500,461.7600,0.06234103,115.4400,104.8936,365.5600,376.1064,0.04935331,0.05077716,0.00259754,26.4536,50.3060,3.5896,96.2000,17.8148,1481.4000,26.8000,,26.4536,10.0,15.0,40.0,60.0,80.0,139.1,10.0,-5.0,5.333333,9.273336,1.763571,18,18,8,10,0E-8,0.06493857,,0E-8,0.000000,0.910085,0.146429,,2026-05-24,2026-06-18,5,27,24,26,0.192308,,,0.000000,,,,,,,,GLOBAL_BASELINE_NO_ENTITY_RANKING,,,NOT_APPLICABLE_GLOBAL_BASELINE,HF9g-P5,,,,X 全窗基线 · 不参与实体赏罚,8390226,840,A168_HF9F_20260827_0900,2026-08-27 09:00:00
2026-05-24,150509832,2103,0,190.0000000000,-50.0000000000,-50.0000000000,0.4444444,15,10,0.44044290875000000,0.395595605000,0.024181371931125777,0.2996994659310306,0.024181371931125777,0.04484730375000000,ELIGIBLE,R03b_20260811_FULL_v1,L1_ELIGIBILITY,v2026-08-11,2026-03-21..2026-08-06,baccarat_bet02_101_all_pairs_incl_sentinel,round_win = game_pnl > 0 (decisive only),COMPATIBILITY_ONLY_NOT_PRODUCTION,7407.0000,6741.0000,481.0000,280,134,-0.06493857,,-0.06493857,-0.06493857,-481.0000,7407.0000,OK,0.0000,19.2400,4.0000,96.0000,AG03-UNRESOLVED,ALL5_LEVELS_bet23_to_bet27,19.2400,24.0500,24.0500,24.0500,24.0500,4.000000,5.000000,5.000000,5.000000,5.000000,96.000000,95.000000,95.000000,95.000000,95.000000,5.0,115.4400,104.8936,365.5600,376.1064,PENDING_AG03,FALSE,NOT_FOR_ENFORCEMENT,461.7600,6471.3600,481.0000,461.7600,19.2400,0.06493857,0.06234103,19.2400,461.7600,0.06234103,19.2400,24.0500,24.0500,24.0500,24.0500,461.7600,0.06234103,115.4400,104.8936,365.5600,376.1064,0.04935331,0.05077716,0.00259754,26.4536,50.3060,3.5896,96.2000,17.8148,1481.4000,26.8000,,26.4536,10.0,15.0,40.0,60.0,80.0,139.1,10.0,-5.0,5.333333,9.273336,1.763571,18,18,8,10,0E-8,0.06493857,,0E-8,0.000000,0.910085,0.146429,,2026-05-24,2026-06-18,5,27,24,26,0.192308,,,0.000000,,,,,,,,GLOBAL_BASELINE_NO_ENTITY_RANKING,,,NOT_APPLICABLE_GLOBAL_BASELINE,HF9g-P5,,,,X 全窗基线 · 不参与实体赏罚,8390227,840,A168_HF9F_20260827_0900,2026-08-27 09:00:00
2026-05-24,150509832,2193,0,30.0000000000,-30.0000000000,-30.0000000000,0E-7,1,1,0.49324550000000000,0.493245500000,-0.9865810262130424,-0.9865810262130424,-0.9865810262130424,0E-17,ELIGIBLE,R03b_20260811_FULL_v1,L1_ELIGIBILITY,v2026-08-11,2026-03-21..2026-08-06,baccarat_bet02_101_all_pairs_incl_sentinel,round_win = game_pnl > 0 (decisive only),COMPATIBILITY_ONLY_NOT_PRODUCTION,7407.0000,6741.0000,481.0000,280,134,-0.06493857,,-0.06493857,-0.06493857,-481.0000,7407.0000,OK,0.0000,19.2400,4.0000,96.0000,AG03-UNRESOLVED,ALL5_LEVELS_bet23_to_bet27,19.2400,24.0500,24.0500,24.0500,24.0500,4.000000,5.000000,5.000000,5.000000,5.000000,96.000000,95.000000,95.000000,95.000000,95.000000,5.0,115.4400,104.8936,365.5600,376.1064,PENDING_AG03,FALSE,NOT_FOR_ENFORCEMENT,461.7600,6471.3600,481.0000,461.7600,19.2400,0.06493857,0.06234103,19.2400,461.7600,0.06234103,19.2400,24.0500,24.0500,24.0500,24.0500,461.7600,0.06234103,115.4400,104.8936,365.5600,376.1064,0.04935331,0.05077716,0.00259754,26.4536,50.3060,3.5896,96.2000,17.8148,1481.4000,26.8000,,26.4536,10.0,15.0,40.0,60.0,80.0,139.1,10.0,-5.0,5.333333,9.273336,1.763571,18,18,8,10,0E-8,0.06493857,,0E-8,0.000000,0.910085,0.146429,,2026-05-24,2026-06-18,5,27,24,26,0.192308,,,0.000000,,,,,,,,GLOBAL_BASELINE_NO_ENTITY_RANKING,,,NOT_APPLICABLE_GLOBAL_BASELINE,HF9g-P5,,,,X 全窗基线 · 不参与实体赏罚,8390228,840,A168_HF9F_20260827_0900,2026-08-27 09:00:00
2026-06-05,150509832,462,0,95.0000000000,-25.0000000000,-25.0000000000,0.3333333,4,4,0.49324550000000000,0.493245500000,-0.5540025479526107,-0.5540025479526106,-0.5540025479526107,0E-17,ELIGIBLE,R03b_20260811_FULL_v1,L1_ELIGIBILITY,v2026-08-11,2026-03-21..2026-08-06,baccarat_bet02_101_all_pairs_incl_sentinel,round_win = game_pnl > 0 (decisive only),COMPATIBILITY_ONLY_NOT_PRODUCTION,7407.0000,6741.0000,481.0000,280,134,-0.06493857,,-0.06493857,-0.06493857,-481.0000,7407.0000,OK,0.0000,19.2400,4.0000,96.0000,AG03-UNRESOLVED,ALL5_LEVELS_bet23_to_bet27,19.2400,24.0500,24.0500,24.0500,24.0500,4.000000,5.000000,5.000000,5.000000,5.000000,96.000000,95.000000,95.000000,95.000000,95.000000,5.0,115.4400,104.8936,365.5600,376.1064,PENDING_AG03,FALSE,NOT_FOR_ENFORCEMENT,461.7600,6471.3600,481.0000,461.7600,19.2400,0.06493857,0.06234103,19.2400,461.7600,0.06234103,19.2400,24.0500,24.0500,24.0500,24.0500,461.7600,0.06234103,115.4400,104.8936,365.5600,376.1064,0.04935331,0.05077716,0.00259754,26.4536,50.3060,3.5896,96.2000,17.8148,1481.4000,26.8000,,26.4536,10.0,15.0,40.0,60.0,80.0,139.1,10.0,-5.0,5.333333,9.273336,1.763571,18,18,8,10,0E-8,0.06493857,,0E-8,0.000000,0.910085,0.146429,,2026-05-24,2026-06-18,5,27,24,26,0.192308,,,0.000000,,,,,,,,GLOBAL_BASELINE_NO_ENTITY_RANKING,,,NOT_APPLICABLE_GLOBAL_BASELINE,HF9g-P5,,,,X 全窗基线 · 不参与实体赏罚,8390229,840,A168_HF9F_20260827_0900,2026-08-27 09:00:00
2026-06-05,150509832,801,0,50.0000000000,93.0000000000,93.0000000000,1.0000000,3,1,0.41256019000000000,0.193015666667,1.1932680931581794,2.0447314228138076,1.1932680931581794,0.21954452333300000,ELIGIBLE,R03b_20260811_FULL_v1,L1_ELIGIBILITY,v2026-08-11,2026-03-21..2026-08-06,baccarat_bet02_101_all_pairs_incl_sentinel,round_win = game_pnl > 0 (decisive only),COMPATIBILITY_ONLY_NOT_PRODUCTION,7407.0000,6741.0000,481.0000,280,134,-0.06493857,,-0.06493857,-0.06493857,-481.0000,7407.0000,OK,0.0000,19.2400,4.0000,96.0000,AG03-UNRESOLVED,ALL5_LEVELS_bet23_to_bet27,19.2400,24.0500,24.0500,24.0500,24.0500,4.000000,5.000000,5.000000,5.000000,5.000000,96.000000,95.000000,95.000000,95.000000,95.000000,5.0,115.4400,104.8936,365.5600,376.1064,PENDING_AG03,FALSE,NOT_FOR_ENFORCEMENT,461.7600,6471.3600,481.0000,461.7600,19.2400,0.06493857,0.06234103,19.2400,461.7600,0.06234103,19.2400,24.0500,24.0500,24.0500,24.0500,461.7600,0.06234103,115.4400,104.8936,365.5600,376.1064,0.04935331,0.05077716,0.00259754,26.4536,50.3060,3.5896,96.2000,17.8148,1481.4000,26.8000,,26.4536,10.0,15.0,40.0,60.0,80.0,139.1,10.0,-5.0,5.333333,9.273336,1.763571,18,18,8,10,0E-8,0.06493857,,0E-8,0.000000,0.910085,0.146429,,2026-05-24,2026-06-18,5,27,24,26,0.192308,,,0.000000,,,,,,,,GLOBAL_BASELINE_NO_ENTITY_RANKING,,,NOT_APPLICABLE_GLOBAL_BASELINE,HF9g-P5,,,,X 全窗基线 · 不参与实体赏罚,8390230,840,A168_HF9F_20260827_0900,2026-08-27 09:00:00
2026-06-06,150509832,-1,1,1649.0000000000,-203.0000000000,-203.0000000000,0.5333333,58,15,0.40005053142741701,0.237193441556,1.0536708884287118,2.696397994312105,1.0536708884287118,0.16285708987141701,SENTINEL_DEALER,R03b_20260811_FULL_v1,L1_ELIGIBILITY,v2026-08-11,2026-03-21..2026-08-06,baccarat_bet02_101_all_pairs_incl_sentinel,round_win = game_pnl > 0 (decisive only),COMPATIBILITY_ONLY_NOT_PRODUCTION,7407.0000,6741.0000,481.0000,280,134,-0.06493857,,-0.06493857,-0.06493857,-481.0000,7407.0000,OK,0.0000,19.2400,4.0000,96.0000,AG03-UNRESOLVED,ALL5_LEVELS_bet23_to_bet27,19.2400,24.0500,24.0500,24.0500,24.0500,4.000000,5.000000,5.000000,5.000000,5.000000,96.000000,95.000000,95.000000,95.000000,95.000000,5.0,115.4400,104.8936,365.5600,376.1064,PENDING_AG03,FALSE,NOT_FOR_ENFORCEMENT,461.7600,6471.3600,481.0000,461.7600,19.2400,0.06493857,0.06234103,19.2400,461.7600,0.06234103,19.2400,24.0500,24.0500,24.0500,24.0500,461.7600,0.06234103,115.4400,104.8936,365.5600,376.1064,0.04935331,0.05077716,0.00259754,26.4536,50.3060,3.5896,96.2000,17.8148,1481.4000,26.8000,,26.4536,10.0,15.0,40.0,60.0,80.0,139.1,10.0,-5.0,5.333333,9.273336,1.763571,18,18,8,10,0E-8,0.06493857,,0E-8,0.000000,0.910085,0.146429,,2026-05-24,2026-06-18,5,27,24,26,0.192308,,,0.000000,,,,,,,,GLOBAL_BASELINE_NO_ENTITY_RANKING,,,NOT_APPLICABLE_GLOBAL_BASELINE,HF9g-P5,,,,X 全窗基线 · 不参与实体赏罚,8390231,840,A168_HF9F_20260827_0900,2026-08-27 09:00:00
2026-06-06,150509832,1306,0,490.0000000000,-190.0000000000,-190.0000000000,0.2857143,17,7,0.42616622224180581,0.333410597619,-0.7514397846316614,-0.26767937914287265,-0.7514397846316614,0.09275562462280581,ELIGIBLE,R03b_20260811_FULL_v1,L1_ELIGIBILITY,v2026-08-11,2026-03-21..2026-08-06,baccarat_bet02_101_all_pairs_incl_sentinel,round_win = game_pnl > 0 (decisive only),COMPATIBILITY_ONLY_NOT_PRODUCTION,7407.0000,6741.0000,481.0000,280,134,-0.06493857,,-0.06493857,-0.06493857,-481.0000,7407.0000,OK,0.0000,19.2400,4.0000,96.0000,AG03-UNRESOLVED,ALL5_LEVELS_bet23_to_bet27,19.2400,24.0500,24.0500,24.0500,24.0500,4.000000,5.000000,5.000000,5.000000,5.000000,96.000000,95.000000,95.000000,95.000000,95.000000,5.0,115.4400,104.8936,365.5600,376.1064,PENDING_AG03,FALSE,NOT_FOR_ENFORCEMENT,461.7600,6471.3600,481.0000,461.7600,19.2400,0.06493857,0.06234103,19.2400,461.7600,0.06234103,19.2400,24.0500,24.0500,24.0500,24.0500,461.7600,0.06234103,115.4400,104.8936,365.5600,376.1064,0.04935331,0.05077716,0.00259754,26.4536,50.3060,3.5896,96.2000,17.8148,1481.4000,26.8000,,26.4536,10.0,15.0,40.0,60.0,80.0,139.1,10.0,-5.0,5.333333,9.273336,1.763571,18,18,8,10,0E-8,0.06493857,,0E-8,0.000000,0.910085,0.146429,,2026-05-24,2026-06-18,5,27,24,26,0.192308,,,0.000000,,,,,,,,GLOBAL_BASELINE_NO_ENTITY_RANKING,,,NOT_APPLICABLE_GLOBAL_BASELINE,HF9g-P5,,,,X 全窗基线 · 不参与实体赏罚,8390232,840,A168_HF9F_20260827_0900,2026-08-27 09:00:00
2026-06-06,150509832,2115,0,277.0000000000,-119.0000000000,-119.0000000000,0.2000000,6,5,0.47515800941176471,0.458743310000,-1.2320656425811907,-1.1610946425834976,-1.2320656425811907,0.01641469941176471,ELIGIBLE,R03b_20260811_FULL_v1,L1_ELIGIBILITY,v2026-08-11,2026-03-21..2026-08-06,baccarat_bet02_101_all_pairs_incl_sentinel,round_win = game_pnl > 0 (decisive only),COMPATIBILITY_ONLY_NOT_PRODUCTION,7407.0000,6741.0000,481.0000,280,134,-0.06493857,,-0.06493857,-0.06493857,-481.0000,7407.0000,OK,0.0000,19.2400,4.0000,96.0000,AG03-UNRESOLVED,ALL5_LEVELS_bet23_to_bet27,19.2400,24.0500,24.0500,24.0500,24.0500,4.000000,5.000000,5.000000,5.000000,5.000000,96.000000,95.000000,95.000000,95.000000,95.000000,5.0,115.4400,104.8936,365.5600,376.1064,PENDING_AG03,FALSE,NOT_FOR_ENFORCEMENT,461.7600,6471.3600,481.0000,461.7600,19.2400,0.06493857,0.06234103,19.2400,461.7600,0.06234103,19.2400,24.0500,24.0500,24.0500,24.0500,461.7600,0.06234103,115.4400,104.8936,365.5600,376.1064,0.04935331,0.05077716,0.00259754,26.4536,50.3060,3.5896,96.2000,17.8148,1481.4000,26.8000,,26.4536,10.0,15.0,40.0,60.0,80.0,139.1,10.0,-5.0,5.333333,9.273336,1.763571,18,18,8,10,0E-8,0.06493857,,0E-8,0.000000,0.910085,0.146429,,2026-05-24,2026-06-18,5,27,24,26,0.192308,,,0.000000,,,,,,,,GLOBAL_BASELINE_NO_ENTITY_RANKING,,,NOT_APPLICABLE_GLOBAL_BASELINE,HF9g-P5,,,,X 全窗基线 · 不参与实体赏罚,8390233,840,A168_HF9F_20260827_0900,2026-08-27 09:00:00
2026-06-06,150509832,970,0,200.0000000000,140.0000000000,140.0000000000,1.0000000,11,2,0.36870578229166667,0.144562862500,1.8505078395010235,3.4401761332769882,1.8505078395010235,0.22414291979166667,ELIGIBLE,R03b_20260811_FULL_v1,L1_ELIGIBILITY,v2026-08-11,2026-03-21..2026-08-06,baccarat_bet02_101_all_pairs_incl_sentinel,round_win = game_pnl > 0 (decisive only),COMPATIBILITY_ONLY_NOT_PRODUCTION,7407.0000,6741.0000,481.0000,280,134,-0.06493857,,-0.06493857,-0.06493857,-481.0000,7407.0000,OK,0.0000,19.2400,4.0000,96.0000,AG03-UNRESOLVED,ALL5_LEVELS_bet23_to_bet27,19.2400,24.0500,24.0500,24.0500,24.0500,4.000000,5.000000,5.000000,5.000000,5.000000,96.000000,95.000000,95.000000,95.000000,95.000000,5.0,115.4400,104.8936,365.5600,376.1064,PENDING_AG03,FALSE,NOT_FOR_ENFORCEMENT,461.7600,6471.3600,481.0000,461.7600,19.2400,0.06493857,0.06234103,19.2400,461.7600,0.06234103,19.2400,24.0500,24.0500,24.0500,24.0500,461.7600,0.06234103,115.4400,104.8936,365.5600,376.1064,0.04935331,0.05077716,0.00259754,26.4536,50.3060,3.5896,96.2000,17.8148,1481.4000,26.8000,,26.4536,10.0,15.0,40.0,60.0,80.0,139.1,10.0,-5.0,5.333333,9.273336,1.763571,18,18,8,10,0E-8,0.06493857,,0E-8,0.000000,0.910085,0.146429,,2026-05-24,2026-06-18,5,27,24,26,0.192308,,,0.000000,,,,,,,,GLOBAL_BASELINE_NO_ENTITY_RANKING,,,NOT_APPLICABLE_GLOBAL_BASELINE,HF9g-P5,,,,X 全窗基线 · 不参与实体赏罚,8390234,840,A168_HF9F_20260827_0900,2026-08-27 09:00:00
2026-06-07,150509832,-1,1,977.0000000000,-249.5000000000,-249.5000000000,0.4166667,29,12,0.43417921274071654,0.334687357917,-0.12239564101775341,0.6018140644712542,-0.12239564101775341,0.09949185482371654,SENTINEL_DEALER,R03b_20260811_FULL_v1,L1_ELIGIBILITY,v2026-08-11,2026-03-21..2026-08-06,baccarat_bet02_101_all_pairs_incl_sentinel,round_win = game_pnl > 0 (decisive only),COMPATIBILITY_ONLY_NOT_PRODUCTION,7407.0000,6741.0000,481.0000,280,134,-0.06493857,,-0.06493857,-0.06493857,-481.0000,7407.0000,OK,0.0000,19.2400,4.0000,96.0000,AG03-UNRESOLVED,ALL5_LEVELS_bet23_to_bet27,19.2400,24.0500,24.0500,24.0500,24.0500,4.000000,5.000000,5.000000,5.000000,5.000000,96.000000,95.000000,95.000000,95.000000,95.000000,5.0,115.4400,104.8936,365.5600,376.1064,PENDING_AG03,FALSE,NOT_FOR_ENFORCEMENT,461.7600,6471.3600,481.0000,461.7600,19.2400,0.06493857,0.06234103,19.2400,461.7600,0.06234103,19.2400,24.0500,24.0500,24.0500,24.0500,461.7600,0.06234103,115.4400,104.8936,365.5600,376.1064,0.04935331,0.05077716,0.00259754,26.4536,50.3060,3.5896,96.2000,17.8148,1481.4000,26.8000,,26.4536,10.0,15.0,40.0,60.0,80.0,139.1,10.0,-5.0,5.333333,9.273336,1.763571,18,18,8,10,0E-8,0.06493857,,0E-8,0.000000,0.910085,0.146429,,2026-05-24,2026-06-18,5,27,24,26,0.192308,,,0.000000,,,,,,,,GLOBAL_BASELINE_NO_ENTITY_RANKING,,,NOT_APPLICABLE_GLOBAL_BASELINE,HF9g-P5,,,,X 全窗基线 · 不参与实体赏罚,8390235,840,A168_HF9F_20260827_0900,2026-08-27 09:00:00
2026-06-07,150509832,1094,0,20.0000000000,19.0000000000,19.0000000000,1.0000000,1,1,0.50665070000000000,0.506650700000,0.9867858985152569,0.9867858985152569,0.9867858985152569,0E-17,ELIGIBLE,R03b_20260811_FULL_v1,L1_ELIGIBILITY,v2026-08-11,2026-03-21..2026-08-06,baccarat_bet02_101_all_pairs_incl_sentinel,round_win = game_pnl > 0 (decisive only),COMPATIBILITY_ONLY_NOT_PRODUCTION,7407.0000,6741.0000,481.0000,280,134,-0.06493857,,-0.06493857,-0.06493857,-481.0000,7407.0000,OK,0.0000,19.2400,4.0000,96.0000,AG03-UNRESOLVED,ALL5_LEVELS_bet23_to_bet27,19.2400,24.0500,24.0500,24.0500,24.0500,4.000000,5.000000,5.000000,5.000000,5.000000,96.000000,95.000000,95.000000,95.000000,95.000000,5.0,115.4400,104.8936,365.5600,376.1064,PENDING_AG03,FALSE,NOT_FOR_ENFORCEMENT,461.7600,6471.3600,481.0000,461.7600,19.2400,0.06493857,0.06234103,19.2400,461.7600,0.06234103,19.2400,24.0500,24.0500,24.0500,24.0500,461.7600,0.06234103,115.4400,104.8936,365.5600,376.1064,0.04935331,0.05077716,0.00259754,26.4536,50.3060,3.5896,96.2000,17.8148,1481.4000,26.8000,,26.4536,10.0,15.0,40.0,60.0,80.0,139.1,10.0,-5.0,5.333333,9.273336,1.763571,18,18,8,10,0E-8,0.06493857,,0E-8,0.000000,0.910085,0.146429,,2026-05-24,2026-06-18,5,27,24,26,0.192308,,,0.000000,,,,,,,,GLOBAL_BASELINE_NO_ENTITY_RANKING,,,NOT_APPLICABLE_GLOBAL_BASELINE,HF9g-P5,,,,X 全窗基线 · 不参与实体赏罚,8390236,840,A168_HF9F_20260827_0900,2026-08-27 09:00:00
2026-06-07,150509832,1383,0,20.0000000000,19.0000000000,19.0000000000,1.0000000,1,1,0.50665070000000000,0.506650700000,0.9867858985152569,0.9867858985152569,0.9867858985152569,0E-17,ELIGIBLE,R03b_20260811_FULL_v1,L1_ELIGIBILITY,v2026-08-11,2026-03-21..2026-08-06,baccarat_bet02_101_all_pairs_incl_sentinel,round_win = game_pnl > 0 (decisive only),COMPATIBILITY_ONLY_NOT_PRODUCTION,7407.0000,6741.0000,481.0000,280,134,-0.06493857,,-0.06493857,-0.06493857,-481.0000,7407.0000,OK,0.0000,19.2400,4.0000,96.0000,AG03-UNRESOLVED,ALL5_LEVELS_bet23_to_bet27,19.2400,24.0500,24.0500,24.0500,24.0500,4.000000,5.000000,5.000000,5.000000,5.000000,96.000000,95.000000,95.000000,95.000000,95.000000,5.0,115.4400,104.8936,365.5600,376.1064,PENDING_AG03,FALSE,NOT_FOR_ENFORCEMENT,461.7600,6471.3600,481.0000,461.7600,19.2400,0.06493857,0.06234103,19.2400,461.7600,0.06234103,19.2400,24.0500,24.0500,24.0500,24.0500,461.7600,0.06234103,115.4400,104.8936,365.5600,376.1064,0.04935331,0.05077716,0.00259754,26.4536,50.3060,3.5896,96.2000,17.8148,1481.4000,26.8000,,26.4536,10.0,15.0,40.0,60.0,80.0,139.1,10.0,-5.0,5.333333,9.273336,1.763571,18,18,8,10,0E-8,0.06493857,,0E-8,0.000000,0.910085,0.146429,,2026-05-24,2026-06-18,5,27,24,26,0.192308,,,0.000000,,,,,,,,GLOBAL_BASELINE_NO_ENTITY_RANKING,,,NOT_APPLICABLE_GLOBAL_BASELINE,HF9g-P5,,,,X 全窗基线 · 不参与实体赏罚,8390237,840,A168_HF9F_20260827_0900,2026-08-27 09:00:00
2026-06-07,150509832,1704,0,70.0000000000,47.0000000000,47.0000000000,1.0000000,2,1,0.44778671428571429,0.300626750000,1.110498109508849,1.5252488199758223,1.110498109508849,0.14715996428571429,ELIGIBLE,R03b_20260811_FULL_v1,L1_ELIGIBILITY,v2026-08-11,2026-03-21..2026-08-06,baccarat_bet02_101_all_pairs_incl_sentinel,round_win = game_pnl > 0 (decisive only),COMPATIBILITY_ONLY_NOT_PRODUCTION,7407.0000,6741.0000,481.0000,280,134,-0.06493857,,-0.06493857,-0.06493857,-481.0000,7407.0000,OK,0.0000,19.2400,4.0000,96.0000,AG03-UNRESOLVED,ALL5_LEVELS_bet23_to_bet27,19.2400,24.0500,24.0500,24.0500,24.0500,4.000000,5.000000,5.000000,5.000000,5.000000,96.000000,95.000000,95.000000,95.000000,95.000000,5.0,115.4400,104.8936,365.5600,376.1064,PENDING_AG03,FALSE,NOT_FOR_ENFORCEMENT,461.7600,6471.3600,481.0000,461.7600,19.2400,0.06493857,0.06234103,19.2400,461.7600,0.06234103,19.2400,24.0500,24.0500,24.0500,24.0500,461.7600,0.06234103,115.4400,104.8936,365.5600,376.1064,0.04935331,0.05077716,0.00259754,26.4536,50.3060,3.5896,96.2000,17.8148,1481.4000,26.8000,,26.4536,10.0,15.0,40.0,60.0,80.0,139.1,10.0,-5.0,5.333333,9.273336,1.763571,18,18,8,10,0E-8,0.06493857,,0E-8,0.000000,0.910085,0.146429,,2026-05-24,2026-06-18,5,27,24,26,0.192308,,,0.000000,,,,,,,,GLOBAL_BASELINE_NO_ENTITY_RANKING,,,NOT_APPLICABLE_GLOBAL_BASELINE,HF9g-P5,,,,X 全窗基线 · 不参与实体赏罚,8390238,840,A168_HF9F_20260827_0900,2026-08-27 09:00:00
2026-06-07,150509832,1710,0,225.0000000000,85.0000000000,85.0000000000,0.6000000,7,5,0.47774272833333333,0.413516960000,0.5472936526492816,0.8467397546041793,0.5472936526492816,0.06422576833333333,ELIGIBLE,R03b_20260811_FULL_v1,L1_ELIGIBILITY,v2026-08-11,2026-03-21..2026-08-06,baccarat_bet02_101_all_pairs_incl_sentinel,round_win = game_pnl > 0 (decisive only),COMPATIBILITY_ONLY_NOT_PRODUCTION,7407.0000,6741.0000,481.0000,280,134,-0.06493857,,-0.06493857,-0.06493857,-481.0000,7407.0000,OK,0.0000,19.2400,4.0000,96.0000,AG03-UNRESOLVED,ALL5_LEVELS_bet23_to_bet27,19.2400,24.0500,24.0500,24.0500,24.0500,4.000000,5.000000,5.000000,5.000000,5.000000,96.000000,95.000000,95.000000,95.000000,95.000000,5.0,115.4400,104.8936,365.5600,376.1064,PENDING_AG03,FALSE,NOT_FOR_ENFORCEMENT,461.7600,6471.3600,481.0000,461.7600,19.2400,0.06493857,0.06234103,19.2400,461.7600,0.06234103,19.2400,24.0500,24.0500,24.0500,24.0500,461.7600,0.06234103,115.4400,104.8936,365.5600,376.1064,0.04935331,0.05077716,0.00259754,26.4536,50.3060,3.5896,96.2000,17.8148,1481.4000,26.8000,,26.4536,10.0,15.0,40.0,60.0,80.0,139.1,10.0,-5.0,5.333333,9.273336,1.763571,18,18,8,10,0E-8,0.06493857,,0E-8,0.000000,0.910085,0.146429,,2026-05-24,2026-06-18,5,27,24,26,0.192308,,,0.000000,,,,,,,,GLOBAL_BASELINE_NO_ENTITY_RANKING,,,NOT_APPLICABLE_GLOBAL_BASELINE,HF9g-P5,,,,X 全窗基线 · 不参与实体赏罚,8390239,840,A168_HF9F_20260827_0900,2026-08-27 09:00:00
2026-06-07,150509832,1963,0,465.0000000000,25.0000000000,25.0000000000,0.6666667,17,6,0.42416686122082166,0.265769081944,1.201905505868647,2.2230053230844833,1.201905505868647,0.15839777927682166,ELIGIBLE,R03b_20260811_FULL_v1,L1_ELIGIBILITY,v2026-08-11,2026-03-21..2026-08-06,baccarat_bet02_101_all_pairs_incl_sentinel,round_win = game_pnl > 0 (decisive only),COMPATIBILITY_ONLY_NOT_PRODUCTION,7407.0000,6741.0000,481.0000,280,134,-0.06493857,,-0.06493857,-0.06493857,-481.0000,7407.0000,OK,0.0000,19.2400,4.0000,96.0000,AG03-UNRESOLVED,ALL5_LEVELS_bet23_to_bet27,19.2400,24.0500,24.0500,24.0500,24.0500,4.000000,5.000000,5.000000,5.000000,5.000000,96.000000,95.000000,95.000000,95.000000,95.000000,5.0,115.4400,104.8936,365.5600,376.1064,PENDING_AG03,FALSE,NOT_FOR_ENFORCEMENT,461.7600,6471.3600,481.0000,461.7600,19.2400,0.06493857,0.06234103,19.2400,461.7600,0.06234103,19.2400,24.0500,24.0500,24.0500,24.0500,461.7600,0.06234103,115.4400,104.8936,365.5600,376.1064,0.04935331,0.05077716,0.00259754,26.4536,50.3060,3.5896,96.2000,17.8148,1481.4000,26.8000,,26.4536,10.0,15.0,40.0,60.0,80.0,139.1,10.0,-5.0,5.333333,9.273336,1.763571,18,18,8,10,0E-8,0.06493857,,0E-8,0.000000,0.910085,0.146429,,2026-05-24,2026-06-18,5,27,24,26,0.192308,,,0.000000,,,,,,,,GLOBAL_BASELINE_NO_ENTITY_RANKING,,,NOT_APPLICABLE_GLOBAL_BASELINE,HF9g-P5,,,,X 全窗基线 · 不参与实体赏罚,8390240,840,A168_HF9F_20260827_0900,2026-08-27 09:00:00
2026-06-07,150509832,1985,0,100.0000000000,-22.0000000000,-22.0000000000,0.3333333,3,3,0.50665070000000000,0.506650700000,-0.6004420894325239,-0.6004420894325239,-0.6004420894325239,0E-17,ELIGIBLE,R03b_20260811_FULL_v1,L1_ELIGIBILITY,v2026-08-11,2026-03-21..2026-08-06,baccarat_bet02_101_all_pairs_incl_sentinel,round_win = game_pnl > 0 (decisive only),COMPATIBILITY_ONLY_NOT_PRODUCTION,7407.0000,6741.0000,481.0000,280,134,-0.06493857,,-0.06493857,-0.06493857,-481.0000,7407.0000,OK,0.0000,19.2400,4.0000,96.0000,AG03-UNRESOLVED,ALL5_LEVELS_bet23_to_bet27,19.2400,24.0500,24.0500,24.0500,24.0500,4.000000,5.000000,5.000000,5.000000,5.000000,96.000000,95.000000,95.000000,95.000000,95.000000,5.0,115.4400,104.8936,365.5600,376.1064,PENDING_AG03,FALSE,NOT_FOR_ENFORCEMENT,461.7600,6471.3600,481.0000,461.7600,19.2400,0.06493857,0.06234103,19.2400,461.7600,0.06234103,19.2400,24.0500,24.0500,24.0500,24.0500,461.7600,0.06234103,115.4400,104.8936,365.5600,376.1064,0.04935331,0.05077716,0.00259754,26.4536,50.3060,3.5896,96.2000,17.8148,1481.4000,26.8000,,26.4536,10.0,15.0,40.0,60.0,80.0,139.1,10.0,-5.0,5.333333,9.273336,1.763571,18,18,8,10,0E-8,0.06493857,,0E-8,0.000000,0.910085,0.146429,,2026-05-24,2026-06-18,5,27,24,26,0.192308,,,0.000000,,,,,,,,GLOBAL_BASELINE_NO_ENTITY_RANKING,,,NOT_APPLICABLE_GLOBAL_BASELINE,HF9g-P5,,,,X 全窗基线 · 不参与实体赏罚,8390241,840,A168_HF9F_20260827_0900,2026-08-27 09:00:00
2026-06-07,150509832,2121,0,40.0000000000,38.0000000000,38.0000000000,1.0000000,1,1,0.50665070000000000,0.506650700000,0.9867858985152569,0.9867858985152569,0.9867858985152569,0E-17,ELIGIBLE,R03b_20260811_FULL_v1,L1_ELIGIBILITY,v2026-08-11,2026-03-21..2026-08-06,baccarat_bet02_101_all_pairs_incl_sentinel,round_win = game_pnl > 0 (decisive only),COMPATIBILITY_ONLY_NOT_PRODUCTION,7407.0000,6741.0000,481.0000,280,134,-0.06493857,,-0.06493857,-0.06493857,-481.0000,7407.0000,OK,0.0000,19.2400,4.0000,96.0000,AG03-UNRESOLVED,ALL5_LEVELS_bet23_to_bet27,19.2400,24.0500,24.0500,24.0500,24.0500,4.000000,5.000000,5.000000,5.000000,5.000000,96.000000,95.000000,95.000000,95.000000,95.000000,5.0,115.4400,104.8936,365.5600,376.1064,PENDING_AG03,FALSE,NOT_FOR_ENFORCEMENT,461.7600,6471.3600,481.0000,461.7600,19.2400,0.06493857,0.06234103,19.2400,461.7600,0.06234103,19.2400,24.0500,24.0500,24.0500,24.0500,461.7600,0.06234103,115.4400,104.8936,365.5600,376.1064,0.04935331,0.05077716,0.00259754,26.4536,50.3060,3.5896,96.2000,17.8148,1481.4000,26.8000,,26.4536,10.0,15.0,40.0,60.0,80.0,139.1,10.0,-5.0,5.333333,9.273336,1.763571,18,18,8,10,0E-8,0.06493857,,0E-8,0.000000,0.910085,0.146429,,2026-05-24,2026-06-18,5,27,24,26,0.192308,,,0.000000,,,,,,,,GLOBAL_BASELINE_NO_ENTITY_RANKING,,,NOT_APPLICABLE_GLOBAL_BASELINE,HF9g-P5,,,,X 全窗基线 · 不参与实体赏罚,8390242,840,A168_HF9F_20260827_0900,2026-08-27 09:00:00
2026-06-07,150509832,2188,0,32.0000000000,-16.0000000000,-16.0000000000,0E-7,2,2,0.50665070000000000,0.506650700000,-1.013391052207602,-1.013391052207602,-1.013391052207602,0E-17,ELIGIBLE,R03b_20260811_FULL_v1,L1_ELIGIBILITY,v2026-08-11,2026-03-21..2026-08-06,baccarat_bet02_101_all_pairs_incl_sentinel,round_win = game_pnl > 0 (decisive only),COMPATIBILITY_ONLY_NOT_PRODUCTION,7407.0000,6741.0000,481.0000,280,134,-0.06493857,,-0.06493857,-0.06493857,-481.0000,7407.0000,OK,0.0000,19.2400,4.0000,96.0000,AG03-UNRESOLVED,ALL5_LEVELS_bet23_to_bet27,19.2400,24.0500,24.0500,24.0500,24.0500,4.000000,5.000000,5.000000,5.000000,5.000000,96.000000,95.000000,95.000000,95.000000,95.000000,5.0,115.4400,104.8936,365.5600,376.1064,PENDING_AG03,FALSE,NOT_FOR_ENFORCEMENT,461.7600,6471.3600,481.0000,461.7600,19.2400,0.06493857,0.06234103,19.2400,461.7600,0.06234103,19.2400,24.0500,24.0500,24.0500,24.0500,461.7600,0.06234103,115.4400,104.8936,365.5600,376.1064,0.04935331,0.05077716,0.00259754,26.4536,50.3060,3.5896,96.2000,17.8148,1481.4000,26.8000,,26.4536,10.0,15.0,40.0,60.0,80.0,139.1,10.0,-5.0,5.333333,9.273336,1.763571,18,18,8,10,0E-8,0.06493857,,0E-8,0.000000,0.910085,0.146429,,2026-05-24,2026-06-18,5,27,24,26,0.192308,,,0.000000,,,,,,,,GLOBAL_BASELINE_NO_ENTITY_RANKING,,,NOT_APPLICABLE_GLOBAL_BASELINE,HF9g-P5,,,,X 全窗基线 · 不参与实体赏罚,8390243,840,A168_HF9F_20260827_0900,2026-08-27 09:00:00
2026-06-07,150509832,2261,0,205.0000000000,-65.0000000000,-65.0000000000,0.2500000,7,4,0.42383895848214286,0.343754487500,-0.7035658083189417,-0.39478868627596153,-0.7035658083189417,0.08008447098214286,ELIGIBLE,R03b_20260811_FULL_v1,L1_ELIGIBILITY,v2026-08-11,2026-03-21..2026-08-06,baccarat_bet02_101_all_pairs_incl_sentinel,round_win = game_pnl > 0 (decisive only),COMPATIBILITY_ONLY_NOT_PRODUCTION,7407.0000,6741.0000,481.0000,280,134,-0.06493857,,-0.06493857,-0.06493857,-481.0000,7407.0000,OK,0.0000,19.2400,4.0000,96.0000,AG03-UNRESOLVED,ALL5_LEVELS_bet23_to_bet27,19.2400,24.0500,24.0500,24.0500,24.0500,4.000000,5.000000,5.000000,5.000000,5.000000,96.000000,95.000000,95.000000,95.000000,95.000000,5.0,115.4400,104.8936,365.5600,376.1064,PENDING_AG03,FALSE,NOT_FOR_ENFORCEMENT,461.7600,6471.3600,481.0000,461.7600,19.2400,0.06493857,0.06234103,19.2400,461.7600,0.06234103,19.2400,24.0500,24.0500,24.0500,24.0500,461.7600,0.06234103,115.4400,104.8936,365.5600,376.1064,0.04935331,0.05077716,0.00259754,26.4536,50.3060,3.5896,96.2000,17.8148,1481.4000,26.8000,,26.4536,10.0,15.0,40.0,60.0,80.0,139.1,10.0,-5.0,5.333333,9.273336,1.763571,18,18,8,10,0E-8,0.06493857,,0E-8,0.000000,0.910085,0.146429,,2026-05-24,2026-06-18,5,27,24,26,0.192308,,,0.000000,,,,,,,,GLOBAL_BASELINE_NO_ENTITY_RANKING,,,NOT_APPLICABLE_GLOBAL_BASELINE,HF9g-P5,,,,X 全窗基线 · 不参与实体赏罚,8390244,840,A168_HF9F_20260827_0900,2026-08-27 09:00:00
2026-06-18,150509832,-1,1,100.0000000000,-100.0000000000,-100.0000000000,0E-7,2,2,0.49324550000000000,0.493245500000,-1.3952362676504506,-1.3952362676504506,-1.3952362676504506,0E-17,SENTINEL_DEALER,R03b_20260811_FULL_v1,L1_ELIGIBILITY,v2026-08-11,2026-03-21..2026-08-06,baccarat_bet02_101_all_pairs_incl_sentinel,round_win = game_pnl > 0 (decisive only),COMPATIBILITY_ONLY_NOT_PRODUCTION,7407.0000,6741.0000,481.0000,280,134,-0.06493857,,-0.06493857,-0.06493857,-481.0000,7407.0000,OK,0.0000,19.2400,4.0000,96.0000,AG03-UNRESOLVED,ALL5_LEVELS_bet23_to_bet27,19.2400,24.0500,24.0500,24.0500,24.0500,4.000000,5.000000,5.000000,5.000000,5.000000,96.000000,95.000000,95.000000,95.000000,95.000000,5.0,115.4400,104.8936,365.5600,376.1064,PENDING_AG03,FALSE,NOT_FOR_ENFORCEMENT,461.7600,6471.3600,481.0000,461.7600,19.2400,0.06493857,0.06234103,19.2400,461.7600,0.06234103,19.2400,24.0500,24.0500,24.0500,24.0500,461.7600,0.06234103,115.4400,104.8936,365.5600,376.1064,0.04935331,0.05077716,0.00259754,26.4536,50.3060,3.5896,96.2000,17.8148,1481.4000,26.8000,,26.4536,10.0,15.0,40.0,60.0,80.0,139.1,10.0,-5.0,5.333333,9.273336,1.763571,18,18,8,10,0E-8,0.06493857,,0E-8,0.000000,0.910085,0.146429,,2026-05-24,2026-06-18,5,27,24,26,0.192308,,,0.000000,,,,,,,,GLOBAL_BASELINE_NO_ENTITY_RANKING,,,NOT_APPLICABLE_GLOBAL_BASELINE,HF9g-P5,,,,X 全窗基线 · 不参与实体赏罚,8390245,840,A168_HF9F_20260827_0900,2026-08-27 09:00:00
2026-03-27,147072379,-1,1,10.0000000000,-10.0000000000,-10.0000000000,0E-7,1,1,0.50665070000000000,0.506650700000,-1.013391052207602,-1.013391052207602,-1.013391052207602,0E-17,SENTINEL_DEALER,R03b_20260811_FULL_v1,L1_ELIGIBILITY,v2026-08-11,2026-03-21..2026-08-06,baccarat_bet02_101_all_pairs_incl_sentinel,round_win = game_pnl > 0 (decisive only),COMPATIBILITY_ONLY_NOT_PRODUCTION,13047.0000,11879.0000,476.0500,553,538,-0.03648732,0.42382550,-0.06436352,-0.03648732,-476.0500,13047.0000,OK,0.0000,14.2815,3.0000,97.0000,AG03-UNRESOLVED,ALL5_LEVELS_bet23_to_bet27,14.2815,14.2815,14.2815,19.0420,19.0420,3.000000,3.000000,3.000000,4.000000,4.000000,97.000000,97.000000,97.000000,96.000000,96.000000,5.0,80.9285,75.6351,395.1215,400.4149,PENDING_AG03,FALSE,NOT_FOR_ENFORCEMENT,461.7685,11522.6300,476.0500,461.7685,14.2815,0.03648732,0.03539270,14.2815,461.7685,0.03539270,14.2815,14.2815,14.2815,19.0420,19.0420,461.7685,0.03539270,80.9285,75.6351,395.1215,400.4149,0.03028447,0.03069019,0.00109462,23.5931,22.0799,0.8849,28.0029,4.7134,767.4706,31.6471,32.3913,23.2113,10.0,20.0,30.0,40.0,50.0,71.9401,20.0,0.0,2.5,3.597003,1.179656,22,68,26,5,0.05710125,0.03648732,-0.42382550,0E-8,0.000000,0.910478,0.012658,0.48818902,2026-03-27,2026-07-24,17,101,70,120,0.141667,1.395496,1.372913,0.190337,,,,,,,,GLOBAL_BASELINE_NO_ENTITY_RANKING,,,NOT_APPLICABLE_GLOBAL_BASELINE,HF9g-P5,,,,X 全窗基线 · 不参与实体赏罚,8390246,840,A168_HF9F_20260827_0900,2026-08-27 09:00:00
2026-03-27,147072379,1330,0,10.0000000000,-10.0000000000,-10.0000000000,0E-7,1,1,0.49324550000000000,0.493245500000,-0.9865810262130424,-0.9865810262130424,-0.9865810262130424,0E-17,ELIGIBLE,R03b_20260811_FULL_v1,L1_ELIGIBILITY,v2026-08-11,2026-03-21..2026-08-06,baccarat_bet02_101_all_pairs_incl_sentinel,round_win = game_pnl > 0 (decisive only),COMPATIBILITY_ONLY_NOT_PRODUCTION,13047.0000,11879.0000,476.0500,553,538,-0.03648732,0.42382550,-0.06436352,-0.03648732,-476.0500,13047.0000,OK,0.0000,14.2815,3.0000,97.0000,AG03-UNRESOLVED,ALL5_LEVELS_bet23_to_bet27,14.2815,14.2815,14.2815,19.0420,19.0420,3.000000,3.000000,3.000000,4.000000,4.000000,97.000000,97.000000,97.000000,96.000000,96.000000,5.0,80.9285,75.6351,395.1215,400.4149,PENDING_AG03,FALSE,NOT_FOR_ENFORCEMENT,461.7685,11522.6300,476.0500,461.7685,14.2815,0.03648732,0.03539270,14.2815,461.7685,0.03539270,14.2815,14.2815,14.2815,19.0420,19.0420,461.7685,0.03539270,80.9285,75.6351,395.1215,400.4149,0.03028447,0.03069019,0.00109462,23.5931,22.0799,0.8849,28.0029,4.7134,767.4706,31.6471,32.3913,23.2113,10.0,20.0,30.0,40.0,50.0,71.9401,20.0,0.0,2.5,3.597003,1.179656,22,68,26,5,0.05710125,0.03648732,-0.42382550,0E-8,0.000000,0.910478,0.012658,0.48818902,2026-03-27,2026-07-24,17,101,70,120,0.141667,1.395496,1.372913,0.190337,,,,,,,,GLOBAL_BASELINE_NO_ENTITY_RANKING,,,NOT_APPLICABLE_GLOBAL_BASELINE,HF9g-P5,,,,X 全窗基线 · 不参与实体赏罚,8390247,840,A168_HF9F_20260827_0900,2026-08-27 09:00:00
2026-03-27,147072379,2129,0,88.0000000000,-28.0000000000,-28.0000000000,0.4000000,5,5,0.49324550000000000,0.493245500000,-0.4170446088060018,-0.4170446088060018,-0.4170446088060018,0E-17,ELIGIBLE,R03b_20260811_FULL_v1,L1_ELIGIBILITY,v2026-08-11,2026-03-21..2026-08-06,baccarat_bet02_101_all_pairs_incl_sentinel,round_win = game_pnl > 0 (decisive only),COMPATIBILITY_ONLY_NOT_PRODUCTION,13047.0000,11879.0000,476.0500,553,538,-0.03648732,0.42382550,-0.06436352,-0.03648732,-476.0500,13047.0000,OK,0.0000,14.2815,3.0000,97.0000,AG03-UNRESOLVED,ALL5_LEVELS_bet23_to_bet27,14.2815,14.2815,14.2815,19.0420,19.0420,3.000000,3.000000,3.000000,4.000000,4.000000,97.000000,97.000000,97.000000,96.000000,96.000000,5.0,80.9285,75.6351,395.1215,400.4149,PENDING_AG03,FALSE,NOT_FOR_ENFORCEMENT,461.7685,11522.6300,476.0500,461.7685,14.2815,0.03648732,0.03539270,14.2815,461.7685,0.03539270,14.2815,14.2815,14.2815,19.0420,19.0420,461.7685,0.03539270,80.9285,75.6351,395.1215,400.4149,0.03028447,0.03069019,0.00109462,23.5931,22.0799,0.8849,28.0029,4.7134,767.4706,31.6471,32.3913,23.2113,10.0,20.0,30.0,40.0,50.0,71.9401,20.0,0.0,2.5,3.597003,1.179656,22,68,26,5,0.05710125,0.03648732,-0.42382550,0E-8,0.000000,0.910478,0.012658,0.48818902,2026-03-27,2026-07-24,17,101,70,120,0.141667,1.395496,1.372913,0.190337,,,,,,,,GLOBAL_BASELINE_NO_ENTITY_RANKING,,,NOT_APPLICABLE_GLOBAL_BASELINE,HF9g-P5,,,,X 全窗基线 · 不参与实体赏罚,8390248,840,A168_HF9F_20260827_0900,2026-08-27 09:00:00
2026-03-27,147072379,2258,0,10.0000000000,-10.0000000000,-10.0000000000,0E-7,1,1,0.49324550000000000,0.493245500000,-0.9865810262130424,-0.9865810262130424,-0.9865810262130424,0E-17,ELIGIBLE,R03b_20260811_FULL_v1,L1_ELIGIBILITY,v2026-08-11,2026-03-21..2026-08-06,baccarat_bet02_101_all_pairs_incl_sentinel,round_win = game_pnl > 0 (decisive only),COMPATIBILITY_ONLY_NOT_PRODUCTION,13047.0000,11879.0000,476.0500,553,538,-0.03648732,0.42382550,-0.06436352,-0.03648732,-476.0500,13047.0000,OK,0.0000,14.2815,3.0000,97.0000,AG03-UNRESOLVED,ALL5_LEVELS_bet23_to_bet27,14.2815,14.2815,14.2815,19.0420,19.0420,3.000000,3.000000,3.000000,4.000000,4.000000,97.000000,97.000000,97.000000,96.000000,96.000000,5.0,80.9285,75.6351,395.1215,400.4149,PENDING_AG03,FALSE,NOT_FOR_ENFORCEMENT,461.7685,11522.6300,476.0500,461.7685,14.2815,0.03648732,0.03539270,14.2815,461.7685,0.03539270,14.2815,14.2815,14.2815,19.0420,19.0420,461.7685,0.03539270,80.9285,75.6351,395.1215,400.4149,0.03028447,0.03069019,0.00109462,23.5931,22.0799,0.8849,28.0029,4.7134,767.4706,31.6471,32.3913,23.2113,10.0,20.0,30.0,40.0,50.0,71.9401,20.0,0.0,2.5,3.597003,1.179656,22,68,26,5,0.05710125,0.03648732,-0.42382550,0E-8,0.000000,0.910478,0.012658,0.48818902,2026-03-27,2026-07-24,17,101,70,120,0.141667,1.395496,1.372913,0.190337,,,,,,,,GLOBAL_BASELINE_NO_ENTITY_RANKING,,,NOT_APPLICABLE_GLOBAL_BASELINE,HF9g-P5,,,,X 全窗基线 · 不参与实体赏罚,8390249,840,A168_HF9F_20260827_0900,2026-08-27 09:00:00
2026-03-27,147072379,526,0,40.0000000000,-40.0000000000,-40.0000000000,0E-7,2,2,0.49994810000000000,0.499948100000,-1.4140667746232096,-1.4140667746232096,-1.4140667746232096,0E-17,ELIGIBLE,R03b_20260811_FULL_v1,L1_ELIGIBILITY,v2026-08-11,2026-03-21..2026-08-06,baccarat_bet02_101_all_pairs_incl_sentinel,round_win = game_pnl > 0 (decisive only),COMPATIBILITY_ONLY_NOT_PRODUCTION,13047.0000,11879.0000,476.0500,553,538,-0.03648732,0.42382550,-0.06436352,-0.03648732,-476.0500,13047.0000,OK,0.0000,14.2815,3.0000,97.0000,AG03-UNRESOLVED,ALL5_LEVELS_bet23_to_bet27,14.2815,14.2815,14.2815,19.0420,19.0420,3.000000,3.000000,3.000000,4.000000,4.000000,97.000000,97.000000,97.000000,96.000000,96.000000,5.0,80.9285,75.6351,395.1215,400.4149,PENDING_AG03,FALSE,NOT_FOR_ENFORCEMENT,461.7685,11522.6300,476.0500,461.7685,14.2815,0.03648732,0.03539270,14.2815,461.7685,0.03539270,14.2815,14.2815,14.2815,19.0420,19.0420,461.7685,0.03539270,80.9285,75.6351,395.1215,400.4149,0.03028447,0.03069019,0.00109462,23.5931,22.0799,0.8849,28.0029,4.7134,767.4706,31.6471,32.3913,23.2113,10.0,20.0,30.0,40.0,50.0,71.9401,20.0,0.0,2.5,3.597003,1.179656,22,68,26,5,0.05710125,0.03648732,-0.42382550,0E-8,0.000000,0.910478,0.012658,0.48818902,2026-03-27,2026-07-24,17,101,70,120,0.141667,1.395496,1.372913,0.190337,,,,,,,,GLOBAL_BASELINE_NO_ENTITY_RANKING,,,NOT_APPLICABLE_GLOBAL_BASELINE,HF9g-P5,,,,X 全窗基线 · 不参与实体赏罚,8390250,840,A168_HF9F_20260827_0900,2026-08-27 09:00:00
2026-03-27,147072379,948,0,80.0000000000,0E-10,0E-10,0.4285714,7,7,0.49899058571428571,0.498990585714,-0.3726239140161595,-0.3726239140146481,-0.3726239140161595,2.8571E-13,ELIGIBLE,R03b_20260811_FULL_v1,L1_ELIGIBILITY,v2026-08-11,2026-03-21..2026-08-06,baccarat_bet02_101_all_pairs_incl_sentinel,round_win = game_pnl > 0 (decisive only),COMPATIBILITY_ONLY_NOT_PRODUCTION,13047.0000,11879.0000,476.0500,553,538,-0.03648732,0.42382550,-0.06436352,-0.03648732,-476.0500,13047.0000,OK,0.0000,14.2815,3.0000,97.0000,AG03-UNRESOLVED,ALL5_LEVELS_bet23_to_bet27,14.2815,14.2815,14.2815,19.0420,19.0420,3.000000,3.000000,3.000000,4.000000,4.000000,97.000000,97.000000,97.000000,96.000000,96.000000,5.0,80.9285,75.6351,395.1215,400.4149,PENDING_AG03,FALSE,NOT_FOR_ENFORCEMENT,461.7685,11522.6300,476.0500,461.7685,14.2815,0.03648732,0.03539270,14.2815,461.7685,0.03539270,14.2815,14.2815,14.2815,19.0420,19.0420,461.7685,0.03539270,80.9285,75.6351,395.1215,400.4149,0.03028447,0.03069019,0.00109462,23.5931,22.0799,0.8849,28.0029,4.7134,767.4706,31.6471,32.3913,23.2113,10.0,20.0,30.0,40.0,50.0,71.9401,20.0,0.0,2.5,3.597003,1.179656,22,68,26,5,0.05710125,0.03648732,-0.42382550,0E-8,0.000000,0.910478,0.012658,0.48818902,2026-03-27,2026-07-24,17,101,70,120,0.141667,1.395496,1.372913,0.190337,,,,,,,,GLOBAL_BASELINE_NO_ENTITY_RANKING,,,NOT_APPLICABLE_GLOBAL_BASELINE,HF9g-P5,,,,X 全窗基线 · 不参与实体赏罚,8390251,840,A168_HF9F_20260827_0900,2026-08-27 09:00:00
2026-03-28,147072379,1654,0,117.0000000000,16.0000000000,16.0000000000,0.5555556,9,9,0.49622443333333333,0.496224433333,0.35599688288054965,0.35599688288255155,0.35599688288054965,3.3333E-13,ELIGIBLE,R03b_20260811_FULL_v1,L1_ELIGIBILITY,v2026-08-11,2026-03-21..2026-08-06,baccarat_bet02_101_all_pairs_incl_sentinel,round_win = game_pnl > 0 (decisive only),COMPATIBILITY_ONLY_NOT_PRODUCTION,13047.0000,11879.0000,476.0500,553,538,-0.03648732,0.42382550,-0.06436352,-0.03648732,-476.0500,13047.0000,OK,0.0000,14.2815,3.0000,97.0000,AG03-UNRESOLVED,ALL5_LEVELS_bet23_to_bet27,14.2815,14.2815,14.2815,19.0420,19.0420,3.000000,3.000000,3.000000,4.000000,4.000000,97.000000,97.000000,97.000000,96.000000,96.000000,5.0,80.9285,75.6351,395.1215,400.4149,PENDING_AG03,FALSE,NOT_FOR_ENFORCEMENT,461.7685,11522.6300,476.0500,461.7685,14.2815,0.03648732,0.03539270,14.2815,461.7685,0.03539270,14.2815,14.2815,14.2815,19.0420,19.0420,461.7685,0.03539270,80.9285,75.6351,395.1215,400.4149,0.03028447,0.03069019,0.00109462,23.5931,22.0799,0.8849,28.0029,4.7134,767.4706,31.6471,32.3913,23.2113,10.0,20.0,30.0,40.0,50.0,71.9401,20.0,0.0,2.5,3.597003,1.179656,22,68,26,5,0.05710125,0.03648732,-0.42382550,0E-8,0.000000,0.910478,0.012658,0.48818902,2026-03-27,2026-07-24,17,101,70,120,0.141667,1.395496,1.372913,0.190337,,,,,,,,GLOBAL_BASELINE_NO_ENTITY_RANKING,,,NOT_APPLICABLE_GLOBAL_BASELINE,HF9g-P5,,,,X 全窗基线 · 不参与实体赏罚,8390252,840,A168_HF9F_20260827_0900,2026-08-27 09:00:00
2026-03-29,147072379,1004,0,60.0000000000,0E-10,0E-10,0.5000000,6,6,0.49547970000000000,0.495479700000,0.022145762000773162,0.022145762000773162,0.022145762000773162,0E-17,ELIGIBLE,R03b_20260811_FULL_v1,L1_ELIGIBILITY,v2026-08-11,2026-03-21..2026-08-06,baccarat_bet02_101_all_pairs_incl_sentinel,round_win = game_pnl > 0 (decisive only),COMPATIBILITY_ONLY_NOT_PRODUCTION,13047.0000,11879.0000,476.0500,553,538,-0.03648732,0.42382550,-0.06436352,-0.03648732,-476.0500,13047.0000,OK,0.0000,14.2815,3.0000,97.0000,AG03-UNRESOLVED,ALL5_LEVELS_bet23_to_bet27,14.2815,14.2815,14.2815,19.0420,19.0420,3.000000,3.000000,3.000000,4.000000,4.000000,97.000000,97.000000,97.000000,96.000000,96.000000,5.0,80.9285,75.6351,395.1215,400.4149,PENDING_AG03,FALSE,NOT_FOR_ENFORCEMENT,461.7685,11522.6300,476.0500,461.7685,14.2815,0.03648732,0.03539270,14.2815,461.7685,0.03539270,14.2815,14.2815,14.2815,19.0420,19.0420,461.7685,0.03539270,80.9285,75.6351,395.1215,400.4149,0.03028447,0.03069019,0.00109462,23.5931,22.0799,0.8849,28.0029,4.7134,767.4706,31.6471,32.3913,23.2113,10.0,20.0,30.0,40.0,50.0,71.9401,20.0,0.0,2.5,3.597003,1.179656,22,68,26,5,0.05710125,0.03648732,-0.42382550,0E-8,0.000000,0.910478,0.012658,0.48818902,2026-03-27,2026-07-24,17,101,70,120,0.141667,1.395496,1.372913,0.190337,,,,,,,,GLOBAL_BASELINE_NO_ENTITY_RANKING,,,NOT_APPLICABLE_GLOBAL_BASELINE,HF9g-P5,,,,X 全窗基线 · 不参与实体赏罚,8390253,840,A168_HF9F_20260827_0900,2026-08-27 09:00:00
2026-04-04,147072379,1004,0,145.0000000000,2.5500000000,2.5500000000,0.5714286,8,8,0.49994810000000000,0.499948100000,0.37823910403297295,0.37823910403297295,0.37823910403297295,0E-17,ELIGIBLE,R03b_20260811_FULL_v1,L1_ELIGIBILITY,v2026-08-11,2026-03-21..2026-08-06,baccarat_bet02_101_all_pairs_incl_sentinel,round_win = game_pnl > 0 (decisive only),COMPATIBILITY_ONLY_NOT_PRODUCTION,13047.0000,11879.0000,476.0500,553,538,-0.03648732,0.42382550,-0.06436352,-0.03648732,-476.0500,13047.0000,OK,0.0000,14.2815,3.0000,97.0000,AG03-UNRESOLVED,ALL5_LEVELS_bet23_to_bet27,14.2815,14.2815,14.2815,19.0420,19.0420,3.000000,3.000000,3.000000,4.000000,4.000000,97.000000,97.000000,97.000000,96.000000,96.000000,5.0,80.9285,75.6351,395.1215,400.4149,PENDING_AG03,FALSE,NOT_FOR_ENFORCEMENT,461.7685,11522.6300,476.0500,461.7685,14.2815,0.03648732,0.03539270,14.2815,461.7685,0.03539270,14.2815,14.2815,14.2815,19.0420,19.0420,461.7685,0.03539270,80.9285,75.6351,395.1215,400.4149,0.03028447,0.03069019,0.00109462,23.5931,22.0799,0.8849,28.0029,4.7134,767.4706,31.6471,32.3913,23.2113,10.0,20.0,30.0,40.0,50.0,71.9401,20.0,0.0,2.5,3.597003,1.179656,22,68,26,5,0.05710125,0.03648732,-0.42382550,0E-8,0.000000,0.910478,0.012658,0.48818902,2026-03-27,2026-07-24,17,101,70,120,0.141667,1.395496,1.372913,0.190337,,,,,,,,GLOBAL_BASELINE_NO_ENTITY_RANKING,,,NOT_APPLICABLE_GLOBAL_BASELINE,HF9g-P5,,,,X 全窗基线 · 不参与实体赏罚,8390254,840,A168_HF9F_20260827_0900,2026-08-27 09:00:00
2026-04-04,147072379,1210,0,72.0000000000,-72.0000000000,-72.0000000000,0E-7,1,1,0.50665070000000000,0.506650700000,-1.013391052207602,-1.013391052207602,-1.013391052207602,0E-17,ELIGIBLE,R03b_20260811_FULL_v1,L1_ELIGIBILITY,v2026-08-11,2026-03-21..2026-08-06,baccarat_bet02_101_all_pairs_incl_sentinel,round_win = game_pnl > 0 (decisive only),COMPATIBILITY_ONLY_NOT_PRODUCTION,13047.0000,11879.0000,476.0500,553,538,-0.03648732,0.42382550,-0.06436352,-0.03648732,-476.0500,13047.0000,OK,0.0000,14.2815,3.0000,97.0000,AG03-UNRESOLVED,ALL5_LEVELS_bet23_to_bet27,14.2815,14.2815,14.2815,19.0420,19.0420,3.000000,3.000000,3.000000,4.000000,4.000000,97.000000,97.000000,97.000000,96.000000,96.000000,5.0,80.9285,75.6351,395.1215,400.4149,PENDING_AG03,FALSE,NOT_FOR_ENFORCEMENT,461.7685,11522.6300,476.0500,461.7685,14.2815,0.03648732,0.03539270,14.2815,461.7685,0.03539270,14.2815,14.2815,14.2815,19.0420,19.0420,461.7685,0.03539270,80.9285,75.6351,395.1215,400.4149,0.03028447,0.03069019,0.00109462,23.5931,22.0799,0.8849,28.0029,4.7134,767.4706,31.6471,32.3913,23.2113,10.0,20.0,30.0,40.0,50.0,71.9401,20.0,0.0,2.5,3.597003,1.179656,22,68,26,5,0.05710125,0.03648732,-0.42382550,0E-8,0.000000,0.910478,0.012658,0.48818902,2026-03-27,2026-07-24,17,101,70,120,0.141667,1.395496,1.372913,0.190337,,,,,,,,GLOBAL_BASELINE_NO_ENTITY_RANKING,,,NOT_APPLICABLE_GLOBAL_BASELINE,HF9g-P5,,,,X 全窗基线 · 不参与实体赏罚,8390255,840,A168_HF9F_20260827_0900,2026-08-27 09:00:00
2026-04-04,147072379,1509,0,66.0000000000,66.0000000000,66.0000000000,1.0000000,3,3,0.49324550000000000,0.493245500000,1.755609282511032,1.7556092825110319,1.755609282511032,0E-17,ELIGIBLE,R03b_20260811_FULL_v1,L1_ELIGIBILITY,v2026-08-11,2026-03-21..2026-08-06,baccarat_bet02_101_all_pairs_incl_sentinel,round_win = game_pnl > 0 (decisive only),COMPATIBILITY_ONLY_NOT_PRODUCTION,13047.0000,11879.0000,476.0500,553,538,-0.03648732,0.42382550,-0.06436352,-0.03648732,-476.0500,13047.0000,OK,0.0000,14.2815,3.0000,97.0000,AG03-UNRESOLVED,ALL5_LEVELS_bet23_to_bet27,14.2815,14.2815,14.2815,19.0420,19.0420,3.000000,3.000000,3.000000,4.000000,4.000000,97.000000,97.000000,97.000000,96.000000,96.000000,5.0,80.9285,75.6351,395.1215,400.4149,PENDING_AG03,FALSE,NOT_FOR_ENFORCEMENT,461.7685,11522.6300,476.0500,461.7685,14.2815,0.03648732,0.03539270,14.2815,461.7685,0.03539270,14.2815,14.2815,14.2815,19.0420,19.0420,461.7685,0.03539270,80.9285,75.6351,395.1215,400.4149,0.03028447,0.03069019,0.00109462,23.5931,22.0799,0.8849,28.0029,4.7134,767.4706,31.6471,32.3913,23.2113,10.0,20.0,30.0,40.0,50.0,71.9401,20.0,0.0,2.5,3.597003,1.179656,22,68,26,5,0.05710125,0.03648732,-0.42382550,0E-8,0.000000,0.910478,0.012658,0.48818902,2026-03-27,2026-07-24,17,101,70,120,0.141667,1.395496,1.372913,0.190337,,,,,,,,GLOBAL_BASELINE_NO_ENTITY_RANKING,,,NOT_APPLICABLE_GLOBAL_BASELINE,HF9g-P5,,,,X 全窗基线 · 不参与实体赏罚,8390256,840,A168_HF9F_20260827_0900,2026-08-27 09:00:00
2026-04-04,147072379,1623,0,10.0000000000,-10.0000000000,-10.0000000000,0E-7,1,1,0.50665070000000000,0.506650700000,-1.013391052207602,-1.013391052207602,-1.013391052207602,0E-17,ELIGIBLE,R03b_20260811_FULL_v1,L1_ELIGIBILITY,v2026-08-11,2026-03-21..2026-08-06,baccarat_bet02_101_all_pairs_incl_sentinel,round_win = game_pnl > 0 (decisive only),COMPATIBILITY_ONLY_NOT_PRODUCTION,13047.0000,11879.0000,476.0500,553,538,-0.03648732,0.42382550,-0.06436352,-0.03648732,-476.0500,13047.0000,OK,0.0000,14.2815,3.0000,97.0000,AG03-UNRESOLVED,ALL5_LEVELS_bet23_to_bet27,14.2815,14.2815,14.2815,19.0420,19.0420,3.000000,3.000000,3.000000,4.000000,4.000000,97.000000,97.000000,97.000000,96.000000,96.000000,5.0,80.9285,75.6351,395.1215,400.4149,PENDING_AG03,FALSE,NOT_FOR_ENFORCEMENT,461.7685,11522.6300,476.0500,461.7685,14.2815,0.03648732,0.03539270,14.2815,461.7685,0.03539270,14.2815,14.2815,14.2815,19.0420,19.0420,461.7685,0.03539270,80.9285,75.6351,395.1215,400.4149,0.03028447,0.03069019,0.00109462,23.5931,22.0799,0.8849,28.0029,4.7134,767.4706,31.6471,32.3913,23.2113,10.0,20.0,30.0,40.0,50.0,71.9401,20.0,0.0,2.5,3.597003,1.179656,22,68,26,5,0.05710125,0.03648732,-0.42382550,0E-8,0.000000,0.910478,0.012658,0.48818902,2026-03-27,2026-07-24,17,101,70,120,0.141667,1.395496,1.372913,0.190337,,,,,,,,GLOBAL_BASELINE_NO_ENTITY_RANKING,,,NOT_APPLICABLE_GLOBAL_BASELINE,HF9g-P5,,,,X 全窗基线 · 不参与实体赏罚,8390257,840,A168_HF9F_20260827_0900,2026-08-27 09:00:00
2026-04-04,147072379,2103,0,310.0000000000,-60.0000000000,-60.0000000000,0.4285714,8,8,0.49994810000000000,0.499948100000,-0.377689846057837,-0.377689846057837,-0.377689846057837,0E-17,ELIGIBLE,R03b_20260811_FULL_v1,L1_ELIGIBILITY,v2026-08-11,2026-03-21..2026-08-06,baccarat_bet02_101_all_pairs_incl_sentinel,round_win = game_pnl > 0 (decisive only),COMPATIBILITY_ONLY_NOT_PRODUCTION,13047.0000,11879.0000,476.0500,553,538,-0.03648732,0.42382550,-0.06436352,-0.03648732,-476.0500,13047.0000,OK,0.0000,14.2815,3.0000,97.0000,AG03-UNRESOLVED,ALL5_LEVELS_bet23_to_bet27,14.2815,14.2815,14.2815,19.0420,19.0420,3.000000,3.000000,3.000000,4.000000,4.000000,97.000000,97.000000,97.000000,96.000000,96.000000,5.0,80.9285,75.6351,395.1215,400.4149,PENDING_AG03,FALSE,NOT_FOR_ENFORCEMENT,461.7685,11522.6300,476.0500,461.7685,14.2815,0.03648732,0.03539270,14.2815,461.7685,0.03539270,14.2815,14.2815,14.2815,19.0420,19.0420,461.7685,0.03539270,80.9285,75.6351,395.1215,400.4149,0.03028447,0.03069019,0.00109462,23.5931,22.0799,0.8849,28.0029,4.7134,767.4706,31.6471,32.3913,23.2113,10.0,20.0,30.0,40.0,50.0,71.9401,20.0,0.0,2.5,3.597003,1.179656,22,68,26,5,0.05710125,0.03648732,-0.42382550,0E-8,0.000000,0.910478,0.012658,0.48818902,2026-03-27,2026-07-24,17,101,70,120,0.141667,1.395496,1.372913,0.190337,,,,,,,,GLOBAL_BASELINE_NO_ENTITY_RANKING,,,NOT_APPLICABLE_GLOBAL_BASELINE,HF9g-P5,,,,X 全窗基线 · 不参与实体赏罚,8390258,840,A168_HF9F_20260827_0900,2026-08-27 09:00:00
2026-04-04,147072379,2108,0,140.0000000000,16.0000000000,16.0000000000,0.5000000,4,4,0.49994810000000000,0.499948100000,0.00020760000111838688,0.00020760000111838688,0.00020760000111838688,0E-17,ELIGIBLE,R03b_20260811_FULL_v1,L1_ELIGIBILITY,v2026-08-11,2026-03-21..2026-08-06,baccarat_bet02_101_all_pairs_incl_sentinel,round_win = game_pnl > 0 (decisive only),COMPATIBILITY_ONLY_NOT_PRODUCTION,13047.0000,11879.0000,476.0500,553,538,-0.03648732,0.42382550,-0.06436352,-0.03648732,-476.0500,13047.0000,OK,0.0000,14.2815,3.0000,97.0000,AG03-UNRESOLVED,ALL5_LEVELS_bet23_to_bet27,14.2815,14.2815,14.2815,19.0420,19.0420,3.000000,3.000000,3.000000,4.000000,4.000000,97.000000,97.000000,97.000000,96.000000,96.000000,5.0,80.9285,75.6351,395.1215,400.4149,PENDING_AG03,FALSE,NOT_FOR_ENFORCEMENT,461.7685,11522.6300,476.0500,461.7685,14.2815,0.03648732,0.03539270,14.2815,461.7685,0.03539270,14.2815,14.2815,14.2815,19.0420,19.0420,461.7685,0.03539270,80.9285,75.6351,395.1215,400.4149,0.03028447,0.03069019,0.00109462,23.5931,22.0799,0.8849,28.0029,4.7134,767.4706,31.6471,32.3913,23.2113,10.0,20.0,30.0,40.0,50.0,71.9401,20.0,0.0,2.5,3.597003,1.179656,22,68,26,5,0.05710125,0.03648732,-0.42382550,0E-8,0.000000,0.910478,0.012658,0.48818902,2026-03-27,2026-07-24,17,101,70,120,0.141667,1.395496,1.372913,0.190337,,,,,,,,GLOBAL_BASELINE_NO_ENTITY_RANKING,,,NOT_APPLICABLE_GLOBAL_BASELINE,HF9g-P5,,,,X 全窗基线 · 不参与实体赏罚,8390259,840,A168_HF9F_20260827_0900,2026-08-27 09:00:00
2026-04-04,147072379,2224,0,10.0000000000,-10.0000000000,-10.0000000000,0E-7,1,1,0.49324550000000000,0.493245500000,-0.9865810262130424,-0.9865810262130424,-0.9865810262130424,0E-17,ELIGIBLE,R03b_20260811_FULL_v1,L1_ELIGIBILITY,v2026-08-11,2026-03-21..2026-08-06,baccarat_bet02_101_all_pairs_incl_sentinel,round_win = game_pnl > 0 (decisive only),COMPATIBILITY_ONLY_NOT_PRODUCTION,13047.0000,11879.0000,476.0500,553,538,-0.03648732,0.42382550,-0.06436352,-0.03648732,-476.0500,13047.0000,OK,0.0000,14.2815,3.0000,97.0000,AG03-UNRESOLVED,ALL5_LEVELS_bet23_to_bet27,14.2815,14.2815,14.2815,19.0420,19.0420,3.000000,3.000000,3.000000,4.000000,4.000000,97.000000,97.000000,97.000000,96.000000,96.000000,5.0,80.9285,75.6351,395.1215,400.4149,PENDING_AG03,FALSE,NOT_FOR_ENFORCEMENT,461.7685,11522.6300,476.0500,461.7685,14.2815,0.03648732,0.03539270,14.2815,461.7685,0.03539270,14.2815,14.2815,14.2815,19.0420,19.0420,461.7685,0.03539270,80.9285,75.6351,395.1215,400.4149,0.03028447,0.03069019,0.00109462,23.5931,22.0799,0.8849,28.0029,4.7134,767.4706,31.6471,32.3913,23.2113,10.0,20.0,30.0,40.0,50.0,71.9401,20.0,0.0,2.5,3.597003,1.179656,22,68,26,5,0.05710125,0.03648732,-0.42382550,0E-8,0.000000,0.910478,0.012658,0.48818902,2026-03-27,2026-07-24,17,101,70,120,0.141667,1.395496,1.372913,0.190337,,,,,,,,GLOBAL_BASELINE_NO_ENTITY_RANKING,,,NOT_APPLICABLE_GLOBAL_BASELINE,HF9g-P5,,,,X 全窗基线 · 不参与实体赏罚,8390260,840,A168_HF9F_20260827_0900,2026-08-27 09:00:00
2026-04-04,147072379,2264,0,100.0000000000,37.5000000000,37.5000000000,0.7500000,4,4,0.50329940000000000,0.503299400000,0.9868238854431842,0.9868238854431842,0.9868238854431842,0E-17,ELIGIBLE,R03b_20260811_FULL_v1,L1_ELIGIBILITY,v2026-08-11,2026-03-21..2026-08-06,baccarat_bet02_101_all_pairs_incl_sentinel,round_win = game_pnl > 0 (decisive only),COMPATIBILITY_ONLY_NOT_PRODUCTION,13047.0000,11879.0000,476.0500,553,538,-0.03648732,0.42382550,-0.06436352,-0.03648732,-476.0500,13047.0000,OK,0.0000,14.2815,3.0000,97.0000,AG03-UNRESOLVED,ALL5_LEVELS_bet23_to_bet27,14.2815,14.2815,14.2815,19.0420,19.0420,3.000000,3.000000,3.000000,4.000000,4.000000,97.000000,97.000000,97.000000,96.000000,96.000000,5.0,80.9285,75.6351,395.1215,400.4149,PENDING_AG03,FALSE,NOT_FOR_ENFORCEMENT,461.7685,11522.6300,476.0500,461.7685,14.2815,0.03648732,0.03539270,14.2815,461.7685,0.03539270,14.2815,14.2815,14.2815,19.0420,19.0420,461.7685,0.03539270,80.9285,75.6351,395.1215,400.4149,0.03028447,0.03069019,0.00109462,23.5931,22.0799,0.8849,28.0029,4.7134,767.4706,31.6471,32.3913,23.2113,10.0,20.0,30.0,40.0,50.0,71.9401,20.0,0.0,2.5,3.597003,1.179656,22,68,26,5,0.05710125,0.03648732,-0.42382550,0E-8,0.000000,0.910478,0.012658,0.48818902,2026-03-27,2026-07-24,17,101,70,120,0.141667,1.395496,1.372913,0.190337,,,,,,,,GLOBAL_BASELINE_NO_ENTITY_RANKING,,,NOT_APPLICABLE_GLOBAL_BASELINE,HF9g-P5,,,,X 全窗基线 · 不参与实体赏罚,8390261,840,A168_HF9F_20260827_0900,2026-08-27 09:00:00
2026-04-05,147072379,-1,1,67.0000000000,-67.0000000000,-67.0000000000,0E-7,3,3,0.49324550000000000,0.493245500000,-1.708808463184432,-1.7088084631844318,-1.708808463184432,0E-17,SENTINEL_DEALER,R03b_20260811_FULL_v1,L1_ELIGIBILITY,v2026-08-11,2026-03-21..2026-08-06,baccarat_bet02_101_all_pairs_incl_sentinel,round_win = game_pnl > 0 (decisive only),COMPATIBILITY_ONLY_NOT_PRODUCTION,13047.0000,11879.0000,476.0500,553,538,-0.03648732,0.42382550,-0.06436352,-0.03648732,-476.0500,13047.0000,OK,0.0000,14.2815,3.0000,97.0000,AG03-UNRESOLVED,ALL5_LEVELS_bet23_to_bet27,14.2815,14.2815,14.2815,19.0420,19.0420,3.000000,3.000000,3.000000,4.000000,4.000000,97.000000,97.000000,97.000000,96.000000,96.000000,5.0,80.9285,75.6351,395.1215,400.4149,PENDING_AG03,FALSE,NOT_FOR_ENFORCEMENT,461.7685,11522.6300,476.0500,461.7685,14.2815,0.03648732,0.03539270,14.2815,461.7685,0.03539270,14.2815,14.2815,14.2815,19.0420,19.0420,461.7685,0.03539270,80.9285,75.6351,395.1215,400.4149,0.03028447,0.03069019,0.00109462,23.5931,22.0799,0.8849,28.0029,4.7134,767.4706,31.6471,32.3913,23.2113,10.0,20.0,30.0,40.0,50.0,71.9401,20.0,0.0,2.5,3.597003,1.179656,22,68,26,5,0.05710125,0.03648732,-0.42382550,0E-8,0.000000,0.910478,0.012658,0.48818902,2026-03-27,2026-07-24,17,101,70,120,0.141667,1.395496,1.372913,0.190337,,,,,,,,GLOBAL_BASELINE_NO_ENTITY_RANKING,,,NOT_APPLICABLE_GLOBAL_BASELINE,HF9g-P5,,,,X 全窗基线 · 不参与实体赏罚,8390262,840,A168_HF9F_20260827_0900,2026-08-27 09:00:00
2026-04-05,147072379,1148,0,190.0000000000,48.5000000000,48.5000000000,0.6250000,9,9,0.49473496666666667,0.494734966667,0.7369311648172802,0.7369311648153895,0.7369311648172802,-3.3333E-13,ELIGIBLE,R03b_20260811_FULL_v1,L1_ELIGIBILITY,v2026-08-11,2026-03-21..2026-08-06,baccarat_bet02_101_all_pairs_incl_sentinel,round_win = game_pnl > 0 (decisive only),COMPATIBILITY_ONLY_NOT_PRODUCTION,13047.0000,11879.0000,476.0500,553,538,-0.03648732,0.42382550,-0.06436352,-0.03648732,-476.0500,13047.0000,OK,0.0000,14.2815,3.0000,97.0000,AG03-UNRESOLVED,ALL5_LEVELS_bet23_to_bet27,14.2815,14.2815,14.2815,19.0420,19.0420,3.000000,3.000000,3.000000,4.000000,4.000000,97.000000,97.000000,97.000000,96.000000,96.000000,5.0,80.9285,75.6351,395.1215,400.4149,PENDING_AG03,FALSE,NOT_FOR_ENFORCEMENT,461.7685,11522.6300,476.0500,461.7685,14.2815,0.03648732,0.03539270,14.2815,461.7685,0.03539270,14.2815,14.2815,14.2815,19.0420,19.0420,461.7685,0.03539270,80.9285,75.6351,395.1215,400.4149,0.03028447,0.03069019,0.00109462,23.5931,22.0799,0.8849,28.0029,4.7134,767.4706,31.6471,32.3913,23.2113,10.0,20.0,30.0,40.0,50.0,71.9401,20.0,0.0,2.5,3.597003,1.179656,22,68,26,5,0.05710125,0.03648732,-0.42382550,0E-8,0.000000,0.910478,0.012658,0.48818902,2026-03-27,2026-07-24,17,101,70,120,0.141667,1.395496,1.372913,0.190337,,,,,,,,GLOBAL_BASELINE_NO_ENTITY_RANKING,,,NOT_APPLICABLE_GLOBAL_BASELINE,HF9g-P5,,,,X 全窗基线 · 不参与实体赏罚,8390263,840,A168_HF9F_20260827_0900,2026-08-27 09:00:00
2026-04-05,147072379,1331,0,90.0000000000,29.0000000000,29.0000000000,0.7500000,7,7,0.49899058571428571,0.498990585714,1.0040397032115884,1.0040397032127324,1.0040397032115884,2.8571E-13,ELIGIBLE,R03b_20260811_FULL_v1,L1_ELIGIBILITY,v2026-08-11,2026-03-21..2026-08-06,baccarat_bet02_101_all_pairs_incl_sentinel,round_win = game_pnl > 0 (decisive only),COMPATIBILITY_ONLY_NOT_PRODUCTION,13047.0000,11879.0000,476.0500,553,538,-0.03648732,0.42382550,-0.06436352,-0.03648732,-476.0500,13047.0000,OK,0.0000,14.2815,3.0000,97.0000,AG03-UNRESOLVED,ALL5_LEVELS_bet23_to_bet27,14.2815,14.2815,14.2815,19.0420,19.0420,3.000000,3.000000,3.000000,4.000000,4.000000,97.000000,97.000000,97.000000,96.000000,96.000000,5.0,80.9285,75.6351,395.1215,400.4149,PENDING_AG03,FALSE,NOT_FOR_ENFORCEMENT,461.7685,11522.6300,476.0500,461.7685,14.2815,0.03648732,0.03539270,14.2815,461.7685,0.03539270,14.2815,14.2815,14.2815,19.0420,19.0420,461.7685,0.03539270,80.9285,75.6351,395.1215,400.4149,0.03028447,0.03069019,0.00109462,23.5931,22.0799,0.8849,28.0029,4.7134,767.4706,31.6471,32.3913,23.2113,10.0,20.0,30.0,40.0,50.0,71.9401,20.0,0.0,2.5,3.597003,1.179656,22,68,26,5,0.05710125,0.03648732,-0.42382550,0E-8,0.000000,0.910478,0.012658,0.48818902,2026-03-27,2026-07-24,17,101,70,120,0.141667,1.395496,1.372913,0.190337,,,,,,,,GLOBAL_BASELINE_NO_ENTITY_RANKING,,,NOT_APPLICABLE_GLOBAL_BASELINE,HF9g-P5,,,,X 全窗基线 · 不参与实体赏罚,8390264,840,A168_HF9F_20260827_0900,2026-08-27 09:00:00
2026-04-05,147072379,1994,0,30.0000000000,-10.0000000000,-10.0000000000,0.5000000,2,2,0.49324550000000000,0.493245500000,0.01910635448239258,0.01910635448239258,0.01910635448239258,0E-17,ELIGIBLE,R03b_20260811_FULL_v1,L1_ELIGIBILITY,v2026-08-11,2026-03-21..2026-08-06,baccarat_bet02_101_all_pairs_incl_sentinel,round_win = game_pnl > 0 (decisive only),COMPATIBILITY_ONLY_NOT_PRODUCTION,13047.0000,11879.0000,476.0500,553,538,-0.03648732,0.42382550,-0.06436352,-0.03648732,-476.0500,13047.0000,OK,0.0000,14.2815,3.0000,97.0000,AG03-UNRESOLVED,ALL5_LEVELS_bet23_to_bet27,14.2815,14.2815,14.2815,19.0420,19.0420,3.000000,3.000000,3.000000,4.000000,4.000000,97.000000,97.000000,97.000000,96.000000,96.000000,5.0,80.9285,75.6351,395.1215,400.4149,PENDING_AG03,FALSE,NOT_FOR_ENFORCEMENT,461.7685,11522.6300,476.0500,461.7685,14.2815,0.03648732,0.03539270,14.2815,461.7685,0.03539270,14.2815,14.2815,14.2815,19.0420,19.0420,461.7685,0.03539270,80.9285,75.6351,395.1215,400.4149,0.03028447,0.03069019,0.00109462,23.5931,22.0799,0.8849,28.0029,4.7134,767.4706,31.6471,32.3913,23.2113,10.0,20.0,30.0,40.0,50.0,71.9401,20.0,0.0,2.5,3.597003,1.179656,22,68,26,5,0.05710125,0.03648732,-0.42382550,0E-8,0.000000,0.910478,0.012658,0.48818902,2026-03-27,2026-07-24,17,101,70,120,0.141667,1.395496,1.372913,0.190337,,,,,,,,GLOBAL_BASELINE_NO_ENTITY_RANKING,,,NOT_APPLICABLE_GLOBAL_BASELINE,HF9g-P5,,,,X 全窗基线 · 不参与实体赏罚,8390265,840,A168_HF9F_20260827_0900,2026-08-27 09:00:00
2026-04-05,147072379,2071,0,10.0000000000,-10.0000000000,-10.0000000000,0E-7,1,1,0.49324550000000000,0.493245500000,-0.9865810262130424,-0.9865810262130424,-0.9865810262130424,0E-17,ELIGIBLE,R03b_20260811_FULL_v1,L1_ELIGIBILITY,v2026-08-11,2026-03-21..2026-08-06,baccarat_bet02_101_all_pairs_incl_sentinel,round_win = game_pnl > 0 (decisive only),COMPATIBILITY_ONLY_NOT_PRODUCTION,13047.0000,11879.0000,476.0500,553,538,-0.03648732,0.42382550,-0.06436352,-0.03648732,-476.0500,13047.0000,OK,0.0000,14.2815,3.0000,97.0000,AG03-UNRESOLVED,ALL5_LEVELS_bet23_to_bet27,14.2815,14.2815,14.2815,19.0420,19.0420,3.000000,3.000000,3.000000,4.000000,4.000000,97.000000,97.000000,97.000000,96.000000,96.000000,5.0,80.9285,75.6351,395.1215,400.4149,PENDING_AG03,FALSE,NOT_FOR_ENFORCEMENT,461.7685,11522.6300,476.0500,461.7685,14.2815,0.03648732,0.03539270,14.2815,461.7685,0.03539270,14.2815,14.2815,14.2815,19.0420,19.0420,461.7685,0.03539270,80.9285,75.6351,395.1215,400.4149,0.03028447,0.03069019,0.00109462,23.5931,22.0799,0.8849,28.0029,4.7134,767.4706,31.6471,32.3913,23.2113,10.0,20.0,30.0,40.0,50.0,71.9401,20.0,0.0,2.5,3.597003,1.179656,22,68,26,5,0.05710125,0.03648732,-0.42382550,0E-8,0.000000,0.910478,0.012658,0.48818902,2026-03-27,2026-07-24,17,101,70,120,0.141667,1.395496,1.372913,0.190337,,,,,,,,GLOBAL_BASELINE_NO_ENTITY_RANKING,,,NOT_APPLICABLE_GLOBAL_BASELINE,HF9g-P5,,,,X 全窗基线 · 不参与实体赏罚,8390266,840,A168_HF9F_20260827_0900,2026-08-27 09:00:00
2026-04-05,147072379,2218,0,30.0000000000,-30.0000000000,-30.0000000000,0E-7,1,1,0.49324550000000000,0.493245500000,-0.9865810262130424,-0.9865810262130424,-0.9865810262130424,0E-17,ELIGIBLE,R03b_20260811_FULL_v1,L1_ELIGIBILITY,v2026-08-11,2026-03-21..2026-08-06,baccarat_bet02_101_all_pairs_incl_sentinel,round_win = game_pnl > 0 (decisive only),COMPATIBILITY_ONLY_NOT_PRODUCTION,13047.0000,11879.0000,476.0500,553,538,-0.03648732,0.42382550,-0.06436352,-0.03648732,-476.0500,13047.0000,OK,0.0000,14.2815,3.0000,97.0000,AG03-UNRESOLVED,ALL5_LEVELS_bet23_to_bet27,14.2815,14.2815,14.2815,19.0420,19.0420,3.000000,3.000000,3.000000,4.000000,4.000000,97.000000,97.000000,97.000000,96.000000,96.000000,5.0,80.9285,75.6351,395.1215,400.4149,PENDING_AG03,FALSE,NOT_FOR_ENFORCEMENT,461.7685,11522.6300,476.0500,461.7685,14.2815,0.03648732,0.03539270,14.2815,461.7685,0.03539270,14.2815,14.2815,14.2815,19.0420,19.0420,461.7685,0.03539270,80.9285,75.6351,395.1215,400.4149,0.03028447,0.03069019,0.00109462,23.5931,22.0799,0.8849,28.0029,4.7134,767.4706,31.6471,32.3913,23.2113,10.0,20.0,30.0,40.0,50.0,71.9401,20.0,0.0,2.5,3.597003,1.179656,22,68,26,5,0.05710125,0.03648732,-0.42382550,0E-8,0.000000,0.910478,0.012658,0.48818902,2026-03-27,2026-07-24,17,101,70,120,0.141667,1.395496,1.372913,0.190337,,,,,,,,GLOBAL_BASELINE_NO_ENTITY_RANKING,,,NOT_APPLICABLE_GLOBAL_BASELINE,HF9g-P5,,,,X 全窗基线 · 不参与实体赏罚,8390267,840,A168_HF9F_20260827_0900,2026-08-27 09:00:00
2026-04-05,147072379,2246,0,30.0000000000,-10.0000000000,-10.0000000000,0.5000000,2,2,0.49324550000000000,0.493245500000,0.01910635448239258,0.01910635448239258,0.01910635448239258,0E-17,ELIGIBLE,R03b_20260811_FULL_v1,L1_ELIGIBILITY,v2026-08-11,2026-03-21..2026-08-06,baccarat_bet02_101_all_pairs_incl_sentinel,round_win = game_pnl > 0 (decisive only),COMPATIBILITY_ONLY_NOT_PRODUCTION,13047.0000,11879.0000,476.0500,553,538,-0.03648732,0.42382550,-0.06436352,-0.03648732,-476.0500,13047.0000,OK,0.0000,14.2815,3.0000,97.0000,AG03-UNRESOLVED,ALL5_LEVELS_bet23_to_bet27,14.2815,14.2815,14.2815,19.0420,19.0420,3.000000,3.000000,3.000000,4.000000,4.000000,97.000000,97.000000,97.000000,96.000000,96.000000,5.0,80.9285,75.6351,395.1215,400.4149,PENDING_AG03,FALSE,NOT_FOR_ENFORCEMENT,461.7685,11522.6300,476.0500,461.7685,14.2815,0.03648732,0.03539270,14.2815,461.7685,0.03539270,14.2815,14.2815,14.2815,19.0420,19.0420,461.7685,0.03539270,80.9285,75.6351,395.1215,400.4149,0.03028447,0.03069019,0.00109462,23.5931,22.0799,0.8849,28.0029,4.7134,767.4706,31.6471,32.3913,23.2113,10.0,20.0,30.0,40.0,50.0,71.9401,20.0,0.0,2.5,3.597003,1.179656,22,68,26,5,0.05710125,0.03648732,-0.42382550,0E-8,0.000000,0.910478,0.012658,0.48818902,2026-03-27,2026-07-24,17,101,70,120,0.141667,1.395496,1.372913,0.190337,,,,,,,,GLOBAL_BASELINE_NO_ENTITY_RANKING,,,NOT_APPLICABLE_GLOBAL_BASELINE,HF9g-P5,,,,X 全窗基线 · 不参与实体赏罚,8390268,840,A168_HF9F_20260827_0900,2026-08-27 09:00:00
2026-04-09,147072379,-1,1,199.0000000000,-59.5000000000,-59.5000000000,0.3333333,10,10,0.49860758000000000,0.498607580000,-0.9916493252932331,-0.9916493252932332,-0.9916493252932331,0E-17,SENTINEL_DEALER,R03b_20260811_FULL_v1,L1_ELIGIBILITY,v2026-08-11,2026-03-21..2026-08-06,baccarat_bet02_101_all_pairs_incl_sentinel,round_win = game_pnl > 0 (decisive only),COMPATIBILITY_ONLY_NOT_PRODUCTION,13047.0000,11879.0000,476.0500,553,538,-0.03648732,0.42382550,-0.06436352,-0.03648732,-476.0500,13047.0000,OK,0.0000,14.2815,3.0000,97.0000,AG03-UNRESOLVED,ALL5_LEVELS_bet23_to_bet27,14.2815,14.2815,14.2815,19.0420,19.0420,3.000000,3.000000,3.000000,4.000000,4.000000,97.000000,97.000000,97.000000,96.000000,96.000000,5.0,80.9285,75.6351,395.1215,400.4149,PENDING_AG03,FALSE,NOT_FOR_ENFORCEMENT,461.7685,11522.6300,476.0500,461.7685,14.2815,0.03648732,0.03539270,14.2815,461.7685,0.03539270,14.2815,14.2815,14.2815,19.0420,19.0420,461.7685,0.03539270,80.9285,75.6351,395.1215,400.4149,0.03028447,0.03069019,0.00109462,23.5931,22.0799,0.8849,28.0029,4.7134,767.4706,31.6471,32.3913,23.2113,10.0,20.0,30.0,40.0,50.0,71.9401,20.0,0.0,2.5,3.597003,1.179656,22,68,26,5,0.05710125,0.03648732,-0.42382550,0E-8,0.000000,0.910478,0.012658,0.48818902,2026-03-27,2026-07-24,17,101,70,120,0.141667,1.395496,1.372913,0.190337,,,,,,,,GLOBAL_BASELINE_NO_ENTITY_RANKING,,,NOT_APPLICABLE_GLOBAL_BASELINE,HF9g-P5,,,,X 全窗基线 · 不参与实体赏罚,8390269,840,A168_HF9F_20260827_0900,2026-08-27 09:00:00
2026-04-09,147072379,1004,0,30.0000000000,-30.0000000000,-30.0000000000,0E-7,1,1,0.49324550000000000,0.493245500000,-0.9865810262130424,-0.9865810262130424,-0.9865810262130424,0E-17,ELIGIBLE,R03b_20260811_FULL_v1,L1_ELIGIBILITY,v2026-08-11,2026-03-21..2026-08-06,baccarat_bet02_101_all_pairs_incl_sentinel,round_win = game_pnl > 0 (decisive only),COMPATIBILITY_ONLY_NOT_PRODUCTION,13047.0000,11879.0000,476.0500,553,538,-0.03648732,0.42382550,-0.06436352,-0.03648732,-476.0500,13047.0000,OK,0.0000,14.2815,3.0000,97.0000,AG03-UNRESOLVED,ALL5_LEVELS_bet23_to_bet27,14.2815,14.2815,14.2815,19.0420,19.0420,3.000000,3.000000,3.000000,4.000000,4.000000,97.000000,97.000000,97.000000,96.000000,96.000000,5.0,80.9285,75.6351,395.1215,400.4149,PENDING_AG03,FALSE,NOT_FOR_ENFORCEMENT,461.7685,11522.6300,476.0500,461.7685,14.2815,0.03648732,0.03539270,14.2815,461.7685,0.03539270,14.2815,14.2815,14.2815,19.0420,19.0420,461.7685,0.03539270,80.9285,75.6351,395.1215,400.4149,0.03028447,0.03069019,0.00109462,23.5931,22.0799,0.8849,28.0029,4.7134,767.4706,31.6471,32.3913,23.2113,10.0,20.0,30.0,40.0,50.0,71.9401,20.0,0.0,2.5,3.597003,1.179656,22,68,26,5,0.05710125,0.03648732,-0.42382550,0E-8,0.000000,0.910478,0.012658,0.48818902,2026-03-27,2026-07-24,17,101,70,120,0.141667,1.395496,1.372913,0.190337,,,,,,,,GLOBAL_BASELINE_NO_ENTITY_RANKING,,,NOT_APPLICABLE_GLOBAL_BASELINE,HF9g-P5,,,,X 全窗基线 · 不参与实体赏罚,8390270,840,A168_HF9F_20260827_0900,2026-08-27 09:00:00
2026-04-09,147072379,1210,0,10.0000000000,10.0000000000,10.0000000000,1.0000000,1,1,0.49324550000000000,0.493245500000,1.01360149184955,1.01360149184955,1.01360149184955,0E-17,ELIGIBLE,R03b_20260811_FULL_v1,L1_ELIGIBILITY,v2026-08-11,2026-03-21..2026-08-06,baccarat_bet02_101_all_pairs_incl_sentinel,round_win = game_pnl > 0 (decisive only),COMPATIBILITY_ONLY_NOT_PRODUCTION,13047.0000,11879.0000,476.0500,553,538,-0.03648732,0.42382550,-0.06436352,-0.03648732,-476.0500,13047.0000,OK,0.0000,14.2815,3.0000,97.0000,AG03-UNRESOLVED,ALL5_LEVELS_bet23_to_bet27,14.2815,14.2815,14.2815,19.0420,19.0420,3.000000,3.000000,3.000000,4.000000,4.000000,97.000000,97.000000,97.000000,96.000000,96.000000,5.0,80.9285,75.6351,395.1215,400.4149,PENDING_AG03,FALSE,NOT_FOR_ENFORCEMENT,461.7685,11522.6300,476.0500,461.7685,14.2815,0.03648732,0.03539270,14.2815,461.7685,0.03539270,14.2815,14.2815,14.2815,19.0420,19.0420,461.7685,0.03539270,80.9285,75.6351,395.1215,400.4149,0.03028447,0.03069019,0.00109462,23.5931,22.0799,0.8849,28.0029,4.7134,767.4706,31.6471,32.3913,23.2113,10.0,20.0,30.0,40.0,50.0,71.9401,20.0,0.0,2.5,3.597003,1.179656,22,68,26,5,0.05710125,0.03648732,-0.42382550,0E-8,0.000000,0.910478,0.012658,0.48818902,2026-03-27,2026-07-24,17,101,70,120,0.141667,1.395496,1.372913,0.190337,,,,,,,,GLOBAL_BASELINE_NO_ENTITY_RANKING,,,NOT_APPLICABLE_GLOBAL_BASELINE,HF9g-P5,,,,X 全窗基线 · 不参与实体赏罚,8390271,840,A168_HF9F_20260827_0900,2026-08-27 09:00:00
2026-04-09,147072379,1221,0,268.0000000000,-109.5000000000,-109.5000000000,0.4285714,8,8,0.50162375000000000,0.501623750000,-0.38655858877025023,-0.38655858877025023,-0.38655858877025023,0E-17,ELIGIBLE,R03b_20260811_FULL_v1,L1_ELIGIBILITY,v2026-08-11,2026-03-21..2026-08-06,baccarat_bet02_101_all_pairs_incl_sentinel,round_win = game_pnl > 0 (decisive only),COMPATIBILITY_ONLY_NOT_PRODUCTION,13047.0000,11879.0000,476.0500,553,538,-0.03648732,0.42382550,-0.06436352,-0.03648732,-476.0500,13047.0000,OK,0.0000,14.2815,3.0000,97.0000,AG03-UNRESOLVED,ALL5_LEVELS_bet23_to_bet27,14.2815,14.2815,14.2815,19.0420,19.0420,3.000000,3.000000,3.000000,4.000000,4.000000,97.000000,97.000000,97.000000,96.000000,96.000000,5.0,80.9285,75.6351,395.1215,400.4149,PENDING_AG03,FALSE,NOT_FOR_ENFORCEMENT,461.7685,11522.6300,476.0500,461.7685,14.2815,0.03648732,0.03539270,14.2815,461.7685,0.03539270,14.2815,14.2815,14.2815,19.0420,19.0420,461.7685,0.03539270,80.9285,75.6351,395.1215,400.4149,0.03028447,0.03069019,0.00109462,23.5931,22.0799,0.8849,28.0029,4.7134,767.4706,31.6471,32.3913,23.2113,10.0,20.0,30.0,40.0,50.0,71.9401,20.0,0.0,2.5,3.597003,1.179656,22,68,26,5,0.05710125,0.03648732,-0.42382550,0E-8,0.000000,0.910478,0.012658,0.48818902,2026-03-27,2026-07-24,17,101,70,120,0.141667,1.395496,1.372913,0.190337,,,,,,,,GLOBAL_BASELINE_NO_ENTITY_RANKING,,,NOT_APPLICABLE_GLOBAL_BASELINE,HF9g-P5,,,,X 全窗基线 · 不参与实体赏罚,8390272,840,A168_HF9F_20260827_0900,2026-08-27 09:00:00
2026-04-09,147072379,1323,0,210.0000000000,67.5000000000,67.5000000000,0.5833333,13,13,0.49840134615384615,0.498401346154,0.588429075627785,0.5884290756267185,0.588429075627785,-1.5385E-13,ELIGIBLE,R03b_20260811_FULL_v1,L1_ELIGIBILITY,v2026-08-11,2026-03-21..2026-08-06,baccarat_bet02_101_all_pairs_incl_sentinel,round_win = game_pnl > 0 (decisive only),COMPATIBILITY_ONLY_NOT_PRODUCTION,13047.0000,11879.0000,476.0500,553,538,-0.03648732,0.42382550,-0.06436352,-0.03648732,-476.0500,13047.0000,OK,0.0000,14.2815,3.0000,97.0000,AG03-UNRESOLVED,ALL5_LEVELS_bet23_to_bet27,14.2815,14.2815,14.2815,19.0420,19.0420,3.000000,3.000000,3.000000,4.000000,4.000000,97.000000,97.000000,97.000000,96.000000,96.000000,5.0,80.9285,75.6351,395.1215,400.4149,PENDING_AG03,FALSE,NOT_FOR_ENFORCEMENT,461.7685,11522.6300,476.0500,461.7685,14.2815,0.03648732,0.03539270,14.2815,461.7685,0.03539270,14.2815,14.2815,14.2815,19.0420,19.0420,461.7685,0.03539270,80.9285,75.6351,395.1215,400.4149,0.03028447,0.03069019,0.00109462,23.5931,22.0799,0.8849,28.0029,4.7134,767.4706,31.6471,32.3913,23.2113,10.0,20.0,30.0,40.0,50.0,71.9401,20.0,0.0,2.5,3.597003,1.179656,22,68,26,5,0.05710125,0.03648732,-0.42382550,0E-8,0.000000,0.910478,0.012658,0.48818902,2026-03-27,2026-07-24,17,101,70,120,0.141667,1.395496,1.372913,0.190337,,,,,,,,GLOBAL_BASELINE_NO_ENTITY_RANKING,,,NOT_APPLICABLE_GLOBAL_BASELINE,HF9g-P5,,,,X 全窗基线 · 不参与实体赏罚,8390273,840,A168_HF9F_20260827_0900,2026-08-27 09:00:00
2026-04-09,147072379,1330,0,431.0000000000,158.0000000000,158.0000000000,0.6470588,21,21,0.49771390000000000,0.497713900000,1.231542661497966,1.2315426614979665,1.231542661497966,0E-17,ELIGIBLE,R03b_20260811_FULL_v1,L1_ELIGIBILITY,v2026-08-11,2026-03-21..2026-08-06,baccarat_bet02_101_all_pairs_incl_sentinel,round_win = game_pnl > 0 (decisive only),COMPATIBILITY_ONLY_NOT_PRODUCTION,13047.0000,11879.0000,476.0500,553,538,-0.03648732,0.42382550,-0.06436352,-0.03648732,-476.0500,13047.0000,OK,0.0000,14.2815,3.0000,97.0000,AG03-UNRESOLVED,ALL5_LEVELS_bet23_to_bet27,14.2815,14.2815,14.2815,19.0420,19.0420,3.000000,3.000000,3.000000,4.000000,4.000000,97.000000,97.000000,97.000000,96.000000,96.000000,5.0,80.9285,75.6351,395.1215,400.4149,PENDING_AG03,FALSE,NOT_FOR_ENFORCEMENT,461.7685,11522.6300,476.0500,461.7685,14.2815,0.03648732,0.03539270,14.2815,461.7685,0.03539270,14.2815,14.2815,14.2815,19.0420,19.0420,461.7685,0.03539270,80.9285,75.6351,395.1215,400.4149,0.03028447,0.03069019,0.00109462,23.5931,22.0799,0.8849,28.0029,4.7134,767.4706,31.6471,32.3913,23.2113,10.0,20.0,30.0,40.0,50.0,71.9401,20.0,0.0,2.5,3.597003,1.179656,22,68,26,5,0.05710125,0.03648732,-0.42382550,0E-8,0.000000,0.910478,0.012658,0.48818902,2026-03-27,2026-07-24,17,101,70,120,0.141667,1.395496,1.372913,0.190337,,,,,,,,GLOBAL_BASELINE_NO_ENTITY_RANKING,,,NOT_APPLICABLE_GLOBAL_BASELINE,HF9g-P5,,,,X 全窗基线 · 不参与实体赏罚,8390274,840,A168_HF9F_20260827_0900,2026-08-27 09:00:00
2026-04-09,147072379,1363,0,180.0000000000,-50.0000000000,-50.0000000000,0.3333333,4,4,0.49994810000000000,0.499948100000,-0.5771704854251445,-0.5771704854251445,-0.5771704854251445,0E-17,ELIGIBLE,R03b_20260811_FULL_v1,L1_ELIGIBILITY,v2026-08-11,2026-03-21..2026-08-06,baccarat_bet02_101_all_pairs_incl_sentinel,round_win = game_pnl > 0 (decisive only),COMPATIBILITY_ONLY_NOT_PRODUCTION,13047.0000,11879.0000,476.0500,553,538,-0.03648732,0.42382550,-0.06436352,-0.03648732,-476.0500,13047.0000,OK,0.0000,14.2815,3.0000,97.0000,AG03-UNRESOLVED,ALL5_LEVELS_bet23_to_bet27,14.2815,14.2815,14.2815,19.0420,19.0420,3.000000,3.000000,3.000000,4.000000,4.000000,97.000000,97.000000,97.000000,96.000000,96.000000,5.0,80.9285,75.6351,395.1215,400.4149,PENDING_AG03,FALSE,NOT_FOR_ENFORCEMENT,461.7685,11522.6300,476.0500,461.7685,14.2815,0.03648732,0.03539270,14.2815,461.7685,0.03539270,14.2815,14.2815,14.2815,19.0420,19.0420,461.7685,0.03539270,80.9285,75.6351,395.1215,400.4149,0.03028447,0.03069019,0.00109462,23.5931,22.0799,0.8849,28.0029,4.7134,767.4706,31.6471,32.3913,23.2113,10.0,20.0,30.0,40.0,50.0,71.9401,20.0,0.0,2.5,3.597003,1.179656,22,68,26,5,0.05710125,0.03648732,-0.42382550,0E-8,0.000000,0.910478,0.012658,0.48818902,2026-03-27,2026-07-24,17,101,70,120,0.141667,1.395496,1.372913,0.190337,,,,,,,,GLOBAL_BASELINE_NO_ENTITY_RANKING,,,NOT_APPLICABLE_GLOBAL_BASELINE,HF9g-P5,,,,X 全窗基线 · 不参与实体赏罚,8390275,840,A168_HF9F_20260827_0900,2026-08-27 09:00:00
2026-04-09,147072379,1399,0,70.0000000000,-30.0000000000,-30.0000000000,0.3333333,3,3,0.49771390000000000,0.497713900000,-0.5694369385616226,-0.5694369385616226,-0.5694369385616226,0E-17,ELIGIBLE,R03b_20260811_FULL_v1,L1_ELIGIBILITY,v2026-08-11,2026-03-21..2026-08-06,baccarat_bet02_101_all_pairs_incl_sentinel,round_win = game_pnl > 0 (decisive only),COMPATIBILITY_ONLY_NOT_PRODUCTION,13047.0000,11879.0000,476.0500,553,538,-0.03648732,0.42382550,-0.06436352,-0.03648732,-476.0500,13047.0000,OK,0.0000,14.2815,3.0000,97.0000,AG03-UNRESOLVED,ALL5_LEVELS_bet23_to_bet27,14.2815,14.2815,14.2815,19.0420,19.0420,3.000000,3.000000,3.000000,4.000000,4.000000,97.000000,97.000000,97.000000,96.000000,96.000000,5.0,80.9285,75.6351,395.1215,400.4149,PENDING_AG03,FALSE,NOT_FOR_ENFORCEMENT,461.7685,11522.6300,476.0500,461.7685,14.2815,0.03648732,0.03539270,14.2815,461.7685,0.03539270,14.2815,14.2815,14.2815,19.0420,19.0420,461.7685,0.03539270,80.9285,75.6351,395.1215,400.4149,0.03028447,0.03069019,0.00109462,23.5931,22.0799,0.8849,28.0029,4.7134,767.4706,31.6471,32.3913,23.2113,10.0,20.0,30.0,40.0,50.0,71.9401,20.0,0.0,2.5,3.597003,1.179656,22,68,26,5,0.05710125,0.03648732,-0.42382550,0E-8,0.000000,0.910478,0.012658,0.48818902,2026-03-27,2026-07-24,17,101,70,120,0.141667,1.395496,1.372913,0.190337,,,,,,,,GLOBAL_BASELINE_NO_ENTITY_RANKING,,,NOT_APPLICABLE_GLOBAL_BASELINE,HF9g-P5,,,,X 全窗基线 · 不参与实体赏罚,8390276,840,A168_HF9F_20260827_0900,2026-08-27 09:00:00
2026-04-09,147072379,1400,0,280.0000000000,-125.0000000000,-125.0000000000,0.3333333,10,10,0.49860758000000000,0.498607580000,-0.9916493252932331,-0.9916493252932332,-0.9916493252932331,0E-17,ELIGIBLE,R03b_20260811_FULL_v1,L1_ELIGIBILITY,v2026-08-11,2026-03-21..2026-08-06,baccarat_bet02_101_all_pairs_incl_sentinel,round_win = game_pnl > 0 (decisive only),COMPATIBILITY_ONLY_NOT_PRODUCTION,13047.0000,11879.0000,476.0500,553,538,-0.03648732,0.42382550,-0.06436352,-0.03648732,-476.0500,13047.0000,OK,0.0000,14.2815,3.0000,97.0000,AG03-UNRESOLVED,ALL5_LEVELS_bet23_to_bet27,14.2815,14.2815,14.2815,19.0420,19.0420,3.000000,3.000000,3.000000,4.000000,4.000000,97.000000,97.000000,97.000000,96.000000,96.000000,5.0,80.9285,75.6351,395.1215,400.4149,PENDING_AG03,FALSE,NOT_FOR_ENFORCEMENT,461.7685,11522.6300,476.0500,461.7685,14.2815,0.03648732,0.03539270,14.2815,461.7685,0.03539270,14.2815,14.2815,14.2815,19.0420,19.0420,461.7685,0.03539270,80.9285,75.6351,395.1215,400.4149,0.03028447,0.03069019,0.00109462,23.5931,22.0799,0.8849,28.0029,4.7134,767.4706,31.6471,32.3913,23.2113,10.0,20.0,30.0,40.0,50.0,71.9401,20.0,0.0,2.5,3.597003,1.179656,22,68,26,5,0.05710125,0.03648732,-0.42382550,0E-8,0.000000,0.910478,0.012658,0.48818902,2026-03-27,2026-07-24,17,101,70,120,0.141667,1.395496,1.372913,0.190337,,,,,,,,GLOBAL_BASELINE_NO_ENTITY_RANKING,,,NOT_APPLICABLE_GLOBAL_BASELINE,HF9g-P5,,,,X 全窗基线 · 不参与实体赏罚,8390277,840,A168_HF9F_20260827_0900,2026-08-27 09:00:00
2026-04-09,147072379,1402,0,307.0000000000,-123.0000000000,-123.0000000000,0.3571429,16,16,0.49743462500000000,0.497434625000,-1.0498612776902165,-1.0498612776902165,-1.0498612776902165,0E-17,ELIGIBLE,R03b_20260811_FULL_v1,L1_ELIGIBILITY,v2026-08-11,2026-03-21..2026-08-06,baccarat_bet02_101_all_pairs_incl_sentinel,round_win = game_pnl > 0 (decisive only),COMPATIBILITY_ONLY_NOT_PRODUCTION,13047.0000,11879.0000,476.0500,553,538,-0.03648732,0.42382550,-0.06436352,-0.03648732,-476.0500,13047.0000,OK,0.0000,14.2815,3.0000,97.0000,AG03-UNRESOLVED,ALL5_LEVELS_bet23_to_bet27,14.2815,14.2815,14.2815,19.0420,19.0420,3.000000,3.000000,3.000000,4.000000,4.000000,97.000000,97.000000,97.000000,96.000000,96.000000,5.0,80.9285,75.6351,395.1215,400.4149,PENDING_AG03,FALSE,NOT_FOR_ENFORCEMENT,461.7685,11522.6300,476.0500,461.7685,14.2815,0.03648732,0.03539270,14.2815,461.7685,0.03539270,14.2815,14.2815,14.2815,19.0420,19.0420,461.7685,0.03539270,80.9285,75.6351,395.1215,400.4149,0.03028447,0.03069019,0.00109462,23.5931,22.0799,0.8849,28.0029,4.7134,767.4706,31.6471,32.3913,23.2113,10.0,20.0,30.0,40.0,50.0,71.9401,20.0,0.0,2.5,3.597003,1.179656,22,68,26,5,0.05710125,0.03648732,-0.42382550,0E-8,0.000000,0.910478,0.012658,0.48818902,2026-03-27,2026-07-24,17,101,70,120,0.141667,1.395496,1.372913,0.190337,,,,,,,,GLOBAL_BASELINE_NO_ENTITY_RANKING,,,NOT_APPLICABLE_GLOBAL_BASELINE,HF9g-P5,,,,X 全窗基线 · 不参与实体赏罚,8390278,840,A168_HF9F_20260827_0900,2026-08-27 09:00:00
2026-04-09,147072379,1405,0,130.0000000000,45.5000000000,45.5000000000,0.6666667,6,6,0.50441650000000000,0.504416500000,0.7948912480929629,0.7948912480929629,0.7948912480929629,0E-17,ELIGIBLE,R03b_20260811_FULL_v1,L1_ELIGIBILITY,v2026-08-11,2026-03-21..2026-08-06,baccarat_bet02_101_all_pairs_incl_sentinel,round_win = game_pnl > 0 (decisive only),COMPATIBILITY_ONLY_NOT_PRODUCTION,13047.0000,11879.0000,476.0500,553,538,-0.03648732,0.42382550,-0.06436352,-0.03648732,-476.0500,13047.0000,OK,0.0000,14.2815,3.0000,97.0000,AG03-UNRESOLVED,ALL5_LEVELS_bet23_to_bet27,14.2815,14.2815,14.2815,19.0420,19.0420,3.000000,3.000000,3.000000,4.000000,4.000000,97.000000,97.000000,97.000000,96.000000,96.000000,5.0,80.9285,75.6351,395.1215,400.4149,PENDING_AG03,FALSE,NOT_FOR_ENFORCEMENT,461.7685,11522.6300,476.0500,461.7685,14.2815,0.03648732,0.03539270,14.2815,461.7685,0.03539270,14.2815,14.2815,14.2815,19.0420,19.0420,461.7685,0.03539270,80.9285,75.6351,395.1215,400.4149,0.03028447,0.03069019,0.00109462,23.5931,22.0799,0.8849,28.0029,4.7134,767.4706,31.6471,32.3913,23.2113,10.0,20.0,30.0,40.0,50.0,71.9401,20.0,0.0,2.5,3.597003,1.179656,22,68,26,5,0.05710125,0.03648732,-0.42382550,0E-8,0.000000,0.910478,0.012658,0.48818902,2026-03-27,2026-07-24,17,101,70,120,0.141667,1.395496,1.372913,0.190337,,,,,,,,GLOBAL_BASELINE_NO_ENTITY_RANKING,,,NOT_APPLICABLE_GLOBAL_BASELINE,HF9g-P5,,,,X 全窗基线 · 不参与实体赏罚,8390279,840,A168_HF9F_20260827_0900,2026-08-27 09:00:00
2026-04-09,147072379,1485,0,420.0000000000,25.5000000000,25.5000000000,0.5833333,19,13,0.46209700214285714,0.435040646154,0.8423737997554293,1.0361838966624406,0.8423737997554293,0.02705635598885714,ELIGIBLE,R03b_20260811_FULL_v1,L1_ELIGIBILITY,v2026-08-11,2026-03-21..2026-08-06,baccarat_bet02_101_all_pairs_incl_sentinel,round_win = game_pnl > 0 (decisive only),COMPATIBILITY_ONLY_NOT_PRODUCTION,13047.0000,11879.0000,476.0500,553,538,-0.03648732,0.42382550,-0.06436352,-0.03648732,-476.0500,13047.0000,OK,0.0000,14.2815,3.0000,97.0000,AG03-UNRESOLVED,ALL5_LEVELS_bet23_to_bet27,14.2815,14.2815,14.2815,19.0420,19.0420,3.000000,3.000000,3.000000,4.000000,4.000000,97.000000,97.000000,97.000000,96.000000,96.000000,5.0,80.9285,75.6351,395.1215,400.4149,PENDING_AG03,FALSE,NOT_FOR_ENFORCEMENT,461.7685,11522.6300,476.0500,461.7685,14.2815,0.03648732,0.03539270,14.2815,461.7685,0.03539270,14.2815,14.2815,14.2815,19.0420,19.0420,461.7685,0.03539270,80.9285,75.6351,395.1215,400.4149,0.03028447,0.03069019,0.00109462,23.5931,22.0799,0.8849,28.0029,4.7134,767.4706,31.6471,32.3913,23.2113,10.0,20.0,30.0,40.0,50.0,71.9401,20.0,0.0,2.5,3.597003,1.179656,22,68,26,5,0.05710125,0.03648732,-0.42382550,0E-8,0.000000,0.910478,0.012658,0.48818902,2026-03-27,2026-07-24,17,101,70,120,0.141667,1.395496,1.372913,0.190337,,,,,,,,GLOBAL_BASELINE_NO_ENTITY_RANKING,,,NOT_APPLICABLE_GLOBAL_BASELINE,HF9g-P5,,,,X 全窗基线 · 不参与实体赏罚,8390280,840,A168_HF9F_20260827_0900,2026-08-27 09:00:00
2026-04-09,147072379,1704,0,250.0000000000,223.0000000000,223.0000000000,0.8571429,7,7,0.50282064285714286,0.502820642857,1.8749267601414201,1.8749267601421726,1.8749267601414201,1.4286E-13,ELIGIBLE,R03b_20260811_FULL_v1,L1_ELIGIBILITY,v2026-08-11,2026-03-21..2026-08-06,baccarat_bet02_101_all_pairs_incl_sentinel,round_win = game_pnl > 0 (decisive only),COMPATIBILITY_ONLY_NOT_PRODUCTION,13047.0000,11879.0000,476.0500,553,538,-0.03648732,0.42382550,-0.06436352,-0.03648732,-476.0500,13047.0000,OK,0.0000,14.2815,3.0000,97.0000,AG03-UNRESOLVED,ALL5_LEVELS_bet23_to_bet27,14.2815,14.2815,14.2815,19.0420,19.0420,3.000000,3.000000,3.000000,4.000000,4.000000,97.000000,97.000000,97.000000,96.000000,96.000000,5.0,80.9285,75.6351,395.1215,400.4149,PENDING_AG03,FALSE,NOT_FOR_ENFORCEMENT,461.7685,11522.6300,476.0500,461.7685,14.2815,0.03648732,0.03539270,14.2815,461.7685,0.03539270,14.2815,14.2815,14.2815,19.0420,19.0420,461.7685,0.03539270,80.9285,75.6351,395.1215,400.4149,0.03028447,0.03069019,0.00109462,23.5931,22.0799,0.8849,28.0029,4.7134,767.4706,31.6471,32.3913,23.2113,10.0,20.0,30.0,40.0,50.0,71.9401,20.0,0.0,2.5,3.597003,1.179656,22,68,26,5,0.05710125,0.03648732,-0.42382550,0E-8,0.000000,0.910478,0.012658,0.48818902,2026-03-27,2026-07-24,17,101,70,120,0.141667,1.395496,1.372913,0.190337,,,,,,,,GLOBAL_BASELINE_NO_ENTITY_RANKING,,,NOT_APPLICABLE_GLOBAL_BASELINE,HF9g-P5,,,,X 全窗基线 · 不参与实体赏罚,8390281,840,A168_HF9F_20260827_0900,2026-08-27 09:00:00
2026-04-09,147072379,1935,0,140.0000000000,78.5000000000,78.5000000000,0.6666667,6,6,0.49771390000000000,0.497713900000,0.8277047895645219,0.8277047895645219,0.8277047895645219,0E-17,ELIGIBLE,R03b_20260811_FULL_v1,L1_ELIGIBILITY,v2026-08-11,2026-03-21..2026-08-06,baccarat_bet02_101_all_pairs_incl_sentinel,round_win = game_pnl > 0 (decisive only),COMPATIBILITY_ONLY_NOT_PRODUCTION,13047.0000,11879.0000,476.0500,553,538,-0.03648732,0.42382550,-0.06436352,-0.03648732,-476.0500,13047.0000,OK,0.0000,14.2815,3.0000,97.0000,AG03-UNRESOLVED,ALL5_LEVELS_bet23_to_bet27,14.2815,14.2815,14.2815,19.0420,19.0420,3.000000,3.000000,3.000000,4.000000,4.000000,97.000000,97.000000,97.000000,96.000000,96.000000,5.0,80.9285,75.6351,395.1215,400.4149,PENDING_AG03,FALSE,NOT_FOR_ENFORCEMENT,461.7685,11522.6300,476.0500,461.7685,14.2815,0.03648732,0.03539270,14.2815,461.7685,0.03539270,14.2815,14.2815,14.2815,19.0420,19.0420,461.7685,0.03539270,80.9285,75.6351,395.1215,400.4149,0.03028447,0.03069019,0.00109462,23.5931,22.0799,0.8849,28.0029,4.7134,767.4706,31.6471,32.3913,23.2113,10.0,20.0,30.0,40.0,50.0,71.9401,20.0,0.0,2.5,3.597003,1.179656,22,68,26,5,0.05710125,0.03648732,-0.42382550,0E-8,0.000000,0.910478,0.012658,0.48818902,2026-03-27,2026-07-24,17,101,70,120,0.141667,1.395496,1.372913,0.190337,,,,,,,,GLOBAL_BASELINE_NO_ENTITY_RANKING,,,NOT_APPLICABLE_GLOBAL_BASELINE,HF9g-P5,,,,X 全窗基线 · 不参与实体赏罚,8390282,840,A168_HF9F_20260827_0900,2026-08-27 09:00:00
2026-04-09,147072379,1942,0,50.0000000000,10.0000000000,10.0000000000,0.5000000,2,2,0.49324550000000000,0.493245500000,0.01910635448239258,0.01910635448239258,0.01910635448239258,0E-17,ELIGIBLE,R03b_20260811_FULL_v1,L1_ELIGIBILITY,v2026-08-11,2026-03-21..2026-08-06,baccarat_bet02_101_all_pairs_incl_sentinel,round_win = game_pnl > 0 (decisive only),COMPATIBILITY_ONLY_NOT_PRODUCTION,13047.0000,11879.0000,476.0500,553,538,-0.03648732,0.42382550,-0.06436352,-0.03648732,-476.0500,13047.0000,OK,0.0000,14.2815,3.0000,97.0000,AG03-UNRESOLVED,ALL5_LEVELS_bet23_to_bet27,14.2815,14.2815,14.2815,19.0420,19.0420,3.000000,3.000000,3.000000,4.000000,4.000000,97.000000,97.000000,97.000000,96.000000,96.000000,5.0,80.9285,75.6351,395.1215,400.4149,PENDING_AG03,FALSE,NOT_FOR_ENFORCEMENT,461.7685,11522.6300,476.0500,461.7685,14.2815,0.03648732,0.03539270,14.2815,461.7685,0.03539270,14.2815,14.2815,14.2815,19.0420,19.0420,461.7685,0.03539270,80.9285,75.6351,395.1215,400.4149,0.03028447,0.03069019,0.00109462,23.5931,22.0799,0.8849,28.0029,4.7134,767.4706,31.6471,32.3913,23.2113,10.0,20.0,30.0,40.0,50.0,71.9401,20.0,0.0,2.5,3.597003,1.179656,22,68,26,5,0.05710125,0.03648732,-0.42382550,0E-8,0.000000,0.910478,0.012658,0.48818902,2026-03-27,2026-07-24,17,101,70,120,0.141667,1.395496,1.372913,0.190337,,,,,,,,GLOBAL_BASELINE_NO_ENTITY_RANKING,,,NOT_APPLICABLE_GLOBAL_BASELINE,HF9g-P5,,,,X 全窗基线 · 不参与实体赏罚,8390283,840,A168_HF9F_20260827_0900,2026-08-27 09:00:00
2026-04-09,147072379,1966,0,66.0000000000,-66.0000000000,-66.0000000000,0E-7,2,2,0.50665070000000000,0.506650700000,-1.4331513700195317,-1.4331513700195317,-1.4331513700195317,0E-17,ELIGIBLE,R03b_20260811_FULL_v1,L1_ELIGIBILITY,v2026-08-11,2026-03-21..2026-08-06,baccarat_bet02_101_all_pairs_incl_sentinel,round_win = game_pnl > 0 (decisive only),COMPATIBILITY_ONLY_NOT_PRODUCTION,13047.0000,11879.0000,476.0500,553,538,-0.03648732,0.42382550,-0.06436352,-0.03648732,-476.0500,13047.0000,OK,0.0000,14.2815,3.0000,97.0000,AG03-UNRESOLVED,ALL5_LEVELS_bet23_to_bet27,14.2815,14.2815,14.2815,19.0420,19.0420,3.000000,3.000000,3.000000,4.000000,4.000000,97.000000,97.000000,97.000000,96.000000,96.000000,5.0,80.9285,75.6351,395.1215,400.4149,PENDING_AG03,FALSE,NOT_FOR_ENFORCEMENT,461.7685,11522.6300,476.0500,461.7685,14.2815,0.03648732,0.03539270,14.2815,461.7685,0.03539270,14.2815,14.2815,14.2815,19.0420,19.0420,461.7685,0.03539270,80.9285,75.6351,395.1215,400.4149,0.03028447,0.03069019,0.00109462,23.5931,22.0799,0.8849,28.0029,4.7134,767.4706,31.6471,32.3913,23.2113,10.0,20.0,30.0,40.0,50.0,71.9401,20.0,0.0,2.5,3.597003,1.179656,22,68,26,5,0.05710125,0.03648732,-0.42382550,0E-8,0.000000,0.910478,0.012658,0.48818902,2026-03-27,2026-07-24,17,101,70,120,0.141667,1.395496,1.372913,0.190337,,,,,,,,GLOBAL_BASELINE_NO_ENTITY_RANKING,,,NOT_APPLICABLE_GLOBAL_BASELINE,HF9g-P5,,,,X 全窗基线 · 不参与实体赏罚,8390284,840,A168_HF9F_20260827_0900,2026-08-27 09:00:00
2026-04-09,147072379,2107,0,240.0000000000,-63.0000000000,-63.0000000000,0.5000000,8,8,0.50162375000000000,0.501623750000,-0.00795475988626705,-0.00795475988626705,-0.00795475988626705,0E-17,ELIGIBLE,R03b_20260811_FULL_v1,L1_ELIGIBILITY,v2026-08-11,2026-03-21..2026-08-06,baccarat_bet02_101_all_pairs_incl_sentinel,round_win = game_pnl > 0 (decisive only),COMPATIBILITY_ONLY_NOT_PRODUCTION,13047.0000,11879.0000,476.0500,553,538,-0.03648732,0.42382550,-0.06436352,-0.03648732,-476.0500,13047.0000,OK,0.0000,14.2815,3.0000,97.0000,AG03-UNRESOLVED,ALL5_LEVELS_bet23_to_bet27,14.2815,14.2815,14.2815,19.0420,19.0420,3.000000,3.000000,3.000000,4.000000,4.000000,97.000000,97.000000,97.000000,96.000000,96.000000,5.0,80.9285,75.6351,395.1215,400.4149,PENDING_AG03,FALSE,NOT_FOR_ENFORCEMENT,461.7685,11522.6300,476.0500,461.7685,14.2815,0.03648732,0.03539270,14.2815,461.7685,0.03539270,14.2815,14.2815,14.2815,19.0420,19.0420,461.7685,0.03539270,80.9285,75.6351,395.1215,400.4149,0.03028447,0.03069019,0.00109462,23.5931,22.0799,0.8849,28.0029,4.7134,767.4706,31.6471,32.3913,23.2113,10.0,20.0,30.0,40.0,50.0,71.9401,20.0,0.0,2.5,3.597003,1.179656,22,68,26,5,0.05710125,0.03648732,-0.42382550,0E-8,0.000000,0.910478,0.012658,0.48818902,2026-03-27,2026-07-24,17,101,70,120,0.141667,1.395496,1.372913,0.190337,,,,,,,,GLOBAL_BASELINE_NO_ENTITY_RANKING,,,NOT_APPLICABLE_GLOBAL_BASELINE,HF9g-P5,,,,X 全窗基线 · 不参与实体赏罚,8390285,840,A168_HF9F_20260827_0900,2026-08-27 09:00:00
2026-04-09,147072379,2108,0,20.0000000000,19.0000000000,19.0000000000,1.0000000,1,1,0.50665070000000000,0.506650700000,0.9867858985152569,0.9867858985152569,0.9867858985152569,0E-17,ELIGIBLE,R03b_20260811_FULL_v1,L1_ELIGIBILITY,v2026-08-11,2026-03-21..2026-08-06,baccarat_bet02_101_all_pairs_incl_sentinel,round_win = game_pnl > 0 (decisive only),COMPATIBILITY_ONLY_NOT_PRODUCTION,13047.0000,11879.0000,476.0500,553,538,-0.03648732,0.42382550,-0.06436352,-0.03648732,-476.0500,13047.0000,OK,0.0000,14.2815,3.0000,97.0000,AG03-UNRESOLVED,ALL5_LEVELS_bet23_to_bet27,14.2815,14.2815,14.2815,19.0420,19.0420,3.000000,3.000000,3.000000,4.000000,4.000000,97.000000,97.000000,97.000000,96.000000,96.000000,5.0,80.9285,75.6351,395.1215,400.4149,PENDING_AG03,FALSE,NOT_FOR_ENFORCEMENT,461.7685,11522.6300,476.0500,461.7685,14.2815,0.03648732,0.03539270,14.2815,461.7685,0.03539270,14.2815,14.2815,14.2815,19.0420,19.0420,461.7685,0.03539270,80.9285,75.6351,395.1215,400.4149,0.03028447,0.03069019,0.00109462,23.5931,22.0799,0.8849,28.0029,4.7134,767.4706,31.6471,32.3913,23.2113,10.0,20.0,30.0,40.0,50.0,71.9401,20.0,0.0,2.5,3.597003,1.179656,22,68,26,5,0.05710125,0.03648732,-0.42382550,0E-8,0.000000,0.910478,0.012658,0.48818902,2026-03-27,2026-07-24,17,101,70,120,0.141667,1.395496,1.372913,0.190337,,,,,,,,GLOBAL_BASELINE_NO_ENTITY_RANKING,,,NOT_APPLICABLE_GLOBAL_BASELINE,HF9g-P5,,,,X 全窗基线 · 不参与实体赏罚,8390286,840,A168_HF9F_20260827_0900,2026-08-27 09:00:00
2026-04-09,147072379,2127,0,438.0000000000,51.1000000000,51.1000000000,0.5000000,22,22,0.50116675454545455,0.501166754545,-0.01094515761537193,-0.010945157611107838,-0.01094515761537193,4.5455E-13,ELIGIBLE,R03b_20260811_FULL_v1,L1_ELIGIBILITY,v2026-08-11,2026-03-21..2026-08-06,baccarat_bet02_101_all_pairs_incl_sentinel,round_win = game_pnl > 0 (decisive only),COMPATIBILITY_ONLY_NOT_PRODUCTION,13047.0000,11879.0000,476.0500,553,538,-0.03648732,0.42382550,-0.06436352,-0.03648732,-476.0500,13047.0000,OK,0.0000,14.2815,3.0000,97.0000,AG03-UNRESOLVED,ALL5_LEVELS_bet23_to_bet27,14.2815,14.2815,14.2815,19.0420,19.0420,3.000000,3.000000,3.000000,4.000000,4.000000,97.000000,97.000000,97.000000,96.000000,96.000000,5.0,80.9285,75.6351,395.1215,400.4149,PENDING_AG03,FALSE,NOT_FOR_ENFORCEMENT,461.7685,11522.6300,476.0500,461.7685,14.2815,0.03648732,0.03539270,14.2815,461.7685,0.03539270,14.2815,14.2815,14.2815,19.0420,19.0420,461.7685,0.03539270,80.9285,75.6351,395.1215,400.4149,0.03028447,0.03069019,0.00109462,23.5931,22.0799,0.8849,28.0029,4.7134,767.4706,31.6471,32.3913,23.2113,10.0,20.0,30.0,40.0,50.0,71.9401,20.0,0.0,2.5,3.597003,1.179656,22,68,26,5,0.05710125,0.03648732,-0.42382550,0E-8,0.000000,0.910478,0.012658,0.48818902,2026-03-27,2026-07-24,17,101,70,120,0.141667,1.395496,1.372913,0.190337,,,,,,,,GLOBAL_BASELINE_NO_ENTITY_RANKING,,,NOT_APPLICABLE_GLOBAL_BASELINE,HF9g-P5,,,,X 全窗基线 · 不参与实体赏罚,8390287,840,A168_HF9F_20260827_0900,2026-08-27 09:00:00
2026-04-09,147072379,2130,0,390.0000000000,97.0000000000,97.0000000000,0.6000000,22,22,0.49690146363636364,0.496901463636,0.9221590500938531,0.92215905009711,0.9221590500938531,3.6364E-13,ELIGIBLE,R03b_20260811_FULL_v1,L1_ELIGIBILITY,v2026-08-11,2026-03-21..2026-08-06,baccarat_bet02_101_all_pairs_incl_sentinel,round_win = game_pnl > 0 (decisive only),COMPATIBILITY_ONLY_NOT_PRODUCTION,13047.0000,11879.0000,476.0500,553,538,-0.03648732,0.42382550,-0.06436352,-0.03648732,-476.0500,13047.0000,OK,0.0000,14.2815,3.0000,97.0000,AG03-UNRESOLVED,ALL5_LEVELS_bet23_to_bet27,14.2815,14.2815,14.2815,19.0420,19.0420,3.000000,3.000000,3.000000,4.000000,4.000000,97.000000,97.000000,97.000000,96.000000,96.000000,5.0,80.9285,75.6351,395.1215,400.4149,PENDING_AG03,FALSE,NOT_FOR_ENFORCEMENT,461.7685,11522.6300,476.0500,461.7685,14.2815,0.03648732,0.03539270,14.2815,461.7685,0.03539270,14.2815,14.2815,14.2815,19.0420,19.0420,461.7685,0.03539270,80.9285,75.6351,395.1215,400.4149,0.03028447,0.03069019,0.00109462,23.5931,22.0799,0.8849,28.0029,4.7134,767.4706,31.6471,32.3913,23.2113,10.0,20.0,30.0,40.0,50.0,71.9401,20.0,0.0,2.5,3.597003,1.179656,22,68,26,5,0.05710125,0.03648732,-0.42382550,0E-8,0.000000,0.910478,0.012658,0.48818902,2026-03-27,2026-07-24,17,101,70,120,0.141667,1.395496,1.372913,0.190337,,,,,,,,GLOBAL_BASELINE_NO_ENTITY_RANKING,,,NOT_APPLICABLE_GLOBAL_BASELINE,HF9g-P5,,,,X 全窗基线 · 不参与实体赏罚,8390288,840,A168_HF9F_20260827_0900,2026-08-27 09:00:00
2026-04-09,147072379,2145,0,430.0000000000,-30.0000000000,-30.0000000000,0.3571429,15,15,0.49860758000000000,0.498607580000,-1.0586291555119223,-1.0586291555119223,-1.0586291555119223,0E-17,ELIGIBLE,R03b_20260811_FULL_v1,L1_ELIGIBILITY,v2026-08-11,2026-03-21..2026-08-06,baccarat_bet02_101_all_pairs_incl_sentinel,round_win = game_pnl > 0 (decisive only),COMPATIBILITY_ONLY_NOT_PRODUCTION,13047.0000,11879.0000,476.0500,553,538,-0.03648732,0.42382550,-0.06436352,-0.03648732,-476.0500,13047.0000,OK,0.0000,14.2815,3.0000,97.0000,AG03-UNRESOLVED,ALL5_LEVELS_bet23_to_bet27,14.2815,14.2815,14.2815,19.0420,19.0420,3.000000,3.000000,3.000000,4.000000,4.000000,97.000000,97.000000,97.000000,96.000000,96.000000,5.0,80.9285,75.6351,395.1215,400.4149,PENDING_AG03,FALSE,NOT_FOR_ENFORCEMENT,461.7685,11522.6300,476.0500,461.7685,14.2815,0.03648732,0.03539270,14.2815,461.7685,0.03539270,14.2815,14.2815,14.2815,19.0420,19.0420,461.7685,0.03539270,80.9285,75.6351,395.1215,400.4149,0.03028447,0.03069019,0.00109462,23.5931,22.0799,0.8849,28.0029,4.7134,767.4706,31.6471,32.3913,23.2113,10.0,20.0,30.0,40.0,50.0,71.9401,20.0,0.0,2.5,3.597003,1.179656,22,68,26,5,0.05710125,0.03648732,-0.42382550,0E-8,0.000000,0.910478,0.012658,0.48818902,2026-03-27,2026-07-24,17,101,70,120,0.141667,1.395496,1.372913,0.190337,,,,,,,,GLOBAL_BASELINE_NO_ENTITY_RANKING,,,NOT_APPLICABLE_GLOBAL_BASELINE,HF9g-P5,,,,X 全窗基线 · 不参与实体赏罚,8390289,840,A168_HF9F_20260827_0900,2026-08-27 09:00:00
2026-04-09,147072379,2171,0,560.0000000000,69.0000000000,69.0000000000,0.5416667,25,25,0.49592654000000000,0.495926540000,0.4481747578571834,0.4481747578571834,0.4481747578571834,0E-17,ELIGIBLE,R03b_20260811_FULL_v1,L1_ELIGIBILITY,v2026-08-11,2026-03-21..2026-08-06,baccarat_bet02_101_all_pairs_incl_sentinel,round_win = game_pnl > 0 (decisive only),COMPATIBILITY_ONLY_NOT_PRODUCTION,13047.0000,11879.0000,476.0500,553,538,-0.03648732,0.42382550,-0.06436352,-0.03648732,-476.0500,13047.0000,OK,0.0000,14.2815,3.0000,97.0000,AG03-UNRESOLVED,ALL5_LEVELS_bet23_to_bet27,14.2815,14.2815,14.2815,19.0420,19.0420,3.000000,3.000000,3.000000,4.000000,4.000000,97.000000,97.000000,97.000000,96.000000,96.000000,5.0,80.9285,75.6351,395.1215,400.4149,PENDING_AG03,FALSE,NOT_FOR_ENFORCEMENT,461.7685,11522.6300,476.0500,461.7685,14.2815,0.03648732,0.03539270,14.2815,461.7685,0.03539270,14.2815,14.2815,14.2815,19.0420,19.0420,461.7685,0.03539270,80.9285,75.6351,395.1215,400.4149,0.03028447,0.03069019,0.00109462,23.5931,22.0799,0.8849,28.0029,4.7134,767.4706,31.6471,32.3913,23.2113,10.0,20.0,30.0,40.0,50.0,71.9401,20.0,0.0,2.5,3.597003,1.179656,22,68,26,5,0.05710125,0.03648732,-0.42382550,0E-8,0.000000,0.910478,0.012658,0.48818902,2026-03-27,2026-07-24,17,101,70,120,0.141667,1.395496,1.372913,0.190337,,,,,,,,GLOBAL_BASELINE_NO_ENTITY_RANKING,,,NOT_APPLICABLE_GLOBAL_BASELINE,HF9g-P5,,,,X 全窗基线 · 不参与实体赏罚,8390290,840,A168_HF9F_20260827_0900,2026-08-27 09:00:00
2026-04-09,147072379,2174,0,780.0000000000,-58.5000000000,-58.5000000000,0.4814815,29,29,0.49971697586206897,0.499716975862,-0.18950884697021458,-0.18950884696949785,-0.18950884697021458,6.897E-14,ELIGIBLE,R03b_20260811_FULL_v1,L1_ELIGIBILITY,v2026-08-11,2026-03-21..2026-08-06,baccarat_bet02_101_all_pairs_incl_sentinel,round_win = game_pnl > 0 (decisive only),COMPATIBILITY_ONLY_NOT_PRODUCTION,13047.0000,11879.0000,476.0500,553,538,-0.03648732,0.42382550,-0.06436352,-0.03648732,-476.0500,13047.0000,OK,0.0000,14.2815,3.0000,97.0000,AG03-UNRESOLVED,ALL5_LEVELS_bet23_to_bet27,14.2815,14.2815,14.2815,19.0420,19.0420,3.000000,3.000000,3.000000,4.000000,4.000000,97.000000,97.000000,97.000000,96.000000,96.000000,5.0,80.9285,75.6351,395.1215,400.4149,PENDING_AG03,FALSE,NOT_FOR_ENFORCEMENT,461.7685,11522.6300,476.0500,461.7685,14.2815,0.03648732,0.03539270,14.2815,461.7685,0.03539270,14.2815,14.2815,14.2815,19.0420,19.0420,461.7685,0.03539270,80.9285,75.6351,395.1215,400.4149,0.03028447,0.03069019,0.00109462,23.5931,22.0799,0.8849,28.0029,4.7134,767.4706,31.6471,32.3913,23.2113,10.0,20.0,30.0,40.0,50.0,71.9401,20.0,0.0,2.5,3.597003,1.179656,22,68,26,5,0.05710125,0.03648732,-0.42382550,0E-8,0.000000,0.910478,0.012658,0.48818902,2026-03-27,2026-07-24,17,101,70,120,0.141667,1.395496,1.372913,0.190337,,,,,,,,GLOBAL_BASELINE_NO_ENTITY_RANKING,,,NOT_APPLICABLE_GLOBAL_BASELINE,HF9g-P5,,,,X 全窗基线 · 不参与实体赏罚,8390291,840,A168_HF9F_20260827_0900,2026-08-27 09:00:00
2026-04-09,147072379,2177,0,150.0000000000,-51.0000000000,-51.0000000000,0.3333333,6,6,0.49994810000000000,0.499948100000,-0.8162423282897021,-0.8162423282897021,-0.8162423282897021,0E-17,ELIGIBLE,R03b_20260811_FULL_v1,L1_ELIGIBILITY,v2026-08-11,2026-03-21..2026-08-06,baccarat_bet02_101_all_pairs_incl_sentinel,round_win = game_pnl > 0 (decisive only),COMPATIBILITY_ONLY_NOT_PRODUCTION,13047.0000,11879.0000,476.0500,553,538,-0.03648732,0.42382550,-0.06436352,-0.03648732,-476.0500,13047.0000,OK,0.0000,14.2815,3.0000,97.0000,AG03-UNRESOLVED,ALL5_LEVELS_bet23_to_bet27,14.2815,14.2815,14.2815,19.0420,19.0420,3.000000,3.000000,3.000000,4.000000,4.000000,97.000000,97.000000,97.000000,96.000000,96.000000,5.0,80.9285,75.6351,395.1215,400.4149,PENDING_AG03,FALSE,NOT_FOR_ENFORCEMENT,461.7685,11522.6300,476.0500,461.7685,14.2815,0.03648732,0.03539270,14.2815,461.7685,0.03539270,14.2815,14.2815,14.2815,19.0420,19.0420,461.7685,0.03539270,80.9285,75.6351,395.1215,400.4149,0.03028447,0.03069019,0.00109462,23.5931,22.0799,0.8849,28.0029,4.7134,767.4706,31.6471,32.3913,23.2113,10.0,20.0,30.0,40.0,50.0,71.9401,20.0,0.0,2.5,3.597003,1.179656,22,68,26,5,0.05710125,0.03648732,-0.42382550,0E-8,0.000000,0.910478,0.012658,0.48818902,2026-03-27,2026-07-24,17,101,70,120,0.141667,1.395496,1.372913,0.190337,,,,,,,,GLOBAL_BASELINE_NO_ENTITY_RANKING,,,NOT_APPLICABLE_GLOBAL_BASELINE,HF9g-P5,,,,X 全窗基线 · 不参与实体赏罚,8390292,840,A168_HF9F_20260827_0900,2026-08-27 09:00:00
2026-04-09,147072379,2196,0,840.0000000000,-206.0000000000,-206.0000000000,0.4166667,19,16,0.48271104281250000,0.469073588542,-0.457842647714364,-0.36378234636887996,-0.457842647714364,0.01363745427050000,ELIGIBLE,R03b_20260811_FULL_v1,L1_ELIGIBILITY,v2026-08-11,2026-03-21..2026-08-06,baccarat_bet02_101_all_pairs_incl_sentinel,round_win = game_pnl > 0 (decisive only),COMPATIBILITY_ONLY_NOT_PRODUCTION,13047.0000,11879.0000,476.0500,553,538,-0.03648732,0.42382550,-0.06436352,-0.03648732,-476.0500,13047.0000,OK,0.0000,14.2815,3.0000,97.0000,AG03-UNRESOLVED,ALL5_LEVELS_bet23_to_bet27,14.2815,14.2815,14.2815,19.0420,19.0420,3.000000,3.000000,3.000000,4.000000,4.000000,97.000000,97.000000,97.000000,96.000000,96.000000,5.0,80.9285,75.6351,395.1215,400.4149,PENDING_AG03,FALSE,NOT_FOR_ENFORCEMENT,461.7685,11522.6300,476.0500,461.7685,14.2815,0.03648732,0.03539270,14.2815,461.7685,0.03539270,14.2815,14.2815,14.2815,19.0420,19.0420,461.7685,0.03539270,80.9285,75.6351,395.1215,400.4149,0.03028447,0.03069019,0.00109462,23.5931,22.0799,0.8849,28.0029,4.7134,767.4706,31.6471,32.3913,23.2113,10.0,20.0,30.0,40.0,50.0,71.9401,20.0,0.0,2.5,3.597003,1.179656,22,68,26,5,0.05710125,0.03648732,-0.42382550,0E-8,0.000000,0.910478,0.012658,0.48818902,2026-03-27,2026-07-24,17,101,70,120,0.141667,1.395496,1.372913,0.190337,,,,,,,,GLOBAL_BASELINE_NO_ENTITY_RANKING,,,NOT_APPLICABLE_GLOBAL_BASELINE,HF9g-P5,,,,X 全窗基线 · 不参与实体赏罚,8390293,840,A168_HF9F_20260827_0900,2026-08-27 09:00:00
2026-04-09,147072379,2223,0,272.0000000000,-154.0000000000,-154.0000000000,0.2222222,10,10,0.50262914000000000,0.502629140000,-1.6824647664894286,-1.6824647664894288,-1.6824647664894286,0E-17,ELIGIBLE,R03b_20260811_FULL_v1,L1_ELIGIBILITY,v2026-08-11,2026-03-21..2026-08-06,baccarat_bet02_101_all_pairs_incl_sentinel,round_win = game_pnl > 0 (decisive only),COMPATIBILITY_ONLY_NOT_PRODUCTION,13047.0000,11879.0000,476.0500,553,538,-0.03648732,0.42382550,-0.06436352,-0.03648732,-476.0500,13047.0000,OK,0.0000,14.2815,3.0000,97.0000,AG03-UNRESOLVED,ALL5_LEVELS_bet23_to_bet27,14.2815,14.2815,14.2815,19.0420,19.0420,3.000000,3.000000,3.000000,4.000000,4.000000,97.000000,97.000000,97.000000,96.000000,96.000000,5.0,80.9285,75.6351,395.1215,400.4149,PENDING_AG03,FALSE,NOT_FOR_ENFORCEMENT,461.7685,11522.6300,476.0500,461.7685,14.2815,0.03648732,0.03539270,14.2815,461.7685,0.03539270,14.2815,14.2815,14.2815,19.0420,19.0420,461.7685,0.03539270,80.9285,75.6351,395.1215,400.4149,0.03028447,0.03069019,0.00109462,23.5931,22.0799,0.8849,28.0029,4.7134,767.4706,31.6471,32.3913,23.2113,10.0,20.0,30.0,40.0,50.0,71.9401,20.0,0.0,2.5,3.597003,1.179656,22,68,26,5,0.05710125,0.03648732,-0.42382550,0E-8,0.000000,0.910478,0.012658,0.48818902,2026-03-27,2026-07-24,17,101,70,120,0.141667,1.395496,1.372913,0.190337,,,,,,,,GLOBAL_BASELINE_NO_ENTITY_RANKING,,,NOT_APPLICABLE_GLOBAL_BASELINE,HF9g-P5,,,,X 全窗基线 · 不参与实体赏罚,8390294,840,A168_HF9F_20260827_0900,2026-08-27 09:00:00
2026-04-09,147072379,2224,0,95.0000000000,-95.0000000000,-95.0000000000,0E-7,2,1,0.07469898421052632,0.074698350000,-0.28412917387853176,-0.28412787034489473,-0.28412917387853176,6.3421052632E-7,ELIGIBLE,R03b_20260811_FULL_v1,L1_ELIGIBILITY,v2026-08-11,2026-03-21..2026-08-06,baccarat_bet02_101_all_pairs_incl_sentinel,round_win = game_pnl > 0 (decisive only),COMPATIBILITY_ONLY_NOT_PRODUCTION,13047.0000,11879.0000,476.0500,553,538,-0.03648732,0.42382550,-0.06436352,-0.03648732,-476.0500,13047.0000,OK,0.0000,14.2815,3.0000,97.0000,AG03-UNRESOLVED,ALL5_LEVELS_bet23_to_bet27,14.2815,14.2815,14.2815,19.0420,19.0420,3.000000,3.000000,3.000000,4.000000,4.000000,97.000000,97.000000,97.000000,96.000000,96.000000,5.0,80.9285,75.6351,395.1215,400.4149,PENDING_AG03,FALSE,NOT_FOR_ENFORCEMENT,461.7685,11522.6300,476.0500,461.7685,14.2815,0.03648732,0.03539270,14.2815,461.7685,0.03539270,14.2815,14.2815,14.2815,19.0420,19.0420,461.7685,0.03539270,80.9285,75.6351,395.1215,400.4149,0.03028447,0.03069019,0.00109462,23.5931,22.0799,0.8849,28.0029,4.7134,767.4706,31.6471,32.3913,23.2113,10.0,20.0,30.0,40.0,50.0,71.9401,20.0,0.0,2.5,3.597003,1.179656,22,68,26,5,0.05710125,0.03648732,-0.42382550,0E-8,0.000000,0.910478,0.012658,0.48818902,2026-03-27,2026-07-24,17,101,70,120,0.141667,1.395496,1.372913,0.190337,,,,,,,,GLOBAL_BASELINE_NO_ENTITY_RANKING,,,NOT_APPLICABLE_GLOBAL_BASELINE,HF9g-P5,,,,X 全窗基线 · 不参与实体赏罚,8390295,840,A168_HF9F_20260827_0900,2026-08-27 09:00:00
2026-04-09,147072379,2233,0,1070.0000000000,144.5000000000,144.5000000000,0.5714286,44,39,0.47294455491452991,0.471098604701,1.1669883146840099,1.1891083398333164,1.1669883146840099,0.00184595021352991,ELIGIBLE,R03b_20260811_FULL_v1,L1_ELIGIBILITY,v2026-08-11,2026-03-21..2026-08-06,baccarat_bet02_101_all_pairs_incl_sentinel,round_win = game_pnl > 0 (decisive only),COMPATIBILITY_ONLY_NOT_PRODUCTION,13047.0000,11879.0000,476.0500,553,538,-0.03648732,0.42382550,-0.06436352,-0.03648732,-476.0500,13047.0000,OK,0.0000,14.2815,3.0000,97.0000,AG03-UNRESOLVED,ALL5_LEVELS_bet23_to_bet27,14.2815,14.2815,14.2815,19.0420,19.0420,3.000000,3.000000,3.000000,4.000000,4.000000,97.000000,97.000000,97.000000,96.000000,96.000000,5.0,80.9285,75.6351,395.1215,400.4149,PENDING_AG03,FALSE,NOT_FOR_ENFORCEMENT,461.7685,11522.6300,476.0500,461.7685,14.2815,0.03648732,0.03539270,14.2815,461.7685,0.03539270,14.2815,14.2815,14.2815,19.0420,19.0420,461.7685,0.03539270,80.9285,75.6351,395.1215,400.4149,0.03028447,0.03069019,0.00109462,23.5931,22.0799,0.8849,28.0029,4.7134,767.4706,31.6471,32.3913,23.2113,10.0,20.0,30.0,40.0,50.0,71.9401,20.0,0.0,2.5,3.597003,1.179656,22,68,26,5,0.05710125,0.03648732,-0.42382550,0E-8,0.000000,0.910478,0.012658,0.48818902,2026-03-27,2026-07-24,17,101,70,120,0.141667,1.395496,1.372913,0.190337,,,,,,,,GLOBAL_BASELINE_NO_ENTITY_RANKING,,,NOT_APPLICABLE_GLOBAL_BASELINE,HF9g-P5,,,,X 全窗基线 · 不参与实体赏罚,8390296,840,A168_HF9F_20260827_0900,2026-08-27 09:00:00
2026-04-09,147072379,2250,0,10.0000000000,9.5000000000,9.5000000000,1.0000000,1,1,0.50665070000000000,0.506650700000,0.9867858985152569,0.9867858985152569,0.9867858985152569,0E-17,ELIGIBLE,R03b_20260811_FULL_v1,L1_ELIGIBILITY,v2026-08-11,2026-03-21..2026-08-06,baccarat_bet02_101_all_pairs_incl_sentinel,round_win = game_pnl > 0 (decisive only),COMPATIBILITY_ONLY_NOT_PRODUCTION,13047.0000,11879.0000,476.0500,553,538,-0.03648732,0.42382550,-0.06436352,-0.03648732,-476.0500,13047.0000,OK,0.0000,14.2815,3.0000,97.0000,AG03-UNRESOLVED,ALL5_LEVELS_bet23_to_bet27,14.2815,14.2815,14.2815,19.0420,19.0420,3.000000,3.000000,3.000000,4.000000,4.000000,97.000000,97.000000,97.000000,96.000000,96.000000,5.0,80.9285,75.6351,395.1215,400.4149,PENDING_AG03,FALSE,NOT_FOR_ENFORCEMENT,461.7685,11522.6300,476.0500,461.7685,14.2815,0.03648732,0.03539270,14.2815,461.7685,0.03539270,14.2815,14.2815,14.2815,19.0420,19.0420,461.7685,0.03539270,80.9285,75.6351,395.1215,400.4149,0.03028447,0.03069019,0.00109462,23.5931,22.0799,0.8849,28.0029,4.7134,767.4706,31.6471,32.3913,23.2113,10.0,20.0,30.0,40.0,50.0,71.9401,20.0,0.0,2.5,3.597003,1.179656,22,68,26,5,0.05710125,0.03648732,-0.42382550,0E-8,0.000000,0.910478,0.012658,0.48818902,2026-03-27,2026-07-24,17,101,70,120,0.141667,1.395496,1.372913,0.190337,,,,,,,,GLOBAL_BASELINE_NO_ENTITY_RANKING,,,NOT_APPLICABLE_GLOBAL_BASELINE,HF9g-P5,,,,X 全窗基线 · 不参与实体赏罚,8390297,840,A168_HF9F_20260827_0900,2026-08-27 09:00:00
2026-04-09,147072379,2267,0,30.0000000000,-30.0000000000,-30.0000000000,0E-7,2,2,0.49324550000000000,0.493245500000,-1.3952362676504506,-1.3952362676504506,-1.3952362676504506,0E-17,ELIGIBLE,R03b_20260811_FULL_v1,L1_ELIGIBILITY,v2026-08-11,2026-03-21..2026-08-06,baccarat_bet02_101_all_pairs_incl_sentinel,round_win = game_pnl > 0 (decisive only),COMPATIBILITY_ONLY_NOT_PRODUCTION,13047.0000,11879.0000,476.0500,553,538,-0.03648732,0.42382550,-0.06436352,-0.03648732,-476.0500,13047.0000,OK,0.0000,14.2815,3.0000,97.0000,AG03-UNRESOLVED,ALL5_LEVELS_bet23_to_bet27,14.2815,14.2815,14.2815,19.0420,19.0420,3.000000,3.000000,3.000000,4.000000,4.000000,97.000000,97.000000,97.000000,96.000000,96.000000,5.0,80.9285,75.6351,395.1215,400.4149,PENDING_AG03,FALSE,NOT_FOR_ENFORCEMENT,461.7685,11522.6300,476.0500,461.7685,14.2815,0.03648732,0.03539270,14.2815,461.7685,0.03539270,14.2815,14.2815,14.2815,19.0420,19.0420,461.7685,0.03539270,80.9285,75.6351,395.1215,400.4149,0.03028447,0.03069019,0.00109462,23.5931,22.0799,0.8849,28.0029,4.7134,767.4706,31.6471,32.3913,23.2113,10.0,20.0,30.0,40.0,50.0,71.9401,20.0,0.0,2.5,3.597003,1.179656,22,68,26,5,0.05710125,0.03648732,-0.42382550,0E-8,0.000000,0.910478,0.012658,0.48818902,2026-03-27,2026-07-24,17,101,70,120,0.141667,1.395496,1.372913,0.190337,,,,,,,,GLOBAL_BASELINE_NO_ENTITY_RANKING,,,NOT_APPLICABLE_GLOBAL_BASELINE,HF9g-P5,,,,X 全窗基线 · 不参与实体赏罚,8390298,840,A168_HF9F_20260827_0900,2026-08-27 09:00:00
2026-04-09,147072379,789,0,140.0000000000,-140.0000000000,-140.0000000000,0E-7,2,2,0.50665070000000000,0.506650700000,-1.4331513700195317,-1.4331513700195317,-1.4331513700195317,0E-17,ELIGIBLE,R03b_20260811_FULL_v1,L1_ELIGIBILITY,v2026-08-11,2026-03-21..2026-08-06,baccarat_bet02_101_all_pairs_incl_sentinel,round_win = game_pnl > 0 (decisive only),COMPATIBILITY_ONLY_NOT_PRODUCTION,13047.0000,11879.0000,476.0500,553,538,-0.03648732,0.42382550,-0.06436352,-0.03648732,-476.0500,13047.0000,OK,0.0000,14.2815,3.0000,97.0000,AG03-UNRESOLVED,ALL5_LEVELS_bet23_to_bet27,14.2815,14.2815,14.2815,19.0420,19.0420,3.000000,3.000000,3.000000,4.000000,4.000000,97.000000,97.000000,97.000000,96.000000,96.000000,5.0,80.9285,75.6351,395.1215,400.4149,PENDING_AG03,FALSE,NOT_FOR_ENFORCEMENT,461.7685,11522.6300,476.0500,461.7685,14.2815,0.03648732,0.03539270,14.2815,461.7685,0.03539270,14.2815,14.2815,14.2815,19.0420,19.0420,461.7685,0.03539270,80.9285,75.6351,395.1215,400.4149,0.03028447,0.03069019,0.00109462,23.5931,22.0799,0.8849,28.0029,4.7134,767.4706,31.6471,32.3913,23.2113,10.0,20.0,30.0,40.0,50.0,71.9401,20.0,0.0,2.5,3.597003,1.179656,22,68,26,5,0.05710125,0.03648732,-0.42382550,0E-8,0.000000,0.910478,0.012658,0.48818902,2026-03-27,2026-07-24,17,101,70,120,0.141667,1.395496,1.372913,0.190337,,,,,,,,GLOBAL_BASELINE_NO_ENTITY_RANKING,,,NOT_APPLICABLE_GLOBAL_BASELINE,HF9g-P5,,,,X 全窗基线 · 不参与实体赏罚,8390299,840,A168_HF9F_20260827_0900,2026-08-27 09:00:00
2026-04-09,147072379,987,0,80.0000000000,-40.0000000000,-40.0000000000,0.3333333,6,6,0.49547970000000000,0.495479700000,-0.7943841881047936,-0.7943841881047936,-0.7943841881047936,0E-17,ELIGIBLE,R03b_20260811_FULL_v1,L1_ELIGIBILITY,v2026-08-11,2026-03-21..2026-08-06,baccarat_bet02_101_all_pairs_incl_sentinel,round_win = game_pnl > 0 (decisive only),COMPATIBILITY_ONLY_NOT_PRODUCTION,13047.0000,11879.0000,476.0500,553,538,-0.03648732,0.42382550,-0.06436352,-0.03648732,-476.0500,13047.0000,OK,0.0000,14.2815,3.0000,97.0000,AG03-UNRESOLVED,ALL5_LEVELS_bet23_to_bet27,14.2815,14.2815,14.2815,19.0420,19.0420,3.000000,3.000000,3.000000,4.000000,4.000000,97.000000,97.000000,97.000000,96.000000,96.000000,5.0,80.9285,75.6351,395.1215,400.4149,PENDING_AG03,FALSE,NOT_FOR_ENFORCEMENT,461.7685,11522.6300,476.0500,461.7685,14.2815,0.03648732,0.03539270,14.2815,461.7685,0.03539270,14.2815,14.2815,14.2815,19.0420,19.0420,461.7685,0.03539270,80.9285,75.6351,395.1215,400.4149,0.03028447,0.03069019,0.00109462,23.5931,22.0799,0.8849,28.0029,4.7134,767.4706,31.6471,32.3913,23.2113,10.0,20.0,30.0,40.0,50.0,71.9401,20.0,0.0,2.5,3.597003,1.179656,22,68,26,5,0.05710125,0.03648732,-0.42382550,0E-8,0.000000,0.910478,0.012658,0.48818902,2026-03-27,2026-07-24,17,101,70,120,0.141667,1.395496,1.372913,0.190337,,,,,,,,GLOBAL_BASELINE_NO_ENTITY_RANKING,,,NOT_APPLICABLE_GLOBAL_BASELINE,HF9g-P5,,,,X 全窗基线 · 不参与实体赏罚,8390300,840,A168_HF9F_20260827_0900,2026-08-27 09:00:00
2026-04-10,147072379,789,0,59.0000000000,-20.0000000000,-20.0000000000,0.5000000,2,2,0.49994810000000000,0.499948100000,0.00014679536856514622,0.00014679536856514622,0.00014679536856514622,0E-17,ELIGIBLE,R03b_20260811_FULL_v1,L1_ELIGIBILITY,v2026-08-11,2026-03-21..2026-08-06,baccarat_bet02_101_all_pairs_incl_sentinel,round_win = game_pnl > 0 (decisive only),COMPATIBILITY_ONLY_NOT_PRODUCTION,13047.0000,11879.0000,476.0500,553,538,-0.03648732,0.42382550,-0.06436352,-0.03648732,-476.0500,13047.0000,OK,0.0000,14.2815,3.0000,97.0000,AG03-UNRESOLVED,ALL5_LEVELS_bet23_to_bet27,14.2815,14.2815,14.2815,19.0420,19.0420,3.000000,3.000000,3.000000,4.000000,4.000000,97.000000,97.000000,97.000000,96.000000,96.000000,5.0,80.9285,75.6351,395.1215,400.4149,PENDING_AG03,FALSE,NOT_FOR_ENFORCEMENT,461.7685,11522.6300,476.0500,461.7685,14.2815,0.03648732,0.03539270,14.2815,461.7685,0.03539270,14.2815,14.2815,14.2815,19.0420,19.0420,461.7685,0.03539270,80.9285,75.6351,395.1215,400.4149,0.03028447,0.03069019,0.00109462,23.5931,22.0799,0.8849,28.0029,4.7134,767.4706,31.6471,32.3913,23.2113,10.0,20.0,30.0,40.0,50.0,71.9401,20.0,0.0,2.5,3.597003,1.179656,22,68,26,5,0.05710125,0.03648732,-0.42382550,0E-8,0.000000,0.910478,0.012658,0.48818902,2026-03-27,2026-07-24,17,101,70,120,0.141667,1.395496,1.372913,0.190337,,,,,,,,GLOBAL_BASELINE_NO_ENTITY_RANKING,,,NOT_APPLICABLE_GLOBAL_BASELINE,HF9g-P5,,,,X 全窗基线 · 不参与实体赏罚,8390301,840,A168_HF9F_20260827_0900,2026-08-27 09:00:00
2026-04-14,147072379,-1,1,50.0000000000,10.0000000000,10.0000000000,0.6000000,5,5,0.49324550000000000,0.493245500000,0.47746420675292983,0.47746420675292983,0.47746420675292983,0E-17,SENTINEL_DEALER,R03b_20260811_FULL_v1,L1_ELIGIBILITY,v2026-08-11,2026-03-21..2026-08-06,baccarat_bet02_101_all_pairs_incl_sentinel,round_win = game_pnl > 0 (decisive only),COMPATIBILITY_ONLY_NOT_PRODUCTION,13047.0000,11879.0000,476.0500,553,538,-0.03648732,0.42382550,-0.06436352,-0.03648732,-476.0500,13047.0000,OK,0.0000,14.2815,3.0000,97.0000,AG03-UNRESOLVED,ALL5_LEVELS_bet23_to_bet27,14.2815,14.2815,14.2815,19.0420,19.0420,3.000000,3.000000,3.000000,4.000000,4.000000,97.000000,97.000000,97.000000,96.000000,96.000000,5.0,80.9285,75.6351,395.1215,400.4149,PENDING_AG03,FALSE,NOT_FOR_ENFORCEMENT,461.7685,11522.6300,476.0500,461.7685,14.2815,0.03648732,0.03539270,14.2815,461.7685,0.03539270,14.2815,14.2815,14.2815,19.0420,19.0420,461.7685,0.03539270,80.9285,75.6351,395.1215,400.4149,0.03028447,0.03069019,0.00109462,23.5931,22.0799,0.8849,28.0029,4.7134,767.4706,31.6471,32.3913,23.2113,10.0,20.0,30.0,40.0,50.0,71.9401,20.0,0.0,2.5,3.597003,1.179656,22,68,26,5,0.05710125,0.03648732,-0.42382550,0E-8,0.000000,0.910478,0.012658,0.48818902,2026-03-27,2026-07-24,17,101,70,120,0.141667,1.395496,1.372913,0.190337,,,,,,,,GLOBAL_BASELINE_NO_ENTITY_RANKING,,,NOT_APPLICABLE_GLOBAL_BASELINE,HF9g-P5,,,,X 全窗基线 · 不参与实体赏罚,8390302,840,A168_HF9F_20260827_0900,2026-08-27 09:00:00
2026-04-14,147072379,2130,0,10.0000000000,-10.0000000000,-10.0000000000,0E-7,1,1,0.49324550000000000,0.493245500000,-0.9865810262130424,-0.9865810262130424,-0.9865810262130424,0E-17,ELIGIBLE,R03b_20260811_FULL_v1,L1_ELIGIBILITY,v2026-08-11,2026-03-21..2026-08-06,baccarat_bet02_101_all_pairs_incl_sentinel,round_win = game_pnl > 0 (decisive only),COMPATIBILITY_ONLY_NOT_PRODUCTION,13047.0000,11879.0000,476.0500,553,538,-0.03648732,0.42382550,-0.06436352,-0.03648732,-476.0500,13047.0000,OK,0.0000,14.2815,3.0000,97.0000,AG03-UNRESOLVED,ALL5_LEVELS_bet23_to_bet27,14.2815,14.2815,14.2815,19.0420,19.0420,3.000000,3.000000,3.000000,4.000000,4.000000,97.000000,97.000000,97.000000,96.000000,96.000000,5.0,80.9285,75.6351,395.1215,400.4149,PENDING_AG03,FALSE,NOT_FOR_ENFORCEMENT,461.7685,11522.6300,476.0500,461.7685,14.2815,0.03648732,0.03539270,14.2815,461.7685,0.03539270,14.2815,14.2815,14.2815,19.0420,19.0420,461.7685,0.03539270,80.9285,75.6351,395.1215,400.4149,0.03028447,0.03069019,0.00109462,23.5931,22.0799,0.8849,28.0029,4.7134,767.4706,31.6471,32.3913,23.2113,10.0,20.0,30.0,40.0,50.0,71.9401,20.0,0.0,2.5,3.597003,1.179656,22,68,26,5,0.05710125,0.03648732,-0.42382550,0E-8,0.000000,0.910478,0.012658,0.48818902,2026-03-27,2026-07-24,17,101,70,120,0.141667,1.395496,1.372913,0.190337,,,,,,,,GLOBAL_BASELINE_NO_ENTITY_RANKING,,,NOT_APPLICABLE_GLOBAL_BASELINE,HF9g-P5,,,,X 全窗基线 · 不参与实体赏罚,8390303,840,A168_HF9F_20260827_0900,2026-08-27 09:00:00
2026-04-14,147072379,2174,0,60.0000000000,0E-10,0E-10,0.5000000,4,4,0.49324550000000000,0.493245500000,0.027020465636507562,0.027020465636507562,0.027020465636507562,0E-17,ELIGIBLE,R03b_20260811_FULL_v1,L1_ELIGIBILITY,v2026-08-11,2026-03-21..2026-08-06,baccarat_bet02_101_all_pairs_incl_sentinel,round_win = game_pnl > 0 (decisive only),COMPATIBILITY_ONLY_NOT_PRODUCTION,13047.0000,11879.0000,476.0500,553,538,-0.03648732,0.42382550,-0.06436352,-0.03648732,-476.0500,13047.0000,OK,0.0000,14.2815,3.0000,97.0000,AG03-UNRESOLVED,ALL5_LEVELS_bet23_to_bet27,14.2815,14.2815,14.2815,19.0420,19.0420,3.000000,3.000000,3.000000,4.000000,4.000000,97.000000,97.000000,97.000000,96.000000,96.000000,5.0,80.9285,75.6351,395.1215,400.4149,PENDING_AG03,FALSE,NOT_FOR_ENFORCEMENT,461.7685,11522.6300,476.0500,461.7685,14.2815,0.03648732,0.03539270,14.2815,461.7685,0.03539270,14.2815,14.2815,14.2815,19.0420,19.0420,461.7685,0.03539270,80.9285,75.6351,395.1215,400.4149,0.03028447,0.03069019,0.00109462,23.5931,22.0799,0.8849,28.0029,4.7134,767.4706,31.6471,32.3913,23.2113,10.0,20.0,30.0,40.0,50.0,71.9401,20.0,0.0,2.5,3.597003,1.179656,22,68,26,5,0.05710125,0.03648732,-0.42382550,0E-8,0.000000,0.910478,0.012658,0.48818902,2026-03-27,2026-07-24,17,101,70,120,0.141667,1.395496,1.372913,0.190337,,,,,,,,GLOBAL_BASELINE_NO_ENTITY_RANKING,,,NOT_APPLICABLE_GLOBAL_BASELINE,HF9g-P5,,,,X 全窗基线 · 不参与实体赏罚,8390304,840,A168_HF9F_20260827_0900,2026-08-27 09:00:00
2026-04-14,147072379,994,0,40.0000000000,-20.0000000000,-20.0000000000,0E-7,2,2,0.49324550000000000,0.493245500000,-0.9865810262130424,-0.9865810262130424,-0.9865810262130424,0E-17,ELIGIBLE,R03b_20260811_FULL_v1,L1_ELIGIBILITY,v2026-08-11,2026-03-21..2026-08-06,baccarat_bet02_101_all_pairs_incl_sentinel,round_win = game_pnl > 0 (decisive only),COMPATIBILITY_ONLY_NOT_PRODUCTION,13047.0000,11879.0000,476.0500,553,538,-0.03648732,0.42382550,-0.06436352,-0.03648732,-476.0500,13047.0000,OK,0.0000,14.2815,3.0000,97.0000,AG03-UNRESOLVED,ALL5_LEVELS_bet23_to_bet27,14.2815,14.2815,14.2815,19.0420,19.0420,3.000000,3.000000,3.000000,4.000000,4.000000,97.000000,97.000000,97.000000,96.000000,96.000000,5.0,80.9285,75.6351,395.1215,400.4149,PENDING_AG03,FALSE,NOT_FOR_ENFORCEMENT,461.7685,11522.6300,476.0500,461.7685,14.2815,0.03648732,0.03539270,14.2815,461.7685,0.03539270,14.2815,14.2815,14.2815,19.0420,19.0420,461.7685,0.03539270,80.9285,75.6351,395.1215,400.4149,0.03028447,0.03069019,0.00109462,23.5931,22.0799,0.8849,28.0029,4.7134,767.4706,31.6471,32.3913,23.2113,10.0,20.0,30.0,40.0,50.0,71.9401,20.0,0.0,2.5,3.597003,1.179656,22,68,26,5,0.05710125,0.03648732,-0.42382550,0E-8,0.000000,0.910478,0.012658,0.48818902,2026-03-27,2026-07-24,17,101,70,120,0.141667,1.395496,1.372913,0.190337,,,,,,,,GLOBAL_BASELINE_NO_ENTITY_RANKING,,,NOT_APPLICABLE_GLOBAL_BASELINE,HF9g-P5,,,,X 全窗基线 · 不参与实体赏罚,8390305,840,A168_HF9F_20260827_0900,2026-08-27 09:00:00
2026-04-22,147072379,1017,0,10.0000000000,10.0000000000,10.0000000000,1.0000000,1,1,0.49324550000000000,0.493245500000,1.01360149184955,1.01360149184955,1.01360149184955,0E-17,ELIGIBLE,R03b_20260811_FULL_v1,L1_ELIGIBILITY,v2026-08-11,2026-03-21..2026-08-06,baccarat_bet02_101_all_pairs_incl_sentinel,round_win = game_pnl > 0 (decisive only),COMPATIBILITY_ONLY_NOT_PRODUCTION,13047.0000,11879.0000,476.0500,553,538,-0.03648732,0.42382550,-0.06436352,-0.03648732,-476.0500,13047.0000,OK,0.0000,14.2815,3.0000,97.0000,AG03-UNRESOLVED,ALL5_LEVELS_bet23_to_bet27,14.2815,14.2815,14.2815,19.0420,19.0420,3.000000,3.000000,3.000000,4.000000,4.000000,97.000000,97.000000,97.000000,96.000000,96.000000,5.0,80.9285,75.6351,395.1215,400.4149,PENDING_AG03,FALSE,NOT_FOR_ENFORCEMENT,461.7685,11522.6300,476.0500,461.7685,14.2815,0.03648732,0.03539270,14.2815,461.7685,0.03539270,14.2815,14.2815,14.2815,19.0420,19.0420,461.7685,0.03539270,80.9285,75.6351,395.1215,400.4149,0.03028447,0.03069019,0.00109462,23.5931,22.0799,0.8849,28.0029,4.7134,767.4706,31.6471,32.3913,23.2113,10.0,20.0,30.0,40.0,50.0,71.9401,20.0,0.0,2.5,3.597003,1.179656,22,68,26,5,0.05710125,0.03648732,-0.42382550,0E-8,0.000000,0.910478,0.012658,0.48818902,2026-03-27,2026-07-24,17,101,70,120,0.141667,1.395496,1.372913,0.190337,,,,,,,,GLOBAL_BASELINE_NO_ENTITY_RANKING,,,NOT_APPLICABLE_GLOBAL_BASELINE,HF9g-P5,,,,X 全窗基线 · 不参与实体赏罚,8390306,840,A168_HF9F_20260827_0900,2026-08-27 09:00:00
2026-04-22,147072379,1304,0,20.0000000000,-20.0000000000,-20.0000000000,0E-7,1,1,0.49324550000000000,0.493245500000,-0.9865810262130424,-0.9865810262130424,-0.9865810262130424,0E-17,ELIGIBLE,R03b_20260811_FULL_v1,L1_ELIGIBILITY,v2026-08-11,2026-03-21..2026-08-06,baccarat_bet02_101_all_pairs_incl_sentinel,round_win = game_pnl > 0 (decisive only),COMPATIBILITY_ONLY_NOT_PRODUCTION,13047.0000,11879.0000,476.0500,553,538,-0.03648732,0.42382550,-0.06436352,-0.03648732,-476.0500,13047.0000,OK,0.0000,14.2815,3.0000,97.0000,AG03-UNRESOLVED,ALL5_LEVELS_bet23_to_bet27,14.2815,14.2815,14.2815,19.0420,19.0420,3.000000,3.000000,3.000000,4.000000,4.000000,97.000000,97.000000,97.000000,96.000000,96.000000,5.0,80.9285,75.6351,395.1215,400.4149,PENDING_AG03,FALSE,NOT_FOR_ENFORCEMENT,461.7685,11522.6300,476.0500,461.7685,14.2815,0.03648732,0.03539270,14.2815,461.7685,0.03539270,14.2815,14.2815,14.2815,19.0420,19.0420,461.7685,0.03539270,80.9285,75.6351,395.1215,400.4149,0.03028447,0.03069019,0.00109462,23.5931,22.0799,0.8849,28.0029,4.7134,767.4706,31.6471,32.3913,23.2113,10.0,20.0,30.0,40.0,50.0,71.9401,20.0,0.0,2.5,3.597003,1.179656,22,68,26,5,0.05710125,0.03648732,-0.42382550,0E-8,0.000000,0.910478,0.012658,0.48818902,2026-03-27,2026-07-24,17,101,70,120,0.141667,1.395496,1.372913,0.190337,,,,,,,,GLOBAL_BASELINE_NO_ENTITY_RANKING,,,NOT_APPLICABLE_GLOBAL_BASELINE,HF9g-P5,,,,X 全窗基线 · 不参与实体赏罚,8390307,840,A168_HF9F_20260827_0900,2026-08-27 09:00:00
2026-04-22,147072379,1331,0,40.0000000000,-10.0000000000,-10.0000000000,0.3333333,4,4,0.49324550000000000,0.493245500000,-0.5540025479526107,-0.5540025479526106,-0.5540025479526107,0E-17,ELIGIBLE,R03b_20260811_FULL_v1,L1_ELIGIBILITY,v2026-08-11,2026-03-21..2026-08-06,baccarat_bet02_101_all_pairs_incl_sentinel,round_win = game_pnl > 0 (decisive only),COMPATIBILITY_ONLY_NOT_PRODUCTION,13047.0000,11879.0000,476.0500,553,538,-0.03648732,0.42382550,-0.06436352,-0.03648732,-476.0500,13047.0000,OK,0.0000,14.2815,3.0000,97.0000,AG03-UNRESOLVED,ALL5_LEVELS_bet23_to_bet27,14.2815,14.2815,14.2815,19.0420,19.0420,3.000000,3.000000,3.000000,4.000000,4.000000,97.000000,97.000000,97.000000,96.000000,96.000000,5.0,80.9285,75.6351,395.1215,400.4149,PENDING_AG03,FALSE,NOT_FOR_ENFORCEMENT,461.7685,11522.6300,476.0500,461.7685,14.2815,0.03648732,0.03539270,14.2815,461.7685,0.03539270,14.2815,14.2815,14.2815,19.0420,19.0420,461.7685,0.03539270,80.9285,75.6351,395.1215,400.4149,0.03028447,0.03069019,0.00109462,23.5931,22.0799,0.8849,28.0029,4.7134,767.4706,31.6471,32.3913,23.2113,10.0,20.0,30.0,40.0,50.0,71.9401,20.0,0.0,2.5,3.597003,1.179656,22,68,26,5,0.05710125,0.03648732,-0.42382550,0E-8,0.000000,0.910478,0.012658,0.48818902,2026-03-27,2026-07-24,17,101,70,120,0.141667,1.395496,1.372913,0.190337,,,,,,,,GLOBAL_BASELINE_NO_ENTITY_RANKING,,,NOT_APPLICABLE_GLOBAL_BASELINE,HF9g-P5,,,,X 全窗基线 · 不参与实体赏罚,8390308,840,A168_HF9F_20260827_0900,2026-08-27 09:00:00
2026-04-22,147072379,1353,0,10.0000000000,-10.0000000000,-10.0000000000,0E-7,1,1,0.50665070000000000,0.506650700000,-1.013391052207602,-1.013391052207602,-1.013391052207602,0E-17,ELIGIBLE,R03b_20260811_FULL_v1,L1_ELIGIBILITY,v2026-08-11,2026-03-21..2026-08-06,baccarat_bet02_101_all_pairs_incl_sentinel,round_win = game_pnl > 0 (decisive only),COMPATIBILITY_ONLY_NOT_PRODUCTION,13047.0000,11879.0000,476.0500,553,538,-0.03648732,0.42382550,-0.06436352,-0.03648732,-476.0500,13047.0000,OK,0.0000,14.2815,3.0000,97.0000,AG03-UNRESOLVED,ALL5_LEVELS_bet23_to_bet27,14.2815,14.2815,14.2815,19.0420,19.0420,3.000000,3.000000,3.000000,4.000000,4.000000,97.000000,97.000000,97.000000,96.000000,96.000000,5.0,80.9285,75.6351,395.1215,400.4149,PENDING_AG03,FALSE,NOT_FOR_ENFORCEMENT,461.7685,11522.6300,476.0500,461.7685,14.2815,0.03648732,0.03539270,14.2815,461.7685,0.03539270,14.2815,14.2815,14.2815,19.0420,19.0420,461.7685,0.03539270,80.9285,75.6351,395.1215,400.4149,0.03028447,0.03069019,0.00109462,23.5931,22.0799,0.8849,28.0029,4.7134,767.4706,31.6471,32.3913,23.2113,10.0,20.0,30.0,40.0,50.0,71.9401,20.0,0.0,2.5,3.597003,1.179656,22,68,26,5,0.05710125,0.03648732,-0.42382550,0E-8,0.000000,0.910478,0.012658,0.48818902,2026-03-27,2026-07-24,17,101,70,120,0.141667,1.395496,1.372913,0.190337,,,,,,,,GLOBAL_BASELINE_NO_ENTITY_RANKING,,,NOT_APPLICABLE_GLOBAL_BASELINE,HF9g-P5,,,,X 全窗基线 · 不参与实体赏罚,8390309,840,A168_HF9F_20260827_0900,2026-08-27 09:00:00
2026-04-22,147072379,1374,0,50.0000000000,10.0000000000,10.0000000000,0.6666667,3,3,0.49771390000000000,0.497713900000,0.5852756695216578,0.5852756695216578,0.5852756695216578,0E-17,ELIGIBLE,R03b_20260811_FULL_v1,L1_ELIGIBILITY,v2026-08-11,2026-03-21..2026-08-06,baccarat_bet02_101_all_pairs_incl_sentinel,round_win = game_pnl > 0 (decisive only),COMPATIBILITY_ONLY_NOT_PRODUCTION,13047.0000,11879.0000,476.0500,553,538,-0.03648732,0.42382550,-0.06436352,-0.03648732,-476.0500,13047.0000,OK,0.0000,14.2815,3.0000,97.0000,AG03-UNRESOLVED,ALL5_LEVELS_bet23_to_bet27,14.2815,14.2815,14.2815,19.0420,19.0420,3.000000,3.000000,3.000000,4.000000,4.000000,97.000000,97.000000,97.000000,96.000000,96.000000,5.0,80.9285,75.6351,395.1215,400.4149,PENDING_AG03,FALSE,NOT_FOR_ENFORCEMENT,461.7685,11522.6300,476.0500,461.7685,14.2815,0.03648732,0.03539270,14.2815,461.7685,0.03539270,14.2815,14.2815,14.2815,19.0420,19.0420,461.7685,0.03539270,80.9285,75.6351,395.1215,400.4149,0.03028447,0.03069019,0.00109462,23.5931,22.0799,0.8849,28.0029,4.7134,767.4706,31.6471,32.3913,23.2113,10.0,20.0,30.0,40.0,50.0,71.9401,20.0,0.0,2.5,3.597003,1.179656,22,68,26,5,0.05710125,0.03648732,-0.42382550,0E-8,0.000000,0.910478,0.012658,0.48818902,2026-03-27,2026-07-24,17,101,70,120,0.141667,1.395496,1.372913,0.190337,,,,,,,,GLOBAL_BASELINE_NO_ENTITY_RANKING,,,NOT_APPLICABLE_GLOBAL_BASELINE,HF9g-P5,,,,X 全窗基线 · 不参与实体赏罚,8390310,840,A168_HF9F_20260827_0900,2026-08-27 09:00:00
2026-04-22,147072379,2169,0,60.0000000000,-20.0000000000,-20.0000000000,0.2500000,4,4,0.49324550000000000,0.493245500000,-0.9730707933947887,-0.9730707933947887,-0.9730707933947887,0E-17,ELIGIBLE,R03b_20260811_FULL_v1,L1_ELIGIBILITY,v2026-08-11,2026-03-21..2026-08-06,baccarat_bet02_101_all_pairs_incl_sentinel,round_win = game_pnl > 0 (decisive only),COMPATIBILITY_ONLY_NOT_PRODUCTION,13047.0000,11879.0000,476.0500,553,538,-0.03648732,0.42382550,-0.06436352,-0.03648732,-476.0500,13047.0000,OK,0.0000,14.2815,3.0000,97.0000,AG03-UNRESOLVED,ALL5_LEVELS_bet23_to_bet27,14.2815,14.2815,14.2815,19.0420,19.0420,3.000000,3.000000,3.000000,4.000000,4.000000,97.000000,97.000000,97.000000,96.000000,96.000000,5.0,80.9285,75.6351,395.1215,400.4149,PENDING_AG03,FALSE,NOT_FOR_ENFORCEMENT,461.7685,11522.6300,476.0500,461.7685,14.2815,0.03648732,0.03539270,14.2815,461.7685,0.03539270,14.2815,14.2815,14.2815,19.0420,19.0420,461.7685,0.03539270,80.9285,75.6351,395.1215,400.4149,0.03028447,0.03069019,0.00109462,23.5931,22.0799,0.8849,28.0029,4.7134,767.4706,31.6471,32.3913,23.2113,10.0,20.0,30.0,40.0,50.0,71.9401,20.0,0.0,2.5,3.597003,1.179656,22,68,26,5,0.05710125,0.03648732,-0.42382550,0E-8,0.000000,0.910478,0.012658,0.48818902,2026-03-27,2026-07-24,17,101,70,120,0.141667,1.395496,1.372913,0.190337,,,,,,,,GLOBAL_BASELINE_NO_ENTITY_RANKING,,,NOT_APPLICABLE_GLOBAL_BASELINE,HF9g-P5,,,,X 全窗基线 · 不参与实体赏罚,8390311,840,A168_HF9F_20260827_0900,2026-08-27 09:00:00
2026-04-22,147072379,2174,0,30.0000000000,-30.0000000000,-30.0000000000,0E-7,2,2,0.49994810000000000,0.499948100000,-1.4140667746232096,-1.4140667746232096,-1.4140667746232096,0E-17,ELIGIBLE,R03b_20260811_FULL_v1,L1_ELIGIBILITY,v2026-08-11,2026-03-21..2026-08-06,baccarat_bet02_101_all_pairs_incl_sentinel,round_win = game_pnl > 0 (decisive only),COMPATIBILITY_ONLY_NOT_PRODUCTION,13047.0000,11879.0000,476.0500,553,538,-0.03648732,0.42382550,-0.06436352,-0.03648732,-476.0500,13047.0000,OK,0.0000,14.2815,3.0000,97.0000,AG03-UNRESOLVED,ALL5_LEVELS_bet23_to_bet27,14.2815,14.2815,14.2815,19.0420,19.0420,3.000000,3.000000,3.000000,4.000000,4.000000,97.000000,97.000000,97.000000,96.000000,96.000000,5.0,80.9285,75.6351,395.1215,400.4149,PENDING_AG03,FALSE,NOT_FOR_ENFORCEMENT,461.7685,11522.6300,476.0500,461.7685,14.2815,0.03648732,0.03539270,14.2815,461.7685,0.03539270,14.2815,14.2815,14.2815,19.0420,19.0420,461.7685,0.03539270,80.9285,75.6351,395.1215,400.4149,0.03028447,0.03069019,0.00109462,23.5931,22.0799,0.8849,28.0029,4.7134,767.4706,31.6471,32.3913,23.2113,10.0,20.0,30.0,40.0,50.0,71.9401,20.0,0.0,2.5,3.597003,1.179656,22,68,26,5,0.05710125,0.03648732,-0.42382550,0E-8,0.000000,0.910478,0.012658,0.48818902,2026-03-27,2026-07-24,17,101,70,120,0.141667,1.395496,1.372913,0.190337,,,,,,,,GLOBAL_BASELINE_NO_ENTITY_RANKING,,,NOT_APPLICABLE_GLOBAL_BASELINE,HF9g-P5,,,,X 全窗基线 · 不参与实体赏罚,8390312,840,A168_HF9F_20260827_0900,2026-08-27 09:00:00
2026-04-22,147072379,2223,0,116.0000000000,25.0500000000,25.0500000000,0.6000000,6,6,0.49994810000000000,0.499948100000,0.44744570176651083,0.44744570176651083,0.44744570176651083,0E-17,ELIGIBLE,R03b_20260811_FULL_v1,L1_ELIGIBILITY,v2026-08-11,2026-03-21..2026-08-06,baccarat_bet02_101_all_pairs_incl_sentinel,round_win = game_pnl > 0 (decisive only),COMPATIBILITY_ONLY_NOT_PRODUCTION,13047.0000,11879.0000,476.0500,553,538,-0.03648732,0.42382550,-0.06436352,-0.03648732,-476.0500,13047.0000,OK,0.0000,14.2815,3.0000,97.0000,AG03-UNRESOLVED,ALL5_LEVELS_bet23_to_bet27,14.2815,14.2815,14.2815,19.0420,19.0420,3.000000,3.000000,3.000000,4.000000,4.000000,97.000000,97.000000,97.000000,96.000000,96.000000,5.0,80.9285,75.6351,395.1215,400.4149,PENDING_AG03,FALSE,NOT_FOR_ENFORCEMENT,461.7685,11522.6300,476.0500,461.7685,14.2815,0.03648732,0.03539270,14.2815,461.7685,0.03539270,14.2815,14.2815,14.2815,19.0420,19.0420,461.7685,0.03539270,80.9285,75.6351,395.1215,400.4149,0.03028447,0.03069019,0.00109462,23.5931,22.0799,0.8849,28.0029,4.7134,767.4706,31.6471,32.3913,23.2113,10.0,20.0,30.0,40.0,50.0,71.9401,20.0,0.0,2.5,3.597003,1.179656,22,68,26,5,0.05710125,0.03648732,-0.42382550,0E-8,0.000000,0.910478,0.012658,0.48818902,2026-03-27,2026-07-24,17,101,70,120,0.141667,1.395496,1.372913,0.190337,,,,,,,,GLOBAL_BASELINE_NO_ENTITY_RANKING,,,NOT_APPLICABLE_GLOBAL_BASELINE,HF9g-P5,,,,X 全窗基线 · 不参与实体赏罚,8390313,840,A168_HF9F_20260827_0900,2026-08-27 09:00:00
2026-04-22,147072379,2271,0,10.0000000000,-10.0000000000,-10.0000000000,0E-7,1,1,0.49324550000000000,0.493245500000,-0.9865810262130424,-0.9865810262130424,-0.9865810262130424,0E-17,ELIGIBLE,R03b_20260811_FULL_v1,L1_ELIGIBILITY,v2026-08-11,2026-03-21..2026-08-06,baccarat_bet02_101_all_pairs_incl_sentinel,round_win = game_pnl > 0 (decisive only),COMPATIBILITY_ONLY_NOT_PRODUCTION,13047.0000,11879.0000,476.0500,553,538,-0.03648732,0.42382550,-0.06436352,-0.03648732,-476.0500,13047.0000,OK,0.0000,14.2815,3.0000,97.0000,AG03-UNRESOLVED,ALL5_LEVELS_bet23_to_bet27,14.2815,14.2815,14.2815,19.0420,19.0420,3.000000,3.000000,3.000000,4.000000,4.000000,97.000000,97.000000,97.000000,96.000000,96.000000,5.0,80.9285,75.6351,395.1215,400.4149,PENDING_AG03,FALSE,NOT_FOR_ENFORCEMENT,461.7685,11522.6300,476.0500,461.7685,14.2815,0.03648732,0.03539270,14.2815,461.7685,0.03539270,14.2815,14.2815,14.2815,19.0420,19.0420,461.7685,0.03539270,80.9285,75.6351,395.1215,400.4149,0.03028447,0.03069019,0.00109462,23.5931,22.0799,0.8849,28.0029,4.7134,767.4706,31.6471,32.3913,23.2113,10.0,20.0,30.0,40.0,50.0,71.9401,20.0,0.0,2.5,3.597003,1.179656,22,68,26,5,0.05710125,0.03648732,-0.42382550,0E-8,0.000000,0.910478,0.012658,0.48818902,2026-03-27,2026-07-24,17,101,70,120,0.141667,1.395496,1.372913,0.190337,,,,,,,,GLOBAL_BASELINE_NO_ENTITY_RANKING,,,NOT_APPLICABLE_GLOBAL_BASELINE,HF9g-P5,,,,X 全窗基线 · 不参与实体赏罚,8390314,840,A168_HF9F_20260827_0900,2026-08-27 09:00:00
2026-04-22,147072379,994,0,50.0000000000,49.0000000000,49.0000000000,1.0000000,3,3,0.49771390000000000,0.497713900000,1.739988277604938,1.739988277604938,1.739988277604938,0E-17,ELIGIBLE,R03b_20260811_FULL_v1,L1_ELIGIBILITY,v2026-08-11,2026-03-21..2026-08-06,baccarat_bet02_101_all_pairs_incl_sentinel,round_win = game_pnl > 0 (decisive only),COMPATIBILITY_ONLY_NOT_PRODUCTION,13047.0000,11879.0000,476.0500,553,538,-0.03648732,0.42382550,-0.06436352,-0.03648732,-476.0500,13047.0000,OK,0.0000,14.2815,3.0000,97.0000,AG03-UNRESOLVED,ALL5_LEVELS_bet23_to_bet27,14.2815,14.2815,14.2815,19.0420,19.0420,3.000000,3.000000,3.000000,4.000000,4.000000,97.000000,97.000000,97.000000,96.000000,96.000000,5.0,80.9285,75.6351,395.1215,400.4149,PENDING_AG03,FALSE,NOT_FOR_ENFORCEMENT,461.7685,11522.6300,476.0500,461.7685,14.2815,0.03648732,0.03539270,14.2815,461.7685,0.03539270,14.2815,14.2815,14.2815,19.0420,19.0420,461.7685,0.03539270,80.9285,75.6351,395.1215,400.4149,0.03028447,0.03069019,0.00109462,23.5931,22.0799,0.8849,28.0029,4.7134,767.4706,31.6471,32.3913,23.2113,10.0,20.0,30.0,40.0,50.0,71.9401,20.0,0.0,2.5,3.597003,1.179656,22,68,26,5,0.05710125,0.03648732,-0.42382550,0E-8,0.000000,0.910478,0.012658,0.48818902,2026-03-27,2026-07-24,17,101,70,120,0.141667,1.395496,1.372913,0.190337,,,,,,,,GLOBAL_BASELINE_NO_ENTITY_RANKING,,,NOT_APPLICABLE_GLOBAL_BASELINE,HF9g-P5,,,,X 全窗基线 · 不参与实体赏罚,8390315,840,A168_HF9F_20260827_0900,2026-08-27 09:00:00
2026-04-28,147072379,1157,0,10.0000000000,-10.0000000000,-10.0000000000,0E-7,1,1,0.50665070000000000,0.506650700000,-1.013391052207602,-1.013391052207602,-1.013391052207602,0E-17,ELIGIBLE,R03b_20260811_FULL_v1,L1_ELIGIBILITY,v2026-08-11,2026-03-21..2026-08-06,baccarat_bet02_101_all_pairs_incl_sentinel,round_win = game_pnl > 0 (decisive only),COMPATIBILITY_ONLY_NOT_PRODUCTION,13047.0000,11879.0000,476.0500,553,538,-0.03648732,0.42382550,-0.06436352,-0.03648732,-476.0500,13047.0000,OK,0.0000,14.2815,3.0000,97.0000,AG03-UNRESOLVED,ALL5_LEVELS_bet23_to_bet27,14.2815,14.2815,14.2815,19.0420,19.0420,3.000000,3.000000,3.000000,4.000000,4.000000,97.000000,97.000000,97.000000,96.000000,96.000000,5.0,80.9285,75.6351,395.1215,400.4149,PENDING_AG03,FALSE,NOT_FOR_ENFORCEMENT,461.7685,11522.6300,476.0500,461.7685,14.2815,0.03648732,0.03539270,14.2815,461.7685,0.03539270,14.2815,14.2815,14.2815,19.0420,19.0420,461.7685,0.03539270,80.9285,75.6351,395.1215,400.4149,0.03028447,0.03069019,0.00109462,23.5931,22.0799,0.8849,28.0029,4.7134,767.4706,31.6471,32.3913,23.2113,10.0,20.0,30.0,40.0,50.0,71.9401,20.0,0.0,2.5,3.597003,1.179656,22,68,26,5,0.05710125,0.03648732,-0.42382550,0E-8,0.000000,0.910478,0.012658,0.48818902,2026-03-27,2026-07-24,17,101,70,120,0.141667,1.395496,1.372913,0.190337,,,,,,,,GLOBAL_BASELINE_NO_ENTITY_RANKING,,,NOT_APPLICABLE_GLOBAL_BASELINE,HF9g-P5,,,,X 全窗基线 · 不参与实体赏罚,8390316,840,A168_HF9F_20260827_0900,2026-08-27 09:00:00
2026-04-28,147072379,1505,0,10.0000000000,-10.0000000000,-10.0000000000,0E-7,1,1,0.49324550000000000,0.493245500000,-0.9865810262130424,-0.9865810262130424,-0.9865810262130424,0E-17,ELIGIBLE,R03b_20260811_FULL_v1,L1_ELIGIBILITY,v2026-08-11,2026-03-21..2026-08-06,baccarat_bet02_101_all_pairs_incl_sentinel,round_win = game_pnl > 0 (decisive only),COMPATIBILITY_ONLY_NOT_PRODUCTION,13047.0000,11879.0000,476.0500,553,538,-0.03648732,0.42382550,-0.06436352,-0.03648732,-476.0500,13047.0000,OK,0.0000,14.2815,3.0000,97.0000,AG03-UNRESOLVED,ALL5_LEVELS_bet23_to_bet27,14.2815,14.2815,14.2815,19.0420,19.0420,3.000000,3.000000,3.000000,4.000000,4.000000,97.000000,97.000000,97.000000,96.000000,96.000000,5.0,80.9285,75.6351,395.1215,400.4149,PENDING_AG03,FALSE,NOT_FOR_ENFORCEMENT,461.7685,11522.6300,476.0500,461.7685,14.2815,0.03648732,0.03539270,14.2815,461.7685,0.03539270,14.2815,14.2815,14.2815,19.0420,19.0420,461.7685,0.03539270,80.9285,75.6351,395.1215,400.4149,0.03028447,0.03069019,0.00109462,23.5931,22.0799,0.8849,28.0029,4.7134,767.4706,31.6471,32.3913,23.2113,10.0,20.0,30.0,40.0,50.0,71.9401,20.0,0.0,2.5,3.597003,1.179656,22,68,26,5,0.05710125,0.03648732,-0.42382550,0E-8,0.000000,0.910478,0.012658,0.48818902,2026-03-27,2026-07-24,17,101,70,120,0.141667,1.395496,1.372913,0.190337,,,,,,,,GLOBAL_BASELINE_NO_ENTITY_RANKING,,,NOT_APPLICABLE_GLOBAL_BASELINE,HF9g-P5,,,,X 全窗基线 · 不参与实体赏罚,8390317,840,A168_HF9F_20260827_0900,2026-08-27 09:00:00
2026-04-28,147072379,1966,0,30.0000000000,-30.0000000000,-30.0000000000,0E-7,2,2,0.50665070000000000,0.506650700000,-1.4331513700195317,-1.4331513700195317,-1.4331513700195317,0E-17,ELIGIBLE,R03b_20260811_FULL_v1,L1_ELIGIBILITY,v2026-08-11,2026-03-21..2026-08-06,baccarat_bet02_101_all_pairs_incl_sentinel,round_win = game_pnl > 0 (decisive only),COMPATIBILITY_ONLY_NOT_PRODUCTION,13047.0000,11879.0000,476.0500,553,538,-0.03648732,0.42382550,-0.06436352,-0.03648732,-476.0500,13047.0000,OK,0.0000,14.2815,3.0000,97.0000,AG03-UNRESOLVED,ALL5_LEVELS_bet23_to_bet27,14.2815,14.2815,14.2815,19.0420,19.0420,3.000000,3.000000,3.000000,4.000000,4.000000,97.000000,97.000000,97.000000,96.000000,96.000000,5.0,80.9285,75.6351,395.1215,400.4149,PENDING_AG03,FALSE,NOT_FOR_ENFORCEMENT,461.7685,11522.6300,476.0500,461.7685,14.2815,0.03648732,0.03539270,14.2815,461.7685,0.03539270,14.2815,14.2815,14.2815,19.0420,19.0420,461.7685,0.03539270,80.9285,75.6351,395.1215,400.4149,0.03028447,0.03069019,0.00109462,23.5931,22.0799,0.8849,28.0029,4.7134,767.4706,31.6471,32.3913,23.2113,10.0,20.0,30.0,40.0,50.0,71.9401,20.0,0.0,2.5,3.597003,1.179656,22,68,26,5,0.05710125,0.03648732,-0.42382550,0E-8,0.000000,0.910478,0.012658,0.48818902,2026-03-27,2026-07-24,17,101,70,120,0.141667,1.395496,1.372913,0.190337,,,,,,,,GLOBAL_BASELINE_NO_ENTITY_RANKING,,,NOT_APPLICABLE_GLOBAL_BASELINE,HF9g-P5,,,,X 全窗基线 · 不参与实体赏罚,8390318,840,A168_HF9F_20260827_0900,2026-08-27 09:00:00
2026-04-28,147072379,2103,0,86.0000000000,-66.0000000000,-66.0000000000,0.2500000,4,4,0.49994810000000000,0.499948100000,-0.9997924053861017,-0.9997924053861017,-0.9997924053861017,0E-17,ELIGIBLE,R03b_20260811_FULL_v1,L1_ELIGIBILITY,v2026-08-11,2026-03-21..2026-08-06,baccarat_bet02_101_all_pairs_incl_sentinel,round_win = game_pnl > 0 (decisive only),COMPATIBILITY_ONLY_NOT_PRODUCTION,13047.0000,11879.0000,476.0500,553,538,-0.03648732,0.42382550,-0.06436352,-0.03648732,-476.0500,13047.0000,OK,0.0000,14.2815,3.0000,97.0000,AG03-UNRESOLVED,ALL5_LEVELS_bet23_to_bet27,14.2815,14.2815,14.2815,19.0420,19.0420,3.000000,3.000000,3.000000,4.000000,4.000000,97.000000,97.000000,97.000000,96.000000,96.000000,5.0,80.9285,75.6351,395.1215,400.4149,PENDING_AG03,FALSE,NOT_FOR_ENFORCEMENT,461.7685,11522.6300,476.0500,461.7685,14.2815,0.03648732,0.03539270,14.2815,461.7685,0.03539270,14.2815,14.2815,14.2815,19.0420,19.0420,461.7685,0.03539270,80.9285,75.6351,395.1215,400.4149,0.03028447,0.03069019,0.00109462,23.5931,22.0799,0.8849,28.0029,4.7134,767.4706,31.6471,32.3913,23.2113,10.0,20.0,30.0,40.0,50.0,71.9401,20.0,0.0,2.5,3.597003,1.179656,22,68,26,5,0.05710125,0.03648732,-0.42382550,0E-8,0.000000,0.910478,0.012658,0.48818902,2026-03-27,2026-07-24,17,101,70,120,0.141667,1.395496,1.372913,0.190337,,,,,,,,GLOBAL_BASELINE_NO_ENTITY_RANKING,,,NOT_APPLICABLE_GLOBAL_BASELINE,HF9g-P5,,,,X 全窗基线 · 不参与实体赏罚,8390319,840,A168_HF9F_20260827_0900,2026-08-27 09:00:00
2026-04-28,147072379,2117,0,79.0000000000,16.5500000000,16.5500000000,0.6666667,3,3,0.50665070000000000,0.506650700000,0.5543606114942035,0.5543606114942035,0.5543606114942035,0E-17,ELIGIBLE,R03b_20260811_FULL_v1,L1_ELIGIBILITY,v2026-08-11,2026-03-21..2026-08-06,baccarat_bet02_101_all_pairs_incl_sentinel,round_win = game_pnl > 0 (decisive only),COMPATIBILITY_ONLY_NOT_PRODUCTION,13047.0000,11879.0000,476.0500,553,538,-0.03648732,0.42382550,-0.06436352,-0.03648732,-476.0500,13047.0000,OK,0.0000,14.2815,3.0000,97.0000,AG03-UNRESOLVED,ALL5_LEVELS_bet23_to_bet27,14.2815,14.2815,14.2815,19.0420,19.0420,3.000000,3.000000,3.000000,4.000000,4.000000,97.000000,97.000000,97.000000,96.000000,96.000000,5.0,80.9285,75.6351,395.1215,400.4149,PENDING_AG03,FALSE,NOT_FOR_ENFORCEMENT,461.7685,11522.6300,476.0500,461.7685,14.2815,0.03648732,0.03539270,14.2815,461.7685,0.03539270,14.2815,14.2815,14.2815,19.0420,19.0420,461.7685,0.03539270,80.9285,75.6351,395.1215,400.4149,0.03028447,0.03069019,0.00109462,23.5931,22.0799,0.8849,28.0029,4.7134,767.4706,31.6471,32.3913,23.2113,10.0,20.0,30.0,40.0,50.0,71.9401,20.0,0.0,2.5,3.597003,1.179656,22,68,26,5,0.05710125,0.03648732,-0.42382550,0E-8,0.000000,0.910478,0.012658,0.48818902,2026-03-27,2026-07-24,17,101,70,120,0.141667,1.395496,1.372913,0.190337,,,,,,,,GLOBAL_BASELINE_NO_ENTITY_RANKING,,,NOT_APPLICABLE_GLOBAL_BASELINE,HF9g-P5,,,,X 全窗基线 · 不参与实体赏罚,8390320,840,A168_HF9F_20260827_0900,2026-08-27 09:00:00
2026-04-28,147072379,2123,0,10.0000000000,-10.0000000000,-10.0000000000,0E-7,1,1,0.49324550000000000,0.493245500000,-0.9865810262130424,-0.9865810262130424,-0.9865810262130424,0E-17,ELIGIBLE,R03b_20260811_FULL_v1,L1_ELIGIBILITY,v2026-08-11,2026-03-21..2026-08-06,baccarat_bet02_101_all_pairs_incl_sentinel,round_win = game_pnl > 0 (decisive only),COMPATIBILITY_ONLY_NOT_PRODUCTION,13047.0000,11879.0000,476.0500,553,538,-0.03648732,0.42382550,-0.06436352,-0.03648732,-476.0500,13047.0000,OK,0.0000,14.2815,3.0000,97.0000,AG03-UNRESOLVED,ALL5_LEVELS_bet23_to_bet27,14.2815,14.2815,14.2815,19.0420,19.0420,3.000000,3.000000,3.000000,4.000000,4.000000,97.000000,97.000000,97.000000,96.000000,96.000000,5.0,80.9285,75.6351,395.1215,400.4149,PENDING_AG03,FALSE,NOT_FOR_ENFORCEMENT,461.7685,11522.6300,476.0500,461.7685,14.2815,0.03648732,0.03539270,14.2815,461.7685,0.03539270,14.2815,14.2815,14.2815,19.0420,19.0420,461.7685,0.03539270,80.9285,75.6351,395.1215,400.4149,0.03028447,0.03069019,0.00109462,23.5931,22.0799,0.8849,28.0029,4.7134,767.4706,31.6471,32.3913,23.2113,10.0,20.0,30.0,40.0,50.0,71.9401,20.0,0.0,2.5,3.597003,1.179656,22,68,26,5,0.05710125,0.03648732,-0.42382550,0E-8,0.000000,0.910478,0.012658,0.48818902,2026-03-27,2026-07-24,17,101,70,120,0.141667,1.395496,1.372913,0.190337,,,,,,,,GLOBAL_BASELINE_NO_ENTITY_RANKING,,,NOT_APPLICABLE_GLOBAL_BASELINE,HF9g-P5,,,,X 全窗基线 · 不参与实体赏罚,8390321,840,A168_HF9F_20260827_0900,2026-08-27 09:00:00
2026-04-28,147072379,2141,0,10.0000000000,-10.0000000000,-10.0000000000,0E-7,1,1,0.49324550000000000,0.493245500000,-0.9865810262130424,-0.9865810262130424,-0.9865810262130424,0E-17,ELIGIBLE,R03b_20260811_FULL_v1,L1_ELIGIBILITY,v2026-08-11,2026-03-21..2026-08-06,baccarat_bet02_101_all_pairs_incl_sentinel,round_win = game_pnl > 0 (decisive only),COMPATIBILITY_ONLY_NOT_PRODUCTION,13047.0000,11879.0000,476.0500,553,538,-0.03648732,0.42382550,-0.06436352,-0.03648732,-476.0500,13047.0000,OK,0.0000,14.2815,3.0000,97.0000,AG03-UNRESOLVED,ALL5_LEVELS_bet23_to_bet27,14.2815,14.2815,14.2815,19.0420,19.0420,3.000000,3.000000,3.000000,4.000000,4.000000,97.000000,97.000000,97.000000,96.000000,96.000000,5.0,80.9285,75.6351,395.1215,400.4149,PENDING_AG03,FALSE,NOT_FOR_ENFORCEMENT,461.7685,11522.6300,476.0500,461.7685,14.2815,0.03648732,0.03539270,14.2815,461.7685,0.03539270,14.2815,14.2815,14.2815,19.0420,19.0420,461.7685,0.03539270,80.9285,75.6351,395.1215,400.4149,0.03028447,0.03069019,0.00109462,23.5931,22.0799,0.8849,28.0029,4.7134,767.4706,31.6471,32.3913,23.2113,10.0,20.0,30.0,40.0,50.0,71.9401,20.0,0.0,2.5,3.597003,1.179656,22,68,26,5,0.05710125,0.03648732,-0.42382550,0E-8,0.000000,0.910478,0.012658,0.48818902,2026-03-27,2026-07-24,17,101,70,120,0.141667,1.395496,1.372913,0.190337,,,,,,,,GLOBAL_BASELINE_NO_ENTITY_RANKING,,,NOT_APPLICABLE_GLOBAL_BASELINE,HF9g-P5,,,,X 全窗基线 · 不参与实体赏罚,8390322,840,A168_HF9F_20260827_0900,2026-08-27 09:00:00
2026-04-28,147072379,2222,0,20.0000000000,20.0000000000,20.0000000000,1.0000000,1,1,0.49324550000000000,0.493245500000,1.01360149184955,1.01360149184955,1.01360149184955,0E-17,ELIGIBLE,R03b_20260811_FULL_v1,L1_ELIGIBILITY,v2026-08-11,2026-03-21..2026-08-06,baccarat_bet02_101_all_pairs_incl_sentinel,round_win = game_pnl > 0 (decisive only),COMPATIBILITY_ONLY_NOT_PRODUCTION,13047.0000,11879.0000,476.0500,553,538,-0.03648732,0.42382550,-0.06436352,-0.03648732,-476.0500,13047.0000,OK,0.0000,14.2815,3.0000,97.0000,AG03-UNRESOLVED,ALL5_LEVELS_bet23_to_bet27,14.2815,14.2815,14.2815,19.0420,19.0420,3.000000,3.000000,3.000000,4.000000,4.000000,97.000000,97.000000,97.000000,96.000000,96.000000,5.0,80.9285,75.6351,395.1215,400.4149,PENDING_AG03,FALSE,NOT_FOR_ENFORCEMENT,461.7685,11522.6300,476.0500,461.7685,14.2815,0.03648732,0.03539270,14.2815,461.7685,0.03539270,14.2815,14.2815,14.2815,19.0420,19.0420,461.7685,0.03539270,80.9285,75.6351,395.1215,400.4149,0.03028447,0.03069019,0.00109462,23.5931,22.0799,0.8849,28.0029,4.7134,767.4706,31.6471,32.3913,23.2113,10.0,20.0,30.0,40.0,50.0,71.9401,20.0,0.0,2.5,3.597003,1.179656,22,68,26,5,0.05710125,0.03648732,-0.42382550,0E-8,0.000000,0.910478,0.012658,0.48818902,2026-03-27,2026-07-24,17,101,70,120,0.141667,1.395496,1.372913,0.190337,,,,,,,,GLOBAL_BASELINE_NO_ENTITY_RANKING,,,NOT_APPLICABLE_GLOBAL_BASELINE,HF9g-P5,,,,X 全窗基线 · 不参与实体赏罚,8390323,840,A168_HF9F_20260827_0900,2026-08-27 09:00:00
2026-04-28,147072379,2246,0,42.0000000000,-31.0000000000,-31.0000000000,0E-7,4,4,0.49994810000000000,0.499948100000,-1.7318710300250217,-1.7318710300250217,-1.7318710300250217,0E-17,ELIGIBLE,R03b_20260811_FULL_v1,L1_ELIGIBILITY,v2026-08-11,2026-03-21..2026-08-06,baccarat_bet02_101_all_pairs_incl_sentinel,round_win = game_pnl > 0 (decisive only),COMPATIBILITY_ONLY_NOT_PRODUCTION,13047.0000,11879.0000,476.0500,553,538,-0.03648732,0.42382550,-0.06436352,-0.03648732,-476.0500,13047.0000,OK,0.0000,14.2815,3.0000,97.0000,AG03-UNRESOLVED,ALL5_LEVELS_bet23_to_bet27,14.2815,14.2815,14.2815,19.0420,19.0420,3.000000,3.000000,3.000000,4.000000,4.000000,97.000000,97.000000,97.000000,96.000000,96.000000,5.0,80.9285,75.6351,395.1215,400.4149,PENDING_AG03,FALSE,NOT_FOR_ENFORCEMENT,461.7685,11522.6300,476.0500,461.7685,14.2815,0.03648732,0.03539270,14.2815,461.7685,0.03539270,14.2815,14.2815,14.2815,19.0420,19.0420,461.7685,0.03539270,80.9285,75.6351,395.1215,400.4149,0.03028447,0.03069019,0.00109462,23.5931,22.0799,0.8849,28.0029,4.7134,767.4706,31.6471,32.3913,23.2113,10.0,20.0,30.0,40.0,50.0,71.9401,20.0,0.0,2.5,3.597003,1.179656,22,68,26,5,0.05710125,0.03648732,-0.42382550,0E-8,0.000000,0.910478,0.012658,0.48818902,2026-03-27,2026-07-24,17,101,70,120,0.141667,1.395496,1.372913,0.190337,,,,,,,,GLOBAL_BASELINE_NO_ENTITY_RANKING,,,NOT_APPLICABLE_GLOBAL_BASELINE,HF9g-P5,,,,X 全窗基线 · 不参与实体赏罚,8390324,840,A168_HF9F_20260827_0900,2026-08-27 09:00:00
2026-04-29,147072379,1509,0,10.0000000000,-10.0000000000,-10.0000000000,0E-7,1,1,0.50665070000000000,0.506650700000,-1.013391052207602,-1.013391052207602,-1.013391052207602,0E-17,ELIGIBLE,R03b_20260811_FULL_v1,L1_ELIGIBILITY,v2026-08-11,2026-03-21..2026-08-06,baccarat_bet02_101_all_pairs_incl_sentinel,round_win = game_pnl > 0 (decisive only),COMPATIBILITY_ONLY_NOT_PRODUCTION,13047.0000,11879.0000,476.0500,553,538,-0.03648732,0.42382550,-0.06436352,-0.03648732,-476.0500,13047.0000,OK,0.0000,14.2815,3.0000,97.0000,AG03-UNRESOLVED,ALL5_LEVELS_bet23_to_bet27,14.2815,14.2815,14.2815,19.0420,19.0420,3.000000,3.000000,3.000000,4.000000,4.000000,97.000000,97.000000,97.000000,96.000000,96.000000,5.0,80.9285,75.6351,395.1215,400.4149,PENDING_AG03,FALSE,NOT_FOR_ENFORCEMENT,461.7685,11522.6300,476.0500,461.7685,14.2815,0.03648732,0.03539270,14.2815,461.7685,0.03539270,14.2815,14.2815,14.2815,19.0420,19.0420,461.7685,0.03539270,80.9285,75.6351,395.1215,400.4149,0.03028447,0.03069019,0.00109462,23.5931,22.0799,0.8849,28.0029,4.7134,767.4706,31.6471,32.3913,23.2113,10.0,20.0,30.0,40.0,50.0,71.9401,20.0,0.0,2.5,3.597003,1.179656,22,68,26,5,0.05710125,0.03648732,-0.42382550,0E-8,0.000000,0.910478,0.012658,0.48818902,2026-03-27,2026-07-24,17,101,70,120,0.141667,1.395496,1.372913,0.190337,,,,,,,,GLOBAL_BASELINE_NO_ENTITY_RANKING,,,NOT_APPLICABLE_GLOBAL_BASELINE,HF9g-P5,,,,X 全窗基线 · 不参与实体赏罚,8390325,840,A168_HF9F_20260827_0900,2026-08-27 09:00:00
2026-04-29,147072379,1966,0,40.0000000000,-10.0000000000,-10.0000000000,0.5000000,3,3,0.49324550000000000,0.493245500000,0.01910635448239258,0.01910635448239258,0.01910635448239258,0E-17,ELIGIBLE,R03b_20260811_FULL_v1,L1_ELIGIBILITY,v2026-08-11,2026-03-21..2026-08-06,baccarat_bet02_101_all_pairs_incl_sentinel,round_win = game_pnl > 0 (decisive only),COMPATIBILITY_ONLY_NOT_PRODUCTION,13047.0000,11879.0000,476.0500,553,538,-0.03648732,0.42382550,-0.06436352,-0.03648732,-476.0500,13047.0000,OK,0.0000,14.2815,3.0000,97.0000,AG03-UNRESOLVED,ALL5_LEVELS_bet23_to_bet27,14.2815,14.2815,14.2815,19.0420,19.0420,3.000000,3.000000,3.000000,4.000000,4.000000,97.000000,97.000000,97.000000,96.000000,96.000000,5.0,80.9285,75.6351,395.1215,400.4149,PENDING_AG03,FALSE,NOT_FOR_ENFORCEMENT,461.7685,11522.6300,476.0500,461.7685,14.2815,0.03648732,0.03539270,14.2815,461.7685,0.03539270,14.2815,14.2815,14.2815,19.0420,19.0420,461.7685,0.03539270,80.9285,75.6351,395.1215,400.4149,0.03028447,0.03069019,0.00109462,23.5931,22.0799,0.8849,28.0029,4.7134,767.4706,31.6471,32.3913,23.2113,10.0,20.0,30.0,40.0,50.0,71.9401,20.0,0.0,2.5,3.597003,1.179656,22,68,26,5,0.05710125,0.03648732,-0.42382550,0E-8,0.000000,0.910478,0.012658,0.48818902,2026-03-27,2026-07-24,17,101,70,120,0.141667,1.395496,1.372913,0.190337,,,,,,,,GLOBAL_BASELINE_NO_ENTITY_RANKING,,,NOT_APPLICABLE_GLOBAL_BASELINE,HF9g-P5,,,,X 全窗基线 · 不参与实体赏罚,8390326,840,A168_HF9F_20260827_0900,2026-08-27 09:00:00
2026-04-29,147072379,2246,0,10.0000000000,-10.0000000000,-10.0000000000,0E-7,1,1,0.49324550000000000,0.493245500000,-0.9865810262130424,-0.9865810262130424,-0.9865810262130424,0E-17,ELIGIBLE,R03b_20260811_FULL_v1,L1_ELIGIBILITY,v2026-08-11,2026-03-21..2026-08-06,baccarat_bet02_101_all_pairs_incl_sentinel,round_win = game_pnl > 0 (decisive only),COMPATIBILITY_ONLY_NOT_PRODUCTION,13047.0000,11879.0000,476.0500,553,538,-0.03648732,0.42382550,-0.06436352,-0.03648732,-476.0500,13047.0000,OK,0.0000,14.2815,3.0000,97.0000,AG03-UNRESOLVED,ALL5_LEVELS_bet23_to_bet27,14.2815,14.2815,14.2815,19.0420,19.0420,3.000000,3.000000,3.000000,4.000000,4.000000,97.000000,97.000000,97.000000,96.000000,96.000000,5.0,80.9285,75.6351,395.1215,400.4149,PENDING_AG03,FALSE,NOT_FOR_ENFORCEMENT,461.7685,11522.6300,476.0500,461.7685,14.2815,0.03648732,0.03539270,14.2815,461.7685,0.03539270,14.2815,14.2815,14.2815,19.0420,19.0420,461.7685,0.03539270,80.9285,75.6351,395.1215,400.4149,0.03028447,0.03069019,0.00109462,23.5931,22.0799,0.8849,28.0029,4.7134,767.4706,31.6471,32.3913,23.2113,10.0,20.0,30.0,40.0,50.0,71.9401,20.0,0.0,2.5,3.597003,1.179656,22,68,26,5,0.05710125,0.03648732,-0.42382550,0E-8,0.000000,0.910478,0.012658,0.48818902,2026-03-27,2026-07-24,17,101,70,120,0.141667,1.395496,1.372913,0.190337,,,,,,,,GLOBAL_BASELINE_NO_ENTITY_RANKING,,,NOT_APPLICABLE_GLOBAL_BASELINE,HF9g-P5,,,,X 全窗基线 · 不参与实体赏罚,8390327,840,A168_HF9F_20260827_0900,2026-08-27 09:00:00
2026-05-01,147072379,1302,0,54.0000000000,14.0000000000,14.0000000000,0.6666667,3,3,0.49324550000000000,0.493245500000,0.6008033672792107,0.6008033672792106,0.6008033672792107,0E-17,ELIGIBLE,R03b_20260811_FULL_v1,L1_ELIGIBILITY,v2026-08-11,2026-03-21..2026-08-06,baccarat_bet02_101_all_pairs_incl_sentinel,round_win = game_pnl > 0 (decisive only),COMPATIBILITY_ONLY_NOT_PRODUCTION,13047.0000,11879.0000,476.0500,553,538,-0.03648732,0.42382550,-0.06436352,-0.03648732,-476.0500,13047.0000,OK,0.0000,14.2815,3.0000,97.0000,AG03-UNRESOLVED,ALL5_LEVELS_bet23_to_bet27,14.2815,14.2815,14.2815,19.0420,19.0420,3.000000,3.000000,3.000000,4.000000,4.000000,97.000000,97.000000,97.000000,96.000000,96.000000,5.0,80.9285,75.6351,395.1215,400.4149,PENDING_AG03,FALSE,NOT_FOR_ENFORCEMENT,461.7685,11522.6300,476.0500,461.7685,14.2815,0.03648732,0.03539270,14.2815,461.7685,0.03539270,14.2815,14.2815,14.2815,19.0420,19.0420,461.7685,0.03539270,80.9285,75.6351,395.1215,400.4149,0.03028447,0.03069019,0.00109462,23.5931,22.0799,0.8849,28.0029,4.7134,767.4706,31.6471,32.3913,23.2113,10.0,20.0,30.0,40.0,50.0,71.9401,20.0,0.0,2.5,3.597003,1.179656,22,68,26,5,0.05710125,0.03648732,-0.42382550,0E-8,0.000000,0.910478,0.012658,0.48818902,2026-03-27,2026-07-24,17,101,70,120,0.141667,1.395496,1.372913,0.190337,,,,,,,,GLOBAL_BASELINE_NO_ENTITY_RANKING,,,NOT_APPLICABLE_GLOBAL_BASELINE,HF9g-P5,,,,X 全窗基线 · 不参与实体赏罚,8390328,840,A168_HF9F_20260827_0900,2026-08-27 09:00:00
2026-05-01,147072379,2106,0,32.0000000000,-32.0000000000,-32.0000000000,0E-7,1,1,0.49324550000000000,0.493245500000,-0.9865810262130424,-0.9865810262130424,-0.9865810262130424,0E-17,ELIGIBLE,R03b_20260811_FULL_v1,L1_ELIGIBILITY,v2026-08-11,2026-03-21..2026-08-06,baccarat_bet02_101_all_pairs_incl_sentinel,round_win = game_pnl > 0 (decisive only),COMPATIBILITY_ONLY_NOT_PRODUCTION,13047.0000,11879.0000,476.0500,553,538,-0.03648732,0.42382550,-0.06436352,-0.03648732,-476.0500,13047.0000,OK,0.0000,14.2815,3.0000,97.0000,AG03-UNRESOLVED,ALL5_LEVELS_bet23_to_bet27,14.2815,14.2815,14.2815,19.0420,19.0420,3.000000,3.000000,3.000000,4.000000,4.000000,97.000000,97.000000,97.000000,96.000000,96.000000,5.0,80.9285,75.6351,395.1215,400.4149,PENDING_AG03,FALSE,NOT_FOR_ENFORCEMENT,461.7685,11522.6300,476.0500,461.7685,14.2815,0.03648732,0.03539270,14.2815,461.7685,0.03539270,14.2815,14.2815,14.2815,19.0420,19.0420,461.7685,0.03539270,80.9285,75.6351,395.1215,400.4149,0.03028447,0.03069019,0.00109462,23.5931,22.0799,0.8849,28.0029,4.7134,767.4706,31.6471,32.3913,23.2113,10.0,20.0,30.0,40.0,50.0,71.9401,20.0,0.0,2.5,3.597003,1.179656,22,68,26,5,0.05710125,0.03648732,-0.42382550,0E-8,0.000000,0.910478,0.012658,0.48818902,2026-03-27,2026-07-24,17,101,70,120,0.141667,1.395496,1.372913,0.190337,,,,,,,,GLOBAL_BASELINE_NO_ENTITY_RANKING,,,NOT_APPLICABLE_GLOBAL_BASELINE,HF9g-P5,,,,X 全窗基线 · 不参与实体赏罚,8390329,840,A168_HF9F_20260827_0900,2026-08-27 09:00:00
2026-05-15,147072379,-1,1,419.0000000000,-24.5000000000,-24.5000000000,0.5294118,17,17,0.49955382941176471,0.499553829412,0.2462149399881554,0.246214939986215,0.2462149399881554,-2.3529E-13,SENTINEL_DEALER,R03b_20260811_FULL_v1,L1_ELIGIBILITY,v2026-08-11,2026-03-21..2026-08-06,baccarat_bet02_101_all_pairs_incl_sentinel,round_win = game_pnl > 0 (decisive only),COMPATIBILITY_ONLY_NOT_PRODUCTION,13047.0000,11879.0000,476.0500,553,538,-0.03648732,0.42382550,-0.06436352,-0.03648732,-476.0500,13047.0000,OK,0.0000,14.2815,3.0000,97.0000,AG03-UNRESOLVED,ALL5_LEVELS_bet23_to_bet27,14.2815,14.2815,14.2815,19.0420,19.0420,3.000000,3.000000,3.000000,4.000000,4.000000,97.000000,97.000000,97.000000,96.000000,96.000000,5.0,80.9285,75.6351,395.1215,400.4149,PENDING_AG03,FALSE,NOT_FOR_ENFORCEMENT,461.7685,11522.6300,476.0500,461.7685,14.2815,0.03648732,0.03539270,14.2815,461.7685,0.03539270,14.2815,14.2815,14.2815,19.0420,19.0420,461.7685,0.03539270,80.9285,75.6351,395.1215,400.4149,0.03028447,0.03069019,0.00109462,23.5931,22.0799,0.8849,28.0029,4.7134,767.4706,31.6471,32.3913,23.2113,10.0,20.0,30.0,40.0,50.0,71.9401,20.0,0.0,2.5,3.597003,1.179656,22,68,26,5,0.05710125,0.03648732,-0.42382550,0E-8,0.000000,0.910478,0.012658,0.48818902,2026-03-27,2026-07-24,17,101,70,120,0.141667,1.395496,1.372913,0.190337,,,,,,,,GLOBAL_BASELINE_NO_ENTITY_RANKING,,,NOT_APPLICABLE_GLOBAL_BASELINE,HF9g-P5,,,,X 全窗基线 · 不参与实体赏罚,8390330,840,A168_HF9F_20260827_0900,2026-08-27 09:00:00
2026-05-15,147072379,1401,0,75.0000000000,-25.0000000000,-25.0000000000,0.5000000,2,2,0.49324550000000000,0.493245500000,0.01910635448239258,0.01910635448239258,0.01910635448239258,0E-17,ELIGIBLE,R03b_20260811_FULL_v1,L1_ELIGIBILITY,v2026-08-11,2026-03-21..2026-08-06,baccarat_bet02_101_all_pairs_incl_sentinel,round_win = game_pnl > 0 (decisive only),COMPATIBILITY_ONLY_NOT_PRODUCTION,13047.0000,11879.0000,476.0500,553,538,-0.03648732,0.42382550,-0.06436352,-0.03648732,-476.0500,13047.0000,OK,0.0000,14.2815,3.0000,97.0000,AG03-UNRESOLVED,ALL5_LEVELS_bet23_to_bet27,14.2815,14.2815,14.2815,19.0420,19.0420,3.000000,3.000000,3.000000,4.000000,4.000000,97.000000,97.000000,97.000000,96.000000,96.000000,5.0,80.9285,75.6351,395.1215,400.4149,PENDING_AG03,FALSE,NOT_FOR_ENFORCEMENT,461.7685,11522.6300,476.0500,461.7685,14.2815,0.03648732,0.03539270,14.2815,461.7685,0.03539270,14.2815,14.2815,14.2815,19.0420,19.0420,461.7685,0.03539270,80.9285,75.6351,395.1215,400.4149,0.03028447,0.03069019,0.00109462,23.5931,22.0799,0.8849,28.0029,4.7134,767.4706,31.6471,32.3913,23.2113,10.0,20.0,30.0,40.0,50.0,71.9401,20.0,0.0,2.5,3.597003,1.179656,22,68,26,5,0.05710125,0.03648732,-0.42382550,0E-8,0.000000,0.910478,0.012658,0.48818902,2026-03-27,2026-07-24,17,101,70,120,0.141667,1.395496,1.372913,0.190337,,,,,,,,GLOBAL_BASELINE_NO_ENTITY_RANKING,,,NOT_APPLICABLE_GLOBAL_BASELINE,HF9g-P5,,,,X 全窗基线 · 不参与实体赏罚,8390331,840,A168_HF9F_20260827_0900,2026-08-27 09:00:00
2026-05-29,147072379,-1,1,60.0000000000,60.0000000000,60.0000000000,1.0000000,1,1,0.49324550000000000,0.493245500000,1.01360149184955,1.01360149184955,1.01360149184955,0E-17,SENTINEL_DEALER,R03b_20260811_FULL_v1,L1_ELIGIBILITY,v2026-08-11,2026-03-21..2026-08-06,baccarat_bet02_101_all_pairs_incl_sentinel,round_win = game_pnl > 0 (decisive only),COMPATIBILITY_ONLY_NOT_PRODUCTION,13047.0000,11879.0000,476.0500,553,538,-0.03648732,0.42382550,-0.06436352,-0.03648732,-476.0500,13047.0000,OK,0.0000,14.2815,3.0000,97.0000,AG03-UNRESOLVED,ALL5_LEVELS_bet23_to_bet27,14.2815,14.2815,14.2815,19.0420,19.0420,3.000000,3.000000,3.000000,4.000000,4.000000,97.000000,97.000000,97.000000,96.000000,96.000000,5.0,80.9285,75.6351,395.1215,400.4149,PENDING_AG03,FALSE,NOT_FOR_ENFORCEMENT,461.7685,11522.6300,476.0500,461.7685,14.2815,0.03648732,0.03539270,14.2815,461.7685,0.03539270,14.2815,14.2815,14.2815,19.0420,19.0420,461.7685,0.03539270,80.9285,75.6351,395.1215,400.4149,0.03028447,0.03069019,0.00109462,23.5931,22.0799,0.8849,28.0029,4.7134,767.4706,31.6471,32.3913,23.2113,10.0,20.0,30.0,40.0,50.0,71.9401,20.0,0.0,2.5,3.597003,1.179656,22,68,26,5,0.05710125,0.03648732,-0.42382550,0E-8,0.000000,0.910478,0.012658,0.48818902,2026-03-27,2026-07-24,17,101,70,120,0.141667,1.395496,1.372913,0.190337,,,,,,,,GLOBAL_BASELINE_NO_ENTITY_RANKING,,,NOT_APPLICABLE_GLOBAL_BASELINE,HF9g-P5,,,,X 全窗基线 · 不参与实体赏罚,8390332,840,A168_HF9F_20260827_0900,2026-08-27 09:00:00
2026-05-29,147072379,1330,0,40.0000000000,40.0000000000,40.0000000000,1.0000000,1,1,0.49324550000000000,0.493245500000,1.01360149184955,1.01360149184955,1.01360149184955,0E-17,ELIGIBLE,R03b_20260811_FULL_v1,L1_ELIGIBILITY,v2026-08-11,2026-03-21..2026-08-06,baccarat_bet02_101_all_pairs_incl_sentinel,round_win = game_pnl > 0 (decisive only),COMPATIBILITY_ONLY_NOT_PRODUCTION,13047.0000,11879.0000,476.0500,553,538,-0.03648732,0.42382550,-0.06436352,-0.03648732,-476.0500,13047.0000,OK,0.0000,14.2815,3.0000,97.0000,AG03-UNRESOLVED,ALL5_LEVELS_bet23_to_bet27,14.2815,14.2815,14.2815,19.0420,19.0420,3.000000,3.000000,3.000000,4.000000,4.000000,97.000000,97.000000,97.000000,96.000000,96.000000,5.0,80.9285,75.6351,395.1215,400.4149,PENDING_AG03,FALSE,NOT_FOR_ENFORCEMENT,461.7685,11522.6300,476.0500,461.7685,14.2815,0.03648732,0.03539270,14.2815,461.7685,0.03539270,14.2815,14.2815,14.2815,19.0420,19.0420,461.7685,0.03539270,80.9285,75.6351,395.1215,400.4149,0.03028447,0.03069019,0.00109462,23.5931,22.0799,0.8849,28.0029,4.7134,767.4706,31.6471,32.3913,23.2113,10.0,20.0,30.0,40.0,50.0,71.9401,20.0,0.0,2.5,3.597003,1.179656,22,68,26,5,0.05710125,0.03648732,-0.42382550,0E-8,0.000000,0.910478,0.012658,0.48818902,2026-03-27,2026-07-24,17,101,70,120,0.141667,1.395496,1.372913,0.190337,,,,,,,,GLOBAL_BASELINE_NO_ENTITY_RANKING,,,NOT_APPLICABLE_GLOBAL_BASELINE,HF9g-P5,,,,X 全窗基线 · 不参与实体赏罚,8390333,840,A168_HF9F_20260827_0900,2026-08-27 09:00:00
2026-05-29,147072379,1507,0,117.0000000000,57.0000000000,57.0000000000,0.7500000,4,4,0.49324550000000000,0.493245500000,1.0271117246678039,1.0271117246678039,1.0271117246678039,0E-17,ELIGIBLE,R03b_20260811_FULL_v1,L1_ELIGIBILITY,v2026-08-11,2026-03-21..2026-08-06,baccarat_bet02_101_all_pairs_incl_sentinel,round_win = game_pnl > 0 (decisive only),COMPATIBILITY_ONLY_NOT_PRODUCTION,13047.0000,11879.0000,476.0500,553,538,-0.03648732,0.42382550,-0.06436352,-0.03648732,-476.0500,13047.0000,OK,0.0000,14.2815,3.0000,97.0000,AG03-UNRESOLVED,ALL5_LEVELS_bet23_to_bet27,14.2815,14.2815,14.2815,19.0420,19.0420,3.000000,3.000000,3.000000,4.000000,4.000000,97.000000,97.000000,97.000000,96.000000,96.000000,5.0,80.9285,75.6351,395.1215,400.4149,PENDING_AG03,FALSE,NOT_FOR_ENFORCEMENT,461.7685,11522.6300,476.0500,461.7685,14.2815,0.03648732,0.03539270,14.2815,461.7685,0.03539270,14.2815,14.2815,14.2815,19.0420,19.0420,461.7685,0.03539270,80.9285,75.6351,395.1215,400.4149,0.03028447,0.03069019,0.00109462,23.5931,22.0799,0.8849,28.0029,4.7134,767.4706,31.6471,32.3913,23.2113,10.0,20.0,30.0,40.0,50.0,71.9401,20.0,0.0,2.5,3.597003,1.179656,22,68,26,5,0.05710125,0.03648732,-0.42382550,0E-8,0.000000,0.910478,0.012658,0.48818902,2026-03-27,2026-07-24,17,101,70,120,0.141667,1.395496,1.372913,0.190337,,,,,,,,GLOBAL_BASELINE_NO_ENTITY_RANKING,,,NOT_APPLICABLE_GLOBAL_BASELINE,HF9g-P5,,,,X 全窗基线 · 不参与实体赏罚,8390334,840,A168_HF9F_20260827_0900,2026-08-27 09:00:00
2026-05-29,147072379,2201,0,60.0000000000,-10.0000000000,-10.0000000000,0.5000000,3,3,0.49324550000000000,0.493245500000,0.01910635448239258,0.01910635448239258,0.01910635448239258,0E-17,ELIGIBLE,R03b_20260811_FULL_v1,L1_ELIGIBILITY,v2026-08-11,2026-03-21..2026-08-06,baccarat_bet02_101_all_pairs_incl_sentinel,round_win = game_pnl > 0 (decisive only),COMPATIBILITY_ONLY_NOT_PRODUCTION,13047.0000,11879.0000,476.0500,553,538,-0.03648732,0.42382550,-0.06436352,-0.03648732,-476.0500,13047.0000,OK,0.0000,14.2815,3.0000,97.0000,AG03-UNRESOLVED,ALL5_LEVELS_bet23_to_bet27,14.2815,14.2815,14.2815,19.0420,19.0420,3.000000,3.000000,3.000000,4.000000,4.000000,97.000000,97.000000,97.000000,96.000000,96.000000,5.0,80.9285,75.6351,395.1215,400.4149,PENDING_AG03,FALSE,NOT_FOR_ENFORCEMENT,461.7685,11522.6300,476.0500,461.7685,14.2815,0.03648732,0.03539270,14.2815,461.7685,0.03539270,14.2815,14.2815,14.2815,19.0420,19.0420,461.7685,0.03539270,80.9285,75.6351,395.1215,400.4149,0.03028447,0.03069019,0.00109462,23.5931,22.0799,0.8849,28.0029,4.7134,767.4706,31.6471,32.3913,23.2113,10.0,20.0,30.0,40.0,50.0,71.9401,20.0,0.0,2.5,3.597003,1.179656,22,68,26,5,0.05710125,0.03648732,-0.42382550,0E-8,0.000000,0.910478,0.012658,0.48818902,2026-03-27,2026-07-24,17,101,70,120,0.141667,1.395496,1.372913,0.190337,,,,,,,,GLOBAL_BASELINE_NO_ENTITY_RANKING,,,NOT_APPLICABLE_GLOBAL_BASELINE,HF9g-P5,,,,X 全窗基线 · 不参与实体赏罚,8390335,840,A168_HF9F_20260827_0900,2026-08-27 09:00:00
2026-05-29,147072379,2218,0,70.0000000000,10.0000000000,10.0000000000,0.5000000,2,2,0.49994810000000000,0.499948100000,0.00014679536856514622,0.00014679536856514622,0.00014679536856514622,0E-17,ELIGIBLE,R03b_20260811_FULL_v1,L1_ELIGIBILITY,v2026-08-11,2026-03-21..2026-08-06,baccarat_bet02_101_all_pairs_incl_sentinel,round_win = game_pnl > 0 (decisive only),COMPATIBILITY_ONLY_NOT_PRODUCTION,13047.0000,11879.0000,476.0500,553,538,-0.03648732,0.42382550,-0.06436352,-0.03648732,-476.0500,13047.0000,OK,0.0000,14.2815,3.0000,97.0000,AG03-UNRESOLVED,ALL5_LEVELS_bet23_to_bet27,14.2815,14.2815,14.2815,19.0420,19.0420,3.000000,3.000000,3.000000,4.000000,4.000000,97.000000,97.000000,97.000000,96.000000,96.000000,5.0,80.9285,75.6351,395.1215,400.4149,PENDING_AG03,FALSE,NOT_FOR_ENFORCEMENT,461.7685,11522.6300,476.0500,461.7685,14.2815,0.03648732,0.03539270,14.2815,461.7685,0.03539270,14.2815,14.2815,14.2815,19.0420,19.0420,461.7685,0.03539270,80.9285,75.6351,395.1215,400.4149,0.03028447,0.03069019,0.00109462,23.5931,22.0799,0.8849,28.0029,4.7134,767.4706,31.6471,32.3913,23.2113,10.0,20.0,30.0,40.0,50.0,71.9401,20.0,0.0,2.5,3.597003,1.179656,22,68,26,5,0.05710125,0.03648732,-0.42382550,0E-8,0.000000,0.910478,0.012658,0.48818902,2026-03-27,2026-07-24,17,101,70,120,0.141667,1.395496,1.372913,0.190337,,,,,,,,GLOBAL_BASELINE_NO_ENTITY_RANKING,,,NOT_APPLICABLE_GLOBAL_BASELINE,HF9g-P5,,,,X 全窗基线 · 不参与实体赏罚,8390336,840,A168_HF9F_20260827_0900,2026-08-27 09:00:00
2026-06-22,147072379,987,0,102.0000000000,-61.0500000000,-61.0500000000,0.3333333,3,3,0.50665070000000000,0.506650700000,-0.6004420894325239,-0.6004420894325239,-0.6004420894325239,0E-17,ELIGIBLE,R03b_20260811_FULL_v1,L1_ELIGIBILITY,v2026-08-11,2026-03-21..2026-08-06,baccarat_bet02_101_all_pairs_incl_sentinel,round_win = game_pnl > 0 (decisive only),COMPATIBILITY_ONLY_NOT_PRODUCTION,13047.0000,11879.0000,476.0500,553,538,-0.03648732,0.42382550,-0.06436352,-0.03648732,-476.0500,13047.0000,OK,0.0000,14.2815,3.0000,97.0000,AG03-UNRESOLVED,ALL5_LEVELS_bet23_to_bet27,14.2815,14.2815,14.2815,19.0420,19.0420,3.000000,3.000000,3.000000,4.000000,4.000000,97.000000,97.000000,97.000000,96.000000,96.000000,5.0,80.9285,75.6351,395.1215,400.4149,PENDING_AG03,FALSE,NOT_FOR_ENFORCEMENT,461.7685,11522.6300,476.0500,461.7685,14.2815,0.03648732,0.03539270,14.2815,461.7685,0.03539270,14.2815,14.2815,14.2815,19.0420,19.0420,461.7685,0.03539270,80.9285,75.6351,395.1215,400.4149,0.03028447,0.03069019,0.00109462,23.5931,22.0799,0.8849,28.0029,4.7134,767.4706,31.6471,32.3913,23.2113,10.0,20.0,30.0,40.0,50.0,71.9401,20.0,0.0,2.5,3.597003,1.179656,22,68,26,5,0.05710125,0.03648732,-0.42382550,0E-8,0.000000,0.910478,0.012658,0.48818902,2026-03-27,2026-07-24,17,101,70,120,0.141667,1.395496,1.372913,0.190337,,,,,,,,GLOBAL_BASELINE_NO_ENTITY_RANKING,,,NOT_APPLICABLE_GLOBAL_BASELINE,HF9g-P5,,,,X 全窗基线 · 不参与实体赏罚,8390337,840,A168_HF9F_20260827_0900,2026-08-27 09:00:00
2026-07-14,147072379,-1,1,30.0000000000,30.0000000000,30.0000000000,1.0000000,1,1,0.49324550000000000,0.493245500000,1.01360149184955,1.01360149184955,1.01360149184955,0E-17,SENTINEL_DEALER,R03b_20260811_FULL_v1,L1_ELIGIBILITY,v2026-08-11,2026-03-21..2026-08-06,baccarat_bet02_101_all_pairs_incl_sentinel,round_win = game_pnl > 0 (decisive only),COMPATIBILITY_ONLY_NOT_PRODUCTION,13047.0000,11879.0000,476.0500,553,538,-0.03648732,0.42382550,-0.06436352,-0.03648732,-476.0500,13047.0000,OK,0.0000,14.2815,3.0000,97.0000,AG03-UNRESOLVED,ALL5_LEVELS_bet23_to_bet27,14.2815,14.2815,14.2815,19.0420,19.0420,3.000000,3.000000,3.000000,4.000000,4.000000,97.000000,97.000000,97.000000,96.000000,96.000000,5.0,80.9285,75.6351,395.1215,400.4149,PENDING_AG03,FALSE,NOT_FOR_ENFORCEMENT,461.7685,11522.6300,476.0500,461.7685,14.2815,0.03648732,0.03539270,14.2815,461.7685,0.03539270,14.2815,14.2815,14.2815,19.0420,19.0420,461.7685,0.03539270,80.9285,75.6351,395.1215,400.4149,0.03028447,0.03069019,0.00109462,23.5931,22.0799,0.8849,28.0029,4.7134,767.4706,31.6471,32.3913,23.2113,10.0,20.0,30.0,40.0,50.0,71.9401,20.0,0.0,2.5,3.597003,1.179656,22,68,26,5,0.05710125,0.03648732,-0.42382550,0E-8,0.000000,0.910478,0.012658,0.48818902,2026-03-27,2026-07-24,17,101,70,120,0.141667,1.395496,1.372913,0.190337,,,,,,,,GLOBAL_BASELINE_NO_ENTITY_RANKING,,,NOT_APPLICABLE_GLOBAL_BASELINE,HF9g-P5,,,,X 全窗基线 · 不参与实体赏罚,8390338,840,A168_HF9F_20260827_0900,2026-08-27 09:00:00
2026-07-14,147072379,1205,0,210.0000000000,68.0000000000,68.0000000000,0.6000000,5,5,0.49592654000000000,0.495926540000,0.46544610904919037,0.46544610904919037,0.46544610904919037,0E-17,ELIGIBLE,R03b_20260811_FULL_v1,L1_ELIGIBILITY,v2026-08-11,2026-03-21..2026-08-06,baccarat_bet02_101_all_pairs_incl_sentinel,round_win = game_pnl > 0 (decisive only),COMPATIBILITY_ONLY_NOT_PRODUCTION,13047.0000,11879.0000,476.0500,553,538,-0.03648732,0.42382550,-0.06436352,-0.03648732,-476.0500,13047.0000,OK,0.0000,14.2815,3.0000,97.0000,AG03-UNRESOLVED,ALL5_LEVELS_bet23_to_bet27,14.2815,14.2815,14.2815,19.0420,19.0420,3.000000,3.000000,3.000000,4.000000,4.000000,97.000000,97.000000,97.000000,96.000000,96.000000,5.0,80.9285,75.6351,395.1215,400.4149,PENDING_AG03,FALSE,NOT_FOR_ENFORCEMENT,461.7685,11522.6300,476.0500,461.7685,14.2815,0.03648732,0.03539270,14.2815,461.7685,0.03539270,14.2815,14.2815,14.2815,19.0420,19.0420,461.7685,0.03539270,80.9285,75.6351,395.1215,400.4149,0.03028447,0.03069019,0.00109462,23.5931,22.0799,0.8849,28.0029,4.7134,767.4706,31.6471,32.3913,23.2113,10.0,20.0,30.0,40.0,50.0,71.9401,20.0,0.0,2.5,3.597003,1.179656,22,68,26,5,0.05710125,0.03648732,-0.42382550,0E-8,0.000000,0.910478,0.012658,0.48818902,2026-03-27,2026-07-24,17,101,70,120,0.141667,1.395496,1.372913,0.190337,,,,,,,,GLOBAL_BASELINE_NO_ENTITY_RANKING,,,NOT_APPLICABLE_GLOBAL_BASELINE,HF9g-P5,,,,X 全窗基线 · 不参与实体赏罚,8390339,840,A168_HF9F_20260827_0900,2026-08-27 09:00:00
2026-07-14,147072379,1985,0,50.0000000000,8.5000000000,8.5000000000,0.5000000,2,2,0.50665070000000000,0.506650700000,-0.018812684590367487,-0.018812684590367487,-0.018812684590367487,0E-17,ELIGIBLE,R03b_20260811_FULL_v1,L1_ELIGIBILITY,v2026-08-11,2026-03-21..2026-08-06,baccarat_bet02_101_all_pairs_incl_sentinel,round_win = game_pnl > 0 (decisive only),COMPATIBILITY_ONLY_NOT_PRODUCTION,13047.0000,11879.0000,476.0500,553,538,-0.03648732,0.42382550,-0.06436352,-0.03648732,-476.0500,13047.0000,OK,0.0000,14.2815,3.0000,97.0000,AG03-UNRESOLVED,ALL5_LEVELS_bet23_to_bet27,14.2815,14.2815,14.2815,19.0420,19.0420,3.000000,3.000000,3.000000,4.000000,4.000000,97.000000,97.000000,97.000000,96.000000,96.000000,5.0,80.9285,75.6351,395.1215,400.4149,PENDING_AG03,FALSE,NOT_FOR_ENFORCEMENT,461.7685,11522.6300,476.0500,461.7685,14.2815,0.03648732,0.03539270,14.2815,461.7685,0.03539270,14.2815,14.2815,14.2815,19.0420,19.0420,461.7685,0.03539270,80.9285,75.6351,395.1215,400.4149,0.03028447,0.03069019,0.00109462,23.5931,22.0799,0.8849,28.0029,4.7134,767.4706,31.6471,32.3913,23.2113,10.0,20.0,30.0,40.0,50.0,71.9401,20.0,0.0,2.5,3.597003,1.179656,22,68,26,5,0.05710125,0.03648732,-0.42382550,0E-8,0.000000,0.910478,0.012658,0.48818902,2026-03-27,2026-07-24,17,101,70,120,0.141667,1.395496,1.372913,0.190337,,,,,,,,GLOBAL_BASELINE_NO_ENTITY_RANKING,,,NOT_APPLICABLE_GLOBAL_BASELINE,HF9g-P5,,,,X 全窗基线 · 不参与实体赏罚,8390340,840,A168_HF9F_20260827_0900,2026-08-27 09:00:00
2026-07-14,147072379,2177,0,30.0000000000,30.0000000000,30.0000000000,1.0000000,1,1,0.49324550000000000,0.493245500000,1.01360149184955,1.01360149184955,1.01360149184955,0E-17,ELIGIBLE,R03b_20260811_FULL_v1,L1_ELIGIBILITY,v2026-08-11,2026-03-21..2026-08-06,baccarat_bet02_101_all_pairs_incl_sentinel,round_win = game_pnl > 0 (decisive only),COMPATIBILITY_ONLY_NOT_PRODUCTION,13047.0000,11879.0000,476.0500,553,538,-0.03648732,0.42382550,-0.06436352,-0.03648732,-476.0500,13047.0000,OK,0.0000,14.2815,3.0000,97.0000,AG03-UNRESOLVED,ALL5_LEVELS_bet23_to_bet27,14.2815,14.2815,14.2815,19.0420,19.0420,3.000000,3.000000,3.000000,4.000000,4.000000,97.000000,97.000000,97.000000,96.000000,96.000000,5.0,80.9285,75.6351,395.1215,400.4149,PENDING_AG03,FALSE,NOT_FOR_ENFORCEMENT,461.7685,11522.6300,476.0500,461.7685,14.2815,0.03648732,0.03539270,14.2815,461.7685,0.03539270,14.2815,14.2815,14.2815,19.0420,19.0420,461.7685,0.03539270,80.9285,75.6351,395.1215,400.4149,0.03028447,0.03069019,0.00109462,23.5931,22.0799,0.8849,28.0029,4.7134,767.4706,31.6471,32.3913,23.2113,10.0,20.0,30.0,40.0,50.0,71.9401,20.0,0.0,2.5,3.597003,1.179656,22,68,26,5,0.05710125,0.03648732,-0.42382550,0E-8,0.000000,0.910478,0.012658,0.48818902,2026-03-27,2026-07-24,17,101,70,120,0.141667,1.395496,1.372913,0.190337,,,,,,,,GLOBAL_BASELINE_NO_ENTITY_RANKING,,,NOT_APPLICABLE_GLOBAL_BASELINE,HF9g-P5,,,,X 全窗基线 · 不参与实体赏罚,8390341,840,A168_HF9F_20260827_0900,2026-08-27 09:00:00
2026-07-14,147072379,2271,0,390.0000000000,185.0000000000,185.0000000000,0.8000000,12,12,0.49883100000000000,0.498831000000,1.9047652072333086,1.9047652072333086,1.9047652072333086,0E-17,ELIGIBLE,R03b_20260811_FULL_v1,L1_ELIGIBILITY,v2026-08-11,2026-03-21..2026-08-06,baccarat_bet02_101_all_pairs_incl_sentinel,round_win = game_pnl > 0 (decisive only),COMPATIBILITY_ONLY_NOT_PRODUCTION,13047.0000,11879.0000,476.0500,553,538,-0.03648732,0.42382550,-0.06436352,-0.03648732,-476.0500,13047.0000,OK,0.0000,14.2815,3.0000,97.0000,AG03-UNRESOLVED,ALL5_LEVELS_bet23_to_bet27,14.2815,14.2815,14.2815,19.0420,19.0420,3.000000,3.000000,3.000000,4.000000,4.000000,97.000000,97.000000,97.000000,96.000000,96.000000,5.0,80.9285,75.6351,395.1215,400.4149,PENDING_AG03,FALSE,NOT_FOR_ENFORCEMENT,461.7685,11522.6300,476.0500,461.7685,14.2815,0.03648732,0.03539270,14.2815,461.7685,0.03539270,14.2815,14.2815,14.2815,19.0420,19.0420,461.7685,0.03539270,80.9285,75.6351,395.1215,400.4149,0.03028447,0.03069019,0.00109462,23.5931,22.0799,0.8849,28.0029,4.7134,767.4706,31.6471,32.3913,23.2113,10.0,20.0,30.0,40.0,50.0,71.9401,20.0,0.0,2.5,3.597003,1.179656,22,68,26,5,0.05710125,0.03648732,-0.42382550,0E-8,0.000000,0.910478,0.012658,0.48818902,2026-03-27,2026-07-24,17,101,70,120,0.141667,1.395496,1.372913,0.190337,,,,,,,,GLOBAL_BASELINE_NO_ENTITY_RANKING,,,NOT_APPLICABLE_GLOBAL_BASELINE,HF9g-P5,,,,X 全窗基线 · 不参与实体赏罚,8390342,840,A168_HF9F_20260827_0900,2026-08-27 09:00:00
2026-07-24,147072379,1934,0,35.0000000000,-5.7500000000,-5.7500000000,0.5000000,2,2,0.50665070000000000,0.506650700000,-0.018812684590367487,-0.018812684590367487,-0.018812684590367487,0E-17,ELIGIBLE,R03b_20260811_FULL_v1,L1_ELIGIBILITY,v2026-08-11,2026-03-21..2026-08-06,baccarat_bet02_101_all_pairs_incl_sentinel,round_win = game_pnl > 0 (decisive only),COMPATIBILITY_ONLY_NOT_PRODUCTION,13047.0000,11879.0000,476.0500,553,538,-0.03648732,0.42382550,-0.06436352,-0.03648732,-476.0500,13047.0000,OK,0.0000,14.2815,3.0000,97.0000,AG03-UNRESOLVED,ALL5_LEVELS_bet23_to_bet27,14.2815,14.2815,14.2815,19.0420,19.0420,3.000000,3.000000,3.000000,4.000000,4.000000,97.000000,97.000000,97.000000,96.000000,96.000000,5.0,80.9285,75.6351,395.1215,400.4149,PENDING_AG03,FALSE,NOT_FOR_ENFORCEMENT,461.7685,11522.6300,476.0500,461.7685,14.2815,0.03648732,0.03539270,14.2815,461.7685,0.03539270,14.2815,14.2815,14.2815,19.0420,19.0420,461.7685,0.03539270,80.9285,75.6351,395.1215,400.4149,0.03028447,0.03069019,0.00109462,23.5931,22.0799,0.8849,28.0029,4.7134,767.4706,31.6471,32.3913,23.2113,10.0,20.0,30.0,40.0,50.0,71.9401,20.0,0.0,2.5,3.597003,1.179656,22,68,26,5,0.05710125,0.03648732,-0.42382550,0E-8,0.000000,0.910478,0.012658,0.48818902,2026-03-27,2026-07-24,17,101,70,120,0.141667,1.395496,1.372913,0.190337,,,,,,,,GLOBAL_BASELINE_NO_ENTITY_RANKING,,,NOT_APPLICABLE_GLOBAL_BASELINE,HF9g-P5,,,,X 全窗基线 · 不参与实体赏罚,8390343,840,A168_HF9F_20260827_0900,2026-08-27 09:00:00
2026-04-29,78853492,1017,0,130.8797738398,49.7343140591,49.7343140591,1.0000000,2,2,0.50665070000000000,0.506650700000,0.9867858985152569,0.9867858985152569,0.9867858985152569,0E-17,ELIGIBLE,R03b_20260811_FULL_v1,L1_ELIGIBILITY,v2026-08-11,2026-03-21..2026-08-06,baccarat_bet02_101_all_pairs_incl_sentinel,round_win = game_pnl > 0 (decisive only),COMPATIBILITY_ONLY_NOT_PRODUCTION,3318.0129,2861.0226,481.0322,79,79,-0.14497599,-1.00000000,-0.14036063,-0.14497599,-481.0322,3318.0129,OK,0.0000,19.2413,4.0000,96.0000,AG03-UNRESOLVED,ALL5_LEVELS_bet23_to_bet27,19.2413,19.2413,19.2413,19.2413,19.2413,4.000000,4.000000,4.000000,4.000000,4.000000,96.000000,96.000000,96.000000,96.000000,96.000000,5.0,96.2064,88.8117,384.8258,392.2205,PENDING_AG03,FALSE,NOT_FOR_ENFORCEMENT,461.7909,2746.5817,481.0322,461.7909,19.2413,0.14497599,0.13917695,19.2413,461.7909,0.13917695,19.2413,19.2413,19.2413,19.2413,19.2413,461.7909,0.13917695,96.2064,88.8117,384.8258,392.2205,0.11598079,0.11820947,0.00579904,42.0002,36.2155,6.0890,68.7189,12.3342,474.0018,11.2857,17.8143,42.3102,26.0033,38.9186,52.3519,56.7458,77.8372,78.5279,38.5733,-12.9729,2.0,2.017747,1.07918,16,30,9,2,0.00536896,0.14497599,1.00000000,0E-8,0.000000,0.862270,0.000000,-0.85963937,2026-04-29,2026-07-21,7,39,33,84,0.083333,0.421039,0.424148,0.017897,,,,,,,,GLOBAL_BASELINE_NO_ENTITY_RANKING,,,NOT_APPLICABLE_GLOBAL_BASELINE,HF9g-P5,,,,X 全窗基线 · 不参与实体赏罚,8390344,840,A168_HF9F_20260827_0900,2026-08-27 09:00:00
2026-04-29,78853492,1374,0,52.3519095359,-52.3519095359,-52.3519095359,0E-7,1,1,0.49324550000000000,0.493245500000,-0.9865810262130424,-0.9865810262130424,-0.9865810262130424,0E-17,ELIGIBLE,R03b_20260811_FULL_v1,L1_ELIGIBILITY,v2026-08-11,2026-03-21..2026-08-06,baccarat_bet02_101_all_pairs_incl_sentinel,round_win = game_pnl > 0 (decisive only),COMPATIBILITY_ONLY_NOT_PRODUCTION,3318.0129,2861.0226,481.0322,79,79,-0.14497599,-1.00000000,-0.14036063,-0.14497599,-481.0322,3318.0129,OK,0.0000,19.2413,4.0000,96.0000,AG03-UNRESOLVED,ALL5_LEVELS_bet23_to_bet27,19.2413,19.2413,19.2413,19.2413,19.2413,4.000000,4.000000,4.000000,4.000000,4.000000,96.000000,96.000000,96.000000,96.000000,96.000000,5.0,96.2064,88.8117,384.8258,392.2205,PENDING_AG03,FALSE,NOT_FOR_ENFORCEMENT,461.7909,2746.5817,481.0322,461.7909,19.2413,0.14497599,0.13917695,19.2413,461.7909,0.13917695,19.2413,19.2413,19.2413,19.2413,19.2413,461.7909,0.13917695,96.2064,88.8117,384.8258,392.2205,0.11598079,0.11820947,0.00579904,42.0002,36.2155,6.0890,68.7189,12.3342,474.0018,11.2857,17.8143,42.3102,26.0033,38.9186,52.3519,56.7458,77.8372,78.5279,38.5733,-12.9729,2.0,2.017747,1.07918,16,30,9,2,0.00536896,0.14497599,1.00000000,0E-8,0.000000,0.862270,0.000000,-0.85963937,2026-04-29,2026-07-21,7,39,33,84,0.083333,0.421039,0.424148,0.017897,,,,,,,,GLOBAL_BASELINE_NO_ENTITY_RANKING,,,NOT_APPLICABLE_GLOBAL_BASELINE,HF9g-P5,,,,X 全窗基线 · 不参与实体赏罚,8390345,840,A168_HF9F_20260827_0900,2026-08-27 09:00:00
2026-04-30,78853492,-1,1,26.1759547680,-26.1759547680,-26.1759547680,0E-7,1,1,0.50665070000000000,0.506650700000,-1.013391052207602,-1.013391052207602,-1.013391052207602,0E-17,SENTINEL_DEALER,R03b_20260811_FULL_v1,L1_ELIGIBILITY,v2026-08-11,2026-03-21..2026-08-06,baccarat_bet02_101_all_pairs_incl_sentinel,round_win = game_pnl > 0 (decisive only),COMPATIBILITY_ONLY_NOT_PRODUCTION,3318.0129,2861.0226,481.0322,79,79,-0.14497599,-1.00000000,-0.14036063,-0.14497599,-481.0322,3318.0129,OK,0.0000,19.2413,4.0000,96.0000,AG03-UNRESOLVED,ALL5_LEVELS_bet23_to_bet27,19.2413,19.2413,19.2413,19.2413,19.2413,4.000000,4.000000,4.000000,4.000000,4.000000,96.000000,96.000000,96.000000,96.000000,96.000000,5.0,96.2064,88.8117,384.8258,392.2205,PENDING_AG03,FALSE,NOT_FOR_ENFORCEMENT,461.7909,2746.5817,481.0322,461.7909,19.2413,0.14497599,0.13917695,19.2413,461.7909,0.13917695,19.2413,19.2413,19.2413,19.2413,19.2413,461.7909,0.13917695,96.2064,88.8117,384.8258,392.2205,0.11598079,0.11820947,0.00579904,42.0002,36.2155,6.0890,68.7189,12.3342,474.0018,11.2857,17.8143,42.3102,26.0033,38.9186,52.3519,56.7458,77.8372,78.5279,38.5733,-12.9729,2.0,2.017747,1.07918,16,30,9,2,0.00536896,0.14497599,1.00000000,0E-8,0.000000,0.862270,0.000000,-0.85963937,2026-04-29,2026-07-21,7,39,33,84,0.083333,0.421039,0.424148,0.017897,,,,,,,,GLOBAL_BASELINE_NO_ENTITY_RANKING,,,NOT_APPLICABLE_GLOBAL_BASELINE,HF9g-P5,,,,X 全窗基线 · 不参与实体赏罚,8390346,840,A168_HF9F_20260827_0900,2026-08-27 09:00:00
2026-04-30,78853492,1115,0,353.3753893674,36.6463366751,36.6463366751,0.6000000,6,6,0.49994810000000000,0.499948100000,0.44744570176651083,0.44744570176651083,0.44744570176651083,0E-17,ELIGIBLE,R03b_20260811_FULL_v1,L1_ELIGIBILITY,v2026-08-11,2026-03-21..2026-08-06,baccarat_bet02_101_all_pairs_incl_sentinel,round_win = game_pnl > 0 (decisive only),COMPATIBILITY_ONLY_NOT_PRODUCTION,3318.0129,2861.0226,481.0322,79,79,-0.14497599,-1.00000000,-0.14036063,-0.14497599,-481.0322,3318.0129,OK,0.0000,19.2413,4.0000,96.0000,AG03-UNRESOLVED,ALL5_LEVELS_bet23_to_bet27,19.2413,19.2413,19.2413,19.2413,19.2413,4.000000,4.000000,4.000000,4.000000,4.000000,96.000000,96.000000,96.000000,96.000000,96.000000,5.0,96.2064,88.8117,384.8258,392.2205,PENDING_AG03,FALSE,NOT_FOR_ENFORCEMENT,461.7909,2746.5817,481.0322,461.7909,19.2413,0.14497599,0.13917695,19.2413,461.7909,0.13917695,19.2413,19.2413,19.2413,19.2413,19.2413,461.7909,0.13917695,96.2064,88.8117,384.8258,392.2205,0.11598079,0.11820947,0.00579904,42.0002,36.2155,6.0890,68.7189,12.3342,474.0018,11.2857,17.8143,42.3102,26.0033,38.9186,52.3519,56.7458,77.8372,78.5279,38.5733,-12.9729,2.0,2.017747,1.07918,16,30,9,2,0.00536896,0.14497599,1.00000000,0E-8,0.000000,0.862270,0.000000,-0.85963937,2026-04-29,2026-07-21,7,39,33,84,0.083333,0.421039,0.424148,0.017897,,,,,,,,GLOBAL_BASELINE_NO_ENTITY_RANKING,,,NOT_APPLICABLE_GLOBAL_BASELINE,HF9g-P5,,,,X 全窗基线 · 不参与实体赏罚,8390347,840,A168_HF9F_20260827_0900,2026-08-27 09:00:00
2026-04-30,78853492,1702,0,52.3519095359,-52.3519095359,-52.3519095359,0E-7,1,1,0.50665070000000000,0.506650700000,-1.013391052207602,-1.013391052207602,-1.013391052207602,0E-17,ELIGIBLE,R03b_20260811_FULL_v1,L1_ELIGIBILITY,v2026-08-11,2026-03-21..2026-08-06,baccarat_bet02_101_all_pairs_incl_sentinel,round_win = game_pnl > 0 (decisive only),COMPATIBILITY_ONLY_NOT_PRODUCTION,3318.0129,2861.0226,481.0322,79,79,-0.14497599,-1.00000000,-0.14036063,-0.14497599,-481.0322,3318.0129,OK,0.0000,19.2413,4.0000,96.0000,AG03-UNRESOLVED,ALL5_LEVELS_bet23_to_bet27,19.2413,19.2413,19.2413,19.2413,19.2413,4.000000,4.000000,4.000000,4.000000,4.000000,96.000000,96.000000,96.000000,96.000000,96.000000,5.0,96.2064,88.8117,384.8258,392.2205,PENDING_AG03,FALSE,NOT_FOR_ENFORCEMENT,461.7909,2746.5817,481.0322,461.7909,19.2413,0.14497599,0.13917695,19.2413,461.7909,0.13917695,19.2413,19.2413,19.2413,19.2413,19.2413,461.7909,0.13917695,96.2064,88.8117,384.8258,392.2205,0.11598079,0.11820947,0.00579904,42.0002,36.2155,6.0890,68.7189,12.3342,474.0018,11.2857,17.8143,42.3102,26.0033,38.9186,52.3519,56.7458,77.8372,78.5279,38.5733,-12.9729,2.0,2.017747,1.07918,16,30,9,2,0.00536896,0.14497599,1.00000000,0E-8,0.000000,0.862270,0.000000,-0.85963937,2026-04-29,2026-07-21,7,39,33,84,0.083333,0.421039,0.424148,0.017897,,,,,,,,GLOBAL_BASELINE_NO_ENTITY_RANKING,,,NOT_APPLICABLE_GLOBAL_BASELINE,HF9g-P5,,,,X 全窗基线 · 不参与实体赏罚,8390348,840,A168_HF9F_20260827_0900,2026-08-27 09:00:00
2026-04-30,78853492,1710,0,52.3519095359,49.7343140591,49.7343140591,1.0000000,1,1,0.50665070000000000,0.506650700000,0.9867858985152569,0.9867858985152569,0.9867858985152569,0E-17,ELIGIBLE,R03b_20260811_FULL_v1,L1_ELIGIBILITY,v2026-08-11,2026-03-21..2026-08-06,baccarat_bet02_101_all_pairs_incl_sentinel,round_win = game_pnl > 0 (decisive only),COMPATIBILITY_ONLY_NOT_PRODUCTION,3318.0129,2861.0226,481.0322,79,79,-0.14497599,-1.00000000,-0.14036063,-0.14497599,-481.0322,3318.0129,OK,0.0000,19.2413,4.0000,96.0000,AG03-UNRESOLVED,ALL5_LEVELS_bet23_to_bet27,19.2413,19.2413,19.2413,19.2413,19.2413,4.000000,4.000000,4.000000,4.000000,4.000000,96.000000,96.000000,96.000000,96.000000,96.000000,5.0,96.2064,88.8117,384.8258,392.2205,PENDING_AG03,FALSE,NOT_FOR_ENFORCEMENT,461.7909,2746.5817,481.0322,461.7909,19.2413,0.14497599,0.13917695,19.2413,461.7909,0.13917695,19.2413,19.2413,19.2413,19.2413,19.2413,461.7909,0.13917695,96.2064,88.8117,384.8258,392.2205,0.11598079,0.11820947,0.00579904,42.0002,36.2155,6.0890,68.7189,12.3342,474.0018,11.2857,17.8143,42.3102,26.0033,38.9186,52.3519,56.7458,77.8372,78.5279,38.5733,-12.9729,2.0,2.017747,1.07918,16,30,9,2,0.00536896,0.14497599,1.00000000,0E-8,0.000000,0.862270,0.000000,-0.85963937,2026-04-29,2026-07-21,7,39,33,84,0.083333,0.421039,0.424148,0.017897,,,,,,,,GLOBAL_BASELINE_NO_ENTITY_RANKING,,,NOT_APPLICABLE_GLOBAL_BASELINE,HF9g-P5,,,,X 全窗基线 · 不参与实体赏罚,8390349,840,A168_HF9F_20260827_0900,2026-08-27 09:00:00
2026-04-30,78853492,1940,0,52.3519095359,-52.3519095359,-52.3519095359,0E-7,1,1,0.50665070000000000,0.506650700000,-1.013391052207602,-1.013391052207602,-1.013391052207602,0E-17,ELIGIBLE,R03b_20260811_FULL_v1,L1_ELIGIBILITY,v2026-08-11,2026-03-21..2026-08-06,baccarat_bet02_101_all_pairs_incl_sentinel,round_win = game_pnl > 0 (decisive only),COMPATIBILITY_ONLY_NOT_PRODUCTION,3318.0129,2861.0226,481.0322,79,79,-0.14497599,-1.00000000,-0.14036063,-0.14497599,-481.0322,3318.0129,OK,0.0000,19.2413,4.0000,96.0000,AG03-UNRESOLVED,ALL5_LEVELS_bet23_to_bet27,19.2413,19.2413,19.2413,19.2413,19.2413,4.000000,4.000000,4.000000,4.000000,4.000000,96.000000,96.000000,96.000000,96.000000,96.000000,5.0,96.2064,88.8117,384.8258,392.2205,PENDING_AG03,FALSE,NOT_FOR_ENFORCEMENT,461.7909,2746.5817,481.0322,461.7909,19.2413,0.14497599,0.13917695,19.2413,461.7909,0.13917695,19.2413,19.2413,19.2413,19.2413,19.2413,461.7909,0.13917695,96.2064,88.8117,384.8258,392.2205,0.11598079,0.11820947,0.00579904,42.0002,36.2155,6.0890,68.7189,12.3342,474.0018,11.2857,17.8143,42.3102,26.0033,38.9186,52.3519,56.7458,77.8372,78.5279,38.5733,-12.9729,2.0,2.017747,1.07918,16,30,9,2,0.00536896,0.14497599,1.00000000,0E-8,0.000000,0.862270,0.000000,-0.85963937,2026-04-29,2026-07-21,7,39,33,84,0.083333,0.421039,0.424148,0.017897,,,,,,,,GLOBAL_BASELINE_NO_ENTITY_RANKING,,,NOT_APPLICABLE_GLOBAL_BASELINE,HF9g-P5,,,,X 全窗基线 · 不参与实体赏罚,8390350,840,A168_HF9F_20260827_0900,2026-08-27 09:00:00
2026-04-30,78853492,1966,0,104.7038190719,-52.3519095359,-52.3519095359,0.3333333,3,3,0.49771390000000000,0.497713900000,-0.5694369385616226,-0.5694369385616226,-0.5694369385616226,0E-17,ELIGIBLE,R03b_20260811_FULL_v1,L1_ELIGIBILITY,v2026-08-11,2026-03-21..2026-08-06,baccarat_bet02_101_all_pairs_incl_sentinel,round_win = game_pnl > 0 (decisive only),COMPATIBILITY_ONLY_NOT_PRODUCTION,3318.0129,2861.0226,481.0322,79,79,-0.14497599,-1.00000000,-0.14036063,-0.14497599,-481.0322,3318.0129,OK,0.0000,19.2413,4.0000,96.0000,AG03-UNRESOLVED,ALL5_LEVELS_bet23_to_bet27,19.2413,19.2413,19.2413,19.2413,19.2413,4.000000,4.000000,4.000000,4.000000,4.000000,96.000000,96.000000,96.000000,96.000000,96.000000,5.0,96.2064,88.8117,384.8258,392.2205,PENDING_AG03,FALSE,NOT_FOR_ENFORCEMENT,461.7909,2746.5817,481.0322,461.7909,19.2413,0.14497599,0.13917695,19.2413,461.7909,0.13917695,19.2413,19.2413,19.2413,19.2413,19.2413,461.7909,0.13917695,96.2064,88.8117,384.8258,392.2205,0.11598079,0.11820947,0.00579904,42.0002,36.2155,6.0890,68.7189,12.3342,474.0018,11.2857,17.8143,42.3102,26.0033,38.9186,52.3519,56.7458,77.8372,78.5279,38.5733,-12.9729,2.0,2.017747,1.07918,16,30,9,2,0.00536896,0.14497599,1.00000000,0E-8,0.000000,0.862270,0.000000,-0.85963937,2026-04-29,2026-07-21,7,39,33,84,0.083333,0.421039,0.424148,0.017897,,,,,,,,GLOBAL_BASELINE_NO_ENTITY_RANKING,,,NOT_APPLICABLE_GLOBAL_BASELINE,HF9g-P5,,,,X 全窗基线 · 不参与实体赏罚,8390351,840,A168_HF9F_20260827_0900,2026-08-27 09:00:00
2026-04-30,78853492,2205,0,52.3519095359,49.7343140591,49.7343140591,1.0000000,1,1,0.50665070000000000,0.506650700000,0.9867858985152569,0.9867858985152569,0.9867858985152569,0E-17,ELIGIBLE,R03b_20260811_FULL_v1,L1_ELIGIBILITY,v2026-08-11,2026-03-21..2026-08-06,baccarat_bet02_101_all_pairs_incl_sentinel,round_win = game_pnl > 0 (decisive only),COMPATIBILITY_ONLY_NOT_PRODUCTION,3318.0129,2861.0226,481.0322,79,79,-0.14497599,-1.00000000,-0.14036063,-0.14497599,-481.0322,3318.0129,OK,0.0000,19.2413,4.0000,96.0000,AG03-UNRESOLVED,ALL5_LEVELS_bet23_to_bet27,19.2413,19.2413,19.2413,19.2413,19.2413,4.000000,4.000000,4.000000,4.000000,4.000000,96.000000,96.000000,96.000000,96.000000,96.000000,5.0,96.2064,88.8117,384.8258,392.2205,PENDING_AG03,FALSE,NOT_FOR_ENFORCEMENT,461.7909,2746.5817,481.0322,461.7909,19.2413,0.14497599,0.13917695,19.2413,461.7909,0.13917695,19.2413,19.2413,19.2413,19.2413,19.2413,461.7909,0.13917695,96.2064,88.8117,384.8258,392.2205,0.11598079,0.11820947,0.00579904,42.0002,36.2155,6.0890,68.7189,12.3342,474.0018,11.2857,17.8143,42.3102,26.0033,38.9186,52.3519,56.7458,77.8372,78.5279,38.5733,-12.9729,2.0,2.017747,1.07918,16,30,9,2,0.00536896,0.14497599,1.00000000,0E-8,0.000000,0.862270,0.000000,-0.85963937,2026-04-29,2026-07-21,7,39,33,84,0.083333,0.421039,0.424148,0.017897,,,,,,,,GLOBAL_BASELINE_NO_ENTITY_RANKING,,,NOT_APPLICABLE_GLOBAL_BASELINE,HF9g-P5,,,,X 全窗基线 · 不参与实体赏罚,8390352,840,A168_HF9F_20260827_0900,2026-08-27 09:00:00
2026-04-30,78853492,2209,0,157.0557286077,-54.9695050127,-54.9695050127,0.3333333,3,3,0.49771390000000000,0.497713900000,-0.5694369385616226,-0.5694369385616226,-0.5694369385616226,0E-17,ELIGIBLE,R03b_20260811_FULL_v1,L1_ELIGIBILITY,v2026-08-11,2026-03-21..2026-08-06,baccarat_bet02_101_all_pairs_incl_sentinel,round_win = game_pnl > 0 (decisive only),COMPATIBILITY_ONLY_NOT_PRODUCTION,3318.0129,2861.0226,481.0322,79,79,-0.14497599,-1.00000000,-0.14036063,-0.14497599,-481.0322,3318.0129,OK,0.0000,19.2413,4.0000,96.0000,AG03-UNRESOLVED,ALL5_LEVELS_bet23_to_bet27,19.2413,19.2413,19.2413,19.2413,19.2413,4.000000,4.000000,4.000000,4.000000,4.000000,96.000000,96.000000,96.000000,96.000000,96.000000,5.0,96.2064,88.8117,384.8258,392.2205,PENDING_AG03,FALSE,NOT_FOR_ENFORCEMENT,461.7909,2746.5817,481.0322,461.7909,19.2413,0.14497599,0.13917695,19.2413,461.7909,0.13917695,19.2413,19.2413,19.2413,19.2413,19.2413,461.7909,0.13917695,96.2064,88.8117,384.8258,392.2205,0.11598079,0.11820947,0.00579904,42.0002,36.2155,6.0890,68.7189,12.3342,474.0018,11.2857,17.8143,42.3102,26.0033,38.9186,52.3519,56.7458,77.8372,78.5279,38.5733,-12.9729,2.0,2.017747,1.07918,16,30,9,2,0.00536896,0.14497599,1.00000000,0E-8,0.000000,0.862270,0.000000,-0.85963937,2026-04-29,2026-07-21,7,39,33,84,0.083333,0.421039,0.424148,0.017897,,,,,,,,GLOBAL_BASELINE_NO_ENTITY_RANKING,,,NOT_APPLICABLE_GLOBAL_BASELINE,HF9g-P5,,,,X 全窗基线 · 不参与实体赏罚,8390353,840,A168_HF9F_20260827_0900,2026-08-27 09:00:00
2026-04-30,78853492,2256,0,37.4316153182,-37.4316153182,-37.4316153182,0E-7,1,1,0.50665070000000000,0.506650700000,-1.013391052207602,-1.013391052207602,-1.013391052207602,0E-17,ELIGIBLE,R03b_20260811_FULL_v1,L1_ELIGIBILITY,v2026-08-11,2026-03-21..2026-08-06,baccarat_bet02_101_all_pairs_incl_sentinel,round_win = game_pnl > 0 (decisive only),COMPATIBILITY_ONLY_NOT_PRODUCTION,3318.0129,2861.0226,481.0322,79,79,-0.14497599,-1.00000000,-0.14036063,-0.14497599,-481.0322,3318.0129,OK,0.0000,19.2413,4.0000,96.0000,AG03-UNRESOLVED,ALL5_LEVELS_bet23_to_bet27,19.2413,19.2413,19.2413,19.2413,19.2413,4.000000,4.000000,4.000000,4.000000,4.000000,96.000000,96.000000,96.000000,96.000000,96.000000,5.0,96.2064,88.8117,384.8258,392.2205,PENDING_AG03,FALSE,NOT_FOR_ENFORCEMENT,461.7909,2746.5817,481.0322,461.7909,19.2413,0.14497599,0.13917695,19.2413,461.7909,0.13917695,19.2413,19.2413,19.2413,19.2413,19.2413,461.7909,0.13917695,96.2064,88.8117,384.8258,392.2205,0.11598079,0.11820947,0.00579904,42.0002,36.2155,6.0890,68.7189,12.3342,474.0018,11.2857,17.8143,42.3102,26.0033,38.9186,52.3519,56.7458,77.8372,78.5279,38.5733,-12.9729,2.0,2.017747,1.07918,16,30,9,2,0.00536896,0.14497599,1.00000000,0E-8,0.000000,0.862270,0.000000,-0.85963937,2026-04-29,2026-07-21,7,39,33,84,0.083333,0.421039,0.424148,0.017897,,,,,,,,GLOBAL_BASELINE_NO_ENTITY_RANKING,,,NOT_APPLICABLE_GLOBAL_BASELINE,HF9g-P5,,,,X 全窗基线 · 不参与实体赏罚,8390354,840,A168_HF9F_20260827_0900,2026-08-27 09:00:00
2026-04-30,78853492,462,0,209.4076381436,-54.9695050127,-54.9695050127,0.3333333,4,4,0.50665070000000000,0.506650700000,-0.6004420894325239,-0.6004420894325239,-0.6004420894325239,0E-17,ELIGIBLE,R03b_20260811_FULL_v1,L1_ELIGIBILITY,v2026-08-11,2026-03-21..2026-08-06,baccarat_bet02_101_all_pairs_incl_sentinel,round_win = game_pnl > 0 (decisive only),COMPATIBILITY_ONLY_NOT_PRODUCTION,3318.0129,2861.0226,481.0322,79,79,-0.14497599,-1.00000000,-0.14036063,-0.14497599,-481.0322,3318.0129,OK,0.0000,19.2413,4.0000,96.0000,AG03-UNRESOLVED,ALL5_LEVELS_bet23_to_bet27,19.2413,19.2413,19.2413,19.2413,19.2413,4.000000,4.000000,4.000000,4.000000,4.000000,96.000000,96.000000,96.000000,96.000000,96.000000,5.0,96.2064,88.8117,384.8258,392.2205,PENDING_AG03,FALSE,NOT_FOR_ENFORCEMENT,461.7909,2746.5817,481.0322,461.7909,19.2413,0.14497599,0.13917695,19.2413,461.7909,0.13917695,19.2413,19.2413,19.2413,19.2413,19.2413,461.7909,0.13917695,96.2064,88.8117,384.8258,392.2205,0.11598079,0.11820947,0.00579904,42.0002,36.2155,6.0890,68.7189,12.3342,474.0018,11.2857,17.8143,42.3102,26.0033,38.9186,52.3519,56.7458,77.8372,78.5279,38.5733,-12.9729,2.0,2.017747,1.07918,16,30,9,2,0.00536896,0.14497599,1.00000000,0E-8,0.000000,0.862270,0.000000,-0.85963937,2026-04-29,2026-07-21,7,39,33,84,0.083333,0.421039,0.424148,0.017897,,,,,,,,GLOBAL_BASELINE_NO_ENTITY_RANKING,,,NOT_APPLICABLE_GLOBAL_BASELINE,HF9g-P5,,,,X 全窗基线 · 不参与实体赏罚,8390355,840,A168_HF9F_20260827_0900,2026-08-27 09:00:00
2026-05-09,78853492,1507,0,197.1874837838,-25.9457215505,-25.9457215505,0.5000000,3,3,0.49771390000000000,0.497713900000,0.006466134837551399,0.0064661348375514,0.006466134837551399,0E-17,ELIGIBLE,R03b_20260811_FULL_v1,L1_ELIGIBILITY,v2026-08-11,2026-03-21..2026-08-06,baccarat_bet02_101_all_pairs_incl_sentinel,round_win = game_pnl > 0 (decisive only),COMPATIBILITY_ONLY_NOT_PRODUCTION,3318.0129,2861.0226,481.0322,79,79,-0.14497599,-1.00000000,-0.14036063,-0.14497599,-481.0322,3318.0129,OK,0.0000,19.2413,4.0000,96.0000,AG03-UNRESOLVED,ALL5_LEVELS_bet23_to_bet27,19.2413,19.2413,19.2413,19.2413,19.2413,4.000000,4.000000,4.000000,4.000000,4.000000,96.000000,96.000000,96.000000,96.000000,96.000000,5.0,96.2064,88.8117,384.8258,392.2205,PENDING_AG03,FALSE,NOT_FOR_ENFORCEMENT,461.7909,2746.5817,481.0322,461.7909,19.2413,0.14497599,0.13917695,19.2413,461.7909,0.13917695,19.2413,19.2413,19.2413,19.2413,19.2413,461.7909,0.13917695,96.2064,88.8117,384.8258,392.2205,0.11598079,0.11820947,0.00579904,42.0002,36.2155,6.0890,68.7189,12.3342,474.0018,11.2857,17.8143,42.3102,26.0033,38.9186,52.3519,56.7458,77.8372,78.5279,38.5733,-12.9729,2.0,2.017747,1.07918,16,30,9,2,0.00536896,0.14497599,1.00000000,0E-8,0.000000,0.862270,0.000000,-0.85963937,2026-04-29,2026-07-21,7,39,33,84,0.083333,0.421039,0.424148,0.017897,,,,,,,,GLOBAL_BASELINE_NO_ENTITY_RANKING,,,NOT_APPLICABLE_GLOBAL_BASELINE,HF9g-P5,,,,X 全窗基线 · 不参与实体赏罚,8390356,840,A168_HF9F_20260827_0900,2026-08-27 09:00:00
2026-05-09,78853492,2201,0,155.6743293030,49.2968709460,49.2968709460,0.6666667,3,3,0.50218230000000000,0.502182300000,0.5697959874915163,0.5697959874915164,0.5697959874915163,0E-17,ELIGIBLE,R03b_20260811_FULL_v1,L1_ELIGIBILITY,v2026-08-11,2026-03-21..2026-08-06,baccarat_bet02_101_all_pairs_incl_sentinel,round_win = game_pnl > 0 (decisive only),COMPATIBILITY_ONLY_NOT_PRODUCTION,3318.0129,2861.0226,481.0322,79,79,-0.14497599,-1.00000000,-0.14036063,-0.14497599,-481.0322,3318.0129,OK,0.0000,19.2413,4.0000,96.0000,AG03-UNRESOLVED,ALL5_LEVELS_bet23_to_bet27,19.2413,19.2413,19.2413,19.2413,19.2413,4.000000,4.000000,4.000000,4.000000,4.000000,96.000000,96.000000,96.000000,96.000000,96.000000,5.0,96.2064,88.8117,384.8258,392.2205,PENDING_AG03,FALSE,NOT_FOR_ENFORCEMENT,461.7909,2746.5817,481.0322,461.7909,19.2413,0.14497599,0.13917695,19.2413,461.7909,0.13917695,19.2413,19.2413,19.2413,19.2413,19.2413,461.7909,0.13917695,96.2064,88.8117,384.8258,392.2205,0.11598079,0.11820947,0.00579904,42.0002,36.2155,6.0890,68.7189,12.3342,474.0018,11.2857,17.8143,42.3102,26.0033,38.9186,52.3519,56.7458,77.8372,78.5279,38.5733,-12.9729,2.0,2.017747,1.07918,16,30,9,2,0.00536896,0.14497599,1.00000000,0E-8,0.000000,0.862270,0.000000,-0.85963937,2026-04-29,2026-07-21,7,39,33,84,0.083333,0.421039,0.424148,0.017897,,,,,,,,GLOBAL_BASELINE_NO_ENTITY_RANKING,,,NOT_APPLICABLE_GLOBAL_BASELINE,HF9g-P5,,,,X 全窗基线 · 不参与实体赏罚,8390357,840,A168_HF9F_20260827_0900,2026-08-27 09:00:00
2026-05-09,78853492,2212,0,77.8371646515,-77.8371646515,-77.8371646515,0E-7,1,1,0.50665070000000000,0.506650700000,-1.013391052207602,-1.013391052207602,-1.013391052207602,0E-17,ELIGIBLE,R03b_20260811_FULL_v1,L1_ELIGIBILITY,v2026-08-11,2026-03-21..2026-08-06,baccarat_bet02_101_all_pairs_incl_sentinel,round_win = game_pnl > 0 (decisive only),COMPATIBILITY_ONLY_NOT_PRODUCTION,3318.0129,2861.0226,481.0322,79,79,-0.14497599,-1.00000000,-0.14036063,-0.14497599,-481.0322,3318.0129,OK,0.0000,19.2413,4.0000,96.0000,AG03-UNRESOLVED,ALL5_LEVELS_bet23_to_bet27,19.2413,19.2413,19.2413,19.2413,19.2413,4.000000,4.000000,4.000000,4.000000,4.000000,96.000000,96.000000,96.000000,96.000000,96.000000,5.0,96.2064,88.8117,384.8258,392.2205,PENDING_AG03,FALSE,NOT_FOR_ENFORCEMENT,461.7909,2746.5817,481.0322,461.7909,19.2413,0.14497599,0.13917695,19.2413,461.7909,0.13917695,19.2413,19.2413,19.2413,19.2413,19.2413,461.7909,0.13917695,96.2064,88.8117,384.8258,392.2205,0.11598079,0.11820947,0.00579904,42.0002,36.2155,6.0890,68.7189,12.3342,474.0018,11.2857,17.8143,42.3102,26.0033,38.9186,52.3519,56.7458,77.8372,78.5279,38.5733,-12.9729,2.0,2.017747,1.07918,16,30,9,2,0.00536896,0.14497599,1.00000000,0E-8,0.000000,0.862270,0.000000,-0.85963937,2026-04-29,2026-07-21,7,39,33,84,0.083333,0.421039,0.424148,0.017897,,,,,,,,GLOBAL_BASELINE_NO_ENTITY_RANKING,,,NOT_APPLICABLE_GLOBAL_BASELINE,HF9g-P5,,,,X 全窗基线 · 不参与实体赏罚,8390358,840,A168_HF9F_20260827_0900,2026-08-27 09:00:00
2026-05-09,78853492,2244,0,181.6200508535,71.3507342640,71.3507342640,0.6666667,3,3,0.50665070000000000,0.506650700000,0.5543606114942035,0.5543606114942035,0.5543606114942035,0E-17,ELIGIBLE,R03b_20260811_FULL_v1,L1_ELIGIBILITY,v2026-08-11,2026-03-21..2026-08-06,baccarat_bet02_101_all_pairs_incl_sentinel,round_win = game_pnl > 0 (decisive only),COMPATIBILITY_ONLY_NOT_PRODUCTION,3318.0129,2861.0226,481.0322,79,79,-0.14497599,-1.00000000,-0.14036063,-0.14497599,-481.0322,3318.0129,OK,0.0000,19.2413,4.0000,96.0000,AG03-UNRESOLVED,ALL5_LEVELS_bet23_to_bet27,19.2413,19.2413,19.2413,19.2413,19.2413,4.000000,4.000000,4.000000,4.000000,4.000000,96.000000,96.000000,96.000000,96.000000,96.000000,5.0,96.2064,88.8117,384.8258,392.2205,PENDING_AG03,FALSE,NOT_FOR_ENFORCEMENT,461.7909,2746.5817,481.0322,461.7909,19.2413,0.14497599,0.13917695,19.2413,461.7909,0.13917695,19.2413,19.2413,19.2413,19.2413,19.2413,461.7909,0.13917695,96.2064,88.8117,384.8258,392.2205,0.11598079,0.11820947,0.00579904,42.0002,36.2155,6.0890,68.7189,12.3342,474.0018,11.2857,17.8143,42.3102,26.0033,38.9186,52.3519,56.7458,77.8372,78.5279,38.5733,-12.9729,2.0,2.017747,1.07918,16,30,9,2,0.00536896,0.14497599,1.00000000,0E-8,0.000000,0.862270,0.000000,-0.85963937,2026-04-29,2026-07-21,7,39,33,84,0.083333,0.421039,0.424148,0.017897,,,,,,,,GLOBAL_BASELINE_NO_ENTITY_RANKING,,,NOT_APPLICABLE_GLOBAL_BASELINE,HF9g-P5,,,,X 全窗基线 · 不参与实体赏罚,8390359,840,A168_HF9F_20260827_0900,2026-08-27 09:00:00
2026-05-24,78853492,1323,0,18.1620050854,-18.1620050854,-18.1620050854,0E-7,1,1,0.50665070000000000,0.506650700000,-1.013391052207602,-1.013391052207602,-1.013391052207602,0E-17,ELIGIBLE,R03b_20260811_FULL_v1,L1_ELIGIBILITY,v2026-08-11,2026-03-21..2026-08-06,baccarat_bet02_101_all_pairs_incl_sentinel,round_win = game_pnl > 0 (decisive only),COMPATIBILITY_ONLY_NOT_PRODUCTION,3318.0129,2861.0226,481.0322,79,79,-0.14497599,-1.00000000,-0.14036063,-0.14497599,-481.0322,3318.0129,OK,0.0000,19.2413,4.0000,96.0000,AG03-UNRESOLVED,ALL5_LEVELS_bet23_to_bet27,19.2413,19.2413,19.2413,19.2413,19.2413,4.000000,4.000000,4.000000,4.000000,4.000000,96.000000,96.000000,96.000000,96.000000,96.000000,5.0,96.2064,88.8117,384.8258,392.2205,PENDING_AG03,FALSE,NOT_FOR_ENFORCEMENT,461.7909,2746.5817,481.0322,461.7909,19.2413,0.14497599,0.13917695,19.2413,461.7909,0.13917695,19.2413,19.2413,19.2413,19.2413,19.2413,461.7909,0.13917695,96.2064,88.8117,384.8258,392.2205,0.11598079,0.11820947,0.00579904,42.0002,36.2155,6.0890,68.7189,12.3342,474.0018,11.2857,17.8143,42.3102,26.0033,38.9186,52.3519,56.7458,77.8372,78.5279,38.5733,-12.9729,2.0,2.017747,1.07918,16,30,9,2,0.00536896,0.14497599,1.00000000,0E-8,0.000000,0.862270,0.000000,-0.85963937,2026-04-29,2026-07-21,7,39,33,84,0.083333,0.421039,0.424148,0.017897,,,,,,,,GLOBAL_BASELINE_NO_ENTITY_RANKING,,,NOT_APPLICABLE_GLOBAL_BASELINE,HF9g-P5,,,,X 全窗基线 · 不参与实体赏罚,8390360,840,A168_HF9F_20260827_0900,2026-08-27 09:00:00
2026-05-24,78853492,1382,0,202.3766280940,-25.2970785117,-25.2970785117,0.4000000,5,5,0.50665070000000000,0.506650700000,-0.4769986289884125,-0.4769986289884125,-0.4769986289884125,0E-17,ELIGIBLE,R03b_20260811_FULL_v1,L1_ELIGIBILITY,v2026-08-11,2026-03-21..2026-08-06,baccarat_bet02_101_all_pairs_incl_sentinel,round_win = game_pnl > 0 (decisive only),COMPATIBILITY_ONLY_NOT_PRODUCTION,3318.0129,2861.0226,481.0322,79,79,-0.14497599,-1.00000000,-0.14036063,-0.14497599,-481.0322,3318.0129,OK,0.0000,19.2413,4.0000,96.0000,AG03-UNRESOLVED,ALL5_LEVELS_bet23_to_bet27,19.2413,19.2413,19.2413,19.2413,19.2413,4.000000,4.000000,4.000000,4.000000,4.000000,96.000000,96.000000,96.000000,96.000000,96.000000,5.0,96.2064,88.8117,384.8258,392.2205,PENDING_AG03,FALSE,NOT_FOR_ENFORCEMENT,461.7909,2746.5817,481.0322,461.7909,19.2413,0.14497599,0.13917695,19.2413,461.7909,0.13917695,19.2413,19.2413,19.2413,19.2413,19.2413,461.7909,0.13917695,96.2064,88.8117,384.8258,392.2205,0.11598079,0.11820947,0.00579904,42.0002,36.2155,6.0890,68.7189,12.3342,474.0018,11.2857,17.8143,42.3102,26.0033,38.9186,52.3519,56.7458,77.8372,78.5279,38.5733,-12.9729,2.0,2.017747,1.07918,16,30,9,2,0.00536896,0.14497599,1.00000000,0E-8,0.000000,0.862270,0.000000,-0.85963937,2026-04-29,2026-07-21,7,39,33,84,0.083333,0.421039,0.424148,0.017897,,,,,,,,GLOBAL_BASELINE_NO_ENTITY_RANKING,,,NOT_APPLICABLE_GLOBAL_BASELINE,HF9g-P5,,,,X 全窗基线 · 不参与实体赏罚,8390361,840,A168_HF9F_20260827_0900,2026-08-27 09:00:00
2026-05-24,78853492,1383,0,25.9457215505,-25.9457215505,-25.9457215505,0E-7,1,1,0.49324550000000000,0.493245500000,-0.9865810262130424,-0.9865810262130424,-0.9865810262130424,0E-17,ELIGIBLE,R03b_20260811_FULL_v1,L1_ELIGIBILITY,v2026-08-11,2026-03-21..2026-08-06,baccarat_bet02_101_all_pairs_incl_sentinel,round_win = game_pnl > 0 (decisive only),COMPATIBILITY_ONLY_NOT_PRODUCTION,3318.0129,2861.0226,481.0322,79,79,-0.14497599,-1.00000000,-0.14036063,-0.14497599,-481.0322,3318.0129,OK,0.0000,19.2413,4.0000,96.0000,AG03-UNRESOLVED,ALL5_LEVELS_bet23_to_bet27,19.2413,19.2413,19.2413,19.2413,19.2413,4.000000,4.000000,4.000000,4.000000,4.000000,96.000000,96.000000,96.000000,96.000000,96.000000,5.0,96.2064,88.8117,384.8258,392.2205,PENDING_AG03,FALSE,NOT_FOR_ENFORCEMENT,461.7909,2746.5817,481.0322,461.7909,19.2413,0.14497599,0.13917695,19.2413,461.7909,0.13917695,19.2413,19.2413,19.2413,19.2413,19.2413,461.7909,0.13917695,96.2064,88.8117,384.8258,392.2205,0.11598079,0.11820947,0.00579904,42.0002,36.2155,6.0890,68.7189,12.3342,474.0018,11.2857,17.8143,42.3102,26.0033,38.9186,52.3519,56.7458,77.8372,78.5279,38.5733,-12.9729,2.0,2.017747,1.07918,16,30,9,2,0.00536896,0.14497599,1.00000000,0E-8,0.000000,0.862270,0.000000,-0.85963937,2026-04-29,2026-07-21,7,39,33,84,0.083333,0.421039,0.424148,0.017897,,,,,,,,GLOBAL_BASELINE_NO_ENTITY_RANKING,,,NOT_APPLICABLE_GLOBAL_BASELINE,HF9g-P5,,,,X 全窗基线 · 不参与实体赏罚,8390362,840,A168_HF9F_20260827_0900,2026-08-27 09:00:00
2026-05-24,78853492,1490,0,116.7557469774,0E-10,0E-10,0.5000000,3,3,0.50218230000000000,0.502182300000,-0.00617253530718887,-0.00617253530718887,-0.00617253530718887,0E-17,ELIGIBLE,R03b_20260811_FULL_v1,L1_ELIGIBILITY,v2026-08-11,2026-03-21..2026-08-06,baccarat_bet02_101_all_pairs_incl_sentinel,round_win = game_pnl > 0 (decisive only),COMPATIBILITY_ONLY_NOT_PRODUCTION,3318.0129,2861.0226,481.0322,79,79,-0.14497599,-1.00000000,-0.14036063,-0.14497599,-481.0322,3318.0129,OK,0.0000,19.2413,4.0000,96.0000,AG03-UNRESOLVED,ALL5_LEVELS_bet23_to_bet27,19.2413,19.2413,19.2413,19.2413,19.2413,4.000000,4.000000,4.000000,4.000000,4.000000,96.000000,96.000000,96.000000,96.000000,96.000000,5.0,96.2064,88.8117,384.8258,392.2205,PENDING_AG03,FALSE,NOT_FOR_ENFORCEMENT,461.7909,2746.5817,481.0322,461.7909,19.2413,0.14497599,0.13917695,19.2413,461.7909,0.13917695,19.2413,19.2413,19.2413,19.2413,19.2413,461.7909,0.13917695,96.2064,88.8117,384.8258,392.2205,0.11598079,0.11820947,0.00579904,42.0002,36.2155,6.0890,68.7189,12.3342,474.0018,11.2857,17.8143,42.3102,26.0033,38.9186,52.3519,56.7458,77.8372,78.5279,38.5733,-12.9729,2.0,2.017747,1.07918,16,30,9,2,0.00536896,0.14497599,1.00000000,0E-8,0.000000,0.862270,0.000000,-0.85963937,2026-04-29,2026-07-21,7,39,33,84,0.083333,0.421039,0.424148,0.017897,,,,,,,,GLOBAL_BASELINE_NO_ENTITY_RANKING,,,NOT_APPLICABLE_GLOBAL_BASELINE,HF9g-P5,,,,X 全窗基线 · 不参与实体赏罚,8390363,840,A168_HF9F_20260827_0900,2026-08-27 09:00:00
2026-05-24,78853492,1623,0,77.8371646516,-77.8371646516,-77.8371646516,0E-7,2,2,0.49324550000000000,0.493245500000,-1.3952362676504506,-1.3952362676504506,-1.3952362676504506,0E-17,ELIGIBLE,R03b_20260811_FULL_v1,L1_ELIGIBILITY,v2026-08-11,2026-03-21..2026-08-06,baccarat_bet02_101_all_pairs_incl_sentinel,round_win = game_pnl > 0 (decisive only),COMPATIBILITY_ONLY_NOT_PRODUCTION,3318.0129,2861.0226,481.0322,79,79,-0.14497599,-1.00000000,-0.14036063,-0.14497599,-481.0322,3318.0129,OK,0.0000,19.2413,4.0000,96.0000,AG03-UNRESOLVED,ALL5_LEVELS_bet23_to_bet27,19.2413,19.2413,19.2413,19.2413,19.2413,4.000000,4.000000,4.000000,4.000000,4.000000,96.000000,96.000000,96.000000,96.000000,96.000000,5.0,96.2064,88.8117,384.8258,392.2205,PENDING_AG03,FALSE,NOT_FOR_ENFORCEMENT,461.7909,2746.5817,481.0322,461.7909,19.2413,0.14497599,0.13917695,19.2413,461.7909,0.13917695,19.2413,19.2413,19.2413,19.2413,19.2413,461.7909,0.13917695,96.2064,88.8117,384.8258,392.2205,0.11598079,0.11820947,0.00579904,42.0002,36.2155,6.0890,68.7189,12.3342,474.0018,11.2857,17.8143,42.3102,26.0033,38.9186,52.3519,56.7458,77.8372,78.5279,38.5733,-12.9729,2.0,2.017747,1.07918,16,30,9,2,0.00536896,0.14497599,1.00000000,0E-8,0.000000,0.862270,0.000000,-0.85963937,2026-04-29,2026-07-21,7,39,33,84,0.083333,0.421039,0.424148,0.017897,,,,,,,,GLOBAL_BASELINE_NO_ENTITY_RANKING,,,NOT_APPLICABLE_GLOBAL_BASELINE,HF9g-P5,,,,X 全窗基线 · 不参与实体赏罚,8390364,840,A168_HF9F_20260827_0900,2026-08-27 09:00:00
2026-05-24,78853492,2178,0,25.9457215505,0E-10,0E-10,,1,1,0.49324550000000000,0.493245500000,,,,0E-17,NO_DECISIVE_ROUND,R03b_20260811_FULL_v1,L1_ELIGIBILITY,v2026-08-11,2026-03-21..2026-08-06,baccarat_bet02_101_all_pairs_incl_sentinel,round_win = game_pnl > 0 (decisive only),COMPATIBILITY_ONLY_NOT_PRODUCTION,3318.0129,2861.0226,481.0322,79,79,-0.14497599,-1.00000000,-0.14036063,-0.14497599,-481.0322,3318.0129,OK,0.0000,19.2413,4.0000,96.0000,AG03-UNRESOLVED,ALL5_LEVELS_bet23_to_bet27,19.2413,19.2413,19.2413,19.2413,19.2413,4.000000,4.000000,4.000000,4.000000,4.000000,96.000000,96.000000,96.000000,96.000000,96.000000,5.0,96.2064,88.8117,384.8258,392.2205,PENDING_AG03,FALSE,NOT_FOR_ENFORCEMENT,461.7909,2746.5817,481.0322,461.7909,19.2413,0.14497599,0.13917695,19.2413,461.7909,0.13917695,19.2413,19.2413,19.2413,19.2413,19.2413,461.7909,0.13917695,96.2064,88.8117,384.8258,392.2205,0.11598079,0.11820947,0.00579904,42.0002,36.2155,6.0890,68.7189,12.3342,474.0018,11.2857,17.8143,42.3102,26.0033,38.9186,52.3519,56.7458,77.8372,78.5279,38.5733,-12.9729,2.0,2.017747,1.07918,16,30,9,2,0.00536896,0.14497599,1.00000000,0E-8,0.000000,0.862270,0.000000,-0.85963937,2026-04-29,2026-07-21,7,39,33,84,0.083333,0.421039,0.424148,0.017897,,,,,,,,GLOBAL_BASELINE_NO_ENTITY_RANKING,,,NOT_APPLICABLE_GLOBAL_BASELINE,HF9g-P5,,,,X 全窗基线 · 不参与实体赏罚,8390365,840,A168_HF9F_20260827_0900,2026-08-27 09:00:00
2026-05-24,78853492,2218,0,41.5131544809,-41.5131544809,-41.5131544809,0E-7,2,2,0.49324550000000000,0.493245500000,-1.3952362676504506,-1.3952362676504506,-1.3952362676504506,0E-17,ELIGIBLE,R03b_20260811_FULL_v1,L1_ELIGIBILITY,v2026-08-11,2026-03-21..2026-08-06,baccarat_bet02_101_all_pairs_incl_sentinel,round_win = game_pnl > 0 (decisive only),COMPATIBILITY_ONLY_NOT_PRODUCTION,3318.0129,2861.0226,481.0322,79,79,-0.14497599,-1.00000000,-0.14036063,-0.14497599,-481.0322,3318.0129,OK,0.0000,19.2413,4.0000,96.0000,AG03-UNRESOLVED,ALL5_LEVELS_bet23_to_bet27,19.2413,19.2413,19.2413,19.2413,19.2413,4.000000,4.000000,4.000000,4.000000,4.000000,96.000000,96.000000,96.000000,96.000000,96.000000,5.0,96.2064,88.8117,384.8258,392.2205,PENDING_AG03,FALSE,NOT_FOR_ENFORCEMENT,461.7909,2746.5817,481.0322,461.7909,19.2413,0.14497599,0.13917695,19.2413,461.7909,0.13917695,19.2413,19.2413,19.2413,19.2413,19.2413,461.7909,0.13917695,96.2064,88.8117,384.8258,392.2205,0.11598079,0.11820947,0.00579904,42.0002,36.2155,6.0890,68.7189,12.3342,474.0018,11.2857,17.8143,42.3102,26.0033,38.9186,52.3519,56.7458,77.8372,78.5279,38.5733,-12.9729,2.0,2.017747,1.07918,16,30,9,2,0.00536896,0.14497599,1.00000000,0E-8,0.000000,0.862270,0.000000,-0.85963937,2026-04-29,2026-07-21,7,39,33,84,0.083333,0.421039,0.424148,0.017897,,,,,,,,GLOBAL_BASELINE_NO_ENTITY_RANKING,,,NOT_APPLICABLE_GLOBAL_BASELINE,HF9g-P5,,,,X 全窗基线 · 不参与实体赏罚,8390366,840,A168_HF9F_20260827_0900,2026-08-27 09:00:00
2026-05-24,78853492,2271,0,77.8371646516,75.8912355353,75.8912355353,1.0000000,2,2,0.49994810000000000,0.499948100000,1.4143603653603398,1.4143603653603398,1.4143603653603398,0E-17,ELIGIBLE,R03b_20260811_FULL_v1,L1_ELIGIBILITY,v2026-08-11,2026-03-21..2026-08-06,baccarat_bet02_101_all_pairs_incl_sentinel,round_win = game_pnl > 0 (decisive only),COMPATIBILITY_ONLY_NOT_PRODUCTION,3318.0129,2861.0226,481.0322,79,79,-0.14497599,-1.00000000,-0.14036063,-0.14497599,-481.0322,3318.0129,OK,0.0000,19.2413,4.0000,96.0000,AG03-UNRESOLVED,ALL5_LEVELS_bet23_to_bet27,19.2413,19.2413,19.2413,19.2413,19.2413,4.000000,4.000000,4.000000,4.000000,4.000000,96.000000,96.000000,96.000000,96.000000,96.000000,5.0,96.2064,88.8117,384.8258,392.2205,PENDING_AG03,FALSE,NOT_FOR_ENFORCEMENT,461.7909,2746.5817,481.0322,461.7909,19.2413,0.14497599,0.13917695,19.2413,461.7909,0.13917695,19.2413,19.2413,19.2413,19.2413,19.2413,461.7909,0.13917695,96.2064,88.8117,384.8258,392.2205,0.11598079,0.11820947,0.00579904,42.0002,36.2155,6.0890,68.7189,12.3342,474.0018,11.2857,17.8143,42.3102,26.0033,38.9186,52.3519,56.7458,77.8372,78.5279,38.5733,-12.9729,2.0,2.017747,1.07918,16,30,9,2,0.00536896,0.14497599,1.00000000,0E-8,0.000000,0.862270,0.000000,-0.85963937,2026-04-29,2026-07-21,7,39,33,84,0.083333,0.421039,0.424148,0.017897,,,,,,,,GLOBAL_BASELINE_NO_ENTITY_RANKING,,,NOT_APPLICABLE_GLOBAL_BASELINE,HF9g-P5,,,,X 全窗基线 · 不参与实体赏罚,8390367,840,A168_HF9F_20260827_0900,2026-08-27 09:00:00
2026-05-24,78853492,462,0,44.1077266359,-44.1077266359,-44.1077266359,0E-7,1,1,0.50665070000000000,0.506650700000,-1.013391052207602,-1.013391052207602,-1.013391052207602,0E-17,ELIGIBLE,R03b_20260811_FULL_v1,L1_ELIGIBILITY,v2026-08-11,2026-03-21..2026-08-06,baccarat_bet02_101_all_pairs_incl_sentinel,round_win = game_pnl > 0 (decisive only),COMPATIBILITY_ONLY_NOT_PRODUCTION,3318.0129,2861.0226,481.0322,79,79,-0.14497599,-1.00000000,-0.14036063,-0.14497599,-481.0322,3318.0129,OK,0.0000,19.2413,4.0000,96.0000,AG03-UNRESOLVED,ALL5_LEVELS_bet23_to_bet27,19.2413,19.2413,19.2413,19.2413,19.2413,4.000000,4.000000,4.000000,4.000000,4.000000,96.000000,96.000000,96.000000,96.000000,96.000000,5.0,96.2064,88.8117,384.8258,392.2205,PENDING_AG03,FALSE,NOT_FOR_ENFORCEMENT,461.7909,2746.5817,481.0322,461.7909,19.2413,0.14497599,0.13917695,19.2413,461.7909,0.13917695,19.2413,19.2413,19.2413,19.2413,19.2413,461.7909,0.13917695,96.2064,88.8117,384.8258,392.2205,0.11598079,0.11820947,0.00579904,42.0002,36.2155,6.0890,68.7189,12.3342,474.0018,11.2857,17.8143,42.3102,26.0033,38.9186,52.3519,56.7458,77.8372,78.5279,38.5733,-12.9729,2.0,2.017747,1.07918,16,30,9,2,0.00536896,0.14497599,1.00000000,0E-8,0.000000,0.862270,0.000000,-0.85963937,2026-04-29,2026-07-21,7,39,33,84,0.083333,0.421039,0.424148,0.017897,,,,,,,,GLOBAL_BASELINE_NO_ENTITY_RANKING,,,NOT_APPLICABLE_GLOBAL_BASELINE,HF9g-P5,,,,X 全窗基线 · 不参与实体赏罚,8390368,840,A168_HF9F_20260827_0900,2026-08-27 09:00:00
2026-06-03,78853492,1323,0,25.7155347545,25.7155347545,25.7155347545,1.0000000,1,1,0.49324550000000000,0.493245500000,1.01360149184955,1.01360149184955,1.01360149184955,0E-17,ELIGIBLE,R03b_20260811_FULL_v1,L1_ELIGIBILITY,v2026-08-11,2026-03-21..2026-08-06,baccarat_bet02_101_all_pairs_incl_sentinel,round_win = game_pnl > 0 (decisive only),COMPATIBILITY_ONLY_NOT_PRODUCTION,3318.0129,2861.0226,481.0322,79,79,-0.14497599,-1.00000000,-0.14036063,-0.14497599,-481.0322,3318.0129,OK,0.0000,19.2413,4.0000,96.0000,AG03-UNRESOLVED,ALL5_LEVELS_bet23_to_bet27,19.2413,19.2413,19.2413,19.2413,19.2413,4.000000,4.000000,4.000000,4.000000,4.000000,96.000000,96.000000,96.000000,96.000000,96.000000,5.0,96.2064,88.8117,384.8258,392.2205,PENDING_AG03,FALSE,NOT_FOR_ENFORCEMENT,461.7909,2746.5817,481.0322,461.7909,19.2413,0.14497599,0.13917695,19.2413,461.7909,0.13917695,19.2413,19.2413,19.2413,19.2413,19.2413,461.7909,0.13917695,96.2064,88.8117,384.8258,392.2205,0.11598079,0.11820947,0.00579904,42.0002,36.2155,6.0890,68.7189,12.3342,474.0018,11.2857,17.8143,42.3102,26.0033,38.9186,52.3519,56.7458,77.8372,78.5279,38.5733,-12.9729,2.0,2.017747,1.07918,16,30,9,2,0.00536896,0.14497599,1.00000000,0E-8,0.000000,0.862270,0.000000,-0.85963937,2026-04-29,2026-07-21,7,39,33,84,0.083333,0.421039,0.424148,0.017897,,,,,,,,GLOBAL_BASELINE_NO_ENTITY_RANKING,,,NOT_APPLICABLE_GLOBAL_BASELINE,HF9g-P5,,,,X 全窗基线 · 不参与实体赏罚,8390369,840,A168_HF9F_20260827_0900,2026-08-27 09:00:00
2026-06-03,78853492,1646,0,102.8621390181,25.7155347545,25.7155347545,0.6666667,3,3,0.49771390000000000,0.497713900000,0.5852756695216578,0.5852756695216578,0.5852756695216578,0E-17,ELIGIBLE,R03b_20260811_FULL_v1,L1_ELIGIBILITY,v2026-08-11,2026-03-21..2026-08-06,baccarat_bet02_101_all_pairs_incl_sentinel,round_win = game_pnl > 0 (decisive only),COMPATIBILITY_ONLY_NOT_PRODUCTION,3318.0129,2861.0226,481.0322,79,79,-0.14497599,-1.00000000,-0.14036063,-0.14497599,-481.0322,3318.0129,OK,0.0000,19.2413,4.0000,96.0000,AG03-UNRESOLVED,ALL5_LEVELS_bet23_to_bet27,19.2413,19.2413,19.2413,19.2413,19.2413,4.000000,4.000000,4.000000,4.000000,4.000000,96.000000,96.000000,96.000000,96.000000,96.000000,5.0,96.2064,88.8117,384.8258,392.2205,PENDING_AG03,FALSE,NOT_FOR_ENFORCEMENT,461.7909,2746.5817,481.0322,461.7909,19.2413,0.14497599,0.13917695,19.2413,461.7909,0.13917695,19.2413,19.2413,19.2413,19.2413,19.2413,461.7909,0.13917695,96.2064,88.8117,384.8258,392.2205,0.11598079,0.11820947,0.00579904,42.0002,36.2155,6.0890,68.7189,12.3342,474.0018,11.2857,17.8143,42.3102,26.0033,38.9186,52.3519,56.7458,77.8372,78.5279,38.5733,-12.9729,2.0,2.017747,1.07918,16,30,9,2,0.00536896,0.14497599,1.00000000,0E-8,0.000000,0.862270,0.000000,-0.85963937,2026-04-29,2026-07-21,7,39,33,84,0.083333,0.421039,0.424148,0.017897,,,,,,,,GLOBAL_BASELINE_NO_ENTITY_RANKING,,,NOT_APPLICABLE_GLOBAL_BASELINE,HF9g-P5,,,,X 全窗基线 · 不参与实体赏罚,8390370,840,A168_HF9F_20260827_0900,2026-08-27 09:00:00
2026-06-03,78853492,2123,0,38.5733021318,36.6446370252,36.6446370252,1.0000000,2,2,0.50665070000000000,0.506650700000,1.3955260008387969,1.3955260008387969,1.3955260008387969,0E-17,ELIGIBLE,R03b_20260811_FULL_v1,L1_ELIGIBILITY,v2026-08-11,2026-03-21..2026-08-06,baccarat_bet02_101_all_pairs_incl_sentinel,round_win = game_pnl > 0 (decisive only),COMPATIBILITY_ONLY_NOT_PRODUCTION,3318.0129,2861.0226,481.0322,79,79,-0.14497599,-1.00000000,-0.14036063,-0.14497599,-481.0322,3318.0129,OK,0.0000,19.2413,4.0000,96.0000,AG03-UNRESOLVED,ALL5_LEVELS_bet23_to_bet27,19.2413,19.2413,19.2413,19.2413,19.2413,4.000000,4.000000,4.000000,4.000000,4.000000,96.000000,96.000000,96.000000,96.000000,96.000000,5.0,96.2064,88.8117,384.8258,392.2205,PENDING_AG03,FALSE,NOT_FOR_ENFORCEMENT,461.7909,2746.5817,481.0322,461.7909,19.2413,0.14497599,0.13917695,19.2413,461.7909,0.13917695,19.2413,19.2413,19.2413,19.2413,19.2413,461.7909,0.13917695,96.2064,88.8117,384.8258,392.2205,0.11598079,0.11820947,0.00579904,42.0002,36.2155,6.0890,68.7189,12.3342,474.0018,11.2857,17.8143,42.3102,26.0033,38.9186,52.3519,56.7458,77.8372,78.5279,38.5733,-12.9729,2.0,2.017747,1.07918,16,30,9,2,0.00536896,0.14497599,1.00000000,0E-8,0.000000,0.862270,0.000000,-0.85963937,2026-04-29,2026-07-21,7,39,33,84,0.083333,0.421039,0.424148,0.017897,,,,,,,,GLOBAL_BASELINE_NO_ENTITY_RANKING,,,NOT_APPLICABLE_GLOBAL_BASELINE,HF9g-P5,,,,X 全窗基线 · 不参与实体赏罚,8390371,840,A168_HF9F_20260827_0900,2026-08-27 09:00:00
2026-06-03,78853492,2145,0,12.8577673773,12.8577673773,12.8577673773,1.0000000,1,1,0.49324550000000000,0.493245500000,1.01360149184955,1.01360149184955,1.01360149184955,0E-17,ELIGIBLE,R03b_20260811_FULL_v1,L1_ELIGIBILITY,v2026-08-11,2026-03-21..2026-08-06,baccarat_bet02_101_all_pairs_incl_sentinel,round_win = game_pnl > 0 (decisive only),COMPATIBILITY_ONLY_NOT_PRODUCTION,3318.0129,2861.0226,481.0322,79,79,-0.14497599,-1.00000000,-0.14036063,-0.14497599,-481.0322,3318.0129,OK,0.0000,19.2413,4.0000,96.0000,AG03-UNRESOLVED,ALL5_LEVELS_bet23_to_bet27,19.2413,19.2413,19.2413,19.2413,19.2413,4.000000,4.000000,4.000000,4.000000,4.000000,96.000000,96.000000,96.000000,96.000000,96.000000,5.0,96.2064,88.8117,384.8258,392.2205,PENDING_AG03,FALSE,NOT_FOR_ENFORCEMENT,461.7909,2746.5817,481.0322,461.7909,19.2413,0.14497599,0.13917695,19.2413,461.7909,0.13917695,19.2413,19.2413,19.2413,19.2413,19.2413,461.7909,0.13917695,96.2064,88.8117,384.8258,392.2205,0.11598079,0.11820947,0.00579904,42.0002,36.2155,6.0890,68.7189,12.3342,474.0018,11.2857,17.8143,42.3102,26.0033,38.9186,52.3519,56.7458,77.8372,78.5279,38.5733,-12.9729,2.0,2.017747,1.07918,16,30,9,2,0.00536896,0.14497599,1.00000000,0E-8,0.000000,0.862270,0.000000,-0.85963937,2026-04-29,2026-07-21,7,39,33,84,0.083333,0.421039,0.424148,0.017897,,,,,,,,GLOBAL_BASELINE_NO_ENTITY_RANKING,,,NOT_APPLICABLE_GLOBAL_BASELINE,HF9g-P5,,,,X 全窗基线 · 不参与实体赏罚,8390372,840,A168_HF9F_20260827_0900,2026-08-27 09:00:00
2026-06-03,78853492,2271,0,102.8621390181,-102.8621390181,-102.8621390181,0E-7,3,3,0.50218230000000000,0.502182300000,-1.7396270863184011,-1.7396270863184016,-1.7396270863184011,0E-17,ELIGIBLE,R03b_20260811_FULL_v1,L1_ELIGIBILITY,v2026-08-11,2026-03-21..2026-08-06,baccarat_bet02_101_all_pairs_incl_sentinel,round_win = game_pnl > 0 (decisive only),COMPATIBILITY_ONLY_NOT_PRODUCTION,3318.0129,2861.0226,481.0322,79,79,-0.14497599,-1.00000000,-0.14036063,-0.14497599,-481.0322,3318.0129,OK,0.0000,19.2413,4.0000,96.0000,AG03-UNRESOLVED,ALL5_LEVELS_bet23_to_bet27,19.2413,19.2413,19.2413,19.2413,19.2413,4.000000,4.000000,4.000000,4.000000,4.000000,96.000000,96.000000,96.000000,96.000000,96.000000,5.0,96.2064,88.8117,384.8258,392.2205,PENDING_AG03,FALSE,NOT_FOR_ENFORCEMENT,461.7909,2746.5817,481.0322,461.7909,19.2413,0.14497599,0.13917695,19.2413,461.7909,0.13917695,19.2413,19.2413,19.2413,19.2413,19.2413,461.7909,0.13917695,96.2064,88.8117,384.8258,392.2205,0.11598079,0.11820947,0.00579904,42.0002,36.2155,6.0890,68.7189,12.3342,474.0018,11.2857,17.8143,42.3102,26.0033,38.9186,52.3519,56.7458,77.8372,78.5279,38.5733,-12.9729,2.0,2.017747,1.07918,16,30,9,2,0.00536896,0.14497599,1.00000000,0E-8,0.000000,0.862270,0.000000,-0.85963937,2026-04-29,2026-07-21,7,39,33,84,0.083333,0.421039,0.424148,0.017897,,,,,,,,GLOBAL_BASELINE_NO_ENTITY_RANKING,,,NOT_APPLICABLE_GLOBAL_BASELINE,HF9g-P5,,,,X 全窗基线 · 不参与实体赏罚,8390373,840,A168_HF9F_20260827_0900,2026-08-27 09:00:00
2026-06-03,78853492,772,0,12.8577673773,12.8577673773,12.8577673773,1.0000000,1,1,0.49324550000000000,0.493245500000,1.01360149184955,1.01360149184955,1.01360149184955,0E-17,ELIGIBLE,R03b_20260811_FULL_v1,L1_ELIGIBILITY,v2026-08-11,2026-03-21..2026-08-06,baccarat_bet02_101_all_pairs_incl_sentinel,round_win = game_pnl > 0 (decisive only),COMPATIBILITY_ONLY_NOT_PRODUCTION,3318.0129,2861.0226,481.0322,79,79,-0.14497599,-1.00000000,-0.14036063,-0.14497599,-481.0322,3318.0129,OK,0.0000,19.2413,4.0000,96.0000,AG03-UNRESOLVED,ALL5_LEVELS_bet23_to_bet27,19.2413,19.2413,19.2413,19.2413,19.2413,4.000000,4.000000,4.000000,4.000000,4.000000,96.000000,96.000000,96.000000,96.000000,96.000000,5.0,96.2064,88.8117,384.8258,392.2205,PENDING_AG03,FALSE,NOT_FOR_ENFORCEMENT,461.7909,2746.5817,481.0322,461.7909,19.2413,0.14497599,0.13917695,19.2413,461.7909,0.13917695,19.2413,19.2413,19.2413,19.2413,19.2413,461.7909,0.13917695,96.2064,88.8117,384.8258,392.2205,0.11598079,0.11820947,0.00579904,42.0002,36.2155,6.0890,68.7189,12.3342,474.0018,11.2857,17.8143,42.3102,26.0033,38.9186,52.3519,56.7458,77.8372,78.5279,38.5733,-12.9729,2.0,2.017747,1.07918,16,30,9,2,0.00536896,0.14497599,1.00000000,0E-8,0.000000,0.862270,0.000000,-0.85963937,2026-04-29,2026-07-21,7,39,33,84,0.083333,0.421039,0.424148,0.017897,,,,,,,,GLOBAL_BASELINE_NO_ENTITY_RANKING,,,NOT_APPLICABLE_GLOBAL_BASELINE,HF9g-P5,,,,X 全窗基线 · 不参与实体赏罚,8390374,840,A168_HF9F_20260827_0900,2026-08-27 09:00:00
2026-06-12,78853492,1017,0,64.2888368863,-25.7155347545,-25.7155347545,0E-7,2,2,0.49994810000000000,0.499948100000,-0.9998962053866608,-0.9998962053866608,-0.9998962053866608,0E-17,ELIGIBLE,R03b_20260811_FULL_v1,L1_ELIGIBILITY,v2026-08-11,2026-03-21..2026-08-06,baccarat_bet02_101_all_pairs_incl_sentinel,round_win = game_pnl > 0 (decisive only),COMPATIBILITY_ONLY_NOT_PRODUCTION,3318.0129,2861.0226,481.0322,79,79,-0.14497599,-1.00000000,-0.14036063,-0.14497599,-481.0322,3318.0129,OK,0.0000,19.2413,4.0000,96.0000,AG03-UNRESOLVED,ALL5_LEVELS_bet23_to_bet27,19.2413,19.2413,19.2413,19.2413,19.2413,4.000000,4.000000,4.000000,4.000000,4.000000,96.000000,96.000000,96.000000,96.000000,96.000000,5.0,96.2064,88.8117,384.8258,392.2205,PENDING_AG03,FALSE,NOT_FOR_ENFORCEMENT,461.7909,2746.5817,481.0322,461.7909,19.2413,0.14497599,0.13917695,19.2413,461.7909,0.13917695,19.2413,19.2413,19.2413,19.2413,19.2413,461.7909,0.13917695,96.2064,88.8117,384.8258,392.2205,0.11598079,0.11820947,0.00579904,42.0002,36.2155,6.0890,68.7189,12.3342,474.0018,11.2857,17.8143,42.3102,26.0033,38.9186,52.3519,56.7458,77.8372,78.5279,38.5733,-12.9729,2.0,2.017747,1.07918,16,30,9,2,0.00536896,0.14497599,1.00000000,0E-8,0.000000,0.862270,0.000000,-0.85963937,2026-04-29,2026-07-21,7,39,33,84,0.083333,0.421039,0.424148,0.017897,,,,,,,,GLOBAL_BASELINE_NO_ENTITY_RANKING,,,NOT_APPLICABLE_GLOBAL_BASELINE,HF9g-P5,,,,X 全窗基线 · 不参与实体赏罚,8390375,840,A168_HF9F_20260827_0900,2026-08-27 09:00:00
2026-06-12,78853492,1405,0,77.1466042636,-1.9286651066,-1.9286651066,0.5000000,2,2,0.49994810000000000,0.499948100000,0.00014679536856514622,0.00014679536856514622,0.00014679536856514622,0E-17,ELIGIBLE,R03b_20260811_FULL_v1,L1_ELIGIBILITY,v2026-08-11,2026-03-21..2026-08-06,baccarat_bet02_101_all_pairs_incl_sentinel,round_win = game_pnl > 0 (decisive only),COMPATIBILITY_ONLY_NOT_PRODUCTION,3318.0129,2861.0226,481.0322,79,79,-0.14497599,-1.00000000,-0.14036063,-0.14497599,-481.0322,3318.0129,OK,0.0000,19.2413,4.0000,96.0000,AG03-UNRESOLVED,ALL5_LEVELS_bet23_to_bet27,19.2413,19.2413,19.2413,19.2413,19.2413,4.000000,4.000000,4.000000,4.000000,4.000000,96.000000,96.000000,96.000000,96.000000,96.000000,5.0,96.2064,88.8117,384.8258,392.2205,PENDING_AG03,FALSE,NOT_FOR_ENFORCEMENT,461.7909,2746.5817,481.0322,461.7909,19.2413,0.14497599,0.13917695,19.2413,461.7909,0.13917695,19.2413,19.2413,19.2413,19.2413,19.2413,461.7909,0.13917695,96.2064,88.8117,384.8258,392.2205,0.11598079,0.11820947,0.00579904,42.0002,36.2155,6.0890,68.7189,12.3342,474.0018,11.2857,17.8143,42.3102,26.0033,38.9186,52.3519,56.7458,77.8372,78.5279,38.5733,-12.9729,2.0,2.017747,1.07918,16,30,9,2,0.00536896,0.14497599,1.00000000,0E-8,0.000000,0.862270,0.000000,-0.85963937,2026-04-29,2026-07-21,7,39,33,84,0.083333,0.421039,0.424148,0.017897,,,,,,,,GLOBAL_BASELINE_NO_ENTITY_RANKING,,,NOT_APPLICABLE_GLOBAL_BASELINE,HF9g-P5,,,,X 全窗基线 · 不参与实体赏罚,8390376,840,A168_HF9F_20260827_0900,2026-08-27 09:00:00
2026-06-12,78853492,1490,0,25.7155347545,-25.7155347545,-25.7155347545,0E-7,1,1,0.50665070000000000,0.506650700000,-1.013391052207602,-1.013391052207602,-1.013391052207602,0E-17,ELIGIBLE,R03b_20260811_FULL_v1,L1_ELIGIBILITY,v2026-08-11,2026-03-21..2026-08-06,baccarat_bet02_101_all_pairs_incl_sentinel,round_win = game_pnl > 0 (decisive only),COMPATIBILITY_ONLY_NOT_PRODUCTION,3318.0129,2861.0226,481.0322,79,79,-0.14497599,-1.00000000,-0.14036063,-0.14497599,-481.0322,3318.0129,OK,0.0000,19.2413,4.0000,96.0000,AG03-UNRESOLVED,ALL5_LEVELS_bet23_to_bet27,19.2413,19.2413,19.2413,19.2413,19.2413,4.000000,4.000000,4.000000,4.000000,4.000000,96.000000,96.000000,96.000000,96.000000,96.000000,5.0,96.2064,88.8117,384.8258,392.2205,PENDING_AG03,FALSE,NOT_FOR_ENFORCEMENT,461.7909,2746.5817,481.0322,461.7909,19.2413,0.14497599,0.13917695,19.2413,461.7909,0.13917695,19.2413,19.2413,19.2413,19.2413,19.2413,461.7909,0.13917695,96.2064,88.8117,384.8258,392.2205,0.11598079,0.11820947,0.00579904,42.0002,36.2155,6.0890,68.7189,12.3342,474.0018,11.2857,17.8143,42.3102,26.0033,38.9186,52.3519,56.7458,77.8372,78.5279,38.5733,-12.9729,2.0,2.017747,1.07918,16,30,9,2,0.00536896,0.14497599,1.00000000,0E-8,0.000000,0.862270,0.000000,-0.85963937,2026-04-29,2026-07-21,7,39,33,84,0.083333,0.421039,0.424148,0.017897,,,,,,,,GLOBAL_BASELINE_NO_ENTITY_RANKING,,,NOT_APPLICABLE_GLOBAL_BASELINE,HF9g-P5,,,,X 全窗基线 · 不参与实体赏罚,8390377,840,A168_HF9F_20260827_0900,2026-08-27 09:00:00
2026-06-12,78853492,1710,0,141.4354411499,-1.2857767377,-1.2857767377,0.5000000,4,4,0.50665070000000000,0.506650700000,-0.018812684590367487,-0.018812684590367487,-0.018812684590367487,0E-17,ELIGIBLE,R03b_20260811_FULL_v1,L1_ELIGIBILITY,v2026-08-11,2026-03-21..2026-08-06,baccarat_bet02_101_all_pairs_incl_sentinel,round_win = game_pnl > 0 (decisive only),COMPATIBILITY_ONLY_NOT_PRODUCTION,3318.0129,2861.0226,481.0322,79,79,-0.14497599,-1.00000000,-0.14036063,-0.14497599,-481.0322,3318.0129,OK,0.0000,19.2413,4.0000,96.0000,AG03-UNRESOLVED,ALL5_LEVELS_bet23_to_bet27,19.2413,19.2413,19.2413,19.2413,19.2413,4.000000,4.000000,4.000000,4.000000,4.000000,96.000000,96.000000,96.000000,96.000000,96.000000,5.0,96.2064,88.8117,384.8258,392.2205,PENDING_AG03,FALSE,NOT_FOR_ENFORCEMENT,461.7909,2746.5817,481.0322,461.7909,19.2413,0.14497599,0.13917695,19.2413,461.7909,0.13917695,19.2413,19.2413,19.2413,19.2413,19.2413,461.7909,0.13917695,96.2064,88.8117,384.8258,392.2205,0.11598079,0.11820947,0.00579904,42.0002,36.2155,6.0890,68.7189,12.3342,474.0018,11.2857,17.8143,42.3102,26.0033,38.9186,52.3519,56.7458,77.8372,78.5279,38.5733,-12.9729,2.0,2.017747,1.07918,16,30,9,2,0.00536896,0.14497599,1.00000000,0E-8,0.000000,0.862270,0.000000,-0.85963937,2026-04-29,2026-07-21,7,39,33,84,0.083333,0.421039,0.424148,0.017897,,,,,,,,GLOBAL_BASELINE_NO_ENTITY_RANKING,,,NOT_APPLICABLE_GLOBAL_BASELINE,HF9g-P5,,,,X 全窗基线 · 不参与实体赏罚,8390378,840,A168_HF9F_20260827_0900,2026-08-27 09:00:00
2026-06-12,78853492,2212,0,82.2897112145,-82.2897112145,-82.2897112145,0E-7,2,2,0.49994810000000000,0.499948100000,-1.4140667746232096,-1.4140667746232096,-1.4140667746232096,0E-17,ELIGIBLE,R03b_20260811_FULL_v1,L1_ELIGIBILITY,v2026-08-11,2026-03-21..2026-08-06,baccarat_bet02_101_all_pairs_incl_sentinel,round_win = game_pnl > 0 (decisive only),COMPATIBILITY_ONLY_NOT_PRODUCTION,3318.0129,2861.0226,481.0322,79,79,-0.14497599,-1.00000000,-0.14036063,-0.14497599,-481.0322,3318.0129,OK,0.0000,19.2413,4.0000,96.0000,AG03-UNRESOLVED,ALL5_LEVELS_bet23_to_bet27,19.2413,19.2413,19.2413,19.2413,19.2413,4.000000,4.000000,4.000000,4.000000,4.000000,96.000000,96.000000,96.000000,96.000000,96.000000,5.0,96.2064,88.8117,384.8258,392.2205,PENDING_AG03,FALSE,NOT_FOR_ENFORCEMENT,461.7909,2746.5817,481.0322,461.7909,19.2413,0.14497599,0.13917695,19.2413,461.7909,0.13917695,19.2413,19.2413,19.2413,19.2413,19.2413,461.7909,0.13917695,96.2064,88.8117,384.8258,392.2205,0.11598079,0.11820947,0.00579904,42.0002,36.2155,6.0890,68.7189,12.3342,474.0018,11.2857,17.8143,42.3102,26.0033,38.9186,52.3519,56.7458,77.8372,78.5279,38.5733,-12.9729,2.0,2.017747,1.07918,16,30,9,2,0.00536896,0.14497599,1.00000000,0E-8,0.000000,0.862270,0.000000,-0.85963937,2026-04-29,2026-07-21,7,39,33,84,0.083333,0.421039,0.424148,0.017897,,,,,,,,GLOBAL_BASELINE_NO_ENTITY_RANKING,,,NOT_APPLICABLE_GLOBAL_BASELINE,HF9g-P5,,,,X 全窗基线 · 不参与实体赏罚,8390379,840,A168_HF9F_20260827_0900,2026-08-27 09:00:00
2026-06-12,78853492,2229,0,90.0043716409,0E-10,0E-10,0.5000000,3,3,0.49771390000000000,0.497713900000,0.006466134837551399,0.0064661348375514,0.006466134837551399,0E-17,ELIGIBLE,R03b_20260811_FULL_v1,L1_ELIGIBILITY,v2026-08-11,2026-03-21..2026-08-06,baccarat_bet02_101_all_pairs_incl_sentinel,round_win = game_pnl > 0 (decisive only),COMPATIBILITY_ONLY_NOT_PRODUCTION,3318.0129,2861.0226,481.0322,79,79,-0.14497599,-1.00000000,-0.14036063,-0.14497599,-481.0322,3318.0129,OK,0.0000,19.2413,4.0000,96.0000,AG03-UNRESOLVED,ALL5_LEVELS_bet23_to_bet27,19.2413,19.2413,19.2413,19.2413,19.2413,4.000000,4.000000,4.000000,4.000000,4.000000,96.000000,96.000000,96.000000,96.000000,96.000000,5.0,96.2064,88.8117,384.8258,392.2205,PENDING_AG03,FALSE,NOT_FOR_ENFORCEMENT,461.7909,2746.5817,481.0322,461.7909,19.2413,0.14497599,0.13917695,19.2413,461.7909,0.13917695,19.2413,19.2413,19.2413,19.2413,19.2413,461.7909,0.13917695,96.2064,88.8117,384.8258,392.2205,0.11598079,0.11820947,0.00579904,42.0002,36.2155,6.0890,68.7189,12.3342,474.0018,11.2857,17.8143,42.3102,26.0033,38.9186,52.3519,56.7458,77.8372,78.5279,38.5733,-12.9729,2.0,2.017747,1.07918,16,30,9,2,0.00536896,0.14497599,1.00000000,0E-8,0.000000,0.862270,0.000000,-0.85963937,2026-04-29,2026-07-21,7,39,33,84,0.083333,0.421039,0.424148,0.017897,,,,,,,,GLOBAL_BASELINE_NO_ENTITY_RANKING,,,NOT_APPLICABLE_GLOBAL_BASELINE,HF9g-P5,,,,X 全窗基线 · 不参与实体赏罚,8390380,840,A168_HF9F_20260827_0900,2026-08-27 09:00:00
2026-07-21,78853492,-1,1,17.8142669042,-17.8142669042,-17.8142669042,0E-7,1,1,0.50665070000000000,0.506650700000,-1.013391052207602,-1.013391052207602,-1.013391052207602,0E-17,SENTINEL_DEALER,R03b_20260811_FULL_v1,L1_ELIGIBILITY,v2026-08-11,2026-03-21..2026-08-06,baccarat_bet02_101_all_pairs_incl_sentinel,round_win = game_pnl > 0 (decisive only),COMPATIBILITY_ONLY_NOT_PRODUCTION,3318.0129,2861.0226,481.0322,79,79,-0.14497599,-1.00000000,-0.14036063,-0.14497599,-481.0322,3318.0129,OK,0.0000,19.2413,4.0000,96.0000,AG03-UNRESOLVED,ALL5_LEVELS_bet23_to_bet27,19.2413,19.2413,19.2413,19.2413,19.2413,4.000000,4.000000,4.000000,4.000000,4.000000,96.000000,96.000000,96.000000,96.000000,96.000000,5.0,96.2064,88.8117,384.8258,392.2205,PENDING_AG03,FALSE,NOT_FOR_ENFORCEMENT,461.7909,2746.5817,481.0322,461.7909,19.2413,0.14497599,0.13917695,19.2413,461.7909,0.13917695,19.2413,19.2413,19.2413,19.2413,19.2413,461.7909,0.13917695,96.2064,88.8117,384.8258,392.2205,0.11598079,0.11820947,0.00579904,42.0002,36.2155,6.0890,68.7189,12.3342,474.0018,11.2857,17.8143,42.3102,26.0033,38.9186,52.3519,56.7458,77.8372,78.5279,38.5733,-12.9729,2.0,2.017747,1.07918,16,30,9,2,0.00536896,0.14497599,1.00000000,0E-8,0.000000,0.862270,0.000000,-0.85963937,2026-04-29,2026-07-21,7,39,33,84,0.083333,0.421039,0.424148,0.017897,,,,,,,,GLOBAL_BASELINE_NO_ENTITY_RANKING,,,NOT_APPLICABLE_GLOBAL_BASELINE,HF9g-P5,,,,X 全窗基线 · 不参与实体赏罚,8390381,840,A168_HF9F_20260827_0900,2026-08-27 09:00:00
2026-04-06,122134987,-1,1,251.2891657723,-63.3458105384,-63.3458105384,0.4000000,6,6,0.50218230000000000,0.502182300000,-0.4569774904649096,-0.4569774904649096,-0.4569774904649096,0E-17,SENTINEL_DEALER,R03b_20260811_FULL_v1,L1_ELIGIBILITY,v2026-08-11,2026-03-21..2026-08-06,baccarat_bet02_101_all_pairs_incl_sentinel,round_win = game_pnl > 0 (decisive only),COMPATIBILITY_ONLY_NOT_PRODUCTION,2956.8359,2524.4091,481.0617,52,52,-0.16269476,,-0.16269476,-0.16269476,-481.0617,2956.8359,OK,0.0000,19.2425,4.0000,96.0000,AG03-UNRESOLVED,ALL5_LEVELS_bet23_to_bet27,19.2425,19.2425,19.2425,24.0531,24.0531,4.000000,4.000000,4.000000,5.000000,5.000000,96.000000,96.000000,96.000000,95.000000,95.000000,5.0,105.8336,96.9463,375.2281,384.1154,PENDING_AG03,FALSE,NOT_FOR_ENFORCEMENT,461.8192,2423.4327,481.0617,461.8192,19.2425,0.16269476,0.15618697,19.2425,461.8192,0.15618697,19.2425,19.2425,19.2425,24.0531,24.0531,461.8192,0.15618697,105.8336,96.9463,375.2281,384.1154,0.12690191,0.12990757,0.00650779,56.8622,48.5463,9.2512,240.5308,17.1808,1478.4179,26.0000,,56.8622,36.6463,52.3519,65.4399,114.1272,129.571,130.8798,46.855,-13.088,2.475,2.5,1.086154,23,24,2,2,0E-8,0.16269476,,0E-8,0.000000,0.853754,0.000000,,2026-04-06,2026-04-08,2,28,27,3,0.666667,,,0.000000,,,,,,,,GLOBAL_BASELINE_NO_ENTITY_RANKING,,,NOT_APPLICABLE_GLOBAL_BASELINE,HF9g-P5,,,,X 全窗基线 · 不参与实体赏罚,8390382,840,A168_HF9F_20260827_0900,2026-08-27 09:00:00
2026-04-06,122134987,1109,0,41.3580085334,41.3580085334,41.3580085334,1.0000000,1,1,0.49324550000000000,0.493245500000,1.01360149184955,1.01360149184955,1.01360149184955,0E-17,ELIGIBLE,R03b_20260811_FULL_v1,L1_ELIGIBILITY,v2026-08-11,2026-03-21..2026-08-06,baccarat_bet02_101_all_pairs_incl_sentinel,round_win = game_pnl > 0 (decisive only),COMPATIBILITY_ONLY_NOT_PRODUCTION,2956.8359,2524.4091,481.0617,52,52,-0.16269476,,-0.16269476,-0.16269476,-481.0617,2956.8359,OK,0.0000,19.2425,4.0000,96.0000,AG03-UNRESOLVED,ALL5_LEVELS_bet23_to_bet27,19.2425,19.2425,19.2425,24.0531,24.0531,4.000000,4.000000,4.000000,5.000000,5.000000,96.000000,96.000000,96.000000,95.000000,95.000000,5.0,105.8336,96.9463,375.2281,384.1154,PENDING_AG03,FALSE,NOT_FOR_ENFORCEMENT,461.8192,2423.4327,481.0617,461.8192,19.2425,0.16269476,0.15618697,19.2425,461.8192,0.15618697,19.2425,19.2425,19.2425,24.0531,24.0531,461.8192,0.15618697,105.8336,96.9463,375.2281,384.1154,0.12690191,0.12990757,0.00650779,56.8622,48.5463,9.2512,240.5308,17.1808,1478.4179,26.0000,,56.8622,36.6463,52.3519,65.4399,114.1272,129.571,130.8798,46.855,-13.088,2.475,2.5,1.086154,23,24,2,2,0E-8,0.16269476,,0E-8,0.000000,0.853754,0.000000,,2026-04-06,2026-04-08,2,28,27,3,0.666667,,,0.000000,,,,,,,,GLOBAL_BASELINE_NO_ENTITY_RANKING,,,NOT_APPLICABLE_GLOBAL_BASELINE,HF9g-P5,,,,X 全窗基线 · 不参与实体赏罚,8390383,840,A168_HF9F_20260827_0900,2026-08-27 09:00:00
2026-04-06,122134987,1325,0,130.8797738397,-22.9039604219,-22.9039604219,0.5000000,4,4,0.49994810000000000,0.499948100000,0.00020760000111838688,0.00020760000111838688,0.00020760000111838688,0E-17,ELIGIBLE,R03b_20260811_FULL_v1,L1_ELIGIBILITY,v2026-08-11,2026-03-21..2026-08-06,baccarat_bet02_101_all_pairs_incl_sentinel,round_win = game_pnl > 0 (decisive only),COMPATIBILITY_ONLY_NOT_PRODUCTION,2956.8359,2524.4091,481.0617,52,52,-0.16269476,,-0.16269476,-0.16269476,-481.0617,2956.8359,OK,0.0000,19.2425,4.0000,96.0000,AG03-UNRESOLVED,ALL5_LEVELS_bet23_to_bet27,19.2425,19.2425,19.2425,24.0531,24.0531,4.000000,4.000000,4.000000,5.000000,5.000000,96.000000,96.000000,96.000000,95.000000,95.000000,5.0,105.8336,96.9463,375.2281,384.1154,PENDING_AG03,FALSE,NOT_FOR_ENFORCEMENT,461.8192,2423.4327,481.0617,461.8192,19.2425,0.16269476,0.15618697,19.2425,461.8192,0.15618697,19.2425,19.2425,19.2425,24.0531,24.0531,461.8192,0.15618697,105.8336,96.9463,375.2281,384.1154,0.12690191,0.12990757,0.00650779,56.8622,48.5463,9.2512,240.5308,17.1808,1478.4179,26.0000,,56.8622,36.6463,52.3519,65.4399,114.1272,129.571,130.8798,46.855,-13.088,2.475,2.5,1.086154,23,24,2,2,0E-8,0.16269476,,0E-8,0.000000,0.853754,0.000000,,2026-04-06,2026-04-08,2,28,27,3,0.666667,,,0.000000,,,,,,,,GLOBAL_BASELINE_NO_ENTITY_RANKING,,,NOT_APPLICABLE_GLOBAL_BASELINE,HF9g-P5,,,,X 全窗基线 · 不参与实体赏罚,8390384,840,A168_HF9F_20260827_0900,2026-08-27 09:00:00
2026-04-06,122134987,1401,0,261.7595476795,-28.7935502447,-28.7935502447,0.4000000,5,5,0.50128862000000000,0.501288620000,-0.4529779837142727,-0.4529779837142727,-0.4529779837142727,0E-17,ELIGIBLE,R03b_20260811_FULL_v1,L1_ELIGIBILITY,v2026-08-11,2026-03-21..2026-08-06,baccarat_bet02_101_all_pairs_incl_sentinel,round_win = game_pnl > 0 (decisive only),COMPATIBILITY_ONLY_NOT_PRODUCTION,2956.8359,2524.4091,481.0617,52,52,-0.16269476,,-0.16269476,-0.16269476,-481.0617,2956.8359,OK,0.0000,19.2425,4.0000,96.0000,AG03-UNRESOLVED,ALL5_LEVELS_bet23_to_bet27,19.2425,19.2425,19.2425,24.0531,24.0531,4.000000,4.000000,4.000000,5.000000,5.000000,96.000000,96.000000,96.000000,95.000000,95.000000,5.0,105.8336,96.9463,375.2281,384.1154,PENDING_AG03,FALSE,NOT_FOR_ENFORCEMENT,461.8192,2423.4327,481.0617,461.8192,19.2425,0.16269476,0.15618697,19.2425,461.8192,0.15618697,19.2425,19.2425,19.2425,24.0531,24.0531,461.8192,0.15618697,105.8336,96.9463,375.2281,384.1154,0.12690191,0.12990757,0.00650779,56.8622,48.5463,9.2512,240.5308,17.1808,1478.4179,26.0000,,56.8622,36.6463,52.3519,65.4399,114.1272,129.571,130.8798,46.855,-13.088,2.475,2.5,1.086154,23,24,2,2,0E-8,0.16269476,,0E-8,0.000000,0.853754,0.000000,,2026-04-06,2026-04-08,2,28,27,3,0.666667,,,0.000000,,,,,,,,GLOBAL_BASELINE_NO_ENTITY_RANKING,,,NOT_APPLICABLE_GLOBAL_BASELINE,HF9g-P5,,,,X 全窗基线 · 不参与实体赏罚,8390385,840,A168_HF9F_20260827_0900,2026-08-27 09:00:00
2026-04-06,122134987,1505,0,109.9390100254,20.9407638144,20.9407638144,0.5000000,3,3,0.49324550000000000,0.493245500000,0.01910635448239258,0.01910635448239258,0.01910635448239258,0E-17,ELIGIBLE,R03b_20260811_FULL_v1,L1_ELIGIBILITY,v2026-08-11,2026-03-21..2026-08-06,baccarat_bet02_101_all_pairs_incl_sentinel,round_win = game_pnl > 0 (decisive only),COMPATIBILITY_ONLY_NOT_PRODUCTION,2956.8359,2524.4091,481.0617,52,52,-0.16269476,,-0.16269476,-0.16269476,-481.0617,2956.8359,OK,0.0000,19.2425,4.0000,96.0000,AG03-UNRESOLVED,ALL5_LEVELS_bet23_to_bet27,19.2425,19.2425,19.2425,24.0531,24.0531,4.000000,4.000000,4.000000,5.000000,5.000000,96.000000,96.000000,96.000000,95.000000,95.000000,5.0,105.8336,96.9463,375.2281,384.1154,PENDING_AG03,FALSE,NOT_FOR_ENFORCEMENT,461.8192,2423.4327,481.0617,461.8192,19.2425,0.16269476,0.15618697,19.2425,461.8192,0.15618697,19.2425,19.2425,19.2425,24.0531,24.0531,461.8192,0.15618697,105.8336,96.9463,375.2281,384.1154,0.12690191,0.12990757,0.00650779,56.8622,48.5463,9.2512,240.5308,17.1808,1478.4179,26.0000,,56.8622,36.6463,52.3519,65.4399,114.1272,129.571,130.8798,46.855,-13.088,2.475,2.5,1.086154,23,24,2,2,0E-8,0.16269476,,0E-8,0.000000,0.853754,0.000000,,2026-04-06,2026-04-08,2,28,27,3,0.666667,,,0.000000,,,,,,,,GLOBAL_BASELINE_NO_ENTITY_RANKING,,,NOT_APPLICABLE_GLOBAL_BASELINE,HF9g-P5,,,,X 全窗基线 · 不参与实体赏罚,8390386,840,A168_HF9F_20260827_0900,2026-08-27 09:00:00
2026-04-06,122134987,1507,0,17.5378896945,17.5378896945,17.5378896945,1.0000000,1,1,0.49324550000000000,0.493245500000,1.01360149184955,1.01360149184955,1.01360149184955,0E-17,ELIGIBLE,R03b_20260811_FULL_v1,L1_ELIGIBILITY,v2026-08-11,2026-03-21..2026-08-06,baccarat_bet02_101_all_pairs_incl_sentinel,round_win = game_pnl > 0 (decisive only),COMPATIBILITY_ONLY_NOT_PRODUCTION,2956.8359,2524.4091,481.0617,52,52,-0.16269476,,-0.16269476,-0.16269476,-481.0617,2956.8359,OK,0.0000,19.2425,4.0000,96.0000,AG03-UNRESOLVED,ALL5_LEVELS_bet23_to_bet27,19.2425,19.2425,19.2425,24.0531,24.0531,4.000000,4.000000,4.000000,5.000000,5.000000,96.000000,96.000000,96.000000,95.000000,95.000000,5.0,105.8336,96.9463,375.2281,384.1154,PENDING_AG03,FALSE,NOT_FOR_ENFORCEMENT,461.8192,2423.4327,481.0617,461.8192,19.2425,0.16269476,0.15618697,19.2425,461.8192,0.15618697,19.2425,19.2425,19.2425,24.0531,24.0531,461.8192,0.15618697,105.8336,96.9463,375.2281,384.1154,0.12690191,0.12990757,0.00650779,56.8622,48.5463,9.2512,240.5308,17.1808,1478.4179,26.0000,,56.8622,36.6463,52.3519,65.4399,114.1272,129.571,130.8798,46.855,-13.088,2.475,2.5,1.086154,23,24,2,2,0E-8,0.16269476,,0E-8,0.000000,0.853754,0.000000,,2026-04-06,2026-04-08,2,28,27,3,0.666667,,,0.000000,,,,,,,,GLOBAL_BASELINE_NO_ENTITY_RANKING,,,NOT_APPLICABLE_GLOBAL_BASELINE,HF9g-P5,,,,X 全窗基线 · 不参与实体赏罚,8390387,840,A168_HF9F_20260827_0900,2026-08-27 09:00:00
2026-04-06,122134987,1645,0,26.1759547680,-26.1759547680,-26.1759547680,0E-7,1,1,0.49324550000000000,0.493245500000,-0.9865810262130424,-0.9865810262130424,-0.9865810262130424,0E-17,ELIGIBLE,R03b_20260811_FULL_v1,L1_ELIGIBILITY,v2026-08-11,2026-03-21..2026-08-06,baccarat_bet02_101_all_pairs_incl_sentinel,round_win = game_pnl > 0 (decisive only),COMPATIBILITY_ONLY_NOT_PRODUCTION,2956.8359,2524.4091,481.0617,52,52,-0.16269476,,-0.16269476,-0.16269476,-481.0617,2956.8359,OK,0.0000,19.2425,4.0000,96.0000,AG03-UNRESOLVED,ALL5_LEVELS_bet23_to_bet27,19.2425,19.2425,19.2425,24.0531,24.0531,4.000000,4.000000,4.000000,5.000000,5.000000,96.000000,96.000000,96.000000,95.000000,95.000000,5.0,105.8336,96.9463,375.2281,384.1154,PENDING_AG03,FALSE,NOT_FOR_ENFORCEMENT,461.8192,2423.4327,481.0617,461.8192,19.2425,0.16269476,0.15618697,19.2425,461.8192,0.15618697,19.2425,19.2425,19.2425,24.0531,24.0531,461.8192,0.15618697,105.8336,96.9463,375.2281,384.1154,0.12690191,0.12990757,0.00650779,56.8622,48.5463,9.2512,240.5308,17.1808,1478.4179,26.0000,,56.8622,36.6463,52.3519,65.4399,114.1272,129.571,130.8798,46.855,-13.088,2.475,2.5,1.086154,23,24,2,2,0E-8,0.16269476,,0E-8,0.000000,0.853754,0.000000,,2026-04-06,2026-04-08,2,28,27,3,0.666667,,,0.000000,,,,,,,,GLOBAL_BASELINE_NO_ENTITY_RANKING,,,NOT_APPLICABLE_GLOBAL_BASELINE,HF9g-P5,,,,X 全窗基线 · 不参与实体赏罚,8390388,840,A168_HF9F_20260827_0900,2026-08-27 09:00:00
2026-04-06,122134987,1646,0,60.2046959662,-2.6175954768,-2.6175954768,0.5000000,2,2,0.49324550000000000,0.493245500000,0.01910635448239258,0.01910635448239258,0.01910635448239258,0E-17,ELIGIBLE,R03b_20260811_FULL_v1,L1_ELIGIBILITY,v2026-08-11,2026-03-21..2026-08-06,baccarat_bet02_101_all_pairs_incl_sentinel,round_win = game_pnl > 0 (decisive only),COMPATIBILITY_ONLY_NOT_PRODUCTION,2956.8359,2524.4091,481.0617,52,52,-0.16269476,,-0.16269476,-0.16269476,-481.0617,2956.8359,OK,0.0000,19.2425,4.0000,96.0000,AG03-UNRESOLVED,ALL5_LEVELS_bet23_to_bet27,19.2425,19.2425,19.2425,24.0531,24.0531,4.000000,4.000000,4.000000,5.000000,5.000000,96.000000,96.000000,96.000000,95.000000,95.000000,5.0,105.8336,96.9463,375.2281,384.1154,PENDING_AG03,FALSE,NOT_FOR_ENFORCEMENT,461.8192,2423.4327,481.0617,461.8192,19.2425,0.16269476,0.15618697,19.2425,461.8192,0.15618697,19.2425,19.2425,19.2425,24.0531,24.0531,461.8192,0.15618697,105.8336,96.9463,375.2281,384.1154,0.12690191,0.12990757,0.00650779,56.8622,48.5463,9.2512,240.5308,17.1808,1478.4179,26.0000,,56.8622,36.6463,52.3519,65.4399,114.1272,129.571,130.8798,46.855,-13.088,2.475,2.5,1.086154,23,24,2,2,0E-8,0.16269476,,0E-8,0.000000,0.853754,0.000000,,2026-04-06,2026-04-08,2,28,27,3,0.666667,,,0.000000,,,,,,,,GLOBAL_BASELINE_NO_ENTITY_RANKING,,,NOT_APPLICABLE_GLOBAL_BASELINE,HF9g-P5,,,,X 全窗基线 · 不参与实体赏罚,8390389,840,A168_HF9F_20260827_0900,2026-08-27 09:00:00
2026-04-06,122134987,1704,0,78.5278643039,-78.5278643039,-78.5278643039,0E-7,2,2,0.49324550000000000,0.493245500000,-1.3952362676504506,-1.3952362676504506,-1.3952362676504506,0E-17,ELIGIBLE,R03b_20260811_FULL_v1,L1_ELIGIBILITY,v2026-08-11,2026-03-21..2026-08-06,baccarat_bet02_101_all_pairs_incl_sentinel,round_win = game_pnl > 0 (decisive only),COMPATIBILITY_ONLY_NOT_PRODUCTION,2956.8359,2524.4091,481.0617,52,52,-0.16269476,,-0.16269476,-0.16269476,-481.0617,2956.8359,OK,0.0000,19.2425,4.0000,96.0000,AG03-UNRESOLVED,ALL5_LEVELS_bet23_to_bet27,19.2425,19.2425,19.2425,24.0531,24.0531,4.000000,4.000000,4.000000,5.000000,5.000000,96.000000,96.000000,96.000000,95.000000,95.000000,5.0,105.8336,96.9463,375.2281,384.1154,PENDING_AG03,FALSE,NOT_FOR_ENFORCEMENT,461.8192,2423.4327,481.0617,461.8192,19.2425,0.16269476,0.15618697,19.2425,461.8192,0.15618697,19.2425,19.2425,19.2425,24.0531,24.0531,461.8192,0.15618697,105.8336,96.9463,375.2281,384.1154,0.12690191,0.12990757,0.00650779,56.8622,48.5463,9.2512,240.5308,17.1808,1478.4179,26.0000,,56.8622,36.6463,52.3519,65.4399,114.1272,129.571,130.8798,46.855,-13.088,2.475,2.5,1.086154,23,24,2,2,0E-8,0.16269476,,0E-8,0.000000,0.853754,0.000000,,2026-04-06,2026-04-08,2,28,27,3,0.666667,,,0.000000,,,,,,,,GLOBAL_BASELINE_NO_ENTITY_RANKING,,,NOT_APPLICABLE_GLOBAL_BASELINE,HF9g-P5,,,,X 全窗基线 · 不参与实体赏罚,8390390,840,A168_HF9F_20260827_0900,2026-08-27 09:00:00
2026-04-06,122134987,1947,0,105.2273381672,-0.5235190954,-0.5235190954,0.5000000,2,2,0.49324550000000000,0.493245500000,0.01910635448239258,0.01910635448239258,0.01910635448239258,0E-17,ELIGIBLE,R03b_20260811_FULL_v1,L1_ELIGIBILITY,v2026-08-11,2026-03-21..2026-08-06,baccarat_bet02_101_all_pairs_incl_sentinel,round_win = game_pnl > 0 (decisive only),COMPATIBILITY_ONLY_NOT_PRODUCTION,2956.8359,2524.4091,481.0617,52,52,-0.16269476,,-0.16269476,-0.16269476,-481.0617,2956.8359,OK,0.0000,19.2425,4.0000,96.0000,AG03-UNRESOLVED,ALL5_LEVELS_bet23_to_bet27,19.2425,19.2425,19.2425,24.0531,24.0531,4.000000,4.000000,4.000000,5.000000,5.000000,96.000000,96.000000,96.000000,95.000000,95.000000,5.0,105.8336,96.9463,375.2281,384.1154,PENDING_AG03,FALSE,NOT_FOR_ENFORCEMENT,461.8192,2423.4327,481.0617,461.8192,19.2425,0.16269476,0.15618697,19.2425,461.8192,0.15618697,19.2425,19.2425,19.2425,24.0531,24.0531,461.8192,0.15618697,105.8336,96.9463,375.2281,384.1154,0.12690191,0.12990757,0.00650779,56.8622,48.5463,9.2512,240.5308,17.1808,1478.4179,26.0000,,56.8622,36.6463,52.3519,65.4399,114.1272,129.571,130.8798,46.855,-13.088,2.475,2.5,1.086154,23,24,2,2,0E-8,0.16269476,,0E-8,0.000000,0.853754,0.000000,,2026-04-06,2026-04-08,2,28,27,3,0.666667,,,0.000000,,,,,,,,GLOBAL_BASELINE_NO_ENTITY_RANKING,,,NOT_APPLICABLE_GLOBAL_BASELINE,HF9g-P5,,,,X 全窗基线 · 不参与实体赏罚,8390391,840,A168_HF9F_20260827_0900,2026-08-27 09:00:00
2026-04-06,122134987,2106,0,52.3519095359,-52.3519095359,-52.3519095359,0E-7,1,1,0.49324550000000000,0.493245500000,-0.9865810262130424,-0.9865810262130424,-0.9865810262130424,0E-17,ELIGIBLE,R03b_20260811_FULL_v1,L1_ELIGIBILITY,v2026-08-11,2026-03-21..2026-08-06,baccarat_bet02_101_all_pairs_incl_sentinel,round_win = game_pnl > 0 (decisive only),COMPATIBILITY_ONLY_NOT_PRODUCTION,2956.8359,2524.4091,481.0617,52,52,-0.16269476,,-0.16269476,-0.16269476,-481.0617,2956.8359,OK,0.0000,19.2425,4.0000,96.0000,AG03-UNRESOLVED,ALL5_LEVELS_bet23_to_bet27,19.2425,19.2425,19.2425,24.0531,24.0531,4.000000,4.000000,4.000000,5.000000,5.000000,96.000000,96.000000,96.000000,95.000000,95.000000,5.0,105.8336,96.9463,375.2281,384.1154,PENDING_AG03,FALSE,NOT_FOR_ENFORCEMENT,461.8192,2423.4327,481.0617,461.8192,19.2425,0.16269476,0.15618697,19.2425,461.8192,0.15618697,19.2425,19.2425,19.2425,24.0531,24.0531,461.8192,0.15618697,105.8336,96.9463,375.2281,384.1154,0.12690191,0.12990757,0.00650779,56.8622,48.5463,9.2512,240.5308,17.1808,1478.4179,26.0000,,56.8622,36.6463,52.3519,65.4399,114.1272,129.571,130.8798,46.855,-13.088,2.475,2.5,1.086154,23,24,2,2,0E-8,0.16269476,,0E-8,0.000000,0.853754,0.000000,,2026-04-06,2026-04-08,2,28,27,3,0.666667,,,0.000000,,,,,,,,GLOBAL_BASELINE_NO_ENTITY_RANKING,,,NOT_APPLICABLE_GLOBAL_BASELINE,HF9g-P5,,,,X 全窗基线 · 不参与实体赏罚,8390392,840,A168_HF9F_20260827_0900,2026-08-27 09:00:00
2026-04-06,122134987,2108,0,41.3580085334,0E-10,0E-10,,1,1,0.49324550000000000,0.493245500000,,,,0E-17,NO_DECISIVE_ROUND,R03b_20260811_FULL_v1,L1_ELIGIBILITY,v2026-08-11,2026-03-21..2026-08-06,baccarat_bet02_101_all_pairs_incl_sentinel,round_win = game_pnl > 0 (decisive only),COMPATIBILITY_ONLY_NOT_PRODUCTION,2956.8359,2524.4091,481.0617,52,52,-0.16269476,,-0.16269476,-0.16269476,-481.0617,2956.8359,OK,0.0000,19.2425,4.0000,96.0000,AG03-UNRESOLVED,ALL5_LEVELS_bet23_to_bet27,19.2425,19.2425,19.2425,24.0531,24.0531,4.000000,4.000000,4.000000,5.000000,5.000000,96.000000,96.000000,96.000000,95.000000,95.000000,5.0,105.8336,96.9463,375.2281,384.1154,PENDING_AG03,FALSE,NOT_FOR_ENFORCEMENT,461.8192,2423.4327,481.0617,461.8192,19.2425,0.16269476,0.15618697,19.2425,461.8192,0.15618697,19.2425,19.2425,19.2425,24.0531,24.0531,461.8192,0.15618697,105.8336,96.9463,375.2281,384.1154,0.12690191,0.12990757,0.00650779,56.8622,48.5463,9.2512,240.5308,17.1808,1478.4179,26.0000,,56.8622,36.6463,52.3519,65.4399,114.1272,129.571,130.8798,46.855,-13.088,2.475,2.5,1.086154,23,24,2,2,0E-8,0.16269476,,0E-8,0.000000,0.853754,0.000000,,2026-04-06,2026-04-08,2,28,27,3,0.666667,,,0.000000,,,,,,,,GLOBAL_BASELINE_NO_ENTITY_RANKING,,,NOT_APPLICABLE_GLOBAL_BASELINE,HF9g-P5,,,,X 全窗基线 · 不参与实体赏罚,8390393,840,A168_HF9F_20260827_0900,2026-08-27 09:00:00
2026-04-06,122134987,2134,0,41.3580085334,0E-10,0E-10,,1,1,0.49324550000000000,0.493245500000,,,,0E-17,NO_DECISIVE_ROUND,R03b_20260811_FULL_v1,L1_ELIGIBILITY,v2026-08-11,2026-03-21..2026-08-06,baccarat_bet02_101_all_pairs_incl_sentinel,round_win = game_pnl > 0 (decisive only),COMPATIBILITY_ONLY_NOT_PRODUCTION,2956.8359,2524.4091,481.0617,52,52,-0.16269476,,-0.16269476,-0.16269476,-481.0617,2956.8359,OK,0.0000,19.2425,4.0000,96.0000,AG03-UNRESOLVED,ALL5_LEVELS_bet23_to_bet27,19.2425,19.2425,19.2425,24.0531,24.0531,4.000000,4.000000,4.000000,5.000000,5.000000,96.000000,96.000000,96.000000,95.000000,95.000000,5.0,105.8336,96.9463,375.2281,384.1154,PENDING_AG03,FALSE,NOT_FOR_ENFORCEMENT,461.8192,2423.4327,481.0617,461.8192,19.2425,0.16269476,0.15618697,19.2425,461.8192,0.15618697,19.2425,19.2425,19.2425,24.0531,24.0531,461.8192,0.15618697,105.8336,96.9463,375.2281,384.1154,0.12690191,0.12990757,0.00650779,56.8622,48.5463,9.2512,240.5308,17.1808,1478.4179,26.0000,,56.8622,36.6463,52.3519,65.4399,114.1272,129.571,130.8798,46.855,-13.088,2.475,2.5,1.086154,23,24,2,2,0E-8,0.16269476,,0E-8,0.000000,0.853754,0.000000,,2026-04-06,2026-04-08,2,28,27,3,0.666667,,,0.000000,,,,,,,,GLOBAL_BASELINE_NO_ENTITY_RANKING,,,NOT_APPLICABLE_GLOBAL_BASELINE,HF9g-P5,,,,X 全窗基线 · 不参与实体赏罚,8390394,840,A168_HF9F_20260827_0900,2026-08-27 09:00:00
2026-04-06,122134987,2147,0,53.9224668220,0E-10,0E-10,,1,1,0.49324550000000000,0.493245500000,,,,0E-17,NO_DECISIVE_ROUND,R03b_20260811_FULL_v1,L1_ELIGIBILITY,v2026-08-11,2026-03-21..2026-08-06,baccarat_bet02_101_all_pairs_incl_sentinel,round_win = game_pnl > 0 (decisive only),COMPATIBILITY_ONLY_NOT_PRODUCTION,2956.8359,2524.4091,481.0617,52,52,-0.16269476,,-0.16269476,-0.16269476,-481.0617,2956.8359,OK,0.0000,19.2425,4.0000,96.0000,AG03-UNRESOLVED,ALL5_LEVELS_bet23_to_bet27,19.2425,19.2425,19.2425,24.0531,24.0531,4.000000,4.000000,4.000000,5.000000,5.000000,96.000000,96.000000,96.000000,95.000000,95.000000,5.0,105.8336,96.9463,375.2281,384.1154,PENDING_AG03,FALSE,NOT_FOR_ENFORCEMENT,461.8192,2423.4327,481.0617,461.8192,19.2425,0.16269476,0.15618697,19.2425,461.8192,0.15618697,19.2425,19.2425,19.2425,24.0531,24.0531,461.8192,0.15618697,105.8336,96.9463,375.2281,384.1154,0.12690191,0.12990757,0.00650779,56.8622,48.5463,9.2512,240.5308,17.1808,1478.4179,26.0000,,56.8622,36.6463,52.3519,65.4399,114.1272,129.571,130.8798,46.855,-13.088,2.475,2.5,1.086154,23,24,2,2,0E-8,0.16269476,,0E-8,0.000000,0.853754,0.000000,,2026-04-06,2026-04-08,2,28,27,3,0.666667,,,0.000000,,,,,,,,GLOBAL_BASELINE_NO_ENTITY_RANKING,,,NOT_APPLICABLE_GLOBAL_BASELINE,HF9g-P5,,,,X 全窗基线 · 不参与实体赏罚,8390395,840,A168_HF9F_20260827_0900,2026-08-27 09:00:00
2026-04-06,122134987,2212,0,53.9224668220,51.2263434809,51.2263434809,1.0000000,1,1,0.50665070000000000,0.506650700000,0.9867858985152569,0.9867858985152569,0.9867858985152569,0E-17,ELIGIBLE,R03b_20260811_FULL_v1,L1_ELIGIBILITY,v2026-08-11,2026-03-21..2026-08-06,baccarat_bet02_101_all_pairs_incl_sentinel,round_win = game_pnl > 0 (decisive only),COMPATIBILITY_ONLY_NOT_PRODUCTION,2956.8359,2524.4091,481.0617,52,52,-0.16269476,,-0.16269476,-0.16269476,-481.0617,2956.8359,OK,0.0000,19.2425,4.0000,96.0000,AG03-UNRESOLVED,ALL5_LEVELS_bet23_to_bet27,19.2425,19.2425,19.2425,24.0531,24.0531,4.000000,4.000000,4.000000,5.000000,5.000000,96.000000,96.000000,96.000000,95.000000,95.000000,5.0,105.8336,96.9463,375.2281,384.1154,PENDING_AG03,FALSE,NOT_FOR_ENFORCEMENT,461.8192,2423.4327,481.0617,461.8192,19.2425,0.16269476,0.15618697,19.2425,461.8192,0.15618697,19.2425,19.2425,19.2425,24.0531,24.0531,461.8192,0.15618697,105.8336,96.9463,375.2281,384.1154,0.12690191,0.12990757,0.00650779,56.8622,48.5463,9.2512,240.5308,17.1808,1478.4179,26.0000,,56.8622,36.6463,52.3519,65.4399,114.1272,129.571,130.8798,46.855,-13.088,2.475,2.5,1.086154,23,24,2,2,0E-8,0.16269476,,0E-8,0.000000,0.853754,0.000000,,2026-04-06,2026-04-08,2,28,27,3,0.666667,,,0.000000,,,,,,,,GLOBAL_BASELINE_NO_ENTITY_RANKING,,,NOT_APPLICABLE_GLOBAL_BASELINE,HF9g-P5,,,,X 全窗基线 · 不参与实体赏罚,8390396,840,A168_HF9F_20260827_0900,2026-08-27 09:00:00
2026-04-06,122134987,2223,0,143.9677512237,39.2639321519,39.2639321519,0.6666667,3,3,0.49324550000000000,0.493245500000,0.6008033672792107,0.6008033672792106,0.6008033672792107,0E-17,ELIGIBLE,R03b_20260811_FULL_v1,L1_ELIGIBILITY,v2026-08-11,2026-03-21..2026-08-06,baccarat_bet02_101_all_pairs_incl_sentinel,round_win = game_pnl > 0 (decisive only),COMPATIBILITY_ONLY_NOT_PRODUCTION,2956.8359,2524.4091,481.0617,52,52,-0.16269476,,-0.16269476,-0.16269476,-481.0617,2956.8359,OK,0.0000,19.2425,4.0000,96.0000,AG03-UNRESOLVED,ALL5_LEVELS_bet23_to_bet27,19.2425,19.2425,19.2425,24.0531,24.0531,4.000000,4.000000,4.000000,5.000000,5.000000,96.000000,96.000000,96.000000,95.000000,95.000000,5.0,105.8336,96.9463,375.2281,384.1154,PENDING_AG03,FALSE,NOT_FOR_ENFORCEMENT,461.8192,2423.4327,481.0617,461.8192,19.2425,0.16269476,0.15618697,19.2425,461.8192,0.15618697,19.2425,19.2425,19.2425,24.0531,24.0531,461.8192,0.15618697,105.8336,96.9463,375.2281,384.1154,0.12690191,0.12990757,0.00650779,56.8622,48.5463,9.2512,240.5308,17.1808,1478.4179,26.0000,,56.8622,36.6463,52.3519,65.4399,114.1272,129.571,130.8798,46.855,-13.088,2.475,2.5,1.086154,23,24,2,2,0E-8,0.16269476,,0E-8,0.000000,0.853754,0.000000,,2026-04-06,2026-04-08,2,28,27,3,0.666667,,,0.000000,,,,,,,,GLOBAL_BASELINE_NO_ENTITY_RANKING,,,NOT_APPLICABLE_GLOBAL_BASELINE,HF9g-P5,,,,X 全窗基线 · 不参与实体赏罚,8390397,840,A168_HF9F_20260827_0900,2026-08-27 09:00:00
2026-04-06,122134987,2266,0,26.1759547680,-26.1759547680,-26.1759547680,0E-7,1,1,0.49324550000000000,0.493245500000,-0.9865810262130424,-0.9865810262130424,-0.9865810262130424,0E-17,ELIGIBLE,R03b_20260811_FULL_v1,L1_ELIGIBILITY,v2026-08-11,2026-03-21..2026-08-06,baccarat_bet02_101_all_pairs_incl_sentinel,round_win = game_pnl > 0 (decisive only),COMPATIBILITY_ONLY_NOT_PRODUCTION,2956.8359,2524.4091,481.0617,52,52,-0.16269476,,-0.16269476,-0.16269476,-481.0617,2956.8359,OK,0.0000,19.2425,4.0000,96.0000,AG03-UNRESOLVED,ALL5_LEVELS_bet23_to_bet27,19.2425,19.2425,19.2425,24.0531,24.0531,4.000000,4.000000,4.000000,5.000000,5.000000,96.000000,96.000000,96.000000,95.000000,95.000000,5.0,105.8336,96.9463,375.2281,384.1154,PENDING_AG03,FALSE,NOT_FOR_ENFORCEMENT,461.8192,2423.4327,481.0617,461.8192,19.2425,0.16269476,0.15618697,19.2425,461.8192,0.15618697,19.2425,19.2425,19.2425,24.0531,24.0531,461.8192,0.15618697,105.8336,96.9463,375.2281,384.1154,0.12690191,0.12990757,0.00650779,56.8622,48.5463,9.2512,240.5308,17.1808,1478.4179,26.0000,,56.8622,36.6463,52.3519,65.4399,114.1272,129.571,130.8798,46.855,-13.088,2.475,2.5,1.086154,23,24,2,2,0E-8,0.16269476,,0E-8,0.000000,0.853754,0.000000,,2026-04-06,2026-04-08,2,28,27,3,0.666667,,,0.000000,,,,,,,,GLOBAL_BASELINE_NO_ENTITY_RANKING,,,NOT_APPLICABLE_GLOBAL_BASELINE,HF9g-P5,,,,X 全窗基线 · 不参与实体赏罚,8390398,840,A168_HF9F_20260827_0900,2026-08-27 09:00:00
2026-04-06,122134987,948,0,65.4398869199,65.4398869199,65.4398869199,1.0000000,1,1,0.49324550000000000,0.493245500000,1.01360149184955,1.01360149184955,1.01360149184955,0E-17,ELIGIBLE,R03b_20260811_FULL_v1,L1_ELIGIBILITY,v2026-08-11,2026-03-21..2026-08-06,baccarat_bet02_101_all_pairs_incl_sentinel,round_win = game_pnl > 0 (decisive only),COMPATIBILITY_ONLY_NOT_PRODUCTION,2956.8359,2524.4091,481.0617,52,52,-0.16269476,,-0.16269476,-0.16269476,-481.0617,2956.8359,OK,0.0000,19.2425,4.0000,96.0000,AG03-UNRESOLVED,ALL5_LEVELS_bet23_to_bet27,19.2425,19.2425,19.2425,24.0531,24.0531,4.000000,4.000000,4.000000,5.000000,5.000000,96.000000,96.000000,96.000000,95.000000,95.000000,5.0,105.8336,96.9463,375.2281,384.1154,PENDING_AG03,FALSE,NOT_FOR_ENFORCEMENT,461.8192,2423.4327,481.0617,461.8192,19.2425,0.16269476,0.15618697,19.2425,461.8192,0.15618697,19.2425,19.2425,19.2425,24.0531,24.0531,461.8192,0.15618697,105.8336,96.9463,375.2281,384.1154,0.12690191,0.12990757,0.00650779,56.8622,48.5463,9.2512,240.5308,17.1808,1478.4179,26.0000,,56.8622,36.6463,52.3519,65.4399,114.1272,129.571,130.8798,46.855,-13.088,2.475,2.5,1.086154,23,24,2,2,0E-8,0.16269476,,0E-8,0.000000,0.853754,0.000000,,2026-04-06,2026-04-08,2,28,27,3,0.666667,,,0.000000,,,,,,,,GLOBAL_BASELINE_NO_ENTITY_RANKING,,,NOT_APPLICABLE_GLOBAL_BASELINE,HF9g-P5,,,,X 全窗基线 · 不参与实体赏罚,8390399,840,A168_HF9F_20260827_0900,2026-08-27 09:00:00
2026-04-06,122134987,986,0,35.0757793891,-35.0757793891,-35.0757793891,0E-7,1,1,0.49324550000000000,0.493245500000,-0.9865810262130424,-0.9865810262130424,-0.9865810262130424,0E-17,ELIGIBLE,R03b_20260811_FULL_v1,L1_ELIGIBILITY,v2026-08-11,2026-03-21..2026-08-06,baccarat_bet02_101_all_pairs_incl_sentinel,round_win = game_pnl > 0 (decisive only),COMPATIBILITY_ONLY_NOT_PRODUCTION,2956.8359,2524.4091,481.0617,52,52,-0.16269476,,-0.16269476,-0.16269476,-481.0617,2956.8359,OK,0.0000,19.2425,4.0000,96.0000,AG03-UNRESOLVED,ALL5_LEVELS_bet23_to_bet27,19.2425,19.2425,19.2425,24.0531,24.0531,4.000000,4.000000,4.000000,5.000000,5.000000,96.000000,96.000000,96.000000,95.000000,95.000000,5.0,105.8336,96.9463,375.2281,384.1154,PENDING_AG03,FALSE,NOT_FOR_ENFORCEMENT,461.8192,2423.4327,481.0617,461.8192,19.2425,0.16269476,0.15618697,19.2425,461.8192,0.15618697,19.2425,19.2425,19.2425,24.0531,24.0531,461.8192,0.15618697,105.8336,96.9463,375.2281,384.1154,0.12690191,0.12990757,0.00650779,56.8622,48.5463,9.2512,240.5308,17.1808,1478.4179,26.0000,,56.8622,36.6463,52.3519,65.4399,114.1272,129.571,130.8798,46.855,-13.088,2.475,2.5,1.086154,23,24,2,2,0E-8,0.16269476,,0E-8,0.000000,0.853754,0.000000,,2026-04-06,2026-04-08,2,28,27,3,0.666667,,,0.000000,,,,,,,,GLOBAL_BASELINE_NO_ENTITY_RANKING,,,NOT_APPLICABLE_GLOBAL_BASELINE,HF9g-P5,,,,X 全窗基线 · 不参与实体赏罚,8390400,840,A168_HF9F_20260827_0900,2026-08-27 09:00:00
2026-04-08,122134987,-1,1,335.0522210298,-79.8366620422,-79.8366620422,0.3333333,3,3,0.50218230000000000,0.502182300000,-0.5849155494134425,-0.5849155494134426,-0.5849155494134425,0E-17,SENTINEL_DEALER,R03b_20260811_FULL_v1,L1_ELIGIBILITY,v2026-08-11,2026-03-21..2026-08-06,baccarat_bet02_101_all_pairs_incl_sentinel,round_win = game_pnl > 0 (decisive only),COMPATIBILITY_ONLY_NOT_PRODUCTION,2956.8359,2524.4091,481.0617,52,52,-0.16269476,,-0.16269476,-0.16269476,-481.0617,2956.8359,OK,0.0000,19.2425,4.0000,96.0000,AG03-UNRESOLVED,ALL5_LEVELS_bet23_to_bet27,19.2425,19.2425,19.2425,24.0531,24.0531,4.000000,4.000000,4.000000,5.000000,5.000000,96.000000,96.000000,96.000000,95.000000,95.000000,5.0,105.8336,96.9463,375.2281,384.1154,PENDING_AG03,FALSE,NOT_FOR_ENFORCEMENT,461.8192,2423.4327,481.0617,461.8192,19.2425,0.16269476,0.15618697,19.2425,461.8192,0.15618697,19.2425,19.2425,19.2425,24.0531,24.0531,461.8192,0.15618697,105.8336,96.9463,375.2281,384.1154,0.12690191,0.12990757,0.00650779,56.8622,48.5463,9.2512,240.5308,17.1808,1478.4179,26.0000,,56.8622,36.6463,52.3519,65.4399,114.1272,129.571,130.8798,46.855,-13.088,2.475,2.5,1.086154,23,24,2,2,0E-8,0.16269476,,0E-8,0.000000,0.853754,0.000000,,2026-04-06,2026-04-08,2,28,27,3,0.666667,,,0.000000,,,,,,,,GLOBAL_BASELINE_NO_ENTITY_RANKING,,,NOT_APPLICABLE_GLOBAL_BASELINE,HF9g-P5,,,,X 全窗基线 · 不参与实体赏罚,8390401,840,A168_HF9F_20260827_0900,2026-08-27 09:00:00
2026-04-08,122134987,1325,0,263.5918645134,99.9921472136,99.9921472136,0.6666667,3,3,0.49771390000000000,0.497713900000,0.5852756695216578,0.5852756695216578,0.5852756695216578,0E-17,ELIGIBLE,R03b_20260811_FULL_v1,L1_ELIGIBILITY,v2026-08-11,2026-03-21..2026-08-06,baccarat_bet02_101_all_pairs_incl_sentinel,round_win = game_pnl > 0 (decisive only),COMPATIBILITY_ONLY_NOT_PRODUCTION,2956.8359,2524.4091,481.0617,52,52,-0.16269476,,-0.16269476,-0.16269476,-481.0617,2956.8359,OK,0.0000,19.2425,4.0000,96.0000,AG03-UNRESOLVED,ALL5_LEVELS_bet23_to_bet27,19.2425,19.2425,19.2425,24.0531,24.0531,4.000000,4.000000,4.000000,5.000000,5.000000,96.000000,96.000000,96.000000,95.000000,95.000000,5.0,105.8336,96.9463,375.2281,384.1154,PENDING_AG03,FALSE,NOT_FOR_ENFORCEMENT,461.8192,2423.4327,481.0617,461.8192,19.2425,0.16269476,0.15618697,19.2425,461.8192,0.15618697,19.2425,19.2425,19.2425,24.0531,24.0531,461.8192,0.15618697,105.8336,96.9463,375.2281,384.1154,0.12690191,0.12990757,0.00650779,56.8622,48.5463,9.2512,240.5308,17.1808,1478.4179,26.0000,,56.8622,36.6463,52.3519,65.4399,114.1272,129.571,130.8798,46.855,-13.088,2.475,2.5,1.086154,23,24,2,2,0E-8,0.16269476,,0E-8,0.000000,0.853754,0.000000,,2026-04-06,2026-04-08,2,28,27,3,0.666667,,,0.000000,,,,,,,,GLOBAL_BASELINE_NO_ENTITY_RANKING,,,NOT_APPLICABLE_GLOBAL_BASELINE,HF9g-P5,,,,X 全窗基线 · 不参与实体赏罚,8390402,840,A168_HF9F_20260827_0900,2026-08-27 09:00:00
2026-04-08,122134987,1363,0,164.9085150381,78.5278643039,78.5278643039,1.0000000,2,2,0.49994810000000000,0.499948100000,1.0001038053877793,1.0001038053877793,1.0001038053877793,0E-17,ELIGIBLE,R03b_20260811_FULL_v1,L1_ELIGIBILITY,v2026-08-11,2026-03-21..2026-08-06,baccarat_bet02_101_all_pairs_incl_sentinel,round_win = game_pnl > 0 (decisive only),COMPATIBILITY_ONLY_NOT_PRODUCTION,2956.8359,2524.4091,481.0617,52,52,-0.16269476,,-0.16269476,-0.16269476,-481.0617,2956.8359,OK,0.0000,19.2425,4.0000,96.0000,AG03-UNRESOLVED,ALL5_LEVELS_bet23_to_bet27,19.2425,19.2425,19.2425,24.0531,24.0531,4.000000,4.000000,4.000000,5.000000,5.000000,96.000000,96.000000,96.000000,95.000000,95.000000,5.0,105.8336,96.9463,375.2281,384.1154,PENDING_AG03,FALSE,NOT_FOR_ENFORCEMENT,461.8192,2423.4327,481.0617,461.8192,19.2425,0.16269476,0.15618697,19.2425,461.8192,0.15618697,19.2425,19.2425,19.2425,24.0531,24.0531,461.8192,0.15618697,105.8336,96.9463,375.2281,384.1154,0.12690191,0.12990757,0.00650779,56.8622,48.5463,9.2512,240.5308,17.1808,1478.4179,26.0000,,56.8622,36.6463,52.3519,65.4399,114.1272,129.571,130.8798,46.855,-13.088,2.475,2.5,1.086154,23,24,2,2,0E-8,0.16269476,,0E-8,0.000000,0.853754,0.000000,,2026-04-06,2026-04-08,2,28,27,3,0.666667,,,0.000000,,,,,,,,GLOBAL_BASELINE_NO_ENTITY_RANKING,,,NOT_APPLICABLE_GLOBAL_BASELINE,HF9g-P5,,,,X 全窗基线 · 不参与实体赏罚,8390403,840,A168_HF9F_20260827_0900,2026-08-27 09:00:00
2026-04-08,122134987,1490,0,130.8797738398,-130.8797738398,-130.8797738398,0E-7,1,1,0.50665070000000000,0.506650700000,-1.013391052207602,-1.013391052207602,-1.013391052207602,0E-17,ELIGIBLE,R03b_20260811_FULL_v1,L1_ELIGIBILITY,v2026-08-11,2026-03-21..2026-08-06,baccarat_bet02_101_all_pairs_incl_sentinel,round_win = game_pnl > 0 (decisive only),COMPATIBILITY_ONLY_NOT_PRODUCTION,2956.8359,2524.4091,481.0617,52,52,-0.16269476,,-0.16269476,-0.16269476,-481.0617,2956.8359,OK,0.0000,19.2425,4.0000,96.0000,AG03-UNRESOLVED,ALL5_LEVELS_bet23_to_bet27,19.2425,19.2425,19.2425,24.0531,24.0531,4.000000,4.000000,4.000000,5.000000,5.000000,96.000000,96.000000,96.000000,95.000000,95.000000,5.0,105.8336,96.9463,375.2281,384.1154,PENDING_AG03,FALSE,NOT_FOR_ENFORCEMENT,461.8192,2423.4327,481.0617,461.8192,19.2425,0.16269476,0.15618697,19.2425,461.8192,0.15618697,19.2425,19.2425,19.2425,24.0531,24.0531,461.8192,0.15618697,105.8336,96.9463,375.2281,384.1154,0.12690191,0.12990757,0.00650779,56.8622,48.5463,9.2512,240.5308,17.1808,1478.4179,26.0000,,56.8622,36.6463,52.3519,65.4399,114.1272,129.571,130.8798,46.855,-13.088,2.475,2.5,1.086154,23,24,2,2,0E-8,0.16269476,,0E-8,0.000000,0.853754,0.000000,,2026-04-06,2026-04-08,2,28,27,3,0.666667,,,0.000000,,,,,,,,GLOBAL_BASELINE_NO_ENTITY_RANKING,,,NOT_APPLICABLE_GLOBAL_BASELINE,HF9g-P5,,,,X 全窗基线 · 不参与实体赏罚,8390404,840,A168_HF9F_20260827_0900,2026-08-27 09:00:00
2026-04-08,122134987,1957,0,209.4076381436,-91.6158416878,-91.6158416878,0E-7,2,2,0.50665070000000000,0.506650700000,-1.013391052207602,-1.013391052207602,-1.013391052207602,0E-17,ELIGIBLE,R03b_20260811_FULL_v1,L1_ELIGIBILITY,v2026-08-11,2026-03-21..2026-08-06,baccarat_bet02_101_all_pairs_incl_sentinel,round_win = game_pnl > 0 (decisive only),COMPATIBILITY_ONLY_NOT_PRODUCTION,2956.8359,2524.4091,481.0617,52,52,-0.16269476,,-0.16269476,-0.16269476,-481.0617,2956.8359,OK,0.0000,19.2425,4.0000,96.0000,AG03-UNRESOLVED,ALL5_LEVELS_bet23_to_bet27,19.2425,19.2425,19.2425,24.0531,24.0531,4.000000,4.000000,4.000000,5.000000,5.000000,96.000000,96.000000,96.000000,95.000000,95.000000,5.0,105.8336,96.9463,375.2281,384.1154,PENDING_AG03,FALSE,NOT_FOR_ENFORCEMENT,461.8192,2423.4327,481.0617,461.8192,19.2425,0.16269476,0.15618697,19.2425,461.8192,0.15618697,19.2425,19.2425,19.2425,24.0531,24.0531,461.8192,0.15618697,105.8336,96.9463,375.2281,384.1154,0.12690191,0.12990757,0.00650779,56.8622,48.5463,9.2512,240.5308,17.1808,1478.4179,26.0000,,56.8622,36.6463,52.3519,65.4399,114.1272,129.571,130.8798,46.855,-13.088,2.475,2.5,1.086154,23,24,2,2,0E-8,0.16269476,,0E-8,0.000000,0.853754,0.000000,,2026-04-06,2026-04-08,2,28,27,3,0.666667,,,0.000000,,,,,,,,GLOBAL_BASELINE_NO_ENTITY_RANKING,,,NOT_APPLICABLE_GLOBAL_BASELINE,HF9g-P5,,,,X 全窗基线 · 不参与实体赏罚,8390405,840,A168_HF9F_20260827_0900,2026-08-27 09:00:00
2026-04-08,122134987,2060,0,117.7917964558,-117.7917964558,-117.7917964558,0E-7,1,1,0.50665070000000000,0.506650700000,-1.013391052207602,-1.013391052207602,-1.013391052207602,0E-17,ELIGIBLE,R03b_20260811_FULL_v1,L1_ELIGIBILITY,v2026-08-11,2026-03-21..2026-08-06,baccarat_bet02_101_all_pairs_incl_sentinel,round_win = game_pnl > 0 (decisive only),COMPATIBILITY_ONLY_NOT_PRODUCTION,2956.8359,2524.4091,481.0617,52,52,-0.16269476,,-0.16269476,-0.16269476,-481.0617,2956.8359,OK,0.0000,19.2425,4.0000,96.0000,AG03-UNRESOLVED,ALL5_LEVELS_bet23_to_bet27,19.2425,19.2425,19.2425,24.0531,24.0531,4.000000,4.000000,4.000000,5.000000,5.000000,96.000000,96.000000,96.000000,95.000000,95.000000,5.0,105.8336,96.9463,375.2281,384.1154,PENDING_AG03,FALSE,NOT_FOR_ENFORCEMENT,461.8192,2423.4327,481.0617,461.8192,19.2425,0.16269476,0.15618697,19.2425,461.8192,0.15618697,19.2425,19.2425,19.2425,24.0531,24.0531,461.8192,0.15618697,105.8336,96.9463,375.2281,384.1154,0.12690191,0.12990757,0.00650779,56.8622,48.5463,9.2512,240.5308,17.1808,1478.4179,26.0000,,56.8622,36.6463,52.3519,65.4399,114.1272,129.571,130.8798,46.855,-13.088,2.475,2.5,1.086154,23,24,2,2,0E-8,0.16269476,,0E-8,0.000000,0.853754,0.000000,,2026-04-06,2026-04-08,2,28,27,3,0.666667,,,0.000000,,,,,,,,GLOBAL_BASELINE_NO_ENTITY_RANKING,,,NOT_APPLICABLE_GLOBAL_BASELINE,HF9g-P5,,,,X 全窗基线 · 不参与实体赏罚,8390406,840,A168_HF9F_20260827_0900,2026-08-27 09:00:00
2026-04-08,122134987,529,0,138.7325602701,-138.7325602701,-138.7325602701,0E-7,2,2,0.49994810000000000,0.499948100000,-1.4140667746232096,-1.4140667746232096,-1.4140667746232096,0E-17,ELIGIBLE,R03b_20260811_FULL_v1,L1_ELIGIBILITY,v2026-08-11,2026-03-21..2026-08-06,baccarat_bet02_101_all_pairs_incl_sentinel,round_win = game_pnl > 0 (decisive only),COMPATIBILITY_ONLY_NOT_PRODUCTION,2956.8359,2524.4091,481.0617,52,52,-0.16269476,,-0.16269476,-0.16269476,-481.0617,2956.8359,OK,0.0000,19.2425,4.0000,96.0000,AG03-UNRESOLVED,ALL5_LEVELS_bet23_to_bet27,19.2425,19.2425,19.2425,24.0531,24.0531,4.000000,4.000000,4.000000,5.000000,5.000000,96.000000,96.000000,96.000000,95.000000,95.000000,5.0,105.8336,96.9463,375.2281,384.1154,PENDING_AG03,FALSE,NOT_FOR_ENFORCEMENT,461.8192,2423.4327,481.0617,461.8192,19.2425,0.16269476,0.15618697,19.2425,461.8192,0.15618697,19.2425,19.2425,19.2425,24.0531,24.0531,461.8192,0.15618697,105.8336,96.9463,375.2281,384.1154,0.12690191,0.12990757,0.00650779,56.8622,48.5463,9.2512,240.5308,17.1808,1478.4179,26.0000,,56.8622,36.6463,52.3519,65.4399,114.1272,129.571,130.8798,46.855,-13.088,2.475,2.5,1.086154,23,24,2,2,0E-8,0.16269476,,0E-8,0.000000,0.853754,0.000000,,2026-04-06,2026-04-08,2,28,27,3,0.666667,,,0.000000,,,,,,,,GLOBAL_BASELINE_NO_ENTITY_RANKING,,,NOT_APPLICABLE_GLOBAL_BASELINE,HF9g-P5,,,,X 全窗基线 · 不参与实体赏罚,8390407,840,A168_HF9F_20260827_0900,2026-08-27 09:00:00
2026-05-24,150179205,2218,0,241.1714039621,-241.1714039621,-239.2420327304,0E-7,1,1,0.50665070000000000,0.506650700000,-1.013391052207602,-1.013391052207602,-1.013391052207602,0E-17,ELIGIBLE,R03b_20260811_FULL_v1,L1_ELIGIBILITY,v2026-08-11,2026-03-21..2026-08-06,baccarat_bet02_101_all_pairs_incl_sentinel,round_win = game_pnl > 0 (decisive only),COMPATIBILITY_ONLY_NOT_PRODUCTION,499.5693,499.5693,495.5728,2,2,-0.99200000,,-0.99200000,-1.00000000,-495.5728,499.5693,THIN_EXPOSURE,3.9966,29.7344,6.0000,94.0000,AG03-UNRESOLVED,ALL5_LEVELS_bet23_to_bet27,29.7344,29.7344,29.7344,29.7344,29.7344,6.000000,6.000000,6.000000,6.000000,6.000000,94.000000,94.000000,94.000000,94.000000,94.000000,5.0,148.6718,131.8699,342.9044,359.7063,PENDING_AG03,FALSE,NOT_FOR_ENFORCEMENT,465.8384,469.5952,491.5762,461.8419,25.7378,0.98400000,0.92448000,29.7344,461.8419,0.92448000,29.7344,29.7344,29.7344,29.7344,29.7344,461.8419,0.92448000,148.6718,131.8699,342.9044,359.7063,0.68640000,0.72003279,0.05152000,249.7847,249.7847,247.7864,495.5728,495.5728,499.5693,2.0000,,249.7847,241.1714,249.7847,258.3979,258.3979,258.3979,258.3979,249.7847,-247.7864,1.034483,1.034483,1.0,1,2,1,2,0E-8,0.99200000,,0.00800000,0.800000,1.000000,0.000000,,2026-05-24,2026-05-24,1,1,1,1,1.000000,,,0.000000,,,,,,,,GLOBAL_BASELINE_NO_ENTITY_RANKING,,,NOT_APPLICABLE_GLOBAL_BASELINE,HF9g-P5,,,,X 全窗基线 · 不参与实体赏罚,8390408,840,A168_HF9F_20260827_0900,2026-08-27 09:00:00
2026-05-24,150179205,2254,0,258.3979328165,-258.3979328165,-256.3307493540,0E-7,1,1,0.49324550000000000,0.493245500000,-0.9865810262130424,-0.9865810262130424,-0.9865810262130424,0E-17,ELIGIBLE,R03b_20260811_FULL_v1,L1_ELIGIBILITY,v2026-08-11,2026-03-21..2026-08-06,baccarat_bet02_101_all_pairs_incl_sentinel,round_win = game_pnl > 0 (decisive only),COMPATIBILITY_ONLY_NOT_PRODUCTION,499.5693,499.5693,495.5728,2,2,-0.99200000,,-0.99200000,-1.00000000,-495.5728,499.5693,THIN_EXPOSURE,3.9966,29.7344,6.0000,94.0000,AG03-UNRESOLVED,ALL5_LEVELS_bet23_to_bet27,29.7344,29.7344,29.7344,29.7344,29.7344,6.000000,6.000000,6.000000,6.000000,6.000000,94.000000,94.000000,94.000000,94.000000,94.000000,5.0,148.6718,131.8699,342.9044,359.7063,PENDING_AG03,FALSE,NOT_FOR_ENFORCEMENT,465.8384,469.5952,491.5762,461.8419,25.7378,0.98400000,0.92448000,29.7344,461.8419,0.92448000,29.7344,29.7344,29.7344,29.7344,29.7344,461.8419,0.92448000,148.6718,131.8699,342.9044,359.7063,0.68640000,0.72003279,0.05152000,249.7847,249.7847,247.7864,495.5728,495.5728,499.5693,2.0000,,249.7847,241.1714,249.7847,258.3979,258.3979,258.3979,258.3979,249.7847,-247.7864,1.034483,1.034483,1.0,1,2,1,2,0E-8,0.99200000,,0.00800000,0.800000,1.000000,0.000000,,2026-05-24,2026-05-24,1,1,1,1,1.000000,,,0.000000,,,,,,,,GLOBAL_BASELINE_NO_ENTITY_RANKING,,,NOT_APPLICABLE_GLOBAL_BASELINE,HF9g-P5,,,,X 全窗基线 · 不参与实体赏罚,8390409,840,A168_HF9F_20260827_0900,2026-08-27 09:00:00
2026-04-28,147049435,1330,0,126.4942128900,-84.3294752600,-84.3294752600,0E-7,6,2,0.19788930000000000,0.197889300000,-0.702439619656346,-0.702439619656346,-0.702439619656346,0E-17,ELIGIBLE,R03b_20260811_FULL_v1,L1_ELIGIBILITY,v2026-08-11,2026-03-21..2026-08-06,baccarat_bet02_101_all_pairs_incl_sentinel,round_win = game_pnl > 0 (decisive only),COMPATIBILITY_ONLY_NOT_PRODUCTION,4097.9539,3722.3313,481.1114,98,86,-0.11740283,,-0.11740283,-0.11740283,-481.1114,4097.9539,OK,0.0000,19.2445,4.0000,96.0000,AG03-UNRESOLVED,ALL5_LEVELS_bet23_to_bet27,19.2445,19.2445,19.2445,19.2445,24.0556,4.000000,4.000000,4.000000,4.000000,5.000000,96.000000,96.000000,96.000000,96.000000,95.000000,5.0,101.0334,92.9126,380.0780,388.1988,PENDING_AG03,FALSE,NOT_FOR_ENFORCEMENT,461.8669,3573.4380,481.1114,461.8669,19.2445,0.11740283,0.11270672,19.2445,461.8669,0.11270672,19.2445,19.2445,19.2445,19.2445,24.0556,461.8669,0.11270672,101.0334,92.9126,380.0780,388.1988,0.09274824,0.09472991,0.00469611,41.8159,43.2829,5.5943,160.3705,22.9101,1365.9846,28.6667,,41.8159,21.0824,42.1647,42.1647,63.2471,77.6683,102.1952,40.8781,-7.218,1.84202,2.423711,0.991726,16,19,4,5,0E-8,0.11740283,,0E-8,0.000000,0.908339,0.877551,,2026-04-28,2026-07-06,3,21,20,70,0.042857,,,0.000000,,,,,,,,GLOBAL_BASELINE_NO_ENTITY_RANKING,,,NOT_APPLICABLE_GLOBAL_BASELINE,HF9g-P5,,,,X 全窗基线 · 不参与实体赏罚,8390410,840,A168_HF9F_20260827_0900,2026-08-27 09:00:00
2026-04-28,147049435,1645,0,924.4618725361,379.4826386691,379.4826386691,0.7142857,30,24,0.47618955866409703,0.448665925000,2.1846658539232284,2.4473783520059733,2.1846658539232284,0.02752363366409703,ELIGIBLE,R03b_20260811_FULL_v1,L1_ELIGIBILITY,v2026-08-11,2026-03-21..2026-08-06,baccarat_bet02_101_all_pairs_incl_sentinel,round_win = game_pnl > 0 (decisive only),COMPATIBILITY_ONLY_NOT_PRODUCTION,4097.9539,3722.3313,481.1114,98,86,-0.11740283,,-0.11740283,-0.11740283,-481.1114,4097.9539,OK,0.0000,19.2445,4.0000,96.0000,AG03-UNRESOLVED,ALL5_LEVELS_bet23_to_bet27,19.2445,19.2445,19.2445,19.2445,24.0556,4.000000,4.000000,4.000000,4.000000,5.000000,96.000000,96.000000,96.000000,96.000000,95.000000,5.0,101.0334,92.9126,380.0780,388.1988,PENDING_AG03,FALSE,NOT_FOR_ENFORCEMENT,461.8669,3573.4380,481.1114,461.8669,19.2445,0.11740283,0.11270672,19.2445,461.8669,0.11270672,19.2445,19.2445,19.2445,19.2445,24.0556,461.8669,0.11270672,101.0334,92.9126,380.0780,388.1988,0.09274824,0.09472991,0.00469611,41.8159,43.2829,5.5943,160.3705,22.9101,1365.9846,28.6667,,41.8159,21.0824,42.1647,42.1647,63.2471,77.6683,102.1952,40.8781,-7.218,1.84202,2.423711,0.991726,16,19,4,5,0E-8,0.11740283,,0E-8,0.000000,0.908339,0.877551,,2026-04-28,2026-07-06,3,21,20,70,0.042857,,,0.000000,,,,,,,,GLOBAL_BASELINE_NO_ENTITY_RANKING,,,NOT_APPLICABLE_GLOBAL_BASELINE,HF9g-P5,,,,X 全窗基线 · 不参与实体赏罚,8390411,840,A168_HF9F_20260827_0900,2026-08-27 09:00:00
2026-04-28,147049435,2261,0,210.8236881496,-84.3294752598,-84.3294752598,0.2500000,4,4,0.50665070000000000,0.506650700000,-1.0266936290537745,-1.0266936290537745,-1.0266936290537745,0E-17,ELIGIBLE,R03b_20260811_FULL_v1,L1_ELIGIBILITY,v2026-08-11,2026-03-21..2026-08-06,baccarat_bet02_101_all_pairs_incl_sentinel,round_win = game_pnl > 0 (decisive only),COMPATIBILITY_ONLY_NOT_PRODUCTION,4097.9539,3722.3313,481.1114,98,86,-0.11740283,,-0.11740283,-0.11740283,-481.1114,4097.9539,OK,0.0000,19.2445,4.0000,96.0000,AG03-UNRESOLVED,ALL5_LEVELS_bet23_to_bet27,19.2445,19.2445,19.2445,19.2445,24.0556,4.000000,4.000000,4.000000,4.000000,5.000000,96.000000,96.000000,96.000000,96.000000,95.000000,5.0,101.0334,92.9126,380.0780,388.1988,PENDING_AG03,FALSE,NOT_FOR_ENFORCEMENT,461.8669,3573.4380,481.1114,461.8669,19.2445,0.11740283,0.11270672,19.2445,461.8669,0.11270672,19.2445,19.2445,19.2445,19.2445,24.0556,461.8669,0.11270672,101.0334,92.9126,380.0780,388.1988,0.09274824,0.09472991,0.00469611,41.8159,43.2829,5.5943,160.3705,22.9101,1365.9846,28.6667,,41.8159,21.0824,42.1647,42.1647,63.2471,77.6683,102.1952,40.8781,-7.218,1.84202,2.423711,0.991726,16,19,4,5,0E-8,0.11740283,,0E-8,0.000000,0.908339,0.877551,,2026-04-28,2026-07-06,3,21,20,70,0.042857,,,0.000000,,,,,,,,GLOBAL_BASELINE_NO_ENTITY_RANKING,,,NOT_APPLICABLE_GLOBAL_BASELINE,HF9g-P5,,,,X 全窗基线 · 不参与实体赏罚,8390412,840,A168_HF9F_20260827_0900,2026-08-27 09:00:00
2026-04-28,147049435,583,0,421.6473762991,-168.6589505196,-168.6589505196,0.2500000,9,9,0.50218230000000000,0.502182300000,-1.426572103375426,-1.426572103375426,-1.426572103375426,0E-17,ELIGIBLE,R03b_20260811_FULL_v1,L1_ELIGIBILITY,v2026-08-11,2026-03-21..2026-08-06,baccarat_bet02_101_all_pairs_incl_sentinel,round_win = game_pnl > 0 (decisive only),COMPATIBILITY_ONLY_NOT_PRODUCTION,4097.9539,3722.3313,481.1114,98,86,-0.11740283,,-0.11740283,-0.11740283,-481.1114,4097.9539,OK,0.0000,19.2445,4.0000,96.0000,AG03-UNRESOLVED,ALL5_LEVELS_bet23_to_bet27,19.2445,19.2445,19.2445,19.2445,24.0556,4.000000,4.000000,4.000000,4.000000,5.000000,96.000000,96.000000,96.000000,96.000000,95.000000,5.0,101.0334,92.9126,380.0780,388.1988,PENDING_AG03,FALSE,NOT_FOR_ENFORCEMENT,461.8669,3573.4380,481.1114,461.8669,19.2445,0.11740283,0.11270672,19.2445,461.8669,0.11270672,19.2445,19.2445,19.2445,19.2445,24.0556,461.8669,0.11270672,101.0334,92.9126,380.0780,388.1988,0.09274824,0.09472991,0.00469611,41.8159,43.2829,5.5943,160.3705,22.9101,1365.9846,28.6667,,41.8159,21.0824,42.1647,42.1647,63.2471,77.6683,102.1952,40.8781,-7.218,1.84202,2.423711,0.991726,16,19,4,5,0E-8,0.11740283,,0E-8,0.000000,0.908339,0.877551,,2026-04-28,2026-07-06,3,21,20,70,0.042857,,,0.000000,,,,,,,,GLOBAL_BASELINE_NO_ENTITY_RANKING,,,NOT_APPLICABLE_GLOBAL_BASELINE,HF9g-P5,,,,X 全窗基线 · 不参与实体赏罚,8390413,840,A168_HF9F_20260827_0900,2026-08-27 09:00:00
2026-04-28,147049435,925,0,758.9652773387,-168.6589505197,-168.6589505197,0.3571429,18,17,0.46595655588235294,0.465956555882,-0.8161811933186277,-0.81618119331602,-0.8161811933186277,3.5294E-13,ELIGIBLE,R03b_20260811_FULL_v1,L1_ELIGIBILITY,v2026-08-11,2026-03-21..2026-08-06,baccarat_bet02_101_all_pairs_incl_sentinel,round_win = game_pnl > 0 (decisive only),COMPATIBILITY_ONLY_NOT_PRODUCTION,4097.9539,3722.3313,481.1114,98,86,-0.11740283,,-0.11740283,-0.11740283,-481.1114,4097.9539,OK,0.0000,19.2445,4.0000,96.0000,AG03-UNRESOLVED,ALL5_LEVELS_bet23_to_bet27,19.2445,19.2445,19.2445,19.2445,24.0556,4.000000,4.000000,4.000000,4.000000,5.000000,96.000000,96.000000,96.000000,96.000000,95.000000,5.0,101.0334,92.9126,380.0780,388.1988,PENDING_AG03,FALSE,NOT_FOR_ENFORCEMENT,461.8669,3573.4380,481.1114,461.8669,19.2445,0.11740283,0.11270672,19.2445,461.8669,0.11270672,19.2445,19.2445,19.2445,19.2445,24.0556,461.8669,0.11270672,101.0334,92.9126,380.0780,388.1988,0.09274824,0.09472991,0.00469611,41.8159,43.2829,5.5943,160.3705,22.9101,1365.9846,28.6667,,41.8159,21.0824,42.1647,42.1647,63.2471,77.6683,102.1952,40.8781,-7.218,1.84202,2.423711,0.991726,16,19,4,5,0E-8,0.11740283,,0E-8,0.000000,0.908339,0.877551,,2026-04-28,2026-07-06,3,21,20,70,0.042857,,,0.000000,,,,,,,,GLOBAL_BASELINE_NO_ENTITY_RANKING,,,NOT_APPLICABLE_GLOBAL_BASELINE,HF9g-P5,,,,X 全窗基线 · 不参与实体赏罚,8390414,840,A168_HF9F_20260827_0900,2026-08-27 09:00:00
2026-07-03,147049435,-1,1,71.5366063034,-71.5366063034,-71.5366063034,0E-7,1,1,0.49324550000000000,0.493245500000,-0.9865810262130424,-0.9865810262130424,-0.9865810262130424,0E-17,SENTINEL_DEALER,R03b_20260811_FULL_v1,L1_ELIGIBILITY,v2026-08-11,2026-03-21..2026-08-06,baccarat_bet02_101_all_pairs_incl_sentinel,round_win = game_pnl > 0 (decisive only),COMPATIBILITY_ONLY_NOT_PRODUCTION,4097.9539,3722.3313,481.1114,98,86,-0.11740283,,-0.11740283,-0.11740283,-481.1114,4097.9539,OK,0.0000,19.2445,4.0000,96.0000,AG03-UNRESOLVED,ALL5_LEVELS_bet23_to_bet27,19.2445,19.2445,19.2445,19.2445,24.0556,4.000000,4.000000,4.000000,4.000000,5.000000,96.000000,96.000000,96.000000,96.000000,95.000000,5.0,101.0334,92.9126,380.0780,388.1988,PENDING_AG03,FALSE,NOT_FOR_ENFORCEMENT,461.8669,3573.4380,481.1114,461.8669,19.2445,0.11740283,0.11270672,19.2445,461.8669,0.11270672,19.2445,19.2445,19.2445,19.2445,24.0556,461.8669,0.11270672,101.0334,92.9126,380.0780,388.1988,0.09274824,0.09472991,0.00469611,41.8159,43.2829,5.5943,160.3705,22.9101,1365.9846,28.6667,,41.8159,21.0824,42.1647,42.1647,63.2471,77.6683,102.1952,40.8781,-7.218,1.84202,2.423711,0.991726,16,19,4,5,0E-8,0.11740283,,0E-8,0.000000,0.908339,0.877551,,2026-04-28,2026-07-06,3,21,20,70,0.042857,,,0.000000,,,,,,,,GLOBAL_BASELINE_NO_ENTITY_RANKING,,,NOT_APPLICABLE_GLOBAL_BASELINE,HF9g-P5,,,,X 全窗基线 · 不参与实体赏罚,8390415,840,A168_HF9F_20260827_0900,2026-08-27 09:00:00
2026-07-03,147049435,1151,0,306.5854555860,76.6463638965,76.6463638965,0.6000000,6,6,0.50441650000000000,0.504416500000,0.42747908374280613,0.42747908374280613,0.42747908374280613,0E-17,ELIGIBLE,R03b_20260811_FULL_v1,L1_ELIGIBILITY,v2026-08-11,2026-03-21..2026-08-06,baccarat_bet02_101_all_pairs_incl_sentinel,round_win = game_pnl > 0 (decisive only),COMPATIBILITY_ONLY_NOT_PRODUCTION,4097.9539,3722.3313,481.1114,98,86,-0.11740283,,-0.11740283,-0.11740283,-481.1114,4097.9539,OK,0.0000,19.2445,4.0000,96.0000,AG03-UNRESOLVED,ALL5_LEVELS_bet23_to_bet27,19.2445,19.2445,19.2445,19.2445,24.0556,4.000000,4.000000,4.000000,4.000000,5.000000,96.000000,96.000000,96.000000,96.000000,95.000000,5.0,101.0334,92.9126,380.0780,388.1988,PENDING_AG03,FALSE,NOT_FOR_ENFORCEMENT,461.8669,3573.4380,481.1114,461.8669,19.2445,0.11740283,0.11270672,19.2445,461.8669,0.11270672,19.2445,19.2445,19.2445,19.2445,24.0556,461.8669,0.11270672,101.0334,92.9126,380.0780,388.1988,0.09274824,0.09472991,0.00469611,41.8159,43.2829,5.5943,160.3705,22.9101,1365.9846,28.6667,,41.8159,21.0824,42.1647,42.1647,63.2471,77.6683,102.1952,40.8781,-7.218,1.84202,2.423711,0.991726,16,19,4,5,0E-8,0.11740283,,0E-8,0.000000,0.908339,0.877551,,2026-04-28,2026-07-06,3,21,20,70,0.042857,,,0.000000,,,,,,,,GLOBAL_BASELINE_NO_ENTITY_RANKING,,,NOT_APPLICABLE_GLOBAL_BASELINE,HF9g-P5,,,,X 全窗基线 · 不参与实体赏罚,8390416,840,A168_HF9F_20260827_0900,2026-08-27 09:00:00
2026-07-03,147049435,1325,0,102.1951518620,102.1951518620,102.1951518620,1.0000000,1,1,0.50665070000000000,0.506650700000,0.9867858985152569,0.9867858985152569,0.9867858985152569,0E-17,ELIGIBLE,R03b_20260811_FULL_v1,L1_ELIGIBILITY,v2026-08-11,2026-03-21..2026-08-06,baccarat_bet02_101_all_pairs_incl_sentinel,round_win = game_pnl > 0 (decisive only),COMPATIBILITY_ONLY_NOT_PRODUCTION,4097.9539,3722.3313,481.1114,98,86,-0.11740283,,-0.11740283,-0.11740283,-481.1114,4097.9539,OK,0.0000,19.2445,4.0000,96.0000,AG03-UNRESOLVED,ALL5_LEVELS_bet23_to_bet27,19.2445,19.2445,19.2445,19.2445,24.0556,4.000000,4.000000,4.000000,4.000000,5.000000,96.000000,96.000000,96.000000,96.000000,95.000000,5.0,101.0334,92.9126,380.0780,388.1988,PENDING_AG03,FALSE,NOT_FOR_ENFORCEMENT,461.8669,3573.4380,481.1114,461.8669,19.2445,0.11740283,0.11270672,19.2445,461.8669,0.11270672,19.2445,19.2445,19.2445,19.2445,24.0556,461.8669,0.11270672,101.0334,92.9126,380.0780,388.1988,0.09274824,0.09472991,0.00469611,41.8159,43.2829,5.5943,160.3705,22.9101,1365.9846,28.6667,,41.8159,21.0824,42.1647,42.1647,63.2471,77.6683,102.1952,40.8781,-7.218,1.84202,2.423711,0.991726,16,19,4,5,0E-8,0.11740283,,0E-8,0.000000,0.908339,0.877551,,2026-04-28,2026-07-06,3,21,20,70,0.042857,,,0.000000,,,,,,,,GLOBAL_BASELINE_NO_ENTITY_RANKING,,,NOT_APPLICABLE_GLOBAL_BASELINE,HF9g-P5,,,,X 全窗基线 · 不参与实体赏罚,8390417,840,A168_HF9F_20260827_0900,2026-08-27 09:00:00
2026-07-03,147049435,1330,0,61.3170911172,0E-10,0E-10,,1,1,0.49324550000000000,0.493245500000,,,,0E-17,NO_DECISIVE_ROUND,R03b_20260811_FULL_v1,L1_ELIGIBILITY,v2026-08-11,2026-03-21..2026-08-06,baccarat_bet02_101_all_pairs_incl_sentinel,round_win = game_pnl > 0 (decisive only),COMPATIBILITY_ONLY_NOT_PRODUCTION,4097.9539,3722.3313,481.1114,98,86,-0.11740283,,-0.11740283,-0.11740283,-481.1114,4097.9539,OK,0.0000,19.2445,4.0000,96.0000,AG03-UNRESOLVED,ALL5_LEVELS_bet23_to_bet27,19.2445,19.2445,19.2445,19.2445,24.0556,4.000000,4.000000,4.000000,4.000000,5.000000,96.000000,96.000000,96.000000,96.000000,95.000000,5.0,101.0334,92.9126,380.0780,388.1988,PENDING_AG03,FALSE,NOT_FOR_ENFORCEMENT,461.8669,3573.4380,481.1114,461.8669,19.2445,0.11740283,0.11270672,19.2445,461.8669,0.11270672,19.2445,19.2445,19.2445,19.2445,24.0556,461.8669,0.11270672,101.0334,92.9126,380.0780,388.1988,0.09274824,0.09472991,0.00469611,41.8159,43.2829,5.5943,160.3705,22.9101,1365.9846,28.6667,,41.8159,21.0824,42.1647,42.1647,63.2471,77.6683,102.1952,40.8781,-7.218,1.84202,2.423711,0.991726,16,19,4,5,0E-8,0.11740283,,0E-8,0.000000,0.908339,0.877551,,2026-04-28,2026-07-06,3,21,20,70,0.042857,,,0.000000,,,,,,,,GLOBAL_BASELINE_NO_ENTITY_RANKING,,,NOT_APPLICABLE_GLOBAL_BASELINE,HF9g-P5,,,,X 全窗基线 · 不参与实体赏罚,8390418,840,A168_HF9F_20260827_0900,2026-08-27 09:00:00
2026-07-03,147049435,1401,0,81.7561214896,-81.7561214896,-81.7561214896,0E-7,1,1,0.49324550000000000,0.493245500000,-0.9865810262130424,-0.9865810262130424,-0.9865810262130424,0E-17,ELIGIBLE,R03b_20260811_FULL_v1,L1_ELIGIBILITY,v2026-08-11,2026-03-21..2026-08-06,baccarat_bet02_101_all_pairs_incl_sentinel,round_win = game_pnl > 0 (decisive only),COMPATIBILITY_ONLY_NOT_PRODUCTION,4097.9539,3722.3313,481.1114,98,86,-0.11740283,,-0.11740283,-0.11740283,-481.1114,4097.9539,OK,0.0000,19.2445,4.0000,96.0000,AG03-UNRESOLVED,ALL5_LEVELS_bet23_to_bet27,19.2445,19.2445,19.2445,19.2445,24.0556,4.000000,4.000000,4.000000,4.000000,5.000000,96.000000,96.000000,96.000000,96.000000,95.000000,5.0,101.0334,92.9126,380.0780,388.1988,PENDING_AG03,FALSE,NOT_FOR_ENFORCEMENT,461.8669,3573.4380,481.1114,461.8669,19.2445,0.11740283,0.11270672,19.2445,461.8669,0.11270672,19.2445,19.2445,19.2445,19.2445,24.0556,461.8669,0.11270672,101.0334,92.9126,380.0780,388.1988,0.09274824,0.09472991,0.00469611,41.8159,43.2829,5.5943,160.3705,22.9101,1365.9846,28.6667,,41.8159,21.0824,42.1647,42.1647,63.2471,77.6683,102.1952,40.8781,-7.218,1.84202,2.423711,0.991726,16,19,4,5,0E-8,0.11740283,,0E-8,0.000000,0.908339,0.877551,,2026-04-28,2026-07-06,3,21,20,70,0.042857,,,0.000000,,,,,,,,GLOBAL_BASELINE_NO_ENTITY_RANKING,,,NOT_APPLICABLE_GLOBAL_BASELINE,HF9g-P5,,,,X 全窗基线 · 不参与实体赏罚,8390419,840,A168_HF9F_20260827_0900,2026-08-27 09:00:00
2026-07-03,147049435,1714,0,102.1951518620,-22.4829334096,-22.4829334096,0.5000000,2,2,0.50665070000000000,0.506650700000,-0.018812684590367487,-0.018812684590367487,-0.018812684590367487,0E-17,ELIGIBLE,R03b_20260811_FULL_v1,L1_ELIGIBILITY,v2026-08-11,2026-03-21..2026-08-06,baccarat_bet02_101_all_pairs_incl_sentinel,round_win = game_pnl > 0 (decisive only),COMPATIBILITY_ONLY_NOT_PRODUCTION,4097.9539,3722.3313,481.1114,98,86,-0.11740283,,-0.11740283,-0.11740283,-481.1114,4097.9539,OK,0.0000,19.2445,4.0000,96.0000,AG03-UNRESOLVED,ALL5_LEVELS_bet23_to_bet27,19.2445,19.2445,19.2445,19.2445,24.0556,4.000000,4.000000,4.000000,4.000000,5.000000,96.000000,96.000000,96.000000,96.000000,95.000000,5.0,101.0334,92.9126,380.0780,388.1988,PENDING_AG03,FALSE,NOT_FOR_ENFORCEMENT,461.8669,3573.4380,481.1114,461.8669,19.2445,0.11740283,0.11270672,19.2445,461.8669,0.11270672,19.2445,19.2445,19.2445,19.2445,24.0556,461.8669,0.11270672,101.0334,92.9126,380.0780,388.1988,0.09274824,0.09472991,0.00469611,41.8159,43.2829,5.5943,160.3705,22.9101,1365.9846,28.6667,,41.8159,21.0824,42.1647,42.1647,63.2471,77.6683,102.1952,40.8781,-7.218,1.84202,2.423711,0.991726,16,19,4,5,0E-8,0.11740283,,0E-8,0.000000,0.908339,0.877551,,2026-04-28,2026-07-06,3,21,20,70,0.042857,,,0.000000,,,,,,,,GLOBAL_BASELINE_NO_ENTITY_RANKING,,,NOT_APPLICABLE_GLOBAL_BASELINE,HF9g-P5,,,,X 全窗基线 · 不参与实体赏罚,8390420,840,A168_HF9F_20260827_0900,2026-08-27 09:00:00
2026-07-03,147049435,1942,0,102.1951518620,-102.1951518620,-102.1951518620,0E-7,1,1,0.50665070000000000,0.506650700000,-1.013391052207602,-1.013391052207602,-1.013391052207602,0E-17,ELIGIBLE,R03b_20260811_FULL_v1,L1_ELIGIBILITY,v2026-08-11,2026-03-21..2026-08-06,baccarat_bet02_101_all_pairs_incl_sentinel,round_win = game_pnl > 0 (decisive only),COMPATIBILITY_ONLY_NOT_PRODUCTION,4097.9539,3722.3313,481.1114,98,86,-0.11740283,,-0.11740283,-0.11740283,-481.1114,4097.9539,OK,0.0000,19.2445,4.0000,96.0000,AG03-UNRESOLVED,ALL5_LEVELS_bet23_to_bet27,19.2445,19.2445,19.2445,19.2445,24.0556,4.000000,4.000000,4.000000,4.000000,5.000000,96.000000,96.000000,96.000000,96.000000,95.000000,5.0,101.0334,92.9126,380.0780,388.1988,PENDING_AG03,FALSE,NOT_FOR_ENFORCEMENT,461.8669,3573.4380,481.1114,461.8669,19.2445,0.11740283,0.11270672,19.2445,461.8669,0.11270672,19.2445,19.2445,19.2445,19.2445,24.0556,461.8669,0.11270672,101.0334,92.9126,380.0780,388.1988,0.09274824,0.09472991,0.00469611,41.8159,43.2829,5.5943,160.3705,22.9101,1365.9846,28.6667,,41.8159,21.0824,42.1647,42.1647,63.2471,77.6683,102.1952,40.8781,-7.218,1.84202,2.423711,0.991726,16,19,4,5,0E-8,0.11740283,,0E-8,0.000000,0.908339,0.877551,,2026-04-28,2026-07-06,3,21,20,70,0.042857,,,0.000000,,,,,,,,GLOBAL_BASELINE_NO_ENTITY_RANKING,,,NOT_APPLICABLE_GLOBAL_BASELINE,HF9g-P5,,,,X 全窗基线 · 不参与实体赏罚,8390421,840,A168_HF9F_20260827_0900,2026-08-27 09:00:00
2026-07-03,147049435,2093,0,102.1951518620,-102.1951518620,-102.1951518620,0E-7,1,1,0.49324550000000000,0.493245500000,-0.9865810262130424,-0.9865810262130424,-0.9865810262130424,0E-17,ELIGIBLE,R03b_20260811_FULL_v1,L1_ELIGIBILITY,v2026-08-11,2026-03-21..2026-08-06,baccarat_bet02_101_all_pairs_incl_sentinel,round_win = game_pnl > 0 (decisive only),COMPATIBILITY_ONLY_NOT_PRODUCTION,4097.9539,3722.3313,481.1114,98,86,-0.11740283,,-0.11740283,-0.11740283,-481.1114,4097.9539,OK,0.0000,19.2445,4.0000,96.0000,AG03-UNRESOLVED,ALL5_LEVELS_bet23_to_bet27,19.2445,19.2445,19.2445,19.2445,24.0556,4.000000,4.000000,4.000000,4.000000,5.000000,96.000000,96.000000,96.000000,96.000000,95.000000,5.0,101.0334,92.9126,380.0780,388.1988,PENDING_AG03,FALSE,NOT_FOR_ENFORCEMENT,461.8669,3573.4380,481.1114,461.8669,19.2445,0.11740283,0.11270672,19.2445,461.8669,0.11270672,19.2445,19.2445,19.2445,19.2445,24.0556,461.8669,0.11270672,101.0334,92.9126,380.0780,388.1988,0.09274824,0.09472991,0.00469611,41.8159,43.2829,5.5943,160.3705,22.9101,1365.9846,28.6667,,41.8159,21.0824,42.1647,42.1647,63.2471,77.6683,102.1952,40.8781,-7.218,1.84202,2.423711,0.991726,16,19,4,5,0E-8,0.11740283,,0E-8,0.000000,0.908339,0.877551,,2026-04-28,2026-07-06,3,21,20,70,0.042857,,,0.000000,,,,,,,,GLOBAL_BASELINE_NO_ENTITY_RANKING,,,NOT_APPLICABLE_GLOBAL_BASELINE,HF9g-P5,,,,X 全窗基线 · 不参与实体赏罚,8390422,840,A168_HF9F_20260827_0900,2026-08-27 09:00:00
2026-07-03,147049435,2175,0,71.5366063034,-71.5366063034,-71.5366063034,0E-7,2,1,0.42547255714285714,0.256040200000,-0.8605584784044186,-0.5866503638730671,-0.8605584784044186,0.16943235714285714,ELIGIBLE,R03b_20260811_FULL_v1,L1_ELIGIBILITY,v2026-08-11,2026-03-21..2026-08-06,baccarat_bet02_101_all_pairs_incl_sentinel,round_win = game_pnl > 0 (decisive only),COMPATIBILITY_ONLY_NOT_PRODUCTION,4097.9539,3722.3313,481.1114,98,86,-0.11740283,,-0.11740283,-0.11740283,-481.1114,4097.9539,OK,0.0000,19.2445,4.0000,96.0000,AG03-UNRESOLVED,ALL5_LEVELS_bet23_to_bet27,19.2445,19.2445,19.2445,19.2445,24.0556,4.000000,4.000000,4.000000,4.000000,5.000000,96.000000,96.000000,96.000000,96.000000,95.000000,5.0,101.0334,92.9126,380.0780,388.1988,PENDING_AG03,FALSE,NOT_FOR_ENFORCEMENT,461.8669,3573.4380,481.1114,461.8669,19.2445,0.11740283,0.11270672,19.2445,461.8669,0.11270672,19.2445,19.2445,19.2445,19.2445,24.0556,461.8669,0.11270672,101.0334,92.9126,380.0780,388.1988,0.09274824,0.09472991,0.00469611,41.8159,43.2829,5.5943,160.3705,22.9101,1365.9846,28.6667,,41.8159,21.0824,42.1647,42.1647,63.2471,77.6683,102.1952,40.8781,-7.218,1.84202,2.423711,0.991726,16,19,4,5,0E-8,0.11740283,,0E-8,0.000000,0.908339,0.877551,,2026-04-28,2026-07-06,3,21,20,70,0.042857,,,0.000000,,,,,,,,GLOBAL_BASELINE_NO_ENTITY_RANKING,,,NOT_APPLICABLE_GLOBAL_BASELINE,HF9g-P5,,,,X 全窗基线 · 不参与实体赏罚,8390423,840,A168_HF9F_20260827_0900,2026-08-27 09:00:00
2026-07-06,147049435,-1,1,81.7561214896,-81.7561214896,-81.7561214896,0E-7,2,2,0.49994810000000000,0.499948100000,-1.4140667746232096,-1.4140667746232096,-1.4140667746232096,0E-17,SENTINEL_DEALER,R03b_20260811_FULL_v1,L1_ELIGIBILITY,v2026-08-11,2026-03-21..2026-08-06,baccarat_bet02_101_all_pairs_incl_sentinel,round_win = game_pnl > 0 (decisive only),COMPATIBILITY_ONLY_NOT_PRODUCTION,4097.9539,3722.3313,481.1114,98,86,-0.11740283,,-0.11740283,-0.11740283,-481.1114,4097.9539,OK,0.0000,19.2445,4.0000,96.0000,AG03-UNRESOLVED,ALL5_LEVELS_bet23_to_bet27,19.2445,19.2445,19.2445,19.2445,24.0556,4.000000,4.000000,4.000000,4.000000,5.000000,96.000000,96.000000,96.000000,96.000000,95.000000,5.0,101.0334,92.9126,380.0780,388.1988,PENDING_AG03,FALSE,NOT_FOR_ENFORCEMENT,461.8669,3573.4380,481.1114,461.8669,19.2445,0.11740283,0.11270672,19.2445,461.8669,0.11270672,19.2445,19.2445,19.2445,19.2445,24.0556,461.8669,0.11270672,101.0334,92.9126,380.0780,388.1988,0.09274824,0.09472991,0.00469611,41.8159,43.2829,5.5943,160.3705,22.9101,1365.9846,28.6667,,41.8159,21.0824,42.1647,42.1647,63.2471,77.6683,102.1952,40.8781,-7.218,1.84202,2.423711,0.991726,16,19,4,5,0E-8,0.11740283,,0E-8,0.000000,0.908339,0.877551,,2026-04-28,2026-07-06,3,21,20,70,0.042857,,,0.000000,,,,,,,,GLOBAL_BASELINE_NO_ENTITY_RANKING,,,NOT_APPLICABLE_GLOBAL_BASELINE,HF9g-P5,,,,X 全窗基线 · 不参与实体赏罚,8390424,840,A168_HF9F_20260827_0900,2026-08-27 09:00:00
2026-07-06,147049435,1384,0,81.7561214896,-81.7561214896,-81.7561214896,0E-7,2,2,0.49324550000000000,0.493245500000,-1.3952362676504506,-1.3952362676504506,-1.3952362676504506,0E-17,ELIGIBLE,R03b_20260811_FULL_v1,L1_ELIGIBILITY,v2026-08-11,2026-03-21..2026-08-06,baccarat_bet02_101_all_pairs_incl_sentinel,round_win = game_pnl > 0 (decisive only),COMPATIBILITY_ONLY_NOT_PRODUCTION,4097.9539,3722.3313,481.1114,98,86,-0.11740283,,-0.11740283,-0.11740283,-481.1114,4097.9539,OK,0.0000,19.2445,4.0000,96.0000,AG03-UNRESOLVED,ALL5_LEVELS_bet23_to_bet27,19.2445,19.2445,19.2445,19.2445,24.0556,4.000000,4.000000,4.000000,4.000000,5.000000,96.000000,96.000000,96.000000,96.000000,95.000000,5.0,101.0334,92.9126,380.0780,388.1988,PENDING_AG03,FALSE,NOT_FOR_ENFORCEMENT,461.8669,3573.4380,481.1114,461.8669,19.2445,0.11740283,0.11270672,19.2445,461.8669,0.11270672,19.2445,19.2445,19.2445,19.2445,24.0556,461.8669,0.11270672,101.0334,92.9126,380.0780,388.1988,0.09274824,0.09472991,0.00469611,41.8159,43.2829,5.5943,160.3705,22.9101,1365.9846,28.6667,,41.8159,21.0824,42.1647,42.1647,63.2471,77.6683,102.1952,40.8781,-7.218,1.84202,2.423711,0.991726,16,19,4,5,0E-8,0.11740283,,0E-8,0.000000,0.908339,0.877551,,2026-04-28,2026-07-06,3,21,20,70,0.042857,,,0.000000,,,,,,,,GLOBAL_BASELINE_NO_ENTITY_RANKING,,,NOT_APPLICABLE_GLOBAL_BASELINE,HF9g-P5,,,,X 全窗基线 · 不参与实体赏罚,8390425,840,A168_HF9F_20260827_0900,2026-08-27 09:00:00
2026-07-06,147049435,1485,0,81.7561214896,81.7561214896,81.7561214896,1.0000000,2,2,0.49994810000000000,0.499948100000,1.4143603653603398,1.4143603653603398,1.4143603653603398,0E-17,ELIGIBLE,R03b_20260811_FULL_v1,L1_ELIGIBILITY,v2026-08-11,2026-03-21..2026-08-06,baccarat_bet02_101_all_pairs_incl_sentinel,round_win = game_pnl > 0 (decisive only),COMPATIBILITY_ONLY_NOT_PRODUCTION,4097.9539,3722.3313,481.1114,98,86,-0.11740283,,-0.11740283,-0.11740283,-481.1114,4097.9539,OK,0.0000,19.2445,4.0000,96.0000,AG03-UNRESOLVED,ALL5_LEVELS_bet23_to_bet27,19.2445,19.2445,19.2445,19.2445,24.0556,4.000000,4.000000,4.000000,4.000000,5.000000,96.000000,96.000000,96.000000,96.000000,95.000000,5.0,101.0334,92.9126,380.0780,388.1988,PENDING_AG03,FALSE,NOT_FOR_ENFORCEMENT,461.8669,3573.4380,481.1114,461.8669,19.2445,0.11740283,0.11270672,19.2445,461.8669,0.11270672,19.2445,19.2445,19.2445,19.2445,24.0556,461.8669,0.11270672,101.0334,92.9126,380.0780,388.1988,0.09274824,0.09472991,0.00469611,41.8159,43.2829,5.5943,160.3705,22.9101,1365.9846,28.6667,,41.8159,21.0824,42.1647,42.1647,63.2471,77.6683,102.1952,40.8781,-7.218,1.84202,2.423711,0.991726,16,19,4,5,0E-8,0.11740283,,0E-8,0.000000,0.908339,0.877551,,2026-04-28,2026-07-06,3,21,20,70,0.042857,,,0.000000,,,,,,,,GLOBAL_BASELINE_NO_ENTITY_RANKING,,,NOT_APPLICABLE_GLOBAL_BASELINE,HF9g-P5,,,,X 全窗基线 · 不参与实体赏罚,8390426,840,A168_HF9F_20260827_0900,2026-08-27 09:00:00
2026-07-06,147049435,2108,0,40.8780607448,40.8780607448,40.8780607448,1.0000000,1,1,0.49324550000000000,0.493245500000,1.01360149184955,1.01360149184955,1.01360149184955,0E-17,ELIGIBLE,R03b_20260811_FULL_v1,L1_ELIGIBILITY,v2026-08-11,2026-03-21..2026-08-06,baccarat_bet02_101_all_pairs_incl_sentinel,round_win = game_pnl > 0 (decisive only),COMPATIBILITY_ONLY_NOT_PRODUCTION,4097.9539,3722.3313,481.1114,98,86,-0.11740283,,-0.11740283,-0.11740283,-481.1114,4097.9539,OK,0.0000,19.2445,4.0000,96.0000,AG03-UNRESOLVED,ALL5_LEVELS_bet23_to_bet27,19.2445,19.2445,19.2445,19.2445,24.0556,4.000000,4.000000,4.000000,4.000000,5.000000,96.000000,96.000000,96.000000,96.000000,95.000000,5.0,101.0334,92.9126,380.0780,388.1988,PENDING_AG03,FALSE,NOT_FOR_ENFORCEMENT,461.8669,3573.4380,481.1114,461.8669,19.2445,0.11740283,0.11270672,19.2445,461.8669,0.11270672,19.2445,19.2445,19.2445,19.2445,24.0556,461.8669,0.11270672,101.0334,92.9126,380.0780,388.1988,0.09274824,0.09472991,0.00469611,41.8159,43.2829,5.5943,160.3705,22.9101,1365.9846,28.6667,,41.8159,21.0824,42.1647,42.1647,63.2471,77.6683,102.1952,40.8781,-7.218,1.84202,2.423711,0.991726,16,19,4,5,0E-8,0.11740283,,0E-8,0.000000,0.908339,0.877551,,2026-04-28,2026-07-06,3,21,20,70,0.042857,,,0.000000,,,,,,,,GLOBAL_BASELINE_NO_ENTITY_RANKING,,,NOT_APPLICABLE_GLOBAL_BASELINE,HF9g-P5,,,,X 全窗基线 · 不参与实体赏罚,8390427,840,A168_HF9F_20260827_0900,2026-08-27 09:00:00
2026-07-06,147049435,2175,0,40.8780607448,-40.8780607448,-40.8780607448,0E-7,1,1,0.50665070000000000,0.506650700000,-1.013391052207602,-1.013391052207602,-1.013391052207602,0E-17,ELIGIBLE,R03b_20260811_FULL_v1,L1_ELIGIBILITY,v2026-08-11,2026-03-21..2026-08-06,baccarat_bet02_101_all_pairs_incl_sentinel,round_win = game_pnl > 0 (decisive only),COMPATIBILITY_ONLY_NOT_PRODUCTION,4097.9539,3722.3313,481.1114,98,86,-0.11740283,,-0.11740283,-0.11740283,-481.1114,4097.9539,OK,0.0000,19.2445,4.0000,96.0000,AG03-UNRESOLVED,ALL5_LEVELS_bet23_to_bet27,19.2445,19.2445,19.2445,19.2445,24.0556,4.000000,4.000000,4.000000,4.000000,5.000000,96.000000,96.000000,96.000000,96.000000,95.000000,5.0,101.0334,92.9126,380.0780,388.1988,PENDING_AG03,FALSE,NOT_FOR_ENFORCEMENT,461.8669,3573.4380,481.1114,461.8669,19.2445,0.11740283,0.11270672,19.2445,461.8669,0.11270672,19.2445,19.2445,19.2445,19.2445,24.0556,461.8669,0.11270672,101.0334,92.9126,380.0780,388.1988,0.09274824,0.09472991,0.00469611,41.8159,43.2829,5.5943,160.3705,22.9101,1365.9846,28.6667,,41.8159,21.0824,42.1647,42.1647,63.2471,77.6683,102.1952,40.8781,-7.218,1.84202,2.423711,0.991726,16,19,4,5,0E-8,0.11740283,,0E-8,0.000000,0.908339,0.877551,,2026-04-28,2026-07-06,3,21,20,70,0.042857,,,0.000000,,,,,,,,GLOBAL_BASELINE_NO_ENTITY_RANKING,,,NOT_APPLICABLE_GLOBAL_BASELINE,HF9g-P5,,,,X 全窗基线 · 不参与实体赏罚,8390428,840,A168_HF9F_20260827_0900,2026-08-27 09:00:00
2026-07-06,147049435,2258,0,102.1951518620,-102.1951518620,-102.1951518620,0E-7,2,2,0.49994810000000000,0.499948100000,-1.4140667746232096,-1.4140667746232096,-1.4140667746232096,0E-17,ELIGIBLE,R03b_20260811_FULL_v1,L1_ELIGIBILITY,v2026-08-11,2026-03-21..2026-08-06,baccarat_bet02_101_all_pairs_incl_sentinel,round_win = game_pnl > 0 (decisive only),COMPATIBILITY_ONLY_NOT_PRODUCTION,4097.9539,3722.3313,481.1114,98,86,-0.11740283,,-0.11740283,-0.11740283,-481.1114,4097.9539,OK,0.0000,19.2445,4.0000,96.0000,AG03-UNRESOLVED,ALL5_LEVELS_bet23_to_bet27,19.2445,19.2445,19.2445,19.2445,24.0556,4.000000,4.000000,4.000000,4.000000,5.000000,96.000000,96.000000,96.000000,96.000000,95.000000,5.0,101.0334,92.9126,380.0780,388.1988,PENDING_AG03,FALSE,NOT_FOR_ENFORCEMENT,461.8669,3573.4380,481.1114,461.8669,19.2445,0.11740283,0.11270672,19.2445,461.8669,0.11270672,19.2445,19.2445,19.2445,19.2445,24.0556,461.8669,0.11270672,101.0334,92.9126,380.0780,388.1988,0.09274824,0.09472991,0.00469611,41.8159,43.2829,5.5943,160.3705,22.9101,1365.9846,28.6667,,41.8159,21.0824,42.1647,42.1647,63.2471,77.6683,102.1952,40.8781,-7.218,1.84202,2.423711,0.991726,16,19,4,5,0E-8,0.11740283,,0E-8,0.000000,0.908339,0.877551,,2026-04-28,2026-07-06,3,21,20,70,0.042857,,,0.000000,,,,,,,,GLOBAL_BASELINE_NO_ENTITY_RANKING,,,NOT_APPLICABLE_GLOBAL_BASELINE,HF9g-P5,,,,X 全窗基线 · 不参与实体赏罚,8390429,840,A168_HF9F_20260827_0900,2026-08-27 09:00:00
2026-07-06,147049435,2280,0,81.7561214896,81.7561214896,81.7561214896,1.0000000,2,2,0.49994810000000000,0.499948100000,1.4143603653603398,1.4143603653603398,1.4143603653603398,0E-17,ELIGIBLE,R03b_20260811_FULL_v1,L1_ELIGIBILITY,v2026-08-11,2026-03-21..2026-08-06,baccarat_bet02_101_all_pairs_incl_sentinel,round_win = game_pnl > 0 (decisive only),COMPATIBILITY_ONLY_NOT_PRODUCTION,4097.9539,3722.3313,481.1114,98,86,-0.11740283,,-0.11740283,-0.11740283,-481.1114,4097.9539,OK,0.0000,19.2445,4.0000,96.0000,AG03-UNRESOLVED,ALL5_LEVELS_bet23_to_bet27,19.2445,19.2445,19.2445,19.2445,24.0556,4.000000,4.000000,4.000000,4.000000,5.000000,96.000000,96.000000,96.000000,96.000000,95.000000,5.0,101.0334,92.9126,380.0780,388.1988,PENDING_AG03,FALSE,NOT_FOR_ENFORCEMENT,461.8669,3573.4380,481.1114,461.8669,19.2445,0.11740283,0.11270672,19.2445,461.8669,0.11270672,19.2445,19.2445,19.2445,19.2445,24.0556,461.8669,0.11270672,101.0334,92.9126,380.0780,388.1988,0.09274824,0.09472991,0.00469611,41.8159,43.2829,5.5943,160.3705,22.9101,1365.9846,28.6667,,41.8159,21.0824,42.1647,42.1647,63.2471,77.6683,102.1952,40.8781,-7.218,1.84202,2.423711,0.991726,16,19,4,5,0E-8,0.11740283,,0E-8,0.000000,0.908339,0.877551,,2026-04-28,2026-07-06,3,21,20,70,0.042857,,,0.000000,,,,,,,,GLOBAL_BASELINE_NO_ENTITY_RANKING,,,NOT_APPLICABLE_GLOBAL_BASELINE,HF9g-P5,,,,X 全窗基线 · 不参与实体赏罚,8390430,840,A168_HF9F_20260827_0900,2026-08-27 09:00:00
2026-07-06,147049435,626,0,143.0732126068,20.4390303724,20.4390303724,0.6666667,3,3,0.49324550000000000,0.493245500000,0.6008033672792107,0.6008033672792106,0.6008033672792107,0E-17,ELIGIBLE,R03b_20260811_FULL_v1,L1_ELIGIBILITY,v2026-08-11,2026-03-21..2026-08-06,baccarat_bet02_101_all_pairs_incl_sentinel,round_win = game_pnl > 0 (decisive only),COMPATIBILITY_ONLY_NOT_PRODUCTION,4097.9539,3722.3313,481.1114,98,86,-0.11740283,,-0.11740283,-0.11740283,-481.1114,4097.9539,OK,0.0000,19.2445,4.0000,96.0000,AG03-UNRESOLVED,ALL5_LEVELS_bet23_to_bet27,19.2445,19.2445,19.2445,19.2445,24.0556,4.000000,4.000000,4.000000,4.000000,5.000000,96.000000,96.000000,96.000000,96.000000,95.000000,5.0,101.0334,92.9126,380.0780,388.1988,PENDING_AG03,FALSE,NOT_FOR_ENFORCEMENT,461.8669,3573.4380,481.1114,461.8669,19.2445,0.11740283,0.11270672,19.2445,461.8669,0.11270672,19.2445,19.2445,19.2445,19.2445,24.0556,461.8669,0.11270672,101.0334,92.9126,380.0780,388.1988,0.09274824,0.09472991,0.00469611,41.8159,43.2829,5.5943,160.3705,22.9101,1365.9846,28.6667,,41.8159,21.0824,42.1647,42.1647,63.2471,77.6683,102.1952,40.8781,-7.218,1.84202,2.423711,0.991726,16,19,4,5,0E-8,0.11740283,,0E-8,0.000000,0.908339,0.877551,,2026-04-28,2026-07-06,3,21,20,70,0.042857,,,0.000000,,,,,,,,GLOBAL_BASELINE_NO_ENTITY_RANKING,,,NOT_APPLICABLE_GLOBAL_BASELINE,HF9g-P5,,,,X 全窗基线 · 不参与实体赏罚,8390431,840,A168_HF9F_20260827_0900,2026-08-27 09:00:00
2026-05-30,33975849,-1,1,73.5216888982,-73.5216888982,-73.5216888982,0E-7,2,1,0.42547255714304150,0.256040200000,-0.8605584784047431,-0.5866503638730671,-0.8605584784047431,0.16943235714304150,SENTINEL_DEALER,R03b_20260811_FULL_v1,L1_ELIGIBILITY,v2026-08-11,2026-03-21..2026-08-06,baccarat_bet02_101_all_pairs_incl_sentinel,round_win = game_pnl > 0 (decisive only),COMPATIBILITY_ONLY_NOT_PRODUCTION,640.9424,640.9424,481.1194,15,12,-0.75064373,-0.66324289,-1.00000000,-0.75064373,-481.1194,640.9424,THIN_EXPOSURE,0.0000,19.2448,4.0000,96.0000,AG03-UNRESOLVED,ALL5_LEVELS_bet23_to_bet27,19.2448,19.2448,19.2448,24.0560,24.0560,4.000000,4.000000,4.000000,5.000000,5.000000,96.000000,96.000000,96.000000,95.000000,95.000000,5.0,105.8463,96.9579,375.2731,384.1614,PENDING_AG03,FALSE,NOT_FOR_ENFORCEMENT,461.8746,615.3047,481.1194,461.8746,19.2448,0.75064373,0.72061798,19.2448,461.8746,0.72061798,19.2448,19.2448,19.2448,24.0560,24.0560,461.8746,0.72061798,105.8463,96.9579,375.2731,384.1614,0.58550211,0.59936968,0.03002575,42.7295,53.4119,40.0933,160.3731,96.2239,213.6475,4.0000,67.7992,20.7935,10.5031,20.439,67.8742,81.9605,140.2117,159.6288,20.439,-20.439,6.86,7.81,2.090583,5,4,2,3,0.74046328,0.75064373,0.66324289,0E-8,0.000000,1.000000,0.000000,0.33675711,2026-05-30,2026-07-14,3,5,5,46,0.065217,3.260594,1.586707,2.468211,,,,,,,,GLOBAL_BASELINE_NO_ENTITY_RANKING,,,NOT_APPLICABLE_GLOBAL_BASELINE,HF9g-P5,,,,X 全窗基线 · 不参与实体赏罚,8390432,840,A168_HF9F_20260827_0900,2026-08-27 09:00:00
2026-05-30,33975849,2220,0,10.5030984140,-10.5030984140,-10.5030984140,0E-7,1,1,0.01883490000000000,0.018834900000,-0.1385513026636974,-0.1385513026636974,-0.1385513026636974,0E-17,ELIGIBLE,R03b_20260811_FULL_v1,L1_ELIGIBILITY,v2026-08-11,2026-03-21..2026-08-06,baccarat_bet02_101_all_pairs_incl_sentinel,round_win = game_pnl > 0 (decisive only),COMPATIBILITY_ONLY_NOT_PRODUCTION,640.9424,640.9424,481.1194,15,12,-0.75064373,-0.66324289,-1.00000000,-0.75064373,-481.1194,640.9424,THIN_EXPOSURE,0.0000,19.2448,4.0000,96.0000,AG03-UNRESOLVED,ALL5_LEVELS_bet23_to_bet27,19.2448,19.2448,19.2448,24.0560,24.0560,4.000000,4.000000,4.000000,5.000000,5.000000,96.000000,96.000000,96.000000,95.000000,95.000000,5.0,105.8463,96.9579,375.2731,384.1614,PENDING_AG03,FALSE,NOT_FOR_ENFORCEMENT,461.8746,615.3047,481.1194,461.8746,19.2448,0.75064373,0.72061798,19.2448,461.8746,0.72061798,19.2448,19.2448,19.2448,24.0560,24.0560,461.8746,0.72061798,105.8463,96.9579,375.2731,384.1614,0.58550211,0.59936968,0.03002575,42.7295,53.4119,40.0933,160.3731,96.2239,213.6475,4.0000,67.7992,20.7935,10.5031,20.439,67.8742,81.9605,140.2117,159.6288,20.439,-20.439,6.86,7.81,2.090583,5,4,2,3,0.74046328,0.75064373,0.66324289,0E-8,0.000000,1.000000,0.000000,0.33675711,2026-05-30,2026-07-14,3,5,5,46,0.065217,3.260594,1.586707,2.468211,,,,,,,,GLOBAL_BASELINE_NO_ENTITY_RANKING,,,NOT_APPLICABLE_GLOBAL_BASELINE,HF9g-P5,,,,X 全窗基线 · 不参与实体赏罚,8390433,840,A168_HF9F_20260827_0900,2026-08-27 09:00:00
2026-05-30,33975849,2256,0,21.0061968280,-21.0061968280,-21.0061968280,0E-7,2,2,0.01883490000000000,0.018834900000,-0.19594113131146038,-0.19594113131146038,-0.19594113131146038,0E-17,ELIGIBLE,R03b_20260811_FULL_v1,L1_ELIGIBILITY,v2026-08-11,2026-03-21..2026-08-06,baccarat_bet02_101_all_pairs_incl_sentinel,round_win = game_pnl > 0 (decisive only),COMPATIBILITY_ONLY_NOT_PRODUCTION,640.9424,640.9424,481.1194,15,12,-0.75064373,-0.66324289,-1.00000000,-0.75064373,-481.1194,640.9424,THIN_EXPOSURE,0.0000,19.2448,4.0000,96.0000,AG03-UNRESOLVED,ALL5_LEVELS_bet23_to_bet27,19.2448,19.2448,19.2448,24.0560,24.0560,4.000000,4.000000,4.000000,5.000000,5.000000,96.000000,96.000000,96.000000,95.000000,95.000000,5.0,105.8463,96.9579,375.2731,384.1614,PENDING_AG03,FALSE,NOT_FOR_ENFORCEMENT,461.8746,615.3047,481.1194,461.8746,19.2448,0.75064373,0.72061798,19.2448,461.8746,0.72061798,19.2448,19.2448,19.2448,24.0560,24.0560,461.8746,0.72061798,105.8463,96.9579,375.2731,384.1614,0.58550211,0.59936968,0.03002575,42.7295,53.4119,40.0933,160.3731,96.2239,213.6475,4.0000,67.7992,20.7935,10.5031,20.439,67.8742,81.9605,140.2117,159.6288,20.439,-20.439,6.86,7.81,2.090583,5,4,2,3,0.74046328,0.75064373,0.66324289,0E-8,0.000000,1.000000,0.000000,0.33675711,2026-05-30,2026-07-14,3,5,5,46,0.065217,3.260594,1.586707,2.468211,,,,,,,,GLOBAL_BASELINE_NO_ENTITY_RANKING,,,NOT_APPLICABLE_GLOBAL_BASELINE,HF9g-P5,,,,X 全窗基线 · 不参与实体赏罚,8390434,840,A168_HF9F_20260827_0900,2026-08-27 09:00:00
2026-07-07,33975849,1210,0,61.3170911172,-61.3170911172,-61.3170911172,0E-7,3,3,0.50218230000000000,0.502182300000,-1.7396270863184011,-1.7396270863184016,-1.7396270863184011,0E-17,ELIGIBLE,R03b_20260811_FULL_v1,L1_ELIGIBILITY,v2026-08-11,2026-03-21..2026-08-06,baccarat_bet02_101_all_pairs_incl_sentinel,round_win = game_pnl > 0 (decisive only),COMPATIBILITY_ONLY_NOT_PRODUCTION,640.9424,640.9424,481.1194,15,12,-0.75064373,-0.66324289,-1.00000000,-0.75064373,-481.1194,640.9424,THIN_EXPOSURE,0.0000,19.2448,4.0000,96.0000,AG03-UNRESOLVED,ALL5_LEVELS_bet23_to_bet27,19.2448,19.2448,19.2448,24.0560,24.0560,4.000000,4.000000,4.000000,5.000000,5.000000,96.000000,96.000000,96.000000,95.000000,95.000000,5.0,105.8463,96.9579,375.2731,384.1614,PENDING_AG03,FALSE,NOT_FOR_ENFORCEMENT,461.8746,615.3047,481.1194,461.8746,19.2448,0.75064373,0.72061798,19.2448,461.8746,0.72061798,19.2448,19.2448,19.2448,24.0560,24.0560,461.8746,0.72061798,105.8463,96.9579,375.2731,384.1614,0.58550211,0.59936968,0.03002575,42.7295,53.4119,40.0933,160.3731,96.2239,213.6475,4.0000,67.7992,20.7935,10.5031,20.439,67.8742,81.9605,140.2117,159.6288,20.439,-20.439,6.86,7.81,2.090583,5,4,2,3,0.74046328,0.75064373,0.66324289,0E-8,0.000000,1.000000,0.000000,0.33675711,2026-05-30,2026-07-14,3,5,5,46,0.065217,3.260594,1.586707,2.468211,,,,,,,,GLOBAL_BASELINE_NO_ENTITY_RANKING,,,NOT_APPLICABLE_GLOBAL_BASELINE,HF9g-P5,,,,X 全窗基线 · 不参与实体赏罚,8390435,840,A168_HF9F_20260827_0900,2026-08-27 09:00:00
2026-07-14,33975849,2220,0,474.5942852471,-314.7712872501,-314.7712872501,0.2000000,7,5,0.47957472031746032,0.407747020000,-1.25134069357288,-0.9453024420504853,-1.25134069357288,0.07182770031746032,ELIGIBLE,R03b_20260811_FULL_v1,L1_ELIGIBILITY,v2026-08-11,2026-03-21..2026-08-06,baccarat_bet02_101_all_pairs_incl_sentinel,round_win = game_pnl > 0 (decisive only),COMPATIBILITY_ONLY_NOT_PRODUCTION,640.9424,640.9424,481.1194,15,12,-0.75064373,-0.66324289,-1.00000000,-0.75064373,-481.1194,640.9424,THIN_EXPOSURE,0.0000,19.2448,4.0000,96.0000,AG03-UNRESOLVED,ALL5_LEVELS_bet23_to_bet27,19.2448,19.2448,19.2448,24.0560,24.0560,4.000000,4.000000,4.000000,5.000000,5.000000,96.000000,96.000000,96.000000,95.000000,95.000000,5.0,105.8463,96.9579,375.2731,384.1614,PENDING_AG03,FALSE,NOT_FOR_ENFORCEMENT,461.8746,615.3047,481.1194,461.8746,19.2448,0.75064373,0.72061798,19.2448,461.8746,0.72061798,19.2448,19.2448,19.2448,24.0560,24.0560,461.8746,0.72061798,105.8463,96.9579,375.2731,384.1614,0.58550211,0.59936968,0.03002575,42.7295,53.4119,40.0933,160.3731,96.2239,213.6475,4.0000,67.7992,20.7935,10.5031,20.439,67.8742,81.9605,140.2117,159.6288,20.439,-20.439,6.86,7.81,2.090583,5,4,2,3,0.74046328,0.75064373,0.66324289,0E-8,0.000000,1.000000,0.000000,0.33675711,2026-05-30,2026-07-14,3,5,5,46,0.065217,3.260594,1.586707,2.468211,,,,,,,,GLOBAL_BASELINE_NO_ENTITY_RANKING,,,NOT_APPLICABLE_GLOBAL_BASELINE,HF9g-P5,,,,X 全窗基线 · 不参与实体赏罚,8390436,840,A168_HF9F_20260827_0900,2026-08-27 09:00:00
2026-04-02,131605207,2251,0,26.4377143156,-26.4377143156,-26.4377143156,0E-7,3,1,0.41036487623737297,0.214214066667,-0.8342446263580429,-0.5221218497722453,-0.8342446263580429,0.19615080957037297,ELIGIBLE,R03b_20260811_FULL_v1,L1_ELIGIBILITY,v2026-08-11,2026-03-21..2026-08-06,baccarat_bet02_101_all_pairs_incl_sentinel,round_win = game_pnl > 0 (decisive only),COMPATIBILITY_ONLY_NOT_PRODUCTION,6247.5427,5299.8513,481.1200,163,71,-0.07700948,,-0.07700948,-0.07700948,-481.1200,6247.5427,OK,0.0000,19.2448,4.0000,96.0000,AG03-UNRESOLVED,ALL5_LEVELS_bet23_to_bet27,19.2448,19.2448,19.2448,24.0560,24.0560,4.000000,4.000000,4.000000,5.000000,5.000000,96.000000,96.000000,96.000000,95.000000,95.000000,5.0,105.8464,96.9581,375.2736,384.1619,PENDING_AG03,FALSE,NOT_FOR_ENFORCEMENT,461.8752,5087.8573,481.1200,461.8752,19.2448,0.07700948,0.07392910,19.2448,461.8752,0.07392910,19.2448,19.2448,19.2448,24.0560,24.0560,461.8752,0.07392910,105.8464,96.9581,375.2736,384.1619,0.06006739,0.06149009,0.00308038,38.3285,74.6458,6.7763,26.7289,15.5200,347.0857,3.9444,,38.3285,2.6176,7.7837,35.9171,105.8032,175.7146,430.4778,5.2352,-2.6176,22.574638,55.304918,4.924188,17,25,15,6,0E-8,0.07700948,,0E-8,0.000000,0.848310,0.000000,,2026-04-02,2026-07-06,18,31,31,96,0.187500,,,0.000000,,,,,,,,GLOBAL_BASELINE_NO_ENTITY_RANKING,,,NOT_APPLICABLE_GLOBAL_BASELINE,HF9g-P5,,,,X 全窗基线 · 不参与实体赏罚,8390437,840,A168_HF9F_20260827_0900,2026-08-27 09:00:00
2026-04-02,131605207,994,0,104.7038190718,-104.7038190718,-104.7038190718,0E-7,1,1,0.50665070000000000,0.506650700000,-1.013391052207602,-1.013391052207602,-1.013391052207602,0E-17,ELIGIBLE,R03b_20260811_FULL_v1,L1_ELIGIBILITY,v2026-08-11,2026-03-21..2026-08-06,baccarat_bet02_101_all_pairs_incl_sentinel,round_win = game_pnl > 0 (decisive only),COMPATIBILITY_ONLY_NOT_PRODUCTION,6247.5427,5299.8513,481.1200,163,71,-0.07700948,,-0.07700948,-0.07700948,-481.1200,6247.5427,OK,0.0000,19.2448,4.0000,96.0000,AG03-UNRESOLVED,ALL5_LEVELS_bet23_to_bet27,19.2448,19.2448,19.2448,24.0560,24.0560,4.000000,4.000000,4.000000,5.000000,5.000000,96.000000,96.000000,96.000000,95.000000,95.000000,5.0,105.8464,96.9581,375.2736,384.1619,PENDING_AG03,FALSE,NOT_FOR_ENFORCEMENT,461.8752,5087.8573,481.1200,461.8752,19.2448,0.07700948,0.07392910,19.2448,461.8752,0.07392910,19.2448,19.2448,19.2448,24.0560,24.0560,461.8752,0.07392910,105.8464,96.9581,375.2736,384.1619,0.06006739,0.06149009,0.00308038,38.3285,74.6458,6.7763,26.7289,15.5200,347.0857,3.9444,,38.3285,2.6176,7.7837,35.9171,105.8032,175.7146,430.4778,5.2352,-2.6176,22.574638,55.304918,4.924188,17,25,15,6,0E-8,0.07700948,,0E-8,0.000000,0.848310,0.000000,,2026-04-02,2026-07-06,18,31,31,96,0.187500,,,0.000000,,,,,,,,GLOBAL_BASELINE_NO_ENTITY_RANKING,,,NOT_APPLICABLE_GLOBAL_BASELINE,HF9g-P5,,,,X 全窗基线 · 不参与实体赏罚,8390438,840,A168_HF9F_20260827_0900,2026-08-27 09:00:00
2026-04-08,131605207,1704,0,52.3519095359,39.5256916996,39.5256916996,1.0000000,2,1,0.46345666999991749,0.290680550000,1.0759642253514612,1.5621148022658344,1.0759642253514612,0.17277611999991749,ELIGIBLE,R03b_20260811_FULL_v1,L1_ELIGIBILITY,v2026-08-11,2026-03-21..2026-08-06,baccarat_bet02_101_all_pairs_incl_sentinel,round_win = game_pnl > 0 (decisive only),COMPATIBILITY_ONLY_NOT_PRODUCTION,6247.5427,5299.8513,481.1200,163,71,-0.07700948,,-0.07700948,-0.07700948,-481.1200,6247.5427,OK,0.0000,19.2448,4.0000,96.0000,AG03-UNRESOLVED,ALL5_LEVELS_bet23_to_bet27,19.2448,19.2448,19.2448,24.0560,24.0560,4.000000,4.000000,4.000000,5.000000,5.000000,96.000000,96.000000,96.000000,95.000000,95.000000,5.0,105.8464,96.9581,375.2736,384.1619,PENDING_AG03,FALSE,NOT_FOR_ENFORCEMENT,461.8752,5087.8573,481.1200,461.8752,19.2448,0.07700948,0.07392910,19.2448,461.8752,0.07392910,19.2448,19.2448,19.2448,24.0560,24.0560,461.8752,0.07392910,105.8464,96.9581,375.2736,384.1619,0.06006739,0.06149009,0.00308038,38.3285,74.6458,6.7763,26.7289,15.5200,347.0857,3.9444,,38.3285,2.6176,7.7837,35.9171,105.8032,175.7146,430.4778,5.2352,-2.6176,22.574638,55.304918,4.924188,17,25,15,6,0E-8,0.07700948,,0E-8,0.000000,0.848310,0.000000,,2026-04-02,2026-07-06,18,31,31,96,0.187500,,,0.000000,,,,,,,,GLOBAL_BASELINE_NO_ENTITY_RANKING,,,NOT_APPLICABLE_GLOBAL_BASELINE,HF9g-P5,,,,X 全窗基线 · 不参与实体赏罚,8390439,840,A168_HF9F_20260827_0900,2026-08-27 09:00:00
2026-04-09,131605207,1331,0,84.0248148051,0E-10,0E-10,,1,1,0.49324550000000000,0.493245500000,,,,0E-17,NO_DECISIVE_ROUND,R03b_20260811_FULL_v1,L1_ELIGIBILITY,v2026-08-11,2026-03-21..2026-08-06,baccarat_bet02_101_all_pairs_incl_sentinel,round_win = game_pnl > 0 (decisive only),COMPATIBILITY_ONLY_NOT_PRODUCTION,6247.5427,5299.8513,481.1200,163,71,-0.07700948,,-0.07700948,-0.07700948,-481.1200,6247.5427,OK,0.0000,19.2448,4.0000,96.0000,AG03-UNRESOLVED,ALL5_LEVELS_bet23_to_bet27,19.2448,19.2448,19.2448,24.0560,24.0560,4.000000,4.000000,4.000000,5.000000,5.000000,96.000000,96.000000,96.000000,95.000000,95.000000,5.0,105.8464,96.9581,375.2736,384.1619,PENDING_AG03,FALSE,NOT_FOR_ENFORCEMENT,461.8752,5087.8573,481.1200,461.8752,19.2448,0.07700948,0.07392910,19.2448,461.8752,0.07392910,19.2448,19.2448,19.2448,24.0560,24.0560,461.8752,0.07392910,105.8464,96.9581,375.2736,384.1619,0.06006739,0.06149009,0.00308038,38.3285,74.6458,6.7763,26.7289,15.5200,347.0857,3.9444,,38.3285,2.6176,7.7837,35.9171,105.8032,175.7146,430.4778,5.2352,-2.6176,22.574638,55.304918,4.924188,17,25,15,6,0E-8,0.07700948,,0E-8,0.000000,0.848310,0.000000,,2026-04-02,2026-07-06,18,31,31,96,0.187500,,,0.000000,,,,,,,,GLOBAL_BASELINE_NO_ENTITY_RANKING,,,NOT_APPLICABLE_GLOBAL_BASELINE,HF9g-P5,,,,X 全窗基线 · 不参与实体赏罚,8390440,840,A168_HF9F_20260827_0900,2026-08-27 09:00:00
2026-04-09,131605207,1994,0,162.2909195614,-47.1167185824,-47.1167185824,0.5000000,4,2,0.46677793437495240,0.365986000000,0.09417430292113062,0.3934445262155364,0.09417430292113062,0.10079193437495240,ELIGIBLE,R03b_20260811_FULL_v1,L1_ELIGIBILITY,v2026-08-11,2026-03-21..2026-08-06,baccarat_bet02_101_all_pairs_incl_sentinel,round_win = game_pnl > 0 (decisive only),COMPATIBILITY_ONLY_NOT_PRODUCTION,6247.5427,5299.8513,481.1200,163,71,-0.07700948,,-0.07700948,-0.07700948,-481.1200,6247.5427,OK,0.0000,19.2448,4.0000,96.0000,AG03-UNRESOLVED,ALL5_LEVELS_bet23_to_bet27,19.2448,19.2448,19.2448,24.0560,24.0560,4.000000,4.000000,4.000000,5.000000,5.000000,96.000000,96.000000,96.000000,95.000000,95.000000,5.0,105.8464,96.9581,375.2736,384.1619,PENDING_AG03,FALSE,NOT_FOR_ENFORCEMENT,461.8752,5087.8573,481.1200,461.8752,19.2448,0.07700948,0.07392910,19.2448,461.8752,0.07392910,19.2448,19.2448,19.2448,24.0560,24.0560,461.8752,0.07392910,105.8464,96.9581,375.2736,384.1619,0.06006739,0.06149009,0.00308038,38.3285,74.6458,6.7763,26.7289,15.5200,347.0857,3.9444,,38.3285,2.6176,7.7837,35.9171,105.8032,175.7146,430.4778,5.2352,-2.6176,22.574638,55.304918,4.924188,17,25,15,6,0E-8,0.07700948,,0E-8,0.000000,0.848310,0.000000,,2026-04-02,2026-07-06,18,31,31,96,0.187500,,,0.000000,,,,,,,,GLOBAL_BASELINE_NO_ENTITY_RANKING,,,NOT_APPLICABLE_GLOBAL_BASELINE,HF9g-P5,,,,X 全窗基线 · 不参与实体赏罚,8390441,840,A168_HF9F_20260827_0900,2026-08-27 09:00:00
2026-04-09,131605207,2151,0,679.2660262284,-83.9855508730,-83.9855508730,0.6000000,9,5,0.47741413424627014,0.387888686667,0.5487808333345943,0.9733747484814935,0.5487808333345943,0.08952544757927014,ELIGIBLE,R03b_20260811_FULL_v1,L1_ELIGIBILITY,v2026-08-11,2026-03-21..2026-08-06,baccarat_bet02_101_all_pairs_incl_sentinel,round_win = game_pnl > 0 (decisive only),COMPATIBILITY_ONLY_NOT_PRODUCTION,6247.5427,5299.8513,481.1200,163,71,-0.07700948,,-0.07700948,-0.07700948,-481.1200,6247.5427,OK,0.0000,19.2448,4.0000,96.0000,AG03-UNRESOLVED,ALL5_LEVELS_bet23_to_bet27,19.2448,19.2448,19.2448,24.0560,24.0560,4.000000,4.000000,4.000000,5.000000,5.000000,96.000000,96.000000,96.000000,95.000000,95.000000,5.0,105.8464,96.9581,375.2736,384.1619,PENDING_AG03,FALSE,NOT_FOR_ENFORCEMENT,461.8752,5087.8573,481.1200,461.8752,19.2448,0.07700948,0.07392910,19.2448,461.8752,0.07392910,19.2448,19.2448,19.2448,24.0560,24.0560,461.8752,0.07392910,105.8464,96.9581,375.2736,384.1619,0.06006739,0.06149009,0.00308038,38.3285,74.6458,6.7763,26.7289,15.5200,347.0857,3.9444,,38.3285,2.6176,7.7837,35.9171,105.8032,175.7146,430.4778,5.2352,-2.6176,22.574638,55.304918,4.924188,17,25,15,6,0E-8,0.07700948,,0E-8,0.000000,0.848310,0.000000,,2026-04-02,2026-07-06,18,31,31,96,0.187500,,,0.000000,,,,,,,,GLOBAL_BASELINE_NO_ENTITY_RANKING,,,NOT_APPLICABLE_GLOBAL_BASELINE,HF9g-P5,,,,X 全窗基线 · 不参与实体赏罚,8390442,840,A168_HF9F_20260827_0900,2026-08-27 09:00:00
2026-04-14,131605207,595,0,131.1415333875,26.1759547679,26.1759547679,0.5000000,7,2,0.27122157654552671,0.132822208334,0.7277298506494787,1.5300371699298674,0.7277298506494787,0.13839936821152671,ELIGIBLE,R03b_20260811_FULL_v1,L1_ELIGIBILITY,v2026-08-11,2026-03-21..2026-08-06,baccarat_bet02_101_all_pairs_incl_sentinel,round_win = game_pnl > 0 (decisive only),COMPATIBILITY_ONLY_NOT_PRODUCTION,6247.5427,5299.8513,481.1200,163,71,-0.07700948,,-0.07700948,-0.07700948,-481.1200,6247.5427,OK,0.0000,19.2448,4.0000,96.0000,AG03-UNRESOLVED,ALL5_LEVELS_bet23_to_bet27,19.2448,19.2448,19.2448,24.0560,24.0560,4.000000,4.000000,4.000000,5.000000,5.000000,96.000000,96.000000,96.000000,95.000000,95.000000,5.0,105.8464,96.9581,375.2736,384.1619,PENDING_AG03,FALSE,NOT_FOR_ENFORCEMENT,461.8752,5087.8573,481.1200,461.8752,19.2448,0.07700948,0.07392910,19.2448,461.8752,0.07392910,19.2448,19.2448,19.2448,24.0560,24.0560,461.8752,0.07392910,105.8464,96.9581,375.2736,384.1619,0.06006739,0.06149009,0.00308038,38.3285,74.6458,6.7763,26.7289,15.5200,347.0857,3.9444,,38.3285,2.6176,7.7837,35.9171,105.8032,175.7146,430.4778,5.2352,-2.6176,22.574638,55.304918,4.924188,17,25,15,6,0E-8,0.07700948,,0E-8,0.000000,0.848310,0.000000,,2026-04-02,2026-07-06,18,31,31,96,0.187500,,,0.000000,,,,,,,,GLOBAL_BASELINE_NO_ENTITY_RANKING,,,NOT_APPLICABLE_GLOBAL_BASELINE,HF9g-P5,,,,X 全窗基线 · 不参与实体赏罚,8390443,840,A168_HF9F_20260827_0900,2026-08-27 09:00:00
2026-04-15,131605207,2254,0,52.3519095360,24.6053974819,24.6053974819,1.0000000,8,3,0.39416958558201058,0.240447627778,2.1473093154848213,3.0784297061144748,2.1473093154848213,0.15372195780401058,ELIGIBLE,R03b_20260811_FULL_v1,L1_ELIGIBILITY,v2026-08-11,2026-03-21..2026-08-06,baccarat_bet02_101_all_pairs_incl_sentinel,round_win = game_pnl > 0 (decisive only),COMPATIBILITY_ONLY_NOT_PRODUCTION,6247.5427,5299.8513,481.1200,163,71,-0.07700948,,-0.07700948,-0.07700948,-481.1200,6247.5427,OK,0.0000,19.2448,4.0000,96.0000,AG03-UNRESOLVED,ALL5_LEVELS_bet23_to_bet27,19.2448,19.2448,19.2448,24.0560,24.0560,4.000000,4.000000,4.000000,5.000000,5.000000,96.000000,96.000000,96.000000,95.000000,95.000000,5.0,105.8464,96.9581,375.2736,384.1619,PENDING_AG03,FALSE,NOT_FOR_ENFORCEMENT,461.8752,5087.8573,481.1200,461.8752,19.2448,0.07700948,0.07392910,19.2448,461.8752,0.07392910,19.2448,19.2448,19.2448,24.0560,24.0560,461.8752,0.07392910,105.8464,96.9581,375.2736,384.1619,0.06006739,0.06149009,0.00308038,38.3285,74.6458,6.7763,26.7289,15.5200,347.0857,3.9444,,38.3285,2.6176,7.7837,35.9171,105.8032,175.7146,430.4778,5.2352,-2.6176,22.574638,55.304918,4.924188,17,25,15,6,0E-8,0.07700948,,0E-8,0.000000,0.848310,0.000000,,2026-04-02,2026-07-06,18,31,31,96,0.187500,,,0.000000,,,,,,,,GLOBAL_BASELINE_NO_ENTITY_RANKING,,,NOT_APPLICABLE_GLOBAL_BASELINE,HF9g-P5,,,,X 全窗基线 · 不参与实体赏罚,8390444,840,A168_HF9F_20260827_0900,2026-08-27 09:00:00
2026-04-18,131605207,1400,0,179.8288092559,-97.6493992619,-97.6493992619,0.5000000,14,4,0.39514372579943580,0.211741400000,0.4289639320307843,1.4111559776157978,0.4289639320307843,0.18340232579943580,ELIGIBLE,R03b_20260811_FULL_v1,L1_ELIGIBILITY,v2026-08-11,2026-03-21..2026-08-06,baccarat_bet02_101_all_pairs_incl_sentinel,round_win = game_pnl > 0 (decisive only),COMPATIBILITY_ONLY_NOT_PRODUCTION,6247.5427,5299.8513,481.1200,163,71,-0.07700948,,-0.07700948,-0.07700948,-481.1200,6247.5427,OK,0.0000,19.2448,4.0000,96.0000,AG03-UNRESOLVED,ALL5_LEVELS_bet23_to_bet27,19.2448,19.2448,19.2448,24.0560,24.0560,4.000000,4.000000,4.000000,5.000000,5.000000,96.000000,96.000000,96.000000,95.000000,95.000000,5.0,105.8464,96.9581,375.2736,384.1619,PENDING_AG03,FALSE,NOT_FOR_ENFORCEMENT,461.8752,5087.8573,481.1200,461.8752,19.2448,0.07700948,0.07392910,19.2448,461.8752,0.07392910,19.2448,19.2448,19.2448,24.0560,24.0560,461.8752,0.07392910,105.8464,96.9581,375.2736,384.1619,0.06006739,0.06149009,0.00308038,38.3285,74.6458,6.7763,26.7289,15.5200,347.0857,3.9444,,38.3285,2.6176,7.7837,35.9171,105.8032,175.7146,430.4778,5.2352,-2.6176,22.574638,55.304918,4.924188,17,25,15,6,0E-8,0.07700948,,0E-8,0.000000,0.848310,0.000000,,2026-04-02,2026-07-06,18,31,31,96,0.187500,,,0.000000,,,,,,,,GLOBAL_BASELINE_NO_ENTITY_RANKING,,,NOT_APPLICABLE_GLOBAL_BASELINE,HF9g-P5,,,,X 全窗基线 · 不参与实体赏罚,8390445,840,A168_HF9F_20260827_0900,2026-08-27 09:00:00
2026-04-26,131605207,1157,0,39.2639321519,39.2639321519,39.2639321519,1.0000000,1,1,0.49324550000000000,0.493245500000,1.01360149184955,1.01360149184955,1.01360149184955,0E-17,ELIGIBLE,R03b_20260811_FULL_v1,L1_ELIGIBILITY,v2026-08-11,2026-03-21..2026-08-06,baccarat_bet02_101_all_pairs_incl_sentinel,round_win = game_pnl > 0 (decisive only),COMPATIBILITY_ONLY_NOT_PRODUCTION,6247.5427,5299.8513,481.1200,163,71,-0.07700948,,-0.07700948,-0.07700948,-481.1200,6247.5427,OK,0.0000,19.2448,4.0000,96.0000,AG03-UNRESOLVED,ALL5_LEVELS_bet23_to_bet27,19.2448,19.2448,19.2448,24.0560,24.0560,4.000000,4.000000,4.000000,5.000000,5.000000,96.000000,96.000000,96.000000,95.000000,95.000000,5.0,105.8464,96.9581,375.2736,384.1619,PENDING_AG03,FALSE,NOT_FOR_ENFORCEMENT,461.8752,5087.8573,481.1200,461.8752,19.2448,0.07700948,0.07392910,19.2448,461.8752,0.07392910,19.2448,19.2448,19.2448,24.0560,24.0560,461.8752,0.07392910,105.8464,96.9581,375.2736,384.1619,0.06006739,0.06149009,0.00308038,38.3285,74.6458,6.7763,26.7289,15.5200,347.0857,3.9444,,38.3285,2.6176,7.7837,35.9171,105.8032,175.7146,430.4778,5.2352,-2.6176,22.574638,55.304918,4.924188,17,25,15,6,0E-8,0.07700948,,0E-8,0.000000,0.848310,0.000000,,2026-04-02,2026-07-06,18,31,31,96,0.187500,,,0.000000,,,,,,,,GLOBAL_BASELINE_NO_ENTITY_RANKING,,,NOT_APPLICABLE_GLOBAL_BASELINE,HF9g-P5,,,,X 全窗基线 · 不参与实体赏罚,8390446,840,A168_HF9F_20260827_0900,2026-08-27 09:00:00
2026-04-26,131605207,2233,0,22.2495615528,7.2114755386,7.2114755386,1.0000000,2,2,0.50665070000000000,0.506650700000,0.9867858985152569,0.9867858985152569,0.9867858985152569,0E-17,ELIGIBLE,R03b_20260811_FULL_v1,L1_ELIGIBILITY,v2026-08-11,2026-03-21..2026-08-06,baccarat_bet02_101_all_pairs_incl_sentinel,round_win = game_pnl > 0 (decisive only),COMPATIBILITY_ONLY_NOT_PRODUCTION,6247.5427,5299.8513,481.1200,163,71,-0.07700948,,-0.07700948,-0.07700948,-481.1200,6247.5427,OK,0.0000,19.2448,4.0000,96.0000,AG03-UNRESOLVED,ALL5_LEVELS_bet23_to_bet27,19.2448,19.2448,19.2448,24.0560,24.0560,4.000000,4.000000,4.000000,5.000000,5.000000,96.000000,96.000000,96.000000,95.000000,95.000000,5.0,105.8464,96.9581,375.2736,384.1619,PENDING_AG03,FALSE,NOT_FOR_ENFORCEMENT,461.8752,5087.8573,481.1200,461.8752,19.2448,0.07700948,0.07392910,19.2448,461.8752,0.07392910,19.2448,19.2448,19.2448,24.0560,24.0560,461.8752,0.07392910,105.8464,96.9581,375.2736,384.1619,0.06006739,0.06149009,0.00308038,38.3285,74.6458,6.7763,26.7289,15.5200,347.0857,3.9444,,38.3285,2.6176,7.7837,35.9171,105.8032,175.7146,430.4778,5.2352,-2.6176,22.574638,55.304918,4.924188,17,25,15,6,0E-8,0.07700948,,0E-8,0.000000,0.848310,0.000000,,2026-04-02,2026-07-06,18,31,31,96,0.187500,,,0.000000,,,,,,,,GLOBAL_BASELINE_NO_ENTITY_RANKING,,,NOT_APPLICABLE_GLOBAL_BASELINE,HF9g-P5,,,,X 全窗基线 · 不参与实体赏罚,8390447,840,A168_HF9F_20260827_0900,2026-08-27 09:00:00
2026-04-28,131605207,-1,1,176.4259351360,-93.4481585216,-93.4481585216,0E-7,5,2,0.46287420342048161,0.252447308334,-1.312829966399395,-0.8218252211805903,-1.312829966399395,0.21042689508648161,SENTINEL_DEALER,R03b_20260811_FULL_v1,L1_ELIGIBILITY,v2026-08-11,2026-03-21..2026-08-06,baccarat_bet02_101_all_pairs_incl_sentinel,round_win = game_pnl > 0 (decisive only),COMPATIBILITY_ONLY_NOT_PRODUCTION,6247.5427,5299.8513,481.1200,163,71,-0.07700948,,-0.07700948,-0.07700948,-481.1200,6247.5427,OK,0.0000,19.2448,4.0000,96.0000,AG03-UNRESOLVED,ALL5_LEVELS_bet23_to_bet27,19.2448,19.2448,19.2448,24.0560,24.0560,4.000000,4.000000,4.000000,5.000000,5.000000,96.000000,96.000000,96.000000,95.000000,95.000000,5.0,105.8464,96.9581,375.2736,384.1619,PENDING_AG03,FALSE,NOT_FOR_ENFORCEMENT,461.8752,5087.8573,481.1200,461.8752,19.2448,0.07700948,0.07392910,19.2448,461.8752,0.07392910,19.2448,19.2448,19.2448,24.0560,24.0560,461.8752,0.07392910,105.8464,96.9581,375.2736,384.1619,0.06006739,0.06149009,0.00308038,38.3285,74.6458,6.7763,26.7289,15.5200,347.0857,3.9444,,38.3285,2.6176,7.7837,35.9171,105.8032,175.7146,430.4778,5.2352,-2.6176,22.574638,55.304918,4.924188,17,25,15,6,0E-8,0.07700948,,0E-8,0.000000,0.848310,0.000000,,2026-04-02,2026-07-06,18,31,31,96,0.187500,,,0.000000,,,,,,,,GLOBAL_BASELINE_NO_ENTITY_RANKING,,,NOT_APPLICABLE_GLOBAL_BASELINE,HF9g-P5,,,,X 全窗基线 · 不参与实体赏罚,8390448,840,A168_HF9F_20260827_0900,2026-08-27 09:00:00
2026-04-29,131605207,-1,1,354.4224275582,79.4440227206,79.4440227206,0.6000000,15,5,0.45235971133978426,0.264959740000,0.6632850876030519,1.6976043959044165,0.6632850876030519,0.18739997133978426,SENTINEL_DEALER,R03b_20260811_FULL_v1,L1_ELIGIBILITY,v2026-08-11,2026-03-21..2026-08-06,baccarat_bet02_101_all_pairs_incl_sentinel,round_win = game_pnl > 0 (decisive only),COMPATIBILITY_ONLY_NOT_PRODUCTION,6247.5427,5299.8513,481.1200,163,71,-0.07700948,,-0.07700948,-0.07700948,-481.1200,6247.5427,OK,0.0000,19.2448,4.0000,96.0000,AG03-UNRESOLVED,ALL5_LEVELS_bet23_to_bet27,19.2448,19.2448,19.2448,24.0560,24.0560,4.000000,4.000000,4.000000,5.000000,5.000000,96.000000,96.000000,96.000000,95.000000,95.000000,5.0,105.8464,96.9581,375.2736,384.1619,PENDING_AG03,FALSE,NOT_FOR_ENFORCEMENT,461.8752,5087.8573,481.1200,461.8752,19.2448,0.07700948,0.07392910,19.2448,461.8752,0.07392910,19.2448,19.2448,19.2448,24.0560,24.0560,461.8752,0.07392910,105.8464,96.9581,375.2736,384.1619,0.06006739,0.06149009,0.00308038,38.3285,74.6458,6.7763,26.7289,15.5200,347.0857,3.9444,,38.3285,2.6176,7.7837,35.9171,105.8032,175.7146,430.4778,5.2352,-2.6176,22.574638,55.304918,4.924188,17,25,15,6,0E-8,0.07700948,,0E-8,0.000000,0.848310,0.000000,,2026-04-02,2026-07-06,18,31,31,96,0.187500,,,0.000000,,,,,,,,GLOBAL_BASELINE_NO_ENTITY_RANKING,,,NOT_APPLICABLE_GLOBAL_BASELINE,HF9g-P5,,,,X 全窗基线 · 不参与实体赏罚,8390449,840,A168_HF9F_20260827_0900,2026-08-27 09:00:00
2026-04-29,131605207,1374,0,157.5792477031,-131.4032929351,-131.4032929351,0E-7,6,3,0.47169850242785660,0.288434300000,-1.6366354548879793,-1.1027487570066756,-1.6366354548879793,0.18326420242785660,ELIGIBLE,R03b_20260811_FULL_v1,L1_ELIGIBILITY,v2026-08-11,2026-03-21..2026-08-06,baccarat_bet02_101_all_pairs_incl_sentinel,round_win = game_pnl > 0 (decisive only),COMPATIBILITY_ONLY_NOT_PRODUCTION,6247.5427,5299.8513,481.1200,163,71,-0.07700948,,-0.07700948,-0.07700948,-481.1200,6247.5427,OK,0.0000,19.2448,4.0000,96.0000,AG03-UNRESOLVED,ALL5_LEVELS_bet23_to_bet27,19.2448,19.2448,19.2448,24.0560,24.0560,4.000000,4.000000,4.000000,5.000000,5.000000,96.000000,96.000000,96.000000,95.000000,95.000000,5.0,105.8464,96.9581,375.2736,384.1619,PENDING_AG03,FALSE,NOT_FOR_ENFORCEMENT,461.8752,5087.8573,481.1200,461.8752,19.2448,0.07700948,0.07392910,19.2448,461.8752,0.07392910,19.2448,19.2448,19.2448,24.0560,24.0560,461.8752,0.07392910,105.8464,96.9581,375.2736,384.1619,0.06006739,0.06149009,0.00308038,38.3285,74.6458,6.7763,26.7289,15.5200,347.0857,3.9444,,38.3285,2.6176,7.7837,35.9171,105.8032,175.7146,430.4778,5.2352,-2.6176,22.574638,55.304918,4.924188,17,25,15,6,0E-8,0.07700948,,0E-8,0.000000,0.848310,0.000000,,2026-04-02,2026-07-06,18,31,31,96,0.187500,,,0.000000,,,,,,,,GLOBAL_BASELINE_NO_ENTITY_RANKING,,,NOT_APPLICABLE_GLOBAL_BASELINE,HF9g-P5,,,,X 全窗基线 · 不参与实体赏罚,8390450,840,A168_HF9F_20260827_0900,2026-08-27 09:00:00
2026-04-30,131605207,1017,0,115.1742009792,41.8815276288,41.8815276288,0.7500000,12,4,0.30818987384615385,0.177663391667,1.9136522545334378,2.994730423846167,1.9136522545334378,0.13052648217915385,ELIGIBLE,R03b_20260811_FULL_v1,L1_ELIGIBILITY,v2026-08-11,2026-03-21..2026-08-06,baccarat_bet02_101_all_pairs_incl_sentinel,round_win = game_pnl > 0 (decisive only),COMPATIBILITY_ONLY_NOT_PRODUCTION,6247.5427,5299.8513,481.1200,163,71,-0.07700948,,-0.07700948,-0.07700948,-481.1200,6247.5427,OK,0.0000,19.2448,4.0000,96.0000,AG03-UNRESOLVED,ALL5_LEVELS_bet23_to_bet27,19.2448,19.2448,19.2448,24.0560,24.0560,4.000000,4.000000,4.000000,5.000000,5.000000,96.000000,96.000000,96.000000,95.000000,95.000000,5.0,105.8464,96.9581,375.2736,384.1619,PENDING_AG03,FALSE,NOT_FOR_ENFORCEMENT,461.8752,5087.8573,481.1200,461.8752,19.2448,0.07700948,0.07392910,19.2448,461.8752,0.07392910,19.2448,19.2448,19.2448,24.0560,24.0560,461.8752,0.07392910,105.8464,96.9581,375.2736,384.1619,0.06006739,0.06149009,0.00308038,38.3285,74.6458,6.7763,26.7289,15.5200,347.0857,3.9444,,38.3285,2.6176,7.7837,35.9171,105.8032,175.7146,430.4778,5.2352,-2.6176,22.574638,55.304918,4.924188,17,25,15,6,0E-8,0.07700948,,0E-8,0.000000,0.848310,0.000000,,2026-04-02,2026-07-06,18,31,31,96,0.187500,,,0.000000,,,,,,,,GLOBAL_BASELINE_NO_ENTITY_RANKING,,,NOT_APPLICABLE_GLOBAL_BASELINE,HF9g-P5,,,,X 全窗基线 · 不参与实体赏罚,8390451,840,A168_HF9F_20260827_0900,2026-08-27 09:00:00
2026-04-30,131605207,1401,0,52.3519095359,41.8815276287,41.8815276287,1.0000000,5,1,0.38681136499979669,0.151215980000,1.2590629248343088,2.3691892482523884,1.2590629248343088,0.23559538499979669,ELIGIBLE,R03b_20260811_FULL_v1,L1_ELIGIBILITY,v2026-08-11,2026-03-21..2026-08-06,baccarat_bet02_101_all_pairs_incl_sentinel,round_win = game_pnl > 0 (decisive only),COMPATIBILITY_ONLY_NOT_PRODUCTION,6247.5427,5299.8513,481.1200,163,71,-0.07700948,,-0.07700948,-0.07700948,-481.1200,6247.5427,OK,0.0000,19.2448,4.0000,96.0000,AG03-UNRESOLVED,ALL5_LEVELS_bet23_to_bet27,19.2448,19.2448,19.2448,24.0560,24.0560,4.000000,4.000000,4.000000,5.000000,5.000000,96.000000,96.000000,96.000000,95.000000,95.000000,5.0,105.8464,96.9581,375.2736,384.1619,PENDING_AG03,FALSE,NOT_FOR_ENFORCEMENT,461.8752,5087.8573,481.1200,461.8752,19.2448,0.07700948,0.07392910,19.2448,461.8752,0.07392910,19.2448,19.2448,19.2448,24.0560,24.0560,461.8752,0.07392910,105.8464,96.9581,375.2736,384.1619,0.06006739,0.06149009,0.00308038,38.3285,74.6458,6.7763,26.7289,15.5200,347.0857,3.9444,,38.3285,2.6176,7.7837,35.9171,105.8032,175.7146,430.4778,5.2352,-2.6176,22.574638,55.304918,4.924188,17,25,15,6,0E-8,0.07700948,,0E-8,0.000000,0.848310,0.000000,,2026-04-02,2026-07-06,18,31,31,96,0.187500,,,0.000000,,,,,,,,GLOBAL_BASELINE_NO_ENTITY_RANKING,,,NOT_APPLICABLE_GLOBAL_BASELINE,HF9g-P5,,,,X 全窗基线 · 不参与实体赏罚,8390452,840,A168_HF9F_20260827_0900,2026-08-27 09:00:00
2026-04-30,131605207,2155,0,83.7630552575,-31.4111457215,-31.4111457215,0.5000000,4,2,0.46506917083333334,0.360432383334,0.09904129334036606,0.41109720623564605,0.09904129334036606,0.10463678749933334,ELIGIBLE,R03b_20260811_FULL_v1,L1_ELIGIBILITY,v2026-08-11,2026-03-21..2026-08-06,baccarat_bet02_101_all_pairs_incl_sentinel,round_win = game_pnl > 0 (decisive only),COMPATIBILITY_ONLY_NOT_PRODUCTION,6247.5427,5299.8513,481.1200,163,71,-0.07700948,,-0.07700948,-0.07700948,-481.1200,6247.5427,OK,0.0000,19.2448,4.0000,96.0000,AG03-UNRESOLVED,ALL5_LEVELS_bet23_to_bet27,19.2448,19.2448,19.2448,24.0560,24.0560,4.000000,4.000000,4.000000,5.000000,5.000000,96.000000,96.000000,96.000000,95.000000,95.000000,5.0,105.8464,96.9581,375.2736,384.1619,PENDING_AG03,FALSE,NOT_FOR_ENFORCEMENT,461.8752,5087.8573,481.1200,461.8752,19.2448,0.07700948,0.07392910,19.2448,461.8752,0.07392910,19.2448,19.2448,19.2448,24.0560,24.0560,461.8752,0.07392910,105.8464,96.9581,375.2736,384.1619,0.06006739,0.06149009,0.00308038,38.3285,74.6458,6.7763,26.7289,15.5200,347.0857,3.9444,,38.3285,2.6176,7.7837,35.9171,105.8032,175.7146,430.4778,5.2352,-2.6176,22.574638,55.304918,4.924188,17,25,15,6,0E-8,0.07700948,,0E-8,0.000000,0.848310,0.000000,,2026-04-02,2026-07-06,18,31,31,96,0.187500,,,0.000000,,,,,,,,GLOBAL_BASELINE_NO_ENTITY_RANKING,,,NOT_APPLICABLE_GLOBAL_BASELINE,HF9g-P5,,,,X 全窗基线 · 不参与实体赏罚,8390453,840,A168_HF9F_20260827_0900,2026-08-27 09:00:00
2026-04-30,131605207,471,0,62.8222914432,72.6382744811,72.6382744811,1.0000000,7,3,0.43332296150793651,0.308714011111,1.980717705974905,2.5918587770641057,1.980717705974905,0.12460895039693651,ELIGIBLE,R03b_20260811_FULL_v1,L1_ELIGIBILITY,v2026-08-11,2026-03-21..2026-08-06,baccarat_bet02_101_all_pairs_incl_sentinel,round_win = game_pnl > 0 (decisive only),COMPATIBILITY_ONLY_NOT_PRODUCTION,6247.5427,5299.8513,481.1200,163,71,-0.07700948,,-0.07700948,-0.07700948,-481.1200,6247.5427,OK,0.0000,19.2448,4.0000,96.0000,AG03-UNRESOLVED,ALL5_LEVELS_bet23_to_bet27,19.2448,19.2448,19.2448,24.0560,24.0560,4.000000,4.000000,4.000000,5.000000,5.000000,96.000000,96.000000,96.000000,95.000000,95.000000,5.0,105.8464,96.9581,375.2736,384.1619,PENDING_AG03,FALSE,NOT_FOR_ENFORCEMENT,461.8752,5087.8573,481.1200,461.8752,19.2448,0.07700948,0.07392910,19.2448,461.8752,0.07392910,19.2448,19.2448,19.2448,24.0560,24.0560,461.8752,0.07392910,105.8464,96.9581,375.2736,384.1619,0.06006739,0.06149009,0.00308038,38.3285,74.6458,6.7763,26.7289,15.5200,347.0857,3.9444,,38.3285,2.6176,7.7837,35.9171,105.8032,175.7146,430.4778,5.2352,-2.6176,22.574638,55.304918,4.924188,17,25,15,6,0E-8,0.07700948,,0E-8,0.000000,0.848310,0.000000,,2026-04-02,2026-07-06,18,31,31,96,0.187500,,,0.000000,,,,,,,,GLOBAL_BASELINE_NO_ENTITY_RANKING,,,NOT_APPLICABLE_GLOBAL_BASELINE,HF9g-P5,,,,X 全窗基线 · 不参与实体赏罚,8390454,840,A168_HF9F_20260827_0900,2026-08-27 09:00:00
2026-04-30,131605207,986,0,157.0557286078,-106.0126168102,-106.0126168102,0.3333333,10,3,0.41798837585712579,0.194813972222,-0.2972798875849482,0.6057772248457204,-0.2972798875849482,0.22317440363512579,ELIGIBLE,R03b_20260811_FULL_v1,L1_ELIGIBILITY,v2026-08-11,2026-03-21..2026-08-06,baccarat_bet02_101_all_pairs_incl_sentinel,round_win = game_pnl > 0 (decisive only),COMPATIBILITY_ONLY_NOT_PRODUCTION,6247.5427,5299.8513,481.1200,163,71,-0.07700948,,-0.07700948,-0.07700948,-481.1200,6247.5427,OK,0.0000,19.2448,4.0000,96.0000,AG03-UNRESOLVED,ALL5_LEVELS_bet23_to_bet27,19.2448,19.2448,19.2448,24.0560,24.0560,4.000000,4.000000,4.000000,5.000000,5.000000,96.000000,96.000000,96.000000,95.000000,95.000000,5.0,105.8464,96.9581,375.2736,384.1619,PENDING_AG03,FALSE,NOT_FOR_ENFORCEMENT,461.8752,5087.8573,481.1200,461.8752,19.2448,0.07700948,0.07392910,19.2448,461.8752,0.07392910,19.2448,19.2448,19.2448,24.0560,24.0560,461.8752,0.07392910,105.8464,96.9581,375.2736,384.1619,0.06006739,0.06149009,0.00308038,38.3285,74.6458,6.7763,26.7289,15.5200,347.0857,3.9444,,38.3285,2.6176,7.7837,35.9171,105.8032,175.7146,430.4778,5.2352,-2.6176,22.574638,55.304918,4.924188,17,25,15,6,0E-8,0.07700948,,0E-8,0.000000,0.848310,0.000000,,2026-04-02,2026-07-06,18,31,31,96,0.187500,,,0.000000,,,,,,,,GLOBAL_BASELINE_NO_ENTITY_RANKING,,,NOT_APPLICABLE_GLOBAL_BASELINE,HF9g-P5,,,,X 全窗基线 · 不参与实体赏罚,8390455,840,A168_HF9F_20260827_0900,2026-08-27 09:00:00
2026-05-01,131605207,2252,0,261.2734160138,-169.1920502311,-169.1920502311,0.3333333,7,3,0.46456232153615284,0.266649222222,-0.4557366457409127,0.26119024619093284,-0.4557366457409127,0.19791309931415284,ELIGIBLE,R03b_20260811_FULL_v1,L1_ELIGIBILITY,v2026-08-11,2026-03-21..2026-08-06,baccarat_bet02_101_all_pairs_incl_sentinel,round_win = game_pnl > 0 (decisive only),COMPATIBILITY_ONLY_NOT_PRODUCTION,6247.5427,5299.8513,481.1200,163,71,-0.07700948,,-0.07700948,-0.07700948,-481.1200,6247.5427,OK,0.0000,19.2448,4.0000,96.0000,AG03-UNRESOLVED,ALL5_LEVELS_bet23_to_bet27,19.2448,19.2448,19.2448,24.0560,24.0560,4.000000,4.000000,4.000000,5.000000,5.000000,96.000000,96.000000,96.000000,95.000000,95.000000,5.0,105.8464,96.9581,375.2736,384.1619,PENDING_AG03,FALSE,NOT_FOR_ENFORCEMENT,461.8752,5087.8573,481.1200,461.8752,19.2448,0.07700948,0.07392910,19.2448,461.8752,0.07392910,19.2448,19.2448,19.2448,24.0560,24.0560,461.8752,0.07392910,105.8464,96.9581,375.2736,384.1619,0.06006739,0.06149009,0.00308038,38.3285,74.6458,6.7763,26.7289,15.5200,347.0857,3.9444,,38.3285,2.6176,7.7837,35.9171,105.8032,175.7146,430.4778,5.2352,-2.6176,22.574638,55.304918,4.924188,17,25,15,6,0E-8,0.07700948,,0E-8,0.000000,0.848310,0.000000,,2026-04-02,2026-07-06,18,31,31,96,0.187500,,,0.000000,,,,,,,,GLOBAL_BASELINE_NO_ENTITY_RANKING,,,NOT_APPLICABLE_GLOBAL_BASELINE,HF9g-P5,,,,X 全窗基线 · 不参与实体赏罚,8390456,840,A168_HF9F_20260827_0900,2026-08-27 09:00:00
2026-05-02,131605207,1210,0,67.9777904625,-67.9777904625,-67.9777904625,0E-7,5,2,0.46677718124942370,0.347156625000,-1.3231693832275777,-1.0312719989751231,-1.3231693832275777,0.11962055624942370,ELIGIBLE,R03b_20260811_FULL_v1,L1_ELIGIBILITY,v2026-08-11,2026-03-21..2026-08-06,baccarat_bet02_101_all_pairs_incl_sentinel,round_win = game_pnl > 0 (decisive only),COMPATIBILITY_ONLY_NOT_PRODUCTION,6247.5427,5299.8513,481.1200,163,71,-0.07700948,,-0.07700948,-0.07700948,-481.1200,6247.5427,OK,0.0000,19.2448,4.0000,96.0000,AG03-UNRESOLVED,ALL5_LEVELS_bet23_to_bet27,19.2448,19.2448,19.2448,24.0560,24.0560,4.000000,4.000000,4.000000,5.000000,5.000000,96.000000,96.000000,96.000000,95.000000,95.000000,5.0,105.8464,96.9581,375.2736,384.1619,PENDING_AG03,FALSE,NOT_FOR_ENFORCEMENT,461.8752,5087.8573,481.1200,461.8752,19.2448,0.07700948,0.07392910,19.2448,461.8752,0.07392910,19.2448,19.2448,19.2448,24.0560,24.0560,461.8752,0.07392910,105.8464,96.9581,375.2736,384.1619,0.06006739,0.06149009,0.00308038,38.3285,74.6458,6.7763,26.7289,15.5200,347.0857,3.9444,,38.3285,2.6176,7.7837,35.9171,105.8032,175.7146,430.4778,5.2352,-2.6176,22.574638,55.304918,4.924188,17,25,15,6,0E-8,0.07700948,,0E-8,0.000000,0.848310,0.000000,,2026-04-02,2026-07-06,18,31,31,96,0.187500,,,0.000000,,,,,,,,GLOBAL_BASELINE_NO_ENTITY_RANKING,,,NOT_APPLICABLE_GLOBAL_BASELINE,HF9g-P5,,,,X 全窗基线 · 不参与实体赏罚,8390457,840,A168_HF9F_20260827_0900,2026-08-27 09:00:00
2026-05-02,131605207,1401,0,23.3511493956,7.7837164651,7.7837164651,1.0000000,3,1,0.39402663333205864,0.195588900000,1.2401207646281542,2.0279952118227538,1.2401207646281542,0.19843773333205864,ELIGIBLE,R03b_20260811_FULL_v1,L1_ELIGIBILITY,v2026-08-11,2026-03-21..2026-08-06,baccarat_bet02_101_all_pairs_incl_sentinel,round_win = game_pnl > 0 (decisive only),COMPATIBILITY_ONLY_NOT_PRODUCTION,6247.5427,5299.8513,481.1200,163,71,-0.07700948,,-0.07700948,-0.07700948,-481.1200,6247.5427,OK,0.0000,19.2448,4.0000,96.0000,AG03-UNRESOLVED,ALL5_LEVELS_bet23_to_bet27,19.2448,19.2448,19.2448,24.0560,24.0560,4.000000,4.000000,4.000000,5.000000,5.000000,96.000000,96.000000,96.000000,95.000000,95.000000,5.0,105.8464,96.9581,375.2736,384.1619,PENDING_AG03,FALSE,NOT_FOR_ENFORCEMENT,461.8752,5087.8573,481.1200,461.8752,19.2448,0.07700948,0.07392910,19.2448,461.8752,0.07392910,19.2448,19.2448,19.2448,24.0560,24.0560,461.8752,0.07392910,105.8464,96.9581,375.2736,384.1619,0.06006739,0.06149009,0.00308038,38.3285,74.6458,6.7763,26.7289,15.5200,347.0857,3.9444,,38.3285,2.6176,7.7837,35.9171,105.8032,175.7146,430.4778,5.2352,-2.6176,22.574638,55.304918,4.924188,17,25,15,6,0E-8,0.07700948,,0E-8,0.000000,0.848310,0.000000,,2026-04-02,2026-07-06,18,31,31,96,0.187500,,,0.000000,,,,,,,,GLOBAL_BASELINE_NO_ENTITY_RANKING,,,NOT_APPLICABLE_GLOBAL_BASELINE,HF9g-P5,,,,X 全窗基线 · 不参与实体赏罚,8390458,840,A168_HF9F_20260827_0900,2026-08-27 09:00:00
2026-05-04,131605207,-1,1,25.9457215505,-25.9457215505,-25.9457215505,0E-7,1,1,0.50665070000000000,0.506650700000,-1.013391052207602,-1.013391052207602,-1.013391052207602,0E-17,SENTINEL_DEALER,R03b_20260811_FULL_v1,L1_ELIGIBILITY,v2026-08-11,2026-03-21..2026-08-06,baccarat_bet02_101_all_pairs_incl_sentinel,round_win = game_pnl > 0 (decisive only),COMPATIBILITY_ONLY_NOT_PRODUCTION,6247.5427,5299.8513,481.1200,163,71,-0.07700948,,-0.07700948,-0.07700948,-481.1200,6247.5427,OK,0.0000,19.2448,4.0000,96.0000,AG03-UNRESOLVED,ALL5_LEVELS_bet23_to_bet27,19.2448,19.2448,19.2448,24.0560,24.0560,4.000000,4.000000,4.000000,5.000000,5.000000,96.000000,96.000000,96.000000,95.000000,95.000000,5.0,105.8464,96.9581,375.2736,384.1619,PENDING_AG03,FALSE,NOT_FOR_ENFORCEMENT,461.8752,5087.8573,481.1200,461.8752,19.2448,0.07700948,0.07392910,19.2448,461.8752,0.07392910,19.2448,19.2448,19.2448,24.0560,24.0560,461.8752,0.07392910,105.8464,96.9581,375.2736,384.1619,0.06006739,0.06149009,0.00308038,38.3285,74.6458,6.7763,26.7289,15.5200,347.0857,3.9444,,38.3285,2.6176,7.7837,35.9171,105.8032,175.7146,430.4778,5.2352,-2.6176,22.574638,55.304918,4.924188,17,25,15,6,0E-8,0.07700948,,0E-8,0.000000,0.848310,0.000000,,2026-04-02,2026-07-06,18,31,31,96,0.187500,,,0.000000,,,,,,,,GLOBAL_BASELINE_NO_ENTITY_RANKING,,,NOT_APPLICABLE_GLOBAL_BASELINE,HF9g-P5,,,,X 全窗基线 · 不参与实体赏罚,8390459,840,A168_HF9F_20260827_0900,2026-08-27 09:00:00
2026-05-04,131605207,2235,0,605.5731409892,-260.1058585440,-260.1058585440,0.5000000,13,4,0.45661550336017246,0.221151066667,0.17419497009363438,1.3437789982430073,0.17419497009363438,0.23546443669317246,ELIGIBLE,R03b_20260811_FULL_v1,L1_ELIGIBILITY,v2026-08-11,2026-03-21..2026-08-06,baccarat_bet02_101_all_pairs_incl_sentinel,round_win = game_pnl > 0 (decisive only),COMPATIBILITY_ONLY_NOT_PRODUCTION,6247.5427,5299.8513,481.1200,163,71,-0.07700948,,-0.07700948,-0.07700948,-481.1200,6247.5427,OK,0.0000,19.2448,4.0000,96.0000,AG03-UNRESOLVED,ALL5_LEVELS_bet23_to_bet27,19.2448,19.2448,19.2448,24.0560,24.0560,4.000000,4.000000,4.000000,5.000000,5.000000,96.000000,96.000000,96.000000,95.000000,95.000000,5.0,105.8464,96.9581,375.2736,384.1619,PENDING_AG03,FALSE,NOT_FOR_ENFORCEMENT,461.8752,5087.8573,481.1200,461.8752,19.2448,0.07700948,0.07392910,19.2448,461.8752,0.07392910,19.2448,19.2448,19.2448,24.0560,24.0560,461.8752,0.07392910,105.8464,96.9581,375.2736,384.1619,0.06006739,0.06149009,0.00308038,38.3285,74.6458,6.7763,26.7289,15.5200,347.0857,3.9444,,38.3285,2.6176,7.7837,35.9171,105.8032,175.7146,430.4778,5.2352,-2.6176,22.574638,55.304918,4.924188,17,25,15,6,0E-8,0.07700948,,0E-8,0.000000,0.848310,0.000000,,2026-04-02,2026-07-06,18,31,31,96,0.187500,,,0.000000,,,,,,,,GLOBAL_BASELINE_NO_ENTITY_RANKING,,,NOT_APPLICABLE_GLOBAL_BASELINE,HF9g-P5,,,,X 全窗基线 · 不参与实体赏罚,8390460,840,A168_HF9F_20260827_0900,2026-08-27 09:00:00
2026-05-05,131605207,-1,1,189.4037673188,-127.1340355976,-127.1340355976,0.5000000,4,2,0.47282895952823670,0.290680550000,0.0769650331475958,0.6519220370232052,0.0769650331475958,0.18214840952823670,SENTINEL_DEALER,R03b_20260811_FULL_v1,L1_ELIGIBILITY,v2026-08-11,2026-03-21..2026-08-06,baccarat_bet02_101_all_pairs_incl_sentinel,round_win = game_pnl > 0 (decisive only),COMPATIBILITY_ONLY_NOT_PRODUCTION,6247.5427,5299.8513,481.1200,163,71,-0.07700948,,-0.07700948,-0.07700948,-481.1200,6247.5427,OK,0.0000,19.2448,4.0000,96.0000,AG03-UNRESOLVED,ALL5_LEVELS_bet23_to_bet27,19.2448,19.2448,19.2448,24.0560,24.0560,4.000000,4.000000,4.000000,5.000000,5.000000,96.000000,96.000000,96.000000,95.000000,95.000000,5.0,105.8464,96.9581,375.2736,384.1619,PENDING_AG03,FALSE,NOT_FOR_ENFORCEMENT,461.8752,5087.8573,481.1200,461.8752,19.2448,0.07700948,0.07392910,19.2448,461.8752,0.07392910,19.2448,19.2448,19.2448,24.0560,24.0560,461.8752,0.07392910,105.8464,96.9581,375.2736,384.1619,0.06006739,0.06149009,0.00308038,38.3285,74.6458,6.7763,26.7289,15.5200,347.0857,3.9444,,38.3285,2.6176,7.7837,35.9171,105.8032,175.7146,430.4778,5.2352,-2.6176,22.574638,55.304918,4.924188,17,25,15,6,0E-8,0.07700948,,0E-8,0.000000,0.848310,0.000000,,2026-04-02,2026-07-06,18,31,31,96,0.187500,,,0.000000,,,,,,,,GLOBAL_BASELINE_NO_ENTITY_RANKING,,,NOT_APPLICABLE_GLOBAL_BASELINE,HF9g-P5,,,,X 全窗基线 · 不参与实体赏罚,8390461,840,A168_HF9F_20260827_0900,2026-08-27 09:00:00
2026-05-08,131605207,583,0,26.2051787661,-26.2051787661,-26.2051787661,0E-7,2,1,0.45180399504885657,0.283965900000,-0.907835372282734,-0.6297471965178028,-0.907835372282734,0.16783809504885657,ELIGIBLE,R03b_20260811_FULL_v1,L1_ELIGIBILITY,v2026-08-11,2026-03-21..2026-08-06,baccarat_bet02_101_all_pairs_incl_sentinel,round_win = game_pnl > 0 (decisive only),COMPATIBILITY_ONLY_NOT_PRODUCTION,6247.5427,5299.8513,481.1200,163,71,-0.07700948,,-0.07700948,-0.07700948,-481.1200,6247.5427,OK,0.0000,19.2448,4.0000,96.0000,AG03-UNRESOLVED,ALL5_LEVELS_bet23_to_bet27,19.2448,19.2448,19.2448,24.0560,24.0560,4.000000,4.000000,4.000000,5.000000,5.000000,96.000000,96.000000,96.000000,95.000000,95.000000,5.0,105.8464,96.9581,375.2736,384.1619,PENDING_AG03,FALSE,NOT_FOR_ENFORCEMENT,461.8752,5087.8573,481.1200,461.8752,19.2448,0.07700948,0.07392910,19.2448,461.8752,0.07392910,19.2448,19.2448,19.2448,24.0560,24.0560,461.8752,0.07392910,105.8464,96.9581,375.2736,384.1619,0.06006739,0.06149009,0.00308038,38.3285,74.6458,6.7763,26.7289,15.5200,347.0857,3.9444,,38.3285,2.6176,7.7837,35.9171,105.8032,175.7146,430.4778,5.2352,-2.6176,22.574638,55.304918,4.924188,17,25,15,6,0E-8,0.07700948,,0E-8,0.000000,0.848310,0.000000,,2026-04-02,2026-07-06,18,31,31,96,0.187500,,,0.000000,,,,,,,,GLOBAL_BASELINE_NO_ENTITY_RANKING,,,NOT_APPLICABLE_GLOBAL_BASELINE,HF9g-P5,,,,X 全窗基线 · 不参与实体赏罚,8390462,840,A168_HF9F_20260827_0900,2026-08-27 09:00:00
2026-06-03,131605207,1017,0,336.8735052845,320.0298300203,320.0298300203,1.0000000,1,1,0.50665070000000000,0.506650700000,0.9867858985152569,0.9867858985152569,0.9867858985152569,0E-17,ELIGIBLE,R03b_20260811_FULL_v1,L1_ELIGIBILITY,v2026-08-11,2026-03-21..2026-08-06,baccarat_bet02_101_all_pairs_incl_sentinel,round_win = game_pnl > 0 (decisive only),COMPATIBILITY_ONLY_NOT_PRODUCTION,6247.5427,5299.8513,481.1200,163,71,-0.07700948,,-0.07700948,-0.07700948,-481.1200,6247.5427,OK,0.0000,19.2448,4.0000,96.0000,AG03-UNRESOLVED,ALL5_LEVELS_bet23_to_bet27,19.2448,19.2448,19.2448,24.0560,24.0560,4.000000,4.000000,4.000000,5.000000,5.000000,96.000000,96.000000,96.000000,95.000000,95.000000,5.0,105.8464,96.9581,375.2736,384.1619,PENDING_AG03,FALSE,NOT_FOR_ENFORCEMENT,461.8752,5087.8573,481.1200,461.8752,19.2448,0.07700948,0.07392910,19.2448,461.8752,0.07392910,19.2448,19.2448,19.2448,24.0560,24.0560,461.8752,0.07392910,105.8464,96.9581,375.2736,384.1619,0.06006739,0.06149009,0.00308038,38.3285,74.6458,6.7763,26.7289,15.5200,347.0857,3.9444,,38.3285,2.6176,7.7837,35.9171,105.8032,175.7146,430.4778,5.2352,-2.6176,22.574638,55.304918,4.924188,17,25,15,6,0E-8,0.07700948,,0E-8,0.000000,0.848310,0.000000,,2026-04-02,2026-07-06,18,31,31,96,0.187500,,,0.000000,,,,,,,,GLOBAL_BASELINE_NO_ENTITY_RANKING,,,NOT_APPLICABLE_GLOBAL_BASELINE,HF9g-P5,,,,X 全窗基线 · 不参与实体赏罚,8390463,840,A168_HF9F_20260827_0900,2026-08-27 09:00:00
2026-06-03,131605207,2261,0,1891.3775811969,243.0118034304,243.0118034304,0.5000000,5,5,0.49860758000000000,0.498607580000,0.005569701597489473,0.005569701597489473,0.005569701597489473,0E-17,ELIGIBLE,R03b_20260811_FULL_v1,L1_ELIGIBILITY,v2026-08-11,2026-03-21..2026-08-06,baccarat_bet02_101_all_pairs_incl_sentinel,round_win = game_pnl > 0 (decisive only),COMPATIBILITY_ONLY_NOT_PRODUCTION,6247.5427,5299.8513,481.1200,163,71,-0.07700948,,-0.07700948,-0.07700948,-481.1200,6247.5427,OK,0.0000,19.2448,4.0000,96.0000,AG03-UNRESOLVED,ALL5_LEVELS_bet23_to_bet27,19.2448,19.2448,19.2448,24.0560,24.0560,4.000000,4.000000,4.000000,5.000000,5.000000,96.000000,96.000000,96.000000,95.000000,95.000000,5.0,105.8464,96.9581,375.2736,384.1619,PENDING_AG03,FALSE,NOT_FOR_ENFORCEMENT,461.8752,5087.8573,481.1200,461.8752,19.2448,0.07700948,0.07392910,19.2448,461.8752,0.07392910,19.2448,19.2448,19.2448,24.0560,24.0560,461.8752,0.07392910,105.8464,96.9581,375.2736,384.1619,0.06006739,0.06149009,0.00308038,38.3285,74.6458,6.7763,26.7289,15.5200,347.0857,3.9444,,38.3285,2.6176,7.7837,35.9171,105.8032,175.7146,430.4778,5.2352,-2.6176,22.574638,55.304918,4.924188,17,25,15,6,0E-8,0.07700948,,0E-8,0.000000,0.848310,0.000000,,2026-04-02,2026-07-06,18,31,31,96,0.187500,,,0.000000,,,,,,,,GLOBAL_BASELINE_NO_ENTITY_RANKING,,,NOT_APPLICABLE_GLOBAL_BASELINE,HF9g-P5,,,,X 全窗基线 · 不参与实体赏罚,8390464,840,A168_HF9F_20260827_0900,2026-08-27 09:00:00
2026-06-12,131605207,2267,0,48.6023606862,-25.8441124284,-25.8441124284,0.3333333,5,4,0.48525805517217187,0.450979500000,-0.5265115722461812,-0.4095111465242283,-0.5265115722461812,0.03427855517217187,ELIGIBLE,R03b_20260811_FULL_v1,L1_ELIGIBILITY,v2026-08-11,2026-03-21..2026-08-06,baccarat_bet02_101_all_pairs_incl_sentinel,round_win = game_pnl > 0 (decisive only),COMPATIBILITY_ONLY_NOT_PRODUCTION,6247.5427,5299.8513,481.1200,163,71,-0.07700948,,-0.07700948,-0.07700948,-481.1200,6247.5427,OK,0.0000,19.2448,4.0000,96.0000,AG03-UNRESOLVED,ALL5_LEVELS_bet23_to_bet27,19.2448,19.2448,19.2448,24.0560,24.0560,4.000000,4.000000,4.000000,5.000000,5.000000,96.000000,96.000000,96.000000,95.000000,95.000000,5.0,105.8464,96.9581,375.2736,384.1619,PENDING_AG03,FALSE,NOT_FOR_ENFORCEMENT,461.8752,5087.8573,481.1200,461.8752,19.2448,0.07700948,0.07392910,19.2448,461.8752,0.07392910,19.2448,19.2448,19.2448,24.0560,24.0560,461.8752,0.07392910,105.8464,96.9581,375.2736,384.1619,0.06006739,0.06149009,0.00308038,38.3285,74.6458,6.7763,26.7289,15.5200,347.0857,3.9444,,38.3285,2.6176,7.7837,35.9171,105.8032,175.7146,430.4778,5.2352,-2.6176,22.574638,55.304918,4.924188,17,25,15,6,0E-8,0.07700948,,0E-8,0.000000,0.848310,0.000000,,2026-04-02,2026-07-06,18,31,31,96,0.187500,,,0.000000,,,,,,,,GLOBAL_BASELINE_NO_ENTITY_RANKING,,,NOT_APPLICABLE_GLOBAL_BASELINE,HF9g-P5,,,,X 全窗基线 · 不参与实体赏罚,8390465,840,A168_HF9F_20260827_0900,2026-08-27 09:00:00
2026-07-06,131605207,1485,0,77.4533343660,0E-10,0E-10,,1,1,0.49324550000000000,0.493245500000,,,,0E-17,NO_DECISIVE_ROUND,R03b_20260811_FULL_v1,L1_ELIGIBILITY,v2026-08-11,2026-03-21..2026-08-06,baccarat_bet02_101_all_pairs_incl_sentinel,round_win = game_pnl > 0 (decisive only),COMPATIBILITY_ONLY_NOT_PRODUCTION,6247.5427,5299.8513,481.1200,163,71,-0.07700948,,-0.07700948,-0.07700948,-481.1200,6247.5427,OK,0.0000,19.2448,4.0000,96.0000,AG03-UNRESOLVED,ALL5_LEVELS_bet23_to_bet27,19.2448,19.2448,19.2448,24.0560,24.0560,4.000000,4.000000,4.000000,5.000000,5.000000,96.000000,96.000000,96.000000,95.000000,95.000000,5.0,105.8464,96.9581,375.2736,384.1619,PENDING_AG03,FALSE,NOT_FOR_ENFORCEMENT,461.8752,5087.8573,481.1200,461.8752,19.2448,0.07700948,0.07392910,19.2448,461.8752,0.07392910,19.2448,19.2448,19.2448,24.0560,24.0560,461.8752,0.07392910,105.8464,96.9581,375.2736,384.1619,0.06006739,0.06149009,0.00308038,38.3285,74.6458,6.7763,26.7289,15.5200,347.0857,3.9444,,38.3285,2.6176,7.7837,35.9171,105.8032,175.7146,430.4778,5.2352,-2.6176,22.574638,55.304918,4.924188,17,25,15,6,0E-8,0.07700948,,0E-8,0.000000,0.848310,0.000000,,2026-04-02,2026-07-06,18,31,31,96,0.187500,,,0.000000,,,,,,,,GLOBAL_BASELINE_NO_ENTITY_RANKING,,,NOT_APPLICABLE_GLOBAL_BASELINE,HF9g-P5,,,,X 全窗基线 · 不参与实体赏罚,8390466,840,A168_HF9F_20260827_0900,2026-08-27 09:00:00
2026-03-22,94151214,1491,0,83.6341227221,-43.9959503478,-43.9959503478,0.2857143,8,8,0.50665070000000000,0.506650700000,-1.169189050789051,-1.169189050789051,-1.169189050789051,0E-17,ELIGIBLE,R03b_20260811_FULL_v1,L1_ELIGIBILITY,v2026-08-11,2026-03-21..2026-08-06,baccarat_bet02_101_all_pairs_incl_sentinel,round_win = game_pnl > 0 (decisive only),COMPATIBILITY_ONLY_NOT_PRODUCTION,38226.7023,34760.5459,481.1811,2907,2903,-0.01258756,-0.02479038,-0.01019244,-0.01258756,-481.1811,38226.7023,OK,0.0000,19.2472,4.0000,96.0000,AG03-UNRESOLVED,ALL5_LEVELS_bet23_to_bet27,19.2472,19.2472,19.2472,28.8709,28.8709,4.000000,4.000000,4.000000,6.000000,6.000000,96.000000,96.000000,96.000000,94.000000,94.000000,5.0,115.4835,105.0165,365.6976,376.1646,PENDING_AG03,FALSE,NOT_FOR_ENFORCEMENT,461.9338,33370.1240,481.1811,461.9338,19.2472,0.01258756,0.01208406,19.2472,461.9338,0.01208406,19.2472,19.2472,19.2472,28.8709,28.8709,461.9338,0.01208406,115.4835,105.0165,365.6976,376.1646,0.00956655,0.00984036,0.00050350,13.1499,11.9740,0.1658,6.2491,1.8090,496.4507,37.7013,10.4533,13.8512,10.2195,10.5412,18.3951,22.009,22.009,31.6236,10.5412,0.0,2.087904,3.0,1.247477,27,146,58,3,0.16407309,0.01258756,0.02479038,0E-8,0.000000,0.909326,0.001376,-0.01459794,2026-03-22,2026-08-05,77,266,243,137,0.562044,0.754684,0.794934,0.546910,,,,,,,,GLOBAL_BASELINE_NO_ENTITY_RANKING,,,NOT_APPLICABLE_GLOBAL_BASELINE,HF9g-P5,,,,X 全窗基线 · 不参与实体赏罚,8390467,840,A168_HF9F_20260827_0900,2026-08-27 09:00:00
2026-03-22,94151214,1645,0,96.8395105205,28.0614490713,28.0614490713,0.5714286,9,9,0.49771390000000000,0.497713900000,0.3900654543366509,0.3900654543366509,0.3900654543366509,0E-17,ELIGIBLE,R03b_20260811_FULL_v1,L1_ELIGIBILITY,v2026-08-11,2026-03-21..2026-08-06,baccarat_bet02_101_all_pairs_incl_sentinel,round_win = game_pnl > 0 (decisive only),COMPATIBILITY_ONLY_NOT_PRODUCTION,38226.7023,34760.5459,481.1811,2907,2903,-0.01258756,-0.02479038,-0.01019244,-0.01258756,-481.1811,38226.7023,OK,0.0000,19.2472,4.0000,96.0000,AG03-UNRESOLVED,ALL5_LEVELS_bet23_to_bet27,19.2472,19.2472,19.2472,28.8709,28.8709,4.000000,4.000000,4.000000,6.000000,6.000000,96.000000,96.000000,96.000000,94.000000,94.000000,5.0,115.4835,105.0165,365.6976,376.1646,PENDING_AG03,FALSE,NOT_FOR_ENFORCEMENT,461.9338,33370.1240,481.1811,461.9338,19.2472,0.01258756,0.01208406,19.2472,461.9338,0.01208406,19.2472,19.2472,19.2472,28.8709,28.8709,461.9338,0.01208406,115.4835,105.0165,365.6976,376.1646,0.00956655,0.00984036,0.00050350,13.1499,11.9740,0.1658,6.2491,1.8090,496.4507,37.7013,10.4533,13.8512,10.2195,10.5412,18.3951,22.009,22.009,31.6236,10.5412,0.0,2.087904,3.0,1.247477,27,146,58,3,0.16407309,0.01258756,0.02479038,0E-8,0.000000,0.909326,0.001376,-0.01459794,2026-03-22,2026-08-05,77,266,243,137,0.562044,0.754684,0.794934,0.546910,,,,,,,,GLOBAL_BASELINE_NO_ENTITY_RANKING,,,NOT_APPLICABLE_GLOBAL_BASELINE,HF9g-P5,,,,X 全窗基线 · 不参与实体赏罚,8390468,840,A168_HF9F_20260827_0900,2026-08-27 09:00:00
2026-03-22,94151214,1711,0,154.9432168326,-98.9303635883,-98.9303635883,0.2222222,10,10,0.50128862000000000,0.501288620000,-1.6744039475104004,-1.6744039475104007,-1.6744039475104004,0E-17,ELIGIBLE,R03b_20260811_FULL_v1,L1_ELIGIBILITY,v2026-08-11,2026-03-21..2026-08-06,baccarat_bet02_101_all_pairs_incl_sentinel,round_win = game_pnl > 0 (decisive only),COMPATIBILITY_ONLY_NOT_PRODUCTION,38226.7023,34760.5459,481.1811,2907,2903,-0.01258756,-0.02479038,-0.01019244,-0.01258756,-481.1811,38226.7023,OK,0.0000,19.2472,4.0000,96.0000,AG03-UNRESOLVED,ALL5_LEVELS_bet23_to_bet27,19.2472,19.2472,19.2472,28.8709,28.8709,4.000000,4.000000,4.000000,6.000000,6.000000,96.000000,96.000000,96.000000,94.000000,94.000000,5.0,115.4835,105.0165,365.6976,376.1646,PENDING_AG03,FALSE,NOT_FOR_ENFORCEMENT,461.9338,33370.1240,481.1811,461.9338,19.2472,0.01258756,0.01208406,19.2472,461.9338,0.01208406,19.2472,19.2472,19.2472,28.8709,28.8709,461.9338,0.01208406,115.4835,105.0165,365.6976,376.1646,0.00956655,0.00984036,0.00050350,13.1499,11.9740,0.1658,6.2491,1.8090,496.4507,37.7013,10.4533,13.8512,10.2195,10.5412,18.3951,22.009,22.009,31.6236,10.5412,0.0,2.087904,3.0,1.247477,27,146,58,3,0.16407309,0.01258756,0.02479038,0E-8,0.000000,0.909326,0.001376,-0.01459794,2026-03-22,2026-08-05,77,266,243,137,0.562044,0.754684,0.794934,0.546910,,,,,,,,GLOBAL_BASELINE_NO_ENTITY_RANKING,,,NOT_APPLICABLE_GLOBAL_BASELINE,HF9g-P5,,,,X 全窗基线 · 不参与实体赏罚,8390469,840,A168_HF9F_20260827_0900,2026-08-27 09:00:00
2026-03-22,94151214,1750,0,145.2592657807,-10.0140857470,-10.0140857470,0.5000000,10,10,0.49726706000000000,0.497267060000,0.01728488841940615,0.017284888419406154,0.01728488841940615,0E-17,ELIGIBLE,R03b_20260811_FULL_v1,L1_ELIGIBILITY,v2026-08-11,2026-03-21..2026-08-06,baccarat_bet02_101_all_pairs_incl_sentinel,round_win = game_pnl > 0 (decisive only),COMPATIBILITY_ONLY_NOT_PRODUCTION,38226.7023,34760.5459,481.1811,2907,2903,-0.01258756,-0.02479038,-0.01019244,-0.01258756,-481.1811,38226.7023,OK,0.0000,19.2472,4.0000,96.0000,AG03-UNRESOLVED,ALL5_LEVELS_bet23_to_bet27,19.2472,19.2472,19.2472,28.8709,28.8709,4.000000,4.000000,4.000000,6.000000,6.000000,96.000000,96.000000,96.000000,94.000000,94.000000,5.0,115.4835,105.0165,365.6976,376.1646,PENDING_AG03,FALSE,NOT_FOR_ENFORCEMENT,461.9338,33370.1240,481.1811,461.9338,19.2472,0.01258756,0.01208406,19.2472,461.9338,0.01208406,19.2472,19.2472,19.2472,28.8709,28.8709,461.9338,0.01208406,115.4835,105.0165,365.6976,376.1646,0.00956655,0.00984036,0.00050350,13.1499,11.9740,0.1658,6.2491,1.8090,496.4507,37.7013,10.4533,13.8512,10.2195,10.5412,18.3951,22.009,22.009,31.6236,10.5412,0.0,2.087904,3.0,1.247477,27,146,58,3,0.16407309,0.01258756,0.02479038,0E-8,0.000000,0.909326,0.001376,-0.01459794,2026-03-22,2026-08-05,77,266,243,137,0.562044,0.754684,0.794934,0.546910,,,,,,,,GLOBAL_BASELINE_NO_ENTITY_RANKING,,,NOT_APPLICABLE_GLOBAL_BASELINE,HF9g-P5,,,,X 全窗基线 · 不参与实体赏罚,8390470,840,A168_HF9F_20260827_0900,2026-08-27 09:00:00
2026-03-22,94151214,1951,0,314.7284091913,121.0493881505,121.0493881505,0.6666667,20,20,0.50061836000000000,0.500618360000,1.4089676812743122,1.4089676812743122,1.4089676812743122,0E-17,ELIGIBLE,R03b_20260811_FULL_v1,L1_ELIGIBILITY,v2026-08-11,2026-03-21..2026-08-06,baccarat_bet02_101_all_pairs_incl_sentinel,round_win = game_pnl > 0 (decisive only),COMPATIBILITY_ONLY_NOT_PRODUCTION,38226.7023,34760.5459,481.1811,2907,2903,-0.01258756,-0.02479038,-0.01019244,-0.01258756,-481.1811,38226.7023,OK,0.0000,19.2472,4.0000,96.0000,AG03-UNRESOLVED,ALL5_LEVELS_bet23_to_bet27,19.2472,19.2472,19.2472,28.8709,28.8709,4.000000,4.000000,4.000000,6.000000,6.000000,96.000000,96.000000,96.000000,94.000000,94.000000,5.0,115.4835,105.0165,365.6976,376.1646,PENDING_AG03,FALSE,NOT_FOR_ENFORCEMENT,461.9338,33370.1240,481.1811,461.9338,19.2472,0.01258756,0.01208406,19.2472,461.9338,0.01208406,19.2472,19.2472,19.2472,28.8709,28.8709,461.9338,0.01208406,115.4835,105.0165,365.6976,376.1646,0.00956655,0.00984036,0.00050350,13.1499,11.9740,0.1658,6.2491,1.8090,496.4507,37.7013,10.4533,13.8512,10.2195,10.5412,18.3951,22.009,22.009,31.6236,10.5412,0.0,2.087904,3.0,1.247477,27,146,58,3,0.16407309,0.01258756,0.02479038,0E-8,0.000000,0.909326,0.001376,-0.01459794,2026-03-22,2026-08-05,77,266,243,137,0.562044,0.754684,0.794934,0.546910,,,,,,,,GLOBAL_BASELINE_NO_ENTITY_RANKING,,,NOT_APPLICABLE_GLOBAL_BASELINE,HF9g-P5,,,,X 全窗基线 · 不参与实体赏罚,8390471,840,A168_HF9F_20260827_0900,2026-08-27 09:00:00
2026-03-22,94151214,2101,0,242.0987763014,87.9258737566,87.9258737566,0.6500000,22,22,0.49994810000000000,0.499948100000,1.3421050014422176,1.3421050014422176,1.3421050014422176,0E-17,ELIGIBLE,R03b_20260811_FULL_v1,L1_ELIGIBILITY,v2026-08-11,2026-03-21..2026-08-06,baccarat_bet02_101_all_pairs_incl_sentinel,round_win = game_pnl > 0 (decisive only),COMPATIBILITY_ONLY_NOT_PRODUCTION,38226.7023,34760.5459,481.1811,2907,2903,-0.01258756,-0.02479038,-0.01019244,-0.01258756,-481.1811,38226.7023,OK,0.0000,19.2472,4.0000,96.0000,AG03-UNRESOLVED,ALL5_LEVELS_bet23_to_bet27,19.2472,19.2472,19.2472,28.8709,28.8709,4.000000,4.000000,4.000000,6.000000,6.000000,96.000000,96.000000,96.000000,94.000000,94.000000,5.0,115.4835,105.0165,365.6976,376.1646,PENDING_AG03,FALSE,NOT_FOR_ENFORCEMENT,461.9338,33370.1240,481.1811,461.9338,19.2472,0.01258756,0.01208406,19.2472,461.9338,0.01208406,19.2472,19.2472,19.2472,28.8709,28.8709,461.9338,0.01208406,115.4835,105.0165,365.6976,376.1646,0.00956655,0.00984036,0.00050350,13.1499,11.9740,0.1658,6.2491,1.8090,496.4507,37.7013,10.4533,13.8512,10.2195,10.5412,18.3951,22.009,22.009,31.6236,10.5412,0.0,2.087904,3.0,1.247477,27,146,58,3,0.16407309,0.01258756,0.02479038,0E-8,0.000000,0.909326,0.001376,-0.01459794,2026-03-22,2026-08-05,77,266,243,137,0.562044,0.754684,0.794934,0.546910,,,,,,,,GLOBAL_BASELINE_NO_ENTITY_RANKING,,,NOT_APPLICABLE_GLOBAL_BASELINE,HF9g-P5,,,,X 全窗基线 · 不参与实体赏罚,8390472,840,A168_HF9F_20260827_0900,2026-08-27 09:00:00
2026-03-22,94151214,986,0,59.4242450921,37.4152654284,37.4152654284,0.7500000,5,5,0.50665070000000000,0.506650700000,0.9734833216690844,0.9734833216690844,0.9734833216690844,0E-17,ELIGIBLE,R03b_20260811_FULL_v1,L1_ELIGIBILITY,v2026-08-11,2026-03-21..2026-08-06,baccarat_bet02_101_all_pairs_incl_sentinel,round_win = game_pnl > 0 (decisive only),COMPATIBILITY_ONLY_NOT_PRODUCTION,38226.7023,34760.5459,481.1811,2907,2903,-0.01258756,-0.02479038,-0.01019244,-0.01258756,-481.1811,38226.7023,OK,0.0000,19.2472,4.0000,96.0000,AG03-UNRESOLVED,ALL5_LEVELS_bet23_to_bet27,19.2472,19.2472,19.2472,28.8709,28.8709,4.000000,4.000000,4.000000,6.000000,6.000000,96.000000,96.000000,96.000000,94.000000,94.000000,5.0,115.4835,105.0165,365.6976,376.1646,PENDING_AG03,FALSE,NOT_FOR_ENFORCEMENT,461.9338,33370.1240,481.1811,461.9338,19.2472,0.01258756,0.01208406,19.2472,461.9338,0.01208406,19.2472,19.2472,19.2472,28.8709,28.8709,461.9338,0.01208406,115.4835,105.0165,365.6976,376.1646,0.00956655,0.00984036,0.00050350,13.1499,11.9740,0.1658,6.2491,1.8090,496.4507,37.7013,10.4533,13.8512,10.2195,10.5412,18.3951,22.009,22.009,31.6236,10.5412,0.0,2.087904,3.0,1.247477,27,146,58,3,0.16407309,0.01258756,0.02479038,0E-8,0.000000,0.909326,0.001376,-0.01459794,2026-03-22,2026-08-05,77,266,243,137,0.562044,0.754684,0.794934,0.546910,,,,,,,,GLOBAL_BASELINE_NO_ENTITY_RANKING,,,NOT_APPLICABLE_GLOBAL_BASELINE,HF9g-P5,,,,X 全窗基线 · 不参与实体赏罚,8390473,840,A168_HF9F_20260827_0900,2026-08-27 09:00:00
2026-03-23,94151214,1094,0,387.3580420813,80.1126859758,80.1126859758,0.5454545,23,23,0.50082235217391304,0.500822352174,0.41868765180432715,0.4186876518035116,0.41868765180432715,-8.696E-14,ELIGIBLE,R03b_20260811_FULL_v1,L1_ELIGIBILITY,v2026-08-11,2026-03-21..2026-08-06,baccarat_bet02_101_all_pairs_incl_sentinel,round_win = game_pnl > 0 (decisive only),COMPATIBILITY_ONLY_NOT_PRODUCTION,38226.7023,34760.5459,481.1811,2907,2903,-0.01258756,-0.02479038,-0.01019244,-0.01258756,-481.1811,38226.7023,OK,0.0000,19.2472,4.0000,96.0000,AG03-UNRESOLVED,ALL5_LEVELS_bet23_to_bet27,19.2472,19.2472,19.2472,28.8709,28.8709,4.000000,4.000000,4.000000,6.000000,6.000000,96.000000,96.000000,96.000000,94.000000,94.000000,5.0,115.4835,105.0165,365.6976,376.1646,PENDING_AG03,FALSE,NOT_FOR_ENFORCEMENT,461.9338,33370.1240,481.1811,461.9338,19.2472,0.01258756,0.01208406,19.2472,461.9338,0.01208406,19.2472,19.2472,19.2472,28.8709,28.8709,461.9338,0.01208406,115.4835,105.0165,365.6976,376.1646,0.00956655,0.00984036,0.00050350,13.1499,11.9740,0.1658,6.2491,1.8090,496.4507,37.7013,10.4533,13.8512,10.2195,10.5412,18.3951,22.009,22.009,31.6236,10.5412,0.0,2.087904,3.0,1.247477,27,146,58,3,0.16407309,0.01258756,0.02479038,0E-8,0.000000,0.909326,0.001376,-0.01459794,2026-03-22,2026-08-05,77,266,243,137,0.562044,0.754684,0.794934,0.546910,,,,,,,,GLOBAL_BASELINE_NO_ENTITY_RANKING,,,NOT_APPLICABLE_GLOBAL_BASELINE,HF9g-P5,,,,X 全窗基线 · 不参与实体赏罚,8390474,840,A168_HF9F_20260827_0900,2026-08-27 09:00:00
2026-03-23,94151214,1283,0,171.0097719872,-33.1785368431,-33.1785368431,0.4615385,13,13,0.50046368461538462,0.500463684615,-0.28069389612576334,-0.28069389612298956,-0.28069389612576334,3.8462E-13,ELIGIBLE,R03b_20260811_FULL_v1,L1_ELIGIBILITY,v2026-08-11,2026-03-21..2026-08-06,baccarat_bet02_101_all_pairs_incl_sentinel,round_win = game_pnl > 0 (decisive only),COMPATIBILITY_ONLY_NOT_PRODUCTION,38226.7023,34760.5459,481.1811,2907,2903,-0.01258756,-0.02479038,-0.01019244,-0.01258756,-481.1811,38226.7023,OK,0.0000,19.2472,4.0000,96.0000,AG03-UNRESOLVED,ALL5_LEVELS_bet23_to_bet27,19.2472,19.2472,19.2472,28.8709,28.8709,4.000000,4.000000,4.000000,6.000000,6.000000,96.000000,96.000000,96.000000,94.000000,94.000000,5.0,115.4835,105.0165,365.6976,376.1646,PENDING_AG03,FALSE,NOT_FOR_ENFORCEMENT,461.9338,33370.1240,481.1811,461.9338,19.2472,0.01258756,0.01208406,19.2472,461.9338,0.01208406,19.2472,19.2472,19.2472,28.8709,28.8709,461.9338,0.01208406,115.4835,105.0165,365.6976,376.1646,0.00956655,0.00984036,0.00050350,13.1499,11.9740,0.1658,6.2491,1.8090,496.4507,37.7013,10.4533,13.8512,10.2195,10.5412,18.3951,22.009,22.009,31.6236,10.5412,0.0,2.087904,3.0,1.247477,27,146,58,3,0.16407309,0.01258756,0.02479038,0E-8,0.000000,0.909326,0.001376,-0.01459794,2026-03-22,2026-08-05,77,266,243,137,0.562044,0.754684,0.794934,0.546910,,,,,,,,GLOBAL_BASELINE_NO_ENTITY_RANKING,,,NOT_APPLICABLE_GLOBAL_BASELINE,HF9g-P5,,,,X 全窗基线 · 不参与实体赏罚,8390475,840,A168_HF9F_20260827_0900,2026-08-27 09:00:00
2026-03-23,94151214,1299,0,338.9382868215,147.7902984419,147.7902984419,0.7272727,22,22,0.49994810000000000,0.499948100000,2.132494040200189,2.132494040200189,2.132494040200189,0E-17,ELIGIBLE,R03b_20260811_FULL_v1,L1_ELIGIBILITY,v2026-08-11,2026-03-21..2026-08-06,baccarat_bet02_101_all_pairs_incl_sentinel,round_win = game_pnl > 0 (decisive only),COMPATIBILITY_ONLY_NOT_PRODUCTION,38226.7023,34760.5459,481.1811,2907,2903,-0.01258756,-0.02479038,-0.01019244,-0.01258756,-481.1811,38226.7023,OK,0.0000,19.2472,4.0000,96.0000,AG03-UNRESOLVED,ALL5_LEVELS_bet23_to_bet27,19.2472,19.2472,19.2472,28.8709,28.8709,4.000000,4.000000,4.000000,6.000000,6.000000,96.000000,96.000000,96.000000,94.000000,94.000000,5.0,115.4835,105.0165,365.6976,376.1646,PENDING_AG03,FALSE,NOT_FOR_ENFORCEMENT,461.9338,33370.1240,481.1811,461.9338,19.2472,0.01258756,0.01208406,19.2472,461.9338,0.01208406,19.2472,19.2472,19.2472,28.8709,28.8709,461.9338,0.01208406,115.4835,105.0165,365.6976,376.1646,0.00956655,0.00984036,0.00050350,13.1499,11.9740,0.1658,6.2491,1.8090,496.4507,37.7013,10.4533,13.8512,10.2195,10.5412,18.3951,22.009,22.009,31.6236,10.5412,0.0,2.087904,3.0,1.247477,27,146,58,3,0.16407309,0.01258756,0.02479038,0E-8,0.000000,0.909326,0.001376,-0.01459794,2026-03-22,2026-08-05,77,266,243,137,0.562044,0.754684,0.794934,0.546910,,,,,,,,GLOBAL_BASELINE_NO_ENTITY_RANKING,,,NOT_APPLICABLE_GLOBAL_BASELINE,HF9g-P5,,,,X 全窗基线 · 不参与实体赏罚,8390476,840,A168_HF9F_20260827_0900,2026-08-27 09:00:00
2026-03-23,94151214,1302,0,212.1665639584,58.2467646802,58.2467646802,0.6666667,18,18,0.50218230000000000,0.502182300000,1.3957094268394814,1.3957094268394814,1.3957094268394814,0E-17,ELIGIBLE,R03b_20260811_FULL_v1,L1_ELIGIBILITY,v2026-08-11,2026-03-21..2026-08-06,baccarat_bet02_101_all_pairs_incl_sentinel,round_win = game_pnl > 0 (decisive only),COMPATIBILITY_ONLY_NOT_PRODUCTION,38226.7023,34760.5459,481.1811,2907,2903,-0.01258756,-0.02479038,-0.01019244,-0.01258756,-481.1811,38226.7023,OK,0.0000,19.2472,4.0000,96.0000,AG03-UNRESOLVED,ALL5_LEVELS_bet23_to_bet27,19.2472,19.2472,19.2472,28.8709,28.8709,4.000000,4.000000,4.000000,6.000000,6.000000,96.000000,96.000000,96.000000,94.000000,94.000000,5.0,115.4835,105.0165,365.6976,376.1646,PENDING_AG03,FALSE,NOT_FOR_ENFORCEMENT,461.9338,33370.1240,481.1811,461.9338,19.2472,0.01258756,0.01208406,19.2472,461.9338,0.01208406,19.2472,19.2472,19.2472,28.8709,28.8709,461.9338,0.01208406,115.4835,105.0165,365.6976,376.1646,0.00956655,0.00984036,0.00050350,13.1499,11.9740,0.1658,6.2491,1.8090,496.4507,37.7013,10.4533,13.8512,10.2195,10.5412,18.3951,22.009,22.009,31.6236,10.5412,0.0,2.087904,3.0,1.247477,27,146,58,3,0.16407309,0.01258756,0.02479038,0E-8,0.000000,0.909326,0.001376,-0.01459794,2026-03-22,2026-08-05,77,266,243,137,0.562044,0.754684,0.794934,0.546910,,,,,,,,GLOBAL_BASELINE_NO_ENTITY_RANKING,,,NOT_APPLICABLE_GLOBAL_BASELINE,HF9g-P5,,,,X 全窗基线 · 不参与实体赏罚,8390477,840,A168_HF9F_20260827_0900,2026-08-27 09:00:00
2026-03-23,94151214,1393,0,297.1212254603,-0.3301346948,-0.3301346948,0.5555556,18,18,0.49920336666666667,0.499203366667,0.4781647856871841,0.4781647856843554,0.4781647856871841,-3.3333E-13,ELIGIBLE,R03b_20260811_FULL_v1,L1_ELIGIBILITY,v2026-08-11,2026-03-21..2026-08-06,baccarat_bet02_101_all_pairs_incl_sentinel,round_win = game_pnl > 0 (decisive only),COMPATIBILITY_ONLY_NOT_PRODUCTION,38226.7023,34760.5459,481.1811,2907,2903,-0.01258756,-0.02479038,-0.01019244,-0.01258756,-481.1811,38226.7023,OK,0.0000,19.2472,4.0000,96.0000,AG03-UNRESOLVED,ALL5_LEVELS_bet23_to_bet27,19.2472,19.2472,19.2472,28.8709,28.8709,4.000000,4.000000,4.000000,6.000000,6.000000,96.000000,96.000000,96.000000,94.000000,94.000000,5.0,115.4835,105.0165,365.6976,376.1646,PENDING_AG03,FALSE,NOT_FOR_ENFORCEMENT,461.9338,33370.1240,481.1811,461.9338,19.2472,0.01258756,0.01208406,19.2472,461.9338,0.01208406,19.2472,19.2472,19.2472,28.8709,28.8709,461.9338,0.01208406,115.4835,105.0165,365.6976,376.1646,0.00956655,0.00984036,0.00050350,13.1499,11.9740,0.1658,6.2491,1.8090,496.4507,37.7013,10.4533,13.8512,10.2195,10.5412,18.3951,22.009,22.009,31.6236,10.5412,0.0,2.087904,3.0,1.247477,27,146,58,3,0.16407309,0.01258756,0.02479038,0E-8,0.000000,0.909326,0.001376,-0.01459794,2026-03-22,2026-08-05,77,266,243,137,0.562044,0.754684,0.794934,0.546910,,,,,,,,GLOBAL_BASELINE_NO_ENTITY_RANKING,,,NOT_APPLICABLE_GLOBAL_BASELINE,HF9g-P5,,,,X 全窗基线 · 不参与实体赏罚,8390478,840,A168_HF9F_20260827_0900,2026-08-27 09:00:00
2026-03-23,94151214,1405,0,272.9113478301,40.1663878863,40.1663878863,0.5882353,17,17,0.49955382941176471,0.499553829412,0.731286383185452,0.7312863831835112,0.731286383185452,-2.3529E-13,ELIGIBLE,R03b_20260811_FULL_v1,L1_ELIGIBILITY,v2026-08-11,2026-03-21..2026-08-06,baccarat_bet02_101_all_pairs_incl_sentinel,round_win = game_pnl > 0 (decisive only),COMPATIBILITY_ONLY_NOT_PRODUCTION,38226.7023,34760.5459,481.1811,2907,2903,-0.01258756,-0.02479038,-0.01019244,-0.01258756,-481.1811,38226.7023,OK,0.0000,19.2472,4.0000,96.0000,AG03-UNRESOLVED,ALL5_LEVELS_bet23_to_bet27,19.2472,19.2472,19.2472,28.8709,28.8709,4.000000,4.000000,4.000000,6.000000,6.000000,96.000000,96.000000,96.000000,94.000000,94.000000,5.0,115.4835,105.0165,365.6976,376.1646,PENDING_AG03,FALSE,NOT_FOR_ENFORCEMENT,461.9338,33370.1240,481.1811,461.9338,19.2472,0.01258756,0.01208406,19.2472,461.9338,0.01208406,19.2472,19.2472,19.2472,28.8709,28.8709,461.9338,0.01208406,115.4835,105.0165,365.6976,376.1646,0.00956655,0.00984036,0.00050350,13.1499,11.9740,0.1658,6.2491,1.8090,496.4507,37.7013,10.4533,13.8512,10.2195,10.5412,18.3951,22.009,22.009,31.6236,10.5412,0.0,2.087904,3.0,1.247477,27,146,58,3,0.16407309,0.01258756,0.02479038,0E-8,0.000000,0.909326,0.001376,-0.01459794,2026-03-22,2026-08-05,77,266,243,137,0.562044,0.754684,0.794934,0.546910,,,,,,,,GLOBAL_BASELINE_NO_ENTITY_RANKING,,,NOT_APPLICABLE_GLOBAL_BASELINE,HF9g-P5,,,,X 全窗基线 · 不参与实体赏罚,8390479,840,A168_HF9F_20260827_0900,2026-08-27 09:00:00
2026-03-23,94151214,1645,0,154.0628576460,-9.9040408487,-9.9040408487,0.5555556,10,10,0.49726706000000000,0.497267060000,0.3497361977044266,0.3497361977044266,0.3497361977044266,0E-17,ELIGIBLE,R03b_20260811_FULL_v1,L1_ELIGIBILITY,v2026-08-11,2026-03-21..2026-08-06,baccarat_bet02_101_all_pairs_incl_sentinel,round_win = game_pnl > 0 (decisive only),COMPATIBILITY_ONLY_NOT_PRODUCTION,38226.7023,34760.5459,481.1811,2907,2903,-0.01258756,-0.02479038,-0.01019244,-0.01258756,-481.1811,38226.7023,OK,0.0000,19.2472,4.0000,96.0000,AG03-UNRESOLVED,ALL5_LEVELS_bet23_to_bet27,19.2472,19.2472,19.2472,28.8709,28.8709,4.000000,4.000000,4.000000,6.000000,6.000000,96.000000,96.000000,96.000000,94.000000,94.000000,5.0,115.4835,105.0165,365.6976,376.1646,PENDING_AG03,FALSE,NOT_FOR_ENFORCEMENT,461.9338,33370.1240,481.1811,461.9338,19.2472,0.01258756,0.01208406,19.2472,461.9338,0.01208406,19.2472,19.2472,19.2472,28.8709,28.8709,461.9338,0.01208406,115.4835,105.0165,365.6976,376.1646,0.00956655,0.00984036,0.00050350,13.1499,11.9740,0.1658,6.2491,1.8090,496.4507,37.7013,10.4533,13.8512,10.2195,10.5412,18.3951,22.009,22.009,31.6236,10.5412,0.0,2.087904,3.0,1.247477,27,146,58,3,0.16407309,0.01258756,0.02479038,0E-8,0.000000,0.909326,0.001376,-0.01459794,2026-03-22,2026-08-05,77,266,243,137,0.562044,0.754684,0.794934,0.546910,,,,,,,,GLOBAL_BASELINE_NO_ENTITY_RANKING,,,NOT_APPLICABLE_GLOBAL_BASELINE,HF9g-P5,,,,X 全窗基线 · 不参与实体赏罚,8390480,840,A168_HF9F_20260827_0900,2026-08-27 09:00:00
2026-03-23,94151214,1654,0,543.6217976940,160.3354168502,160.3354168502,0.6764706,40,40,0.50095349000000000,0.500953490000,2.046867234859832,2.046867234859832,2.046867234859832,0E-17,ELIGIBLE,R03b_20260811_FULL_v1,L1_ELIGIBILITY,v2026-08-11,2026-03-21..2026-08-06,baccarat_bet02_101_all_pairs_incl_sentinel,round_win = game_pnl > 0 (decisive only),COMPATIBILITY_ONLY_NOT_PRODUCTION,38226.7023,34760.5459,481.1811,2907,2903,-0.01258756,-0.02479038,-0.01019244,-0.01258756,-481.1811,38226.7023,OK,0.0000,19.2472,4.0000,96.0000,AG03-UNRESOLVED,ALL5_LEVELS_bet23_to_bet27,19.2472,19.2472,19.2472,28.8709,28.8709,4.000000,4.000000,4.000000,6.000000,6.000000,96.000000,96.000000,96.000000,94.000000,94.000000,5.0,115.4835,105.0165,365.6976,376.1646,PENDING_AG03,FALSE,NOT_FOR_ENFORCEMENT,461.9338,33370.1240,481.1811,461.9338,19.2472,0.01258756,0.01208406,19.2472,461.9338,0.01208406,19.2472,19.2472,19.2472,28.8709,28.8709,461.9338,0.01208406,115.4835,105.0165,365.6976,376.1646,0.00956655,0.00984036,0.00050350,13.1499,11.9740,0.1658,6.2491,1.8090,496.4507,37.7013,10.4533,13.8512,10.2195,10.5412,18.3951,22.009,22.009,31.6236,10.5412,0.0,2.087904,3.0,1.247477,27,146,58,3,0.16407309,0.01258756,0.02479038,0E-8,0.000000,0.909326,0.001376,-0.01459794,2026-03-22,2026-08-05,77,266,243,137,0.562044,0.754684,0.794934,0.546910,,,,,,,,GLOBAL_BASELINE_NO_ENTITY_RANKING,,,NOT_APPLICABLE_GLOBAL_BASELINE,HF9g-P5,,,,X 全窗基线 · 不参与实体赏罚,8390481,840,A168_HF9F_20260827_0900,2026-08-27 09:00:00
2026-03-23,94151214,2115,0,63.8260410247,1.1004489832,1.1004489832,0.3333333,4,4,0.50329940000000000,0.503299400000,-0.5887925454369916,-0.5887925454369916,-0.5887925454369916,0E-17,ELIGIBLE,R03b_20260811_FULL_v1,L1_ELIGIBILITY,v2026-08-11,2026-03-21..2026-08-06,baccarat_bet02_101_all_pairs_incl_sentinel,round_win = game_pnl > 0 (decisive only),COMPATIBILITY_ONLY_NOT_PRODUCTION,38226.7023,34760.5459,481.1811,2907,2903,-0.01258756,-0.02479038,-0.01019244,-0.01258756,-481.1811,38226.7023,OK,0.0000,19.2472,4.0000,96.0000,AG03-UNRESOLVED,ALL5_LEVELS_bet23_to_bet27,19.2472,19.2472,19.2472,28.8709,28.8709,4.000000,4.000000,4.000000,6.000000,6.000000,96.000000,96.000000,96.000000,94.000000,94.000000,5.0,115.4835,105.0165,365.6976,376.1646,PENDING_AG03,FALSE,NOT_FOR_ENFORCEMENT,461.9338,33370.1240,481.1811,461.9338,19.2472,0.01258756,0.01208406,19.2472,461.9338,0.01208406,19.2472,19.2472,19.2472,28.8709,28.8709,461.9338,0.01208406,115.4835,105.0165,365.6976,376.1646,0.00956655,0.00984036,0.00050350,13.1499,11.9740,0.1658,6.2491,1.8090,496.4507,37.7013,10.4533,13.8512,10.2195,10.5412,18.3951,22.009,22.009,31.6236,10.5412,0.0,2.087904,3.0,1.247477,27,146,58,3,0.16407309,0.01258756,0.02479038,0E-8,0.000000,0.909326,0.001376,-0.01459794,2026-03-22,2026-08-05,77,266,243,137,0.562044,0.754684,0.794934,0.546910,,,,,,,,GLOBAL_BASELINE_NO_ENTITY_RANKING,,,NOT_APPLICABLE_GLOBAL_BASELINE,HF9g-P5,,,,X 全窗基线 · 不参与实体赏罚,8390482,840,A168_HF9F_20260827_0900,2026-08-27 09:00:00
2026-03-23,94151214,2141,0,22.0089796638,-0.5502244916,-0.5502244916,0.5000000,2,2,0.50665070000000000,0.506650700000,-0.018812684590367487,-0.018812684590367487,-0.018812684590367487,0E-17,ELIGIBLE,R03b_20260811_FULL_v1,L1_ELIGIBILITY,v2026-08-11,2026-03-21..2026-08-06,baccarat_bet02_101_all_pairs_incl_sentinel,round_win = game_pnl > 0 (decisive only),COMPATIBILITY_ONLY_NOT_PRODUCTION,38226.7023,34760.5459,481.1811,2907,2903,-0.01258756,-0.02479038,-0.01019244,-0.01258756,-481.1811,38226.7023,OK,0.0000,19.2472,4.0000,96.0000,AG03-UNRESOLVED,ALL5_LEVELS_bet23_to_bet27,19.2472,19.2472,19.2472,28.8709,28.8709,4.000000,4.000000,4.000000,6.000000,6.000000,96.000000,96.000000,96.000000,94.000000,94.000000,5.0,115.4835,105.0165,365.6976,376.1646,PENDING_AG03,FALSE,NOT_FOR_ENFORCEMENT,461.9338,33370.1240,481.1811,461.9338,19.2472,0.01258756,0.01208406,19.2472,461.9338,0.01208406,19.2472,19.2472,19.2472,28.8709,28.8709,461.9338,0.01208406,115.4835,105.0165,365.6976,376.1646,0.00956655,0.00984036,0.00050350,13.1499,11.9740,0.1658,6.2491,1.8090,496.4507,37.7013,10.4533,13.8512,10.2195,10.5412,18.3951,22.009,22.009,31.6236,10.5412,0.0,2.087904,3.0,1.247477,27,146,58,3,0.16407309,0.01258756,0.02479038,0E-8,0.000000,0.909326,0.001376,-0.01459794,2026-03-22,2026-08-05,77,266,243,137,0.562044,0.754684,0.794934,0.546910,,,,,,,,GLOBAL_BASELINE_NO_ENTITY_RANKING,,,NOT_APPLICABLE_GLOBAL_BASELINE,HF9g-P5,,,,X 全窗基线 · 不参与实体赏罚,8390483,840,A168_HF9F_20260827_0900,2026-08-27 09:00:00
2026-03-23,94151214,2170,0,165.0673474780,78.1318778061,78.1318778061,0.7000000,11,11,0.50055742727272727,0.500557427273,1.2613863683331403,1.2613863683314164,1.2613863683331403,-2.7273E-13,ELIGIBLE,R03b_20260811_FULL_v1,L1_ELIGIBILITY,v2026-08-11,2026-03-21..2026-08-06,baccarat_bet02_101_all_pairs_incl_sentinel,round_win = game_pnl > 0 (decisive only),COMPATIBILITY_ONLY_NOT_PRODUCTION,38226.7023,34760.5459,481.1811,2907,2903,-0.01258756,-0.02479038,-0.01019244,-0.01258756,-481.1811,38226.7023,OK,0.0000,19.2472,4.0000,96.0000,AG03-UNRESOLVED,ALL5_LEVELS_bet23_to_bet27,19.2472,19.2472,19.2472,28.8709,28.8709,4.000000,4.000000,4.000000,6.000000,6.000000,96.000000,96.000000,96.000000,94.000000,94.000000,5.0,115.4835,105.0165,365.6976,376.1646,PENDING_AG03,FALSE,NOT_FOR_ENFORCEMENT,461.9338,33370.1240,481.1811,461.9338,19.2472,0.01258756,0.01208406,19.2472,461.9338,0.01208406,19.2472,19.2472,19.2472,28.8709,28.8709,461.9338,0.01208406,115.4835,105.0165,365.6976,376.1646,0.00956655,0.00984036,0.00050350,13.1499,11.9740,0.1658,6.2491,1.8090,496.4507,37.7013,10.4533,13.8512,10.2195,10.5412,18.3951,22.009,22.009,31.6236,10.5412,0.0,2.087904,3.0,1.247477,27,146,58,3,0.16407309,0.01258756,0.02479038,0E-8,0.000000,0.909326,0.001376,-0.01459794,2026-03-22,2026-08-05,77,266,243,137,0.562044,0.754684,0.794934,0.546910,,,,,,,,GLOBAL_BASELINE_NO_ENTITY_RANKING,,,NOT_APPLICABLE_GLOBAL_BASELINE,HF9g-P5,,,,X 全窗基线 · 不参与实体赏罚,8390484,840,A168_HF9F_20260827_0900,2026-08-27 09:00:00
2026-03-23,94151214,2174,0,44.0179593276,11.0044898319,11.0044898319,1.0000000,4,4,0.49324550000000000,0.493245500000,1.01360149184955,1.01360149184955,1.01360149184955,0E-17,ELIGIBLE,R03b_20260811_FULL_v1,L1_ELIGIBILITY,v2026-08-11,2026-03-21..2026-08-06,baccarat_bet02_101_all_pairs_incl_sentinel,round_win = game_pnl > 0 (decisive only),COMPATIBILITY_ONLY_NOT_PRODUCTION,38226.7023,34760.5459,481.1811,2907,2903,-0.01258756,-0.02479038,-0.01019244,-0.01258756,-481.1811,38226.7023,OK,0.0000,19.2472,4.0000,96.0000,AG03-UNRESOLVED,ALL5_LEVELS_bet23_to_bet27,19.2472,19.2472,19.2472,28.8709,28.8709,4.000000,4.000000,4.000000,6.000000,6.000000,96.000000,96.000000,96.000000,94.000000,94.000000,5.0,115.4835,105.0165,365.6976,376.1646,PENDING_AG03,FALSE,NOT_FOR_ENFORCEMENT,461.9338,33370.1240,481.1811,461.9338,19.2472,0.01258756,0.01208406,19.2472,461.9338,0.01208406,19.2472,19.2472,19.2472,28.8709,28.8709,461.9338,0.01208406,115.4835,105.0165,365.6976,376.1646,0.00956655,0.00984036,0.00050350,13.1499,11.9740,0.1658,6.2491,1.8090,496.4507,37.7013,10.4533,13.8512,10.2195,10.5412,18.3951,22.009,22.009,31.6236,10.5412,0.0,2.087904,3.0,1.247477,27,146,58,3,0.16407309,0.01258756,0.02479038,0E-8,0.000000,0.909326,0.001376,-0.01459794,2026-03-22,2026-08-05,77,266,243,137,0.562044,0.754684,0.794934,0.546910,,,,,,,,GLOBAL_BASELINE_NO_ENTITY_RANKING,,,NOT_APPLICABLE_GLOBAL_BASELINE,HF9g-P5,,,,X 全窗基线 · 不参与实体赏罚,8390485,840,A168_HF9F_20260827_0900,2026-08-27 09:00:00
2026-03-23,94151214,2201,0,94.6386125540,23.3295184437,23.3295184437,0.7142857,7,7,0.49899058571428571,0.498990585714,1.1392370589461878,1.139237058947701,1.1392370589461878,2.8571E-13,ELIGIBLE,R03b_20260811_FULL_v1,L1_ELIGIBILITY,v2026-08-11,2026-03-21..2026-08-06,baccarat_bet02_101_all_pairs_incl_sentinel,round_win = game_pnl > 0 (decisive only),COMPATIBILITY_ONLY_NOT_PRODUCTION,38226.7023,34760.5459,481.1811,2907,2903,-0.01258756,-0.02479038,-0.01019244,-0.01258756,-481.1811,38226.7023,OK,0.0000,19.2472,4.0000,96.0000,AG03-UNRESOLVED,ALL5_LEVELS_bet23_to_bet27,19.2472,19.2472,19.2472,28.8709,28.8709,4.000000,4.000000,4.000000,6.000000,6.000000,96.000000,96.000000,96.000000,94.000000,94.000000,5.0,115.4835,105.0165,365.6976,376.1646,PENDING_AG03,FALSE,NOT_FOR_ENFORCEMENT,461.9338,33370.1240,481.1811,461.9338,19.2472,0.01258756,0.01208406,19.2472,461.9338,0.01208406,19.2472,19.2472,19.2472,28.8709,28.8709,461.9338,0.01208406,115.4835,105.0165,365.6976,376.1646,0.00956655,0.00984036,0.00050350,13.1499,11.9740,0.1658,6.2491,1.8090,496.4507,37.7013,10.4533,13.8512,10.2195,10.5412,18.3951,22.009,22.009,31.6236,10.5412,0.0,2.087904,3.0,1.247477,27,146,58,3,0.16407309,0.01258756,0.02479038,0E-8,0.000000,0.909326,0.001376,-0.01459794,2026-03-22,2026-08-05,77,266,243,137,0.562044,0.754684,0.794934,0.546910,,,,,,,,GLOBAL_BASELINE_NO_ENTITY_RANKING,,,NOT_APPLICABLE_GLOBAL_BASELINE,HF9g-P5,,,,X 全窗基线 · 不参与实体赏罚,8390486,840,A168_HF9F_20260827_0900,2026-08-27 09:00:00
2026-03-23,94151214,2202,0,129.8529800163,-19.8080816974,-19.8080816974,0.4000000,11,11,0.49690146363636364,0.496901463636,-0.6128704357521306,-0.6128704357498335,-0.6128704357521306,3.6364E-13,ELIGIBLE,R03b_20260811_FULL_v1,L1_ELIGIBILITY,v2026-08-11,2026-03-21..2026-08-06,baccarat_bet02_101_all_pairs_incl_sentinel,round_win = game_pnl > 0 (decisive only),COMPATIBILITY_ONLY_NOT_PRODUCTION,38226.7023,34760.5459,481.1811,2907,2903,-0.01258756,-0.02479038,-0.01019244,-0.01258756,-481.1811,38226.7023,OK,0.0000,19.2472,4.0000,96.0000,AG03-UNRESOLVED,ALL5_LEVELS_bet23_to_bet27,19.2472,19.2472,19.2472,28.8709,28.8709,4.000000,4.000000,4.000000,6.000000,6.000000,96.000000,96.000000,96.000000,94.000000,94.000000,5.0,115.4835,105.0165,365.6976,376.1646,PENDING_AG03,FALSE,NOT_FOR_ENFORCEMENT,461.9338,33370.1240,481.1811,461.9338,19.2472,0.01258756,0.01208406,19.2472,461.9338,0.01208406,19.2472,19.2472,19.2472,28.8709,28.8709,461.9338,0.01208406,115.4835,105.0165,365.6976,376.1646,0.00956655,0.00984036,0.00050350,13.1499,11.9740,0.1658,6.2491,1.8090,496.4507,37.7013,10.4533,13.8512,10.2195,10.5412,18.3951,22.009,22.009,31.6236,10.5412,0.0,2.087904,3.0,1.247477,27,146,58,3,0.16407309,0.01258756,0.02479038,0E-8,0.000000,0.909326,0.001376,-0.01459794,2026-03-22,2026-08-05,77,266,243,137,0.562044,0.754684,0.794934,0.546910,,,,,,,,GLOBAL_BASELINE_NO_ENTITY_RANKING,,,NOT_APPLICABLE_GLOBAL_BASELINE,HF9g-P5,,,,X 全窗基线 · 不参与实体赏罚,8390487,840,A168_HF9F_20260827_0900,2026-08-27 09:00:00
2026-03-23,94151214,2232,0,17.6071837310,-17.6071837310,-17.6071837310,0E-7,2,2,0.49324550000000000,0.493245500000,-1.3952362676504506,-1.3952362676504506,-1.3952362676504506,0E-17,ELIGIBLE,R03b_20260811_FULL_v1,L1_ELIGIBILITY,v2026-08-11,2026-03-21..2026-08-06,baccarat_bet02_101_all_pairs_incl_sentinel,round_win = game_pnl > 0 (decisive only),COMPATIBILITY_ONLY_NOT_PRODUCTION,38226.7023,34760.5459,481.1811,2907,2903,-0.01258756,-0.02479038,-0.01019244,-0.01258756,-481.1811,38226.7023,OK,0.0000,19.2472,4.0000,96.0000,AG03-UNRESOLVED,ALL5_LEVELS_bet23_to_bet27,19.2472,19.2472,19.2472,28.8709,28.8709,4.000000,4.000000,4.000000,6.000000,6.000000,96.000000,96.000000,96.000000,94.000000,94.000000,5.0,115.4835,105.0165,365.6976,376.1646,PENDING_AG03,FALSE,NOT_FOR_ENFORCEMENT,461.9338,33370.1240,481.1811,461.9338,19.2472,0.01258756,0.01208406,19.2472,461.9338,0.01208406,19.2472,19.2472,19.2472,28.8709,28.8709,461.9338,0.01208406,115.4835,105.0165,365.6976,376.1646,0.00956655,0.00984036,0.00050350,13.1499,11.9740,0.1658,6.2491,1.8090,496.4507,37.7013,10.4533,13.8512,10.2195,10.5412,18.3951,22.009,22.009,31.6236,10.5412,0.0,2.087904,3.0,1.247477,27,146,58,3,0.16407309,0.01258756,0.02479038,0E-8,0.000000,0.909326,0.001376,-0.01459794,2026-03-22,2026-08-05,77,266,243,137,0.562044,0.754684,0.794934,0.546910,,,,,,,,GLOBAL_BASELINE_NO_ENTITY_RANKING,,,NOT_APPLICABLE_GLOBAL_BASELINE,HF9g-P5,,,,X 全窗基线 · 不参与实体赏罚,8390488,840,A168_HF9F_20260827_0900,2026-08-27 09:00:00
2026-03-23,94151214,2235,0,44.4581389207,-44.4581389207,-44.4581389207,0E-7,3,3,0.50218230000000000,0.502182300000,-1.7396270863184011,-1.7396270863184016,-1.7396270863184011,0E-17,ELIGIBLE,R03b_20260811_FULL_v1,L1_ELIGIBILITY,v2026-08-11,2026-03-21..2026-08-06,baccarat_bet02_101_all_pairs_incl_sentinel,round_win = game_pnl > 0 (decisive only),COMPATIBILITY_ONLY_NOT_PRODUCTION,38226.7023,34760.5459,481.1811,2907,2903,-0.01258756,-0.02479038,-0.01019244,-0.01258756,-481.1811,38226.7023,OK,0.0000,19.2472,4.0000,96.0000,AG03-UNRESOLVED,ALL5_LEVELS_bet23_to_bet27,19.2472,19.2472,19.2472,28.8709,28.8709,4.000000,4.000000,4.000000,6.000000,6.000000,96.000000,96.000000,96.000000,94.000000,94.000000,5.0,115.4835,105.0165,365.6976,376.1646,PENDING_AG03,FALSE,NOT_FOR_ENFORCEMENT,461.9338,33370.1240,481.1811,461.9338,19.2472,0.01258756,0.01208406,19.2472,461.9338,0.01208406,19.2472,19.2472,19.2472,28.8709,28.8709,461.9338,0.01208406,115.4835,105.0165,365.6976,376.1646,0.00956655,0.00984036,0.00050350,13.1499,11.9740,0.1658,6.2491,1.8090,496.4507,37.7013,10.4533,13.8512,10.2195,10.5412,18.3951,22.009,22.009,31.6236,10.5412,0.0,2.087904,3.0,1.247477,27,146,58,3,0.16407309,0.01258756,0.02479038,0E-8,0.000000,0.909326,0.001376,-0.01459794,2026-03-22,2026-08-05,77,266,243,137,0.562044,0.754684,0.794934,0.546910,,,,,,,,GLOBAL_BASELINE_NO_ENTITY_RANKING,,,NOT_APPLICABLE_GLOBAL_BASELINE,HF9g-P5,,,,X 全窗基线 · 不参与实体赏罚,8390489,840,A168_HF9F_20260827_0900,2026-08-27 09:00:00
2026-03-23,94151214,2246,0,55.4626287526,-33.2335592923,-33.2335592923,0E-7,4,4,0.50329940000000000,0.503299400000,-1.743518224870635,-1.743518224870635,-1.743518224870635,0E-17,ELIGIBLE,R03b_20260811_FULL_v1,L1_ELIGIBILITY,v2026-08-11,2026-03-21..2026-08-06,baccarat_bet02_101_all_pairs_incl_sentinel,round_win = game_pnl > 0 (decisive only),COMPATIBILITY_ONLY_NOT_PRODUCTION,38226.7023,34760.5459,481.1811,2907,2903,-0.01258756,-0.02479038,-0.01019244,-0.01258756,-481.1811,38226.7023,OK,0.0000,19.2472,4.0000,96.0000,AG03-UNRESOLVED,ALL5_LEVELS_bet23_to_bet27,19.2472,19.2472,19.2472,28.8709,28.8709,4.000000,4.000000,4.000000,6.000000,6.000000,96.000000,96.000000,96.000000,94.000000,94.000000,5.0,115.4835,105.0165,365.6976,376.1646,PENDING_AG03,FALSE,NOT_FOR_ENFORCEMENT,461.9338,33370.1240,481.1811,461.9338,19.2472,0.01258756,0.01208406,19.2472,461.9338,0.01208406,19.2472,19.2472,19.2472,28.8709,28.8709,461.9338,0.01208406,115.4835,105.0165,365.6976,376.1646,0.00956655,0.00984036,0.00050350,13.1499,11.9740,0.1658,6.2491,1.8090,496.4507,37.7013,10.4533,13.8512,10.2195,10.5412,18.3951,22.009,22.009,31.6236,10.5412,0.0,2.087904,3.0,1.247477,27,146,58,3,0.16407309,0.01258756,0.02479038,0E-8,0.000000,0.909326,0.001376,-0.01459794,2026-03-22,2026-08-05,77,266,243,137,0.562044,0.754684,0.794934,0.546910,,,,,,,,GLOBAL_BASELINE_NO_ENTITY_RANKING,,,NOT_APPLICABLE_GLOBAL_BASELINE,HF9g-P5,,,,X 全窗基线 · 不参与实体赏罚,8390490,840,A168_HF9F_20260827_0900,2026-08-27 09:00:00
2026-03-23,94151214,2264,0,81.4332247558,64.4863104148,64.4863104148,0.8571429,7,7,0.50473567142857143,0.504735671429,1.8648471934442603,1.8648471934420079,1.8648471934442603,-4.2857E-13,ELIGIBLE,R03b_20260811_FULL_v1,L1_ELIGIBILITY,v2026-08-11,2026-03-21..2026-08-06,baccarat_bet02_101_all_pairs_incl_sentinel,round_win = game_pnl > 0 (decisive only),COMPATIBILITY_ONLY_NOT_PRODUCTION,38226.7023,34760.5459,481.1811,2907,2903,-0.01258756,-0.02479038,-0.01019244,-0.01258756,-481.1811,38226.7023,OK,0.0000,19.2472,4.0000,96.0000,AG03-UNRESOLVED,ALL5_LEVELS_bet23_to_bet27,19.2472,19.2472,19.2472,28.8709,28.8709,4.000000,4.000000,4.000000,6.000000,6.000000,96.000000,96.000000,96.000000,94.000000,94.000000,5.0,115.4835,105.0165,365.6976,376.1646,PENDING_AG03,FALSE,NOT_FOR_ENFORCEMENT,461.9338,33370.1240,481.1811,461.9338,19.2472,0.01258756,0.01208406,19.2472,461.9338,0.01208406,19.2472,19.2472,19.2472,28.8709,28.8709,461.9338,0.01208406,115.4835,105.0165,365.6976,376.1646,0.00956655,0.00984036,0.00050350,13.1499,11.9740,0.1658,6.2491,1.8090,496.4507,37.7013,10.4533,13.8512,10.2195,10.5412,18.3951,22.009,22.009,31.6236,10.5412,0.0,2.087904,3.0,1.247477,27,146,58,3,0.16407309,0.01258756,0.02479038,0E-8,0.000000,0.909326,0.001376,-0.01459794,2026-03-22,2026-08-05,77,266,243,137,0.562044,0.754684,0.794934,0.546910,,,,,,,,GLOBAL_BASELINE_NO_ENTITY_RANKING,,,NOT_APPLICABLE_GLOBAL_BASELINE,HF9g-P5,,,,X 全窗基线 · 不参与实体赏罚,8390491,840,A168_HF9F_20260827_0900,2026-08-27 09:00:00
2026-03-23,94151214,550,0,22.0089796637,21.2386653755,21.2386653755,1.0000000,3,3,0.50218230000000000,0.502182300000,1.724507524396475,1.7245075243964754,1.724507524396475,0E-17,ELIGIBLE,R03b_20260811_FULL_v1,L1_ELIGIBILITY,v2026-08-11,2026-03-21..2026-08-06,baccarat_bet02_101_all_pairs_incl_sentinel,round_win = game_pnl > 0 (decisive only),COMPATIBILITY_ONLY_NOT_PRODUCTION,38226.7023,34760.5459,481.1811,2907,2903,-0.01258756,-0.02479038,-0.01019244,-0.01258756,-481.1811,38226.7023,OK,0.0000,19.2472,4.0000,96.0000,AG03-UNRESOLVED,ALL5_LEVELS_bet23_to_bet27,19.2472,19.2472,19.2472,28.8709,28.8709,4.000000,4.000000,4.000000,6.000000,6.000000,96.000000,96.000000,96.000000,94.000000,94.000000,5.0,115.4835,105.0165,365.6976,376.1646,PENDING_AG03,FALSE,NOT_FOR_ENFORCEMENT,461.9338,33370.1240,481.1811,461.9338,19.2472,0.01258756,0.01208406,19.2472,461.9338,0.01208406,19.2472,19.2472,19.2472,28.8709,28.8709,461.9338,0.01208406,115.4835,105.0165,365.6976,376.1646,0.00956655,0.00984036,0.00050350,13.1499,11.9740,0.1658,6.2491,1.8090,496.4507,37.7013,10.4533,13.8512,10.2195,10.5412,18.3951,22.009,22.009,31.6236,10.5412,0.0,2.087904,3.0,1.247477,27,146,58,3,0.16407309,0.01258756,0.02479038,0E-8,0.000000,0.909326,0.001376,-0.01459794,2026-03-22,2026-08-05,77,266,243,137,0.562044,0.754684,0.794934,0.546910,,,,,,,,GLOBAL_BASELINE_NO_ENTITY_RANKING,,,NOT_APPLICABLE_GLOBAL_BASELINE,HF9g-P5,,,,X 全窗基线 · 不参与实体赏罚,8390492,840,A168_HF9F_20260827_0900,2026-08-27 09:00:00
2026-03-23,94151214,925,0,77.0314288231,31.3627960208,31.3627960208,0.7500000,5,5,0.50396966000000000,0.503969660000,0.9841523774297893,0.9841523774297894,0.9841523774297893,0E-17,ELIGIBLE,R03b_20260811_FULL_v1,L1_ELIGIBILITY,v2026-08-11,2026-03-21..2026-08-06,baccarat_bet02_101_all_pairs_incl_sentinel,round_win = game_pnl > 0 (decisive only),COMPATIBILITY_ONLY_NOT_PRODUCTION,38226.7023,34760.5459,481.1811,2907,2903,-0.01258756,-0.02479038,-0.01019244,-0.01258756,-481.1811,38226.7023,OK,0.0000,19.2472,4.0000,96.0000,AG03-UNRESOLVED,ALL5_LEVELS_bet23_to_bet27,19.2472,19.2472,19.2472,28.8709,28.8709,4.000000,4.000000,4.000000,6.000000,6.000000,96.000000,96.000000,96.000000,94.000000,94.000000,5.0,115.4835,105.0165,365.6976,376.1646,PENDING_AG03,FALSE,NOT_FOR_ENFORCEMENT,461.9338,33370.1240,481.1811,461.9338,19.2472,0.01258756,0.01208406,19.2472,461.9338,0.01208406,19.2472,19.2472,19.2472,28.8709,28.8709,461.9338,0.01208406,115.4835,105.0165,365.6976,376.1646,0.00956655,0.00984036,0.00050350,13.1499,11.9740,0.1658,6.2491,1.8090,496.4507,37.7013,10.4533,13.8512,10.2195,10.5412,18.3951,22.009,22.009,31.6236,10.5412,0.0,2.087904,3.0,1.247477,27,146,58,3,0.16407309,0.01258756,0.02479038,0E-8,0.000000,0.909326,0.001376,-0.01459794,2026-03-22,2026-08-05,77,266,243,137,0.562044,0.754684,0.794934,0.546910,,,,,,,,GLOBAL_BASELINE_NO_ENTITY_RANKING,,,NOT_APPLICABLE_GLOBAL_BASELINE,HF9g-P5,,,,X 全窗基线 · 不参与实体赏罚,8390493,840,A168_HF9F_20260827_0900,2026-08-27 09:00:00
2026-03-24,94151214,-1,1,594.2424509204,-99.0404084867,-99.0404084867,0.4411765,35,35,0.49975659714285714,0.499756597143,-0.6831558808149775,-0.6831558808166435,-0.6831558808149775,-1.4286E-13,SENTINEL_DEALER,R03b_20260811_FULL_v1,L1_ELIGIBILITY,v2026-08-11,2026-03-21..2026-08-06,baccarat_bet02_101_all_pairs_incl_sentinel,round_win = game_pnl > 0 (decisive only),COMPATIBILITY_ONLY_NOT_PRODUCTION,38226.7023,34760.5459,481.1811,2907,2903,-0.01258756,-0.02479038,-0.01019244,-0.01258756,-481.1811,38226.7023,OK,0.0000,19.2472,4.0000,96.0000,AG03-UNRESOLVED,ALL5_LEVELS_bet23_to_bet27,19.2472,19.2472,19.2472,28.8709,28.8709,4.000000,4.000000,4.000000,6.000000,6.000000,96.000000,96.000000,96.000000,94.000000,94.000000,5.0,115.4835,105.0165,365.6976,376.1646,PENDING_AG03,FALSE,NOT_FOR_ENFORCEMENT,461.9338,33370.1240,481.1811,461.9338,19.2472,0.01258756,0.01208406,19.2472,461.9338,0.01208406,19.2472,19.2472,19.2472,28.8709,28.8709,461.9338,0.01208406,115.4835,105.0165,365.6976,376.1646,0.00956655,0.00984036,0.00050350,13.1499,11.9740,0.1658,6.2491,1.8090,496.4507,37.7013,10.4533,13.8512,10.2195,10.5412,18.3951,22.009,22.009,31.6236,10.5412,0.0,2.087904,3.0,1.247477,27,146,58,3,0.16407309,0.01258756,0.02479038,0E-8,0.000000,0.909326,0.001376,-0.01459794,2026-03-22,2026-08-05,77,266,243,137,0.562044,0.754684,0.794934,0.546910,,,,,,,,GLOBAL_BASELINE_NO_ENTITY_RANKING,,,NOT_APPLICABLE_GLOBAL_BASELINE,HF9g-P5,,,,X 全窗基线 · 不参与实体赏罚,8390494,840,A168_HF9F_20260827_0900,2026-08-27 09:00:00
2026-03-24,94151214,1151,0,55.0224491595,-12.1049388151,-12.1049388151,0.4000000,5,5,0.50128862000000000,0.501288620000,-0.4529779837142727,-0.4529779837142727,-0.4529779837142727,0E-17,ELIGIBLE,R03b_20260811_FULL_v1,L1_ELIGIBILITY,v2026-08-11,2026-03-21..2026-08-06,baccarat_bet02_101_all_pairs_incl_sentinel,round_win = game_pnl > 0 (decisive only),COMPATIBILITY_ONLY_NOT_PRODUCTION,38226.7023,34760.5459,481.1811,2907,2903,-0.01258756,-0.02479038,-0.01019244,-0.01258756,-481.1811,38226.7023,OK,0.0000,19.2472,4.0000,96.0000,AG03-UNRESOLVED,ALL5_LEVELS_bet23_to_bet27,19.2472,19.2472,19.2472,28.8709,28.8709,4.000000,4.000000,4.000000,6.000000,6.000000,96.000000,96.000000,96.000000,94.000000,94.000000,5.0,115.4835,105.0165,365.6976,376.1646,PENDING_AG03,FALSE,NOT_FOR_ENFORCEMENT,461.9338,33370.1240,481.1811,461.9338,19.2472,0.01258756,0.01208406,19.2472,461.9338,0.01208406,19.2472,19.2472,19.2472,28.8709,28.8709,461.9338,0.01208406,115.4835,105.0165,365.6976,376.1646,0.00956655,0.00984036,0.00050350,13.1499,11.9740,0.1658,6.2491,1.8090,496.4507,37.7013,10.4533,13.8512,10.2195,10.5412,18.3951,22.009,22.009,31.6236,10.5412,0.0,2.087904,3.0,1.247477,27,146,58,3,0.16407309,0.01258756,0.02479038,0E-8,0.000000,0.909326,0.001376,-0.01459794,2026-03-22,2026-08-05,77,266,243,137,0.562044,0.754684,0.794934,0.546910,,,,,,,,GLOBAL_BASELINE_NO_ENTITY_RANKING,,,NOT_APPLICABLE_GLOBAL_BASELINE,HF9g-P5,,,,X 全窗基线 · 不参与实体赏罚,8390495,840,A168_HF9F_20260827_0900,2026-08-27 09:00:00
2026-03-24,94151214,1210,0,19.8080816974,-19.8080816974,-19.8080816974,0E-7,2,2,0.50665070000000000,0.506650700000,-1.4331513700195317,-1.4331513700195317,-1.4331513700195317,0E-17,ELIGIBLE,R03b_20260811_FULL_v1,L1_ELIGIBILITY,v2026-08-11,2026-03-21..2026-08-06,baccarat_bet02_101_all_pairs_incl_sentinel,round_win = game_pnl > 0 (decisive only),COMPATIBILITY_ONLY_NOT_PRODUCTION,38226.7023,34760.5459,481.1811,2907,2903,-0.01258756,-0.02479038,-0.01019244,-0.01258756,-481.1811,38226.7023,OK,0.0000,19.2472,4.0000,96.0000,AG03-UNRESOLVED,ALL5_LEVELS_bet23_to_bet27,19.2472,19.2472,19.2472,28.8709,28.8709,4.000000,4.000000,4.000000,6.000000,6.000000,96.000000,96.000000,96.000000,94.000000,94.000000,5.0,115.4835,105.0165,365.6976,376.1646,PENDING_AG03,FALSE,NOT_FOR_ENFORCEMENT,461.9338,33370.1240,481.1811,461.9338,19.2472,0.01258756,0.01208406,19.2472,461.9338,0.01208406,19.2472,19.2472,19.2472,28.8709,28.8709,461.9338,0.01208406,115.4835,105.0165,365.6976,376.1646,0.00956655,0.00984036,0.00050350,13.1499,11.9740,0.1658,6.2491,1.8090,496.4507,37.7013,10.4533,13.8512,10.2195,10.5412,18.3951,22.009,22.009,31.6236,10.5412,0.0,2.087904,3.0,1.247477,27,146,58,3,0.16407309,0.01258756,0.02479038,0E-8,0.000000,0.909326,0.001376,-0.01459794,2026-03-22,2026-08-05,77,266,243,137,0.562044,0.754684,0.794934,0.546910,,,,,,,,GLOBAL_BASELINE_NO_ENTITY_RANKING,,,NOT_APPLICABLE_GLOBAL_BASELINE,HF9g-P5,,,,X 全窗基线 · 不参与实体赏罚,8390496,840,A168_HF9F_20260827_0900,2026-08-27 09:00:00
2026-03-24,94151214,1325,0,141.5177392378,-33.0794964345,-33.0794964345,0.4285714,8,8,0.49994810000000000,0.499948100000,-0.377689846057837,-0.377689846057837,-0.377689846057837,0E-17,ELIGIBLE,R03b_20260811_FULL_v1,L1_ELIGIBILITY,v2026-08-11,2026-03-21..2026-08-06,baccarat_bet02_101_all_pairs_incl_sentinel,round_win = game_pnl > 0 (decisive only),COMPATIBILITY_ONLY_NOT_PRODUCTION,38226.7023,34760.5459,481.1811,2907,2903,-0.01258756,-0.02479038,-0.01019244,-0.01258756,-481.1811,38226.7023,OK,0.0000,19.2472,4.0000,96.0000,AG03-UNRESOLVED,ALL5_LEVELS_bet23_to_bet27,19.2472,19.2472,19.2472,28.8709,28.8709,4.000000,4.000000,4.000000,6.000000,6.000000,96.000000,96.000000,96.000000,94.000000,94.000000,5.0,115.4835,105.0165,365.6976,376.1646,PENDING_AG03,FALSE,NOT_FOR_ENFORCEMENT,461.9338,33370.1240,481.1811,461.9338,19.2472,0.01258756,0.01208406,19.2472,461.9338,0.01208406,19.2472,19.2472,19.2472,28.8709,28.8709,461.9338,0.01208406,115.4835,105.0165,365.6976,376.1646,0.00956655,0.00984036,0.00050350,13.1499,11.9740,0.1658,6.2491,1.8090,496.4507,37.7013,10.4533,13.8512,10.2195,10.5412,18.3951,22.009,22.009,31.6236,10.5412,0.0,2.087904,3.0,1.247477,27,146,58,3,0.16407309,0.01258756,0.02479038,0E-8,0.000000,0.909326,0.001376,-0.01459794,2026-03-22,2026-08-05,77,266,243,137,0.562044,0.754684,0.794934,0.546910,,,,,,,,GLOBAL_BASELINE_NO_ENTITY_RANKING,,,NOT_APPLICABLE_GLOBAL_BASELINE,HF9g-P5,,,,X 全窗基线 · 不参与实体赏罚,8390497,840,A168_HF9F_20260827_0900,2026-08-27 09:00:00
2026-03-24,94151214,1363,0,180.4736332428,99.5906329784,99.5906329784,0.7142857,14,14,0.49611804285714286,0.496118042857,1.6326665666891687,1.6326665666902411,1.6326665666891687,1.4286E-13,ELIGIBLE,R03b_20260811_FULL_v1,L1_ELIGIBILITY,v2026-08-11,2026-03-21..2026-08-06,baccarat_bet02_101_all_pairs_incl_sentinel,round_win = game_pnl > 0 (decisive only),COMPATIBILITY_ONLY_NOT_PRODUCTION,38226.7023,34760.5459,481.1811,2907,2903,-0.01258756,-0.02479038,-0.01019244,-0.01258756,-481.1811,38226.7023,OK,0.0000,19.2472,4.0000,96.0000,AG03-UNRESOLVED,ALL5_LEVELS_bet23_to_bet27,19.2472,19.2472,19.2472,28.8709,28.8709,4.000000,4.000000,4.000000,6.000000,6.000000,96.000000,96.000000,96.000000,94.000000,94.000000,5.0,115.4835,105.0165,365.6976,376.1646,PENDING_AG03,FALSE,NOT_FOR_ENFORCEMENT,461.9338,33370.1240,481.1811,461.9338,19.2472,0.01258756,0.01208406,19.2472,461.9338,0.01208406,19.2472,19.2472,19.2472,28.8709,28.8709,461.9338,0.01208406,115.4835,105.0165,365.6976,376.1646,0.00956655,0.00984036,0.00050350,13.1499,11.9740,0.1658,6.2491,1.8090,496.4507,37.7013,10.4533,13.8512,10.2195,10.5412,18.3951,22.009,22.009,31.6236,10.5412,0.0,2.087904,3.0,1.247477,27,146,58,3,0.16407309,0.01258756,0.02479038,0E-8,0.000000,0.909326,0.001376,-0.01459794,2026-03-22,2026-08-05,77,266,243,137,0.562044,0.754684,0.794934,0.546910,,,,,,,,GLOBAL_BASELINE_NO_ENTITY_RANKING,,,NOT_APPLICABLE_GLOBAL_BASELINE,HF9g-P5,,,,X 全窗基线 · 不参与实体赏罚,8390498,840,A168_HF9F_20260827_0900,2026-08-27 09:00:00
2026-03-24,94151214,1491,0,147.4601637469,-10.3442204419,-10.3442204419,0.5555556,11,11,0.50421339090909091,0.504213390909,0.3080639259830636,0.30806392598360854,0.3080639259830636,9.091E-14,ELIGIBLE,R03b_20260811_FULL_v1,L1_ELIGIBILITY,v2026-08-11,2026-03-21..2026-08-06,baccarat_bet02_101_all_pairs_incl_sentinel,round_win = game_pnl > 0 (decisive only),COMPATIBILITY_ONLY_NOT_PRODUCTION,38226.7023,34760.5459,481.1811,2907,2903,-0.01258756,-0.02479038,-0.01019244,-0.01258756,-481.1811,38226.7023,OK,0.0000,19.2472,4.0000,96.0000,AG03-UNRESOLVED,ALL5_LEVELS_bet23_to_bet27,19.2472,19.2472,19.2472,28.8709,28.8709,4.000000,4.000000,4.000000,6.000000,6.000000,96.000000,96.000000,96.000000,94.000000,94.000000,5.0,115.4835,105.0165,365.6976,376.1646,PENDING_AG03,FALSE,NOT_FOR_ENFORCEMENT,461.9338,33370.1240,481.1811,461.9338,19.2472,0.01258756,0.01208406,19.2472,461.9338,0.01208406,19.2472,19.2472,19.2472,28.8709,28.8709,461.9338,0.01208406,115.4835,105.0165,365.6976,376.1646,0.00956655,0.00984036,0.00050350,13.1499,11.9740,0.1658,6.2491,1.8090,496.4507,37.7013,10.4533,13.8512,10.2195,10.5412,18.3951,22.009,22.009,31.6236,10.5412,0.0,2.087904,3.0,1.247477,27,146,58,3,0.16407309,0.01258756,0.02479038,0E-8,0.000000,0.909326,0.001376,-0.01459794,2026-03-22,2026-08-05,77,266,243,137,0.562044,0.754684,0.794934,0.546910,,,,,,,,GLOBAL_BASELINE_NO_ENTITY_RANKING,,,NOT_APPLICABLE_GLOBAL_BASELINE,HF9g-P5,,,,X 全窗基线 · 不参与实体赏罚,8390499,840,A168_HF9F_20260827_0900,2026-08-27 09:00:00
2026-03-24,94151214,1505,0,264.1077559647,86.6053349768,86.6053349768,0.7333333,17,17,0.49876528823529412,0.498765288235,1.8169618044070162,1.8169618044092972,1.8169618044070162,2.9412E-13,ELIGIBLE,R03b_20260811_FULL_v1,L1_ELIGIBILITY,v2026-08-11,2026-03-21..2026-08-06,baccarat_bet02_101_all_pairs_incl_sentinel,round_win = game_pnl > 0 (decisive only),COMPATIBILITY_ONLY_NOT_PRODUCTION,38226.7023,34760.5459,481.1811,2907,2903,-0.01258756,-0.02479038,-0.01019244,-0.01258756,-481.1811,38226.7023,OK,0.0000,19.2472,4.0000,96.0000,AG03-UNRESOLVED,ALL5_LEVELS_bet23_to_bet27,19.2472,19.2472,19.2472,28.8709,28.8709,4.000000,4.000000,4.000000,6.000000,6.000000,96.000000,96.000000,96.000000,94.000000,94.000000,5.0,115.4835,105.0165,365.6976,376.1646,PENDING_AG03,FALSE,NOT_FOR_ENFORCEMENT,461.9338,33370.1240,481.1811,461.9338,19.2472,0.01258756,0.01208406,19.2472,461.9338,0.01208406,19.2472,19.2472,19.2472,28.8709,28.8709,461.9338,0.01208406,115.4835,105.0165,365.6976,376.1646,0.00956655,0.00984036,0.00050350,13.1499,11.9740,0.1658,6.2491,1.8090,496.4507,37.7013,10.4533,13.8512,10.2195,10.5412,18.3951,22.009,22.009,31.6236,10.5412,0.0,2.087904,3.0,1.247477,27,146,58,3,0.16407309,0.01258756,0.02479038,0E-8,0.000000,0.909326,0.001376,-0.01459794,2026-03-22,2026-08-05,77,266,243,137,0.562044,0.754684,0.794934,0.546910,,,,,,,,GLOBAL_BASELINE_NO_ENTITY_RANKING,,,NOT_APPLICABLE_GLOBAL_BASELINE,HF9g-P5,,,,X 全窗基线 · 不参与实体赏罚,8390500,840,A168_HF9F_20260827_0900,2026-08-27 09:00:00
2026-03-24,94151214,1949,0,55.0224491594,55.0224491594,55.0224491594,1.0000000,4,4,0.49324550000000000,0.493245500000,2.0272029836991,2.0272029836991,2.0272029836991,0E-17,ELIGIBLE,R03b_20260811_FULL_v1,L1_ELIGIBILITY,v2026-08-11,2026-03-21..2026-08-06,baccarat_bet02_101_all_pairs_incl_sentinel,round_win = game_pnl > 0 (decisive only),COMPATIBILITY_ONLY_NOT_PRODUCTION,38226.7023,34760.5459,481.1811,2907,2903,-0.01258756,-0.02479038,-0.01019244,-0.01258756,-481.1811,38226.7023,OK,0.0000,19.2472,4.0000,96.0000,AG03-UNRESOLVED,ALL5_LEVELS_bet23_to_bet27,19.2472,19.2472,19.2472,28.8709,28.8709,4.000000,4.000000,4.000000,6.000000,6.000000,96.000000,96.000000,96.000000,94.000000,94.000000,5.0,115.4835,105.0165,365.6976,376.1646,PENDING_AG03,FALSE,NOT_FOR_ENFORCEMENT,461.9338,33370.1240,481.1811,461.9338,19.2472,0.01258756,0.01208406,19.2472,461.9338,0.01208406,19.2472,19.2472,19.2472,28.8709,28.8709,461.9338,0.01208406,115.4835,105.0165,365.6976,376.1646,0.00956655,0.00984036,0.00050350,13.1499,11.9740,0.1658,6.2491,1.8090,496.4507,37.7013,10.4533,13.8512,10.2195,10.5412,18.3951,22.009,22.009,31.6236,10.5412,0.0,2.087904,3.0,1.247477,27,146,58,3,0.16407309,0.01258756,0.02479038,0E-8,0.000000,0.909326,0.001376,-0.01459794,2026-03-22,2026-08-05,77,266,243,137,0.562044,0.754684,0.794934,0.546910,,,,,,,,GLOBAL_BASELINE_NO_ENTITY_RANKING,,,NOT_APPLICABLE_GLOBAL_BASELINE,HF9g-P5,,,,X 全窗基线 · 不参与实体赏罚,8390501,840,A168_HF9F_20260827_0900,2026-08-27 09:00:00
2026-03-24,94151214,2153,0,165.2874372747,-44.8873140242,-44.8873140242,0.4000000,12,12,0.50329940000000000,0.503299400000,-0.6533369945182288,-0.6533369945182289,-0.6533369945182288,0E-17,ELIGIBLE,R03b_20260811_FULL_v1,L1_ELIGIBILITY,v2026-08-11,2026-03-21..2026-08-06,baccarat_bet02_101_all_pairs_incl_sentinel,round_win = game_pnl > 0 (decisive only),COMPATIBILITY_ONLY_NOT_PRODUCTION,38226.7023,34760.5459,481.1811,2907,2903,-0.01258756,-0.02479038,-0.01019244,-0.01258756,-481.1811,38226.7023,OK,0.0000,19.2472,4.0000,96.0000,AG03-UNRESOLVED,ALL5_LEVELS_bet23_to_bet27,19.2472,19.2472,19.2472,28.8709,28.8709,4.000000,4.000000,4.000000,6.000000,6.000000,96.000000,96.000000,96.000000,94.000000,94.000000,5.0,115.4835,105.0165,365.6976,376.1646,PENDING_AG03,FALSE,NOT_FOR_ENFORCEMENT,461.9338,33370.1240,481.1811,461.9338,19.2472,0.01258756,0.01208406,19.2472,461.9338,0.01208406,19.2472,19.2472,19.2472,28.8709,28.8709,461.9338,0.01208406,115.4835,105.0165,365.6976,376.1646,0.00956655,0.00984036,0.00050350,13.1499,11.9740,0.1658,6.2491,1.8090,496.4507,37.7013,10.4533,13.8512,10.2195,10.5412,18.3951,22.009,22.009,31.6236,10.5412,0.0,2.087904,3.0,1.247477,27,146,58,3,0.16407309,0.01258756,0.02479038,0E-8,0.000000,0.909326,0.001376,-0.01459794,2026-03-22,2026-08-05,77,266,243,137,0.562044,0.754684,0.794934,0.546910,,,,,,,,GLOBAL_BASELINE_NO_ENTITY_RANKING,,,NOT_APPLICABLE_GLOBAL_BASELINE,HF9g-P5,,,,X 全窗基线 · 不参与实体赏罚,8390502,840,A168_HF9F_20260827_0900,2026-08-27 09:00:00
2026-03-24,94151214,2233,0,11.0044898319,-11.0044898319,-11.0044898319,0E-7,1,1,0.50665070000000000,0.506650700000,-1.013391052207602,-1.013391052207602,-1.013391052207602,0E-17,ELIGIBLE,R03b_20260811_FULL_v1,L1_ELIGIBILITY,v2026-08-11,2026-03-21..2026-08-06,baccarat_bet02_101_all_pairs_incl_sentinel,round_win = game_pnl > 0 (decisive only),COMPATIBILITY_ONLY_NOT_PRODUCTION,38226.7023,34760.5459,481.1811,2907,2903,-0.01258756,-0.02479038,-0.01019244,-0.01258756,-481.1811,38226.7023,OK,0.0000,19.2472,4.0000,96.0000,AG03-UNRESOLVED,ALL5_LEVELS_bet23_to_bet27,19.2472,19.2472,19.2472,28.8709,28.8709,4.000000,4.000000,4.000000,6.000000,6.000000,96.000000,96.000000,96.000000,94.000000,94.000000,5.0,115.4835,105.0165,365.6976,376.1646,PENDING_AG03,FALSE,NOT_FOR_ENFORCEMENT,461.9338,33370.1240,481.1811,461.9338,19.2472,0.01258756,0.01208406,19.2472,461.9338,0.01208406,19.2472,19.2472,19.2472,28.8709,28.8709,461.9338,0.01208406,115.4835,105.0165,365.6976,376.1646,0.00956655,0.00984036,0.00050350,13.1499,11.9740,0.1658,6.2491,1.8090,496.4507,37.7013,10.4533,13.8512,10.2195,10.5412,18.3951,22.009,22.009,31.6236,10.5412,0.0,2.087904,3.0,1.247477,27,146,58,3,0.16407309,0.01258756,0.02479038,0E-8,0.000000,0.909326,0.001376,-0.01459794,2026-03-22,2026-08-05,77,266,243,137,0.562044,0.754684,0.794934,0.546910,,,,,,,,GLOBAL_BASELINE_NO_ENTITY_RANKING,,,NOT_APPLICABLE_GLOBAL_BASELINE,HF9g-P5,,,,X 全窗基线 · 不参与实体赏罚,8390503,840,A168_HF9F_20260827_0900,2026-08-27 09:00:00
2026-03-24,94151214,2252,0,182.8946210055,-58.5438859054,-58.5438859054,0.4000000,11,11,0.49812011818181818,0.498120118182,-0.6205705016316515,-0.6205705016328007,-0.6205705016316515,-1.8182E-13,ELIGIBLE,R03b_20260811_FULL_v1,L1_ELIGIBILITY,v2026-08-11,2026-03-21..2026-08-06,baccarat_bet02_101_all_pairs_incl_sentinel,round_win = game_pnl > 0 (decisive only),COMPATIBILITY_ONLY_NOT_PRODUCTION,38226.7023,34760.5459,481.1811,2907,2903,-0.01258756,-0.02479038,-0.01019244,-0.01258756,-481.1811,38226.7023,OK,0.0000,19.2472,4.0000,96.0000,AG03-UNRESOLVED,ALL5_LEVELS_bet23_to_bet27,19.2472,19.2472,19.2472,28.8709,28.8709,4.000000,4.000000,4.000000,6.000000,6.000000,96.000000,96.000000,96.000000,94.000000,94.000000,5.0,115.4835,105.0165,365.6976,376.1646,PENDING_AG03,FALSE,NOT_FOR_ENFORCEMENT,461.9338,33370.1240,481.1811,461.9338,19.2472,0.01258756,0.01208406,19.2472,461.9338,0.01208406,19.2472,19.2472,19.2472,28.8709,28.8709,461.9338,0.01208406,115.4835,105.0165,365.6976,376.1646,0.00956655,0.00984036,0.00050350,13.1499,11.9740,0.1658,6.2491,1.8090,496.4507,37.7013,10.4533,13.8512,10.2195,10.5412,18.3951,22.009,22.009,31.6236,10.5412,0.0,2.087904,3.0,1.247477,27,146,58,3,0.16407309,0.01258756,0.02479038,0E-8,0.000000,0.909326,0.001376,-0.01459794,2026-03-22,2026-08-05,77,266,243,137,0.562044,0.754684,0.794934,0.546910,,,,,,,,GLOBAL_BASELINE_NO_ENTITY_RANKING,,,NOT_APPLICABLE_GLOBAL_BASELINE,HF9g-P5,,,,X 全窗基线 · 不参与实体赏罚,8390504,840,A168_HF9F_20260827_0900,2026-08-27 09:00:00
2026-03-24,94151214,526,0,172.9905801567,-33.7837837837,-33.7837837837,0.4444444,9,9,0.49622443333333333,0.496224433333,-0.3106887911371706,-0.3106887911351721,-0.3106887911371706,3.3333E-13,ELIGIBLE,R03b_20260811_FULL_v1,L1_ELIGIBILITY,v2026-08-11,2026-03-21..2026-08-06,baccarat_bet02_101_all_pairs_incl_sentinel,round_win = game_pnl > 0 (decisive only),COMPATIBILITY_ONLY_NOT_PRODUCTION,38226.7023,34760.5459,481.1811,2907,2903,-0.01258756,-0.02479038,-0.01019244,-0.01258756,-481.1811,38226.7023,OK,0.0000,19.2472,4.0000,96.0000,AG03-UNRESOLVED,ALL5_LEVELS_bet23_to_bet27,19.2472,19.2472,19.2472,28.8709,28.8709,4.000000,4.000000,4.000000,6.000000,6.000000,96.000000,96.000000,96.000000,94.000000,94.000000,5.0,115.4835,105.0165,365.6976,376.1646,PENDING_AG03,FALSE,NOT_FOR_ENFORCEMENT,461.9338,33370.1240,481.1811,461.9338,19.2472,0.01258756,0.01208406,19.2472,461.9338,0.01208406,19.2472,19.2472,19.2472,28.8709,28.8709,461.9338,0.01208406,115.4835,105.0165,365.6976,376.1646,0.00956655,0.00984036,0.00050350,13.1499,11.9740,0.1658,6.2491,1.8090,496.4507,37.7013,10.4533,13.8512,10.2195,10.5412,18.3951,22.009,22.009,31.6236,10.5412,0.0,2.087904,3.0,1.247477,27,146,58,3,0.16407309,0.01258756,0.02479038,0E-8,0.000000,0.909326,0.001376,-0.01459794,2026-03-22,2026-08-05,77,266,243,137,0.562044,0.754684,0.794934,0.546910,,,,,,,,GLOBAL_BASELINE_NO_ENTITY_RANKING,,,NOT_APPLICABLE_GLOBAL_BASELINE,HF9g-P5,,,,X 全窗基线 · 不参与实体赏罚,8390505,840,A168_HF9F_20260827_0900,2026-08-27 09:00:00
2026-03-24,94151214,583,0,363.1481644511,121.9297473372,121.9297473372,0.6875000,18,18,0.50218230000000000,0.502182300000,1.4825557212126936,1.4825557212126936,1.4825557212126936,0E-17,ELIGIBLE,R03b_20260811_FULL_v1,L1_ELIGIBILITY,v2026-08-11,2026-03-21..2026-08-06,baccarat_bet02_101_all_pairs_incl_sentinel,round_win = game_pnl > 0 (decisive only),COMPATIBILITY_ONLY_NOT_PRODUCTION,38226.7023,34760.5459,481.1811,2907,2903,-0.01258756,-0.02479038,-0.01019244,-0.01258756,-481.1811,38226.7023,OK,0.0000,19.2472,4.0000,96.0000,AG03-UNRESOLVED,ALL5_LEVELS_bet23_to_bet27,19.2472,19.2472,19.2472,28.8709,28.8709,4.000000,4.000000,4.000000,6.000000,6.000000,96.000000,96.000000,96.000000,94.000000,94.000000,5.0,115.4835,105.0165,365.6976,376.1646,PENDING_AG03,FALSE,NOT_FOR_ENFORCEMENT,461.9338,33370.1240,481.1811,461.9338,19.2472,0.01258756,0.01208406,19.2472,461.9338,0.01208406,19.2472,19.2472,19.2472,28.8709,28.8709,461.9338,0.01208406,115.4835,105.0165,365.6976,376.1646,0.00956655,0.00984036,0.00050350,13.1499,11.9740,0.1658,6.2491,1.8090,496.4507,37.7013,10.4533,13.8512,10.2195,10.5412,18.3951,22.009,22.009,31.6236,10.5412,0.0,2.087904,3.0,1.247477,27,146,58,3,0.16407309,0.01258756,0.02479038,0E-8,0.000000,0.909326,0.001376,-0.01459794,2026-03-22,2026-08-05,77,266,243,137,0.562044,0.754684,0.794934,0.546910,,,,,,,,GLOBAL_BASELINE_NO_ENTITY_RANKING,,,NOT_APPLICABLE_GLOBAL_BASELINE,HF9g-P5,,,,X 全窗基线 · 不参与实体赏罚,8390506,840,A168_HF9F_20260827_0900,2026-08-27 09:00:00
2026-03-25,94151214,1750,0,26.4107755965,25.0902368167,25.0902368167,1.0000000,2,2,0.50665070000000000,0.506650700000,1.3955260008387969,1.3955260008387969,1.3955260008387969,0E-17,ELIGIBLE,R03b_20260811_FULL_v1,L1_ELIGIBILITY,v2026-08-11,2026-03-21..2026-08-06,baccarat_bet02_101_all_pairs_incl_sentinel,round_win = game_pnl > 0 (decisive only),COMPATIBILITY_ONLY_NOT_PRODUCTION,38226.7023,34760.5459,481.1811,2907,2903,-0.01258756,-0.02479038,-0.01019244,-0.01258756,-481.1811,38226.7023,OK,0.0000,19.2472,4.0000,96.0000,AG03-UNRESOLVED,ALL5_LEVELS_bet23_to_bet27,19.2472,19.2472,19.2472,28.8709,28.8709,4.000000,4.000000,4.000000,6.000000,6.000000,96.000000,96.000000,96.000000,94.000000,94.000000,5.0,115.4835,105.0165,365.6976,376.1646,PENDING_AG03,FALSE,NOT_FOR_ENFORCEMENT,461.9338,33370.1240,481.1811,461.9338,19.2472,0.01258756,0.01208406,19.2472,461.9338,0.01208406,19.2472,19.2472,19.2472,28.8709,28.8709,461.9338,0.01208406,115.4835,105.0165,365.6976,376.1646,0.00956655,0.00984036,0.00050350,13.1499,11.9740,0.1658,6.2491,1.8090,496.4507,37.7013,10.4533,13.8512,10.2195,10.5412,18.3951,22.009,22.009,31.6236,10.5412,0.0,2.087904,3.0,1.247477,27,146,58,3,0.16407309,0.01258756,0.02479038,0E-8,0.000000,0.909326,0.001376,-0.01459794,2026-03-22,2026-08-05,77,266,243,137,0.562044,0.754684,0.794934,0.546910,,,,,,,,GLOBAL_BASELINE_NO_ENTITY_RANKING,,,NOT_APPLICABLE_GLOBAL_BASELINE,HF9g-P5,,,,X 全窗基线 · 不参与实体赏罚,8390507,840,A168_HF9F_20260827_0900,2026-08-27 09:00:00
2026-03-25,94151214,2130,0,90.2368166213,47.3193062770,47.3193062770,0.7500000,5,5,0.50396966000000000,0.503969660000,0.9841523774297893,0.9841523774297894,0.9841523774297893,0E-17,ELIGIBLE,R03b_20260811_FULL_v1,L1_ELIGIBILITY,v2026-08-11,2026-03-21..2026-08-06,baccarat_bet02_101_all_pairs_incl_sentinel,round_win = game_pnl > 0 (decisive only),COMPATIBILITY_ONLY_NOT_PRODUCTION,38226.7023,34760.5459,481.1811,2907,2903,-0.01258756,-0.02479038,-0.01019244,-0.01258756,-481.1811,38226.7023,OK,0.0000,19.2472,4.0000,96.0000,AG03-UNRESOLVED,ALL5_LEVELS_bet23_to_bet27,19.2472,19.2472,19.2472,28.8709,28.8709,4.000000,4.000000,4.000000,6.000000,6.000000,96.000000,96.000000,96.000000,94.000000,94.000000,5.0,115.4835,105.0165,365.6976,376.1646,PENDING_AG03,FALSE,NOT_FOR_ENFORCEMENT,461.9338,33370.1240,481.1811,461.9338,19.2472,0.01258756,0.01208406,19.2472,461.9338,0.01208406,19.2472,19.2472,19.2472,28.8709,28.8709,461.9338,0.01208406,115.4835,105.0165,365.6976,376.1646,0.00956655,0.00984036,0.00050350,13.1499,11.9740,0.1658,6.2491,1.8090,496.4507,37.7013,10.4533,13.8512,10.2195,10.5412,18.3951,22.009,22.009,31.6236,10.5412,0.0,2.087904,3.0,1.247477,27,146,58,3,0.16407309,0.01258756,0.02479038,0E-8,0.000000,0.909326,0.001376,-0.01459794,2026-03-22,2026-08-05,77,266,243,137,0.562044,0.754684,0.794934,0.546910,,,,,,,,GLOBAL_BASELINE_NO_ENTITY_RANKING,,,NOT_APPLICABLE_GLOBAL_BASELINE,HF9g-P5,,,,X 全窗基线 · 不参与实体赏罚,8390508,840,A168_HF9F_20260827_0900,2026-08-27 09:00:00
2026-03-25,94151214,2147,0,95.5189717406,-9.2437714588,-9.2437714588,0.5454545,11,11,0.50299473636363636,0.502994736364,0.2816515628482435,0.2816515628458326,0.2816515628482435,-3.6364E-13,ELIGIBLE,R03b_20260811_FULL_v1,L1_ELIGIBILITY,v2026-08-11,2026-03-21..2026-08-06,baccarat_bet02_101_all_pairs_incl_sentinel,round_win = game_pnl > 0 (decisive only),COMPATIBILITY_ONLY_NOT_PRODUCTION,38226.7023,34760.5459,481.1811,2907,2903,-0.01258756,-0.02479038,-0.01019244,-0.01258756,-481.1811,38226.7023,OK,0.0000,19.2472,4.0000,96.0000,AG03-UNRESOLVED,ALL5_LEVELS_bet23_to_bet27,19.2472,19.2472,19.2472,28.8709,28.8709,4.000000,4.000000,4.000000,6.000000,6.000000,96.000000,96.000000,96.000000,94.000000,94.000000,5.0,115.4835,105.0165,365.6976,376.1646,PENDING_AG03,FALSE,NOT_FOR_ENFORCEMENT,461.9338,33370.1240,481.1811,461.9338,19.2472,0.01258756,0.01208406,19.2472,461.9338,0.01208406,19.2472,19.2472,19.2472,28.8709,28.8709,461.9338,0.01208406,115.4835,105.0165,365.6976,376.1646,0.00956655,0.00984036,0.00050350,13.1499,11.9740,0.1658,6.2491,1.8090,496.4507,37.7013,10.4533,13.8512,10.2195,10.5412,18.3951,22.009,22.009,31.6236,10.5412,0.0,2.087904,3.0,1.247477,27,146,58,3,0.16407309,0.01258756,0.02479038,0E-8,0.000000,0.909326,0.001376,-0.01459794,2026-03-22,2026-08-05,77,266,243,137,0.562044,0.754684,0.794934,0.546910,,,,,,,,GLOBAL_BASELINE_NO_ENTITY_RANKING,,,NOT_APPLICABLE_GLOBAL_BASELINE,HF9g-P5,,,,X 全窗基线 · 不参与实体赏罚,8390509,840,A168_HF9F_20260827_0900,2026-08-27 09:00:00
2026-03-25,94151214,2196,0,164.8472576812,-57.5534818206,-57.5534818206,0.3333333,6,6,0.50665070000000000,0.506650700000,-0.8491533462951141,-0.8491533462951141,-0.8491533462951141,0E-17,ELIGIBLE,R03b_20260811_FULL_v1,L1_ELIGIBILITY,v2026-08-11,2026-03-21..2026-08-06,baccarat_bet02_101_all_pairs_incl_sentinel,round_win = game_pnl > 0 (decisive only),COMPATIBILITY_ONLY_NOT_PRODUCTION,38226.7023,34760.5459,481.1811,2907,2903,-0.01258756,-0.02479038,-0.01019244,-0.01258756,-481.1811,38226.7023,OK,0.0000,19.2472,4.0000,96.0000,AG03-UNRESOLVED,ALL5_LEVELS_bet23_to_bet27,19.2472,19.2472,19.2472,28.8709,28.8709,4.000000,4.000000,4.000000,6.000000,6.000000,96.000000,96.000000,96.000000,94.000000,94.000000,5.0,115.4835,105.0165,365.6976,376.1646,PENDING_AG03,FALSE,NOT_FOR_ENFORCEMENT,461.9338,33370.1240,481.1811,461.9338,19.2472,0.01258756,0.01208406,19.2472,461.9338,0.01208406,19.2472,19.2472,19.2472,28.8709,28.8709,461.9338,0.01208406,115.4835,105.0165,365.6976,376.1646,0.00956655,0.00984036,0.00050350,13.1499,11.9740,0.1658,6.2491,1.8090,496.4507,37.7013,10.4533,13.8512,10.2195,10.5412,18.3951,22.009,22.009,31.6236,10.5412,0.0,2.087904,3.0,1.247477,27,146,58,3,0.16407309,0.01258756,0.02479038,0E-8,0.000000,0.909326,0.001376,-0.01459794,2026-03-22,2026-08-05,77,266,243,137,0.562044,0.754684,0.794934,0.546910,,,,,,,,GLOBAL_BASELINE_NO_ENTITY_RANKING,,,NOT_APPLICABLE_GLOBAL_BASELINE,HF9g-P5,,,,X 全窗基线 · 不参与实体赏罚,8390510,840,A168_HF9F_20260827_0900,2026-08-27 09:00:00
2026-03-25,94151214,763,0,28.6116735628,-15.7364204595,-15.7364204595,0.5000000,2,2,0.49994810000000000,0.499948100000,0.00014679536856514622,0.00014679536856514622,0.00014679536856514622,0E-17,ELIGIBLE,R03b_20260811_FULL_v1,L1_ELIGIBILITY,v2026-08-11,2026-03-21..2026-08-06,baccarat_bet02_101_all_pairs_incl_sentinel,round_win = game_pnl > 0 (decisive only),COMPATIBILITY_ONLY_NOT_PRODUCTION,38226.7023,34760.5459,481.1811,2907,2903,-0.01258756,-0.02479038,-0.01019244,-0.01258756,-481.1811,38226.7023,OK,0.0000,19.2472,4.0000,96.0000,AG03-UNRESOLVED,ALL5_LEVELS_bet23_to_bet27,19.2472,19.2472,19.2472,28.8709,28.8709,4.000000,4.000000,4.000000,6.000000,6.000000,96.000000,96.000000,96.000000,94.000000,94.000000,5.0,115.4835,105.0165,365.6976,376.1646,PENDING_AG03,FALSE,NOT_FOR_ENFORCEMENT,461.9338,33370.1240,481.1811,461.9338,19.2472,0.01258756,0.01208406,19.2472,461.9338,0.01208406,19.2472,19.2472,19.2472,28.8709,28.8709,461.9338,0.01208406,115.4835,105.0165,365.6976,376.1646,0.00956655,0.00984036,0.00050350,13.1499,11.9740,0.1658,6.2491,1.8090,496.4507,37.7013,10.4533,13.8512,10.2195,10.5412,18.3951,22.009,22.009,31.6236,10.5412,0.0,2.087904,3.0,1.247477,27,146,58,3,0.16407309,0.01258756,0.02479038,0E-8,0.000000,0.909326,0.001376,-0.01459794,2026-03-22,2026-08-05,77,266,243,137,0.562044,0.754684,0.794934,0.546910,,,,,,,,GLOBAL_BASELINE_NO_ENTITY_RANKING,,,NOT_APPLICABLE_GLOBAL_BASELINE,HF9g-P5,,,,X 全窗基线 · 不参与实体赏罚,8390511,840,A168_HF9F_20260827_0900,2026-08-27 09:00:00
2026-03-25,94151214,789,0,829.5184435256,145.5894004757,145.5894004757,0.5897436,43,43,0.49948047674418605,0.499480476744,1.1273865285943325,1.1273865285966567,1.1273865285943325,1.8605E-13,ELIGIBLE,R03b_20260811_FULL_v1,L1_ELIGIBILITY,v2026-08-11,2026-03-21..2026-08-06,baccarat_bet02_101_all_pairs_incl_sentinel,round_win = game_pnl > 0 (decisive only),COMPATIBILITY_ONLY_NOT_PRODUCTION,38226.7023,34760.5459,481.1811,2907,2903,-0.01258756,-0.02479038,-0.01019244,-0.01258756,-481.1811,38226.7023,OK,0.0000,19.2472,4.0000,96.0000,AG03-UNRESOLVED,ALL5_LEVELS_bet23_to_bet27,19.2472,19.2472,19.2472,28.8709,28.8709,4.000000,4.000000,4.000000,6.000000,6.000000,96.000000,96.000000,96.000000,94.000000,94.000000,5.0,115.4835,105.0165,365.6976,376.1646,PENDING_AG03,FALSE,NOT_FOR_ENFORCEMENT,461.9338,33370.1240,481.1811,461.9338,19.2472,0.01258756,0.01208406,19.2472,461.9338,0.01208406,19.2472,19.2472,19.2472,28.8709,28.8709,461.9338,0.01208406,115.4835,105.0165,365.6976,376.1646,0.00956655,0.00984036,0.00050350,13.1499,11.9740,0.1658,6.2491,1.8090,496.4507,37.7013,10.4533,13.8512,10.2195,10.5412,18.3951,22.009,22.009,31.6236,10.5412,0.0,2.087904,3.0,1.247477,27,146,58,3,0.16407309,0.01258756,0.02479038,0E-8,0.000000,0.909326,0.001376,-0.01459794,2026-03-22,2026-08-05,77,266,243,137,0.562044,0.754684,0.794934,0.546910,,,,,,,,GLOBAL_BASELINE_NO_ENTITY_RANKING,,,NOT_APPLICABLE_GLOBAL_BASELINE,HF9g-P5,,,,X 全窗基线 · 不参与实体赏罚,8390512,840,A168_HF9F_20260827_0900,2026-08-27 09:00:00
2026-03-26,94151214,1017,0,77.0314288231,-55.0224491593,-55.0224491593,0.2000000,5,5,0.49592654000000000,0.495926540000,-1.323467641100715,-1.323467641100715,-1.323467641100715,0E-17,ELIGIBLE,R03b_20260811_FULL_v1,L1_ELIGIBILITY,v2026-08-11,2026-03-21..2026-08-06,baccarat_bet02_101_all_pairs_incl_sentinel,round_win = game_pnl > 0 (decisive only),COMPATIBILITY_ONLY_NOT_PRODUCTION,38226.7023,34760.5459,481.1811,2907,2903,-0.01258756,-0.02479038,-0.01019244,-0.01258756,-481.1811,38226.7023,OK,0.0000,19.2472,4.0000,96.0000,AG03-UNRESOLVED,ALL5_LEVELS_bet23_to_bet27,19.2472,19.2472,19.2472,28.8709,28.8709,4.000000,4.000000,4.000000,6.000000,6.000000,96.000000,96.000000,96.000000,94.000000,94.000000,5.0,115.4835,105.0165,365.6976,376.1646,PENDING_AG03,FALSE,NOT_FOR_ENFORCEMENT,461.9338,33370.1240,481.1811,461.9338,19.2472,0.01258756,0.01208406,19.2472,461.9338,0.01208406,19.2472,19.2472,19.2472,28.8709,28.8709,461.9338,0.01208406,115.4835,105.0165,365.6976,376.1646,0.00956655,0.00984036,0.00050350,13.1499,11.9740,0.1658,6.2491,1.8090,496.4507,37.7013,10.4533,13.8512,10.2195,10.5412,18.3951,22.009,22.009,31.6236,10.5412,0.0,2.087904,3.0,1.247477,27,146,58,3,0.16407309,0.01258756,0.02479038,0E-8,0.000000,0.909326,0.001376,-0.01459794,2026-03-22,2026-08-05,77,266,243,137,0.562044,0.754684,0.794934,0.546910,,,,,,,,GLOBAL_BASELINE_NO_ENTITY_RANKING,,,NOT_APPLICABLE_GLOBAL_BASELINE,HF9g-P5,,,,X 全窗基线 · 不参与实体赏罚,8390513,840,A168_HF9F_20260827_0900,2026-08-27 09:00:00
2026-03-26,94151214,1078,0,33.0134694957,11.0044898319,11.0044898319,0.6666667,3,3,0.49324550000000000,0.493245500000,0.6008033672792107,0.6008033672792106,0.6008033672792107,0E-17,ELIGIBLE,R03b_20260811_FULL_v1,L1_ELIGIBILITY,v2026-08-11,2026-03-21..2026-08-06,baccarat_bet02_101_all_pairs_incl_sentinel,round_win = game_pnl > 0 (decisive only),COMPATIBILITY_ONLY_NOT_PRODUCTION,38226.7023,34760.5459,481.1811,2907,2903,-0.01258756,-0.02479038,-0.01019244,-0.01258756,-481.1811,38226.7023,OK,0.0000,19.2472,4.0000,96.0000,AG03-UNRESOLVED,ALL5_LEVELS_bet23_to_bet27,19.2472,19.2472,19.2472,28.8709,28.8709,4.000000,4.000000,4.000000,6.000000,6.000000,96.000000,96.000000,96.000000,94.000000,94.000000,5.0,115.4835,105.0165,365.6976,376.1646,PENDING_AG03,FALSE,NOT_FOR_ENFORCEMENT,461.9338,33370.1240,481.1811,461.9338,19.2472,0.01258756,0.01208406,19.2472,461.9338,0.01208406,19.2472,19.2472,19.2472,28.8709,28.8709,461.9338,0.01208406,115.4835,105.0165,365.6976,376.1646,0.00956655,0.00984036,0.00050350,13.1499,11.9740,0.1658,6.2491,1.8090,496.4507,37.7013,10.4533,13.8512,10.2195,10.5412,18.3951,22.009,22.009,31.6236,10.5412,0.0,2.087904,3.0,1.247477,27,146,58,3,0.16407309,0.01258756,0.02479038,0E-8,0.000000,0.909326,0.001376,-0.01459794,2026-03-22,2026-08-05,77,266,243,137,0.562044,0.754684,0.794934,0.546910,,,,,,,,GLOBAL_BASELINE_NO_ENTITY_RANKING,,,NOT_APPLICABLE_GLOBAL_BASELINE,HF9g-P5,,,,X 全窗基线 · 不参与实体赏罚,8390514,840,A168_HF9F_20260827_0900,2026-08-27 09:00:00
2026-03-26,94151214,1354,0,87.3756492649,-65.9168940927,-65.9168940927,0.2000000,5,5,0.50128862000000000,0.501288620000,-1.347408145195933,-1.347408145195933,-1.347408145195933,0E-17,ELIGIBLE,R03b_20260811_FULL_v1,L1_ELIGIBILITY,v2026-08-11,2026-03-21..2026-08-06,baccarat_bet02_101_all_pairs_incl_sentinel,round_win = game_pnl > 0 (decisive only),COMPATIBILITY_ONLY_NOT_PRODUCTION,38226.7023,34760.5459,481.1811,2907,2903,-0.01258756,-0.02479038,-0.01019244,-0.01258756,-481.1811,38226.7023,OK,0.0000,19.2472,4.0000,96.0000,AG03-UNRESOLVED,ALL5_LEVELS_bet23_to_bet27,19.2472,19.2472,19.2472,28.8709,28.8709,4.000000,4.000000,4.000000,6.000000,6.000000,96.000000,96.000000,96.000000,94.000000,94.000000,5.0,115.4835,105.0165,365.6976,376.1646,PENDING_AG03,FALSE,NOT_FOR_ENFORCEMENT,461.9338,33370.1240,481.1811,461.9338,19.2472,0.01258756,0.01208406,19.2472,461.9338,0.01208406,19.2472,19.2472,19.2472,28.8709,28.8709,461.9338,0.01208406,115.4835,105.0165,365.6976,376.1646,0.00956655,0.00984036,0.00050350,13.1499,11.9740,0.1658,6.2491,1.8090,496.4507,37.7013,10.4533,13.8512,10.2195,10.5412,18.3951,22.009,22.009,31.6236,10.5412,0.0,2.087904,3.0,1.247477,27,146,58,3,0.16407309,0.01258756,0.02479038,0E-8,0.000000,0.909326,0.001376,-0.01459794,2026-03-22,2026-08-05,77,266,243,137,0.562044,0.754684,0.794934,0.546910,,,,,,,,GLOBAL_BASELINE_NO_ENTITY_RANKING,,,NOT_APPLICABLE_GLOBAL_BASELINE,HF9g-P5,,,,X 全窗基线 · 不参与实体赏罚,8390515,840,A168_HF9F_20260827_0900,2026-08-27 09:00:00
2026-03-26,94151214,1702,0,374.8129236731,-10.5973237081,-10.5973237081,0.5000000,21,21,0.50026727142857143,0.500267271429,-0.002390548672449799,-0.002390548676283047,-0.002390548672449799,-4.2857E-13,ELIGIBLE,R03b_20260811_FULL_v1,L1_ELIGIBILITY,v2026-08-11,2026-03-21..2026-08-06,baccarat_bet02_101_all_pairs_incl_sentinel,round_win = game_pnl > 0 (decisive only),COMPATIBILITY_ONLY_NOT_PRODUCTION,38226.7023,34760.5459,481.1811,2907,2903,-0.01258756,-0.02479038,-0.01019244,-0.01258756,-481.1811,38226.7023,OK,0.0000,19.2472,4.0000,96.0000,AG03-UNRESOLVED,ALL5_LEVELS_bet23_to_bet27,19.2472,19.2472,19.2472,28.8709,28.8709,4.000000,4.000000,4.000000,6.000000,6.000000,96.000000,96.000000,96.000000,94.000000,94.000000,5.0,115.4835,105.0165,365.6976,376.1646,PENDING_AG03,FALSE,NOT_FOR_ENFORCEMENT,461.9338,33370.1240,481.1811,461.9338,19.2472,0.01258756,0.01208406,19.2472,461.9338,0.01208406,19.2472,19.2472,19.2472,28.8709,28.8709,461.9338,0.01208406,115.4835,105.0165,365.6976,376.1646,0.00956655,0.00984036,0.00050350,13.1499,11.9740,0.1658,6.2491,1.8090,496.4507,37.7013,10.4533,13.8512,10.2195,10.5412,18.3951,22.009,22.009,31.6236,10.5412,0.0,2.087904,3.0,1.247477,27,146,58,3,0.16407309,0.01258756,0.02479038,0E-8,0.000000,0.909326,0.001376,-0.01459794,2026-03-22,2026-08-05,77,266,243,137,0.562044,0.754684,0.794934,0.546910,,,,,,,,GLOBAL_BASELINE_NO_ENTITY_RANKING,,,NOT_APPLICABLE_GLOBAL_BASELINE,HF9g-P5,,,,X 全窗基线 · 不参与实体赏罚,8390516,840,A168_HF9F_20260827_0900,2026-08-27 09:00:00
2026-03-26,94151214,2093,0,72.6296328902,44.6782287173,44.6782287173,0.6666667,3,3,0.50218230000000000,0.502182300000,0.5697959874915163,0.5697959874915164,0.5697959874915163,0E-17,ELIGIBLE,R03b_20260811_FULL_v1,L1_ELIGIBILITY,v2026-08-11,2026-03-21..2026-08-06,baccarat_bet02_101_all_pairs_incl_sentinel,round_win = game_pnl > 0 (decisive only),COMPATIBILITY_ONLY_NOT_PRODUCTION,38226.7023,34760.5459,481.1811,2907,2903,-0.01258756,-0.02479038,-0.01019244,-0.01258756,-481.1811,38226.7023,OK,0.0000,19.2472,4.0000,96.0000,AG03-UNRESOLVED,ALL5_LEVELS_bet23_to_bet27,19.2472,19.2472,19.2472,28.8709,28.8709,4.000000,4.000000,4.000000,6.000000,6.000000,96.000000,96.000000,96.000000,94.000000,94.000000,5.0,115.4835,105.0165,365.6976,376.1646,PENDING_AG03,FALSE,NOT_FOR_ENFORCEMENT,461.9338,33370.1240,481.1811,461.9338,19.2472,0.01258756,0.01208406,19.2472,461.9338,0.01208406,19.2472,19.2472,19.2472,28.8709,28.8709,461.9338,0.01208406,115.4835,105.0165,365.6976,376.1646,0.00956655,0.00984036,0.00050350,13.1499,11.9740,0.1658,6.2491,1.8090,496.4507,37.7013,10.4533,13.8512,10.2195,10.5412,18.3951,22.009,22.009,31.6236,10.5412,0.0,2.087904,3.0,1.247477,27,146,58,3,0.16407309,0.01258756,0.02479038,0E-8,0.000000,0.909326,0.001376,-0.01459794,2026-03-22,2026-08-05,77,266,243,137,0.562044,0.754684,0.794934,0.546910,,,,,,,,GLOBAL_BASELINE_NO_ENTITY_RANKING,,,NOT_APPLICABLE_GLOBAL_BASELINE,HF9g-P5,,,,X 全窗基线 · 不参与实体赏罚,8390517,840,A168_HF9F_20260827_0900,2026-08-27 09:00:00
2026-03-26,94151214,2103,0,121.9297473370,-7.4390351264,-7.4390351264,0.5555556,9,9,0.50069283333333333,0.500692833333,0.32917664935493707,0.32917664935693675,0.32917664935493707,3.3333E-13,ELIGIBLE,R03b_20260811_FULL_v1,L1_ELIGIBILITY,v2026-08-11,2026-03-21..2026-08-06,baccarat_bet02_101_all_pairs_incl_sentinel,round_win = game_pnl > 0 (decisive only),COMPATIBILITY_ONLY_NOT_PRODUCTION,38226.7023,34760.5459,481.1811,2907,2903,-0.01258756,-0.02479038,-0.01019244,-0.01258756,-481.1811,38226.7023,OK,0.0000,19.2472,4.0000,96.0000,AG03-UNRESOLVED,ALL5_LEVELS_bet23_to_bet27,19.2472,19.2472,19.2472,28.8709,28.8709,4.000000,4.000000,4.000000,6.000000,6.000000,96.000000,96.000000,96.000000,94.000000,94.000000,5.0,115.4835,105.0165,365.6976,376.1646,PENDING_AG03,FALSE,NOT_FOR_ENFORCEMENT,461.9338,33370.1240,481.1811,461.9338,19.2472,0.01258756,0.01208406,19.2472,461.9338,0.01208406,19.2472,19.2472,19.2472,28.8709,28.8709,461.9338,0.01208406,115.4835,105.0165,365.6976,376.1646,0.00956655,0.00984036,0.00050350,13.1499,11.9740,0.1658,6.2491,1.8090,496.4507,37.7013,10.4533,13.8512,10.2195,10.5412,18.3951,22.009,22.009,31.6236,10.5412,0.0,2.087904,3.0,1.247477,27,146,58,3,0.16407309,0.01258756,0.02479038,0E-8,0.000000,0.909326,0.001376,-0.01459794,2026-03-22,2026-08-05,77,266,243,137,0.562044,0.754684,0.794934,0.546910,,,,,,,,GLOBAL_BASELINE_NO_ENTITY_RANKING,,,NOT_APPLICABLE_GLOBAL_BASELINE,HF9g-P5,,,,X 全窗基线 · 不参与实体赏罚,8390518,840,A168_HF9F_20260827_0900,2026-08-27 09:00:00
2026-03-26,94151214,2123,0,261.6867682017,-66.1479883789,-66.1479883789,0.4736842,19,19,0.49747872105263158,0.497478721053,-0.2074383709154076,-0.20743837091861866,-0.2074383709154076,-3.6842E-13,ELIGIBLE,R03b_20260811_FULL_v1,L1_ELIGIBILITY,v2026-08-11,2026-03-21..2026-08-06,baccarat_bet02_101_all_pairs_incl_sentinel,round_win = game_pnl > 0 (decisive only),COMPATIBILITY_ONLY_NOT_PRODUCTION,38226.7023,34760.5459,481.1811,2907,2903,-0.01258756,-0.02479038,-0.01019244,-0.01258756,-481.1811,38226.7023,OK,0.0000,19.2472,4.0000,96.0000,AG03-UNRESOLVED,ALL5_LEVELS_bet23_to_bet27,19.2472,19.2472,19.2472,28.8709,28.8709,4.000000,4.000000,4.000000,6.000000,6.000000,96.000000,96.000000,96.000000,94.000000,94.000000,5.0,115.4835,105.0165,365.6976,376.1646,PENDING_AG03,FALSE,NOT_FOR_ENFORCEMENT,461.9338,33370.1240,481.1811,461.9338,19.2472,0.01258756,0.01208406,19.2472,461.9338,0.01208406,19.2472,19.2472,19.2472,28.8709,28.8709,461.9338,0.01208406,115.4835,105.0165,365.6976,376.1646,0.00956655,0.00984036,0.00050350,13.1499,11.9740,0.1658,6.2491,1.8090,496.4507,37.7013,10.4533,13.8512,10.2195,10.5412,18.3951,22.009,22.009,31.6236,10.5412,0.0,2.087904,3.0,1.247477,27,146,58,3,0.16407309,0.01258756,0.02479038,0E-8,0.000000,0.909326,0.001376,-0.01459794,2026-03-22,2026-08-05,77,266,243,137,0.562044,0.754684,0.794934,0.546910,,,,,,,,GLOBAL_BASELINE_NO_ENTITY_RANKING,,,NOT_APPLICABLE_GLOBAL_BASELINE,HF9g-P5,,,,X 全窗基线 · 不参与实体赏罚,8390519,840,A168_HF9F_20260827_0900,2026-08-27 09:00:00
2026-03-26,94151214,2142,0,11.0044898319,11.0044898319,11.0044898319,1.0000000,1,1,0.49324550000000000,0.493245500000,1.01360149184955,1.01360149184955,1.01360149184955,0E-17,ELIGIBLE,R03b_20260811_FULL_v1,L1_ELIGIBILITY,v2026-08-11,2026-03-21..2026-08-06,baccarat_bet02_101_all_pairs_incl_sentinel,round_win = game_pnl > 0 (decisive only),COMPATIBILITY_ONLY_NOT_PRODUCTION,38226.7023,34760.5459,481.1811,2907,2903,-0.01258756,-0.02479038,-0.01019244,-0.01258756,-481.1811,38226.7023,OK,0.0000,19.2472,4.0000,96.0000,AG03-UNRESOLVED,ALL5_LEVELS_bet23_to_bet27,19.2472,19.2472,19.2472,28.8709,28.8709,4.000000,4.000000,4.000000,6.000000,6.000000,96.000000,96.000000,96.000000,94.000000,94.000000,5.0,115.4835,105.0165,365.6976,376.1646,PENDING_AG03,FALSE,NOT_FOR_ENFORCEMENT,461.9338,33370.1240,481.1811,461.9338,19.2472,0.01258756,0.01208406,19.2472,461.9338,0.01208406,19.2472,19.2472,19.2472,28.8709,28.8709,461.9338,0.01208406,115.4835,105.0165,365.6976,376.1646,0.00956655,0.00984036,0.00050350,13.1499,11.9740,0.1658,6.2491,1.8090,496.4507,37.7013,10.4533,13.8512,10.2195,10.5412,18.3951,22.009,22.009,31.6236,10.5412,0.0,2.087904,3.0,1.247477,27,146,58,3,0.16407309,0.01258756,0.02479038,0E-8,0.000000,0.909326,0.001376,-0.01459794,2026-03-22,2026-08-05,77,266,243,137,0.562044,0.754684,0.794934,0.546910,,,,,,,,GLOBAL_BASELINE_NO_ENTITY_RANKING,,,NOT_APPLICABLE_GLOBAL_BASELINE,HF9g-P5,,,,X 全窗基线 · 不参与实体赏罚,8390520,840,A168_HF9F_20260827_0900,2026-08-27 09:00:00
2026-03-26,94151214,529,0,112.2457962850,0.4401795932,0.4401795932,0.5000000,7,7,0.50473567142857143,0.504735671429,-0.023200997840541474,-0.023200997842641315,-0.023200997840541474,-4.2857E-13,ELIGIBLE,R03b_20260811_FULL_v1,L1_ELIGIBILITY,v2026-08-11,2026-03-21..2026-08-06,baccarat_bet02_101_all_pairs_incl_sentinel,round_win = game_pnl > 0 (decisive only),COMPATIBILITY_ONLY_NOT_PRODUCTION,38226.7023,34760.5459,481.1811,2907,2903,-0.01258756,-0.02479038,-0.01019244,-0.01258756,-481.1811,38226.7023,OK,0.0000,19.2472,4.0000,96.0000,AG03-UNRESOLVED,ALL5_LEVELS_bet23_to_bet27,19.2472,19.2472,19.2472,28.8709,28.8709,4.000000,4.000000,4.000000,6.000000,6.000000,96.000000,96.000000,96.000000,94.000000,94.000000,5.0,115.4835,105.0165,365.6976,376.1646,PENDING_AG03,FALSE,NOT_FOR_ENFORCEMENT,461.9338,33370.1240,481.1811,461.9338,19.2472,0.01258756,0.01208406,19.2472,461.9338,0.01208406,19.2472,19.2472,19.2472,28.8709,28.8709,461.9338,0.01208406,115.4835,105.0165,365.6976,376.1646,0.00956655,0.00984036,0.00050350,13.1499,11.9740,0.1658,6.2491,1.8090,496.4507,37.7013,10.4533,13.8512,10.2195,10.5412,18.3951,22.009,22.009,31.6236,10.5412,0.0,2.087904,3.0,1.247477,27,146,58,3,0.16407309,0.01258756,0.02479038,0E-8,0.000000,0.909326,0.001376,-0.01459794,2026-03-22,2026-08-05,77,266,243,137,0.562044,0.754684,0.794934,0.546910,,,,,,,,GLOBAL_BASELINE_NO_ENTITY_RANKING,,,NOT_APPLICABLE_GLOBAL_BASELINE,HF9g-P5,,,,X 全窗基线 · 不参与实体赏罚,8390521,840,A168_HF9F_20260827_0900,2026-08-27 09:00:00
2026-03-26,94151214,752,0,99.0404084870,-22.0089796637,-22.0089796637,0.4285714,8,8,0.49492115000000000,0.494921150000,-0.3511078388389871,-0.3511078388389871,-0.3511078388389871,0E-17,ELIGIBLE,R03b_20260811_FULL_v1,L1_ELIGIBILITY,v2026-08-11,2026-03-21..2026-08-06,baccarat_bet02_101_all_pairs_incl_sentinel,round_win = game_pnl > 0 (decisive only),COMPATIBILITY_ONLY_NOT_PRODUCTION,38226.7023,34760.5459,481.1811,2907,2903,-0.01258756,-0.02479038,-0.01019244,-0.01258756,-481.1811,38226.7023,OK,0.0000,19.2472,4.0000,96.0000,AG03-UNRESOLVED,ALL5_LEVELS_bet23_to_bet27,19.2472,19.2472,19.2472,28.8709,28.8709,4.000000,4.000000,4.000000,6.000000,6.000000,96.000000,96.000000,96.000000,94.000000,94.000000,5.0,115.4835,105.0165,365.6976,376.1646,PENDING_AG03,FALSE,NOT_FOR_ENFORCEMENT,461.9338,33370.1240,481.1811,461.9338,19.2472,0.01258756,0.01208406,19.2472,461.9338,0.01208406,19.2472,19.2472,19.2472,28.8709,28.8709,461.9338,0.01208406,115.4835,105.0165,365.6976,376.1646,0.00956655,0.00984036,0.00050350,13.1499,11.9740,0.1658,6.2491,1.8090,496.4507,37.7013,10.4533,13.8512,10.2195,10.5412,18.3951,22.009,22.009,31.6236,10.5412,0.0,2.087904,3.0,1.247477,27,146,58,3,0.16407309,0.01258756,0.02479038,0E-8,0.000000,0.909326,0.001376,-0.01459794,2026-03-22,2026-08-05,77,266,243,137,0.562044,0.754684,0.794934,0.546910,,,,,,,,GLOBAL_BASELINE_NO_ENTITY_RANKING,,,NOT_APPLICABLE_GLOBAL_BASELINE,HF9g-P5,,,,X 全窗基线 · 不参与实体赏罚,8390522,840,A168_HF9F_20260827_0900,2026-08-27 09:00:00
2026-03-26,94151214,925,0,248.7014701999,-15.4062857645,-15.4062857645,0.4615385,15,15,0.50307598000000000,0.503075980000,-0.29953697362063625,-0.2995369736206363,-0.29953697362063625,0E-17,ELIGIBLE,R03b_20260811_FULL_v1,L1_ELIGIBILITY,v2026-08-11,2026-03-21..2026-08-06,baccarat_bet02_101_all_pairs_incl_sentinel,round_win = game_pnl > 0 (decisive only),COMPATIBILITY_ONLY_NOT_PRODUCTION,38226.7023,34760.5459,481.1811,2907,2903,-0.01258756,-0.02479038,-0.01019244,-0.01258756,-481.1811,38226.7023,OK,0.0000,19.2472,4.0000,96.0000,AG03-UNRESOLVED,ALL5_LEVELS_bet23_to_bet27,19.2472,19.2472,19.2472,28.8709,28.8709,4.000000,4.000000,4.000000,6.000000,6.000000,96.000000,96.000000,96.000000,94.000000,94.000000,5.0,115.4835,105.0165,365.6976,376.1646,PENDING_AG03,FALSE,NOT_FOR_ENFORCEMENT,461.9338,33370.1240,481.1811,461.9338,19.2472,0.01258756,0.01208406,19.2472,461.9338,0.01208406,19.2472,19.2472,19.2472,28.8709,28.8709,461.9338,0.01208406,115.4835,105.0165,365.6976,376.1646,0.00956655,0.00984036,0.00050350,13.1499,11.9740,0.1658,6.2491,1.8090,496.4507,37.7013,10.4533,13.8512,10.2195,10.5412,18.3951,22.009,22.009,31.6236,10.5412,0.0,2.087904,3.0,1.247477,27,146,58,3,0.16407309,0.01258756,0.02479038,0E-8,0.000000,0.909326,0.001376,-0.01459794,2026-03-22,2026-08-05,77,266,243,137,0.562044,0.754684,0.794934,0.546910,,,,,,,,GLOBAL_BASELINE_NO_ENTITY_RANKING,,,NOT_APPLICABLE_GLOBAL_BASELINE,HF9g-P5,,,,X 全窗基线 · 不参与实体赏罚,8390523,840,A168_HF9F_20260827_0900,2026-08-27 09:00:00
2026-03-26,94151214,986,0,110.0448983186,65.5867593979,65.5867593979,0.8333333,7,7,0.50282064285714286,0.502820642857,1.6192006553726281,1.6192006553733256,1.6192006553726281,1.4286E-13,ELIGIBLE,R03b_20260811_FULL_v1,L1_ELIGIBILITY,v2026-08-11,2026-03-21..2026-08-06,baccarat_bet02_101_all_pairs_incl_sentinel,round_win = game_pnl > 0 (decisive only),COMPATIBILITY_ONLY_NOT_PRODUCTION,38226.7023,34760.5459,481.1811,2907,2903,-0.01258756,-0.02479038,-0.01019244,-0.01258756,-481.1811,38226.7023,OK,0.0000,19.2472,4.0000,96.0000,AG03-UNRESOLVED,ALL5_LEVELS_bet23_to_bet27,19.2472,19.2472,19.2472,28.8709,28.8709,4.000000,4.000000,4.000000,6.000000,6.000000,96.000000,96.000000,96.000000,94.000000,94.000000,5.0,115.4835,105.0165,365.6976,376.1646,PENDING_AG03,FALSE,NOT_FOR_ENFORCEMENT,461.9338,33370.1240,481.1811,461.9338,19.2472,0.01258756,0.01208406,19.2472,461.9338,0.01208406,19.2472,19.2472,19.2472,28.8709,28.8709,461.9338,0.01208406,115.4835,105.0165,365.6976,376.1646,0.00956655,0.00984036,0.00050350,13.1499,11.9740,0.1658,6.2491,1.8090,496.4507,37.7013,10.4533,13.8512,10.2195,10.5412,18.3951,22.009,22.009,31.6236,10.5412,0.0,2.087904,3.0,1.247477,27,146,58,3,0.16407309,0.01258756,0.02479038,0E-8,0.000000,0.909326,0.001376,-0.01459794,2026-03-22,2026-08-05,77,266,243,137,0.562044,0.754684,0.794934,0.546910,,,,,,,,GLOBAL_BASELINE_NO_ENTITY_RANKING,,,NOT_APPLICABLE_GLOBAL_BASELINE,HF9g-P5,,,,X 全窗基线 · 不参与实体赏罚,8390524,840,A168_HF9F_20260827_0900,2026-08-27 09:00:00
2026-03-26,94151214,994,0,44.0179593276,-22.0089796638,-22.0089796638,0.2500000,4,4,0.49659680000000000,0.496596800000,-0.9864100490137353,-0.9864100490137354,-0.9864100490137353,0E-17,ELIGIBLE,R03b_20260811_FULL_v1,L1_ELIGIBILITY,v2026-08-11,2026-03-21..2026-08-06,baccarat_bet02_101_all_pairs_incl_sentinel,round_win = game_pnl > 0 (decisive only),COMPATIBILITY_ONLY_NOT_PRODUCTION,38226.7023,34760.5459,481.1811,2907,2903,-0.01258756,-0.02479038,-0.01019244,-0.01258756,-481.1811,38226.7023,OK,0.0000,19.2472,4.0000,96.0000,AG03-UNRESOLVED,ALL5_LEVELS_bet23_to_bet27,19.2472,19.2472,19.2472,28.8709,28.8709,4.000000,4.000000,4.000000,6.000000,6.000000,96.000000,96.000000,96.000000,94.000000,94.000000,5.0,115.4835,105.0165,365.6976,376.1646,PENDING_AG03,FALSE,NOT_FOR_ENFORCEMENT,461.9338,33370.1240,481.1811,461.9338,19.2472,0.01258756,0.01208406,19.2472,461.9338,0.01208406,19.2472,19.2472,19.2472,28.8709,28.8709,461.9338,0.01208406,115.4835,105.0165,365.6976,376.1646,0.00956655,0.00984036,0.00050350,13.1499,11.9740,0.1658,6.2491,1.8090,496.4507,37.7013,10.4533,13.8512,10.2195,10.5412,18.3951,22.009,22.009,31.6236,10.5412,0.0,2.087904,3.0,1.247477,27,146,58,3,0.16407309,0.01258756,0.02479038,0E-8,0.000000,0.909326,0.001376,-0.01459794,2026-03-22,2026-08-05,77,266,243,137,0.562044,0.754684,0.794934,0.546910,,,,,,,,GLOBAL_BASELINE_NO_ENTITY_RANKING,,,NOT_APPLICABLE_GLOBAL_BASELINE,HF9g-P5,,,,X 全窗基线 · 不参与实体赏罚,8390525,840,A168_HF9F_20260827_0900,2026-08-27 09:00:00
2026-03-27,94151214,1109,0,115.3270534377,-25.9595915133,-25.9595915133,0.4444444,11,11,0.50665070000000000,0.506650700000,-0.373270555658994,-0.373270555658994,-0.373270555658994,0E-17,ELIGIBLE,R03b_20260811_FULL_v1,L1_ELIGIBILITY,v2026-08-11,2026-03-21..2026-08-06,baccarat_bet02_101_all_pairs_incl_sentinel,round_win = game_pnl > 0 (decisive only),COMPATIBILITY_ONLY_NOT_PRODUCTION,38226.7023,34760.5459,481.1811,2907,2903,-0.01258756,-0.02479038,-0.01019244,-0.01258756,-481.1811,38226.7023,OK,0.0000,19.2472,4.0000,96.0000,AG03-UNRESOLVED,ALL5_LEVELS_bet23_to_bet27,19.2472,19.2472,19.2472,28.8709,28.8709,4.000000,4.000000,4.000000,6.000000,6.000000,96.000000,96.000000,96.000000,94.000000,94.000000,5.0,115.4835,105.0165,365.6976,376.1646,PENDING_AG03,FALSE,NOT_FOR_ENFORCEMENT,461.9338,33370.1240,481.1811,461.9338,19.2472,0.01258756,0.01208406,19.2472,461.9338,0.01208406,19.2472,19.2472,19.2472,28.8709,28.8709,461.9338,0.01208406,115.4835,105.0165,365.6976,376.1646,0.00956655,0.00984036,0.00050350,13.1499,11.9740,0.1658,6.2491,1.8090,496.4507,37.7013,10.4533,13.8512,10.2195,10.5412,18.3951,22.009,22.009,31.6236,10.5412,0.0,2.087904,3.0,1.247477,27,146,58,3,0.16407309,0.01258756,0.02479038,0E-8,0.000000,0.909326,0.001376,-0.01459794,2026-03-22,2026-08-05,77,266,243,137,0.562044,0.754684,0.794934,0.546910,,,,,,,,GLOBAL_BASELINE_NO_ENTITY_RANKING,,,NOT_APPLICABLE_GLOBAL_BASELINE,HF9g-P5,,,,X 全窗基线 · 不参与实体赏罚,8390526,840,A168_HF9F_20260827_0900,2026-08-27 09:00:00
2026-03-27,94151214,1354,0,177.6124658863,-44.0179593274,-44.0179593274,0.4166667,12,12,0.50329940000000000,0.503299400000,-0.6002222511571618,-0.6002222511571618,-0.6002222511571618,0E-17,ELIGIBLE,R03b_20260811_FULL_v1,L1_ELIGIBILITY,v2026-08-11,2026-03-21..2026-08-06,baccarat_bet02_101_all_pairs_incl_sentinel,round_win = game_pnl > 0 (decisive only),COMPATIBILITY_ONLY_NOT_PRODUCTION,38226.7023,34760.5459,481.1811,2907,2903,-0.01258756,-0.02479038,-0.01019244,-0.01258756,-481.1811,38226.7023,OK,0.0000,19.2472,4.0000,96.0000,AG03-UNRESOLVED,ALL5_LEVELS_bet23_to_bet27,19.2472,19.2472,19.2472,28.8709,28.8709,4.000000,4.000000,4.000000,6.000000,6.000000,96.000000,96.000000,96.000000,94.000000,94.000000,5.0,115.4835,105.0165,365.6976,376.1646,PENDING_AG03,FALSE,NOT_FOR_ENFORCEMENT,461.9338,33370.1240,481.1811,461.9338,19.2472,0.01258756,0.01208406,19.2472,461.9338,0.01208406,19.2472,19.2472,19.2472,28.8709,28.8709,461.9338,0.01208406,115.4835,105.0165,365.6976,376.1646,0.00956655,0.00984036,0.00050350,13.1499,11.9740,0.1658,6.2491,1.8090,496.4507,37.7013,10.4533,13.8512,10.2195,10.5412,18.3951,22.009,22.009,31.6236,10.5412,0.0,2.087904,3.0,1.247477,27,146,58,3,0.16407309,0.01258756,0.02479038,0E-8,0.000000,0.909326,0.001376,-0.01459794,2026-03-22,2026-08-05,77,266,243,137,0.562044,0.754684,0.794934,0.546910,,,,,,,,GLOBAL_BASELINE_NO_ENTITY_RANKING,,,NOT_APPLICABLE_GLOBAL_BASELINE,HF9g-P5,,,,X 全窗基线 · 不参与实体赏罚,8390527,840,A168_HF9F_20260827_0900,2026-08-27 09:00:00
2026-03-27,94151214,2129,0,22.0089796638,-0.5502244916,-0.5502244916,0.5000000,2,2,0.50665070000000000,0.506650700000,-0.018812684590367487,-0.018812684590367487,-0.018812684590367487,0E-17,ELIGIBLE,R03b_20260811_FULL_v1,L1_ELIGIBILITY,v2026-08-11,2026-03-21..2026-08-06,baccarat_bet02_101_all_pairs_incl_sentinel,round_win = game_pnl > 0 (decisive only),COMPATIBILITY_ONLY_NOT_PRODUCTION,38226.7023,34760.5459,481.1811,2907,2903,-0.01258756,-0.02479038,-0.01019244,-0.01258756,-481.1811,38226.7023,OK,0.0000,19.2472,4.0000,96.0000,AG03-UNRESOLVED,ALL5_LEVELS_bet23_to_bet27,19.2472,19.2472,19.2472,28.8709,28.8709,4.000000,4.000000,4.000000,6.000000,6.000000,96.000000,96.000000,96.000000,94.000000,94.000000,5.0,115.4835,105.0165,365.6976,376.1646,PENDING_AG03,FALSE,NOT_FOR_ENFORCEMENT,461.9338,33370.1240,481.1811,461.9338,19.2472,0.01258756,0.01208406,19.2472,461.9338,0.01208406,19.2472,19.2472,19.2472,28.8709,28.8709,461.9338,0.01208406,115.4835,105.0165,365.6976,376.1646,0.00956655,0.00984036,0.00050350,13.1499,11.9740,0.1658,6.2491,1.8090,496.4507,37.7013,10.4533,13.8512,10.2195,10.5412,18.3951,22.009,22.009,31.6236,10.5412,0.0,2.087904,3.0,1.247477,27,146,58,3,0.16407309,0.01258756,0.02479038,0E-8,0.000000,0.909326,0.001376,-0.01459794,2026-03-22,2026-08-05,77,266,243,137,0.562044,0.754684,0.794934,0.546910,,,,,,,,GLOBAL_BASELINE_NO_ENTITY_RANKING,,,NOT_APPLICABLE_GLOBAL_BASELINE,HF9g-P5,,,,X 全窗基线 · 不参与实体赏罚,8390528,840,A168_HF9F_20260827_0900,2026-08-27 09:00:00
2026-03-27,94151214,2155,0,22.6692490535,-8.1103090060,-8.1103090060,0.3333333,4,4,0.50329940000000000,0.503299400000,-0.5887925454369916,-0.5887925454369916,-0.5887925454369916,0E-17,ELIGIBLE,R03b_20260811_FULL_v1,L1_ELIGIBILITY,v2026-08-11,2026-03-21..2026-08-06,baccarat_bet02_101_all_pairs_incl_sentinel,round_win = game_pnl > 0 (decisive only),COMPATIBILITY_ONLY_NOT_PRODUCTION,38226.7023,34760.5459,481.1811,2907,2903,-0.01258756,-0.02479038,-0.01019244,-0.01258756,-481.1811,38226.7023,OK,0.0000,19.2472,4.0000,96.0000,AG03-UNRESOLVED,ALL5_LEVELS_bet23_to_bet27,19.2472,19.2472,19.2472,28.8709,28.8709,4.000000,4.000000,4.000000,6.000000,6.000000,96.000000,96.000000,96.000000,94.000000,94.000000,5.0,115.4835,105.0165,365.6976,376.1646,PENDING_AG03,FALSE,NOT_FOR_ENFORCEMENT,461.9338,33370.1240,481.1811,461.9338,19.2472,0.01258756,0.01208406,19.2472,461.9338,0.01208406,19.2472,19.2472,19.2472,28.8709,28.8709,461.9338,0.01208406,115.4835,105.0165,365.6976,376.1646,0.00956655,0.00984036,0.00050350,13.1499,11.9740,0.1658,6.2491,1.8090,496.4507,37.7013,10.4533,13.8512,10.2195,10.5412,18.3951,22.009,22.009,31.6236,10.5412,0.0,2.087904,3.0,1.247477,27,146,58,3,0.16407309,0.01258756,0.02479038,0E-8,0.000000,0.909326,0.001376,-0.01459794,2026-03-22,2026-08-05,77,266,243,137,0.562044,0.754684,0.794934,0.546910,,,,,,,,GLOBAL_BASELINE_NO_ENTITY_RANKING,,,NOT_APPLICABLE_GLOBAL_BASELINE,HF9g-P5,,,,X 全窗基线 · 不参与实体赏罚,8390529,840,A168_HF9F_20260827_0900,2026-08-27 09:00:00
2026-03-28,94151214,1150,0,198.3009067699,-88.2560084514,-88.2560084514,0.1666667,9,9,0.49771390000000000,0.497713900000,-1.6218105569273533,-1.6218105569273533,-1.6218105569273533,0E-17,ELIGIBLE,R03b_20260811_FULL_v1,L1_ELIGIBILITY,v2026-08-11,2026-03-21..2026-08-06,baccarat_bet02_101_all_pairs_incl_sentinel,round_win = game_pnl > 0 (decisive only),COMPATIBILITY_ONLY_NOT_PRODUCTION,38226.7023,34760.5459,481.1811,2907,2903,-0.01258756,-0.02479038,-0.01019244,-0.01258756,-481.1811,38226.7023,OK,0.0000,19.2472,4.0000,96.0000,AG03-UNRESOLVED,ALL5_LEVELS_bet23_to_bet27,19.2472,19.2472,19.2472,28.8709,28.8709,4.000000,4.000000,4.000000,6.000000,6.000000,96.000000,96.000000,96.000000,94.000000,94.000000,5.0,115.4835,105.0165,365.6976,376.1646,PENDING_AG03,FALSE,NOT_FOR_ENFORCEMENT,461.9338,33370.1240,481.1811,461.9338,19.2472,0.01258756,0.01208406,19.2472,461.9338,0.01208406,19.2472,19.2472,19.2472,28.8709,28.8709,461.9338,0.01208406,115.4835,105.0165,365.6976,376.1646,0.00956655,0.00984036,0.00050350,13.1499,11.9740,0.1658,6.2491,1.8090,496.4507,37.7013,10.4533,13.8512,10.2195,10.5412,18.3951,22.009,22.009,31.6236,10.5412,0.0,2.087904,3.0,1.247477,27,146,58,3,0.16407309,0.01258756,0.02479038,0E-8,0.000000,0.909326,0.001376,-0.01459794,2026-03-22,2026-08-05,77,266,243,137,0.562044,0.754684,0.794934,0.546910,,,,,,,,GLOBAL_BASELINE_NO_ENTITY_RANKING,,,NOT_APPLICABLE_GLOBAL_BASELINE,HF9g-P5,,,,X 全窗基线 · 不参与实体赏罚,8390530,840,A168_HF9F_20260827_0900,2026-08-27 09:00:00
2026-03-28,94151214,2244,0,138.6565718815,44.2380491241,44.2380491241,0.7142857,8,8,0.49994810000000000,0.499948100000,1.134168054123783,1.134168054123783,1.134168054123783,0E-17,ELIGIBLE,R03b_20260811_FULL_v1,L1_ELIGIBILITY,v2026-08-11,2026-03-21..2026-08-06,baccarat_bet02_101_all_pairs_incl_sentinel,round_win = game_pnl > 0 (decisive only),COMPATIBILITY_ONLY_NOT_PRODUCTION,38226.7023,34760.5459,481.1811,2907,2903,-0.01258756,-0.02479038,-0.01019244,-0.01258756,-481.1811,38226.7023,OK,0.0000,19.2472,4.0000,96.0000,AG03-UNRESOLVED,ALL5_LEVELS_bet23_to_bet27,19.2472,19.2472,19.2472,28.8709,28.8709,4.000000,4.000000,4.000000,6.000000,6.000000,96.000000,96.000000,96.000000,94.000000,94.000000,5.0,115.4835,105.0165,365.6976,376.1646,PENDING_AG03,FALSE,NOT_FOR_ENFORCEMENT,461.9338,33370.1240,481.1811,461.9338,19.2472,0.01258756,0.01208406,19.2472,461.9338,0.01208406,19.2472,19.2472,19.2472,28.8709,28.8709,461.9338,0.01208406,115.4835,105.0165,365.6976,376.1646,0.00956655,0.00984036,0.00050350,13.1499,11.9740,0.1658,6.2491,1.8090,496.4507,37.7013,10.4533,13.8512,10.2195,10.5412,18.3951,22.009,22.009,31.6236,10.5412,0.0,2.087904,3.0,1.247477,27,146,58,3,0.16407309,0.01258756,0.02479038,0E-8,0.000000,0.909326,0.001376,-0.01459794,2026-03-22,2026-08-05,77,266,243,137,0.562044,0.754684,0.794934,0.546910,,,,,,,,GLOBAL_BASELINE_NO_ENTITY_RANKING,,,NOT_APPLICABLE_GLOBAL_BASELINE,HF9g-P5,,,,X 全窗基线 · 不参与实体赏罚,8390531,840,A168_HF9F_20260827_0900,2026-08-27 09:00:00
2026-03-29,94151214,1363,0,234.6157232150,-54.0320450742,-54.0320450742,0.4615385,14,14,0.50569318571428571,0.505693185714,-0.31842488661529417,-0.31842488661323165,-0.31842488661529417,2.8571E-13,ELIGIBLE,R03b_20260811_FULL_v1,L1_ELIGIBILITY,v2026-08-11,2026-03-21..2026-08-06,baccarat_bet02_101_all_pairs_incl_sentinel,round_win = game_pnl > 0 (decisive only),COMPATIBILITY_ONLY_NOT_PRODUCTION,38226.7023,34760.5459,481.1811,2907,2903,-0.01258756,-0.02479038,-0.01019244,-0.01258756,-481.1811,38226.7023,OK,0.0000,19.2472,4.0000,96.0000,AG03-UNRESOLVED,ALL5_LEVELS_bet23_to_bet27,19.2472,19.2472,19.2472,28.8709,28.8709,4.000000,4.000000,4.000000,6.000000,6.000000,96.000000,96.000000,96.000000,94.000000,94.000000,5.0,115.4835,105.0165,365.6976,376.1646,PENDING_AG03,FALSE,NOT_FOR_ENFORCEMENT,461.9338,33370.1240,481.1811,461.9338,19.2472,0.01258756,0.01208406,19.2472,461.9338,0.01208406,19.2472,19.2472,19.2472,28.8709,28.8709,461.9338,0.01208406,115.4835,105.0165,365.6976,376.1646,0.00956655,0.00984036,0.00050350,13.1499,11.9740,0.1658,6.2491,1.8090,496.4507,37.7013,10.4533,13.8512,10.2195,10.5412,18.3951,22.009,22.009,31.6236,10.5412,0.0,2.087904,3.0,1.247477,27,146,58,3,0.16407309,0.01258756,0.02479038,0E-8,0.000000,0.909326,0.001376,-0.01459794,2026-03-22,2026-08-05,77,266,243,137,0.562044,0.754684,0.794934,0.546910,,,,,,,,GLOBAL_BASELINE_NO_ENTITY_RANKING,,,NOT_APPLICABLE_GLOBAL_BASELINE,HF9g-P5,,,,X 全窗基线 · 不参与实体赏罚,8390532,840,A168_HF9F_20260827_0900,2026-08-27 09:00:00
2026-03-29,94151214,1654,0,118.8484901841,44.7882736156,44.7882736156,0.6666667,8,8,0.50329940000000000,0.503299400000,0.8003503134943746,0.8003503134943746,0.8003503134943746,0E-17,ELIGIBLE,R03b_20260811_FULL_v1,L1_ELIGIBILITY,v2026-08-11,2026-03-21..2026-08-06,baccarat_bet02_101_all_pairs_incl_sentinel,round_win = game_pnl > 0 (decisive only),COMPATIBILITY_ONLY_NOT_PRODUCTION,38226.7023,34760.5459,481.1811,2907,2903,-0.01258756,-0.02479038,-0.01019244,-0.01258756,-481.1811,38226.7023,OK,0.0000,19.2472,4.0000,96.0000,AG03-UNRESOLVED,ALL5_LEVELS_bet23_to_bet27,19.2472,19.2472,19.2472,28.8709,28.8709,4.000000,4.000000,4.000000,6.000000,6.000000,96.000000,96.000000,96.000000,94.000000,94.000000,5.0,115.4835,105.0165,365.6976,376.1646,PENDING_AG03,FALSE,NOT_FOR_ENFORCEMENT,461.9338,33370.1240,481.1811,461.9338,19.2472,0.01258756,0.01208406,19.2472,461.9338,0.01208406,19.2472,19.2472,19.2472,28.8709,28.8709,461.9338,0.01208406,115.4835,105.0165,365.6976,376.1646,0.00956655,0.00984036,0.00050350,13.1499,11.9740,0.1658,6.2491,1.8090,496.4507,37.7013,10.4533,13.8512,10.2195,10.5412,18.3951,22.009,22.009,31.6236,10.5412,0.0,2.087904,3.0,1.247477,27,146,58,3,0.16407309,0.01258756,0.02479038,0E-8,0.000000,0.909326,0.001376,-0.01459794,2026-03-22,2026-08-05,77,266,243,137,0.562044,0.754684,0.794934,0.546910,,,,,,,,GLOBAL_BASELINE_NO_ENTITY_RANKING,,,NOT_APPLICABLE_GLOBAL_BASELINE,HF9g-P5,,,,X 全窗基线 · 不参与实体赏罚,8390533,840,A168_HF9F_20260827_0900,2026-08-27 09:00:00
2026-03-29,94151214,1704,0,37.4152654284,14.8560612730,14.8560612730,0.6666667,3,3,0.49771390000000000,0.497713900000,0.5852756695216578,0.5852756695216578,0.5852756695216578,0E-17,ELIGIBLE,R03b_20260811_FULL_v1,L1_ELIGIBILITY,v2026-08-11,2026-03-21..2026-08-06,baccarat_bet02_101_all_pairs_incl_sentinel,round_win = game_pnl > 0 (decisive only),COMPATIBILITY_ONLY_NOT_PRODUCTION,38226.7023,34760.5459,481.1811,2907,2903,-0.01258756,-0.02479038,-0.01019244,-0.01258756,-481.1811,38226.7023,OK,0.0000,19.2472,4.0000,96.0000,AG03-UNRESOLVED,ALL5_LEVELS_bet23_to_bet27,19.2472,19.2472,19.2472,28.8709,28.8709,4.000000,4.000000,4.000000,6.000000,6.000000,96.000000,96.000000,96.000000,94.000000,94.000000,5.0,115.4835,105.0165,365.6976,376.1646,PENDING_AG03,FALSE,NOT_FOR_ENFORCEMENT,461.9338,33370.1240,481.1811,461.9338,19.2472,0.01258756,0.01208406,19.2472,461.9338,0.01208406,19.2472,19.2472,19.2472,28.8709,28.8709,461.9338,0.01208406,115.4835,105.0165,365.6976,376.1646,0.00956655,0.00984036,0.00050350,13.1499,11.9740,0.1658,6.2491,1.8090,496.4507,37.7013,10.4533,13.8512,10.2195,10.5412,18.3951,22.009,22.009,31.6236,10.5412,0.0,2.087904,3.0,1.247477,27,146,58,3,0.16407309,0.01258756,0.02479038,0E-8,0.000000,0.909326,0.001376,-0.01459794,2026-03-22,2026-08-05,77,266,243,137,0.562044,0.754684,0.794934,0.546910,,,,,,,,GLOBAL_BASELINE_NO_ENTITY_RANKING,,,NOT_APPLICABLE_GLOBAL_BASELINE,HF9g-P5,,,,X 全窗基线 · 不参与实体赏罚,8390534,840,A168_HF9F_20260827_0900,2026-08-27 09:00:00
2026-03-29,94151214,2130,0,232.1947354524,-4.9520204242,-4.9520204242,0.5625000,16,16,0.49911027500000000,0.499110275000,0.5071186028815338,0.5071186028815338,0.5071186028815338,0E-17,ELIGIBLE,R03b_20260811_FULL_v1,L1_ELIGIBILITY,v2026-08-11,2026-03-21..2026-08-06,baccarat_bet02_101_all_pairs_incl_sentinel,round_win = game_pnl > 0 (decisive only),COMPATIBILITY_ONLY_NOT_PRODUCTION,38226.7023,34760.5459,481.1811,2907,2903,-0.01258756,-0.02479038,-0.01019244,-0.01258756,-481.1811,38226.7023,OK,0.0000,19.2472,4.0000,96.0000,AG03-UNRESOLVED,ALL5_LEVELS_bet23_to_bet27,19.2472,19.2472,19.2472,28.8709,28.8709,4.000000,4.000000,4.000000,6.000000,6.000000,96.000000,96.000000,96.000000,94.000000,94.000000,5.0,115.4835,105.0165,365.6976,376.1646,PENDING_AG03,FALSE,NOT_FOR_ENFORCEMENT,461.9338,33370.1240,481.1811,461.9338,19.2472,0.01258756,0.01208406,19.2472,461.9338,0.01208406,19.2472,19.2472,19.2472,28.8709,28.8709,461.9338,0.01208406,115.4835,105.0165,365.6976,376.1646,0.00956655,0.00984036,0.00050350,13.1499,11.9740,0.1658,6.2491,1.8090,496.4507,37.7013,10.4533,13.8512,10.2195,10.5412,18.3951,22.009,22.009,31.6236,10.5412,0.0,2.087904,3.0,1.247477,27,146,58,3,0.16407309,0.01258756,0.02479038,0E-8,0.000000,0.909326,0.001376,-0.01459794,2026-03-22,2026-08-05,77,266,243,137,0.562044,0.754684,0.794934,0.546910,,,,,,,,GLOBAL_BASELINE_NO_ENTITY_RANKING,,,NOT_APPLICABLE_GLOBAL_BASELINE,HF9g-P5,,,,X 全窗基线 · 不参与实体赏罚,8390535,840,A168_HF9F_20260827_0900,2026-08-27 09:00:00
2026-03-29,94151214,583,0,157.8043841888,-88.9162778414,-88.9162778414,0.2222222,9,9,0.49771390000000000,0.497713900000,-1.6529673444087443,-1.6529673444087443,-1.6529673444087443,0E-17,ELIGIBLE,R03b_20260811_FULL_v1,L1_ELIGIBILITY,v2026-08-11,2026-03-21..2026-08-06,baccarat_bet02_101_all_pairs_incl_sentinel,round_win = game_pnl > 0 (decisive only),COMPATIBILITY_ONLY_NOT_PRODUCTION,38226.7023,34760.5459,481.1811,2907,2903,-0.01258756,-0.02479038,-0.01019244,-0.01258756,-481.1811,38226.7023,OK,0.0000,19.2472,4.0000,96.0000,AG03-UNRESOLVED,ALL5_LEVELS_bet23_to_bet27,19.2472,19.2472,19.2472,28.8709,28.8709,4.000000,4.000000,4.000000,6.000000,6.000000,96.000000,96.000000,96.000000,94.000000,94.000000,5.0,115.4835,105.0165,365.6976,376.1646,PENDING_AG03,FALSE,NOT_FOR_ENFORCEMENT,461.9338,33370.1240,481.1811,461.9338,19.2472,0.01258756,0.01208406,19.2472,461.9338,0.01208406,19.2472,19.2472,19.2472,28.8709,28.8709,461.9338,0.01208406,115.4835,105.0165,365.6976,376.1646,0.00956655,0.00984036,0.00050350,13.1499,11.9740,0.1658,6.2491,1.8090,496.4507,37.7013,10.4533,13.8512,10.2195,10.5412,18.3951,22.009,22.009,31.6236,10.5412,0.0,2.087904,3.0,1.247477,27,146,58,3,0.16407309,0.01258756,0.02479038,0E-8,0.000000,0.909326,0.001376,-0.01459794,2026-03-22,2026-08-05,77,266,243,137,0.562044,0.754684,0.794934,0.546910,,,,,,,,GLOBAL_BASELINE_NO_ENTITY_RANKING,,,NOT_APPLICABLE_GLOBAL_BASELINE,HF9g-P5,,,,X 全窗基线 · 不参与实体赏罚,8390536,840,A168_HF9F_20260827_0900,2026-08-27 09:00:00
2026-03-30,94151214,-1,1,155.8235760192,-43.9959503478,-43.9959503478,0.3000000,10,10,0.50128862000000000,0.501288620000,-1.2730652405066043,-1.2730652405066043,-1.2730652405066043,0E-17,SENTINEL_DEALER,R03b_20260811_FULL_v1,L1_ELIGIBILITY,v2026-08-11,2026-03-21..2026-08-06,baccarat_bet02_101_all_pairs_incl_sentinel,round_win = game_pnl > 0 (decisive only),COMPATIBILITY_ONLY_NOT_PRODUCTION,38226.7023,34760.5459,481.1811,2907,2903,-0.01258756,-0.02479038,-0.01019244,-0.01258756,-481.1811,38226.7023,OK,0.0000,19.2472,4.0000,96.0000,AG03-UNRESOLVED,ALL5_LEVELS_bet23_to_bet27,19.2472,19.2472,19.2472,28.8709,28.8709,4.000000,4.000000,4.000000,6.000000,6.000000,96.000000,96.000000,96.000000,94.000000,94.000000,5.0,115.4835,105.0165,365.6976,376.1646,PENDING_AG03,FALSE,NOT_FOR_ENFORCEMENT,461.9338,33370.1240,481.1811,461.9338,19.2472,0.01258756,0.01208406,19.2472,461.9338,0.01208406,19.2472,19.2472,19.2472,28.8709,28.8709,461.9338,0.01208406,115.4835,105.0165,365.6976,376.1646,0.00956655,0.00984036,0.00050350,13.1499,11.9740,0.1658,6.2491,1.8090,496.4507,37.7013,10.4533,13.8512,10.2195,10.5412,18.3951,22.009,22.009,31.6236,10.5412,0.0,2.087904,3.0,1.247477,27,146,58,3,0.16407309,0.01258756,0.02479038,0E-8,0.000000,0.909326,0.001376,-0.01459794,2026-03-22,2026-08-05,77,266,243,137,0.562044,0.754684,0.794934,0.546910,,,,,,,,GLOBAL_BASELINE_NO_ENTITY_RANKING,,,NOT_APPLICABLE_GLOBAL_BASELINE,HF9g-P5,,,,X 全窗基线 · 不参与实体赏罚,8390537,840,A168_HF9F_20260827_0900,2026-08-27 09:00:00
2026-04-01,94151214,1509,0,5.4814158918,-2.7407079459,-2.7407079459,0E-7,2,2,0.49324550000000000,0.493245500000,-0.9865810262130424,-0.9865810262130424,-0.9865810262130424,0E-17,ELIGIBLE,R03b_20260811_FULL_v1,L1_ELIGIBILITY,v2026-08-11,2026-03-21..2026-08-06,baccarat_bet02_101_all_pairs_incl_sentinel,round_win = game_pnl > 0 (decisive only),COMPATIBILITY_ONLY_NOT_PRODUCTION,38226.7023,34760.5459,481.1811,2907,2903,-0.01258756,-0.02479038,-0.01019244,-0.01258756,-481.1811,38226.7023,OK,0.0000,19.2472,4.0000,96.0000,AG03-UNRESOLVED,ALL5_LEVELS_bet23_to_bet27,19.2472,19.2472,19.2472,28.8709,28.8709,4.000000,4.000000,4.000000,6.000000,6.000000,96.000000,96.000000,96.000000,94.000000,94.000000,5.0,115.4835,105.0165,365.6976,376.1646,PENDING_AG03,FALSE,NOT_FOR_ENFORCEMENT,461.9338,33370.1240,481.1811,461.9338,19.2472,0.01258756,0.01208406,19.2472,461.9338,0.01208406,19.2472,19.2472,19.2472,28.8709,28.8709,461.9338,0.01208406,115.4835,105.0165,365.6976,376.1646,0.00956655,0.00984036,0.00050350,13.1499,11.9740,0.1658,6.2491,1.8090,496.4507,37.7013,10.4533,13.8512,10.2195,10.5412,18.3951,22.009,22.009,31.6236,10.5412,0.0,2.087904,3.0,1.247477,27,146,58,3,0.16407309,0.01258756,0.02479038,0E-8,0.000000,0.909326,0.001376,-0.01459794,2026-03-22,2026-08-05,77,266,243,137,0.562044,0.754684,0.794934,0.546910,,,,,,,,GLOBAL_BASELINE_NO_ENTITY_RANKING,,,NOT_APPLICABLE_GLOBAL_BASELINE,HF9g-P5,,,,X 全窗基线 · 不参与实体赏罚,8390538,840,A168_HF9F_20260827_0900,2026-08-27 09:00:00
2026-04-01,94151214,2264,0,2.1082368815,-2.1082368815,-2.1082368815,0E-7,1,1,0.49324550000000000,0.493245500000,-0.9865810262130424,-0.9865810262130424,-0.9865810262130424,0E-17,ELIGIBLE,R03b_20260811_FULL_v1,L1_ELIGIBILITY,v2026-08-11,2026-03-21..2026-08-06,baccarat_bet02_101_all_pairs_incl_sentinel,round_win = game_pnl > 0 (decisive only),COMPATIBILITY_ONLY_NOT_PRODUCTION,38226.7023,34760.5459,481.1811,2907,2903,-0.01258756,-0.02479038,-0.01019244,-0.01258756,-481.1811,38226.7023,OK,0.0000,19.2472,4.0000,96.0000,AG03-UNRESOLVED,ALL5_LEVELS_bet23_to_bet27,19.2472,19.2472,19.2472,28.8709,28.8709,4.000000,4.000000,4.000000,6.000000,6.000000,96.000000,96.000000,96.000000,94.000000,94.000000,5.0,115.4835,105.0165,365.6976,376.1646,PENDING_AG03,FALSE,NOT_FOR_ENFORCEMENT,461.9338,33370.1240,481.1811,461.9338,19.2472,0.01258756,0.01208406,19.2472,461.9338,0.01208406,19.2472,19.2472,19.2472,28.8709,28.8709,461.9338,0.01208406,115.4835,105.0165,365.6976,376.1646,0.00956655,0.00984036,0.00050350,13.1499,11.9740,0.1658,6.2491,1.8090,496.4507,37.7013,10.4533,13.8512,10.2195,10.5412,18.3951,22.009,22.009,31.6236,10.5412,0.0,2.087904,3.0,1.247477,27,146,58,3,0.16407309,0.01258756,0.02479038,0E-8,0.000000,0.909326,0.001376,-0.01459794,2026-03-22,2026-08-05,77,266,243,137,0.562044,0.754684,0.794934,0.546910,,,,,,,,GLOBAL_BASELINE_NO_ENTITY_RANKING,,,NOT_APPLICABLE_GLOBAL_BASELINE,HF9g-P5,,,,X 全窗基线 · 不参与实体赏罚,8390539,840,A168_HF9F_20260827_0900,2026-08-27 09:00:00
2026-04-02,94151214,-1,1,541.1844074810,-65.8718613630,-65.8718613630,0.4444444,38,38,0.50206471052631579,0.502064710526,-0.6914490883433905,-0.6914490883395993,-0.6914490883433905,3.1579E-13,SENTINEL_DEALER,R03b_20260811_FULL_v1,L1_ELIGIBILITY,v2026-08-11,2026-03-21..2026-08-06,baccarat_bet02_101_all_pairs_incl_sentinel,round_win = game_pnl > 0 (decisive only),COMPATIBILITY_ONLY_NOT_PRODUCTION,38226.7023,34760.5459,481.1811,2907,2903,-0.01258756,-0.02479038,-0.01019244,-0.01258756,-481.1811,38226.7023,OK,0.0000,19.2472,4.0000,96.0000,AG03-UNRESOLVED,ALL5_LEVELS_bet23_to_bet27,19.2472,19.2472,19.2472,28.8709,28.8709,4.000000,4.000000,4.000000,6.000000,6.000000,96.000000,96.000000,96.000000,94.000000,94.000000,5.0,115.4835,105.0165,365.6976,376.1646,PENDING_AG03,FALSE,NOT_FOR_ENFORCEMENT,461.9338,33370.1240,481.1811,461.9338,19.2472,0.01258756,0.01208406,19.2472,461.9338,0.01208406,19.2472,19.2472,19.2472,28.8709,28.8709,461.9338,0.01208406,115.4835,105.0165,365.6976,376.1646,0.00956655,0.00984036,0.00050350,13.1499,11.9740,0.1658,6.2491,1.8090,496.4507,37.7013,10.4533,13.8512,10.2195,10.5412,18.3951,22.009,22.009,31.6236,10.5412,0.0,2.087904,3.0,1.247477,27,146,58,3,0.16407309,0.01258756,0.02479038,0E-8,0.000000,0.909326,0.001376,-0.01459794,2026-03-22,2026-08-05,77,266,243,137,0.562044,0.754684,0.794934,0.546910,,,,,,,,GLOBAL_BASELINE_NO_ENTITY_RANKING,,,NOT_APPLICABLE_GLOBAL_BASELINE,HF9g-P5,,,,X 全窗基线 · 不参与实体赏罚,8390540,840,A168_HF9F_20260827_0900,2026-08-27 09:00:00
2026-04-02,94151214,1004,0,172.8754242830,78.3210001475,78.3210001475,0.8000000,11,11,0.50177608181818182,0.501776081818,1.886145567992517,1.8861455679936645,1.886145567992517,1.8182E-13,ELIGIBLE,R03b_20260811_FULL_v1,L1_ELIGIBILITY,v2026-08-11,2026-03-21..2026-08-06,baccarat_bet02_101_all_pairs_incl_sentinel,round_win = game_pnl > 0 (decisive only),COMPATIBILITY_ONLY_NOT_PRODUCTION,38226.7023,34760.5459,481.1811,2907,2903,-0.01258756,-0.02479038,-0.01019244,-0.01258756,-481.1811,38226.7023,OK,0.0000,19.2472,4.0000,96.0000,AG03-UNRESOLVED,ALL5_LEVELS_bet23_to_bet27,19.2472,19.2472,19.2472,28.8709,28.8709,4.000000,4.000000,4.000000,6.000000,6.000000,96.000000,96.000000,96.000000,94.000000,94.000000,5.0,115.4835,105.0165,365.6976,376.1646,PENDING_AG03,FALSE,NOT_FOR_ENFORCEMENT,461.9338,33370.1240,481.1811,461.9338,19.2472,0.01258756,0.01208406,19.2472,461.9338,0.01208406,19.2472,19.2472,19.2472,28.8709,28.8709,461.9338,0.01208406,115.4835,105.0165,365.6976,376.1646,0.00956655,0.00984036,0.00050350,13.1499,11.9740,0.1658,6.2491,1.8090,496.4507,37.7013,10.4533,13.8512,10.2195,10.5412,18.3951,22.009,22.009,31.6236,10.5412,0.0,2.087904,3.0,1.247477,27,146,58,3,0.16407309,0.01258756,0.02479038,0E-8,0.000000,0.909326,0.001376,-0.01459794,2026-03-22,2026-08-05,77,266,243,137,0.562044,0.754684,0.794934,0.546910,,,,,,,,GLOBAL_BASELINE_NO_ENTITY_RANKING,,,NOT_APPLICABLE_GLOBAL_BASELINE,HF9g-P5,,,,X 全窗基线 · 不参与实体赏罚,8390541,840,A168_HF9F_20260827_0900,2026-08-27 09:00:00
2026-04-02,94151214,1017,0,164.4424767570,26.7746083950,26.7746083950,0.6666667,9,9,0.49920336666666667,0.499203366667,1.0047810753185216,1.0047810753165205,1.0047810753185216,-3.3333E-13,ELIGIBLE,R03b_20260811_FULL_v1,L1_ELIGIBILITY,v2026-08-11,2026-03-21..2026-08-06,baccarat_bet02_101_all_pairs_incl_sentinel,round_win = game_pnl > 0 (decisive only),COMPATIBILITY_ONLY_NOT_PRODUCTION,38226.7023,34760.5459,481.1811,2907,2903,-0.01258756,-0.02479038,-0.01019244,-0.01258756,-481.1811,38226.7023,OK,0.0000,19.2472,4.0000,96.0000,AG03-UNRESOLVED,ALL5_LEVELS_bet23_to_bet27,19.2472,19.2472,19.2472,28.8709,28.8709,4.000000,4.000000,4.000000,6.000000,6.000000,96.000000,96.000000,96.000000,94.000000,94.000000,5.0,115.4835,105.0165,365.6976,376.1646,PENDING_AG03,FALSE,NOT_FOR_ENFORCEMENT,461.9338,33370.1240,481.1811,461.9338,19.2472,0.01258756,0.01208406,19.2472,461.9338,0.01208406,19.2472,19.2472,19.2472,28.8709,28.8709,461.9338,0.01208406,115.4835,105.0165,365.6976,376.1646,0.00956655,0.00984036,0.00050350,13.1499,11.9740,0.1658,6.2491,1.8090,496.4507,37.7013,10.4533,13.8512,10.2195,10.5412,18.3951,22.009,22.009,31.6236,10.5412,0.0,2.087904,3.0,1.247477,27,146,58,3,0.16407309,0.01258756,0.02479038,0E-8,0.000000,0.909326,0.001376,-0.01459794,2026-03-22,2026-08-05,77,266,243,137,0.562044,0.754684,0.794934,0.546910,,,,,,,,GLOBAL_BASELINE_NO_ENTITY_RANKING,,,NOT_APPLICABLE_GLOBAL_BASELINE,HF9g-P5,,,,X 全窗基线 · 不参与实体赏罚,8390542,840,A168_HF9F_20260827_0900,2026-08-27 09:00:00
2026-04-02,94151214,1151,0,35.8400269855,34.0480256362,34.0480256362,1.0000000,3,3,0.50665070000000000,0.506650700000,1.7091633124209307,1.7091633124209307,1.7091633124209307,0E-17,ELIGIBLE,R03b_20260811_FULL_v1,L1_ELIGIBILITY,v2026-08-11,2026-03-21..2026-08-06,baccarat_bet02_101_all_pairs_incl_sentinel,round_win = game_pnl > 0 (decisive only),COMPATIBILITY_ONLY_NOT_PRODUCTION,38226.7023,34760.5459,481.1811,2907,2903,-0.01258756,-0.02479038,-0.01019244,-0.01258756,-481.1811,38226.7023,OK,0.0000,19.2472,4.0000,96.0000,AG03-UNRESOLVED,ALL5_LEVELS_bet23_to_bet27,19.2472,19.2472,19.2472,28.8709,28.8709,4.000000,4.000000,4.000000,6.000000,6.000000,96.000000,96.000000,96.000000,94.000000,94.000000,5.0,115.4835,105.0165,365.6976,376.1646,PENDING_AG03,FALSE,NOT_FOR_ENFORCEMENT,461.9338,33370.1240,481.1811,461.9338,19.2472,0.01258756,0.01208406,19.2472,461.9338,0.01208406,19.2472,19.2472,19.2472,28.8709,28.8709,461.9338,0.01208406,115.4835,105.0165,365.6976,376.1646,0.00956655,0.00984036,0.00050350,13.1499,11.9740,0.1658,6.2491,1.8090,496.4507,37.7013,10.4533,13.8512,10.2195,10.5412,18.3951,22.009,22.009,31.6236,10.5412,0.0,2.087904,3.0,1.247477,27,146,58,3,0.16407309,0.01258756,0.02479038,0E-8,0.000000,0.909326,0.001376,-0.01459794,2026-03-22,2026-08-05,77,266,243,137,0.562044,0.754684,0.794934,0.546910,,,,,,,,GLOBAL_BASELINE_NO_ENTITY_RANKING,,,NOT_APPLICABLE_GLOBAL_BASELINE,HF9g-P5,,,,X 全窗基线 · 不参与实体赏罚,8390543,840,A168_HF9F_20260827_0900,2026-08-27 09:00:00
2026-04-02,94151214,1205,0,10.5411844075,-10.5411844075,-10.5411844075,0E-7,1,1,0.50665070000000000,0.506650700000,-1.013391052207602,-1.013391052207602,-1.013391052207602,0E-17,ELIGIBLE,R03b_20260811_FULL_v1,L1_ELIGIBILITY,v2026-08-11,2026-03-21..2026-08-06,baccarat_bet02_101_all_pairs_incl_sentinel,round_win = game_pnl > 0 (decisive only),COMPATIBILITY_ONLY_NOT_PRODUCTION,38226.7023,34760.5459,481.1811,2907,2903,-0.01258756,-0.02479038,-0.01019244,-0.01258756,-481.1811,38226.7023,OK,0.0000,19.2472,4.0000,96.0000,AG03-UNRESOLVED,ALL5_LEVELS_bet23_to_bet27,19.2472,19.2472,19.2472,28.8709,28.8709,4.000000,4.000000,4.000000,6.000000,6.000000,96.000000,96.000000,96.000000,94.000000,94.000000,5.0,115.4835,105.0165,365.6976,376.1646,PENDING_AG03,FALSE,NOT_FOR_ENFORCEMENT,461.9338,33370.1240,481.1811,461.9338,19.2472,0.01258756,0.01208406,19.2472,461.9338,0.01208406,19.2472,19.2472,19.2472,28.8709,28.8709,461.9338,0.01208406,115.4835,105.0165,365.6976,376.1646,0.00956655,0.00984036,0.00050350,13.1499,11.9740,0.1658,6.2491,1.8090,496.4507,37.7013,10.4533,13.8512,10.2195,10.5412,18.3951,22.009,22.009,31.6236,10.5412,0.0,2.087904,3.0,1.247477,27,146,58,3,0.16407309,0.01258756,0.02479038,0E-8,0.000000,0.909326,0.001376,-0.01459794,2026-03-22,2026-08-05,77,266,243,137,0.562044,0.754684,0.794934,0.546910,,,,,,,,GLOBAL_BASELINE_NO_ENTITY_RANKING,,,NOT_APPLICABLE_GLOBAL_BASELINE,HF9g-P5,,,,X 全窗基线 · 不参与实体赏罚,8390544,840,A168_HF9F_20260827_0900,2026-08-27 09:00:00
2026-04-02,94151214,1210,0,286.7202158839,26.5637847068,26.5637847068,0.5882353,18,18,0.49771390000000000,0.497713900000,0.7464663411354489,0.7464663411354491,0.7464663411354489,0E-17,ELIGIBLE,R03b_20260811_FULL_v1,L1_ELIGIBILITY,v2026-08-11,2026-03-21..2026-08-06,baccarat_bet02_101_all_pairs_incl_sentinel,round_win = game_pnl > 0 (decisive only),COMPATIBILITY_ONLY_NOT_PRODUCTION,38226.7023,34760.5459,481.1811,2907,2903,-0.01258756,-0.02479038,-0.01019244,-0.01258756,-481.1811,38226.7023,OK,0.0000,19.2472,4.0000,96.0000,AG03-UNRESOLVED,ALL5_LEVELS_bet23_to_bet27,19.2472,19.2472,19.2472,28.8709,28.8709,4.000000,4.000000,4.000000,6.000000,6.000000,96.000000,96.000000,96.000000,94.000000,94.000000,5.0,115.4835,105.0165,365.6976,376.1646,PENDING_AG03,FALSE,NOT_FOR_ENFORCEMENT,461.9338,33370.1240,481.1811,461.9338,19.2472,0.01258756,0.01208406,19.2472,461.9338,0.01208406,19.2472,19.2472,19.2472,28.8709,28.8709,461.9338,0.01208406,115.4835,105.0165,365.6976,376.1646,0.00956655,0.00984036,0.00050350,13.1499,11.9740,0.1658,6.2491,1.8090,496.4507,37.7013,10.4533,13.8512,10.2195,10.5412,18.3951,22.009,22.009,31.6236,10.5412,0.0,2.087904,3.0,1.247477,27,146,58,3,0.16407309,0.01258756,0.02479038,0E-8,0.000000,0.909326,0.001376,-0.01459794,2026-03-22,2026-08-05,77,266,243,137,0.562044,0.754684,0.794934,0.546910,,,,,,,,GLOBAL_BASELINE_NO_ENTITY_RANKING,,,NOT_APPLICABLE_GLOBAL_BASELINE,HF9g-P5,,,,X 全窗基线 · 不参与实体赏罚,8390545,840,A168_HF9F_20260827_0900,2026-08-27 09:00:00
2026-04-02,94151214,1318,0,219.2566356759,-33.7317901041,-33.7317901041,0.4166667,12,12,0.50329940000000000,0.503299400000,-0.6002222511571618,-0.6002222511571618,-0.6002222511571618,0E-17,ELIGIBLE,R03b_20260811_FULL_v1,L1_ELIGIBILITY,v2026-08-11,2026-03-21..2026-08-06,baccarat_bet02_101_all_pairs_incl_sentinel,round_win = game_pnl > 0 (decisive only),COMPATIBILITY_ONLY_NOT_PRODUCTION,38226.7023,34760.5459,481.1811,2907,2903,-0.01258756,-0.02479038,-0.01019244,-0.01258756,-481.1811,38226.7023,OK,0.0000,19.2472,4.0000,96.0000,AG03-UNRESOLVED,ALL5_LEVELS_bet23_to_bet27,19.2472,19.2472,19.2472,28.8709,28.8709,4.000000,4.000000,4.000000,6.000000,6.000000,96.000000,96.000000,96.000000,94.000000,94.000000,5.0,115.4835,105.0165,365.6976,376.1646,PENDING_AG03,FALSE,NOT_FOR_ENFORCEMENT,461.9338,33370.1240,481.1811,461.9338,19.2472,0.01258756,0.01208406,19.2472,461.9338,0.01208406,19.2472,19.2472,19.2472,28.8709,28.8709,461.9338,0.01208406,115.4835,105.0165,365.6976,376.1646,0.00956655,0.00984036,0.00050350,13.1499,11.9740,0.1658,6.2491,1.8090,496.4507,37.7013,10.4533,13.8512,10.2195,10.5412,18.3951,22.009,22.009,31.6236,10.5412,0.0,2.087904,3.0,1.247477,27,146,58,3,0.16407309,0.01258756,0.02479038,0E-8,0.000000,0.909326,0.001376,-0.01459794,2026-03-22,2026-08-05,77,266,243,137,0.562044,0.754684,0.794934,0.546910,,,,,,,,GLOBAL_BASELINE_NO_ENTITY_RANKING,,,NOT_APPLICABLE_GLOBAL_BASELINE,HF9g-P5,,,,X 全窗基线 · 不参与实体赏罚,8390546,840,A168_HF9F_20260827_0900,2026-08-27 09:00:00
2026-04-02,94151214,1383,0,248.5611283288,-118.4829127403,-118.4829127403,0.2666667,15,15,0.50039494000000000,0.500394940000,-1.8104519850956422,-1.8104519850956424,-1.8104519850956422,0E-17,ELIGIBLE,R03b_20260811_FULL_v1,L1_ELIGIBILITY,v2026-08-11,2026-03-21..2026-08-06,baccarat_bet02_101_all_pairs_incl_sentinel,round_win = game_pnl > 0 (decisive only),COMPATIBILITY_ONLY_NOT_PRODUCTION,38226.7023,34760.5459,481.1811,2907,2903,-0.01258756,-0.02479038,-0.01019244,-0.01258756,-481.1811,38226.7023,OK,0.0000,19.2472,4.0000,96.0000,AG03-UNRESOLVED,ALL5_LEVELS_bet23_to_bet27,19.2472,19.2472,19.2472,28.8709,28.8709,4.000000,4.000000,4.000000,6.000000,6.000000,96.000000,96.000000,96.000000,94.000000,94.000000,5.0,115.4835,105.0165,365.6976,376.1646,PENDING_AG03,FALSE,NOT_FOR_ENFORCEMENT,461.9338,33370.1240,481.1811,461.9338,19.2472,0.01258756,0.01208406,19.2472,461.9338,0.01208406,19.2472,19.2472,19.2472,28.8709,28.8709,461.9338,0.01208406,115.4835,105.0165,365.6976,376.1646,0.00956655,0.00984036,0.00050350,13.1499,11.9740,0.1658,6.2491,1.8090,496.4507,37.7013,10.4533,13.8512,10.2195,10.5412,18.3951,22.009,22.009,31.6236,10.5412,0.0,2.087904,3.0,1.247477,27,146,58,3,0.16407309,0.01258756,0.02479038,0E-8,0.000000,0.909326,0.001376,-0.01459794,2026-03-22,2026-08-05,77,266,243,137,0.562044,0.754684,0.794934,0.546910,,,,,,,,GLOBAL_BASELINE_NO_ENTITY_RANKING,,,NOT_APPLICABLE_GLOBAL_BASELINE,HF9g-P5,,,,X 全窗基线 · 不参与实体赏罚,8390547,840,A168_HF9F_20260827_0900,2026-08-27 09:00:00
2026-04-02,94151214,1384,0,406.8897181291,37.8428520227,37.8428520227,0.5500000,20,20,0.50061836000000000,0.500618360000,0.4416831532937904,0.4416831532937904,0.4416831532937904,0E-17,ELIGIBLE,R03b_20260811_FULL_v1,L1_ELIGIBILITY,v2026-08-11,2026-03-21..2026-08-06,baccarat_bet02_101_all_pairs_incl_sentinel,round_win = game_pnl > 0 (decisive only),COMPATIBILITY_ONLY_NOT_PRODUCTION,38226.7023,34760.5459,481.1811,2907,2903,-0.01258756,-0.02479038,-0.01019244,-0.01258756,-481.1811,38226.7023,OK,0.0000,19.2472,4.0000,96.0000,AG03-UNRESOLVED,ALL5_LEVELS_bet23_to_bet27,19.2472,19.2472,19.2472,28.8709,28.8709,4.000000,4.000000,4.000000,6.000000,6.000000,96.000000,96.000000,96.000000,94.000000,94.000000,5.0,115.4835,105.0165,365.6976,376.1646,PENDING_AG03,FALSE,NOT_FOR_ENFORCEMENT,461.9338,33370.1240,481.1811,461.9338,19.2472,0.01258756,0.01208406,19.2472,461.9338,0.01208406,19.2472,19.2472,19.2472,28.8709,28.8709,461.9338,0.01208406,115.4835,105.0165,365.6976,376.1646,0.00956655,0.00984036,0.00050350,13.1499,11.9740,0.1658,6.2491,1.8090,496.4507,37.7013,10.4533,13.8512,10.2195,10.5412,18.3951,22.009,22.009,31.6236,10.5412,0.0,2.087904,3.0,1.247477,27,146,58,3,0.16407309,0.01258756,0.02479038,0E-8,0.000000,0.909326,0.001376,-0.01459794,2026-03-22,2026-08-05,77,266,243,137,0.562044,0.754684,0.794934,0.546910,,,,,,,,GLOBAL_BASELINE_NO_ENTITY_RANKING,,,NOT_APPLICABLE_GLOBAL_BASELINE,HF9g-P5,,,,X 全窗基线 · 不参与实体赏罚,8390548,840,A168_HF9F_20260827_0900,2026-08-27 09:00:00
2026-04-02,94151214,1490,0,448.6328083830,30.0634579297,30.0634579297,0.4761905,22,22,0.50177608181818182,0.501776081818,-0.23449742841378832,-0.23449742841212154,-0.23449742841378832,1.8182E-13,ELIGIBLE,R03b_20260811_FULL_v1,L1_ELIGIBILITY,v2026-08-11,2026-03-21..2026-08-06,baccarat_bet02_101_all_pairs_incl_sentinel,round_win = game_pnl > 0 (decisive only),COMPATIBILITY_ONLY_NOT_PRODUCTION,38226.7023,34760.5459,481.1811,2907,2903,-0.01258756,-0.02479038,-0.01019244,-0.01258756,-481.1811,38226.7023,OK,0.0000,19.2472,4.0000,96.0000,AG03-UNRESOLVED,ALL5_LEVELS_bet23_to_bet27,19.2472,19.2472,19.2472,28.8709,28.8709,4.000000,4.000000,4.000000,6.000000,6.000000,96.000000,96.000000,96.000000,94.000000,94.000000,5.0,115.4835,105.0165,365.6976,376.1646,PENDING_AG03,FALSE,NOT_FOR_ENFORCEMENT,461.9338,33370.1240,481.1811,461.9338,19.2472,0.01258756,0.01208406,19.2472,461.9338,0.01208406,19.2472,19.2472,19.2472,28.8709,28.8709,461.9338,0.01208406,115.4835,105.0165,365.6976,376.1646,0.00956655,0.00984036,0.00050350,13.1499,11.9740,0.1658,6.2491,1.8090,496.4507,37.7013,10.4533,13.8512,10.2195,10.5412,18.3951,22.009,22.009,31.6236,10.5412,0.0,2.087904,3.0,1.247477,27,146,58,3,0.16407309,0.01258756,0.02479038,0E-8,0.000000,0.909326,0.001376,-0.01459794,2026-03-22,2026-08-05,77,266,243,137,0.562044,0.754684,0.794934,0.546910,,,,,,,,GLOBAL_BASELINE_NO_ENTITY_RANKING,,,NOT_APPLICABLE_GLOBAL_BASELINE,HF9g-P5,,,,X 全窗基线 · 不参与实体赏罚,8390549,840,A168_HF9F_20260827_0900,2026-08-27 09:00:00
2026-04-02,94151214,1623,0,50.5976851560,-8.4329475260,-8.4329475260,0.5000000,4,4,0.49659680000000000,0.496596800000,0.013613115331600182,0.013613115331600183,0.013613115331600182,0E-17,ELIGIBLE,R03b_20260811_FULL_v1,L1_ELIGIBILITY,v2026-08-11,2026-03-21..2026-08-06,baccarat_bet02_101_all_pairs_incl_sentinel,round_win = game_pnl > 0 (decisive only),COMPATIBILITY_ONLY_NOT_PRODUCTION,38226.7023,34760.5459,481.1811,2907,2903,-0.01258756,-0.02479038,-0.01019244,-0.01258756,-481.1811,38226.7023,OK,0.0000,19.2472,4.0000,96.0000,AG03-UNRESOLVED,ALL5_LEVELS_bet23_to_bet27,19.2472,19.2472,19.2472,28.8709,28.8709,4.000000,4.000000,4.000000,6.000000,6.000000,96.000000,96.000000,96.000000,94.000000,94.000000,5.0,115.4835,105.0165,365.6976,376.1646,PENDING_AG03,FALSE,NOT_FOR_ENFORCEMENT,461.9338,33370.1240,481.1811,461.9338,19.2472,0.01258756,0.01208406,19.2472,461.9338,0.01208406,19.2472,19.2472,19.2472,28.8709,28.8709,461.9338,0.01208406,115.4835,105.0165,365.6976,376.1646,0.00956655,0.00984036,0.00050350,13.1499,11.9740,0.1658,6.2491,1.8090,496.4507,37.7013,10.4533,13.8512,10.2195,10.5412,18.3951,22.009,22.009,31.6236,10.5412,0.0,2.087904,3.0,1.247477,27,146,58,3,0.16407309,0.01258756,0.02479038,0E-8,0.000000,0.909326,0.001376,-0.01459794,2026-03-22,2026-08-05,77,266,243,137,0.562044,0.754684,0.794934,0.546910,,,,,,,,GLOBAL_BASELINE_NO_ENTITY_RANKING,,,NOT_APPLICABLE_GLOBAL_BASELINE,HF9g-P5,,,,X 全窗基线 · 不参与实体赏罚,8390550,840,A168_HF9F_20260827_0900,2026-08-27 09:00:00
2026-04-02,94151214,1654,0,104.7793730105,17.8462252017,17.8462252017,0.5555556,9,9,0.50367176666666667,0.503671766667,0.3113111275590903,0.3113111275570917,0.3113111275590903,-3.3333E-13,ELIGIBLE,R03b_20260811_FULL_v1,L1_ELIGIBILITY,v2026-08-11,2026-03-21..2026-08-06,baccarat_bet02_101_all_pairs_incl_sentinel,round_win = game_pnl > 0 (decisive only),COMPATIBILITY_ONLY_NOT_PRODUCTION,38226.7023,34760.5459,481.1811,2907,2903,-0.01258756,-0.02479038,-0.01019244,-0.01258756,-481.1811,38226.7023,OK,0.0000,19.2472,4.0000,96.0000,AG03-UNRESOLVED,ALL5_LEVELS_bet23_to_bet27,19.2472,19.2472,19.2472,28.8709,28.8709,4.000000,4.000000,4.000000,6.000000,6.000000,96.000000,96.000000,96.000000,94.000000,94.000000,5.0,115.4835,105.0165,365.6976,376.1646,PENDING_AG03,FALSE,NOT_FOR_ENFORCEMENT,461.9338,33370.1240,481.1811,461.9338,19.2472,0.01258756,0.01208406,19.2472,461.9338,0.01208406,19.2472,19.2472,19.2472,28.8709,28.8709,461.9338,0.01208406,115.4835,105.0165,365.6976,376.1646,0.00956655,0.00984036,0.00050350,13.1499,11.9740,0.1658,6.2491,1.8090,496.4507,37.7013,10.4533,13.8512,10.2195,10.5412,18.3951,22.009,22.009,31.6236,10.5412,0.0,2.087904,3.0,1.247477,27,146,58,3,0.16407309,0.01258756,0.02479038,0E-8,0.000000,0.909326,0.001376,-0.01459794,2026-03-22,2026-08-05,77,266,243,137,0.562044,0.754684,0.794934,0.546910,,,,,,,,GLOBAL_BASELINE_NO_ENTITY_RANKING,,,NOT_APPLICABLE_GLOBAL_BASELINE,HF9g-P5,,,,X 全窗基线 · 不参与实体赏罚,8390551,840,A168_HF9F_20260827_0900,2026-08-27 09:00:00
2026-04-02,94151214,2103,0,56.9223958005,54.7087470748,54.7087470748,1.0000000,6,6,0.50218230000000000,0.502182300000,2.4388219294159463,2.4388219294159463,2.4388219294159463,0E-17,ELIGIBLE,R03b_20260811_FULL_v1,L1_ELIGIBILITY,v2026-08-11,2026-03-21..2026-08-06,baccarat_bet02_101_all_pairs_incl_sentinel,round_win = game_pnl > 0 (decisive only),COMPATIBILITY_ONLY_NOT_PRODUCTION,38226.7023,34760.5459,481.1811,2907,2903,-0.01258756,-0.02479038,-0.01019244,-0.01258756,-481.1811,38226.7023,OK,0.0000,19.2472,4.0000,96.0000,AG03-UNRESOLVED,ALL5_LEVELS_bet23_to_bet27,19.2472,19.2472,19.2472,28.8709,28.8709,4.000000,4.000000,4.000000,6.000000,6.000000,96.000000,96.000000,96.000000,94.000000,94.000000,5.0,115.4835,105.0165,365.6976,376.1646,PENDING_AG03,FALSE,NOT_FOR_ENFORCEMENT,461.9338,33370.1240,481.1811,461.9338,19.2472,0.01258756,0.01208406,19.2472,461.9338,0.01208406,19.2472,19.2472,19.2472,28.8709,28.8709,461.9338,0.01208406,115.4835,105.0165,365.6976,376.1646,0.00956655,0.00984036,0.00050350,13.1499,11.9740,0.1658,6.2491,1.8090,496.4507,37.7013,10.4533,13.8512,10.2195,10.5412,18.3951,22.009,22.009,31.6236,10.5412,0.0,2.087904,3.0,1.247477,27,146,58,3,0.16407309,0.01258756,0.02479038,0E-8,0.000000,0.909326,0.001376,-0.01459794,2026-03-22,2026-08-05,77,266,243,137,0.562044,0.754684,0.794934,0.546910,,,,,,,,GLOBAL_BASELINE_NO_ENTITY_RANKING,,,NOT_APPLICABLE_GLOBAL_BASELINE,HF9g-P5,,,,X 全窗基线 · 不参与实体赏罚,8390552,840,A168_HF9F_20260827_0900,2026-08-27 09:00:00
2026-04-02,94151214,2108,0,202.3907406239,-93.2894820064,-93.2894820064,0.2500000,10,10,0.49726706000000000,0.497267060000,-1.3987746140627544,-1.3987746140627544,-1.3987746140627544,0E-17,ELIGIBLE,R03b_20260811_FULL_v1,L1_ELIGIBILITY,v2026-08-11,2026-03-21..2026-08-06,baccarat_bet02_101_all_pairs_incl_sentinel,round_win = game_pnl > 0 (decisive only),COMPATIBILITY_ONLY_NOT_PRODUCTION,38226.7023,34760.5459,481.1811,2907,2903,-0.01258756,-0.02479038,-0.01019244,-0.01258756,-481.1811,38226.7023,OK,0.0000,19.2472,4.0000,96.0000,AG03-UNRESOLVED,ALL5_LEVELS_bet23_to_bet27,19.2472,19.2472,19.2472,28.8709,28.8709,4.000000,4.000000,4.000000,6.000000,6.000000,96.000000,96.000000,96.000000,94.000000,94.000000,5.0,115.4835,105.0165,365.6976,376.1646,PENDING_AG03,FALSE,NOT_FOR_ENFORCEMENT,461.9338,33370.1240,481.1811,461.9338,19.2472,0.01258756,0.01208406,19.2472,461.9338,0.01208406,19.2472,19.2472,19.2472,28.8709,28.8709,461.9338,0.01208406,115.4835,105.0165,365.6976,376.1646,0.00956655,0.00984036,0.00050350,13.1499,11.9740,0.1658,6.2491,1.8090,496.4507,37.7013,10.4533,13.8512,10.2195,10.5412,18.3951,22.009,22.009,31.6236,10.5412,0.0,2.087904,3.0,1.247477,27,146,58,3,0.16407309,0.01258756,0.02479038,0E-8,0.000000,0.909326,0.001376,-0.01459794,2026-03-22,2026-08-05,77,266,243,137,0.562044,0.754684,0.794934,0.546910,,,,,,,,GLOBAL_BASELINE_NO_ENTITY_RANKING,,,NOT_APPLICABLE_GLOBAL_BASELINE,HF9g-P5,,,,X 全窗基线 · 不参与实体赏罚,8390553,840,A168_HF9F_20260827_0900,2026-08-27 09:00:00
2026-04-02,94151214,2141,0,46.3812113929,-8.4329475259,-8.4329475259,0.5000000,2,2,0.49324550000000000,0.493245500000,0.01910635448239258,0.01910635448239258,0.01910635448239258,0E-17,ELIGIBLE,R03b_20260811_FULL_v1,L1_ELIGIBILITY,v2026-08-11,2026-03-21..2026-08-06,baccarat_bet02_101_all_pairs_incl_sentinel,round_win = game_pnl > 0 (decisive only),COMPATIBILITY_ONLY_NOT_PRODUCTION,38226.7023,34760.5459,481.1811,2907,2903,-0.01258756,-0.02479038,-0.01019244,-0.01258756,-481.1811,38226.7023,OK,0.0000,19.2472,4.0000,96.0000,AG03-UNRESOLVED,ALL5_LEVELS_bet23_to_bet27,19.2472,19.2472,19.2472,28.8709,28.8709,4.000000,4.000000,4.000000,6.000000,6.000000,96.000000,96.000000,96.000000,94.000000,94.000000,5.0,115.4835,105.0165,365.6976,376.1646,PENDING_AG03,FALSE,NOT_FOR_ENFORCEMENT,461.9338,33370.1240,481.1811,461.9338,19.2472,0.01258756,0.01208406,19.2472,461.9338,0.01208406,19.2472,19.2472,19.2472,28.8709,28.8709,461.9338,0.01208406,115.4835,105.0165,365.6976,376.1646,0.00956655,0.00984036,0.00050350,13.1499,11.9740,0.1658,6.2491,1.8090,496.4507,37.7013,10.4533,13.8512,10.2195,10.5412,18.3951,22.009,22.009,31.6236,10.5412,0.0,2.087904,3.0,1.247477,27,146,58,3,0.16407309,0.01258756,0.02479038,0E-8,0.000000,0.909326,0.001376,-0.01459794,2026-03-22,2026-08-05,77,266,243,137,0.562044,0.754684,0.794934,0.546910,,,,,,,,GLOBAL_BASELINE_NO_ENTITY_RANKING,,,NOT_APPLICABLE_GLOBAL_BASELINE,HF9g-P5,,,,X 全窗基线 · 不参与实体赏罚,8390554,840,A168_HF9F_20260827_0900,2026-08-27 09:00:00
2026-04-02,94151214,2142,0,169.9238926489,-40.8997955011,-40.8997955011,0.3333333,8,8,0.49659680000000000,0.496596800000,-0.7998429013504523,-0.7998429013504523,-0.7998429013504523,0E-17,ELIGIBLE,R03b_20260811_FULL_v1,L1_ELIGIBILITY,v2026-08-11,2026-03-21..2026-08-06,baccarat_bet02_101_all_pairs_incl_sentinel,round_win = game_pnl > 0 (decisive only),COMPATIBILITY_ONLY_NOT_PRODUCTION,38226.7023,34760.5459,481.1811,2907,2903,-0.01258756,-0.02479038,-0.01019244,-0.01258756,-481.1811,38226.7023,OK,0.0000,19.2472,4.0000,96.0000,AG03-UNRESOLVED,ALL5_LEVELS_bet23_to_bet27,19.2472,19.2472,19.2472,28.8709,28.8709,4.000000,4.000000,4.000000,6.000000,6.000000,96.000000,96.000000,96.000000,94.000000,94.000000,5.0,115.4835,105.0165,365.6976,376.1646,PENDING_AG03,FALSE,NOT_FOR_ENFORCEMENT,461.9338,33370.1240,481.1811,461.9338,19.2472,0.01258756,0.01208406,19.2472,461.9338,0.01208406,19.2472,19.2472,19.2472,28.8709,28.8709,461.9338,0.01208406,115.4835,105.0165,365.6976,376.1646,0.00956655,0.00984036,0.00050350,13.1499,11.9740,0.1658,6.2491,1.8090,496.4507,37.7013,10.4533,13.8512,10.2195,10.5412,18.3951,22.009,22.009,31.6236,10.5412,0.0,2.087904,3.0,1.247477,27,146,58,3,0.16407309,0.01258756,0.02479038,0E-8,0.000000,0.909326,0.001376,-0.01459794,2026-03-22,2026-08-05,77,266,243,137,0.562044,0.754684,0.794934,0.546910,,,,,,,,GLOBAL_BASELINE_NO_ENTITY_RANKING,,,NOT_APPLICABLE_GLOBAL_BASELINE,HF9g-P5,,,,X 全窗基线 · 不参与实体赏罚,8390555,840,A168_HF9F_20260827_0900,2026-08-27 09:00:00
2026-04-02,94151214,2171,0,21.2931925031,-21.2931925031,-21.2931925031,0E-7,2,2,0.49324550000000000,0.493245500000,-1.3952362676504506,-1.3952362676504506,-1.3952362676504506,0E-17,ELIGIBLE,R03b_20260811_FULL_v1,L1_ELIGIBILITY,v2026-08-11,2026-03-21..2026-08-06,baccarat_bet02_101_all_pairs_incl_sentinel,round_win = game_pnl > 0 (decisive only),COMPATIBILITY_ONLY_NOT_PRODUCTION,38226.7023,34760.5459,481.1811,2907,2903,-0.01258756,-0.02479038,-0.01019244,-0.01258756,-481.1811,38226.7023,OK,0.0000,19.2472,4.0000,96.0000,AG03-UNRESOLVED,ALL5_LEVELS_bet23_to_bet27,19.2472,19.2472,19.2472,28.8709,28.8709,4.000000,4.000000,4.000000,6.000000,6.000000,96.000000,96.000000,96.000000,94.000000,94.000000,5.0,115.4835,105.0165,365.6976,376.1646,PENDING_AG03,FALSE,NOT_FOR_ENFORCEMENT,461.9338,33370.1240,481.1811,461.9338,19.2472,0.01258756,0.01208406,19.2472,461.9338,0.01208406,19.2472,19.2472,19.2472,28.8709,28.8709,461.9338,0.01208406,115.4835,105.0165,365.6976,376.1646,0.00956655,0.00984036,0.00050350,13.1499,11.9740,0.1658,6.2491,1.8090,496.4507,37.7013,10.4533,13.8512,10.2195,10.5412,18.3951,22.009,22.009,31.6236,10.5412,0.0,2.087904,3.0,1.247477,27,146,58,3,0.16407309,0.01258756,0.02479038,0E-8,0.000000,0.909326,0.001376,-0.01459794,2026-03-22,2026-08-05,77,266,243,137,0.562044,0.754684,0.794934,0.546910,,,,,,,,GLOBAL_BASELINE_NO_ENTITY_RANKING,,,NOT_APPLICABLE_GLOBAL_BASELINE,HF9g-P5,,,,X 全窗基线 · 不参与实体赏罚,8390556,840,A168_HF9F_20260827_0900,2026-08-27 09:00:00
2026-04-02,94151214,2235,0,166.5507136384,80.4292370291,80.4292370291,0.7500000,10,10,0.49994810000000000,0.499948100000,1.414507160728905,1.414507160728905,1.414507160728905,0E-17,ELIGIBLE,R03b_20260811_FULL_v1,L1_ELIGIBILITY,v2026-08-11,2026-03-21..2026-08-06,baccarat_bet02_101_all_pairs_incl_sentinel,round_win = game_pnl > 0 (decisive only),COMPATIBILITY_ONLY_NOT_PRODUCTION,38226.7023,34760.5459,481.1811,2907,2903,-0.01258756,-0.02479038,-0.01019244,-0.01258756,-481.1811,38226.7023,OK,0.0000,19.2472,4.0000,96.0000,AG03-UNRESOLVED,ALL5_LEVELS_bet23_to_bet27,19.2472,19.2472,19.2472,28.8709,28.8709,4.000000,4.000000,4.000000,6.000000,6.000000,96.000000,96.000000,96.000000,94.000000,94.000000,5.0,115.4835,105.0165,365.6976,376.1646,PENDING_AG03,FALSE,NOT_FOR_ENFORCEMENT,461.9338,33370.1240,481.1811,461.9338,19.2472,0.01258756,0.01208406,19.2472,461.9338,0.01208406,19.2472,19.2472,19.2472,28.8709,28.8709,461.9338,0.01208406,115.4835,105.0165,365.6976,376.1646,0.00956655,0.00984036,0.00050350,13.1499,11.9740,0.1658,6.2491,1.8090,496.4507,37.7013,10.4533,13.8512,10.2195,10.5412,18.3951,22.009,22.009,31.6236,10.5412,0.0,2.087904,3.0,1.247477,27,146,58,3,0.16407309,0.01258756,0.02479038,0E-8,0.000000,0.909326,0.001376,-0.01459794,2026-03-22,2026-08-05,77,266,243,137,0.562044,0.754684,0.794934,0.546910,,,,,,,,GLOBAL_BASELINE_NO_ENTITY_RANKING,,,NOT_APPLICABLE_GLOBAL_BASELINE,HF9g-P5,,,,X 全窗基线 · 不参与实体赏罚,8390557,840,A168_HF9F_20260827_0900,2026-08-27 09:00:00
2026-04-02,94151214,970,0,31.6235532225,-21.0823688150,-21.0823688150,0E-7,3,3,0.49324550000000000,0.493245500000,-1.3952362676504506,-1.3952362676504506,-1.3952362676504506,0E-17,ELIGIBLE,R03b_20260811_FULL_v1,L1_ELIGIBILITY,v2026-08-11,2026-03-21..2026-08-06,baccarat_bet02_101_all_pairs_incl_sentinel,round_win = game_pnl > 0 (decisive only),COMPATIBILITY_ONLY_NOT_PRODUCTION,38226.7023,34760.5459,481.1811,2907,2903,-0.01258756,-0.02479038,-0.01019244,-0.01258756,-481.1811,38226.7023,OK,0.0000,19.2472,4.0000,96.0000,AG03-UNRESOLVED,ALL5_LEVELS_bet23_to_bet27,19.2472,19.2472,19.2472,28.8709,28.8709,4.000000,4.000000,4.000000,6.000000,6.000000,96.000000,96.000000,96.000000,94.000000,94.000000,5.0,115.4835,105.0165,365.6976,376.1646,PENDING_AG03,FALSE,NOT_FOR_ENFORCEMENT,461.9338,33370.1240,481.1811,461.9338,19.2472,0.01258756,0.01208406,19.2472,461.9338,0.01208406,19.2472,19.2472,19.2472,28.8709,28.8709,461.9338,0.01208406,115.4835,105.0165,365.6976,376.1646,0.00956655,0.00984036,0.00050350,13.1499,11.9740,0.1658,6.2491,1.8090,496.4507,37.7013,10.4533,13.8512,10.2195,10.5412,18.3951,22.009,22.009,31.6236,10.5412,0.0,2.087904,3.0,1.247477,27,146,58,3,0.16407309,0.01258756,0.02479038,0E-8,0.000000,0.909326,0.001376,-0.01459794,2026-03-22,2026-08-05,77,266,243,137,0.562044,0.754684,0.794934,0.546910,,,,,,,,GLOBAL_BASELINE_NO_ENTITY_RANKING,,,NOT_APPLICABLE_GLOBAL_BASELINE,HF9g-P5,,,,X 全窗基线 · 不参与实体赏罚,8390558,840,A168_HF9F_20260827_0900,2026-08-27 09:00:00
2026-04-02,94151214,994,0,278.2872683578,43.5350916028,43.5350916028,0.6000000,17,17,0.50586215882352941,0.505862158824,0.729238704410444,0.7292387044068067,0.729238704410444,-4.7059E-13,ELIGIBLE,R03b_20260811_FULL_v1,L1_ELIGIBILITY,v2026-08-11,2026-03-21..2026-08-06,baccarat_bet02_101_all_pairs_incl_sentinel,round_win = game_pnl > 0 (decisive only),COMPATIBILITY_ONLY_NOT_PRODUCTION,38226.7023,34760.5459,481.1811,2907,2903,-0.01258756,-0.02479038,-0.01019244,-0.01258756,-481.1811,38226.7023,OK,0.0000,19.2472,4.0000,96.0000,AG03-UNRESOLVED,ALL5_LEVELS_bet23_to_bet27,19.2472,19.2472,19.2472,28.8709,28.8709,4.000000,4.000000,4.000000,6.000000,6.000000,96.000000,96.000000,96.000000,94.000000,94.000000,5.0,115.4835,105.0165,365.6976,376.1646,PENDING_AG03,FALSE,NOT_FOR_ENFORCEMENT,461.9338,33370.1240,481.1811,461.9338,19.2472,0.01258756,0.01208406,19.2472,461.9338,0.01208406,19.2472,19.2472,19.2472,28.8709,28.8709,461.9338,0.01208406,115.4835,105.0165,365.6976,376.1646,0.00956655,0.00984036,0.00050350,13.1499,11.9740,0.1658,6.2491,1.8090,496.4507,37.7013,10.4533,13.8512,10.2195,10.5412,18.3951,22.009,22.009,31.6236,10.5412,0.0,2.087904,3.0,1.247477,27,146,58,3,0.16407309,0.01258756,0.02479038,0E-8,0.000000,0.909326,0.001376,-0.01459794,2026-03-22,2026-08-05,77,266,243,137,0.562044,0.754684,0.794934,0.546910,,,,,,,,GLOBAL_BASELINE_NO_ENTITY_RANKING,,,NOT_APPLICABLE_GLOBAL_BASELINE,HF9g-P5,,,,X 全窗基线 · 不参与实体赏罚,8390559,840,A168_HF9F_20260827_0900,2026-08-27 09:00:00
2026-04-03,94151214,-1,1,438.5132713518,-51.1247443763,-51.1247443763,0.4761905,23,23,0.49674250869565217,0.496742508696,-0.18836648693036157,-0.18836648693354868,-0.18836648693036157,-3.4783E-13,SENTINEL_DEALER,R03b_20260811_FULL_v1,L1_ELIGIBILITY,v2026-08-11,2026-03-21..2026-08-06,baccarat_bet02_101_all_pairs_incl_sentinel,round_win = game_pnl > 0 (decisive only),COMPATIBILITY_ONLY_NOT_PRODUCTION,38226.7023,34760.5459,481.1811,2907,2903,-0.01258756,-0.02479038,-0.01019244,-0.01258756,-481.1811,38226.7023,OK,0.0000,19.2472,4.0000,96.0000,AG03-UNRESOLVED,ALL5_LEVELS_bet23_to_bet27,19.2472,19.2472,19.2472,28.8709,28.8709,4.000000,4.000000,4.000000,6.000000,6.000000,96.000000,96.000000,96.000000,94.000000,94.000000,5.0,115.4835,105.0165,365.6976,376.1646,PENDING_AG03,FALSE,NOT_FOR_ENFORCEMENT,461.9338,33370.1240,481.1811,461.9338,19.2472,0.01258756,0.01208406,19.2472,461.9338,0.01208406,19.2472,19.2472,19.2472,28.8709,28.8709,461.9338,0.01208406,115.4835,105.0165,365.6976,376.1646,0.00956655,0.00984036,0.00050350,13.1499,11.9740,0.1658,6.2491,1.8090,496.4507,37.7013,10.4533,13.8512,10.2195,10.5412,18.3951,22.009,22.009,31.6236,10.5412,0.0,2.087904,3.0,1.247477,27,146,58,3,0.16407309,0.01258756,0.02479038,0E-8,0.000000,0.909326,0.001376,-0.01459794,2026-03-22,2026-08-05,77,266,243,137,0.562044,0.754684,0.794934,0.546910,,,,,,,,GLOBAL_BASELINE_NO_ENTITY_RANKING,,,NOT_APPLICABLE_GLOBAL_BASELINE,HF9g-P5,,,,X 全窗基线 · 不参与实体赏罚,8390560,840,A168_HF9F_20260827_0900,2026-08-27 09:00:00
2026-04-03,94151214,1401,0,229.7978200832,63.2471064449,63.2471064449,0.6666667,12,12,0.49659680000000000,0.496596800000,1.1783058936649082,1.178305893664908,1.1783058936649082,0E-17,ELIGIBLE,R03b_20260811_FULL_v1,L1_ELIGIBILITY,v2026-08-11,2026-03-21..2026-08-06,baccarat_bet02_101_all_pairs_incl_sentinel,round_win = game_pnl > 0 (decisive only),COMPATIBILITY_ONLY_NOT_PRODUCTION,38226.7023,34760.5459,481.1811,2907,2903,-0.01258756,-0.02479038,-0.01019244,-0.01258756,-481.1811,38226.7023,OK,0.0000,19.2472,4.0000,96.0000,AG03-UNRESOLVED,ALL5_LEVELS_bet23_to_bet27,19.2472,19.2472,19.2472,28.8709,28.8709,4.000000,4.000000,4.000000,6.000000,6.000000,96.000000,96.000000,96.000000,94.000000,94.000000,5.0,115.4835,105.0165,365.6976,376.1646,PENDING_AG03,FALSE,NOT_FOR_ENFORCEMENT,461.9338,33370.1240,481.1811,461.9338,19.2472,0.01258756,0.01208406,19.2472,461.9338,0.01208406,19.2472,19.2472,19.2472,28.8709,28.8709,461.9338,0.01208406,115.4835,105.0165,365.6976,376.1646,0.00956655,0.00984036,0.00050350,13.1499,11.9740,0.1658,6.2491,1.8090,496.4507,37.7013,10.4533,13.8512,10.2195,10.5412,18.3951,22.009,22.009,31.6236,10.5412,0.0,2.087904,3.0,1.247477,27,146,58,3,0.16407309,0.01258756,0.02479038,0E-8,0.000000,0.909326,0.001376,-0.01459794,2026-03-22,2026-08-05,77,266,243,137,0.562044,0.754684,0.794934,0.546910,,,,,,,,GLOBAL_BASELINE_NO_ENTITY_RANKING,,,NOT_APPLICABLE_GLOBAL_BASELINE,HF9g-P5,,,,X 全窗基线 · 不参与实体赏罚,8390561,840,A168_HF9F_20260827_0900,2026-08-27 09:00:00
2026-04-03,94151214,1956,0,115.9530284825,94.8706596675,94.8706596675,0.8571429,7,7,0.49324550000000000,0.493245500000,1.925739544596175,1.9257395445961751,1.925739544596175,0E-17,ELIGIBLE,R03b_20260811_FULL_v1,L1_ELIGIBILITY,v2026-08-11,2026-03-21..2026-08-06,baccarat_bet02_101_all_pairs_incl_sentinel,round_win = game_pnl > 0 (decisive only),COMPATIBILITY_ONLY_NOT_PRODUCTION,38226.7023,34760.5459,481.1811,2907,2903,-0.01258756,-0.02479038,-0.01019244,-0.01258756,-481.1811,38226.7023,OK,0.0000,19.2472,4.0000,96.0000,AG03-UNRESOLVED,ALL5_LEVELS_bet23_to_bet27,19.2472,19.2472,19.2472,28.8709,28.8709,4.000000,4.000000,4.000000,6.000000,6.000000,96.000000,96.000000,96.000000,94.000000,94.000000,5.0,115.4835,105.0165,365.6976,376.1646,PENDING_AG03,FALSE,NOT_FOR_ENFORCEMENT,461.9338,33370.1240,481.1811,461.9338,19.2472,0.01258756,0.01208406,19.2472,461.9338,0.01208406,19.2472,19.2472,19.2472,28.8709,28.8709,461.9338,0.01208406,115.4835,105.0165,365.6976,376.1646,0.00956655,0.00984036,0.00050350,13.1499,11.9740,0.1658,6.2491,1.8090,496.4507,37.7013,10.4533,13.8512,10.2195,10.5412,18.3951,22.009,22.009,31.6236,10.5412,0.0,2.087904,3.0,1.247477,27,146,58,3,0.16407309,0.01258756,0.02479038,0E-8,0.000000,0.909326,0.001376,-0.01459794,2026-03-22,2026-08-05,77,266,243,137,0.562044,0.754684,0.794934,0.546910,,,,,,,,GLOBAL_BASELINE_NO_ENTITY_RANKING,,,NOT_APPLICABLE_GLOBAL_BASELINE,HF9g-P5,,,,X 全窗基线 · 不参与实体赏罚,8390562,840,A168_HF9F_20260827_0900,2026-08-27 09:00:00
2026-04-03,94151214,2171,0,120.1695022455,0.1054118440,0.1054118440,0.5000000,9,9,0.50218230000000000,0.502182300000,-0.01234507061437774,-0.01234507061437774,-0.01234507061437774,0E-17,ELIGIBLE,R03b_20260811_FULL_v1,L1_ELIGIBILITY,v2026-08-11,2026-03-21..2026-08-06,baccarat_bet02_101_all_pairs_incl_sentinel,round_win = game_pnl > 0 (decisive only),COMPATIBILITY_ONLY_NOT_PRODUCTION,38226.7023,34760.5459,481.1811,2907,2903,-0.01258756,-0.02479038,-0.01019244,-0.01258756,-481.1811,38226.7023,OK,0.0000,19.2472,4.0000,96.0000,AG03-UNRESOLVED,ALL5_LEVELS_bet23_to_bet27,19.2472,19.2472,19.2472,28.8709,28.8709,4.000000,4.000000,4.000000,6.000000,6.000000,96.000000,96.000000,96.000000,94.000000,94.000000,5.0,115.4835,105.0165,365.6976,376.1646,PENDING_AG03,FALSE,NOT_FOR_ENFORCEMENT,461.9338,33370.1240,481.1811,461.9338,19.2472,0.01258756,0.01208406,19.2472,461.9338,0.01208406,19.2472,19.2472,19.2472,28.8709,28.8709,461.9338,0.01208406,115.4835,105.0165,365.6976,376.1646,0.00956655,0.00984036,0.00050350,13.1499,11.9740,0.1658,6.2491,1.8090,496.4507,37.7013,10.4533,13.8512,10.2195,10.5412,18.3951,22.009,22.009,31.6236,10.5412,0.0,2.087904,3.0,1.247477,27,146,58,3,0.16407309,0.01258756,0.02479038,0E-8,0.000000,0.909326,0.001376,-0.01459794,2026-03-22,2026-08-05,77,266,243,137,0.562044,0.754684,0.794934,0.546910,,,,,,,,GLOBAL_BASELINE_NO_ENTITY_RANKING,,,NOT_APPLICABLE_GLOBAL_BASELINE,HF9g-P5,,,,X 全窗基线 · 不参与实体赏罚,8390563,840,A168_HF9F_20260827_0900,2026-08-27 09:00:00
2026-04-03,94151214,2201,0,196.0660299793,-123.3318575676,-123.3318575676,0.1250000,10,10,0.50128862000000000,0.501288620000,-2.128616948407942,-2.128616948407942,-2.128616948407942,0E-17,ELIGIBLE,R03b_20260811_FULL_v1,L1_ELIGIBILITY,v2026-08-11,2026-03-21..2026-08-06,baccarat_bet02_101_all_pairs_incl_sentinel,round_win = game_pnl > 0 (decisive only),COMPATIBILITY_ONLY_NOT_PRODUCTION,38226.7023,34760.5459,481.1811,2907,2903,-0.01258756,-0.02479038,-0.01019244,-0.01258756,-481.1811,38226.7023,OK,0.0000,19.2472,4.0000,96.0000,AG03-UNRESOLVED,ALL5_LEVELS_bet23_to_bet27,19.2472,19.2472,19.2472,28.8709,28.8709,4.000000,4.000000,4.000000,6.000000,6.000000,96.000000,96.000000,96.000000,94.000000,94.000000,5.0,115.4835,105.0165,365.6976,376.1646,PENDING_AG03,FALSE,NOT_FOR_ENFORCEMENT,461.9338,33370.1240,481.1811,461.9338,19.2472,0.01258756,0.01208406,19.2472,461.9338,0.01208406,19.2472,19.2472,19.2472,28.8709,28.8709,461.9338,0.01208406,115.4835,105.0165,365.6976,376.1646,0.00956655,0.00984036,0.00050350,13.1499,11.9740,0.1658,6.2491,1.8090,496.4507,37.7013,10.4533,13.8512,10.2195,10.5412,18.3951,22.009,22.009,31.6236,10.5412,0.0,2.087904,3.0,1.247477,27,146,58,3,0.16407309,0.01258756,0.02479038,0E-8,0.000000,0.909326,0.001376,-0.01459794,2026-03-22,2026-08-05,77,266,243,137,0.562044,0.754684,0.794934,0.546910,,,,,,,,GLOBAL_BASELINE_NO_ENTITY_RANKING,,,NOT_APPLICABLE_GLOBAL_BASELINE,HF9g-P5,,,,X 全窗基线 · 不参与实体赏罚,8390564,840,A168_HF9F_20260827_0900,2026-08-27 09:00:00
2026-04-03,94151214,2212,0,94.8706596674,-32.2665654714,-32.2665654714,0.4285714,7,7,0.50282064285714286,0.502820642857,-0.39289616391791987,-0.3928961639171632,-0.39289616391791987,1.4286E-13,ELIGIBLE,R03b_20260811_FULL_v1,L1_ELIGIBILITY,v2026-08-11,2026-03-21..2026-08-06,baccarat_bet02_101_all_pairs_incl_sentinel,round_win = game_pnl > 0 (decisive only),COMPATIBILITY_ONLY_NOT_PRODUCTION,38226.7023,34760.5459,481.1811,2907,2903,-0.01258756,-0.02479038,-0.01019244,-0.01258756,-481.1811,38226.7023,OK,0.0000,19.2472,4.0000,96.0000,AG03-UNRESOLVED,ALL5_LEVELS_bet23_to_bet27,19.2472,19.2472,19.2472,28.8709,28.8709,4.000000,4.000000,4.000000,6.000000,6.000000,96.000000,96.000000,96.000000,94.000000,94.000000,5.0,115.4835,105.0165,365.6976,376.1646,PENDING_AG03,FALSE,NOT_FOR_ENFORCEMENT,461.9338,33370.1240,481.1811,461.9338,19.2472,0.01258756,0.01208406,19.2472,461.9338,0.01208406,19.2472,19.2472,19.2472,28.8709,28.8709,461.9338,0.01208406,115.4835,105.0165,365.6976,376.1646,0.00956655,0.00984036,0.00050350,13.1499,11.9740,0.1658,6.2491,1.8090,496.4507,37.7013,10.4533,13.8512,10.2195,10.5412,18.3951,22.009,22.009,31.6236,10.5412,0.0,2.087904,3.0,1.247477,27,146,58,3,0.16407309,0.01258756,0.02479038,0E-8,0.000000,0.909326,0.001376,-0.01459794,2026-03-22,2026-08-05,77,266,243,137,0.562044,0.754684,0.794934,0.546910,,,,,,,,GLOBAL_BASELINE_NO_ENTITY_RANKING,,,NOT_APPLICABLE_GLOBAL_BASELINE,HF9g-P5,,,,X 全窗基线 · 不参与实体赏罚,8390565,840,A168_HF9F_20260827_0900,2026-08-27 09:00:00
2026-04-03,94151214,2218,0,281.4496236800,37.8955579448,37.8955579448,0.6153846,14,14,0.50186312857142857,0.501863128571,0.8186207664349535,0.8186207664380415,0.8186207664349535,4.2857E-13,ELIGIBLE,R03b_20260811_FULL_v1,L1_ELIGIBILITY,v2026-08-11,2026-03-21..2026-08-06,baccarat_bet02_101_all_pairs_incl_sentinel,round_win = game_pnl > 0 (decisive only),COMPATIBILITY_ONLY_NOT_PRODUCTION,38226.7023,34760.5459,481.1811,2907,2903,-0.01258756,-0.02479038,-0.01019244,-0.01258756,-481.1811,38226.7023,OK,0.0000,19.2472,4.0000,96.0000,AG03-UNRESOLVED,ALL5_LEVELS_bet23_to_bet27,19.2472,19.2472,19.2472,28.8709,28.8709,4.000000,4.000000,4.000000,6.000000,6.000000,96.000000,96.000000,96.000000,94.000000,94.000000,5.0,115.4835,105.0165,365.6976,376.1646,PENDING_AG03,FALSE,NOT_FOR_ENFORCEMENT,461.9338,33370.1240,481.1811,461.9338,19.2472,0.01258756,0.01208406,19.2472,461.9338,0.01208406,19.2472,19.2472,19.2472,28.8709,28.8709,461.9338,0.01208406,115.4835,105.0165,365.6976,376.1646,0.00956655,0.00984036,0.00050350,13.1499,11.9740,0.1658,6.2491,1.8090,496.4507,37.7013,10.4533,13.8512,10.2195,10.5412,18.3951,22.009,22.009,31.6236,10.5412,0.0,2.087904,3.0,1.247477,27,146,58,3,0.16407309,0.01258756,0.02479038,0E-8,0.000000,0.909326,0.001376,-0.01459794,2026-03-22,2026-08-05,77,266,243,137,0.562044,0.754684,0.794934,0.546910,,,,,,,,GLOBAL_BASELINE_NO_ENTITY_RANKING,,,NOT_APPLICABLE_GLOBAL_BASELINE,HF9g-P5,,,,X 全窗基线 · 不参与实体赏罚,8390566,840,A168_HF9F_20260827_0900,2026-08-27 09:00:00
2026-04-03,94151214,2234,0,82.2212383785,43.2188560707,43.2188560707,0.8000000,6,6,0.49547970000000000,0.495479700000,1.3619118399891006,1.3619118399891006,1.3619118399891006,0E-17,ELIGIBLE,R03b_20260811_FULL_v1,L1_ELIGIBILITY,v2026-08-11,2026-03-21..2026-08-06,baccarat_bet02_101_all_pairs_incl_sentinel,round_win = game_pnl > 0 (decisive only),COMPATIBILITY_ONLY_NOT_PRODUCTION,38226.7023,34760.5459,481.1811,2907,2903,-0.01258756,-0.02479038,-0.01019244,-0.01258756,-481.1811,38226.7023,OK,0.0000,19.2472,4.0000,96.0000,AG03-UNRESOLVED,ALL5_LEVELS_bet23_to_bet27,19.2472,19.2472,19.2472,28.8709,28.8709,4.000000,4.000000,4.000000,6.000000,6.000000,96.000000,96.000000,96.000000,94.000000,94.000000,5.0,115.4835,105.0165,365.6976,376.1646,PENDING_AG03,FALSE,NOT_FOR_ENFORCEMENT,461.9338,33370.1240,481.1811,461.9338,19.2472,0.01258756,0.01208406,19.2472,461.9338,0.01208406,19.2472,19.2472,19.2472,28.8709,28.8709,461.9338,0.01208406,115.4835,105.0165,365.6976,376.1646,0.00956655,0.00984036,0.00050350,13.1499,11.9740,0.1658,6.2491,1.8090,496.4507,37.7013,10.4533,13.8512,10.2195,10.5412,18.3951,22.009,22.009,31.6236,10.5412,0.0,2.087904,3.0,1.247477,27,146,58,3,0.16407309,0.01258756,0.02479038,0E-8,0.000000,0.909326,0.001376,-0.01459794,2026-03-22,2026-08-05,77,266,243,137,0.562044,0.754684,0.794934,0.546910,,,,,,,,GLOBAL_BASELINE_NO_ENTITY_RANKING,,,NOT_APPLICABLE_GLOBAL_BASELINE,HF9g-P5,,,,X 全窗基线 · 不参与实体赏罚,8390567,840,A168_HF9F_20260827_0900,2026-08-27 09:00:00
2026-04-03,94151214,2235,0,21.0823688150,20.0282503742,20.0282503742,1.0000000,1,1,0.50665070000000000,0.506650700000,0.9867858985152569,0.9867858985152569,0.9867858985152569,0E-17,ELIGIBLE,R03b_20260811_FULL_v1,L1_ELIGIBILITY,v2026-08-11,2026-03-21..2026-08-06,baccarat_bet02_101_all_pairs_incl_sentinel,round_win = game_pnl > 0 (decisive only),COMPATIBILITY_ONLY_NOT_PRODUCTION,38226.7023,34760.5459,481.1811,2907,2903,-0.01258756,-0.02479038,-0.01019244,-0.01258756,-481.1811,38226.7023,OK,0.0000,19.2472,4.0000,96.0000,AG03-UNRESOLVED,ALL5_LEVELS_bet23_to_bet27,19.2472,19.2472,19.2472,28.8709,28.8709,4.000000,4.000000,4.000000,6.000000,6.000000,96.000000,96.000000,96.000000,94.000000,94.000000,5.0,115.4835,105.0165,365.6976,376.1646,PENDING_AG03,FALSE,NOT_FOR_ENFORCEMENT,461.9338,33370.1240,481.1811,461.9338,19.2472,0.01258756,0.01208406,19.2472,461.9338,0.01208406,19.2472,19.2472,19.2472,28.8709,28.8709,461.9338,0.01208406,115.4835,105.0165,365.6976,376.1646,0.00956655,0.00984036,0.00050350,13.1499,11.9740,0.1658,6.2491,1.8090,496.4507,37.7013,10.4533,13.8512,10.2195,10.5412,18.3951,22.009,22.009,31.6236,10.5412,0.0,2.087904,3.0,1.247477,27,146,58,3,0.16407309,0.01258756,0.02479038,0E-8,0.000000,0.909326,0.001376,-0.01459794,2026-03-22,2026-08-05,77,266,243,137,0.562044,0.754684,0.794934,0.546910,,,,,,,,GLOBAL_BASELINE_NO_ENTITY_RANKING,,,NOT_APPLICABLE_GLOBAL_BASELINE,HF9g-P5,,,,X 全窗基线 · 不参与实体赏罚,8390568,840,A168_HF9F_20260827_0900,2026-08-27 09:00:00
2026-04-03,94151214,2266,0,52.7059220375,-10.5411844075,-10.5411844075,0.3333333,5,5,0.49860758000000000,0.498607580000,-0.5725290048997589,-0.5725290048997589,-0.5725290048997589,0E-17,ELIGIBLE,R03b_20260811_FULL_v1,L1_ELIGIBILITY,v2026-08-11,2026-03-21..2026-08-06,baccarat_bet02_101_all_pairs_incl_sentinel,round_win = game_pnl > 0 (decisive only),COMPATIBILITY_ONLY_NOT_PRODUCTION,38226.7023,34760.5459,481.1811,2907,2903,-0.01258756,-0.02479038,-0.01019244,-0.01258756,-481.1811,38226.7023,OK,0.0000,19.2472,4.0000,96.0000,AG03-UNRESOLVED,ALL5_LEVELS_bet23_to_bet27,19.2472,19.2472,19.2472,28.8709,28.8709,4.000000,4.000000,4.000000,6.000000,6.000000,96.000000,96.000000,96.000000,94.000000,94.000000,5.0,115.4835,105.0165,365.6976,376.1646,PENDING_AG03,FALSE,NOT_FOR_ENFORCEMENT,461.9338,33370.1240,481.1811,461.9338,19.2472,0.01258756,0.01208406,19.2472,461.9338,0.01208406,19.2472,19.2472,19.2472,28.8709,28.8709,461.9338,0.01208406,115.4835,105.0165,365.6976,376.1646,0.00956655,0.00984036,0.00050350,13.1499,11.9740,0.1658,6.2491,1.8090,496.4507,37.7013,10.4533,13.8512,10.2195,10.5412,18.3951,22.009,22.009,31.6236,10.5412,0.0,2.087904,3.0,1.247477,27,146,58,3,0.16407309,0.01258756,0.02479038,0E-8,0.000000,0.909326,0.001376,-0.01459794,2026-03-22,2026-08-05,77,266,243,137,0.562044,0.754684,0.794934,0.546910,,,,,,,,GLOBAL_BASELINE_NO_ENTITY_RANKING,,,NOT_APPLICABLE_GLOBAL_BASELINE,HF9g-P5,,,,X 全窗基线 · 不参与实体赏罚,8390569,840,A168_HF9F_20260827_0900,2026-08-27 09:00:00
2026-04-03,94151214,789,0,52.7059220374,-52.7059220374,-52.7059220374,0E-7,3,3,0.49771390000000000,0.497713900000,-1.724149546644903,-1.724149546644903,-1.724149546644903,0E-17,ELIGIBLE,R03b_20260811_FULL_v1,L1_ELIGIBILITY,v2026-08-11,2026-03-21..2026-08-06,baccarat_bet02_101_all_pairs_incl_sentinel,round_win = game_pnl > 0 (decisive only),COMPATIBILITY_ONLY_NOT_PRODUCTION,38226.7023,34760.5459,481.1811,2907,2903,-0.01258756,-0.02479038,-0.01019244,-0.01258756,-481.1811,38226.7023,OK,0.0000,19.2472,4.0000,96.0000,AG03-UNRESOLVED,ALL5_LEVELS_bet23_to_bet27,19.2472,19.2472,19.2472,28.8709,28.8709,4.000000,4.000000,4.000000,6.000000,6.000000,96.000000,96.000000,96.000000,94.000000,94.000000,5.0,115.4835,105.0165,365.6976,376.1646,PENDING_AG03,FALSE,NOT_FOR_ENFORCEMENT,461.9338,33370.1240,481.1811,461.9338,19.2472,0.01258756,0.01208406,19.2472,461.9338,0.01208406,19.2472,19.2472,19.2472,28.8709,28.8709,461.9338,0.01208406,115.4835,105.0165,365.6976,376.1646,0.00956655,0.00984036,0.00050350,13.1499,11.9740,0.1658,6.2491,1.8090,496.4507,37.7013,10.4533,13.8512,10.2195,10.5412,18.3951,22.009,22.009,31.6236,10.5412,0.0,2.087904,3.0,1.247477,27,146,58,3,0.16407309,0.01258756,0.02479038,0E-8,0.000000,0.909326,0.001376,-0.01459794,2026-03-22,2026-08-05,77,266,243,137,0.562044,0.754684,0.794934,0.546910,,,,,,,,GLOBAL_BASELINE_NO_ENTITY_RANKING,,,NOT_APPLICABLE_GLOBAL_BASELINE,HF9g-P5,,,,X 全窗基线 · 不参与实体赏罚,8390570,840,A168_HF9F_20260827_0900,2026-08-27 09:00:00
2026-04-03,94151214,986,0,168.6589505198,0.6324710644,0.6324710644,0.5555556,10,10,0.50262914000000000,0.502629140000,0.3175628835925145,0.31756288359251456,0.3175628835925145,0E-17,ELIGIBLE,R03b_20260811_FULL_v1,L1_ELIGIBILITY,v2026-08-11,2026-03-21..2026-08-06,baccarat_bet02_101_all_pairs_incl_sentinel,round_win = game_pnl > 0 (decisive only),COMPATIBILITY_ONLY_NOT_PRODUCTION,38226.7023,34760.5459,481.1811,2907,2903,-0.01258756,-0.02479038,-0.01019244,-0.01258756,-481.1811,38226.7023,OK,0.0000,19.2472,4.0000,96.0000,AG03-UNRESOLVED,ALL5_LEVELS_bet23_to_bet27,19.2472,19.2472,19.2472,28.8709,28.8709,4.000000,4.000000,4.000000,6.000000,6.000000,96.000000,96.000000,96.000000,94.000000,94.000000,5.0,115.4835,105.0165,365.6976,376.1646,PENDING_AG03,FALSE,NOT_FOR_ENFORCEMENT,461.9338,33370.1240,481.1811,461.9338,19.2472,0.01258756,0.01208406,19.2472,461.9338,0.01208406,19.2472,19.2472,19.2472,28.8709,28.8709,461.9338,0.01208406,115.4835,105.0165,365.6976,376.1646,0.00956655,0.00984036,0.00050350,13.1499,11.9740,0.1658,6.2491,1.8090,496.4507,37.7013,10.4533,13.8512,10.2195,10.5412,18.3951,22.009,22.009,31.6236,10.5412,0.0,2.087904,3.0,1.247477,27,146,58,3,0.16407309,0.01258756,0.02479038,0E-8,0.000000,0.909326,0.001376,-0.01459794,2026-03-22,2026-08-05,77,266,243,137,0.562044,0.754684,0.794934,0.546910,,,,,,,,GLOBAL_BASELINE_NO_ENTITY_RANKING,,,NOT_APPLICABLE_GLOBAL_BASELINE,HF9g-P5,,,,X 全窗基线 · 不参与实体赏罚,8390571,840,A168_HF9F_20260827_0900,2026-08-27 09:00:00
2026-04-04,94151214,2108,0,41.1106191892,-28.7774334324,-28.7774334324,0.2000000,5,5,0.49860758000000000,0.498607580000,-1.3354188732730328,-1.3354188732730328,-1.3354188732730328,0E-17,ELIGIBLE,R03b_20260811_FULL_v1,L1_ELIGIBILITY,v2026-08-11,2026-03-21..2026-08-06,baccarat_bet02_101_all_pairs_incl_sentinel,round_win = game_pnl > 0 (decisive only),COMPATIBILITY_ONLY_NOT_PRODUCTION,38226.7023,34760.5459,481.1811,2907,2903,-0.01258756,-0.02479038,-0.01019244,-0.01258756,-481.1811,38226.7023,OK,0.0000,19.2472,4.0000,96.0000,AG03-UNRESOLVED,ALL5_LEVELS_bet23_to_bet27,19.2472,19.2472,19.2472,28.8709,28.8709,4.000000,4.000000,4.000000,6.000000,6.000000,96.000000,96.000000,96.000000,94.000000,94.000000,5.0,115.4835,105.0165,365.6976,376.1646,PENDING_AG03,FALSE,NOT_FOR_ENFORCEMENT,461.9338,33370.1240,481.1811,461.9338,19.2472,0.01258756,0.01208406,19.2472,461.9338,0.01208406,19.2472,19.2472,19.2472,28.8709,28.8709,461.9338,0.01208406,115.4835,105.0165,365.6976,376.1646,0.00956655,0.00984036,0.00050350,13.1499,11.9740,0.1658,6.2491,1.8090,496.4507,37.7013,10.4533,13.8512,10.2195,10.5412,18.3951,22.009,22.009,31.6236,10.5412,0.0,2.087904,3.0,1.247477,27,146,58,3,0.16407309,0.01258756,0.02479038,0E-8,0.000000,0.909326,0.001376,-0.01459794,2026-03-22,2026-08-05,77,266,243,137,0.562044,0.754684,0.794934,0.546910,,,,,,,,GLOBAL_BASELINE_NO_ENTITY_RANKING,,,NOT_APPLICABLE_GLOBAL_BASELINE,HF9g-P5,,,,X 全窗基线 · 不参与实体赏罚,8390572,840,A168_HF9F_20260827_0900,2026-08-27 09:00:00
2026-04-04,94151214,583,0,8.4329475260,8.0113001497,8.0113001497,1.0000000,1,1,0.50665070000000000,0.506650700000,0.9867858985152569,0.9867858985152569,0.9867858985152569,0E-17,ELIGIBLE,R03b_20260811_FULL_v1,L1_ELIGIBILITY,v2026-08-11,2026-03-21..2026-08-06,baccarat_bet02_101_all_pairs_incl_sentinel,round_win = game_pnl > 0 (decisive only),COMPATIBILITY_ONLY_NOT_PRODUCTION,38226.7023,34760.5459,481.1811,2907,2903,-0.01258756,-0.02479038,-0.01019244,-0.01258756,-481.1811,38226.7023,OK,0.0000,19.2472,4.0000,96.0000,AG03-UNRESOLVED,ALL5_LEVELS_bet23_to_bet27,19.2472,19.2472,19.2472,28.8709,28.8709,4.000000,4.000000,4.000000,6.000000,6.000000,96.000000,96.000000,96.000000,94.000000,94.000000,5.0,115.4835,105.0165,365.6976,376.1646,PENDING_AG03,FALSE,NOT_FOR_ENFORCEMENT,461.9338,33370.1240,481.1811,461.9338,19.2472,0.01258756,0.01208406,19.2472,461.9338,0.01208406,19.2472,19.2472,19.2472,28.8709,28.8709,461.9338,0.01208406,115.4835,105.0165,365.6976,376.1646,0.00956655,0.00984036,0.00050350,13.1499,11.9740,0.1658,6.2491,1.8090,496.4507,37.7013,10.4533,13.8512,10.2195,10.5412,18.3951,22.009,22.009,31.6236,10.5412,0.0,2.087904,3.0,1.247477,27,146,58,3,0.16407309,0.01258756,0.02479038,0E-8,0.000000,0.909326,0.001376,-0.01459794,2026-03-22,2026-08-05,77,266,243,137,0.562044,0.754684,0.794934,0.546910,,,,,,,,GLOBAL_BASELINE_NO_ENTITY_RANKING,,,NOT_APPLICABLE_GLOBAL_BASELINE,HF9g-P5,,,,X 全窗基线 · 不参与实体赏罚,8390573,840,A168_HF9F_20260827_0900,2026-08-27 09:00:00
2026-04-07,94151214,1623,0,138.0895157381,-74.8424092931,-74.8424092931,0.2857143,7,7,0.49899058571428571,0.498990585714,-1.1285544004973334,-1.1285544004958228,-1.1285544004973334,2.8571E-13,ELIGIBLE,R03b_20260811_FULL_v1,L1_ELIGIBILITY,v2026-08-11,2026-03-21..2026-08-06,baccarat_bet02_101_all_pairs_incl_sentinel,round_win = game_pnl > 0 (decisive only),COMPATIBILITY_ONLY_NOT_PRODUCTION,38226.7023,34760.5459,481.1811,2907,2903,-0.01258756,-0.02479038,-0.01019244,-0.01258756,-481.1811,38226.7023,OK,0.0000,19.2472,4.0000,96.0000,AG03-UNRESOLVED,ALL5_LEVELS_bet23_to_bet27,19.2472,19.2472,19.2472,28.8709,28.8709,4.000000,4.000000,4.000000,6.000000,6.000000,96.000000,96.000000,96.000000,94.000000,94.000000,5.0,115.4835,105.0165,365.6976,376.1646,PENDING_AG03,FALSE,NOT_FOR_ENFORCEMENT,461.9338,33370.1240,481.1811,461.9338,19.2472,0.01258756,0.01208406,19.2472,461.9338,0.01208406,19.2472,19.2472,19.2472,28.8709,28.8709,461.9338,0.01208406,115.4835,105.0165,365.6976,376.1646,0.00956655,0.00984036,0.00050350,13.1499,11.9740,0.1658,6.2491,1.8090,496.4507,37.7013,10.4533,13.8512,10.2195,10.5412,18.3951,22.009,22.009,31.6236,10.5412,0.0,2.087904,3.0,1.247477,27,146,58,3,0.16407309,0.01258756,0.02479038,0E-8,0.000000,0.909326,0.001376,-0.01459794,2026-03-22,2026-08-05,77,266,243,137,0.562044,0.754684,0.794934,0.546910,,,,,,,,GLOBAL_BASELINE_NO_ENTITY_RANKING,,,NOT_APPLICABLE_GLOBAL_BASELINE,HF9g-P5,,,,X 全窗基线 · 不参与实体赏罚,8390574,840,A168_HF9F_20260827_0900,2026-08-27 09:00:00
2026-04-07,94151214,1947,0,198.1742668609,22.6635464760,22.6635464760,0.5833333,13,13,0.49530783846153846,0.495307838462,0.6098853734448021,0.6098853734415991,0.6098853734448021,-4.6154E-13,ELIGIBLE,R03b_20260811_FULL_v1,L1_ELIGIBILITY,v2026-08-11,2026-03-21..2026-08-06,baccarat_bet02_101_all_pairs_incl_sentinel,round_win = game_pnl > 0 (decisive only),COMPATIBILITY_ONLY_NOT_PRODUCTION,38226.7023,34760.5459,481.1811,2907,2903,-0.01258756,-0.02479038,-0.01019244,-0.01258756,-481.1811,38226.7023,OK,0.0000,19.2472,4.0000,96.0000,AG03-UNRESOLVED,ALL5_LEVELS_bet23_to_bet27,19.2472,19.2472,19.2472,28.8709,28.8709,4.000000,4.000000,4.000000,6.000000,6.000000,96.000000,96.000000,96.000000,94.000000,94.000000,5.0,115.4835,105.0165,365.6976,376.1646,PENDING_AG03,FALSE,NOT_FOR_ENFORCEMENT,461.9338,33370.1240,481.1811,461.9338,19.2472,0.01258756,0.01208406,19.2472,461.9338,0.01208406,19.2472,19.2472,19.2472,28.8709,28.8709,461.9338,0.01208406,115.4835,105.0165,365.6976,376.1646,0.00956655,0.00984036,0.00050350,13.1499,11.9740,0.1658,6.2491,1.8090,496.4507,37.7013,10.4533,13.8512,10.2195,10.5412,18.3951,22.009,22.009,31.6236,10.5412,0.0,2.087904,3.0,1.247477,27,146,58,3,0.16407309,0.01258756,0.02479038,0E-8,0.000000,0.909326,0.001376,-0.01459794,2026-03-22,2026-08-05,77,266,243,137,0.562044,0.754684,0.794934,0.546910,,,,,,,,GLOBAL_BASELINE_NO_ENTITY_RANKING,,,NOT_APPLICABLE_GLOBAL_BASELINE,HF9g-P5,,,,X 全窗基线 · 不参与实体赏罚,8390575,840,A168_HF9F_20260827_0900,2026-08-27 09:00:00
2026-04-07,94151214,529,0,143.3601079420,14.1251871059,14.1251871059,0.6363636,11,11,0.50055742727272727,0.500557427273,0.900837039335844,0.9008370393340356,0.900837039335844,-2.7273E-13,ELIGIBLE,R03b_20260811_FULL_v1,L1_ELIGIBILITY,v2026-08-11,2026-03-21..2026-08-06,baccarat_bet02_101_all_pairs_incl_sentinel,round_win = game_pnl > 0 (decisive only),COMPATIBILITY_ONLY_NOT_PRODUCTION,38226.7023,34760.5459,481.1811,2907,2903,-0.01258756,-0.02479038,-0.01019244,-0.01258756,-481.1811,38226.7023,OK,0.0000,19.2472,4.0000,96.0000,AG03-UNRESOLVED,ALL5_LEVELS_bet23_to_bet27,19.2472,19.2472,19.2472,28.8709,28.8709,4.000000,4.000000,4.000000,6.000000,6.000000,96.000000,96.000000,96.000000,94.000000,94.000000,5.0,115.4835,105.0165,365.6976,376.1646,PENDING_AG03,FALSE,NOT_FOR_ENFORCEMENT,461.9338,33370.1240,481.1811,461.9338,19.2472,0.01258756,0.01208406,19.2472,461.9338,0.01208406,19.2472,19.2472,19.2472,28.8709,28.8709,461.9338,0.01208406,115.4835,105.0165,365.6976,376.1646,0.00956655,0.00984036,0.00050350,13.1499,11.9740,0.1658,6.2491,1.8090,496.4507,37.7013,10.4533,13.8512,10.2195,10.5412,18.3951,22.009,22.009,31.6236,10.5412,0.0,2.087904,3.0,1.247477,27,146,58,3,0.16407309,0.01258756,0.02479038,0E-8,0.000000,0.909326,0.001376,-0.01459794,2026-03-22,2026-08-05,77,266,243,137,0.562044,0.754684,0.794934,0.546910,,,,,,,,GLOBAL_BASELINE_NO_ENTITY_RANKING,,,NOT_APPLICABLE_GLOBAL_BASELINE,HF9g-P5,,,,X 全窗基线 · 不参与实体赏罚,8390576,840,A168_HF9F_20260827_0900,2026-08-27 09:00:00
2026-04-08,94151214,1004,0,2.1082368815,-2.1082368815,-2.1082368815,0E-7,1,1,0.49324550000000000,0.493245500000,-0.9865810262130424,-0.9865810262130424,-0.9865810262130424,0E-17,ELIGIBLE,R03b_20260811_FULL_v1,L1_ELIGIBILITY,v2026-08-11,2026-03-21..2026-08-06,baccarat_bet02_101_all_pairs_incl_sentinel,round_win = game_pnl > 0 (decisive only),COMPATIBILITY_ONLY_NOT_PRODUCTION,38226.7023,34760.5459,481.1811,2907,2903,-0.01258756,-0.02479038,-0.01019244,-0.01258756,-481.1811,38226.7023,OK,0.0000,19.2472,4.0000,96.0000,AG03-UNRESOLVED,ALL5_LEVELS_bet23_to_bet27,19.2472,19.2472,19.2472,28.8709,28.8709,4.000000,4.000000,4.000000,6.000000,6.000000,96.000000,96.000000,96.000000,94.000000,94.000000,5.0,115.4835,105.0165,365.6976,376.1646,PENDING_AG03,FALSE,NOT_FOR_ENFORCEMENT,461.9338,33370.1240,481.1811,461.9338,19.2472,0.01258756,0.01208406,19.2472,461.9338,0.01208406,19.2472,19.2472,19.2472,28.8709,28.8709,461.9338,0.01208406,115.4835,105.0165,365.6976,376.1646,0.00956655,0.00984036,0.00050350,13.1499,11.9740,0.1658,6.2491,1.8090,496.4507,37.7013,10.4533,13.8512,10.2195,10.5412,18.3951,22.009,22.009,31.6236,10.5412,0.0,2.087904,3.0,1.247477,27,146,58,3,0.16407309,0.01258756,0.02479038,0E-8,0.000000,0.909326,0.001376,-0.01459794,2026-03-22,2026-08-05,77,266,243,137,0.562044,0.754684,0.794934,0.546910,,,,,,,,GLOBAL_BASELINE_NO_ENTITY_RANKING,,,NOT_APPLICABLE_GLOBAL_BASELINE,HF9g-P5,,,,X 全窗基线 · 不参与实体赏罚,8390577,840,A168_HF9F_20260827_0900,2026-08-27 09:00:00
2026-04-08,94151214,1400,0,94.8706596675,34.7859085447,34.7859085447,0.6250000,9,9,0.49920336666666667,0.499203366667,0.7116141230598275,0.7116141230579411,0.7116141230598275,-3.3333E-13,ELIGIBLE,R03b_20260811_FULL_v1,L1_ELIGIBILITY,v2026-08-11,2026-03-21..2026-08-06,baccarat_bet02_101_all_pairs_incl_sentinel,round_win = game_pnl > 0 (decisive only),COMPATIBILITY_ONLY_NOT_PRODUCTION,38226.7023,34760.5459,481.1811,2907,2903,-0.01258756,-0.02479038,-0.01019244,-0.01258756,-481.1811,38226.7023,OK,0.0000,19.2472,4.0000,96.0000,AG03-UNRESOLVED,ALL5_LEVELS_bet23_to_bet27,19.2472,19.2472,19.2472,28.8709,28.8709,4.000000,4.000000,4.000000,6.000000,6.000000,96.000000,96.000000,96.000000,94.000000,94.000000,5.0,115.4835,105.0165,365.6976,376.1646,PENDING_AG03,FALSE,NOT_FOR_ENFORCEMENT,461.9338,33370.1240,481.1811,461.9338,19.2472,0.01258756,0.01208406,19.2472,461.9338,0.01208406,19.2472,19.2472,19.2472,28.8709,28.8709,461.9338,0.01208406,115.4835,105.0165,365.6976,376.1646,0.00956655,0.00984036,0.00050350,13.1499,11.9740,0.1658,6.2491,1.8090,496.4507,37.7013,10.4533,13.8512,10.2195,10.5412,18.3951,22.009,22.009,31.6236,10.5412,0.0,2.087904,3.0,1.247477,27,146,58,3,0.16407309,0.01258756,0.02479038,0E-8,0.000000,0.909326,0.001376,-0.01459794,2026-03-22,2026-08-05,77,266,243,137,0.562044,0.754684,0.794934,0.546910,,,,,,,,GLOBAL_BASELINE_NO_ENTITY_RANKING,,,NOT_APPLICABLE_GLOBAL_BASELINE,HF9g-P5,,,,X 全窗基线 · 不参与实体赏罚,8390578,840,A168_HF9F_20260827_0900,2026-08-27 09:00:00
2026-04-08,94151214,1485,0,224.1055805034,14.8314464612,14.8314464612,0.5714286,16,16,0.49994810000000000,0.499948100000,0.5349108707432784,0.5349108707432784,0.5349108707432784,0E-17,ELIGIBLE,R03b_20260811_FULL_v1,L1_ELIGIBILITY,v2026-08-11,2026-03-21..2026-08-06,baccarat_bet02_101_all_pairs_incl_sentinel,round_win = game_pnl > 0 (decisive only),COMPATIBILITY_ONLY_NOT_PRODUCTION,38226.7023,34760.5459,481.1811,2907,2903,-0.01258756,-0.02479038,-0.01019244,-0.01258756,-481.1811,38226.7023,OK,0.0000,19.2472,4.0000,96.0000,AG03-UNRESOLVED,ALL5_LEVELS_bet23_to_bet27,19.2472,19.2472,19.2472,28.8709,28.8709,4.000000,4.000000,4.000000,6.000000,6.000000,96.000000,96.000000,96.000000,94.000000,94.000000,5.0,115.4835,105.0165,365.6976,376.1646,PENDING_AG03,FALSE,NOT_FOR_ENFORCEMENT,461.9338,33370.1240,481.1811,461.9338,19.2472,0.01258756,0.01208406,19.2472,461.9338,0.01208406,19.2472,19.2472,19.2472,28.8709,28.8709,461.9338,0.01208406,115.4835,105.0165,365.6976,376.1646,0.00956655,0.00984036,0.00050350,13.1499,11.9740,0.1658,6.2491,1.8090,496.4507,37.7013,10.4533,13.8512,10.2195,10.5412,18.3951,22.009,22.009,31.6236,10.5412,0.0,2.087904,3.0,1.247477,27,146,58,3,0.16407309,0.01258756,0.02479038,0E-8,0.000000,0.909326,0.001376,-0.01459794,2026-03-22,2026-08-05,77,266,243,137,0.562044,0.754684,0.794934,0.546910,,,,,,,,GLOBAL_BASELINE_NO_ENTITY_RANKING,,,NOT_APPLICABLE_GLOBAL_BASELINE,HF9g-P5,,,,X 全窗基线 · 不参与实体赏罚,8390579,840,A168_HF9F_20260827_0900,2026-08-27 09:00:00
2026-04-08,94151214,1714,0,98.0330149897,12.4807623384,12.4807623384,0.5000000,9,9,0.49920336666666667,0.499203366667,0.004506444376759088,0.004506444374873482,0.004506444376759088,-3.3333E-13,ELIGIBLE,R03b_20260811_FULL_v1,L1_ELIGIBILITY,v2026-08-11,2026-03-21..2026-08-06,baccarat_bet02_101_all_pairs_incl_sentinel,round_win = game_pnl > 0 (decisive only),COMPATIBILITY_ONLY_NOT_PRODUCTION,38226.7023,34760.5459,481.1811,2907,2903,-0.01258756,-0.02479038,-0.01019244,-0.01258756,-481.1811,38226.7023,OK,0.0000,19.2472,4.0000,96.0000,AG03-UNRESOLVED,ALL5_LEVELS_bet23_to_bet27,19.2472,19.2472,19.2472,28.8709,28.8709,4.000000,4.000000,4.000000,6.000000,6.000000,96.000000,96.000000,96.000000,94.000000,94.000000,5.0,115.4835,105.0165,365.6976,376.1646,PENDING_AG03,FALSE,NOT_FOR_ENFORCEMENT,461.9338,33370.1240,481.1811,461.9338,19.2472,0.01258756,0.01208406,19.2472,461.9338,0.01208406,19.2472,19.2472,19.2472,28.8709,28.8709,461.9338,0.01208406,115.4835,105.0165,365.6976,376.1646,0.00956655,0.00984036,0.00050350,13.1499,11.9740,0.1658,6.2491,1.8090,496.4507,37.7013,10.4533,13.8512,10.2195,10.5412,18.3951,22.009,22.009,31.6236,10.5412,0.0,2.087904,3.0,1.247477,27,146,58,3,0.16407309,0.01258756,0.02479038,0E-8,0.000000,0.909326,0.001376,-0.01459794,2026-03-22,2026-08-05,77,266,243,137,0.562044,0.754684,0.794934,0.546910,,,,,,,,GLOBAL_BASELINE_NO_ENTITY_RANKING,,,NOT_APPLICABLE_GLOBAL_BASELINE,HF9g-P5,,,,X 全窗基线 · 不参与实体赏罚,8390580,840,A168_HF9F_20260827_0900,2026-08-27 09:00:00
2026-04-08,94151214,1963,0,147.5765817049,20.0282503743,20.0282503743,0.5714286,7,7,0.50090561428571429,0.500905614286,0.3731730247484194,0.373173024746908,0.3731730247484194,-2.8571E-13,ELIGIBLE,R03b_20260811_FULL_v1,L1_ELIGIBILITY,v2026-08-11,2026-03-21..2026-08-06,baccarat_bet02_101_all_pairs_incl_sentinel,round_win = game_pnl > 0 (decisive only),COMPATIBILITY_ONLY_NOT_PRODUCTION,38226.7023,34760.5459,481.1811,2907,2903,-0.01258756,-0.02479038,-0.01019244,-0.01258756,-481.1811,38226.7023,OK,0.0000,19.2472,4.0000,96.0000,AG03-UNRESOLVED,ALL5_LEVELS_bet23_to_bet27,19.2472,19.2472,19.2472,28.8709,28.8709,4.000000,4.000000,4.000000,6.000000,6.000000,96.000000,96.000000,96.000000,94.000000,94.000000,5.0,115.4835,105.0165,365.6976,376.1646,PENDING_AG03,FALSE,NOT_FOR_ENFORCEMENT,461.9338,33370.1240,481.1811,461.9338,19.2472,0.01258756,0.01208406,19.2472,461.9338,0.01208406,19.2472,19.2472,19.2472,28.8709,28.8709,461.9338,0.01208406,115.4835,105.0165,365.6976,376.1646,0.00956655,0.00984036,0.00050350,13.1499,11.9740,0.1658,6.2491,1.8090,496.4507,37.7013,10.4533,13.8512,10.2195,10.5412,18.3951,22.009,22.009,31.6236,10.5412,0.0,2.087904,3.0,1.247477,27,146,58,3,0.16407309,0.01258756,0.02479038,0E-8,0.000000,0.909326,0.001376,-0.01459794,2026-03-22,2026-08-05,77,266,243,137,0.562044,0.754684,0.794934,0.546910,,,,,,,,GLOBAL_BASELINE_NO_ENTITY_RANKING,,,NOT_APPLICABLE_GLOBAL_BASELINE,HF9g-P5,,,,X 全窗基线 · 不参与实体赏罚,8390581,840,A168_HF9F_20260827_0900,2026-08-27 09:00:00
2026-04-08,94151214,2127,0,212.0886302789,-17.7302721735,-17.7302721735,0.4736842,19,19,0.49959533157894737,0.499595331579,-0.2258879903458201,-0.22588799034627888,-0.2258879903458201,-5.263E-14,ELIGIBLE,R03b_20260811_FULL_v1,L1_ELIGIBILITY,v2026-08-11,2026-03-21..2026-08-06,baccarat_bet02_101_all_pairs_incl_sentinel,round_win = game_pnl > 0 (decisive only),COMPATIBILITY_ONLY_NOT_PRODUCTION,38226.7023,34760.5459,481.1811,2907,2903,-0.01258756,-0.02479038,-0.01019244,-0.01258756,-481.1811,38226.7023,OK,0.0000,19.2472,4.0000,96.0000,AG03-UNRESOLVED,ALL5_LEVELS_bet23_to_bet27,19.2472,19.2472,19.2472,28.8709,28.8709,4.000000,4.000000,4.000000,6.000000,6.000000,96.000000,96.000000,96.000000,94.000000,94.000000,5.0,115.4835,105.0165,365.6976,376.1646,PENDING_AG03,FALSE,NOT_FOR_ENFORCEMENT,461.9338,33370.1240,481.1811,461.9338,19.2472,0.01258756,0.01208406,19.2472,461.9338,0.01208406,19.2472,19.2472,19.2472,28.8709,28.8709,461.9338,0.01208406,115.4835,105.0165,365.6976,376.1646,0.00956655,0.00984036,0.00050350,13.1499,11.9740,0.1658,6.2491,1.8090,496.4507,37.7013,10.4533,13.8512,10.2195,10.5412,18.3951,22.009,22.009,31.6236,10.5412,0.0,2.087904,3.0,1.247477,27,146,58,3,0.16407309,0.01258756,0.02479038,0E-8,0.000000,0.909326,0.001376,-0.01459794,2026-03-22,2026-08-05,77,266,243,137,0.562044,0.754684,0.794934,0.546910,,,,,,,,GLOBAL_BASELINE_NO_ENTITY_RANKING,,,NOT_APPLICABLE_GLOBAL_BASELINE,HF9g-P5,,,,X 全窗基线 · 不参与实体赏罚,8390582,840,A168_HF9F_20260827_0900,2026-08-27 09:00:00
2026-04-08,94151214,2188,0,228.7437016426,-105.4118440750,-105.4118440750,0.3000000,10,10,0.50396966000000000,0.503969660000,-1.2900580569680735,-1.2900580569680735,-1.2900580569680735,0E-17,ELIGIBLE,R03b_20260811_FULL_v1,L1_ELIGIBILITY,v2026-08-11,2026-03-21..2026-08-06,baccarat_bet02_101_all_pairs_incl_sentinel,round_win = game_pnl > 0 (decisive only),COMPATIBILITY_ONLY_NOT_PRODUCTION,38226.7023,34760.5459,481.1811,2907,2903,-0.01258756,-0.02479038,-0.01019244,-0.01258756,-481.1811,38226.7023,OK,0.0000,19.2472,4.0000,96.0000,AG03-UNRESOLVED,ALL5_LEVELS_bet23_to_bet27,19.2472,19.2472,19.2472,28.8709,28.8709,4.000000,4.000000,4.000000,6.000000,6.000000,96.000000,96.000000,96.000000,94.000000,94.000000,5.0,115.4835,105.0165,365.6976,376.1646,PENDING_AG03,FALSE,NOT_FOR_ENFORCEMENT,461.9338,33370.1240,481.1811,461.9338,19.2472,0.01258756,0.01208406,19.2472,461.9338,0.01208406,19.2472,19.2472,19.2472,28.8709,28.8709,461.9338,0.01208406,115.4835,105.0165,365.6976,376.1646,0.00956655,0.00984036,0.00050350,13.1499,11.9740,0.1658,6.2491,1.8090,496.4507,37.7013,10.4533,13.8512,10.2195,10.5412,18.3951,22.009,22.009,31.6236,10.5412,0.0,2.087904,3.0,1.247477,27,146,58,3,0.16407309,0.01258756,0.02479038,0E-8,0.000000,0.909326,0.001376,-0.01459794,2026-03-22,2026-08-05,77,266,243,137,0.562044,0.754684,0.794934,0.546910,,,,,,,,GLOBAL_BASELINE_NO_ENTITY_RANKING,,,NOT_APPLICABLE_GLOBAL_BASELINE,HF9g-P5,,,,X 全窗基线 · 不参与实体赏罚,8390583,840,A168_HF9F_20260827_0900,2026-08-27 09:00:00
2026-04-08,94151214,2246,0,115.9530284825,-31.6235532225,-31.6235532225,0.3333333,6,6,0.49547970000000000,0.495479700000,-0.7943841881047936,-0.7943841881047936,-0.7943841881047936,0E-17,ELIGIBLE,R03b_20260811_FULL_v1,L1_ELIGIBILITY,v2026-08-11,2026-03-21..2026-08-06,baccarat_bet02_101_all_pairs_incl_sentinel,round_win = game_pnl > 0 (decisive only),COMPATIBILITY_ONLY_NOT_PRODUCTION,38226.7023,34760.5459,481.1811,2907,2903,-0.01258756,-0.02479038,-0.01019244,-0.01258756,-481.1811,38226.7023,OK,0.0000,19.2472,4.0000,96.0000,AG03-UNRESOLVED,ALL5_LEVELS_bet23_to_bet27,19.2472,19.2472,19.2472,28.8709,28.8709,4.000000,4.000000,4.000000,6.000000,6.000000,96.000000,96.000000,96.000000,94.000000,94.000000,5.0,115.4835,105.0165,365.6976,376.1646,PENDING_AG03,FALSE,NOT_FOR_ENFORCEMENT,461.9338,33370.1240,481.1811,461.9338,19.2472,0.01258756,0.01208406,19.2472,461.9338,0.01208406,19.2472,19.2472,19.2472,28.8709,28.8709,461.9338,0.01208406,115.4835,105.0165,365.6976,376.1646,0.00956655,0.00984036,0.00050350,13.1499,11.9740,0.1658,6.2491,1.8090,496.4507,37.7013,10.4533,13.8512,10.2195,10.5412,18.3951,22.009,22.009,31.6236,10.5412,0.0,2.087904,3.0,1.247477,27,146,58,3,0.16407309,0.01258756,0.02479038,0E-8,0.000000,0.909326,0.001376,-0.01459794,2026-03-22,2026-08-05,77,266,243,137,0.562044,0.754684,0.794934,0.546910,,,,,,,,GLOBAL_BASELINE_NO_ENTITY_RANKING,,,NOT_APPLICABLE_GLOBAL_BASELINE,HF9g-P5,,,,X 全窗基线 · 不参与实体赏罚,8390584,840,A168_HF9F_20260827_0900,2026-08-27 09:00:00
2026-04-08,94151214,2267,0,95.7139544201,-54.6033352309,-54.6033352309,0.2000000,5,5,0.50128862000000000,0.501288620000,-1.347408145195933,-1.347408145195933,-1.347408145195933,0E-17,ELIGIBLE,R03b_20260811_FULL_v1,L1_ELIGIBILITY,v2026-08-11,2026-03-21..2026-08-06,baccarat_bet02_101_all_pairs_incl_sentinel,round_win = game_pnl > 0 (decisive only),COMPATIBILITY_ONLY_NOT_PRODUCTION,38226.7023,34760.5459,481.1811,2907,2903,-0.01258756,-0.02479038,-0.01019244,-0.01258756,-481.1811,38226.7023,OK,0.0000,19.2472,4.0000,96.0000,AG03-UNRESOLVED,ALL5_LEVELS_bet23_to_bet27,19.2472,19.2472,19.2472,28.8709,28.8709,4.000000,4.000000,4.000000,6.000000,6.000000,96.000000,96.000000,96.000000,94.000000,94.000000,5.0,115.4835,105.0165,365.6976,376.1646,PENDING_AG03,FALSE,NOT_FOR_ENFORCEMENT,461.9338,33370.1240,481.1811,461.9338,19.2472,0.01258756,0.01208406,19.2472,461.9338,0.01208406,19.2472,19.2472,19.2472,28.8709,28.8709,461.9338,0.01208406,115.4835,105.0165,365.6976,376.1646,0.00956655,0.00984036,0.00050350,13.1499,11.9740,0.1658,6.2491,1.8090,496.4507,37.7013,10.4533,13.8512,10.2195,10.5412,18.3951,22.009,22.009,31.6236,10.5412,0.0,2.087904,3.0,1.247477,27,146,58,3,0.16407309,0.01258756,0.02479038,0E-8,0.000000,0.909326,0.001376,-0.01459794,2026-03-22,2026-08-05,77,266,243,137,0.562044,0.754684,0.794934,0.546910,,,,,,,,GLOBAL_BASELINE_NO_ENTITY_RANKING,,,NOT_APPLICABLE_GLOBAL_BASELINE,HF9g-P5,,,,X 全窗基线 · 不参与实体赏罚,8390585,840,A168_HF9F_20260827_0900,2026-08-27 09:00:00
2026-04-08,94151214,583,0,63.2471064450,56.0791010479,56.0791010479,1.0000000,5,5,0.49860758000000000,0.498607580000,2.005577456976424,2.005577456976424,2.005577456976424,0E-17,ELIGIBLE,R03b_20260811_FULL_v1,L1_ELIGIBILITY,v2026-08-11,2026-03-21..2026-08-06,baccarat_bet02_101_all_pairs_incl_sentinel,round_win = game_pnl > 0 (decisive only),COMPATIBILITY_ONLY_NOT_PRODUCTION,38226.7023,34760.5459,481.1811,2907,2903,-0.01258756,-0.02479038,-0.01019244,-0.01258756,-481.1811,38226.7023,OK,0.0000,19.2472,4.0000,96.0000,AG03-UNRESOLVED,ALL5_LEVELS_bet23_to_bet27,19.2472,19.2472,19.2472,28.8709,28.8709,4.000000,4.000000,4.000000,6.000000,6.000000,96.000000,96.000000,96.000000,94.000000,94.000000,5.0,115.4835,105.0165,365.6976,376.1646,PENDING_AG03,FALSE,NOT_FOR_ENFORCEMENT,461.9338,33370.1240,481.1811,461.9338,19.2472,0.01258756,0.01208406,19.2472,461.9338,0.01208406,19.2472,19.2472,19.2472,28.8709,28.8709,461.9338,0.01208406,115.4835,105.0165,365.6976,376.1646,0.00956655,0.00984036,0.00050350,13.1499,11.9740,0.1658,6.2491,1.8090,496.4507,37.7013,10.4533,13.8512,10.2195,10.5412,18.3951,22.009,22.009,31.6236,10.5412,0.0,2.087904,3.0,1.247477,27,146,58,3,0.16407309,0.01258756,0.02479038,0E-8,0.000000,0.909326,0.001376,-0.01459794,2026-03-22,2026-08-05,77,266,243,137,0.562044,0.754684,0.794934,0.546910,,,,,,,,GLOBAL_BASELINE_NO_ENTITY_RANKING,,,NOT_APPLICABLE_GLOBAL_BASELINE,HF9g-P5,,,,X 全窗基线 · 不参与实体赏罚,8390586,840,A168_HF9F_20260827_0900,2026-08-27 09:00:00
2026-04-09,94151214,1094,0,32.4668479751,-32.4668479751,-32.4668479751,0E-7,2,2,0.50665070000000000,0.506650700000,-1.4331513700195317,-1.4331513700195317,-1.4331513700195317,0E-17,ELIGIBLE,R03b_20260811_FULL_v1,L1_ELIGIBILITY,v2026-08-11,2026-03-21..2026-08-06,baccarat_bet02_101_all_pairs_incl_sentinel,round_win = game_pnl > 0 (decisive only),COMPATIBILITY_ONLY_NOT_PRODUCTION,38226.7023,34760.5459,481.1811,2907,2903,-0.01258756,-0.02479038,-0.01019244,-0.01258756,-481.1811,38226.7023,OK,0.0000,19.2472,4.0000,96.0000,AG03-UNRESOLVED,ALL5_LEVELS_bet23_to_bet27,19.2472,19.2472,19.2472,28.8709,28.8709,4.000000,4.000000,4.000000,6.000000,6.000000,96.000000,96.000000,96.000000,94.000000,94.000000,5.0,115.4835,105.0165,365.6976,376.1646,PENDING_AG03,FALSE,NOT_FOR_ENFORCEMENT,461.9338,33370.1240,481.1811,461.9338,19.2472,0.01258756,0.01208406,19.2472,461.9338,0.01208406,19.2472,19.2472,19.2472,28.8709,28.8709,461.9338,0.01208406,115.4835,105.0165,365.6976,376.1646,0.00956655,0.00984036,0.00050350,13.1499,11.9740,0.1658,6.2491,1.8090,496.4507,37.7013,10.4533,13.8512,10.2195,10.5412,18.3951,22.009,22.009,31.6236,10.5412,0.0,2.087904,3.0,1.247477,27,146,58,3,0.16407309,0.01258756,0.02479038,0E-8,0.000000,0.909326,0.001376,-0.01459794,2026-03-22,2026-08-05,77,266,243,137,0.562044,0.754684,0.794934,0.546910,,,,,,,,GLOBAL_BASELINE_NO_ENTITY_RANKING,,,NOT_APPLICABLE_GLOBAL_BASELINE,HF9g-P5,,,,X 全窗基线 · 不参与实体赏罚,8390587,840,A168_HF9F_20260827_0900,2026-08-27 09:00:00
2026-04-09,94151214,2196,0,35.8400269855,-2.9515316341,-2.9515316341,0.5000000,4,4,0.50329940000000000,0.503299400000,-0.01319788734859681,-0.01319788734859681,-0.01319788734859681,0E-17,ELIGIBLE,R03b_20260811_FULL_v1,L1_ELIGIBILITY,v2026-08-11,2026-03-21..2026-08-06,baccarat_bet02_101_all_pairs_incl_sentinel,round_win = game_pnl > 0 (decisive only),COMPATIBILITY_ONLY_NOT_PRODUCTION,38226.7023,34760.5459,481.1811,2907,2903,-0.01258756,-0.02479038,-0.01019244,-0.01258756,-481.1811,38226.7023,OK,0.0000,19.2472,4.0000,96.0000,AG03-UNRESOLVED,ALL5_LEVELS_bet23_to_bet27,19.2472,19.2472,19.2472,28.8709,28.8709,4.000000,4.000000,4.000000,6.000000,6.000000,96.000000,96.000000,96.000000,94.000000,94.000000,5.0,115.4835,105.0165,365.6976,376.1646,PENDING_AG03,FALSE,NOT_FOR_ENFORCEMENT,461.9338,33370.1240,481.1811,461.9338,19.2472,0.01258756,0.01208406,19.2472,461.9338,0.01208406,19.2472,19.2472,19.2472,28.8709,28.8709,461.9338,0.01208406,115.4835,105.0165,365.6976,376.1646,0.00956655,0.00984036,0.00050350,13.1499,11.9740,0.1658,6.2491,1.8090,496.4507,37.7013,10.4533,13.8512,10.2195,10.5412,18.3951,22.009,22.009,31.6236,10.5412,0.0,2.087904,3.0,1.247477,27,146,58,3,0.16407309,0.01258756,0.02479038,0E-8,0.000000,0.909326,0.001376,-0.01459794,2026-03-22,2026-08-05,77,266,243,137,0.562044,0.754684,0.794934,0.546910,,,,,,,,GLOBAL_BASELINE_NO_ENTITY_RANKING,,,NOT_APPLICABLE_GLOBAL_BASELINE,HF9g-P5,,,,X 全窗基线 · 不参与实体赏罚,8390588,840,A168_HF9F_20260827_0900,2026-08-27 09:00:00
2026-04-10,94151214,2239,0,29.5153163410,-8.9600067464,-8.9600067464,0.5000000,2,2,0.50665070000000000,0.506650700000,-0.018812684590367487,-0.018812684590367487,-0.018812684590367487,0E-17,ELIGIBLE,R03b_20260811_FULL_v1,L1_ELIGIBILITY,v2026-08-11,2026-03-21..2026-08-06,baccarat_bet02_101_all_pairs_incl_sentinel,round_win = game_pnl > 0 (decisive only),COMPATIBILITY_ONLY_NOT_PRODUCTION,38226.7023,34760.5459,481.1811,2907,2903,-0.01258756,-0.02479038,-0.01019244,-0.01258756,-481.1811,38226.7023,OK,0.0000,19.2472,4.0000,96.0000,AG03-UNRESOLVED,ALL5_LEVELS_bet23_to_bet27,19.2472,19.2472,19.2472,28.8709,28.8709,4.000000,4.000000,4.000000,6.000000,6.000000,96.000000,96.000000,96.000000,94.000000,94.000000,5.0,115.4835,105.0165,365.6976,376.1646,PENDING_AG03,FALSE,NOT_FOR_ENFORCEMENT,461.9338,33370.1240,481.1811,461.9338,19.2472,0.01258756,0.01208406,19.2472,461.9338,0.01208406,19.2472,19.2472,19.2472,28.8709,28.8709,461.9338,0.01208406,115.4835,105.0165,365.6976,376.1646,0.00956655,0.00984036,0.00050350,13.1499,11.9740,0.1658,6.2491,1.8090,496.4507,37.7013,10.4533,13.8512,10.2195,10.5412,18.3951,22.009,22.009,31.6236,10.5412,0.0,2.087904,3.0,1.247477,27,146,58,3,0.16407309,0.01258756,0.02479038,0E-8,0.000000,0.909326,0.001376,-0.01459794,2026-03-22,2026-08-05,77,266,243,137,0.562044,0.754684,0.794934,0.546910,,,,,,,,GLOBAL_BASELINE_NO_ENTITY_RANKING,,,NOT_APPLICABLE_GLOBAL_BASELINE,HF9g-P5,,,,X 全窗基线 · 不参与实体赏罚,8390589,840,A168_HF9F_20260827_0900,2026-08-27 09:00:00
2026-04-10,94151214,2246,0,26.1421373306,-26.1421373306,-26.1421373306,0E-7,4,4,0.49994810000000000,0.499948100000,-1.9997924107733216,-1.9997924107733216,-1.9997924107733216,0E-17,ELIGIBLE,R03b_20260811_FULL_v1,L1_ELIGIBILITY,v2026-08-11,2026-03-21..2026-08-06,baccarat_bet02_101_all_pairs_incl_sentinel,round_win = game_pnl > 0 (decisive only),COMPATIBILITY_ONLY_NOT_PRODUCTION,38226.7023,34760.5459,481.1811,2907,2903,-0.01258756,-0.02479038,-0.01019244,-0.01258756,-481.1811,38226.7023,OK,0.0000,19.2472,4.0000,96.0000,AG03-UNRESOLVED,ALL5_LEVELS_bet23_to_bet27,19.2472,19.2472,19.2472,28.8709,28.8709,4.000000,4.000000,4.000000,6.000000,6.000000,96.000000,96.000000,96.000000,94.000000,94.000000,5.0,115.4835,105.0165,365.6976,376.1646,PENDING_AG03,FALSE,NOT_FOR_ENFORCEMENT,461.9338,33370.1240,481.1811,461.9338,19.2472,0.01258756,0.01208406,19.2472,461.9338,0.01208406,19.2472,19.2472,19.2472,28.8709,28.8709,461.9338,0.01208406,115.4835,105.0165,365.6976,376.1646,0.00956655,0.00984036,0.00050350,13.1499,11.9740,0.1658,6.2491,1.8090,496.4507,37.7013,10.4533,13.8512,10.2195,10.5412,18.3951,22.009,22.009,31.6236,10.5412,0.0,2.087904,3.0,1.247477,27,146,58,3,0.16407309,0.01258756,0.02479038,0E-8,0.000000,0.909326,0.001376,-0.01459794,2026-03-22,2026-08-05,77,266,243,137,0.562044,0.754684,0.794934,0.546910,,,,,,,,GLOBAL_BASELINE_NO_ENTITY_RANKING,,,NOT_APPLICABLE_GLOBAL_BASELINE,HF9g-P5,,,,X 全窗基线 · 不参与实体赏罚,8390590,840,A168_HF9F_20260827_0900,2026-08-27 09:00:00
2026-04-10,94151214,2267,0,3.1623553222,-3.1623553222,-3.1623553222,0E-7,1,1,0.50665070000000000,0.506650700000,-1.013391052207602,-1.013391052207602,-1.013391052207602,0E-17,ELIGIBLE,R03b_20260811_FULL_v1,L1_ELIGIBILITY,v2026-08-11,2026-03-21..2026-08-06,baccarat_bet02_101_all_pairs_incl_sentinel,round_win = game_pnl > 0 (decisive only),COMPATIBILITY_ONLY_NOT_PRODUCTION,38226.7023,34760.5459,481.1811,2907,2903,-0.01258756,-0.02479038,-0.01019244,-0.01258756,-481.1811,38226.7023,OK,0.0000,19.2472,4.0000,96.0000,AG03-UNRESOLVED,ALL5_LEVELS_bet23_to_bet27,19.2472,19.2472,19.2472,28.8709,28.8709,4.000000,4.000000,4.000000,6.000000,6.000000,96.000000,96.000000,96.000000,94.000000,94.000000,5.0,115.4835,105.0165,365.6976,376.1646,PENDING_AG03,FALSE,NOT_FOR_ENFORCEMENT,461.9338,33370.1240,481.1811,461.9338,19.2472,0.01258756,0.01208406,19.2472,461.9338,0.01208406,19.2472,19.2472,19.2472,28.8709,28.8709,461.9338,0.01208406,115.4835,105.0165,365.6976,376.1646,0.00956655,0.00984036,0.00050350,13.1499,11.9740,0.1658,6.2491,1.8090,496.4507,37.7013,10.4533,13.8512,10.2195,10.5412,18.3951,22.009,22.009,31.6236,10.5412,0.0,2.087904,3.0,1.247477,27,146,58,3,0.16407309,0.01258756,0.02479038,0E-8,0.000000,0.909326,0.001376,-0.01459794,2026-03-22,2026-08-05,77,266,243,137,0.562044,0.754684,0.794934,0.546910,,,,,,,,GLOBAL_BASELINE_NO_ENTITY_RANKING,,,NOT_APPLICABLE_GLOBAL_BASELINE,HF9g-P5,,,,X 全窗基线 · 不参与实体赏罚,8390591,840,A168_HF9F_20260827_0900,2026-08-27 09:00:00
2026-04-11,94151214,1505,0,63.4579301331,-31.8343769106,-31.8343769106,0.2000000,6,6,0.49771390000000000,0.497713900000,-1.3314309533564708,-1.3314309533564703,-1.3314309533564708,0E-17,ELIGIBLE,R03b_20260811_FULL_v1,L1_ELIGIBILITY,v2026-08-11,2026-03-21..2026-08-06,baccarat_bet02_101_all_pairs_incl_sentinel,round_win = game_pnl > 0 (decisive only),COMPATIBILITY_ONLY_NOT_PRODUCTION,38226.7023,34760.5459,481.1811,2907,2903,-0.01258756,-0.02479038,-0.01019244,-0.01258756,-481.1811,38226.7023,OK,0.0000,19.2472,4.0000,96.0000,AG03-UNRESOLVED,ALL5_LEVELS_bet23_to_bet27,19.2472,19.2472,19.2472,28.8709,28.8709,4.000000,4.000000,4.000000,6.000000,6.000000,96.000000,96.000000,96.000000,94.000000,94.000000,5.0,115.4835,105.0165,365.6976,376.1646,PENDING_AG03,FALSE,NOT_FOR_ENFORCEMENT,461.9338,33370.1240,481.1811,461.9338,19.2472,0.01258756,0.01208406,19.2472,461.9338,0.01208406,19.2472,19.2472,19.2472,28.8709,28.8709,461.9338,0.01208406,115.4835,105.0165,365.6976,376.1646,0.00956655,0.00984036,0.00050350,13.1499,11.9740,0.1658,6.2491,1.8090,496.4507,37.7013,10.4533,13.8512,10.2195,10.5412,18.3951,22.009,22.009,31.6236,10.5412,0.0,2.087904,3.0,1.247477,27,146,58,3,0.16407309,0.01258756,0.02479038,0E-8,0.000000,0.909326,0.001376,-0.01459794,2026-03-22,2026-08-05,77,266,243,137,0.562044,0.754684,0.794934,0.546910,,,,,,,,GLOBAL_BASELINE_NO_ENTITY_RANKING,,,NOT_APPLICABLE_GLOBAL_BASELINE,HF9g-P5,,,,X 全窗基线 · 不参与实体赏罚,8390592,840,A168_HF9F_20260827_0900,2026-08-27 09:00:00
2026-04-11,94151214,2103,0,289.6717475179,-54.0868171948,-54.0868171948,0.4375000,19,19,0.50030086842105263,0.500300868421,-0.502407038326015,-0.5024070383255939,-0.502407038326015,5.263E-14,ELIGIBLE,R03b_20260811_FULL_v1,L1_ELIGIBILITY,v2026-08-11,2026-03-21..2026-08-06,baccarat_bet02_101_all_pairs_incl_sentinel,round_win = game_pnl > 0 (decisive only),COMPATIBILITY_ONLY_NOT_PRODUCTION,38226.7023,34760.5459,481.1811,2907,2903,-0.01258756,-0.02479038,-0.01019244,-0.01258756,-481.1811,38226.7023,OK,0.0000,19.2472,4.0000,96.0000,AG03-UNRESOLVED,ALL5_LEVELS_bet23_to_bet27,19.2472,19.2472,19.2472,28.8709,28.8709,4.000000,4.000000,4.000000,6.000000,6.000000,96.000000,96.000000,96.000000,94.000000,94.000000,5.0,115.4835,105.0165,365.6976,376.1646,PENDING_AG03,FALSE,NOT_FOR_ENFORCEMENT,461.9338,33370.1240,481.1811,461.9338,19.2472,0.01258756,0.01208406,19.2472,461.9338,0.01208406,19.2472,19.2472,19.2472,28.8709,28.8709,461.9338,0.01208406,115.4835,105.0165,365.6976,376.1646,0.00956655,0.00984036,0.00050350,13.1499,11.9740,0.1658,6.2491,1.8090,496.4507,37.7013,10.4533,13.8512,10.2195,10.5412,18.3951,22.009,22.009,31.6236,10.5412,0.0,2.087904,3.0,1.247477,27,146,58,3,0.16407309,0.01258756,0.02479038,0E-8,0.000000,0.909326,0.001376,-0.01459794,2026-03-22,2026-08-05,77,266,243,137,0.562044,0.754684,0.794934,0.546910,,,,,,,,GLOBAL_BASELINE_NO_ENTITY_RANKING,,,NOT_APPLICABLE_GLOBAL_BASELINE,HF9g-P5,,,,X 全窗基线 · 不参与实体赏罚,8390593,840,A168_HF9F_20260827_0900,2026-08-27 09:00:00
2026-04-11,94151214,2145,0,99.0871334305,11.9115383803,11.9115383803,0.5000000,6,6,0.50665070000000000,0.506650700000,-0.032584525537284574,-0.032584525537284574,-0.032584525537284574,0E-17,ELIGIBLE,R03b_20260811_FULL_v1,L1_ELIGIBILITY,v2026-08-11,2026-03-21..2026-08-06,baccarat_bet02_101_all_pairs_incl_sentinel,round_win = game_pnl > 0 (decisive only),COMPATIBILITY_ONLY_NOT_PRODUCTION,38226.7023,34760.5459,481.1811,2907,2903,-0.01258756,-0.02479038,-0.01019244,-0.01258756,-481.1811,38226.7023,OK,0.0000,19.2472,4.0000,96.0000,AG03-UNRESOLVED,ALL5_LEVELS_bet23_to_bet27,19.2472,19.2472,19.2472,28.8709,28.8709,4.000000,4.000000,4.000000,6.000000,6.000000,96.000000,96.000000,96.000000,94.000000,94.000000,5.0,115.4835,105.0165,365.6976,376.1646,PENDING_AG03,FALSE,NOT_FOR_ENFORCEMENT,461.9338,33370.1240,481.1811,461.9338,19.2472,0.01258756,0.01208406,19.2472,461.9338,0.01208406,19.2472,19.2472,19.2472,28.8709,28.8709,461.9338,0.01208406,115.4835,105.0165,365.6976,376.1646,0.00956655,0.00984036,0.00050350,13.1499,11.9740,0.1658,6.2491,1.8090,496.4507,37.7013,10.4533,13.8512,10.2195,10.5412,18.3951,22.009,22.009,31.6236,10.5412,0.0,2.087904,3.0,1.247477,27,146,58,3,0.16407309,0.01258756,0.02479038,0E-8,0.000000,0.909326,0.001376,-0.01459794,2026-03-22,2026-08-05,77,266,243,137,0.562044,0.754684,0.794934,0.546910,,,,,,,,GLOBAL_BASELINE_NO_ENTITY_RANKING,,,NOT_APPLICABLE_GLOBAL_BASELINE,HF9g-P5,,,,X 全窗基线 · 不参与实体赏罚,8390594,840,A168_HF9F_20260827_0900,2026-08-27 09:00:00
2026-04-11,94151214,2169,0,94.8706596675,9.4870659667,9.4870659667,0.5714286,9,9,0.49920336666666667,0.499203366667,0.38218034546389335,0.38218034546212926,0.38218034546389335,-3.3333E-13,ELIGIBLE,R03b_20260811_FULL_v1,L1_ELIGIBILITY,v2026-08-11,2026-03-21..2026-08-06,baccarat_bet02_101_all_pairs_incl_sentinel,round_win = game_pnl > 0 (decisive only),COMPATIBILITY_ONLY_NOT_PRODUCTION,38226.7023,34760.5459,481.1811,2907,2903,-0.01258756,-0.02479038,-0.01019244,-0.01258756,-481.1811,38226.7023,OK,0.0000,19.2472,4.0000,96.0000,AG03-UNRESOLVED,ALL5_LEVELS_bet23_to_bet27,19.2472,19.2472,19.2472,28.8709,28.8709,4.000000,4.000000,4.000000,6.000000,6.000000,96.000000,96.000000,96.000000,94.000000,94.000000,5.0,115.4835,105.0165,365.6976,376.1646,PENDING_AG03,FALSE,NOT_FOR_ENFORCEMENT,461.9338,33370.1240,481.1811,461.9338,19.2472,0.01258756,0.01208406,19.2472,461.9338,0.01208406,19.2472,19.2472,19.2472,28.8709,28.8709,461.9338,0.01208406,115.4835,105.0165,365.6976,376.1646,0.00956655,0.00984036,0.00050350,13.1499,11.9740,0.1658,6.2491,1.8090,496.4507,37.7013,10.4533,13.8512,10.2195,10.5412,18.3951,22.009,22.009,31.6236,10.5412,0.0,2.087904,3.0,1.247477,27,146,58,3,0.16407309,0.01258756,0.02479038,0E-8,0.000000,0.909326,0.001376,-0.01459794,2026-03-22,2026-08-05,77,266,243,137,0.562044,0.754684,0.794934,0.546910,,,,,,,,GLOBAL_BASELINE_NO_ENTITY_RANKING,,,NOT_APPLICABLE_GLOBAL_BASELINE,HF9g-P5,,,,X 全窗基线 · 不参与实体赏罚,8390595,840,A168_HF9F_20260827_0900,2026-08-27 09:00:00
2026-04-11,94151214,2251,0,75.8965277340,-12.6494212890,-12.6494212890,0.5000000,6,6,0.49324550000000000,0.493245500000,0.03309317671092531,0.03309317671092531,0.03309317671092531,0E-17,ELIGIBLE,R03b_20260811_FULL_v1,L1_ELIGIBILITY,v2026-08-11,2026-03-21..2026-08-06,baccarat_bet02_101_all_pairs_incl_sentinel,round_win = game_pnl > 0 (decisive only),COMPATIBILITY_ONLY_NOT_PRODUCTION,38226.7023,34760.5459,481.1811,2907,2903,-0.01258756,-0.02479038,-0.01019244,-0.01258756,-481.1811,38226.7023,OK,0.0000,19.2472,4.0000,96.0000,AG03-UNRESOLVED,ALL5_LEVELS_bet23_to_bet27,19.2472,19.2472,19.2472,28.8709,28.8709,4.000000,4.000000,4.000000,6.000000,6.000000,96.000000,96.000000,96.000000,94.000000,94.000000,5.0,115.4835,105.0165,365.6976,376.1646,PENDING_AG03,FALSE,NOT_FOR_ENFORCEMENT,461.9338,33370.1240,481.1811,461.9338,19.2472,0.01258756,0.01208406,19.2472,461.9338,0.01208406,19.2472,19.2472,19.2472,28.8709,28.8709,461.9338,0.01208406,115.4835,105.0165,365.6976,376.1646,0.00956655,0.00984036,0.00050350,13.1499,11.9740,0.1658,6.2491,1.8090,496.4507,37.7013,10.4533,13.8512,10.2195,10.5412,18.3951,22.009,22.009,31.6236,10.5412,0.0,2.087904,3.0,1.247477,27,146,58,3,0.16407309,0.01258756,0.02479038,0E-8,0.000000,0.909326,0.001376,-0.01459794,2026-03-22,2026-08-05,77,266,243,137,0.562044,0.754684,0.794934,0.546910,,,,,,,,GLOBAL_BASELINE_NO_ENTITY_RANKING,,,NOT_APPLICABLE_GLOBAL_BASELINE,HF9g-P5,,,,X 全窗基线 · 不参与实体赏罚,8390596,840,A168_HF9F_20260827_0900,2026-08-27 09:00:00
2026-04-12,94151214,-1,1,52.7059220375,-31.6235532225,-31.6235532225,0.2500000,4,4,0.49994810000000000,0.499948100000,-0.9997924053861017,-0.9997924053861017,-0.9997924053861017,0E-17,SENTINEL_DEALER,R03b_20260811_FULL_v1,L1_ELIGIBILITY,v2026-08-11,2026-03-21..2026-08-06,baccarat_bet02_101_all_pairs_incl_sentinel,round_win = game_pnl > 0 (decisive only),COMPATIBILITY_ONLY_NOT_PRODUCTION,38226.7023,34760.5459,481.1811,2907,2903,-0.01258756,-0.02479038,-0.01019244,-0.01258756,-481.1811,38226.7023,OK,0.0000,19.2472,4.0000,96.0000,AG03-UNRESOLVED,ALL5_LEVELS_bet23_to_bet27,19.2472,19.2472,19.2472,28.8709,28.8709,4.000000,4.000000,4.000000,6.000000,6.000000,96.000000,96.000000,96.000000,94.000000,94.000000,5.0,115.4835,105.0165,365.6976,376.1646,PENDING_AG03,FALSE,NOT_FOR_ENFORCEMENT,461.9338,33370.1240,481.1811,461.9338,19.2472,0.01258756,0.01208406,19.2472,461.9338,0.01208406,19.2472,19.2472,19.2472,28.8709,28.8709,461.9338,0.01208406,115.4835,105.0165,365.6976,376.1646,0.00956655,0.00984036,0.00050350,13.1499,11.9740,0.1658,6.2491,1.8090,496.4507,37.7013,10.4533,13.8512,10.2195,10.5412,18.3951,22.009,22.009,31.6236,10.5412,0.0,2.087904,3.0,1.247477,27,146,58,3,0.16407309,0.01258756,0.02479038,0E-8,0.000000,0.909326,0.001376,-0.01459794,2026-03-22,2026-08-05,77,266,243,137,0.562044,0.754684,0.794934,0.546910,,,,,,,,GLOBAL_BASELINE_NO_ENTITY_RANKING,,,NOT_APPLICABLE_GLOBAL_BASELINE,HF9g-P5,,,,X 全窗基线 · 不参与实体赏罚,8390597,840,A168_HF9F_20260827_0900,2026-08-27 09:00:00
2026-04-12,94151214,1205,0,84.3294752600,20.0282503742,20.0282503742,0.6666667,8,8,0.50162375000000000,0.501623750000,0.8085461265665992,0.8085461265665994,0.8085461265665992,0E-17,ELIGIBLE,R03b_20260811_FULL_v1,L1_ELIGIBILITY,v2026-08-11,2026-03-21..2026-08-06,baccarat_bet02_101_all_pairs_incl_sentinel,round_win = game_pnl > 0 (decisive only),COMPATIBILITY_ONLY_NOT_PRODUCTION,38226.7023,34760.5459,481.1811,2907,2903,-0.01258756,-0.02479038,-0.01019244,-0.01258756,-481.1811,38226.7023,OK,0.0000,19.2472,4.0000,96.0000,AG03-UNRESOLVED,ALL5_LEVELS_bet23_to_bet27,19.2472,19.2472,19.2472,28.8709,28.8709,4.000000,4.000000,4.000000,6.000000,6.000000,96.000000,96.000000,96.000000,94.000000,94.000000,5.0,115.4835,105.0165,365.6976,376.1646,PENDING_AG03,FALSE,NOT_FOR_ENFORCEMENT,461.9338,33370.1240,481.1811,461.9338,19.2472,0.01258756,0.01208406,19.2472,461.9338,0.01208406,19.2472,19.2472,19.2472,28.8709,28.8709,461.9338,0.01208406,115.4835,105.0165,365.6976,376.1646,0.00956655,0.00984036,0.00050350,13.1499,11.9740,0.1658,6.2491,1.8090,496.4507,37.7013,10.4533,13.8512,10.2195,10.5412,18.3951,22.009,22.009,31.6236,10.5412,0.0,2.087904,3.0,1.247477,27,146,58,3,0.16407309,0.01258756,0.02479038,0E-8,0.000000,0.909326,0.001376,-0.01459794,2026-03-22,2026-08-05,77,266,243,137,0.562044,0.754684,0.794934,0.546910,,,,,,,,GLOBAL_BASELINE_NO_ENTITY_RANKING,,,NOT_APPLICABLE_GLOBAL_BASELINE,HF9g-P5,,,,X 全窗基线 · 不参与实体赏罚,8390598,840,A168_HF9F_20260827_0900,2026-08-27 09:00:00
2026-04-12,94151214,1221,0,18.9741319335,1.5811776611,1.5811776611,0.5000000,2,2,0.50665070000000000,0.506650700000,-0.018812684590367487,-0.018812684590367487,-0.018812684590367487,0E-17,ELIGIBLE,R03b_20260811_FULL_v1,L1_ELIGIBILITY,v2026-08-11,2026-03-21..2026-08-06,baccarat_bet02_101_all_pairs_incl_sentinel,round_win = game_pnl > 0 (decisive only),COMPATIBILITY_ONLY_NOT_PRODUCTION,38226.7023,34760.5459,481.1811,2907,2903,-0.01258756,-0.02479038,-0.01019244,-0.01258756,-481.1811,38226.7023,OK,0.0000,19.2472,4.0000,96.0000,AG03-UNRESOLVED,ALL5_LEVELS_bet23_to_bet27,19.2472,19.2472,19.2472,28.8709,28.8709,4.000000,4.000000,4.000000,6.000000,6.000000,96.000000,96.000000,96.000000,94.000000,94.000000,5.0,115.4835,105.0165,365.6976,376.1646,PENDING_AG03,FALSE,NOT_FOR_ENFORCEMENT,461.9338,33370.1240,481.1811,461.9338,19.2472,0.01258756,0.01208406,19.2472,461.9338,0.01208406,19.2472,19.2472,19.2472,28.8709,28.8709,461.9338,0.01208406,115.4835,105.0165,365.6976,376.1646,0.00956655,0.00984036,0.00050350,13.1499,11.9740,0.1658,6.2491,1.8090,496.4507,37.7013,10.4533,13.8512,10.2195,10.5412,18.3951,22.009,22.009,31.6236,10.5412,0.0,2.087904,3.0,1.247477,27,146,58,3,0.16407309,0.01258756,0.02479038,0E-8,0.000000,0.909326,0.001376,-0.01459794,2026-03-22,2026-08-05,77,266,243,137,0.562044,0.754684,0.794934,0.546910,,,,,,,,GLOBAL_BASELINE_NO_ENTITY_RANKING,,,NOT_APPLICABLE_GLOBAL_BASELINE,HF9g-P5,,,,X 全窗基线 · 不参与实体赏罚,8390599,840,A168_HF9F_20260827_0900,2026-08-27 09:00:00
2026-04-12,94151214,1405,0,10.5411844075,-10.5411844075,-10.5411844075,0E-7,1,1,0.50665070000000000,0.506650700000,-1.013391052207602,-1.013391052207602,-1.013391052207602,0E-17,ELIGIBLE,R03b_20260811_FULL_v1,L1_ELIGIBILITY,v2026-08-11,2026-03-21..2026-08-06,baccarat_bet02_101_all_pairs_incl_sentinel,round_win = game_pnl > 0 (decisive only),COMPATIBILITY_ONLY_NOT_PRODUCTION,38226.7023,34760.5459,481.1811,2907,2903,-0.01258756,-0.02479038,-0.01019244,-0.01258756,-481.1811,38226.7023,OK,0.0000,19.2472,4.0000,96.0000,AG03-UNRESOLVED,ALL5_LEVELS_bet23_to_bet27,19.2472,19.2472,19.2472,28.8709,28.8709,4.000000,4.000000,4.000000,6.000000,6.000000,96.000000,96.000000,96.000000,94.000000,94.000000,5.0,115.4835,105.0165,365.6976,376.1646,PENDING_AG03,FALSE,NOT_FOR_ENFORCEMENT,461.9338,33370.1240,481.1811,461.9338,19.2472,0.01258756,0.01208406,19.2472,461.9338,0.01208406,19.2472,19.2472,19.2472,28.8709,28.8709,461.9338,0.01208406,115.4835,105.0165,365.6976,376.1646,0.00956655,0.00984036,0.00050350,13.1499,11.9740,0.1658,6.2491,1.8090,496.4507,37.7013,10.4533,13.8512,10.2195,10.5412,18.3951,22.009,22.009,31.6236,10.5412,0.0,2.087904,3.0,1.247477,27,146,58,3,0.16407309,0.01258756,0.02479038,0E-8,0.000000,0.909326,0.001376,-0.01459794,2026-03-22,2026-08-05,77,266,243,137,0.562044,0.754684,0.794934,0.546910,,,,,,,,GLOBAL_BASELINE_NO_ENTITY_RANKING,,,NOT_APPLICABLE_GLOBAL_BASELINE,HF9g-P5,,,,X 全窗基线 · 不参与实体赏罚,8390600,840,A168_HF9F_20260827_0900,2026-08-27 09:00:00
2026-04-12,94151214,1485,0,94.8706596675,4.8489448274,4.8489448274,0.5714286,9,9,0.50069283333333333,0.500692833333,0.3742987029496183,0.37429870295138173,0.3742987029496183,3.3333E-13,ELIGIBLE,R03b_20260811_FULL_v1,L1_ELIGIBILITY,v2026-08-11,2026-03-21..2026-08-06,baccarat_bet02_101_all_pairs_incl_sentinel,round_win = game_pnl > 0 (decisive only),COMPATIBILITY_ONLY_NOT_PRODUCTION,38226.7023,34760.5459,481.1811,2907,2903,-0.01258756,-0.02479038,-0.01019244,-0.01258756,-481.1811,38226.7023,OK,0.0000,19.2472,4.0000,96.0000,AG03-UNRESOLVED,ALL5_LEVELS_bet23_to_bet27,19.2472,19.2472,19.2472,28.8709,28.8709,4.000000,4.000000,4.000000,6.000000,6.000000,96.000000,96.000000,96.000000,94.000000,94.000000,5.0,115.4835,105.0165,365.6976,376.1646,PENDING_AG03,FALSE,NOT_FOR_ENFORCEMENT,461.9338,33370.1240,481.1811,461.9338,19.2472,0.01258756,0.01208406,19.2472,461.9338,0.01208406,19.2472,19.2472,19.2472,28.8709,28.8709,461.9338,0.01208406,115.4835,105.0165,365.6976,376.1646,0.00956655,0.00984036,0.00050350,13.1499,11.9740,0.1658,6.2491,1.8090,496.4507,37.7013,10.4533,13.8512,10.2195,10.5412,18.3951,22.009,22.009,31.6236,10.5412,0.0,2.087904,3.0,1.247477,27,146,58,3,0.16407309,0.01258756,0.02479038,0E-8,0.000000,0.909326,0.001376,-0.01459794,2026-03-22,2026-08-05,77,266,243,137,0.562044,0.754684,0.794934,0.546910,,,,,,,,GLOBAL_BASELINE_NO_ENTITY_RANKING,,,NOT_APPLICABLE_GLOBAL_BASELINE,HF9g-P5,,,,X 全窗基线 · 不参与实体赏罚,8390601,840,A168_HF9F_20260827_0900,2026-08-27 09:00:00
2026-04-12,94151214,1645,0,122.2777391270,16.6550713637,16.6550713637,0.5555556,11,11,0.49933877272727273,0.499338772727,0.33730099192032137,0.337300991921958,0.33730099192032137,2.7273E-13,ELIGIBLE,R03b_20260811_FULL_v1,L1_ELIGIBILITY,v2026-08-11,2026-03-21..2026-08-06,baccarat_bet02_101_all_pairs_incl_sentinel,round_win = game_pnl > 0 (decisive only),COMPATIBILITY_ONLY_NOT_PRODUCTION,38226.7023,34760.5459,481.1811,2907,2903,-0.01258756,-0.02479038,-0.01019244,-0.01258756,-481.1811,38226.7023,OK,0.0000,19.2472,4.0000,96.0000,AG03-UNRESOLVED,ALL5_LEVELS_bet23_to_bet27,19.2472,19.2472,19.2472,28.8709,28.8709,4.000000,4.000000,4.000000,6.000000,6.000000,96.000000,96.000000,96.000000,94.000000,94.000000,5.0,115.4835,105.0165,365.6976,376.1646,PENDING_AG03,FALSE,NOT_FOR_ENFORCEMENT,461.9338,33370.1240,481.1811,461.9338,19.2472,0.01258756,0.01208406,19.2472,461.9338,0.01208406,19.2472,19.2472,19.2472,28.8709,28.8709,461.9338,0.01208406,115.4835,105.0165,365.6976,376.1646,0.00956655,0.00984036,0.00050350,13.1499,11.9740,0.1658,6.2491,1.8090,496.4507,37.7013,10.4533,13.8512,10.2195,10.5412,18.3951,22.009,22.009,31.6236,10.5412,0.0,2.087904,3.0,1.247477,27,146,58,3,0.16407309,0.01258756,0.02479038,0E-8,0.000000,0.909326,0.001376,-0.01459794,2026-03-22,2026-08-05,77,266,243,137,0.562044,0.754684,0.794934,0.546910,,,,,,,,GLOBAL_BASELINE_NO_ENTITY_RANKING,,,NOT_APPLICABLE_GLOBAL_BASELINE,HF9g-P5,,,,X 全窗基线 · 不参与实体赏罚,8390602,840,A168_HF9F_20260827_0900,2026-08-27 09:00:00
2026-04-12,94151214,1940,0,375.2661649070,9.5924778106,9.5924778106,0.5000000,30,30,0.49771390000000000,0.497713900000,0.022399348134460303,0.022399348134460303,0.022399348134460303,0E-17,ELIGIBLE,R03b_20260811_FULL_v1,L1_ELIGIBILITY,v2026-08-11,2026-03-21..2026-08-06,baccarat_bet02_101_all_pairs_incl_sentinel,round_win = game_pnl > 0 (decisive only),COMPATIBILITY_ONLY_NOT_PRODUCTION,38226.7023,34760.5459,481.1811,2907,2903,-0.01258756,-0.02479038,-0.01019244,-0.01258756,-481.1811,38226.7023,OK,0.0000,19.2472,4.0000,96.0000,AG03-UNRESOLVED,ALL5_LEVELS_bet23_to_bet27,19.2472,19.2472,19.2472,28.8709,28.8709,4.000000,4.000000,4.000000,6.000000,6.000000,96.000000,96.000000,96.000000,94.000000,94.000000,5.0,115.4835,105.0165,365.6976,376.1646,PENDING_AG03,FALSE,NOT_FOR_ENFORCEMENT,461.9338,33370.1240,481.1811,461.9338,19.2472,0.01258756,0.01208406,19.2472,461.9338,0.01208406,19.2472,19.2472,19.2472,28.8709,28.8709,461.9338,0.01208406,115.4835,105.0165,365.6976,376.1646,0.00956655,0.00984036,0.00050350,13.1499,11.9740,0.1658,6.2491,1.8090,496.4507,37.7013,10.4533,13.8512,10.2195,10.5412,18.3951,22.009,22.009,31.6236,10.5412,0.0,2.087904,3.0,1.247477,27,146,58,3,0.16407309,0.01258756,0.02479038,0E-8,0.000000,0.909326,0.001376,-0.01459794,2026-03-22,2026-08-05,77,266,243,137,0.562044,0.754684,0.794934,0.546910,,,,,,,,GLOBAL_BASELINE_NO_ENTITY_RANKING,,,NOT_APPLICABLE_GLOBAL_BASELINE,HF9g-P5,,,,X 全窗基线 · 不参与实体赏罚,8390603,840,A168_HF9F_20260827_0900,2026-08-27 09:00:00
2026-04-12,94151214,1994,0,52.7059220375,-10.5411844075,-10.5411844075,0.5000000,4,4,0.49324550000000000,0.493245500000,0.027020465636507562,0.027020465636507562,0.027020465636507562,0E-17,ELIGIBLE,R03b_20260811_FULL_v1,L1_ELIGIBILITY,v2026-08-11,2026-03-21..2026-08-06,baccarat_bet02_101_all_pairs_incl_sentinel,round_win = game_pnl > 0 (decisive only),COMPATIBILITY_ONLY_NOT_PRODUCTION,38226.7023,34760.5459,481.1811,2907,2903,-0.01258756,-0.02479038,-0.01019244,-0.01258756,-481.1811,38226.7023,OK,0.0000,19.2472,4.0000,96.0000,AG03-UNRESOLVED,ALL5_LEVELS_bet23_to_bet27,19.2472,19.2472,19.2472,28.8709,28.8709,4.000000,4.000000,4.000000,6.000000,6.000000,96.000000,96.000000,96.000000,94.000000,94.000000,5.0,115.4835,105.0165,365.6976,376.1646,PENDING_AG03,FALSE,NOT_FOR_ENFORCEMENT,461.9338,33370.1240,481.1811,461.9338,19.2472,0.01258756,0.01208406,19.2472,461.9338,0.01208406,19.2472,19.2472,19.2472,28.8709,28.8709,461.9338,0.01208406,115.4835,105.0165,365.6976,376.1646,0.00956655,0.00984036,0.00050350,13.1499,11.9740,0.1658,6.2491,1.8090,496.4507,37.7013,10.4533,13.8512,10.2195,10.5412,18.3951,22.009,22.009,31.6236,10.5412,0.0,2.087904,3.0,1.247477,27,146,58,3,0.16407309,0.01258756,0.02479038,0E-8,0.000000,0.909326,0.001376,-0.01459794,2026-03-22,2026-08-05,77,266,243,137,0.562044,0.754684,0.794934,0.546910,,,,,,,,GLOBAL_BASELINE_NO_ENTITY_RANKING,,,NOT_APPLICABLE_GLOBAL_BASELINE,HF9g-P5,,,,X 全窗基线 · 不参与实体赏罚,8390604,840,A168_HF9F_20260827_0900,2026-08-27 09:00:00
2026-04-12,94151214,2101,0,128.6024497714,10.5411844074,10.5411844074,0.5454545,12,12,0.49659680000000000,0.496596800000,0.32409312678204816,0.32409312678204816,0.32409312678204816,0E-17,ELIGIBLE,R03b_20260811_FULL_v1,L1_ELIGIBILITY,v2026-08-11,2026-03-21..2026-08-06,baccarat_bet02_101_all_pairs_incl_sentinel,round_win = game_pnl > 0 (decisive only),COMPATIBILITY_ONLY_NOT_PRODUCTION,38226.7023,34760.5459,481.1811,2907,2903,-0.01258756,-0.02479038,-0.01019244,-0.01258756,-481.1811,38226.7023,OK,0.0000,19.2472,4.0000,96.0000,AG03-UNRESOLVED,ALL5_LEVELS_bet23_to_bet27,19.2472,19.2472,19.2472,28.8709,28.8709,4.000000,4.000000,4.000000,6.000000,6.000000,96.000000,96.000000,96.000000,94.000000,94.000000,5.0,115.4835,105.0165,365.6976,376.1646,PENDING_AG03,FALSE,NOT_FOR_ENFORCEMENT,461.9338,33370.1240,481.1811,461.9338,19.2472,0.01258756,0.01208406,19.2472,461.9338,0.01208406,19.2472,19.2472,19.2472,28.8709,28.8709,461.9338,0.01208406,115.4835,105.0165,365.6976,376.1646,0.00956655,0.00984036,0.00050350,13.1499,11.9740,0.1658,6.2491,1.8090,496.4507,37.7013,10.4533,13.8512,10.2195,10.5412,18.3951,22.009,22.009,31.6236,10.5412,0.0,2.087904,3.0,1.247477,27,146,58,3,0.16407309,0.01258756,0.02479038,0E-8,0.000000,0.909326,0.001376,-0.01459794,2026-03-22,2026-08-05,77,266,243,137,0.562044,0.754684,0.794934,0.546910,,,,,,,,GLOBAL_BASELINE_NO_ENTITY_RANKING,,,NOT_APPLICABLE_GLOBAL_BASELINE,HF9g-P5,,,,X 全窗基线 · 不参与实体赏罚,8390605,840,A168_HF9F_20260827_0900,2026-08-27 09:00:00
2026-04-12,94151214,2115,0,37.9482638670,32.3614361310,32.3614361310,0.8000000,5,5,0.50128862000000000,0.501288620000,1.335882339249048,1.335882339249048,1.335882339249048,0E-17,ELIGIBLE,R03b_20260811_FULL_v1,L1_ELIGIBILITY,v2026-08-11,2026-03-21..2026-08-06,baccarat_bet02_101_all_pairs_incl_sentinel,round_win = game_pnl > 0 (decisive only),COMPATIBILITY_ONLY_NOT_PRODUCTION,38226.7023,34760.5459,481.1811,2907,2903,-0.01258756,-0.02479038,-0.01019244,-0.01258756,-481.1811,38226.7023,OK,0.0000,19.2472,4.0000,96.0000,AG03-UNRESOLVED,ALL5_LEVELS_bet23_to_bet27,19.2472,19.2472,19.2472,28.8709,28.8709,4.000000,4.000000,4.000000,6.000000,6.000000,96.000000,96.000000,96.000000,94.000000,94.000000,5.0,115.4835,105.0165,365.6976,376.1646,PENDING_AG03,FALSE,NOT_FOR_ENFORCEMENT,461.9338,33370.1240,481.1811,461.9338,19.2472,0.01258756,0.01208406,19.2472,461.9338,0.01208406,19.2472,19.2472,19.2472,28.8709,28.8709,461.9338,0.01208406,115.4835,105.0165,365.6976,376.1646,0.00956655,0.00984036,0.00050350,13.1499,11.9740,0.1658,6.2491,1.8090,496.4507,37.7013,10.4533,13.8512,10.2195,10.5412,18.3951,22.009,22.009,31.6236,10.5412,0.0,2.087904,3.0,1.247477,27,146,58,3,0.16407309,0.01258756,0.02479038,0E-8,0.000000,0.909326,0.001376,-0.01459794,2026-03-22,2026-08-05,77,266,243,137,0.562044,0.754684,0.794934,0.546910,,,,,,,,GLOBAL_BASELINE_NO_ENTITY_RANKING,,,NOT_APPLICABLE_GLOBAL_BASELINE,HF9g-P5,,,,X 全窗基线 · 不参与实体赏罚,8390606,840,A168_HF9F_20260827_0900,2026-08-27 09:00:00
2026-04-12,94151214,2134,0,147.5765817050,30.1477874053,30.1477874053,0.6363636,11,11,0.50055742727272727,0.500557427273,0.900837039335844,0.9008370393340356,0.900837039335844,-2.7273E-13,ELIGIBLE,R03b_20260811_FULL_v1,L1_ELIGIBILITY,v2026-08-11,2026-03-21..2026-08-06,baccarat_bet02_101_all_pairs_incl_sentinel,round_win = game_pnl > 0 (decisive only),COMPATIBILITY_ONLY_NOT_PRODUCTION,38226.7023,34760.5459,481.1811,2907,2903,-0.01258756,-0.02479038,-0.01019244,-0.01258756,-481.1811,38226.7023,OK,0.0000,19.2472,4.0000,96.0000,AG03-UNRESOLVED,ALL5_LEVELS_bet23_to_bet27,19.2472,19.2472,19.2472,28.8709,28.8709,4.000000,4.000000,4.000000,6.000000,6.000000,96.000000,96.000000,96.000000,94.000000,94.000000,5.0,115.4835,105.0165,365.6976,376.1646,PENDING_AG03,FALSE,NOT_FOR_ENFORCEMENT,461.9338,33370.1240,481.1811,461.9338,19.2472,0.01258756,0.01208406,19.2472,461.9338,0.01208406,19.2472,19.2472,19.2472,28.8709,28.8709,461.9338,0.01208406,115.4835,105.0165,365.6976,376.1646,0.00956655,0.00984036,0.00050350,13.1499,11.9740,0.1658,6.2491,1.8090,496.4507,37.7013,10.4533,13.8512,10.2195,10.5412,18.3951,22.009,22.009,31.6236,10.5412,0.0,2.087904,3.0,1.247477,27,146,58,3,0.16407309,0.01258756,0.02479038,0E-8,0.000000,0.909326,0.001376,-0.01459794,2026-03-22,2026-08-05,77,266,243,137,0.562044,0.754684,0.794934,0.546910,,,,,,,,GLOBAL_BASELINE_NO_ENTITY_RANKING,,,NOT_APPLICABLE_GLOBAL_BASELINE,HF9g-P5,,,,X 全窗基线 · 不参与实体赏罚,8390607,840,A168_HF9F_20260827_0900,2026-08-27 09:00:00
2026-04-12,94151214,2175,0,54.8141589190,-2.6352961019,-2.6352961019,0.6666667,4,4,0.49659680000000000,0.496596800000,0.5891529468324541,0.589152946832454,0.5891529468324541,0E-17,ELIGIBLE,R03b_20260811_FULL_v1,L1_ELIGIBILITY,v2026-08-11,2026-03-21..2026-08-06,baccarat_bet02_101_all_pairs_incl_sentinel,round_win = game_pnl > 0 (decisive only),COMPATIBILITY_ONLY_NOT_PRODUCTION,38226.7023,34760.5459,481.1811,2907,2903,-0.01258756,-0.02479038,-0.01019244,-0.01258756,-481.1811,38226.7023,OK,0.0000,19.2472,4.0000,96.0000,AG03-UNRESOLVED,ALL5_LEVELS_bet23_to_bet27,19.2472,19.2472,19.2472,28.8709,28.8709,4.000000,4.000000,4.000000,6.000000,6.000000,96.000000,96.000000,96.000000,94.000000,94.000000,5.0,115.4835,105.0165,365.6976,376.1646,PENDING_AG03,FALSE,NOT_FOR_ENFORCEMENT,461.9338,33370.1240,481.1811,461.9338,19.2472,0.01258756,0.01208406,19.2472,461.9338,0.01208406,19.2472,19.2472,19.2472,28.8709,28.8709,461.9338,0.01208406,115.4835,105.0165,365.6976,376.1646,0.00956655,0.00984036,0.00050350,13.1499,11.9740,0.1658,6.2491,1.8090,496.4507,37.7013,10.4533,13.8512,10.2195,10.5412,18.3951,22.009,22.009,31.6236,10.5412,0.0,2.087904,3.0,1.247477,27,146,58,3,0.16407309,0.01258756,0.02479038,0E-8,0.000000,0.909326,0.001376,-0.01459794,2026-03-22,2026-08-05,77,266,243,137,0.562044,0.754684,0.794934,0.546910,,,,,,,,GLOBAL_BASELINE_NO_ENTITY_RANKING,,,NOT_APPLICABLE_GLOBAL_BASELINE,HF9g-P5,,,,X 全窗基线 · 不参与实体赏罚,8390608,840,A168_HF9F_20260827_0900,2026-08-27 09:00:00
2026-04-12,94151214,2214,0,113.8447916010,10.5411844074,10.5411844074,0.5000000,10,10,0.50128862000000000,0.501288620000,-0.008149975543682601,-0.008149975543682601,-0.008149975543682601,0E-17,ELIGIBLE,R03b_20260811_FULL_v1,L1_ELIGIBILITY,v2026-08-11,2026-03-21..2026-08-06,baccarat_bet02_101_all_pairs_incl_sentinel,round_win = game_pnl > 0 (decisive only),COMPATIBILITY_ONLY_NOT_PRODUCTION,38226.7023,34760.5459,481.1811,2907,2903,-0.01258756,-0.02479038,-0.01019244,-0.01258756,-481.1811,38226.7023,OK,0.0000,19.2472,4.0000,96.0000,AG03-UNRESOLVED,ALL5_LEVELS_bet23_to_bet27,19.2472,19.2472,19.2472,28.8709,28.8709,4.000000,4.000000,4.000000,6.000000,6.000000,96.000000,96.000000,96.000000,94.000000,94.000000,5.0,115.4835,105.0165,365.6976,376.1646,PENDING_AG03,FALSE,NOT_FOR_ENFORCEMENT,461.9338,33370.1240,481.1811,461.9338,19.2472,0.01258756,0.01208406,19.2472,461.9338,0.01208406,19.2472,19.2472,19.2472,28.8709,28.8709,461.9338,0.01208406,115.4835,105.0165,365.6976,376.1646,0.00956655,0.00984036,0.00050350,13.1499,11.9740,0.1658,6.2491,1.8090,496.4507,37.7013,10.4533,13.8512,10.2195,10.5412,18.3951,22.009,22.009,31.6236,10.5412,0.0,2.087904,3.0,1.247477,27,146,58,3,0.16407309,0.01258756,0.02479038,0E-8,0.000000,0.909326,0.001376,-0.01459794,2026-03-22,2026-08-05,77,266,243,137,0.562044,0.754684,0.794934,0.546910,,,,,,,,GLOBAL_BASELINE_NO_ENTITY_RANKING,,,NOT_APPLICABLE_GLOBAL_BASELINE,HF9g-P5,,,,X 全窗基线 · 不参与实体赏罚,8390609,840,A168_HF9F_20260827_0900,2026-08-27 09:00:00
2026-04-12,94151214,2252,0,156.0095292310,-1E-10,-1E-10,0.5000000,13,13,0.49943251538461538,0.499432515385,0.003589090155093294,0.003589090152660739,0.003589090155093294,-3.8462E-13,ELIGIBLE,R03b_20260811_FULL_v1,L1_ELIGIBILITY,v2026-08-11,2026-03-21..2026-08-06,baccarat_bet02_101_all_pairs_incl_sentinel,round_win = game_pnl > 0 (decisive only),COMPATIBILITY_ONLY_NOT_PRODUCTION,38226.7023,34760.5459,481.1811,2907,2903,-0.01258756,-0.02479038,-0.01019244,-0.01258756,-481.1811,38226.7023,OK,0.0000,19.2472,4.0000,96.0000,AG03-UNRESOLVED,ALL5_LEVELS_bet23_to_bet27,19.2472,19.2472,19.2472,28.8709,28.8709,4.000000,4.000000,4.000000,6.000000,6.000000,96.000000,96.000000,96.000000,94.000000,94.000000,5.0,115.4835,105.0165,365.6976,376.1646,PENDING_AG03,FALSE,NOT_FOR_ENFORCEMENT,461.9338,33370.1240,481.1811,461.9338,19.2472,0.01258756,0.01208406,19.2472,461.9338,0.01208406,19.2472,19.2472,19.2472,28.8709,28.8709,461.9338,0.01208406,115.4835,105.0165,365.6976,376.1646,0.00956655,0.00984036,0.00050350,13.1499,11.9740,0.1658,6.2491,1.8090,496.4507,37.7013,10.4533,13.8512,10.2195,10.5412,18.3951,22.009,22.009,31.6236,10.5412,0.0,2.087904,3.0,1.247477,27,146,58,3,0.16407309,0.01258756,0.02479038,0E-8,0.000000,0.909326,0.001376,-0.01459794,2026-03-22,2026-08-05,77,266,243,137,0.562044,0.754684,0.794934,0.546910,,,,,,,,GLOBAL_BASELINE_NO_ENTITY_RANKING,,,NOT_APPLICABLE_GLOBAL_BASELINE,HF9g-P5,,,,X 全窗基线 · 不参与实体赏罚,8390610,840,A168_HF9F_20260827_0900,2026-08-27 09:00:00
2026-04-12,94151214,529,0,58.8198089938,13.4505513039,13.4505513039,0.6666667,10,10,0.50128862000000000,0.501288620000,0.9922715754217412,0.9922715754217414,0.9922715754217412,0E-17,ELIGIBLE,R03b_20260811_FULL_v1,L1_ELIGIBILITY,v2026-08-11,2026-03-21..2026-08-06,baccarat_bet02_101_all_pairs_incl_sentinel,round_win = game_pnl > 0 (decisive only),COMPATIBILITY_ONLY_NOT_PRODUCTION,38226.7023,34760.5459,481.1811,2907,2903,-0.01258756,-0.02479038,-0.01019244,-0.01258756,-481.1811,38226.7023,OK,0.0000,19.2472,4.0000,96.0000,AG03-UNRESOLVED,ALL5_LEVELS_bet23_to_bet27,19.2472,19.2472,19.2472,28.8709,28.8709,4.000000,4.000000,4.000000,6.000000,6.000000,96.000000,96.000000,96.000000,94.000000,94.000000,5.0,115.4835,105.0165,365.6976,376.1646,PENDING_AG03,FALSE,NOT_FOR_ENFORCEMENT,461.9338,33370.1240,481.1811,461.9338,19.2472,0.01258756,0.01208406,19.2472,461.9338,0.01208406,19.2472,19.2472,19.2472,28.8709,28.8709,461.9338,0.01208406,115.4835,105.0165,365.6976,376.1646,0.00956655,0.00984036,0.00050350,13.1499,11.9740,0.1658,6.2491,1.8090,496.4507,37.7013,10.4533,13.8512,10.2195,10.5412,18.3951,22.009,22.009,31.6236,10.5412,0.0,2.087904,3.0,1.247477,27,146,58,3,0.16407309,0.01258756,0.02479038,0E-8,0.000000,0.909326,0.001376,-0.01459794,2026-03-22,2026-08-05,77,266,243,137,0.562044,0.754684,0.794934,0.546910,,,,,,,,GLOBAL_BASELINE_NO_ENTITY_RANKING,,,NOT_APPLICABLE_GLOBAL_BASELINE,HF9g-P5,,,,X 全窗基线 · 不参与实体赏罚,8390611,840,A168_HF9F_20260827_0900,2026-08-27 09:00:00
2026-04-12,94151214,595,0,21.0823688150,21.0823688150,21.0823688150,1.0000000,1,1,0.49324550000000000,0.493245500000,1.01360149184955,1.01360149184955,1.01360149184955,0E-17,ELIGIBLE,R03b_20260811_FULL_v1,L1_ELIGIBILITY,v2026-08-11,2026-03-21..2026-08-06,baccarat_bet02_101_all_pairs_incl_sentinel,round_win = game_pnl > 0 (decisive only),COMPATIBILITY_ONLY_NOT_PRODUCTION,38226.7023,34760.5459,481.1811,2907,2903,-0.01258756,-0.02479038,-0.01019244,-0.01258756,-481.1811,38226.7023,OK,0.0000,19.2472,4.0000,96.0000,AG03-UNRESOLVED,ALL5_LEVELS_bet23_to_bet27,19.2472,19.2472,19.2472,28.8709,28.8709,4.000000,4.000000,4.000000,6.000000,6.000000,96.000000,96.000000,96.000000,94.000000,94.000000,5.0,115.4835,105.0165,365.6976,376.1646,PENDING_AG03,FALSE,NOT_FOR_ENFORCEMENT,461.9338,33370.1240,481.1811,461.9338,19.2472,0.01258756,0.01208406,19.2472,461.9338,0.01208406,19.2472,19.2472,19.2472,28.8709,28.8709,461.9338,0.01208406,115.4835,105.0165,365.6976,376.1646,0.00956655,0.00984036,0.00050350,13.1499,11.9740,0.1658,6.2491,1.8090,496.4507,37.7013,10.4533,13.8512,10.2195,10.5412,18.3951,22.009,22.009,31.6236,10.5412,0.0,2.087904,3.0,1.247477,27,146,58,3,0.16407309,0.01258756,0.02479038,0E-8,0.000000,0.909326,0.001376,-0.01459794,2026-03-22,2026-08-05,77,266,243,137,0.562044,0.754684,0.794934,0.546910,,,,,,,,GLOBAL_BASELINE_NO_ENTITY_RANKING,,,NOT_APPLICABLE_GLOBAL_BASELINE,HF9g-P5,,,,X 全窗基线 · 不参与实体赏罚,8390612,840,A168_HF9F_20260827_0900,2026-08-27 09:00:00
2026-04-12,94151214,970,0,10.5411844075,-10.5411844075,-10.5411844075,0E-7,2,2,0.50665070000000000,0.506650700000,-1.4331513700195317,-1.4331513700195317,-1.4331513700195317,0E-17,ELIGIBLE,R03b_20260811_FULL_v1,L1_ELIGIBILITY,v2026-08-11,2026-03-21..2026-08-06,baccarat_bet02_101_all_pairs_incl_sentinel,round_win = game_pnl > 0 (decisive only),COMPATIBILITY_ONLY_NOT_PRODUCTION,38226.7023,34760.5459,481.1811,2907,2903,-0.01258756,-0.02479038,-0.01019244,-0.01258756,-481.1811,38226.7023,OK,0.0000,19.2472,4.0000,96.0000,AG03-UNRESOLVED,ALL5_LEVELS_bet23_to_bet27,19.2472,19.2472,19.2472,28.8709,28.8709,4.000000,4.000000,4.000000,6.000000,6.000000,96.000000,96.000000,96.000000,94.000000,94.000000,5.0,115.4835,105.0165,365.6976,376.1646,PENDING_AG03,FALSE,NOT_FOR_ENFORCEMENT,461.9338,33370.1240,481.1811,461.9338,19.2472,0.01258756,0.01208406,19.2472,461.9338,0.01208406,19.2472,19.2472,19.2472,28.8709,28.8709,461.9338,0.01208406,115.4835,105.0165,365.6976,376.1646,0.00956655,0.00984036,0.00050350,13.1499,11.9740,0.1658,6.2491,1.8090,496.4507,37.7013,10.4533,13.8512,10.2195,10.5412,18.3951,22.009,22.009,31.6236,10.5412,0.0,2.087904,3.0,1.247477,27,146,58,3,0.16407309,0.01258756,0.02479038,0E-8,0.000000,0.909326,0.001376,-0.01459794,2026-03-22,2026-08-05,77,266,243,137,0.562044,0.754684,0.794934,0.546910,,,,,,,,GLOBAL_BASELINE_NO_ENTITY_RANKING,,,NOT_APPLICABLE_GLOBAL_BASELINE,HF9g-P5,,,,X 全窗基线 · 不参与实体赏罚,8390613,840,A168_HF9F_20260827_0900,2026-08-27 09:00:00
2026-04-13,94151214,1507,0,250.8801888984,77.0560580187,77.0560580187,0.7142857,16,16,0.50078592500000000,0.500785925000,1.597688101026284,1.5976881010262842,1.597688101026284,0E-17,ELIGIBLE,R03b_20260811_FULL_v1,L1_ELIGIBILITY,v2026-08-11,2026-03-21..2026-08-06,baccarat_bet02_101_all_pairs_incl_sentinel,round_win = game_pnl > 0 (decisive only),COMPATIBILITY_ONLY_NOT_PRODUCTION,38226.7023,34760.5459,481.1811,2907,2903,-0.01258756,-0.02479038,-0.01019244,-0.01258756,-481.1811,38226.7023,OK,0.0000,19.2472,4.0000,96.0000,AG03-UNRESOLVED,ALL5_LEVELS_bet23_to_bet27,19.2472,19.2472,19.2472,28.8709,28.8709,4.000000,4.000000,4.000000,6.000000,6.000000,96.000000,96.000000,96.000000,94.000000,94.000000,5.0,115.4835,105.0165,365.6976,376.1646,PENDING_AG03,FALSE,NOT_FOR_ENFORCEMENT,461.9338,33370.1240,481.1811,461.9338,19.2472,0.01258756,0.01208406,19.2472,461.9338,0.01208406,19.2472,19.2472,19.2472,28.8709,28.8709,461.9338,0.01208406,115.4835,105.0165,365.6976,376.1646,0.00956655,0.00984036,0.00050350,13.1499,11.9740,0.1658,6.2491,1.8090,496.4507,37.7013,10.4533,13.8512,10.2195,10.5412,18.3951,22.009,22.009,31.6236,10.5412,0.0,2.087904,3.0,1.247477,27,146,58,3,0.16407309,0.01258756,0.02479038,0E-8,0.000000,0.909326,0.001376,-0.01459794,2026-03-22,2026-08-05,77,266,243,137,0.562044,0.754684,0.794934,0.546910,,,,,,,,GLOBAL_BASELINE_NO_ENTITY_RANKING,,,NOT_APPLICABLE_GLOBAL_BASELINE,HF9g-P5,,,,X 全窗基线 · 不参与实体赏罚,8390614,840,A168_HF9F_20260827_0900,2026-08-27 09:00:00
2026-04-14,94151214,1094,0,121.6452680625,-52.6005101934,-52.6005101934,0.2500000,9,9,0.50069283333333333,0.500692833333,-1.4181341810195505,-1.4181341810176638,-1.4181341810195505,3.3333E-13,ELIGIBLE,R03b_20260811_FULL_v1,L1_ELIGIBILITY,v2026-08-11,2026-03-21..2026-08-06,baccarat_bet02_101_all_pairs_incl_sentinel,round_win = game_pnl > 0 (decisive only),COMPATIBILITY_ONLY_NOT_PRODUCTION,38226.7023,34760.5459,481.1811,2907,2903,-0.01258756,-0.02479038,-0.01019244,-0.01258756,-481.1811,38226.7023,OK,0.0000,19.2472,4.0000,96.0000,AG03-UNRESOLVED,ALL5_LEVELS_bet23_to_bet27,19.2472,19.2472,19.2472,28.8709,28.8709,4.000000,4.000000,4.000000,6.000000,6.000000,96.000000,96.000000,96.000000,94.000000,94.000000,5.0,115.4835,105.0165,365.6976,376.1646,PENDING_AG03,FALSE,NOT_FOR_ENFORCEMENT,461.9338,33370.1240,481.1811,461.9338,19.2472,0.01258756,0.01208406,19.2472,461.9338,0.01208406,19.2472,19.2472,19.2472,28.8709,28.8709,461.9338,0.01208406,115.4835,105.0165,365.6976,376.1646,0.00956655,0.00984036,0.00050350,13.1499,11.9740,0.1658,6.2491,1.8090,496.4507,37.7013,10.4533,13.8512,10.2195,10.5412,18.3951,22.009,22.009,31.6236,10.5412,0.0,2.087904,3.0,1.247477,27,146,58,3,0.16407309,0.01258756,0.02479038,0E-8,0.000000,0.909326,0.001376,-0.01459794,2026-03-22,2026-08-05,77,266,243,137,0.562044,0.754684,0.794934,0.546910,,,,,,,,GLOBAL_BASELINE_NO_ENTITY_RANKING,,,NOT_APPLICABLE_GLOBAL_BASELINE,HF9g-P5,,,,X 全窗基线 · 不参与实体赏罚,8390615,840,A168_HF9F_20260827_0900,2026-08-27 09:00:00
2026-04-14,94151214,1157,0,132.8189235345,-42.0593257860,-42.0593257860,0.4000000,10,10,0.50396966000000000,0.503969660000,-0.6575825912698547,-0.6575825912698547,-0.6575825912698547,0E-17,ELIGIBLE,R03b_20260811_FULL_v1,L1_ELIGIBILITY,v2026-08-11,2026-03-21..2026-08-06,baccarat_bet02_101_all_pairs_incl_sentinel,round_win = game_pnl > 0 (decisive only),COMPATIBILITY_ONLY_NOT_PRODUCTION,38226.7023,34760.5459,481.1811,2907,2903,-0.01258756,-0.02479038,-0.01019244,-0.01258756,-481.1811,38226.7023,OK,0.0000,19.2472,4.0000,96.0000,AG03-UNRESOLVED,ALL5_LEVELS_bet23_to_bet27,19.2472,19.2472,19.2472,28.8709,28.8709,4.000000,4.000000,4.000000,6.000000,6.000000,96.000000,96.000000,96.000000,94.000000,94.000000,5.0,115.4835,105.0165,365.6976,376.1646,PENDING_AG03,FALSE,NOT_FOR_ENFORCEMENT,461.9338,33370.1240,481.1811,461.9338,19.2472,0.01258756,0.01208406,19.2472,461.9338,0.01208406,19.2472,19.2472,19.2472,28.8709,28.8709,461.9338,0.01208406,115.4835,105.0165,365.6976,376.1646,0.00956655,0.00984036,0.00050350,13.1499,11.9740,0.1658,6.2491,1.8090,496.4507,37.7013,10.4533,13.8512,10.2195,10.5412,18.3951,22.009,22.009,31.6236,10.5412,0.0,2.087904,3.0,1.247477,27,146,58,3,0.16407309,0.01258756,0.02479038,0E-8,0.000000,0.909326,0.001376,-0.01459794,2026-03-22,2026-08-05,77,266,243,137,0.562044,0.754684,0.794934,0.546910,,,,,,,,GLOBAL_BASELINE_NO_ENTITY_RANKING,,,NOT_APPLICABLE_GLOBAL_BASELINE,HF9g-P5,,,,X 全窗基线 · 不参与实体赏罚,8390616,840,A168_HF9F_20260827_0900,2026-08-27 09:00:00
2026-04-14,94151214,1405,0,52.7059220375,-21.6094280354,-21.6094280354,0.3333333,4,4,0.50329940000000000,0.503299400000,-0.5887925454369916,-0.5887925454369916,-0.5887925454369916,0E-17,ELIGIBLE,R03b_20260811_FULL_v1,L1_ELIGIBILITY,v2026-08-11,2026-03-21..2026-08-06,baccarat_bet02_101_all_pairs_incl_sentinel,round_win = game_pnl > 0 (decisive only),COMPATIBILITY_ONLY_NOT_PRODUCTION,38226.7023,34760.5459,481.1811,2907,2903,-0.01258756,-0.02479038,-0.01019244,-0.01258756,-481.1811,38226.7023,OK,0.0000,19.2472,4.0000,96.0000,AG03-UNRESOLVED,ALL5_LEVELS_bet23_to_bet27,19.2472,19.2472,19.2472,28.8709,28.8709,4.000000,4.000000,4.000000,6.000000,6.000000,96.000000,96.000000,96.000000,94.000000,94.000000,5.0,115.4835,105.0165,365.6976,376.1646,PENDING_AG03,FALSE,NOT_FOR_ENFORCEMENT,461.9338,33370.1240,481.1811,461.9338,19.2472,0.01258756,0.01208406,19.2472,461.9338,0.01208406,19.2472,19.2472,19.2472,28.8709,28.8709,461.9338,0.01208406,115.4835,105.0165,365.6976,376.1646,0.00956655,0.00984036,0.00050350,13.1499,11.9740,0.1658,6.2491,1.8090,496.4507,37.7013,10.4533,13.8512,10.2195,10.5412,18.3951,22.009,22.009,31.6236,10.5412,0.0,2.087904,3.0,1.247477,27,146,58,3,0.16407309,0.01258756,0.02479038,0E-8,0.000000,0.909326,0.001376,-0.01459794,2026-03-22,2026-08-05,77,266,243,137,0.562044,0.754684,0.794934,0.546910,,,,,,,,GLOBAL_BASELINE_NO_ENTITY_RANKING,,,NOT_APPLICABLE_GLOBAL_BASELINE,HF9g-P5,,,,X 全窗基线 · 不参与实体赏罚,8390617,840,A168_HF9F_20260827_0900,2026-08-27 09:00:00
2026-04-14,94151214,1702,0,495.0140197762,-8.9389243780,-8.9389243780,0.5172414,31,31,0.50275886774193548,0.502758867742,0.15598379774724389,0.15598379774654908,0.15598379774724389,-6.452E-14,ELIGIBLE,R03b_20260811_FULL_v1,L1_ELIGIBILITY,v2026-08-11,2026-03-21..2026-08-06,baccarat_bet02_101_all_pairs_incl_sentinel,round_win = game_pnl > 0 (decisive only),COMPATIBILITY_ONLY_NOT_PRODUCTION,38226.7023,34760.5459,481.1811,2907,2903,-0.01258756,-0.02479038,-0.01019244,-0.01258756,-481.1811,38226.7023,OK,0.0000,19.2472,4.0000,96.0000,AG03-UNRESOLVED,ALL5_LEVELS_bet23_to_bet27,19.2472,19.2472,19.2472,28.8709,28.8709,4.000000,4.000000,4.000000,6.000000,6.000000,96.000000,96.000000,96.000000,94.000000,94.000000,5.0,115.4835,105.0165,365.6976,376.1646,PENDING_AG03,FALSE,NOT_FOR_ENFORCEMENT,461.9338,33370.1240,481.1811,461.9338,19.2472,0.01258756,0.01208406,19.2472,461.9338,0.01208406,19.2472,19.2472,19.2472,28.8709,28.8709,461.9338,0.01208406,115.4835,105.0165,365.6976,376.1646,0.00956655,0.00984036,0.00050350,13.1499,11.9740,0.1658,6.2491,1.8090,496.4507,37.7013,10.4533,13.8512,10.2195,10.5412,18.3951,22.009,22.009,31.6236,10.5412,0.0,2.087904,3.0,1.247477,27,146,58,3,0.16407309,0.01258756,0.02479038,0E-8,0.000000,0.909326,0.001376,-0.01459794,2026-03-22,2026-08-05,77,266,243,137,0.562044,0.754684,0.794934,0.546910,,,,,,,,GLOBAL_BASELINE_NO_ENTITY_RANKING,,,NOT_APPLICABLE_GLOBAL_BASELINE,HF9g-P5,,,,X 全窗基线 · 不参与实体赏罚,8390618,840,A168_HF9F_20260827_0900,2026-08-27 09:00:00
2026-04-14,94151214,1947,0,21.7148398794,-21.7148398794,-21.7148398794,0E-7,1,1,0.50665070000000000,0.506650700000,-1.013391052207602,-1.013391052207602,-1.013391052207602,0E-17,ELIGIBLE,R03b_20260811_FULL_v1,L1_ELIGIBILITY,v2026-08-11,2026-03-21..2026-08-06,baccarat_bet02_101_all_pairs_incl_sentinel,round_win = game_pnl > 0 (decisive only),COMPATIBILITY_ONLY_NOT_PRODUCTION,38226.7023,34760.5459,481.1811,2907,2903,-0.01258756,-0.02479038,-0.01019244,-0.01258756,-481.1811,38226.7023,OK,0.0000,19.2472,4.0000,96.0000,AG03-UNRESOLVED,ALL5_LEVELS_bet23_to_bet27,19.2472,19.2472,19.2472,28.8709,28.8709,4.000000,4.000000,4.000000,6.000000,6.000000,96.000000,96.000000,96.000000,94.000000,94.000000,5.0,115.4835,105.0165,365.6976,376.1646,PENDING_AG03,FALSE,NOT_FOR_ENFORCEMENT,461.9338,33370.1240,481.1811,461.9338,19.2472,0.01258756,0.01208406,19.2472,461.9338,0.01208406,19.2472,19.2472,19.2472,28.8709,28.8709,461.9338,0.01208406,115.4835,105.0165,365.6976,376.1646,0.00956655,0.00984036,0.00050350,13.1499,11.9740,0.1658,6.2491,1.8090,496.4507,37.7013,10.4533,13.8512,10.2195,10.5412,18.3951,22.009,22.009,31.6236,10.5412,0.0,2.087904,3.0,1.247477,27,146,58,3,0.16407309,0.01258756,0.02479038,0E-8,0.000000,0.909326,0.001376,-0.01459794,2026-03-22,2026-08-05,77,266,243,137,0.562044,0.754684,0.794934,0.546910,,,,,,,,GLOBAL_BASELINE_NO_ENTITY_RANKING,,,NOT_APPLICABLE_GLOBAL_BASELINE,HF9g-P5,,,,X 全窗基线 · 不参与实体赏罚,8390619,840,A168_HF9F_20260827_0900,2026-08-27 09:00:00
2026-04-14,94151214,2222,0,64.3012248857,-64.3012248857,-64.3012248857,0E-7,5,5,0.50128862000000000,0.501288620000,-2.241838306677593,-2.241838306677593,-2.241838306677593,0E-17,ELIGIBLE,R03b_20260811_FULL_v1,L1_ELIGIBILITY,v2026-08-11,2026-03-21..2026-08-06,baccarat_bet02_101_all_pairs_incl_sentinel,round_win = game_pnl > 0 (decisive only),COMPATIBILITY_ONLY_NOT_PRODUCTION,38226.7023,34760.5459,481.1811,2907,2903,-0.01258756,-0.02479038,-0.01019244,-0.01258756,-481.1811,38226.7023,OK,0.0000,19.2472,4.0000,96.0000,AG03-UNRESOLVED,ALL5_LEVELS_bet23_to_bet27,19.2472,19.2472,19.2472,28.8709,28.8709,4.000000,4.000000,4.000000,6.000000,6.000000,96.000000,96.000000,96.000000,94.000000,94.000000,5.0,115.4835,105.0165,365.6976,376.1646,PENDING_AG03,FALSE,NOT_FOR_ENFORCEMENT,461.9338,33370.1240,481.1811,461.9338,19.2472,0.01258756,0.01208406,19.2472,461.9338,0.01208406,19.2472,19.2472,19.2472,28.8709,28.8709,461.9338,0.01208406,115.4835,105.0165,365.6976,376.1646,0.00956655,0.00984036,0.00050350,13.1499,11.9740,0.1658,6.2491,1.8090,496.4507,37.7013,10.4533,13.8512,10.2195,10.5412,18.3951,22.009,22.009,31.6236,10.5412,0.0,2.087904,3.0,1.247477,27,146,58,3,0.16407309,0.01258756,0.02479038,0E-8,0.000000,0.909326,0.001376,-0.01459794,2026-03-22,2026-08-05,77,266,243,137,0.562044,0.754684,0.794934,0.546910,,,,,,,,GLOBAL_BASELINE_NO_ENTITY_RANKING,,,NOT_APPLICABLE_GLOBAL_BASELINE,HF9g-P5,,,,X 全窗基线 · 不参与实体赏罚,8390620,840,A168_HF9F_20260827_0900,2026-08-27 09:00:00
2026-04-14,94151214,2248,0,109.6283178380,21.9256635675,21.9256635675,0.5555556,9,9,0.50665070000000000,0.506650700000,0.2934550945819589,0.2934550945819589,0.2934550945819589,0E-17,ELIGIBLE,R03b_20260811_FULL_v1,L1_ELIGIBILITY,v2026-08-11,2026-03-21..2026-08-06,baccarat_bet02_101_all_pairs_incl_sentinel,round_win = game_pnl > 0 (decisive only),COMPATIBILITY_ONLY_NOT_PRODUCTION,38226.7023,34760.5459,481.1811,2907,2903,-0.01258756,-0.02479038,-0.01019244,-0.01258756,-481.1811,38226.7023,OK,0.0000,19.2472,4.0000,96.0000,AG03-UNRESOLVED,ALL5_LEVELS_bet23_to_bet27,19.2472,19.2472,19.2472,28.8709,28.8709,4.000000,4.000000,4.000000,6.000000,6.000000,96.000000,96.000000,96.000000,94.000000,94.000000,5.0,115.4835,105.0165,365.6976,376.1646,PENDING_AG03,FALSE,NOT_FOR_ENFORCEMENT,461.9338,33370.1240,481.1811,461.9338,19.2472,0.01258756,0.01208406,19.2472,461.9338,0.01208406,19.2472,19.2472,19.2472,28.8709,28.8709,461.9338,0.01208406,115.4835,105.0165,365.6976,376.1646,0.00956655,0.00984036,0.00050350,13.1499,11.9740,0.1658,6.2491,1.8090,496.4507,37.7013,10.4533,13.8512,10.2195,10.5412,18.3951,22.009,22.009,31.6236,10.5412,0.0,2.087904,3.0,1.247477,27,146,58,3,0.16407309,0.01258756,0.02479038,0E-8,0.000000,0.909326,0.001376,-0.01459794,2026-03-22,2026-08-05,77,266,243,137,0.562044,0.754684,0.794934,0.546910,,,,,,,,GLOBAL_BASELINE_NO_ENTITY_RANKING,,,NOT_APPLICABLE_GLOBAL_BASELINE,HF9g-P5,,,,X 全窗基线 · 不参与实体赏罚,8390621,840,A168_HF9F_20260827_0900,2026-08-27 09:00:00
2026-04-14,94151214,471,0,10.5411844075,10.0141251871,10.0141251871,1.0000000,1,1,0.50665070000000000,0.506650700000,0.9867858985152569,0.9867858985152569,0.9867858985152569,0E-17,ELIGIBLE,R03b_20260811_FULL_v1,L1_ELIGIBILITY,v2026-08-11,2026-03-21..2026-08-06,baccarat_bet02_101_all_pairs_incl_sentinel,round_win = game_pnl > 0 (decisive only),COMPATIBILITY_ONLY_NOT_PRODUCTION,38226.7023,34760.5459,481.1811,2907,2903,-0.01258756,-0.02479038,-0.01019244,-0.01258756,-481.1811,38226.7023,OK,0.0000,19.2472,4.0000,96.0000,AG03-UNRESOLVED,ALL5_LEVELS_bet23_to_bet27,19.2472,19.2472,19.2472,28.8709,28.8709,4.000000,4.000000,4.000000,6.000000,6.000000,96.000000,96.000000,96.000000,94.000000,94.000000,5.0,115.4835,105.0165,365.6976,376.1646,PENDING_AG03,FALSE,NOT_FOR_ENFORCEMENT,461.9338,33370.1240,481.1811,461.9338,19.2472,0.01258756,0.01208406,19.2472,461.9338,0.01208406,19.2472,19.2472,19.2472,28.8709,28.8709,461.9338,0.01208406,115.4835,105.0165,365.6976,376.1646,0.00956655,0.00984036,0.00050350,13.1499,11.9740,0.1658,6.2491,1.8090,496.4507,37.7013,10.4533,13.8512,10.2195,10.5412,18.3951,22.009,22.009,31.6236,10.5412,0.0,2.087904,3.0,1.247477,27,146,58,3,0.16407309,0.01258756,0.02479038,0E-8,0.000000,0.909326,0.001376,-0.01459794,2026-03-22,2026-08-05,77,266,243,137,0.562044,0.754684,0.794934,0.546910,,,,,,,,GLOBAL_BASELINE_NO_ENTITY_RANKING,,,NOT_APPLICABLE_GLOBAL_BASELINE,HF9g-P5,,,,X 全窗基线 · 不参与实体赏罚,8390622,840,A168_HF9F_20260827_0900,2026-08-27 09:00:00
2026-04-14,94151214,583,0,10.5411844075,10.5411844075,10.5411844075,1.0000000,1,1,0.49324550000000000,0.493245500000,1.01360149184955,1.01360149184955,1.01360149184955,0E-17,ELIGIBLE,R03b_20260811_FULL_v1,L1_ELIGIBILITY,v2026-08-11,2026-03-21..2026-08-06,baccarat_bet02_101_all_pairs_incl_sentinel,round_win = game_pnl > 0 (decisive only),COMPATIBILITY_ONLY_NOT_PRODUCTION,38226.7023,34760.5459,481.1811,2907,2903,-0.01258756,-0.02479038,-0.01019244,-0.01258756,-481.1811,38226.7023,OK,0.0000,19.2472,4.0000,96.0000,AG03-UNRESOLVED,ALL5_LEVELS_bet23_to_bet27,19.2472,19.2472,19.2472,28.8709,28.8709,4.000000,4.000000,4.000000,6.000000,6.000000,96.000000,96.000000,96.000000,94.000000,94.000000,5.0,115.4835,105.0165,365.6976,376.1646,PENDING_AG03,FALSE,NOT_FOR_ENFORCEMENT,461.9338,33370.1240,481.1811,461.9338,19.2472,0.01258756,0.01208406,19.2472,461.9338,0.01208406,19.2472,19.2472,19.2472,28.8709,28.8709,461.9338,0.01208406,115.4835,105.0165,365.6976,376.1646,0.00956655,0.00984036,0.00050350,13.1499,11.9740,0.1658,6.2491,1.8090,496.4507,37.7013,10.4533,13.8512,10.2195,10.5412,18.3951,22.009,22.009,31.6236,10.5412,0.0,2.087904,3.0,1.247477,27,146,58,3,0.16407309,0.01258756,0.02479038,0E-8,0.000000,0.909326,0.001376,-0.01459794,2026-03-22,2026-08-05,77,266,243,137,0.562044,0.754684,0.794934,0.546910,,,,,,,,GLOBAL_BASELINE_NO_ENTITY_RANKING,,,NOT_APPLICABLE_GLOBAL_BASELINE,HF9g-P5,,,,X 全窗基线 · 不参与实体赏罚,8390623,840,A168_HF9F_20260827_0900,2026-08-27 09:00:00
2026-04-15,94151214,1363,0,12.4385976008,-8.2221238378,-8.2221238378,0.3333333,3,3,0.49771390000000000,0.497713900000,-0.5694369385616226,-0.5694369385616226,-0.5694369385616226,0E-17,ELIGIBLE,R03b_20260811_FULL_v1,L1_ELIGIBILITY,v2026-08-11,2026-03-21..2026-08-06,baccarat_bet02_101_all_pairs_incl_sentinel,round_win = game_pnl > 0 (decisive only),COMPATIBILITY_ONLY_NOT_PRODUCTION,38226.7023,34760.5459,481.1811,2907,2903,-0.01258756,-0.02479038,-0.01019244,-0.01258756,-481.1811,38226.7023,OK,0.0000,19.2472,4.0000,96.0000,AG03-UNRESOLVED,ALL5_LEVELS_bet23_to_bet27,19.2472,19.2472,19.2472,28.8709,28.8709,4.000000,4.000000,4.000000,6.000000,6.000000,96.000000,96.000000,96.000000,94.000000,94.000000,5.0,115.4835,105.0165,365.6976,376.1646,PENDING_AG03,FALSE,NOT_FOR_ENFORCEMENT,461.9338,33370.1240,481.1811,461.9338,19.2472,0.01258756,0.01208406,19.2472,461.9338,0.01208406,19.2472,19.2472,19.2472,28.8709,28.8709,461.9338,0.01208406,115.4835,105.0165,365.6976,376.1646,0.00956655,0.00984036,0.00050350,13.1499,11.9740,0.1658,6.2491,1.8090,496.4507,37.7013,10.4533,13.8512,10.2195,10.5412,18.3951,22.009,22.009,31.6236,10.5412,0.0,2.087904,3.0,1.247477,27,146,58,3,0.16407309,0.01258756,0.02479038,0E-8,0.000000,0.909326,0.001376,-0.01459794,2026-03-22,2026-08-05,77,266,243,137,0.562044,0.754684,0.794934,0.546910,,,,,,,,GLOBAL_BASELINE_NO_ENTITY_RANKING,,,NOT_APPLICABLE_GLOBAL_BASELINE,HF9g-P5,,,,X 全窗基线 · 不参与实体赏罚,8390624,840,A168_HF9F_20260827_0900,2026-08-27 09:00:00
2026-04-15,94151214,1400,0,88.3351253347,-42.1541964456,-42.1541964456,0.2857143,8,8,0.50497505000000000,0.504975050000,-1.1602763468535837,-1.1602763468535837,-1.1602763468535837,0E-17,ELIGIBLE,R03b_20260811_FULL_v1,L1_ELIGIBILITY,v2026-08-11,2026-03-21..2026-08-06,baccarat_bet02_101_all_pairs_incl_sentinel,round_win = game_pnl > 0 (decisive only),COMPATIBILITY_ONLY_NOT_PRODUCTION,38226.7023,34760.5459,481.1811,2907,2903,-0.01258756,-0.02479038,-0.01019244,-0.01258756,-481.1811,38226.7023,OK,0.0000,19.2472,4.0000,96.0000,AG03-UNRESOLVED,ALL5_LEVELS_bet23_to_bet27,19.2472,19.2472,19.2472,28.8709,28.8709,4.000000,4.000000,4.000000,6.000000,6.000000,96.000000,96.000000,96.000000,94.000000,94.000000,5.0,115.4835,105.0165,365.6976,376.1646,PENDING_AG03,FALSE,NOT_FOR_ENFORCEMENT,461.9338,33370.1240,481.1811,461.9338,19.2472,0.01258756,0.01208406,19.2472,461.9338,0.01208406,19.2472,19.2472,19.2472,28.8709,28.8709,461.9338,0.01208406,115.4835,105.0165,365.6976,376.1646,0.00956655,0.00984036,0.00050350,13.1499,11.9740,0.1658,6.2491,1.8090,496.4507,37.7013,10.4533,13.8512,10.2195,10.5412,18.3951,22.009,22.009,31.6236,10.5412,0.0,2.087904,3.0,1.247477,27,146,58,3,0.16407309,0.01258756,0.02479038,0E-8,0.000000,0.909326,0.001376,-0.01459794,2026-03-22,2026-08-05,77,266,243,137,0.562044,0.754684,0.794934,0.546910,,,,,,,,GLOBAL_BASELINE_NO_ENTITY_RANKING,,,NOT_APPLICABLE_GLOBAL_BASELINE,HF9g-P5,,,,X 全窗基线 · 不参与实体赏罚,8390625,840,A168_HF9F_20260827_0900,2026-08-27 09:00:00
2026-04-16,94151214,1157,0,48.2786245863,-31.4127295343,-31.4127295343,0.2500000,4,4,0.50329940000000000,0.503299400000,-1.013219660140378,-1.013219660140378,-1.013219660140378,0E-17,ELIGIBLE,R03b_20260811_FULL_v1,L1_ELIGIBILITY,v2026-08-11,2026-03-21..2026-08-06,baccarat_bet02_101_all_pairs_incl_sentinel,round_win = game_pnl > 0 (decisive only),COMPATIBILITY_ONLY_NOT_PRODUCTION,38226.7023,34760.5459,481.1811,2907,2903,-0.01258756,-0.02479038,-0.01019244,-0.01258756,-481.1811,38226.7023,OK,0.0000,19.2472,4.0000,96.0000,AG03-UNRESOLVED,ALL5_LEVELS_bet23_to_bet27,19.2472,19.2472,19.2472,28.8709,28.8709,4.000000,4.000000,4.000000,6.000000,6.000000,96.000000,96.000000,96.000000,94.000000,94.000000,5.0,115.4835,105.0165,365.6976,376.1646,PENDING_AG03,FALSE,NOT_FOR_ENFORCEMENT,461.9338,33370.1240,481.1811,461.9338,19.2472,0.01258756,0.01208406,19.2472,461.9338,0.01208406,19.2472,19.2472,19.2472,28.8709,28.8709,461.9338,0.01208406,115.4835,105.0165,365.6976,376.1646,0.00956655,0.00984036,0.00050350,13.1499,11.9740,0.1658,6.2491,1.8090,496.4507,37.7013,10.4533,13.8512,10.2195,10.5412,18.3951,22.009,22.009,31.6236,10.5412,0.0,2.087904,3.0,1.247477,27,146,58,3,0.16407309,0.01258756,0.02479038,0E-8,0.000000,0.909326,0.001376,-0.01459794,2026-03-22,2026-08-05,77,266,243,137,0.562044,0.754684,0.794934,0.546910,,,,,,,,GLOBAL_BASELINE_NO_ENTITY_RANKING,,,NOT_APPLICABLE_GLOBAL_BASELINE,HF9g-P5,,,,X 全窗基线 · 不参与实体赏罚,8390626,840,A168_HF9F_20260827_0900,2026-08-27 09:00:00
2026-04-16,94151214,1363,0,21.0823688150,20.0282503742,20.0282503742,1.0000000,2,2,0.50665070000000000,0.506650700000,1.3955260008387969,1.3955260008387969,1.3955260008387969,0E-17,ELIGIBLE,R03b_20260811_FULL_v1,L1_ELIGIBILITY,v2026-08-11,2026-03-21..2026-08-06,baccarat_bet02_101_all_pairs_incl_sentinel,round_win = game_pnl > 0 (decisive only),COMPATIBILITY_ONLY_NOT_PRODUCTION,38226.7023,34760.5459,481.1811,2907,2903,-0.01258756,-0.02479038,-0.01019244,-0.01258756,-481.1811,38226.7023,OK,0.0000,19.2472,4.0000,96.0000,AG03-UNRESOLVED,ALL5_LEVELS_bet23_to_bet27,19.2472,19.2472,19.2472,28.8709,28.8709,4.000000,4.000000,4.000000,6.000000,6.000000,96.000000,96.000000,96.000000,94.000000,94.000000,5.0,115.4835,105.0165,365.6976,376.1646,PENDING_AG03,FALSE,NOT_FOR_ENFORCEMENT,461.9338,33370.1240,481.1811,461.9338,19.2472,0.01258756,0.01208406,19.2472,461.9338,0.01208406,19.2472,19.2472,19.2472,28.8709,28.8709,461.9338,0.01208406,115.4835,105.0165,365.6976,376.1646,0.00956655,0.00984036,0.00050350,13.1499,11.9740,0.1658,6.2491,1.8090,496.4507,37.7013,10.4533,13.8512,10.2195,10.5412,18.3951,22.009,22.009,31.6236,10.5412,0.0,2.087904,3.0,1.247477,27,146,58,3,0.16407309,0.01258756,0.02479038,0E-8,0.000000,0.909326,0.001376,-0.01459794,2026-03-22,2026-08-05,77,266,243,137,0.562044,0.754684,0.794934,0.546910,,,,,,,,GLOBAL_BASELINE_NO_ENTITY_RANKING,,,NOT_APPLICABLE_GLOBAL_BASELINE,HF9g-P5,,,,X 全窗基线 · 不参与实体赏罚,8390627,840,A168_HF9F_20260827_0900,2026-08-27 09:00:00
2026-04-16,94151214,1646,0,42.1647376300,-10.5411844075,-10.5411844075,0.3333333,4,4,0.49659680000000000,0.496596800000,-0.5655743394288276,-0.5655743394288276,-0.5655743394288276,0E-17,ELIGIBLE,R03b_20260811_FULL_v1,L1_ELIGIBILITY,v2026-08-11,2026-03-21..2026-08-06,baccarat_bet02_101_all_pairs_incl_sentinel,round_win = game_pnl > 0 (decisive only),COMPATIBILITY_ONLY_NOT_PRODUCTION,38226.7023,34760.5459,481.1811,2907,2903,-0.01258756,-0.02479038,-0.01019244,-0.01258756,-481.1811,38226.7023,OK,0.0000,19.2472,4.0000,96.0000,AG03-UNRESOLVED,ALL5_LEVELS_bet23_to_bet27,19.2472,19.2472,19.2472,28.8709,28.8709,4.000000,4.000000,4.000000,6.000000,6.000000,96.000000,96.000000,96.000000,94.000000,94.000000,5.0,115.4835,105.0165,365.6976,376.1646,PENDING_AG03,FALSE,NOT_FOR_ENFORCEMENT,461.9338,33370.1240,481.1811,461.9338,19.2472,0.01258756,0.01208406,19.2472,461.9338,0.01208406,19.2472,19.2472,19.2472,28.8709,28.8709,461.9338,0.01208406,115.4835,105.0165,365.6976,376.1646,0.00956655,0.00984036,0.00050350,13.1499,11.9740,0.1658,6.2491,1.8090,496.4507,37.7013,10.4533,13.8512,10.2195,10.5412,18.3951,22.009,22.009,31.6236,10.5412,0.0,2.087904,3.0,1.247477,27,146,58,3,0.16407309,0.01258756,0.02479038,0E-8,0.000000,0.909326,0.001376,-0.01459794,2026-03-22,2026-08-05,77,266,243,137,0.562044,0.754684,0.794934,0.546910,,,,,,,,GLOBAL_BASELINE_NO_ENTITY_RANKING,,,NOT_APPLICABLE_GLOBAL_BASELINE,HF9g-P5,,,,X 全窗基线 · 不参与实体赏罚,8390628,840,A168_HF9F_20260827_0900,2026-08-27 09:00:00
2026-04-16,94151214,2134,0,10.5411844075,-10.5411844075,-10.5411844075,0E-7,1,1,0.50665070000000000,0.506650700000,-1.013391052207602,-1.013391052207602,-1.013391052207602,0E-17,ELIGIBLE,R03b_20260811_FULL_v1,L1_ELIGIBILITY,v2026-08-11,2026-03-21..2026-08-06,baccarat_bet02_101_all_pairs_incl_sentinel,round_win = game_pnl > 0 (decisive only),COMPATIBILITY_ONLY_NOT_PRODUCTION,38226.7023,34760.5459,481.1811,2907,2903,-0.01258756,-0.02479038,-0.01019244,-0.01258756,-481.1811,38226.7023,OK,0.0000,19.2472,4.0000,96.0000,AG03-UNRESOLVED,ALL5_LEVELS_bet23_to_bet27,19.2472,19.2472,19.2472,28.8709,28.8709,4.000000,4.000000,4.000000,6.000000,6.000000,96.000000,96.000000,96.000000,94.000000,94.000000,5.0,115.4835,105.0165,365.6976,376.1646,PENDING_AG03,FALSE,NOT_FOR_ENFORCEMENT,461.9338,33370.1240,481.1811,461.9338,19.2472,0.01258756,0.01208406,19.2472,461.9338,0.01208406,19.2472,19.2472,19.2472,28.8709,28.8709,461.9338,0.01208406,115.4835,105.0165,365.6976,376.1646,0.00956655,0.00984036,0.00050350,13.1499,11.9740,0.1658,6.2491,1.8090,496.4507,37.7013,10.4533,13.8512,10.2195,10.5412,18.3951,22.009,22.009,31.6236,10.5412,0.0,2.087904,3.0,1.247477,27,146,58,3,0.16407309,0.01258756,0.02479038,0E-8,0.000000,0.909326,0.001376,-0.01459794,2026-03-22,2026-08-05,77,266,243,137,0.562044,0.754684,0.794934,0.546910,,,,,,,,GLOBAL_BASELINE_NO_ENTITY_RANKING,,,NOT_APPLICABLE_GLOBAL_BASELINE,HF9g-P5,,,,X 全窗基线 · 不参与实体赏罚,8390629,840,A168_HF9F_20260827_0900,2026-08-27 09:00:00
2026-04-16,94151214,471,0,107.5200809565,0.4216473762,0.4216473762,0.5000000,10,10,0.49994810000000000,0.499948100000,0.0003282444228938027,0.0003282444228938027,0.0003282444228938027,0E-17,ELIGIBLE,R03b_20260811_FULL_v1,L1_ELIGIBILITY,v2026-08-11,2026-03-21..2026-08-06,baccarat_bet02_101_all_pairs_incl_sentinel,round_win = game_pnl > 0 (decisive only),COMPATIBILITY_ONLY_NOT_PRODUCTION,38226.7023,34760.5459,481.1811,2907,2903,-0.01258756,-0.02479038,-0.01019244,-0.01258756,-481.1811,38226.7023,OK,0.0000,19.2472,4.0000,96.0000,AG03-UNRESOLVED,ALL5_LEVELS_bet23_to_bet27,19.2472,19.2472,19.2472,28.8709,28.8709,4.000000,4.000000,4.000000,6.000000,6.000000,96.000000,96.000000,96.000000,94.000000,94.000000,5.0,115.4835,105.0165,365.6976,376.1646,PENDING_AG03,FALSE,NOT_FOR_ENFORCEMENT,461.9338,33370.1240,481.1811,461.9338,19.2472,0.01258756,0.01208406,19.2472,461.9338,0.01208406,19.2472,19.2472,19.2472,28.8709,28.8709,461.9338,0.01208406,115.4835,105.0165,365.6976,376.1646,0.00956655,0.00984036,0.00050350,13.1499,11.9740,0.1658,6.2491,1.8090,496.4507,37.7013,10.4533,13.8512,10.2195,10.5412,18.3951,22.009,22.009,31.6236,10.5412,0.0,2.087904,3.0,1.247477,27,146,58,3,0.16407309,0.01258756,0.02479038,0E-8,0.000000,0.909326,0.001376,-0.01459794,2026-03-22,2026-08-05,77,266,243,137,0.562044,0.754684,0.794934,0.546910,,,,,,,,GLOBAL_BASELINE_NO_ENTITY_RANKING,,,NOT_APPLICABLE_GLOBAL_BASELINE,HF9g-P5,,,,X 全窗基线 · 不参与实体赏罚,8390630,840,A168_HF9F_20260827_0900,2026-08-27 09:00:00
2026-04-16,94151214,772,0,406.8897181295,0.9487065965,0.9487065965,0.5500000,24,24,0.49994810000000000,0.499948100000,0.44767780562382575,0.44767780562382575,0.44767780562382575,0E-17,ELIGIBLE,R03b_20260811_FULL_v1,L1_ELIGIBILITY,v2026-08-11,2026-03-21..2026-08-06,baccarat_bet02_101_all_pairs_incl_sentinel,round_win = game_pnl > 0 (decisive only),COMPATIBILITY_ONLY_NOT_PRODUCTION,38226.7023,34760.5459,481.1811,2907,2903,-0.01258756,-0.02479038,-0.01019244,-0.01258756,-481.1811,38226.7023,OK,0.0000,19.2472,4.0000,96.0000,AG03-UNRESOLVED,ALL5_LEVELS_bet23_to_bet27,19.2472,19.2472,19.2472,28.8709,28.8709,4.000000,4.000000,4.000000,6.000000,6.000000,96.000000,96.000000,96.000000,94.000000,94.000000,5.0,115.4835,105.0165,365.6976,376.1646,PENDING_AG03,FALSE,NOT_FOR_ENFORCEMENT,461.9338,33370.1240,481.1811,461.9338,19.2472,0.01258756,0.01208406,19.2472,461.9338,0.01208406,19.2472,19.2472,19.2472,28.8709,28.8709,461.9338,0.01208406,115.4835,105.0165,365.6976,376.1646,0.00956655,0.00984036,0.00050350,13.1499,11.9740,0.1658,6.2491,1.8090,496.4507,37.7013,10.4533,13.8512,10.2195,10.5412,18.3951,22.009,22.009,31.6236,10.5412,0.0,2.087904,3.0,1.247477,27,146,58,3,0.16407309,0.01258756,0.02479038,0E-8,0.000000,0.909326,0.001376,-0.01459794,2026-03-22,2026-08-05,77,266,243,137,0.562044,0.754684,0.794934,0.546910,,,,,,,,GLOBAL_BASELINE_NO_ENTITY_RANKING,,,NOT_APPLICABLE_GLOBAL_BASELINE,HF9g-P5,,,,X 全窗基线 · 不参与实体赏罚,8390631,840,A168_HF9F_20260827_0900,2026-08-27 09:00:00
2026-04-16,94151214,919,0,52.7059220375,-11.0682436279,-11.0682436279,0.4000000,5,5,0.49860758000000000,0.498607580000,-0.440988213962219,-0.440988213962219,-0.440988213962219,0E-17,ELIGIBLE,R03b_20260811_FULL_v1,L1_ELIGIBILITY,v2026-08-11,2026-03-21..2026-08-06,baccarat_bet02_101_all_pairs_incl_sentinel,round_win = game_pnl > 0 (decisive only),COMPATIBILITY_ONLY_NOT_PRODUCTION,38226.7023,34760.5459,481.1811,2907,2903,-0.01258756,-0.02479038,-0.01019244,-0.01258756,-481.1811,38226.7023,OK,0.0000,19.2472,4.0000,96.0000,AG03-UNRESOLVED,ALL5_LEVELS_bet23_to_bet27,19.2472,19.2472,19.2472,28.8709,28.8709,4.000000,4.000000,4.000000,6.000000,6.000000,96.000000,96.000000,96.000000,94.000000,94.000000,5.0,115.4835,105.0165,365.6976,376.1646,PENDING_AG03,FALSE,NOT_FOR_ENFORCEMENT,461.9338,33370.1240,481.1811,461.9338,19.2472,0.01258756,0.01208406,19.2472,461.9338,0.01208406,19.2472,19.2472,19.2472,28.8709,28.8709,461.9338,0.01208406,115.4835,105.0165,365.6976,376.1646,0.00956655,0.00984036,0.00050350,13.1499,11.9740,0.1658,6.2491,1.8090,496.4507,37.7013,10.4533,13.8512,10.2195,10.5412,18.3951,22.009,22.009,31.6236,10.5412,0.0,2.087904,3.0,1.247477,27,146,58,3,0.16407309,0.01258756,0.02479038,0E-8,0.000000,0.909326,0.001376,-0.01459794,2026-03-22,2026-08-05,77,266,243,137,0.562044,0.754684,0.794934,0.546910,,,,,,,,GLOBAL_BASELINE_NO_ENTITY_RANKING,,,NOT_APPLICABLE_GLOBAL_BASELINE,HF9g-P5,,,,X 全窗基线 · 不参与实体赏罚,8390632,840,A168_HF9F_20260827_0900,2026-08-27 09:00:00
2026-04-17,94151214,2171,0,52.7059220375,3.3731790104,3.3731790104,0.7500000,5,5,0.50396966000000000,0.503969660000,0.9841523774297893,0.9841523774297894,0.9841523774297893,0E-17,ELIGIBLE,R03b_20260811_FULL_v1,L1_ELIGIBILITY,v2026-08-11,2026-03-21..2026-08-06,baccarat_bet02_101_all_pairs_incl_sentinel,round_win = game_pnl > 0 (decisive only),COMPATIBILITY_ONLY_NOT_PRODUCTION,38226.7023,34760.5459,481.1811,2907,2903,-0.01258756,-0.02479038,-0.01019244,-0.01258756,-481.1811,38226.7023,OK,0.0000,19.2472,4.0000,96.0000,AG03-UNRESOLVED,ALL5_LEVELS_bet23_to_bet27,19.2472,19.2472,19.2472,28.8709,28.8709,4.000000,4.000000,4.000000,6.000000,6.000000,96.000000,96.000000,96.000000,94.000000,94.000000,5.0,115.4835,105.0165,365.6976,376.1646,PENDING_AG03,FALSE,NOT_FOR_ENFORCEMENT,461.9338,33370.1240,481.1811,461.9338,19.2472,0.01258756,0.01208406,19.2472,461.9338,0.01208406,19.2472,19.2472,19.2472,28.8709,28.8709,461.9338,0.01208406,115.4835,105.0165,365.6976,376.1646,0.00956655,0.00984036,0.00050350,13.1499,11.9740,0.1658,6.2491,1.8090,496.4507,37.7013,10.4533,13.8512,10.2195,10.5412,18.3951,22.009,22.009,31.6236,10.5412,0.0,2.087904,3.0,1.247477,27,146,58,3,0.16407309,0.01258756,0.02479038,0E-8,0.000000,0.909326,0.001376,-0.01459794,2026-03-22,2026-08-05,77,266,243,137,0.562044,0.754684,0.794934,0.546910,,,,,,,,GLOBAL_BASELINE_NO_ENTITY_RANKING,,,NOT_APPLICABLE_GLOBAL_BASELINE,HF9g-P5,,,,X 全窗基线 · 不参与实体赏罚,8390633,840,A168_HF9F_20260827_0900,2026-08-27 09:00:00
2026-04-17,94151214,2233,0,59.6631037464,-24.4555478254,-24.4555478254,0.2500000,5,5,0.49860758000000000,0.498607580000,-0.9944341760919779,-0.9944341760919779,-0.9944341760919779,0E-17,ELIGIBLE,R03b_20260811_FULL_v1,L1_ELIGIBILITY,v2026-08-11,2026-03-21..2026-08-06,baccarat_bet02_101_all_pairs_incl_sentinel,round_win = game_pnl > 0 (decisive only),COMPATIBILITY_ONLY_NOT_PRODUCTION,38226.7023,34760.5459,481.1811,2907,2903,-0.01258756,-0.02479038,-0.01019244,-0.01258756,-481.1811,38226.7023,OK,0.0000,19.2472,4.0000,96.0000,AG03-UNRESOLVED,ALL5_LEVELS_bet23_to_bet27,19.2472,19.2472,19.2472,28.8709,28.8709,4.000000,4.000000,4.000000,6.000000,6.000000,96.000000,96.000000,96.000000,94.000000,94.000000,5.0,115.4835,105.0165,365.6976,376.1646,PENDING_AG03,FALSE,NOT_FOR_ENFORCEMENT,461.9338,33370.1240,481.1811,461.9338,19.2472,0.01258756,0.01208406,19.2472,461.9338,0.01208406,19.2472,19.2472,19.2472,28.8709,28.8709,461.9338,0.01208406,115.4835,105.0165,365.6976,376.1646,0.00956655,0.00984036,0.00050350,13.1499,11.9740,0.1658,6.2491,1.8090,496.4507,37.7013,10.4533,13.8512,10.2195,10.5412,18.3951,22.009,22.009,31.6236,10.5412,0.0,2.087904,3.0,1.247477,27,146,58,3,0.16407309,0.01258756,0.02479038,0E-8,0.000000,0.909326,0.001376,-0.01459794,2026-03-22,2026-08-05,77,266,243,137,0.562044,0.754684,0.794934,0.546910,,,,,,,,GLOBAL_BASELINE_NO_ENTITY_RANKING,,,NOT_APPLICABLE_GLOBAL_BASELINE,HF9g-P5,,,,X 全窗基线 · 不参与实体赏罚,8390634,840,A168_HF9F_20260827_0900,2026-08-27 09:00:00
2026-04-18,94151214,2141,0,210.8236881499,81.0617080935,81.0617080935,0.6250000,16,16,0.49911027500000000,0.499110275000,1.0071193944939894,1.0071193944939894,1.0071193944939894,0E-17,ELIGIBLE,R03b_20260811_FULL_v1,L1_ELIGIBILITY,v2026-08-11,2026-03-21..2026-08-06,baccarat_bet02_101_all_pairs_incl_sentinel,round_win = game_pnl > 0 (decisive only),COMPATIBILITY_ONLY_NOT_PRODUCTION,38226.7023,34760.5459,481.1811,2907,2903,-0.01258756,-0.02479038,-0.01019244,-0.01258756,-481.1811,38226.7023,OK,0.0000,19.2472,4.0000,96.0000,AG03-UNRESOLVED,ALL5_LEVELS_bet23_to_bet27,19.2472,19.2472,19.2472,28.8709,28.8709,4.000000,4.000000,4.000000,6.000000,6.000000,96.000000,96.000000,96.000000,94.000000,94.000000,5.0,115.4835,105.0165,365.6976,376.1646,PENDING_AG03,FALSE,NOT_FOR_ENFORCEMENT,461.9338,33370.1240,481.1811,461.9338,19.2472,0.01258756,0.01208406,19.2472,461.9338,0.01208406,19.2472,19.2472,19.2472,28.8709,28.8709,461.9338,0.01208406,115.4835,105.0165,365.6976,376.1646,0.00956655,0.00984036,0.00050350,13.1499,11.9740,0.1658,6.2491,1.8090,496.4507,37.7013,10.4533,13.8512,10.2195,10.5412,18.3951,22.009,22.009,31.6236,10.5412,0.0,2.087904,3.0,1.247477,27,146,58,3,0.16407309,0.01258756,0.02479038,0E-8,0.000000,0.909326,0.001376,-0.01459794,2026-03-22,2026-08-05,77,266,243,137,0.562044,0.754684,0.794934,0.546910,,,,,,,,GLOBAL_BASELINE_NO_ENTITY_RANKING,,,NOT_APPLICABLE_GLOBAL_BASELINE,HF9g-P5,,,,X 全窗基线 · 不参与实体赏罚,8390635,840,A168_HF9F_20260827_0900,2026-08-27 09:00:00
2026-04-18,94151214,2223,0,16.8658950520,16.5496595198,16.5496595198,1.0000000,2,2,0.49994810000000000,0.499948100000,1.4143603653603398,1.4143603653603398,1.4143603653603398,0E-17,ELIGIBLE,R03b_20260811_FULL_v1,L1_ELIGIBILITY,v2026-08-11,2026-03-21..2026-08-06,baccarat_bet02_101_all_pairs_incl_sentinel,round_win = game_pnl > 0 (decisive only),COMPATIBILITY_ONLY_NOT_PRODUCTION,38226.7023,34760.5459,481.1811,2907,2903,-0.01258756,-0.02479038,-0.01019244,-0.01258756,-481.1811,38226.7023,OK,0.0000,19.2472,4.0000,96.0000,AG03-UNRESOLVED,ALL5_LEVELS_bet23_to_bet27,19.2472,19.2472,19.2472,28.8709,28.8709,4.000000,4.000000,4.000000,6.000000,6.000000,96.000000,96.000000,96.000000,94.000000,94.000000,5.0,115.4835,105.0165,365.6976,376.1646,PENDING_AG03,FALSE,NOT_FOR_ENFORCEMENT,461.9338,33370.1240,481.1811,461.9338,19.2472,0.01258756,0.01208406,19.2472,461.9338,0.01208406,19.2472,19.2472,19.2472,28.8709,28.8709,461.9338,0.01208406,115.4835,105.0165,365.6976,376.1646,0.00956655,0.00984036,0.00050350,13.1499,11.9740,0.1658,6.2491,1.8090,496.4507,37.7013,10.4533,13.8512,10.2195,10.5412,18.3951,22.009,22.009,31.6236,10.5412,0.0,2.087904,3.0,1.247477,27,146,58,3,0.16407309,0.01258756,0.02479038,0E-8,0.000000,0.909326,0.001376,-0.01459794,2026-03-22,2026-08-05,77,266,243,137,0.562044,0.754684,0.794934,0.546910,,,,,,,,GLOBAL_BASELINE_NO_ENTITY_RANKING,,,NOT_APPLICABLE_GLOBAL_BASELINE,HF9g-P5,,,,X 全窗基线 · 不参与实体赏罚,8390636,840,A168_HF9F_20260827_0900,2026-08-27 09:00:00
2026-04-19,94151214,1325,0,190.7954377757,-64.8282841061,-64.8282841061,0.2500000,11,11,0.49933877272727273,0.499338772727,-1.4104743294454483,-1.4104743294439066,-1.4104743294454483,2.7273E-13,ELIGIBLE,R03b_20260811_FULL_v1,L1_ELIGIBILITY,v2026-08-11,2026-03-21..2026-08-06,baccarat_bet02_101_all_pairs_incl_sentinel,round_win = game_pnl > 0 (decisive only),COMPATIBILITY_ONLY_NOT_PRODUCTION,38226.7023,34760.5459,481.1811,2907,2903,-0.01258756,-0.02479038,-0.01019244,-0.01258756,-481.1811,38226.7023,OK,0.0000,19.2472,4.0000,96.0000,AG03-UNRESOLVED,ALL5_LEVELS_bet23_to_bet27,19.2472,19.2472,19.2472,28.8709,28.8709,4.000000,4.000000,4.000000,6.000000,6.000000,96.000000,96.000000,96.000000,94.000000,94.000000,5.0,115.4835,105.0165,365.6976,376.1646,PENDING_AG03,FALSE,NOT_FOR_ENFORCEMENT,461.9338,33370.1240,481.1811,461.9338,19.2472,0.01258756,0.01208406,19.2472,461.9338,0.01208406,19.2472,19.2472,19.2472,28.8709,28.8709,461.9338,0.01208406,115.4835,105.0165,365.6976,376.1646,0.00956655,0.00984036,0.00050350,13.1499,11.9740,0.1658,6.2491,1.8090,496.4507,37.7013,10.4533,13.8512,10.2195,10.5412,18.3951,22.009,22.009,31.6236,10.5412,0.0,2.087904,3.0,1.247477,27,146,58,3,0.16407309,0.01258756,0.02479038,0E-8,0.000000,0.909326,0.001376,-0.01459794,2026-03-22,2026-08-05,77,266,243,137,0.562044,0.754684,0.794934,0.546910,,,,,,,,GLOBAL_BASELINE_NO_ENTITY_RANKING,,,NOT_APPLICABLE_GLOBAL_BASELINE,HF9g-P5,,,,X 全窗基线 · 不参与实体赏罚,8390637,840,A168_HF9F_20260827_0900,2026-08-27 09:00:00
2026-04-19,94151214,1947,0,84.3294752600,-10.5411844075,-10.5411844075,0.5000000,7,7,0.49899058571428571,0.498990585714,0.004945109955477372,0.0049451099568770685,0.004945109955477372,2.8571E-13,ELIGIBLE,R03b_20260811_FULL_v1,L1_ELIGIBILITY,v2026-08-11,2026-03-21..2026-08-06,baccarat_bet02_101_all_pairs_incl_sentinel,round_win = game_pnl > 0 (decisive only),COMPATIBILITY_ONLY_NOT_PRODUCTION,38226.7023,34760.5459,481.1811,2907,2903,-0.01258756,-0.02479038,-0.01019244,-0.01258756,-481.1811,38226.7023,OK,0.0000,19.2472,4.0000,96.0000,AG03-UNRESOLVED,ALL5_LEVELS_bet23_to_bet27,19.2472,19.2472,19.2472,28.8709,28.8709,4.000000,4.000000,4.000000,6.000000,6.000000,96.000000,96.000000,96.000000,94.000000,94.000000,5.0,115.4835,105.0165,365.6976,376.1646,PENDING_AG03,FALSE,NOT_FOR_ENFORCEMENT,461.9338,33370.1240,481.1811,461.9338,19.2472,0.01258756,0.01208406,19.2472,461.9338,0.01208406,19.2472,19.2472,19.2472,28.8709,28.8709,461.9338,0.01208406,115.4835,105.0165,365.6976,376.1646,0.00956655,0.00984036,0.00050350,13.1499,11.9740,0.1658,6.2491,1.8090,496.4507,37.7013,10.4533,13.8512,10.2195,10.5412,18.3951,22.009,22.009,31.6236,10.5412,0.0,2.087904,3.0,1.247477,27,146,58,3,0.16407309,0.01258756,0.02479038,0E-8,0.000000,0.909326,0.001376,-0.01459794,2026-03-22,2026-08-05,77,266,243,137,0.562044,0.754684,0.794934,0.546910,,,,,,,,GLOBAL_BASELINE_NO_ENTITY_RANKING,,,NOT_APPLICABLE_GLOBAL_BASELINE,HF9g-P5,,,,X 全窗基线 · 不参与实体赏罚,8390638,840,A168_HF9F_20260827_0900,2026-08-27 09:00:00
2026-04-19,94151214,1951,0,52.7059220375,-10.5411844075,-10.5411844075,0.3333333,5,5,0.49592654000000000,0.495926540000,-0.5632580825033607,-0.5632580825033607,-0.5632580825033607,0E-17,ELIGIBLE,R03b_20260811_FULL_v1,L1_ELIGIBILITY,v2026-08-11,2026-03-21..2026-08-06,baccarat_bet02_101_all_pairs_incl_sentinel,round_win = game_pnl > 0 (decisive only),COMPATIBILITY_ONLY_NOT_PRODUCTION,38226.7023,34760.5459,481.1811,2907,2903,-0.01258756,-0.02479038,-0.01019244,-0.01258756,-481.1811,38226.7023,OK,0.0000,19.2472,4.0000,96.0000,AG03-UNRESOLVED,ALL5_LEVELS_bet23_to_bet27,19.2472,19.2472,19.2472,28.8709,28.8709,4.000000,4.000000,4.000000,6.000000,6.000000,96.000000,96.000000,96.000000,94.000000,94.000000,5.0,115.4835,105.0165,365.6976,376.1646,PENDING_AG03,FALSE,NOT_FOR_ENFORCEMENT,461.9338,33370.1240,481.1811,461.9338,19.2472,0.01258756,0.01208406,19.2472,461.9338,0.01208406,19.2472,19.2472,19.2472,28.8709,28.8709,461.9338,0.01208406,115.4835,105.0165,365.6976,376.1646,0.00956655,0.00984036,0.00050350,13.1499,11.9740,0.1658,6.2491,1.8090,496.4507,37.7013,10.4533,13.8512,10.2195,10.5412,18.3951,22.009,22.009,31.6236,10.5412,0.0,2.087904,3.0,1.247477,27,146,58,3,0.16407309,0.01258756,0.02479038,0E-8,0.000000,0.909326,0.001376,-0.01459794,2026-03-22,2026-08-05,77,266,243,137,0.562044,0.754684,0.794934,0.546910,,,,,,,,GLOBAL_BASELINE_NO_ENTITY_RANKING,,,NOT_APPLICABLE_GLOBAL_BASELINE,HF9g-P5,,,,X 全窗基线 · 不参与实体赏罚,8390639,840,A168_HF9F_20260827_0900,2026-08-27 09:00:00
2026-04-19,94151214,1985,0,290.9366896469,43.2715619925,43.2715619925,0.5555556,19,19,0.50453408947368421,0.504534089474,0.432949297311859,0.4329492973091818,0.432949297311859,-3.1579E-13,ELIGIBLE,R03b_20260811_FULL_v1,L1_ELIGIBILITY,v2026-08-11,2026-03-21..2026-08-06,baccarat_bet02_101_all_pairs_incl_sentinel,round_win = game_pnl > 0 (decisive only),COMPATIBILITY_ONLY_NOT_PRODUCTION,38226.7023,34760.5459,481.1811,2907,2903,-0.01258756,-0.02479038,-0.01019244,-0.01258756,-481.1811,38226.7023,OK,0.0000,19.2472,4.0000,96.0000,AG03-UNRESOLVED,ALL5_LEVELS_bet23_to_bet27,19.2472,19.2472,19.2472,28.8709,28.8709,4.000000,4.000000,4.000000,6.000000,6.000000,96.000000,96.000000,96.000000,94.000000,94.000000,5.0,115.4835,105.0165,365.6976,376.1646,PENDING_AG03,FALSE,NOT_FOR_ENFORCEMENT,461.9338,33370.1240,481.1811,461.9338,19.2472,0.01258756,0.01208406,19.2472,461.9338,0.01208406,19.2472,19.2472,19.2472,28.8709,28.8709,461.9338,0.01208406,115.4835,105.0165,365.6976,376.1646,0.00956655,0.00984036,0.00050350,13.1499,11.9740,0.1658,6.2491,1.8090,496.4507,37.7013,10.4533,13.8512,10.2195,10.5412,18.3951,22.009,22.009,31.6236,10.5412,0.0,2.087904,3.0,1.247477,27,146,58,3,0.16407309,0.01258756,0.02479038,0E-8,0.000000,0.909326,0.001376,-0.01459794,2026-03-22,2026-08-05,77,266,243,137,0.562044,0.754684,0.794934,0.546910,,,,,,,,GLOBAL_BASELINE_NO_ENTITY_RANKING,,,NOT_APPLICABLE_GLOBAL_BASELINE,HF9g-P5,,,,X 全窗基线 · 不参与实体赏罚,8390640,840,A168_HF9F_20260827_0900,2026-08-27 09:00:00
2026-04-19,94151214,2223,0,238.2307676095,-97.0843083932,-97.0843083932,0.2727273,12,12,0.49994810000000000,0.499948100000,-1.5072124653552643,-1.5072124653552643,-1.5072124653552643,0E-17,ELIGIBLE,R03b_20260811_FULL_v1,L1_ELIGIBILITY,v2026-08-11,2026-03-21..2026-08-06,baccarat_bet02_101_all_pairs_incl_sentinel,round_win = game_pnl > 0 (decisive only),COMPATIBILITY_ONLY_NOT_PRODUCTION,38226.7023,34760.5459,481.1811,2907,2903,-0.01258756,-0.02479038,-0.01019244,-0.01258756,-481.1811,38226.7023,OK,0.0000,19.2472,4.0000,96.0000,AG03-UNRESOLVED,ALL5_LEVELS_bet23_to_bet27,19.2472,19.2472,19.2472,28.8709,28.8709,4.000000,4.000000,4.000000,6.000000,6.000000,96.000000,96.000000,96.000000,94.000000,94.000000,5.0,115.4835,105.0165,365.6976,376.1646,PENDING_AG03,FALSE,NOT_FOR_ENFORCEMENT,461.9338,33370.1240,481.1811,461.9338,19.2472,0.01258756,0.01208406,19.2472,461.9338,0.01208406,19.2472,19.2472,19.2472,28.8709,28.8709,461.9338,0.01208406,115.4835,105.0165,365.6976,376.1646,0.00956655,0.00984036,0.00050350,13.1499,11.9740,0.1658,6.2491,1.8090,496.4507,37.7013,10.4533,13.8512,10.2195,10.5412,18.3951,22.009,22.009,31.6236,10.5412,0.0,2.087904,3.0,1.247477,27,146,58,3,0.16407309,0.01258756,0.02479038,0E-8,0.000000,0.909326,0.001376,-0.01459794,2026-03-22,2026-08-05,77,266,243,137,0.562044,0.754684,0.794934,0.546910,,,,,,,,GLOBAL_BASELINE_NO_ENTITY_RANKING,,,NOT_APPLICABLE_GLOBAL_BASELINE,HF9g-P5,,,,X 全窗基线 · 不参与实体赏罚,8390641,840,A168_HF9F_20260827_0900,2026-08-27 09:00:00
2026-04-19,94151214,2233,0,61.1388695635,22.1364872557,22.1364872557,0.5000000,4,4,0.49659680000000000,0.496596800000,0.013613115331600182,0.013613115331600183,0.013613115331600182,0E-17,ELIGIBLE,R03b_20260811_FULL_v1,L1_ELIGIBILITY,v2026-08-11,2026-03-21..2026-08-06,baccarat_bet02_101_all_pairs_incl_sentinel,round_win = game_pnl > 0 (decisive only),COMPATIBILITY_ONLY_NOT_PRODUCTION,38226.7023,34760.5459,481.1811,2907,2903,-0.01258756,-0.02479038,-0.01019244,-0.01258756,-481.1811,38226.7023,OK,0.0000,19.2472,4.0000,96.0000,AG03-UNRESOLVED,ALL5_LEVELS_bet23_to_bet27,19.2472,19.2472,19.2472,28.8709,28.8709,4.000000,4.000000,4.000000,6.000000,6.000000,96.000000,96.000000,96.000000,94.000000,94.000000,5.0,115.4835,105.0165,365.6976,376.1646,PENDING_AG03,FALSE,NOT_FOR_ENFORCEMENT,461.9338,33370.1240,481.1811,461.9338,19.2472,0.01258756,0.01208406,19.2472,461.9338,0.01208406,19.2472,19.2472,19.2472,28.8709,28.8709,461.9338,0.01208406,115.4835,105.0165,365.6976,376.1646,0.00956655,0.00984036,0.00050350,13.1499,11.9740,0.1658,6.2491,1.8090,496.4507,37.7013,10.4533,13.8512,10.2195,10.5412,18.3951,22.009,22.009,31.6236,10.5412,0.0,2.087904,3.0,1.247477,27,146,58,3,0.16407309,0.01258756,0.02479038,0E-8,0.000000,0.909326,0.001376,-0.01459794,2026-03-22,2026-08-05,77,266,243,137,0.562044,0.754684,0.794934,0.546910,,,,,,,,GLOBAL_BASELINE_NO_ENTITY_RANKING,,,NOT_APPLICABLE_GLOBAL_BASELINE,HF9g-P5,,,,X 全窗基线 · 不参与实体赏罚,8390642,840,A168_HF9F_20260827_0900,2026-08-27 09:00:00
2026-04-19,94151214,2235,0,31.6235532225,-31.6235532225,-31.6235532225,0E-7,2,2,0.49324550000000000,0.493245500000,-1.3952362676504506,-1.3952362676504506,-1.3952362676504506,0E-17,ELIGIBLE,R03b_20260811_FULL_v1,L1_ELIGIBILITY,v2026-08-11,2026-03-21..2026-08-06,baccarat_bet02_101_all_pairs_incl_sentinel,round_win = game_pnl > 0 (decisive only),COMPATIBILITY_ONLY_NOT_PRODUCTION,38226.7023,34760.5459,481.1811,2907,2903,-0.01258756,-0.02479038,-0.01019244,-0.01258756,-481.1811,38226.7023,OK,0.0000,19.2472,4.0000,96.0000,AG03-UNRESOLVED,ALL5_LEVELS_bet23_to_bet27,19.2472,19.2472,19.2472,28.8709,28.8709,4.000000,4.000000,4.000000,6.000000,6.000000,96.000000,96.000000,96.000000,94.000000,94.000000,5.0,115.4835,105.0165,365.6976,376.1646,PENDING_AG03,FALSE,NOT_FOR_ENFORCEMENT,461.9338,33370.1240,481.1811,461.9338,19.2472,0.01258756,0.01208406,19.2472,461.9338,0.01208406,19.2472,19.2472,19.2472,28.8709,28.8709,461.9338,0.01208406,115.4835,105.0165,365.6976,376.1646,0.00956655,0.00984036,0.00050350,13.1499,11.9740,0.1658,6.2491,1.8090,496.4507,37.7013,10.4533,13.8512,10.2195,10.5412,18.3951,22.009,22.009,31.6236,10.5412,0.0,2.087904,3.0,1.247477,27,146,58,3,0.16407309,0.01258756,0.02479038,0E-8,0.000000,0.909326,0.001376,-0.01459794,2026-03-22,2026-08-05,77,266,243,137,0.562044,0.754684,0.794934,0.546910,,,,,,,,GLOBAL_BASELINE_NO_ENTITY_RANKING,,,NOT_APPLICABLE_GLOBAL_BASELINE,HF9g-P5,,,,X 全窗基线 · 不参与实体赏罚,8390643,840,A168_HF9F_20260827_0900,2026-08-27 09:00:00
2026-04-19,94151214,986,0,266.9027891978,-10.6255138829,-10.6255138829,0.4666667,17,17,0.50428507647058824,0.504285076471,-0.2914016509237938,-0.29140165092698544,-0.2914016509237938,-4.1176E-13,ELIGIBLE,R03b_20260811_FULL_v1,L1_ELIGIBILITY,v2026-08-11,2026-03-21..2026-08-06,baccarat_bet02_101_all_pairs_incl_sentinel,round_win = game_pnl > 0 (decisive only),COMPATIBILITY_ONLY_NOT_PRODUCTION,38226.7023,34760.5459,481.1811,2907,2903,-0.01258756,-0.02479038,-0.01019244,-0.01258756,-481.1811,38226.7023,OK,0.0000,19.2472,4.0000,96.0000,AG03-UNRESOLVED,ALL5_LEVELS_bet23_to_bet27,19.2472,19.2472,19.2472,28.8709,28.8709,4.000000,4.000000,4.000000,6.000000,6.000000,96.000000,96.000000,96.000000,94.000000,94.000000,5.0,115.4835,105.0165,365.6976,376.1646,PENDING_AG03,FALSE,NOT_FOR_ENFORCEMENT,461.9338,33370.1240,481.1811,461.9338,19.2472,0.01258756,0.01208406,19.2472,461.9338,0.01208406,19.2472,19.2472,19.2472,28.8709,28.8709,461.9338,0.01208406,115.4835,105.0165,365.6976,376.1646,0.00956655,0.00984036,0.00050350,13.1499,11.9740,0.1658,6.2491,1.8090,496.4507,37.7013,10.4533,13.8512,10.2195,10.5412,18.3951,22.009,22.009,31.6236,10.5412,0.0,2.087904,3.0,1.247477,27,146,58,3,0.16407309,0.01258756,0.02479038,0E-8,0.000000,0.909326,0.001376,-0.01459794,2026-03-22,2026-08-05,77,266,243,137,0.562044,0.754684,0.794934,0.546910,,,,,,,,GLOBAL_BASELINE_NO_ENTITY_RANKING,,,NOT_APPLICABLE_GLOBAL_BASELINE,HF9g-P5,,,,X 全窗基线 · 不参与实体赏罚,8390644,840,A168_HF9F_20260827_0900,2026-08-27 09:00:00
2026-04-26,94151214,2129,0,66.6202854554,1.6233423986,1.6233423986,0.5714286,7,7,0.50282064285714286,0.502820642857,0.36304481076852674,0.3630448107692821,0.36304481076852674,1.4286E-13,ELIGIBLE,R03b_20260811_FULL_v1,L1_ELIGIBILITY,v2026-08-11,2026-03-21..2026-08-06,baccarat_bet02_101_all_pairs_incl_sentinel,round_win = game_pnl > 0 (decisive only),COMPATIBILITY_ONLY_NOT_PRODUCTION,38226.7023,34760.5459,481.1811,2907,2903,-0.01258756,-0.02479038,-0.01019244,-0.01258756,-481.1811,38226.7023,OK,0.0000,19.2472,4.0000,96.0000,AG03-UNRESOLVED,ALL5_LEVELS_bet23_to_bet27,19.2472,19.2472,19.2472,28.8709,28.8709,4.000000,4.000000,4.000000,6.000000,6.000000,96.000000,96.000000,96.000000,94.000000,94.000000,5.0,115.4835,105.0165,365.6976,376.1646,PENDING_AG03,FALSE,NOT_FOR_ENFORCEMENT,461.9338,33370.1240,481.1811,461.9338,19.2472,0.01258756,0.01208406,19.2472,461.9338,0.01208406,19.2472,19.2472,19.2472,28.8709,28.8709,461.9338,0.01208406,115.4835,105.0165,365.6976,376.1646,0.00956655,0.00984036,0.00050350,13.1499,11.9740,0.1658,6.2491,1.8090,496.4507,37.7013,10.4533,13.8512,10.2195,10.5412,18.3951,22.009,22.009,31.6236,10.5412,0.0,2.087904,3.0,1.247477,27,146,58,3,0.16407309,0.01258756,0.02479038,0E-8,0.000000,0.909326,0.001376,-0.01459794,2026-03-22,2026-08-05,77,266,243,137,0.562044,0.754684,0.794934,0.546910,,,,,,,,GLOBAL_BASELINE_NO_ENTITY_RANKING,,,NOT_APPLICABLE_GLOBAL_BASELINE,HF9g-P5,,,,X 全窗基线 · 不参与实体赏罚,8390645,840,A168_HF9F_20260827_0900,2026-08-27 09:00:00
2026-04-26,94151214,2155,0,32.4668479751,-32.4668479751,-32.4668479751,0E-7,3,3,0.49771390000000000,0.497713900000,-1.724149546644903,-1.724149546644903,-1.724149546644903,0E-17,ELIGIBLE,R03b_20260811_FULL_v1,L1_ELIGIBILITY,v2026-08-11,2026-03-21..2026-08-06,baccarat_bet02_101_all_pairs_incl_sentinel,round_win = game_pnl > 0 (decisive only),COMPATIBILITY_ONLY_NOT_PRODUCTION,38226.7023,34760.5459,481.1811,2907,2903,-0.01258756,-0.02479038,-0.01019244,-0.01258756,-481.1811,38226.7023,OK,0.0000,19.2472,4.0000,96.0000,AG03-UNRESOLVED,ALL5_LEVELS_bet23_to_bet27,19.2472,19.2472,19.2472,28.8709,28.8709,4.000000,4.000000,4.000000,6.000000,6.000000,96.000000,96.000000,96.000000,94.000000,94.000000,5.0,115.4835,105.0165,365.6976,376.1646,PENDING_AG03,FALSE,NOT_FOR_ENFORCEMENT,461.9338,33370.1240,481.1811,461.9338,19.2472,0.01258756,0.01208406,19.2472,461.9338,0.01208406,19.2472,19.2472,19.2472,28.8709,28.8709,461.9338,0.01208406,115.4835,105.0165,365.6976,376.1646,0.00956655,0.00984036,0.00050350,13.1499,11.9740,0.1658,6.2491,1.8090,496.4507,37.7013,10.4533,13.8512,10.2195,10.5412,18.3951,22.009,22.009,31.6236,10.5412,0.0,2.087904,3.0,1.247477,27,146,58,3,0.16407309,0.01258756,0.02479038,0E-8,0.000000,0.909326,0.001376,-0.01459794,2026-03-22,2026-08-05,77,266,243,137,0.562044,0.754684,0.794934,0.546910,,,,,,,,GLOBAL_BASELINE_NO_ENTITY_RANKING,,,NOT_APPLICABLE_GLOBAL_BASELINE,HF9g-P5,,,,X 全窗基线 · 不参与实体赏罚,8390646,840,A168_HF9F_20260827_0900,2026-08-27 09:00:00
2026-04-26,94151214,2261,0,39.0023823077,17.0767187400,17.0767187400,0.7142857,7,7,0.50090561428571429,0.500905614286,1.129103210700875,1.1291032106993646,1.129103210700875,-2.8571E-13,ELIGIBLE,R03b_20260811_FULL_v1,L1_ELIGIBILITY,v2026-08-11,2026-03-21..2026-08-06,baccarat_bet02_101_all_pairs_incl_sentinel,round_win = game_pnl > 0 (decisive only),COMPATIBILITY_ONLY_NOT_PRODUCTION,38226.7023,34760.5459,481.1811,2907,2903,-0.01258756,-0.02479038,-0.01019244,-0.01258756,-481.1811,38226.7023,OK,0.0000,19.2472,4.0000,96.0000,AG03-UNRESOLVED,ALL5_LEVELS_bet23_to_bet27,19.2472,19.2472,19.2472,28.8709,28.8709,4.000000,4.000000,4.000000,6.000000,6.000000,96.000000,96.000000,96.000000,94.000000,94.000000,5.0,115.4835,105.0165,365.6976,376.1646,PENDING_AG03,FALSE,NOT_FOR_ENFORCEMENT,461.9338,33370.1240,481.1811,461.9338,19.2472,0.01258756,0.01208406,19.2472,461.9338,0.01208406,19.2472,19.2472,19.2472,28.8709,28.8709,461.9338,0.01208406,115.4835,105.0165,365.6976,376.1646,0.00956655,0.00984036,0.00050350,13.1499,11.9740,0.1658,6.2491,1.8090,496.4507,37.7013,10.4533,13.8512,10.2195,10.5412,18.3951,22.009,22.009,31.6236,10.5412,0.0,2.087904,3.0,1.247477,27,146,58,3,0.16407309,0.01258756,0.02479038,0E-8,0.000000,0.909326,0.001376,-0.01459794,2026-03-22,2026-08-05,77,266,243,137,0.562044,0.754684,0.794934,0.546910,,,,,,,,GLOBAL_BASELINE_NO_ENTITY_RANKING,,,NOT_APPLICABLE_GLOBAL_BASELINE,HF9g-P5,,,,X 全窗基线 · 不参与实体赏罚,8390647,840,A168_HF9F_20260827_0900,2026-08-27 09:00:00
2026-04-28,94151214,2229,0,35.4183796092,-18.9741319335,-18.9741319335,0.2500000,4,4,0.49994810000000000,0.499948100000,-0.9997924053861017,-0.9997924053861017,-0.9997924053861017,0E-17,ELIGIBLE,R03b_20260811_FULL_v1,L1_ELIGIBILITY,v2026-08-11,2026-03-21..2026-08-06,baccarat_bet02_101_all_pairs_incl_sentinel,round_win = game_pnl > 0 (decisive only),COMPATIBILITY_ONLY_NOT_PRODUCTION,38226.7023,34760.5459,481.1811,2907,2903,-0.01258756,-0.02479038,-0.01019244,-0.01258756,-481.1811,38226.7023,OK,0.0000,19.2472,4.0000,96.0000,AG03-UNRESOLVED,ALL5_LEVELS_bet23_to_bet27,19.2472,19.2472,19.2472,28.8709,28.8709,4.000000,4.000000,4.000000,6.000000,6.000000,96.000000,96.000000,96.000000,94.000000,94.000000,5.0,115.4835,105.0165,365.6976,376.1646,PENDING_AG03,FALSE,NOT_FOR_ENFORCEMENT,461.9338,33370.1240,481.1811,461.9338,19.2472,0.01258756,0.01208406,19.2472,461.9338,0.01208406,19.2472,19.2472,19.2472,28.8709,28.8709,461.9338,0.01208406,115.4835,105.0165,365.6976,376.1646,0.00956655,0.00984036,0.00050350,13.1499,11.9740,0.1658,6.2491,1.8090,496.4507,37.7013,10.4533,13.8512,10.2195,10.5412,18.3951,22.009,22.009,31.6236,10.5412,0.0,2.087904,3.0,1.247477,27,146,58,3,0.16407309,0.01258756,0.02479038,0E-8,0.000000,0.909326,0.001376,-0.01459794,2026-03-22,2026-08-05,77,266,243,137,0.562044,0.754684,0.794934,0.546910,,,,,,,,GLOBAL_BASELINE_NO_ENTITY_RANKING,,,NOT_APPLICABLE_GLOBAL_BASELINE,HF9g-P5,,,,X 全窗基线 · 不参与实体赏罚,8390648,840,A168_HF9F_20260827_0900,2026-08-27 09:00:00
2026-04-28,94151214,2241,0,28.2503742121,-28.2503742121,-28.2503742121,0E-7,3,3,0.50218230000000000,0.502182300000,-1.7396270863184011,-1.7396270863184016,-1.7396270863184011,0E-17,ELIGIBLE,R03b_20260811_FULL_v1,L1_ELIGIBILITY,v2026-08-11,2026-03-21..2026-08-06,baccarat_bet02_101_all_pairs_incl_sentinel,round_win = game_pnl > 0 (decisive only),COMPATIBILITY_ONLY_NOT_PRODUCTION,38226.7023,34760.5459,481.1811,2907,2903,-0.01258756,-0.02479038,-0.01019244,-0.01258756,-481.1811,38226.7023,OK,0.0000,19.2472,4.0000,96.0000,AG03-UNRESOLVED,ALL5_LEVELS_bet23_to_bet27,19.2472,19.2472,19.2472,28.8709,28.8709,4.000000,4.000000,4.000000,6.000000,6.000000,96.000000,96.000000,96.000000,94.000000,94.000000,5.0,115.4835,105.0165,365.6976,376.1646,PENDING_AG03,FALSE,NOT_FOR_ENFORCEMENT,461.9338,33370.1240,481.1811,461.9338,19.2472,0.01258756,0.01208406,19.2472,461.9338,0.01208406,19.2472,19.2472,19.2472,28.8709,28.8709,461.9338,0.01208406,115.4835,105.0165,365.6976,376.1646,0.00956655,0.00984036,0.00050350,13.1499,11.9740,0.1658,6.2491,1.8090,496.4507,37.7013,10.4533,13.8512,10.2195,10.5412,18.3951,22.009,22.009,31.6236,10.5412,0.0,2.087904,3.0,1.247477,27,146,58,3,0.16407309,0.01258756,0.02479038,0E-8,0.000000,0.909326,0.001376,-0.01459794,2026-03-22,2026-08-05,77,266,243,137,0.562044,0.754684,0.794934,0.546910,,,,,,,,GLOBAL_BASELINE_NO_ENTITY_RANKING,,,NOT_APPLICABLE_GLOBAL_BASELINE,HF9g-P5,,,,X 全窗基线 · 不参与实体赏罚,8390649,840,A168_HF9F_20260827_0900,2026-08-27 09:00:00
2026-05-01,94151214,1325,0,57.7670412771,40.2268669258,40.2268669258,0.7857143,14,14,0.49803307142857143,0.498033071429,2.1528257387398293,2.152825738736615,2.1528257387398293,-4.2857E-13,ELIGIBLE,R03b_20260811_FULL_v1,L1_ELIGIBILITY,v2026-08-11,2026-03-21..2026-08-06,baccarat_bet02_101_all_pairs_incl_sentinel,round_win = game_pnl > 0 (decisive only),COMPATIBILITY_ONLY_NOT_PRODUCTION,38226.7023,34760.5459,481.1811,2907,2903,-0.01258756,-0.02479038,-0.01019244,-0.01258756,-481.1811,38226.7023,OK,0.0000,19.2472,4.0000,96.0000,AG03-UNRESOLVED,ALL5_LEVELS_bet23_to_bet27,19.2472,19.2472,19.2472,28.8709,28.8709,4.000000,4.000000,4.000000,6.000000,6.000000,96.000000,96.000000,96.000000,94.000000,94.000000,5.0,115.4835,105.0165,365.6976,376.1646,PENDING_AG03,FALSE,NOT_FOR_ENFORCEMENT,461.9338,33370.1240,481.1811,461.9338,19.2472,0.01258756,0.01208406,19.2472,461.9338,0.01208406,19.2472,19.2472,19.2472,28.8709,28.8709,461.9338,0.01208406,115.4835,105.0165,365.6976,376.1646,0.00956655,0.00984036,0.00050350,13.1499,11.9740,0.1658,6.2491,1.8090,496.4507,37.7013,10.4533,13.8512,10.2195,10.5412,18.3951,22.009,22.009,31.6236,10.5412,0.0,2.087904,3.0,1.247477,27,146,58,3,0.16407309,0.01258756,0.02479038,0E-8,0.000000,0.909326,0.001376,-0.01459794,2026-03-22,2026-08-05,77,266,243,137,0.562044,0.754684,0.794934,0.546910,,,,,,,,GLOBAL_BASELINE_NO_ENTITY_RANKING,,,NOT_APPLICABLE_GLOBAL_BASELINE,HF9g-P5,,,,X 全窗基线 · 不参与实体赏罚,8390650,840,A168_HF9F_20260827_0900,2026-08-27 09:00:00
2026-05-01,94151214,1505,0,36.3407205125,-36.3407205125,-36.3407205125,0E-7,3,3,0.50218230000000000,0.502182300000,-1.7396270863184011,-1.7396270863184016,-1.7396270863184011,0E-17,ELIGIBLE,R03b_20260811_FULL_v1,L1_ELIGIBILITY,v2026-08-11,2026-03-21..2026-08-06,baccarat_bet02_101_all_pairs_incl_sentinel,round_win = game_pnl > 0 (decisive only),COMPATIBILITY_ONLY_NOT_PRODUCTION,38226.7023,34760.5459,481.1811,2907,2903,-0.01258756,-0.02479038,-0.01019244,-0.01258756,-481.1811,38226.7023,OK,0.0000,19.2472,4.0000,96.0000,AG03-UNRESOLVED,ALL5_LEVELS_bet23_to_bet27,19.2472,19.2472,19.2472,28.8709,28.8709,4.000000,4.000000,4.000000,6.000000,6.000000,96.000000,96.000000,96.000000,94.000000,94.000000,5.0,115.4835,105.0165,365.6976,376.1646,PENDING_AG03,FALSE,NOT_FOR_ENFORCEMENT,461.9338,33370.1240,481.1811,461.9338,19.2472,0.01258756,0.01208406,19.2472,461.9338,0.01208406,19.2472,19.2472,19.2472,28.8709,28.8709,461.9338,0.01208406,115.4835,105.0165,365.6976,376.1646,0.00956655,0.00984036,0.00050350,13.1499,11.9740,0.1658,6.2491,1.8090,496.4507,37.7013,10.4533,13.8512,10.2195,10.5412,18.3951,22.009,22.009,31.6236,10.5412,0.0,2.087904,3.0,1.247477,27,146,58,3,0.16407309,0.01258756,0.02479038,0E-8,0.000000,0.909326,0.001376,-0.01459794,2026-03-22,2026-08-05,77,266,243,137,0.562044,0.754684,0.794934,0.546910,,,,,,,,GLOBAL_BASELINE_NO_ENTITY_RANKING,,,NOT_APPLICABLE_GLOBAL_BASELINE,HF9g-P5,,,,X 全窗基线 · 不参与实体赏罚,8390651,840,A168_HF9F_20260827_0900,2026-08-27 09:00:00
2026-05-01,94151214,2123,0,10.5030984140,-10.5030984140,-10.5030984140,0E-7,1,1,0.50665070000000000,0.506650700000,-1.013391052207602,-1.013391052207602,-1.013391052207602,0E-17,ELIGIBLE,R03b_20260811_FULL_v1,L1_ELIGIBILITY,v2026-08-11,2026-03-21..2026-08-06,baccarat_bet02_101_all_pairs_incl_sentinel,round_win = game_pnl > 0 (decisive only),COMPATIBILITY_ONLY_NOT_PRODUCTION,38226.7023,34760.5459,481.1811,2907,2903,-0.01258756,-0.02479038,-0.01019244,-0.01258756,-481.1811,38226.7023,OK,0.0000,19.2472,4.0000,96.0000,AG03-UNRESOLVED,ALL5_LEVELS_bet23_to_bet27,19.2472,19.2472,19.2472,28.8709,28.8709,4.000000,4.000000,4.000000,6.000000,6.000000,96.000000,96.000000,96.000000,94.000000,94.000000,5.0,115.4835,105.0165,365.6976,376.1646,PENDING_AG03,FALSE,NOT_FOR_ENFORCEMENT,461.9338,33370.1240,481.1811,461.9338,19.2472,0.01258756,0.01208406,19.2472,461.9338,0.01208406,19.2472,19.2472,19.2472,28.8709,28.8709,461.9338,0.01208406,115.4835,105.0165,365.6976,376.1646,0.00956655,0.00984036,0.00050350,13.1499,11.9740,0.1658,6.2491,1.8090,496.4507,37.7013,10.4533,13.8512,10.2195,10.5412,18.3951,22.009,22.009,31.6236,10.5412,0.0,2.087904,3.0,1.247477,27,146,58,3,0.16407309,0.01258756,0.02479038,0E-8,0.000000,0.909326,0.001376,-0.01459794,2026-03-22,2026-08-05,77,266,243,137,0.562044,0.754684,0.794934,0.546910,,,,,,,,GLOBAL_BASELINE_NO_ENTITY_RANKING,,,NOT_APPLICABLE_GLOBAL_BASELINE,HF9g-P5,,,,X 全窗基线 · 不参与实体赏罚,8390652,840,A168_HF9F_20260827_0900,2026-08-27 09:00:00
2026-05-01,94151214,2251,0,2.1006196828,1.9955886987,1.9955886987,1.0000000,1,1,0.50665070000000000,0.506650700000,0.9867858985152569,0.9867858985152569,0.9867858985152569,0E-17,ELIGIBLE,R03b_20260811_FULL_v1,L1_ELIGIBILITY,v2026-08-11,2026-03-21..2026-08-06,baccarat_bet02_101_all_pairs_incl_sentinel,round_win = game_pnl > 0 (decisive only),COMPATIBILITY_ONLY_NOT_PRODUCTION,38226.7023,34760.5459,481.1811,2907,2903,-0.01258756,-0.02479038,-0.01019244,-0.01258756,-481.1811,38226.7023,OK,0.0000,19.2472,4.0000,96.0000,AG03-UNRESOLVED,ALL5_LEVELS_bet23_to_bet27,19.2472,19.2472,19.2472,28.8709,28.8709,4.000000,4.000000,4.000000,6.000000,6.000000,96.000000,96.000000,96.000000,94.000000,94.000000,5.0,115.4835,105.0165,365.6976,376.1646,PENDING_AG03,FALSE,NOT_FOR_ENFORCEMENT,461.9338,33370.1240,481.1811,461.9338,19.2472,0.01258756,0.01208406,19.2472,461.9338,0.01208406,19.2472,19.2472,19.2472,28.8709,28.8709,461.9338,0.01208406,115.4835,105.0165,365.6976,376.1646,0.00956655,0.00984036,0.00050350,13.1499,11.9740,0.1658,6.2491,1.8090,496.4507,37.7013,10.4533,13.8512,10.2195,10.5412,18.3951,22.009,22.009,31.6236,10.5412,0.0,2.087904,3.0,1.247477,27,146,58,3,0.16407309,0.01258756,0.02479038,0E-8,0.000000,0.909326,0.001376,-0.01459794,2026-03-22,2026-08-05,77,266,243,137,0.562044,0.754684,0.794934,0.546910,,,,,,,,GLOBAL_BASELINE_NO_ENTITY_RANKING,,,NOT_APPLICABLE_GLOBAL_BASELINE,HF9g-P5,,,,X 全窗基线 · 不参与实体赏罚,8390653,840,A168_HF9F_20260827_0900,2026-08-27 09:00:00
2026-05-02,94151214,1374,0,42.0123936560,41.2771767670,41.2771767670,1.0000000,5,5,0.49860758000000000,0.498607580000,2.242303763970222,2.242303763970222,2.242303763970222,0E-17,ELIGIBLE,R03b_20260811_FULL_v1,L1_ELIGIBILITY,v2026-08-11,2026-03-21..2026-08-06,baccarat_bet02_101_all_pairs_incl_sentinel,round_win = game_pnl > 0 (decisive only),COMPATIBILITY_ONLY_NOT_PRODUCTION,38226.7023,34760.5459,481.1811,2907,2903,-0.01258756,-0.02479038,-0.01019244,-0.01258756,-481.1811,38226.7023,OK,0.0000,19.2472,4.0000,96.0000,AG03-UNRESOLVED,ALL5_LEVELS_bet23_to_bet27,19.2472,19.2472,19.2472,28.8709,28.8709,4.000000,4.000000,4.000000,6.000000,6.000000,96.000000,96.000000,96.000000,94.000000,94.000000,5.0,115.4835,105.0165,365.6976,376.1646,PENDING_AG03,FALSE,NOT_FOR_ENFORCEMENT,461.9338,33370.1240,481.1811,461.9338,19.2472,0.01258756,0.01208406,19.2472,461.9338,0.01208406,19.2472,19.2472,19.2472,28.8709,28.8709,461.9338,0.01208406,115.4835,105.0165,365.6976,376.1646,0.00956655,0.00984036,0.00050350,13.1499,11.9740,0.1658,6.2491,1.8090,496.4507,37.7013,10.4533,13.8512,10.2195,10.5412,18.3951,22.009,22.009,31.6236,10.5412,0.0,2.087904,3.0,1.247477,27,146,58,3,0.16407309,0.01258756,0.02479038,0E-8,0.000000,0.909326,0.001376,-0.01459794,2026-03-22,2026-08-05,77,266,243,137,0.562044,0.754684,0.794934,0.546910,,,,,,,,GLOBAL_BASELINE_NO_ENTITY_RANKING,,,NOT_APPLICABLE_GLOBAL_BASELINE,HF9g-P5,,,,X 全窗基线 · 不参与实体赏罚,8390654,840,A168_HF9F_20260827_0900,2026-08-27 09:00:00
2026-05-02,94151214,1401,0,100.8297447745,39.4916500368,39.4916500368,0.6250000,9,9,0.50069283333333333,0.500692833333,0.70318819908704,0.7031881990889248,0.70318819908704,3.3333E-13,ELIGIBLE,R03b_20260811_FULL_v1,L1_ELIGIBILITY,v2026-08-11,2026-03-21..2026-08-06,baccarat_bet02_101_all_pairs_incl_sentinel,round_win = game_pnl > 0 (decisive only),COMPATIBILITY_ONLY_NOT_PRODUCTION,38226.7023,34760.5459,481.1811,2907,2903,-0.01258756,-0.02479038,-0.01019244,-0.01258756,-481.1811,38226.7023,OK,0.0000,19.2472,4.0000,96.0000,AG03-UNRESOLVED,ALL5_LEVELS_bet23_to_bet27,19.2472,19.2472,19.2472,28.8709,28.8709,4.000000,4.000000,4.000000,6.000000,6.000000,96.000000,96.000000,96.000000,94.000000,94.000000,5.0,115.4835,105.0165,365.6976,376.1646,PENDING_AG03,FALSE,NOT_FOR_ENFORCEMENT,461.9338,33370.1240,481.1811,461.9338,19.2472,0.01258756,0.01208406,19.2472,461.9338,0.01208406,19.2472,19.2472,19.2472,28.8709,28.8709,461.9338,0.01208406,115.4835,105.0165,365.6976,376.1646,0.00956655,0.00984036,0.00050350,13.1499,11.9740,0.1658,6.2491,1.8090,496.4507,37.7013,10.4533,13.8512,10.2195,10.5412,18.3951,22.009,22.009,31.6236,10.5412,0.0,2.087904,3.0,1.247477,27,146,58,3,0.16407309,0.01258756,0.02479038,0E-8,0.000000,0.909326,0.001376,-0.01459794,2026-03-22,2026-08-05,77,266,243,137,0.562044,0.754684,0.794934,0.546910,,,,,,,,GLOBAL_BASELINE_NO_ENTITY_RANKING,,,NOT_APPLICABLE_GLOBAL_BASELINE,HF9g-P5,,,,X 全窗基线 · 不参与实体赏罚,8390655,840,A168_HF9F_20260827_0900,2026-08-27 09:00:00
2026-05-02,94151214,2156,0,58.8173511185,35.3954416553,35.3954416553,0.7500000,4,4,0.50665070000000000,0.506650700000,0.9734833216690844,0.9734833216690844,0.9734833216690844,0E-17,ELIGIBLE,R03b_20260811_FULL_v1,L1_ELIGIBILITY,v2026-08-11,2026-03-21..2026-08-06,baccarat_bet02_101_all_pairs_incl_sentinel,round_win = game_pnl > 0 (decisive only),COMPATIBILITY_ONLY_NOT_PRODUCTION,38226.7023,34760.5459,481.1811,2907,2903,-0.01258756,-0.02479038,-0.01019244,-0.01258756,-481.1811,38226.7023,OK,0.0000,19.2472,4.0000,96.0000,AG03-UNRESOLVED,ALL5_LEVELS_bet23_to_bet27,19.2472,19.2472,19.2472,28.8709,28.8709,4.000000,4.000000,4.000000,6.000000,6.000000,96.000000,96.000000,96.000000,94.000000,94.000000,5.0,115.4835,105.0165,365.6976,376.1646,PENDING_AG03,FALSE,NOT_FOR_ENFORCEMENT,461.9338,33370.1240,481.1811,461.9338,19.2472,0.01258756,0.01208406,19.2472,461.9338,0.01208406,19.2472,19.2472,19.2472,28.8709,28.8709,461.9338,0.01208406,115.4835,105.0165,365.6976,376.1646,0.00956655,0.00984036,0.00050350,13.1499,11.9740,0.1658,6.2491,1.8090,496.4507,37.7013,10.4533,13.8512,10.2195,10.5412,18.3951,22.009,22.009,31.6236,10.5412,0.0,2.087904,3.0,1.247477,27,146,58,3,0.16407309,0.01258756,0.02479038,0E-8,0.000000,0.909326,0.001376,-0.01459794,2026-03-22,2026-08-05,77,266,243,137,0.562044,0.754684,0.794934,0.546910,,,,,,,,GLOBAL_BASELINE_NO_ENTITY_RANKING,,,NOT_APPLICABLE_GLOBAL_BASELINE,HF9g-P5,,,,X 全窗基线 · 不参与实体赏罚,8390656,840,A168_HF9F_20260827_0900,2026-08-27 09:00:00
2026-05-02,94151214,2171,0,126.0371809680,-42.5375485767,-42.5375485767,0.3333333,12,12,0.49659680000000000,0.496596800000,-1.1311486788576552,-1.1311486788576552,-1.1311486788576552,0E-17,ELIGIBLE,R03b_20260811_FULL_v1,L1_ELIGIBILITY,v2026-08-11,2026-03-21..2026-08-06,baccarat_bet02_101_all_pairs_incl_sentinel,round_win = game_pnl > 0 (decisive only),COMPATIBILITY_ONLY_NOT_PRODUCTION,38226.7023,34760.5459,481.1811,2907,2903,-0.01258756,-0.02479038,-0.01019244,-0.01258756,-481.1811,38226.7023,OK,0.0000,19.2472,4.0000,96.0000,AG03-UNRESOLVED,ALL5_LEVELS_bet23_to_bet27,19.2472,19.2472,19.2472,28.8709,28.8709,4.000000,4.000000,4.000000,6.000000,6.000000,96.000000,96.000000,96.000000,94.000000,94.000000,5.0,115.4835,105.0165,365.6976,376.1646,PENDING_AG03,FALSE,NOT_FOR_ENFORCEMENT,461.9338,33370.1240,481.1811,461.9338,19.2472,0.01258756,0.01208406,19.2472,461.9338,0.01208406,19.2472,19.2472,19.2472,28.8709,28.8709,461.9338,0.01208406,115.4835,105.0165,365.6976,376.1646,0.00956655,0.00984036,0.00050350,13.1499,11.9740,0.1658,6.2491,1.8090,496.4507,37.7013,10.4533,13.8512,10.2195,10.5412,18.3951,22.009,22.009,31.6236,10.5412,0.0,2.087904,3.0,1.247477,27,146,58,3,0.16407309,0.01258756,0.02479038,0E-8,0.000000,0.909326,0.001376,-0.01459794,2026-03-22,2026-08-05,77,266,243,137,0.562044,0.754684,0.794934,0.546910,,,,,,,,GLOBAL_BASELINE_NO_ENTITY_RANKING,,,NOT_APPLICABLE_GLOBAL_BASELINE,HF9g-P5,,,,X 全窗基线 · 不参与实体赏罚,8390657,840,A168_HF9F_20260827_0900,2026-08-27 09:00:00
2026-05-02,94151214,2266,0,73.5216888980,-10.5030984140,-10.5030984140,0.4285714,7,7,0.49516052857142857,0.495160528571,-0.3523729031294806,-0.3523729031272156,-0.3523729031294806,4.2857E-13,ELIGIBLE,R03b_20260811_FULL_v1,L1_ELIGIBILITY,v2026-08-11,2026-03-21..2026-08-06,baccarat_bet02_101_all_pairs_incl_sentinel,round_win = game_pnl > 0 (decisive only),COMPATIBILITY_ONLY_NOT_PRODUCTION,38226.7023,34760.5459,481.1811,2907,2903,-0.01258756,-0.02479038,-0.01019244,-0.01258756,-481.1811,38226.7023,OK,0.0000,19.2472,4.0000,96.0000,AG03-UNRESOLVED,ALL5_LEVELS_bet23_to_bet27,19.2472,19.2472,19.2472,28.8709,28.8709,4.000000,4.000000,4.000000,6.000000,6.000000,96.000000,96.000000,96.000000,94.000000,94.000000,5.0,115.4835,105.0165,365.6976,376.1646,PENDING_AG03,FALSE,NOT_FOR_ENFORCEMENT,461.9338,33370.1240,481.1811,461.9338,19.2472,0.01258756,0.01208406,19.2472,461.9338,0.01208406,19.2472,19.2472,19.2472,28.8709,28.8709,461.9338,0.01208406,115.4835,105.0165,365.6976,376.1646,0.00956655,0.00984036,0.00050350,13.1499,11.9740,0.1658,6.2491,1.8090,496.4507,37.7013,10.4533,13.8512,10.2195,10.5412,18.3951,22.009,22.009,31.6236,10.5412,0.0,2.087904,3.0,1.247477,27,146,58,3,0.16407309,0.01258756,0.02479038,0E-8,0.000000,0.909326,0.001376,-0.01459794,2026-03-22,2026-08-05,77,266,243,137,0.562044,0.754684,0.794934,0.546910,,,,,,,,GLOBAL_BASELINE_NO_ENTITY_RANKING,,,NOT_APPLICABLE_GLOBAL_BASELINE,HF9g-P5,,,,X 全窗基线 · 不参与实体赏罚,8390658,840,A168_HF9F_20260827_0900,2026-08-27 09:00:00
2026-05-05,94151214,1210,0,10.7131603823,-10.7131603823,-10.7131603823,0E-7,1,1,0.49324550000000000,0.493245500000,-0.9865810262130424,-0.9865810262130424,-0.9865810262130424,0E-17,ELIGIBLE,R03b_20260811_FULL_v1,L1_ELIGIBILITY,v2026-08-11,2026-03-21..2026-08-06,baccarat_bet02_101_all_pairs_incl_sentinel,round_win = game_pnl > 0 (decisive only),COMPATIBILITY_ONLY_NOT_PRODUCTION,38226.7023,34760.5459,481.1811,2907,2903,-0.01258756,-0.02479038,-0.01019244,-0.01258756,-481.1811,38226.7023,OK,0.0000,19.2472,4.0000,96.0000,AG03-UNRESOLVED,ALL5_LEVELS_bet23_to_bet27,19.2472,19.2472,19.2472,28.8709,28.8709,4.000000,4.000000,4.000000,6.000000,6.000000,96.000000,96.000000,96.000000,94.000000,94.000000,5.0,115.4835,105.0165,365.6976,376.1646,PENDING_AG03,FALSE,NOT_FOR_ENFORCEMENT,461.9338,33370.1240,481.1811,461.9338,19.2472,0.01258756,0.01208406,19.2472,461.9338,0.01208406,19.2472,19.2472,19.2472,28.8709,28.8709,461.9338,0.01208406,115.4835,105.0165,365.6976,376.1646,0.00956655,0.00984036,0.00050350,13.1499,11.9740,0.1658,6.2491,1.8090,496.4507,37.7013,10.4533,13.8512,10.2195,10.5412,18.3951,22.009,22.009,31.6236,10.5412,0.0,2.087904,3.0,1.247477,27,146,58,3,0.16407309,0.01258756,0.02479038,0E-8,0.000000,0.909326,0.001376,-0.01459794,2026-03-22,2026-08-05,77,266,243,137,0.562044,0.754684,0.794934,0.546910,,,,,,,,GLOBAL_BASELINE_NO_ENTITY_RANKING,,,NOT_APPLICABLE_GLOBAL_BASELINE,HF9g-P5,,,,X 全窗基线 · 不参与实体赏罚,8390659,840,A168_HF9F_20260827_0900,2026-08-27 09:00:00
2026-05-05,94151214,1330,0,10.5030984140,9.9779434933,9.9779434933,1.0000000,1,1,0.50665070000000000,0.506650700000,0.9867858985152569,0.9867858985152569,0.9867858985152569,0E-17,ELIGIBLE,R03b_20260811_FULL_v1,L1_ELIGIBILITY,v2026-08-11,2026-03-21..2026-08-06,baccarat_bet02_101_all_pairs_incl_sentinel,round_win = game_pnl > 0 (decisive only),COMPATIBILITY_ONLY_NOT_PRODUCTION,38226.7023,34760.5459,481.1811,2907,2903,-0.01258756,-0.02479038,-0.01019244,-0.01258756,-481.1811,38226.7023,OK,0.0000,19.2472,4.0000,96.0000,AG03-UNRESOLVED,ALL5_LEVELS_bet23_to_bet27,19.2472,19.2472,19.2472,28.8709,28.8709,4.000000,4.000000,4.000000,6.000000,6.000000,96.000000,96.000000,96.000000,94.000000,94.000000,5.0,115.4835,105.0165,365.6976,376.1646,PENDING_AG03,FALSE,NOT_FOR_ENFORCEMENT,461.9338,33370.1240,481.1811,461.9338,19.2472,0.01258756,0.01208406,19.2472,461.9338,0.01208406,19.2472,19.2472,19.2472,28.8709,28.8709,461.9338,0.01208406,115.4835,105.0165,365.6976,376.1646,0.00956655,0.00984036,0.00050350,13.1499,11.9740,0.1658,6.2491,1.8090,496.4507,37.7013,10.4533,13.8512,10.2195,10.5412,18.3951,22.009,22.009,31.6236,10.5412,0.0,2.087904,3.0,1.247477,27,146,58,3,0.16407309,0.01258756,0.02479038,0E-8,0.000000,0.909326,0.001376,-0.01459794,2026-03-22,2026-08-05,77,266,243,137,0.562044,0.754684,0.794934,0.546910,,,,,,,,GLOBAL_BASELINE_NO_ENTITY_RANKING,,,NOT_APPLICABLE_GLOBAL_BASELINE,HF9g-P5,,,,X 全窗基线 · 不参与实体赏罚,8390660,840,A168_HF9F_20260827_0900,2026-08-27 09:00:00
2026-05-05,94151214,1994,0,142.2119525259,18.6219934880,18.6219934880,0.6250000,9,9,0.50665070000000000,0.506650700000,0.6695439735338472,0.6695439735338472,0.6695439735338472,0E-17,ELIGIBLE,R03b_20260811_FULL_v1,L1_ELIGIBILITY,v2026-08-11,2026-03-21..2026-08-06,baccarat_bet02_101_all_pairs_incl_sentinel,round_win = game_pnl > 0 (decisive only),COMPATIBILITY_ONLY_NOT_PRODUCTION,38226.7023,34760.5459,481.1811,2907,2903,-0.01258756,-0.02479038,-0.01019244,-0.01258756,-481.1811,38226.7023,OK,0.0000,19.2472,4.0000,96.0000,AG03-UNRESOLVED,ALL5_LEVELS_bet23_to_bet27,19.2472,19.2472,19.2472,28.8709,28.8709,4.000000,4.000000,4.000000,6.000000,6.000000,96.000000,96.000000,96.000000,94.000000,94.000000,5.0,115.4835,105.0165,365.6976,376.1646,PENDING_AG03,FALSE,NOT_FOR_ENFORCEMENT,461.9338,33370.1240,481.1811,461.9338,19.2472,0.01258756,0.01208406,19.2472,461.9338,0.01208406,19.2472,19.2472,19.2472,28.8709,28.8709,461.9338,0.01208406,115.4835,105.0165,365.6976,376.1646,0.00956655,0.00984036,0.00050350,13.1499,11.9740,0.1658,6.2491,1.8090,496.4507,37.7013,10.4533,13.8512,10.2195,10.5412,18.3951,22.009,22.009,31.6236,10.5412,0.0,2.087904,3.0,1.247477,27,146,58,3,0.16407309,0.01258756,0.02479038,0E-8,0.000000,0.909326,0.001376,-0.01459794,2026-03-22,2026-08-05,77,266,243,137,0.562044,0.754684,0.794934,0.546910,,,,,,,,GLOBAL_BASELINE_NO_ENTITY_RANKING,,,NOT_APPLICABLE_GLOBAL_BASELINE,HF9g-P5,,,,X 全窗基线 · 不参与实体赏罚,8390661,840,A168_HF9F_20260827_0900,2026-08-27 09:00:00
2026-05-05,94151214,2088,0,256.2756013025,52.6205230545,52.6205230545,0.6153846,14,14,0.49516052857142857,0.495160528571,0.8669888306482888,0.8669888306513868,0.8669888306482888,4.2857E-13,ELIGIBLE,R03b_20260811_FULL_v1,L1_ELIGIBILITY,v2026-08-11,2026-03-21..2026-08-06,baccarat_bet02_101_all_pairs_incl_sentinel,round_win = game_pnl > 0 (decisive only),COMPATIBILITY_ONLY_NOT_PRODUCTION,38226.7023,34760.5459,481.1811,2907,2903,-0.01258756,-0.02479038,-0.01019244,-0.01258756,-481.1811,38226.7023,OK,0.0000,19.2472,4.0000,96.0000,AG03-UNRESOLVED,ALL5_LEVELS_bet23_to_bet27,19.2472,19.2472,19.2472,28.8709,28.8709,4.000000,4.000000,4.000000,6.000000,6.000000,96.000000,96.000000,96.000000,94.000000,94.000000,5.0,115.4835,105.0165,365.6976,376.1646,PENDING_AG03,FALSE,NOT_FOR_ENFORCEMENT,461.9338,33370.1240,481.1811,461.9338,19.2472,0.01258756,0.01208406,19.2472,461.9338,0.01208406,19.2472,19.2472,19.2472,28.8709,28.8709,461.9338,0.01208406,115.4835,105.0165,365.6976,376.1646,0.00956655,0.00984036,0.00050350,13.1499,11.9740,0.1658,6.2491,1.8090,496.4507,37.7013,10.4533,13.8512,10.2195,10.5412,18.3951,22.009,22.009,31.6236,10.5412,0.0,2.087904,3.0,1.247477,27,146,58,3,0.16407309,0.01258756,0.02479038,0E-8,0.000000,0.909326,0.001376,-0.01459794,2026-03-22,2026-08-05,77,266,243,137,0.562044,0.754684,0.794934,0.546910,,,,,,,,GLOBAL_BASELINE_NO_ENTITY_RANKING,,,NOT_APPLICABLE_GLOBAL_BASELINE,HF9g-P5,,,,X 全窗基线 · 不参与实体赏罚,8390662,840,A168_HF9F_20260827_0900,2026-08-27 09:00:00
2026-05-05,94151214,2093,0,77.7229282638,21.0061968280,21.0061968280,0.6666667,6,6,0.50441650000000000,0.504416500000,0.7948912480929629,0.7948912480929629,0.7948912480929629,0E-17,ELIGIBLE,R03b_20260811_FULL_v1,L1_ELIGIBILITY,v2026-08-11,2026-03-21..2026-08-06,baccarat_bet02_101_all_pairs_incl_sentinel,round_win = game_pnl > 0 (decisive only),COMPATIBILITY_ONLY_NOT_PRODUCTION,38226.7023,34760.5459,481.1811,2907,2903,-0.01258756,-0.02479038,-0.01019244,-0.01258756,-481.1811,38226.7023,OK,0.0000,19.2472,4.0000,96.0000,AG03-UNRESOLVED,ALL5_LEVELS_bet23_to_bet27,19.2472,19.2472,19.2472,28.8709,28.8709,4.000000,4.000000,4.000000,6.000000,6.000000,96.000000,96.000000,96.000000,94.000000,94.000000,5.0,115.4835,105.0165,365.6976,376.1646,PENDING_AG03,FALSE,NOT_FOR_ENFORCEMENT,461.9338,33370.1240,481.1811,461.9338,19.2472,0.01258756,0.01208406,19.2472,461.9338,0.01208406,19.2472,19.2472,19.2472,28.8709,28.8709,461.9338,0.01208406,115.4835,105.0165,365.6976,376.1646,0.00956655,0.00984036,0.00050350,13.1499,11.9740,0.1658,6.2491,1.8090,496.4507,37.7013,10.4533,13.8512,10.2195,10.5412,18.3951,22.009,22.009,31.6236,10.5412,0.0,2.087904,3.0,1.247477,27,146,58,3,0.16407309,0.01258756,0.02479038,0E-8,0.000000,0.909326,0.001376,-0.01459794,2026-03-22,2026-08-05,77,266,243,137,0.562044,0.754684,0.794934,0.546910,,,,,,,,GLOBAL_BASELINE_NO_ENTITY_RANKING,,,NOT_APPLICABLE_GLOBAL_BASELINE,HF9g-P5,,,,X 全窗基线 · 不参与实体赏罚,8390663,840,A168_HF9F_20260827_0900,2026-08-27 09:00:00
2026-05-05,94151214,2171,0,21.0061968280,-21.0061968280,-21.0061968280,0E-7,2,2,0.50665070000000000,0.506650700000,-1.4331513700195317,-1.4331513700195317,-1.4331513700195317,0E-17,ELIGIBLE,R03b_20260811_FULL_v1,L1_ELIGIBILITY,v2026-08-11,2026-03-21..2026-08-06,baccarat_bet02_101_all_pairs_incl_sentinel,round_win = game_pnl > 0 (decisive only),COMPATIBILITY_ONLY_NOT_PRODUCTION,38226.7023,34760.5459,481.1811,2907,2903,-0.01258756,-0.02479038,-0.01019244,-0.01258756,-481.1811,38226.7023,OK,0.0000,19.2472,4.0000,96.0000,AG03-UNRESOLVED,ALL5_LEVELS_bet23_to_bet27,19.2472,19.2472,19.2472,28.8709,28.8709,4.000000,4.000000,4.000000,6.000000,6.000000,96.000000,96.000000,96.000000,94.000000,94.000000,5.0,115.4835,105.0165,365.6976,376.1646,PENDING_AG03,FALSE,NOT_FOR_ENFORCEMENT,461.9338,33370.1240,481.1811,461.9338,19.2472,0.01258756,0.01208406,19.2472,461.9338,0.01208406,19.2472,19.2472,19.2472,28.8709,28.8709,461.9338,0.01208406,115.4835,105.0165,365.6976,376.1646,0.00956655,0.00984036,0.00050350,13.1499,11.9740,0.1658,6.2491,1.8090,496.4507,37.7013,10.4533,13.8512,10.2195,10.5412,18.3951,22.009,22.009,31.6236,10.5412,0.0,2.087904,3.0,1.247477,27,146,58,3,0.16407309,0.01258756,0.02479038,0E-8,0.000000,0.909326,0.001376,-0.01459794,2026-03-22,2026-08-05,77,266,243,137,0.562044,0.754684,0.794934,0.546910,,,,,,,,GLOBAL_BASELINE_NO_ENTITY_RANKING,,,NOT_APPLICABLE_GLOBAL_BASELINE,HF9g-P5,,,,X 全窗基线 · 不参与实体赏罚,8390664,840,A168_HF9F_20260827_0900,2026-08-27 09:00:00
2026-05-05,94151214,2252,0,52.9356160066,-31.5092952420,-31.5092952420,0E-7,5,5,0.49324550000000000,0.493245500000,-1.708808463184432,-1.7088084631844318,-1.708808463184432,0E-17,ELIGIBLE,R03b_20260811_FULL_v1,L1_ELIGIBILITY,v2026-08-11,2026-03-21..2026-08-06,baccarat_bet02_101_all_pairs_incl_sentinel,round_win = game_pnl > 0 (decisive only),COMPATIBILITY_ONLY_NOT_PRODUCTION,38226.7023,34760.5459,481.1811,2907,2903,-0.01258756,-0.02479038,-0.01019244,-0.01258756,-481.1811,38226.7023,OK,0.0000,19.2472,4.0000,96.0000,AG03-UNRESOLVED,ALL5_LEVELS_bet23_to_bet27,19.2472,19.2472,19.2472,28.8709,28.8709,4.000000,4.000000,4.000000,6.000000,6.000000,96.000000,96.000000,96.000000,94.000000,94.000000,5.0,115.4835,105.0165,365.6976,376.1646,PENDING_AG03,FALSE,NOT_FOR_ENFORCEMENT,461.9338,33370.1240,481.1811,461.9338,19.2472,0.01258756,0.01208406,19.2472,461.9338,0.01208406,19.2472,19.2472,19.2472,28.8709,28.8709,461.9338,0.01208406,115.4835,105.0165,365.6976,376.1646,0.00956655,0.00984036,0.00050350,13.1499,11.9740,0.1658,6.2491,1.8090,496.4507,37.7013,10.4533,13.8512,10.2195,10.5412,18.3951,22.009,22.009,31.6236,10.5412,0.0,2.087904,3.0,1.247477,27,146,58,3,0.16407309,0.01258756,0.02479038,0E-8,0.000000,0.909326,0.001376,-0.01459794,2026-03-22,2026-08-05,77,266,243,137,0.562044,0.754684,0.794934,0.546910,,,,,,,,GLOBAL_BASELINE_NO_ENTITY_RANKING,,,NOT_APPLICABLE_GLOBAL_BASELINE,HF9g-P5,,,,X 全窗基线 · 不参与实体赏罚,8390665,840,A168_HF9F_20260827_0900,2026-08-27 09:00:00
2026-05-07,94151214,1109,0,14.4942758114,-14.4942758114,-14.4942758114,0E-7,2,2,0.49324550000000000,0.493245500000,-1.3952362676504506,-1.3952362676504506,-1.3952362676504506,0E-17,ELIGIBLE,R03b_20260811_FULL_v1,L1_ELIGIBILITY,v2026-08-11,2026-03-21..2026-08-06,baccarat_bet02_101_all_pairs_incl_sentinel,round_win = game_pnl > 0 (decisive only),COMPATIBILITY_ONLY_NOT_PRODUCTION,38226.7023,34760.5459,481.1811,2907,2903,-0.01258756,-0.02479038,-0.01019244,-0.01258756,-481.1811,38226.7023,OK,0.0000,19.2472,4.0000,96.0000,AG03-UNRESOLVED,ALL5_LEVELS_bet23_to_bet27,19.2472,19.2472,19.2472,28.8709,28.8709,4.000000,4.000000,4.000000,6.000000,6.000000,96.000000,96.000000,96.000000,94.000000,94.000000,5.0,115.4835,105.0165,365.6976,376.1646,PENDING_AG03,FALSE,NOT_FOR_ENFORCEMENT,461.9338,33370.1240,481.1811,461.9338,19.2472,0.01258756,0.01208406,19.2472,461.9338,0.01208406,19.2472,19.2472,19.2472,28.8709,28.8709,461.9338,0.01208406,115.4835,105.0165,365.6976,376.1646,0.00956655,0.00984036,0.00050350,13.1499,11.9740,0.1658,6.2491,1.8090,496.4507,37.7013,10.4533,13.8512,10.2195,10.5412,18.3951,22.009,22.009,31.6236,10.5412,0.0,2.087904,3.0,1.247477,27,146,58,3,0.16407309,0.01258756,0.02479038,0E-8,0.000000,0.909326,0.001376,-0.01459794,2026-03-22,2026-08-05,77,266,243,137,0.562044,0.754684,0.794934,0.546910,,,,,,,,GLOBAL_BASELINE_NO_ENTITY_RANKING,,,NOT_APPLICABLE_GLOBAL_BASELINE,HF9g-P5,,,,X 全窗基线 · 不参与实体赏罚,8390666,840,A168_HF9F_20260827_0900,2026-08-27 09:00:00
2026-05-07,94151214,1507,0,10.5030984140,-10.5030984140,-10.5030984140,0E-7,1,1,0.50665070000000000,0.506650700000,-1.013391052207602,-1.013391052207602,-1.013391052207602,0E-17,ELIGIBLE,R03b_20260811_FULL_v1,L1_ELIGIBILITY,v2026-08-11,2026-03-21..2026-08-06,baccarat_bet02_101_all_pairs_incl_sentinel,round_win = game_pnl > 0 (decisive only),COMPATIBILITY_ONLY_NOT_PRODUCTION,38226.7023,34760.5459,481.1811,2907,2903,-0.01258756,-0.02479038,-0.01019244,-0.01258756,-481.1811,38226.7023,OK,0.0000,19.2472,4.0000,96.0000,AG03-UNRESOLVED,ALL5_LEVELS_bet23_to_bet27,19.2472,19.2472,19.2472,28.8709,28.8709,4.000000,4.000000,4.000000,6.000000,6.000000,96.000000,96.000000,96.000000,94.000000,94.000000,5.0,115.4835,105.0165,365.6976,376.1646,PENDING_AG03,FALSE,NOT_FOR_ENFORCEMENT,461.9338,33370.1240,481.1811,461.9338,19.2472,0.01258756,0.01208406,19.2472,461.9338,0.01208406,19.2472,19.2472,19.2472,28.8709,28.8709,461.9338,0.01208406,115.4835,105.0165,365.6976,376.1646,0.00956655,0.00984036,0.00050350,13.1499,11.9740,0.1658,6.2491,1.8090,496.4507,37.7013,10.4533,13.8512,10.2195,10.5412,18.3951,22.009,22.009,31.6236,10.5412,0.0,2.087904,3.0,1.247477,27,146,58,3,0.16407309,0.01258756,0.02479038,0E-8,0.000000,0.909326,0.001376,-0.01459794,2026-03-22,2026-08-05,77,266,243,137,0.562044,0.754684,0.794934,0.546910,,,,,,,,GLOBAL_BASELINE_NO_ENTITY_RANKING,,,NOT_APPLICABLE_GLOBAL_BASELINE,HF9g-P5,,,,X 全窗基线 · 不参与实体赏罚,8390667,840,A168_HF9F_20260827_0900,2026-08-27 09:00:00
2026-05-07,94151214,1645,0,73.5216888980,8.9276336519,8.9276336519,0.5714286,7,7,0.49899058571428571,0.498990585714,0.38330657246501415,0.3833065724665265,0.38330657246501415,2.8571E-13,ELIGIBLE,R03b_20260811_FULL_v1,L1_ELIGIBILITY,v2026-08-11,2026-03-21..2026-08-06,baccarat_bet02_101_all_pairs_incl_sentinel,round_win = game_pnl > 0 (decisive only),COMPATIBILITY_ONLY_NOT_PRODUCTION,38226.7023,34760.5459,481.1811,2907,2903,-0.01258756,-0.02479038,-0.01019244,-0.01258756,-481.1811,38226.7023,OK,0.0000,19.2472,4.0000,96.0000,AG03-UNRESOLVED,ALL5_LEVELS_bet23_to_bet27,19.2472,19.2472,19.2472,28.8709,28.8709,4.000000,4.000000,4.000000,6.000000,6.000000,96.000000,96.000000,96.000000,94.000000,94.000000,5.0,115.4835,105.0165,365.6976,376.1646,PENDING_AG03,FALSE,NOT_FOR_ENFORCEMENT,461.9338,33370.1240,481.1811,461.9338,19.2472,0.01258756,0.01208406,19.2472,461.9338,0.01208406,19.2472,19.2472,19.2472,28.8709,28.8709,461.9338,0.01208406,115.4835,105.0165,365.6976,376.1646,0.00956655,0.00984036,0.00050350,13.1499,11.9740,0.1658,6.2491,1.8090,496.4507,37.7013,10.4533,13.8512,10.2195,10.5412,18.3951,22.009,22.009,31.6236,10.5412,0.0,2.087904,3.0,1.247477,27,146,58,3,0.16407309,0.01258756,0.02479038,0E-8,0.000000,0.909326,0.001376,-0.01459794,2026-03-22,2026-08-05,77,266,243,137,0.562044,0.754684,0.794934,0.546910,,,,,,,,GLOBAL_BASELINE_NO_ENTITY_RANKING,,,NOT_APPLICABLE_GLOBAL_BASELINE,HF9g-P5,,,,X 全窗基线 · 不参与实体赏罚,8390668,840,A168_HF9F_20260827_0900,2026-08-27 09:00:00
2026-05-07,94151214,1963,0,165.9489549415,-2.3106816511,-2.3106816511,0.5454545,12,12,0.49994810000000000,0.499948100000,0.30185561185716514,0.30185561185716514,0.30185561185716514,0E-17,ELIGIBLE,R03b_20260811_FULL_v1,L1_ELIGIBILITY,v2026-08-11,2026-03-21..2026-08-06,baccarat_bet02_101_all_pairs_incl_sentinel,round_win = game_pnl > 0 (decisive only),COMPATIBILITY_ONLY_NOT_PRODUCTION,38226.7023,34760.5459,481.1811,2907,2903,-0.01258756,-0.02479038,-0.01019244,-0.01258756,-481.1811,38226.7023,OK,0.0000,19.2472,4.0000,96.0000,AG03-UNRESOLVED,ALL5_LEVELS_bet23_to_bet27,19.2472,19.2472,19.2472,28.8709,28.8709,4.000000,4.000000,4.000000,6.000000,6.000000,96.000000,96.000000,96.000000,94.000000,94.000000,5.0,115.4835,105.0165,365.6976,376.1646,PENDING_AG03,FALSE,NOT_FOR_ENFORCEMENT,461.9338,33370.1240,481.1811,461.9338,19.2472,0.01258756,0.01208406,19.2472,461.9338,0.01208406,19.2472,19.2472,19.2472,28.8709,28.8709,461.9338,0.01208406,115.4835,105.0165,365.6976,376.1646,0.00956655,0.00984036,0.00050350,13.1499,11.9740,0.1658,6.2491,1.8090,496.4507,37.7013,10.4533,13.8512,10.2195,10.5412,18.3951,22.009,22.009,31.6236,10.5412,0.0,2.087904,3.0,1.247477,27,146,58,3,0.16407309,0.01258756,0.02479038,0E-8,0.000000,0.909326,0.001376,-0.01459794,2026-03-22,2026-08-05,77,266,243,137,0.562044,0.754684,0.794934,0.546910,,,,,,,,GLOBAL_BASELINE_NO_ENTITY_RANKING,,,NOT_APPLICABLE_GLOBAL_BASELINE,HF9g-P5,,,,X 全窗基线 · 不参与实体赏罚,8390669,840,A168_HF9F_20260827_0900,2026-08-27 09:00:00
2026-05-07,94151214,2209,0,7.9823547947,-7.9823547947,-7.9823547947,0E-7,1,1,0.49324550000000000,0.493245500000,-0.9865810262130424,-0.9865810262130424,-0.9865810262130424,0E-17,ELIGIBLE,R03b_20260811_FULL_v1,L1_ELIGIBILITY,v2026-08-11,2026-03-21..2026-08-06,baccarat_bet02_101_all_pairs_incl_sentinel,round_win = game_pnl > 0 (decisive only),COMPATIBILITY_ONLY_NOT_PRODUCTION,38226.7023,34760.5459,481.1811,2907,2903,-0.01258756,-0.02479038,-0.01019244,-0.01258756,-481.1811,38226.7023,OK,0.0000,19.2472,4.0000,96.0000,AG03-UNRESOLVED,ALL5_LEVELS_bet23_to_bet27,19.2472,19.2472,19.2472,28.8709,28.8709,4.000000,4.000000,4.000000,6.000000,6.000000,96.000000,96.000000,96.000000,94.000000,94.000000,5.0,115.4835,105.0165,365.6976,376.1646,PENDING_AG03,FALSE,NOT_FOR_ENFORCEMENT,461.9338,33370.1240,481.1811,461.9338,19.2472,0.01258756,0.01208406,19.2472,461.9338,0.01208406,19.2472,19.2472,19.2472,28.8709,28.8709,461.9338,0.01208406,115.4835,105.0165,365.6976,376.1646,0.00956655,0.00984036,0.00050350,13.1499,11.9740,0.1658,6.2491,1.8090,496.4507,37.7013,10.4533,13.8512,10.2195,10.5412,18.3951,22.009,22.009,31.6236,10.5412,0.0,2.087904,3.0,1.247477,27,146,58,3,0.16407309,0.01258756,0.02479038,0E-8,0.000000,0.909326,0.001376,-0.01459794,2026-03-22,2026-08-05,77,266,243,137,0.562044,0.754684,0.794934,0.546910,,,,,,,,GLOBAL_BASELINE_NO_ENTITY_RANKING,,,NOT_APPLICABLE_GLOBAL_BASELINE,HF9g-P5,,,,X 全窗基线 · 不参与实体赏罚,8390670,840,A168_HF9F_20260827_0900,2026-08-27 09:00:00
2026-05-07,94151214,595,0,102.9303644572,-36.2356895283,-36.2356895283,0.2500000,10,10,0.49726706000000000,0.497267060000,-1.3987746140627544,-1.3987746140627544,-1.3987746140627544,0E-17,ELIGIBLE,R03b_20260811_FULL_v1,L1_ELIGIBILITY,v2026-08-11,2026-03-21..2026-08-06,baccarat_bet02_101_all_pairs_incl_sentinel,round_win = game_pnl > 0 (decisive only),COMPATIBILITY_ONLY_NOT_PRODUCTION,38226.7023,34760.5459,481.1811,2907,2903,-0.01258756,-0.02479038,-0.01019244,-0.01258756,-481.1811,38226.7023,OK,0.0000,19.2472,4.0000,96.0000,AG03-UNRESOLVED,ALL5_LEVELS_bet23_to_bet27,19.2472,19.2472,19.2472,28.8709,28.8709,4.000000,4.000000,4.000000,6.000000,6.000000,96.000000,96.000000,96.000000,94.000000,94.000000,5.0,115.4835,105.0165,365.6976,376.1646,PENDING_AG03,FALSE,NOT_FOR_ENFORCEMENT,461.9338,33370.1240,481.1811,461.9338,19.2472,0.01258756,0.01208406,19.2472,461.9338,0.01208406,19.2472,19.2472,19.2472,28.8709,28.8709,461.9338,0.01208406,115.4835,105.0165,365.6976,376.1646,0.00956655,0.00984036,0.00050350,13.1499,11.9740,0.1658,6.2491,1.8090,496.4507,37.7013,10.4533,13.8512,10.2195,10.5412,18.3951,22.009,22.009,31.6236,10.5412,0.0,2.087904,3.0,1.247477,27,146,58,3,0.16407309,0.01258756,0.02479038,0E-8,0.000000,0.909326,0.001376,-0.01459794,2026-03-22,2026-08-05,77,266,243,137,0.562044,0.754684,0.794934,0.546910,,,,,,,,GLOBAL_BASELINE_NO_ENTITY_RANKING,,,NOT_APPLICABLE_GLOBAL_BASELINE,HF9g-P5,,,,X 全窗基线 · 不参与实体赏罚,8390671,840,A168_HF9F_20260827_0900,2026-08-27 09:00:00
2026-05-07,94151214,789,0,74.7820607078,9.5998319505,9.5998319505,0.5714286,7,7,0.50665070000000000,0.506650700000,0.34280260342128577,0.34280260342128577,0.34280260342128577,0E-17,ELIGIBLE,R03b_20260811_FULL_v1,L1_ELIGIBILITY,v2026-08-11,2026-03-21..2026-08-06,baccarat_bet02_101_all_pairs_incl_sentinel,round_win = game_pnl > 0 (decisive only),COMPATIBILITY_ONLY_NOT_PRODUCTION,38226.7023,34760.5459,481.1811,2907,2903,-0.01258756,-0.02479038,-0.01019244,-0.01258756,-481.1811,38226.7023,OK,0.0000,19.2472,4.0000,96.0000,AG03-UNRESOLVED,ALL5_LEVELS_bet23_to_bet27,19.2472,19.2472,19.2472,28.8709,28.8709,4.000000,4.000000,4.000000,6.000000,6.000000,96.000000,96.000000,96.000000,94.000000,94.000000,5.0,115.4835,105.0165,365.6976,376.1646,PENDING_AG03,FALSE,NOT_FOR_ENFORCEMENT,461.9338,33370.1240,481.1811,461.9338,19.2472,0.01258756,0.01208406,19.2472,461.9338,0.01208406,19.2472,19.2472,19.2472,28.8709,28.8709,461.9338,0.01208406,115.4835,105.0165,365.6976,376.1646,0.00956655,0.00984036,0.00050350,13.1499,11.9740,0.1658,6.2491,1.8090,496.4507,37.7013,10.4533,13.8512,10.2195,10.5412,18.3951,22.009,22.009,31.6236,10.5412,0.0,2.087904,3.0,1.247477,27,146,58,3,0.16407309,0.01258756,0.02479038,0E-8,0.000000,0.909326,0.001376,-0.01459794,2026-03-22,2026-08-05,77,266,243,137,0.562044,0.754684,0.794934,0.546910,,,,,,,,GLOBAL_BASELINE_NO_ENTITY_RANKING,,,NOT_APPLICABLE_GLOBAL_BASELINE,HF9g-P5,,,,X 全窗基线 · 不参与实体赏罚,8390672,840,A168_HF9F_20260827_0900,2026-08-27 09:00:00
2026-05-08,94151214,2196,0,32.7696670518,-8.4024787312,-8.4024787312,0.3333333,4,4,0.49994810000000000,0.499948100000,-0.5771704854251445,-0.5771704854251445,-0.5771704854251445,0E-17,ELIGIBLE,R03b_20260811_FULL_v1,L1_ELIGIBILITY,v2026-08-11,2026-03-21..2026-08-06,baccarat_bet02_101_all_pairs_incl_sentinel,round_win = game_pnl > 0 (decisive only),COMPATIBILITY_ONLY_NOT_PRODUCTION,38226.7023,34760.5459,481.1811,2907,2903,-0.01258756,-0.02479038,-0.01019244,-0.01258756,-481.1811,38226.7023,OK,0.0000,19.2472,4.0000,96.0000,AG03-UNRESOLVED,ALL5_LEVELS_bet23_to_bet27,19.2472,19.2472,19.2472,28.8709,28.8709,4.000000,4.000000,4.000000,6.000000,6.000000,96.000000,96.000000,96.000000,94.000000,94.000000,5.0,115.4835,105.0165,365.6976,376.1646,PENDING_AG03,FALSE,NOT_FOR_ENFORCEMENT,461.9338,33370.1240,481.1811,461.9338,19.2472,0.01258756,0.01208406,19.2472,461.9338,0.01208406,19.2472,19.2472,19.2472,28.8709,28.8709,461.9338,0.01208406,115.4835,105.0165,365.6976,376.1646,0.00956655,0.00984036,0.00050350,13.1499,11.9740,0.1658,6.2491,1.8090,496.4507,37.7013,10.4533,13.8512,10.2195,10.5412,18.3951,22.009,22.009,31.6236,10.5412,0.0,2.087904,3.0,1.247477,27,146,58,3,0.16407309,0.01258756,0.02479038,0E-8,0.000000,0.909326,0.001376,-0.01459794,2026-03-22,2026-08-05,77,266,243,137,0.562044,0.754684,0.794934,0.546910,,,,,,,,GLOBAL_BASELINE_NO_ENTITY_RANKING,,,NOT_APPLICABLE_GLOBAL_BASELINE,HF9g-P5,,,,X 全窗基线 · 不参与实体赏罚,8390673,840,A168_HF9F_20260827_0900,2026-08-27 09:00:00
2026-05-08,94151214,986,0,45.3733851485,4.8734376641,4.8734376641,0.6000000,11,11,0.50055742727272727,0.500557427273,0.6289304432594,0.6289304432576754,0.6289304432594,-2.7273E-13,ELIGIBLE,R03b_20260811_FULL_v1,L1_ELIGIBILITY,v2026-08-11,2026-03-21..2026-08-06,baccarat_bet02_101_all_pairs_incl_sentinel,round_win = game_pnl > 0 (decisive only),COMPATIBILITY_ONLY_NOT_PRODUCTION,38226.7023,34760.5459,481.1811,2907,2903,-0.01258756,-0.02479038,-0.01019244,-0.01258756,-481.1811,38226.7023,OK,0.0000,19.2472,4.0000,96.0000,AG03-UNRESOLVED,ALL5_LEVELS_bet23_to_bet27,19.2472,19.2472,19.2472,28.8709,28.8709,4.000000,4.000000,4.000000,6.000000,6.000000,96.000000,96.000000,96.000000,94.000000,94.000000,5.0,115.4835,105.0165,365.6976,376.1646,PENDING_AG03,FALSE,NOT_FOR_ENFORCEMENT,461.9338,33370.1240,481.1811,461.9338,19.2472,0.01258756,0.01208406,19.2472,461.9338,0.01208406,19.2472,19.2472,19.2472,28.8709,28.8709,461.9338,0.01208406,115.4835,105.0165,365.6976,376.1646,0.00956655,0.00984036,0.00050350,13.1499,11.9740,0.1658,6.2491,1.8090,496.4507,37.7013,10.4533,13.8512,10.2195,10.5412,18.3951,22.009,22.009,31.6236,10.5412,0.0,2.087904,3.0,1.247477,27,146,58,3,0.16407309,0.01258756,0.02479038,0E-8,0.000000,0.909326,0.001376,-0.01459794,2026-03-22,2026-08-05,77,266,243,137,0.562044,0.754684,0.794934,0.546910,,,,,,,,GLOBAL_BASELINE_NO_ENTITY_RANKING,,,NOT_APPLICABLE_GLOBAL_BASELINE,HF9g-P5,,,,X 全窗基线 · 不参与实体赏罚,8390674,840,A168_HF9F_20260827_0900,2026-08-27 09:00:00
2026-05-11,94151214,1017,0,52.5154920701,8.9276336518,8.9276336518,0.7500000,4,4,0.50329940000000000,0.503299400000,0.9868238854431842,0.9868238854431842,0.9868238854431842,0E-17,ELIGIBLE,R03b_20260811_FULL_v1,L1_ELIGIBILITY,v2026-08-11,2026-03-21..2026-08-06,baccarat_bet02_101_all_pairs_incl_sentinel,round_win = game_pnl > 0 (decisive only),COMPATIBILITY_ONLY_NOT_PRODUCTION,38226.7023,34760.5459,481.1811,2907,2903,-0.01258756,-0.02479038,-0.01019244,-0.01258756,-481.1811,38226.7023,OK,0.0000,19.2472,4.0000,96.0000,AG03-UNRESOLVED,ALL5_LEVELS_bet23_to_bet27,19.2472,19.2472,19.2472,28.8709,28.8709,4.000000,4.000000,4.000000,6.000000,6.000000,96.000000,96.000000,96.000000,94.000000,94.000000,5.0,115.4835,105.0165,365.6976,376.1646,PENDING_AG03,FALSE,NOT_FOR_ENFORCEMENT,461.9338,33370.1240,481.1811,461.9338,19.2472,0.01258756,0.01208406,19.2472,461.9338,0.01208406,19.2472,19.2472,19.2472,28.8709,28.8709,461.9338,0.01208406,115.4835,105.0165,365.6976,376.1646,0.00956655,0.00984036,0.00050350,13.1499,11.9740,0.1658,6.2491,1.8090,496.4507,37.7013,10.4533,13.8512,10.2195,10.5412,18.3951,22.009,22.009,31.6236,10.5412,0.0,2.087904,3.0,1.247477,27,146,58,3,0.16407309,0.01258756,0.02479038,0E-8,0.000000,0.909326,0.001376,-0.01459794,2026-03-22,2026-08-05,77,266,243,137,0.562044,0.754684,0.794934,0.546910,,,,,,,,GLOBAL_BASELINE_NO_ENTITY_RANKING,,,NOT_APPLICABLE_GLOBAL_BASELINE,HF9g-P5,,,,X 全窗基线 · 不参与实体赏罚,8390675,840,A168_HF9F_20260827_0900,2026-08-27 09:00:00
2026-05-11,94151214,1210,0,97.0486293455,13.1078668208,13.1078668208,0.5714286,8,8,0.50162375000000000,0.501623750000,0.36937434338991915,0.36937434338991915,0.36937434338991915,0E-17,ELIGIBLE,R03b_20260811_FULL_v1,L1_ELIGIBILITY,v2026-08-11,2026-03-21..2026-08-06,baccarat_bet02_101_all_pairs_incl_sentinel,round_win = game_pnl > 0 (decisive only),COMPATIBILITY_ONLY_NOT_PRODUCTION,38226.7023,34760.5459,481.1811,2907,2903,-0.01258756,-0.02479038,-0.01019244,-0.01258756,-481.1811,38226.7023,OK,0.0000,19.2472,4.0000,96.0000,AG03-UNRESOLVED,ALL5_LEVELS_bet23_to_bet27,19.2472,19.2472,19.2472,28.8709,28.8709,4.000000,4.000000,4.000000,6.000000,6.000000,96.000000,96.000000,96.000000,94.000000,94.000000,5.0,115.4835,105.0165,365.6976,376.1646,PENDING_AG03,FALSE,NOT_FOR_ENFORCEMENT,461.9338,33370.1240,481.1811,461.9338,19.2472,0.01258756,0.01208406,19.2472,461.9338,0.01208406,19.2472,19.2472,19.2472,28.8709,28.8709,461.9338,0.01208406,115.4835,105.0165,365.6976,376.1646,0.00956655,0.00984036,0.00050350,13.1499,11.9740,0.1658,6.2491,1.8090,496.4507,37.7013,10.4533,13.8512,10.2195,10.5412,18.3951,22.009,22.009,31.6236,10.5412,0.0,2.087904,3.0,1.247477,27,146,58,3,0.16407309,0.01258756,0.02479038,0E-8,0.000000,0.909326,0.001376,-0.01459794,2026-03-22,2026-08-05,77,266,243,137,0.562044,0.754684,0.794934,0.546910,,,,,,,,GLOBAL_BASELINE_NO_ENTITY_RANKING,,,NOT_APPLICABLE_GLOBAL_BASELINE,HF9g-P5,,,,X 全窗基线 · 不参与实体赏罚,8390676,840,A168_HF9F_20260827_0900,2026-08-27 09:00:00
2026-05-11,94151214,1299,0,71.4210692153,-8.9276336520,-8.9276336520,0.5000000,6,6,0.50218230000000000,0.502182300000,-0.01069114476356389,-0.01069114476356389,-0.01069114476356389,0E-17,ELIGIBLE,R03b_20260811_FULL_v1,L1_ELIGIBILITY,v2026-08-11,2026-03-21..2026-08-06,baccarat_bet02_101_all_pairs_incl_sentinel,round_win = game_pnl > 0 (decisive only),COMPATIBILITY_ONLY_NOT_PRODUCTION,38226.7023,34760.5459,481.1811,2907,2903,-0.01258756,-0.02479038,-0.01019244,-0.01258756,-481.1811,38226.7023,OK,0.0000,19.2472,4.0000,96.0000,AG03-UNRESOLVED,ALL5_LEVELS_bet23_to_bet27,19.2472,19.2472,19.2472,28.8709,28.8709,4.000000,4.000000,4.000000,6.000000,6.000000,96.000000,96.000000,96.000000,94.000000,94.000000,5.0,115.4835,105.0165,365.6976,376.1646,PENDING_AG03,FALSE,NOT_FOR_ENFORCEMENT,461.9338,33370.1240,481.1811,461.9338,19.2472,0.01258756,0.01208406,19.2472,461.9338,0.01208406,19.2472,19.2472,19.2472,28.8709,28.8709,461.9338,0.01208406,115.4835,105.0165,365.6976,376.1646,0.00956655,0.00984036,0.00050350,13.1499,11.9740,0.1658,6.2491,1.8090,496.4507,37.7013,10.4533,13.8512,10.2195,10.5412,18.3951,22.009,22.009,31.6236,10.5412,0.0,2.087904,3.0,1.247477,27,146,58,3,0.16407309,0.01258756,0.02479038,0E-8,0.000000,0.909326,0.001376,-0.01459794,2026-03-22,2026-08-05,77,266,243,137,0.562044,0.754684,0.794934,0.546910,,,,,,,,GLOBAL_BASELINE_NO_ENTITY_RANKING,,,NOT_APPLICABLE_GLOBAL_BASELINE,HF9g-P5,,,,X 全窗基线 · 不参与实体赏罚,8390677,840,A168_HF9F_20260827_0900,2026-08-27 09:00:00
2026-05-11,94151214,1947,0,239.4706438398,115.5340825543,115.5340825543,0.7500000,17,17,0.49797674705882353,0.497976747059,2.016202530458657,2.016202530457242,2.016202530458657,-1.7647E-13,ELIGIBLE,R03b_20260811_FULL_v1,L1_ELIGIBILITY,v2026-08-11,2026-03-21..2026-08-06,baccarat_bet02_101_all_pairs_incl_sentinel,round_win = game_pnl > 0 (decisive only),COMPATIBILITY_ONLY_NOT_PRODUCTION,38226.7023,34760.5459,481.1811,2907,2903,-0.01258756,-0.02479038,-0.01019244,-0.01258756,-481.1811,38226.7023,OK,0.0000,19.2472,4.0000,96.0000,AG03-UNRESOLVED,ALL5_LEVELS_bet23_to_bet27,19.2472,19.2472,19.2472,28.8709,28.8709,4.000000,4.000000,4.000000,6.000000,6.000000,96.000000,96.000000,96.000000,94.000000,94.000000,5.0,115.4835,105.0165,365.6976,376.1646,PENDING_AG03,FALSE,NOT_FOR_ENFORCEMENT,461.9338,33370.1240,481.1811,461.9338,19.2472,0.01258756,0.01208406,19.2472,461.9338,0.01208406,19.2472,19.2472,19.2472,28.8709,28.8709,461.9338,0.01208406,115.4835,105.0165,365.6976,376.1646,0.00956655,0.00984036,0.00050350,13.1499,11.9740,0.1658,6.2491,1.8090,496.4507,37.7013,10.4533,13.8512,10.2195,10.5412,18.3951,22.009,22.009,31.6236,10.5412,0.0,2.087904,3.0,1.247477,27,146,58,3,0.16407309,0.01258756,0.02479038,0E-8,0.000000,0.909326,0.001376,-0.01459794,2026-03-22,2026-08-05,77,266,243,137,0.562044,0.754684,0.794934,0.546910,,,,,,,,GLOBAL_BASELINE_NO_ENTITY_RANKING,,,NOT_APPLICABLE_GLOBAL_BASELINE,HF9g-P5,,,,X 全窗基线 · 不参与实体赏罚,8390678,840,A168_HF9F_20260827_0900,2026-08-27 09:00:00
2026-05-11,94151214,2196,0,113.4334628715,18.1703602563,18.1703602563,0.6000000,7,7,0.49899058571428571,0.498990585714,0.4517287539699235,0.45172875397120177,0.4517287539699235,2.8571E-13,ELIGIBLE,R03b_20260811_FULL_v1,L1_ELIGIBILITY,v2026-08-11,2026-03-21..2026-08-06,baccarat_bet02_101_all_pairs_incl_sentinel,round_win = game_pnl > 0 (decisive only),COMPATIBILITY_ONLY_NOT_PRODUCTION,38226.7023,34760.5459,481.1811,2907,2903,-0.01258756,-0.02479038,-0.01019244,-0.01258756,-481.1811,38226.7023,OK,0.0000,19.2472,4.0000,96.0000,AG03-UNRESOLVED,ALL5_LEVELS_bet23_to_bet27,19.2472,19.2472,19.2472,28.8709,28.8709,4.000000,4.000000,4.000000,6.000000,6.000000,96.000000,96.000000,96.000000,94.000000,94.000000,5.0,115.4835,105.0165,365.6976,376.1646,PENDING_AG03,FALSE,NOT_FOR_ENFORCEMENT,461.9338,33370.1240,481.1811,461.9338,19.2472,0.01258756,0.01208406,19.2472,461.9338,0.01208406,19.2472,19.2472,19.2472,28.8709,28.8709,461.9338,0.01208406,115.4835,105.0165,365.6976,376.1646,0.00956655,0.00984036,0.00050350,13.1499,11.9740,0.1658,6.2491,1.8090,496.4507,37.7013,10.4533,13.8512,10.2195,10.5412,18.3951,22.009,22.009,31.6236,10.5412,0.0,2.087904,3.0,1.247477,27,146,58,3,0.16407309,0.01258756,0.02479038,0E-8,0.000000,0.909326,0.001376,-0.01459794,2026-03-22,2026-08-05,77,266,243,137,0.562044,0.754684,0.794934,0.546910,,,,,,,,GLOBAL_BASELINE_NO_ENTITY_RANKING,,,NOT_APPLICABLE_GLOBAL_BASELINE,HF9g-P5,,,,X 全窗基线 · 不参与实体赏罚,8390679,840,A168_HF9F_20260827_0900,2026-08-27 09:00:00
2026-05-11,94151214,2223,0,254.8051675246,-51.9588278544,-51.9588278544,0.3636364,13,13,0.50355719230769231,0.503557192308,-0.9281532674061644,-0.9281532674082095,-0.9281532674061644,-3.0769E-13,ELIGIBLE,R03b_20260811_FULL_v1,L1_ELIGIBILITY,v2026-08-11,2026-03-21..2026-08-06,baccarat_bet02_101_all_pairs_incl_sentinel,round_win = game_pnl > 0 (decisive only),COMPATIBILITY_ONLY_NOT_PRODUCTION,38226.7023,34760.5459,481.1811,2907,2903,-0.01258756,-0.02479038,-0.01019244,-0.01258756,-481.1811,38226.7023,OK,0.0000,19.2472,4.0000,96.0000,AG03-UNRESOLVED,ALL5_LEVELS_bet23_to_bet27,19.2472,19.2472,19.2472,28.8709,28.8709,4.000000,4.000000,4.000000,6.000000,6.000000,96.000000,96.000000,96.000000,94.000000,94.000000,5.0,115.4835,105.0165,365.6976,376.1646,PENDING_AG03,FALSE,NOT_FOR_ENFORCEMENT,461.9338,33370.1240,481.1811,461.9338,19.2472,0.01258756,0.01208406,19.2472,461.9338,0.01208406,19.2472,19.2472,19.2472,28.8709,28.8709,461.9338,0.01208406,115.4835,105.0165,365.6976,376.1646,0.00956655,0.00984036,0.00050350,13.1499,11.9740,0.1658,6.2491,1.8090,496.4507,37.7013,10.4533,13.8512,10.2195,10.5412,18.3951,22.009,22.009,31.6236,10.5412,0.0,2.087904,3.0,1.247477,27,146,58,3,0.16407309,0.01258756,0.02479038,0E-8,0.000000,0.909326,0.001376,-0.01459794,2026-03-22,2026-08-05,77,266,243,137,0.562044,0.754684,0.794934,0.546910,,,,,,,,GLOBAL_BASELINE_NO_ENTITY_RANKING,,,NOT_APPLICABLE_GLOBAL_BASELINE,HF9g-P5,,,,X 全窗基线 · 不参与实体赏罚,8390680,840,A168_HF9F_20260827_0900,2026-08-27 09:00:00
2026-05-12,94151214,1017,0,46.2136330217,9.4527885727,9.4527885727,0.5000000,3,3,0.50218230000000000,0.502182300000,-0.00617253530718887,-0.00617253530718887,-0.00617253530718887,0E-17,ELIGIBLE,R03b_20260811_FULL_v1,L1_ELIGIBILITY,v2026-08-11,2026-03-21..2026-08-06,baccarat_bet02_101_all_pairs_incl_sentinel,round_win = game_pnl > 0 (decisive only),COMPATIBILITY_ONLY_NOT_PRODUCTION,38226.7023,34760.5459,481.1811,2907,2903,-0.01258756,-0.02479038,-0.01019244,-0.01258756,-481.1811,38226.7023,OK,0.0000,19.2472,4.0000,96.0000,AG03-UNRESOLVED,ALL5_LEVELS_bet23_to_bet27,19.2472,19.2472,19.2472,28.8709,28.8709,4.000000,4.000000,4.000000,6.000000,6.000000,96.000000,96.000000,96.000000,94.000000,94.000000,5.0,115.4835,105.0165,365.6976,376.1646,PENDING_AG03,FALSE,NOT_FOR_ENFORCEMENT,461.9338,33370.1240,481.1811,461.9338,19.2472,0.01258756,0.01208406,19.2472,461.9338,0.01208406,19.2472,19.2472,19.2472,28.8709,28.8709,461.9338,0.01208406,115.4835,105.0165,365.6976,376.1646,0.00956655,0.00984036,0.00050350,13.1499,11.9740,0.1658,6.2491,1.8090,496.4507,37.7013,10.4533,13.8512,10.2195,10.5412,18.3951,22.009,22.009,31.6236,10.5412,0.0,2.087904,3.0,1.247477,27,146,58,3,0.16407309,0.01258756,0.02479038,0E-8,0.000000,0.909326,0.001376,-0.01459794,2026-03-22,2026-08-05,77,266,243,137,0.562044,0.754684,0.794934,0.546910,,,,,,,,GLOBAL_BASELINE_NO_ENTITY_RANKING,,,NOT_APPLICABLE_GLOBAL_BASELINE,HF9g-P5,,,,X 全窗基线 · 不参与实体赏罚,8390681,840,A168_HF9F_20260827_0900,2026-08-27 09:00:00
2026-05-12,94151214,1306,0,21.8464447012,-21.8464447012,-21.8464447012,0E-7,2,2,0.49324550000000000,0.493245500000,-1.3952362676504506,-1.3952362676504506,-1.3952362676504506,0E-17,ELIGIBLE,R03b_20260811_FULL_v1,L1_ELIGIBILITY,v2026-08-11,2026-03-21..2026-08-06,baccarat_bet02_101_all_pairs_incl_sentinel,round_win = game_pnl > 0 (decisive only),COMPATIBILITY_ONLY_NOT_PRODUCTION,38226.7023,34760.5459,481.1811,2907,2903,-0.01258756,-0.02479038,-0.01019244,-0.01258756,-481.1811,38226.7023,OK,0.0000,19.2472,4.0000,96.0000,AG03-UNRESOLVED,ALL5_LEVELS_bet23_to_bet27,19.2472,19.2472,19.2472,28.8709,28.8709,4.000000,4.000000,4.000000,6.000000,6.000000,96.000000,96.000000,96.000000,94.000000,94.000000,5.0,115.4835,105.0165,365.6976,376.1646,PENDING_AG03,FALSE,NOT_FOR_ENFORCEMENT,461.9338,33370.1240,481.1811,461.9338,19.2472,0.01258756,0.01208406,19.2472,461.9338,0.01208406,19.2472,19.2472,19.2472,28.8709,28.8709,461.9338,0.01208406,115.4835,105.0165,365.6976,376.1646,0.00956655,0.00984036,0.00050350,13.1499,11.9740,0.1658,6.2491,1.8090,496.4507,37.7013,10.4533,13.8512,10.2195,10.5412,18.3951,22.009,22.009,31.6236,10.5412,0.0,2.087904,3.0,1.247477,27,146,58,3,0.16407309,0.01258756,0.02479038,0E-8,0.000000,0.909326,0.001376,-0.01459794,2026-03-22,2026-08-05,77,266,243,137,0.562044,0.754684,0.794934,0.546910,,,,,,,,GLOBAL_BASELINE_NO_ENTITY_RANKING,,,NOT_APPLICABLE_GLOBAL_BASELINE,HF9g-P5,,,,X 全窗基线 · 不参与实体赏罚,8390682,840,A168_HF9F_20260827_0900,2026-08-27 09:00:00
2026-05-12,94151214,2103,0,21.4263207646,0.4201239366,0.4201239366,0.5000000,2,2,0.49324550000000000,0.493245500000,0.01910635448239258,0.01910635448239258,0.01910635448239258,0E-17,ELIGIBLE,R03b_20260811_FULL_v1,L1_ELIGIBILITY,v2026-08-11,2026-03-21..2026-08-06,baccarat_bet02_101_all_pairs_incl_sentinel,round_win = game_pnl > 0 (decisive only),COMPATIBILITY_ONLY_NOT_PRODUCTION,38226.7023,34760.5459,481.1811,2907,2903,-0.01258756,-0.02479038,-0.01019244,-0.01258756,-481.1811,38226.7023,OK,0.0000,19.2472,4.0000,96.0000,AG03-UNRESOLVED,ALL5_LEVELS_bet23_to_bet27,19.2472,19.2472,19.2472,28.8709,28.8709,4.000000,4.000000,4.000000,6.000000,6.000000,96.000000,96.000000,96.000000,94.000000,94.000000,5.0,115.4835,105.0165,365.6976,376.1646,PENDING_AG03,FALSE,NOT_FOR_ENFORCEMENT,461.9338,33370.1240,481.1811,461.9338,19.2472,0.01258756,0.01208406,19.2472,461.9338,0.01208406,19.2472,19.2472,19.2472,28.8709,28.8709,461.9338,0.01208406,115.4835,105.0165,365.6976,376.1646,0.00956655,0.00984036,0.00050350,13.1499,11.9740,0.1658,6.2491,1.8090,496.4507,37.7013,10.4533,13.8512,10.2195,10.5412,18.3951,22.009,22.009,31.6236,10.5412,0.0,2.087904,3.0,1.247477,27,146,58,3,0.16407309,0.01258756,0.02479038,0E-8,0.000000,0.909326,0.001376,-0.01459794,2026-03-22,2026-08-05,77,266,243,137,0.562044,0.754684,0.794934,0.546910,,,,,,,,GLOBAL_BASELINE_NO_ENTITY_RANKING,,,NOT_APPLICABLE_GLOBAL_BASELINE,HF9g-P5,,,,X 全窗基线 · 不参与实体赏罚,8390683,840,A168_HF9F_20260827_0900,2026-08-27 09:00:00
2026-05-12,94151214,2155,0,52.5154920700,10.5030984140,10.5030984140,0.6000000,5,5,0.49860758000000000,0.498607580000,0.4534424453485946,0.4534424453485946,0.4534424453485946,0E-17,ELIGIBLE,R03b_20260811_FULL_v1,L1_ELIGIBILITY,v2026-08-11,2026-03-21..2026-08-06,baccarat_bet02_101_all_pairs_incl_sentinel,round_win = game_pnl > 0 (decisive only),COMPATIBILITY_ONLY_NOT_PRODUCTION,38226.7023,34760.5459,481.1811,2907,2903,-0.01258756,-0.02479038,-0.01019244,-0.01258756,-481.1811,38226.7023,OK,0.0000,19.2472,4.0000,96.0000,AG03-UNRESOLVED,ALL5_LEVELS_bet23_to_bet27,19.2472,19.2472,19.2472,28.8709,28.8709,4.000000,4.000000,4.000000,6.000000,6.000000,96.000000,96.000000,96.000000,94.000000,94.000000,5.0,115.4835,105.0165,365.6976,376.1646,PENDING_AG03,FALSE,NOT_FOR_ENFORCEMENT,461.9338,33370.1240,481.1811,461.9338,19.2472,0.01258756,0.01208406,19.2472,461.9338,0.01208406,19.2472,19.2472,19.2472,28.8709,28.8709,461.9338,0.01208406,115.4835,105.0165,365.6976,376.1646,0.00956655,0.00984036,0.00050350,13.1499,11.9740,0.1658,6.2491,1.8090,496.4507,37.7013,10.4533,13.8512,10.2195,10.5412,18.3951,22.009,22.009,31.6236,10.5412,0.0,2.087904,3.0,1.247477,27,146,58,3,0.16407309,0.01258756,0.02479038,0E-8,0.000000,0.909326,0.001376,-0.01459794,2026-03-22,2026-08-05,77,266,243,137,0.562044,0.754684,0.794934,0.546910,,,,,,,,GLOBAL_BASELINE_NO_ENTITY_RANKING,,,NOT_APPLICABLE_GLOBAL_BASELINE,HF9g-P5,,,,X 全窗基线 · 不参与实体赏罚,8390684,840,A168_HF9F_20260827_0900,2026-08-27 09:00:00
2026-05-12,94151214,583,0,27.3080558764,-18.9055771452,-18.9055771452,0E-7,3,3,0.50665070000000000,0.506650700000,-1.4331513700195317,-1.4331513700195317,-1.4331513700195317,0E-17,ELIGIBLE,R03b_20260811_FULL_v1,L1_ELIGIBILITY,v2026-08-11,2026-03-21..2026-08-06,baccarat_bet02_101_all_pairs_incl_sentinel,round_win = game_pnl > 0 (decisive only),COMPATIBILITY_ONLY_NOT_PRODUCTION,38226.7023,34760.5459,481.1811,2907,2903,-0.01258756,-0.02479038,-0.01019244,-0.01258756,-481.1811,38226.7023,OK,0.0000,19.2472,4.0000,96.0000,AG03-UNRESOLVED,ALL5_LEVELS_bet23_to_bet27,19.2472,19.2472,19.2472,28.8709,28.8709,4.000000,4.000000,4.000000,6.000000,6.000000,96.000000,96.000000,96.000000,94.000000,94.000000,5.0,115.4835,105.0165,365.6976,376.1646,PENDING_AG03,FALSE,NOT_FOR_ENFORCEMENT,461.9338,33370.1240,481.1811,461.9338,19.2472,0.01258756,0.01208406,19.2472,461.9338,0.01208406,19.2472,19.2472,19.2472,28.8709,28.8709,461.9338,0.01208406,115.4835,105.0165,365.6976,376.1646,0.00956655,0.00984036,0.00050350,13.1499,11.9740,0.1658,6.2491,1.8090,496.4507,37.7013,10.4533,13.8512,10.2195,10.5412,18.3951,22.009,22.009,31.6236,10.5412,0.0,2.087904,3.0,1.247477,27,146,58,3,0.16407309,0.01258756,0.02479038,0E-8,0.000000,0.909326,0.001376,-0.01459794,2026-03-22,2026-08-05,77,266,243,137,0.562044,0.754684,0.794934,0.546910,,,,,,,,GLOBAL_BASELINE_NO_ENTITY_RANKING,,,NOT_APPLICABLE_GLOBAL_BASELINE,HF9g-P5,,,,X 全窗基线 · 不参与实体赏罚,8390685,840,A168_HF9F_20260827_0900,2026-08-27 09:00:00
2026-05-12,94151214,763,0,42.2224556244,-21.3317928789,-21.3317928789,0.3333333,3,3,0.50665070000000000,0.506650700000,-0.6004420894325239,-0.6004420894325239,-0.6004420894325239,0E-17,ELIGIBLE,R03b_20260811_FULL_v1,L1_ELIGIBILITY,v2026-08-11,2026-03-21..2026-08-06,baccarat_bet02_101_all_pairs_incl_sentinel,round_win = game_pnl > 0 (decisive only),COMPATIBILITY_ONLY_NOT_PRODUCTION,38226.7023,34760.5459,481.1811,2907,2903,-0.01258756,-0.02479038,-0.01019244,-0.01258756,-481.1811,38226.7023,OK,0.0000,19.2472,4.0000,96.0000,AG03-UNRESOLVED,ALL5_LEVELS_bet23_to_bet27,19.2472,19.2472,19.2472,28.8709,28.8709,4.000000,4.000000,4.000000,6.000000,6.000000,96.000000,96.000000,96.000000,94.000000,94.000000,5.0,115.4835,105.0165,365.6976,376.1646,PENDING_AG03,FALSE,NOT_FOR_ENFORCEMENT,461.9338,33370.1240,481.1811,461.9338,19.2472,0.01258756,0.01208406,19.2472,461.9338,0.01208406,19.2472,19.2472,19.2472,28.8709,28.8709,461.9338,0.01208406,115.4835,105.0165,365.6976,376.1646,0.00956655,0.00984036,0.00050350,13.1499,11.9740,0.1658,6.2491,1.8090,496.4507,37.7013,10.4533,13.8512,10.2195,10.5412,18.3951,22.009,22.009,31.6236,10.5412,0.0,2.087904,3.0,1.247477,27,146,58,3,0.16407309,0.01258756,0.02479038,0E-8,0.000000,0.909326,0.001376,-0.01459794,2026-03-22,2026-08-05,77,266,243,137,0.562044,0.754684,0.794934,0.546910,,,,,,,,GLOBAL_BASELINE_NO_ENTITY_RANKING,,,NOT_APPLICABLE_GLOBAL_BASELINE,HF9g-P5,,,,X 全窗基线 · 不参与实体赏罚,8390686,840,A168_HF9F_20260827_0900,2026-08-27 09:00:00
2026-05-13,94151214,2209,0,45.7935090851,-5.1465182228,-5.1465182228,0.5000000,6,6,0.49994810000000000,0.499948100000,0.00025425703667063243,0.00025425703667063243,0.00025425703667063243,0E-17,ELIGIBLE,R03b_20260811_FULL_v1,L1_ELIGIBILITY,v2026-08-11,2026-03-21..2026-08-06,baccarat_bet02_101_all_pairs_incl_sentinel,round_win = game_pnl > 0 (decisive only),COMPATIBILITY_ONLY_NOT_PRODUCTION,38226.7023,34760.5459,481.1811,2907,2903,-0.01258756,-0.02479038,-0.01019244,-0.01258756,-481.1811,38226.7023,OK,0.0000,19.2472,4.0000,96.0000,AG03-UNRESOLVED,ALL5_LEVELS_bet23_to_bet27,19.2472,19.2472,19.2472,28.8709,28.8709,4.000000,4.000000,4.000000,6.000000,6.000000,96.000000,96.000000,96.000000,94.000000,94.000000,5.0,115.4835,105.0165,365.6976,376.1646,PENDING_AG03,FALSE,NOT_FOR_ENFORCEMENT,461.9338,33370.1240,481.1811,461.9338,19.2472,0.01258756,0.01208406,19.2472,461.9338,0.01208406,19.2472,19.2472,19.2472,28.8709,28.8709,461.9338,0.01208406,115.4835,105.0165,365.6976,376.1646,0.00956655,0.00984036,0.00050350,13.1499,11.9740,0.1658,6.2491,1.8090,496.4507,37.7013,10.4533,13.8512,10.2195,10.5412,18.3951,22.009,22.009,31.6236,10.5412,0.0,2.087904,3.0,1.247477,27,146,58,3,0.16407309,0.01258756,0.02479038,0E-8,0.000000,0.909326,0.001376,-0.01459794,2026-03-22,2026-08-05,77,266,243,137,0.562044,0.754684,0.794934,0.546910,,,,,,,,GLOBAL_BASELINE_NO_ENTITY_RANKING,,,NOT_APPLICABLE_GLOBAL_BASELINE,HF9g-P5,,,,X 全窗基线 · 不参与实体赏罚,8390687,840,A168_HF9F_20260827_0900,2026-08-27 09:00:00
2026-05-13,94151214,2222,0,5.4616111753,-5.4616111753,-5.4616111753,0E-7,1,1,0.50665070000000000,0.506650700000,-1.013391052207602,-1.013391052207602,-1.013391052207602,0E-17,ELIGIBLE,R03b_20260811_FULL_v1,L1_ELIGIBILITY,v2026-08-11,2026-03-21..2026-08-06,baccarat_bet02_101_all_pairs_incl_sentinel,round_win = game_pnl > 0 (decisive only),COMPATIBILITY_ONLY_NOT_PRODUCTION,38226.7023,34760.5459,481.1811,2907,2903,-0.01258756,-0.02479038,-0.01019244,-0.01258756,-481.1811,38226.7023,OK,0.0000,19.2472,4.0000,96.0000,AG03-UNRESOLVED,ALL5_LEVELS_bet23_to_bet27,19.2472,19.2472,19.2472,28.8709,28.8709,4.000000,4.000000,4.000000,6.000000,6.000000,96.000000,96.000000,96.000000,94.000000,94.000000,5.0,115.4835,105.0165,365.6976,376.1646,PENDING_AG03,FALSE,NOT_FOR_ENFORCEMENT,461.9338,33370.1240,481.1811,461.9338,19.2472,0.01258756,0.01208406,19.2472,461.9338,0.01208406,19.2472,19.2472,19.2472,28.8709,28.8709,461.9338,0.01208406,115.4835,105.0165,365.6976,376.1646,0.00956655,0.00984036,0.00050350,13.1499,11.9740,0.1658,6.2491,1.8090,496.4507,37.7013,10.4533,13.8512,10.2195,10.5412,18.3951,22.009,22.009,31.6236,10.5412,0.0,2.087904,3.0,1.247477,27,146,58,3,0.16407309,0.01258756,0.02479038,0E-8,0.000000,0.909326,0.001376,-0.01459794,2026-03-22,2026-08-05,77,266,243,137,0.562044,0.754684,0.794934,0.546910,,,,,,,,GLOBAL_BASELINE_NO_ENTITY_RANKING,,,NOT_APPLICABLE_GLOBAL_BASELINE,HF9g-P5,,,,X 全窗基线 · 不参与实体赏罚,8390688,840,A168_HF9F_20260827_0900,2026-08-27 09:00:00
2026-05-14,94151214,987,0,6.7219829850,-2.2161537654,-2.2161537654,0.5000000,2,2,0.49994810000000000,0.499948100000,0.00014679536856514622,0.00014679536856514622,0.00014679536856514622,0E-17,ELIGIBLE,R03b_20260811_FULL_v1,L1_ELIGIBILITY,v2026-08-11,2026-03-21..2026-08-06,baccarat_bet02_101_all_pairs_incl_sentinel,round_win = game_pnl > 0 (decisive only),COMPATIBILITY_ONLY_NOT_PRODUCTION,38226.7023,34760.5459,481.1811,2907,2903,-0.01258756,-0.02479038,-0.01019244,-0.01258756,-481.1811,38226.7023,OK,0.0000,19.2472,4.0000,96.0000,AG03-UNRESOLVED,ALL5_LEVELS_bet23_to_bet27,19.2472,19.2472,19.2472,28.8709,28.8709,4.000000,4.000000,4.000000,6.000000,6.000000,96.000000,96.000000,96.000000,94.000000,94.000000,5.0,115.4835,105.0165,365.6976,376.1646,PENDING_AG03,FALSE,NOT_FOR_ENFORCEMENT,461.9338,33370.1240,481.1811,461.9338,19.2472,0.01258756,0.01208406,19.2472,461.9338,0.01208406,19.2472,19.2472,19.2472,28.8709,28.8709,461.9338,0.01208406,115.4835,105.0165,365.6976,376.1646,0.00956655,0.00984036,0.00050350,13.1499,11.9740,0.1658,6.2491,1.8090,496.4507,37.7013,10.4533,13.8512,10.2195,10.5412,18.3951,22.009,22.009,31.6236,10.5412,0.0,2.087904,3.0,1.247477,27,146,58,3,0.16407309,0.01258756,0.02479038,0E-8,0.000000,0.909326,0.001376,-0.01459794,2026-03-22,2026-08-05,77,266,243,137,0.562044,0.754684,0.794934,0.546910,,,,,,,,GLOBAL_BASELINE_NO_ENTITY_RANKING,,,NOT_APPLICABLE_GLOBAL_BASELINE,HF9g-P5,,,,X 全窗基线 · 不参与实体赏罚,8390689,840,A168_HF9F_20260827_0900,2026-08-27 09:00:00
2026-05-17,94151214,1307,0,21.0061968280,10.5030984140,10.5030984140,1.0000000,2,2,0.49324550000000000,0.493245500000,1.01360149184955,1.01360149184955,1.01360149184955,0E-17,ELIGIBLE,R03b_20260811_FULL_v1,L1_ELIGIBILITY,v2026-08-11,2026-03-21..2026-08-06,baccarat_bet02_101_all_pairs_incl_sentinel,round_win = game_pnl > 0 (decisive only),COMPATIBILITY_ONLY_NOT_PRODUCTION,38226.7023,34760.5459,481.1811,2907,2903,-0.01258756,-0.02479038,-0.01019244,-0.01258756,-481.1811,38226.7023,OK,0.0000,19.2472,4.0000,96.0000,AG03-UNRESOLVED,ALL5_LEVELS_bet23_to_bet27,19.2472,19.2472,19.2472,28.8709,28.8709,4.000000,4.000000,4.000000,6.000000,6.000000,96.000000,96.000000,96.000000,94.000000,94.000000,5.0,115.4835,105.0165,365.6976,376.1646,PENDING_AG03,FALSE,NOT_FOR_ENFORCEMENT,461.9338,33370.1240,481.1811,461.9338,19.2472,0.01258756,0.01208406,19.2472,461.9338,0.01208406,19.2472,19.2472,19.2472,28.8709,28.8709,461.9338,0.01208406,115.4835,105.0165,365.6976,376.1646,0.00956655,0.00984036,0.00050350,13.1499,11.9740,0.1658,6.2491,1.8090,496.4507,37.7013,10.4533,13.8512,10.2195,10.5412,18.3951,22.009,22.009,31.6236,10.5412,0.0,2.087904,3.0,1.247477,27,146,58,3,0.16407309,0.01258756,0.02479038,0E-8,0.000000,0.909326,0.001376,-0.01459794,2026-03-22,2026-08-05,77,266,243,137,0.562044,0.754684,0.794934,0.546910,,,,,,,,GLOBAL_BASELINE_NO_ENTITY_RANKING,,,NOT_APPLICABLE_GLOBAL_BASELINE,HF9g-P5,,,,X 全窗基线 · 不参与实体赏罚,8390690,840,A168_HF9F_20260827_0900,2026-08-27 09:00:00
2026-05-17,94151214,1363,0,105.8712320133,-21.8989601933,-21.8989601933,0.4444444,9,9,0.50218230000000000,0.502182300000,-0.34643043305270216,-0.34643043305270216,-0.34643043305270216,0E-17,ELIGIBLE,R03b_20260811_FULL_v1,L1_ELIGIBILITY,v2026-08-11,2026-03-21..2026-08-06,baccarat_bet02_101_all_pairs_incl_sentinel,round_win = game_pnl > 0 (decisive only),COMPATIBILITY_ONLY_NOT_PRODUCTION,38226.7023,34760.5459,481.1811,2907,2903,-0.01258756,-0.02479038,-0.01019244,-0.01258756,-481.1811,38226.7023,OK,0.0000,19.2472,4.0000,96.0000,AG03-UNRESOLVED,ALL5_LEVELS_bet23_to_bet27,19.2472,19.2472,19.2472,28.8709,28.8709,4.000000,4.000000,4.000000,6.000000,6.000000,96.000000,96.000000,96.000000,94.000000,94.000000,5.0,115.4835,105.0165,365.6976,376.1646,PENDING_AG03,FALSE,NOT_FOR_ENFORCEMENT,461.9338,33370.1240,481.1811,461.9338,19.2472,0.01258756,0.01208406,19.2472,461.9338,0.01208406,19.2472,19.2472,19.2472,28.8709,28.8709,461.9338,0.01208406,115.4835,105.0165,365.6976,376.1646,0.00956655,0.00984036,0.00050350,13.1499,11.9740,0.1658,6.2491,1.8090,496.4507,37.7013,10.4533,13.8512,10.2195,10.5412,18.3951,22.009,22.009,31.6236,10.5412,0.0,2.087904,3.0,1.247477,27,146,58,3,0.16407309,0.01258756,0.02479038,0E-8,0.000000,0.909326,0.001376,-0.01459794,2026-03-22,2026-08-05,77,266,243,137,0.562044,0.754684,0.794934,0.546910,,,,,,,,GLOBAL_BASELINE_NO_ENTITY_RANKING,,,NOT_APPLICABLE_GLOBAL_BASELINE,HF9g-P5,,,,X 全窗基线 · 不参与实体赏罚,8390691,840,A168_HF9F_20260827_0900,2026-08-27 09:00:00
2026-05-17,94151214,1400,0,253.7548576828,-19.5147568535,-19.5147568535,0.5555556,21,21,0.50026727142857143,0.500267271429,0.4691367145409528,0.4691367145373165,0.4691367145409528,-4.2857E-13,ELIGIBLE,R03b_20260811_FULL_v1,L1_ELIGIBILITY,v2026-08-11,2026-03-21..2026-08-06,baccarat_bet02_101_all_pairs_incl_sentinel,round_win = game_pnl > 0 (decisive only),COMPATIBILITY_ONLY_NOT_PRODUCTION,38226.7023,34760.5459,481.1811,2907,2903,-0.01258756,-0.02479038,-0.01019244,-0.01258756,-481.1811,38226.7023,OK,0.0000,19.2472,4.0000,96.0000,AG03-UNRESOLVED,ALL5_LEVELS_bet23_to_bet27,19.2472,19.2472,19.2472,28.8709,28.8709,4.000000,4.000000,4.000000,6.000000,6.000000,96.000000,96.000000,96.000000,94.000000,94.000000,5.0,115.4835,105.0165,365.6976,376.1646,PENDING_AG03,FALSE,NOT_FOR_ENFORCEMENT,461.9338,33370.1240,481.1811,461.9338,19.2472,0.01258756,0.01208406,19.2472,461.9338,0.01208406,19.2472,19.2472,19.2472,28.8709,28.8709,461.9338,0.01208406,115.4835,105.0165,365.6976,376.1646,0.00956655,0.00984036,0.00050350,13.1499,11.9740,0.1658,6.2491,1.8090,496.4507,37.7013,10.4533,13.8512,10.2195,10.5412,18.3951,22.009,22.009,31.6236,10.5412,0.0,2.087904,3.0,1.247477,27,146,58,3,0.16407309,0.01258756,0.02479038,0E-8,0.000000,0.909326,0.001376,-0.01459794,2026-03-22,2026-08-05,77,266,243,137,0.562044,0.754684,0.794934,0.546910,,,,,,,,GLOBAL_BASELINE_NO_ENTITY_RANKING,,,NOT_APPLICABLE_GLOBAL_BASELINE,HF9g-P5,,,,X 全窗基线 · 不参与实体赏罚,8390692,840,A168_HF9F_20260827_0900,2026-08-27 09:00:00
2026-05-17,94151214,1405,0,21.0061968280,-0.5251549207,-0.5251549207,0.5000000,2,2,0.50665070000000000,0.506650700000,-0.018812684590367487,-0.018812684590367487,-0.018812684590367487,0E-17,ELIGIBLE,R03b_20260811_FULL_v1,L1_ELIGIBILITY,v2026-08-11,2026-03-21..2026-08-06,baccarat_bet02_101_all_pairs_incl_sentinel,round_win = game_pnl > 0 (decisive only),COMPATIBILITY_ONLY_NOT_PRODUCTION,38226.7023,34760.5459,481.1811,2907,2903,-0.01258756,-0.02479038,-0.01019244,-0.01258756,-481.1811,38226.7023,OK,0.0000,19.2472,4.0000,96.0000,AG03-UNRESOLVED,ALL5_LEVELS_bet23_to_bet27,19.2472,19.2472,19.2472,28.8709,28.8709,4.000000,4.000000,4.000000,6.000000,6.000000,96.000000,96.000000,96.000000,94.000000,94.000000,5.0,115.4835,105.0165,365.6976,376.1646,PENDING_AG03,FALSE,NOT_FOR_ENFORCEMENT,461.9338,33370.1240,481.1811,461.9338,19.2472,0.01258756,0.01208406,19.2472,461.9338,0.01208406,19.2472,19.2472,19.2472,28.8709,28.8709,461.9338,0.01208406,115.4835,105.0165,365.6976,376.1646,0.00956655,0.00984036,0.00050350,13.1499,11.9740,0.1658,6.2491,1.8090,496.4507,37.7013,10.4533,13.8512,10.2195,10.5412,18.3951,22.009,22.009,31.6236,10.5412,0.0,2.087904,3.0,1.247477,27,146,58,3,0.16407309,0.01258756,0.02479038,0E-8,0.000000,0.909326,0.001376,-0.01459794,2026-03-22,2026-08-05,77,266,243,137,0.562044,0.754684,0.794934,0.546910,,,,,,,,GLOBAL_BASELINE_NO_ENTITY_RANKING,,,NOT_APPLICABLE_GLOBAL_BASELINE,HF9g-P5,,,,X 全窗基线 · 不参与实体赏罚,8390693,840,A168_HF9F_20260827_0900,2026-08-27 09:00:00
2026-05-17,94151214,2250,0,10.5030984140,-10.5030984140,-10.5030984140,0E-7,1,1,0.49324550000000000,0.493245500000,-0.9865810262130424,-0.9865810262130424,-0.9865810262130424,0E-17,ELIGIBLE,R03b_20260811_FULL_v1,L1_ELIGIBILITY,v2026-08-11,2026-03-21..2026-08-06,baccarat_bet02_101_all_pairs_incl_sentinel,round_win = game_pnl > 0 (decisive only),COMPATIBILITY_ONLY_NOT_PRODUCTION,38226.7023,34760.5459,481.1811,2907,2903,-0.01258756,-0.02479038,-0.01019244,-0.01258756,-481.1811,38226.7023,OK,0.0000,19.2472,4.0000,96.0000,AG03-UNRESOLVED,ALL5_LEVELS_bet23_to_bet27,19.2472,19.2472,19.2472,28.8709,28.8709,4.000000,4.000000,4.000000,6.000000,6.000000,96.000000,96.000000,96.000000,94.000000,94.000000,5.0,115.4835,105.0165,365.6976,376.1646,PENDING_AG03,FALSE,NOT_FOR_ENFORCEMENT,461.9338,33370.1240,481.1811,461.9338,19.2472,0.01258756,0.01208406,19.2472,461.9338,0.01208406,19.2472,19.2472,19.2472,28.8709,28.8709,461.9338,0.01208406,115.4835,105.0165,365.6976,376.1646,0.00956655,0.00984036,0.00050350,13.1499,11.9740,0.1658,6.2491,1.8090,496.4507,37.7013,10.4533,13.8512,10.2195,10.5412,18.3951,22.009,22.009,31.6236,10.5412,0.0,2.087904,3.0,1.247477,27,146,58,3,0.16407309,0.01258756,0.02479038,0E-8,0.000000,0.909326,0.001376,-0.01459794,2026-03-22,2026-08-05,77,266,243,137,0.562044,0.754684,0.794934,0.546910,,,,,,,,GLOBAL_BASELINE_NO_ENTITY_RANKING,,,NOT_APPLICABLE_GLOBAL_BASELINE,HF9g-P5,,,,X 全窗基线 · 不参与实体赏罚,8390694,840,A168_HF9F_20260827_0900,2026-08-27 09:00:00
2026-05-18,94151214,-1,1,161.1175296709,-26.8354164478,-26.8354164478,0.4000000,13,13,0.50046368461538462,0.500463684615,-0.6353884042562868,-0.6353884042538538,-0.6353884042562868,3.8462E-13,SENTINEL_DEALER,R03b_20260811_FULL_v1,L1_ELIGIBILITY,v2026-08-11,2026-03-21..2026-08-06,baccarat_bet02_101_all_pairs_incl_sentinel,round_win = game_pnl > 0 (decisive only),COMPATIBILITY_ONLY_NOT_PRODUCTION,38226.7023,34760.5459,481.1811,2907,2903,-0.01258756,-0.02479038,-0.01019244,-0.01258756,-481.1811,38226.7023,OK,0.0000,19.2472,4.0000,96.0000,AG03-UNRESOLVED,ALL5_LEVELS_bet23_to_bet27,19.2472,19.2472,19.2472,28.8709,28.8709,4.000000,4.000000,4.000000,6.000000,6.000000,96.000000,96.000000,96.000000,94.000000,94.000000,5.0,115.4835,105.0165,365.6976,376.1646,PENDING_AG03,FALSE,NOT_FOR_ENFORCEMENT,461.9338,33370.1240,481.1811,461.9338,19.2472,0.01258756,0.01208406,19.2472,461.9338,0.01208406,19.2472,19.2472,19.2472,28.8709,28.8709,461.9338,0.01208406,115.4835,105.0165,365.6976,376.1646,0.00956655,0.00984036,0.00050350,13.1499,11.9740,0.1658,6.2491,1.8090,496.4507,37.7013,10.4533,13.8512,10.2195,10.5412,18.3951,22.009,22.009,31.6236,10.5412,0.0,2.087904,3.0,1.247477,27,146,58,3,0.16407309,0.01258756,0.02479038,0E-8,0.000000,0.909326,0.001376,-0.01459794,2026-03-22,2026-08-05,77,266,243,137,0.562044,0.754684,0.794934,0.546910,,,,,,,,GLOBAL_BASELINE_NO_ENTITY_RANKING,,,NOT_APPLICABLE_GLOBAL_BASELINE,HF9g-P5,,,,X 全窗基线 · 不参与实体赏罚,8390695,840,A168_HF9F_20260827_0900,2026-08-27 09:00:00
2026-05-18,94151214,1151,0,60.9179708012,-0.5251549207,-0.5251549207,0.5000000,5,5,0.49860758000000000,0.498607580000,0.005569701597489473,0.005569701597489473,0.005569701597489473,0E-17,ELIGIBLE,R03b_20260811_FULL_v1,L1_ELIGIBILITY,v2026-08-11,2026-03-21..2026-08-06,baccarat_bet02_101_all_pairs_incl_sentinel,round_win = game_pnl > 0 (decisive only),COMPATIBILITY_ONLY_NOT_PRODUCTION,38226.7023,34760.5459,481.1811,2907,2903,-0.01258756,-0.02479038,-0.01019244,-0.01258756,-481.1811,38226.7023,OK,0.0000,19.2472,4.0000,96.0000,AG03-UNRESOLVED,ALL5_LEVELS_bet23_to_bet27,19.2472,19.2472,19.2472,28.8709,28.8709,4.000000,4.000000,4.000000,6.000000,6.000000,96.000000,96.000000,96.000000,94.000000,94.000000,5.0,115.4835,105.0165,365.6976,376.1646,PENDING_AG03,FALSE,NOT_FOR_ENFORCEMENT,461.9338,33370.1240,481.1811,461.9338,19.2472,0.01258756,0.01208406,19.2472,461.9338,0.01208406,19.2472,19.2472,19.2472,28.8709,28.8709,461.9338,0.01208406,115.4835,105.0165,365.6976,376.1646,0.00956655,0.00984036,0.00050350,13.1499,11.9740,0.1658,6.2491,1.8090,496.4507,37.7013,10.4533,13.8512,10.2195,10.5412,18.3951,22.009,22.009,31.6236,10.5412,0.0,2.087904,3.0,1.247477,27,146,58,3,0.16407309,0.01258756,0.02479038,0E-8,0.000000,0.909326,0.001376,-0.01459794,2026-03-22,2026-08-05,77,266,243,137,0.562044,0.754684,0.794934,0.546910,,,,,,,,GLOBAL_BASELINE_NO_ENTITY_RANKING,,,NOT_APPLICABLE_GLOBAL_BASELINE,HF9g-P5,,,,X 全窗基线 · 不参与实体赏罚,8390696,840,A168_HF9F_20260827_0900,2026-08-27 09:00:00
2026-05-21,94151214,1935,0,107.1316038230,-44.2285474215,-44.2285474215,0.3750000,8,8,0.49827245000000000,0.498272450000,-0.6973384449544185,-0.6973384449544185,-0.6973384449544185,0E-17,ELIGIBLE,R03b_20260811_FULL_v1,L1_ELIGIBILITY,v2026-08-11,2026-03-21..2026-08-06,baccarat_bet02_101_all_pairs_incl_sentinel,round_win = game_pnl > 0 (decisive only),COMPATIBILITY_ONLY_NOT_PRODUCTION,38226.7023,34760.5459,481.1811,2907,2903,-0.01258756,-0.02479038,-0.01019244,-0.01258756,-481.1811,38226.7023,OK,0.0000,19.2472,4.0000,96.0000,AG03-UNRESOLVED,ALL5_LEVELS_bet23_to_bet27,19.2472,19.2472,19.2472,28.8709,28.8709,4.000000,4.000000,4.000000,6.000000,6.000000,96.000000,96.000000,96.000000,94.000000,94.000000,5.0,115.4835,105.0165,365.6976,376.1646,PENDING_AG03,FALSE,NOT_FOR_ENFORCEMENT,461.9338,33370.1240,481.1811,461.9338,19.2472,0.01258756,0.01208406,19.2472,461.9338,0.01208406,19.2472,19.2472,19.2472,28.8709,28.8709,461.9338,0.01208406,115.4835,105.0165,365.6976,376.1646,0.00956655,0.00984036,0.00050350,13.1499,11.9740,0.1658,6.2491,1.8090,496.4507,37.7013,10.4533,13.8512,10.2195,10.5412,18.3951,22.009,22.009,31.6236,10.5412,0.0,2.087904,3.0,1.247477,27,146,58,3,0.16407309,0.01258756,0.02479038,0E-8,0.000000,0.909326,0.001376,-0.01459794,2026-03-22,2026-08-05,77,266,243,137,0.562044,0.754684,0.794934,0.546910,,,,,,,,GLOBAL_BASELINE_NO_ENTITY_RANKING,,,NOT_APPLICABLE_GLOBAL_BASELINE,HF9g-P5,,,,X 全窗基线 · 不参与实体赏罚,8390697,840,A168_HF9F_20260827_0900,2026-08-27 09:00:00
2026-05-21,94151214,772,0,42.0123936560,-42.0123936560,-42.0123936560,0E-7,4,4,0.50329940000000000,0.503299400000,-2.013241432932159,-2.013241432932159,-2.013241432932159,0E-17,ELIGIBLE,R03b_20260811_FULL_v1,L1_ELIGIBILITY,v2026-08-11,2026-03-21..2026-08-06,baccarat_bet02_101_all_pairs_incl_sentinel,round_win = game_pnl > 0 (decisive only),COMPATIBILITY_ONLY_NOT_PRODUCTION,38226.7023,34760.5459,481.1811,2907,2903,-0.01258756,-0.02479038,-0.01019244,-0.01258756,-481.1811,38226.7023,OK,0.0000,19.2472,4.0000,96.0000,AG03-UNRESOLVED,ALL5_LEVELS_bet23_to_bet27,19.2472,19.2472,19.2472,28.8709,28.8709,4.000000,4.000000,4.000000,6.000000,6.000000,96.000000,96.000000,96.000000,94.000000,94.000000,5.0,115.4835,105.0165,365.6976,376.1646,PENDING_AG03,FALSE,NOT_FOR_ENFORCEMENT,461.9338,33370.1240,481.1811,461.9338,19.2472,0.01258756,0.01208406,19.2472,461.9338,0.01208406,19.2472,19.2472,19.2472,28.8709,28.8709,461.9338,0.01208406,115.4835,105.0165,365.6976,376.1646,0.00956655,0.00984036,0.00050350,13.1499,11.9740,0.1658,6.2491,1.8090,496.4507,37.7013,10.4533,13.8512,10.2195,10.5412,18.3951,22.009,22.009,31.6236,10.5412,0.0,2.087904,3.0,1.247477,27,146,58,3,0.16407309,0.01258756,0.02479038,0E-8,0.000000,0.909326,0.001376,-0.01459794,2026-03-22,2026-08-05,77,266,243,137,0.562044,0.754684,0.794934,0.546910,,,,,,,,GLOBAL_BASELINE_NO_ENTITY_RANKING,,,NOT_APPLICABLE_GLOBAL_BASELINE,HF9g-P5,,,,X 全窗基线 · 不参与实体赏罚,8390698,840,A168_HF9F_20260827_0900,2026-08-27 09:00:00
2026-05-26,94151214,1374,0,6.3018590484,0E-10,0E-10,0.5000000,3,3,0.49324550000000000,0.493245500000,0.01910635448239258,0.01910635448239258,0.01910635448239258,0E-17,ELIGIBLE,R03b_20260811_FULL_v1,L1_ELIGIBILITY,v2026-08-11,2026-03-21..2026-08-06,baccarat_bet02_101_all_pairs_incl_sentinel,round_win = game_pnl > 0 (decisive only),COMPATIBILITY_ONLY_NOT_PRODUCTION,38226.7023,34760.5459,481.1811,2907,2903,-0.01258756,-0.02479038,-0.01019244,-0.01258756,-481.1811,38226.7023,OK,0.0000,19.2472,4.0000,96.0000,AG03-UNRESOLVED,ALL5_LEVELS_bet23_to_bet27,19.2472,19.2472,19.2472,28.8709,28.8709,4.000000,4.000000,4.000000,6.000000,6.000000,96.000000,96.000000,96.000000,94.000000,94.000000,5.0,115.4835,105.0165,365.6976,376.1646,PENDING_AG03,FALSE,NOT_FOR_ENFORCEMENT,461.9338,33370.1240,481.1811,461.9338,19.2472,0.01258756,0.01208406,19.2472,461.9338,0.01208406,19.2472,19.2472,19.2472,28.8709,28.8709,461.9338,0.01208406,115.4835,105.0165,365.6976,376.1646,0.00956655,0.00984036,0.00050350,13.1499,11.9740,0.1658,6.2491,1.8090,496.4507,37.7013,10.4533,13.8512,10.2195,10.5412,18.3951,22.009,22.009,31.6236,10.5412,0.0,2.087904,3.0,1.247477,27,146,58,3,0.16407309,0.01258756,0.02479038,0E-8,0.000000,0.909326,0.001376,-0.01459794,2026-03-22,2026-08-05,77,266,243,137,0.562044,0.754684,0.794934,0.546910,,,,,,,,GLOBAL_BASELINE_NO_ENTITY_RANKING,,,NOT_APPLICABLE_GLOBAL_BASELINE,HF9g-P5,,,,X 全窗基线 · 不参与实体赏罚,8390699,840,A168_HF9F_20260827_0900,2026-08-27 09:00:00
2026-05-26,94151214,2101,0,2.1006196828,-2.1006196828,-2.1006196828,0E-7,1,1,0.49324550000000000,0.493245500000,-0.9865810262130424,-0.9865810262130424,-0.9865810262130424,0E-17,ELIGIBLE,R03b_20260811_FULL_v1,L1_ELIGIBILITY,v2026-08-11,2026-03-21..2026-08-06,baccarat_bet02_101_all_pairs_incl_sentinel,round_win = game_pnl > 0 (decisive only),COMPATIBILITY_ONLY_NOT_PRODUCTION,38226.7023,34760.5459,481.1811,2907,2903,-0.01258756,-0.02479038,-0.01019244,-0.01258756,-481.1811,38226.7023,OK,0.0000,19.2472,4.0000,96.0000,AG03-UNRESOLVED,ALL5_LEVELS_bet23_to_bet27,19.2472,19.2472,19.2472,28.8709,28.8709,4.000000,4.000000,4.000000,6.000000,6.000000,96.000000,96.000000,96.000000,94.000000,94.000000,5.0,115.4835,105.0165,365.6976,376.1646,PENDING_AG03,FALSE,NOT_FOR_ENFORCEMENT,461.9338,33370.1240,481.1811,461.9338,19.2472,0.01258756,0.01208406,19.2472,461.9338,0.01208406,19.2472,19.2472,19.2472,28.8709,28.8709,461.9338,0.01208406,115.4835,105.0165,365.6976,376.1646,0.00956655,0.00984036,0.00050350,13.1499,11.9740,0.1658,6.2491,1.8090,496.4507,37.7013,10.4533,13.8512,10.2195,10.5412,18.3951,22.009,22.009,31.6236,10.5412,0.0,2.087904,3.0,1.247477,27,146,58,3,0.16407309,0.01258756,0.02479038,0E-8,0.000000,0.909326,0.001376,-0.01459794,2026-03-22,2026-08-05,77,266,243,137,0.562044,0.754684,0.794934,0.546910,,,,,,,,GLOBAL_BASELINE_NO_ENTITY_RANKING,,,NOT_APPLICABLE_GLOBAL_BASELINE,HF9g-P5,,,,X 全窗基线 · 不参与实体赏罚,8390700,840,A168_HF9F_20260827_0900,2026-08-27 09:00:00
2026-05-27,94151214,1109,0,42.0123936560,-42.0123936560,-42.0123936560,0E-7,4,4,0.49659680000000000,0.496596800000,-1.9864332133590707,-1.986433213359071,-1.9864332133590707,0E-17,ELIGIBLE,R03b_20260811_FULL_v1,L1_ELIGIBILITY,v2026-08-11,2026-03-21..2026-08-06,baccarat_bet02_101_all_pairs_incl_sentinel,round_win = game_pnl > 0 (decisive only),COMPATIBILITY_ONLY_NOT_PRODUCTION,38226.7023,34760.5459,481.1811,2907,2903,-0.01258756,-0.02479038,-0.01019244,-0.01258756,-481.1811,38226.7023,OK,0.0000,19.2472,4.0000,96.0000,AG03-UNRESOLVED,ALL5_LEVELS_bet23_to_bet27,19.2472,19.2472,19.2472,28.8709,28.8709,4.000000,4.000000,4.000000,6.000000,6.000000,96.000000,96.000000,96.000000,94.000000,94.000000,5.0,115.4835,105.0165,365.6976,376.1646,PENDING_AG03,FALSE,NOT_FOR_ENFORCEMENT,461.9338,33370.1240,481.1811,461.9338,19.2472,0.01258756,0.01208406,19.2472,461.9338,0.01208406,19.2472,19.2472,19.2472,28.8709,28.8709,461.9338,0.01208406,115.4835,105.0165,365.6976,376.1646,0.00956655,0.00984036,0.00050350,13.1499,11.9740,0.1658,6.2491,1.8090,496.4507,37.7013,10.4533,13.8512,10.2195,10.5412,18.3951,22.009,22.009,31.6236,10.5412,0.0,2.087904,3.0,1.247477,27,146,58,3,0.16407309,0.01258756,0.02479038,0E-8,0.000000,0.909326,0.001376,-0.01459794,2026-03-22,2026-08-05,77,266,243,137,0.562044,0.754684,0.794934,0.546910,,,,,,,,GLOBAL_BASELINE_NO_ENTITY_RANKING,,,NOT_APPLICABLE_GLOBAL_BASELINE,HF9g-P5,,,,X 全窗基线 · 不参与实体赏罚,8390701,840,A168_HF9F_20260827_0900,2026-08-27 09:00:00
2026-05-27,94151214,1325,0,42.0123936561,-21.0061968281,-21.0061968281,0.3333333,3,3,0.49771390000000000,0.497713900000,-0.5694369385616226,-0.5694369385616226,-0.5694369385616226,0E-17,ELIGIBLE,R03b_20260811_FULL_v1,L1_ELIGIBILITY,v2026-08-11,2026-03-21..2026-08-06,baccarat_bet02_101_all_pairs_incl_sentinel,round_win = game_pnl > 0 (decisive only),COMPATIBILITY_ONLY_NOT_PRODUCTION,38226.7023,34760.5459,481.1811,2907,2903,-0.01258756,-0.02479038,-0.01019244,-0.01258756,-481.1811,38226.7023,OK,0.0000,19.2472,4.0000,96.0000,AG03-UNRESOLVED,ALL5_LEVELS_bet23_to_bet27,19.2472,19.2472,19.2472,28.8709,28.8709,4.000000,4.000000,4.000000,6.000000,6.000000,96.000000,96.000000,96.000000,94.000000,94.000000,5.0,115.4835,105.0165,365.6976,376.1646,PENDING_AG03,FALSE,NOT_FOR_ENFORCEMENT,461.9338,33370.1240,481.1811,461.9338,19.2472,0.01258756,0.01208406,19.2472,461.9338,0.01208406,19.2472,19.2472,19.2472,28.8709,28.8709,461.9338,0.01208406,115.4835,105.0165,365.6976,376.1646,0.00956655,0.00984036,0.00050350,13.1499,11.9740,0.1658,6.2491,1.8090,496.4507,37.7013,10.4533,13.8512,10.2195,10.5412,18.3951,22.009,22.009,31.6236,10.5412,0.0,2.087904,3.0,1.247477,27,146,58,3,0.16407309,0.01258756,0.02479038,0E-8,0.000000,0.909326,0.001376,-0.01459794,2026-03-22,2026-08-05,77,266,243,137,0.562044,0.754684,0.794934,0.546910,,,,,,,,GLOBAL_BASELINE_NO_ENTITY_RANKING,,,NOT_APPLICABLE_GLOBAL_BASELINE,HF9g-P5,,,,X 全窗基线 · 不参与实体赏罚,8390702,840,A168_HF9F_20260827_0900,2026-08-27 09:00:00
2026-05-27,94151214,2145,0,43.6928894024,-22.6866925744,-22.6866925744,0.3333333,3,3,0.49324550000000000,0.493245500000,-0.5540025479526107,-0.5540025479526106,-0.5540025479526107,0E-17,ELIGIBLE,R03b_20260811_FULL_v1,L1_ELIGIBILITY,v2026-08-11,2026-03-21..2026-08-06,baccarat_bet02_101_all_pairs_incl_sentinel,round_win = game_pnl > 0 (decisive only),COMPATIBILITY_ONLY_NOT_PRODUCTION,38226.7023,34760.5459,481.1811,2907,2903,-0.01258756,-0.02479038,-0.01019244,-0.01258756,-481.1811,38226.7023,OK,0.0000,19.2472,4.0000,96.0000,AG03-UNRESOLVED,ALL5_LEVELS_bet23_to_bet27,19.2472,19.2472,19.2472,28.8709,28.8709,4.000000,4.000000,4.000000,6.000000,6.000000,96.000000,96.000000,96.000000,94.000000,94.000000,5.0,115.4835,105.0165,365.6976,376.1646,PENDING_AG03,FALSE,NOT_FOR_ENFORCEMENT,461.9338,33370.1240,481.1811,461.9338,19.2472,0.01258756,0.01208406,19.2472,461.9338,0.01208406,19.2472,19.2472,19.2472,28.8709,28.8709,461.9338,0.01208406,115.4835,105.0165,365.6976,376.1646,0.00956655,0.00984036,0.00050350,13.1499,11.9740,0.1658,6.2491,1.8090,496.4507,37.7013,10.4533,13.8512,10.2195,10.5412,18.3951,22.009,22.009,31.6236,10.5412,0.0,2.087904,3.0,1.247477,27,146,58,3,0.16407309,0.01258756,0.02479038,0E-8,0.000000,0.909326,0.001376,-0.01459794,2026-03-22,2026-08-05,77,266,243,137,0.562044,0.754684,0.794934,0.546910,,,,,,,,GLOBAL_BASELINE_NO_ENTITY_RANKING,,,NOT_APPLICABLE_GLOBAL_BASELINE,HF9g-P5,,,,X 全窗基线 · 不参与实体赏罚,8390703,840,A168_HF9F_20260827_0900,2026-08-27 09:00:00
2026-05-28,94151214,-1,1,103.9806742989,-42.0123936560,-42.0123936560,0.1666667,7,7,0.50282064285714286,0.502820642857,-1.6468376381237455,-1.6468376381230425,-1.6468376381237455,1.4286E-13,SENTINEL_DEALER,R03b_20260811_FULL_v1,L1_ELIGIBILITY,v2026-08-11,2026-03-21..2026-08-06,baccarat_bet02_101_all_pairs_incl_sentinel,round_win = game_pnl > 0 (decisive only),COMPATIBILITY_ONLY_NOT_PRODUCTION,38226.7023,34760.5459,481.1811,2907,2903,-0.01258756,-0.02479038,-0.01019244,-0.01258756,-481.1811,38226.7023,OK,0.0000,19.2472,4.0000,96.0000,AG03-UNRESOLVED,ALL5_LEVELS_bet23_to_bet27,19.2472,19.2472,19.2472,28.8709,28.8709,4.000000,4.000000,4.000000,6.000000,6.000000,96.000000,96.000000,96.000000,94.000000,94.000000,5.0,115.4835,105.0165,365.6976,376.1646,PENDING_AG03,FALSE,NOT_FOR_ENFORCEMENT,461.9338,33370.1240,481.1811,461.9338,19.2472,0.01258756,0.01208406,19.2472,461.9338,0.01208406,19.2472,19.2472,19.2472,28.8709,28.8709,461.9338,0.01208406,115.4835,105.0165,365.6976,376.1646,0.00956655,0.00984036,0.00050350,13.1499,11.9740,0.1658,6.2491,1.8090,496.4507,37.7013,10.4533,13.8512,10.2195,10.5412,18.3951,22.009,22.009,31.6236,10.5412,0.0,2.087904,3.0,1.247477,27,146,58,3,0.16407309,0.01258756,0.02479038,0E-8,0.000000,0.909326,0.001376,-0.01459794,2026-03-22,2026-08-05,77,266,243,137,0.562044,0.754684,0.794934,0.546910,,,,,,,,GLOBAL_BASELINE_NO_ENTITY_RANKING,,,NOT_APPLICABLE_GLOBAL_BASELINE,HF9g-P5,,,,X 全窗基线 · 不参与实体赏罚,8390704,840,A168_HF9F_20260827_0900,2026-08-27 09:00:00
2026-05-28,94151214,1985,0,105.0309841404,63.0185904844,63.0185904844,0.6666667,7,7,0.49707555714285714,0.497075557143,0.8308375778672678,0.8308375778665665,0.8308375778672678,-1.4286E-13,ELIGIBLE,R03b_20260811_FULL_v1,L1_ELIGIBILITY,v2026-08-11,2026-03-21..2026-08-06,baccarat_bet02_101_all_pairs_incl_sentinel,round_win = game_pnl > 0 (decisive only),COMPATIBILITY_ONLY_NOT_PRODUCTION,38226.7023,34760.5459,481.1811,2907,2903,-0.01258756,-0.02479038,-0.01019244,-0.01258756,-481.1811,38226.7023,OK,0.0000,19.2472,4.0000,96.0000,AG03-UNRESOLVED,ALL5_LEVELS_bet23_to_bet27,19.2472,19.2472,19.2472,28.8709,28.8709,4.000000,4.000000,4.000000,6.000000,6.000000,96.000000,96.000000,96.000000,94.000000,94.000000,5.0,115.4835,105.0165,365.6976,376.1646,PENDING_AG03,FALSE,NOT_FOR_ENFORCEMENT,461.9338,33370.1240,481.1811,461.9338,19.2472,0.01258756,0.01208406,19.2472,461.9338,0.01208406,19.2472,19.2472,19.2472,28.8709,28.8709,461.9338,0.01208406,115.4835,105.0165,365.6976,376.1646,0.00956655,0.00984036,0.00050350,13.1499,11.9740,0.1658,6.2491,1.8090,496.4507,37.7013,10.4533,13.8512,10.2195,10.5412,18.3951,22.009,22.009,31.6236,10.5412,0.0,2.087904,3.0,1.247477,27,146,58,3,0.16407309,0.01258756,0.02479038,0E-8,0.000000,0.909326,0.001376,-0.01459794,2026-03-22,2026-08-05,77,266,243,137,0.562044,0.754684,0.794934,0.546910,,,,,,,,GLOBAL_BASELINE_NO_ENTITY_RANKING,,,NOT_APPLICABLE_GLOBAL_BASELINE,HF9g-P5,,,,X 全窗基线 · 不参与实体赏罚,8390705,840,A168_HF9F_20260827_0900,2026-08-27 09:00:00
2026-05-28,94151214,2121,0,180.0231068160,1.2603718098,1.2603718098,0.5000000,16,16,0.50246157500000000,0.502461575000,-0.019692838653108193,-0.019692838653108193,-0.019692838653108193,0E-17,ELIGIBLE,R03b_20260811_FULL_v1,L1_ELIGIBILITY,v2026-08-11,2026-03-21..2026-08-06,baccarat_bet02_101_all_pairs_incl_sentinel,round_win = game_pnl > 0 (decisive only),COMPATIBILITY_ONLY_NOT_PRODUCTION,38226.7023,34760.5459,481.1811,2907,2903,-0.01258756,-0.02479038,-0.01019244,-0.01258756,-481.1811,38226.7023,OK,0.0000,19.2472,4.0000,96.0000,AG03-UNRESOLVED,ALL5_LEVELS_bet23_to_bet27,19.2472,19.2472,19.2472,28.8709,28.8709,4.000000,4.000000,4.000000,6.000000,6.000000,96.000000,96.000000,96.000000,94.000000,94.000000,5.0,115.4835,105.0165,365.6976,376.1646,PENDING_AG03,FALSE,NOT_FOR_ENFORCEMENT,461.9338,33370.1240,481.1811,461.9338,19.2472,0.01258756,0.01208406,19.2472,461.9338,0.01208406,19.2472,19.2472,19.2472,28.8709,28.8709,461.9338,0.01208406,115.4835,105.0165,365.6976,376.1646,0.00956655,0.00984036,0.00050350,13.1499,11.9740,0.1658,6.2491,1.8090,496.4507,37.7013,10.4533,13.8512,10.2195,10.5412,18.3951,22.009,22.009,31.6236,10.5412,0.0,2.087904,3.0,1.247477,27,146,58,3,0.16407309,0.01258756,0.02479038,0E-8,0.000000,0.909326,0.001376,-0.01459794,2026-03-22,2026-08-05,77,266,243,137,0.562044,0.754684,0.794934,0.546910,,,,,,,,GLOBAL_BASELINE_NO_ENTITY_RANKING,,,NOT_APPLICABLE_GLOBAL_BASELINE,HF9g-P5,,,,X 全窗基线 · 不参与实体赏罚,8390706,840,A168_HF9F_20260827_0900,2026-08-27 09:00:00
2026-05-28,94151214,2147,0,198.7186219932,52.7255540386,52.7255540386,0.5625000,16,16,0.49827245000000000,0.498272450000,0.5138234669484669,0.5138234669484669,0.5138234669484669,0E-17,ELIGIBLE,R03b_20260811_FULL_v1,L1_ELIGIBILITY,v2026-08-11,2026-03-21..2026-08-06,baccarat_bet02_101_all_pairs_incl_sentinel,round_win = game_pnl > 0 (decisive only),COMPATIBILITY_ONLY_NOT_PRODUCTION,38226.7023,34760.5459,481.1811,2907,2903,-0.01258756,-0.02479038,-0.01019244,-0.01258756,-481.1811,38226.7023,OK,0.0000,19.2472,4.0000,96.0000,AG03-UNRESOLVED,ALL5_LEVELS_bet23_to_bet27,19.2472,19.2472,19.2472,28.8709,28.8709,4.000000,4.000000,4.000000,6.000000,6.000000,96.000000,96.000000,96.000000,94.000000,94.000000,5.0,115.4835,105.0165,365.6976,376.1646,PENDING_AG03,FALSE,NOT_FOR_ENFORCEMENT,461.9338,33370.1240,481.1811,461.9338,19.2472,0.01258756,0.01208406,19.2472,461.9338,0.01208406,19.2472,19.2472,19.2472,28.8709,28.8709,461.9338,0.01208406,115.4835,105.0165,365.6976,376.1646,0.00956655,0.00984036,0.00050350,13.1499,11.9740,0.1658,6.2491,1.8090,496.4507,37.7013,10.4533,13.8512,10.2195,10.5412,18.3951,22.009,22.009,31.6236,10.5412,0.0,2.087904,3.0,1.247477,27,146,58,3,0.16407309,0.01258756,0.02479038,0E-8,0.000000,0.909326,0.001376,-0.01459794,2026-03-22,2026-08-05,77,266,243,137,0.562044,0.754684,0.794934,0.546910,,,,,,,,GLOBAL_BASELINE_NO_ENTITY_RANKING,,,NOT_APPLICABLE_GLOBAL_BASELINE,HF9g-P5,,,,X 全窗基线 · 不参与实体赏罚,8390707,840,A168_HF9F_20260827_0900,2026-08-27 09:00:00
2026-05-28,94151214,529,0,52.5154920700,-31.5092952420,-31.5092952420,0E-7,5,5,0.50396966000000000,0.503969660000,-1.7458571371871967,-1.745857137187197,-1.7458571371871967,0E-17,ELIGIBLE,R03b_20260811_FULL_v1,L1_ELIGIBILITY,v2026-08-11,2026-03-21..2026-08-06,baccarat_bet02_101_all_pairs_incl_sentinel,round_win = game_pnl > 0 (decisive only),COMPATIBILITY_ONLY_NOT_PRODUCTION,38226.7023,34760.5459,481.1811,2907,2903,-0.01258756,-0.02479038,-0.01019244,-0.01258756,-481.1811,38226.7023,OK,0.0000,19.2472,4.0000,96.0000,AG03-UNRESOLVED,ALL5_LEVELS_bet23_to_bet27,19.2472,19.2472,19.2472,28.8709,28.8709,4.000000,4.000000,4.000000,6.000000,6.000000,96.000000,96.000000,96.000000,94.000000,94.000000,5.0,115.4835,105.0165,365.6976,376.1646,PENDING_AG03,FALSE,NOT_FOR_ENFORCEMENT,461.9338,33370.1240,481.1811,461.9338,19.2472,0.01258756,0.01208406,19.2472,461.9338,0.01208406,19.2472,19.2472,19.2472,28.8709,28.8709,461.9338,0.01208406,115.4835,105.0165,365.6976,376.1646,0.00956655,0.00984036,0.00050350,13.1499,11.9740,0.1658,6.2491,1.8090,496.4507,37.7013,10.4533,13.8512,10.2195,10.5412,18.3951,22.009,22.009,31.6236,10.5412,0.0,2.087904,3.0,1.247477,27,146,58,3,0.16407309,0.01258756,0.02479038,0E-8,0.000000,0.909326,0.001376,-0.01459794,2026-03-22,2026-08-05,77,266,243,137,0.562044,0.754684,0.794934,0.546910,,,,,,,,GLOBAL_BASELINE_NO_ENTITY_RANKING,,,NOT_APPLICABLE_GLOBAL_BASELINE,HF9g-P5,,,,X 全窗基线 · 不参与实体赏罚,8390708,840,A168_HF9F_20260827_0900,2026-08-27 09:00:00
2026-06-03,94151214,772,0,20.7714517167,-20.7714517167,-20.7714517167,0E-7,3,3,0.49771390000000000,0.497713900000,-1.724149546644903,-1.724149546644903,-1.724149546644903,0E-17,ELIGIBLE,R03b_20260811_FULL_v1,L1_ELIGIBILITY,v2026-08-11,2026-03-21..2026-08-06,baccarat_bet02_101_all_pairs_incl_sentinel,round_win = game_pnl > 0 (decisive only),COMPATIBILITY_ONLY_NOT_PRODUCTION,38226.7023,34760.5459,481.1811,2907,2903,-0.01258756,-0.02479038,-0.01019244,-0.01258756,-481.1811,38226.7023,OK,0.0000,19.2472,4.0000,96.0000,AG03-UNRESOLVED,ALL5_LEVELS_bet23_to_bet27,19.2472,19.2472,19.2472,28.8709,28.8709,4.000000,4.000000,4.000000,6.000000,6.000000,96.000000,96.000000,96.000000,94.000000,94.000000,5.0,115.4835,105.0165,365.6976,376.1646,PENDING_AG03,FALSE,NOT_FOR_ENFORCEMENT,461.9338,33370.1240,481.1811,461.9338,19.2472,0.01258756,0.01208406,19.2472,461.9338,0.01208406,19.2472,19.2472,19.2472,28.8709,28.8709,461.9338,0.01208406,115.4835,105.0165,365.6976,376.1646,0.00956655,0.00984036,0.00050350,13.1499,11.9740,0.1658,6.2491,1.8090,496.4507,37.7013,10.4533,13.8512,10.2195,10.5412,18.3951,22.009,22.009,31.6236,10.5412,0.0,2.087904,3.0,1.247477,27,146,58,3,0.16407309,0.01258756,0.02479038,0E-8,0.000000,0.909326,0.001376,-0.01459794,2026-03-22,2026-08-05,77,266,243,137,0.562044,0.754684,0.794934,0.546910,,,,,,,,GLOBAL_BASELINE_NO_ENTITY_RANKING,,,NOT_APPLICABLE_GLOBAL_BASELINE,HF9g-P5,,,,X 全窗基线 · 不参与实体赏罚,8390709,840,A168_HF9F_20260827_0900,2026-08-27 09:00:00
2026-06-08,94151214,2171,0,132.9372909875,62.8336414434,62.8336414434,0.7777778,12,12,0.49771390000000000,0.497713900000,1.6804008311589396,1.6804008311589396,1.6804008311589396,0E-17,ELIGIBLE,R03b_20260811_FULL_v1,L1_ELIGIBILITY,v2026-08-11,2026-03-21..2026-08-06,baccarat_bet02_101_all_pairs_incl_sentinel,round_win = game_pnl > 0 (decisive only),COMPATIBILITY_ONLY_NOT_PRODUCTION,38226.7023,34760.5459,481.1811,2907,2903,-0.01258756,-0.02479038,-0.01019244,-0.01258756,-481.1811,38226.7023,OK,0.0000,19.2472,4.0000,96.0000,AG03-UNRESOLVED,ALL5_LEVELS_bet23_to_bet27,19.2472,19.2472,19.2472,28.8709,28.8709,4.000000,4.000000,4.000000,6.000000,6.000000,96.000000,96.000000,96.000000,94.000000,94.000000,5.0,115.4835,105.0165,365.6976,376.1646,PENDING_AG03,FALSE,NOT_FOR_ENFORCEMENT,461.9338,33370.1240,481.1811,461.9338,19.2472,0.01258756,0.01208406,19.2472,461.9338,0.01208406,19.2472,19.2472,19.2472,28.8709,28.8709,461.9338,0.01208406,115.4835,105.0165,365.6976,376.1646,0.00956655,0.00984036,0.00050350,13.1499,11.9740,0.1658,6.2491,1.8090,496.4507,37.7013,10.4533,13.8512,10.2195,10.5412,18.3951,22.009,22.009,31.6236,10.5412,0.0,2.087904,3.0,1.247477,27,146,58,3,0.16407309,0.01258756,0.02479038,0E-8,0.000000,0.909326,0.001376,-0.01459794,2026-03-22,2026-08-05,77,266,243,137,0.562044,0.754684,0.794934,0.546910,,,,,,,,GLOBAL_BASELINE_NO_ENTITY_RANKING,,,NOT_APPLICABLE_GLOBAL_BASELINE,HF9g-P5,,,,X 全窗基线 · 不参与实体赏罚,8390710,840,A168_HF9F_20260827_0900,2026-08-27 09:00:00
2026-06-09,94151214,2108,0,10.3857258584,9.8664395655,9.8664395655,1.0000000,1,1,0.50665070000000000,0.506650700000,0.9867858985152569,0.9867858985152569,0.9867858985152569,0E-17,ELIGIBLE,R03b_20260811_FULL_v1,L1_ELIGIBILITY,v2026-08-11,2026-03-21..2026-08-06,baccarat_bet02_101_all_pairs_incl_sentinel,round_win = game_pnl > 0 (decisive only),COMPATIBILITY_ONLY_NOT_PRODUCTION,38226.7023,34760.5459,481.1811,2907,2903,-0.01258756,-0.02479038,-0.01019244,-0.01258756,-481.1811,38226.7023,OK,0.0000,19.2472,4.0000,96.0000,AG03-UNRESOLVED,ALL5_LEVELS_bet23_to_bet27,19.2472,19.2472,19.2472,28.8709,28.8709,4.000000,4.000000,4.000000,6.000000,6.000000,96.000000,96.000000,96.000000,94.000000,94.000000,5.0,115.4835,105.0165,365.6976,376.1646,PENDING_AG03,FALSE,NOT_FOR_ENFORCEMENT,461.9338,33370.1240,481.1811,461.9338,19.2472,0.01258756,0.01208406,19.2472,461.9338,0.01208406,19.2472,19.2472,19.2472,28.8709,28.8709,461.9338,0.01208406,115.4835,105.0165,365.6976,376.1646,0.00956655,0.00984036,0.00050350,13.1499,11.9740,0.1658,6.2491,1.8090,496.4507,37.7013,10.4533,13.8512,10.2195,10.5412,18.3951,22.009,22.009,31.6236,10.5412,0.0,2.087904,3.0,1.247477,27,146,58,3,0.16407309,0.01258756,0.02479038,0E-8,0.000000,0.909326,0.001376,-0.01459794,2026-03-22,2026-08-05,77,266,243,137,0.562044,0.754684,0.794934,0.546910,,,,,,,,GLOBAL_BASELINE_NO_ENTITY_RANKING,,,NOT_APPLICABLE_GLOBAL_BASELINE,HF9g-P5,,,,X 全窗基线 · 不参与实体赏罚,8390711,840,A168_HF9F_20260827_0900,2026-08-27 09:00:00
2026-06-09,94151214,2115,0,51.3054857404,-51.3054857404,-51.3054857404,0E-7,4,4,0.50329940000000000,0.503299400000,-2.013241432932159,-2.013241432932159,-2.013241432932159,0E-17,ELIGIBLE,R03b_20260811_FULL_v1,L1_ELIGIBILITY,v2026-08-11,2026-03-21..2026-08-06,baccarat_bet02_101_all_pairs_incl_sentinel,round_win = game_pnl > 0 (decisive only),COMPATIBILITY_ONLY_NOT_PRODUCTION,38226.7023,34760.5459,481.1811,2907,2903,-0.01258756,-0.02479038,-0.01019244,-0.01258756,-481.1811,38226.7023,OK,0.0000,19.2472,4.0000,96.0000,AG03-UNRESOLVED,ALL5_LEVELS_bet23_to_bet27,19.2472,19.2472,19.2472,28.8709,28.8709,4.000000,4.000000,4.000000,6.000000,6.000000,96.000000,96.000000,96.000000,94.000000,94.000000,5.0,115.4835,105.0165,365.6976,376.1646,PENDING_AG03,FALSE,NOT_FOR_ENFORCEMENT,461.9338,33370.1240,481.1811,461.9338,19.2472,0.01258756,0.01208406,19.2472,461.9338,0.01208406,19.2472,19.2472,19.2472,28.8709,28.8709,461.9338,0.01208406,115.4835,105.0165,365.6976,376.1646,0.00956655,0.00984036,0.00050350,13.1499,11.9740,0.1658,6.2491,1.8090,496.4507,37.7013,10.4533,13.8512,10.2195,10.5412,18.3951,22.009,22.009,31.6236,10.5412,0.0,2.087904,3.0,1.247477,27,146,58,3,0.16407309,0.01258756,0.02479038,0E-8,0.000000,0.909326,0.001376,-0.01459794,2026-03-22,2026-08-05,77,266,243,137,0.562044,0.754684,0.794934,0.546910,,,,,,,,GLOBAL_BASELINE_NO_ENTITY_RANKING,,,NOT_APPLICABLE_GLOBAL_BASELINE,HF9g-P5,,,,X 全窗基线 · 不参与实体赏罚,8390712,840,A168_HF9F_20260827_0900,2026-08-27 09:00:00
2026-06-14,94151214,1994,0,20.3560226825,-4.9643769603,-4.9643769603,0.5000000,2,2,0.50665070000000000,0.506650700000,-0.018812684590367487,-0.018812684590367487,-0.018812684590367487,0E-17,ELIGIBLE,R03b_20260811_FULL_v1,L1_ELIGIBILITY,v2026-08-11,2026-03-21..2026-08-06,baccarat_bet02_101_all_pairs_incl_sentinel,round_win = game_pnl > 0 (decisive only),COMPATIBILITY_ONLY_NOT_PRODUCTION,38226.7023,34760.5459,481.1811,2907,2903,-0.01258756,-0.02479038,-0.01019244,-0.01258756,-481.1811,38226.7023,OK,0.0000,19.2472,4.0000,96.0000,AG03-UNRESOLVED,ALL5_LEVELS_bet23_to_bet27,19.2472,19.2472,19.2472,28.8709,28.8709,4.000000,4.000000,4.000000,6.000000,6.000000,96.000000,96.000000,96.000000,94.000000,94.000000,5.0,115.4835,105.0165,365.6976,376.1646,PENDING_AG03,FALSE,NOT_FOR_ENFORCEMENT,461.9338,33370.1240,481.1811,461.9338,19.2472,0.01258756,0.01208406,19.2472,461.9338,0.01208406,19.2472,19.2472,19.2472,28.8709,28.8709,461.9338,0.01208406,115.4835,105.0165,365.6976,376.1646,0.00956655,0.00984036,0.00050350,13.1499,11.9740,0.1658,6.2491,1.8090,496.4507,37.7013,10.4533,13.8512,10.2195,10.5412,18.3951,22.009,22.009,31.6236,10.5412,0.0,2.087904,3.0,1.247477,27,146,58,3,0.16407309,0.01258756,0.02479038,0E-8,0.000000,0.909326,0.001376,-0.01459794,2026-03-22,2026-08-05,77,266,243,137,0.562044,0.754684,0.794934,0.546910,,,,,,,,GLOBAL_BASELINE_NO_ENTITY_RANKING,,,NOT_APPLICABLE_GLOBAL_BASELINE,HF9g-P5,,,,X 全窗基线 · 不参与实体赏罚,8390713,840,A168_HF9F_20260827_0900,2026-08-27 09:00:00
2026-06-14,94151214,2171,0,62.3143551504,-10.9050121513,-10.9050121513,0.4000000,6,6,0.50218230000000000,0.502182300000,-0.4569774904649096,-0.4569774904649096,-0.4569774904649096,0E-17,ELIGIBLE,R03b_20260811_FULL_v1,L1_ELIGIBILITY,v2026-08-11,2026-03-21..2026-08-06,baccarat_bet02_101_all_pairs_incl_sentinel,round_win = game_pnl > 0 (decisive only),COMPATIBILITY_ONLY_NOT_PRODUCTION,38226.7023,34760.5459,481.1811,2907,2903,-0.01258756,-0.02479038,-0.01019244,-0.01258756,-481.1811,38226.7023,OK,0.0000,19.2472,4.0000,96.0000,AG03-UNRESOLVED,ALL5_LEVELS_bet23_to_bet27,19.2472,19.2472,19.2472,28.8709,28.8709,4.000000,4.000000,4.000000,6.000000,6.000000,96.000000,96.000000,96.000000,94.000000,94.000000,5.0,115.4835,105.0165,365.6976,376.1646,PENDING_AG03,FALSE,NOT_FOR_ENFORCEMENT,461.9338,33370.1240,481.1811,461.9338,19.2472,0.01258756,0.01208406,19.2472,461.9338,0.01208406,19.2472,19.2472,19.2472,28.8709,28.8709,461.9338,0.01208406,115.4835,105.0165,365.6976,376.1646,0.00956655,0.00984036,0.00050350,13.1499,11.9740,0.1658,6.2491,1.8090,496.4507,37.7013,10.4533,13.8512,10.2195,10.5412,18.3951,22.009,22.009,31.6236,10.5412,0.0,2.087904,3.0,1.247477,27,146,58,3,0.16407309,0.01258756,0.02479038,0E-8,0.000000,0.909326,0.001376,-0.01459794,2026-03-22,2026-08-05,77,266,243,137,0.562044,0.754684,0.794934,0.546910,,,,,,,,GLOBAL_BASELINE_NO_ENTITY_RANKING,,,NOT_APPLICABLE_GLOBAL_BASELINE,HF9g-P5,,,,X 全窗基线 · 不参与实体赏罚,8390714,840,A168_HF9F_20260827_0900,2026-08-27 09:00:00
2026-06-14,94151214,2239,0,36.1423259872,-5.4005774464,-5.4005774464,0.5000000,4,4,0.49659680000000000,0.496596800000,0.013613115331600182,0.013613115331600183,0.013613115331600182,0E-17,ELIGIBLE,R03b_20260811_FULL_v1,L1_ELIGIBILITY,v2026-08-11,2026-03-21..2026-08-06,baccarat_bet02_101_all_pairs_incl_sentinel,round_win = game_pnl > 0 (decisive only),COMPATIBILITY_ONLY_NOT_PRODUCTION,38226.7023,34760.5459,481.1811,2907,2903,-0.01258756,-0.02479038,-0.01019244,-0.01258756,-481.1811,38226.7023,OK,0.0000,19.2472,4.0000,96.0000,AG03-UNRESOLVED,ALL5_LEVELS_bet23_to_bet27,19.2472,19.2472,19.2472,28.8709,28.8709,4.000000,4.000000,4.000000,6.000000,6.000000,96.000000,96.000000,96.000000,94.000000,94.000000,5.0,115.4835,105.0165,365.6976,376.1646,PENDING_AG03,FALSE,NOT_FOR_ENFORCEMENT,461.9338,33370.1240,481.1811,461.9338,19.2472,0.01258756,0.01208406,19.2472,461.9338,0.01208406,19.2472,19.2472,19.2472,28.8709,28.8709,461.9338,0.01208406,115.4835,105.0165,365.6976,376.1646,0.00956655,0.00984036,0.00050350,13.1499,11.9740,0.1658,6.2491,1.8090,496.4507,37.7013,10.4533,13.8512,10.2195,10.5412,18.3951,22.009,22.009,31.6236,10.5412,0.0,2.087904,3.0,1.247477,27,146,58,3,0.16407309,0.01258756,0.02479038,0E-8,0.000000,0.909326,0.001376,-0.01459794,2026-03-22,2026-08-05,77,266,243,137,0.562044,0.754684,0.794934,0.546910,,,,,,,,GLOBAL_BASELINE_NO_ENTITY_RANKING,,,NOT_APPLICABLE_GLOBAL_BASELINE,HF9g-P5,,,,X 全窗基线 · 不参与实体赏罚,8390715,840,A168_HF9F_20260827_0900,2026-08-27 09:00:00
2026-06-16,94151214,2103,0,117.7741312342,-0.8308580687,-0.8308580687,0.5000000,11,11,0.49933877272727273,0.499338772727,0.00418197212257692,0.0041819721243018205,0.00418197212257692,2.7273E-13,ELIGIBLE,R03b_20260811_FULL_v1,L1_ELIGIBILITY,v2026-08-11,2026-03-21..2026-08-06,baccarat_bet02_101_all_pairs_incl_sentinel,round_win = game_pnl > 0 (decisive only),COMPATIBILITY_ONLY_NOT_PRODUCTION,38226.7023,34760.5459,481.1811,2907,2903,-0.01258756,-0.02479038,-0.01019244,-0.01258756,-481.1811,38226.7023,OK,0.0000,19.2472,4.0000,96.0000,AG03-UNRESOLVED,ALL5_LEVELS_bet23_to_bet27,19.2472,19.2472,19.2472,28.8709,28.8709,4.000000,4.000000,4.000000,6.000000,6.000000,96.000000,96.000000,96.000000,94.000000,94.000000,5.0,115.4835,105.0165,365.6976,376.1646,PENDING_AG03,FALSE,NOT_FOR_ENFORCEMENT,461.9338,33370.1240,481.1811,461.9338,19.2472,0.01258756,0.01208406,19.2472,461.9338,0.01208406,19.2472,19.2472,19.2472,28.8709,28.8709,461.9338,0.01208406,115.4835,105.0165,365.6976,376.1646,0.00956655,0.00984036,0.00050350,13.1499,11.9740,0.1658,6.2491,1.8090,496.4507,37.7013,10.4533,13.8512,10.2195,10.5412,18.3951,22.009,22.009,31.6236,10.5412,0.0,2.087904,3.0,1.247477,27,146,58,3,0.16407309,0.01258756,0.02479038,0E-8,0.000000,0.909326,0.001376,-0.01459794,2026-03-22,2026-08-05,77,266,243,137,0.562044,0.754684,0.794934,0.546910,,,,,,,,GLOBAL_BASELINE_NO_ENTITY_RANKING,,,NOT_APPLICABLE_GLOBAL_BASELINE,HF9g-P5,,,,X 全窗基线 · 不参与实体赏罚,8390716,840,A168_HF9F_20260827_0900,2026-08-27 09:00:00
2026-06-16,94151214,2108,0,211.8688075112,-20.9791662340,-20.9791662340,0.4444444,19,19,0.50100640526315789,0.501006405263,-0.47994512485275653,-0.4799451248514165,-0.47994512485275653,1.5789E-13,ELIGIBLE,R03b_20260811_FULL_v1,L1_ELIGIBILITY,v2026-08-11,2026-03-21..2026-08-06,baccarat_bet02_101_all_pairs_incl_sentinel,round_win = game_pnl > 0 (decisive only),COMPATIBILITY_ONLY_NOT_PRODUCTION,38226.7023,34760.5459,481.1811,2907,2903,-0.01258756,-0.02479038,-0.01019244,-0.01258756,-481.1811,38226.7023,OK,0.0000,19.2472,4.0000,96.0000,AG03-UNRESOLVED,ALL5_LEVELS_bet23_to_bet27,19.2472,19.2472,19.2472,28.8709,28.8709,4.000000,4.000000,4.000000,6.000000,6.000000,96.000000,96.000000,96.000000,94.000000,94.000000,5.0,115.4835,105.0165,365.6976,376.1646,PENDING_AG03,FALSE,NOT_FOR_ENFORCEMENT,461.9338,33370.1240,481.1811,461.9338,19.2472,0.01258756,0.01208406,19.2472,461.9338,0.01208406,19.2472,19.2472,19.2472,28.8709,28.8709,461.9338,0.01208406,115.4835,105.0165,365.6976,376.1646,0.00956655,0.00984036,0.00050350,13.1499,11.9740,0.1658,6.2491,1.8090,496.4507,37.7013,10.4533,13.8512,10.2195,10.5412,18.3951,22.009,22.009,31.6236,10.5412,0.0,2.087904,3.0,1.247477,27,146,58,3,0.16407309,0.01258756,0.02479038,0E-8,0.000000,0.909326,0.001376,-0.01459794,2026-03-22,2026-08-05,77,266,243,137,0.562044,0.754684,0.794934,0.546910,,,,,,,,GLOBAL_BASELINE_NO_ENTITY_RANKING,,,NOT_APPLICABLE_GLOBAL_BASELINE,HF9g-P5,,,,X 全窗基线 · 不参与实体赏罚,8390717,840,A168_HF9F_20260827_0900,2026-08-27 09:00:00
2026-06-16,94151214,2155,0,20.7714517168,20.2521654239,20.2521654239,1.0000000,2,2,0.49994810000000000,0.499948100000,1.4143603653603398,1.4143603653603398,1.4143603653603398,0E-17,ELIGIBLE,R03b_20260811_FULL_v1,L1_ELIGIBILITY,v2026-08-11,2026-03-21..2026-08-06,baccarat_bet02_101_all_pairs_incl_sentinel,round_win = game_pnl > 0 (decisive only),COMPATIBILITY_ONLY_NOT_PRODUCTION,38226.7023,34760.5459,481.1811,2907,2903,-0.01258756,-0.02479038,-0.01019244,-0.01258756,-481.1811,38226.7023,OK,0.0000,19.2472,4.0000,96.0000,AG03-UNRESOLVED,ALL5_LEVELS_bet23_to_bet27,19.2472,19.2472,19.2472,28.8709,28.8709,4.000000,4.000000,4.000000,6.000000,6.000000,96.000000,96.000000,96.000000,94.000000,94.000000,5.0,115.4835,105.0165,365.6976,376.1646,PENDING_AG03,FALSE,NOT_FOR_ENFORCEMENT,461.9338,33370.1240,481.1811,461.9338,19.2472,0.01258756,0.01208406,19.2472,461.9338,0.01208406,19.2472,19.2472,19.2472,28.8709,28.8709,461.9338,0.01208406,115.4835,105.0165,365.6976,376.1646,0.00956655,0.00984036,0.00050350,13.1499,11.9740,0.1658,6.2491,1.8090,496.4507,37.7013,10.4533,13.8512,10.2195,10.5412,18.3951,22.009,22.009,31.6236,10.5412,0.0,2.087904,3.0,1.247477,27,146,58,3,0.16407309,0.01258756,0.02479038,0E-8,0.000000,0.909326,0.001376,-0.01459794,2026-03-22,2026-08-05,77,266,243,137,0.562044,0.754684,0.794934,0.546910,,,,,,,,GLOBAL_BASELINE_NO_ENTITY_RANKING,,,NOT_APPLICABLE_GLOBAL_BASELINE,HF9g-P5,,,,X 全窗基线 · 不参与实体赏罚,8390718,840,A168_HF9F_20260827_0900,2026-08-27 09:00:00
2026-06-17,94151214,2071,0,97.6258230688,-19.7328791309,-19.7328791309,0.5000000,8,8,0.50329940000000000,0.503299400000,-0.016164044843397878,-0.016164044843397878,-0.016164044843397878,0E-17,ELIGIBLE,R03b_20260811_FULL_v1,L1_ELIGIBILITY,v2026-08-11,2026-03-21..2026-08-06,baccarat_bet02_101_all_pairs_incl_sentinel,round_win = game_pnl > 0 (decisive only),COMPATIBILITY_ONLY_NOT_PRODUCTION,38226.7023,34760.5459,481.1811,2907,2903,-0.01258756,-0.02479038,-0.01019244,-0.01258756,-481.1811,38226.7023,OK,0.0000,19.2472,4.0000,96.0000,AG03-UNRESOLVED,ALL5_LEVELS_bet23_to_bet27,19.2472,19.2472,19.2472,28.8709,28.8709,4.000000,4.000000,4.000000,6.000000,6.000000,96.000000,96.000000,96.000000,94.000000,94.000000,5.0,115.4835,105.0165,365.6976,376.1646,PENDING_AG03,FALSE,NOT_FOR_ENFORCEMENT,461.9338,33370.1240,481.1811,461.9338,19.2472,0.01258756,0.01208406,19.2472,461.9338,0.01208406,19.2472,19.2472,19.2472,28.8709,28.8709,461.9338,0.01208406,115.4835,105.0165,365.6976,376.1646,0.00956655,0.00984036,0.00050350,13.1499,11.9740,0.1658,6.2491,1.8090,496.4507,37.7013,10.4533,13.8512,10.2195,10.5412,18.3951,22.009,22.009,31.6236,10.5412,0.0,2.087904,3.0,1.247477,27,146,58,3,0.16407309,0.01258756,0.02479038,0E-8,0.000000,0.909326,0.001376,-0.01459794,2026-03-22,2026-08-05,77,266,243,137,0.562044,0.754684,0.794934,0.546910,,,,,,,,GLOBAL_BASELINE_NO_ENTITY_RANKING,,,NOT_APPLICABLE_GLOBAL_BASELINE,HF9g-P5,,,,X 全窗基线 · 不参与实体赏罚,8390719,840,A168_HF9F_20260827_0900,2026-08-27 09:00:00
2026-06-17,94151214,2280,0,44.0354776396,-21.7580956734,-21.7580956734,0.2500000,4,4,0.50329940000000000,0.503299400000,-1.013219660140378,-1.013219660140378,-1.013219660140378,0E-17,ELIGIBLE,R03b_20260811_FULL_v1,L1_ELIGIBILITY,v2026-08-11,2026-03-21..2026-08-06,baccarat_bet02_101_all_pairs_incl_sentinel,round_win = game_pnl > 0 (decisive only),COMPATIBILITY_ONLY_NOT_PRODUCTION,38226.7023,34760.5459,481.1811,2907,2903,-0.01258756,-0.02479038,-0.01019244,-0.01258756,-481.1811,38226.7023,OK,0.0000,19.2472,4.0000,96.0000,AG03-UNRESOLVED,ALL5_LEVELS_bet23_to_bet27,19.2472,19.2472,19.2472,28.8709,28.8709,4.000000,4.000000,4.000000,6.000000,6.000000,96.000000,96.000000,96.000000,94.000000,94.000000,5.0,115.4835,105.0165,365.6976,376.1646,PENDING_AG03,FALSE,NOT_FOR_ENFORCEMENT,461.9338,33370.1240,481.1811,461.9338,19.2472,0.01258756,0.01208406,19.2472,461.9338,0.01208406,19.2472,19.2472,19.2472,28.8709,28.8709,461.9338,0.01208406,115.4835,105.0165,365.6976,376.1646,0.00956655,0.00984036,0.00050350,13.1499,11.9740,0.1658,6.2491,1.8090,496.4507,37.7013,10.4533,13.8512,10.2195,10.5412,18.3951,22.009,22.009,31.6236,10.5412,0.0,2.087904,3.0,1.247477,27,146,58,3,0.16407309,0.01258756,0.02479038,0E-8,0.000000,0.909326,0.001376,-0.01459794,2026-03-22,2026-08-05,77,266,243,137,0.562044,0.754684,0.794934,0.546910,,,,,,,,GLOBAL_BASELINE_NO_ENTITY_RANKING,,,NOT_APPLICABLE_GLOBAL_BASELINE,HF9g-P5,,,,X 全窗基线 · 不参与实体赏罚,8390720,840,A168_HF9F_20260827_0900,2026-08-27 09:00:00
2026-06-18,94151214,1940,0,93.0561036912,-41.2313316577,-41.2313316577,0.2727273,11,11,0.49812011818181818,0.498120118182,-1.4950975648608964,-1.4950975648621003,-1.4950975648608964,-1.8182E-13,ELIGIBLE,R03b_20260811_FULL_v1,L1_ELIGIBILITY,v2026-08-11,2026-03-21..2026-08-06,baccarat_bet02_101_all_pairs_incl_sentinel,round_win = game_pnl > 0 (decisive only),COMPATIBILITY_ONLY_NOT_PRODUCTION,38226.7023,34760.5459,481.1811,2907,2903,-0.01258756,-0.02479038,-0.01019244,-0.01258756,-481.1811,38226.7023,OK,0.0000,19.2472,4.0000,96.0000,AG03-UNRESOLVED,ALL5_LEVELS_bet23_to_bet27,19.2472,19.2472,19.2472,28.8709,28.8709,4.000000,4.000000,4.000000,6.000000,6.000000,96.000000,96.000000,96.000000,94.000000,94.000000,5.0,115.4835,105.0165,365.6976,376.1646,PENDING_AG03,FALSE,NOT_FOR_ENFORCEMENT,461.9338,33370.1240,481.1811,461.9338,19.2472,0.01258756,0.01208406,19.2472,461.9338,0.01208406,19.2472,19.2472,19.2472,28.8709,28.8709,461.9338,0.01208406,115.4835,105.0165,365.6976,376.1646,0.00956655,0.00984036,0.00050350,13.1499,11.9740,0.1658,6.2491,1.8090,496.4507,37.7013,10.4533,13.8512,10.2195,10.5412,18.3951,22.009,22.009,31.6236,10.5412,0.0,2.087904,3.0,1.247477,27,146,58,3,0.16407309,0.01258756,0.02479038,0E-8,0.000000,0.909326,0.001376,-0.01459794,2026-03-22,2026-08-05,77,266,243,137,0.562044,0.754684,0.794934,0.546910,,,,,,,,GLOBAL_BASELINE_NO_ENTITY_RANKING,,,NOT_APPLICABLE_GLOBAL_BASELINE,HF9g-P5,,,,X 全窗基线 · 不参与实体赏罚,8390721,840,A168_HF9F_20260827_0900,2026-08-27 09:00:00
2026-06-18,94151214,2142,0,49.8514841203,17.2403049250,17.2403049250,0.7500000,5,5,0.50665070000000000,0.506650700000,0.9734833216690844,0.9734833216690844,0.9734833216690844,0E-17,ELIGIBLE,R03b_20260811_FULL_v1,L1_ELIGIBILITY,v2026-08-11,2026-03-21..2026-08-06,baccarat_bet02_101_all_pairs_incl_sentinel,round_win = game_pnl > 0 (decisive only),COMPATIBILITY_ONLY_NOT_PRODUCTION,38226.7023,34760.5459,481.1811,2907,2903,-0.01258756,-0.02479038,-0.01019244,-0.01258756,-481.1811,38226.7023,OK,0.0000,19.2472,4.0000,96.0000,AG03-UNRESOLVED,ALL5_LEVELS_bet23_to_bet27,19.2472,19.2472,19.2472,28.8709,28.8709,4.000000,4.000000,4.000000,6.000000,6.000000,96.000000,96.000000,96.000000,94.000000,94.000000,5.0,115.4835,105.0165,365.6976,376.1646,PENDING_AG03,FALSE,NOT_FOR_ENFORCEMENT,461.9338,33370.1240,481.1811,461.9338,19.2472,0.01258756,0.01208406,19.2472,461.9338,0.01208406,19.2472,19.2472,19.2472,28.8709,28.8709,461.9338,0.01208406,115.4835,105.0165,365.6976,376.1646,0.00956655,0.00984036,0.00050350,13.1499,11.9740,0.1658,6.2491,1.8090,496.4507,37.7013,10.4533,13.8512,10.2195,10.5412,18.3951,22.009,22.009,31.6236,10.5412,0.0,2.087904,3.0,1.247477,27,146,58,3,0.16407309,0.01258756,0.02479038,0E-8,0.000000,0.909326,0.001376,-0.01459794,2026-03-22,2026-08-05,77,266,243,137,0.562044,0.754684,0.794934,0.546910,,,,,,,,GLOBAL_BASELINE_NO_ENTITY_RANKING,,,NOT_APPLICABLE_GLOBAL_BASELINE,HF9g-P5,,,,X 全窗基线 · 不参与实体赏罚,8390722,840,A168_HF9F_20260827_0900,2026-08-27 09:00:00
2026-06-18,94151214,2267,0,58.1600648070,3.1157177576,3.1157177576,0.5000000,6,6,0.49771390000000000,0.497713900000,0.011199674067230152,0.011199674067230152,0.011199674067230152,0E-17,ELIGIBLE,R03b_20260811_FULL_v1,L1_ELIGIBILITY,v2026-08-11,2026-03-21..2026-08-06,baccarat_bet02_101_all_pairs_incl_sentinel,round_win = game_pnl > 0 (decisive only),COMPATIBILITY_ONLY_NOT_PRODUCTION,38226.7023,34760.5459,481.1811,2907,2903,-0.01258756,-0.02479038,-0.01019244,-0.01258756,-481.1811,38226.7023,OK,0.0000,19.2472,4.0000,96.0000,AG03-UNRESOLVED,ALL5_LEVELS_bet23_to_bet27,19.2472,19.2472,19.2472,28.8709,28.8709,4.000000,4.000000,4.000000,6.000000,6.000000,96.000000,96.000000,96.000000,94.000000,94.000000,5.0,115.4835,105.0165,365.6976,376.1646,PENDING_AG03,FALSE,NOT_FOR_ENFORCEMENT,461.9338,33370.1240,481.1811,461.9338,19.2472,0.01258756,0.01208406,19.2472,461.9338,0.01208406,19.2472,19.2472,19.2472,28.8709,28.8709,461.9338,0.01208406,115.4835,105.0165,365.6976,376.1646,0.00956655,0.00984036,0.00050350,13.1499,11.9740,0.1658,6.2491,1.8090,496.4507,37.7013,10.4533,13.8512,10.2195,10.5412,18.3951,22.009,22.009,31.6236,10.5412,0.0,2.087904,3.0,1.247477,27,146,58,3,0.16407309,0.01258756,0.02479038,0E-8,0.000000,0.909326,0.001376,-0.01459794,2026-03-22,2026-08-05,77,266,243,137,0.562044,0.754684,0.794934,0.546910,,,,,,,,GLOBAL_BASELINE_NO_ENTITY_RANKING,,,NOT_APPLICABLE_GLOBAL_BASELINE,HF9g-P5,,,,X 全窗基线 · 不参与实体赏罚,8390723,840,A168_HF9F_20260827_0900,2026-08-27 09:00:00
2026-06-21,94151214,-1,1,29.0800324034,0E-10,0E-10,0.5000000,4,4,0.49324550000000000,0.493245500000,0.027020465636507562,0.027020465636507562,0.027020465636507562,0E-17,SENTINEL_DEALER,R03b_20260811_FULL_v1,L1_ELIGIBILITY,v2026-08-11,2026-03-21..2026-08-06,baccarat_bet02_101_all_pairs_incl_sentinel,round_win = game_pnl > 0 (decisive only),COMPATIBILITY_ONLY_NOT_PRODUCTION,38226.7023,34760.5459,481.1811,2907,2903,-0.01258756,-0.02479038,-0.01019244,-0.01258756,-481.1811,38226.7023,OK,0.0000,19.2472,4.0000,96.0000,AG03-UNRESOLVED,ALL5_LEVELS_bet23_to_bet27,19.2472,19.2472,19.2472,28.8709,28.8709,4.000000,4.000000,4.000000,6.000000,6.000000,96.000000,96.000000,96.000000,94.000000,94.000000,5.0,115.4835,105.0165,365.6976,376.1646,PENDING_AG03,FALSE,NOT_FOR_ENFORCEMENT,461.9338,33370.1240,481.1811,461.9338,19.2472,0.01258756,0.01208406,19.2472,461.9338,0.01208406,19.2472,19.2472,19.2472,28.8709,28.8709,461.9338,0.01208406,115.4835,105.0165,365.6976,376.1646,0.00956655,0.00984036,0.00050350,13.1499,11.9740,0.1658,6.2491,1.8090,496.4507,37.7013,10.4533,13.8512,10.2195,10.5412,18.3951,22.009,22.009,31.6236,10.5412,0.0,2.087904,3.0,1.247477,27,146,58,3,0.16407309,0.01258756,0.02479038,0E-8,0.000000,0.909326,0.001376,-0.01459794,2026-03-22,2026-08-05,77,266,243,137,0.562044,0.754684,0.794934,0.546910,,,,,,,,GLOBAL_BASELINE_NO_ENTITY_RANKING,,,NOT_APPLICABLE_GLOBAL_BASELINE,HF9g-P5,,,,X 全窗基线 · 不参与实体赏罚,8390724,840,A168_HF9F_20260827_0900,2026-08-27 09:00:00
2026-06-21,94151214,1323,0,226.4088237132,22.0177388199,22.0177388199,0.5263158,22,22,0.49933877272727273,0.499338772727,0.23518038524355855,0.23518038524593632,0.23518038524355855,2.7273E-13,ELIGIBLE,R03b_20260811_FULL_v1,L1_ELIGIBILITY,v2026-08-11,2026-03-21..2026-08-06,baccarat_bet02_101_all_pairs_incl_sentinel,round_win = game_pnl > 0 (decisive only),COMPATIBILITY_ONLY_NOT_PRODUCTION,38226.7023,34760.5459,481.1811,2907,2903,-0.01258756,-0.02479038,-0.01019244,-0.01258756,-481.1811,38226.7023,OK,0.0000,19.2472,4.0000,96.0000,AG03-UNRESOLVED,ALL5_LEVELS_bet23_to_bet27,19.2472,19.2472,19.2472,28.8709,28.8709,4.000000,4.000000,4.000000,6.000000,6.000000,96.000000,96.000000,96.000000,94.000000,94.000000,5.0,115.4835,105.0165,365.6976,376.1646,PENDING_AG03,FALSE,NOT_FOR_ENFORCEMENT,461.9338,33370.1240,481.1811,461.9338,19.2472,0.01258756,0.01208406,19.2472,461.9338,0.01208406,19.2472,19.2472,19.2472,28.8709,28.8709,461.9338,0.01208406,115.4835,105.0165,365.6976,376.1646,0.00956655,0.00984036,0.00050350,13.1499,11.9740,0.1658,6.2491,1.8090,496.4507,37.7013,10.4533,13.8512,10.2195,10.5412,18.3951,22.009,22.009,31.6236,10.5412,0.0,2.087904,3.0,1.247477,27,146,58,3,0.16407309,0.01258756,0.02479038,0E-8,0.000000,0.909326,0.001376,-0.01459794,2026-03-22,2026-08-05,77,266,243,137,0.562044,0.754684,0.794934,0.546910,,,,,,,,GLOBAL_BASELINE_NO_ENTITY_RANKING,,,NOT_APPLICABLE_GLOBAL_BASELINE,HF9g-P5,,,,X 全窗基线 · 不参与实体赏罚,8390725,840,A168_HF9F_20260827_0900,2026-08-27 09:00:00
2026-06-21,94151214,2261,0,207.2990881336,-42.2699042437,-42.2699042437,0.3888889,20,20,0.50061836000000000,0.500618360000,-0.9480567251880885,-0.9480567251880885,-0.9480567251880885,0E-17,ELIGIBLE,R03b_20260811_FULL_v1,L1_ELIGIBILITY,v2026-08-11,2026-03-21..2026-08-06,baccarat_bet02_101_all_pairs_incl_sentinel,round_win = game_pnl > 0 (decisive only),COMPATIBILITY_ONLY_NOT_PRODUCTION,38226.7023,34760.5459,481.1811,2907,2903,-0.01258756,-0.02479038,-0.01019244,-0.01258756,-481.1811,38226.7023,OK,0.0000,19.2472,4.0000,96.0000,AG03-UNRESOLVED,ALL5_LEVELS_bet23_to_bet27,19.2472,19.2472,19.2472,28.8709,28.8709,4.000000,4.000000,4.000000,6.000000,6.000000,96.000000,96.000000,96.000000,94.000000,94.000000,5.0,115.4835,105.0165,365.6976,376.1646,PENDING_AG03,FALSE,NOT_FOR_ENFORCEMENT,461.9338,33370.1240,481.1811,461.9338,19.2472,0.01258756,0.01208406,19.2472,461.9338,0.01208406,19.2472,19.2472,19.2472,28.8709,28.8709,461.9338,0.01208406,115.4835,105.0165,365.6976,376.1646,0.00956655,0.00984036,0.00050350,13.1499,11.9740,0.1658,6.2491,1.8090,496.4507,37.7013,10.4533,13.8512,10.2195,10.5412,18.3951,22.009,22.009,31.6236,10.5412,0.0,2.087904,3.0,1.247477,27,146,58,3,0.16407309,0.01258756,0.02479038,0E-8,0.000000,0.909326,0.001376,-0.01459794,2026-03-22,2026-08-05,77,266,243,137,0.562044,0.754684,0.794934,0.546910,,,,,,,,GLOBAL_BASELINE_NO_ENTITY_RANKING,,,NOT_APPLICABLE_GLOBAL_BASELINE,HF9g-P5,,,,X 全窗基线 · 不参与实体赏罚,8390726,840,A168_HF9F_20260827_0900,2026-08-27 09:00:00
2026-06-21,94151214,550,0,41.5429034336,-20.7714517168,-20.7714517168,0E-7,2,2,0.50665070000000000,0.506650700000,-1.013391052207602,-1.013391052207602,-1.013391052207602,0E-17,ELIGIBLE,R03b_20260811_FULL_v1,L1_ELIGIBILITY,v2026-08-11,2026-03-21..2026-08-06,baccarat_bet02_101_all_pairs_incl_sentinel,round_win = game_pnl > 0 (decisive only),COMPATIBILITY_ONLY_NOT_PRODUCTION,38226.7023,34760.5459,481.1811,2907,2903,-0.01258756,-0.02479038,-0.01019244,-0.01258756,-481.1811,38226.7023,OK,0.0000,19.2472,4.0000,96.0000,AG03-UNRESOLVED,ALL5_LEVELS_bet23_to_bet27,19.2472,19.2472,19.2472,28.8709,28.8709,4.000000,4.000000,4.000000,6.000000,6.000000,96.000000,96.000000,96.000000,94.000000,94.000000,5.0,115.4835,105.0165,365.6976,376.1646,PENDING_AG03,FALSE,NOT_FOR_ENFORCEMENT,461.9338,33370.1240,481.1811,461.9338,19.2472,0.01258756,0.01208406,19.2472,461.9338,0.01208406,19.2472,19.2472,19.2472,28.8709,28.8709,461.9338,0.01208406,115.4835,105.0165,365.6976,376.1646,0.00956655,0.00984036,0.00050350,13.1499,11.9740,0.1658,6.2491,1.8090,496.4507,37.7013,10.4533,13.8512,10.2195,10.5412,18.3951,22.009,22.009,31.6236,10.5412,0.0,2.087904,3.0,1.247477,27,146,58,3,0.16407309,0.01258756,0.02479038,0E-8,0.000000,0.909326,0.001376,-0.01459794,2026-03-22,2026-08-05,77,266,243,137,0.562044,0.754684,0.794934,0.546910,,,,,,,,GLOBAL_BASELINE_NO_ENTITY_RANKING,,,NOT_APPLICABLE_GLOBAL_BASELINE,HF9g-P5,,,,X 全窗基线 · 不参与实体赏罚,8390727,840,A168_HF9F_20260827_0900,2026-08-27 09:00:00
2026-06-21,94151214,595,0,20.7714517168,20.2521654239,20.2521654239,1.0000000,2,2,0.49994810000000000,0.499948100000,1.4143603653603398,1.4143603653603398,1.4143603653603398,0E-17,ELIGIBLE,R03b_20260811_FULL_v1,L1_ELIGIBILITY,v2026-08-11,2026-03-21..2026-08-06,baccarat_bet02_101_all_pairs_incl_sentinel,round_win = game_pnl > 0 (decisive only),COMPATIBILITY_ONLY_NOT_PRODUCTION,38226.7023,34760.5459,481.1811,2907,2903,-0.01258756,-0.02479038,-0.01019244,-0.01258756,-481.1811,38226.7023,OK,0.0000,19.2472,4.0000,96.0000,AG03-UNRESOLVED,ALL5_LEVELS_bet23_to_bet27,19.2472,19.2472,19.2472,28.8709,28.8709,4.000000,4.000000,4.000000,6.000000,6.000000,96.000000,96.000000,96.000000,94.000000,94.000000,5.0,115.4835,105.0165,365.6976,376.1646,PENDING_AG03,FALSE,NOT_FOR_ENFORCEMENT,461.9338,33370.1240,481.1811,461.9338,19.2472,0.01258756,0.01208406,19.2472,461.9338,0.01208406,19.2472,19.2472,19.2472,28.8709,28.8709,461.9338,0.01208406,115.4835,105.0165,365.6976,376.1646,0.00956655,0.00984036,0.00050350,13.1499,11.9740,0.1658,6.2491,1.8090,496.4507,37.7013,10.4533,13.8512,10.2195,10.5412,18.3951,22.009,22.009,31.6236,10.5412,0.0,2.087904,3.0,1.247477,27,146,58,3,0.16407309,0.01258756,0.02479038,0E-8,0.000000,0.909326,0.001376,-0.01459794,2026-03-22,2026-08-05,77,266,243,137,0.562044,0.754684,0.794934,0.546910,,,,,,,,GLOBAL_BASELINE_NO_ENTITY_RANKING,,,NOT_APPLICABLE_GLOBAL_BASELINE,HF9g-P5,,,,X 全窗基线 · 不参与实体赏罚,8390728,840,A168_HF9F_20260827_0900,2026-08-27 09:00:00
2026-06-24,94151214,-1,1,20.7714517168,-20.7714517168,-20.7714517168,0E-7,2,2,0.49994810000000000,0.499948100000,-1.4140667746232096,-1.4140667746232096,-1.4140667746232096,0E-17,SENTINEL_DEALER,R03b_20260811_FULL_v1,L1_ELIGIBILITY,v2026-08-11,2026-03-21..2026-08-06,baccarat_bet02_101_all_pairs_incl_sentinel,round_win = game_pnl > 0 (decisive only),COMPATIBILITY_ONLY_NOT_PRODUCTION,38226.7023,34760.5459,481.1811,2907,2903,-0.01258756,-0.02479038,-0.01019244,-0.01258756,-481.1811,38226.7023,OK,0.0000,19.2472,4.0000,96.0000,AG03-UNRESOLVED,ALL5_LEVELS_bet23_to_bet27,19.2472,19.2472,19.2472,28.8709,28.8709,4.000000,4.000000,4.000000,6.000000,6.000000,96.000000,96.000000,96.000000,94.000000,94.000000,5.0,115.4835,105.0165,365.6976,376.1646,PENDING_AG03,FALSE,NOT_FOR_ENFORCEMENT,461.9338,33370.1240,481.1811,461.9338,19.2472,0.01258756,0.01208406,19.2472,461.9338,0.01208406,19.2472,19.2472,19.2472,28.8709,28.8709,461.9338,0.01208406,115.4835,105.0165,365.6976,376.1646,0.00956655,0.00984036,0.00050350,13.1499,11.9740,0.1658,6.2491,1.8090,496.4507,37.7013,10.4533,13.8512,10.2195,10.5412,18.3951,22.009,22.009,31.6236,10.5412,0.0,2.087904,3.0,1.247477,27,146,58,3,0.16407309,0.01258756,0.02479038,0E-8,0.000000,0.909326,0.001376,-0.01459794,2026-03-22,2026-08-05,77,266,243,137,0.562044,0.754684,0.794934,0.546910,,,,,,,,GLOBAL_BASELINE_NO_ENTITY_RANKING,,,NOT_APPLICABLE_GLOBAL_BASELINE,HF9g-P5,,,,X 全窗基线 · 不参与实体赏罚,8390729,840,A168_HF9F_20260827_0900,2026-08-27 09:00:00
2026-06-24,94151214,2121,0,116.1124150968,-20.7195230874,-20.7195230874,0.4444444,10,10,0.50262914000000000,0.502629140000,-0.3491129997681332,-0.34911299976813326,-0.3491129997681332,0E-17,ELIGIBLE,R03b_20260811_FULL_v1,L1_ELIGIBILITY,v2026-08-11,2026-03-21..2026-08-06,baccarat_bet02_101_all_pairs_incl_sentinel,round_win = game_pnl > 0 (decisive only),COMPATIBILITY_ONLY_NOT_PRODUCTION,38226.7023,34760.5459,481.1811,2907,2903,-0.01258756,-0.02479038,-0.01019244,-0.01258756,-481.1811,38226.7023,OK,0.0000,19.2472,4.0000,96.0000,AG03-UNRESOLVED,ALL5_LEVELS_bet23_to_bet27,19.2472,19.2472,19.2472,28.8709,28.8709,4.000000,4.000000,4.000000,6.000000,6.000000,96.000000,96.000000,96.000000,94.000000,94.000000,5.0,115.4835,105.0165,365.6976,376.1646,PENDING_AG03,FALSE,NOT_FOR_ENFORCEMENT,461.9338,33370.1240,481.1811,461.9338,19.2472,0.01258756,0.01208406,19.2472,461.9338,0.01208406,19.2472,19.2472,19.2472,28.8709,28.8709,461.9338,0.01208406,115.4835,105.0165,365.6976,376.1646,0.00956655,0.00984036,0.00050350,13.1499,11.9740,0.1658,6.2491,1.8090,496.4507,37.7013,10.4533,13.8512,10.2195,10.5412,18.3951,22.009,22.009,31.6236,10.5412,0.0,2.087904,3.0,1.247477,27,146,58,3,0.16407309,0.01258756,0.02479038,0E-8,0.000000,0.909326,0.001376,-0.01459794,2026-03-22,2026-08-05,77,266,243,137,0.562044,0.754684,0.794934,0.546910,,,,,,,,GLOBAL_BASELINE_NO_ENTITY_RANKING,,,NOT_APPLICABLE_GLOBAL_BASELINE,HF9g-P5,,,,X 全窗基线 · 不参与实体赏罚,8390730,840,A168_HF9F_20260827_0900,2026-08-27 09:00:00
2026-06-30,94151214,1304,0,30.6585455586,9.1975636676,9.1975636676,0.5000000,2,2,0.50665070000000000,0.506650700000,-0.018812684590367487,-0.018812684590367487,-0.018812684590367487,0E-17,ELIGIBLE,R03b_20260811_FULL_v1,L1_ELIGIBILITY,v2026-08-11,2026-03-21..2026-08-06,baccarat_bet02_101_all_pairs_incl_sentinel,round_win = game_pnl > 0 (decisive only),COMPATIBILITY_ONLY_NOT_PRODUCTION,38226.7023,34760.5459,481.1811,2907,2903,-0.01258756,-0.02479038,-0.01019244,-0.01258756,-481.1811,38226.7023,OK,0.0000,19.2472,4.0000,96.0000,AG03-UNRESOLVED,ALL5_LEVELS_bet23_to_bet27,19.2472,19.2472,19.2472,28.8709,28.8709,4.000000,4.000000,4.000000,6.000000,6.000000,96.000000,96.000000,96.000000,94.000000,94.000000,5.0,115.4835,105.0165,365.6976,376.1646,PENDING_AG03,FALSE,NOT_FOR_ENFORCEMENT,461.9338,33370.1240,481.1811,461.9338,19.2472,0.01258756,0.01208406,19.2472,461.9338,0.01208406,19.2472,19.2472,19.2472,28.8709,28.8709,461.9338,0.01208406,115.4835,105.0165,365.6976,376.1646,0.00956655,0.00984036,0.00050350,13.1499,11.9740,0.1658,6.2491,1.8090,496.4507,37.7013,10.4533,13.8512,10.2195,10.5412,18.3951,22.009,22.009,31.6236,10.5412,0.0,2.087904,3.0,1.247477,27,146,58,3,0.16407309,0.01258756,0.02479038,0E-8,0.000000,0.909326,0.001376,-0.01459794,2026-03-22,2026-08-05,77,266,243,137,0.562044,0.754684,0.794934,0.546910,,,,,,,,GLOBAL_BASELINE_NO_ENTITY_RANKING,,,NOT_APPLICABLE_GLOBAL_BASELINE,HF9g-P5,,,,X 全窗基线 · 不参与实体赏罚,8390731,840,A168_HF9F_20260827_0900,2026-08-27 09:00:00
2026-06-30,94151214,1507,0,71.9453869108,-32.0892776846,-32.0892776846,0.3333333,6,6,0.50665070000000000,0.506650700000,-0.8491533462951141,-0.8491533462951141,-0.8491533462951141,0E-17,ELIGIBLE,R03b_20260811_FULL_v1,L1_ELIGIBILITY,v2026-08-11,2026-03-21..2026-08-06,baccarat_bet02_101_all_pairs_incl_sentinel,round_win = game_pnl > 0 (decisive only),COMPATIBILITY_ONLY_NOT_PRODUCTION,38226.7023,34760.5459,481.1811,2907,2903,-0.01258756,-0.02479038,-0.01019244,-0.01258756,-481.1811,38226.7023,OK,0.0000,19.2472,4.0000,96.0000,AG03-UNRESOLVED,ALL5_LEVELS_bet23_to_bet27,19.2472,19.2472,19.2472,28.8709,28.8709,4.000000,4.000000,4.000000,6.000000,6.000000,96.000000,96.000000,96.000000,94.000000,94.000000,5.0,115.4835,105.0165,365.6976,376.1646,PENDING_AG03,FALSE,NOT_FOR_ENFORCEMENT,461.9338,33370.1240,481.1811,461.9338,19.2472,0.01258756,0.01208406,19.2472,461.9338,0.01208406,19.2472,19.2472,19.2472,28.8709,28.8709,461.9338,0.01208406,115.4835,105.0165,365.6976,376.1646,0.00956655,0.00984036,0.00050350,13.1499,11.9740,0.1658,6.2491,1.8090,496.4507,37.7013,10.4533,13.8512,10.2195,10.5412,18.3951,22.009,22.009,31.6236,10.5412,0.0,2.087904,3.0,1.247477,27,146,58,3,0.16407309,0.01258756,0.02479038,0E-8,0.000000,0.909326,0.001376,-0.01459794,2026-03-22,2026-08-05,77,266,243,137,0.562044,0.754684,0.794934,0.546910,,,,,,,,GLOBAL_BASELINE_NO_ENTITY_RANKING,,,NOT_APPLICABLE_GLOBAL_BASELINE,HF9g-P5,,,,X 全窗基线 · 不参与实体赏罚,8390732,840,A168_HF9F_20260827_0900,2026-08-27 09:00:00
2026-06-30,94151214,2209,0,44.9658668193,-8.1756121489,-8.1756121489,0.3333333,3,3,0.49324550000000000,0.493245500000,-0.5540025479526107,-0.5540025479526106,-0.5540025479526107,0E-17,ELIGIBLE,R03b_20260811_FULL_v1,L1_ELIGIBILITY,v2026-08-11,2026-03-21..2026-08-06,baccarat_bet02_101_all_pairs_incl_sentinel,round_win = game_pnl > 0 (decisive only),COMPATIBILITY_ONLY_NOT_PRODUCTION,38226.7023,34760.5459,481.1811,2907,2903,-0.01258756,-0.02479038,-0.01019244,-0.01258756,-481.1811,38226.7023,OK,0.0000,19.2472,4.0000,96.0000,AG03-UNRESOLVED,ALL5_LEVELS_bet23_to_bet27,19.2472,19.2472,19.2472,28.8709,28.8709,4.000000,4.000000,4.000000,6.000000,6.000000,96.000000,96.000000,96.000000,94.000000,94.000000,5.0,115.4835,105.0165,365.6976,376.1646,PENDING_AG03,FALSE,NOT_FOR_ENFORCEMENT,461.9338,33370.1240,481.1811,461.9338,19.2472,0.01258756,0.01208406,19.2472,461.9338,0.01208406,19.2472,19.2472,19.2472,28.8709,28.8709,461.9338,0.01208406,115.4835,105.0165,365.6976,376.1646,0.00956655,0.00984036,0.00050350,13.1499,11.9740,0.1658,6.2491,1.8090,496.4507,37.7013,10.4533,13.8512,10.2195,10.5412,18.3951,22.009,22.009,31.6236,10.5412,0.0,2.087904,3.0,1.247477,27,146,58,3,0.16407309,0.01258756,0.02479038,0E-8,0.000000,0.909326,0.001376,-0.01459794,2026-03-22,2026-08-05,77,266,243,137,0.562044,0.754684,0.794934,0.546910,,,,,,,,GLOBAL_BASELINE_NO_ENTITY_RANKING,,,NOT_APPLICABLE_GLOBAL_BASELINE,HF9g-P5,,,,X 全窗基线 · 不参与实体赏罚,8390733,840,A168_HF9F_20260827_0900,2026-08-27 09:00:00
2026-06-30,94151214,526,0,370.9684012590,-31.6804970772,-31.6804970772,0.4782609,25,25,0.49914378800000000,0.499143788000,-0.20030221073950916,-0.20030221073950916,-0.20030221073950916,0E-17,ELIGIBLE,R03b_20260811_FULL_v1,L1_ELIGIBILITY,v2026-08-11,2026-03-21..2026-08-06,baccarat_bet02_101_all_pairs_incl_sentinel,round_win = game_pnl > 0 (decisive only),COMPATIBILITY_ONLY_NOT_PRODUCTION,38226.7023,34760.5459,481.1811,2907,2903,-0.01258756,-0.02479038,-0.01019244,-0.01258756,-481.1811,38226.7023,OK,0.0000,19.2472,4.0000,96.0000,AG03-UNRESOLVED,ALL5_LEVELS_bet23_to_bet27,19.2472,19.2472,19.2472,28.8709,28.8709,4.000000,4.000000,4.000000,6.000000,6.000000,96.000000,96.000000,96.000000,94.000000,94.000000,5.0,115.4835,105.0165,365.6976,376.1646,PENDING_AG03,FALSE,NOT_FOR_ENFORCEMENT,461.9338,33370.1240,481.1811,461.9338,19.2472,0.01258756,0.01208406,19.2472,461.9338,0.01208406,19.2472,19.2472,19.2472,28.8709,28.8709,461.9338,0.01208406,115.4835,105.0165,365.6976,376.1646,0.00956655,0.00984036,0.00050350,13.1499,11.9740,0.1658,6.2491,1.8090,496.4507,37.7013,10.4533,13.8512,10.2195,10.5412,18.3951,22.009,22.009,31.6236,10.5412,0.0,2.087904,3.0,1.247477,27,146,58,3,0.16407309,0.01258756,0.02479038,0E-8,0.000000,0.909326,0.001376,-0.01459794,2026-03-22,2026-08-05,77,266,243,137,0.562044,0.754684,0.794934,0.546910,,,,,,,,GLOBAL_BASELINE_NO_ENTITY_RANKING,,,NOT_APPLICABLE_GLOBAL_BASELINE,HF9g-P5,,,,X 全窗基线 · 不参与实体赏罚,8390734,840,A168_HF9F_20260827_0900,2026-08-27 09:00:00
2026-06-30,94151214,989,0,18.3951273352,1.5329272779,1.5329272779,0.5000000,2,2,0.30062675000000000,0.300626750000,0.6149128471998733,0.6149128471998733,0.6149128471998733,0E-17,ELIGIBLE,R03b_20260811_FULL_v1,L1_ELIGIBILITY,v2026-08-11,2026-03-21..2026-08-06,baccarat_bet02_101_all_pairs_incl_sentinel,round_win = game_pnl > 0 (decisive only),COMPATIBILITY_ONLY_NOT_PRODUCTION,38226.7023,34760.5459,481.1811,2907,2903,-0.01258756,-0.02479038,-0.01019244,-0.01258756,-481.1811,38226.7023,OK,0.0000,19.2472,4.0000,96.0000,AG03-UNRESOLVED,ALL5_LEVELS_bet23_to_bet27,19.2472,19.2472,19.2472,28.8709,28.8709,4.000000,4.000000,4.000000,6.000000,6.000000,96.000000,96.000000,96.000000,94.000000,94.000000,5.0,115.4835,105.0165,365.6976,376.1646,PENDING_AG03,FALSE,NOT_FOR_ENFORCEMENT,461.9338,33370.1240,481.1811,461.9338,19.2472,0.01258756,0.01208406,19.2472,461.9338,0.01208406,19.2472,19.2472,19.2472,28.8709,28.8709,461.9338,0.01208406,115.4835,105.0165,365.6976,376.1646,0.00956655,0.00984036,0.00050350,13.1499,11.9740,0.1658,6.2491,1.8090,496.4507,37.7013,10.4533,13.8512,10.2195,10.5412,18.3951,22.009,22.009,31.6236,10.5412,0.0,2.087904,3.0,1.247477,27,146,58,3,0.16407309,0.01258756,0.02479038,0E-8,0.000000,0.909326,0.001376,-0.01459794,2026-03-22,2026-08-05,77,266,243,137,0.562044,0.754684,0.794934,0.546910,,,,,,,,GLOBAL_BASELINE_NO_ENTITY_RANKING,,,NOT_APPLICABLE_GLOBAL_BASELINE,HF9g-P5,,,,X 全窗基线 · 不参与实体赏罚,8390735,840,A168_HF9F_20260827_0900,2026-08-27 09:00:00
2026-07-02,94151214,1109,0,180.8854187957,-32.1914728366,-32.1914728366,0.4117647,17,17,0.49718820588235294,0.497188205882,-0.7044313656389941,-0.7044313656360865,-0.7044313656389941,3.5294E-13,ELIGIBLE,R03b_20260811_FULL_v1,L1_ELIGIBILITY,v2026-08-11,2026-03-21..2026-08-06,baccarat_bet02_101_all_pairs_incl_sentinel,round_win = game_pnl > 0 (decisive only),COMPATIBILITY_ONLY_NOT_PRODUCTION,38226.7023,34760.5459,481.1811,2907,2903,-0.01258756,-0.02479038,-0.01019244,-0.01258756,-481.1811,38226.7023,OK,0.0000,19.2472,4.0000,96.0000,AG03-UNRESOLVED,ALL5_LEVELS_bet23_to_bet27,19.2472,19.2472,19.2472,28.8709,28.8709,4.000000,4.000000,4.000000,6.000000,6.000000,96.000000,96.000000,96.000000,94.000000,94.000000,5.0,115.4835,105.0165,365.6976,376.1646,PENDING_AG03,FALSE,NOT_FOR_ENFORCEMENT,461.9338,33370.1240,481.1811,461.9338,19.2472,0.01258756,0.01208406,19.2472,461.9338,0.01208406,19.2472,19.2472,19.2472,28.8709,28.8709,461.9338,0.01208406,115.4835,105.0165,365.6976,376.1646,0.00956655,0.00984036,0.00050350,13.1499,11.9740,0.1658,6.2491,1.8090,496.4507,37.7013,10.4533,13.8512,10.2195,10.5412,18.3951,22.009,22.009,31.6236,10.5412,0.0,2.087904,3.0,1.247477,27,146,58,3,0.16407309,0.01258756,0.02479038,0E-8,0.000000,0.909326,0.001376,-0.01459794,2026-03-22,2026-08-05,77,266,243,137,0.562044,0.754684,0.794934,0.546910,,,,,,,,GLOBAL_BASELINE_NO_ENTITY_RANKING,,,NOT_APPLICABLE_GLOBAL_BASELINE,HF9g-P5,,,,X 全窗基线 · 不参与实体赏罚,8390736,840,A168_HF9F_20260827_0900,2026-08-27 09:00:00
2026-07-02,94151214,1304,0,55.1853820055,11.7524424642,11.7524424642,0.7500000,5,5,0.49860758000000000,0.498607580000,1.005573579286957,1.005573579286957,1.005573579286957,0E-17,ELIGIBLE,R03b_20260811_FULL_v1,L1_ELIGIBILITY,v2026-08-11,2026-03-21..2026-08-06,baccarat_bet02_101_all_pairs_incl_sentinel,round_win = game_pnl > 0 (decisive only),COMPATIBILITY_ONLY_NOT_PRODUCTION,38226.7023,34760.5459,481.1811,2907,2903,-0.01258756,-0.02479038,-0.01019244,-0.01258756,-481.1811,38226.7023,OK,0.0000,19.2472,4.0000,96.0000,AG03-UNRESOLVED,ALL5_LEVELS_bet23_to_bet27,19.2472,19.2472,19.2472,28.8709,28.8709,4.000000,4.000000,4.000000,6.000000,6.000000,96.000000,96.000000,96.000000,94.000000,94.000000,5.0,115.4835,105.0165,365.6976,376.1646,PENDING_AG03,FALSE,NOT_FOR_ENFORCEMENT,461.9338,33370.1240,481.1811,461.9338,19.2472,0.01258756,0.01208406,19.2472,461.9338,0.01208406,19.2472,19.2472,19.2472,28.8709,28.8709,461.9338,0.01208406,115.4835,105.0165,365.6976,376.1646,0.00956655,0.00984036,0.00050350,13.1499,11.9740,0.1658,6.2491,1.8090,496.4507,37.7013,10.4533,13.8512,10.2195,10.5412,18.3951,22.009,22.009,31.6236,10.5412,0.0,2.087904,3.0,1.247477,27,146,58,3,0.16407309,0.01258756,0.02479038,0E-8,0.000000,0.909326,0.001376,-0.01459794,2026-03-22,2026-08-05,77,266,243,137,0.562044,0.754684,0.794934,0.546910,,,,,,,,GLOBAL_BASELINE_NO_ENTITY_RANKING,,,NOT_APPLICABLE_GLOBAL_BASELINE,HF9g-P5,,,,X 全窗基线 · 不参与实体赏罚,8390737,840,A168_HF9F_20260827_0900,2026-08-27 09:00:00
2026-07-02,94151214,1402,0,136.3283325839,-45.6812328824,-45.6812328824,0.3333333,12,12,0.49883100000000000,0.498831000000,-1.1466046026176067,-1.1466046026176067,-1.1466046026176067,0E-17,ELIGIBLE,R03b_20260811_FULL_v1,L1_ELIGIBILITY,v2026-08-11,2026-03-21..2026-08-06,baccarat_bet02_101_all_pairs_incl_sentinel,round_win = game_pnl > 0 (decisive only),COMPATIBILITY_ONLY_NOT_PRODUCTION,38226.7023,34760.5459,481.1811,2907,2903,-0.01258756,-0.02479038,-0.01019244,-0.01258756,-481.1811,38226.7023,OK,0.0000,19.2472,4.0000,96.0000,AG03-UNRESOLVED,ALL5_LEVELS_bet23_to_bet27,19.2472,19.2472,19.2472,28.8709,28.8709,4.000000,4.000000,4.000000,6.000000,6.000000,96.000000,96.000000,96.000000,94.000000,94.000000,5.0,115.4835,105.0165,365.6976,376.1646,PENDING_AG03,FALSE,NOT_FOR_ENFORCEMENT,461.9338,33370.1240,481.1811,461.9338,19.2472,0.01258756,0.01208406,19.2472,461.9338,0.01208406,19.2472,19.2472,19.2472,28.8709,28.8709,461.9338,0.01208406,115.4835,105.0165,365.6976,376.1646,0.00956655,0.00984036,0.00050350,13.1499,11.9740,0.1658,6.2491,1.8090,496.4507,37.7013,10.4533,13.8512,10.2195,10.5412,18.3951,22.009,22.009,31.6236,10.5412,0.0,2.087904,3.0,1.247477,27,146,58,3,0.16407309,0.01258756,0.02479038,0E-8,0.000000,0.909326,0.001376,-0.01459794,2026-03-22,2026-08-05,77,266,243,137,0.562044,0.754684,0.794934,0.546910,,,,,,,,GLOBAL_BASELINE_NO_ENTITY_RANKING,,,NOT_APPLICABLE_GLOBAL_BASELINE,HF9g-P5,,,,X 全窗基线 · 不参与实体赏罚,8390738,840,A168_HF9F_20260827_0900,2026-08-27 09:00:00
2026-07-02,94151214,1942,0,10.2195151862,9.7085394269,9.7085394269,1.0000000,1,1,0.50665070000000000,0.506650700000,0.9867858985152569,0.9867858985152569,0.9867858985152569,0E-17,ELIGIBLE,R03b_20260811_FULL_v1,L1_ELIGIBILITY,v2026-08-11,2026-03-21..2026-08-06,baccarat_bet02_101_all_pairs_incl_sentinel,round_win = game_pnl > 0 (decisive only),COMPATIBILITY_ONLY_NOT_PRODUCTION,38226.7023,34760.5459,481.1811,2907,2903,-0.01258756,-0.02479038,-0.01019244,-0.01258756,-481.1811,38226.7023,OK,0.0000,19.2472,4.0000,96.0000,AG03-UNRESOLVED,ALL5_LEVELS_bet23_to_bet27,19.2472,19.2472,19.2472,28.8709,28.8709,4.000000,4.000000,4.000000,6.000000,6.000000,96.000000,96.000000,96.000000,94.000000,94.000000,5.0,115.4835,105.0165,365.6976,376.1646,PENDING_AG03,FALSE,NOT_FOR_ENFORCEMENT,461.9338,33370.1240,481.1811,461.9338,19.2472,0.01258756,0.01208406,19.2472,461.9338,0.01208406,19.2472,19.2472,19.2472,28.8709,28.8709,461.9338,0.01208406,115.4835,105.0165,365.6976,376.1646,0.00956655,0.00984036,0.00050350,13.1499,11.9740,0.1658,6.2491,1.8090,496.4507,37.7013,10.4533,13.8512,10.2195,10.5412,18.3951,22.009,22.009,31.6236,10.5412,0.0,2.087904,3.0,1.247477,27,146,58,3,0.16407309,0.01258756,0.02479038,0E-8,0.000000,0.909326,0.001376,-0.01459794,2026-03-22,2026-08-05,77,266,243,137,0.562044,0.754684,0.794934,0.546910,,,,,,,,GLOBAL_BASELINE_NO_ENTITY_RANKING,,,NOT_APPLICABLE_GLOBAL_BASELINE,HF9g-P5,,,,X 全窗基线 · 不参与实体赏罚,8390739,840,A168_HF9F_20260827_0900,2026-08-27 09:00:00
2026-07-02,94151214,1963,0,151.2488247557,107.1005191513,107.1005191513,0.8461538,13,13,0.49943251538461538,0.499432515385,2.5002446831232,2.500244683120425,2.5002446831232,-3.8462E-13,ELIGIBLE,R03b_20260811_FULL_v1,L1_ELIGIBILITY,v2026-08-11,2026-03-21..2026-08-06,baccarat_bet02_101_all_pairs_incl_sentinel,round_win = game_pnl > 0 (decisive only),COMPATIBILITY_ONLY_NOT_PRODUCTION,38226.7023,34760.5459,481.1811,2907,2903,-0.01258756,-0.02479038,-0.01019244,-0.01258756,-481.1811,38226.7023,OK,0.0000,19.2472,4.0000,96.0000,AG03-UNRESOLVED,ALL5_LEVELS_bet23_to_bet27,19.2472,19.2472,19.2472,28.8709,28.8709,4.000000,4.000000,4.000000,6.000000,6.000000,96.000000,96.000000,96.000000,94.000000,94.000000,5.0,115.4835,105.0165,365.6976,376.1646,PENDING_AG03,FALSE,NOT_FOR_ENFORCEMENT,461.9338,33370.1240,481.1811,461.9338,19.2472,0.01258756,0.01208406,19.2472,461.9338,0.01208406,19.2472,19.2472,19.2472,28.8709,28.8709,461.9338,0.01208406,115.4835,105.0165,365.6976,376.1646,0.00956655,0.00984036,0.00050350,13.1499,11.9740,0.1658,6.2491,1.8090,496.4507,37.7013,10.4533,13.8512,10.2195,10.5412,18.3951,22.009,22.009,31.6236,10.5412,0.0,2.087904,3.0,1.247477,27,146,58,3,0.16407309,0.01258756,0.02479038,0E-8,0.000000,0.909326,0.001376,-0.01459794,2026-03-22,2026-08-05,77,266,243,137,0.562044,0.754684,0.794934,0.546910,,,,,,,,GLOBAL_BASELINE_NO_ENTITY_RANKING,,,NOT_APPLICABLE_GLOBAL_BASELINE,HF9g-P5,,,,X 全窗基线 · 不参与实体赏罚,8390740,840,A168_HF9F_20260827_0900,2026-08-27 09:00:00
2026-07-02,94151214,2106,0,33.9287904181,13.4897600457,13.4897600457,0.6666667,6,6,0.49771390000000000,0.497713900000,0.8277047895645219,0.8277047895645219,0.8277047895645219,0E-17,ELIGIBLE,R03b_20260811_FULL_v1,L1_ELIGIBILITY,v2026-08-11,2026-03-21..2026-08-06,baccarat_bet02_101_all_pairs_incl_sentinel,round_win = game_pnl > 0 (decisive only),COMPATIBILITY_ONLY_NOT_PRODUCTION,38226.7023,34760.5459,481.1811,2907,2903,-0.01258756,-0.02479038,-0.01019244,-0.01258756,-481.1811,38226.7023,OK,0.0000,19.2472,4.0000,96.0000,AG03-UNRESOLVED,ALL5_LEVELS_bet23_to_bet27,19.2472,19.2472,19.2472,28.8709,28.8709,4.000000,4.000000,4.000000,6.000000,6.000000,96.000000,96.000000,96.000000,94.000000,94.000000,5.0,115.4835,105.0165,365.6976,376.1646,PENDING_AG03,FALSE,NOT_FOR_ENFORCEMENT,461.9338,33370.1240,481.1811,461.9338,19.2472,0.01258756,0.01208406,19.2472,461.9338,0.01208406,19.2472,19.2472,19.2472,28.8709,28.8709,461.9338,0.01208406,115.4835,105.0165,365.6976,376.1646,0.00956655,0.00984036,0.00050350,13.1499,11.9740,0.1658,6.2491,1.8090,496.4507,37.7013,10.4533,13.8512,10.2195,10.5412,18.3951,22.009,22.009,31.6236,10.5412,0.0,2.087904,3.0,1.247477,27,146,58,3,0.16407309,0.01258756,0.02479038,0E-8,0.000000,0.909326,0.001376,-0.01459794,2026-03-22,2026-08-05,77,266,243,137,0.562044,0.754684,0.794934,0.546910,,,,,,,,GLOBAL_BASELINE_NO_ENTITY_RANKING,,,NOT_APPLICABLE_GLOBAL_BASELINE,HF9g-P5,,,,X 全窗基线 · 不参与实体赏罚,8390741,840,A168_HF9F_20260827_0900,2026-08-27 09:00:00
2026-07-02,94151214,2152,0,155.3366308303,43.1263540858,43.1263540858,0.6153846,14,14,0.50090561428571429,0.500905614286,0.8255211709343834,0.8255211709323239,0.8255211709343834,-2.8571E-13,ELIGIBLE,R03b_20260811_FULL_v1,L1_ELIGIBILITY,v2026-08-11,2026-03-21..2026-08-06,baccarat_bet02_101_all_pairs_incl_sentinel,round_win = game_pnl > 0 (decisive only),COMPATIBILITY_ONLY_NOT_PRODUCTION,38226.7023,34760.5459,481.1811,2907,2903,-0.01258756,-0.02479038,-0.01019244,-0.01258756,-481.1811,38226.7023,OK,0.0000,19.2472,4.0000,96.0000,AG03-UNRESOLVED,ALL5_LEVELS_bet23_to_bet27,19.2472,19.2472,19.2472,28.8709,28.8709,4.000000,4.000000,4.000000,6.000000,6.000000,96.000000,96.000000,96.000000,94.000000,94.000000,5.0,115.4835,105.0165,365.6976,376.1646,PENDING_AG03,FALSE,NOT_FOR_ENFORCEMENT,461.9338,33370.1240,481.1811,461.9338,19.2472,0.01258756,0.01208406,19.2472,461.9338,0.01208406,19.2472,19.2472,19.2472,28.8709,28.8709,461.9338,0.01208406,115.4835,105.0165,365.6976,376.1646,0.00956655,0.00984036,0.00050350,13.1499,11.9740,0.1658,6.2491,1.8090,496.4507,37.7013,10.4533,13.8512,10.2195,10.5412,18.3951,22.009,22.009,31.6236,10.5412,0.0,2.087904,3.0,1.247477,27,146,58,3,0.16407309,0.01258756,0.02479038,0E-8,0.000000,0.909326,0.001376,-0.01459794,2026-03-22,2026-08-05,77,266,243,137,0.562044,0.754684,0.794934,0.546910,,,,,,,,GLOBAL_BASELINE_NO_ENTITY_RANKING,,,NOT_APPLICABLE_GLOBAL_BASELINE,HF9g-P5,,,,X 全窗基线 · 不参与实体赏罚,8390742,840,A168_HF9F_20260827_0900,2026-08-27 09:00:00
2026-07-03,94151214,1330,0,20.4390303724,-20.4390303724,-20.4390303724,0E-7,3,3,0.49771390000000000,0.497713900000,-1.724149546644903,-1.724149546644903,-1.724149546644903,0E-17,ELIGIBLE,R03b_20260811_FULL_v1,L1_ELIGIBILITY,v2026-08-11,2026-03-21..2026-08-06,baccarat_bet02_101_all_pairs_incl_sentinel,round_win = game_pnl > 0 (decisive only),COMPATIBILITY_ONLY_NOT_PRODUCTION,38226.7023,34760.5459,481.1811,2907,2903,-0.01258756,-0.02479038,-0.01019244,-0.01258756,-481.1811,38226.7023,OK,0.0000,19.2472,4.0000,96.0000,AG03-UNRESOLVED,ALL5_LEVELS_bet23_to_bet27,19.2472,19.2472,19.2472,28.8709,28.8709,4.000000,4.000000,4.000000,6.000000,6.000000,96.000000,96.000000,96.000000,94.000000,94.000000,5.0,115.4835,105.0165,365.6976,376.1646,PENDING_AG03,FALSE,NOT_FOR_ENFORCEMENT,461.9338,33370.1240,481.1811,461.9338,19.2472,0.01258756,0.01208406,19.2472,461.9338,0.01208406,19.2472,19.2472,19.2472,28.8709,28.8709,461.9338,0.01208406,115.4835,105.0165,365.6976,376.1646,0.00956655,0.00984036,0.00050350,13.1499,11.9740,0.1658,6.2491,1.8090,496.4507,37.7013,10.4533,13.8512,10.2195,10.5412,18.3951,22.009,22.009,31.6236,10.5412,0.0,2.087904,3.0,1.247477,27,146,58,3,0.16407309,0.01258756,0.02479038,0E-8,0.000000,0.909326,0.001376,-0.01459794,2026-03-22,2026-08-05,77,266,243,137,0.562044,0.754684,0.794934,0.546910,,,,,,,,GLOBAL_BASELINE_NO_ENTITY_RANKING,,,NOT_APPLICABLE_GLOBAL_BASELINE,HF9g-P5,,,,X 全窗基线 · 不参与实体赏罚,8390743,840,A168_HF9F_20260827_0900,2026-08-27 09:00:00
2026-07-05,94151214,-1,1,128.5615010424,-41.6956219596,-41.6956219596,0.3333333,13,13,0.50149485384615385,0.501494853846,-1.1650623965055502,-1.1650623965044835,-1.1650623965055502,1.5385E-13,SENTINEL_DEALER,R03b_20260811_FULL_v1,L1_ELIGIBILITY,v2026-08-11,2026-03-21..2026-08-06,baccarat_bet02_101_all_pairs_incl_sentinel,round_win = game_pnl > 0 (decisive only),COMPATIBILITY_ONLY_NOT_PRODUCTION,38226.7023,34760.5459,481.1811,2907,2903,-0.01258756,-0.02479038,-0.01019244,-0.01258756,-481.1811,38226.7023,OK,0.0000,19.2472,4.0000,96.0000,AG03-UNRESOLVED,ALL5_LEVELS_bet23_to_bet27,19.2472,19.2472,19.2472,28.8709,28.8709,4.000000,4.000000,4.000000,6.000000,6.000000,96.000000,96.000000,96.000000,94.000000,94.000000,5.0,115.4835,105.0165,365.6976,376.1646,PENDING_AG03,FALSE,NOT_FOR_ENFORCEMENT,461.9338,33370.1240,481.1811,461.9338,19.2472,0.01258756,0.01208406,19.2472,461.9338,0.01208406,19.2472,19.2472,19.2472,28.8709,28.8709,461.9338,0.01208406,115.4835,105.0165,365.6976,376.1646,0.00956655,0.00984036,0.00050350,13.1499,11.9740,0.1658,6.2491,1.8090,496.4507,37.7013,10.4533,13.8512,10.2195,10.5412,18.3951,22.009,22.009,31.6236,10.5412,0.0,2.087904,3.0,1.247477,27,146,58,3,0.16407309,0.01258756,0.02479038,0E-8,0.000000,0.909326,0.001376,-0.01459794,2026-03-22,2026-08-05,77,266,243,137,0.562044,0.754684,0.794934,0.546910,,,,,,,,GLOBAL_BASELINE_NO_ENTITY_RANKING,,,NOT_APPLICABLE_GLOBAL_BASELINE,HF9g-P5,,,,X 全窗基线 · 不参与实体赏罚,8390744,840,A168_HF9F_20260827_0900,2026-08-27 09:00:00
2026-07-08,94151214,1485,0,52.5283080571,-42.3087928709,-42.3087928709,0E-7,5,5,0.49324550000000000,0.493245500000,-1.973162052426085,-1.973162052426085,-1.973162052426085,0E-17,ELIGIBLE,R03b_20260811_FULL_v1,L1_ELIGIBILITY,v2026-08-11,2026-03-21..2026-08-06,baccarat_bet02_101_all_pairs_incl_sentinel,round_win = game_pnl > 0 (decisive only),COMPATIBILITY_ONLY_NOT_PRODUCTION,38226.7023,34760.5459,481.1811,2907,2903,-0.01258756,-0.02479038,-0.01019244,-0.01258756,-481.1811,38226.7023,OK,0.0000,19.2472,4.0000,96.0000,AG03-UNRESOLVED,ALL5_LEVELS_bet23_to_bet27,19.2472,19.2472,19.2472,28.8709,28.8709,4.000000,4.000000,4.000000,6.000000,6.000000,96.000000,96.000000,96.000000,94.000000,94.000000,5.0,115.4835,105.0165,365.6976,376.1646,PENDING_AG03,FALSE,NOT_FOR_ENFORCEMENT,461.9338,33370.1240,481.1811,461.9338,19.2472,0.01258756,0.01208406,19.2472,461.9338,0.01208406,19.2472,19.2472,19.2472,28.8709,28.8709,461.9338,0.01208406,115.4835,105.0165,365.6976,376.1646,0.00956655,0.00984036,0.00050350,13.1499,11.9740,0.1658,6.2491,1.8090,496.4507,37.7013,10.4533,13.8512,10.2195,10.5412,18.3951,22.009,22.009,31.6236,10.5412,0.0,2.087904,3.0,1.247477,27,146,58,3,0.16407309,0.01258756,0.02479038,0E-8,0.000000,0.909326,0.001376,-0.01459794,2026-03-22,2026-08-05,77,266,243,137,0.562044,0.754684,0.794934,0.546910,,,,,,,,GLOBAL_BASELINE_NO_ENTITY_RANKING,,,NOT_APPLICABLE_GLOBAL_BASELINE,HF9g-P5,,,,X 全窗基线 · 不参与实体赏罚,8390745,840,A168_HF9F_20260827_0900,2026-08-27 09:00:00
2026-07-08,94151214,1623,0,91.9756366759,36.8924498221,36.8924498221,0.6363636,11,11,0.50055742727272727,0.500557427273,0.900837039335844,0.9008370393340356,0.900837039335844,-2.7273E-13,ELIGIBLE,R03b_20260811_FULL_v1,L1_ELIGIBILITY,v2026-08-11,2026-03-21..2026-08-06,baccarat_bet02_101_all_pairs_incl_sentinel,round_win = game_pnl > 0 (decisive only),COMPATIBILITY_ONLY_NOT_PRODUCTION,38226.7023,34760.5459,481.1811,2907,2903,-0.01258756,-0.02479038,-0.01019244,-0.01258756,-481.1811,38226.7023,OK,0.0000,19.2472,4.0000,96.0000,AG03-UNRESOLVED,ALL5_LEVELS_bet23_to_bet27,19.2472,19.2472,19.2472,28.8709,28.8709,4.000000,4.000000,4.000000,6.000000,6.000000,96.000000,96.000000,96.000000,94.000000,94.000000,5.0,115.4835,105.0165,365.6976,376.1646,PENDING_AG03,FALSE,NOT_FOR_ENFORCEMENT,461.9338,33370.1240,481.1811,461.9338,19.2472,0.01258756,0.01208406,19.2472,461.9338,0.01208406,19.2472,19.2472,19.2472,28.8709,28.8709,461.9338,0.01208406,115.4835,105.0165,365.6976,376.1646,0.00956655,0.00984036,0.00050350,13.1499,11.9740,0.1658,6.2491,1.8090,496.4507,37.7013,10.4533,13.8512,10.2195,10.5412,18.3951,22.009,22.009,31.6236,10.5412,0.0,2.087904,3.0,1.247477,27,146,58,3,0.16407309,0.01258756,0.02479038,0E-8,0.000000,0.909326,0.001376,-0.01459794,2026-03-22,2026-08-05,77,266,243,137,0.562044,0.754684,0.794934,0.546910,,,,,,,,GLOBAL_BASELINE_NO_ENTITY_RANKING,,,NOT_APPLICABLE_GLOBAL_BASELINE,HF9g-P5,,,,X 全窗基线 · 不参与实体赏罚,8390746,840,A168_HF9F_20260827_0900,2026-08-27 09:00:00
2026-07-08,94151214,1947,0,51.0975759311,15.8402485386,15.8402485386,0.7500000,6,6,0.49547970000000000,0.495479700000,1.0181228076850934,1.0181228076850934,1.0181228076850934,0E-17,ELIGIBLE,R03b_20260811_FULL_v1,L1_ELIGIBILITY,v2026-08-11,2026-03-21..2026-08-06,baccarat_bet02_101_all_pairs_incl_sentinel,round_win = game_pnl > 0 (decisive only),COMPATIBILITY_ONLY_NOT_PRODUCTION,38226.7023,34760.5459,481.1811,2907,2903,-0.01258756,-0.02479038,-0.01019244,-0.01258756,-481.1811,38226.7023,OK,0.0000,19.2472,4.0000,96.0000,AG03-UNRESOLVED,ALL5_LEVELS_bet23_to_bet27,19.2472,19.2472,19.2472,28.8709,28.8709,4.000000,4.000000,4.000000,6.000000,6.000000,96.000000,96.000000,96.000000,94.000000,94.000000,5.0,115.4835,105.0165,365.6976,376.1646,PENDING_AG03,FALSE,NOT_FOR_ENFORCEMENT,461.9338,33370.1240,481.1811,461.9338,19.2472,0.01258756,0.01208406,19.2472,461.9338,0.01208406,19.2472,19.2472,19.2472,28.8709,28.8709,461.9338,0.01208406,115.4835,105.0165,365.6976,376.1646,0.00956655,0.00984036,0.00050350,13.1499,11.9740,0.1658,6.2491,1.8090,496.4507,37.7013,10.4533,13.8512,10.2195,10.5412,18.3951,22.009,22.009,31.6236,10.5412,0.0,2.087904,3.0,1.247477,27,146,58,3,0.16407309,0.01258756,0.02479038,0E-8,0.000000,0.909326,0.001376,-0.01459794,2026-03-22,2026-08-05,77,266,243,137,0.562044,0.754684,0.794934,0.546910,,,,,,,,GLOBAL_BASELINE_NO_ENTITY_RANKING,,,NOT_APPLICABLE_GLOBAL_BASELINE,HF9g-P5,,,,X 全窗基线 · 不参与实体赏罚,8390747,840,A168_HF9F_20260827_0900,2026-08-27 09:00:00
2026-07-08,94151214,2121,0,28.6146425214,1.5329272779,1.5329272779,0.5000000,3,3,0.50218230000000000,0.502182300000,-0.00617253530718887,-0.00617253530718887,-0.00617253530718887,0E-17,ELIGIBLE,R03b_20260811_FULL_v1,L1_ELIGIBILITY,v2026-08-11,2026-03-21..2026-08-06,baccarat_bet02_101_all_pairs_incl_sentinel,round_win = game_pnl > 0 (decisive only),COMPATIBILITY_ONLY_NOT_PRODUCTION,38226.7023,34760.5459,481.1811,2907,2903,-0.01258756,-0.02479038,-0.01019244,-0.01258756,-481.1811,38226.7023,OK,0.0000,19.2472,4.0000,96.0000,AG03-UNRESOLVED,ALL5_LEVELS_bet23_to_bet27,19.2472,19.2472,19.2472,28.8709,28.8709,4.000000,4.000000,4.000000,6.000000,6.000000,96.000000,96.000000,96.000000,94.000000,94.000000,5.0,115.4835,105.0165,365.6976,376.1646,PENDING_AG03,FALSE,NOT_FOR_ENFORCEMENT,461.9338,33370.1240,481.1811,461.9338,19.2472,0.01258756,0.01208406,19.2472,461.9338,0.01208406,19.2472,19.2472,19.2472,28.8709,28.8709,461.9338,0.01208406,115.4835,105.0165,365.6976,376.1646,0.00956655,0.00984036,0.00050350,13.1499,11.9740,0.1658,6.2491,1.8090,496.4507,37.7013,10.4533,13.8512,10.2195,10.5412,18.3951,22.009,22.009,31.6236,10.5412,0.0,2.087904,3.0,1.247477,27,146,58,3,0.16407309,0.01258756,0.02479038,0E-8,0.000000,0.909326,0.001376,-0.01459794,2026-03-22,2026-08-05,77,266,243,137,0.562044,0.754684,0.794934,0.546910,,,,,,,,GLOBAL_BASELINE_NO_ENTITY_RANKING,,,NOT_APPLICABLE_GLOBAL_BASELINE,HF9g-P5,,,,X 全窗基线 · 不参与实体赏罚,8390748,840,A168_HF9F_20260827_0900,2026-08-27 09:00:00
2026-07-08,94151214,2127,0,102.1951518620,30.1475697993,30.1475697993,0.6666667,10,10,0.49592654000000000,0.495926540000,1.024474758939988,1.024474758939988,1.024474758939988,0E-17,ELIGIBLE,R03b_20260811_FULL_v1,L1_ELIGIBILITY,v2026-08-11,2026-03-21..2026-08-06,baccarat_bet02_101_all_pairs_incl_sentinel,round_win = game_pnl > 0 (decisive only),COMPATIBILITY_ONLY_NOT_PRODUCTION,38226.7023,34760.5459,481.1811,2907,2903,-0.01258756,-0.02479038,-0.01019244,-0.01258756,-481.1811,38226.7023,OK,0.0000,19.2472,4.0000,96.0000,AG03-UNRESOLVED,ALL5_LEVELS_bet23_to_bet27,19.2472,19.2472,19.2472,28.8709,28.8709,4.000000,4.000000,4.000000,6.000000,6.000000,96.000000,96.000000,96.000000,94.000000,94.000000,5.0,115.4835,105.0165,365.6976,376.1646,PENDING_AG03,FALSE,NOT_FOR_ENFORCEMENT,461.9338,33370.1240,481.1811,461.9338,19.2472,0.01258756,0.01208406,19.2472,461.9338,0.01208406,19.2472,19.2472,19.2472,28.8709,28.8709,461.9338,0.01208406,115.4835,105.0165,365.6976,376.1646,0.00956655,0.00984036,0.00050350,13.1499,11.9740,0.1658,6.2491,1.8090,496.4507,37.7013,10.4533,13.8512,10.2195,10.5412,18.3951,22.009,22.009,31.6236,10.5412,0.0,2.087904,3.0,1.247477,27,146,58,3,0.16407309,0.01258756,0.02479038,0E-8,0.000000,0.909326,0.001376,-0.01459794,2026-03-22,2026-08-05,77,266,243,137,0.562044,0.754684,0.794934,0.546910,,,,,,,,GLOBAL_BASELINE_NO_ENTITY_RANKING,,,NOT_APPLICABLE_GLOBAL_BASELINE,HF9g-P5,,,,X 全窗基线 · 不参与实体赏罚,8390749,840,A168_HF9F_20260827_0900,2026-08-27 09:00:00
2026-07-08,94151214,2130,0,149.2049217185,61.3170911173,61.3170911173,0.7500000,14,14,0.49899058571428571,0.498990585714,1.7390477787788476,1.7390477787808292,1.7390477787788476,2.8571E-13,ELIGIBLE,R03b_20260811_FULL_v1,L1_ELIGIBILITY,v2026-08-11,2026-03-21..2026-08-06,baccarat_bet02_101_all_pairs_incl_sentinel,round_win = game_pnl > 0 (decisive only),COMPATIBILITY_ONLY_NOT_PRODUCTION,38226.7023,34760.5459,481.1811,2907,2903,-0.01258756,-0.02479038,-0.01019244,-0.01258756,-481.1811,38226.7023,OK,0.0000,19.2472,4.0000,96.0000,AG03-UNRESOLVED,ALL5_LEVELS_bet23_to_bet27,19.2472,19.2472,19.2472,28.8709,28.8709,4.000000,4.000000,4.000000,6.000000,6.000000,96.000000,96.000000,96.000000,94.000000,94.000000,5.0,115.4835,105.0165,365.6976,376.1646,PENDING_AG03,FALSE,NOT_FOR_ENFORCEMENT,461.9338,33370.1240,481.1811,461.9338,19.2472,0.01258756,0.01208406,19.2472,461.9338,0.01208406,19.2472,19.2472,19.2472,28.8709,28.8709,461.9338,0.01208406,115.4835,105.0165,365.6976,376.1646,0.00956655,0.00984036,0.00050350,13.1499,11.9740,0.1658,6.2491,1.8090,496.4507,37.7013,10.4533,13.8512,10.2195,10.5412,18.3951,22.009,22.009,31.6236,10.5412,0.0,2.087904,3.0,1.247477,27,146,58,3,0.16407309,0.01258756,0.02479038,0E-8,0.000000,0.909326,0.001376,-0.01459794,2026-03-22,2026-08-05,77,266,243,137,0.562044,0.754684,0.794934,0.546910,,,,,,,,GLOBAL_BASELINE_NO_ENTITY_RANKING,,,NOT_APPLICABLE_GLOBAL_BASELINE,HF9g-P5,,,,X 全窗基线 · 不参与实体赏罚,8390750,840,A168_HF9F_20260827_0900,2026-08-27 09:00:00
2026-07-08,94151214,2153,0,63.3609941546,5.4163430487,5.4163430487,0.5555556,10,10,0.49726706000000000,0.497267060000,0.3497361977044266,0.3497361977044266,0.3497361977044266,0E-17,ELIGIBLE,R03b_20260811_FULL_v1,L1_ELIGIBILITY,v2026-08-11,2026-03-21..2026-08-06,baccarat_bet02_101_all_pairs_incl_sentinel,round_win = game_pnl > 0 (decisive only),COMPATIBILITY_ONLY_NOT_PRODUCTION,38226.7023,34760.5459,481.1811,2907,2903,-0.01258756,-0.02479038,-0.01019244,-0.01258756,-481.1811,38226.7023,OK,0.0000,19.2472,4.0000,96.0000,AG03-UNRESOLVED,ALL5_LEVELS_bet23_to_bet27,19.2472,19.2472,19.2472,28.8709,28.8709,4.000000,4.000000,4.000000,6.000000,6.000000,96.000000,96.000000,96.000000,94.000000,94.000000,5.0,115.4835,105.0165,365.6976,376.1646,PENDING_AG03,FALSE,NOT_FOR_ENFORCEMENT,461.9338,33370.1240,481.1811,461.9338,19.2472,0.01258756,0.01208406,19.2472,461.9338,0.01208406,19.2472,19.2472,19.2472,28.8709,28.8709,461.9338,0.01208406,115.4835,105.0165,365.6976,376.1646,0.00956655,0.00984036,0.00050350,13.1499,11.9740,0.1658,6.2491,1.8090,496.4507,37.7013,10.4533,13.8512,10.2195,10.5412,18.3951,22.009,22.009,31.6236,10.5412,0.0,2.087904,3.0,1.247477,27,146,58,3,0.16407309,0.01258756,0.02479038,0E-8,0.000000,0.909326,0.001376,-0.01459794,2026-03-22,2026-08-05,77,266,243,137,0.562044,0.754684,0.794934,0.546910,,,,,,,,GLOBAL_BASELINE_NO_ENTITY_RANKING,,,NOT_APPLICABLE_GLOBAL_BASELINE,HF9g-P5,,,,X 全窗基线 · 不参与实体赏罚,8390751,840,A168_HF9F_20260827_0900,2026-08-27 09:00:00
2026-07-08,94151214,2162,0,10.2195151862,10.2195151862,10.2195151862,1.0000000,1,1,0.49324550000000000,0.493245500000,1.01360149184955,1.01360149184955,1.01360149184955,0E-17,ELIGIBLE,R03b_20260811_FULL_v1,L1_ELIGIBILITY,v2026-08-11,2026-03-21..2026-08-06,baccarat_bet02_101_all_pairs_incl_sentinel,round_win = game_pnl > 0 (decisive only),COMPATIBILITY_ONLY_NOT_PRODUCTION,38226.7023,34760.5459,481.1811,2907,2903,-0.01258756,-0.02479038,-0.01019244,-0.01258756,-481.1811,38226.7023,OK,0.0000,19.2472,4.0000,96.0000,AG03-UNRESOLVED,ALL5_LEVELS_bet23_to_bet27,19.2472,19.2472,19.2472,28.8709,28.8709,4.000000,4.000000,4.000000,6.000000,6.000000,96.000000,96.000000,96.000000,94.000000,94.000000,5.0,115.4835,105.0165,365.6976,376.1646,PENDING_AG03,FALSE,NOT_FOR_ENFORCEMENT,461.9338,33370.1240,481.1811,461.9338,19.2472,0.01258756,0.01208406,19.2472,461.9338,0.01208406,19.2472,19.2472,19.2472,28.8709,28.8709,461.9338,0.01208406,115.4835,105.0165,365.6976,376.1646,0.00956655,0.00984036,0.00050350,13.1499,11.9740,0.1658,6.2491,1.8090,496.4507,37.7013,10.4533,13.8512,10.2195,10.5412,18.3951,22.009,22.009,31.6236,10.5412,0.0,2.087904,3.0,1.247477,27,146,58,3,0.16407309,0.01258756,0.02479038,0E-8,0.000000,0.909326,0.001376,-0.01459794,2026-03-22,2026-08-05,77,266,243,137,0.562044,0.754684,0.794934,0.546910,,,,,,,,GLOBAL_BASELINE_NO_ENTITY_RANKING,,,NOT_APPLICABLE_GLOBAL_BASELINE,HF9g-P5,,,,X 全窗基线 · 不参与实体赏罚,8390752,840,A168_HF9F_20260827_0900,2026-08-27 09:00:00
2026-07-09,94151214,-1,1,241.1805583942,44.6592813638,44.6592813638,0.6111111,18,18,0.50143756666666667,0.501437566667,0.9306147303420537,0.9306147303392269,0.9306147303420537,-3.3333E-13,SENTINEL_DEALER,R03b_20260811_FULL_v1,L1_ELIGIBILITY,v2026-08-11,2026-03-21..2026-08-06,baccarat_bet02_101_all_pairs_incl_sentinel,round_win = game_pnl > 0 (decisive only),COMPATIBILITY_ONLY_NOT_PRODUCTION,38226.7023,34760.5459,481.1811,2907,2903,-0.01258756,-0.02479038,-0.01019244,-0.01258756,-481.1811,38226.7023,OK,0.0000,19.2472,4.0000,96.0000,AG03-UNRESOLVED,ALL5_LEVELS_bet23_to_bet27,19.2472,19.2472,19.2472,28.8709,28.8709,4.000000,4.000000,4.000000,6.000000,6.000000,96.000000,96.000000,96.000000,94.000000,94.000000,5.0,115.4835,105.0165,365.6976,376.1646,PENDING_AG03,FALSE,NOT_FOR_ENFORCEMENT,461.9338,33370.1240,481.1811,461.9338,19.2472,0.01258756,0.01208406,19.2472,461.9338,0.01208406,19.2472,19.2472,19.2472,28.8709,28.8709,461.9338,0.01208406,115.4835,105.0165,365.6976,376.1646,0.00956655,0.00984036,0.00050350,13.1499,11.9740,0.1658,6.2491,1.8090,496.4507,37.7013,10.4533,13.8512,10.2195,10.5412,18.3951,22.009,22.009,31.6236,10.5412,0.0,2.087904,3.0,1.247477,27,146,58,3,0.16407309,0.01258756,0.02479038,0E-8,0.000000,0.909326,0.001376,-0.01459794,2026-03-22,2026-08-05,77,266,243,137,0.562044,0.754684,0.794934,0.546910,,,,,,,,GLOBAL_BASELINE_NO_ENTITY_RANKING,,,NOT_APPLICABLE_GLOBAL_BASELINE,HF9g-P5,,,,X 全窗基线 · 不参与实体赏罚,8390753,840,A168_HF9F_20260827_0900,2026-08-27 09:00:00
2026-07-09,94151214,2108,0,8.1756121490,-8.1756121490,-8.1756121490,0E-7,2,2,0.49324550000000000,0.493245500000,-1.3952362676504506,-1.3952362676504506,-1.3952362676504506,0E-17,ELIGIBLE,R03b_20260811_FULL_v1,L1_ELIGIBILITY,v2026-08-11,2026-03-21..2026-08-06,baccarat_bet02_101_all_pairs_incl_sentinel,round_win = game_pnl > 0 (decisive only),COMPATIBILITY_ONLY_NOT_PRODUCTION,38226.7023,34760.5459,481.1811,2907,2903,-0.01258756,-0.02479038,-0.01019244,-0.01258756,-481.1811,38226.7023,OK,0.0000,19.2472,4.0000,96.0000,AG03-UNRESOLVED,ALL5_LEVELS_bet23_to_bet27,19.2472,19.2472,19.2472,28.8709,28.8709,4.000000,4.000000,4.000000,6.000000,6.000000,96.000000,96.000000,96.000000,94.000000,94.000000,5.0,115.4835,105.0165,365.6976,376.1646,PENDING_AG03,FALSE,NOT_FOR_ENFORCEMENT,461.9338,33370.1240,481.1811,461.9338,19.2472,0.01258756,0.01208406,19.2472,461.9338,0.01208406,19.2472,19.2472,19.2472,28.8709,28.8709,461.9338,0.01208406,115.4835,105.0165,365.6976,376.1646,0.00956655,0.00984036,0.00050350,13.1499,11.9740,0.1658,6.2491,1.8090,496.4507,37.7013,10.4533,13.8512,10.2195,10.5412,18.3951,22.009,22.009,31.6236,10.5412,0.0,2.087904,3.0,1.247477,27,146,58,3,0.16407309,0.01258756,0.02479038,0E-8,0.000000,0.909326,0.001376,-0.01459794,2026-03-22,2026-08-05,77,266,243,137,0.562044,0.754684,0.794934,0.546910,,,,,,,,GLOBAL_BASELINE_NO_ENTITY_RANKING,,,NOT_APPLICABLE_GLOBAL_BASELINE,HF9g-P5,,,,X 全窗基线 · 不参与实体赏罚,8390754,840,A168_HF9F_20260827_0900,2026-08-27 09:00:00
2026-07-09,94151214,2246,0,83.5956342231,-31.2717164698,-31.2717164698,0.3333333,9,9,0.50218230000000000,0.502182300000,-1.0131034497211469,-1.0131034497211469,-1.0131034497211469,0E-17,ELIGIBLE,R03b_20260811_FULL_v1,L1_ELIGIBILITY,v2026-08-11,2026-03-21..2026-08-06,baccarat_bet02_101_all_pairs_incl_sentinel,round_win = game_pnl > 0 (decisive only),COMPATIBILITY_ONLY_NOT_PRODUCTION,38226.7023,34760.5459,481.1811,2907,2903,-0.01258756,-0.02479038,-0.01019244,-0.01258756,-481.1811,38226.7023,OK,0.0000,19.2472,4.0000,96.0000,AG03-UNRESOLVED,ALL5_LEVELS_bet23_to_bet27,19.2472,19.2472,19.2472,28.8709,28.8709,4.000000,4.000000,4.000000,6.000000,6.000000,96.000000,96.000000,96.000000,94.000000,94.000000,5.0,115.4835,105.0165,365.6976,376.1646,PENDING_AG03,FALSE,NOT_FOR_ENFORCEMENT,461.9338,33370.1240,481.1811,461.9338,19.2472,0.01258756,0.01208406,19.2472,461.9338,0.01208406,19.2472,19.2472,19.2472,28.8709,28.8709,461.9338,0.01208406,115.4835,105.0165,365.6976,376.1646,0.00956655,0.00984036,0.00050350,13.1499,11.9740,0.1658,6.2491,1.8090,496.4507,37.7013,10.4533,13.8512,10.2195,10.5412,18.3951,22.009,22.009,31.6236,10.5412,0.0,2.087904,3.0,1.247477,27,146,58,3,0.16407309,0.01258756,0.02479038,0E-8,0.000000,0.909326,0.001376,-0.01459794,2026-03-22,2026-08-05,77,266,243,137,0.562044,0.754684,0.794934,0.546910,,,,,,,,GLOBAL_BASELINE_NO_ENTITY_RANKING,,,NOT_APPLICABLE_GLOBAL_BASELINE,HF9g-P5,,,,X 全窗基线 · 不参与实体赏罚,8390755,840,A168_HF9F_20260827_0900,2026-08-27 09:00:00
2026-07-09,94151214,595,0,10.2195151862,-10.2195151862,-10.2195151862,0E-7,1,1,0.49324550000000000,0.493245500000,-0.9865810262130424,-0.9865810262130424,-0.9865810262130424,0E-17,ELIGIBLE,R03b_20260811_FULL_v1,L1_ELIGIBILITY,v2026-08-11,2026-03-21..2026-08-06,baccarat_bet02_101_all_pairs_incl_sentinel,round_win = game_pnl > 0 (decisive only),COMPATIBILITY_ONLY_NOT_PRODUCTION,38226.7023,34760.5459,481.1811,2907,2903,-0.01258756,-0.02479038,-0.01019244,-0.01258756,-481.1811,38226.7023,OK,0.0000,19.2472,4.0000,96.0000,AG03-UNRESOLVED,ALL5_LEVELS_bet23_to_bet27,19.2472,19.2472,19.2472,28.8709,28.8709,4.000000,4.000000,4.000000,6.000000,6.000000,96.000000,96.000000,96.000000,94.000000,94.000000,5.0,115.4835,105.0165,365.6976,376.1646,PENDING_AG03,FALSE,NOT_FOR_ENFORCEMENT,461.9338,33370.1240,481.1811,461.9338,19.2472,0.01258756,0.01208406,19.2472,461.9338,0.01208406,19.2472,19.2472,19.2472,28.8709,28.8709,461.9338,0.01208406,115.4835,105.0165,365.6976,376.1646,0.00956655,0.00984036,0.00050350,13.1499,11.9740,0.1658,6.2491,1.8090,496.4507,37.7013,10.4533,13.8512,10.2195,10.5412,18.3951,22.009,22.009,31.6236,10.5412,0.0,2.087904,3.0,1.247477,27,146,58,3,0.16407309,0.01258756,0.02479038,0E-8,0.000000,0.909326,0.001376,-0.01459794,2026-03-22,2026-08-05,77,266,243,137,0.562044,0.754684,0.794934,0.546910,,,,,,,,GLOBAL_BASELINE_NO_ENTITY_RANKING,,,NOT_APPLICABLE_GLOBAL_BASELINE,HF9g-P5,,,,X 全窗基线 · 不参与实体赏罚,8390756,840,A168_HF9F_20260827_0900,2026-08-27 09:00:00
2026-07-13,94151214,2155,0,217.8800637698,-25.4465928136,-25.4465928136,0.5333333,18,18,0.49920336666666667,0.499203366667,0.2643699205647875,0.2643699205622052,0.2643699205647875,-3.3333E-13,ELIGIBLE,R03b_20260811_FULL_v1,L1_ELIGIBILITY,v2026-08-11,2026-03-21..2026-08-06,baccarat_bet02_101_all_pairs_incl_sentinel,round_win = game_pnl > 0 (decisive only),COMPATIBILITY_ONLY_NOT_PRODUCTION,38226.7023,34760.5459,481.1811,2907,2903,-0.01258756,-0.02479038,-0.01019244,-0.01258756,-481.1811,38226.7023,OK,0.0000,19.2472,4.0000,96.0000,AG03-UNRESOLVED,ALL5_LEVELS_bet23_to_bet27,19.2472,19.2472,19.2472,28.8709,28.8709,4.000000,4.000000,4.000000,6.000000,6.000000,96.000000,96.000000,96.000000,94.000000,94.000000,5.0,115.4835,105.0165,365.6976,376.1646,PENDING_AG03,FALSE,NOT_FOR_ENFORCEMENT,461.9338,33370.1240,481.1811,461.9338,19.2472,0.01258756,0.01208406,19.2472,461.9338,0.01208406,19.2472,19.2472,19.2472,28.8709,28.8709,461.9338,0.01208406,115.4835,105.0165,365.6976,376.1646,0.00956655,0.00984036,0.00050350,13.1499,11.9740,0.1658,6.2491,1.8090,496.4507,37.7013,10.4533,13.8512,10.2195,10.5412,18.3951,22.009,22.009,31.6236,10.5412,0.0,2.087904,3.0,1.247477,27,146,58,3,0.16407309,0.01258756,0.02479038,0E-8,0.000000,0.909326,0.001376,-0.01459794,2026-03-22,2026-08-05,77,266,243,137,0.562044,0.754684,0.794934,0.546910,,,,,,,,GLOBAL_BASELINE_NO_ENTITY_RANKING,,,NOT_APPLICABLE_GLOBAL_BASELINE,HF9g-P5,,,,X 全窗基线 · 不参与实体赏罚,8390757,840,A168_HF9F_20260827_0900,2026-08-27 09:00:00
2026-07-14,94151214,-1,1,173.3229775581,-3.9549523770,-3.9549523770,0.5000000,16,16,0.49911027500000000,0.499110275000,0.00665810277815238,0.00665810277815238,0.00665810277815238,0E-17,SENTINEL_DEALER,R03b_20260811_FULL_v1,L1_ELIGIBILITY,v2026-08-11,2026-03-21..2026-08-06,baccarat_bet02_101_all_pairs_incl_sentinel,round_win = game_pnl > 0 (decisive only),COMPATIBILITY_ONLY_NOT_PRODUCTION,38226.7023,34760.5459,481.1811,2907,2903,-0.01258756,-0.02479038,-0.01019244,-0.01258756,-481.1811,38226.7023,OK,0.0000,19.2472,4.0000,96.0000,AG03-UNRESOLVED,ALL5_LEVELS_bet23_to_bet27,19.2472,19.2472,19.2472,28.8709,28.8709,4.000000,4.000000,4.000000,6.000000,6.000000,96.000000,96.000000,96.000000,94.000000,94.000000,5.0,115.4835,105.0165,365.6976,376.1646,PENDING_AG03,FALSE,NOT_FOR_ENFORCEMENT,461.9338,33370.1240,481.1811,461.9338,19.2472,0.01258756,0.01208406,19.2472,461.9338,0.01208406,19.2472,19.2472,19.2472,28.8709,28.8709,461.9338,0.01208406,115.4835,105.0165,365.6976,376.1646,0.00956655,0.00984036,0.00050350,13.1499,11.9740,0.1658,6.2491,1.8090,496.4507,37.7013,10.4533,13.8512,10.2195,10.5412,18.3951,22.009,22.009,31.6236,10.5412,0.0,2.087904,3.0,1.247477,27,146,58,3,0.16407309,0.01258756,0.02479038,0E-8,0.000000,0.909326,0.001376,-0.01459794,2026-03-22,2026-08-05,77,266,243,137,0.562044,0.754684,0.794934,0.546910,,,,,,,,GLOBAL_BASELINE_NO_ENTITY_RANKING,,,NOT_APPLICABLE_GLOBAL_BASELINE,HF9g-P5,,,,X 全窗基线 · 不参与实体赏罚,8390758,840,A168_HF9F_20260827_0900,2026-08-27 09:00:00
2026-07-14,94151214,1307,0,83.8000245268,-0.5109757593,-0.5109757593,0.4444444,12,12,0.49771390000000000,0.497713900000,-0.3196200741816709,-0.3196200741816709,-0.3196200741816709,0E-17,ELIGIBLE,R03b_20260811_FULL_v1,L1_ELIGIBILITY,v2026-08-11,2026-03-21..2026-08-06,baccarat_bet02_101_all_pairs_incl_sentinel,round_win = game_pnl > 0 (decisive only),COMPATIBILITY_ONLY_NOT_PRODUCTION,38226.7023,34760.5459,481.1811,2907,2903,-0.01258756,-0.02479038,-0.01019244,-0.01258756,-481.1811,38226.7023,OK,0.0000,19.2472,4.0000,96.0000,AG03-UNRESOLVED,ALL5_LEVELS_bet23_to_bet27,19.2472,19.2472,19.2472,28.8709,28.8709,4.000000,4.000000,4.000000,6.000000,6.000000,96.000000,96.000000,96.000000,94.000000,94.000000,5.0,115.4835,105.0165,365.6976,376.1646,PENDING_AG03,FALSE,NOT_FOR_ENFORCEMENT,461.9338,33370.1240,481.1811,461.9338,19.2472,0.01258756,0.01208406,19.2472,461.9338,0.01208406,19.2472,19.2472,19.2472,28.8709,28.8709,461.9338,0.01208406,115.4835,105.0165,365.6976,376.1646,0.00956655,0.00984036,0.00050350,13.1499,11.9740,0.1658,6.2491,1.8090,496.4507,37.7013,10.4533,13.8512,10.2195,10.5412,18.3951,22.009,22.009,31.6236,10.5412,0.0,2.087904,3.0,1.247477,27,146,58,3,0.16407309,0.01258756,0.02479038,0E-8,0.000000,0.909326,0.001376,-0.01459794,2026-03-22,2026-08-05,77,266,243,137,0.562044,0.754684,0.794934,0.546910,,,,,,,,GLOBAL_BASELINE_NO_ENTITY_RANKING,,,NOT_APPLICABLE_GLOBAL_BASELINE,HF9g-P5,,,,X 全窗基线 · 不参与实体赏罚,8390759,840,A168_HF9F_20260827_0900,2026-08-27 09:00:00
2026-07-14,94151214,2088,0,137.1458937988,-39.1407431632,-39.1407431632,0.4444444,13,13,0.49737017692307692,0.497370176923,-0.3175587873558956,-0.3175587873554343,-0.3175587873558956,7.692E-14,ELIGIBLE,R03b_20260811_FULL_v1,L1_ELIGIBILITY,v2026-08-11,2026-03-21..2026-08-06,baccarat_bet02_101_all_pairs_incl_sentinel,round_win = game_pnl > 0 (decisive only),COMPATIBILITY_ONLY_NOT_PRODUCTION,38226.7023,34760.5459,481.1811,2907,2903,-0.01258756,-0.02479038,-0.01019244,-0.01258756,-481.1811,38226.7023,OK,0.0000,19.2472,4.0000,96.0000,AG03-UNRESOLVED,ALL5_LEVELS_bet23_to_bet27,19.2472,19.2472,19.2472,28.8709,28.8709,4.000000,4.000000,4.000000,6.000000,6.000000,96.000000,96.000000,96.000000,94.000000,94.000000,5.0,115.4835,105.0165,365.6976,376.1646,PENDING_AG03,FALSE,NOT_FOR_ENFORCEMENT,461.9338,33370.1240,481.1811,461.9338,19.2472,0.01258756,0.01208406,19.2472,461.9338,0.01208406,19.2472,19.2472,19.2472,28.8709,28.8709,461.9338,0.01208406,115.4835,105.0165,365.6976,376.1646,0.00956655,0.00984036,0.00050350,13.1499,11.9740,0.1658,6.2491,1.8090,496.4507,37.7013,10.4533,13.8512,10.2195,10.5412,18.3951,22.009,22.009,31.6236,10.5412,0.0,2.087904,3.0,1.247477,27,146,58,3,0.16407309,0.01258756,0.02479038,0E-8,0.000000,0.909326,0.001376,-0.01459794,2026-03-22,2026-08-05,77,266,243,137,0.562044,0.754684,0.794934,0.546910,,,,,,,,GLOBAL_BASELINE_NO_ENTITY_RANKING,,,NOT_APPLICABLE_GLOBAL_BASELINE,HF9g-P5,,,,X 全窗基线 · 不参与实体赏罚,8390760,840,A168_HF9F_20260827_0900,2026-08-27 09:00:00
2026-07-14,94151214,2281,0,42.9219637820,11.1392715530,11.1392715530,0.6666667,4,4,0.50665070000000000,0.506650700000,0.5543606114942035,0.5543606114942035,0.5543606114942035,0E-17,ELIGIBLE,R03b_20260811_FULL_v1,L1_ELIGIBILITY,v2026-08-11,2026-03-21..2026-08-06,baccarat_bet02_101_all_pairs_incl_sentinel,round_win = game_pnl > 0 (decisive only),COMPATIBILITY_ONLY_NOT_PRODUCTION,38226.7023,34760.5459,481.1811,2907,2903,-0.01258756,-0.02479038,-0.01019244,-0.01258756,-481.1811,38226.7023,OK,0.0000,19.2472,4.0000,96.0000,AG03-UNRESOLVED,ALL5_LEVELS_bet23_to_bet27,19.2472,19.2472,19.2472,28.8709,28.8709,4.000000,4.000000,4.000000,6.000000,6.000000,96.000000,96.000000,96.000000,94.000000,94.000000,5.0,115.4835,105.0165,365.6976,376.1646,PENDING_AG03,FALSE,NOT_FOR_ENFORCEMENT,461.9338,33370.1240,481.1811,461.9338,19.2472,0.01258756,0.01208406,19.2472,461.9338,0.01208406,19.2472,19.2472,19.2472,28.8709,28.8709,461.9338,0.01208406,115.4835,105.0165,365.6976,376.1646,0.00956655,0.00984036,0.00050350,13.1499,11.9740,0.1658,6.2491,1.8090,496.4507,37.7013,10.4533,13.8512,10.2195,10.5412,18.3951,22.009,22.009,31.6236,10.5412,0.0,2.087904,3.0,1.247477,27,146,58,3,0.16407309,0.01258756,0.02479038,0E-8,0.000000,0.909326,0.001376,-0.01459794,2026-03-22,2026-08-05,77,266,243,137,0.562044,0.754684,0.794934,0.546910,,,,,,,,GLOBAL_BASELINE_NO_ENTITY_RANKING,,,NOT_APPLICABLE_GLOBAL_BASELINE,HF9g-P5,,,,X 全窗基线 · 不参与实体赏罚,8390761,840,A168_HF9F_20260827_0900,2026-08-27 09:00:00
2026-07-14,94151214,2288,0,10.2195151862,9.7085394269,9.7085394269,1.0000000,1,1,0.50665070000000000,0.506650700000,0.9867858985152569,0.9867858985152569,0.9867858985152569,0E-17,ELIGIBLE,R03b_20260811_FULL_v1,L1_ELIGIBILITY,v2026-08-11,2026-03-21..2026-08-06,baccarat_bet02_101_all_pairs_incl_sentinel,round_win = game_pnl > 0 (decisive only),COMPATIBILITY_ONLY_NOT_PRODUCTION,38226.7023,34760.5459,481.1811,2907,2903,-0.01258756,-0.02479038,-0.01019244,-0.01258756,-481.1811,38226.7023,OK,0.0000,19.2472,4.0000,96.0000,AG03-UNRESOLVED,ALL5_LEVELS_bet23_to_bet27,19.2472,19.2472,19.2472,28.8709,28.8709,4.000000,4.000000,4.000000,6.000000,6.000000,96.000000,96.000000,96.000000,94.000000,94.000000,5.0,115.4835,105.0165,365.6976,376.1646,PENDING_AG03,FALSE,NOT_FOR_ENFORCEMENT,461.9338,33370.1240,481.1811,461.9338,19.2472,0.01258756,0.01208406,19.2472,461.9338,0.01208406,19.2472,19.2472,19.2472,28.8709,28.8709,461.9338,0.01208406,115.4835,105.0165,365.6976,376.1646,0.00956655,0.00984036,0.00050350,13.1499,11.9740,0.1658,6.2491,1.8090,496.4507,37.7013,10.4533,13.8512,10.2195,10.5412,18.3951,22.009,22.009,31.6236,10.5412,0.0,2.087904,3.0,1.247477,27,146,58,3,0.16407309,0.01258756,0.02479038,0E-8,0.000000,0.909326,0.001376,-0.01459794,2026-03-22,2026-08-05,77,266,243,137,0.562044,0.754684,0.794934,0.546910,,,,,,,,GLOBAL_BASELINE_NO_ENTITY_RANKING,,,NOT_APPLICABLE_GLOBAL_BASELINE,HF9g-P5,,,,X 全窗基线 · 不参与实体赏罚,8390762,840,A168_HF9F_20260827_0900,2026-08-27 09:00:00
2026-07-16,94151214,1325,0,5.1097575931,-5.1097575931,-5.1097575931,0E-7,1,1,0.49324550000000000,0.493245500000,-0.9865810262130424,-0.9865810262130424,-0.9865810262130424,0E-17,ELIGIBLE,R03b_20260811_FULL_v1,L1_ELIGIBILITY,v2026-08-11,2026-03-21..2026-08-06,baccarat_bet02_101_all_pairs_incl_sentinel,round_win = game_pnl > 0 (decisive only),COMPATIBILITY_ONLY_NOT_PRODUCTION,38226.7023,34760.5459,481.1811,2907,2903,-0.01258756,-0.02479038,-0.01019244,-0.01258756,-481.1811,38226.7023,OK,0.0000,19.2472,4.0000,96.0000,AG03-UNRESOLVED,ALL5_LEVELS_bet23_to_bet27,19.2472,19.2472,19.2472,28.8709,28.8709,4.000000,4.000000,4.000000,6.000000,6.000000,96.000000,96.000000,96.000000,94.000000,94.000000,5.0,115.4835,105.0165,365.6976,376.1646,PENDING_AG03,FALSE,NOT_FOR_ENFORCEMENT,461.9338,33370.1240,481.1811,461.9338,19.2472,0.01258756,0.01208406,19.2472,461.9338,0.01208406,19.2472,19.2472,19.2472,28.8709,28.8709,461.9338,0.01208406,115.4835,105.0165,365.6976,376.1646,0.00956655,0.00984036,0.00050350,13.1499,11.9740,0.1658,6.2491,1.8090,496.4507,37.7013,10.4533,13.8512,10.2195,10.5412,18.3951,22.009,22.009,31.6236,10.5412,0.0,2.087904,3.0,1.247477,27,146,58,3,0.16407309,0.01258756,0.02479038,0E-8,0.000000,0.909326,0.001376,-0.01459794,2026-03-22,2026-08-05,77,266,243,137,0.562044,0.754684,0.794934,0.546910,,,,,,,,GLOBAL_BASELINE_NO_ENTITY_RANKING,,,NOT_APPLICABLE_GLOBAL_BASELINE,HF9g-P5,,,,X 全窗基线 · 不参与实体赏罚,8390763,840,A168_HF9F_20260827_0900,2026-08-27 09:00:00
2026-07-16,94151214,1383,0,20.4390303724,-20.4390303724,-20.4390303724,0E-7,2,2,0.49324550000000000,0.493245500000,-1.3952362676504506,-1.3952362676504506,-1.3952362676504506,0E-17,ELIGIBLE,R03b_20260811_FULL_v1,L1_ELIGIBILITY,v2026-08-11,2026-03-21..2026-08-06,baccarat_bet02_101_all_pairs_incl_sentinel,round_win = game_pnl > 0 (decisive only),COMPATIBILITY_ONLY_NOT_PRODUCTION,38226.7023,34760.5459,481.1811,2907,2903,-0.01258756,-0.02479038,-0.01019244,-0.01258756,-481.1811,38226.7023,OK,0.0000,19.2472,4.0000,96.0000,AG03-UNRESOLVED,ALL5_LEVELS_bet23_to_bet27,19.2472,19.2472,19.2472,28.8709,28.8709,4.000000,4.000000,4.000000,6.000000,6.000000,96.000000,96.000000,96.000000,94.000000,94.000000,5.0,115.4835,105.0165,365.6976,376.1646,PENDING_AG03,FALSE,NOT_FOR_ENFORCEMENT,461.9338,33370.1240,481.1811,461.9338,19.2472,0.01258756,0.01208406,19.2472,461.9338,0.01208406,19.2472,19.2472,19.2472,28.8709,28.8709,461.9338,0.01208406,115.4835,105.0165,365.6976,376.1646,0.00956655,0.00984036,0.00050350,13.1499,11.9740,0.1658,6.2491,1.8090,496.4507,37.7013,10.4533,13.8512,10.2195,10.5412,18.3951,22.009,22.009,31.6236,10.5412,0.0,2.087904,3.0,1.247477,27,146,58,3,0.16407309,0.01258756,0.02479038,0E-8,0.000000,0.909326,0.001376,-0.01459794,2026-03-22,2026-08-05,77,266,243,137,0.562044,0.754684,0.794934,0.546910,,,,,,,,GLOBAL_BASELINE_NO_ENTITY_RANKING,,,NOT_APPLICABLE_GLOBAL_BASELINE,HF9g-P5,,,,X 全窗基线 · 不参与实体赏罚,8390764,840,A168_HF9F_20260827_0900,2026-08-27 09:00:00
2026-07-17,94151214,1331,0,21.2565915873,-21.2565915873,-21.2565915873,0E-7,2,2,0.50665070000000000,0.506650700000,-1.4331513700195317,-1.4331513700195317,-1.4331513700195317,0E-17,ELIGIBLE,R03b_20260811_FULL_v1,L1_ELIGIBILITY,v2026-08-11,2026-03-21..2026-08-06,baccarat_bet02_101_all_pairs_incl_sentinel,round_win = game_pnl > 0 (decisive only),COMPATIBILITY_ONLY_NOT_PRODUCTION,38226.7023,34760.5459,481.1811,2907,2903,-0.01258756,-0.02479038,-0.01019244,-0.01258756,-481.1811,38226.7023,OK,0.0000,19.2472,4.0000,96.0000,AG03-UNRESOLVED,ALL5_LEVELS_bet23_to_bet27,19.2472,19.2472,19.2472,28.8709,28.8709,4.000000,4.000000,4.000000,6.000000,6.000000,96.000000,96.000000,96.000000,94.000000,94.000000,5.0,115.4835,105.0165,365.6976,376.1646,PENDING_AG03,FALSE,NOT_FOR_ENFORCEMENT,461.9338,33370.1240,481.1811,461.9338,19.2472,0.01258756,0.01208406,19.2472,461.9338,0.01208406,19.2472,19.2472,19.2472,28.8709,28.8709,461.9338,0.01208406,115.4835,105.0165,365.6976,376.1646,0.00956655,0.00984036,0.00050350,13.1499,11.9740,0.1658,6.2491,1.8090,496.4507,37.7013,10.4533,13.8512,10.2195,10.5412,18.3951,22.009,22.009,31.6236,10.5412,0.0,2.087904,3.0,1.247477,27,146,58,3,0.16407309,0.01258756,0.02479038,0E-8,0.000000,0.909326,0.001376,-0.01459794,2026-03-22,2026-08-05,77,266,243,137,0.562044,0.754684,0.794934,0.546910,,,,,,,,GLOBAL_BASELINE_NO_ENTITY_RANKING,,,NOT_APPLICABLE_GLOBAL_BASELINE,HF9g-P5,,,,X 全窗基线 · 不参与实体赏罚,8390765,840,A168_HF9F_20260827_0900,2026-08-27 09:00:00
2026-07-17,94151214,2174,0,91.9756366758,-21.4609818910,-21.4609818910,0.4285714,8,8,0.50329940000000000,0.503299400000,-0.395431866228915,-0.39543186622891513,-0.395431866228915,0E-17,ELIGIBLE,R03b_20260811_FULL_v1,L1_ELIGIBILITY,v2026-08-11,2026-03-21..2026-08-06,baccarat_bet02_101_all_pairs_incl_sentinel,round_win = game_pnl > 0 (decisive only),COMPATIBILITY_ONLY_NOT_PRODUCTION,38226.7023,34760.5459,481.1811,2907,2903,-0.01258756,-0.02479038,-0.01019244,-0.01258756,-481.1811,38226.7023,OK,0.0000,19.2472,4.0000,96.0000,AG03-UNRESOLVED,ALL5_LEVELS_bet23_to_bet27,19.2472,19.2472,19.2472,28.8709,28.8709,4.000000,4.000000,4.000000,6.000000,6.000000,96.000000,96.000000,96.000000,94.000000,94.000000,5.0,115.4835,105.0165,365.6976,376.1646,PENDING_AG03,FALSE,NOT_FOR_ENFORCEMENT,461.9338,33370.1240,481.1811,461.9338,19.2472,0.01258756,0.01208406,19.2472,461.9338,0.01208406,19.2472,19.2472,19.2472,28.8709,28.8709,461.9338,0.01208406,115.4835,105.0165,365.6976,376.1646,0.00956655,0.00984036,0.00050350,13.1499,11.9740,0.1658,6.2491,1.8090,496.4507,37.7013,10.4533,13.8512,10.2195,10.5412,18.3951,22.009,22.009,31.6236,10.5412,0.0,2.087904,3.0,1.247477,27,146,58,3,0.16407309,0.01258756,0.02479038,0E-8,0.000000,0.909326,0.001376,-0.01459794,2026-03-22,2026-08-05,77,266,243,137,0.562044,0.754684,0.794934,0.546910,,,,,,,,GLOBAL_BASELINE_NO_ENTITY_RANKING,,,NOT_APPLICABLE_GLOBAL_BASELINE,HF9g-P5,,,,X 全窗基线 · 不参与实体赏罚,8390766,840,A168_HF9F_20260827_0900,2026-08-27 09:00:00
2026-07-18,94151214,1221,0,52.3239177534,-31.2001798635,-31.2001798635,0.2000000,5,5,0.50128862000000000,0.501288620000,-1.347408145195933,-1.347408145195933,-1.347408145195933,0E-17,ELIGIBLE,R03b_20260811_FULL_v1,L1_ELIGIBILITY,v2026-08-11,2026-03-21..2026-08-06,baccarat_bet02_101_all_pairs_incl_sentinel,round_win = game_pnl > 0 (decisive only),COMPATIBILITY_ONLY_NOT_PRODUCTION,38226.7023,34760.5459,481.1811,2907,2903,-0.01258756,-0.02479038,-0.01019244,-0.01258756,-481.1811,38226.7023,OK,0.0000,19.2472,4.0000,96.0000,AG03-UNRESOLVED,ALL5_LEVELS_bet23_to_bet27,19.2472,19.2472,19.2472,28.8709,28.8709,4.000000,4.000000,4.000000,6.000000,6.000000,96.000000,96.000000,96.000000,94.000000,94.000000,5.0,115.4835,105.0165,365.6976,376.1646,PENDING_AG03,FALSE,NOT_FOR_ENFORCEMENT,461.9338,33370.1240,481.1811,461.9338,19.2472,0.01258756,0.01208406,19.2472,461.9338,0.01208406,19.2472,19.2472,19.2472,28.8709,28.8709,461.9338,0.01208406,115.4835,105.0165,365.6976,376.1646,0.00956655,0.00984036,0.00050350,13.1499,11.9740,0.1658,6.2491,1.8090,496.4507,37.7013,10.4533,13.8512,10.2195,10.5412,18.3951,22.009,22.009,31.6236,10.5412,0.0,2.087904,3.0,1.247477,27,146,58,3,0.16407309,0.01258756,0.02479038,0E-8,0.000000,0.909326,0.001376,-0.01459794,2026-03-22,2026-08-05,77,266,243,137,0.562044,0.754684,0.794934,0.546910,,,,,,,,GLOBAL_BASELINE_NO_ENTITY_RANKING,,,NOT_APPLICABLE_GLOBAL_BASELINE,HF9g-P5,,,,X 全窗基线 · 不参与实体赏罚,8390767,840,A168_HF9F_20260827_0900,2026-08-27 09:00:00
2026-07-18,94151214,1396,0,188.0390794261,35.7683031517,35.7683031517,0.5625000,18,18,0.49920336666666667,0.499203366667,0.5063737093815687,0.5063737093789015,0.5063737093815687,-3.3333E-13,ELIGIBLE,R03b_20260811_FULL_v1,L1_ELIGIBILITY,v2026-08-11,2026-03-21..2026-08-06,baccarat_bet02_101_all_pairs_incl_sentinel,round_win = game_pnl > 0 (decisive only),COMPATIBILITY_ONLY_NOT_PRODUCTION,38226.7023,34760.5459,481.1811,2907,2903,-0.01258756,-0.02479038,-0.01019244,-0.01258756,-481.1811,38226.7023,OK,0.0000,19.2472,4.0000,96.0000,AG03-UNRESOLVED,ALL5_LEVELS_bet23_to_bet27,19.2472,19.2472,19.2472,28.8709,28.8709,4.000000,4.000000,4.000000,6.000000,6.000000,96.000000,96.000000,96.000000,94.000000,94.000000,5.0,115.4835,105.0165,365.6976,376.1646,PENDING_AG03,FALSE,NOT_FOR_ENFORCEMENT,461.9338,33370.1240,481.1811,461.9338,19.2472,0.01258756,0.01208406,19.2472,461.9338,0.01208406,19.2472,19.2472,19.2472,28.8709,28.8709,461.9338,0.01208406,115.4835,105.0165,365.6976,376.1646,0.00956655,0.00984036,0.00050350,13.1499,11.9740,0.1658,6.2491,1.8090,496.4507,37.7013,10.4533,13.8512,10.2195,10.5412,18.3951,22.009,22.009,31.6236,10.5412,0.0,2.087904,3.0,1.247477,27,146,58,3,0.16407309,0.01258756,0.02479038,0E-8,0.000000,0.909326,0.001376,-0.01459794,2026-03-22,2026-08-05,77,266,243,137,0.562044,0.754684,0.794934,0.546910,,,,,,,,GLOBAL_BASELINE_NO_ENTITY_RANKING,,,NOT_APPLICABLE_GLOBAL_BASELINE,HF9g-P5,,,,X 全窗基线 · 不参与实体赏罚,8390768,840,A168_HF9F_20260827_0900,2026-08-27 09:00:00
2026-07-18,94151214,2124,0,10.2195151862,-10.2195151862,-10.2195151862,0E-7,1,1,0.50665070000000000,0.506650700000,-1.013391052207602,-1.013391052207602,-1.013391052207602,0E-17,ELIGIBLE,R03b_20260811_FULL_v1,L1_ELIGIBILITY,v2026-08-11,2026-03-21..2026-08-06,baccarat_bet02_101_all_pairs_incl_sentinel,round_win = game_pnl > 0 (decisive only),COMPATIBILITY_ONLY_NOT_PRODUCTION,38226.7023,34760.5459,481.1811,2907,2903,-0.01258756,-0.02479038,-0.01019244,-0.01258756,-481.1811,38226.7023,OK,0.0000,19.2472,4.0000,96.0000,AG03-UNRESOLVED,ALL5_LEVELS_bet23_to_bet27,19.2472,19.2472,19.2472,28.8709,28.8709,4.000000,4.000000,4.000000,6.000000,6.000000,96.000000,96.000000,96.000000,94.000000,94.000000,5.0,115.4835,105.0165,365.6976,376.1646,PENDING_AG03,FALSE,NOT_FOR_ENFORCEMENT,461.9338,33370.1240,481.1811,461.9338,19.2472,0.01258756,0.01208406,19.2472,461.9338,0.01208406,19.2472,19.2472,19.2472,28.8709,28.8709,461.9338,0.01208406,115.4835,105.0165,365.6976,376.1646,0.00956655,0.00984036,0.00050350,13.1499,11.9740,0.1658,6.2491,1.8090,496.4507,37.7013,10.4533,13.8512,10.2195,10.5412,18.3951,22.009,22.009,31.6236,10.5412,0.0,2.087904,3.0,1.247477,27,146,58,3,0.16407309,0.01258756,0.02479038,0E-8,0.000000,0.909326,0.001376,-0.01459794,2026-03-22,2026-08-05,77,266,243,137,0.562044,0.754684,0.794934,0.546910,,,,,,,,GLOBAL_BASELINE_NO_ENTITY_RANKING,,,NOT_APPLICABLE_GLOBAL_BASELINE,HF9g-P5,,,,X 全窗基线 · 不参与实体赏罚,8390769,840,A168_HF9F_20260827_0900,2026-08-27 09:00:00
2026-07-18,94151214,2243,0,10.2195151862,-10.2195151862,-10.2195151862,0E-7,1,1,0.49324550000000000,0.493245500000,-0.9865810262130424,-0.9865810262130424,-0.9865810262130424,0E-17,ELIGIBLE,R03b_20260811_FULL_v1,L1_ELIGIBILITY,v2026-08-11,2026-03-21..2026-08-06,baccarat_bet02_101_all_pairs_incl_sentinel,round_win = game_pnl > 0 (decisive only),COMPATIBILITY_ONLY_NOT_PRODUCTION,38226.7023,34760.5459,481.1811,2907,2903,-0.01258756,-0.02479038,-0.01019244,-0.01258756,-481.1811,38226.7023,OK,0.0000,19.2472,4.0000,96.0000,AG03-UNRESOLVED,ALL5_LEVELS_bet23_to_bet27,19.2472,19.2472,19.2472,28.8709,28.8709,4.000000,4.000000,4.000000,6.000000,6.000000,96.000000,96.000000,96.000000,94.000000,94.000000,5.0,115.4835,105.0165,365.6976,376.1646,PENDING_AG03,FALSE,NOT_FOR_ENFORCEMENT,461.9338,33370.1240,481.1811,461.9338,19.2472,0.01258756,0.01208406,19.2472,461.9338,0.01208406,19.2472,19.2472,19.2472,28.8709,28.8709,461.9338,0.01208406,115.4835,105.0165,365.6976,376.1646,0.00956655,0.00984036,0.00050350,13.1499,11.9740,0.1658,6.2491,1.8090,496.4507,37.7013,10.4533,13.8512,10.2195,10.5412,18.3951,22.009,22.009,31.6236,10.5412,0.0,2.087904,3.0,1.247477,27,146,58,3,0.16407309,0.01258756,0.02479038,0E-8,0.000000,0.909326,0.001376,-0.01459794,2026-03-22,2026-08-05,77,266,243,137,0.562044,0.754684,0.794934,0.546910,,,,,,,,GLOBAL_BASELINE_NO_ENTITY_RANKING,,,NOT_APPLICABLE_GLOBAL_BASELINE,HF9g-P5,,,,X 全窗基线 · 不参与实体赏罚,8390770,840,A168_HF9F_20260827_0900,2026-08-27 09:00:00
2026-07-18,94151214,2251,0,20.4390303724,-10.2195151862,-10.2195151862,0E-7,2,2,0.49324550000000000,0.493245500000,-0.9865810262130424,-0.9865810262130424,-0.9865810262130424,0E-17,ELIGIBLE,R03b_20260811_FULL_v1,L1_ELIGIBILITY,v2026-08-11,2026-03-21..2026-08-06,baccarat_bet02_101_all_pairs_incl_sentinel,round_win = game_pnl > 0 (decisive only),COMPATIBILITY_ONLY_NOT_PRODUCTION,38226.7023,34760.5459,481.1811,2907,2903,-0.01258756,-0.02479038,-0.01019244,-0.01258756,-481.1811,38226.7023,OK,0.0000,19.2472,4.0000,96.0000,AG03-UNRESOLVED,ALL5_LEVELS_bet23_to_bet27,19.2472,19.2472,19.2472,28.8709,28.8709,4.000000,4.000000,4.000000,6.000000,6.000000,96.000000,96.000000,96.000000,94.000000,94.000000,5.0,115.4835,105.0165,365.6976,376.1646,PENDING_AG03,FALSE,NOT_FOR_ENFORCEMENT,461.9338,33370.1240,481.1811,461.9338,19.2472,0.01258756,0.01208406,19.2472,461.9338,0.01208406,19.2472,19.2472,19.2472,28.8709,28.8709,461.9338,0.01208406,115.4835,105.0165,365.6976,376.1646,0.00956655,0.00984036,0.00050350,13.1499,11.9740,0.1658,6.2491,1.8090,496.4507,37.7013,10.4533,13.8512,10.2195,10.5412,18.3951,22.009,22.009,31.6236,10.5412,0.0,2.087904,3.0,1.247477,27,146,58,3,0.16407309,0.01258756,0.02479038,0E-8,0.000000,0.909326,0.001376,-0.01459794,2026-03-22,2026-08-05,77,266,243,137,0.562044,0.754684,0.794934,0.546910,,,,,,,,GLOBAL_BASELINE_NO_ENTITY_RANKING,,,NOT_APPLICABLE_GLOBAL_BASELINE,HF9g-P5,,,,X 全窗基线 · 不参与实体赏罚,8390771,840,A168_HF9F_20260827_0900,2026-08-27 09:00:00
2026-07-18,94151214,595,0,92.7931978909,-20.3368352205,-20.3368352205,0.4000000,13,12,0.50162375000000000,0.501623750000,-0.6427284179333058,-0.6427284179333058,-0.6427284179333058,0E-17,ELIGIBLE,R03b_20260811_FULL_v1,L1_ELIGIBILITY,v2026-08-11,2026-03-21..2026-08-06,baccarat_bet02_101_all_pairs_incl_sentinel,round_win = game_pnl > 0 (decisive only),COMPATIBILITY_ONLY_NOT_PRODUCTION,38226.7023,34760.5459,481.1811,2907,2903,-0.01258756,-0.02479038,-0.01019244,-0.01258756,-481.1811,38226.7023,OK,0.0000,19.2472,4.0000,96.0000,AG03-UNRESOLVED,ALL5_LEVELS_bet23_to_bet27,19.2472,19.2472,19.2472,28.8709,28.8709,4.000000,4.000000,4.000000,6.000000,6.000000,96.000000,96.000000,96.000000,94.000000,94.000000,5.0,115.4835,105.0165,365.6976,376.1646,PENDING_AG03,FALSE,NOT_FOR_ENFORCEMENT,461.9338,33370.1240,481.1811,461.9338,19.2472,0.01258756,0.01208406,19.2472,461.9338,0.01208406,19.2472,19.2472,19.2472,28.8709,28.8709,461.9338,0.01208406,115.4835,105.0165,365.6976,376.1646,0.00956655,0.00984036,0.00050350,13.1499,11.9740,0.1658,6.2491,1.8090,496.4507,37.7013,10.4533,13.8512,10.2195,10.5412,18.3951,22.009,22.009,31.6236,10.5412,0.0,2.087904,3.0,1.247477,27,146,58,3,0.16407309,0.01258756,0.02479038,0E-8,0.000000,0.909326,0.001376,-0.01459794,2026-03-22,2026-08-05,77,266,243,137,0.562044,0.754684,0.794934,0.546910,,,,,,,,GLOBAL_BASELINE_NO_ENTITY_RANKING,,,NOT_APPLICABLE_GLOBAL_BASELINE,HF9g-P5,,,,X 全窗基线 · 不参与实体赏罚,8390772,840,A168_HF9F_20260827_0900,2026-08-27 09:00:00
2026-07-18,94151214,772,0,91.9756366758,-31.1695213179,-31.1695213179,0.3333333,5,5,0.50665070000000000,0.506650700000,-0.6004420894325239,-0.6004420894325239,-0.6004420894325239,0E-17,ELIGIBLE,R03b_20260811_FULL_v1,L1_ELIGIBILITY,v2026-08-11,2026-03-21..2026-08-06,baccarat_bet02_101_all_pairs_incl_sentinel,round_win = game_pnl > 0 (decisive only),COMPATIBILITY_ONLY_NOT_PRODUCTION,38226.7023,34760.5459,481.1811,2907,2903,-0.01258756,-0.02479038,-0.01019244,-0.01258756,-481.1811,38226.7023,OK,0.0000,19.2472,4.0000,96.0000,AG03-UNRESOLVED,ALL5_LEVELS_bet23_to_bet27,19.2472,19.2472,19.2472,28.8709,28.8709,4.000000,4.000000,4.000000,6.000000,6.000000,96.000000,96.000000,96.000000,94.000000,94.000000,5.0,115.4835,105.0165,365.6976,376.1646,PENDING_AG03,FALSE,NOT_FOR_ENFORCEMENT,461.9338,33370.1240,481.1811,461.9338,19.2472,0.01258756,0.01208406,19.2472,461.9338,0.01208406,19.2472,19.2472,19.2472,28.8709,28.8709,461.9338,0.01208406,115.4835,105.0165,365.6976,376.1646,0.00956655,0.00984036,0.00050350,13.1499,11.9740,0.1658,6.2491,1.8090,496.4507,37.7013,10.4533,13.8512,10.2195,10.5412,18.3951,22.009,22.009,31.6236,10.5412,0.0,2.087904,3.0,1.247477,27,146,58,3,0.16407309,0.01258756,0.02479038,0E-8,0.000000,0.909326,0.001376,-0.01459794,2026-03-22,2026-08-05,77,266,243,137,0.562044,0.754684,0.794934,0.546910,,,,,,,,GLOBAL_BASELINE_NO_ENTITY_RANKING,,,NOT_APPLICABLE_GLOBAL_BASELINE,HF9g-P5,,,,X 全窗基线 · 不参与实体赏罚,8390773,840,A168_HF9F_20260827_0900,2026-08-27 09:00:00
2026-07-18,94151214,919,0,304.5415525488,42.0022074155,42.0022074155,0.5769231,26,26,0.50097926923076923,0.500979269231,0.7744794001229273,0.7744794001205746,0.7744794001229273,-2.3077E-13,ELIGIBLE,R03b_20260811_FULL_v1,L1_ELIGIBILITY,v2026-08-11,2026-03-21..2026-08-06,baccarat_bet02_101_all_pairs_incl_sentinel,round_win = game_pnl > 0 (decisive only),COMPATIBILITY_ONLY_NOT_PRODUCTION,38226.7023,34760.5459,481.1811,2907,2903,-0.01258756,-0.02479038,-0.01019244,-0.01258756,-481.1811,38226.7023,OK,0.0000,19.2472,4.0000,96.0000,AG03-UNRESOLVED,ALL5_LEVELS_bet23_to_bet27,19.2472,19.2472,19.2472,28.8709,28.8709,4.000000,4.000000,4.000000,6.000000,6.000000,96.000000,96.000000,96.000000,94.000000,94.000000,5.0,115.4835,105.0165,365.6976,376.1646,PENDING_AG03,FALSE,NOT_FOR_ENFORCEMENT,461.9338,33370.1240,481.1811,461.9338,19.2472,0.01258756,0.01208406,19.2472,461.9338,0.01208406,19.2472,19.2472,19.2472,28.8709,28.8709,461.9338,0.01208406,115.4835,105.0165,365.6976,376.1646,0.00956655,0.00984036,0.00050350,13.1499,11.9740,0.1658,6.2491,1.8090,496.4507,37.7013,10.4533,13.8512,10.2195,10.5412,18.3951,22.009,22.009,31.6236,10.5412,0.0,2.087904,3.0,1.247477,27,146,58,3,0.16407309,0.01258756,0.02479038,0E-8,0.000000,0.909326,0.001376,-0.01459794,2026-03-22,2026-08-05,77,266,243,137,0.562044,0.754684,0.794934,0.546910,,,,,,,,GLOBAL_BASELINE_NO_ENTITY_RANKING,,,NOT_APPLICABLE_GLOBAL_BASELINE,HF9g-P5,,,,X 全窗基线 · 不参与实体赏罚,8390774,840,A168_HF9F_20260827_0900,2026-08-27 09:00:00
2026-07-20,94151214,-1,1,157.3805338674,72.0475820627,72.0475820627,0.6923077,13,13,0.50252602307692308,0.502526023077,1.3685525441206632,1.3685525441201094,1.3685525441206632,-7.692E-14,SENTINEL_DEALER,R03b_20260811_FULL_v1,L1_ELIGIBILITY,v2026-08-11,2026-03-21..2026-08-06,baccarat_bet02_101_all_pairs_incl_sentinel,round_win = game_pnl > 0 (decisive only),COMPATIBILITY_ONLY_NOT_PRODUCTION,38226.7023,34760.5459,481.1811,2907,2903,-0.01258756,-0.02479038,-0.01019244,-0.01258756,-481.1811,38226.7023,OK,0.0000,19.2472,4.0000,96.0000,AG03-UNRESOLVED,ALL5_LEVELS_bet23_to_bet27,19.2472,19.2472,19.2472,28.8709,28.8709,4.000000,4.000000,4.000000,6.000000,6.000000,96.000000,96.000000,96.000000,94.000000,94.000000,5.0,115.4835,105.0165,365.6976,376.1646,PENDING_AG03,FALSE,NOT_FOR_ENFORCEMENT,461.9338,33370.1240,481.1811,461.9338,19.2472,0.01258756,0.01208406,19.2472,461.9338,0.01208406,19.2472,19.2472,19.2472,28.8709,28.8709,461.9338,0.01208406,115.4835,105.0165,365.6976,376.1646,0.00956655,0.00984036,0.00050350,13.1499,11.9740,0.1658,6.2491,1.8090,496.4507,37.7013,10.4533,13.8512,10.2195,10.5412,18.3951,22.009,22.009,31.6236,10.5412,0.0,2.087904,3.0,1.247477,27,146,58,3,0.16407309,0.01258756,0.02479038,0E-8,0.000000,0.909326,0.001376,-0.01459794,2026-03-22,2026-08-05,77,266,243,137,0.562044,0.754684,0.794934,0.546910,,,,,,,,GLOBAL_BASELINE_NO_ENTITY_RANKING,,,NOT_APPLICABLE_GLOBAL_BASELINE,HF9g-P5,,,,X 全窗基线 · 不参与实体赏罚,8390775,840,A168_HF9F_20260827_0900,2026-08-27 09:00:00
2026-07-20,94151214,1210,0,112.4146670482,10.2195151862,10.2195151862,0.6000000,6,6,0.49324550000000000,0.493245500000,0.47746420675292983,0.47746420675292983,0.47746420675292983,0E-17,ELIGIBLE,R03b_20260811_FULL_v1,L1_ELIGIBILITY,v2026-08-11,2026-03-21..2026-08-06,baccarat_bet02_101_all_pairs_incl_sentinel,round_win = game_pnl > 0 (decisive only),COMPATIBILITY_ONLY_NOT_PRODUCTION,38226.7023,34760.5459,481.1811,2907,2903,-0.01258756,-0.02479038,-0.01019244,-0.01258756,-481.1811,38226.7023,OK,0.0000,19.2472,4.0000,96.0000,AG03-UNRESOLVED,ALL5_LEVELS_bet23_to_bet27,19.2472,19.2472,19.2472,28.8709,28.8709,4.000000,4.000000,4.000000,6.000000,6.000000,96.000000,96.000000,96.000000,94.000000,94.000000,5.0,115.4835,105.0165,365.6976,376.1646,PENDING_AG03,FALSE,NOT_FOR_ENFORCEMENT,461.9338,33370.1240,481.1811,461.9338,19.2472,0.01258756,0.01208406,19.2472,461.9338,0.01208406,19.2472,19.2472,19.2472,28.8709,28.8709,461.9338,0.01208406,115.4835,105.0165,365.6976,376.1646,0.00956655,0.00984036,0.00050350,13.1499,11.9740,0.1658,6.2491,1.8090,496.4507,37.7013,10.4533,13.8512,10.2195,10.5412,18.3951,22.009,22.009,31.6236,10.5412,0.0,2.087904,3.0,1.247477,27,146,58,3,0.16407309,0.01258756,0.02479038,0E-8,0.000000,0.909326,0.001376,-0.01459794,2026-03-22,2026-08-05,77,266,243,137,0.562044,0.754684,0.794934,0.546910,,,,,,,,GLOBAL_BASELINE_NO_ENTITY_RANKING,,,NOT_APPLICABLE_GLOBAL_BASELINE,HF9g-P5,,,,X 全窗基线 · 不参与实体赏罚,8390776,840,A168_HF9F_20260827_0900,2026-08-27 09:00:00
2026-07-20,94151214,2171,0,83.8000245268,-0.1021951518,-0.1021951518,0.5000000,6,6,0.50218230000000000,0.502182300000,-0.01069114476356389,-0.01069114476356389,-0.01069114476356389,0E-17,ELIGIBLE,R03b_20260811_FULL_v1,L1_ELIGIBILITY,v2026-08-11,2026-03-21..2026-08-06,baccarat_bet02_101_all_pairs_incl_sentinel,round_win = game_pnl > 0 (decisive only),COMPATIBILITY_ONLY_NOT_PRODUCTION,38226.7023,34760.5459,481.1811,2907,2903,-0.01258756,-0.02479038,-0.01019244,-0.01258756,-481.1811,38226.7023,OK,0.0000,19.2472,4.0000,96.0000,AG03-UNRESOLVED,ALL5_LEVELS_bet23_to_bet27,19.2472,19.2472,19.2472,28.8709,28.8709,4.000000,4.000000,4.000000,6.000000,6.000000,96.000000,96.000000,96.000000,94.000000,94.000000,5.0,115.4835,105.0165,365.6976,376.1646,PENDING_AG03,FALSE,NOT_FOR_ENFORCEMENT,461.9338,33370.1240,481.1811,461.9338,19.2472,0.01258756,0.01208406,19.2472,461.9338,0.01208406,19.2472,19.2472,19.2472,28.8709,28.8709,461.9338,0.01208406,115.4835,105.0165,365.6976,376.1646,0.00956655,0.00984036,0.00050350,13.1499,11.9740,0.1658,6.2491,1.8090,496.4507,37.7013,10.4533,13.8512,10.2195,10.5412,18.3951,22.009,22.009,31.6236,10.5412,0.0,2.087904,3.0,1.247477,27,146,58,3,0.16407309,0.01258756,0.02479038,0E-8,0.000000,0.909326,0.001376,-0.01459794,2026-03-22,2026-08-05,77,266,243,137,0.562044,0.754684,0.794934,0.546910,,,,,,,,GLOBAL_BASELINE_NO_ENTITY_RANKING,,,NOT_APPLICABLE_GLOBAL_BASELINE,HF9g-P5,,,,X 全窗基线 · 不参与实体赏罚,8390777,840,A168_HF9F_20260827_0900,2026-08-27 09:00:00
2026-07-21,94151214,-1,1,14.3073212607,-6.3360994154,-6.3360994154,0.5000000,2,2,0.49994810000000000,0.499948100000,0.00014679536856514622,0.00014679536856514622,0.00014679536856514622,0E-17,SENTINEL_DEALER,R03b_20260811_FULL_v1,L1_ELIGIBILITY,v2026-08-11,2026-03-21..2026-08-06,baccarat_bet02_101_all_pairs_incl_sentinel,round_win = game_pnl > 0 (decisive only),COMPATIBILITY_ONLY_NOT_PRODUCTION,38226.7023,34760.5459,481.1811,2907,2903,-0.01258756,-0.02479038,-0.01019244,-0.01258756,-481.1811,38226.7023,OK,0.0000,19.2472,4.0000,96.0000,AG03-UNRESOLVED,ALL5_LEVELS_bet23_to_bet27,19.2472,19.2472,19.2472,28.8709,28.8709,4.000000,4.000000,4.000000,6.000000,6.000000,96.000000,96.000000,96.000000,94.000000,94.000000,5.0,115.4835,105.0165,365.6976,376.1646,PENDING_AG03,FALSE,NOT_FOR_ENFORCEMENT,461.9338,33370.1240,481.1811,461.9338,19.2472,0.01258756,0.01208406,19.2472,461.9338,0.01208406,19.2472,19.2472,19.2472,28.8709,28.8709,461.9338,0.01208406,115.4835,105.0165,365.6976,376.1646,0.00956655,0.00984036,0.00050350,13.1499,11.9740,0.1658,6.2491,1.8090,496.4507,37.7013,10.4533,13.8512,10.2195,10.5412,18.3951,22.009,22.009,31.6236,10.5412,0.0,2.087904,3.0,1.247477,27,146,58,3,0.16407309,0.01258756,0.02479038,0E-8,0.000000,0.909326,0.001376,-0.01459794,2026-03-22,2026-08-05,77,266,243,137,0.562044,0.754684,0.794934,0.546910,,,,,,,,GLOBAL_BASELINE_NO_ENTITY_RANKING,,,NOT_APPLICABLE_GLOBAL_BASELINE,HF9g-P5,,,,X 全窗基线 · 不参与实体赏罚,8390778,840,A168_HF9F_20260827_0900,2026-08-27 09:00:00
2026-07-21,94151214,1330,0,100.1512488247,17.1687855128,17.1687855128,0.6666667,11,11,0.49933877272727273,0.499338772727,1.0039682415497608,1.003968241551398,1.0039682415497608,2.7273E-13,ELIGIBLE,R03b_20260811_FULL_v1,L1_ELIGIBILITY,v2026-08-11,2026-03-21..2026-08-06,baccarat_bet02_101_all_pairs_incl_sentinel,round_win = game_pnl > 0 (decisive only),COMPATIBILITY_ONLY_NOT_PRODUCTION,38226.7023,34760.5459,481.1811,2907,2903,-0.01258756,-0.02479038,-0.01019244,-0.01258756,-481.1811,38226.7023,OK,0.0000,19.2472,4.0000,96.0000,AG03-UNRESOLVED,ALL5_LEVELS_bet23_to_bet27,19.2472,19.2472,19.2472,28.8709,28.8709,4.000000,4.000000,4.000000,6.000000,6.000000,96.000000,96.000000,96.000000,94.000000,94.000000,5.0,115.4835,105.0165,365.6976,376.1646,PENDING_AG03,FALSE,NOT_FOR_ENFORCEMENT,461.9338,33370.1240,481.1811,461.9338,19.2472,0.01258756,0.01208406,19.2472,461.9338,0.01208406,19.2472,19.2472,19.2472,28.8709,28.8709,461.9338,0.01208406,115.4835,105.0165,365.6976,376.1646,0.00956655,0.00984036,0.00050350,13.1499,11.9740,0.1658,6.2491,1.8090,496.4507,37.7013,10.4533,13.8512,10.2195,10.5412,18.3951,22.009,22.009,31.6236,10.5412,0.0,2.087904,3.0,1.247477,27,146,58,3,0.16407309,0.01258756,0.02479038,0E-8,0.000000,0.909326,0.001376,-0.01459794,2026-03-22,2026-08-05,77,266,243,137,0.562044,0.754684,0.794934,0.546910,,,,,,,,GLOBAL_BASELINE_NO_ENTITY_RANKING,,,NOT_APPLICABLE_GLOBAL_BASELINE,HF9g-P5,,,,X 全窗基线 · 不参与实体赏罚,8390779,840,A168_HF9F_20260827_0900,2026-08-27 09:00:00
2026-07-21,94151214,1646,0,61.3170911172,-40.8780607448,-40.8780607448,0.2000000,5,5,0.49592654000000000,0.495926540000,-1.323467641100715,-1.323467641100715,-1.323467641100715,0E-17,ELIGIBLE,R03b_20260811_FULL_v1,L1_ELIGIBILITY,v2026-08-11,2026-03-21..2026-08-06,baccarat_bet02_101_all_pairs_incl_sentinel,round_win = game_pnl > 0 (decisive only),COMPATIBILITY_ONLY_NOT_PRODUCTION,38226.7023,34760.5459,481.1811,2907,2903,-0.01258756,-0.02479038,-0.01019244,-0.01258756,-481.1811,38226.7023,OK,0.0000,19.2472,4.0000,96.0000,AG03-UNRESOLVED,ALL5_LEVELS_bet23_to_bet27,19.2472,19.2472,19.2472,28.8709,28.8709,4.000000,4.000000,4.000000,6.000000,6.000000,96.000000,96.000000,96.000000,94.000000,94.000000,5.0,115.4835,105.0165,365.6976,376.1646,PENDING_AG03,FALSE,NOT_FOR_ENFORCEMENT,461.9338,33370.1240,481.1811,461.9338,19.2472,0.01258756,0.01208406,19.2472,461.9338,0.01208406,19.2472,19.2472,19.2472,28.8709,28.8709,461.9338,0.01208406,115.4835,105.0165,365.6976,376.1646,0.00956655,0.00984036,0.00050350,13.1499,11.9740,0.1658,6.2491,1.8090,496.4507,37.7013,10.4533,13.8512,10.2195,10.5412,18.3951,22.009,22.009,31.6236,10.5412,0.0,2.087904,3.0,1.247477,27,146,58,3,0.16407309,0.01258756,0.02479038,0E-8,0.000000,0.909326,0.001376,-0.01459794,2026-03-22,2026-08-05,77,266,243,137,0.562044,0.754684,0.794934,0.546910,,,,,,,,GLOBAL_BASELINE_NO_ENTITY_RANKING,,,NOT_APPLICABLE_GLOBAL_BASELINE,HF9g-P5,,,,X 全窗基线 · 不参与实体赏罚,8390780,840,A168_HF9F_20260827_0900,2026-08-27 09:00:00
2026-07-21,94151214,2101,0,26.7751297879,2.2482933409,2.2482933409,0.5000000,4,4,0.49324550000000000,0.493245500000,0.027020465636507562,0.027020465636507562,0.027020465636507562,0E-17,ELIGIBLE,R03b_20260811_FULL_v1,L1_ELIGIBILITY,v2026-08-11,2026-03-21..2026-08-06,baccarat_bet02_101_all_pairs_incl_sentinel,round_win = game_pnl > 0 (decisive only),COMPATIBILITY_ONLY_NOT_PRODUCTION,38226.7023,34760.5459,481.1811,2907,2903,-0.01258756,-0.02479038,-0.01019244,-0.01258756,-481.1811,38226.7023,OK,0.0000,19.2472,4.0000,96.0000,AG03-UNRESOLVED,ALL5_LEVELS_bet23_to_bet27,19.2472,19.2472,19.2472,28.8709,28.8709,4.000000,4.000000,4.000000,6.000000,6.000000,96.000000,96.000000,96.000000,94.000000,94.000000,5.0,115.4835,105.0165,365.6976,376.1646,PENDING_AG03,FALSE,NOT_FOR_ENFORCEMENT,461.9338,33370.1240,481.1811,461.9338,19.2472,0.01258756,0.01208406,19.2472,461.9338,0.01208406,19.2472,19.2472,19.2472,28.8709,28.8709,461.9338,0.01208406,115.4835,105.0165,365.6976,376.1646,0.00956655,0.00984036,0.00050350,13.1499,11.9740,0.1658,6.2491,1.8090,496.4507,37.7013,10.4533,13.8512,10.2195,10.5412,18.3951,22.009,22.009,31.6236,10.5412,0.0,2.087904,3.0,1.247477,27,146,58,3,0.16407309,0.01258756,0.02479038,0E-8,0.000000,0.909326,0.001376,-0.01459794,2026-03-22,2026-08-05,77,266,243,137,0.562044,0.754684,0.794934,0.546910,,,,,,,,GLOBAL_BASELINE_NO_ENTITY_RANKING,,,NOT_APPLICABLE_GLOBAL_BASELINE,HF9g-P5,,,,X 全窗基线 · 不参与实体赏罚,8390781,840,A168_HF9F_20260827_0900,2026-08-27 09:00:00
2026-07-21,94151214,2141,0,24.3224461432,-12.7641744676,-12.7641744676,0.3333333,3,3,0.50665070000000000,0.506650700000,-0.6004420894325239,-0.6004420894325239,-0.6004420894325239,0E-17,ELIGIBLE,R03b_20260811_FULL_v1,L1_ELIGIBILITY,v2026-08-11,2026-03-21..2026-08-06,baccarat_bet02_101_all_pairs_incl_sentinel,round_win = game_pnl > 0 (decisive only),COMPATIBILITY_ONLY_NOT_PRODUCTION,38226.7023,34760.5459,481.1811,2907,2903,-0.01258756,-0.02479038,-0.01019244,-0.01258756,-481.1811,38226.7023,OK,0.0000,19.2472,4.0000,96.0000,AG03-UNRESOLVED,ALL5_LEVELS_bet23_to_bet27,19.2472,19.2472,19.2472,28.8709,28.8709,4.000000,4.000000,4.000000,6.000000,6.000000,96.000000,96.000000,96.000000,94.000000,94.000000,5.0,115.4835,105.0165,365.6976,376.1646,PENDING_AG03,FALSE,NOT_FOR_ENFORCEMENT,461.9338,33370.1240,481.1811,461.9338,19.2472,0.01258756,0.01208406,19.2472,461.9338,0.01208406,19.2472,19.2472,19.2472,28.8709,28.8709,461.9338,0.01208406,115.4835,105.0165,365.6976,376.1646,0.00956655,0.00984036,0.00050350,13.1499,11.9740,0.1658,6.2491,1.8090,496.4507,37.7013,10.4533,13.8512,10.2195,10.5412,18.3951,22.009,22.009,31.6236,10.5412,0.0,2.087904,3.0,1.247477,27,146,58,3,0.16407309,0.01258756,0.02479038,0E-8,0.000000,0.909326,0.001376,-0.01459794,2026-03-22,2026-08-05,77,266,243,137,0.562044,0.754684,0.794934,0.546910,,,,,,,,GLOBAL_BASELINE_NO_ENTITY_RANKING,,,NOT_APPLICABLE_GLOBAL_BASELINE,HF9g-P5,,,,X 全窗基线 · 不参与实体赏罚,8390782,840,A168_HF9F_20260827_0900,2026-08-27 09:00:00
2026-07-22,94151214,-1,1,235.0488492826,71.4344111516,71.4344111516,0.6250000,16,16,0.50413722500000000,0.504137225000,0.9669353019155515,0.9669353019155515,0.9669353019155515,0E-17,SENTINEL_DEALER,R03b_20260811_FULL_v1,L1_ELIGIBILITY,v2026-08-11,2026-03-21..2026-08-06,baccarat_bet02_101_all_pairs_incl_sentinel,round_win = game_pnl > 0 (decisive only),COMPATIBILITY_ONLY_NOT_PRODUCTION,38226.7023,34760.5459,481.1811,2907,2903,-0.01258756,-0.02479038,-0.01019244,-0.01258756,-481.1811,38226.7023,OK,0.0000,19.2472,4.0000,96.0000,AG03-UNRESOLVED,ALL5_LEVELS_bet23_to_bet27,19.2472,19.2472,19.2472,28.8709,28.8709,4.000000,4.000000,4.000000,6.000000,6.000000,96.000000,96.000000,96.000000,94.000000,94.000000,5.0,115.4835,105.0165,365.6976,376.1646,PENDING_AG03,FALSE,NOT_FOR_ENFORCEMENT,461.9338,33370.1240,481.1811,461.9338,19.2472,0.01258756,0.01208406,19.2472,461.9338,0.01208406,19.2472,19.2472,19.2472,28.8709,28.8709,461.9338,0.01208406,115.4835,105.0165,365.6976,376.1646,0.00956655,0.00984036,0.00050350,13.1499,11.9740,0.1658,6.2491,1.8090,496.4507,37.7013,10.4533,13.8512,10.2195,10.5412,18.3951,22.009,22.009,31.6236,10.5412,0.0,2.087904,3.0,1.247477,27,146,58,3,0.16407309,0.01258756,0.02479038,0E-8,0.000000,0.909326,0.001376,-0.01459794,2026-03-22,2026-08-05,77,266,243,137,0.562044,0.754684,0.794934,0.546910,,,,,,,,GLOBAL_BASELINE_NO_ENTITY_RANKING,,,NOT_APPLICABLE_GLOBAL_BASELINE,HF9g-P5,,,,X 全窗基线 · 不参与实体赏罚,8390783,840,A168_HF9F_20260827_0900,2026-08-27 09:00:00
2026-07-22,94151214,1257,0,118.5463761600,21.4609818910,21.4609818910,0.5000000,12,12,0.50329940000000000,0.503299400000,-0.02285941144034017,-0.02285941144034017,-0.02285941144034017,0E-17,ELIGIBLE,R03b_20260811_FULL_v1,L1_ELIGIBILITY,v2026-08-11,2026-03-21..2026-08-06,baccarat_bet02_101_all_pairs_incl_sentinel,round_win = game_pnl > 0 (decisive only),COMPATIBILITY_ONLY_NOT_PRODUCTION,38226.7023,34760.5459,481.1811,2907,2903,-0.01258756,-0.02479038,-0.01019244,-0.01258756,-481.1811,38226.7023,OK,0.0000,19.2472,4.0000,96.0000,AG03-UNRESOLVED,ALL5_LEVELS_bet23_to_bet27,19.2472,19.2472,19.2472,28.8709,28.8709,4.000000,4.000000,4.000000,6.000000,6.000000,96.000000,96.000000,96.000000,94.000000,94.000000,5.0,115.4835,105.0165,365.6976,376.1646,PENDING_AG03,FALSE,NOT_FOR_ENFORCEMENT,461.9338,33370.1240,481.1811,461.9338,19.2472,0.01258756,0.01208406,19.2472,461.9338,0.01208406,19.2472,19.2472,19.2472,28.8709,28.8709,461.9338,0.01208406,115.4835,105.0165,365.6976,376.1646,0.00956655,0.00984036,0.00050350,13.1499,11.9740,0.1658,6.2491,1.8090,496.4507,37.7013,10.4533,13.8512,10.2195,10.5412,18.3951,22.009,22.009,31.6236,10.5412,0.0,2.087904,3.0,1.247477,27,146,58,3,0.16407309,0.01258756,0.02479038,0E-8,0.000000,0.909326,0.001376,-0.01459794,2026-03-22,2026-08-05,77,266,243,137,0.562044,0.754684,0.794934,0.546910,,,,,,,,GLOBAL_BASELINE_NO_ENTITY_RANKING,,,NOT_APPLICABLE_GLOBAL_BASELINE,HF9g-P5,,,,X 全窗基线 · 不参与实体赏罚,8390784,840,A168_HF9F_20260827_0900,2026-08-27 09:00:00
2026-07-22,94151214,1353,0,2.6570739484,2.5242202510,2.5242202510,1.0000000,1,1,0.50665070000000000,0.506650700000,0.9867858985152569,0.9867858985152569,0.9867858985152569,0E-17,ELIGIBLE,R03b_20260811_FULL_v1,L1_ELIGIBILITY,v2026-08-11,2026-03-21..2026-08-06,baccarat_bet02_101_all_pairs_incl_sentinel,round_win = game_pnl > 0 (decisive only),COMPATIBILITY_ONLY_NOT_PRODUCTION,38226.7023,34760.5459,481.1811,2907,2903,-0.01258756,-0.02479038,-0.01019244,-0.01258756,-481.1811,38226.7023,OK,0.0000,19.2472,4.0000,96.0000,AG03-UNRESOLVED,ALL5_LEVELS_bet23_to_bet27,19.2472,19.2472,19.2472,28.8709,28.8709,4.000000,4.000000,4.000000,6.000000,6.000000,96.000000,96.000000,96.000000,94.000000,94.000000,5.0,115.4835,105.0165,365.6976,376.1646,PENDING_AG03,FALSE,NOT_FOR_ENFORCEMENT,461.9338,33370.1240,481.1811,461.9338,19.2472,0.01258756,0.01208406,19.2472,461.9338,0.01208406,19.2472,19.2472,19.2472,28.8709,28.8709,461.9338,0.01208406,115.4835,105.0165,365.6976,376.1646,0.00956655,0.00984036,0.00050350,13.1499,11.9740,0.1658,6.2491,1.8090,496.4507,37.7013,10.4533,13.8512,10.2195,10.5412,18.3951,22.009,22.009,31.6236,10.5412,0.0,2.087904,3.0,1.247477,27,146,58,3,0.16407309,0.01258756,0.02479038,0E-8,0.000000,0.909326,0.001376,-0.01459794,2026-03-22,2026-08-05,77,266,243,137,0.562044,0.754684,0.794934,0.546910,,,,,,,,GLOBAL_BASELINE_NO_ENTITY_RANKING,,,NOT_APPLICABLE_GLOBAL_BASELINE,HF9g-P5,,,,X 全窗基线 · 不参与实体赏罚,8390785,840,A168_HF9F_20260827_0900,2026-08-27 09:00:00
2026-07-22,94151214,1398,0,21.0522012836,0.0715366063,0.0715366063,0.5000000,2,2,0.50665070000000000,0.506650700000,-0.018812684590367487,-0.018812684590367487,-0.018812684590367487,0E-17,ELIGIBLE,R03b_20260811_FULL_v1,L1_ELIGIBILITY,v2026-08-11,2026-03-21..2026-08-06,baccarat_bet02_101_all_pairs_incl_sentinel,round_win = game_pnl > 0 (decisive only),COMPATIBILITY_ONLY_NOT_PRODUCTION,38226.7023,34760.5459,481.1811,2907,2903,-0.01258756,-0.02479038,-0.01019244,-0.01258756,-481.1811,38226.7023,OK,0.0000,19.2472,4.0000,96.0000,AG03-UNRESOLVED,ALL5_LEVELS_bet23_to_bet27,19.2472,19.2472,19.2472,28.8709,28.8709,4.000000,4.000000,4.000000,6.000000,6.000000,96.000000,96.000000,96.000000,94.000000,94.000000,5.0,115.4835,105.0165,365.6976,376.1646,PENDING_AG03,FALSE,NOT_FOR_ENFORCEMENT,461.9338,33370.1240,481.1811,461.9338,19.2472,0.01258756,0.01208406,19.2472,461.9338,0.01208406,19.2472,19.2472,19.2472,28.8709,28.8709,461.9338,0.01208406,115.4835,105.0165,365.6976,376.1646,0.00956655,0.00984036,0.00050350,13.1499,11.9740,0.1658,6.2491,1.8090,496.4507,37.7013,10.4533,13.8512,10.2195,10.5412,18.3951,22.009,22.009,31.6236,10.5412,0.0,2.087904,3.0,1.247477,27,146,58,3,0.16407309,0.01258756,0.02479038,0E-8,0.000000,0.909326,0.001376,-0.01459794,2026-03-22,2026-08-05,77,266,243,137,0.562044,0.754684,0.794934,0.546910,,,,,,,,GLOBAL_BASELINE_NO_ENTITY_RANKING,,,NOT_APPLICABLE_GLOBAL_BASELINE,HF9g-P5,,,,X 全窗基线 · 不参与实体赏罚,8390786,840,A168_HF9F_20260827_0900,2026-08-27 09:00:00
2026-07-22,94151214,1490,0,30.6585455586,30.1475697993,30.1475697993,1.0000000,3,3,0.49771390000000000,0.497713900000,1.739988277604938,1.739988277604938,1.739988277604938,0E-17,ELIGIBLE,R03b_20260811_FULL_v1,L1_ELIGIBILITY,v2026-08-11,2026-03-21..2026-08-06,baccarat_bet02_101_all_pairs_incl_sentinel,round_win = game_pnl > 0 (decisive only),COMPATIBILITY_ONLY_NOT_PRODUCTION,38226.7023,34760.5459,481.1811,2907,2903,-0.01258756,-0.02479038,-0.01019244,-0.01258756,-481.1811,38226.7023,OK,0.0000,19.2472,4.0000,96.0000,AG03-UNRESOLVED,ALL5_LEVELS_bet23_to_bet27,19.2472,19.2472,19.2472,28.8709,28.8709,4.000000,4.000000,4.000000,6.000000,6.000000,96.000000,96.000000,96.000000,94.000000,94.000000,5.0,115.4835,105.0165,365.6976,376.1646,PENDING_AG03,FALSE,NOT_FOR_ENFORCEMENT,461.9338,33370.1240,481.1811,461.9338,19.2472,0.01258756,0.01208406,19.2472,461.9338,0.01208406,19.2472,19.2472,19.2472,28.8709,28.8709,461.9338,0.01208406,115.4835,105.0165,365.6976,376.1646,0.00956655,0.00984036,0.00050350,13.1499,11.9740,0.1658,6.2491,1.8090,496.4507,37.7013,10.4533,13.8512,10.2195,10.5412,18.3951,22.009,22.009,31.6236,10.5412,0.0,2.087904,3.0,1.247477,27,146,58,3,0.16407309,0.01258756,0.02479038,0E-8,0.000000,0.909326,0.001376,-0.01459794,2026-03-22,2026-08-05,77,266,243,137,0.562044,0.754684,0.794934,0.546910,,,,,,,,GLOBAL_BASELINE_NO_ENTITY_RANKING,,,NOT_APPLICABLE_GLOBAL_BASELINE,HF9g-P5,,,,X 全窗基线 · 不参与实体赏罚,8390787,840,A168_HF9F_20260827_0900,2026-08-27 09:00:00
2026-07-22,94151214,1710,0,10.2195151862,0E-10,0E-10,,1,1,0.50665070000000000,0.506650700000,,,,0E-17,NO_DECISIVE_ROUND,R03b_20260811_FULL_v1,L1_ELIGIBILITY,v2026-08-11,2026-03-21..2026-08-06,baccarat_bet02_101_all_pairs_incl_sentinel,round_win = game_pnl > 0 (decisive only),COMPATIBILITY_ONLY_NOT_PRODUCTION,38226.7023,34760.5459,481.1811,2907,2903,-0.01258756,-0.02479038,-0.01019244,-0.01258756,-481.1811,38226.7023,OK,0.0000,19.2472,4.0000,96.0000,AG03-UNRESOLVED,ALL5_LEVELS_bet23_to_bet27,19.2472,19.2472,19.2472,28.8709,28.8709,4.000000,4.000000,4.000000,6.000000,6.000000,96.000000,96.000000,96.000000,94.000000,94.000000,5.0,115.4835,105.0165,365.6976,376.1646,PENDING_AG03,FALSE,NOT_FOR_ENFORCEMENT,461.9338,33370.1240,481.1811,461.9338,19.2472,0.01258756,0.01208406,19.2472,461.9338,0.01208406,19.2472,19.2472,19.2472,28.8709,28.8709,461.9338,0.01208406,115.4835,105.0165,365.6976,376.1646,0.00956655,0.00984036,0.00050350,13.1499,11.9740,0.1658,6.2491,1.8090,496.4507,37.7013,10.4533,13.8512,10.2195,10.5412,18.3951,22.009,22.009,31.6236,10.5412,0.0,2.087904,3.0,1.247477,27,146,58,3,0.16407309,0.01258756,0.02479038,0E-8,0.000000,0.909326,0.001376,-0.01459794,2026-03-22,2026-08-05,77,266,243,137,0.562044,0.754684,0.794934,0.546910,,,,,,,,GLOBAL_BASELINE_NO_ENTITY_RANKING,,,NOT_APPLICABLE_GLOBAL_BASELINE,HF9g-P5,,,,X 全窗基线 · 不参与实体赏罚,8390788,840,A168_HF9F_20260827_0900,2026-08-27 09:00:00
2026-07-22,94151214,2196,0,40.4692801374,-20.5412255243,-20.5412255243,0.2500000,4,4,0.50665070000000000,0.506650700000,-1.0266936290537745,-1.0266936290537745,-1.0266936290537745,0E-17,ELIGIBLE,R03b_20260811_FULL_v1,L1_ELIGIBILITY,v2026-08-11,2026-03-21..2026-08-06,baccarat_bet02_101_all_pairs_incl_sentinel,round_win = game_pnl > 0 (decisive only),COMPATIBILITY_ONLY_NOT_PRODUCTION,38226.7023,34760.5459,481.1811,2907,2903,-0.01258756,-0.02479038,-0.01019244,-0.01258756,-481.1811,38226.7023,OK,0.0000,19.2472,4.0000,96.0000,AG03-UNRESOLVED,ALL5_LEVELS_bet23_to_bet27,19.2472,19.2472,19.2472,28.8709,28.8709,4.000000,4.000000,4.000000,6.000000,6.000000,96.000000,96.000000,96.000000,94.000000,94.000000,5.0,115.4835,105.0165,365.6976,376.1646,PENDING_AG03,FALSE,NOT_FOR_ENFORCEMENT,461.9338,33370.1240,481.1811,461.9338,19.2472,0.01258756,0.01208406,19.2472,461.9338,0.01208406,19.2472,19.2472,19.2472,28.8709,28.8709,461.9338,0.01208406,115.4835,105.0165,365.6976,376.1646,0.00956655,0.00984036,0.00050350,13.1499,11.9740,0.1658,6.2491,1.8090,496.4507,37.7013,10.4533,13.8512,10.2195,10.5412,18.3951,22.009,22.009,31.6236,10.5412,0.0,2.087904,3.0,1.247477,27,146,58,3,0.16407309,0.01258756,0.02479038,0E-8,0.000000,0.909326,0.001376,-0.01459794,2026-03-22,2026-08-05,77,266,243,137,0.562044,0.754684,0.794934,0.546910,,,,,,,,GLOBAL_BASELINE_NO_ENTITY_RANKING,,,NOT_APPLICABLE_GLOBAL_BASELINE,HF9g-P5,,,,X 全窗基线 · 不参与实体赏罚,8390789,840,A168_HF9F_20260827_0900,2026-08-27 09:00:00
2026-07-22,94151214,2223,0,20.4390303724,-20.4390303724,-20.4390303724,0E-7,2,2,0.49324550000000000,0.493245500000,-1.3952362676504506,-1.3952362676504506,-1.3952362676504506,0E-17,ELIGIBLE,R03b_20260811_FULL_v1,L1_ELIGIBILITY,v2026-08-11,2026-03-21..2026-08-06,baccarat_bet02_101_all_pairs_incl_sentinel,round_win = game_pnl > 0 (decisive only),COMPATIBILITY_ONLY_NOT_PRODUCTION,38226.7023,34760.5459,481.1811,2907,2903,-0.01258756,-0.02479038,-0.01019244,-0.01258756,-481.1811,38226.7023,OK,0.0000,19.2472,4.0000,96.0000,AG03-UNRESOLVED,ALL5_LEVELS_bet23_to_bet27,19.2472,19.2472,19.2472,28.8709,28.8709,4.000000,4.000000,4.000000,6.000000,6.000000,96.000000,96.000000,96.000000,94.000000,94.000000,5.0,115.4835,105.0165,365.6976,376.1646,PENDING_AG03,FALSE,NOT_FOR_ENFORCEMENT,461.9338,33370.1240,481.1811,461.9338,19.2472,0.01258756,0.01208406,19.2472,461.9338,0.01208406,19.2472,19.2472,19.2472,28.8709,28.8709,461.9338,0.01208406,115.4835,105.0165,365.6976,376.1646,0.00956655,0.00984036,0.00050350,13.1499,11.9740,0.1658,6.2491,1.8090,496.4507,37.7013,10.4533,13.8512,10.2195,10.5412,18.3951,22.009,22.009,31.6236,10.5412,0.0,2.087904,3.0,1.247477,27,146,58,3,0.16407309,0.01258756,0.02479038,0E-8,0.000000,0.909326,0.001376,-0.01459794,2026-03-22,2026-08-05,77,266,243,137,0.562044,0.754684,0.794934,0.546910,,,,,,,,GLOBAL_BASELINE_NO_ENTITY_RANKING,,,NOT_APPLICABLE_GLOBAL_BASELINE,HF9g-P5,,,,X 全窗基线 · 不参与实体赏罚,8390790,840,A168_HF9F_20260827_0900,2026-08-27 09:00:00
2026-07-22,94151214,2242,0,71.5366063034,10.2195151862,10.2195151862,0.5000000,6,6,0.49324550000000000,0.493245500000,0.03309317671092531,0.03309317671092531,0.03309317671092531,0E-17,ELIGIBLE,R03b_20260811_FULL_v1,L1_ELIGIBILITY,v2026-08-11,2026-03-21..2026-08-06,baccarat_bet02_101_all_pairs_incl_sentinel,round_win = game_pnl > 0 (decisive only),COMPATIBILITY_ONLY_NOT_PRODUCTION,38226.7023,34760.5459,481.1811,2907,2903,-0.01258756,-0.02479038,-0.01019244,-0.01258756,-481.1811,38226.7023,OK,0.0000,19.2472,4.0000,96.0000,AG03-UNRESOLVED,ALL5_LEVELS_bet23_to_bet27,19.2472,19.2472,19.2472,28.8709,28.8709,4.000000,4.000000,4.000000,6.000000,6.000000,96.000000,96.000000,96.000000,94.000000,94.000000,5.0,115.4835,105.0165,365.6976,376.1646,PENDING_AG03,FALSE,NOT_FOR_ENFORCEMENT,461.9338,33370.1240,481.1811,461.9338,19.2472,0.01258756,0.01208406,19.2472,461.9338,0.01208406,19.2472,19.2472,19.2472,28.8709,28.8709,461.9338,0.01208406,115.4835,105.0165,365.6976,376.1646,0.00956655,0.00984036,0.00050350,13.1499,11.9740,0.1658,6.2491,1.8090,496.4507,37.7013,10.4533,13.8512,10.2195,10.5412,18.3951,22.009,22.009,31.6236,10.5412,0.0,2.087904,3.0,1.247477,27,146,58,3,0.16407309,0.01258756,0.02479038,0E-8,0.000000,0.909326,0.001376,-0.01459794,2026-03-22,2026-08-05,77,266,243,137,0.562044,0.754684,0.794934,0.546910,,,,,,,,GLOBAL_BASELINE_NO_ENTITY_RANKING,,,NOT_APPLICABLE_GLOBAL_BASELINE,HF9g-P5,,,,X 全窗基线 · 不参与实体赏罚,8390791,840,A168_HF9F_20260827_0900,2026-08-27 09:00:00
2026-07-22,94151214,2267,0,64.5873359770,13.5510771370,13.5510771370,0.6363636,14,14,0.50186312857142857,0.501863128571,0.8921816309070881,0.8921816309099282,0.8921816309070881,4.2857E-13,ELIGIBLE,R03b_20260811_FULL_v1,L1_ELIGIBILITY,v2026-08-11,2026-03-21..2026-08-06,baccarat_bet02_101_all_pairs_incl_sentinel,round_win = game_pnl > 0 (decisive only),COMPATIBILITY_ONLY_NOT_PRODUCTION,38226.7023,34760.5459,481.1811,2907,2903,-0.01258756,-0.02479038,-0.01019244,-0.01258756,-481.1811,38226.7023,OK,0.0000,19.2472,4.0000,96.0000,AG03-UNRESOLVED,ALL5_LEVELS_bet23_to_bet27,19.2472,19.2472,19.2472,28.8709,28.8709,4.000000,4.000000,4.000000,6.000000,6.000000,96.000000,96.000000,96.000000,94.000000,94.000000,5.0,115.4835,105.0165,365.6976,376.1646,PENDING_AG03,FALSE,NOT_FOR_ENFORCEMENT,461.9338,33370.1240,481.1811,461.9338,19.2472,0.01258756,0.01208406,19.2472,461.9338,0.01208406,19.2472,19.2472,19.2472,28.8709,28.8709,461.9338,0.01208406,115.4835,105.0165,365.6976,376.1646,0.00956655,0.00984036,0.00050350,13.1499,11.9740,0.1658,6.2491,1.8090,496.4507,37.7013,10.4533,13.8512,10.2195,10.5412,18.3951,22.009,22.009,31.6236,10.5412,0.0,2.087904,3.0,1.247477,27,146,58,3,0.16407309,0.01258756,0.02479038,0E-8,0.000000,0.909326,0.001376,-0.01459794,2026-03-22,2026-08-05,77,266,243,137,0.562044,0.754684,0.794934,0.546910,,,,,,,,GLOBAL_BASELINE_NO_ENTITY_RANKING,,,NOT_APPLICABLE_GLOBAL_BASELINE,HF9g-P5,,,,X 全窗基线 · 不参与实体赏罚,8390792,840,A168_HF9F_20260827_0900,2026-08-27 09:00:00
2026-07-23,94151214,-1,1,234.0268977639,-20.4390303722,-20.4390303722,0.4210526,25,24,0.49331869375000000,0.493318693750,-0.6300571779336359,-0.6300571779336359,-0.6300571779336359,0E-17,SENTINEL_DEALER,R03b_20260811_FULL_v1,L1_ELIGIBILITY,v2026-08-11,2026-03-21..2026-08-06,baccarat_bet02_101_all_pairs_incl_sentinel,round_win = game_pnl > 0 (decisive only),COMPATIBILITY_ONLY_NOT_PRODUCTION,38226.7023,34760.5459,481.1811,2907,2903,-0.01258756,-0.02479038,-0.01019244,-0.01258756,-481.1811,38226.7023,OK,0.0000,19.2472,4.0000,96.0000,AG03-UNRESOLVED,ALL5_LEVELS_bet23_to_bet27,19.2472,19.2472,19.2472,28.8709,28.8709,4.000000,4.000000,4.000000,6.000000,6.000000,96.000000,96.000000,96.000000,94.000000,94.000000,5.0,115.4835,105.0165,365.6976,376.1646,PENDING_AG03,FALSE,NOT_FOR_ENFORCEMENT,461.9338,33370.1240,481.1811,461.9338,19.2472,0.01258756,0.01208406,19.2472,461.9338,0.01208406,19.2472,19.2472,19.2472,28.8709,28.8709,461.9338,0.01208406,115.4835,105.0165,365.6976,376.1646,0.00956655,0.00984036,0.00050350,13.1499,11.9740,0.1658,6.2491,1.8090,496.4507,37.7013,10.4533,13.8512,10.2195,10.5412,18.3951,22.009,22.009,31.6236,10.5412,0.0,2.087904,3.0,1.247477,27,146,58,3,0.16407309,0.01258756,0.02479038,0E-8,0.000000,0.909326,0.001376,-0.01459794,2026-03-22,2026-08-05,77,266,243,137,0.562044,0.754684,0.794934,0.546910,,,,,,,,GLOBAL_BASELINE_NO_ENTITY_RANKING,,,NOT_APPLICABLE_GLOBAL_BASELINE,HF9g-P5,,,,X 全窗基线 · 不参与实体赏罚,8390793,840,A168_HF9F_20260827_0900,2026-08-27 09:00:00
2026-07-24,94151214,1115,0,40.8780607448,-40.8780607448,-40.8780607448,0E-7,4,4,0.49324550000000000,0.493245500000,-1.973162052426085,-1.973162052426085,-1.973162052426085,0E-17,ELIGIBLE,R03b_20260811_FULL_v1,L1_ELIGIBILITY,v2026-08-11,2026-03-21..2026-08-06,baccarat_bet02_101_all_pairs_incl_sentinel,round_win = game_pnl > 0 (decisive only),COMPATIBILITY_ONLY_NOT_PRODUCTION,38226.7023,34760.5459,481.1811,2907,2903,-0.01258756,-0.02479038,-0.01019244,-0.01258756,-481.1811,38226.7023,OK,0.0000,19.2472,4.0000,96.0000,AG03-UNRESOLVED,ALL5_LEVELS_bet23_to_bet27,19.2472,19.2472,19.2472,28.8709,28.8709,4.000000,4.000000,4.000000,6.000000,6.000000,96.000000,96.000000,96.000000,94.000000,94.000000,5.0,115.4835,105.0165,365.6976,376.1646,PENDING_AG03,FALSE,NOT_FOR_ENFORCEMENT,461.9338,33370.1240,481.1811,461.9338,19.2472,0.01258756,0.01208406,19.2472,461.9338,0.01208406,19.2472,19.2472,19.2472,28.8709,28.8709,461.9338,0.01208406,115.4835,105.0165,365.6976,376.1646,0.00956655,0.00984036,0.00050350,13.1499,11.9740,0.1658,6.2491,1.8090,496.4507,37.7013,10.4533,13.8512,10.2195,10.5412,18.3951,22.009,22.009,31.6236,10.5412,0.0,2.087904,3.0,1.247477,27,146,58,3,0.16407309,0.01258756,0.02479038,0E-8,0.000000,0.909326,0.001376,-0.01459794,2026-03-22,2026-08-05,77,266,243,137,0.562044,0.754684,0.794934,0.546910,,,,,,,,GLOBAL_BASELINE_NO_ENTITY_RANKING,,,NOT_APPLICABLE_GLOBAL_BASELINE,HF9g-P5,,,,X 全窗基线 · 不参与实体赏罚,8390794,840,A168_HF9F_20260827_0900,2026-08-27 09:00:00
2026-07-24,94151214,1994,0,16.3512242978,-2.1460981891,-2.1460981891,0.5000000,6,6,0.49994810000000000,0.499948100000,0.00020760000111838688,0.00020760000111838688,0.00020760000111838688,0E-17,ELIGIBLE,R03b_20260811_FULL_v1,L1_ELIGIBILITY,v2026-08-11,2026-03-21..2026-08-06,baccarat_bet02_101_all_pairs_incl_sentinel,round_win = game_pnl > 0 (decisive only),COMPATIBILITY_ONLY_NOT_PRODUCTION,38226.7023,34760.5459,481.1811,2907,2903,-0.01258756,-0.02479038,-0.01019244,-0.01258756,-481.1811,38226.7023,OK,0.0000,19.2472,4.0000,96.0000,AG03-UNRESOLVED,ALL5_LEVELS_bet23_to_bet27,19.2472,19.2472,19.2472,28.8709,28.8709,4.000000,4.000000,4.000000,6.000000,6.000000,96.000000,96.000000,96.000000,94.000000,94.000000,5.0,115.4835,105.0165,365.6976,376.1646,PENDING_AG03,FALSE,NOT_FOR_ENFORCEMENT,461.9338,33370.1240,481.1811,461.9338,19.2472,0.01258756,0.01208406,19.2472,461.9338,0.01208406,19.2472,19.2472,19.2472,28.8709,28.8709,461.9338,0.01208406,115.4835,105.0165,365.6976,376.1646,0.00956655,0.00984036,0.00050350,13.1499,11.9740,0.1658,6.2491,1.8090,496.4507,37.7013,10.4533,13.8512,10.2195,10.5412,18.3951,22.009,22.009,31.6236,10.5412,0.0,2.087904,3.0,1.247477,27,146,58,3,0.16407309,0.01258756,0.02479038,0E-8,0.000000,0.909326,0.001376,-0.01459794,2026-03-22,2026-08-05,77,266,243,137,0.562044,0.754684,0.794934,0.546910,,,,,,,,GLOBAL_BASELINE_NO_ENTITY_RANKING,,,NOT_APPLICABLE_GLOBAL_BASELINE,HF9g-P5,,,,X 全窗基线 · 不参与实体赏罚,8390795,840,A168_HF9F_20260827_0900,2026-08-27 09:00:00
2026-07-24,94151214,2073,0,170.6659036094,21.9106405592,21.9106405592,0.5625000,16,16,0.49994810000000000,0.499948100000,0.5004152026958467,0.5004152026958467,0.5004152026958467,0E-17,ELIGIBLE,R03b_20260811_FULL_v1,L1_ELIGIBILITY,v2026-08-11,2026-03-21..2026-08-06,baccarat_bet02_101_all_pairs_incl_sentinel,round_win = game_pnl > 0 (decisive only),COMPATIBILITY_ONLY_NOT_PRODUCTION,38226.7023,34760.5459,481.1811,2907,2903,-0.01258756,-0.02479038,-0.01019244,-0.01258756,-481.1811,38226.7023,OK,0.0000,19.2472,4.0000,96.0000,AG03-UNRESOLVED,ALL5_LEVELS_bet23_to_bet27,19.2472,19.2472,19.2472,28.8709,28.8709,4.000000,4.000000,4.000000,6.000000,6.000000,96.000000,96.000000,96.000000,94.000000,94.000000,5.0,115.4835,105.0165,365.6976,376.1646,PENDING_AG03,FALSE,NOT_FOR_ENFORCEMENT,461.9338,33370.1240,481.1811,461.9338,19.2472,0.01258756,0.01208406,19.2472,461.9338,0.01208406,19.2472,19.2472,19.2472,28.8709,28.8709,461.9338,0.01208406,115.4835,105.0165,365.6976,376.1646,0.00956655,0.00984036,0.00050350,13.1499,11.9740,0.1658,6.2491,1.8090,496.4507,37.7013,10.4533,13.8512,10.2195,10.5412,18.3951,22.009,22.009,31.6236,10.5412,0.0,2.087904,3.0,1.247477,27,146,58,3,0.16407309,0.01258756,0.02479038,0E-8,0.000000,0.909326,0.001376,-0.01459794,2026-03-22,2026-08-05,77,266,243,137,0.562044,0.754684,0.794934,0.546910,,,,,,,,GLOBAL_BASELINE_NO_ENTITY_RANKING,,,NOT_APPLICABLE_GLOBAL_BASELINE,HF9g-P5,,,,X 全窗基线 · 不参与实体赏罚,8390796,840,A168_HF9F_20260827_0900,2026-08-27 09:00:00
2026-07-24,94151214,2103,0,79.7122184524,0.5109757593,0.5109757593,0.5714286,7,7,0.50090561428571429,0.500905614286,0.3731730247484194,0.373173024746908,0.3731730247484194,-2.8571E-13,ELIGIBLE,R03b_20260811_FULL_v1,L1_ELIGIBILITY,v2026-08-11,2026-03-21..2026-08-06,baccarat_bet02_101_all_pairs_incl_sentinel,round_win = game_pnl > 0 (decisive only),COMPATIBILITY_ONLY_NOT_PRODUCTION,38226.7023,34760.5459,481.1811,2907,2903,-0.01258756,-0.02479038,-0.01019244,-0.01258756,-481.1811,38226.7023,OK,0.0000,19.2472,4.0000,96.0000,AG03-UNRESOLVED,ALL5_LEVELS_bet23_to_bet27,19.2472,19.2472,19.2472,28.8709,28.8709,4.000000,4.000000,4.000000,6.000000,6.000000,96.000000,96.000000,96.000000,94.000000,94.000000,5.0,115.4835,105.0165,365.6976,376.1646,PENDING_AG03,FALSE,NOT_FOR_ENFORCEMENT,461.9338,33370.1240,481.1811,461.9338,19.2472,0.01258756,0.01208406,19.2472,461.9338,0.01208406,19.2472,19.2472,19.2472,28.8709,28.8709,461.9338,0.01208406,115.4835,105.0165,365.6976,376.1646,0.00956655,0.00984036,0.00050350,13.1499,11.9740,0.1658,6.2491,1.8090,496.4507,37.7013,10.4533,13.8512,10.2195,10.5412,18.3951,22.009,22.009,31.6236,10.5412,0.0,2.087904,3.0,1.247477,27,146,58,3,0.16407309,0.01258756,0.02479038,0E-8,0.000000,0.909326,0.001376,-0.01459794,2026-03-22,2026-08-05,77,266,243,137,0.562044,0.754684,0.794934,0.546910,,,,,,,,GLOBAL_BASELINE_NO_ENTITY_RANKING,,,NOT_APPLICABLE_GLOBAL_BASELINE,HF9g-P5,,,,X 全窗基线 · 不参与实体赏罚,8390797,840,A168_HF9F_20260827_0900,2026-08-27 09:00:00
2026-07-24,94151214,2141,0,20.4390303724,-1E-10,-1E-10,0.6000000,6,6,0.49994810000000000,0.499948100000,0.44744570176651083,0.44744570176651083,0.44744570176651083,0E-17,ELIGIBLE,R03b_20260811_FULL_v1,L1_ELIGIBILITY,v2026-08-11,2026-03-21..2026-08-06,baccarat_bet02_101_all_pairs_incl_sentinel,round_win = game_pnl > 0 (decisive only),COMPATIBILITY_ONLY_NOT_PRODUCTION,38226.7023,34760.5459,481.1811,2907,2903,-0.01258756,-0.02479038,-0.01019244,-0.01258756,-481.1811,38226.7023,OK,0.0000,19.2472,4.0000,96.0000,AG03-UNRESOLVED,ALL5_LEVELS_bet23_to_bet27,19.2472,19.2472,19.2472,28.8709,28.8709,4.000000,4.000000,4.000000,6.000000,6.000000,96.000000,96.000000,96.000000,94.000000,94.000000,5.0,115.4835,105.0165,365.6976,376.1646,PENDING_AG03,FALSE,NOT_FOR_ENFORCEMENT,461.9338,33370.1240,481.1811,461.9338,19.2472,0.01258756,0.01208406,19.2472,461.9338,0.01208406,19.2472,19.2472,19.2472,28.8709,28.8709,461.9338,0.01208406,115.4835,105.0165,365.6976,376.1646,0.00956655,0.00984036,0.00050350,13.1499,11.9740,0.1658,6.2491,1.8090,496.4507,37.7013,10.4533,13.8512,10.2195,10.5412,18.3951,22.009,22.009,31.6236,10.5412,0.0,2.087904,3.0,1.247477,27,146,58,3,0.16407309,0.01258756,0.02479038,0E-8,0.000000,0.909326,0.001376,-0.01459794,2026-03-22,2026-08-05,77,266,243,137,0.562044,0.754684,0.794934,0.546910,,,,,,,,GLOBAL_BASELINE_NO_ENTITY_RANKING,,,NOT_APPLICABLE_GLOBAL_BASELINE,HF9g-P5,,,,X 全窗基线 · 不参与实体赏罚,8390798,840,A168_HF9F_20260827_0900,2026-08-27 09:00:00
2026-07-24,94151214,2201,0,154.1102890079,-0.3576830314,-0.3576830314,0.6000000,18,18,0.49920336666666667,0.499203366667,0.7807683554978961,0.7807683554953133,0.7807683554978961,-3.3333E-13,ELIGIBLE,R03b_20260811_FULL_v1,L1_ELIGIBILITY,v2026-08-11,2026-03-21..2026-08-06,baccarat_bet02_101_all_pairs_incl_sentinel,round_win = game_pnl > 0 (decisive only),COMPATIBILITY_ONLY_NOT_PRODUCTION,38226.7023,34760.5459,481.1811,2907,2903,-0.01258756,-0.02479038,-0.01019244,-0.01258756,-481.1811,38226.7023,OK,0.0000,19.2472,4.0000,96.0000,AG03-UNRESOLVED,ALL5_LEVELS_bet23_to_bet27,19.2472,19.2472,19.2472,28.8709,28.8709,4.000000,4.000000,4.000000,6.000000,6.000000,96.000000,96.000000,96.000000,94.000000,94.000000,5.0,115.4835,105.0165,365.6976,376.1646,PENDING_AG03,FALSE,NOT_FOR_ENFORCEMENT,461.9338,33370.1240,481.1811,461.9338,19.2472,0.01258756,0.01208406,19.2472,461.9338,0.01208406,19.2472,19.2472,19.2472,28.8709,28.8709,461.9338,0.01208406,115.4835,105.0165,365.6976,376.1646,0.00956655,0.00984036,0.00050350,13.1499,11.9740,0.1658,6.2491,1.8090,496.4507,37.7013,10.4533,13.8512,10.2195,10.5412,18.3951,22.009,22.009,31.6236,10.5412,0.0,2.087904,3.0,1.247477,27,146,58,3,0.16407309,0.01258756,0.02479038,0E-8,0.000000,0.909326,0.001376,-0.01459794,2026-03-22,2026-08-05,77,266,243,137,0.562044,0.754684,0.794934,0.546910,,,,,,,,GLOBAL_BASELINE_NO_ENTITY_RANKING,,,NOT_APPLICABLE_GLOBAL_BASELINE,HF9g-P5,,,,X 全窗基线 · 不参与实体赏罚,8390799,840,A168_HF9F_20260827_0900,2026-08-27 09:00:00
2026-07-25,94151214,1623,0,71.5366063034,13.3875648939,13.3875648939,0.6666667,8,8,0.49827245000000000,0.498272450000,0.8249647370500864,0.8249647370500864,0.8249647370500864,0E-17,ELIGIBLE,R03b_20260811_FULL_v1,L1_ELIGIBILITY,v2026-08-11,2026-03-21..2026-08-06,baccarat_bet02_101_all_pairs_incl_sentinel,round_win = game_pnl > 0 (decisive only),COMPATIBILITY_ONLY_NOT_PRODUCTION,38226.7023,34760.5459,481.1811,2907,2903,-0.01258756,-0.02479038,-0.01019244,-0.01258756,-481.1811,38226.7023,OK,0.0000,19.2472,4.0000,96.0000,AG03-UNRESOLVED,ALL5_LEVELS_bet23_to_bet27,19.2472,19.2472,19.2472,28.8709,28.8709,4.000000,4.000000,4.000000,6.000000,6.000000,96.000000,96.000000,96.000000,94.000000,94.000000,5.0,115.4835,105.0165,365.6976,376.1646,PENDING_AG03,FALSE,NOT_FOR_ENFORCEMENT,461.9338,33370.1240,481.1811,461.9338,19.2472,0.01258756,0.01208406,19.2472,461.9338,0.01208406,19.2472,19.2472,19.2472,28.8709,28.8709,461.9338,0.01208406,115.4835,105.0165,365.6976,376.1646,0.00956655,0.00984036,0.00050350,13.1499,11.9740,0.1658,6.2491,1.8090,496.4507,37.7013,10.4533,13.8512,10.2195,10.5412,18.3951,22.009,22.009,31.6236,10.5412,0.0,2.087904,3.0,1.247477,27,146,58,3,0.16407309,0.01258756,0.02479038,0E-8,0.000000,0.909326,0.001376,-0.01459794,2026-03-22,2026-08-05,77,266,243,137,0.562044,0.754684,0.794934,0.546910,,,,,,,,GLOBAL_BASELINE_NO_ENTITY_RANKING,,,NOT_APPLICABLE_GLOBAL_BASELINE,HF9g-P5,,,,X 全窗基线 · 不参与实体赏罚,8390800,840,A168_HF9F_20260827_0900,2026-08-27 09:00:00
2026-07-25,94151214,1704,0,10.2195151862,10.2195151862,10.2195151862,1.0000000,1,1,0.49324550000000000,0.493245500000,1.01360149184955,1.01360149184955,1.01360149184955,0E-17,ELIGIBLE,R03b_20260811_FULL_v1,L1_ELIGIBILITY,v2026-08-11,2026-03-21..2026-08-06,baccarat_bet02_101_all_pairs_incl_sentinel,round_win = game_pnl > 0 (decisive only),COMPATIBILITY_ONLY_NOT_PRODUCTION,38226.7023,34760.5459,481.1811,2907,2903,-0.01258756,-0.02479038,-0.01019244,-0.01258756,-481.1811,38226.7023,OK,0.0000,19.2472,4.0000,96.0000,AG03-UNRESOLVED,ALL5_LEVELS_bet23_to_bet27,19.2472,19.2472,19.2472,28.8709,28.8709,4.000000,4.000000,4.000000,6.000000,6.000000,96.000000,96.000000,96.000000,94.000000,94.000000,5.0,115.4835,105.0165,365.6976,376.1646,PENDING_AG03,FALSE,NOT_FOR_ENFORCEMENT,461.9338,33370.1240,481.1811,461.9338,19.2472,0.01258756,0.01208406,19.2472,461.9338,0.01208406,19.2472,19.2472,19.2472,28.8709,28.8709,461.9338,0.01208406,115.4835,105.0165,365.6976,376.1646,0.00956655,0.00984036,0.00050350,13.1499,11.9740,0.1658,6.2491,1.8090,496.4507,37.7013,10.4533,13.8512,10.2195,10.5412,18.3951,22.009,22.009,31.6236,10.5412,0.0,2.087904,3.0,1.247477,27,146,58,3,0.16407309,0.01258756,0.02479038,0E-8,0.000000,0.909326,0.001376,-0.01459794,2026-03-22,2026-08-05,77,266,243,137,0.562044,0.754684,0.794934,0.546910,,,,,,,,GLOBAL_BASELINE_NO_ENTITY_RANKING,,,NOT_APPLICABLE_GLOBAL_BASELINE,HF9g-P5,,,,X 全窗基线 · 不参与实体赏罚,8390801,840,A168_HF9F_20260827_0900,2026-08-27 09:00:00
2026-07-25,94151214,987,0,32.7024485958,-12.2634182234,-12.2634182234,0.3333333,3,3,0.49771390000000000,0.497713900000,-0.5694369385616226,-0.5694369385616226,-0.5694369385616226,0E-17,ELIGIBLE,R03b_20260811_FULL_v1,L1_ELIGIBILITY,v2026-08-11,2026-03-21..2026-08-06,baccarat_bet02_101_all_pairs_incl_sentinel,round_win = game_pnl > 0 (decisive only),COMPATIBILITY_ONLY_NOT_PRODUCTION,38226.7023,34760.5459,481.1811,2907,2903,-0.01258756,-0.02479038,-0.01019244,-0.01258756,-481.1811,38226.7023,OK,0.0000,19.2472,4.0000,96.0000,AG03-UNRESOLVED,ALL5_LEVELS_bet23_to_bet27,19.2472,19.2472,19.2472,28.8709,28.8709,4.000000,4.000000,4.000000,6.000000,6.000000,96.000000,96.000000,96.000000,94.000000,94.000000,5.0,115.4835,105.0165,365.6976,376.1646,PENDING_AG03,FALSE,NOT_FOR_ENFORCEMENT,461.9338,33370.1240,481.1811,461.9338,19.2472,0.01258756,0.01208406,19.2472,461.9338,0.01208406,19.2472,19.2472,19.2472,28.8709,28.8709,461.9338,0.01208406,115.4835,105.0165,365.6976,376.1646,0.00956655,0.00984036,0.00050350,13.1499,11.9740,0.1658,6.2491,1.8090,496.4507,37.7013,10.4533,13.8512,10.2195,10.5412,18.3951,22.009,22.009,31.6236,10.5412,0.0,2.087904,3.0,1.247477,27,146,58,3,0.16407309,0.01258756,0.02479038,0E-8,0.000000,0.909326,0.001376,-0.01459794,2026-03-22,2026-08-05,77,266,243,137,0.562044,0.754684,0.794934,0.546910,,,,,,,,GLOBAL_BASELINE_NO_ENTITY_RANKING,,,NOT_APPLICABLE_GLOBAL_BASELINE,HF9g-P5,,,,X 全窗基线 · 不参与实体赏罚,8390802,840,A168_HF9F_20260827_0900,2026-08-27 09:00:00
2026-07-26,94151214,1258,0,40.8780607448,0E-10,0E-10,0.5000000,4,4,0.50329940000000000,0.503299400000,-0.009332315641528947,-0.009332315641528947,-0.009332315641528947,0E-17,ELIGIBLE,R03b_20260811_FULL_v1,L1_ELIGIBILITY,v2026-08-11,2026-03-21..2026-08-06,baccarat_bet02_101_all_pairs_incl_sentinel,round_win = game_pnl > 0 (decisive only),COMPATIBILITY_ONLY_NOT_PRODUCTION,38226.7023,34760.5459,481.1811,2907,2903,-0.01258756,-0.02479038,-0.01019244,-0.01258756,-481.1811,38226.7023,OK,0.0000,19.2472,4.0000,96.0000,AG03-UNRESOLVED,ALL5_LEVELS_bet23_to_bet27,19.2472,19.2472,19.2472,28.8709,28.8709,4.000000,4.000000,4.000000,6.000000,6.000000,96.000000,96.000000,96.000000,94.000000,94.000000,5.0,115.4835,105.0165,365.6976,376.1646,PENDING_AG03,FALSE,NOT_FOR_ENFORCEMENT,461.9338,33370.1240,481.1811,461.9338,19.2472,0.01258756,0.01208406,19.2472,461.9338,0.01208406,19.2472,19.2472,19.2472,28.8709,28.8709,461.9338,0.01208406,115.4835,105.0165,365.6976,376.1646,0.00956655,0.00984036,0.00050350,13.1499,11.9740,0.1658,6.2491,1.8090,496.4507,37.7013,10.4533,13.8512,10.2195,10.5412,18.3951,22.009,22.009,31.6236,10.5412,0.0,2.087904,3.0,1.247477,27,146,58,3,0.16407309,0.01258756,0.02479038,0E-8,0.000000,0.909326,0.001376,-0.01459794,2026-03-22,2026-08-05,77,266,243,137,0.562044,0.754684,0.794934,0.546910,,,,,,,,GLOBAL_BASELINE_NO_ENTITY_RANKING,,,NOT_APPLICABLE_GLOBAL_BASELINE,HF9g-P5,,,,X 全窗基线 · 不参与实体赏罚,8390803,840,A168_HF9F_20260827_0900,2026-08-27 09:00:00
2026-07-26,94151214,1399,0,152.0663859706,-20.5412255242,-20.5412255242,0.5000000,12,12,0.49994810000000000,0.499948100000,0.0003282444228938027,0.0003282444228938027,0.0003282444228938027,0E-17,ELIGIBLE,R03b_20260811_FULL_v1,L1_ELIGIBILITY,v2026-08-11,2026-03-21..2026-08-06,baccarat_bet02_101_all_pairs_incl_sentinel,round_win = game_pnl > 0 (decisive only),COMPATIBILITY_ONLY_NOT_PRODUCTION,38226.7023,34760.5459,481.1811,2907,2903,-0.01258756,-0.02479038,-0.01019244,-0.01258756,-481.1811,38226.7023,OK,0.0000,19.2472,4.0000,96.0000,AG03-UNRESOLVED,ALL5_LEVELS_bet23_to_bet27,19.2472,19.2472,19.2472,28.8709,28.8709,4.000000,4.000000,4.000000,6.000000,6.000000,96.000000,96.000000,96.000000,94.000000,94.000000,5.0,115.4835,105.0165,365.6976,376.1646,PENDING_AG03,FALSE,NOT_FOR_ENFORCEMENT,461.9338,33370.1240,481.1811,461.9338,19.2472,0.01258756,0.01208406,19.2472,461.9338,0.01208406,19.2472,19.2472,19.2472,28.8709,28.8709,461.9338,0.01208406,115.4835,105.0165,365.6976,376.1646,0.00956655,0.00984036,0.00050350,13.1499,11.9740,0.1658,6.2491,1.8090,496.4507,37.7013,10.4533,13.8512,10.2195,10.5412,18.3951,22.009,22.009,31.6236,10.5412,0.0,2.087904,3.0,1.247477,27,146,58,3,0.16407309,0.01258756,0.02479038,0E-8,0.000000,0.909326,0.001376,-0.01459794,2026-03-22,2026-08-05,77,266,243,137,0.562044,0.754684,0.794934,0.546910,,,,,,,,GLOBAL_BASELINE_NO_ENTITY_RANKING,,,NOT_APPLICABLE_GLOBAL_BASELINE,HF9g-P5,,,,X 全窗基线 · 不参与实体赏罚,8390804,840,A168_HF9F_20260827_0900,2026-08-27 09:00:00
2026-07-26,94151214,1704,0,102.1951518620,-11.2414667048,-11.2414667048,0.5000000,9,9,0.50218230000000000,0.502182300000,-0.01234507061437774,-0.01234507061437774,-0.01234507061437774,0E-17,ELIGIBLE,R03b_20260811_FULL_v1,L1_ELIGIBILITY,v2026-08-11,2026-03-21..2026-08-06,baccarat_bet02_101_all_pairs_incl_sentinel,round_win = game_pnl > 0 (decisive only),COMPATIBILITY_ONLY_NOT_PRODUCTION,38226.7023,34760.5459,481.1811,2907,2903,-0.01258756,-0.02479038,-0.01019244,-0.01258756,-481.1811,38226.7023,OK,0.0000,19.2472,4.0000,96.0000,AG03-UNRESOLVED,ALL5_LEVELS_bet23_to_bet27,19.2472,19.2472,19.2472,28.8709,28.8709,4.000000,4.000000,4.000000,6.000000,6.000000,96.000000,96.000000,96.000000,94.000000,94.000000,5.0,115.4835,105.0165,365.6976,376.1646,PENDING_AG03,FALSE,NOT_FOR_ENFORCEMENT,461.9338,33370.1240,481.1811,461.9338,19.2472,0.01258756,0.01208406,19.2472,461.9338,0.01208406,19.2472,19.2472,19.2472,28.8709,28.8709,461.9338,0.01208406,115.4835,105.0165,365.6976,376.1646,0.00956655,0.00984036,0.00050350,13.1499,11.9740,0.1658,6.2491,1.8090,496.4507,37.7013,10.4533,13.8512,10.2195,10.5412,18.3951,22.009,22.009,31.6236,10.5412,0.0,2.087904,3.0,1.247477,27,146,58,3,0.16407309,0.01258756,0.02479038,0E-8,0.000000,0.909326,0.001376,-0.01459794,2026-03-22,2026-08-05,77,266,243,137,0.562044,0.754684,0.794934,0.546910,,,,,,,,GLOBAL_BASELINE_NO_ENTITY_RANKING,,,NOT_APPLICABLE_GLOBAL_BASELINE,HF9g-P5,,,,X 全窗基线 · 不参与实体赏罚,8390805,840,A168_HF9F_20260827_0900,2026-08-27 09:00:00
2026-07-27,94151214,2103,0,79.7122184523,-4.7009769857,-4.7009769857,0.5000000,9,9,0.50069283333333333,0.500692833333,-0.003394179545452848,-0.0033941795438198656,-0.003394179545452848,3.3333E-13,ELIGIBLE,R03b_20260811_FULL_v1,L1_ELIGIBILITY,v2026-08-11,2026-03-21..2026-08-06,baccarat_bet02_101_all_pairs_incl_sentinel,round_win = game_pnl > 0 (decisive only),COMPATIBILITY_ONLY_NOT_PRODUCTION,38226.7023,34760.5459,481.1811,2907,2903,-0.01258756,-0.02479038,-0.01019244,-0.01258756,-481.1811,38226.7023,OK,0.0000,19.2472,4.0000,96.0000,AG03-UNRESOLVED,ALL5_LEVELS_bet23_to_bet27,19.2472,19.2472,19.2472,28.8709,28.8709,4.000000,4.000000,4.000000,6.000000,6.000000,96.000000,96.000000,96.000000,94.000000,94.000000,5.0,115.4835,105.0165,365.6976,376.1646,PENDING_AG03,FALSE,NOT_FOR_ENFORCEMENT,461.9338,33370.1240,481.1811,461.9338,19.2472,0.01258756,0.01208406,19.2472,461.9338,0.01208406,19.2472,19.2472,19.2472,28.8709,28.8709,461.9338,0.01208406,115.4835,105.0165,365.6976,376.1646,0.00956655,0.00984036,0.00050350,13.1499,11.9740,0.1658,6.2491,1.8090,496.4507,37.7013,10.4533,13.8512,10.2195,10.5412,18.3951,22.009,22.009,31.6236,10.5412,0.0,2.087904,3.0,1.247477,27,146,58,3,0.16407309,0.01258756,0.02479038,0E-8,0.000000,0.909326,0.001376,-0.01459794,2026-03-22,2026-08-05,77,266,243,137,0.562044,0.754684,0.794934,0.546910,,,,,,,,GLOBAL_BASELINE_NO_ENTITY_RANKING,,,NOT_APPLICABLE_GLOBAL_BASELINE,HF9g-P5,,,,X 全窗基线 · 不参与实体赏罚,8390806,840,A168_HF9F_20260827_0900,2026-08-27 09:00:00
2026-07-27,94151214,2196,0,67.6531905326,-17.3731758165,-17.3731758165,0.4285714,10,8,0.47046149062542839,0.449279937500,-0.22204919818525315,-0.11014730807967124,-0.22204919818525315,0.02118155312542839,ELIGIBLE,R03b_20260811_FULL_v1,L1_ELIGIBILITY,v2026-08-11,2026-03-21..2026-08-06,baccarat_bet02_101_all_pairs_incl_sentinel,round_win = game_pnl > 0 (decisive only),COMPATIBILITY_ONLY_NOT_PRODUCTION,38226.7023,34760.5459,481.1811,2907,2903,-0.01258756,-0.02479038,-0.01019244,-0.01258756,-481.1811,38226.7023,OK,0.0000,19.2472,4.0000,96.0000,AG03-UNRESOLVED,ALL5_LEVELS_bet23_to_bet27,19.2472,19.2472,19.2472,28.8709,28.8709,4.000000,4.000000,4.000000,6.000000,6.000000,96.000000,96.000000,96.000000,94.000000,94.000000,5.0,115.4835,105.0165,365.6976,376.1646,PENDING_AG03,FALSE,NOT_FOR_ENFORCEMENT,461.9338,33370.1240,481.1811,461.9338,19.2472,0.01258756,0.01208406,19.2472,461.9338,0.01208406,19.2472,19.2472,19.2472,28.8709,28.8709,461.9338,0.01208406,115.4835,105.0165,365.6976,376.1646,0.00956655,0.00984036,0.00050350,13.1499,11.9740,0.1658,6.2491,1.8090,496.4507,37.7013,10.4533,13.8512,10.2195,10.5412,18.3951,22.009,22.009,31.6236,10.5412,0.0,2.087904,3.0,1.247477,27,146,58,3,0.16407309,0.01258756,0.02479038,0E-8,0.000000,0.909326,0.001376,-0.01459794,2026-03-22,2026-08-05,77,266,243,137,0.562044,0.754684,0.794934,0.546910,,,,,,,,GLOBAL_BASELINE_NO_ENTITY_RANKING,,,NOT_APPLICABLE_GLOBAL_BASELINE,HF9g-P5,,,,X 全窗基线 · 不参与实体赏罚,8390807,840,A168_HF9F_20260827_0900,2026-08-27 09:00:00
2026-07-28,94151214,1304,0,102.1951518620,19.9280546131,19.9280546131,0.6250000,8,8,0.49492115000000000,0.494921150000,0.7358750597491888,0.7358750597491888,0.7358750597491888,0E-17,ELIGIBLE,R03b_20260811_FULL_v1,L1_ELIGIBILITY,v2026-08-11,2026-03-21..2026-08-06,baccarat_bet02_101_all_pairs_incl_sentinel,round_win = game_pnl > 0 (decisive only),COMPATIBILITY_ONLY_NOT_PRODUCTION,38226.7023,34760.5459,481.1811,2907,2903,-0.01258756,-0.02479038,-0.01019244,-0.01258756,-481.1811,38226.7023,OK,0.0000,19.2472,4.0000,96.0000,AG03-UNRESOLVED,ALL5_LEVELS_bet23_to_bet27,19.2472,19.2472,19.2472,28.8709,28.8709,4.000000,4.000000,4.000000,6.000000,6.000000,96.000000,96.000000,96.000000,94.000000,94.000000,5.0,115.4835,105.0165,365.6976,376.1646,PENDING_AG03,FALSE,NOT_FOR_ENFORCEMENT,461.9338,33370.1240,481.1811,461.9338,19.2472,0.01258756,0.01208406,19.2472,461.9338,0.01208406,19.2472,19.2472,19.2472,28.8709,28.8709,461.9338,0.01208406,115.4835,105.0165,365.6976,376.1646,0.00956655,0.00984036,0.00050350,13.1499,11.9740,0.1658,6.2491,1.8090,496.4507,37.7013,10.4533,13.8512,10.2195,10.5412,18.3951,22.009,22.009,31.6236,10.5412,0.0,2.087904,3.0,1.247477,27,146,58,3,0.16407309,0.01258756,0.02479038,0E-8,0.000000,0.909326,0.001376,-0.01459794,2026-03-22,2026-08-05,77,266,243,137,0.562044,0.754684,0.794934,0.546910,,,,,,,,GLOBAL_BASELINE_NO_ENTITY_RANKING,,,NOT_APPLICABLE_GLOBAL_BASELINE,HF9g-P5,,,,X 全窗基线 · 不参与实体赏罚,8390808,840,A168_HF9F_20260827_0900,2026-08-27 09:00:00
2026-07-28,94151214,2152,0,98.1073457875,1.3285369743,1.3285369743,0.5714286,9,9,0.49920336666666667,0.499203366667,0.38218034546389335,0.38218034546212926,0.38218034546389335,-3.3333E-13,ELIGIBLE,R03b_20260811_FULL_v1,L1_ELIGIBILITY,v2026-08-11,2026-03-21..2026-08-06,baccarat_bet02_101_all_pairs_incl_sentinel,round_win = game_pnl > 0 (decisive only),COMPATIBILITY_ONLY_NOT_PRODUCTION,38226.7023,34760.5459,481.1811,2907,2903,-0.01258756,-0.02479038,-0.01019244,-0.01258756,-481.1811,38226.7023,OK,0.0000,19.2472,4.0000,96.0000,AG03-UNRESOLVED,ALL5_LEVELS_bet23_to_bet27,19.2472,19.2472,19.2472,28.8709,28.8709,4.000000,4.000000,4.000000,6.000000,6.000000,96.000000,96.000000,96.000000,94.000000,94.000000,5.0,115.4835,105.0165,365.6976,376.1646,PENDING_AG03,FALSE,NOT_FOR_ENFORCEMENT,461.9338,33370.1240,481.1811,461.9338,19.2472,0.01258756,0.01208406,19.2472,461.9338,0.01208406,19.2472,19.2472,19.2472,28.8709,28.8709,461.9338,0.01208406,115.4835,105.0165,365.6976,376.1646,0.00956655,0.00984036,0.00050350,13.1499,11.9740,0.1658,6.2491,1.8090,496.4507,37.7013,10.4533,13.8512,10.2195,10.5412,18.3951,22.009,22.009,31.6236,10.5412,0.0,2.087904,3.0,1.247477,27,146,58,3,0.16407309,0.01258756,0.02479038,0E-8,0.000000,0.909326,0.001376,-0.01459794,2026-03-22,2026-08-05,77,266,243,137,0.562044,0.754684,0.794934,0.546910,,,,,,,,GLOBAL_BASELINE_NO_ENTITY_RANKING,,,NOT_APPLICABLE_GLOBAL_BASELINE,HF9g-P5,,,,X 全窗基线 · 不参与实体赏罚,8390809,840,A168_HF9F_20260827_0900,2026-08-27 09:00:00
2026-08-01,94151214,-1,1,159.6088572812,-70.7127848714,-70.7127848714,0.2500000,13,13,0.50149485384615385,0.501494853846,-1.7424152459924651,-1.742415245991398,-1.7424152459924651,1.5385E-13,SENTINEL_DEALER,R03b_20260811_FULL_v1,L1_ELIGIBILITY,v2026-08-11,2026-03-21..2026-08-06,baccarat_bet02_101_all_pairs_incl_sentinel,round_win = game_pnl > 0 (decisive only),COMPATIBILITY_ONLY_NOT_PRODUCTION,38226.7023,34760.5459,481.1811,2907,2903,-0.01258756,-0.02479038,-0.01019244,-0.01258756,-481.1811,38226.7023,OK,0.0000,19.2472,4.0000,96.0000,AG03-UNRESOLVED,ALL5_LEVELS_bet23_to_bet27,19.2472,19.2472,19.2472,28.8709,28.8709,4.000000,4.000000,4.000000,6.000000,6.000000,96.000000,96.000000,96.000000,94.000000,94.000000,5.0,115.4835,105.0165,365.6976,376.1646,PENDING_AG03,FALSE,NOT_FOR_ENFORCEMENT,461.9338,33370.1240,481.1811,461.9338,19.2472,0.01258756,0.01208406,19.2472,461.9338,0.01208406,19.2472,19.2472,19.2472,28.8709,28.8709,461.9338,0.01208406,115.4835,105.0165,365.6976,376.1646,0.00956655,0.00984036,0.00050350,13.1499,11.9740,0.1658,6.2491,1.8090,496.4507,37.7013,10.4533,13.8512,10.2195,10.5412,18.3951,22.009,22.009,31.6236,10.5412,0.0,2.087904,3.0,1.247477,27,146,58,3,0.16407309,0.01258756,0.02479038,0E-8,0.000000,0.909326,0.001376,-0.01459794,2026-03-22,2026-08-05,77,266,243,137,0.562044,0.754684,0.794934,0.546910,,,,,,,,GLOBAL_BASELINE_NO_ENTITY_RANKING,,,NOT_APPLICABLE_GLOBAL_BASELINE,HF9g-P5,,,,X 全窗基线 · 不参与实体赏罚,8390810,840,A168_HF9F_20260827_0900,2026-08-27 09:00:00
2026-08-01,94151214,1485,0,7.8794246000,-2.6264748666,-2.6264748666,0.5000000,2,2,0.49324550000000000,0.493245500000,0.01910635448239258,0.01910635448239258,0.01910635448239258,0E-17,ELIGIBLE,R03b_20260811_FULL_v1,L1_ELIGIBILITY,v2026-08-11,2026-03-21..2026-08-06,baccarat_bet02_101_all_pairs_incl_sentinel,round_win = game_pnl > 0 (decisive only),COMPATIBILITY_ONLY_NOT_PRODUCTION,38226.7023,34760.5459,481.1811,2907,2903,-0.01258756,-0.02479038,-0.01019244,-0.01258756,-481.1811,38226.7023,OK,0.0000,19.2472,4.0000,96.0000,AG03-UNRESOLVED,ALL5_LEVELS_bet23_to_bet27,19.2472,19.2472,19.2472,28.8709,28.8709,4.000000,4.000000,4.000000,6.000000,6.000000,96.000000,96.000000,96.000000,94.000000,94.000000,5.0,115.4835,105.0165,365.6976,376.1646,PENDING_AG03,FALSE,NOT_FOR_ENFORCEMENT,461.9338,33370.1240,481.1811,461.9338,19.2472,0.01258756,0.01208406,19.2472,461.9338,0.01208406,19.2472,19.2472,19.2472,28.8709,28.8709,461.9338,0.01208406,115.4835,105.0165,365.6976,376.1646,0.00956655,0.00984036,0.00050350,13.1499,11.9740,0.1658,6.2491,1.8090,496.4507,37.7013,10.4533,13.8512,10.2195,10.5412,18.3951,22.009,22.009,31.6236,10.5412,0.0,2.087904,3.0,1.247477,27,146,58,3,0.16407309,0.01258756,0.02479038,0E-8,0.000000,0.909326,0.001376,-0.01459794,2026-03-22,2026-08-05,77,266,243,137,0.562044,0.754684,0.794934,0.546910,,,,,,,,GLOBAL_BASELINE_NO_ENTITY_RANKING,,,NOT_APPLICABLE_GLOBAL_BASELINE,HF9g-P5,,,,X 全窗基线 · 不参与实体赏罚,8390811,840,A168_HF9F_20260827_0900,2026-08-27 09:00:00
2026-08-02,94151214,2134,0,131.9298529172,-40.5083239048,-40.5083239048,0.4444444,10,10,0.50531018000000000,0.505310180000,-0.3652150105883852,-0.3652150105883852,-0.3652150105883852,0E-17,ELIGIBLE,R03b_20260811_FULL_v1,L1_ELIGIBILITY,v2026-08-11,2026-03-21..2026-08-06,baccarat_bet02_101_all_pairs_incl_sentinel,round_win = game_pnl > 0 (decisive only),COMPATIBILITY_ONLY_NOT_PRODUCTION,38226.7023,34760.5459,481.1811,2907,2903,-0.01258756,-0.02479038,-0.01019244,-0.01258756,-481.1811,38226.7023,OK,0.0000,19.2472,4.0000,96.0000,AG03-UNRESOLVED,ALL5_LEVELS_bet23_to_bet27,19.2472,19.2472,19.2472,28.8709,28.8709,4.000000,4.000000,4.000000,6.000000,6.000000,96.000000,96.000000,96.000000,94.000000,94.000000,5.0,115.4835,105.0165,365.6976,376.1646,PENDING_AG03,FALSE,NOT_FOR_ENFORCEMENT,461.9338,33370.1240,481.1811,461.9338,19.2472,0.01258756,0.01208406,19.2472,461.9338,0.01208406,19.2472,19.2472,19.2472,28.8709,28.8709,461.9338,0.01208406,115.4835,105.0165,365.6976,376.1646,0.00956655,0.00984036,0.00050350,13.1499,11.9740,0.1658,6.2491,1.8090,496.4507,37.7013,10.4533,13.8512,10.2195,10.5412,18.3951,22.009,22.009,31.6236,10.5412,0.0,2.087904,3.0,1.247477,27,146,58,3,0.16407309,0.01258756,0.02479038,0E-8,0.000000,0.909326,0.001376,-0.01459794,2026-03-22,2026-08-05,77,266,243,137,0.562044,0.754684,0.794934,0.546910,,,,,,,,GLOBAL_BASELINE_NO_ENTITY_RANKING,,,NOT_APPLICABLE_GLOBAL_BASELINE,HF9g-P5,,,,X 全窗基线 · 不参与实体赏罚,8390812,840,A168_HF9F_20260827_0900,2026-08-27 09:00:00
2026-08-02,94151214,2233,0,32.3258445126,-20.2036528204,-20.2036528204,0.2000000,5,5,0.49860758000000000,0.498607580000,-1.3354188732730328,-1.3354188732730328,-1.3354188732730328,0E-17,ELIGIBLE,R03b_20260811_FULL_v1,L1_ELIGIBILITY,v2026-08-11,2026-03-21..2026-08-06,baccarat_bet02_101_all_pairs_incl_sentinel,round_win = game_pnl > 0 (decisive only),COMPATIBILITY_ONLY_NOT_PRODUCTION,38226.7023,34760.5459,481.1811,2907,2903,-0.01258756,-0.02479038,-0.01019244,-0.01258756,-481.1811,38226.7023,OK,0.0000,19.2472,4.0000,96.0000,AG03-UNRESOLVED,ALL5_LEVELS_bet23_to_bet27,19.2472,19.2472,19.2472,28.8709,28.8709,4.000000,4.000000,4.000000,6.000000,6.000000,96.000000,96.000000,96.000000,94.000000,94.000000,5.0,115.4835,105.0165,365.6976,376.1646,PENDING_AG03,FALSE,NOT_FOR_ENFORCEMENT,461.9338,33370.1240,481.1811,461.9338,19.2472,0.01258756,0.01208406,19.2472,461.9338,0.01208406,19.2472,19.2472,19.2472,28.8709,28.8709,461.9338,0.01208406,115.4835,105.0165,365.6976,376.1646,0.00956655,0.00984036,0.00050350,13.1499,11.9740,0.1658,6.2491,1.8090,496.4507,37.7013,10.4533,13.8512,10.2195,10.5412,18.3951,22.009,22.009,31.6236,10.5412,0.0,2.087904,3.0,1.247477,27,146,58,3,0.16407309,0.01258756,0.02479038,0E-8,0.000000,0.909326,0.001376,-0.01459794,2026-03-22,2026-08-05,77,266,243,137,0.562044,0.754684,0.794934,0.546910,,,,,,,,GLOBAL_BASELINE_NO_ENTITY_RANKING,,,NOT_APPLICABLE_GLOBAL_BASELINE,HF9g-P5,,,,X 全窗基线 · 不参与实体赏罚,8390813,840,A168_HF9F_20260827_0900,2026-08-27 09:00:00
2026-08-03,94151214,1383,0,164.6597704863,-18.8399062550,-18.8399062550,0.4166667,14,14,0.50090561428571429,0.500905614286,-0.5836255063160977,-0.5836255063180779,-0.5836255063160977,-2.8571E-13,ELIGIBLE,R03b_20260811_FULL_v1,L1_ELIGIBILITY,v2026-08-11,2026-03-21..2026-08-06,baccarat_bet02_101_all_pairs_incl_sentinel,round_win = game_pnl > 0 (decisive only),COMPATIBILITY_ONLY_NOT_PRODUCTION,38226.7023,34760.5459,481.1811,2907,2903,-0.01258756,-0.02479038,-0.01019244,-0.01258756,-481.1811,38226.7023,OK,0.0000,19.2472,4.0000,96.0000,AG03-UNRESOLVED,ALL5_LEVELS_bet23_to_bet27,19.2472,19.2472,19.2472,28.8709,28.8709,4.000000,4.000000,4.000000,6.000000,6.000000,96.000000,96.000000,96.000000,94.000000,94.000000,5.0,115.4835,105.0165,365.6976,376.1646,PENDING_AG03,FALSE,NOT_FOR_ENFORCEMENT,461.9338,33370.1240,481.1811,461.9338,19.2472,0.01258756,0.01208406,19.2472,461.9338,0.01208406,19.2472,19.2472,19.2472,28.8709,28.8709,461.9338,0.01208406,115.4835,105.0165,365.6976,376.1646,0.00956655,0.00984036,0.00050350,13.1499,11.9740,0.1658,6.2491,1.8090,496.4507,37.7013,10.4533,13.8512,10.2195,10.5412,18.3951,22.009,22.009,31.6236,10.5412,0.0,2.087904,3.0,1.247477,27,146,58,3,0.16407309,0.01258756,0.02479038,0E-8,0.000000,0.909326,0.001376,-0.01459794,2026-03-22,2026-08-05,77,266,243,137,0.562044,0.754684,0.794934,0.546910,,,,,,,,GLOBAL_BASELINE_NO_ENTITY_RANKING,,,NOT_APPLICABLE_GLOBAL_BASELINE,HF9g-P5,,,,X 全窗基线 · 不参与实体赏罚,8390814,840,A168_HF9F_20260827_0900,2026-08-27 09:00:00
2026-08-03,94151214,987,0,111.5241635686,-21.6179085178,-21.6179085178,0.4285714,8,8,0.50162375000000000,0.501623750000,-0.38655858877025023,-0.38655858877025023,-0.38655858877025023,0E-17,ELIGIBLE,R03b_20260811_FULL_v1,L1_ELIGIBILITY,v2026-08-11,2026-03-21..2026-08-06,baccarat_bet02_101_all_pairs_incl_sentinel,round_win = game_pnl > 0 (decisive only),COMPATIBILITY_ONLY_NOT_PRODUCTION,38226.7023,34760.5459,481.1811,2907,2903,-0.01258756,-0.02479038,-0.01019244,-0.01258756,-481.1811,38226.7023,OK,0.0000,19.2472,4.0000,96.0000,AG03-UNRESOLVED,ALL5_LEVELS_bet23_to_bet27,19.2472,19.2472,19.2472,28.8709,28.8709,4.000000,4.000000,4.000000,6.000000,6.000000,96.000000,96.000000,96.000000,94.000000,94.000000,5.0,115.4835,105.0165,365.6976,376.1646,PENDING_AG03,FALSE,NOT_FOR_ENFORCEMENT,461.9338,33370.1240,481.1811,461.9338,19.2472,0.01258756,0.01208406,19.2472,461.9338,0.01208406,19.2472,19.2472,19.2472,28.8709,28.8709,461.9338,0.01208406,115.4835,105.0165,365.6976,376.1646,0.00956655,0.00984036,0.00050350,13.1499,11.9740,0.1658,6.2491,1.8090,496.4507,37.7013,10.4533,13.8512,10.2195,10.5412,18.3951,22.009,22.009,31.6236,10.5412,0.0,2.087904,3.0,1.247477,27,146,58,3,0.16407309,0.01258756,0.02479038,0E-8,0.000000,0.909326,0.001376,-0.01459794,2026-03-22,2026-08-05,77,266,243,137,0.562044,0.754684,0.794934,0.546910,,,,,,,,GLOBAL_BASELINE_NO_ENTITY_RANKING,,,NOT_APPLICABLE_GLOBAL_BASELINE,HF9g-P5,,,,X 全窗基线 · 不参与实体赏罚,8390815,840,A168_HF9F_20260827_0900,2026-08-27 09:00:00
2026-08-04,94151214,-1,1,10.1018264102,-10.1018264102,-10.1018264102,0E-7,1,1,0.50665070000000000,0.506650700000,-1.013391052207602,-1.013391052207602,-1.013391052207602,0E-17,SENTINEL_DEALER,R03b_20260811_FULL_v1,L1_ELIGIBILITY,v2026-08-11,2026-03-21..2026-08-06,baccarat_bet02_101_all_pairs_incl_sentinel,round_win = game_pnl > 0 (decisive only),COMPATIBILITY_ONLY_NOT_PRODUCTION,38226.7023,34760.5459,481.1811,2907,2903,-0.01258756,-0.02479038,-0.01019244,-0.01258756,-481.1811,38226.7023,OK,0.0000,19.2472,4.0000,96.0000,AG03-UNRESOLVED,ALL5_LEVELS_bet23_to_bet27,19.2472,19.2472,19.2472,28.8709,28.8709,4.000000,4.000000,4.000000,6.000000,6.000000,96.000000,96.000000,96.000000,94.000000,94.000000,5.0,115.4835,105.0165,365.6976,376.1646,PENDING_AG03,FALSE,NOT_FOR_ENFORCEMENT,461.9338,33370.1240,481.1811,461.9338,19.2472,0.01258756,0.01208406,19.2472,461.9338,0.01208406,19.2472,19.2472,19.2472,28.8709,28.8709,461.9338,0.01208406,115.4835,105.0165,365.6976,376.1646,0.00956655,0.00984036,0.00050350,13.1499,11.9740,0.1658,6.2491,1.8090,496.4507,37.7013,10.4533,13.8512,10.2195,10.5412,18.3951,22.009,22.009,31.6236,10.5412,0.0,2.087904,3.0,1.247477,27,146,58,3,0.16407309,0.01258756,0.02479038,0E-8,0.000000,0.909326,0.001376,-0.01459794,2026-03-22,2026-08-05,77,266,243,137,0.562044,0.754684,0.794934,0.546910,,,,,,,,GLOBAL_BASELINE_NO_ENTITY_RANKING,,,NOT_APPLICABLE_GLOBAL_BASELINE,HF9g-P5,,,,X 全窗基线 · 不参与实体赏罚,8390816,840,A168_HF9F_20260827_0900,2026-08-27 09:00:00
2026-08-05,94151214,1399,0,50.5091320510,-10.6069177307,-10.6069177307,0.4000000,5,5,0.49860758000000000,0.498607580000,-0.440988213962219,-0.440988213962219,-0.440988213962219,0E-17,ELIGIBLE,R03b_20260811_FULL_v1,L1_ELIGIBILITY,v2026-08-11,2026-03-21..2026-08-06,baccarat_bet02_101_all_pairs_incl_sentinel,round_win = game_pnl > 0 (decisive only),COMPATIBILITY_ONLY_NOT_PRODUCTION,38226.7023,34760.5459,481.1811,2907,2903,-0.01258756,-0.02479038,-0.01019244,-0.01258756,-481.1811,38226.7023,OK,0.0000,19.2472,4.0000,96.0000,AG03-UNRESOLVED,ALL5_LEVELS_bet23_to_bet27,19.2472,19.2472,19.2472,28.8709,28.8709,4.000000,4.000000,4.000000,6.000000,6.000000,96.000000,96.000000,96.000000,94.000000,94.000000,5.0,115.4835,105.0165,365.6976,376.1646,PENDING_AG03,FALSE,NOT_FOR_ENFORCEMENT,461.9338,33370.1240,481.1811,461.9338,19.2472,0.01258756,0.01208406,19.2472,461.9338,0.01208406,19.2472,19.2472,19.2472,28.8709,28.8709,461.9338,0.01208406,115.4835,105.0165,365.6976,376.1646,0.00956655,0.00984036,0.00050350,13.1499,11.9740,0.1658,6.2491,1.8090,496.4507,37.7013,10.4533,13.8512,10.2195,10.5412,18.3951,22.009,22.009,31.6236,10.5412,0.0,2.087904,3.0,1.247477,27,146,58,3,0.16407309,0.01258756,0.02479038,0E-8,0.000000,0.909326,0.001376,-0.01459794,2026-03-22,2026-08-05,77,266,243,137,0.562044,0.754684,0.794934,0.546910,,,,,,,,GLOBAL_BASELINE_NO_ENTITY_RANKING,,,NOT_APPLICABLE_GLOBAL_BASELINE,HF9g-P5,,,,X 全窗基线 · 不参与实体赏罚,8390817,840,A168_HF9F_20260827_0900,2026-08-27 09:00:00
2026-08-05,94151214,1963,0,285.4776143525,59.0653790205,59.0653790205,0.6666667,22,22,0.50116675454545455,0.501166754545,1.4043171452047196,1.4043171452085739,1.4043171452047196,4.5455E-13,ELIGIBLE,R03b_20260811_FULL_v1,L1_ELIGIBILITY,v2026-08-11,2026-03-21..2026-08-06,baccarat_bet02_101_all_pairs_incl_sentinel,round_win = game_pnl > 0 (decisive only),COMPATIBILITY_ONLY_NOT_PRODUCTION,38226.7023,34760.5459,481.1811,2907,2903,-0.01258756,-0.02479038,-0.01019244,-0.01258756,-481.1811,38226.7023,OK,0.0000,19.2472,4.0000,96.0000,AG03-UNRESOLVED,ALL5_LEVELS_bet23_to_bet27,19.2472,19.2472,19.2472,28.8709,28.8709,4.000000,4.000000,4.000000,6.000000,6.000000,96.000000,96.000000,96.000000,94.000000,94.000000,5.0,115.4835,105.0165,365.6976,376.1646,PENDING_AG03,FALSE,NOT_FOR_ENFORCEMENT,461.9338,33370.1240,481.1811,461.9338,19.2472,0.01258756,0.01208406,19.2472,461.9338,0.01208406,19.2472,19.2472,19.2472,28.8709,28.8709,461.9338,0.01208406,115.4835,105.0165,365.6976,376.1646,0.00956655,0.00984036,0.00050350,13.1499,11.9740,0.1658,6.2491,1.8090,496.4507,37.7013,10.4533,13.8512,10.2195,10.5412,18.3951,22.009,22.009,31.6236,10.5412,0.0,2.087904,3.0,1.247477,27,146,58,3,0.16407309,0.01258756,0.02479038,0E-8,0.000000,0.909326,0.001376,-0.01459794,2026-03-22,2026-08-05,77,266,243,137,0.562044,0.754684,0.794934,0.546910,,,,,,,,GLOBAL_BASELINE_NO_ENTITY_RANKING,,,NOT_APPLICABLE_GLOBAL_BASELINE,HF9g-P5,,,,X 全窗基线 · 不参与实体赏罚,8390818,840,A168_HF9F_20260827_0900,2026-08-27 09:00:00
2026-08-05,94151214,2154,0,36.3665750768,-12.1221916922,-12.1221916922,0.3333333,6,6,0.49994810000000000,0.499948100000,-0.5771704854251445,-0.5771704854251445,-0.5771704854251445,0E-17,ELIGIBLE,R03b_20260811_FULL_v1,L1_ELIGIBILITY,v2026-08-11,2026-03-21..2026-08-06,baccarat_bet02_101_all_pairs_incl_sentinel,round_win = game_pnl > 0 (decisive only),COMPATIBILITY_ONLY_NOT_PRODUCTION,38226.7023,34760.5459,481.1811,2907,2903,-0.01258756,-0.02479038,-0.01019244,-0.01258756,-481.1811,38226.7023,OK,0.0000,19.2472,4.0000,96.0000,AG03-UNRESOLVED,ALL5_LEVELS_bet23_to_bet27,19.2472,19.2472,19.2472,28.8709,28.8709,4.000000,4.000000,4.000000,6.000000,6.000000,96.000000,96.000000,96.000000,94.000000,94.000000,5.0,115.4835,105.0165,365.6976,376.1646,PENDING_AG03,FALSE,NOT_FOR_ENFORCEMENT,461.9338,33370.1240,481.1811,461.9338,19.2472,0.01258756,0.01208406,19.2472,461.9338,0.01208406,19.2472,19.2472,19.2472,28.8709,28.8709,461.9338,0.01208406,115.4835,105.0165,365.6976,376.1646,0.00956655,0.00984036,0.00050350,13.1499,11.9740,0.1658,6.2491,1.8090,496.4507,37.7013,10.4533,13.8512,10.2195,10.5412,18.3951,22.009,22.009,31.6236,10.5412,0.0,2.087904,3.0,1.247477,27,146,58,3,0.16407309,0.01258756,0.02479038,0E-8,0.000000,0.909326,0.001376,-0.01459794,2026-03-22,2026-08-05,77,266,243,137,0.562044,0.754684,0.794934,0.546910,,,,,,,,GLOBAL_BASELINE_NO_ENTITY_RANKING,,,NOT_APPLICABLE_GLOBAL_BASELINE,HF9g-P5,,,,X 全窗基线 · 不参与实体赏罚,8390819,840,A168_HF9F_20260827_0900,2026-08-27 09:00:00
2026-08-05,94151214,2156,0,96.9775335380,-52.5294973330,-52.5294973330,0.2000000,6,6,0.49994810000000000,0.499948100000,-1.341408689870273,-1.341408689870273,-1.341408689870273,0E-17,ELIGIBLE,R03b_20260811_FULL_v1,L1_ELIGIBILITY,v2026-08-11,2026-03-21..2026-08-06,baccarat_bet02_101_all_pairs_incl_sentinel,round_win = game_pnl > 0 (decisive only),COMPATIBILITY_ONLY_NOT_PRODUCTION,38226.7023,34760.5459,481.1811,2907,2903,-0.01258756,-0.02479038,-0.01019244,-0.01258756,-481.1811,38226.7023,OK,0.0000,19.2472,4.0000,96.0000,AG03-UNRESOLVED,ALL5_LEVELS_bet23_to_bet27,19.2472,19.2472,19.2472,28.8709,28.8709,4.000000,4.000000,4.000000,6.000000,6.000000,96.000000,96.000000,96.000000,94.000000,94.000000,5.0,115.4835,105.0165,365.6976,376.1646,PENDING_AG03,FALSE,NOT_FOR_ENFORCEMENT,461.9338,33370.1240,481.1811,461.9338,19.2472,0.01258756,0.01208406,19.2472,461.9338,0.01208406,19.2472,19.2472,19.2472,28.8709,28.8709,461.9338,0.01208406,115.4835,105.0165,365.6976,376.1646,0.00956655,0.00984036,0.00050350,13.1499,11.9740,0.1658,6.2491,1.8090,496.4507,37.7013,10.4533,13.8512,10.2195,10.5412,18.3951,22.009,22.009,31.6236,10.5412,0.0,2.087904,3.0,1.247477,27,146,58,3,0.16407309,0.01258756,0.02479038,0E-8,0.000000,0.909326,0.001376,-0.01459794,2026-03-22,2026-08-05,77,266,243,137,0.562044,0.754684,0.794934,0.546910,,,,,,,,GLOBAL_BASELINE_NO_ENTITY_RANKING,,,NOT_APPLICABLE_GLOBAL_BASELINE,HF9g-P5,,,,X 全窗基线 · 不参与实体赏罚,8390820,840,A168_HF9F_20260827_0900,2026-08-27 09:00:00
2026-08-05,94151214,2266,0,48.4887667691,-4.0407305641,-4.0407305641,0.5000000,4,4,0.49324550000000000,0.493245500000,0.027020465636507562,0.027020465636507562,0.027020465636507562,0E-17,ELIGIBLE,R03b_20260811_FULL_v1,L1_ELIGIBILITY,v2026-08-11,2026-03-21..2026-08-06,baccarat_bet02_101_all_pairs_incl_sentinel,round_win = game_pnl > 0 (decisive only),COMPATIBILITY_ONLY_NOT_PRODUCTION,38226.7023,34760.5459,481.1811,2907,2903,-0.01258756,-0.02479038,-0.01019244,-0.01258756,-481.1811,38226.7023,OK,0.0000,19.2472,4.0000,96.0000,AG03-UNRESOLVED,ALL5_LEVELS_bet23_to_bet27,19.2472,19.2472,19.2472,28.8709,28.8709,4.000000,4.000000,4.000000,6.000000,6.000000,96.000000,96.000000,96.000000,94.000000,94.000000,5.0,115.4835,105.0165,365.6976,376.1646,PENDING_AG03,FALSE,NOT_FOR_ENFORCEMENT,461.9338,33370.1240,481.1811,461.9338,19.2472,0.01258756,0.01208406,19.2472,461.9338,0.01208406,19.2472,19.2472,19.2472,28.8709,28.8709,461.9338,0.01208406,115.4835,105.0165,365.6976,376.1646,0.00956655,0.00984036,0.00050350,13.1499,11.9740,0.1658,6.2491,1.8090,496.4507,37.7013,10.4533,13.8512,10.2195,10.5412,18.3951,22.009,22.009,31.6236,10.5412,0.0,2.087904,3.0,1.247477,27,146,58,3,0.16407309,0.01258756,0.02479038,0E-8,0.000000,0.909326,0.001376,-0.01459794,2026-03-22,2026-08-05,77,266,243,137,0.562044,0.754684,0.794934,0.546910,,,,,,,,GLOBAL_BASELINE_NO_ENTITY_RANKING,,,NOT_APPLICABLE_GLOBAL_BASELINE,HF9g-P5,,,,X 全窗基线 · 不参与实体赏罚,8390821,840,A168_HF9F_20260827_0900,2026-08-27 09:00:00
2026-04-17,138231929,1210,0,105.4118440748,-63.2471064448,-63.2471064448,0.2500000,4,4,0.50329940000000000,0.503299400000,-1.013219660140378,-1.013219660140378,-1.013219660140378,0E-17,ELIGIBLE,R03b_20260811_FULL_v1,L1_ELIGIBILITY,v2026-08-11,2026-03-21..2026-08-06,baccarat_bet02_101_all_pairs_incl_sentinel,round_win = game_pnl > 0 (decisive only),COMPATIBILITY_ONLY_NOT_PRODUCTION,15904.2928,14252.0676,481.2751,155,155,-0.03026070,,-0.03026070,-0.03026070,-481.2751,15904.2928,OK,0.0000,19.2510,4.0000,96.0000,AG03-UNRESOLVED,ALL5_LEVELS_bet23_to_bet27,19.2510,19.2510,19.2510,28.8765,28.8765,4.000000,4.000000,4.000000,6.000000,6.000000,96.000000,96.000000,96.000000,94.000000,94.000000,5.0,115.5060,105.037,365.7691,376.2381,PENDING_AG03,FALSE,NOT_FOR_ENFORCEMENT,462.0241,13681.9849,481.2751,462.0241,19.2510,0.03026070,0.02905028,19.2510,462.0241,0.02905028,19.2510,19.2510,19.2510,28.8765,28.8765,462.0241,0.02905028,115.5060,105.037,365.7691,376.2381,0.02299813,0.02365639,0.00121043,102.6083,91.9488,3.1050,160.4250,26.7375,5301.4309,51.6667,,102.6083,63.2471,105.4118,147.5766,168.659,210.8237,210.8237,84.3295,0.0,2.0,2.0,0.973404,7,12,3,2,0E-8,0.03026070,,0E-8,0.000000,0.896115,0.000000,,2026-04-17,2026-05-15,3,18,8,29,0.103448,,,0.000000,,,,,,,,GLOBAL_BASELINE_NO_ENTITY_RANKING,,,NOT_APPLICABLE_GLOBAL_BASELINE,HF9g-P5,,,,X 全窗基线 · 不参与实体赏罚,8390822,840,A168_HF9F_20260827_0900,2026-08-27 09:00:00
2026-04-17,138231929,2248,0,115.9530284823,113.3177323804,113.3177323804,1.0000000,4,4,0.49994810000000000,0.499948100000,2.0002076107755586,2.0002076107755586,2.0002076107755586,0E-17,ELIGIBLE,R03b_20260811_FULL_v1,L1_ELIGIBILITY,v2026-08-11,2026-03-21..2026-08-06,baccarat_bet02_101_all_pairs_incl_sentinel,round_win = game_pnl > 0 (decisive only),COMPATIBILITY_ONLY_NOT_PRODUCTION,15904.2928,14252.0676,481.2751,155,155,-0.03026070,,-0.03026070,-0.03026070,-481.2751,15904.2928,OK,0.0000,19.2510,4.0000,96.0000,AG03-UNRESOLVED,ALL5_LEVELS_bet23_to_bet27,19.2510,19.2510,19.2510,28.8765,28.8765,4.000000,4.000000,4.000000,6.000000,6.000000,96.000000,96.000000,96.000000,94.000000,94.000000,5.0,115.5060,105.037,365.7691,376.2381,PENDING_AG03,FALSE,NOT_FOR_ENFORCEMENT,462.0241,13681.9849,481.2751,462.0241,19.2510,0.03026070,0.02905028,19.2510,462.0241,0.02905028,19.2510,19.2510,19.2510,28.8765,28.8765,462.0241,0.02905028,115.5060,105.037,365.7691,376.2381,0.02299813,0.02365639,0.00121043,102.6083,91.9488,3.1050,160.4250,26.7375,5301.4309,51.6667,,102.6083,63.2471,105.4118,147.5766,168.659,210.8237,210.8237,84.3295,0.0,2.0,2.0,0.973404,7,12,3,2,0E-8,0.03026070,,0E-8,0.000000,0.896115,0.000000,,2026-04-17,2026-05-15,3,18,8,29,0.103448,,,0.000000,,,,,,,,GLOBAL_BASELINE_NO_ENTITY_RANKING,,,NOT_APPLICABLE_GLOBAL_BASELINE,HF9g-P5,,,,X 全窗基线 · 不参与实体赏罚,8390823,840,A168_HF9F_20260827_0900,2026-08-27 09:00:00
2026-04-18,138231929,1396,0,2476.3350410053,-980.1193262073,-980.1193262073,0.3684211,20,20,0.49592654000000000,0.495926540000,-1.111603958842603,-1.111603958842603,-1.111603958842603,0E-17,ELIGIBLE,R03b_20260811_FULL_v1,L1_ELIGIBILITY,v2026-08-11,2026-03-21..2026-08-06,baccarat_bet02_101_all_pairs_incl_sentinel,round_win = game_pnl > 0 (decisive only),COMPATIBILITY_ONLY_NOT_PRODUCTION,15904.2928,14252.0676,481.2751,155,155,-0.03026070,,-0.03026070,-0.03026070,-481.2751,15904.2928,OK,0.0000,19.2510,4.0000,96.0000,AG03-UNRESOLVED,ALL5_LEVELS_bet23_to_bet27,19.2510,19.2510,19.2510,28.8765,28.8765,4.000000,4.000000,4.000000,6.000000,6.000000,96.000000,96.000000,96.000000,94.000000,94.000000,5.0,115.5060,105.037,365.7691,376.2381,PENDING_AG03,FALSE,NOT_FOR_ENFORCEMENT,462.0241,13681.9849,481.2751,462.0241,19.2510,0.03026070,0.02905028,19.2510,462.0241,0.02905028,19.2510,19.2510,19.2510,28.8765,28.8765,462.0241,0.02905028,115.5060,105.037,365.7691,376.2381,0.02299813,0.02365639,0.00121043,102.6083,91.9488,3.1050,160.4250,26.7375,5301.4309,51.6667,,102.6083,63.2471,105.4118,147.5766,168.659,210.8237,210.8237,84.3295,0.0,2.0,2.0,0.973404,7,12,3,2,0E-8,0.03026070,,0E-8,0.000000,0.896115,0.000000,,2026-04-17,2026-05-15,3,18,8,29,0.103448,,,0.000000,,,,,,,,GLOBAL_BASELINE_NO_ENTITY_RANKING,,,NOT_APPLICABLE_GLOBAL_BASELINE,HF9g-P5,,,,X 全窗基线 · 不参与实体赏罚,8390824,840,A168_HF9F_20260827_0900,2026-08-27 09:00:00
2026-04-18,138231929,1401,0,411.1061918917,405.3085404675,405.3085404675,1.0000000,5,5,0.49860758000000000,0.498607580000,2.242303763970222,2.242303763970222,2.242303763970222,0E-17,ELIGIBLE,R03b_20260811_FULL_v1,L1_ELIGIBILITY,v2026-08-11,2026-03-21..2026-08-06,baccarat_bet02_101_all_pairs_incl_sentinel,round_win = game_pnl > 0 (decisive only),COMPATIBILITY_ONLY_NOT_PRODUCTION,15904.2928,14252.0676,481.2751,155,155,-0.03026070,,-0.03026070,-0.03026070,-481.2751,15904.2928,OK,0.0000,19.2510,4.0000,96.0000,AG03-UNRESOLVED,ALL5_LEVELS_bet23_to_bet27,19.2510,19.2510,19.2510,28.8765,28.8765,4.000000,4.000000,4.000000,6.000000,6.000000,96.000000,96.000000,96.000000,94.000000,94.000000,5.0,115.5060,105.037,365.7691,376.2381,PENDING_AG03,FALSE,NOT_FOR_ENFORCEMENT,462.0241,13681.9849,481.2751,462.0241,19.2510,0.03026070,0.02905028,19.2510,462.0241,0.02905028,19.2510,19.2510,19.2510,28.8765,28.8765,462.0241,0.02905028,115.5060,105.037,365.7691,376.2381,0.02299813,0.02365639,0.00121043,102.6083,91.9488,3.1050,160.4250,26.7375,5301.4309,51.6667,,102.6083,63.2471,105.4118,147.5766,168.659,210.8237,210.8237,84.3295,0.0,2.0,2.0,0.973404,7,12,3,2,0E-8,0.03026070,,0E-8,0.000000,0.896115,0.000000,,2026-04-17,2026-05-15,3,18,8,29,0.103448,,,0.000000,,,,,,,,GLOBAL_BASELINE_NO_ENTITY_RANKING,,,NOT_APPLICABLE_GLOBAL_BASELINE,HF9g-P5,,,,X 全窗基线 · 不参与实体赏罚,8390825,840,A168_HF9F_20260827_0900,2026-08-27 09:00:00
2026-04-18,138231929,1402,0,3950.8359159236,427.9720869435,427.9720869435,0.5333333,35,35,0.49784156857142857,0.497841568571,0.38879642600209835,0.3887964260067946,0.38879642600209835,4.2857E-13,ELIGIBLE,R03b_20260811_FULL_v1,L1_ELIGIBILITY,v2026-08-11,2026-03-21..2026-08-06,baccarat_bet02_101_all_pairs_incl_sentinel,round_win = game_pnl > 0 (decisive only),COMPATIBILITY_ONLY_NOT_PRODUCTION,15904.2928,14252.0676,481.2751,155,155,-0.03026070,,-0.03026070,-0.03026070,-481.2751,15904.2928,OK,0.0000,19.2510,4.0000,96.0000,AG03-UNRESOLVED,ALL5_LEVELS_bet23_to_bet27,19.2510,19.2510,19.2510,28.8765,28.8765,4.000000,4.000000,4.000000,6.000000,6.000000,96.000000,96.000000,96.000000,94.000000,94.000000,5.0,115.5060,105.037,365.7691,376.2381,PENDING_AG03,FALSE,NOT_FOR_ENFORCEMENT,462.0241,13681.9849,481.2751,462.0241,19.2510,0.03026070,0.02905028,19.2510,462.0241,0.02905028,19.2510,19.2510,19.2510,28.8765,28.8765,462.0241,0.02905028,115.5060,105.037,365.7691,376.2381,0.02299813,0.02365639,0.00121043,102.6083,91.9488,3.1050,160.4250,26.7375,5301.4309,51.6667,,102.6083,63.2471,105.4118,147.5766,168.659,210.8237,210.8237,84.3295,0.0,2.0,2.0,0.973404,7,12,3,2,0E-8,0.03026070,,0E-8,0.000000,0.896115,0.000000,,2026-04-17,2026-05-15,3,18,8,29,0.103448,,,0.000000,,,,,,,,GLOBAL_BASELINE_NO_ENTITY_RANKING,,,NOT_APPLICABLE_GLOBAL_BASELINE,HF9g-P5,,,,X 全窗基线 · 不参与实体赏罚,8390826,840,A168_HF9F_20260827_0900,2026-08-27 09:00:00
2026-04-18,138231929,1505,0,484.8944827440,247.7178335758,247.7178335758,1.0000000,4,4,0.49994810000000000,0.499948100000,1.4143603653603398,1.4143603653603398,1.4143603653603398,0E-17,ELIGIBLE,R03b_20260811_FULL_v1,L1_ELIGIBILITY,v2026-08-11,2026-03-21..2026-08-06,baccarat_bet02_101_all_pairs_incl_sentinel,round_win = game_pnl > 0 (decisive only),COMPATIBILITY_ONLY_NOT_PRODUCTION,15904.2928,14252.0676,481.2751,155,155,-0.03026070,,-0.03026070,-0.03026070,-481.2751,15904.2928,OK,0.0000,19.2510,4.0000,96.0000,AG03-UNRESOLVED,ALL5_LEVELS_bet23_to_bet27,19.2510,19.2510,19.2510,28.8765,28.8765,4.000000,4.000000,4.000000,6.000000,6.000000,96.000000,96.000000,96.000000,94.000000,94.000000,5.0,115.5060,105.037,365.7691,376.2381,PENDING_AG03,FALSE,NOT_FOR_ENFORCEMENT,462.0241,13681.9849,481.2751,462.0241,19.2510,0.03026070,0.02905028,19.2510,462.0241,0.02905028,19.2510,19.2510,19.2510,28.8765,28.8765,462.0241,0.02905028,115.5060,105.037,365.7691,376.2381,0.02299813,0.02365639,0.00121043,102.6083,91.9488,3.1050,160.4250,26.7375,5301.4309,51.6667,,102.6083,63.2471,105.4118,147.5766,168.659,210.8237,210.8237,84.3295,0.0,2.0,2.0,0.973404,7,12,3,2,0E-8,0.03026070,,0E-8,0.000000,0.896115,0.000000,,2026-04-17,2026-05-15,3,18,8,29,0.103448,,,0.000000,,,,,,,,GLOBAL_BASELINE_NO_ENTITY_RANKING,,,NOT_APPLICABLE_GLOBAL_BASELINE,HF9g-P5,,,,X 全窗基线 · 不参与实体赏罚,8390827,840,A168_HF9F_20260827_0900,2026-08-27 09:00:00
2026-04-18,138231929,1990,0,442.7297451141,-252.9884257795,-252.9884257795,0.3333333,4,4,0.49659680000000000,0.496596800000,-0.5655743394288276,-0.5655743394288276,-0.5655743394288276,0E-17,ELIGIBLE,R03b_20260811_FULL_v1,L1_ELIGIBILITY,v2026-08-11,2026-03-21..2026-08-06,baccarat_bet02_101_all_pairs_incl_sentinel,round_win = game_pnl > 0 (decisive only),COMPATIBILITY_ONLY_NOT_PRODUCTION,15904.2928,14252.0676,481.2751,155,155,-0.03026070,,-0.03026070,-0.03026070,-481.2751,15904.2928,OK,0.0000,19.2510,4.0000,96.0000,AG03-UNRESOLVED,ALL5_LEVELS_bet23_to_bet27,19.2510,19.2510,19.2510,28.8765,28.8765,4.000000,4.000000,4.000000,6.000000,6.000000,96.000000,96.000000,96.000000,94.000000,94.000000,5.0,115.5060,105.037,365.7691,376.2381,PENDING_AG03,FALSE,NOT_FOR_ENFORCEMENT,462.0241,13681.9849,481.2751,462.0241,19.2510,0.03026070,0.02905028,19.2510,462.0241,0.02905028,19.2510,19.2510,19.2510,28.8765,28.8765,462.0241,0.02905028,115.5060,105.037,365.7691,376.2381,0.02299813,0.02365639,0.00121043,102.6083,91.9488,3.1050,160.4250,26.7375,5301.4309,51.6667,,102.6083,63.2471,105.4118,147.5766,168.659,210.8237,210.8237,84.3295,0.0,2.0,2.0,0.973404,7,12,3,2,0E-8,0.03026070,,0E-8,0.000000,0.896115,0.000000,,2026-04-17,2026-05-15,3,18,8,29,0.103448,,,0.000000,,,,,,,,GLOBAL_BASELINE_NO_ENTITY_RANKING,,,NOT_APPLICABLE_GLOBAL_BASELINE,HF9g-P5,,,,X 全窗基线 · 不参与实体赏罚,8390828,840,A168_HF9F_20260827_0900,2026-08-27 09:00:00
2026-04-18,138231929,2101,0,3621.7401387221,649.4423713446,649.4423713446,0.5555556,38,38,0.49888979473684211,0.498889794737,0.6799908060797513,0.6799908060778561,0.6799908060797513,-1.5789E-13,ELIGIBLE,R03b_20260811_FULL_v1,L1_ELIGIBILITY,v2026-08-11,2026-03-21..2026-08-06,baccarat_bet02_101_all_pairs_incl_sentinel,round_win = game_pnl > 0 (decisive only),COMPATIBILITY_ONLY_NOT_PRODUCTION,15904.2928,14252.0676,481.2751,155,155,-0.03026070,,-0.03026070,-0.03026070,-481.2751,15904.2928,OK,0.0000,19.2510,4.0000,96.0000,AG03-UNRESOLVED,ALL5_LEVELS_bet23_to_bet27,19.2510,19.2510,19.2510,28.8765,28.8765,4.000000,4.000000,4.000000,6.000000,6.000000,96.000000,96.000000,96.000000,94.000000,94.000000,5.0,115.5060,105.037,365.7691,376.2381,PENDING_AG03,FALSE,NOT_FOR_ENFORCEMENT,462.0241,13681.9849,481.2751,462.0241,19.2510,0.03026070,0.02905028,19.2510,462.0241,0.02905028,19.2510,19.2510,19.2510,28.8765,28.8765,462.0241,0.02905028,115.5060,105.037,365.7691,376.2381,0.02299813,0.02365639,0.00121043,102.6083,91.9488,3.1050,160.4250,26.7375,5301.4309,51.6667,,102.6083,63.2471,105.4118,147.5766,168.659,210.8237,210.8237,84.3295,0.0,2.0,2.0,0.973404,7,12,3,2,0E-8,0.03026070,,0E-8,0.000000,0.896115,0.000000,,2026-04-17,2026-05-15,3,18,8,29,0.103448,,,0.000000,,,,,,,,GLOBAL_BASELINE_NO_ENTITY_RANKING,,,NOT_APPLICABLE_GLOBAL_BASELINE,HF9g-P5,,,,X 全窗基线 · 不参与实体赏罚,8390829,840,A168_HF9F_20260827_0900,2026-08-27 09:00:00
2026-04-18,138231929,2103,0,1096.7048257542,-464.2337613054,-464.2337613054,0.3333333,9,9,0.49771390000000000,0.497713900000,-0.9862937092952077,-0.9862937092952077,-0.9862937092952077,0E-17,ELIGIBLE,R03b_20260811_FULL_v1,L1_ELIGIBILITY,v2026-08-11,2026-03-21..2026-08-06,baccarat_bet02_101_all_pairs_incl_sentinel,round_win = game_pnl > 0 (decisive only),COMPATIBILITY_ONLY_NOT_PRODUCTION,15904.2928,14252.0676,481.2751,155,155,-0.03026070,,-0.03026070,-0.03026070,-481.2751,15904.2928,OK,0.0000,19.2510,4.0000,96.0000,AG03-UNRESOLVED,ALL5_LEVELS_bet23_to_bet27,19.2510,19.2510,19.2510,28.8765,28.8765,4.000000,4.000000,4.000000,6.000000,6.000000,96.000000,96.000000,96.000000,94.000000,94.000000,5.0,115.5060,105.037,365.7691,376.2381,PENDING_AG03,FALSE,NOT_FOR_ENFORCEMENT,462.0241,13681.9849,481.2751,462.0241,19.2510,0.03026070,0.02905028,19.2510,462.0241,0.02905028,19.2510,19.2510,19.2510,28.8765,28.8765,462.0241,0.02905028,115.5060,105.037,365.7691,376.2381,0.02299813,0.02365639,0.00121043,102.6083,91.9488,3.1050,160.4250,26.7375,5301.4309,51.6667,,102.6083,63.2471,105.4118,147.5766,168.659,210.8237,210.8237,84.3295,0.0,2.0,2.0,0.973404,7,12,3,2,0E-8,0.03026070,,0E-8,0.000000,0.896115,0.000000,,2026-04-17,2026-05-15,3,18,8,29,0.103448,,,0.000000,,,,,,,,GLOBAL_BASELINE_NO_ENTITY_RANKING,,,NOT_APPLICABLE_GLOBAL_BASELINE,HF9g-P5,,,,X 全窗基线 · 不参与实体赏罚,8390830,840,A168_HF9F_20260827_0900,2026-08-27 09:00:00
2026-04-18,138231929,2170,0,1586.2374296375,-359.8760356713,-359.8760356713,0.3333333,14,14,0.49611804285714286,0.496118042857,-1.1278395430364196,-1.1278395430354322,-1.1278395430364196,1.4286E-13,ELIGIBLE,R03b_20260811_FULL_v1,L1_ELIGIBILITY,v2026-08-11,2026-03-21..2026-08-06,baccarat_bet02_101_all_pairs_incl_sentinel,round_win = game_pnl > 0 (decisive only),COMPATIBILITY_ONLY_NOT_PRODUCTION,15904.2928,14252.0676,481.2751,155,155,-0.03026070,,-0.03026070,-0.03026070,-481.2751,15904.2928,OK,0.0000,19.2510,4.0000,96.0000,AG03-UNRESOLVED,ALL5_LEVELS_bet23_to_bet27,19.2510,19.2510,19.2510,28.8765,28.8765,4.000000,4.000000,4.000000,6.000000,6.000000,96.000000,96.000000,96.000000,94.000000,94.000000,5.0,115.5060,105.037,365.7691,376.2381,PENDING_AG03,FALSE,NOT_FOR_ENFORCEMENT,462.0241,13681.9849,481.2751,462.0241,19.2510,0.03026070,0.02905028,19.2510,462.0241,0.02905028,19.2510,19.2510,19.2510,28.8765,28.8765,462.0241,0.02905028,115.5060,105.037,365.7691,376.2381,0.02299813,0.02365639,0.00121043,102.6083,91.9488,3.1050,160.4250,26.7375,5301.4309,51.6667,,102.6083,63.2471,105.4118,147.5766,168.659,210.8237,210.8237,84.3295,0.0,2.0,2.0,0.973404,7,12,3,2,0E-8,0.03026070,,0E-8,0.000000,0.896115,0.000000,,2026-04-17,2026-05-15,3,18,8,29,0.103448,,,0.000000,,,,,,,,GLOBAL_BASELINE_NO_ENTITY_RANKING,,,NOT_APPLICABLE_GLOBAL_BASELINE,HF9g-P5,,,,X 全窗基线 · 不参与实体赏罚,8390831,840,A168_HF9F_20260827_0900,2026-08-27 09:00:00
2026-04-18,138231929,994,0,1486.3070014548,-78.5318238358,-78.5318238358,0.5714286,15,15,0.49771390000000000,0.497713900000,0.551635855736115,0.551635855736115,0.551635855736115,0E-17,ELIGIBLE,R03b_20260811_FULL_v1,L1_ELIGIBILITY,v2026-08-11,2026-03-21..2026-08-06,baccarat_bet02_101_all_pairs_incl_sentinel,round_win = game_pnl > 0 (decisive only),COMPATIBILITY_ONLY_NOT_PRODUCTION,15904.2928,14252.0676,481.2751,155,155,-0.03026070,,-0.03026070,-0.03026070,-481.2751,15904.2928,OK,0.0000,19.2510,4.0000,96.0000,AG03-UNRESOLVED,ALL5_LEVELS_bet23_to_bet27,19.2510,19.2510,19.2510,28.8765,28.8765,4.000000,4.000000,4.000000,6.000000,6.000000,96.000000,96.000000,96.000000,94.000000,94.000000,5.0,115.5060,105.037,365.7691,376.2381,PENDING_AG03,FALSE,NOT_FOR_ENFORCEMENT,462.0241,13681.9849,481.2751,462.0241,19.2510,0.03026070,0.02905028,19.2510,462.0241,0.02905028,19.2510,19.2510,19.2510,28.8765,28.8765,462.0241,0.02905028,115.5060,105.037,365.7691,376.2381,0.02299813,0.02365639,0.00121043,102.6083,91.9488,3.1050,160.4250,26.7375,5301.4309,51.6667,,102.6083,63.2471,105.4118,147.5766,168.659,210.8237,210.8237,84.3295,0.0,2.0,2.0,0.973404,7,12,3,2,0E-8,0.03026070,,0E-8,0.000000,0.896115,0.000000,,2026-04-17,2026-05-15,3,18,8,29,0.103448,,,0.000000,,,,,,,,GLOBAL_BASELINE_NO_ENTITY_RANKING,,,NOT_APPLICABLE_GLOBAL_BASELINE,HF9g-P5,,,,X 全窗基线 · 不参与实体赏罚,8390832,840,A168_HF9F_20260827_0900,2026-08-27 09:00:00
2026-05-15,138231929,789,0,126.0371809684,-126.0371809684,-126.0371809684,0E-7,3,3,0.49324550000000000,0.493245500000,-1.708808463184432,-1.7088084631844318,-1.708808463184432,0E-17,ELIGIBLE,R03b_20260811_FULL_v1,L1_ELIGIBILITY,v2026-08-11,2026-03-21..2026-08-06,baccarat_bet02_101_all_pairs_incl_sentinel,round_win = game_pnl > 0 (decisive only),COMPATIBILITY_ONLY_NOT_PRODUCTION,15904.2928,14252.0676,481.2751,155,155,-0.03026070,,-0.03026070,-0.03026070,-481.2751,15904.2928,OK,0.0000,19.2510,4.0000,96.0000,AG03-UNRESOLVED,ALL5_LEVELS_bet23_to_bet27,19.2510,19.2510,19.2510,28.8765,28.8765,4.000000,4.000000,4.000000,6.000000,6.000000,96.000000,96.000000,96.000000,94.000000,94.000000,5.0,115.5060,105.037,365.7691,376.2381,PENDING_AG03,FALSE,NOT_FOR_ENFORCEMENT,462.0241,13681.9849,481.2751,462.0241,19.2510,0.03026070,0.02905028,19.2510,462.0241,0.02905028,19.2510,19.2510,19.2510,28.8765,28.8765,462.0241,0.02905028,115.5060,105.037,365.7691,376.2381,0.02299813,0.02365639,0.00121043,102.6083,91.9488,3.1050,160.4250,26.7375,5301.4309,51.6667,,102.6083,63.2471,105.4118,147.5766,168.659,210.8237,210.8237,84.3295,0.0,2.0,2.0,0.973404,7,12,3,2,0E-8,0.03026070,,0E-8,0.000000,0.896115,0.000000,,2026-04-17,2026-05-15,3,18,8,29,0.103448,,,0.000000,,,,,,,,GLOBAL_BASELINE_NO_ENTITY_RANKING,,,NOT_APPLICABLE_GLOBAL_BASELINE,HF9g-P5,,,,X 全窗基线 · 不参与实体赏罚,8390833,840,A168_HF9F_20260827_0900,2026-08-27 09:00:00
2026-04-14,116603818,1151,0,53.4759358289,-53.4759358289,-53.4759358289,0E-7,1,1,0.49324550000000000,0.493245500000,-0.9865810262130424,-0.9865810262130424,-0.9865810262130424,0E-17,ELIGIBLE,R03b_20260811_FULL_v1,L1_ELIGIBILITY,v2026-08-11,2026-03-21..2026-08-06,baccarat_bet02_101_all_pairs_incl_sentinel,round_win = game_pnl > 0 (decisive only),COMPATIBILITY_ONLY_NOT_PRODUCTION,588.2353,481.2834,481.2834,6,6,-0.81818182,,-0.81818182,-0.81818182,-481.2834,588.2353,THIN_EXPOSURE,0.0000,19.2513,4.0000,96.0000,AG03-UNRESOLVED,ALL5_LEVELS_bet23_to_bet27,19.2513,19.2513,19.2513,0.0000,0.0000,4.000000,4.000000,4.000000,0.000000,0.000000,96.000000,96.000000,96.000000,100.000000,100.000000,5.0,57.7540,55.4747,423.5294,425.8088,PENDING_AG03,FALSE,NOT_FOR_ENFORCEMENT,462.0321,462.0321,481.2834,462.0321,19.2513,0.81818182,0.78545455,19.2513,462.0321,0.78545455,19.2513,19.2513,19.2513,0.0000,0.0000,462.0321,0.78545455,57.7540,55.4747,423.5294,425.8088,0.72000000,0.72387491,0.03272727,98.0392,80.2139,80.2139,481.2834,240.6417,588.2353,6.0000,,98.0392,53.4759,106.9519,133.6898,133.6898,133.6898,133.6898,80.2139,-80.2139,1.25,1.25,0.916667,2,3,1,2,0E-8,0.81818182,,0E-8,0.000000,0.818182,0.000000,,2026-04-14,2026-04-14,1,2,2,1,1.000000,,,0.000000,,,,,,,,GLOBAL_BASELINE_NO_ENTITY_RANKING,,,NOT_APPLICABLE_GLOBAL_BASELINE,HF9g-P5,,,,X 全窗基线 · 不参与实体赏罚,8390834,840,A168_HF9F_20260827_0900,2026-08-27 09:00:00
2026-04-14,116603818,1645,0,401.0695187167,-294.1176470589,-294.1176470589,0E-7,4,4,0.49994810000000000,0.499948100000,-1.7318710300250217,-1.7318710300250217,-1.7318710300250217,0E-17,ELIGIBLE,R03b_20260811_FULL_v1,L1_ELIGIBILITY,v2026-08-11,2026-03-21..2026-08-06,baccarat_bet02_101_all_pairs_incl_sentinel,round_win = game_pnl > 0 (decisive only),COMPATIBILITY_ONLY_NOT_PRODUCTION,588.2353,481.2834,481.2834,6,6,-0.81818182,,-0.81818182,-0.81818182,-481.2834,588.2353,THIN_EXPOSURE,0.0000,19.2513,4.0000,96.0000,AG03-UNRESOLVED,ALL5_LEVELS_bet23_to_bet27,19.2513,19.2513,19.2513,0.0000,0.0000,4.000000,4.000000,4.000000,0.000000,0.000000,96.000000,96.000000,96.000000,100.000000,100.000000,5.0,57.7540,55.4747,423.5294,425.8088,PENDING_AG03,FALSE,NOT_FOR_ENFORCEMENT,462.0321,462.0321,481.2834,462.0321,19.2513,0.81818182,0.78545455,19.2513,462.0321,0.78545455,19.2513,19.2513,19.2513,0.0000,0.0000,462.0321,0.78545455,57.7540,55.4747,423.5294,425.8088,0.72000000,0.72387491,0.03272727,98.0392,80.2139,80.2139,481.2834,240.6417,588.2353,6.0000,,98.0392,53.4759,106.9519,133.6898,133.6898,133.6898,133.6898,80.2139,-80.2139,1.25,1.25,0.916667,2,3,1,2,0E-8,0.81818182,,0E-8,0.000000,0.818182,0.000000,,2026-04-14,2026-04-14,1,2,2,1,1.000000,,,0.000000,,,,,,,,GLOBAL_BASELINE_NO_ENTITY_RANKING,,,NOT_APPLICABLE_GLOBAL_BASELINE,HF9g-P5,,,,X 全窗基线 · 不参与实体赏罚,8390835,840,A168_HF9F_20260827_0900,2026-08-27 09:00:00
2026-04-14,116603818,2108,0,133.6898395722,-133.6898395722,-133.6898395722,0E-7,1,1,0.49324550000000000,0.493245500000,-0.9865810262130424,-0.9865810262130424,-0.9865810262130424,0E-17,ELIGIBLE,R03b_20260811_FULL_v1,L1_ELIGIBILITY,v2026-08-11,2026-03-21..2026-08-06,baccarat_bet02_101_all_pairs_incl_sentinel,round_win = game_pnl > 0 (decisive only),COMPATIBILITY_ONLY_NOT_PRODUCTION,588.2353,481.2834,481.2834,6,6,-0.81818182,,-0.81818182,-0.81818182,-481.2834,588.2353,THIN_EXPOSURE,0.0000,19.2513,4.0000,96.0000,AG03-UNRESOLVED,ALL5_LEVELS_bet23_to_bet27,19.2513,19.2513,19.2513,0.0000,0.0000,4.000000,4.000000,4.000000,0.000000,0.000000,96.000000,96.000000,96.000000,100.000000,100.000000,5.0,57.7540,55.4747,423.5294,425.8088,PENDING_AG03,FALSE,NOT_FOR_ENFORCEMENT,462.0321,462.0321,481.2834,462.0321,19.2513,0.81818182,0.78545455,19.2513,462.0321,0.78545455,19.2513,19.2513,19.2513,0.0000,0.0000,462.0321,0.78545455,57.7540,55.4747,423.5294,425.8088,0.72000000,0.72387491,0.03272727,98.0392,80.2139,80.2139,481.2834,240.6417,588.2353,6.0000,,98.0392,53.4759,106.9519,133.6898,133.6898,133.6898,133.6898,80.2139,-80.2139,1.25,1.25,0.916667,2,3,1,2,0E-8,0.81818182,,0E-8,0.000000,0.818182,0.000000,,2026-04-14,2026-04-14,1,2,2,1,1.000000,,,0.000000,,,,,,,,GLOBAL_BASELINE_NO_ENTITY_RANKING,,,NOT_APPLICABLE_GLOBAL_BASELINE,HF9g-P5,,,,X 全窗基线 · 不参与实体赏罚,8390836,840,A168_HF9F_20260827_0900,2026-08-27 09:00:00
2026-04-23,149042687,2177,0,481.2834224599,-481.2834224599,-481.2834224599,0E-7,1,1,0.49324550000000000,0.493245500000,-0.9865810262130424,-0.9865810262130424,-0.9865810262130424,0E-17,ELIGIBLE,R03b_20260811_FULL_v1,L1_ELIGIBILITY,v2026-08-11,2026-03-21..2026-08-06,baccarat_bet02_101_all_pairs_incl_sentinel,round_win = game_pnl > 0 (decisive only),COMPATIBILITY_ONLY_NOT_PRODUCTION,481.2834,481.2834,481.2834,1,1,-1.00000000,,-1.00000000,-1.00000000,-481.2834,481.2834,THIN_EXPOSURE,0.0000,19.2513,4.0000,96.0000,AG03-UNRESOLVED,ALL5_LEVELS_bet23_to_bet27,19.2513,19.2513,28.8770,38.5027,38.5027,4.000000,4.000000,6.000000,8.000000,8.000000,96.000000,96.000000,94.000000,92.000000,92.000000,5.0,144.3850,128.3873,336.8984,352.8961,PENDING_AG03,FALSE,NOT_FOR_ENFORCEMENT,462.0321,462.0321,481.2834,462.0321,19.2513,1.00000000,0.96000000,19.2513,462.0321,0.96000000,19.2513,19.2513,28.8770,38.5027,38.5027,462.0321,0.96000000,144.3850,128.3873,336.8984,352.8961,0.70000000,0.73323971,0.04000000,481.2834,481.2834,481.2834,481.2834,481.2834,481.2834,1.0000,,481.2834,481.2834,481.2834,481.2834,481.2834,481.2834,481.2834,481.2834,-481.2834,1.0,1.0,1.0,1,1,1,1,0E-8,1.00000000,,0E-8,0.000000,1.000000,0.000000,,2026-04-23,2026-04-23,1,1,1,1,1.000000,,,0.000000,,,,,,,,GLOBAL_BASELINE_NO_ENTITY_RANKING,,,NOT_APPLICABLE_GLOBAL_BASELINE,HF9g-P5,,,,X 全窗基线 · 不参与实体赏罚,8390837,840,A168_HF9F_20260827_0900,2026-08-27 09:00:00
2026-05-10,115885059,1325,0,778.3716465156,-259.4572155052,-259.4572155052,0.3333333,3,3,0.50218230000000000,0.502182300000,-0.5849155494134425,-0.5849155494134426,-0.5849155494134425,0E-17,ELIGIBLE,R03b_20260811_FULL_v1,L1_ELIGIBILITY,v2026-08-11,2026-03-21..2026-08-06,baccarat_bet02_101_all_pairs_incl_sentinel,round_win = game_pnl > 0 (decisive only),COMPATIBILITY_ONLY_NOT_PRODUCTION,3117.3963,2598.4819,481.3110,14,12,-0.15439519,-1.00000000,-0.07803993,-0.15439519,-481.3110,3117.3963,THIN_EXPOSURE,0.0000,19.2524,4.0000,96.0000,AG03-UNRESOLVED,ALL5_LEVELS_bet23_to_bet27,19.2524,19.2524,19.2524,19.2524,19.2524,4.000000,4.000000,4.000000,4.000000,4.000000,96.000000,96.000000,96.000000,96.000000,96.000000,5.0,96.2622,88.8631,385.0488,392.4478,PENDING_AG03,FALSE,NOT_FOR_ENFORCEMENT,462.0585,2494.5426,481.3110,462.0585,19.2524,0.15439519,0.14821938,19.2524,462.0585,0.14821938,19.2524,19.2524,19.2524,19.2524,19.2524,462.0585,0.14821938,96.2622,88.8631,385.0488,392.4478,0.12351615,0.12588962,0.00617581,222.6712,216.5402,40.1092,240.6555,96.2622,1558.6981,6.0000,258.1778,219.9399,259.4572,259.4572,259.4572,259.4572,259.4572,259.4572,259.4572,-1.2973,1.0,1.0,0.858219,5,5,2,3,0.08281840,0.15439519,1.00000000,0E-8,0.000000,0.833542,0.000000,-0.92196007,2026-05-10,2026-07-12,2,5,5,64,0.031250,1.173856,1.159458,0.276061,,,,,,,,GLOBAL_BASELINE_NO_ENTITY_RANKING,,,NOT_APPLICABLE_GLOBAL_BASELINE,HF9g-P5,,,,X 全窗基线 · 不参与实体赏罚,8390838,840,A168_HF9F_20260827_0900,2026-08-27 09:00:00
2026-05-10,115885059,2129,0,259.4572155052,-259.4572155052,-259.4572155052,0E-7,1,1,0.50665070000000000,0.506650700000,-1.013391052207602,-1.013391052207602,-1.013391052207602,0E-17,ELIGIBLE,R03b_20260811_FULL_v1,L1_ELIGIBILITY,v2026-08-11,2026-03-21..2026-08-06,baccarat_bet02_101_all_pairs_incl_sentinel,round_win = game_pnl > 0 (decisive only),COMPATIBILITY_ONLY_NOT_PRODUCTION,3117.3963,2598.4819,481.3110,14,12,-0.15439519,-1.00000000,-0.07803993,-0.15439519,-481.3110,3117.3963,THIN_EXPOSURE,0.0000,19.2524,4.0000,96.0000,AG03-UNRESOLVED,ALL5_LEVELS_bet23_to_bet27,19.2524,19.2524,19.2524,19.2524,19.2524,4.000000,4.000000,4.000000,4.000000,4.000000,96.000000,96.000000,96.000000,96.000000,96.000000,5.0,96.2622,88.8631,385.0488,392.4478,PENDING_AG03,FALSE,NOT_FOR_ENFORCEMENT,462.0585,2494.5426,481.3110,462.0585,19.2524,0.15439519,0.14821938,19.2524,462.0585,0.14821938,19.2524,19.2524,19.2524,19.2524,19.2524,462.0585,0.14821938,96.2622,88.8631,385.0488,392.4478,0.12351615,0.12588962,0.00617581,222.6712,216.5402,40.1092,240.6555,96.2622,1558.6981,6.0000,258.1778,219.9399,259.4572,259.4572,259.4572,259.4572,259.4572,259.4572,259.4572,-1.2973,1.0,1.0,0.858219,5,5,2,3,0.08281840,0.15439519,1.00000000,0E-8,0.000000,0.833542,0.000000,-0.92196007,2026-05-10,2026-07-12,2,5,5,64,0.031250,1.173856,1.159458,0.276061,,,,,,,,GLOBAL_BASELINE_NO_ENTITY_RANKING,,,NOT_APPLICABLE_GLOBAL_BASELINE,HF9g-P5,,,,X 全窗基线 · 不参与实体赏罚,8390839,840,A168_HF9F_20260827_0900,2026-08-27 09:00:00
2026-05-10,115885059,2142,0,778.3716465156,-12.9728607753,-12.9728607753,0.5000000,3,3,0.50218230000000000,0.502182300000,-0.00617253530718887,-0.00617253530718887,-0.00617253530718887,0E-17,ELIGIBLE,R03b_20260811_FULL_v1,L1_ELIGIBILITY,v2026-08-11,2026-03-21..2026-08-06,baccarat_bet02_101_all_pairs_incl_sentinel,round_win = game_pnl > 0 (decisive only),COMPATIBILITY_ONLY_NOT_PRODUCTION,3117.3963,2598.4819,481.3110,14,12,-0.15439519,-1.00000000,-0.07803993,-0.15439519,-481.3110,3117.3963,THIN_EXPOSURE,0.0000,19.2524,4.0000,96.0000,AG03-UNRESOLVED,ALL5_LEVELS_bet23_to_bet27,19.2524,19.2524,19.2524,19.2524,19.2524,4.000000,4.000000,4.000000,4.000000,4.000000,96.000000,96.000000,96.000000,96.000000,96.000000,5.0,96.2622,88.8631,385.0488,392.4478,PENDING_AG03,FALSE,NOT_FOR_ENFORCEMENT,462.0585,2494.5426,481.3110,462.0585,19.2524,0.15439519,0.14821938,19.2524,462.0585,0.14821938,19.2524,19.2524,19.2524,19.2524,19.2524,462.0585,0.14821938,96.2622,88.8631,385.0488,392.4478,0.12351615,0.12588962,0.00617581,222.6712,216.5402,40.1092,240.6555,96.2622,1558.6981,6.0000,258.1778,219.9399,259.4572,259.4572,259.4572,259.4572,259.4572,259.4572,259.4572,-1.2973,1.0,1.0,0.858219,5,5,2,3,0.08281840,0.15439519,1.00000000,0E-8,0.000000,0.833542,0.000000,-0.92196007,2026-05-10,2026-07-12,2,5,5,64,0.031250,1.173856,1.159458,0.276061,,,,,,,,GLOBAL_BASELINE_NO_ENTITY_RANKING,,,NOT_APPLICABLE_GLOBAL_BASELINE,HF9g-P5,,,,X 全窗基线 · 不参与实体赏罚,8390840,840,A168_HF9F_20260827_0900,2026-08-27 09:00:00
2026-05-10,115885059,2188,0,1043.0180063310,308.7540864510,308.7540864510,0.6666667,6,4,0.50423577029698547,0.384696750000,0.562697322374148,1.003828542666753,0.562697322374148,0.11953902029698547,ELIGIBLE,R03b_20260811_FULL_v1,L1_ELIGIBILITY,v2026-08-11,2026-03-21..2026-08-06,baccarat_bet02_101_all_pairs_incl_sentinel,round_win = game_pnl > 0 (decisive only),COMPATIBILITY_ONLY_NOT_PRODUCTION,3117.3963,2598.4819,481.3110,14,12,-0.15439519,-1.00000000,-0.07803993,-0.15439519,-481.3110,3117.3963,THIN_EXPOSURE,0.0000,19.2524,4.0000,96.0000,AG03-UNRESOLVED,ALL5_LEVELS_bet23_to_bet27,19.2524,19.2524,19.2524,19.2524,19.2524,4.000000,4.000000,4.000000,4.000000,4.000000,96.000000,96.000000,96.000000,96.000000,96.000000,5.0,96.2622,88.8631,385.0488,392.4478,PENDING_AG03,FALSE,NOT_FOR_ENFORCEMENT,462.0585,2494.5426,481.3110,462.0585,19.2524,0.15439519,0.14821938,19.2524,462.0585,0.14821938,19.2524,19.2524,19.2524,19.2524,19.2524,462.0585,0.14821938,96.2622,88.8631,385.0488,392.4478,0.12351615,0.12588962,0.00617581,222.6712,216.5402,40.1092,240.6555,96.2622,1558.6981,6.0000,258.1778,219.9399,259.4572,259.4572,259.4572,259.4572,259.4572,259.4572,259.4572,-1.2973,1.0,1.0,0.858219,5,5,2,3,0.08281840,0.15439519,1.00000000,0E-8,0.000000,0.833542,0.000000,-0.92196007,2026-05-10,2026-07-12,2,5,5,64,0.031250,1.173856,1.159458,0.276061,,,,,,,,GLOBAL_BASELINE_NO_ENTITY_RANKING,,,NOT_APPLICABLE_GLOBAL_BASELINE,HF9g-P5,,,,X 全窗基线 · 不参与实体赏罚,8390841,840,A168_HF9F_20260827_0900,2026-08-27 09:00:00
2026-07-12,115885059,2171,0,258.1777812201,-258.1777812201,-258.1777812201,0E-7,1,1,0.50665070000000000,0.506650700000,-1.013391052207602,-1.013391052207602,-1.013391052207602,0E-17,ELIGIBLE,R03b_20260811_FULL_v1,L1_ELIGIBILITY,v2026-08-11,2026-03-21..2026-08-06,baccarat_bet02_101_all_pairs_incl_sentinel,round_win = game_pnl > 0 (decisive only),COMPATIBILITY_ONLY_NOT_PRODUCTION,3117.3963,2598.4819,481.3110,14,12,-0.15439519,-1.00000000,-0.07803993,-0.15439519,-481.3110,3117.3963,THIN_EXPOSURE,0.0000,19.2524,4.0000,96.0000,AG03-UNRESOLVED,ALL5_LEVELS_bet23_to_bet27,19.2524,19.2524,19.2524,19.2524,19.2524,4.000000,4.000000,4.000000,4.000000,4.000000,96.000000,96.000000,96.000000,96.000000,96.000000,5.0,96.2622,88.8631,385.0488,392.4478,PENDING_AG03,FALSE,NOT_FOR_ENFORCEMENT,462.0585,2494.5426,481.3110,462.0585,19.2524,0.15439519,0.14821938,19.2524,462.0585,0.14821938,19.2524,19.2524,19.2524,19.2524,19.2524,462.0585,0.14821938,96.2622,88.8631,385.0488,392.4478,0.12351615,0.12588962,0.00617581,222.6712,216.5402,40.1092,240.6555,96.2622,1558.6981,6.0000,258.1778,219.9399,259.4572,259.4572,259.4572,259.4572,259.4572,259.4572,259.4572,-1.2973,1.0,1.0,0.858219,5,5,2,3,0.08281840,0.15439519,1.00000000,0E-8,0.000000,0.833542,0.000000,-0.92196007,2026-05-10,2026-07-12,2,5,5,64,0.031250,1.173856,1.159458,0.276061,,,,,,,,GLOBAL_BASELINE_NO_ENTITY_RANKING,,,NOT_APPLICABLE_GLOBAL_BASELINE,HF9g-P5,,,,X 全窗基线 · 不参与实体赏罚,8390842,840,A168_HF9F_20260827_0900,2026-08-27 09:00:00
2026-06-24,152011578,462,0,1704.1581458760,-511.2474437628,-501.7041581459,0.2857143,10,10,0.50531018000000000,0.505310180000,-1.1620577877077634,-1.1620577877077636,-1.1620577877077634,0E-17,ELIGIBLE,R03b_20260811_FULL_v1,L1_ELIGIBILITY,v2026-08-11,2026-03-21..2026-08-06,baccarat_bet02_101_all_pairs_incl_sentinel,round_win = game_pnl > 0 (decisive only),COMPATIBILITY_ONLY_NOT_PRODUCTION,1704.1581,1192.9107,501.7042,10,10,-0.29440000,,-0.29440000,-0.30000000,-501.7042,1704.1581,THIN_EXPOSURE,9.5433,30.1022,6.0000,94.0000,AG03-UNRESOLVED,ALL5_LEVELS_bet23_to_bet27,30.1022,30.1022,30.1022,30.1022,30.1022,6.000000,6.000000,6.000000,6.000000,6.000000,94.000000,94.000000,94.000000,94.000000,94.000000,5.0,150.5112,133.5015,341.6496,358.6594,PENDING_AG03,FALSE,NOT_FOR_ENFORCEMENT,471.6019,1121.3361,492.1609,462.0586,20.5590,0.28880000,0.27113600,30.1022,462.0586,0.27113600,30.1022,30.1022,30.1022,30.1022,30.1022,462.0586,0.27113600,150.5112,133.5015,341.6496,358.6594,0.20048000,0.21046134,0.01206400,170.4158,119.2911,50.1704,501.7042,501.7042,1704.1581,10.0000,,170.4158,170.4158,170.4158,170.4158,170.4158,170.4158,170.4158,170.4158,-84.5262,1.0,1.0,1.0,1,1,1,2,0E-8,0.29440000,,0.00800000,0.800000,0.700000,0.900000,,2026-06-24,2026-06-24,1,1,1,1,1.000000,,,0.000000,,,,,,,,GLOBAL_BASELINE_NO_ENTITY_RANKING,,,NOT_APPLICABLE_GLOBAL_BASELINE,HF9g-P5,,,,X 全窗基线 · 不参与实体赏罚,8390843,840,A168_HF9F_20260827_0900,2026-08-27 09:00:00
2026-07-12,152892304,1331,0,379.0175864160,-265.3123104912,-265.3123104912,0.1111111,10,10,0.49860758000000000,0.498607580000,-2.3249878288791894,-2.32498782887919,-2.3249878288791894,0E-17,ELIGIBLE,R03b_20260811_FULL_v1,L1_ELIGIBILITY,v2026-08-11,2026-03-21..2026-08-06,baccarat_bet02_101_all_pairs_incl_sentinel,round_win = game_pnl > 0 (decisive only),COMPATIBILITY_ONLY_NOT_PRODUCTION,2198.3020,1970.8914,481.3523,58,58,-0.21896552,-0.21896552,,-0.21896552,-481.3523,2198.3020,OK,0.0000,19.2541,4.0000,96.0000,AG03-UNRESOLVED,ALL5_LEVELS_bet23_to_bet27,19.2541,19.2541,19.2541,19.2541,19.2541,4.000000,4.000000,4.000000,4.000000,4.000000,96.000000,96.000000,96.000000,96.000000,96.000000,5.0,96.2705,88.8708,385.0819,392.4816,PENDING_AG03,FALSE,NOT_FOR_ENFORCEMENT,462.0982,1892.0558,481.3523,462.0982,19.2541,0.21896552,0.21020690,19.2541,462.0982,0.21020690,19.2541,19.2541,19.2541,19.2541,19.2541,462.0982,0.21020690,96.2705,88.8708,385.0819,392.4816,0.17517241,0.1785385,0.00875862,37.9018,33.9809,8.2992,481.3523,60.1690,2198.3020,58.0000,37.9018,,37.9018,37.9018,37.9018,37.9018,37.9018,37.9018,37.9018,-37.9018,1.0,1.0,1.0,6,10,1,2,1.00000000,0.21896552,0.21896552,0E-8,0.000000,0.896552,0.000000,,2026-07-12,2026-07-12,1,8,6,1,1.000000,,1.000000,3.333333,,,,,,,,GLOBAL_BASELINE_NO_ENTITY_RANKING,,,NOT_APPLICABLE_GLOBAL_BASELINE,HF9g-P5,,,,X 全窗基线 · 不参与实体赏罚,8390844,840,A168_HF9F_20260827_0900,2026-08-27 09:00:00
2026-07-12,152892304,1396,0,379.0175864160,-117.4954517890,-117.4954517890,0.2857143,10,10,0.50128862000000000,0.501288620000,-1.1407159435552385,-1.1407159435552385,-1.1407159435552385,0E-17,ELIGIBLE,R03b_20260811_FULL_v1,L1_ELIGIBILITY,v2026-08-11,2026-03-21..2026-08-06,baccarat_bet02_101_all_pairs_incl_sentinel,round_win = game_pnl > 0 (decisive only),COMPATIBILITY_ONLY_NOT_PRODUCTION,2198.3020,1970.8914,481.3523,58,58,-0.21896552,-0.21896552,,-0.21896552,-481.3523,2198.3020,OK,0.0000,19.2541,4.0000,96.0000,AG03-UNRESOLVED,ALL5_LEVELS_bet23_to_bet27,19.2541,19.2541,19.2541,19.2541,19.2541,4.000000,4.000000,4.000000,4.000000,4.000000,96.000000,96.000000,96.000000,96.000000,96.000000,5.0,96.2705,88.8708,385.0819,392.4816,PENDING_AG03,FALSE,NOT_FOR_ENFORCEMENT,462.0982,1892.0558,481.3523,462.0982,19.2541,0.21896552,0.21020690,19.2541,462.0982,0.21020690,19.2541,19.2541,19.2541,19.2541,19.2541,462.0982,0.21020690,96.2705,88.8708,385.0819,392.4816,0.17517241,0.1785385,0.00875862,37.9018,33.9809,8.2992,481.3523,60.1690,2198.3020,58.0000,37.9018,,37.9018,37.9018,37.9018,37.9018,37.9018,37.9018,37.9018,-37.9018,1.0,1.0,1.0,6,10,1,2,1.00000000,0.21896552,0.21896552,0E-8,0.000000,0.896552,0.000000,,2026-07-12,2026-07-12,1,8,6,1,1.000000,,1.000000,3.333333,,,,,,,,GLOBAL_BASELINE_NO_ENTITY_RANKING,,,NOT_APPLICABLE_GLOBAL_BASELINE,HF9g-P5,,,,X 全窗基线 · 不参与实体赏罚,8390845,840,A168_HF9F_20260827_0900,2026-08-27 09:00:00
2026-07-12,152892304,1505,0,37.9017586416,36.0066707095,36.0066707095,1.0000000,1,1,0.50665070000000000,0.506650700000,0.9867858985152569,0.9867858985152569,0.9867858985152569,0E-17,ELIGIBLE,R03b_20260811_FULL_v1,L1_ELIGIBILITY,v2026-08-11,2026-03-21..2026-08-06,baccarat_bet02_101_all_pairs_incl_sentinel,round_win = game_pnl > 0 (decisive only),COMPATIBILITY_ONLY_NOT_PRODUCTION,2198.3020,1970.8914,481.3523,58,58,-0.21896552,-0.21896552,,-0.21896552,-481.3523,2198.3020,OK,0.0000,19.2541,4.0000,96.0000,AG03-UNRESOLVED,ALL5_LEVELS_bet23_to_bet27,19.2541,19.2541,19.2541,19.2541,19.2541,4.000000,4.000000,4.000000,4.000000,4.000000,96.000000,96.000000,96.000000,96.000000,96.000000,5.0,96.2705,88.8708,385.0819,392.4816,PENDING_AG03,FALSE,NOT_FOR_ENFORCEMENT,462.0982,1892.0558,481.3523,462.0982,19.2541,0.21896552,0.21020690,19.2541,462.0982,0.21020690,19.2541,19.2541,19.2541,19.2541,19.2541,462.0982,0.21020690,96.2705,88.8708,385.0819,392.4816,0.17517241,0.1785385,0.00875862,37.9018,33.9809,8.2992,481.3523,60.1690,2198.3020,58.0000,37.9018,,37.9018,37.9018,37.9018,37.9018,37.9018,37.9018,37.9018,-37.9018,1.0,1.0,1.0,6,10,1,2,1.00000000,0.21896552,0.21896552,0E-8,0.000000,0.896552,0.000000,,2026-07-12,2026-07-12,1,8,6,1,1.000000,,1.000000,3.333333,,,,,,,,GLOBAL_BASELINE_NO_ENTITY_RANKING,,,NOT_APPLICABLE_GLOBAL_BASELINE,HF9g-P5,,,,X 全窗基线 · 不参与实体赏罚,8390846,840,A168_HF9F_20260827_0900,2026-08-27 09:00:00
2026-07-12,152892304,1646,0,75.8035172832,-75.8035172832,-75.8035172832,0E-7,2,2,0.49994810000000000,0.499948100000,-1.4140667746232096,-1.4140667746232096,-1.4140667746232096,0E-17,ELIGIBLE,R03b_20260811_FULL_v1,L1_ELIGIBILITY,v2026-08-11,2026-03-21..2026-08-06,baccarat_bet02_101_all_pairs_incl_sentinel,round_win = game_pnl > 0 (decisive only),COMPATIBILITY_ONLY_NOT_PRODUCTION,2198.3020,1970.8914,481.3523,58,58,-0.21896552,-0.21896552,,-0.21896552,-481.3523,2198.3020,OK,0.0000,19.2541,4.0000,96.0000,AG03-UNRESOLVED,ALL5_LEVELS_bet23_to_bet27,19.2541,19.2541,19.2541,19.2541,19.2541,4.000000,4.000000,4.000000,4.000000,4.000000,96.000000,96.000000,96.000000,96.000000,96.000000,5.0,96.2705,88.8708,385.0819,392.4816,PENDING_AG03,FALSE,NOT_FOR_ENFORCEMENT,462.0982,1892.0558,481.3523,462.0982,19.2541,0.21896552,0.21020690,19.2541,462.0982,0.21020690,19.2541,19.2541,19.2541,19.2541,19.2541,462.0982,0.21020690,96.2705,88.8708,385.0819,392.4816,0.17517241,0.1785385,0.00875862,37.9018,33.9809,8.2992,481.3523,60.1690,2198.3020,58.0000,37.9018,,37.9018,37.9018,37.9018,37.9018,37.9018,37.9018,37.9018,-37.9018,1.0,1.0,1.0,6,10,1,2,1.00000000,0.21896552,0.21896552,0E-8,0.000000,0.896552,0.000000,,2026-07-12,2026-07-12,1,8,6,1,1.000000,,1.000000,3.333333,,,,,,,,GLOBAL_BASELINE_NO_ENTITY_RANKING,,,NOT_APPLICABLE_GLOBAL_BASELINE,HF9g-P5,,,,X 全窗基线 · 不参与实体赏罚,8390847,840,A168_HF9F_20260827_0900,2026-08-27 09:00:00
2026-07-12,152892304,1704,0,75.8035172832,-1.8950879321,-1.8950879321,0.5000000,2,2,0.50665070000000000,0.506650700000,-0.018812684590367487,-0.018812684590367487,-0.018812684590367487,0E-17,ELIGIBLE,R03b_20260811_FULL_v1,L1_ELIGIBILITY,v2026-08-11,2026-03-21..2026-08-06,baccarat_bet02_101_all_pairs_incl_sentinel,round_win = game_pnl > 0 (decisive only),COMPATIBILITY_ONLY_NOT_PRODUCTION,2198.3020,1970.8914,481.3523,58,58,-0.21896552,-0.21896552,,-0.21896552,-481.3523,2198.3020,OK,0.0000,19.2541,4.0000,96.0000,AG03-UNRESOLVED,ALL5_LEVELS_bet23_to_bet27,19.2541,19.2541,19.2541,19.2541,19.2541,4.000000,4.000000,4.000000,4.000000,4.000000,96.000000,96.000000,96.000000,96.000000,96.000000,5.0,96.2705,88.8708,385.0819,392.4816,PENDING_AG03,FALSE,NOT_FOR_ENFORCEMENT,462.0982,1892.0558,481.3523,462.0982,19.2541,0.21896552,0.21020690,19.2541,462.0982,0.21020690,19.2541,19.2541,19.2541,19.2541,19.2541,462.0982,0.21020690,96.2705,88.8708,385.0819,392.4816,0.17517241,0.1785385,0.00875862,37.9018,33.9809,8.2992,481.3523,60.1690,2198.3020,58.0000,37.9018,,37.9018,37.9018,37.9018,37.9018,37.9018,37.9018,37.9018,-37.9018,1.0,1.0,1.0,6,10,1,2,1.00000000,0.21896552,0.21896552,0E-8,0.000000,0.896552,0.000000,,2026-07-12,2026-07-12,1,8,6,1,1.000000,,1.000000,3.333333,,,,,,,,GLOBAL_BASELINE_NO_ENTITY_RANKING,,,NOT_APPLICABLE_GLOBAL_BASELINE,HF9g-P5,,,,X 全窗基线 · 不参与实体赏罚,8390848,840,A168_HF9F_20260827_0900,2026-08-27 09:00:00
2026-07-12,152892304,2141,0,379.0175864160,-117.4954517890,-117.4954517890,0.3333333,10,10,0.50396966000000000,0.503969660000,-1.0238502285829028,-1.0238502285829025,-1.0238502285829028,0E-17,ELIGIBLE,R03b_20260811_FULL_v1,L1_ELIGIBILITY,v2026-08-11,2026-03-21..2026-08-06,baccarat_bet02_101_all_pairs_incl_sentinel,round_win = game_pnl > 0 (decisive only),COMPATIBILITY_ONLY_NOT_PRODUCTION,2198.3020,1970.8914,481.3523,58,58,-0.21896552,-0.21896552,,-0.21896552,-481.3523,2198.3020,OK,0.0000,19.2541,4.0000,96.0000,AG03-UNRESOLVED,ALL5_LEVELS_bet23_to_bet27,19.2541,19.2541,19.2541,19.2541,19.2541,4.000000,4.000000,4.000000,4.000000,4.000000,96.000000,96.000000,96.000000,96.000000,96.000000,5.0,96.2705,88.8708,385.0819,392.4816,PENDING_AG03,FALSE,NOT_FOR_ENFORCEMENT,462.0982,1892.0558,481.3523,462.0982,19.2541,0.21896552,0.21020690,19.2541,462.0982,0.21020690,19.2541,19.2541,19.2541,19.2541,19.2541,462.0982,0.21020690,96.2705,88.8708,385.0819,392.4816,0.17517241,0.1785385,0.00875862,37.9018,33.9809,8.2992,481.3523,60.1690,2198.3020,58.0000,37.9018,,37.9018,37.9018,37.9018,37.9018,37.9018,37.9018,37.9018,-37.9018,1.0,1.0,1.0,6,10,1,2,1.00000000,0.21896552,0.21896552,0E-8,0.000000,0.896552,0.000000,,2026-07-12,2026-07-12,1,8,6,1,1.000000,,1.000000,3.333333,,,,,,,,GLOBAL_BASELINE_NO_ENTITY_RANKING,,,NOT_APPLICABLE_GLOBAL_BASELINE,HF9g-P5,,,,X 全窗基线 · 不参与实体赏罚,8390849,840,A168_HF9F_20260827_0900,2026-08-27 09:00:00
2026-07-12,152892304,2155,0,303.2140691328,32.2164948453,32.2164948453,0.5714286,8,8,0.49827245000000000,0.498272450000,0.3871081189643771,0.3871081189643771,0.3871081189643771,0E-17,ELIGIBLE,R03b_20260811_FULL_v1,L1_ELIGIBILITY,v2026-08-11,2026-03-21..2026-08-06,baccarat_bet02_101_all_pairs_incl_sentinel,round_win = game_pnl > 0 (decisive only),COMPATIBILITY_ONLY_NOT_PRODUCTION,2198.3020,1970.8914,481.3523,58,58,-0.21896552,-0.21896552,,-0.21896552,-481.3523,2198.3020,OK,0.0000,19.2541,4.0000,96.0000,AG03-UNRESOLVED,ALL5_LEVELS_bet23_to_bet27,19.2541,19.2541,19.2541,19.2541,19.2541,4.000000,4.000000,4.000000,4.000000,4.000000,96.000000,96.000000,96.000000,96.000000,96.000000,5.0,96.2705,88.8708,385.0819,392.4816,PENDING_AG03,FALSE,NOT_FOR_ENFORCEMENT,462.0982,1892.0558,481.3523,462.0982,19.2541,0.21896552,0.21020690,19.2541,462.0982,0.21020690,19.2541,19.2541,19.2541,19.2541,19.2541,462.0982,0.21020690,96.2705,88.8708,385.0819,392.4816,0.17517241,0.1785385,0.00875862,37.9018,33.9809,8.2992,481.3523,60.1690,2198.3020,58.0000,37.9018,,37.9018,37.9018,37.9018,37.9018,37.9018,37.9018,37.9018,-37.9018,1.0,1.0,1.0,6,10,1,2,1.00000000,0.21896552,0.21896552,0E-8,0.000000,0.896552,0.000000,,2026-07-12,2026-07-12,1,8,6,1,1.000000,,1.000000,3.333333,,,,,,,,GLOBAL_BASELINE_NO_ENTITY_RANKING,,,NOT_APPLICABLE_GLOBAL_BASELINE,HF9g-P5,,,,X 全窗基线 · 不参与实体赏罚,8390850,840,A168_HF9F_20260827_0900,2026-08-27 09:00:00
2026-07-12,152892304,2251,0,265.3123104912,34.1115827774,34.1115827774,0.5714286,7,7,0.49899058571428571,0.498990585714,0.38330657246501415,0.3833065724665265,0.38330657246501415,2.8571E-13,ELIGIBLE,R03b_20260811_FULL_v1,L1_ELIGIBILITY,v2026-08-11,2026-03-21..2026-08-06,baccarat_bet02_101_all_pairs_incl_sentinel,round_win = game_pnl > 0 (decisive only),COMPATIBILITY_ONLY_NOT_PRODUCTION,2198.3020,1970.8914,481.3523,58,58,-0.21896552,-0.21896552,,-0.21896552,-481.3523,2198.3020,OK,0.0000,19.2541,4.0000,96.0000,AG03-UNRESOLVED,ALL5_LEVELS_bet23_to_bet27,19.2541,19.2541,19.2541,19.2541,19.2541,4.000000,4.000000,4.000000,4.000000,4.000000,96.000000,96.000000,96.000000,96.000000,96.000000,5.0,96.2705,88.8708,385.0819,392.4816,PENDING_AG03,FALSE,NOT_FOR_ENFORCEMENT,462.0982,1892.0558,481.3523,462.0982,19.2541,0.21896552,0.21020690,19.2541,462.0982,0.21020690,19.2541,19.2541,19.2541,19.2541,19.2541,462.0982,0.21020690,96.2705,88.8708,385.0819,392.4816,0.17517241,0.1785385,0.00875862,37.9018,33.9809,8.2992,481.3523,60.1690,2198.3020,58.0000,37.9018,,37.9018,37.9018,37.9018,37.9018,37.9018,37.9018,37.9018,-37.9018,1.0,1.0,1.0,6,10,1,2,1.00000000,0.21896552,0.21896552,0E-8,0.000000,0.896552,0.000000,,2026-07-12,2026-07-12,1,8,6,1,1.000000,,1.000000,3.333333,,,,,,,,GLOBAL_BASELINE_NO_ENTITY_RANKING,,,NOT_APPLICABLE_GLOBAL_BASELINE,HF9g-P5,,,,X 全窗基线 · 不参与实体赏罚,8390851,840,A168_HF9F_20260827_0900,2026-08-27 09:00:00
2026-07-12,152892304,550,0,265.3123104912,-41.6919345058,-41.6919345058,0.4285714,7,7,0.50090561428571429,0.500905614286,-0.38275716120403624,-0.38275716120554854,-0.38275716120403624,-2.8571E-13,ELIGIBLE,R03b_20260811_FULL_v1,L1_ELIGIBILITY,v2026-08-11,2026-03-21..2026-08-06,baccarat_bet02_101_all_pairs_incl_sentinel,round_win = game_pnl > 0 (decisive only),COMPATIBILITY_ONLY_NOT_PRODUCTION,2198.3020,1970.8914,481.3523,58,58,-0.21896552,-0.21896552,,-0.21896552,-481.3523,2198.3020,OK,0.0000,19.2541,4.0000,96.0000,AG03-UNRESOLVED,ALL5_LEVELS_bet23_to_bet27,19.2541,19.2541,19.2541,19.2541,19.2541,4.000000,4.000000,4.000000,4.000000,4.000000,96.000000,96.000000,96.000000,96.000000,96.000000,5.0,96.2705,88.8708,385.0819,392.4816,PENDING_AG03,FALSE,NOT_FOR_ENFORCEMENT,462.0982,1892.0558,481.3523,462.0982,19.2541,0.21896552,0.21020690,19.2541,462.0982,0.21020690,19.2541,19.2541,19.2541,19.2541,19.2541,462.0982,0.21020690,96.2705,88.8708,385.0819,392.4816,0.17517241,0.1785385,0.00875862,37.9018,33.9809,8.2992,481.3523,60.1690,2198.3020,58.0000,37.9018,,37.9018,37.9018,37.9018,37.9018,37.9018,37.9018,37.9018,-37.9018,1.0,1.0,1.0,6,10,1,2,1.00000000,0.21896552,0.21896552,0E-8,0.000000,0.896552,0.000000,,2026-07-12,2026-07-12,1,8,6,1,1.000000,,1.000000,3.333333,,,,,,,,GLOBAL_BASELINE_NO_ENTITY_RANKING,,,NOT_APPLICABLE_GLOBAL_BASELINE,HF9g-P5,,,,X 全窗基线 · 不参与实体赏罚,8390852,840,A168_HF9F_20260827_0900,2026-08-27 09:00:00
2026-07-12,152892304,986,0,37.9017586416,36.0066707095,36.0066707095,1.0000000,1,1,0.50665070000000000,0.506650700000,0.9867858985152569,0.9867858985152569,0.9867858985152569,0E-17,ELIGIBLE,R03b_20260811_FULL_v1,L1_ELIGIBILITY,v2026-08-11,2026-03-21..2026-08-06,baccarat_bet02_101_all_pairs_incl_sentinel,round_win = game_pnl > 0 (decisive only),COMPATIBILITY_ONLY_NOT_PRODUCTION,2198.3020,1970.8914,481.3523,58,58,-0.21896552,-0.21896552,,-0.21896552,-481.3523,2198.3020,OK,0.0000,19.2541,4.0000,96.0000,AG03-UNRESOLVED,ALL5_LEVELS_bet23_to_bet27,19.2541,19.2541,19.2541,19.2541,19.2541,4.000000,4.000000,4.000000,4.000000,4.000000,96.000000,96.000000,96.000000,96.000000,96.000000,5.0,96.2705,88.8708,385.0819,392.4816,PENDING_AG03,FALSE,NOT_FOR_ENFORCEMENT,462.0982,1892.0558,481.3523,462.0982,19.2541,0.21896552,0.21020690,19.2541,462.0982,0.21020690,19.2541,19.2541,19.2541,19.2541,19.2541,462.0982,0.21020690,96.2705,88.8708,385.0819,392.4816,0.17517241,0.1785385,0.00875862,37.9018,33.9809,8.2992,481.3523,60.1690,2198.3020,58.0000,37.9018,,37.9018,37.9018,37.9018,37.9018,37.9018,37.9018,37.9018,-37.9018,1.0,1.0,1.0,6,10,1,2,1.00000000,0.21896552,0.21896552,0E-8,0.000000,0.896552,0.000000,,2026-07-12,2026-07-12,1,8,6,1,1.000000,,1.000000,3.333333,,,,,,,,GLOBAL_BASELINE_NO_ENTITY_RANKING,,,NOT_APPLICABLE_GLOBAL_BASELINE,HF9g-P5,,,,X 全窗基线 · 不参与实体赏罚,8390853,840,A168_HF9F_20260827_0900,2026-08-27 09:00:00
2026-03-31,60761351,-1,1,15.4062857647,-15.4062857647,-15.4062857647,0E-7,3,1,0.37739082857058956,0.205044333333,-0.7785525184814618,-0.5078698495048378,-0.7785525184814618,0.17234649523758956,SENTINEL_DEALER,R03b_20260811_FULL_v1,L1_ELIGIBILITY,v2026-08-11,2026-03-21..2026-08-06,baccarat_bet02_101_all_pairs_incl_sentinel,round_win = game_pnl > 0 (decisive only),COMPATIBILITY_ONLY_NOT_PRODUCTION,28691.8873,26816.8210,481.3764,6407,1568,-0.01677744,-0.06906760,-0.00121728,-0.01677744,-481.3764,28691.8873,OK,0.0000,19.2551,4.0000,96.0000,AG03-UNRESOLVED,ALL5_LEVELS_bet23_to_bet27,19.2551,19.2551,19.2551,28.8826,28.8826,4.000000,4.000000,4.000000,6.000000,6.000000,96.000000,96.000000,96.000000,94.000000,94.000000,5.0,115.5303,105.0591,365.8461,376.3173,PENDING_AG03,FALSE,NOT_FOR_ENFORCEMENT,462.1214,25744.1481,481.3764,462.1214,19.2551,0.01677744,0.01610634,19.2551,462.1214,0.01610634,19.2551,19.2551,19.2551,28.8826,28.8826,462.1214,0.01610634,115.5303,105.0591,365.8461,376.3173,0.01275085,0.01311581,0.00067110,4.4782,17.1026,0.3070,14.1581,2.0749,843.8790,46.1176,3.8592,4.7027,2.0771,2.1006,2.2009,10.5412,18.9056,30.5448,2.1006,-2.0771,8.999999,14.540867,2.131851,21,92,33,14,0.22933070,0.01677744,0.06906760,0E-8,0.000000,0.934648,0.477291,-0.06785032,2026-03-31,2026-08-03,34,232,155,126,0.269841,0.820639,0.861772,0.764436,,,,,,,,GLOBAL_BASELINE_NO_ENTITY_RANKING,,,NOT_APPLICABLE_GLOBAL_BASELINE,HF9g-P5,,,,X 全窗基线 · 不参与实体赏罚,8390854,840,A168_HF9F_20260827_0900,2026-08-27 09:00:00
2026-03-31,60761351,1078,0,11.0044898319,-11.0044898319,-11.0044898319,0E-7,1,1,0.50665070000000000,0.506650700000,-1.013391052207602,-1.013391052207602,-1.013391052207602,0E-17,ELIGIBLE,R03b_20260811_FULL_v1,L1_ELIGIBILITY,v2026-08-11,2026-03-21..2026-08-06,baccarat_bet02_101_all_pairs_incl_sentinel,round_win = game_pnl > 0 (decisive only),COMPATIBILITY_ONLY_NOT_PRODUCTION,28691.8873,26816.8210,481.3764,6407,1568,-0.01677744,-0.06906760,-0.00121728,-0.01677744,-481.3764,28691.8873,OK,0.0000,19.2551,4.0000,96.0000,AG03-UNRESOLVED,ALL5_LEVELS_bet23_to_bet27,19.2551,19.2551,19.2551,28.8826,28.8826,4.000000,4.000000,4.000000,6.000000,6.000000,96.000000,96.000000,96.000000,94.000000,94.000000,5.0,115.5303,105.0591,365.8461,376.3173,PENDING_AG03,FALSE,NOT_FOR_ENFORCEMENT,462.1214,25744.1481,481.3764,462.1214,19.2551,0.01677744,0.01610634,19.2551,462.1214,0.01610634,19.2551,19.2551,19.2551,28.8826,28.8826,462.1214,0.01610634,115.5303,105.0591,365.8461,376.3173,0.01275085,0.01311581,0.00067110,4.4782,17.1026,0.3070,14.1581,2.0749,843.8790,46.1176,3.8592,4.7027,2.0771,2.1006,2.2009,10.5412,18.9056,30.5448,2.1006,-2.0771,8.999999,14.540867,2.131851,21,92,33,14,0.22933070,0.01677744,0.06906760,0E-8,0.000000,0.934648,0.477291,-0.06785032,2026-03-31,2026-08-03,34,232,155,126,0.269841,0.820639,0.861772,0.764436,,,,,,,,GLOBAL_BASELINE_NO_ENTITY_RANKING,,,NOT_APPLICABLE_GLOBAL_BASELINE,HF9g-P5,,,,X 全窗基线 · 不参与实体赏罚,8390855,840,A168_HF9F_20260827_0900,2026-08-27 09:00:00
2026-03-31,60761351,1109,0,68.2278369580,-35.7645919539,-35.7645919539,0.2500000,15,4,0.35232877321338421,0.187722266667,-0.428426578526322,0.3189720461665695,-0.428426578526322,0.16460650654638421,ELIGIBLE,R03b_20260811_FULL_v1,L1_ELIGIBILITY,v2026-08-11,2026-03-21..2026-08-06,baccarat_bet02_101_all_pairs_incl_sentinel,round_win = game_pnl > 0 (decisive only),COMPATIBILITY_ONLY_NOT_PRODUCTION,28691.8873,26816.8210,481.3764,6407,1568,-0.01677744,-0.06906760,-0.00121728,-0.01677744,-481.3764,28691.8873,OK,0.0000,19.2551,4.0000,96.0000,AG03-UNRESOLVED,ALL5_LEVELS_bet23_to_bet27,19.2551,19.2551,19.2551,28.8826,28.8826,4.000000,4.000000,4.000000,6.000000,6.000000,96.000000,96.000000,96.000000,94.000000,94.000000,5.0,115.5303,105.0591,365.8461,376.3173,PENDING_AG03,FALSE,NOT_FOR_ENFORCEMENT,462.1214,25744.1481,481.3764,462.1214,19.2551,0.01677744,0.01610634,19.2551,462.1214,0.01610634,19.2551,19.2551,19.2551,28.8826,28.8826,462.1214,0.01610634,115.5303,105.0591,365.8461,376.3173,0.01275085,0.01311581,0.00067110,4.4782,17.1026,0.3070,14.1581,2.0749,843.8790,46.1176,3.8592,4.7027,2.0771,2.1006,2.2009,10.5412,18.9056,30.5448,2.1006,-2.0771,8.999999,14.540867,2.131851,21,92,33,14,0.22933070,0.01677744,0.06906760,0E-8,0.000000,0.934648,0.477291,-0.06785032,2026-03-31,2026-08-03,34,232,155,126,0.269841,0.820639,0.861772,0.764436,,,,,,,,GLOBAL_BASELINE_NO_ENTITY_RANKING,,,NOT_APPLICABLE_GLOBAL_BASELINE,HF9g-P5,,,,X 全窗基线 · 不参与实体赏罚,8390856,840,A168_HF9F_20260827_0900,2026-08-27 09:00:00
2026-03-31,60761351,1157,0,453.3849810738,160.4454617470,160.4454617470,0.5714286,72,21,0.36004212097091959,0.238745346905,2.0180617118694943,3.576087292889951,2.0180617118694943,0.12129677406591959,ELIGIBLE,R03b_20260811_FULL_v1,L1_ELIGIBILITY,v2026-08-11,2026-03-21..2026-08-06,baccarat_bet02_101_all_pairs_incl_sentinel,round_win = game_pnl > 0 (decisive only),COMPATIBILITY_ONLY_NOT_PRODUCTION,28691.8873,26816.8210,481.3764,6407,1568,-0.01677744,-0.06906760,-0.00121728,-0.01677744,-481.3764,28691.8873,OK,0.0000,19.2551,4.0000,96.0000,AG03-UNRESOLVED,ALL5_LEVELS_bet23_to_bet27,19.2551,19.2551,19.2551,28.8826,28.8826,4.000000,4.000000,4.000000,6.000000,6.000000,96.000000,96.000000,96.000000,94.000000,94.000000,5.0,115.5303,105.0591,365.8461,376.3173,PENDING_AG03,FALSE,NOT_FOR_ENFORCEMENT,462.1214,25744.1481,481.3764,462.1214,19.2551,0.01677744,0.01610634,19.2551,462.1214,0.01610634,19.2551,19.2551,19.2551,28.8826,28.8826,462.1214,0.01610634,115.5303,105.0591,365.8461,376.3173,0.01275085,0.01311581,0.00067110,4.4782,17.1026,0.3070,14.1581,2.0749,843.8790,46.1176,3.8592,4.7027,2.0771,2.1006,2.2009,10.5412,18.9056,30.5448,2.1006,-2.0771,8.999999,14.540867,2.131851,21,92,33,14,0.22933070,0.01677744,0.06906760,0E-8,0.000000,0.934648,0.477291,-0.06785032,2026-03-31,2026-08-03,34,232,155,126,0.269841,0.820639,0.861772,0.764436,,,,,,,,GLOBAL_BASELINE_NO_ENTITY_RANKING,,,NOT_APPLICABLE_GLOBAL_BASELINE,HF9g-P5,,,,X 全窗基线 · 不参与实体赏罚,8390857,840,A168_HF9F_20260827_0900,2026-08-27 09:00:00
2026-03-31,60761351,1291,0,552.4253895601,-92.4377145888,-92.4377145888,0.5000000,64,14,0.38737134467583081,0.176749274286,0.8650685393213021,3.170725501966901,0.8650685393213021,0.21062207038983081,ELIGIBLE,R03b_20260811_FULL_v1,L1_ELIGIBILITY,v2026-08-11,2026-03-21..2026-08-06,baccarat_bet02_101_all_pairs_incl_sentinel,round_win = game_pnl > 0 (decisive only),COMPATIBILITY_ONLY_NOT_PRODUCTION,28691.8873,26816.8210,481.3764,6407,1568,-0.01677744,-0.06906760,-0.00121728,-0.01677744,-481.3764,28691.8873,OK,0.0000,19.2551,4.0000,96.0000,AG03-UNRESOLVED,ALL5_LEVELS_bet23_to_bet27,19.2551,19.2551,19.2551,28.8826,28.8826,4.000000,4.000000,4.000000,6.000000,6.000000,96.000000,96.000000,96.000000,94.000000,94.000000,5.0,115.5303,105.0591,365.8461,376.3173,PENDING_AG03,FALSE,NOT_FOR_ENFORCEMENT,462.1214,25744.1481,481.3764,462.1214,19.2551,0.01677744,0.01610634,19.2551,462.1214,0.01610634,19.2551,19.2551,19.2551,28.8826,28.8826,462.1214,0.01610634,115.5303,105.0591,365.8461,376.3173,0.01275085,0.01311581,0.00067110,4.4782,17.1026,0.3070,14.1581,2.0749,843.8790,46.1176,3.8592,4.7027,2.0771,2.1006,2.2009,10.5412,18.9056,30.5448,2.1006,-2.0771,8.999999,14.540867,2.131851,21,92,33,14,0.22933070,0.01677744,0.06906760,0E-8,0.000000,0.934648,0.477291,-0.06785032,2026-03-31,2026-08-03,34,232,155,126,0.269841,0.820639,0.861772,0.764436,,,,,,,,GLOBAL_BASELINE_NO_ENTITY_RANKING,,,NOT_APPLICABLE_GLOBAL_BASELINE,HF9g-P5,,,,X 全窗基线 · 不参与实体赏罚,8390858,840,A168_HF9F_20260827_0900,2026-08-27 09:00:00
2026-03-31,60761351,1318,0,51.7211022100,-25.3103266136,-25.3103266136,0.3333333,13,3,0.25046791254289567,0.129489965000,0.33125527620552514,1.0516040904285666,0.33125527620552514,0.12097794754289567,ELIGIBLE,R03b_20260811_FULL_v1,L1_ELIGIBILITY,v2026-08-11,2026-03-21..2026-08-06,baccarat_bet02_101_all_pairs_incl_sentinel,round_win = game_pnl > 0 (decisive only),COMPATIBILITY_ONLY_NOT_PRODUCTION,28691.8873,26816.8210,481.3764,6407,1568,-0.01677744,-0.06906760,-0.00121728,-0.01677744,-481.3764,28691.8873,OK,0.0000,19.2551,4.0000,96.0000,AG03-UNRESOLVED,ALL5_LEVELS_bet23_to_bet27,19.2551,19.2551,19.2551,28.8826,28.8826,4.000000,4.000000,4.000000,6.000000,6.000000,96.000000,96.000000,96.000000,94.000000,94.000000,5.0,115.5303,105.0591,365.8461,376.3173,PENDING_AG03,FALSE,NOT_FOR_ENFORCEMENT,462.1214,25744.1481,481.3764,462.1214,19.2551,0.01677744,0.01610634,19.2551,462.1214,0.01610634,19.2551,19.2551,19.2551,28.8826,28.8826,462.1214,0.01610634,115.5303,105.0591,365.8461,376.3173,0.01275085,0.01311581,0.00067110,4.4782,17.1026,0.3070,14.1581,2.0749,843.8790,46.1176,3.8592,4.7027,2.0771,2.1006,2.2009,10.5412,18.9056,30.5448,2.1006,-2.0771,8.999999,14.540867,2.131851,21,92,33,14,0.22933070,0.01677744,0.06906760,0E-8,0.000000,0.934648,0.477291,-0.06785032,2026-03-31,2026-08-03,34,232,155,126,0.269841,0.820639,0.861772,0.764436,,,,,,,,GLOBAL_BASELINE_NO_ENTITY_RANKING,,,NOT_APPLICABLE_GLOBAL_BASELINE,HF9g-P5,,,,X 全窗基线 · 不参与实体赏罚,8390859,840,A168_HF9F_20260827_0900,2026-08-27 09:00:00
2026-03-31,60761351,1323,0,708.4690553769,-217.6688088762,-217.6688088762,0.4545455,97,22,0.36121675783736568,0.176157301894,0.9113093775730556,3.4275959119340653,0.9113093775730556,0.18505945594336568,ELIGIBLE,R03b_20260811_FULL_v1,L1_ELIGIBILITY,v2026-08-11,2026-03-21..2026-08-06,baccarat_bet02_101_all_pairs_incl_sentinel,round_win = game_pnl > 0 (decisive only),COMPATIBILITY_ONLY_NOT_PRODUCTION,28691.8873,26816.8210,481.3764,6407,1568,-0.01677744,-0.06906760,-0.00121728,-0.01677744,-481.3764,28691.8873,OK,0.0000,19.2551,4.0000,96.0000,AG03-UNRESOLVED,ALL5_LEVELS_bet23_to_bet27,19.2551,19.2551,19.2551,28.8826,28.8826,4.000000,4.000000,4.000000,6.000000,6.000000,96.000000,96.000000,96.000000,94.000000,94.000000,5.0,115.5303,105.0591,365.8461,376.3173,PENDING_AG03,FALSE,NOT_FOR_ENFORCEMENT,462.1214,25744.1481,481.3764,462.1214,19.2551,0.01677744,0.01610634,19.2551,462.1214,0.01610634,19.2551,19.2551,19.2551,28.8826,28.8826,462.1214,0.01610634,115.5303,105.0591,365.8461,376.3173,0.01275085,0.01311581,0.00067110,4.4782,17.1026,0.3070,14.1581,2.0749,843.8790,46.1176,3.8592,4.7027,2.0771,2.1006,2.2009,10.5412,18.9056,30.5448,2.1006,-2.0771,8.999999,14.540867,2.131851,21,92,33,14,0.22933070,0.01677744,0.06906760,0E-8,0.000000,0.934648,0.477291,-0.06785032,2026-03-31,2026-08-03,34,232,155,126,0.269841,0.820639,0.861772,0.764436,,,,,,,,GLOBAL_BASELINE_NO_ENTITY_RANKING,,,NOT_APPLICABLE_GLOBAL_BASELINE,HF9g-P5,,,,X 全窗基线 · 不参与实体赏罚,8390860,840,A168_HF9F_20260827_0900,2026-08-27 09:00:00
2026-03-31,60761351,1325,0,406.9460339832,5.4472224656,5.4472224656,0.5714286,60,14,0.38904570875890131,0.186826960952,1.3997271014516424,3.692018394370295,1.3997271014516424,0.20221874780690131,ELIGIBLE,R03b_20260811_FULL_v1,L1_ELIGIBILITY,v2026-08-11,2026-03-21..2026-08-06,baccarat_bet02_101_all_pairs_incl_sentinel,round_win = game_pnl > 0 (decisive only),COMPATIBILITY_ONLY_NOT_PRODUCTION,28691.8873,26816.8210,481.3764,6407,1568,-0.01677744,-0.06906760,-0.00121728,-0.01677744,-481.3764,28691.8873,OK,0.0000,19.2551,4.0000,96.0000,AG03-UNRESOLVED,ALL5_LEVELS_bet23_to_bet27,19.2551,19.2551,19.2551,28.8826,28.8826,4.000000,4.000000,4.000000,6.000000,6.000000,96.000000,96.000000,96.000000,94.000000,94.000000,5.0,115.5303,105.0591,365.8461,376.3173,PENDING_AG03,FALSE,NOT_FOR_ENFORCEMENT,462.1214,25744.1481,481.3764,462.1214,19.2551,0.01677744,0.01610634,19.2551,462.1214,0.01610634,19.2551,19.2551,19.2551,28.8826,28.8826,462.1214,0.01610634,115.5303,105.0591,365.8461,376.3173,0.01275085,0.01311581,0.00067110,4.4782,17.1026,0.3070,14.1581,2.0749,843.8790,46.1176,3.8592,4.7027,2.0771,2.1006,2.2009,10.5412,18.9056,30.5448,2.1006,-2.0771,8.999999,14.540867,2.131851,21,92,33,14,0.22933070,0.01677744,0.06906760,0E-8,0.000000,0.934648,0.477291,-0.06785032,2026-03-31,2026-08-03,34,232,155,126,0.269841,0.820639,0.861772,0.764436,,,,,,,,GLOBAL_BASELINE_NO_ENTITY_RANKING,,,NOT_APPLICABLE_GLOBAL_BASELINE,HF9g-P5,,,,X 全窗基线 · 不参与实体赏罚,8390861,840,A168_HF9F_20260827_0900,2026-08-27 09:00:00
2026-03-31,60761351,1383,0,913.3726560463,-80.5528655715,-80.5528655715,0.4814815,116,27,0.36202414027296281,0.174436791340,1.2915875142673905,4.204257073258764,1.2915875142673905,0.18758734893296281,ELIGIBLE,R03b_20260811_FULL_v1,L1_ELIGIBILITY,v2026-08-11,2026-03-21..2026-08-06,baccarat_bet02_101_all_pairs_incl_sentinel,round_win = game_pnl > 0 (decisive only),COMPATIBILITY_ONLY_NOT_PRODUCTION,28691.8873,26816.8210,481.3764,6407,1568,-0.01677744,-0.06906760,-0.00121728,-0.01677744,-481.3764,28691.8873,OK,0.0000,19.2551,4.0000,96.0000,AG03-UNRESOLVED,ALL5_LEVELS_bet23_to_bet27,19.2551,19.2551,19.2551,28.8826,28.8826,4.000000,4.000000,4.000000,6.000000,6.000000,96.000000,96.000000,96.000000,94.000000,94.000000,5.0,115.5303,105.0591,365.8461,376.3173,PENDING_AG03,FALSE,NOT_FOR_ENFORCEMENT,462.1214,25744.1481,481.3764,462.1214,19.2551,0.01677744,0.01610634,19.2551,462.1214,0.01610634,19.2551,19.2551,19.2551,28.8826,28.8826,462.1214,0.01610634,115.5303,105.0591,365.8461,376.3173,0.01275085,0.01311581,0.00067110,4.4782,17.1026,0.3070,14.1581,2.0749,843.8790,46.1176,3.8592,4.7027,2.0771,2.1006,2.2009,10.5412,18.9056,30.5448,2.1006,-2.0771,8.999999,14.540867,2.131851,21,92,33,14,0.22933070,0.01677744,0.06906760,0E-8,0.000000,0.934648,0.477291,-0.06785032,2026-03-31,2026-08-03,34,232,155,126,0.269841,0.820639,0.861772,0.764436,,,,,,,,GLOBAL_BASELINE_NO_ENTITY_RANKING,,,NOT_APPLICABLE_GLOBAL_BASELINE,HF9g-P5,,,,X 全窗基线 · 不参与实体赏罚,8390862,840,A168_HF9F_20260827_0900,2026-08-27 09:00:00
2026-03-31,60761351,1646,0,184.8754291758,-11.0044898327,-11.0044898327,0.3333333,32,9,0.31678334082817635,0.228687758148,0.10672315735213525,0.7474902865147396,0.10672315735213525,0.08809558268017635,ELIGIBLE,R03b_20260811_FULL_v1,L1_ELIGIBILITY,v2026-08-11,2026-03-21..2026-08-06,baccarat_bet02_101_all_pairs_incl_sentinel,round_win = game_pnl > 0 (decisive only),COMPATIBILITY_ONLY_NOT_PRODUCTION,28691.8873,26816.8210,481.3764,6407,1568,-0.01677744,-0.06906760,-0.00121728,-0.01677744,-481.3764,28691.8873,OK,0.0000,19.2551,4.0000,96.0000,AG03-UNRESOLVED,ALL5_LEVELS_bet23_to_bet27,19.2551,19.2551,19.2551,28.8826,28.8826,4.000000,4.000000,4.000000,6.000000,6.000000,96.000000,96.000000,96.000000,94.000000,94.000000,5.0,115.5303,105.0591,365.8461,376.3173,PENDING_AG03,FALSE,NOT_FOR_ENFORCEMENT,462.1214,25744.1481,481.3764,462.1214,19.2551,0.01677744,0.01610634,19.2551,462.1214,0.01610634,19.2551,19.2551,19.2551,28.8826,28.8826,462.1214,0.01610634,115.5303,105.0591,365.8461,376.3173,0.01275085,0.01311581,0.00067110,4.4782,17.1026,0.3070,14.1581,2.0749,843.8790,46.1176,3.8592,4.7027,2.0771,2.1006,2.2009,10.5412,18.9056,30.5448,2.1006,-2.0771,8.999999,14.540867,2.131851,21,92,33,14,0.22933070,0.01677744,0.06906760,0E-8,0.000000,0.934648,0.477291,-0.06785032,2026-03-31,2026-08-03,34,232,155,126,0.269841,0.820639,0.861772,0.764436,,,,,,,,GLOBAL_BASELINE_NO_ENTITY_RANKING,,,NOT_APPLICABLE_GLOBAL_BASELINE,HF9g-P5,,,,X 全窗基线 · 不参与实体赏罚,8390863,840,A168_HF9F_20260827_0900,2026-08-27 09:00:00
2026-03-31,60761351,1702,0,79.2323267895,-79.2323267895,-79.2323267895,0E-7,9,3,0.42348764166587429,0.214214066667,-1.4844879861032283,-0.9043415715473737,-1.4844879861032283,0.20927357499887429,ELIGIBLE,R03b_20260811_FULL_v1,L1_ELIGIBILITY,v2026-08-11,2026-03-21..2026-08-06,baccarat_bet02_101_all_pairs_incl_sentinel,round_win = game_pnl > 0 (decisive only),COMPATIBILITY_ONLY_NOT_PRODUCTION,28691.8873,26816.8210,481.3764,6407,1568,-0.01677744,-0.06906760,-0.00121728,-0.01677744,-481.3764,28691.8873,OK,0.0000,19.2551,4.0000,96.0000,AG03-UNRESOLVED,ALL5_LEVELS_bet23_to_bet27,19.2551,19.2551,19.2551,28.8826,28.8826,4.000000,4.000000,4.000000,6.000000,6.000000,96.000000,96.000000,96.000000,94.000000,94.000000,5.0,115.5303,105.0591,365.8461,376.3173,PENDING_AG03,FALSE,NOT_FOR_ENFORCEMENT,462.1214,25744.1481,481.3764,462.1214,19.2551,0.01677744,0.01610634,19.2551,462.1214,0.01610634,19.2551,19.2551,19.2551,28.8826,28.8826,462.1214,0.01610634,115.5303,105.0591,365.8461,376.3173,0.01275085,0.01311581,0.00067110,4.4782,17.1026,0.3070,14.1581,2.0749,843.8790,46.1176,3.8592,4.7027,2.0771,2.1006,2.2009,10.5412,18.9056,30.5448,2.1006,-2.0771,8.999999,14.540867,2.131851,21,92,33,14,0.22933070,0.01677744,0.06906760,0E-8,0.000000,0.934648,0.477291,-0.06785032,2026-03-31,2026-08-03,34,232,155,126,0.269841,0.820639,0.861772,0.764436,,,,,,,,GLOBAL_BASELINE_NO_ENTITY_RANKING,,,NOT_APPLICABLE_GLOBAL_BASELINE,HF9g-P5,,,,X 全窗基线 · 不参与实体赏罚,8390864,840,A168_HF9F_20260827_0900,2026-08-27 09:00:00
2026-03-31,60761351,1704,0,836.3412272230,91.6674002976,91.6674002976,0.5925926,105,28,0.41478459839947508,0.237693863929,1.875270752600555,4.332241243840284,1.875270752600555,0.17709073447047508,ELIGIBLE,R03b_20260811_FULL_v1,L1_ELIGIBILITY,v2026-08-11,2026-03-21..2026-08-06,baccarat_bet02_101_all_pairs_incl_sentinel,round_win = game_pnl > 0 (decisive only),COMPATIBILITY_ONLY_NOT_PRODUCTION,28691.8873,26816.8210,481.3764,6407,1568,-0.01677744,-0.06906760,-0.00121728,-0.01677744,-481.3764,28691.8873,OK,0.0000,19.2551,4.0000,96.0000,AG03-UNRESOLVED,ALL5_LEVELS_bet23_to_bet27,19.2551,19.2551,19.2551,28.8826,28.8826,4.000000,4.000000,4.000000,6.000000,6.000000,96.000000,96.000000,96.000000,94.000000,94.000000,5.0,115.5303,105.0591,365.8461,376.3173,PENDING_AG03,FALSE,NOT_FOR_ENFORCEMENT,462.1214,25744.1481,481.3764,462.1214,19.2551,0.01677744,0.01610634,19.2551,462.1214,0.01610634,19.2551,19.2551,19.2551,28.8826,28.8826,462.1214,0.01610634,115.5303,105.0591,365.8461,376.3173,0.01275085,0.01311581,0.00067110,4.4782,17.1026,0.3070,14.1581,2.0749,843.8790,46.1176,3.8592,4.7027,2.0771,2.1006,2.2009,10.5412,18.9056,30.5448,2.1006,-2.0771,8.999999,14.540867,2.131851,21,92,33,14,0.22933070,0.01677744,0.06906760,0E-8,0.000000,0.934648,0.477291,-0.06785032,2026-03-31,2026-08-03,34,232,155,126,0.269841,0.820639,0.861772,0.764436,,,,,,,,GLOBAL_BASELINE_NO_ENTITY_RANKING,,,NOT_APPLICABLE_GLOBAL_BASELINE,HF9g-P5,,,,X 全窗基线 · 不参与实体赏罚,8390865,840,A168_HF9F_20260827_0900,2026-08-27 09:00:00
2026-03-31,60761351,1714,0,292.7194295283,83.8542125177,83.8542125177,0.7692308,57,13,0.29827073591551112,0.144985250385,3.7116380025263793,6.392612722752725,3.7116380025263793,0.15328548553051112,ELIGIBLE,R03b_20260811_FULL_v1,L1_ELIGIBILITY,v2026-08-11,2026-03-21..2026-08-06,baccarat_bet02_101_all_pairs_incl_sentinel,round_win = game_pnl > 0 (decisive only),COMPATIBILITY_ONLY_NOT_PRODUCTION,28691.8873,26816.8210,481.3764,6407,1568,-0.01677744,-0.06906760,-0.00121728,-0.01677744,-481.3764,28691.8873,OK,0.0000,19.2551,4.0000,96.0000,AG03-UNRESOLVED,ALL5_LEVELS_bet23_to_bet27,19.2551,19.2551,19.2551,28.8826,28.8826,4.000000,4.000000,4.000000,6.000000,6.000000,96.000000,96.000000,96.000000,94.000000,94.000000,5.0,115.5303,105.0591,365.8461,376.3173,PENDING_AG03,FALSE,NOT_FOR_ENFORCEMENT,462.1214,25744.1481,481.3764,462.1214,19.2551,0.01677744,0.01610634,19.2551,462.1214,0.01610634,19.2551,19.2551,19.2551,28.8826,28.8826,462.1214,0.01610634,115.5303,105.0591,365.8461,376.3173,0.01275085,0.01311581,0.00067110,4.4782,17.1026,0.3070,14.1581,2.0749,843.8790,46.1176,3.8592,4.7027,2.0771,2.1006,2.2009,10.5412,18.9056,30.5448,2.1006,-2.0771,8.999999,14.540867,2.131851,21,92,33,14,0.22933070,0.01677744,0.06906760,0E-8,0.000000,0.934648,0.477291,-0.06785032,2026-03-31,2026-08-03,34,232,155,126,0.269841,0.820639,0.861772,0.764436,,,,,,,,GLOBAL_BASELINE_NO_ENTITY_RANKING,,,NOT_APPLICABLE_GLOBAL_BASELINE,HF9g-P5,,,,X 全窗基线 · 不参与实体赏罚,8390866,840,A168_HF9F_20260827_0900,2026-08-27 09:00:00
2026-03-31,60761351,1750,0,860.5511048538,152.1920943724,152.1920943724,0.6451613,127,32,0.38724969735818238,0.221514344375,2.9479112197744803,5.6801354510259054,2.9479112197744803,0.16573535298318238,ELIGIBLE,R03b_20260811_FULL_v1,L1_ELIGIBILITY,v2026-08-11,2026-03-21..2026-08-06,baccarat_bet02_101_all_pairs_incl_sentinel,round_win = game_pnl > 0 (decisive only),COMPATIBILITY_ONLY_NOT_PRODUCTION,28691.8873,26816.8210,481.3764,6407,1568,-0.01677744,-0.06906760,-0.00121728,-0.01677744,-481.3764,28691.8873,OK,0.0000,19.2551,4.0000,96.0000,AG03-UNRESOLVED,ALL5_LEVELS_bet23_to_bet27,19.2551,19.2551,19.2551,28.8826,28.8826,4.000000,4.000000,4.000000,6.000000,6.000000,96.000000,96.000000,96.000000,94.000000,94.000000,5.0,115.5303,105.0591,365.8461,376.3173,PENDING_AG03,FALSE,NOT_FOR_ENFORCEMENT,462.1214,25744.1481,481.3764,462.1214,19.2551,0.01677744,0.01610634,19.2551,462.1214,0.01610634,19.2551,19.2551,19.2551,28.8826,28.8826,462.1214,0.01610634,115.5303,105.0591,365.8461,376.3173,0.01275085,0.01311581,0.00067110,4.4782,17.1026,0.3070,14.1581,2.0749,843.8790,46.1176,3.8592,4.7027,2.0771,2.1006,2.2009,10.5412,18.9056,30.5448,2.1006,-2.0771,8.999999,14.540867,2.131851,21,92,33,14,0.22933070,0.01677744,0.06906760,0E-8,0.000000,0.934648,0.477291,-0.06785032,2026-03-31,2026-08-03,34,232,155,126,0.269841,0.820639,0.861772,0.764436,,,,,,,,GLOBAL_BASELINE_NO_ENTITY_RANKING,,,NOT_APPLICABLE_GLOBAL_BASELINE,HF9g-P5,,,,X 全窗基线 · 不参与实体赏罚,8390867,840,A168_HF9F_20260827_0900,2026-08-27 09:00:00
2026-03-31,60761351,471,0,140.8574698484,52.2713267009,52.2713267009,0.6000000,24,5,0.35797080847516839,0.154370776000,1.1288898247472279,2.7579483631165638,1.1288898247472279,0.20360003247516839,ELIGIBLE,R03b_20260811_FULL_v1,L1_ELIGIBILITY,v2026-08-11,2026-03-21..2026-08-06,baccarat_bet02_101_all_pairs_incl_sentinel,round_win = game_pnl > 0 (decisive only),COMPATIBILITY_ONLY_NOT_PRODUCTION,28691.8873,26816.8210,481.3764,6407,1568,-0.01677744,-0.06906760,-0.00121728,-0.01677744,-481.3764,28691.8873,OK,0.0000,19.2551,4.0000,96.0000,AG03-UNRESOLVED,ALL5_LEVELS_bet23_to_bet27,19.2551,19.2551,19.2551,28.8826,28.8826,4.000000,4.000000,4.000000,6.000000,6.000000,96.000000,96.000000,96.000000,94.000000,94.000000,5.0,115.5303,105.0591,365.8461,376.3173,PENDING_AG03,FALSE,NOT_FOR_ENFORCEMENT,462.1214,25744.1481,481.3764,462.1214,19.2551,0.01677744,0.01610634,19.2551,462.1214,0.01610634,19.2551,19.2551,19.2551,28.8826,28.8826,462.1214,0.01610634,115.5303,105.0591,365.8461,376.3173,0.01275085,0.01311581,0.00067110,4.4782,17.1026,0.3070,14.1581,2.0749,843.8790,46.1176,3.8592,4.7027,2.0771,2.1006,2.2009,10.5412,18.9056,30.5448,2.1006,-2.0771,8.999999,14.540867,2.131851,21,92,33,14,0.22933070,0.01677744,0.06906760,0E-8,0.000000,0.934648,0.477291,-0.06785032,2026-03-31,2026-08-03,34,232,155,126,0.269841,0.820639,0.861772,0.764436,,,,,,,,GLOBAL_BASELINE_NO_ENTITY_RANKING,,,NOT_APPLICABLE_GLOBAL_BASELINE,HF9g-P5,,,,X 全窗基线 · 不参与实体赏罚,8390868,840,A168_HF9F_20260827_0900,2026-08-27 09:00:00
2026-03-31,60761351,595,0,70.4287349241,19.6980367988,19.6980367988,0.7500000,10,4,0.44752480346096523,0.339555775000,1.2166196187791927,1.733446774015998,1.2166196187791927,0.10796902846096523,ELIGIBLE,R03b_20260811_FULL_v1,L1_ELIGIBILITY,v2026-08-11,2026-03-21..2026-08-06,baccarat_bet02_101_all_pairs_incl_sentinel,round_win = game_pnl > 0 (decisive only),COMPATIBILITY_ONLY_NOT_PRODUCTION,28691.8873,26816.8210,481.3764,6407,1568,-0.01677744,-0.06906760,-0.00121728,-0.01677744,-481.3764,28691.8873,OK,0.0000,19.2551,4.0000,96.0000,AG03-UNRESOLVED,ALL5_LEVELS_bet23_to_bet27,19.2551,19.2551,19.2551,28.8826,28.8826,4.000000,4.000000,4.000000,6.000000,6.000000,96.000000,96.000000,96.000000,94.000000,94.000000,5.0,115.5303,105.0591,365.8461,376.3173,PENDING_AG03,FALSE,NOT_FOR_ENFORCEMENT,462.1214,25744.1481,481.3764,462.1214,19.2551,0.01677744,0.01610634,19.2551,462.1214,0.01610634,19.2551,19.2551,19.2551,28.8826,28.8826,462.1214,0.01610634,115.5303,105.0591,365.8461,376.3173,0.01275085,0.01311581,0.00067110,4.4782,17.1026,0.3070,14.1581,2.0749,843.8790,46.1176,3.8592,4.7027,2.0771,2.1006,2.2009,10.5412,18.9056,30.5448,2.1006,-2.0771,8.999999,14.540867,2.131851,21,92,33,14,0.22933070,0.01677744,0.06906760,0E-8,0.000000,0.934648,0.477291,-0.06785032,2026-03-31,2026-08-03,34,232,155,126,0.269841,0.820639,0.861772,0.764436,,,,,,,,GLOBAL_BASELINE_NO_ENTITY_RANKING,,,NOT_APPLICABLE_GLOBAL_BASELINE,HF9g-P5,,,,X 全窗基线 · 不参与实体赏罚,8390869,840,A168_HF9F_20260827_0900,2026-08-27 09:00:00
2026-03-31,60761351,763,0,584.3384100730,-150.7615106976,-150.7615106976,0.5000000,80,16,0.34716900975619872,0.140926581250,1.284105073372426,4.127923583951863,1.284105073372426,0.20624242850619872,ELIGIBLE,R03b_20260811_FULL_v1,L1_ELIGIBILITY,v2026-08-11,2026-03-21..2026-08-06,baccarat_bet02_101_all_pairs_incl_sentinel,round_win = game_pnl > 0 (decisive only),COMPATIBILITY_ONLY_NOT_PRODUCTION,28691.8873,26816.8210,481.3764,6407,1568,-0.01677744,-0.06906760,-0.00121728,-0.01677744,-481.3764,28691.8873,OK,0.0000,19.2551,4.0000,96.0000,AG03-UNRESOLVED,ALL5_LEVELS_bet23_to_bet27,19.2551,19.2551,19.2551,28.8826,28.8826,4.000000,4.000000,4.000000,6.000000,6.000000,96.000000,96.000000,96.000000,94.000000,94.000000,5.0,115.5303,105.0591,365.8461,376.3173,PENDING_AG03,FALSE,NOT_FOR_ENFORCEMENT,462.1214,25744.1481,481.3764,462.1214,19.2551,0.01677744,0.01610634,19.2551,462.1214,0.01610634,19.2551,19.2551,19.2551,28.8826,28.8826,462.1214,0.01610634,115.5303,105.0591,365.8461,376.3173,0.01275085,0.01311581,0.00067110,4.4782,17.1026,0.3070,14.1581,2.0749,843.8790,46.1176,3.8592,4.7027,2.0771,2.1006,2.2009,10.5412,18.9056,30.5448,2.1006,-2.0771,8.999999,14.540867,2.131851,21,92,33,14,0.22933070,0.01677744,0.06906760,0E-8,0.000000,0.934648,0.477291,-0.06785032,2026-03-31,2026-08-03,34,232,155,126,0.269841,0.820639,0.861772,0.764436,,,,,,,,GLOBAL_BASELINE_NO_ENTITY_RANKING,,,NOT_APPLICABLE_GLOBAL_BASELINE,HF9g-P5,,,,X 全窗基线 · 不参与实体赏罚,8390870,840,A168_HF9F_20260827_0900,2026-08-27 09:00:00
2026-03-31,60761351,948,0,226.9125803335,-68.4479267547,-68.4479267547,0.2222222,34,9,0.35460131654474820,0.223856070000,-0.8301497678953136,-0.011759186445269966,-0.8301497678953136,0.13074524654474820,ELIGIBLE,R03b_20260811_FULL_v1,L1_ELIGIBILITY,v2026-08-11,2026-03-21..2026-08-06,baccarat_bet02_101_all_pairs_incl_sentinel,round_win = game_pnl > 0 (decisive only),COMPATIBILITY_ONLY_NOT_PRODUCTION,28691.8873,26816.8210,481.3764,6407,1568,-0.01677744,-0.06906760,-0.00121728,-0.01677744,-481.3764,28691.8873,OK,0.0000,19.2551,4.0000,96.0000,AG03-UNRESOLVED,ALL5_LEVELS_bet23_to_bet27,19.2551,19.2551,19.2551,28.8826,28.8826,4.000000,4.000000,4.000000,6.000000,6.000000,96.000000,96.000000,96.000000,94.000000,94.000000,5.0,115.5303,105.0591,365.8461,376.3173,PENDING_AG03,FALSE,NOT_FOR_ENFORCEMENT,462.1214,25744.1481,481.3764,462.1214,19.2551,0.01677744,0.01610634,19.2551,462.1214,0.01610634,19.2551,19.2551,19.2551,28.8826,28.8826,462.1214,0.01610634,115.5303,105.0591,365.8461,376.3173,0.01275085,0.01311581,0.00067110,4.4782,17.1026,0.3070,14.1581,2.0749,843.8790,46.1176,3.8592,4.7027,2.0771,2.1006,2.2009,10.5412,18.9056,30.5448,2.1006,-2.0771,8.999999,14.540867,2.131851,21,92,33,14,0.22933070,0.01677744,0.06906760,0E-8,0.000000,0.934648,0.477291,-0.06785032,2026-03-31,2026-08-03,34,232,155,126,0.269841,0.820639,0.861772,0.764436,,,,,,,,GLOBAL_BASELINE_NO_ENTITY_RANKING,,,NOT_APPLICABLE_GLOBAL_BASELINE,HF9g-P5,,,,X 全窗基线 · 不参与实体赏罚,8390871,840,A168_HF9F_20260827_0900,2026-08-27 09:00:00
2026-03-31,60761351,970,0,72.6296328905,23.1094286466,23.1094286466,0.6666667,13,3,0.37337302348382794,0.255487216667,1.0502368816678496,1.632944264210038,1.0502368816678496,0.11788580681682794,ELIGIBLE,R03b_20260811_FULL_v1,L1_ELIGIBILITY,v2026-08-11,2026-03-21..2026-08-06,baccarat_bet02_101_all_pairs_incl_sentinel,round_win = game_pnl > 0 (decisive only),COMPATIBILITY_ONLY_NOT_PRODUCTION,28691.8873,26816.8210,481.3764,6407,1568,-0.01677744,-0.06906760,-0.00121728,-0.01677744,-481.3764,28691.8873,OK,0.0000,19.2551,4.0000,96.0000,AG03-UNRESOLVED,ALL5_LEVELS_bet23_to_bet27,19.2551,19.2551,19.2551,28.8826,28.8826,4.000000,4.000000,4.000000,6.000000,6.000000,96.000000,96.000000,96.000000,94.000000,94.000000,5.0,115.5303,105.0591,365.8461,376.3173,PENDING_AG03,FALSE,NOT_FOR_ENFORCEMENT,462.1214,25744.1481,481.3764,462.1214,19.2551,0.01677744,0.01610634,19.2551,462.1214,0.01610634,19.2551,19.2551,19.2551,28.8826,28.8826,462.1214,0.01610634,115.5303,105.0591,365.8461,376.3173,0.01275085,0.01311581,0.00067110,4.4782,17.1026,0.3070,14.1581,2.0749,843.8790,46.1176,3.8592,4.7027,2.0771,2.1006,2.2009,10.5412,18.9056,30.5448,2.1006,-2.0771,8.999999,14.540867,2.131851,21,92,33,14,0.22933070,0.01677744,0.06906760,0E-8,0.000000,0.934648,0.477291,-0.06785032,2026-03-31,2026-08-03,34,232,155,126,0.269841,0.820639,0.861772,0.764436,,,,,,,,GLOBAL_BASELINE_NO_ENTITY_RANKING,,,NOT_APPLICABLE_GLOBAL_BASELINE,HF9g-P5,,,,X 全窗基线 · 不参与实体赏罚,8390872,840,A168_HF9F_20260827_0900,2026-08-27 09:00:00
2026-04-08,60761351,1094,0,84.3294752600,22.2418990998,22.2418990998,0.4000000,19,5,0.35043043121212121,0.185658253333,0.23231989417548013,1.232625897073617,0.23231989417548013,0.16477217787912121,ELIGIBLE,R03b_20260811_FULL_v1,L1_ELIGIBILITY,v2026-08-11,2026-03-21..2026-08-06,baccarat_bet02_101_all_pairs_incl_sentinel,round_win = game_pnl > 0 (decisive only),COMPATIBILITY_ONLY_NOT_PRODUCTION,28691.8873,26816.8210,481.3764,6407,1568,-0.01677744,-0.06906760,-0.00121728,-0.01677744,-481.3764,28691.8873,OK,0.0000,19.2551,4.0000,96.0000,AG03-UNRESOLVED,ALL5_LEVELS_bet23_to_bet27,19.2551,19.2551,19.2551,28.8826,28.8826,4.000000,4.000000,4.000000,6.000000,6.000000,96.000000,96.000000,96.000000,94.000000,94.000000,5.0,115.5303,105.0591,365.8461,376.3173,PENDING_AG03,FALSE,NOT_FOR_ENFORCEMENT,462.1214,25744.1481,481.3764,462.1214,19.2551,0.01677744,0.01610634,19.2551,462.1214,0.01610634,19.2551,19.2551,19.2551,28.8826,28.8826,462.1214,0.01610634,115.5303,105.0591,365.8461,376.3173,0.01275085,0.01311581,0.00067110,4.4782,17.1026,0.3070,14.1581,2.0749,843.8790,46.1176,3.8592,4.7027,2.0771,2.1006,2.2009,10.5412,18.9056,30.5448,2.1006,-2.0771,8.999999,14.540867,2.131851,21,92,33,14,0.22933070,0.01677744,0.06906760,0E-8,0.000000,0.934648,0.477291,-0.06785032,2026-03-31,2026-08-03,34,232,155,126,0.269841,0.820639,0.861772,0.764436,,,,,,,,GLOBAL_BASELINE_NO_ENTITY_RANKING,,,NOT_APPLICABLE_GLOBAL_BASELINE,HF9g-P5,,,,X 全窗基线 · 不参与实体赏罚,8390873,840,A168_HF9F_20260827_0900,2026-08-27 09:00:00
2026-04-08,60761351,1646,0,143.3601079419,-11.2790673161,-11.2790673161,0.6250000,31,8,0.32788684883776253,0.164943142708,1.790126300852838,3.506156893545858,1.790126300852838,0.16294370612976253,ELIGIBLE,R03b_20260811_FULL_v1,L1_ELIGIBILITY,v2026-08-11,2026-03-21..2026-08-06,baccarat_bet02_101_all_pairs_incl_sentinel,round_win = game_pnl > 0 (decisive only),COMPATIBILITY_ONLY_NOT_PRODUCTION,28691.8873,26816.8210,481.3764,6407,1568,-0.01677744,-0.06906760,-0.00121728,-0.01677744,-481.3764,28691.8873,OK,0.0000,19.2551,4.0000,96.0000,AG03-UNRESOLVED,ALL5_LEVELS_bet23_to_bet27,19.2551,19.2551,19.2551,28.8826,28.8826,4.000000,4.000000,4.000000,6.000000,6.000000,96.000000,96.000000,96.000000,94.000000,94.000000,5.0,115.5303,105.0591,365.8461,376.3173,PENDING_AG03,FALSE,NOT_FOR_ENFORCEMENT,462.1214,25744.1481,481.3764,462.1214,19.2551,0.01677744,0.01610634,19.2551,462.1214,0.01610634,19.2551,19.2551,19.2551,28.8826,28.8826,462.1214,0.01610634,115.5303,105.0591,365.8461,376.3173,0.01275085,0.01311581,0.00067110,4.4782,17.1026,0.3070,14.1581,2.0749,843.8790,46.1176,3.8592,4.7027,2.0771,2.1006,2.2009,10.5412,18.9056,30.5448,2.1006,-2.0771,8.999999,14.540867,2.131851,21,92,33,14,0.22933070,0.01677744,0.06906760,0E-8,0.000000,0.934648,0.477291,-0.06785032,2026-03-31,2026-08-03,34,232,155,126,0.269841,0.820639,0.861772,0.764436,,,,,,,,GLOBAL_BASELINE_NO_ENTITY_RANKING,,,NOT_APPLICABLE_GLOBAL_BASELINE,HF9g-P5,,,,X 全窗基线 · 不参与实体赏罚,8390874,840,A168_HF9F_20260827_0900,2026-08-27 09:00:00
2026-04-09,60761351,1205,0,37.9482638670,40.0565007485,40.0565007485,1.0000000,5,2,0.42433857500000000,0.342026450000,1.6471847211592159,1.9615047732382036,1.6471847211592159,0.08231212500000000,ELIGIBLE,R03b_20260811_FULL_v1,L1_ELIGIBILITY,v2026-08-11,2026-03-21..2026-08-06,baccarat_bet02_101_all_pairs_incl_sentinel,round_win = game_pnl > 0 (decisive only),COMPATIBILITY_ONLY_NOT_PRODUCTION,28691.8873,26816.8210,481.3764,6407,1568,-0.01677744,-0.06906760,-0.00121728,-0.01677744,-481.3764,28691.8873,OK,0.0000,19.2551,4.0000,96.0000,AG03-UNRESOLVED,ALL5_LEVELS_bet23_to_bet27,19.2551,19.2551,19.2551,28.8826,28.8826,4.000000,4.000000,4.000000,6.000000,6.000000,96.000000,96.000000,96.000000,94.000000,94.000000,5.0,115.5303,105.0591,365.8461,376.3173,PENDING_AG03,FALSE,NOT_FOR_ENFORCEMENT,462.1214,25744.1481,481.3764,462.1214,19.2551,0.01677744,0.01610634,19.2551,462.1214,0.01610634,19.2551,19.2551,19.2551,28.8826,28.8826,462.1214,0.01610634,115.5303,105.0591,365.8461,376.3173,0.01275085,0.01311581,0.00067110,4.4782,17.1026,0.3070,14.1581,2.0749,843.8790,46.1176,3.8592,4.7027,2.0771,2.1006,2.2009,10.5412,18.9056,30.5448,2.1006,-2.0771,8.999999,14.540867,2.131851,21,92,33,14,0.22933070,0.01677744,0.06906760,0E-8,0.000000,0.934648,0.477291,-0.06785032,2026-03-31,2026-08-03,34,232,155,126,0.269841,0.820639,0.861772,0.764436,,,,,,,,GLOBAL_BASELINE_NO_ENTITY_RANKING,,,NOT_APPLICABLE_GLOBAL_BASELINE,HF9g-P5,,,,X 全窗基线 · 不参与实体赏罚,8390875,840,A168_HF9F_20260827_0900,2026-08-27 09:00:00
2026-04-09,60761351,1221,0,133.8730419752,192.9036746568,192.9036746568,0.4285714,31,7,0.25920440582318370,0.128851622143,1.0226040026736933,2.366864806850276,1.0226040026736933,0.13035278368018370,ELIGIBLE,R03b_20260811_FULL_v1,L1_ELIGIBILITY,v2026-08-11,2026-03-21..2026-08-06,baccarat_bet02_101_all_pairs_incl_sentinel,round_win = game_pnl > 0 (decisive only),COMPATIBILITY_ONLY_NOT_PRODUCTION,28691.8873,26816.8210,481.3764,6407,1568,-0.01677744,-0.06906760,-0.00121728,-0.01677744,-481.3764,28691.8873,OK,0.0000,19.2551,4.0000,96.0000,AG03-UNRESOLVED,ALL5_LEVELS_bet23_to_bet27,19.2551,19.2551,19.2551,28.8826,28.8826,4.000000,4.000000,4.000000,6.000000,6.000000,96.000000,96.000000,96.000000,94.000000,94.000000,5.0,115.5303,105.0591,365.8461,376.3173,PENDING_AG03,FALSE,NOT_FOR_ENFORCEMENT,462.1214,25744.1481,481.3764,462.1214,19.2551,0.01677744,0.01610634,19.2551,462.1214,0.01610634,19.2551,19.2551,19.2551,28.8826,28.8826,462.1214,0.01610634,115.5303,105.0591,365.8461,376.3173,0.01275085,0.01311581,0.00067110,4.4782,17.1026,0.3070,14.1581,2.0749,843.8790,46.1176,3.8592,4.7027,2.0771,2.1006,2.2009,10.5412,18.9056,30.5448,2.1006,-2.0771,8.999999,14.540867,2.131851,21,92,33,14,0.22933070,0.01677744,0.06906760,0E-8,0.000000,0.934648,0.477291,-0.06785032,2026-03-31,2026-08-03,34,232,155,126,0.269841,0.820639,0.861772,0.764436,,,,,,,,GLOBAL_BASELINE_NO_ENTITY_RANKING,,,NOT_APPLICABLE_GLOBAL_BASELINE,HF9g-P5,,,,X 全窗基线 · 不参与实体赏罚,8390876,840,A168_HF9F_20260827_0900,2026-08-27 09:00:00
2026-04-09,60761351,2134,0,61.1388695635,-4.6381211393,-4.6381211393,0.5000000,19,5,0.31375710628571429,0.211205933333,0.802738311991933,1.41508780122728,0.802738311991933,0.10255117295271429,ELIGIBLE,R03b_20260811_FULL_v1,L1_ELIGIBILITY,v2026-08-11,2026-03-21..2026-08-06,baccarat_bet02_101_all_pairs_incl_sentinel,round_win = game_pnl > 0 (decisive only),COMPATIBILITY_ONLY_NOT_PRODUCTION,28691.8873,26816.8210,481.3764,6407,1568,-0.01677744,-0.06906760,-0.00121728,-0.01677744,-481.3764,28691.8873,OK,0.0000,19.2551,4.0000,96.0000,AG03-UNRESOLVED,ALL5_LEVELS_bet23_to_bet27,19.2551,19.2551,19.2551,28.8826,28.8826,4.000000,4.000000,4.000000,6.000000,6.000000,96.000000,96.000000,96.000000,94.000000,94.000000,5.0,115.5303,105.0591,365.8461,376.3173,PENDING_AG03,FALSE,NOT_FOR_ENFORCEMENT,462.1214,25744.1481,481.3764,462.1214,19.2551,0.01677744,0.01610634,19.2551,462.1214,0.01610634,19.2551,19.2551,19.2551,28.8826,28.8826,462.1214,0.01610634,115.5303,105.0591,365.8461,376.3173,0.01275085,0.01311581,0.00067110,4.4782,17.1026,0.3070,14.1581,2.0749,843.8790,46.1176,3.8592,4.7027,2.0771,2.1006,2.2009,10.5412,18.9056,30.5448,2.1006,-2.0771,8.999999,14.540867,2.131851,21,92,33,14,0.22933070,0.01677744,0.06906760,0E-8,0.000000,0.934648,0.477291,-0.06785032,2026-03-31,2026-08-03,34,232,155,126,0.269841,0.820639,0.861772,0.764436,,,,,,,,GLOBAL_BASELINE_NO_ENTITY_RANKING,,,NOT_APPLICABLE_GLOBAL_BASELINE,HF9g-P5,,,,X 全窗基线 · 不参与实体赏罚,8390877,840,A168_HF9F_20260827_0900,2026-08-27 09:00:00
2026-04-09,60761351,919,0,210.8236881500,44.2729745114,44.2729745114,0.3750000,32,8,0.39646481306471307,0.174995299792,-0.12411334543300238,1.488825477188993,-0.12411334543300238,0.22146951327271307,ELIGIBLE,R03b_20260811_FULL_v1,L1_ELIGIBILITY,v2026-08-11,2026-03-21..2026-08-06,baccarat_bet02_101_all_pairs_incl_sentinel,round_win = game_pnl > 0 (decisive only),COMPATIBILITY_ONLY_NOT_PRODUCTION,28691.8873,26816.8210,481.3764,6407,1568,-0.01677744,-0.06906760,-0.00121728,-0.01677744,-481.3764,28691.8873,OK,0.0000,19.2551,4.0000,96.0000,AG03-UNRESOLVED,ALL5_LEVELS_bet23_to_bet27,19.2551,19.2551,19.2551,28.8826,28.8826,4.000000,4.000000,4.000000,6.000000,6.000000,96.000000,96.000000,96.000000,94.000000,94.000000,5.0,115.5303,105.0591,365.8461,376.3173,PENDING_AG03,FALSE,NOT_FOR_ENFORCEMENT,462.1214,25744.1481,481.3764,462.1214,19.2551,0.01677744,0.01610634,19.2551,462.1214,0.01610634,19.2551,19.2551,19.2551,28.8826,28.8826,462.1214,0.01610634,115.5303,105.0591,365.8461,376.3173,0.01275085,0.01311581,0.00067110,4.4782,17.1026,0.3070,14.1581,2.0749,843.8790,46.1176,3.8592,4.7027,2.0771,2.1006,2.2009,10.5412,18.9056,30.5448,2.1006,-2.0771,8.999999,14.540867,2.131851,21,92,33,14,0.22933070,0.01677744,0.06906760,0E-8,0.000000,0.934648,0.477291,-0.06785032,2026-03-31,2026-08-03,34,232,155,126,0.269841,0.820639,0.861772,0.764436,,,,,,,,GLOBAL_BASELINE_NO_ENTITY_RANKING,,,NOT_APPLICABLE_GLOBAL_BASELINE,HF9g-P5,,,,X 全窗基线 · 不参与实体赏罚,8390878,840,A168_HF9F_20260827_0900,2026-08-27 09:00:00
2026-04-12,60761351,1710,0,25.5096662661,-25.5096662661,-25.5096662661,0E-7,5,1,0.35083534297492748,0.148612920000,-0.7351470776510204,-0.4177964601561955,-0.7351470776510204,0.20222242297492748,ELIGIBLE,R03b_20260811_FULL_v1,L1_ELIGIBILITY,v2026-08-11,2026-03-21..2026-08-06,baccarat_bet02_101_all_pairs_incl_sentinel,round_win = game_pnl > 0 (decisive only),COMPATIBILITY_ONLY_NOT_PRODUCTION,28691.8873,26816.8210,481.3764,6407,1568,-0.01677744,-0.06906760,-0.00121728,-0.01677744,-481.3764,28691.8873,OK,0.0000,19.2551,4.0000,96.0000,AG03-UNRESOLVED,ALL5_LEVELS_bet23_to_bet27,19.2551,19.2551,19.2551,28.8826,28.8826,4.000000,4.000000,4.000000,6.000000,6.000000,96.000000,96.000000,96.000000,94.000000,94.000000,5.0,115.5303,105.0591,365.8461,376.3173,PENDING_AG03,FALSE,NOT_FOR_ENFORCEMENT,462.1214,25744.1481,481.3764,462.1214,19.2551,0.01677744,0.01610634,19.2551,462.1214,0.01610634,19.2551,19.2551,19.2551,28.8826,28.8826,462.1214,0.01610634,115.5303,105.0591,365.8461,376.3173,0.01275085,0.01311581,0.00067110,4.4782,17.1026,0.3070,14.1581,2.0749,843.8790,46.1176,3.8592,4.7027,2.0771,2.1006,2.2009,10.5412,18.9056,30.5448,2.1006,-2.0771,8.999999,14.540867,2.131851,21,92,33,14,0.22933070,0.01677744,0.06906760,0E-8,0.000000,0.934648,0.477291,-0.06785032,2026-03-31,2026-08-03,34,232,155,126,0.269841,0.820639,0.861772,0.764436,,,,,,,,GLOBAL_BASELINE_NO_ENTITY_RANKING,,,NOT_APPLICABLE_GLOBAL_BASELINE,HF9g-P5,,,,X 全窗基线 · 不参与实体赏罚,8390879,840,A168_HF9F_20260827_0900,2026-08-27 09:00:00
2026-04-13,60761351,1646,0,207.6613328277,-92.2353635656,-92.2353635656,0.1666667,63,12,0.21616234933049936,0.117265433333,-0.4165382187404848,0.5318979806207774,-0.4165382187404848,0.09889691599749936,ELIGIBLE,R03b_20260811_FULL_v1,L1_ELIGIBILITY,v2026-08-11,2026-03-21..2026-08-06,baccarat_bet02_101_all_pairs_incl_sentinel,round_win = game_pnl > 0 (decisive only),COMPATIBILITY_ONLY_NOT_PRODUCTION,28691.8873,26816.8210,481.3764,6407,1568,-0.01677744,-0.06906760,-0.00121728,-0.01677744,-481.3764,28691.8873,OK,0.0000,19.2551,4.0000,96.0000,AG03-UNRESOLVED,ALL5_LEVELS_bet23_to_bet27,19.2551,19.2551,19.2551,28.8826,28.8826,4.000000,4.000000,4.000000,6.000000,6.000000,96.000000,96.000000,96.000000,94.000000,94.000000,5.0,115.5303,105.0591,365.8461,376.3173,PENDING_AG03,FALSE,NOT_FOR_ENFORCEMENT,462.1214,25744.1481,481.3764,462.1214,19.2551,0.01677744,0.01610634,19.2551,462.1214,0.01610634,19.2551,19.2551,19.2551,28.8826,28.8826,462.1214,0.01610634,115.5303,105.0591,365.8461,376.3173,0.01275085,0.01311581,0.00067110,4.4782,17.1026,0.3070,14.1581,2.0749,843.8790,46.1176,3.8592,4.7027,2.0771,2.1006,2.2009,10.5412,18.9056,30.5448,2.1006,-2.0771,8.999999,14.540867,2.131851,21,92,33,14,0.22933070,0.01677744,0.06906760,0E-8,0.000000,0.934648,0.477291,-0.06785032,2026-03-31,2026-08-03,34,232,155,126,0.269841,0.820639,0.861772,0.764436,,,,,,,,GLOBAL_BASELINE_NO_ENTITY_RANKING,,,NOT_APPLICABLE_GLOBAL_BASELINE,HF9g-P5,,,,X 全窗基线 · 不参与实体赏罚,8390880,840,A168_HF9F_20260827_0900,2026-08-27 09:00:00
2026-04-13,60761351,1947,0,21.0823688150,52.1788628171,52.1788628171,1.0000000,6,1,0.28366340000000000,0.135005200000,1.589120823525185,2.531229364565325,1.589120823525185,0.14865820000000000,ELIGIBLE,R03b_20260811_FULL_v1,L1_ELIGIBILITY,v2026-08-11,2026-03-21..2026-08-06,baccarat_bet02_101_all_pairs_incl_sentinel,round_win = game_pnl > 0 (decisive only),COMPATIBILITY_ONLY_NOT_PRODUCTION,28691.8873,26816.8210,481.3764,6407,1568,-0.01677744,-0.06906760,-0.00121728,-0.01677744,-481.3764,28691.8873,OK,0.0000,19.2551,4.0000,96.0000,AG03-UNRESOLVED,ALL5_LEVELS_bet23_to_bet27,19.2551,19.2551,19.2551,28.8826,28.8826,4.000000,4.000000,4.000000,6.000000,6.000000,96.000000,96.000000,96.000000,94.000000,94.000000,5.0,115.5303,105.0591,365.8461,376.3173,PENDING_AG03,FALSE,NOT_FOR_ENFORCEMENT,462.1214,25744.1481,481.3764,462.1214,19.2551,0.01677744,0.01610634,19.2551,462.1214,0.01610634,19.2551,19.2551,19.2551,28.8826,28.8826,462.1214,0.01610634,115.5303,105.0591,365.8461,376.3173,0.01275085,0.01311581,0.00067110,4.4782,17.1026,0.3070,14.1581,2.0749,843.8790,46.1176,3.8592,4.7027,2.0771,2.1006,2.2009,10.5412,18.9056,30.5448,2.1006,-2.0771,8.999999,14.540867,2.131851,21,92,33,14,0.22933070,0.01677744,0.06906760,0E-8,0.000000,0.934648,0.477291,-0.06785032,2026-03-31,2026-08-03,34,232,155,126,0.269841,0.820639,0.861772,0.764436,,,,,,,,GLOBAL_BASELINE_NO_ENTITY_RANKING,,,NOT_APPLICABLE_GLOBAL_BASELINE,HF9g-P5,,,,X 全窗基线 · 不参与实体赏罚,8390881,840,A168_HF9F_20260827_0900,2026-08-27 09:00:00
2026-04-13,60761351,1951,0,16.8658950520,-16.8658950520,-16.8658950520,0E-7,4,1,0.34202645000000000,0.177402200000,-0.7209840025208819,-0.46439306844574846,-0.7209840025208819,0.16462425000000000,ELIGIBLE,R03b_20260811_FULL_v1,L1_ELIGIBILITY,v2026-08-11,2026-03-21..2026-08-06,baccarat_bet02_101_all_pairs_incl_sentinel,round_win = game_pnl > 0 (decisive only),COMPATIBILITY_ONLY_NOT_PRODUCTION,28691.8873,26816.8210,481.3764,6407,1568,-0.01677744,-0.06906760,-0.00121728,-0.01677744,-481.3764,28691.8873,OK,0.0000,19.2551,4.0000,96.0000,AG03-UNRESOLVED,ALL5_LEVELS_bet23_to_bet27,19.2551,19.2551,19.2551,28.8826,28.8826,4.000000,4.000000,4.000000,6.000000,6.000000,96.000000,96.000000,96.000000,94.000000,94.000000,5.0,115.5303,105.0591,365.8461,376.3173,PENDING_AG03,FALSE,NOT_FOR_ENFORCEMENT,462.1214,25744.1481,481.3764,462.1214,19.2551,0.01677744,0.01610634,19.2551,462.1214,0.01610634,19.2551,19.2551,19.2551,28.8826,28.8826,462.1214,0.01610634,115.5303,105.0591,365.8461,376.3173,0.01275085,0.01311581,0.00067110,4.4782,17.1026,0.3070,14.1581,2.0749,843.8790,46.1176,3.8592,4.7027,2.0771,2.1006,2.2009,10.5412,18.9056,30.5448,2.1006,-2.0771,8.999999,14.540867,2.131851,21,92,33,14,0.22933070,0.01677744,0.06906760,0E-8,0.000000,0.934648,0.477291,-0.06785032,2026-03-31,2026-08-03,34,232,155,126,0.269841,0.820639,0.861772,0.764436,,,,,,,,GLOBAL_BASELINE_NO_ENTITY_RANKING,,,NOT_APPLICABLE_GLOBAL_BASELINE,HF9g-P5,,,,X 全窗基线 · 不参与实体赏罚,8390882,840,A168_HF9F_20260827_0900,2026-08-27 09:00:00
2026-04-13,60761351,919,0,46.3812113930,-6.8517698649,-6.8517698649,0.5000000,10,2,0.34470025357142857,0.156203700000,0.46210954922578706,1.3392193925821438,0.46210954922578706,0.18849655357142857,ELIGIBLE,R03b_20260811_FULL_v1,L1_ELIGIBILITY,v2026-08-11,2026-03-21..2026-08-06,baccarat_bet02_101_all_pairs_incl_sentinel,round_win = game_pnl > 0 (decisive only),COMPATIBILITY_ONLY_NOT_PRODUCTION,28691.8873,26816.8210,481.3764,6407,1568,-0.01677744,-0.06906760,-0.00121728,-0.01677744,-481.3764,28691.8873,OK,0.0000,19.2551,4.0000,96.0000,AG03-UNRESOLVED,ALL5_LEVELS_bet23_to_bet27,19.2551,19.2551,19.2551,28.8826,28.8826,4.000000,4.000000,4.000000,6.000000,6.000000,96.000000,96.000000,96.000000,94.000000,94.000000,5.0,115.5303,105.0591,365.8461,376.3173,PENDING_AG03,FALSE,NOT_FOR_ENFORCEMENT,462.1214,25744.1481,481.3764,462.1214,19.2551,0.01677744,0.01610634,19.2551,462.1214,0.01610634,19.2551,19.2551,19.2551,28.8826,28.8826,462.1214,0.01610634,115.5303,105.0591,365.8461,376.3173,0.01275085,0.01311581,0.00067110,4.4782,17.1026,0.3070,14.1581,2.0749,843.8790,46.1176,3.8592,4.7027,2.0771,2.1006,2.2009,10.5412,18.9056,30.5448,2.1006,-2.0771,8.999999,14.540867,2.131851,21,92,33,14,0.22933070,0.01677744,0.06906760,0E-8,0.000000,0.934648,0.477291,-0.06785032,2026-03-31,2026-08-03,34,232,155,126,0.269841,0.820639,0.861772,0.764436,,,,,,,,GLOBAL_BASELINE_NO_ENTITY_RANKING,,,NOT_APPLICABLE_GLOBAL_BASELINE,HF9g-P5,,,,X 全窗基线 · 不参与实体赏罚,8390883,840,A168_HF9F_20260827_0900,2026-08-27 09:00:00
2026-04-15,60761351,1157,0,74.8424092932,19.5011911538,19.5011911538,0.5000000,13,4,0.40674121195644449,0.320878580000,0.37969823958909726,0.7674205795568432,0.37969823958909726,0.08586263195644449,ELIGIBLE,R03b_20260811_FULL_v1,L1_ELIGIBILITY,v2026-08-11,2026-03-21..2026-08-06,baccarat_bet02_101_all_pairs_incl_sentinel,round_win = game_pnl > 0 (decisive only),COMPATIBILITY_ONLY_NOT_PRODUCTION,28691.8873,26816.8210,481.3764,6407,1568,-0.01677744,-0.06906760,-0.00121728,-0.01677744,-481.3764,28691.8873,OK,0.0000,19.2551,4.0000,96.0000,AG03-UNRESOLVED,ALL5_LEVELS_bet23_to_bet27,19.2551,19.2551,19.2551,28.8826,28.8826,4.000000,4.000000,4.000000,6.000000,6.000000,96.000000,96.000000,96.000000,94.000000,94.000000,5.0,115.5303,105.0591,365.8461,376.3173,PENDING_AG03,FALSE,NOT_FOR_ENFORCEMENT,462.1214,25744.1481,481.3764,462.1214,19.2551,0.01677744,0.01610634,19.2551,462.1214,0.01610634,19.2551,19.2551,19.2551,28.8826,28.8826,462.1214,0.01610634,115.5303,105.0591,365.8461,376.3173,0.01275085,0.01311581,0.00067110,4.4782,17.1026,0.3070,14.1581,2.0749,843.8790,46.1176,3.8592,4.7027,2.0771,2.1006,2.2009,10.5412,18.9056,30.5448,2.1006,-2.0771,8.999999,14.540867,2.131851,21,92,33,14,0.22933070,0.01677744,0.06906760,0E-8,0.000000,0.934648,0.477291,-0.06785032,2026-03-31,2026-08-03,34,232,155,126,0.269841,0.820639,0.861772,0.764436,,,,,,,,GLOBAL_BASELINE_NO_ENTITY_RANKING,,,NOT_APPLICABLE_GLOBAL_BASELINE,HF9g-P5,,,,X 全窗基线 · 不参与实体赏罚,8390884,840,A168_HF9F_20260827_0900,2026-08-27 09:00:00
2026-04-15,60761351,1299,0,23.1906056965,6.3247106445,6.3247106445,1.0000000,5,1,0.33659432727272727,0.148612920000,1.4039000651993132,2.3935099871984185,1.4039000651993132,0.18798140727272727,ELIGIBLE,R03b_20260811_FULL_v1,L1_ELIGIBILITY,v2026-08-11,2026-03-21..2026-08-06,baccarat_bet02_101_all_pairs_incl_sentinel,round_win = game_pnl > 0 (decisive only),COMPATIBILITY_ONLY_NOT_PRODUCTION,28691.8873,26816.8210,481.3764,6407,1568,-0.01677744,-0.06906760,-0.00121728,-0.01677744,-481.3764,28691.8873,OK,0.0000,19.2551,4.0000,96.0000,AG03-UNRESOLVED,ALL5_LEVELS_bet23_to_bet27,19.2551,19.2551,19.2551,28.8826,28.8826,4.000000,4.000000,4.000000,6.000000,6.000000,96.000000,96.000000,96.000000,94.000000,94.000000,5.0,115.5303,105.0591,365.8461,376.3173,PENDING_AG03,FALSE,NOT_FOR_ENFORCEMENT,462.1214,25744.1481,481.3764,462.1214,19.2551,0.01677744,0.01610634,19.2551,462.1214,0.01610634,19.2551,19.2551,19.2551,28.8826,28.8826,462.1214,0.01610634,115.5303,105.0591,365.8461,376.3173,0.01275085,0.01311581,0.00067110,4.4782,17.1026,0.3070,14.1581,2.0749,843.8790,46.1176,3.8592,4.7027,2.0771,2.1006,2.2009,10.5412,18.9056,30.5448,2.1006,-2.0771,8.999999,14.540867,2.131851,21,92,33,14,0.22933070,0.01677744,0.06906760,0E-8,0.000000,0.934648,0.477291,-0.06785032,2026-03-31,2026-08-03,34,232,155,126,0.269841,0.820639,0.861772,0.764436,,,,,,,,GLOBAL_BASELINE_NO_ENTITY_RANKING,,,NOT_APPLICABLE_GLOBAL_BASELINE,HF9g-P5,,,,X 全窗基线 · 不参与实体赏罚,8390885,840,A168_HF9F_20260827_0900,2026-08-27 09:00:00
2026-04-15,60761351,1405,0,157.0636476717,125.3873885271,125.3873885271,0.7000000,39,10,0.30177504751937946,0.188098861500,2.7433999289322517,4.142298931290744,2.7433999289322517,0.11367618601937946,ELIGIBLE,R03b_20260811_FULL_v1,L1_ELIGIBILITY,v2026-08-11,2026-03-21..2026-08-06,baccarat_bet02_101_all_pairs_incl_sentinel,round_win = game_pnl > 0 (decisive only),COMPATIBILITY_ONLY_NOT_PRODUCTION,28691.8873,26816.8210,481.3764,6407,1568,-0.01677744,-0.06906760,-0.00121728,-0.01677744,-481.3764,28691.8873,OK,0.0000,19.2551,4.0000,96.0000,AG03-UNRESOLVED,ALL5_LEVELS_bet23_to_bet27,19.2551,19.2551,19.2551,28.8826,28.8826,4.000000,4.000000,4.000000,6.000000,6.000000,96.000000,96.000000,96.000000,94.000000,94.000000,5.0,115.5303,105.0591,365.8461,376.3173,PENDING_AG03,FALSE,NOT_FOR_ENFORCEMENT,462.1214,25744.1481,481.3764,462.1214,19.2551,0.01677744,0.01610634,19.2551,462.1214,0.01610634,19.2551,19.2551,19.2551,28.8826,28.8826,462.1214,0.01610634,115.5303,105.0591,365.8461,376.3173,0.01275085,0.01311581,0.00067110,4.4782,17.1026,0.3070,14.1581,2.0749,843.8790,46.1176,3.8592,4.7027,2.0771,2.1006,2.2009,10.5412,18.9056,30.5448,2.1006,-2.0771,8.999999,14.540867,2.131851,21,92,33,14,0.22933070,0.01677744,0.06906760,0E-8,0.000000,0.934648,0.477291,-0.06785032,2026-03-31,2026-08-03,34,232,155,126,0.269841,0.820639,0.861772,0.764436,,,,,,,,GLOBAL_BASELINE_NO_ENTITY_RANKING,,,NOT_APPLICABLE_GLOBAL_BASELINE,HF9g-P5,,,,X 全窗基线 · 不参与实体赏罚,8390886,840,A168_HF9F_20260827_0900,2026-08-27 09:00:00
2026-04-15,60761351,1646,0,18.9741319335,-8.4329475260,-8.4329475260,0E-7,5,1,0.30178295555555556,0.148612920000,-0.6574339549067527,-0.4177964601561955,-0.6574339549067527,0.15317003555555556,ELIGIBLE,R03b_20260811_FULL_v1,L1_ELIGIBILITY,v2026-08-11,2026-03-21..2026-08-06,baccarat_bet02_101_all_pairs_incl_sentinel,round_win = game_pnl > 0 (decisive only),COMPATIBILITY_ONLY_NOT_PRODUCTION,28691.8873,26816.8210,481.3764,6407,1568,-0.01677744,-0.06906760,-0.00121728,-0.01677744,-481.3764,28691.8873,OK,0.0000,19.2551,4.0000,96.0000,AG03-UNRESOLVED,ALL5_LEVELS_bet23_to_bet27,19.2551,19.2551,19.2551,28.8826,28.8826,4.000000,4.000000,4.000000,6.000000,6.000000,96.000000,96.000000,96.000000,94.000000,94.000000,5.0,115.5303,105.0591,365.8461,376.3173,PENDING_AG03,FALSE,NOT_FOR_ENFORCEMENT,462.1214,25744.1481,481.3764,462.1214,19.2551,0.01677744,0.01610634,19.2551,462.1214,0.01610634,19.2551,19.2551,19.2551,28.8826,28.8826,462.1214,0.01610634,115.5303,105.0591,365.8461,376.3173,0.01275085,0.01311581,0.00067110,4.4782,17.1026,0.3070,14.1581,2.0749,843.8790,46.1176,3.8592,4.7027,2.0771,2.1006,2.2009,10.5412,18.9056,30.5448,2.1006,-2.0771,8.999999,14.540867,2.131851,21,92,33,14,0.22933070,0.01677744,0.06906760,0E-8,0.000000,0.934648,0.477291,-0.06785032,2026-03-31,2026-08-03,34,232,155,126,0.269841,0.820639,0.861772,0.764436,,,,,,,,GLOBAL_BASELINE_NO_ENTITY_RANKING,,,NOT_APPLICABLE_GLOBAL_BASELINE,HF9g-P5,,,,X 全窗基线 · 不参与实体赏罚,8390887,840,A168_HF9F_20260827_0900,2026-08-27 09:00:00
2026-04-15,60761351,1710,0,175.6161322289,-55.9736892038,-55.9736892038,0.4444444,46,10,0.29070865502014502,0.173855275500,1.0156753813227917,2.1419516325345302,1.0156753813227917,0.11685337952014502,ELIGIBLE,R03b_20260811_FULL_v1,L1_ELIGIBILITY,v2026-08-11,2026-03-21..2026-08-06,baccarat_bet02_101_all_pairs_incl_sentinel,round_win = game_pnl > 0 (decisive only),COMPATIBILITY_ONLY_NOT_PRODUCTION,28691.8873,26816.8210,481.3764,6407,1568,-0.01677744,-0.06906760,-0.00121728,-0.01677744,-481.3764,28691.8873,OK,0.0000,19.2551,4.0000,96.0000,AG03-UNRESOLVED,ALL5_LEVELS_bet23_to_bet27,19.2551,19.2551,19.2551,28.8826,28.8826,4.000000,4.000000,4.000000,6.000000,6.000000,96.000000,96.000000,96.000000,94.000000,94.000000,5.0,115.5303,105.0591,365.8461,376.3173,PENDING_AG03,FALSE,NOT_FOR_ENFORCEMENT,462.1214,25744.1481,481.3764,462.1214,19.2551,0.01677744,0.01610634,19.2551,462.1214,0.01610634,19.2551,19.2551,19.2551,28.8826,28.8826,462.1214,0.01610634,115.5303,105.0591,365.8461,376.3173,0.01275085,0.01311581,0.00067110,4.4782,17.1026,0.3070,14.1581,2.0749,843.8790,46.1176,3.8592,4.7027,2.0771,2.1006,2.2009,10.5412,18.9056,30.5448,2.1006,-2.0771,8.999999,14.540867,2.131851,21,92,33,14,0.22933070,0.01677744,0.06906760,0E-8,0.000000,0.934648,0.477291,-0.06785032,2026-03-31,2026-08-03,34,232,155,126,0.269841,0.820639,0.861772,0.764436,,,,,,,,GLOBAL_BASELINE_NO_ENTITY_RANKING,,,NOT_APPLICABLE_GLOBAL_BASELINE,HF9g-P5,,,,X 全窗基线 · 不参与实体赏罚,8390888,840,A168_HF9F_20260827_0900,2026-08-27 09:00:00
2026-04-15,60761351,772,0,97.1897202371,-42.3755613181,-42.3755613181,0.2857143,26,7,0.33820273336106061,0.251714300714,-0.2935362268569195,0.2072717326372801,-0.2935362268569195,0.08648843264706061,ELIGIBLE,R03b_20260811_FULL_v1,L1_ELIGIBILITY,v2026-08-11,2026-03-21..2026-08-06,baccarat_bet02_101_all_pairs_incl_sentinel,round_win = game_pnl > 0 (decisive only),COMPATIBILITY_ONLY_NOT_PRODUCTION,28691.8873,26816.8210,481.3764,6407,1568,-0.01677744,-0.06906760,-0.00121728,-0.01677744,-481.3764,28691.8873,OK,0.0000,19.2551,4.0000,96.0000,AG03-UNRESOLVED,ALL5_LEVELS_bet23_to_bet27,19.2551,19.2551,19.2551,28.8826,28.8826,4.000000,4.000000,4.000000,6.000000,6.000000,96.000000,96.000000,96.000000,94.000000,94.000000,5.0,115.5303,105.0591,365.8461,376.3173,PENDING_AG03,FALSE,NOT_FOR_ENFORCEMENT,462.1214,25744.1481,481.3764,462.1214,19.2551,0.01677744,0.01610634,19.2551,462.1214,0.01610634,19.2551,19.2551,19.2551,28.8826,28.8826,462.1214,0.01610634,115.5303,105.0591,365.8461,376.3173,0.01275085,0.01311581,0.00067110,4.4782,17.1026,0.3070,14.1581,2.0749,843.8790,46.1176,3.8592,4.7027,2.0771,2.1006,2.2009,10.5412,18.9056,30.5448,2.1006,-2.0771,8.999999,14.540867,2.131851,21,92,33,14,0.22933070,0.01677744,0.06906760,0E-8,0.000000,0.934648,0.477291,-0.06785032,2026-03-31,2026-08-03,34,232,155,126,0.269841,0.820639,0.861772,0.764436,,,,,,,,GLOBAL_BASELINE_NO_ENTITY_RANKING,,,NOT_APPLICABLE_GLOBAL_BASELINE,HF9g-P5,,,,X 全窗基线 · 不参与实体赏罚,8390889,840,A168_HF9F_20260827_0900,2026-08-27 09:00:00
2026-04-16,60761351,1304,0,48.7002719626,-19.5117323383,-19.5117323383,0.2500000,11,4,0.38489202996293508,0.334829130000,-0.5544611862348516,-0.35949824989836354,-0.5544611862348516,0.05006289996293508,ELIGIBLE,R03b_20260811_FULL_v1,L1_ELIGIBILITY,v2026-08-11,2026-03-21..2026-08-06,baccarat_bet02_101_all_pairs_incl_sentinel,round_win = game_pnl > 0 (decisive only),COMPATIBILITY_ONLY_NOT_PRODUCTION,28691.8873,26816.8210,481.3764,6407,1568,-0.01677744,-0.06906760,-0.00121728,-0.01677744,-481.3764,28691.8873,OK,0.0000,19.2551,4.0000,96.0000,AG03-UNRESOLVED,ALL5_LEVELS_bet23_to_bet27,19.2551,19.2551,19.2551,28.8826,28.8826,4.000000,4.000000,4.000000,6.000000,6.000000,96.000000,96.000000,96.000000,94.000000,94.000000,5.0,115.5303,105.0591,365.8461,376.3173,PENDING_AG03,FALSE,NOT_FOR_ENFORCEMENT,462.1214,25744.1481,481.3764,462.1214,19.2551,0.01677744,0.01610634,19.2551,462.1214,0.01610634,19.2551,19.2551,19.2551,28.8826,28.8826,462.1214,0.01610634,115.5303,105.0591,365.8461,376.3173,0.01275085,0.01311581,0.00067110,4.4782,17.1026,0.3070,14.1581,2.0749,843.8790,46.1176,3.8592,4.7027,2.0771,2.1006,2.2009,10.5412,18.9056,30.5448,2.1006,-2.0771,8.999999,14.540867,2.131851,21,92,33,14,0.22933070,0.01677744,0.06906760,0E-8,0.000000,0.934648,0.477291,-0.06785032,2026-03-31,2026-08-03,34,232,155,126,0.269841,0.820639,0.861772,0.764436,,,,,,,,GLOBAL_BASELINE_NO_ENTITY_RANKING,,,NOT_APPLICABLE_GLOBAL_BASELINE,HF9g-P5,,,,X 全窗基线 · 不参与实体赏罚,8390890,840,A168_HF9F_20260827_0900,2026-08-27 09:00:00
2026-04-16,60761351,1702,0,33.3101427277,-22.7689583202,-22.7689583202,0E-7,9,2,0.30717681474358975,0.163007560000,-0.941668423620447,-0.6241056345727769,-0.941668423620447,0.14416925474358975,ELIGIBLE,R03b_20260811_FULL_v1,L1_ELIGIBILITY,v2026-08-11,2026-03-21..2026-08-06,baccarat_bet02_101_all_pairs_incl_sentinel,round_win = game_pnl > 0 (decisive only),COMPATIBILITY_ONLY_NOT_PRODUCTION,28691.8873,26816.8210,481.3764,6407,1568,-0.01677744,-0.06906760,-0.00121728,-0.01677744,-481.3764,28691.8873,OK,0.0000,19.2551,4.0000,96.0000,AG03-UNRESOLVED,ALL5_LEVELS_bet23_to_bet27,19.2551,19.2551,19.2551,28.8826,28.8826,4.000000,4.000000,4.000000,6.000000,6.000000,96.000000,96.000000,96.000000,94.000000,94.000000,5.0,115.5303,105.0591,365.8461,376.3173,PENDING_AG03,FALSE,NOT_FOR_ENFORCEMENT,462.1214,25744.1481,481.3764,462.1214,19.2551,0.01677744,0.01610634,19.2551,462.1214,0.01610634,19.2551,19.2551,19.2551,28.8826,28.8826,462.1214,0.01610634,115.5303,105.0591,365.8461,376.3173,0.01275085,0.01311581,0.00067110,4.4782,17.1026,0.3070,14.1581,2.0749,843.8790,46.1176,3.8592,4.7027,2.0771,2.1006,2.2009,10.5412,18.9056,30.5448,2.1006,-2.0771,8.999999,14.540867,2.131851,21,92,33,14,0.22933070,0.01677744,0.06906760,0E-8,0.000000,0.934648,0.477291,-0.06785032,2026-03-31,2026-08-03,34,232,155,126,0.269841,0.820639,0.861772,0.764436,,,,,,,,GLOBAL_BASELINE_NO_ENTITY_RANKING,,,NOT_APPLICABLE_GLOBAL_BASELINE,HF9g-P5,,,,X 全窗基线 · 不参与实体赏罚,8390891,840,A168_HF9F_20260827_0900,2026-08-27 09:00:00
2026-04-16,60761351,1710,0,16.8658950520,-16.8658950520,-16.8658950520,0E-7,5,1,0.27785013750000000,0.148612920000,-0.6202855178574075,-0.4177964601561955,-0.6202855178574075,0.12923721750000000,ELIGIBLE,R03b_20260811_FULL_v1,L1_ELIGIBILITY,v2026-08-11,2026-03-21..2026-08-06,baccarat_bet02_101_all_pairs_incl_sentinel,round_win = game_pnl > 0 (decisive only),COMPATIBILITY_ONLY_NOT_PRODUCTION,28691.8873,26816.8210,481.3764,6407,1568,-0.01677744,-0.06906760,-0.00121728,-0.01677744,-481.3764,28691.8873,OK,0.0000,19.2551,4.0000,96.0000,AG03-UNRESOLVED,ALL5_LEVELS_bet23_to_bet27,19.2551,19.2551,19.2551,28.8826,28.8826,4.000000,4.000000,4.000000,6.000000,6.000000,96.000000,96.000000,96.000000,94.000000,94.000000,5.0,115.5303,105.0591,365.8461,376.3173,PENDING_AG03,FALSE,NOT_FOR_ENFORCEMENT,462.1214,25744.1481,481.3764,462.1214,19.2551,0.01677744,0.01610634,19.2551,462.1214,0.01610634,19.2551,19.2551,19.2551,28.8826,28.8826,462.1214,0.01610634,115.5303,105.0591,365.8461,376.3173,0.01275085,0.01311581,0.00067110,4.4782,17.1026,0.3070,14.1581,2.0749,843.8790,46.1176,3.8592,4.7027,2.0771,2.1006,2.2009,10.5412,18.9056,30.5448,2.1006,-2.0771,8.999999,14.540867,2.131851,21,92,33,14,0.22933070,0.01677744,0.06906760,0E-8,0.000000,0.934648,0.477291,-0.06785032,2026-03-31,2026-08-03,34,232,155,126,0.269841,0.820639,0.861772,0.764436,,,,,,,,GLOBAL_BASELINE_NO_ENTITY_RANKING,,,NOT_APPLICABLE_GLOBAL_BASELINE,HF9g-P5,,,,X 全窗基线 · 不参与实体赏罚,8390892,840,A168_HF9F_20260827_0900,2026-08-27 09:00:00
2026-04-16,60761351,1750,0,96.9788965490,-46.3812113930,-46.3812113930,0.3333333,22,6,0.35078790217592593,0.268254906667,-0.08959198212693688,0.35979814786529374,-0.08959198212693688,0.08253299550892593,ELIGIBLE,R03b_20260811_FULL_v1,L1_ELIGIBILITY,v2026-08-11,2026-03-21..2026-08-06,baccarat_bet02_101_all_pairs_incl_sentinel,round_win = game_pnl > 0 (decisive only),COMPATIBILITY_ONLY_NOT_PRODUCTION,28691.8873,26816.8210,481.3764,6407,1568,-0.01677744,-0.06906760,-0.00121728,-0.01677744,-481.3764,28691.8873,OK,0.0000,19.2551,4.0000,96.0000,AG03-UNRESOLVED,ALL5_LEVELS_bet23_to_bet27,19.2551,19.2551,19.2551,28.8826,28.8826,4.000000,4.000000,4.000000,6.000000,6.000000,96.000000,96.000000,96.000000,94.000000,94.000000,5.0,115.5303,105.0591,365.8461,376.3173,PENDING_AG03,FALSE,NOT_FOR_ENFORCEMENT,462.1214,25744.1481,481.3764,462.1214,19.2551,0.01677744,0.01610634,19.2551,462.1214,0.01610634,19.2551,19.2551,19.2551,28.8826,28.8826,462.1214,0.01610634,115.5303,105.0591,365.8461,376.3173,0.01275085,0.01311581,0.00067110,4.4782,17.1026,0.3070,14.1581,2.0749,843.8790,46.1176,3.8592,4.7027,2.0771,2.1006,2.2009,10.5412,18.9056,30.5448,2.1006,-2.0771,8.999999,14.540867,2.131851,21,92,33,14,0.22933070,0.01677744,0.06906760,0E-8,0.000000,0.934648,0.477291,-0.06785032,2026-03-31,2026-08-03,34,232,155,126,0.269841,0.820639,0.861772,0.764436,,,,,,,,GLOBAL_BASELINE_NO_ENTITY_RANKING,,,NOT_APPLICABLE_GLOBAL_BASELINE,HF9g-P5,,,,X 全窗基线 · 不参与实体赏罚,8390893,840,A168_HF9F_20260827_0900,2026-08-27 09:00:00
2026-04-29,60761351,1382,0,105.4118440750,35.8400269855,35.8400269855,0.7500000,21,4,0.29363746785714286,0.125278855000,2.0041047357832182,3.7743528756186295,2.0041047357832182,0.16835861285714286,ELIGIBLE,R03b_20260811_FULL_v1,L1_ELIGIBILITY,v2026-08-11,2026-03-21..2026-08-06,baccarat_bet02_101_all_pairs_incl_sentinel,round_win = game_pnl > 0 (decisive only),COMPATIBILITY_ONLY_NOT_PRODUCTION,28691.8873,26816.8210,481.3764,6407,1568,-0.01677744,-0.06906760,-0.00121728,-0.01677744,-481.3764,28691.8873,OK,0.0000,19.2551,4.0000,96.0000,AG03-UNRESOLVED,ALL5_LEVELS_bet23_to_bet27,19.2551,19.2551,19.2551,28.8826,28.8826,4.000000,4.000000,4.000000,6.000000,6.000000,96.000000,96.000000,96.000000,94.000000,94.000000,5.0,115.5303,105.0591,365.8461,376.3173,PENDING_AG03,FALSE,NOT_FOR_ENFORCEMENT,462.1214,25744.1481,481.3764,462.1214,19.2551,0.01677744,0.01610634,19.2551,462.1214,0.01610634,19.2551,19.2551,19.2551,28.8826,28.8826,462.1214,0.01610634,115.5303,105.0591,365.8461,376.3173,0.01275085,0.01311581,0.00067110,4.4782,17.1026,0.3070,14.1581,2.0749,843.8790,46.1176,3.8592,4.7027,2.0771,2.1006,2.2009,10.5412,18.9056,30.5448,2.1006,-2.0771,8.999999,14.540867,2.131851,21,92,33,14,0.22933070,0.01677744,0.06906760,0E-8,0.000000,0.934648,0.477291,-0.06785032,2026-03-31,2026-08-03,34,232,155,126,0.269841,0.820639,0.861772,0.764436,,,,,,,,GLOBAL_BASELINE_NO_ENTITY_RANKING,,,NOT_APPLICABLE_GLOBAL_BASELINE,HF9g-P5,,,,X 全窗基线 · 不参与实体赏罚,8390894,840,A168_HF9F_20260827_0900,2026-08-27 09:00:00
2026-04-29,60761351,1645,0,222.4189909982,132.8189235344,132.8189235344,0.5833333,55,12,0.22952440941845358,0.114964576667,2.9145098283547783,5.086466529112962,2.9145098283547783,0.11455983275145358,ELIGIBLE,R03b_20260811_FULL_v1,L1_ELIGIBILITY,v2026-08-11,2026-03-21..2026-08-06,baccarat_bet02_101_all_pairs_incl_sentinel,round_win = game_pnl > 0 (decisive only),COMPATIBILITY_ONLY_NOT_PRODUCTION,28691.8873,26816.8210,481.3764,6407,1568,-0.01677744,-0.06906760,-0.00121728,-0.01677744,-481.3764,28691.8873,OK,0.0000,19.2551,4.0000,96.0000,AG03-UNRESOLVED,ALL5_LEVELS_bet23_to_bet27,19.2551,19.2551,19.2551,28.8826,28.8826,4.000000,4.000000,4.000000,6.000000,6.000000,96.000000,96.000000,96.000000,94.000000,94.000000,5.0,115.5303,105.0591,365.8461,376.3173,PENDING_AG03,FALSE,NOT_FOR_ENFORCEMENT,462.1214,25744.1481,481.3764,462.1214,19.2551,0.01677744,0.01610634,19.2551,462.1214,0.01610634,19.2551,19.2551,19.2551,28.8826,28.8826,462.1214,0.01610634,115.5303,105.0591,365.8461,376.3173,0.01275085,0.01311581,0.00067110,4.4782,17.1026,0.3070,14.1581,2.0749,843.8790,46.1176,3.8592,4.7027,2.0771,2.1006,2.2009,10.5412,18.9056,30.5448,2.1006,-2.0771,8.999999,14.540867,2.131851,21,92,33,14,0.22933070,0.01677744,0.06906760,0E-8,0.000000,0.934648,0.477291,-0.06785032,2026-03-31,2026-08-03,34,232,155,126,0.269841,0.820639,0.861772,0.764436,,,,,,,,GLOBAL_BASELINE_NO_ENTITY_RANKING,,,NOT_APPLICABLE_GLOBAL_BASELINE,HF9g-P5,,,,X 全窗基线 · 不参与实体赏罚,8390895,840,A168_HF9F_20260827_0900,2026-08-27 09:00:00
2026-04-29,60761351,1654,0,369.9955727032,84.3294752597,84.3294752597,0.5000000,88,20,0.28963225917422389,0.147220505417,2.074096981217214,4.452621764651091,2.074096981217214,0.14241175375722389,ELIGIBLE,R03b_20260811_FULL_v1,L1_ELIGIBILITY,v2026-08-11,2026-03-21..2026-08-06,baccarat_bet02_101_all_pairs_incl_sentinel,round_win = game_pnl > 0 (decisive only),COMPATIBILITY_ONLY_NOT_PRODUCTION,28691.8873,26816.8210,481.3764,6407,1568,-0.01677744,-0.06906760,-0.00121728,-0.01677744,-481.3764,28691.8873,OK,0.0000,19.2551,4.0000,96.0000,AG03-UNRESOLVED,ALL5_LEVELS_bet23_to_bet27,19.2551,19.2551,19.2551,28.8826,28.8826,4.000000,4.000000,4.000000,6.000000,6.000000,96.000000,96.000000,96.000000,94.000000,94.000000,5.0,115.5303,105.0591,365.8461,376.3173,PENDING_AG03,FALSE,NOT_FOR_ENFORCEMENT,462.1214,25744.1481,481.3764,462.1214,19.2551,0.01677744,0.01610634,19.2551,462.1214,0.01610634,19.2551,19.2551,19.2551,28.8826,28.8826,462.1214,0.01610634,115.5303,105.0591,365.8461,376.3173,0.01275085,0.01311581,0.00067110,4.4782,17.1026,0.3070,14.1581,2.0749,843.8790,46.1176,3.8592,4.7027,2.0771,2.1006,2.2009,10.5412,18.9056,30.5448,2.1006,-2.0771,8.999999,14.540867,2.131851,21,92,33,14,0.22933070,0.01677744,0.06906760,0E-8,0.000000,0.934648,0.477291,-0.06785032,2026-03-31,2026-08-03,34,232,155,126,0.269841,0.820639,0.861772,0.764436,,,,,,,,GLOBAL_BASELINE_NO_ENTITY_RANKING,,,NOT_APPLICABLE_GLOBAL_BASELINE,HF9g-P5,,,,X 全窗基线 · 不参与实体赏罚,8390896,840,A168_HF9F_20260827_0900,2026-08-27 09:00:00
2026-04-29,60761351,2155,0,80.1130014970,16.8658950520,16.8658950520,1.0000000,19,4,0.32411448883207071,0.156724046250,2.88813401296996,4.639242091711335,2.88813401296996,0.16739044258207071,ELIGIBLE,R03b_20260811_FULL_v1,L1_ELIGIBILITY,v2026-08-11,2026-03-21..2026-08-06,baccarat_bet02_101_all_pairs_incl_sentinel,round_win = game_pnl > 0 (decisive only),COMPATIBILITY_ONLY_NOT_PRODUCTION,28691.8873,26816.8210,481.3764,6407,1568,-0.01677744,-0.06906760,-0.00121728,-0.01677744,-481.3764,28691.8873,OK,0.0000,19.2551,4.0000,96.0000,AG03-UNRESOLVED,ALL5_LEVELS_bet23_to_bet27,19.2551,19.2551,19.2551,28.8826,28.8826,4.000000,4.000000,4.000000,6.000000,6.000000,96.000000,96.000000,96.000000,94.000000,94.000000,5.0,115.5303,105.0591,365.8461,376.3173,PENDING_AG03,FALSE,NOT_FOR_ENFORCEMENT,462.1214,25744.1481,481.3764,462.1214,19.2551,0.01677744,0.01610634,19.2551,462.1214,0.01610634,19.2551,19.2551,19.2551,28.8826,28.8826,462.1214,0.01610634,115.5303,105.0591,365.8461,376.3173,0.01275085,0.01311581,0.00067110,4.4782,17.1026,0.3070,14.1581,2.0749,843.8790,46.1176,3.8592,4.7027,2.0771,2.1006,2.2009,10.5412,18.9056,30.5448,2.1006,-2.0771,8.999999,14.540867,2.131851,21,92,33,14,0.22933070,0.01677744,0.06906760,0E-8,0.000000,0.934648,0.477291,-0.06785032,2026-03-31,2026-08-03,34,232,155,126,0.269841,0.820639,0.861772,0.764436,,,,,,,,GLOBAL_BASELINE_NO_ENTITY_RANKING,,,NOT_APPLICABLE_GLOBAL_BASELINE,HF9g-P5,,,,X 全窗基线 · 不参与实体赏罚,8390897,840,A168_HF9F_20260827_0900,2026-08-27 09:00:00
2026-04-29,60761351,2160,0,79.0588830562,44.2729745114,44.2729745114,1.0000000,18,4,0.33577268706129030,0.161772222500,2.8129737370360766,4.552595281178988,2.8129737370360766,0.17400046456129030,ELIGIBLE,R03b_20260811_FULL_v1,L1_ELIGIBILITY,v2026-08-11,2026-03-21..2026-08-06,baccarat_bet02_101_all_pairs_incl_sentinel,round_win = game_pnl > 0 (decisive only),COMPATIBILITY_ONLY_NOT_PRODUCTION,28691.8873,26816.8210,481.3764,6407,1568,-0.01677744,-0.06906760,-0.00121728,-0.01677744,-481.3764,28691.8873,OK,0.0000,19.2551,4.0000,96.0000,AG03-UNRESOLVED,ALL5_LEVELS_bet23_to_bet27,19.2551,19.2551,19.2551,28.8826,28.8826,4.000000,4.000000,4.000000,6.000000,6.000000,96.000000,96.000000,96.000000,94.000000,94.000000,5.0,115.5303,105.0591,365.8461,376.3173,PENDING_AG03,FALSE,NOT_FOR_ENFORCEMENT,462.1214,25744.1481,481.3764,462.1214,19.2551,0.01677744,0.01610634,19.2551,462.1214,0.01610634,19.2551,19.2551,19.2551,28.8826,28.8826,462.1214,0.01610634,115.5303,105.0591,365.8461,376.3173,0.01275085,0.01311581,0.00067110,4.4782,17.1026,0.3070,14.1581,2.0749,843.8790,46.1176,3.8592,4.7027,2.0771,2.1006,2.2009,10.5412,18.9056,30.5448,2.1006,-2.0771,8.999999,14.540867,2.131851,21,92,33,14,0.22933070,0.01677744,0.06906760,0E-8,0.000000,0.934648,0.477291,-0.06785032,2026-03-31,2026-08-03,34,232,155,126,0.269841,0.820639,0.861772,0.764436,,,,,,,,GLOBAL_BASELINE_NO_ENTITY_RANKING,,,NOT_APPLICABLE_GLOBAL_BASELINE,HF9g-P5,,,,X 全窗基线 · 不参与实体赏罚,8390898,840,A168_HF9F_20260827_0900,2026-08-27 09:00:00
2026-04-30,60761351,1654,0,14.7576581705,-14.7576581705,-14.7576581705,0E-7,3,1,0.38021790000000000,0.211640833333,-0.7832434375975464,-0.5181287254456737,-0.7832434375975464,0.16857706666700000,ELIGIBLE,R03b_20260811_FULL_v1,L1_ELIGIBILITY,v2026-08-11,2026-03-21..2026-08-06,baccarat_bet02_101_all_pairs_incl_sentinel,round_win = game_pnl > 0 (decisive only),COMPATIBILITY_ONLY_NOT_PRODUCTION,28691.8873,26816.8210,481.3764,6407,1568,-0.01677744,-0.06906760,-0.00121728,-0.01677744,-481.3764,28691.8873,OK,0.0000,19.2551,4.0000,96.0000,AG03-UNRESOLVED,ALL5_LEVELS_bet23_to_bet27,19.2551,19.2551,19.2551,28.8826,28.8826,4.000000,4.000000,4.000000,6.000000,6.000000,96.000000,96.000000,96.000000,94.000000,94.000000,5.0,115.5303,105.0591,365.8461,376.3173,PENDING_AG03,FALSE,NOT_FOR_ENFORCEMENT,462.1214,25744.1481,481.3764,462.1214,19.2551,0.01677744,0.01610634,19.2551,462.1214,0.01610634,19.2551,19.2551,19.2551,28.8826,28.8826,462.1214,0.01610634,115.5303,105.0591,365.8461,376.3173,0.01275085,0.01311581,0.00067110,4.4782,17.1026,0.3070,14.1581,2.0749,843.8790,46.1176,3.8592,4.7027,2.0771,2.1006,2.2009,10.5412,18.9056,30.5448,2.1006,-2.0771,8.999999,14.540867,2.131851,21,92,33,14,0.22933070,0.01677744,0.06906760,0E-8,0.000000,0.934648,0.477291,-0.06785032,2026-03-31,2026-08-03,34,232,155,126,0.269841,0.820639,0.861772,0.764436,,,,,,,,GLOBAL_BASELINE_NO_ENTITY_RANKING,,,NOT_APPLICABLE_GLOBAL_BASELINE,HF9g-P5,,,,X 全窗基线 · 不参与实体赏罚,8390899,840,A168_HF9F_20260827_0900,2026-08-27 09:00:00
2026-04-30,60761351,2155,0,308.0134083871,-124.5967996968,-124.5967996968,0.3571429,59,15,0.35389581137772425,0.219088851667,0.025407587981187117,1.2488264215767875,0.025407587981187117,0.13480695971072425,ELIGIBLE,R03b_20260811_FULL_v1,L1_ELIGIBILITY,v2026-08-11,2026-03-21..2026-08-06,baccarat_bet02_101_all_pairs_incl_sentinel,round_win = game_pnl > 0 (decisive only),COMPATIBILITY_ONLY_NOT_PRODUCTION,28691.8873,26816.8210,481.3764,6407,1568,-0.01677744,-0.06906760,-0.00121728,-0.01677744,-481.3764,28691.8873,OK,0.0000,19.2551,4.0000,96.0000,AG03-UNRESOLVED,ALL5_LEVELS_bet23_to_bet27,19.2551,19.2551,19.2551,28.8826,28.8826,4.000000,4.000000,4.000000,6.000000,6.000000,96.000000,96.000000,96.000000,94.000000,94.000000,5.0,115.5303,105.0591,365.8461,376.3173,PENDING_AG03,FALSE,NOT_FOR_ENFORCEMENT,462.1214,25744.1481,481.3764,462.1214,19.2551,0.01677744,0.01610634,19.2551,462.1214,0.01610634,19.2551,19.2551,19.2551,28.8826,28.8826,462.1214,0.01610634,115.5303,105.0591,365.8461,376.3173,0.01275085,0.01311581,0.00067110,4.4782,17.1026,0.3070,14.1581,2.0749,843.8790,46.1176,3.8592,4.7027,2.0771,2.1006,2.2009,10.5412,18.9056,30.5448,2.1006,-2.0771,8.999999,14.540867,2.131851,21,92,33,14,0.22933070,0.01677744,0.06906760,0E-8,0.000000,0.934648,0.477291,-0.06785032,2026-03-31,2026-08-03,34,232,155,126,0.269841,0.820639,0.861772,0.764436,,,,,,,,GLOBAL_BASELINE_NO_ENTITY_RANKING,,,NOT_APPLICABLE_GLOBAL_BASELINE,HF9g-P5,,,,X 全窗基线 · 不参与实体赏罚,8390900,840,A168_HF9F_20260827_0900,2026-08-27 09:00:00
2026-04-30,60761351,2267,0,70.2042881539,-49.1219193389,-49.1219193389,0E-7,11,3,0.39966484295737096,0.191162288889,-1.4132263031503567,-0.8420367426696986,-1.4132263031503567,0.20850255406837096,ELIGIBLE,R03b_20260811_FULL_v1,L1_ELIGIBILITY,v2026-08-11,2026-03-21..2026-08-06,baccarat_bet02_101_all_pairs_incl_sentinel,round_win = game_pnl > 0 (decisive only),COMPATIBILITY_ONLY_NOT_PRODUCTION,28691.8873,26816.8210,481.3764,6407,1568,-0.01677744,-0.06906760,-0.00121728,-0.01677744,-481.3764,28691.8873,OK,0.0000,19.2551,4.0000,96.0000,AG03-UNRESOLVED,ALL5_LEVELS_bet23_to_bet27,19.2551,19.2551,19.2551,28.8826,28.8826,4.000000,4.000000,4.000000,6.000000,6.000000,96.000000,96.000000,96.000000,94.000000,94.000000,5.0,115.5303,105.0591,365.8461,376.3173,PENDING_AG03,FALSE,NOT_FOR_ENFORCEMENT,462.1214,25744.1481,481.3764,462.1214,19.2551,0.01677744,0.01610634,19.2551,462.1214,0.01610634,19.2551,19.2551,19.2551,28.8826,28.8826,462.1214,0.01610634,115.5303,105.0591,365.8461,376.3173,0.01275085,0.01311581,0.00067110,4.4782,17.1026,0.3070,14.1581,2.0749,843.8790,46.1176,3.8592,4.7027,2.0771,2.1006,2.2009,10.5412,18.9056,30.5448,2.1006,-2.0771,8.999999,14.540867,2.131851,21,92,33,14,0.22933070,0.01677744,0.06906760,0E-8,0.000000,0.934648,0.477291,-0.06785032,2026-03-31,2026-08-03,34,232,155,126,0.269841,0.820639,0.861772,0.764436,,,,,,,,GLOBAL_BASELINE_NO_ENTITY_RANKING,,,NOT_APPLICABLE_GLOBAL_BASELINE,HF9g-P5,,,,X 全窗基线 · 不参与实体赏罚,8390901,840,A168_HF9F_20260827_0900,2026-08-27 09:00:00
2026-05-01,60761351,1017,0,134.4396596992,-17.3301123830,-17.3301123830,0.6250000,38,8,0.21836637634057971,0.115715758750,2.7839009544328133,4.50311496892849,2.7839009544328133,0.10265061759057971,ELIGIBLE,R03b_20260811_FULL_v1,L1_ELIGIBILITY,v2026-08-11,2026-03-21..2026-08-06,baccarat_bet02_101_all_pairs_incl_sentinel,round_win = game_pnl > 0 (decisive only),COMPATIBILITY_ONLY_NOT_PRODUCTION,28691.8873,26816.8210,481.3764,6407,1568,-0.01677744,-0.06906760,-0.00121728,-0.01677744,-481.3764,28691.8873,OK,0.0000,19.2551,4.0000,96.0000,AG03-UNRESOLVED,ALL5_LEVELS_bet23_to_bet27,19.2551,19.2551,19.2551,28.8826,28.8826,4.000000,4.000000,4.000000,6.000000,6.000000,96.000000,96.000000,96.000000,94.000000,94.000000,5.0,115.5303,105.0591,365.8461,376.3173,PENDING_AG03,FALSE,NOT_FOR_ENFORCEMENT,462.1214,25744.1481,481.3764,462.1214,19.2551,0.01677744,0.01610634,19.2551,462.1214,0.01610634,19.2551,19.2551,19.2551,28.8826,28.8826,462.1214,0.01610634,115.5303,105.0591,365.8461,376.3173,0.01275085,0.01311581,0.00067110,4.4782,17.1026,0.3070,14.1581,2.0749,843.8790,46.1176,3.8592,4.7027,2.0771,2.1006,2.2009,10.5412,18.9056,30.5448,2.1006,-2.0771,8.999999,14.540867,2.131851,21,92,33,14,0.22933070,0.01677744,0.06906760,0E-8,0.000000,0.934648,0.477291,-0.06785032,2026-03-31,2026-08-03,34,232,155,126,0.269841,0.820639,0.861772,0.764436,,,,,,,,GLOBAL_BASELINE_NO_ENTITY_RANKING,,,NOT_APPLICABLE_GLOBAL_BASELINE,HF9g-P5,,,,X 全窗基线 · 不参与实体赏罚,8390902,840,A168_HF9F_20260827_0900,2026-08-27 09:00:00
2026-05-01,60761351,1094,0,52.5154920700,75.6223085812,75.6223085812,0.2500000,19,4,0.18451214708333333,0.127073383750,0.3376521489406582,0.7381757222651846,0.3376521489406582,0.05743876333333333,ELIGIBLE,R03b_20260811_FULL_v1,L1_ELIGIBILITY,v2026-08-11,2026-03-21..2026-08-06,baccarat_bet02_101_all_pairs_incl_sentinel,round_win = game_pnl > 0 (decisive only),COMPATIBILITY_ONLY_NOT_PRODUCTION,28691.8873,26816.8210,481.3764,6407,1568,-0.01677744,-0.06906760,-0.00121728,-0.01677744,-481.3764,28691.8873,OK,0.0000,19.2551,4.0000,96.0000,AG03-UNRESOLVED,ALL5_LEVELS_bet23_to_bet27,19.2551,19.2551,19.2551,28.8826,28.8826,4.000000,4.000000,4.000000,6.000000,6.000000,96.000000,96.000000,96.000000,94.000000,94.000000,5.0,115.5303,105.0591,365.8461,376.3173,PENDING_AG03,FALSE,NOT_FOR_ENFORCEMENT,462.1214,25744.1481,481.3764,462.1214,19.2551,0.01677744,0.01610634,19.2551,462.1214,0.01610634,19.2551,19.2551,19.2551,28.8826,28.8826,462.1214,0.01610634,115.5303,105.0591,365.8461,376.3173,0.01275085,0.01311581,0.00067110,4.4782,17.1026,0.3070,14.1581,2.0749,843.8790,46.1176,3.8592,4.7027,2.0771,2.1006,2.2009,10.5412,18.9056,30.5448,2.1006,-2.0771,8.999999,14.540867,2.131851,21,92,33,14,0.22933070,0.01677744,0.06906760,0E-8,0.000000,0.934648,0.477291,-0.06785032,2026-03-31,2026-08-03,34,232,155,126,0.269841,0.820639,0.861772,0.764436,,,,,,,,GLOBAL_BASELINE_NO_ENTITY_RANKING,,,NOT_APPLICABLE_GLOBAL_BASELINE,HF9g-P5,,,,X 全窗基线 · 不参与实体赏罚,8390903,840,A168_HF9F_20260827_0900,2026-08-27 09:00:00
2026-05-01,60761351,1325,0,42.0123936561,-6.3018590484,-6.3018590484,0E-7,4,1,0.44080100000015674,0.177402200000,-0.8878469201179939,-0.46439306844574846,-0.8878469201179939,0.26339880000015674,ELIGIBLE,R03b_20260811_FULL_v1,L1_ELIGIBILITY,v2026-08-11,2026-03-21..2026-08-06,baccarat_bet02_101_all_pairs_incl_sentinel,round_win = game_pnl > 0 (decisive only),COMPATIBILITY_ONLY_NOT_PRODUCTION,28691.8873,26816.8210,481.3764,6407,1568,-0.01677744,-0.06906760,-0.00121728,-0.01677744,-481.3764,28691.8873,OK,0.0000,19.2551,4.0000,96.0000,AG03-UNRESOLVED,ALL5_LEVELS_bet23_to_bet27,19.2551,19.2551,19.2551,28.8826,28.8826,4.000000,4.000000,4.000000,6.000000,6.000000,96.000000,96.000000,96.000000,94.000000,94.000000,5.0,115.5303,105.0591,365.8461,376.3173,PENDING_AG03,FALSE,NOT_FOR_ENFORCEMENT,462.1214,25744.1481,481.3764,462.1214,19.2551,0.01677744,0.01610634,19.2551,462.1214,0.01610634,19.2551,19.2551,19.2551,28.8826,28.8826,462.1214,0.01610634,115.5303,105.0591,365.8461,376.3173,0.01275085,0.01311581,0.00067110,4.4782,17.1026,0.3070,14.1581,2.0749,843.8790,46.1176,3.8592,4.7027,2.0771,2.1006,2.2009,10.5412,18.9056,30.5448,2.1006,-2.0771,8.999999,14.540867,2.131851,21,92,33,14,0.22933070,0.01677744,0.06906760,0E-8,0.000000,0.934648,0.477291,-0.06785032,2026-03-31,2026-08-03,34,232,155,126,0.269841,0.820639,0.861772,0.764436,,,,,,,,GLOBAL_BASELINE_NO_ENTITY_RANKING,,,NOT_APPLICABLE_GLOBAL_BASELINE,HF9g-P5,,,,X 全窗基线 · 不参与实体赏罚,8390904,840,A168_HF9F_20260827_0900,2026-08-27 09:00:00
2026-05-01,60761351,1985,0,214.2632076456,2.1006196832,2.1006196832,0.4285714,67,17,0.22898044982556659,0.153002437059,1.7773502861399424,2.864205076340749,1.7773502861399424,0.07597801276656659,ELIGIBLE,R03b_20260811_FULL_v1,L1_ELIGIBILITY,v2026-08-11,2026-03-21..2026-08-06,baccarat_bet02_101_all_pairs_incl_sentinel,round_win = game_pnl > 0 (decisive only),COMPATIBILITY_ONLY_NOT_PRODUCTION,28691.8873,26816.8210,481.3764,6407,1568,-0.01677744,-0.06906760,-0.00121728,-0.01677744,-481.3764,28691.8873,OK,0.0000,19.2551,4.0000,96.0000,AG03-UNRESOLVED,ALL5_LEVELS_bet23_to_bet27,19.2551,19.2551,19.2551,28.8826,28.8826,4.000000,4.000000,4.000000,6.000000,6.000000,96.000000,96.000000,96.000000,94.000000,94.000000,5.0,115.5303,105.0591,365.8461,376.3173,PENDING_AG03,FALSE,NOT_FOR_ENFORCEMENT,462.1214,25744.1481,481.3764,462.1214,19.2551,0.01677744,0.01610634,19.2551,462.1214,0.01610634,19.2551,19.2551,19.2551,28.8826,28.8826,462.1214,0.01610634,115.5303,105.0591,365.8461,376.3173,0.01275085,0.01311581,0.00067110,4.4782,17.1026,0.3070,14.1581,2.0749,843.8790,46.1176,3.8592,4.7027,2.0771,2.1006,2.2009,10.5412,18.9056,30.5448,2.1006,-2.0771,8.999999,14.540867,2.131851,21,92,33,14,0.22933070,0.01677744,0.06906760,0E-8,0.000000,0.934648,0.477291,-0.06785032,2026-03-31,2026-08-03,34,232,155,126,0.269841,0.820639,0.861772,0.764436,,,,,,,,GLOBAL_BASELINE_NO_ENTITY_RANKING,,,NOT_APPLICABLE_GLOBAL_BASELINE,HF9g-P5,,,,X 全窗基线 · 不参与实体赏罚,8390905,840,A168_HF9F_20260827_0900,2026-08-27 09:00:00
2026-05-01,60761351,2129,0,50.4148723872,-50.4148723872,-50.4148723872,0E-7,13,4,0.37077215805555556,0.271960610000,-1.535251702155472,-1.2223780996878684,-1.535251702155472,0.09881154805555556,ELIGIBLE,R03b_20260811_FULL_v1,L1_ELIGIBILITY,v2026-08-11,2026-03-21..2026-08-06,baccarat_bet02_101_all_pairs_incl_sentinel,round_win = game_pnl > 0 (decisive only),COMPATIBILITY_ONLY_NOT_PRODUCTION,28691.8873,26816.8210,481.3764,6407,1568,-0.01677744,-0.06906760,-0.00121728,-0.01677744,-481.3764,28691.8873,OK,0.0000,19.2551,4.0000,96.0000,AG03-UNRESOLVED,ALL5_LEVELS_bet23_to_bet27,19.2551,19.2551,19.2551,28.8826,28.8826,4.000000,4.000000,4.000000,6.000000,6.000000,96.000000,96.000000,96.000000,94.000000,94.000000,5.0,115.5303,105.0591,365.8461,376.3173,PENDING_AG03,FALSE,NOT_FOR_ENFORCEMENT,462.1214,25744.1481,481.3764,462.1214,19.2551,0.01677744,0.01610634,19.2551,462.1214,0.01610634,19.2551,19.2551,19.2551,28.8826,28.8826,462.1214,0.01610634,115.5303,105.0591,365.8461,376.3173,0.01275085,0.01311581,0.00067110,4.4782,17.1026,0.3070,14.1581,2.0749,843.8790,46.1176,3.8592,4.7027,2.0771,2.1006,2.2009,10.5412,18.9056,30.5448,2.1006,-2.0771,8.999999,14.540867,2.131851,21,92,33,14,0.22933070,0.01677744,0.06906760,0E-8,0.000000,0.934648,0.477291,-0.06785032,2026-03-31,2026-08-03,34,232,155,126,0.269841,0.820639,0.861772,0.764436,,,,,,,,GLOBAL_BASELINE_NO_ENTITY_RANKING,,,NOT_APPLICABLE_GLOBAL_BASELINE,HF9g-P5,,,,X 全窗基线 · 不参与实体赏罚,8390906,840,A168_HF9F_20260827_0900,2026-08-27 09:00:00
2026-05-01,60761351,2145,0,56.7167314356,-21.0061968280,-21.0061968280,0.2500000,18,4,0.18798875944444445,0.104802802500,0.31743400880734934,0.948074410352572,0.31743400880734934,0.08318595694444445,ELIGIBLE,R03b_20260811_FULL_v1,L1_ELIGIBILITY,v2026-08-11,2026-03-21..2026-08-06,baccarat_bet02_101_all_pairs_incl_sentinel,round_win = game_pnl > 0 (decisive only),COMPATIBILITY_ONLY_NOT_PRODUCTION,28691.8873,26816.8210,481.3764,6407,1568,-0.01677744,-0.06906760,-0.00121728,-0.01677744,-481.3764,28691.8873,OK,0.0000,19.2551,4.0000,96.0000,AG03-UNRESOLVED,ALL5_LEVELS_bet23_to_bet27,19.2551,19.2551,19.2551,28.8826,28.8826,4.000000,4.000000,4.000000,6.000000,6.000000,96.000000,96.000000,96.000000,94.000000,94.000000,5.0,115.5303,105.0591,365.8461,376.3173,PENDING_AG03,FALSE,NOT_FOR_ENFORCEMENT,462.1214,25744.1481,481.3764,462.1214,19.2551,0.01677744,0.01610634,19.2551,462.1214,0.01610634,19.2551,19.2551,19.2551,28.8826,28.8826,462.1214,0.01610634,115.5303,105.0591,365.8461,376.3173,0.01275085,0.01311581,0.00067110,4.4782,17.1026,0.3070,14.1581,2.0749,843.8790,46.1176,3.8592,4.7027,2.0771,2.1006,2.2009,10.5412,18.9056,30.5448,2.1006,-2.0771,8.999999,14.540867,2.131851,21,92,33,14,0.22933070,0.01677744,0.06906760,0E-8,0.000000,0.934648,0.477291,-0.06785032,2026-03-31,2026-08-03,34,232,155,126,0.269841,0.820639,0.861772,0.764436,,,,,,,,GLOBAL_BASELINE_NO_ENTITY_RANKING,,,NOT_APPLICABLE_GLOBAL_BASELINE,HF9g-P5,,,,X 全窗基线 · 不参与实体赏罚,8390907,840,A168_HF9F_20260827_0900,2026-08-27 09:00:00
2026-05-01,60761351,2251,0,60.2877848965,-6.4068900325,-6.4068900325,0.5000000,13,4,0.33052500542331256,0.222027801667,0.7205535855774474,1.3376596879161493,0.7205535855774474,0.10849720375631256,ELIGIBLE,R03b_20260811_FULL_v1,L1_ELIGIBILITY,v2026-08-11,2026-03-21..2026-08-06,baccarat_bet02_101_all_pairs_incl_sentinel,round_win = game_pnl > 0 (decisive only),COMPATIBILITY_ONLY_NOT_PRODUCTION,28691.8873,26816.8210,481.3764,6407,1568,-0.01677744,-0.06906760,-0.00121728,-0.01677744,-481.3764,28691.8873,OK,0.0000,19.2551,4.0000,96.0000,AG03-UNRESOLVED,ALL5_LEVELS_bet23_to_bet27,19.2551,19.2551,19.2551,28.8826,28.8826,4.000000,4.000000,4.000000,6.000000,6.000000,96.000000,96.000000,96.000000,94.000000,94.000000,5.0,115.5303,105.0591,365.8461,376.3173,PENDING_AG03,FALSE,NOT_FOR_ENFORCEMENT,462.1214,25744.1481,481.3764,462.1214,19.2551,0.01677744,0.01610634,19.2551,462.1214,0.01610634,19.2551,19.2551,19.2551,28.8826,28.8826,462.1214,0.01610634,115.5303,105.0591,365.8461,376.3173,0.01275085,0.01311581,0.00067110,4.4782,17.1026,0.3070,14.1581,2.0749,843.8790,46.1176,3.8592,4.7027,2.0771,2.1006,2.2009,10.5412,18.9056,30.5448,2.1006,-2.0771,8.999999,14.540867,2.131851,21,92,33,14,0.22933070,0.01677744,0.06906760,0E-8,0.000000,0.934648,0.477291,-0.06785032,2026-03-31,2026-08-03,34,232,155,126,0.269841,0.820639,0.861772,0.764436,,,,,,,,GLOBAL_BASELINE_NO_ENTITY_RANKING,,,NOT_APPLICABLE_GLOBAL_BASELINE,HF9g-P5,,,,X 全窗基线 · 不参与实体赏罚,8390908,840,A168_HF9F_20260827_0900,2026-08-27 09:00:00
2026-05-01,60761351,2261,0,25.2074361936,-8.8226026677,-8.8226026677,0.3333333,8,3,0.30316041111111111,0.256124911111,0.11370389684598721,0.30637222248106594,0.11370389684598721,0.04703550000011111,ELIGIBLE,R03b_20260811_FULL_v1,L1_ELIGIBILITY,v2026-08-11,2026-03-21..2026-08-06,baccarat_bet02_101_all_pairs_incl_sentinel,round_win = game_pnl > 0 (decisive only),COMPATIBILITY_ONLY_NOT_PRODUCTION,28691.8873,26816.8210,481.3764,6407,1568,-0.01677744,-0.06906760,-0.00121728,-0.01677744,-481.3764,28691.8873,OK,0.0000,19.2551,4.0000,96.0000,AG03-UNRESOLVED,ALL5_LEVELS_bet23_to_bet27,19.2551,19.2551,19.2551,28.8826,28.8826,4.000000,4.000000,4.000000,6.000000,6.000000,96.000000,96.000000,96.000000,94.000000,94.000000,5.0,115.5303,105.0591,365.8461,376.3173,PENDING_AG03,FALSE,NOT_FOR_ENFORCEMENT,462.1214,25744.1481,481.3764,462.1214,19.2551,0.01677744,0.01610634,19.2551,462.1214,0.01610634,19.2551,19.2551,19.2551,28.8826,28.8826,462.1214,0.01610634,115.5303,105.0591,365.8461,376.3173,0.01275085,0.01311581,0.00067110,4.4782,17.1026,0.3070,14.1581,2.0749,843.8790,46.1176,3.8592,4.7027,2.0771,2.1006,2.2009,10.5412,18.9056,30.5448,2.1006,-2.0771,8.999999,14.540867,2.131851,21,92,33,14,0.22933070,0.01677744,0.06906760,0E-8,0.000000,0.934648,0.477291,-0.06785032,2026-03-31,2026-08-03,34,232,155,126,0.269841,0.820639,0.861772,0.764436,,,,,,,,GLOBAL_BASELINE_NO_ENTITY_RANKING,,,NOT_APPLICABLE_GLOBAL_BASELINE,HF9g-P5,,,,X 全窗基线 · 不参与实体赏罚,8390909,840,A168_HF9F_20260827_0900,2026-08-27 09:00:00
2026-05-01,60761351,526,0,418.0233168779,47.2639428637,47.2639428637,0.6666667,85,19,0.29871579188430355,0.154895553246,3.410750656231111,6.001189666860913,3.410750656231111,0.14382023863830355,ELIGIBLE,R03b_20260811_FULL_v1,L1_ELIGIBILITY,v2026-08-11,2026-03-21..2026-08-06,baccarat_bet02_101_all_pairs_incl_sentinel,round_win = game_pnl > 0 (decisive only),COMPATIBILITY_ONLY_NOT_PRODUCTION,28691.8873,26816.8210,481.3764,6407,1568,-0.01677744,-0.06906760,-0.00121728,-0.01677744,-481.3764,28691.8873,OK,0.0000,19.2551,4.0000,96.0000,AG03-UNRESOLVED,ALL5_LEVELS_bet23_to_bet27,19.2551,19.2551,19.2551,28.8826,28.8826,4.000000,4.000000,4.000000,6.000000,6.000000,96.000000,96.000000,96.000000,94.000000,94.000000,5.0,115.5303,105.0591,365.8461,376.3173,PENDING_AG03,FALSE,NOT_FOR_ENFORCEMENT,462.1214,25744.1481,481.3764,462.1214,19.2551,0.01677744,0.01610634,19.2551,462.1214,0.01610634,19.2551,19.2551,19.2551,28.8826,28.8826,462.1214,0.01610634,115.5303,105.0591,365.8461,376.3173,0.01275085,0.01311581,0.00067110,4.4782,17.1026,0.3070,14.1581,2.0749,843.8790,46.1176,3.8592,4.7027,2.0771,2.1006,2.2009,10.5412,18.9056,30.5448,2.1006,-2.0771,8.999999,14.540867,2.131851,21,92,33,14,0.22933070,0.01677744,0.06906760,0E-8,0.000000,0.934648,0.477291,-0.06785032,2026-03-31,2026-08-03,34,232,155,126,0.269841,0.820639,0.861772,0.764436,,,,,,,,GLOBAL_BASELINE_NO_ENTITY_RANKING,,,NOT_APPLICABLE_GLOBAL_BASELINE,HF9g-P5,,,,X 全窗基线 · 不参与实体赏罚,8390910,840,A168_HF9F_20260827_0900,2026-08-27 09:00:00
2026-05-01,60761351,550,0,202.7097993902,-15.7546476206,-15.7546476206,0.5454545,51,11,0.29754218937747036,0.159597888030,1.7984986464065627,3.4943403473170465,1.7984986464065627,0.13794430134747036,ELIGIBLE,R03b_20260811_FULL_v1,L1_ELIGIBILITY,v2026-08-11,2026-03-21..2026-08-06,baccarat_bet02_101_all_pairs_incl_sentinel,round_win = game_pnl > 0 (decisive only),COMPATIBILITY_ONLY_NOT_PRODUCTION,28691.8873,26816.8210,481.3764,6407,1568,-0.01677744,-0.06906760,-0.00121728,-0.01677744,-481.3764,28691.8873,OK,0.0000,19.2551,4.0000,96.0000,AG03-UNRESOLVED,ALL5_LEVELS_bet23_to_bet27,19.2551,19.2551,19.2551,28.8826,28.8826,4.000000,4.000000,4.000000,6.000000,6.000000,96.000000,96.000000,96.000000,94.000000,94.000000,5.0,115.5303,105.0591,365.8461,376.3173,PENDING_AG03,FALSE,NOT_FOR_ENFORCEMENT,462.1214,25744.1481,481.3764,462.1214,19.2551,0.01677744,0.01610634,19.2551,462.1214,0.01610634,19.2551,19.2551,19.2551,28.8826,28.8826,462.1214,0.01610634,115.5303,105.0591,365.8461,376.3173,0.01275085,0.01311581,0.00067110,4.4782,17.1026,0.3070,14.1581,2.0749,843.8790,46.1176,3.8592,4.7027,2.0771,2.1006,2.2009,10.5412,18.9056,30.5448,2.1006,-2.0771,8.999999,14.540867,2.131851,21,92,33,14,0.22933070,0.01677744,0.06906760,0E-8,0.000000,0.934648,0.477291,-0.06785032,2026-03-31,2026-08-03,34,232,155,126,0.269841,0.820639,0.861772,0.764436,,,,,,,,GLOBAL_BASELINE_NO_ENTITY_RANKING,,,NOT_APPLICABLE_GLOBAL_BASELINE,HF9g-P5,,,,X 全窗基线 · 不参与实体赏罚,8390911,840,A168_HF9F_20260827_0900,2026-08-27 09:00:00
2026-05-01,60761351,752,0,159.6470958932,-60.9179708013,-60.9179708013,0.1428571,29,7,0.29418136792152381,0.138266677143,-0.878624557747728,0.03518524354378229,-0.878624557747728,0.15591469077852381,ELIGIBLE,R03b_20260811_FULL_v1,L1_ELIGIBILITY,v2026-08-11,2026-03-21..2026-08-06,baccarat_bet02_101_all_pairs_incl_sentinel,round_win = game_pnl > 0 (decisive only),COMPATIBILITY_ONLY_NOT_PRODUCTION,28691.8873,26816.8210,481.3764,6407,1568,-0.01677744,-0.06906760,-0.00121728,-0.01677744,-481.3764,28691.8873,OK,0.0000,19.2551,4.0000,96.0000,AG03-UNRESOLVED,ALL5_LEVELS_bet23_to_bet27,19.2551,19.2551,19.2551,28.8826,28.8826,4.000000,4.000000,4.000000,6.000000,6.000000,96.000000,96.000000,96.000000,94.000000,94.000000,5.0,115.5303,105.0591,365.8461,376.3173,PENDING_AG03,FALSE,NOT_FOR_ENFORCEMENT,462.1214,25744.1481,481.3764,462.1214,19.2551,0.01677744,0.01610634,19.2551,462.1214,0.01610634,19.2551,19.2551,19.2551,28.8826,28.8826,462.1214,0.01610634,115.5303,105.0591,365.8461,376.3173,0.01275085,0.01311581,0.00067110,4.4782,17.1026,0.3070,14.1581,2.0749,843.8790,46.1176,3.8592,4.7027,2.0771,2.1006,2.2009,10.5412,18.9056,30.5448,2.1006,-2.0771,8.999999,14.540867,2.131851,21,92,33,14,0.22933070,0.01677744,0.06906760,0E-8,0.000000,0.934648,0.477291,-0.06785032,2026-03-31,2026-08-03,34,232,155,126,0.269841,0.820639,0.861772,0.764436,,,,,,,,GLOBAL_BASELINE_NO_ENTITY_RANKING,,,NOT_APPLICABLE_GLOBAL_BASELINE,HF9g-P5,,,,X 全窗基线 · 不参与实体赏罚,8390912,840,A168_HF9F_20260827_0900,2026-08-27 09:00:00
2026-05-01,60761351,987,0,105.0309841402,-84.0247873122,-84.0247873122,0.2500000,15,4,0.31016444930560408,0.213231528750,-0.2601364124415745,0.1795380007357002,-0.2601364124415745,0.09693292055560408,ELIGIBLE,R03b_20260811_FULL_v1,L1_ELIGIBILITY,v2026-08-11,2026-03-21..2026-08-06,baccarat_bet02_101_all_pairs_incl_sentinel,round_win = game_pnl > 0 (decisive only),COMPATIBILITY_ONLY_NOT_PRODUCTION,28691.8873,26816.8210,481.3764,6407,1568,-0.01677744,-0.06906760,-0.00121728,-0.01677744,-481.3764,28691.8873,OK,0.0000,19.2551,4.0000,96.0000,AG03-UNRESOLVED,ALL5_LEVELS_bet23_to_bet27,19.2551,19.2551,19.2551,28.8826,28.8826,4.000000,4.000000,4.000000,6.000000,6.000000,96.000000,96.000000,96.000000,94.000000,94.000000,5.0,115.5303,105.0591,365.8461,376.3173,PENDING_AG03,FALSE,NOT_FOR_ENFORCEMENT,462.1214,25744.1481,481.3764,462.1214,19.2551,0.01677744,0.01610634,19.2551,462.1214,0.01610634,19.2551,19.2551,19.2551,28.8826,28.8826,462.1214,0.01610634,115.5303,105.0591,365.8461,376.3173,0.01275085,0.01311581,0.00067110,4.4782,17.1026,0.3070,14.1581,2.0749,843.8790,46.1176,3.8592,4.7027,2.0771,2.1006,2.2009,10.5412,18.9056,30.5448,2.1006,-2.0771,8.999999,14.540867,2.131851,21,92,33,14,0.22933070,0.01677744,0.06906760,0E-8,0.000000,0.934648,0.477291,-0.06785032,2026-03-31,2026-08-03,34,232,155,126,0.269841,0.820639,0.861772,0.764436,,,,,,,,GLOBAL_BASELINE_NO_ENTITY_RANKING,,,NOT_APPLICABLE_GLOBAL_BASELINE,HF9g-P5,,,,X 全窗基线 · 不参与实体赏罚,8390913,840,A168_HF9F_20260827_0900,2026-08-27 09:00:00
2026-05-02,60761351,1645,0,70.7908833104,-42.1174246401,-42.1174246401,0.2500000,18,4,0.31094012124204347,0.163007560000,-0.2633094501136299,0.471028154728849,-0.2633094501136299,0.14793256124204347,ELIGIBLE,R03b_20260811_FULL_v1,L1_ELIGIBILITY,v2026-08-11,2026-03-21..2026-08-06,baccarat_bet02_101_all_pairs_incl_sentinel,round_win = game_pnl > 0 (decisive only),COMPATIBILITY_ONLY_NOT_PRODUCTION,28691.8873,26816.8210,481.3764,6407,1568,-0.01677744,-0.06906760,-0.00121728,-0.01677744,-481.3764,28691.8873,OK,0.0000,19.2551,4.0000,96.0000,AG03-UNRESOLVED,ALL5_LEVELS_bet23_to_bet27,19.2551,19.2551,19.2551,28.8826,28.8826,4.000000,4.000000,4.000000,6.000000,6.000000,96.000000,96.000000,96.000000,94.000000,94.000000,5.0,115.5303,105.0591,365.8461,376.3173,PENDING_AG03,FALSE,NOT_FOR_ENFORCEMENT,462.1214,25744.1481,481.3764,462.1214,19.2551,0.01677744,0.01610634,19.2551,462.1214,0.01610634,19.2551,19.2551,19.2551,28.8826,28.8826,462.1214,0.01610634,115.5303,105.0591,365.8461,376.3173,0.01275085,0.01311581,0.00067110,4.4782,17.1026,0.3070,14.1581,2.0749,843.8790,46.1176,3.8592,4.7027,2.0771,2.1006,2.2009,10.5412,18.9056,30.5448,2.1006,-2.0771,8.999999,14.540867,2.131851,21,92,33,14,0.22933070,0.01677744,0.06906760,0E-8,0.000000,0.934648,0.477291,-0.06785032,2026-03-31,2026-08-03,34,232,155,126,0.269841,0.820639,0.861772,0.764436,,,,,,,,GLOBAL_BASELINE_NO_ENTITY_RANKING,,,NOT_APPLICABLE_GLOBAL_BASELINE,HF9g-P5,,,,X 全窗基线 · 不参与实体赏罚,8390914,840,A168_HF9F_20260827_0900,2026-08-27 09:00:00
2026-05-03,60761351,462,0,21.0061968280,-8.7175716836,-8.7175716836,0E-7,8,2,0.17480323750000000,0.119928487500,-0.6508950608874872,-0.5220561237653322,-0.6508950608874872,0.05487475000000000,ELIGIBLE,R03b_20260811_FULL_v1,L1_ELIGIBILITY,v2026-08-11,2026-03-21..2026-08-06,baccarat_bet02_101_all_pairs_incl_sentinel,round_win = game_pnl > 0 (decisive only),COMPATIBILITY_ONLY_NOT_PRODUCTION,28691.8873,26816.8210,481.3764,6407,1568,-0.01677744,-0.06906760,-0.00121728,-0.01677744,-481.3764,28691.8873,OK,0.0000,19.2551,4.0000,96.0000,AG03-UNRESOLVED,ALL5_LEVELS_bet23_to_bet27,19.2551,19.2551,19.2551,28.8826,28.8826,4.000000,4.000000,4.000000,6.000000,6.000000,96.000000,96.000000,96.000000,94.000000,94.000000,5.0,115.5303,105.0591,365.8461,376.3173,PENDING_AG03,FALSE,NOT_FOR_ENFORCEMENT,462.1214,25744.1481,481.3764,462.1214,19.2551,0.01677744,0.01610634,19.2551,462.1214,0.01610634,19.2551,19.2551,19.2551,28.8826,28.8826,462.1214,0.01610634,115.5303,105.0591,365.8461,376.3173,0.01275085,0.01311581,0.00067110,4.4782,17.1026,0.3070,14.1581,2.0749,843.8790,46.1176,3.8592,4.7027,2.0771,2.1006,2.2009,10.5412,18.9056,30.5448,2.1006,-2.0771,8.999999,14.540867,2.131851,21,92,33,14,0.22933070,0.01677744,0.06906760,0E-8,0.000000,0.934648,0.477291,-0.06785032,2026-03-31,2026-08-03,34,232,155,126,0.269841,0.820639,0.861772,0.764436,,,,,,,,GLOBAL_BASELINE_NO_ENTITY_RANKING,,,NOT_APPLICABLE_GLOBAL_BASELINE,HF9g-P5,,,,X 全窗基线 · 不参与实体赏罚,8390915,840,A168_HF9F_20260827_0900,2026-08-27 09:00:00
2026-05-10,60761351,925,0,27.5181178447,-21.2162587963,-21.2162587963,0E-7,9,2,0.26260392500016273,0.156991097500,-0.8439470384449334,-0.6102902477579236,-0.8439470384449334,0.10561282750016273,ELIGIBLE,R03b_20260811_FULL_v1,L1_ELIGIBILITY,v2026-08-11,2026-03-21..2026-08-06,baccarat_bet02_101_all_pairs_incl_sentinel,round_win = game_pnl > 0 (decisive only),COMPATIBILITY_ONLY_NOT_PRODUCTION,28691.8873,26816.8210,481.3764,6407,1568,-0.01677744,-0.06906760,-0.00121728,-0.01677744,-481.3764,28691.8873,OK,0.0000,19.2551,4.0000,96.0000,AG03-UNRESOLVED,ALL5_LEVELS_bet23_to_bet27,19.2551,19.2551,19.2551,28.8826,28.8826,4.000000,4.000000,4.000000,6.000000,6.000000,96.000000,96.000000,96.000000,94.000000,94.000000,5.0,115.5303,105.0591,365.8461,376.3173,PENDING_AG03,FALSE,NOT_FOR_ENFORCEMENT,462.1214,25744.1481,481.3764,462.1214,19.2551,0.01677744,0.01610634,19.2551,462.1214,0.01610634,19.2551,19.2551,19.2551,28.8826,28.8826,462.1214,0.01610634,115.5303,105.0591,365.8461,376.3173,0.01275085,0.01311581,0.00067110,4.4782,17.1026,0.3070,14.1581,2.0749,843.8790,46.1176,3.8592,4.7027,2.0771,2.1006,2.2009,10.5412,18.9056,30.5448,2.1006,-2.0771,8.999999,14.540867,2.131851,21,92,33,14,0.22933070,0.01677744,0.06906760,0E-8,0.000000,0.934648,0.477291,-0.06785032,2026-03-31,2026-08-03,34,232,155,126,0.269841,0.820639,0.861772,0.764436,,,,,,,,GLOBAL_BASELINE_NO_ENTITY_RANKING,,,NOT_APPLICABLE_GLOBAL_BASELINE,HF9g-P5,,,,X 全窗基线 · 不参与实体赏罚,8390916,840,A168_HF9F_20260827_0900,2026-08-27 09:00:00
2026-05-28,60761351,970,0,170.1501943072,-60.9179708012,-60.9179708012,0.1428571,35,8,0.30022840416916772,0.135989327500,-0.9083859359295554,0.05300973876166672,-0.9083859359295554,0.16423907666916772,ELIGIBLE,R03b_20260811_FULL_v1,L1_ELIGIBILITY,v2026-08-11,2026-03-21..2026-08-06,baccarat_bet02_101_all_pairs_incl_sentinel,round_win = game_pnl > 0 (decisive only),COMPATIBILITY_ONLY_NOT_PRODUCTION,28691.8873,26816.8210,481.3764,6407,1568,-0.01677744,-0.06906760,-0.00121728,-0.01677744,-481.3764,28691.8873,OK,0.0000,19.2551,4.0000,96.0000,AG03-UNRESOLVED,ALL5_LEVELS_bet23_to_bet27,19.2551,19.2551,19.2551,28.8826,28.8826,4.000000,4.000000,4.000000,6.000000,6.000000,96.000000,96.000000,96.000000,94.000000,94.000000,5.0,115.5303,105.0591,365.8461,376.3173,PENDING_AG03,FALSE,NOT_FOR_ENFORCEMENT,462.1214,25744.1481,481.3764,462.1214,19.2551,0.01677744,0.01610634,19.2551,462.1214,0.01610634,19.2551,19.2551,19.2551,28.8826,28.8826,462.1214,0.01610634,115.5303,105.0591,365.8461,376.3173,0.01275085,0.01311581,0.00067110,4.4782,17.1026,0.3070,14.1581,2.0749,843.8790,46.1176,3.8592,4.7027,2.0771,2.1006,2.2009,10.5412,18.9056,30.5448,2.1006,-2.0771,8.999999,14.540867,2.131851,21,92,33,14,0.22933070,0.01677744,0.06906760,0E-8,0.000000,0.934648,0.477291,-0.06785032,2026-03-31,2026-08-03,34,232,155,126,0.269841,0.820639,0.861772,0.764436,,,,,,,,GLOBAL_BASELINE_NO_ENTITY_RANKING,,,NOT_APPLICABLE_GLOBAL_BASELINE,HF9g-P5,,,,X 全窗基线 · 不参与实体赏罚,8390917,840,A168_HF9F_20260827_0900,2026-08-27 09:00:00
2026-05-29,60761351,1151,0,279.3824178133,-11.7634702234,-11.7634702234,0.4285714,43,15,0.36774922126846504,0.279375794000,0.47196047288440013,1.2441459305249414,0.47196047288440013,0.08837342726846504,ELIGIBLE,R03b_20260811_FULL_v1,L1_ELIGIBILITY,v2026-08-11,2026-03-21..2026-08-06,baccarat_bet02_101_all_pairs_incl_sentinel,round_win = game_pnl > 0 (decisive only),COMPATIBILITY_ONLY_NOT_PRODUCTION,28691.8873,26816.8210,481.3764,6407,1568,-0.01677744,-0.06906760,-0.00121728,-0.01677744,-481.3764,28691.8873,OK,0.0000,19.2551,4.0000,96.0000,AG03-UNRESOLVED,ALL5_LEVELS_bet23_to_bet27,19.2551,19.2551,19.2551,28.8826,28.8826,4.000000,4.000000,4.000000,6.000000,6.000000,96.000000,96.000000,96.000000,94.000000,94.000000,5.0,115.5303,105.0591,365.8461,376.3173,PENDING_AG03,FALSE,NOT_FOR_ENFORCEMENT,462.1214,25744.1481,481.3764,462.1214,19.2551,0.01677744,0.01610634,19.2551,462.1214,0.01610634,19.2551,19.2551,19.2551,28.8826,28.8826,462.1214,0.01610634,115.5303,105.0591,365.8461,376.3173,0.01275085,0.01311581,0.00067110,4.4782,17.1026,0.3070,14.1581,2.0749,843.8790,46.1176,3.8592,4.7027,2.0771,2.1006,2.2009,10.5412,18.9056,30.5448,2.1006,-2.0771,8.999999,14.540867,2.131851,21,92,33,14,0.22933070,0.01677744,0.06906760,0E-8,0.000000,0.934648,0.477291,-0.06785032,2026-03-31,2026-08-03,34,232,155,126,0.269841,0.820639,0.861772,0.764436,,,,,,,,GLOBAL_BASELINE_NO_ENTITY_RANKING,,,NOT_APPLICABLE_GLOBAL_BASELINE,HF9g-P5,,,,X 全窗基线 · 不参与实体赏罚,8390918,840,A168_HF9F_20260827_0900,2026-08-27 09:00:00
2026-05-29,60761351,1323,0,450.5829219614,369.8140951588,369.8140951588,0.7222222,85,18,0.30502341601936596,0.145846401852,3.844391720956668,6.92829161374795,3.844391720956668,0.15917701416736596,ELIGIBLE,R03b_20260811_FULL_v1,L1_ELIGIBILITY,v2026-08-11,2026-03-21..2026-08-06,baccarat_bet02_101_all_pairs_incl_sentinel,round_win = game_pnl > 0 (decisive only),COMPATIBILITY_ONLY_NOT_PRODUCTION,28691.8873,26816.8210,481.3764,6407,1568,-0.01677744,-0.06906760,-0.00121728,-0.01677744,-481.3764,28691.8873,OK,0.0000,19.2551,4.0000,96.0000,AG03-UNRESOLVED,ALL5_LEVELS_bet23_to_bet27,19.2551,19.2551,19.2551,28.8826,28.8826,4.000000,4.000000,4.000000,6.000000,6.000000,96.000000,96.000000,96.000000,94.000000,94.000000,5.0,115.5303,105.0591,365.8461,376.3173,PENDING_AG03,FALSE,NOT_FOR_ENFORCEMENT,462.1214,25744.1481,481.3764,462.1214,19.2551,0.01677744,0.01610634,19.2551,462.1214,0.01610634,19.2551,19.2551,19.2551,28.8826,28.8826,462.1214,0.01610634,115.5303,105.0591,365.8461,376.3173,0.01275085,0.01311581,0.00067110,4.4782,17.1026,0.3070,14.1581,2.0749,843.8790,46.1176,3.8592,4.7027,2.0771,2.1006,2.2009,10.5412,18.9056,30.5448,2.1006,-2.0771,8.999999,14.540867,2.131851,21,92,33,14,0.22933070,0.01677744,0.06906760,0E-8,0.000000,0.934648,0.477291,-0.06785032,2026-03-31,2026-08-03,34,232,155,126,0.269841,0.820639,0.861772,0.764436,,,,,,,,GLOBAL_BASELINE_NO_ENTITY_RANKING,,,NOT_APPLICABLE_GLOBAL_BASELINE,HF9g-P5,,,,X 全窗基线 · 不参与实体赏罚,8390919,840,A168_HF9F_20260827_0900,2026-08-27 09:00:00
2026-05-29,60761351,1363,0,8.4024787312,-8.4024787312,-8.4024787312,0E-7,4,1,0.06245477500000000,0.062454775000,-0.2580992312053338,-0.2580992312053338,-0.2580992312053338,0E-17,ELIGIBLE,R03b_20260811_FULL_v1,L1_ELIGIBILITY,v2026-08-11,2026-03-21..2026-08-06,baccarat_bet02_101_all_pairs_incl_sentinel,round_win = game_pnl > 0 (decisive only),COMPATIBILITY_ONLY_NOT_PRODUCTION,28691.8873,26816.8210,481.3764,6407,1568,-0.01677744,-0.06906760,-0.00121728,-0.01677744,-481.3764,28691.8873,OK,0.0000,19.2551,4.0000,96.0000,AG03-UNRESOLVED,ALL5_LEVELS_bet23_to_bet27,19.2551,19.2551,19.2551,28.8826,28.8826,4.000000,4.000000,4.000000,6.000000,6.000000,96.000000,96.000000,96.000000,94.000000,94.000000,5.0,115.5303,105.0591,365.8461,376.3173,PENDING_AG03,FALSE,NOT_FOR_ENFORCEMENT,462.1214,25744.1481,481.3764,462.1214,19.2551,0.01677744,0.01610634,19.2551,462.1214,0.01610634,19.2551,19.2551,19.2551,28.8826,28.8826,462.1214,0.01610634,115.5303,105.0591,365.8461,376.3173,0.01275085,0.01311581,0.00067110,4.4782,17.1026,0.3070,14.1581,2.0749,843.8790,46.1176,3.8592,4.7027,2.0771,2.1006,2.2009,10.5412,18.9056,30.5448,2.1006,-2.0771,8.999999,14.540867,2.131851,21,92,33,14,0.22933070,0.01677744,0.06906760,0E-8,0.000000,0.934648,0.477291,-0.06785032,2026-03-31,2026-08-03,34,232,155,126,0.269841,0.820639,0.861772,0.764436,,,,,,,,GLOBAL_BASELINE_NO_ENTITY_RANKING,,,NOT_APPLICABLE_GLOBAL_BASELINE,HF9g-P5,,,,X 全窗基线 · 不参与实体赏罚,8390920,840,A168_HF9F_20260827_0900,2026-08-27 09:00:00
2026-05-29,60761351,1383,0,352.9041067115,-56.7167314356,-56.7167314356,0.4615385,52,13,0.39249824204237080,0.232793325897,0.5097781443978454,1.9515608396266588,0.5097781443978454,0.15970491614537080,ELIGIBLE,R03b_20260811_FULL_v1,L1_ELIGIBILITY,v2026-08-11,2026-03-21..2026-08-06,baccarat_bet02_101_all_pairs_incl_sentinel,round_win = game_pnl > 0 (decisive only),COMPATIBILITY_ONLY_NOT_PRODUCTION,28691.8873,26816.8210,481.3764,6407,1568,-0.01677744,-0.06906760,-0.00121728,-0.01677744,-481.3764,28691.8873,OK,0.0000,19.2551,4.0000,96.0000,AG03-UNRESOLVED,ALL5_LEVELS_bet23_to_bet27,19.2551,19.2551,19.2551,28.8826,28.8826,4.000000,4.000000,4.000000,6.000000,6.000000,96.000000,96.000000,96.000000,94.000000,94.000000,5.0,115.5303,105.0591,365.8461,376.3173,PENDING_AG03,FALSE,NOT_FOR_ENFORCEMENT,462.1214,25744.1481,481.3764,462.1214,19.2551,0.01677744,0.01610634,19.2551,462.1214,0.01610634,19.2551,19.2551,19.2551,28.8826,28.8826,462.1214,0.01610634,115.5303,105.0591,365.8461,376.3173,0.01275085,0.01311581,0.00067110,4.4782,17.1026,0.3070,14.1581,2.0749,843.8790,46.1176,3.8592,4.7027,2.0771,2.1006,2.2009,10.5412,18.9056,30.5448,2.1006,-2.0771,8.999999,14.540867,2.131851,21,92,33,14,0.22933070,0.01677744,0.06906760,0E-8,0.000000,0.934648,0.477291,-0.06785032,2026-03-31,2026-08-03,34,232,155,126,0.269841,0.820639,0.861772,0.764436,,,,,,,,GLOBAL_BASELINE_NO_ENTITY_RANKING,,,NOT_APPLICABLE_GLOBAL_BASELINE,HF9g-P5,,,,X 全窗基线 · 不参与实体赏罚,8390921,840,A168_HF9F_20260827_0900,2026-08-27 09:00:00
2026-05-29,60761351,1385,0,504.1487238726,-11.0282533343,-11.0282533343,0.4782609,113,24,0.30059140628662861,0.149265114375,1.8583304628476252,4.427697400852885,1.8583304628476252,0.15132629191162861,ELIGIBLE,R03b_20260811_FULL_v1,L1_ELIGIBILITY,v2026-08-11,2026-03-21..2026-08-06,baccarat_bet02_101_all_pairs_incl_sentinel,round_win = game_pnl > 0 (decisive only),COMPATIBILITY_ONLY_NOT_PRODUCTION,28691.8873,26816.8210,481.3764,6407,1568,-0.01677744,-0.06906760,-0.00121728,-0.01677744,-481.3764,28691.8873,OK,0.0000,19.2551,4.0000,96.0000,AG03-UNRESOLVED,ALL5_LEVELS_bet23_to_bet27,19.2551,19.2551,19.2551,28.8826,28.8826,4.000000,4.000000,4.000000,6.000000,6.000000,96.000000,96.000000,96.000000,94.000000,94.000000,5.0,115.5303,105.0591,365.8461,376.3173,PENDING_AG03,FALSE,NOT_FOR_ENFORCEMENT,462.1214,25744.1481,481.3764,462.1214,19.2551,0.01677744,0.01610634,19.2551,462.1214,0.01610634,19.2551,19.2551,19.2551,28.8826,28.8826,462.1214,0.01610634,115.5303,105.0591,365.8461,376.3173,0.01275085,0.01311581,0.00067110,4.4782,17.1026,0.3070,14.1581,2.0749,843.8790,46.1176,3.8592,4.7027,2.0771,2.1006,2.2009,10.5412,18.9056,30.5448,2.1006,-2.0771,8.999999,14.540867,2.131851,21,92,33,14,0.22933070,0.01677744,0.06906760,0E-8,0.000000,0.934648,0.477291,-0.06785032,2026-03-31,2026-08-03,34,232,155,126,0.269841,0.820639,0.861772,0.764436,,,,,,,,GLOBAL_BASELINE_NO_ENTITY_RANKING,,,NOT_APPLICABLE_GLOBAL_BASELINE,HF9g-P5,,,,X 全窗基线 · 不参与实体赏罚,8390922,840,A168_HF9F_20260827_0900,2026-08-27 09:00:00
2026-05-29,60761351,1646,0,625.9846654753,39.9117739738,39.9117739738,0.4166667,109,24,0.30386538788030055,0.151910336319,1.2015238976578955,3.6135779381681616,1.2015238976578955,0.15195505156130055,ELIGIBLE,R03b_20260811_FULL_v1,L1_ELIGIBILITY,v2026-08-11,2026-03-21..2026-08-06,baccarat_bet02_101_all_pairs_incl_sentinel,round_win = game_pnl > 0 (decisive only),COMPATIBILITY_ONLY_NOT_PRODUCTION,28691.8873,26816.8210,481.3764,6407,1568,-0.01677744,-0.06906760,-0.00121728,-0.01677744,-481.3764,28691.8873,OK,0.0000,19.2551,4.0000,96.0000,AG03-UNRESOLVED,ALL5_LEVELS_bet23_to_bet27,19.2551,19.2551,19.2551,28.8826,28.8826,4.000000,4.000000,4.000000,6.000000,6.000000,96.000000,96.000000,96.000000,94.000000,94.000000,5.0,115.5303,105.0591,365.8461,376.3173,PENDING_AG03,FALSE,NOT_FOR_ENFORCEMENT,462.1214,25744.1481,481.3764,462.1214,19.2551,0.01677744,0.01610634,19.2551,462.1214,0.01610634,19.2551,19.2551,19.2551,28.8826,28.8826,462.1214,0.01610634,115.5303,105.0591,365.8461,376.3173,0.01275085,0.01311581,0.00067110,4.4782,17.1026,0.3070,14.1581,2.0749,843.8790,46.1176,3.8592,4.7027,2.0771,2.1006,2.2009,10.5412,18.9056,30.5448,2.1006,-2.0771,8.999999,14.540867,2.131851,21,92,33,14,0.22933070,0.01677744,0.06906760,0E-8,0.000000,0.934648,0.477291,-0.06785032,2026-03-31,2026-08-03,34,232,155,126,0.269841,0.820639,0.861772,0.764436,,,,,,,,GLOBAL_BASELINE_NO_ENTITY_RANKING,,,NOT_APPLICABLE_GLOBAL_BASELINE,HF9g-P5,,,,X 全窗基线 · 不参与实体赏罚,8390923,840,A168_HF9F_20260827_0900,2026-08-27 09:00:00
2026-05-29,60761351,1654,0,113.4334628716,-71.4210692154,-71.4210692154,0.3333333,14,3,0.27760194670359011,0.119938898333,0.21555640846691249,1.1376463460256498,0.21555640846691249,0.15766304837059011,ELIGIBLE,R03b_20260811_FULL_v1,L1_ELIGIBILITY,v2026-08-11,2026-03-21..2026-08-06,baccarat_bet02_101_all_pairs_incl_sentinel,round_win = game_pnl > 0 (decisive only),COMPATIBILITY_ONLY_NOT_PRODUCTION,28691.8873,26816.8210,481.3764,6407,1568,-0.01677744,-0.06906760,-0.00121728,-0.01677744,-481.3764,28691.8873,OK,0.0000,19.2551,4.0000,96.0000,AG03-UNRESOLVED,ALL5_LEVELS_bet23_to_bet27,19.2551,19.2551,19.2551,28.8826,28.8826,4.000000,4.000000,4.000000,6.000000,6.000000,96.000000,96.000000,96.000000,94.000000,94.000000,5.0,115.5303,105.0591,365.8461,376.3173,PENDING_AG03,FALSE,NOT_FOR_ENFORCEMENT,462.1214,25744.1481,481.3764,462.1214,19.2551,0.01677744,0.01610634,19.2551,462.1214,0.01610634,19.2551,19.2551,19.2551,28.8826,28.8826,462.1214,0.01610634,115.5303,105.0591,365.8461,376.3173,0.01275085,0.01311581,0.00067110,4.4782,17.1026,0.3070,14.1581,2.0749,843.8790,46.1176,3.8592,4.7027,2.0771,2.1006,2.2009,10.5412,18.9056,30.5448,2.1006,-2.0771,8.999999,14.540867,2.131851,21,92,33,14,0.22933070,0.01677744,0.06906760,0E-8,0.000000,0.934648,0.477291,-0.06785032,2026-03-31,2026-08-03,34,232,155,126,0.269841,0.820639,0.861772,0.764436,,,,,,,,GLOBAL_BASELINE_NO_ENTITY_RANKING,,,NOT_APPLICABLE_GLOBAL_BASELINE,HF9g-P5,,,,X 全窗基线 · 不参与实体赏罚,8390924,840,A168_HF9F_20260827_0900,2026-08-27 09:00:00
2026-05-29,60761351,1704,0,69.3204495324,218.4644470119,218.4644470119,0.5000000,19,4,0.24945711244318182,0.127073383750,1.1580474957817053,2.2394285525796787,1.1580474957817053,0.12238372869318182,ELIGIBLE,R03b_20260811_FULL_v1,L1_ELIGIBILITY,v2026-08-11,2026-03-21..2026-08-06,baccarat_bet02_101_all_pairs_incl_sentinel,round_win = game_pnl > 0 (decisive only),COMPATIBILITY_ONLY_NOT_PRODUCTION,28691.8873,26816.8210,481.3764,6407,1568,-0.01677744,-0.06906760,-0.00121728,-0.01677744,-481.3764,28691.8873,OK,0.0000,19.2551,4.0000,96.0000,AG03-UNRESOLVED,ALL5_LEVELS_bet23_to_bet27,19.2551,19.2551,19.2551,28.8826,28.8826,4.000000,4.000000,4.000000,6.000000,6.000000,96.000000,96.000000,96.000000,94.000000,94.000000,5.0,115.5303,105.0591,365.8461,376.3173,PENDING_AG03,FALSE,NOT_FOR_ENFORCEMENT,462.1214,25744.1481,481.3764,462.1214,19.2551,0.01677744,0.01610634,19.2551,462.1214,0.01610634,19.2551,19.2551,19.2551,28.8826,28.8826,462.1214,0.01610634,115.5303,105.0591,365.8461,376.3173,0.01275085,0.01311581,0.00067110,4.4782,17.1026,0.3070,14.1581,2.0749,843.8790,46.1176,3.8592,4.7027,2.0771,2.1006,2.2009,10.5412,18.9056,30.5448,2.1006,-2.0771,8.999999,14.540867,2.131851,21,92,33,14,0.22933070,0.01677744,0.06906760,0E-8,0.000000,0.934648,0.477291,-0.06785032,2026-03-31,2026-08-03,34,232,155,126,0.269841,0.820639,0.861772,0.764436,,,,,,,,GLOBAL_BASELINE_NO_ENTITY_RANKING,,,NOT_APPLICABLE_GLOBAL_BASELINE,HF9g-P5,,,,X 全窗基线 · 不参与实体赏罚,8390925,840,A168_HF9F_20260827_0900,2026-08-27 09:00:00
2026-05-29,60761351,2134,0,219.5147568531,-43.0627034974,-43.0627034974,0.2500000,34,8,0.34165203058797899,0.150828636667,-0.5465971105186579,0.7837755371976245,-0.5465971105186579,0.19082339392097899,ELIGIBLE,R03b_20260811_FULL_v1,L1_ELIGIBILITY,v2026-08-11,2026-03-21..2026-08-06,baccarat_bet02_101_all_pairs_incl_sentinel,round_win = game_pnl > 0 (decisive only),COMPATIBILITY_ONLY_NOT_PRODUCTION,28691.8873,26816.8210,481.3764,6407,1568,-0.01677744,-0.06906760,-0.00121728,-0.01677744,-481.3764,28691.8873,OK,0.0000,19.2551,4.0000,96.0000,AG03-UNRESOLVED,ALL5_LEVELS_bet23_to_bet27,19.2551,19.2551,19.2551,28.8826,28.8826,4.000000,4.000000,4.000000,6.000000,6.000000,96.000000,96.000000,96.000000,94.000000,94.000000,5.0,115.5303,105.0591,365.8461,376.3173,PENDING_AG03,FALSE,NOT_FOR_ENFORCEMENT,462.1214,25744.1481,481.3764,462.1214,19.2551,0.01677744,0.01610634,19.2551,462.1214,0.01610634,19.2551,19.2551,19.2551,28.8826,28.8826,462.1214,0.01610634,115.5303,105.0591,365.8461,376.3173,0.01275085,0.01311581,0.00067110,4.4782,17.1026,0.3070,14.1581,2.0749,843.8790,46.1176,3.8592,4.7027,2.0771,2.1006,2.2009,10.5412,18.9056,30.5448,2.1006,-2.0771,8.999999,14.540867,2.131851,21,92,33,14,0.22933070,0.01677744,0.06906760,0E-8,0.000000,0.934648,0.477291,-0.06785032,2026-03-31,2026-08-03,34,232,155,126,0.269841,0.820639,0.861772,0.764436,,,,,,,,GLOBAL_BASELINE_NO_ENTITY_RANKING,,,NOT_APPLICABLE_GLOBAL_BASELINE,HF9g-P5,,,,X 全窗基线 · 不参与实体赏罚,8390926,840,A168_HF9F_20260827_0900,2026-08-27 09:00:00
2026-05-29,60761351,2193,0,42.0123936560,-25.2074361936,-25.2074361936,0.3333333,13,3,0.27403386587301587,0.162277340000,0.23027729592093987,0.8035628510388909,0.23027729592093987,0.11175652587301587,ELIGIBLE,R03b_20260811_FULL_v1,L1_ELIGIBILITY,v2026-08-11,2026-03-21..2026-08-06,baccarat_bet02_101_all_pairs_incl_sentinel,round_win = game_pnl > 0 (decisive only),COMPATIBILITY_ONLY_NOT_PRODUCTION,28691.8873,26816.8210,481.3764,6407,1568,-0.01677744,-0.06906760,-0.00121728,-0.01677744,-481.3764,28691.8873,OK,0.0000,19.2551,4.0000,96.0000,AG03-UNRESOLVED,ALL5_LEVELS_bet23_to_bet27,19.2551,19.2551,19.2551,28.8826,28.8826,4.000000,4.000000,4.000000,6.000000,6.000000,96.000000,96.000000,96.000000,94.000000,94.000000,5.0,115.5303,105.0591,365.8461,376.3173,PENDING_AG03,FALSE,NOT_FOR_ENFORCEMENT,462.1214,25744.1481,481.3764,462.1214,19.2551,0.01677744,0.01610634,19.2551,462.1214,0.01610634,19.2551,19.2551,19.2551,28.8826,28.8826,462.1214,0.01610634,115.5303,105.0591,365.8461,376.3173,0.01275085,0.01311581,0.00067110,4.4782,17.1026,0.3070,14.1581,2.0749,843.8790,46.1176,3.8592,4.7027,2.0771,2.1006,2.2009,10.5412,18.9056,30.5448,2.1006,-2.0771,8.999999,14.540867,2.131851,21,92,33,14,0.22933070,0.01677744,0.06906760,0E-8,0.000000,0.934648,0.477291,-0.06785032,2026-03-31,2026-08-03,34,232,155,126,0.269841,0.820639,0.861772,0.764436,,,,,,,,GLOBAL_BASELINE_NO_ENTITY_RANKING,,,NOT_APPLICABLE_GLOBAL_BASELINE,HF9g-P5,,,,X 全窗基线 · 不参与实体赏罚,8390927,840,A168_HF9F_20260827_0900,2026-08-27 09:00:00
2026-05-29,60761351,2267,0,151.8748030667,-74.9921226760,-74.9921226760,0.1666667,26,6,0.37421891165883059,0.208523969445,-1.0505796343292546,-0.2523771254896525,-1.0505796343292546,0.16569494221383059,ELIGIBLE,R03b_20260811_FULL_v1,L1_ELIGIBILITY,v2026-08-11,2026-03-21..2026-08-06,baccarat_bet02_101_all_pairs_incl_sentinel,round_win = game_pnl > 0 (decisive only),COMPATIBILITY_ONLY_NOT_PRODUCTION,28691.8873,26816.8210,481.3764,6407,1568,-0.01677744,-0.06906760,-0.00121728,-0.01677744,-481.3764,28691.8873,OK,0.0000,19.2551,4.0000,96.0000,AG03-UNRESOLVED,ALL5_LEVELS_bet23_to_bet27,19.2551,19.2551,19.2551,28.8826,28.8826,4.000000,4.000000,4.000000,6.000000,6.000000,96.000000,96.000000,96.000000,94.000000,94.000000,5.0,115.5303,105.0591,365.8461,376.3173,PENDING_AG03,FALSE,NOT_FOR_ENFORCEMENT,462.1214,25744.1481,481.3764,462.1214,19.2551,0.01677744,0.01610634,19.2551,462.1214,0.01610634,19.2551,19.2551,19.2551,28.8826,28.8826,462.1214,0.01610634,115.5303,105.0591,365.8461,376.3173,0.01275085,0.01311581,0.00067110,4.4782,17.1026,0.3070,14.1581,2.0749,843.8790,46.1176,3.8592,4.7027,2.0771,2.1006,2.2009,10.5412,18.9056,30.5448,2.1006,-2.0771,8.999999,14.540867,2.131851,21,92,33,14,0.22933070,0.01677744,0.06906760,0E-8,0.000000,0.934648,0.477291,-0.06785032,2026-03-31,2026-08-03,34,232,155,126,0.269841,0.820639,0.861772,0.764436,,,,,,,,GLOBAL_BASELINE_NO_ENTITY_RANKING,,,NOT_APPLICABLE_GLOBAL_BASELINE,HF9g-P5,,,,X 全窗基线 · 不参与实体赏罚,8390928,840,A168_HF9F_20260827_0900,2026-08-27 09:00:00
2026-05-29,60761351,462,0,388.6146413188,14.7043377801,14.7043377801,0.4375000,74,16,0.32780105354571249,0.167905102813,0.9347777395499483,2.8850495882488336,0.9347777395499483,0.15989595073271249,ELIGIBLE,R03b_20260811_FULL_v1,L1_ELIGIBILITY,v2026-08-11,2026-03-21..2026-08-06,baccarat_bet02_101_all_pairs_incl_sentinel,round_win = game_pnl > 0 (decisive only),COMPATIBILITY_ONLY_NOT_PRODUCTION,28691.8873,26816.8210,481.3764,6407,1568,-0.01677744,-0.06906760,-0.00121728,-0.01677744,-481.3764,28691.8873,OK,0.0000,19.2551,4.0000,96.0000,AG03-UNRESOLVED,ALL5_LEVELS_bet23_to_bet27,19.2551,19.2551,19.2551,28.8826,28.8826,4.000000,4.000000,4.000000,6.000000,6.000000,96.000000,96.000000,96.000000,94.000000,94.000000,5.0,115.5303,105.0591,365.8461,376.3173,PENDING_AG03,FALSE,NOT_FOR_ENFORCEMENT,462.1214,25744.1481,481.3764,462.1214,19.2551,0.01677744,0.01610634,19.2551,462.1214,0.01610634,19.2551,19.2551,19.2551,28.8826,28.8826,462.1214,0.01610634,115.5303,105.0591,365.8461,376.3173,0.01275085,0.01311581,0.00067110,4.4782,17.1026,0.3070,14.1581,2.0749,843.8790,46.1176,3.8592,4.7027,2.0771,2.1006,2.2009,10.5412,18.9056,30.5448,2.1006,-2.0771,8.999999,14.540867,2.131851,21,92,33,14,0.22933070,0.01677744,0.06906760,0E-8,0.000000,0.934648,0.477291,-0.06785032,2026-03-31,2026-08-03,34,232,155,126,0.269841,0.820639,0.861772,0.764436,,,,,,,,GLOBAL_BASELINE_NO_ENTITY_RANKING,,,NOT_APPLICABLE_GLOBAL_BASELINE,HF9g-P5,,,,X 全窗基线 · 不参与实体赏罚,8390929,840,A168_HF9F_20260827_0900,2026-08-27 09:00:00
2026-05-29,60761351,471,0,37.8111542905,-37.8111542905,-37.8111542905,0E-7,5,2,0.45523687692326520,0.339555775000,-1.2927955989733548,-1.014033925280087,-1.2927955989733548,0.11568110192326520,ELIGIBLE,R03b_20260811_FULL_v1,L1_ELIGIBILITY,v2026-08-11,2026-03-21..2026-08-06,baccarat_bet02_101_all_pairs_incl_sentinel,round_win = game_pnl > 0 (decisive only),COMPATIBILITY_ONLY_NOT_PRODUCTION,28691.8873,26816.8210,481.3764,6407,1568,-0.01677744,-0.06906760,-0.00121728,-0.01677744,-481.3764,28691.8873,OK,0.0000,19.2551,4.0000,96.0000,AG03-UNRESOLVED,ALL5_LEVELS_bet23_to_bet27,19.2551,19.2551,19.2551,28.8826,28.8826,4.000000,4.000000,4.000000,6.000000,6.000000,96.000000,96.000000,96.000000,94.000000,94.000000,5.0,115.5303,105.0591,365.8461,376.3173,PENDING_AG03,FALSE,NOT_FOR_ENFORCEMENT,462.1214,25744.1481,481.3764,462.1214,19.2551,0.01677744,0.01610634,19.2551,462.1214,0.01610634,19.2551,19.2551,19.2551,28.8826,28.8826,462.1214,0.01610634,115.5303,105.0591,365.8461,376.3173,0.01275085,0.01311581,0.00067110,4.4782,17.1026,0.3070,14.1581,2.0749,843.8790,46.1176,3.8592,4.7027,2.0771,2.1006,2.2009,10.5412,18.9056,30.5448,2.1006,-2.0771,8.999999,14.540867,2.131851,21,92,33,14,0.22933070,0.01677744,0.06906760,0E-8,0.000000,0.934648,0.477291,-0.06785032,2026-03-31,2026-08-03,34,232,155,126,0.269841,0.820639,0.861772,0.764436,,,,,,,,GLOBAL_BASELINE_NO_ENTITY_RANKING,,,NOT_APPLICABLE_GLOBAL_BASELINE,HF9g-P5,,,,X 全窗基线 · 不参与实体赏罚,8390930,840,A168_HF9F_20260827_0900,2026-08-27 09:00:00
2026-05-29,60761351,772,0,21.0061968280,-21.0061968280,-21.0061968280,0E-7,5,2,0.42433857500000000,0.342026450000,-1.2141929039946946,-1.019625354619069,-1.2141929039946946,0.08231212500000000,ELIGIBLE,R03b_20260811_FULL_v1,L1_ELIGIBILITY,v2026-08-11,2026-03-21..2026-08-06,baccarat_bet02_101_all_pairs_incl_sentinel,round_win = game_pnl > 0 (decisive only),COMPATIBILITY_ONLY_NOT_PRODUCTION,28691.8873,26816.8210,481.3764,6407,1568,-0.01677744,-0.06906760,-0.00121728,-0.01677744,-481.3764,28691.8873,OK,0.0000,19.2551,4.0000,96.0000,AG03-UNRESOLVED,ALL5_LEVELS_bet23_to_bet27,19.2551,19.2551,19.2551,28.8826,28.8826,4.000000,4.000000,4.000000,6.000000,6.000000,96.000000,96.000000,96.000000,94.000000,94.000000,5.0,115.5303,105.0591,365.8461,376.3173,PENDING_AG03,FALSE,NOT_FOR_ENFORCEMENT,462.1214,25744.1481,481.3764,462.1214,19.2551,0.01677744,0.01610634,19.2551,462.1214,0.01610634,19.2551,19.2551,19.2551,28.8826,28.8826,462.1214,0.01610634,115.5303,105.0591,365.8461,376.3173,0.01275085,0.01311581,0.00067110,4.4782,17.1026,0.3070,14.1581,2.0749,843.8790,46.1176,3.8592,4.7027,2.0771,2.1006,2.2009,10.5412,18.9056,30.5448,2.1006,-2.0771,8.999999,14.540867,2.131851,21,92,33,14,0.22933070,0.01677744,0.06906760,0E-8,0.000000,0.934648,0.477291,-0.06785032,2026-03-31,2026-08-03,34,232,155,126,0.269841,0.820639,0.861772,0.764436,,,,,,,,GLOBAL_BASELINE_NO_ENTITY_RANKING,,,NOT_APPLICABLE_GLOBAL_BASELINE,HF9g-P5,,,,X 全窗基线 · 不参与实体赏罚,8390931,840,A168_HF9F_20260827_0900,2026-08-27 09:00:00
2026-05-30,60761351,1109,0,79.8235479466,-79.8235479466,-79.8235479466,0E-7,10,2,0.39580474077409000,0.148612920000,-1.1446345141110603,-0.590853420264362,-1.1446345141110603,0.24719182077409000,ELIGIBLE,R03b_20260811_FULL_v1,L1_ELIGIBILITY,v2026-08-11,2026-03-21..2026-08-06,baccarat_bet02_101_all_pairs_incl_sentinel,round_win = game_pnl > 0 (decisive only),COMPATIBILITY_ONLY_NOT_PRODUCTION,28691.8873,26816.8210,481.3764,6407,1568,-0.01677744,-0.06906760,-0.00121728,-0.01677744,-481.3764,28691.8873,OK,0.0000,19.2551,4.0000,96.0000,AG03-UNRESOLVED,ALL5_LEVELS_bet23_to_bet27,19.2551,19.2551,19.2551,28.8826,28.8826,4.000000,4.000000,4.000000,6.000000,6.000000,96.000000,96.000000,96.000000,94.000000,94.000000,5.0,115.5303,105.0591,365.8461,376.3173,PENDING_AG03,FALSE,NOT_FOR_ENFORCEMENT,462.1214,25744.1481,481.3764,462.1214,19.2551,0.01677744,0.01610634,19.2551,462.1214,0.01610634,19.2551,19.2551,19.2551,28.8826,28.8826,462.1214,0.01610634,115.5303,105.0591,365.8461,376.3173,0.01275085,0.01311581,0.00067110,4.4782,17.1026,0.3070,14.1581,2.0749,843.8790,46.1176,3.8592,4.7027,2.0771,2.1006,2.2009,10.5412,18.9056,30.5448,2.1006,-2.0771,8.999999,14.540867,2.131851,21,92,33,14,0.22933070,0.01677744,0.06906760,0E-8,0.000000,0.934648,0.477291,-0.06785032,2026-03-31,2026-08-03,34,232,155,126,0.269841,0.820639,0.861772,0.764436,,,,,,,,GLOBAL_BASELINE_NO_ENTITY_RANKING,,,NOT_APPLICABLE_GLOBAL_BASELINE,HF9g-P5,,,,X 全窗基线 · 不参与实体赏罚,8390932,840,A168_HF9F_20260827_0900,2026-08-27 09:00:00
2026-05-30,60761351,1363,0,42.0123936561,-42.0123936561,-42.0123936561,0E-7,6,2,0.41378995500000000,0.327631810000,-1.1881693405377527,-0.9871984142340704,-1.1881693405377527,0.08615814500000000,ELIGIBLE,R03b_20260811_FULL_v1,L1_ELIGIBILITY,v2026-08-11,2026-03-21..2026-08-06,baccarat_bet02_101_all_pairs_incl_sentinel,round_win = game_pnl > 0 (decisive only),COMPATIBILITY_ONLY_NOT_PRODUCTION,28691.8873,26816.8210,481.3764,6407,1568,-0.01677744,-0.06906760,-0.00121728,-0.01677744,-481.3764,28691.8873,OK,0.0000,19.2551,4.0000,96.0000,AG03-UNRESOLVED,ALL5_LEVELS_bet23_to_bet27,19.2551,19.2551,19.2551,28.8826,28.8826,4.000000,4.000000,4.000000,6.000000,6.000000,96.000000,96.000000,96.000000,94.000000,94.000000,5.0,115.5303,105.0591,365.8461,376.3173,PENDING_AG03,FALSE,NOT_FOR_ENFORCEMENT,462.1214,25744.1481,481.3764,462.1214,19.2551,0.01677744,0.01610634,19.2551,462.1214,0.01610634,19.2551,19.2551,19.2551,28.8826,28.8826,462.1214,0.01610634,115.5303,105.0591,365.8461,376.3173,0.01275085,0.01311581,0.00067110,4.4782,17.1026,0.3070,14.1581,2.0749,843.8790,46.1176,3.8592,4.7027,2.0771,2.1006,2.2009,10.5412,18.9056,30.5448,2.1006,-2.0771,8.999999,14.540867,2.131851,21,92,33,14,0.22933070,0.01677744,0.06906760,0E-8,0.000000,0.934648,0.477291,-0.06785032,2026-03-31,2026-08-03,34,232,155,126,0.269841,0.820639,0.861772,0.764436,,,,,,,,GLOBAL_BASELINE_NO_ENTITY_RANKING,,,NOT_APPLICABLE_GLOBAL_BASELINE,HF9g-P5,,,,X 全窗基线 · 不参与实体赏罚,8390933,840,A168_HF9F_20260827_0900,2026-08-27 09:00:00
2026-05-30,60761351,1383,0,221.8254385043,-90.5367083287,-90.5367083287,0.2857143,34,7,0.37330474784935098,0.152725674286,-0.4791217416006249,0.978127394914837,-0.4791217416006249,0.22057907356335098,ELIGIBLE,R03b_20260811_FULL_v1,L1_ELIGIBILITY,v2026-08-11,2026-03-21..2026-08-06,baccarat_bet02_101_all_pairs_incl_sentinel,round_win = game_pnl > 0 (decisive only),COMPATIBILITY_ONLY_NOT_PRODUCTION,28691.8873,26816.8210,481.3764,6407,1568,-0.01677744,-0.06906760,-0.00121728,-0.01677744,-481.3764,28691.8873,OK,0.0000,19.2551,4.0000,96.0000,AG03-UNRESOLVED,ALL5_LEVELS_bet23_to_bet27,19.2551,19.2551,19.2551,28.8826,28.8826,4.000000,4.000000,4.000000,6.000000,6.000000,96.000000,96.000000,96.000000,94.000000,94.000000,5.0,115.5303,105.0591,365.8461,376.3173,PENDING_AG03,FALSE,NOT_FOR_ENFORCEMENT,462.1214,25744.1481,481.3764,462.1214,19.2551,0.01677744,0.01610634,19.2551,462.1214,0.01610634,19.2551,19.2551,19.2551,28.8826,28.8826,462.1214,0.01610634,115.5303,105.0591,365.8461,376.3173,0.01275085,0.01311581,0.00067110,4.4782,17.1026,0.3070,14.1581,2.0749,843.8790,46.1176,3.8592,4.7027,2.0771,2.1006,2.2009,10.5412,18.9056,30.5448,2.1006,-2.0771,8.999999,14.540867,2.131851,21,92,33,14,0.22933070,0.01677744,0.06906760,0E-8,0.000000,0.934648,0.477291,-0.06785032,2026-03-31,2026-08-03,34,232,155,126,0.269841,0.820639,0.861772,0.764436,,,,,,,,GLOBAL_BASELINE_NO_ENTITY_RANKING,,,NOT_APPLICABLE_GLOBAL_BASELINE,HF9g-P5,,,,X 全窗基线 · 不参与实体赏罚,8390934,840,A168_HF9F_20260827_0900,2026-08-27 09:00:00
2026-05-30,60761351,1385,0,63.0185904841,-63.0185904841,-63.0185904841,0E-7,17,5,0.20720829500000000,0.174283445000,-1.1431652703916508,-1.0273006765656858,-1.1431652703916508,0.03292485000000000,ELIGIBLE,R03b_20260811_FULL_v1,L1_ELIGIBILITY,v2026-08-11,2026-03-21..2026-08-06,baccarat_bet02_101_all_pairs_incl_sentinel,round_win = game_pnl > 0 (decisive only),COMPATIBILITY_ONLY_NOT_PRODUCTION,28691.8873,26816.8210,481.3764,6407,1568,-0.01677744,-0.06906760,-0.00121728,-0.01677744,-481.3764,28691.8873,OK,0.0000,19.2551,4.0000,96.0000,AG03-UNRESOLVED,ALL5_LEVELS_bet23_to_bet27,19.2551,19.2551,19.2551,28.8826,28.8826,4.000000,4.000000,4.000000,6.000000,6.000000,96.000000,96.000000,96.000000,94.000000,94.000000,5.0,115.5303,105.0591,365.8461,376.3173,PENDING_AG03,FALSE,NOT_FOR_ENFORCEMENT,462.1214,25744.1481,481.3764,462.1214,19.2551,0.01677744,0.01610634,19.2551,462.1214,0.01610634,19.2551,19.2551,19.2551,28.8826,28.8826,462.1214,0.01610634,115.5303,105.0591,365.8461,376.3173,0.01275085,0.01311581,0.00067110,4.4782,17.1026,0.3070,14.1581,2.0749,843.8790,46.1176,3.8592,4.7027,2.0771,2.1006,2.2009,10.5412,18.9056,30.5448,2.1006,-2.0771,8.999999,14.540867,2.131851,21,92,33,14,0.22933070,0.01677744,0.06906760,0E-8,0.000000,0.934648,0.477291,-0.06785032,2026-03-31,2026-08-03,34,232,155,126,0.269841,0.820639,0.861772,0.764436,,,,,,,,GLOBAL_BASELINE_NO_ENTITY_RANKING,,,NOT_APPLICABLE_GLOBAL_BASELINE,HF9g-P5,,,,X 全窗基线 · 不参与实体赏罚,8390935,840,A168_HF9F_20260827_0900,2026-08-27 09:00:00
2026-05-30,60761351,471,0,98.7291250917,107.1316038232,107.1316038232,0.6000000,24,5,0.27525171725405196,0.131381291000,1.625822948464667,3.101867719731496,1.625822948464667,0.14387042625405196,ELIGIBLE,R03b_20260811_FULL_v1,L1_ELIGIBILITY,v2026-08-11,2026-03-21..2026-08-06,baccarat_bet02_101_all_pairs_incl_sentinel,round_win = game_pnl > 0 (decisive only),COMPATIBILITY_ONLY_NOT_PRODUCTION,28691.8873,26816.8210,481.3764,6407,1568,-0.01677744,-0.06906760,-0.00121728,-0.01677744,-481.3764,28691.8873,OK,0.0000,19.2551,4.0000,96.0000,AG03-UNRESOLVED,ALL5_LEVELS_bet23_to_bet27,19.2551,19.2551,19.2551,28.8826,28.8826,4.000000,4.000000,4.000000,6.000000,6.000000,96.000000,96.000000,96.000000,94.000000,94.000000,5.0,115.5303,105.0591,365.8461,376.3173,PENDING_AG03,FALSE,NOT_FOR_ENFORCEMENT,462.1214,25744.1481,481.3764,462.1214,19.2551,0.01677744,0.01610634,19.2551,462.1214,0.01610634,19.2551,19.2551,19.2551,28.8826,28.8826,462.1214,0.01610634,115.5303,105.0591,365.8461,376.3173,0.01275085,0.01311581,0.00067110,4.4782,17.1026,0.3070,14.1581,2.0749,843.8790,46.1176,3.8592,4.7027,2.0771,2.1006,2.2009,10.5412,18.9056,30.5448,2.1006,-2.0771,8.999999,14.540867,2.131851,21,92,33,14,0.22933070,0.01677744,0.06906760,0E-8,0.000000,0.934648,0.477291,-0.06785032,2026-03-31,2026-08-03,34,232,155,126,0.269841,0.820639,0.861772,0.764436,,,,,,,,GLOBAL_BASELINE_NO_ENTITY_RANKING,,,NOT_APPLICABLE_GLOBAL_BASELINE,HF9g-P5,,,,X 全窗基线 · 不参与实体赏罚,8390936,840,A168_HF9F_20260827_0900,2026-08-27 09:00:00
2026-06-01,60761351,1623,0,45.6971937772,83.0858068669,83.0858068669,0.6666667,14,3,0.22041137416595807,0.119893538333,1.8646368338527124,2.915427839093648,1.8646368338527124,0.10051783583295807,ELIGIBLE,R03b_20260811_FULL_v1,L1_ELIGIBILITY,v2026-08-11,2026-03-21..2026-08-06,baccarat_bet02_101_all_pairs_incl_sentinel,round_win = game_pnl > 0 (decisive only),COMPATIBILITY_ONLY_NOT_PRODUCTION,28691.8873,26816.8210,481.3764,6407,1568,-0.01677744,-0.06906760,-0.00121728,-0.01677744,-481.3764,28691.8873,OK,0.0000,19.2551,4.0000,96.0000,AG03-UNRESOLVED,ALL5_LEVELS_bet23_to_bet27,19.2551,19.2551,19.2551,28.8826,28.8826,4.000000,4.000000,4.000000,6.000000,6.000000,96.000000,96.000000,96.000000,94.000000,94.000000,5.0,115.5303,105.0591,365.8461,376.3173,PENDING_AG03,FALSE,NOT_FOR_ENFORCEMENT,462.1214,25744.1481,481.3764,462.1214,19.2551,0.01677744,0.01610634,19.2551,462.1214,0.01610634,19.2551,19.2551,19.2551,28.8826,28.8826,462.1214,0.01610634,115.5303,105.0591,365.8461,376.3173,0.01275085,0.01311581,0.00067110,4.4782,17.1026,0.3070,14.1581,2.0749,843.8790,46.1176,3.8592,4.7027,2.0771,2.1006,2.2009,10.5412,18.9056,30.5448,2.1006,-2.0771,8.999999,14.540867,2.131851,21,92,33,14,0.22933070,0.01677744,0.06906760,0E-8,0.000000,0.934648,0.477291,-0.06785032,2026-03-31,2026-08-03,34,232,155,126,0.269841,0.820639,0.861772,0.764436,,,,,,,,GLOBAL_BASELINE_NO_ENTITY_RANKING,,,NOT_APPLICABLE_GLOBAL_BASELINE,HF9g-P5,,,,X 全窗基线 · 不参与实体赏罚,8390937,840,A168_HF9F_20260827_0900,2026-08-27 09:00:00
2026-06-01,60761351,2108,0,39.4657582621,25.9643146458,25.9643146458,0.6666667,11,3,0.26257232261843446,0.152846480556,1.590593522348486,2.473221471401927,1.590593522348486,0.10972584206243446,ELIGIBLE,R03b_20260811_FULL_v1,L1_ELIGIBILITY,v2026-08-11,2026-03-21..2026-08-06,baccarat_bet02_101_all_pairs_incl_sentinel,round_win = game_pnl > 0 (decisive only),COMPATIBILITY_ONLY_NOT_PRODUCTION,28691.8873,26816.8210,481.3764,6407,1568,-0.01677744,-0.06906760,-0.00121728,-0.01677744,-481.3764,28691.8873,OK,0.0000,19.2551,4.0000,96.0000,AG03-UNRESOLVED,ALL5_LEVELS_bet23_to_bet27,19.2551,19.2551,19.2551,28.8826,28.8826,4.000000,4.000000,4.000000,6.000000,6.000000,96.000000,96.000000,96.000000,94.000000,94.000000,5.0,115.5303,105.0591,365.8461,376.3173,PENDING_AG03,FALSE,NOT_FOR_ENFORCEMENT,462.1214,25744.1481,481.3764,462.1214,19.2551,0.01677744,0.01610634,19.2551,462.1214,0.01610634,19.2551,19.2551,19.2551,28.8826,28.8826,462.1214,0.01610634,115.5303,105.0591,365.8461,376.3173,0.01275085,0.01311581,0.00067110,4.4782,17.1026,0.3070,14.1581,2.0749,843.8790,46.1176,3.8592,4.7027,2.0771,2.1006,2.2009,10.5412,18.9056,30.5448,2.1006,-2.0771,8.999999,14.540867,2.131851,21,92,33,14,0.22933070,0.01677744,0.06906760,0E-8,0.000000,0.934648,0.477291,-0.06785032,2026-03-31,2026-08-03,34,232,155,126,0.269841,0.820639,0.861772,0.764436,,,,,,,,GLOBAL_BASELINE_NO_ENTITY_RANKING,,,NOT_APPLICABLE_GLOBAL_BASELINE,HF9g-P5,,,,X 全窗基线 · 不参与实体赏罚,8390938,840,A168_HF9F_20260827_0900,2026-08-27 09:00:00
2026-06-01,60761351,2127,0,61.2757825647,13.5014436157,13.5014436157,0.5000000,16,4,0.19413162038860113,0.114973043334,1.546622701567874,2.4140422633818877,1.546622701567874,0.07915857705460113,ELIGIBLE,R03b_20260811_FULL_v1,L1_ELIGIBILITY,v2026-08-11,2026-03-21..2026-08-06,baccarat_bet02_101_all_pairs_incl_sentinel,round_win = game_pnl > 0 (decisive only),COMPATIBILITY_ONLY_NOT_PRODUCTION,28691.8873,26816.8210,481.3764,6407,1568,-0.01677744,-0.06906760,-0.00121728,-0.01677744,-481.3764,28691.8873,OK,0.0000,19.2551,4.0000,96.0000,AG03-UNRESOLVED,ALL5_LEVELS_bet23_to_bet27,19.2551,19.2551,19.2551,28.8826,28.8826,4.000000,4.000000,4.000000,6.000000,6.000000,96.000000,96.000000,96.000000,94.000000,94.000000,5.0,115.5303,105.0591,365.8461,376.3173,PENDING_AG03,FALSE,NOT_FOR_ENFORCEMENT,462.1214,25744.1481,481.3764,462.1214,19.2551,0.01677744,0.01610634,19.2551,462.1214,0.01610634,19.2551,19.2551,19.2551,28.8826,28.8826,462.1214,0.01610634,115.5303,105.0591,365.8461,376.3173,0.01275085,0.01311581,0.00067110,4.4782,17.1026,0.3070,14.1581,2.0749,843.8790,46.1176,3.8592,4.7027,2.0771,2.1006,2.2009,10.5412,18.9056,30.5448,2.1006,-2.0771,8.999999,14.540867,2.131851,21,92,33,14,0.22933070,0.01677744,0.06906760,0E-8,0.000000,0.934648,0.477291,-0.06785032,2026-03-31,2026-08-03,34,232,155,126,0.269841,0.820639,0.861772,0.764436,,,,,,,,GLOBAL_BASELINE_NO_ENTITY_RANKING,,,NOT_APPLICABLE_GLOBAL_BASELINE,HF9g-P5,,,,X 全窗基线 · 不参与实体赏罚,8390939,840,A168_HF9F_20260827_0900,2026-08-27 09:00:00
2026-06-01,60761351,2160,0,352.0761066006,102.9225432552,102.9225432552,0.6666667,75,18,0.33574248514125808,0.183221446495,2.972989445494237,5.302042524621623,2.972989445494237,0.15252103864625808,ELIGIBLE,R03b_20260811_FULL_v1,L1_ELIGIBILITY,v2026-08-11,2026-03-21..2026-08-06,baccarat_bet02_101_all_pairs_incl_sentinel,round_win = game_pnl > 0 (decisive only),COMPATIBILITY_ONLY_NOT_PRODUCTION,28691.8873,26816.8210,481.3764,6407,1568,-0.01677744,-0.06906760,-0.00121728,-0.01677744,-481.3764,28691.8873,OK,0.0000,19.2551,4.0000,96.0000,AG03-UNRESOLVED,ALL5_LEVELS_bet23_to_bet27,19.2551,19.2551,19.2551,28.8826,28.8826,4.000000,4.000000,4.000000,6.000000,6.000000,96.000000,96.000000,96.000000,94.000000,94.000000,5.0,115.5303,105.0591,365.8461,376.3173,PENDING_AG03,FALSE,NOT_FOR_ENFORCEMENT,462.1214,25744.1481,481.3764,462.1214,19.2551,0.01677744,0.01610634,19.2551,462.1214,0.01610634,19.2551,19.2551,19.2551,28.8826,28.8826,462.1214,0.01610634,115.5303,105.0591,365.8461,376.3173,0.01275085,0.01311581,0.00067110,4.4782,17.1026,0.3070,14.1581,2.0749,843.8790,46.1176,3.8592,4.7027,2.0771,2.1006,2.2009,10.5412,18.9056,30.5448,2.1006,-2.0771,8.999999,14.540867,2.131851,21,92,33,14,0.22933070,0.01677744,0.06906760,0E-8,0.000000,0.934648,0.477291,-0.06785032,2026-03-31,2026-08-03,34,232,155,126,0.269841,0.820639,0.861772,0.764436,,,,,,,,GLOBAL_BASELINE_NO_ENTITY_RANKING,,,NOT_APPLICABLE_GLOBAL_BASELINE,HF9g-P5,,,,X 全窗基线 · 不参与实体赏罚,8390940,840,A168_HF9F_20260827_0900,2026-08-27 09:00:00
2026-06-01,60761351,2167,0,63.3529277364,23.8871694740,23.8871694740,1.0000000,15,3,0.32250401014793546,0.148612920000,2.510420266099024,4.145680906251194,2.510420266099024,0.17389109014793546,ELIGIBLE,R03b_20260811_FULL_v1,L1_ELIGIBILITY,v2026-08-11,2026-03-21..2026-08-06,baccarat_bet02_101_all_pairs_incl_sentinel,round_win = game_pnl > 0 (decisive only),COMPATIBILITY_ONLY_NOT_PRODUCTION,28691.8873,26816.8210,481.3764,6407,1568,-0.01677744,-0.06906760,-0.00121728,-0.01677744,-481.3764,28691.8873,OK,0.0000,19.2551,4.0000,96.0000,AG03-UNRESOLVED,ALL5_LEVELS_bet23_to_bet27,19.2551,19.2551,19.2551,28.8826,28.8826,4.000000,4.000000,4.000000,6.000000,6.000000,96.000000,96.000000,96.000000,94.000000,94.000000,5.0,115.5303,105.0591,365.8461,376.3173,PENDING_AG03,FALSE,NOT_FOR_ENFORCEMENT,462.1214,25744.1481,481.3764,462.1214,19.2551,0.01677744,0.01610634,19.2551,462.1214,0.01610634,19.2551,19.2551,19.2551,28.8826,28.8826,462.1214,0.01610634,115.5303,105.0591,365.8461,376.3173,0.01275085,0.01311581,0.00067110,4.4782,17.1026,0.3070,14.1581,2.0749,843.8790,46.1176,3.8592,4.7027,2.0771,2.1006,2.2009,10.5412,18.9056,30.5448,2.1006,-2.0771,8.999999,14.540867,2.131851,21,92,33,14,0.22933070,0.01677744,0.06906760,0E-8,0.000000,0.934648,0.477291,-0.06785032,2026-03-31,2026-08-03,34,232,155,126,0.269841,0.820639,0.861772,0.764436,,,,,,,,GLOBAL_BASELINE_NO_ENTITY_RANKING,,,NOT_APPLICABLE_GLOBAL_BASELINE,HF9g-P5,,,,X 全窗基线 · 不参与实体赏罚,8390941,840,A168_HF9F_20260827_0900,2026-08-27 09:00:00
2026-06-01,60761351,550,0,141.2458716748,20.7714517161,20.7714517161,0.7142857,35,7,0.31496154627606592,0.148612920000,2.274512737001382,4.207484266992748,2.274512737001382,0.16634862627606592,ELIGIBLE,R03b_20260811_FULL_v1,L1_ELIGIBILITY,v2026-08-11,2026-03-21..2026-08-06,baccarat_bet02_101_all_pairs_incl_sentinel,round_win = game_pnl > 0 (decisive only),COMPATIBILITY_ONLY_NOT_PRODUCTION,28691.8873,26816.8210,481.3764,6407,1568,-0.01677744,-0.06906760,-0.00121728,-0.01677744,-481.3764,28691.8873,OK,0.0000,19.2551,4.0000,96.0000,AG03-UNRESOLVED,ALL5_LEVELS_bet23_to_bet27,19.2551,19.2551,19.2551,28.8826,28.8826,4.000000,4.000000,4.000000,6.000000,6.000000,96.000000,96.000000,96.000000,94.000000,94.000000,5.0,115.5303,105.0591,365.8461,376.3173,PENDING_AG03,FALSE,NOT_FOR_ENFORCEMENT,462.1214,25744.1481,481.3764,462.1214,19.2551,0.01677744,0.01610634,19.2551,462.1214,0.01610634,19.2551,19.2551,19.2551,28.8826,28.8826,462.1214,0.01610634,115.5303,105.0591,365.8461,376.3173,0.01275085,0.01311581,0.00067110,4.4782,17.1026,0.3070,14.1581,2.0749,843.8790,46.1176,3.8592,4.7027,2.0771,2.1006,2.2009,10.5412,18.9056,30.5448,2.1006,-2.0771,8.999999,14.540867,2.131851,21,92,33,14,0.22933070,0.01677744,0.06906760,0E-8,0.000000,0.934648,0.477291,-0.06785032,2026-03-31,2026-08-03,34,232,155,126,0.269841,0.820639,0.861772,0.764436,,,,,,,,GLOBAL_BASELINE_NO_ENTITY_RANKING,,,NOT_APPLICABLE_GLOBAL_BASELINE,HF9g-P5,,,,X 全窗基线 · 不参与实体赏罚,8390942,840,A168_HF9F_20260827_0900,2026-08-27 09:00:00
2026-06-01,60761351,752,0,20.7714517169,4.1542903433,4.1542903433,1.0000000,5,1,0.32092920999917042,0.148612920000,1.4546312100113339,2.3935099871984185,1.4546312100113339,0.17231628999917042,ELIGIBLE,R03b_20260811_FULL_v1,L1_ELIGIBILITY,v2026-08-11,2026-03-21..2026-08-06,baccarat_bet02_101_all_pairs_incl_sentinel,round_win = game_pnl > 0 (decisive only),COMPATIBILITY_ONLY_NOT_PRODUCTION,28691.8873,26816.8210,481.3764,6407,1568,-0.01677744,-0.06906760,-0.00121728,-0.01677744,-481.3764,28691.8873,OK,0.0000,19.2551,4.0000,96.0000,AG03-UNRESOLVED,ALL5_LEVELS_bet23_to_bet27,19.2551,19.2551,19.2551,28.8826,28.8826,4.000000,4.000000,4.000000,6.000000,6.000000,96.000000,96.000000,96.000000,94.000000,94.000000,5.0,115.5303,105.0591,365.8461,376.3173,PENDING_AG03,FALSE,NOT_FOR_ENFORCEMENT,462.1214,25744.1481,481.3764,462.1214,19.2551,0.01677744,0.01610634,19.2551,462.1214,0.01610634,19.2551,19.2551,19.2551,28.8826,28.8826,462.1214,0.01610634,115.5303,105.0591,365.8461,376.3173,0.01275085,0.01311581,0.00067110,4.4782,17.1026,0.3070,14.1581,2.0749,843.8790,46.1176,3.8592,4.7027,2.0771,2.1006,2.2009,10.5412,18.9056,30.5448,2.1006,-2.0771,8.999999,14.540867,2.131851,21,92,33,14,0.22933070,0.01677744,0.06906760,0E-8,0.000000,0.934648,0.477291,-0.06785032,2026-03-31,2026-08-03,34,232,155,126,0.269841,0.820639,0.861772,0.764436,,,,,,,,GLOBAL_BASELINE_NO_ENTITY_RANKING,,,NOT_APPLICABLE_GLOBAL_BASELINE,HF9g-P5,,,,X 全窗基线 · 不参与实体赏罚,8390943,840,A168_HF9F_20260827_0900,2026-08-27 09:00:00
2026-06-02,60761351,1004,0,12.4628710302,-8.3085806868,-8.3085806868,0E-7,5,2,0.27785013750000000,0.277850137500,-0.6202855178574075,-0.6202855178574075,-0.6202855178574075,0E-17,ELIGIBLE,R03b_20260811_FULL_v1,L1_ELIGIBILITY,v2026-08-11,2026-03-21..2026-08-06,baccarat_bet02_101_all_pairs_incl_sentinel,round_win = game_pnl > 0 (decisive only),COMPATIBILITY_ONLY_NOT_PRODUCTION,28691.8873,26816.8210,481.3764,6407,1568,-0.01677744,-0.06906760,-0.00121728,-0.01677744,-481.3764,28691.8873,OK,0.0000,19.2551,4.0000,96.0000,AG03-UNRESOLVED,ALL5_LEVELS_bet23_to_bet27,19.2551,19.2551,19.2551,28.8826,28.8826,4.000000,4.000000,4.000000,6.000000,6.000000,96.000000,96.000000,96.000000,94.000000,94.000000,5.0,115.5303,105.0591,365.8461,376.3173,PENDING_AG03,FALSE,NOT_FOR_ENFORCEMENT,462.1214,25744.1481,481.3764,462.1214,19.2551,0.01677744,0.01610634,19.2551,462.1214,0.01610634,19.2551,19.2551,19.2551,28.8826,28.8826,462.1214,0.01610634,115.5303,105.0591,365.8461,376.3173,0.01275085,0.01311581,0.00067110,4.4782,17.1026,0.3070,14.1581,2.0749,843.8790,46.1176,3.8592,4.7027,2.0771,2.1006,2.2009,10.5412,18.9056,30.5448,2.1006,-2.0771,8.999999,14.540867,2.131851,21,92,33,14,0.22933070,0.01677744,0.06906760,0E-8,0.000000,0.934648,0.477291,-0.06785032,2026-03-31,2026-08-03,34,232,155,126,0.269841,0.820639,0.861772,0.764436,,,,,,,,GLOBAL_BASELINE_NO_ENTITY_RANKING,,,NOT_APPLICABLE_GLOBAL_BASELINE,HF9g-P5,,,,X 全窗基线 · 不参与实体赏罚,8390944,840,A168_HF9F_20260827_0900,2026-08-27 09:00:00
2026-06-02,60761351,1221,0,99.4952537238,-20.7714517170,-20.7714517170,0.5555556,23,9,0.39067681177398535,0.334649133889,1.013802258157877,1.4044600158564593,1.013802258157877,0.05602767788498535,ELIGIBLE,R03b_20260811_FULL_v1,L1_ELIGIBILITY,v2026-08-11,2026-03-21..2026-08-06,baccarat_bet02_101_all_pairs_incl_sentinel,round_win = game_pnl > 0 (decisive only),COMPATIBILITY_ONLY_NOT_PRODUCTION,28691.8873,26816.8210,481.3764,6407,1568,-0.01677744,-0.06906760,-0.00121728,-0.01677744,-481.3764,28691.8873,OK,0.0000,19.2551,4.0000,96.0000,AG03-UNRESOLVED,ALL5_LEVELS_bet23_to_bet27,19.2551,19.2551,19.2551,28.8826,28.8826,4.000000,4.000000,4.000000,6.000000,6.000000,96.000000,96.000000,96.000000,94.000000,94.000000,5.0,115.5303,105.0591,365.8461,376.3173,PENDING_AG03,FALSE,NOT_FOR_ENFORCEMENT,462.1214,25744.1481,481.3764,462.1214,19.2551,0.01677744,0.01610634,19.2551,462.1214,0.01610634,19.2551,19.2551,19.2551,28.8826,28.8826,462.1214,0.01610634,115.5303,105.0591,365.8461,376.3173,0.01275085,0.01311581,0.00067110,4.4782,17.1026,0.3070,14.1581,2.0749,843.8790,46.1176,3.8592,4.7027,2.0771,2.1006,2.2009,10.5412,18.9056,30.5448,2.1006,-2.0771,8.999999,14.540867,2.131851,21,92,33,14,0.22933070,0.01677744,0.06906760,0E-8,0.000000,0.934648,0.477291,-0.06785032,2026-03-31,2026-08-03,34,232,155,126,0.269841,0.820639,0.861772,0.764436,,,,,,,,GLOBAL_BASELINE_NO_ENTITY_RANKING,,,NOT_APPLICABLE_GLOBAL_BASELINE,HF9g-P5,,,,X 全窗基线 · 不参与实体赏罚,8390945,840,A168_HF9F_20260827_0900,2026-08-27 09:00:00
2026-06-02,60761351,2160,0,178.8421992824,-37.4924703496,-37.4924703496,0.4545455,46,11,0.30610552329101086,0.183996019242,1.0682300452239786,2.315755062328692,1.0682300452239786,0.12210950404901086,ELIGIBLE,R03b_20260811_FULL_v1,L1_ELIGIBILITY,v2026-08-11,2026-03-21..2026-08-06,baccarat_bet02_101_all_pairs_incl_sentinel,round_win = game_pnl > 0 (decisive only),COMPATIBILITY_ONLY_NOT_PRODUCTION,28691.8873,26816.8210,481.3764,6407,1568,-0.01677744,-0.06906760,-0.00121728,-0.01677744,-481.3764,28691.8873,OK,0.0000,19.2551,4.0000,96.0000,AG03-UNRESOLVED,ALL5_LEVELS_bet23_to_bet27,19.2551,19.2551,19.2551,28.8826,28.8826,4.000000,4.000000,4.000000,6.000000,6.000000,96.000000,96.000000,96.000000,94.000000,94.000000,5.0,115.5303,105.0591,365.8461,376.3173,PENDING_AG03,FALSE,NOT_FOR_ENFORCEMENT,462.1214,25744.1481,481.3764,462.1214,19.2551,0.01677744,0.01610634,19.2551,462.1214,0.01610634,19.2551,19.2551,19.2551,28.8826,28.8826,462.1214,0.01610634,115.5303,105.0591,365.8461,376.3173,0.01275085,0.01311581,0.00067110,4.4782,17.1026,0.3070,14.1581,2.0749,843.8790,46.1176,3.8592,4.7027,2.0771,2.1006,2.2009,10.5412,18.9056,30.5448,2.1006,-2.0771,8.999999,14.540867,2.131851,21,92,33,14,0.22933070,0.01677744,0.06906760,0E-8,0.000000,0.934648,0.477291,-0.06785032,2026-03-31,2026-08-03,34,232,155,126,0.269841,0.820639,0.861772,0.764436,,,,,,,,GLOBAL_BASELINE_NO_ENTITY_RANKING,,,NOT_APPLICABLE_GLOBAL_BASELINE,HF9g-P5,,,,X 全窗基线 · 不参与实体赏罚,8390946,840,A168_HF9F_20260827_0900,2026-08-27 09:00:00
2026-06-04,60761351,1017,0,14.7477307189,5.9094780134,5.9094780134,0.5000000,2,2,0.50665070000000000,0.506650700000,-0.018812684590367487,-0.018812684590367487,-0.018812684590367487,0E-17,ELIGIBLE,R03b_20260811_FULL_v1,L1_ELIGIBILITY,v2026-08-11,2026-03-21..2026-08-06,baccarat_bet02_101_all_pairs_incl_sentinel,round_win = game_pnl > 0 (decisive only),COMPATIBILITY_ONLY_NOT_PRODUCTION,28691.8873,26816.8210,481.3764,6407,1568,-0.01677744,-0.06906760,-0.00121728,-0.01677744,-481.3764,28691.8873,OK,0.0000,19.2551,4.0000,96.0000,AG03-UNRESOLVED,ALL5_LEVELS_bet23_to_bet27,19.2551,19.2551,19.2551,28.8826,28.8826,4.000000,4.000000,4.000000,6.000000,6.000000,96.000000,96.000000,96.000000,94.000000,94.000000,5.0,115.5303,105.0591,365.8461,376.3173,PENDING_AG03,FALSE,NOT_FOR_ENFORCEMENT,462.1214,25744.1481,481.3764,462.1214,19.2551,0.01677744,0.01610634,19.2551,462.1214,0.01610634,19.2551,19.2551,19.2551,28.8826,28.8826,462.1214,0.01610634,115.5303,105.0591,365.8461,376.3173,0.01275085,0.01311581,0.00067110,4.4782,17.1026,0.3070,14.1581,2.0749,843.8790,46.1176,3.8592,4.7027,2.0771,2.1006,2.2009,10.5412,18.9056,30.5448,2.1006,-2.0771,8.999999,14.540867,2.131851,21,92,33,14,0.22933070,0.01677744,0.06906760,0E-8,0.000000,0.934648,0.477291,-0.06785032,2026-03-31,2026-08-03,34,232,155,126,0.269841,0.820639,0.861772,0.764436,,,,,,,,GLOBAL_BASELINE_NO_ENTITY_RANKING,,,NOT_APPLICABLE_GLOBAL_BASELINE,HF9g-P5,,,,X 全窗基线 · 不参与实体赏罚,8390947,840,A168_HF9F_20260827_0900,2026-08-27 09:00:00
2026-06-04,60761351,1383,0,101.3646843786,-43.6200486058,-43.6200486058,0.3333333,33,9,0.29828308745896580,0.229588057963,0.22983546128951748,0.7400369971015341,0.22983546128951748,0.06869502949596580,ELIGIBLE,R03b_20260811_FULL_v1,L1_ELIGIBILITY,v2026-08-11,2026-03-21..2026-08-06,baccarat_bet02_101_all_pairs_incl_sentinel,round_win = game_pnl > 0 (decisive only),COMPATIBILITY_ONLY_NOT_PRODUCTION,28691.8873,26816.8210,481.3764,6407,1568,-0.01677744,-0.06906760,-0.00121728,-0.01677744,-481.3764,28691.8873,OK,0.0000,19.2551,4.0000,96.0000,AG03-UNRESOLVED,ALL5_LEVELS_bet23_to_bet27,19.2551,19.2551,19.2551,28.8826,28.8826,4.000000,4.000000,4.000000,6.000000,6.000000,96.000000,96.000000,96.000000,94.000000,94.000000,5.0,115.5303,105.0591,365.8461,376.3173,PENDING_AG03,FALSE,NOT_FOR_ENFORCEMENT,462.1214,25744.1481,481.3764,462.1214,19.2551,0.01677744,0.01610634,19.2551,462.1214,0.01610634,19.2551,19.2551,19.2551,28.8826,28.8826,462.1214,0.01610634,115.5303,105.0591,365.8461,376.3173,0.01275085,0.01311581,0.00067110,4.4782,17.1026,0.3070,14.1581,2.0749,843.8790,46.1176,3.8592,4.7027,2.0771,2.1006,2.2009,10.5412,18.9056,30.5448,2.1006,-2.0771,8.999999,14.540867,2.131851,21,92,33,14,0.22933070,0.01677744,0.06906760,0E-8,0.000000,0.934648,0.477291,-0.06785032,2026-03-31,2026-08-03,34,232,155,126,0.269841,0.820639,0.861772,0.764436,,,,,,,,GLOBAL_BASELINE_NO_ENTITY_RANKING,,,NOT_APPLICABLE_GLOBAL_BASELINE,HF9g-P5,,,,X 全窗基线 · 不参与实体赏罚,8390948,840,A168_HF9F_20260827_0900,2026-08-27 09:00:00
2026-06-04,60761351,1485,0,44.6586211912,33.8574662982,33.8574662982,0.6666667,10,3,0.37900644385875820,0.277555273333,1.0270074548828854,1.5050728461522958,1.0270074548828854,0.10145117052575820,ELIGIBLE,R03b_20260811_FULL_v1,L1_ELIGIBILITY,v2026-08-11,2026-03-21..2026-08-06,baccarat_bet02_101_all_pairs_incl_sentinel,round_win = game_pnl > 0 (decisive only),COMPATIBILITY_ONLY_NOT_PRODUCTION,28691.8873,26816.8210,481.3764,6407,1568,-0.01677744,-0.06906760,-0.00121728,-0.01677744,-481.3764,28691.8873,OK,0.0000,19.2551,4.0000,96.0000,AG03-UNRESOLVED,ALL5_LEVELS_bet23_to_bet27,19.2551,19.2551,19.2551,28.8826,28.8826,4.000000,4.000000,4.000000,6.000000,6.000000,96.000000,96.000000,96.000000,94.000000,94.000000,5.0,115.5303,105.0591,365.8461,376.3173,PENDING_AG03,FALSE,NOT_FOR_ENFORCEMENT,462.1214,25744.1481,481.3764,462.1214,19.2551,0.01677744,0.01610634,19.2551,462.1214,0.01610634,19.2551,19.2551,19.2551,28.8826,28.8826,462.1214,0.01610634,115.5303,105.0591,365.8461,376.3173,0.01275085,0.01311581,0.00067110,4.4782,17.1026,0.3070,14.1581,2.0749,843.8790,46.1176,3.8592,4.7027,2.0771,2.1006,2.2009,10.5412,18.9056,30.5448,2.1006,-2.0771,8.999999,14.540867,2.131851,21,92,33,14,0.22933070,0.01677744,0.06906760,0E-8,0.000000,0.934648,0.477291,-0.06785032,2026-03-31,2026-08-03,34,232,155,126,0.269841,0.820639,0.861772,0.764436,,,,,,,,GLOBAL_BASELINE_NO_ENTITY_RANKING,,,NOT_APPLICABLE_GLOBAL_BASELINE,HF9g-P5,,,,X 全窗基线 · 不参与实体赏罚,8390949,840,A168_HF9F_20260827_0900,2026-08-27 09:00:00
2026-06-04,60761351,1942,0,260.2662900122,-131.6910038853,-131.6910038853,0.4000000,58,15,0.34353725743603480,0.219131408667,0.46048515629992515,1.693430950700712,0.46048515629992515,0.12440584876903480,ELIGIBLE,R03b_20260811_FULL_v1,L1_ELIGIBILITY,v2026-08-11,2026-03-21..2026-08-06,baccarat_bet02_101_all_pairs_incl_sentinel,round_win = game_pnl > 0 (decisive only),COMPATIBILITY_ONLY_NOT_PRODUCTION,28691.8873,26816.8210,481.3764,6407,1568,-0.01677744,-0.06906760,-0.00121728,-0.01677744,-481.3764,28691.8873,OK,0.0000,19.2551,4.0000,96.0000,AG03-UNRESOLVED,ALL5_LEVELS_bet23_to_bet27,19.2551,19.2551,19.2551,28.8826,28.8826,4.000000,4.000000,4.000000,6.000000,6.000000,96.000000,96.000000,96.000000,94.000000,94.000000,5.0,115.5303,105.0591,365.8461,376.3173,PENDING_AG03,FALSE,NOT_FOR_ENFORCEMENT,462.1214,25744.1481,481.3764,462.1214,19.2551,0.01677744,0.01610634,19.2551,462.1214,0.01610634,19.2551,19.2551,19.2551,28.8826,28.8826,462.1214,0.01610634,115.5303,105.0591,365.8461,376.3173,0.01275085,0.01311581,0.00067110,4.4782,17.1026,0.3070,14.1581,2.0749,843.8790,46.1176,3.8592,4.7027,2.0771,2.1006,2.2009,10.5412,18.9056,30.5448,2.1006,-2.0771,8.999999,14.540867,2.131851,21,92,33,14,0.22933070,0.01677744,0.06906760,0E-8,0.000000,0.934648,0.477291,-0.06785032,2026-03-31,2026-08-03,34,232,155,126,0.269841,0.820639,0.861772,0.764436,,,,,,,,GLOBAL_BASELINE_NO_ENTITY_RANKING,,,NOT_APPLICABLE_GLOBAL_BASELINE,HF9g-P5,,,,X 全窗基线 · 不参与实体赏罚,8390950,840,A168_HF9F_20260827_0900,2026-08-27 09:00:00
2026-06-04,60761351,1990,0,24.9257420602,9.8664395655,9.8664395655,1.0000000,3,3,0.50665070000000000,0.506650700000,0.9867858985152569,0.9867858985152569,0.9867858985152569,0E-17,ELIGIBLE,R03b_20260811_FULL_v1,L1_ELIGIBILITY,v2026-08-11,2026-03-21..2026-08-06,baccarat_bet02_101_all_pairs_incl_sentinel,round_win = game_pnl > 0 (decisive only),COMPATIBILITY_ONLY_NOT_PRODUCTION,28691.8873,26816.8210,481.3764,6407,1568,-0.01677744,-0.06906760,-0.00121728,-0.01677744,-481.3764,28691.8873,OK,0.0000,19.2551,4.0000,96.0000,AG03-UNRESOLVED,ALL5_LEVELS_bet23_to_bet27,19.2551,19.2551,19.2551,28.8826,28.8826,4.000000,4.000000,4.000000,6.000000,6.000000,96.000000,96.000000,96.000000,94.000000,94.000000,5.0,115.5303,105.0591,365.8461,376.3173,PENDING_AG03,FALSE,NOT_FOR_ENFORCEMENT,462.1214,25744.1481,481.3764,462.1214,19.2551,0.01677744,0.01610634,19.2551,462.1214,0.01610634,19.2551,19.2551,19.2551,28.8826,28.8826,462.1214,0.01610634,115.5303,105.0591,365.8461,376.3173,0.01275085,0.01311581,0.00067110,4.4782,17.1026,0.3070,14.1581,2.0749,843.8790,46.1176,3.8592,4.7027,2.0771,2.1006,2.2009,10.5412,18.9056,30.5448,2.1006,-2.0771,8.999999,14.540867,2.131851,21,92,33,14,0.22933070,0.01677744,0.06906760,0E-8,0.000000,0.934648,0.477291,-0.06785032,2026-03-31,2026-08-03,34,232,155,126,0.269841,0.820639,0.861772,0.764436,,,,,,,,GLOBAL_BASELINE_NO_ENTITY_RANKING,,,NOT_APPLICABLE_GLOBAL_BASELINE,HF9g-P5,,,,X 全窗基线 · 不参与实体赏罚,8390951,840,A168_HF9F_20260827_0900,2026-08-27 09:00:00
2026-06-04,60761351,2160,0,120.0589909234,-16.2017323397,-16.2017323397,0.2857143,25,7,0.30082654190826088,0.192374057619,-0.08718219218636605,0.6265265718628663,-0.08718219218636605,0.10845248428926088,ELIGIBLE,R03b_20260811_FULL_v1,L1_ELIGIBILITY,v2026-08-11,2026-03-21..2026-08-06,baccarat_bet02_101_all_pairs_incl_sentinel,round_win = game_pnl > 0 (decisive only),COMPATIBILITY_ONLY_NOT_PRODUCTION,28691.8873,26816.8210,481.3764,6407,1568,-0.01677744,-0.06906760,-0.00121728,-0.01677744,-481.3764,28691.8873,OK,0.0000,19.2551,4.0000,96.0000,AG03-UNRESOLVED,ALL5_LEVELS_bet23_to_bet27,19.2551,19.2551,19.2551,28.8826,28.8826,4.000000,4.000000,4.000000,6.000000,6.000000,96.000000,96.000000,96.000000,94.000000,94.000000,5.0,115.5303,105.0591,365.8461,376.3173,PENDING_AG03,FALSE,NOT_FOR_ENFORCEMENT,462.1214,25744.1481,481.3764,462.1214,19.2551,0.01677744,0.01610634,19.2551,462.1214,0.01610634,19.2551,19.2551,19.2551,28.8826,28.8826,462.1214,0.01610634,115.5303,105.0591,365.8461,376.3173,0.01275085,0.01311581,0.00067110,4.4782,17.1026,0.3070,14.1581,2.0749,843.8790,46.1176,3.8592,4.7027,2.0771,2.1006,2.2009,10.5412,18.9056,30.5448,2.1006,-2.0771,8.999999,14.540867,2.131851,21,92,33,14,0.22933070,0.01677744,0.06906760,0E-8,0.000000,0.934648,0.477291,-0.06785032,2026-03-31,2026-08-03,34,232,155,126,0.269841,0.820639,0.861772,0.764436,,,,,,,,GLOBAL_BASELINE_NO_ENTITY_RANKING,,,NOT_APPLICABLE_GLOBAL_BASELINE,HF9g-P5,,,,X 全窗基线 · 不参与实体赏罚,8390952,840,A168_HF9F_20260827_0900,2026-08-27 09:00:00
2026-06-04,60761351,526,0,352.6992501527,110.9195521657,110.9195521657,0.5500000,93,20,0.27181653499192553,0.142360404333,2.7963270744749225,5.217282365230412,2.7963270744749225,0.12945613065892553,ELIGIBLE,R03b_20260811_FULL_v1,L1_ELIGIBILITY,v2026-08-11,2026-03-21..2026-08-06,baccarat_bet02_101_all_pairs_incl_sentinel,round_win = game_pnl > 0 (decisive only),COMPATIBILITY_ONLY_NOT_PRODUCTION,28691.8873,26816.8210,481.3764,6407,1568,-0.01677744,-0.06906760,-0.00121728,-0.01677744,-481.3764,28691.8873,OK,0.0000,19.2551,4.0000,96.0000,AG03-UNRESOLVED,ALL5_LEVELS_bet23_to_bet27,19.2551,19.2551,19.2551,28.8826,28.8826,4.000000,4.000000,4.000000,6.000000,6.000000,96.000000,96.000000,96.000000,94.000000,94.000000,5.0,115.5303,105.0591,365.8461,376.3173,PENDING_AG03,FALSE,NOT_FOR_ENFORCEMENT,462.1214,25744.1481,481.3764,462.1214,19.2551,0.01677744,0.01610634,19.2551,462.1214,0.01610634,19.2551,19.2551,19.2551,28.8826,28.8826,462.1214,0.01610634,115.5303,105.0591,365.8461,376.3173,0.01275085,0.01311581,0.00067110,4.4782,17.1026,0.3070,14.1581,2.0749,843.8790,46.1176,3.8592,4.7027,2.0771,2.1006,2.2009,10.5412,18.9056,30.5448,2.1006,-2.0771,8.999999,14.540867,2.131851,21,92,33,14,0.22933070,0.01677744,0.06906760,0E-8,0.000000,0.934648,0.477291,-0.06785032,2026-03-31,2026-08-03,34,232,155,126,0.269841,0.820639,0.861772,0.764436,,,,,,,,GLOBAL_BASELINE_NO_ENTITY_RANKING,,,NOT_APPLICABLE_GLOBAL_BASELINE,HF9g-P5,,,,X 全窗基线 · 不参与实体赏罚,8390953,840,A168_HF9F_20260827_0900,2026-08-27 09:00:00
2026-06-04,60761351,550,0,16.4094468563,-0.2077145173,-0.2077145173,0E-7,5,1,0.27512361392232261,0.148612920000,-0.6160726905585094,-0.4177964601561955,-0.6160726905585094,0.12651069392232261,ELIGIBLE,R03b_20260811_FULL_v1,L1_ELIGIBILITY,v2026-08-11,2026-03-21..2026-08-06,baccarat_bet02_101_all_pairs_incl_sentinel,round_win = game_pnl > 0 (decisive only),COMPATIBILITY_ONLY_NOT_PRODUCTION,28691.8873,26816.8210,481.3764,6407,1568,-0.01677744,-0.06906760,-0.00121728,-0.01677744,-481.3764,28691.8873,OK,0.0000,19.2551,4.0000,96.0000,AG03-UNRESOLVED,ALL5_LEVELS_bet23_to_bet27,19.2551,19.2551,19.2551,28.8826,28.8826,4.000000,4.000000,4.000000,6.000000,6.000000,96.000000,96.000000,96.000000,94.000000,94.000000,5.0,115.5303,105.0591,365.8461,376.3173,PENDING_AG03,FALSE,NOT_FOR_ENFORCEMENT,462.1214,25744.1481,481.3764,462.1214,19.2551,0.01677744,0.01610634,19.2551,462.1214,0.01610634,19.2551,19.2551,19.2551,28.8826,28.8826,462.1214,0.01610634,115.5303,105.0591,365.8461,376.3173,0.01275085,0.01311581,0.00067110,4.4782,17.1026,0.3070,14.1581,2.0749,843.8790,46.1176,3.8592,4.7027,2.0771,2.1006,2.2009,10.5412,18.9056,30.5448,2.1006,-2.0771,8.999999,14.540867,2.131851,21,92,33,14,0.22933070,0.01677744,0.06906760,0E-8,0.000000,0.934648,0.477291,-0.06785032,2026-03-31,2026-08-03,34,232,155,126,0.269841,0.820639,0.861772,0.764436,,,,,,,,GLOBAL_BASELINE_NO_ENTITY_RANKING,,,NOT_APPLICABLE_GLOBAL_BASELINE,HF9g-P5,,,,X 全窗基线 · 不参与实体赏罚,8390954,840,A168_HF9F_20260827_0900,2026-08-27 09:00:00
2026-06-04,60761351,789,0,51.9286292921,-51.9286292921,-51.9286292921,0E-7,9,3,0.37495129999957731,0.287151700000,-1.3415014025851075,-1.0993038883423232,-1.3415014025851075,0.08779959999957731,ELIGIBLE,R03b_20260811_FULL_v1,L1_ELIGIBILITY,v2026-08-11,2026-03-21..2026-08-06,baccarat_bet02_101_all_pairs_incl_sentinel,round_win = game_pnl > 0 (decisive only),COMPATIBILITY_ONLY_NOT_PRODUCTION,28691.8873,26816.8210,481.3764,6407,1568,-0.01677744,-0.06906760,-0.00121728,-0.01677744,-481.3764,28691.8873,OK,0.0000,19.2551,4.0000,96.0000,AG03-UNRESOLVED,ALL5_LEVELS_bet23_to_bet27,19.2551,19.2551,19.2551,28.8826,28.8826,4.000000,4.000000,4.000000,6.000000,6.000000,96.000000,96.000000,96.000000,94.000000,94.000000,5.0,115.5303,105.0591,365.8461,376.3173,PENDING_AG03,FALSE,NOT_FOR_ENFORCEMENT,462.1214,25744.1481,481.3764,462.1214,19.2551,0.01677744,0.01610634,19.2551,462.1214,0.01610634,19.2551,19.2551,19.2551,28.8826,28.8826,462.1214,0.01610634,115.5303,105.0591,365.8461,376.3173,0.01275085,0.01311581,0.00067110,4.4782,17.1026,0.3070,14.1581,2.0749,843.8790,46.1176,3.8592,4.7027,2.0771,2.1006,2.2009,10.5412,18.9056,30.5448,2.1006,-2.0771,8.999999,14.540867,2.131851,21,92,33,14,0.22933070,0.01677744,0.06906760,0E-8,0.000000,0.934648,0.477291,-0.06785032,2026-03-31,2026-08-03,34,232,155,126,0.269841,0.820639,0.861772,0.764436,,,,,,,,GLOBAL_BASELINE_NO_ENTITY_RANKING,,,NOT_APPLICABLE_GLOBAL_BASELINE,HF9g-P5,,,,X 全窗基线 · 不参与实体赏罚,8390955,840,A168_HF9F_20260827_0900,2026-08-27 09:00:00
2026-06-05,60761351,1078,0,112.1658392713,-24.9257420607,-24.9257420607,0.3750000,35,8,0.22910911660145333,0.132202490625,0.9818734284987353,2.0274969178905455,0.9818734284987353,0.09690662597645333,ELIGIBLE,R03b_20260811_FULL_v1,L1_ELIGIBILITY,v2026-08-11,2026-03-21..2026-08-06,baccarat_bet02_101_all_pairs_incl_sentinel,round_win = game_pnl > 0 (decisive only),COMPATIBILITY_ONLY_NOT_PRODUCTION,28691.8873,26816.8210,481.3764,6407,1568,-0.01677744,-0.06906760,-0.00121728,-0.01677744,-481.3764,28691.8873,OK,0.0000,19.2551,4.0000,96.0000,AG03-UNRESOLVED,ALL5_LEVELS_bet23_to_bet27,19.2551,19.2551,19.2551,28.8826,28.8826,4.000000,4.000000,4.000000,6.000000,6.000000,96.000000,96.000000,96.000000,94.000000,94.000000,5.0,115.5303,105.0591,365.8461,376.3173,PENDING_AG03,FALSE,NOT_FOR_ENFORCEMENT,462.1214,25744.1481,481.3764,462.1214,19.2551,0.01677744,0.01610634,19.2551,462.1214,0.01610634,19.2551,19.2551,19.2551,28.8826,28.8826,462.1214,0.01610634,115.5303,105.0591,365.8461,376.3173,0.01275085,0.01311581,0.00067110,4.4782,17.1026,0.3070,14.1581,2.0749,843.8790,46.1176,3.8592,4.7027,2.0771,2.1006,2.2009,10.5412,18.9056,30.5448,2.1006,-2.0771,8.999999,14.540867,2.131851,21,92,33,14,0.22933070,0.01677744,0.06906760,0E-8,0.000000,0.934648,0.477291,-0.06785032,2026-03-31,2026-08-03,34,232,155,126,0.269841,0.820639,0.861772,0.764436,,,,,,,,GLOBAL_BASELINE_NO_ENTITY_RANKING,,,NOT_APPLICABLE_GLOBAL_BASELINE,HF9g-P5,,,,X 全窗基线 · 不参与实体赏罚,8390956,840,A168_HF9F_20260827_0900,2026-08-27 09:00:00
2026-06-05,60761351,1157,0,64.3915003225,20.7714517164,20.7714517164,0.5000000,23,5,0.24420096011844977,0.161733149333,1.1908362713366905,1.8373790825682268,1.1908362713366905,0.08246781078544977,ELIGIBLE,R03b_20260811_FULL_v1,L1_ELIGIBILITY,v2026-08-11,2026-03-21..2026-08-06,baccarat_bet02_101_all_pairs_incl_sentinel,round_win = game_pnl > 0 (decisive only),COMPATIBILITY_ONLY_NOT_PRODUCTION,28691.8873,26816.8210,481.3764,6407,1568,-0.01677744,-0.06906760,-0.00121728,-0.01677744,-481.3764,28691.8873,OK,0.0000,19.2551,4.0000,96.0000,AG03-UNRESOLVED,ALL5_LEVELS_bet23_to_bet27,19.2551,19.2551,19.2551,28.8826,28.8826,4.000000,4.000000,4.000000,6.000000,6.000000,96.000000,96.000000,96.000000,94.000000,94.000000,5.0,115.5303,105.0591,365.8461,376.3173,PENDING_AG03,FALSE,NOT_FOR_ENFORCEMENT,462.1214,25744.1481,481.3764,462.1214,19.2551,0.01677744,0.01610634,19.2551,462.1214,0.01610634,19.2551,19.2551,19.2551,28.8826,28.8826,462.1214,0.01610634,115.5303,105.0591,365.8461,376.3173,0.01275085,0.01311581,0.00067110,4.4782,17.1026,0.3070,14.1581,2.0749,843.8790,46.1176,3.8592,4.7027,2.0771,2.1006,2.2009,10.5412,18.9056,30.5448,2.1006,-2.0771,8.999999,14.540867,2.131851,21,92,33,14,0.22933070,0.01677744,0.06906760,0E-8,0.000000,0.934648,0.477291,-0.06785032,2026-03-31,2026-08-03,34,232,155,126,0.269841,0.820639,0.861772,0.764436,,,,,,,,GLOBAL_BASELINE_NO_ENTITY_RANKING,,,NOT_APPLICABLE_GLOBAL_BASELINE,HF9g-P5,,,,X 全窗基线 · 不参与实体赏罚,8390957,840,A168_HF9F_20260827_0900,2026-08-27 09:00:00
2026-06-05,60761351,1299,0,101.7801134127,-35.3114679190,-35.3114679190,0.2857143,27,7,0.30930212005020234,0.203519186667,-0.13502108049266762,0.5401378417165912,-0.13502108049266762,0.10578293338320234,ELIGIBLE,R03b_20260811_FULL_v1,L1_ELIGIBILITY,v2026-08-11,2026-03-21..2026-08-06,baccarat_bet02_101_all_pairs_incl_sentinel,round_win = game_pnl > 0 (decisive only),COMPATIBILITY_ONLY_NOT_PRODUCTION,28691.8873,26816.8210,481.3764,6407,1568,-0.01677744,-0.06906760,-0.00121728,-0.01677744,-481.3764,28691.8873,OK,0.0000,19.2551,4.0000,96.0000,AG03-UNRESOLVED,ALL5_LEVELS_bet23_to_bet27,19.2551,19.2551,19.2551,28.8826,28.8826,4.000000,4.000000,4.000000,6.000000,6.000000,96.000000,96.000000,96.000000,94.000000,94.000000,5.0,115.5303,105.0591,365.8461,376.3173,PENDING_AG03,FALSE,NOT_FOR_ENFORCEMENT,462.1214,25744.1481,481.3764,462.1214,19.2551,0.01677744,0.01610634,19.2551,462.1214,0.01610634,19.2551,19.2551,19.2551,28.8826,28.8826,462.1214,0.01610634,115.5303,105.0591,365.8461,376.3173,0.01275085,0.01311581,0.00067110,4.4782,17.1026,0.3070,14.1581,2.0749,843.8790,46.1176,3.8592,4.7027,2.0771,2.1006,2.2009,10.5412,18.9056,30.5448,2.1006,-2.0771,8.999999,14.540867,2.131851,21,92,33,14,0.22933070,0.01677744,0.06906760,0E-8,0.000000,0.934648,0.477291,-0.06785032,2026-03-31,2026-08-03,34,232,155,126,0.269841,0.820639,0.861772,0.764436,,,,,,,,GLOBAL_BASELINE_NO_ENTITY_RANKING,,,NOT_APPLICABLE_GLOBAL_BASELINE,HF9g-P5,,,,X 全窗基线 · 不参与实体赏罚,8390958,840,A168_HF9F_20260827_0900,2026-08-27 09:00:00
2026-06-05,60761351,1942,0,56.0829196356,43.6200486049,43.6200486049,0.6666667,15,3,0.28785840686795327,0.148612920000,1.4491302852017056,2.522572372096477,1.4491302852017056,0.13924548686795327,ELIGIBLE,R03b_20260811_FULL_v1,L1_ELIGIBILITY,v2026-08-11,2026-03-21..2026-08-06,baccarat_bet02_101_all_pairs_incl_sentinel,round_win = game_pnl > 0 (decisive only),COMPATIBILITY_ONLY_NOT_PRODUCTION,28691.8873,26816.8210,481.3764,6407,1568,-0.01677744,-0.06906760,-0.00121728,-0.01677744,-481.3764,28691.8873,OK,0.0000,19.2551,4.0000,96.0000,AG03-UNRESOLVED,ALL5_LEVELS_bet23_to_bet27,19.2551,19.2551,19.2551,28.8826,28.8826,4.000000,4.000000,4.000000,6.000000,6.000000,96.000000,96.000000,96.000000,94.000000,94.000000,5.0,115.5303,105.0591,365.8461,376.3173,PENDING_AG03,FALSE,NOT_FOR_ENFORCEMENT,462.1214,25744.1481,481.3764,462.1214,19.2551,0.01677744,0.01610634,19.2551,462.1214,0.01610634,19.2551,19.2551,19.2551,28.8826,28.8826,462.1214,0.01610634,115.5303,105.0591,365.8461,376.3173,0.01275085,0.01311581,0.00067110,4.4782,17.1026,0.3070,14.1581,2.0749,843.8790,46.1176,3.8592,4.7027,2.0771,2.1006,2.2009,10.5412,18.9056,30.5448,2.1006,-2.0771,8.999999,14.540867,2.131851,21,92,33,14,0.22933070,0.01677744,0.06906760,0E-8,0.000000,0.934648,0.477291,-0.06785032,2026-03-31,2026-08-03,34,232,155,126,0.269841,0.820639,0.861772,0.764436,,,,,,,,GLOBAL_BASELINE_NO_ENTITY_RANKING,,,NOT_APPLICABLE_GLOBAL_BASELINE,HF9g-P5,,,,X 全窗基线 · 不参与实体赏罚,8390959,840,A168_HF9F_20260827_0900,2026-08-27 09:00:00
2026-06-05,60761351,1947,0,18.6943065452,2.0771451716,2.0771451716,1.0000000,5,1,0.30777862222115841,0.148680960000,1.4996961553823545,2.3928666398551734,1.4996961553823545,0.15909766222115841,ELIGIBLE,R03b_20260811_FULL_v1,L1_ELIGIBILITY,v2026-08-11,2026-03-21..2026-08-06,baccarat_bet02_101_all_pairs_incl_sentinel,round_win = game_pnl > 0 (decisive only),COMPATIBILITY_ONLY_NOT_PRODUCTION,28691.8873,26816.8210,481.3764,6407,1568,-0.01677744,-0.06906760,-0.00121728,-0.01677744,-481.3764,28691.8873,OK,0.0000,19.2551,4.0000,96.0000,AG03-UNRESOLVED,ALL5_LEVELS_bet23_to_bet27,19.2551,19.2551,19.2551,28.8826,28.8826,4.000000,4.000000,4.000000,6.000000,6.000000,96.000000,96.000000,96.000000,94.000000,94.000000,5.0,115.5303,105.0591,365.8461,376.3173,PENDING_AG03,FALSE,NOT_FOR_ENFORCEMENT,462.1214,25744.1481,481.3764,462.1214,19.2551,0.01677744,0.01610634,19.2551,462.1214,0.01610634,19.2551,19.2551,19.2551,28.8826,28.8826,462.1214,0.01610634,115.5303,105.0591,365.8461,376.3173,0.01275085,0.01311581,0.00067110,4.4782,17.1026,0.3070,14.1581,2.0749,843.8790,46.1176,3.8592,4.7027,2.0771,2.1006,2.2009,10.5412,18.9056,30.5448,2.1006,-2.0771,8.999999,14.540867,2.131851,21,92,33,14,0.22933070,0.01677744,0.06906760,0E-8,0.000000,0.934648,0.477291,-0.06785032,2026-03-31,2026-08-03,34,232,155,126,0.269841,0.820639,0.861772,0.764436,,,,,,,,GLOBAL_BASELINE_NO_ENTITY_RANKING,,,NOT_APPLICABLE_GLOBAL_BASELINE,HF9g-P5,,,,X 全窗基线 · 不参与实体赏罚,8390960,840,A168_HF9F_20260827_0900,2026-08-27 09:00:00
2026-06-05,60761351,2130,0,340.6518081571,-79.9700891113,-79.9700891113,0.3750000,104,24,0.25375113557092425,0.161909039167,1.3650151195402729,2.8339326346189946,1.3650151195402729,0.09184209640392425,ELIGIBLE,R03b_20260811_FULL_v1,L1_ELIGIBILITY,v2026-08-11,2026-03-21..2026-08-06,baccarat_bet02_101_all_pairs_incl_sentinel,round_win = game_pnl > 0 (decisive only),COMPATIBILITY_ONLY_NOT_PRODUCTION,28691.8873,26816.8210,481.3764,6407,1568,-0.01677744,-0.06906760,-0.00121728,-0.01677744,-481.3764,28691.8873,OK,0.0000,19.2551,4.0000,96.0000,AG03-UNRESOLVED,ALL5_LEVELS_bet23_to_bet27,19.2551,19.2551,19.2551,28.8826,28.8826,4.000000,4.000000,4.000000,6.000000,6.000000,96.000000,96.000000,96.000000,94.000000,94.000000,5.0,115.5303,105.0591,365.8461,376.3173,PENDING_AG03,FALSE,NOT_FOR_ENFORCEMENT,462.1214,25744.1481,481.3764,462.1214,19.2551,0.01677744,0.01610634,19.2551,462.1214,0.01610634,19.2551,19.2551,19.2551,28.8826,28.8826,462.1214,0.01610634,115.5303,105.0591,365.8461,376.3173,0.01275085,0.01311581,0.00067110,4.4782,17.1026,0.3070,14.1581,2.0749,843.8790,46.1176,3.8592,4.7027,2.0771,2.1006,2.2009,10.5412,18.9056,30.5448,2.1006,-2.0771,8.999999,14.540867,2.131851,21,92,33,14,0.22933070,0.01677744,0.06906760,0E-8,0.000000,0.934648,0.477291,-0.06785032,2026-03-31,2026-08-03,34,232,155,126,0.269841,0.820639,0.861772,0.764436,,,,,,,,GLOBAL_BASELINE_NO_ENTITY_RANKING,,,NOT_APPLICABLE_GLOBAL_BASELINE,HF9g-P5,,,,X 全窗基线 · 不参与实体赏罚,8390961,840,A168_HF9F_20260827_0900,2026-08-27 09:00:00
2026-06-05,60761351,2167,0,137.0915813315,-0.5192862934,-0.5192862934,0.7142857,35,8,0.30397026066703198,0.164950778750,2.3601382748334894,3.9160931765810303,2.3601382748334894,0.13901948191703198,ELIGIBLE,R03b_20260811_FULL_v1,L1_ELIGIBILITY,v2026-08-11,2026-03-21..2026-08-06,baccarat_bet02_101_all_pairs_incl_sentinel,round_win = game_pnl > 0 (decisive only),COMPATIBILITY_ONLY_NOT_PRODUCTION,28691.8873,26816.8210,481.3764,6407,1568,-0.01677744,-0.06906760,-0.00121728,-0.01677744,-481.3764,28691.8873,OK,0.0000,19.2551,4.0000,96.0000,AG03-UNRESOLVED,ALL5_LEVELS_bet23_to_bet27,19.2551,19.2551,19.2551,28.8826,28.8826,4.000000,4.000000,4.000000,6.000000,6.000000,96.000000,96.000000,96.000000,94.000000,94.000000,5.0,115.5303,105.0591,365.8461,376.3173,PENDING_AG03,FALSE,NOT_FOR_ENFORCEMENT,462.1214,25744.1481,481.3764,462.1214,19.2551,0.01677744,0.01610634,19.2551,462.1214,0.01610634,19.2551,19.2551,19.2551,28.8826,28.8826,462.1214,0.01610634,115.5303,105.0591,365.8461,376.3173,0.01275085,0.01311581,0.00067110,4.4782,17.1026,0.3070,14.1581,2.0749,843.8790,46.1176,3.8592,4.7027,2.0771,2.1006,2.2009,10.5412,18.9056,30.5448,2.1006,-2.0771,8.999999,14.540867,2.131851,21,92,33,14,0.22933070,0.01677744,0.06906760,0E-8,0.000000,0.934648,0.477291,-0.06785032,2026-03-31,2026-08-03,34,232,155,126,0.269841,0.820639,0.861772,0.764436,,,,,,,,GLOBAL_BASELINE_NO_ENTITY_RANKING,,,NOT_APPLICABLE_GLOBAL_BASELINE,HF9g-P5,,,,X 全窗基线 · 不参与实体赏罚,8390962,840,A168_HF9F_20260827_0900,2026-08-27 09:00:00
2026-06-05,60761351,471,0,109.0501215138,34.2728953320,34.2728953320,0.6000000,33,10,0.31344505549957555,0.247737532667,1.953392632127179,2.5803925043572566,1.953392632127179,0.06570752283257555,ELIGIBLE,R03b_20260811_FULL_v1,L1_ELIGIBILITY,v2026-08-11,2026-03-21..2026-08-06,baccarat_bet02_101_all_pairs_incl_sentinel,round_win = game_pnl > 0 (decisive only),COMPATIBILITY_ONLY_NOT_PRODUCTION,28691.8873,26816.8210,481.3764,6407,1568,-0.01677744,-0.06906760,-0.00121728,-0.01677744,-481.3764,28691.8873,OK,0.0000,19.2551,4.0000,96.0000,AG03-UNRESOLVED,ALL5_LEVELS_bet23_to_bet27,19.2551,19.2551,19.2551,28.8826,28.8826,4.000000,4.000000,4.000000,6.000000,6.000000,96.000000,96.000000,96.000000,94.000000,94.000000,5.0,115.5303,105.0591,365.8461,376.3173,PENDING_AG03,FALSE,NOT_FOR_ENFORCEMENT,462.1214,25744.1481,481.3764,462.1214,19.2551,0.01677744,0.01610634,19.2551,462.1214,0.01610634,19.2551,19.2551,19.2551,28.8826,28.8826,462.1214,0.01610634,115.5303,105.0591,365.8461,376.3173,0.01275085,0.01311581,0.00067110,4.4782,17.1026,0.3070,14.1581,2.0749,843.8790,46.1176,3.8592,4.7027,2.0771,2.1006,2.2009,10.5412,18.9056,30.5448,2.1006,-2.0771,8.999999,14.540867,2.131851,21,92,33,14,0.22933070,0.01677744,0.06906760,0E-8,0.000000,0.934648,0.477291,-0.06785032,2026-03-31,2026-08-03,34,232,155,126,0.269841,0.820639,0.861772,0.764436,,,,,,,,GLOBAL_BASELINE_NO_ENTITY_RANKING,,,NOT_APPLICABLE_GLOBAL_BASELINE,HF9g-P5,,,,X 全窗基线 · 不参与实体赏罚,8390963,840,A168_HF9F_20260827_0900,2026-08-27 09:00:00
2026-06-05,60761351,526,0,58.1600648073,16.6171613730,16.6171613730,0.7500000,18,4,0.27844874126882372,0.161789232500,2.104033645482943,3.1945636143259435,2.104033645482943,0.11665950876882372,ELIGIBLE,R03b_20260811_FULL_v1,L1_ELIGIBILITY,v2026-08-11,2026-03-21..2026-08-06,baccarat_bet02_101_all_pairs_incl_sentinel,round_win = game_pnl > 0 (decisive only),COMPATIBILITY_ONLY_NOT_PRODUCTION,28691.8873,26816.8210,481.3764,6407,1568,-0.01677744,-0.06906760,-0.00121728,-0.01677744,-481.3764,28691.8873,OK,0.0000,19.2551,4.0000,96.0000,AG03-UNRESOLVED,ALL5_LEVELS_bet23_to_bet27,19.2551,19.2551,19.2551,28.8826,28.8826,4.000000,4.000000,4.000000,6.000000,6.000000,96.000000,96.000000,96.000000,94.000000,94.000000,5.0,115.5303,105.0591,365.8461,376.3173,PENDING_AG03,FALSE,NOT_FOR_ENFORCEMENT,462.1214,25744.1481,481.3764,462.1214,19.2551,0.01677744,0.01610634,19.2551,462.1214,0.01610634,19.2551,19.2551,19.2551,28.8826,28.8826,462.1214,0.01610634,115.5303,105.0591,365.8461,376.3173,0.01275085,0.01311581,0.00067110,4.4782,17.1026,0.3070,14.1581,2.0749,843.8790,46.1176,3.8592,4.7027,2.0771,2.1006,2.2009,10.5412,18.9056,30.5448,2.1006,-2.0771,8.999999,14.540867,2.131851,21,92,33,14,0.22933070,0.01677744,0.06906760,0E-8,0.000000,0.934648,0.477291,-0.06785032,2026-03-31,2026-08-03,34,232,155,126,0.269841,0.820639,0.861772,0.764436,,,,,,,,GLOBAL_BASELINE_NO_ENTITY_RANKING,,,NOT_APPLICABLE_GLOBAL_BASELINE,HF9g-P5,,,,X 全窗基线 · 不参与实体赏罚,8390964,840,A168_HF9F_20260827_0900,2026-08-27 09:00:00
2026-06-05,60761351,550,0,708.3065035452,20.2521654210,20.2521654210,0.4878049,181,41,0.29342902763001483,0.168644462967,2.7334101439593104,5.457848916132794,2.7334101439593104,0.12478456466301483,ELIGIBLE,R03b_20260811_FULL_v1,L1_ELIGIBILITY,v2026-08-11,2026-03-21..2026-08-06,baccarat_bet02_101_all_pairs_incl_sentinel,round_win = game_pnl > 0 (decisive only),COMPATIBILITY_ONLY_NOT_PRODUCTION,28691.8873,26816.8210,481.3764,6407,1568,-0.01677744,-0.06906760,-0.00121728,-0.01677744,-481.3764,28691.8873,OK,0.0000,19.2551,4.0000,96.0000,AG03-UNRESOLVED,ALL5_LEVELS_bet23_to_bet27,19.2551,19.2551,19.2551,28.8826,28.8826,4.000000,4.000000,4.000000,6.000000,6.000000,96.000000,96.000000,96.000000,94.000000,94.000000,5.0,115.5303,105.0591,365.8461,376.3173,PENDING_AG03,FALSE,NOT_FOR_ENFORCEMENT,462.1214,25744.1481,481.3764,462.1214,19.2551,0.01677744,0.01610634,19.2551,462.1214,0.01610634,19.2551,19.2551,19.2551,28.8826,28.8826,462.1214,0.01610634,115.5303,105.0591,365.8461,376.3173,0.01275085,0.01311581,0.00067110,4.4782,17.1026,0.3070,14.1581,2.0749,843.8790,46.1176,3.8592,4.7027,2.0771,2.1006,2.2009,10.5412,18.9056,30.5448,2.1006,-2.0771,8.999999,14.540867,2.131851,21,92,33,14,0.22933070,0.01677744,0.06906760,0E-8,0.000000,0.934648,0.477291,-0.06785032,2026-03-31,2026-08-03,34,232,155,126,0.269841,0.820639,0.861772,0.764436,,,,,,,,GLOBAL_BASELINE_NO_ENTITY_RANKING,,,NOT_APPLICABLE_GLOBAL_BASELINE,HF9g-P5,,,,X 全窗基线 · 不参与实体赏罚,8390965,840,A168_HF9F_20260827_0900,2026-08-27 09:00:00
2026-06-06,60761351,1299,0,65.2223583912,-19.5251646143,-19.5251646143,0.1666667,25,7,0.25660771858414577,0.226292815714,-0.50441699003032,-0.34905084092137995,-0.50441699003032,0.03031490287014577,ELIGIBLE,R03b_20260811_FULL_v1,L1_ELIGIBILITY,v2026-08-11,2026-03-21..2026-08-06,baccarat_bet02_101_all_pairs_incl_sentinel,round_win = game_pnl > 0 (decisive only),COMPATIBILITY_ONLY_NOT_PRODUCTION,28691.8873,26816.8210,481.3764,6407,1568,-0.01677744,-0.06906760,-0.00121728,-0.01677744,-481.3764,28691.8873,OK,0.0000,19.2551,4.0000,96.0000,AG03-UNRESOLVED,ALL5_LEVELS_bet23_to_bet27,19.2551,19.2551,19.2551,28.8826,28.8826,4.000000,4.000000,4.000000,6.000000,6.000000,96.000000,96.000000,96.000000,94.000000,94.000000,5.0,115.5303,105.0591,365.8461,376.3173,PENDING_AG03,FALSE,NOT_FOR_ENFORCEMENT,462.1214,25744.1481,481.3764,462.1214,19.2551,0.01677744,0.01610634,19.2551,462.1214,0.01610634,19.2551,19.2551,19.2551,28.8826,28.8826,462.1214,0.01610634,115.5303,105.0591,365.8461,376.3173,0.01275085,0.01311581,0.00067110,4.4782,17.1026,0.3070,14.1581,2.0749,843.8790,46.1176,3.8592,4.7027,2.0771,2.1006,2.2009,10.5412,18.9056,30.5448,2.1006,-2.0771,8.999999,14.540867,2.131851,21,92,33,14,0.22933070,0.01677744,0.06906760,0E-8,0.000000,0.934648,0.477291,-0.06785032,2026-03-31,2026-08-03,34,232,155,126,0.269841,0.820639,0.861772,0.764436,,,,,,,,GLOBAL_BASELINE_NO_ENTITY_RANKING,,,NOT_APPLICABLE_GLOBAL_BASELINE,HF9g-P5,,,,X 全窗基线 · 不参与实体赏罚,8390966,840,A168_HF9F_20260827_0900,2026-08-27 09:00:00
2026-06-06,60761351,1382,0,42.5814760196,-17.8634484766,-17.8634484766,0E-7,14,3,0.25238287249918285,0.158209346667,-1.0063543906055297,-0.7508871050026104,-1.0063543906055297,0.09417352583218285,ELIGIBLE,R03b_20260811_FULL_v1,L1_ELIGIBILITY,v2026-08-11,2026-03-21..2026-08-06,baccarat_bet02_101_all_pairs_incl_sentinel,round_win = game_pnl > 0 (decisive only),COMPATIBILITY_ONLY_NOT_PRODUCTION,28691.8873,26816.8210,481.3764,6407,1568,-0.01677744,-0.06906760,-0.00121728,-0.01677744,-481.3764,28691.8873,OK,0.0000,19.2551,4.0000,96.0000,AG03-UNRESOLVED,ALL5_LEVELS_bet23_to_bet27,19.2551,19.2551,19.2551,28.8826,28.8826,4.000000,4.000000,4.000000,6.000000,6.000000,96.000000,96.000000,96.000000,94.000000,94.000000,5.0,115.5303,105.0591,365.8461,376.3173,PENDING_AG03,FALSE,NOT_FOR_ENFORCEMENT,462.1214,25744.1481,481.3764,462.1214,19.2551,0.01677744,0.01610634,19.2551,462.1214,0.01610634,19.2551,19.2551,19.2551,28.8826,28.8826,462.1214,0.01610634,115.5303,105.0591,365.8461,376.3173,0.01275085,0.01311581,0.00067110,4.4782,17.1026,0.3070,14.1581,2.0749,843.8790,46.1176,3.8592,4.7027,2.0771,2.1006,2.2009,10.5412,18.9056,30.5448,2.1006,-2.0771,8.999999,14.540867,2.131851,21,92,33,14,0.22933070,0.01677744,0.06906760,0E-8,0.000000,0.934648,0.477291,-0.06785032,2026-03-31,2026-08-03,34,232,155,126,0.269841,0.820639,0.861772,0.764436,,,,,,,,GLOBAL_BASELINE_NO_ENTITY_RANKING,,,NOT_APPLICABLE_GLOBAL_BASELINE,HF9g-P5,,,,X 全窗基线 · 不参与实体赏罚,8390967,840,A168_HF9F_20260827_0900,2026-08-27 09:00:00
2026-06-06,60761351,1485,0,4.1542903434,3.9465758262,3.9465758262,1.0000000,1,1,0.50665070000000000,0.506650700000,0.9867858985152569,0.9867858985152569,0.9867858985152569,0E-17,ELIGIBLE,R03b_20260811_FULL_v1,L1_ELIGIBILITY,v2026-08-11,2026-03-21..2026-08-06,baccarat_bet02_101_all_pairs_incl_sentinel,round_win = game_pnl > 0 (decisive only),COMPATIBILITY_ONLY_NOT_PRODUCTION,28691.8873,26816.8210,481.3764,6407,1568,-0.01677744,-0.06906760,-0.00121728,-0.01677744,-481.3764,28691.8873,OK,0.0000,19.2551,4.0000,96.0000,AG03-UNRESOLVED,ALL5_LEVELS_bet23_to_bet27,19.2551,19.2551,19.2551,28.8826,28.8826,4.000000,4.000000,4.000000,6.000000,6.000000,96.000000,96.000000,96.000000,94.000000,94.000000,5.0,115.5303,105.0591,365.8461,376.3173,PENDING_AG03,FALSE,NOT_FOR_ENFORCEMENT,462.1214,25744.1481,481.3764,462.1214,19.2551,0.01677744,0.01610634,19.2551,462.1214,0.01610634,19.2551,19.2551,19.2551,28.8826,28.8826,462.1214,0.01610634,115.5303,105.0591,365.8461,376.3173,0.01275085,0.01311581,0.00067110,4.4782,17.1026,0.3070,14.1581,2.0749,843.8790,46.1176,3.8592,4.7027,2.0771,2.1006,2.2009,10.5412,18.9056,30.5448,2.1006,-2.0771,8.999999,14.540867,2.131851,21,92,33,14,0.22933070,0.01677744,0.06906760,0E-8,0.000000,0.934648,0.477291,-0.06785032,2026-03-31,2026-08-03,34,232,155,126,0.269841,0.820639,0.861772,0.764436,,,,,,,,GLOBAL_BASELINE_NO_ENTITY_RANKING,,,NOT_APPLICABLE_GLOBAL_BASELINE,HF9g-P5,,,,X 全窗基线 · 不参与实体赏罚,8390968,840,A168_HF9F_20260827_0900,2026-08-27 09:00:00
2026-06-06,60761351,1505,0,4.1542903434,4.1542903434,4.1542903434,1.0000000,1,1,0.50665070000000000,0.506650700000,0.9867858985152569,0.9867858985152569,0.9867858985152569,0E-17,ELIGIBLE,R03b_20260811_FULL_v1,L1_ELIGIBILITY,v2026-08-11,2026-03-21..2026-08-06,baccarat_bet02_101_all_pairs_incl_sentinel,round_win = game_pnl > 0 (decisive only),COMPATIBILITY_ONLY_NOT_PRODUCTION,28691.8873,26816.8210,481.3764,6407,1568,-0.01677744,-0.06906760,-0.00121728,-0.01677744,-481.3764,28691.8873,OK,0.0000,19.2551,4.0000,96.0000,AG03-UNRESOLVED,ALL5_LEVELS_bet23_to_bet27,19.2551,19.2551,19.2551,28.8826,28.8826,4.000000,4.000000,4.000000,6.000000,6.000000,96.000000,96.000000,96.000000,94.000000,94.000000,5.0,115.5303,105.0591,365.8461,376.3173,PENDING_AG03,FALSE,NOT_FOR_ENFORCEMENT,462.1214,25744.1481,481.3764,462.1214,19.2551,0.01677744,0.01610634,19.2551,462.1214,0.01610634,19.2551,19.2551,19.2551,28.8826,28.8826,462.1214,0.01610634,115.5303,105.0591,365.8461,376.3173,0.01275085,0.01311581,0.00067110,4.4782,17.1026,0.3070,14.1581,2.0749,843.8790,46.1176,3.8592,4.7027,2.0771,2.1006,2.2009,10.5412,18.9056,30.5448,2.1006,-2.0771,8.999999,14.540867,2.131851,21,92,33,14,0.22933070,0.01677744,0.06906760,0E-8,0.000000,0.934648,0.477291,-0.06785032,2026-03-31,2026-08-03,34,232,155,126,0.269841,0.820639,0.861772,0.764436,,,,,,,,GLOBAL_BASELINE_NO_ENTITY_RANKING,,,NOT_APPLICABLE_GLOBAL_BASELINE,HF9g-P5,,,,X 全窗基线 · 不参与实体赏罚,8390969,840,A168_HF9F_20260827_0900,2026-08-27 09:00:00
2026-06-06,60761351,1623,0,17.6557339594,-17.6557339594,-17.6557339594,0E-7,6,2,0.36739710769181682,0.327631810000,-1.0777481294014852,-0.9871984142340704,-1.0777481294014852,0.03976529769181682,ELIGIBLE,R03b_20260811_FULL_v1,L1_ELIGIBILITY,v2026-08-11,2026-03-21..2026-08-06,baccarat_bet02_101_all_pairs_incl_sentinel,round_win = game_pnl > 0 (decisive only),COMPATIBILITY_ONLY_NOT_PRODUCTION,28691.8873,26816.8210,481.3764,6407,1568,-0.01677744,-0.06906760,-0.00121728,-0.01677744,-481.3764,28691.8873,OK,0.0000,19.2551,4.0000,96.0000,AG03-UNRESOLVED,ALL5_LEVELS_bet23_to_bet27,19.2551,19.2551,19.2551,28.8826,28.8826,4.000000,4.000000,4.000000,6.000000,6.000000,96.000000,96.000000,96.000000,94.000000,94.000000,5.0,115.5303,105.0591,365.8461,376.3173,PENDING_AG03,FALSE,NOT_FOR_ENFORCEMENT,462.1214,25744.1481,481.3764,462.1214,19.2551,0.01677744,0.01610634,19.2551,462.1214,0.01610634,19.2551,19.2551,19.2551,28.8826,28.8826,462.1214,0.01610634,115.5303,105.0591,365.8461,376.3173,0.01275085,0.01311581,0.00067110,4.4782,17.1026,0.3070,14.1581,2.0749,843.8790,46.1176,3.8592,4.7027,2.0771,2.1006,2.2009,10.5412,18.9056,30.5448,2.1006,-2.0771,8.999999,14.540867,2.131851,21,92,33,14,0.22933070,0.01677744,0.06906760,0E-8,0.000000,0.934648,0.477291,-0.06785032,2026-03-31,2026-08-03,34,232,155,126,0.269841,0.820639,0.861772,0.764436,,,,,,,,GLOBAL_BASELINE_NO_ENTITY_RANKING,,,NOT_APPLICABLE_GLOBAL_BASELINE,HF9g-P5,,,,X 全窗基线 · 不参与实体赏罚,8390970,840,A168_HF9F_20260827_0900,2026-08-27 09:00:00
2026-06-06,60761351,1704,0,61.2757825649,25.7566001285,25.7566001285,0.5714286,21,7,0.30701059418632787,0.267395790238,1.5167011633390621,1.8174289618812454,1.5167011633390621,0.03961480394832787,ELIGIBLE,R03b_20260811_FULL_v1,L1_ELIGIBILITY,v2026-08-11,2026-03-21..2026-08-06,baccarat_bet02_101_all_pairs_incl_sentinel,round_win = game_pnl > 0 (decisive only),COMPATIBILITY_ONLY_NOT_PRODUCTION,28691.8873,26816.8210,481.3764,6407,1568,-0.01677744,-0.06906760,-0.00121728,-0.01677744,-481.3764,28691.8873,OK,0.0000,19.2551,4.0000,96.0000,AG03-UNRESOLVED,ALL5_LEVELS_bet23_to_bet27,19.2551,19.2551,19.2551,28.8826,28.8826,4.000000,4.000000,4.000000,6.000000,6.000000,96.000000,96.000000,96.000000,94.000000,94.000000,5.0,115.5303,105.0591,365.8461,376.3173,PENDING_AG03,FALSE,NOT_FOR_ENFORCEMENT,462.1214,25744.1481,481.3764,462.1214,19.2551,0.01677744,0.01610634,19.2551,462.1214,0.01610634,19.2551,19.2551,19.2551,28.8826,28.8826,462.1214,0.01610634,115.5303,105.0591,365.8461,376.3173,0.01275085,0.01311581,0.00067110,4.4782,17.1026,0.3070,14.1581,2.0749,843.8790,46.1176,3.8592,4.7027,2.0771,2.1006,2.2009,10.5412,18.9056,30.5448,2.1006,-2.0771,8.999999,14.540867,2.131851,21,92,33,14,0.22933070,0.01677744,0.06906760,0E-8,0.000000,0.934648,0.477291,-0.06785032,2026-03-31,2026-08-03,34,232,155,126,0.269841,0.820639,0.861772,0.764436,,,,,,,,GLOBAL_BASELINE_NO_ENTITY_RANKING,,,NOT_APPLICABLE_GLOBAL_BASELINE,HF9g-P5,,,,X 全窗基线 · 不参与实体赏罚,8390971,840,A168_HF9F_20260827_0900,2026-08-27 09:00:00
2026-06-06,60761351,1710,0,394.6575826207,-46.1126228130,-46.1126228130,0.4583333,114,24,0.26889511538739251,0.146625083889,2.093109366714335,4.316978081469506,2.093109366714335,0.12227003149839251,ELIGIBLE,R03b_20260811_FULL_v1,L1_ELIGIBILITY,v2026-08-11,2026-03-21..2026-08-06,baccarat_bet02_101_all_pairs_incl_sentinel,round_win = game_pnl > 0 (decisive only),COMPATIBILITY_ONLY_NOT_PRODUCTION,28691.8873,26816.8210,481.3764,6407,1568,-0.01677744,-0.06906760,-0.00121728,-0.01677744,-481.3764,28691.8873,OK,0.0000,19.2551,4.0000,96.0000,AG03-UNRESOLVED,ALL5_LEVELS_bet23_to_bet27,19.2551,19.2551,19.2551,28.8826,28.8826,4.000000,4.000000,4.000000,6.000000,6.000000,96.000000,96.000000,96.000000,94.000000,94.000000,5.0,115.5303,105.0591,365.8461,376.3173,PENDING_AG03,FALSE,NOT_FOR_ENFORCEMENT,462.1214,25744.1481,481.3764,462.1214,19.2551,0.01677744,0.01610634,19.2551,462.1214,0.01610634,19.2551,19.2551,19.2551,28.8826,28.8826,462.1214,0.01610634,115.5303,105.0591,365.8461,376.3173,0.01275085,0.01311581,0.00067110,4.4782,17.1026,0.3070,14.1581,2.0749,843.8790,46.1176,3.8592,4.7027,2.0771,2.1006,2.2009,10.5412,18.9056,30.5448,2.1006,-2.0771,8.999999,14.540867,2.131851,21,92,33,14,0.22933070,0.01677744,0.06906760,0E-8,0.000000,0.934648,0.477291,-0.06785032,2026-03-31,2026-08-03,34,232,155,126,0.269841,0.820639,0.861772,0.764436,,,,,,,,GLOBAL_BASELINE_NO_ENTITY_RANKING,,,NOT_APPLICABLE_GLOBAL_BASELINE,HF9g-P5,,,,X 全窗基线 · 不参与实体赏罚,8390972,840,A168_HF9F_20260827_0900,2026-08-27 09:00:00
2026-06-06,60761351,1714,0,306.3789128238,354.6725380626,354.6725380626,0.4500000,83,20,0.29295831143614460,0.187542897250,1.5431371670698097,3.0069263984633894,1.5431371670698097,0.10541541418614460,ELIGIBLE,R03b_20260811_FULL_v1,L1_ELIGIBILITY,v2026-08-11,2026-03-21..2026-08-06,baccarat_bet02_101_all_pairs_incl_sentinel,round_win = game_pnl > 0 (decisive only),COMPATIBILITY_ONLY_NOT_PRODUCTION,28691.8873,26816.8210,481.3764,6407,1568,-0.01677744,-0.06906760,-0.00121728,-0.01677744,-481.3764,28691.8873,OK,0.0000,19.2551,4.0000,96.0000,AG03-UNRESOLVED,ALL5_LEVELS_bet23_to_bet27,19.2551,19.2551,19.2551,28.8826,28.8826,4.000000,4.000000,4.000000,6.000000,6.000000,96.000000,96.000000,96.000000,94.000000,94.000000,5.0,115.5303,105.0591,365.8461,376.3173,PENDING_AG03,FALSE,NOT_FOR_ENFORCEMENT,462.1214,25744.1481,481.3764,462.1214,19.2551,0.01677744,0.01610634,19.2551,462.1214,0.01610634,19.2551,19.2551,19.2551,28.8826,28.8826,462.1214,0.01610634,115.5303,105.0591,365.8461,376.3173,0.01275085,0.01311581,0.00067110,4.4782,17.1026,0.3070,14.1581,2.0749,843.8790,46.1176,3.8592,4.7027,2.0771,2.1006,2.2009,10.5412,18.9056,30.5448,2.1006,-2.0771,8.999999,14.540867,2.131851,21,92,33,14,0.22933070,0.01677744,0.06906760,0E-8,0.000000,0.934648,0.477291,-0.06785032,2026-03-31,2026-08-03,34,232,155,126,0.269841,0.820639,0.861772,0.764436,,,,,,,,GLOBAL_BASELINE_NO_ENTITY_RANKING,,,NOT_APPLICABLE_GLOBAL_BASELINE,HF9g-P5,,,,X 全窗基线 · 不参与实体赏罚,8390973,840,A168_HF9F_20260827_0900,2026-08-27 09:00:00
2026-06-06,60761351,1942,0,206.0528010314,-102.8186859990,-102.8186859990,0.1538462,60,13,0.25812497867959234,0.149444773462,-0.8591864385044359,0.04451116439524594,-0.8591864385044359,0.10868020521759234,ELIGIBLE,R03b_20260811_FULL_v1,L1_ELIGIBILITY,v2026-08-11,2026-03-21..2026-08-06,baccarat_bet02_101_all_pairs_incl_sentinel,round_win = game_pnl > 0 (decisive only),COMPATIBILITY_ONLY_NOT_PRODUCTION,28691.8873,26816.8210,481.3764,6407,1568,-0.01677744,-0.06906760,-0.00121728,-0.01677744,-481.3764,28691.8873,OK,0.0000,19.2551,4.0000,96.0000,AG03-UNRESOLVED,ALL5_LEVELS_bet23_to_bet27,19.2551,19.2551,19.2551,28.8826,28.8826,4.000000,4.000000,4.000000,6.000000,6.000000,96.000000,96.000000,96.000000,94.000000,94.000000,5.0,115.5303,105.0591,365.8461,376.3173,PENDING_AG03,FALSE,NOT_FOR_ENFORCEMENT,462.1214,25744.1481,481.3764,462.1214,19.2551,0.01677744,0.01610634,19.2551,462.1214,0.01610634,19.2551,19.2551,19.2551,28.8826,28.8826,462.1214,0.01610634,115.5303,105.0591,365.8461,376.3173,0.01275085,0.01311581,0.00067110,4.4782,17.1026,0.3070,14.1581,2.0749,843.8790,46.1176,3.8592,4.7027,2.0771,2.1006,2.2009,10.5412,18.9056,30.5448,2.1006,-2.0771,8.999999,14.540867,2.131851,21,92,33,14,0.22933070,0.01677744,0.06906760,0E-8,0.000000,0.934648,0.477291,-0.06785032,2026-03-31,2026-08-03,34,232,155,126,0.269841,0.820639,0.861772,0.764436,,,,,,,,GLOBAL_BASELINE_NO_ENTITY_RANKING,,,NOT_APPLICABLE_GLOBAL_BASELINE,HF9g-P5,,,,X 全窗基线 · 不参与实体赏罚,8390974,840,A168_HF9F_20260827_0900,2026-08-27 09:00:00
2026-06-06,60761351,1947,0,29.0800324037,-1E-10,-1E-10,0.3333333,10,3,0.28850407777719070,0.203614866667,0.17137993297476609,0.5579510762189714,0.17137993297476609,0.08488921111019070,ELIGIBLE,R03b_20260811_FULL_v1,L1_ELIGIBILITY,v2026-08-11,2026-03-21..2026-08-06,baccarat_bet02_101_all_pairs_incl_sentinel,round_win = game_pnl > 0 (decisive only),COMPATIBILITY_ONLY_NOT_PRODUCTION,28691.8873,26816.8210,481.3764,6407,1568,-0.01677744,-0.06906760,-0.00121728,-0.01677744,-481.3764,28691.8873,OK,0.0000,19.2551,4.0000,96.0000,AG03-UNRESOLVED,ALL5_LEVELS_bet23_to_bet27,19.2551,19.2551,19.2551,28.8826,28.8826,4.000000,4.000000,4.000000,6.000000,6.000000,96.000000,96.000000,96.000000,94.000000,94.000000,5.0,115.5303,105.0591,365.8461,376.3173,PENDING_AG03,FALSE,NOT_FOR_ENFORCEMENT,462.1214,25744.1481,481.3764,462.1214,19.2551,0.01677744,0.01610634,19.2551,462.1214,0.01610634,19.2551,19.2551,19.2551,28.8826,28.8826,462.1214,0.01610634,115.5303,105.0591,365.8461,376.3173,0.01275085,0.01311581,0.00067110,4.4782,17.1026,0.3070,14.1581,2.0749,843.8790,46.1176,3.8592,4.7027,2.0771,2.1006,2.2009,10.5412,18.9056,30.5448,2.1006,-2.0771,8.999999,14.540867,2.131851,21,92,33,14,0.22933070,0.01677744,0.06906760,0E-8,0.000000,0.934648,0.477291,-0.06785032,2026-03-31,2026-08-03,34,232,155,126,0.269841,0.820639,0.861772,0.764436,,,,,,,,GLOBAL_BASELINE_NO_ENTITY_RANKING,,,NOT_APPLICABLE_GLOBAL_BASELINE,HF9g-P5,,,,X 全窗基线 · 不参与实体赏罚,8390975,840,A168_HF9F_20260827_0900,2026-08-27 09:00:00
2026-06-06,60761351,2115,0,88.0709552796,-28.2491743352,-28.2491743352,0.4285714,27,7,0.32460987920173022,0.248994400000,0.5874400401853234,1.098710875928322,0.5874400401853234,0.07561547920173022,ELIGIBLE,R03b_20260811_FULL_v1,L1_ELIGIBILITY,v2026-08-11,2026-03-21..2026-08-06,baccarat_bet02_101_all_pairs_incl_sentinel,round_win = game_pnl > 0 (decisive only),COMPATIBILITY_ONLY_NOT_PRODUCTION,28691.8873,26816.8210,481.3764,6407,1568,-0.01677744,-0.06906760,-0.00121728,-0.01677744,-481.3764,28691.8873,OK,0.0000,19.2551,4.0000,96.0000,AG03-UNRESOLVED,ALL5_LEVELS_bet23_to_bet27,19.2551,19.2551,19.2551,28.8826,28.8826,4.000000,4.000000,4.000000,6.000000,6.000000,96.000000,96.000000,96.000000,94.000000,94.000000,5.0,115.5303,105.0591,365.8461,376.3173,PENDING_AG03,FALSE,NOT_FOR_ENFORCEMENT,462.1214,25744.1481,481.3764,462.1214,19.2551,0.01677744,0.01610634,19.2551,462.1214,0.01610634,19.2551,19.2551,19.2551,28.8826,28.8826,462.1214,0.01610634,115.5303,105.0591,365.8461,376.3173,0.01275085,0.01311581,0.00067110,4.4782,17.1026,0.3070,14.1581,2.0749,843.8790,46.1176,3.8592,4.7027,2.0771,2.1006,2.2009,10.5412,18.9056,30.5448,2.1006,-2.0771,8.999999,14.540867,2.131851,21,92,33,14,0.22933070,0.01677744,0.06906760,0E-8,0.000000,0.934648,0.477291,-0.06785032,2026-03-31,2026-08-03,34,232,155,126,0.269841,0.820639,0.861772,0.764436,,,,,,,,GLOBAL_BASELINE_NO_ENTITY_RANKING,,,NOT_APPLICABLE_GLOBAL_BASELINE,HF9g-P5,,,,X 全窗基线 · 不参与实体赏罚,8390976,840,A168_HF9F_20260827_0900,2026-08-27 09:00:00
2026-06-06,60761351,2129,0,342.7289533276,-21.8100243038,-21.8100243038,0.3809524,95,21,0.26137067701874809,0.152192303492,1.2471901751726304,2.9184002894863066,1.2471901751726304,0.10917837352674809,ELIGIBLE,R03b_20260811_FULL_v1,L1_ELIGIBILITY,v2026-08-11,2026-03-21..2026-08-06,baccarat_bet02_101_all_pairs_incl_sentinel,round_win = game_pnl > 0 (decisive only),COMPATIBILITY_ONLY_NOT_PRODUCTION,28691.8873,26816.8210,481.3764,6407,1568,-0.01677744,-0.06906760,-0.00121728,-0.01677744,-481.3764,28691.8873,OK,0.0000,19.2551,4.0000,96.0000,AG03-UNRESOLVED,ALL5_LEVELS_bet23_to_bet27,19.2551,19.2551,19.2551,28.8826,28.8826,4.000000,4.000000,4.000000,6.000000,6.000000,96.000000,96.000000,96.000000,94.000000,94.000000,5.0,115.5303,105.0591,365.8461,376.3173,PENDING_AG03,FALSE,NOT_FOR_ENFORCEMENT,462.1214,25744.1481,481.3764,462.1214,19.2551,0.01677744,0.01610634,19.2551,462.1214,0.01610634,19.2551,19.2551,19.2551,28.8826,28.8826,462.1214,0.01610634,115.5303,105.0591,365.8461,376.3173,0.01275085,0.01311581,0.00067110,4.4782,17.1026,0.3070,14.1581,2.0749,843.8790,46.1176,3.8592,4.7027,2.0771,2.1006,2.2009,10.5412,18.9056,30.5448,2.1006,-2.0771,8.999999,14.540867,2.131851,21,92,33,14,0.22933070,0.01677744,0.06906760,0E-8,0.000000,0.934648,0.477291,-0.06785032,2026-03-31,2026-08-03,34,232,155,126,0.269841,0.820639,0.861772,0.764436,,,,,,,,GLOBAL_BASELINE_NO_ENTITY_RANKING,,,NOT_APPLICABLE_GLOBAL_BASELINE,HF9g-P5,,,,X 全窗基线 · 不参与实体赏罚,8390977,840,A168_HF9F_20260827_0900,2026-08-27 09:00:00
2026-06-06,60761351,2130,0,236.7945495726,-31.1571775761,-31.1571775761,0.3333333,69,15,0.25567381939872242,0.145191912333,0.6894702324275599,2.0683523563014914,0.6894702324275599,0.11048190706572242,ELIGIBLE,R03b_20260811_FULL_v1,L1_ELIGIBILITY,v2026-08-11,2026-03-21..2026-08-06,baccarat_bet02_101_all_pairs_incl_sentinel,round_win = game_pnl > 0 (decisive only),COMPATIBILITY_ONLY_NOT_PRODUCTION,28691.8873,26816.8210,481.3764,6407,1568,-0.01677744,-0.06906760,-0.00121728,-0.01677744,-481.3764,28691.8873,OK,0.0000,19.2551,4.0000,96.0000,AG03-UNRESOLVED,ALL5_LEVELS_bet23_to_bet27,19.2551,19.2551,19.2551,28.8826,28.8826,4.000000,4.000000,4.000000,6.000000,6.000000,96.000000,96.000000,96.000000,94.000000,94.000000,5.0,115.5303,105.0591,365.8461,376.3173,PENDING_AG03,FALSE,NOT_FOR_ENFORCEMENT,462.1214,25744.1481,481.3764,462.1214,19.2551,0.01677744,0.01610634,19.2551,462.1214,0.01610634,19.2551,19.2551,19.2551,28.8826,28.8826,462.1214,0.01610634,115.5303,105.0591,365.8461,376.3173,0.01275085,0.01311581,0.00067110,4.4782,17.1026,0.3070,14.1581,2.0749,843.8790,46.1176,3.8592,4.7027,2.0771,2.1006,2.2009,10.5412,18.9056,30.5448,2.1006,-2.0771,8.999999,14.540867,2.131851,21,92,33,14,0.22933070,0.01677744,0.06906760,0E-8,0.000000,0.934648,0.477291,-0.06785032,2026-03-31,2026-08-03,34,232,155,126,0.269841,0.820639,0.861772,0.764436,,,,,,,,GLOBAL_BASELINE_NO_ENTITY_RANKING,,,NOT_APPLICABLE_GLOBAL_BASELINE,HF9g-P5,,,,X 全窗基线 · 不参与实体赏罚,8390978,840,A168_HF9F_20260827_0900,2026-08-27 09:00:00
2026-06-06,60761351,2147,0,193.1745009670,13.5014436150,13.5014436150,0.6153846,52,14,0.28450429362168326,0.173377099524,2.6442023514175763,4.2097058153786,2.6442023514175763,0.11112719409768326,ELIGIBLE,R03b_20260811_FULL_v1,L1_ELIGIBILITY,v2026-08-11,2026-03-21..2026-08-06,baccarat_bet02_101_all_pairs_incl_sentinel,round_win = game_pnl > 0 (decisive only),COMPATIBILITY_ONLY_NOT_PRODUCTION,28691.8873,26816.8210,481.3764,6407,1568,-0.01677744,-0.06906760,-0.00121728,-0.01677744,-481.3764,28691.8873,OK,0.0000,19.2551,4.0000,96.0000,AG03-UNRESOLVED,ALL5_LEVELS_bet23_to_bet27,19.2551,19.2551,19.2551,28.8826,28.8826,4.000000,4.000000,4.000000,6.000000,6.000000,96.000000,96.000000,96.000000,94.000000,94.000000,5.0,115.5303,105.0591,365.8461,376.3173,PENDING_AG03,FALSE,NOT_FOR_ENFORCEMENT,462.1214,25744.1481,481.3764,462.1214,19.2551,0.01677744,0.01610634,19.2551,462.1214,0.01610634,19.2551,19.2551,19.2551,28.8826,28.8826,462.1214,0.01610634,115.5303,105.0591,365.8461,376.3173,0.01275085,0.01311581,0.00067110,4.4782,17.1026,0.3070,14.1581,2.0749,843.8790,46.1176,3.8592,4.7027,2.0771,2.1006,2.2009,10.5412,18.9056,30.5448,2.1006,-2.0771,8.999999,14.540867,2.131851,21,92,33,14,0.22933070,0.01677744,0.06906760,0E-8,0.000000,0.934648,0.477291,-0.06785032,2026-03-31,2026-08-03,34,232,155,126,0.269841,0.820639,0.861772,0.764436,,,,,,,,GLOBAL_BASELINE_NO_ENTITY_RANKING,,,NOT_APPLICABLE_GLOBAL_BASELINE,HF9g-P5,,,,X 全窗基线 · 不参与实体赏罚,8390979,840,A168_HF9F_20260827_0900,2026-08-27 09:00:00
2026-06-06,60761351,2155,0,54.0057744641,-20.7714517171,-20.7714517171,0.2000000,20,5,0.24913075583307409,0.200307807000,-0.25400520541263505,-0.0017197017295584585,-0.25400520541263505,0.04882294883307409,ELIGIBLE,R03b_20260811_FULL_v1,L1_ELIGIBILITY,v2026-08-11,2026-03-21..2026-08-06,baccarat_bet02_101_all_pairs_incl_sentinel,round_win = game_pnl > 0 (decisive only),COMPATIBILITY_ONLY_NOT_PRODUCTION,28691.8873,26816.8210,481.3764,6407,1568,-0.01677744,-0.06906760,-0.00121728,-0.01677744,-481.3764,28691.8873,OK,0.0000,19.2551,4.0000,96.0000,AG03-UNRESOLVED,ALL5_LEVELS_bet23_to_bet27,19.2551,19.2551,19.2551,28.8826,28.8826,4.000000,4.000000,4.000000,6.000000,6.000000,96.000000,96.000000,96.000000,94.000000,94.000000,5.0,115.5303,105.0591,365.8461,376.3173,PENDING_AG03,FALSE,NOT_FOR_ENFORCEMENT,462.1214,25744.1481,481.3764,462.1214,19.2551,0.01677744,0.01610634,19.2551,462.1214,0.01610634,19.2551,19.2551,19.2551,28.8826,28.8826,462.1214,0.01610634,115.5303,105.0591,365.8461,376.3173,0.01275085,0.01311581,0.00067110,4.4782,17.1026,0.3070,14.1581,2.0749,843.8790,46.1176,3.8592,4.7027,2.0771,2.1006,2.2009,10.5412,18.9056,30.5448,2.1006,-2.0771,8.999999,14.540867,2.131851,21,92,33,14,0.22933070,0.01677744,0.06906760,0E-8,0.000000,0.934648,0.477291,-0.06785032,2026-03-31,2026-08-03,34,232,155,126,0.269841,0.820639,0.861772,0.764436,,,,,,,,GLOBAL_BASELINE_NO_ENTITY_RANKING,,,NOT_APPLICABLE_GLOBAL_BASELINE,HF9g-P5,,,,X 全窗基线 · 不参与实体赏罚,8390980,840,A168_HF9F_20260827_0900,2026-08-27 09:00:00
2026-06-06,60761351,2261,0,36.9731840561,-6.6468645496,-6.6468645496,0.5000000,12,4,0.36660811369005293,0.327631810000,0.5536331996956272,0.7344978130631864,0.5536331996956272,0.03897630369005293,ELIGIBLE,R03b_20260811_FULL_v1,L1_ELIGIBILITY,v2026-08-11,2026-03-21..2026-08-06,baccarat_bet02_101_all_pairs_incl_sentinel,round_win = game_pnl > 0 (decisive only),COMPATIBILITY_ONLY_NOT_PRODUCTION,28691.8873,26816.8210,481.3764,6407,1568,-0.01677744,-0.06906760,-0.00121728,-0.01677744,-481.3764,28691.8873,OK,0.0000,19.2551,4.0000,96.0000,AG03-UNRESOLVED,ALL5_LEVELS_bet23_to_bet27,19.2551,19.2551,19.2551,28.8826,28.8826,4.000000,4.000000,4.000000,6.000000,6.000000,96.000000,96.000000,96.000000,94.000000,94.000000,5.0,115.5303,105.0591,365.8461,376.3173,PENDING_AG03,FALSE,NOT_FOR_ENFORCEMENT,462.1214,25744.1481,481.3764,462.1214,19.2551,0.01677744,0.01610634,19.2551,462.1214,0.01610634,19.2551,19.2551,19.2551,28.8826,28.8826,462.1214,0.01610634,115.5303,105.0591,365.8461,376.3173,0.01275085,0.01311581,0.00067110,4.4782,17.1026,0.3070,14.1581,2.0749,843.8790,46.1176,3.8592,4.7027,2.0771,2.1006,2.2009,10.5412,18.9056,30.5448,2.1006,-2.0771,8.999999,14.540867,2.131851,21,92,33,14,0.22933070,0.01677744,0.06906760,0E-8,0.000000,0.934648,0.477291,-0.06785032,2026-03-31,2026-08-03,34,232,155,126,0.269841,0.820639,0.861772,0.764436,,,,,,,,GLOBAL_BASELINE_NO_ENTITY_RANKING,,,NOT_APPLICABLE_GLOBAL_BASELINE,HF9g-P5,,,,X 全窗基线 · 不参与实体赏罚,8390981,840,A168_HF9F_20260827_0900,2026-08-27 09:00:00
2026-06-06,60761351,526,0,110.0886940995,113.4121263728,113.4121263728,0.2500000,36,8,0.24704068348380191,0.149041296458,0.01940735793451559,0.8018279787548558,0.01940735793451559,0.09799938702580191,ELIGIBLE,R03b_20260811_FULL_v1,L1_ELIGIBILITY,v2026-08-11,2026-03-21..2026-08-06,baccarat_bet02_101_all_pairs_incl_sentinel,round_win = game_pnl > 0 (decisive only),COMPATIBILITY_ONLY_NOT_PRODUCTION,28691.8873,26816.8210,481.3764,6407,1568,-0.01677744,-0.06906760,-0.00121728,-0.01677744,-481.3764,28691.8873,OK,0.0000,19.2551,4.0000,96.0000,AG03-UNRESOLVED,ALL5_LEVELS_bet23_to_bet27,19.2551,19.2551,19.2551,28.8826,28.8826,4.000000,4.000000,4.000000,6.000000,6.000000,96.000000,96.000000,96.000000,94.000000,94.000000,5.0,115.5303,105.0591,365.8461,376.3173,PENDING_AG03,FALSE,NOT_FOR_ENFORCEMENT,462.1214,25744.1481,481.3764,462.1214,19.2551,0.01677744,0.01610634,19.2551,462.1214,0.01610634,19.2551,19.2551,19.2551,28.8826,28.8826,462.1214,0.01610634,115.5303,105.0591,365.8461,376.3173,0.01275085,0.01311581,0.00067110,4.4782,17.1026,0.3070,14.1581,2.0749,843.8790,46.1176,3.8592,4.7027,2.0771,2.1006,2.2009,10.5412,18.9056,30.5448,2.1006,-2.0771,8.999999,14.540867,2.131851,21,92,33,14,0.22933070,0.01677744,0.06906760,0E-8,0.000000,0.934648,0.477291,-0.06785032,2026-03-31,2026-08-03,34,232,155,126,0.269841,0.820639,0.861772,0.764436,,,,,,,,GLOBAL_BASELINE_NO_ENTITY_RANKING,,,NOT_APPLICABLE_GLOBAL_BASELINE,HF9g-P5,,,,X 全窗基线 · 不参与实体赏罚,8390982,840,A168_HF9F_20260827_0900,2026-08-27 09:00:00
2026-06-06,60761351,529,0,24.9257420603,3.4272895332,3.4272895332,0.5000000,7,2,0.31126728142814703,0.195571658334,0.5764612243179673,1.0854340442391048,0.5764612243179673,0.11569562309414703,ELIGIBLE,R03b_20260811_FULL_v1,L1_ELIGIBILITY,v2026-08-11,2026-03-21..2026-08-06,baccarat_bet02_101_all_pairs_incl_sentinel,round_win = game_pnl > 0 (decisive only),COMPATIBILITY_ONLY_NOT_PRODUCTION,28691.8873,26816.8210,481.3764,6407,1568,-0.01677744,-0.06906760,-0.00121728,-0.01677744,-481.3764,28691.8873,OK,0.0000,19.2551,4.0000,96.0000,AG03-UNRESOLVED,ALL5_LEVELS_bet23_to_bet27,19.2551,19.2551,19.2551,28.8826,28.8826,4.000000,4.000000,4.000000,6.000000,6.000000,96.000000,96.000000,96.000000,94.000000,94.000000,5.0,115.5303,105.0591,365.8461,376.3173,PENDING_AG03,FALSE,NOT_FOR_ENFORCEMENT,462.1214,25744.1481,481.3764,462.1214,19.2551,0.01677744,0.01610634,19.2551,462.1214,0.01610634,19.2551,19.2551,19.2551,28.8826,28.8826,462.1214,0.01610634,115.5303,105.0591,365.8461,376.3173,0.01275085,0.01311581,0.00067110,4.4782,17.1026,0.3070,14.1581,2.0749,843.8790,46.1176,3.8592,4.7027,2.0771,2.1006,2.2009,10.5412,18.9056,30.5448,2.1006,-2.0771,8.999999,14.540867,2.131851,21,92,33,14,0.22933070,0.01677744,0.06906760,0E-8,0.000000,0.934648,0.477291,-0.06785032,2026-03-31,2026-08-03,34,232,155,126,0.269841,0.820639,0.861772,0.764436,,,,,,,,GLOBAL_BASELINE_NO_ENTITY_RANKING,,,NOT_APPLICABLE_GLOBAL_BASELINE,HF9g-P5,,,,X 全窗基线 · 不参与实体赏罚,8390983,840,A168_HF9F_20260827_0900,2026-08-27 09:00:00
2026-06-06,60761351,583,0,71.6615084234,-21.1868807514,-21.1868807514,0.4285714,23,8,0.36716274358939741,0.328937151250,0.3370571115201978,0.5610734696107192,0.3370571115201978,0.03822559233939741,ELIGIBLE,R03b_20260811_FULL_v1,L1_ELIGIBILITY,v2026-08-11,2026-03-21..2026-08-06,baccarat_bet02_101_all_pairs_incl_sentinel,round_win = game_pnl > 0 (decisive only),COMPATIBILITY_ONLY_NOT_PRODUCTION,28691.8873,26816.8210,481.3764,6407,1568,-0.01677744,-0.06906760,-0.00121728,-0.01677744,-481.3764,28691.8873,OK,0.0000,19.2551,4.0000,96.0000,AG03-UNRESOLVED,ALL5_LEVELS_bet23_to_bet27,19.2551,19.2551,19.2551,28.8826,28.8826,4.000000,4.000000,4.000000,6.000000,6.000000,96.000000,96.000000,96.000000,94.000000,94.000000,5.0,115.5303,105.0591,365.8461,376.3173,PENDING_AG03,FALSE,NOT_FOR_ENFORCEMENT,462.1214,25744.1481,481.3764,462.1214,19.2551,0.01677744,0.01610634,19.2551,462.1214,0.01610634,19.2551,19.2551,19.2551,28.8826,28.8826,462.1214,0.01610634,115.5303,105.0591,365.8461,376.3173,0.01275085,0.01311581,0.00067110,4.4782,17.1026,0.3070,14.1581,2.0749,843.8790,46.1176,3.8592,4.7027,2.0771,2.1006,2.2009,10.5412,18.9056,30.5448,2.1006,-2.0771,8.999999,14.540867,2.131851,21,92,33,14,0.22933070,0.01677744,0.06906760,0E-8,0.000000,0.934648,0.477291,-0.06785032,2026-03-31,2026-08-03,34,232,155,126,0.269841,0.820639,0.861772,0.764436,,,,,,,,GLOBAL_BASELINE_NO_ENTITY_RANKING,,,NOT_APPLICABLE_GLOBAL_BASELINE,HF9g-P5,,,,X 全窗基线 · 不参与实体赏罚,8390984,840,A168_HF9F_20260827_0900,2026-08-27 09:00:00
2026-06-06,60761351,595,0,98.0412521036,-21.6023097860,-21.6023097860,0.3333333,28,7,0.30960238585998457,0.215498137143,0.12572999923355754,0.701991582658666,0.12572999923355754,0.09410424871698457,ELIGIBLE,R03b_20260811_FULL_v1,L1_ELIGIBILITY,v2026-08-11,2026-03-21..2026-08-06,baccarat_bet02_101_all_pairs_incl_sentinel,round_win = game_pnl > 0 (decisive only),COMPATIBILITY_ONLY_NOT_PRODUCTION,28691.8873,26816.8210,481.3764,6407,1568,-0.01677744,-0.06906760,-0.00121728,-0.01677744,-481.3764,28691.8873,OK,0.0000,19.2551,4.0000,96.0000,AG03-UNRESOLVED,ALL5_LEVELS_bet23_to_bet27,19.2551,19.2551,19.2551,28.8826,28.8826,4.000000,4.000000,4.000000,6.000000,6.000000,96.000000,96.000000,96.000000,94.000000,94.000000,5.0,115.5303,105.0591,365.8461,376.3173,PENDING_AG03,FALSE,NOT_FOR_ENFORCEMENT,462.1214,25744.1481,481.3764,462.1214,19.2551,0.01677744,0.01610634,19.2551,462.1214,0.01610634,19.2551,19.2551,19.2551,28.8826,28.8826,462.1214,0.01610634,115.5303,105.0591,365.8461,376.3173,0.01275085,0.01311581,0.00067110,4.4782,17.1026,0.3070,14.1581,2.0749,843.8790,46.1176,3.8592,4.7027,2.0771,2.1006,2.2009,10.5412,18.9056,30.5448,2.1006,-2.0771,8.999999,14.540867,2.131851,21,92,33,14,0.22933070,0.01677744,0.06906760,0E-8,0.000000,0.934648,0.477291,-0.06785032,2026-03-31,2026-08-03,34,232,155,126,0.269841,0.820639,0.861772,0.764436,,,,,,,,GLOBAL_BASELINE_NO_ENTITY_RANKING,,,NOT_APPLICABLE_GLOBAL_BASELINE,HF9g-P5,,,,X 全窗基线 · 不参与实体赏罚,8390985,840,A168_HF9F_20260827_0900,2026-08-27 09:00:00
2026-06-07,60761351,1017,0,66.4686454941,-24.9257420604,-24.9257420604,0.1666667,20,6,0.32908099980091193,0.236951327778,-0.8466687467191074,-0.40488388034645045,-0.8466687467191074,0.09212967202291193,ELIGIBLE,R03b_20260811_FULL_v1,L1_ELIGIBILITY,v2026-08-11,2026-03-21..2026-08-06,baccarat_bet02_101_all_pairs_incl_sentinel,round_win = game_pnl > 0 (decisive only),COMPATIBILITY_ONLY_NOT_PRODUCTION,28691.8873,26816.8210,481.3764,6407,1568,-0.01677744,-0.06906760,-0.00121728,-0.01677744,-481.3764,28691.8873,OK,0.0000,19.2551,4.0000,96.0000,AG03-UNRESOLVED,ALL5_LEVELS_bet23_to_bet27,19.2551,19.2551,19.2551,28.8826,28.8826,4.000000,4.000000,4.000000,6.000000,6.000000,96.000000,96.000000,96.000000,94.000000,94.000000,5.0,115.5303,105.0591,365.8461,376.3173,PENDING_AG03,FALSE,NOT_FOR_ENFORCEMENT,462.1214,25744.1481,481.3764,462.1214,19.2551,0.01677744,0.01610634,19.2551,462.1214,0.01610634,19.2551,19.2551,19.2551,28.8826,28.8826,462.1214,0.01610634,115.5303,105.0591,365.8461,376.3173,0.01275085,0.01311581,0.00067110,4.4782,17.1026,0.3070,14.1581,2.0749,843.8790,46.1176,3.8592,4.7027,2.0771,2.1006,2.2009,10.5412,18.9056,30.5448,2.1006,-2.0771,8.999999,14.540867,2.131851,21,92,33,14,0.22933070,0.01677744,0.06906760,0E-8,0.000000,0.934648,0.477291,-0.06785032,2026-03-31,2026-08-03,34,232,155,126,0.269841,0.820639,0.861772,0.764436,,,,,,,,GLOBAL_BASELINE_NO_ENTITY_RANKING,,,NOT_APPLICABLE_GLOBAL_BASELINE,HF9g-P5,,,,X 全窗基线 · 不参与实体赏罚,8390986,840,A168_HF9F_20260827_0900,2026-08-27 09:00:00
2026-06-07,60761351,1947,0,10.3857258585,14.5400162016,14.5400162016,0.5000000,5,2,0.07202113750000000,0.072021137500,2.3411987728391543,2.3411987728391543,2.3411987728391543,0E-17,ELIGIBLE,R03b_20260811_FULL_v1,L1_ELIGIBILITY,v2026-08-11,2026-03-21..2026-08-06,baccarat_bet02_101_all_pairs_incl_sentinel,round_win = game_pnl > 0 (decisive only),COMPATIBILITY_ONLY_NOT_PRODUCTION,28691.8873,26816.8210,481.3764,6407,1568,-0.01677744,-0.06906760,-0.00121728,-0.01677744,-481.3764,28691.8873,OK,0.0000,19.2551,4.0000,96.0000,AG03-UNRESOLVED,ALL5_LEVELS_bet23_to_bet27,19.2551,19.2551,19.2551,28.8826,28.8826,4.000000,4.000000,4.000000,6.000000,6.000000,96.000000,96.000000,96.000000,94.000000,94.000000,5.0,115.5303,105.0591,365.8461,376.3173,PENDING_AG03,FALSE,NOT_FOR_ENFORCEMENT,462.1214,25744.1481,481.3764,462.1214,19.2551,0.01677744,0.01610634,19.2551,462.1214,0.01610634,19.2551,19.2551,19.2551,28.8826,28.8826,462.1214,0.01610634,115.5303,105.0591,365.8461,376.3173,0.01275085,0.01311581,0.00067110,4.4782,17.1026,0.3070,14.1581,2.0749,843.8790,46.1176,3.8592,4.7027,2.0771,2.1006,2.2009,10.5412,18.9056,30.5448,2.1006,-2.0771,8.999999,14.540867,2.131851,21,92,33,14,0.22933070,0.01677744,0.06906760,0E-8,0.000000,0.934648,0.477291,-0.06785032,2026-03-31,2026-08-03,34,232,155,126,0.269841,0.820639,0.861772,0.764436,,,,,,,,GLOBAL_BASELINE_NO_ENTITY_RANKING,,,NOT_APPLICABLE_GLOBAL_BASELINE,HF9g-P5,,,,X 全窗基线 · 不参与实体赏罚,8390987,840,A168_HF9F_20260827_0900,2026-08-27 09:00:00
2026-06-09,60761351,-1,1,6.2314355151,-2.0771451717,-2.0771451717,0E-7,3,1,0.19788930000000000,0.197889300000,-0.4966998184331015,-0.4966998184331015,-0.4966998184331015,0E-17,SENTINEL_DEALER,R03b_20260811_FULL_v1,L1_ELIGIBILITY,v2026-08-11,2026-03-21..2026-08-06,baccarat_bet02_101_all_pairs_incl_sentinel,round_win = game_pnl > 0 (decisive only),COMPATIBILITY_ONLY_NOT_PRODUCTION,28691.8873,26816.8210,481.3764,6407,1568,-0.01677744,-0.06906760,-0.00121728,-0.01677744,-481.3764,28691.8873,OK,0.0000,19.2551,4.0000,96.0000,AG03-UNRESOLVED,ALL5_LEVELS_bet23_to_bet27,19.2551,19.2551,19.2551,28.8826,28.8826,4.000000,4.000000,4.000000,6.000000,6.000000,96.000000,96.000000,96.000000,94.000000,94.000000,5.0,115.5303,105.0591,365.8461,376.3173,PENDING_AG03,FALSE,NOT_FOR_ENFORCEMENT,462.1214,25744.1481,481.3764,462.1214,19.2551,0.01677744,0.01610634,19.2551,462.1214,0.01610634,19.2551,19.2551,19.2551,28.8826,28.8826,462.1214,0.01610634,115.5303,105.0591,365.8461,376.3173,0.01275085,0.01311581,0.00067110,4.4782,17.1026,0.3070,14.1581,2.0749,843.8790,46.1176,3.8592,4.7027,2.0771,2.1006,2.2009,10.5412,18.9056,30.5448,2.1006,-2.0771,8.999999,14.540867,2.131851,21,92,33,14,0.22933070,0.01677744,0.06906760,0E-8,0.000000,0.934648,0.477291,-0.06785032,2026-03-31,2026-08-03,34,232,155,126,0.269841,0.820639,0.861772,0.764436,,,,,,,,GLOBAL_BASELINE_NO_ENTITY_RANKING,,,NOT_APPLICABLE_GLOBAL_BASELINE,HF9g-P5,,,,X 全窗基线 · 不参与实体赏罚,8390988,840,A168_HF9F_20260827_0900,2026-08-27 09:00:00
2026-06-09,60761351,1157,0,39.4657582622,-19.1097355796,-19.1097355796,0.4000000,13,5,0.33698787999974121,0.294368168333,0.2980857527769734,0.5182571566218701,0.2980857527769734,0.04261971166674121,ELIGIBLE,R03b_20260811_FULL_v1,L1_ELIGIBILITY,v2026-08-11,2026-03-21..2026-08-06,baccarat_bet02_101_all_pairs_incl_sentinel,round_win = game_pnl > 0 (decisive only),COMPATIBILITY_ONLY_NOT_PRODUCTION,28691.8873,26816.8210,481.3764,6407,1568,-0.01677744,-0.06906760,-0.00121728,-0.01677744,-481.3764,28691.8873,OK,0.0000,19.2551,4.0000,96.0000,AG03-UNRESOLVED,ALL5_LEVELS_bet23_to_bet27,19.2551,19.2551,19.2551,28.8826,28.8826,4.000000,4.000000,4.000000,6.000000,6.000000,96.000000,96.000000,96.000000,94.000000,94.000000,5.0,115.5303,105.0591,365.8461,376.3173,PENDING_AG03,FALSE,NOT_FOR_ENFORCEMENT,462.1214,25744.1481,481.3764,462.1214,19.2551,0.01677744,0.01610634,19.2551,462.1214,0.01610634,19.2551,19.2551,19.2551,28.8826,28.8826,462.1214,0.01610634,115.5303,105.0591,365.8461,376.3173,0.01275085,0.01311581,0.00067110,4.4782,17.1026,0.3070,14.1581,2.0749,843.8790,46.1176,3.8592,4.7027,2.0771,2.1006,2.2009,10.5412,18.9056,30.5448,2.1006,-2.0771,8.999999,14.540867,2.131851,21,92,33,14,0.22933070,0.01677744,0.06906760,0E-8,0.000000,0.934648,0.477291,-0.06785032,2026-03-31,2026-08-03,34,232,155,126,0.269841,0.820639,0.861772,0.764436,,,,,,,,GLOBAL_BASELINE_NO_ENTITY_RANKING,,,NOT_APPLICABLE_GLOBAL_BASELINE,HF9g-P5,,,,X 全窗基线 · 不参与实体赏罚,8390989,840,A168_HF9F_20260827_0900,2026-08-27 09:00:00
2026-06-09,60761351,1210,0,6.2314355151,-6.2314355151,-6.2314355151,0E-7,3,1,0.07699473333333333,0.076994733333,-0.2888207690269935,-0.28882076902631615,-0.2888207690269935,3.3333E-13,ELIGIBLE,R03b_20260811_FULL_v1,L1_ELIGIBILITY,v2026-08-11,2026-03-21..2026-08-06,baccarat_bet02_101_all_pairs_incl_sentinel,round_win = game_pnl > 0 (decisive only),COMPATIBILITY_ONLY_NOT_PRODUCTION,28691.8873,26816.8210,481.3764,6407,1568,-0.01677744,-0.06906760,-0.00121728,-0.01677744,-481.3764,28691.8873,OK,0.0000,19.2551,4.0000,96.0000,AG03-UNRESOLVED,ALL5_LEVELS_bet23_to_bet27,19.2551,19.2551,19.2551,28.8826,28.8826,4.000000,4.000000,4.000000,6.000000,6.000000,96.000000,96.000000,96.000000,94.000000,94.000000,5.0,115.5303,105.0591,365.8461,376.3173,PENDING_AG03,FALSE,NOT_FOR_ENFORCEMENT,462.1214,25744.1481,481.3764,462.1214,19.2551,0.01677744,0.01610634,19.2551,462.1214,0.01610634,19.2551,19.2551,19.2551,28.8826,28.8826,462.1214,0.01610634,115.5303,105.0591,365.8461,376.3173,0.01275085,0.01311581,0.00067110,4.4782,17.1026,0.3070,14.1581,2.0749,843.8790,46.1176,3.8592,4.7027,2.0771,2.1006,2.2009,10.5412,18.9056,30.5448,2.1006,-2.0771,8.999999,14.540867,2.131851,21,92,33,14,0.22933070,0.01677744,0.06906760,0E-8,0.000000,0.934648,0.477291,-0.06785032,2026-03-31,2026-08-03,34,232,155,126,0.269841,0.820639,0.861772,0.764436,,,,,,,,GLOBAL_BASELINE_NO_ENTITY_RANKING,,,NOT_APPLICABLE_GLOBAL_BASELINE,HF9g-P5,,,,X 全窗基线 · 不参与实体赏罚,8390990,840,A168_HF9F_20260827_0900,2026-08-27 09:00:00
2026-06-09,60761351,1490,0,89.7326714170,-66.4686454942,-66.4686454942,0E-7,25,5,0.28618438943378726,0.148612920000,-1.4158425232114549,-0.9342212856680354,-1.4158425232114549,0.13757146943378726,ELIGIBLE,R03b_20260811_FULL_v1,L1_ELIGIBILITY,v2026-08-11,2026-03-21..2026-08-06,baccarat_bet02_101_all_pairs_incl_sentinel,round_win = game_pnl > 0 (decisive only),COMPATIBILITY_ONLY_NOT_PRODUCTION,28691.8873,26816.8210,481.3764,6407,1568,-0.01677744,-0.06906760,-0.00121728,-0.01677744,-481.3764,28691.8873,OK,0.0000,19.2551,4.0000,96.0000,AG03-UNRESOLVED,ALL5_LEVELS_bet23_to_bet27,19.2551,19.2551,19.2551,28.8826,28.8826,4.000000,4.000000,4.000000,6.000000,6.000000,96.000000,96.000000,96.000000,94.000000,94.000000,5.0,115.5303,105.0591,365.8461,376.3173,PENDING_AG03,FALSE,NOT_FOR_ENFORCEMENT,462.1214,25744.1481,481.3764,462.1214,19.2551,0.01677744,0.01610634,19.2551,462.1214,0.01610634,19.2551,19.2551,19.2551,28.8826,28.8826,462.1214,0.01610634,115.5303,105.0591,365.8461,376.3173,0.01275085,0.01311581,0.00067110,4.4782,17.1026,0.3070,14.1581,2.0749,843.8790,46.1176,3.8592,4.7027,2.0771,2.1006,2.2009,10.5412,18.9056,30.5448,2.1006,-2.0771,8.999999,14.540867,2.131851,21,92,33,14,0.22933070,0.01677744,0.06906760,0E-8,0.000000,0.934648,0.477291,-0.06785032,2026-03-31,2026-08-03,34,232,155,126,0.269841,0.820639,0.861772,0.764436,,,,,,,,GLOBAL_BASELINE_NO_ENTITY_RANKING,,,NOT_APPLICABLE_GLOBAL_BASELINE,HF9g-P5,,,,X 全窗基线 · 不参与实体赏罚,8390991,840,A168_HF9F_20260827_0900,2026-08-27 09:00:00
2026-06-09,60761351,1704,0,155.5781733596,-22.0177388208,-22.0177388208,0.3333333,52,12,0.21767208258229582,0.149730020000,0.9709183900049283,1.7825358498870463,0.9709183900049283,0.06794206258229582,ELIGIBLE,R03b_20260811_FULL_v1,L1_ELIGIBILITY,v2026-08-11,2026-03-21..2026-08-06,baccarat_bet02_101_all_pairs_incl_sentinel,round_win = game_pnl > 0 (decisive only),COMPATIBILITY_ONLY_NOT_PRODUCTION,28691.8873,26816.8210,481.3764,6407,1568,-0.01677744,-0.06906760,-0.00121728,-0.01677744,-481.3764,28691.8873,OK,0.0000,19.2551,4.0000,96.0000,AG03-UNRESOLVED,ALL5_LEVELS_bet23_to_bet27,19.2551,19.2551,19.2551,28.8826,28.8826,4.000000,4.000000,4.000000,6.000000,6.000000,96.000000,96.000000,96.000000,94.000000,94.000000,5.0,115.5303,105.0591,365.8461,376.3173,PENDING_AG03,FALSE,NOT_FOR_ENFORCEMENT,462.1214,25744.1481,481.3764,462.1214,19.2551,0.01677744,0.01610634,19.2551,462.1214,0.01610634,19.2551,19.2551,19.2551,28.8826,28.8826,462.1214,0.01610634,115.5303,105.0591,365.8461,376.3173,0.01275085,0.01311581,0.00067110,4.4782,17.1026,0.3070,14.1581,2.0749,843.8790,46.1176,3.8592,4.7027,2.0771,2.1006,2.2009,10.5412,18.9056,30.5448,2.1006,-2.0771,8.999999,14.540867,2.131851,21,92,33,14,0.22933070,0.01677744,0.06906760,0E-8,0.000000,0.934648,0.477291,-0.06785032,2026-03-31,2026-08-03,34,232,155,126,0.269841,0.820639,0.861772,0.764436,,,,,,,,GLOBAL_BASELINE_NO_ENTITY_RANKING,,,NOT_APPLICABLE_GLOBAL_BASELINE,HF9g-P5,,,,X 全窗基线 · 不参与实体赏罚,8390992,840,A168_HF9F_20260827_0900,2026-08-27 09:00:00
2026-06-09,60761351,1941,0,116.1124150978,-27.0028872325,-27.0028872325,0.2500000,43,12,0.21595932743035425,0.163442045139,0.28657181601153175,0.8109007442892563,0.28657181601153175,0.05251728229135425,ELIGIBLE,R03b_20260811_FULL_v1,L1_ELIGIBILITY,v2026-08-11,2026-03-21..2026-08-06,baccarat_bet02_101_all_pairs_incl_sentinel,round_win = game_pnl > 0 (decisive only),COMPATIBILITY_ONLY_NOT_PRODUCTION,28691.8873,26816.8210,481.3764,6407,1568,-0.01677744,-0.06906760,-0.00121728,-0.01677744,-481.3764,28691.8873,OK,0.0000,19.2551,4.0000,96.0000,AG03-UNRESOLVED,ALL5_LEVELS_bet23_to_bet27,19.2551,19.2551,19.2551,28.8826,28.8826,4.000000,4.000000,4.000000,6.000000,6.000000,96.000000,96.000000,96.000000,94.000000,94.000000,5.0,115.5303,105.0591,365.8461,376.3173,PENDING_AG03,FALSE,NOT_FOR_ENFORCEMENT,462.1214,25744.1481,481.3764,462.1214,19.2551,0.01677744,0.01610634,19.2551,462.1214,0.01610634,19.2551,19.2551,19.2551,28.8826,28.8826,462.1214,0.01610634,115.5303,105.0591,365.8461,376.3173,0.01275085,0.01311581,0.00067110,4.4782,17.1026,0.3070,14.1581,2.0749,843.8790,46.1176,3.8592,4.7027,2.0771,2.1006,2.2009,10.5412,18.9056,30.5448,2.1006,-2.0771,8.999999,14.540867,2.131851,21,92,33,14,0.22933070,0.01677744,0.06906760,0E-8,0.000000,0.934648,0.477291,-0.06785032,2026-03-31,2026-08-03,34,232,155,126,0.269841,0.820639,0.861772,0.764436,,,,,,,,GLOBAL_BASELINE_NO_ENTITY_RANKING,,,NOT_APPLICABLE_GLOBAL_BASELINE,HF9g-P5,,,,X 全窗基线 · 不参与实体赏罚,8390993,840,A168_HF9F_20260827_0900,2026-08-27 09:00:00
2026-06-09,60761351,1942,0,12.4628710301,4.1542903433,4.1542903433,0.5000000,2,2,0.49324550000000000,0.493245500000,0.01910635448239258,0.01910635448239258,0.01910635448239258,0E-17,ELIGIBLE,R03b_20260811_FULL_v1,L1_ELIGIBILITY,v2026-08-11,2026-03-21..2026-08-06,baccarat_bet02_101_all_pairs_incl_sentinel,round_win = game_pnl > 0 (decisive only),COMPATIBILITY_ONLY_NOT_PRODUCTION,28691.8873,26816.8210,481.3764,6407,1568,-0.01677744,-0.06906760,-0.00121728,-0.01677744,-481.3764,28691.8873,OK,0.0000,19.2551,4.0000,96.0000,AG03-UNRESOLVED,ALL5_LEVELS_bet23_to_bet27,19.2551,19.2551,19.2551,28.8826,28.8826,4.000000,4.000000,4.000000,6.000000,6.000000,96.000000,96.000000,96.000000,94.000000,94.000000,5.0,115.5303,105.0591,365.8461,376.3173,PENDING_AG03,FALSE,NOT_FOR_ENFORCEMENT,462.1214,25744.1481,481.3764,462.1214,19.2551,0.01677744,0.01610634,19.2551,462.1214,0.01610634,19.2551,19.2551,19.2551,28.8826,28.8826,462.1214,0.01610634,115.5303,105.0591,365.8461,376.3173,0.01275085,0.01311581,0.00067110,4.4782,17.1026,0.3070,14.1581,2.0749,843.8790,46.1176,3.8592,4.7027,2.0771,2.1006,2.2009,10.5412,18.9056,30.5448,2.1006,-2.0771,8.999999,14.540867,2.131851,21,92,33,14,0.22933070,0.01677744,0.06906760,0E-8,0.000000,0.934648,0.477291,-0.06785032,2026-03-31,2026-08-03,34,232,155,126,0.269841,0.820639,0.861772,0.764436,,,,,,,,GLOBAL_BASELINE_NO_ENTITY_RANKING,,,NOT_APPLICABLE_GLOBAL_BASELINE,HF9g-P5,,,,X 全窗基线 · 不参与实体赏罚,8390994,840,A168_HF9F_20260827_0900,2026-08-27 09:00:00
2026-06-09,60761351,2153,0,10.3857258585,-10.3857258585,-10.3857258585,0E-7,5,1,0.14861292000000000,0.148612920000,-0.4177964601561955,-0.4177964601561955,-0.4177964601561955,0E-17,ELIGIBLE,R03b_20260811_FULL_v1,L1_ELIGIBILITY,v2026-08-11,2026-03-21..2026-08-06,baccarat_bet02_101_all_pairs_incl_sentinel,round_win = game_pnl > 0 (decisive only),COMPATIBILITY_ONLY_NOT_PRODUCTION,28691.8873,26816.8210,481.3764,6407,1568,-0.01677744,-0.06906760,-0.00121728,-0.01677744,-481.3764,28691.8873,OK,0.0000,19.2551,4.0000,96.0000,AG03-UNRESOLVED,ALL5_LEVELS_bet23_to_bet27,19.2551,19.2551,19.2551,28.8826,28.8826,4.000000,4.000000,4.000000,6.000000,6.000000,96.000000,96.000000,96.000000,94.000000,94.000000,5.0,115.5303,105.0591,365.8461,376.3173,PENDING_AG03,FALSE,NOT_FOR_ENFORCEMENT,462.1214,25744.1481,481.3764,462.1214,19.2551,0.01677744,0.01610634,19.2551,462.1214,0.01610634,19.2551,19.2551,19.2551,28.8826,28.8826,462.1214,0.01610634,115.5303,105.0591,365.8461,376.3173,0.01275085,0.01311581,0.00067110,4.4782,17.1026,0.3070,14.1581,2.0749,843.8790,46.1176,3.8592,4.7027,2.0771,2.1006,2.2009,10.5412,18.9056,30.5448,2.1006,-2.0771,8.999999,14.540867,2.131851,21,92,33,14,0.22933070,0.01677744,0.06906760,0E-8,0.000000,0.934648,0.477291,-0.06785032,2026-03-31,2026-08-03,34,232,155,126,0.269841,0.820639,0.861772,0.764436,,,,,,,,GLOBAL_BASELINE_NO_ENTITY_RANKING,,,NOT_APPLICABLE_GLOBAL_BASELINE,HF9g-P5,,,,X 全窗基线 · 不参与实体赏罚,8390995,840,A168_HF9F_20260827_0900,2026-08-27 09:00:00
2026-06-09,60761351,526,0,4.5697193777,-4.5697193777,-4.5697193777,0E-7,1,1,0.49324550000000000,0.493245500000,-0.9865810262130424,-0.9865810262130424,-0.9865810262130424,0E-17,ELIGIBLE,R03b_20260811_FULL_v1,L1_ELIGIBILITY,v2026-08-11,2026-03-21..2026-08-06,baccarat_bet02_101_all_pairs_incl_sentinel,round_win = game_pnl > 0 (decisive only),COMPATIBILITY_ONLY_NOT_PRODUCTION,28691.8873,26816.8210,481.3764,6407,1568,-0.01677744,-0.06906760,-0.00121728,-0.01677744,-481.3764,28691.8873,OK,0.0000,19.2551,4.0000,96.0000,AG03-UNRESOLVED,ALL5_LEVELS_bet23_to_bet27,19.2551,19.2551,19.2551,28.8826,28.8826,4.000000,4.000000,4.000000,6.000000,6.000000,96.000000,96.000000,96.000000,94.000000,94.000000,5.0,115.5303,105.0591,365.8461,376.3173,PENDING_AG03,FALSE,NOT_FOR_ENFORCEMENT,462.1214,25744.1481,481.3764,462.1214,19.2551,0.01677744,0.01610634,19.2551,462.1214,0.01610634,19.2551,19.2551,19.2551,28.8826,28.8826,462.1214,0.01610634,115.5303,105.0591,365.8461,376.3173,0.01275085,0.01311581,0.00067110,4.4782,17.1026,0.3070,14.1581,2.0749,843.8790,46.1176,3.8592,4.7027,2.0771,2.1006,2.2009,10.5412,18.9056,30.5448,2.1006,-2.0771,8.999999,14.540867,2.131851,21,92,33,14,0.22933070,0.01677744,0.06906760,0E-8,0.000000,0.934648,0.477291,-0.06785032,2026-03-31,2026-08-03,34,232,155,126,0.269841,0.820639,0.861772,0.764436,,,,,,,,GLOBAL_BASELINE_NO_ENTITY_RANKING,,,NOT_APPLICABLE_GLOBAL_BASELINE,HF9g-P5,,,,X 全窗基线 · 不参与实体赏罚,8390996,840,A168_HF9F_20260827_0900,2026-08-27 09:00:00
2026-06-09,60761351,595,0,49.6437696034,39.1541864857,39.1541864857,0.7500000,16,4,0.31710066458274275,0.238122365000,1.8605442077570211,2.403551567743634,1.8605442077570211,0.07897829958274275,ELIGIBLE,R03b_20260811_FULL_v1,L1_ELIGIBILITY,v2026-08-11,2026-03-21..2026-08-06,baccarat_bet02_101_all_pairs_incl_sentinel,round_win = game_pnl > 0 (decisive only),COMPATIBILITY_ONLY_NOT_PRODUCTION,28691.8873,26816.8210,481.3764,6407,1568,-0.01677744,-0.06906760,-0.00121728,-0.01677744,-481.3764,28691.8873,OK,0.0000,19.2551,4.0000,96.0000,AG03-UNRESOLVED,ALL5_LEVELS_bet23_to_bet27,19.2551,19.2551,19.2551,28.8826,28.8826,4.000000,4.000000,4.000000,6.000000,6.000000,96.000000,96.000000,96.000000,94.000000,94.000000,5.0,115.5303,105.0591,365.8461,376.3173,PENDING_AG03,FALSE,NOT_FOR_ENFORCEMENT,462.1214,25744.1481,481.3764,462.1214,19.2551,0.01677744,0.01610634,19.2551,462.1214,0.01610634,19.2551,19.2551,19.2551,28.8826,28.8826,462.1214,0.01610634,115.5303,105.0591,365.8461,376.3173,0.01275085,0.01311581,0.00067110,4.4782,17.1026,0.3070,14.1581,2.0749,843.8790,46.1176,3.8592,4.7027,2.0771,2.1006,2.2009,10.5412,18.9056,30.5448,2.1006,-2.0771,8.999999,14.540867,2.131851,21,92,33,14,0.22933070,0.01677744,0.06906760,0E-8,0.000000,0.934648,0.477291,-0.06785032,2026-03-31,2026-08-03,34,232,155,126,0.269841,0.820639,0.861772,0.764436,,,,,,,,GLOBAL_BASELINE_NO_ENTITY_RANKING,,,NOT_APPLICABLE_GLOBAL_BASELINE,HF9g-P5,,,,X 全窗基线 · 不参与实体赏罚,8390997,840,A168_HF9F_20260827_0900,2026-08-27 09:00:00
2026-06-13,60761351,1710,0,2.0771451717,-2.0771451717,-2.0771451717,0E-7,1,1,0.49324550000000000,0.493245500000,-0.9865810262130424,-0.9865810262130424,-0.9865810262130424,0E-17,ELIGIBLE,R03b_20260811_FULL_v1,L1_ELIGIBILITY,v2026-08-11,2026-03-21..2026-08-06,baccarat_bet02_101_all_pairs_incl_sentinel,round_win = game_pnl > 0 (decisive only),COMPATIBILITY_ONLY_NOT_PRODUCTION,28691.8873,26816.8210,481.3764,6407,1568,-0.01677744,-0.06906760,-0.00121728,-0.01677744,-481.3764,28691.8873,OK,0.0000,19.2551,4.0000,96.0000,AG03-UNRESOLVED,ALL5_LEVELS_bet23_to_bet27,19.2551,19.2551,19.2551,28.8826,28.8826,4.000000,4.000000,4.000000,6.000000,6.000000,96.000000,96.000000,96.000000,94.000000,94.000000,5.0,115.5303,105.0591,365.8461,376.3173,PENDING_AG03,FALSE,NOT_FOR_ENFORCEMENT,462.1214,25744.1481,481.3764,462.1214,19.2551,0.01677744,0.01610634,19.2551,462.1214,0.01610634,19.2551,19.2551,19.2551,28.8826,28.8826,462.1214,0.01610634,115.5303,105.0591,365.8461,376.3173,0.01275085,0.01311581,0.00067110,4.4782,17.1026,0.3070,14.1581,2.0749,843.8790,46.1176,3.8592,4.7027,2.0771,2.1006,2.2009,10.5412,18.9056,30.5448,2.1006,-2.0771,8.999999,14.540867,2.131851,21,92,33,14,0.22933070,0.01677744,0.06906760,0E-8,0.000000,0.934648,0.477291,-0.06785032,2026-03-31,2026-08-03,34,232,155,126,0.269841,0.820639,0.861772,0.764436,,,,,,,,GLOBAL_BASELINE_NO_ENTITY_RANKING,,,NOT_APPLICABLE_GLOBAL_BASELINE,HF9g-P5,,,,X 全窗基线 · 不参与实体赏罚,8390998,840,A168_HF9F_20260827_0900,2026-08-27 09:00:00
2026-06-13,60761351,2123,0,35.3114679188,-18.6943065452,-18.6943065452,0.3333333,11,3,0.33369337962928824,0.263490446667,-0.0013225378660110506,0.274606731569144,-0.0013225378660110506,0.07020293296228824,ELIGIBLE,R03b_20260811_FULL_v1,L1_ELIGIBILITY,v2026-08-11,2026-03-21..2026-08-06,baccarat_bet02_101_all_pairs_incl_sentinel,round_win = game_pnl > 0 (decisive only),COMPATIBILITY_ONLY_NOT_PRODUCTION,28691.8873,26816.8210,481.3764,6407,1568,-0.01677744,-0.06906760,-0.00121728,-0.01677744,-481.3764,28691.8873,OK,0.0000,19.2551,4.0000,96.0000,AG03-UNRESOLVED,ALL5_LEVELS_bet23_to_bet27,19.2551,19.2551,19.2551,28.8826,28.8826,4.000000,4.000000,4.000000,6.000000,6.000000,96.000000,96.000000,96.000000,94.000000,94.000000,5.0,115.5303,105.0591,365.8461,376.3173,PENDING_AG03,FALSE,NOT_FOR_ENFORCEMENT,462.1214,25744.1481,481.3764,462.1214,19.2551,0.01677744,0.01610634,19.2551,462.1214,0.01610634,19.2551,19.2551,19.2551,28.8826,28.8826,462.1214,0.01610634,115.5303,105.0591,365.8461,376.3173,0.01275085,0.01311581,0.00067110,4.4782,17.1026,0.3070,14.1581,2.0749,843.8790,46.1176,3.8592,4.7027,2.0771,2.1006,2.2009,10.5412,18.9056,30.5448,2.1006,-2.0771,8.999999,14.540867,2.131851,21,92,33,14,0.22933070,0.01677744,0.06906760,0E-8,0.000000,0.934648,0.477291,-0.06785032,2026-03-31,2026-08-03,34,232,155,126,0.269841,0.820639,0.861772,0.764436,,,,,,,,GLOBAL_BASELINE_NO_ENTITY_RANKING,,,NOT_APPLICABLE_GLOBAL_BASELINE,HF9g-P5,,,,X 全窗基线 · 不参与实体赏罚,8390999,840,A168_HF9F_20260827_0900,2026-08-27 09:00:00
2026-06-23,60761351,1654,0,6.2314355151,1.8694306545,1.8694306545,0.5000000,3,2,0.39866562500000000,0.398665625000,0.2926910081793089,0.2926910081793089,0.2926910081793089,0E-17,ELIGIBLE,R03b_20260811_FULL_v1,L1_ELIGIBILITY,v2026-08-11,2026-03-21..2026-08-06,baccarat_bet02_101_all_pairs_incl_sentinel,round_win = game_pnl > 0 (decisive only),COMPATIBILITY_ONLY_NOT_PRODUCTION,28691.8873,26816.8210,481.3764,6407,1568,-0.01677744,-0.06906760,-0.00121728,-0.01677744,-481.3764,28691.8873,OK,0.0000,19.2551,4.0000,96.0000,AG03-UNRESOLVED,ALL5_LEVELS_bet23_to_bet27,19.2551,19.2551,19.2551,28.8826,28.8826,4.000000,4.000000,4.000000,6.000000,6.000000,96.000000,96.000000,96.000000,94.000000,94.000000,5.0,115.5303,105.0591,365.8461,376.3173,PENDING_AG03,FALSE,NOT_FOR_ENFORCEMENT,462.1214,25744.1481,481.3764,462.1214,19.2551,0.01677744,0.01610634,19.2551,462.1214,0.01610634,19.2551,19.2551,19.2551,28.8826,28.8826,462.1214,0.01610634,115.5303,105.0591,365.8461,376.3173,0.01275085,0.01311581,0.00067110,4.4782,17.1026,0.3070,14.1581,2.0749,843.8790,46.1176,3.8592,4.7027,2.0771,2.1006,2.2009,10.5412,18.9056,30.5448,2.1006,-2.0771,8.999999,14.540867,2.131851,21,92,33,14,0.22933070,0.01677744,0.06906760,0E-8,0.000000,0.934648,0.477291,-0.06785032,2026-03-31,2026-08-03,34,232,155,126,0.269841,0.820639,0.861772,0.764436,,,,,,,,GLOBAL_BASELINE_NO_ENTITY_RANKING,,,NOT_APPLICABLE_GLOBAL_BASELINE,HF9g-P5,,,,X 全窗基线 · 不参与实体赏罚,8391000,840,A168_HF9F_20260827_0900,2026-08-27 09:00:00
2026-06-23,60761351,1947,0,75.6080842495,-58.9909228761,-58.9909228761,0E-7,24,6,0.30375425989491518,0.214264413333,-1.6179143922469859,-1.2791233786623164,-1.6179143922469859,0.08948984656191518,ELIGIBLE,R03b_20260811_FULL_v1,L1_ELIGIBILITY,v2026-08-11,2026-03-21..2026-08-06,baccarat_bet02_101_all_pairs_incl_sentinel,round_win = game_pnl > 0 (decisive only),COMPATIBILITY_ONLY_NOT_PRODUCTION,28691.8873,26816.8210,481.3764,6407,1568,-0.01677744,-0.06906760,-0.00121728,-0.01677744,-481.3764,28691.8873,OK,0.0000,19.2551,4.0000,96.0000,AG03-UNRESOLVED,ALL5_LEVELS_bet23_to_bet27,19.2551,19.2551,19.2551,28.8826,28.8826,4.000000,4.000000,4.000000,6.000000,6.000000,96.000000,96.000000,96.000000,94.000000,94.000000,5.0,115.5303,105.0591,365.8461,376.3173,PENDING_AG03,FALSE,NOT_FOR_ENFORCEMENT,462.1214,25744.1481,481.3764,462.1214,19.2551,0.01677744,0.01610634,19.2551,462.1214,0.01610634,19.2551,19.2551,19.2551,28.8826,28.8826,462.1214,0.01610634,115.5303,105.0591,365.8461,376.3173,0.01275085,0.01311581,0.00067110,4.4782,17.1026,0.3070,14.1581,2.0749,843.8790,46.1176,3.8592,4.7027,2.0771,2.1006,2.2009,10.5412,18.9056,30.5448,2.1006,-2.0771,8.999999,14.540867,2.131851,21,92,33,14,0.22933070,0.01677744,0.06906760,0E-8,0.000000,0.934648,0.477291,-0.06785032,2026-03-31,2026-08-03,34,232,155,126,0.269841,0.820639,0.861772,0.764436,,,,,,,,GLOBAL_BASELINE_NO_ENTITY_RANKING,,,NOT_APPLICABLE_GLOBAL_BASELINE,HF9g-P5,,,,X 全窗基线 · 不参与实体赏罚,8391001,840,A168_HF9F_20260827_0900,2026-08-27 09:00:00
2026-06-23,60761351,1985,0,160.9787508060,21.6023097845,21.6023097845,0.4666667,53,15,0.27796278372704653,0.228380442444,1.6313732937109109,2.1984343279841423,1.6313732937109109,0.04958234128304653,ELIGIBLE,R03b_20260811_FULL_v1,L1_ELIGIBILITY,v2026-08-11,2026-03-21..2026-08-06,baccarat_bet02_101_all_pairs_incl_sentinel,round_win = game_pnl > 0 (decisive only),COMPATIBILITY_ONLY_NOT_PRODUCTION,28691.8873,26816.8210,481.3764,6407,1568,-0.01677744,-0.06906760,-0.00121728,-0.01677744,-481.3764,28691.8873,OK,0.0000,19.2551,4.0000,96.0000,AG03-UNRESOLVED,ALL5_LEVELS_bet23_to_bet27,19.2551,19.2551,19.2551,28.8826,28.8826,4.000000,4.000000,4.000000,6.000000,6.000000,96.000000,96.000000,96.000000,94.000000,94.000000,5.0,115.5303,105.0591,365.8461,376.3173,PENDING_AG03,FALSE,NOT_FOR_ENFORCEMENT,462.1214,25744.1481,481.3764,462.1214,19.2551,0.01677744,0.01610634,19.2551,462.1214,0.01610634,19.2551,19.2551,19.2551,28.8826,28.8826,462.1214,0.01610634,115.5303,105.0591,365.8461,376.3173,0.01275085,0.01311581,0.00067110,4.4782,17.1026,0.3070,14.1581,2.0749,843.8790,46.1176,3.8592,4.7027,2.0771,2.1006,2.2009,10.5412,18.9056,30.5448,2.1006,-2.0771,8.999999,14.540867,2.131851,21,92,33,14,0.22933070,0.01677744,0.06906760,0E-8,0.000000,0.934648,0.477291,-0.06785032,2026-03-31,2026-08-03,34,232,155,126,0.269841,0.820639,0.861772,0.764436,,,,,,,,GLOBAL_BASELINE_NO_ENTITY_RANKING,,,NOT_APPLICABLE_GLOBAL_BASELINE,HF9g-P5,,,,X 全窗基线 · 不参与实体赏罚,8391002,840,A168_HF9F_20260827_0900,2026-08-27 09:00:00
2026-06-23,60761351,529,0,4.1542903434,-4.1542903434,-4.1542903434,0E-7,2,1,0.07469835000000000,0.074698350000,-0.2841278703448948,-0.28412787034489473,-0.2841278703448948,0E-17,ELIGIBLE,R03b_20260811_FULL_v1,L1_ELIGIBILITY,v2026-08-11,2026-03-21..2026-08-06,baccarat_bet02_101_all_pairs_incl_sentinel,round_win = game_pnl > 0 (decisive only),COMPATIBILITY_ONLY_NOT_PRODUCTION,28691.8873,26816.8210,481.3764,6407,1568,-0.01677744,-0.06906760,-0.00121728,-0.01677744,-481.3764,28691.8873,OK,0.0000,19.2551,4.0000,96.0000,AG03-UNRESOLVED,ALL5_LEVELS_bet23_to_bet27,19.2551,19.2551,19.2551,28.8826,28.8826,4.000000,4.000000,4.000000,6.000000,6.000000,96.000000,96.000000,96.000000,94.000000,94.000000,5.0,115.5303,105.0591,365.8461,376.3173,PENDING_AG03,FALSE,NOT_FOR_ENFORCEMENT,462.1214,25744.1481,481.3764,462.1214,19.2551,0.01677744,0.01610634,19.2551,462.1214,0.01610634,19.2551,19.2551,19.2551,28.8826,28.8826,462.1214,0.01610634,115.5303,105.0591,365.8461,376.3173,0.01275085,0.01311581,0.00067110,4.4782,17.1026,0.3070,14.1581,2.0749,843.8790,46.1176,3.8592,4.7027,2.0771,2.1006,2.2009,10.5412,18.9056,30.5448,2.1006,-2.0771,8.999999,14.540867,2.131851,21,92,33,14,0.22933070,0.01677744,0.06906760,0E-8,0.000000,0.934648,0.477291,-0.06785032,2026-03-31,2026-08-03,34,232,155,126,0.269841,0.820639,0.861772,0.764436,,,,,,,,GLOBAL_BASELINE_NO_ENTITY_RANKING,,,NOT_APPLICABLE_GLOBAL_BASELINE,HF9g-P5,,,,X 全窗基线 · 不参与实体赏罚,8391003,840,A168_HF9F_20260827_0900,2026-08-27 09:00:00
2026-06-26,60761351,-1,1,2.0771451717,1.9732879131,1.9732879131,1.0000000,1,1,0.50665070000000000,0.506650700000,0.9867858985152569,0.9867858985152569,0.9867858985152569,0E-17,SENTINEL_DEALER,R03b_20260811_FULL_v1,L1_ELIGIBILITY,v2026-08-11,2026-03-21..2026-08-06,baccarat_bet02_101_all_pairs_incl_sentinel,round_win = game_pnl > 0 (decisive only),COMPATIBILITY_ONLY_NOT_PRODUCTION,28691.8873,26816.8210,481.3764,6407,1568,-0.01677744,-0.06906760,-0.00121728,-0.01677744,-481.3764,28691.8873,OK,0.0000,19.2551,4.0000,96.0000,AG03-UNRESOLVED,ALL5_LEVELS_bet23_to_bet27,19.2551,19.2551,19.2551,28.8826,28.8826,4.000000,4.000000,4.000000,6.000000,6.000000,96.000000,96.000000,96.000000,94.000000,94.000000,5.0,115.5303,105.0591,365.8461,376.3173,PENDING_AG03,FALSE,NOT_FOR_ENFORCEMENT,462.1214,25744.1481,481.3764,462.1214,19.2551,0.01677744,0.01610634,19.2551,462.1214,0.01610634,19.2551,19.2551,19.2551,28.8826,28.8826,462.1214,0.01610634,115.5303,105.0591,365.8461,376.3173,0.01275085,0.01311581,0.00067110,4.4782,17.1026,0.3070,14.1581,2.0749,843.8790,46.1176,3.8592,4.7027,2.0771,2.1006,2.2009,10.5412,18.9056,30.5448,2.1006,-2.0771,8.999999,14.540867,2.131851,21,92,33,14,0.22933070,0.01677744,0.06906760,0E-8,0.000000,0.934648,0.477291,-0.06785032,2026-03-31,2026-08-03,34,232,155,126,0.269841,0.820639,0.861772,0.764436,,,,,,,,GLOBAL_BASELINE_NO_ENTITY_RANKING,,,NOT_APPLICABLE_GLOBAL_BASELINE,HF9g-P5,,,,X 全窗基线 · 不参与实体赏罚,8391004,840,A168_HF9F_20260827_0900,2026-08-27 09:00:00
2026-06-26,60761351,1004,0,50.4746276721,-21.0934092187,-21.0934092187,0.3333333,18,6,0.30096943408510404,0.245088925556,0.17283320628931415,0.502519681489002,0.17283320628931415,0.05588050852910404,ELIGIBLE,R03b_20260811_FULL_v1,L1_ELIGIBILITY,v2026-08-11,2026-03-21..2026-08-06,baccarat_bet02_101_all_pairs_incl_sentinel,round_win = game_pnl > 0 (decisive only),COMPATIBILITY_ONLY_NOT_PRODUCTION,28691.8873,26816.8210,481.3764,6407,1568,-0.01677744,-0.06906760,-0.00121728,-0.01677744,-481.3764,28691.8873,OK,0.0000,19.2551,4.0000,96.0000,AG03-UNRESOLVED,ALL5_LEVELS_bet23_to_bet27,19.2551,19.2551,19.2551,28.8826,28.8826,4.000000,4.000000,4.000000,6.000000,6.000000,96.000000,96.000000,96.000000,94.000000,94.000000,5.0,115.5303,105.0591,365.8461,376.3173,PENDING_AG03,FALSE,NOT_FOR_ENFORCEMENT,462.1214,25744.1481,481.3764,462.1214,19.2551,0.01677744,0.01610634,19.2551,462.1214,0.01610634,19.2551,19.2551,19.2551,28.8826,28.8826,462.1214,0.01610634,115.5303,105.0591,365.8461,376.3173,0.01275085,0.01311581,0.00067110,4.4782,17.1026,0.3070,14.1581,2.0749,843.8790,46.1176,3.8592,4.7027,2.0771,2.1006,2.2009,10.5412,18.9056,30.5448,2.1006,-2.0771,8.999999,14.540867,2.131851,21,92,33,14,0.22933070,0.01677744,0.06906760,0E-8,0.000000,0.934648,0.477291,-0.06785032,2026-03-31,2026-08-03,34,232,155,126,0.269841,0.820639,0.861772,0.764436,,,,,,,,GLOBAL_BASELINE_NO_ENTITY_RANKING,,,NOT_APPLICABLE_GLOBAL_BASELINE,HF9g-P5,,,,X 全窗基线 · 不参与实体赏罚,8391005,840,A168_HF9F_20260827_0900,2026-08-27 09:00:00
2026-06-26,60761351,1109,0,8.3085806868,-8.3085806868,-8.3085806868,0E-7,4,1,0.06245477500000000,0.062454775000,-0.2580992312053338,-0.2580992312053338,-0.2580992312053338,0E-17,ELIGIBLE,R03b_20260811_FULL_v1,L1_ELIGIBILITY,v2026-08-11,2026-03-21..2026-08-06,baccarat_bet02_101_all_pairs_incl_sentinel,round_win = game_pnl > 0 (decisive only),COMPATIBILITY_ONLY_NOT_PRODUCTION,28691.8873,26816.8210,481.3764,6407,1568,-0.01677744,-0.06906760,-0.00121728,-0.01677744,-481.3764,28691.8873,OK,0.0000,19.2551,4.0000,96.0000,AG03-UNRESOLVED,ALL5_LEVELS_bet23_to_bet27,19.2551,19.2551,19.2551,28.8826,28.8826,4.000000,4.000000,4.000000,6.000000,6.000000,96.000000,96.000000,96.000000,94.000000,94.000000,5.0,115.5303,105.0591,365.8461,376.3173,PENDING_AG03,FALSE,NOT_FOR_ENFORCEMENT,462.1214,25744.1481,481.3764,462.1214,19.2551,0.01677744,0.01610634,19.2551,462.1214,0.01610634,19.2551,19.2551,19.2551,28.8826,28.8826,462.1214,0.01610634,115.5303,105.0591,365.8461,376.3173,0.01275085,0.01311581,0.00067110,4.4782,17.1026,0.3070,14.1581,2.0749,843.8790,46.1176,3.8592,4.7027,2.0771,2.1006,2.2009,10.5412,18.9056,30.5448,2.1006,-2.0771,8.999999,14.540867,2.131851,21,92,33,14,0.22933070,0.01677744,0.06906760,0E-8,0.000000,0.934648,0.477291,-0.06785032,2026-03-31,2026-08-03,34,232,155,126,0.269841,0.820639,0.861772,0.764436,,,,,,,,GLOBAL_BASELINE_NO_ENTITY_RANKING,,,NOT_APPLICABLE_GLOBAL_BASELINE,HF9g-P5,,,,X 全窗基线 · 不参与实体赏罚,8391006,840,A168_HF9F_20260827_0900,2026-08-27 09:00:00
2026-06-26,60761351,2106,0,2.2848596888,2.2848596888,2.2848596888,1.0000000,1,1,0.49324550000000000,0.493245500000,1.01360149184955,1.01360149184955,1.01360149184955,0E-17,ELIGIBLE,R03b_20260811_FULL_v1,L1_ELIGIBILITY,v2026-08-11,2026-03-21..2026-08-06,baccarat_bet02_101_all_pairs_incl_sentinel,round_win = game_pnl > 0 (decisive only),COMPATIBILITY_ONLY_NOT_PRODUCTION,28691.8873,26816.8210,481.3764,6407,1568,-0.01677744,-0.06906760,-0.00121728,-0.01677744,-481.3764,28691.8873,OK,0.0000,19.2551,4.0000,96.0000,AG03-UNRESOLVED,ALL5_LEVELS_bet23_to_bet27,19.2551,19.2551,19.2551,28.8826,28.8826,4.000000,4.000000,4.000000,6.000000,6.000000,96.000000,96.000000,96.000000,94.000000,94.000000,5.0,115.5303,105.0591,365.8461,376.3173,PENDING_AG03,FALSE,NOT_FOR_ENFORCEMENT,462.1214,25744.1481,481.3764,462.1214,19.2551,0.01677744,0.01610634,19.2551,462.1214,0.01610634,19.2551,19.2551,19.2551,28.8826,28.8826,462.1214,0.01610634,115.5303,105.0591,365.8461,376.3173,0.01275085,0.01311581,0.00067110,4.4782,17.1026,0.3070,14.1581,2.0749,843.8790,46.1176,3.8592,4.7027,2.0771,2.1006,2.2009,10.5412,18.9056,30.5448,2.1006,-2.0771,8.999999,14.540867,2.131851,21,92,33,14,0.22933070,0.01677744,0.06906760,0E-8,0.000000,0.934648,0.477291,-0.06785032,2026-03-31,2026-08-03,34,232,155,126,0.269841,0.820639,0.861772,0.764436,,,,,,,,GLOBAL_BASELINE_NO_ENTITY_RANKING,,,NOT_APPLICABLE_GLOBAL_BASELINE,HF9g-P5,,,,X 全窗基线 · 不参与实体赏罚,8391007,840,A168_HF9F_20260827_0900,2026-08-27 09:00:00
2026-06-26,60761351,2117,0,4.3620048605,0.0934715327,0.0934715327,0.5000000,2,2,0.49994810000000000,0.499948100000,0.00014679536856514622,0.00014679536856514622,0.00014679536856514622,0E-17,ELIGIBLE,R03b_20260811_FULL_v1,L1_ELIGIBILITY,v2026-08-11,2026-03-21..2026-08-06,baccarat_bet02_101_all_pairs_incl_sentinel,round_win = game_pnl > 0 (decisive only),COMPATIBILITY_ONLY_NOT_PRODUCTION,28691.8873,26816.8210,481.3764,6407,1568,-0.01677744,-0.06906760,-0.00121728,-0.01677744,-481.3764,28691.8873,OK,0.0000,19.2551,4.0000,96.0000,AG03-UNRESOLVED,ALL5_LEVELS_bet23_to_bet27,19.2551,19.2551,19.2551,28.8826,28.8826,4.000000,4.000000,4.000000,6.000000,6.000000,96.000000,96.000000,96.000000,94.000000,94.000000,5.0,115.5303,105.0591,365.8461,376.3173,PENDING_AG03,FALSE,NOT_FOR_ENFORCEMENT,462.1214,25744.1481,481.3764,462.1214,19.2551,0.01677744,0.01610634,19.2551,462.1214,0.01610634,19.2551,19.2551,19.2551,28.8826,28.8826,462.1214,0.01610634,115.5303,105.0591,365.8461,376.3173,0.01275085,0.01311581,0.00067110,4.4782,17.1026,0.3070,14.1581,2.0749,843.8790,46.1176,3.8592,4.7027,2.0771,2.1006,2.2009,10.5412,18.9056,30.5448,2.1006,-2.0771,8.999999,14.540867,2.131851,21,92,33,14,0.22933070,0.01677744,0.06906760,0E-8,0.000000,0.934648,0.477291,-0.06785032,2026-03-31,2026-08-03,34,232,155,126,0.269841,0.820639,0.861772,0.764436,,,,,,,,GLOBAL_BASELINE_NO_ENTITY_RANKING,,,NOT_APPLICABLE_GLOBAL_BASELINE,HF9g-P5,,,,X 全窗基线 · 不参与实体赏罚,8391008,840,A168_HF9F_20260827_0900,2026-08-27 09:00:00
2026-06-26,60761351,2216,0,2.0771451717,2.0771451717,2.0771451717,1.0000000,1,1,0.49324550000000000,0.493245500000,1.01360149184955,1.01360149184955,1.01360149184955,0E-17,ELIGIBLE,R03b_20260811_FULL_v1,L1_ELIGIBILITY,v2026-08-11,2026-03-21..2026-08-06,baccarat_bet02_101_all_pairs_incl_sentinel,round_win = game_pnl > 0 (decisive only),COMPATIBILITY_ONLY_NOT_PRODUCTION,28691.8873,26816.8210,481.3764,6407,1568,-0.01677744,-0.06906760,-0.00121728,-0.01677744,-481.3764,28691.8873,OK,0.0000,19.2551,4.0000,96.0000,AG03-UNRESOLVED,ALL5_LEVELS_bet23_to_bet27,19.2551,19.2551,19.2551,28.8826,28.8826,4.000000,4.000000,4.000000,6.000000,6.000000,96.000000,96.000000,96.000000,94.000000,94.000000,5.0,115.5303,105.0591,365.8461,376.3173,PENDING_AG03,FALSE,NOT_FOR_ENFORCEMENT,462.1214,25744.1481,481.3764,462.1214,19.2551,0.01677744,0.01610634,19.2551,462.1214,0.01610634,19.2551,19.2551,19.2551,28.8826,28.8826,462.1214,0.01610634,115.5303,105.0591,365.8461,376.3173,0.01275085,0.01311581,0.00067110,4.4782,17.1026,0.3070,14.1581,2.0749,843.8790,46.1176,3.8592,4.7027,2.0771,2.1006,2.2009,10.5412,18.9056,30.5448,2.1006,-2.0771,8.999999,14.540867,2.131851,21,92,33,14,0.22933070,0.01677744,0.06906760,0E-8,0.000000,0.934648,0.477291,-0.06785032,2026-03-31,2026-08-03,34,232,155,126,0.269841,0.820639,0.861772,0.764436,,,,,,,,GLOBAL_BASELINE_NO_ENTITY_RANKING,,,NOT_APPLICABLE_GLOBAL_BASELINE,HF9g-P5,,,,X 全窗基线 · 不参与实体赏罚,8391009,840,A168_HF9F_20260827_0900,2026-08-27 09:00:00
2026-06-26,60761351,2246,0,2.2848596888,2.2848596888,2.2848596888,1.0000000,1,1,0.49324550000000000,0.493245500000,1.01360149184955,1.01360149184955,1.01360149184955,0E-17,ELIGIBLE,R03b_20260811_FULL_v1,L1_ELIGIBILITY,v2026-08-11,2026-03-21..2026-08-06,baccarat_bet02_101_all_pairs_incl_sentinel,round_win = game_pnl > 0 (decisive only),COMPATIBILITY_ONLY_NOT_PRODUCTION,28691.8873,26816.8210,481.3764,6407,1568,-0.01677744,-0.06906760,-0.00121728,-0.01677744,-481.3764,28691.8873,OK,0.0000,19.2551,4.0000,96.0000,AG03-UNRESOLVED,ALL5_LEVELS_bet23_to_bet27,19.2551,19.2551,19.2551,28.8826,28.8826,4.000000,4.000000,4.000000,6.000000,6.000000,96.000000,96.000000,96.000000,94.000000,94.000000,5.0,115.5303,105.0591,365.8461,376.3173,PENDING_AG03,FALSE,NOT_FOR_ENFORCEMENT,462.1214,25744.1481,481.3764,462.1214,19.2551,0.01677744,0.01610634,19.2551,462.1214,0.01610634,19.2551,19.2551,19.2551,28.8826,28.8826,462.1214,0.01610634,115.5303,105.0591,365.8461,376.3173,0.01275085,0.01311581,0.00067110,4.4782,17.1026,0.3070,14.1581,2.0749,843.8790,46.1176,3.8592,4.7027,2.0771,2.1006,2.2009,10.5412,18.9056,30.5448,2.1006,-2.0771,8.999999,14.540867,2.131851,21,92,33,14,0.22933070,0.01677744,0.06906760,0E-8,0.000000,0.934648,0.477291,-0.06785032,2026-03-31,2026-08-03,34,232,155,126,0.269841,0.820639,0.861772,0.764436,,,,,,,,GLOBAL_BASELINE_NO_ENTITY_RANKING,,,NOT_APPLICABLE_GLOBAL_BASELINE,HF9g-P5,,,,X 全窗基线 · 不参与实体赏罚,8391010,840,A168_HF9F_20260827_0900,2026-08-27 09:00:00
2026-07-13,60761351,1205,0,16.3512242978,-16.3512242978,-16.3512242978,0E-7,5,1,0.27785013750263461,0.148612920000,-0.6202855178614798,-0.4177964601561955,-0.6202855178614798,0.12923721750263461,ELIGIBLE,R03b_20260811_FULL_v1,L1_ELIGIBILITY,v2026-08-11,2026-03-21..2026-08-06,baccarat_bet02_101_all_pairs_incl_sentinel,round_win = game_pnl > 0 (decisive only),COMPATIBILITY_ONLY_NOT_PRODUCTION,28691.8873,26816.8210,481.3764,6407,1568,-0.01677744,-0.06906760,-0.00121728,-0.01677744,-481.3764,28691.8873,OK,0.0000,19.2551,4.0000,96.0000,AG03-UNRESOLVED,ALL5_LEVELS_bet23_to_bet27,19.2551,19.2551,19.2551,28.8826,28.8826,4.000000,4.000000,4.000000,6.000000,6.000000,96.000000,96.000000,96.000000,94.000000,94.000000,5.0,115.5303,105.0591,365.8461,376.3173,PENDING_AG03,FALSE,NOT_FOR_ENFORCEMENT,462.1214,25744.1481,481.3764,462.1214,19.2551,0.01677744,0.01610634,19.2551,462.1214,0.01610634,19.2551,19.2551,19.2551,28.8826,28.8826,462.1214,0.01610634,115.5303,105.0591,365.8461,376.3173,0.01275085,0.01311581,0.00067110,4.4782,17.1026,0.3070,14.1581,2.0749,843.8790,46.1176,3.8592,4.7027,2.0771,2.1006,2.2009,10.5412,18.9056,30.5448,2.1006,-2.0771,8.999999,14.540867,2.131851,21,92,33,14,0.22933070,0.01677744,0.06906760,0E-8,0.000000,0.934648,0.477291,-0.06785032,2026-03-31,2026-08-03,34,232,155,126,0.269841,0.820639,0.861772,0.764436,,,,,,,,GLOBAL_BASELINE_NO_ENTITY_RANKING,,,NOT_APPLICABLE_GLOBAL_BASELINE,HF9g-P5,,,,X 全窗基线 · 不参与实体赏罚,8391011,840,A168_HF9F_20260827_0900,2026-08-27 09:00:00
2026-07-13,60761351,1331,0,57.2292850421,-20.4390303719,-20.4390303719,0.2500000,19,4,0.22229180987264096,0.127073383750,0.13328095240154433,0.7381757222651846,0.13328095240154433,0.09521842612264096,ELIGIBLE,R03b_20260811_FULL_v1,L1_ELIGIBILITY,v2026-08-11,2026-03-21..2026-08-06,baccarat_bet02_101_all_pairs_incl_sentinel,round_win = game_pnl > 0 (decisive only),COMPATIBILITY_ONLY_NOT_PRODUCTION,28691.8873,26816.8210,481.3764,6407,1568,-0.01677744,-0.06906760,-0.00121728,-0.01677744,-481.3764,28691.8873,OK,0.0000,19.2551,4.0000,96.0000,AG03-UNRESOLVED,ALL5_LEVELS_bet23_to_bet27,19.2551,19.2551,19.2551,28.8826,28.8826,4.000000,4.000000,4.000000,6.000000,6.000000,96.000000,96.000000,96.000000,94.000000,94.000000,5.0,115.5303,105.0591,365.8461,376.3173,PENDING_AG03,FALSE,NOT_FOR_ENFORCEMENT,462.1214,25744.1481,481.3764,462.1214,19.2551,0.01677744,0.01610634,19.2551,462.1214,0.01610634,19.2551,19.2551,19.2551,28.8826,28.8826,462.1214,0.01610634,115.5303,105.0591,365.8461,376.3173,0.01275085,0.01311581,0.00067110,4.4782,17.1026,0.3070,14.1581,2.0749,843.8790,46.1176,3.8592,4.7027,2.0771,2.1006,2.2009,10.5412,18.9056,30.5448,2.1006,-2.0771,8.999999,14.540867,2.131851,21,92,33,14,0.22933070,0.01677744,0.06906760,0E-8,0.000000,0.934648,0.477291,-0.06785032,2026-03-31,2026-08-03,34,232,155,126,0.269841,0.820639,0.861772,0.764436,,,,,,,,GLOBAL_BASELINE_NO_ENTITY_RANKING,,,NOT_APPLICABLE_GLOBAL_BASELINE,HF9g-P5,,,,X 全窗基线 · 不参与实体赏罚,8391012,840,A168_HF9F_20260827_0900,2026-08-27 09:00:00
2026-07-13,60761351,1490,0,20.4390303721,-20.4390303721,-20.4390303721,0E-7,9,2,0.20336677500135475,0.166447250000,-0.7145387582437545,-0.6319558895530119,-0.7145387582437545,0.03691952500135475,ELIGIBLE,R03b_20260811_FULL_v1,L1_ELIGIBILITY,v2026-08-11,2026-03-21..2026-08-06,baccarat_bet02_101_all_pairs_incl_sentinel,round_win = game_pnl > 0 (decisive only),COMPATIBILITY_ONLY_NOT_PRODUCTION,28691.8873,26816.8210,481.3764,6407,1568,-0.01677744,-0.06906760,-0.00121728,-0.01677744,-481.3764,28691.8873,OK,0.0000,19.2551,4.0000,96.0000,AG03-UNRESOLVED,ALL5_LEVELS_bet23_to_bet27,19.2551,19.2551,19.2551,28.8826,28.8826,4.000000,4.000000,4.000000,6.000000,6.000000,96.000000,96.000000,96.000000,94.000000,94.000000,5.0,115.5303,105.0591,365.8461,376.3173,PENDING_AG03,FALSE,NOT_FOR_ENFORCEMENT,462.1214,25744.1481,481.3764,462.1214,19.2551,0.01677744,0.01610634,19.2551,462.1214,0.01610634,19.2551,19.2551,19.2551,28.8826,28.8826,462.1214,0.01610634,115.5303,105.0591,365.8461,376.3173,0.01275085,0.01311581,0.00067110,4.4782,17.1026,0.3070,14.1581,2.0749,843.8790,46.1176,3.8592,4.7027,2.0771,2.1006,2.2009,10.5412,18.9056,30.5448,2.1006,-2.0771,8.999999,14.540867,2.131851,21,92,33,14,0.22933070,0.01677744,0.06906760,0E-8,0.000000,0.934648,0.477291,-0.06785032,2026-03-31,2026-08-03,34,232,155,126,0.269841,0.820639,0.861772,0.764436,,,,,,,,GLOBAL_BASELINE_NO_ENTITY_RANKING,,,NOT_APPLICABLE_GLOBAL_BASELINE,HF9g-P5,,,,X 全窗基线 · 不参与实体赏罚,8391013,840,A168_HF9F_20260827_0900,2026-08-27 09:00:00
2026-07-13,60761351,1985,0,49.2580631971,-41.0824510481,-41.0824510481,0E-7,17,5,0.34275650444579753,0.289146992000,-1.6147849992469352,-1.4261146417949868,-1.6147849992469352,0.05360951244579753,ELIGIBLE,R03b_20260811_FULL_v1,L1_ELIGIBILITY,v2026-08-11,2026-03-21..2026-08-06,baccarat_bet02_101_all_pairs_incl_sentinel,round_win = game_pnl > 0 (decisive only),COMPATIBILITY_ONLY_NOT_PRODUCTION,28691.8873,26816.8210,481.3764,6407,1568,-0.01677744,-0.06906760,-0.00121728,-0.01677744,-481.3764,28691.8873,OK,0.0000,19.2551,4.0000,96.0000,AG03-UNRESOLVED,ALL5_LEVELS_bet23_to_bet27,19.2551,19.2551,19.2551,28.8826,28.8826,4.000000,4.000000,4.000000,6.000000,6.000000,96.000000,96.000000,96.000000,94.000000,94.000000,5.0,115.5303,105.0591,365.8461,376.3173,PENDING_AG03,FALSE,NOT_FOR_ENFORCEMENT,462.1214,25744.1481,481.3764,462.1214,19.2551,0.01677744,0.01610634,19.2551,462.1214,0.01610634,19.2551,19.2551,19.2551,28.8826,28.8826,462.1214,0.01610634,115.5303,105.0591,365.8461,376.3173,0.01275085,0.01311581,0.00067110,4.4782,17.1026,0.3070,14.1581,2.0749,843.8790,46.1176,3.8592,4.7027,2.0771,2.1006,2.2009,10.5412,18.9056,30.5448,2.1006,-2.0771,8.999999,14.540867,2.131851,21,92,33,14,0.22933070,0.01677744,0.06906760,0E-8,0.000000,0.934648,0.477291,-0.06785032,2026-03-31,2026-08-03,34,232,155,126,0.269841,0.820639,0.861772,0.764436,,,,,,,,GLOBAL_BASELINE_NO_ENTITY_RANKING,,,NOT_APPLICABLE_GLOBAL_BASELINE,HF9g-P5,,,,X 全窗基线 · 不参与实体赏罚,8391014,840,A168_HF9F_20260827_0900,2026-08-27 09:00:00
2026-07-13,60761351,2235,0,7.9712218451,-3.9856109225,-3.9856109225,0.5000000,4,2,0.28585787931036106,0.281363950000,0.6702698568812999,0.6876192786942175,0.6702698568812999,0.00449392931036106,ELIGIBLE,R03b_20260811_FULL_v1,L1_ELIGIBILITY,v2026-08-11,2026-03-21..2026-08-06,baccarat_bet02_101_all_pairs_incl_sentinel,round_win = game_pnl > 0 (decisive only),COMPATIBILITY_ONLY_NOT_PRODUCTION,28691.8873,26816.8210,481.3764,6407,1568,-0.01677744,-0.06906760,-0.00121728,-0.01677744,-481.3764,28691.8873,OK,0.0000,19.2551,4.0000,96.0000,AG03-UNRESOLVED,ALL5_LEVELS_bet23_to_bet27,19.2551,19.2551,19.2551,28.8826,28.8826,4.000000,4.000000,4.000000,6.000000,6.000000,96.000000,96.000000,96.000000,94.000000,94.000000,5.0,115.5303,105.0591,365.8461,376.3173,PENDING_AG03,FALSE,NOT_FOR_ENFORCEMENT,462.1214,25744.1481,481.3764,462.1214,19.2551,0.01677744,0.01610634,19.2551,462.1214,0.01610634,19.2551,19.2551,19.2551,28.8826,28.8826,462.1214,0.01610634,115.5303,105.0591,365.8461,376.3173,0.01275085,0.01311581,0.00067110,4.4782,17.1026,0.3070,14.1581,2.0749,843.8790,46.1176,3.8592,4.7027,2.0771,2.1006,2.2009,10.5412,18.9056,30.5448,2.1006,-2.0771,8.999999,14.540867,2.131851,21,92,33,14,0.22933070,0.01677744,0.06906760,0E-8,0.000000,0.934648,0.477291,-0.06785032,2026-03-31,2026-08-03,34,232,155,126,0.269841,0.820639,0.861772,0.764436,,,,,,,,GLOBAL_BASELINE_NO_ENTITY_RANKING,,,NOT_APPLICABLE_GLOBAL_BASELINE,HF9g-P5,,,,X 全窗基线 · 不参与实体赏罚,8391015,840,A168_HF9F_20260827_0900,2026-08-27 09:00:00
2026-07-13,60761351,550,0,56.6161141309,-16.3512242973,-16.3512242973,0.4285714,23,7,0.24638625085306301,0.200680965714,1.1186118595419832,1.5054349760123933,1.1186118595419832,0.04570528513906301,ELIGIBLE,R03b_20260811_FULL_v1,L1_ELIGIBILITY,v2026-08-11,2026-03-21..2026-08-06,baccarat_bet02_101_all_pairs_incl_sentinel,round_win = game_pnl > 0 (decisive only),COMPATIBILITY_ONLY_NOT_PRODUCTION,28691.8873,26816.8210,481.3764,6407,1568,-0.01677744,-0.06906760,-0.00121728,-0.01677744,-481.3764,28691.8873,OK,0.0000,19.2551,4.0000,96.0000,AG03-UNRESOLVED,ALL5_LEVELS_bet23_to_bet27,19.2551,19.2551,19.2551,28.8826,28.8826,4.000000,4.000000,4.000000,6.000000,6.000000,96.000000,96.000000,96.000000,94.000000,94.000000,5.0,115.5303,105.0591,365.8461,376.3173,PENDING_AG03,FALSE,NOT_FOR_ENFORCEMENT,462.1214,25744.1481,481.3764,462.1214,19.2551,0.01677744,0.01610634,19.2551,462.1214,0.01610634,19.2551,19.2551,19.2551,28.8826,28.8826,462.1214,0.01610634,115.5303,105.0591,365.8461,376.3173,0.01275085,0.01311581,0.00067110,4.4782,17.1026,0.3070,14.1581,2.0749,843.8790,46.1176,3.8592,4.7027,2.0771,2.1006,2.2009,10.5412,18.9056,30.5448,2.1006,-2.0771,8.999999,14.540867,2.131851,21,92,33,14,0.22933070,0.01677744,0.06906760,0E-8,0.000000,0.934648,0.477291,-0.06785032,2026-03-31,2026-08-03,34,232,155,126,0.269841,0.820639,0.861772,0.764436,,,,,,,,GLOBAL_BASELINE_NO_ENTITY_RANKING,,,NOT_APPLICABLE_GLOBAL_BASELINE,HF9g-P5,,,,X 全窗基线 · 不参与实体赏罚,8391016,840,A168_HF9F_20260827_0900,2026-08-27 09:00:00
2026-07-13,60761351,595,0,103.8302742908,-20.3368352196,-20.3368352196,0.3750000,35,8,0.21797575504570353,0.131903522917,1.0757156899952705,2.0319427348248227,1.0757156899952705,0.08607223212870353,ELIGIBLE,R03b_20260811_FULL_v1,L1_ELIGIBILITY,v2026-08-11,2026-03-21..2026-08-06,baccarat_bet02_101_all_pairs_incl_sentinel,round_win = game_pnl > 0 (decisive only),COMPATIBILITY_ONLY_NOT_PRODUCTION,28691.8873,26816.8210,481.3764,6407,1568,-0.01677744,-0.06906760,-0.00121728,-0.01677744,-481.3764,28691.8873,OK,0.0000,19.2551,4.0000,96.0000,AG03-UNRESOLVED,ALL5_LEVELS_bet23_to_bet27,19.2551,19.2551,19.2551,28.8826,28.8826,4.000000,4.000000,4.000000,6.000000,6.000000,96.000000,96.000000,96.000000,94.000000,94.000000,5.0,115.5303,105.0591,365.8461,376.3173,PENDING_AG03,FALSE,NOT_FOR_ENFORCEMENT,462.1214,25744.1481,481.3764,462.1214,19.2551,0.01677744,0.01610634,19.2551,462.1214,0.01610634,19.2551,19.2551,19.2551,28.8826,28.8826,462.1214,0.01610634,115.5303,105.0591,365.8461,376.3173,0.01275085,0.01311581,0.00067110,4.4782,17.1026,0.3070,14.1581,2.0749,843.8790,46.1176,3.8592,4.7027,2.0771,2.1006,2.2009,10.5412,18.9056,30.5448,2.1006,-2.0771,8.999999,14.540867,2.131851,21,92,33,14,0.22933070,0.01677744,0.06906760,0E-8,0.000000,0.934648,0.477291,-0.06785032,2026-03-31,2026-08-03,34,232,155,126,0.269841,0.820639,0.861772,0.764436,,,,,,,,GLOBAL_BASELINE_NO_ENTITY_RANKING,,,NOT_APPLICABLE_GLOBAL_BASELINE,HF9g-P5,,,,X 全窗基线 · 不参与实体赏罚,8391017,840,A168_HF9F_20260827_0900,2026-08-27 09:00:00
2026-07-13,60761351,772,0,89.9317336377,-4.0878060738,-4.0878060738,0.5000000,29,7,0.29426626504688811,0.206802018571,1.105835323135231,1.7732436539015624,1.105835323135231,0.08746424647588811,ELIGIBLE,R03b_20260811_FULL_v1,L1_ELIGIBILITY,v2026-08-11,2026-03-21..2026-08-06,baccarat_bet02_101_all_pairs_incl_sentinel,round_win = game_pnl > 0 (decisive only),COMPATIBILITY_ONLY_NOT_PRODUCTION,28691.8873,26816.8210,481.3764,6407,1568,-0.01677744,-0.06906760,-0.00121728,-0.01677744,-481.3764,28691.8873,OK,0.0000,19.2551,4.0000,96.0000,AG03-UNRESOLVED,ALL5_LEVELS_bet23_to_bet27,19.2551,19.2551,19.2551,28.8826,28.8826,4.000000,4.000000,4.000000,6.000000,6.000000,96.000000,96.000000,96.000000,94.000000,94.000000,5.0,115.5303,105.0591,365.8461,376.3173,PENDING_AG03,FALSE,NOT_FOR_ENFORCEMENT,462.1214,25744.1481,481.3764,462.1214,19.2551,0.01677744,0.01610634,19.2551,462.1214,0.01610634,19.2551,19.2551,19.2551,28.8826,28.8826,462.1214,0.01610634,115.5303,105.0591,365.8461,376.3173,0.01275085,0.01311581,0.00067110,4.4782,17.1026,0.3070,14.1581,2.0749,843.8790,46.1176,3.8592,4.7027,2.0771,2.1006,2.2009,10.5412,18.9056,30.5448,2.1006,-2.0771,8.999999,14.540867,2.131851,21,92,33,14,0.22933070,0.01677744,0.06906760,0E-8,0.000000,0.934648,0.477291,-0.06785032,2026-03-31,2026-08-03,34,232,155,126,0.269841,0.820639,0.861772,0.764436,,,,,,,,GLOBAL_BASELINE_NO_ENTITY_RANKING,,,NOT_APPLICABLE_GLOBAL_BASELINE,HF9g-P5,,,,X 全窗基线 · 不参与实体赏罚,8391018,840,A168_HF9F_20260827_0900,2026-08-27 09:00:00
2026-07-16,60761351,-1,1,47.0097698561,-2.0439030369,-2.0439030369,0.4285714,18,7,0.28021616738207369,0.238257528571,0.8739857151148455,1.181931010704316,0.8739857151148455,0.04195863881107369,SENTINEL_DEALER,R03b_20260811_FULL_v1,L1_ELIGIBILITY,v2026-08-11,2026-03-21..2026-08-06,baccarat_bet02_101_all_pairs_incl_sentinel,round_win = game_pnl > 0 (decisive only),COMPATIBILITY_ONLY_NOT_PRODUCTION,28691.8873,26816.8210,481.3764,6407,1568,-0.01677744,-0.06906760,-0.00121728,-0.01677744,-481.3764,28691.8873,OK,0.0000,19.2551,4.0000,96.0000,AG03-UNRESOLVED,ALL5_LEVELS_bet23_to_bet27,19.2551,19.2551,19.2551,28.8826,28.8826,4.000000,4.000000,4.000000,6.000000,6.000000,96.000000,96.000000,96.000000,94.000000,94.000000,5.0,115.5303,105.0591,365.8461,376.3173,PENDING_AG03,FALSE,NOT_FOR_ENFORCEMENT,462.1214,25744.1481,481.3764,462.1214,19.2551,0.01677744,0.01610634,19.2551,462.1214,0.01610634,19.2551,19.2551,19.2551,28.8826,28.8826,462.1214,0.01610634,115.5303,105.0591,365.8461,376.3173,0.01275085,0.01311581,0.00067110,4.4782,17.1026,0.3070,14.1581,2.0749,843.8790,46.1176,3.8592,4.7027,2.0771,2.1006,2.2009,10.5412,18.9056,30.5448,2.1006,-2.0771,8.999999,14.540867,2.131851,21,92,33,14,0.22933070,0.01677744,0.06906760,0E-8,0.000000,0.934648,0.477291,-0.06785032,2026-03-31,2026-08-03,34,232,155,126,0.269841,0.820639,0.861772,0.764436,,,,,,,,GLOBAL_BASELINE_NO_ENTITY_RANKING,,,NOT_APPLICABLE_GLOBAL_BASELINE,HF9g-P5,,,,X 全窗基线 · 不参与实体赏罚,8391019,840,A168_HF9F_20260827_0900,2026-08-27 09:00:00
2026-07-16,60761351,1323,0,4.0878060745,3.8834157708,3.8834157708,1.0000000,1,1,0.50665070000000000,0.506650700000,0.9867858985152569,0.9867858985152569,0.9867858985152569,0E-17,ELIGIBLE,R03b_20260811_FULL_v1,L1_ELIGIBILITY,v2026-08-11,2026-03-21..2026-08-06,baccarat_bet02_101_all_pairs_incl_sentinel,round_win = game_pnl > 0 (decisive only),COMPATIBILITY_ONLY_NOT_PRODUCTION,28691.8873,26816.8210,481.3764,6407,1568,-0.01677744,-0.06906760,-0.00121728,-0.01677744,-481.3764,28691.8873,OK,0.0000,19.2551,4.0000,96.0000,AG03-UNRESOLVED,ALL5_LEVELS_bet23_to_bet27,19.2551,19.2551,19.2551,28.8826,28.8826,4.000000,4.000000,4.000000,6.000000,6.000000,96.000000,96.000000,96.000000,94.000000,94.000000,5.0,115.5303,105.0591,365.8461,376.3173,PENDING_AG03,FALSE,NOT_FOR_ENFORCEMENT,462.1214,25744.1481,481.3764,462.1214,19.2551,0.01677744,0.01610634,19.2551,462.1214,0.01610634,19.2551,19.2551,19.2551,28.8826,28.8826,462.1214,0.01610634,115.5303,105.0591,365.8461,376.3173,0.01275085,0.01311581,0.00067110,4.4782,17.1026,0.3070,14.1581,2.0749,843.8790,46.1176,3.8592,4.7027,2.0771,2.1006,2.2009,10.5412,18.9056,30.5448,2.1006,-2.0771,8.999999,14.540867,2.131851,21,92,33,14,0.22933070,0.01677744,0.06906760,0E-8,0.000000,0.934648,0.477291,-0.06785032,2026-03-31,2026-08-03,34,232,155,126,0.269841,0.820639,0.861772,0.764436,,,,,,,,GLOBAL_BASELINE_NO_ENTITY_RANKING,,,NOT_APPLICABLE_GLOBAL_BASELINE,HF9g-P5,,,,X 全窗基线 · 不参与实体赏罚,8391020,840,A168_HF9F_20260827_0900,2026-08-27 09:00:00
2026-07-16,60761351,1710,0,4.0878060745,3.8834157708,3.8834157708,1.0000000,1,1,0.50665070000000000,0.506650700000,0.9867858985152569,0.9867858985152569,0.9867858985152569,0E-17,ELIGIBLE,R03b_20260811_FULL_v1,L1_ELIGIBILITY,v2026-08-11,2026-03-21..2026-08-06,baccarat_bet02_101_all_pairs_incl_sentinel,round_win = game_pnl > 0 (decisive only),COMPATIBILITY_ONLY_NOT_PRODUCTION,28691.8873,26816.8210,481.3764,6407,1568,-0.01677744,-0.06906760,-0.00121728,-0.01677744,-481.3764,28691.8873,OK,0.0000,19.2551,4.0000,96.0000,AG03-UNRESOLVED,ALL5_LEVELS_bet23_to_bet27,19.2551,19.2551,19.2551,28.8826,28.8826,4.000000,4.000000,4.000000,6.000000,6.000000,96.000000,96.000000,96.000000,94.000000,94.000000,5.0,115.5303,105.0591,365.8461,376.3173,PENDING_AG03,FALSE,NOT_FOR_ENFORCEMENT,462.1214,25744.1481,481.3764,462.1214,19.2551,0.01677744,0.01610634,19.2551,462.1214,0.01610634,19.2551,19.2551,19.2551,28.8826,28.8826,462.1214,0.01610634,115.5303,105.0591,365.8461,376.3173,0.01275085,0.01311581,0.00067110,4.4782,17.1026,0.3070,14.1581,2.0749,843.8790,46.1176,3.8592,4.7027,2.0771,2.1006,2.2009,10.5412,18.9056,30.5448,2.1006,-2.0771,8.999999,14.540867,2.131851,21,92,33,14,0.22933070,0.01677744,0.06906760,0E-8,0.000000,0.934648,0.477291,-0.06785032,2026-03-31,2026-08-03,34,232,155,126,0.269841,0.820639,0.861772,0.764436,,,,,,,,GLOBAL_BASELINE_NO_ENTITY_RANKING,,,NOT_APPLICABLE_GLOBAL_BASELINE,HF9g-P5,,,,X 全窗基线 · 不参与实体赏罚,8391021,840,A168_HF9F_20260827_0900,2026-08-27 09:00:00
2026-07-16,60761351,1947,0,20.4390303725,-4.0878060745,-4.0878060745,0.3333333,3,3,0.49324550000000000,0.493245500000,-0.5540025479526107,-0.5540025479526106,-0.5540025479526107,0E-17,ELIGIBLE,R03b_20260811_FULL_v1,L1_ELIGIBILITY,v2026-08-11,2026-03-21..2026-08-06,baccarat_bet02_101_all_pairs_incl_sentinel,round_win = game_pnl > 0 (decisive only),COMPATIBILITY_ONLY_NOT_PRODUCTION,28691.8873,26816.8210,481.3764,6407,1568,-0.01677744,-0.06906760,-0.00121728,-0.01677744,-481.3764,28691.8873,OK,0.0000,19.2551,4.0000,96.0000,AG03-UNRESOLVED,ALL5_LEVELS_bet23_to_bet27,19.2551,19.2551,19.2551,28.8826,28.8826,4.000000,4.000000,4.000000,6.000000,6.000000,96.000000,96.000000,96.000000,94.000000,94.000000,5.0,115.5303,105.0591,365.8461,376.3173,PENDING_AG03,FALSE,NOT_FOR_ENFORCEMENT,462.1214,25744.1481,481.3764,462.1214,19.2551,0.01677744,0.01610634,19.2551,462.1214,0.01610634,19.2551,19.2551,19.2551,28.8826,28.8826,462.1214,0.01610634,115.5303,105.0591,365.8461,376.3173,0.01275085,0.01311581,0.00067110,4.4782,17.1026,0.3070,14.1581,2.0749,843.8790,46.1176,3.8592,4.7027,2.0771,2.1006,2.2009,10.5412,18.9056,30.5448,2.1006,-2.0771,8.999999,14.540867,2.131851,21,92,33,14,0.22933070,0.01677744,0.06906760,0E-8,0.000000,0.934648,0.477291,-0.06785032,2026-03-31,2026-08-03,34,232,155,126,0.269841,0.820639,0.861772,0.764436,,,,,,,,GLOBAL_BASELINE_NO_ENTITY_RANKING,,,NOT_APPLICABLE_GLOBAL_BASELINE,HF9g-P5,,,,X 全窗基线 · 不参与实体赏罚,8391022,840,A168_HF9F_20260827_0900,2026-08-27 09:00:00
2026-07-16,60761351,1985,0,11.0370764011,0.4087806075,0.4087806075,0.5000000,2,2,0.50665070000000000,0.506650700000,-0.018812684590367487,-0.018812684590367487,-0.018812684590367487,0E-17,ELIGIBLE,R03b_20260811_FULL_v1,L1_ELIGIBILITY,v2026-08-11,2026-03-21..2026-08-06,baccarat_bet02_101_all_pairs_incl_sentinel,round_win = game_pnl > 0 (decisive only),COMPATIBILITY_ONLY_NOT_PRODUCTION,28691.8873,26816.8210,481.3764,6407,1568,-0.01677744,-0.06906760,-0.00121728,-0.01677744,-481.3764,28691.8873,OK,0.0000,19.2551,4.0000,96.0000,AG03-UNRESOLVED,ALL5_LEVELS_bet23_to_bet27,19.2551,19.2551,19.2551,28.8826,28.8826,4.000000,4.000000,4.000000,6.000000,6.000000,96.000000,96.000000,96.000000,94.000000,94.000000,5.0,115.5303,105.0591,365.8461,376.3173,PENDING_AG03,FALSE,NOT_FOR_ENFORCEMENT,462.1214,25744.1481,481.3764,462.1214,19.2551,0.01677744,0.01610634,19.2551,462.1214,0.01610634,19.2551,19.2551,19.2551,28.8826,28.8826,462.1214,0.01610634,115.5303,105.0591,365.8461,376.3173,0.01275085,0.01311581,0.00067110,4.4782,17.1026,0.3070,14.1581,2.0749,843.8790,46.1176,3.8592,4.7027,2.0771,2.1006,2.2009,10.5412,18.9056,30.5448,2.1006,-2.0771,8.999999,14.540867,2.131851,21,92,33,14,0.22933070,0.01677744,0.06906760,0E-8,0.000000,0.934648,0.477291,-0.06785032,2026-03-31,2026-08-03,34,232,155,126,0.269841,0.820639,0.861772,0.764436,,,,,,,,GLOBAL_BASELINE_NO_ENTITY_RANKING,,,NOT_APPLICABLE_GLOBAL_BASELINE,HF9g-P5,,,,X 全窗基线 · 不参与实体赏罚,8391023,840,A168_HF9F_20260827_0900,2026-08-27 09:00:00
2026-07-16,60761351,2115,0,16.3512242978,-4.0878060743,-4.0878060743,0.5000000,6,2,0.27785013750263461,0.206051683334,0.7013617418488339,1.0277838183470596,0.7013617418488339,0.07179845416863461,ELIGIBLE,R03b_20260811_FULL_v1,L1_ELIGIBILITY,v2026-08-11,2026-03-21..2026-08-06,baccarat_bet02_101_all_pairs_incl_sentinel,round_win = game_pnl > 0 (decisive only),COMPATIBILITY_ONLY_NOT_PRODUCTION,28691.8873,26816.8210,481.3764,6407,1568,-0.01677744,-0.06906760,-0.00121728,-0.01677744,-481.3764,28691.8873,OK,0.0000,19.2551,4.0000,96.0000,AG03-UNRESOLVED,ALL5_LEVELS_bet23_to_bet27,19.2551,19.2551,19.2551,28.8826,28.8826,4.000000,4.000000,4.000000,6.000000,6.000000,96.000000,96.000000,96.000000,94.000000,94.000000,5.0,115.5303,105.0591,365.8461,376.3173,PENDING_AG03,FALSE,NOT_FOR_ENFORCEMENT,462.1214,25744.1481,481.3764,462.1214,19.2551,0.01677744,0.01610634,19.2551,462.1214,0.01610634,19.2551,19.2551,19.2551,28.8826,28.8826,462.1214,0.01610634,115.5303,105.0591,365.8461,376.3173,0.01275085,0.01311581,0.00067110,4.4782,17.1026,0.3070,14.1581,2.0749,843.8790,46.1176,3.8592,4.7027,2.0771,2.1006,2.2009,10.5412,18.9056,30.5448,2.1006,-2.0771,8.999999,14.540867,2.131851,21,92,33,14,0.22933070,0.01677744,0.06906760,0E-8,0.000000,0.934648,0.477291,-0.06785032,2026-03-31,2026-08-03,34,232,155,126,0.269841,0.820639,0.861772,0.764436,,,,,,,,GLOBAL_BASELINE_NO_ENTITY_RANKING,,,NOT_APPLICABLE_GLOBAL_BASELINE,HF9g-P5,,,,X 全窗基线 · 不参与实体赏罚,8391024,840,A168_HF9F_20260827_0900,2026-08-27 09:00:00
2026-07-16,60761351,2233,0,12.2634182233,-12.2634182233,-12.2634182233,0E-7,4,1,0.28715170000178987,0.177402200000,-0.6346833958584174,-0.46439306844574846,-0.6346833958584174,0.10974950000178987,ELIGIBLE,R03b_20260811_FULL_v1,L1_ELIGIBILITY,v2026-08-11,2026-03-21..2026-08-06,baccarat_bet02_101_all_pairs_incl_sentinel,round_win = game_pnl > 0 (decisive only),COMPATIBILITY_ONLY_NOT_PRODUCTION,28691.8873,26816.8210,481.3764,6407,1568,-0.01677744,-0.06906760,-0.00121728,-0.01677744,-481.3764,28691.8873,OK,0.0000,19.2551,4.0000,96.0000,AG03-UNRESOLVED,ALL5_LEVELS_bet23_to_bet27,19.2551,19.2551,19.2551,28.8826,28.8826,4.000000,4.000000,4.000000,6.000000,6.000000,96.000000,96.000000,96.000000,94.000000,94.000000,5.0,115.5303,105.0591,365.8461,376.3173,PENDING_AG03,FALSE,NOT_FOR_ENFORCEMENT,462.1214,25744.1481,481.3764,462.1214,19.2551,0.01677744,0.01610634,19.2551,462.1214,0.01610634,19.2551,19.2551,19.2551,28.8826,28.8826,462.1214,0.01610634,115.5303,105.0591,365.8461,376.3173,0.01275085,0.01311581,0.00067110,4.4782,17.1026,0.3070,14.1581,2.0749,843.8790,46.1176,3.8592,4.7027,2.0771,2.1006,2.2009,10.5412,18.9056,30.5448,2.1006,-2.0771,8.999999,14.540867,2.131851,21,92,33,14,0.22933070,0.01677744,0.06906760,0E-8,0.000000,0.934648,0.477291,-0.06785032,2026-03-31,2026-08-03,34,232,155,126,0.269841,0.820639,0.861772,0.764436,,,,,,,,GLOBAL_BASELINE_NO_ENTITY_RANKING,,,NOT_APPLICABLE_GLOBAL_BASELINE,HF9g-P5,,,,X 全窗基线 · 不参与实体赏罚,8391025,840,A168_HF9F_20260827_0900,2026-08-27 09:00:00
2026-07-16,60761351,772,0,173.7317581634,-26.5707394822,-26.5707394822,0.2307692,62,13,0.23335253557877789,0.145775861154,-0.02202131324945129,0.8684163589570603,-0.02202131324945129,0.08757667442477789,ELIGIBLE,R03b_20260811_FULL_v1,L1_ELIGIBILITY,v2026-08-11,2026-03-21..2026-08-06,baccarat_bet02_101_all_pairs_incl_sentinel,round_win = game_pnl > 0 (decisive only),COMPATIBILITY_ONLY_NOT_PRODUCTION,28691.8873,26816.8210,481.3764,6407,1568,-0.01677744,-0.06906760,-0.00121728,-0.01677744,-481.3764,28691.8873,OK,0.0000,19.2551,4.0000,96.0000,AG03-UNRESOLVED,ALL5_LEVELS_bet23_to_bet27,19.2551,19.2551,19.2551,28.8826,28.8826,4.000000,4.000000,4.000000,6.000000,6.000000,96.000000,96.000000,96.000000,94.000000,94.000000,5.0,115.5303,105.0591,365.8461,376.3173,PENDING_AG03,FALSE,NOT_FOR_ENFORCEMENT,462.1214,25744.1481,481.3764,462.1214,19.2551,0.01677744,0.01610634,19.2551,462.1214,0.01610634,19.2551,19.2551,19.2551,28.8826,28.8826,462.1214,0.01610634,115.5303,105.0591,365.8461,376.3173,0.01275085,0.01311581,0.00067110,4.4782,17.1026,0.3070,14.1581,2.0749,843.8790,46.1176,3.8592,4.7027,2.0771,2.1006,2.2009,10.5412,18.9056,30.5448,2.1006,-2.0771,8.999999,14.540867,2.131851,21,92,33,14,0.22933070,0.01677744,0.06906760,0E-8,0.000000,0.934648,0.477291,-0.06785032,2026-03-31,2026-08-03,34,232,155,126,0.269841,0.820639,0.861772,0.764436,,,,,,,,GLOBAL_BASELINE_NO_ENTITY_RANKING,,,NOT_APPLICABLE_GLOBAL_BASELINE,HF9g-P5,,,,X 全窗基线 · 不参与实体赏罚,8391026,840,A168_HF9F_20260827_0900,2026-08-27 09:00:00
2026-07-16,60761351,919,0,8.1756121488,-8.1756121488,-8.1756121488,0E-7,4,1,0.17246085000000000,0.172460850000,-0.4565107266834285,-0.4565107266834285,-0.4565107266834285,0E-17,ELIGIBLE,R03b_20260811_FULL_v1,L1_ELIGIBILITY,v2026-08-11,2026-03-21..2026-08-06,baccarat_bet02_101_all_pairs_incl_sentinel,round_win = game_pnl > 0 (decisive only),COMPATIBILITY_ONLY_NOT_PRODUCTION,28691.8873,26816.8210,481.3764,6407,1568,-0.01677744,-0.06906760,-0.00121728,-0.01677744,-481.3764,28691.8873,OK,0.0000,19.2551,4.0000,96.0000,AG03-UNRESOLVED,ALL5_LEVELS_bet23_to_bet27,19.2551,19.2551,19.2551,28.8826,28.8826,4.000000,4.000000,4.000000,6.000000,6.000000,96.000000,96.000000,96.000000,94.000000,94.000000,5.0,115.5303,105.0591,365.8461,376.3173,PENDING_AG03,FALSE,NOT_FOR_ENFORCEMENT,462.1214,25744.1481,481.3764,462.1214,19.2551,0.01677744,0.01610634,19.2551,462.1214,0.01610634,19.2551,19.2551,19.2551,28.8826,28.8826,462.1214,0.01610634,115.5303,105.0591,365.8461,376.3173,0.01275085,0.01311581,0.00067110,4.4782,17.1026,0.3070,14.1581,2.0749,843.8790,46.1176,3.8592,4.7027,2.0771,2.1006,2.2009,10.5412,18.9056,30.5448,2.1006,-2.0771,8.999999,14.540867,2.131851,21,92,33,14,0.22933070,0.01677744,0.06906760,0E-8,0.000000,0.934648,0.477291,-0.06785032,2026-03-31,2026-08-03,34,232,155,126,0.269841,0.820639,0.861772,0.764436,,,,,,,,GLOBAL_BASELINE_NO_ENTITY_RANKING,,,NOT_APPLICABLE_GLOBAL_BASELINE,HF9g-P5,,,,X 全窗基线 · 不参与实体赏罚,8391027,840,A168_HF9F_20260827_0900,2026-08-27 09:00:00
2026-07-16,60761351,925,0,16.3512242977,-14.3073212605,-14.3073212605,0E-7,6,2,0.32092921000000000,0.320929210000,-0.9722145053967101,-0.9722145053967102,-0.9722145053967101,0E-17,ELIGIBLE,R03b_20260811_FULL_v1,L1_ELIGIBILITY,v2026-08-11,2026-03-21..2026-08-06,baccarat_bet02_101_all_pairs_incl_sentinel,round_win = game_pnl > 0 (decisive only),COMPATIBILITY_ONLY_NOT_PRODUCTION,28691.8873,26816.8210,481.3764,6407,1568,-0.01677744,-0.06906760,-0.00121728,-0.01677744,-481.3764,28691.8873,OK,0.0000,19.2551,4.0000,96.0000,AG03-UNRESOLVED,ALL5_LEVELS_bet23_to_bet27,19.2551,19.2551,19.2551,28.8826,28.8826,4.000000,4.000000,4.000000,6.000000,6.000000,96.000000,96.000000,96.000000,94.000000,94.000000,5.0,115.5303,105.0591,365.8461,376.3173,PENDING_AG03,FALSE,NOT_FOR_ENFORCEMENT,462.1214,25744.1481,481.3764,462.1214,19.2551,0.01677744,0.01610634,19.2551,462.1214,0.01610634,19.2551,19.2551,19.2551,28.8826,28.8826,462.1214,0.01610634,115.5303,105.0591,365.8461,376.3173,0.01275085,0.01311581,0.00067110,4.4782,17.1026,0.3070,14.1581,2.0749,843.8790,46.1176,3.8592,4.7027,2.0771,2.1006,2.2009,10.5412,18.9056,30.5448,2.1006,-2.0771,8.999999,14.540867,2.131851,21,92,33,14,0.22933070,0.01677744,0.06906760,0E-8,0.000000,0.934648,0.477291,-0.06785032,2026-03-31,2026-08-03,34,232,155,126,0.269841,0.820639,0.861772,0.764436,,,,,,,,GLOBAL_BASELINE_NO_ENTITY_RANKING,,,NOT_APPLICABLE_GLOBAL_BASELINE,HF9g-P5,,,,X 全窗基线 · 不参与实体赏罚,8391028,840,A168_HF9F_20260827_0900,2026-08-27 09:00:00
2026-07-17,60761351,1304,0,67.4488002283,-36.7902546698,-36.7902546698,0.2000000,22,6,0.26472351347338528,0.207038127500,-0.32803900712820017,-0.03884103675787582,-0.32803900712820017,0.05768538597338528,ELIGIBLE,R03b_20260811_FULL_v1,L1_ELIGIBILITY,v2026-08-11,2026-03-21..2026-08-06,baccarat_bet02_101_all_pairs_incl_sentinel,round_win = game_pnl > 0 (decisive only),COMPATIBILITY_ONLY_NOT_PRODUCTION,28691.8873,26816.8210,481.3764,6407,1568,-0.01677744,-0.06906760,-0.00121728,-0.01677744,-481.3764,28691.8873,OK,0.0000,19.2551,4.0000,96.0000,AG03-UNRESOLVED,ALL5_LEVELS_bet23_to_bet27,19.2551,19.2551,19.2551,28.8826,28.8826,4.000000,4.000000,4.000000,6.000000,6.000000,96.000000,96.000000,96.000000,94.000000,94.000000,5.0,115.5303,105.0591,365.8461,376.3173,PENDING_AG03,FALSE,NOT_FOR_ENFORCEMENT,462.1214,25744.1481,481.3764,462.1214,19.2551,0.01677744,0.01610634,19.2551,462.1214,0.01610634,19.2551,19.2551,19.2551,28.8826,28.8826,462.1214,0.01610634,115.5303,105.0591,365.8461,376.3173,0.01275085,0.01311581,0.00067110,4.4782,17.1026,0.3070,14.1581,2.0749,843.8790,46.1176,3.8592,4.7027,2.0771,2.1006,2.2009,10.5412,18.9056,30.5448,2.1006,-2.0771,8.999999,14.540867,2.131851,21,92,33,14,0.22933070,0.01677744,0.06906760,0E-8,0.000000,0.934648,0.477291,-0.06785032,2026-03-31,2026-08-03,34,232,155,126,0.269841,0.820639,0.861772,0.764436,,,,,,,,GLOBAL_BASELINE_NO_ENTITY_RANKING,,,NOT_APPLICABLE_GLOBAL_BASELINE,HF9g-P5,,,,X 全窗基线 · 不参与实体赏罚,8391029,840,A168_HF9F_20260827_0900,2026-08-27 09:00:00
2026-07-17,60761351,1485,0,4.0878060745,3.8834157708,3.8834157708,1.0000000,1,1,0.50665070000000000,0.506650700000,0.9867858985152569,0.9867858985152569,0.9867858985152569,0E-17,ELIGIBLE,R03b_20260811_FULL_v1,L1_ELIGIBILITY,v2026-08-11,2026-03-21..2026-08-06,baccarat_bet02_101_all_pairs_incl_sentinel,round_win = game_pnl > 0 (decisive only),COMPATIBILITY_ONLY_NOT_PRODUCTION,28691.8873,26816.8210,481.3764,6407,1568,-0.01677744,-0.06906760,-0.00121728,-0.01677744,-481.3764,28691.8873,OK,0.0000,19.2551,4.0000,96.0000,AG03-UNRESOLVED,ALL5_LEVELS_bet23_to_bet27,19.2551,19.2551,19.2551,28.8826,28.8826,4.000000,4.000000,4.000000,6.000000,6.000000,96.000000,96.000000,96.000000,94.000000,94.000000,5.0,115.5303,105.0591,365.8461,376.3173,PENDING_AG03,FALSE,NOT_FOR_ENFORCEMENT,462.1214,25744.1481,481.3764,462.1214,19.2551,0.01677744,0.01610634,19.2551,462.1214,0.01610634,19.2551,19.2551,19.2551,28.8826,28.8826,462.1214,0.01610634,115.5303,105.0591,365.8461,376.3173,0.01275085,0.01311581,0.00067110,4.4782,17.1026,0.3070,14.1581,2.0749,843.8790,46.1176,3.8592,4.7027,2.0771,2.1006,2.2009,10.5412,18.9056,30.5448,2.1006,-2.0771,8.999999,14.540867,2.131851,21,92,33,14,0.22933070,0.01677744,0.06906760,0E-8,0.000000,0.934648,0.477291,-0.06785032,2026-03-31,2026-08-03,34,232,155,126,0.269841,0.820639,0.861772,0.764436,,,,,,,,GLOBAL_BASELINE_NO_ENTITY_RANKING,,,NOT_APPLICABLE_GLOBAL_BASELINE,HF9g-P5,,,,X 全窗基线 · 不参与实体赏罚,8391030,840,A168_HF9F_20260827_0900,2026-08-27 09:00:00
2026-07-17,60761351,1714,0,4.0878060745,3.8834157708,3.8834157708,1.0000000,1,1,0.50665070000000000,0.506650700000,0.9867858985152569,0.9867858985152569,0.9867858985152569,0E-17,ELIGIBLE,R03b_20260811_FULL_v1,L1_ELIGIBILITY,v2026-08-11,2026-03-21..2026-08-06,baccarat_bet02_101_all_pairs_incl_sentinel,round_win = game_pnl > 0 (decisive only),COMPATIBILITY_ONLY_NOT_PRODUCTION,28691.8873,26816.8210,481.3764,6407,1568,-0.01677744,-0.06906760,-0.00121728,-0.01677744,-481.3764,28691.8873,OK,0.0000,19.2551,4.0000,96.0000,AG03-UNRESOLVED,ALL5_LEVELS_bet23_to_bet27,19.2551,19.2551,19.2551,28.8826,28.8826,4.000000,4.000000,4.000000,6.000000,6.000000,96.000000,96.000000,96.000000,94.000000,94.000000,5.0,115.5303,105.0591,365.8461,376.3173,PENDING_AG03,FALSE,NOT_FOR_ENFORCEMENT,462.1214,25744.1481,481.3764,462.1214,19.2551,0.01677744,0.01610634,19.2551,462.1214,0.01610634,19.2551,19.2551,19.2551,28.8826,28.8826,462.1214,0.01610634,115.5303,105.0591,365.8461,376.3173,0.01275085,0.01311581,0.00067110,4.4782,17.1026,0.3070,14.1581,2.0749,843.8790,46.1176,3.8592,4.7027,2.0771,2.1006,2.2009,10.5412,18.9056,30.5448,2.1006,-2.0771,8.999999,14.540867,2.131851,21,92,33,14,0.22933070,0.01677744,0.06906760,0E-8,0.000000,0.934648,0.477291,-0.06785032,2026-03-31,2026-08-03,34,232,155,126,0.269841,0.820639,0.861772,0.764436,,,,,,,,GLOBAL_BASELINE_NO_ENTITY_RANKING,,,NOT_APPLICABLE_GLOBAL_BASELINE,HF9g-P5,,,,X 全窗基线 · 不参与实体赏罚,8391031,840,A168_HF9F_20260827_0900,2026-08-27 09:00:00
2026-07-17,60761351,1942,0,32.2936679881,87.8878306016,87.8878306016,0.5000000,13,4,0.25240776875162644,0.196848716667,1.1399433267942707,1.5248405549239712,1.1399433267942707,0.05555905208462644,ELIGIBLE,R03b_20260811_FULL_v1,L1_ELIGIBILITY,v2026-08-11,2026-03-21..2026-08-06,baccarat_bet02_101_all_pairs_incl_sentinel,round_win = game_pnl > 0 (decisive only),COMPATIBILITY_ONLY_NOT_PRODUCTION,28691.8873,26816.8210,481.3764,6407,1568,-0.01677744,-0.06906760,-0.00121728,-0.01677744,-481.3764,28691.8873,OK,0.0000,19.2551,4.0000,96.0000,AG03-UNRESOLVED,ALL5_LEVELS_bet23_to_bet27,19.2551,19.2551,19.2551,28.8826,28.8826,4.000000,4.000000,4.000000,6.000000,6.000000,96.000000,96.000000,96.000000,94.000000,94.000000,5.0,115.5303,105.0591,365.8461,376.3173,PENDING_AG03,FALSE,NOT_FOR_ENFORCEMENT,462.1214,25744.1481,481.3764,462.1214,19.2551,0.01677744,0.01610634,19.2551,462.1214,0.01610634,19.2551,19.2551,19.2551,28.8826,28.8826,462.1214,0.01610634,115.5303,105.0591,365.8461,376.3173,0.01275085,0.01311581,0.00067110,4.4782,17.1026,0.3070,14.1581,2.0749,843.8790,46.1176,3.8592,4.7027,2.0771,2.1006,2.2009,10.5412,18.9056,30.5448,2.1006,-2.0771,8.999999,14.540867,2.131851,21,92,33,14,0.22933070,0.01677744,0.06906760,0E-8,0.000000,0.934648,0.477291,-0.06785032,2026-03-31,2026-08-03,34,232,155,126,0.269841,0.820639,0.861772,0.764436,,,,,,,,GLOBAL_BASELINE_NO_ENTITY_RANKING,,,NOT_APPLICABLE_GLOBAL_BASELINE,HF9g-P5,,,,X 全窗基线 · 不参与实体赏罚,8391032,840,A168_HF9F_20260827_0900,2026-08-27 09:00:00
2026-07-17,60761351,2103,0,11.8546376160,-6.1317091117,-6.1317091117,0E-7,3,2,0.43113581666789822,0.393378375000,-0.8705681140114535,-0.8052788575962098,-0.8705681140114535,0.03775744166789822,ELIGIBLE,R03b_20260811_FULL_v1,L1_ELIGIBILITY,v2026-08-11,2026-03-21..2026-08-06,baccarat_bet02_101_all_pairs_incl_sentinel,round_win = game_pnl > 0 (decisive only),COMPATIBILITY_ONLY_NOT_PRODUCTION,28691.8873,26816.8210,481.3764,6407,1568,-0.01677744,-0.06906760,-0.00121728,-0.01677744,-481.3764,28691.8873,OK,0.0000,19.2551,4.0000,96.0000,AG03-UNRESOLVED,ALL5_LEVELS_bet23_to_bet27,19.2551,19.2551,19.2551,28.8826,28.8826,4.000000,4.000000,4.000000,6.000000,6.000000,96.000000,96.000000,96.000000,94.000000,94.000000,5.0,115.5303,105.0591,365.8461,376.3173,PENDING_AG03,FALSE,NOT_FOR_ENFORCEMENT,462.1214,25744.1481,481.3764,462.1214,19.2551,0.01677744,0.01610634,19.2551,462.1214,0.01610634,19.2551,19.2551,19.2551,28.8826,28.8826,462.1214,0.01610634,115.5303,105.0591,365.8461,376.3173,0.01275085,0.01311581,0.00067110,4.4782,17.1026,0.3070,14.1581,2.0749,843.8790,46.1176,3.8592,4.7027,2.0771,2.1006,2.2009,10.5412,18.9056,30.5448,2.1006,-2.0771,8.999999,14.540867,2.131851,21,92,33,14,0.22933070,0.01677744,0.06906760,0E-8,0.000000,0.934648,0.477291,-0.06785032,2026-03-31,2026-08-03,34,232,155,126,0.269841,0.820639,0.861772,0.764436,,,,,,,,GLOBAL_BASELINE_NO_ENTITY_RANKING,,,NOT_APPLICABLE_GLOBAL_BASELINE,HF9g-P5,,,,X 全窗基线 · 不参与实体赏罚,8391033,840,A168_HF9F_20260827_0900,2026-08-27 09:00:00
2026-07-17,60761351,2130,0,531.2103993742,54.5722110977,54.5722110977,0.4137931,139,30,0.29103971076358418,0.157124295556,1.4552761873141793,3.7981197452082247,1.4552761873141793,0.13391541520758418,ELIGIBLE,R03b_20260811_FULL_v1,L1_ELIGIBILITY,v2026-08-11,2026-03-21..2026-08-06,baccarat_bet02_101_all_pairs_incl_sentinel,round_win = game_pnl > 0 (decisive only),COMPATIBILITY_ONLY_NOT_PRODUCTION,28691.8873,26816.8210,481.3764,6407,1568,-0.01677744,-0.06906760,-0.00121728,-0.01677744,-481.3764,28691.8873,OK,0.0000,19.2551,4.0000,96.0000,AG03-UNRESOLVED,ALL5_LEVELS_bet23_to_bet27,19.2551,19.2551,19.2551,28.8826,28.8826,4.000000,4.000000,4.000000,6.000000,6.000000,96.000000,96.000000,96.000000,94.000000,94.000000,5.0,115.5303,105.0591,365.8461,376.3173,PENDING_AG03,FALSE,NOT_FOR_ENFORCEMENT,462.1214,25744.1481,481.3764,462.1214,19.2551,0.01677744,0.01610634,19.2551,462.1214,0.01610634,19.2551,19.2551,19.2551,28.8826,28.8826,462.1214,0.01610634,115.5303,105.0591,365.8461,376.3173,0.01275085,0.01311581,0.00067110,4.4782,17.1026,0.3070,14.1581,2.0749,843.8790,46.1176,3.8592,4.7027,2.0771,2.1006,2.2009,10.5412,18.9056,30.5448,2.1006,-2.0771,8.999999,14.540867,2.131851,21,92,33,14,0.22933070,0.01677744,0.06906760,0E-8,0.000000,0.934648,0.477291,-0.06785032,2026-03-31,2026-08-03,34,232,155,126,0.269841,0.820639,0.861772,0.764436,,,,,,,,GLOBAL_BASELINE_NO_ENTITY_RANKING,,,NOT_APPLICABLE_GLOBAL_BASELINE,HF9g-P5,,,,X 全窗基线 · 不参与实体赏罚,8391034,840,A168_HF9F_20260827_0900,2026-08-27 09:00:00
2026-07-17,60761351,925,0,93.6107591049,-93.6107591049,-93.6107591049,0E-7,25,6,0.32279084893539288,0.210026338333,-1.6911215476213186,-1.263008285770937,-1.6911215476213186,0.11276451060239288,ELIGIBLE,R03b_20260811_FULL_v1,L1_ELIGIBILITY,v2026-08-11,2026-03-21..2026-08-06,baccarat_bet02_101_all_pairs_incl_sentinel,round_win = game_pnl > 0 (decisive only),COMPATIBILITY_ONLY_NOT_PRODUCTION,28691.8873,26816.8210,481.3764,6407,1568,-0.01677744,-0.06906760,-0.00121728,-0.01677744,-481.3764,28691.8873,OK,0.0000,19.2551,4.0000,96.0000,AG03-UNRESOLVED,ALL5_LEVELS_bet23_to_bet27,19.2551,19.2551,19.2551,28.8826,28.8826,4.000000,4.000000,4.000000,6.000000,6.000000,96.000000,96.000000,96.000000,94.000000,94.000000,5.0,115.5303,105.0591,365.8461,376.3173,PENDING_AG03,FALSE,NOT_FOR_ENFORCEMENT,462.1214,25744.1481,481.3764,462.1214,19.2551,0.01677744,0.01610634,19.2551,462.1214,0.01610634,19.2551,19.2551,19.2551,28.8826,28.8826,462.1214,0.01610634,115.5303,105.0591,365.8461,376.3173,0.01275085,0.01311581,0.00067110,4.4782,17.1026,0.3070,14.1581,2.0749,843.8790,46.1176,3.8592,4.7027,2.0771,2.1006,2.2009,10.5412,18.9056,30.5448,2.1006,-2.0771,8.999999,14.540867,2.131851,21,92,33,14,0.22933070,0.01677744,0.06906760,0E-8,0.000000,0.934648,0.477291,-0.06785032,2026-03-31,2026-08-03,34,232,155,126,0.269841,0.820639,0.861772,0.764436,,,,,,,,GLOBAL_BASELINE_NO_ENTITY_RANKING,,,NOT_APPLICABLE_GLOBAL_BASELINE,HF9g-P5,,,,X 全窗基线 · 不参与实体赏罚,8391035,840,A168_HF9F_20260827_0900,2026-08-27 09:00:00
2026-07-17,60761351,948,0,151.2488247546,-85.8439275630,-85.8439275630,0.3750000,33,8,0.33779566494214186,0.170455798750,0.22249256088302635,1.5385319144850607,0.22249256088302635,0.16733986619214186,ELIGIBLE,R03b_20260811_FULL_v1,L1_ELIGIBILITY,v2026-08-11,2026-03-21..2026-08-06,baccarat_bet02_101_all_pairs_incl_sentinel,round_win = game_pnl > 0 (decisive only),COMPATIBILITY_ONLY_NOT_PRODUCTION,28691.8873,26816.8210,481.3764,6407,1568,-0.01677744,-0.06906760,-0.00121728,-0.01677744,-481.3764,28691.8873,OK,0.0000,19.2551,4.0000,96.0000,AG03-UNRESOLVED,ALL5_LEVELS_bet23_to_bet27,19.2551,19.2551,19.2551,28.8826,28.8826,4.000000,4.000000,4.000000,6.000000,6.000000,96.000000,96.000000,96.000000,94.000000,94.000000,5.0,115.5303,105.0591,365.8461,376.3173,PENDING_AG03,FALSE,NOT_FOR_ENFORCEMENT,462.1214,25744.1481,481.3764,462.1214,19.2551,0.01677744,0.01610634,19.2551,462.1214,0.01610634,19.2551,19.2551,19.2551,28.8826,28.8826,462.1214,0.01610634,115.5303,105.0591,365.8461,376.3173,0.01275085,0.01311581,0.00067110,4.4782,17.1026,0.3070,14.1581,2.0749,843.8790,46.1176,3.8592,4.7027,2.0771,2.1006,2.2009,10.5412,18.9056,30.5448,2.1006,-2.0771,8.999999,14.540867,2.131851,21,92,33,14,0.22933070,0.01677744,0.06906760,0E-8,0.000000,0.934648,0.477291,-0.06785032,2026-03-31,2026-08-03,34,232,155,126,0.269841,0.820639,0.861772,0.764436,,,,,,,,GLOBAL_BASELINE_NO_ENTITY_RANKING,,,NOT_APPLICABLE_GLOBAL_BASELINE,HF9g-P5,,,,X 全窗基线 · 不参与实体赏罚,8391036,840,A168_HF9F_20260827_0900,2026-08-27 09:00:00
2026-07-18,60761351,1205,0,20.4390303721,-20.4390303721,-20.4390303721,0E-7,9,2,0.13425322916783761,0.105533847500,-0.5569060397404451,-0.48576802899360233,-0.5569060397404451,0.02871938166783761,ELIGIBLE,R03b_20260811_FULL_v1,L1_ELIGIBILITY,v2026-08-11,2026-03-21..2026-08-06,baccarat_bet02_101_all_pairs_incl_sentinel,round_win = game_pnl > 0 (decisive only),COMPATIBILITY_ONLY_NOT_PRODUCTION,28691.8873,26816.8210,481.3764,6407,1568,-0.01677744,-0.06906760,-0.00121728,-0.01677744,-481.3764,28691.8873,OK,0.0000,19.2551,4.0000,96.0000,AG03-UNRESOLVED,ALL5_LEVELS_bet23_to_bet27,19.2551,19.2551,19.2551,28.8826,28.8826,4.000000,4.000000,4.000000,6.000000,6.000000,96.000000,96.000000,96.000000,94.000000,94.000000,5.0,115.5303,105.0591,365.8461,376.3173,PENDING_AG03,FALSE,NOT_FOR_ENFORCEMENT,462.1214,25744.1481,481.3764,462.1214,19.2551,0.01677744,0.01610634,19.2551,462.1214,0.01610634,19.2551,19.2551,19.2551,28.8826,28.8826,462.1214,0.01610634,115.5303,105.0591,365.8461,376.3173,0.01275085,0.01311581,0.00067110,4.4782,17.1026,0.3070,14.1581,2.0749,843.8790,46.1176,3.8592,4.7027,2.0771,2.1006,2.2009,10.5412,18.9056,30.5448,2.1006,-2.0771,8.999999,14.540867,2.131851,21,92,33,14,0.22933070,0.01677744,0.06906760,0E-8,0.000000,0.934648,0.477291,-0.06785032,2026-03-31,2026-08-03,34,232,155,126,0.269841,0.820639,0.861772,0.764436,,,,,,,,GLOBAL_BASELINE_NO_ENTITY_RANKING,,,NOT_APPLICABLE_GLOBAL_BASELINE,HF9g-P5,,,,X 全窗基线 · 不参与实体赏罚,8391037,840,A168_HF9F_20260827_0900,2026-08-27 09:00:00
2026-07-18,60761351,2243,0,21.2565915872,-11.6911253729,-11.6911253729,0.3333333,6,3,0.41885110000085914,0.396901200000,-0.3002226386928228,-0.22504160988287264,-0.3002226386928228,0.02194990000085914,ELIGIBLE,R03b_20260811_FULL_v1,L1_ELIGIBILITY,v2026-08-11,2026-03-21..2026-08-06,baccarat_bet02_101_all_pairs_incl_sentinel,round_win = game_pnl > 0 (decisive only),COMPATIBILITY_ONLY_NOT_PRODUCTION,28691.8873,26816.8210,481.3764,6407,1568,-0.01677744,-0.06906760,-0.00121728,-0.01677744,-481.3764,28691.8873,OK,0.0000,19.2551,4.0000,96.0000,AG03-UNRESOLVED,ALL5_LEVELS_bet23_to_bet27,19.2551,19.2551,19.2551,28.8826,28.8826,4.000000,4.000000,4.000000,6.000000,6.000000,96.000000,96.000000,96.000000,94.000000,94.000000,5.0,115.5303,105.0591,365.8461,376.3173,PENDING_AG03,FALSE,NOT_FOR_ENFORCEMENT,462.1214,25744.1481,481.3764,462.1214,19.2551,0.01677744,0.01610634,19.2551,462.1214,0.01610634,19.2551,19.2551,19.2551,28.8826,28.8826,462.1214,0.01610634,115.5303,105.0591,365.8461,376.3173,0.01275085,0.01311581,0.00067110,4.4782,17.1026,0.3070,14.1581,2.0749,843.8790,46.1176,3.8592,4.7027,2.0771,2.1006,2.2009,10.5412,18.9056,30.5448,2.1006,-2.0771,8.999999,14.540867,2.131851,21,92,33,14,0.22933070,0.01677744,0.06906760,0E-8,0.000000,0.934648,0.477291,-0.06785032,2026-03-31,2026-08-03,34,232,155,126,0.269841,0.820639,0.861772,0.764436,,,,,,,,GLOBAL_BASELINE_NO_ENTITY_RANKING,,,NOT_APPLICABLE_GLOBAL_BASELINE,HF9g-P5,,,,X 全窗基线 · 不参与实体赏罚,8391038,840,A168_HF9F_20260827_0900,2026-08-27 09:00:00
2026-07-18,60761351,752,0,13.4897600456,-9.5041491230,-9.5041491230,0.5000000,5,2,0.38906195000082188,0.342026450000,0.32180112564119656,0.4709397093095672,0.32180112564119656,0.04703550000082188,ELIGIBLE,R03b_20260811_FULL_v1,L1_ELIGIBILITY,v2026-08-11,2026-03-21..2026-08-06,baccarat_bet02_101_all_pairs_incl_sentinel,round_win = game_pnl > 0 (decisive only),COMPATIBILITY_ONLY_NOT_PRODUCTION,28691.8873,26816.8210,481.3764,6407,1568,-0.01677744,-0.06906760,-0.00121728,-0.01677744,-481.3764,28691.8873,OK,0.0000,19.2551,4.0000,96.0000,AG03-UNRESOLVED,ALL5_LEVELS_bet23_to_bet27,19.2551,19.2551,19.2551,28.8826,28.8826,4.000000,4.000000,4.000000,6.000000,6.000000,96.000000,96.000000,96.000000,94.000000,94.000000,5.0,115.5303,105.0591,365.8461,376.3173,PENDING_AG03,FALSE,NOT_FOR_ENFORCEMENT,462.1214,25744.1481,481.3764,462.1214,19.2551,0.01677744,0.01610634,19.2551,462.1214,0.01610634,19.2551,19.2551,19.2551,28.8826,28.8826,462.1214,0.01610634,115.5303,105.0591,365.8461,376.3173,0.01275085,0.01311581,0.00067110,4.4782,17.1026,0.3070,14.1581,2.0749,843.8790,46.1176,3.8592,4.7027,2.0771,2.1006,2.2009,10.5412,18.9056,30.5448,2.1006,-2.0771,8.999999,14.540867,2.131851,21,92,33,14,0.22933070,0.01677744,0.06906760,0E-8,0.000000,0.934648,0.477291,-0.06785032,2026-03-31,2026-08-03,34,232,155,126,0.269841,0.820639,0.861772,0.764436,,,,,,,,GLOBAL_BASELINE_NO_ENTITY_RANKING,,,NOT_APPLICABLE_GLOBAL_BASELINE,HF9g-P5,,,,X 全窗基线 · 不参与实体赏罚,8391039,840,A168_HF9F_20260827_0900,2026-08-27 09:00:00
2026-07-19,60761351,1490,0,106.2829579355,-12.2634182227,-12.2634182227,0.5714286,29,7,0.26912278240427955,0.144406351429,1.8034248074425718,3.2141975848568176,1.8034248074425718,0.12471643097527955,ELIGIBLE,R03b_20260811_FULL_v1,L1_ELIGIBILITY,v2026-08-11,2026-03-21..2026-08-06,baccarat_bet02_101_all_pairs_incl_sentinel,round_win = game_pnl > 0 (decisive only),COMPATIBILITY_ONLY_NOT_PRODUCTION,28691.8873,26816.8210,481.3764,6407,1568,-0.01677744,-0.06906760,-0.00121728,-0.01677744,-481.3764,28691.8873,OK,0.0000,19.2551,4.0000,96.0000,AG03-UNRESOLVED,ALL5_LEVELS_bet23_to_bet27,19.2551,19.2551,19.2551,28.8826,28.8826,4.000000,4.000000,4.000000,6.000000,6.000000,96.000000,96.000000,96.000000,94.000000,94.000000,5.0,115.5303,105.0591,365.8461,376.3173,PENDING_AG03,FALSE,NOT_FOR_ENFORCEMENT,462.1214,25744.1481,481.3764,462.1214,19.2551,0.01677744,0.01610634,19.2551,462.1214,0.01610634,19.2551,19.2551,19.2551,28.8826,28.8826,462.1214,0.01610634,115.5303,105.0591,365.8461,376.3173,0.01275085,0.01311581,0.00067110,4.4782,17.1026,0.3070,14.1581,2.0749,843.8790,46.1176,3.8592,4.7027,2.0771,2.1006,2.2009,10.5412,18.9056,30.5448,2.1006,-2.0771,8.999999,14.540867,2.131851,21,92,33,14,0.22933070,0.01677744,0.06906760,0E-8,0.000000,0.934648,0.477291,-0.06785032,2026-03-31,2026-08-03,34,232,155,126,0.269841,0.820639,0.861772,0.764436,,,,,,,,GLOBAL_BASELINE_NO_ENTITY_RANKING,,,NOT_APPLICABLE_GLOBAL_BASELINE,HF9g-P5,,,,X 全窗基线 · 不参与实体赏罚,8391040,840,A168_HF9F_20260827_0900,2026-08-27 09:00:00
2026-07-19,60761351,1940,0,263.0503208906,-79.6100232986,-79.6100232986,0.3529412,74,17,0.26613969639326448,0.148141492157,0.8098229206016773,2.377013528940681,0.8098229206016773,0.11799820423626448,ELIGIBLE,R03b_20260811_FULL_v1,L1_ELIGIBILITY,v2026-08-11,2026-03-21..2026-08-06,baccarat_bet02_101_all_pairs_incl_sentinel,round_win = game_pnl > 0 (decisive only),COMPATIBILITY_ONLY_NOT_PRODUCTION,28691.8873,26816.8210,481.3764,6407,1568,-0.01677744,-0.06906760,-0.00121728,-0.01677744,-481.3764,28691.8873,OK,0.0000,19.2551,4.0000,96.0000,AG03-UNRESOLVED,ALL5_LEVELS_bet23_to_bet27,19.2551,19.2551,19.2551,28.8826,28.8826,4.000000,4.000000,4.000000,6.000000,6.000000,96.000000,96.000000,96.000000,94.000000,94.000000,5.0,115.5303,105.0591,365.8461,376.3173,PENDING_AG03,FALSE,NOT_FOR_ENFORCEMENT,462.1214,25744.1481,481.3764,462.1214,19.2551,0.01677744,0.01610634,19.2551,462.1214,0.01610634,19.2551,19.2551,19.2551,28.8826,28.8826,462.1214,0.01610634,115.5303,105.0591,365.8461,376.3173,0.01275085,0.01311581,0.00067110,4.4782,17.1026,0.3070,14.1581,2.0749,843.8790,46.1176,3.8592,4.7027,2.0771,2.1006,2.2009,10.5412,18.9056,30.5448,2.1006,-2.0771,8.999999,14.540867,2.131851,21,92,33,14,0.22933070,0.01677744,0.06906760,0E-8,0.000000,0.934648,0.477291,-0.06785032,2026-03-31,2026-08-03,34,232,155,126,0.269841,0.820639,0.861772,0.764436,,,,,,,,GLOBAL_BASELINE_NO_ENTITY_RANKING,,,NOT_APPLICABLE_GLOBAL_BASELINE,HF9g-P5,,,,X 全窗基线 · 不参与实体赏罚,8391041,840,A168_HF9F_20260827_0900,2026-08-27 09:00:00
2026-07-19,60761351,1941,0,102.1951518610,26.5707394850,26.5707394850,0.4285714,33,7,0.26573829973578178,0.155436334286,0.9753023578356511,1.9945000674174775,0.9753023578356511,0.11030196544978178,ELIGIBLE,R03b_20260811_FULL_v1,L1_ELIGIBILITY,v2026-08-11,2026-03-21..2026-08-06,baccarat_bet02_101_all_pairs_incl_sentinel,round_win = game_pnl > 0 (decisive only),COMPATIBILITY_ONLY_NOT_PRODUCTION,28691.8873,26816.8210,481.3764,6407,1568,-0.01677744,-0.06906760,-0.00121728,-0.01677744,-481.3764,28691.8873,OK,0.0000,19.2551,4.0000,96.0000,AG03-UNRESOLVED,ALL5_LEVELS_bet23_to_bet27,19.2551,19.2551,19.2551,28.8826,28.8826,4.000000,4.000000,4.000000,6.000000,6.000000,96.000000,96.000000,96.000000,94.000000,94.000000,5.0,115.5303,105.0591,365.8461,376.3173,PENDING_AG03,FALSE,NOT_FOR_ENFORCEMENT,462.1214,25744.1481,481.3764,462.1214,19.2551,0.01677744,0.01610634,19.2551,462.1214,0.01610634,19.2551,19.2551,19.2551,28.8826,28.8826,462.1214,0.01610634,115.5303,105.0591,365.8461,376.3173,0.01275085,0.01311581,0.00067110,4.4782,17.1026,0.3070,14.1581,2.0749,843.8790,46.1176,3.8592,4.7027,2.0771,2.1006,2.2009,10.5412,18.9056,30.5448,2.1006,-2.0771,8.999999,14.540867,2.131851,21,92,33,14,0.22933070,0.01677744,0.06906760,0E-8,0.000000,0.934648,0.477291,-0.06785032,2026-03-31,2026-08-03,34,232,155,126,0.269841,0.820639,0.861772,0.764436,,,,,,,,GLOBAL_BASELINE_NO_ENTITY_RANKING,,,NOT_APPLICABLE_GLOBAL_BASELINE,HF9g-P5,,,,X 全窗基线 · 不参与实体赏罚,8391042,840,A168_HF9F_20260827_0900,2026-08-27 09:00:00
2026-07-19,60761351,2115,0,69.4927032658,30.6585455592,30.6585455592,0.5000000,19,4,0.29731698660944977,0.154574902500,0.8868654974112781,1.9110710155183896,0.8868654974112781,0.14274208410944977,ELIGIBLE,R03b_20260811_FULL_v1,L1_ELIGIBILITY,v2026-08-11,2026-03-21..2026-08-06,baccarat_bet02_101_all_pairs_incl_sentinel,round_win = game_pnl > 0 (decisive only),COMPATIBILITY_ONLY_NOT_PRODUCTION,28691.8873,26816.8210,481.3764,6407,1568,-0.01677744,-0.06906760,-0.00121728,-0.01677744,-481.3764,28691.8873,OK,0.0000,19.2551,4.0000,96.0000,AG03-UNRESOLVED,ALL5_LEVELS_bet23_to_bet27,19.2551,19.2551,19.2551,28.8826,28.8826,4.000000,4.000000,4.000000,6.000000,6.000000,96.000000,96.000000,96.000000,94.000000,94.000000,5.0,115.5303,105.0591,365.8461,376.3173,PENDING_AG03,FALSE,NOT_FOR_ENFORCEMENT,462.1214,25744.1481,481.3764,462.1214,19.2551,0.01677744,0.01610634,19.2551,462.1214,0.01610634,19.2551,19.2551,19.2551,28.8826,28.8826,462.1214,0.01610634,115.5303,105.0591,365.8461,376.3173,0.01275085,0.01311581,0.00067110,4.4782,17.1026,0.3070,14.1581,2.0749,843.8790,46.1176,3.8592,4.7027,2.0771,2.1006,2.2009,10.5412,18.9056,30.5448,2.1006,-2.0771,8.999999,14.540867,2.131851,21,92,33,14,0.22933070,0.01677744,0.06906760,0E-8,0.000000,0.934648,0.477291,-0.06785032,2026-03-31,2026-08-03,34,232,155,126,0.269841,0.820639,0.861772,0.764436,,,,,,,,GLOBAL_BASELINE_NO_ENTITY_RANKING,,,NOT_APPLICABLE_GLOBAL_BASELINE,HF9g-P5,,,,X 全窗基线 · 不参与实体赏罚,8391043,840,A168_HF9F_20260827_0900,2026-08-27 09:00:00
2026-07-19,60761351,2147,0,38.8341577073,16.3512242981,16.3512242981,0.5000000,9,2,0.30204958785927183,0.158861235000,0.6097053423123882,1.319785277007893,0.6097053423123882,0.14318835285927183,ELIGIBLE,R03b_20260811_FULL_v1,L1_ELIGIBILITY,v2026-08-11,2026-03-21..2026-08-06,baccarat_bet02_101_all_pairs_incl_sentinel,round_win = game_pnl > 0 (decisive only),COMPATIBILITY_ONLY_NOT_PRODUCTION,28691.8873,26816.8210,481.3764,6407,1568,-0.01677744,-0.06906760,-0.00121728,-0.01677744,-481.3764,28691.8873,OK,0.0000,19.2551,4.0000,96.0000,AG03-UNRESOLVED,ALL5_LEVELS_bet23_to_bet27,19.2551,19.2551,19.2551,28.8826,28.8826,4.000000,4.000000,4.000000,6.000000,6.000000,96.000000,96.000000,96.000000,94.000000,94.000000,5.0,115.5303,105.0591,365.8461,376.3173,PENDING_AG03,FALSE,NOT_FOR_ENFORCEMENT,462.1214,25744.1481,481.3764,462.1214,19.2551,0.01677744,0.01610634,19.2551,462.1214,0.01610634,19.2551,19.2551,19.2551,28.8826,28.8826,462.1214,0.01610634,115.5303,105.0591,365.8461,376.3173,0.01275085,0.01311581,0.00067110,4.4782,17.1026,0.3070,14.1581,2.0749,843.8790,46.1176,3.8592,4.7027,2.0771,2.1006,2.2009,10.5412,18.9056,30.5448,2.1006,-2.0771,8.999999,14.540867,2.131851,21,92,33,14,0.22933070,0.01677744,0.06906760,0E-8,0.000000,0.934648,0.477291,-0.06785032,2026-03-31,2026-08-03,34,232,155,126,0.269841,0.820639,0.861772,0.764436,,,,,,,,GLOBAL_BASELINE_NO_ENTITY_RANKING,,,NOT_APPLICABLE_GLOBAL_BASELINE,HF9g-P5,,,,X 全窗基线 · 不参与实体赏罚,8391044,840,A168_HF9F_20260827_0900,2026-08-27 09:00:00
2026-07-31,60761351,1151,0,21.2138354614,8.3340067885,8.3340067885,1.0000000,5,2,0.43348436666787382,0.342026450000,1.6167178284399988,1.9615047732382036,1.6167178284399988,0.09145791666787382,ELIGIBLE,R03b_20260811_FULL_v1,L1_ELIGIBILITY,v2026-08-11,2026-03-21..2026-08-06,baccarat_bet02_101_all_pairs_incl_sentinel,round_win = game_pnl > 0 (decisive only),COMPATIBILITY_ONLY_NOT_PRODUCTION,28691.8873,26816.8210,481.3764,6407,1568,-0.01677744,-0.06906760,-0.00121728,-0.01677744,-481.3764,28691.8873,OK,0.0000,19.2551,4.0000,96.0000,AG03-UNRESOLVED,ALL5_LEVELS_bet23_to_bet27,19.2551,19.2551,19.2551,28.8826,28.8826,4.000000,4.000000,4.000000,6.000000,6.000000,96.000000,96.000000,96.000000,94.000000,94.000000,5.0,115.5303,105.0591,365.8461,376.3173,PENDING_AG03,FALSE,NOT_FOR_ENFORCEMENT,462.1214,25744.1481,481.3764,462.1214,19.2551,0.01677744,0.01610634,19.2551,462.1214,0.01610634,19.2551,19.2551,19.2551,28.8826,28.8826,462.1214,0.01610634,115.5303,105.0591,365.8461,376.3173,0.01275085,0.01311581,0.00067110,4.4782,17.1026,0.3070,14.1581,2.0749,843.8790,46.1176,3.8592,4.7027,2.0771,2.1006,2.2009,10.5412,18.9056,30.5448,2.1006,-2.0771,8.999999,14.540867,2.131851,21,92,33,14,0.22933070,0.01677744,0.06906760,0E-8,0.000000,0.934648,0.477291,-0.06785032,2026-03-31,2026-08-03,34,232,155,126,0.269841,0.820639,0.861772,0.764436,,,,,,,,GLOBAL_BASELINE_NO_ENTITY_RANKING,,,NOT_APPLICABLE_GLOBAL_BASELINE,HF9g-P5,,,,X 全窗基线 · 不参与实体赏罚,8391045,840,A168_HF9F_20260827_0900,2026-08-27 09:00:00
2026-07-31,60761351,2160,0,40.2052691124,-9.0815419426,-9.0815419426,0.5000000,8,2,0.37307179786135735,0.177402200000,0.3711658515964988,1.1942716600941896,0.3711658515964988,0.19566959786135735,ELIGIBLE,R03b_20260811_FULL_v1,L1_ELIGIBILITY,v2026-08-11,2026-03-21..2026-08-06,baccarat_bet02_101_all_pairs_incl_sentinel,round_win = game_pnl > 0 (decisive only),COMPATIBILITY_ONLY_NOT_PRODUCTION,28691.8873,26816.8210,481.3764,6407,1568,-0.01677744,-0.06906760,-0.00121728,-0.01677744,-481.3764,28691.8873,OK,0.0000,19.2551,4.0000,96.0000,AG03-UNRESOLVED,ALL5_LEVELS_bet23_to_bet27,19.2551,19.2551,19.2551,28.8826,28.8826,4.000000,4.000000,4.000000,6.000000,6.000000,96.000000,96.000000,96.000000,94.000000,94.000000,5.0,115.5303,105.0591,365.8461,376.3173,PENDING_AG03,FALSE,NOT_FOR_ENFORCEMENT,462.1214,25744.1481,481.3764,462.1214,19.2551,0.01677744,0.01610634,19.2551,462.1214,0.01610634,19.2551,19.2551,19.2551,28.8826,28.8826,462.1214,0.01610634,115.5303,105.0591,365.8461,376.3173,0.01275085,0.01311581,0.00067110,4.4782,17.1026,0.3070,14.1581,2.0749,843.8790,46.1176,3.8592,4.7027,2.0771,2.1006,2.2009,10.5412,18.9056,30.5448,2.1006,-2.0771,8.999999,14.540867,2.131851,21,92,33,14,0.22933070,0.01677744,0.06906760,0E-8,0.000000,0.934648,0.477291,-0.06785032,2026-03-31,2026-08-03,34,232,155,126,0.269841,0.820639,0.861772,0.764436,,,,,,,,GLOBAL_BASELINE_NO_ENTITY_RANKING,,,NOT_APPLICABLE_GLOBAL_BASELINE,HF9g-P5,,,,X 全窗基线 · 不参与实体赏罚,8391046,840,A168_HF9F_20260827_0900,2026-08-27 09:00:00
2026-07-31,60761351,789,0,61.0150315171,-31.2146436070,-31.2146436070,0.2500000,18,4,0.29330206656728569,0.163007560000,-0.19022349064999522,0.471028154728849,-0.19022349064999522,0.13029450656728569,ELIGIBLE,R03b_20260811_FULL_v1,L1_ELIGIBILITY,v2026-08-11,2026-03-21..2026-08-06,baccarat_bet02_101_all_pairs_incl_sentinel,round_win = game_pnl > 0 (decisive only),COMPATIBILITY_ONLY_NOT_PRODUCTION,28691.8873,26816.8210,481.3764,6407,1568,-0.01677744,-0.06906760,-0.00121728,-0.01677744,-481.3764,28691.8873,OK,0.0000,19.2551,4.0000,96.0000,AG03-UNRESOLVED,ALL5_LEVELS_bet23_to_bet27,19.2551,19.2551,19.2551,28.8826,28.8826,4.000000,4.000000,4.000000,6.000000,6.000000,96.000000,96.000000,96.000000,94.000000,94.000000,5.0,115.5303,105.0591,365.8461,376.3173,PENDING_AG03,FALSE,NOT_FOR_ENFORCEMENT,462.1214,25744.1481,481.3764,462.1214,19.2551,0.01677744,0.01610634,19.2551,462.1214,0.01610634,19.2551,19.2551,19.2551,28.8826,28.8826,462.1214,0.01610634,115.5303,105.0591,365.8461,376.3173,0.01275085,0.01311581,0.00067110,4.4782,17.1026,0.3070,14.1581,2.0749,843.8790,46.1176,3.8592,4.7027,2.0771,2.1006,2.2009,10.5412,18.9056,30.5448,2.1006,-2.0771,8.999999,14.540867,2.131851,21,92,33,14,0.22933070,0.01677744,0.06906760,0E-8,0.000000,0.934648,0.477291,-0.06785032,2026-03-31,2026-08-03,34,232,155,126,0.269841,0.820639,0.861772,0.764436,,,,,,,,GLOBAL_BASELINE_NO_ENTITY_RANKING,,,NOT_APPLICABLE_GLOBAL_BASELINE,HF9g-P5,,,,X 全窗基线 · 不参与实体赏罚,8391047,840,A168_HF9F_20260827_0900,2026-08-27 09:00:00
2026-07-31,60761351,987,0,108.0895425883,10.6069177316,10.6069177316,0.5000000,30,8,0.31425244950179784,0.197877751875,1.131739882117203,2.1449093193710724,1.131739882117203,0.11637469762679784,ELIGIBLE,R03b_20260811_FULL_v1,L1_ELIGIBILITY,v2026-08-11,2026-03-21..2026-08-06,baccarat_bet02_101_all_pairs_incl_sentinel,round_win = game_pnl > 0 (decisive only),COMPATIBILITY_ONLY_NOT_PRODUCTION,28691.8873,26816.8210,481.3764,6407,1568,-0.01677744,-0.06906760,-0.00121728,-0.01677744,-481.3764,28691.8873,OK,0.0000,19.2551,4.0000,96.0000,AG03-UNRESOLVED,ALL5_LEVELS_bet23_to_bet27,19.2551,19.2551,19.2551,28.8826,28.8826,4.000000,4.000000,4.000000,6.000000,6.000000,96.000000,96.000000,96.000000,94.000000,94.000000,5.0,115.5303,105.0591,365.8461,376.3173,PENDING_AG03,FALSE,NOT_FOR_ENFORCEMENT,462.1214,25744.1481,481.3764,462.1214,19.2551,0.01677744,0.01610634,19.2551,462.1214,0.01610634,19.2551,19.2551,19.2551,28.8826,28.8826,462.1214,0.01610634,115.5303,105.0591,365.8461,376.3173,0.01275085,0.01311581,0.00067110,4.4782,17.1026,0.3070,14.1581,2.0749,843.8790,46.1176,3.8592,4.7027,2.0771,2.1006,2.2009,10.5412,18.9056,30.5448,2.1006,-2.0771,8.999999,14.540867,2.131851,21,92,33,14,0.22933070,0.01677744,0.06906760,0E-8,0.000000,0.934648,0.477291,-0.06785032,2026-03-31,2026-08-03,34,232,155,126,0.269841,0.820639,0.861772,0.764436,,,,,,,,GLOBAL_BASELINE_NO_ENTITY_RANKING,,,NOT_APPLICABLE_GLOBAL_BASELINE,HF9g-P5,,,,X 全窗基线 · 不参与实体赏罚,8391048,840,A168_HF9F_20260827_0900,2026-08-27 09:00:00
2026-08-01,60761351,-1,1,10.1018264102,-10.1018264102,-10.1018264102,0E-7,1,1,0.49324550000000000,0.493245500000,-0.9865810262130424,-0.9865810262130424,-0.9865810262130424,0E-17,SENTINEL_DEALER,R03b_20260811_FULL_v1,L1_ELIGIBILITY,v2026-08-11,2026-03-21..2026-08-06,baccarat_bet02_101_all_pairs_incl_sentinel,round_win = game_pnl > 0 (decisive only),COMPATIBILITY_ONLY_NOT_PRODUCTION,28691.8873,26816.8210,481.3764,6407,1568,-0.01677744,-0.06906760,-0.00121728,-0.01677744,-481.3764,28691.8873,OK,0.0000,19.2551,4.0000,96.0000,AG03-UNRESOLVED,ALL5_LEVELS_bet23_to_bet27,19.2551,19.2551,19.2551,28.8826,28.8826,4.000000,4.000000,4.000000,6.000000,6.000000,96.000000,96.000000,96.000000,94.000000,94.000000,5.0,115.5303,105.0591,365.8461,376.3173,PENDING_AG03,FALSE,NOT_FOR_ENFORCEMENT,462.1214,25744.1481,481.3764,462.1214,19.2551,0.01677744,0.01610634,19.2551,462.1214,0.01610634,19.2551,19.2551,19.2551,28.8826,28.8826,462.1214,0.01610634,115.5303,105.0591,365.8461,376.3173,0.01275085,0.01311581,0.00067110,4.4782,17.1026,0.3070,14.1581,2.0749,843.8790,46.1176,3.8592,4.7027,2.0771,2.1006,2.2009,10.5412,18.9056,30.5448,2.1006,-2.0771,8.999999,14.540867,2.131851,21,92,33,14,0.22933070,0.01677744,0.06906760,0E-8,0.000000,0.934648,0.477291,-0.06785032,2026-03-31,2026-08-03,34,232,155,126,0.269841,0.820639,0.861772,0.764436,,,,,,,,GLOBAL_BASELINE_NO_ENTITY_RANKING,,,NOT_APPLICABLE_GLOBAL_BASELINE,HF9g-P5,,,,X 全窗基线 · 不参与实体赏罚,8391049,840,A168_HF9F_20260827_0900,2026-08-27 09:00:00
2026-08-01,60761351,1094,0,84.8553418450,50.0040407313,50.0040407313,0.8571429,23,7,0.31455521079458798,0.248279980714,3.0916067008422803,3.7288044264440297,3.0916067008422803,0.06627523008058798,ELIGIBLE,R03b_20260811_FULL_v1,L1_ELIGIBILITY,v2026-08-11,2026-03-21..2026-08-06,baccarat_bet02_101_all_pairs_incl_sentinel,round_win = game_pnl > 0 (decisive only),COMPATIBILITY_ONLY_NOT_PRODUCTION,28691.8873,26816.8210,481.3764,6407,1568,-0.01677744,-0.06906760,-0.00121728,-0.01677744,-481.3764,28691.8873,OK,0.0000,19.2551,4.0000,96.0000,AG03-UNRESOLVED,ALL5_LEVELS_bet23_to_bet27,19.2551,19.2551,19.2551,28.8826,28.8826,4.000000,4.000000,4.000000,6.000000,6.000000,96.000000,96.000000,96.000000,94.000000,94.000000,5.0,115.5303,105.0591,365.8461,376.3173,PENDING_AG03,FALSE,NOT_FOR_ENFORCEMENT,462.1214,25744.1481,481.3764,462.1214,19.2551,0.01677744,0.01610634,19.2551,462.1214,0.01610634,19.2551,19.2551,19.2551,28.8826,28.8826,462.1214,0.01610634,115.5303,105.0591,365.8461,376.3173,0.01275085,0.01311581,0.00067110,4.4782,17.1026,0.3070,14.1581,2.0749,843.8790,46.1176,3.8592,4.7027,2.0771,2.1006,2.2009,10.5412,18.9056,30.5448,2.1006,-2.0771,8.999999,14.540867,2.131851,21,92,33,14,0.22933070,0.01677744,0.06906760,0E-8,0.000000,0.934648,0.477291,-0.06785032,2026-03-31,2026-08-03,34,232,155,126,0.269841,0.820639,0.861772,0.764436,,,,,,,,GLOBAL_BASELINE_NO_ENTITY_RANKING,,,NOT_APPLICABLE_GLOBAL_BASELINE,HF9g-P5,,,,X 全窗基线 · 不参与实体赏罚,8391050,840,A168_HF9F_20260827_0900,2026-08-27 09:00:00
2026-08-01,60761351,1151,0,66.4700177785,-14.3445935019,-14.3445935019,0.6000000,20,5,0.26047986573401317,0.151091843000,1.7297703760611225,2.802796951273524,1.7297703760611225,0.10938802273401317,ELIGIBLE,R03b_20260811_FULL_v1,L1_ELIGIBILITY,v2026-08-11,2026-03-21..2026-08-06,baccarat_bet02_101_all_pairs_incl_sentinel,round_win = game_pnl > 0 (decisive only),COMPATIBILITY_ONLY_NOT_PRODUCTION,28691.8873,26816.8210,481.3764,6407,1568,-0.01677744,-0.06906760,-0.00121728,-0.01677744,-481.3764,28691.8873,OK,0.0000,19.2551,4.0000,96.0000,AG03-UNRESOLVED,ALL5_LEVELS_bet23_to_bet27,19.2551,19.2551,19.2551,28.8826,28.8826,4.000000,4.000000,4.000000,6.000000,6.000000,96.000000,96.000000,96.000000,94.000000,94.000000,5.0,115.5303,105.0591,365.8461,376.3173,PENDING_AG03,FALSE,NOT_FOR_ENFORCEMENT,462.1214,25744.1481,481.3764,462.1214,19.2551,0.01677744,0.01610634,19.2551,462.1214,0.01610634,19.2551,19.2551,19.2551,28.8826,28.8826,462.1214,0.01610634,115.5303,105.0591,365.8461,376.3173,0.01275085,0.01311581,0.00067110,4.4782,17.1026,0.3070,14.1581,2.0749,843.8790,46.1176,3.8592,4.7027,2.0771,2.1006,2.2009,10.5412,18.9056,30.5448,2.1006,-2.0771,8.999999,14.540867,2.131851,21,92,33,14,0.22933070,0.01677744,0.06906760,0E-8,0.000000,0.934648,0.477291,-0.06785032,2026-03-31,2026-08-03,34,232,155,126,0.269841,0.820639,0.861772,0.764436,,,,,,,,GLOBAL_BASELINE_NO_ENTITY_RANKING,,,NOT_APPLICABLE_GLOBAL_BASELINE,HF9g-P5,,,,X 全窗基线 · 不参与实体赏罚,8391051,840,A168_HF9F_20260827_0900,2026-08-27 09:00:00
2026-08-01,60761351,1157,0,119.2015516396,60.6109584619,60.6109584619,0.6000000,24,5,0.32883230583274679,0.154640965333,1.290684781709983,2.7543073042668356,1.290684781709983,0.17419134049974679,ELIGIBLE,R03b_20260811_FULL_v1,L1_ELIGIBILITY,v2026-08-11,2026-03-21..2026-08-06,baccarat_bet02_101_all_pairs_incl_sentinel,round_win = game_pnl > 0 (decisive only),COMPATIBILITY_ONLY_NOT_PRODUCTION,28691.8873,26816.8210,481.3764,6407,1568,-0.01677744,-0.06906760,-0.00121728,-0.01677744,-481.3764,28691.8873,OK,0.0000,19.2551,4.0000,96.0000,AG03-UNRESOLVED,ALL5_LEVELS_bet23_to_bet27,19.2551,19.2551,19.2551,28.8826,28.8826,4.000000,4.000000,4.000000,6.000000,6.000000,96.000000,96.000000,96.000000,94.000000,94.000000,5.0,115.5303,105.0591,365.8461,376.3173,PENDING_AG03,FALSE,NOT_FOR_ENFORCEMENT,462.1214,25744.1481,481.3764,462.1214,19.2551,0.01677744,0.01610634,19.2551,462.1214,0.01610634,19.2551,19.2551,19.2551,28.8826,28.8826,462.1214,0.01610634,115.5303,105.0591,365.8461,376.3173,0.01275085,0.01311581,0.00067110,4.4782,17.1026,0.3070,14.1581,2.0749,843.8790,46.1176,3.8592,4.7027,2.0771,2.1006,2.2009,10.5412,18.9056,30.5448,2.1006,-2.0771,8.999999,14.540867,2.131851,21,92,33,14,0.22933070,0.01677744,0.06906760,0E-8,0.000000,0.934648,0.477291,-0.06785032,2026-03-31,2026-08-03,34,232,155,126,0.269841,0.820639,0.861772,0.764436,,,,,,,,GLOBAL_BASELINE_NO_ENTITY_RANKING,,,NOT_APPLICABLE_GLOBAL_BASELINE,HF9g-P5,,,,X 全窗基线 · 不参与实体赏罚,8391052,840,A168_HF9F_20260827_0900,2026-08-27 09:00:00
2026-08-01,60761351,1304,0,246.4845644069,16.1629222587,16.1629222587,0.4117647,77,17,0.25842371284729862,0.161381413824,1.444237555539548,2.8062141250955714,1.444237555539548,0.09704229902329862,ELIGIBLE,R03b_20260811_FULL_v1,L1_ELIGIBILITY,v2026-08-11,2026-03-21..2026-08-06,baccarat_bet02_101_all_pairs_incl_sentinel,round_win = game_pnl > 0 (decisive only),COMPATIBILITY_ONLY_NOT_PRODUCTION,28691.8873,26816.8210,481.3764,6407,1568,-0.01677744,-0.06906760,-0.00121728,-0.01677744,-481.3764,28691.8873,OK,0.0000,19.2551,4.0000,96.0000,AG03-UNRESOLVED,ALL5_LEVELS_bet23_to_bet27,19.2551,19.2551,19.2551,28.8826,28.8826,4.000000,4.000000,4.000000,6.000000,6.000000,96.000000,96.000000,96.000000,94.000000,94.000000,5.0,115.5303,105.0591,365.8461,376.3173,PENDING_AG03,FALSE,NOT_FOR_ENFORCEMENT,462.1214,25744.1481,481.3764,462.1214,19.2551,0.01677744,0.01610634,19.2551,462.1214,0.01610634,19.2551,19.2551,19.2551,28.8826,28.8826,462.1214,0.01610634,115.5303,105.0591,365.8461,376.3173,0.01275085,0.01311581,0.00067110,4.4782,17.1026,0.3070,14.1581,2.0749,843.8790,46.1176,3.8592,4.7027,2.0771,2.1006,2.2009,10.5412,18.9056,30.5448,2.1006,-2.0771,8.999999,14.540867,2.131851,21,92,33,14,0.22933070,0.01677744,0.06906760,0E-8,0.000000,0.934648,0.477291,-0.06785032,2026-03-31,2026-08-03,34,232,155,126,0.269841,0.820639,0.861772,0.764436,,,,,,,,GLOBAL_BASELINE_NO_ENTITY_RANKING,,,NOT_APPLICABLE_GLOBAL_BASELINE,HF9g-P5,,,,X 全窗基线 · 不参与实体赏罚,8391053,840,A168_HF9F_20260827_0900,2026-08-27 09:00:00
2026-08-01,60761351,1325,0,187.0858251160,-98.1897527062,-98.1897527062,0.1250000,38,8,0.32692712620213971,0.154772467500,-1.2175397126921108,-0.23282314552988712,-1.2175397126921108,0.17215465870213971,ELIGIBLE,R03b_20260811_FULL_v1,L1_ELIGIBILITY,v2026-08-11,2026-03-21..2026-08-06,baccarat_bet02_101_all_pairs_incl_sentinel,round_win = game_pnl > 0 (decisive only),COMPATIBILITY_ONLY_NOT_PRODUCTION,28691.8873,26816.8210,481.3764,6407,1568,-0.01677744,-0.06906760,-0.00121728,-0.01677744,-481.3764,28691.8873,OK,0.0000,19.2551,4.0000,96.0000,AG03-UNRESOLVED,ALL5_LEVELS_bet23_to_bet27,19.2551,19.2551,19.2551,28.8826,28.8826,4.000000,4.000000,4.000000,6.000000,6.000000,96.000000,96.000000,96.000000,94.000000,94.000000,5.0,115.5303,105.0591,365.8461,376.3173,PENDING_AG03,FALSE,NOT_FOR_ENFORCEMENT,462.1214,25744.1481,481.3764,462.1214,19.2551,0.01677744,0.01610634,19.2551,462.1214,0.01610634,19.2551,19.2551,19.2551,28.8826,28.8826,462.1214,0.01610634,115.5303,105.0591,365.8461,376.3173,0.01275085,0.01311581,0.00067110,4.4782,17.1026,0.3070,14.1581,2.0749,843.8790,46.1176,3.8592,4.7027,2.0771,2.1006,2.2009,10.5412,18.9056,30.5448,2.1006,-2.0771,8.999999,14.540867,2.131851,21,92,33,14,0.22933070,0.01677744,0.06906760,0E-8,0.000000,0.934648,0.477291,-0.06785032,2026-03-31,2026-08-03,34,232,155,126,0.269841,0.820639,0.861772,0.764436,,,,,,,,GLOBAL_BASELINE_NO_ENTITY_RANKING,,,NOT_APPLICABLE_GLOBAL_BASELINE,HF9g-P5,,,,X 全窗基线 · 不参与实体赏罚,8391054,840,A168_HF9F_20260827_0900,2026-08-27 09:00:00
2026-08-01,60761351,1353,0,167.6903184082,18.1832875395,18.1832875395,0.4444444,37,9,0.32602556968673836,0.187495730556,0.7578698731778527,1.9749640091228509,0.7578698731778527,0.13852983913073836,ELIGIBLE,R03b_20260811_FULL_v1,L1_ELIGIBILITY,v2026-08-11,2026-03-21..2026-08-06,baccarat_bet02_101_all_pairs_incl_sentinel,round_win = game_pnl > 0 (decisive only),COMPATIBILITY_ONLY_NOT_PRODUCTION,28691.8873,26816.8210,481.3764,6407,1568,-0.01677744,-0.06906760,-0.00121728,-0.01677744,-481.3764,28691.8873,OK,0.0000,19.2551,4.0000,96.0000,AG03-UNRESOLVED,ALL5_LEVELS_bet23_to_bet27,19.2551,19.2551,19.2551,28.8826,28.8826,4.000000,4.000000,4.000000,6.000000,6.000000,96.000000,96.000000,96.000000,94.000000,94.000000,5.0,115.5303,105.0591,365.8461,376.3173,PENDING_AG03,FALSE,NOT_FOR_ENFORCEMENT,462.1214,25744.1481,481.3764,462.1214,19.2551,0.01677744,0.01610634,19.2551,462.1214,0.01610634,19.2551,19.2551,19.2551,28.8826,28.8826,462.1214,0.01610634,115.5303,105.0591,365.8461,376.3173,0.01275085,0.01311581,0.00067110,4.4782,17.1026,0.3070,14.1581,2.0749,843.8790,46.1176,3.8592,4.7027,2.0771,2.1006,2.2009,10.5412,18.9056,30.5448,2.1006,-2.0771,8.999999,14.540867,2.131851,21,92,33,14,0.22933070,0.01677744,0.06906760,0E-8,0.000000,0.934648,0.477291,-0.06785032,2026-03-31,2026-08-03,34,232,155,126,0.269841,0.820639,0.861772,0.764436,,,,,,,,GLOBAL_BASELINE_NO_ENTITY_RANKING,,,NOT_APPLICABLE_GLOBAL_BASELINE,HF9g-P5,,,,X 全窗基线 · 不参与实体赏罚,8391055,840,A168_HF9F_20260827_0900,2026-08-27 09:00:00
2026-08-01,60761351,1382,0,390.7386455444,126.7375141453,126.7375141453,0.6666667,86,21,0.34930357255249339,0.208634941746,3.050530307217711,5.165629450695394,3.050530307217711,0.14066863080649339,ELIGIBLE,R03b_20260811_FULL_v1,L1_ELIGIBILITY,v2026-08-11,2026-03-21..2026-08-06,baccarat_bet02_101_all_pairs_incl_sentinel,round_win = game_pnl > 0 (decisive only),COMPATIBILITY_ONLY_NOT_PRODUCTION,28691.8873,26816.8210,481.3764,6407,1568,-0.01677744,-0.06906760,-0.00121728,-0.01677744,-481.3764,28691.8873,OK,0.0000,19.2551,4.0000,96.0000,AG03-UNRESOLVED,ALL5_LEVELS_bet23_to_bet27,19.2551,19.2551,19.2551,28.8826,28.8826,4.000000,4.000000,4.000000,6.000000,6.000000,96.000000,96.000000,96.000000,94.000000,94.000000,5.0,115.5303,105.0591,365.8461,376.3173,PENDING_AG03,FALSE,NOT_FOR_ENFORCEMENT,462.1214,25744.1481,481.3764,462.1214,19.2551,0.01677744,0.01610634,19.2551,462.1214,0.01610634,19.2551,19.2551,19.2551,28.8826,28.8826,462.1214,0.01610634,115.5303,105.0591,365.8461,376.3173,0.01275085,0.01311581,0.00067110,4.4782,17.1026,0.3070,14.1581,2.0749,843.8790,46.1176,3.8592,4.7027,2.0771,2.1006,2.2009,10.5412,18.9056,30.5448,2.1006,-2.0771,8.999999,14.540867,2.131851,21,92,33,14,0.22933070,0.01677744,0.06906760,0E-8,0.000000,0.934648,0.477291,-0.06785032,2026-03-31,2026-08-03,34,232,155,126,0.269841,0.820639,0.861772,0.764436,,,,,,,,GLOBAL_BASELINE_NO_ENTITY_RANKING,,,NOT_APPLICABLE_GLOBAL_BASELINE,HF9g-P5,,,,X 全窗基线 · 不参与实体赏罚,8391056,840,A168_HF9F_20260827_0900,2026-08-27 09:00:00
2026-08-01,60761351,1383,0,133.3441086133,-40.4073056393,-40.4073056393,0.3000000,43,10,0.23949927645080964,0.156718215833,0.44828958581429995,1.246363958283169,0.44828958581429995,0.08278106061780964,ELIGIBLE,R03b_20260811_FULL_v1,L1_ELIGIBILITY,v2026-08-11,2026-03-21..2026-08-06,baccarat_bet02_101_all_pairs_incl_sentinel,round_win = game_pnl > 0 (decisive only),COMPATIBILITY_ONLY_NOT_PRODUCTION,28691.8873,26816.8210,481.3764,6407,1568,-0.01677744,-0.06906760,-0.00121728,-0.01677744,-481.3764,28691.8873,OK,0.0000,19.2551,4.0000,96.0000,AG03-UNRESOLVED,ALL5_LEVELS_bet23_to_bet27,19.2551,19.2551,19.2551,28.8826,28.8826,4.000000,4.000000,4.000000,6.000000,6.000000,96.000000,96.000000,96.000000,94.000000,94.000000,5.0,115.5303,105.0591,365.8461,376.3173,PENDING_AG03,FALSE,NOT_FOR_ENFORCEMENT,462.1214,25744.1481,481.3764,462.1214,19.2551,0.01677744,0.01610634,19.2551,462.1214,0.01610634,19.2551,19.2551,19.2551,28.8826,28.8826,462.1214,0.01610634,115.5303,105.0591,365.8461,376.3173,0.01275085,0.01311581,0.00067110,4.4782,17.1026,0.3070,14.1581,2.0749,843.8790,46.1176,3.8592,4.7027,2.0771,2.1006,2.2009,10.5412,18.9056,30.5448,2.1006,-2.0771,8.999999,14.540867,2.131851,21,92,33,14,0.22933070,0.01677744,0.06906760,0E-8,0.000000,0.934648,0.477291,-0.06785032,2026-03-31,2026-08-03,34,232,155,126,0.269841,0.820639,0.861772,0.764436,,,,,,,,GLOBAL_BASELINE_NO_ENTITY_RANKING,,,NOT_APPLICABLE_GLOBAL_BASELINE,HF9g-P5,,,,X 全窗基线 · 不参与实体赏罚,8391057,840,A168_HF9F_20260827_0900,2026-08-27 09:00:00
2026-08-01,60761351,1384,0,155.5681267163,-86.8757071268,-86.8757071268,0.1666667,28,6,0.38354558958651044,0.201929845556,-1.0925315676282832,-0.21516731182942614,-1.0925315676282832,0.18161574403051044,ELIGIBLE,R03b_20260811_FULL_v1,L1_ELIGIBILITY,v2026-08-11,2026-03-21..2026-08-06,baccarat_bet02_101_all_pairs_incl_sentinel,round_win = game_pnl > 0 (decisive only),COMPATIBILITY_ONLY_NOT_PRODUCTION,28691.8873,26816.8210,481.3764,6407,1568,-0.01677744,-0.06906760,-0.00121728,-0.01677744,-481.3764,28691.8873,OK,0.0000,19.2551,4.0000,96.0000,AG03-UNRESOLVED,ALL5_LEVELS_bet23_to_bet27,19.2551,19.2551,19.2551,28.8826,28.8826,4.000000,4.000000,4.000000,6.000000,6.000000,96.000000,96.000000,96.000000,94.000000,94.000000,5.0,115.5303,105.0591,365.8461,376.3173,PENDING_AG03,FALSE,NOT_FOR_ENFORCEMENT,462.1214,25744.1481,481.3764,462.1214,19.2551,0.01677744,0.01610634,19.2551,462.1214,0.01610634,19.2551,19.2551,19.2551,28.8826,28.8826,462.1214,0.01610634,115.5303,105.0591,365.8461,376.3173,0.01275085,0.01311581,0.00067110,4.4782,17.1026,0.3070,14.1581,2.0749,843.8790,46.1176,3.8592,4.7027,2.0771,2.1006,2.2009,10.5412,18.9056,30.5448,2.1006,-2.0771,8.999999,14.540867,2.131851,21,92,33,14,0.22933070,0.01677744,0.06906760,0E-8,0.000000,0.934648,0.477291,-0.06785032,2026-03-31,2026-08-03,34,232,155,126,0.269841,0.820639,0.861772,0.764436,,,,,,,,GLOBAL_BASELINE_NO_ENTITY_RANKING,,,NOT_APPLICABLE_GLOBAL_BASELINE,HF9g-P5,,,,X 全窗基线 · 不参与实体赏罚,8391058,840,A168_HF9F_20260827_0900,2026-08-27 09:00:00
2026-08-01,60761351,1485,0,734.8068530742,-55.1559721949,-55.1559721949,0.4358974,170,41,0.31578303278230900,0.187321706992,1.6137493319882428,3.9786674589788147,1.6137493319882428,0.12846132579030900,ELIGIBLE,R03b_20260811_FULL_v1,L1_ELIGIBILITY,v2026-08-11,2026-03-21..2026-08-06,baccarat_bet02_101_all_pairs_incl_sentinel,round_win = game_pnl > 0 (decisive only),COMPATIBILITY_ONLY_NOT_PRODUCTION,28691.8873,26816.8210,481.3764,6407,1568,-0.01677744,-0.06906760,-0.00121728,-0.01677744,-481.3764,28691.8873,OK,0.0000,19.2551,4.0000,96.0000,AG03-UNRESOLVED,ALL5_LEVELS_bet23_to_bet27,19.2551,19.2551,19.2551,28.8826,28.8826,4.000000,4.000000,4.000000,6.000000,6.000000,96.000000,96.000000,96.000000,94.000000,94.000000,5.0,115.5303,105.0591,365.8461,376.3173,PENDING_AG03,FALSE,NOT_FOR_ENFORCEMENT,462.1214,25744.1481,481.3764,462.1214,19.2551,0.01677744,0.01610634,19.2551,462.1214,0.01610634,19.2551,19.2551,19.2551,28.8826,28.8826,462.1214,0.01610634,115.5303,105.0591,365.8461,376.3173,0.01275085,0.01311581,0.00067110,4.4782,17.1026,0.3070,14.1581,2.0749,843.8790,46.1176,3.8592,4.7027,2.0771,2.1006,2.2009,10.5412,18.9056,30.5448,2.1006,-2.0771,8.999999,14.540867,2.131851,21,92,33,14,0.22933070,0.01677744,0.06906760,0E-8,0.000000,0.934648,0.477291,-0.06785032,2026-03-31,2026-08-03,34,232,155,126,0.269841,0.820639,0.861772,0.764436,,,,,,,,GLOBAL_BASELINE_NO_ENTITY_RANKING,,,NOT_APPLICABLE_GLOBAL_BASELINE,HF9g-P5,,,,X 全窗基线 · 不参与实体赏罚,8391059,840,A168_HF9F_20260827_0900,2026-08-27 09:00:00
2026-08-01,60761351,1704,0,135.3644738959,32.3258445137,32.3258445137,0.7142857,30,7,0.34036224581839454,0.167992027143,2.0878933018208548,3.866046938359233,2.0878933018208548,0.17237021867539454,ELIGIBLE,R03b_20260811_FULL_v1,L1_ELIGIBILITY,v2026-08-11,2026-03-21..2026-08-06,baccarat_bet02_101_all_pairs_incl_sentinel,round_win = game_pnl > 0 (decisive only),COMPATIBILITY_ONLY_NOT_PRODUCTION,28691.8873,26816.8210,481.3764,6407,1568,-0.01677744,-0.06906760,-0.00121728,-0.01677744,-481.3764,28691.8873,OK,0.0000,19.2551,4.0000,96.0000,AG03-UNRESOLVED,ALL5_LEVELS_bet23_to_bet27,19.2551,19.2551,19.2551,28.8826,28.8826,4.000000,4.000000,4.000000,6.000000,6.000000,96.000000,96.000000,96.000000,94.000000,94.000000,5.0,115.5303,105.0591,365.8461,376.3173,PENDING_AG03,FALSE,NOT_FOR_ENFORCEMENT,462.1214,25744.1481,481.3764,462.1214,19.2551,0.01677744,0.01610634,19.2551,462.1214,0.01610634,19.2551,19.2551,19.2551,28.8826,28.8826,462.1214,0.01610634,115.5303,105.0591,365.8461,376.3173,0.01275085,0.01311581,0.00067110,4.4782,17.1026,0.3070,14.1581,2.0749,843.8790,46.1176,3.8592,4.7027,2.0771,2.1006,2.2009,10.5412,18.9056,30.5448,2.1006,-2.0771,8.999999,14.540867,2.131851,21,92,33,14,0.22933070,0.01677744,0.06906760,0E-8,0.000000,0.934648,0.477291,-0.06785032,2026-03-31,2026-08-03,34,232,155,126,0.269841,0.820639,0.861772,0.764436,,,,,,,,GLOBAL_BASELINE_NO_ENTITY_RANKING,,,NOT_APPLICABLE_GLOBAL_BASELINE,HF9g-P5,,,,X 全窗基线 · 不参与实体赏罚,8391060,840,A168_HF9F_20260827_0900,2026-08-27 09:00:00
2026-08-01,60761351,1942,0,52.5294973327,12.1221916926,12.1221916926,0.6666667,12,3,0.32476048111262103,0.257111728889,1.2646113381994162,1.6231180169470614,1.2646113381994162,0.06764875222362103,ELIGIBLE,R03b_20260811_FULL_v1,L1_ELIGIBILITY,v2026-08-11,2026-03-21..2026-08-06,baccarat_bet02_101_all_pairs_incl_sentinel,round_win = game_pnl > 0 (decisive only),COMPATIBILITY_ONLY_NOT_PRODUCTION,28691.8873,26816.8210,481.3764,6407,1568,-0.01677744,-0.06906760,-0.00121728,-0.01677744,-481.3764,28691.8873,OK,0.0000,19.2551,4.0000,96.0000,AG03-UNRESOLVED,ALL5_LEVELS_bet23_to_bet27,19.2551,19.2551,19.2551,28.8826,28.8826,4.000000,4.000000,4.000000,6.000000,6.000000,96.000000,96.000000,96.000000,94.000000,94.000000,5.0,115.5303,105.0591,365.8461,376.3173,PENDING_AG03,FALSE,NOT_FOR_ENFORCEMENT,462.1214,25744.1481,481.3764,462.1214,19.2551,0.01677744,0.01610634,19.2551,462.1214,0.01610634,19.2551,19.2551,19.2551,28.8826,28.8826,462.1214,0.01610634,115.5303,105.0591,365.8461,376.3173,0.01275085,0.01311581,0.00067110,4.4782,17.1026,0.3070,14.1581,2.0749,843.8790,46.1176,3.8592,4.7027,2.0771,2.1006,2.2009,10.5412,18.9056,30.5448,2.1006,-2.0771,8.999999,14.540867,2.131851,21,92,33,14,0.22933070,0.01677744,0.06906760,0E-8,0.000000,0.934648,0.477291,-0.06785032,2026-03-31,2026-08-03,34,232,155,126,0.269841,0.820639,0.861772,0.764436,,,,,,,,GLOBAL_BASELINE_NO_ENTITY_RANKING,,,NOT_APPLICABLE_GLOBAL_BASELINE,HF9g-P5,,,,X 全窗基线 · 不参与实体赏罚,8391061,840,A168_HF9F_20260827_0900,2026-08-27 09:00:00
2026-08-01,60761351,1990,0,151.5273961517,-50.5091320496,-50.5091320496,0.5000000,41,8,0.26660971044444764,0.133067618542,1.492870777738889,3.055640293843257,1.492870777738889,0.13354209190244764,ELIGIBLE,R03b_20260811_FULL_v1,L1_ELIGIBILITY,v2026-08-11,2026-03-21..2026-08-06,baccarat_bet02_101_all_pairs_incl_sentinel,round_win = game_pnl > 0 (decisive only),COMPATIBILITY_ONLY_NOT_PRODUCTION,28691.8873,26816.8210,481.3764,6407,1568,-0.01677744,-0.06906760,-0.00121728,-0.01677744,-481.3764,28691.8873,OK,0.0000,19.2551,4.0000,96.0000,AG03-UNRESOLVED,ALL5_LEVELS_bet23_to_bet27,19.2551,19.2551,19.2551,28.8826,28.8826,4.000000,4.000000,4.000000,6.000000,6.000000,96.000000,96.000000,96.000000,94.000000,94.000000,5.0,115.5303,105.0591,365.8461,376.3173,PENDING_AG03,FALSE,NOT_FOR_ENFORCEMENT,462.1214,25744.1481,481.3764,462.1214,19.2551,0.01677744,0.01610634,19.2551,462.1214,0.01610634,19.2551,19.2551,19.2551,28.8826,28.8826,462.1214,0.01610634,115.5303,105.0591,365.8461,376.3173,0.01275085,0.01311581,0.00067110,4.4782,17.1026,0.3070,14.1581,2.0749,843.8790,46.1176,3.8592,4.7027,2.0771,2.1006,2.2009,10.5412,18.9056,30.5448,2.1006,-2.0771,8.999999,14.540867,2.131851,21,92,33,14,0.22933070,0.01677744,0.06906760,0E-8,0.000000,0.934648,0.477291,-0.06785032,2026-03-31,2026-08-03,34,232,155,126,0.269841,0.820639,0.861772,0.764436,,,,,,,,GLOBAL_BASELINE_NO_ENTITY_RANKING,,,NOT_APPLICABLE_GLOBAL_BASELINE,HF9g-P5,,,,X 全窗基线 · 不参与实体赏罚,8391062,840,A168_HF9F_20260827_0900,2026-08-27 09:00:00
2026-08-01,60761351,2121,0,82.4309035066,-12.9303378044,-12.9303378044,0.4000000,24,5,0.25720109803631849,0.154370776000,0.7305296283381616,1.5201712091135025,0.7305296283381616,0.10283032203631849,ELIGIBLE,R03b_20260811_FULL_v1,L1_ELIGIBILITY,v2026-08-11,2026-03-21..2026-08-06,baccarat_bet02_101_all_pairs_incl_sentinel,round_win = game_pnl > 0 (decisive only),COMPATIBILITY_ONLY_NOT_PRODUCTION,28691.8873,26816.8210,481.3764,6407,1568,-0.01677744,-0.06906760,-0.00121728,-0.01677744,-481.3764,28691.8873,OK,0.0000,19.2551,4.0000,96.0000,AG03-UNRESOLVED,ALL5_LEVELS_bet23_to_bet27,19.2551,19.2551,19.2551,28.8826,28.8826,4.000000,4.000000,4.000000,6.000000,6.000000,96.000000,96.000000,96.000000,94.000000,94.000000,5.0,115.5303,105.0591,365.8461,376.3173,PENDING_AG03,FALSE,NOT_FOR_ENFORCEMENT,462.1214,25744.1481,481.3764,462.1214,19.2551,0.01677744,0.01610634,19.2551,462.1214,0.01610634,19.2551,19.2551,19.2551,28.8826,28.8826,462.1214,0.01610634,115.5303,105.0591,365.8461,376.3173,0.01275085,0.01311581,0.00067110,4.4782,17.1026,0.3070,14.1581,2.0749,843.8790,46.1176,3.8592,4.7027,2.0771,2.1006,2.2009,10.5412,18.9056,30.5448,2.1006,-2.0771,8.999999,14.540867,2.131851,21,92,33,14,0.22933070,0.01677744,0.06906760,0E-8,0.000000,0.934648,0.477291,-0.06785032,2026-03-31,2026-08-03,34,232,155,126,0.269841,0.820639,0.861772,0.764436,,,,,,,,GLOBAL_BASELINE_NO_ENTITY_RANKING,,,NOT_APPLICABLE_GLOBAL_BASELINE,HF9g-P5,,,,X 全窗基线 · 不参与实体赏罚,8391063,840,A168_HF9F_20260827_0900,2026-08-27 09:00:00
2026-08-01,60761351,2160,0,24.2443833842,-16.1629222560,-16.1629222560,0E-7,9,2,0.17015245625133265,0.105533847500,-0.6403758609718023,-0.48576802899360233,-0.6403758609718023,0.06461860875133265,ELIGIBLE,R03b_20260811_FULL_v1,L1_ELIGIBILITY,v2026-08-11,2026-03-21..2026-08-06,baccarat_bet02_101_all_pairs_incl_sentinel,round_win = game_pnl > 0 (decisive only),COMPATIBILITY_ONLY_NOT_PRODUCTION,28691.8873,26816.8210,481.3764,6407,1568,-0.01677744,-0.06906760,-0.00121728,-0.01677744,-481.3764,28691.8873,OK,0.0000,19.2551,4.0000,96.0000,AG03-UNRESOLVED,ALL5_LEVELS_bet23_to_bet27,19.2551,19.2551,19.2551,28.8826,28.8826,4.000000,4.000000,4.000000,6.000000,6.000000,96.000000,96.000000,96.000000,94.000000,94.000000,5.0,115.5303,105.0591,365.8461,376.3173,PENDING_AG03,FALSE,NOT_FOR_ENFORCEMENT,462.1214,25744.1481,481.3764,462.1214,19.2551,0.01677744,0.01610634,19.2551,462.1214,0.01610634,19.2551,19.2551,19.2551,28.8826,28.8826,462.1214,0.01610634,115.5303,105.0591,365.8461,376.3173,0.01275085,0.01311581,0.00067110,4.4782,17.1026,0.3070,14.1581,2.0749,843.8790,46.1176,3.8592,4.7027,2.0771,2.1006,2.2009,10.5412,18.9056,30.5448,2.1006,-2.0771,8.999999,14.540867,2.131851,21,92,33,14,0.22933070,0.01677744,0.06906760,0E-8,0.000000,0.934648,0.477291,-0.06785032,2026-03-31,2026-08-03,34,232,155,126,0.269841,0.820639,0.861772,0.764436,,,,,,,,GLOBAL_BASELINE_NO_ENTITY_RANKING,,,NOT_APPLICABLE_GLOBAL_BASELINE,HF9g-P5,,,,X 全窗基线 · 不参与实体赏罚,8391064,840,A168_HF9F_20260827_0900,2026-08-27 09:00:00
2026-08-01,60761351,2229,0,4.0407305641,4.0407305641,4.0407305641,1.0000000,1,1,0.50665070000000000,0.506650700000,0.9867858985152569,0.9867858985152569,0.9867858985152569,0E-17,ELIGIBLE,R03b_20260811_FULL_v1,L1_ELIGIBILITY,v2026-08-11,2026-03-21..2026-08-06,baccarat_bet02_101_all_pairs_incl_sentinel,round_win = game_pnl > 0 (decisive only),COMPATIBILITY_ONLY_NOT_PRODUCTION,28691.8873,26816.8210,481.3764,6407,1568,-0.01677744,-0.06906760,-0.00121728,-0.01677744,-481.3764,28691.8873,OK,0.0000,19.2551,4.0000,96.0000,AG03-UNRESOLVED,ALL5_LEVELS_bet23_to_bet27,19.2551,19.2551,19.2551,28.8826,28.8826,4.000000,4.000000,4.000000,6.000000,6.000000,96.000000,96.000000,96.000000,94.000000,94.000000,5.0,115.5303,105.0591,365.8461,376.3173,PENDING_AG03,FALSE,NOT_FOR_ENFORCEMENT,462.1214,25744.1481,481.3764,462.1214,19.2551,0.01677744,0.01610634,19.2551,462.1214,0.01610634,19.2551,19.2551,19.2551,28.8826,28.8826,462.1214,0.01610634,115.5303,105.0591,365.8461,376.3173,0.01275085,0.01311581,0.00067110,4.4782,17.1026,0.3070,14.1581,2.0749,843.8790,46.1176,3.8592,4.7027,2.0771,2.1006,2.2009,10.5412,18.9056,30.5448,2.1006,-2.0771,8.999999,14.540867,2.131851,21,92,33,14,0.22933070,0.01677744,0.06906760,0E-8,0.000000,0.934648,0.477291,-0.06785032,2026-03-31,2026-08-03,34,232,155,126,0.269841,0.820639,0.861772,0.764436,,,,,,,,GLOBAL_BASELINE_NO_ENTITY_RANKING,,,NOT_APPLICABLE_GLOBAL_BASELINE,HF9g-P5,,,,X 全窗基线 · 不参与实体赏罚,8391065,840,A168_HF9F_20260827_0900,2026-08-27 09:00:00
2026-08-01,60761351,2256,0,4.0407305641,4.0407305641,4.0407305641,1.0000000,1,1,0.49324550000000000,0.493245500000,1.01360149184955,1.01360149184955,1.01360149184955,0E-17,ELIGIBLE,R03b_20260811_FULL_v1,L1_ELIGIBILITY,v2026-08-11,2026-03-21..2026-08-06,baccarat_bet02_101_all_pairs_incl_sentinel,round_win = game_pnl > 0 (decisive only),COMPATIBILITY_ONLY_NOT_PRODUCTION,28691.8873,26816.8210,481.3764,6407,1568,-0.01677744,-0.06906760,-0.00121728,-0.01677744,-481.3764,28691.8873,OK,0.0000,19.2551,4.0000,96.0000,AG03-UNRESOLVED,ALL5_LEVELS_bet23_to_bet27,19.2551,19.2551,19.2551,28.8826,28.8826,4.000000,4.000000,4.000000,6.000000,6.000000,96.000000,96.000000,96.000000,94.000000,94.000000,5.0,115.5303,105.0591,365.8461,376.3173,PENDING_AG03,FALSE,NOT_FOR_ENFORCEMENT,462.1214,25744.1481,481.3764,462.1214,19.2551,0.01677744,0.01610634,19.2551,462.1214,0.01610634,19.2551,19.2551,19.2551,28.8826,28.8826,462.1214,0.01610634,115.5303,105.0591,365.8461,376.3173,0.01275085,0.01311581,0.00067110,4.4782,17.1026,0.3070,14.1581,2.0749,843.8790,46.1176,3.8592,4.7027,2.0771,2.1006,2.2009,10.5412,18.9056,30.5448,2.1006,-2.0771,8.999999,14.540867,2.131851,21,92,33,14,0.22933070,0.01677744,0.06906760,0E-8,0.000000,0.934648,0.477291,-0.06785032,2026-03-31,2026-08-03,34,232,155,126,0.269841,0.820639,0.861772,0.764436,,,,,,,,GLOBAL_BASELINE_NO_ENTITY_RANKING,,,NOT_APPLICABLE_GLOBAL_BASELINE,HF9g-P5,,,,X 全窗基线 · 不参与实体赏罚,8391066,840,A168_HF9F_20260827_0900,2026-08-27 09:00:00
2026-08-01,60761351,2266,0,4.0407305641,-4.0407305641,-4.0407305641,0E-7,1,1,0.49324550000000000,0.493245500000,-0.9865810262130424,-0.9865810262130424,-0.9865810262130424,0E-17,ELIGIBLE,R03b_20260811_FULL_v1,L1_ELIGIBILITY,v2026-08-11,2026-03-21..2026-08-06,baccarat_bet02_101_all_pairs_incl_sentinel,round_win = game_pnl > 0 (decisive only),COMPATIBILITY_ONLY_NOT_PRODUCTION,28691.8873,26816.8210,481.3764,6407,1568,-0.01677744,-0.06906760,-0.00121728,-0.01677744,-481.3764,28691.8873,OK,0.0000,19.2551,4.0000,96.0000,AG03-UNRESOLVED,ALL5_LEVELS_bet23_to_bet27,19.2551,19.2551,19.2551,28.8826,28.8826,4.000000,4.000000,4.000000,6.000000,6.000000,96.000000,96.000000,96.000000,94.000000,94.000000,5.0,115.5303,105.0591,365.8461,376.3173,PENDING_AG03,FALSE,NOT_FOR_ENFORCEMENT,462.1214,25744.1481,481.3764,462.1214,19.2551,0.01677744,0.01610634,19.2551,462.1214,0.01610634,19.2551,19.2551,19.2551,28.8826,28.8826,462.1214,0.01610634,115.5303,105.0591,365.8461,376.3173,0.01275085,0.01311581,0.00067110,4.4782,17.1026,0.3070,14.1581,2.0749,843.8790,46.1176,3.8592,4.7027,2.0771,2.1006,2.2009,10.5412,18.9056,30.5448,2.1006,-2.0771,8.999999,14.540867,2.131851,21,92,33,14,0.22933070,0.01677744,0.06906760,0E-8,0.000000,0.934648,0.477291,-0.06785032,2026-03-31,2026-08-03,34,232,155,126,0.269841,0.820639,0.861772,0.764436,,,,,,,,GLOBAL_BASELINE_NO_ENTITY_RANKING,,,NOT_APPLICABLE_GLOBAL_BASELINE,HF9g-P5,,,,X 全窗基线 · 不参与实体赏罚,8391067,840,A168_HF9F_20260827_0900,2026-08-27 09:00:00
2026-08-01,60761351,2287,0,4.0407305641,4.0407305641,4.0407305641,1.0000000,1,1,0.49324550000000000,0.493245500000,1.01360149184955,1.01360149184955,1.01360149184955,0E-17,ELIGIBLE,R03b_20260811_FULL_v1,L1_ELIGIBILITY,v2026-08-11,2026-03-21..2026-08-06,baccarat_bet02_101_all_pairs_incl_sentinel,round_win = game_pnl > 0 (decisive only),COMPATIBILITY_ONLY_NOT_PRODUCTION,28691.8873,26816.8210,481.3764,6407,1568,-0.01677744,-0.06906760,-0.00121728,-0.01677744,-481.3764,28691.8873,OK,0.0000,19.2551,4.0000,96.0000,AG03-UNRESOLVED,ALL5_LEVELS_bet23_to_bet27,19.2551,19.2551,19.2551,28.8826,28.8826,4.000000,4.000000,4.000000,6.000000,6.000000,96.000000,96.000000,96.000000,94.000000,94.000000,5.0,115.5303,105.0591,365.8461,376.3173,PENDING_AG03,FALSE,NOT_FOR_ENFORCEMENT,462.1214,25744.1481,481.3764,462.1214,19.2551,0.01677744,0.01610634,19.2551,462.1214,0.01610634,19.2551,19.2551,19.2551,28.8826,28.8826,462.1214,0.01610634,115.5303,105.0591,365.8461,376.3173,0.01275085,0.01311581,0.00067110,4.4782,17.1026,0.3070,14.1581,2.0749,843.8790,46.1176,3.8592,4.7027,2.0771,2.1006,2.2009,10.5412,18.9056,30.5448,2.1006,-2.0771,8.999999,14.540867,2.131851,21,92,33,14,0.22933070,0.01677744,0.06906760,0E-8,0.000000,0.934648,0.477291,-0.06785032,2026-03-31,2026-08-03,34,232,155,126,0.269841,0.820639,0.861772,0.764436,,,,,,,,GLOBAL_BASELINE_NO_ENTITY_RANKING,,,NOT_APPLICABLE_GLOBAL_BASELINE,HF9g-P5,,,,X 全窗基线 · 不参与实体赏罚,8391068,840,A168_HF9F_20260827_0900,2026-08-27 09:00:00
2026-08-01,60761351,763,0,284.6694682373,-27.3759495693,-27.3759495693,0.3529412,79,17,0.29974067369694623,0.159147665686,0.4787821018616049,2.1842567558415067,0.4787821018616049,0.14059300801094623,ELIGIBLE,R03b_20260811_FULL_v1,L1_ELIGIBILITY,v2026-08-11,2026-03-21..2026-08-06,baccarat_bet02_101_all_pairs_incl_sentinel,round_win = game_pnl > 0 (decisive only),COMPATIBILITY_ONLY_NOT_PRODUCTION,28691.8873,26816.8210,481.3764,6407,1568,-0.01677744,-0.06906760,-0.00121728,-0.01677744,-481.3764,28691.8873,OK,0.0000,19.2551,4.0000,96.0000,AG03-UNRESOLVED,ALL5_LEVELS_bet23_to_bet27,19.2551,19.2551,19.2551,28.8826,28.8826,4.000000,4.000000,4.000000,6.000000,6.000000,96.000000,96.000000,96.000000,94.000000,94.000000,5.0,115.5303,105.0591,365.8461,376.3173,PENDING_AG03,FALSE,NOT_FOR_ENFORCEMENT,462.1214,25744.1481,481.3764,462.1214,19.2551,0.01677744,0.01610634,19.2551,462.1214,0.01610634,19.2551,19.2551,19.2551,28.8826,28.8826,462.1214,0.01610634,115.5303,105.0591,365.8461,376.3173,0.01275085,0.01311581,0.00067110,4.4782,17.1026,0.3070,14.1581,2.0749,843.8790,46.1176,3.8592,4.7027,2.0771,2.1006,2.2009,10.5412,18.9056,30.5448,2.1006,-2.0771,8.999999,14.540867,2.131851,21,92,33,14,0.22933070,0.01677744,0.06906760,0E-8,0.000000,0.934648,0.477291,-0.06785032,2026-03-31,2026-08-03,34,232,155,126,0.269841,0.820639,0.861772,0.764436,,,,,,,,GLOBAL_BASELINE_NO_ENTITY_RANKING,,,NOT_APPLICABLE_GLOBAL_BASELINE,HF9g-P5,,,,X 全窗基线 · 不参与实体赏罚,8391069,840,A168_HF9F_20260827_0900,2026-08-27 09:00:00
2026-08-01,60761351,789,0,123.2422822038,-12.1221916914,-12.1221916914,0.5000000,28,6,0.33338765638510734,0.158209346667,0.8657078684736519,2.294128230808208,0.8657078684736519,0.17517830971810734,ELIGIBLE,R03b_20260811_FULL_v1,L1_ELIGIBILITY,v2026-08-11,2026-03-21..2026-08-06,baccarat_bet02_101_all_pairs_incl_sentinel,round_win = game_pnl > 0 (decisive only),COMPATIBILITY_ONLY_NOT_PRODUCTION,28691.8873,26816.8210,481.3764,6407,1568,-0.01677744,-0.06906760,-0.00121728,-0.01677744,-481.3764,28691.8873,OK,0.0000,19.2551,4.0000,96.0000,AG03-UNRESOLVED,ALL5_LEVELS_bet23_to_bet27,19.2551,19.2551,19.2551,28.8826,28.8826,4.000000,4.000000,4.000000,6.000000,6.000000,96.000000,96.000000,96.000000,94.000000,94.000000,5.0,115.5303,105.0591,365.8461,376.3173,PENDING_AG03,FALSE,NOT_FOR_ENFORCEMENT,462.1214,25744.1481,481.3764,462.1214,19.2551,0.01677744,0.01610634,19.2551,462.1214,0.01610634,19.2551,19.2551,19.2551,28.8826,28.8826,462.1214,0.01610634,115.5303,105.0591,365.8461,376.3173,0.01275085,0.01311581,0.00067110,4.4782,17.1026,0.3070,14.1581,2.0749,843.8790,46.1176,3.8592,4.7027,2.0771,2.1006,2.2009,10.5412,18.9056,30.5448,2.1006,-2.0771,8.999999,14.540867,2.131851,21,92,33,14,0.22933070,0.01677744,0.06906760,0E-8,0.000000,0.934648,0.477291,-0.06785032,2026-03-31,2026-08-03,34,232,155,126,0.269841,0.820639,0.861772,0.764436,,,,,,,,GLOBAL_BASELINE_NO_ENTITY_RANKING,,,NOT_APPLICABLE_GLOBAL_BASELINE,HF9g-P5,,,,X 全窗基线 · 不参与实体赏罚,8391070,840,A168_HF9F_20260827_0900,2026-08-27 09:00:00
2026-08-01,60761351,987,0,40.0032325841,-14.9507030867,-14.9507030867,0.3333333,10,3,0.29333607859559102,0.234771065000,0.1521603893511907,0.4027664995422253,0.1521603893511907,0.05856501359559102,ELIGIBLE,R03b_20260811_FULL_v1,L1_ELIGIBILITY,v2026-08-11,2026-03-21..2026-08-06,baccarat_bet02_101_all_pairs_incl_sentinel,round_win = game_pnl > 0 (decisive only),COMPATIBILITY_ONLY_NOT_PRODUCTION,28691.8873,26816.8210,481.3764,6407,1568,-0.01677744,-0.06906760,-0.00121728,-0.01677744,-481.3764,28691.8873,OK,0.0000,19.2551,4.0000,96.0000,AG03-UNRESOLVED,ALL5_LEVELS_bet23_to_bet27,19.2551,19.2551,19.2551,28.8826,28.8826,4.000000,4.000000,4.000000,6.000000,6.000000,96.000000,96.000000,96.000000,94.000000,94.000000,5.0,115.5303,105.0591,365.8461,376.3173,PENDING_AG03,FALSE,NOT_FOR_ENFORCEMENT,462.1214,25744.1481,481.3764,462.1214,19.2551,0.01677744,0.01610634,19.2551,462.1214,0.01610634,19.2551,19.2551,19.2551,28.8826,28.8826,462.1214,0.01610634,115.5303,105.0591,365.8461,376.3173,0.01275085,0.01311581,0.00067110,4.4782,17.1026,0.3070,14.1581,2.0749,843.8790,46.1176,3.8592,4.7027,2.0771,2.1006,2.2009,10.5412,18.9056,30.5448,2.1006,-2.0771,8.999999,14.540867,2.131851,21,92,33,14,0.22933070,0.01677744,0.06906760,0E-8,0.000000,0.934648,0.477291,-0.06785032,2026-03-31,2026-08-03,34,232,155,126,0.269841,0.820639,0.861772,0.764436,,,,,,,,GLOBAL_BASELINE_NO_ENTITY_RANKING,,,NOT_APPLICABLE_GLOBAL_BASELINE,HF9g-P5,,,,X 全窗基线 · 不参与实体赏罚,8391071,840,A168_HF9F_20260827_0900,2026-08-27 09:00:00
2026-08-03,60761351,1646,0,261.8393405509,-46.4684014849,-46.4684014849,0.5384615,59,13,0.32453207652051412,0.170824515513,1.647445648925965,3.522026273141254,1.647445648925965,0.15370756100751412,ELIGIBLE,R03b_20260811_FULL_v1,L1_ELIGIBILITY,v2026-08-11,2026-03-21..2026-08-06,baccarat_bet02_101_all_pairs_incl_sentinel,round_win = game_pnl > 0 (decisive only),COMPATIBILITY_ONLY_NOT_PRODUCTION,28691.8873,26816.8210,481.3764,6407,1568,-0.01677744,-0.06906760,-0.00121728,-0.01677744,-481.3764,28691.8873,OK,0.0000,19.2551,4.0000,96.0000,AG03-UNRESOLVED,ALL5_LEVELS_bet23_to_bet27,19.2551,19.2551,19.2551,28.8826,28.8826,4.000000,4.000000,4.000000,6.000000,6.000000,96.000000,96.000000,96.000000,94.000000,94.000000,5.0,115.5303,105.0591,365.8461,376.3173,PENDING_AG03,FALSE,NOT_FOR_ENFORCEMENT,462.1214,25744.1481,481.3764,462.1214,19.2551,0.01677744,0.01610634,19.2551,462.1214,0.01610634,19.2551,19.2551,19.2551,28.8826,28.8826,462.1214,0.01610634,115.5303,105.0591,365.8461,376.3173,0.01275085,0.01311581,0.00067110,4.4782,17.1026,0.3070,14.1581,2.0749,843.8790,46.1176,3.8592,4.7027,2.0771,2.1006,2.2009,10.5412,18.9056,30.5448,2.1006,-2.0771,8.999999,14.540867,2.131851,21,92,33,14,0.22933070,0.01677744,0.06906760,0E-8,0.000000,0.934648,0.477291,-0.06785032,2026-03-31,2026-08-03,34,232,155,126,0.269841,0.820639,0.861772,0.764436,,,,,,,,GLOBAL_BASELINE_NO_ENTITY_RANKING,,,NOT_APPLICABLE_GLOBAL_BASELINE,HF9g-P5,,,,X 全窗基线 · 不参与实体赏罚,8391072,840,A168_HF9F_20260827_0900,2026-08-27 09:00:00
2026-08-03,60761351,1940,0,50.5091320507,-50.5091320507,-50.5091320507,0E-7,10,2,0.35337838149543411,0.148612920000,-1.045465910480968,-0.590853420264362,-1.045465910480968,0.20476546149543411,ELIGIBLE,R03b_20260811_FULL_v1,L1_ELIGIBILITY,v2026-08-11,2026-03-21..2026-08-06,baccarat_bet02_101_all_pairs_incl_sentinel,round_win = game_pnl > 0 (decisive only),COMPATIBILITY_ONLY_NOT_PRODUCTION,28691.8873,26816.8210,481.3764,6407,1568,-0.01677744,-0.06906760,-0.00121728,-0.01677744,-481.3764,28691.8873,OK,0.0000,19.2551,4.0000,96.0000,AG03-UNRESOLVED,ALL5_LEVELS_bet23_to_bet27,19.2551,19.2551,19.2551,28.8826,28.8826,4.000000,4.000000,4.000000,6.000000,6.000000,96.000000,96.000000,96.000000,94.000000,94.000000,5.0,115.5303,105.0591,365.8461,376.3173,PENDING_AG03,FALSE,NOT_FOR_ENFORCEMENT,462.1214,25744.1481,481.3764,462.1214,19.2551,0.01677744,0.01610634,19.2551,462.1214,0.01610634,19.2551,19.2551,19.2551,28.8826,28.8826,462.1214,0.01610634,115.5303,105.0591,365.8461,376.3173,0.01275085,0.01311581,0.00067110,4.4782,17.1026,0.3070,14.1581,2.0749,843.8790,46.1176,3.8592,4.7027,2.0771,2.1006,2.2009,10.5412,18.9056,30.5448,2.1006,-2.0771,8.999999,14.540867,2.131851,21,92,33,14,0.22933070,0.01677744,0.06906760,0E-8,0.000000,0.934648,0.477291,-0.06785032,2026-03-31,2026-08-03,34,232,155,126,0.269841,0.820639,0.861772,0.764436,,,,,,,,GLOBAL_BASELINE_NO_ENTITY_RANKING,,,NOT_APPLICABLE_GLOBAL_BASELINE,HF9g-P5,,,,X 全窗基线 · 不参与实体赏罚,8391073,840,A168_HF9F_20260827_0900,2026-08-27 09:00:00
2026-08-03,60761351,2121,0,74.7535154351,-14.1425569739,-14.1425569739,0.3333333,13,3,0.36860377149869821,0.165038380000,-0.1266311652790177,0.7852464610363091,-0.1266311652790177,0.20356539149869821,ELIGIBLE,R03b_20260811_FULL_v1,L1_ELIGIBILITY,v2026-08-11,2026-03-21..2026-08-06,baccarat_bet02_101_all_pairs_incl_sentinel,round_win = game_pnl > 0 (decisive only),COMPATIBILITY_ONLY_NOT_PRODUCTION,28691.8873,26816.8210,481.3764,6407,1568,-0.01677744,-0.06906760,-0.00121728,-0.01677744,-481.3764,28691.8873,OK,0.0000,19.2551,4.0000,96.0000,AG03-UNRESOLVED,ALL5_LEVELS_bet23_to_bet27,19.2551,19.2551,19.2551,28.8826,28.8826,4.000000,4.000000,4.000000,6.000000,6.000000,96.000000,96.000000,96.000000,94.000000,94.000000,5.0,115.5303,105.0591,365.8461,376.3173,PENDING_AG03,FALSE,NOT_FOR_ENFORCEMENT,462.1214,25744.1481,481.3764,462.1214,19.2551,0.01677744,0.01610634,19.2551,462.1214,0.01610634,19.2551,19.2551,19.2551,28.8826,28.8826,462.1214,0.01610634,115.5303,105.0591,365.8461,376.3173,0.01275085,0.01311581,0.00067110,4.4782,17.1026,0.3070,14.1581,2.0749,843.8790,46.1176,3.8592,4.7027,2.0771,2.1006,2.2009,10.5412,18.9056,30.5448,2.1006,-2.0771,8.999999,14.540867,2.131851,21,92,33,14,0.22933070,0.01677744,0.06906760,0E-8,0.000000,0.934648,0.477291,-0.06785032,2026-03-31,2026-08-03,34,232,155,126,0.269841,0.820639,0.861772,0.764436,,,,,,,,GLOBAL_BASELINE_NO_ENTITY_RANKING,,,NOT_APPLICABLE_GLOBAL_BASELINE,HF9g-P5,,,,X 全窗基线 · 不参与实体赏罚,8391074,840,A168_HF9F_20260827_0900,2026-08-27 09:00:00
2026-08-03,60761351,2134,0,291.5387101967,185.9746242142,185.9746242142,0.5714286,63,14,0.34493788787704077,0.179050570714,1.7828001824261315,3.8293283796649744,1.7828001824261315,0.16588731716304077,ELIGIBLE,R03b_20260811_FULL_v1,L1_ELIGIBILITY,v2026-08-11,2026-03-21..2026-08-06,baccarat_bet02_101_all_pairs_incl_sentinel,round_win = game_pnl > 0 (decisive only),COMPATIBILITY_ONLY_NOT_PRODUCTION,28691.8873,26816.8210,481.3764,6407,1568,-0.01677744,-0.06906760,-0.00121728,-0.01677744,-481.3764,28691.8873,OK,0.0000,19.2551,4.0000,96.0000,AG03-UNRESOLVED,ALL5_LEVELS_bet23_to_bet27,19.2551,19.2551,19.2551,28.8826,28.8826,4.000000,4.000000,4.000000,6.000000,6.000000,96.000000,96.000000,96.000000,94.000000,94.000000,5.0,115.5303,105.0591,365.8461,376.3173,PENDING_AG03,FALSE,NOT_FOR_ENFORCEMENT,462.1214,25744.1481,481.3764,462.1214,19.2551,0.01677744,0.01610634,19.2551,462.1214,0.01610634,19.2551,19.2551,19.2551,28.8826,28.8826,462.1214,0.01610634,115.5303,105.0591,365.8461,376.3173,0.01275085,0.01311581,0.00067110,4.4782,17.1026,0.3070,14.1581,2.0749,843.8790,46.1176,3.8592,4.7027,2.0771,2.1006,2.2009,10.5412,18.9056,30.5448,2.1006,-2.0771,8.999999,14.540867,2.131851,21,92,33,14,0.22933070,0.01677744,0.06906760,0E-8,0.000000,0.934648,0.477291,-0.06785032,2026-03-31,2026-08-03,34,232,155,126,0.269841,0.820639,0.861772,0.764436,,,,,,,,GLOBAL_BASELINE_NO_ENTITY_RANKING,,,NOT_APPLICABLE_GLOBAL_BASELINE,HF9g-P5,,,,X 全窗基线 · 不参与实体赏罚,8391075,840,A168_HF9F_20260827_0900,2026-08-27 09:00:00
2026-08-03,60761351,2174,0,62.6313237429,-12.1221916918,-12.1221916918,0.6666667,14,3,0.32422615708517211,0.162037817778,1.26712963705169,2.371986974462156,1.26712963705169,0.16218833930717211,ELIGIBLE,R03b_20260811_FULL_v1,L1_ELIGIBILITY,v2026-08-11,2026-03-21..2026-08-06,baccarat_bet02_101_all_pairs_incl_sentinel,round_win = game_pnl > 0 (decisive only),COMPATIBILITY_ONLY_NOT_PRODUCTION,28691.8873,26816.8210,481.3764,6407,1568,-0.01677744,-0.06906760,-0.00121728,-0.01677744,-481.3764,28691.8873,OK,0.0000,19.2551,4.0000,96.0000,AG03-UNRESOLVED,ALL5_LEVELS_bet23_to_bet27,19.2551,19.2551,19.2551,28.8826,28.8826,4.000000,4.000000,4.000000,6.000000,6.000000,96.000000,96.000000,96.000000,94.000000,94.000000,5.0,115.5303,105.0591,365.8461,376.3173,PENDING_AG03,FALSE,NOT_FOR_ENFORCEMENT,462.1214,25744.1481,481.3764,462.1214,19.2551,0.01677744,0.01610634,19.2551,462.1214,0.01610634,19.2551,19.2551,19.2551,28.8826,28.8826,462.1214,0.01610634,115.5303,105.0591,365.8461,376.3173,0.01275085,0.01311581,0.00067110,4.4782,17.1026,0.3070,14.1581,2.0749,843.8790,46.1176,3.8592,4.7027,2.0771,2.1006,2.2009,10.5412,18.9056,30.5448,2.1006,-2.0771,8.999999,14.540867,2.131851,21,92,33,14,0.22933070,0.01677744,0.06906760,0E-8,0.000000,0.934648,0.477291,-0.06785032,2026-03-31,2026-08-03,34,232,155,126,0.269841,0.820639,0.861772,0.764436,,,,,,,,GLOBAL_BASELINE_NO_ENTITY_RANKING,,,NOT_APPLICABLE_GLOBAL_BASELINE,HF9g-P5,,,,X 全窗基线 · 不参与实体赏罚,8391076,840,A168_HF9F_20260827_0900,2026-08-27 09:00:00
2026-08-03,60761351,2239,0,10.1018264102,-10.1018264102,-10.1018264102,0E-7,1,1,0.50665070000000000,0.506650700000,-1.013391052207602,-1.013391052207602,-1.013391052207602,0E-17,ELIGIBLE,R03b_20260811_FULL_v1,L1_ELIGIBILITY,v2026-08-11,2026-03-21..2026-08-06,baccarat_bet02_101_all_pairs_incl_sentinel,round_win = game_pnl > 0 (decisive only),COMPATIBILITY_ONLY_NOT_PRODUCTION,28691.8873,26816.8210,481.3764,6407,1568,-0.01677744,-0.06906760,-0.00121728,-0.01677744,-481.3764,28691.8873,OK,0.0000,19.2551,4.0000,96.0000,AG03-UNRESOLVED,ALL5_LEVELS_bet23_to_bet27,19.2551,19.2551,19.2551,28.8826,28.8826,4.000000,4.000000,4.000000,6.000000,6.000000,96.000000,96.000000,96.000000,94.000000,94.000000,5.0,115.5303,105.0591,365.8461,376.3173,PENDING_AG03,FALSE,NOT_FOR_ENFORCEMENT,462.1214,25744.1481,481.3764,462.1214,19.2551,0.01677744,0.01610634,19.2551,462.1214,0.01610634,19.2551,19.2551,19.2551,28.8826,28.8826,462.1214,0.01610634,115.5303,105.0591,365.8461,376.3173,0.01275085,0.01311581,0.00067110,4.4782,17.1026,0.3070,14.1581,2.0749,843.8790,46.1176,3.8592,4.7027,2.0771,2.1006,2.2009,10.5412,18.9056,30.5448,2.1006,-2.0771,8.999999,14.540867,2.131851,21,92,33,14,0.22933070,0.01677744,0.06906760,0E-8,0.000000,0.934648,0.477291,-0.06785032,2026-03-31,2026-08-03,34,232,155,126,0.269841,0.820639,0.861772,0.764436,,,,,,,,GLOBAL_BASELINE_NO_ENTITY_RANKING,,,NOT_APPLICABLE_GLOBAL_BASELINE,HF9g-P5,,,,X 全窗基线 · 不参与实体赏罚,8391077,840,A168_HF9F_20260827_0900,2026-08-27 09:00:00
2026-08-03,60761351,2267,0,86.8757071272,-42.4276709223,-42.4276709223,0.2500000,20,4,0.32845095281970129,0.148612920000,-0.3340827767357697,0.5700603033649161,-0.3340827767357697,0.17983803281970129,ELIGIBLE,R03b_20260811_FULL_v1,L1_ELIGIBILITY,v2026-08-11,2026-03-21..2026-08-06,baccarat_bet02_101_all_pairs_incl_sentinel,round_win = game_pnl > 0 (decisive only),COMPATIBILITY_ONLY_NOT_PRODUCTION,28691.8873,26816.8210,481.3764,6407,1568,-0.01677744,-0.06906760,-0.00121728,-0.01677744,-481.3764,28691.8873,OK,0.0000,19.2551,4.0000,96.0000,AG03-UNRESOLVED,ALL5_LEVELS_bet23_to_bet27,19.2551,19.2551,19.2551,28.8826,28.8826,4.000000,4.000000,4.000000,6.000000,6.000000,96.000000,96.000000,96.000000,94.000000,94.000000,5.0,115.5303,105.0591,365.8461,376.3173,PENDING_AG03,FALSE,NOT_FOR_ENFORCEMENT,462.1214,25744.1481,481.3764,462.1214,19.2551,0.01677744,0.01610634,19.2551,462.1214,0.01610634,19.2551,19.2551,19.2551,28.8826,28.8826,462.1214,0.01610634,115.5303,105.0591,365.8461,376.3173,0.01275085,0.01311581,0.00067110,4.4782,17.1026,0.3070,14.1581,2.0749,843.8790,46.1176,3.8592,4.7027,2.0771,2.1006,2.2009,10.5412,18.9056,30.5448,2.1006,-2.0771,8.999999,14.540867,2.131851,21,92,33,14,0.22933070,0.01677744,0.06906760,0E-8,0.000000,0.934648,0.477291,-0.06785032,2026-03-31,2026-08-03,34,232,155,126,0.269841,0.820639,0.861772,0.764436,,,,,,,,GLOBAL_BASELINE_NO_ENTITY_RANKING,,,NOT_APPLICABLE_GLOBAL_BASELINE,HF9g-P5,,,,X 全窗基线 · 不参与实体赏罚,8391078,840,A168_HF9F_20260827_0900,2026-08-27 09:00:00
2026-08-03,60761351,526,0,58.5905931789,10.1018264105,10.1018264105,0.7500000,11,4,0.42250891388990426,0.334829130000,1.3259858778601974,1.7594569362408998,1.3259858778601974,0.08767978388990426,ELIGIBLE,R03b_20260811_FULL_v1,L1_ELIGIBILITY,v2026-08-11,2026-03-21..2026-08-06,baccarat_bet02_101_all_pairs_incl_sentinel,round_win = game_pnl > 0 (decisive only),COMPATIBILITY_ONLY_NOT_PRODUCTION,28691.8873,26816.8210,481.3764,6407,1568,-0.01677744,-0.06906760,-0.00121728,-0.01677744,-481.3764,28691.8873,OK,0.0000,19.2551,4.0000,96.0000,AG03-UNRESOLVED,ALL5_LEVELS_bet23_to_bet27,19.2551,19.2551,19.2551,28.8826,28.8826,4.000000,4.000000,4.000000,6.000000,6.000000,96.000000,96.000000,96.000000,94.000000,94.000000,5.0,115.5303,105.0591,365.8461,376.3173,PENDING_AG03,FALSE,NOT_FOR_ENFORCEMENT,462.1214,25744.1481,481.3764,462.1214,19.2551,0.01677744,0.01610634,19.2551,462.1214,0.01610634,19.2551,19.2551,19.2551,28.8826,28.8826,462.1214,0.01610634,115.5303,105.0591,365.8461,376.3173,0.01275085,0.01311581,0.00067110,4.4782,17.1026,0.3070,14.1581,2.0749,843.8790,46.1176,3.8592,4.7027,2.0771,2.1006,2.2009,10.5412,18.9056,30.5448,2.1006,-2.0771,8.999999,14.540867,2.131851,21,92,33,14,0.22933070,0.01677744,0.06906760,0E-8,0.000000,0.934648,0.477291,-0.06785032,2026-03-31,2026-08-03,34,232,155,126,0.269841,0.820639,0.861772,0.764436,,,,,,,,GLOBAL_BASELINE_NO_ENTITY_RANKING,,,NOT_APPLICABLE_GLOBAL_BASELINE,HF9g-P5,,,,X 全窗基线 · 不参与实体赏罚,8391079,840,A168_HF9F_20260827_0900,2026-08-27 09:00:00
2026-06-27,146841977,-1,1,207.7145171676,0E-10,0E-10,,1,1,0.49324550000000000,0.493245500000,,,,0E-17,SENTINEL_DEALER,R03b_20260811_FULL_v1,L1_ELIGIBILITY,v2026-08-11,2026-03-21..2026-08-06,baccarat_bet02_101_all_pairs_incl_sentinel,round_win = game_pnl > 0 (decisive only),COMPATIBILITY_ONLY_NOT_PRODUCTION,1683.7339,1443.6159,481.3784,15,12,-0.28589933,,-0.28589933,-0.28589933,-481.3784,1683.7339,THIN_EXPOSURE,0.0000,19.2551,4.0000,96.0000,AG03-UNRESOLVED,ALL5_LEVELS_bet23_to_bet27,19.2551,19.2551,24.0689,28.8827,28.8827,4.000000,4.000000,5.000000,6.000000,6.000000,96.000000,96.000000,95.000000,94.000000,94.000000,5.0,120.3446,108.9795,361.0338,372.3989,PENDING_AG03,FALSE,NOT_FOR_ENFORCEMENT,462.1233,1385.8713,481.3784,462.1233,19.2551,0.28589933,0.27446336,19.2551,462.1233,0.27446336,19.2551,19.2551,24.0689,28.8827,28.8827,462.1233,0.27446336,120.3446,108.9795,361.0338,372.3989,0.21442450,0.22117443,0.01143597,112.2489,120.3013,40.1149,160.4595,96.2757,561.2446,4.0000,,112.2489,31.4687,45.6972,207.7145,207.7145,207.7145,207.7145,39.4658,-20.7715,4.545455,4.545455,2.456364,4,2,3,5,0E-8,0.28589933,,0E-8,0.000000,0.857390,0.000000,,2026-06-27,2026-06-30,3,5,5,4,0.750000,,,0.000000,,,,,,,,GLOBAL_BASELINE_NO_ENTITY_RANKING,,,NOT_APPLICABLE_GLOBAL_BASELINE,HF9g-P5,,,,X 全窗基线 · 不参与实体赏罚,8391080,840,A168_HF9F_20260827_0900,2026-08-27 09:00:00
2026-06-28,146841977,-1,1,1080.1154892716,-249.2574206012,-249.2574206012,0.4000000,7,5,0.48653812666664300,0.442286646667,-0.38715061362563397,-0.19038416075114098,-0.38715061362563397,0.04425147999964300,SENTINEL_DEALER,R03b_20260811_FULL_v1,L1_ELIGIBILITY,v2026-08-11,2026-03-21..2026-08-06,baccarat_bet02_101_all_pairs_incl_sentinel,round_win = game_pnl > 0 (decisive only),COMPATIBILITY_ONLY_NOT_PRODUCTION,1683.7339,1443.6159,481.3784,15,12,-0.28589933,,-0.28589933,-0.28589933,-481.3784,1683.7339,THIN_EXPOSURE,0.0000,19.2551,4.0000,96.0000,AG03-UNRESOLVED,ALL5_LEVELS_bet23_to_bet27,19.2551,19.2551,24.0689,28.8827,28.8827,4.000000,4.000000,5.000000,6.000000,6.000000,96.000000,96.000000,95.000000,94.000000,94.000000,5.0,120.3446,108.9795,361.0338,372.3989,PENDING_AG03,FALSE,NOT_FOR_ENFORCEMENT,462.1233,1385.8713,481.3784,462.1233,19.2551,0.28589933,0.27446336,19.2551,462.1233,0.27446336,19.2551,19.2551,24.0689,28.8827,28.8827,462.1233,0.27446336,120.3446,108.9795,361.0338,372.3989,0.21442450,0.22117443,0.01143597,112.2489,120.3013,40.1149,160.4595,96.2757,561.2446,4.0000,,112.2489,31.4687,45.6972,207.7145,207.7145,207.7145,207.7145,39.4658,-20.7715,4.545455,4.545455,2.456364,4,2,3,5,0E-8,0.28589933,,0E-8,0.000000,0.857390,0.000000,,2026-06-27,2026-06-30,3,5,5,4,0.750000,,,0.000000,,,,,,,,GLOBAL_BASELINE_NO_ENTITY_RANKING,,,NOT_APPLICABLE_GLOBAL_BASELINE,HF9g-P5,,,,X 全窗基线 · 不参与实体赏罚,8391081,840,A168_HF9F_20260827_0900,2026-08-27 09:00:00
2026-06-28,146841977,2224,0,207.7145171676,-207.7145171676,-207.7145171676,0E-7,1,1,0.49324550000000000,0.493245500000,-0.9865810262130424,-0.9865810262130424,-0.9865810262130424,0E-17,ELIGIBLE,R03b_20260811_FULL_v1,L1_ELIGIBILITY,v2026-08-11,2026-03-21..2026-08-06,baccarat_bet02_101_all_pairs_incl_sentinel,round_win = game_pnl > 0 (decisive only),COMPATIBILITY_ONLY_NOT_PRODUCTION,1683.7339,1443.6159,481.3784,15,12,-0.28589933,,-0.28589933,-0.28589933,-481.3784,1683.7339,THIN_EXPOSURE,0.0000,19.2551,4.0000,96.0000,AG03-UNRESOLVED,ALL5_LEVELS_bet23_to_bet27,19.2551,19.2551,24.0689,28.8827,28.8827,4.000000,4.000000,5.000000,6.000000,6.000000,96.000000,96.000000,95.000000,94.000000,94.000000,5.0,120.3446,108.9795,361.0338,372.3989,PENDING_AG03,FALSE,NOT_FOR_ENFORCEMENT,462.1233,1385.8713,481.3784,462.1233,19.2551,0.28589933,0.27446336,19.2551,462.1233,0.27446336,19.2551,19.2551,24.0689,28.8827,28.8827,462.1233,0.27446336,120.3446,108.9795,361.0338,372.3989,0.21442450,0.22117443,0.01143597,112.2489,120.3013,40.1149,160.4595,96.2757,561.2446,4.0000,,112.2489,31.4687,45.6972,207.7145,207.7145,207.7145,207.7145,39.4658,-20.7715,4.545455,4.545455,2.456364,4,2,3,5,0E-8,0.28589933,,0E-8,0.000000,0.857390,0.000000,,2026-06-27,2026-06-30,3,5,5,4,0.750000,,,0.000000,,,,,,,,GLOBAL_BASELINE_NO_ENTITY_RANKING,,,NOT_APPLICABLE_GLOBAL_BASELINE,HF9g-P5,,,,X 全窗基线 · 不参与实体赏罚,8391082,840,A168_HF9F_20260827_0900,2026-08-27 09:00:00
2026-06-30,146841977,-1,1,188.1893525538,-24.4064557672,-24.4064557672,0.5000000,6,5,0.48928249499993336,0.456062270000,0.042879871917587305,0.17643345830308724,0.042879871917587305,0.03322022499993336,SENTINEL_DEALER,R03b_20260811_FULL_v1,L1_ELIGIBILITY,v2026-08-11,2026-03-21..2026-08-06,baccarat_bet02_101_all_pairs_incl_sentinel,round_win = game_pnl > 0 (decisive only),COMPATIBILITY_ONLY_NOT_PRODUCTION,1683.7339,1443.6159,481.3784,15,12,-0.28589933,,-0.28589933,-0.28589933,-481.3784,1683.7339,THIN_EXPOSURE,0.0000,19.2551,4.0000,96.0000,AG03-UNRESOLVED,ALL5_LEVELS_bet23_to_bet27,19.2551,19.2551,24.0689,28.8827,28.8827,4.000000,4.000000,5.000000,6.000000,6.000000,96.000000,96.000000,95.000000,94.000000,94.000000,5.0,120.3446,108.9795,361.0338,372.3989,PENDING_AG03,FALSE,NOT_FOR_ENFORCEMENT,462.1233,1385.8713,481.3784,462.1233,19.2551,0.28589933,0.27446336,19.2551,462.1233,0.27446336,19.2551,19.2551,24.0689,28.8827,28.8827,462.1233,0.27446336,120.3446,108.9795,361.0338,372.3989,0.21442450,0.22117443,0.01143597,112.2489,120.3013,40.1149,160.4595,96.2757,561.2446,4.0000,,112.2489,31.4687,45.6972,207.7145,207.7145,207.7145,207.7145,39.4658,-20.7715,4.545455,4.545455,2.456364,4,2,3,5,0E-8,0.28589933,,0E-8,0.000000,0.857390,0.000000,,2026-06-27,2026-06-30,3,5,5,4,0.750000,,,0.000000,,,,,,,,GLOBAL_BASELINE_NO_ENTITY_RANKING,,,NOT_APPLICABLE_GLOBAL_BASELINE,HF9g-P5,,,,X 全窗基线 · 不参与实体赏罚,8391083,840,A168_HF9F_20260827_0900,2026-08-27 09:00:00
2026-06-09,121937784,1306,0,203.5602268243,-82.0472342812,-82.0472342812,0.3333333,3,3,0.50665070000000000,0.506650700000,-0.6004420894325239,-0.6004420894325239,-0.6004420894325239,0E-17,ELIGIBLE,R03b_20260811_FULL_v1,L1_ELIGIBILITY,v2026-08-11,2026-03-21..2026-08-06,baccarat_bet02_101_all_pairs_incl_sentinel,round_win = game_pnl > 0 (decisive only),COMPATIBILITY_ONLY_NOT_PRODUCTION,2465.9450,2422.3250,481.3886,54,49,-0.19521466,-1.00000000,-0.18164882,-0.19521466,-481.3886,2465.9450,OK,0.0000,19.2555,4.0000,96.0000,AG03-UNRESOLVED,ALL5_LEVELS_bet23_to_bet27,19.2555,19.2555,21.6625,21.6625,21.6625,4.000000,4.000000,4.500000,4.500000,4.500000,96.000000,96.000000,95.500000,95.500000,95.500000,5.0,103.4986,94.9786,377.8901,386.41,PENDING_AG03,FALSE,NOT_FOR_ENFORCEMENT,462.1331,2325.4320,481.3886,462.1331,19.2555,0.19521466,0.18740607,19.2555,462.1331,0.18740607,19.2555,19.2555,21.6625,21.6625,21.6625,462.1331,0.18740607,103.4986,94.9786,377.8901,386.41,0.15324351,0.15669856,0.00780859,45.6656,49.4352,9.8243,60.1736,26.7438,308.2431,6.1250,40.8781,45.7560,10.3857,20.7715,62.3144,147.4773,186.9431,207.7145,20.7715,-2.0771,9.0,10.0,2.198481,13,15,10,6,0.01657704,0.19521466,1.00000000,0E-8,0.000000,0.982311,0.000000,-0.81835118,2026-06-09,2026-07-08,8,18,18,30,0.266667,0.893393,0.895160,0.055257,,,,,,,,GLOBAL_BASELINE_NO_ENTITY_RANKING,,,NOT_APPLICABLE_GLOBAL_BASELINE,HF9g-P5,,,,X 全窗基线 · 不参与实体赏罚,8391084,840,A168_HF9F_20260827_0900,2026-08-27 09:00:00
2026-06-09,121937784,2281,0,186.9430654508,-186.9430654508,-186.9430654508,0E-7,1,1,0.50665070000000000,0.506650700000,-1.013391052207602,-1.013391052207602,-1.013391052207602,0E-17,ELIGIBLE,R03b_20260811_FULL_v1,L1_ELIGIBILITY,v2026-08-11,2026-03-21..2026-08-06,baccarat_bet02_101_all_pairs_incl_sentinel,round_win = game_pnl > 0 (decisive only),COMPATIBILITY_ONLY_NOT_PRODUCTION,2465.9450,2422.3250,481.3886,54,49,-0.19521466,-1.00000000,-0.18164882,-0.19521466,-481.3886,2465.9450,OK,0.0000,19.2555,4.0000,96.0000,AG03-UNRESOLVED,ALL5_LEVELS_bet23_to_bet27,19.2555,19.2555,21.6625,21.6625,21.6625,4.000000,4.000000,4.500000,4.500000,4.500000,96.000000,96.000000,95.500000,95.500000,95.500000,5.0,103.4986,94.9786,377.8901,386.41,PENDING_AG03,FALSE,NOT_FOR_ENFORCEMENT,462.1331,2325.4320,481.3886,462.1331,19.2555,0.19521466,0.18740607,19.2555,462.1331,0.18740607,19.2555,19.2555,21.6625,21.6625,21.6625,462.1331,0.18740607,103.4986,94.9786,377.8901,386.41,0.15324351,0.15669856,0.00780859,45.6656,49.4352,9.8243,60.1736,26.7438,308.2431,6.1250,40.8781,45.7560,10.3857,20.7715,62.3144,147.4773,186.9431,207.7145,20.7715,-2.0771,9.0,10.0,2.198481,13,15,10,6,0.01657704,0.19521466,1.00000000,0E-8,0.000000,0.982311,0.000000,-0.81835118,2026-06-09,2026-07-08,8,18,18,30,0.266667,0.893393,0.895160,0.055257,,,,,,,,GLOBAL_BASELINE_NO_ENTITY_RANKING,,,NOT_APPLICABLE_GLOBAL_BASELINE,HF9g-P5,,,,X 全窗基线 · 不参与实体赏罚,8391085,840,A168_HF9F_20260827_0900,2026-08-27 09:00:00
2026-06-10,121937784,1490,0,187.9816380367,-104.9477597989,-104.9477597989,0.2500000,4,4,0.50665070000000000,0.506650700000,-1.0266936290537745,-1.0266936290537745,-1.0266936290537745,0E-17,ELIGIBLE,R03b_20260811_FULL_v1,L1_ELIGIBILITY,v2026-08-11,2026-03-21..2026-08-06,baccarat_bet02_101_all_pairs_incl_sentinel,round_win = game_pnl > 0 (decisive only),COMPATIBILITY_ONLY_NOT_PRODUCTION,2465.9450,2422.3250,481.3886,54,49,-0.19521466,-1.00000000,-0.18164882,-0.19521466,-481.3886,2465.9450,OK,0.0000,19.2555,4.0000,96.0000,AG03-UNRESOLVED,ALL5_LEVELS_bet23_to_bet27,19.2555,19.2555,21.6625,21.6625,21.6625,4.000000,4.000000,4.500000,4.500000,4.500000,96.000000,96.000000,95.500000,95.500000,95.500000,5.0,103.4986,94.9786,377.8901,386.41,PENDING_AG03,FALSE,NOT_FOR_ENFORCEMENT,462.1331,2325.4320,481.3886,462.1331,19.2555,0.19521466,0.18740607,19.2555,462.1331,0.18740607,19.2555,19.2555,21.6625,21.6625,21.6625,462.1331,0.18740607,103.4986,94.9786,377.8901,386.41,0.15324351,0.15669856,0.00780859,45.6656,49.4352,9.8243,60.1736,26.7438,308.2431,6.1250,40.8781,45.7560,10.3857,20.7715,62.3144,147.4773,186.9431,207.7145,20.7715,-2.0771,9.0,10.0,2.198481,13,15,10,6,0.01657704,0.19521466,1.00000000,0E-8,0.000000,0.982311,0.000000,-0.81835118,2026-06-09,2026-07-08,8,18,18,30,0.266667,0.893393,0.895160,0.055257,,,,,,,,GLOBAL_BASELINE_NO_ENTITY_RANKING,,,NOT_APPLICABLE_GLOBAL_BASELINE,HF9g-P5,,,,X 全窗基线 · 不参与实体赏罚,8391086,840,A168_HF9F_20260827_0900,2026-08-27 09:00:00
2026-06-17,121937784,-1,1,97.6258230691,-20.7714517170,-20.7714517170,0.3750000,13,9,0.38045814814798261,0.351806887037,-0.031798127268416757,0.13737245575935172,-0.031798127268416757,0.02865126111098261,SENTINEL_DEALER,R03b_20260811_FULL_v1,L1_ELIGIBILITY,v2026-08-11,2026-03-21..2026-08-06,baccarat_bet02_101_all_pairs_incl_sentinel,round_win = game_pnl > 0 (decisive only),COMPATIBILITY_ONLY_NOT_PRODUCTION,2465.9450,2422.3250,481.3886,54,49,-0.19521466,-1.00000000,-0.18164882,-0.19521466,-481.3886,2465.9450,OK,0.0000,19.2555,4.0000,96.0000,AG03-UNRESOLVED,ALL5_LEVELS_bet23_to_bet27,19.2555,19.2555,21.6625,21.6625,21.6625,4.000000,4.000000,4.500000,4.500000,4.500000,96.000000,96.000000,95.500000,95.500000,95.500000,5.0,103.4986,94.9786,377.8901,386.41,PENDING_AG03,FALSE,NOT_FOR_ENFORCEMENT,462.1331,2325.4320,481.3886,462.1331,19.2555,0.19521466,0.18740607,19.2555,462.1331,0.18740607,19.2555,19.2555,21.6625,21.6625,21.6625,462.1331,0.18740607,103.4986,94.9786,377.8901,386.41,0.15324351,0.15669856,0.00780859,45.6656,49.4352,9.8243,60.1736,26.7438,308.2431,6.1250,40.8781,45.7560,10.3857,20.7715,62.3144,147.4773,186.9431,207.7145,20.7715,-2.0771,9.0,10.0,2.198481,13,15,10,6,0.01657704,0.19521466,1.00000000,0E-8,0.000000,0.982311,0.000000,-0.81835118,2026-06-09,2026-07-08,8,18,18,30,0.266667,0.893393,0.895160,0.055257,,,,,,,,GLOBAL_BASELINE_NO_ENTITY_RANKING,,,NOT_APPLICABLE_GLOBAL_BASELINE,HF9g-P5,,,,X 全窗基线 · 不参与实体赏罚,8391087,840,A168_HF9F_20260827_0900,2026-08-27 09:00:00
2026-06-19,121937784,-1,1,20.7714517168,-20.7714517168,-20.7714517168,0E-7,1,1,0.50665070000000000,0.506650700000,-1.013391052207602,-1.013391052207602,-1.013391052207602,0E-17,SENTINEL_DEALER,R03b_20260811_FULL_v1,L1_ELIGIBILITY,v2026-08-11,2026-03-21..2026-08-06,baccarat_bet02_101_all_pairs_incl_sentinel,round_win = game_pnl > 0 (decisive only),COMPATIBILITY_ONLY_NOT_PRODUCTION,2465.9450,2422.3250,481.3886,54,49,-0.19521466,-1.00000000,-0.18164882,-0.19521466,-481.3886,2465.9450,OK,0.0000,19.2555,4.0000,96.0000,AG03-UNRESOLVED,ALL5_LEVELS_bet23_to_bet27,19.2555,19.2555,21.6625,21.6625,21.6625,4.000000,4.000000,4.500000,4.500000,4.500000,96.000000,96.000000,95.500000,95.500000,95.500000,5.0,103.4986,94.9786,377.8901,386.41,PENDING_AG03,FALSE,NOT_FOR_ENFORCEMENT,462.1331,2325.4320,481.3886,462.1331,19.2555,0.19521466,0.18740607,19.2555,462.1331,0.18740607,19.2555,19.2555,21.6625,21.6625,21.6625,462.1331,0.18740607,103.4986,94.9786,377.8901,386.41,0.15324351,0.15669856,0.00780859,45.6656,49.4352,9.8243,60.1736,26.7438,308.2431,6.1250,40.8781,45.7560,10.3857,20.7715,62.3144,147.4773,186.9431,207.7145,20.7715,-2.0771,9.0,10.0,2.198481,13,15,10,6,0.01657704,0.19521466,1.00000000,0E-8,0.000000,0.982311,0.000000,-0.81835118,2026-06-09,2026-07-08,8,18,18,30,0.266667,0.893393,0.895160,0.055257,,,,,,,,GLOBAL_BASELINE_NO_ENTITY_RANKING,,,NOT_APPLICABLE_GLOBAL_BASELINE,HF9g-P5,,,,X 全窗基线 · 不参与实体赏罚,8391088,840,A168_HF9F_20260827_0900,2026-08-27 09:00:00
2026-06-19,121937784,1078,0,20.7714517168,19.7328791309,19.7328791309,1.0000000,1,1,0.50665070000000000,0.506650700000,0.9867858985152569,0.9867858985152569,0.9867858985152569,0E-17,ELIGIBLE,R03b_20260811_FULL_v1,L1_ELIGIBILITY,v2026-08-11,2026-03-21..2026-08-06,baccarat_bet02_101_all_pairs_incl_sentinel,round_win = game_pnl > 0 (decisive only),COMPATIBILITY_ONLY_NOT_PRODUCTION,2465.9450,2422.3250,481.3886,54,49,-0.19521466,-1.00000000,-0.18164882,-0.19521466,-481.3886,2465.9450,OK,0.0000,19.2555,4.0000,96.0000,AG03-UNRESOLVED,ALL5_LEVELS_bet23_to_bet27,19.2555,19.2555,21.6625,21.6625,21.6625,4.000000,4.000000,4.500000,4.500000,4.500000,96.000000,96.000000,95.500000,95.500000,95.500000,5.0,103.4986,94.9786,377.8901,386.41,PENDING_AG03,FALSE,NOT_FOR_ENFORCEMENT,462.1331,2325.4320,481.3886,462.1331,19.2555,0.19521466,0.18740607,19.2555,462.1331,0.18740607,19.2555,19.2555,21.6625,21.6625,21.6625,462.1331,0.18740607,103.4986,94.9786,377.8901,386.41,0.15324351,0.15669856,0.00780859,45.6656,49.4352,9.8243,60.1736,26.7438,308.2431,6.1250,40.8781,45.7560,10.3857,20.7715,62.3144,147.4773,186.9431,207.7145,20.7715,-2.0771,9.0,10.0,2.198481,13,15,10,6,0.01657704,0.19521466,1.00000000,0E-8,0.000000,0.982311,0.000000,-0.81835118,2026-06-09,2026-07-08,8,18,18,30,0.266667,0.893393,0.895160,0.055257,,,,,,,,GLOBAL_BASELINE_NO_ENTITY_RANKING,,,NOT_APPLICABLE_GLOBAL_BASELINE,HF9g-P5,,,,X 全窗基线 · 不参与实体赏罚,8391089,840,A168_HF9F_20260827_0900,2026-08-27 09:00:00
2026-06-19,121937784,1399,0,12.4628710301,0E-10,0E-10,,1,1,0.50665070000000000,0.506650700000,,,,0E-17,NO_DECISIVE_ROUND,R03b_20260811_FULL_v1,L1_ELIGIBILITY,v2026-08-11,2026-03-21..2026-08-06,baccarat_bet02_101_all_pairs_incl_sentinel,round_win = game_pnl > 0 (decisive only),COMPATIBILITY_ONLY_NOT_PRODUCTION,2465.9450,2422.3250,481.3886,54,49,-0.19521466,-1.00000000,-0.18164882,-0.19521466,-481.3886,2465.9450,OK,0.0000,19.2555,4.0000,96.0000,AG03-UNRESOLVED,ALL5_LEVELS_bet23_to_bet27,19.2555,19.2555,21.6625,21.6625,21.6625,4.000000,4.000000,4.500000,4.500000,4.500000,96.000000,96.000000,95.500000,95.500000,95.500000,5.0,103.4986,94.9786,377.8901,386.41,PENDING_AG03,FALSE,NOT_FOR_ENFORCEMENT,462.1331,2325.4320,481.3886,462.1331,19.2555,0.19521466,0.18740607,19.2555,462.1331,0.18740607,19.2555,19.2555,21.6625,21.6625,21.6625,462.1331,0.18740607,103.4986,94.9786,377.8901,386.41,0.15324351,0.15669856,0.00780859,45.6656,49.4352,9.8243,60.1736,26.7438,308.2431,6.1250,40.8781,45.7560,10.3857,20.7715,62.3144,147.4773,186.9431,207.7145,20.7715,-2.0771,9.0,10.0,2.198481,13,15,10,6,0.01657704,0.19521466,1.00000000,0E-8,0.000000,0.982311,0.000000,-0.81835118,2026-06-09,2026-07-08,8,18,18,30,0.266667,0.893393,0.895160,0.055257,,,,,,,,GLOBAL_BASELINE_NO_ENTITY_RANKING,,,NOT_APPLICABLE_GLOBAL_BASELINE,HF9g-P5,,,,X 全窗基线 · 不参与实体赏罚,8391090,840,A168_HF9F_20260827_0900,2026-08-27 09:00:00
2026-06-19,121937784,1654,0,6.2314355151,-2.1810024303,-2.1810024303,0.5000000,2,2,0.50665070000000000,0.506650700000,-0.018812684590367487,-0.018812684590367487,-0.018812684590367487,0E-17,ELIGIBLE,R03b_20260811_FULL_v1,L1_ELIGIBILITY,v2026-08-11,2026-03-21..2026-08-06,baccarat_bet02_101_all_pairs_incl_sentinel,round_win = game_pnl > 0 (decisive only),COMPATIBILITY_ONLY_NOT_PRODUCTION,2465.9450,2422.3250,481.3886,54,49,-0.19521466,-1.00000000,-0.18164882,-0.19521466,-481.3886,2465.9450,OK,0.0000,19.2555,4.0000,96.0000,AG03-UNRESOLVED,ALL5_LEVELS_bet23_to_bet27,19.2555,19.2555,21.6625,21.6625,21.6625,4.000000,4.000000,4.500000,4.500000,4.500000,96.000000,96.000000,95.500000,95.500000,95.500000,5.0,103.4986,94.9786,377.8901,386.41,PENDING_AG03,FALSE,NOT_FOR_ENFORCEMENT,462.1331,2325.4320,481.3886,462.1331,19.2555,0.19521466,0.18740607,19.2555,462.1331,0.18740607,19.2555,19.2555,21.6625,21.6625,21.6625,462.1331,0.18740607,103.4986,94.9786,377.8901,386.41,0.15324351,0.15669856,0.00780859,45.6656,49.4352,9.8243,60.1736,26.7438,308.2431,6.1250,40.8781,45.7560,10.3857,20.7715,62.3144,147.4773,186.9431,207.7145,20.7715,-2.0771,9.0,10.0,2.198481,13,15,10,6,0.01657704,0.19521466,1.00000000,0E-8,0.000000,0.982311,0.000000,-0.81835118,2026-06-09,2026-07-08,8,18,18,30,0.266667,0.893393,0.895160,0.055257,,,,,,,,GLOBAL_BASELINE_NO_ENTITY_RANKING,,,NOT_APPLICABLE_GLOBAL_BASELINE,HF9g-P5,,,,X 全窗基线 · 不参与实体赏罚,8391091,840,A168_HF9F_20260827_0900,2026-08-27 09:00:00
2026-06-19,121937784,1956,0,56.0829196353,14.2284444260,14.2284444260,0.6666667,3,3,0.49771390000000000,0.497713900000,0.5852756695216578,0.5852756695216578,0.5852756695216578,0E-17,ELIGIBLE,R03b_20260811_FULL_v1,L1_ELIGIBILITY,v2026-08-11,2026-03-21..2026-08-06,baccarat_bet02_101_all_pairs_incl_sentinel,round_win = game_pnl > 0 (decisive only),COMPATIBILITY_ONLY_NOT_PRODUCTION,2465.9450,2422.3250,481.3886,54,49,-0.19521466,-1.00000000,-0.18164882,-0.19521466,-481.3886,2465.9450,OK,0.0000,19.2555,4.0000,96.0000,AG03-UNRESOLVED,ALL5_LEVELS_bet23_to_bet27,19.2555,19.2555,21.6625,21.6625,21.6625,4.000000,4.000000,4.500000,4.500000,4.500000,96.000000,96.000000,95.500000,95.500000,95.500000,5.0,103.4986,94.9786,377.8901,386.41,PENDING_AG03,FALSE,NOT_FOR_ENFORCEMENT,462.1331,2325.4320,481.3886,462.1331,19.2555,0.19521466,0.18740607,19.2555,462.1331,0.18740607,19.2555,19.2555,21.6625,21.6625,21.6625,462.1331,0.18740607,103.4986,94.9786,377.8901,386.41,0.15324351,0.15669856,0.00780859,45.6656,49.4352,9.8243,60.1736,26.7438,308.2431,6.1250,40.8781,45.7560,10.3857,20.7715,62.3144,147.4773,186.9431,207.7145,20.7715,-2.0771,9.0,10.0,2.198481,13,15,10,6,0.01657704,0.19521466,1.00000000,0E-8,0.000000,0.982311,0.000000,-0.81835118,2026-06-09,2026-07-08,8,18,18,30,0.266667,0.893393,0.895160,0.055257,,,,,,,,GLOBAL_BASELINE_NO_ENTITY_RANKING,,,NOT_APPLICABLE_GLOBAL_BASELINE,HF9g-P5,,,,X 全窗基线 · 不参与实体赏罚,8391092,840,A168_HF9F_20260827_0900,2026-08-27 09:00:00
2026-06-19,121937784,2088,0,62.3143551504,41.5429034336,41.5429034336,1.0000000,3,3,0.49324550000000000,0.493245500000,1.4334489766152358,1.4334489766152358,1.4334489766152358,0E-17,ELIGIBLE,R03b_20260811_FULL_v1,L1_ELIGIBILITY,v2026-08-11,2026-03-21..2026-08-06,baccarat_bet02_101_all_pairs_incl_sentinel,round_win = game_pnl > 0 (decisive only),COMPATIBILITY_ONLY_NOT_PRODUCTION,2465.9450,2422.3250,481.3886,54,49,-0.19521466,-1.00000000,-0.18164882,-0.19521466,-481.3886,2465.9450,OK,0.0000,19.2555,4.0000,96.0000,AG03-UNRESOLVED,ALL5_LEVELS_bet23_to_bet27,19.2555,19.2555,21.6625,21.6625,21.6625,4.000000,4.000000,4.500000,4.500000,4.500000,96.000000,96.000000,95.500000,95.500000,95.500000,5.0,103.4986,94.9786,377.8901,386.41,PENDING_AG03,FALSE,NOT_FOR_ENFORCEMENT,462.1331,2325.4320,481.3886,462.1331,19.2555,0.19521466,0.18740607,19.2555,462.1331,0.18740607,19.2555,19.2555,21.6625,21.6625,21.6625,462.1331,0.18740607,103.4986,94.9786,377.8901,386.41,0.15324351,0.15669856,0.00780859,45.6656,49.4352,9.8243,60.1736,26.7438,308.2431,6.1250,40.8781,45.7560,10.3857,20.7715,62.3144,147.4773,186.9431,207.7145,20.7715,-2.0771,9.0,10.0,2.198481,13,15,10,6,0.01657704,0.19521466,1.00000000,0E-8,0.000000,0.982311,0.000000,-0.81835118,2026-06-09,2026-07-08,8,18,18,30,0.266667,0.893393,0.895160,0.055257,,,,,,,,GLOBAL_BASELINE_NO_ENTITY_RANKING,,,NOT_APPLICABLE_GLOBAL_BASELINE,HF9g-P5,,,,X 全窗基线 · 不参与实体赏罚,8391093,840,A168_HF9F_20260827_0900,2026-08-27 09:00:00
2026-06-19,121937784,2123,0,20.7714517168,-20.7714517168,-20.7714517168,0E-7,1,1,0.50665070000000000,0.506650700000,-1.013391052207602,-1.013391052207602,-1.013391052207602,0E-17,ELIGIBLE,R03b_20260811_FULL_v1,L1_ELIGIBILITY,v2026-08-11,2026-03-21..2026-08-06,baccarat_bet02_101_all_pairs_incl_sentinel,round_win = game_pnl > 0 (decisive only),COMPATIBILITY_ONLY_NOT_PRODUCTION,2465.9450,2422.3250,481.3886,54,49,-0.19521466,-1.00000000,-0.18164882,-0.19521466,-481.3886,2465.9450,OK,0.0000,19.2555,4.0000,96.0000,AG03-UNRESOLVED,ALL5_LEVELS_bet23_to_bet27,19.2555,19.2555,21.6625,21.6625,21.6625,4.000000,4.000000,4.500000,4.500000,4.500000,96.000000,96.000000,95.500000,95.500000,95.500000,5.0,103.4986,94.9786,377.8901,386.41,PENDING_AG03,FALSE,NOT_FOR_ENFORCEMENT,462.1331,2325.4320,481.3886,462.1331,19.2555,0.19521466,0.18740607,19.2555,462.1331,0.18740607,19.2555,19.2555,21.6625,21.6625,21.6625,462.1331,0.18740607,103.4986,94.9786,377.8901,386.41,0.15324351,0.15669856,0.00780859,45.6656,49.4352,9.8243,60.1736,26.7438,308.2431,6.1250,40.8781,45.7560,10.3857,20.7715,62.3144,147.4773,186.9431,207.7145,20.7715,-2.0771,9.0,10.0,2.198481,13,15,10,6,0.01657704,0.19521466,1.00000000,0E-8,0.000000,0.982311,0.000000,-0.81835118,2026-06-09,2026-07-08,8,18,18,30,0.266667,0.893393,0.895160,0.055257,,,,,,,,GLOBAL_BASELINE_NO_ENTITY_RANKING,,,NOT_APPLICABLE_GLOBAL_BASELINE,HF9g-P5,,,,X 全窗基线 · 不参与实体赏罚,8391094,840,A168_HF9F_20260827_0900,2026-08-27 09:00:00
2026-06-19,121937784,2216,0,62.3143551503,-62.3143551503,-62.3143551503,0E-7,2,2,0.49324550000000000,0.493245500000,-1.3952362676504506,-1.3952362676504506,-1.3952362676504506,0E-17,ELIGIBLE,R03b_20260811_FULL_v1,L1_ELIGIBILITY,v2026-08-11,2026-03-21..2026-08-06,baccarat_bet02_101_all_pairs_incl_sentinel,round_win = game_pnl > 0 (decisive only),COMPATIBILITY_ONLY_NOT_PRODUCTION,2465.9450,2422.3250,481.3886,54,49,-0.19521466,-1.00000000,-0.18164882,-0.19521466,-481.3886,2465.9450,OK,0.0000,19.2555,4.0000,96.0000,AG03-UNRESOLVED,ALL5_LEVELS_bet23_to_bet27,19.2555,19.2555,21.6625,21.6625,21.6625,4.000000,4.000000,4.500000,4.500000,4.500000,96.000000,96.000000,95.500000,95.500000,95.500000,5.0,103.4986,94.9786,377.8901,386.41,PENDING_AG03,FALSE,NOT_FOR_ENFORCEMENT,462.1331,2325.4320,481.3886,462.1331,19.2555,0.19521466,0.18740607,19.2555,462.1331,0.18740607,19.2555,19.2555,21.6625,21.6625,21.6625,462.1331,0.18740607,103.4986,94.9786,377.8901,386.41,0.15324351,0.15669856,0.00780859,45.6656,49.4352,9.8243,60.1736,26.7438,308.2431,6.1250,40.8781,45.7560,10.3857,20.7715,62.3144,147.4773,186.9431,207.7145,20.7715,-2.0771,9.0,10.0,2.198481,13,15,10,6,0.01657704,0.19521466,1.00000000,0E-8,0.000000,0.982311,0.000000,-0.81835118,2026-06-09,2026-07-08,8,18,18,30,0.266667,0.893393,0.895160,0.055257,,,,,,,,GLOBAL_BASELINE_NO_ENTITY_RANKING,,,NOT_APPLICABLE_GLOBAL_BASELINE,HF9g-P5,,,,X 全窗基线 · 不参与实体赏罚,8391095,840,A168_HF9F_20260827_0900,2026-08-27 09:00:00
2026-06-24,121937784,989,0,1154.8927154518,3.5311467919,3.5311467919,0.6250000,8,8,0.50665070000000000,0.506650700000,0.6695439735338472,0.6695439735338472,0.6695439735338472,0E-17,ELIGIBLE,R03b_20260811_FULL_v1,L1_ELIGIBILITY,v2026-08-11,2026-03-21..2026-08-06,baccarat_bet02_101_all_pairs_incl_sentinel,round_win = game_pnl > 0 (decisive only),COMPATIBILITY_ONLY_NOT_PRODUCTION,2465.9450,2422.3250,481.3886,54,49,-0.19521466,-1.00000000,-0.18164882,-0.19521466,-481.3886,2465.9450,OK,0.0000,19.2555,4.0000,96.0000,AG03-UNRESOLVED,ALL5_LEVELS_bet23_to_bet27,19.2555,19.2555,21.6625,21.6625,21.6625,4.000000,4.000000,4.500000,4.500000,4.500000,96.000000,96.000000,95.500000,95.500000,95.500000,5.0,103.4986,94.9786,377.8901,386.41,PENDING_AG03,FALSE,NOT_FOR_ENFORCEMENT,462.1331,2325.4320,481.3886,462.1331,19.2555,0.19521466,0.18740607,19.2555,462.1331,0.18740607,19.2555,19.2555,21.6625,21.6625,21.6625,462.1331,0.18740607,103.4986,94.9786,377.8901,386.41,0.15324351,0.15669856,0.00780859,45.6656,49.4352,9.8243,60.1736,26.7438,308.2431,6.1250,40.8781,45.7560,10.3857,20.7715,62.3144,147.4773,186.9431,207.7145,20.7715,-2.0771,9.0,10.0,2.198481,13,15,10,6,0.01657704,0.19521466,1.00000000,0E-8,0.000000,0.982311,0.000000,-0.81835118,2026-06-09,2026-07-08,8,18,18,30,0.266667,0.893393,0.895160,0.055257,,,,,,,,GLOBAL_BASELINE_NO_ENTITY_RANKING,,,NOT_APPLICABLE_GLOBAL_BASELINE,HF9g-P5,,,,X 全窗基线 · 不参与实体赏罚,8391096,840,A168_HF9F_20260827_0900,2026-08-27 09:00:00
2026-06-28,121937784,-1,1,2.0771451717,1.9732879131,1.9732879131,1.0000000,1,1,0.50665070000000000,0.506650700000,0.9867858985152569,0.9867858985152569,0.9867858985152569,0E-17,SENTINEL_DEALER,R03b_20260811_FULL_v1,L1_ELIGIBILITY,v2026-08-11,2026-03-21..2026-08-06,baccarat_bet02_101_all_pairs_incl_sentinel,round_win = game_pnl > 0 (decisive only),COMPATIBILITY_ONLY_NOT_PRODUCTION,2465.9450,2422.3250,481.3886,54,49,-0.19521466,-1.00000000,-0.18164882,-0.19521466,-481.3886,2465.9450,OK,0.0000,19.2555,4.0000,96.0000,AG03-UNRESOLVED,ALL5_LEVELS_bet23_to_bet27,19.2555,19.2555,21.6625,21.6625,21.6625,4.000000,4.000000,4.500000,4.500000,4.500000,96.000000,96.000000,95.500000,95.500000,95.500000,5.0,103.4986,94.9786,377.8901,386.41,PENDING_AG03,FALSE,NOT_FOR_ENFORCEMENT,462.1331,2325.4320,481.3886,462.1331,19.2555,0.19521466,0.18740607,19.2555,462.1331,0.18740607,19.2555,19.2555,21.6625,21.6625,21.6625,462.1331,0.18740607,103.4986,94.9786,377.8901,386.41,0.15324351,0.15669856,0.00780859,45.6656,49.4352,9.8243,60.1736,26.7438,308.2431,6.1250,40.8781,45.7560,10.3857,20.7715,62.3144,147.4773,186.9431,207.7145,20.7715,-2.0771,9.0,10.0,2.198481,13,15,10,6,0.01657704,0.19521466,1.00000000,0E-8,0.000000,0.982311,0.000000,-0.81835118,2026-06-09,2026-07-08,8,18,18,30,0.266667,0.893393,0.895160,0.055257,,,,,,,,GLOBAL_BASELINE_NO_ENTITY_RANKING,,,NOT_APPLICABLE_GLOBAL_BASELINE,HF9g-P5,,,,X 全窗基线 · 不参与实体赏罚,8391097,840,A168_HF9F_20260827_0900,2026-08-27 09:00:00
2026-06-29,121937784,-1,1,124.6287103006,103.8572585838,103.8572585838,1.0000000,3,2,0.46002527499994669,0.393584825000,1.5321838029239871,1.7554192453407476,1.5321838029239871,0.06644044999994669,SENTINEL_DEALER,R03b_20260811_FULL_v1,L1_ELIGIBILITY,v2026-08-11,2026-03-21..2026-08-06,baccarat_bet02_101_all_pairs_incl_sentinel,round_win = game_pnl > 0 (decisive only),COMPATIBILITY_ONLY_NOT_PRODUCTION,2465.9450,2422.3250,481.3886,54,49,-0.19521466,-1.00000000,-0.18164882,-0.19521466,-481.3886,2465.9450,OK,0.0000,19.2555,4.0000,96.0000,AG03-UNRESOLVED,ALL5_LEVELS_bet23_to_bet27,19.2555,19.2555,21.6625,21.6625,21.6625,4.000000,4.000000,4.500000,4.500000,4.500000,96.000000,96.000000,95.500000,95.500000,95.500000,5.0,103.4986,94.9786,377.8901,386.41,PENDING_AG03,FALSE,NOT_FOR_ENFORCEMENT,462.1331,2325.4320,481.3886,462.1331,19.2555,0.19521466,0.18740607,19.2555,462.1331,0.18740607,19.2555,19.2555,21.6625,21.6625,21.6625,462.1331,0.18740607,103.4986,94.9786,377.8901,386.41,0.15324351,0.15669856,0.00780859,45.6656,49.4352,9.8243,60.1736,26.7438,308.2431,6.1250,40.8781,45.7560,10.3857,20.7715,62.3144,147.4773,186.9431,207.7145,20.7715,-2.0771,9.0,10.0,2.198481,13,15,10,6,0.01657704,0.19521466,1.00000000,0E-8,0.000000,0.982311,0.000000,-0.81835118,2026-06-09,2026-07-08,8,18,18,30,0.266667,0.893393,0.895160,0.055257,,,,,,,,GLOBAL_BASELINE_NO_ENTITY_RANKING,,,NOT_APPLICABLE_GLOBAL_BASELINE,HF9g-P5,,,,X 全窗基线 · 不参与实体赏罚,8391098,840,A168_HF9F_20260827_0900,2026-08-27 09:00:00
2026-06-29,121937784,2201,0,81.0086616955,-1E-10,-1E-10,0.5000000,4,4,0.50665070000000000,0.506650700000,-0.02660515369234503,-0.02660515369234503,-0.02660515369234503,0E-17,ELIGIBLE,R03b_20260811_FULL_v1,L1_ELIGIBILITY,v2026-08-11,2026-03-21..2026-08-06,baccarat_bet02_101_all_pairs_incl_sentinel,round_win = game_pnl > 0 (decisive only),COMPATIBILITY_ONLY_NOT_PRODUCTION,2465.9450,2422.3250,481.3886,54,49,-0.19521466,-1.00000000,-0.18164882,-0.19521466,-481.3886,2465.9450,OK,0.0000,19.2555,4.0000,96.0000,AG03-UNRESOLVED,ALL5_LEVELS_bet23_to_bet27,19.2555,19.2555,21.6625,21.6625,21.6625,4.000000,4.000000,4.500000,4.500000,4.500000,96.000000,96.000000,95.500000,95.500000,95.500000,5.0,103.4986,94.9786,377.8901,386.41,PENDING_AG03,FALSE,NOT_FOR_ENFORCEMENT,462.1331,2325.4320,481.3886,462.1331,19.2555,0.19521466,0.18740607,19.2555,462.1331,0.18740607,19.2555,19.2555,21.6625,21.6625,21.6625,462.1331,0.18740607,103.4986,94.9786,377.8901,386.41,0.15324351,0.15669856,0.00780859,45.6656,49.4352,9.8243,60.1736,26.7438,308.2431,6.1250,40.8781,45.7560,10.3857,20.7715,62.3144,147.4773,186.9431,207.7145,20.7715,-2.0771,9.0,10.0,2.198481,13,15,10,6,0.01657704,0.19521466,1.00000000,0E-8,0.000000,0.982311,0.000000,-0.81835118,2026-06-09,2026-07-08,8,18,18,30,0.266667,0.893393,0.895160,0.055257,,,,,,,,GLOBAL_BASELINE_NO_ENTITY_RANKING,,,NOT_APPLICABLE_GLOBAL_BASELINE,HF9g-P5,,,,X 全窗基线 · 不参与实体赏罚,8391099,840,A168_HF9F_20260827_0900,2026-08-27 09:00:00
2026-06-29,121937784,2271,0,124.6287103005,-124.6287103005,-124.6287103005,0E-7,2,2,0.50665070000000000,0.506650700000,-1.4331513700195317,-1.4331513700195317,-1.4331513700195317,0E-17,ELIGIBLE,R03b_20260811_FULL_v1,L1_ELIGIBILITY,v2026-08-11,2026-03-21..2026-08-06,baccarat_bet02_101_all_pairs_incl_sentinel,round_win = game_pnl > 0 (decisive only),COMPATIBILITY_ONLY_NOT_PRODUCTION,2465.9450,2422.3250,481.3886,54,49,-0.19521466,-1.00000000,-0.18164882,-0.19521466,-481.3886,2465.9450,OK,0.0000,19.2555,4.0000,96.0000,AG03-UNRESOLVED,ALL5_LEVELS_bet23_to_bet27,19.2555,19.2555,21.6625,21.6625,21.6625,4.000000,4.000000,4.500000,4.500000,4.500000,96.000000,96.000000,95.500000,95.500000,95.500000,5.0,103.4986,94.9786,377.8901,386.41,PENDING_AG03,FALSE,NOT_FOR_ENFORCEMENT,462.1331,2325.4320,481.3886,462.1331,19.2555,0.19521466,0.18740607,19.2555,462.1331,0.18740607,19.2555,19.2555,21.6625,21.6625,21.6625,462.1331,0.18740607,103.4986,94.9786,377.8901,386.41,0.15324351,0.15669856,0.00780859,45.6656,49.4352,9.8243,60.1736,26.7438,308.2431,6.1250,40.8781,45.7560,10.3857,20.7715,62.3144,147.4773,186.9431,207.7145,20.7715,-2.0771,9.0,10.0,2.198481,13,15,10,6,0.01657704,0.19521466,1.00000000,0E-8,0.000000,0.982311,0.000000,-0.81835118,2026-06-09,2026-07-08,8,18,18,30,0.266667,0.893393,0.895160,0.055257,,,,,,,,GLOBAL_BASELINE_NO_ENTITY_RANKING,,,NOT_APPLICABLE_GLOBAL_BASELINE,HF9g-P5,,,,X 全窗基线 · 不参与实体赏罚,8391100,840,A168_HF9F_20260827_0900,2026-08-27 09:00:00
2026-07-08,121937784,462,0,40.8780607448,-40.8780607448,-40.8780607448,0E-7,1,1,0.49324550000000000,0.493245500000,-0.9865810262130424,-0.9865810262130424,-0.9865810262130424,0E-17,ELIGIBLE,R03b_20260811_FULL_v1,L1_ELIGIBILITY,v2026-08-11,2026-03-21..2026-08-06,baccarat_bet02_101_all_pairs_incl_sentinel,round_win = game_pnl > 0 (decisive only),COMPATIBILITY_ONLY_NOT_PRODUCTION,2465.9450,2422.3250,481.3886,54,49,-0.19521466,-1.00000000,-0.18164882,-0.19521466,-481.3886,2465.9450,OK,0.0000,19.2555,4.0000,96.0000,AG03-UNRESOLVED,ALL5_LEVELS_bet23_to_bet27,19.2555,19.2555,21.6625,21.6625,21.6625,4.000000,4.000000,4.500000,4.500000,4.500000,96.000000,96.000000,95.500000,95.500000,95.500000,5.0,103.4986,94.9786,377.8901,386.41,PENDING_AG03,FALSE,NOT_FOR_ENFORCEMENT,462.1331,2325.4320,481.3886,462.1331,19.2555,0.19521466,0.18740607,19.2555,462.1331,0.18740607,19.2555,19.2555,21.6625,21.6625,21.6625,462.1331,0.18740607,103.4986,94.9786,377.8901,386.41,0.15324351,0.15669856,0.00780859,45.6656,49.4352,9.8243,60.1736,26.7438,308.2431,6.1250,40.8781,45.7560,10.3857,20.7715,62.3144,147.4773,186.9431,207.7145,20.7715,-2.0771,9.0,10.0,2.198481,13,15,10,6,0.01657704,0.19521466,1.00000000,0E-8,0.000000,0.982311,0.000000,-0.81835118,2026-06-09,2026-07-08,8,18,18,30,0.266667,0.893393,0.895160,0.055257,,,,,,,,GLOBAL_BASELINE_NO_ENTITY_RANKING,,,NOT_APPLICABLE_GLOBAL_BASELINE,HF9g-P5,,,,X 全窗基线 · 不参与实体赏罚,8391101,840,A168_HF9F_20260827_0900,2026-08-27 09:00:00
2026-03-27,136297886,-1,1,82.9738533325,-22.6692490539,-22.6692490539,0.5000000,12,2,0.39758491007229741,0.138392825000,0.29594845773723644,1.4809506825389798,0.29594845773723644,0.25919208507229741,SENTINEL_DEALER,R03b_20260811_FULL_v1,L1_ELIGIBILITY,v2026-08-11,2026-03-21..2026-08-06,baccarat_bet02_101_all_pairs_incl_sentinel,round_win = game_pnl > 0 (decisive only),COMPATIBILITY_ONLY_NOT_PRODUCTION,5888.0642,5385.6108,481.3906,591,115,-0.08175703,,-0.08175703,-0.08175703,-481.3906,5888.0642,OK,0.0000,19.2556,4.0000,96.0000,AG03-UNRESOLVED,ALL5_LEVELS_bet23_to_bet27,19.2556,19.2556,19.2556,19.2556,19.2556,4.000000,4.000000,4.000000,4.000000,4.000000,96.000000,96.000000,96.000000,96.000000,96.000000,5.0,96.2781,88.8779,385.1125,392.5128,PENDING_AG03,FALSE,NOT_FOR_ENFORCEMENT,462.1350,5170.1863,481.3906,462.1350,19.2556,0.08175703,0.07848675,19.2556,462.1350,0.07848675,19.2556,19.2556,19.2556,19.2556,19.2556,462.1350,0.07848675,96.2781,88.8779,385.1125,392.5128,0.06540562,0.06666245,0.00327028,9.9629,46.8314,4.1860,120.3477,12.0348,1472.0160,28.7500,,9.9629,2.2009,2.2009,6.2314,35.2144,48.4198,72.7001,2.2009,-2.2009,22.0,33.032009,4.526736,20,33,4,8,0E-8,0.08175703,,0E-8,0.000000,0.914666,0.000000,,2026-03-27,2026-07-01,4,40,26,97,0.041237,,,0.000000,,,,,,,,GLOBAL_BASELINE_NO_ENTITY_RANKING,,,NOT_APPLICABLE_GLOBAL_BASELINE,HF9g-P5,,,,X 全窗基线 · 不参与实体赏罚,8391102,840,A168_HF9F_20260827_0900,2026-08-27 09:00:00
2026-03-27,136297886,1109,0,95.7390615374,82.5336737387,82.5336737387,1.0000000,11,2,0.41560330913375584,0.150226776667,1.6769857546111824,3.3635109390369613,1.6769857546111824,0.26537653246675584,ELIGIBLE,R03b_20260811_FULL_v1,L1_ELIGIBILITY,v2026-08-11,2026-03-21..2026-08-06,baccarat_bet02_101_all_pairs_incl_sentinel,round_win = game_pnl > 0 (decisive only),COMPATIBILITY_ONLY_NOT_PRODUCTION,5888.0642,5385.6108,481.3906,591,115,-0.08175703,,-0.08175703,-0.08175703,-481.3906,5888.0642,OK,0.0000,19.2556,4.0000,96.0000,AG03-UNRESOLVED,ALL5_LEVELS_bet23_to_bet27,19.2556,19.2556,19.2556,19.2556,19.2556,4.000000,4.000000,4.000000,4.000000,4.000000,96.000000,96.000000,96.000000,96.000000,96.000000,5.0,96.2781,88.8779,385.1125,392.5128,PENDING_AG03,FALSE,NOT_FOR_ENFORCEMENT,462.1350,5170.1863,481.3906,462.1350,19.2556,0.08175703,0.07848675,19.2556,462.1350,0.07848675,19.2556,19.2556,19.2556,19.2556,19.2556,462.1350,0.07848675,96.2781,88.8779,385.1125,392.5128,0.06540562,0.06666245,0.00327028,9.9629,46.8314,4.1860,120.3477,12.0348,1472.0160,28.7500,,9.9629,2.2009,2.2009,6.2314,35.2144,48.4198,72.7001,2.2009,-2.2009,22.0,33.032009,4.526736,20,33,4,8,0E-8,0.08175703,,0E-8,0.000000,0.914666,0.000000,,2026-03-27,2026-07-01,4,40,26,97,0.041237,,,0.000000,,,,,,,,GLOBAL_BASELINE_NO_ENTITY_RANKING,,,NOT_APPLICABLE_GLOBAL_BASELINE,HF9g-P5,,,,X 全窗基线 · 不参与实体赏罚,8391103,840,A168_HF9F_20260827_0900,2026-08-27 09:00:00
2026-03-27,136297886,1151,0,176.0718373101,20.9085306801,20.9085306801,0.8000000,23,5,0.41369178897534628,0.174834247333,1.7539511871848739,3.6804110794955056,1.7539511871848739,0.23885754164234628,ELIGIBLE,R03b_20260811_FULL_v1,L1_ELIGIBILITY,v2026-08-11,2026-03-21..2026-08-06,baccarat_bet02_101_all_pairs_incl_sentinel,round_win = game_pnl > 0 (decisive only),COMPATIBILITY_ONLY_NOT_PRODUCTION,5888.0642,5385.6108,481.3906,591,115,-0.08175703,,-0.08175703,-0.08175703,-481.3906,5888.0642,OK,0.0000,19.2556,4.0000,96.0000,AG03-UNRESOLVED,ALL5_LEVELS_bet23_to_bet27,19.2556,19.2556,19.2556,19.2556,19.2556,4.000000,4.000000,4.000000,4.000000,4.000000,96.000000,96.000000,96.000000,96.000000,96.000000,5.0,96.2781,88.8779,385.1125,392.5128,PENDING_AG03,FALSE,NOT_FOR_ENFORCEMENT,462.1350,5170.1863,481.3906,462.1350,19.2556,0.08175703,0.07848675,19.2556,462.1350,0.07848675,19.2556,19.2556,19.2556,19.2556,19.2556,462.1350,0.07848675,96.2781,88.8779,385.1125,392.5128,0.06540562,0.06666245,0.00327028,9.9629,46.8314,4.1860,120.3477,12.0348,1472.0160,28.7500,,9.9629,2.2009,2.2009,6.2314,35.2144,48.4198,72.7001,2.2009,-2.2009,22.0,33.032009,4.526736,20,33,4,8,0E-8,0.08175703,,0E-8,0.000000,0.914666,0.000000,,2026-03-27,2026-07-01,4,40,26,97,0.041237,,,0.000000,,,,,,,,GLOBAL_BASELINE_NO_ENTITY_RANKING,,,NOT_APPLICABLE_GLOBAL_BASELINE,HF9g-P5,,,,X 全窗基线 · 不参与实体赏罚,8391104,840,A168_HF9F_20260827_0900,2026-08-27 09:00:00
2026-03-27,136297886,1157,0,22.0089796637,-22.0089796637,-22.0089796637,0E-7,1,1,0.50665070000000000,0.506650700000,-1.013391052207602,-1.013391052207602,-1.013391052207602,0E-17,ELIGIBLE,R03b_20260811_FULL_v1,L1_ELIGIBILITY,v2026-08-11,2026-03-21..2026-08-06,baccarat_bet02_101_all_pairs_incl_sentinel,round_win = game_pnl > 0 (decisive only),COMPATIBILITY_ONLY_NOT_PRODUCTION,5888.0642,5385.6108,481.3906,591,115,-0.08175703,,-0.08175703,-0.08175703,-481.3906,5888.0642,OK,0.0000,19.2556,4.0000,96.0000,AG03-UNRESOLVED,ALL5_LEVELS_bet23_to_bet27,19.2556,19.2556,19.2556,19.2556,19.2556,4.000000,4.000000,4.000000,4.000000,4.000000,96.000000,96.000000,96.000000,96.000000,96.000000,5.0,96.2781,88.8779,385.1125,392.5128,PENDING_AG03,FALSE,NOT_FOR_ENFORCEMENT,462.1350,5170.1863,481.3906,462.1350,19.2556,0.08175703,0.07848675,19.2556,462.1350,0.07848675,19.2556,19.2556,19.2556,19.2556,19.2556,462.1350,0.07848675,96.2781,88.8779,385.1125,392.5128,0.06540562,0.06666245,0.00327028,9.9629,46.8314,4.1860,120.3477,12.0348,1472.0160,28.7500,,9.9629,2.2009,2.2009,6.2314,35.2144,48.4198,72.7001,2.2009,-2.2009,22.0,33.032009,4.526736,20,33,4,8,0E-8,0.08175703,,0E-8,0.000000,0.914666,0.000000,,2026-03-27,2026-07-01,4,40,26,97,0.041237,,,0.000000,,,,,,,,GLOBAL_BASELINE_NO_ENTITY_RANKING,,,NOT_APPLICABLE_GLOBAL_BASELINE,HF9g-P5,,,,X 全窗基线 · 不参与实体赏罚,8391105,840,A168_HF9F_20260827_0900,2026-08-27 09:00:00
2026-03-27,136297886,1257,0,42.9175103444,-42.9175103444,-42.9175103444,0E-7,6,1,0.39659933076833001,0.139611233333,-0.8107241214456588,-0.4028216611528174,-0.8107241214456588,0.25698809743533001,ELIGIBLE,R03b_20260811_FULL_v1,L1_ELIGIBILITY,v2026-08-11,2026-03-21..2026-08-06,baccarat_bet02_101_all_pairs_incl_sentinel,round_win = game_pnl > 0 (decisive only),COMPATIBILITY_ONLY_NOT_PRODUCTION,5888.0642,5385.6108,481.3906,591,115,-0.08175703,,-0.08175703,-0.08175703,-481.3906,5888.0642,OK,0.0000,19.2556,4.0000,96.0000,AG03-UNRESOLVED,ALL5_LEVELS_bet23_to_bet27,19.2556,19.2556,19.2556,19.2556,19.2556,4.000000,4.000000,4.000000,4.000000,4.000000,96.000000,96.000000,96.000000,96.000000,96.000000,5.0,96.2781,88.8779,385.1125,392.5128,PENDING_AG03,FALSE,NOT_FOR_ENFORCEMENT,462.1350,5170.1863,481.3906,462.1350,19.2556,0.08175703,0.07848675,19.2556,462.1350,0.07848675,19.2556,19.2556,19.2556,19.2556,19.2556,462.1350,0.07848675,96.2781,88.8779,385.1125,392.5128,0.06540562,0.06666245,0.00327028,9.9629,46.8314,4.1860,120.3477,12.0348,1472.0160,28.7500,,9.9629,2.2009,2.2009,6.2314,35.2144,48.4198,72.7001,2.2009,-2.2009,22.0,33.032009,4.526736,20,33,4,8,0E-8,0.08175703,,0E-8,0.000000,0.914666,0.000000,,2026-03-27,2026-07-01,4,40,26,97,0.041237,,,0.000000,,,,,,,,GLOBAL_BASELINE_NO_ENTITY_RANKING,,,NOT_APPLICABLE_GLOBAL_BASELINE,HF9g-P5,,,,X 全窗基线 · 不参与实体赏罚,8391106,840,A168_HF9F_20260827_0900,2026-08-27 09:00:00
2026-03-27,136297886,1330,0,156.2637556126,-6.6026938996,-6.6026938996,0.6000000,20,5,0.42187317879739170,0.189216636667,0.8065138004045199,2.3451238037222213,0.8065138004045199,0.23265654213039170,ELIGIBLE,R03b_20260811_FULL_v1,L1_ELIGIBILITY,v2026-08-11,2026-03-21..2026-08-06,baccarat_bet02_101_all_pairs_incl_sentinel,round_win = game_pnl > 0 (decisive only),COMPATIBILITY_ONLY_NOT_PRODUCTION,5888.0642,5385.6108,481.3906,591,115,-0.08175703,,-0.08175703,-0.08175703,-481.3906,5888.0642,OK,0.0000,19.2556,4.0000,96.0000,AG03-UNRESOLVED,ALL5_LEVELS_bet23_to_bet27,19.2556,19.2556,19.2556,19.2556,19.2556,4.000000,4.000000,4.000000,4.000000,4.000000,96.000000,96.000000,96.000000,96.000000,96.000000,5.0,96.2781,88.8779,385.1125,392.5128,PENDING_AG03,FALSE,NOT_FOR_ENFORCEMENT,462.1350,5170.1863,481.3906,462.1350,19.2556,0.08175703,0.07848675,19.2556,462.1350,0.07848675,19.2556,19.2556,19.2556,19.2556,19.2556,462.1350,0.07848675,96.2781,88.8779,385.1125,392.5128,0.06540562,0.06666245,0.00327028,9.9629,46.8314,4.1860,120.3477,12.0348,1472.0160,28.7500,,9.9629,2.2009,2.2009,6.2314,35.2144,48.4198,72.7001,2.2009,-2.2009,22.0,33.032009,4.526736,20,33,4,8,0E-8,0.08175703,,0E-8,0.000000,0.914666,0.000000,,2026-03-27,2026-07-01,4,40,26,97,0.041237,,,0.000000,,,,,,,,GLOBAL_BASELINE_NO_ENTITY_RANKING,,,NOT_APPLICABLE_GLOBAL_BASELINE,HF9g-P5,,,,X 全窗基线 · 不参与实体赏罚,8391107,840,A168_HF9F_20260827_0900,2026-08-27 09:00:00
2026-03-27,136297886,1354,0,134.2547759486,-39.8362531914,-39.8362531914,0.5000000,12,2,0.42233969004619750,0.137174416667,0.22235500245443246,1.4914710642640905,0.22235500245443246,0.28516527337919750,ELIGIBLE,R03b_20260811_FULL_v1,L1_ELIGIBILITY,v2026-08-11,2026-03-21..2026-08-06,baccarat_bet02_101_all_pairs_incl_sentinel,round_win = game_pnl > 0 (decisive only),COMPATIBILITY_ONLY_NOT_PRODUCTION,5888.0642,5385.6108,481.3906,591,115,-0.08175703,,-0.08175703,-0.08175703,-481.3906,5888.0642,OK,0.0000,19.2556,4.0000,96.0000,AG03-UNRESOLVED,ALL5_LEVELS_bet23_to_bet27,19.2556,19.2556,19.2556,19.2556,19.2556,4.000000,4.000000,4.000000,4.000000,4.000000,96.000000,96.000000,96.000000,96.000000,96.000000,5.0,96.2781,88.8779,385.1125,392.5128,PENDING_AG03,FALSE,NOT_FOR_ENFORCEMENT,462.1350,5170.1863,481.3906,462.1350,19.2556,0.08175703,0.07848675,19.2556,462.1350,0.07848675,19.2556,19.2556,19.2556,19.2556,19.2556,462.1350,0.07848675,96.2781,88.8779,385.1125,392.5128,0.06540562,0.06666245,0.00327028,9.9629,46.8314,4.1860,120.3477,12.0348,1472.0160,28.7500,,9.9629,2.2009,2.2009,6.2314,35.2144,48.4198,72.7001,2.2009,-2.2009,22.0,33.032009,4.526736,20,33,4,8,0E-8,0.08175703,,0E-8,0.000000,0.914666,0.000000,,2026-03-27,2026-07-01,4,40,26,97,0.041237,,,0.000000,,,,,,,,GLOBAL_BASELINE_NO_ENTITY_RANKING,,,NOT_APPLICABLE_GLOBAL_BASELINE,HF9g-P5,,,,X 全窗基线 · 不参与实体赏罚,8391108,840,A168_HF9F_20260827_0900,2026-08-27 09:00:00
2026-03-27,136297886,1363,0,915.5735540115,61.0749185658,61.0749185658,0.6250000,94,16,0.41280581933153002,0.140178362917,1.7239699194985085,5.585953399100669,1.7239699194985085,0.27262745641453002,ELIGIBLE,R03b_20260811_FULL_v1,L1_ELIGIBILITY,v2026-08-11,2026-03-21..2026-08-06,baccarat_bet02_101_all_pairs_incl_sentinel,round_win = game_pnl > 0 (decisive only),COMPATIBILITY_ONLY_NOT_PRODUCTION,5888.0642,5385.6108,481.3906,591,115,-0.08175703,,-0.08175703,-0.08175703,-481.3906,5888.0642,OK,0.0000,19.2556,4.0000,96.0000,AG03-UNRESOLVED,ALL5_LEVELS_bet23_to_bet27,19.2556,19.2556,19.2556,19.2556,19.2556,4.000000,4.000000,4.000000,4.000000,4.000000,96.000000,96.000000,96.000000,96.000000,96.000000,5.0,96.2781,88.8779,385.1125,392.5128,PENDING_AG03,FALSE,NOT_FOR_ENFORCEMENT,462.1350,5170.1863,481.3906,462.1350,19.2556,0.08175703,0.07848675,19.2556,462.1350,0.07848675,19.2556,19.2556,19.2556,19.2556,19.2556,462.1350,0.07848675,96.2781,88.8779,385.1125,392.5128,0.06540562,0.06666245,0.00327028,9.9629,46.8314,4.1860,120.3477,12.0348,1472.0160,28.7500,,9.9629,2.2009,2.2009,6.2314,35.2144,48.4198,72.7001,2.2009,-2.2009,22.0,33.032009,4.526736,20,33,4,8,0E-8,0.08175703,,0E-8,0.000000,0.914666,0.000000,,2026-03-27,2026-07-01,4,40,26,97,0.041237,,,0.000000,,,,,,,,GLOBAL_BASELINE_NO_ENTITY_RANKING,,,NOT_APPLICABLE_GLOBAL_BASELINE,HF9g-P5,,,,X 全窗基线 · 不参与实体赏罚,8391109,840,A168_HF9F_20260827_0900,2026-08-27 09:00:00
2026-03-27,136297886,1383,0,78.1318778062,-56.1228981425,-56.1228981425,0E-7,7,2,0.45988603921547009,0.321912558334,-0.9227465103117701,-0.6890109265933293,-0.9227465103117701,0.13797348088147009,ELIGIBLE,R03b_20260811_FULL_v1,L1_ELIGIBILITY,v2026-08-11,2026-03-21..2026-08-06,baccarat_bet02_101_all_pairs_incl_sentinel,round_win = game_pnl > 0 (decisive only),COMPATIBILITY_ONLY_NOT_PRODUCTION,5888.0642,5385.6108,481.3906,591,115,-0.08175703,,-0.08175703,-0.08175703,-481.3906,5888.0642,OK,0.0000,19.2556,4.0000,96.0000,AG03-UNRESOLVED,ALL5_LEVELS_bet23_to_bet27,19.2556,19.2556,19.2556,19.2556,19.2556,4.000000,4.000000,4.000000,4.000000,4.000000,96.000000,96.000000,96.000000,96.000000,96.000000,5.0,96.2781,88.8779,385.1125,392.5128,PENDING_AG03,FALSE,NOT_FOR_ENFORCEMENT,462.1350,5170.1863,481.3906,462.1350,19.2556,0.08175703,0.07848675,19.2556,462.1350,0.07848675,19.2556,19.2556,19.2556,19.2556,19.2556,462.1350,0.07848675,96.2781,88.8779,385.1125,392.5128,0.06540562,0.06666245,0.00327028,9.9629,46.8314,4.1860,120.3477,12.0348,1472.0160,28.7500,,9.9629,2.2009,2.2009,6.2314,35.2144,48.4198,72.7001,2.2009,-2.2009,22.0,33.032009,4.526736,20,33,4,8,0E-8,0.08175703,,0E-8,0.000000,0.914666,0.000000,,2026-03-27,2026-07-01,4,40,26,97,0.041237,,,0.000000,,,,,,,,GLOBAL_BASELINE_NO_ENTITY_RANKING,,,NOT_APPLICABLE_GLOBAL_BASELINE,HF9g-P5,,,,X 全窗基线 · 不参与实体赏罚,8391110,840,A168_HF9F_20260827_0900,2026-08-27 09:00:00
2026-03-27,136297886,1384,0,88.0359186551,-22.0089796639,-22.0089796639,0.5000000,12,2,0.40350428855436344,0.138392825000,0.2781603793910931,1.4809506825389798,0.2781603793910931,0.26511146355436344,ELIGIBLE,R03b_20260811_FULL_v1,L1_ELIGIBILITY,v2026-08-11,2026-03-21..2026-08-06,baccarat_bet02_101_all_pairs_incl_sentinel,round_win = game_pnl > 0 (decisive only),COMPATIBILITY_ONLY_NOT_PRODUCTION,5888.0642,5385.6108,481.3906,591,115,-0.08175703,,-0.08175703,-0.08175703,-481.3906,5888.0642,OK,0.0000,19.2556,4.0000,96.0000,AG03-UNRESOLVED,ALL5_LEVELS_bet23_to_bet27,19.2556,19.2556,19.2556,19.2556,19.2556,4.000000,4.000000,4.000000,4.000000,4.000000,96.000000,96.000000,96.000000,96.000000,96.000000,5.0,96.2781,88.8779,385.1125,392.5128,PENDING_AG03,FALSE,NOT_FOR_ENFORCEMENT,462.1350,5170.1863,481.3906,462.1350,19.2556,0.08175703,0.07848675,19.2556,462.1350,0.07848675,19.2556,19.2556,19.2556,19.2556,19.2556,462.1350,0.07848675,96.2781,88.8779,385.1125,392.5128,0.06540562,0.06666245,0.00327028,9.9629,46.8314,4.1860,120.3477,12.0348,1472.0160,28.7500,,9.9629,2.2009,2.2009,6.2314,35.2144,48.4198,72.7001,2.2009,-2.2009,22.0,33.032009,4.526736,20,33,4,8,0E-8,0.08175703,,0E-8,0.000000,0.914666,0.000000,,2026-03-27,2026-07-01,4,40,26,97,0.041237,,,0.000000,,,,,,,,GLOBAL_BASELINE_NO_ENTITY_RANKING,,,NOT_APPLICABLE_GLOBAL_BASELINE,HF9g-P5,,,,X 全窗基线 · 不参与实体赏罚,8391111,840,A168_HF9F_20260827_0900,2026-08-27 09:00:00
2026-03-27,136297886,1509,0,15.4062857646,-15.4062857646,-15.4062857646,0E-7,2,1,0.43629654285640356,0.293924150000,-0.8797626833876208,-0.6451964315166089,-0.8797626833876208,0.14237239285640356,ELIGIBLE,R03b_20260811_FULL_v1,L1_ELIGIBILITY,v2026-08-11,2026-03-21..2026-08-06,baccarat_bet02_101_all_pairs_incl_sentinel,round_win = game_pnl > 0 (decisive only),COMPATIBILITY_ONLY_NOT_PRODUCTION,5888.0642,5385.6108,481.3906,591,115,-0.08175703,,-0.08175703,-0.08175703,-481.3906,5888.0642,OK,0.0000,19.2556,4.0000,96.0000,AG03-UNRESOLVED,ALL5_LEVELS_bet23_to_bet27,19.2556,19.2556,19.2556,19.2556,19.2556,4.000000,4.000000,4.000000,4.000000,4.000000,96.000000,96.000000,96.000000,96.000000,96.000000,5.0,96.2781,88.8779,385.1125,392.5128,PENDING_AG03,FALSE,NOT_FOR_ENFORCEMENT,462.1350,5170.1863,481.3906,462.1350,19.2556,0.08175703,0.07848675,19.2556,462.1350,0.07848675,19.2556,19.2556,19.2556,19.2556,19.2556,462.1350,0.07848675,96.2781,88.8779,385.1125,392.5128,0.06540562,0.06666245,0.00327028,9.9629,46.8314,4.1860,120.3477,12.0348,1472.0160,28.7500,,9.9629,2.2009,2.2009,6.2314,35.2144,48.4198,72.7001,2.2009,-2.2009,22.0,33.032009,4.526736,20,33,4,8,0E-8,0.08175703,,0E-8,0.000000,0.914666,0.000000,,2026-03-27,2026-07-01,4,40,26,97,0.041237,,,0.000000,,,,,,,,GLOBAL_BASELINE_NO_ENTITY_RANKING,,,NOT_APPLICABLE_GLOBAL_BASELINE,HF9g-P5,,,,X 全窗基线 · 不参与实体赏罚,8391112,840,A168_HF9F_20260827_0900,2026-08-27 09:00:00
2026-03-27,136297886,1704,0,53.9220001762,-53.9220001762,-53.9220001762,0E-7,7,2,0.42200047666580030,0.195169654167,-1.2083916856829438,-0.6964163724625718,-1.2083916856829438,0.22683082249880030,ELIGIBLE,R03b_20260811_FULL_v1,L1_ELIGIBILITY,v2026-08-11,2026-03-21..2026-08-06,baccarat_bet02_101_all_pairs_incl_sentinel,round_win = game_pnl > 0 (decisive only),COMPATIBILITY_ONLY_NOT_PRODUCTION,5888.0642,5385.6108,481.3906,591,115,-0.08175703,,-0.08175703,-0.08175703,-481.3906,5888.0642,OK,0.0000,19.2556,4.0000,96.0000,AG03-UNRESOLVED,ALL5_LEVELS_bet23_to_bet27,19.2556,19.2556,19.2556,19.2556,19.2556,4.000000,4.000000,4.000000,4.000000,4.000000,96.000000,96.000000,96.000000,96.000000,96.000000,5.0,96.2781,88.8779,385.1125,392.5128,PENDING_AG03,FALSE,NOT_FOR_ENFORCEMENT,462.1350,5170.1863,481.3906,462.1350,19.2556,0.08175703,0.07848675,19.2556,462.1350,0.07848675,19.2556,19.2556,19.2556,19.2556,19.2556,462.1350,0.07848675,96.2781,88.8779,385.1125,392.5128,0.06540562,0.06666245,0.00327028,9.9629,46.8314,4.1860,120.3477,12.0348,1472.0160,28.7500,,9.9629,2.2009,2.2009,6.2314,35.2144,48.4198,72.7001,2.2009,-2.2009,22.0,33.032009,4.526736,20,33,4,8,0E-8,0.08175703,,0E-8,0.000000,0.914666,0.000000,,2026-03-27,2026-07-01,4,40,26,97,0.041237,,,0.000000,,,,,,,,GLOBAL_BASELINE_NO_ENTITY_RANKING,,,NOT_APPLICABLE_GLOBAL_BASELINE,HF9g-P5,,,,X 全窗基线 · 不参与实体赏罚,8391113,840,A168_HF9F_20260827_0900,2026-08-27 09:00:00
2026-03-27,136297886,1935,0,49.5202042435,-49.5202042435,-49.5202042435,0E-7,6,1,0.40948548666582095,0.139611233333,-0.8327295360473478,-0.4028216611528174,-0.8327295360473478,0.26987425333282095,ELIGIBLE,R03b_20260811_FULL_v1,L1_ELIGIBILITY,v2026-08-11,2026-03-21..2026-08-06,baccarat_bet02_101_all_pairs_incl_sentinel,round_win = game_pnl > 0 (decisive only),COMPATIBILITY_ONLY_NOT_PRODUCTION,5888.0642,5385.6108,481.3906,591,115,-0.08175703,,-0.08175703,-0.08175703,-481.3906,5888.0642,OK,0.0000,19.2556,4.0000,96.0000,AG03-UNRESOLVED,ALL5_LEVELS_bet23_to_bet27,19.2556,19.2556,19.2556,19.2556,19.2556,4.000000,4.000000,4.000000,4.000000,4.000000,96.000000,96.000000,96.000000,96.000000,96.000000,5.0,96.2781,88.8779,385.1125,392.5128,PENDING_AG03,FALSE,NOT_FOR_ENFORCEMENT,462.1350,5170.1863,481.3906,462.1350,19.2556,0.08175703,0.07848675,19.2556,462.1350,0.07848675,19.2556,19.2556,19.2556,19.2556,19.2556,462.1350,0.07848675,96.2781,88.8779,385.1125,392.5128,0.06540562,0.06666245,0.00327028,9.9629,46.8314,4.1860,120.3477,12.0348,1472.0160,28.7500,,9.9629,2.2009,2.2009,6.2314,35.2144,48.4198,72.7001,2.2009,-2.2009,22.0,33.032009,4.526736,20,33,4,8,0E-8,0.08175703,,0E-8,0.000000,0.914666,0.000000,,2026-03-27,2026-07-01,4,40,26,97,0.041237,,,0.000000,,,,,,,,GLOBAL_BASELINE_NO_ENTITY_RANKING,,,NOT_APPLICABLE_GLOBAL_BASELINE,HF9g-P5,,,,X 全窗基线 · 不参与实体赏罚,8391114,840,A168_HF9F_20260827_0900,2026-08-27 09:00:00
2026-03-27,136297886,1941,0,148.5606127303,-108.9444493357,-108.9444493357,0.2500000,18,4,0.42125522846896976,0.187979222917,-0.6936775554887898,0.3174890148515957,-0.6936775554887898,0.23327600555196976,ELIGIBLE,R03b_20260811_FULL_v1,L1_ELIGIBILITY,v2026-08-11,2026-03-21..2026-08-06,baccarat_bet02_101_all_pairs_incl_sentinel,round_win = game_pnl > 0 (decisive only),COMPATIBILITY_ONLY_NOT_PRODUCTION,5888.0642,5385.6108,481.3906,591,115,-0.08175703,,-0.08175703,-0.08175703,-481.3906,5888.0642,OK,0.0000,19.2556,4.0000,96.0000,AG03-UNRESOLVED,ALL5_LEVELS_bet23_to_bet27,19.2556,19.2556,19.2556,19.2556,19.2556,4.000000,4.000000,4.000000,4.000000,4.000000,96.000000,96.000000,96.000000,96.000000,96.000000,5.0,96.2781,88.8779,385.1125,392.5128,PENDING_AG03,FALSE,NOT_FOR_ENFORCEMENT,462.1350,5170.1863,481.3906,462.1350,19.2556,0.08175703,0.07848675,19.2556,462.1350,0.07848675,19.2556,19.2556,19.2556,19.2556,19.2556,462.1350,0.07848675,96.2781,88.8779,385.1125,392.5128,0.06540562,0.06666245,0.00327028,9.9629,46.8314,4.1860,120.3477,12.0348,1472.0160,28.7500,,9.9629,2.2009,2.2009,6.2314,35.2144,48.4198,72.7001,2.2009,-2.2009,22.0,33.032009,4.526736,20,33,4,8,0E-8,0.08175703,,0E-8,0.000000,0.914666,0.000000,,2026-03-27,2026-07-01,4,40,26,97,0.041237,,,0.000000,,,,,,,,GLOBAL_BASELINE_NO_ENTITY_RANKING,,,NOT_APPLICABLE_GLOBAL_BASELINE,HF9g-P5,,,,X 全窗基线 · 不参与实体赏罚,8391115,840,A168_HF9F_20260827_0900,2026-08-27 09:00:00
2026-03-27,136297886,1951,0,53.9220001762,30.8125715291,30.8125715291,1.0000000,7,2,0.42200047666580030,0.195169654167,1.655092486729305,2.871845176367515,1.655092486729305,0.22683082249880030,ELIGIBLE,R03b_20260811_FULL_v1,L1_ELIGIBILITY,v2026-08-11,2026-03-21..2026-08-06,baccarat_bet02_101_all_pairs_incl_sentinel,round_win = game_pnl > 0 (decisive only),COMPATIBILITY_ONLY_NOT_PRODUCTION,5888.0642,5385.6108,481.3906,591,115,-0.08175703,,-0.08175703,-0.08175703,-481.3906,5888.0642,OK,0.0000,19.2556,4.0000,96.0000,AG03-UNRESOLVED,ALL5_LEVELS_bet23_to_bet27,19.2556,19.2556,19.2556,19.2556,19.2556,4.000000,4.000000,4.000000,4.000000,4.000000,96.000000,96.000000,96.000000,96.000000,96.000000,5.0,96.2781,88.8779,385.1125,392.5128,PENDING_AG03,FALSE,NOT_FOR_ENFORCEMENT,462.1350,5170.1863,481.3906,462.1350,19.2556,0.08175703,0.07848675,19.2556,462.1350,0.07848675,19.2556,19.2556,19.2556,19.2556,19.2556,462.1350,0.07848675,96.2781,88.8779,385.1125,392.5128,0.06540562,0.06666245,0.00327028,9.9629,46.8314,4.1860,120.3477,12.0348,1472.0160,28.7500,,9.9629,2.2009,2.2009,6.2314,35.2144,48.4198,72.7001,2.2009,-2.2009,22.0,33.032009,4.526736,20,33,4,8,0E-8,0.08175703,,0E-8,0.000000,0.914666,0.000000,,2026-03-27,2026-07-01,4,40,26,97,0.041237,,,0.000000,,,,,,,,GLOBAL_BASELINE_NO_ENTITY_RANKING,,,NOT_APPLICABLE_GLOBAL_BASELINE,HF9g-P5,,,,X 全窗基线 · 不参与实体赏罚,8391116,840,A168_HF9F_20260827_0900,2026-08-27 09:00:00
2026-03-27,136297886,1957,0,63.3858614317,49.0800246499,49.0800246499,1.0000000,9,2,0.40781142202291464,0.178941433333,1.7041794279967692,3.0293301713127043,1.7041794279967692,0.22886998868991464,ELIGIBLE,R03b_20260811_FULL_v1,L1_ELIGIBILITY,v2026-08-11,2026-03-21..2026-08-06,baccarat_bet02_101_all_pairs_incl_sentinel,round_win = game_pnl > 0 (decisive only),COMPATIBILITY_ONLY_NOT_PRODUCTION,5888.0642,5385.6108,481.3906,591,115,-0.08175703,,-0.08175703,-0.08175703,-481.3906,5888.0642,OK,0.0000,19.2556,4.0000,96.0000,AG03-UNRESOLVED,ALL5_LEVELS_bet23_to_bet27,19.2556,19.2556,19.2556,19.2556,19.2556,4.000000,4.000000,4.000000,4.000000,4.000000,96.000000,96.000000,96.000000,96.000000,96.000000,5.0,96.2781,88.8779,385.1125,392.5128,PENDING_AG03,FALSE,NOT_FOR_ENFORCEMENT,462.1350,5170.1863,481.3906,462.1350,19.2556,0.08175703,0.07848675,19.2556,462.1350,0.07848675,19.2556,19.2556,19.2556,19.2556,19.2556,462.1350,0.07848675,96.2781,88.8779,385.1125,392.5128,0.06540562,0.06666245,0.00327028,9.9629,46.8314,4.1860,120.3477,12.0348,1472.0160,28.7500,,9.9629,2.2009,2.2009,6.2314,35.2144,48.4198,72.7001,2.2009,-2.2009,22.0,33.032009,4.526736,20,33,4,8,0E-8,0.08175703,,0E-8,0.000000,0.914666,0.000000,,2026-03-27,2026-07-01,4,40,26,97,0.041237,,,0.000000,,,,,,,,GLOBAL_BASELINE_NO_ENTITY_RANKING,,,NOT_APPLICABLE_GLOBAL_BASELINE,HF9g-P5,,,,X 全窗基线 · 不参与实体赏罚,8391117,840,A168_HF9F_20260827_0900,2026-08-27 09:00:00
2026-03-27,136297886,1991,0,30.8125715293,12.1049388149,12.1049388149,1.0000000,5,1,0.38314770714165468,0.160842320000,1.2688417966037542,2.284134231250073,1.2688417966037542,0.22230538714165468,ELIGIBLE,R03b_20260811_FULL_v1,L1_ELIGIBILITY,v2026-08-11,2026-03-21..2026-08-06,baccarat_bet02_101_all_pairs_incl_sentinel,round_win = game_pnl > 0 (decisive only),COMPATIBILITY_ONLY_NOT_PRODUCTION,5888.0642,5385.6108,481.3906,591,115,-0.08175703,,-0.08175703,-0.08175703,-481.3906,5888.0642,OK,0.0000,19.2556,4.0000,96.0000,AG03-UNRESOLVED,ALL5_LEVELS_bet23_to_bet27,19.2556,19.2556,19.2556,19.2556,19.2556,4.000000,4.000000,4.000000,4.000000,4.000000,96.000000,96.000000,96.000000,96.000000,96.000000,5.0,96.2781,88.8779,385.1125,392.5128,PENDING_AG03,FALSE,NOT_FOR_ENFORCEMENT,462.1350,5170.1863,481.3906,462.1350,19.2556,0.08175703,0.07848675,19.2556,462.1350,0.07848675,19.2556,19.2556,19.2556,19.2556,19.2556,462.1350,0.07848675,96.2781,88.8779,385.1125,392.5128,0.06540562,0.06666245,0.00327028,9.9629,46.8314,4.1860,120.3477,12.0348,1472.0160,28.7500,,9.9629,2.2009,2.2009,6.2314,35.2144,48.4198,72.7001,2.2009,-2.2009,22.0,33.032009,4.526736,20,33,4,8,0E-8,0.08175703,,0E-8,0.000000,0.914666,0.000000,,2026-03-27,2026-07-01,4,40,26,97,0.041237,,,0.000000,,,,,,,,GLOBAL_BASELINE_NO_ENTITY_RANKING,,,NOT_APPLICABLE_GLOBAL_BASELINE,HF9g-P5,,,,X 全窗基线 · 不参与实体赏罚,8391118,840,A168_HF9F_20260827_0900,2026-08-27 09:00:00
2026-03-27,136297886,2093,0,272.9113478309,-39.6161633954,-39.6161633954,0.5000000,36,6,0.40095731778492049,0.138798961111,0.4950169416423193,2.5590527355332897,0.4950169416423193,0.26215835667392049,ELIGIBLE,R03b_20260811_FULL_v1,L1_ELIGIBILITY,v2026-08-11,2026-03-21..2026-08-06,baccarat_bet02_101_all_pairs_incl_sentinel,round_win = game_pnl > 0 (decisive only),COMPATIBILITY_ONLY_NOT_PRODUCTION,5888.0642,5385.6108,481.3906,591,115,-0.08175703,,-0.08175703,-0.08175703,-481.3906,5888.0642,OK,0.0000,19.2556,4.0000,96.0000,AG03-UNRESOLVED,ALL5_LEVELS_bet23_to_bet27,19.2556,19.2556,19.2556,19.2556,19.2556,4.000000,4.000000,4.000000,4.000000,4.000000,96.000000,96.000000,96.000000,96.000000,96.000000,5.0,96.2781,88.8779,385.1125,392.5128,PENDING_AG03,FALSE,NOT_FOR_ENFORCEMENT,462.1350,5170.1863,481.3906,462.1350,19.2556,0.08175703,0.07848675,19.2556,462.1350,0.07848675,19.2556,19.2556,19.2556,19.2556,19.2556,462.1350,0.07848675,96.2781,88.8779,385.1125,392.5128,0.06540562,0.06666245,0.00327028,9.9629,46.8314,4.1860,120.3477,12.0348,1472.0160,28.7500,,9.9629,2.2009,2.2009,6.2314,35.2144,48.4198,72.7001,2.2009,-2.2009,22.0,33.032009,4.526736,20,33,4,8,0E-8,0.08175703,,0E-8,0.000000,0.914666,0.000000,,2026-03-27,2026-07-01,4,40,26,97,0.041237,,,0.000000,,,,,,,,GLOBAL_BASELINE_NO_ENTITY_RANKING,,,NOT_APPLICABLE_GLOBAL_BASELINE,HF9g-P5,,,,X 全窗基线 · 不参与实体赏罚,8391119,840,A168_HF9F_20260827_0900,2026-08-27 09:00:00
2026-03-27,136297886,2122,0,53.9220001762,-53.9220001762,-53.9220001762,0E-7,6,1,0.42612213673379782,0.137174416667,-0.861702418229015,-0.3987264574247406,-0.861702418229015,0.28894772006679782,ELIGIBLE,R03b_20260811_FULL_v1,L1_ELIGIBILITY,v2026-08-11,2026-03-21..2026-08-06,baccarat_bet02_101_all_pairs_incl_sentinel,round_win = game_pnl > 0 (decisive only),COMPATIBILITY_ONLY_NOT_PRODUCTION,5888.0642,5385.6108,481.3906,591,115,-0.08175703,,-0.08175703,-0.08175703,-481.3906,5888.0642,OK,0.0000,19.2556,4.0000,96.0000,AG03-UNRESOLVED,ALL5_LEVELS_bet23_to_bet27,19.2556,19.2556,19.2556,19.2556,19.2556,4.000000,4.000000,4.000000,4.000000,4.000000,96.000000,96.000000,96.000000,96.000000,96.000000,5.0,96.2781,88.8779,385.1125,392.5128,PENDING_AG03,FALSE,NOT_FOR_ENFORCEMENT,462.1350,5170.1863,481.3906,462.1350,19.2556,0.08175703,0.07848675,19.2556,462.1350,0.07848675,19.2556,19.2556,19.2556,19.2556,19.2556,462.1350,0.07848675,96.2781,88.8779,385.1125,392.5128,0.06540562,0.06666245,0.00327028,9.9629,46.8314,4.1860,120.3477,12.0348,1472.0160,28.7500,,9.9629,2.2009,2.2009,6.2314,35.2144,48.4198,72.7001,2.2009,-2.2009,22.0,33.032009,4.526736,20,33,4,8,0E-8,0.08175703,,0E-8,0.000000,0.914666,0.000000,,2026-03-27,2026-07-01,4,40,26,97,0.041237,,,0.000000,,,,,,,,GLOBAL_BASELINE_NO_ENTITY_RANKING,,,NOT_APPLICABLE_GLOBAL_BASELINE,HF9g-P5,,,,X 全窗基线 · 不参与实体赏罚,8391120,840,A168_HF9F_20260827_0900,2026-08-27 09:00:00
2026-03-27,136297886,2129,0,121.0493881507,105.3129676906,105.3129676906,1.0000000,16,4,0.42269778383862372,0.217834137500,2.3373116436205237,3.7898014192847795,2.3373116436205237,0.20486364633862372,ELIGIBLE,R03b_20260811_FULL_v1,L1_ELIGIBILITY,v2026-08-11,2026-03-21..2026-08-06,baccarat_bet02_101_all_pairs_incl_sentinel,round_win = game_pnl > 0 (decisive only),COMPATIBILITY_ONLY_NOT_PRODUCTION,5888.0642,5385.6108,481.3906,591,115,-0.08175703,,-0.08175703,-0.08175703,-481.3906,5888.0642,OK,0.0000,19.2556,4.0000,96.0000,AG03-UNRESOLVED,ALL5_LEVELS_bet23_to_bet27,19.2556,19.2556,19.2556,19.2556,19.2556,4.000000,4.000000,4.000000,4.000000,4.000000,96.000000,96.000000,96.000000,96.000000,96.000000,5.0,96.2781,88.8779,385.1125,392.5128,PENDING_AG03,FALSE,NOT_FOR_ENFORCEMENT,462.1350,5170.1863,481.3906,462.1350,19.2556,0.08175703,0.07848675,19.2556,462.1350,0.07848675,19.2556,19.2556,19.2556,19.2556,19.2556,462.1350,0.07848675,96.2781,88.8779,385.1125,392.5128,0.06540562,0.06666245,0.00327028,9.9629,46.8314,4.1860,120.3477,12.0348,1472.0160,28.7500,,9.9629,2.2009,2.2009,6.2314,35.2144,48.4198,72.7001,2.2009,-2.2009,22.0,33.032009,4.526736,20,33,4,8,0E-8,0.08175703,,0E-8,0.000000,0.914666,0.000000,,2026-03-27,2026-07-01,4,40,26,97,0.041237,,,0.000000,,,,,,,,GLOBAL_BASELINE_NO_ENTITY_RANKING,,,NOT_APPLICABLE_GLOBAL_BASELINE,HF9g-P5,,,,X 全窗基线 · 不参与实体赏罚,8391121,840,A168_HF9F_20260827_0900,2026-08-27 09:00:00
2026-03-27,136297886,2202,0,74.8305308569,50.6206532264,50.6206532264,1.0000000,12,2,0.38151679869120562,0.139611233333,1.800620205765649,3.5107684088433078,1.800620205765649,0.24190556535820562,ELIGIBLE,R03b_20260811_FULL_v1,L1_ELIGIBILITY,v2026-08-11,2026-03-21..2026-08-06,baccarat_bet02_101_all_pairs_incl_sentinel,round_win = game_pnl > 0 (decisive only),COMPATIBILITY_ONLY_NOT_PRODUCTION,5888.0642,5385.6108,481.3906,591,115,-0.08175703,,-0.08175703,-0.08175703,-481.3906,5888.0642,OK,0.0000,19.2556,4.0000,96.0000,AG03-UNRESOLVED,ALL5_LEVELS_bet23_to_bet27,19.2556,19.2556,19.2556,19.2556,19.2556,4.000000,4.000000,4.000000,4.000000,4.000000,96.000000,96.000000,96.000000,96.000000,96.000000,5.0,96.2781,88.8779,385.1125,392.5128,PENDING_AG03,FALSE,NOT_FOR_ENFORCEMENT,462.1350,5170.1863,481.3906,462.1350,19.2556,0.08175703,0.07848675,19.2556,462.1350,0.07848675,19.2556,19.2556,19.2556,19.2556,19.2556,462.1350,0.07848675,96.2781,88.8779,385.1125,392.5128,0.06540562,0.06666245,0.00327028,9.9629,46.8314,4.1860,120.3477,12.0348,1472.0160,28.7500,,9.9629,2.2009,2.2009,6.2314,35.2144,48.4198,72.7001,2.2009,-2.2009,22.0,33.032009,4.526736,20,33,4,8,0E-8,0.08175703,,0E-8,0.000000,0.914666,0.000000,,2026-03-27,2026-07-01,4,40,26,97,0.041237,,,0.000000,,,,,,,,GLOBAL_BASELINE_NO_ENTITY_RANKING,,,NOT_APPLICABLE_GLOBAL_BASELINE,HF9g-P5,,,,X 全窗基线 · 不参与实体赏罚,8391122,840,A168_HF9F_20260827_0900,2026-08-27 09:00:00
2026-03-27,136297886,2205,0,42.9175103444,9.9040408486,9.9040408486,1.0000000,6,1,0.39659933076833001,0.139611233333,1.2334652115898932,2.4824881490686086,1.2334652115898932,0.25698809743533001,ELIGIBLE,R03b_20260811_FULL_v1,L1_ELIGIBILITY,v2026-08-11,2026-03-21..2026-08-06,baccarat_bet02_101_all_pairs_incl_sentinel,round_win = game_pnl > 0 (decisive only),COMPATIBILITY_ONLY_NOT_PRODUCTION,5888.0642,5385.6108,481.3906,591,115,-0.08175703,,-0.08175703,-0.08175703,-481.3906,5888.0642,OK,0.0000,19.2556,4.0000,96.0000,AG03-UNRESOLVED,ALL5_LEVELS_bet23_to_bet27,19.2556,19.2556,19.2556,19.2556,19.2556,4.000000,4.000000,4.000000,4.000000,4.000000,96.000000,96.000000,96.000000,96.000000,96.000000,5.0,96.2781,88.8779,385.1125,392.5128,PENDING_AG03,FALSE,NOT_FOR_ENFORCEMENT,462.1350,5170.1863,481.3906,462.1350,19.2556,0.08175703,0.07848675,19.2556,462.1350,0.07848675,19.2556,19.2556,19.2556,19.2556,19.2556,462.1350,0.07848675,96.2781,88.8779,385.1125,392.5128,0.06540562,0.06666245,0.00327028,9.9629,46.8314,4.1860,120.3477,12.0348,1472.0160,28.7500,,9.9629,2.2009,2.2009,6.2314,35.2144,48.4198,72.7001,2.2009,-2.2009,22.0,33.032009,4.526736,20,33,4,8,0E-8,0.08175703,,0E-8,0.000000,0.914666,0.000000,,2026-03-27,2026-07-01,4,40,26,97,0.041237,,,0.000000,,,,,,,,GLOBAL_BASELINE_NO_ENTITY_RANKING,,,NOT_APPLICABLE_GLOBAL_BASELINE,HF9g-P5,,,,X 全窗基线 · 不参与实体赏罚,8391123,840,A168_HF9F_20260827_0900,2026-08-27 09:00:00
2026-03-27,136297886,2209,0,56.1228981425,-56.1228981425,-56.1228981425,0E-7,6,1,0.40370655882312293,0.139611233333,-0.8228162998460823,-0.4028216611528174,-0.8228162998460823,0.26409532549012293,ELIGIBLE,R03b_20260811_FULL_v1,L1_ELIGIBILITY,v2026-08-11,2026-03-21..2026-08-06,baccarat_bet02_101_all_pairs_incl_sentinel,round_win = game_pnl > 0 (decisive only),COMPATIBILITY_ONLY_NOT_PRODUCTION,5888.0642,5385.6108,481.3906,591,115,-0.08175703,,-0.08175703,-0.08175703,-481.3906,5888.0642,OK,0.0000,19.2556,4.0000,96.0000,AG03-UNRESOLVED,ALL5_LEVELS_bet23_to_bet27,19.2556,19.2556,19.2556,19.2556,19.2556,4.000000,4.000000,4.000000,4.000000,4.000000,96.000000,96.000000,96.000000,96.000000,96.000000,5.0,96.2781,88.8779,385.1125,392.5128,PENDING_AG03,FALSE,NOT_FOR_ENFORCEMENT,462.1350,5170.1863,481.3906,462.1350,19.2556,0.08175703,0.07848675,19.2556,462.1350,0.07848675,19.2556,19.2556,19.2556,19.2556,19.2556,462.1350,0.07848675,96.2781,88.8779,385.1125,392.5128,0.06540562,0.06666245,0.00327028,9.9629,46.8314,4.1860,120.3477,12.0348,1472.0160,28.7500,,9.9629,2.2009,2.2009,6.2314,35.2144,48.4198,72.7001,2.2009,-2.2009,22.0,33.032009,4.526736,20,33,4,8,0E-8,0.08175703,,0E-8,0.000000,0.914666,0.000000,,2026-03-27,2026-07-01,4,40,26,97,0.041237,,,0.000000,,,,,,,,GLOBAL_BASELINE_NO_ENTITY_RANKING,,,NOT_APPLICABLE_GLOBAL_BASELINE,HF9g-P5,,,,X 全窗基线 · 不参与实体赏罚,8391124,840,A168_HF9F_20260827_0900,2026-08-27 09:00:00
2026-03-27,136297886,2252,0,178.2727352766,48.6398450564,48.6398450564,0.7500000,23,4,0.40652688313305407,0.144042931250,1.3985486750392166,3.451436479601011,1.3985486750392166,0.26248395188305407,ELIGIBLE,R03b_20260811_FULL_v1,L1_ELIGIBILITY,v2026-08-11,2026-03-21..2026-08-06,baccarat_bet02_101_all_pairs_incl_sentinel,round_win = game_pnl > 0 (decisive only),COMPATIBILITY_ONLY_NOT_PRODUCTION,5888.0642,5385.6108,481.3906,591,115,-0.08175703,,-0.08175703,-0.08175703,-481.3906,5888.0642,OK,0.0000,19.2556,4.0000,96.0000,AG03-UNRESOLVED,ALL5_LEVELS_bet23_to_bet27,19.2556,19.2556,19.2556,19.2556,19.2556,4.000000,4.000000,4.000000,4.000000,4.000000,96.000000,96.000000,96.000000,96.000000,96.000000,5.0,96.2781,88.8779,385.1125,392.5128,PENDING_AG03,FALSE,NOT_FOR_ENFORCEMENT,462.1350,5170.1863,481.3906,462.1350,19.2556,0.08175703,0.07848675,19.2556,462.1350,0.07848675,19.2556,19.2556,19.2556,19.2556,19.2556,462.1350,0.07848675,96.2781,88.8779,385.1125,392.5128,0.06540562,0.06666245,0.00327028,9.9629,46.8314,4.1860,120.3477,12.0348,1472.0160,28.7500,,9.9629,2.2009,2.2009,6.2314,35.2144,48.4198,72.7001,2.2009,-2.2009,22.0,33.032009,4.526736,20,33,4,8,0E-8,0.08175703,,0E-8,0.000000,0.914666,0.000000,,2026-03-27,2026-07-01,4,40,26,97,0.041237,,,0.000000,,,,,,,,GLOBAL_BASELINE_NO_ENTITY_RANKING,,,NOT_APPLICABLE_GLOBAL_BASELINE,HF9g-P5,,,,X 全窗基线 · 不参与实体赏罚,8391125,840,A168_HF9F_20260827_0900,2026-08-27 09:00:00
2026-03-27,136297886,462,0,15.4062857646,10.3442204419,10.3442204419,1.0000000,2,1,0.44778671428495013,0.300626750000,1.110498109510565,1.5252488199758223,1.110498109510565,0.14715996428495013,ELIGIBLE,R03b_20260811_FULL_v1,L1_ELIGIBILITY,v2026-08-11,2026-03-21..2026-08-06,baccarat_bet02_101_all_pairs_incl_sentinel,round_win = game_pnl > 0 (decisive only),COMPATIBILITY_ONLY_NOT_PRODUCTION,5888.0642,5385.6108,481.3906,591,115,-0.08175703,,-0.08175703,-0.08175703,-481.3906,5888.0642,OK,0.0000,19.2556,4.0000,96.0000,AG03-UNRESOLVED,ALL5_LEVELS_bet23_to_bet27,19.2556,19.2556,19.2556,19.2556,19.2556,4.000000,4.000000,4.000000,4.000000,4.000000,96.000000,96.000000,96.000000,96.000000,96.000000,5.0,96.2781,88.8779,385.1125,392.5128,PENDING_AG03,FALSE,NOT_FOR_ENFORCEMENT,462.1350,5170.1863,481.3906,462.1350,19.2556,0.08175703,0.07848675,19.2556,462.1350,0.07848675,19.2556,19.2556,19.2556,19.2556,19.2556,462.1350,0.07848675,96.2781,88.8779,385.1125,392.5128,0.06540562,0.06666245,0.00327028,9.9629,46.8314,4.1860,120.3477,12.0348,1472.0160,28.7500,,9.9629,2.2009,2.2009,6.2314,35.2144,48.4198,72.7001,2.2009,-2.2009,22.0,33.032009,4.526736,20,33,4,8,0E-8,0.08175703,,0E-8,0.000000,0.914666,0.000000,,2026-03-27,2026-07-01,4,40,26,97,0.041237,,,0.000000,,,,,,,,GLOBAL_BASELINE_NO_ENTITY_RANKING,,,NOT_APPLICABLE_GLOBAL_BASELINE,HF9g-P5,,,,X 全窗基线 · 不参与实体赏罚,8391126,840,A168_HF9F_20260827_0900,2026-08-27 09:00:00
2026-03-27,136297886,529,0,198.0808169739,53.3717756840,53.3717756840,0.7500000,24,4,0.41337715869477333,0.138392825000,1.3671647571305103,3.5423472051433014,1.3671647571305103,0.27498433369477333,ELIGIBLE,R03b_20260811_FULL_v1,L1_ELIGIBILITY,v2026-08-11,2026-03-21..2026-08-06,baccarat_bet02_101_all_pairs_incl_sentinel,round_win = game_pnl > 0 (decisive only),COMPATIBILITY_ONLY_NOT_PRODUCTION,5888.0642,5385.6108,481.3906,591,115,-0.08175703,,-0.08175703,-0.08175703,-481.3906,5888.0642,OK,0.0000,19.2556,4.0000,96.0000,AG03-UNRESOLVED,ALL5_LEVELS_bet23_to_bet27,19.2556,19.2556,19.2556,19.2556,19.2556,4.000000,4.000000,4.000000,4.000000,4.000000,96.000000,96.000000,96.000000,96.000000,96.000000,5.0,96.2781,88.8779,385.1125,392.5128,PENDING_AG03,FALSE,NOT_FOR_ENFORCEMENT,462.1350,5170.1863,481.3906,462.1350,19.2556,0.08175703,0.07848675,19.2556,462.1350,0.07848675,19.2556,19.2556,19.2556,19.2556,19.2556,462.1350,0.07848675,96.2781,88.8779,385.1125,392.5128,0.06540562,0.06666245,0.00327028,9.9629,46.8314,4.1860,120.3477,12.0348,1472.0160,28.7500,,9.9629,2.2009,2.2009,6.2314,35.2144,48.4198,72.7001,2.2009,-2.2009,22.0,33.032009,4.526736,20,33,4,8,0E-8,0.08175703,,0E-8,0.000000,0.914666,0.000000,,2026-03-27,2026-07-01,4,40,26,97,0.041237,,,0.000000,,,,,,,,GLOBAL_BASELINE_NO_ENTITY_RANKING,,,NOT_APPLICABLE_GLOBAL_BASELINE,HF9g-P5,,,,X 全窗基线 · 不参与实体赏罚,8391127,840,A168_HF9F_20260827_0900,2026-08-27 09:00:00
2026-03-27,136297886,598,0,48.4197552601,-48.4197552601,-48.4197552601,0E-7,2,1,0.45700525454575393,0.293924150000,-0.9174085499192715,-0.6451964315166089,-0.9174085499192715,0.16308110454575393,ELIGIBLE,R03b_20260811_FULL_v1,L1_ELIGIBILITY,v2026-08-11,2026-03-21..2026-08-06,baccarat_bet02_101_all_pairs_incl_sentinel,round_win = game_pnl > 0 (decisive only),COMPATIBILITY_ONLY_NOT_PRODUCTION,5888.0642,5385.6108,481.3906,591,115,-0.08175703,,-0.08175703,-0.08175703,-481.3906,5888.0642,OK,0.0000,19.2556,4.0000,96.0000,AG03-UNRESOLVED,ALL5_LEVELS_bet23_to_bet27,19.2556,19.2556,19.2556,19.2556,19.2556,4.000000,4.000000,4.000000,4.000000,4.000000,96.000000,96.000000,96.000000,96.000000,96.000000,5.0,96.2781,88.8779,385.1125,392.5128,PENDING_AG03,FALSE,NOT_FOR_ENFORCEMENT,462.1350,5170.1863,481.3906,462.1350,19.2556,0.08175703,0.07848675,19.2556,462.1350,0.07848675,19.2556,19.2556,19.2556,19.2556,19.2556,462.1350,0.07848675,96.2781,88.8779,385.1125,392.5128,0.06540562,0.06666245,0.00327028,9.9629,46.8314,4.1860,120.3477,12.0348,1472.0160,28.7500,,9.9629,2.2009,2.2009,6.2314,35.2144,48.4198,72.7001,2.2009,-2.2009,22.0,33.032009,4.526736,20,33,4,8,0E-8,0.08175703,,0E-8,0.000000,0.914666,0.000000,,2026-03-27,2026-07-01,4,40,26,97,0.041237,,,0.000000,,,,,,,,GLOBAL_BASELINE_NO_ENTITY_RANKING,,,NOT_APPLICABLE_GLOBAL_BASELINE,HF9g-P5,,,,X 全窗基线 · 不参与实体赏罚,8391128,840,A168_HF9F_20260827_0900,2026-08-27 09:00:00
2026-03-27,136297886,789,0,235.4960824019,44.0179593272,44.0179593272,0.6000000,25,5,0.42061166349147415,0.213019126666,0.8125566985980801,2.113406865484795,0.8125566985980801,0.20759253682547415,ELIGIBLE,R03b_20260811_FULL_v1,L1_ELIGIBILITY,v2026-08-11,2026-03-21..2026-08-06,baccarat_bet02_101_all_pairs_incl_sentinel,round_win = game_pnl > 0 (decisive only),COMPATIBILITY_ONLY_NOT_PRODUCTION,5888.0642,5385.6108,481.3906,591,115,-0.08175703,,-0.08175703,-0.08175703,-481.3906,5888.0642,OK,0.0000,19.2556,4.0000,96.0000,AG03-UNRESOLVED,ALL5_LEVELS_bet23_to_bet27,19.2556,19.2556,19.2556,19.2556,19.2556,4.000000,4.000000,4.000000,4.000000,4.000000,96.000000,96.000000,96.000000,96.000000,96.000000,5.0,96.2781,88.8779,385.1125,392.5128,PENDING_AG03,FALSE,NOT_FOR_ENFORCEMENT,462.1350,5170.1863,481.3906,462.1350,19.2556,0.08175703,0.07848675,19.2556,462.1350,0.07848675,19.2556,19.2556,19.2556,19.2556,19.2556,462.1350,0.07848675,96.2781,88.8779,385.1125,392.5128,0.06540562,0.06666245,0.00327028,9.9629,46.8314,4.1860,120.3477,12.0348,1472.0160,28.7500,,9.9629,2.2009,2.2009,6.2314,35.2144,48.4198,72.7001,2.2009,-2.2009,22.0,33.032009,4.526736,20,33,4,8,0E-8,0.08175703,,0E-8,0.000000,0.914666,0.000000,,2026-03-27,2026-07-01,4,40,26,97,0.041237,,,0.000000,,,,,,,,GLOBAL_BASELINE_NO_ENTITY_RANKING,,,NOT_APPLICABLE_GLOBAL_BASELINE,HF9g-P5,,,,X 全窗基线 · 不参与实体赏罚,8391129,840,A168_HF9F_20260827_0900,2026-08-27 09:00:00
2026-03-28,136297886,1307,0,39.1759838016,7.1749273702,7.1749273702,0.7500000,6,4,0.46887964249968277,0.403638725000,1.1266658467427049,1.411913839593939,1.1266658467427049,0.06524091749968277,ELIGIBLE,R03b_20260811_FULL_v1,L1_ELIGIBILITY,v2026-08-11,2026-03-21..2026-08-06,baccarat_bet02_101_all_pairs_incl_sentinel,round_win = game_pnl > 0 (decisive only),COMPATIBILITY_ONLY_NOT_PRODUCTION,5888.0642,5385.6108,481.3906,591,115,-0.08175703,,-0.08175703,-0.08175703,-481.3906,5888.0642,OK,0.0000,19.2556,4.0000,96.0000,AG03-UNRESOLVED,ALL5_LEVELS_bet23_to_bet27,19.2556,19.2556,19.2556,19.2556,19.2556,4.000000,4.000000,4.000000,4.000000,4.000000,96.000000,96.000000,96.000000,96.000000,96.000000,5.0,96.2781,88.8779,385.1125,392.5128,PENDING_AG03,FALSE,NOT_FOR_ENFORCEMENT,462.1350,5170.1863,481.3906,462.1350,19.2556,0.08175703,0.07848675,19.2556,462.1350,0.07848675,19.2556,19.2556,19.2556,19.2556,19.2556,462.1350,0.07848675,96.2781,88.8779,385.1125,392.5128,0.06540562,0.06666245,0.00327028,9.9629,46.8314,4.1860,120.3477,12.0348,1472.0160,28.7500,,9.9629,2.2009,2.2009,6.2314,35.2144,48.4198,72.7001,2.2009,-2.2009,22.0,33.032009,4.526736,20,33,4,8,0E-8,0.08175703,,0E-8,0.000000,0.914666,0.000000,,2026-03-27,2026-07-01,4,40,26,97,0.041237,,,0.000000,,,,,,,,GLOBAL_BASELINE_NO_ENTITY_RANKING,,,NOT_APPLICABLE_GLOBAL_BASELINE,HF9g-P5,,,,X 全窗基线 · 不参与实体赏罚,8391130,840,A168_HF9F_20260827_0900,2026-08-27 09:00:00
2026-03-28,136297886,986,0,12.3250286117,-12.3250286117,-12.3250286117,0E-7,1,1,0.50665070000000000,0.506650700000,-1.013391052207602,-1.013391052207602,-1.013391052207602,0E-17,ELIGIBLE,R03b_20260811_FULL_v1,L1_ELIGIBILITY,v2026-08-11,2026-03-21..2026-08-06,baccarat_bet02_101_all_pairs_incl_sentinel,round_win = game_pnl > 0 (decisive only),COMPATIBILITY_ONLY_NOT_PRODUCTION,5888.0642,5385.6108,481.3906,591,115,-0.08175703,,-0.08175703,-0.08175703,-481.3906,5888.0642,OK,0.0000,19.2556,4.0000,96.0000,AG03-UNRESOLVED,ALL5_LEVELS_bet23_to_bet27,19.2556,19.2556,19.2556,19.2556,19.2556,4.000000,4.000000,4.000000,4.000000,4.000000,96.000000,96.000000,96.000000,96.000000,96.000000,5.0,96.2781,88.8779,385.1125,392.5128,PENDING_AG03,FALSE,NOT_FOR_ENFORCEMENT,462.1350,5170.1863,481.3906,462.1350,19.2556,0.08175703,0.07848675,19.2556,462.1350,0.07848675,19.2556,19.2556,19.2556,19.2556,19.2556,462.1350,0.07848675,96.2781,88.8779,385.1125,392.5128,0.06540562,0.06666245,0.00327028,9.9629,46.8314,4.1860,120.3477,12.0348,1472.0160,28.7500,,9.9629,2.2009,2.2009,6.2314,35.2144,48.4198,72.7001,2.2009,-2.2009,22.0,33.032009,4.526736,20,33,4,8,0E-8,0.08175703,,0E-8,0.000000,0.914666,0.000000,,2026-03-27,2026-07-01,4,40,26,97,0.041237,,,0.000000,,,,,,,,GLOBAL_BASELINE_NO_ENTITY_RANKING,,,NOT_APPLICABLE_GLOBAL_BASELINE,HF9g-P5,,,,X 全窗基线 · 不参与实体赏罚,8391131,840,A168_HF9F_20260827_0900,2026-08-27 09:00:00
2026-06-09,136297886,-1,1,908.1278690572,-58.1600648072,-58.1600648072,0.5454545,66,11,0.39142087708963791,0.137617474243,1.0467223154102512,3.926415690721529,1.0467223154102512,0.25380340284663791,SENTINEL_DEALER,R03b_20260811_FULL_v1,L1_ELIGIBILITY,v2026-08-11,2026-03-21..2026-08-06,baccarat_bet02_101_all_pairs_incl_sentinel,round_win = game_pnl > 0 (decisive only),COMPATIBILITY_ONLY_NOT_PRODUCTION,5888.0642,5385.6108,481.3906,591,115,-0.08175703,,-0.08175703,-0.08175703,-481.3906,5888.0642,OK,0.0000,19.2556,4.0000,96.0000,AG03-UNRESOLVED,ALL5_LEVELS_bet23_to_bet27,19.2556,19.2556,19.2556,19.2556,19.2556,4.000000,4.000000,4.000000,4.000000,4.000000,96.000000,96.000000,96.000000,96.000000,96.000000,5.0,96.2781,88.8779,385.1125,392.5128,PENDING_AG03,FALSE,NOT_FOR_ENFORCEMENT,462.1350,5170.1863,481.3906,462.1350,19.2556,0.08175703,0.07848675,19.2556,462.1350,0.07848675,19.2556,19.2556,19.2556,19.2556,19.2556,462.1350,0.07848675,96.2781,88.8779,385.1125,392.5128,0.06540562,0.06666245,0.00327028,9.9629,46.8314,4.1860,120.3477,12.0348,1472.0160,28.7500,,9.9629,2.2009,2.2009,6.2314,35.2144,48.4198,72.7001,2.2009,-2.2009,22.0,33.032009,4.526736,20,33,4,8,0E-8,0.08175703,,0E-8,0.000000,0.914666,0.000000,,2026-03-27,2026-07-01,4,40,26,97,0.041237,,,0.000000,,,,,,,,GLOBAL_BASELINE_NO_ENTITY_RANKING,,,NOT_APPLICABLE_GLOBAL_BASELINE,HF9g-P5,,,,X 全窗基线 · 不参与实体赏罚,8391132,840,A168_HF9F_20260827_0900,2026-08-27 09:00:00
2026-06-09,136297886,1509,0,283.9457449680,-80.3855181436,-80.3855181436,0.2500000,24,4,0.37771291815395284,0.137783620834,-0.5268518532658234,0.6511474078253081,-0.5268518532658234,0.23992929731995284,ELIGIBLE,R03b_20260811_FULL_v1,L1_ELIGIBILITY,v2026-08-11,2026-03-21..2026-08-06,baccarat_bet02_101_all_pairs_incl_sentinel,round_win = game_pnl > 0 (decisive only),COMPATIBILITY_ONLY_NOT_PRODUCTION,5888.0642,5385.6108,481.3906,591,115,-0.08175703,,-0.08175703,-0.08175703,-481.3906,5888.0642,OK,0.0000,19.2556,4.0000,96.0000,AG03-UNRESOLVED,ALL5_LEVELS_bet23_to_bet27,19.2556,19.2556,19.2556,19.2556,19.2556,4.000000,4.000000,4.000000,4.000000,4.000000,96.000000,96.000000,96.000000,96.000000,96.000000,5.0,96.2781,88.8779,385.1125,392.5128,PENDING_AG03,FALSE,NOT_FOR_ENFORCEMENT,462.1350,5170.1863,481.3906,462.1350,19.2556,0.08175703,0.07848675,19.2556,462.1350,0.07848675,19.2556,19.2556,19.2556,19.2556,19.2556,462.1350,0.07848675,96.2781,88.8779,385.1125,392.5128,0.06540562,0.06666245,0.00327028,9.9629,46.8314,4.1860,120.3477,12.0348,1472.0160,28.7500,,9.9629,2.2009,2.2009,6.2314,35.2144,48.4198,72.7001,2.2009,-2.2009,22.0,33.032009,4.526736,20,33,4,8,0E-8,0.08175703,,0E-8,0.000000,0.914666,0.000000,,2026-03-27,2026-07-01,4,40,26,97,0.041237,,,0.000000,,,,,,,,GLOBAL_BASELINE_NO_ENTITY_RANKING,,,NOT_APPLICABLE_GLOBAL_BASELINE,HF9g-P5,,,,X 全窗基线 · 不参与实体赏罚,8391133,840,A168_HF9F_20260827_0900,2026-08-27 09:00:00
2026-06-09,136297886,1966,0,132.9372909874,-83.0858068671,-83.0858068671,0E-7,12,2,0.37729745293502594,0.137174416667,-1.1008207657522726,-0.5638843637670466,-1.1008207657522726,0.24012303626802594,ELIGIBLE,R03b_20260811_FULL_v1,L1_ELIGIBILITY,v2026-08-11,2026-03-21..2026-08-06,baccarat_bet02_101_all_pairs_incl_sentinel,round_win = game_pnl > 0 (decisive only),COMPATIBILITY_ONLY_NOT_PRODUCTION,5888.0642,5385.6108,481.3906,591,115,-0.08175703,,-0.08175703,-0.08175703,-481.3906,5888.0642,OK,0.0000,19.2556,4.0000,96.0000,AG03-UNRESOLVED,ALL5_LEVELS_bet23_to_bet27,19.2556,19.2556,19.2556,19.2556,19.2556,4.000000,4.000000,4.000000,4.000000,4.000000,96.000000,96.000000,96.000000,96.000000,96.000000,5.0,96.2781,88.8779,385.1125,392.5128,PENDING_AG03,FALSE,NOT_FOR_ENFORCEMENT,462.1350,5170.1863,481.3906,462.1350,19.2556,0.08175703,0.07848675,19.2556,462.1350,0.07848675,19.2556,19.2556,19.2556,19.2556,19.2556,462.1350,0.07848675,96.2781,88.8779,385.1125,392.5128,0.06540562,0.06666245,0.00327028,9.9629,46.8314,4.1860,120.3477,12.0348,1472.0160,28.7500,,9.9629,2.2009,2.2009,6.2314,35.2144,48.4198,72.7001,2.2009,-2.2009,22.0,33.032009,4.526736,20,33,4,8,0E-8,0.08175703,,0E-8,0.000000,0.914666,0.000000,,2026-03-27,2026-07-01,4,40,26,97,0.041237,,,0.000000,,,,,,,,GLOBAL_BASELINE_NO_ENTITY_RANKING,,,NOT_APPLICABLE_GLOBAL_BASELINE,HF9g-P5,,,,X 全窗基线 · 不参与实体赏罚,8391134,840,A168_HF9F_20260827_0900,2026-08-27 09:00:00
2026-07-01,136297886,-1,1,101.1732003434,-101.1732003434,-101.1732003434,0E-7,6,1,0.41383867171711315,0.139611233333,-0.8402469687472848,-0.4028216611528174,-0.8402469687472848,0.27422743838411315,SENTINEL_DEALER,R03b_20260811_FULL_v1,L1_ELIGIBILITY,v2026-08-11,2026-03-21..2026-08-06,baccarat_bet02_101_all_pairs_incl_sentinel,round_win = game_pnl > 0 (decisive only),COMPATIBILITY_ONLY_NOT_PRODUCTION,5888.0642,5385.6108,481.3906,591,115,-0.08175703,,-0.08175703,-0.08175703,-481.3906,5888.0642,OK,0.0000,19.2556,4.0000,96.0000,AG03-UNRESOLVED,ALL5_LEVELS_bet23_to_bet27,19.2556,19.2556,19.2556,19.2556,19.2556,4.000000,4.000000,4.000000,4.000000,4.000000,96.000000,96.000000,96.000000,96.000000,96.000000,5.0,96.2781,88.8779,385.1125,392.5128,PENDING_AG03,FALSE,NOT_FOR_ENFORCEMENT,462.1350,5170.1863,481.3906,462.1350,19.2556,0.08175703,0.07848675,19.2556,462.1350,0.07848675,19.2556,19.2556,19.2556,19.2556,19.2556,462.1350,0.07848675,96.2781,88.8779,385.1125,392.5128,0.06540562,0.06666245,0.00327028,9.9629,46.8314,4.1860,120.3477,12.0348,1472.0160,28.7500,,9.9629,2.2009,2.2009,6.2314,35.2144,48.4198,72.7001,2.2009,-2.2009,22.0,33.032009,4.526736,20,33,4,8,0E-8,0.08175703,,0E-8,0.000000,0.914666,0.000000,,2026-03-27,2026-07-01,4,40,26,97,0.041237,,,0.000000,,,,,,,,GLOBAL_BASELINE_NO_ENTITY_RANKING,,,NOT_APPLICABLE_GLOBAL_BASELINE,HF9g-P5,,,,X 全窗基线 · 不参与实体赏罚,8391135,840,A168_HF9F_20260827_0900,2026-08-27 09:00:00
2026-07-01,136297886,2191,0,519.1513714586,-89.5229530308,-89.5229530308,0.5714286,42,7,0.37387338548614433,0.139263116666,1.080299305966655,3.302522664181721,1.080299305966655,0.23461026882014433,ELIGIBLE,R03b_20260811_FULL_v1,L1_ELIGIBILITY,v2026-08-11,2026-03-21..2026-08-06,baccarat_bet02_101_all_pairs_incl_sentinel,round_win = game_pnl > 0 (decisive only),COMPATIBILITY_ONLY_NOT_PRODUCTION,5888.0642,5385.6108,481.3906,591,115,-0.08175703,,-0.08175703,-0.08175703,-481.3906,5888.0642,OK,0.0000,19.2556,4.0000,96.0000,AG03-UNRESOLVED,ALL5_LEVELS_bet23_to_bet27,19.2556,19.2556,19.2556,19.2556,19.2556,4.000000,4.000000,4.000000,4.000000,4.000000,96.000000,96.000000,96.000000,96.000000,96.000000,5.0,96.2781,88.8779,385.1125,392.5128,PENDING_AG03,FALSE,NOT_FOR_ENFORCEMENT,462.1350,5170.1863,481.3906,462.1350,19.2556,0.08175703,0.07848675,19.2556,462.1350,0.07848675,19.2556,19.2556,19.2556,19.2556,19.2556,462.1350,0.07848675,96.2781,88.8779,385.1125,392.5128,0.06540562,0.06666245,0.00327028,9.9629,46.8314,4.1860,120.3477,12.0348,1472.0160,28.7500,,9.9629,2.2009,2.2009,6.2314,35.2144,48.4198,72.7001,2.2009,-2.2009,22.0,33.032009,4.526736,20,33,4,8,0E-8,0.08175703,,0E-8,0.000000,0.914666,0.000000,,2026-03-27,2026-07-01,4,40,26,97,0.041237,,,0.000000,,,,,,,,GLOBAL_BASELINE_NO_ENTITY_RANKING,,,NOT_APPLICABLE_GLOBAL_BASELINE,HF9g-P5,,,,X 全窗基线 · 不参与实体赏罚,8391136,840,A168_HF9F_20260827_0900,2026-08-27 09:00:00
2026-07-01,136297886,2266,0,386.2976740383,-4.5987818338,-4.5987818338,0.7500000,24,4,0.38002820040662876,0.138392825000,1.5244203492602242,3.5423472051433014,1.5244203492602242,0.24163537540662876,ELIGIBLE,R03b_20260811_FULL_v1,L1_ELIGIBILITY,v2026-08-11,2026-03-21..2026-08-06,baccarat_bet02_101_all_pairs_incl_sentinel,round_win = game_pnl > 0 (decisive only),COMPATIBILITY_ONLY_NOT_PRODUCTION,5888.0642,5385.6108,481.3906,591,115,-0.08175703,,-0.08175703,-0.08175703,-481.3906,5888.0642,OK,0.0000,19.2556,4.0000,96.0000,AG03-UNRESOLVED,ALL5_LEVELS_bet23_to_bet27,19.2556,19.2556,19.2556,19.2556,19.2556,4.000000,4.000000,4.000000,4.000000,4.000000,96.000000,96.000000,96.000000,96.000000,96.000000,5.0,96.2781,88.8779,385.1125,392.5128,PENDING_AG03,FALSE,NOT_FOR_ENFORCEMENT,462.1350,5170.1863,481.3906,462.1350,19.2556,0.08175703,0.07848675,19.2556,462.1350,0.07848675,19.2556,19.2556,19.2556,19.2556,19.2556,462.1350,0.07848675,96.2781,88.8779,385.1125,392.5128,0.06540562,0.06666245,0.00327028,9.9629,46.8314,4.1860,120.3477,12.0348,1472.0160,28.7500,,9.9629,2.2009,2.2009,6.2314,35.2144,48.4198,72.7001,2.2009,-2.2009,22.0,33.032009,4.526736,20,33,4,8,0E-8,0.08175703,,0E-8,0.000000,0.914666,0.000000,,2026-03-27,2026-07-01,4,40,26,97,0.041237,,,0.000000,,,,,,,,GLOBAL_BASELINE_NO_ENTITY_RANKING,,,NOT_APPLICABLE_GLOBAL_BASELINE,HF9g-P5,,,,X 全窗基线 · 不参与实体赏罚,8391137,840,A168_HF9F_20260827_0900,2026-08-27 09:00:00
2026-06-02,85814363,-1,1,149.1501015768,124.4631882117,124.4631882117,1.0000000,13,4,0.42257782581096050,0.228812445833,2.3378862264402676,3.6717252828974867,2.3378862264402676,0.19376537997796050,SENTINEL_DEALER,R03b_20260811_FULL_v1,L1_ELIGIBILITY,v2026-08-11,2026-03-21..2026-08-06,baccarat_bet02_101_all_pairs_incl_sentinel,round_win = game_pnl > 0 (decisive only),COMPATIBILITY_ONLY_NOT_PRODUCTION,5483.2919,5125.4370,481.4045,313,144,-0.08779481,-0.13809721,-0.06165277,-0.08779481,-481.4045,5483.2919,OK,0.0000,19.2562,4.0000,96.0000,AG03-UNRESOLVED,ALL5_LEVELS_bet23_to_bet27,19.2562,19.2562,19.2562,24.0702,24.0702,4.000000,4.000000,4.000000,5.000000,5.000000,96.000000,96.000000,96.000000,95.000000,95.000000,5.0,105.9090,97.0154,375.4955,384.3891,PENDING_AG03,FALSE,NOT_FOR_ENFORCEMENT,462.1484,4920.4195,481.4045,462.1484,19.2562,0.08779481,0.08428301,19.2562,462.1484,0.08428301,19.2562,19.2562,19.2562,24.0702,24.0702,462.1484,0.08428301,105.9090,97.0154,375.4955,384.3891,0.06847995,0.07010189,0.00351179,17.5185,35.5933,3.3431,96.2809,25.3371,1096.6584,28.8000,26.0437,14.9716,2.5818,5.1636,25.7155,51.4311,51.6356,112.8236,5.1636,-2.5818,10.0,21.849975,3.392721,14,17,7,8,0.34197436,0.08779481,0.13809721,0E-8,0.000000,0.934737,0.000000,-0.07644444,2026-06-02,2026-07-28,5,19,19,57,0.087719,1.739543,1.486639,1.139915,,,,,,,,GLOBAL_BASELINE_NO_ENTITY_RANKING,,,NOT_APPLICABLE_GLOBAL_BASELINE,HF9g-P5,,,,X 全窗基线 · 不参与实体赏罚,8391138,840,A168_HF9F_20260827_0900,2026-08-27 09:00:00
2026-06-02,85814363,1078,0,254.5837940700,50.7881811402,50.7881811402,0.5000000,16,12,0.42057523339118450,0.389531594444,0.5573476775646132,0.7847399605399104,0.5573476775646132,0.03104363894718450,ELIGIBLE,R03b_20260811_FULL_v1,L1_ELIGIBILITY,v2026-08-11,2026-03-21..2026-08-06,baccarat_bet02_101_all_pairs_incl_sentinel,round_win = game_pnl > 0 (decisive only),COMPATIBILITY_ONLY_NOT_PRODUCTION,5483.2919,5125.4370,481.4045,313,144,-0.08779481,-0.13809721,-0.06165277,-0.08779481,-481.4045,5483.2919,OK,0.0000,19.2562,4.0000,96.0000,AG03-UNRESOLVED,ALL5_LEVELS_bet23_to_bet27,19.2562,19.2562,19.2562,24.0702,24.0702,4.000000,4.000000,4.000000,5.000000,5.000000,96.000000,96.000000,96.000000,95.000000,95.000000,5.0,105.9090,97.0154,375.4955,384.3891,PENDING_AG03,FALSE,NOT_FOR_ENFORCEMENT,462.1484,4920.4195,481.4045,462.1484,19.2562,0.08779481,0.08428301,19.2562,462.1484,0.08428301,19.2562,19.2562,19.2562,24.0702,24.0702,462.1484,0.08428301,105.9090,97.0154,375.4955,384.3891,0.06847995,0.07010189,0.00351179,17.5185,35.5933,3.3431,96.2809,25.3371,1096.6584,28.8000,26.0437,14.9716,2.5818,5.1636,25.7155,51.4311,51.6356,112.8236,5.1636,-2.5818,10.0,21.849975,3.392721,14,17,7,8,0.34197436,0.08779481,0.13809721,0E-8,0.000000,0.934737,0.000000,-0.07644444,2026-06-02,2026-07-28,5,19,19,57,0.087719,1.739543,1.486639,1.139915,,,,,,,,GLOBAL_BASELINE_NO_ENTITY_RANKING,,,NOT_APPLICABLE_GLOBAL_BASELINE,HF9g-P5,,,,X 全窗基线 · 不参与实体赏罚,8391139,840,A168_HF9F_20260827_0900,2026-08-27 09:00:00
2026-06-02,85814363,1257,0,334.3019518097,215.3676035690,215.3676035690,0.7692308,31,14,0.36497989270950770,0.258456542857,3.027571708697432,4.206671330994793,3.027571708697432,0.10652334985250770,ELIGIBLE,R03b_20260811_FULL_v1,L1_ELIGIBILITY,v2026-08-11,2026-03-21..2026-08-06,baccarat_bet02_101_all_pairs_incl_sentinel,round_win = game_pnl > 0 (decisive only),COMPATIBILITY_ONLY_NOT_PRODUCTION,5483.2919,5125.4370,481.4045,313,144,-0.08779481,-0.13809721,-0.06165277,-0.08779481,-481.4045,5483.2919,OK,0.0000,19.2562,4.0000,96.0000,AG03-UNRESOLVED,ALL5_LEVELS_bet23_to_bet27,19.2562,19.2562,19.2562,24.0702,24.0702,4.000000,4.000000,4.000000,5.000000,5.000000,96.000000,96.000000,96.000000,95.000000,95.000000,5.0,105.9090,97.0154,375.4955,384.3891,PENDING_AG03,FALSE,NOT_FOR_ENFORCEMENT,462.1484,4920.4195,481.4045,462.1484,19.2562,0.08779481,0.08428301,19.2562,462.1484,0.08428301,19.2562,19.2562,19.2562,24.0702,24.0702,462.1484,0.08428301,105.9090,97.0154,375.4955,384.3891,0.06847995,0.07010189,0.00351179,17.5185,35.5933,3.3431,96.2809,25.3371,1096.6584,28.8000,26.0437,14.9716,2.5818,5.1636,25.7155,51.4311,51.6356,112.8236,5.1636,-2.5818,10.0,21.849975,3.392721,14,17,7,8,0.34197436,0.08779481,0.13809721,0E-8,0.000000,0.934737,0.000000,-0.07644444,2026-06-02,2026-07-28,5,19,19,57,0.087719,1.739543,1.486639,1.139915,,,,,,,,GLOBAL_BASELINE_NO_ENTITY_RANKING,,,NOT_APPLICABLE_GLOBAL_BASELINE,HF9g-P5,,,,X 全窗基线 · 不参与实体赏罚,8391140,840,A168_HF9F_20260827_0900,2026-08-27 09:00:00
2026-06-02,85814363,2174,0,82.2897112144,19.2866510659,19.2866510659,0.6666667,5,3,0.44824617000000000,0.362598800000,0.7607168668841673,1.095497863370407,0.7607168668841673,0.08564737000000000,ELIGIBLE,R03b_20260811_FULL_v1,L1_ELIGIBILITY,v2026-08-11,2026-03-21..2026-08-06,baccarat_bet02_101_all_pairs_incl_sentinel,round_win = game_pnl > 0 (decisive only),COMPATIBILITY_ONLY_NOT_PRODUCTION,5483.2919,5125.4370,481.4045,313,144,-0.08779481,-0.13809721,-0.06165277,-0.08779481,-481.4045,5483.2919,OK,0.0000,19.2562,4.0000,96.0000,AG03-UNRESOLVED,ALL5_LEVELS_bet23_to_bet27,19.2562,19.2562,19.2562,24.0702,24.0702,4.000000,4.000000,4.000000,5.000000,5.000000,96.000000,96.000000,96.000000,95.000000,95.000000,5.0,105.9090,97.0154,375.4955,384.3891,PENDING_AG03,FALSE,NOT_FOR_ENFORCEMENT,462.1484,4920.4195,481.4045,462.1484,19.2562,0.08779481,0.08428301,19.2562,462.1484,0.08428301,19.2562,19.2562,19.2562,24.0702,24.0702,462.1484,0.08428301,105.9090,97.0154,375.4955,384.3891,0.06847995,0.07010189,0.00351179,17.5185,35.5933,3.3431,96.2809,25.3371,1096.6584,28.8000,26.0437,14.9716,2.5818,5.1636,25.7155,51.4311,51.6356,112.8236,5.1636,-2.5818,10.0,21.849975,3.392721,14,17,7,8,0.34197436,0.08779481,0.13809721,0E-8,0.000000,0.934737,0.000000,-0.07644444,2026-06-02,2026-07-28,5,19,19,57,0.087719,1.739543,1.486639,1.139915,,,,,,,,GLOBAL_BASELINE_NO_ENTITY_RANKING,,,NOT_APPLICABLE_GLOBAL_BASELINE,HF9g-P5,,,,X 全窗基线 · 不参与实体赏罚,8391141,840,A168_HF9F_20260827_0900,2026-08-27 09:00:00
2026-06-03,85814363,-1,1,59.1457299355,43.7164090827,43.7164090827,0.5000000,3,2,0.48195000952362128,0.374642850000,0.0510863816237802,0.3662615454285476,0.0510863816237802,0.10730715952362128,SENTINEL_DEALER,R03b_20260811_FULL_v1,L1_ELIGIBILITY,v2026-08-11,2026-03-21..2026-08-06,baccarat_bet02_101_all_pairs_incl_sentinel,round_win = game_pnl > 0 (decisive only),COMPATIBILITY_ONLY_NOT_PRODUCTION,5483.2919,5125.4370,481.4045,313,144,-0.08779481,-0.13809721,-0.06165277,-0.08779481,-481.4045,5483.2919,OK,0.0000,19.2562,4.0000,96.0000,AG03-UNRESOLVED,ALL5_LEVELS_bet23_to_bet27,19.2562,19.2562,19.2562,24.0702,24.0702,4.000000,4.000000,4.000000,5.000000,5.000000,96.000000,96.000000,96.000000,95.000000,95.000000,5.0,105.9090,97.0154,375.4955,384.3891,PENDING_AG03,FALSE,NOT_FOR_ENFORCEMENT,462.1484,4920.4195,481.4045,462.1484,19.2562,0.08779481,0.08428301,19.2562,462.1484,0.08428301,19.2562,19.2562,19.2562,24.0702,24.0702,462.1484,0.08428301,105.9090,97.0154,375.4955,384.3891,0.06847995,0.07010189,0.00351179,17.5185,35.5933,3.3431,96.2809,25.3371,1096.6584,28.8000,26.0437,14.9716,2.5818,5.1636,25.7155,51.4311,51.6356,112.8236,5.1636,-2.5818,10.0,21.849975,3.392721,14,17,7,8,0.34197436,0.08779481,0.13809721,0E-8,0.000000,0.934737,0.000000,-0.07644444,2026-06-02,2026-07-28,5,19,19,57,0.087719,1.739543,1.486639,1.139915,,,,,,,,GLOBAL_BASELINE_NO_ENTITY_RANKING,,,NOT_APPLICABLE_GLOBAL_BASELINE,HF9g-P5,,,,X 全窗基线 · 不参与实体赏罚,8391142,840,A168_HF9F_20260827_0900,2026-08-27 09:00:00
2026-06-03,85814363,1017,0,11.0576799445,-11.0576799445,-11.0576799445,0E-7,2,1,0.06699387209282529,0.050211200000,-0.26796328411173814,-0.22992530875270223,-0.26796328411173814,0.01678267209282529,ELIGIBLE,R03b_20260811_FULL_v1,L1_ELIGIBILITY,v2026-08-11,2026-03-21..2026-08-06,baccarat_bet02_101_all_pairs_incl_sentinel,round_win = game_pnl > 0 (decisive only),COMPATIBILITY_ONLY_NOT_PRODUCTION,5483.2919,5125.4370,481.4045,313,144,-0.08779481,-0.13809721,-0.06165277,-0.08779481,-481.4045,5483.2919,OK,0.0000,19.2562,4.0000,96.0000,AG03-UNRESOLVED,ALL5_LEVELS_bet23_to_bet27,19.2562,19.2562,19.2562,24.0702,24.0702,4.000000,4.000000,4.000000,5.000000,5.000000,96.000000,96.000000,96.000000,95.000000,95.000000,5.0,105.9090,97.0154,375.4955,384.3891,PENDING_AG03,FALSE,NOT_FOR_ENFORCEMENT,462.1484,4920.4195,481.4045,462.1484,19.2562,0.08779481,0.08428301,19.2562,462.1484,0.08428301,19.2562,19.2562,19.2562,24.0702,24.0702,462.1484,0.08428301,105.9090,97.0154,375.4955,384.3891,0.06847995,0.07010189,0.00351179,17.5185,35.5933,3.3431,96.2809,25.3371,1096.6584,28.8000,26.0437,14.9716,2.5818,5.1636,25.7155,51.4311,51.6356,112.8236,5.1636,-2.5818,10.0,21.849975,3.392721,14,17,7,8,0.34197436,0.08779481,0.13809721,0E-8,0.000000,0.934737,0.000000,-0.07644444,2026-06-02,2026-07-28,5,19,19,57,0.087719,1.739543,1.486639,1.139915,,,,,,,,GLOBAL_BASELINE_NO_ENTITY_RANKING,,,NOT_APPLICABLE_GLOBAL_BASELINE,HF9g-P5,,,,X 全窗基线 · 不参与实体赏罚,8391143,840,A168_HF9F_20260827_0900,2026-08-27 09:00:00
2026-06-03,85814363,1157,0,102.8621390182,-102.8621390182,-102.8621390182,0E-7,4,2,0.38582688666640042,0.280106050000,-1.12089734865441,-0.8821490699244685,-1.12089734865441,0.10572083666640042,ELIGIBLE,R03b_20260811_FULL_v1,L1_ELIGIBILITY,v2026-08-11,2026-03-21..2026-08-06,baccarat_bet02_101_all_pairs_incl_sentinel,round_win = game_pnl > 0 (decisive only),COMPATIBILITY_ONLY_NOT_PRODUCTION,5483.2919,5125.4370,481.4045,313,144,-0.08779481,-0.13809721,-0.06165277,-0.08779481,-481.4045,5483.2919,OK,0.0000,19.2562,4.0000,96.0000,AG03-UNRESOLVED,ALL5_LEVELS_bet23_to_bet27,19.2562,19.2562,19.2562,24.0702,24.0702,4.000000,4.000000,4.000000,5.000000,5.000000,96.000000,96.000000,96.000000,95.000000,95.000000,5.0,105.9090,97.0154,375.4955,384.3891,PENDING_AG03,FALSE,NOT_FOR_ENFORCEMENT,462.1484,4920.4195,481.4045,462.1484,19.2562,0.08779481,0.08428301,19.2562,462.1484,0.08428301,19.2562,19.2562,19.2562,24.0702,24.0702,462.1484,0.08428301,105.9090,97.0154,375.4955,384.3891,0.06847995,0.07010189,0.00351179,17.5185,35.5933,3.3431,96.2809,25.3371,1096.6584,28.8000,26.0437,14.9716,2.5818,5.1636,25.7155,51.4311,51.6356,112.8236,5.1636,-2.5818,10.0,21.849975,3.392721,14,17,7,8,0.34197436,0.08779481,0.13809721,0E-8,0.000000,0.934737,0.000000,-0.07644444,2026-06-02,2026-07-28,5,19,19,57,0.087719,1.739543,1.486639,1.139915,,,,,,,,GLOBAL_BASELINE_NO_ENTITY_RANKING,,,NOT_APPLICABLE_GLOBAL_BASELINE,HF9g-P5,,,,X 全窗基线 · 不参与实体赏罚,8391144,840,A168_HF9F_20260827_0900,2026-08-27 09:00:00
2026-06-03,85814363,1951,0,456.7078972407,-63.9031038653,-63.9031038653,0.4000000,24,15,0.45203322313611648,0.396965667778,-0.4049151873669516,0.024019350824676315,-0.4049151873669516,0.05506755535811648,ELIGIBLE,R03b_20260811_FULL_v1,L1_ELIGIBILITY,v2026-08-11,2026-03-21..2026-08-06,baccarat_bet02_101_all_pairs_incl_sentinel,round_win = game_pnl > 0 (decisive only),COMPATIBILITY_ONLY_NOT_PRODUCTION,5483.2919,5125.4370,481.4045,313,144,-0.08779481,-0.13809721,-0.06165277,-0.08779481,-481.4045,5483.2919,OK,0.0000,19.2562,4.0000,96.0000,AG03-UNRESOLVED,ALL5_LEVELS_bet23_to_bet27,19.2562,19.2562,19.2562,24.0702,24.0702,4.000000,4.000000,4.000000,5.000000,5.000000,96.000000,96.000000,96.000000,95.000000,95.000000,5.0,105.9090,97.0154,375.4955,384.3891,PENDING_AG03,FALSE,NOT_FOR_ENFORCEMENT,462.1484,4920.4195,481.4045,462.1484,19.2562,0.08779481,0.08428301,19.2562,462.1484,0.08428301,19.2562,19.2562,19.2562,24.0702,24.0702,462.1484,0.08428301,105.9090,97.0154,375.4955,384.3891,0.06847995,0.07010189,0.00351179,17.5185,35.5933,3.3431,96.2809,25.3371,1096.6584,28.8000,26.0437,14.9716,2.5818,5.1636,25.7155,51.4311,51.6356,112.8236,5.1636,-2.5818,10.0,21.849975,3.392721,14,17,7,8,0.34197436,0.08779481,0.13809721,0E-8,0.000000,0.934737,0.000000,-0.07644444,2026-06-02,2026-07-28,5,19,19,57,0.087719,1.739543,1.486639,1.139915,,,,,,,,GLOBAL_BASELINE_NO_ENTITY_RANKING,,,NOT_APPLICABLE_GLOBAL_BASELINE,HF9g-P5,,,,X 全窗基线 · 不参与实体赏罚,8391145,840,A168_HF9F_20260827_0900,2026-08-27 09:00:00
2026-06-03,85814363,2188,0,33.4301951809,-33.4301951809,-33.4301951809,0E-7,3,1,0.40573442307634441,0.206696133333,-0.8262864682582808,-0.5104419870530632,-0.8262864682582808,0.19903828974334441,ELIGIBLE,R03b_20260811_FULL_v1,L1_ELIGIBILITY,v2026-08-11,2026-03-21..2026-08-06,baccarat_bet02_101_all_pairs_incl_sentinel,round_win = game_pnl > 0 (decisive only),COMPATIBILITY_ONLY_NOT_PRODUCTION,5483.2919,5125.4370,481.4045,313,144,-0.08779481,-0.13809721,-0.06165277,-0.08779481,-481.4045,5483.2919,OK,0.0000,19.2562,4.0000,96.0000,AG03-UNRESOLVED,ALL5_LEVELS_bet23_to_bet27,19.2562,19.2562,19.2562,24.0702,24.0702,4.000000,4.000000,4.000000,5.000000,5.000000,96.000000,96.000000,96.000000,95.000000,95.000000,5.0,105.9090,97.0154,375.4955,384.3891,PENDING_AG03,FALSE,NOT_FOR_ENFORCEMENT,462.1484,4920.4195,481.4045,462.1484,19.2562,0.08779481,0.08428301,19.2562,462.1484,0.08428301,19.2562,19.2562,19.2562,24.0702,24.0702,462.1484,0.08428301,105.9090,97.0154,375.4955,384.3891,0.06847995,0.07010189,0.00351179,17.5185,35.5933,3.3431,96.2809,25.3371,1096.6584,28.8000,26.0437,14.9716,2.5818,5.1636,25.7155,51.4311,51.6356,112.8236,5.1636,-2.5818,10.0,21.849975,3.392721,14,17,7,8,0.34197436,0.08779481,0.13809721,0E-8,0.000000,0.934737,0.000000,-0.07644444,2026-06-02,2026-07-28,5,19,19,57,0.087719,1.739543,1.486639,1.139915,,,,,,,,GLOBAL_BASELINE_NO_ENTITY_RANKING,,,NOT_APPLICABLE_GLOBAL_BASELINE,HF9g-P5,,,,X 全窗基线 · 不参与实体赏罚,8391146,840,A168_HF9F_20260827_0900,2026-08-27 09:00:00
2026-06-03,85814363,2276,0,25.7155347545,-25.7155347545,-25.7155347545,0E-7,1,1,0.50665070000000000,0.506650700000,-1.013391052207602,-1.013391052207602,-1.013391052207602,0E-17,ELIGIBLE,R03b_20260811_FULL_v1,L1_ELIGIBILITY,v2026-08-11,2026-03-21..2026-08-06,baccarat_bet02_101_all_pairs_incl_sentinel,round_win = game_pnl > 0 (decisive only),COMPATIBILITY_ONLY_NOT_PRODUCTION,5483.2919,5125.4370,481.4045,313,144,-0.08779481,-0.13809721,-0.06165277,-0.08779481,-481.4045,5483.2919,OK,0.0000,19.2562,4.0000,96.0000,AG03-UNRESOLVED,ALL5_LEVELS_bet23_to_bet27,19.2562,19.2562,19.2562,24.0702,24.0702,4.000000,4.000000,4.000000,5.000000,5.000000,96.000000,96.000000,96.000000,95.000000,95.000000,5.0,105.9090,97.0154,375.4955,384.3891,PENDING_AG03,FALSE,NOT_FOR_ENFORCEMENT,462.1484,4920.4195,481.4045,462.1484,19.2562,0.08779481,0.08428301,19.2562,462.1484,0.08428301,19.2562,19.2562,19.2562,24.0702,24.0702,462.1484,0.08428301,105.9090,97.0154,375.4955,384.3891,0.06847995,0.07010189,0.00351179,17.5185,35.5933,3.3431,96.2809,25.3371,1096.6584,28.8000,26.0437,14.9716,2.5818,5.1636,25.7155,51.4311,51.6356,112.8236,5.1636,-2.5818,10.0,21.849975,3.392721,14,17,7,8,0.34197436,0.08779481,0.13809721,0E-8,0.000000,0.934737,0.000000,-0.07644444,2026-06-02,2026-07-28,5,19,19,57,0.087719,1.739543,1.486639,1.139915,,,,,,,,GLOBAL_BASELINE_NO_ENTITY_RANKING,,,NOT_APPLICABLE_GLOBAL_BASELINE,HF9g-P5,,,,X 全窗基线 · 不参与实体赏罚,8391147,840,A168_HF9F_20260827_0900,2026-08-27 09:00:00
2026-06-03,85814363,595,0,12.8577673773,-12.8577673773,-12.8577673773,0E-7,2,2,0.01883490000000000,0.018834900000,-0.19594113131146038,-0.19594113131146038,-0.19594113131146038,0E-17,ELIGIBLE,R03b_20260811_FULL_v1,L1_ELIGIBILITY,v2026-08-11,2026-03-21..2026-08-06,baccarat_bet02_101_all_pairs_incl_sentinel,round_win = game_pnl > 0 (decisive only),COMPATIBILITY_ONLY_NOT_PRODUCTION,5483.2919,5125.4370,481.4045,313,144,-0.08779481,-0.13809721,-0.06165277,-0.08779481,-481.4045,5483.2919,OK,0.0000,19.2562,4.0000,96.0000,AG03-UNRESOLVED,ALL5_LEVELS_bet23_to_bet27,19.2562,19.2562,19.2562,24.0702,24.0702,4.000000,4.000000,4.000000,5.000000,5.000000,96.000000,96.000000,96.000000,95.000000,95.000000,5.0,105.9090,97.0154,375.4955,384.3891,PENDING_AG03,FALSE,NOT_FOR_ENFORCEMENT,462.1484,4920.4195,481.4045,462.1484,19.2562,0.08779481,0.08428301,19.2562,462.1484,0.08428301,19.2562,19.2562,19.2562,24.0702,24.0702,462.1484,0.08428301,105.9090,97.0154,375.4955,384.3891,0.06847995,0.07010189,0.00351179,17.5185,35.5933,3.3431,96.2809,25.3371,1096.6584,28.8000,26.0437,14.9716,2.5818,5.1636,25.7155,51.4311,51.6356,112.8236,5.1636,-2.5818,10.0,21.849975,3.392721,14,17,7,8,0.34197436,0.08779481,0.13809721,0E-8,0.000000,0.934737,0.000000,-0.07644444,2026-06-02,2026-07-28,5,19,19,57,0.087719,1.739543,1.486639,1.139915,,,,,,,,GLOBAL_BASELINE_NO_ENTITY_RANKING,,,NOT_APPLICABLE_GLOBAL_BASELINE,HF9g-P5,,,,X 全窗基线 · 不参与实体赏罚,8391148,840,A168_HF9F_20260827_0900,2026-08-27 09:00:00
2026-06-10,85814363,-1,1,221.1535988891,-150.9501890093,-150.9501890093,0.3333333,13,6,0.43852530357127474,0.308009713889,-0.5192730592310731,0.13435975336340736,-0.5192730592310731,0.13051558968227474,SENTINEL_DEALER,R03b_20260811_FULL_v1,L1_ELIGIBILITY,v2026-08-11,2026-03-21..2026-08-06,baccarat_bet02_101_all_pairs_incl_sentinel,round_win = game_pnl > 0 (decisive only),COMPATIBILITY_ONLY_NOT_PRODUCTION,5483.2919,5125.4370,481.4045,313,144,-0.08779481,-0.13809721,-0.06165277,-0.08779481,-481.4045,5483.2919,OK,0.0000,19.2562,4.0000,96.0000,AG03-UNRESOLVED,ALL5_LEVELS_bet23_to_bet27,19.2562,19.2562,19.2562,24.0702,24.0702,4.000000,4.000000,4.000000,5.000000,5.000000,96.000000,96.000000,96.000000,95.000000,95.000000,5.0,105.9090,97.0154,375.4955,384.3891,PENDING_AG03,FALSE,NOT_FOR_ENFORCEMENT,462.1484,4920.4195,481.4045,462.1484,19.2562,0.08779481,0.08428301,19.2562,462.1484,0.08428301,19.2562,19.2562,19.2562,24.0702,24.0702,462.1484,0.08428301,105.9090,97.0154,375.4955,384.3891,0.06847995,0.07010189,0.00351179,17.5185,35.5933,3.3431,96.2809,25.3371,1096.6584,28.8000,26.0437,14.9716,2.5818,5.1636,25.7155,51.4311,51.6356,112.8236,5.1636,-2.5818,10.0,21.849975,3.392721,14,17,7,8,0.34197436,0.08779481,0.13809721,0E-8,0.000000,0.934737,0.000000,-0.07644444,2026-06-02,2026-07-28,5,19,19,57,0.087719,1.739543,1.486639,1.139915,,,,,,,,GLOBAL_BASELINE_NO_ENTITY_RANKING,,,NOT_APPLICABLE_GLOBAL_BASELINE,HF9g-P5,,,,X 全窗基线 · 不参与实体赏罚,8391149,840,A168_HF9F_20260827_0900,2026-08-27 09:00:00
2026-06-10,85814363,1306,0,481.3948106058,-190.4363926255,-190.4363926255,0.1578947,48,19,0.36580868603114843,0.291078473333,-1.8815825495005014,-1.277979446347793,-1.8815825495005014,0.07473021269814843,ELIGIBLE,R03b_20260811_FULL_v1,L1_ELIGIBILITY,v2026-08-11,2026-03-21..2026-08-06,baccarat_bet02_101_all_pairs_incl_sentinel,round_win = game_pnl > 0 (decisive only),COMPATIBILITY_ONLY_NOT_PRODUCTION,5483.2919,5125.4370,481.4045,313,144,-0.08779481,-0.13809721,-0.06165277,-0.08779481,-481.4045,5483.2919,OK,0.0000,19.2562,4.0000,96.0000,AG03-UNRESOLVED,ALL5_LEVELS_bet23_to_bet27,19.2562,19.2562,19.2562,24.0702,24.0702,4.000000,4.000000,4.000000,5.000000,5.000000,96.000000,96.000000,96.000000,95.000000,95.000000,5.0,105.9090,97.0154,375.4955,384.3891,PENDING_AG03,FALSE,NOT_FOR_ENFORCEMENT,462.1484,4920.4195,481.4045,462.1484,19.2562,0.08779481,0.08428301,19.2562,462.1484,0.08428301,19.2562,19.2562,19.2562,24.0702,24.0702,462.1484,0.08428301,105.9090,97.0154,375.4955,384.3891,0.06847995,0.07010189,0.00351179,17.5185,35.5933,3.3431,96.2809,25.3371,1096.6584,28.8000,26.0437,14.9716,2.5818,5.1636,25.7155,51.4311,51.6356,112.8236,5.1636,-2.5818,10.0,21.849975,3.392721,14,17,7,8,0.34197436,0.08779481,0.13809721,0E-8,0.000000,0.934737,0.000000,-0.07644444,2026-06-02,2026-07-28,5,19,19,57,0.087719,1.739543,1.486639,1.139915,,,,,,,,GLOBAL_BASELINE_NO_ENTITY_RANKING,,,NOT_APPLICABLE_GLOBAL_BASELINE,HF9g-P5,,,,X 全窗基线 · 不参与实体赏罚,8391150,840,A168_HF9F_20260827_0900,2026-08-27 09:00:00
2026-06-10,85814363,1704,0,77.1466042636,-27.0013114923,-27.0013114923,0.5000000,2,2,0.50665070000000000,0.506650700000,-0.018812684590367487,-0.018812684590367487,-0.018812684590367487,0E-17,ELIGIBLE,R03b_20260811_FULL_v1,L1_ELIGIBILITY,v2026-08-11,2026-03-21..2026-08-06,baccarat_bet02_101_all_pairs_incl_sentinel,round_win = game_pnl > 0 (decisive only),COMPATIBILITY_ONLY_NOT_PRODUCTION,5483.2919,5125.4370,481.4045,313,144,-0.08779481,-0.13809721,-0.06165277,-0.08779481,-481.4045,5483.2919,OK,0.0000,19.2562,4.0000,96.0000,AG03-UNRESOLVED,ALL5_LEVELS_bet23_to_bet27,19.2562,19.2562,19.2562,24.0702,24.0702,4.000000,4.000000,4.000000,5.000000,5.000000,96.000000,96.000000,96.000000,95.000000,95.000000,5.0,105.9090,97.0154,375.4955,384.3891,PENDING_AG03,FALSE,NOT_FOR_ENFORCEMENT,462.1484,4920.4195,481.4045,462.1484,19.2562,0.08779481,0.08428301,19.2562,462.1484,0.08428301,19.2562,19.2562,19.2562,24.0702,24.0702,462.1484,0.08428301,105.9090,97.0154,375.4955,384.3891,0.06847995,0.07010189,0.00351179,17.5185,35.5933,3.3431,96.2809,25.3371,1096.6584,28.8000,26.0437,14.9716,2.5818,5.1636,25.7155,51.4311,51.6356,112.8236,5.1636,-2.5818,10.0,21.849975,3.392721,14,17,7,8,0.34197436,0.08779481,0.13809721,0E-8,0.000000,0.934737,0.000000,-0.07644444,2026-06-02,2026-07-28,5,19,19,57,0.087719,1.739543,1.486639,1.139915,,,,,,,,GLOBAL_BASELINE_NO_ENTITY_RANKING,,,NOT_APPLICABLE_GLOBAL_BASELINE,HF9g-P5,,,,X 全窗基线 · 不参与实体赏罚,8391151,840,A168_HF9F_20260827_0900,2026-08-27 09:00:00
2026-06-10,85814363,550,0,378.0183608922,36.6446370247,36.6446370247,0.4166667,26,12,0.34651630915699112,0.285373329167,0.5106711167269592,1.0071334260684466,0.5106711167269592,0.06114297998999112,ELIGIBLE,R03b_20260811_FULL_v1,L1_ELIGIBILITY,v2026-08-11,2026-03-21..2026-08-06,baccarat_bet02_101_all_pairs_incl_sentinel,round_win = game_pnl > 0 (decisive only),COMPATIBILITY_ONLY_NOT_PRODUCTION,5483.2919,5125.4370,481.4045,313,144,-0.08779481,-0.13809721,-0.06165277,-0.08779481,-481.4045,5483.2919,OK,0.0000,19.2562,4.0000,96.0000,AG03-UNRESOLVED,ALL5_LEVELS_bet23_to_bet27,19.2562,19.2562,19.2562,24.0702,24.0702,4.000000,4.000000,4.000000,5.000000,5.000000,96.000000,96.000000,96.000000,95.000000,95.000000,5.0,105.9090,97.0154,375.4955,384.3891,PENDING_AG03,FALSE,NOT_FOR_ENFORCEMENT,462.1484,4920.4195,481.4045,462.1484,19.2562,0.08779481,0.08428301,19.2562,462.1484,0.08428301,19.2562,19.2562,19.2562,24.0702,24.0702,462.1484,0.08428301,105.9090,97.0154,375.4955,384.3891,0.06847995,0.07010189,0.00351179,17.5185,35.5933,3.3431,96.2809,25.3371,1096.6584,28.8000,26.0437,14.9716,2.5818,5.1636,25.7155,51.4311,51.6356,112.8236,5.1636,-2.5818,10.0,21.849975,3.392721,14,17,7,8,0.34197436,0.08779481,0.13809721,0E-8,0.000000,0.934737,0.000000,-0.07644444,2026-06-02,2026-07-28,5,19,19,57,0.087719,1.739543,1.486639,1.139915,,,,,,,,GLOBAL_BASELINE_NO_ENTITY_RANKING,,,NOT_APPLICABLE_GLOBAL_BASELINE,HF9g-P5,,,,X 全窗基线 · 不参与实体赏罚,8391152,840,A168_HF9F_20260827_0900,2026-08-27 09:00:00
2026-06-10,85814363,919,0,264.8700079720,-39.2161905010,-39.2161905010,0.3333333,19,9,0.31515342333321940,0.286557264815,0.11739654737841185,0.3103556814618292,0.11739654737841185,0.02859615851821940,ELIGIBLE,R03b_20260811_FULL_v1,L1_ELIGIBILITY,v2026-08-11,2026-03-21..2026-08-06,baccarat_bet02_101_all_pairs_incl_sentinel,round_win = game_pnl > 0 (decisive only),COMPATIBILITY_ONLY_NOT_PRODUCTION,5483.2919,5125.4370,481.4045,313,144,-0.08779481,-0.13809721,-0.06165277,-0.08779481,-481.4045,5483.2919,OK,0.0000,19.2562,4.0000,96.0000,AG03-UNRESOLVED,ALL5_LEVELS_bet23_to_bet27,19.2562,19.2562,19.2562,24.0702,24.0702,4.000000,4.000000,4.000000,5.000000,5.000000,96.000000,96.000000,96.000000,95.000000,95.000000,5.0,105.9090,97.0154,375.4955,384.3891,PENDING_AG03,FALSE,NOT_FOR_ENFORCEMENT,462.1484,4920.4195,481.4045,462.1484,19.2562,0.08779481,0.08428301,19.2562,462.1484,0.08428301,19.2562,19.2562,19.2562,24.0702,24.0702,462.1484,0.08428301,105.9090,97.0154,375.4955,384.3891,0.06847995,0.07010189,0.00351179,17.5185,35.5933,3.3431,96.2809,25.3371,1096.6584,28.8000,26.0437,14.9716,2.5818,5.1636,25.7155,51.4311,51.6356,112.8236,5.1636,-2.5818,10.0,21.849975,3.392721,14,17,7,8,0.34197436,0.08779481,0.13809721,0E-8,0.000000,0.934737,0.000000,-0.07644444,2026-06-02,2026-07-28,5,19,19,57,0.087719,1.739543,1.486639,1.139915,,,,,,,,GLOBAL_BASELINE_NO_ENTITY_RANKING,,,NOT_APPLICABLE_GLOBAL_BASELINE,HF9g-P5,,,,X 全窗基线 · 不参与实体赏罚,8391153,840,A168_HF9F_20260827_0900,2026-08-27 09:00:00
2026-06-10,85814363,986,0,329.1588448580,113.1483529200,113.1483529200,0.7500000,12,8,0.47764491897371623,0.414147152083,1.5422152115982146,1.9285123148623702,1.5422152115982146,0.06349776689071623,ELIGIBLE,R03b_20260811_FULL_v1,L1_ELIGIBILITY,v2026-08-11,2026-03-21..2026-08-06,baccarat_bet02_101_all_pairs_incl_sentinel,round_win = game_pnl > 0 (decisive only),COMPATIBILITY_ONLY_NOT_PRODUCTION,5483.2919,5125.4370,481.4045,313,144,-0.08779481,-0.13809721,-0.06165277,-0.08779481,-481.4045,5483.2919,OK,0.0000,19.2562,4.0000,96.0000,AG03-UNRESOLVED,ALL5_LEVELS_bet23_to_bet27,19.2562,19.2562,19.2562,24.0702,24.0702,4.000000,4.000000,4.000000,5.000000,5.000000,96.000000,96.000000,96.000000,95.000000,95.000000,5.0,105.9090,97.0154,375.4955,384.3891,PENDING_AG03,FALSE,NOT_FOR_ENFORCEMENT,462.1484,4920.4195,481.4045,462.1484,19.2562,0.08779481,0.08428301,19.2562,462.1484,0.08428301,19.2562,19.2562,19.2562,24.0702,24.0702,462.1484,0.08428301,105.9090,97.0154,375.4955,384.3891,0.06847995,0.07010189,0.00351179,17.5185,35.5933,3.3431,96.2809,25.3371,1096.6584,28.8000,26.0437,14.9716,2.5818,5.1636,25.7155,51.4311,51.6356,112.8236,5.1636,-2.5818,10.0,21.849975,3.392721,14,17,7,8,0.34197436,0.08779481,0.13809721,0E-8,0.000000,0.934737,0.000000,-0.07644444,2026-06-02,2026-07-28,5,19,19,57,0.087719,1.739543,1.486639,1.139915,,,,,,,,GLOBAL_BASELINE_NO_ENTITY_RANKING,,,NOT_APPLICABLE_GLOBAL_BASELINE,HF9g-P5,,,,X 全窗基线 · 不参与实体赏罚,8391154,840,A168_HF9F_20260827_0900,2026-08-27 09:00:00
2026-06-25,85814363,2088,0,169.7225293801,-80.3610461080,-80.3610461080,0.2500000,10,5,0.45306830717892975,0.336943530000,-0.8158752472054384,-0.36788615622132564,-0.8158752472054384,0.11612477717892975,ELIGIBLE,R03b_20260811_FULL_v1,L1_ELIGIBILITY,v2026-08-11,2026-03-21..2026-08-06,baccarat_bet02_101_all_pairs_incl_sentinel,round_win = game_pnl > 0 (decisive only),COMPATIBILITY_ONLY_NOT_PRODUCTION,5483.2919,5125.4370,481.4045,313,144,-0.08779481,-0.13809721,-0.06165277,-0.08779481,-481.4045,5483.2919,OK,0.0000,19.2562,4.0000,96.0000,AG03-UNRESOLVED,ALL5_LEVELS_bet23_to_bet27,19.2562,19.2562,19.2562,24.0702,24.0702,4.000000,4.000000,4.000000,5.000000,5.000000,96.000000,96.000000,96.000000,95.000000,95.000000,5.0,105.9090,97.0154,375.4955,384.3891,PENDING_AG03,FALSE,NOT_FOR_ENFORCEMENT,462.1484,4920.4195,481.4045,462.1484,19.2562,0.08779481,0.08428301,19.2562,462.1484,0.08428301,19.2562,19.2562,19.2562,24.0702,24.0702,462.1484,0.08428301,105.9090,97.0154,375.4955,384.3891,0.06847995,0.07010189,0.00351179,17.5185,35.5933,3.3431,96.2809,25.3371,1096.6584,28.8000,26.0437,14.9716,2.5818,5.1636,25.7155,51.4311,51.6356,112.8236,5.1636,-2.5818,10.0,21.849975,3.392721,14,17,7,8,0.34197436,0.08779481,0.13809721,0E-8,0.000000,0.934737,0.000000,-0.07644444,2026-06-02,2026-07-28,5,19,19,57,0.087719,1.739543,1.486639,1.139915,,,,,,,,GLOBAL_BASELINE_NO_ENTITY_RANKING,,,NOT_APPLICABLE_GLOBAL_BASELINE,HF9g-P5,,,,X 全窗基线 · 不参与实体赏罚,8391155,840,A168_HF9F_20260827_0900,2026-08-27 09:00:00
2026-06-25,85814363,2281,0,164.5794224291,-88.0757065343,-88.0757065343,0.2000000,7,6,0.40245651666671612,0.391010741667,-0.9231505299639564,-0.8752732034461659,-0.9231505299639564,0.01144577499971612,ELIGIBLE,R03b_20260811_FULL_v1,L1_ELIGIBILITY,v2026-08-11,2026-03-21..2026-08-06,baccarat_bet02_101_all_pairs_incl_sentinel,round_win = game_pnl > 0 (decisive only),COMPATIBILITY_ONLY_NOT_PRODUCTION,5483.2919,5125.4370,481.4045,313,144,-0.08779481,-0.13809721,-0.06165277,-0.08779481,-481.4045,5483.2919,OK,0.0000,19.2562,4.0000,96.0000,AG03-UNRESOLVED,ALL5_LEVELS_bet23_to_bet27,19.2562,19.2562,19.2562,24.0702,24.0702,4.000000,4.000000,4.000000,5.000000,5.000000,96.000000,96.000000,96.000000,95.000000,95.000000,5.0,105.9090,97.0154,375.4955,384.3891,PENDING_AG03,FALSE,NOT_FOR_ENFORCEMENT,462.1484,4920.4195,481.4045,462.1484,19.2562,0.08779481,0.08428301,19.2562,462.1484,0.08428301,19.2562,19.2562,19.2562,24.0702,24.0702,462.1484,0.08428301,105.9090,97.0154,375.4955,384.3891,0.06847995,0.07010189,0.00351179,17.5185,35.5933,3.3431,96.2809,25.3371,1096.6584,28.8000,26.0437,14.9716,2.5818,5.1636,25.7155,51.4311,51.6356,112.8236,5.1636,-2.5818,10.0,21.849975,3.392721,14,17,7,8,0.34197436,0.08779481,0.13809721,0E-8,0.000000,0.934737,0.000000,-0.07644444,2026-06-02,2026-07-28,5,19,19,57,0.087719,1.739543,1.486639,1.139915,,,,,,,,GLOBAL_BASELINE_NO_ENTITY_RANKING,,,NOT_APPLICABLE_GLOBAL_BASELINE,HF9g-P5,,,,X 全窗基线 · 不参与实体赏罚,8391156,840,A168_HF9F_20260827_0900,2026-08-27 09:00:00
2026-07-28,85814363,-1,1,1875.1452250013,-258.9523145635,-258.9523145635,0.4000000,72,20,0.37934095858032594,0.188754706667,0.1904073691197149,2.414221144554636,0.1904073691197149,0.19058625191332594,SENTINEL_DEALER,R03b_20260811_FULL_v1,L1_ELIGIBILITY,v2026-08-11,2026-03-21..2026-08-06,baccarat_bet02_101_all_pairs_incl_sentinel,round_win = game_pnl > 0 (decisive only),COMPATIBILITY_ONLY_NOT_PRODUCTION,5483.2919,5125.4370,481.4045,313,144,-0.08779481,-0.13809721,-0.06165277,-0.08779481,-481.4045,5483.2919,OK,0.0000,19.2562,4.0000,96.0000,AG03-UNRESOLVED,ALL5_LEVELS_bet23_to_bet27,19.2562,19.2562,19.2562,24.0702,24.0702,4.000000,4.000000,4.000000,5.000000,5.000000,96.000000,96.000000,96.000000,95.000000,95.000000,5.0,105.9090,97.0154,375.4955,384.3891,PENDING_AG03,FALSE,NOT_FOR_ENFORCEMENT,462.1484,4920.4195,481.4045,462.1484,19.2562,0.08779481,0.08428301,19.2562,462.1484,0.08428301,19.2562,19.2562,19.2562,24.0702,24.0702,462.1484,0.08428301,105.9090,97.0154,375.4955,384.3891,0.06847995,0.07010189,0.00351179,17.5185,35.5933,3.3431,96.2809,25.3371,1096.6584,28.8000,26.0437,14.9716,2.5818,5.1636,25.7155,51.4311,51.6356,112.8236,5.1636,-2.5818,10.0,21.849975,3.392721,14,17,7,8,0.34197436,0.08779481,0.13809721,0E-8,0.000000,0.934737,0.000000,-0.07644444,2026-06-02,2026-07-28,5,19,19,57,0.087719,1.739543,1.486639,1.139915,,,,,,,,GLOBAL_BASELINE_NO_ENTITY_RANKING,,,NOT_APPLICABLE_GLOBAL_BASELINE,HF9g-P5,,,,X 全窗基线 · 不参与实体赏罚,8391157,840,A168_HF9F_20260827_0900,2026-08-27 09:00:00
2026-04-08,99608731,1383,0,442.7297451142,-126.4942128898,-126.4942128898,0E-7,5,5,0.50128862000000000,0.501288620000,-1.736520485330431,-1.736520485330431,-1.736520485330431,0E-17,ELIGIBLE,R03b_20260811_FULL_v1,L1_ELIGIBILITY,v2026-08-11,2026-03-21..2026-08-06,baccarat_bet02_101_all_pairs_incl_sentinel,round_win = game_pnl > 0 (decisive only),COMPATIBILITY_ONLY_NOT_PRODUCTION,1283.0133,966.7778,481.4311,16,16,-0.37523472,,-0.37523472,-0.37523472,-481.4311,1283.0133,THIN_EXPOSURE,0.0000,19.2572,4.0000,96.0000,AG03-UNRESOLVED,ALL5_LEVELS_bet23_to_bet27,19.2572,19.2572,19.2572,28.8859,28.8859,4.000000,4.000000,4.000000,6.000000,6.000000,96.000000,96.000000,96.000000,94.000000,94.000000,5.0,115.5435,105.071,365.8877,376.3601,PENDING_AG03,FALSE,NOT_FOR_ENFORCEMENT,462.1739,928.1066,481.4311,462.1739,19.2572,0.37523472,0.36022533,19.2572,462.1739,0.36022533,19.2572,19.2572,19.2572,28.8859,28.8859,462.1739,0.36022533,115.5435,105.071,365.8877,376.3601,0.28517839,0.29334077,0.01500939,80.1883,60.4236,30.0894,160.4770,96.2862,427.6711,5.3333,,80.1883,10.5412,21.0824,158.1178,210.8237,210.8237,210.8237,16.5649,-10.5412,10.0,10.0,3.803573,5,5,3,2,0E-8,0.37523472,,0E-8,0.000000,0.753521,0.000000,,2026-04-08,2026-06-24,3,5,5,78,0.038462,,,0.000000,,,,,,,,GLOBAL_BASELINE_NO_ENTITY_RANKING,,,NOT_APPLICABLE_GLOBAL_BASELINE,HF9g-P5,,,,X 全窗基线 · 不参与实体赏罚,8391158,840,A168_HF9F_20260827_0900,2026-08-27 09:00:00
2026-04-09,99608731,1710,0,231.9060569646,220.3107541163,220.3107541163,1.0000000,2,2,0.50665070000000000,0.506650700000,1.3955260008387969,1.3955260008387969,1.3955260008387969,0E-17,ELIGIBLE,R03b_20260811_FULL_v1,L1_ELIGIBILITY,v2026-08-11,2026-03-21..2026-08-06,baccarat_bet02_101_all_pairs_incl_sentinel,round_win = game_pnl > 0 (decisive only),COMPATIBILITY_ONLY_NOT_PRODUCTION,1283.0133,966.7778,481.4311,16,16,-0.37523472,,-0.37523472,-0.37523472,-481.4311,1283.0133,THIN_EXPOSURE,0.0000,19.2572,4.0000,96.0000,AG03-UNRESOLVED,ALL5_LEVELS_bet23_to_bet27,19.2572,19.2572,19.2572,28.8859,28.8859,4.000000,4.000000,4.000000,6.000000,6.000000,96.000000,96.000000,96.000000,94.000000,94.000000,5.0,115.5435,105.071,365.8877,376.3601,PENDING_AG03,FALSE,NOT_FOR_ENFORCEMENT,462.1739,928.1066,481.4311,462.1739,19.2572,0.37523472,0.36022533,19.2572,462.1739,0.36022533,19.2572,19.2572,19.2572,28.8859,28.8859,462.1739,0.36022533,115.5435,105.071,365.8877,376.3601,0.28517839,0.29334077,0.01500939,80.1883,60.4236,30.0894,160.4770,96.2862,427.6711,5.3333,,80.1883,10.5412,21.0824,158.1178,210.8237,210.8237,210.8237,16.5649,-10.5412,10.0,10.0,3.803573,5,5,3,2,0E-8,0.37523472,,0E-8,0.000000,0.753521,0.000000,,2026-04-08,2026-06-24,3,5,5,78,0.038462,,,0.000000,,,,,,,,GLOBAL_BASELINE_NO_ENTITY_RANKING,,,NOT_APPLICABLE_GLOBAL_BASELINE,HF9g-P5,,,,X 全窗基线 · 不参与实体赏罚,8391159,840,A168_HF9F_20260827_0900,2026-08-27 09:00:00
2026-04-09,99608731,2216,0,527.0592203740,-527.0592203740,-527.0592203740,0E-7,3,3,0.50665070000000000,0.506650700000,-1.7552447903592512,-1.7552447903592512,-1.7552447903592512,0E-17,ELIGIBLE,R03b_20260811_FULL_v1,L1_ELIGIBILITY,v2026-08-11,2026-03-21..2026-08-06,baccarat_bet02_101_all_pairs_incl_sentinel,round_win = game_pnl > 0 (decisive only),COMPATIBILITY_ONLY_NOT_PRODUCTION,1283.0133,966.7778,481.4311,16,16,-0.37523472,,-0.37523472,-0.37523472,-481.4311,1283.0133,THIN_EXPOSURE,0.0000,19.2572,4.0000,96.0000,AG03-UNRESOLVED,ALL5_LEVELS_bet23_to_bet27,19.2572,19.2572,19.2572,28.8859,28.8859,4.000000,4.000000,4.000000,6.000000,6.000000,96.000000,96.000000,96.000000,94.000000,94.000000,5.0,115.5435,105.071,365.8877,376.3601,PENDING_AG03,FALSE,NOT_FOR_ENFORCEMENT,462.1739,928.1066,481.4311,462.1739,19.2572,0.37523472,0.36022533,19.2572,462.1739,0.36022533,19.2572,19.2572,19.2572,28.8859,28.8859,462.1739,0.36022533,115.5435,105.071,365.8877,376.3601,0.28517839,0.29334077,0.01500939,80.1883,60.4236,30.0894,160.4770,96.2862,427.6711,5.3333,,80.1883,10.5412,21.0824,158.1178,210.8237,210.8237,210.8237,16.5649,-10.5412,10.0,10.0,3.803573,5,5,3,2,0E-8,0.37523472,,0E-8,0.000000,0.753521,0.000000,,2026-04-08,2026-06-24,3,5,5,78,0.038462,,,0.000000,,,,,,,,GLOBAL_BASELINE_NO_ENTITY_RANKING,,,NOT_APPLICABLE_GLOBAL_BASELINE,HF9g-P5,,,,X 全窗基线 · 不参与实体赏罚,8391160,840,A168_HF9F_20260827_0900,2026-08-27 09:00:00
2026-04-09,99608731,550,0,63.2471064450,-42.1647376300,-42.1647376300,0.2500000,4,4,0.49659680000000000,0.496596800000,-0.9864100490137353,-0.9864100490137354,-0.9864100490137353,0E-17,ELIGIBLE,R03b_20260811_FULL_v1,L1_ELIGIBILITY,v2026-08-11,2026-03-21..2026-08-06,baccarat_bet02_101_all_pairs_incl_sentinel,round_win = game_pnl > 0 (decisive only),COMPATIBILITY_ONLY_NOT_PRODUCTION,1283.0133,966.7778,481.4311,16,16,-0.37523472,,-0.37523472,-0.37523472,-481.4311,1283.0133,THIN_EXPOSURE,0.0000,19.2572,4.0000,96.0000,AG03-UNRESOLVED,ALL5_LEVELS_bet23_to_bet27,19.2572,19.2572,19.2572,28.8859,28.8859,4.000000,4.000000,4.000000,6.000000,6.000000,96.000000,96.000000,96.000000,94.000000,94.000000,5.0,115.5435,105.071,365.8877,376.3601,PENDING_AG03,FALSE,NOT_FOR_ENFORCEMENT,462.1739,928.1066,481.4311,462.1739,19.2572,0.37523472,0.36022533,19.2572,462.1739,0.36022533,19.2572,19.2572,19.2572,28.8859,28.8859,462.1739,0.36022533,115.5435,105.071,365.8877,376.3601,0.28517839,0.29334077,0.01500939,80.1883,60.4236,30.0894,160.4770,96.2862,427.6711,5.3333,,80.1883,10.5412,21.0824,158.1178,210.8237,210.8237,210.8237,16.5649,-10.5412,10.0,10.0,3.803573,5,5,3,2,0E-8,0.37523472,,0E-8,0.000000,0.753521,0.000000,,2026-04-08,2026-06-24,3,5,5,78,0.038462,,,0.000000,,,,,,,,GLOBAL_BASELINE_NO_ENTITY_RANKING,,,NOT_APPLICABLE_GLOBAL_BASELINE,HF9g-P5,,,,X 全窗基线 · 不参与实体赏罚,8391161,840,A168_HF9F_20260827_0900,2026-08-27 09:00:00
2026-06-24,99608731,2280,0,18.0711629936,-6.0237209978,-6.0237209978,0.5000000,2,2,0.49324550000000000,0.493245500000,0.01910635448239258,0.01910635448239258,0.01910635448239258,0E-17,ELIGIBLE,R03b_20260811_FULL_v1,L1_ELIGIBILITY,v2026-08-11,2026-03-21..2026-08-06,baccarat_bet02_101_all_pairs_incl_sentinel,round_win = game_pnl > 0 (decisive only),COMPATIBILITY_ONLY_NOT_PRODUCTION,1283.0133,966.7778,481.4311,16,16,-0.37523472,,-0.37523472,-0.37523472,-481.4311,1283.0133,THIN_EXPOSURE,0.0000,19.2572,4.0000,96.0000,AG03-UNRESOLVED,ALL5_LEVELS_bet23_to_bet27,19.2572,19.2572,19.2572,28.8859,28.8859,4.000000,4.000000,4.000000,6.000000,6.000000,96.000000,96.000000,96.000000,94.000000,94.000000,5.0,115.5435,105.071,365.8877,376.3601,PENDING_AG03,FALSE,NOT_FOR_ENFORCEMENT,462.1739,928.1066,481.4311,462.1739,19.2572,0.37523472,0.36022533,19.2572,462.1739,0.36022533,19.2572,19.2572,19.2572,28.8859,28.8859,462.1739,0.36022533,115.5435,105.071,365.8877,376.3601,0.28517839,0.29334077,0.01500939,80.1883,60.4236,30.0894,160.4770,96.2862,427.6711,5.3333,,80.1883,10.5412,21.0824,158.1178,210.8237,210.8237,210.8237,16.5649,-10.5412,10.0,10.0,3.803573,5,5,3,2,0E-8,0.37523472,,0E-8,0.000000,0.753521,0.000000,,2026-04-08,2026-06-24,3,5,5,78,0.038462,,,0.000000,,,,,,,,GLOBAL_BASELINE_NO_ENTITY_RANKING,,,NOT_APPLICABLE_GLOBAL_BASELINE,HF9g-P5,,,,X 全窗基线 · 不参与实体赏罚,8391162,840,A168_HF9F_20260827_0900,2026-08-27 09:00:00
2026-05-06,149661081,-1,1,103.7828862020,41.5131544808,41.5131544808,0.7500000,5,5,0.49324550000000000,0.493245500000,1.0271117246678039,1.0271117246678039,1.0271117246678039,0E-17,SENTINEL_DEALER,R03b_20260811_FULL_v1,L1_ELIGIBILITY,v2026-08-11,2026-03-21..2026-08-06,baccarat_bet02_101_all_pairs_incl_sentinel,round_win = game_pnl > 0 (decisive only),COMPATIBILITY_ONLY_NOT_PRODUCTION,3474.3916,2960.9257,481.4358,47,47,-0.13856695,,-0.13856695,-0.13856695,-481.4358,3474.3916,OK,0.0000,19.2574,4.0000,96.0000,AG03-UNRESOLVED,ALL5_LEVELS_bet23_to_bet27,19.2574,19.2574,19.2574,24.0718,24.0718,4.000000,4.000000,4.000000,5.000000,5.000000,96.000000,96.000000,96.000000,95.000000,95.000000,5.0,105.9159,97.0217,375.5200,384.4141,PENDING_AG03,FALSE,NOT_FOR_ENFORCEMENT,462.1784,2842.4887,481.4358,462.1784,19.2574,0.13856695,0.13302427,19.2574,462.1784,0.13302427,19.2574,19.2574,19.2574,24.0718,24.0718,462.1784,0.13302427,105.9159,97.0217,375.5200,384.4141,0.10808222,0.11064214,0.00554268,73.9232,62.9984,10.2433,120.3590,28.3198,868.5979,11.7500,,73.9232,38.724,64.8643,96.6478,129.7286,139.4581,194.5929,64.8643,0.0,2.149998,3.0,1.13966,13,15,4,2,0E-8,0.13856695,,0E-8,0.000000,0.852214,0.000000,,2026-05-06,2026-05-17,4,17,15,12,0.333333,,,0.000000,,,,,,,,GLOBAL_BASELINE_NO_ENTITY_RANKING,,,NOT_APPLICABLE_GLOBAL_BASELINE,HF9g-P5,,,,X 全窗基线 · 不参与实体赏罚,8391163,840,A168_HF9F_20260827_0900,2026-08-27 09:00:00
2026-05-06,149661081,1396,0,119.3503191323,-15.5674329303,-15.5674329303,0.5000000,4,4,0.49659680000000000,0.496596800000,0.013613115331600182,0.013613115331600183,0.013613115331600182,0E-17,ELIGIBLE,R03b_20260811_FULL_v1,L1_ELIGIBILITY,v2026-08-11,2026-03-21..2026-08-06,baccarat_bet02_101_all_pairs_incl_sentinel,round_win = game_pnl > 0 (decisive only),COMPATIBILITY_ONLY_NOT_PRODUCTION,3474.3916,2960.9257,481.4358,47,47,-0.13856695,,-0.13856695,-0.13856695,-481.4358,3474.3916,OK,0.0000,19.2574,4.0000,96.0000,AG03-UNRESOLVED,ALL5_LEVELS_bet23_to_bet27,19.2574,19.2574,19.2574,24.0718,24.0718,4.000000,4.000000,4.000000,5.000000,5.000000,96.000000,96.000000,96.000000,95.000000,95.000000,5.0,105.9159,97.0217,375.5200,384.4141,PENDING_AG03,FALSE,NOT_FOR_ENFORCEMENT,462.1784,2842.4887,481.4358,462.1784,19.2574,0.13856695,0.13302427,19.2574,462.1784,0.13302427,19.2574,19.2574,19.2574,24.0718,24.0718,462.1784,0.13302427,105.9159,97.0217,375.5200,384.4141,0.10808222,0.11064214,0.00554268,73.9232,62.9984,10.2433,120.3590,28.3198,868.5979,11.7500,,73.9232,38.724,64.8643,96.6478,129.7286,139.4581,194.5929,64.8643,0.0,2.149998,3.0,1.13966,13,15,4,2,0E-8,0.13856695,,0E-8,0.000000,0.852214,0.000000,,2026-05-06,2026-05-17,4,17,15,12,0.333333,,,0.000000,,,,,,,,GLOBAL_BASELINE_NO_ENTITY_RANKING,,,NOT_APPLICABLE_GLOBAL_BASELINE,HF9g-P5,,,,X 全窗基线 · 不参与实体赏罚,8391164,840,A168_HF9F_20260827_0900,2026-08-27 09:00:00
2026-05-06,149661081,1994,0,25.9457215505,-25.9457215505,-25.9457215505,0E-7,1,1,0.49324550000000000,0.493245500000,-0.9865810262130424,-0.9865810262130424,-0.9865810262130424,0E-17,ELIGIBLE,R03b_20260811_FULL_v1,L1_ELIGIBILITY,v2026-08-11,2026-03-21..2026-08-06,baccarat_bet02_101_all_pairs_incl_sentinel,round_win = game_pnl > 0 (decisive only),COMPATIBILITY_ONLY_NOT_PRODUCTION,3474.3916,2960.9257,481.4358,47,47,-0.13856695,,-0.13856695,-0.13856695,-481.4358,3474.3916,OK,0.0000,19.2574,4.0000,96.0000,AG03-UNRESOLVED,ALL5_LEVELS_bet23_to_bet27,19.2574,19.2574,19.2574,24.0718,24.0718,4.000000,4.000000,4.000000,5.000000,5.000000,96.000000,96.000000,96.000000,95.000000,95.000000,5.0,105.9159,97.0217,375.5200,384.4141,PENDING_AG03,FALSE,NOT_FOR_ENFORCEMENT,462.1784,2842.4887,481.4358,462.1784,19.2574,0.13856695,0.13302427,19.2574,462.1784,0.13302427,19.2574,19.2574,19.2574,24.0718,24.0718,462.1784,0.13302427,105.9159,97.0217,375.5200,384.4141,0.10808222,0.11064214,0.00554268,73.9232,62.9984,10.2433,120.3590,28.3198,868.5979,11.7500,,73.9232,38.724,64.8643,96.6478,129.7286,139.4581,194.5929,64.8643,0.0,2.149998,3.0,1.13966,13,15,4,2,0E-8,0.13856695,,0E-8,0.000000,0.852214,0.000000,,2026-05-06,2026-05-17,4,17,15,12,0.333333,,,0.000000,,,,,,,,GLOBAL_BASELINE_NO_ENTITY_RANKING,,,NOT_APPLICABLE_GLOBAL_BASELINE,HF9g-P5,,,,X 全窗基线 · 不参与实体赏罚,8391165,840,A168_HF9F_20260827_0900,2026-08-27 09:00:00
2026-05-07,149661081,-1,1,64.8643038763,-64.8643038763,-64.8643038763,0E-7,1,1,0.49324550000000000,0.493245500000,-0.9865810262130424,-0.9865810262130424,-0.9865810262130424,0E-17,SENTINEL_DEALER,R03b_20260811_FULL_v1,L1_ELIGIBILITY,v2026-08-11,2026-03-21..2026-08-06,baccarat_bet02_101_all_pairs_incl_sentinel,round_win = game_pnl > 0 (decisive only),COMPATIBILITY_ONLY_NOT_PRODUCTION,3474.3916,2960.9257,481.4358,47,47,-0.13856695,,-0.13856695,-0.13856695,-481.4358,3474.3916,OK,0.0000,19.2574,4.0000,96.0000,AG03-UNRESOLVED,ALL5_LEVELS_bet23_to_bet27,19.2574,19.2574,19.2574,24.0718,24.0718,4.000000,4.000000,4.000000,5.000000,5.000000,96.000000,96.000000,96.000000,95.000000,95.000000,5.0,105.9159,97.0217,375.5200,384.4141,PENDING_AG03,FALSE,NOT_FOR_ENFORCEMENT,462.1784,2842.4887,481.4358,462.1784,19.2574,0.13856695,0.13302427,19.2574,462.1784,0.13302427,19.2574,19.2574,19.2574,24.0718,24.0718,462.1784,0.13302427,105.9159,97.0217,375.5200,384.4141,0.10808222,0.11064214,0.00554268,73.9232,62.9984,10.2433,120.3590,28.3198,868.5979,11.7500,,73.9232,38.724,64.8643,96.6478,129.7286,139.4581,194.5929,64.8643,0.0,2.149998,3.0,1.13966,13,15,4,2,0E-8,0.13856695,,0E-8,0.000000,0.852214,0.000000,,2026-05-06,2026-05-17,4,17,15,12,0.333333,,,0.000000,,,,,,,,GLOBAL_BASELINE_NO_ENTITY_RANKING,,,NOT_APPLICABLE_GLOBAL_BASELINE,HF9g-P5,,,,X 全窗基线 · 不参与实体赏罚,8391166,840,A168_HF9F_20260827_0900,2026-08-27 09:00:00
2026-05-07,149661081,2188,0,360.9049867677,53.4352135333,53.4352135333,0.6000000,5,5,0.50128862000000000,0.501288620000,0.4414521777673877,0.4414521777673877,0.4414521777673877,0E-17,ELIGIBLE,R03b_20260811_FULL_v1,L1_ELIGIBILITY,v2026-08-11,2026-03-21..2026-08-06,baccarat_bet02_101_all_pairs_incl_sentinel,round_win = game_pnl > 0 (decisive only),COMPATIBILITY_ONLY_NOT_PRODUCTION,3474.3916,2960.9257,481.4358,47,47,-0.13856695,,-0.13856695,-0.13856695,-481.4358,3474.3916,OK,0.0000,19.2574,4.0000,96.0000,AG03-UNRESOLVED,ALL5_LEVELS_bet23_to_bet27,19.2574,19.2574,19.2574,24.0718,24.0718,4.000000,4.000000,4.000000,5.000000,5.000000,96.000000,96.000000,96.000000,95.000000,95.000000,5.0,105.9159,97.0217,375.5200,384.4141,PENDING_AG03,FALSE,NOT_FOR_ENFORCEMENT,462.1784,2842.4887,481.4358,462.1784,19.2574,0.13856695,0.13302427,19.2574,462.1784,0.13302427,19.2574,19.2574,19.2574,24.0718,24.0718,462.1784,0.13302427,105.9159,97.0217,375.5200,384.4141,0.10808222,0.11064214,0.00554268,73.9232,62.9984,10.2433,120.3590,28.3198,868.5979,11.7500,,73.9232,38.724,64.8643,96.6478,129.7286,139.4581,194.5929,64.8643,0.0,2.149998,3.0,1.13966,13,15,4,2,0E-8,0.13856695,,0E-8,0.000000,0.852214,0.000000,,2026-05-06,2026-05-17,4,17,15,12,0.333333,,,0.000000,,,,,,,,GLOBAL_BASELINE_NO_ENTITY_RANKING,,,NOT_APPLICABLE_GLOBAL_BASELINE,HF9g-P5,,,,X 全窗基线 · 不参与实体赏罚,8391167,840,A168_HF9F_20260827_0900,2026-08-27 09:00:00
2026-05-07,149661081,2220,0,90.8100254268,-90.8100254268,-90.8100254268,0E-7,1,1,0.50665070000000000,0.506650700000,-1.013391052207602,-1.013391052207602,-1.013391052207602,0E-17,ELIGIBLE,R03b_20260811_FULL_v1,L1_ELIGIBILITY,v2026-08-11,2026-03-21..2026-08-06,baccarat_bet02_101_all_pairs_incl_sentinel,round_win = game_pnl > 0 (decisive only),COMPATIBILITY_ONLY_NOT_PRODUCTION,3474.3916,2960.9257,481.4358,47,47,-0.13856695,,-0.13856695,-0.13856695,-481.4358,3474.3916,OK,0.0000,19.2574,4.0000,96.0000,AG03-UNRESOLVED,ALL5_LEVELS_bet23_to_bet27,19.2574,19.2574,19.2574,24.0718,24.0718,4.000000,4.000000,4.000000,5.000000,5.000000,96.000000,96.000000,96.000000,95.000000,95.000000,5.0,105.9159,97.0217,375.5200,384.4141,PENDING_AG03,FALSE,NOT_FOR_ENFORCEMENT,462.1784,2842.4887,481.4358,462.1784,19.2574,0.13856695,0.13302427,19.2574,462.1784,0.13302427,19.2574,19.2574,19.2574,24.0718,24.0718,462.1784,0.13302427,105.9159,97.0217,375.5200,384.4141,0.10808222,0.11064214,0.00554268,73.9232,62.9984,10.2433,120.3590,28.3198,868.5979,11.7500,,73.9232,38.724,64.8643,96.6478,129.7286,139.4581,194.5929,64.8643,0.0,2.149998,3.0,1.13966,13,15,4,2,0E-8,0.13856695,,0E-8,0.000000,0.852214,0.000000,,2026-05-06,2026-05-17,4,17,15,12,0.333333,,,0.000000,,,,,,,,GLOBAL_BASELINE_NO_ENTITY_RANKING,,,NOT_APPLICABLE_GLOBAL_BASELINE,HF9g-P5,,,,X 全窗基线 · 不参与实体赏罚,8391168,840,A168_HF9F_20260827_0900,2026-08-27 09:00:00
2026-05-11,149661081,-1,1,83.2857661771,10.1188314047,10.1188314047,0.5000000,2,2,0.49994810000000000,0.499948100000,0.00014679536856514622,0.00014679536856514622,0.00014679536856514622,0E-17,SENTINEL_DEALER,R03b_20260811_FULL_v1,L1_ELIGIBILITY,v2026-08-11,2026-03-21..2026-08-06,baccarat_bet02_101_all_pairs_incl_sentinel,round_win = game_pnl > 0 (decisive only),COMPATIBILITY_ONLY_NOT_PRODUCTION,3474.3916,2960.9257,481.4358,47,47,-0.13856695,,-0.13856695,-0.13856695,-481.4358,3474.3916,OK,0.0000,19.2574,4.0000,96.0000,AG03-UNRESOLVED,ALL5_LEVELS_bet23_to_bet27,19.2574,19.2574,19.2574,24.0718,24.0718,4.000000,4.000000,4.000000,5.000000,5.000000,96.000000,96.000000,96.000000,95.000000,95.000000,5.0,105.9159,97.0217,375.5200,384.4141,PENDING_AG03,FALSE,NOT_FOR_ENFORCEMENT,462.1784,2842.4887,481.4358,462.1784,19.2574,0.13856695,0.13302427,19.2574,462.1784,0.13302427,19.2574,19.2574,19.2574,24.0718,24.0718,462.1784,0.13302427,105.9159,97.0217,375.5200,384.4141,0.10808222,0.11064214,0.00554268,73.9232,62.9984,10.2433,120.3590,28.3198,868.5979,11.7500,,73.9232,38.724,64.8643,96.6478,129.7286,139.4581,194.5929,64.8643,0.0,2.149998,3.0,1.13966,13,15,4,2,0E-8,0.13856695,,0E-8,0.000000,0.852214,0.000000,,2026-05-06,2026-05-17,4,17,15,12,0.333333,,,0.000000,,,,,,,,GLOBAL_BASELINE_NO_ENTITY_RANKING,,,NOT_APPLICABLE_GLOBAL_BASELINE,HF9g-P5,,,,X 全窗基线 · 不参与实体赏罚,8391169,840,A168_HF9F_20260827_0900,2026-08-27 09:00:00
2026-05-11,149661081,1210,0,38.9185823258,38.9185823258,38.9185823258,1.0000000,1,1,0.49324550000000000,0.493245500000,1.01360149184955,1.01360149184955,1.01360149184955,0E-17,ELIGIBLE,R03b_20260811_FULL_v1,L1_ELIGIBILITY,v2026-08-11,2026-03-21..2026-08-06,baccarat_bet02_101_all_pairs_incl_sentinel,round_win = game_pnl > 0 (decisive only),COMPATIBILITY_ONLY_NOT_PRODUCTION,3474.3916,2960.9257,481.4358,47,47,-0.13856695,,-0.13856695,-0.13856695,-481.4358,3474.3916,OK,0.0000,19.2574,4.0000,96.0000,AG03-UNRESOLVED,ALL5_LEVELS_bet23_to_bet27,19.2574,19.2574,19.2574,24.0718,24.0718,4.000000,4.000000,4.000000,5.000000,5.000000,96.000000,96.000000,96.000000,95.000000,95.000000,5.0,105.9159,97.0217,375.5200,384.4141,PENDING_AG03,FALSE,NOT_FOR_ENFORCEMENT,462.1784,2842.4887,481.4358,462.1784,19.2574,0.13856695,0.13302427,19.2574,462.1784,0.13302427,19.2574,19.2574,19.2574,24.0718,24.0718,462.1784,0.13302427,105.9159,97.0217,375.5200,384.4141,0.10808222,0.11064214,0.00554268,73.9232,62.9984,10.2433,120.3590,28.3198,868.5979,11.7500,,73.9232,38.724,64.8643,96.6478,129.7286,139.4581,194.5929,64.8643,0.0,2.149998,3.0,1.13966,13,15,4,2,0E-8,0.13856695,,0E-8,0.000000,0.852214,0.000000,,2026-05-06,2026-05-17,4,17,15,12,0.333333,,,0.000000,,,,,,,,GLOBAL_BASELINE_NO_ENTITY_RANKING,,,NOT_APPLICABLE_GLOBAL_BASELINE,HF9g-P5,,,,X 全窗基线 · 不参与实体赏罚,8391170,840,A168_HF9F_20260827_0900,2026-08-27 09:00:00
2026-05-11,149661081,1306,0,389.1858232578,-194.5929116289,-194.5929116289,0E-7,2,2,0.49324550000000000,0.493245500000,-0.9865810262130424,-0.9865810262130424,-0.9865810262130424,0E-17,ELIGIBLE,R03b_20260811_FULL_v1,L1_ELIGIBILITY,v2026-08-11,2026-03-21..2026-08-06,baccarat_bet02_101_all_pairs_incl_sentinel,round_win = game_pnl > 0 (decisive only),COMPATIBILITY_ONLY_NOT_PRODUCTION,3474.3916,2960.9257,481.4358,47,47,-0.13856695,,-0.13856695,-0.13856695,-481.4358,3474.3916,OK,0.0000,19.2574,4.0000,96.0000,AG03-UNRESOLVED,ALL5_LEVELS_bet23_to_bet27,19.2574,19.2574,19.2574,24.0718,24.0718,4.000000,4.000000,4.000000,5.000000,5.000000,96.000000,96.000000,96.000000,95.000000,95.000000,5.0,105.9159,97.0217,375.5200,384.4141,PENDING_AG03,FALSE,NOT_FOR_ENFORCEMENT,462.1784,2842.4887,481.4358,462.1784,19.2574,0.13856695,0.13302427,19.2574,462.1784,0.13302427,19.2574,19.2574,19.2574,24.0718,24.0718,462.1784,0.13302427,105.9159,97.0217,375.5200,384.4141,0.10808222,0.11064214,0.00554268,73.9232,62.9984,10.2433,120.3590,28.3198,868.5979,11.7500,,73.9232,38.724,64.8643,96.6478,129.7286,139.4581,194.5929,64.8643,0.0,2.149998,3.0,1.13966,13,15,4,2,0E-8,0.13856695,,0E-8,0.000000,0.852214,0.000000,,2026-05-06,2026-05-17,4,17,15,12,0.333333,,,0.000000,,,,,,,,GLOBAL_BASELINE_NO_ENTITY_RANKING,,,NOT_APPLICABLE_GLOBAL_BASELINE,HF9g-P5,,,,X 全窗基线 · 不参与实体赏罚,8391171,840,A168_HF9F_20260827_0900,2026-08-27 09:00:00
2026-05-11,149661081,1325,0,939.2351201288,77.7074360439,77.7074360439,0.5833333,12,12,0.50665070000000000,0.506650700000,0.5313198725250433,0.5313198725250433,0.5313198725250433,0E-17,ELIGIBLE,R03b_20260811_FULL_v1,L1_ELIGIBILITY,v2026-08-11,2026-03-21..2026-08-06,baccarat_bet02_101_all_pairs_incl_sentinel,round_win = game_pnl > 0 (decisive only),COMPATIBILITY_ONLY_NOT_PRODUCTION,3474.3916,2960.9257,481.4358,47,47,-0.13856695,,-0.13856695,-0.13856695,-481.4358,3474.3916,OK,0.0000,19.2574,4.0000,96.0000,AG03-UNRESOLVED,ALL5_LEVELS_bet23_to_bet27,19.2574,19.2574,19.2574,24.0718,24.0718,4.000000,4.000000,4.000000,5.000000,5.000000,96.000000,96.000000,96.000000,95.000000,95.000000,5.0,105.9159,97.0217,375.5200,384.4141,PENDING_AG03,FALSE,NOT_FOR_ENFORCEMENT,462.1784,2842.4887,481.4358,462.1784,19.2574,0.13856695,0.13302427,19.2574,462.1784,0.13302427,19.2574,19.2574,19.2574,24.0718,24.0718,462.1784,0.13302427,105.9159,97.0217,375.5200,384.4141,0.10808222,0.11064214,0.00554268,73.9232,62.9984,10.2433,120.3590,28.3198,868.5979,11.7500,,73.9232,38.724,64.8643,96.6478,129.7286,139.4581,194.5929,64.8643,0.0,2.149998,3.0,1.13966,13,15,4,2,0E-8,0.13856695,,0E-8,0.000000,0.852214,0.000000,,2026-05-06,2026-05-17,4,17,15,12,0.333333,,,0.000000,,,,,,,,GLOBAL_BASELINE_NO_ENTITY_RANKING,,,NOT_APPLICABLE_GLOBAL_BASELINE,HF9g-P5,,,,X 全窗基线 · 不参与实体赏罚,8391172,840,A168_HF9F_20260827_0900,2026-08-27 09:00:00
2026-05-11,149661081,1935,0,713.5073426393,-194.5929116289,-194.5929116289,0.2500000,6,6,0.50218230000000000,0.502182300000,-1.0087388081483202,-1.0087388081483202,-1.0087388081483202,0E-17,ELIGIBLE,R03b_20260811_FULL_v1,L1_ELIGIBILITY,v2026-08-11,2026-03-21..2026-08-06,baccarat_bet02_101_all_pairs_incl_sentinel,round_win = game_pnl > 0 (decisive only),COMPATIBILITY_ONLY_NOT_PRODUCTION,3474.3916,2960.9257,481.4358,47,47,-0.13856695,,-0.13856695,-0.13856695,-481.4358,3474.3916,OK,0.0000,19.2574,4.0000,96.0000,AG03-UNRESOLVED,ALL5_LEVELS_bet23_to_bet27,19.2574,19.2574,19.2574,24.0718,24.0718,4.000000,4.000000,4.000000,5.000000,5.000000,96.000000,96.000000,96.000000,95.000000,95.000000,5.0,105.9159,97.0217,375.5200,384.4141,PENDING_AG03,FALSE,NOT_FOR_ENFORCEMENT,462.1784,2842.4887,481.4358,462.1784,19.2574,0.13856695,0.13302427,19.2574,462.1784,0.13302427,19.2574,19.2574,19.2574,24.0718,24.0718,462.1784,0.13302427,105.9159,97.0217,375.5200,384.4141,0.10808222,0.11064214,0.00554268,73.9232,62.9984,10.2433,120.3590,28.3198,868.5979,11.7500,,73.9232,38.724,64.8643,96.6478,129.7286,139.4581,194.5929,64.8643,0.0,2.149998,3.0,1.13966,13,15,4,2,0E-8,0.13856695,,0E-8,0.000000,0.852214,0.000000,,2026-05-06,2026-05-17,4,17,15,12,0.333333,,,0.000000,,,,,,,,GLOBAL_BASELINE_NO_ENTITY_RANKING,,,NOT_APPLICABLE_GLOBAL_BASELINE,HF9g-P5,,,,X 全窗基线 · 不参与实体赏罚,8391173,840,A168_HF9F_20260827_0900,2026-08-27 09:00:00
2026-05-11,149661081,1940,0,51.8914431010,-51.8914431010,-51.8914431010,0E-7,1,1,0.49324550000000000,0.493245500000,-0.9865810262130424,-0.9865810262130424,-0.9865810262130424,0E-17,ELIGIBLE,R03b_20260811_FULL_v1,L1_ELIGIBILITY,v2026-08-11,2026-03-21..2026-08-06,baccarat_bet02_101_all_pairs_incl_sentinel,round_win = game_pnl > 0 (decisive only),COMPATIBILITY_ONLY_NOT_PRODUCTION,3474.3916,2960.9257,481.4358,47,47,-0.13856695,,-0.13856695,-0.13856695,-481.4358,3474.3916,OK,0.0000,19.2574,4.0000,96.0000,AG03-UNRESOLVED,ALL5_LEVELS_bet23_to_bet27,19.2574,19.2574,19.2574,24.0718,24.0718,4.000000,4.000000,4.000000,5.000000,5.000000,96.000000,96.000000,96.000000,95.000000,95.000000,5.0,105.9159,97.0217,375.5200,384.4141,PENDING_AG03,FALSE,NOT_FOR_ENFORCEMENT,462.1784,2842.4887,481.4358,462.1784,19.2574,0.13856695,0.13302427,19.2574,462.1784,0.13302427,19.2574,19.2574,19.2574,24.0718,24.0718,462.1784,0.13302427,105.9159,97.0217,375.5200,384.4141,0.10808222,0.11064214,0.00554268,73.9232,62.9984,10.2433,120.3590,28.3198,868.5979,11.7500,,73.9232,38.724,64.8643,96.6478,129.7286,139.4581,194.5929,64.8643,0.0,2.149998,3.0,1.13966,13,15,4,2,0E-8,0.13856695,,0E-8,0.000000,0.852214,0.000000,,2026-05-06,2026-05-17,4,17,15,12,0.333333,,,0.000000,,,,,,,,GLOBAL_BASELINE_NO_ENTITY_RANKING,,,NOT_APPLICABLE_GLOBAL_BASELINE,HF9g-P5,,,,X 全窗基线 · 不参与实体赏罚,8391174,840,A168_HF9F_20260827_0900,2026-08-27 09:00:00
2026-05-11,149661081,2218,0,129.7286077526,0E-10,0E-10,0.5000000,2,2,0.49324550000000000,0.493245500000,0.01910635448239258,0.01910635448239258,0.01910635448239258,0E-17,ELIGIBLE,R03b_20260811_FULL_v1,L1_ELIGIBILITY,v2026-08-11,2026-03-21..2026-08-06,baccarat_bet02_101_all_pairs_incl_sentinel,round_win = game_pnl > 0 (decisive only),COMPATIBILITY_ONLY_NOT_PRODUCTION,3474.3916,2960.9257,481.4358,47,47,-0.13856695,,-0.13856695,-0.13856695,-481.4358,3474.3916,OK,0.0000,19.2574,4.0000,96.0000,AG03-UNRESOLVED,ALL5_LEVELS_bet23_to_bet27,19.2574,19.2574,19.2574,24.0718,24.0718,4.000000,4.000000,4.000000,5.000000,5.000000,96.000000,96.000000,96.000000,95.000000,95.000000,5.0,105.9159,97.0217,375.5200,384.4141,PENDING_AG03,FALSE,NOT_FOR_ENFORCEMENT,462.1784,2842.4887,481.4358,462.1784,19.2574,0.13856695,0.13302427,19.2574,462.1784,0.13302427,19.2574,19.2574,19.2574,24.0718,24.0718,462.1784,0.13302427,105.9159,97.0217,375.5200,384.4141,0.10808222,0.11064214,0.00554268,73.9232,62.9984,10.2433,120.3590,28.3198,868.5979,11.7500,,73.9232,38.724,64.8643,96.6478,129.7286,139.4581,194.5929,64.8643,0.0,2.149998,3.0,1.13966,13,15,4,2,0E-8,0.13856695,,0E-8,0.000000,0.852214,0.000000,,2026-05-06,2026-05-17,4,17,15,12,0.333333,,,0.000000,,,,,,,,GLOBAL_BASELINE_NO_ENTITY_RANKING,,,NOT_APPLICABLE_GLOBAL_BASELINE,HF9g-P5,,,,X 全窗基线 · 不参与实体赏罚,8391175,840,A168_HF9F_20260827_0900,2026-08-27 09:00:00
2026-05-11,149661081,2223,0,64.8643038763,-64.8643038763,-64.8643038763,0E-7,1,1,0.50665070000000000,0.506650700000,-1.013391052207602,-1.013391052207602,-1.013391052207602,0E-17,ELIGIBLE,R03b_20260811_FULL_v1,L1_ELIGIBILITY,v2026-08-11,2026-03-21..2026-08-06,baccarat_bet02_101_all_pairs_incl_sentinel,round_win = game_pnl > 0 (decisive only),COMPATIBILITY_ONLY_NOT_PRODUCTION,3474.3916,2960.9257,481.4358,47,47,-0.13856695,,-0.13856695,-0.13856695,-481.4358,3474.3916,OK,0.0000,19.2574,4.0000,96.0000,AG03-UNRESOLVED,ALL5_LEVELS_bet23_to_bet27,19.2574,19.2574,19.2574,24.0718,24.0718,4.000000,4.000000,4.000000,5.000000,5.000000,96.000000,96.000000,96.000000,95.000000,95.000000,5.0,105.9159,97.0217,375.5200,384.4141,PENDING_AG03,FALSE,NOT_FOR_ENFORCEMENT,462.1784,2842.4887,481.4358,462.1784,19.2574,0.13856695,0.13302427,19.2574,462.1784,0.13302427,19.2574,19.2574,19.2574,24.0718,24.0718,462.1784,0.13302427,105.9159,97.0217,375.5200,384.4141,0.10808222,0.11064214,0.00554268,73.9232,62.9984,10.2433,120.3590,28.3198,868.5979,11.7500,,73.9232,38.724,64.8643,96.6478,129.7286,139.4581,194.5929,64.8643,0.0,2.149998,3.0,1.13966,13,15,4,2,0E-8,0.13856695,,0E-8,0.000000,0.852214,0.000000,,2026-05-06,2026-05-17,4,17,15,12,0.333333,,,0.000000,,,,,,,,GLOBAL_BASELINE_NO_ENTITY_RANKING,,,NOT_APPLICABLE_GLOBAL_BASELINE,HF9g-P5,,,,X 全窗基线 · 不参与实体赏罚,8391176,840,A168_HF9F_20260827_0900,2026-08-27 09:00:00
2026-05-11,149661081,987,0,38.6591251103,0E-10,0E-10,,1,1,0.49324550000000000,0.493245500000,,,,0E-17,NO_DECISIVE_ROUND,R03b_20260811_FULL_v1,L1_ELIGIBILITY,v2026-08-11,2026-03-21..2026-08-06,baccarat_bet02_101_all_pairs_incl_sentinel,round_win = game_pnl > 0 (decisive only),COMPATIBILITY_ONLY_NOT_PRODUCTION,3474.3916,2960.9257,481.4358,47,47,-0.13856695,,-0.13856695,-0.13856695,-481.4358,3474.3916,OK,0.0000,19.2574,4.0000,96.0000,AG03-UNRESOLVED,ALL5_LEVELS_bet23_to_bet27,19.2574,19.2574,19.2574,24.0718,24.0718,4.000000,4.000000,4.000000,5.000000,5.000000,96.000000,96.000000,96.000000,95.000000,95.000000,5.0,105.9159,97.0217,375.5200,384.4141,PENDING_AG03,FALSE,NOT_FOR_ENFORCEMENT,462.1784,2842.4887,481.4358,462.1784,19.2574,0.13856695,0.13302427,19.2574,462.1784,0.13302427,19.2574,19.2574,19.2574,24.0718,24.0718,462.1784,0.13302427,105.9159,97.0217,375.5200,384.4141,0.10808222,0.11064214,0.00554268,73.9232,62.9984,10.2433,120.3590,28.3198,868.5979,11.7500,,73.9232,38.724,64.8643,96.6478,129.7286,139.4581,194.5929,64.8643,0.0,2.149998,3.0,1.13966,13,15,4,2,0E-8,0.13856695,,0E-8,0.000000,0.852214,0.000000,,2026-05-06,2026-05-17,4,17,15,12,0.333333,,,0.000000,,,,,,,,GLOBAL_BASELINE_NO_ENTITY_RANKING,,,NOT_APPLICABLE_GLOBAL_BASELINE,HF9g-P5,,,,X 全窗基线 · 不参与实体赏罚,8391177,840,A168_HF9F_20260827_0900,2026-08-27 09:00:00
2026-05-17,149661081,2145,0,129.7286077526,129.7286077526,129.7286077526,1.0000000,1,1,0.49324550000000000,0.493245500000,1.01360149184955,1.01360149184955,1.01360149184955,0E-17,ELIGIBLE,R03b_20260811_FULL_v1,L1_ELIGIBILITY,v2026-08-11,2026-03-21..2026-08-06,baccarat_bet02_101_all_pairs_incl_sentinel,round_win = game_pnl > 0 (decisive only),COMPATIBILITY_ONLY_NOT_PRODUCTION,3474.3916,2960.9257,481.4358,47,47,-0.13856695,,-0.13856695,-0.13856695,-481.4358,3474.3916,OK,0.0000,19.2574,4.0000,96.0000,AG03-UNRESOLVED,ALL5_LEVELS_bet23_to_bet27,19.2574,19.2574,19.2574,24.0718,24.0718,4.000000,4.000000,4.000000,5.000000,5.000000,96.000000,96.000000,96.000000,95.000000,95.000000,5.0,105.9159,97.0217,375.5200,384.4141,PENDING_AG03,FALSE,NOT_FOR_ENFORCEMENT,462.1784,2842.4887,481.4358,462.1784,19.2574,0.13856695,0.13302427,19.2574,462.1784,0.13302427,19.2574,19.2574,19.2574,24.0718,24.0718,462.1784,0.13302427,105.9159,97.0217,375.5200,384.4141,0.10808222,0.11064214,0.00554268,73.9232,62.9984,10.2433,120.3590,28.3198,868.5979,11.7500,,73.9232,38.724,64.8643,96.6478,129.7286,139.4581,194.5929,64.8643,0.0,2.149998,3.0,1.13966,13,15,4,2,0E-8,0.13856695,,0E-8,0.000000,0.852214,0.000000,,2026-05-06,2026-05-17,4,17,15,12,0.333333,,,0.000000,,,,,,,,GLOBAL_BASELINE_NO_ENTITY_RANKING,,,NOT_APPLICABLE_GLOBAL_BASELINE,HF9g-P5,,,,X 全窗基线 · 不参与实体赏罚,8391178,840,A168_HF9F_20260827_0900,2026-08-27 09:00:00
2026-05-17,149661081,986,0,129.7286077526,-129.7286077526,-129.7286077526,0E-7,1,1,0.50665070000000000,0.506650700000,-1.013391052207602,-1.013391052207602,-1.013391052207602,0E-17,ELIGIBLE,R03b_20260811_FULL_v1,L1_ELIGIBILITY,v2026-08-11,2026-03-21..2026-08-06,baccarat_bet02_101_all_pairs_incl_sentinel,round_win = game_pnl > 0 (decisive only),COMPATIBILITY_ONLY_NOT_PRODUCTION,3474.3916,2960.9257,481.4358,47,47,-0.13856695,,-0.13856695,-0.13856695,-481.4358,3474.3916,OK,0.0000,19.2574,4.0000,96.0000,AG03-UNRESOLVED,ALL5_LEVELS_bet23_to_bet27,19.2574,19.2574,19.2574,24.0718,24.0718,4.000000,4.000000,4.000000,5.000000,5.000000,96.000000,96.000000,96.000000,95.000000,95.000000,5.0,105.9159,97.0217,375.5200,384.4141,PENDING_AG03,FALSE,NOT_FOR_ENFORCEMENT,462.1784,2842.4887,481.4358,462.1784,19.2574,0.13856695,0.13302427,19.2574,462.1784,0.13302427,19.2574,19.2574,19.2574,24.0718,24.0718,462.1784,0.13302427,105.9159,97.0217,375.5200,384.4141,0.10808222,0.11064214,0.00554268,73.9232,62.9984,10.2433,120.3590,28.3198,868.5979,11.7500,,73.9232,38.724,64.8643,96.6478,129.7286,139.4581,194.5929,64.8643,0.0,2.149998,3.0,1.13966,13,15,4,2,0E-8,0.13856695,,0E-8,0.000000,0.852214,0.000000,,2026-05-06,2026-05-17,4,17,15,12,0.333333,,,0.000000,,,,,,,,GLOBAL_BASELINE_NO_ENTITY_RANKING,,,NOT_APPLICABLE_GLOBAL_BASELINE,HF9g-P5,,,,X 全窗基线 · 不参与实体赏罚,8391179,840,A168_HF9F_20260827_0900,2026-08-27 09:00:00
2026-04-10,148497545,1323,0,13.0879773840,-13.0879773840,-13.0879773840,0E-7,1,1,0.49324550000000000,0.493245500000,-0.9865810262130424,-0.9865810262130424,-0.9865810262130424,0E-17,ELIGIBLE,R03b_20260811_FULL_v1,L1_ELIGIBILITY,v2026-08-11,2026-03-21..2026-08-06,baccarat_bet02_101_all_pairs_incl_sentinel,round_win = game_pnl > 0 (decisive only),COMPATIBILITY_ONLY_NOT_PRODUCTION,14103.8662,12456.8751,481.4412,563,562,-0.03413541,,-0.03413541,-0.03413541,-481.4412,14103.8662,OK,0.0000,19.2576,4.0000,96.0000,AG03-UNRESOLVED,ALL5_LEVELS_bet23_to_bet27,19.2576,19.2576,19.2576,24.0721,24.0721,4.000000,4.000000,4.000000,5.000000,5.000000,96.000000,96.000000,96.000000,95.000000,95.000000,5.0,105.9171,97.0228,375.5242,384.4184,PENDING_AG03,FALSE,NOT_FOR_ENFORCEMENT,462.1836,11958.6001,481.4412,462.1836,19.2576,0.03413541,0.03276999,19.2576,462.1836,0.03276999,19.2576,19.2576,19.2576,24.0721,24.0721,462.1836,0.03276999,105.9171,97.0228,375.5242,384.4184,0.02662562,0.02725625,0.00136542,25.0513,22.1653,0.8567,43.7674,3.6473,1282.1697,51.0909,,25.0513,13.088,26.176,26.176,39.2639,52.3519,78.5279,13.088,0.0,2.0,3.0,0.957034,21,81,5,2,0E-8,0.03413541,,0E-8,0.000000,0.883224,0.261101,,2026-04-10,2026-04-27,11,132,87,18,0.611111,,,0.000000,,,,,,,,GLOBAL_BASELINE_NO_ENTITY_RANKING,,,NOT_APPLICABLE_GLOBAL_BASELINE,HF9g-P5,,,,X 全窗基线 · 不参与实体赏罚,8391180,840,A168_HF9F_20260827_0900,2026-08-27 09:00:00
2026-04-10,148497545,1330,0,39.2639321520,-0.6543988692,-0.6543988692,0.5000000,3,3,0.49771390000000000,0.497713900000,0.006466134837551399,0.0064661348375514,0.006466134837551399,0E-17,ELIGIBLE,R03b_20260811_FULL_v1,L1_ELIGIBILITY,v2026-08-11,2026-03-21..2026-08-06,baccarat_bet02_101_all_pairs_incl_sentinel,round_win = game_pnl > 0 (decisive only),COMPATIBILITY_ONLY_NOT_PRODUCTION,14103.8662,12456.8751,481.4412,563,562,-0.03413541,,-0.03413541,-0.03413541,-481.4412,14103.8662,OK,0.0000,19.2576,4.0000,96.0000,AG03-UNRESOLVED,ALL5_LEVELS_bet23_to_bet27,19.2576,19.2576,19.2576,24.0721,24.0721,4.000000,4.000000,4.000000,5.000000,5.000000,96.000000,96.000000,96.000000,95.000000,95.000000,5.0,105.9171,97.0228,375.5242,384.4184,PENDING_AG03,FALSE,NOT_FOR_ENFORCEMENT,462.1836,11958.6001,481.4412,462.1836,19.2576,0.03413541,0.03276999,19.2576,462.1836,0.03276999,19.2576,19.2576,19.2576,24.0721,24.0721,462.1836,0.03276999,105.9171,97.0228,375.5242,384.4184,0.02662562,0.02725625,0.00136542,25.0513,22.1653,0.8567,43.7674,3.6473,1282.1697,51.0909,,25.0513,13.088,26.176,26.176,39.2639,52.3519,78.5279,13.088,0.0,2.0,3.0,0.957034,21,81,5,2,0E-8,0.03413541,,0E-8,0.000000,0.883224,0.261101,,2026-04-10,2026-04-27,11,132,87,18,0.611111,,,0.000000,,,,,,,,GLOBAL_BASELINE_NO_ENTITY_RANKING,,,NOT_APPLICABLE_GLOBAL_BASELINE,HF9g-P5,,,,X 全窗基线 · 不参与实体赏罚,8391181,840,A168_HF9F_20260827_0900,2026-08-27 09:00:00
2026-04-10,148497545,1363,0,13.0879773840,-13.0879773840,-13.0879773840,0E-7,1,1,0.50665070000000000,0.506650700000,-1.013391052207602,-1.013391052207602,-1.013391052207602,0E-17,ELIGIBLE,R03b_20260811_FULL_v1,L1_ELIGIBILITY,v2026-08-11,2026-03-21..2026-08-06,baccarat_bet02_101_all_pairs_incl_sentinel,round_win = game_pnl > 0 (decisive only),COMPATIBILITY_ONLY_NOT_PRODUCTION,14103.8662,12456.8751,481.4412,563,562,-0.03413541,,-0.03413541,-0.03413541,-481.4412,14103.8662,OK,0.0000,19.2576,4.0000,96.0000,AG03-UNRESOLVED,ALL5_LEVELS_bet23_to_bet27,19.2576,19.2576,19.2576,24.0721,24.0721,4.000000,4.000000,4.000000,5.000000,5.000000,96.000000,96.000000,96.000000,95.000000,95.000000,5.0,105.9171,97.0228,375.5242,384.4184,PENDING_AG03,FALSE,NOT_FOR_ENFORCEMENT,462.1836,11958.6001,481.4412,462.1836,19.2576,0.03413541,0.03276999,19.2576,462.1836,0.03276999,19.2576,19.2576,19.2576,24.0721,24.0721,462.1836,0.03276999,105.9171,97.0228,375.5242,384.4184,0.02662562,0.02725625,0.00136542,25.0513,22.1653,0.8567,43.7674,3.6473,1282.1697,51.0909,,25.0513,13.088,26.176,26.176,39.2639,52.3519,78.5279,13.088,0.0,2.0,3.0,0.957034,21,81,5,2,0E-8,0.03413541,,0E-8,0.000000,0.883224,0.261101,,2026-04-10,2026-04-27,11,132,87,18,0.611111,,,0.000000,,,,,,,,GLOBAL_BASELINE_NO_ENTITY_RANKING,,,NOT_APPLICABLE_GLOBAL_BASELINE,HF9g-P5,,,,X 全窗基线 · 不参与实体赏罚,8391182,840,A168_HF9F_20260827_0900,2026-08-27 09:00:00
2026-04-10,148497545,1405,0,52.3519095360,24.2127581604,24.2127581604,0.6666667,3,3,0.50218230000000000,0.502182300000,0.5697959874915163,0.5697959874915164,0.5697959874915163,0E-17,ELIGIBLE,R03b_20260811_FULL_v1,L1_ELIGIBILITY,v2026-08-11,2026-03-21..2026-08-06,baccarat_bet02_101_all_pairs_incl_sentinel,round_win = game_pnl > 0 (decisive only),COMPATIBILITY_ONLY_NOT_PRODUCTION,14103.8662,12456.8751,481.4412,563,562,-0.03413541,,-0.03413541,-0.03413541,-481.4412,14103.8662,OK,0.0000,19.2576,4.0000,96.0000,AG03-UNRESOLVED,ALL5_LEVELS_bet23_to_bet27,19.2576,19.2576,19.2576,24.0721,24.0721,4.000000,4.000000,4.000000,5.000000,5.000000,96.000000,96.000000,96.000000,95.000000,95.000000,5.0,105.9171,97.0228,375.5242,384.4184,PENDING_AG03,FALSE,NOT_FOR_ENFORCEMENT,462.1836,11958.6001,481.4412,462.1836,19.2576,0.03413541,0.03276999,19.2576,462.1836,0.03276999,19.2576,19.2576,19.2576,24.0721,24.0721,462.1836,0.03276999,105.9171,97.0228,375.5242,384.4184,0.02662562,0.02725625,0.00136542,25.0513,22.1653,0.8567,43.7674,3.6473,1282.1697,51.0909,,25.0513,13.088,26.176,26.176,39.2639,52.3519,78.5279,13.088,0.0,2.0,3.0,0.957034,21,81,5,2,0E-8,0.03413541,,0E-8,0.000000,0.883224,0.261101,,2026-04-10,2026-04-27,11,132,87,18,0.611111,,,0.000000,,,,,,,,GLOBAL_BASELINE_NO_ENTITY_RANKING,,,NOT_APPLICABLE_GLOBAL_BASELINE,HF9g-P5,,,,X 全窗基线 · 不参与实体赏罚,8391183,840,A168_HF9F_20260827_0900,2026-08-27 09:00:00
2026-04-10,148497545,1646,0,39.2639321520,12.4335785148,12.4335785148,0.6666667,3,3,0.49771390000000000,0.497713900000,0.5852756695216578,0.5852756695216578,0.5852756695216578,0E-17,ELIGIBLE,R03b_20260811_FULL_v1,L1_ELIGIBILITY,v2026-08-11,2026-03-21..2026-08-06,baccarat_bet02_101_all_pairs_incl_sentinel,round_win = game_pnl > 0 (decisive only),COMPATIBILITY_ONLY_NOT_PRODUCTION,14103.8662,12456.8751,481.4412,563,562,-0.03413541,,-0.03413541,-0.03413541,-481.4412,14103.8662,OK,0.0000,19.2576,4.0000,96.0000,AG03-UNRESOLVED,ALL5_LEVELS_bet23_to_bet27,19.2576,19.2576,19.2576,24.0721,24.0721,4.000000,4.000000,4.000000,5.000000,5.000000,96.000000,96.000000,96.000000,95.000000,95.000000,5.0,105.9171,97.0228,375.5242,384.4184,PENDING_AG03,FALSE,NOT_FOR_ENFORCEMENT,462.1836,11958.6001,481.4412,462.1836,19.2576,0.03413541,0.03276999,19.2576,462.1836,0.03276999,19.2576,19.2576,19.2576,24.0721,24.0721,462.1836,0.03276999,105.9171,97.0228,375.5242,384.4184,0.02662562,0.02725625,0.00136542,25.0513,22.1653,0.8567,43.7674,3.6473,1282.1697,51.0909,,25.0513,13.088,26.176,26.176,39.2639,52.3519,78.5279,13.088,0.0,2.0,3.0,0.957034,21,81,5,2,0E-8,0.03413541,,0E-8,0.000000,0.883224,0.261101,,2026-04-10,2026-04-27,11,132,87,18,0.611111,,,0.000000,,,,,,,,GLOBAL_BASELINE_NO_ENTITY_RANKING,,,NOT_APPLICABLE_GLOBAL_BASELINE,HF9g-P5,,,,X 全窗基线 · 不参与实体赏罚,8391184,840,A168_HF9F_20260827_0900,2026-08-27 09:00:00
2026-04-10,148497545,2108,0,13.0879773840,12.4335785148,12.4335785148,1.0000000,1,1,0.50665070000000000,0.506650700000,0.9867858985152569,0.9867858985152569,0.9867858985152569,0E-17,ELIGIBLE,R03b_20260811_FULL_v1,L1_ELIGIBILITY,v2026-08-11,2026-03-21..2026-08-06,baccarat_bet02_101_all_pairs_incl_sentinel,round_win = game_pnl > 0 (decisive only),COMPATIBILITY_ONLY_NOT_PRODUCTION,14103.8662,12456.8751,481.4412,563,562,-0.03413541,,-0.03413541,-0.03413541,-481.4412,14103.8662,OK,0.0000,19.2576,4.0000,96.0000,AG03-UNRESOLVED,ALL5_LEVELS_bet23_to_bet27,19.2576,19.2576,19.2576,24.0721,24.0721,4.000000,4.000000,4.000000,5.000000,5.000000,96.000000,96.000000,96.000000,95.000000,95.000000,5.0,105.9171,97.0228,375.5242,384.4184,PENDING_AG03,FALSE,NOT_FOR_ENFORCEMENT,462.1836,11958.6001,481.4412,462.1836,19.2576,0.03413541,0.03276999,19.2576,462.1836,0.03276999,19.2576,19.2576,19.2576,24.0721,24.0721,462.1836,0.03276999,105.9171,97.0228,375.5242,384.4184,0.02662562,0.02725625,0.00136542,25.0513,22.1653,0.8567,43.7674,3.6473,1282.1697,51.0909,,25.0513,13.088,26.176,26.176,39.2639,52.3519,78.5279,13.088,0.0,2.0,3.0,0.957034,21,81,5,2,0E-8,0.03413541,,0E-8,0.000000,0.883224,0.261101,,2026-04-10,2026-04-27,11,132,87,18,0.611111,,,0.000000,,,,,,,,GLOBAL_BASELINE_NO_ENTITY_RANKING,,,NOT_APPLICABLE_GLOBAL_BASELINE,HF9g-P5,,,,X 全窗基线 · 不参与实体赏罚,8391185,840,A168_HF9F_20260827_0900,2026-08-27 09:00:00
2026-04-10,148497545,2115,0,13.0879773840,0E-10,0E-10,,1,1,0.49324550000000000,0.493245500000,,,,0E-17,NO_DECISIVE_ROUND,R03b_20260811_FULL_v1,L1_ELIGIBILITY,v2026-08-11,2026-03-21..2026-08-06,baccarat_bet02_101_all_pairs_incl_sentinel,round_win = game_pnl > 0 (decisive only),COMPATIBILITY_ONLY_NOT_PRODUCTION,14103.8662,12456.8751,481.4412,563,562,-0.03413541,,-0.03413541,-0.03413541,-481.4412,14103.8662,OK,0.0000,19.2576,4.0000,96.0000,AG03-UNRESOLVED,ALL5_LEVELS_bet23_to_bet27,19.2576,19.2576,19.2576,24.0721,24.0721,4.000000,4.000000,4.000000,5.000000,5.000000,96.000000,96.000000,96.000000,95.000000,95.000000,5.0,105.9171,97.0228,375.5242,384.4184,PENDING_AG03,FALSE,NOT_FOR_ENFORCEMENT,462.1836,11958.6001,481.4412,462.1836,19.2576,0.03413541,0.03276999,19.2576,462.1836,0.03276999,19.2576,19.2576,19.2576,24.0721,24.0721,462.1836,0.03276999,105.9171,97.0228,375.5242,384.4184,0.02662562,0.02725625,0.00136542,25.0513,22.1653,0.8567,43.7674,3.6473,1282.1697,51.0909,,25.0513,13.088,26.176,26.176,39.2639,52.3519,78.5279,13.088,0.0,2.0,3.0,0.957034,21,81,5,2,0E-8,0.03413541,,0E-8,0.000000,0.883224,0.261101,,2026-04-10,2026-04-27,11,132,87,18,0.611111,,,0.000000,,,,,,,,GLOBAL_BASELINE_NO_ENTITY_RANKING,,,NOT_APPLICABLE_GLOBAL_BASELINE,HF9g-P5,,,,X 全窗基线 · 不参与实体赏罚,8391186,840,A168_HF9F_20260827_0900,2026-08-27 09:00:00
2026-04-10,148497545,2123,0,117.7917964558,-65.4398869198,-65.4398869198,0.4000000,5,5,0.49860758000000000,0.498607580000,-0.440988213962219,-0.440988213962219,-0.440988213962219,0E-17,ELIGIBLE,R03b_20260811_FULL_v1,L1_ELIGIBILITY,v2026-08-11,2026-03-21..2026-08-06,baccarat_bet02_101_all_pairs_incl_sentinel,round_win = game_pnl > 0 (decisive only),COMPATIBILITY_ONLY_NOT_PRODUCTION,14103.8662,12456.8751,481.4412,563,562,-0.03413541,,-0.03413541,-0.03413541,-481.4412,14103.8662,OK,0.0000,19.2576,4.0000,96.0000,AG03-UNRESOLVED,ALL5_LEVELS_bet23_to_bet27,19.2576,19.2576,19.2576,24.0721,24.0721,4.000000,4.000000,4.000000,5.000000,5.000000,96.000000,96.000000,96.000000,95.000000,95.000000,5.0,105.9171,97.0228,375.5242,384.4184,PENDING_AG03,FALSE,NOT_FOR_ENFORCEMENT,462.1836,11958.6001,481.4412,462.1836,19.2576,0.03413541,0.03276999,19.2576,462.1836,0.03276999,19.2576,19.2576,19.2576,24.0721,24.0721,462.1836,0.03276999,105.9171,97.0228,375.5242,384.4184,0.02662562,0.02725625,0.00136542,25.0513,22.1653,0.8567,43.7674,3.6473,1282.1697,51.0909,,25.0513,13.088,26.176,26.176,39.2639,52.3519,78.5279,13.088,0.0,2.0,3.0,0.957034,21,81,5,2,0E-8,0.03413541,,0E-8,0.000000,0.883224,0.261101,,2026-04-10,2026-04-27,11,132,87,18,0.611111,,,0.000000,,,,,,,,GLOBAL_BASELINE_NO_ENTITY_RANKING,,,NOT_APPLICABLE_GLOBAL_BASELINE,HF9g-P5,,,,X 全窗基线 · 不参与实体赏罚,8391187,840,A168_HF9F_20260827_0900,2026-08-27 09:00:00
2026-04-10,148497545,2130,0,13.0879773840,-13.0879773840,-13.0879773840,0E-7,1,1,0.50665070000000000,0.506650700000,-1.013391052207602,-1.013391052207602,-1.013391052207602,0E-17,ELIGIBLE,R03b_20260811_FULL_v1,L1_ELIGIBILITY,v2026-08-11,2026-03-21..2026-08-06,baccarat_bet02_101_all_pairs_incl_sentinel,round_win = game_pnl > 0 (decisive only),COMPATIBILITY_ONLY_NOT_PRODUCTION,14103.8662,12456.8751,481.4412,563,562,-0.03413541,,-0.03413541,-0.03413541,-481.4412,14103.8662,OK,0.0000,19.2576,4.0000,96.0000,AG03-UNRESOLVED,ALL5_LEVELS_bet23_to_bet27,19.2576,19.2576,19.2576,24.0721,24.0721,4.000000,4.000000,4.000000,5.000000,5.000000,96.000000,96.000000,96.000000,95.000000,95.000000,5.0,105.9171,97.0228,375.5242,384.4184,PENDING_AG03,FALSE,NOT_FOR_ENFORCEMENT,462.1836,11958.6001,481.4412,462.1836,19.2576,0.03413541,0.03276999,19.2576,462.1836,0.03276999,19.2576,19.2576,19.2576,24.0721,24.0721,462.1836,0.03276999,105.9171,97.0228,375.5242,384.4184,0.02662562,0.02725625,0.00136542,25.0513,22.1653,0.8567,43.7674,3.6473,1282.1697,51.0909,,25.0513,13.088,26.176,26.176,39.2639,52.3519,78.5279,13.088,0.0,2.0,3.0,0.957034,21,81,5,2,0E-8,0.03413541,,0E-8,0.000000,0.883224,0.261101,,2026-04-10,2026-04-27,11,132,87,18,0.611111,,,0.000000,,,,,,,,GLOBAL_BASELINE_NO_ENTITY_RANKING,,,NOT_APPLICABLE_GLOBAL_BASELINE,HF9g-P5,,,,X 全窗基线 · 不参与实体赏罚,8391188,840,A168_HF9F_20260827_0900,2026-08-27 09:00:00
2026-04-10,148497545,2145,0,327.1994345996,102.7406224641,102.7406224641,0.5555556,10,10,0.49726706000000000,0.497267060000,0.3497361977044266,0.3497361977044266,0.3497361977044266,0E-17,ELIGIBLE,R03b_20260811_FULL_v1,L1_ELIGIBILITY,v2026-08-11,2026-03-21..2026-08-06,baccarat_bet02_101_all_pairs_incl_sentinel,round_win = game_pnl > 0 (decisive only),COMPATIBILITY_ONLY_NOT_PRODUCTION,14103.8662,12456.8751,481.4412,563,562,-0.03413541,,-0.03413541,-0.03413541,-481.4412,14103.8662,OK,0.0000,19.2576,4.0000,96.0000,AG03-UNRESOLVED,ALL5_LEVELS_bet23_to_bet27,19.2576,19.2576,19.2576,24.0721,24.0721,4.000000,4.000000,4.000000,5.000000,5.000000,96.000000,96.000000,96.000000,95.000000,95.000000,5.0,105.9171,97.0228,375.5242,384.4184,PENDING_AG03,FALSE,NOT_FOR_ENFORCEMENT,462.1836,11958.6001,481.4412,462.1836,19.2576,0.03413541,0.03276999,19.2576,462.1836,0.03276999,19.2576,19.2576,19.2576,24.0721,24.0721,462.1836,0.03276999,105.9171,97.0228,375.5242,384.4184,0.02662562,0.02725625,0.00136542,25.0513,22.1653,0.8567,43.7674,3.6473,1282.1697,51.0909,,25.0513,13.088,26.176,26.176,39.2639,52.3519,78.5279,13.088,0.0,2.0,3.0,0.957034,21,81,5,2,0E-8,0.03413541,,0E-8,0.000000,0.883224,0.261101,,2026-04-10,2026-04-27,11,132,87,18,0.611111,,,0.000000,,,,,,,,GLOBAL_BASELINE_NO_ENTITY_RANKING,,,NOT_APPLICABLE_GLOBAL_BASELINE,HF9g-P5,,,,X 全窗基线 · 不参与实体赏罚,8391189,840,A168_HF9F_20260827_0900,2026-08-27 09:00:00
2026-04-10,148497545,2216,0,39.2639321519,39.2639321519,39.2639321519,1.0000000,1,1,0.49324550000000000,0.493245500000,1.01360149184955,1.01360149184955,1.01360149184955,0E-17,ELIGIBLE,R03b_20260811_FULL_v1,L1_ELIGIBILITY,v2026-08-11,2026-03-21..2026-08-06,baccarat_bet02_101_all_pairs_incl_sentinel,round_win = game_pnl > 0 (decisive only),COMPATIBILITY_ONLY_NOT_PRODUCTION,14103.8662,12456.8751,481.4412,563,562,-0.03413541,,-0.03413541,-0.03413541,-481.4412,14103.8662,OK,0.0000,19.2576,4.0000,96.0000,AG03-UNRESOLVED,ALL5_LEVELS_bet23_to_bet27,19.2576,19.2576,19.2576,24.0721,24.0721,4.000000,4.000000,4.000000,5.000000,5.000000,96.000000,96.000000,96.000000,95.000000,95.000000,5.0,105.9171,97.0228,375.5242,384.4184,PENDING_AG03,FALSE,NOT_FOR_ENFORCEMENT,462.1836,11958.6001,481.4412,462.1836,19.2576,0.03413541,0.03276999,19.2576,462.1836,0.03276999,19.2576,19.2576,19.2576,24.0721,24.0721,462.1836,0.03276999,105.9171,97.0228,375.5242,384.4184,0.02662562,0.02725625,0.00136542,25.0513,22.1653,0.8567,43.7674,3.6473,1282.1697,51.0909,,25.0513,13.088,26.176,26.176,39.2639,52.3519,78.5279,13.088,0.0,2.0,3.0,0.957034,21,81,5,2,0E-8,0.03413541,,0E-8,0.000000,0.883224,0.261101,,2026-04-10,2026-04-27,11,132,87,18,0.611111,,,0.000000,,,,,,,,GLOBAL_BASELINE_NO_ENTITY_RANKING,,,NOT_APPLICABLE_GLOBAL_BASELINE,HF9g-P5,,,,X 全窗基线 · 不参与实体赏罚,8391190,840,A168_HF9F_20260827_0900,2026-08-27 09:00:00
2026-04-10,148497545,2246,0,104.7038190720,63.4766903124,63.4766903124,0.8000000,6,6,0.50218230000000000,0.502182300000,1.3318939303776811,1.3318939303776811,1.3318939303776811,0E-17,ELIGIBLE,R03b_20260811_FULL_v1,L1_ELIGIBILITY,v2026-08-11,2026-03-21..2026-08-06,baccarat_bet02_101_all_pairs_incl_sentinel,round_win = game_pnl > 0 (decisive only),COMPATIBILITY_ONLY_NOT_PRODUCTION,14103.8662,12456.8751,481.4412,563,562,-0.03413541,,-0.03413541,-0.03413541,-481.4412,14103.8662,OK,0.0000,19.2576,4.0000,96.0000,AG03-UNRESOLVED,ALL5_LEVELS_bet23_to_bet27,19.2576,19.2576,19.2576,24.0721,24.0721,4.000000,4.000000,4.000000,5.000000,5.000000,96.000000,96.000000,96.000000,95.000000,95.000000,5.0,105.9171,97.0228,375.5242,384.4184,PENDING_AG03,FALSE,NOT_FOR_ENFORCEMENT,462.1836,11958.6001,481.4412,462.1836,19.2576,0.03413541,0.03276999,19.2576,462.1836,0.03276999,19.2576,19.2576,19.2576,24.0721,24.0721,462.1836,0.03276999,105.9171,97.0228,375.5242,384.4184,0.02662562,0.02725625,0.00136542,25.0513,22.1653,0.8567,43.7674,3.6473,1282.1697,51.0909,,25.0513,13.088,26.176,26.176,39.2639,52.3519,78.5279,13.088,0.0,2.0,3.0,0.957034,21,81,5,2,0E-8,0.03413541,,0E-8,0.000000,0.883224,0.261101,,2026-04-10,2026-04-27,11,132,87,18,0.611111,,,0.000000,,,,,,,,GLOBAL_BASELINE_NO_ENTITY_RANKING,,,NOT_APPLICABLE_GLOBAL_BASELINE,HF9g-P5,,,,X 全窗基线 · 不参与实体赏罚,8391191,840,A168_HF9F_20260827_0900,2026-08-27 09:00:00
2026-04-10,148497545,772,0,78.5278643040,-1.3087977384,-1.3087977384,0.3333333,4,4,0.50329940000000000,0.503299400000,-0.5887925454369916,-0.5887925454369916,-0.5887925454369916,0E-17,ELIGIBLE,R03b_20260811_FULL_v1,L1_ELIGIBILITY,v2026-08-11,2026-03-21..2026-08-06,baccarat_bet02_101_all_pairs_incl_sentinel,round_win = game_pnl > 0 (decisive only),COMPATIBILITY_ONLY_NOT_PRODUCTION,14103.8662,12456.8751,481.4412,563,562,-0.03413541,,-0.03413541,-0.03413541,-481.4412,14103.8662,OK,0.0000,19.2576,4.0000,96.0000,AG03-UNRESOLVED,ALL5_LEVELS_bet23_to_bet27,19.2576,19.2576,19.2576,24.0721,24.0721,4.000000,4.000000,4.000000,5.000000,5.000000,96.000000,96.000000,96.000000,95.000000,95.000000,5.0,105.9171,97.0228,375.5242,384.4184,PENDING_AG03,FALSE,NOT_FOR_ENFORCEMENT,462.1836,11958.6001,481.4412,462.1836,19.2576,0.03413541,0.03276999,19.2576,462.1836,0.03276999,19.2576,19.2576,19.2576,24.0721,24.0721,462.1836,0.03276999,105.9171,97.0228,375.5242,384.4184,0.02662562,0.02725625,0.00136542,25.0513,22.1653,0.8567,43.7674,3.6473,1282.1697,51.0909,,25.0513,13.088,26.176,26.176,39.2639,52.3519,78.5279,13.088,0.0,2.0,3.0,0.957034,21,81,5,2,0E-8,0.03413541,,0E-8,0.000000,0.883224,0.261101,,2026-04-10,2026-04-27,11,132,87,18,0.611111,,,0.000000,,,,,,,,GLOBAL_BASELINE_NO_ENTITY_RANKING,,,NOT_APPLICABLE_GLOBAL_BASELINE,HF9g-P5,,,,X 全窗基线 · 不参与实体赏罚,8391192,840,A168_HF9F_20260827_0900,2026-08-27 09:00:00
2026-04-12,148497545,1307,0,287.9355024479,143.9677512239,143.9677512239,0.6666667,13,13,0.49324550000000000,0.493245500000,1.2016067345584214,1.2016067345584212,1.2016067345584214,0E-17,ELIGIBLE,R03b_20260811_FULL_v1,L1_ELIGIBILITY,v2026-08-11,2026-03-21..2026-08-06,baccarat_bet02_101_all_pairs_incl_sentinel,round_win = game_pnl > 0 (decisive only),COMPATIBILITY_ONLY_NOT_PRODUCTION,14103.8662,12456.8751,481.4412,563,562,-0.03413541,,-0.03413541,-0.03413541,-481.4412,14103.8662,OK,0.0000,19.2576,4.0000,96.0000,AG03-UNRESOLVED,ALL5_LEVELS_bet23_to_bet27,19.2576,19.2576,19.2576,24.0721,24.0721,4.000000,4.000000,4.000000,5.000000,5.000000,96.000000,96.000000,96.000000,95.000000,95.000000,5.0,105.9171,97.0228,375.5242,384.4184,PENDING_AG03,FALSE,NOT_FOR_ENFORCEMENT,462.1836,11958.6001,481.4412,462.1836,19.2576,0.03413541,0.03276999,19.2576,462.1836,0.03276999,19.2576,19.2576,19.2576,24.0721,24.0721,462.1836,0.03276999,105.9171,97.0228,375.5242,384.4184,0.02662562,0.02725625,0.00136542,25.0513,22.1653,0.8567,43.7674,3.6473,1282.1697,51.0909,,25.0513,13.088,26.176,26.176,39.2639,52.3519,78.5279,13.088,0.0,2.0,3.0,0.957034,21,81,5,2,0E-8,0.03413541,,0E-8,0.000000,0.883224,0.261101,,2026-04-10,2026-04-27,11,132,87,18,0.611111,,,0.000000,,,,,,,,GLOBAL_BASELINE_NO_ENTITY_RANKING,,,NOT_APPLICABLE_GLOBAL_BASELINE,HF9g-P5,,,,X 全窗基线 · 不参与实体赏罚,8391193,840,A168_HF9F_20260827_0900,2026-08-27 09:00:00
2026-04-12,148497545,1623,0,91.6158416879,-13.0879773839,-13.0879773839,0.5000000,4,4,0.49324550000000000,0.493245500000,0.027020465636507562,0.027020465636507562,0.027020465636507562,0E-17,ELIGIBLE,R03b_20260811_FULL_v1,L1_ELIGIBILITY,v2026-08-11,2026-03-21..2026-08-06,baccarat_bet02_101_all_pairs_incl_sentinel,round_win = game_pnl > 0 (decisive only),COMPATIBILITY_ONLY_NOT_PRODUCTION,14103.8662,12456.8751,481.4412,563,562,-0.03413541,,-0.03413541,-0.03413541,-481.4412,14103.8662,OK,0.0000,19.2576,4.0000,96.0000,AG03-UNRESOLVED,ALL5_LEVELS_bet23_to_bet27,19.2576,19.2576,19.2576,24.0721,24.0721,4.000000,4.000000,4.000000,5.000000,5.000000,96.000000,96.000000,96.000000,95.000000,95.000000,5.0,105.9171,97.0228,375.5242,384.4184,PENDING_AG03,FALSE,NOT_FOR_ENFORCEMENT,462.1836,11958.6001,481.4412,462.1836,19.2576,0.03413541,0.03276999,19.2576,462.1836,0.03276999,19.2576,19.2576,19.2576,24.0721,24.0721,462.1836,0.03276999,105.9171,97.0228,375.5242,384.4184,0.02662562,0.02725625,0.00136542,25.0513,22.1653,0.8567,43.7674,3.6473,1282.1697,51.0909,,25.0513,13.088,26.176,26.176,39.2639,52.3519,78.5279,13.088,0.0,2.0,3.0,0.957034,21,81,5,2,0E-8,0.03413541,,0E-8,0.000000,0.883224,0.261101,,2026-04-10,2026-04-27,11,132,87,18,0.611111,,,0.000000,,,,,,,,GLOBAL_BASELINE_NO_ENTITY_RANKING,,,NOT_APPLICABLE_GLOBAL_BASELINE,HF9g-P5,,,,X 全窗基线 · 不参与实体赏罚,8391194,840,A168_HF9F_20260827_0900,2026-08-27 09:00:00
2026-04-12,148497545,1942,0,39.2639321520,-39.2639321520,-39.2639321520,0E-7,2,2,0.49324550000000000,0.493245500000,-1.3952362676504506,-1.3952362676504506,-1.3952362676504506,0E-17,ELIGIBLE,R03b_20260811_FULL_v1,L1_ELIGIBILITY,v2026-08-11,2026-03-21..2026-08-06,baccarat_bet02_101_all_pairs_incl_sentinel,round_win = game_pnl > 0 (decisive only),COMPATIBILITY_ONLY_NOT_PRODUCTION,14103.8662,12456.8751,481.4412,563,562,-0.03413541,,-0.03413541,-0.03413541,-481.4412,14103.8662,OK,0.0000,19.2576,4.0000,96.0000,AG03-UNRESOLVED,ALL5_LEVELS_bet23_to_bet27,19.2576,19.2576,19.2576,24.0721,24.0721,4.000000,4.000000,4.000000,5.000000,5.000000,96.000000,96.000000,96.000000,95.000000,95.000000,5.0,105.9171,97.0228,375.5242,384.4184,PENDING_AG03,FALSE,NOT_FOR_ENFORCEMENT,462.1836,11958.6001,481.4412,462.1836,19.2576,0.03413541,0.03276999,19.2576,462.1836,0.03276999,19.2576,19.2576,19.2576,24.0721,24.0721,462.1836,0.03276999,105.9171,97.0228,375.5242,384.4184,0.02662562,0.02725625,0.00136542,25.0513,22.1653,0.8567,43.7674,3.6473,1282.1697,51.0909,,25.0513,13.088,26.176,26.176,39.2639,52.3519,78.5279,13.088,0.0,2.0,3.0,0.957034,21,81,5,2,0E-8,0.03413541,,0E-8,0.000000,0.883224,0.261101,,2026-04-10,2026-04-27,11,132,87,18,0.611111,,,0.000000,,,,,,,,GLOBAL_BASELINE_NO_ENTITY_RANKING,,,NOT_APPLICABLE_GLOBAL_BASELINE,HF9g-P5,,,,X 全窗基线 · 不参与实体赏罚,8391195,840,A168_HF9F_20260827_0900,2026-08-27 09:00:00
2026-04-12,148497545,2093,0,130.8797738399,26.1759547679,26.1759547679,0.6000000,5,5,0.49324550000000000,0.493245500000,0.47746420675292983,0.47746420675292983,0.47746420675292983,0E-17,ELIGIBLE,R03b_20260811_FULL_v1,L1_ELIGIBILITY,v2026-08-11,2026-03-21..2026-08-06,baccarat_bet02_101_all_pairs_incl_sentinel,round_win = game_pnl > 0 (decisive only),COMPATIBILITY_ONLY_NOT_PRODUCTION,14103.8662,12456.8751,481.4412,563,562,-0.03413541,,-0.03413541,-0.03413541,-481.4412,14103.8662,OK,0.0000,19.2576,4.0000,96.0000,AG03-UNRESOLVED,ALL5_LEVELS_bet23_to_bet27,19.2576,19.2576,19.2576,24.0721,24.0721,4.000000,4.000000,4.000000,5.000000,5.000000,96.000000,96.000000,96.000000,95.000000,95.000000,5.0,105.9171,97.0228,375.5242,384.4184,PENDING_AG03,FALSE,NOT_FOR_ENFORCEMENT,462.1836,11958.6001,481.4412,462.1836,19.2576,0.03413541,0.03276999,19.2576,462.1836,0.03276999,19.2576,19.2576,19.2576,24.0721,24.0721,462.1836,0.03276999,105.9171,97.0228,375.5242,384.4184,0.02662562,0.02725625,0.00136542,25.0513,22.1653,0.8567,43.7674,3.6473,1282.1697,51.0909,,25.0513,13.088,26.176,26.176,39.2639,52.3519,78.5279,13.088,0.0,2.0,3.0,0.957034,21,81,5,2,0E-8,0.03413541,,0E-8,0.000000,0.883224,0.261101,,2026-04-10,2026-04-27,11,132,87,18,0.611111,,,0.000000,,,,,,,,GLOBAL_BASELINE_NO_ENTITY_RANKING,,,NOT_APPLICABLE_GLOBAL_BASELINE,HF9g-P5,,,,X 全窗基线 · 不参与实体赏罚,8391196,840,A168_HF9F_20260827_0900,2026-08-27 09:00:00
2026-04-12,148497545,2106,0,91.6158416879,52.3519095359,52.3519095359,0.7500000,5,5,0.49324550000000000,0.493245500000,1.0271117246678039,1.0271117246678039,1.0271117246678039,0E-17,ELIGIBLE,R03b_20260811_FULL_v1,L1_ELIGIBILITY,v2026-08-11,2026-03-21..2026-08-06,baccarat_bet02_101_all_pairs_incl_sentinel,round_win = game_pnl > 0 (decisive only),COMPATIBILITY_ONLY_NOT_PRODUCTION,14103.8662,12456.8751,481.4412,563,562,-0.03413541,,-0.03413541,-0.03413541,-481.4412,14103.8662,OK,0.0000,19.2576,4.0000,96.0000,AG03-UNRESOLVED,ALL5_LEVELS_bet23_to_bet27,19.2576,19.2576,19.2576,24.0721,24.0721,4.000000,4.000000,4.000000,5.000000,5.000000,96.000000,96.000000,96.000000,95.000000,95.000000,5.0,105.9171,97.0228,375.5242,384.4184,PENDING_AG03,FALSE,NOT_FOR_ENFORCEMENT,462.1836,11958.6001,481.4412,462.1836,19.2576,0.03413541,0.03276999,19.2576,462.1836,0.03276999,19.2576,19.2576,19.2576,24.0721,24.0721,462.1836,0.03276999,105.9171,97.0228,375.5242,384.4184,0.02662562,0.02725625,0.00136542,25.0513,22.1653,0.8567,43.7674,3.6473,1282.1697,51.0909,,25.0513,13.088,26.176,26.176,39.2639,52.3519,78.5279,13.088,0.0,2.0,3.0,0.957034,21,81,5,2,0E-8,0.03413541,,0E-8,0.000000,0.883224,0.261101,,2026-04-10,2026-04-27,11,132,87,18,0.611111,,,0.000000,,,,,,,,GLOBAL_BASELINE_NO_ENTITY_RANKING,,,NOT_APPLICABLE_GLOBAL_BASELINE,HF9g-P5,,,,X 全窗基线 · 不参与实体赏罚,8391197,840,A168_HF9F_20260827_0900,2026-08-27 09:00:00
2026-04-12,148497545,2129,0,26.1759547680,0E-10,0E-10,,1,1,0.49324550000000000,0.493245500000,,,,0E-17,NO_DECISIVE_ROUND,R03b_20260811_FULL_v1,L1_ELIGIBILITY,v2026-08-11,2026-03-21..2026-08-06,baccarat_bet02_101_all_pairs_incl_sentinel,round_win = game_pnl > 0 (decisive only),COMPATIBILITY_ONLY_NOT_PRODUCTION,14103.8662,12456.8751,481.4412,563,562,-0.03413541,,-0.03413541,-0.03413541,-481.4412,14103.8662,OK,0.0000,19.2576,4.0000,96.0000,AG03-UNRESOLVED,ALL5_LEVELS_bet23_to_bet27,19.2576,19.2576,19.2576,24.0721,24.0721,4.000000,4.000000,4.000000,5.000000,5.000000,96.000000,96.000000,96.000000,95.000000,95.000000,5.0,105.9171,97.0228,375.5242,384.4184,PENDING_AG03,FALSE,NOT_FOR_ENFORCEMENT,462.1836,11958.6001,481.4412,462.1836,19.2576,0.03413541,0.03276999,19.2576,462.1836,0.03276999,19.2576,19.2576,19.2576,24.0721,24.0721,462.1836,0.03276999,105.9171,97.0228,375.5242,384.4184,0.02662562,0.02725625,0.00136542,25.0513,22.1653,0.8567,43.7674,3.6473,1282.1697,51.0909,,25.0513,13.088,26.176,26.176,39.2639,52.3519,78.5279,13.088,0.0,2.0,3.0,0.957034,21,81,5,2,0E-8,0.03413541,,0E-8,0.000000,0.883224,0.261101,,2026-04-10,2026-04-27,11,132,87,18,0.611111,,,0.000000,,,,,,,,GLOBAL_BASELINE_NO_ENTITY_RANKING,,,NOT_APPLICABLE_GLOBAL_BASELINE,HF9g-P5,,,,X 全窗基线 · 不参与实体赏罚,8391198,840,A168_HF9F_20260827_0900,2026-08-27 09:00:00
2026-04-12,148497545,2160,0,117.7917964559,-13.0879773841,-13.0879773841,0.3333333,6,6,0.49324550000000000,0.493245500000,-0.783477916903833,-0.7834779169038328,-0.783477916903833,0E-17,ELIGIBLE,R03b_20260811_FULL_v1,L1_ELIGIBILITY,v2026-08-11,2026-03-21..2026-08-06,baccarat_bet02_101_all_pairs_incl_sentinel,round_win = game_pnl > 0 (decisive only),COMPATIBILITY_ONLY_NOT_PRODUCTION,14103.8662,12456.8751,481.4412,563,562,-0.03413541,,-0.03413541,-0.03413541,-481.4412,14103.8662,OK,0.0000,19.2576,4.0000,96.0000,AG03-UNRESOLVED,ALL5_LEVELS_bet23_to_bet27,19.2576,19.2576,19.2576,24.0721,24.0721,4.000000,4.000000,4.000000,5.000000,5.000000,96.000000,96.000000,96.000000,95.000000,95.000000,5.0,105.9171,97.0228,375.5242,384.4184,PENDING_AG03,FALSE,NOT_FOR_ENFORCEMENT,462.1836,11958.6001,481.4412,462.1836,19.2576,0.03413541,0.03276999,19.2576,462.1836,0.03276999,19.2576,19.2576,19.2576,24.0721,24.0721,462.1836,0.03276999,105.9171,97.0228,375.5242,384.4184,0.02662562,0.02725625,0.00136542,25.0513,22.1653,0.8567,43.7674,3.6473,1282.1697,51.0909,,25.0513,13.088,26.176,26.176,39.2639,52.3519,78.5279,13.088,0.0,2.0,3.0,0.957034,21,81,5,2,0E-8,0.03413541,,0E-8,0.000000,0.883224,0.261101,,2026-04-10,2026-04-27,11,132,87,18,0.611111,,,0.000000,,,,,,,,GLOBAL_BASELINE_NO_ENTITY_RANKING,,,NOT_APPLICABLE_GLOBAL_BASELINE,HF9g-P5,,,,X 全窗基线 · 不参与实体赏罚,8391199,840,A168_HF9F_20260827_0900,2026-08-27 09:00:00
2026-04-12,148497545,2174,0,170.1437059919,39.2639321519,39.2639321519,0.5000000,7,7,0.49324550000000000,0.493245500000,0.03309317671092531,0.03309317671092531,0.03309317671092531,0E-17,ELIGIBLE,R03b_20260811_FULL_v1,L1_ELIGIBILITY,v2026-08-11,2026-03-21..2026-08-06,baccarat_bet02_101_all_pairs_incl_sentinel,round_win = game_pnl > 0 (decisive only),COMPATIBILITY_ONLY_NOT_PRODUCTION,14103.8662,12456.8751,481.4412,563,562,-0.03413541,,-0.03413541,-0.03413541,-481.4412,14103.8662,OK,0.0000,19.2576,4.0000,96.0000,AG03-UNRESOLVED,ALL5_LEVELS_bet23_to_bet27,19.2576,19.2576,19.2576,24.0721,24.0721,4.000000,4.000000,4.000000,5.000000,5.000000,96.000000,96.000000,96.000000,95.000000,95.000000,5.0,105.9171,97.0228,375.5242,384.4184,PENDING_AG03,FALSE,NOT_FOR_ENFORCEMENT,462.1836,11958.6001,481.4412,462.1836,19.2576,0.03413541,0.03276999,19.2576,462.1836,0.03276999,19.2576,19.2576,19.2576,24.0721,24.0721,462.1836,0.03276999,105.9171,97.0228,375.5242,384.4184,0.02662562,0.02725625,0.00136542,25.0513,22.1653,0.8567,43.7674,3.6473,1282.1697,51.0909,,25.0513,13.088,26.176,26.176,39.2639,52.3519,78.5279,13.088,0.0,2.0,3.0,0.957034,21,81,5,2,0E-8,0.03413541,,0E-8,0.000000,0.883224,0.261101,,2026-04-10,2026-04-27,11,132,87,18,0.611111,,,0.000000,,,,,,,,GLOBAL_BASELINE_NO_ENTITY_RANKING,,,NOT_APPLICABLE_GLOBAL_BASELINE,HF9g-P5,,,,X 全窗基线 · 不参与实体赏罚,8391200,840,A168_HF9F_20260827_0900,2026-08-27 09:00:00
2026-04-12,148497545,2196,0,431.9032536718,104.7038190720,104.7038190720,0.6000000,17,17,0.49324550000000000,0.493245500000,0.8269922648916455,0.8269922648916455,0.8269922648916455,0E-17,ELIGIBLE,R03b_20260811_FULL_v1,L1_ELIGIBILITY,v2026-08-11,2026-03-21..2026-08-06,baccarat_bet02_101_all_pairs_incl_sentinel,round_win = game_pnl > 0 (decisive only),COMPATIBILITY_ONLY_NOT_PRODUCTION,14103.8662,12456.8751,481.4412,563,562,-0.03413541,,-0.03413541,-0.03413541,-481.4412,14103.8662,OK,0.0000,19.2576,4.0000,96.0000,AG03-UNRESOLVED,ALL5_LEVELS_bet23_to_bet27,19.2576,19.2576,19.2576,24.0721,24.0721,4.000000,4.000000,4.000000,5.000000,5.000000,96.000000,96.000000,96.000000,95.000000,95.000000,5.0,105.9171,97.0228,375.5242,384.4184,PENDING_AG03,FALSE,NOT_FOR_ENFORCEMENT,462.1836,11958.6001,481.4412,462.1836,19.2576,0.03413541,0.03276999,19.2576,462.1836,0.03276999,19.2576,19.2576,19.2576,24.0721,24.0721,462.1836,0.03276999,105.9171,97.0228,375.5242,384.4184,0.02662562,0.02725625,0.00136542,25.0513,22.1653,0.8567,43.7674,3.6473,1282.1697,51.0909,,25.0513,13.088,26.176,26.176,39.2639,52.3519,78.5279,13.088,0.0,2.0,3.0,0.957034,21,81,5,2,0E-8,0.03413541,,0E-8,0.000000,0.883224,0.261101,,2026-04-10,2026-04-27,11,132,87,18,0.611111,,,0.000000,,,,,,,,GLOBAL_BASELINE_NO_ENTITY_RANKING,,,NOT_APPLICABLE_GLOBAL_BASELINE,HF9g-P5,,,,X 全窗基线 · 不参与实体赏罚,8391201,840,A168_HF9F_20260827_0900,2026-08-27 09:00:00
2026-04-12,148497545,471,0,13.0879773840,13.0879773840,13.0879773840,1.0000000,1,1,0.49324550000000000,0.493245500000,1.01360149184955,1.01360149184955,1.01360149184955,0E-17,ELIGIBLE,R03b_20260811_FULL_v1,L1_ELIGIBILITY,v2026-08-11,2026-03-21..2026-08-06,baccarat_bet02_101_all_pairs_incl_sentinel,round_win = game_pnl > 0 (decisive only),COMPATIBILITY_ONLY_NOT_PRODUCTION,14103.8662,12456.8751,481.4412,563,562,-0.03413541,,-0.03413541,-0.03413541,-481.4412,14103.8662,OK,0.0000,19.2576,4.0000,96.0000,AG03-UNRESOLVED,ALL5_LEVELS_bet23_to_bet27,19.2576,19.2576,19.2576,24.0721,24.0721,4.000000,4.000000,4.000000,5.000000,5.000000,96.000000,96.000000,96.000000,95.000000,95.000000,5.0,105.9171,97.0228,375.5242,384.4184,PENDING_AG03,FALSE,NOT_FOR_ENFORCEMENT,462.1836,11958.6001,481.4412,462.1836,19.2576,0.03413541,0.03276999,19.2576,462.1836,0.03276999,19.2576,19.2576,19.2576,24.0721,24.0721,462.1836,0.03276999,105.9171,97.0228,375.5242,384.4184,0.02662562,0.02725625,0.00136542,25.0513,22.1653,0.8567,43.7674,3.6473,1282.1697,51.0909,,25.0513,13.088,26.176,26.176,39.2639,52.3519,78.5279,13.088,0.0,2.0,3.0,0.957034,21,81,5,2,0E-8,0.03413541,,0E-8,0.000000,0.883224,0.261101,,2026-04-10,2026-04-27,11,132,87,18,0.611111,,,0.000000,,,,,,,,GLOBAL_BASELINE_NO_ENTITY_RANKING,,,NOT_APPLICABLE_GLOBAL_BASELINE,HF9g-P5,,,,X 全窗基线 · 不参与实体赏罚,8391202,840,A168_HF9F_20260827_0900,2026-08-27 09:00:00
2026-04-12,148497545,970,0,274.8475250638,222.4956155278,222.4956155278,0.8888889,9,9,0.49324550000000000,0.493245500000,2.374076969527786,2.374076969527786,2.374076969527786,0E-17,ELIGIBLE,R03b_20260811_FULL_v1,L1_ELIGIBILITY,v2026-08-11,2026-03-21..2026-08-06,baccarat_bet02_101_all_pairs_incl_sentinel,round_win = game_pnl > 0 (decisive only),COMPATIBILITY_ONLY_NOT_PRODUCTION,14103.8662,12456.8751,481.4412,563,562,-0.03413541,,-0.03413541,-0.03413541,-481.4412,14103.8662,OK,0.0000,19.2576,4.0000,96.0000,AG03-UNRESOLVED,ALL5_LEVELS_bet23_to_bet27,19.2576,19.2576,19.2576,24.0721,24.0721,4.000000,4.000000,4.000000,5.000000,5.000000,96.000000,96.000000,96.000000,95.000000,95.000000,5.0,105.9171,97.0228,375.5242,384.4184,PENDING_AG03,FALSE,NOT_FOR_ENFORCEMENT,462.1836,11958.6001,481.4412,462.1836,19.2576,0.03413541,0.03276999,19.2576,462.1836,0.03276999,19.2576,19.2576,19.2576,24.0721,24.0721,462.1836,0.03276999,105.9171,97.0228,375.5242,384.4184,0.02662562,0.02725625,0.00136542,25.0513,22.1653,0.8567,43.7674,3.6473,1282.1697,51.0909,,25.0513,13.088,26.176,26.176,39.2639,52.3519,78.5279,13.088,0.0,2.0,3.0,0.957034,21,81,5,2,0E-8,0.03413541,,0E-8,0.000000,0.883224,0.261101,,2026-04-10,2026-04-27,11,132,87,18,0.611111,,,0.000000,,,,,,,,GLOBAL_BASELINE_NO_ENTITY_RANKING,,,NOT_APPLICABLE_GLOBAL_BASELINE,HF9g-P5,,,,X 全窗基线 · 不参与实体赏罚,8391203,840,A168_HF9F_20260827_0900,2026-08-27 09:00:00
2026-04-12,148497545,994,0,130.8797738400,0E-10,0E-10,0.6000000,7,7,0.49324550000000000,0.493245500000,0.47746420675292983,0.47746420675292983,0.47746420675292983,0E-17,ELIGIBLE,R03b_20260811_FULL_v1,L1_ELIGIBILITY,v2026-08-11,2026-03-21..2026-08-06,baccarat_bet02_101_all_pairs_incl_sentinel,round_win = game_pnl > 0 (decisive only),COMPATIBILITY_ONLY_NOT_PRODUCTION,14103.8662,12456.8751,481.4412,563,562,-0.03413541,,-0.03413541,-0.03413541,-481.4412,14103.8662,OK,0.0000,19.2576,4.0000,96.0000,AG03-UNRESOLVED,ALL5_LEVELS_bet23_to_bet27,19.2576,19.2576,19.2576,24.0721,24.0721,4.000000,4.000000,4.000000,5.000000,5.000000,96.000000,96.000000,96.000000,95.000000,95.000000,5.0,105.9171,97.0228,375.5242,384.4184,PENDING_AG03,FALSE,NOT_FOR_ENFORCEMENT,462.1836,11958.6001,481.4412,462.1836,19.2576,0.03413541,0.03276999,19.2576,462.1836,0.03276999,19.2576,19.2576,19.2576,24.0721,24.0721,462.1836,0.03276999,105.9171,97.0228,375.5242,384.4184,0.02662562,0.02725625,0.00136542,25.0513,22.1653,0.8567,43.7674,3.6473,1282.1697,51.0909,,25.0513,13.088,26.176,26.176,39.2639,52.3519,78.5279,13.088,0.0,2.0,3.0,0.957034,21,81,5,2,0E-8,0.03413541,,0E-8,0.000000,0.883224,0.261101,,2026-04-10,2026-04-27,11,132,87,18,0.611111,,,0.000000,,,,,,,,GLOBAL_BASELINE_NO_ENTITY_RANKING,,,NOT_APPLICABLE_GLOBAL_BASELINE,HF9g-P5,,,,X 全窗基线 · 不参与实体赏罚,8391204,840,A168_HF9F_20260827_0900,2026-08-27 09:00:00
2026-04-13,148497545,1210,0,104.7038190720,-15.0511739916,-15.0511739916,0.2500000,6,5,0.49682022000000000,0.497267060000,-0.9873008454012432,-0.9890830149553695,-0.9873008454012432,-0.00044684000000000,ELIGIBLE,R03b_20260811_FULL_v1,L1_ELIGIBILITY,v2026-08-11,2026-03-21..2026-08-06,baccarat_bet02_101_all_pairs_incl_sentinel,round_win = game_pnl > 0 (decisive only),COMPATIBILITY_ONLY_NOT_PRODUCTION,14103.8662,12456.8751,481.4412,563,562,-0.03413541,,-0.03413541,-0.03413541,-481.4412,14103.8662,OK,0.0000,19.2576,4.0000,96.0000,AG03-UNRESOLVED,ALL5_LEVELS_bet23_to_bet27,19.2576,19.2576,19.2576,24.0721,24.0721,4.000000,4.000000,4.000000,5.000000,5.000000,96.000000,96.000000,96.000000,95.000000,95.000000,5.0,105.9171,97.0228,375.5242,384.4184,PENDING_AG03,FALSE,NOT_FOR_ENFORCEMENT,462.1836,11958.6001,481.4412,462.1836,19.2576,0.03413541,0.03276999,19.2576,462.1836,0.03276999,19.2576,19.2576,19.2576,24.0721,24.0721,462.1836,0.03276999,105.9171,97.0228,375.5242,384.4184,0.02662562,0.02725625,0.00136542,25.0513,22.1653,0.8567,43.7674,3.6473,1282.1697,51.0909,,25.0513,13.088,26.176,26.176,39.2639,52.3519,78.5279,13.088,0.0,2.0,3.0,0.957034,21,81,5,2,0E-8,0.03413541,,0E-8,0.000000,0.883224,0.261101,,2026-04-10,2026-04-27,11,132,87,18,0.611111,,,0.000000,,,,,,,,GLOBAL_BASELINE_NO_ENTITY_RANKING,,,NOT_APPLICABLE_GLOBAL_BASELINE,HF9g-P5,,,,X 全窗基线 · 不参与实体赏罚,8391205,840,A168_HF9F_20260827_0900,2026-08-27 09:00:00
2026-04-13,148497545,1325,0,104.7038190718,13.0879773839,13.0879773839,0.5000000,3,3,0.49324550000000000,0.493245500000,0.01910635448239258,0.01910635448239258,0.01910635448239258,0E-17,ELIGIBLE,R03b_20260811_FULL_v1,L1_ELIGIBILITY,v2026-08-11,2026-03-21..2026-08-06,baccarat_bet02_101_all_pairs_incl_sentinel,round_win = game_pnl > 0 (decisive only),COMPATIBILITY_ONLY_NOT_PRODUCTION,14103.8662,12456.8751,481.4412,563,562,-0.03413541,,-0.03413541,-0.03413541,-481.4412,14103.8662,OK,0.0000,19.2576,4.0000,96.0000,AG03-UNRESOLVED,ALL5_LEVELS_bet23_to_bet27,19.2576,19.2576,19.2576,24.0721,24.0721,4.000000,4.000000,4.000000,5.000000,5.000000,96.000000,96.000000,96.000000,95.000000,95.000000,5.0,105.9171,97.0228,375.5242,384.4184,PENDING_AG03,FALSE,NOT_FOR_ENFORCEMENT,462.1836,11958.6001,481.4412,462.1836,19.2576,0.03413541,0.03276999,19.2576,462.1836,0.03276999,19.2576,19.2576,19.2576,24.0721,24.0721,462.1836,0.03276999,105.9171,97.0228,375.5242,384.4184,0.02662562,0.02725625,0.00136542,25.0513,22.1653,0.8567,43.7674,3.6473,1282.1697,51.0909,,25.0513,13.088,26.176,26.176,39.2639,52.3519,78.5279,13.088,0.0,2.0,3.0,0.957034,21,81,5,2,0E-8,0.03413541,,0E-8,0.000000,0.883224,0.261101,,2026-04-10,2026-04-27,11,132,87,18,0.611111,,,0.000000,,,,,,,,GLOBAL_BASELINE_NO_ENTITY_RANKING,,,NOT_APPLICABLE_GLOBAL_BASELINE,HF9g-P5,,,,X 全窗基线 · 不参与实体赏罚,8391206,840,A168_HF9F_20260827_0900,2026-08-27 09:00:00
2026-04-13,148497545,1374,0,91.6158416879,13.0879773841,13.0879773841,0.7500000,4,4,0.50329940000000000,0.503299400000,0.9868238854431842,0.9868238854431842,0.9868238854431842,0E-17,ELIGIBLE,R03b_20260811_FULL_v1,L1_ELIGIBILITY,v2026-08-11,2026-03-21..2026-08-06,baccarat_bet02_101_all_pairs_incl_sentinel,round_win = game_pnl > 0 (decisive only),COMPATIBILITY_ONLY_NOT_PRODUCTION,14103.8662,12456.8751,481.4412,563,562,-0.03413541,,-0.03413541,-0.03413541,-481.4412,14103.8662,OK,0.0000,19.2576,4.0000,96.0000,AG03-UNRESOLVED,ALL5_LEVELS_bet23_to_bet27,19.2576,19.2576,19.2576,24.0721,24.0721,4.000000,4.000000,4.000000,5.000000,5.000000,96.000000,96.000000,96.000000,95.000000,95.000000,5.0,105.9171,97.0228,375.5242,384.4184,PENDING_AG03,FALSE,NOT_FOR_ENFORCEMENT,462.1836,11958.6001,481.4412,462.1836,19.2576,0.03413541,0.03276999,19.2576,462.1836,0.03276999,19.2576,19.2576,19.2576,24.0721,24.0721,462.1836,0.03276999,105.9171,97.0228,375.5242,384.4184,0.02662562,0.02725625,0.00136542,25.0513,22.1653,0.8567,43.7674,3.6473,1282.1697,51.0909,,25.0513,13.088,26.176,26.176,39.2639,52.3519,78.5279,13.088,0.0,2.0,3.0,0.957034,21,81,5,2,0E-8,0.03413541,,0E-8,0.000000,0.883224,0.261101,,2026-04-10,2026-04-27,11,132,87,18,0.611111,,,0.000000,,,,,,,,GLOBAL_BASELINE_NO_ENTITY_RANKING,,,NOT_APPLICABLE_GLOBAL_BASELINE,HF9g-P5,,,,X 全窗基线 · 不参与实体赏罚,8391207,840,A168_HF9F_20260827_0900,2026-08-27 09:00:00
2026-04-13,148497545,1384,0,39.2639321520,39.2639321520,39.2639321520,1.0000000,2,2,0.50665070000000000,0.506650700000,1.3955260008387969,1.3955260008387969,1.3955260008387969,0E-17,ELIGIBLE,R03b_20260811_FULL_v1,L1_ELIGIBILITY,v2026-08-11,2026-03-21..2026-08-06,baccarat_bet02_101_all_pairs_incl_sentinel,round_win = game_pnl > 0 (decisive only),COMPATIBILITY_ONLY_NOT_PRODUCTION,14103.8662,12456.8751,481.4412,563,562,-0.03413541,,-0.03413541,-0.03413541,-481.4412,14103.8662,OK,0.0000,19.2576,4.0000,96.0000,AG03-UNRESOLVED,ALL5_LEVELS_bet23_to_bet27,19.2576,19.2576,19.2576,24.0721,24.0721,4.000000,4.000000,4.000000,5.000000,5.000000,96.000000,96.000000,96.000000,95.000000,95.000000,5.0,105.9171,97.0228,375.5242,384.4184,PENDING_AG03,FALSE,NOT_FOR_ENFORCEMENT,462.1836,11958.6001,481.4412,462.1836,19.2576,0.03413541,0.03276999,19.2576,462.1836,0.03276999,19.2576,19.2576,19.2576,24.0721,24.0721,462.1836,0.03276999,105.9171,97.0228,375.5242,384.4184,0.02662562,0.02725625,0.00136542,25.0513,22.1653,0.8567,43.7674,3.6473,1282.1697,51.0909,,25.0513,13.088,26.176,26.176,39.2639,52.3519,78.5279,13.088,0.0,2.0,3.0,0.957034,21,81,5,2,0E-8,0.03413541,,0E-8,0.000000,0.883224,0.261101,,2026-04-10,2026-04-27,11,132,87,18,0.611111,,,0.000000,,,,,,,,GLOBAL_BASELINE_NO_ENTITY_RANKING,,,NOT_APPLICABLE_GLOBAL_BASELINE,HF9g-P5,,,,X 全窗基线 · 不参与实体赏罚,8391208,840,A168_HF9F_20260827_0900,2026-08-27 09:00:00
2026-04-13,148497545,1942,0,26.1759547680,0E-10,0E-10,0.5000000,2,2,0.49324550000000000,0.493245500000,0.01910635448239258,0.01910635448239258,0.01910635448239258,0E-17,ELIGIBLE,R03b_20260811_FULL_v1,L1_ELIGIBILITY,v2026-08-11,2026-03-21..2026-08-06,baccarat_bet02_101_all_pairs_incl_sentinel,round_win = game_pnl > 0 (decisive only),COMPATIBILITY_ONLY_NOT_PRODUCTION,14103.8662,12456.8751,481.4412,563,562,-0.03413541,,-0.03413541,-0.03413541,-481.4412,14103.8662,OK,0.0000,19.2576,4.0000,96.0000,AG03-UNRESOLVED,ALL5_LEVELS_bet23_to_bet27,19.2576,19.2576,19.2576,24.0721,24.0721,4.000000,4.000000,4.000000,5.000000,5.000000,96.000000,96.000000,96.000000,95.000000,95.000000,5.0,105.9171,97.0228,375.5242,384.4184,PENDING_AG03,FALSE,NOT_FOR_ENFORCEMENT,462.1836,11958.6001,481.4412,462.1836,19.2576,0.03413541,0.03276999,19.2576,462.1836,0.03276999,19.2576,19.2576,19.2576,24.0721,24.0721,462.1836,0.03276999,105.9171,97.0228,375.5242,384.4184,0.02662562,0.02725625,0.00136542,25.0513,22.1653,0.8567,43.7674,3.6473,1282.1697,51.0909,,25.0513,13.088,26.176,26.176,39.2639,52.3519,78.5279,13.088,0.0,2.0,3.0,0.957034,21,81,5,2,0E-8,0.03413541,,0E-8,0.000000,0.883224,0.261101,,2026-04-10,2026-04-27,11,132,87,18,0.611111,,,0.000000,,,,,,,,GLOBAL_BASELINE_NO_ENTITY_RANKING,,,NOT_APPLICABLE_GLOBAL_BASELINE,HF9g-P5,,,,X 全窗基线 · 不参与实体赏罚,8391209,840,A168_HF9F_20260827_0900,2026-08-27 09:00:00
2026-04-13,148497545,2177,0,65.4398869199,-65.4398869199,-65.4398869199,0E-7,3,3,0.49771390000000000,0.497713900000,-1.724149546644903,-1.724149546644903,-1.724149546644903,0E-17,ELIGIBLE,R03b_20260811_FULL_v1,L1_ELIGIBILITY,v2026-08-11,2026-03-21..2026-08-06,baccarat_bet02_101_all_pairs_incl_sentinel,round_win = game_pnl > 0 (decisive only),COMPATIBILITY_ONLY_NOT_PRODUCTION,14103.8662,12456.8751,481.4412,563,562,-0.03413541,,-0.03413541,-0.03413541,-481.4412,14103.8662,OK,0.0000,19.2576,4.0000,96.0000,AG03-UNRESOLVED,ALL5_LEVELS_bet23_to_bet27,19.2576,19.2576,19.2576,24.0721,24.0721,4.000000,4.000000,4.000000,5.000000,5.000000,96.000000,96.000000,96.000000,95.000000,95.000000,5.0,105.9171,97.0228,375.5242,384.4184,PENDING_AG03,FALSE,NOT_FOR_ENFORCEMENT,462.1836,11958.6001,481.4412,462.1836,19.2576,0.03413541,0.03276999,19.2576,462.1836,0.03276999,19.2576,19.2576,19.2576,24.0721,24.0721,462.1836,0.03276999,105.9171,97.0228,375.5242,384.4184,0.02662562,0.02725625,0.00136542,25.0513,22.1653,0.8567,43.7674,3.6473,1282.1697,51.0909,,25.0513,13.088,26.176,26.176,39.2639,52.3519,78.5279,13.088,0.0,2.0,3.0,0.957034,21,81,5,2,0E-8,0.03413541,,0E-8,0.000000,0.883224,0.261101,,2026-04-10,2026-04-27,11,132,87,18,0.611111,,,0.000000,,,,,,,,GLOBAL_BASELINE_NO_ENTITY_RANKING,,,NOT_APPLICABLE_GLOBAL_BASELINE,HF9g-P5,,,,X 全窗基线 · 不参与实体赏罚,8391210,840,A168_HF9F_20260827_0900,2026-08-27 09:00:00
2026-04-13,148497545,2196,0,157.0557286079,-52.3519095359,-52.3519095359,0.2857143,7,7,0.49707555714285714,0.497075557143,-1.1184378527242427,-1.1184378527249965,-1.1184378527242427,-1.4286E-13,ELIGIBLE,R03b_20260811_FULL_v1,L1_ELIGIBILITY,v2026-08-11,2026-03-21..2026-08-06,baccarat_bet02_101_all_pairs_incl_sentinel,round_win = game_pnl > 0 (decisive only),COMPATIBILITY_ONLY_NOT_PRODUCTION,14103.8662,12456.8751,481.4412,563,562,-0.03413541,,-0.03413541,-0.03413541,-481.4412,14103.8662,OK,0.0000,19.2576,4.0000,96.0000,AG03-UNRESOLVED,ALL5_LEVELS_bet23_to_bet27,19.2576,19.2576,19.2576,24.0721,24.0721,4.000000,4.000000,4.000000,5.000000,5.000000,96.000000,96.000000,96.000000,95.000000,95.000000,5.0,105.9171,97.0228,375.5242,384.4184,PENDING_AG03,FALSE,NOT_FOR_ENFORCEMENT,462.1836,11958.6001,481.4412,462.1836,19.2576,0.03413541,0.03276999,19.2576,462.1836,0.03276999,19.2576,19.2576,19.2576,24.0721,24.0721,462.1836,0.03276999,105.9171,97.0228,375.5242,384.4184,0.02662562,0.02725625,0.00136542,25.0513,22.1653,0.8567,43.7674,3.6473,1282.1697,51.0909,,25.0513,13.088,26.176,26.176,39.2639,52.3519,78.5279,13.088,0.0,2.0,3.0,0.957034,21,81,5,2,0E-8,0.03413541,,0E-8,0.000000,0.883224,0.261101,,2026-04-10,2026-04-27,11,132,87,18,0.611111,,,0.000000,,,,,,,,GLOBAL_BASELINE_NO_ENTITY_RANKING,,,NOT_APPLICABLE_GLOBAL_BASELINE,HF9g-P5,,,,X 全窗基线 · 不参与实体赏罚,8391211,840,A168_HF9F_20260827_0900,2026-08-27 09:00:00
2026-04-14,148497545,-1,1,65.4398869199,-13.0879773839,-13.0879773839,0.5000000,2,2,0.50665070000000000,0.506650700000,-0.018812684590367487,-0.018812684590367487,-0.018812684590367487,0E-17,SENTINEL_DEALER,R03b_20260811_FULL_v1,L1_ELIGIBILITY,v2026-08-11,2026-03-21..2026-08-06,baccarat_bet02_101_all_pairs_incl_sentinel,round_win = game_pnl > 0 (decisive only),COMPATIBILITY_ONLY_NOT_PRODUCTION,14103.8662,12456.8751,481.4412,563,562,-0.03413541,,-0.03413541,-0.03413541,-481.4412,14103.8662,OK,0.0000,19.2576,4.0000,96.0000,AG03-UNRESOLVED,ALL5_LEVELS_bet23_to_bet27,19.2576,19.2576,19.2576,24.0721,24.0721,4.000000,4.000000,4.000000,5.000000,5.000000,96.000000,96.000000,96.000000,95.000000,95.000000,5.0,105.9171,97.0228,375.5242,384.4184,PENDING_AG03,FALSE,NOT_FOR_ENFORCEMENT,462.1836,11958.6001,481.4412,462.1836,19.2576,0.03413541,0.03276999,19.2576,462.1836,0.03276999,19.2576,19.2576,19.2576,24.0721,24.0721,462.1836,0.03276999,105.9171,97.0228,375.5242,384.4184,0.02662562,0.02725625,0.00136542,25.0513,22.1653,0.8567,43.7674,3.6473,1282.1697,51.0909,,25.0513,13.088,26.176,26.176,39.2639,52.3519,78.5279,13.088,0.0,2.0,3.0,0.957034,21,81,5,2,0E-8,0.03413541,,0E-8,0.000000,0.883224,0.261101,,2026-04-10,2026-04-27,11,132,87,18,0.611111,,,0.000000,,,,,,,,GLOBAL_BASELINE_NO_ENTITY_RANKING,,,NOT_APPLICABLE_GLOBAL_BASELINE,HF9g-P5,,,,X 全窗基线 · 不参与实体赏罚,8391212,840,A168_HF9F_20260827_0900,2026-08-27 09:00:00
2026-04-14,148497545,1094,0,26.1759547680,-13.0879773840,-13.0879773840,0E-7,2,2,0.49324550000000000,0.493245500000,-0.9865810262130424,-0.9865810262130424,-0.9865810262130424,0E-17,ELIGIBLE,R03b_20260811_FULL_v1,L1_ELIGIBILITY,v2026-08-11,2026-03-21..2026-08-06,baccarat_bet02_101_all_pairs_incl_sentinel,round_win = game_pnl > 0 (decisive only),COMPATIBILITY_ONLY_NOT_PRODUCTION,14103.8662,12456.8751,481.4412,563,562,-0.03413541,,-0.03413541,-0.03413541,-481.4412,14103.8662,OK,0.0000,19.2576,4.0000,96.0000,AG03-UNRESOLVED,ALL5_LEVELS_bet23_to_bet27,19.2576,19.2576,19.2576,24.0721,24.0721,4.000000,4.000000,4.000000,5.000000,5.000000,96.000000,96.000000,96.000000,95.000000,95.000000,5.0,105.9171,97.0228,375.5242,384.4184,PENDING_AG03,FALSE,NOT_FOR_ENFORCEMENT,462.1836,11958.6001,481.4412,462.1836,19.2576,0.03413541,0.03276999,19.2576,462.1836,0.03276999,19.2576,19.2576,19.2576,24.0721,24.0721,462.1836,0.03276999,105.9171,97.0228,375.5242,384.4184,0.02662562,0.02725625,0.00136542,25.0513,22.1653,0.8567,43.7674,3.6473,1282.1697,51.0909,,25.0513,13.088,26.176,26.176,39.2639,52.3519,78.5279,13.088,0.0,2.0,3.0,0.957034,21,81,5,2,0E-8,0.03413541,,0E-8,0.000000,0.883224,0.261101,,2026-04-10,2026-04-27,11,132,87,18,0.611111,,,0.000000,,,,,,,,GLOBAL_BASELINE_NO_ENTITY_RANKING,,,NOT_APPLICABLE_GLOBAL_BASELINE,HF9g-P5,,,,X 全窗基线 · 不参与实体赏罚,8391213,840,A168_HF9F_20260827_0900,2026-08-27 09:00:00
2026-04-14,148497545,1210,0,274.8475250638,37.3007355444,37.3007355444,0.6666667,14,14,0.50090561428571429,0.500905614286,1.1484281422984883,1.1484281422965101,1.1484281422984883,-2.8571E-13,ELIGIBLE,R03b_20260811_FULL_v1,L1_ELIGIBILITY,v2026-08-11,2026-03-21..2026-08-06,baccarat_bet02_101_all_pairs_incl_sentinel,round_win = game_pnl > 0 (decisive only),COMPATIBILITY_ONLY_NOT_PRODUCTION,14103.8662,12456.8751,481.4412,563,562,-0.03413541,,-0.03413541,-0.03413541,-481.4412,14103.8662,OK,0.0000,19.2576,4.0000,96.0000,AG03-UNRESOLVED,ALL5_LEVELS_bet23_to_bet27,19.2576,19.2576,19.2576,24.0721,24.0721,4.000000,4.000000,4.000000,5.000000,5.000000,96.000000,96.000000,96.000000,95.000000,95.000000,5.0,105.9171,97.0228,375.5242,384.4184,PENDING_AG03,FALSE,NOT_FOR_ENFORCEMENT,462.1836,11958.6001,481.4412,462.1836,19.2576,0.03413541,0.03276999,19.2576,462.1836,0.03276999,19.2576,19.2576,19.2576,24.0721,24.0721,462.1836,0.03276999,105.9171,97.0228,375.5242,384.4184,0.02662562,0.02725625,0.00136542,25.0513,22.1653,0.8567,43.7674,3.6473,1282.1697,51.0909,,25.0513,13.088,26.176,26.176,39.2639,52.3519,78.5279,13.088,0.0,2.0,3.0,0.957034,21,81,5,2,0E-8,0.03413541,,0E-8,0.000000,0.883224,0.261101,,2026-04-10,2026-04-27,11,132,87,18,0.611111,,,0.000000,,,,,,,,GLOBAL_BASELINE_NO_ENTITY_RANKING,,,NOT_APPLICABLE_GLOBAL_BASELINE,HF9g-P5,,,,X 全窗基线 · 不参与实体赏罚,8391214,840,A168_HF9F_20260827_0900,2026-08-27 09:00:00
2026-04-14,148497545,1307,0,117.7917964560,-39.9183310212,-39.9183310212,0.3333333,6,6,0.49771390000000000,0.497713900000,-0.8053054414300617,-0.8053054414300617,-0.8053054414300617,0E-17,ELIGIBLE,R03b_20260811_FULL_v1,L1_ELIGIBILITY,v2026-08-11,2026-03-21..2026-08-06,baccarat_bet02_101_all_pairs_incl_sentinel,round_win = game_pnl > 0 (decisive only),COMPATIBILITY_ONLY_NOT_PRODUCTION,14103.8662,12456.8751,481.4412,563,562,-0.03413541,,-0.03413541,-0.03413541,-481.4412,14103.8662,OK,0.0000,19.2576,4.0000,96.0000,AG03-UNRESOLVED,ALL5_LEVELS_bet23_to_bet27,19.2576,19.2576,19.2576,24.0721,24.0721,4.000000,4.000000,4.000000,5.000000,5.000000,96.000000,96.000000,96.000000,95.000000,95.000000,5.0,105.9171,97.0228,375.5242,384.4184,PENDING_AG03,FALSE,NOT_FOR_ENFORCEMENT,462.1836,11958.6001,481.4412,462.1836,19.2576,0.03413541,0.03276999,19.2576,462.1836,0.03276999,19.2576,19.2576,19.2576,24.0721,24.0721,462.1836,0.03276999,105.9171,97.0228,375.5242,384.4184,0.02662562,0.02725625,0.00136542,25.0513,22.1653,0.8567,43.7674,3.6473,1282.1697,51.0909,,25.0513,13.088,26.176,26.176,39.2639,52.3519,78.5279,13.088,0.0,2.0,3.0,0.957034,21,81,5,2,0E-8,0.03413541,,0E-8,0.000000,0.883224,0.261101,,2026-04-10,2026-04-27,11,132,87,18,0.611111,,,0.000000,,,,,,,,GLOBAL_BASELINE_NO_ENTITY_RANKING,,,NOT_APPLICABLE_GLOBAL_BASELINE,HF9g-P5,,,,X 全窗基线 · 不参与实体赏罚,8391215,840,A168_HF9F_20260827_0900,2026-08-27 09:00:00
2026-04-14,148497545,1318,0,301.0234798318,136.1149647934,136.1149647934,0.6666667,13,13,0.49943251538461538,0.499432515385,1.158632933374424,1.1586329333717584,1.158632933374424,-3.8462E-13,ELIGIBLE,R03b_20260811_FULL_v1,L1_ELIGIBILITY,v2026-08-11,2026-03-21..2026-08-06,baccarat_bet02_101_all_pairs_incl_sentinel,round_win = game_pnl > 0 (decisive only),COMPATIBILITY_ONLY_NOT_PRODUCTION,14103.8662,12456.8751,481.4412,563,562,-0.03413541,,-0.03413541,-0.03413541,-481.4412,14103.8662,OK,0.0000,19.2576,4.0000,96.0000,AG03-UNRESOLVED,ALL5_LEVELS_bet23_to_bet27,19.2576,19.2576,19.2576,24.0721,24.0721,4.000000,4.000000,4.000000,5.000000,5.000000,96.000000,96.000000,96.000000,95.000000,95.000000,5.0,105.9171,97.0228,375.5242,384.4184,PENDING_AG03,FALSE,NOT_FOR_ENFORCEMENT,462.1836,11958.6001,481.4412,462.1836,19.2576,0.03413541,0.03276999,19.2576,462.1836,0.03276999,19.2576,19.2576,19.2576,24.0721,24.0721,462.1836,0.03276999,105.9171,97.0228,375.5242,384.4184,0.02662562,0.02725625,0.00136542,25.0513,22.1653,0.8567,43.7674,3.6473,1282.1697,51.0909,,25.0513,13.088,26.176,26.176,39.2639,52.3519,78.5279,13.088,0.0,2.0,3.0,0.957034,21,81,5,2,0E-8,0.03413541,,0E-8,0.000000,0.883224,0.261101,,2026-04-10,2026-04-27,11,132,87,18,0.611111,,,0.000000,,,,,,,,GLOBAL_BASELINE_NO_ENTITY_RANKING,,,NOT_APPLICABLE_GLOBAL_BASELINE,HF9g-P5,,,,X 全窗基线 · 不参与实体赏罚,8391216,840,A168_HF9F_20260827_0900,2026-08-27 09:00:00
2026-04-14,148497545,1325,0,117.7917964559,-91.6158416879,-91.6158416879,0.1666667,6,6,0.49994810000000000,0.499948100000,-1.6327389136160748,-1.6327389136160748,-1.6327389136160748,0E-17,ELIGIBLE,R03b_20260811_FULL_v1,L1_ELIGIBILITY,v2026-08-11,2026-03-21..2026-08-06,baccarat_bet02_101_all_pairs_incl_sentinel,round_win = game_pnl > 0 (decisive only),COMPATIBILITY_ONLY_NOT_PRODUCTION,14103.8662,12456.8751,481.4412,563,562,-0.03413541,,-0.03413541,-0.03413541,-481.4412,14103.8662,OK,0.0000,19.2576,4.0000,96.0000,AG03-UNRESOLVED,ALL5_LEVELS_bet23_to_bet27,19.2576,19.2576,19.2576,24.0721,24.0721,4.000000,4.000000,4.000000,5.000000,5.000000,96.000000,96.000000,96.000000,95.000000,95.000000,5.0,105.9171,97.0228,375.5242,384.4184,PENDING_AG03,FALSE,NOT_FOR_ENFORCEMENT,462.1836,11958.6001,481.4412,462.1836,19.2576,0.03413541,0.03276999,19.2576,462.1836,0.03276999,19.2576,19.2576,19.2576,24.0721,24.0721,462.1836,0.03276999,105.9171,97.0228,375.5242,384.4184,0.02662562,0.02725625,0.00136542,25.0513,22.1653,0.8567,43.7674,3.6473,1282.1697,51.0909,,25.0513,13.088,26.176,26.176,39.2639,52.3519,78.5279,13.088,0.0,2.0,3.0,0.957034,21,81,5,2,0E-8,0.03413541,,0E-8,0.000000,0.883224,0.261101,,2026-04-10,2026-04-27,11,132,87,18,0.611111,,,0.000000,,,,,,,,GLOBAL_BASELINE_NO_ENTITY_RANKING,,,NOT_APPLICABLE_GLOBAL_BASELINE,HF9g-P5,,,,X 全窗基线 · 不参与实体赏罚,8391217,840,A168_HF9F_20260827_0900,2026-08-27 09:00:00
2026-04-14,148497545,1330,0,52.3519095360,-26.1759547680,-26.1759547680,0.3333333,3,3,0.49324550000000000,0.493245500000,-0.5540025479526107,-0.5540025479526106,-0.5540025479526107,0E-17,ELIGIBLE,R03b_20260811_FULL_v1,L1_ELIGIBILITY,v2026-08-11,2026-03-21..2026-08-06,baccarat_bet02_101_all_pairs_incl_sentinel,round_win = game_pnl > 0 (decisive only),COMPATIBILITY_ONLY_NOT_PRODUCTION,14103.8662,12456.8751,481.4412,563,562,-0.03413541,,-0.03413541,-0.03413541,-481.4412,14103.8662,OK,0.0000,19.2576,4.0000,96.0000,AG03-UNRESOLVED,ALL5_LEVELS_bet23_to_bet27,19.2576,19.2576,19.2576,24.0721,24.0721,4.000000,4.000000,4.000000,5.000000,5.000000,96.000000,96.000000,96.000000,95.000000,95.000000,5.0,105.9171,97.0228,375.5242,384.4184,PENDING_AG03,FALSE,NOT_FOR_ENFORCEMENT,462.1836,11958.6001,481.4412,462.1836,19.2576,0.03413541,0.03276999,19.2576,462.1836,0.03276999,19.2576,19.2576,19.2576,24.0721,24.0721,462.1836,0.03276999,105.9171,97.0228,375.5242,384.4184,0.02662562,0.02725625,0.00136542,25.0513,22.1653,0.8567,43.7674,3.6473,1282.1697,51.0909,,25.0513,13.088,26.176,26.176,39.2639,52.3519,78.5279,13.088,0.0,2.0,3.0,0.957034,21,81,5,2,0E-8,0.03413541,,0E-8,0.000000,0.883224,0.261101,,2026-04-10,2026-04-27,11,132,87,18,0.611111,,,0.000000,,,,,,,,GLOBAL_BASELINE_NO_ENTITY_RANKING,,,NOT_APPLICABLE_GLOBAL_BASELINE,HF9g-P5,,,,X 全窗基线 · 不参与实体赏罚,8391218,840,A168_HF9F_20260827_0900,2026-08-27 09:00:00
2026-04-14,148497545,1374,0,78.5278643039,-78.5278643039,-78.5278643039,0E-7,2,2,0.49994810000000000,0.499948100000,-1.4140667746232096,-1.4140667746232096,-1.4140667746232096,0E-17,ELIGIBLE,R03b_20260811_FULL_v1,L1_ELIGIBILITY,v2026-08-11,2026-03-21..2026-08-06,baccarat_bet02_101_all_pairs_incl_sentinel,round_win = game_pnl > 0 (decisive only),COMPATIBILITY_ONLY_NOT_PRODUCTION,14103.8662,12456.8751,481.4412,563,562,-0.03413541,,-0.03413541,-0.03413541,-481.4412,14103.8662,OK,0.0000,19.2576,4.0000,96.0000,AG03-UNRESOLVED,ALL5_LEVELS_bet23_to_bet27,19.2576,19.2576,19.2576,24.0721,24.0721,4.000000,4.000000,4.000000,5.000000,5.000000,96.000000,96.000000,96.000000,95.000000,95.000000,5.0,105.9171,97.0228,375.5242,384.4184,PENDING_AG03,FALSE,NOT_FOR_ENFORCEMENT,462.1836,11958.6001,481.4412,462.1836,19.2576,0.03413541,0.03276999,19.2576,462.1836,0.03276999,19.2576,19.2576,19.2576,24.0721,24.0721,462.1836,0.03276999,105.9171,97.0228,375.5242,384.4184,0.02662562,0.02725625,0.00136542,25.0513,22.1653,0.8567,43.7674,3.6473,1282.1697,51.0909,,25.0513,13.088,26.176,26.176,39.2639,52.3519,78.5279,13.088,0.0,2.0,3.0,0.957034,21,81,5,2,0E-8,0.03413541,,0E-8,0.000000,0.883224,0.261101,,2026-04-10,2026-04-27,11,132,87,18,0.611111,,,0.000000,,,,,,,,GLOBAL_BASELINE_NO_ENTITY_RANKING,,,NOT_APPLICABLE_GLOBAL_BASELINE,HF9g-P5,,,,X 全窗基线 · 不参与实体赏罚,8391219,840,A168_HF9F_20260827_0900,2026-08-27 09:00:00
2026-04-14,148497545,1384,0,530.8483626941,118.5770750988,118.5770750988,0.7142857,18,18,0.50367176666666667,0.503671766667,1.5761329647467326,1.5761329647442455,1.5761329647467326,-3.3333E-13,ELIGIBLE,R03b_20260811_FULL_v1,L1_ELIGIBILITY,v2026-08-11,2026-03-21..2026-08-06,baccarat_bet02_101_all_pairs_incl_sentinel,round_win = game_pnl > 0 (decisive only),COMPATIBILITY_ONLY_NOT_PRODUCTION,14103.8662,12456.8751,481.4412,563,562,-0.03413541,,-0.03413541,-0.03413541,-481.4412,14103.8662,OK,0.0000,19.2576,4.0000,96.0000,AG03-UNRESOLVED,ALL5_LEVELS_bet23_to_bet27,19.2576,19.2576,19.2576,24.0721,24.0721,4.000000,4.000000,4.000000,5.000000,5.000000,96.000000,96.000000,96.000000,95.000000,95.000000,5.0,105.9171,97.0228,375.5242,384.4184,PENDING_AG03,FALSE,NOT_FOR_ENFORCEMENT,462.1836,11958.6001,481.4412,462.1836,19.2576,0.03413541,0.03276999,19.2576,462.1836,0.03276999,19.2576,19.2576,19.2576,24.0721,24.0721,462.1836,0.03276999,105.9171,97.0228,375.5242,384.4184,0.02662562,0.02725625,0.00136542,25.0513,22.1653,0.8567,43.7674,3.6473,1282.1697,51.0909,,25.0513,13.088,26.176,26.176,39.2639,52.3519,78.5279,13.088,0.0,2.0,3.0,0.957034,21,81,5,2,0E-8,0.03413541,,0E-8,0.000000,0.883224,0.261101,,2026-04-10,2026-04-27,11,132,87,18,0.611111,,,0.000000,,,,,,,,GLOBAL_BASELINE_NO_ENTITY_RANKING,,,NOT_APPLICABLE_GLOBAL_BASELINE,HF9g-P5,,,,X 全窗基线 · 不参与实体赏罚,8391220,840,A168_HF9F_20260827_0900,2026-08-27 09:00:00
2026-04-14,148497545,1704,0,78.5278643040,52.3519095360,52.3519095360,1.0000000,4,4,0.49994810000000000,0.499948100000,1.7322306037746105,1.7322306037746105,1.7322306037746105,0E-17,ELIGIBLE,R03b_20260811_FULL_v1,L1_ELIGIBILITY,v2026-08-11,2026-03-21..2026-08-06,baccarat_bet02_101_all_pairs_incl_sentinel,round_win = game_pnl > 0 (decisive only),COMPATIBILITY_ONLY_NOT_PRODUCTION,14103.8662,12456.8751,481.4412,563,562,-0.03413541,,-0.03413541,-0.03413541,-481.4412,14103.8662,OK,0.0000,19.2576,4.0000,96.0000,AG03-UNRESOLVED,ALL5_LEVELS_bet23_to_bet27,19.2576,19.2576,19.2576,24.0721,24.0721,4.000000,4.000000,4.000000,5.000000,5.000000,96.000000,96.000000,96.000000,95.000000,95.000000,5.0,105.9171,97.0228,375.5242,384.4184,PENDING_AG03,FALSE,NOT_FOR_ENFORCEMENT,462.1836,11958.6001,481.4412,462.1836,19.2576,0.03413541,0.03276999,19.2576,462.1836,0.03276999,19.2576,19.2576,19.2576,24.0721,24.0721,462.1836,0.03276999,105.9171,97.0228,375.5242,384.4184,0.02662562,0.02725625,0.00136542,25.0513,22.1653,0.8567,43.7674,3.6473,1282.1697,51.0909,,25.0513,13.088,26.176,26.176,39.2639,52.3519,78.5279,13.088,0.0,2.0,3.0,0.957034,21,81,5,2,0E-8,0.03413541,,0E-8,0.000000,0.883224,0.261101,,2026-04-10,2026-04-27,11,132,87,18,0.611111,,,0.000000,,,,,,,,GLOBAL_BASELINE_NO_ENTITY_RANKING,,,NOT_APPLICABLE_GLOBAL_BASELINE,HF9g-P5,,,,X 全窗基线 · 不参与实体赏罚,8391221,840,A168_HF9F_20260827_0900,2026-08-27 09:00:00
2026-04-14,148497545,1942,0,104.7038190720,-78.5278643040,-78.5278643040,0E-7,5,5,0.50396966000000000,0.503969660000,-2.0159421762433145,-2.015942176243315,-2.0159421762433145,0E-17,ELIGIBLE,R03b_20260811_FULL_v1,L1_ELIGIBILITY,v2026-08-11,2026-03-21..2026-08-06,baccarat_bet02_101_all_pairs_incl_sentinel,round_win = game_pnl > 0 (decisive only),COMPATIBILITY_ONLY_NOT_PRODUCTION,14103.8662,12456.8751,481.4412,563,562,-0.03413541,,-0.03413541,-0.03413541,-481.4412,14103.8662,OK,0.0000,19.2576,4.0000,96.0000,AG03-UNRESOLVED,ALL5_LEVELS_bet23_to_bet27,19.2576,19.2576,19.2576,24.0721,24.0721,4.000000,4.000000,4.000000,5.000000,5.000000,96.000000,96.000000,96.000000,95.000000,95.000000,5.0,105.9171,97.0228,375.5242,384.4184,PENDING_AG03,FALSE,NOT_FOR_ENFORCEMENT,462.1836,11958.6001,481.4412,462.1836,19.2576,0.03413541,0.03276999,19.2576,462.1836,0.03276999,19.2576,19.2576,19.2576,24.0721,24.0721,462.1836,0.03276999,105.9171,97.0228,375.5242,384.4184,0.02662562,0.02725625,0.00136542,25.0513,22.1653,0.8567,43.7674,3.6473,1282.1697,51.0909,,25.0513,13.088,26.176,26.176,39.2639,52.3519,78.5279,13.088,0.0,2.0,3.0,0.957034,21,81,5,2,0E-8,0.03413541,,0E-8,0.000000,0.883224,0.261101,,2026-04-10,2026-04-27,11,132,87,18,0.611111,,,0.000000,,,,,,,,GLOBAL_BASELINE_NO_ENTITY_RANKING,,,NOT_APPLICABLE_GLOBAL_BASELINE,HF9g-P5,,,,X 全窗基线 · 不参与实体赏罚,8391222,840,A168_HF9F_20260827_0900,2026-08-27 09:00:00
2026-04-14,148497545,2129,0,52.3519095360,24.8671570296,24.8671570296,0.6666667,3,3,0.49771390000000000,0.497713900000,0.5852756695216578,0.5852756695216578,0.5852756695216578,0E-17,ELIGIBLE,R03b_20260811_FULL_v1,L1_ELIGIBILITY,v2026-08-11,2026-03-21..2026-08-06,baccarat_bet02_101_all_pairs_incl_sentinel,round_win = game_pnl > 0 (decisive only),COMPATIBILITY_ONLY_NOT_PRODUCTION,14103.8662,12456.8751,481.4412,563,562,-0.03413541,,-0.03413541,-0.03413541,-481.4412,14103.8662,OK,0.0000,19.2576,4.0000,96.0000,AG03-UNRESOLVED,ALL5_LEVELS_bet23_to_bet27,19.2576,19.2576,19.2576,24.0721,24.0721,4.000000,4.000000,4.000000,5.000000,5.000000,96.000000,96.000000,96.000000,95.000000,95.000000,5.0,105.9171,97.0228,375.5242,384.4184,PENDING_AG03,FALSE,NOT_FOR_ENFORCEMENT,462.1836,11958.6001,481.4412,462.1836,19.2576,0.03413541,0.03276999,19.2576,462.1836,0.03276999,19.2576,19.2576,19.2576,24.0721,24.0721,462.1836,0.03276999,105.9171,97.0228,375.5242,384.4184,0.02662562,0.02725625,0.00136542,25.0513,22.1653,0.8567,43.7674,3.6473,1282.1697,51.0909,,25.0513,13.088,26.176,26.176,39.2639,52.3519,78.5279,13.088,0.0,2.0,3.0,0.957034,21,81,5,2,0E-8,0.03413541,,0E-8,0.000000,0.883224,0.261101,,2026-04-10,2026-04-27,11,132,87,18,0.611111,,,0.000000,,,,,,,,GLOBAL_BASELINE_NO_ENTITY_RANKING,,,NOT_APPLICABLE_GLOBAL_BASELINE,HF9g-P5,,,,X 全窗基线 · 不参与实体赏罚,8391223,840,A168_HF9F_20260827_0900,2026-08-27 09:00:00
2026-04-14,148497545,2134,0,26.1759547680,0E-10,0E-10,0.5000000,2,2,0.49324550000000000,0.493245500000,0.01910635448239258,0.01910635448239258,0.01910635448239258,0E-17,ELIGIBLE,R03b_20260811_FULL_v1,L1_ELIGIBILITY,v2026-08-11,2026-03-21..2026-08-06,baccarat_bet02_101_all_pairs_incl_sentinel,round_win = game_pnl > 0 (decisive only),COMPATIBILITY_ONLY_NOT_PRODUCTION,14103.8662,12456.8751,481.4412,563,562,-0.03413541,,-0.03413541,-0.03413541,-481.4412,14103.8662,OK,0.0000,19.2576,4.0000,96.0000,AG03-UNRESOLVED,ALL5_LEVELS_bet23_to_bet27,19.2576,19.2576,19.2576,24.0721,24.0721,4.000000,4.000000,4.000000,5.000000,5.000000,96.000000,96.000000,96.000000,95.000000,95.000000,5.0,105.9171,97.0228,375.5242,384.4184,PENDING_AG03,FALSE,NOT_FOR_ENFORCEMENT,462.1836,11958.6001,481.4412,462.1836,19.2576,0.03413541,0.03276999,19.2576,462.1836,0.03276999,19.2576,19.2576,19.2576,24.0721,24.0721,462.1836,0.03276999,105.9171,97.0228,375.5242,384.4184,0.02662562,0.02725625,0.00136542,25.0513,22.1653,0.8567,43.7674,3.6473,1282.1697,51.0909,,25.0513,13.088,26.176,26.176,39.2639,52.3519,78.5279,13.088,0.0,2.0,3.0,0.957034,21,81,5,2,0E-8,0.03413541,,0E-8,0.000000,0.883224,0.261101,,2026-04-10,2026-04-27,11,132,87,18,0.611111,,,0.000000,,,,,,,,GLOBAL_BASELINE_NO_ENTITY_RANKING,,,NOT_APPLICABLE_GLOBAL_BASELINE,HF9g-P5,,,,X 全窗基线 · 不参与实体赏罚,8391224,840,A168_HF9F_20260827_0900,2026-08-27 09:00:00
2026-04-14,148497545,2141,0,171.1907441824,0E-10,0E-10,,2,2,0.50665070000000000,0.506650700000,,,,0E-17,NO_DECISIVE_ROUND,R03b_20260811_FULL_v1,L1_ELIGIBILITY,v2026-08-11,2026-03-21..2026-08-06,baccarat_bet02_101_all_pairs_incl_sentinel,round_win = game_pnl > 0 (decisive only),COMPATIBILITY_ONLY_NOT_PRODUCTION,14103.8662,12456.8751,481.4412,563,562,-0.03413541,,-0.03413541,-0.03413541,-481.4412,14103.8662,OK,0.0000,19.2576,4.0000,96.0000,AG03-UNRESOLVED,ALL5_LEVELS_bet23_to_bet27,19.2576,19.2576,19.2576,24.0721,24.0721,4.000000,4.000000,4.000000,5.000000,5.000000,96.000000,96.000000,96.000000,95.000000,95.000000,5.0,105.9171,97.0228,375.5242,384.4184,PENDING_AG03,FALSE,NOT_FOR_ENFORCEMENT,462.1836,11958.6001,481.4412,462.1836,19.2576,0.03413541,0.03276999,19.2576,462.1836,0.03276999,19.2576,19.2576,19.2576,24.0721,24.0721,462.1836,0.03276999,105.9171,97.0228,375.5242,384.4184,0.02662562,0.02725625,0.00136542,25.0513,22.1653,0.8567,43.7674,3.6473,1282.1697,51.0909,,25.0513,13.088,26.176,26.176,39.2639,52.3519,78.5279,13.088,0.0,2.0,3.0,0.957034,21,81,5,2,0E-8,0.03413541,,0E-8,0.000000,0.883224,0.261101,,2026-04-10,2026-04-27,11,132,87,18,0.611111,,,0.000000,,,,,,,,GLOBAL_BASELINE_NO_ENTITY_RANKING,,,NOT_APPLICABLE_GLOBAL_BASELINE,HF9g-P5,,,,X 全窗基线 · 不参与实体赏罚,8391225,840,A168_HF9F_20260827_0900,2026-08-27 09:00:00
2026-04-14,148497545,2147,0,157.0557286080,26.1759547680,26.1759547680,0.5000000,7,7,0.49707555714285714,0.497075557143,0.014327030625969732,0.014327030625269827,0.014327030625969732,-1.4286E-13,ELIGIBLE,R03b_20260811_FULL_v1,L1_ELIGIBILITY,v2026-08-11,2026-03-21..2026-08-06,baccarat_bet02_101_all_pairs_incl_sentinel,round_win = game_pnl > 0 (decisive only),COMPATIBILITY_ONLY_NOT_PRODUCTION,14103.8662,12456.8751,481.4412,563,562,-0.03413541,,-0.03413541,-0.03413541,-481.4412,14103.8662,OK,0.0000,19.2576,4.0000,96.0000,AG03-UNRESOLVED,ALL5_LEVELS_bet23_to_bet27,19.2576,19.2576,19.2576,24.0721,24.0721,4.000000,4.000000,4.000000,5.000000,5.000000,96.000000,96.000000,96.000000,95.000000,95.000000,5.0,105.9171,97.0228,375.5242,384.4184,PENDING_AG03,FALSE,NOT_FOR_ENFORCEMENT,462.1836,11958.6001,481.4412,462.1836,19.2576,0.03413541,0.03276999,19.2576,462.1836,0.03276999,19.2576,19.2576,19.2576,24.0721,24.0721,462.1836,0.03276999,105.9171,97.0228,375.5242,384.4184,0.02662562,0.02725625,0.00136542,25.0513,22.1653,0.8567,43.7674,3.6473,1282.1697,51.0909,,25.0513,13.088,26.176,26.176,39.2639,52.3519,78.5279,13.088,0.0,2.0,3.0,0.957034,21,81,5,2,0E-8,0.03413541,,0E-8,0.000000,0.883224,0.261101,,2026-04-10,2026-04-27,11,132,87,18,0.611111,,,0.000000,,,,,,,,GLOBAL_BASELINE_NO_ENTITY_RANKING,,,NOT_APPLICABLE_GLOBAL_BASELINE,HF9g-P5,,,,X 全窗基线 · 不参与实体赏罚,8391226,840,A168_HF9F_20260827_0900,2026-08-27 09:00:00
2026-04-14,148497545,2169,0,353.3753893677,196.3196607597,196.3196607597,0.7142857,15,15,0.49771390000000000,0.497713900000,1.6206919977604008,1.6206919977604008,1.6206919977604008,0E-17,ELIGIBLE,R03b_20260811_FULL_v1,L1_ELIGIBILITY,v2026-08-11,2026-03-21..2026-08-06,baccarat_bet02_101_all_pairs_incl_sentinel,round_win = game_pnl > 0 (decisive only),COMPATIBILITY_ONLY_NOT_PRODUCTION,14103.8662,12456.8751,481.4412,563,562,-0.03413541,,-0.03413541,-0.03413541,-481.4412,14103.8662,OK,0.0000,19.2576,4.0000,96.0000,AG03-UNRESOLVED,ALL5_LEVELS_bet23_to_bet27,19.2576,19.2576,19.2576,24.0721,24.0721,4.000000,4.000000,4.000000,5.000000,5.000000,96.000000,96.000000,96.000000,95.000000,95.000000,5.0,105.9171,97.0228,375.5242,384.4184,PENDING_AG03,FALSE,NOT_FOR_ENFORCEMENT,462.1836,11958.6001,481.4412,462.1836,19.2576,0.03413541,0.03276999,19.2576,462.1836,0.03276999,19.2576,19.2576,19.2576,24.0721,24.0721,462.1836,0.03276999,105.9171,97.0228,375.5242,384.4184,0.02662562,0.02725625,0.00136542,25.0513,22.1653,0.8567,43.7674,3.6473,1282.1697,51.0909,,25.0513,13.088,26.176,26.176,39.2639,52.3519,78.5279,13.088,0.0,2.0,3.0,0.957034,21,81,5,2,0E-8,0.03413541,,0E-8,0.000000,0.883224,0.261101,,2026-04-10,2026-04-27,11,132,87,18,0.611111,,,0.000000,,,,,,,,GLOBAL_BASELINE_NO_ENTITY_RANKING,,,NOT_APPLICABLE_GLOBAL_BASELINE,HF9g-P5,,,,X 全窗基线 · 不参与实体赏罚,8391227,840,A168_HF9F_20260827_0900,2026-08-27 09:00:00
2026-04-14,148497545,2174,0,454.4145747719,-104.7430830039,-104.7430830039,0.5000000,13,13,0.50252602307692308,0.502526023077,-0.015976176573086268,-0.01597617657357277,-0.015976176573086268,-7.692E-14,ELIGIBLE,R03b_20260811_FULL_v1,L1_ELIGIBILITY,v2026-08-11,2026-03-21..2026-08-06,baccarat_bet02_101_all_pairs_incl_sentinel,round_win = game_pnl > 0 (decisive only),COMPATIBILITY_ONLY_NOT_PRODUCTION,14103.8662,12456.8751,481.4412,563,562,-0.03413541,,-0.03413541,-0.03413541,-481.4412,14103.8662,OK,0.0000,19.2576,4.0000,96.0000,AG03-UNRESOLVED,ALL5_LEVELS_bet23_to_bet27,19.2576,19.2576,19.2576,24.0721,24.0721,4.000000,4.000000,4.000000,5.000000,5.000000,96.000000,96.000000,96.000000,95.000000,95.000000,5.0,105.9171,97.0228,375.5242,384.4184,PENDING_AG03,FALSE,NOT_FOR_ENFORCEMENT,462.1836,11958.6001,481.4412,462.1836,19.2576,0.03413541,0.03276999,19.2576,462.1836,0.03276999,19.2576,19.2576,19.2576,24.0721,24.0721,462.1836,0.03276999,105.9171,97.0228,375.5242,384.4184,0.02662562,0.02725625,0.00136542,25.0513,22.1653,0.8567,43.7674,3.6473,1282.1697,51.0909,,25.0513,13.088,26.176,26.176,39.2639,52.3519,78.5279,13.088,0.0,2.0,3.0,0.957034,21,81,5,2,0E-8,0.03413541,,0E-8,0.000000,0.883224,0.261101,,2026-04-10,2026-04-27,11,132,87,18,0.611111,,,0.000000,,,,,,,,GLOBAL_BASELINE_NO_ENTITY_RANKING,,,NOT_APPLICABLE_GLOBAL_BASELINE,HF9g-P5,,,,X 全窗基线 · 不参与实体赏罚,8391228,840,A168_HF9F_20260827_0900,2026-08-27 09:00:00
2026-04-14,148497545,2177,0,157.0557286078,0E-10,0E-10,0.6000000,5,5,0.49860758000000000,0.498607580000,0.4534424453485946,0.4534424453485946,0.4534424453485946,0E-17,ELIGIBLE,R03b_20260811_FULL_v1,L1_ELIGIBILITY,v2026-08-11,2026-03-21..2026-08-06,baccarat_bet02_101_all_pairs_incl_sentinel,round_win = game_pnl > 0 (decisive only),COMPATIBILITY_ONLY_NOT_PRODUCTION,14103.8662,12456.8751,481.4412,563,562,-0.03413541,,-0.03413541,-0.03413541,-481.4412,14103.8662,OK,0.0000,19.2576,4.0000,96.0000,AG03-UNRESOLVED,ALL5_LEVELS_bet23_to_bet27,19.2576,19.2576,19.2576,24.0721,24.0721,4.000000,4.000000,4.000000,5.000000,5.000000,96.000000,96.000000,96.000000,95.000000,95.000000,5.0,105.9171,97.0228,375.5242,384.4184,PENDING_AG03,FALSE,NOT_FOR_ENFORCEMENT,462.1836,11958.6001,481.4412,462.1836,19.2576,0.03413541,0.03276999,19.2576,462.1836,0.03276999,19.2576,19.2576,19.2576,24.0721,24.0721,462.1836,0.03276999,105.9171,97.0228,375.5242,384.4184,0.02662562,0.02725625,0.00136542,25.0513,22.1653,0.8567,43.7674,3.6473,1282.1697,51.0909,,25.0513,13.088,26.176,26.176,39.2639,52.3519,78.5279,13.088,0.0,2.0,3.0,0.957034,21,81,5,2,0E-8,0.03413541,,0E-8,0.000000,0.883224,0.261101,,2026-04-10,2026-04-27,11,132,87,18,0.611111,,,0.000000,,,,,,,,GLOBAL_BASELINE_NO_ENTITY_RANKING,,,NOT_APPLICABLE_GLOBAL_BASELINE,HF9g-P5,,,,X 全窗基线 · 不参与实体赏罚,8391229,840,A168_HF9F_20260827_0900,2026-08-27 09:00:00
2026-04-14,148497545,2251,0,235.5835929117,-131.5341727089,-131.5341727089,0.2857143,9,9,0.50069283333333333,0.500692833333,-1.137560640527468,-1.137560640525703,-1.137560640527468,3.3333E-13,ELIGIBLE,R03b_20260811_FULL_v1,L1_ELIGIBILITY,v2026-08-11,2026-03-21..2026-08-06,baccarat_bet02_101_all_pairs_incl_sentinel,round_win = game_pnl > 0 (decisive only),COMPATIBILITY_ONLY_NOT_PRODUCTION,14103.8662,12456.8751,481.4412,563,562,-0.03413541,,-0.03413541,-0.03413541,-481.4412,14103.8662,OK,0.0000,19.2576,4.0000,96.0000,AG03-UNRESOLVED,ALL5_LEVELS_bet23_to_bet27,19.2576,19.2576,19.2576,24.0721,24.0721,4.000000,4.000000,4.000000,5.000000,5.000000,96.000000,96.000000,96.000000,95.000000,95.000000,5.0,105.9171,97.0228,375.5242,384.4184,PENDING_AG03,FALSE,NOT_FOR_ENFORCEMENT,462.1836,11958.6001,481.4412,462.1836,19.2576,0.03413541,0.03276999,19.2576,462.1836,0.03276999,19.2576,19.2576,19.2576,24.0721,24.0721,462.1836,0.03276999,105.9171,97.0228,375.5242,384.4184,0.02662562,0.02725625,0.00136542,25.0513,22.1653,0.8567,43.7674,3.6473,1282.1697,51.0909,,25.0513,13.088,26.176,26.176,39.2639,52.3519,78.5279,13.088,0.0,2.0,3.0,0.957034,21,81,5,2,0E-8,0.03413541,,0E-8,0.000000,0.883224,0.261101,,2026-04-10,2026-04-27,11,132,87,18,0.611111,,,0.000000,,,,,,,,GLOBAL_BASELINE_NO_ENTITY_RANKING,,,NOT_APPLICABLE_GLOBAL_BASELINE,HF9g-P5,,,,X 全窗基线 · 不参与实体赏罚,8391230,840,A168_HF9F_20260827_0900,2026-08-27 09:00:00
2026-04-14,148497545,462,0,314.1114572157,178.6508912913,178.6508912913,0.7272727,11,11,0.49933877272727273,0.499338772727,1.511944130527949,1.5119441305297592,1.511944130527949,2.7273E-13,ELIGIBLE,R03b_20260811_FULL_v1,L1_ELIGIBILITY,v2026-08-11,2026-03-21..2026-08-06,baccarat_bet02_101_all_pairs_incl_sentinel,round_win = game_pnl > 0 (decisive only),COMPATIBILITY_ONLY_NOT_PRODUCTION,14103.8662,12456.8751,481.4412,563,562,-0.03413541,,-0.03413541,-0.03413541,-481.4412,14103.8662,OK,0.0000,19.2576,4.0000,96.0000,AG03-UNRESOLVED,ALL5_LEVELS_bet23_to_bet27,19.2576,19.2576,19.2576,24.0721,24.0721,4.000000,4.000000,4.000000,5.000000,5.000000,96.000000,96.000000,96.000000,95.000000,95.000000,5.0,105.9171,97.0228,375.5242,384.4184,PENDING_AG03,FALSE,NOT_FOR_ENFORCEMENT,462.1836,11958.6001,481.4412,462.1836,19.2576,0.03413541,0.03276999,19.2576,462.1836,0.03276999,19.2576,19.2576,19.2576,24.0721,24.0721,462.1836,0.03276999,105.9171,97.0228,375.5242,384.4184,0.02662562,0.02725625,0.00136542,25.0513,22.1653,0.8567,43.7674,3.6473,1282.1697,51.0909,,25.0513,13.088,26.176,26.176,39.2639,52.3519,78.5279,13.088,0.0,2.0,3.0,0.957034,21,81,5,2,0E-8,0.03413541,,0E-8,0.000000,0.883224,0.261101,,2026-04-10,2026-04-27,11,132,87,18,0.611111,,,0.000000,,,,,,,,GLOBAL_BASELINE_NO_ENTITY_RANKING,,,NOT_APPLICABLE_GLOBAL_BASELINE,HF9g-P5,,,,X 全窗基线 · 不参与实体赏罚,8391231,840,A168_HF9F_20260827_0900,2026-08-27 09:00:00
2026-04-14,148497545,526,0,26.1759547680,-26.1759547680,-26.1759547680,0E-7,1,1,0.50665070000000000,0.506650700000,-1.013391052207602,-1.013391052207602,-1.013391052207602,0E-17,ELIGIBLE,R03b_20260811_FULL_v1,L1_ELIGIBILITY,v2026-08-11,2026-03-21..2026-08-06,baccarat_bet02_101_all_pairs_incl_sentinel,round_win = game_pnl > 0 (decisive only),COMPATIBILITY_ONLY_NOT_PRODUCTION,14103.8662,12456.8751,481.4412,563,562,-0.03413541,,-0.03413541,-0.03413541,-481.4412,14103.8662,OK,0.0000,19.2576,4.0000,96.0000,AG03-UNRESOLVED,ALL5_LEVELS_bet23_to_bet27,19.2576,19.2576,19.2576,24.0721,24.0721,4.000000,4.000000,4.000000,5.000000,5.000000,96.000000,96.000000,96.000000,95.000000,95.000000,5.0,105.9171,97.0228,375.5242,384.4184,PENDING_AG03,FALSE,NOT_FOR_ENFORCEMENT,462.1836,11958.6001,481.4412,462.1836,19.2576,0.03413541,0.03276999,19.2576,462.1836,0.03276999,19.2576,19.2576,19.2576,24.0721,24.0721,462.1836,0.03276999,105.9171,97.0228,375.5242,384.4184,0.02662562,0.02725625,0.00136542,25.0513,22.1653,0.8567,43.7674,3.6473,1282.1697,51.0909,,25.0513,13.088,26.176,26.176,39.2639,52.3519,78.5279,13.088,0.0,2.0,3.0,0.957034,21,81,5,2,0E-8,0.03413541,,0E-8,0.000000,0.883224,0.261101,,2026-04-10,2026-04-27,11,132,87,18,0.611111,,,0.000000,,,,,,,,GLOBAL_BASELINE_NO_ENTITY_RANKING,,,NOT_APPLICABLE_GLOBAL_BASELINE,HF9g-P5,,,,X 全窗基线 · 不参与实体赏罚,8391232,840,A168_HF9F_20260827_0900,2026-08-27 09:00:00
2026-04-14,148497545,550,0,13.0879773840,-13.0879773840,-13.0879773840,0E-7,1,1,0.49324550000000000,0.493245500000,-0.9865810262130424,-0.9865810262130424,-0.9865810262130424,0E-17,ELIGIBLE,R03b_20260811_FULL_v1,L1_ELIGIBILITY,v2026-08-11,2026-03-21..2026-08-06,baccarat_bet02_101_all_pairs_incl_sentinel,round_win = game_pnl > 0 (decisive only),COMPATIBILITY_ONLY_NOT_PRODUCTION,14103.8662,12456.8751,481.4412,563,562,-0.03413541,,-0.03413541,-0.03413541,-481.4412,14103.8662,OK,0.0000,19.2576,4.0000,96.0000,AG03-UNRESOLVED,ALL5_LEVELS_bet23_to_bet27,19.2576,19.2576,19.2576,24.0721,24.0721,4.000000,4.000000,4.000000,5.000000,5.000000,96.000000,96.000000,96.000000,95.000000,95.000000,5.0,105.9171,97.0228,375.5242,384.4184,PENDING_AG03,FALSE,NOT_FOR_ENFORCEMENT,462.1836,11958.6001,481.4412,462.1836,19.2576,0.03413541,0.03276999,19.2576,462.1836,0.03276999,19.2576,19.2576,19.2576,24.0721,24.0721,462.1836,0.03276999,105.9171,97.0228,375.5242,384.4184,0.02662562,0.02725625,0.00136542,25.0513,22.1653,0.8567,43.7674,3.6473,1282.1697,51.0909,,25.0513,13.088,26.176,26.176,39.2639,52.3519,78.5279,13.088,0.0,2.0,3.0,0.957034,21,81,5,2,0E-8,0.03413541,,0E-8,0.000000,0.883224,0.261101,,2026-04-10,2026-04-27,11,132,87,18,0.611111,,,0.000000,,,,,,,,GLOBAL_BASELINE_NO_ENTITY_RANKING,,,NOT_APPLICABLE_GLOBAL_BASELINE,HF9g-P5,,,,X 全窗基线 · 不参与实体赏罚,8391233,840,A168_HF9F_20260827_0900,2026-08-27 09:00:00
2026-04-14,148497545,583,0,13.0879773840,13.0879773840,13.0879773840,1.0000000,1,1,0.49324550000000000,0.493245500000,1.01360149184955,1.01360149184955,1.01360149184955,0E-17,ELIGIBLE,R03b_20260811_FULL_v1,L1_ELIGIBILITY,v2026-08-11,2026-03-21..2026-08-06,baccarat_bet02_101_all_pairs_incl_sentinel,round_win = game_pnl > 0 (decisive only),COMPATIBILITY_ONLY_NOT_PRODUCTION,14103.8662,12456.8751,481.4412,563,562,-0.03413541,,-0.03413541,-0.03413541,-481.4412,14103.8662,OK,0.0000,19.2576,4.0000,96.0000,AG03-UNRESOLVED,ALL5_LEVELS_bet23_to_bet27,19.2576,19.2576,19.2576,24.0721,24.0721,4.000000,4.000000,4.000000,5.000000,5.000000,96.000000,96.000000,96.000000,95.000000,95.000000,5.0,105.9171,97.0228,375.5242,384.4184,PENDING_AG03,FALSE,NOT_FOR_ENFORCEMENT,462.1836,11958.6001,481.4412,462.1836,19.2576,0.03413541,0.03276999,19.2576,462.1836,0.03276999,19.2576,19.2576,19.2576,24.0721,24.0721,462.1836,0.03276999,105.9171,97.0228,375.5242,384.4184,0.02662562,0.02725625,0.00136542,25.0513,22.1653,0.8567,43.7674,3.6473,1282.1697,51.0909,,25.0513,13.088,26.176,26.176,39.2639,52.3519,78.5279,13.088,0.0,2.0,3.0,0.957034,21,81,5,2,0E-8,0.03413541,,0E-8,0.000000,0.883224,0.261101,,2026-04-10,2026-04-27,11,132,87,18,0.611111,,,0.000000,,,,,,,,GLOBAL_BASELINE_NO_ENTITY_RANKING,,,NOT_APPLICABLE_GLOBAL_BASELINE,HF9g-P5,,,,X 全窗基线 · 不参与实体赏罚,8391234,840,A168_HF9F_20260827_0900,2026-08-27 09:00:00
2026-04-14,148497545,595,0,104.7038190719,-78.5278643039,-78.5278643039,0.2500000,4,4,0.49994810000000000,0.499948100000,-0.9997924053861017,-0.9997924053861017,-0.9997924053861017,0E-17,ELIGIBLE,R03b_20260811_FULL_v1,L1_ELIGIBILITY,v2026-08-11,2026-03-21..2026-08-06,baccarat_bet02_101_all_pairs_incl_sentinel,round_win = game_pnl > 0 (decisive only),COMPATIBILITY_ONLY_NOT_PRODUCTION,14103.8662,12456.8751,481.4412,563,562,-0.03413541,,-0.03413541,-0.03413541,-481.4412,14103.8662,OK,0.0000,19.2576,4.0000,96.0000,AG03-UNRESOLVED,ALL5_LEVELS_bet23_to_bet27,19.2576,19.2576,19.2576,24.0721,24.0721,4.000000,4.000000,4.000000,5.000000,5.000000,96.000000,96.000000,96.000000,95.000000,95.000000,5.0,105.9171,97.0228,375.5242,384.4184,PENDING_AG03,FALSE,NOT_FOR_ENFORCEMENT,462.1836,11958.6001,481.4412,462.1836,19.2576,0.03413541,0.03276999,19.2576,462.1836,0.03276999,19.2576,19.2576,19.2576,24.0721,24.0721,462.1836,0.03276999,105.9171,97.0228,375.5242,384.4184,0.02662562,0.02725625,0.00136542,25.0513,22.1653,0.8567,43.7674,3.6473,1282.1697,51.0909,,25.0513,13.088,26.176,26.176,39.2639,52.3519,78.5279,13.088,0.0,2.0,3.0,0.957034,21,81,5,2,0E-8,0.03413541,,0E-8,0.000000,0.883224,0.261101,,2026-04-10,2026-04-27,11,132,87,18,0.611111,,,0.000000,,,,,,,,GLOBAL_BASELINE_NO_ENTITY_RANKING,,,NOT_APPLICABLE_GLOBAL_BASELINE,HF9g-P5,,,,X 全窗基线 · 不参与实体赏罚,8391235,840,A168_HF9F_20260827_0900,2026-08-27 09:00:00
2026-04-14,148497545,752,0,52.3519095360,24.8671570296,24.8671570296,1.0000000,2,2,0.50665070000000000,0.506650700000,0.9867858985152569,0.9867858985152569,0.9867858985152569,0E-17,ELIGIBLE,R03b_20260811_FULL_v1,L1_ELIGIBILITY,v2026-08-11,2026-03-21..2026-08-06,baccarat_bet02_101_all_pairs_incl_sentinel,round_win = game_pnl > 0 (decisive only),COMPATIBILITY_ONLY_NOT_PRODUCTION,14103.8662,12456.8751,481.4412,563,562,-0.03413541,,-0.03413541,-0.03413541,-481.4412,14103.8662,OK,0.0000,19.2576,4.0000,96.0000,AG03-UNRESOLVED,ALL5_LEVELS_bet23_to_bet27,19.2576,19.2576,19.2576,24.0721,24.0721,4.000000,4.000000,4.000000,5.000000,5.000000,96.000000,96.000000,96.000000,95.000000,95.000000,5.0,105.9171,97.0228,375.5242,384.4184,PENDING_AG03,FALSE,NOT_FOR_ENFORCEMENT,462.1836,11958.6001,481.4412,462.1836,19.2576,0.03413541,0.03276999,19.2576,462.1836,0.03276999,19.2576,19.2576,19.2576,24.0721,24.0721,462.1836,0.03276999,105.9171,97.0228,375.5242,384.4184,0.02662562,0.02725625,0.00136542,25.0513,22.1653,0.8567,43.7674,3.6473,1282.1697,51.0909,,25.0513,13.088,26.176,26.176,39.2639,52.3519,78.5279,13.088,0.0,2.0,3.0,0.957034,21,81,5,2,0E-8,0.03413541,,0E-8,0.000000,0.883224,0.261101,,2026-04-10,2026-04-27,11,132,87,18,0.611111,,,0.000000,,,,,,,,GLOBAL_BASELINE_NO_ENTITY_RANKING,,,NOT_APPLICABLE_GLOBAL_BASELINE,HF9g-P5,,,,X 全窗基线 · 不参与实体赏罚,8391236,840,A168_HF9F_20260827_0900,2026-08-27 09:00:00
2026-04-14,148497545,994,0,432.6885323147,-100.9475695627,-100.9475695627,0.5333333,16,16,0.50162375000000000,0.501623750000,0.24562267153358483,0.24562267153358483,0.24562267153358483,0E-17,ELIGIBLE,R03b_20260811_FULL_v1,L1_ELIGIBILITY,v2026-08-11,2026-03-21..2026-08-06,baccarat_bet02_101_all_pairs_incl_sentinel,round_win = game_pnl > 0 (decisive only),COMPATIBILITY_ONLY_NOT_PRODUCTION,14103.8662,12456.8751,481.4412,563,562,-0.03413541,,-0.03413541,-0.03413541,-481.4412,14103.8662,OK,0.0000,19.2576,4.0000,96.0000,AG03-UNRESOLVED,ALL5_LEVELS_bet23_to_bet27,19.2576,19.2576,19.2576,24.0721,24.0721,4.000000,4.000000,4.000000,5.000000,5.000000,96.000000,96.000000,96.000000,95.000000,95.000000,5.0,105.9171,97.0228,375.5242,384.4184,PENDING_AG03,FALSE,NOT_FOR_ENFORCEMENT,462.1836,11958.6001,481.4412,462.1836,19.2576,0.03413541,0.03276999,19.2576,462.1836,0.03276999,19.2576,19.2576,19.2576,24.0721,24.0721,462.1836,0.03276999,105.9171,97.0228,375.5242,384.4184,0.02662562,0.02725625,0.00136542,25.0513,22.1653,0.8567,43.7674,3.6473,1282.1697,51.0909,,25.0513,13.088,26.176,26.176,39.2639,52.3519,78.5279,13.088,0.0,2.0,3.0,0.957034,21,81,5,2,0E-8,0.03413541,,0E-8,0.000000,0.883224,0.261101,,2026-04-10,2026-04-27,11,132,87,18,0.611111,,,0.000000,,,,,,,,GLOBAL_BASELINE_NO_ENTITY_RANKING,,,NOT_APPLICABLE_GLOBAL_BASELINE,HF9g-P5,,,,X 全窗基线 · 不参与实体赏罚,8391237,840,A168_HF9F_20260827_0900,2026-08-27 09:00:00
2026-04-16,148497545,-1,1,327.1994345999,-29.4479491139,-29.4479491139,0.4375000,18,18,0.49994810000000000,0.499948100000,-0.49958480269137323,-0.49958480269137323,-0.49958480269137323,0E-17,SENTINEL_DEALER,R03b_20260811_FULL_v1,L1_ELIGIBILITY,v2026-08-11,2026-03-21..2026-08-06,baccarat_bet02_101_all_pairs_incl_sentinel,round_win = game_pnl > 0 (decisive only),COMPATIBILITY_ONLY_NOT_PRODUCTION,14103.8662,12456.8751,481.4412,563,562,-0.03413541,,-0.03413541,-0.03413541,-481.4412,14103.8662,OK,0.0000,19.2576,4.0000,96.0000,AG03-UNRESOLVED,ALL5_LEVELS_bet23_to_bet27,19.2576,19.2576,19.2576,24.0721,24.0721,4.000000,4.000000,4.000000,5.000000,5.000000,96.000000,96.000000,96.000000,95.000000,95.000000,5.0,105.9171,97.0228,375.5242,384.4184,PENDING_AG03,FALSE,NOT_FOR_ENFORCEMENT,462.1836,11958.6001,481.4412,462.1836,19.2576,0.03413541,0.03276999,19.2576,462.1836,0.03276999,19.2576,19.2576,19.2576,24.0721,24.0721,462.1836,0.03276999,105.9171,97.0228,375.5242,384.4184,0.02662562,0.02725625,0.00136542,25.0513,22.1653,0.8567,43.7674,3.6473,1282.1697,51.0909,,25.0513,13.088,26.176,26.176,39.2639,52.3519,78.5279,13.088,0.0,2.0,3.0,0.957034,21,81,5,2,0E-8,0.03413541,,0E-8,0.000000,0.883224,0.261101,,2026-04-10,2026-04-27,11,132,87,18,0.611111,,,0.000000,,,,,,,,GLOBAL_BASELINE_NO_ENTITY_RANKING,,,NOT_APPLICABLE_GLOBAL_BASELINE,HF9g-P5,,,,X 全窗基线 · 不参与实体赏罚,8391238,840,A168_HF9F_20260827_0900,2026-08-27 09:00:00
2026-04-16,148497545,1151,0,39.2639321520,-13.0879773840,-13.0879773840,0.5000000,2,2,0.49994810000000000,0.499948100000,0.00014679536856514622,0.00014679536856514622,0.00014679536856514622,0E-17,ELIGIBLE,R03b_20260811_FULL_v1,L1_ELIGIBILITY,v2026-08-11,2026-03-21..2026-08-06,baccarat_bet02_101_all_pairs_incl_sentinel,round_win = game_pnl > 0 (decisive only),COMPATIBILITY_ONLY_NOT_PRODUCTION,14103.8662,12456.8751,481.4412,563,562,-0.03413541,,-0.03413541,-0.03413541,-481.4412,14103.8662,OK,0.0000,19.2576,4.0000,96.0000,AG03-UNRESOLVED,ALL5_LEVELS_bet23_to_bet27,19.2576,19.2576,19.2576,24.0721,24.0721,4.000000,4.000000,4.000000,5.000000,5.000000,96.000000,96.000000,96.000000,95.000000,95.000000,5.0,105.9171,97.0228,375.5242,384.4184,PENDING_AG03,FALSE,NOT_FOR_ENFORCEMENT,462.1836,11958.6001,481.4412,462.1836,19.2576,0.03413541,0.03276999,19.2576,462.1836,0.03276999,19.2576,19.2576,19.2576,24.0721,24.0721,462.1836,0.03276999,105.9171,97.0228,375.5242,384.4184,0.02662562,0.02725625,0.00136542,25.0513,22.1653,0.8567,43.7674,3.6473,1282.1697,51.0909,,25.0513,13.088,26.176,26.176,39.2639,52.3519,78.5279,13.088,0.0,2.0,3.0,0.957034,21,81,5,2,0E-8,0.03413541,,0E-8,0.000000,0.883224,0.261101,,2026-04-10,2026-04-27,11,132,87,18,0.611111,,,0.000000,,,,,,,,GLOBAL_BASELINE_NO_ENTITY_RANKING,,,NOT_APPLICABLE_GLOBAL_BASELINE,HF9g-P5,,,,X 全窗基线 · 不参与实体赏罚,8391239,840,A168_HF9F_20260827_0900,2026-08-27 09:00:00
2026-04-16,148497545,1221,0,39.2639321520,-39.2639321520,-39.2639321520,0E-7,2,2,0.49994810000000000,0.499948100000,-1.4140667746232096,-1.4140667746232096,-1.4140667746232096,0E-17,ELIGIBLE,R03b_20260811_FULL_v1,L1_ELIGIBILITY,v2026-08-11,2026-03-21..2026-08-06,baccarat_bet02_101_all_pairs_incl_sentinel,round_win = game_pnl > 0 (decisive only),COMPATIBILITY_ONLY_NOT_PRODUCTION,14103.8662,12456.8751,481.4412,563,562,-0.03413541,,-0.03413541,-0.03413541,-481.4412,14103.8662,OK,0.0000,19.2576,4.0000,96.0000,AG03-UNRESOLVED,ALL5_LEVELS_bet23_to_bet27,19.2576,19.2576,19.2576,24.0721,24.0721,4.000000,4.000000,4.000000,5.000000,5.000000,96.000000,96.000000,96.000000,95.000000,95.000000,5.0,105.9171,97.0228,375.5242,384.4184,PENDING_AG03,FALSE,NOT_FOR_ENFORCEMENT,462.1836,11958.6001,481.4412,462.1836,19.2576,0.03413541,0.03276999,19.2576,462.1836,0.03276999,19.2576,19.2576,19.2576,24.0721,24.0721,462.1836,0.03276999,105.9171,97.0228,375.5242,384.4184,0.02662562,0.02725625,0.00136542,25.0513,22.1653,0.8567,43.7674,3.6473,1282.1697,51.0909,,25.0513,13.088,26.176,26.176,39.2639,52.3519,78.5279,13.088,0.0,2.0,3.0,0.957034,21,81,5,2,0E-8,0.03413541,,0E-8,0.000000,0.883224,0.261101,,2026-04-10,2026-04-27,11,132,87,18,0.611111,,,0.000000,,,,,,,,GLOBAL_BASELINE_NO_ENTITY_RANKING,,,NOT_APPLICABLE_GLOBAL_BASELINE,HF9g-P5,,,,X 全窗基线 · 不参与实体赏罚,8391240,840,A168_HF9F_20260827_0900,2026-08-27 09:00:00
2026-04-16,148497545,1307,0,39.2639321519,37.3007355443,37.3007355443,1.0000000,1,1,0.50665070000000000,0.506650700000,0.9867858985152569,0.9867858985152569,0.9867858985152569,0E-17,ELIGIBLE,R03b_20260811_FULL_v1,L1_ELIGIBILITY,v2026-08-11,2026-03-21..2026-08-06,baccarat_bet02_101_all_pairs_incl_sentinel,round_win = game_pnl > 0 (decisive only),COMPATIBILITY_ONLY_NOT_PRODUCTION,14103.8662,12456.8751,481.4412,563,562,-0.03413541,,-0.03413541,-0.03413541,-481.4412,14103.8662,OK,0.0000,19.2576,4.0000,96.0000,AG03-UNRESOLVED,ALL5_LEVELS_bet23_to_bet27,19.2576,19.2576,19.2576,24.0721,24.0721,4.000000,4.000000,4.000000,5.000000,5.000000,96.000000,96.000000,96.000000,95.000000,95.000000,5.0,105.9171,97.0228,375.5242,384.4184,PENDING_AG03,FALSE,NOT_FOR_ENFORCEMENT,462.1836,11958.6001,481.4412,462.1836,19.2576,0.03413541,0.03276999,19.2576,462.1836,0.03276999,19.2576,19.2576,19.2576,24.0721,24.0721,462.1836,0.03276999,105.9171,97.0228,375.5242,384.4184,0.02662562,0.02725625,0.00136542,25.0513,22.1653,0.8567,43.7674,3.6473,1282.1697,51.0909,,25.0513,13.088,26.176,26.176,39.2639,52.3519,78.5279,13.088,0.0,2.0,3.0,0.957034,21,81,5,2,0E-8,0.03413541,,0E-8,0.000000,0.883224,0.261101,,2026-04-10,2026-04-27,11,132,87,18,0.611111,,,0.000000,,,,,,,,GLOBAL_BASELINE_NO_ENTITY_RANKING,,,NOT_APPLICABLE_GLOBAL_BASELINE,HF9g-P5,,,,X 全窗基线 · 不参与实体赏罚,8391241,840,A168_HF9F_20260827_0900,2026-08-27 09:00:00
2026-04-16,148497545,1374,0,117.7917964559,9.8159830381,9.8159830381,0.6000000,5,5,0.50396966000000000,0.503969660000,0.4294742719815242,0.4294742719815242,0.4294742719815242,0E-17,ELIGIBLE,R03b_20260811_FULL_v1,L1_ELIGIBILITY,v2026-08-11,2026-03-21..2026-08-06,baccarat_bet02_101_all_pairs_incl_sentinel,round_win = game_pnl > 0 (decisive only),COMPATIBILITY_ONLY_NOT_PRODUCTION,14103.8662,12456.8751,481.4412,563,562,-0.03413541,,-0.03413541,-0.03413541,-481.4412,14103.8662,OK,0.0000,19.2576,4.0000,96.0000,AG03-UNRESOLVED,ALL5_LEVELS_bet23_to_bet27,19.2576,19.2576,19.2576,24.0721,24.0721,4.000000,4.000000,4.000000,5.000000,5.000000,96.000000,96.000000,96.000000,95.000000,95.000000,5.0,105.9171,97.0228,375.5242,384.4184,PENDING_AG03,FALSE,NOT_FOR_ENFORCEMENT,462.1836,11958.6001,481.4412,462.1836,19.2576,0.03413541,0.03276999,19.2576,462.1836,0.03276999,19.2576,19.2576,19.2576,24.0721,24.0721,462.1836,0.03276999,105.9171,97.0228,375.5242,384.4184,0.02662562,0.02725625,0.00136542,25.0513,22.1653,0.8567,43.7674,3.6473,1282.1697,51.0909,,25.0513,13.088,26.176,26.176,39.2639,52.3519,78.5279,13.088,0.0,2.0,3.0,0.957034,21,81,5,2,0E-8,0.03413541,,0E-8,0.000000,0.883224,0.261101,,2026-04-10,2026-04-27,11,132,87,18,0.611111,,,0.000000,,,,,,,,GLOBAL_BASELINE_NO_ENTITY_RANKING,,,NOT_APPLICABLE_GLOBAL_BASELINE,HF9g-P5,,,,X 全窗基线 · 不参与实体赏罚,8391242,840,A168_HF9F_20260827_0900,2026-08-27 09:00:00
2026-04-16,148497545,1383,0,143.9677512238,25.5215558987,25.5215558987,0.6000000,6,6,0.49771390000000000,0.497713900000,0.4574421269484404,0.45744212694844033,0.4574421269484404,0E-17,ELIGIBLE,R03b_20260811_FULL_v1,L1_ELIGIBILITY,v2026-08-11,2026-03-21..2026-08-06,baccarat_bet02_101_all_pairs_incl_sentinel,round_win = game_pnl > 0 (decisive only),COMPATIBILITY_ONLY_NOT_PRODUCTION,14103.8662,12456.8751,481.4412,563,562,-0.03413541,,-0.03413541,-0.03413541,-481.4412,14103.8662,OK,0.0000,19.2576,4.0000,96.0000,AG03-UNRESOLVED,ALL5_LEVELS_bet23_to_bet27,19.2576,19.2576,19.2576,24.0721,24.0721,4.000000,4.000000,4.000000,5.000000,5.000000,96.000000,96.000000,96.000000,95.000000,95.000000,5.0,105.9171,97.0228,375.5242,384.4184,PENDING_AG03,FALSE,NOT_FOR_ENFORCEMENT,462.1836,11958.6001,481.4412,462.1836,19.2576,0.03413541,0.03276999,19.2576,462.1836,0.03276999,19.2576,19.2576,19.2576,24.0721,24.0721,462.1836,0.03276999,105.9171,97.0228,375.5242,384.4184,0.02662562,0.02725625,0.00136542,25.0513,22.1653,0.8567,43.7674,3.6473,1282.1697,51.0909,,25.0513,13.088,26.176,26.176,39.2639,52.3519,78.5279,13.088,0.0,2.0,3.0,0.957034,21,81,5,2,0E-8,0.03413541,,0E-8,0.000000,0.883224,0.261101,,2026-04-10,2026-04-27,11,132,87,18,0.611111,,,0.000000,,,,,,,,GLOBAL_BASELINE_NO_ENTITY_RANKING,,,NOT_APPLICABLE_GLOBAL_BASELINE,HF9g-P5,,,,X 全窗基线 · 不参与实体赏罚,8391243,840,A168_HF9F_20260827_0900,2026-08-27 09:00:00
2026-04-16,148497545,1485,0,13.0879773840,-13.0879773840,-13.0879773840,0E-7,1,1,0.49324550000000000,0.493245500000,-0.9865810262130424,-0.9865810262130424,-0.9865810262130424,0E-17,ELIGIBLE,R03b_20260811_FULL_v1,L1_ELIGIBILITY,v2026-08-11,2026-03-21..2026-08-06,baccarat_bet02_101_all_pairs_incl_sentinel,round_win = game_pnl > 0 (decisive only),COMPATIBILITY_ONLY_NOT_PRODUCTION,14103.8662,12456.8751,481.4412,563,562,-0.03413541,,-0.03413541,-0.03413541,-481.4412,14103.8662,OK,0.0000,19.2576,4.0000,96.0000,AG03-UNRESOLVED,ALL5_LEVELS_bet23_to_bet27,19.2576,19.2576,19.2576,24.0721,24.0721,4.000000,4.000000,4.000000,5.000000,5.000000,96.000000,96.000000,96.000000,95.000000,95.000000,5.0,105.9171,97.0228,375.5242,384.4184,PENDING_AG03,FALSE,NOT_FOR_ENFORCEMENT,462.1836,11958.6001,481.4412,462.1836,19.2576,0.03413541,0.03276999,19.2576,462.1836,0.03276999,19.2576,19.2576,19.2576,24.0721,24.0721,462.1836,0.03276999,105.9171,97.0228,375.5242,384.4184,0.02662562,0.02725625,0.00136542,25.0513,22.1653,0.8567,43.7674,3.6473,1282.1697,51.0909,,25.0513,13.088,26.176,26.176,39.2639,52.3519,78.5279,13.088,0.0,2.0,3.0,0.957034,21,81,5,2,0E-8,0.03413541,,0E-8,0.000000,0.883224,0.261101,,2026-04-10,2026-04-27,11,132,87,18,0.611111,,,0.000000,,,,,,,,GLOBAL_BASELINE_NO_ENTITY_RANKING,,,NOT_APPLICABLE_GLOBAL_BASELINE,HF9g-P5,,,,X 全窗基线 · 不参与实体赏罚,8391244,840,A168_HF9F_20260827_0900,2026-08-27 09:00:00
2026-04-16,148497545,1490,0,112.2948459546,-71.9707876346,-71.9707876346,0.2500000,4,4,0.50665070000000000,0.506650700000,-1.0266936290537745,-1.0266936290537745,-1.0266936290537745,0E-17,ELIGIBLE,R03b_20260811_FULL_v1,L1_ELIGIBILITY,v2026-08-11,2026-03-21..2026-08-06,baccarat_bet02_101_all_pairs_incl_sentinel,round_win = game_pnl > 0 (decisive only),COMPATIBILITY_ONLY_NOT_PRODUCTION,14103.8662,12456.8751,481.4412,563,562,-0.03413541,,-0.03413541,-0.03413541,-481.4412,14103.8662,OK,0.0000,19.2576,4.0000,96.0000,AG03-UNRESOLVED,ALL5_LEVELS_bet23_to_bet27,19.2576,19.2576,19.2576,24.0721,24.0721,4.000000,4.000000,4.000000,5.000000,5.000000,96.000000,96.000000,96.000000,95.000000,95.000000,5.0,105.9171,97.0228,375.5242,384.4184,PENDING_AG03,FALSE,NOT_FOR_ENFORCEMENT,462.1836,11958.6001,481.4412,462.1836,19.2576,0.03413541,0.03276999,19.2576,462.1836,0.03276999,19.2576,19.2576,19.2576,24.0721,24.0721,462.1836,0.03276999,105.9171,97.0228,375.5242,384.4184,0.02662562,0.02725625,0.00136542,25.0513,22.1653,0.8567,43.7674,3.6473,1282.1697,51.0909,,25.0513,13.088,26.176,26.176,39.2639,52.3519,78.5279,13.088,0.0,2.0,3.0,0.957034,21,81,5,2,0E-8,0.03413541,,0E-8,0.000000,0.883224,0.261101,,2026-04-10,2026-04-27,11,132,87,18,0.611111,,,0.000000,,,,,,,,GLOBAL_BASELINE_NO_ENTITY_RANKING,,,NOT_APPLICABLE_GLOBAL_BASELINE,HF9g-P5,,,,X 全窗基线 · 不参与实体赏罚,8391245,840,A168_HF9F_20260827_0900,2026-08-27 09:00:00
2026-04-16,148497545,1623,0,39.2639321520,-26.1759547680,-26.1759547680,0E-7,3,3,0.49771390000000000,0.497713900000,-1.4077622098436522,-1.4077622098436524,-1.4077622098436522,0E-17,ELIGIBLE,R03b_20260811_FULL_v1,L1_ELIGIBILITY,v2026-08-11,2026-03-21..2026-08-06,baccarat_bet02_101_all_pairs_incl_sentinel,round_win = game_pnl > 0 (decisive only),COMPATIBILITY_ONLY_NOT_PRODUCTION,14103.8662,12456.8751,481.4412,563,562,-0.03413541,,-0.03413541,-0.03413541,-481.4412,14103.8662,OK,0.0000,19.2576,4.0000,96.0000,AG03-UNRESOLVED,ALL5_LEVELS_bet23_to_bet27,19.2576,19.2576,19.2576,24.0721,24.0721,4.000000,4.000000,4.000000,5.000000,5.000000,96.000000,96.000000,96.000000,95.000000,95.000000,5.0,105.9171,97.0228,375.5242,384.4184,PENDING_AG03,FALSE,NOT_FOR_ENFORCEMENT,462.1836,11958.6001,481.4412,462.1836,19.2576,0.03413541,0.03276999,19.2576,462.1836,0.03276999,19.2576,19.2576,19.2576,24.0721,24.0721,462.1836,0.03276999,105.9171,97.0228,375.5242,384.4184,0.02662562,0.02725625,0.00136542,25.0513,22.1653,0.8567,43.7674,3.6473,1282.1697,51.0909,,25.0513,13.088,26.176,26.176,39.2639,52.3519,78.5279,13.088,0.0,2.0,3.0,0.957034,21,81,5,2,0E-8,0.03413541,,0E-8,0.000000,0.883224,0.261101,,2026-04-10,2026-04-27,11,132,87,18,0.611111,,,0.000000,,,,,,,,GLOBAL_BASELINE_NO_ENTITY_RANKING,,,NOT_APPLICABLE_GLOBAL_BASELINE,HF9g-P5,,,,X 全窗基线 · 不参与实体赏罚,8391246,840,A168_HF9F_20260827_0900,2026-08-27 09:00:00
2026-04-16,148497545,1750,0,78.5278643039,64.7854880507,64.7854880507,1.0000000,4,4,0.49659680000000000,0.496596800000,1.7438802330937357,1.7438802330937355,1.7438802330937357,0E-17,ELIGIBLE,R03b_20260811_FULL_v1,L1_ELIGIBILITY,v2026-08-11,2026-03-21..2026-08-06,baccarat_bet02_101_all_pairs_incl_sentinel,round_win = game_pnl > 0 (decisive only),COMPATIBILITY_ONLY_NOT_PRODUCTION,14103.8662,12456.8751,481.4412,563,562,-0.03413541,,-0.03413541,-0.03413541,-481.4412,14103.8662,OK,0.0000,19.2576,4.0000,96.0000,AG03-UNRESOLVED,ALL5_LEVELS_bet23_to_bet27,19.2576,19.2576,19.2576,24.0721,24.0721,4.000000,4.000000,4.000000,5.000000,5.000000,96.000000,96.000000,96.000000,95.000000,95.000000,5.0,105.9171,97.0228,375.5242,384.4184,PENDING_AG03,FALSE,NOT_FOR_ENFORCEMENT,462.1836,11958.6001,481.4412,462.1836,19.2576,0.03413541,0.03276999,19.2576,462.1836,0.03276999,19.2576,19.2576,19.2576,24.0721,24.0721,462.1836,0.03276999,105.9171,97.0228,375.5242,384.4184,0.02662562,0.02725625,0.00136542,25.0513,22.1653,0.8567,43.7674,3.6473,1282.1697,51.0909,,25.0513,13.088,26.176,26.176,39.2639,52.3519,78.5279,13.088,0.0,2.0,3.0,0.957034,21,81,5,2,0E-8,0.03413541,,0E-8,0.000000,0.883224,0.261101,,2026-04-10,2026-04-27,11,132,87,18,0.611111,,,0.000000,,,,,,,,GLOBAL_BASELINE_NO_ENTITY_RANKING,,,NOT_APPLICABLE_GLOBAL_BASELINE,HF9g-P5,,,,X 全窗基线 · 不参与实体赏罚,8391247,840,A168_HF9F_20260827_0900,2026-08-27 09:00:00
2026-04-16,148497545,1940,0,65.4398869199,-39.9183310211,-39.9183310211,0.3333333,3,3,0.50665070000000000,0.506650700000,-0.6004420894325239,-0.6004420894325239,-0.6004420894325239,0E-17,ELIGIBLE,R03b_20260811_FULL_v1,L1_ELIGIBILITY,v2026-08-11,2026-03-21..2026-08-06,baccarat_bet02_101_all_pairs_incl_sentinel,round_win = game_pnl > 0 (decisive only),COMPATIBILITY_ONLY_NOT_PRODUCTION,14103.8662,12456.8751,481.4412,563,562,-0.03413541,,-0.03413541,-0.03413541,-481.4412,14103.8662,OK,0.0000,19.2576,4.0000,96.0000,AG03-UNRESOLVED,ALL5_LEVELS_bet23_to_bet27,19.2576,19.2576,19.2576,24.0721,24.0721,4.000000,4.000000,4.000000,5.000000,5.000000,96.000000,96.000000,96.000000,95.000000,95.000000,5.0,105.9171,97.0228,375.5242,384.4184,PENDING_AG03,FALSE,NOT_FOR_ENFORCEMENT,462.1836,11958.6001,481.4412,462.1836,19.2576,0.03413541,0.03276999,19.2576,462.1836,0.03276999,19.2576,19.2576,19.2576,24.0721,24.0721,462.1836,0.03276999,105.9171,97.0228,375.5242,384.4184,0.02662562,0.02725625,0.00136542,25.0513,22.1653,0.8567,43.7674,3.6473,1282.1697,51.0909,,25.0513,13.088,26.176,26.176,39.2639,52.3519,78.5279,13.088,0.0,2.0,3.0,0.957034,21,81,5,2,0E-8,0.03413541,,0E-8,0.000000,0.883224,0.261101,,2026-04-10,2026-04-27,11,132,87,18,0.611111,,,0.000000,,,,,,,,GLOBAL_BASELINE_NO_ENTITY_RANKING,,,NOT_APPLICABLE_GLOBAL_BASELINE,HF9g-P5,,,,X 全窗基线 · 不参与实体赏罚,8391248,840,A168_HF9F_20260827_0900,2026-08-27 09:00:00
2026-04-16,148497545,1942,0,117.7917964560,35.9919378060,35.9919378060,0.6666667,6,6,0.50218230000000000,0.502182300000,0.8058132132962729,0.8058132132962729,0.8058132132962729,0E-17,ELIGIBLE,R03b_20260811_FULL_v1,L1_ELIGIBILITY,v2026-08-11,2026-03-21..2026-08-06,baccarat_bet02_101_all_pairs_incl_sentinel,round_win = game_pnl > 0 (decisive only),COMPATIBILITY_ONLY_NOT_PRODUCTION,14103.8662,12456.8751,481.4412,563,562,-0.03413541,,-0.03413541,-0.03413541,-481.4412,14103.8662,OK,0.0000,19.2576,4.0000,96.0000,AG03-UNRESOLVED,ALL5_LEVELS_bet23_to_bet27,19.2576,19.2576,19.2576,24.0721,24.0721,4.000000,4.000000,4.000000,5.000000,5.000000,96.000000,96.000000,96.000000,95.000000,95.000000,5.0,105.9171,97.0228,375.5242,384.4184,PENDING_AG03,FALSE,NOT_FOR_ENFORCEMENT,462.1836,11958.6001,481.4412,462.1836,19.2576,0.03413541,0.03276999,19.2576,462.1836,0.03276999,19.2576,19.2576,19.2576,24.0721,24.0721,462.1836,0.03276999,105.9171,97.0228,375.5242,384.4184,0.02662562,0.02725625,0.00136542,25.0513,22.1653,0.8567,43.7674,3.6473,1282.1697,51.0909,,25.0513,13.088,26.176,26.176,39.2639,52.3519,78.5279,13.088,0.0,2.0,3.0,0.957034,21,81,5,2,0E-8,0.03413541,,0E-8,0.000000,0.883224,0.261101,,2026-04-10,2026-04-27,11,132,87,18,0.611111,,,0.000000,,,,,,,,GLOBAL_BASELINE_NO_ENTITY_RANKING,,,NOT_APPLICABLE_GLOBAL_BASELINE,HF9g-P5,,,,X 全窗基线 · 不参与实体赏罚,8391249,840,A168_HF9F_20260827_0900,2026-08-27 09:00:00
2026-04-16,148497545,2106,0,91.6158416879,-78.5278643039,-78.5278643039,0E-7,3,3,0.50665070000000000,0.506650700000,-1.4331513700195317,-1.4331513700195317,-1.4331513700195317,0E-17,ELIGIBLE,R03b_20260811_FULL_v1,L1_ELIGIBILITY,v2026-08-11,2026-03-21..2026-08-06,baccarat_bet02_101_all_pairs_incl_sentinel,round_win = game_pnl > 0 (decisive only),COMPATIBILITY_ONLY_NOT_PRODUCTION,14103.8662,12456.8751,481.4412,563,562,-0.03413541,,-0.03413541,-0.03413541,-481.4412,14103.8662,OK,0.0000,19.2576,4.0000,96.0000,AG03-UNRESOLVED,ALL5_LEVELS_bet23_to_bet27,19.2576,19.2576,19.2576,24.0721,24.0721,4.000000,4.000000,4.000000,5.000000,5.000000,96.000000,96.000000,96.000000,95.000000,95.000000,5.0,105.9171,97.0228,375.5242,384.4184,PENDING_AG03,FALSE,NOT_FOR_ENFORCEMENT,462.1836,11958.6001,481.4412,462.1836,19.2576,0.03413541,0.03276999,19.2576,462.1836,0.03276999,19.2576,19.2576,19.2576,24.0721,24.0721,462.1836,0.03276999,105.9171,97.0228,375.5242,384.4184,0.02662562,0.02725625,0.00136542,25.0513,22.1653,0.8567,43.7674,3.6473,1282.1697,51.0909,,25.0513,13.088,26.176,26.176,39.2639,52.3519,78.5279,13.088,0.0,2.0,3.0,0.957034,21,81,5,2,0E-8,0.03413541,,0E-8,0.000000,0.883224,0.261101,,2026-04-10,2026-04-27,11,132,87,18,0.611111,,,0.000000,,,,,,,,GLOBAL_BASELINE_NO_ENTITY_RANKING,,,NOT_APPLICABLE_GLOBAL_BASELINE,HF9g-P5,,,,X 全窗基线 · 不参与实体赏罚,8391250,840,A168_HF9F_20260827_0900,2026-08-27 09:00:00
2026-04-16,148497545,2108,0,105.7508572627,-54.7077454651,-54.7077454651,0.2000000,5,5,0.50665070000000000,0.506650700000,-1.3715049547573244,-1.3715049547573244,-1.3715049547573244,0E-17,ELIGIBLE,R03b_20260811_FULL_v1,L1_ELIGIBILITY,v2026-08-11,2026-03-21..2026-08-06,baccarat_bet02_101_all_pairs_incl_sentinel,round_win = game_pnl > 0 (decisive only),COMPATIBILITY_ONLY_NOT_PRODUCTION,14103.8662,12456.8751,481.4412,563,562,-0.03413541,,-0.03413541,-0.03413541,-481.4412,14103.8662,OK,0.0000,19.2576,4.0000,96.0000,AG03-UNRESOLVED,ALL5_LEVELS_bet23_to_bet27,19.2576,19.2576,19.2576,24.0721,24.0721,4.000000,4.000000,4.000000,5.000000,5.000000,96.000000,96.000000,96.000000,95.000000,95.000000,5.0,105.9171,97.0228,375.5242,384.4184,PENDING_AG03,FALSE,NOT_FOR_ENFORCEMENT,462.1836,11958.6001,481.4412,462.1836,19.2576,0.03413541,0.03276999,19.2576,462.1836,0.03276999,19.2576,19.2576,19.2576,24.0721,24.0721,462.1836,0.03276999,105.9171,97.0228,375.5242,384.4184,0.02662562,0.02725625,0.00136542,25.0513,22.1653,0.8567,43.7674,3.6473,1282.1697,51.0909,,25.0513,13.088,26.176,26.176,39.2639,52.3519,78.5279,13.088,0.0,2.0,3.0,0.957034,21,81,5,2,0E-8,0.03413541,,0E-8,0.000000,0.883224,0.261101,,2026-04-10,2026-04-27,11,132,87,18,0.611111,,,0.000000,,,,,,,,GLOBAL_BASELINE_NO_ENTITY_RANKING,,,NOT_APPLICABLE_GLOBAL_BASELINE,HF9g-P5,,,,X 全窗基线 · 不参与实体赏罚,8391251,840,A168_HF9F_20260827_0900,2026-08-27 09:00:00
2026-04-16,148497545,2145,0,39.2639321520,-26.1759547680,-26.1759547680,0E-7,2,2,0.49324550000000000,0.493245500000,-0.9865810262130424,-0.9865810262130424,-0.9865810262130424,0E-17,ELIGIBLE,R03b_20260811_FULL_v1,L1_ELIGIBILITY,v2026-08-11,2026-03-21..2026-08-06,baccarat_bet02_101_all_pairs_incl_sentinel,round_win = game_pnl > 0 (decisive only),COMPATIBILITY_ONLY_NOT_PRODUCTION,14103.8662,12456.8751,481.4412,563,562,-0.03413541,,-0.03413541,-0.03413541,-481.4412,14103.8662,OK,0.0000,19.2576,4.0000,96.0000,AG03-UNRESOLVED,ALL5_LEVELS_bet23_to_bet27,19.2576,19.2576,19.2576,24.0721,24.0721,4.000000,4.000000,4.000000,5.000000,5.000000,96.000000,96.000000,96.000000,95.000000,95.000000,5.0,105.9171,97.0228,375.5242,384.4184,PENDING_AG03,FALSE,NOT_FOR_ENFORCEMENT,462.1836,11958.6001,481.4412,462.1836,19.2576,0.03413541,0.03276999,19.2576,462.1836,0.03276999,19.2576,19.2576,19.2576,24.0721,24.0721,462.1836,0.03276999,105.9171,97.0228,375.5242,384.4184,0.02662562,0.02725625,0.00136542,25.0513,22.1653,0.8567,43.7674,3.6473,1282.1697,51.0909,,25.0513,13.088,26.176,26.176,39.2639,52.3519,78.5279,13.088,0.0,2.0,3.0,0.957034,21,81,5,2,0E-8,0.03413541,,0E-8,0.000000,0.883224,0.261101,,2026-04-10,2026-04-27,11,132,87,18,0.611111,,,0.000000,,,,,,,,GLOBAL_BASELINE_NO_ENTITY_RANKING,,,NOT_APPLICABLE_GLOBAL_BASELINE,HF9g-P5,,,,X 全窗基线 · 不参与实体赏罚,8391252,840,A168_HF9F_20260827_0900,2026-08-27 09:00:00
2026-04-16,148497545,2156,0,78.5278643039,49.7343140591,49.7343140591,1.0000000,3,3,0.50665070000000000,0.506650700000,1.3955260008387969,1.3955260008387969,1.3955260008387969,0E-17,ELIGIBLE,R03b_20260811_FULL_v1,L1_ELIGIBILITY,v2026-08-11,2026-03-21..2026-08-06,baccarat_bet02_101_all_pairs_incl_sentinel,round_win = game_pnl > 0 (decisive only),COMPATIBILITY_ONLY_NOT_PRODUCTION,14103.8662,12456.8751,481.4412,563,562,-0.03413541,,-0.03413541,-0.03413541,-481.4412,14103.8662,OK,0.0000,19.2576,4.0000,96.0000,AG03-UNRESOLVED,ALL5_LEVELS_bet23_to_bet27,19.2576,19.2576,19.2576,24.0721,24.0721,4.000000,4.000000,4.000000,5.000000,5.000000,96.000000,96.000000,96.000000,95.000000,95.000000,5.0,105.9171,97.0228,375.5242,384.4184,PENDING_AG03,FALSE,NOT_FOR_ENFORCEMENT,462.1836,11958.6001,481.4412,462.1836,19.2576,0.03413541,0.03276999,19.2576,462.1836,0.03276999,19.2576,19.2576,19.2576,24.0721,24.0721,462.1836,0.03276999,105.9171,97.0228,375.5242,384.4184,0.02662562,0.02725625,0.00136542,25.0513,22.1653,0.8567,43.7674,3.6473,1282.1697,51.0909,,25.0513,13.088,26.176,26.176,39.2639,52.3519,78.5279,13.088,0.0,2.0,3.0,0.957034,21,81,5,2,0E-8,0.03413541,,0E-8,0.000000,0.883224,0.261101,,2026-04-10,2026-04-27,11,132,87,18,0.611111,,,0.000000,,,,,,,,GLOBAL_BASELINE_NO_ENTITY_RANKING,,,NOT_APPLICABLE_GLOBAL_BASELINE,HF9g-P5,,,,X 全窗基线 · 不参与实体赏罚,8391253,840,A168_HF9F_20260827_0900,2026-08-27 09:00:00
2026-04-16,148497545,2196,0,91.6158416879,-39.2639321519,-39.2639321519,0.2500000,4,4,0.49659680000000000,0.496596800000,-0.9864100490137353,-0.9864100490137354,-0.9864100490137353,0E-17,ELIGIBLE,R03b_20260811_FULL_v1,L1_ELIGIBILITY,v2026-08-11,2026-03-21..2026-08-06,baccarat_bet02_101_all_pairs_incl_sentinel,round_win = game_pnl > 0 (decisive only),COMPATIBILITY_ONLY_NOT_PRODUCTION,14103.8662,12456.8751,481.4412,563,562,-0.03413541,,-0.03413541,-0.03413541,-481.4412,14103.8662,OK,0.0000,19.2576,4.0000,96.0000,AG03-UNRESOLVED,ALL5_LEVELS_bet23_to_bet27,19.2576,19.2576,19.2576,24.0721,24.0721,4.000000,4.000000,4.000000,5.000000,5.000000,96.000000,96.000000,96.000000,95.000000,95.000000,5.0,105.9171,97.0228,375.5242,384.4184,PENDING_AG03,FALSE,NOT_FOR_ENFORCEMENT,462.1836,11958.6001,481.4412,462.1836,19.2576,0.03413541,0.03276999,19.2576,462.1836,0.03276999,19.2576,19.2576,19.2576,24.0721,24.0721,462.1836,0.03276999,105.9171,97.0228,375.5242,384.4184,0.02662562,0.02725625,0.00136542,25.0513,22.1653,0.8567,43.7674,3.6473,1282.1697,51.0909,,25.0513,13.088,26.176,26.176,39.2639,52.3519,78.5279,13.088,0.0,2.0,3.0,0.957034,21,81,5,2,0E-8,0.03413541,,0E-8,0.000000,0.883224,0.261101,,2026-04-10,2026-04-27,11,132,87,18,0.611111,,,0.000000,,,,,,,,GLOBAL_BASELINE_NO_ENTITY_RANKING,,,NOT_APPLICABLE_GLOBAL_BASELINE,HF9g-P5,,,,X 全窗基线 · 不参与实体赏罚,8391254,840,A168_HF9F_20260827_0900,2026-08-27 09:00:00
2026-04-16,148497545,2201,0,52.3519095360,38.6095332828,38.6095332828,1.0000000,3,3,0.50218230000000000,0.502182300000,1.4080544974538591,1.4080544974538591,1.4080544974538591,0E-17,ELIGIBLE,R03b_20260811_FULL_v1,L1_ELIGIBILITY,v2026-08-11,2026-03-21..2026-08-06,baccarat_bet02_101_all_pairs_incl_sentinel,round_win = game_pnl > 0 (decisive only),COMPATIBILITY_ONLY_NOT_PRODUCTION,14103.8662,12456.8751,481.4412,563,562,-0.03413541,,-0.03413541,-0.03413541,-481.4412,14103.8662,OK,0.0000,19.2576,4.0000,96.0000,AG03-UNRESOLVED,ALL5_LEVELS_bet23_to_bet27,19.2576,19.2576,19.2576,24.0721,24.0721,4.000000,4.000000,4.000000,5.000000,5.000000,96.000000,96.000000,96.000000,95.000000,95.000000,5.0,105.9171,97.0228,375.5242,384.4184,PENDING_AG03,FALSE,NOT_FOR_ENFORCEMENT,462.1836,11958.6001,481.4412,462.1836,19.2576,0.03413541,0.03276999,19.2576,462.1836,0.03276999,19.2576,19.2576,19.2576,24.0721,24.0721,462.1836,0.03276999,105.9171,97.0228,375.5242,384.4184,0.02662562,0.02725625,0.00136542,25.0513,22.1653,0.8567,43.7674,3.6473,1282.1697,51.0909,,25.0513,13.088,26.176,26.176,39.2639,52.3519,78.5279,13.088,0.0,2.0,3.0,0.957034,21,81,5,2,0E-8,0.03413541,,0E-8,0.000000,0.883224,0.261101,,2026-04-10,2026-04-27,11,132,87,18,0.611111,,,0.000000,,,,,,,,GLOBAL_BASELINE_NO_ENTITY_RANKING,,,NOT_APPLICABLE_GLOBAL_BASELINE,HF9g-P5,,,,X 全窗基线 · 不参与实体赏罚,8391255,840,A168_HF9F_20260827_0900,2026-08-27 09:00:00
2026-04-16,148497545,2218,0,65.4398869200,0E-10,0E-10,0.3333333,4,4,0.49659680000000000,0.496596800000,-0.5655743394288276,-0.5655743394288276,-0.5655743394288276,0E-17,ELIGIBLE,R03b_20260811_FULL_v1,L1_ELIGIBILITY,v2026-08-11,2026-03-21..2026-08-06,baccarat_bet02_101_all_pairs_incl_sentinel,round_win = game_pnl > 0 (decisive only),COMPATIBILITY_ONLY_NOT_PRODUCTION,14103.8662,12456.8751,481.4412,563,562,-0.03413541,,-0.03413541,-0.03413541,-481.4412,14103.8662,OK,0.0000,19.2576,4.0000,96.0000,AG03-UNRESOLVED,ALL5_LEVELS_bet23_to_bet27,19.2576,19.2576,19.2576,24.0721,24.0721,4.000000,4.000000,4.000000,5.000000,5.000000,96.000000,96.000000,96.000000,95.000000,95.000000,5.0,105.9171,97.0228,375.5242,384.4184,PENDING_AG03,FALSE,NOT_FOR_ENFORCEMENT,462.1836,11958.6001,481.4412,462.1836,19.2576,0.03413541,0.03276999,19.2576,462.1836,0.03276999,19.2576,19.2576,19.2576,24.0721,24.0721,462.1836,0.03276999,105.9171,97.0228,375.5242,384.4184,0.02662562,0.02725625,0.00136542,25.0513,22.1653,0.8567,43.7674,3.6473,1282.1697,51.0909,,25.0513,13.088,26.176,26.176,39.2639,52.3519,78.5279,13.088,0.0,2.0,3.0,0.957034,21,81,5,2,0E-8,0.03413541,,0E-8,0.000000,0.883224,0.261101,,2026-04-10,2026-04-27,11,132,87,18,0.611111,,,0.000000,,,,,,,,GLOBAL_BASELINE_NO_ENTITY_RANKING,,,NOT_APPLICABLE_GLOBAL_BASELINE,HF9g-P5,,,,X 全窗基线 · 不参与实体赏罚,8391256,840,A168_HF9F_20260827_0900,2026-08-27 09:00:00
2026-04-16,148497545,2229,0,52.3519095359,39.2639321519,39.2639321519,1.0000000,2,2,0.49994810000000000,0.499948100000,1.0001038053877793,1.0001038053877793,1.0001038053877793,0E-17,ELIGIBLE,R03b_20260811_FULL_v1,L1_ELIGIBILITY,v2026-08-11,2026-03-21..2026-08-06,baccarat_bet02_101_all_pairs_incl_sentinel,round_win = game_pnl > 0 (decisive only),COMPATIBILITY_ONLY_NOT_PRODUCTION,14103.8662,12456.8751,481.4412,563,562,-0.03413541,,-0.03413541,-0.03413541,-481.4412,14103.8662,OK,0.0000,19.2576,4.0000,96.0000,AG03-UNRESOLVED,ALL5_LEVELS_bet23_to_bet27,19.2576,19.2576,19.2576,24.0721,24.0721,4.000000,4.000000,4.000000,5.000000,5.000000,96.000000,96.000000,96.000000,95.000000,95.000000,5.0,105.9171,97.0228,375.5242,384.4184,PENDING_AG03,FALSE,NOT_FOR_ENFORCEMENT,462.1836,11958.6001,481.4412,462.1836,19.2576,0.03413541,0.03276999,19.2576,462.1836,0.03276999,19.2576,19.2576,19.2576,24.0721,24.0721,462.1836,0.03276999,105.9171,97.0228,375.5242,384.4184,0.02662562,0.02725625,0.00136542,25.0513,22.1653,0.8567,43.7674,3.6473,1282.1697,51.0909,,25.0513,13.088,26.176,26.176,39.2639,52.3519,78.5279,13.088,0.0,2.0,3.0,0.957034,21,81,5,2,0E-8,0.03413541,,0E-8,0.000000,0.883224,0.261101,,2026-04-10,2026-04-27,11,132,87,18,0.611111,,,0.000000,,,,,,,,GLOBAL_BASELINE_NO_ENTITY_RANKING,,,NOT_APPLICABLE_GLOBAL_BASELINE,HF9g-P5,,,,X 全窗基线 · 不参与实体赏罚,8391257,840,A168_HF9F_20260827_0900,2026-08-27 09:00:00
2026-04-16,148497545,2234,0,26.1759547680,-26.1759547680,-26.1759547680,0E-7,2,2,0.49324550000000000,0.493245500000,-1.3952362676504506,-1.3952362676504506,-1.3952362676504506,0E-17,ELIGIBLE,R03b_20260811_FULL_v1,L1_ELIGIBILITY,v2026-08-11,2026-03-21..2026-08-06,baccarat_bet02_101_all_pairs_incl_sentinel,round_win = game_pnl > 0 (decisive only),COMPATIBILITY_ONLY_NOT_PRODUCTION,14103.8662,12456.8751,481.4412,563,562,-0.03413541,,-0.03413541,-0.03413541,-481.4412,14103.8662,OK,0.0000,19.2576,4.0000,96.0000,AG03-UNRESOLVED,ALL5_LEVELS_bet23_to_bet27,19.2576,19.2576,19.2576,24.0721,24.0721,4.000000,4.000000,4.000000,5.000000,5.000000,96.000000,96.000000,96.000000,95.000000,95.000000,5.0,105.9171,97.0228,375.5242,384.4184,PENDING_AG03,FALSE,NOT_FOR_ENFORCEMENT,462.1836,11958.6001,481.4412,462.1836,19.2576,0.03413541,0.03276999,19.2576,462.1836,0.03276999,19.2576,19.2576,19.2576,24.0721,24.0721,462.1836,0.03276999,105.9171,97.0228,375.5242,384.4184,0.02662562,0.02725625,0.00136542,25.0513,22.1653,0.8567,43.7674,3.6473,1282.1697,51.0909,,25.0513,13.088,26.176,26.176,39.2639,52.3519,78.5279,13.088,0.0,2.0,3.0,0.957034,21,81,5,2,0E-8,0.03413541,,0E-8,0.000000,0.883224,0.261101,,2026-04-10,2026-04-27,11,132,87,18,0.611111,,,0.000000,,,,,,,,GLOBAL_BASELINE_NO_ENTITY_RANKING,,,NOT_APPLICABLE_GLOBAL_BASELINE,HF9g-P5,,,,X 全窗基线 · 不参与实体赏罚,8391258,840,A168_HF9F_20260827_0900,2026-08-27 09:00:00
2026-04-16,148497545,462,0,52.3519095360,25.5215558988,25.5215558988,0.6666667,3,3,0.49771390000000000,0.497713900000,0.5852756695216578,0.5852756695216578,0.5852756695216578,0E-17,ELIGIBLE,R03b_20260811_FULL_v1,L1_ELIGIBILITY,v2026-08-11,2026-03-21..2026-08-06,baccarat_bet02_101_all_pairs_incl_sentinel,round_win = game_pnl > 0 (decisive only),COMPATIBILITY_ONLY_NOT_PRODUCTION,14103.8662,12456.8751,481.4412,563,562,-0.03413541,,-0.03413541,-0.03413541,-481.4412,14103.8662,OK,0.0000,19.2576,4.0000,96.0000,AG03-UNRESOLVED,ALL5_LEVELS_bet23_to_bet27,19.2576,19.2576,19.2576,24.0721,24.0721,4.000000,4.000000,4.000000,5.000000,5.000000,96.000000,96.000000,96.000000,95.000000,95.000000,5.0,105.9171,97.0228,375.5242,384.4184,PENDING_AG03,FALSE,NOT_FOR_ENFORCEMENT,462.1836,11958.6001,481.4412,462.1836,19.2576,0.03413541,0.03276999,19.2576,462.1836,0.03276999,19.2576,19.2576,19.2576,24.0721,24.0721,462.1836,0.03276999,105.9171,97.0228,375.5242,384.4184,0.02662562,0.02725625,0.00136542,25.0513,22.1653,0.8567,43.7674,3.6473,1282.1697,51.0909,,25.0513,13.088,26.176,26.176,39.2639,52.3519,78.5279,13.088,0.0,2.0,3.0,0.957034,21,81,5,2,0E-8,0.03413541,,0E-8,0.000000,0.883224,0.261101,,2026-04-10,2026-04-27,11,132,87,18,0.611111,,,0.000000,,,,,,,,GLOBAL_BASELINE_NO_ENTITY_RANKING,,,NOT_APPLICABLE_GLOBAL_BASELINE,HF9g-P5,,,,X 全窗基线 · 不参与实体赏罚,8391259,840,A168_HF9F_20260827_0900,2026-08-27 09:00:00
2026-04-16,148497545,583,0,13.0879773840,0E-10,0E-10,,1,1,0.49324550000000000,0.493245500000,,,,0E-17,NO_DECISIVE_ROUND,R03b_20260811_FULL_v1,L1_ELIGIBILITY,v2026-08-11,2026-03-21..2026-08-06,baccarat_bet02_101_all_pairs_incl_sentinel,round_win = game_pnl > 0 (decisive only),COMPATIBILITY_ONLY_NOT_PRODUCTION,14103.8662,12456.8751,481.4412,563,562,-0.03413541,,-0.03413541,-0.03413541,-481.4412,14103.8662,OK,0.0000,19.2576,4.0000,96.0000,AG03-UNRESOLVED,ALL5_LEVELS_bet23_to_bet27,19.2576,19.2576,19.2576,24.0721,24.0721,4.000000,4.000000,4.000000,5.000000,5.000000,96.000000,96.000000,96.000000,95.000000,95.000000,5.0,105.9171,97.0228,375.5242,384.4184,PENDING_AG03,FALSE,NOT_FOR_ENFORCEMENT,462.1836,11958.6001,481.4412,462.1836,19.2576,0.03413541,0.03276999,19.2576,462.1836,0.03276999,19.2576,19.2576,19.2576,24.0721,24.0721,462.1836,0.03276999,105.9171,97.0228,375.5242,384.4184,0.02662562,0.02725625,0.00136542,25.0513,22.1653,0.8567,43.7674,3.6473,1282.1697,51.0909,,25.0513,13.088,26.176,26.176,39.2639,52.3519,78.5279,13.088,0.0,2.0,3.0,0.957034,21,81,5,2,0E-8,0.03413541,,0E-8,0.000000,0.883224,0.261101,,2026-04-10,2026-04-27,11,132,87,18,0.611111,,,0.000000,,,,,,,,GLOBAL_BASELINE_NO_ENTITY_RANKING,,,NOT_APPLICABLE_GLOBAL_BASELINE,HF9g-P5,,,,X 全窗基线 · 不参与实体赏罚,8391260,840,A168_HF9F_20260827_0900,2026-08-27 09:00:00
2026-04-17,148497545,1306,0,222.4956155279,-52.3519095361,-52.3519095361,0.2857143,9,9,0.50069283333333333,0.500692833333,-1.137560640527468,-1.137560640525703,-1.137560640527468,3.3333E-13,ELIGIBLE,R03b_20260811_FULL_v1,L1_ELIGIBILITY,v2026-08-11,2026-03-21..2026-08-06,baccarat_bet02_101_all_pairs_incl_sentinel,round_win = game_pnl > 0 (decisive only),COMPATIBILITY_ONLY_NOT_PRODUCTION,14103.8662,12456.8751,481.4412,563,562,-0.03413541,,-0.03413541,-0.03413541,-481.4412,14103.8662,OK,0.0000,19.2576,4.0000,96.0000,AG03-UNRESOLVED,ALL5_LEVELS_bet23_to_bet27,19.2576,19.2576,19.2576,24.0721,24.0721,4.000000,4.000000,4.000000,5.000000,5.000000,96.000000,96.000000,96.000000,95.000000,95.000000,5.0,105.9171,97.0228,375.5242,384.4184,PENDING_AG03,FALSE,NOT_FOR_ENFORCEMENT,462.1836,11958.6001,481.4412,462.1836,19.2576,0.03413541,0.03276999,19.2576,462.1836,0.03276999,19.2576,19.2576,19.2576,24.0721,24.0721,462.1836,0.03276999,105.9171,97.0228,375.5242,384.4184,0.02662562,0.02725625,0.00136542,25.0513,22.1653,0.8567,43.7674,3.6473,1282.1697,51.0909,,25.0513,13.088,26.176,26.176,39.2639,52.3519,78.5279,13.088,0.0,2.0,3.0,0.957034,21,81,5,2,0E-8,0.03413541,,0E-8,0.000000,0.883224,0.261101,,2026-04-10,2026-04-27,11,132,87,18,0.611111,,,0.000000,,,,,,,,GLOBAL_BASELINE_NO_ENTITY_RANKING,,,NOT_APPLICABLE_GLOBAL_BASELINE,HF9g-P5,,,,X 全窗基线 · 不参与实体赏罚,8391261,840,A168_HF9F_20260827_0900,2026-08-27 09:00:00
2026-04-17,148497545,1384,0,26.1759547680,0E-10,0E-10,,1,1,0.50665070000000000,0.506650700000,,,,0E-17,NO_DECISIVE_ROUND,R03b_20260811_FULL_v1,L1_ELIGIBILITY,v2026-08-11,2026-03-21..2026-08-06,baccarat_bet02_101_all_pairs_incl_sentinel,round_win = game_pnl > 0 (decisive only),COMPATIBILITY_ONLY_NOT_PRODUCTION,14103.8662,12456.8751,481.4412,563,562,-0.03413541,,-0.03413541,-0.03413541,-481.4412,14103.8662,OK,0.0000,19.2576,4.0000,96.0000,AG03-UNRESOLVED,ALL5_LEVELS_bet23_to_bet27,19.2576,19.2576,19.2576,24.0721,24.0721,4.000000,4.000000,4.000000,5.000000,5.000000,96.000000,96.000000,96.000000,95.000000,95.000000,5.0,105.9171,97.0228,375.5242,384.4184,PENDING_AG03,FALSE,NOT_FOR_ENFORCEMENT,462.1836,11958.6001,481.4412,462.1836,19.2576,0.03413541,0.03276999,19.2576,462.1836,0.03276999,19.2576,19.2576,19.2576,24.0721,24.0721,462.1836,0.03276999,105.9171,97.0228,375.5242,384.4184,0.02662562,0.02725625,0.00136542,25.0513,22.1653,0.8567,43.7674,3.6473,1282.1697,51.0909,,25.0513,13.088,26.176,26.176,39.2639,52.3519,78.5279,13.088,0.0,2.0,3.0,0.957034,21,81,5,2,0E-8,0.03413541,,0E-8,0.000000,0.883224,0.261101,,2026-04-10,2026-04-27,11,132,87,18,0.611111,,,0.000000,,,,,,,,GLOBAL_BASELINE_NO_ENTITY_RANKING,,,NOT_APPLICABLE_GLOBAL_BASELINE,HF9g-P5,,,,X 全窗基线 · 不参与实体赏罚,8391262,840,A168_HF9F_20260827_0900,2026-08-27 09:00:00
2026-04-17,148497545,1623,0,60.9899746093,-60.9899746093,-60.9899746093,0E-7,2,2,0.50665070000000000,0.506650700000,-1.4331513700195317,-1.4331513700195317,-1.4331513700195317,0E-17,ELIGIBLE,R03b_20260811_FULL_v1,L1_ELIGIBILITY,v2026-08-11,2026-03-21..2026-08-06,baccarat_bet02_101_all_pairs_incl_sentinel,round_win = game_pnl > 0 (decisive only),COMPATIBILITY_ONLY_NOT_PRODUCTION,14103.8662,12456.8751,481.4412,563,562,-0.03413541,,-0.03413541,-0.03413541,-481.4412,14103.8662,OK,0.0000,19.2576,4.0000,96.0000,AG03-UNRESOLVED,ALL5_LEVELS_bet23_to_bet27,19.2576,19.2576,19.2576,24.0721,24.0721,4.000000,4.000000,4.000000,5.000000,5.000000,96.000000,96.000000,96.000000,95.000000,95.000000,5.0,105.9171,97.0228,375.5242,384.4184,PENDING_AG03,FALSE,NOT_FOR_ENFORCEMENT,462.1836,11958.6001,481.4412,462.1836,19.2576,0.03413541,0.03276999,19.2576,462.1836,0.03276999,19.2576,19.2576,19.2576,24.0721,24.0721,462.1836,0.03276999,105.9171,97.0228,375.5242,384.4184,0.02662562,0.02725625,0.00136542,25.0513,22.1653,0.8567,43.7674,3.6473,1282.1697,51.0909,,25.0513,13.088,26.176,26.176,39.2639,52.3519,78.5279,13.088,0.0,2.0,3.0,0.957034,21,81,5,2,0E-8,0.03413541,,0E-8,0.000000,0.883224,0.261101,,2026-04-10,2026-04-27,11,132,87,18,0.611111,,,0.000000,,,,,,,,GLOBAL_BASELINE_NO_ENTITY_RANKING,,,NOT_APPLICABLE_GLOBAL_BASELINE,HF9g-P5,,,,X 全窗基线 · 不参与实体赏罚,8391263,840,A168_HF9F_20260827_0900,2026-08-27 09:00:00
2026-04-17,148497545,1750,0,26.1759547680,-26.1759547680,-26.1759547680,0E-7,1,1,0.50665070000000000,0.506650700000,-1.013391052207602,-1.013391052207602,-1.013391052207602,0E-17,ELIGIBLE,R03b_20260811_FULL_v1,L1_ELIGIBILITY,v2026-08-11,2026-03-21..2026-08-06,baccarat_bet02_101_all_pairs_incl_sentinel,round_win = game_pnl > 0 (decisive only),COMPATIBILITY_ONLY_NOT_PRODUCTION,14103.8662,12456.8751,481.4412,563,562,-0.03413541,,-0.03413541,-0.03413541,-481.4412,14103.8662,OK,0.0000,19.2576,4.0000,96.0000,AG03-UNRESOLVED,ALL5_LEVELS_bet23_to_bet27,19.2576,19.2576,19.2576,24.0721,24.0721,4.000000,4.000000,4.000000,5.000000,5.000000,96.000000,96.000000,96.000000,95.000000,95.000000,5.0,105.9171,97.0228,375.5242,384.4184,PENDING_AG03,FALSE,NOT_FOR_ENFORCEMENT,462.1836,11958.6001,481.4412,462.1836,19.2576,0.03413541,0.03276999,19.2576,462.1836,0.03276999,19.2576,19.2576,19.2576,24.0721,24.0721,462.1836,0.03276999,105.9171,97.0228,375.5242,384.4184,0.02662562,0.02725625,0.00136542,25.0513,22.1653,0.8567,43.7674,3.6473,1282.1697,51.0909,,25.0513,13.088,26.176,26.176,39.2639,52.3519,78.5279,13.088,0.0,2.0,3.0,0.957034,21,81,5,2,0E-8,0.03413541,,0E-8,0.000000,0.883224,0.261101,,2026-04-10,2026-04-27,11,132,87,18,0.611111,,,0.000000,,,,,,,,GLOBAL_BASELINE_NO_ENTITY_RANKING,,,NOT_APPLICABLE_GLOBAL_BASELINE,HF9g-P5,,,,X 全窗基线 · 不参与实体赏罚,8391264,840,A168_HF9F_20260827_0900,2026-08-27 09:00:00
2026-04-17,148497545,1947,0,65.4398869200,-13.0879773840,-13.0879773840,0.3333333,3,3,0.50218230000000000,0.502182300000,-0.5849155494134425,-0.5849155494134426,-0.5849155494134425,0E-17,ELIGIBLE,R03b_20260811_FULL_v1,L1_ELIGIBILITY,v2026-08-11,2026-03-21..2026-08-06,baccarat_bet02_101_all_pairs_incl_sentinel,round_win = game_pnl > 0 (decisive only),COMPATIBILITY_ONLY_NOT_PRODUCTION,14103.8662,12456.8751,481.4412,563,562,-0.03413541,,-0.03413541,-0.03413541,-481.4412,14103.8662,OK,0.0000,19.2576,4.0000,96.0000,AG03-UNRESOLVED,ALL5_LEVELS_bet23_to_bet27,19.2576,19.2576,19.2576,24.0721,24.0721,4.000000,4.000000,4.000000,5.000000,5.000000,96.000000,96.000000,96.000000,95.000000,95.000000,5.0,105.9171,97.0228,375.5242,384.4184,PENDING_AG03,FALSE,NOT_FOR_ENFORCEMENT,462.1836,11958.6001,481.4412,462.1836,19.2576,0.03413541,0.03276999,19.2576,462.1836,0.03276999,19.2576,19.2576,19.2576,24.0721,24.0721,462.1836,0.03276999,105.9171,97.0228,375.5242,384.4184,0.02662562,0.02725625,0.00136542,25.0513,22.1653,0.8567,43.7674,3.6473,1282.1697,51.0909,,25.0513,13.088,26.176,26.176,39.2639,52.3519,78.5279,13.088,0.0,2.0,3.0,0.957034,21,81,5,2,0E-8,0.03413541,,0E-8,0.000000,0.883224,0.261101,,2026-04-10,2026-04-27,11,132,87,18,0.611111,,,0.000000,,,,,,,,GLOBAL_BASELINE_NO_ENTITY_RANKING,,,NOT_APPLICABLE_GLOBAL_BASELINE,HF9g-P5,,,,X 全窗基线 · 不参与实体赏罚,8391265,840,A168_HF9F_20260827_0900,2026-08-27 09:00:00
2026-04-17,148497545,2141,0,52.3519095360,-1.3087977384,-1.3087977384,0.5000000,4,4,0.50329940000000000,0.503299400000,-0.01319788734859681,-0.01319788734859681,-0.01319788734859681,0E-17,ELIGIBLE,R03b_20260811_FULL_v1,L1_ELIGIBILITY,v2026-08-11,2026-03-21..2026-08-06,baccarat_bet02_101_all_pairs_incl_sentinel,round_win = game_pnl > 0 (decisive only),COMPATIBILITY_ONLY_NOT_PRODUCTION,14103.8662,12456.8751,481.4412,563,562,-0.03413541,,-0.03413541,-0.03413541,-481.4412,14103.8662,OK,0.0000,19.2576,4.0000,96.0000,AG03-UNRESOLVED,ALL5_LEVELS_bet23_to_bet27,19.2576,19.2576,19.2576,24.0721,24.0721,4.000000,4.000000,4.000000,5.000000,5.000000,96.000000,96.000000,96.000000,95.000000,95.000000,5.0,105.9171,97.0228,375.5242,384.4184,PENDING_AG03,FALSE,NOT_FOR_ENFORCEMENT,462.1836,11958.6001,481.4412,462.1836,19.2576,0.03413541,0.03276999,19.2576,462.1836,0.03276999,19.2576,19.2576,19.2576,24.0721,24.0721,462.1836,0.03276999,105.9171,97.0228,375.5242,384.4184,0.02662562,0.02725625,0.00136542,25.0513,22.1653,0.8567,43.7674,3.6473,1282.1697,51.0909,,25.0513,13.088,26.176,26.176,39.2639,52.3519,78.5279,13.088,0.0,2.0,3.0,0.957034,21,81,5,2,0E-8,0.03413541,,0E-8,0.000000,0.883224,0.261101,,2026-04-10,2026-04-27,11,132,87,18,0.611111,,,0.000000,,,,,,,,GLOBAL_BASELINE_NO_ENTITY_RANKING,,,NOT_APPLICABLE_GLOBAL_BASELINE,HF9g-P5,,,,X 全窗基线 · 不参与实体赏罚,8391266,840,A168_HF9F_20260827_0900,2026-08-27 09:00:00
2026-04-17,148497545,2171,0,485.8257204932,43.5829646886,43.5829646886,0.6153846,14,14,0.49899058571428571,0.498990585714,0.8393309946878182,0.8393309946898795,0.8393309946878182,2.8571E-13,ELIGIBLE,R03b_20260811_FULL_v1,L1_ELIGIBILITY,v2026-08-11,2026-03-21..2026-08-06,baccarat_bet02_101_all_pairs_incl_sentinel,round_win = game_pnl > 0 (decisive only),COMPATIBILITY_ONLY_NOT_PRODUCTION,14103.8662,12456.8751,481.4412,563,562,-0.03413541,,-0.03413541,-0.03413541,-481.4412,14103.8662,OK,0.0000,19.2576,4.0000,96.0000,AG03-UNRESOLVED,ALL5_LEVELS_bet23_to_bet27,19.2576,19.2576,19.2576,24.0721,24.0721,4.000000,4.000000,4.000000,5.000000,5.000000,96.000000,96.000000,96.000000,95.000000,95.000000,5.0,105.9171,97.0228,375.5242,384.4184,PENDING_AG03,FALSE,NOT_FOR_ENFORCEMENT,462.1836,11958.6001,481.4412,462.1836,19.2576,0.03413541,0.03276999,19.2576,462.1836,0.03276999,19.2576,19.2576,19.2576,24.0721,24.0721,462.1836,0.03276999,105.9171,97.0228,375.5242,384.4184,0.02662562,0.02725625,0.00136542,25.0513,22.1653,0.8567,43.7674,3.6473,1282.1697,51.0909,,25.0513,13.088,26.176,26.176,39.2639,52.3519,78.5279,13.088,0.0,2.0,3.0,0.957034,21,81,5,2,0E-8,0.03413541,,0E-8,0.000000,0.883224,0.261101,,2026-04-10,2026-04-27,11,132,87,18,0.611111,,,0.000000,,,,,,,,GLOBAL_BASELINE_NO_ENTITY_RANKING,,,NOT_APPLICABLE_GLOBAL_BASELINE,HF9g-P5,,,,X 全窗基线 · 不参与实体赏罚,8391267,840,A168_HF9F_20260827_0900,2026-08-27 09:00:00
2026-04-17,148497545,2174,0,52.3519095359,-52.3519095359,-52.3519095359,0E-7,2,2,0.49324550000000000,0.493245500000,-1.3952362676504506,-1.3952362676504506,-1.3952362676504506,0E-17,ELIGIBLE,R03b_20260811_FULL_v1,L1_ELIGIBILITY,v2026-08-11,2026-03-21..2026-08-06,baccarat_bet02_101_all_pairs_incl_sentinel,round_win = game_pnl > 0 (decisive only),COMPATIBILITY_ONLY_NOT_PRODUCTION,14103.8662,12456.8751,481.4412,563,562,-0.03413541,,-0.03413541,-0.03413541,-481.4412,14103.8662,OK,0.0000,19.2576,4.0000,96.0000,AG03-UNRESOLVED,ALL5_LEVELS_bet23_to_bet27,19.2576,19.2576,19.2576,24.0721,24.0721,4.000000,4.000000,4.000000,5.000000,5.000000,96.000000,96.000000,96.000000,95.000000,95.000000,5.0,105.9171,97.0228,375.5242,384.4184,PENDING_AG03,FALSE,NOT_FOR_ENFORCEMENT,462.1836,11958.6001,481.4412,462.1836,19.2576,0.03413541,0.03276999,19.2576,462.1836,0.03276999,19.2576,19.2576,19.2576,24.0721,24.0721,462.1836,0.03276999,105.9171,97.0228,375.5242,384.4184,0.02662562,0.02725625,0.00136542,25.0513,22.1653,0.8567,43.7674,3.6473,1282.1697,51.0909,,25.0513,13.088,26.176,26.176,39.2639,52.3519,78.5279,13.088,0.0,2.0,3.0,0.957034,21,81,5,2,0E-8,0.03413541,,0E-8,0.000000,0.883224,0.261101,,2026-04-10,2026-04-27,11,132,87,18,0.611111,,,0.000000,,,,,,,,GLOBAL_BASELINE_NO_ENTITY_RANKING,,,NOT_APPLICABLE_GLOBAL_BASELINE,HF9g-P5,,,,X 全窗基线 · 不参与实体赏罚,8391268,840,A168_HF9F_20260827_0900,2026-08-27 09:00:00
2026-04-17,148497545,2177,0,143.9677512240,23.5583592912,23.5583592912,0.6000000,7,7,0.50473567142857143,0.504735671429,0.4260541393395541,0.4260541393376408,0.4260541393395541,-4.2857E-13,ELIGIBLE,R03b_20260811_FULL_v1,L1_ELIGIBILITY,v2026-08-11,2026-03-21..2026-08-06,baccarat_bet02_101_all_pairs_incl_sentinel,round_win = game_pnl > 0 (decisive only),COMPATIBILITY_ONLY_NOT_PRODUCTION,14103.8662,12456.8751,481.4412,563,562,-0.03413541,,-0.03413541,-0.03413541,-481.4412,14103.8662,OK,0.0000,19.2576,4.0000,96.0000,AG03-UNRESOLVED,ALL5_LEVELS_bet23_to_bet27,19.2576,19.2576,19.2576,24.0721,24.0721,4.000000,4.000000,4.000000,5.000000,5.000000,96.000000,96.000000,96.000000,95.000000,95.000000,5.0,105.9171,97.0228,375.5242,384.4184,PENDING_AG03,FALSE,NOT_FOR_ENFORCEMENT,462.1836,11958.6001,481.4412,462.1836,19.2576,0.03413541,0.03276999,19.2576,462.1836,0.03276999,19.2576,19.2576,19.2576,24.0721,24.0721,462.1836,0.03276999,105.9171,97.0228,375.5242,384.4184,0.02662562,0.02725625,0.00136542,25.0513,22.1653,0.8567,43.7674,3.6473,1282.1697,51.0909,,25.0513,13.088,26.176,26.176,39.2639,52.3519,78.5279,13.088,0.0,2.0,3.0,0.957034,21,81,5,2,0E-8,0.03413541,,0E-8,0.000000,0.883224,0.261101,,2026-04-10,2026-04-27,11,132,87,18,0.611111,,,0.000000,,,,,,,,GLOBAL_BASELINE_NO_ENTITY_RANKING,,,NOT_APPLICABLE_GLOBAL_BASELINE,HF9g-P5,,,,X 全窗基线 · 不参与实体赏罚,8391269,840,A168_HF9F_20260827_0900,2026-08-27 09:00:00
2026-04-17,148497545,2251,0,196.3196607600,10.4703819072,10.4703819072,0.5555556,10,10,0.49860758000000000,0.498607580000,0.34168917829272333,0.34168917829272333,0.34168917829272333,0E-17,ELIGIBLE,R03b_20260811_FULL_v1,L1_ELIGIBILITY,v2026-08-11,2026-03-21..2026-08-06,baccarat_bet02_101_all_pairs_incl_sentinel,round_win = game_pnl > 0 (decisive only),COMPATIBILITY_ONLY_NOT_PRODUCTION,14103.8662,12456.8751,481.4412,563,562,-0.03413541,,-0.03413541,-0.03413541,-481.4412,14103.8662,OK,0.0000,19.2576,4.0000,96.0000,AG03-UNRESOLVED,ALL5_LEVELS_bet23_to_bet27,19.2576,19.2576,19.2576,24.0721,24.0721,4.000000,4.000000,4.000000,5.000000,5.000000,96.000000,96.000000,96.000000,95.000000,95.000000,5.0,105.9171,97.0228,375.5242,384.4184,PENDING_AG03,FALSE,NOT_FOR_ENFORCEMENT,462.1836,11958.6001,481.4412,462.1836,19.2576,0.03413541,0.03276999,19.2576,462.1836,0.03276999,19.2576,19.2576,19.2576,24.0721,24.0721,462.1836,0.03276999,105.9171,97.0228,375.5242,384.4184,0.02662562,0.02725625,0.00136542,25.0513,22.1653,0.8567,43.7674,3.6473,1282.1697,51.0909,,25.0513,13.088,26.176,26.176,39.2639,52.3519,78.5279,13.088,0.0,2.0,3.0,0.957034,21,81,5,2,0E-8,0.03413541,,0E-8,0.000000,0.883224,0.261101,,2026-04-10,2026-04-27,11,132,87,18,0.611111,,,0.000000,,,,,,,,GLOBAL_BASELINE_NO_ENTITY_RANKING,,,NOT_APPLICABLE_GLOBAL_BASELINE,HF9g-P5,,,,X 全窗基线 · 不参与实体赏罚,8391270,840,A168_HF9F_20260827_0900,2026-08-27 09:00:00
2026-04-17,148497545,526,0,13.0879773840,-13.0879773840,-13.0879773840,0E-7,1,1,0.49324550000000000,0.493245500000,-0.9865810262130424,-0.9865810262130424,-0.9865810262130424,0E-17,ELIGIBLE,R03b_20260811_FULL_v1,L1_ELIGIBILITY,v2026-08-11,2026-03-21..2026-08-06,baccarat_bet02_101_all_pairs_incl_sentinel,round_win = game_pnl > 0 (decisive only),COMPATIBILITY_ONLY_NOT_PRODUCTION,14103.8662,12456.8751,481.4412,563,562,-0.03413541,,-0.03413541,-0.03413541,-481.4412,14103.8662,OK,0.0000,19.2576,4.0000,96.0000,AG03-UNRESOLVED,ALL5_LEVELS_bet23_to_bet27,19.2576,19.2576,19.2576,24.0721,24.0721,4.000000,4.000000,4.000000,5.000000,5.000000,96.000000,96.000000,96.000000,95.000000,95.000000,5.0,105.9171,97.0228,375.5242,384.4184,PENDING_AG03,FALSE,NOT_FOR_ENFORCEMENT,462.1836,11958.6001,481.4412,462.1836,19.2576,0.03413541,0.03276999,19.2576,462.1836,0.03276999,19.2576,19.2576,19.2576,24.0721,24.0721,462.1836,0.03276999,105.9171,97.0228,375.5242,384.4184,0.02662562,0.02725625,0.00136542,25.0513,22.1653,0.8567,43.7674,3.6473,1282.1697,51.0909,,25.0513,13.088,26.176,26.176,39.2639,52.3519,78.5279,13.088,0.0,2.0,3.0,0.957034,21,81,5,2,0E-8,0.03413541,,0E-8,0.000000,0.883224,0.261101,,2026-04-10,2026-04-27,11,132,87,18,0.611111,,,0.000000,,,,,,,,GLOBAL_BASELINE_NO_ENTITY_RANKING,,,NOT_APPLICABLE_GLOBAL_BASELINE,HF9g-P5,,,,X 全窗基线 · 不参与实体赏罚,8391271,840,A168_HF9F_20260827_0900,2026-08-27 09:00:00
2026-04-18,148497545,1507,0,13.0879773840,-13.0879773840,-13.0879773840,0E-7,1,1,0.50665070000000000,0.506650700000,-1.013391052207602,-1.013391052207602,-1.013391052207602,0E-17,ELIGIBLE,R03b_20260811_FULL_v1,L1_ELIGIBILITY,v2026-08-11,2026-03-21..2026-08-06,baccarat_bet02_101_all_pairs_incl_sentinel,round_win = game_pnl > 0 (decisive only),COMPATIBILITY_ONLY_NOT_PRODUCTION,14103.8662,12456.8751,481.4412,563,562,-0.03413541,,-0.03413541,-0.03413541,-481.4412,14103.8662,OK,0.0000,19.2576,4.0000,96.0000,AG03-UNRESOLVED,ALL5_LEVELS_bet23_to_bet27,19.2576,19.2576,19.2576,24.0721,24.0721,4.000000,4.000000,4.000000,5.000000,5.000000,96.000000,96.000000,96.000000,95.000000,95.000000,5.0,105.9171,97.0228,375.5242,384.4184,PENDING_AG03,FALSE,NOT_FOR_ENFORCEMENT,462.1836,11958.6001,481.4412,462.1836,19.2576,0.03413541,0.03276999,19.2576,462.1836,0.03276999,19.2576,19.2576,19.2576,24.0721,24.0721,462.1836,0.03276999,105.9171,97.0228,375.5242,384.4184,0.02662562,0.02725625,0.00136542,25.0513,22.1653,0.8567,43.7674,3.6473,1282.1697,51.0909,,25.0513,13.088,26.176,26.176,39.2639,52.3519,78.5279,13.088,0.0,2.0,3.0,0.957034,21,81,5,2,0E-8,0.03413541,,0E-8,0.000000,0.883224,0.261101,,2026-04-10,2026-04-27,11,132,87,18,0.611111,,,0.000000,,,,,,,,GLOBAL_BASELINE_NO_ENTITY_RANKING,,,NOT_APPLICABLE_GLOBAL_BASELINE,HF9g-P5,,,,X 全窗基线 · 不参与实体赏罚,8391272,840,A168_HF9F_20260827_0900,2026-08-27 09:00:00
2026-04-19,148497545,2252,0,261.7595476795,-261.7595476795,-261.7595476795,0E-7,1,1,0.50665070000000000,0.506650700000,-1.013391052207602,-1.013391052207602,-1.013391052207602,0E-17,ELIGIBLE,R03b_20260811_FULL_v1,L1_ELIGIBILITY,v2026-08-11,2026-03-21..2026-08-06,baccarat_bet02_101_all_pairs_incl_sentinel,round_win = game_pnl > 0 (decisive only),COMPATIBILITY_ONLY_NOT_PRODUCTION,14103.8662,12456.8751,481.4412,563,562,-0.03413541,,-0.03413541,-0.03413541,-481.4412,14103.8662,OK,0.0000,19.2576,4.0000,96.0000,AG03-UNRESOLVED,ALL5_LEVELS_bet23_to_bet27,19.2576,19.2576,19.2576,24.0721,24.0721,4.000000,4.000000,4.000000,5.000000,5.000000,96.000000,96.000000,96.000000,95.000000,95.000000,5.0,105.9171,97.0228,375.5242,384.4184,PENDING_AG03,FALSE,NOT_FOR_ENFORCEMENT,462.1836,11958.6001,481.4412,462.1836,19.2576,0.03413541,0.03276999,19.2576,462.1836,0.03276999,19.2576,19.2576,19.2576,24.0721,24.0721,462.1836,0.03276999,105.9171,97.0228,375.5242,384.4184,0.02662562,0.02725625,0.00136542,25.0513,22.1653,0.8567,43.7674,3.6473,1282.1697,51.0909,,25.0513,13.088,26.176,26.176,39.2639,52.3519,78.5279,13.088,0.0,2.0,3.0,0.957034,21,81,5,2,0E-8,0.03413541,,0E-8,0.000000,0.883224,0.261101,,2026-04-10,2026-04-27,11,132,87,18,0.611111,,,0.000000,,,,,,,,GLOBAL_BASELINE_NO_ENTITY_RANKING,,,NOT_APPLICABLE_GLOBAL_BASELINE,HF9g-P5,,,,X 全窗基线 · 不参与实体赏罚,8391273,840,A168_HF9F_20260827_0900,2026-08-27 09:00:00
2026-04-19,148497545,994,0,130.8797738398,-130.8797738398,-130.8797738398,0E-7,1,1,0.50665070000000000,0.506650700000,-1.013391052207602,-1.013391052207602,-1.013391052207602,0E-17,ELIGIBLE,R03b_20260811_FULL_v1,L1_ELIGIBILITY,v2026-08-11,2026-03-21..2026-08-06,baccarat_bet02_101_all_pairs_incl_sentinel,round_win = game_pnl > 0 (decisive only),COMPATIBILITY_ONLY_NOT_PRODUCTION,14103.8662,12456.8751,481.4412,563,562,-0.03413541,,-0.03413541,-0.03413541,-481.4412,14103.8662,OK,0.0000,19.2576,4.0000,96.0000,AG03-UNRESOLVED,ALL5_LEVELS_bet23_to_bet27,19.2576,19.2576,19.2576,24.0721,24.0721,4.000000,4.000000,4.000000,5.000000,5.000000,96.000000,96.000000,96.000000,95.000000,95.000000,5.0,105.9171,97.0228,375.5242,384.4184,PENDING_AG03,FALSE,NOT_FOR_ENFORCEMENT,462.1836,11958.6001,481.4412,462.1836,19.2576,0.03413541,0.03276999,19.2576,462.1836,0.03276999,19.2576,19.2576,19.2576,24.0721,24.0721,462.1836,0.03276999,105.9171,97.0228,375.5242,384.4184,0.02662562,0.02725625,0.00136542,25.0513,22.1653,0.8567,43.7674,3.6473,1282.1697,51.0909,,25.0513,13.088,26.176,26.176,39.2639,52.3519,78.5279,13.088,0.0,2.0,3.0,0.957034,21,81,5,2,0E-8,0.03413541,,0E-8,0.000000,0.883224,0.261101,,2026-04-10,2026-04-27,11,132,87,18,0.611111,,,0.000000,,,,,,,,GLOBAL_BASELINE_NO_ENTITY_RANKING,,,NOT_APPLICABLE_GLOBAL_BASELINE,HF9g-P5,,,,X 全窗基线 · 不参与实体赏罚,8391274,840,A168_HF9F_20260827_0900,2026-08-27 09:00:00
2026-04-21,148497545,1109,0,52.3519095359,-26.8303536371,-26.8303536371,0.5000000,2,2,0.49994810000000000,0.499948100000,0.00014679536856514622,0.00014679536856514622,0.00014679536856514622,0E-17,ELIGIBLE,R03b_20260811_FULL_v1,L1_ELIGIBILITY,v2026-08-11,2026-03-21..2026-08-06,baccarat_bet02_101_all_pairs_incl_sentinel,round_win = game_pnl > 0 (decisive only),COMPATIBILITY_ONLY_NOT_PRODUCTION,14103.8662,12456.8751,481.4412,563,562,-0.03413541,,-0.03413541,-0.03413541,-481.4412,14103.8662,OK,0.0000,19.2576,4.0000,96.0000,AG03-UNRESOLVED,ALL5_LEVELS_bet23_to_bet27,19.2576,19.2576,19.2576,24.0721,24.0721,4.000000,4.000000,4.000000,5.000000,5.000000,96.000000,96.000000,96.000000,95.000000,95.000000,5.0,105.9171,97.0228,375.5242,384.4184,PENDING_AG03,FALSE,NOT_FOR_ENFORCEMENT,462.1836,11958.6001,481.4412,462.1836,19.2576,0.03413541,0.03276999,19.2576,462.1836,0.03276999,19.2576,19.2576,19.2576,24.0721,24.0721,462.1836,0.03276999,105.9171,97.0228,375.5242,384.4184,0.02662562,0.02725625,0.00136542,25.0513,22.1653,0.8567,43.7674,3.6473,1282.1697,51.0909,,25.0513,13.088,26.176,26.176,39.2639,52.3519,78.5279,13.088,0.0,2.0,3.0,0.957034,21,81,5,2,0E-8,0.03413541,,0E-8,0.000000,0.883224,0.261101,,2026-04-10,2026-04-27,11,132,87,18,0.611111,,,0.000000,,,,,,,,GLOBAL_BASELINE_NO_ENTITY_RANKING,,,NOT_APPLICABLE_GLOBAL_BASELINE,HF9g-P5,,,,X 全窗基线 · 不参与实体赏罚,8391275,840,A168_HF9F_20260827_0900,2026-08-27 09:00:00
2026-04-21,148497545,1330,0,26.1759547680,-26.1759547680,-26.1759547680,0E-7,1,1,0.49324550000000000,0.493245500000,-0.9865810262130424,-0.9865810262130424,-0.9865810262130424,0E-17,ELIGIBLE,R03b_20260811_FULL_v1,L1_ELIGIBILITY,v2026-08-11,2026-03-21..2026-08-06,baccarat_bet02_101_all_pairs_incl_sentinel,round_win = game_pnl > 0 (decisive only),COMPATIBILITY_ONLY_NOT_PRODUCTION,14103.8662,12456.8751,481.4412,563,562,-0.03413541,,-0.03413541,-0.03413541,-481.4412,14103.8662,OK,0.0000,19.2576,4.0000,96.0000,AG03-UNRESOLVED,ALL5_LEVELS_bet23_to_bet27,19.2576,19.2576,19.2576,24.0721,24.0721,4.000000,4.000000,4.000000,5.000000,5.000000,96.000000,96.000000,96.000000,95.000000,95.000000,5.0,105.9171,97.0228,375.5242,384.4184,PENDING_AG03,FALSE,NOT_FOR_ENFORCEMENT,462.1836,11958.6001,481.4412,462.1836,19.2576,0.03413541,0.03276999,19.2576,462.1836,0.03276999,19.2576,19.2576,19.2576,24.0721,24.0721,462.1836,0.03276999,105.9171,97.0228,375.5242,384.4184,0.02662562,0.02725625,0.00136542,25.0513,22.1653,0.8567,43.7674,3.6473,1282.1697,51.0909,,25.0513,13.088,26.176,26.176,39.2639,52.3519,78.5279,13.088,0.0,2.0,3.0,0.957034,21,81,5,2,0E-8,0.03413541,,0E-8,0.000000,0.883224,0.261101,,2026-04-10,2026-04-27,11,132,87,18,0.611111,,,0.000000,,,,,,,,GLOBAL_BASELINE_NO_ENTITY_RANKING,,,NOT_APPLICABLE_GLOBAL_BASELINE,HF9g-P5,,,,X 全窗基线 · 不参与实体赏罚,8391276,840,A168_HF9F_20260827_0900,2026-08-27 09:00:00
2026-04-21,148497545,1942,0,26.1759547680,-0.6543988692,-0.6543988692,0.5000000,2,2,0.50665070000000000,0.506650700000,-0.018812684590367487,-0.018812684590367487,-0.018812684590367487,0E-17,ELIGIBLE,R03b_20260811_FULL_v1,L1_ELIGIBILITY,v2026-08-11,2026-03-21..2026-08-06,baccarat_bet02_101_all_pairs_incl_sentinel,round_win = game_pnl > 0 (decisive only),COMPATIBILITY_ONLY_NOT_PRODUCTION,14103.8662,12456.8751,481.4412,563,562,-0.03413541,,-0.03413541,-0.03413541,-481.4412,14103.8662,OK,0.0000,19.2576,4.0000,96.0000,AG03-UNRESOLVED,ALL5_LEVELS_bet23_to_bet27,19.2576,19.2576,19.2576,24.0721,24.0721,4.000000,4.000000,4.000000,5.000000,5.000000,96.000000,96.000000,96.000000,95.000000,95.000000,5.0,105.9171,97.0228,375.5242,384.4184,PENDING_AG03,FALSE,NOT_FOR_ENFORCEMENT,462.1836,11958.6001,481.4412,462.1836,19.2576,0.03413541,0.03276999,19.2576,462.1836,0.03276999,19.2576,19.2576,19.2576,24.0721,24.0721,462.1836,0.03276999,105.9171,97.0228,375.5242,384.4184,0.02662562,0.02725625,0.00136542,25.0513,22.1653,0.8567,43.7674,3.6473,1282.1697,51.0909,,25.0513,13.088,26.176,26.176,39.2639,52.3519,78.5279,13.088,0.0,2.0,3.0,0.957034,21,81,5,2,0E-8,0.03413541,,0E-8,0.000000,0.883224,0.261101,,2026-04-10,2026-04-27,11,132,87,18,0.611111,,,0.000000,,,,,,,,GLOBAL_BASELINE_NO_ENTITY_RANKING,,,NOT_APPLICABLE_GLOBAL_BASELINE,HF9g-P5,,,,X 全窗基线 · 不参与实体赏罚,8391277,840,A168_HF9F_20260827_0900,2026-08-27 09:00:00
2026-04-21,148497545,2174,0,39.2639321520,-13.0879773840,-13.0879773840,0E-7,2,2,0.50665070000000000,0.506650700000,-1.013391052207602,-1.013391052207602,-1.013391052207602,0E-17,ELIGIBLE,R03b_20260811_FULL_v1,L1_ELIGIBILITY,v2026-08-11,2026-03-21..2026-08-06,baccarat_bet02_101_all_pairs_incl_sentinel,round_win = game_pnl > 0 (decisive only),COMPATIBILITY_ONLY_NOT_PRODUCTION,14103.8662,12456.8751,481.4412,563,562,-0.03413541,,-0.03413541,-0.03413541,-481.4412,14103.8662,OK,0.0000,19.2576,4.0000,96.0000,AG03-UNRESOLVED,ALL5_LEVELS_bet23_to_bet27,19.2576,19.2576,19.2576,24.0721,24.0721,4.000000,4.000000,4.000000,5.000000,5.000000,96.000000,96.000000,96.000000,95.000000,95.000000,5.0,105.9171,97.0228,375.5242,384.4184,PENDING_AG03,FALSE,NOT_FOR_ENFORCEMENT,462.1836,11958.6001,481.4412,462.1836,19.2576,0.03413541,0.03276999,19.2576,462.1836,0.03276999,19.2576,19.2576,19.2576,24.0721,24.0721,462.1836,0.03276999,105.9171,97.0228,375.5242,384.4184,0.02662562,0.02725625,0.00136542,25.0513,22.1653,0.8567,43.7674,3.6473,1282.1697,51.0909,,25.0513,13.088,26.176,26.176,39.2639,52.3519,78.5279,13.088,0.0,2.0,3.0,0.957034,21,81,5,2,0E-8,0.03413541,,0E-8,0.000000,0.883224,0.261101,,2026-04-10,2026-04-27,11,132,87,18,0.611111,,,0.000000,,,,,,,,GLOBAL_BASELINE_NO_ENTITY_RANKING,,,NOT_APPLICABLE_GLOBAL_BASELINE,HF9g-P5,,,,X 全窗基线 · 不参与实体赏罚,8391278,840,A168_HF9F_20260827_0900,2026-08-27 09:00:00
2026-04-21,148497545,2220,0,78.2661047562,-78.2661047562,-78.2661047562,0E-7,3,3,0.49324550000000000,0.493245500000,-1.708808463184432,-1.7088084631844318,-1.708808463184432,0E-17,ELIGIBLE,R03b_20260811_FULL_v1,L1_ELIGIBILITY,v2026-08-11,2026-03-21..2026-08-06,baccarat_bet02_101_all_pairs_incl_sentinel,round_win = game_pnl > 0 (decisive only),COMPATIBILITY_ONLY_NOT_PRODUCTION,14103.8662,12456.8751,481.4412,563,562,-0.03413541,,-0.03413541,-0.03413541,-481.4412,14103.8662,OK,0.0000,19.2576,4.0000,96.0000,AG03-UNRESOLVED,ALL5_LEVELS_bet23_to_bet27,19.2576,19.2576,19.2576,24.0721,24.0721,4.000000,4.000000,4.000000,5.000000,5.000000,96.000000,96.000000,96.000000,95.000000,95.000000,5.0,105.9171,97.0228,375.5242,384.4184,PENDING_AG03,FALSE,NOT_FOR_ENFORCEMENT,462.1836,11958.6001,481.4412,462.1836,19.2576,0.03413541,0.03276999,19.2576,462.1836,0.03276999,19.2576,19.2576,19.2576,24.0721,24.0721,462.1836,0.03276999,105.9171,97.0228,375.5242,384.4184,0.02662562,0.02725625,0.00136542,25.0513,22.1653,0.8567,43.7674,3.6473,1282.1697,51.0909,,25.0513,13.088,26.176,26.176,39.2639,52.3519,78.5279,13.088,0.0,2.0,3.0,0.957034,21,81,5,2,0E-8,0.03413541,,0E-8,0.000000,0.883224,0.261101,,2026-04-10,2026-04-27,11,132,87,18,0.611111,,,0.000000,,,,,,,,GLOBAL_BASELINE_NO_ENTITY_RANKING,,,NOT_APPLICABLE_GLOBAL_BASELINE,HF9g-P5,,,,X 全窗基线 · 不参与实体赏罚,8391279,840,A168_HF9F_20260827_0900,2026-08-27 09:00:00
2026-04-21,148497545,2222,0,13.0879773840,13.0879773840,13.0879773840,1.0000000,1,1,0.49324550000000000,0.493245500000,1.01360149184955,1.01360149184955,1.01360149184955,0E-17,ELIGIBLE,R03b_20260811_FULL_v1,L1_ELIGIBILITY,v2026-08-11,2026-03-21..2026-08-06,baccarat_bet02_101_all_pairs_incl_sentinel,round_win = game_pnl > 0 (decisive only),COMPATIBILITY_ONLY_NOT_PRODUCTION,14103.8662,12456.8751,481.4412,563,562,-0.03413541,,-0.03413541,-0.03413541,-481.4412,14103.8662,OK,0.0000,19.2576,4.0000,96.0000,AG03-UNRESOLVED,ALL5_LEVELS_bet23_to_bet27,19.2576,19.2576,19.2576,24.0721,24.0721,4.000000,4.000000,4.000000,5.000000,5.000000,96.000000,96.000000,96.000000,95.000000,95.000000,5.0,105.9171,97.0228,375.5242,384.4184,PENDING_AG03,FALSE,NOT_FOR_ENFORCEMENT,462.1836,11958.6001,481.4412,462.1836,19.2576,0.03413541,0.03276999,19.2576,462.1836,0.03276999,19.2576,19.2576,19.2576,24.0721,24.0721,462.1836,0.03276999,105.9171,97.0228,375.5242,384.4184,0.02662562,0.02725625,0.00136542,25.0513,22.1653,0.8567,43.7674,3.6473,1282.1697,51.0909,,25.0513,13.088,26.176,26.176,39.2639,52.3519,78.5279,13.088,0.0,2.0,3.0,0.957034,21,81,5,2,0E-8,0.03413541,,0E-8,0.000000,0.883224,0.261101,,2026-04-10,2026-04-27,11,132,87,18,0.611111,,,0.000000,,,,,,,,GLOBAL_BASELINE_NO_ENTITY_RANKING,,,NOT_APPLICABLE_GLOBAL_BASELINE,HF9g-P5,,,,X 全窗基线 · 不参与实体赏罚,8391280,840,A168_HF9F_20260827_0900,2026-08-27 09:00:00
2026-04-26,148497545,1078,0,52.3519095360,26.1759547680,26.1759547680,1.0000000,2,2,0.49324550000000000,0.493245500000,1.01360149184955,1.01360149184955,1.01360149184955,0E-17,ELIGIBLE,R03b_20260811_FULL_v1,L1_ELIGIBILITY,v2026-08-11,2026-03-21..2026-08-06,baccarat_bet02_101_all_pairs_incl_sentinel,round_win = game_pnl > 0 (decisive only),COMPATIBILITY_ONLY_NOT_PRODUCTION,14103.8662,12456.8751,481.4412,563,562,-0.03413541,,-0.03413541,-0.03413541,-481.4412,14103.8662,OK,0.0000,19.2576,4.0000,96.0000,AG03-UNRESOLVED,ALL5_LEVELS_bet23_to_bet27,19.2576,19.2576,19.2576,24.0721,24.0721,4.000000,4.000000,4.000000,5.000000,5.000000,96.000000,96.000000,96.000000,95.000000,95.000000,5.0,105.9171,97.0228,375.5242,384.4184,PENDING_AG03,FALSE,NOT_FOR_ENFORCEMENT,462.1836,11958.6001,481.4412,462.1836,19.2576,0.03413541,0.03276999,19.2576,462.1836,0.03276999,19.2576,19.2576,19.2576,24.0721,24.0721,462.1836,0.03276999,105.9171,97.0228,375.5242,384.4184,0.02662562,0.02725625,0.00136542,25.0513,22.1653,0.8567,43.7674,3.6473,1282.1697,51.0909,,25.0513,13.088,26.176,26.176,39.2639,52.3519,78.5279,13.088,0.0,2.0,3.0,0.957034,21,81,5,2,0E-8,0.03413541,,0E-8,0.000000,0.883224,0.261101,,2026-04-10,2026-04-27,11,132,87,18,0.611111,,,0.000000,,,,,,,,GLOBAL_BASELINE_NO_ENTITY_RANKING,,,NOT_APPLICABLE_GLOBAL_BASELINE,HF9g-P5,,,,X 全窗基线 · 不参与实体赏罚,8391281,840,A168_HF9F_20260827_0900,2026-08-27 09:00:00
2026-04-26,148497545,1331,0,13.0879773840,-13.0879773840,-13.0879773840,0E-7,1,1,0.50665070000000000,0.506650700000,-1.013391052207602,-1.013391052207602,-1.013391052207602,0E-17,ELIGIBLE,R03b_20260811_FULL_v1,L1_ELIGIBILITY,v2026-08-11,2026-03-21..2026-08-06,baccarat_bet02_101_all_pairs_incl_sentinel,round_win = game_pnl > 0 (decisive only),COMPATIBILITY_ONLY_NOT_PRODUCTION,14103.8662,12456.8751,481.4412,563,562,-0.03413541,,-0.03413541,-0.03413541,-481.4412,14103.8662,OK,0.0000,19.2576,4.0000,96.0000,AG03-UNRESOLVED,ALL5_LEVELS_bet23_to_bet27,19.2576,19.2576,19.2576,24.0721,24.0721,4.000000,4.000000,4.000000,5.000000,5.000000,96.000000,96.000000,96.000000,95.000000,95.000000,5.0,105.9171,97.0228,375.5242,384.4184,PENDING_AG03,FALSE,NOT_FOR_ENFORCEMENT,462.1836,11958.6001,481.4412,462.1836,19.2576,0.03413541,0.03276999,19.2576,462.1836,0.03276999,19.2576,19.2576,19.2576,24.0721,24.0721,462.1836,0.03276999,105.9171,97.0228,375.5242,384.4184,0.02662562,0.02725625,0.00136542,25.0513,22.1653,0.8567,43.7674,3.6473,1282.1697,51.0909,,25.0513,13.088,26.176,26.176,39.2639,52.3519,78.5279,13.088,0.0,2.0,3.0,0.957034,21,81,5,2,0E-8,0.03413541,,0E-8,0.000000,0.883224,0.261101,,2026-04-10,2026-04-27,11,132,87,18,0.611111,,,0.000000,,,,,,,,GLOBAL_BASELINE_NO_ENTITY_RANKING,,,NOT_APPLICABLE_GLOBAL_BASELINE,HF9g-P5,,,,X 全窗基线 · 不参与实体赏罚,8391282,840,A168_HF9F_20260827_0900,2026-08-27 09:00:00
2026-04-26,148497545,1405,0,26.1759547680,26.1759547680,26.1759547680,1.0000000,1,1,0.49324550000000000,0.493245500000,1.01360149184955,1.01360149184955,1.01360149184955,0E-17,ELIGIBLE,R03b_20260811_FULL_v1,L1_ELIGIBILITY,v2026-08-11,2026-03-21..2026-08-06,baccarat_bet02_101_all_pairs_incl_sentinel,round_win = game_pnl > 0 (decisive only),COMPATIBILITY_ONLY_NOT_PRODUCTION,14103.8662,12456.8751,481.4412,563,562,-0.03413541,,-0.03413541,-0.03413541,-481.4412,14103.8662,OK,0.0000,19.2576,4.0000,96.0000,AG03-UNRESOLVED,ALL5_LEVELS_bet23_to_bet27,19.2576,19.2576,19.2576,24.0721,24.0721,4.000000,4.000000,4.000000,5.000000,5.000000,96.000000,96.000000,96.000000,95.000000,95.000000,5.0,105.9171,97.0228,375.5242,384.4184,PENDING_AG03,FALSE,NOT_FOR_ENFORCEMENT,462.1836,11958.6001,481.4412,462.1836,19.2576,0.03413541,0.03276999,19.2576,462.1836,0.03276999,19.2576,19.2576,19.2576,24.0721,24.0721,462.1836,0.03276999,105.9171,97.0228,375.5242,384.4184,0.02662562,0.02725625,0.00136542,25.0513,22.1653,0.8567,43.7674,3.6473,1282.1697,51.0909,,25.0513,13.088,26.176,26.176,39.2639,52.3519,78.5279,13.088,0.0,2.0,3.0,0.957034,21,81,5,2,0E-8,0.03413541,,0E-8,0.000000,0.883224,0.261101,,2026-04-10,2026-04-27,11,132,87,18,0.611111,,,0.000000,,,,,,,,GLOBAL_BASELINE_NO_ENTITY_RANKING,,,NOT_APPLICABLE_GLOBAL_BASELINE,HF9g-P5,,,,X 全窗基线 · 不参与实体赏罚,8391283,840,A168_HF9F_20260827_0900,2026-08-27 09:00:00
2026-04-26,148497545,1505,0,65.4398869200,37.9551344136,37.9551344136,0.6666667,3,3,0.50218230000000000,0.502182300000,0.5697959874915163,0.5697959874915164,0.5697959874915163,0E-17,ELIGIBLE,R03b_20260811_FULL_v1,L1_ELIGIBILITY,v2026-08-11,2026-03-21..2026-08-06,baccarat_bet02_101_all_pairs_incl_sentinel,round_win = game_pnl > 0 (decisive only),COMPATIBILITY_ONLY_NOT_PRODUCTION,14103.8662,12456.8751,481.4412,563,562,-0.03413541,,-0.03413541,-0.03413541,-481.4412,14103.8662,OK,0.0000,19.2576,4.0000,96.0000,AG03-UNRESOLVED,ALL5_LEVELS_bet23_to_bet27,19.2576,19.2576,19.2576,24.0721,24.0721,4.000000,4.000000,4.000000,5.000000,5.000000,96.000000,96.000000,96.000000,95.000000,95.000000,5.0,105.9171,97.0228,375.5242,384.4184,PENDING_AG03,FALSE,NOT_FOR_ENFORCEMENT,462.1836,11958.6001,481.4412,462.1836,19.2576,0.03413541,0.03276999,19.2576,462.1836,0.03276999,19.2576,19.2576,19.2576,24.0721,24.0721,462.1836,0.03276999,105.9171,97.0228,375.5242,384.4184,0.02662562,0.02725625,0.00136542,25.0513,22.1653,0.8567,43.7674,3.6473,1282.1697,51.0909,,25.0513,13.088,26.176,26.176,39.2639,52.3519,78.5279,13.088,0.0,2.0,3.0,0.957034,21,81,5,2,0E-8,0.03413541,,0E-8,0.000000,0.883224,0.261101,,2026-04-10,2026-04-27,11,132,87,18,0.611111,,,0.000000,,,,,,,,GLOBAL_BASELINE_NO_ENTITY_RANKING,,,NOT_APPLICABLE_GLOBAL_BASELINE,HF9g-P5,,,,X 全窗基线 · 不参与实体赏罚,8391284,840,A168_HF9F_20260827_0900,2026-08-27 09:00:00
2026-04-26,148497545,1507,0,91.6158416880,11.7791796456,11.7791796456,0.5000000,4,4,0.50329940000000000,0.503299400000,-0.01319788734859681,-0.01319788734859681,-0.01319788734859681,0E-17,ELIGIBLE,R03b_20260811_FULL_v1,L1_ELIGIBILITY,v2026-08-11,2026-03-21..2026-08-06,baccarat_bet02_101_all_pairs_incl_sentinel,round_win = game_pnl > 0 (decisive only),COMPATIBILITY_ONLY_NOT_PRODUCTION,14103.8662,12456.8751,481.4412,563,562,-0.03413541,,-0.03413541,-0.03413541,-481.4412,14103.8662,OK,0.0000,19.2576,4.0000,96.0000,AG03-UNRESOLVED,ALL5_LEVELS_bet23_to_bet27,19.2576,19.2576,19.2576,24.0721,24.0721,4.000000,4.000000,4.000000,5.000000,5.000000,96.000000,96.000000,96.000000,95.000000,95.000000,5.0,105.9171,97.0228,375.5242,384.4184,PENDING_AG03,FALSE,NOT_FOR_ENFORCEMENT,462.1836,11958.6001,481.4412,462.1836,19.2576,0.03413541,0.03276999,19.2576,462.1836,0.03276999,19.2576,19.2576,19.2576,24.0721,24.0721,462.1836,0.03276999,105.9171,97.0228,375.5242,384.4184,0.02662562,0.02725625,0.00136542,25.0513,22.1653,0.8567,43.7674,3.6473,1282.1697,51.0909,,25.0513,13.088,26.176,26.176,39.2639,52.3519,78.5279,13.088,0.0,2.0,3.0,0.957034,21,81,5,2,0E-8,0.03413541,,0E-8,0.000000,0.883224,0.261101,,2026-04-10,2026-04-27,11,132,87,18,0.611111,,,0.000000,,,,,,,,GLOBAL_BASELINE_NO_ENTITY_RANKING,,,NOT_APPLICABLE_GLOBAL_BASELINE,HF9g-P5,,,,X 全窗基线 · 不参与实体赏罚,8391285,840,A168_HF9F_20260827_0900,2026-08-27 09:00:00
2026-04-26,148497545,1941,0,105.2273381672,-51.8283904406,-51.8283904406,0.3333333,3,3,0.49771390000000000,0.497713900000,-0.5694369385616226,-0.5694369385616226,-0.5694369385616226,0E-17,ELIGIBLE,R03b_20260811_FULL_v1,L1_ELIGIBILITY,v2026-08-11,2026-03-21..2026-08-06,baccarat_bet02_101_all_pairs_incl_sentinel,round_win = game_pnl > 0 (decisive only),COMPATIBILITY_ONLY_NOT_PRODUCTION,14103.8662,12456.8751,481.4412,563,562,-0.03413541,,-0.03413541,-0.03413541,-481.4412,14103.8662,OK,0.0000,19.2576,4.0000,96.0000,AG03-UNRESOLVED,ALL5_LEVELS_bet23_to_bet27,19.2576,19.2576,19.2576,24.0721,24.0721,4.000000,4.000000,4.000000,5.000000,5.000000,96.000000,96.000000,96.000000,95.000000,95.000000,5.0,105.9171,97.0228,375.5242,384.4184,PENDING_AG03,FALSE,NOT_FOR_ENFORCEMENT,462.1836,11958.6001,481.4412,462.1836,19.2576,0.03413541,0.03276999,19.2576,462.1836,0.03276999,19.2576,19.2576,19.2576,24.0721,24.0721,462.1836,0.03276999,105.9171,97.0228,375.5242,384.4184,0.02662562,0.02725625,0.00136542,25.0513,22.1653,0.8567,43.7674,3.6473,1282.1697,51.0909,,25.0513,13.088,26.176,26.176,39.2639,52.3519,78.5279,13.088,0.0,2.0,3.0,0.957034,21,81,5,2,0E-8,0.03413541,,0E-8,0.000000,0.883224,0.261101,,2026-04-10,2026-04-27,11,132,87,18,0.611111,,,0.000000,,,,,,,,GLOBAL_BASELINE_NO_ENTITY_RANKING,,,NOT_APPLICABLE_GLOBAL_BASELINE,HF9g-P5,,,,X 全窗基线 · 不参与实体赏罚,8391286,840,A168_HF9F_20260827_0900,2026-08-27 09:00:00
2026-04-26,148497545,1985,0,26.1759547680,0E-10,0E-10,0.5000000,2,2,0.49994810000000000,0.499948100000,0.00014679536856514622,0.00014679536856514622,0.00014679536856514622,0E-17,ELIGIBLE,R03b_20260811_FULL_v1,L1_ELIGIBILITY,v2026-08-11,2026-03-21..2026-08-06,baccarat_bet02_101_all_pairs_incl_sentinel,round_win = game_pnl > 0 (decisive only),COMPATIBILITY_ONLY_NOT_PRODUCTION,14103.8662,12456.8751,481.4412,563,562,-0.03413541,,-0.03413541,-0.03413541,-481.4412,14103.8662,OK,0.0000,19.2576,4.0000,96.0000,AG03-UNRESOLVED,ALL5_LEVELS_bet23_to_bet27,19.2576,19.2576,19.2576,24.0721,24.0721,4.000000,4.000000,4.000000,5.000000,5.000000,96.000000,96.000000,96.000000,95.000000,95.000000,5.0,105.9171,97.0228,375.5242,384.4184,PENDING_AG03,FALSE,NOT_FOR_ENFORCEMENT,462.1836,11958.6001,481.4412,462.1836,19.2576,0.03413541,0.03276999,19.2576,462.1836,0.03276999,19.2576,19.2576,19.2576,24.0721,24.0721,462.1836,0.03276999,105.9171,97.0228,375.5242,384.4184,0.02662562,0.02725625,0.00136542,25.0513,22.1653,0.8567,43.7674,3.6473,1282.1697,51.0909,,25.0513,13.088,26.176,26.176,39.2639,52.3519,78.5279,13.088,0.0,2.0,3.0,0.957034,21,81,5,2,0E-8,0.03413541,,0E-8,0.000000,0.883224,0.261101,,2026-04-10,2026-04-27,11,132,87,18,0.611111,,,0.000000,,,,,,,,GLOBAL_BASELINE_NO_ENTITY_RANKING,,,NOT_APPLICABLE_GLOBAL_BASELINE,HF9g-P5,,,,X 全窗基线 · 不参与实体赏罚,8391287,840,A168_HF9F_20260827_0900,2026-08-27 09:00:00
2026-04-26,148497545,2123,0,39.2639321520,-13.0879773840,-13.0879773840,0E-7,3,3,0.50665070000000000,0.506650700000,-1.013391052207602,-1.013391052207602,-1.013391052207602,0E-17,ELIGIBLE,R03b_20260811_FULL_v1,L1_ELIGIBILITY,v2026-08-11,2026-03-21..2026-08-06,baccarat_bet02_101_all_pairs_incl_sentinel,round_win = game_pnl > 0 (decisive only),COMPATIBILITY_ONLY_NOT_PRODUCTION,14103.8662,12456.8751,481.4412,563,562,-0.03413541,,-0.03413541,-0.03413541,-481.4412,14103.8662,OK,0.0000,19.2576,4.0000,96.0000,AG03-UNRESOLVED,ALL5_LEVELS_bet23_to_bet27,19.2576,19.2576,19.2576,24.0721,24.0721,4.000000,4.000000,4.000000,5.000000,5.000000,96.000000,96.000000,96.000000,95.000000,95.000000,5.0,105.9171,97.0228,375.5242,384.4184,PENDING_AG03,FALSE,NOT_FOR_ENFORCEMENT,462.1836,11958.6001,481.4412,462.1836,19.2576,0.03413541,0.03276999,19.2576,462.1836,0.03276999,19.2576,19.2576,19.2576,24.0721,24.0721,462.1836,0.03276999,105.9171,97.0228,375.5242,384.4184,0.02662562,0.02725625,0.00136542,25.0513,22.1653,0.8567,43.7674,3.6473,1282.1697,51.0909,,25.0513,13.088,26.176,26.176,39.2639,52.3519,78.5279,13.088,0.0,2.0,3.0,0.957034,21,81,5,2,0E-8,0.03413541,,0E-8,0.000000,0.883224,0.261101,,2026-04-10,2026-04-27,11,132,87,18,0.611111,,,0.000000,,,,,,,,GLOBAL_BASELINE_NO_ENTITY_RANKING,,,NOT_APPLICABLE_GLOBAL_BASELINE,HF9g-P5,,,,X 全窗基线 · 不参与实体赏罚,8391288,840,A168_HF9F_20260827_0900,2026-08-27 09:00:00
2026-04-26,148497545,2130,0,78.5278643040,-26.1759547680,-26.1759547680,0.3333333,3,3,0.49771390000000000,0.497713900000,-0.5694369385616226,-0.5694369385616226,-0.5694369385616226,0E-17,ELIGIBLE,R03b_20260811_FULL_v1,L1_ELIGIBILITY,v2026-08-11,2026-03-21..2026-08-06,baccarat_bet02_101_all_pairs_incl_sentinel,round_win = game_pnl > 0 (decisive only),COMPATIBILITY_ONLY_NOT_PRODUCTION,14103.8662,12456.8751,481.4412,563,562,-0.03413541,,-0.03413541,-0.03413541,-481.4412,14103.8662,OK,0.0000,19.2576,4.0000,96.0000,AG03-UNRESOLVED,ALL5_LEVELS_bet23_to_bet27,19.2576,19.2576,19.2576,24.0721,24.0721,4.000000,4.000000,4.000000,5.000000,5.000000,96.000000,96.000000,96.000000,95.000000,95.000000,5.0,105.9171,97.0228,375.5242,384.4184,PENDING_AG03,FALSE,NOT_FOR_ENFORCEMENT,462.1836,11958.6001,481.4412,462.1836,19.2576,0.03413541,0.03276999,19.2576,462.1836,0.03276999,19.2576,19.2576,19.2576,24.0721,24.0721,462.1836,0.03276999,105.9171,97.0228,375.5242,384.4184,0.02662562,0.02725625,0.00136542,25.0513,22.1653,0.8567,43.7674,3.6473,1282.1697,51.0909,,25.0513,13.088,26.176,26.176,39.2639,52.3519,78.5279,13.088,0.0,2.0,3.0,0.957034,21,81,5,2,0E-8,0.03413541,,0E-8,0.000000,0.883224,0.261101,,2026-04-10,2026-04-27,11,132,87,18,0.611111,,,0.000000,,,,,,,,GLOBAL_BASELINE_NO_ENTITY_RANKING,,,NOT_APPLICABLE_GLOBAL_BASELINE,HF9g-P5,,,,X 全窗基线 · 不参与实体赏罚,8391289,840,A168_HF9F_20260827_0900,2026-08-27 09:00:00
2026-04-26,148497545,2145,0,104.7038190720,24.8671570296,24.8671570296,0.6000000,5,5,0.50128862000000000,0.501288620000,0.4414521777673877,0.4414521777673877,0.4414521777673877,0E-17,ELIGIBLE,R03b_20260811_FULL_v1,L1_ELIGIBILITY,v2026-08-11,2026-03-21..2026-08-06,baccarat_bet02_101_all_pairs_incl_sentinel,round_win = game_pnl > 0 (decisive only),COMPATIBILITY_ONLY_NOT_PRODUCTION,14103.8662,12456.8751,481.4412,563,562,-0.03413541,,-0.03413541,-0.03413541,-481.4412,14103.8662,OK,0.0000,19.2576,4.0000,96.0000,AG03-UNRESOLVED,ALL5_LEVELS_bet23_to_bet27,19.2576,19.2576,19.2576,24.0721,24.0721,4.000000,4.000000,4.000000,5.000000,5.000000,96.000000,96.000000,96.000000,95.000000,95.000000,5.0,105.9171,97.0228,375.5242,384.4184,PENDING_AG03,FALSE,NOT_FOR_ENFORCEMENT,462.1836,11958.6001,481.4412,462.1836,19.2576,0.03413541,0.03276999,19.2576,462.1836,0.03276999,19.2576,19.2576,19.2576,24.0721,24.0721,462.1836,0.03276999,105.9171,97.0228,375.5242,384.4184,0.02662562,0.02725625,0.00136542,25.0513,22.1653,0.8567,43.7674,3.6473,1282.1697,51.0909,,25.0513,13.088,26.176,26.176,39.2639,52.3519,78.5279,13.088,0.0,2.0,3.0,0.957034,21,81,5,2,0E-8,0.03413541,,0E-8,0.000000,0.883224,0.261101,,2026-04-10,2026-04-27,11,132,87,18,0.611111,,,0.000000,,,,,,,,GLOBAL_BASELINE_NO_ENTITY_RANKING,,,NOT_APPLICABLE_GLOBAL_BASELINE,HF9g-P5,,,,X 全窗基线 · 不参与实体赏罚,8391290,840,A168_HF9F_20260827_0900,2026-08-27 09:00:00
2026-04-26,148497545,2251,0,91.6158416879,-39.2639321519,-39.2639321519,0.3333333,3,3,0.49324550000000000,0.493245500000,-0.5540025479526107,-0.5540025479526106,-0.5540025479526107,0E-17,ELIGIBLE,R03b_20260811_FULL_v1,L1_ELIGIBILITY,v2026-08-11,2026-03-21..2026-08-06,baccarat_bet02_101_all_pairs_incl_sentinel,round_win = game_pnl > 0 (decisive only),COMPATIBILITY_ONLY_NOT_PRODUCTION,14103.8662,12456.8751,481.4412,563,562,-0.03413541,,-0.03413541,-0.03413541,-481.4412,14103.8662,OK,0.0000,19.2576,4.0000,96.0000,AG03-UNRESOLVED,ALL5_LEVELS_bet23_to_bet27,19.2576,19.2576,19.2576,24.0721,24.0721,4.000000,4.000000,4.000000,5.000000,5.000000,96.000000,96.000000,96.000000,95.000000,95.000000,5.0,105.9171,97.0228,375.5242,384.4184,PENDING_AG03,FALSE,NOT_FOR_ENFORCEMENT,462.1836,11958.6001,481.4412,462.1836,19.2576,0.03413541,0.03276999,19.2576,462.1836,0.03276999,19.2576,19.2576,19.2576,24.0721,24.0721,462.1836,0.03276999,105.9171,97.0228,375.5242,384.4184,0.02662562,0.02725625,0.00136542,25.0513,22.1653,0.8567,43.7674,3.6473,1282.1697,51.0909,,25.0513,13.088,26.176,26.176,39.2639,52.3519,78.5279,13.088,0.0,2.0,3.0,0.957034,21,81,5,2,0E-8,0.03413541,,0E-8,0.000000,0.883224,0.261101,,2026-04-10,2026-04-27,11,132,87,18,0.611111,,,0.000000,,,,,,,,GLOBAL_BASELINE_NO_ENTITY_RANKING,,,NOT_APPLICABLE_GLOBAL_BASELINE,HF9g-P5,,,,X 全窗基线 · 不参与实体赏罚,8391291,840,A168_HF9F_20260827_0900,2026-08-27 09:00:00
2026-04-26,148497545,2256,0,142.3971939378,-37.6933748658,-37.6933748658,0.5000000,4,4,0.49659680000000000,0.496596800000,0.013613115331600182,0.013613115331600183,0.013613115331600182,0E-17,ELIGIBLE,R03b_20260811_FULL_v1,L1_ELIGIBILITY,v2026-08-11,2026-03-21..2026-08-06,baccarat_bet02_101_all_pairs_incl_sentinel,round_win = game_pnl > 0 (decisive only),COMPATIBILITY_ONLY_NOT_PRODUCTION,14103.8662,12456.8751,481.4412,563,562,-0.03413541,,-0.03413541,-0.03413541,-481.4412,14103.8662,OK,0.0000,19.2576,4.0000,96.0000,AG03-UNRESOLVED,ALL5_LEVELS_bet23_to_bet27,19.2576,19.2576,19.2576,24.0721,24.0721,4.000000,4.000000,4.000000,5.000000,5.000000,96.000000,96.000000,96.000000,95.000000,95.000000,5.0,105.9171,97.0228,375.5242,384.4184,PENDING_AG03,FALSE,NOT_FOR_ENFORCEMENT,462.1836,11958.6001,481.4412,462.1836,19.2576,0.03413541,0.03276999,19.2576,462.1836,0.03276999,19.2576,19.2576,19.2576,24.0721,24.0721,462.1836,0.03276999,105.9171,97.0228,375.5242,384.4184,0.02662562,0.02725625,0.00136542,25.0513,22.1653,0.8567,43.7674,3.6473,1282.1697,51.0909,,25.0513,13.088,26.176,26.176,39.2639,52.3519,78.5279,13.088,0.0,2.0,3.0,0.957034,21,81,5,2,0E-8,0.03413541,,0E-8,0.000000,0.883224,0.261101,,2026-04-10,2026-04-27,11,132,87,18,0.611111,,,0.000000,,,,,,,,GLOBAL_BASELINE_NO_ENTITY_RANKING,,,NOT_APPLICABLE_GLOBAL_BASELINE,HF9g-P5,,,,X 全窗基线 · 不参与实体赏罚,8391292,840,A168_HF9F_20260827_0900,2026-08-27 09:00:00
2026-04-26,148497545,2267,0,52.3519095360,-1.3087977384,-1.3087977384,0.5000000,2,2,0.49994810000000000,0.499948100000,0.00014679536856514622,0.00014679536856514622,0.00014679536856514622,0E-17,ELIGIBLE,R03b_20260811_FULL_v1,L1_ELIGIBILITY,v2026-08-11,2026-03-21..2026-08-06,baccarat_bet02_101_all_pairs_incl_sentinel,round_win = game_pnl > 0 (decisive only),COMPATIBILITY_ONLY_NOT_PRODUCTION,14103.8662,12456.8751,481.4412,563,562,-0.03413541,,-0.03413541,-0.03413541,-481.4412,14103.8662,OK,0.0000,19.2576,4.0000,96.0000,AG03-UNRESOLVED,ALL5_LEVELS_bet23_to_bet27,19.2576,19.2576,19.2576,24.0721,24.0721,4.000000,4.000000,4.000000,5.000000,5.000000,96.000000,96.000000,96.000000,95.000000,95.000000,5.0,105.9171,97.0228,375.5242,384.4184,PENDING_AG03,FALSE,NOT_FOR_ENFORCEMENT,462.1836,11958.6001,481.4412,462.1836,19.2576,0.03413541,0.03276999,19.2576,462.1836,0.03276999,19.2576,19.2576,19.2576,24.0721,24.0721,462.1836,0.03276999,105.9171,97.0228,375.5242,384.4184,0.02662562,0.02725625,0.00136542,25.0513,22.1653,0.8567,43.7674,3.6473,1282.1697,51.0909,,25.0513,13.088,26.176,26.176,39.2639,52.3519,78.5279,13.088,0.0,2.0,3.0,0.957034,21,81,5,2,0E-8,0.03413541,,0E-8,0.000000,0.883224,0.261101,,2026-04-10,2026-04-27,11,132,87,18,0.611111,,,0.000000,,,,,,,,GLOBAL_BASELINE_NO_ENTITY_RANKING,,,NOT_APPLICABLE_GLOBAL_BASELINE,HF9g-P5,,,,X 全窗基线 · 不参与实体赏罚,8391293,840,A168_HF9F_20260827_0900,2026-08-27 09:00:00
2026-04-26,148497545,526,0,26.1759547680,-0.6543988692,-0.6543988692,0.5000000,2,2,0.50665070000000000,0.506650700000,-0.018812684590367487,-0.018812684590367487,-0.018812684590367487,0E-17,ELIGIBLE,R03b_20260811_FULL_v1,L1_ELIGIBILITY,v2026-08-11,2026-03-21..2026-08-06,baccarat_bet02_101_all_pairs_incl_sentinel,round_win = game_pnl > 0 (decisive only),COMPATIBILITY_ONLY_NOT_PRODUCTION,14103.8662,12456.8751,481.4412,563,562,-0.03413541,,-0.03413541,-0.03413541,-481.4412,14103.8662,OK,0.0000,19.2576,4.0000,96.0000,AG03-UNRESOLVED,ALL5_LEVELS_bet23_to_bet27,19.2576,19.2576,19.2576,24.0721,24.0721,4.000000,4.000000,4.000000,5.000000,5.000000,96.000000,96.000000,96.000000,95.000000,95.000000,5.0,105.9171,97.0228,375.5242,384.4184,PENDING_AG03,FALSE,NOT_FOR_ENFORCEMENT,462.1836,11958.6001,481.4412,462.1836,19.2576,0.03413541,0.03276999,19.2576,462.1836,0.03276999,19.2576,19.2576,19.2576,24.0721,24.0721,462.1836,0.03276999,105.9171,97.0228,375.5242,384.4184,0.02662562,0.02725625,0.00136542,25.0513,22.1653,0.8567,43.7674,3.6473,1282.1697,51.0909,,25.0513,13.088,26.176,26.176,39.2639,52.3519,78.5279,13.088,0.0,2.0,3.0,0.957034,21,81,5,2,0E-8,0.03413541,,0E-8,0.000000,0.883224,0.261101,,2026-04-10,2026-04-27,11,132,87,18,0.611111,,,0.000000,,,,,,,,GLOBAL_BASELINE_NO_ENTITY_RANKING,,,NOT_APPLICABLE_GLOBAL_BASELINE,HF9g-P5,,,,X 全窗基线 · 不参与实体赏罚,8391294,840,A168_HF9F_20260827_0900,2026-08-27 09:00:00
2026-04-26,148497545,925,0,91.6158416879,11.1247807765,11.1247807765,0.7500000,4,4,0.50329940000000000,0.503299400000,0.9868238854431842,0.9868238854431842,0.9868238854431842,0E-17,ELIGIBLE,R03b_20260811_FULL_v1,L1_ELIGIBILITY,v2026-08-11,2026-03-21..2026-08-06,baccarat_bet02_101_all_pairs_incl_sentinel,round_win = game_pnl > 0 (decisive only),COMPATIBILITY_ONLY_NOT_PRODUCTION,14103.8662,12456.8751,481.4412,563,562,-0.03413541,,-0.03413541,-0.03413541,-481.4412,14103.8662,OK,0.0000,19.2576,4.0000,96.0000,AG03-UNRESOLVED,ALL5_LEVELS_bet23_to_bet27,19.2576,19.2576,19.2576,24.0721,24.0721,4.000000,4.000000,4.000000,5.000000,5.000000,96.000000,96.000000,96.000000,95.000000,95.000000,5.0,105.9171,97.0228,375.5242,384.4184,PENDING_AG03,FALSE,NOT_FOR_ENFORCEMENT,462.1836,11958.6001,481.4412,462.1836,19.2576,0.03413541,0.03276999,19.2576,462.1836,0.03276999,19.2576,19.2576,19.2576,24.0721,24.0721,462.1836,0.03276999,105.9171,97.0228,375.5242,384.4184,0.02662562,0.02725625,0.00136542,25.0513,22.1653,0.8567,43.7674,3.6473,1282.1697,51.0909,,25.0513,13.088,26.176,26.176,39.2639,52.3519,78.5279,13.088,0.0,2.0,3.0,0.957034,21,81,5,2,0E-8,0.03413541,,0E-8,0.000000,0.883224,0.261101,,2026-04-10,2026-04-27,11,132,87,18,0.611111,,,0.000000,,,,,,,,GLOBAL_BASELINE_NO_ENTITY_RANKING,,,NOT_APPLICABLE_GLOBAL_BASELINE,HF9g-P5,,,,X 全窗基线 · 不参与实体赏罚,8391295,840,A168_HF9F_20260827_0900,2026-08-27 09:00:00
2026-04-27,148497545,1304,0,26.1759547680,-26.1759547680,-26.1759547680,0E-7,1,1,0.49324550000000000,0.493245500000,-0.9865810262130424,-0.9865810262130424,-0.9865810262130424,0E-17,ELIGIBLE,R03b_20260811_FULL_v1,L1_ELIGIBILITY,v2026-08-11,2026-03-21..2026-08-06,baccarat_bet02_101_all_pairs_incl_sentinel,round_win = game_pnl > 0 (decisive only),COMPATIBILITY_ONLY_NOT_PRODUCTION,14103.8662,12456.8751,481.4412,563,562,-0.03413541,,-0.03413541,-0.03413541,-481.4412,14103.8662,OK,0.0000,19.2576,4.0000,96.0000,AG03-UNRESOLVED,ALL5_LEVELS_bet23_to_bet27,19.2576,19.2576,19.2576,24.0721,24.0721,4.000000,4.000000,4.000000,5.000000,5.000000,96.000000,96.000000,96.000000,95.000000,95.000000,5.0,105.9171,97.0228,375.5242,384.4184,PENDING_AG03,FALSE,NOT_FOR_ENFORCEMENT,462.1836,11958.6001,481.4412,462.1836,19.2576,0.03413541,0.03276999,19.2576,462.1836,0.03276999,19.2576,19.2576,19.2576,24.0721,24.0721,462.1836,0.03276999,105.9171,97.0228,375.5242,384.4184,0.02662562,0.02725625,0.00136542,25.0513,22.1653,0.8567,43.7674,3.6473,1282.1697,51.0909,,25.0513,13.088,26.176,26.176,39.2639,52.3519,78.5279,13.088,0.0,2.0,3.0,0.957034,21,81,5,2,0E-8,0.03413541,,0E-8,0.000000,0.883224,0.261101,,2026-04-10,2026-04-27,11,132,87,18,0.611111,,,0.000000,,,,,,,,GLOBAL_BASELINE_NO_ENTITY_RANKING,,,NOT_APPLICABLE_GLOBAL_BASELINE,HF9g-P5,,,,X 全窗基线 · 不参与实体赏罚,8391296,840,A168_HF9F_20260827_0900,2026-08-27 09:00:00
2026-04-27,148497545,1306,0,117.7917964558,-117.7917964558,-117.7917964558,0E-7,2,2,0.49994810000000000,0.499948100000,-1.4140667746232096,-1.4140667746232096,-1.4140667746232096,0E-17,ELIGIBLE,R03b_20260811_FULL_v1,L1_ELIGIBILITY,v2026-08-11,2026-03-21..2026-08-06,baccarat_bet02_101_all_pairs_incl_sentinel,round_win = game_pnl > 0 (decisive only),COMPATIBILITY_ONLY_NOT_PRODUCTION,14103.8662,12456.8751,481.4412,563,562,-0.03413541,,-0.03413541,-0.03413541,-481.4412,14103.8662,OK,0.0000,19.2576,4.0000,96.0000,AG03-UNRESOLVED,ALL5_LEVELS_bet23_to_bet27,19.2576,19.2576,19.2576,24.0721,24.0721,4.000000,4.000000,4.000000,5.000000,5.000000,96.000000,96.000000,96.000000,95.000000,95.000000,5.0,105.9171,97.0228,375.5242,384.4184,PENDING_AG03,FALSE,NOT_FOR_ENFORCEMENT,462.1836,11958.6001,481.4412,462.1836,19.2576,0.03413541,0.03276999,19.2576,462.1836,0.03276999,19.2576,19.2576,19.2576,24.0721,24.0721,462.1836,0.03276999,105.9171,97.0228,375.5242,384.4184,0.02662562,0.02725625,0.00136542,25.0513,22.1653,0.8567,43.7674,3.6473,1282.1697,51.0909,,25.0513,13.088,26.176,26.176,39.2639,52.3519,78.5279,13.088,0.0,2.0,3.0,0.957034,21,81,5,2,0E-8,0.03413541,,0E-8,0.000000,0.883224,0.261101,,2026-04-10,2026-04-27,11,132,87,18,0.611111,,,0.000000,,,,,,,,GLOBAL_BASELINE_NO_ENTITY_RANKING,,,NOT_APPLICABLE_GLOBAL_BASELINE,HF9g-P5,,,,X 全窗基线 · 不参与实体赏罚,8391297,840,A168_HF9F_20260827_0900,2026-08-27 09:00:00
2026-04-27,148497545,1323,0,206.5282831192,-81.4072193284,-81.4072193284,0.2000000,5,5,0.50128862000000000,0.501288620000,-1.347408145195933,-1.347408145195933,-1.347408145195933,0E-17,ELIGIBLE,R03b_20260811_FULL_v1,L1_ELIGIBILITY,v2026-08-11,2026-03-21..2026-08-06,baccarat_bet02_101_all_pairs_incl_sentinel,round_win = game_pnl > 0 (decisive only),COMPATIBILITY_ONLY_NOT_PRODUCTION,14103.8662,12456.8751,481.4412,563,562,-0.03413541,,-0.03413541,-0.03413541,-481.4412,14103.8662,OK,0.0000,19.2576,4.0000,96.0000,AG03-UNRESOLVED,ALL5_LEVELS_bet23_to_bet27,19.2576,19.2576,19.2576,24.0721,24.0721,4.000000,4.000000,4.000000,5.000000,5.000000,96.000000,96.000000,96.000000,95.000000,95.000000,5.0,105.9171,97.0228,375.5242,384.4184,PENDING_AG03,FALSE,NOT_FOR_ENFORCEMENT,462.1836,11958.6001,481.4412,462.1836,19.2576,0.03413541,0.03276999,19.2576,462.1836,0.03276999,19.2576,19.2576,19.2576,24.0721,24.0721,462.1836,0.03276999,105.9171,97.0228,375.5242,384.4184,0.02662562,0.02725625,0.00136542,25.0513,22.1653,0.8567,43.7674,3.6473,1282.1697,51.0909,,25.0513,13.088,26.176,26.176,39.2639,52.3519,78.5279,13.088,0.0,2.0,3.0,0.957034,21,81,5,2,0E-8,0.03413541,,0E-8,0.000000,0.883224,0.261101,,2026-04-10,2026-04-27,11,132,87,18,0.611111,,,0.000000,,,,,,,,GLOBAL_BASELINE_NO_ENTITY_RANKING,,,NOT_APPLICABLE_GLOBAL_BASELINE,HF9g-P5,,,,X 全窗基线 · 不参与实体赏罚,8391298,840,A168_HF9F_20260827_0900,2026-08-27 09:00:00
2026-04-27,148497545,1363,0,52.3519095359,-26.1759547679,-26.1759547679,0.5000000,2,2,0.49994810000000000,0.499948100000,0.00014679536856514622,0.00014679536856514622,0.00014679536856514622,0E-17,ELIGIBLE,R03b_20260811_FULL_v1,L1_ELIGIBILITY,v2026-08-11,2026-03-21..2026-08-06,baccarat_bet02_101_all_pairs_incl_sentinel,round_win = game_pnl > 0 (decisive only),COMPATIBILITY_ONLY_NOT_PRODUCTION,14103.8662,12456.8751,481.4412,563,562,-0.03413541,,-0.03413541,-0.03413541,-481.4412,14103.8662,OK,0.0000,19.2576,4.0000,96.0000,AG03-UNRESOLVED,ALL5_LEVELS_bet23_to_bet27,19.2576,19.2576,19.2576,24.0721,24.0721,4.000000,4.000000,4.000000,5.000000,5.000000,96.000000,96.000000,96.000000,95.000000,95.000000,5.0,105.9171,97.0228,375.5242,384.4184,PENDING_AG03,FALSE,NOT_FOR_ENFORCEMENT,462.1836,11958.6001,481.4412,462.1836,19.2576,0.03413541,0.03276999,19.2576,462.1836,0.03276999,19.2576,19.2576,19.2576,24.0721,24.0721,462.1836,0.03276999,105.9171,97.0228,375.5242,384.4184,0.02662562,0.02725625,0.00136542,25.0513,22.1653,0.8567,43.7674,3.6473,1282.1697,51.0909,,25.0513,13.088,26.176,26.176,39.2639,52.3519,78.5279,13.088,0.0,2.0,3.0,0.957034,21,81,5,2,0E-8,0.03413541,,0E-8,0.000000,0.883224,0.261101,,2026-04-10,2026-04-27,11,132,87,18,0.611111,,,0.000000,,,,,,,,GLOBAL_BASELINE_NO_ENTITY_RANKING,,,NOT_APPLICABLE_GLOBAL_BASELINE,HF9g-P5,,,,X 全窗基线 · 不参与实体赏罚,8391299,840,A168_HF9F_20260827_0900,2026-08-27 09:00:00
2026-04-27,148497545,1399,0,209.4076381437,73.9470722193,73.9470722193,0.5000000,6,6,0.50218230000000000,0.502182300000,-0.01069114476356389,-0.01069114476356389,-0.01069114476356389,0E-17,ELIGIBLE,R03b_20260811_FULL_v1,L1_ELIGIBILITY,v2026-08-11,2026-03-21..2026-08-06,baccarat_bet02_101_all_pairs_incl_sentinel,round_win = game_pnl > 0 (decisive only),COMPATIBILITY_ONLY_NOT_PRODUCTION,14103.8662,12456.8751,481.4412,563,562,-0.03413541,,-0.03413541,-0.03413541,-481.4412,14103.8662,OK,0.0000,19.2576,4.0000,96.0000,AG03-UNRESOLVED,ALL5_LEVELS_bet23_to_bet27,19.2576,19.2576,19.2576,24.0721,24.0721,4.000000,4.000000,4.000000,5.000000,5.000000,96.000000,96.000000,96.000000,95.000000,95.000000,5.0,105.9171,97.0228,375.5242,384.4184,PENDING_AG03,FALSE,NOT_FOR_ENFORCEMENT,462.1836,11958.6001,481.4412,462.1836,19.2576,0.03413541,0.03276999,19.2576,462.1836,0.03276999,19.2576,19.2576,19.2576,24.0721,24.0721,462.1836,0.03276999,105.9171,97.0228,375.5242,384.4184,0.02662562,0.02725625,0.00136542,25.0513,22.1653,0.8567,43.7674,3.6473,1282.1697,51.0909,,25.0513,13.088,26.176,26.176,39.2639,52.3519,78.5279,13.088,0.0,2.0,3.0,0.957034,21,81,5,2,0E-8,0.03413541,,0E-8,0.000000,0.883224,0.261101,,2026-04-10,2026-04-27,11,132,87,18,0.611111,,,0.000000,,,,,,,,GLOBAL_BASELINE_NO_ENTITY_RANKING,,,NOT_APPLICABLE_GLOBAL_BASELINE,HF9g-P5,,,,X 全窗基线 · 不参与实体赏罚,8391300,840,A168_HF9F_20260827_0900,2026-08-27 09:00:00
2026-04-27,148497545,1505,0,26.1759547680,26.1759547680,26.1759547680,1.0000000,1,1,0.49324550000000000,0.493245500000,1.01360149184955,1.01360149184955,1.01360149184955,0E-17,ELIGIBLE,R03b_20260811_FULL_v1,L1_ELIGIBILITY,v2026-08-11,2026-03-21..2026-08-06,baccarat_bet02_101_all_pairs_incl_sentinel,round_win = game_pnl > 0 (decisive only),COMPATIBILITY_ONLY_NOT_PRODUCTION,14103.8662,12456.8751,481.4412,563,562,-0.03413541,,-0.03413541,-0.03413541,-481.4412,14103.8662,OK,0.0000,19.2576,4.0000,96.0000,AG03-UNRESOLVED,ALL5_LEVELS_bet23_to_bet27,19.2576,19.2576,19.2576,24.0721,24.0721,4.000000,4.000000,4.000000,5.000000,5.000000,96.000000,96.000000,96.000000,95.000000,95.000000,5.0,105.9171,97.0228,375.5242,384.4184,PENDING_AG03,FALSE,NOT_FOR_ENFORCEMENT,462.1836,11958.6001,481.4412,462.1836,19.2576,0.03413541,0.03276999,19.2576,462.1836,0.03276999,19.2576,19.2576,19.2576,24.0721,24.0721,462.1836,0.03276999,105.9171,97.0228,375.5242,384.4184,0.02662562,0.02725625,0.00136542,25.0513,22.1653,0.8567,43.7674,3.6473,1282.1697,51.0909,,25.0513,13.088,26.176,26.176,39.2639,52.3519,78.5279,13.088,0.0,2.0,3.0,0.957034,21,81,5,2,0E-8,0.03413541,,0E-8,0.000000,0.883224,0.261101,,2026-04-10,2026-04-27,11,132,87,18,0.611111,,,0.000000,,,,,,,,GLOBAL_BASELINE_NO_ENTITY_RANKING,,,NOT_APPLICABLE_GLOBAL_BASELINE,HF9g-P5,,,,X 全窗基线 · 不参与实体赏罚,8391301,840,A168_HF9F_20260827_0900,2026-08-27 09:00:00
2026-04-27,148497545,1704,0,26.1759547680,25.5215558988,25.5215558988,1.0000000,2,2,0.49994810000000000,0.499948100000,1.4143603653603398,1.4143603653603398,1.4143603653603398,0E-17,ELIGIBLE,R03b_20260811_FULL_v1,L1_ELIGIBILITY,v2026-08-11,2026-03-21..2026-08-06,baccarat_bet02_101_all_pairs_incl_sentinel,round_win = game_pnl > 0 (decisive only),COMPATIBILITY_ONLY_NOT_PRODUCTION,14103.8662,12456.8751,481.4412,563,562,-0.03413541,,-0.03413541,-0.03413541,-481.4412,14103.8662,OK,0.0000,19.2576,4.0000,96.0000,AG03-UNRESOLVED,ALL5_LEVELS_bet23_to_bet27,19.2576,19.2576,19.2576,24.0721,24.0721,4.000000,4.000000,4.000000,5.000000,5.000000,96.000000,96.000000,96.000000,95.000000,95.000000,5.0,105.9171,97.0228,375.5242,384.4184,PENDING_AG03,FALSE,NOT_FOR_ENFORCEMENT,462.1836,11958.6001,481.4412,462.1836,19.2576,0.03413541,0.03276999,19.2576,462.1836,0.03276999,19.2576,19.2576,19.2576,24.0721,24.0721,462.1836,0.03276999,105.9171,97.0228,375.5242,384.4184,0.02662562,0.02725625,0.00136542,25.0513,22.1653,0.8567,43.7674,3.6473,1282.1697,51.0909,,25.0513,13.088,26.176,26.176,39.2639,52.3519,78.5279,13.088,0.0,2.0,3.0,0.957034,21,81,5,2,0E-8,0.03413541,,0E-8,0.000000,0.883224,0.261101,,2026-04-10,2026-04-27,11,132,87,18,0.611111,,,0.000000,,,,,,,,GLOBAL_BASELINE_NO_ENTITY_RANKING,,,NOT_APPLICABLE_GLOBAL_BASELINE,HF9g-P5,,,,X 全窗基线 · 不参与实体赏罚,8391302,840,A168_HF9F_20260827_0900,2026-08-27 09:00:00
2026-04-27,148497545,1710,0,26.1759547680,26.1759547680,26.1759547680,1.0000000,1,1,0.49324550000000000,0.493245500000,1.01360149184955,1.01360149184955,1.01360149184955,0E-17,ELIGIBLE,R03b_20260811_FULL_v1,L1_ELIGIBILITY,v2026-08-11,2026-03-21..2026-08-06,baccarat_bet02_101_all_pairs_incl_sentinel,round_win = game_pnl > 0 (decisive only),COMPATIBILITY_ONLY_NOT_PRODUCTION,14103.8662,12456.8751,481.4412,563,562,-0.03413541,,-0.03413541,-0.03413541,-481.4412,14103.8662,OK,0.0000,19.2576,4.0000,96.0000,AG03-UNRESOLVED,ALL5_LEVELS_bet23_to_bet27,19.2576,19.2576,19.2576,24.0721,24.0721,4.000000,4.000000,4.000000,5.000000,5.000000,96.000000,96.000000,96.000000,95.000000,95.000000,5.0,105.9171,97.0228,375.5242,384.4184,PENDING_AG03,FALSE,NOT_FOR_ENFORCEMENT,462.1836,11958.6001,481.4412,462.1836,19.2576,0.03413541,0.03276999,19.2576,462.1836,0.03276999,19.2576,19.2576,19.2576,24.0721,24.0721,462.1836,0.03276999,105.9171,97.0228,375.5242,384.4184,0.02662562,0.02725625,0.00136542,25.0513,22.1653,0.8567,43.7674,3.6473,1282.1697,51.0909,,25.0513,13.088,26.176,26.176,39.2639,52.3519,78.5279,13.088,0.0,2.0,3.0,0.957034,21,81,5,2,0E-8,0.03413541,,0E-8,0.000000,0.883224,0.261101,,2026-04-10,2026-04-27,11,132,87,18,0.611111,,,0.000000,,,,,,,,GLOBAL_BASELINE_NO_ENTITY_RANKING,,,NOT_APPLICABLE_GLOBAL_BASELINE,HF9g-P5,,,,X 全窗基线 · 不参与实体赏罚,8391303,840,A168_HF9F_20260827_0900,2026-08-27 09:00:00
2026-04-27,148497545,1714,0,92.6628798785,-92.6628798785,-92.6628798785,0E-7,2,2,0.49324550000000000,0.493245500000,-1.3952362676504506,-1.3952362676504506,-1.3952362676504506,0E-17,ELIGIBLE,R03b_20260811_FULL_v1,L1_ELIGIBILITY,v2026-08-11,2026-03-21..2026-08-06,baccarat_bet02_101_all_pairs_incl_sentinel,round_win = game_pnl > 0 (decisive only),COMPATIBILITY_ONLY_NOT_PRODUCTION,14103.8662,12456.8751,481.4412,563,562,-0.03413541,,-0.03413541,-0.03413541,-481.4412,14103.8662,OK,0.0000,19.2576,4.0000,96.0000,AG03-UNRESOLVED,ALL5_LEVELS_bet23_to_bet27,19.2576,19.2576,19.2576,24.0721,24.0721,4.000000,4.000000,4.000000,5.000000,5.000000,96.000000,96.000000,96.000000,95.000000,95.000000,5.0,105.9171,97.0228,375.5242,384.4184,PENDING_AG03,FALSE,NOT_FOR_ENFORCEMENT,462.1836,11958.6001,481.4412,462.1836,19.2576,0.03413541,0.03276999,19.2576,462.1836,0.03276999,19.2576,19.2576,19.2576,24.0721,24.0721,462.1836,0.03276999,105.9171,97.0228,375.5242,384.4184,0.02662562,0.02725625,0.00136542,25.0513,22.1653,0.8567,43.7674,3.6473,1282.1697,51.0909,,25.0513,13.088,26.176,26.176,39.2639,52.3519,78.5279,13.088,0.0,2.0,3.0,0.957034,21,81,5,2,0E-8,0.03413541,,0E-8,0.000000,0.883224,0.261101,,2026-04-10,2026-04-27,11,132,87,18,0.611111,,,0.000000,,,,,,,,GLOBAL_BASELINE_NO_ENTITY_RANKING,,,NOT_APPLICABLE_GLOBAL_BASELINE,HF9g-P5,,,,X 全窗基线 · 不参与实体赏罚,8391304,840,A168_HF9F_20260827_0900,2026-08-27 09:00:00
2026-04-27,148497545,2103,0,65.4398869199,-65.4398869199,-65.4398869199,0E-7,3,3,0.49771390000000000,0.497713900000,-1.724149546644903,-1.724149546644903,-1.724149546644903,0E-17,ELIGIBLE,R03b_20260811_FULL_v1,L1_ELIGIBILITY,v2026-08-11,2026-03-21..2026-08-06,baccarat_bet02_101_all_pairs_incl_sentinel,round_win = game_pnl > 0 (decisive only),COMPATIBILITY_ONLY_NOT_PRODUCTION,14103.8662,12456.8751,481.4412,563,562,-0.03413541,,-0.03413541,-0.03413541,-481.4412,14103.8662,OK,0.0000,19.2576,4.0000,96.0000,AG03-UNRESOLVED,ALL5_LEVELS_bet23_to_bet27,19.2576,19.2576,19.2576,24.0721,24.0721,4.000000,4.000000,4.000000,5.000000,5.000000,96.000000,96.000000,96.000000,95.000000,95.000000,5.0,105.9171,97.0228,375.5242,384.4184,PENDING_AG03,FALSE,NOT_FOR_ENFORCEMENT,462.1836,11958.6001,481.4412,462.1836,19.2576,0.03413541,0.03276999,19.2576,462.1836,0.03276999,19.2576,19.2576,19.2576,24.0721,24.0721,462.1836,0.03276999,105.9171,97.0228,375.5242,384.4184,0.02662562,0.02725625,0.00136542,25.0513,22.1653,0.8567,43.7674,3.6473,1282.1697,51.0909,,25.0513,13.088,26.176,26.176,39.2639,52.3519,78.5279,13.088,0.0,2.0,3.0,0.957034,21,81,5,2,0E-8,0.03413541,,0E-8,0.000000,0.883224,0.261101,,2026-04-10,2026-04-27,11,132,87,18,0.611111,,,0.000000,,,,,,,,GLOBAL_BASELINE_NO_ENTITY_RANKING,,,NOT_APPLICABLE_GLOBAL_BASELINE,HF9g-P5,,,,X 全窗基线 · 不参与实体赏罚,8391305,840,A168_HF9F_20260827_0900,2026-08-27 09:00:00
2026-04-27,148497545,2130,0,13.0879773840,-13.0879773840,-13.0879773840,0E-7,1,1,0.50665070000000000,0.506650700000,-1.013391052207602,-1.013391052207602,-1.013391052207602,0E-17,ELIGIBLE,R03b_20260811_FULL_v1,L1_ELIGIBILITY,v2026-08-11,2026-03-21..2026-08-06,baccarat_bet02_101_all_pairs_incl_sentinel,round_win = game_pnl > 0 (decisive only),COMPATIBILITY_ONLY_NOT_PRODUCTION,14103.8662,12456.8751,481.4412,563,562,-0.03413541,,-0.03413541,-0.03413541,-481.4412,14103.8662,OK,0.0000,19.2576,4.0000,96.0000,AG03-UNRESOLVED,ALL5_LEVELS_bet23_to_bet27,19.2576,19.2576,19.2576,24.0721,24.0721,4.000000,4.000000,4.000000,5.000000,5.000000,96.000000,96.000000,96.000000,95.000000,95.000000,5.0,105.9171,97.0228,375.5242,384.4184,PENDING_AG03,FALSE,NOT_FOR_ENFORCEMENT,462.1836,11958.6001,481.4412,462.1836,19.2576,0.03413541,0.03276999,19.2576,462.1836,0.03276999,19.2576,19.2576,19.2576,24.0721,24.0721,462.1836,0.03276999,105.9171,97.0228,375.5242,384.4184,0.02662562,0.02725625,0.00136542,25.0513,22.1653,0.8567,43.7674,3.6473,1282.1697,51.0909,,25.0513,13.088,26.176,26.176,39.2639,52.3519,78.5279,13.088,0.0,2.0,3.0,0.957034,21,81,5,2,0E-8,0.03413541,,0E-8,0.000000,0.883224,0.261101,,2026-04-10,2026-04-27,11,132,87,18,0.611111,,,0.000000,,,,,,,,GLOBAL_BASELINE_NO_ENTITY_RANKING,,,NOT_APPLICABLE_GLOBAL_BASELINE,HF9g-P5,,,,X 全窗基线 · 不参与实体赏罚,8391306,840,A168_HF9F_20260827_0900,2026-08-27 09:00:00
2026-04-27,148497545,2134,0,117.7917964558,-13.0879773840,-13.0879773840,0.5000000,2,2,0.49324550000000000,0.493245500000,0.01910635448239258,0.01910635448239258,0.01910635448239258,0E-17,ELIGIBLE,R03b_20260811_FULL_v1,L1_ELIGIBILITY,v2026-08-11,2026-03-21..2026-08-06,baccarat_bet02_101_all_pairs_incl_sentinel,round_win = game_pnl > 0 (decisive only),COMPATIBILITY_ONLY_NOT_PRODUCTION,14103.8662,12456.8751,481.4412,563,562,-0.03413541,,-0.03413541,-0.03413541,-481.4412,14103.8662,OK,0.0000,19.2576,4.0000,96.0000,AG03-UNRESOLVED,ALL5_LEVELS_bet23_to_bet27,19.2576,19.2576,19.2576,24.0721,24.0721,4.000000,4.000000,4.000000,5.000000,5.000000,96.000000,96.000000,96.000000,95.000000,95.000000,5.0,105.9171,97.0228,375.5242,384.4184,PENDING_AG03,FALSE,NOT_FOR_ENFORCEMENT,462.1836,11958.6001,481.4412,462.1836,19.2576,0.03413541,0.03276999,19.2576,462.1836,0.03276999,19.2576,19.2576,19.2576,24.0721,24.0721,462.1836,0.03276999,105.9171,97.0228,375.5242,384.4184,0.02662562,0.02725625,0.00136542,25.0513,22.1653,0.8567,43.7674,3.6473,1282.1697,51.0909,,25.0513,13.088,26.176,26.176,39.2639,52.3519,78.5279,13.088,0.0,2.0,3.0,0.957034,21,81,5,2,0E-8,0.03413541,,0E-8,0.000000,0.883224,0.261101,,2026-04-10,2026-04-27,11,132,87,18,0.611111,,,0.000000,,,,,,,,GLOBAL_BASELINE_NO_ENTITY_RANKING,,,NOT_APPLICABLE_GLOBAL_BASELINE,HF9g-P5,,,,X 全窗基线 · 不参与实体赏罚,8391307,840,A168_HF9F_20260827_0900,2026-08-27 09:00:00
2026-04-27,148497545,2141,0,26.1759547680,12.4335785148,12.4335785148,1.0000000,2,2,0.50665070000000000,0.506650700000,0.9867858985152569,0.9867858985152569,0.9867858985152569,0E-17,ELIGIBLE,R03b_20260811_FULL_v1,L1_ELIGIBILITY,v2026-08-11,2026-03-21..2026-08-06,baccarat_bet02_101_all_pairs_incl_sentinel,round_win = game_pnl > 0 (decisive only),COMPATIBILITY_ONLY_NOT_PRODUCTION,14103.8662,12456.8751,481.4412,563,562,-0.03413541,,-0.03413541,-0.03413541,-481.4412,14103.8662,OK,0.0000,19.2576,4.0000,96.0000,AG03-UNRESOLVED,ALL5_LEVELS_bet23_to_bet27,19.2576,19.2576,19.2576,24.0721,24.0721,4.000000,4.000000,4.000000,5.000000,5.000000,96.000000,96.000000,96.000000,95.000000,95.000000,5.0,105.9171,97.0228,375.5242,384.4184,PENDING_AG03,FALSE,NOT_FOR_ENFORCEMENT,462.1836,11958.6001,481.4412,462.1836,19.2576,0.03413541,0.03276999,19.2576,462.1836,0.03276999,19.2576,19.2576,19.2576,24.0721,24.0721,462.1836,0.03276999,105.9171,97.0228,375.5242,384.4184,0.02662562,0.02725625,0.00136542,25.0513,22.1653,0.8567,43.7674,3.6473,1282.1697,51.0909,,25.0513,13.088,26.176,26.176,39.2639,52.3519,78.5279,13.088,0.0,2.0,3.0,0.957034,21,81,5,2,0E-8,0.03413541,,0E-8,0.000000,0.883224,0.261101,,2026-04-10,2026-04-27,11,132,87,18,0.611111,,,0.000000,,,,,,,,GLOBAL_BASELINE_NO_ENTITY_RANKING,,,NOT_APPLICABLE_GLOBAL_BASELINE,HF9g-P5,,,,X 全窗基线 · 不参与实体赏罚,8391308,840,A168_HF9F_20260827_0900,2026-08-27 09:00:00
2026-04-27,148497545,2142,0,287.9355024476,22.9039604220,22.9039604220,0.7142857,9,9,0.49920336666666667,0.499203366667,1.138110250946487,1.138110250944722,1.138110250946487,-3.3333E-13,ELIGIBLE,R03b_20260811_FULL_v1,L1_ELIGIBILITY,v2026-08-11,2026-03-21..2026-08-06,baccarat_bet02_101_all_pairs_incl_sentinel,round_win = game_pnl > 0 (decisive only),COMPATIBILITY_ONLY_NOT_PRODUCTION,14103.8662,12456.8751,481.4412,563,562,-0.03413541,,-0.03413541,-0.03413541,-481.4412,14103.8662,OK,0.0000,19.2576,4.0000,96.0000,AG03-UNRESOLVED,ALL5_LEVELS_bet23_to_bet27,19.2576,19.2576,19.2576,24.0721,24.0721,4.000000,4.000000,4.000000,5.000000,5.000000,96.000000,96.000000,96.000000,95.000000,95.000000,5.0,105.9171,97.0228,375.5242,384.4184,PENDING_AG03,FALSE,NOT_FOR_ENFORCEMENT,462.1836,11958.6001,481.4412,462.1836,19.2576,0.03413541,0.03276999,19.2576,462.1836,0.03276999,19.2576,19.2576,19.2576,24.0721,24.0721,462.1836,0.03276999,105.9171,97.0228,375.5242,384.4184,0.02662562,0.02725625,0.00136542,25.0513,22.1653,0.8567,43.7674,3.6473,1282.1697,51.0909,,25.0513,13.088,26.176,26.176,39.2639,52.3519,78.5279,13.088,0.0,2.0,3.0,0.957034,21,81,5,2,0E-8,0.03413541,,0E-8,0.000000,0.883224,0.261101,,2026-04-10,2026-04-27,11,132,87,18,0.611111,,,0.000000,,,,,,,,GLOBAL_BASELINE_NO_ENTITY_RANKING,,,NOT_APPLICABLE_GLOBAL_BASELINE,HF9g-P5,,,,X 全窗基线 · 不参与实体赏罚,8391309,840,A168_HF9F_20260827_0900,2026-08-27 09:00:00
2026-04-27,148497545,2256,0,209.4076381438,49.0799151900,49.0799151900,0.7142857,7,7,0.50282064285714286,0.502820642857,1.1189857854549734,1.1189857854557275,1.1189857854549734,1.4286E-13,ELIGIBLE,R03b_20260811_FULL_v1,L1_ELIGIBILITY,v2026-08-11,2026-03-21..2026-08-06,baccarat_bet02_101_all_pairs_incl_sentinel,round_win = game_pnl > 0 (decisive only),COMPATIBILITY_ONLY_NOT_PRODUCTION,14103.8662,12456.8751,481.4412,563,562,-0.03413541,,-0.03413541,-0.03413541,-481.4412,14103.8662,OK,0.0000,19.2576,4.0000,96.0000,AG03-UNRESOLVED,ALL5_LEVELS_bet23_to_bet27,19.2576,19.2576,19.2576,24.0721,24.0721,4.000000,4.000000,4.000000,5.000000,5.000000,96.000000,96.000000,96.000000,95.000000,95.000000,5.0,105.9171,97.0228,375.5242,384.4184,PENDING_AG03,FALSE,NOT_FOR_ENFORCEMENT,462.1836,11958.6001,481.4412,462.1836,19.2576,0.03413541,0.03276999,19.2576,462.1836,0.03276999,19.2576,19.2576,19.2576,24.0721,24.0721,462.1836,0.03276999,105.9171,97.0228,375.5242,384.4184,0.02662562,0.02725625,0.00136542,25.0513,22.1653,0.8567,43.7674,3.6473,1282.1697,51.0909,,25.0513,13.088,26.176,26.176,39.2639,52.3519,78.5279,13.088,0.0,2.0,3.0,0.957034,21,81,5,2,0E-8,0.03413541,,0E-8,0.000000,0.883224,0.261101,,2026-04-10,2026-04-27,11,132,87,18,0.611111,,,0.000000,,,,,,,,GLOBAL_BASELINE_NO_ENTITY_RANKING,,,NOT_APPLICABLE_GLOBAL_BASELINE,HF9g-P5,,,,X 全窗基线 · 不参与实体赏罚,8391310,840,A168_HF9F_20260827_0900,2026-08-27 09:00:00
2026-04-27,148497545,462,0,65.4398869199,-65.4398869199,-65.4398869199,0E-7,2,2,0.49994810000000000,0.499948100000,-1.4140667746232096,-1.4140667746232096,-1.4140667746232096,0E-17,ELIGIBLE,R03b_20260811_FULL_v1,L1_ELIGIBILITY,v2026-08-11,2026-03-21..2026-08-06,baccarat_bet02_101_all_pairs_incl_sentinel,round_win = game_pnl > 0 (decisive only),COMPATIBILITY_ONLY_NOT_PRODUCTION,14103.8662,12456.8751,481.4412,563,562,-0.03413541,,-0.03413541,-0.03413541,-481.4412,14103.8662,OK,0.0000,19.2576,4.0000,96.0000,AG03-UNRESOLVED,ALL5_LEVELS_bet23_to_bet27,19.2576,19.2576,19.2576,24.0721,24.0721,4.000000,4.000000,4.000000,5.000000,5.000000,96.000000,96.000000,96.000000,95.000000,95.000000,5.0,105.9171,97.0228,375.5242,384.4184,PENDING_AG03,FALSE,NOT_FOR_ENFORCEMENT,462.1836,11958.6001,481.4412,462.1836,19.2576,0.03413541,0.03276999,19.2576,462.1836,0.03276999,19.2576,19.2576,19.2576,24.0721,24.0721,462.1836,0.03276999,105.9171,97.0228,375.5242,384.4184,0.02662562,0.02725625,0.00136542,25.0513,22.1653,0.8567,43.7674,3.6473,1282.1697,51.0909,,25.0513,13.088,26.176,26.176,39.2639,52.3519,78.5279,13.088,0.0,2.0,3.0,0.957034,21,81,5,2,0E-8,0.03413541,,0E-8,0.000000,0.883224,0.261101,,2026-04-10,2026-04-27,11,132,87,18,0.611111,,,0.000000,,,,,,,,GLOBAL_BASELINE_NO_ENTITY_RANKING,,,NOT_APPLICABLE_GLOBAL_BASELINE,HF9g-P5,,,,X 全窗基线 · 不参与实体赏罚,8391311,840,A168_HF9F_20260827_0900,2026-08-27 09:00:00
2026-04-27,148497545,529,0,39.2639321520,-13.0879773840,-13.0879773840,0.5000000,2,2,0.49994810000000000,0.499948100000,0.00014679536856514622,0.00014679536856514622,0.00014679536856514622,0E-17,ELIGIBLE,R03b_20260811_FULL_v1,L1_ELIGIBILITY,v2026-08-11,2026-03-21..2026-08-06,baccarat_bet02_101_all_pairs_incl_sentinel,round_win = game_pnl > 0 (decisive only),COMPATIBILITY_ONLY_NOT_PRODUCTION,14103.8662,12456.8751,481.4412,563,562,-0.03413541,,-0.03413541,-0.03413541,-481.4412,14103.8662,OK,0.0000,19.2576,4.0000,96.0000,AG03-UNRESOLVED,ALL5_LEVELS_bet23_to_bet27,19.2576,19.2576,19.2576,24.0721,24.0721,4.000000,4.000000,4.000000,5.000000,5.000000,96.000000,96.000000,96.000000,95.000000,95.000000,5.0,105.9171,97.0228,375.5242,384.4184,PENDING_AG03,FALSE,NOT_FOR_ENFORCEMENT,462.1836,11958.6001,481.4412,462.1836,19.2576,0.03413541,0.03276999,19.2576,462.1836,0.03276999,19.2576,19.2576,19.2576,24.0721,24.0721,462.1836,0.03276999,105.9171,97.0228,375.5242,384.4184,0.02662562,0.02725625,0.00136542,25.0513,22.1653,0.8567,43.7674,3.6473,1282.1697,51.0909,,25.0513,13.088,26.176,26.176,39.2639,52.3519,78.5279,13.088,0.0,2.0,3.0,0.957034,21,81,5,2,0E-8,0.03413541,,0E-8,0.000000,0.883224,0.261101,,2026-04-10,2026-04-27,11,132,87,18,0.611111,,,0.000000,,,,,,,,GLOBAL_BASELINE_NO_ENTITY_RANKING,,,NOT_APPLICABLE_GLOBAL_BASELINE,HF9g-P5,,,,X 全窗基线 · 不参与实体赏罚,8391312,840,A168_HF9F_20260827_0900,2026-08-27 09:00:00
2026-04-27,148497545,550,0,117.7917964559,9.8159830379,9.8159830379,0.2500000,4,4,0.50329940000000000,0.503299400000,-1.013219660140378,-1.013219660140378,-1.013219660140378,0E-17,ELIGIBLE,R03b_20260811_FULL_v1,L1_ELIGIBILITY,v2026-08-11,2026-03-21..2026-08-06,baccarat_bet02_101_all_pairs_incl_sentinel,round_win = game_pnl > 0 (decisive only),COMPATIBILITY_ONLY_NOT_PRODUCTION,14103.8662,12456.8751,481.4412,563,562,-0.03413541,,-0.03413541,-0.03413541,-481.4412,14103.8662,OK,0.0000,19.2576,4.0000,96.0000,AG03-UNRESOLVED,ALL5_LEVELS_bet23_to_bet27,19.2576,19.2576,19.2576,24.0721,24.0721,4.000000,4.000000,4.000000,5.000000,5.000000,96.000000,96.000000,96.000000,95.000000,95.000000,5.0,105.9171,97.0228,375.5242,384.4184,PENDING_AG03,FALSE,NOT_FOR_ENFORCEMENT,462.1836,11958.6001,481.4412,462.1836,19.2576,0.03413541,0.03276999,19.2576,462.1836,0.03276999,19.2576,19.2576,19.2576,24.0721,24.0721,462.1836,0.03276999,105.9171,97.0228,375.5242,384.4184,0.02662562,0.02725625,0.00136542,25.0513,22.1653,0.8567,43.7674,3.6473,1282.1697,51.0909,,25.0513,13.088,26.176,26.176,39.2639,52.3519,78.5279,13.088,0.0,2.0,3.0,0.957034,21,81,5,2,0E-8,0.03413541,,0E-8,0.000000,0.883224,0.261101,,2026-04-10,2026-04-27,11,132,87,18,0.611111,,,0.000000,,,,,,,,GLOBAL_BASELINE_NO_ENTITY_RANKING,,,NOT_APPLICABLE_GLOBAL_BASELINE,HF9g-P5,,,,X 全窗基线 · 不参与实体赏罚,8391313,840,A168_HF9F_20260827_0900,2026-08-27 09:00:00
2026-04-27,148497545,919,0,13.0879773840,13.0879773840,13.0879773840,1.0000000,1,1,0.49324550000000000,0.493245500000,1.01360149184955,1.01360149184955,1.01360149184955,0E-17,ELIGIBLE,R03b_20260811_FULL_v1,L1_ELIGIBILITY,v2026-08-11,2026-03-21..2026-08-06,baccarat_bet02_101_all_pairs_incl_sentinel,round_win = game_pnl > 0 (decisive only),COMPATIBILITY_ONLY_NOT_PRODUCTION,14103.8662,12456.8751,481.4412,563,562,-0.03413541,,-0.03413541,-0.03413541,-481.4412,14103.8662,OK,0.0000,19.2576,4.0000,96.0000,AG03-UNRESOLVED,ALL5_LEVELS_bet23_to_bet27,19.2576,19.2576,19.2576,24.0721,24.0721,4.000000,4.000000,4.000000,5.000000,5.000000,96.000000,96.000000,96.000000,95.000000,95.000000,5.0,105.9171,97.0228,375.5242,384.4184,PENDING_AG03,FALSE,NOT_FOR_ENFORCEMENT,462.1836,11958.6001,481.4412,462.1836,19.2576,0.03413541,0.03276999,19.2576,462.1836,0.03276999,19.2576,19.2576,19.2576,24.0721,24.0721,462.1836,0.03276999,105.9171,97.0228,375.5242,384.4184,0.02662562,0.02725625,0.00136542,25.0513,22.1653,0.8567,43.7674,3.6473,1282.1697,51.0909,,25.0513,13.088,26.176,26.176,39.2639,52.3519,78.5279,13.088,0.0,2.0,3.0,0.957034,21,81,5,2,0E-8,0.03413541,,0E-8,0.000000,0.883224,0.261101,,2026-04-10,2026-04-27,11,132,87,18,0.611111,,,0.000000,,,,,,,,GLOBAL_BASELINE_NO_ENTITY_RANKING,,,NOT_APPLICABLE_GLOBAL_BASELINE,HF9g-P5,,,,X 全窗基线 · 不参与实体赏罚,8391314,840,A168_HF9F_20260827_0900,2026-08-27 09:00:00
2026-03-23,103192438,-1,1,32.7718424330,31.1332503113,31.1332503113,1.0000000,1,1,0.50665070000000000,0.506650700000,0.9867858985152569,0.9867858985152569,0.9867858985152569,0E-17,SENTINEL_DEALER,R03b_20260811_FULL_v1,L1_ELIGIBILITY,v2026-08-11,2026-03-21..2026-08-06,baccarat_bet02_101_all_pairs_incl_sentinel,round_win = game_pnl > 0 (decisive only),COMPATIBILITY_ONLY_NOT_PRODUCTION,3423.9738,3162.5702,481.4497,63,60,-0.14061138,-0.20777555,-0.12157854,-0.14061138,-481.4497,3423.9738,OK,0.0000,19.2580,4.0000,96.0000,AG03-UNRESOLVED,ALL5_LEVELS_bet23_to_bet27,19.2580,19.2580,19.2580,19.2580,19.2580,4.000000,4.000000,4.000000,4.000000,4.000000,96.000000,96.000000,96.000000,96.000000,96.000000,5.0,96.2899,88.8888,385.1598,392.5609,PENDING_AG03,FALSE,NOT_FOR_ENFORCEMENT,462.1917,3036.0673,481.4497,462.1917,19.2580,0.14061138,0.13498693,19.2580,462.1917,0.13498693,19.2580,19.2580,19.2580,19.2580,19.2580,462.1917,0.13498693,96.2899,88.8888,385.1598,392.5609,0.11248911,0.11465068,0.00562446,54.3488,52.7095,8.0242,19.2580,12.6697,136.9590,2.4000,54.0025,54.4477,25.136,43.0608,68.8361,119.5388,131.941,162.816,43.0608,-21.5304,3.064066,3.781076,1.262142,17,30,24,5,0.22080632,0.14061138,0.20777555,0E-8,0.000000,0.923655,0.000000,-0.08619702,2026-03-23,2026-08-01,25,38,38,132,0.189394,0.991823,0.993628,0.736021,,,,,,,,GLOBAL_BASELINE_NO_ENTITY_RANKING,,,NOT_APPLICABLE_GLOBAL_BASELINE,HF9g-P5,,,,X 全窗基线 · 不参与实体赏罚,8391315,840,A168_HF9F_20260827_0900,2026-08-27 09:00:00
2026-03-23,103192438,1942,0,76.4676323436,30.0408555636,30.0408555636,0.6666667,3,3,0.50218230000000000,0.502182300000,0.5697959874915163,0.5697959874915164,0.5697959874915163,0E-17,ELIGIBLE,R03b_20260811_FULL_v1,L1_ELIGIBILITY,v2026-08-11,2026-03-21..2026-08-06,baccarat_bet02_101_all_pairs_incl_sentinel,round_win = game_pnl > 0 (decisive only),COMPATIBILITY_ONLY_NOT_PRODUCTION,3423.9738,3162.5702,481.4497,63,60,-0.14061138,-0.20777555,-0.12157854,-0.14061138,-481.4497,3423.9738,OK,0.0000,19.2580,4.0000,96.0000,AG03-UNRESOLVED,ALL5_LEVELS_bet23_to_bet27,19.2580,19.2580,19.2580,19.2580,19.2580,4.000000,4.000000,4.000000,4.000000,4.000000,96.000000,96.000000,96.000000,96.000000,96.000000,5.0,96.2899,88.8888,385.1598,392.5609,PENDING_AG03,FALSE,NOT_FOR_ENFORCEMENT,462.1917,3036.0673,481.4497,462.1917,19.2580,0.14061138,0.13498693,19.2580,462.1917,0.13498693,19.2580,19.2580,19.2580,19.2580,19.2580,462.1917,0.13498693,96.2899,88.8888,385.1598,392.5609,0.11248911,0.11465068,0.00562446,54.3488,52.7095,8.0242,19.2580,12.6697,136.9590,2.4000,54.0025,54.4477,25.136,43.0608,68.8361,119.5388,131.941,162.816,43.0608,-21.5304,3.064066,3.781076,1.262142,17,30,24,5,0.22080632,0.14061138,0.20777555,0E-8,0.000000,0.923655,0.000000,-0.08619702,2026-03-23,2026-08-01,25,38,38,132,0.189394,0.991823,0.993628,0.736021,,,,,,,,GLOBAL_BASELINE_NO_ENTITY_RANKING,,,NOT_APPLICABLE_GLOBAL_BASELINE,HF9g-P5,,,,X 全窗基线 · 不参与实体赏罚,8391316,840,A168_HF9F_20260827_0900,2026-08-27 09:00:00
2026-03-23,103192438,2258,0,21.8478949553,21.8478949553,21.8478949553,1.0000000,1,1,0.49324550000000000,0.493245500000,1.01360149184955,1.01360149184955,1.01360149184955,0E-17,ELIGIBLE,R03b_20260811_FULL_v1,L1_ELIGIBILITY,v2026-08-11,2026-03-21..2026-08-06,baccarat_bet02_101_all_pairs_incl_sentinel,round_win = game_pnl > 0 (decisive only),COMPATIBILITY_ONLY_NOT_PRODUCTION,3423.9738,3162.5702,481.4497,63,60,-0.14061138,-0.20777555,-0.12157854,-0.14061138,-481.4497,3423.9738,OK,0.0000,19.2580,4.0000,96.0000,AG03-UNRESOLVED,ALL5_LEVELS_bet23_to_bet27,19.2580,19.2580,19.2580,19.2580,19.2580,4.000000,4.000000,4.000000,4.000000,4.000000,96.000000,96.000000,96.000000,96.000000,96.000000,5.0,96.2899,88.8888,385.1598,392.5609,PENDING_AG03,FALSE,NOT_FOR_ENFORCEMENT,462.1917,3036.0673,481.4497,462.1917,19.2580,0.14061138,0.13498693,19.2580,462.1917,0.13498693,19.2580,19.2580,19.2580,19.2580,19.2580,462.1917,0.13498693,96.2899,88.8888,385.1598,392.5609,0.11248911,0.11465068,0.00562446,54.3488,52.7095,8.0242,19.2580,12.6697,136.9590,2.4000,54.0025,54.4477,25.136,43.0608,68.8361,119.5388,131.941,162.816,43.0608,-21.5304,3.064066,3.781076,1.262142,17,30,24,5,0.22080632,0.14061138,0.20777555,0E-8,0.000000,0.923655,0.000000,-0.08619702,2026-03-23,2026-08-01,25,38,38,132,0.189394,0.991823,0.993628,0.736021,,,,,,,,GLOBAL_BASELINE_NO_ENTITY_RANKING,,,NOT_APPLICABLE_GLOBAL_BASELINE,HF9g-P5,,,,X 全窗基线 · 不参与实体赏罚,8391317,840,A168_HF9F_20260827_0900,2026-08-27 09:00:00
2026-03-26,103192438,-1,1,230.7137707281,53.0248410567,53.0248410567,0.5000000,4,4,0.50329940000000000,0.503299400000,-0.01319788734859681,-0.01319788734859681,-0.01319788734859681,0E-17,SENTINEL_DEALER,R03b_20260811_FULL_v1,L1_ELIGIBILITY,v2026-08-11,2026-03-21..2026-08-06,baccarat_bet02_101_all_pairs_incl_sentinel,round_win = game_pnl > 0 (decisive only),COMPATIBILITY_ONLY_NOT_PRODUCTION,3423.9738,3162.5702,481.4497,63,60,-0.14061138,-0.20777555,-0.12157854,-0.14061138,-481.4497,3423.9738,OK,0.0000,19.2580,4.0000,96.0000,AG03-UNRESOLVED,ALL5_LEVELS_bet23_to_bet27,19.2580,19.2580,19.2580,19.2580,19.2580,4.000000,4.000000,4.000000,4.000000,4.000000,96.000000,96.000000,96.000000,96.000000,96.000000,5.0,96.2899,88.8888,385.1598,392.5609,PENDING_AG03,FALSE,NOT_FOR_ENFORCEMENT,462.1917,3036.0673,481.4497,462.1917,19.2580,0.14061138,0.13498693,19.2580,462.1917,0.13498693,19.2580,19.2580,19.2580,19.2580,19.2580,462.1917,0.13498693,96.2899,88.8888,385.1598,392.5609,0.11248911,0.11465068,0.00562446,54.3488,52.7095,8.0242,19.2580,12.6697,136.9590,2.4000,54.0025,54.4477,25.136,43.0608,68.8361,119.5388,131.941,162.816,43.0608,-21.5304,3.064066,3.781076,1.262142,17,30,24,5,0.22080632,0.14061138,0.20777555,0E-8,0.000000,0.923655,0.000000,-0.08619702,2026-03-23,2026-08-01,25,38,38,132,0.189394,0.991823,0.993628,0.736021,,,,,,,,GLOBAL_BASELINE_NO_ENTITY_RANKING,,,NOT_APPLICABLE_GLOBAL_BASELINE,HF9g-P5,,,,X 全窗基线 · 不参与实体赏罚,8391318,840,A168_HF9F_20260827_0900,2026-08-27 09:00:00
2026-03-26,103192438,1151,0,87.3915798213,-87.3915798213,-87.3915798213,0E-7,1,1,0.49324550000000000,0.493245500000,-0.9865810262130424,-0.9865810262130424,-0.9865810262130424,0E-17,ELIGIBLE,R03b_20260811_FULL_v1,L1_ELIGIBILITY,v2026-08-11,2026-03-21..2026-08-06,baccarat_bet02_101_all_pairs_incl_sentinel,round_win = game_pnl > 0 (decisive only),COMPATIBILITY_ONLY_NOT_PRODUCTION,3423.9738,3162.5702,481.4497,63,60,-0.14061138,-0.20777555,-0.12157854,-0.14061138,-481.4497,3423.9738,OK,0.0000,19.2580,4.0000,96.0000,AG03-UNRESOLVED,ALL5_LEVELS_bet23_to_bet27,19.2580,19.2580,19.2580,19.2580,19.2580,4.000000,4.000000,4.000000,4.000000,4.000000,96.000000,96.000000,96.000000,96.000000,96.000000,5.0,96.2899,88.8888,385.1598,392.5609,PENDING_AG03,FALSE,NOT_FOR_ENFORCEMENT,462.1917,3036.0673,481.4497,462.1917,19.2580,0.14061138,0.13498693,19.2580,462.1917,0.13498693,19.2580,19.2580,19.2580,19.2580,19.2580,462.1917,0.13498693,96.2899,88.8888,385.1598,392.5609,0.11248911,0.11465068,0.00562446,54.3488,52.7095,8.0242,19.2580,12.6697,136.9590,2.4000,54.0025,54.4477,25.136,43.0608,68.8361,119.5388,131.941,162.816,43.0608,-21.5304,3.064066,3.781076,1.262142,17,30,24,5,0.22080632,0.14061138,0.20777555,0E-8,0.000000,0.923655,0.000000,-0.08619702,2026-03-23,2026-08-01,25,38,38,132,0.189394,0.991823,0.993628,0.736021,,,,,,,,GLOBAL_BASELINE_NO_ENTITY_RANKING,,,NOT_APPLICABLE_GLOBAL_BASELINE,HF9g-P5,,,,X 全窗基线 · 不参与实体赏罚,8391319,840,A168_HF9F_20260827_0900,2026-08-27 09:00:00
2026-03-26,103192438,1210,0,153.1537436368,145.4960564550,145.4960564550,1.0000000,2,2,0.50665070000000000,0.506650700000,1.3955260008387969,1.3955260008387969,1.3955260008387969,0E-17,ELIGIBLE,R03b_20260811_FULL_v1,L1_ELIGIBILITY,v2026-08-11,2026-03-21..2026-08-06,baccarat_bet02_101_all_pairs_incl_sentinel,round_win = game_pnl > 0 (decisive only),COMPATIBILITY_ONLY_NOT_PRODUCTION,3423.9738,3162.5702,481.4497,63,60,-0.14061138,-0.20777555,-0.12157854,-0.14061138,-481.4497,3423.9738,OK,0.0000,19.2580,4.0000,96.0000,AG03-UNRESOLVED,ALL5_LEVELS_bet23_to_bet27,19.2580,19.2580,19.2580,19.2580,19.2580,4.000000,4.000000,4.000000,4.000000,4.000000,96.000000,96.000000,96.000000,96.000000,96.000000,5.0,96.2899,88.8888,385.1598,392.5609,PENDING_AG03,FALSE,NOT_FOR_ENFORCEMENT,462.1917,3036.0673,481.4497,462.1917,19.2580,0.14061138,0.13498693,19.2580,462.1917,0.13498693,19.2580,19.2580,19.2580,19.2580,19.2580,462.1917,0.13498693,96.2899,88.8888,385.1598,392.5609,0.11248911,0.11465068,0.00562446,54.3488,52.7095,8.0242,19.2580,12.6697,136.9590,2.4000,54.0025,54.4477,25.136,43.0608,68.8361,119.5388,131.941,162.816,43.0608,-21.5304,3.064066,3.781076,1.262142,17,30,24,5,0.22080632,0.14061138,0.20777555,0E-8,0.000000,0.923655,0.000000,-0.08619702,2026-03-23,2026-08-01,25,38,38,132,0.189394,0.991823,0.993628,0.736021,,,,,,,,GLOBAL_BASELINE_NO_ENTITY_RANKING,,,NOT_APPLICABLE_GLOBAL_BASELINE,HF9g-P5,,,,X 全窗基线 · 不参与实体赏罚,8391320,840,A168_HF9F_20260827_0900,2026-08-27 09:00:00
2026-04-02,103192438,2108,0,51.9228697619,-51.9228697619,-51.9228697619,0E-7,1,1,0.49324550000000000,0.493245500000,-0.9865810262130424,-0.9865810262130424,-0.9865810262130424,0E-17,ELIGIBLE,R03b_20260811_FULL_v1,L1_ELIGIBILITY,v2026-08-11,2026-03-21..2026-08-06,baccarat_bet02_101_all_pairs_incl_sentinel,round_win = game_pnl > 0 (decisive only),COMPATIBILITY_ONLY_NOT_PRODUCTION,3423.9738,3162.5702,481.4497,63,60,-0.14061138,-0.20777555,-0.12157854,-0.14061138,-481.4497,3423.9738,OK,0.0000,19.2580,4.0000,96.0000,AG03-UNRESOLVED,ALL5_LEVELS_bet23_to_bet27,19.2580,19.2580,19.2580,19.2580,19.2580,4.000000,4.000000,4.000000,4.000000,4.000000,96.000000,96.000000,96.000000,96.000000,96.000000,5.0,96.2899,88.8888,385.1598,392.5609,PENDING_AG03,FALSE,NOT_FOR_ENFORCEMENT,462.1917,3036.0673,481.4497,462.1917,19.2580,0.14061138,0.13498693,19.2580,462.1917,0.13498693,19.2580,19.2580,19.2580,19.2580,19.2580,462.1917,0.13498693,96.2899,88.8888,385.1598,392.5609,0.11248911,0.11465068,0.00562446,54.3488,52.7095,8.0242,19.2580,12.6697,136.9590,2.4000,54.0025,54.4477,25.136,43.0608,68.8361,119.5388,131.941,162.816,43.0608,-21.5304,3.064066,3.781076,1.262142,17,30,24,5,0.22080632,0.14061138,0.20777555,0E-8,0.000000,0.923655,0.000000,-0.08619702,2026-03-23,2026-08-01,25,38,38,132,0.189394,0.991823,0.993628,0.736021,,,,,,,,GLOBAL_BASELINE_NO_ENTITY_RANKING,,,NOT_APPLICABLE_GLOBAL_BASELINE,HF9g-P5,,,,X 全窗基线 · 不参与实体赏罚,8391321,840,A168_HF9F_20260827_0900,2026-08-27 09:00:00
2026-04-15,103192438,1401,0,79.5001615857,79.5001615857,79.5001615857,1.0000000,1,1,0.49324550000000000,0.493245500000,1.01360149184955,1.01360149184955,1.01360149184955,0E-17,ELIGIBLE,R03b_20260811_FULL_v1,L1_ELIGIBILITY,v2026-08-11,2026-03-21..2026-08-06,baccarat_bet02_101_all_pairs_incl_sentinel,round_win = game_pnl > 0 (decisive only),COMPATIBILITY_ONLY_NOT_PRODUCTION,3423.9738,3162.5702,481.4497,63,60,-0.14061138,-0.20777555,-0.12157854,-0.14061138,-481.4497,3423.9738,OK,0.0000,19.2580,4.0000,96.0000,AG03-UNRESOLVED,ALL5_LEVELS_bet23_to_bet27,19.2580,19.2580,19.2580,19.2580,19.2580,4.000000,4.000000,4.000000,4.000000,4.000000,96.000000,96.000000,96.000000,96.000000,96.000000,5.0,96.2899,88.8888,385.1598,392.5609,PENDING_AG03,FALSE,NOT_FOR_ENFORCEMENT,462.1917,3036.0673,481.4497,462.1917,19.2580,0.14061138,0.13498693,19.2580,462.1917,0.13498693,19.2580,19.2580,19.2580,19.2580,19.2580,462.1917,0.13498693,96.2899,88.8888,385.1598,392.5609,0.11248911,0.11465068,0.00562446,54.3488,52.7095,8.0242,19.2580,12.6697,136.9590,2.4000,54.0025,54.4477,25.136,43.0608,68.8361,119.5388,131.941,162.816,43.0608,-21.5304,3.064066,3.781076,1.262142,17,30,24,5,0.22080632,0.14061138,0.20777555,0E-8,0.000000,0.923655,0.000000,-0.08619702,2026-03-23,2026-08-01,25,38,38,132,0.189394,0.991823,0.993628,0.736021,,,,,,,,GLOBAL_BASELINE_NO_ENTITY_RANKING,,,NOT_APPLICABLE_GLOBAL_BASELINE,HF9g-P5,,,,X 全窗基线 · 不参与实体赏罚,8391322,840,A168_HF9F_20260827_0900,2026-08-27 09:00:00
2026-04-15,103192438,2108,0,137.4555639341,-137.4555639341,-137.4555639341,0E-7,1,1,0.50665070000000000,0.506650700000,-1.013391052207602,-1.013391052207602,-1.013391052207602,0E-17,ELIGIBLE,R03b_20260811_FULL_v1,L1_ELIGIBILITY,v2026-08-11,2026-03-21..2026-08-06,baccarat_bet02_101_all_pairs_incl_sentinel,round_win = game_pnl > 0 (decisive only),COMPATIBILITY_ONLY_NOT_PRODUCTION,3423.9738,3162.5702,481.4497,63,60,-0.14061138,-0.20777555,-0.12157854,-0.14061138,-481.4497,3423.9738,OK,0.0000,19.2580,4.0000,96.0000,AG03-UNRESOLVED,ALL5_LEVELS_bet23_to_bet27,19.2580,19.2580,19.2580,19.2580,19.2580,4.000000,4.000000,4.000000,4.000000,4.000000,96.000000,96.000000,96.000000,96.000000,96.000000,5.0,96.2899,88.8888,385.1598,392.5609,PENDING_AG03,FALSE,NOT_FOR_ENFORCEMENT,462.1917,3036.0673,481.4497,462.1917,19.2580,0.14061138,0.13498693,19.2580,462.1917,0.13498693,19.2580,19.2580,19.2580,19.2580,19.2580,462.1917,0.13498693,96.2899,88.8888,385.1598,392.5609,0.11248911,0.11465068,0.00562446,54.3488,52.7095,8.0242,19.2580,12.6697,136.9590,2.4000,54.0025,54.4477,25.136,43.0608,68.8361,119.5388,131.941,162.816,43.0608,-21.5304,3.064066,3.781076,1.262142,17,30,24,5,0.22080632,0.14061138,0.20777555,0E-8,0.000000,0.923655,0.000000,-0.08619702,2026-03-23,2026-08-01,25,38,38,132,0.189394,0.991823,0.993628,0.736021,,,,,,,,GLOBAL_BASELINE_NO_ENTITY_RANKING,,,NOT_APPLICABLE_GLOBAL_BASELINE,HF9g-P5,,,,X 全窗基线 · 不参与实体赏罚,8391323,840,A168_HF9F_20260827_0900,2026-08-27 09:00:00
2026-04-15,103192438,2152,0,21.5447592373,-21.5447592373,-21.5447592373,0E-7,1,1,0.50665070000000000,0.506650700000,-1.013391052207602,-1.013391052207602,-1.013391052207602,0E-17,ELIGIBLE,R03b_20260811_FULL_v1,L1_ELIGIBILITY,v2026-08-11,2026-03-21..2026-08-06,baccarat_bet02_101_all_pairs_incl_sentinel,round_win = game_pnl > 0 (decisive only),COMPATIBILITY_ONLY_NOT_PRODUCTION,3423.9738,3162.5702,481.4497,63,60,-0.14061138,-0.20777555,-0.12157854,-0.14061138,-481.4497,3423.9738,OK,0.0000,19.2580,4.0000,96.0000,AG03-UNRESOLVED,ALL5_LEVELS_bet23_to_bet27,19.2580,19.2580,19.2580,19.2580,19.2580,4.000000,4.000000,4.000000,4.000000,4.000000,96.000000,96.000000,96.000000,96.000000,96.000000,5.0,96.2899,88.8888,385.1598,392.5609,PENDING_AG03,FALSE,NOT_FOR_ENFORCEMENT,462.1917,3036.0673,481.4497,462.1917,19.2580,0.14061138,0.13498693,19.2580,462.1917,0.13498693,19.2580,19.2580,19.2580,19.2580,19.2580,462.1917,0.13498693,96.2899,88.8888,385.1598,392.5609,0.11248911,0.11465068,0.00562446,54.3488,52.7095,8.0242,19.2580,12.6697,136.9590,2.4000,54.0025,54.4477,25.136,43.0608,68.8361,119.5388,131.941,162.816,43.0608,-21.5304,3.064066,3.781076,1.262142,17,30,24,5,0.22080632,0.14061138,0.20777555,0E-8,0.000000,0.923655,0.000000,-0.08619702,2026-03-23,2026-08-01,25,38,38,132,0.189394,0.991823,0.993628,0.736021,,,,,,,,GLOBAL_BASELINE_NO_ENTITY_RANKING,,,NOT_APPLICABLE_GLOBAL_BASELINE,HF9g-P5,,,,X 全窗基线 · 不参与实体赏罚,8391324,840,A168_HF9F_20260827_0900,2026-08-27 09:00:00
2026-04-24,103192438,1646,0,123.8823656146,-41.9584186147,-41.9584186147,0.5000000,2,2,0.49994810000000000,0.499948100000,0.00014679536856514622,0.00014679536856514622,0.00014679536856514622,0E-17,ELIGIBLE,R03b_20260811_FULL_v1,L1_ELIGIBILITY,v2026-08-11,2026-03-21..2026-08-06,baccarat_bet02_101_all_pairs_incl_sentinel,round_win = game_pnl > 0 (decisive only),COMPATIBILITY_ONLY_NOT_PRODUCTION,3423.9738,3162.5702,481.4497,63,60,-0.14061138,-0.20777555,-0.12157854,-0.14061138,-481.4497,3423.9738,OK,0.0000,19.2580,4.0000,96.0000,AG03-UNRESOLVED,ALL5_LEVELS_bet23_to_bet27,19.2580,19.2580,19.2580,19.2580,19.2580,4.000000,4.000000,4.000000,4.000000,4.000000,96.000000,96.000000,96.000000,96.000000,96.000000,5.0,96.2899,88.8888,385.1598,392.5609,PENDING_AG03,FALSE,NOT_FOR_ENFORCEMENT,462.1917,3036.0673,481.4497,462.1917,19.2580,0.14061138,0.13498693,19.2580,462.1917,0.13498693,19.2580,19.2580,19.2580,19.2580,19.2580,462.1917,0.13498693,96.2899,88.8888,385.1598,392.5609,0.11248911,0.11465068,0.00562446,54.3488,52.7095,8.0242,19.2580,12.6697,136.9590,2.4000,54.0025,54.4477,25.136,43.0608,68.8361,119.5388,131.941,162.816,43.0608,-21.5304,3.064066,3.781076,1.262142,17,30,24,5,0.22080632,0.14061138,0.20777555,0E-8,0.000000,0.923655,0.000000,-0.08619702,2026-03-23,2026-08-01,25,38,38,132,0.189394,0.991823,0.993628,0.736021,,,,,,,,GLOBAL_BASELINE_NO_ENTITY_RANKING,,,NOT_APPLICABLE_GLOBAL_BASELINE,HF9g-P5,,,,X 全窗基线 · 不参与实体赏罚,8391325,840,A168_HF9F_20260827_0900,2026-08-27 09:00:00
2026-05-08,103192438,2174,0,47.5799126260,-47.5799126260,-47.5799126260,0E-7,1,1,0.50665070000000000,0.506650700000,-1.013391052207602,-1.013391052207602,-1.013391052207602,0E-17,ELIGIBLE,R03b_20260811_FULL_v1,L1_ELIGIBILITY,v2026-08-11,2026-03-21..2026-08-06,baccarat_bet02_101_all_pairs_incl_sentinel,round_win = game_pnl > 0 (decisive only),COMPATIBILITY_ONLY_NOT_PRODUCTION,3423.9738,3162.5702,481.4497,63,60,-0.14061138,-0.20777555,-0.12157854,-0.14061138,-481.4497,3423.9738,OK,0.0000,19.2580,4.0000,96.0000,AG03-UNRESOLVED,ALL5_LEVELS_bet23_to_bet27,19.2580,19.2580,19.2580,19.2580,19.2580,4.000000,4.000000,4.000000,4.000000,4.000000,96.000000,96.000000,96.000000,96.000000,96.000000,5.0,96.2899,88.8888,385.1598,392.5609,PENDING_AG03,FALSE,NOT_FOR_ENFORCEMENT,462.1917,3036.0673,481.4497,462.1917,19.2580,0.14061138,0.13498693,19.2580,462.1917,0.13498693,19.2580,19.2580,19.2580,19.2580,19.2580,462.1917,0.13498693,96.2899,88.8888,385.1598,392.5609,0.11248911,0.11465068,0.00562446,54.3488,52.7095,8.0242,19.2580,12.6697,136.9590,2.4000,54.0025,54.4477,25.136,43.0608,68.8361,119.5388,131.941,162.816,43.0608,-21.5304,3.064066,3.781076,1.262142,17,30,24,5,0.22080632,0.14061138,0.20777555,0E-8,0.000000,0.923655,0.000000,-0.08619702,2026-03-23,2026-08-01,25,38,38,132,0.189394,0.991823,0.993628,0.736021,,,,,,,,GLOBAL_BASELINE_NO_ENTITY_RANKING,,,NOT_APPLICABLE_GLOBAL_BASELINE,HF9g-P5,,,,X 全窗基线 · 不参与实体赏罚,8391326,840,A168_HF9F_20260827_0900,2026-08-27 09:00:00
2026-05-11,103192438,2241,0,66.1793330161,22.9248669925,22.9248669925,0.5000000,2,2,0.49994810000000000,0.499948100000,0.00014679536856514622,0.00014679536856514622,0.00014679536856514622,0E-17,ELIGIBLE,R03b_20260811_FULL_v1,L1_ELIGIBILITY,v2026-08-11,2026-03-21..2026-08-06,baccarat_bet02_101_all_pairs_incl_sentinel,round_win = game_pnl > 0 (decisive only),COMPATIBILITY_ONLY_NOT_PRODUCTION,3423.9738,3162.5702,481.4497,63,60,-0.14061138,-0.20777555,-0.12157854,-0.14061138,-481.4497,3423.9738,OK,0.0000,19.2580,4.0000,96.0000,AG03-UNRESOLVED,ALL5_LEVELS_bet23_to_bet27,19.2580,19.2580,19.2580,19.2580,19.2580,4.000000,4.000000,4.000000,4.000000,4.000000,96.000000,96.000000,96.000000,96.000000,96.000000,5.0,96.2899,88.8888,385.1598,392.5609,PENDING_AG03,FALSE,NOT_FOR_ENFORCEMENT,462.1917,3036.0673,481.4497,462.1917,19.2580,0.14061138,0.13498693,19.2580,462.1917,0.13498693,19.2580,19.2580,19.2580,19.2580,19.2580,462.1917,0.13498693,96.2899,88.8888,385.1598,392.5609,0.11248911,0.11465068,0.00562446,54.3488,52.7095,8.0242,19.2580,12.6697,136.9590,2.4000,54.0025,54.4477,25.136,43.0608,68.8361,119.5388,131.941,162.816,43.0608,-21.5304,3.064066,3.781076,1.262142,17,30,24,5,0.22080632,0.14061138,0.20777555,0E-8,0.000000,0.923655,0.000000,-0.08619702,2026-03-23,2026-08-01,25,38,38,132,0.189394,0.991823,0.993628,0.736021,,,,,,,,GLOBAL_BASELINE_NO_ENTITY_RANKING,,,NOT_APPLICABLE_GLOBAL_BASELINE,HF9g-P5,,,,X 全窗基线 · 不参与实体赏罚,8391327,840,A168_HF9F_20260827_0900,2026-08-27 09:00:00
2026-06-04,103192438,2177,0,180.2092752874,20.4538603970,20.4538603970,1.0000000,3,3,0.50665070000000000,0.506650700000,0.9867858985152569,0.9867858985152569,0.9867858985152569,0E-17,ELIGIBLE,R03b_20260811_FULL_v1,L1_ELIGIBILITY,v2026-08-11,2026-03-21..2026-08-06,baccarat_bet02_101_all_pairs_incl_sentinel,round_win = game_pnl > 0 (decisive only),COMPATIBILITY_ONLY_NOT_PRODUCTION,3423.9738,3162.5702,481.4497,63,60,-0.14061138,-0.20777555,-0.12157854,-0.14061138,-481.4497,3423.9738,OK,0.0000,19.2580,4.0000,96.0000,AG03-UNRESOLVED,ALL5_LEVELS_bet23_to_bet27,19.2580,19.2580,19.2580,19.2580,19.2580,4.000000,4.000000,4.000000,4.000000,4.000000,96.000000,96.000000,96.000000,96.000000,96.000000,5.0,96.2899,88.8888,385.1598,392.5609,PENDING_AG03,FALSE,NOT_FOR_ENFORCEMENT,462.1917,3036.0673,481.4497,462.1917,19.2580,0.14061138,0.13498693,19.2580,462.1917,0.13498693,19.2580,19.2580,19.2580,19.2580,19.2580,462.1917,0.13498693,96.2899,88.8888,385.1598,392.5609,0.11248911,0.11465068,0.00562446,54.3488,52.7095,8.0242,19.2580,12.6697,136.9590,2.4000,54.0025,54.4477,25.136,43.0608,68.8361,119.5388,131.941,162.816,43.0608,-21.5304,3.064066,3.781076,1.262142,17,30,24,5,0.22080632,0.14061138,0.20777555,0E-8,0.000000,0.923655,0.000000,-0.08619702,2026-03-23,2026-08-01,25,38,38,132,0.189394,0.991823,0.993628,0.736021,,,,,,,,GLOBAL_BASELINE_NO_ENTITY_RANKING,,,NOT_APPLICABLE_GLOBAL_BASELINE,HF9g-P5,,,,X 全窗基线 · 不参与实体赏罚,8391328,840,A168_HF9F_20260827_0900,2026-08-27 09:00:00
2026-06-14,103192438,-1,1,48.2280497782,48.2280497782,48.2280497782,1.0000000,1,1,0.49324550000000000,0.493245500000,1.01360149184955,1.01360149184955,1.01360149184955,0E-17,SENTINEL_DEALER,R03b_20260811_FULL_v1,L1_ELIGIBILITY,v2026-08-11,2026-03-21..2026-08-06,baccarat_bet02_101_all_pairs_incl_sentinel,round_win = game_pnl > 0 (decisive only),COMPATIBILITY_ONLY_NOT_PRODUCTION,3423.9738,3162.5702,481.4497,63,60,-0.14061138,-0.20777555,-0.12157854,-0.14061138,-481.4497,3423.9738,OK,0.0000,19.2580,4.0000,96.0000,AG03-UNRESOLVED,ALL5_LEVELS_bet23_to_bet27,19.2580,19.2580,19.2580,19.2580,19.2580,4.000000,4.000000,4.000000,4.000000,4.000000,96.000000,96.000000,96.000000,96.000000,96.000000,5.0,96.2899,88.8888,385.1598,392.5609,PENDING_AG03,FALSE,NOT_FOR_ENFORCEMENT,462.1917,3036.0673,481.4497,462.1917,19.2580,0.14061138,0.13498693,19.2580,462.1917,0.13498693,19.2580,19.2580,19.2580,19.2580,19.2580,462.1917,0.13498693,96.2899,88.8888,385.1598,392.5609,0.11248911,0.11465068,0.00562446,54.3488,52.7095,8.0242,19.2580,12.6697,136.9590,2.4000,54.0025,54.4477,25.136,43.0608,68.8361,119.5388,131.941,162.816,43.0608,-21.5304,3.064066,3.781076,1.262142,17,30,24,5,0.22080632,0.14061138,0.20777555,0E-8,0.000000,0.923655,0.000000,-0.08619702,2026-03-23,2026-08-01,25,38,38,132,0.189394,0.991823,0.993628,0.736021,,,,,,,,GLOBAL_BASELINE_NO_ENTITY_RANKING,,,NOT_APPLICABLE_GLOBAL_BASELINE,HF9g-P5,,,,X 全窗基线 · 不参与实体赏罚,8391329,840,A168_HF9F_20260827_0900,2026-08-27 09:00:00
2026-06-14,103192438,2234,0,21.5303793653,-21.5303793653,-21.5303793653,0E-7,1,1,0.49324550000000000,0.493245500000,-0.9865810262130424,-0.9865810262130424,-0.9865810262130424,0E-17,ELIGIBLE,R03b_20260811_FULL_v1,L1_ELIGIBILITY,v2026-08-11,2026-03-21..2026-08-06,baccarat_bet02_101_all_pairs_incl_sentinel,round_win = game_pnl > 0 (decisive only),COMPATIBILITY_ONLY_NOT_PRODUCTION,3423.9738,3162.5702,481.4497,63,60,-0.14061138,-0.20777555,-0.12157854,-0.14061138,-481.4497,3423.9738,OK,0.0000,19.2580,4.0000,96.0000,AG03-UNRESOLVED,ALL5_LEVELS_bet23_to_bet27,19.2580,19.2580,19.2580,19.2580,19.2580,4.000000,4.000000,4.000000,4.000000,4.000000,96.000000,96.000000,96.000000,96.000000,96.000000,5.0,96.2899,88.8888,385.1598,392.5609,PENDING_AG03,FALSE,NOT_FOR_ENFORCEMENT,462.1917,3036.0673,481.4497,462.1917,19.2580,0.14061138,0.13498693,19.2580,462.1917,0.13498693,19.2580,19.2580,19.2580,19.2580,19.2580,462.1917,0.13498693,96.2899,88.8888,385.1598,392.5609,0.11248911,0.11465068,0.00562446,54.3488,52.7095,8.0242,19.2580,12.6697,136.9590,2.4000,54.0025,54.4477,25.136,43.0608,68.8361,119.5388,131.941,162.816,43.0608,-21.5304,3.064066,3.781076,1.262142,17,30,24,5,0.22080632,0.14061138,0.20777555,0E-8,0.000000,0.923655,0.000000,-0.08619702,2026-03-23,2026-08-01,25,38,38,132,0.189394,0.991823,0.993628,0.736021,,,,,,,,GLOBAL_BASELINE_NO_ENTITY_RANKING,,,NOT_APPLICABLE_GLOBAL_BASELINE,HF9g-P5,,,,X 全窗基线 · 不参与实体赏罚,8391330,840,A168_HF9F_20260827_0900,2026-08-27 09:00:00
2026-06-14,103192438,595,0,21.5303793653,-21.5303793653,-21.5303793653,0E-7,1,1,0.50665070000000000,0.506650700000,-1.013391052207602,-1.013391052207602,-1.013391052207602,0E-17,ELIGIBLE,R03b_20260811_FULL_v1,L1_ELIGIBILITY,v2026-08-11,2026-03-21..2026-08-06,baccarat_bet02_101_all_pairs_incl_sentinel,round_win = game_pnl > 0 (decisive only),COMPATIBILITY_ONLY_NOT_PRODUCTION,3423.9738,3162.5702,481.4497,63,60,-0.14061138,-0.20777555,-0.12157854,-0.14061138,-481.4497,3423.9738,OK,0.0000,19.2580,4.0000,96.0000,AG03-UNRESOLVED,ALL5_LEVELS_bet23_to_bet27,19.2580,19.2580,19.2580,19.2580,19.2580,4.000000,4.000000,4.000000,4.000000,4.000000,96.000000,96.000000,96.000000,96.000000,96.000000,5.0,96.2899,88.8888,385.1598,392.5609,PENDING_AG03,FALSE,NOT_FOR_ENFORCEMENT,462.1917,3036.0673,481.4497,462.1917,19.2580,0.14061138,0.13498693,19.2580,462.1917,0.13498693,19.2580,19.2580,19.2580,19.2580,19.2580,462.1917,0.13498693,96.2899,88.8888,385.1598,392.5609,0.11248911,0.11465068,0.00562446,54.3488,52.7095,8.0242,19.2580,12.6697,136.9590,2.4000,54.0025,54.4477,25.136,43.0608,68.8361,119.5388,131.941,162.816,43.0608,-21.5304,3.064066,3.781076,1.262142,17,30,24,5,0.22080632,0.14061138,0.20777555,0E-8,0.000000,0.923655,0.000000,-0.08619702,2026-03-23,2026-08-01,25,38,38,132,0.189394,0.991823,0.993628,0.736021,,,,,,,,GLOBAL_BASELINE_NO_ENTITY_RANKING,,,NOT_APPLICABLE_GLOBAL_BASELINE,HF9g-P5,,,,X 全窗基线 · 不参与实体赏罚,8391331,840,A168_HF9F_20260827_0900,2026-08-27 09:00:00
2026-06-15,103192438,2101,0,49.5198725402,-21.5303793653,-21.5303793653,0E-7,2,2,0.25604020000000000,0.256040200000,-0.5866503638730671,-0.5866503638730671,-0.5866503638730671,0E-17,ELIGIBLE,R03b_20260811_FULL_v1,L1_ELIGIBILITY,v2026-08-11,2026-03-21..2026-08-06,baccarat_bet02_101_all_pairs_incl_sentinel,round_win = game_pnl > 0 (decisive only),COMPATIBILITY_ONLY_NOT_PRODUCTION,3423.9738,3162.5702,481.4497,63,60,-0.14061138,-0.20777555,-0.12157854,-0.14061138,-481.4497,3423.9738,OK,0.0000,19.2580,4.0000,96.0000,AG03-UNRESOLVED,ALL5_LEVELS_bet23_to_bet27,19.2580,19.2580,19.2580,19.2580,19.2580,4.000000,4.000000,4.000000,4.000000,4.000000,96.000000,96.000000,96.000000,96.000000,96.000000,5.0,96.2899,88.8888,385.1598,392.5609,PENDING_AG03,FALSE,NOT_FOR_ENFORCEMENT,462.1917,3036.0673,481.4497,462.1917,19.2580,0.14061138,0.13498693,19.2580,462.1917,0.13498693,19.2580,19.2580,19.2580,19.2580,19.2580,462.1917,0.13498693,96.2899,88.8888,385.1598,392.5609,0.11248911,0.11465068,0.00562446,54.3488,52.7095,8.0242,19.2580,12.6697,136.9590,2.4000,54.0025,54.4477,25.136,43.0608,68.8361,119.5388,131.941,162.816,43.0608,-21.5304,3.064066,3.781076,1.262142,17,30,24,5,0.22080632,0.14061138,0.20777555,0E-8,0.000000,0.923655,0.000000,-0.08619702,2026-03-23,2026-08-01,25,38,38,132,0.189394,0.991823,0.993628,0.736021,,,,,,,,GLOBAL_BASELINE_NO_ENTITY_RANKING,,,NOT_APPLICABLE_GLOBAL_BASELINE,HF9g-P5,,,,X 全窗基线 · 不参与实体赏罚,8391332,840,A168_HF9F_20260827_0900,2026-08-27 09:00:00
2026-06-23,103192438,1374,0,24.7599362701,-24.7599362701,-24.7599362701,0E-7,1,1,0.49324550000000000,0.493245500000,-0.9865810262130424,-0.9865810262130424,-0.9865810262130424,0E-17,ELIGIBLE,R03b_20260811_FULL_v1,L1_ELIGIBILITY,v2026-08-11,2026-03-21..2026-08-06,baccarat_bet02_101_all_pairs_incl_sentinel,round_win = game_pnl > 0 (decisive only),COMPATIBILITY_ONLY_NOT_PRODUCTION,3423.9738,3162.5702,481.4497,63,60,-0.14061138,-0.20777555,-0.12157854,-0.14061138,-481.4497,3423.9738,OK,0.0000,19.2580,4.0000,96.0000,AG03-UNRESOLVED,ALL5_LEVELS_bet23_to_bet27,19.2580,19.2580,19.2580,19.2580,19.2580,4.000000,4.000000,4.000000,4.000000,4.000000,96.000000,96.000000,96.000000,96.000000,96.000000,5.0,96.2899,88.8888,385.1598,392.5609,PENDING_AG03,FALSE,NOT_FOR_ENFORCEMENT,462.1917,3036.0673,481.4497,462.1917,19.2580,0.14061138,0.13498693,19.2580,462.1917,0.13498693,19.2580,19.2580,19.2580,19.2580,19.2580,462.1917,0.13498693,96.2899,88.8888,385.1598,392.5609,0.11248911,0.11465068,0.00562446,54.3488,52.7095,8.0242,19.2580,12.6697,136.9590,2.4000,54.0025,54.4477,25.136,43.0608,68.8361,119.5388,131.941,162.816,43.0608,-21.5304,3.064066,3.781076,1.262142,17,30,24,5,0.22080632,0.14061138,0.20777555,0E-8,0.000000,0.923655,0.000000,-0.08619702,2026-03-23,2026-08-01,25,38,38,132,0.189394,0.991823,0.993628,0.736021,,,,,,,,GLOBAL_BASELINE_NO_ENTITY_RANKING,,,NOT_APPLICABLE_GLOBAL_BASELINE,HF9g-P5,,,,X 全窗基线 · 不参与实体赏罚,8391333,840,A168_HF9F_20260827_0900,2026-08-27 09:00:00
2026-06-24,103192438,2170,0,31.6496576670,-31.6496576670,-31.6496576670,0E-7,1,1,0.49324550000000000,0.493245500000,-0.9865810262130424,-0.9865810262130424,-0.9865810262130424,0E-17,ELIGIBLE,R03b_20260811_FULL_v1,L1_ELIGIBILITY,v2026-08-11,2026-03-21..2026-08-06,baccarat_bet02_101_all_pairs_incl_sentinel,round_win = game_pnl > 0 (decisive only),COMPATIBILITY_ONLY_NOT_PRODUCTION,3423.9738,3162.5702,481.4497,63,60,-0.14061138,-0.20777555,-0.12157854,-0.14061138,-481.4497,3423.9738,OK,0.0000,19.2580,4.0000,96.0000,AG03-UNRESOLVED,ALL5_LEVELS_bet23_to_bet27,19.2580,19.2580,19.2580,19.2580,19.2580,4.000000,4.000000,4.000000,4.000000,4.000000,96.000000,96.000000,96.000000,96.000000,96.000000,5.0,96.2899,88.8888,385.1598,392.5609,PENDING_AG03,FALSE,NOT_FOR_ENFORCEMENT,462.1917,3036.0673,481.4497,462.1917,19.2580,0.14061138,0.13498693,19.2580,462.1917,0.13498693,19.2580,19.2580,19.2580,19.2580,19.2580,462.1917,0.13498693,96.2899,88.8888,385.1598,392.5609,0.11248911,0.11465068,0.00562446,54.3488,52.7095,8.0242,19.2580,12.6697,136.9590,2.4000,54.0025,54.4477,25.136,43.0608,68.8361,119.5388,131.941,162.816,43.0608,-21.5304,3.064066,3.781076,1.262142,17,30,24,5,0.22080632,0.14061138,0.20777555,0E-8,0.000000,0.923655,0.000000,-0.08619702,2026-03-23,2026-08-01,25,38,38,132,0.189394,0.991823,0.993628,0.736021,,,,,,,,GLOBAL_BASELINE_NO_ENTITY_RANKING,,,NOT_APPLICABLE_GLOBAL_BASELINE,HF9g-P5,,,,X 全窗基线 · 不参与实体赏罚,8391334,840,A168_HF9F_20260827_0900,2026-08-27 09:00:00
2026-06-29,103192438,-1,1,64.5911380959,64.5911380959,64.5911380959,1.0000000,1,1,0.49324550000000000,0.493245500000,1.01360149184955,1.01360149184955,1.01360149184955,0E-17,SENTINEL_DEALER,R03b_20260811_FULL_v1,L1_ELIGIBILITY,v2026-08-11,2026-03-21..2026-08-06,baccarat_bet02_101_all_pairs_incl_sentinel,round_win = game_pnl > 0 (decisive only),COMPATIBILITY_ONLY_NOT_PRODUCTION,3423.9738,3162.5702,481.4497,63,60,-0.14061138,-0.20777555,-0.12157854,-0.14061138,-481.4497,3423.9738,OK,0.0000,19.2580,4.0000,96.0000,AG03-UNRESOLVED,ALL5_LEVELS_bet23_to_bet27,19.2580,19.2580,19.2580,19.2580,19.2580,4.000000,4.000000,4.000000,4.000000,4.000000,96.000000,96.000000,96.000000,96.000000,96.000000,5.0,96.2899,88.8888,385.1598,392.5609,PENDING_AG03,FALSE,NOT_FOR_ENFORCEMENT,462.1917,3036.0673,481.4497,462.1917,19.2580,0.14061138,0.13498693,19.2580,462.1917,0.13498693,19.2580,19.2580,19.2580,19.2580,19.2580,462.1917,0.13498693,96.2899,88.8888,385.1598,392.5609,0.11248911,0.11465068,0.00562446,54.3488,52.7095,8.0242,19.2580,12.6697,136.9590,2.4000,54.0025,54.4477,25.136,43.0608,68.8361,119.5388,131.941,162.816,43.0608,-21.5304,3.064066,3.781076,1.262142,17,30,24,5,0.22080632,0.14061138,0.20777555,0E-8,0.000000,0.923655,0.000000,-0.08619702,2026-03-23,2026-08-01,25,38,38,132,0.189394,0.991823,0.993628,0.736021,,,,,,,,GLOBAL_BASELINE_NO_ENTITY_RANKING,,,NOT_APPLICABLE_GLOBAL_BASELINE,HF9g-P5,,,,X 全窗基线 · 不参与实体赏罚,8391335,840,A168_HF9F_20260827_0900,2026-08-27 09:00:00
2026-06-29,103192438,1951,0,64.5911380959,64.5911380959,64.5911380959,1.0000000,1,1,0.49324550000000000,0.493245500000,1.01360149184955,1.01360149184955,1.01360149184955,0E-17,ELIGIBLE,R03b_20260811_FULL_v1,L1_ELIGIBILITY,v2026-08-11,2026-03-21..2026-08-06,baccarat_bet02_101_all_pairs_incl_sentinel,round_win = game_pnl > 0 (decisive only),COMPATIBILITY_ONLY_NOT_PRODUCTION,3423.9738,3162.5702,481.4497,63,60,-0.14061138,-0.20777555,-0.12157854,-0.14061138,-481.4497,3423.9738,OK,0.0000,19.2580,4.0000,96.0000,AG03-UNRESOLVED,ALL5_LEVELS_bet23_to_bet27,19.2580,19.2580,19.2580,19.2580,19.2580,4.000000,4.000000,4.000000,4.000000,4.000000,96.000000,96.000000,96.000000,96.000000,96.000000,5.0,96.2899,88.8888,385.1598,392.5609,PENDING_AG03,FALSE,NOT_FOR_ENFORCEMENT,462.1917,3036.0673,481.4497,462.1917,19.2580,0.14061138,0.13498693,19.2580,462.1917,0.13498693,19.2580,19.2580,19.2580,19.2580,19.2580,462.1917,0.13498693,96.2899,88.8888,385.1598,392.5609,0.11248911,0.11465068,0.00562446,54.3488,52.7095,8.0242,19.2580,12.6697,136.9590,2.4000,54.0025,54.4477,25.136,43.0608,68.8361,119.5388,131.941,162.816,43.0608,-21.5304,3.064066,3.781076,1.262142,17,30,24,5,0.22080632,0.14061138,0.20777555,0E-8,0.000000,0.923655,0.000000,-0.08619702,2026-03-23,2026-08-01,25,38,38,132,0.189394,0.991823,0.993628,0.736021,,,,,,,,GLOBAL_BASELINE_NO_ENTITY_RANKING,,,NOT_APPLICABLE_GLOBAL_BASELINE,HF9g-P5,,,,X 全窗基线 · 不参与实体赏罚,8391336,840,A168_HF9F_20260827_0900,2026-08-27 09:00:00
2026-06-29,103192438,2155,0,322.9556904795,18.3008224605,18.3008224605,0.6000000,7,5,0.45120558500000000,0.417538520000,0.6686202992684277,0.8273215119422916,0.6686202992684277,0.03366706500000000,ELIGIBLE,R03b_20260811_FULL_v1,L1_ELIGIBILITY,v2026-08-11,2026-03-21..2026-08-06,baccarat_bet02_101_all_pairs_incl_sentinel,round_win = game_pnl > 0 (decisive only),COMPATIBILITY_ONLY_NOT_PRODUCTION,3423.9738,3162.5702,481.4497,63,60,-0.14061138,-0.20777555,-0.12157854,-0.14061138,-481.4497,3423.9738,OK,0.0000,19.2580,4.0000,96.0000,AG03-UNRESOLVED,ALL5_LEVELS_bet23_to_bet27,19.2580,19.2580,19.2580,19.2580,19.2580,4.000000,4.000000,4.000000,4.000000,4.000000,96.000000,96.000000,96.000000,96.000000,96.000000,5.0,96.2899,88.8888,385.1598,392.5609,PENDING_AG03,FALSE,NOT_FOR_ENFORCEMENT,462.1917,3036.0673,481.4497,462.1917,19.2580,0.14061138,0.13498693,19.2580,462.1917,0.13498693,19.2580,19.2580,19.2580,19.2580,19.2580,462.1917,0.13498693,96.2899,88.8888,385.1598,392.5609,0.11248911,0.11465068,0.00562446,54.3488,52.7095,8.0242,19.2580,12.6697,136.9590,2.4000,54.0025,54.4477,25.136,43.0608,68.8361,119.5388,131.941,162.816,43.0608,-21.5304,3.064066,3.781076,1.262142,17,30,24,5,0.22080632,0.14061138,0.20777555,0E-8,0.000000,0.923655,0.000000,-0.08619702,2026-03-23,2026-08-01,25,38,38,132,0.189394,0.991823,0.993628,0.736021,,,,,,,,GLOBAL_BASELINE_NO_ENTITY_RANKING,,,NOT_APPLICABLE_GLOBAL_BASELINE,HF9g-P5,,,,X 全窗基线 · 不参与实体赏罚,8391337,840,A168_HF9F_20260827_0900,2026-08-27 09:00:00
2026-06-29,103192438,2174,0,43.0607587306,-43.0607587306,-43.0607587306,0E-7,1,1,0.50665070000000000,0.506650700000,-1.013391052207602,-1.013391052207602,-1.013391052207602,0E-17,ELIGIBLE,R03b_20260811_FULL_v1,L1_ELIGIBILITY,v2026-08-11,2026-03-21..2026-08-06,baccarat_bet02_101_all_pairs_incl_sentinel,round_win = game_pnl > 0 (decisive only),COMPATIBILITY_ONLY_NOT_PRODUCTION,3423.9738,3162.5702,481.4497,63,60,-0.14061138,-0.20777555,-0.12157854,-0.14061138,-481.4497,3423.9738,OK,0.0000,19.2580,4.0000,96.0000,AG03-UNRESOLVED,ALL5_LEVELS_bet23_to_bet27,19.2580,19.2580,19.2580,19.2580,19.2580,4.000000,4.000000,4.000000,4.000000,4.000000,96.000000,96.000000,96.000000,96.000000,96.000000,5.0,96.2899,88.8888,385.1598,392.5609,PENDING_AG03,FALSE,NOT_FOR_ENFORCEMENT,462.1917,3036.0673,481.4497,462.1917,19.2580,0.14061138,0.13498693,19.2580,462.1917,0.13498693,19.2580,19.2580,19.2580,19.2580,19.2580,462.1917,0.13498693,96.2899,88.8888,385.1598,392.5609,0.11248911,0.11465068,0.00562446,54.3488,52.7095,8.0242,19.2580,12.6697,136.9590,2.4000,54.0025,54.4477,25.136,43.0608,68.8361,119.5388,131.941,162.816,43.0608,-21.5304,3.064066,3.781076,1.262142,17,30,24,5,0.22080632,0.14061138,0.20777555,0E-8,0.000000,0.923655,0.000000,-0.08619702,2026-03-23,2026-08-01,25,38,38,132,0.189394,0.991823,0.993628,0.736021,,,,,,,,GLOBAL_BASELINE_NO_ENTITY_RANKING,,,NOT_APPLICABLE_GLOBAL_BASELINE,HF9g-P5,,,,X 全窗基线 · 不参与实体赏罚,8391338,840,A168_HF9F_20260827_0900,2026-08-27 09:00:00
2026-06-29,103192438,2201,0,100.1162640486,29.0660121432,29.0660121432,0.5000000,2,2,0.49324550000000000,0.493245500000,0.01910635448239258,0.01910635448239258,0.01910635448239258,0E-17,ELIGIBLE,R03b_20260811_FULL_v1,L1_ELIGIBILITY,v2026-08-11,2026-03-21..2026-08-06,baccarat_bet02_101_all_pairs_incl_sentinel,round_win = game_pnl > 0 (decisive only),COMPATIBILITY_ONLY_NOT_PRODUCTION,3423.9738,3162.5702,481.4497,63,60,-0.14061138,-0.20777555,-0.12157854,-0.14061138,-481.4497,3423.9738,OK,0.0000,19.2580,4.0000,96.0000,AG03-UNRESOLVED,ALL5_LEVELS_bet23_to_bet27,19.2580,19.2580,19.2580,19.2580,19.2580,4.000000,4.000000,4.000000,4.000000,4.000000,96.000000,96.000000,96.000000,96.000000,96.000000,5.0,96.2899,88.8888,385.1598,392.5609,PENDING_AG03,FALSE,NOT_FOR_ENFORCEMENT,462.1917,3036.0673,481.4497,462.1917,19.2580,0.14061138,0.13498693,19.2580,462.1917,0.13498693,19.2580,19.2580,19.2580,19.2580,19.2580,462.1917,0.13498693,96.2899,88.8888,385.1598,392.5609,0.11248911,0.11465068,0.00562446,54.3488,52.7095,8.0242,19.2580,12.6697,136.9590,2.4000,54.0025,54.4477,25.136,43.0608,68.8361,119.5388,131.941,162.816,43.0608,-21.5304,3.064066,3.781076,1.262142,17,30,24,5,0.22080632,0.14061138,0.20777555,0E-8,0.000000,0.923655,0.000000,-0.08619702,2026-03-23,2026-08-01,25,38,38,132,0.189394,0.991823,0.993628,0.736021,,,,,,,,GLOBAL_BASELINE_NO_ENTITY_RANKING,,,NOT_APPLICABLE_GLOBAL_BASELINE,HF9g-P5,,,,X 全窗基线 · 不参与实体赏罚,8391339,840,A168_HF9F_20260827_0900,2026-08-27 09:00:00
2026-06-30,103192438,2115,0,88.4010932696,-88.4010932696,-88.4010932696,0E-7,1,1,0.49324550000000000,0.493245500000,-0.9865810262130424,-0.9865810262130424,-0.9865810262130424,0E-17,ELIGIBLE,R03b_20260811_FULL_v1,L1_ELIGIBILITY,v2026-08-11,2026-03-21..2026-08-06,baccarat_bet02_101_all_pairs_incl_sentinel,round_win = game_pnl > 0 (decisive only),COMPATIBILITY_ONLY_NOT_PRODUCTION,3423.9738,3162.5702,481.4497,63,60,-0.14061138,-0.20777555,-0.12157854,-0.14061138,-481.4497,3423.9738,OK,0.0000,19.2580,4.0000,96.0000,AG03-UNRESOLVED,ALL5_LEVELS_bet23_to_bet27,19.2580,19.2580,19.2580,19.2580,19.2580,4.000000,4.000000,4.000000,4.000000,4.000000,96.000000,96.000000,96.000000,96.000000,96.000000,5.0,96.2899,88.8888,385.1598,392.5609,PENDING_AG03,FALSE,NOT_FOR_ENFORCEMENT,462.1917,3036.0673,481.4497,462.1917,19.2580,0.14061138,0.13498693,19.2580,462.1917,0.13498693,19.2580,19.2580,19.2580,19.2580,19.2580,462.1917,0.13498693,96.2899,88.8888,385.1598,392.5609,0.11248911,0.11465068,0.00562446,54.3488,52.7095,8.0242,19.2580,12.6697,136.9590,2.4000,54.0025,54.4477,25.136,43.0608,68.8361,119.5388,131.941,162.816,43.0608,-21.5304,3.064066,3.781076,1.262142,17,30,24,5,0.22080632,0.14061138,0.20777555,0E-8,0.000000,0.923655,0.000000,-0.08619702,2026-03-23,2026-08-01,25,38,38,132,0.189394,0.991823,0.993628,0.736021,,,,,,,,GLOBAL_BASELINE_NO_ENTITY_RANKING,,,NOT_APPLICABLE_GLOBAL_BASELINE,HF9g-P5,,,,X 全窗基线 · 不参与实体赏罚,8391340,840,A168_HF9F_20260827_0900,2026-08-27 09:00:00
2026-06-30,103192438,2196,0,44.2005466348,44.2005466348,44.2005466348,1.0000000,1,1,0.49324550000000000,0.493245500000,1.01360149184955,1.01360149184955,1.01360149184955,0E-17,ELIGIBLE,R03b_20260811_FULL_v1,L1_ELIGIBILITY,v2026-08-11,2026-03-21..2026-08-06,baccarat_bet02_101_all_pairs_incl_sentinel,round_win = game_pnl > 0 (decisive only),COMPATIBILITY_ONLY_NOT_PRODUCTION,3423.9738,3162.5702,481.4497,63,60,-0.14061138,-0.20777555,-0.12157854,-0.14061138,-481.4497,3423.9738,OK,0.0000,19.2580,4.0000,96.0000,AG03-UNRESOLVED,ALL5_LEVELS_bet23_to_bet27,19.2580,19.2580,19.2580,19.2580,19.2580,4.000000,4.000000,4.000000,4.000000,4.000000,96.000000,96.000000,96.000000,96.000000,96.000000,5.0,96.2899,88.8888,385.1598,392.5609,PENDING_AG03,FALSE,NOT_FOR_ENFORCEMENT,462.1917,3036.0673,481.4497,462.1917,19.2580,0.14061138,0.13498693,19.2580,462.1917,0.13498693,19.2580,19.2580,19.2580,19.2580,19.2580,462.1917,0.13498693,96.2899,88.8888,385.1598,392.5609,0.11248911,0.11465068,0.00562446,54.3488,52.7095,8.0242,19.2580,12.6697,136.9590,2.4000,54.0025,54.4477,25.136,43.0608,68.8361,119.5388,131.941,162.816,43.0608,-21.5304,3.064066,3.781076,1.262142,17,30,24,5,0.22080632,0.14061138,0.20777555,0E-8,0.000000,0.923655,0.000000,-0.08619702,2026-03-23,2026-08-01,25,38,38,132,0.189394,0.991823,0.993628,0.736021,,,,,,,,GLOBAL_BASELINE_NO_ENTITY_RANKING,,,NOT_APPLICABLE_GLOBAL_BASELINE,HF9g-P5,,,,X 全窗基线 · 不参与实体赏罚,8391341,840,A168_HF9F_20260827_0900,2026-08-27 09:00:00
2026-07-01,103192438,-1,1,149.4704475572,-74.7352237786,-74.7352237786,0E-7,2,2,0.49994810000000000,0.499948100000,-0.9998962053866608,-0.9998962053866608,-0.9998962053866608,0E-17,SENTINEL_DEALER,R03b_20260811_FULL_v1,L1_ELIGIBILITY,v2026-08-11,2026-03-21..2026-08-06,baccarat_bet02_101_all_pairs_incl_sentinel,round_win = game_pnl > 0 (decisive only),COMPATIBILITY_ONLY_NOT_PRODUCTION,3423.9738,3162.5702,481.4497,63,60,-0.14061138,-0.20777555,-0.12157854,-0.14061138,-481.4497,3423.9738,OK,0.0000,19.2580,4.0000,96.0000,AG03-UNRESOLVED,ALL5_LEVELS_bet23_to_bet27,19.2580,19.2580,19.2580,19.2580,19.2580,4.000000,4.000000,4.000000,4.000000,4.000000,96.000000,96.000000,96.000000,96.000000,96.000000,5.0,96.2899,88.8888,385.1598,392.5609,PENDING_AG03,FALSE,NOT_FOR_ENFORCEMENT,462.1917,3036.0673,481.4497,462.1917,19.2580,0.14061138,0.13498693,19.2580,462.1917,0.13498693,19.2580,19.2580,19.2580,19.2580,19.2580,462.1917,0.13498693,96.2899,88.8888,385.1598,392.5609,0.11248911,0.11465068,0.00562446,54.3488,52.7095,8.0242,19.2580,12.6697,136.9590,2.4000,54.0025,54.4477,25.136,43.0608,68.8361,119.5388,131.941,162.816,43.0608,-21.5304,3.064066,3.781076,1.262142,17,30,24,5,0.22080632,0.14061138,0.20777555,0E-8,0.000000,0.923655,0.000000,-0.08619702,2026-03-23,2026-08-01,25,38,38,132,0.189394,0.991823,0.993628,0.736021,,,,,,,,GLOBAL_BASELINE_NO_ENTITY_RANKING,,,NOT_APPLICABLE_GLOBAL_BASELINE,HF9g-P5,,,,X 全窗基线 · 不参与实体赏罚,8391342,840,A168_HF9F_20260827_0900,2026-08-27 09:00:00
2026-07-03,103192438,1325,0,164.2039631022,-164.2039631022,-164.2039631022,0E-7,1,1,0.50665070000000000,0.506650700000,-1.013391052207602,-1.013391052207602,-1.013391052207602,0E-17,ELIGIBLE,R03b_20260811_FULL_v1,L1_ELIGIBILITY,v2026-08-11,2026-03-21..2026-08-06,baccarat_bet02_101_all_pairs_incl_sentinel,round_win = game_pnl > 0 (decisive only),COMPATIBILITY_ONLY_NOT_PRODUCTION,3423.9738,3162.5702,481.4497,63,60,-0.14061138,-0.20777555,-0.12157854,-0.14061138,-481.4497,3423.9738,OK,0.0000,19.2580,4.0000,96.0000,AG03-UNRESOLVED,ALL5_LEVELS_bet23_to_bet27,19.2580,19.2580,19.2580,19.2580,19.2580,4.000000,4.000000,4.000000,4.000000,4.000000,96.000000,96.000000,96.000000,96.000000,96.000000,5.0,96.2899,88.8888,385.1598,392.5609,PENDING_AG03,FALSE,NOT_FOR_ENFORCEMENT,462.1917,3036.0673,481.4497,462.1917,19.2580,0.14061138,0.13498693,19.2580,462.1917,0.13498693,19.2580,19.2580,19.2580,19.2580,19.2580,462.1917,0.13498693,96.2899,88.8888,385.1598,392.5609,0.11248911,0.11465068,0.00562446,54.3488,52.7095,8.0242,19.2580,12.6697,136.9590,2.4000,54.0025,54.4477,25.136,43.0608,68.8361,119.5388,131.941,162.816,43.0608,-21.5304,3.064066,3.781076,1.262142,17,30,24,5,0.22080632,0.14061138,0.20777555,0E-8,0.000000,0.923655,0.000000,-0.08619702,2026-03-23,2026-08-01,25,38,38,132,0.189394,0.991823,0.993628,0.736021,,,,,,,,GLOBAL_BASELINE_NO_ENTITY_RANKING,,,NOT_APPLICABLE_GLOBAL_BASELINE,HF9g-P5,,,,X 全窗基线 · 不参与实体赏罚,8391343,840,A168_HF9F_20260827_0900,2026-08-27 09:00:00
2026-07-06,103192438,925,0,118.5087119918,-118.5087119918,-118.5087119918,0E-7,1,1,0.49324550000000000,0.493245500000,-0.9865810262130424,-0.9865810262130424,-0.9865810262130424,0E-17,ELIGIBLE,R03b_20260811_FULL_v1,L1_ELIGIBILITY,v2026-08-11,2026-03-21..2026-08-06,baccarat_bet02_101_all_pairs_incl_sentinel,round_win = game_pnl > 0 (decisive only),COMPATIBILITY_ONLY_NOT_PRODUCTION,3423.9738,3162.5702,481.4497,63,60,-0.14061138,-0.20777555,-0.12157854,-0.14061138,-481.4497,3423.9738,OK,0.0000,19.2580,4.0000,96.0000,AG03-UNRESOLVED,ALL5_LEVELS_bet23_to_bet27,19.2580,19.2580,19.2580,19.2580,19.2580,4.000000,4.000000,4.000000,4.000000,4.000000,96.000000,96.000000,96.000000,96.000000,96.000000,5.0,96.2899,88.8888,385.1598,392.5609,PENDING_AG03,FALSE,NOT_FOR_ENFORCEMENT,462.1917,3036.0673,481.4497,462.1917,19.2580,0.14061138,0.13498693,19.2580,462.1917,0.13498693,19.2580,19.2580,19.2580,19.2580,19.2580,462.1917,0.13498693,96.2899,88.8888,385.1598,392.5609,0.11248911,0.11465068,0.00562446,54.3488,52.7095,8.0242,19.2580,12.6697,136.9590,2.4000,54.0025,54.4477,25.136,43.0608,68.8361,119.5388,131.941,162.816,43.0608,-21.5304,3.064066,3.781076,1.262142,17,30,24,5,0.22080632,0.14061138,0.20777555,0E-8,0.000000,0.923655,0.000000,-0.08619702,2026-03-23,2026-08-01,25,38,38,132,0.189394,0.991823,0.993628,0.736021,,,,,,,,GLOBAL_BASELINE_NO_ENTITY_RANKING,,,NOT_APPLICABLE_GLOBAL_BASELINE,HF9g-P5,,,,X 全窗基线 · 不参与实体赏罚,8391344,840,A168_HF9F_20260827_0900,2026-08-27 09:00:00
2026-07-08,103192438,1490,0,75.5893406218,-75.5893406218,-75.5893406218,0E-7,1,1,0.49324550000000000,0.493245500000,-0.9865810262130424,-0.9865810262130424,-0.9865810262130424,0E-17,ELIGIBLE,R03b_20260811_FULL_v1,L1_ELIGIBILITY,v2026-08-11,2026-03-21..2026-08-06,baccarat_bet02_101_all_pairs_incl_sentinel,round_win = game_pnl > 0 (decisive only),COMPATIBILITY_ONLY_NOT_PRODUCTION,3423.9738,3162.5702,481.4497,63,60,-0.14061138,-0.20777555,-0.12157854,-0.14061138,-481.4497,3423.9738,OK,0.0000,19.2580,4.0000,96.0000,AG03-UNRESOLVED,ALL5_LEVELS_bet23_to_bet27,19.2580,19.2580,19.2580,19.2580,19.2580,4.000000,4.000000,4.000000,4.000000,4.000000,96.000000,96.000000,96.000000,96.000000,96.000000,5.0,96.2899,88.8888,385.1598,392.5609,PENDING_AG03,FALSE,NOT_FOR_ENFORCEMENT,462.1917,3036.0673,481.4497,462.1917,19.2580,0.14061138,0.13498693,19.2580,462.1917,0.13498693,19.2580,19.2580,19.2580,19.2580,19.2580,462.1917,0.13498693,96.2899,88.8888,385.1598,392.5609,0.11248911,0.11465068,0.00562446,54.3488,52.7095,8.0242,19.2580,12.6697,136.9590,2.4000,54.0025,54.4477,25.136,43.0608,68.8361,119.5388,131.941,162.816,43.0608,-21.5304,3.064066,3.781076,1.262142,17,30,24,5,0.22080632,0.14061138,0.20777555,0E-8,0.000000,0.923655,0.000000,-0.08619702,2026-03-23,2026-08-01,25,38,38,132,0.189394,0.991823,0.993628,0.736021,,,,,,,,GLOBAL_BASELINE_NO_ENTITY_RANKING,,,NOT_APPLICABLE_GLOBAL_BASELINE,HF9g-P5,,,,X 全窗基线 · 不参与实体赏罚,8391345,840,A168_HF9F_20260827_0900,2026-08-27 09:00:00
2026-07-14,103192438,2156,0,95.6610864366,146.9080970276,146.9080970276,0.5000000,3,2,0.22919804937104249,0.191009650000,0.9111500955355454,1.1116308456880177,0.9111500955355454,0.03818839937104249,ELIGIBLE,R03b_20260811_FULL_v1,L1_ELIGIBILITY,v2026-08-11,2026-03-21..2026-08-06,baccarat_bet02_101_all_pairs_incl_sentinel,round_win = game_pnl > 0 (decisive only),COMPATIBILITY_ONLY_NOT_PRODUCTION,3423.9738,3162.5702,481.4497,63,60,-0.14061138,-0.20777555,-0.12157854,-0.14061138,-481.4497,3423.9738,OK,0.0000,19.2580,4.0000,96.0000,AG03-UNRESOLVED,ALL5_LEVELS_bet23_to_bet27,19.2580,19.2580,19.2580,19.2580,19.2580,4.000000,4.000000,4.000000,4.000000,4.000000,96.000000,96.000000,96.000000,96.000000,96.000000,5.0,96.2899,88.8888,385.1598,392.5609,PENDING_AG03,FALSE,NOT_FOR_ENFORCEMENT,462.1917,3036.0673,481.4497,462.1917,19.2580,0.14061138,0.13498693,19.2580,462.1917,0.13498693,19.2580,19.2580,19.2580,19.2580,19.2580,462.1917,0.13498693,96.2899,88.8888,385.1598,392.5609,0.11248911,0.11465068,0.00562446,54.3488,52.7095,8.0242,19.2580,12.6697,136.9590,2.4000,54.0025,54.4477,25.136,43.0608,68.8361,119.5388,131.941,162.816,43.0608,-21.5304,3.064066,3.781076,1.262142,17,30,24,5,0.22080632,0.14061138,0.20777555,0E-8,0.000000,0.923655,0.000000,-0.08619702,2026-03-23,2026-08-01,25,38,38,132,0.189394,0.991823,0.993628,0.736021,,,,,,,,GLOBAL_BASELINE_NO_ENTITY_RANKING,,,NOT_APPLICABLE_GLOBAL_BASELINE,HF9g-P5,,,,X 全窗基线 · 不参与实体赏罚,8391346,840,A168_HF9F_20260827_0900,2026-08-27 09:00:00
2026-07-15,103192438,2108,0,70.2511103519,-70.2511103519,-70.2511103519,0E-7,1,1,0.49324550000000000,0.493245500000,-0.9865810262130424,-0.9865810262130424,-0.9865810262130424,0E-17,ELIGIBLE,R03b_20260811_FULL_v1,L1_ELIGIBILITY,v2026-08-11,2026-03-21..2026-08-06,baccarat_bet02_101_all_pairs_incl_sentinel,round_win = game_pnl > 0 (decisive only),COMPATIBILITY_ONLY_NOT_PRODUCTION,3423.9738,3162.5702,481.4497,63,60,-0.14061138,-0.20777555,-0.12157854,-0.14061138,-481.4497,3423.9738,OK,0.0000,19.2580,4.0000,96.0000,AG03-UNRESOLVED,ALL5_LEVELS_bet23_to_bet27,19.2580,19.2580,19.2580,19.2580,19.2580,4.000000,4.000000,4.000000,4.000000,4.000000,96.000000,96.000000,96.000000,96.000000,96.000000,5.0,96.2899,88.8888,385.1598,392.5609,PENDING_AG03,FALSE,NOT_FOR_ENFORCEMENT,462.1917,3036.0673,481.4497,462.1917,19.2580,0.14061138,0.13498693,19.2580,462.1917,0.13498693,19.2580,19.2580,19.2580,19.2580,19.2580,462.1917,0.13498693,96.2899,88.8888,385.1598,392.5609,0.11248911,0.11465068,0.00562446,54.3488,52.7095,8.0242,19.2580,12.6697,136.9590,2.4000,54.0025,54.4477,25.136,43.0608,68.8361,119.5388,131.941,162.816,43.0608,-21.5304,3.064066,3.781076,1.262142,17,30,24,5,0.22080632,0.14061138,0.20777555,0E-8,0.000000,0.923655,0.000000,-0.08619702,2026-03-23,2026-08-01,25,38,38,132,0.189394,0.991823,0.993628,0.736021,,,,,,,,GLOBAL_BASELINE_NO_ENTITY_RANKING,,,NOT_APPLICABLE_GLOBAL_BASELINE,HF9g-P5,,,,X 全窗基线 · 不参与实体赏罚,8391347,840,A168_HF9F_20260827_0900,2026-08-27 09:00:00
2026-07-16,103192438,789,0,153.5275025624,-153.5275025624,-153.5275025624,0E-7,1,1,0.49324550000000000,0.493245500000,-0.9865810262130424,-0.9865810262130424,-0.9865810262130424,0E-17,ELIGIBLE,R03b_20260811_FULL_v1,L1_ELIGIBILITY,v2026-08-11,2026-03-21..2026-08-06,baccarat_bet02_101_all_pairs_incl_sentinel,round_win = game_pnl > 0 (decisive only),COMPATIBILITY_ONLY_NOT_PRODUCTION,3423.9738,3162.5702,481.4497,63,60,-0.14061138,-0.20777555,-0.12157854,-0.14061138,-481.4497,3423.9738,OK,0.0000,19.2580,4.0000,96.0000,AG03-UNRESOLVED,ALL5_LEVELS_bet23_to_bet27,19.2580,19.2580,19.2580,19.2580,19.2580,4.000000,4.000000,4.000000,4.000000,4.000000,96.000000,96.000000,96.000000,96.000000,96.000000,5.0,96.2899,88.8888,385.1598,392.5609,PENDING_AG03,FALSE,NOT_FOR_ENFORCEMENT,462.1917,3036.0673,481.4497,462.1917,19.2580,0.14061138,0.13498693,19.2580,462.1917,0.13498693,19.2580,19.2580,19.2580,19.2580,19.2580,462.1917,0.13498693,96.2899,88.8888,385.1598,392.5609,0.11248911,0.11465068,0.00562446,54.3488,52.7095,8.0242,19.2580,12.6697,136.9590,2.4000,54.0025,54.4477,25.136,43.0608,68.8361,119.5388,131.941,162.816,43.0608,-21.5304,3.064066,3.781076,1.262142,17,30,24,5,0.22080632,0.14061138,0.20777555,0E-8,0.000000,0.923655,0.000000,-0.08619702,2026-03-23,2026-08-01,25,38,38,132,0.189394,0.991823,0.993628,0.736021,,,,,,,,GLOBAL_BASELINE_NO_ENTITY_RANKING,,,NOT_APPLICABLE_GLOBAL_BASELINE,HF9g-P5,,,,X 全窗基线 · 不参与实体赏罚,8391348,840,A168_HF9F_20260827_0900,2026-08-27 09:00:00
2026-07-21,103192438,1400,0,214.3833276392,85.1981551076,85.1981551076,0.5000000,4,4,0.49659680000000000,0.496596800000,0.013613115331600182,0.013613115331600183,0.013613115331600182,0E-17,ELIGIBLE,R03b_20260811_FULL_v1,L1_ELIGIBILITY,v2026-08-11,2026-03-21..2026-08-06,baccarat_bet02_101_all_pairs_incl_sentinel,round_win = game_pnl > 0 (decisive only),COMPATIBILITY_ONLY_NOT_PRODUCTION,3423.9738,3162.5702,481.4497,63,60,-0.14061138,-0.20777555,-0.12157854,-0.14061138,-481.4497,3423.9738,OK,0.0000,19.2580,4.0000,96.0000,AG03-UNRESOLVED,ALL5_LEVELS_bet23_to_bet27,19.2580,19.2580,19.2580,19.2580,19.2580,4.000000,4.000000,4.000000,4.000000,4.000000,96.000000,96.000000,96.000000,96.000000,96.000000,5.0,96.2899,88.8888,385.1598,392.5609,PENDING_AG03,FALSE,NOT_FOR_ENFORCEMENT,462.1917,3036.0673,481.4497,462.1917,19.2580,0.14061138,0.13498693,19.2580,462.1917,0.13498693,19.2580,19.2580,19.2580,19.2580,19.2580,462.1917,0.13498693,96.2899,88.8888,385.1598,392.5609,0.11248911,0.11465068,0.00562446,54.3488,52.7095,8.0242,19.2580,12.6697,136.9590,2.4000,54.0025,54.4477,25.136,43.0608,68.8361,119.5388,131.941,162.816,43.0608,-21.5304,3.064066,3.781076,1.262142,17,30,24,5,0.22080632,0.14061138,0.20777555,0E-8,0.000000,0.923655,0.000000,-0.08619702,2026-03-23,2026-08-01,25,38,38,132,0.189394,0.991823,0.993628,0.736021,,,,,,,,GLOBAL_BASELINE_NO_ENTITY_RANKING,,,NOT_APPLICABLE_GLOBAL_BASELINE,HF9g-P5,,,,X 全窗基线 · 不参与实体赏罚,8391349,840,A168_HF9F_20260827_0900,2026-08-27 09:00:00
2026-07-24,103192438,462,0,85.1981551076,-28.3993850358,-28.3993850358,0.5000000,2,2,0.49324550000000000,0.493245500000,0.01910635448239258,0.01910635448239258,0.01910635448239258,0E-17,ELIGIBLE,R03b_20260811_FULL_v1,L1_ELIGIBILITY,v2026-08-11,2026-03-21..2026-08-06,baccarat_bet02_101_all_pairs_incl_sentinel,round_win = game_pnl > 0 (decisive only),COMPATIBILITY_ONLY_NOT_PRODUCTION,3423.9738,3162.5702,481.4497,63,60,-0.14061138,-0.20777555,-0.12157854,-0.14061138,-481.4497,3423.9738,OK,0.0000,19.2580,4.0000,96.0000,AG03-UNRESOLVED,ALL5_LEVELS_bet23_to_bet27,19.2580,19.2580,19.2580,19.2580,19.2580,4.000000,4.000000,4.000000,4.000000,4.000000,96.000000,96.000000,96.000000,96.000000,96.000000,5.0,96.2899,88.8888,385.1598,392.5609,PENDING_AG03,FALSE,NOT_FOR_ENFORCEMENT,462.1917,3036.0673,481.4497,462.1917,19.2580,0.14061138,0.13498693,19.2580,462.1917,0.13498693,19.2580,19.2580,19.2580,19.2580,19.2580,462.1917,0.13498693,96.2899,88.8888,385.1598,392.5609,0.11248911,0.11465068,0.00562446,54.3488,52.7095,8.0242,19.2580,12.6697,136.9590,2.4000,54.0025,54.4477,25.136,43.0608,68.8361,119.5388,131.941,162.816,43.0608,-21.5304,3.064066,3.781076,1.262142,17,30,24,5,0.22080632,0.14061138,0.20777555,0E-8,0.000000,0.923655,0.000000,-0.08619702,2026-03-23,2026-08-01,25,38,38,132,0.189394,0.991823,0.993628,0.736021,,,,,,,,GLOBAL_BASELINE_NO_ENTITY_RANKING,,,NOT_APPLICABLE_GLOBAL_BASELINE,HF9g-P5,,,,X 全窗基线 · 不参与实体赏罚,8391350,840,A168_HF9F_20260827_0900,2026-08-27 09:00:00
2026-07-25,103192438,2174,0,26.2640929279,-26.2640929279,-26.2640929279,0E-7,1,1,0.49324550000000000,0.493245500000,-0.9865810262130424,-0.9865810262130424,-0.9865810262130424,0E-17,ELIGIBLE,R03b_20260811_FULL_v1,L1_ELIGIBILITY,v2026-08-11,2026-03-21..2026-08-06,baccarat_bet02_101_all_pairs_incl_sentinel,round_win = game_pnl > 0 (decisive only),COMPATIBILITY_ONLY_NOT_PRODUCTION,3423.9738,3162.5702,481.4497,63,60,-0.14061138,-0.20777555,-0.12157854,-0.14061138,-481.4497,3423.9738,OK,0.0000,19.2580,4.0000,96.0000,AG03-UNRESOLVED,ALL5_LEVELS_bet23_to_bet27,19.2580,19.2580,19.2580,19.2580,19.2580,4.000000,4.000000,4.000000,4.000000,4.000000,96.000000,96.000000,96.000000,96.000000,96.000000,5.0,96.2899,88.8888,385.1598,392.5609,PENDING_AG03,FALSE,NOT_FOR_ENFORCEMENT,462.1917,3036.0673,481.4497,462.1917,19.2580,0.14061138,0.13498693,19.2580,462.1917,0.13498693,19.2580,19.2580,19.2580,19.2580,19.2580,462.1917,0.13498693,96.2899,88.8888,385.1598,392.5609,0.11248911,0.11465068,0.00562446,54.3488,52.7095,8.0242,19.2580,12.6697,136.9590,2.4000,54.0025,54.4477,25.136,43.0608,68.8361,119.5388,131.941,162.816,43.0608,-21.5304,3.064066,3.781076,1.262142,17,30,24,5,0.22080632,0.14061138,0.20777555,0E-8,0.000000,0.923655,0.000000,-0.08619702,2026-03-23,2026-08-01,25,38,38,132,0.189394,0.991823,0.993628,0.736021,,,,,,,,GLOBAL_BASELINE_NO_ENTITY_RANKING,,,NOT_APPLICABLE_GLOBAL_BASELINE,HF9g-P5,,,,X 全窗基线 · 不参与实体赏罚,8391351,840,A168_HF9F_20260827_0900,2026-08-27 09:00:00
2026-08-01,103192438,1966,0,35.1604194136,-35.1604194136,-35.1604194136,0E-7,1,1,0.50665070000000000,0.506650700000,-1.013391052207602,-1.013391052207602,-1.013391052207602,0E-17,ELIGIBLE,R03b_20260811_FULL_v1,L1_ELIGIBILITY,v2026-08-11,2026-03-21..2026-08-06,baccarat_bet02_101_all_pairs_incl_sentinel,round_win = game_pnl > 0 (decisive only),COMPATIBILITY_ONLY_NOT_PRODUCTION,3423.9738,3162.5702,481.4497,63,60,-0.14061138,-0.20777555,-0.12157854,-0.14061138,-481.4497,3423.9738,OK,0.0000,19.2580,4.0000,96.0000,AG03-UNRESOLVED,ALL5_LEVELS_bet23_to_bet27,19.2580,19.2580,19.2580,19.2580,19.2580,4.000000,4.000000,4.000000,4.000000,4.000000,96.000000,96.000000,96.000000,96.000000,96.000000,5.0,96.2899,88.8888,385.1598,392.5609,PENDING_AG03,FALSE,NOT_FOR_ENFORCEMENT,462.1917,3036.0673,481.4497,462.1917,19.2580,0.14061138,0.13498693,19.2580,462.1917,0.13498693,19.2580,19.2580,19.2580,19.2580,19.2580,462.1917,0.13498693,96.2899,88.8888,385.1598,392.5609,0.11248911,0.11465068,0.00562446,54.3488,52.7095,8.0242,19.2580,12.6697,136.9590,2.4000,54.0025,54.4477,25.136,43.0608,68.8361,119.5388,131.941,162.816,43.0608,-21.5304,3.064066,3.781076,1.262142,17,30,24,5,0.22080632,0.14061138,0.20777555,0E-8,0.000000,0.923655,0.000000,-0.08619702,2026-03-23,2026-08-01,25,38,38,132,0.189394,0.991823,0.993628,0.736021,,,,,,,,GLOBAL_BASELINE_NO_ENTITY_RANKING,,,NOT_APPLICABLE_GLOBAL_BASELINE,HF9g-P5,,,,X 全窗基线 · 不参与实体赏罚,8391352,840,A168_HF9F_20260827_0900,2026-08-27 09:00:00
2026-04-05,143281821,1078,0,530.0000000000,-530.0000000000,-530.0000000000,0E-7,4,4,0.29392415000000000,0.293924150000,-1.2903928630332178,-1.2903928630332178,-1.2903928630332178,0E-17,ELIGIBLE,R03b_20260811_FULL_v1,L1_ELIGIBILITY,v2026-08-11,2026-03-21..2026-08-06,baccarat_bet02_101_all_pairs_incl_sentinel,round_win = game_pnl > 0 (decisive only),COMPATIBILITY_ONLY_NOT_PRODUCTION,4533.0000,3851.0000,481.4500,59,56,-0.10621002,-0.71428571,-0.06617682,-0.10621002,-481.4500,4533.0000,OK,0.0000,19.2580,4.0000,96.0000,AG03-UNRESOLVED,ALL5_LEVELS_bet23_to_bet27,19.2580,19.2580,19.2580,28.8870,28.8870,4.000000,4.000000,4.000000,6.000000,6.000000,96.000000,96.000000,96.000000,94.000000,94.000000,5.0,115.5480,105.0751,365.9020,376.3749,PENDING_AG03,FALSE,NOT_FOR_ENFORCEMENT,462.1920,3696.9600,481.4500,462.1920,19.2580,0.10621002,0.10196161,19.2580,462.1920,0.10196161,19.2580,19.2580,19.2580,28.8870,28.8870,462.1920,0.10196161,115.5480,105.0751,365.9020,376.3749,0.08071961,0.08302997,0.00424840,76.8305,68.7679,8.5973,120.3625,80.2417,1133.2500,14.0000,56.0000,78.7593,20.0,40.0,100.0,200.0,247.5,494.74,20.0,-10.0,6.187499,12.3685,1.920763,5,8,4,5,0.06176925,0.10621002,0.71428571,0E-8,0.000000,0.849548,0.000000,-0.64810890,2026-04-05,2026-07-27,4,6,6,114,0.035088,0.711028,0.728877,0.205897,,,,,,,,GLOBAL_BASELINE_NO_ENTITY_RANKING,,,NOT_APPLICABLE_GLOBAL_BASELINE,HF9g-P5,,,,X 全窗基线 · 不参与实体赏罚,8391353,840,A168_HF9F_20260827_0900,2026-08-27 09:00:00
2026-04-05,143281821,1485,0,1122.0000000000,360.2000000000,360.2000000000,0.4444444,19,19,0.43806282105263158,0.438062821053,0.05457017446418824,0.05457017446103278,0.05457017446418824,-3.6842E-13,ELIGIBLE,R03b_20260811_FULL_v1,L1_ELIGIBILITY,v2026-08-11,2026-03-21..2026-08-06,baccarat_bet02_101_all_pairs_incl_sentinel,round_win = game_pnl > 0 (decisive only),COMPATIBILITY_ONLY_NOT_PRODUCTION,4533.0000,3851.0000,481.4500,59,56,-0.10621002,-0.71428571,-0.06617682,-0.10621002,-481.4500,4533.0000,OK,0.0000,19.2580,4.0000,96.0000,AG03-UNRESOLVED,ALL5_LEVELS_bet23_to_bet27,19.2580,19.2580,19.2580,28.8870,28.8870,4.000000,4.000000,4.000000,6.000000,6.000000,96.000000,96.000000,96.000000,94.000000,94.000000,5.0,115.5480,105.0751,365.9020,376.3749,PENDING_AG03,FALSE,NOT_FOR_ENFORCEMENT,462.1920,3696.9600,481.4500,462.1920,19.2580,0.10621002,0.10196161,19.2580,462.1920,0.10196161,19.2580,19.2580,19.2580,28.8870,28.8870,462.1920,0.10196161,115.5480,105.0751,365.9020,376.3749,0.08071961,0.08302997,0.00424840,76.8305,68.7679,8.5973,120.3625,80.2417,1133.2500,14.0000,56.0000,78.7593,20.0,40.0,100.0,200.0,247.5,494.74,20.0,-10.0,6.187499,12.3685,1.920763,5,8,4,5,0.06176925,0.10621002,0.71428571,0E-8,0.000000,0.849548,0.000000,-0.64810890,2026-04-05,2026-07-27,4,6,6,114,0.035088,0.711028,0.728877,0.205897,,,,,,,,GLOBAL_BASELINE_NO_ENTITY_RANKING,,,NOT_APPLICABLE_GLOBAL_BASELINE,HF9g-P5,,,,X 全窗基线 · 不参与实体赏罚,8391354,840,A168_HF9F_20260827_0900,2026-08-27 09:00:00
2026-04-05,143281821,2118,0,547.0000000000,89.8500000000,89.8500000000,0.6666667,13,13,0.50149485384615385,0.501494853846,1.144349001442109,1.1443490014431739,1.144349001442109,1.5385E-13,ELIGIBLE,R03b_20260811_FULL_v1,L1_ELIGIBILITY,v2026-08-11,2026-03-21..2026-08-06,baccarat_bet02_101_all_pairs_incl_sentinel,round_win = game_pnl > 0 (decisive only),COMPATIBILITY_ONLY_NOT_PRODUCTION,4533.0000,3851.0000,481.4500,59,56,-0.10621002,-0.71428571,-0.06617682,-0.10621002,-481.4500,4533.0000,OK,0.0000,19.2580,4.0000,96.0000,AG03-UNRESOLVED,ALL5_LEVELS_bet23_to_bet27,19.2580,19.2580,19.2580,28.8870,28.8870,4.000000,4.000000,4.000000,6.000000,6.000000,96.000000,96.000000,96.000000,94.000000,94.000000,5.0,115.5480,105.0751,365.9020,376.3749,PENDING_AG03,FALSE,NOT_FOR_ENFORCEMENT,462.1920,3696.9600,481.4500,462.1920,19.2580,0.10621002,0.10196161,19.2580,462.1920,0.10196161,19.2580,19.2580,19.2580,28.8870,28.8870,462.1920,0.10196161,115.5480,105.0751,365.9020,376.3749,0.08071961,0.08302997,0.00424840,76.8305,68.7679,8.5973,120.3625,80.2417,1133.2500,14.0000,56.0000,78.7593,20.0,40.0,100.0,200.0,247.5,494.74,20.0,-10.0,6.187499,12.3685,1.920763,5,8,4,5,0.06176925,0.10621002,0.71428571,0E-8,0.000000,0.849548,0.000000,-0.64810890,2026-04-05,2026-07-27,4,6,6,114,0.035088,0.711028,0.728877,0.205897,,,,,,,,GLOBAL_BASELINE_NO_ENTITY_RANKING,,,NOT_APPLICABLE_GLOBAL_BASELINE,HF9g-P5,,,,X 全窗基线 · 不参与实体赏罚,8391355,840,A168_HF9F_20260827_0900,2026-08-27 09:00:00
2026-05-06,143281821,1702,0,1774.0000000000,-449.0000000000,-449.0000000000,0.3750000,14,11,0.38518955000000000,0.385189550000,-0.05922323543162708,-0.05922323543162708,-0.05922323543162708,0E-17,ELIGIBLE,R03b_20260811_FULL_v1,L1_ELIGIBILITY,v2026-08-11,2026-03-21..2026-08-06,baccarat_bet02_101_all_pairs_incl_sentinel,round_win = game_pnl > 0 (decisive only),COMPATIBILITY_ONLY_NOT_PRODUCTION,4533.0000,3851.0000,481.4500,59,56,-0.10621002,-0.71428571,-0.06617682,-0.10621002,-481.4500,4533.0000,OK,0.0000,19.2580,4.0000,96.0000,AG03-UNRESOLVED,ALL5_LEVELS_bet23_to_bet27,19.2580,19.2580,19.2580,28.8870,28.8870,4.000000,4.000000,4.000000,6.000000,6.000000,96.000000,96.000000,96.000000,94.000000,94.000000,5.0,115.5480,105.0751,365.9020,376.3749,PENDING_AG03,FALSE,NOT_FOR_ENFORCEMENT,462.1920,3696.9600,481.4500,462.1920,19.2580,0.10621002,0.10196161,19.2580,462.1920,0.10196161,19.2580,19.2580,19.2580,28.8870,28.8870,462.1920,0.10196161,115.5480,105.0751,365.9020,376.3749,0.08071961,0.08302997,0.00424840,76.8305,68.7679,8.5973,120.3625,80.2417,1133.2500,14.0000,56.0000,78.7593,20.0,40.0,100.0,200.0,247.5,494.74,20.0,-10.0,6.187499,12.3685,1.920763,5,8,4,5,0.06176925,0.10621002,0.71428571,0E-8,0.000000,0.849548,0.000000,-0.64810890,2026-04-05,2026-07-27,4,6,6,114,0.035088,0.711028,0.728877,0.205897,,,,,,,,GLOBAL_BASELINE_NO_ENTITY_RANKING,,,NOT_APPLICABLE_GLOBAL_BASELINE,HF9g-P5,,,,X 全窗基线 · 不参与实体赏罚,8391356,840,A168_HF9F_20260827_0900,2026-08-27 09:00:00
2026-05-06,143281821,948,0,280.0000000000,247.5000000000,247.5000000000,1.0000000,4,4,0.49994810000000000,0.499948100000,1.7322306037746105,1.7322306037746105,1.7322306037746105,0E-17,ELIGIBLE,R03b_20260811_FULL_v1,L1_ELIGIBILITY,v2026-08-11,2026-03-21..2026-08-06,baccarat_bet02_101_all_pairs_incl_sentinel,round_win = game_pnl > 0 (decisive only),COMPATIBILITY_ONLY_NOT_PRODUCTION,4533.0000,3851.0000,481.4500,59,56,-0.10621002,-0.71428571,-0.06617682,-0.10621002,-481.4500,4533.0000,OK,0.0000,19.2580,4.0000,96.0000,AG03-UNRESOLVED,ALL5_LEVELS_bet23_to_bet27,19.2580,19.2580,19.2580,28.8870,28.8870,4.000000,4.000000,4.000000,6.000000,6.000000,96.000000,96.000000,96.000000,94.000000,94.000000,5.0,115.5480,105.0751,365.9020,376.3749,PENDING_AG03,FALSE,NOT_FOR_ENFORCEMENT,462.1920,3696.9600,481.4500,462.1920,19.2580,0.10621002,0.10196161,19.2580,462.1920,0.10196161,19.2580,19.2580,19.2580,28.8870,28.8870,462.1920,0.10196161,115.5480,105.0751,365.9020,376.3749,0.08071961,0.08302997,0.00424840,76.8305,68.7679,8.5973,120.3625,80.2417,1133.2500,14.0000,56.0000,78.7593,20.0,40.0,100.0,200.0,247.5,494.74,20.0,-10.0,6.187499,12.3685,1.920763,5,8,4,5,0.06176925,0.10621002,0.71428571,0E-8,0.000000,0.849548,0.000000,-0.64810890,2026-04-05,2026-07-27,4,6,6,114,0.035088,0.711028,0.728877,0.205897,,,,,,,,GLOBAL_BASELINE_NO_ENTITY_RANKING,,,NOT_APPLICABLE_GLOBAL_BASELINE,HF9g-P5,,,,X 全窗基线 · 不参与实体赏罚,8391357,840,A168_HF9F_20260827_0900,2026-08-27 09:00:00
2026-07-23,143281821,1205,0,100.0000000000,-100.0000000000,-100.0000000000,0E-7,1,1,0.49324550000000000,0.493245500000,-0.9865810262130424,-0.9865810262130424,-0.9865810262130424,0E-17,ELIGIBLE,R03b_20260811_FULL_v1,L1_ELIGIBILITY,v2026-08-11,2026-03-21..2026-08-06,baccarat_bet02_101_all_pairs_incl_sentinel,round_win = game_pnl > 0 (decisive only),COMPATIBILITY_ONLY_NOT_PRODUCTION,4533.0000,3851.0000,481.4500,59,56,-0.10621002,-0.71428571,-0.06617682,-0.10621002,-481.4500,4533.0000,OK,0.0000,19.2580,4.0000,96.0000,AG03-UNRESOLVED,ALL5_LEVELS_bet23_to_bet27,19.2580,19.2580,19.2580,28.8870,28.8870,4.000000,4.000000,4.000000,6.000000,6.000000,96.000000,96.000000,96.000000,94.000000,94.000000,5.0,115.5480,105.0751,365.9020,376.3749,PENDING_AG03,FALSE,NOT_FOR_ENFORCEMENT,462.1920,3696.9600,481.4500,462.1920,19.2580,0.10621002,0.10196161,19.2580,462.1920,0.10196161,19.2580,19.2580,19.2580,28.8870,28.8870,462.1920,0.10196161,115.5480,105.0751,365.9020,376.3749,0.08071961,0.08302997,0.00424840,76.8305,68.7679,8.5973,120.3625,80.2417,1133.2500,14.0000,56.0000,78.7593,20.0,40.0,100.0,200.0,247.5,494.74,20.0,-10.0,6.187499,12.3685,1.920763,5,8,4,5,0.06176925,0.10621002,0.71428571,0E-8,0.000000,0.849548,0.000000,-0.64810890,2026-04-05,2026-07-27,4,6,6,114,0.035088,0.711028,0.728877,0.205897,,,,,,,,GLOBAL_BASELINE_NO_ENTITY_RANKING,,,NOT_APPLICABLE_GLOBAL_BASELINE,HF9g-P5,,,,X 全窗基线 · 不参与实体赏罚,8391358,840,A168_HF9F_20260827_0900,2026-08-27 09:00:00
2026-07-27,143281821,-1,1,120.0000000000,-40.0000000000,-40.0000000000,0.5000000,2,2,0.49324550000000000,0.493245500000,0.01910635448239258,0.01910635448239258,0.01910635448239258,0E-17,SENTINEL_DEALER,R03b_20260811_FULL_v1,L1_ELIGIBILITY,v2026-08-11,2026-03-21..2026-08-06,baccarat_bet02_101_all_pairs_incl_sentinel,round_win = game_pnl > 0 (decisive only),COMPATIBILITY_ONLY_NOT_PRODUCTION,4533.0000,3851.0000,481.4500,59,56,-0.10621002,-0.71428571,-0.06617682,-0.10621002,-481.4500,4533.0000,OK,0.0000,19.2580,4.0000,96.0000,AG03-UNRESOLVED,ALL5_LEVELS_bet23_to_bet27,19.2580,19.2580,19.2580,28.8870,28.8870,4.000000,4.000000,4.000000,6.000000,6.000000,96.000000,96.000000,96.000000,94.000000,94.000000,5.0,115.5480,105.0751,365.9020,376.3749,PENDING_AG03,FALSE,NOT_FOR_ENFORCEMENT,462.1920,3696.9600,481.4500,462.1920,19.2580,0.10621002,0.10196161,19.2580,462.1920,0.10196161,19.2580,19.2580,19.2580,28.8870,28.8870,462.1920,0.10196161,115.5480,105.0751,365.9020,376.3749,0.08071961,0.08302997,0.00424840,76.8305,68.7679,8.5973,120.3625,80.2417,1133.2500,14.0000,56.0000,78.7593,20.0,40.0,100.0,200.0,247.5,494.74,20.0,-10.0,6.187499,12.3685,1.920763,5,8,4,5,0.06176925,0.10621002,0.71428571,0E-8,0.000000,0.849548,0.000000,-0.64810890,2026-04-05,2026-07-27,4,6,6,114,0.035088,0.711028,0.728877,0.205897,,,,,,,,GLOBAL_BASELINE_NO_ENTITY_RANKING,,,NOT_APPLICABLE_GLOBAL_BASELINE,HF9g-P5,,,,X 全窗基线 · 不参与实体赏罚,8391359,840,A168_HF9F_20260827_0900,2026-08-27 09:00:00
2026-07-27,143281821,2145,0,60.0000000000,-60.0000000000,-60.0000000000,0E-7,2,2,0.50665070000000000,0.506650700000,-1.4331513700195317,-1.4331513700195317,-1.4331513700195317,0E-17,ELIGIBLE,R03b_20260811_FULL_v1,L1_ELIGIBILITY,v2026-08-11,2026-03-21..2026-08-06,baccarat_bet02_101_all_pairs_incl_sentinel,round_win = game_pnl > 0 (decisive only),COMPATIBILITY_ONLY_NOT_PRODUCTION,4533.0000,3851.0000,481.4500,59,56,-0.10621002,-0.71428571,-0.06617682,-0.10621002,-481.4500,4533.0000,OK,0.0000,19.2580,4.0000,96.0000,AG03-UNRESOLVED,ALL5_LEVELS_bet23_to_bet27,19.2580,19.2580,19.2580,28.8870,28.8870,4.000000,4.000000,4.000000,6.000000,6.000000,96.000000,96.000000,96.000000,94.000000,94.000000,5.0,115.5480,105.0751,365.9020,376.3749,PENDING_AG03,FALSE,NOT_FOR_ENFORCEMENT,462.1920,3696.9600,481.4500,462.1920,19.2580,0.10621002,0.10196161,19.2580,462.1920,0.10196161,19.2580,19.2580,19.2580,28.8870,28.8870,462.1920,0.10196161,115.5480,105.0751,365.9020,376.3749,0.08071961,0.08302997,0.00424840,76.8305,68.7679,8.5973,120.3625,80.2417,1133.2500,14.0000,56.0000,78.7593,20.0,40.0,100.0,200.0,247.5,494.74,20.0,-10.0,6.187499,12.3685,1.920763,5,8,4,5,0.06176925,0.10621002,0.71428571,0E-8,0.000000,0.849548,0.000000,-0.64810890,2026-04-05,2026-07-27,4,6,6,114,0.035088,0.711028,0.728877,0.205897,,,,,,,,GLOBAL_BASELINE_NO_ENTITY_RANKING,,,NOT_APPLICABLE_GLOBAL_BASELINE,HF9g-P5,,,,X 全窗基线 · 不参与实体赏罚,8391360,840,A168_HF9F_20260827_0900,2026-08-27 09:00:00
2026-04-10,148462500,-1,1,1220.0000000000,279.0000000000,279.0000000000,0.6000000,17,16,0.49717974791666667,0.487490515625,0.7964549177649681,0.8717676022000669,0.7964549177649681,0.00968923229166667,SENTINEL_DEALER,R03b_20260811_FULL_v1,L1_ELIGIBILITY,v2026-08-11,2026-03-21..2026-08-06,baccarat_bet02_101_all_pairs_incl_sentinel,round_win = game_pnl > 0 (decisive only),COMPATIBILITY_ONLY_NOT_PRODUCTION,20360.0000,18725.0000,476.5000,245,241,-0.02340373,,-0.02340373,-0.02340373,-476.5000,20360.0000,OK,0.0000,14.2950,3.0000,97.0000,AG03-UNRESOLVED,ALL5_LEVELS_bet23_to_bet27,14.2950,14.2950,14.2950,14.2950,14.2950,3.000000,3.000000,3.000000,3.000000,3.000000,97.000000,97.000000,97.000000,97.000000,97.000000,5.0,71.4750,67.3132,405.0250,409.1868,PENDING_AG03,FALSE,NOT_FOR_ENFORCEMENT,462.2050,18163.2500,476.5000,462.2050,14.2950,0.02340373,0.02270162,14.2950,462.2050,0.02270162,14.2950,14.2950,14.2950,14.2950,14.2950,462.2050,0.02270162,71.4750,67.3132,405.0250,409.1868,0.01989317,0.02009758,0.00070211,83.1020,77.6971,1.9772,238.2500,6.5274,10180.0000,120.5000,,83.1020,40.0,60.0,102.5,140.0,180.0,290.5,60.0,0.0,3.0,4.841667,1.385034,25,51,3,3,0E-8,0.02340373,,0E-8,0.000000,0.919695,0.191837,,2026-04-10,2026-04-11,2,73,37,2,1.000000,,,0.000000,,,,,,,,GLOBAL_BASELINE_NO_ENTITY_RANKING,,,NOT_APPLICABLE_GLOBAL_BASELINE,HF9g-P5,,,,X 全窗基线 · 不参与实体赏罚,8391361,840,A168_HF9F_20260827_0900,2026-08-27 09:00:00
2026-04-10,148462500,1017,0,80.0000000000,-80.0000000000,-80.0000000000,0E-7,1,1,0.50665070000000000,0.506650700000,-1.013391052207602,-1.013391052207602,-1.013391052207602,0E-17,ELIGIBLE,R03b_20260811_FULL_v1,L1_ELIGIBILITY,v2026-08-11,2026-03-21..2026-08-06,baccarat_bet02_101_all_pairs_incl_sentinel,round_win = game_pnl > 0 (decisive only),COMPATIBILITY_ONLY_NOT_PRODUCTION,20360.0000,18725.0000,476.5000,245,241,-0.02340373,,-0.02340373,-0.02340373,-476.5000,20360.0000,OK,0.0000,14.2950,3.0000,97.0000,AG03-UNRESOLVED,ALL5_LEVELS_bet23_to_bet27,14.2950,14.2950,14.2950,14.2950,14.2950,3.000000,3.000000,3.000000,3.000000,3.000000,97.000000,97.000000,97.000000,97.000000,97.000000,5.0,71.4750,67.3132,405.0250,409.1868,PENDING_AG03,FALSE,NOT_FOR_ENFORCEMENT,462.2050,18163.2500,476.5000,462.2050,14.2950,0.02340373,0.02270162,14.2950,462.2050,0.02270162,14.2950,14.2950,14.2950,14.2950,14.2950,462.2050,0.02270162,71.4750,67.3132,405.0250,409.1868,0.01989317,0.02009758,0.00070211,83.1020,77.6971,1.9772,238.2500,6.5274,10180.0000,120.5000,,83.1020,40.0,60.0,102.5,140.0,180.0,290.5,60.0,0.0,3.0,4.841667,1.385034,25,51,3,3,0E-8,0.02340373,,0E-8,0.000000,0.919695,0.191837,,2026-04-10,2026-04-11,2,73,37,2,1.000000,,,0.000000,,,,,,,,GLOBAL_BASELINE_NO_ENTITY_RANKING,,,NOT_APPLICABLE_GLOBAL_BASELINE,HF9g-P5,,,,X 全窗基线 · 不参与实体赏罚,8391362,840,A168_HF9F_20260827_0900,2026-08-27 09:00:00
2026-04-10,148462500,1094,0,80.0000000000,-80.0000000000,-80.0000000000,0E-7,1,1,0.50665070000000000,0.506650700000,-1.013391052207602,-1.013391052207602,-1.013391052207602,0E-17,ELIGIBLE,R03b_20260811_FULL_v1,L1_ELIGIBILITY,v2026-08-11,2026-03-21..2026-08-06,baccarat_bet02_101_all_pairs_incl_sentinel,round_win = game_pnl > 0 (decisive only),COMPATIBILITY_ONLY_NOT_PRODUCTION,20360.0000,18725.0000,476.5000,245,241,-0.02340373,,-0.02340373,-0.02340373,-476.5000,20360.0000,OK,0.0000,14.2950,3.0000,97.0000,AG03-UNRESOLVED,ALL5_LEVELS_bet23_to_bet27,14.2950,14.2950,14.2950,14.2950,14.2950,3.000000,3.000000,3.000000,3.000000,3.000000,97.000000,97.000000,97.000000,97.000000,97.000000,5.0,71.4750,67.3132,405.0250,409.1868,PENDING_AG03,FALSE,NOT_FOR_ENFORCEMENT,462.2050,18163.2500,476.5000,462.2050,14.2950,0.02340373,0.02270162,14.2950,462.2050,0.02270162,14.2950,14.2950,14.2950,14.2950,14.2950,462.2050,0.02270162,71.4750,67.3132,405.0250,409.1868,0.01989317,0.02009758,0.00070211,83.1020,77.6971,1.9772,238.2500,6.5274,10180.0000,120.5000,,83.1020,40.0,60.0,102.5,140.0,180.0,290.5,60.0,0.0,3.0,4.841667,1.385034,25,51,3,3,0E-8,0.02340373,,0E-8,0.000000,0.919695,0.191837,,2026-04-10,2026-04-11,2,73,37,2,1.000000,,,0.000000,,,,,,,,GLOBAL_BASELINE_NO_ENTITY_RANKING,,,NOT_APPLICABLE_GLOBAL_BASELINE,HF9g-P5,,,,X 全窗基线 · 不参与实体赏罚,8391363,840,A168_HF9F_20260827_0900,2026-08-27 09:00:00
2026-04-10,148462500,1151,0,100.0000000000,-100.0000000000,-100.0000000000,0E-7,2,2,0.49324550000000000,0.493245500000,-1.3952362676504506,-1.3952362676504506,-1.3952362676504506,0E-17,ELIGIBLE,R03b_20260811_FULL_v1,L1_ELIGIBILITY,v2026-08-11,2026-03-21..2026-08-06,baccarat_bet02_101_all_pairs_incl_sentinel,round_win = game_pnl > 0 (decisive only),COMPATIBILITY_ONLY_NOT_PRODUCTION,20360.0000,18725.0000,476.5000,245,241,-0.02340373,,-0.02340373,-0.02340373,-476.5000,20360.0000,OK,0.0000,14.2950,3.0000,97.0000,AG03-UNRESOLVED,ALL5_LEVELS_bet23_to_bet27,14.2950,14.2950,14.2950,14.2950,14.2950,3.000000,3.000000,3.000000,3.000000,3.000000,97.000000,97.000000,97.000000,97.000000,97.000000,5.0,71.4750,67.3132,405.0250,409.1868,PENDING_AG03,FALSE,NOT_FOR_ENFORCEMENT,462.2050,18163.2500,476.5000,462.2050,14.2950,0.02340373,0.02270162,14.2950,462.2050,0.02270162,14.2950,14.2950,14.2950,14.2950,14.2950,462.2050,0.02270162,71.4750,67.3132,405.0250,409.1868,0.01989317,0.02009758,0.00070211,83.1020,77.6971,1.9772,238.2500,6.5274,10180.0000,120.5000,,83.1020,40.0,60.0,102.5,140.0,180.0,290.5,60.0,0.0,3.0,4.841667,1.385034,25,51,3,3,0E-8,0.02340373,,0E-8,0.000000,0.919695,0.191837,,2026-04-10,2026-04-11,2,73,37,2,1.000000,,,0.000000,,,,,,,,GLOBAL_BASELINE_NO_ENTITY_RANKING,,,NOT_APPLICABLE_GLOBAL_BASELINE,HF9g-P5,,,,X 全窗基线 · 不参与实体赏罚,8391364,840,A168_HF9F_20260827_0900,2026-08-27 09:00:00
2026-04-10,148462500,1205,0,160.0000000000,80.0000000000,80.0000000000,0.5000000,2,2,0.49324550000000000,0.493245500000,0.01910635448239258,0.01910635448239258,0.01910635448239258,0E-17,ELIGIBLE,R03b_20260811_FULL_v1,L1_ELIGIBILITY,v2026-08-11,2026-03-21..2026-08-06,baccarat_bet02_101_all_pairs_incl_sentinel,round_win = game_pnl > 0 (decisive only),COMPATIBILITY_ONLY_NOT_PRODUCTION,20360.0000,18725.0000,476.5000,245,241,-0.02340373,,-0.02340373,-0.02340373,-476.5000,20360.0000,OK,0.0000,14.2950,3.0000,97.0000,AG03-UNRESOLVED,ALL5_LEVELS_bet23_to_bet27,14.2950,14.2950,14.2950,14.2950,14.2950,3.000000,3.000000,3.000000,3.000000,3.000000,97.000000,97.000000,97.000000,97.000000,97.000000,5.0,71.4750,67.3132,405.0250,409.1868,PENDING_AG03,FALSE,NOT_FOR_ENFORCEMENT,462.2050,18163.2500,476.5000,462.2050,14.2950,0.02340373,0.02270162,14.2950,462.2050,0.02270162,14.2950,14.2950,14.2950,14.2950,14.2950,462.2050,0.02270162,71.4750,67.3132,405.0250,409.1868,0.01989317,0.02009758,0.00070211,83.1020,77.6971,1.9772,238.2500,6.5274,10180.0000,120.5000,,83.1020,40.0,60.0,102.5,140.0,180.0,290.5,60.0,0.0,3.0,4.841667,1.385034,25,51,3,3,0E-8,0.02340373,,0E-8,0.000000,0.919695,0.191837,,2026-04-10,2026-04-11,2,73,37,2,1.000000,,,0.000000,,,,,,,,GLOBAL_BASELINE_NO_ENTITY_RANKING,,,NOT_APPLICABLE_GLOBAL_BASELINE,HF9g-P5,,,,X 全窗基线 · 不参与实体赏罚,8391365,840,A168_HF9F_20260827_0900,2026-08-27 09:00:00
2026-04-10,148462500,1221,0,180.0000000000,-180.0000000000,-180.0000000000,0E-7,1,1,0.49324550000000000,0.493245500000,-0.9865810262130424,-0.9865810262130424,-0.9865810262130424,0E-17,ELIGIBLE,R03b_20260811_FULL_v1,L1_ELIGIBILITY,v2026-08-11,2026-03-21..2026-08-06,baccarat_bet02_101_all_pairs_incl_sentinel,round_win = game_pnl > 0 (decisive only),COMPATIBILITY_ONLY_NOT_PRODUCTION,20360.0000,18725.0000,476.5000,245,241,-0.02340373,,-0.02340373,-0.02340373,-476.5000,20360.0000,OK,0.0000,14.2950,3.0000,97.0000,AG03-UNRESOLVED,ALL5_LEVELS_bet23_to_bet27,14.2950,14.2950,14.2950,14.2950,14.2950,3.000000,3.000000,3.000000,3.000000,3.000000,97.000000,97.000000,97.000000,97.000000,97.000000,5.0,71.4750,67.3132,405.0250,409.1868,PENDING_AG03,FALSE,NOT_FOR_ENFORCEMENT,462.2050,18163.2500,476.5000,462.2050,14.2950,0.02340373,0.02270162,14.2950,462.2050,0.02270162,14.2950,14.2950,14.2950,14.2950,14.2950,462.2050,0.02270162,71.4750,67.3132,405.0250,409.1868,0.01989317,0.02009758,0.00070211,83.1020,77.6971,1.9772,238.2500,6.5274,10180.0000,120.5000,,83.1020,40.0,60.0,102.5,140.0,180.0,290.5,60.0,0.0,3.0,4.841667,1.385034,25,51,3,3,0E-8,0.02340373,,0E-8,0.000000,0.919695,0.191837,,2026-04-10,2026-04-11,2,73,37,2,1.000000,,,0.000000,,,,,,,,GLOBAL_BASELINE_NO_ENTITY_RANKING,,,NOT_APPLICABLE_GLOBAL_BASELINE,HF9g-P5,,,,X 全窗基线 · 不参与实体赏罚,8391366,840,A168_HF9F_20260827_0900,2026-08-27 09:00:00
2026-04-10,148462500,1302,0,360.0000000000,-47.0000000000,-47.0000000000,0.5000000,5,4,0.50262914000000000,0.501623750000,-0.010516705391872879,-0.006495034249238073,-0.010516705391872879,0.00100539000000000,ELIGIBLE,R03b_20260811_FULL_v1,L1_ELIGIBILITY,v2026-08-11,2026-03-21..2026-08-06,baccarat_bet02_101_all_pairs_incl_sentinel,round_win = game_pnl > 0 (decisive only),COMPATIBILITY_ONLY_NOT_PRODUCTION,20360.0000,18725.0000,476.5000,245,241,-0.02340373,,-0.02340373,-0.02340373,-476.5000,20360.0000,OK,0.0000,14.2950,3.0000,97.0000,AG03-UNRESOLVED,ALL5_LEVELS_bet23_to_bet27,14.2950,14.2950,14.2950,14.2950,14.2950,3.000000,3.000000,3.000000,3.000000,3.000000,97.000000,97.000000,97.000000,97.000000,97.000000,5.0,71.4750,67.3132,405.0250,409.1868,PENDING_AG03,FALSE,NOT_FOR_ENFORCEMENT,462.2050,18163.2500,476.5000,462.2050,14.2950,0.02340373,0.02270162,14.2950,462.2050,0.02270162,14.2950,14.2950,14.2950,14.2950,14.2950,462.2050,0.02270162,71.4750,67.3132,405.0250,409.1868,0.01989317,0.02009758,0.00070211,83.1020,77.6971,1.9772,238.2500,6.5274,10180.0000,120.5000,,83.1020,40.0,60.0,102.5,140.0,180.0,290.5,60.0,0.0,3.0,4.841667,1.385034,25,51,3,3,0E-8,0.02340373,,0E-8,0.000000,0.919695,0.191837,,2026-04-10,2026-04-11,2,73,37,2,1.000000,,,0.000000,,,,,,,,GLOBAL_BASELINE_NO_ENTITY_RANKING,,,NOT_APPLICABLE_GLOBAL_BASELINE,HF9g-P5,,,,X 全窗基线 · 不参与实体赏罚,8391367,840,A168_HF9F_20260827_0900,2026-08-27 09:00:00
2026-04-10,148462500,1360,0,150.0000000000,-150.0000000000,-150.0000000000,0E-7,1,1,0.49324550000000000,0.493245500000,-0.9865810262130424,-0.9865810262130424,-0.9865810262130424,0E-17,ELIGIBLE,R03b_20260811_FULL_v1,L1_ELIGIBILITY,v2026-08-11,2026-03-21..2026-08-06,baccarat_bet02_101_all_pairs_incl_sentinel,round_win = game_pnl > 0 (decisive only),COMPATIBILITY_ONLY_NOT_PRODUCTION,20360.0000,18725.0000,476.5000,245,241,-0.02340373,,-0.02340373,-0.02340373,-476.5000,20360.0000,OK,0.0000,14.2950,3.0000,97.0000,AG03-UNRESOLVED,ALL5_LEVELS_bet23_to_bet27,14.2950,14.2950,14.2950,14.2950,14.2950,3.000000,3.000000,3.000000,3.000000,3.000000,97.000000,97.000000,97.000000,97.000000,97.000000,5.0,71.4750,67.3132,405.0250,409.1868,PENDING_AG03,FALSE,NOT_FOR_ENFORCEMENT,462.2050,18163.2500,476.5000,462.2050,14.2950,0.02340373,0.02270162,14.2950,462.2050,0.02270162,14.2950,14.2950,14.2950,14.2950,14.2950,462.2050,0.02270162,71.4750,67.3132,405.0250,409.1868,0.01989317,0.02009758,0.00070211,83.1020,77.6971,1.9772,238.2500,6.5274,10180.0000,120.5000,,83.1020,40.0,60.0,102.5,140.0,180.0,290.5,60.0,0.0,3.0,4.841667,1.385034,25,51,3,3,0E-8,0.02340373,,0E-8,0.000000,0.919695,0.191837,,2026-04-10,2026-04-11,2,73,37,2,1.000000,,,0.000000,,,,,,,,GLOBAL_BASELINE_NO_ENTITY_RANKING,,,NOT_APPLICABLE_GLOBAL_BASELINE,HF9g-P5,,,,X 全窗基线 · 不参与实体赏罚,8391368,840,A168_HF9F_20260827_0900,2026-08-27 09:00:00
2026-04-10,148462500,1396,0,910.0000000000,318.5000000000,318.5000000000,0.7272727,11,11,0.50665070000000000,0.506650700000,1.4635704483711276,1.4635704483711276,1.4635704483711276,0E-17,ELIGIBLE,R03b_20260811_FULL_v1,L1_ELIGIBILITY,v2026-08-11,2026-03-21..2026-08-06,baccarat_bet02_101_all_pairs_incl_sentinel,round_win = game_pnl > 0 (decisive only),COMPATIBILITY_ONLY_NOT_PRODUCTION,20360.0000,18725.0000,476.5000,245,241,-0.02340373,,-0.02340373,-0.02340373,-476.5000,20360.0000,OK,0.0000,14.2950,3.0000,97.0000,AG03-UNRESOLVED,ALL5_LEVELS_bet23_to_bet27,14.2950,14.2950,14.2950,14.2950,14.2950,3.000000,3.000000,3.000000,3.000000,3.000000,97.000000,97.000000,97.000000,97.000000,97.000000,5.0,71.4750,67.3132,405.0250,409.1868,PENDING_AG03,FALSE,NOT_FOR_ENFORCEMENT,462.2050,18163.2500,476.5000,462.2050,14.2950,0.02340373,0.02270162,14.2950,462.2050,0.02270162,14.2950,14.2950,14.2950,14.2950,14.2950,462.2050,0.02270162,71.4750,67.3132,405.0250,409.1868,0.01989317,0.02009758,0.00070211,83.1020,77.6971,1.9772,238.2500,6.5274,10180.0000,120.5000,,83.1020,40.0,60.0,102.5,140.0,180.0,290.5,60.0,0.0,3.0,4.841667,1.385034,25,51,3,3,0E-8,0.02340373,,0E-8,0.000000,0.919695,0.191837,,2026-04-10,2026-04-11,2,73,37,2,1.000000,,,0.000000,,,,,,,,GLOBAL_BASELINE_NO_ENTITY_RANKING,,,NOT_APPLICABLE_GLOBAL_BASELINE,HF9g-P5,,,,X 全窗基线 · 不参与实体赏罚,8391369,840,A168_HF9F_20260827_0900,2026-08-27 09:00:00
2026-04-10,148462500,1401,0,360.0000000000,-140.0000000000,-140.0000000000,0.2500000,5,5,0.50128862000000000,0.501288620000,-1.0051578182180947,-1.0051578182180947,-1.0051578182180947,0E-17,ELIGIBLE,R03b_20260811_FULL_v1,L1_ELIGIBILITY,v2026-08-11,2026-03-21..2026-08-06,baccarat_bet02_101_all_pairs_incl_sentinel,round_win = game_pnl > 0 (decisive only),COMPATIBILITY_ONLY_NOT_PRODUCTION,20360.0000,18725.0000,476.5000,245,241,-0.02340373,,-0.02340373,-0.02340373,-476.5000,20360.0000,OK,0.0000,14.2950,3.0000,97.0000,AG03-UNRESOLVED,ALL5_LEVELS_bet23_to_bet27,14.2950,14.2950,14.2950,14.2950,14.2950,3.000000,3.000000,3.000000,3.000000,3.000000,97.000000,97.000000,97.000000,97.000000,97.000000,5.0,71.4750,67.3132,405.0250,409.1868,PENDING_AG03,FALSE,NOT_FOR_ENFORCEMENT,462.2050,18163.2500,476.5000,462.2050,14.2950,0.02340373,0.02270162,14.2950,462.2050,0.02270162,14.2950,14.2950,14.2950,14.2950,14.2950,462.2050,0.02270162,71.4750,67.3132,405.0250,409.1868,0.01989317,0.02009758,0.00070211,83.1020,77.6971,1.9772,238.2500,6.5274,10180.0000,120.5000,,83.1020,40.0,60.0,102.5,140.0,180.0,290.5,60.0,0.0,3.0,4.841667,1.385034,25,51,3,3,0E-8,0.02340373,,0E-8,0.000000,0.919695,0.191837,,2026-04-10,2026-04-11,2,73,37,2,1.000000,,,0.000000,,,,,,,,GLOBAL_BASELINE_NO_ENTITY_RANKING,,,NOT_APPLICABLE_GLOBAL_BASELINE,HF9g-P5,,,,X 全窗基线 · 不参与实体赏罚,8391370,840,A168_HF9F_20260827_0900,2026-08-27 09:00:00
2026-04-10,148462500,1623,0,230.0000000000,-110.0000000000,-110.0000000000,0.3333333,3,3,0.49771390000000000,0.497713900000,-0.5694369385616226,-0.5694369385616226,-0.5694369385616226,0E-17,ELIGIBLE,R03b_20260811_FULL_v1,L1_ELIGIBILITY,v2026-08-11,2026-03-21..2026-08-06,baccarat_bet02_101_all_pairs_incl_sentinel,round_win = game_pnl > 0 (decisive only),COMPATIBILITY_ONLY_NOT_PRODUCTION,20360.0000,18725.0000,476.5000,245,241,-0.02340373,,-0.02340373,-0.02340373,-476.5000,20360.0000,OK,0.0000,14.2950,3.0000,97.0000,AG03-UNRESOLVED,ALL5_LEVELS_bet23_to_bet27,14.2950,14.2950,14.2950,14.2950,14.2950,3.000000,3.000000,3.000000,3.000000,3.000000,97.000000,97.000000,97.000000,97.000000,97.000000,5.0,71.4750,67.3132,405.0250,409.1868,PENDING_AG03,FALSE,NOT_FOR_ENFORCEMENT,462.2050,18163.2500,476.5000,462.2050,14.2950,0.02340373,0.02270162,14.2950,462.2050,0.02270162,14.2950,14.2950,14.2950,14.2950,14.2950,462.2050,0.02270162,71.4750,67.3132,405.0250,409.1868,0.01989317,0.02009758,0.00070211,83.1020,77.6971,1.9772,238.2500,6.5274,10180.0000,120.5000,,83.1020,40.0,60.0,102.5,140.0,180.0,290.5,60.0,0.0,3.0,4.841667,1.385034,25,51,3,3,0E-8,0.02340373,,0E-8,0.000000,0.919695,0.191837,,2026-04-10,2026-04-11,2,73,37,2,1.000000,,,0.000000,,,,,,,,GLOBAL_BASELINE_NO_ENTITY_RANKING,,,NOT_APPLICABLE_GLOBAL_BASELINE,HF9g-P5,,,,X 全窗基线 · 不参与实体赏罚,8391371,840,A168_HF9F_20260827_0900,2026-08-27 09:00:00
2026-04-10,148462500,1645,0,240.0000000000,-103.5000000000,-103.5000000000,0.5000000,2,2,0.50665070000000000,0.506650700000,-0.018812684590367487,-0.018812684590367487,-0.018812684590367487,0E-17,ELIGIBLE,R03b_20260811_FULL_v1,L1_ELIGIBILITY,v2026-08-11,2026-03-21..2026-08-06,baccarat_bet02_101_all_pairs_incl_sentinel,round_win = game_pnl > 0 (decisive only),COMPATIBILITY_ONLY_NOT_PRODUCTION,20360.0000,18725.0000,476.5000,245,241,-0.02340373,,-0.02340373,-0.02340373,-476.5000,20360.0000,OK,0.0000,14.2950,3.0000,97.0000,AG03-UNRESOLVED,ALL5_LEVELS_bet23_to_bet27,14.2950,14.2950,14.2950,14.2950,14.2950,3.000000,3.000000,3.000000,3.000000,3.000000,97.000000,97.000000,97.000000,97.000000,97.000000,5.0,71.4750,67.3132,405.0250,409.1868,PENDING_AG03,FALSE,NOT_FOR_ENFORCEMENT,462.2050,18163.2500,476.5000,462.2050,14.2950,0.02340373,0.02270162,14.2950,462.2050,0.02270162,14.2950,14.2950,14.2950,14.2950,14.2950,462.2050,0.02270162,71.4750,67.3132,405.0250,409.1868,0.01989317,0.02009758,0.00070211,83.1020,77.6971,1.9772,238.2500,6.5274,10180.0000,120.5000,,83.1020,40.0,60.0,102.5,140.0,180.0,290.5,60.0,0.0,3.0,4.841667,1.385034,25,51,3,3,0E-8,0.02340373,,0E-8,0.000000,0.919695,0.191837,,2026-04-10,2026-04-11,2,73,37,2,1.000000,,,0.000000,,,,,,,,GLOBAL_BASELINE_NO_ENTITY_RANKING,,,NOT_APPLICABLE_GLOBAL_BASELINE,HF9g-P5,,,,X 全窗基线 · 不参与实体赏罚,8391372,840,A168_HF9F_20260827_0900,2026-08-27 09:00:00
2026-04-10,148462500,1654,0,750.0000000000,119.0000000000,119.0000000000,0.6250000,9,8,0.50083520882352941,0.500785925000,0.702383106532711,0.7026617860486531,0.702383106532711,0.00004928382352941,ELIGIBLE,R03b_20260811_FULL_v1,L1_ELIGIBILITY,v2026-08-11,2026-03-21..2026-08-06,baccarat_bet02_101_all_pairs_incl_sentinel,round_win = game_pnl > 0 (decisive only),COMPATIBILITY_ONLY_NOT_PRODUCTION,20360.0000,18725.0000,476.5000,245,241,-0.02340373,,-0.02340373,-0.02340373,-476.5000,20360.0000,OK,0.0000,14.2950,3.0000,97.0000,AG03-UNRESOLVED,ALL5_LEVELS_bet23_to_bet27,14.2950,14.2950,14.2950,14.2950,14.2950,3.000000,3.000000,3.000000,3.000000,3.000000,97.000000,97.000000,97.000000,97.000000,97.000000,5.0,71.4750,67.3132,405.0250,409.1868,PENDING_AG03,FALSE,NOT_FOR_ENFORCEMENT,462.2050,18163.2500,476.5000,462.2050,14.2950,0.02340373,0.02270162,14.2950,462.2050,0.02270162,14.2950,14.2950,14.2950,14.2950,14.2950,462.2050,0.02270162,71.4750,67.3132,405.0250,409.1868,0.01989317,0.02009758,0.00070211,83.1020,77.6971,1.9772,238.2500,6.5274,10180.0000,120.5000,,83.1020,40.0,60.0,102.5,140.0,180.0,290.5,60.0,0.0,3.0,4.841667,1.385034,25,51,3,3,0E-8,0.02340373,,0E-8,0.000000,0.919695,0.191837,,2026-04-10,2026-04-11,2,73,37,2,1.000000,,,0.000000,,,,,,,,GLOBAL_BASELINE_NO_ENTITY_RANKING,,,NOT_APPLICABLE_GLOBAL_BASELINE,HF9g-P5,,,,X 全窗基线 · 不参与实体赏罚,8391373,840,A168_HF9F_20260827_0900,2026-08-27 09:00:00
2026-04-10,148462500,1714,0,430.0000000000,174.5000000000,174.5000000000,0.6666667,6,6,0.50665070000000000,0.506650700000,0.7839842952205449,0.7839842952205449,0.7839842952205449,0E-17,ELIGIBLE,R03b_20260811_FULL_v1,L1_ELIGIBILITY,v2026-08-11,2026-03-21..2026-08-06,baccarat_bet02_101_all_pairs_incl_sentinel,round_win = game_pnl > 0 (decisive only),COMPATIBILITY_ONLY_NOT_PRODUCTION,20360.0000,18725.0000,476.5000,245,241,-0.02340373,,-0.02340373,-0.02340373,-476.5000,20360.0000,OK,0.0000,14.2950,3.0000,97.0000,AG03-UNRESOLVED,ALL5_LEVELS_bet23_to_bet27,14.2950,14.2950,14.2950,14.2950,14.2950,3.000000,3.000000,3.000000,3.000000,3.000000,97.000000,97.000000,97.000000,97.000000,97.000000,5.0,71.4750,67.3132,405.0250,409.1868,PENDING_AG03,FALSE,NOT_FOR_ENFORCEMENT,462.2050,18163.2500,476.5000,462.2050,14.2950,0.02340373,0.02270162,14.2950,462.2050,0.02270162,14.2950,14.2950,14.2950,14.2950,14.2950,462.2050,0.02270162,71.4750,67.3132,405.0250,409.1868,0.01989317,0.02009758,0.00070211,83.1020,77.6971,1.9772,238.2500,6.5274,10180.0000,120.5000,,83.1020,40.0,60.0,102.5,140.0,180.0,290.5,60.0,0.0,3.0,4.841667,1.385034,25,51,3,3,0E-8,0.02340373,,0E-8,0.000000,0.919695,0.191837,,2026-04-10,2026-04-11,2,73,37,2,1.000000,,,0.000000,,,,,,,,GLOBAL_BASELINE_NO_ENTITY_RANKING,,,NOT_APPLICABLE_GLOBAL_BASELINE,HF9g-P5,,,,X 全窗基线 · 不参与实体赏罚,8391374,840,A168_HF9F_20260827_0900,2026-08-27 09:00:00
2026-04-10,148462500,1985,0,300.0000000000,-300.0000000000,-300.0000000000,0E-7,3,3,0.49771390000000000,0.497713900000,-1.724149546644903,-1.724149546644903,-1.724149546644903,0E-17,ELIGIBLE,R03b_20260811_FULL_v1,L1_ELIGIBILITY,v2026-08-11,2026-03-21..2026-08-06,baccarat_bet02_101_all_pairs_incl_sentinel,round_win = game_pnl > 0 (decisive only),COMPATIBILITY_ONLY_NOT_PRODUCTION,20360.0000,18725.0000,476.5000,245,241,-0.02340373,,-0.02340373,-0.02340373,-476.5000,20360.0000,OK,0.0000,14.2950,3.0000,97.0000,AG03-UNRESOLVED,ALL5_LEVELS_bet23_to_bet27,14.2950,14.2950,14.2950,14.2950,14.2950,3.000000,3.000000,3.000000,3.000000,3.000000,97.000000,97.000000,97.000000,97.000000,97.000000,5.0,71.4750,67.3132,405.0250,409.1868,PENDING_AG03,FALSE,NOT_FOR_ENFORCEMENT,462.2050,18163.2500,476.5000,462.2050,14.2950,0.02340373,0.02270162,14.2950,462.2050,0.02270162,14.2950,14.2950,14.2950,14.2950,14.2950,462.2050,0.02270162,71.4750,67.3132,405.0250,409.1868,0.01989317,0.02009758,0.00070211,83.1020,77.6971,1.9772,238.2500,6.5274,10180.0000,120.5000,,83.1020,40.0,60.0,102.5,140.0,180.0,290.5,60.0,0.0,3.0,4.841667,1.385034,25,51,3,3,0E-8,0.02340373,,0E-8,0.000000,0.919695,0.191837,,2026-04-10,2026-04-11,2,73,37,2,1.000000,,,0.000000,,,,,,,,GLOBAL_BASELINE_NO_ENTITY_RANKING,,,NOT_APPLICABLE_GLOBAL_BASELINE,HF9g-P5,,,,X 全窗基线 · 不参与实体赏罚,8391375,840,A168_HF9F_20260827_0900,2026-08-27 09:00:00
2026-04-10,148462500,1990,0,40.0000000000,-40.0000000000,-40.0000000000,0E-7,1,1,0.50665070000000000,0.506650700000,-1.013391052207602,-1.013391052207602,-1.013391052207602,0E-17,ELIGIBLE,R03b_20260811_FULL_v1,L1_ELIGIBILITY,v2026-08-11,2026-03-21..2026-08-06,baccarat_bet02_101_all_pairs_incl_sentinel,round_win = game_pnl > 0 (decisive only),COMPATIBILITY_ONLY_NOT_PRODUCTION,20360.0000,18725.0000,476.5000,245,241,-0.02340373,,-0.02340373,-0.02340373,-476.5000,20360.0000,OK,0.0000,14.2950,3.0000,97.0000,AG03-UNRESOLVED,ALL5_LEVELS_bet23_to_bet27,14.2950,14.2950,14.2950,14.2950,14.2950,3.000000,3.000000,3.000000,3.000000,3.000000,97.000000,97.000000,97.000000,97.000000,97.000000,5.0,71.4750,67.3132,405.0250,409.1868,PENDING_AG03,FALSE,NOT_FOR_ENFORCEMENT,462.2050,18163.2500,476.5000,462.2050,14.2950,0.02340373,0.02270162,14.2950,462.2050,0.02270162,14.2950,14.2950,14.2950,14.2950,14.2950,462.2050,0.02270162,71.4750,67.3132,405.0250,409.1868,0.01989317,0.02009758,0.00070211,83.1020,77.6971,1.9772,238.2500,6.5274,10180.0000,120.5000,,83.1020,40.0,60.0,102.5,140.0,180.0,290.5,60.0,0.0,3.0,4.841667,1.385034,25,51,3,3,0E-8,0.02340373,,0E-8,0.000000,0.919695,0.191837,,2026-04-10,2026-04-11,2,73,37,2,1.000000,,,0.000000,,,,,,,,GLOBAL_BASELINE_NO_ENTITY_RANKING,,,NOT_APPLICABLE_GLOBAL_BASELINE,HF9g-P5,,,,X 全窗基线 · 不参与实体赏罚,8391376,840,A168_HF9F_20260827_0900,2026-08-27 09:00:00
2026-04-10,148462500,1994,0,820.0000000000,463.0000000000,463.0000000000,0.7142857,8,8,0.50329940000000000,0.503299400000,1.1164589431750795,1.1164589431750798,1.1164589431750795,0E-17,ELIGIBLE,R03b_20260811_FULL_v1,L1_ELIGIBILITY,v2026-08-11,2026-03-21..2026-08-06,baccarat_bet02_101_all_pairs_incl_sentinel,round_win = game_pnl > 0 (decisive only),COMPATIBILITY_ONLY_NOT_PRODUCTION,20360.0000,18725.0000,476.5000,245,241,-0.02340373,,-0.02340373,-0.02340373,-476.5000,20360.0000,OK,0.0000,14.2950,3.0000,97.0000,AG03-UNRESOLVED,ALL5_LEVELS_bet23_to_bet27,14.2950,14.2950,14.2950,14.2950,14.2950,3.000000,3.000000,3.000000,3.000000,3.000000,97.000000,97.000000,97.000000,97.000000,97.000000,5.0,71.4750,67.3132,405.0250,409.1868,PENDING_AG03,FALSE,NOT_FOR_ENFORCEMENT,462.2050,18163.2500,476.5000,462.2050,14.2950,0.02340373,0.02270162,14.2950,462.2050,0.02270162,14.2950,14.2950,14.2950,14.2950,14.2950,462.2050,0.02270162,71.4750,67.3132,405.0250,409.1868,0.01989317,0.02009758,0.00070211,83.1020,77.6971,1.9772,238.2500,6.5274,10180.0000,120.5000,,83.1020,40.0,60.0,102.5,140.0,180.0,290.5,60.0,0.0,3.0,4.841667,1.385034,25,51,3,3,0E-8,0.02340373,,0E-8,0.000000,0.919695,0.191837,,2026-04-10,2026-04-11,2,73,37,2,1.000000,,,0.000000,,,,,,,,GLOBAL_BASELINE_NO_ENTITY_RANKING,,,NOT_APPLICABLE_GLOBAL_BASELINE,HF9g-P5,,,,X 全窗基线 · 不参与实体赏罚,8391377,840,A168_HF9F_20260827_0900,2026-08-27 09:00:00
2026-04-10,148462500,2088,0,300.0000000000,-60.0000000000,-60.0000000000,0.5000000,4,4,0.49659680000000000,0.496596800000,0.013613115331600182,0.013613115331600183,0.013613115331600182,0E-17,ELIGIBLE,R03b_20260811_FULL_v1,L1_ELIGIBILITY,v2026-08-11,2026-03-21..2026-08-06,baccarat_bet02_101_all_pairs_incl_sentinel,round_win = game_pnl > 0 (decisive only),COMPATIBILITY_ONLY_NOT_PRODUCTION,20360.0000,18725.0000,476.5000,245,241,-0.02340373,,-0.02340373,-0.02340373,-476.5000,20360.0000,OK,0.0000,14.2950,3.0000,97.0000,AG03-UNRESOLVED,ALL5_LEVELS_bet23_to_bet27,14.2950,14.2950,14.2950,14.2950,14.2950,3.000000,3.000000,3.000000,3.000000,3.000000,97.000000,97.000000,97.000000,97.000000,97.000000,5.0,71.4750,67.3132,405.0250,409.1868,PENDING_AG03,FALSE,NOT_FOR_ENFORCEMENT,462.2050,18163.2500,476.5000,462.2050,14.2950,0.02340373,0.02270162,14.2950,462.2050,0.02270162,14.2950,14.2950,14.2950,14.2950,14.2950,462.2050,0.02270162,71.4750,67.3132,405.0250,409.1868,0.01989317,0.02009758,0.00070211,83.1020,77.6971,1.9772,238.2500,6.5274,10180.0000,120.5000,,83.1020,40.0,60.0,102.5,140.0,180.0,290.5,60.0,0.0,3.0,4.841667,1.385034,25,51,3,3,0E-8,0.02340373,,0E-8,0.000000,0.919695,0.191837,,2026-04-10,2026-04-11,2,73,37,2,1.000000,,,0.000000,,,,,,,,GLOBAL_BASELINE_NO_ENTITY_RANKING,,,NOT_APPLICABLE_GLOBAL_BASELINE,HF9g-P5,,,,X 全窗基线 · 不参与实体赏罚,8391378,840,A168_HF9F_20260827_0900,2026-08-27 09:00:00
2026-04-10,148462500,2093,0,1090.0000000000,57.5000000000,57.5000000000,0.5555556,10,10,0.49994810000000000,0.499948100000,0.33364473513075094,0.33364473513075094,0.33364473513075094,0E-17,ELIGIBLE,R03b_20260811_FULL_v1,L1_ELIGIBILITY,v2026-08-11,2026-03-21..2026-08-06,baccarat_bet02_101_all_pairs_incl_sentinel,round_win = game_pnl > 0 (decisive only),COMPATIBILITY_ONLY_NOT_PRODUCTION,20360.0000,18725.0000,476.5000,245,241,-0.02340373,,-0.02340373,-0.02340373,-476.5000,20360.0000,OK,0.0000,14.2950,3.0000,97.0000,AG03-UNRESOLVED,ALL5_LEVELS_bet23_to_bet27,14.2950,14.2950,14.2950,14.2950,14.2950,3.000000,3.000000,3.000000,3.000000,3.000000,97.000000,97.000000,97.000000,97.000000,97.000000,5.0,71.4750,67.3132,405.0250,409.1868,PENDING_AG03,FALSE,NOT_FOR_ENFORCEMENT,462.2050,18163.2500,476.5000,462.2050,14.2950,0.02340373,0.02270162,14.2950,462.2050,0.02270162,14.2950,14.2950,14.2950,14.2950,14.2950,462.2050,0.02270162,71.4750,67.3132,405.0250,409.1868,0.01989317,0.02009758,0.00070211,83.1020,77.6971,1.9772,238.2500,6.5274,10180.0000,120.5000,,83.1020,40.0,60.0,102.5,140.0,180.0,290.5,60.0,0.0,3.0,4.841667,1.385034,25,51,3,3,0E-8,0.02340373,,0E-8,0.000000,0.919695,0.191837,,2026-04-10,2026-04-11,2,73,37,2,1.000000,,,0.000000,,,,,,,,GLOBAL_BASELINE_NO_ENTITY_RANKING,,,NOT_APPLICABLE_GLOBAL_BASELINE,HF9g-P5,,,,X 全窗基线 · 不参与实体赏罚,8391379,840,A168_HF9F_20260827_0900,2026-08-27 09:00:00
2026-04-10,148462500,2101,0,1239.0000000000,-983.0000000000,-983.0000000000,0.1250000,9,9,0.50069283333333333,0.500692833333,-2.125241641055081,-2.125241641053193,-2.125241641055081,3.3333E-13,ELIGIBLE,R03b_20260811_FULL_v1,L1_ELIGIBILITY,v2026-08-11,2026-03-21..2026-08-06,baccarat_bet02_101_all_pairs_incl_sentinel,round_win = game_pnl > 0 (decisive only),COMPATIBILITY_ONLY_NOT_PRODUCTION,20360.0000,18725.0000,476.5000,245,241,-0.02340373,,-0.02340373,-0.02340373,-476.5000,20360.0000,OK,0.0000,14.2950,3.0000,97.0000,AG03-UNRESOLVED,ALL5_LEVELS_bet23_to_bet27,14.2950,14.2950,14.2950,14.2950,14.2950,3.000000,3.000000,3.000000,3.000000,3.000000,97.000000,97.000000,97.000000,97.000000,97.000000,5.0,71.4750,67.3132,405.0250,409.1868,PENDING_AG03,FALSE,NOT_FOR_ENFORCEMENT,462.2050,18163.2500,476.5000,462.2050,14.2950,0.02340373,0.02270162,14.2950,462.2050,0.02270162,14.2950,14.2950,14.2950,14.2950,14.2950,462.2050,0.02270162,71.4750,67.3132,405.0250,409.1868,0.01989317,0.02009758,0.00070211,83.1020,77.6971,1.9772,238.2500,6.5274,10180.0000,120.5000,,83.1020,40.0,60.0,102.5,140.0,180.0,290.5,60.0,0.0,3.0,4.841667,1.385034,25,51,3,3,0E-8,0.02340373,,0E-8,0.000000,0.919695,0.191837,,2026-04-10,2026-04-11,2,73,37,2,1.000000,,,0.000000,,,,,,,,GLOBAL_BASELINE_NO_ENTITY_RANKING,,,NOT_APPLICABLE_GLOBAL_BASELINE,HF9g-P5,,,,X 全窗基线 · 不参与实体赏罚,8391380,840,A168_HF9F_20260827_0900,2026-08-27 09:00:00
2026-04-10,148462500,2127,0,80.0000000000,-80.0000000000,-80.0000000000,0E-7,1,1,0.50665070000000000,0.506650700000,-1.013391052207602,-1.013391052207602,-1.013391052207602,0E-17,ELIGIBLE,R03b_20260811_FULL_v1,L1_ELIGIBILITY,v2026-08-11,2026-03-21..2026-08-06,baccarat_bet02_101_all_pairs_incl_sentinel,round_win = game_pnl > 0 (decisive only),COMPATIBILITY_ONLY_NOT_PRODUCTION,20360.0000,18725.0000,476.5000,245,241,-0.02340373,,-0.02340373,-0.02340373,-476.5000,20360.0000,OK,0.0000,14.2950,3.0000,97.0000,AG03-UNRESOLVED,ALL5_LEVELS_bet23_to_bet27,14.2950,14.2950,14.2950,14.2950,14.2950,3.000000,3.000000,3.000000,3.000000,3.000000,97.000000,97.000000,97.000000,97.000000,97.000000,5.0,71.4750,67.3132,405.0250,409.1868,PENDING_AG03,FALSE,NOT_FOR_ENFORCEMENT,462.2050,18163.2500,476.5000,462.2050,14.2950,0.02340373,0.02270162,14.2950,462.2050,0.02270162,14.2950,14.2950,14.2950,14.2950,14.2950,462.2050,0.02270162,71.4750,67.3132,405.0250,409.1868,0.01989317,0.02009758,0.00070211,83.1020,77.6971,1.9772,238.2500,6.5274,10180.0000,120.5000,,83.1020,40.0,60.0,102.5,140.0,180.0,290.5,60.0,0.0,3.0,4.841667,1.385034,25,51,3,3,0E-8,0.02340373,,0E-8,0.000000,0.919695,0.191837,,2026-04-10,2026-04-11,2,73,37,2,1.000000,,,0.000000,,,,,,,,GLOBAL_BASELINE_NO_ENTITY_RANKING,,,NOT_APPLICABLE_GLOBAL_BASELINE,HF9g-P5,,,,X 全窗基线 · 不参与实体赏罚,8391381,840,A168_HF9F_20260827_0900,2026-08-27 09:00:00
2026-04-10,148462500,2147,0,60.0000000000,-60.0000000000,-60.0000000000,0E-7,1,1,0.50665070000000000,0.506650700000,-1.013391052207602,-1.013391052207602,-1.013391052207602,0E-17,ELIGIBLE,R03b_20260811_FULL_v1,L1_ELIGIBILITY,v2026-08-11,2026-03-21..2026-08-06,baccarat_bet02_101_all_pairs_incl_sentinel,round_win = game_pnl > 0 (decisive only),COMPATIBILITY_ONLY_NOT_PRODUCTION,20360.0000,18725.0000,476.5000,245,241,-0.02340373,,-0.02340373,-0.02340373,-476.5000,20360.0000,OK,0.0000,14.2950,3.0000,97.0000,AG03-UNRESOLVED,ALL5_LEVELS_bet23_to_bet27,14.2950,14.2950,14.2950,14.2950,14.2950,3.000000,3.000000,3.000000,3.000000,3.000000,97.000000,97.000000,97.000000,97.000000,97.000000,5.0,71.4750,67.3132,405.0250,409.1868,PENDING_AG03,FALSE,NOT_FOR_ENFORCEMENT,462.2050,18163.2500,476.5000,462.2050,14.2950,0.02340373,0.02270162,14.2950,462.2050,0.02270162,14.2950,14.2950,14.2950,14.2950,14.2950,462.2050,0.02270162,71.4750,67.3132,405.0250,409.1868,0.01989317,0.02009758,0.00070211,83.1020,77.6971,1.9772,238.2500,6.5274,10180.0000,120.5000,,83.1020,40.0,60.0,102.5,140.0,180.0,290.5,60.0,0.0,3.0,4.841667,1.385034,25,51,3,3,0E-8,0.02340373,,0E-8,0.000000,0.919695,0.191837,,2026-04-10,2026-04-11,2,73,37,2,1.000000,,,0.000000,,,,,,,,GLOBAL_BASELINE_NO_ENTITY_RANKING,,,NOT_APPLICABLE_GLOBAL_BASELINE,HF9g-P5,,,,X 全窗基线 · 不参与实体赏罚,8391382,840,A168_HF9F_20260827_0900,2026-08-27 09:00:00
2026-04-10,148462500,2152,0,40.0000000000,-40.0000000000,-40.0000000000,0E-7,1,1,0.50665070000000000,0.506650700000,-1.013391052207602,-1.013391052207602,-1.013391052207602,0E-17,ELIGIBLE,R03b_20260811_FULL_v1,L1_ELIGIBILITY,v2026-08-11,2026-03-21..2026-08-06,baccarat_bet02_101_all_pairs_incl_sentinel,round_win = game_pnl > 0 (decisive only),COMPATIBILITY_ONLY_NOT_PRODUCTION,20360.0000,18725.0000,476.5000,245,241,-0.02340373,,-0.02340373,-0.02340373,-476.5000,20360.0000,OK,0.0000,14.2950,3.0000,97.0000,AG03-UNRESOLVED,ALL5_LEVELS_bet23_to_bet27,14.2950,14.2950,14.2950,14.2950,14.2950,3.000000,3.000000,3.000000,3.000000,3.000000,97.000000,97.000000,97.000000,97.000000,97.000000,5.0,71.4750,67.3132,405.0250,409.1868,PENDING_AG03,FALSE,NOT_FOR_ENFORCEMENT,462.2050,18163.2500,476.5000,462.2050,14.2950,0.02340373,0.02270162,14.2950,462.2050,0.02270162,14.2950,14.2950,14.2950,14.2950,14.2950,462.2050,0.02270162,71.4750,67.3132,405.0250,409.1868,0.01989317,0.02009758,0.00070211,83.1020,77.6971,1.9772,238.2500,6.5274,10180.0000,120.5000,,83.1020,40.0,60.0,102.5,140.0,180.0,290.5,60.0,0.0,3.0,4.841667,1.385034,25,51,3,3,0E-8,0.02340373,,0E-8,0.000000,0.919695,0.191837,,2026-04-10,2026-04-11,2,73,37,2,1.000000,,,0.000000,,,,,,,,GLOBAL_BASELINE_NO_ENTITY_RANKING,,,NOT_APPLICABLE_GLOBAL_BASELINE,HF9g-P5,,,,X 全窗基线 · 不参与实体赏罚,8391383,840,A168_HF9F_20260827_0900,2026-08-27 09:00:00
2026-04-10,148462500,2153,0,360.0000000000,-87.0000000000,-87.0000000000,0.4000000,5,5,0.50128862000000000,0.501288620000,-0.4529779837142727,-0.4529779837142727,-0.4529779837142727,0E-17,ELIGIBLE,R03b_20260811_FULL_v1,L1_ELIGIBILITY,v2026-08-11,2026-03-21..2026-08-06,baccarat_bet02_101_all_pairs_incl_sentinel,round_win = game_pnl > 0 (decisive only),COMPATIBILITY_ONLY_NOT_PRODUCTION,20360.0000,18725.0000,476.5000,245,241,-0.02340373,,-0.02340373,-0.02340373,-476.5000,20360.0000,OK,0.0000,14.2950,3.0000,97.0000,AG03-UNRESOLVED,ALL5_LEVELS_bet23_to_bet27,14.2950,14.2950,14.2950,14.2950,14.2950,3.000000,3.000000,3.000000,3.000000,3.000000,97.000000,97.000000,97.000000,97.000000,97.000000,5.0,71.4750,67.3132,405.0250,409.1868,PENDING_AG03,FALSE,NOT_FOR_ENFORCEMENT,462.2050,18163.2500,476.5000,462.2050,14.2950,0.02340373,0.02270162,14.2950,462.2050,0.02270162,14.2950,14.2950,14.2950,14.2950,14.2950,462.2050,0.02270162,71.4750,67.3132,405.0250,409.1868,0.01989317,0.02009758,0.00070211,83.1020,77.6971,1.9772,238.2500,6.5274,10180.0000,120.5000,,83.1020,40.0,60.0,102.5,140.0,180.0,290.5,60.0,0.0,3.0,4.841667,1.385034,25,51,3,3,0E-8,0.02340373,,0E-8,0.000000,0.919695,0.191837,,2026-04-10,2026-04-11,2,73,37,2,1.000000,,,0.000000,,,,,,,,GLOBAL_BASELINE_NO_ENTITY_RANKING,,,NOT_APPLICABLE_GLOBAL_BASELINE,HF9g-P5,,,,X 全窗基线 · 不参与实体赏罚,8391384,840,A168_HF9F_20260827_0900,2026-08-27 09:00:00
2026-04-10,148462500,2155,0,440.0000000000,380.0000000000,380.0000000000,1.0000000,3,3,0.49324550000000000,0.493245500000,1.4334489766152358,1.4334489766152358,1.4334489766152358,0E-17,ELIGIBLE,R03b_20260811_FULL_v1,L1_ELIGIBILITY,v2026-08-11,2026-03-21..2026-08-06,baccarat_bet02_101_all_pairs_incl_sentinel,round_win = game_pnl > 0 (decisive only),COMPATIBILITY_ONLY_NOT_PRODUCTION,20360.0000,18725.0000,476.5000,245,241,-0.02340373,,-0.02340373,-0.02340373,-476.5000,20360.0000,OK,0.0000,14.2950,3.0000,97.0000,AG03-UNRESOLVED,ALL5_LEVELS_bet23_to_bet27,14.2950,14.2950,14.2950,14.2950,14.2950,3.000000,3.000000,3.000000,3.000000,3.000000,97.000000,97.000000,97.000000,97.000000,97.000000,5.0,71.4750,67.3132,405.0250,409.1868,PENDING_AG03,FALSE,NOT_FOR_ENFORCEMENT,462.2050,18163.2500,476.5000,462.2050,14.2950,0.02340373,0.02270162,14.2950,462.2050,0.02270162,14.2950,14.2950,14.2950,14.2950,14.2950,462.2050,0.02270162,71.4750,67.3132,405.0250,409.1868,0.01989317,0.02009758,0.00070211,83.1020,77.6971,1.9772,238.2500,6.5274,10180.0000,120.5000,,83.1020,40.0,60.0,102.5,140.0,180.0,290.5,60.0,0.0,3.0,4.841667,1.385034,25,51,3,3,0E-8,0.02340373,,0E-8,0.000000,0.919695,0.191837,,2026-04-10,2026-04-11,2,73,37,2,1.000000,,,0.000000,,,,,,,,GLOBAL_BASELINE_NO_ENTITY_RANKING,,,NOT_APPLICABLE_GLOBAL_BASELINE,HF9g-P5,,,,X 全窗基线 · 不参与实体赏罚,8391385,840,A168_HF9F_20260827_0900,2026-08-27 09:00:00
2026-04-10,148462500,2156,0,80.0000000000,-80.0000000000,-80.0000000000,0E-7,1,1,0.49324550000000000,0.493245500000,-0.9865810262130424,-0.9865810262130424,-0.9865810262130424,0E-17,ELIGIBLE,R03b_20260811_FULL_v1,L1_ELIGIBILITY,v2026-08-11,2026-03-21..2026-08-06,baccarat_bet02_101_all_pairs_incl_sentinel,round_win = game_pnl > 0 (decisive only),COMPATIBILITY_ONLY_NOT_PRODUCTION,20360.0000,18725.0000,476.5000,245,241,-0.02340373,,-0.02340373,-0.02340373,-476.5000,20360.0000,OK,0.0000,14.2950,3.0000,97.0000,AG03-UNRESOLVED,ALL5_LEVELS_bet23_to_bet27,14.2950,14.2950,14.2950,14.2950,14.2950,3.000000,3.000000,3.000000,3.000000,3.000000,97.000000,97.000000,97.000000,97.000000,97.000000,5.0,71.4750,67.3132,405.0250,409.1868,PENDING_AG03,FALSE,NOT_FOR_ENFORCEMENT,462.2050,18163.2500,476.5000,462.2050,14.2950,0.02340373,0.02270162,14.2950,462.2050,0.02270162,14.2950,14.2950,14.2950,14.2950,14.2950,462.2050,0.02270162,71.4750,67.3132,405.0250,409.1868,0.01989317,0.02009758,0.00070211,83.1020,77.6971,1.9772,238.2500,6.5274,10180.0000,120.5000,,83.1020,40.0,60.0,102.5,140.0,180.0,290.5,60.0,0.0,3.0,4.841667,1.385034,25,51,3,3,0E-8,0.02340373,,0E-8,0.000000,0.919695,0.191837,,2026-04-10,2026-04-11,2,73,37,2,1.000000,,,0.000000,,,,,,,,GLOBAL_BASELINE_NO_ENTITY_RANKING,,,NOT_APPLICABLE_GLOBAL_BASELINE,HF9g-P5,,,,X 全窗基线 · 不参与实体赏罚,8391386,840,A168_HF9F_20260827_0900,2026-08-27 09:00:00
2026-04-10,148462500,2169,0,790.0000000000,146.0000000000,146.0000000000,0.5714286,7,7,0.49899058571428571,0.498990585714,0.38330657246501415,0.3833065724665265,0.38330657246501415,2.8571E-13,ELIGIBLE,R03b_20260811_FULL_v1,L1_ELIGIBILITY,v2026-08-11,2026-03-21..2026-08-06,baccarat_bet02_101_all_pairs_incl_sentinel,round_win = game_pnl > 0 (decisive only),COMPATIBILITY_ONLY_NOT_PRODUCTION,20360.0000,18725.0000,476.5000,245,241,-0.02340373,,-0.02340373,-0.02340373,-476.5000,20360.0000,OK,0.0000,14.2950,3.0000,97.0000,AG03-UNRESOLVED,ALL5_LEVELS_bet23_to_bet27,14.2950,14.2950,14.2950,14.2950,14.2950,3.000000,3.000000,3.000000,3.000000,3.000000,97.000000,97.000000,97.000000,97.000000,97.000000,5.0,71.4750,67.3132,405.0250,409.1868,PENDING_AG03,FALSE,NOT_FOR_ENFORCEMENT,462.2050,18163.2500,476.5000,462.2050,14.2950,0.02340373,0.02270162,14.2950,462.2050,0.02270162,14.2950,14.2950,14.2950,14.2950,14.2950,462.2050,0.02270162,71.4750,67.3132,405.0250,409.1868,0.01989317,0.02009758,0.00070211,83.1020,77.6971,1.9772,238.2500,6.5274,10180.0000,120.5000,,83.1020,40.0,60.0,102.5,140.0,180.0,290.5,60.0,0.0,3.0,4.841667,1.385034,25,51,3,3,0E-8,0.02340373,,0E-8,0.000000,0.919695,0.191837,,2026-04-10,2026-04-11,2,73,37,2,1.000000,,,0.000000,,,,,,,,GLOBAL_BASELINE_NO_ENTITY_RANKING,,,NOT_APPLICABLE_GLOBAL_BASELINE,HF9g-P5,,,,X 全窗基线 · 不参与实体赏罚,8391387,840,A168_HF9F_20260827_0900,2026-08-27 09:00:00
2026-04-10,148462500,2177,0,580.0000000000,-150.0000000000,-150.0000000000,0.3333333,7,7,0.50090561428571429,0.500905614286,-0.8209345132943034,-0.820934513295704,-0.8209345132943034,-2.8571E-13,ELIGIBLE,R03b_20260811_FULL_v1,L1_ELIGIBILITY,v2026-08-11,2026-03-21..2026-08-06,baccarat_bet02_101_all_pairs_incl_sentinel,round_win = game_pnl > 0 (decisive only),COMPATIBILITY_ONLY_NOT_PRODUCTION,20360.0000,18725.0000,476.5000,245,241,-0.02340373,,-0.02340373,-0.02340373,-476.5000,20360.0000,OK,0.0000,14.2950,3.0000,97.0000,AG03-UNRESOLVED,ALL5_LEVELS_bet23_to_bet27,14.2950,14.2950,14.2950,14.2950,14.2950,3.000000,3.000000,3.000000,3.000000,3.000000,97.000000,97.000000,97.000000,97.000000,97.000000,5.0,71.4750,67.3132,405.0250,409.1868,PENDING_AG03,FALSE,NOT_FOR_ENFORCEMENT,462.2050,18163.2500,476.5000,462.2050,14.2950,0.02340373,0.02270162,14.2950,462.2050,0.02270162,14.2950,14.2950,14.2950,14.2950,14.2950,462.2050,0.02270162,71.4750,67.3132,405.0250,409.1868,0.01989317,0.02009758,0.00070211,83.1020,77.6971,1.9772,238.2500,6.5274,10180.0000,120.5000,,83.1020,40.0,60.0,102.5,140.0,180.0,290.5,60.0,0.0,3.0,4.841667,1.385034,25,51,3,3,0E-8,0.02340373,,0E-8,0.000000,0.919695,0.191837,,2026-04-10,2026-04-11,2,73,37,2,1.000000,,,0.000000,,,,,,,,GLOBAL_BASELINE_NO_ENTITY_RANKING,,,NOT_APPLICABLE_GLOBAL_BASELINE,HF9g-P5,,,,X 全窗基线 · 不参与实体赏罚,8391388,840,A168_HF9F_20260827_0900,2026-08-27 09:00:00
2026-04-10,148462500,2222,0,270.0000000000,190.0000000000,190.0000000000,0.8000000,6,6,0.49324550000000000,0.493245500000,1.3719730223118614,1.3719730223118614,1.3719730223118614,0E-17,ELIGIBLE,R03b_20260811_FULL_v1,L1_ELIGIBILITY,v2026-08-11,2026-03-21..2026-08-06,baccarat_bet02_101_all_pairs_incl_sentinel,round_win = game_pnl > 0 (decisive only),COMPATIBILITY_ONLY_NOT_PRODUCTION,20360.0000,18725.0000,476.5000,245,241,-0.02340373,,-0.02340373,-0.02340373,-476.5000,20360.0000,OK,0.0000,14.2950,3.0000,97.0000,AG03-UNRESOLVED,ALL5_LEVELS_bet23_to_bet27,14.2950,14.2950,14.2950,14.2950,14.2950,3.000000,3.000000,3.000000,3.000000,3.000000,97.000000,97.000000,97.000000,97.000000,97.000000,5.0,71.4750,67.3132,405.0250,409.1868,PENDING_AG03,FALSE,NOT_FOR_ENFORCEMENT,462.2050,18163.2500,476.5000,462.2050,14.2950,0.02340373,0.02270162,14.2950,462.2050,0.02270162,14.2950,14.2950,14.2950,14.2950,14.2950,462.2050,0.02270162,71.4750,67.3132,405.0250,409.1868,0.01989317,0.02009758,0.00070211,83.1020,77.6971,1.9772,238.2500,6.5274,10180.0000,120.5000,,83.1020,40.0,60.0,102.5,140.0,180.0,290.5,60.0,0.0,3.0,4.841667,1.385034,25,51,3,3,0E-8,0.02340373,,0E-8,0.000000,0.919695,0.191837,,2026-04-10,2026-04-11,2,73,37,2,1.000000,,,0.000000,,,,,,,,GLOBAL_BASELINE_NO_ENTITY_RANKING,,,NOT_APPLICABLE_GLOBAL_BASELINE,HF9g-P5,,,,X 全窗基线 · 不参与实体赏罚,8391389,840,A168_HF9F_20260827_0900,2026-08-27 09:00:00
2026-04-10,148462500,2232,0,350.0000000000,104.0000000000,104.0000000000,0.5000000,4,4,0.49994810000000000,0.499948100000,0.00020760000111838688,0.00020760000111838688,0.00020760000111838688,0E-17,ELIGIBLE,R03b_20260811_FULL_v1,L1_ELIGIBILITY,v2026-08-11,2026-03-21..2026-08-06,baccarat_bet02_101_all_pairs_incl_sentinel,round_win = game_pnl > 0 (decisive only),COMPATIBILITY_ONLY_NOT_PRODUCTION,20360.0000,18725.0000,476.5000,245,241,-0.02340373,,-0.02340373,-0.02340373,-476.5000,20360.0000,OK,0.0000,14.2950,3.0000,97.0000,AG03-UNRESOLVED,ALL5_LEVELS_bet23_to_bet27,14.2950,14.2950,14.2950,14.2950,14.2950,3.000000,3.000000,3.000000,3.000000,3.000000,97.000000,97.000000,97.000000,97.000000,97.000000,5.0,71.4750,67.3132,405.0250,409.1868,PENDING_AG03,FALSE,NOT_FOR_ENFORCEMENT,462.2050,18163.2500,476.5000,462.2050,14.2950,0.02340373,0.02270162,14.2950,462.2050,0.02270162,14.2950,14.2950,14.2950,14.2950,14.2950,462.2050,0.02270162,71.4750,67.3132,405.0250,409.1868,0.01989317,0.02009758,0.00070211,83.1020,77.6971,1.9772,238.2500,6.5274,10180.0000,120.5000,,83.1020,40.0,60.0,102.5,140.0,180.0,290.5,60.0,0.0,3.0,4.841667,1.385034,25,51,3,3,0E-8,0.02340373,,0E-8,0.000000,0.919695,0.191837,,2026-04-10,2026-04-11,2,73,37,2,1.000000,,,0.000000,,,,,,,,GLOBAL_BASELINE_NO_ENTITY_RANKING,,,NOT_APPLICABLE_GLOBAL_BASELINE,HF9g-P5,,,,X 全窗基线 · 不参与实体赏罚,8391390,840,A168_HF9F_20260827_0900,2026-08-27 09:00:00
2026-04-10,148462500,2242,0,470.0000000000,282.5000000000,282.5000000000,0.8000000,6,6,0.49547970000000000,0.495479700000,1.3619118399891006,1.3619118399891006,1.3619118399891006,0E-17,ELIGIBLE,R03b_20260811_FULL_v1,L1_ELIGIBILITY,v2026-08-11,2026-03-21..2026-08-06,baccarat_bet02_101_all_pairs_incl_sentinel,round_win = game_pnl > 0 (decisive only),COMPATIBILITY_ONLY_NOT_PRODUCTION,20360.0000,18725.0000,476.5000,245,241,-0.02340373,,-0.02340373,-0.02340373,-476.5000,20360.0000,OK,0.0000,14.2950,3.0000,97.0000,AG03-UNRESOLVED,ALL5_LEVELS_bet23_to_bet27,14.2950,14.2950,14.2950,14.2950,14.2950,3.000000,3.000000,3.000000,3.000000,3.000000,97.000000,97.000000,97.000000,97.000000,97.000000,5.0,71.4750,67.3132,405.0250,409.1868,PENDING_AG03,FALSE,NOT_FOR_ENFORCEMENT,462.2050,18163.2500,476.5000,462.2050,14.2950,0.02340373,0.02270162,14.2950,462.2050,0.02270162,14.2950,14.2950,14.2950,14.2950,14.2950,462.2050,0.02270162,71.4750,67.3132,405.0250,409.1868,0.01989317,0.02009758,0.00070211,83.1020,77.6971,1.9772,238.2500,6.5274,10180.0000,120.5000,,83.1020,40.0,60.0,102.5,140.0,180.0,290.5,60.0,0.0,3.0,4.841667,1.385034,25,51,3,3,0E-8,0.02340373,,0E-8,0.000000,0.919695,0.191837,,2026-04-10,2026-04-11,2,73,37,2,1.000000,,,0.000000,,,,,,,,GLOBAL_BASELINE_NO_ENTITY_RANKING,,,NOT_APPLICABLE_GLOBAL_BASELINE,HF9g-P5,,,,X 全窗基线 · 不参与实体赏罚,8391391,840,A168_HF9F_20260827_0900,2026-08-27 09:00:00
2026-04-10,148462500,2244,0,200.0000000000,-83.0000000000,-83.0000000000,0.3333333,3,3,0.50665070000000000,0.506650700000,-0.6004420894325239,-0.6004420894325239,-0.6004420894325239,0E-17,ELIGIBLE,R03b_20260811_FULL_v1,L1_ELIGIBILITY,v2026-08-11,2026-03-21..2026-08-06,baccarat_bet02_101_all_pairs_incl_sentinel,round_win = game_pnl > 0 (decisive only),COMPATIBILITY_ONLY_NOT_PRODUCTION,20360.0000,18725.0000,476.5000,245,241,-0.02340373,,-0.02340373,-0.02340373,-476.5000,20360.0000,OK,0.0000,14.2950,3.0000,97.0000,AG03-UNRESOLVED,ALL5_LEVELS_bet23_to_bet27,14.2950,14.2950,14.2950,14.2950,14.2950,3.000000,3.000000,3.000000,3.000000,3.000000,97.000000,97.000000,97.000000,97.000000,97.000000,5.0,71.4750,67.3132,405.0250,409.1868,PENDING_AG03,FALSE,NOT_FOR_ENFORCEMENT,462.2050,18163.2500,476.5000,462.2050,14.2950,0.02340373,0.02270162,14.2950,462.2050,0.02270162,14.2950,14.2950,14.2950,14.2950,14.2950,462.2050,0.02270162,71.4750,67.3132,405.0250,409.1868,0.01989317,0.02009758,0.00070211,83.1020,77.6971,1.9772,238.2500,6.5274,10180.0000,120.5000,,83.1020,40.0,60.0,102.5,140.0,180.0,290.5,60.0,0.0,3.0,4.841667,1.385034,25,51,3,3,0E-8,0.02340373,,0E-8,0.000000,0.919695,0.191837,,2026-04-10,2026-04-11,2,73,37,2,1.000000,,,0.000000,,,,,,,,GLOBAL_BASELINE_NO_ENTITY_RANKING,,,NOT_APPLICABLE_GLOBAL_BASELINE,HF9g-P5,,,,X 全窗基线 · 不参与实体赏罚,8391392,840,A168_HF9F_20260827_0900,2026-08-27 09:00:00
2026-04-10,148462500,2251,0,300.0000000000,-102.0000000000,-102.0000000000,0.3333333,4,4,0.50665070000000000,0.506650700000,-0.6004420894325239,-0.6004420894325239,-0.6004420894325239,0E-17,ELIGIBLE,R03b_20260811_FULL_v1,L1_ELIGIBILITY,v2026-08-11,2026-03-21..2026-08-06,baccarat_bet02_101_all_pairs_incl_sentinel,round_win = game_pnl > 0 (decisive only),COMPATIBILITY_ONLY_NOT_PRODUCTION,20360.0000,18725.0000,476.5000,245,241,-0.02340373,,-0.02340373,-0.02340373,-476.5000,20360.0000,OK,0.0000,14.2950,3.0000,97.0000,AG03-UNRESOLVED,ALL5_LEVELS_bet23_to_bet27,14.2950,14.2950,14.2950,14.2950,14.2950,3.000000,3.000000,3.000000,3.000000,3.000000,97.000000,97.000000,97.000000,97.000000,97.000000,5.0,71.4750,67.3132,405.0250,409.1868,PENDING_AG03,FALSE,NOT_FOR_ENFORCEMENT,462.2050,18163.2500,476.5000,462.2050,14.2950,0.02340373,0.02270162,14.2950,462.2050,0.02270162,14.2950,14.2950,14.2950,14.2950,14.2950,462.2050,0.02270162,71.4750,67.3132,405.0250,409.1868,0.01989317,0.02009758,0.00070211,83.1020,77.6971,1.9772,238.2500,6.5274,10180.0000,120.5000,,83.1020,40.0,60.0,102.5,140.0,180.0,290.5,60.0,0.0,3.0,4.841667,1.385034,25,51,3,3,0E-8,0.02340373,,0E-8,0.000000,0.919695,0.191837,,2026-04-10,2026-04-11,2,73,37,2,1.000000,,,0.000000,,,,,,,,GLOBAL_BASELINE_NO_ENTITY_RANKING,,,NOT_APPLICABLE_GLOBAL_BASELINE,HF9g-P5,,,,X 全窗基线 · 不参与实体赏罚,8391393,840,A168_HF9F_20260827_0900,2026-08-27 09:00:00
2026-04-10,148462500,2252,0,890.0000000000,31.0000000000,31.0000000000,0.6000000,6,6,0.50218230000000000,0.502182300000,0.4374582199563857,0.4374582199563857,0.4374582199563857,0E-17,ELIGIBLE,R03b_20260811_FULL_v1,L1_ELIGIBILITY,v2026-08-11,2026-03-21..2026-08-06,baccarat_bet02_101_all_pairs_incl_sentinel,round_win = game_pnl > 0 (decisive only),COMPATIBILITY_ONLY_NOT_PRODUCTION,20360.0000,18725.0000,476.5000,245,241,-0.02340373,,-0.02340373,-0.02340373,-476.5000,20360.0000,OK,0.0000,14.2950,3.0000,97.0000,AG03-UNRESOLVED,ALL5_LEVELS_bet23_to_bet27,14.2950,14.2950,14.2950,14.2950,14.2950,3.000000,3.000000,3.000000,3.000000,3.000000,97.000000,97.000000,97.000000,97.000000,97.000000,5.0,71.4750,67.3132,405.0250,409.1868,PENDING_AG03,FALSE,NOT_FOR_ENFORCEMENT,462.2050,18163.2500,476.5000,462.2050,14.2950,0.02340373,0.02270162,14.2950,462.2050,0.02270162,14.2950,14.2950,14.2950,14.2950,14.2950,462.2050,0.02270162,71.4750,67.3132,405.0250,409.1868,0.01989317,0.02009758,0.00070211,83.1020,77.6971,1.9772,238.2500,6.5274,10180.0000,120.5000,,83.1020,40.0,60.0,102.5,140.0,180.0,290.5,60.0,0.0,3.0,4.841667,1.385034,25,51,3,3,0E-8,0.02340373,,0E-8,0.000000,0.919695,0.191837,,2026-04-10,2026-04-11,2,73,37,2,1.000000,,,0.000000,,,,,,,,GLOBAL_BASELINE_NO_ENTITY_RANKING,,,NOT_APPLICABLE_GLOBAL_BASELINE,HF9g-P5,,,,X 全窗基线 · 不参与实体赏罚,8391394,840,A168_HF9F_20260827_0900,2026-08-27 09:00:00
2026-04-10,148462500,2258,0,250.0000000000,150.0000000000,150.0000000000,0.8333333,7,6,0.49380405000000000,0.494362600000,1.6634747196142166,1.660716228211545,1.6634747196142166,-0.00055855000000000,ELIGIBLE,R03b_20260811_FULL_v1,L1_ELIGIBILITY,v2026-08-11,2026-03-21..2026-08-06,baccarat_bet02_101_all_pairs_incl_sentinel,round_win = game_pnl > 0 (decisive only),COMPATIBILITY_ONLY_NOT_PRODUCTION,20360.0000,18725.0000,476.5000,245,241,-0.02340373,,-0.02340373,-0.02340373,-476.5000,20360.0000,OK,0.0000,14.2950,3.0000,97.0000,AG03-UNRESOLVED,ALL5_LEVELS_bet23_to_bet27,14.2950,14.2950,14.2950,14.2950,14.2950,3.000000,3.000000,3.000000,3.000000,3.000000,97.000000,97.000000,97.000000,97.000000,97.000000,5.0,71.4750,67.3132,405.0250,409.1868,PENDING_AG03,FALSE,NOT_FOR_ENFORCEMENT,462.2050,18163.2500,476.5000,462.2050,14.2950,0.02340373,0.02270162,14.2950,462.2050,0.02270162,14.2950,14.2950,14.2950,14.2950,14.2950,462.2050,0.02270162,71.4750,67.3132,405.0250,409.1868,0.01989317,0.02009758,0.00070211,83.1020,77.6971,1.9772,238.2500,6.5274,10180.0000,120.5000,,83.1020,40.0,60.0,102.5,140.0,180.0,290.5,60.0,0.0,3.0,4.841667,1.385034,25,51,3,3,0E-8,0.02340373,,0E-8,0.000000,0.919695,0.191837,,2026-04-10,2026-04-11,2,73,37,2,1.000000,,,0.000000,,,,,,,,GLOBAL_BASELINE_NO_ENTITY_RANKING,,,NOT_APPLICABLE_GLOBAL_BASELINE,HF9g-P5,,,,X 全窗基线 · 不参与实体赏罚,8391395,840,A168_HF9F_20260827_0900,2026-08-27 09:00:00
2026-04-10,148462500,471,0,100.0000000000,-100.0000000000,-100.0000000000,0E-7,1,1,0.49324550000000000,0.493245500000,-0.9865810262130424,-0.9865810262130424,-0.9865810262130424,0E-17,ELIGIBLE,R03b_20260811_FULL_v1,L1_ELIGIBILITY,v2026-08-11,2026-03-21..2026-08-06,baccarat_bet02_101_all_pairs_incl_sentinel,round_win = game_pnl > 0 (decisive only),COMPATIBILITY_ONLY_NOT_PRODUCTION,20360.0000,18725.0000,476.5000,245,241,-0.02340373,,-0.02340373,-0.02340373,-476.5000,20360.0000,OK,0.0000,14.2950,3.0000,97.0000,AG03-UNRESOLVED,ALL5_LEVELS_bet23_to_bet27,14.2950,14.2950,14.2950,14.2950,14.2950,3.000000,3.000000,3.000000,3.000000,3.000000,97.000000,97.000000,97.000000,97.000000,97.000000,5.0,71.4750,67.3132,405.0250,409.1868,PENDING_AG03,FALSE,NOT_FOR_ENFORCEMENT,462.2050,18163.2500,476.5000,462.2050,14.2950,0.02340373,0.02270162,14.2950,462.2050,0.02270162,14.2950,14.2950,14.2950,14.2950,14.2950,462.2050,0.02270162,71.4750,67.3132,405.0250,409.1868,0.01989317,0.02009758,0.00070211,83.1020,77.6971,1.9772,238.2500,6.5274,10180.0000,120.5000,,83.1020,40.0,60.0,102.5,140.0,180.0,290.5,60.0,0.0,3.0,4.841667,1.385034,25,51,3,3,0E-8,0.02340373,,0E-8,0.000000,0.919695,0.191837,,2026-04-10,2026-04-11,2,73,37,2,1.000000,,,0.000000,,,,,,,,GLOBAL_BASELINE_NO_ENTITY_RANKING,,,NOT_APPLICABLE_GLOBAL_BASELINE,HF9g-P5,,,,X 全窗基线 · 不参与实体赏罚,8391396,840,A168_HF9F_20260827_0900,2026-08-27 09:00:00
2026-04-10,148462500,526,0,320.0000000000,70.0000000000,70.0000000000,0.6666667,3,3,0.50665070000000000,0.506650700000,0.5543606114942035,0.5543606114942035,0.5543606114942035,0E-17,ELIGIBLE,R03b_20260811_FULL_v1,L1_ELIGIBILITY,v2026-08-11,2026-03-21..2026-08-06,baccarat_bet02_101_all_pairs_incl_sentinel,round_win = game_pnl > 0 (decisive only),COMPATIBILITY_ONLY_NOT_PRODUCTION,20360.0000,18725.0000,476.5000,245,241,-0.02340373,,-0.02340373,-0.02340373,-476.5000,20360.0000,OK,0.0000,14.2950,3.0000,97.0000,AG03-UNRESOLVED,ALL5_LEVELS_bet23_to_bet27,14.2950,14.2950,14.2950,14.2950,14.2950,3.000000,3.000000,3.000000,3.000000,3.000000,97.000000,97.000000,97.000000,97.000000,97.000000,5.0,71.4750,67.3132,405.0250,409.1868,PENDING_AG03,FALSE,NOT_FOR_ENFORCEMENT,462.2050,18163.2500,476.5000,462.2050,14.2950,0.02340373,0.02270162,14.2950,462.2050,0.02270162,14.2950,14.2950,14.2950,14.2950,14.2950,462.2050,0.02270162,71.4750,67.3132,405.0250,409.1868,0.01989317,0.02009758,0.00070211,83.1020,77.6971,1.9772,238.2500,6.5274,10180.0000,120.5000,,83.1020,40.0,60.0,102.5,140.0,180.0,290.5,60.0,0.0,3.0,4.841667,1.385034,25,51,3,3,0E-8,0.02340373,,0E-8,0.000000,0.919695,0.191837,,2026-04-10,2026-04-11,2,73,37,2,1.000000,,,0.000000,,,,,,,,GLOBAL_BASELINE_NO_ENTITY_RANKING,,,NOT_APPLICABLE_GLOBAL_BASELINE,HF9g-P5,,,,X 全窗基线 · 不参与实体赏罚,8391397,840,A168_HF9F_20260827_0900,2026-08-27 09:00:00
2026-04-10,148462500,595,0,140.0000000000,60.0000000000,60.0000000000,0.6666667,3,3,0.49324550000000000,0.493245500000,0.6008033672792107,0.6008033672792106,0.6008033672792107,0E-17,ELIGIBLE,R03b_20260811_FULL_v1,L1_ELIGIBILITY,v2026-08-11,2026-03-21..2026-08-06,baccarat_bet02_101_all_pairs_incl_sentinel,round_win = game_pnl > 0 (decisive only),COMPATIBILITY_ONLY_NOT_PRODUCTION,20360.0000,18725.0000,476.5000,245,241,-0.02340373,,-0.02340373,-0.02340373,-476.5000,20360.0000,OK,0.0000,14.2950,3.0000,97.0000,AG03-UNRESOLVED,ALL5_LEVELS_bet23_to_bet27,14.2950,14.2950,14.2950,14.2950,14.2950,3.000000,3.000000,3.000000,3.000000,3.000000,97.000000,97.000000,97.000000,97.000000,97.000000,5.0,71.4750,67.3132,405.0250,409.1868,PENDING_AG03,FALSE,NOT_FOR_ENFORCEMENT,462.2050,18163.2500,476.5000,462.2050,14.2950,0.02340373,0.02270162,14.2950,462.2050,0.02270162,14.2950,14.2950,14.2950,14.2950,14.2950,462.2050,0.02270162,71.4750,67.3132,405.0250,409.1868,0.01989317,0.02009758,0.00070211,83.1020,77.6971,1.9772,238.2500,6.5274,10180.0000,120.5000,,83.1020,40.0,60.0,102.5,140.0,180.0,290.5,60.0,0.0,3.0,4.841667,1.385034,25,51,3,3,0E-8,0.02340373,,0E-8,0.000000,0.919695,0.191837,,2026-04-10,2026-04-11,2,73,37,2,1.000000,,,0.000000,,,,,,,,GLOBAL_BASELINE_NO_ENTITY_RANKING,,,NOT_APPLICABLE_GLOBAL_BASELINE,HF9g-P5,,,,X 全窗基线 · 不参与实体赏罚,8391398,840,A168_HF9F_20260827_0900,2026-08-27 09:00:00
2026-04-10,148462500,986,0,1030.0000000000,-367.0000000000,-367.0000000000,0.3750000,8,8,0.50162375000000000,0.501623750000,-0.7162958754040458,-0.7162958754040458,-0.7162958754040458,0E-17,ELIGIBLE,R03b_20260811_FULL_v1,L1_ELIGIBILITY,v2026-08-11,2026-03-21..2026-08-06,baccarat_bet02_101_all_pairs_incl_sentinel,round_win = game_pnl > 0 (decisive only),COMPATIBILITY_ONLY_NOT_PRODUCTION,20360.0000,18725.0000,476.5000,245,241,-0.02340373,,-0.02340373,-0.02340373,-476.5000,20360.0000,OK,0.0000,14.2950,3.0000,97.0000,AG03-UNRESOLVED,ALL5_LEVELS_bet23_to_bet27,14.2950,14.2950,14.2950,14.2950,14.2950,3.000000,3.000000,3.000000,3.000000,3.000000,97.000000,97.000000,97.000000,97.000000,97.000000,5.0,71.4750,67.3132,405.0250,409.1868,PENDING_AG03,FALSE,NOT_FOR_ENFORCEMENT,462.2050,18163.2500,476.5000,462.2050,14.2950,0.02340373,0.02270162,14.2950,462.2050,0.02270162,14.2950,14.2950,14.2950,14.2950,14.2950,462.2050,0.02270162,71.4750,67.3132,405.0250,409.1868,0.01989317,0.02009758,0.00070211,83.1020,77.6971,1.9772,238.2500,6.5274,10180.0000,120.5000,,83.1020,40.0,60.0,102.5,140.0,180.0,290.5,60.0,0.0,3.0,4.841667,1.385034,25,51,3,3,0E-8,0.02340373,,0E-8,0.000000,0.919695,0.191837,,2026-04-10,2026-04-11,2,73,37,2,1.000000,,,0.000000,,,,,,,,GLOBAL_BASELINE_NO_ENTITY_RANKING,,,NOT_APPLICABLE_GLOBAL_BASELINE,HF9g-P5,,,,X 全窗基线 · 不参与实体赏罚,8391399,840,A168_HF9F_20260827_0900,2026-08-27 09:00:00
2026-04-11,148462500,-1,1,120.0000000000,0E-10,0E-10,0.5000000,2,2,0.50665070000000000,0.506650700000,-0.018812684590367487,-0.018812684590367487,-0.018812684590367487,0E-17,SENTINEL_DEALER,R03b_20260811_FULL_v1,L1_ELIGIBILITY,v2026-08-11,2026-03-21..2026-08-06,baccarat_bet02_101_all_pairs_incl_sentinel,round_win = game_pnl > 0 (decisive only),COMPATIBILITY_ONLY_NOT_PRODUCTION,20360.0000,18725.0000,476.5000,245,241,-0.02340373,,-0.02340373,-0.02340373,-476.5000,20360.0000,OK,0.0000,14.2950,3.0000,97.0000,AG03-UNRESOLVED,ALL5_LEVELS_bet23_to_bet27,14.2950,14.2950,14.2950,14.2950,14.2950,3.000000,3.000000,3.000000,3.000000,3.000000,97.000000,97.000000,97.000000,97.000000,97.000000,5.0,71.4750,67.3132,405.0250,409.1868,PENDING_AG03,FALSE,NOT_FOR_ENFORCEMENT,462.2050,18163.2500,476.5000,462.2050,14.2950,0.02340373,0.02270162,14.2950,462.2050,0.02270162,14.2950,14.2950,14.2950,14.2950,14.2950,462.2050,0.02270162,71.4750,67.3132,405.0250,409.1868,0.01989317,0.02009758,0.00070211,83.1020,77.6971,1.9772,238.2500,6.5274,10180.0000,120.5000,,83.1020,40.0,60.0,102.5,140.0,180.0,290.5,60.0,0.0,3.0,4.841667,1.385034,25,51,3,3,0E-8,0.02340373,,0E-8,0.000000,0.919695,0.191837,,2026-04-10,2026-04-11,2,73,37,2,1.000000,,,0.000000,,,,,,,,GLOBAL_BASELINE_NO_ENTITY_RANKING,,,NOT_APPLICABLE_GLOBAL_BASELINE,HF9g-P5,,,,X 全窗基线 · 不参与实体赏罚,8391400,840,A168_HF9F_20260827_0900,2026-08-27 09:00:00
2026-04-11,148462500,1353,0,100.0000000000,100.0000000000,100.0000000000,1.0000000,3,3,0.49771390000000000,0.497713900000,1.739988277604938,1.739988277604938,1.739988277604938,0E-17,ELIGIBLE,R03b_20260811_FULL_v1,L1_ELIGIBILITY,v2026-08-11,2026-03-21..2026-08-06,baccarat_bet02_101_all_pairs_incl_sentinel,round_win = game_pnl > 0 (decisive only),COMPATIBILITY_ONLY_NOT_PRODUCTION,20360.0000,18725.0000,476.5000,245,241,-0.02340373,,-0.02340373,-0.02340373,-476.5000,20360.0000,OK,0.0000,14.2950,3.0000,97.0000,AG03-UNRESOLVED,ALL5_LEVELS_bet23_to_bet27,14.2950,14.2950,14.2950,14.2950,14.2950,3.000000,3.000000,3.000000,3.000000,3.000000,97.000000,97.000000,97.000000,97.000000,97.000000,5.0,71.4750,67.3132,405.0250,409.1868,PENDING_AG03,FALSE,NOT_FOR_ENFORCEMENT,462.2050,18163.2500,476.5000,462.2050,14.2950,0.02340373,0.02270162,14.2950,462.2050,0.02270162,14.2950,14.2950,14.2950,14.2950,14.2950,462.2050,0.02270162,71.4750,67.3132,405.0250,409.1868,0.01989317,0.02009758,0.00070211,83.1020,77.6971,1.9772,238.2500,6.5274,10180.0000,120.5000,,83.1020,40.0,60.0,102.5,140.0,180.0,290.5,60.0,0.0,3.0,4.841667,1.385034,25,51,3,3,0E-8,0.02340373,,0E-8,0.000000,0.919695,0.191837,,2026-04-10,2026-04-11,2,73,37,2,1.000000,,,0.000000,,,,,,,,GLOBAL_BASELINE_NO_ENTITY_RANKING,,,NOT_APPLICABLE_GLOBAL_BASELINE,HF9g-P5,,,,X 全窗基线 · 不参与实体赏罚,8391401,840,A168_HF9F_20260827_0900,2026-08-27 09:00:00
2026-04-11,148462500,1363,0,40.0000000000,-40.0000000000,-40.0000000000,0E-7,1,1,0.50665070000000000,0.506650700000,-1.013391052207602,-1.013391052207602,-1.013391052207602,0E-17,ELIGIBLE,R03b_20260811_FULL_v1,L1_ELIGIBILITY,v2026-08-11,2026-03-21..2026-08-06,baccarat_bet02_101_all_pairs_incl_sentinel,round_win = game_pnl > 0 (decisive only),COMPATIBILITY_ONLY_NOT_PRODUCTION,20360.0000,18725.0000,476.5000,245,241,-0.02340373,,-0.02340373,-0.02340373,-476.5000,20360.0000,OK,0.0000,14.2950,3.0000,97.0000,AG03-UNRESOLVED,ALL5_LEVELS_bet23_to_bet27,14.2950,14.2950,14.2950,14.2950,14.2950,3.000000,3.000000,3.000000,3.000000,3.000000,97.000000,97.000000,97.000000,97.000000,97.000000,5.0,71.4750,67.3132,405.0250,409.1868,PENDING_AG03,FALSE,NOT_FOR_ENFORCEMENT,462.2050,18163.2500,476.5000,462.2050,14.2950,0.02340373,0.02270162,14.2950,462.2050,0.02270162,14.2950,14.2950,14.2950,14.2950,14.2950,462.2050,0.02270162,71.4750,67.3132,405.0250,409.1868,0.01989317,0.02009758,0.00070211,83.1020,77.6971,1.9772,238.2500,6.5274,10180.0000,120.5000,,83.1020,40.0,60.0,102.5,140.0,180.0,290.5,60.0,0.0,3.0,4.841667,1.385034,25,51,3,3,0E-8,0.02340373,,0E-8,0.000000,0.919695,0.191837,,2026-04-10,2026-04-11,2,73,37,2,1.000000,,,0.000000,,,,,,,,GLOBAL_BASELINE_NO_ENTITY_RANKING,,,NOT_APPLICABLE_GLOBAL_BASELINE,HF9g-P5,,,,X 全窗基线 · 不参与实体赏罚,8391402,840,A168_HF9F_20260827_0900,2026-08-27 09:00:00
2026-04-11,148462500,1383,0,120.0000000000,0E-10,0E-10,0.5000000,2,2,0.50665070000000000,0.506650700000,-0.018812684590367487,-0.018812684590367487,-0.018812684590367487,0E-17,ELIGIBLE,R03b_20260811_FULL_v1,L1_ELIGIBILITY,v2026-08-11,2026-03-21..2026-08-06,baccarat_bet02_101_all_pairs_incl_sentinel,round_win = game_pnl > 0 (decisive only),COMPATIBILITY_ONLY_NOT_PRODUCTION,20360.0000,18725.0000,476.5000,245,241,-0.02340373,,-0.02340373,-0.02340373,-476.5000,20360.0000,OK,0.0000,14.2950,3.0000,97.0000,AG03-UNRESOLVED,ALL5_LEVELS_bet23_to_bet27,14.2950,14.2950,14.2950,14.2950,14.2950,3.000000,3.000000,3.000000,3.000000,3.000000,97.000000,97.000000,97.000000,97.000000,97.000000,5.0,71.4750,67.3132,405.0250,409.1868,PENDING_AG03,FALSE,NOT_FOR_ENFORCEMENT,462.2050,18163.2500,476.5000,462.2050,14.2950,0.02340373,0.02270162,14.2950,462.2050,0.02270162,14.2950,14.2950,14.2950,14.2950,14.2950,462.2050,0.02270162,71.4750,67.3132,405.0250,409.1868,0.01989317,0.02009758,0.00070211,83.1020,77.6971,1.9772,238.2500,6.5274,10180.0000,120.5000,,83.1020,40.0,60.0,102.5,140.0,180.0,290.5,60.0,0.0,3.0,4.841667,1.385034,25,51,3,3,0E-8,0.02340373,,0E-8,0.000000,0.919695,0.191837,,2026-04-10,2026-04-11,2,73,37,2,1.000000,,,0.000000,,,,,,,,GLOBAL_BASELINE_NO_ENTITY_RANKING,,,NOT_APPLICABLE_GLOBAL_BASELINE,HF9g-P5,,,,X 全窗基线 · 不参与实体赏罚,8391403,840,A168_HF9F_20260827_0900,2026-08-27 09:00:00
2026-04-11,148462500,1405,0,500.0000000000,-183.0000000000,-183.0000000000,0.4000000,5,5,0.49860758000000000,0.498607580000,-0.440988213962219,-0.440988213962219,-0.440988213962219,0E-17,ELIGIBLE,R03b_20260811_FULL_v1,L1_ELIGIBILITY,v2026-08-11,2026-03-21..2026-08-06,baccarat_bet02_101_all_pairs_incl_sentinel,round_win = game_pnl > 0 (decisive only),COMPATIBILITY_ONLY_NOT_PRODUCTION,20360.0000,18725.0000,476.5000,245,241,-0.02340373,,-0.02340373,-0.02340373,-476.5000,20360.0000,OK,0.0000,14.2950,3.0000,97.0000,AG03-UNRESOLVED,ALL5_LEVELS_bet23_to_bet27,14.2950,14.2950,14.2950,14.2950,14.2950,3.000000,3.000000,3.000000,3.000000,3.000000,97.000000,97.000000,97.000000,97.000000,97.000000,5.0,71.4750,67.3132,405.0250,409.1868,PENDING_AG03,FALSE,NOT_FOR_ENFORCEMENT,462.2050,18163.2500,476.5000,462.2050,14.2950,0.02340373,0.02270162,14.2950,462.2050,0.02270162,14.2950,14.2950,14.2950,14.2950,14.2950,462.2050,0.02270162,71.4750,67.3132,405.0250,409.1868,0.01989317,0.02009758,0.00070211,83.1020,77.6971,1.9772,238.2500,6.5274,10180.0000,120.5000,,83.1020,40.0,60.0,102.5,140.0,180.0,290.5,60.0,0.0,3.0,4.841667,1.385034,25,51,3,3,0E-8,0.02340373,,0E-8,0.000000,0.919695,0.191837,,2026-04-10,2026-04-11,2,73,37,2,1.000000,,,0.000000,,,,,,,,GLOBAL_BASELINE_NO_ENTITY_RANKING,,,NOT_APPLICABLE_GLOBAL_BASELINE,HF9g-P5,,,,X 全窗基线 · 不参与实体赏罚,8391404,840,A168_HF9F_20260827_0900,2026-08-27 09:00:00
2026-04-11,148462500,1509,0,30.0000000000,-30.0000000000,-30.0000000000,0E-7,1,1,0.50665070000000000,0.506650700000,-1.013391052207602,-1.013391052207602,-1.013391052207602,0E-17,ELIGIBLE,R03b_20260811_FULL_v1,L1_ELIGIBILITY,v2026-08-11,2026-03-21..2026-08-06,baccarat_bet02_101_all_pairs_incl_sentinel,round_win = game_pnl > 0 (decisive only),COMPATIBILITY_ONLY_NOT_PRODUCTION,20360.0000,18725.0000,476.5000,245,241,-0.02340373,,-0.02340373,-0.02340373,-476.5000,20360.0000,OK,0.0000,14.2950,3.0000,97.0000,AG03-UNRESOLVED,ALL5_LEVELS_bet23_to_bet27,14.2950,14.2950,14.2950,14.2950,14.2950,3.000000,3.000000,3.000000,3.000000,3.000000,97.000000,97.000000,97.000000,97.000000,97.000000,5.0,71.4750,67.3132,405.0250,409.1868,PENDING_AG03,FALSE,NOT_FOR_ENFORCEMENT,462.2050,18163.2500,476.5000,462.2050,14.2950,0.02340373,0.02270162,14.2950,462.2050,0.02270162,14.2950,14.2950,14.2950,14.2950,14.2950,462.2050,0.02270162,71.4750,67.3132,405.0250,409.1868,0.01989317,0.02009758,0.00070211,83.1020,77.6971,1.9772,238.2500,6.5274,10180.0000,120.5000,,83.1020,40.0,60.0,102.5,140.0,180.0,290.5,60.0,0.0,3.0,4.841667,1.385034,25,51,3,3,0E-8,0.02340373,,0E-8,0.000000,0.919695,0.191837,,2026-04-10,2026-04-11,2,73,37,2,1.000000,,,0.000000,,,,,,,,GLOBAL_BASELINE_NO_ENTITY_RANKING,,,NOT_APPLICABLE_GLOBAL_BASELINE,HF9g-P5,,,,X 全窗基线 · 不参与实体赏罚,8391405,840,A168_HF9F_20260827_0900,2026-08-27 09:00:00
2026-04-11,148462500,1951,0,60.0000000000,0E-10,0E-10,,1,1,0.49324550000000000,0.493245500000,,,,0E-17,NO_DECISIVE_ROUND,R03b_20260811_FULL_v1,L1_ELIGIBILITY,v2026-08-11,2026-03-21..2026-08-06,baccarat_bet02_101_all_pairs_incl_sentinel,round_win = game_pnl > 0 (decisive only),COMPATIBILITY_ONLY_NOT_PRODUCTION,20360.0000,18725.0000,476.5000,245,241,-0.02340373,,-0.02340373,-0.02340373,-476.5000,20360.0000,OK,0.0000,14.2950,3.0000,97.0000,AG03-UNRESOLVED,ALL5_LEVELS_bet23_to_bet27,14.2950,14.2950,14.2950,14.2950,14.2950,3.000000,3.000000,3.000000,3.000000,3.000000,97.000000,97.000000,97.000000,97.000000,97.000000,5.0,71.4750,67.3132,405.0250,409.1868,PENDING_AG03,FALSE,NOT_FOR_ENFORCEMENT,462.2050,18163.2500,476.5000,462.2050,14.2950,0.02340373,0.02270162,14.2950,462.2050,0.02270162,14.2950,14.2950,14.2950,14.2950,14.2950,462.2050,0.02270162,71.4750,67.3132,405.0250,409.1868,0.01989317,0.02009758,0.00070211,83.1020,77.6971,1.9772,238.2500,6.5274,10180.0000,120.5000,,83.1020,40.0,60.0,102.5,140.0,180.0,290.5,60.0,0.0,3.0,4.841667,1.385034,25,51,3,3,0E-8,0.02340373,,0E-8,0.000000,0.919695,0.191837,,2026-04-10,2026-04-11,2,73,37,2,1.000000,,,0.000000,,,,,,,,GLOBAL_BASELINE_NO_ENTITY_RANKING,,,NOT_APPLICABLE_GLOBAL_BASELINE,HF9g-P5,,,,X 全窗基线 · 不参与实体赏罚,8391406,840,A168_HF9F_20260827_0900,2026-08-27 09:00:00
2026-04-11,148462500,2169,0,790.0000000000,210.0000000000,210.0000000000,0.4285714,7,7,0.49707555714285714,0.497075557143,-0.3624959764119633,-0.36249597641271863,-0.3624959764119633,-1.4286E-13,ELIGIBLE,R03b_20260811_FULL_v1,L1_ELIGIBILITY,v2026-08-11,2026-03-21..2026-08-06,baccarat_bet02_101_all_pairs_incl_sentinel,round_win = game_pnl > 0 (decisive only),COMPATIBILITY_ONLY_NOT_PRODUCTION,20360.0000,18725.0000,476.5000,245,241,-0.02340373,,-0.02340373,-0.02340373,-476.5000,20360.0000,OK,0.0000,14.2950,3.0000,97.0000,AG03-UNRESOLVED,ALL5_LEVELS_bet23_to_bet27,14.2950,14.2950,14.2950,14.2950,14.2950,3.000000,3.000000,3.000000,3.000000,3.000000,97.000000,97.000000,97.000000,97.000000,97.000000,5.0,71.4750,67.3132,405.0250,409.1868,PENDING_AG03,FALSE,NOT_FOR_ENFORCEMENT,462.2050,18163.2500,476.5000,462.2050,14.2950,0.02340373,0.02270162,14.2950,462.2050,0.02270162,14.2950,14.2950,14.2950,14.2950,14.2950,462.2050,0.02270162,71.4750,67.3132,405.0250,409.1868,0.01989317,0.02009758,0.00070211,83.1020,77.6971,1.9772,238.2500,6.5274,10180.0000,120.5000,,83.1020,40.0,60.0,102.5,140.0,180.0,290.5,60.0,0.0,3.0,4.841667,1.385034,25,51,3,3,0E-8,0.02340373,,0E-8,0.000000,0.919695,0.191837,,2026-04-10,2026-04-11,2,73,37,2,1.000000,,,0.000000,,,,,,,,GLOBAL_BASELINE_NO_ENTITY_RANKING,,,NOT_APPLICABLE_GLOBAL_BASELINE,HF9g-P5,,,,X 全窗基线 · 不参与实体赏罚,8391407,840,A168_HF9F_20260827_0900,2026-08-27 09:00:00
2026-04-11,148462500,2174,0,1151.0000000000,-71.0000000000,-71.0000000000,0.6153846,15,15,0.49592654000000000,0.495926540000,0.8614530209208638,0.861453020920864,0.8614530209208638,0E-17,ELIGIBLE,R03b_20260811_FULL_v1,L1_ELIGIBILITY,v2026-08-11,2026-03-21..2026-08-06,baccarat_bet02_101_all_pairs_incl_sentinel,round_win = game_pnl > 0 (decisive only),COMPATIBILITY_ONLY_NOT_PRODUCTION,20360.0000,18725.0000,476.5000,245,241,-0.02340373,,-0.02340373,-0.02340373,-476.5000,20360.0000,OK,0.0000,14.2950,3.0000,97.0000,AG03-UNRESOLVED,ALL5_LEVELS_bet23_to_bet27,14.2950,14.2950,14.2950,14.2950,14.2950,3.000000,3.000000,3.000000,3.000000,3.000000,97.000000,97.000000,97.000000,97.000000,97.000000,5.0,71.4750,67.3132,405.0250,409.1868,PENDING_AG03,FALSE,NOT_FOR_ENFORCEMENT,462.2050,18163.2500,476.5000,462.2050,14.2950,0.02340373,0.02270162,14.2950,462.2050,0.02270162,14.2950,14.2950,14.2950,14.2950,14.2950,462.2050,0.02270162,71.4750,67.3132,405.0250,409.1868,0.01989317,0.02009758,0.00070211,83.1020,77.6971,1.9772,238.2500,6.5274,10180.0000,120.5000,,83.1020,40.0,60.0,102.5,140.0,180.0,290.5,60.0,0.0,3.0,4.841667,1.385034,25,51,3,3,0E-8,0.02340373,,0E-8,0.000000,0.919695,0.191837,,2026-04-10,2026-04-11,2,73,37,2,1.000000,,,0.000000,,,,,,,,GLOBAL_BASELINE_NO_ENTITY_RANKING,,,NOT_APPLICABLE_GLOBAL_BASELINE,HF9g-P5,,,,X 全窗基线 · 不参与实体赏罚,8391408,840,A168_HF9F_20260827_0900,2026-08-27 09:00:00
2026-04-11,148462500,2177,0,60.0000000000,-60.0000000000,-60.0000000000,0E-7,1,1,0.50665070000000000,0.506650700000,-1.013391052207602,-1.013391052207602,-1.013391052207602,0E-17,ELIGIBLE,R03b_20260811_FULL_v1,L1_ELIGIBILITY,v2026-08-11,2026-03-21..2026-08-06,baccarat_bet02_101_all_pairs_incl_sentinel,round_win = game_pnl > 0 (decisive only),COMPATIBILITY_ONLY_NOT_PRODUCTION,20360.0000,18725.0000,476.5000,245,241,-0.02340373,,-0.02340373,-0.02340373,-476.5000,20360.0000,OK,0.0000,14.2950,3.0000,97.0000,AG03-UNRESOLVED,ALL5_LEVELS_bet23_to_bet27,14.2950,14.2950,14.2950,14.2950,14.2950,3.000000,3.000000,3.000000,3.000000,3.000000,97.000000,97.000000,97.000000,97.000000,97.000000,5.0,71.4750,67.3132,405.0250,409.1868,PENDING_AG03,FALSE,NOT_FOR_ENFORCEMENT,462.2050,18163.2500,476.5000,462.2050,14.2950,0.02340373,0.02270162,14.2950,462.2050,0.02270162,14.2950,14.2950,14.2950,14.2950,14.2950,462.2050,0.02270162,71.4750,67.3132,405.0250,409.1868,0.01989317,0.02009758,0.00070211,83.1020,77.6971,1.9772,238.2500,6.5274,10180.0000,120.5000,,83.1020,40.0,60.0,102.5,140.0,180.0,290.5,60.0,0.0,3.0,4.841667,1.385034,25,51,3,3,0E-8,0.02340373,,0E-8,0.000000,0.919695,0.191837,,2026-04-10,2026-04-11,2,73,37,2,1.000000,,,0.000000,,,,,,,,GLOBAL_BASELINE_NO_ENTITY_RANKING,,,NOT_APPLICABLE_GLOBAL_BASELINE,HF9g-P5,,,,X 全窗基线 · 不参与实体赏罚,8391409,840,A168_HF9F_20260827_0900,2026-08-27 09:00:00
2026-04-11,148462500,2196,0,170.0000000000,-30.0000000000,-30.0000000000,0E-7,3,3,0.49324550000000000,0.493245500000,-0.9865810262130424,-0.9865810262130424,-0.9865810262130424,0E-17,ELIGIBLE,R03b_20260811_FULL_v1,L1_ELIGIBILITY,v2026-08-11,2026-03-21..2026-08-06,baccarat_bet02_101_all_pairs_incl_sentinel,round_win = game_pnl > 0 (decisive only),COMPATIBILITY_ONLY_NOT_PRODUCTION,20360.0000,18725.0000,476.5000,245,241,-0.02340373,,-0.02340373,-0.02340373,-476.5000,20360.0000,OK,0.0000,14.2950,3.0000,97.0000,AG03-UNRESOLVED,ALL5_LEVELS_bet23_to_bet27,14.2950,14.2950,14.2950,14.2950,14.2950,3.000000,3.000000,3.000000,3.000000,3.000000,97.000000,97.000000,97.000000,97.000000,97.000000,5.0,71.4750,67.3132,405.0250,409.1868,PENDING_AG03,FALSE,NOT_FOR_ENFORCEMENT,462.2050,18163.2500,476.5000,462.2050,14.2950,0.02340373,0.02270162,14.2950,462.2050,0.02270162,14.2950,14.2950,14.2950,14.2950,14.2950,462.2050,0.02270162,71.4750,67.3132,405.0250,409.1868,0.01989317,0.02009758,0.00070211,83.1020,77.6971,1.9772,238.2500,6.5274,10180.0000,120.5000,,83.1020,40.0,60.0,102.5,140.0,180.0,290.5,60.0,0.0,3.0,4.841667,1.385034,25,51,3,3,0E-8,0.02340373,,0E-8,0.000000,0.919695,0.191837,,2026-04-10,2026-04-11,2,73,37,2,1.000000,,,0.000000,,,,,,,,GLOBAL_BASELINE_NO_ENTITY_RANKING,,,NOT_APPLICABLE_GLOBAL_BASELINE,HF9g-P5,,,,X 全窗基线 · 不参与实体赏罚,8391410,840,A168_HF9F_20260827_0900,2026-08-27 09:00:00
2026-04-11,148462500,2201,0,120.0000000000,40.0000000000,40.0000000000,1.0000000,2,2,0.50665070000000000,0.506650700000,0.9867858985152569,0.9867858985152569,0.9867858985152569,0E-17,ELIGIBLE,R03b_20260811_FULL_v1,L1_ELIGIBILITY,v2026-08-11,2026-03-21..2026-08-06,baccarat_bet02_101_all_pairs_incl_sentinel,round_win = game_pnl > 0 (decisive only),COMPATIBILITY_ONLY_NOT_PRODUCTION,20360.0000,18725.0000,476.5000,245,241,-0.02340373,,-0.02340373,-0.02340373,-476.5000,20360.0000,OK,0.0000,14.2950,3.0000,97.0000,AG03-UNRESOLVED,ALL5_LEVELS_bet23_to_bet27,14.2950,14.2950,14.2950,14.2950,14.2950,3.000000,3.000000,3.000000,3.000000,3.000000,97.000000,97.000000,97.000000,97.000000,97.000000,5.0,71.4750,67.3132,405.0250,409.1868,PENDING_AG03,FALSE,NOT_FOR_ENFORCEMENT,462.2050,18163.2500,476.5000,462.2050,14.2950,0.02340373,0.02270162,14.2950,462.2050,0.02270162,14.2950,14.2950,14.2950,14.2950,14.2950,462.2050,0.02270162,71.4750,67.3132,405.0250,409.1868,0.01989317,0.02009758,0.00070211,83.1020,77.6971,1.9772,238.2500,6.5274,10180.0000,120.5000,,83.1020,40.0,60.0,102.5,140.0,180.0,290.5,60.0,0.0,3.0,4.841667,1.385034,25,51,3,3,0E-8,0.02340373,,0E-8,0.000000,0.919695,0.191837,,2026-04-10,2026-04-11,2,73,37,2,1.000000,,,0.000000,,,,,,,,GLOBAL_BASELINE_NO_ENTITY_RANKING,,,NOT_APPLICABLE_GLOBAL_BASELINE,HF9g-P5,,,,X 全窗基线 · 不参与实体赏罚,8391411,840,A168_HF9F_20260827_0900,2026-08-27 09:00:00
2026-04-11,148462500,2205,0,230.0000000000,195.0000000000,195.0000000000,1.0000000,7,7,0.50665070000000000,0.506650700000,2.6107900847367906,2.6107900847367906,2.6107900847367906,0E-17,ELIGIBLE,R03b_20260811_FULL_v1,L1_ELIGIBILITY,v2026-08-11,2026-03-21..2026-08-06,baccarat_bet02_101_all_pairs_incl_sentinel,round_win = game_pnl > 0 (decisive only),COMPATIBILITY_ONLY_NOT_PRODUCTION,20360.0000,18725.0000,476.5000,245,241,-0.02340373,,-0.02340373,-0.02340373,-476.5000,20360.0000,OK,0.0000,14.2950,3.0000,97.0000,AG03-UNRESOLVED,ALL5_LEVELS_bet23_to_bet27,14.2950,14.2950,14.2950,14.2950,14.2950,3.000000,3.000000,3.000000,3.000000,3.000000,97.000000,97.000000,97.000000,97.000000,97.000000,5.0,71.4750,67.3132,405.0250,409.1868,PENDING_AG03,FALSE,NOT_FOR_ENFORCEMENT,462.2050,18163.2500,476.5000,462.2050,14.2950,0.02340373,0.02270162,14.2950,462.2050,0.02270162,14.2950,14.2950,14.2950,14.2950,14.2950,462.2050,0.02270162,71.4750,67.3132,405.0250,409.1868,0.01989317,0.02009758,0.00070211,83.1020,77.6971,1.9772,238.2500,6.5274,10180.0000,120.5000,,83.1020,40.0,60.0,102.5,140.0,180.0,290.5,60.0,0.0,3.0,4.841667,1.385034,25,51,3,3,0E-8,0.02340373,,0E-8,0.000000,0.919695,0.191837,,2026-04-10,2026-04-11,2,73,37,2,1.000000,,,0.000000,,,,,,,,GLOBAL_BASELINE_NO_ENTITY_RANKING,,,NOT_APPLICABLE_GLOBAL_BASELINE,HF9g-P5,,,,X 全窗基线 · 不参与实体赏罚,8391412,840,A168_HF9F_20260827_0900,2026-08-27 09:00:00
2026-04-11,148462500,2251,0,460.0000000000,-240.0000000000,-240.0000000000,0E-7,3,3,0.49324550000000000,0.493245500000,-1.3952362676504506,-1.3952362676504506,-1.3952362676504506,0E-17,ELIGIBLE,R03b_20260811_FULL_v1,L1_ELIGIBILITY,v2026-08-11,2026-03-21..2026-08-06,baccarat_bet02_101_all_pairs_incl_sentinel,round_win = game_pnl > 0 (decisive only),COMPATIBILITY_ONLY_NOT_PRODUCTION,20360.0000,18725.0000,476.5000,245,241,-0.02340373,,-0.02340373,-0.02340373,-476.5000,20360.0000,OK,0.0000,14.2950,3.0000,97.0000,AG03-UNRESOLVED,ALL5_LEVELS_bet23_to_bet27,14.2950,14.2950,14.2950,14.2950,14.2950,3.000000,3.000000,3.000000,3.000000,3.000000,97.000000,97.000000,97.000000,97.000000,97.000000,5.0,71.4750,67.3132,405.0250,409.1868,PENDING_AG03,FALSE,NOT_FOR_ENFORCEMENT,462.2050,18163.2500,476.5000,462.2050,14.2950,0.02340373,0.02270162,14.2950,462.2050,0.02270162,14.2950,14.2950,14.2950,14.2950,14.2950,462.2050,0.02270162,71.4750,67.3132,405.0250,409.1868,0.01989317,0.02009758,0.00070211,83.1020,77.6971,1.9772,238.2500,6.5274,10180.0000,120.5000,,83.1020,40.0,60.0,102.5,140.0,180.0,290.5,60.0,0.0,3.0,4.841667,1.385034,25,51,3,3,0E-8,0.02340373,,0E-8,0.000000,0.919695,0.191837,,2026-04-10,2026-04-11,2,73,37,2,1.000000,,,0.000000,,,,,,,,GLOBAL_BASELINE_NO_ENTITY_RANKING,,,NOT_APPLICABLE_GLOBAL_BASELINE,HF9g-P5,,,,X 全窗基线 · 不参与实体赏罚,8391413,840,A168_HF9F_20260827_0900,2026-08-27 09:00:00
2026-04-11,148462500,948,0,140.0000000000,60.0000000000,60.0000000000,0.6666667,3,3,0.49771390000000000,0.497713900000,0.5852756695216578,0.5852756695216578,0.5852756695216578,0E-17,ELIGIBLE,R03b_20260811_FULL_v1,L1_ELIGIBILITY,v2026-08-11,2026-03-21..2026-08-06,baccarat_bet02_101_all_pairs_incl_sentinel,round_win = game_pnl > 0 (decisive only),COMPATIBILITY_ONLY_NOT_PRODUCTION,20360.0000,18725.0000,476.5000,245,241,-0.02340373,,-0.02340373,-0.02340373,-476.5000,20360.0000,OK,0.0000,14.2950,3.0000,97.0000,AG03-UNRESOLVED,ALL5_LEVELS_bet23_to_bet27,14.2950,14.2950,14.2950,14.2950,14.2950,3.000000,3.000000,3.000000,3.000000,3.000000,97.000000,97.000000,97.000000,97.000000,97.000000,5.0,71.4750,67.3132,405.0250,409.1868,PENDING_AG03,FALSE,NOT_FOR_ENFORCEMENT,462.2050,18163.2500,476.5000,462.2050,14.2950,0.02340373,0.02270162,14.2950,462.2050,0.02270162,14.2950,14.2950,14.2950,14.2950,14.2950,462.2050,0.02270162,71.4750,67.3132,405.0250,409.1868,0.01989317,0.02009758,0.00070211,83.1020,77.6971,1.9772,238.2500,6.5274,10180.0000,120.5000,,83.1020,40.0,60.0,102.5,140.0,180.0,290.5,60.0,0.0,3.0,4.841667,1.385034,25,51,3,3,0E-8,0.02340373,,0E-8,0.000000,0.919695,0.191837,,2026-04-10,2026-04-11,2,73,37,2,1.000000,,,0.000000,,,,,,,,GLOBAL_BASELINE_NO_ENTITY_RANKING,,,NOT_APPLICABLE_GLOBAL_BASELINE,HF9g-P5,,,,X 全窗基线 · 不参与实体赏罚,8391414,840,A168_HF9F_20260827_0900,2026-08-27 09:00:00
2026-04-11,148462500,970,0,480.0000000000,190.0000000000,190.0000000000,0.7000000,11,11,0.49568280909090909,0.495682809091,1.292263548469205,1.2922635484686278,1.292263548469205,-9.091E-14,ELIGIBLE,R03b_20260811_FULL_v1,L1_ELIGIBILITY,v2026-08-11,2026-03-21..2026-08-06,baccarat_bet02_101_all_pairs_incl_sentinel,round_win = game_pnl > 0 (decisive only),COMPATIBILITY_ONLY_NOT_PRODUCTION,20360.0000,18725.0000,476.5000,245,241,-0.02340373,,-0.02340373,-0.02340373,-476.5000,20360.0000,OK,0.0000,14.2950,3.0000,97.0000,AG03-UNRESOLVED,ALL5_LEVELS_bet23_to_bet27,14.2950,14.2950,14.2950,14.2950,14.2950,3.000000,3.000000,3.000000,3.000000,3.000000,97.000000,97.000000,97.000000,97.000000,97.000000,5.0,71.4750,67.3132,405.0250,409.1868,PENDING_AG03,FALSE,NOT_FOR_ENFORCEMENT,462.2050,18163.2500,476.5000,462.2050,14.2950,0.02340373,0.02270162,14.2950,462.2050,0.02270162,14.2950,14.2950,14.2950,14.2950,14.2950,462.2050,0.02270162,71.4750,67.3132,405.0250,409.1868,0.01989317,0.02009758,0.00070211,83.1020,77.6971,1.9772,238.2500,6.5274,10180.0000,120.5000,,83.1020,40.0,60.0,102.5,140.0,180.0,290.5,60.0,0.0,3.0,4.841667,1.385034,25,51,3,3,0E-8,0.02340373,,0E-8,0.000000,0.919695,0.191837,,2026-04-10,2026-04-11,2,73,37,2,1.000000,,,0.000000,,,,,,,,GLOBAL_BASELINE_NO_ENTITY_RANKING,,,NOT_APPLICABLE_GLOBAL_BASELINE,HF9g-P5,,,,X 全窗基线 · 不参与实体赏罚,8391415,840,A168_HF9F_20260827_0900,2026-08-27 09:00:00
2026-05-16,136263660,-1,1,366.0000000000,-268.5000000000,-268.5000000000,0.3333333,6,6,0.50218230000000000,0.502182300000,-0.8271955028234007,-0.8271955028234007,-0.8271955028234007,0E-17,SENTINEL_DEALER,R03b_20260811_FULL_v1,L1_ELIGIBILITY,v2026-08-11,2026-03-21..2026-08-06,baccarat_bet02_101_all_pairs_incl_sentinel,round_win = game_pnl > 0 (decisive only),COMPATIBILITY_ONLY_NOT_PRODUCTION,1319.0000,1319.0000,476.5000,32,21,-0.36125853,,-0.36125853,-0.36125853,-476.5000,1319.0000,OK,0.0000,14.2950,3.0000,97.0000,AG03-UNRESOLVED,ALL5_LEVELS_bet23_to_bet27,14.2950,14.2950,14.2950,14.2950,14.2950,3.000000,3.000000,3.000000,3.000000,3.000000,97.000000,97.000000,97.000000,97.000000,97.000000,5.0,71.4750,67.3132,405.0250,409.1868,PENDING_AG03,FALSE,NOT_FOR_ENFORCEMENT,462.2050,1279.4300,476.5000,462.2050,14.2950,0.36125853,0.35042077,14.2950,462.2050,0.35042077,14.2950,14.2950,14.2950,14.2950,14.2950,462.2050,0.35042077,71.4750,67.3132,405.0250,409.1868,0.30706975,0.31022499,0.01083776,41.2188,62.8095,22.6905,158.8333,47.6500,439.6667,7.0000,,41.2188,20.0,20.0,50.0,98.9,139.6,140.0,20.0,-20.0,6.98,7.0,2.060938,8,7,2,7,0E-8,0.36125853,,0E-8,0.000000,1.000000,0.000000,,2026-05-16,2026-05-24,3,10,10,9,0.333333,,,0.000000,,,,,,,,GLOBAL_BASELINE_NO_ENTITY_RANKING,,,NOT_APPLICABLE_GLOBAL_BASELINE,HF9g-P5,,,,X 全窗基线 · 不参与实体赏罚,8391416,840,A168_HF9F_20260827_0900,2026-08-27 09:00:00
2026-05-16,136263660,1399,0,120.0000000000,0E-10,0E-10,0.5000000,2,2,0.49994810000000000,0.499948100000,0.00014679536856514622,0.00014679536856514622,0.00014679536856514622,0E-17,ELIGIBLE,R03b_20260811_FULL_v1,L1_ELIGIBILITY,v2026-08-11,2026-03-21..2026-08-06,baccarat_bet02_101_all_pairs_incl_sentinel,round_win = game_pnl > 0 (decisive only),COMPATIBILITY_ONLY_NOT_PRODUCTION,1319.0000,1319.0000,476.5000,32,21,-0.36125853,,-0.36125853,-0.36125853,-476.5000,1319.0000,OK,0.0000,14.2950,3.0000,97.0000,AG03-UNRESOLVED,ALL5_LEVELS_bet23_to_bet27,14.2950,14.2950,14.2950,14.2950,14.2950,3.000000,3.000000,3.000000,3.000000,3.000000,97.000000,97.000000,97.000000,97.000000,97.000000,5.0,71.4750,67.3132,405.0250,409.1868,PENDING_AG03,FALSE,NOT_FOR_ENFORCEMENT,462.2050,1279.4300,476.5000,462.2050,14.2950,0.36125853,0.35042077,14.2950,462.2050,0.35042077,14.2950,14.2950,14.2950,14.2950,14.2950,462.2050,0.35042077,71.4750,67.3132,405.0250,409.1868,0.30706975,0.31022499,0.01083776,41.2188,62.8095,22.6905,158.8333,47.6500,439.6667,7.0000,,41.2188,20.0,20.0,50.0,98.9,139.6,140.0,20.0,-20.0,6.98,7.0,2.060938,8,7,2,7,0E-8,0.36125853,,0E-8,0.000000,1.000000,0.000000,,2026-05-16,2026-05-24,3,10,10,9,0.333333,,,0.000000,,,,,,,,GLOBAL_BASELINE_NO_ENTITY_RANKING,,,NOT_APPLICABLE_GLOBAL_BASELINE,HF9g-P5,,,,X 全窗基线 · 不参与实体赏罚,8391417,840,A168_HF9F_20260827_0900,2026-08-27 09:00:00
2026-05-16,136263660,1509,0,40.0000000000,-40.0000000000,-40.0000000000,0E-7,1,1,0.50665070000000000,0.506650700000,-1.013391052207602,-1.013391052207602,-1.013391052207602,0E-17,ELIGIBLE,R03b_20260811_FULL_v1,L1_ELIGIBILITY,v2026-08-11,2026-03-21..2026-08-06,baccarat_bet02_101_all_pairs_incl_sentinel,round_win = game_pnl > 0 (decisive only),COMPATIBILITY_ONLY_NOT_PRODUCTION,1319.0000,1319.0000,476.5000,32,21,-0.36125853,,-0.36125853,-0.36125853,-476.5000,1319.0000,OK,0.0000,14.2950,3.0000,97.0000,AG03-UNRESOLVED,ALL5_LEVELS_bet23_to_bet27,14.2950,14.2950,14.2950,14.2950,14.2950,3.000000,3.000000,3.000000,3.000000,3.000000,97.000000,97.000000,97.000000,97.000000,97.000000,5.0,71.4750,67.3132,405.0250,409.1868,PENDING_AG03,FALSE,NOT_FOR_ENFORCEMENT,462.2050,1279.4300,476.5000,462.2050,14.2950,0.36125853,0.35042077,14.2950,462.2050,0.35042077,14.2950,14.2950,14.2950,14.2950,14.2950,462.2050,0.35042077,71.4750,67.3132,405.0250,409.1868,0.30706975,0.31022499,0.01083776,41.2188,62.8095,22.6905,158.8333,47.6500,439.6667,7.0000,,41.2188,20.0,20.0,50.0,98.9,139.6,140.0,20.0,-20.0,6.98,7.0,2.060938,8,7,2,7,0E-8,0.36125853,,0E-8,0.000000,1.000000,0.000000,,2026-05-16,2026-05-24,3,10,10,9,0.333333,,,0.000000,,,,,,,,GLOBAL_BASELINE_NO_ENTITY_RANKING,,,NOT_APPLICABLE_GLOBAL_BASELINE,HF9g-P5,,,,X 全窗基线 · 不参与实体赏罚,8391418,840,A168_HF9F_20260827_0900,2026-08-27 09:00:00
2026-05-16,136263660,2117,0,143.0000000000,23.0000000000,23.0000000000,1.0000000,4,1,0.31467509440559441,0.174050900000,1.4757645436485862,2.1784043997400753,1.4757645436485862,0.14062419440559441,ELIGIBLE,R03b_20260811_FULL_v1,L1_ELIGIBILITY,v2026-08-11,2026-03-21..2026-08-06,baccarat_bet02_101_all_pairs_incl_sentinel,round_win = game_pnl > 0 (decisive only),COMPATIBILITY_ONLY_NOT_PRODUCTION,1319.0000,1319.0000,476.5000,32,21,-0.36125853,,-0.36125853,-0.36125853,-476.5000,1319.0000,OK,0.0000,14.2950,3.0000,97.0000,AG03-UNRESOLVED,ALL5_LEVELS_bet23_to_bet27,14.2950,14.2950,14.2950,14.2950,14.2950,3.000000,3.000000,3.000000,3.000000,3.000000,97.000000,97.000000,97.000000,97.000000,97.000000,5.0,71.4750,67.3132,405.0250,409.1868,PENDING_AG03,FALSE,NOT_FOR_ENFORCEMENT,462.2050,1279.4300,476.5000,462.2050,14.2950,0.36125853,0.35042077,14.2950,462.2050,0.35042077,14.2950,14.2950,14.2950,14.2950,14.2950,462.2050,0.35042077,71.4750,67.3132,405.0250,409.1868,0.30706975,0.31022499,0.01083776,41.2188,62.8095,22.6905,158.8333,47.6500,439.6667,7.0000,,41.2188,20.0,20.0,50.0,98.9,139.6,140.0,20.0,-20.0,6.98,7.0,2.060938,8,7,2,7,0E-8,0.36125853,,0E-8,0.000000,1.000000,0.000000,,2026-05-16,2026-05-24,3,10,10,9,0.333333,,,0.000000,,,,,,,,GLOBAL_BASELINE_NO_ENTITY_RANKING,,,NOT_APPLICABLE_GLOBAL_BASELINE,HF9g-P5,,,,X 全窗基线 · 不参与实体赏罚,8391419,840,A168_HF9F_20260827_0900,2026-08-27 09:00:00
2026-05-16,136263660,2233,0,30.0000000000,-30.0000000000,-30.0000000000,0E-7,1,1,0.50665070000000000,0.506650700000,-1.013391052207602,-1.013391052207602,-1.013391052207602,0E-17,ELIGIBLE,R03b_20260811_FULL_v1,L1_ELIGIBILITY,v2026-08-11,2026-03-21..2026-08-06,baccarat_bet02_101_all_pairs_incl_sentinel,round_win = game_pnl > 0 (decisive only),COMPATIBILITY_ONLY_NOT_PRODUCTION,1319.0000,1319.0000,476.5000,32,21,-0.36125853,,-0.36125853,-0.36125853,-476.5000,1319.0000,OK,0.0000,14.2950,3.0000,97.0000,AG03-UNRESOLVED,ALL5_LEVELS_bet23_to_bet27,14.2950,14.2950,14.2950,14.2950,14.2950,3.000000,3.000000,3.000000,3.000000,3.000000,97.000000,97.000000,97.000000,97.000000,97.000000,5.0,71.4750,67.3132,405.0250,409.1868,PENDING_AG03,FALSE,NOT_FOR_ENFORCEMENT,462.2050,1279.4300,476.5000,462.2050,14.2950,0.36125853,0.35042077,14.2950,462.2050,0.35042077,14.2950,14.2950,14.2950,14.2950,14.2950,462.2050,0.35042077,71.4750,67.3132,405.0250,409.1868,0.30706975,0.31022499,0.01083776,41.2188,62.8095,22.6905,158.8333,47.6500,439.6667,7.0000,,41.2188,20.0,20.0,50.0,98.9,139.6,140.0,20.0,-20.0,6.98,7.0,2.060938,8,7,2,7,0E-8,0.36125853,,0E-8,0.000000,1.000000,0.000000,,2026-05-16,2026-05-24,3,10,10,9,0.333333,,,0.000000,,,,,,,,GLOBAL_BASELINE_NO_ENTITY_RANKING,,,NOT_APPLICABLE_GLOBAL_BASELINE,HF9g-P5,,,,X 全窗基线 · 不参与实体赏罚,8391420,840,A168_HF9F_20260827_0900,2026-08-27 09:00:00
2026-05-19,136263660,-1,1,20.0000000000,-20.0000000000,-20.0000000000,0E-7,1,1,0.49324550000000000,0.493245500000,-0.9865810262130424,-0.9865810262130424,-0.9865810262130424,0E-17,SENTINEL_DEALER,R03b_20260811_FULL_v1,L1_ELIGIBILITY,v2026-08-11,2026-03-21..2026-08-06,baccarat_bet02_101_all_pairs_incl_sentinel,round_win = game_pnl > 0 (decisive only),COMPATIBILITY_ONLY_NOT_PRODUCTION,1319.0000,1319.0000,476.5000,32,21,-0.36125853,,-0.36125853,-0.36125853,-476.5000,1319.0000,OK,0.0000,14.2950,3.0000,97.0000,AG03-UNRESOLVED,ALL5_LEVELS_bet23_to_bet27,14.2950,14.2950,14.2950,14.2950,14.2950,3.000000,3.000000,3.000000,3.000000,3.000000,97.000000,97.000000,97.000000,97.000000,97.000000,5.0,71.4750,67.3132,405.0250,409.1868,PENDING_AG03,FALSE,NOT_FOR_ENFORCEMENT,462.2050,1279.4300,476.5000,462.2050,14.2950,0.36125853,0.35042077,14.2950,462.2050,0.35042077,14.2950,14.2950,14.2950,14.2950,14.2950,462.2050,0.35042077,71.4750,67.3132,405.0250,409.1868,0.30706975,0.31022499,0.01083776,41.2188,62.8095,22.6905,158.8333,47.6500,439.6667,7.0000,,41.2188,20.0,20.0,50.0,98.9,139.6,140.0,20.0,-20.0,6.98,7.0,2.060938,8,7,2,7,0E-8,0.36125853,,0E-8,0.000000,1.000000,0.000000,,2026-05-16,2026-05-24,3,10,10,9,0.333333,,,0.000000,,,,,,,,GLOBAL_BASELINE_NO_ENTITY_RANKING,,,NOT_APPLICABLE_GLOBAL_BASELINE,HF9g-P5,,,,X 全窗基线 · 不参与实体赏罚,8391421,840,A168_HF9F_20260827_0900,2026-08-27 09:00:00
2026-05-24,136263660,1941,0,180.0000000000,-180.0000000000,-180.0000000000,0E-7,3,3,0.50218230000000000,0.502182300000,-1.7396270863184011,-1.7396270863184016,-1.7396270863184011,0E-17,ELIGIBLE,R03b_20260811_FULL_v1,L1_ELIGIBILITY,v2026-08-11,2026-03-21..2026-08-06,baccarat_bet02_101_all_pairs_incl_sentinel,round_win = game_pnl > 0 (decisive only),COMPATIBILITY_ONLY_NOT_PRODUCTION,1319.0000,1319.0000,476.5000,32,21,-0.36125853,,-0.36125853,-0.36125853,-476.5000,1319.0000,OK,0.0000,14.2950,3.0000,97.0000,AG03-UNRESOLVED,ALL5_LEVELS_bet23_to_bet27,14.2950,14.2950,14.2950,14.2950,14.2950,3.000000,3.000000,3.000000,3.000000,3.000000,97.000000,97.000000,97.000000,97.000000,97.000000,5.0,71.4750,67.3132,405.0250,409.1868,PENDING_AG03,FALSE,NOT_FOR_ENFORCEMENT,462.2050,1279.4300,476.5000,462.2050,14.2950,0.36125853,0.35042077,14.2950,462.2050,0.35042077,14.2950,14.2950,14.2950,14.2950,14.2950,462.2050,0.35042077,71.4750,67.3132,405.0250,409.1868,0.30706975,0.31022499,0.01083776,41.2188,62.8095,22.6905,158.8333,47.6500,439.6667,7.0000,,41.2188,20.0,20.0,50.0,98.9,139.6,140.0,20.0,-20.0,6.98,7.0,2.060938,8,7,2,7,0E-8,0.36125853,,0E-8,0.000000,1.000000,0.000000,,2026-05-16,2026-05-24,3,10,10,9,0.333333,,,0.000000,,,,,,,,GLOBAL_BASELINE_NO_ENTITY_RANKING,,,NOT_APPLICABLE_GLOBAL_BASELINE,HF9g-P5,,,,X 全窗基线 · 不参与实体赏罚,8391422,840,A168_HF9F_20260827_0900,2026-08-27 09:00:00
2026-05-24,136263660,2170,0,420.0000000000,39.0000000000,39.0000000000,0.3333333,14,6,0.30125822583333333,0.301258225833,0.17124422508919032,0.1712442250910238,0.17124422508919032,3.3333E-13,ELIGIBLE,R03b_20260811_FULL_v1,L1_ELIGIBILITY,v2026-08-11,2026-03-21..2026-08-06,baccarat_bet02_101_all_pairs_incl_sentinel,round_win = game_pnl > 0 (decisive only),COMPATIBILITY_ONLY_NOT_PRODUCTION,1319.0000,1319.0000,476.5000,32,21,-0.36125853,,-0.36125853,-0.36125853,-476.5000,1319.0000,OK,0.0000,14.2950,3.0000,97.0000,AG03-UNRESOLVED,ALL5_LEVELS_bet23_to_bet27,14.2950,14.2950,14.2950,14.2950,14.2950,3.000000,3.000000,3.000000,3.000000,3.000000,97.000000,97.000000,97.000000,97.000000,97.000000,5.0,71.4750,67.3132,405.0250,409.1868,PENDING_AG03,FALSE,NOT_FOR_ENFORCEMENT,462.2050,1279.4300,476.5000,462.2050,14.2950,0.36125853,0.35042077,14.2950,462.2050,0.35042077,14.2950,14.2950,14.2950,14.2950,14.2950,462.2050,0.35042077,71.4750,67.3132,405.0250,409.1868,0.30706975,0.31022499,0.01083776,41.2188,62.8095,22.6905,158.8333,47.6500,439.6667,7.0000,,41.2188,20.0,20.0,50.0,98.9,139.6,140.0,20.0,-20.0,6.98,7.0,2.060938,8,7,2,7,0E-8,0.36125853,,0E-8,0.000000,1.000000,0.000000,,2026-05-16,2026-05-24,3,10,10,9,0.333333,,,0.000000,,,,,,,,GLOBAL_BASELINE_NO_ENTITY_RANKING,,,NOT_APPLICABLE_GLOBAL_BASELINE,HF9g-P5,,,,X 全窗基线 · 不参与实体赏罚,8391423,840,A168_HF9F_20260827_0900,2026-08-27 09:00:00
2026-05-24,115618810,-1,1,3557.6094947937,-288.6251444109,-288.6251444109,0.3833333,377,60,0.10581680941183298,0.088231787976,6.9883378099870015,8.059207645204662,6.9883378099870015,0.01758502143583298,SENTINEL_DEALER,R03b_20260811_FULL_v1,L1_ELIGIBILITY,v2026-08-11,2026-03-21..2026-08-06,baccarat_bet02_101_all_pairs_incl_sentinel,round_win = game_pnl > 0 (decisive only),COMPATIBILITY_ONLY_NOT_PRODUCTION,6156.5064,6051.4754,481.4723,679,110,-0.07820544,,-0.07820544,-0.07820544,-481.4723,6156.5064,OK,0.0000,19.2589,4.0000,96.0000,AG03-UNRESOLVED,ALL5_LEVELS_bet23_to_bet27,19.2589,19.2589,19.2589,28.8883,28.8883,4.000000,4.000000,4.000000,6.000000,6.000000,96.000000,96.000000,96.000000,94.000000,94.000000,5.0,115.5533,105.08,365.9189,376.3923,PENDING_AG03,FALSE,NOT_FOR_ENFORCEMENT,462.2134,5809.4164,481.4723,462.2134,19.2589,0.07820544,0.07507722,19.2589,462.2134,0.07507722,19.2589,19.2589,19.2589,28.8883,28.8883,462.2134,0.07507722,115.5533,105.08,365.9189,376.3923,0.05943613,0.06113731,0.00312822,9.0670,55.0134,4.3770,160.4908,40.1227,2052.1688,36.6667,,9.0670,8.4025,8.4025,12.6037,12.6037,16.805,16.805,8.4025,-8.4025,2.0,2.0,1.079089,9,10,3,8,0E-8,0.07820544,,0E-8,0.000000,0.982940,0.000000,,2026-05-24,2026-06-13,3,12,11,21,0.142857,,,0.000000,,,,,,,,GLOBAL_BASELINE_NO_ENTITY_RANKING,,,NOT_APPLICABLE_GLOBAL_BASELINE,HF9g-P5,,,,X 全窗基线 · 不参与实体赏罚,8391424,840,A168_HF9F_20260827_0900,2026-08-27 09:00:00
2026-05-24,115618810,1645,0,48.3142527044,-48.3142527044,-48.3142527044,0E-7,6,1,0.07498409130434783,0.066330550000,-0.28471474905718214,-0.2665386690854654,-0.28471474905718214,0.00865354130434783,ELIGIBLE,R03b_20260811_FULL_v1,L1_ELIGIBILITY,v2026-08-11,2026-03-21..2026-08-06,baccarat_bet02_101_all_pairs_incl_sentinel,round_win = game_pnl > 0 (decisive only),COMPATIBILITY_ONLY_NOT_PRODUCTION,6156.5064,6051.4754,481.4723,679,110,-0.07820544,,-0.07820544,-0.07820544,-481.4723,6156.5064,OK,0.0000,19.2589,4.0000,96.0000,AG03-UNRESOLVED,ALL5_LEVELS_bet23_to_bet27,19.2589,19.2589,19.2589,28.8883,28.8883,4.000000,4.000000,4.000000,6.000000,6.000000,96.000000,96.000000,96.000000,94.000000,94.000000,5.0,115.5533,105.08,365.9189,376.3923,PENDING_AG03,FALSE,NOT_FOR_ENFORCEMENT,462.2134,5809.4164,481.4723,462.2134,19.2589,0.07820544,0.07507722,19.2589,462.2134,0.07507722,19.2589,19.2589,19.2589,28.8883,28.8883,462.2134,0.07507722,115.5533,105.08,365.9189,376.3923,0.05943613,0.06113731,0.00312822,9.0670,55.0134,4.3770,160.4908,40.1227,2052.1688,36.6667,,9.0670,8.4025,8.4025,12.6037,12.6037,16.805,16.805,8.4025,-8.4025,2.0,2.0,1.079089,9,10,3,8,0E-8,0.07820544,,0E-8,0.000000,0.982940,0.000000,,2026-05-24,2026-06-13,3,12,11,21,0.142857,,,0.000000,,,,,,,,GLOBAL_BASELINE_NO_ENTITY_RANKING,,,NOT_APPLICABLE_GLOBAL_BASELINE,HF9g-P5,,,,X 全窗基线 · 不参与实体赏罚,8391425,840,A168_HF9F_20260827_0900,2026-08-27 09:00:00
2026-05-24,115618810,1947,0,172.2508139896,-96.6285054086,-96.6285054086,0.2500000,24,4,0.07303125559424473,0.066330550000,1.360315467245419,1.4760924115557443,1.360315467245419,0.00670070559424473,ELIGIBLE,R03b_20260811_FULL_v1,L1_ELIGIBILITY,v2026-08-11,2026-03-21..2026-08-06,baccarat_bet02_101_all_pairs_incl_sentinel,round_win = game_pnl > 0 (decisive only),COMPATIBILITY_ONLY_NOT_PRODUCTION,6156.5064,6051.4754,481.4723,679,110,-0.07820544,,-0.07820544,-0.07820544,-481.4723,6156.5064,OK,0.0000,19.2589,4.0000,96.0000,AG03-UNRESOLVED,ALL5_LEVELS_bet23_to_bet27,19.2589,19.2589,19.2589,28.8883,28.8883,4.000000,4.000000,4.000000,6.000000,6.000000,96.000000,96.000000,96.000000,94.000000,94.000000,5.0,115.5533,105.08,365.9189,376.3923,PENDING_AG03,FALSE,NOT_FOR_ENFORCEMENT,462.2134,5809.4164,481.4723,462.2134,19.2589,0.07820544,0.07507722,19.2589,462.2134,0.07507722,19.2589,19.2589,19.2589,28.8883,28.8883,462.2134,0.07507722,115.5533,105.08,365.9189,376.3923,0.05943613,0.06113731,0.00312822,9.0670,55.0134,4.3770,160.4908,40.1227,2052.1688,36.6667,,9.0670,8.4025,8.4025,12.6037,12.6037,16.805,16.805,8.4025,-8.4025,2.0,2.0,1.079089,9,10,3,8,0E-8,0.07820544,,0E-8,0.000000,0.982940,0.000000,,2026-05-24,2026-06-13,3,12,11,21,0.142857,,,0.000000,,,,,,,,GLOBAL_BASELINE_NO_ENTITY_RANKING,,,NOT_APPLICABLE_GLOBAL_BASELINE,HF9g-P5,,,,X 全窗基线 · 不参与实体赏罚,8391426,840,A168_HF9F_20260827_0900,2026-08-27 09:00:00
2026-05-24,115618810,2101,0,67.2198298496,-67.2198298496,-67.2198298496,0E-7,12,2,0.07188198961038961,0.066330550000,-0.3935713190668964,-0.3769426007175396,-0.3935713190668964,0.00555143961038961,ELIGIBLE,R03b_20260811_FULL_v1,L1_ELIGIBILITY,v2026-08-11,2026-03-21..2026-08-06,baccarat_bet02_101_all_pairs_incl_sentinel,round_win = game_pnl > 0 (decisive only),COMPATIBILITY_ONLY_NOT_PRODUCTION,6156.5064,6051.4754,481.4723,679,110,-0.07820544,,-0.07820544,-0.07820544,-481.4723,6156.5064,OK,0.0000,19.2589,4.0000,96.0000,AG03-UNRESOLVED,ALL5_LEVELS_bet23_to_bet27,19.2589,19.2589,19.2589,28.8883,28.8883,4.000000,4.000000,4.000000,6.000000,6.000000,96.000000,96.000000,96.000000,94.000000,94.000000,5.0,115.5533,105.08,365.9189,376.3923,PENDING_AG03,FALSE,NOT_FOR_ENFORCEMENT,462.2134,5809.4164,481.4723,462.2134,19.2589,0.07820544,0.07507722,19.2589,462.2134,0.07507722,19.2589,19.2589,19.2589,28.8883,28.8883,462.2134,0.07507722,115.5533,105.08,365.9189,376.3923,0.05943613,0.06113731,0.00312822,9.0670,55.0134,4.3770,160.4908,40.1227,2052.1688,36.6667,,9.0670,8.4025,8.4025,12.6037,12.6037,16.805,16.805,8.4025,-8.4025,2.0,2.0,1.079089,9,10,3,8,0E-8,0.07820544,,0E-8,0.000000,0.982940,0.000000,,2026-05-24,2026-06-13,3,12,11,21,0.142857,,,0.000000,,,,,,,,GLOBAL_BASELINE_NO_ENTITY_RANKING,,,NOT_APPLICABLE_GLOBAL_BASELINE,HF9g-P5,,,,X 全窗基线 · 不参与实体赏罚,8391427,840,A168_HF9F_20260827_0900,2026-08-27 09:00:00
2026-05-24,115618810,2218,0,705.8082134213,-261.1070265712,-261.1070265712,0.2500000,75,12,0.10865024870061793,0.087459985714,1.5734256853476003,1.9930594673756092,1.5734256853476003,0.02119026298661793,ELIGIBLE,R03b_20260811_FULL_v1,L1_ELIGIBILITY,v2026-08-11,2026-03-21..2026-08-06,baccarat_bet02_101_all_pairs_incl_sentinel,round_win = game_pnl > 0 (decisive only),COMPATIBILITY_ONLY_NOT_PRODUCTION,6156.5064,6051.4754,481.4723,679,110,-0.07820544,,-0.07820544,-0.07820544,-481.4723,6156.5064,OK,0.0000,19.2589,4.0000,96.0000,AG03-UNRESOLVED,ALL5_LEVELS_bet23_to_bet27,19.2589,19.2589,19.2589,28.8883,28.8883,4.000000,4.000000,4.000000,6.000000,6.000000,96.000000,96.000000,96.000000,94.000000,94.000000,5.0,115.5533,105.08,365.9189,376.3923,PENDING_AG03,FALSE,NOT_FOR_ENFORCEMENT,462.2134,5809.4164,481.4723,462.2134,19.2589,0.07820544,0.07507722,19.2589,462.2134,0.07507722,19.2589,19.2589,19.2589,28.8883,28.8883,462.2134,0.07507722,115.5533,105.08,365.9189,376.3923,0.05943613,0.06113731,0.00312822,9.0670,55.0134,4.3770,160.4908,40.1227,2052.1688,36.6667,,9.0670,8.4025,8.4025,12.6037,12.6037,16.805,16.805,8.4025,-8.4025,2.0,2.0,1.079089,9,10,3,8,0E-8,0.07820544,,0E-8,0.000000,0.982940,0.000000,,2026-05-24,2026-06-13,3,12,11,21,0.142857,,,0.000000,,,,,,,,GLOBAL_BASELINE_NO_ENTITY_RANKING,,,NOT_APPLICABLE_GLOBAL_BASELINE,HF9g-P5,,,,X 全窗基线 · 不参与实体赏罚,8391428,840,A168_HF9F_20260827_0900,2026-08-27 09:00:00
2026-05-24,115618810,2258,0,523.0543010174,253.5447957159,253.5447957159,0.5555556,58,9,0.11551166502815212,0.094287384920,4.130078189170475,4.735357135215701,4.130078189170475,0.02122428010815212,ELIGIBLE,R03b_20260811_FULL_v1,L1_ELIGIBILITY,v2026-08-11,2026-03-21..2026-08-06,baccarat_bet02_101_all_pairs_incl_sentinel,round_win = game_pnl > 0 (decisive only),COMPATIBILITY_ONLY_NOT_PRODUCTION,6156.5064,6051.4754,481.4723,679,110,-0.07820544,,-0.07820544,-0.07820544,-481.4723,6156.5064,OK,0.0000,19.2589,4.0000,96.0000,AG03-UNRESOLVED,ALL5_LEVELS_bet23_to_bet27,19.2589,19.2589,19.2589,28.8883,28.8883,4.000000,4.000000,4.000000,6.000000,6.000000,96.000000,96.000000,96.000000,94.000000,94.000000,5.0,115.5533,105.08,365.9189,376.3923,PENDING_AG03,FALSE,NOT_FOR_ENFORCEMENT,462.2134,5809.4164,481.4723,462.2134,19.2589,0.07820544,0.07507722,19.2589,462.2134,0.07507722,19.2589,19.2589,19.2589,28.8883,28.8883,462.2134,0.07507722,115.5533,105.08,365.9189,376.3923,0.05943613,0.06113731,0.00312822,9.0670,55.0134,4.3770,160.4908,40.1227,2052.1688,36.6667,,9.0670,8.4025,8.4025,12.6037,12.6037,16.805,16.805,8.4025,-8.4025,2.0,2.0,1.079089,9,10,3,8,0E-8,0.07820544,,0E-8,0.000000,0.982940,0.000000,,2026-05-24,2026-06-13,3,12,11,21,0.142857,,,0.000000,,,,,,,,GLOBAL_BASELINE_NO_ENTITY_RANKING,,,NOT_APPLICABLE_GLOBAL_BASELINE,HF9g-P5,,,,X 全窗基线 · 不参与实体赏罚,8391429,840,A168_HF9F_20260827_0900,2026-08-27 09:00:00
2026-05-24,115618810,2271,0,768.8268039048,340.3003886167,340.3003886167,0.5714286,84,14,0.07408003218097957,0.066330550000,7.105384077360568,7.59427486035269,7.105384077360568,0.00774948218097957,ELIGIBLE,R03b_20260811_FULL_v1,L1_ELIGIBILITY,v2026-08-11,2026-03-21..2026-08-06,baccarat_bet02_101_all_pairs_incl_sentinel,round_win = game_pnl > 0 (decisive only),COMPATIBILITY_ONLY_NOT_PRODUCTION,6156.5064,6051.4754,481.4723,679,110,-0.07820544,,-0.07820544,-0.07820544,-481.4723,6156.5064,OK,0.0000,19.2589,4.0000,96.0000,AG03-UNRESOLVED,ALL5_LEVELS_bet23_to_bet27,19.2589,19.2589,19.2589,28.8883,28.8883,4.000000,4.000000,4.000000,6.000000,6.000000,96.000000,96.000000,96.000000,94.000000,94.000000,5.0,115.5533,105.08,365.9189,376.3923,PENDING_AG03,FALSE,NOT_FOR_ENFORCEMENT,462.2134,5809.4164,481.4723,462.2134,19.2589,0.07820544,0.07507722,19.2589,462.2134,0.07507722,19.2589,19.2589,19.2589,28.8883,28.8883,462.2134,0.07507722,115.5533,105.08,365.9189,376.3923,0.05943613,0.06113731,0.00312822,9.0670,55.0134,4.3770,160.4908,40.1227,2052.1688,36.6667,,9.0670,8.4025,8.4025,12.6037,12.6037,16.805,16.805,8.4025,-8.4025,2.0,2.0,1.079089,9,10,3,8,0E-8,0.07820544,,0E-8,0.000000,0.982940,0.000000,,2026-05-24,2026-06-13,3,12,11,21,0.142857,,,0.000000,,,,,,,,GLOBAL_BASELINE_NO_ENTITY_RANKING,,,NOT_APPLICABLE_GLOBAL_BASELINE,HF9g-P5,,,,X 全窗基线 · 不参与实体赏罚,8391430,840,A168_HF9F_20260827_0900,2026-08-27 09:00:00
2026-05-26,115618810,2246,0,102.9303644573,-102.9303644573,-102.9303644573,0E-7,11,2,0.11187861969692785,0.099227400000,-0.5019406688292418,-0.4693785296665074,-0.5019406688292418,0.01265121969692785,ELIGIBLE,R03b_20260811_FULL_v1,L1_ELIGIBILITY,v2026-08-11,2026-03-21..2026-08-06,baccarat_bet02_101_all_pairs_incl_sentinel,round_win = game_pnl > 0 (decisive only),COMPATIBILITY_ONLY_NOT_PRODUCTION,6156.5064,6051.4754,481.4723,679,110,-0.07820544,,-0.07820544,-0.07820544,-481.4723,6156.5064,OK,0.0000,19.2589,4.0000,96.0000,AG03-UNRESOLVED,ALL5_LEVELS_bet23_to_bet27,19.2589,19.2589,19.2589,28.8883,28.8883,4.000000,4.000000,4.000000,6.000000,6.000000,96.000000,96.000000,96.000000,94.000000,94.000000,5.0,115.5533,105.08,365.9189,376.3923,PENDING_AG03,FALSE,NOT_FOR_ENFORCEMENT,462.2134,5809.4164,481.4723,462.2134,19.2589,0.07820544,0.07507722,19.2589,462.2134,0.07507722,19.2589,19.2589,19.2589,28.8883,28.8883,462.2134,0.07507722,115.5533,105.08,365.9189,376.3923,0.05943613,0.06113731,0.00312822,9.0670,55.0134,4.3770,160.4908,40.1227,2052.1688,36.6667,,9.0670,8.4025,8.4025,12.6037,12.6037,16.805,16.805,8.4025,-8.4025,2.0,2.0,1.079089,9,10,3,8,0E-8,0.07820544,,0E-8,0.000000,0.982940,0.000000,,2026-05-24,2026-06-13,3,12,11,21,0.142857,,,0.000000,,,,,,,,GLOBAL_BASELINE_NO_ENTITY_RANKING,,,NOT_APPLICABLE_GLOBAL_BASELINE,HF9g-P5,,,,X 全窗基线 · 不参与实体赏罚,8391431,840,A168_HF9F_20260827_0900,2026-08-27 09:00:00
2026-05-26,115618810,2248,0,44.1130133388,-44.1130133388,-44.1130133388,0E-7,6,1,0.07501245238095238,0.066330550000,-0.2847729531165008,-0.2665386690854654,-0.2847729531165008,0.00868190238095238,ELIGIBLE,R03b_20260811_FULL_v1,L1_ELIGIBILITY,v2026-08-11,2026-03-21..2026-08-06,baccarat_bet02_101_all_pairs_incl_sentinel,round_win = game_pnl > 0 (decisive only),COMPATIBILITY_ONLY_NOT_PRODUCTION,6156.5064,6051.4754,481.4723,679,110,-0.07820544,,-0.07820544,-0.07820544,-481.4723,6156.5064,OK,0.0000,19.2589,4.0000,96.0000,AG03-UNRESOLVED,ALL5_LEVELS_bet23_to_bet27,19.2589,19.2589,19.2589,28.8883,28.8883,4.000000,4.000000,4.000000,6.000000,6.000000,96.000000,96.000000,96.000000,94.000000,94.000000,5.0,115.5533,105.08,365.9189,376.3923,PENDING_AG03,FALSE,NOT_FOR_ENFORCEMENT,462.2134,5809.4164,481.4723,462.2134,19.2589,0.07820544,0.07507722,19.2589,462.2134,0.07507722,19.2589,19.2589,19.2589,28.8883,28.8883,462.2134,0.07507722,115.5533,105.08,365.9189,376.3923,0.05943613,0.06113731,0.00312822,9.0670,55.0134,4.3770,160.4908,40.1227,2052.1688,36.6667,,9.0670,8.4025,8.4025,12.6037,12.6037,16.805,16.805,8.4025,-8.4025,2.0,2.0,1.079089,9,10,3,8,0E-8,0.07820544,,0E-8,0.000000,0.982940,0.000000,,2026-05-24,2026-06-13,3,12,11,21,0.142857,,,0.000000,,,,,,,,GLOBAL_BASELINE_NO_ENTITY_RANKING,,,NOT_APPLICABLE_GLOBAL_BASELINE,HF9g-P5,,,,X 全窗基线 · 不参与实体赏罚,8391432,840,A168_HF9F_20260827_0900,2026-08-27 09:00:00
2026-06-13,115618810,-1,1,62.3143551504,-62.3143551504,-62.3143551504,0E-7,10,2,0.07715593253963113,0.070360387500,-0.40891731249183194,-0.38906467291604807,-0.40891731249183194,0.00679554503963113,SENTINEL_DEALER,R03b_20260811_FULL_v1,L1_ELIGIBILITY,v2026-08-11,2026-03-21..2026-08-06,baccarat_bet02_101_all_pairs_incl_sentinel,round_win = game_pnl > 0 (decisive only),COMPATIBILITY_ONLY_NOT_PRODUCTION,6156.5064,6051.4754,481.4723,679,110,-0.07820544,,-0.07820544,-0.07820544,-481.4723,6156.5064,OK,0.0000,19.2589,4.0000,96.0000,AG03-UNRESOLVED,ALL5_LEVELS_bet23_to_bet27,19.2589,19.2589,19.2589,28.8883,28.8883,4.000000,4.000000,4.000000,6.000000,6.000000,96.000000,96.000000,96.000000,94.000000,94.000000,5.0,115.5533,105.08,365.9189,376.3923,PENDING_AG03,FALSE,NOT_FOR_ENFORCEMENT,462.2134,5809.4164,481.4723,462.2134,19.2589,0.07820544,0.07507722,19.2589,462.2134,0.07507722,19.2589,19.2589,19.2589,28.8883,28.8883,462.2134,0.07507722,115.5533,105.08,365.9189,376.3923,0.05943613,0.06113731,0.00312822,9.0670,55.0134,4.3770,160.4908,40.1227,2052.1688,36.6667,,9.0670,8.4025,8.4025,12.6037,12.6037,16.805,16.805,8.4025,-8.4025,2.0,2.0,1.079089,9,10,3,8,0E-8,0.07820544,,0E-8,0.000000,0.982940,0.000000,,2026-05-24,2026-06-13,3,12,11,21,0.142857,,,0.000000,,,,,,,,GLOBAL_BASELINE_NO_ENTITY_RANKING,,,NOT_APPLICABLE_GLOBAL_BASELINE,HF9g-P5,,,,X 全窗基线 · 不参与实体赏罚,8391433,840,A168_HF9F_20260827_0900,2026-08-27 09:00:00
2026-06-13,115618810,1402,0,104.0649731012,-104.0649731012,-104.0649731012,0E-7,16,3,0.07613611302644599,0.066123233333,-0.49722388465489603,-0.4608853279120454,-0.49722388465489603,0.01001287969344599,ELIGIBLE,R03b_20260811_FULL_v1,L1_ELIGIBILITY,v2026-08-11,2026-03-21..2026-08-06,baccarat_bet02_101_all_pairs_incl_sentinel,round_win = game_pnl > 0 (decisive only),COMPATIBILITY_ONLY_NOT_PRODUCTION,6156.5064,6051.4754,481.4723,679,110,-0.07820544,,-0.07820544,-0.07820544,-481.4723,6156.5064,OK,0.0000,19.2589,4.0000,96.0000,AG03-UNRESOLVED,ALL5_LEVELS_bet23_to_bet27,19.2589,19.2589,19.2589,28.8883,28.8883,4.000000,4.000000,4.000000,6.000000,6.000000,96.000000,96.000000,96.000000,94.000000,94.000000,5.0,115.5533,105.08,365.9189,376.3923,PENDING_AG03,FALSE,NOT_FOR_ENFORCEMENT,462.2134,5809.4164,481.4723,462.2134,19.2589,0.07820544,0.07507722,19.2589,462.2134,0.07507722,19.2589,19.2589,19.2589,28.8883,28.8883,462.2134,0.07507722,115.5533,105.08,365.9189,376.3923,0.05943613,0.06113731,0.00312822,9.0670,55.0134,4.3770,160.4908,40.1227,2052.1688,36.6667,,9.0670,8.4025,8.4025,12.6037,12.6037,16.805,16.805,8.4025,-8.4025,2.0,2.0,1.079089,9,10,3,8,0E-8,0.07820544,,0E-8,0.000000,0.982940,0.000000,,2026-05-24,2026-06-13,3,12,11,21,0.142857,,,0.000000,,,,,,,,GLOBAL_BASELINE_NO_ENTITY_RANKING,,,NOT_APPLICABLE_GLOBAL_BASELINE,HF9g-P5,,,,X 全窗基线 · 不参与实体赏罚,8391434,840,A168_HF9F_20260827_0900,2026-08-27 09:00:00
2026-03-22,112177662,1105,0,447.6393606656,-242.2518893014,-242.2518893014,0.2000000,5,5,0.49860758000000000,0.498607580000,-1.3354188732730328,-1.3354188732730328,-1.3354188732730328,0E-17,ELIGIBLE,R03b_20260811_FULL_v1,L1_ELIGIBILITY,v2026-08-11,2026-03-21..2026-08-06,baccarat_bet02_101_all_pairs_incl_sentinel,round_win = game_pnl > 0 (decisive only),COMPATIBILITY_ONLY_NOT_PRODUCTION,45387.4714,41116.4652,481.4756,578,464,-0.01060812,,-0.01060812,-0.01060812,-481.4756,45387.4714,OK,0.0000,19.2590,4.0000,96.0000,AG03-UNRESOLVED,ALL5_LEVELS_bet23_to_bet27,19.2590,19.2590,19.2590,24.0738,24.0738,4.000000,4.000000,4.000000,5.000000,5.000000,96.000000,96.000000,96.000000,95.000000,95.000000,5.0,105.9246,97.0297,375.5510,384.4459,PENDING_AG03,FALSE,NOT_FOR_ENFORCEMENT,462.2166,39471.8066,481.4756,462.2166,19.2590,0.01060812,0.01018379,19.2590,462.2166,0.01018379,19.2590,19.2590,19.2590,24.0738,24.0738,462.2166,0.01018379,105.9246,97.0297,375.5510,384.4459,0.00827433,0.00847031,0.00042432,78.5250,88.6131,1.0377,160.4919,8.7541,15129.1571,154.6667,,78.5250,26.3317,67.1459,105.3269,157.9904,210.6538,263.3173,52.6635,-5.2663,3.137255,3.921568,1.169469,18,51,4,6,0E-8,0.01060812,,0E-8,0.000000,0.905899,0.000000,,2026-03-22,2026-03-24,3,55,29,3,1.000000,,,0.000000,,,,,,,,GLOBAL_BASELINE_NO_ENTITY_RANKING,,,NOT_APPLICABLE_GLOBAL_BASELINE,HF9g-P5,,,,X 全窗基线 · 不参与实体赏罚,8391435,840,A168_HF9F_20260827_0900,2026-08-27 09:00:00
2026-03-22,112177662,1306,0,1132.2642652132,421.3076335677,421.3076335677,0.8000000,8,7,0.48327980476189845,0.463348414286,1.4172083979807397,1.5096129669856475,1.4172083979807397,0.01993139047589845,ELIGIBLE,R03b_20260811_FULL_v1,L1_ELIGIBILITY,v2026-08-11,2026-03-21..2026-08-06,baccarat_bet02_101_all_pairs_incl_sentinel,round_win = game_pnl > 0 (decisive only),COMPATIBILITY_ONLY_NOT_PRODUCTION,45387.4714,41116.4652,481.4756,578,464,-0.01060812,,-0.01060812,-0.01060812,-481.4756,45387.4714,OK,0.0000,19.2590,4.0000,96.0000,AG03-UNRESOLVED,ALL5_LEVELS_bet23_to_bet27,19.2590,19.2590,19.2590,24.0738,24.0738,4.000000,4.000000,4.000000,5.000000,5.000000,96.000000,96.000000,96.000000,95.000000,95.000000,5.0,105.9246,97.0297,375.5510,384.4459,PENDING_AG03,FALSE,NOT_FOR_ENFORCEMENT,462.2166,39471.8066,481.4756,462.2166,19.2590,0.01060812,0.01018379,19.2590,462.2166,0.01018379,19.2590,19.2590,19.2590,24.0738,24.0738,462.2166,0.01018379,105.9246,97.0297,375.5510,384.4459,0.00827433,0.00847031,0.00042432,78.5250,88.6131,1.0377,160.4919,8.7541,15129.1571,154.6667,,78.5250,26.3317,67.1459,105.3269,157.9904,210.6538,263.3173,52.6635,-5.2663,3.137255,3.921568,1.169469,18,51,4,6,0E-8,0.01060812,,0E-8,0.000000,0.905899,0.000000,,2026-03-22,2026-03-24,3,55,29,3,1.000000,,,0.000000,,,,,,,,GLOBAL_BASELINE_NO_ENTITY_RANKING,,,NOT_APPLICABLE_GLOBAL_BASELINE,HF9g-P5,,,,X 全窗基线 · 不参与实体赏罚,8391436,840,A168_HF9F_20260827_0900,2026-08-27 09:00:00
2026-03-22,112177662,1374,0,2654.2380914765,-189.5884351056,-189.5884351056,0.4444444,34,30,0.49296137480952324,0.472478240000,-0.504252696613985,-0.2917780977462638,-0.504252696613985,0.02048313480952324,ELIGIBLE,R03b_20260811_FULL_v1,L1_ELIGIBILITY,v2026-08-11,2026-03-21..2026-08-06,baccarat_bet02_101_all_pairs_incl_sentinel,round_win = game_pnl > 0 (decisive only),COMPATIBILITY_ONLY_NOT_PRODUCTION,45387.4714,41116.4652,481.4756,578,464,-0.01060812,,-0.01060812,-0.01060812,-481.4756,45387.4714,OK,0.0000,19.2590,4.0000,96.0000,AG03-UNRESOLVED,ALL5_LEVELS_bet23_to_bet27,19.2590,19.2590,19.2590,24.0738,24.0738,4.000000,4.000000,4.000000,5.000000,5.000000,96.000000,96.000000,96.000000,95.000000,95.000000,5.0,105.9246,97.0297,375.5510,384.4459,PENDING_AG03,FALSE,NOT_FOR_ENFORCEMENT,462.2166,39471.8066,481.4756,462.2166,19.2590,0.01060812,0.01018379,19.2590,462.2166,0.01018379,19.2590,19.2590,19.2590,24.0738,24.0738,462.2166,0.01018379,105.9246,97.0297,375.5510,384.4459,0.00827433,0.00847031,0.00042432,78.5250,88.6131,1.0377,160.4919,8.7541,15129.1571,154.6667,,78.5250,26.3317,67.1459,105.3269,157.9904,210.6538,263.3173,52.6635,-5.2663,3.137255,3.921568,1.169469,18,51,4,6,0E-8,0.01060812,,0E-8,0.000000,0.905899,0.000000,,2026-03-22,2026-03-24,3,55,29,3,1.000000,,,0.000000,,,,,,,,GLOBAL_BASELINE_NO_ENTITY_RANKING,,,NOT_APPLICABLE_GLOBAL_BASELINE,HF9g-P5,,,,X 全窗基线 · 不参与实体赏罚,8391437,840,A168_HF9F_20260827_0900,2026-08-27 09:00:00
2026-03-22,112177662,1384,0,1329.7522184482,-16.9839639783,-16.9839639783,0.5909091,26,25,0.49859271050000000,0.492113606000,0.8660078413223543,0.9268991033751975,0.8660078413223543,0.00647910450000000,ELIGIBLE,R03b_20260811_FULL_v1,L1_ELIGIBILITY,v2026-08-11,2026-03-21..2026-08-06,baccarat_bet02_101_all_pairs_incl_sentinel,round_win = game_pnl > 0 (decisive only),COMPATIBILITY_ONLY_NOT_PRODUCTION,45387.4714,41116.4652,481.4756,578,464,-0.01060812,,-0.01060812,-0.01060812,-481.4756,45387.4714,OK,0.0000,19.2590,4.0000,96.0000,AG03-UNRESOLVED,ALL5_LEVELS_bet23_to_bet27,19.2590,19.2590,19.2590,24.0738,24.0738,4.000000,4.000000,4.000000,5.000000,5.000000,96.000000,96.000000,96.000000,95.000000,95.000000,5.0,105.9246,97.0297,375.5510,384.4459,PENDING_AG03,FALSE,NOT_FOR_ENFORCEMENT,462.2166,39471.8066,481.4756,462.2166,19.2590,0.01060812,0.01018379,19.2590,462.2166,0.01018379,19.2590,19.2590,19.2590,24.0738,24.0738,462.2166,0.01018379,105.9246,97.0297,375.5510,384.4459,0.00827433,0.00847031,0.00042432,78.5250,88.6131,1.0377,160.4919,8.7541,15129.1571,154.6667,,78.5250,26.3317,67.1459,105.3269,157.9904,210.6538,263.3173,52.6635,-5.2663,3.137255,3.921568,1.169469,18,51,4,6,0E-8,0.01060812,,0E-8,0.000000,0.905899,0.000000,,2026-03-22,2026-03-24,3,55,29,3,1.000000,,,0.000000,,,,,,,,GLOBAL_BASELINE_NO_ENTITY_RANKING,,,NOT_APPLICABLE_GLOBAL_BASELINE,HF9g-P5,,,,X 全窗基线 · 不参与实体赏罚,8391438,840,A168_HF9F_20260827_0900,2026-08-27 09:00:00
2026-03-22,112177662,1393,0,1493.0089264555,259.3675119150,259.3675119150,0.5384615,17,13,0.48982908267287434,0.439134038462,0.35076620532009206,0.7216275216202928,0.35076620532009206,0.05069504421087434,ELIGIBLE,R03b_20260811_FULL_v1,L1_ELIGIBILITY,v2026-08-11,2026-03-21..2026-08-06,baccarat_bet02_101_all_pairs_incl_sentinel,round_win = game_pnl > 0 (decisive only),COMPATIBILITY_ONLY_NOT_PRODUCTION,45387.4714,41116.4652,481.4756,578,464,-0.01060812,,-0.01060812,-0.01060812,-481.4756,45387.4714,OK,0.0000,19.2590,4.0000,96.0000,AG03-UNRESOLVED,ALL5_LEVELS_bet23_to_bet27,19.2590,19.2590,19.2590,24.0738,24.0738,4.000000,4.000000,4.000000,5.000000,5.000000,96.000000,96.000000,96.000000,95.000000,95.000000,5.0,105.9246,97.0297,375.5510,384.4459,PENDING_AG03,FALSE,NOT_FOR_ENFORCEMENT,462.2166,39471.8066,481.4756,462.2166,19.2590,0.01060812,0.01018379,19.2590,462.2166,0.01018379,19.2590,19.2590,19.2590,24.0738,24.0738,462.2166,0.01018379,105.9246,97.0297,375.5510,384.4459,0.00827433,0.00847031,0.00042432,78.5250,88.6131,1.0377,160.4919,8.7541,15129.1571,154.6667,,78.5250,26.3317,67.1459,105.3269,157.9904,210.6538,263.3173,52.6635,-5.2663,3.137255,3.921568,1.169469,18,51,4,6,0E-8,0.01060812,,0E-8,0.000000,0.905899,0.000000,,2026-03-22,2026-03-24,3,55,29,3,1.000000,,,0.000000,,,,,,,,GLOBAL_BASELINE_NO_ENTITY_RANKING,,,NOT_APPLICABLE_GLOBAL_BASELINE,HF9g-P5,,,,X 全窗基线 · 不参与实体赏罚,8391439,840,A168_HF9F_20260827_0900,2026-08-27 09:00:00
2026-03-22,112177662,1505,0,342.3124522737,-188.2718487506,-188.2718487506,0.3333333,3,3,0.49771390000000000,0.497713900000,-0.5694369385616226,-0.5694369385616226,-0.5694369385616226,0E-17,ELIGIBLE,R03b_20260811_FULL_v1,L1_ELIGIBILITY,v2026-08-11,2026-03-21..2026-08-06,baccarat_bet02_101_all_pairs_incl_sentinel,round_win = game_pnl > 0 (decisive only),COMPATIBILITY_ONLY_NOT_PRODUCTION,45387.4714,41116.4652,481.4756,578,464,-0.01060812,,-0.01060812,-0.01060812,-481.4756,45387.4714,OK,0.0000,19.2590,4.0000,96.0000,AG03-UNRESOLVED,ALL5_LEVELS_bet23_to_bet27,19.2590,19.2590,19.2590,24.0738,24.0738,4.000000,4.000000,4.000000,5.000000,5.000000,96.000000,96.000000,96.000000,95.000000,95.000000,5.0,105.9246,97.0297,375.5510,384.4459,PENDING_AG03,FALSE,NOT_FOR_ENFORCEMENT,462.2166,39471.8066,481.4756,462.2166,19.2590,0.01060812,0.01018379,19.2590,462.2166,0.01018379,19.2590,19.2590,19.2590,24.0738,24.0738,462.2166,0.01018379,105.9246,97.0297,375.5510,384.4459,0.00827433,0.00847031,0.00042432,78.5250,88.6131,1.0377,160.4919,8.7541,15129.1571,154.6667,,78.5250,26.3317,67.1459,105.3269,157.9904,210.6538,263.3173,52.6635,-5.2663,3.137255,3.921568,1.169469,18,51,4,6,0E-8,0.01060812,,0E-8,0.000000,0.905899,0.000000,,2026-03-22,2026-03-24,3,55,29,3,1.000000,,,0.000000,,,,,,,,GLOBAL_BASELINE_NO_ENTITY_RANKING,,,NOT_APPLICABLE_GLOBAL_BASELINE,HF9g-P5,,,,X 全窗基线 · 不参与实体赏罚,8391440,840,A168_HF9F_20260827_0900,2026-08-27 09:00:00
2026-03-22,112177662,1654,0,737.2883587435,-113.2264265212,-113.2264265212,0.4285714,8,8,0.49827245000000000,0.498272450000,-0.36882533912701604,-0.36882533912701604,-0.36882533912701604,0E-17,ELIGIBLE,R03b_20260811_FULL_v1,L1_ELIGIBILITY,v2026-08-11,2026-03-21..2026-08-06,baccarat_bet02_101_all_pairs_incl_sentinel,round_win = game_pnl > 0 (decisive only),COMPATIBILITY_ONLY_NOT_PRODUCTION,45387.4714,41116.4652,481.4756,578,464,-0.01060812,,-0.01060812,-0.01060812,-481.4756,45387.4714,OK,0.0000,19.2590,4.0000,96.0000,AG03-UNRESOLVED,ALL5_LEVELS_bet23_to_bet27,19.2590,19.2590,19.2590,24.0738,24.0738,4.000000,4.000000,4.000000,5.000000,5.000000,96.000000,96.000000,96.000000,95.000000,95.000000,5.0,105.9246,97.0297,375.5510,384.4459,PENDING_AG03,FALSE,NOT_FOR_ENFORCEMENT,462.2166,39471.8066,481.4756,462.2166,19.2590,0.01060812,0.01018379,19.2590,462.2166,0.01018379,19.2590,19.2590,19.2590,24.0738,24.0738,462.2166,0.01018379,105.9246,97.0297,375.5510,384.4459,0.00827433,0.00847031,0.00042432,78.5250,88.6131,1.0377,160.4919,8.7541,15129.1571,154.6667,,78.5250,26.3317,67.1459,105.3269,157.9904,210.6538,263.3173,52.6635,-5.2663,3.137255,3.921568,1.169469,18,51,4,6,0E-8,0.01060812,,0E-8,0.000000,0.905899,0.000000,,2026-03-22,2026-03-24,3,55,29,3,1.000000,,,0.000000,,,,,,,,GLOBAL_BASELINE_NO_ENTITY_RANKING,,,NOT_APPLICABLE_GLOBAL_BASELINE,HF9g-P5,,,,X 全窗基线 · 不参与实体赏罚,8391441,840,A168_HF9F_20260827_0900,2026-08-27 09:00:00
2026-03-22,112177662,1704,0,882.1128577824,394.9759064697,394.9759064697,0.6250000,9,9,0.49771390000000000,0.497713900000,0.7200464420157047,0.7200464420157048,0.7200464420157047,0E-17,ELIGIBLE,R03b_20260811_FULL_v1,L1_ELIGIBILITY,v2026-08-11,2026-03-21..2026-08-06,baccarat_bet02_101_all_pairs_incl_sentinel,round_win = game_pnl > 0 (decisive only),COMPATIBILITY_ONLY_NOT_PRODUCTION,45387.4714,41116.4652,481.4756,578,464,-0.01060812,,-0.01060812,-0.01060812,-481.4756,45387.4714,OK,0.0000,19.2590,4.0000,96.0000,AG03-UNRESOLVED,ALL5_LEVELS_bet23_to_bet27,19.2590,19.2590,19.2590,24.0738,24.0738,4.000000,4.000000,4.000000,5.000000,5.000000,96.000000,96.000000,96.000000,95.000000,95.000000,5.0,105.9246,97.0297,375.5510,384.4459,PENDING_AG03,FALSE,NOT_FOR_ENFORCEMENT,462.2166,39471.8066,481.4756,462.2166,19.2590,0.01060812,0.01018379,19.2590,462.2166,0.01018379,19.2590,19.2590,19.2590,24.0738,24.0738,462.2166,0.01018379,105.9246,97.0297,375.5510,384.4459,0.00827433,0.00847031,0.00042432,78.5250,88.6131,1.0377,160.4919,8.7541,15129.1571,154.6667,,78.5250,26.3317,67.1459,105.3269,157.9904,210.6538,263.3173,52.6635,-5.2663,3.137255,3.921568,1.169469,18,51,4,6,0E-8,0.01060812,,0E-8,0.000000,0.905899,0.000000,,2026-03-22,2026-03-24,3,55,29,3,1.000000,,,0.000000,,,,,,,,GLOBAL_BASELINE_NO_ENTITY_RANKING,,,NOT_APPLICABLE_GLOBAL_BASELINE,HF9g-P5,,,,X 全窗基线 · 不参与实体赏罚,8391442,840,A168_HF9F_20260827_0900,2026-08-27 09:00:00
2026-03-22,112177662,1711,0,3652.2105484896,1258.6565552838,1258.6565552838,0.7142857,26,24,0.49875137171717016,0.485157762500,1.9754110389938002,2.100918200778887,1.9754110389938002,0.01359360921717016,ELIGIBLE,R03b_20260811_FULL_v1,L1_ELIGIBILITY,v2026-08-11,2026-03-21..2026-08-06,baccarat_bet02_101_all_pairs_incl_sentinel,round_win = game_pnl > 0 (decisive only),COMPATIBILITY_ONLY_NOT_PRODUCTION,45387.4714,41116.4652,481.4756,578,464,-0.01060812,,-0.01060812,-0.01060812,-481.4756,45387.4714,OK,0.0000,19.2590,4.0000,96.0000,AG03-UNRESOLVED,ALL5_LEVELS_bet23_to_bet27,19.2590,19.2590,19.2590,24.0738,24.0738,4.000000,4.000000,4.000000,5.000000,5.000000,96.000000,96.000000,96.000000,95.000000,95.000000,5.0,105.9246,97.0297,375.5510,384.4459,PENDING_AG03,FALSE,NOT_FOR_ENFORCEMENT,462.2166,39471.8066,481.4756,462.2166,19.2590,0.01060812,0.01018379,19.2590,462.2166,0.01018379,19.2590,19.2590,19.2590,24.0738,24.0738,462.2166,0.01018379,105.9246,97.0297,375.5510,384.4459,0.00827433,0.00847031,0.00042432,78.5250,88.6131,1.0377,160.4919,8.7541,15129.1571,154.6667,,78.5250,26.3317,67.1459,105.3269,157.9904,210.6538,263.3173,52.6635,-5.2663,3.137255,3.921568,1.169469,18,51,4,6,0E-8,0.01060812,,0E-8,0.000000,0.905899,0.000000,,2026-03-22,2026-03-24,3,55,29,3,1.000000,,,0.000000,,,,,,,,GLOBAL_BASELINE_NO_ENTITY_RANKING,,,NOT_APPLICABLE_GLOBAL_BASELINE,HF9g-P5,,,,X 全窗基线 · 不参与实体赏罚,8391443,840,A168_HF9F_20260827_0900,2026-08-27 09:00:00
2026-03-22,112177662,1951,0,268.5836163996,15.7990362588,15.7990362588,0.6000000,6,5,0.49518420666666667,0.460083830000,0.46877222192667456,0.6277276495628376,0.46877222192667456,0.03510037666666667,ELIGIBLE,R03b_20260811_FULL_v1,L1_ELIGIBILITY,v2026-08-11,2026-03-21..2026-08-06,baccarat_bet02_101_all_pairs_incl_sentinel,round_win = game_pnl > 0 (decisive only),COMPATIBILITY_ONLY_NOT_PRODUCTION,45387.4714,41116.4652,481.4756,578,464,-0.01060812,,-0.01060812,-0.01060812,-481.4756,45387.4714,OK,0.0000,19.2590,4.0000,96.0000,AG03-UNRESOLVED,ALL5_LEVELS_bet23_to_bet27,19.2590,19.2590,19.2590,24.0738,24.0738,4.000000,4.000000,4.000000,5.000000,5.000000,96.000000,96.000000,96.000000,95.000000,95.000000,5.0,105.9246,97.0297,375.5510,384.4459,PENDING_AG03,FALSE,NOT_FOR_ENFORCEMENT,462.2166,39471.8066,481.4756,462.2166,19.2590,0.01060812,0.01018379,19.2590,462.2166,0.01018379,19.2590,19.2590,19.2590,24.0738,24.0738,462.2166,0.01018379,105.9246,97.0297,375.5510,384.4459,0.00827433,0.00847031,0.00042432,78.5250,88.6131,1.0377,160.4919,8.7541,15129.1571,154.6667,,78.5250,26.3317,67.1459,105.3269,157.9904,210.6538,263.3173,52.6635,-5.2663,3.137255,3.921568,1.169469,18,51,4,6,0E-8,0.01060812,,0E-8,0.000000,0.905899,0.000000,,2026-03-22,2026-03-24,3,55,29,3,1.000000,,,0.000000,,,,,,,,GLOBAL_BASELINE_NO_ENTITY_RANKING,,,NOT_APPLICABLE_GLOBAL_BASELINE,HF9g-P5,,,,X 全窗基线 · 不参与实体赏罚,8391444,840,A168_HF9F_20260827_0900,2026-08-27 09:00:00
2026-03-22,112177662,1963,0,210.6538167839,25.0151407431,25.0151407431,0.6666667,4,4,0.49994810000000000,0.499948100000,0.5775300591747329,0.5775300591747329,0.5775300591747329,0E-17,ELIGIBLE,R03b_20260811_FULL_v1,L1_ELIGIBILITY,v2026-08-11,2026-03-21..2026-08-06,baccarat_bet02_101_all_pairs_incl_sentinel,round_win = game_pnl > 0 (decisive only),COMPATIBILITY_ONLY_NOT_PRODUCTION,45387.4714,41116.4652,481.4756,578,464,-0.01060812,,-0.01060812,-0.01060812,-481.4756,45387.4714,OK,0.0000,19.2590,4.0000,96.0000,AG03-UNRESOLVED,ALL5_LEVELS_bet23_to_bet27,19.2590,19.2590,19.2590,24.0738,24.0738,4.000000,4.000000,4.000000,5.000000,5.000000,96.000000,96.000000,96.000000,95.000000,95.000000,5.0,105.9246,97.0297,375.5510,384.4459,PENDING_AG03,FALSE,NOT_FOR_ENFORCEMENT,462.2166,39471.8066,481.4756,462.2166,19.2590,0.01060812,0.01018379,19.2590,462.2166,0.01018379,19.2590,19.2590,19.2590,24.0738,24.0738,462.2166,0.01018379,105.9246,97.0297,375.5510,384.4459,0.00827433,0.00847031,0.00042432,78.5250,88.6131,1.0377,160.4919,8.7541,15129.1571,154.6667,,78.5250,26.3317,67.1459,105.3269,157.9904,210.6538,263.3173,52.6635,-5.2663,3.137255,3.921568,1.169469,18,51,4,6,0E-8,0.01060812,,0E-8,0.000000,0.905899,0.000000,,2026-03-22,2026-03-24,3,55,29,3,1.000000,,,0.000000,,,,,,,,GLOBAL_BASELINE_NO_ENTITY_RANKING,,,NOT_APPLICABLE_GLOBAL_BASELINE,HF9g-P5,,,,X 全窗基线 · 不参与实体赏罚,8391445,840,A168_HF9F_20260827_0900,2026-08-27 09:00:00
2026-03-22,112177662,2101,0,273.8499618191,193.5381941702,193.5381941702,0.8000000,5,5,0.50128862000000000,0.501288620000,1.335882339249048,1.335882339249048,1.335882339249048,0E-17,ELIGIBLE,R03b_20260811_FULL_v1,L1_ELIGIBILITY,v2026-08-11,2026-03-21..2026-08-06,baccarat_bet02_101_all_pairs_incl_sentinel,round_win = game_pnl > 0 (decisive only),COMPATIBILITY_ONLY_NOT_PRODUCTION,45387.4714,41116.4652,481.4756,578,464,-0.01060812,,-0.01060812,-0.01060812,-481.4756,45387.4714,OK,0.0000,19.2590,4.0000,96.0000,AG03-UNRESOLVED,ALL5_LEVELS_bet23_to_bet27,19.2590,19.2590,19.2590,24.0738,24.0738,4.000000,4.000000,4.000000,5.000000,5.000000,96.000000,96.000000,96.000000,95.000000,95.000000,5.0,105.9246,97.0297,375.5510,384.4459,PENDING_AG03,FALSE,NOT_FOR_ENFORCEMENT,462.2166,39471.8066,481.4756,462.2166,19.2590,0.01060812,0.01018379,19.2590,462.2166,0.01018379,19.2590,19.2590,19.2590,24.0738,24.0738,462.2166,0.01018379,105.9246,97.0297,375.5510,384.4459,0.00827433,0.00847031,0.00042432,78.5250,88.6131,1.0377,160.4919,8.7541,15129.1571,154.6667,,78.5250,26.3317,67.1459,105.3269,157.9904,210.6538,263.3173,52.6635,-5.2663,3.137255,3.921568,1.169469,18,51,4,6,0E-8,0.01060812,,0E-8,0.000000,0.905899,0.000000,,2026-03-22,2026-03-24,3,55,29,3,1.000000,,,0.000000,,,,,,,,GLOBAL_BASELINE_NO_ENTITY_RANKING,,,NOT_APPLICABLE_GLOBAL_BASELINE,HF9g-P5,,,,X 全窗基线 · 不参与实体赏罚,8391446,840,A168_HF9F_20260827_0900,2026-08-27 09:00:00
2026-03-22,112177662,2103,0,118.4927719410,39.4975906470,39.4975906470,0.6000000,5,5,0.49324550000000000,0.493245500000,0.47746420675292983,0.47746420675292983,0.47746420675292983,0E-17,ELIGIBLE,R03b_20260811_FULL_v1,L1_ELIGIBILITY,v2026-08-11,2026-03-21..2026-08-06,baccarat_bet02_101_all_pairs_incl_sentinel,round_win = game_pnl > 0 (decisive only),COMPATIBILITY_ONLY_NOT_PRODUCTION,45387.4714,41116.4652,481.4756,578,464,-0.01060812,,-0.01060812,-0.01060812,-481.4756,45387.4714,OK,0.0000,19.2590,4.0000,96.0000,AG03-UNRESOLVED,ALL5_LEVELS_bet23_to_bet27,19.2590,19.2590,19.2590,24.0738,24.0738,4.000000,4.000000,4.000000,5.000000,5.000000,96.000000,96.000000,96.000000,95.000000,95.000000,5.0,105.9246,97.0297,375.5510,384.4459,PENDING_AG03,FALSE,NOT_FOR_ENFORCEMENT,462.2166,39471.8066,481.4756,462.2166,19.2590,0.01060812,0.01018379,19.2590,462.2166,0.01018379,19.2590,19.2590,19.2590,24.0738,24.0738,462.2166,0.01018379,105.9246,97.0297,375.5510,384.4459,0.00827433,0.00847031,0.00042432,78.5250,88.6131,1.0377,160.4919,8.7541,15129.1571,154.6667,,78.5250,26.3317,67.1459,105.3269,157.9904,210.6538,263.3173,52.6635,-5.2663,3.137255,3.921568,1.169469,18,51,4,6,0E-8,0.01060812,,0E-8,0.000000,0.905899,0.000000,,2026-03-22,2026-03-24,3,55,29,3,1.000000,,,0.000000,,,,,,,,GLOBAL_BASELINE_NO_ENTITY_RANKING,,,NOT_APPLICABLE_GLOBAL_BASELINE,HF9g-P5,,,,X 全窗基线 · 不参与实体赏罚,8391447,840,A168_HF9F_20260827_0900,2026-08-27 09:00:00
2026-03-22,112177662,2115,0,1111.1988835348,192.2216078152,192.2216078152,0.5000000,12,11,0.49471476363636364,0.479390668182,0.029899482237605735,0.11668314947628451,0.029899482237605735,0.01532409545436364,ELIGIBLE,R03b_20260811_FULL_v1,L1_ELIGIBILITY,v2026-08-11,2026-03-21..2026-08-06,baccarat_bet02_101_all_pairs_incl_sentinel,round_win = game_pnl > 0 (decisive only),COMPATIBILITY_ONLY_NOT_PRODUCTION,45387.4714,41116.4652,481.4756,578,464,-0.01060812,,-0.01060812,-0.01060812,-481.4756,45387.4714,OK,0.0000,19.2590,4.0000,96.0000,AG03-UNRESOLVED,ALL5_LEVELS_bet23_to_bet27,19.2590,19.2590,19.2590,24.0738,24.0738,4.000000,4.000000,4.000000,5.000000,5.000000,96.000000,96.000000,96.000000,95.000000,95.000000,5.0,105.9246,97.0297,375.5510,384.4459,PENDING_AG03,FALSE,NOT_FOR_ENFORCEMENT,462.2166,39471.8066,481.4756,462.2166,19.2590,0.01060812,0.01018379,19.2590,462.2166,0.01018379,19.2590,19.2590,19.2590,24.0738,24.0738,462.2166,0.01018379,105.9246,97.0297,375.5510,384.4459,0.00827433,0.00847031,0.00042432,78.5250,88.6131,1.0377,160.4919,8.7541,15129.1571,154.6667,,78.5250,26.3317,67.1459,105.3269,157.9904,210.6538,263.3173,52.6635,-5.2663,3.137255,3.921568,1.169469,18,51,4,6,0E-8,0.01060812,,0E-8,0.000000,0.905899,0.000000,,2026-03-22,2026-03-24,3,55,29,3,1.000000,,,0.000000,,,,,,,,GLOBAL_BASELINE_NO_ENTITY_RANKING,,,NOT_APPLICABLE_GLOBAL_BASELINE,HF9g-P5,,,,X 全窗基线 · 不参与实体赏罚,8391448,840,A168_HF9F_20260827_0900,2026-08-27 09:00:00
2026-03-22,112177662,2117,0,1079.6008110171,-322.5636569503,-322.5636569503,0.4285714,12,8,0.47147151753244572,0.394422650000,-0.2273763464774497,0.18486660242643763,-0.2273763464774497,0.07704886753244572,ELIGIBLE,R03b_20260811_FULL_v1,L1_ELIGIBILITY,v2026-08-11,2026-03-21..2026-08-06,baccarat_bet02_101_all_pairs_incl_sentinel,round_win = game_pnl > 0 (decisive only),COMPATIBILITY_ONLY_NOT_PRODUCTION,45387.4714,41116.4652,481.4756,578,464,-0.01060812,,-0.01060812,-0.01060812,-481.4756,45387.4714,OK,0.0000,19.2590,4.0000,96.0000,AG03-UNRESOLVED,ALL5_LEVELS_bet23_to_bet27,19.2590,19.2590,19.2590,24.0738,24.0738,4.000000,4.000000,4.000000,5.000000,5.000000,96.000000,96.000000,96.000000,95.000000,95.000000,5.0,105.9246,97.0297,375.5510,384.4459,PENDING_AG03,FALSE,NOT_FOR_ENFORCEMENT,462.2166,39471.8066,481.4756,462.2166,19.2590,0.01060812,0.01018379,19.2590,462.2166,0.01018379,19.2590,19.2590,19.2590,24.0738,24.0738,462.2166,0.01018379,105.9246,97.0297,375.5510,384.4459,0.00827433,0.00847031,0.00042432,78.5250,88.6131,1.0377,160.4919,8.7541,15129.1571,154.6667,,78.5250,26.3317,67.1459,105.3269,157.9904,210.6538,263.3173,52.6635,-5.2663,3.137255,3.921568,1.169469,18,51,4,6,0E-8,0.01060812,,0E-8,0.000000,0.905899,0.000000,,2026-03-22,2026-03-24,3,55,29,3,1.000000,,,0.000000,,,,,,,,GLOBAL_BASELINE_NO_ENTITY_RANKING,,,NOT_APPLICABLE_GLOBAL_BASELINE,HF9g-P5,,,,X 全窗基线 · 不参与实体赏罚,8391449,840,A168_HF9F_20260827_0900,2026-08-27 09:00:00
2026-03-22,112177662,2129,0,78.9951812940,26.3317270980,26.3317270980,0.6666667,3,3,0.49771390000000000,0.497713900000,0.5852756695216578,0.5852756695216578,0.5852756695216578,0E-17,ELIGIBLE,R03b_20260811_FULL_v1,L1_ELIGIBILITY,v2026-08-11,2026-03-21..2026-08-06,baccarat_bet02_101_all_pairs_incl_sentinel,round_win = game_pnl > 0 (decisive only),COMPATIBILITY_ONLY_NOT_PRODUCTION,45387.4714,41116.4652,481.4756,578,464,-0.01060812,,-0.01060812,-0.01060812,-481.4756,45387.4714,OK,0.0000,19.2590,4.0000,96.0000,AG03-UNRESOLVED,ALL5_LEVELS_bet23_to_bet27,19.2590,19.2590,19.2590,24.0738,24.0738,4.000000,4.000000,4.000000,5.000000,5.000000,96.000000,96.000000,96.000000,95.000000,95.000000,5.0,105.9246,97.0297,375.5510,384.4459,PENDING_AG03,FALSE,NOT_FOR_ENFORCEMENT,462.2166,39471.8066,481.4756,462.2166,19.2590,0.01060812,0.01018379,19.2590,462.2166,0.01018379,19.2590,19.2590,19.2590,24.0738,24.0738,462.2166,0.01018379,105.9246,97.0297,375.5510,384.4459,0.00827433,0.00847031,0.00042432,78.5250,88.6131,1.0377,160.4919,8.7541,15129.1571,154.6667,,78.5250,26.3317,67.1459,105.3269,157.9904,210.6538,263.3173,52.6635,-5.2663,3.137255,3.921568,1.169469,18,51,4,6,0E-8,0.01060812,,0E-8,0.000000,0.905899,0.000000,,2026-03-22,2026-03-24,3,55,29,3,1.000000,,,0.000000,,,,,,,,GLOBAL_BASELINE_NO_ENTITY_RANKING,,,NOT_APPLICABLE_GLOBAL_BASELINE,HF9g-P5,,,,X 全窗基线 · 不参与实体赏罚,8391450,840,A168_HF9F_20260827_0900,2026-08-27 09:00:00
2026-03-22,112177662,2142,0,987.4397661742,60.5629723254,60.5629723254,0.4285714,8,7,0.49744302689075321,0.471473621429,-0.36443900861382467,-0.2273874426489635,-0.36443900861382467,0.02596940546175321,ELIGIBLE,R03b_20260811_FULL_v1,L1_ELIGIBILITY,v2026-08-11,2026-03-21..2026-08-06,baccarat_bet02_101_all_pairs_incl_sentinel,round_win = game_pnl > 0 (decisive only),COMPATIBILITY_ONLY_NOT_PRODUCTION,45387.4714,41116.4652,481.4756,578,464,-0.01060812,,-0.01060812,-0.01060812,-481.4756,45387.4714,OK,0.0000,19.2590,4.0000,96.0000,AG03-UNRESOLVED,ALL5_LEVELS_bet23_to_bet27,19.2590,19.2590,19.2590,24.0738,24.0738,4.000000,4.000000,4.000000,5.000000,5.000000,96.000000,96.000000,96.000000,95.000000,95.000000,5.0,105.9246,97.0297,375.5510,384.4459,PENDING_AG03,FALSE,NOT_FOR_ENFORCEMENT,462.2166,39471.8066,481.4756,462.2166,19.2590,0.01060812,0.01018379,19.2590,462.2166,0.01018379,19.2590,19.2590,19.2590,24.0738,24.0738,462.2166,0.01018379,105.9246,97.0297,375.5510,384.4459,0.00827433,0.00847031,0.00042432,78.5250,88.6131,1.0377,160.4919,8.7541,15129.1571,154.6667,,78.5250,26.3317,67.1459,105.3269,157.9904,210.6538,263.3173,52.6635,-5.2663,3.137255,3.921568,1.169469,18,51,4,6,0E-8,0.01060812,,0E-8,0.000000,0.905899,0.000000,,2026-03-22,2026-03-24,3,55,29,3,1.000000,,,0.000000,,,,,,,,GLOBAL_BASELINE_NO_ENTITY_RANKING,,,NOT_APPLICABLE_GLOBAL_BASELINE,HF9g-P5,,,,X 全窗基线 · 不参与实体赏罚,8391451,840,A168_HF9F_20260827_0900,2026-08-27 09:00:00
2026-03-22,112177662,2153,0,1208.6262737974,440.5297943491,440.5297943491,0.7272727,15,13,0.49501216051281660,0.469798861538,1.5407189706687106,1.7110125230985156,1.5407189706687106,0.02521329897481660,ELIGIBLE,R03b_20260811_FULL_v1,L1_ELIGIBILITY,v2026-08-11,2026-03-21..2026-08-06,baccarat_bet02_101_all_pairs_incl_sentinel,round_win = game_pnl > 0 (decisive only),COMPATIBILITY_ONLY_NOT_PRODUCTION,45387.4714,41116.4652,481.4756,578,464,-0.01060812,,-0.01060812,-0.01060812,-481.4756,45387.4714,OK,0.0000,19.2590,4.0000,96.0000,AG03-UNRESOLVED,ALL5_LEVELS_bet23_to_bet27,19.2590,19.2590,19.2590,24.0738,24.0738,4.000000,4.000000,4.000000,5.000000,5.000000,96.000000,96.000000,96.000000,95.000000,95.000000,5.0,105.9246,97.0297,375.5510,384.4459,PENDING_AG03,FALSE,NOT_FOR_ENFORCEMENT,462.2166,39471.8066,481.4756,462.2166,19.2590,0.01060812,0.01018379,19.2590,462.2166,0.01018379,19.2590,19.2590,19.2590,24.0738,24.0738,462.2166,0.01018379,105.9246,97.0297,375.5510,384.4459,0.00827433,0.00847031,0.00042432,78.5250,88.6131,1.0377,160.4919,8.7541,15129.1571,154.6667,,78.5250,26.3317,67.1459,105.3269,157.9904,210.6538,263.3173,52.6635,-5.2663,3.137255,3.921568,1.169469,18,51,4,6,0E-8,0.01060812,,0E-8,0.000000,0.905899,0.000000,,2026-03-22,2026-03-24,3,55,29,3,1.000000,,,0.000000,,,,,,,,GLOBAL_BASELINE_NO_ENTITY_RANKING,,,NOT_APPLICABLE_GLOBAL_BASELINE,HF9g-P5,,,,X 全窗基线 · 不参与实体赏罚,8391452,840,A168_HF9F_20260827_0900,2026-08-27 09:00:00
2026-03-22,112177662,2169,0,2175.0006582932,210.1271822419,210.1271822419,0.5500000,28,23,0.49612150272148819,0.459240128261,0.48191842872761415,0.8144918224827165,0.48191842872761415,0.03688137446048819,ELIGIBLE,R03b_20260811_FULL_v1,L1_ELIGIBILITY,v2026-08-11,2026-03-21..2026-08-06,baccarat_bet02_101_all_pairs_incl_sentinel,round_win = game_pnl > 0 (decisive only),COMPATIBILITY_ONLY_NOT_PRODUCTION,45387.4714,41116.4652,481.4756,578,464,-0.01060812,,-0.01060812,-0.01060812,-481.4756,45387.4714,OK,0.0000,19.2590,4.0000,96.0000,AG03-UNRESOLVED,ALL5_LEVELS_bet23_to_bet27,19.2590,19.2590,19.2590,24.0738,24.0738,4.000000,4.000000,4.000000,5.000000,5.000000,96.000000,96.000000,96.000000,95.000000,95.000000,5.0,105.9246,97.0297,375.5510,384.4459,PENDING_AG03,FALSE,NOT_FOR_ENFORCEMENT,462.2166,39471.8066,481.4756,462.2166,19.2590,0.01060812,0.01018379,19.2590,462.2166,0.01018379,19.2590,19.2590,19.2590,24.0738,24.0738,462.2166,0.01018379,105.9246,97.0297,375.5510,384.4459,0.00827433,0.00847031,0.00042432,78.5250,88.6131,1.0377,160.4919,8.7541,15129.1571,154.6667,,78.5250,26.3317,67.1459,105.3269,157.9904,210.6538,263.3173,52.6635,-5.2663,3.137255,3.921568,1.169469,18,51,4,6,0E-8,0.01060812,,0E-8,0.000000,0.905899,0.000000,,2026-03-22,2026-03-24,3,55,29,3,1.000000,,,0.000000,,,,,,,,GLOBAL_BASELINE_NO_ENTITY_RANKING,,,NOT_APPLICABLE_GLOBAL_BASELINE,HF9g-P5,,,,X 全窗基线 · 不参与实体赏罚,8391453,840,A168_HF9F_20260827_0900,2026-08-27 09:00:00
2026-03-22,112177662,2171,0,1087.5003291469,-305.8430102431,-305.8430102431,0.3529412,23,20,0.45442290647727273,0.446102980833,-0.8403382877513387,-0.7727344520083287,-0.8403382877513387,0.00831992564427273,ELIGIBLE,R03b_20260811_FULL_v1,L1_ELIGIBILITY,v2026-08-11,2026-03-21..2026-08-06,baccarat_bet02_101_all_pairs_incl_sentinel,round_win = game_pnl > 0 (decisive only),COMPATIBILITY_ONLY_NOT_PRODUCTION,45387.4714,41116.4652,481.4756,578,464,-0.01060812,,-0.01060812,-0.01060812,-481.4756,45387.4714,OK,0.0000,19.2590,4.0000,96.0000,AG03-UNRESOLVED,ALL5_LEVELS_bet23_to_bet27,19.2590,19.2590,19.2590,24.0738,24.0738,4.000000,4.000000,4.000000,5.000000,5.000000,96.000000,96.000000,96.000000,95.000000,95.000000,5.0,105.9246,97.0297,375.5510,384.4459,PENDING_AG03,FALSE,NOT_FOR_ENFORCEMENT,462.2166,39471.8066,481.4756,462.2166,19.2590,0.01060812,0.01018379,19.2590,462.2166,0.01018379,19.2590,19.2590,19.2590,24.0738,24.0738,462.2166,0.01018379,105.9246,97.0297,375.5510,384.4459,0.00827433,0.00847031,0.00042432,78.5250,88.6131,1.0377,160.4919,8.7541,15129.1571,154.6667,,78.5250,26.3317,67.1459,105.3269,157.9904,210.6538,263.3173,52.6635,-5.2663,3.137255,3.921568,1.169469,18,51,4,6,0E-8,0.01060812,,0E-8,0.000000,0.905899,0.000000,,2026-03-22,2026-03-24,3,55,29,3,1.000000,,,0.000000,,,,,,,,GLOBAL_BASELINE_NO_ENTITY_RANKING,,,NOT_APPLICABLE_GLOBAL_BASELINE,HF9g-P5,,,,X 全窗基线 · 不参与实体赏罚,8391454,840,A168_HF9F_20260827_0900,2026-08-27 09:00:00
2026-03-22,112177662,2175,0,2446.2174474023,-473.9710877638,-473.9710877638,0.5000000,20,14,0.48736341913006335,0.412159067857,0.09459372719029849,0.6677264999749392,0.09459372719029849,0.07520435127306335,ELIGIBLE,R03b_20260811_FULL_v1,L1_ELIGIBILITY,v2026-08-11,2026-03-21..2026-08-06,baccarat_bet02_101_all_pairs_incl_sentinel,round_win = game_pnl > 0 (decisive only),COMPATIBILITY_ONLY_NOT_PRODUCTION,45387.4714,41116.4652,481.4756,578,464,-0.01060812,,-0.01060812,-0.01060812,-481.4756,45387.4714,OK,0.0000,19.2590,4.0000,96.0000,AG03-UNRESOLVED,ALL5_LEVELS_bet23_to_bet27,19.2590,19.2590,19.2590,24.0738,24.0738,4.000000,4.000000,4.000000,5.000000,5.000000,96.000000,96.000000,96.000000,95.000000,95.000000,5.0,105.9246,97.0297,375.5510,384.4459,PENDING_AG03,FALSE,NOT_FOR_ENFORCEMENT,462.2166,39471.8066,481.4756,462.2166,19.2590,0.01060812,0.01018379,19.2590,462.2166,0.01018379,19.2590,19.2590,19.2590,24.0738,24.0738,462.2166,0.01018379,105.9246,97.0297,375.5510,384.4459,0.00827433,0.00847031,0.00042432,78.5250,88.6131,1.0377,160.4919,8.7541,15129.1571,154.6667,,78.5250,26.3317,67.1459,105.3269,157.9904,210.6538,263.3173,52.6635,-5.2663,3.137255,3.921568,1.169469,18,51,4,6,0E-8,0.01060812,,0E-8,0.000000,0.905899,0.000000,,2026-03-22,2026-03-24,3,55,29,3,1.000000,,,0.000000,,,,,,,,GLOBAL_BASELINE_NO_ENTITY_RANKING,,,NOT_APPLICABLE_GLOBAL_BASELINE,HF9g-P5,,,,X 全窗基线 · 不参与实体赏罚,8391455,840,A168_HF9F_20260827_0900,2026-08-27 09:00:00
2026-03-22,112177662,2201,0,671.4590409985,-421.3076335677,-421.3076335677,0.2500000,8,4,0.45807662741381613,0.297275450000,-0.8352476993267387,-0.20686812659229928,-0.8352476993267387,0.16080117741381613,ELIGIBLE,R03b_20260811_FULL_v1,L1_ELIGIBILITY,v2026-08-11,2026-03-21..2026-08-06,baccarat_bet02_101_all_pairs_incl_sentinel,round_win = game_pnl > 0 (decisive only),COMPATIBILITY_ONLY_NOT_PRODUCTION,45387.4714,41116.4652,481.4756,578,464,-0.01060812,,-0.01060812,-0.01060812,-481.4756,45387.4714,OK,0.0000,19.2590,4.0000,96.0000,AG03-UNRESOLVED,ALL5_LEVELS_bet23_to_bet27,19.2590,19.2590,19.2590,24.0738,24.0738,4.000000,4.000000,4.000000,5.000000,5.000000,96.000000,96.000000,96.000000,95.000000,95.000000,5.0,105.9246,97.0297,375.5510,384.4459,PENDING_AG03,FALSE,NOT_FOR_ENFORCEMENT,462.2166,39471.8066,481.4756,462.2166,19.2590,0.01060812,0.01018379,19.2590,462.2166,0.01018379,19.2590,19.2590,19.2590,24.0738,24.0738,462.2166,0.01018379,105.9246,97.0297,375.5510,384.4459,0.00827433,0.00847031,0.00042432,78.5250,88.6131,1.0377,160.4919,8.7541,15129.1571,154.6667,,78.5250,26.3317,67.1459,105.3269,157.9904,210.6538,263.3173,52.6635,-5.2663,3.137255,3.921568,1.169469,18,51,4,6,0E-8,0.01060812,,0E-8,0.000000,0.905899,0.000000,,2026-03-22,2026-03-24,3,55,29,3,1.000000,,,0.000000,,,,,,,,GLOBAL_BASELINE_NO_ENTITY_RANKING,,,NOT_APPLICABLE_GLOBAL_BASELINE,HF9g-P5,,,,X 全窗基线 · 不参与实体赏罚,8391456,840,A168_HF9F_20260827_0900,2026-08-27 09:00:00
2026-03-22,112177662,2216,0,144.8244990389,-144.8244990389,-144.8244990389,0E-7,2,1,0.45700525454542952,0.293924150000,-0.9174085499186718,-0.6451964315166089,-0.9174085499186718,0.16308110454542952,ELIGIBLE,R03b_20260811_FULL_v1,L1_ELIGIBILITY,v2026-08-11,2026-03-21..2026-08-06,baccarat_bet02_101_all_pairs_incl_sentinel,round_win = game_pnl > 0 (decisive only),COMPATIBILITY_ONLY_NOT_PRODUCTION,45387.4714,41116.4652,481.4756,578,464,-0.01060812,,-0.01060812,-0.01060812,-481.4756,45387.4714,OK,0.0000,19.2590,4.0000,96.0000,AG03-UNRESOLVED,ALL5_LEVELS_bet23_to_bet27,19.2590,19.2590,19.2590,24.0738,24.0738,4.000000,4.000000,4.000000,5.000000,5.000000,96.000000,96.000000,96.000000,95.000000,95.000000,5.0,105.9246,97.0297,375.5510,384.4459,PENDING_AG03,FALSE,NOT_FOR_ENFORCEMENT,462.2166,39471.8066,481.4756,462.2166,19.2590,0.01060812,0.01018379,19.2590,462.2166,0.01018379,19.2590,19.2590,19.2590,24.0738,24.0738,462.2166,0.01018379,105.9246,97.0297,375.5510,384.4459,0.00827433,0.00847031,0.00042432,78.5250,88.6131,1.0377,160.4919,8.7541,15129.1571,154.6667,,78.5250,26.3317,67.1459,105.3269,157.9904,210.6538,263.3173,52.6635,-5.2663,3.137255,3.921568,1.169469,18,51,4,6,0E-8,0.01060812,,0E-8,0.000000,0.905899,0.000000,,2026-03-22,2026-03-24,3,55,29,3,1.000000,,,0.000000,,,,,,,,GLOBAL_BASELINE_NO_ENTITY_RANKING,,,NOT_APPLICABLE_GLOBAL_BASELINE,HF9g-P5,,,,X 全窗基线 · 不参与实体赏罚,8391457,840,A168_HF9F_20260827_0900,2026-08-27 09:00:00
2026-03-22,112177662,2222,0,105.3269083919,100.0605629723,100.0605629723,1.0000000,1,1,0.50665070000000000,0.506650700000,0.9867858985152569,0.9867858985152569,0.9867858985152569,0E-17,ELIGIBLE,R03b_20260811_FULL_v1,L1_ELIGIBILITY,v2026-08-11,2026-03-21..2026-08-06,baccarat_bet02_101_all_pairs_incl_sentinel,round_win = game_pnl > 0 (decisive only),COMPATIBILITY_ONLY_NOT_PRODUCTION,45387.4714,41116.4652,481.4756,578,464,-0.01060812,,-0.01060812,-0.01060812,-481.4756,45387.4714,OK,0.0000,19.2590,4.0000,96.0000,AG03-UNRESOLVED,ALL5_LEVELS_bet23_to_bet27,19.2590,19.2590,19.2590,24.0738,24.0738,4.000000,4.000000,4.000000,5.000000,5.000000,96.000000,96.000000,96.000000,95.000000,95.000000,5.0,105.9246,97.0297,375.5510,384.4459,PENDING_AG03,FALSE,NOT_FOR_ENFORCEMENT,462.2166,39471.8066,481.4756,462.2166,19.2590,0.01060812,0.01018379,19.2590,462.2166,0.01018379,19.2590,19.2590,19.2590,24.0738,24.0738,462.2166,0.01018379,105.9246,97.0297,375.5510,384.4459,0.00827433,0.00847031,0.00042432,78.5250,88.6131,1.0377,160.4919,8.7541,15129.1571,154.6667,,78.5250,26.3317,67.1459,105.3269,157.9904,210.6538,263.3173,52.6635,-5.2663,3.137255,3.921568,1.169469,18,51,4,6,0E-8,0.01060812,,0E-8,0.000000,0.905899,0.000000,,2026-03-22,2026-03-24,3,55,29,3,1.000000,,,0.000000,,,,,,,,GLOBAL_BASELINE_NO_ENTITY_RANKING,,,NOT_APPLICABLE_GLOBAL_BASELINE,HF9g-P5,,,,X 全窗基线 · 不参与实体赏罚,8391458,840,A168_HF9F_20260827_0900,2026-08-27 09:00:00
2026-03-22,112177662,2223,0,961.1080390762,-239.6187165916,-239.6187165916,0.3333333,8,7,0.49536063277310600,0.468135985714,-0.7938025879750872,-0.6617405464649109,-0.7938025879750872,0.02722464705910600,ELIGIBLE,R03b_20260811_FULL_v1,L1_ELIGIBILITY,v2026-08-11,2026-03-21..2026-08-06,baccarat_bet02_101_all_pairs_incl_sentinel,round_win = game_pnl > 0 (decisive only),COMPATIBILITY_ONLY_NOT_PRODUCTION,45387.4714,41116.4652,481.4756,578,464,-0.01060812,,-0.01060812,-0.01060812,-481.4756,45387.4714,OK,0.0000,19.2590,4.0000,96.0000,AG03-UNRESOLVED,ALL5_LEVELS_bet23_to_bet27,19.2590,19.2590,19.2590,24.0738,24.0738,4.000000,4.000000,4.000000,5.000000,5.000000,96.000000,96.000000,96.000000,95.000000,95.000000,5.0,105.9246,97.0297,375.5510,384.4459,PENDING_AG03,FALSE,NOT_FOR_ENFORCEMENT,462.2166,39471.8066,481.4756,462.2166,19.2590,0.01060812,0.01018379,19.2590,462.2166,0.01018379,19.2590,19.2590,19.2590,24.0738,24.0738,462.2166,0.01018379,105.9246,97.0297,375.5510,384.4459,0.00827433,0.00847031,0.00042432,78.5250,88.6131,1.0377,160.4919,8.7541,15129.1571,154.6667,,78.5250,26.3317,67.1459,105.3269,157.9904,210.6538,263.3173,52.6635,-5.2663,3.137255,3.921568,1.169469,18,51,4,6,0E-8,0.01060812,,0E-8,0.000000,0.905899,0.000000,,2026-03-22,2026-03-24,3,55,29,3,1.000000,,,0.000000,,,,,,,,GLOBAL_BASELINE_NO_ENTITY_RANKING,,,NOT_APPLICABLE_GLOBAL_BASELINE,HF9g-P5,,,,X 全窗基线 · 不参与实体赏罚,8391459,840,A168_HF9F_20260827_0900,2026-08-27 09:00:00
2026-03-22,112177662,2239,0,105.3269083919,-105.3269083919,-105.3269083919,0E-7,1,1,0.50665070000000000,0.506650700000,-1.013391052207602,-1.013391052207602,-1.013391052207602,0E-17,ELIGIBLE,R03b_20260811_FULL_v1,L1_ELIGIBILITY,v2026-08-11,2026-03-21..2026-08-06,baccarat_bet02_101_all_pairs_incl_sentinel,round_win = game_pnl > 0 (decisive only),COMPATIBILITY_ONLY_NOT_PRODUCTION,45387.4714,41116.4652,481.4756,578,464,-0.01060812,,-0.01060812,-0.01060812,-481.4756,45387.4714,OK,0.0000,19.2590,4.0000,96.0000,AG03-UNRESOLVED,ALL5_LEVELS_bet23_to_bet27,19.2590,19.2590,19.2590,24.0738,24.0738,4.000000,4.000000,4.000000,5.000000,5.000000,96.000000,96.000000,96.000000,95.000000,95.000000,5.0,105.9246,97.0297,375.5510,384.4459,PENDING_AG03,FALSE,NOT_FOR_ENFORCEMENT,462.2166,39471.8066,481.4756,462.2166,19.2590,0.01060812,0.01018379,19.2590,462.2166,0.01018379,19.2590,19.2590,19.2590,24.0738,24.0738,462.2166,0.01018379,105.9246,97.0297,375.5510,384.4459,0.00827433,0.00847031,0.00042432,78.5250,88.6131,1.0377,160.4919,8.7541,15129.1571,154.6667,,78.5250,26.3317,67.1459,105.3269,157.9904,210.6538,263.3173,52.6635,-5.2663,3.137255,3.921568,1.169469,18,51,4,6,0E-8,0.01060812,,0E-8,0.000000,0.905899,0.000000,,2026-03-22,2026-03-24,3,55,29,3,1.000000,,,0.000000,,,,,,,,GLOBAL_BASELINE_NO_ENTITY_RANKING,,,NOT_APPLICABLE_GLOBAL_BASELINE,HF9g-P5,,,,X 全窗基线 · 不参与实体赏罚,8391460,840,A168_HF9F_20260827_0900,2026-08-27 09:00:00
2026-03-22,112177662,2241,0,1179.6613739897,-36.8644179371,-36.8644179371,0.4615385,18,13,0.45870142820068585,0.418656208974,0.020528283111921793,0.31340359874843404,0.020528283111921793,0.04004521922668585,ELIGIBLE,R03b_20260811_FULL_v1,L1_ELIGIBILITY,v2026-08-11,2026-03-21..2026-08-06,baccarat_bet02_101_all_pairs_incl_sentinel,round_win = game_pnl > 0 (decisive only),COMPATIBILITY_ONLY_NOT_PRODUCTION,45387.4714,41116.4652,481.4756,578,464,-0.01060812,,-0.01060812,-0.01060812,-481.4756,45387.4714,OK,0.0000,19.2590,4.0000,96.0000,AG03-UNRESOLVED,ALL5_LEVELS_bet23_to_bet27,19.2590,19.2590,19.2590,24.0738,24.0738,4.000000,4.000000,4.000000,5.000000,5.000000,96.000000,96.000000,96.000000,95.000000,95.000000,5.0,105.9246,97.0297,375.5510,384.4459,PENDING_AG03,FALSE,NOT_FOR_ENFORCEMENT,462.2166,39471.8066,481.4756,462.2166,19.2590,0.01060812,0.01018379,19.2590,462.2166,0.01018379,19.2590,19.2590,19.2590,24.0738,24.0738,462.2166,0.01018379,105.9246,97.0297,375.5510,384.4459,0.00827433,0.00847031,0.00042432,78.5250,88.6131,1.0377,160.4919,8.7541,15129.1571,154.6667,,78.5250,26.3317,67.1459,105.3269,157.9904,210.6538,263.3173,52.6635,-5.2663,3.137255,3.921568,1.169469,18,51,4,6,0E-8,0.01060812,,0E-8,0.000000,0.905899,0.000000,,2026-03-22,2026-03-24,3,55,29,3,1.000000,,,0.000000,,,,,,,,GLOBAL_BASELINE_NO_ENTITY_RANKING,,,NOT_APPLICABLE_GLOBAL_BASELINE,HF9g-P5,,,,X 全窗基线 · 不参与实体赏罚,8391461,840,A168_HF9F_20260827_0900,2026-08-27 09:00:00
2026-03-22,112177662,2244,0,78.9951812939,75.0454222292,75.0454222292,1.0000000,1,1,0.50665070000000000,0.506650700000,0.9867858985152569,0.9867858985152569,0.9867858985152569,0E-17,ELIGIBLE,R03b_20260811_FULL_v1,L1_ELIGIBILITY,v2026-08-11,2026-03-21..2026-08-06,baccarat_bet02_101_all_pairs_incl_sentinel,round_win = game_pnl > 0 (decisive only),COMPATIBILITY_ONLY_NOT_PRODUCTION,45387.4714,41116.4652,481.4756,578,464,-0.01060812,,-0.01060812,-0.01060812,-481.4756,45387.4714,OK,0.0000,19.2590,4.0000,96.0000,AG03-UNRESOLVED,ALL5_LEVELS_bet23_to_bet27,19.2590,19.2590,19.2590,24.0738,24.0738,4.000000,4.000000,4.000000,5.000000,5.000000,96.000000,96.000000,96.000000,95.000000,95.000000,5.0,105.9246,97.0297,375.5510,384.4459,PENDING_AG03,FALSE,NOT_FOR_ENFORCEMENT,462.2166,39471.8066,481.4756,462.2166,19.2590,0.01060812,0.01018379,19.2590,462.2166,0.01018379,19.2590,19.2590,19.2590,24.0738,24.0738,462.2166,0.01018379,105.9246,97.0297,375.5510,384.4459,0.00827433,0.00847031,0.00042432,78.5250,88.6131,1.0377,160.4919,8.7541,15129.1571,154.6667,,78.5250,26.3317,67.1459,105.3269,157.9904,210.6538,263.3173,52.6635,-5.2663,3.137255,3.921568,1.169469,18,51,4,6,0E-8,0.01060812,,0E-8,0.000000,0.905899,0.000000,,2026-03-22,2026-03-24,3,55,29,3,1.000000,,,0.000000,,,,,,,,GLOBAL_BASELINE_NO_ENTITY_RANKING,,,NOT_APPLICABLE_GLOBAL_BASELINE,HF9g-P5,,,,X 全窗基线 · 不参与实体赏罚,8391462,840,A168_HF9F_20260827_0900,2026-08-27 09:00:00
2026-03-22,112177662,550,0,2132.8698949365,39.8925665535,39.8925665535,0.4761905,29,23,0.46120880474307543,0.425964573913,0.13772439592095426,0.4654588649844217,0.13772439592095426,0.03524423083007543,ELIGIBLE,R03b_20260811_FULL_v1,L1_ELIGIBILITY,v2026-08-11,2026-03-21..2026-08-06,baccarat_bet02_101_all_pairs_incl_sentinel,round_win = game_pnl > 0 (decisive only),COMPATIBILITY_ONLY_NOT_PRODUCTION,45387.4714,41116.4652,481.4756,578,464,-0.01060812,,-0.01060812,-0.01060812,-481.4756,45387.4714,OK,0.0000,19.2590,4.0000,96.0000,AG03-UNRESOLVED,ALL5_LEVELS_bet23_to_bet27,19.2590,19.2590,19.2590,24.0738,24.0738,4.000000,4.000000,4.000000,5.000000,5.000000,96.000000,96.000000,96.000000,95.000000,95.000000,5.0,105.9246,97.0297,375.5510,384.4459,PENDING_AG03,FALSE,NOT_FOR_ENFORCEMENT,462.2166,39471.8066,481.4756,462.2166,19.2590,0.01060812,0.01018379,19.2590,462.2166,0.01018379,19.2590,19.2590,19.2590,24.0738,24.0738,462.2166,0.01018379,105.9246,97.0297,375.5510,384.4459,0.00827433,0.00847031,0.00042432,78.5250,88.6131,1.0377,160.4919,8.7541,15129.1571,154.6667,,78.5250,26.3317,67.1459,105.3269,157.9904,210.6538,263.3173,52.6635,-5.2663,3.137255,3.921568,1.169469,18,51,4,6,0E-8,0.01060812,,0E-8,0.000000,0.905899,0.000000,,2026-03-22,2026-03-24,3,55,29,3,1.000000,,,0.000000,,,,,,,,GLOBAL_BASELINE_NO_ENTITY_RANKING,,,NOT_APPLICABLE_GLOBAL_BASELINE,HF9g-P5,,,,X 全窗基线 · 不参与实体赏罚,8391463,840,A168_HF9F_20260827_0900,2026-08-27 09:00:00
2026-03-22,112177662,583,0,1132.2642652133,-406.8251836636,-406.8251836636,0.4615385,16,14,0.48601609047618781,0.470037350000,-0.17657976623315982,-0.06139669445272694,-0.17657976623315982,0.01597874047618781,ELIGIBLE,R03b_20260811_FULL_v1,L1_ELIGIBILITY,v2026-08-11,2026-03-21..2026-08-06,baccarat_bet02_101_all_pairs_incl_sentinel,round_win = game_pnl > 0 (decisive only),COMPATIBILITY_ONLY_NOT_PRODUCTION,45387.4714,41116.4652,481.4756,578,464,-0.01060812,,-0.01060812,-0.01060812,-481.4756,45387.4714,OK,0.0000,19.2590,4.0000,96.0000,AG03-UNRESOLVED,ALL5_LEVELS_bet23_to_bet27,19.2590,19.2590,19.2590,24.0738,24.0738,4.000000,4.000000,4.000000,5.000000,5.000000,96.000000,96.000000,96.000000,95.000000,95.000000,5.0,105.9246,97.0297,375.5510,384.4459,PENDING_AG03,FALSE,NOT_FOR_ENFORCEMENT,462.2166,39471.8066,481.4756,462.2166,19.2590,0.01060812,0.01018379,19.2590,462.2166,0.01018379,19.2590,19.2590,19.2590,24.0738,24.0738,462.2166,0.01018379,105.9246,97.0297,375.5510,384.4459,0.00827433,0.00847031,0.00042432,78.5250,88.6131,1.0377,160.4919,8.7541,15129.1571,154.6667,,78.5250,26.3317,67.1459,105.3269,157.9904,210.6538,263.3173,52.6635,-5.2663,3.137255,3.921568,1.169469,18,51,4,6,0E-8,0.01060812,,0E-8,0.000000,0.905899,0.000000,,2026-03-22,2026-03-24,3,55,29,3,1.000000,,,0.000000,,,,,,,,GLOBAL_BASELINE_NO_ENTITY_RANKING,,,NOT_APPLICABLE_GLOBAL_BASELINE,HF9g-P5,,,,X 全窗基线 · 不参与实体赏罚,8391464,840,A168_HF9F_20260827_0900,2026-08-27 09:00:00
2026-03-22,112177662,925,0,84.2615267136,-42.1307633568,-42.1307633568,0.3333333,3,3,0.50218230000000000,0.502182300000,-0.5849155494134425,-0.5849155494134426,-0.5849155494134425,0E-17,ELIGIBLE,R03b_20260811_FULL_v1,L1_ELIGIBILITY,v2026-08-11,2026-03-21..2026-08-06,baccarat_bet02_101_all_pairs_incl_sentinel,round_win = game_pnl > 0 (decisive only),COMPATIBILITY_ONLY_NOT_PRODUCTION,45387.4714,41116.4652,481.4756,578,464,-0.01060812,,-0.01060812,-0.01060812,-481.4756,45387.4714,OK,0.0000,19.2590,4.0000,96.0000,AG03-UNRESOLVED,ALL5_LEVELS_bet23_to_bet27,19.2590,19.2590,19.2590,24.0738,24.0738,4.000000,4.000000,4.000000,5.000000,5.000000,96.000000,96.000000,96.000000,95.000000,95.000000,5.0,105.9246,97.0297,375.5510,384.4459,PENDING_AG03,FALSE,NOT_FOR_ENFORCEMENT,462.2166,39471.8066,481.4756,462.2166,19.2590,0.01060812,0.01018379,19.2590,462.2166,0.01018379,19.2590,19.2590,19.2590,24.0738,24.0738,462.2166,0.01018379,105.9246,97.0297,375.5510,384.4459,0.00827433,0.00847031,0.00042432,78.5250,88.6131,1.0377,160.4919,8.7541,15129.1571,154.6667,,78.5250,26.3317,67.1459,105.3269,157.9904,210.6538,263.3173,52.6635,-5.2663,3.137255,3.921568,1.169469,18,51,4,6,0E-8,0.01060812,,0E-8,0.000000,0.905899,0.000000,,2026-03-22,2026-03-24,3,55,29,3,1.000000,,,0.000000,,,,,,,,GLOBAL_BASELINE_NO_ENTITY_RANKING,,,NOT_APPLICABLE_GLOBAL_BASELINE,HF9g-P5,,,,X 全窗基线 · 不参与实体赏罚,8391465,840,A168_HF9F_20260827_0900,2026-08-27 09:00:00
2026-03-22,112177662,986,0,855.7811306843,-381.8100429207,-381.8100429207,0.2500000,5,4,0.48773814210525876,0.440925600000,-0.9512386549150299,-0.7690891760879445,-0.9512386549150299,0.04681254210525876,ELIGIBLE,R03b_20260811_FULL_v1,L1_ELIGIBILITY,v2026-08-11,2026-03-21..2026-08-06,baccarat_bet02_101_all_pairs_incl_sentinel,round_win = game_pnl > 0 (decisive only),COMPATIBILITY_ONLY_NOT_PRODUCTION,45387.4714,41116.4652,481.4756,578,464,-0.01060812,,-0.01060812,-0.01060812,-481.4756,45387.4714,OK,0.0000,19.2590,4.0000,96.0000,AG03-UNRESOLVED,ALL5_LEVELS_bet23_to_bet27,19.2590,19.2590,19.2590,24.0738,24.0738,4.000000,4.000000,4.000000,5.000000,5.000000,96.000000,96.000000,96.000000,95.000000,95.000000,5.0,105.9246,97.0297,375.5510,384.4459,PENDING_AG03,FALSE,NOT_FOR_ENFORCEMENT,462.2166,39471.8066,481.4756,462.2166,19.2590,0.01060812,0.01018379,19.2590,462.2166,0.01018379,19.2590,19.2590,19.2590,24.0738,24.0738,462.2166,0.01018379,105.9246,97.0297,375.5510,384.4459,0.00827433,0.00847031,0.00042432,78.5250,88.6131,1.0377,160.4919,8.7541,15129.1571,154.6667,,78.5250,26.3317,67.1459,105.3269,157.9904,210.6538,263.3173,52.6635,-5.2663,3.137255,3.921568,1.169469,18,51,4,6,0E-8,0.01060812,,0E-8,0.000000,0.905899,0.000000,,2026-03-22,2026-03-24,3,55,29,3,1.000000,,,0.000000,,,,,,,,GLOBAL_BASELINE_NO_ENTITY_RANKING,,,NOT_APPLICABLE_GLOBAL_BASELINE,HF9g-P5,,,,X 全窗基线 · 不参与实体赏罚,8391466,840,A168_HF9F_20260827_0900,2026-08-27 09:00:00
2026-03-23,112177662,1291,0,142.1913263292,14.4824499039,14.4824499039,0.7500000,5,4,0.47998668750000000,0.446766462500,1.0809194842439718,1.2198675988871008,1.0809194842439718,0.03322022500000000,ELIGIBLE,R03b_20260811_FULL_v1,L1_ELIGIBILITY,v2026-08-11,2026-03-21..2026-08-06,baccarat_bet02_101_all_pairs_incl_sentinel,round_win = game_pnl > 0 (decisive only),COMPATIBILITY_ONLY_NOT_PRODUCTION,45387.4714,41116.4652,481.4756,578,464,-0.01060812,,-0.01060812,-0.01060812,-481.4756,45387.4714,OK,0.0000,19.2590,4.0000,96.0000,AG03-UNRESOLVED,ALL5_LEVELS_bet23_to_bet27,19.2590,19.2590,19.2590,24.0738,24.0738,4.000000,4.000000,4.000000,5.000000,5.000000,96.000000,96.000000,96.000000,95.000000,95.000000,5.0,105.9246,97.0297,375.5510,384.4459,PENDING_AG03,FALSE,NOT_FOR_ENFORCEMENT,462.2166,39471.8066,481.4756,462.2166,19.2590,0.01060812,0.01018379,19.2590,462.2166,0.01018379,19.2590,19.2590,19.2590,24.0738,24.0738,462.2166,0.01018379,105.9246,97.0297,375.5510,384.4459,0.00827433,0.00847031,0.00042432,78.5250,88.6131,1.0377,160.4919,8.7541,15129.1571,154.6667,,78.5250,26.3317,67.1459,105.3269,157.9904,210.6538,263.3173,52.6635,-5.2663,3.137255,3.921568,1.169469,18,51,4,6,0E-8,0.01060812,,0E-8,0.000000,0.905899,0.000000,,2026-03-22,2026-03-24,3,55,29,3,1.000000,,,0.000000,,,,,,,,GLOBAL_BASELINE_NO_ENTITY_RANKING,,,NOT_APPLICABLE_GLOBAL_BASELINE,HF9g-P5,,,,X 全窗基线 · 不参与实体赏罚,8391467,840,A168_HF9F_20260827_0900,2026-08-27 09:00:00
2026-03-23,112177662,1396,0,1221.2655028043,482.6605577058,482.6605577058,0.6666667,14,12,0.48815546605084541,0.461159320833,1.237109040897353,1.4281120723847256,1.237109040897353,0.02699614521784541,ELIGIBLE,R03b_20260811_FULL_v1,L1_ELIGIBILITY,v2026-08-11,2026-03-21..2026-08-06,baccarat_bet02_101_all_pairs_incl_sentinel,round_win = game_pnl > 0 (decisive only),COMPATIBILITY_ONLY_NOT_PRODUCTION,45387.4714,41116.4652,481.4756,578,464,-0.01060812,,-0.01060812,-0.01060812,-481.4756,45387.4714,OK,0.0000,19.2590,4.0000,96.0000,AG03-UNRESOLVED,ALL5_LEVELS_bet23_to_bet27,19.2590,19.2590,19.2590,24.0738,24.0738,4.000000,4.000000,4.000000,5.000000,5.000000,96.000000,96.000000,96.000000,95.000000,95.000000,5.0,105.9246,97.0297,375.5510,384.4459,PENDING_AG03,FALSE,NOT_FOR_ENFORCEMENT,462.2166,39471.8066,481.4756,462.2166,19.2590,0.01060812,0.01018379,19.2590,462.2166,0.01018379,19.2590,19.2590,19.2590,24.0738,24.0738,462.2166,0.01018379,105.9246,97.0297,375.5510,384.4459,0.00827433,0.00847031,0.00042432,78.5250,88.6131,1.0377,160.4919,8.7541,15129.1571,154.6667,,78.5250,26.3317,67.1459,105.3269,157.9904,210.6538,263.3173,52.6635,-5.2663,3.137255,3.921568,1.169469,18,51,4,6,0E-8,0.01060812,,0E-8,0.000000,0.905899,0.000000,,2026-03-22,2026-03-24,3,55,29,3,1.000000,,,0.000000,,,,,,,,GLOBAL_BASELINE_NO_ENTITY_RANKING,,,NOT_APPLICABLE_GLOBAL_BASELINE,HF9g-P5,,,,X 全窗基线 · 不参与实体赏罚,8391468,840,A168_HF9F_20260827_0900,2026-08-27 09:00:00
2026-03-23,112177662,1400,0,236.9855438820,228.4277325750,228.4277325750,1.0000000,4,4,0.50329940000000000,0.503299400000,1.9868456582349654,1.9868456582349654,1.9868456582349654,0E-17,ELIGIBLE,R03b_20260811_FULL_v1,L1_ELIGIBILITY,v2026-08-11,2026-03-21..2026-08-06,baccarat_bet02_101_all_pairs_incl_sentinel,round_win = game_pnl > 0 (decisive only),COMPATIBILITY_ONLY_NOT_PRODUCTION,45387.4714,41116.4652,481.4756,578,464,-0.01060812,,-0.01060812,-0.01060812,-481.4756,45387.4714,OK,0.0000,19.2590,4.0000,96.0000,AG03-UNRESOLVED,ALL5_LEVELS_bet23_to_bet27,19.2590,19.2590,19.2590,24.0738,24.0738,4.000000,4.000000,4.000000,5.000000,5.000000,96.000000,96.000000,96.000000,95.000000,95.000000,5.0,105.9246,97.0297,375.5510,384.4459,PENDING_AG03,FALSE,NOT_FOR_ENFORCEMENT,462.2166,39471.8066,481.4756,462.2166,19.2590,0.01060812,0.01018379,19.2590,462.2166,0.01018379,19.2590,19.2590,19.2590,24.0738,24.0738,462.2166,0.01018379,105.9246,97.0297,375.5510,384.4459,0.00827433,0.00847031,0.00042432,78.5250,88.6131,1.0377,160.4919,8.7541,15129.1571,154.6667,,78.5250,26.3317,67.1459,105.3269,157.9904,210.6538,263.3173,52.6635,-5.2663,3.137255,3.921568,1.169469,18,51,4,6,0E-8,0.01060812,,0E-8,0.000000,0.905899,0.000000,,2026-03-22,2026-03-24,3,55,29,3,1.000000,,,0.000000,,,,,,,,GLOBAL_BASELINE_NO_ENTITY_RANKING,,,NOT_APPLICABLE_GLOBAL_BASELINE,HF9g-P5,,,,X 全窗基线 · 不参与实体赏罚,8391469,840,A168_HF9F_20260827_0900,2026-08-27 09:00:00
2026-03-24,112177662,-1,1,65.8293177450,62.5378518577,62.5378518577,1.0000000,1,1,0.50665070000000000,0.506650700000,0.9867858985152569,0.9867858985152569,0.9867858985152569,0E-17,SENTINEL_DEALER,R03b_20260811_FULL_v1,L1_ELIGIBILITY,v2026-08-11,2026-03-21..2026-08-06,baccarat_bet02_101_all_pairs_incl_sentinel,round_win = game_pnl > 0 (decisive only),COMPATIBILITY_ONLY_NOT_PRODUCTION,45387.4714,41116.4652,481.4756,578,464,-0.01060812,,-0.01060812,-0.01060812,-481.4756,45387.4714,OK,0.0000,19.2590,4.0000,96.0000,AG03-UNRESOLVED,ALL5_LEVELS_bet23_to_bet27,19.2590,19.2590,19.2590,24.0738,24.0738,4.000000,4.000000,4.000000,5.000000,5.000000,96.000000,96.000000,96.000000,95.000000,95.000000,5.0,105.9246,97.0297,375.5510,384.4459,PENDING_AG03,FALSE,NOT_FOR_ENFORCEMENT,462.2166,39471.8066,481.4756,462.2166,19.2590,0.01060812,0.01018379,19.2590,462.2166,0.01018379,19.2590,19.2590,19.2590,24.0738,24.0738,462.2166,0.01018379,105.9246,97.0297,375.5510,384.4459,0.00827433,0.00847031,0.00042432,78.5250,88.6131,1.0377,160.4919,8.7541,15129.1571,154.6667,,78.5250,26.3317,67.1459,105.3269,157.9904,210.6538,263.3173,52.6635,-5.2663,3.137255,3.921568,1.169469,18,51,4,6,0E-8,0.01060812,,0E-8,0.000000,0.905899,0.000000,,2026-03-22,2026-03-24,3,55,29,3,1.000000,,,0.000000,,,,,,,,GLOBAL_BASELINE_NO_ENTITY_RANKING,,,NOT_APPLICABLE_GLOBAL_BASELINE,HF9g-P5,,,,X 全窗基线 · 不参与实体赏罚,8391470,840,A168_HF9F_20260827_0900,2026-08-27 09:00:00
2026-03-24,112177662,1094,0,52.6634541960,-52.6634541960,-52.6634541960,0E-7,1,1,0.49324550000000000,0.493245500000,-0.9865810262130424,-0.9865810262130424,-0.9865810262130424,0E-17,ELIGIBLE,R03b_20260811_FULL_v1,L1_ELIGIBILITY,v2026-08-11,2026-03-21..2026-08-06,baccarat_bet02_101_all_pairs_incl_sentinel,round_win = game_pnl > 0 (decisive only),COMPATIBILITY_ONLY_NOT_PRODUCTION,45387.4714,41116.4652,481.4756,578,464,-0.01060812,,-0.01060812,-0.01060812,-481.4756,45387.4714,OK,0.0000,19.2590,4.0000,96.0000,AG03-UNRESOLVED,ALL5_LEVELS_bet23_to_bet27,19.2590,19.2590,19.2590,24.0738,24.0738,4.000000,4.000000,4.000000,5.000000,5.000000,96.000000,96.000000,96.000000,95.000000,95.000000,5.0,105.9246,97.0297,375.5510,384.4459,PENDING_AG03,FALSE,NOT_FOR_ENFORCEMENT,462.2166,39471.8066,481.4756,462.2166,19.2590,0.01060812,0.01018379,19.2590,462.2166,0.01018379,19.2590,19.2590,19.2590,24.0738,24.0738,462.2166,0.01018379,105.9246,97.0297,375.5510,384.4459,0.00827433,0.00847031,0.00042432,78.5250,88.6131,1.0377,160.4919,8.7541,15129.1571,154.6667,,78.5250,26.3317,67.1459,105.3269,157.9904,210.6538,263.3173,52.6635,-5.2663,3.137255,3.921568,1.169469,18,51,4,6,0E-8,0.01060812,,0E-8,0.000000,0.905899,0.000000,,2026-03-22,2026-03-24,3,55,29,3,1.000000,,,0.000000,,,,,,,,GLOBAL_BASELINE_NO_ENTITY_RANKING,,,NOT_APPLICABLE_GLOBAL_BASELINE,HF9g-P5,,,,X 全窗基线 · 不参与实体赏罚,8391471,840,A168_HF9F_20260827_0900,2026-08-27 09:00:00
2026-03-24,112177662,1318,0,2193.4328672615,65.8293177448,65.8293177448,0.5882353,28,18,0.48087520570488364,0.402298277778,0.8859623013903307,1.563413933298342,0.8859623013903307,0.07857692792688364,ELIGIBLE,R03b_20260811_FULL_v1,L1_ELIGIBILITY,v2026-08-11,2026-03-21..2026-08-06,baccarat_bet02_101_all_pairs_incl_sentinel,round_win = game_pnl > 0 (decisive only),COMPATIBILITY_ONLY_NOT_PRODUCTION,45387.4714,41116.4652,481.4756,578,464,-0.01060812,,-0.01060812,-0.01060812,-481.4756,45387.4714,OK,0.0000,19.2590,4.0000,96.0000,AG03-UNRESOLVED,ALL5_LEVELS_bet23_to_bet27,19.2590,19.2590,19.2590,24.0738,24.0738,4.000000,4.000000,4.000000,5.000000,5.000000,96.000000,96.000000,96.000000,95.000000,95.000000,5.0,105.9246,97.0297,375.5510,384.4459,PENDING_AG03,FALSE,NOT_FOR_ENFORCEMENT,462.2166,39471.8066,481.4756,462.2166,19.2590,0.01060812,0.01018379,19.2590,462.2166,0.01018379,19.2590,19.2590,19.2590,24.0738,24.0738,462.2166,0.01018379,105.9246,97.0297,375.5510,384.4459,0.00827433,0.00847031,0.00042432,78.5250,88.6131,1.0377,160.4919,8.7541,15129.1571,154.6667,,78.5250,26.3317,67.1459,105.3269,157.9904,210.6538,263.3173,52.6635,-5.2663,3.137255,3.921568,1.169469,18,51,4,6,0E-8,0.01060812,,0E-8,0.000000,0.905899,0.000000,,2026-03-22,2026-03-24,3,55,29,3,1.000000,,,0.000000,,,,,,,,GLOBAL_BASELINE_NO_ENTITY_RANKING,,,NOT_APPLICABLE_GLOBAL_BASELINE,HF9g-P5,,,,X 全窗基线 · 不参与实体赏罚,8391472,840,A168_HF9F_20260827_0900,2026-08-27 09:00:00
2026-03-24,112177662,1325,0,932.1431392684,380.4934565658,380.4934565658,0.6666667,15,13,0.49033683819004102,0.468518184615,1.221877098250374,1.3755422739786818,1.221877098250374,0.02181865357504102,ELIGIBLE,R03b_20260811_FULL_v1,L1_ELIGIBILITY,v2026-08-11,2026-03-21..2026-08-06,baccarat_bet02_101_all_pairs_incl_sentinel,round_win = game_pnl > 0 (decisive only),COMPATIBILITY_ONLY_NOT_PRODUCTION,45387.4714,41116.4652,481.4756,578,464,-0.01060812,,-0.01060812,-0.01060812,-481.4756,45387.4714,OK,0.0000,19.2590,4.0000,96.0000,AG03-UNRESOLVED,ALL5_LEVELS_bet23_to_bet27,19.2590,19.2590,19.2590,24.0738,24.0738,4.000000,4.000000,4.000000,5.000000,5.000000,96.000000,96.000000,96.000000,95.000000,95.000000,5.0,105.9246,97.0297,375.5510,384.4459,PENDING_AG03,FALSE,NOT_FOR_ENFORCEMENT,462.2166,39471.8066,481.4756,462.2166,19.2590,0.01060812,0.01018379,19.2590,462.2166,0.01018379,19.2590,19.2590,19.2590,24.0738,24.0738,462.2166,0.01018379,105.9246,97.0297,375.5510,384.4459,0.00827433,0.00847031,0.00042432,78.5250,88.6131,1.0377,160.4919,8.7541,15129.1571,154.6667,,78.5250,26.3317,67.1459,105.3269,157.9904,210.6538,263.3173,52.6635,-5.2663,3.137255,3.921568,1.169469,18,51,4,6,0E-8,0.01060812,,0E-8,0.000000,0.905899,0.000000,,2026-03-22,2026-03-24,3,55,29,3,1.000000,,,0.000000,,,,,,,,GLOBAL_BASELINE_NO_ENTITY_RANKING,,,NOT_APPLICABLE_GLOBAL_BASELINE,HF9g-P5,,,,X 全窗基线 · 不参与实体赏罚,8391473,840,A168_HF9F_20260827_0900,2026-08-27 09:00:00
2026-03-24,112177662,1383,0,78.9951812939,-78.9951812939,-78.9951812939,0E-7,1,1,0.50665070000000000,0.506650700000,-1.013391052207602,-1.013391052207602,-1.013391052207602,0E-17,ELIGIBLE,R03b_20260811_FULL_v1,L1_ELIGIBILITY,v2026-08-11,2026-03-21..2026-08-06,baccarat_bet02_101_all_pairs_incl_sentinel,round_win = game_pnl > 0 (decisive only),COMPATIBILITY_ONLY_NOT_PRODUCTION,45387.4714,41116.4652,481.4756,578,464,-0.01060812,,-0.01060812,-0.01060812,-481.4756,45387.4714,OK,0.0000,19.2590,4.0000,96.0000,AG03-UNRESOLVED,ALL5_LEVELS_bet23_to_bet27,19.2590,19.2590,19.2590,24.0738,24.0738,4.000000,4.000000,4.000000,5.000000,5.000000,96.000000,96.000000,96.000000,95.000000,95.000000,5.0,105.9246,97.0297,375.5510,384.4459,PENDING_AG03,FALSE,NOT_FOR_ENFORCEMENT,462.2166,39471.8066,481.4756,462.2166,19.2590,0.01060812,0.01018379,19.2590,462.2166,0.01018379,19.2590,19.2590,19.2590,24.0738,24.0738,462.2166,0.01018379,105.9246,97.0297,375.5510,384.4459,0.00827433,0.00847031,0.00042432,78.5250,88.6131,1.0377,160.4919,8.7541,15129.1571,154.6667,,78.5250,26.3317,67.1459,105.3269,157.9904,210.6538,263.3173,52.6635,-5.2663,3.137255,3.921568,1.169469,18,51,4,6,0E-8,0.01060812,,0E-8,0.000000,0.905899,0.000000,,2026-03-22,2026-03-24,3,55,29,3,1.000000,,,0.000000,,,,,,,,GLOBAL_BASELINE_NO_ENTITY_RANKING,,,NOT_APPLICABLE_GLOBAL_BASELINE,HF9g-P5,,,,X 全窗基线 · 不参与实体赏罚,8391474,840,A168_HF9F_20260827_0900,2026-08-27 09:00:00
2026-03-24,112177662,1384,0,329.1465887247,-329.1465887247,-329.1465887247,0E-7,4,3,0.48668099999998692,0.432426450000,-1.686510904111516,-1.5118394664632726,-1.686510904111516,0.05425454999998692,ELIGIBLE,R03b_20260811_FULL_v1,L1_ELIGIBILITY,v2026-08-11,2026-03-21..2026-08-06,baccarat_bet02_101_all_pairs_incl_sentinel,round_win = game_pnl > 0 (decisive only),COMPATIBILITY_ONLY_NOT_PRODUCTION,45387.4714,41116.4652,481.4756,578,464,-0.01060812,,-0.01060812,-0.01060812,-481.4756,45387.4714,OK,0.0000,19.2590,4.0000,96.0000,AG03-UNRESOLVED,ALL5_LEVELS_bet23_to_bet27,19.2590,19.2590,19.2590,24.0738,24.0738,4.000000,4.000000,4.000000,5.000000,5.000000,96.000000,96.000000,96.000000,95.000000,95.000000,5.0,105.9246,97.0297,375.5510,384.4459,PENDING_AG03,FALSE,NOT_FOR_ENFORCEMENT,462.2166,39471.8066,481.4756,462.2166,19.2590,0.01060812,0.01018379,19.2590,462.2166,0.01018379,19.2590,19.2590,19.2590,24.0738,24.0738,462.2166,0.01018379,105.9246,97.0297,375.5510,384.4459,0.00827433,0.00847031,0.00042432,78.5250,88.6131,1.0377,160.4919,8.7541,15129.1571,154.6667,,78.5250,26.3317,67.1459,105.3269,157.9904,210.6538,263.3173,52.6635,-5.2663,3.137255,3.921568,1.169469,18,51,4,6,0E-8,0.01060812,,0E-8,0.000000,0.905899,0.000000,,2026-03-22,2026-03-24,3,55,29,3,1.000000,,,0.000000,,,,,,,,GLOBAL_BASELINE_NO_ENTITY_RANKING,,,NOT_APPLICABLE_GLOBAL_BASELINE,HF9g-P5,,,,X 全窗基线 · 不参与实体赏罚,8391475,840,A168_HF9F_20260827_0900,2026-08-27 09:00:00
2026-03-24,112177662,1949,0,163.2567080076,-9.2161044843,-9.2161044843,0.5000000,5,4,0.49683332727272727,0.452655150000,0.012666944955229156,0.19023415323059972,0.012666944955229156,0.04417817727272727,ELIGIBLE,R03b_20260811_FULL_v1,L1_ELIGIBILITY,v2026-08-11,2026-03-21..2026-08-06,baccarat_bet02_101_all_pairs_incl_sentinel,round_win = game_pnl > 0 (decisive only),COMPATIBILITY_ONLY_NOT_PRODUCTION,45387.4714,41116.4652,481.4756,578,464,-0.01060812,,-0.01060812,-0.01060812,-481.4756,45387.4714,OK,0.0000,19.2590,4.0000,96.0000,AG03-UNRESOLVED,ALL5_LEVELS_bet23_to_bet27,19.2590,19.2590,19.2590,24.0738,24.0738,4.000000,4.000000,4.000000,5.000000,5.000000,96.000000,96.000000,96.000000,95.000000,95.000000,5.0,105.9246,97.0297,375.5510,384.4459,PENDING_AG03,FALSE,NOT_FOR_ENFORCEMENT,462.2166,39471.8066,481.4756,462.2166,19.2590,0.01060812,0.01018379,19.2590,462.2166,0.01018379,19.2590,19.2590,19.2590,24.0738,24.0738,462.2166,0.01018379,105.9246,97.0297,375.5510,384.4459,0.00827433,0.00847031,0.00042432,78.5250,88.6131,1.0377,160.4919,8.7541,15129.1571,154.6667,,78.5250,26.3317,67.1459,105.3269,157.9904,210.6538,263.3173,52.6635,-5.2663,3.137255,3.921568,1.169469,18,51,4,6,0E-8,0.01060812,,0E-8,0.000000,0.905899,0.000000,,2026-03-22,2026-03-24,3,55,29,3,1.000000,,,0.000000,,,,,,,,GLOBAL_BASELINE_NO_ENTITY_RANKING,,,NOT_APPLICABLE_GLOBAL_BASELINE,HF9g-P5,,,,X 全窗基线 · 不参与实体赏罚,8391476,840,A168_HF9F_20260827_0900,2026-08-27 09:00:00
2026-03-24,112177662,1951,0,355.4783158227,223.8196803327,223.8196803327,0.8000000,5,5,0.49324550000000000,0.493245500000,1.3719730223118614,1.3719730223118614,1.3719730223118614,0E-17,ELIGIBLE,R03b_20260811_FULL_v1,L1_ELIGIBILITY,v2026-08-11,2026-03-21..2026-08-06,baccarat_bet02_101_all_pairs_incl_sentinel,round_win = game_pnl > 0 (decisive only),COMPATIBILITY_ONLY_NOT_PRODUCTION,45387.4714,41116.4652,481.4756,578,464,-0.01060812,,-0.01060812,-0.01060812,-481.4756,45387.4714,OK,0.0000,19.2590,4.0000,96.0000,AG03-UNRESOLVED,ALL5_LEVELS_bet23_to_bet27,19.2590,19.2590,19.2590,24.0738,24.0738,4.000000,4.000000,4.000000,5.000000,5.000000,96.000000,96.000000,96.000000,95.000000,95.000000,5.0,105.9246,97.0297,375.5510,384.4459,PENDING_AG03,FALSE,NOT_FOR_ENFORCEMENT,462.2166,39471.8066,481.4756,462.2166,19.2590,0.01060812,0.01018379,19.2590,462.2166,0.01018379,19.2590,19.2590,19.2590,24.0738,24.0738,462.2166,0.01018379,105.9246,97.0297,375.5510,384.4459,0.00827433,0.00847031,0.00042432,78.5250,88.6131,1.0377,160.4919,8.7541,15129.1571,154.6667,,78.5250,26.3317,67.1459,105.3269,157.9904,210.6538,263.3173,52.6635,-5.2663,3.137255,3.921568,1.169469,18,51,4,6,0E-8,0.01060812,,0E-8,0.000000,0.905899,0.000000,,2026-03-22,2026-03-24,3,55,29,3,1.000000,,,0.000000,,,,,,,,GLOBAL_BASELINE_NO_ENTITY_RANKING,,,NOT_APPLICABLE_GLOBAL_BASELINE,HF9g-P5,,,,X 全窗基线 · 不参与实体赏罚,8391477,840,A168_HF9F_20260827_0900,2026-08-27 09:00:00
2026-03-24,112177662,1991,0,78.9951812939,-78.9951812939,-78.9951812939,0E-7,1,1,0.49324550000000000,0.493245500000,-0.9865810262130424,-0.9865810262130424,-0.9865810262130424,0E-17,ELIGIBLE,R03b_20260811_FULL_v1,L1_ELIGIBILITY,v2026-08-11,2026-03-21..2026-08-06,baccarat_bet02_101_all_pairs_incl_sentinel,round_win = game_pnl > 0 (decisive only),COMPATIBILITY_ONLY_NOT_PRODUCTION,45387.4714,41116.4652,481.4756,578,464,-0.01060812,,-0.01060812,-0.01060812,-481.4756,45387.4714,OK,0.0000,19.2590,4.0000,96.0000,AG03-UNRESOLVED,ALL5_LEVELS_bet23_to_bet27,19.2590,19.2590,19.2590,24.0738,24.0738,4.000000,4.000000,4.000000,5.000000,5.000000,96.000000,96.000000,96.000000,95.000000,95.000000,5.0,105.9246,97.0297,375.5510,384.4459,PENDING_AG03,FALSE,NOT_FOR_ENFORCEMENT,462.2166,39471.8066,481.4756,462.2166,19.2590,0.01060812,0.01018379,19.2590,462.2166,0.01018379,19.2590,19.2590,19.2590,24.0738,24.0738,462.2166,0.01018379,105.9246,97.0297,375.5510,384.4459,0.00827433,0.00847031,0.00042432,78.5250,88.6131,1.0377,160.4919,8.7541,15129.1571,154.6667,,78.5250,26.3317,67.1459,105.3269,157.9904,210.6538,263.3173,52.6635,-5.2663,3.137255,3.921568,1.169469,18,51,4,6,0E-8,0.01060812,,0E-8,0.000000,0.905899,0.000000,,2026-03-22,2026-03-24,3,55,29,3,1.000000,,,0.000000,,,,,,,,GLOBAL_BASELINE_NO_ENTITY_RANKING,,,NOT_APPLICABLE_GLOBAL_BASELINE,HF9g-P5,,,,X 全窗基线 · 不参与实体赏罚,8391478,840,A168_HF9F_20260827_0900,2026-08-27 09:00:00
2026-03-24,112177662,2093,0,92.1610448429,-92.1610448429,-92.1610448429,0E-7,1,1,0.50665070000000000,0.506650700000,-1.013391052207602,-1.013391052207602,-1.013391052207602,0E-17,ELIGIBLE,R03b_20260811_FULL_v1,L1_ELIGIBILITY,v2026-08-11,2026-03-21..2026-08-06,baccarat_bet02_101_all_pairs_incl_sentinel,round_win = game_pnl > 0 (decisive only),COMPATIBILITY_ONLY_NOT_PRODUCTION,45387.4714,41116.4652,481.4756,578,464,-0.01060812,,-0.01060812,-0.01060812,-481.4756,45387.4714,OK,0.0000,19.2590,4.0000,96.0000,AG03-UNRESOLVED,ALL5_LEVELS_bet23_to_bet27,19.2590,19.2590,19.2590,24.0738,24.0738,4.000000,4.000000,4.000000,5.000000,5.000000,96.000000,96.000000,96.000000,95.000000,95.000000,5.0,105.9246,97.0297,375.5510,384.4459,PENDING_AG03,FALSE,NOT_FOR_ENFORCEMENT,462.2166,39471.8066,481.4756,462.2166,19.2590,0.01060812,0.01018379,19.2590,462.2166,0.01018379,19.2590,19.2590,19.2590,24.0738,24.0738,462.2166,0.01018379,105.9246,97.0297,375.5510,384.4459,0.00827433,0.00847031,0.00042432,78.5250,88.6131,1.0377,160.4919,8.7541,15129.1571,154.6667,,78.5250,26.3317,67.1459,105.3269,157.9904,210.6538,263.3173,52.6635,-5.2663,3.137255,3.921568,1.169469,18,51,4,6,0E-8,0.01060812,,0E-8,0.000000,0.905899,0.000000,,2026-03-22,2026-03-24,3,55,29,3,1.000000,,,0.000000,,,,,,,,GLOBAL_BASELINE_NO_ENTITY_RANKING,,,NOT_APPLICABLE_GLOBAL_BASELINE,HF9g-P5,,,,X 全窗基线 · 不参与实体赏罚,8391479,840,A168_HF9F_20260827_0900,2026-08-27 09:00:00
2026-03-24,112177662,2130,0,52.6634541960,-52.6634541960,-52.6634541960,0E-7,1,1,0.50665070000000000,0.506650700000,-1.013391052207602,-1.013391052207602,-1.013391052207602,0E-17,ELIGIBLE,R03b_20260811_FULL_v1,L1_ELIGIBILITY,v2026-08-11,2026-03-21..2026-08-06,baccarat_bet02_101_all_pairs_incl_sentinel,round_win = game_pnl > 0 (decisive only),COMPATIBILITY_ONLY_NOT_PRODUCTION,45387.4714,41116.4652,481.4756,578,464,-0.01060812,,-0.01060812,-0.01060812,-481.4756,45387.4714,OK,0.0000,19.2590,4.0000,96.0000,AG03-UNRESOLVED,ALL5_LEVELS_bet23_to_bet27,19.2590,19.2590,19.2590,24.0738,24.0738,4.000000,4.000000,4.000000,5.000000,5.000000,96.000000,96.000000,96.000000,95.000000,95.000000,5.0,105.9246,97.0297,375.5510,384.4459,PENDING_AG03,FALSE,NOT_FOR_ENFORCEMENT,462.2166,39471.8066,481.4756,462.2166,19.2590,0.01060812,0.01018379,19.2590,462.2166,0.01018379,19.2590,19.2590,19.2590,24.0738,24.0738,462.2166,0.01018379,105.9246,97.0297,375.5510,384.4459,0.00827433,0.00847031,0.00042432,78.5250,88.6131,1.0377,160.4919,8.7541,15129.1571,154.6667,,78.5250,26.3317,67.1459,105.3269,157.9904,210.6538,263.3173,52.6635,-5.2663,3.137255,3.921568,1.169469,18,51,4,6,0E-8,0.01060812,,0E-8,0.000000,0.905899,0.000000,,2026-03-22,2026-03-24,3,55,29,3,1.000000,,,0.000000,,,,,,,,GLOBAL_BASELINE_NO_ENTITY_RANKING,,,NOT_APPLICABLE_GLOBAL_BASELINE,HF9g-P5,,,,X 全窗基线 · 不参与实体赏罚,8391480,840,A168_HF9F_20260827_0900,2026-08-27 09:00:00
2026-03-24,112177662,2141,0,1564.1045896197,14.4824499037,14.4824499037,0.5294118,23,17,0.47883243689623247,0.425297802941,0.4174620907470299,0.8682912709742,0.4174620907470299,0.05353463395523247,ELIGIBLE,R03b_20260811_FULL_v1,L1_ELIGIBILITY,v2026-08-11,2026-03-21..2026-08-06,baccarat_bet02_101_all_pairs_incl_sentinel,round_win = game_pnl > 0 (decisive only),COMPATIBILITY_ONLY_NOT_PRODUCTION,45387.4714,41116.4652,481.4756,578,464,-0.01060812,,-0.01060812,-0.01060812,-481.4756,45387.4714,OK,0.0000,19.2590,4.0000,96.0000,AG03-UNRESOLVED,ALL5_LEVELS_bet23_to_bet27,19.2590,19.2590,19.2590,24.0738,24.0738,4.000000,4.000000,4.000000,5.000000,5.000000,96.000000,96.000000,96.000000,95.000000,95.000000,5.0,105.9246,97.0297,375.5510,384.4459,PENDING_AG03,FALSE,NOT_FOR_ENFORCEMENT,462.2166,39471.8066,481.4756,462.2166,19.2590,0.01060812,0.01018379,19.2590,462.2166,0.01018379,19.2590,19.2590,19.2590,24.0738,24.0738,462.2166,0.01018379,105.9246,97.0297,375.5510,384.4459,0.00827433,0.00847031,0.00042432,78.5250,88.6131,1.0377,160.4919,8.7541,15129.1571,154.6667,,78.5250,26.3317,67.1459,105.3269,157.9904,210.6538,263.3173,52.6635,-5.2663,3.137255,3.921568,1.169469,18,51,4,6,0E-8,0.01060812,,0E-8,0.000000,0.905899,0.000000,,2026-03-22,2026-03-24,3,55,29,3,1.000000,,,0.000000,,,,,,,,GLOBAL_BASELINE_NO_ENTITY_RANKING,,,NOT_APPLICABLE_GLOBAL_BASELINE,HF9g-P5,,,,X 全窗基线 · 不参与实体赏罚,8391481,840,A168_HF9F_20260827_0900,2026-08-27 09:00:00
2026-03-24,112177662,2145,0,502.9359875717,-74.3871290518,-74.3871290518,0.4285714,10,8,0.48490104523326572,0.445954056250,-0.2982043135870983,-0.09252231675789142,-0.2982043135870983,0.03894698898326572,ELIGIBLE,R03b_20260811_FULL_v1,L1_ELIGIBILITY,v2026-08-11,2026-03-21..2026-08-06,baccarat_bet02_101_all_pairs_incl_sentinel,round_win = game_pnl > 0 (decisive only),COMPATIBILITY_ONLY_NOT_PRODUCTION,45387.4714,41116.4652,481.4756,578,464,-0.01060812,,-0.01060812,-0.01060812,-481.4756,45387.4714,OK,0.0000,19.2590,4.0000,96.0000,AG03-UNRESOLVED,ALL5_LEVELS_bet23_to_bet27,19.2590,19.2590,19.2590,24.0738,24.0738,4.000000,4.000000,4.000000,5.000000,5.000000,96.000000,96.000000,96.000000,95.000000,95.000000,5.0,105.9246,97.0297,375.5510,384.4459,PENDING_AG03,FALSE,NOT_FOR_ENFORCEMENT,462.2166,39471.8066,481.4756,462.2166,19.2590,0.01060812,0.01018379,19.2590,462.2166,0.01018379,19.2590,19.2590,19.2590,24.0738,24.0738,462.2166,0.01018379,105.9246,97.0297,375.5510,384.4459,0.00827433,0.00847031,0.00042432,78.5250,88.6131,1.0377,160.4919,8.7541,15129.1571,154.6667,,78.5250,26.3317,67.1459,105.3269,157.9904,210.6538,263.3173,52.6635,-5.2663,3.137255,3.921568,1.169469,18,51,4,6,0E-8,0.01060812,,0E-8,0.000000,0.905899,0.000000,,2026-03-22,2026-03-24,3,55,29,3,1.000000,,,0.000000,,,,,,,,GLOBAL_BASELINE_NO_ENTITY_RANKING,,,NOT_APPLICABLE_GLOBAL_BASELINE,HF9g-P5,,,,X 全窗基线 · 不参与实体赏罚,8391482,840,A168_HF9F_20260827_0900,2026-08-27 09:00:00
2026-03-24,112177662,2177,0,2230.2972851991,-27.6483134527,-27.6483134527,0.5000000,40,22,0.45385013952725150,0.339023101515,0.4347800244020539,1.595023585361009,0.4347800244020539,0.11482703801225150,ELIGIBLE,R03b_20260811_FULL_v1,L1_ELIGIBILITY,v2026-08-11,2026-03-21..2026-08-06,baccarat_bet02_101_all_pairs_incl_sentinel,round_win = game_pnl > 0 (decisive only),COMPATIBILITY_ONLY_NOT_PRODUCTION,45387.4714,41116.4652,481.4756,578,464,-0.01060812,,-0.01060812,-0.01060812,-481.4756,45387.4714,OK,0.0000,19.2590,4.0000,96.0000,AG03-UNRESOLVED,ALL5_LEVELS_bet23_to_bet27,19.2590,19.2590,19.2590,24.0738,24.0738,4.000000,4.000000,4.000000,5.000000,5.000000,96.000000,96.000000,96.000000,95.000000,95.000000,5.0,105.9246,97.0297,375.5510,384.4459,PENDING_AG03,FALSE,NOT_FOR_ENFORCEMENT,462.2166,39471.8066,481.4756,462.2166,19.2590,0.01060812,0.01018379,19.2590,462.2166,0.01018379,19.2590,19.2590,19.2590,24.0738,24.0738,462.2166,0.01018379,105.9246,97.0297,375.5510,384.4459,0.00827433,0.00847031,0.00042432,78.5250,88.6131,1.0377,160.4919,8.7541,15129.1571,154.6667,,78.5250,26.3317,67.1459,105.3269,157.9904,210.6538,263.3173,52.6635,-5.2663,3.137255,3.921568,1.169469,18,51,4,6,0E-8,0.01060812,,0E-8,0.000000,0.905899,0.000000,,2026-03-22,2026-03-24,3,55,29,3,1.000000,,,0.000000,,,,,,,,GLOBAL_BASELINE_NO_ENTITY_RANKING,,,NOT_APPLICABLE_GLOBAL_BASELINE,HF9g-P5,,,,X 全窗基线 · 不参与实体赏罚,8391483,840,A168_HF9F_20260827_0900,2026-08-27 09:00:00
2026-03-24,112177662,2189,0,26.3317270980,-26.3317270980,-26.3317270980,0E-7,1,1,0.50665070000000000,0.506650700000,-1.013391052207602,-1.013391052207602,-1.013391052207602,0E-17,ELIGIBLE,R03b_20260811_FULL_v1,L1_ELIGIBILITY,v2026-08-11,2026-03-21..2026-08-06,baccarat_bet02_101_all_pairs_incl_sentinel,round_win = game_pnl > 0 (decisive only),COMPATIBILITY_ONLY_NOT_PRODUCTION,45387.4714,41116.4652,481.4756,578,464,-0.01060812,,-0.01060812,-0.01060812,-481.4756,45387.4714,OK,0.0000,19.2590,4.0000,96.0000,AG03-UNRESOLVED,ALL5_LEVELS_bet23_to_bet27,19.2590,19.2590,19.2590,24.0738,24.0738,4.000000,4.000000,4.000000,5.000000,5.000000,96.000000,96.000000,96.000000,95.000000,95.000000,5.0,105.9246,97.0297,375.5510,384.4459,PENDING_AG03,FALSE,NOT_FOR_ENFORCEMENT,462.2166,39471.8066,481.4756,462.2166,19.2590,0.01060812,0.01018379,19.2590,462.2166,0.01018379,19.2590,19.2590,19.2590,24.0738,24.0738,462.2166,0.01018379,105.9246,97.0297,375.5510,384.4459,0.00827433,0.00847031,0.00042432,78.5250,88.6131,1.0377,160.4919,8.7541,15129.1571,154.6667,,78.5250,26.3317,67.1459,105.3269,157.9904,210.6538,263.3173,52.6635,-5.2663,3.137255,3.921568,1.169469,18,51,4,6,0E-8,0.01060812,,0E-8,0.000000,0.905899,0.000000,,2026-03-22,2026-03-24,3,55,29,3,1.000000,,,0.000000,,,,,,,,GLOBAL_BASELINE_NO_ENTITY_RANKING,,,NOT_APPLICABLE_GLOBAL_BASELINE,HF9g-P5,,,,X 全窗基线 · 不参与实体赏罚,8391484,840,A168_HF9F_20260827_0900,2026-08-27 09:00:00
2026-03-24,112177662,2233,0,718.8561497749,-402.8754245993,-402.8754245993,0.2500000,12,8,0.41179303019321660,0.356237295833,-0.9298228689470136,-0.6274648500482533,-0.9298228689470136,0.05555573436021660,ELIGIBLE,R03b_20260811_FULL_v1,L1_ELIGIBILITY,v2026-08-11,2026-03-21..2026-08-06,baccarat_bet02_101_all_pairs_incl_sentinel,round_win = game_pnl > 0 (decisive only),COMPATIBILITY_ONLY_NOT_PRODUCTION,45387.4714,41116.4652,481.4756,578,464,-0.01060812,,-0.01060812,-0.01060812,-481.4756,45387.4714,OK,0.0000,19.2590,4.0000,96.0000,AG03-UNRESOLVED,ALL5_LEVELS_bet23_to_bet27,19.2590,19.2590,19.2590,24.0738,24.0738,4.000000,4.000000,4.000000,5.000000,5.000000,96.000000,96.000000,96.000000,95.000000,95.000000,5.0,105.9246,97.0297,375.5510,384.4459,PENDING_AG03,FALSE,NOT_FOR_ENFORCEMENT,462.2166,39471.8066,481.4756,462.2166,19.2590,0.01060812,0.01018379,19.2590,462.2166,0.01018379,19.2590,19.2590,19.2590,24.0738,24.0738,462.2166,0.01018379,105.9246,97.0297,375.5510,384.4459,0.00827433,0.00847031,0.00042432,78.5250,88.6131,1.0377,160.4919,8.7541,15129.1571,154.6667,,78.5250,26.3317,67.1459,105.3269,157.9904,210.6538,263.3173,52.6635,-5.2663,3.137255,3.921568,1.169469,18,51,4,6,0E-8,0.01060812,,0E-8,0.000000,0.905899,0.000000,,2026-03-22,2026-03-24,3,55,29,3,1.000000,,,0.000000,,,,,,,,GLOBAL_BASELINE_NO_ENTITY_RANKING,,,NOT_APPLICABLE_GLOBAL_BASELINE,HF9g-P5,,,,X 全窗基线 · 不参与实体赏罚,8391485,840,A168_HF9F_20260827_0900,2026-08-27 09:00:00
2026-03-24,112177662,2252,0,2704.2683729628,-481.8706058932,-481.8706058932,0.4545455,33,22,0.47681364588382894,0.403007325000,-0.20911912001516003,0.49283213943931126,-0.20911912001516003,0.07380632088382894,ELIGIBLE,R03b_20260811_FULL_v1,L1_ELIGIBILITY,v2026-08-11,2026-03-21..2026-08-06,baccarat_bet02_101_all_pairs_incl_sentinel,round_win = game_pnl > 0 (decisive only),COMPATIBILITY_ONLY_NOT_PRODUCTION,45387.4714,41116.4652,481.4756,578,464,-0.01060812,,-0.01060812,-0.01060812,-481.4756,45387.4714,OK,0.0000,19.2590,4.0000,96.0000,AG03-UNRESOLVED,ALL5_LEVELS_bet23_to_bet27,19.2590,19.2590,19.2590,24.0738,24.0738,4.000000,4.000000,4.000000,5.000000,5.000000,96.000000,96.000000,96.000000,95.000000,95.000000,5.0,105.9246,97.0297,375.5510,384.4459,PENDING_AG03,FALSE,NOT_FOR_ENFORCEMENT,462.2166,39471.8066,481.4756,462.2166,19.2590,0.01060812,0.01018379,19.2590,462.2166,0.01018379,19.2590,19.2590,19.2590,24.0738,24.0738,462.2166,0.01018379,105.9246,97.0297,375.5510,384.4459,0.00827433,0.00847031,0.00042432,78.5250,88.6131,1.0377,160.4919,8.7541,15129.1571,154.6667,,78.5250,26.3317,67.1459,105.3269,157.9904,210.6538,263.3173,52.6635,-5.2663,3.137255,3.921568,1.169469,18,51,4,6,0E-8,0.01060812,,0E-8,0.000000,0.905899,0.000000,,2026-03-22,2026-03-24,3,55,29,3,1.000000,,,0.000000,,,,,,,,GLOBAL_BASELINE_NO_ENTITY_RANKING,,,NOT_APPLICABLE_GLOBAL_BASELINE,HF9g-P5,,,,X 全窗基线 · 不参与实体赏罚,8391486,840,A168_HF9F_20260827_0900,2026-08-27 09:00:00
2026-03-24,112177662,970,0,476.6042604735,-368.7758380072,-368.7758380072,0.2500000,4,4,0.50329940000000000,0.503299400000,-1.013219660140378,-1.013219660140378,-1.013219660140378,0E-17,ELIGIBLE,R03b_20260811_FULL_v1,L1_ELIGIBILITY,v2026-08-11,2026-03-21..2026-08-06,baccarat_bet02_101_all_pairs_incl_sentinel,round_win = game_pnl > 0 (decisive only),COMPATIBILITY_ONLY_NOT_PRODUCTION,45387.4714,41116.4652,481.4756,578,464,-0.01060812,,-0.01060812,-0.01060812,-481.4756,45387.4714,OK,0.0000,19.2590,4.0000,96.0000,AG03-UNRESOLVED,ALL5_LEVELS_bet23_to_bet27,19.2590,19.2590,19.2590,24.0738,24.0738,4.000000,4.000000,4.000000,5.000000,5.000000,96.000000,96.000000,96.000000,95.000000,95.000000,5.0,105.9246,97.0297,375.5510,384.4459,PENDING_AG03,FALSE,NOT_FOR_ENFORCEMENT,462.2166,39471.8066,481.4756,462.2166,19.2590,0.01060812,0.01018379,19.2590,462.2166,0.01018379,19.2590,19.2590,19.2590,24.0738,24.0738,462.2166,0.01018379,105.9246,97.0297,375.5510,384.4459,0.00827433,0.00847031,0.00042432,78.5250,88.6131,1.0377,160.4919,8.7541,15129.1571,154.6667,,78.5250,26.3317,67.1459,105.3269,157.9904,210.6538,263.3173,52.6635,-5.2663,3.137255,3.921568,1.169469,18,51,4,6,0E-8,0.01060812,,0E-8,0.000000,0.905899,0.000000,,2026-03-22,2026-03-24,3,55,29,3,1.000000,,,0.000000,,,,,,,,GLOBAL_BASELINE_NO_ENTITY_RANKING,,,NOT_APPLICABLE_GLOBAL_BASELINE,HF9g-P5,,,,X 全窗基线 · 不参与实体赏罚,8391487,840,A168_HF9F_20260827_0900,2026-08-27 09:00:00
2026-06-13,41751985,1115,0,12.3434566821,12.3434566821,12.3434566821,1.0000000,3,3,0.50665070000000000,0.506650700000,1.7091633124209307,1.7091633124209307,1.7091633124209307,0E-17,ELIGIBLE,R03b_20260811_FULL_v1,L1_ELIGIBILITY,v2026-08-11,2026-03-21..2026-08-06,baccarat_bet02_101_all_pairs_incl_sentinel,round_win = game_pnl > 0 (decisive only),COMPATIBILITY_ONLY_NOT_PRODUCTION,2198.9235,1966.7486,481.4775,185,175,-0.21896054,-0.15275081,-0.22704693,-0.21896054,-481.4775,2198.9235,OK,0.0000,19.2591,4.0000,96.0000,AG03-UNRESOLVED,ALL5_LEVELS_bet23_to_bet27,19.2591,19.2591,19.2591,19.2591,19.2591,4.000000,4.000000,4.000000,4.000000,4.000000,96.000000,96.000000,96.000000,96.000000,96.000000,5.0,96.2955,88.8939,385.1820,392.5836,PENDING_AG03,FALSE,NOT_FOR_ENFORCEMENT,462.2184,1888.0786,481.4775,462.2184,19.2591,0.21896054,0.21020212,19.2591,462.2184,0.21020212,19.2591,19.2591,19.2591,19.2591,19.2591,462.2184,0.21020212,96.2955,88.8939,385.1820,392.5836,0.17516843,0.17853445,0.00875842,11.8861,11.2386,2.7513,37.0367,11.1972,169.1480,13.4615,9.9721,12.1714,4.1268,7.7147,12.9089,25.7155,25.8178,68.1464,5.1636,-2.5716,3.346586,8.833363,1.540712,20,39,6,4,0.10883998,0.21896054,0.15275081,0E-8,0.000000,0.894414,0.891892,0.07429612,2026-06-13,2026-07-31,13,43,39,49,0.265306,0.819308,0.838975,0.362800,,,,,,,,GLOBAL_BASELINE_NO_ENTITY_RANKING,,,NOT_APPLICABLE_GLOBAL_BASELINE,HF9g-P5,,,,X 全窗基线 · 不参与实体赏罚,8391488,840,A168_HF9F_20260827_0900,2026-08-27 09:00:00
2026-06-14,41751985,-1,1,126.0061202974,-84.8612646900,-84.8612646900,0.2222222,11,9,0.38251141666645136,0.360364600000,-0.9894385653951302,-0.8631988937349437,-0.9894385653951302,0.02214681666645136,SENTINEL_DEALER,R03b_20260811_FULL_v1,L1_ELIGIBILITY,v2026-08-11,2026-03-21..2026-08-06,baccarat_bet02_101_all_pairs_incl_sentinel,round_win = game_pnl > 0 (decisive only),COMPATIBILITY_ONLY_NOT_PRODUCTION,2198.9235,1966.7486,481.4775,185,175,-0.21896054,-0.15275081,-0.22704693,-0.21896054,-481.4775,2198.9235,OK,0.0000,19.2591,4.0000,96.0000,AG03-UNRESOLVED,ALL5_LEVELS_bet23_to_bet27,19.2591,19.2591,19.2591,19.2591,19.2591,4.000000,4.000000,4.000000,4.000000,4.000000,96.000000,96.000000,96.000000,96.000000,96.000000,5.0,96.2955,88.8939,385.1820,392.5836,PENDING_AG03,FALSE,NOT_FOR_ENFORCEMENT,462.2184,1888.0786,481.4775,462.2184,19.2591,0.21896054,0.21020212,19.2591,462.2184,0.21020212,19.2591,19.2591,19.2591,19.2591,19.2591,462.2184,0.21020212,96.2955,88.8939,385.1820,392.5836,0.17516843,0.17853445,0.00875842,11.8861,11.2386,2.7513,37.0367,11.1972,169.1480,13.4615,9.9721,12.1714,4.1268,7.7147,12.9089,25.7155,25.8178,68.1464,5.1636,-2.5716,3.346586,8.833363,1.540712,20,39,6,4,0.10883998,0.21896054,0.15275081,0E-8,0.000000,0.894414,0.891892,0.07429612,2026-06-13,2026-07-31,13,43,39,49,0.265306,0.819308,0.838975,0.362800,,,,,,,,GLOBAL_BASELINE_NO_ENTITY_RANKING,,,NOT_APPLICABLE_GLOBAL_BASELINE,HF9g-P5,,,,X 全窗基线 · 不参与实体赏罚,8391489,840,A168_HF9F_20260827_0900,2026-08-27 09:00:00
2026-06-14,41751985,1306,0,7.7146604264,7.7146604264,7.7146604264,1.0000000,1,1,0.49324550000000000,0.493245500000,1.01360149184955,1.01360149184955,1.01360149184955,0E-17,ELIGIBLE,R03b_20260811_FULL_v1,L1_ELIGIBILITY,v2026-08-11,2026-03-21..2026-08-06,baccarat_bet02_101_all_pairs_incl_sentinel,round_win = game_pnl > 0 (decisive only),COMPATIBILITY_ONLY_NOT_PRODUCTION,2198.9235,1966.7486,481.4775,185,175,-0.21896054,-0.15275081,-0.22704693,-0.21896054,-481.4775,2198.9235,OK,0.0000,19.2591,4.0000,96.0000,AG03-UNRESOLVED,ALL5_LEVELS_bet23_to_bet27,19.2591,19.2591,19.2591,19.2591,19.2591,4.000000,4.000000,4.000000,4.000000,4.000000,96.000000,96.000000,96.000000,96.000000,96.000000,5.0,96.2955,88.8939,385.1820,392.5836,PENDING_AG03,FALSE,NOT_FOR_ENFORCEMENT,462.2184,1888.0786,481.4775,462.2184,19.2591,0.21896054,0.21020212,19.2591,462.2184,0.21020212,19.2591,19.2591,19.2591,19.2591,19.2591,462.2184,0.21020212,96.2955,88.8939,385.1820,392.5836,0.17516843,0.17853445,0.00875842,11.8861,11.2386,2.7513,37.0367,11.1972,169.1480,13.4615,9.9721,12.1714,4.1268,7.7147,12.9089,25.7155,25.8178,68.1464,5.1636,-2.5716,3.346586,8.833363,1.540712,20,39,6,4,0.10883998,0.21896054,0.15275081,0E-8,0.000000,0.894414,0.891892,0.07429612,2026-06-13,2026-07-31,13,43,39,49,0.265306,0.819308,0.838975,0.362800,,,,,,,,GLOBAL_BASELINE_NO_ENTITY_RANKING,,,NOT_APPLICABLE_GLOBAL_BASELINE,HF9g-P5,,,,X 全窗基线 · 不参与实体赏罚,8391490,840,A168_HF9F_20260827_0900,2026-08-27 09:00:00
2026-06-14,41751985,1318,0,69.4319438374,9.0004371641,9.0004371641,0.5555556,10,10,0.50665070000000000,0.506650700000,0.2934550945819589,0.2934550945819589,0.2934550945819589,0E-17,ELIGIBLE,R03b_20260811_FULL_v1,L1_ELIGIBILITY,v2026-08-11,2026-03-21..2026-08-06,baccarat_bet02_101_all_pairs_incl_sentinel,round_win = game_pnl > 0 (decisive only),COMPATIBILITY_ONLY_NOT_PRODUCTION,2198.9235,1966.7486,481.4775,185,175,-0.21896054,-0.15275081,-0.22704693,-0.21896054,-481.4775,2198.9235,OK,0.0000,19.2591,4.0000,96.0000,AG03-UNRESOLVED,ALL5_LEVELS_bet23_to_bet27,19.2591,19.2591,19.2591,19.2591,19.2591,4.000000,4.000000,4.000000,4.000000,4.000000,96.000000,96.000000,96.000000,96.000000,96.000000,5.0,96.2955,88.8939,385.1820,392.5836,PENDING_AG03,FALSE,NOT_FOR_ENFORCEMENT,462.2184,1888.0786,481.4775,462.2184,19.2591,0.21896054,0.21020212,19.2591,462.2184,0.21020212,19.2591,19.2591,19.2591,19.2591,19.2591,462.2184,0.21020212,96.2955,88.8939,385.1820,392.5836,0.17516843,0.17853445,0.00875842,11.8861,11.2386,2.7513,37.0367,11.1972,169.1480,13.4615,9.9721,12.1714,4.1268,7.7147,12.9089,25.7155,25.8178,68.1464,5.1636,-2.5716,3.346586,8.833363,1.540712,20,39,6,4,0.10883998,0.21896054,0.15275081,0E-8,0.000000,0.894414,0.891892,0.07429612,2026-06-13,2026-07-31,13,43,39,49,0.265306,0.819308,0.838975,0.362800,,,,,,,,GLOBAL_BASELINE_NO_ENTITY_RANKING,,,NOT_APPLICABLE_GLOBAL_BASELINE,HF9g-P5,,,,X 全窗基线 · 不参与实体赏罚,8391491,840,A168_HF9F_20260827_0900,2026-08-27 09:00:00
2026-06-14,41751985,1323,0,23.1439812792,3.8573302132,3.8573302132,0.5000000,5,5,0.49324550000000000,0.493245500000,0.027020465636507562,0.027020465636507562,0.027020465636507562,0E-17,ELIGIBLE,R03b_20260811_FULL_v1,L1_ELIGIBILITY,v2026-08-11,2026-03-21..2026-08-06,baccarat_bet02_101_all_pairs_incl_sentinel,round_win = game_pnl > 0 (decisive only),COMPATIBILITY_ONLY_NOT_PRODUCTION,2198.9235,1966.7486,481.4775,185,175,-0.21896054,-0.15275081,-0.22704693,-0.21896054,-481.4775,2198.9235,OK,0.0000,19.2591,4.0000,96.0000,AG03-UNRESOLVED,ALL5_LEVELS_bet23_to_bet27,19.2591,19.2591,19.2591,19.2591,19.2591,4.000000,4.000000,4.000000,4.000000,4.000000,96.000000,96.000000,96.000000,96.000000,96.000000,5.0,96.2955,88.8939,385.1820,392.5836,PENDING_AG03,FALSE,NOT_FOR_ENFORCEMENT,462.2184,1888.0786,481.4775,462.2184,19.2591,0.21896054,0.21020212,19.2591,462.2184,0.21020212,19.2591,19.2591,19.2591,19.2591,19.2591,462.2184,0.21020212,96.2955,88.8939,385.1820,392.5836,0.17516843,0.17853445,0.00875842,11.8861,11.2386,2.7513,37.0367,11.1972,169.1480,13.4615,9.9721,12.1714,4.1268,7.7147,12.9089,25.7155,25.8178,68.1464,5.1636,-2.5716,3.346586,8.833363,1.540712,20,39,6,4,0.10883998,0.21896054,0.15275081,0E-8,0.000000,0.894414,0.891892,0.07429612,2026-06-13,2026-07-31,13,43,39,49,0.265306,0.819308,0.838975,0.362800,,,,,,,,GLOBAL_BASELINE_NO_ENTITY_RANKING,,,NOT_APPLICABLE_GLOBAL_BASELINE,HF9g-P5,,,,X 全窗基线 · 不参与实体赏罚,8391492,840,A168_HF9F_20260827_0900,2026-08-27 09:00:00
2026-06-14,41751985,1363,0,29.5728649678,-9.0004371641,-9.0004371641,0.2000000,6,6,0.49547970000000000,0.495479700000,-1.3214793953192199,-1.3214793953192199,-1.3214793953192199,0E-17,ELIGIBLE,R03b_20260811_FULL_v1,L1_ELIGIBILITY,v2026-08-11,2026-03-21..2026-08-06,baccarat_bet02_101_all_pairs_incl_sentinel,round_win = game_pnl > 0 (decisive only),COMPATIBILITY_ONLY_NOT_PRODUCTION,2198.9235,1966.7486,481.4775,185,175,-0.21896054,-0.15275081,-0.22704693,-0.21896054,-481.4775,2198.9235,OK,0.0000,19.2591,4.0000,96.0000,AG03-UNRESOLVED,ALL5_LEVELS_bet23_to_bet27,19.2591,19.2591,19.2591,19.2591,19.2591,4.000000,4.000000,4.000000,4.000000,4.000000,96.000000,96.000000,96.000000,96.000000,96.000000,5.0,96.2955,88.8939,385.1820,392.5836,PENDING_AG03,FALSE,NOT_FOR_ENFORCEMENT,462.2184,1888.0786,481.4775,462.2184,19.2591,0.21896054,0.21020212,19.2591,462.2184,0.21020212,19.2591,19.2591,19.2591,19.2591,19.2591,462.2184,0.21020212,96.2955,88.8939,385.1820,392.5836,0.17516843,0.17853445,0.00875842,11.8861,11.2386,2.7513,37.0367,11.1972,169.1480,13.4615,9.9721,12.1714,4.1268,7.7147,12.9089,25.7155,25.8178,68.1464,5.1636,-2.5716,3.346586,8.833363,1.540712,20,39,6,4,0.10883998,0.21896054,0.15275081,0E-8,0.000000,0.894414,0.891892,0.07429612,2026-06-13,2026-07-31,13,43,39,49,0.265306,0.819308,0.838975,0.362800,,,,,,,,GLOBAL_BASELINE_NO_ENTITY_RANKING,,,NOT_APPLICABLE_GLOBAL_BASELINE,HF9g-P5,,,,X 全窗基线 · 不参与实体赏罚,8391493,840,A168_HF9F_20260827_0900,2026-08-27 09:00:00
2026-06-14,41751985,1402,0,20.5724278037,-20.5724278037,-20.5724278037,0E-7,2,2,0.49994810000000000,0.499948100000,-1.4140667746232096,-1.4140667746232096,-1.4140667746232096,0E-17,ELIGIBLE,R03b_20260811_FULL_v1,L1_ELIGIBILITY,v2026-08-11,2026-03-21..2026-08-06,baccarat_bet02_101_all_pairs_incl_sentinel,round_win = game_pnl > 0 (decisive only),COMPATIBILITY_ONLY_NOT_PRODUCTION,2198.9235,1966.7486,481.4775,185,175,-0.21896054,-0.15275081,-0.22704693,-0.21896054,-481.4775,2198.9235,OK,0.0000,19.2591,4.0000,96.0000,AG03-UNRESOLVED,ALL5_LEVELS_bet23_to_bet27,19.2591,19.2591,19.2591,19.2591,19.2591,4.000000,4.000000,4.000000,4.000000,4.000000,96.000000,96.000000,96.000000,96.000000,96.000000,5.0,96.2955,88.8939,385.1820,392.5836,PENDING_AG03,FALSE,NOT_FOR_ENFORCEMENT,462.2184,1888.0786,481.4775,462.2184,19.2591,0.21896054,0.21020212,19.2591,462.2184,0.21020212,19.2591,19.2591,19.2591,19.2591,19.2591,462.2184,0.21020212,96.2955,88.8939,385.1820,392.5836,0.17516843,0.17853445,0.00875842,11.8861,11.2386,2.7513,37.0367,11.1972,169.1480,13.4615,9.9721,12.1714,4.1268,7.7147,12.9089,25.7155,25.8178,68.1464,5.1636,-2.5716,3.346586,8.833363,1.540712,20,39,6,4,0.10883998,0.21896054,0.15275081,0E-8,0.000000,0.894414,0.891892,0.07429612,2026-06-13,2026-07-31,13,43,39,49,0.265306,0.819308,0.838975,0.362800,,,,,,,,GLOBAL_BASELINE_NO_ENTITY_RANKING,,,NOT_APPLICABLE_GLOBAL_BASELINE,HF9g-P5,,,,X 全窗基线 · 不参与实体赏罚,8391494,840,A168_HF9F_20260827_0900,2026-08-27 09:00:00
2026-06-14,41751985,2174,0,5.1431069509,-5.1431069509,-5.1431069509,0E-7,1,1,0.50665070000000000,0.506650700000,-1.013391052207602,-1.013391052207602,-1.013391052207602,0E-17,ELIGIBLE,R03b_20260811_FULL_v1,L1_ELIGIBILITY,v2026-08-11,2026-03-21..2026-08-06,baccarat_bet02_101_all_pairs_incl_sentinel,round_win = game_pnl > 0 (decisive only),COMPATIBILITY_ONLY_NOT_PRODUCTION,2198.9235,1966.7486,481.4775,185,175,-0.21896054,-0.15275081,-0.22704693,-0.21896054,-481.4775,2198.9235,OK,0.0000,19.2591,4.0000,96.0000,AG03-UNRESOLVED,ALL5_LEVELS_bet23_to_bet27,19.2591,19.2591,19.2591,19.2591,19.2591,4.000000,4.000000,4.000000,4.000000,4.000000,96.000000,96.000000,96.000000,96.000000,96.000000,5.0,96.2955,88.8939,385.1820,392.5836,PENDING_AG03,FALSE,NOT_FOR_ENFORCEMENT,462.2184,1888.0786,481.4775,462.2184,19.2591,0.21896054,0.21020212,19.2591,462.2184,0.21020212,19.2591,19.2591,19.2591,19.2591,19.2591,462.2184,0.21020212,96.2955,88.8939,385.1820,392.5836,0.17516843,0.17853445,0.00875842,11.8861,11.2386,2.7513,37.0367,11.1972,169.1480,13.4615,9.9721,12.1714,4.1268,7.7147,12.9089,25.7155,25.8178,68.1464,5.1636,-2.5716,3.346586,8.833363,1.540712,20,39,6,4,0.10883998,0.21896054,0.15275081,0E-8,0.000000,0.894414,0.891892,0.07429612,2026-06-13,2026-07-31,13,43,39,49,0.265306,0.819308,0.838975,0.362800,,,,,,,,GLOBAL_BASELINE_NO_ENTITY_RANKING,,,NOT_APPLICABLE_GLOBAL_BASELINE,HF9g-P5,,,,X 全窗基线 · 不参与实体赏罚,8391495,840,A168_HF9F_20260827_0900,2026-08-27 09:00:00
2026-06-14,41751985,2188,0,15.4293208527,4.8859516034,4.8859516034,0.6666667,3,3,0.50665070000000000,0.506650700000,0.5543606114942035,0.5543606114942035,0.5543606114942035,0E-17,ELIGIBLE,R03b_20260811_FULL_v1,L1_ELIGIBILITY,v2026-08-11,2026-03-21..2026-08-06,baccarat_bet02_101_all_pairs_incl_sentinel,round_win = game_pnl > 0 (decisive only),COMPATIBILITY_ONLY_NOT_PRODUCTION,2198.9235,1966.7486,481.4775,185,175,-0.21896054,-0.15275081,-0.22704693,-0.21896054,-481.4775,2198.9235,OK,0.0000,19.2591,4.0000,96.0000,AG03-UNRESOLVED,ALL5_LEVELS_bet23_to_bet27,19.2591,19.2591,19.2591,19.2591,19.2591,4.000000,4.000000,4.000000,4.000000,4.000000,96.000000,96.000000,96.000000,96.000000,96.000000,5.0,96.2955,88.8939,385.1820,392.5836,PENDING_AG03,FALSE,NOT_FOR_ENFORCEMENT,462.2184,1888.0786,481.4775,462.2184,19.2591,0.21896054,0.21020212,19.2591,462.2184,0.21020212,19.2591,19.2591,19.2591,19.2591,19.2591,462.2184,0.21020212,96.2955,88.8939,385.1820,392.5836,0.17516843,0.17853445,0.00875842,11.8861,11.2386,2.7513,37.0367,11.1972,169.1480,13.4615,9.9721,12.1714,4.1268,7.7147,12.9089,25.7155,25.8178,68.1464,5.1636,-2.5716,3.346586,8.833363,1.540712,20,39,6,4,0.10883998,0.21896054,0.15275081,0E-8,0.000000,0.894414,0.891892,0.07429612,2026-06-13,2026-07-31,13,43,39,49,0.265306,0.819308,0.838975,0.362800,,,,,,,,GLOBAL_BASELINE_NO_ENTITY_RANKING,,,NOT_APPLICABLE_GLOBAL_BASELINE,HF9g-P5,,,,X 全窗基线 · 不参与实体赏罚,8391496,840,A168_HF9F_20260827_0900,2026-08-27 09:00:00
2026-06-14,41751985,2209,0,138.8638876744,56.3170211124,56.3170211124,0.7142857,8,8,0.50665070000000000,0.506650700000,1.098798430526454,1.098798430526454,1.098798430526454,0E-17,ELIGIBLE,R03b_20260811_FULL_v1,L1_ELIGIBILITY,v2026-08-11,2026-03-21..2026-08-06,baccarat_bet02_101_all_pairs_incl_sentinel,round_win = game_pnl > 0 (decisive only),COMPATIBILITY_ONLY_NOT_PRODUCTION,2198.9235,1966.7486,481.4775,185,175,-0.21896054,-0.15275081,-0.22704693,-0.21896054,-481.4775,2198.9235,OK,0.0000,19.2591,4.0000,96.0000,AG03-UNRESOLVED,ALL5_LEVELS_bet23_to_bet27,19.2591,19.2591,19.2591,19.2591,19.2591,4.000000,4.000000,4.000000,4.000000,4.000000,96.000000,96.000000,96.000000,96.000000,96.000000,5.0,96.2955,88.8939,385.1820,392.5836,PENDING_AG03,FALSE,NOT_FOR_ENFORCEMENT,462.2184,1888.0786,481.4775,462.2184,19.2591,0.21896054,0.21020212,19.2591,462.2184,0.21020212,19.2591,19.2591,19.2591,19.2591,19.2591,462.2184,0.21020212,96.2955,88.8939,385.1820,392.5836,0.17516843,0.17853445,0.00875842,11.8861,11.2386,2.7513,37.0367,11.1972,169.1480,13.4615,9.9721,12.1714,4.1268,7.7147,12.9089,25.7155,25.8178,68.1464,5.1636,-2.5716,3.346586,8.833363,1.540712,20,39,6,4,0.10883998,0.21896054,0.15275081,0E-8,0.000000,0.894414,0.891892,0.07429612,2026-06-13,2026-07-31,13,43,39,49,0.265306,0.819308,0.838975,0.362800,,,,,,,,GLOBAL_BASELINE_NO_ENTITY_RANKING,,,NOT_APPLICABLE_GLOBAL_BASELINE,HF9g-P5,,,,X 全窗基线 · 不参与实体赏罚,8391497,840,A168_HF9F_20260827_0900,2026-08-27 09:00:00
2026-06-14,41751985,583,0,5.1431069509,5.1431069509,5.1431069509,1.0000000,1,1,0.49324550000000000,0.493245500000,1.01360149184955,1.01360149184955,1.01360149184955,0E-17,ELIGIBLE,R03b_20260811_FULL_v1,L1_ELIGIBILITY,v2026-08-11,2026-03-21..2026-08-06,baccarat_bet02_101_all_pairs_incl_sentinel,round_win = game_pnl > 0 (decisive only),COMPATIBILITY_ONLY_NOT_PRODUCTION,2198.9235,1966.7486,481.4775,185,175,-0.21896054,-0.15275081,-0.22704693,-0.21896054,-481.4775,2198.9235,OK,0.0000,19.2591,4.0000,96.0000,AG03-UNRESOLVED,ALL5_LEVELS_bet23_to_bet27,19.2591,19.2591,19.2591,19.2591,19.2591,4.000000,4.000000,4.000000,4.000000,4.000000,96.000000,96.000000,96.000000,96.000000,96.000000,5.0,96.2955,88.8939,385.1820,392.5836,PENDING_AG03,FALSE,NOT_FOR_ENFORCEMENT,462.2184,1888.0786,481.4775,462.2184,19.2591,0.21896054,0.21020212,19.2591,462.2184,0.21020212,19.2591,19.2591,19.2591,19.2591,19.2591,462.2184,0.21020212,96.2955,88.8939,385.1820,392.5836,0.17516843,0.17853445,0.00875842,11.8861,11.2386,2.7513,37.0367,11.1972,169.1480,13.4615,9.9721,12.1714,4.1268,7.7147,12.9089,25.7155,25.8178,68.1464,5.1636,-2.5716,3.346586,8.833363,1.540712,20,39,6,4,0.10883998,0.21896054,0.15275081,0E-8,0.000000,0.894414,0.891892,0.07429612,2026-06-13,2026-07-31,13,43,39,49,0.265306,0.819308,0.838975,0.362800,,,,,,,,GLOBAL_BASELINE_NO_ENTITY_RANKING,,,NOT_APPLICABLE_GLOBAL_BASELINE,HF9g-P5,,,,X 全窗基线 · 不参与实体赏罚,8391498,840,A168_HF9F_20260827_0900,2026-08-27 09:00:00
2026-06-16,41751985,-1,1,164.8365777770,-51.6882248570,-51.6882248570,0.3333333,20,12,0.36325486452294002,0.306119972222,-0.2155191670192244,0.20454307537572397,-0.2155191670192244,0.05713489230094002,SENTINEL_DEALER,R03b_20260811_FULL_v1,L1_ELIGIBILITY,v2026-08-11,2026-03-21..2026-08-06,baccarat_bet02_101_all_pairs_incl_sentinel,round_win = game_pnl > 0 (decisive only),COMPATIBILITY_ONLY_NOT_PRODUCTION,2198.9235,1966.7486,481.4775,185,175,-0.21896054,-0.15275081,-0.22704693,-0.21896054,-481.4775,2198.9235,OK,0.0000,19.2591,4.0000,96.0000,AG03-UNRESOLVED,ALL5_LEVELS_bet23_to_bet27,19.2591,19.2591,19.2591,19.2591,19.2591,4.000000,4.000000,4.000000,4.000000,4.000000,96.000000,96.000000,96.000000,96.000000,96.000000,5.0,96.2955,88.8939,385.1820,392.5836,PENDING_AG03,FALSE,NOT_FOR_ENFORCEMENT,462.2184,1888.0786,481.4775,462.2184,19.2591,0.21896054,0.21020212,19.2591,462.2184,0.21020212,19.2591,19.2591,19.2591,19.2591,19.2591,462.2184,0.21020212,96.2955,88.8939,385.1820,392.5836,0.17516843,0.17853445,0.00875842,11.8861,11.2386,2.7513,37.0367,11.1972,169.1480,13.4615,9.9721,12.1714,4.1268,7.7147,12.9089,25.7155,25.8178,68.1464,5.1636,-2.5716,3.346586,8.833363,1.540712,20,39,6,4,0.10883998,0.21896054,0.15275081,0E-8,0.000000,0.894414,0.891892,0.07429612,2026-06-13,2026-07-31,13,43,39,49,0.265306,0.819308,0.838975,0.362800,,,,,,,,GLOBAL_BASELINE_NO_ENTITY_RANKING,,,NOT_APPLICABLE_GLOBAL_BASELINE,HF9g-P5,,,,X 全窗基线 · 不参与实体赏罚,8391499,840,A168_HF9F_20260827_0900,2026-08-27 09:00:00
2026-06-16,41751985,1210,0,2.0572427804,-2.0572427804,-2.0572427804,0E-7,1,1,0.49324550000000000,0.493245500000,-0.9865810262130424,-0.9865810262130424,-0.9865810262130424,0E-17,ELIGIBLE,R03b_20260811_FULL_v1,L1_ELIGIBILITY,v2026-08-11,2026-03-21..2026-08-06,baccarat_bet02_101_all_pairs_incl_sentinel,round_win = game_pnl > 0 (decisive only),COMPATIBILITY_ONLY_NOT_PRODUCTION,2198.9235,1966.7486,481.4775,185,175,-0.21896054,-0.15275081,-0.22704693,-0.21896054,-481.4775,2198.9235,OK,0.0000,19.2591,4.0000,96.0000,AG03-UNRESOLVED,ALL5_LEVELS_bet23_to_bet27,19.2591,19.2591,19.2591,19.2591,19.2591,4.000000,4.000000,4.000000,4.000000,4.000000,96.000000,96.000000,96.000000,96.000000,96.000000,5.0,96.2955,88.8939,385.1820,392.5836,PENDING_AG03,FALSE,NOT_FOR_ENFORCEMENT,462.2184,1888.0786,481.4775,462.2184,19.2591,0.21896054,0.21020212,19.2591,462.2184,0.21020212,19.2591,19.2591,19.2591,19.2591,19.2591,462.2184,0.21020212,96.2955,88.8939,385.1820,392.5836,0.17516843,0.17853445,0.00875842,11.8861,11.2386,2.7513,37.0367,11.1972,169.1480,13.4615,9.9721,12.1714,4.1268,7.7147,12.9089,25.7155,25.8178,68.1464,5.1636,-2.5716,3.346586,8.833363,1.540712,20,39,6,4,0.10883998,0.21896054,0.15275081,0E-8,0.000000,0.894414,0.891892,0.07429612,2026-06-13,2026-07-31,13,43,39,49,0.265306,0.819308,0.838975,0.362800,,,,,,,,GLOBAL_BASELINE_NO_ENTITY_RANKING,,,NOT_APPLICABLE_GLOBAL_BASELINE,HF9g-P5,,,,X 全窗基线 · 不参与实体赏罚,8391500,840,A168_HF9F_20260827_0900,2026-08-27 09:00:00
2026-06-16,41751985,1323,0,62.2315941059,-44.4878751254,-44.4878751254,0.2500000,5,5,0.50396966000000000,0.503969660000,-1.01591065835228,-1.0159106583522801,-1.01591065835228,0E-17,ELIGIBLE,R03b_20260811_FULL_v1,L1_ELIGIBILITY,v2026-08-11,2026-03-21..2026-08-06,baccarat_bet02_101_all_pairs_incl_sentinel,round_win = game_pnl > 0 (decisive only),COMPATIBILITY_ONLY_NOT_PRODUCTION,2198.9235,1966.7486,481.4775,185,175,-0.21896054,-0.15275081,-0.22704693,-0.21896054,-481.4775,2198.9235,OK,0.0000,19.2591,4.0000,96.0000,AG03-UNRESOLVED,ALL5_LEVELS_bet23_to_bet27,19.2591,19.2591,19.2591,19.2591,19.2591,4.000000,4.000000,4.000000,4.000000,4.000000,96.000000,96.000000,96.000000,96.000000,96.000000,5.0,96.2955,88.8939,385.1820,392.5836,PENDING_AG03,FALSE,NOT_FOR_ENFORCEMENT,462.2184,1888.0786,481.4775,462.2184,19.2591,0.21896054,0.21020212,19.2591,462.2184,0.21020212,19.2591,19.2591,19.2591,19.2591,19.2591,462.2184,0.21020212,96.2955,88.8939,385.1820,392.5836,0.17516843,0.17853445,0.00875842,11.8861,11.2386,2.7513,37.0367,11.1972,169.1480,13.4615,9.9721,12.1714,4.1268,7.7147,12.9089,25.7155,25.8178,68.1464,5.1636,-2.5716,3.346586,8.833363,1.540712,20,39,6,4,0.10883998,0.21896054,0.15275081,0E-8,0.000000,0.894414,0.891892,0.07429612,2026-06-13,2026-07-31,13,43,39,49,0.265306,0.819308,0.838975,0.362800,,,,,,,,GLOBAL_BASELINE_NO_ENTITY_RANKING,,,NOT_APPLICABLE_GLOBAL_BASELINE,HF9g-P5,,,,X 全窗基线 · 不参与实体赏罚,8391501,840,A168_HF9F_20260827_0900,2026-08-27 09:00:00
2026-06-16,41751985,2115,0,90.0043716411,-51.4310695092,-51.4310695092,0.1666667,7,7,0.49899058571428571,0.498990585714,-1.6280513796797877,-1.6280513796783902,-1.6280513796797877,2.8571E-13,ELIGIBLE,R03b_20260811_FULL_v1,L1_ELIGIBILITY,v2026-08-11,2026-03-21..2026-08-06,baccarat_bet02_101_all_pairs_incl_sentinel,round_win = game_pnl > 0 (decisive only),COMPATIBILITY_ONLY_NOT_PRODUCTION,2198.9235,1966.7486,481.4775,185,175,-0.21896054,-0.15275081,-0.22704693,-0.21896054,-481.4775,2198.9235,OK,0.0000,19.2591,4.0000,96.0000,AG03-UNRESOLVED,ALL5_LEVELS_bet23_to_bet27,19.2591,19.2591,19.2591,19.2591,19.2591,4.000000,4.000000,4.000000,4.000000,4.000000,96.000000,96.000000,96.000000,96.000000,96.000000,5.0,96.2955,88.8939,385.1820,392.5836,PENDING_AG03,FALSE,NOT_FOR_ENFORCEMENT,462.2184,1888.0786,481.4775,462.2184,19.2591,0.21896054,0.21020212,19.2591,462.2184,0.21020212,19.2591,19.2591,19.2591,19.2591,19.2591,462.2184,0.21020212,96.2955,88.8939,385.1820,392.5836,0.17516843,0.17853445,0.00875842,11.8861,11.2386,2.7513,37.0367,11.1972,169.1480,13.4615,9.9721,12.1714,4.1268,7.7147,12.9089,25.7155,25.8178,68.1464,5.1636,-2.5716,3.346586,8.833363,1.540712,20,39,6,4,0.10883998,0.21896054,0.15275081,0E-8,0.000000,0.894414,0.891892,0.07429612,2026-06-13,2026-07-31,13,43,39,49,0.265306,0.819308,0.838975,0.362800,,,,,,,,GLOBAL_BASELINE_NO_ENTITY_RANKING,,,NOT_APPLICABLE_GLOBAL_BASELINE,HF9g-P5,,,,X 全窗基线 · 不参与实体赏罚,8391502,840,A168_HF9F_20260827_0900,2026-08-27 09:00:00
2026-06-16,41751985,2155,0,12.3434566822,8.5504153059,8.5504153059,1.0000000,3,3,0.50665070000000000,0.506650700000,1.3955260008387969,1.3955260008387969,1.3955260008387969,0E-17,ELIGIBLE,R03b_20260811_FULL_v1,L1_ELIGIBILITY,v2026-08-11,2026-03-21..2026-08-06,baccarat_bet02_101_all_pairs_incl_sentinel,round_win = game_pnl > 0 (decisive only),COMPATIBILITY_ONLY_NOT_PRODUCTION,2198.9235,1966.7486,481.4775,185,175,-0.21896054,-0.15275081,-0.22704693,-0.21896054,-481.4775,2198.9235,OK,0.0000,19.2591,4.0000,96.0000,AG03-UNRESOLVED,ALL5_LEVELS_bet23_to_bet27,19.2591,19.2591,19.2591,19.2591,19.2591,4.000000,4.000000,4.000000,4.000000,4.000000,96.000000,96.000000,96.000000,96.000000,96.000000,5.0,96.2955,88.8939,385.1820,392.5836,PENDING_AG03,FALSE,NOT_FOR_ENFORCEMENT,462.2184,1888.0786,481.4775,462.2184,19.2591,0.21896054,0.21020212,19.2591,462.2184,0.21020212,19.2591,19.2591,19.2591,19.2591,19.2591,462.2184,0.21020212,96.2955,88.8939,385.1820,392.5836,0.17516843,0.17853445,0.00875842,11.8861,11.2386,2.7513,37.0367,11.1972,169.1480,13.4615,9.9721,12.1714,4.1268,7.7147,12.9089,25.7155,25.8178,68.1464,5.1636,-2.5716,3.346586,8.833363,1.540712,20,39,6,4,0.10883998,0.21896054,0.15275081,0E-8,0.000000,0.894414,0.891892,0.07429612,2026-06-13,2026-07-31,13,43,39,49,0.265306,0.819308,0.838975,0.362800,,,,,,,,GLOBAL_BASELINE_NO_ENTITY_RANKING,,,NOT_APPLICABLE_GLOBAL_BASELINE,HF9g-P5,,,,X 全窗基线 · 不参与实体赏罚,8391503,840,A168_HF9F_20260827_0900,2026-08-27 09:00:00
2026-06-16,41751985,2167,0,257.1553475453,-231.4398127908,-231.4398127908,0E-7,5,5,0.49324550000000000,0.493245500000,-1.973162052426085,-1.973162052426085,-1.973162052426085,0E-17,ELIGIBLE,R03b_20260811_FULL_v1,L1_ELIGIBILITY,v2026-08-11,2026-03-21..2026-08-06,baccarat_bet02_101_all_pairs_incl_sentinel,round_win = game_pnl > 0 (decisive only),COMPATIBILITY_ONLY_NOT_PRODUCTION,2198.9235,1966.7486,481.4775,185,175,-0.21896054,-0.15275081,-0.22704693,-0.21896054,-481.4775,2198.9235,OK,0.0000,19.2591,4.0000,96.0000,AG03-UNRESOLVED,ALL5_LEVELS_bet23_to_bet27,19.2591,19.2591,19.2591,19.2591,19.2591,4.000000,4.000000,4.000000,4.000000,4.000000,96.000000,96.000000,96.000000,96.000000,96.000000,5.0,96.2955,88.8939,385.1820,392.5836,PENDING_AG03,FALSE,NOT_FOR_ENFORCEMENT,462.2184,1888.0786,481.4775,462.2184,19.2591,0.21896054,0.21020212,19.2591,462.2184,0.21020212,19.2591,19.2591,19.2591,19.2591,19.2591,462.2184,0.21020212,96.2955,88.8939,385.1820,392.5836,0.17516843,0.17853445,0.00875842,11.8861,11.2386,2.7513,37.0367,11.1972,169.1480,13.4615,9.9721,12.1714,4.1268,7.7147,12.9089,25.7155,25.8178,68.1464,5.1636,-2.5716,3.346586,8.833363,1.540712,20,39,6,4,0.10883998,0.21896054,0.15275081,0E-8,0.000000,0.894414,0.891892,0.07429612,2026-06-13,2026-07-31,13,43,39,49,0.265306,0.819308,0.838975,0.362800,,,,,,,,GLOBAL_BASELINE_NO_ENTITY_RANKING,,,NOT_APPLICABLE_GLOBAL_BASELINE,HF9g-P5,,,,X 全窗基线 · 不参与实体赏罚,8391504,840,A168_HF9F_20260827_0900,2026-08-27 09:00:00
2026-06-16,41751985,2212,0,25.7155347546,-25.7155347546,-25.7155347546,0E-7,2,2,0.49994810000000000,0.499948100000,-1.4140667746232096,-1.4140667746232096,-1.4140667746232096,0E-17,ELIGIBLE,R03b_20260811_FULL_v1,L1_ELIGIBILITY,v2026-08-11,2026-03-21..2026-08-06,baccarat_bet02_101_all_pairs_incl_sentinel,round_win = game_pnl > 0 (decisive only),COMPATIBILITY_ONLY_NOT_PRODUCTION,2198.9235,1966.7486,481.4775,185,175,-0.21896054,-0.15275081,-0.22704693,-0.21896054,-481.4775,2198.9235,OK,0.0000,19.2591,4.0000,96.0000,AG03-UNRESOLVED,ALL5_LEVELS_bet23_to_bet27,19.2591,19.2591,19.2591,19.2591,19.2591,4.000000,4.000000,4.000000,4.000000,4.000000,96.000000,96.000000,96.000000,96.000000,96.000000,5.0,96.2955,88.8939,385.1820,392.5836,PENDING_AG03,FALSE,NOT_FOR_ENFORCEMENT,462.2184,1888.0786,481.4775,462.2184,19.2591,0.21896054,0.21020212,19.2591,462.2184,0.21020212,19.2591,19.2591,19.2591,19.2591,19.2591,462.2184,0.21020212,96.2955,88.8939,385.1820,392.5836,0.17516843,0.17853445,0.00875842,11.8861,11.2386,2.7513,37.0367,11.1972,169.1480,13.4615,9.9721,12.1714,4.1268,7.7147,12.9089,25.7155,25.8178,68.1464,5.1636,-2.5716,3.346586,8.833363,1.540712,20,39,6,4,0.10883998,0.21896054,0.15275081,0E-8,0.000000,0.894414,0.891892,0.07429612,2026-06-13,2026-07-31,13,43,39,49,0.265306,0.819308,0.838975,0.362800,,,,,,,,GLOBAL_BASELINE_NO_ENTITY_RANKING,,,NOT_APPLICABLE_GLOBAL_BASELINE,HF9g-P5,,,,X 全窗基线 · 不参与实体赏罚,8391505,840,A168_HF9F_20260827_0900,2026-08-27 09:00:00
2026-06-16,41751985,2254,0,128.5776737726,51.4310695091,51.4310695091,0.5000000,3,3,0.49771390000000000,0.497713900000,0.006466134837551399,0.0064661348375514,0.006466134837551399,0E-17,ELIGIBLE,R03b_20260811_FULL_v1,L1_ELIGIBILITY,v2026-08-11,2026-03-21..2026-08-06,baccarat_bet02_101_all_pairs_incl_sentinel,round_win = game_pnl > 0 (decisive only),COMPATIBILITY_ONLY_NOT_PRODUCTION,2198.9235,1966.7486,481.4775,185,175,-0.21896054,-0.15275081,-0.22704693,-0.21896054,-481.4775,2198.9235,OK,0.0000,19.2591,4.0000,96.0000,AG03-UNRESOLVED,ALL5_LEVELS_bet23_to_bet27,19.2591,19.2591,19.2591,19.2591,19.2591,4.000000,4.000000,4.000000,4.000000,4.000000,96.000000,96.000000,96.000000,96.000000,96.000000,5.0,96.2955,88.8939,385.1820,392.5836,PENDING_AG03,FALSE,NOT_FOR_ENFORCEMENT,462.2184,1888.0786,481.4775,462.2184,19.2591,0.21896054,0.21020212,19.2591,462.2184,0.21020212,19.2591,19.2591,19.2591,19.2591,19.2591,462.2184,0.21020212,96.2955,88.8939,385.1820,392.5836,0.17516843,0.17853445,0.00875842,11.8861,11.2386,2.7513,37.0367,11.1972,169.1480,13.4615,9.9721,12.1714,4.1268,7.7147,12.9089,25.7155,25.8178,68.1464,5.1636,-2.5716,3.346586,8.833363,1.540712,20,39,6,4,0.10883998,0.21896054,0.15275081,0E-8,0.000000,0.894414,0.891892,0.07429612,2026-06-13,2026-07-31,13,43,39,49,0.265306,0.819308,0.838975,0.362800,,,,,,,,GLOBAL_BASELINE_NO_ENTITY_RANKING,,,NOT_APPLICABLE_GLOBAL_BASELINE,HF9g-P5,,,,X 全窗基线 · 不参与实体赏罚,8391506,840,A168_HF9F_20260827_0900,2026-08-27 09:00:00
2026-06-16,41751985,2278,0,102.8621390181,-25.7155347545,-25.7155347545,0.4000000,5,5,0.50128862000000000,0.501288620000,-0.4529779837142727,-0.4529779837142727,-0.4529779837142727,0E-17,ELIGIBLE,R03b_20260811_FULL_v1,L1_ELIGIBILITY,v2026-08-11,2026-03-21..2026-08-06,baccarat_bet02_101_all_pairs_incl_sentinel,round_win = game_pnl > 0 (decisive only),COMPATIBILITY_ONLY_NOT_PRODUCTION,2198.9235,1966.7486,481.4775,185,175,-0.21896054,-0.15275081,-0.22704693,-0.21896054,-481.4775,2198.9235,OK,0.0000,19.2591,4.0000,96.0000,AG03-UNRESOLVED,ALL5_LEVELS_bet23_to_bet27,19.2591,19.2591,19.2591,19.2591,19.2591,4.000000,4.000000,4.000000,4.000000,4.000000,96.000000,96.000000,96.000000,96.000000,96.000000,5.0,96.2955,88.8939,385.1820,392.5836,PENDING_AG03,FALSE,NOT_FOR_ENFORCEMENT,462.2184,1888.0786,481.4775,462.2184,19.2591,0.21896054,0.21020212,19.2591,462.2184,0.21020212,19.2591,19.2591,19.2591,19.2591,19.2591,462.2184,0.21020212,96.2955,88.8939,385.1820,392.5836,0.17516843,0.17853445,0.00875842,11.8861,11.2386,2.7513,37.0367,11.1972,169.1480,13.4615,9.9721,12.1714,4.1268,7.7147,12.9089,25.7155,25.8178,68.1464,5.1636,-2.5716,3.346586,8.833363,1.540712,20,39,6,4,0.10883998,0.21896054,0.15275081,0E-8,0.000000,0.894414,0.891892,0.07429612,2026-06-13,2026-07-31,13,43,39,49,0.265306,0.819308,0.838975,0.362800,,,,,,,,GLOBAL_BASELINE_NO_ENTITY_RANKING,,,NOT_APPLICABLE_GLOBAL_BASELINE,HF9g-P5,,,,X 全窗基线 · 不参与实体赏罚,8391507,840,A168_HF9F_20260827_0900,2026-08-27 09:00:00
2026-06-16,41751985,2280,0,259.7269010210,113.1483529198,113.1483529198,0.6000000,17,17,0.50034237058823529,0.500342370588,0.7719448590396493,0.7719448590414717,0.7719448590396493,2.3529E-13,ELIGIBLE,R03b_20260811_FULL_v1,L1_ELIGIBILITY,v2026-08-11,2026-03-21..2026-08-06,baccarat_bet02_101_all_pairs_incl_sentinel,round_win = game_pnl > 0 (decisive only),COMPATIBILITY_ONLY_NOT_PRODUCTION,2198.9235,1966.7486,481.4775,185,175,-0.21896054,-0.15275081,-0.22704693,-0.21896054,-481.4775,2198.9235,OK,0.0000,19.2591,4.0000,96.0000,AG03-UNRESOLVED,ALL5_LEVELS_bet23_to_bet27,19.2591,19.2591,19.2591,19.2591,19.2591,4.000000,4.000000,4.000000,4.000000,4.000000,96.000000,96.000000,96.000000,96.000000,96.000000,5.0,96.2955,88.8939,385.1820,392.5836,PENDING_AG03,FALSE,NOT_FOR_ENFORCEMENT,462.2184,1888.0786,481.4775,462.2184,19.2591,0.21896054,0.21020212,19.2591,462.2184,0.21020212,19.2591,19.2591,19.2591,19.2591,19.2591,462.2184,0.21020212,96.2955,88.8939,385.1820,392.5836,0.17516843,0.17853445,0.00875842,11.8861,11.2386,2.7513,37.0367,11.1972,169.1480,13.4615,9.9721,12.1714,4.1268,7.7147,12.9089,25.7155,25.8178,68.1464,5.1636,-2.5716,3.346586,8.833363,1.540712,20,39,6,4,0.10883998,0.21896054,0.15275081,0E-8,0.000000,0.894414,0.891892,0.07429612,2026-06-13,2026-07-31,13,43,39,49,0.265306,0.819308,0.838975,0.362800,,,,,,,,GLOBAL_BASELINE_NO_ENTITY_RANKING,,,NOT_APPLICABLE_GLOBAL_BASELINE,HF9g-P5,,,,X 全窗基线 · 不参与实体赏罚,8391508,840,A168_HF9F_20260827_0900,2026-08-27 09:00:00
2026-06-16,41751985,763,0,57.8599531978,12.8577673773,12.8577673773,0.6000000,5,5,0.50396966000000000,0.503969660000,0.4294742719815242,0.4294742719815242,0.4294742719815242,0E-17,ELIGIBLE,R03b_20260811_FULL_v1,L1_ELIGIBILITY,v2026-08-11,2026-03-21..2026-08-06,baccarat_bet02_101_all_pairs_incl_sentinel,round_win = game_pnl > 0 (decisive only),COMPATIBILITY_ONLY_NOT_PRODUCTION,2198.9235,1966.7486,481.4775,185,175,-0.21896054,-0.15275081,-0.22704693,-0.21896054,-481.4775,2198.9235,OK,0.0000,19.2591,4.0000,96.0000,AG03-UNRESOLVED,ALL5_LEVELS_bet23_to_bet27,19.2591,19.2591,19.2591,19.2591,19.2591,4.000000,4.000000,4.000000,4.000000,4.000000,96.000000,96.000000,96.000000,96.000000,96.000000,5.0,96.2955,88.8939,385.1820,392.5836,PENDING_AG03,FALSE,NOT_FOR_ENFORCEMENT,462.2184,1888.0786,481.4775,462.2184,19.2591,0.21896054,0.21020212,19.2591,462.2184,0.21020212,19.2591,19.2591,19.2591,19.2591,19.2591,462.2184,0.21020212,96.2955,88.8939,385.1820,392.5836,0.17516843,0.17853445,0.00875842,11.8861,11.2386,2.7513,37.0367,11.1972,169.1480,13.4615,9.9721,12.1714,4.1268,7.7147,12.9089,25.7155,25.8178,68.1464,5.1636,-2.5716,3.346586,8.833363,1.540712,20,39,6,4,0.10883998,0.21896054,0.15275081,0E-8,0.000000,0.894414,0.891892,0.07429612,2026-06-13,2026-07-31,13,43,39,49,0.265306,0.819308,0.838975,0.362800,,,,,,,,GLOBAL_BASELINE_NO_ENTITY_RANKING,,,NOT_APPLICABLE_GLOBAL_BASELINE,HF9g-P5,,,,X 全窗基线 · 不参与实体赏罚,8391509,840,A168_HF9F_20260827_0900,2026-08-27 09:00:00
2026-06-18,41751985,1940,0,4.1144855607,-4.1144855607,-4.1144855607,0E-7,1,1,0.49324550000000000,0.493245500000,-0.9865810262130424,-0.9865810262130424,-0.9865810262130424,0E-17,ELIGIBLE,R03b_20260811_FULL_v1,L1_ELIGIBILITY,v2026-08-11,2026-03-21..2026-08-06,baccarat_bet02_101_all_pairs_incl_sentinel,round_win = game_pnl > 0 (decisive only),COMPATIBILITY_ONLY_NOT_PRODUCTION,2198.9235,1966.7486,481.4775,185,175,-0.21896054,-0.15275081,-0.22704693,-0.21896054,-481.4775,2198.9235,OK,0.0000,19.2591,4.0000,96.0000,AG03-UNRESOLVED,ALL5_LEVELS_bet23_to_bet27,19.2591,19.2591,19.2591,19.2591,19.2591,4.000000,4.000000,4.000000,4.000000,4.000000,96.000000,96.000000,96.000000,96.000000,96.000000,5.0,96.2955,88.8939,385.1820,392.5836,PENDING_AG03,FALSE,NOT_FOR_ENFORCEMENT,462.2184,1888.0786,481.4775,462.2184,19.2591,0.21896054,0.21020212,19.2591,462.2184,0.21020212,19.2591,19.2591,19.2591,19.2591,19.2591,462.2184,0.21020212,96.2955,88.8939,385.1820,392.5836,0.17516843,0.17853445,0.00875842,11.8861,11.2386,2.7513,37.0367,11.1972,169.1480,13.4615,9.9721,12.1714,4.1268,7.7147,12.9089,25.7155,25.8178,68.1464,5.1636,-2.5716,3.346586,8.833363,1.540712,20,39,6,4,0.10883998,0.21896054,0.15275081,0E-8,0.000000,0.894414,0.891892,0.07429612,2026-06-13,2026-07-31,13,43,39,49,0.265306,0.819308,0.838975,0.362800,,,,,,,,GLOBAL_BASELINE_NO_ENTITY_RANKING,,,NOT_APPLICABLE_GLOBAL_BASELINE,HF9g-P5,,,,X 全窗基线 · 不参与实体赏罚,8391510,840,A168_HF9F_20260827_0900,2026-08-27 09:00:00
2026-06-19,41751985,1221,0,4.8859516034,-4.8859516034,-4.8859516034,0E-7,1,1,0.49324550000000000,0.493245500000,-0.9865810262130424,-0.9865810262130424,-0.9865810262130424,0E-17,ELIGIBLE,R03b_20260811_FULL_v1,L1_ELIGIBILITY,v2026-08-11,2026-03-21..2026-08-06,baccarat_bet02_101_all_pairs_incl_sentinel,round_win = game_pnl > 0 (decisive only),COMPATIBILITY_ONLY_NOT_PRODUCTION,2198.9235,1966.7486,481.4775,185,175,-0.21896054,-0.15275081,-0.22704693,-0.21896054,-481.4775,2198.9235,OK,0.0000,19.2591,4.0000,96.0000,AG03-UNRESOLVED,ALL5_LEVELS_bet23_to_bet27,19.2591,19.2591,19.2591,19.2591,19.2591,4.000000,4.000000,4.000000,4.000000,4.000000,96.000000,96.000000,96.000000,96.000000,96.000000,5.0,96.2955,88.8939,385.1820,392.5836,PENDING_AG03,FALSE,NOT_FOR_ENFORCEMENT,462.2184,1888.0786,481.4775,462.2184,19.2591,0.21896054,0.21020212,19.2591,462.2184,0.21020212,19.2591,19.2591,19.2591,19.2591,19.2591,462.2184,0.21020212,96.2955,88.8939,385.1820,392.5836,0.17516843,0.17853445,0.00875842,11.8861,11.2386,2.7513,37.0367,11.1972,169.1480,13.4615,9.9721,12.1714,4.1268,7.7147,12.9089,25.7155,25.8178,68.1464,5.1636,-2.5716,3.346586,8.833363,1.540712,20,39,6,4,0.10883998,0.21896054,0.15275081,0E-8,0.000000,0.894414,0.891892,0.07429612,2026-06-13,2026-07-31,13,43,39,49,0.265306,0.819308,0.838975,0.362800,,,,,,,,GLOBAL_BASELINE_NO_ENTITY_RANKING,,,NOT_APPLICABLE_GLOBAL_BASELINE,HF9g-P5,,,,X 全窗基线 · 不参与实体赏罚,8391511,840,A168_HF9F_20260827_0900,2026-08-27 09:00:00
2026-06-20,41751985,1384,0,15.6864762003,-15.6864762003,-15.6864762003,0E-7,1,1,0.50665070000000000,0.506650700000,-1.013391052207602,-1.013391052207602,-1.013391052207602,0E-17,ELIGIBLE,R03b_20260811_FULL_v1,L1_ELIGIBILITY,v2026-08-11,2026-03-21..2026-08-06,baccarat_bet02_101_all_pairs_incl_sentinel,round_win = game_pnl > 0 (decisive only),COMPATIBILITY_ONLY_NOT_PRODUCTION,2198.9235,1966.7486,481.4775,185,175,-0.21896054,-0.15275081,-0.22704693,-0.21896054,-481.4775,2198.9235,OK,0.0000,19.2591,4.0000,96.0000,AG03-UNRESOLVED,ALL5_LEVELS_bet23_to_bet27,19.2591,19.2591,19.2591,19.2591,19.2591,4.000000,4.000000,4.000000,4.000000,4.000000,96.000000,96.000000,96.000000,96.000000,96.000000,5.0,96.2955,88.8939,385.1820,392.5836,PENDING_AG03,FALSE,NOT_FOR_ENFORCEMENT,462.2184,1888.0786,481.4775,462.2184,19.2591,0.21896054,0.21020212,19.2591,462.2184,0.21020212,19.2591,19.2591,19.2591,19.2591,19.2591,462.2184,0.21020212,96.2955,88.8939,385.1820,392.5836,0.17516843,0.17853445,0.00875842,11.8861,11.2386,2.7513,37.0367,11.1972,169.1480,13.4615,9.9721,12.1714,4.1268,7.7147,12.9089,25.7155,25.8178,68.1464,5.1636,-2.5716,3.346586,8.833363,1.540712,20,39,6,4,0.10883998,0.21896054,0.15275081,0E-8,0.000000,0.894414,0.891892,0.07429612,2026-06-13,2026-07-31,13,43,39,49,0.265306,0.819308,0.838975,0.362800,,,,,,,,GLOBAL_BASELINE_NO_ENTITY_RANKING,,,NOT_APPLICABLE_GLOBAL_BASELINE,HF9g-P5,,,,X 全窗基线 · 不参与实体赏罚,8391512,840,A168_HF9F_20260827_0900,2026-08-27 09:00:00
2026-06-25,41751985,2108,0,4.1144855607,-4.1144855607,-4.1144855607,0E-7,1,1,0.49324550000000000,0.493245500000,-0.9865810262130424,-0.9865810262130424,-0.9865810262130424,0E-17,ELIGIBLE,R03b_20260811_FULL_v1,L1_ELIGIBILITY,v2026-08-11,2026-03-21..2026-08-06,baccarat_bet02_101_all_pairs_incl_sentinel,round_win = game_pnl > 0 (decisive only),COMPATIBILITY_ONLY_NOT_PRODUCTION,2198.9235,1966.7486,481.4775,185,175,-0.21896054,-0.15275081,-0.22704693,-0.21896054,-481.4775,2198.9235,OK,0.0000,19.2591,4.0000,96.0000,AG03-UNRESOLVED,ALL5_LEVELS_bet23_to_bet27,19.2591,19.2591,19.2591,19.2591,19.2591,4.000000,4.000000,4.000000,4.000000,4.000000,96.000000,96.000000,96.000000,96.000000,96.000000,5.0,96.2955,88.8939,385.1820,392.5836,PENDING_AG03,FALSE,NOT_FOR_ENFORCEMENT,462.2184,1888.0786,481.4775,462.2184,19.2591,0.21896054,0.21020212,19.2591,462.2184,0.21020212,19.2591,19.2591,19.2591,19.2591,19.2591,462.2184,0.21020212,96.2955,88.8939,385.1820,392.5836,0.17516843,0.17853445,0.00875842,11.8861,11.2386,2.7513,37.0367,11.1972,169.1480,13.4615,9.9721,12.1714,4.1268,7.7147,12.9089,25.7155,25.8178,68.1464,5.1636,-2.5716,3.346586,8.833363,1.540712,20,39,6,4,0.10883998,0.21896054,0.15275081,0E-8,0.000000,0.894414,0.891892,0.07429612,2026-06-13,2026-07-31,13,43,39,49,0.265306,0.819308,0.838975,0.362800,,,,,,,,GLOBAL_BASELINE_NO_ENTITY_RANKING,,,NOT_APPLICABLE_GLOBAL_BASELINE,HF9g-P5,,,,X 全窗基线 · 不参与实体赏罚,8391513,840,A168_HF9F_20260827_0900,2026-08-27 09:00:00
2026-06-27,41751985,2229,0,50.4024481190,-38.8304574794,-38.8304574794,0.2500000,4,4,0.50665070000000000,0.506650700000,-1.0266936290537745,-1.0266936290537745,-1.0266936290537745,0E-17,ELIGIBLE,R03b_20260811_FULL_v1,L1_ELIGIBILITY,v2026-08-11,2026-03-21..2026-08-06,baccarat_bet02_101_all_pairs_incl_sentinel,round_win = game_pnl > 0 (decisive only),COMPATIBILITY_ONLY_NOT_PRODUCTION,2198.9235,1966.7486,481.4775,185,175,-0.21896054,-0.15275081,-0.22704693,-0.21896054,-481.4775,2198.9235,OK,0.0000,19.2591,4.0000,96.0000,AG03-UNRESOLVED,ALL5_LEVELS_bet23_to_bet27,19.2591,19.2591,19.2591,19.2591,19.2591,4.000000,4.000000,4.000000,4.000000,4.000000,96.000000,96.000000,96.000000,96.000000,96.000000,5.0,96.2955,88.8939,385.1820,392.5836,PENDING_AG03,FALSE,NOT_FOR_ENFORCEMENT,462.2184,1888.0786,481.4775,462.2184,19.2591,0.21896054,0.21020212,19.2591,462.2184,0.21020212,19.2591,19.2591,19.2591,19.2591,19.2591,462.2184,0.21020212,96.2955,88.8939,385.1820,392.5836,0.17516843,0.17853445,0.00875842,11.8861,11.2386,2.7513,37.0367,11.1972,169.1480,13.4615,9.9721,12.1714,4.1268,7.7147,12.9089,25.7155,25.8178,68.1464,5.1636,-2.5716,3.346586,8.833363,1.540712,20,39,6,4,0.10883998,0.21896054,0.15275081,0E-8,0.000000,0.894414,0.891892,0.07429612,2026-06-13,2026-07-31,13,43,39,49,0.265306,0.819308,0.838975,0.362800,,,,,,,,GLOBAL_BASELINE_NO_ENTITY_RANKING,,,NOT_APPLICABLE_GLOBAL_BASELINE,HF9g-P5,,,,X 全窗基线 · 不参与实体赏罚,8391514,840,A168_HF9F_20260827_0900,2026-08-27 09:00:00
2026-06-27,41751985,2267,0,51.4310695091,-51.4310695091,-51.4310695091,0E-7,1,1,0.49324550000000000,0.493245500000,-0.9865810262130424,-0.9865810262130424,-0.9865810262130424,0E-17,ELIGIBLE,R03b_20260811_FULL_v1,L1_ELIGIBILITY,v2026-08-11,2026-03-21..2026-08-06,baccarat_bet02_101_all_pairs_incl_sentinel,round_win = game_pnl > 0 (decisive only),COMPATIBILITY_ONLY_NOT_PRODUCTION,2198.9235,1966.7486,481.4775,185,175,-0.21896054,-0.15275081,-0.22704693,-0.21896054,-481.4775,2198.9235,OK,0.0000,19.2591,4.0000,96.0000,AG03-UNRESOLVED,ALL5_LEVELS_bet23_to_bet27,19.2591,19.2591,19.2591,19.2591,19.2591,4.000000,4.000000,4.000000,4.000000,4.000000,96.000000,96.000000,96.000000,96.000000,96.000000,5.0,96.2955,88.8939,385.1820,392.5836,PENDING_AG03,FALSE,NOT_FOR_ENFORCEMENT,462.2184,1888.0786,481.4775,462.2184,19.2591,0.21896054,0.21020212,19.2591,462.2184,0.21020212,19.2591,19.2591,19.2591,19.2591,19.2591,462.2184,0.21020212,96.2955,88.8939,385.1820,392.5836,0.17516843,0.17853445,0.00875842,11.8861,11.2386,2.7513,37.0367,11.1972,169.1480,13.4615,9.9721,12.1714,4.1268,7.7147,12.9089,25.7155,25.8178,68.1464,5.1636,-2.5716,3.346586,8.833363,1.540712,20,39,6,4,0.10883998,0.21896054,0.15275081,0E-8,0.000000,0.894414,0.891892,0.07429612,2026-06-13,2026-07-31,13,43,39,49,0.265306,0.819308,0.838975,0.362800,,,,,,,,GLOBAL_BASELINE_NO_ENTITY_RANKING,,,NOT_APPLICABLE_GLOBAL_BASELINE,HF9g-P5,,,,X 全窗基线 · 不参与实体赏罚,8391515,840,A168_HF9F_20260827_0900,2026-08-27 09:00:00
2026-06-30,41751985,-1,1,20.3960447164,-3.7435778277,-3.7435778277,0.5000000,5,5,0.49592654000000000,0.495926540000,0.016294380756781617,0.016294380756781617,0.016294380756781617,0E-17,SENTINEL_DEALER,R03b_20260811_FULL_v1,L1_ELIGIBILITY,v2026-08-11,2026-03-21..2026-08-06,baccarat_bet02_101_all_pairs_incl_sentinel,round_win = game_pnl > 0 (decisive only),COMPATIBILITY_ONLY_NOT_PRODUCTION,2198.9235,1966.7486,481.4775,185,175,-0.21896054,-0.15275081,-0.22704693,-0.21896054,-481.4775,2198.9235,OK,0.0000,19.2591,4.0000,96.0000,AG03-UNRESOLVED,ALL5_LEVELS_bet23_to_bet27,19.2591,19.2591,19.2591,19.2591,19.2591,4.000000,4.000000,4.000000,4.000000,4.000000,96.000000,96.000000,96.000000,96.000000,96.000000,5.0,96.2955,88.8939,385.1820,392.5836,PENDING_AG03,FALSE,NOT_FOR_ENFORCEMENT,462.2184,1888.0786,481.4775,462.2184,19.2591,0.21896054,0.21020212,19.2591,462.2184,0.21020212,19.2591,19.2591,19.2591,19.2591,19.2591,462.2184,0.21020212,96.2955,88.8939,385.1820,392.5836,0.17516843,0.17853445,0.00875842,11.8861,11.2386,2.7513,37.0367,11.1972,169.1480,13.4615,9.9721,12.1714,4.1268,7.7147,12.9089,25.7155,25.8178,68.1464,5.1636,-2.5716,3.346586,8.833363,1.540712,20,39,6,4,0.10883998,0.21896054,0.15275081,0E-8,0.000000,0.894414,0.891892,0.07429612,2026-06-13,2026-07-31,13,43,39,49,0.265306,0.819308,0.838975,0.362800,,,,,,,,GLOBAL_BASELINE_NO_ENTITY_RANKING,,,NOT_APPLICABLE_GLOBAL_BASELINE,HF9g-P5,,,,X 全窗基线 · 不参与实体赏罚,8391516,840,A168_HF9F_20260827_0900,2026-08-27 09:00:00
2026-06-30,41751985,2222,0,116.1800015490,-80.0351121782,-80.0351121782,0.3750000,8,8,0.50665070000000000,0.506650700000,-0.7447947118953172,-0.7447947118953172,-0.7447947118953172,0E-17,ELIGIBLE,R03b_20260811_FULL_v1,L1_ELIGIBILITY,v2026-08-11,2026-03-21..2026-08-06,baccarat_bet02_101_all_pairs_incl_sentinel,round_win = game_pnl > 0 (decisive only),COMPATIBILITY_ONLY_NOT_PRODUCTION,2198.9235,1966.7486,481.4775,185,175,-0.21896054,-0.15275081,-0.22704693,-0.21896054,-481.4775,2198.9235,OK,0.0000,19.2591,4.0000,96.0000,AG03-UNRESOLVED,ALL5_LEVELS_bet23_to_bet27,19.2591,19.2591,19.2591,19.2591,19.2591,4.000000,4.000000,4.000000,4.000000,4.000000,96.000000,96.000000,96.000000,96.000000,96.000000,5.0,96.2955,88.8939,385.1820,392.5836,PENDING_AG03,FALSE,NOT_FOR_ENFORCEMENT,462.2184,1888.0786,481.4775,462.2184,19.2591,0.21896054,0.21020212,19.2591,462.2184,0.21020212,19.2591,19.2591,19.2591,19.2591,19.2591,462.2184,0.21020212,96.2955,88.8939,385.1820,392.5836,0.17516843,0.17853445,0.00875842,11.8861,11.2386,2.7513,37.0367,11.1972,169.1480,13.4615,9.9721,12.1714,4.1268,7.7147,12.9089,25.7155,25.8178,68.1464,5.1636,-2.5716,3.346586,8.833363,1.540712,20,39,6,4,0.10883998,0.21896054,0.15275081,0E-8,0.000000,0.894414,0.891892,0.07429612,2026-06-13,2026-07-31,13,43,39,49,0.265306,0.819308,0.838975,0.362800,,,,,,,,GLOBAL_BASELINE_NO_ENTITY_RANKING,,,NOT_APPLICABLE_GLOBAL_BASELINE,HF9g-P5,,,,X 全窗基线 · 不参与实体赏罚,8391517,840,A168_HF9F_20260827_0900,2026-08-27 09:00:00
2026-06-30,41751985,2261,0,30.4649781839,1.0327111249,1.0327111249,0.4000000,6,6,0.50441650000000000,0.504416500000,-0.466983001748531,-0.466983001748531,-0.466983001748531,0E-17,ELIGIBLE,R03b_20260811_FULL_v1,L1_ELIGIBILITY,v2026-08-11,2026-03-21..2026-08-06,baccarat_bet02_101_all_pairs_incl_sentinel,round_win = game_pnl > 0 (decisive only),COMPATIBILITY_ONLY_NOT_PRODUCTION,2198.9235,1966.7486,481.4775,185,175,-0.21896054,-0.15275081,-0.22704693,-0.21896054,-481.4775,2198.9235,OK,0.0000,19.2591,4.0000,96.0000,AG03-UNRESOLVED,ALL5_LEVELS_bet23_to_bet27,19.2591,19.2591,19.2591,19.2591,19.2591,4.000000,4.000000,4.000000,4.000000,4.000000,96.000000,96.000000,96.000000,96.000000,96.000000,5.0,96.2955,88.8939,385.1820,392.5836,PENDING_AG03,FALSE,NOT_FOR_ENFORCEMENT,462.2184,1888.0786,481.4775,462.2184,19.2591,0.21896054,0.21020212,19.2591,462.2184,0.21020212,19.2591,19.2591,19.2591,19.2591,19.2591,462.2184,0.21020212,96.2955,88.8939,385.1820,392.5836,0.17516843,0.17853445,0.00875842,11.8861,11.2386,2.7513,37.0367,11.1972,169.1480,13.4615,9.9721,12.1714,4.1268,7.7147,12.9089,25.7155,25.8178,68.1464,5.1636,-2.5716,3.346586,8.833363,1.540712,20,39,6,4,0.10883998,0.21896054,0.15275081,0E-8,0.000000,0.894414,0.891892,0.07429612,2026-06-13,2026-07-31,13,43,39,49,0.265306,0.819308,0.838975,0.362800,,,,,,,,GLOBAL_BASELINE_NO_ENTITY_RANKING,,,NOT_APPLICABLE_GLOBAL_BASELINE,HF9g-P5,,,,X 全窗基线 · 不参与实体赏罚,8391518,840,A168_HF9F_20260827_0900,2026-08-27 09:00:00
2026-06-30,41751985,789,0,12.9088890610,12.9088890610,12.9088890610,1.0000000,1,1,0.50665070000000000,0.506650700000,0.9867858985152569,0.9867858985152569,0.9867858985152569,0E-17,ELIGIBLE,R03b_20260811_FULL_v1,L1_ELIGIBILITY,v2026-08-11,2026-03-21..2026-08-06,baccarat_bet02_101_all_pairs_incl_sentinel,round_win = game_pnl > 0 (decisive only),COMPATIBILITY_ONLY_NOT_PRODUCTION,2198.9235,1966.7486,481.4775,185,175,-0.21896054,-0.15275081,-0.22704693,-0.21896054,-481.4775,2198.9235,OK,0.0000,19.2591,4.0000,96.0000,AG03-UNRESOLVED,ALL5_LEVELS_bet23_to_bet27,19.2591,19.2591,19.2591,19.2591,19.2591,4.000000,4.000000,4.000000,4.000000,4.000000,96.000000,96.000000,96.000000,96.000000,96.000000,5.0,96.2955,88.8939,385.1820,392.5836,PENDING_AG03,FALSE,NOT_FOR_ENFORCEMENT,462.2184,1888.0786,481.4775,462.2184,19.2591,0.21896054,0.21020212,19.2591,462.2184,0.21020212,19.2591,19.2591,19.2591,19.2591,19.2591,462.2184,0.21020212,96.2955,88.8939,385.1820,392.5836,0.17516843,0.17853445,0.00875842,11.8861,11.2386,2.7513,37.0367,11.1972,169.1480,13.4615,9.9721,12.1714,4.1268,7.7147,12.9089,25.7155,25.8178,68.1464,5.1636,-2.5716,3.346586,8.833363,1.540712,20,39,6,4,0.10883998,0.21896054,0.15275081,0E-8,0.000000,0.894414,0.891892,0.07429612,2026-06-13,2026-07-31,13,43,39,49,0.265306,0.819308,0.838975,0.362800,,,,,,,,GLOBAL_BASELINE_NO_ENTITY_RANKING,,,NOT_APPLICABLE_GLOBAL_BASELINE,HF9g-P5,,,,X 全窗基线 · 不参与实体赏罚,8391519,840,A168_HF9F_20260827_0900,2026-08-27 09:00:00
2026-06-30,41751985,989,0,20.6542224976,15.4906668732,15.4906668732,1.0000000,4,4,0.50665070000000000,0.506650700000,1.9735717970305138,1.9735717970305138,1.9735717970305138,0E-17,ELIGIBLE,R03b_20260811_FULL_v1,L1_ELIGIBILITY,v2026-08-11,2026-03-21..2026-08-06,baccarat_bet02_101_all_pairs_incl_sentinel,round_win = game_pnl > 0 (decisive only),COMPATIBILITY_ONLY_NOT_PRODUCTION,2198.9235,1966.7486,481.4775,185,175,-0.21896054,-0.15275081,-0.22704693,-0.21896054,-481.4775,2198.9235,OK,0.0000,19.2591,4.0000,96.0000,AG03-UNRESOLVED,ALL5_LEVELS_bet23_to_bet27,19.2591,19.2591,19.2591,19.2591,19.2591,4.000000,4.000000,4.000000,4.000000,4.000000,96.000000,96.000000,96.000000,96.000000,96.000000,5.0,96.2955,88.8939,385.1820,392.5836,PENDING_AG03,FALSE,NOT_FOR_ENFORCEMENT,462.2184,1888.0786,481.4775,462.2184,19.2591,0.21896054,0.21020212,19.2591,462.2184,0.21020212,19.2591,19.2591,19.2591,19.2591,19.2591,462.2184,0.21020212,96.2955,88.8939,385.1820,392.5836,0.17516843,0.17853445,0.00875842,11.8861,11.2386,2.7513,37.0367,11.1972,169.1480,13.4615,9.9721,12.1714,4.1268,7.7147,12.9089,25.7155,25.8178,68.1464,5.1636,-2.5716,3.346586,8.833363,1.540712,20,39,6,4,0.10883998,0.21896054,0.15275081,0E-8,0.000000,0.894414,0.891892,0.07429612,2026-06-13,2026-07-31,13,43,39,49,0.265306,0.819308,0.838975,0.362800,,,,,,,,GLOBAL_BASELINE_NO_ENTITY_RANKING,,,NOT_APPLICABLE_GLOBAL_BASELINE,HF9g-P5,,,,X 全窗基线 · 不参与实体赏罚,8391520,840,A168_HF9F_20260827_0900,2026-08-27 09:00:00
2026-07-02,41751985,1985,0,4.6472000620,-4.6472000620,-4.6472000620,0E-7,1,1,0.50665070000000000,0.506650700000,-1.013391052207602,-1.013391052207602,-1.013391052207602,0E-17,ELIGIBLE,R03b_20260811_FULL_v1,L1_ELIGIBILITY,v2026-08-11,2026-03-21..2026-08-06,baccarat_bet02_101_all_pairs_incl_sentinel,round_win = game_pnl > 0 (decisive only),COMPATIBILITY_ONLY_NOT_PRODUCTION,2198.9235,1966.7486,481.4775,185,175,-0.21896054,-0.15275081,-0.22704693,-0.21896054,-481.4775,2198.9235,OK,0.0000,19.2591,4.0000,96.0000,AG03-UNRESOLVED,ALL5_LEVELS_bet23_to_bet27,19.2591,19.2591,19.2591,19.2591,19.2591,4.000000,4.000000,4.000000,4.000000,4.000000,96.000000,96.000000,96.000000,96.000000,96.000000,5.0,96.2955,88.8939,385.1820,392.5836,PENDING_AG03,FALSE,NOT_FOR_ENFORCEMENT,462.2184,1888.0786,481.4775,462.2184,19.2591,0.21896054,0.21020212,19.2591,462.2184,0.21020212,19.2591,19.2591,19.2591,19.2591,19.2591,462.2184,0.21020212,96.2955,88.8939,385.1820,392.5836,0.17516843,0.17853445,0.00875842,11.8861,11.2386,2.7513,37.0367,11.1972,169.1480,13.4615,9.9721,12.1714,4.1268,7.7147,12.9089,25.7155,25.8178,68.1464,5.1636,-2.5716,3.346586,8.833363,1.540712,20,39,6,4,0.10883998,0.21896054,0.15275081,0E-8,0.000000,0.894414,0.891892,0.07429612,2026-06-13,2026-07-31,13,43,39,49,0.265306,0.819308,0.838975,0.362800,,,,,,,,GLOBAL_BASELINE_NO_ENTITY_RANKING,,,NOT_APPLICABLE_GLOBAL_BASELINE,HF9g-P5,,,,X 全窗基线 · 不参与实体赏罚,8391521,840,A168_HF9F_20260827_0900,2026-08-27 09:00:00
2026-07-02,41751985,994,0,2.3236000310,2.3236000310,2.3236000310,1.0000000,1,1,0.50665070000000000,0.506650700000,0.9867858985152569,0.9867858985152569,0.9867858985152569,0E-17,ELIGIBLE,R03b_20260811_FULL_v1,L1_ELIGIBILITY,v2026-08-11,2026-03-21..2026-08-06,baccarat_bet02_101_all_pairs_incl_sentinel,round_win = game_pnl > 0 (decisive only),COMPATIBILITY_ONLY_NOT_PRODUCTION,2198.9235,1966.7486,481.4775,185,175,-0.21896054,-0.15275081,-0.22704693,-0.21896054,-481.4775,2198.9235,OK,0.0000,19.2591,4.0000,96.0000,AG03-UNRESOLVED,ALL5_LEVELS_bet23_to_bet27,19.2591,19.2591,19.2591,19.2591,19.2591,4.000000,4.000000,4.000000,4.000000,4.000000,96.000000,96.000000,96.000000,96.000000,96.000000,5.0,96.2955,88.8939,385.1820,392.5836,PENDING_AG03,FALSE,NOT_FOR_ENFORCEMENT,462.2184,1888.0786,481.4775,462.2184,19.2591,0.21896054,0.21020212,19.2591,462.2184,0.21020212,19.2591,19.2591,19.2591,19.2591,19.2591,462.2184,0.21020212,96.2955,88.8939,385.1820,392.5836,0.17516843,0.17853445,0.00875842,11.8861,11.2386,2.7513,37.0367,11.1972,169.1480,13.4615,9.9721,12.1714,4.1268,7.7147,12.9089,25.7155,25.8178,68.1464,5.1636,-2.5716,3.346586,8.833363,1.540712,20,39,6,4,0.10883998,0.21896054,0.15275081,0E-8,0.000000,0.894414,0.891892,0.07429612,2026-06-13,2026-07-31,13,43,39,49,0.265306,0.819308,0.838975,0.362800,,,,,,,,GLOBAL_BASELINE_NO_ENTITY_RANKING,,,NOT_APPLICABLE_GLOBAL_BASELINE,HF9g-P5,,,,X 全窗基线 · 不参与实体赏罚,8391522,840,A168_HF9F_20260827_0900,2026-08-27 09:00:00
2026-07-04,41751985,2250,0,4.6472000620,-2.3236000310,-2.3236000310,0E-7,2,2,0.49324550000000000,0.493245500000,-0.9865810262130424,-0.9865810262130424,-0.9865810262130424,0E-17,ELIGIBLE,R03b_20260811_FULL_v1,L1_ELIGIBILITY,v2026-08-11,2026-03-21..2026-08-06,baccarat_bet02_101_all_pairs_incl_sentinel,round_win = game_pnl > 0 (decisive only),COMPATIBILITY_ONLY_NOT_PRODUCTION,2198.9235,1966.7486,481.4775,185,175,-0.21896054,-0.15275081,-0.22704693,-0.21896054,-481.4775,2198.9235,OK,0.0000,19.2591,4.0000,96.0000,AG03-UNRESOLVED,ALL5_LEVELS_bet23_to_bet27,19.2591,19.2591,19.2591,19.2591,19.2591,4.000000,4.000000,4.000000,4.000000,4.000000,96.000000,96.000000,96.000000,96.000000,96.000000,5.0,96.2955,88.8939,385.1820,392.5836,PENDING_AG03,FALSE,NOT_FOR_ENFORCEMENT,462.2184,1888.0786,481.4775,462.2184,19.2591,0.21896054,0.21020212,19.2591,462.2184,0.21020212,19.2591,19.2591,19.2591,19.2591,19.2591,462.2184,0.21020212,96.2955,88.8939,385.1820,392.5836,0.17516843,0.17853445,0.00875842,11.8861,11.2386,2.7513,37.0367,11.1972,169.1480,13.4615,9.9721,12.1714,4.1268,7.7147,12.9089,25.7155,25.8178,68.1464,5.1636,-2.5716,3.346586,8.833363,1.540712,20,39,6,4,0.10883998,0.21896054,0.15275081,0E-8,0.000000,0.894414,0.891892,0.07429612,2026-06-13,2026-07-31,13,43,39,49,0.265306,0.819308,0.838975,0.362800,,,,,,,,GLOBAL_BASELINE_NO_ENTITY_RANKING,,,NOT_APPLICABLE_GLOBAL_BASELINE,HF9g-P5,,,,X 全窗基线 · 不参与实体赏罚,8391523,840,A168_HF9F_20260827_0900,2026-08-27 09:00:00
2026-07-29,41751985,1157,0,12.9088890610,-12.9088890610,-12.9088890610,0E-7,1,1,0.50665070000000000,0.506650700000,-1.013391052207602,-1.013391052207602,-1.013391052207602,0E-17,ELIGIBLE,R03b_20260811_FULL_v1,L1_ELIGIBILITY,v2026-08-11,2026-03-21..2026-08-06,baccarat_bet02_101_all_pairs_incl_sentinel,round_win = game_pnl > 0 (decisive only),COMPATIBILITY_ONLY_NOT_PRODUCTION,2198.9235,1966.7486,481.4775,185,175,-0.21896054,-0.15275081,-0.22704693,-0.21896054,-481.4775,2198.9235,OK,0.0000,19.2591,4.0000,96.0000,AG03-UNRESOLVED,ALL5_LEVELS_bet23_to_bet27,19.2591,19.2591,19.2591,19.2591,19.2591,4.000000,4.000000,4.000000,4.000000,4.000000,96.000000,96.000000,96.000000,96.000000,96.000000,5.0,96.2955,88.8939,385.1820,392.5836,PENDING_AG03,FALSE,NOT_FOR_ENFORCEMENT,462.2184,1888.0786,481.4775,462.2184,19.2591,0.21896054,0.21020212,19.2591,462.2184,0.21020212,19.2591,19.2591,19.2591,19.2591,19.2591,462.2184,0.21020212,96.2955,88.8939,385.1820,392.5836,0.17516843,0.17853445,0.00875842,11.8861,11.2386,2.7513,37.0367,11.1972,169.1480,13.4615,9.9721,12.1714,4.1268,7.7147,12.9089,25.7155,25.8178,68.1464,5.1636,-2.5716,3.346586,8.833363,1.540712,20,39,6,4,0.10883998,0.21896054,0.15275081,0E-8,0.000000,0.894414,0.891892,0.07429612,2026-06-13,2026-07-31,13,43,39,49,0.265306,0.819308,0.838975,0.362800,,,,,,,,GLOBAL_BASELINE_NO_ENTITY_RANKING,,,NOT_APPLICABLE_GLOBAL_BASELINE,HF9g-P5,,,,X 全窗基线 · 不参与实体赏罚,8391524,840,A168_HF9F_20260827_0900,2026-08-27 09:00:00
2026-07-31,41751985,1306,0,5.9380889681,-5.9380889681,-5.9380889681,0E-7,1,1,0.49324550000000000,0.493245500000,-0.9865810262130424,-0.9865810262130424,-0.9865810262130424,0E-17,ELIGIBLE,R03b_20260811_FULL_v1,L1_ELIGIBILITY,v2026-08-11,2026-03-21..2026-08-06,baccarat_bet02_101_all_pairs_incl_sentinel,round_win = game_pnl > 0 (decisive only),COMPATIBILITY_ONLY_NOT_PRODUCTION,2198.9235,1966.7486,481.4775,185,175,-0.21896054,-0.15275081,-0.22704693,-0.21896054,-481.4775,2198.9235,OK,0.0000,19.2591,4.0000,96.0000,AG03-UNRESOLVED,ALL5_LEVELS_bet23_to_bet27,19.2591,19.2591,19.2591,19.2591,19.2591,4.000000,4.000000,4.000000,4.000000,4.000000,96.000000,96.000000,96.000000,96.000000,96.000000,5.0,96.2955,88.8939,385.1820,392.5836,PENDING_AG03,FALSE,NOT_FOR_ENFORCEMENT,462.2184,1888.0786,481.4775,462.2184,19.2591,0.21896054,0.21020212,19.2591,462.2184,0.21020212,19.2591,19.2591,19.2591,19.2591,19.2591,462.2184,0.21020212,96.2955,88.8939,385.1820,392.5836,0.17516843,0.17853445,0.00875842,11.8861,11.2386,2.7513,37.0367,11.1972,169.1480,13.4615,9.9721,12.1714,4.1268,7.7147,12.9089,25.7155,25.8178,68.1464,5.1636,-2.5716,3.346586,8.833363,1.540712,20,39,6,4,0.10883998,0.21896054,0.15275081,0E-8,0.000000,0.894414,0.891892,0.07429612,2026-06-13,2026-07-31,13,43,39,49,0.265306,0.819308,0.838975,0.362800,,,,,,,,GLOBAL_BASELINE_NO_ENTITY_RANKING,,,NOT_APPLICABLE_GLOBAL_BASELINE,HF9g-P5,,,,X 全窗基线 · 不参与实体赏罚,8391525,840,A168_HF9F_20260827_0900,2026-08-27 09:00:00
2026-07-31,41751985,1942,0,12.9088890610,-12.9088890610,-12.9088890610,0E-7,1,1,0.50665070000000000,0.506650700000,-1.013391052207602,-1.013391052207602,-1.013391052207602,0E-17,ELIGIBLE,R03b_20260811_FULL_v1,L1_ELIGIBILITY,v2026-08-11,2026-03-21..2026-08-06,baccarat_bet02_101_all_pairs_incl_sentinel,round_win = game_pnl > 0 (decisive only),COMPATIBILITY_ONLY_NOT_PRODUCTION,2198.9235,1966.7486,481.4775,185,175,-0.21896054,-0.15275081,-0.22704693,-0.21896054,-481.4775,2198.9235,OK,0.0000,19.2591,4.0000,96.0000,AG03-UNRESOLVED,ALL5_LEVELS_bet23_to_bet27,19.2591,19.2591,19.2591,19.2591,19.2591,4.000000,4.000000,4.000000,4.000000,4.000000,96.000000,96.000000,96.000000,96.000000,96.000000,5.0,96.2955,88.8939,385.1820,392.5836,PENDING_AG03,FALSE,NOT_FOR_ENFORCEMENT,462.2184,1888.0786,481.4775,462.2184,19.2591,0.21896054,0.21020212,19.2591,462.2184,0.21020212,19.2591,19.2591,19.2591,19.2591,19.2591,462.2184,0.21020212,96.2955,88.8939,385.1820,392.5836,0.17516843,0.17853445,0.00875842,11.8861,11.2386,2.7513,37.0367,11.1972,169.1480,13.4615,9.9721,12.1714,4.1268,7.7147,12.9089,25.7155,25.8178,68.1464,5.1636,-2.5716,3.346586,8.833363,1.540712,20,39,6,4,0.10883998,0.21896054,0.15275081,0E-8,0.000000,0.894414,0.891892,0.07429612,2026-06-13,2026-07-31,13,43,39,49,0.265306,0.819308,0.838975,0.362800,,,,,,,,GLOBAL_BASELINE_NO_ENTITY_RANKING,,,NOT_APPLICABLE_GLOBAL_BASELINE,HF9g-P5,,,,X 全窗基线 · 不参与实体赏罚,8391526,840,A168_HF9F_20260827_0900,2026-08-27 09:00:00
2026-07-31,41751985,1994,0,6.1962667492,2.9432267059,2.9432267059,1.0000000,2,2,0.50665070000000000,0.506650700000,0.9867858985152569,0.9867858985152569,0.9867858985152569,0E-17,ELIGIBLE,R03b_20260811_FULL_v1,L1_ELIGIBILITY,v2026-08-11,2026-03-21..2026-08-06,baccarat_bet02_101_all_pairs_incl_sentinel,round_win = game_pnl > 0 (decisive only),COMPATIBILITY_ONLY_NOT_PRODUCTION,2198.9235,1966.7486,481.4775,185,175,-0.21896054,-0.15275081,-0.22704693,-0.21896054,-481.4775,2198.9235,OK,0.0000,19.2591,4.0000,96.0000,AG03-UNRESOLVED,ALL5_LEVELS_bet23_to_bet27,19.2591,19.2591,19.2591,19.2591,19.2591,4.000000,4.000000,4.000000,4.000000,4.000000,96.000000,96.000000,96.000000,96.000000,96.000000,5.0,96.2955,88.8939,385.1820,392.5836,PENDING_AG03,FALSE,NOT_FOR_ENFORCEMENT,462.2184,1888.0786,481.4775,462.2184,19.2591,0.21896054,0.21020212,19.2591,462.2184,0.21020212,19.2591,19.2591,19.2591,19.2591,19.2591,462.2184,0.21020212,96.2955,88.8939,385.1820,392.5836,0.17516843,0.17853445,0.00875842,11.8861,11.2386,2.7513,37.0367,11.1972,169.1480,13.4615,9.9721,12.1714,4.1268,7.7147,12.9089,25.7155,25.8178,68.1464,5.1636,-2.5716,3.346586,8.833363,1.540712,20,39,6,4,0.10883998,0.21896054,0.15275081,0E-8,0.000000,0.894414,0.891892,0.07429612,2026-06-13,2026-07-31,13,43,39,49,0.265306,0.819308,0.838975,0.362800,,,,,,,,GLOBAL_BASELINE_NO_ENTITY_RANKING,,,NOT_APPLICABLE_GLOBAL_BASELINE,HF9g-P5,,,,X 全窗基线 · 不参与实体赏罚,8391527,840,A168_HF9F_20260827_0900,2026-08-27 09:00:00
2026-07-31,41751985,2271,0,129.0888906100,33.5631115586,33.5631115586,0.6666667,15,15,0.50307598000000000,0.503075980000,1.13341097189248,1.13341097189248,1.13341097189248,0E-17,ELIGIBLE,R03b_20260811_FULL_v1,L1_ELIGIBILITY,v2026-08-11,2026-03-21..2026-08-06,baccarat_bet02_101_all_pairs_incl_sentinel,round_win = game_pnl > 0 (decisive only),COMPATIBILITY_ONLY_NOT_PRODUCTION,2198.9235,1966.7486,481.4775,185,175,-0.21896054,-0.15275081,-0.22704693,-0.21896054,-481.4775,2198.9235,OK,0.0000,19.2591,4.0000,96.0000,AG03-UNRESOLVED,ALL5_LEVELS_bet23_to_bet27,19.2591,19.2591,19.2591,19.2591,19.2591,4.000000,4.000000,4.000000,4.000000,4.000000,96.000000,96.000000,96.000000,96.000000,96.000000,5.0,96.2955,88.8939,385.1820,392.5836,PENDING_AG03,FALSE,NOT_FOR_ENFORCEMENT,462.2184,1888.0786,481.4775,462.2184,19.2591,0.21896054,0.21020212,19.2591,462.2184,0.21020212,19.2591,19.2591,19.2591,19.2591,19.2591,462.2184,0.21020212,96.2955,88.8939,385.1820,392.5836,0.17516843,0.17853445,0.00875842,11.8861,11.2386,2.7513,37.0367,11.1972,169.1480,13.4615,9.9721,12.1714,4.1268,7.7147,12.9089,25.7155,25.8178,68.1464,5.1636,-2.5716,3.346586,8.833363,1.540712,20,39,6,4,0.10883998,0.21896054,0.15275081,0E-8,0.000000,0.894414,0.891892,0.07429612,2026-06-13,2026-07-31,13,43,39,49,0.265306,0.819308,0.838975,0.362800,,,,,,,,GLOBAL_BASELINE_NO_ENTITY_RANKING,,,NOT_APPLICABLE_GLOBAL_BASELINE,HF9g-P5,,,,X 全窗基线 · 不参与实体赏罚,8391528,840,A168_HF9F_20260827_0900,2026-08-27 09:00:00
2026-07-31,41751985,789,0,25.8177781220,-25.8177781220,-25.8177781220,0E-7,1,1,0.50665070000000000,0.506650700000,-1.013391052207602,-1.013391052207602,-1.013391052207602,0E-17,ELIGIBLE,R03b_20260811_FULL_v1,L1_ELIGIBILITY,v2026-08-11,2026-03-21..2026-08-06,baccarat_bet02_101_all_pairs_incl_sentinel,round_win = game_pnl > 0 (decisive only),COMPATIBILITY_ONLY_NOT_PRODUCTION,2198.9235,1966.7486,481.4775,185,175,-0.21896054,-0.15275081,-0.22704693,-0.21896054,-481.4775,2198.9235,OK,0.0000,19.2591,4.0000,96.0000,AG03-UNRESOLVED,ALL5_LEVELS_bet23_to_bet27,19.2591,19.2591,19.2591,19.2591,19.2591,4.000000,4.000000,4.000000,4.000000,4.000000,96.000000,96.000000,96.000000,96.000000,96.000000,5.0,96.2955,88.8939,385.1820,392.5836,PENDING_AG03,FALSE,NOT_FOR_ENFORCEMENT,462.2184,1888.0786,481.4775,462.2184,19.2591,0.21896054,0.21020212,19.2591,462.2184,0.21020212,19.2591,19.2591,19.2591,19.2591,19.2591,462.2184,0.21020212,96.2955,88.8939,385.1820,392.5836,0.17516843,0.17853445,0.00875842,11.8861,11.2386,2.7513,37.0367,11.1972,169.1480,13.4615,9.9721,12.1714,4.1268,7.7147,12.9089,25.7155,25.8178,68.1464,5.1636,-2.5716,3.346586,8.833363,1.540712,20,39,6,4,0.10883998,0.21896054,0.15275081,0E-8,0.000000,0.894414,0.891892,0.07429612,2026-06-13,2026-07-31,13,43,39,49,0.265306,0.819308,0.838975,0.362800,,,,,,,,GLOBAL_BASELINE_NO_ENTITY_RANKING,,,NOT_APPLICABLE_GLOBAL_BASELINE,HF9g-P5,,,,X 全窗基线 · 不参与实体赏罚,8391529,840,A168_HF9F_20260827_0900,2026-08-27 09:00:00
2026-07-31,41751985,919,0,25.8177781220,-25.8177781220,-25.8177781220,0E-7,1,1,0.50665070000000000,0.506650700000,-1.013391052207602,-1.013391052207602,-1.013391052207602,0E-17,ELIGIBLE,R03b_20260811_FULL_v1,L1_ELIGIBILITY,v2026-08-11,2026-03-21..2026-08-06,baccarat_bet02_101_all_pairs_incl_sentinel,round_win = game_pnl > 0 (decisive only),COMPATIBILITY_ONLY_NOT_PRODUCTION,2198.9235,1966.7486,481.4775,185,175,-0.21896054,-0.15275081,-0.22704693,-0.21896054,-481.4775,2198.9235,OK,0.0000,19.2591,4.0000,96.0000,AG03-UNRESOLVED,ALL5_LEVELS_bet23_to_bet27,19.2591,19.2591,19.2591,19.2591,19.2591,4.000000,4.000000,4.000000,4.000000,4.000000,96.000000,96.000000,96.000000,96.000000,96.000000,5.0,96.2955,88.8939,385.1820,392.5836,PENDING_AG03,FALSE,NOT_FOR_ENFORCEMENT,462.2184,1888.0786,481.4775,462.2184,19.2591,0.21896054,0.21020212,19.2591,462.2184,0.21020212,19.2591,19.2591,19.2591,19.2591,19.2591,462.2184,0.21020212,96.2955,88.8939,385.1820,392.5836,0.17516843,0.17853445,0.00875842,11.8861,11.2386,2.7513,37.0367,11.1972,169.1480,13.4615,9.9721,12.1714,4.1268,7.7147,12.9089,25.7155,25.8178,68.1464,5.1636,-2.5716,3.346586,8.833363,1.540712,20,39,6,4,0.10883998,0.21896054,0.15275081,0E-8,0.000000,0.894414,0.891892,0.07429612,2026-06-13,2026-07-31,13,43,39,49,0.265306,0.819308,0.838975,0.362800,,,,,,,,GLOBAL_BASELINE_NO_ENTITY_RANKING,,,NOT_APPLICABLE_GLOBAL_BASELINE,HF9g-P5,,,,X 全窗基线 · 不参与实体赏罚,8391530,840,A168_HF9F_20260827_0900,2026-08-27 09:00:00
2026-07-31,41751985,925,0,20.6542224976,10.3271112488,10.3271112488,1.0000000,2,2,0.49324550000000000,0.493245500000,1.01360149184955,1.01360149184955,1.01360149184955,0E-17,ELIGIBLE,R03b_20260811_FULL_v1,L1_ELIGIBILITY,v2026-08-11,2026-03-21..2026-08-06,baccarat_bet02_101_all_pairs_incl_sentinel,round_win = game_pnl > 0 (decisive only),COMPATIBILITY_ONLY_NOT_PRODUCTION,2198.9235,1966.7486,481.4775,185,175,-0.21896054,-0.15275081,-0.22704693,-0.21896054,-481.4775,2198.9235,OK,0.0000,19.2591,4.0000,96.0000,AG03-UNRESOLVED,ALL5_LEVELS_bet23_to_bet27,19.2591,19.2591,19.2591,19.2591,19.2591,4.000000,4.000000,4.000000,4.000000,4.000000,96.000000,96.000000,96.000000,96.000000,96.000000,5.0,96.2955,88.8939,385.1820,392.5836,PENDING_AG03,FALSE,NOT_FOR_ENFORCEMENT,462.2184,1888.0786,481.4775,462.2184,19.2591,0.21896054,0.21020212,19.2591,462.2184,0.21020212,19.2591,19.2591,19.2591,19.2591,19.2591,462.2184,0.21020212,96.2955,88.8939,385.1820,392.5836,0.17516843,0.17853445,0.00875842,11.8861,11.2386,2.7513,37.0367,11.1972,169.1480,13.4615,9.9721,12.1714,4.1268,7.7147,12.9089,25.7155,25.8178,68.1464,5.1636,-2.5716,3.346586,8.833363,1.540712,20,39,6,4,0.10883998,0.21896054,0.15275081,0E-8,0.000000,0.894414,0.891892,0.07429612,2026-06-13,2026-07-31,13,43,39,49,0.265306,0.819308,0.838975,0.362800,,,,,,,,GLOBAL_BASELINE_NO_ENTITY_RANKING,,,NOT_APPLICABLE_GLOBAL_BASELINE,HF9g-P5,,,,X 全窗基线 · 不参与实体赏罚,8391531,840,A168_HF9F_20260827_0900,2026-08-27 09:00:00
2026-03-21,111638587,1353,0,27.6483134529,-27.6483134529,-27.6483134529,0E-7,1,1,0.50665070000000000,0.506650700000,-1.013391052207602,-1.013391052207602,-1.013391052207602,0E-17,ELIGIBLE,R03b_20260811_FULL_v1,L1_ELIGIBILITY,v2026-08-11,2026-03-21..2026-08-06,baccarat_bet02_101_all_pairs_incl_sentinel,round_win = game_pnl > 0 (decisive only),COMPATIBILITY_ONLY_NOT_PRODUCTION,30263.5321,27079.0272,481.4923,918,917,-0.01590998,,-0.01590998,-0.01590998,-481.4923,30263.5321,OK,0.0000,19.2597,4.0000,96.0000,AG03-UNRESOLVED,ALL5_LEVELS_bet23_to_bet27,19.2597,19.2597,19.2597,0.0000,0.0000,4.000000,4.000000,4.000000,0.000000,0.000000,96.000000,96.000000,96.000000,100.000000,100.000000,5.0,57.7791,55.4987,423.7132,425.9936,PENDING_AG03,FALSE,NOT_FOR_ENFORCEMENT,462.2326,25995.8661,481.4923,462.2326,19.2597,0.01590998,0.01527358,19.2597,462.2326,0.01527358,19.2597,19.2597,19.2597,0.0000,0.0000,462.2326,0.01527358,57.7791,55.4987,423.7132,425.9936,0.01400079,0.01407614,0.00063640,32.9668,29.5300,0.5251,40.1244,5.8011,2521.9610,76.4167,,32.9668,15.7056,26.3317,39.4976,53.6607,78.9952,131.129,26.176,0.0,3.0,4.979886,1.251981,13,60,15,3,0E-8,0.01590998,,0E-8,0.000000,0.894774,0.006536,,2026-03-21,2026-04-10,12,83,53,21,0.571429,,,0.000000,,,,,,,,GLOBAL_BASELINE_NO_ENTITY_RANKING,,,NOT_APPLICABLE_GLOBAL_BASELINE,HF9g-P5,,,,X 全窗基线 · 不参与实体赏罚,8391532,840,A168_HF9F_20260827_0900,2026-08-27 09:00:00
2026-03-21,111638587,2106,0,485.8203649580,46.2121810568,46.2121810568,0.5000000,16,16,0.50413722500000000,0.504137225000,-0.03096121688556518,-0.03096121688556518,-0.03096121688556518,0E-17,ELIGIBLE,R03b_20260811_FULL_v1,L1_ELIGIBILITY,v2026-08-11,2026-03-21..2026-08-06,baccarat_bet02_101_all_pairs_incl_sentinel,round_win = game_pnl > 0 (decisive only),COMPATIBILITY_ONLY_NOT_PRODUCTION,30263.5321,27079.0272,481.4923,918,917,-0.01590998,,-0.01590998,-0.01590998,-481.4923,30263.5321,OK,0.0000,19.2597,4.0000,96.0000,AG03-UNRESOLVED,ALL5_LEVELS_bet23_to_bet27,19.2597,19.2597,19.2597,0.0000,0.0000,4.000000,4.000000,4.000000,0.000000,0.000000,96.000000,96.000000,96.000000,100.000000,100.000000,5.0,57.7791,55.4987,423.7132,425.9936,PENDING_AG03,FALSE,NOT_FOR_ENFORCEMENT,462.2326,25995.8661,481.4923,462.2326,19.2597,0.01590998,0.01527358,19.2597,462.2326,0.01527358,19.2597,19.2597,19.2597,0.0000,0.0000,462.2326,0.01527358,57.7791,55.4987,423.7132,425.9936,0.01400079,0.01407614,0.00063640,32.9668,29.5300,0.5251,40.1244,5.8011,2521.9610,76.4167,,32.9668,15.7056,26.3317,39.4976,53.6607,78.9952,131.129,26.176,0.0,3.0,4.979886,1.251981,13,60,15,3,0E-8,0.01590998,,0E-8,0.000000,0.894774,0.006536,,2026-03-21,2026-04-10,12,83,53,21,0.571429,,,0.000000,,,,,,,,GLOBAL_BASELINE_NO_ENTITY_RANKING,,,NOT_APPLICABLE_GLOBAL_BASELINE,HF9g-P5,,,,X 全窗基线 · 不参与实体赏罚,8391533,840,A168_HF9F_20260827_0900,2026-08-27 09:00:00
2026-03-22,111638587,1078,0,472.6545014089,-57.9297996156,-57.9297996156,0.3636364,11,11,0.49933877272727273,0.499338772727,-0.900148735332834,-0.9001487353310257,-0.900148735332834,2.7273E-13,ELIGIBLE,R03b_20260811_FULL_v1,L1_ELIGIBILITY,v2026-08-11,2026-03-21..2026-08-06,baccarat_bet02_101_all_pairs_incl_sentinel,round_win = game_pnl > 0 (decisive only),COMPATIBILITY_ONLY_NOT_PRODUCTION,30263.5321,27079.0272,481.4923,918,917,-0.01590998,,-0.01590998,-0.01590998,-481.4923,30263.5321,OK,0.0000,19.2597,4.0000,96.0000,AG03-UNRESOLVED,ALL5_LEVELS_bet23_to_bet27,19.2597,19.2597,19.2597,0.0000,0.0000,4.000000,4.000000,4.000000,0.000000,0.000000,96.000000,96.000000,96.000000,100.000000,100.000000,5.0,57.7791,55.4987,423.7132,425.9936,PENDING_AG03,FALSE,NOT_FOR_ENFORCEMENT,462.2326,25995.8661,481.4923,462.2326,19.2597,0.01590998,0.01527358,19.2597,462.2326,0.01527358,19.2597,19.2597,19.2597,0.0000,0.0000,462.2326,0.01527358,57.7791,55.4987,423.7132,425.9936,0.01400079,0.01407614,0.00063640,32.9668,29.5300,0.5251,40.1244,5.8011,2521.9610,76.4167,,32.9668,15.7056,26.3317,39.4976,53.6607,78.9952,131.129,26.176,0.0,3.0,4.979886,1.251981,13,60,15,3,0E-8,0.01590998,,0E-8,0.000000,0.894774,0.006536,,2026-03-21,2026-04-10,12,83,53,21,0.571429,,,0.000000,,,,,,,,GLOBAL_BASELINE_NO_ENTITY_RANKING,,,NOT_APPLICABLE_GLOBAL_BASELINE,HF9g-P5,,,,X 全窗基线 · 不参与实体赏罚,8391534,840,A168_HF9F_20260827_0900,2026-08-27 09:00:00
2026-03-22,111638587,1323,0,105.3269083920,0E-10,0E-10,0.3333333,3,3,0.49324550000000000,0.493245500000,-0.5540025479526107,-0.5540025479526106,-0.5540025479526107,0E-17,ELIGIBLE,R03b_20260811_FULL_v1,L1_ELIGIBILITY,v2026-08-11,2026-03-21..2026-08-06,baccarat_bet02_101_all_pairs_incl_sentinel,round_win = game_pnl > 0 (decisive only),COMPATIBILITY_ONLY_NOT_PRODUCTION,30263.5321,27079.0272,481.4923,918,917,-0.01590998,,-0.01590998,-0.01590998,-481.4923,30263.5321,OK,0.0000,19.2597,4.0000,96.0000,AG03-UNRESOLVED,ALL5_LEVELS_bet23_to_bet27,19.2597,19.2597,19.2597,0.0000,0.0000,4.000000,4.000000,4.000000,0.000000,0.000000,96.000000,96.000000,96.000000,100.000000,100.000000,5.0,57.7791,55.4987,423.7132,425.9936,PENDING_AG03,FALSE,NOT_FOR_ENFORCEMENT,462.2326,25995.8661,481.4923,462.2326,19.2597,0.01590998,0.01527358,19.2597,462.2326,0.01527358,19.2597,19.2597,19.2597,0.0000,0.0000,462.2326,0.01527358,57.7791,55.4987,423.7132,425.9936,0.01400079,0.01407614,0.00063640,32.9668,29.5300,0.5251,40.1244,5.8011,2521.9610,76.4167,,32.9668,15.7056,26.3317,39.4976,53.6607,78.9952,131.129,26.176,0.0,3.0,4.979886,1.251981,13,60,15,3,0E-8,0.01590998,,0E-8,0.000000,0.894774,0.006536,,2026-03-21,2026-04-10,12,83,53,21,0.571429,,,0.000000,,,,,,,,GLOBAL_BASELINE_NO_ENTITY_RANKING,,,NOT_APPLICABLE_GLOBAL_BASELINE,HF9g-P5,,,,X 全窗基线 · 不参与实体赏罚,8391535,840,A168_HF9F_20260827_0900,2026-08-27 09:00:00
2026-03-22,111638587,1405,0,288.3324117230,-49.5694762621,-49.5694762621,0.4000000,10,10,0.50665070000000000,0.506650700000,-0.6745779303487851,-0.6745779303487851,-0.6745779303487851,0E-17,ELIGIBLE,R03b_20260811_FULL_v1,L1_ELIGIBILITY,v2026-08-11,2026-03-21..2026-08-06,baccarat_bet02_101_all_pairs_incl_sentinel,round_win = game_pnl > 0 (decisive only),COMPATIBILITY_ONLY_NOT_PRODUCTION,30263.5321,27079.0272,481.4923,918,917,-0.01590998,,-0.01590998,-0.01590998,-481.4923,30263.5321,OK,0.0000,19.2597,4.0000,96.0000,AG03-UNRESOLVED,ALL5_LEVELS_bet23_to_bet27,19.2597,19.2597,19.2597,0.0000,0.0000,4.000000,4.000000,4.000000,0.000000,0.000000,96.000000,96.000000,96.000000,100.000000,100.000000,5.0,57.7791,55.4987,423.7132,425.9936,PENDING_AG03,FALSE,NOT_FOR_ENFORCEMENT,462.2326,25995.8661,481.4923,462.2326,19.2597,0.01590998,0.01527358,19.2597,462.2326,0.01527358,19.2597,19.2597,19.2597,0.0000,0.0000,462.2326,0.01527358,57.7791,55.4987,423.7132,425.9936,0.01400079,0.01407614,0.00063640,32.9668,29.5300,0.5251,40.1244,5.8011,2521.9610,76.4167,,32.9668,15.7056,26.3317,39.4976,53.6607,78.9952,131.129,26.176,0.0,3.0,4.979886,1.251981,13,60,15,3,0E-8,0.01590998,,0E-8,0.000000,0.894774,0.006536,,2026-03-21,2026-04-10,12,83,53,21,0.571429,,,0.000000,,,,,,,,GLOBAL_BASELINE_NO_ENTITY_RANKING,,,NOT_APPLICABLE_GLOBAL_BASELINE,HF9g-P5,,,,X 全窗基线 · 不参与实体赏罚,8391536,840,A168_HF9F_20260827_0900,2026-08-27 09:00:00
2026-03-22,111638587,1485,0,539.8004055089,147.4576717487,147.4576717487,0.6250000,17,17,0.50034237058823529,0.500342370588,0.9972612690873296,0.9972612690892114,0.9972612690873296,2.3529E-13,ELIGIBLE,R03b_20260811_FULL_v1,L1_ELIGIBILITY,v2026-08-11,2026-03-21..2026-08-06,baccarat_bet02_101_all_pairs_incl_sentinel,round_win = game_pnl > 0 (decisive only),COMPATIBILITY_ONLY_NOT_PRODUCTION,30263.5321,27079.0272,481.4923,918,917,-0.01590998,,-0.01590998,-0.01590998,-481.4923,30263.5321,OK,0.0000,19.2597,4.0000,96.0000,AG03-UNRESOLVED,ALL5_LEVELS_bet23_to_bet27,19.2597,19.2597,19.2597,0.0000,0.0000,4.000000,4.000000,4.000000,0.000000,0.000000,96.000000,96.000000,96.000000,100.000000,100.000000,5.0,57.7791,55.4987,423.7132,425.9936,PENDING_AG03,FALSE,NOT_FOR_ENFORCEMENT,462.2326,25995.8661,481.4923,462.2326,19.2597,0.01590998,0.01527358,19.2597,462.2326,0.01527358,19.2597,19.2597,19.2597,0.0000,0.0000,462.2326,0.01527358,57.7791,55.4987,423.7132,425.9936,0.01400079,0.01407614,0.00063640,32.9668,29.5300,0.5251,40.1244,5.8011,2521.9610,76.4167,,32.9668,15.7056,26.3317,39.4976,53.6607,78.9952,131.129,26.176,0.0,3.0,4.979886,1.251981,13,60,15,3,0E-8,0.01590998,,0E-8,0.000000,0.894774,0.006536,,2026-03-21,2026-04-10,12,83,53,21,0.571429,,,0.000000,,,,,,,,GLOBAL_BASELINE_NO_ENTITY_RANKING,,,NOT_APPLICABLE_GLOBAL_BASELINE,HF9g-P5,,,,X 全窗基线 · 不参与实体赏罚,8391537,840,A168_HF9F_20260827_0900,2026-08-27 09:00:00
2026-03-22,111638587,1646,0,735.9717723889,134.7526134236,134.7526134236,0.5833333,24,24,0.50329940000000000,0.503299400000,0.7841862686509767,0.7841862686509767,0.7841862686509767,0E-17,ELIGIBLE,R03b_20260811_FULL_v1,L1_ELIGIBILITY,v2026-08-11,2026-03-21..2026-08-06,baccarat_bet02_101_all_pairs_incl_sentinel,round_win = game_pnl > 0 (decisive only),COMPATIBILITY_ONLY_NOT_PRODUCTION,30263.5321,27079.0272,481.4923,918,917,-0.01590998,,-0.01590998,-0.01590998,-481.4923,30263.5321,OK,0.0000,19.2597,4.0000,96.0000,AG03-UNRESOLVED,ALL5_LEVELS_bet23_to_bet27,19.2597,19.2597,19.2597,0.0000,0.0000,4.000000,4.000000,4.000000,0.000000,0.000000,96.000000,96.000000,96.000000,100.000000,100.000000,5.0,57.7791,55.4987,423.7132,425.9936,PENDING_AG03,FALSE,NOT_FOR_ENFORCEMENT,462.2326,25995.8661,481.4923,462.2326,19.2597,0.01590998,0.01527358,19.2597,462.2326,0.01527358,19.2597,19.2597,19.2597,0.0000,0.0000,462.2326,0.01527358,57.7791,55.4987,423.7132,425.9936,0.01400079,0.01407614,0.00063640,32.9668,29.5300,0.5251,40.1244,5.8011,2521.9610,76.4167,,32.9668,15.7056,26.3317,39.4976,53.6607,78.9952,131.129,26.176,0.0,3.0,4.979886,1.251981,13,60,15,3,0E-8,0.01590998,,0E-8,0.000000,0.894774,0.006536,,2026-03-21,2026-04-10,12,83,53,21,0.571429,,,0.000000,,,,,,,,GLOBAL_BASELINE_NO_ENTITY_RANKING,,,NOT_APPLICABLE_GLOBAL_BASELINE,HF9g-P5,,,,X 全窗基线 · 不参与实体赏罚,8391538,840,A168_HF9F_20260827_0900,2026-08-27 09:00:00
2026-03-22,111638587,1985,0,19.7487953235,-19.7487953235,-19.7487953235,0E-7,2,2,0.49994810000000000,0.499948100000,-1.4140667746232096,-1.4140667746232096,-1.4140667746232096,0E-17,ELIGIBLE,R03b_20260811_FULL_v1,L1_ELIGIBILITY,v2026-08-11,2026-03-21..2026-08-06,baccarat_bet02_101_all_pairs_incl_sentinel,round_win = game_pnl > 0 (decisive only),COMPATIBILITY_ONLY_NOT_PRODUCTION,30263.5321,27079.0272,481.4923,918,917,-0.01590998,,-0.01590998,-0.01590998,-481.4923,30263.5321,OK,0.0000,19.2597,4.0000,96.0000,AG03-UNRESOLVED,ALL5_LEVELS_bet23_to_bet27,19.2597,19.2597,19.2597,0.0000,0.0000,4.000000,4.000000,4.000000,0.000000,0.000000,96.000000,96.000000,96.000000,100.000000,100.000000,5.0,57.7791,55.4987,423.7132,425.9936,PENDING_AG03,FALSE,NOT_FOR_ENFORCEMENT,462.2326,25995.8661,481.4923,462.2326,19.2597,0.01590998,0.01527358,19.2597,462.2326,0.01527358,19.2597,19.2597,19.2597,0.0000,0.0000,462.2326,0.01527358,57.7791,55.4987,423.7132,425.9936,0.01400079,0.01407614,0.00063640,32.9668,29.5300,0.5251,40.1244,5.8011,2521.9610,76.4167,,32.9668,15.7056,26.3317,39.4976,53.6607,78.9952,131.129,26.176,0.0,3.0,4.979886,1.251981,13,60,15,3,0E-8,0.01590998,,0E-8,0.000000,0.894774,0.006536,,2026-03-21,2026-04-10,12,83,53,21,0.571429,,,0.000000,,,,,,,,GLOBAL_BASELINE_NO_ENTITY_RANKING,,,NOT_APPLICABLE_GLOBAL_BASELINE,HF9g-P5,,,,X 全窗基线 · 不参与实体赏罚,8391539,840,A168_HF9F_20260827_0900,2026-08-27 09:00:00
2026-03-22,111638587,2130,0,537.1672327992,171.2878847724,171.2878847724,0.5652174,26,26,0.50201043846153846,0.502010438462,0.6062646947694229,0.6062646947649981,0.6062646947694229,-4.6154E-13,ELIGIBLE,R03b_20260811_FULL_v1,L1_ELIGIBILITY,v2026-08-11,2026-03-21..2026-08-06,baccarat_bet02_101_all_pairs_incl_sentinel,round_win = game_pnl > 0 (decisive only),COMPATIBILITY_ONLY_NOT_PRODUCTION,30263.5321,27079.0272,481.4923,918,917,-0.01590998,,-0.01590998,-0.01590998,-481.4923,30263.5321,OK,0.0000,19.2597,4.0000,96.0000,AG03-UNRESOLVED,ALL5_LEVELS_bet23_to_bet27,19.2597,19.2597,19.2597,0.0000,0.0000,4.000000,4.000000,4.000000,0.000000,0.000000,96.000000,96.000000,96.000000,100.000000,100.000000,5.0,57.7791,55.4987,423.7132,425.9936,PENDING_AG03,FALSE,NOT_FOR_ENFORCEMENT,462.2326,25995.8661,481.4923,462.2326,19.2597,0.01590998,0.01527358,19.2597,462.2326,0.01527358,19.2597,19.2597,19.2597,0.0000,0.0000,462.2326,0.01527358,57.7791,55.4987,423.7132,425.9936,0.01400079,0.01407614,0.00063640,32.9668,29.5300,0.5251,40.1244,5.8011,2521.9610,76.4167,,32.9668,15.7056,26.3317,39.4976,53.6607,78.9952,131.129,26.176,0.0,3.0,4.979886,1.251981,13,60,15,3,0E-8,0.01590998,,0E-8,0.000000,0.894774,0.006536,,2026-03-21,2026-04-10,12,83,53,21,0.571429,,,0.000000,,,,,,,,GLOBAL_BASELINE_NO_ENTITY_RANKING,,,NOT_APPLICABLE_GLOBAL_BASELINE,HF9g-P5,,,,X 全窗基线 · 不参与实体赏罚,8391540,840,A168_HF9F_20260827_0900,2026-08-27 09:00:00
2026-03-22,111638587,2147,0,487.1369513130,136.7274929561,136.7274929561,0.6666667,20,20,0.50463992000000000,0.504639920000,1.374901737021142,1.374901737021142,1.374901737021142,0E-17,ELIGIBLE,R03b_20260811_FULL_v1,L1_ELIGIBILITY,v2026-08-11,2026-03-21..2026-08-06,baccarat_bet02_101_all_pairs_incl_sentinel,round_win = game_pnl > 0 (decisive only),COMPATIBILITY_ONLY_NOT_PRODUCTION,30263.5321,27079.0272,481.4923,918,917,-0.01590998,,-0.01590998,-0.01590998,-481.4923,30263.5321,OK,0.0000,19.2597,4.0000,96.0000,AG03-UNRESOLVED,ALL5_LEVELS_bet23_to_bet27,19.2597,19.2597,19.2597,0.0000,0.0000,4.000000,4.000000,4.000000,0.000000,0.000000,96.000000,96.000000,96.000000,100.000000,100.000000,5.0,57.7791,55.4987,423.7132,425.9936,PENDING_AG03,FALSE,NOT_FOR_ENFORCEMENT,462.2326,25995.8661,481.4923,462.2326,19.2597,0.01590998,0.01527358,19.2597,462.2326,0.01527358,19.2597,19.2597,19.2597,0.0000,0.0000,462.2326,0.01527358,57.7791,55.4987,423.7132,425.9936,0.01400079,0.01407614,0.00063640,32.9668,29.5300,0.5251,40.1244,5.8011,2521.9610,76.4167,,32.9668,15.7056,26.3317,39.4976,53.6607,78.9952,131.129,26.176,0.0,3.0,4.979886,1.251981,13,60,15,3,0E-8,0.01590998,,0E-8,0.000000,0.894774,0.006536,,2026-03-21,2026-04-10,12,83,53,21,0.571429,,,0.000000,,,,,,,,GLOBAL_BASELINE_NO_ENTITY_RANKING,,,NOT_APPLICABLE_GLOBAL_BASELINE,HF9g-P5,,,,X 全窗基线 · 不参与实体赏罚,8391541,840,A168_HF9F_20260827_0900,2026-08-27 09:00:00
2026-03-22,111638587,2155,0,68.4624904548,-11.0593253812,-11.0593253812,0.5000000,5,5,0.50128862000000000,0.501288620000,-0.0051544971185412255,-0.0051544971185412255,-0.0051544971185412255,0E-17,ELIGIBLE,R03b_20260811_FULL_v1,L1_ELIGIBILITY,v2026-08-11,2026-03-21..2026-08-06,baccarat_bet02_101_all_pairs_incl_sentinel,round_win = game_pnl > 0 (decisive only),COMPATIBILITY_ONLY_NOT_PRODUCTION,30263.5321,27079.0272,481.4923,918,917,-0.01590998,,-0.01590998,-0.01590998,-481.4923,30263.5321,OK,0.0000,19.2597,4.0000,96.0000,AG03-UNRESOLVED,ALL5_LEVELS_bet23_to_bet27,19.2597,19.2597,19.2597,0.0000,0.0000,4.000000,4.000000,4.000000,0.000000,0.000000,96.000000,96.000000,96.000000,100.000000,100.000000,5.0,57.7791,55.4987,423.7132,425.9936,PENDING_AG03,FALSE,NOT_FOR_ENFORCEMENT,462.2326,25995.8661,481.4923,462.2326,19.2597,0.01590998,0.01527358,19.2597,462.2326,0.01527358,19.2597,19.2597,19.2597,0.0000,0.0000,462.2326,0.01527358,57.7791,55.4987,423.7132,425.9936,0.01400079,0.01407614,0.00063640,32.9668,29.5300,0.5251,40.1244,5.8011,2521.9610,76.4167,,32.9668,15.7056,26.3317,39.4976,53.6607,78.9952,131.129,26.176,0.0,3.0,4.979886,1.251981,13,60,15,3,0E-8,0.01590998,,0E-8,0.000000,0.894774,0.006536,,2026-03-21,2026-04-10,12,83,53,21,0.571429,,,0.000000,,,,,,,,GLOBAL_BASELINE_NO_ENTITY_RANKING,,,NOT_APPLICABLE_GLOBAL_BASELINE,HF9g-P5,,,,X 全窗基线 · 不参与实体赏罚,8391542,840,A168_HF9F_20260827_0900,2026-08-27 09:00:00
2026-03-22,111638587,583,0,78.9951812940,78.9951812940,78.9951812940,1.0000000,2,2,0.49324550000000000,0.493245500000,1.4334489766152358,1.4334489766152358,1.4334489766152358,0E-17,ELIGIBLE,R03b_20260811_FULL_v1,L1_ELIGIBILITY,v2026-08-11,2026-03-21..2026-08-06,baccarat_bet02_101_all_pairs_incl_sentinel,round_win = game_pnl > 0 (decisive only),COMPATIBILITY_ONLY_NOT_PRODUCTION,30263.5321,27079.0272,481.4923,918,917,-0.01590998,,-0.01590998,-0.01590998,-481.4923,30263.5321,OK,0.0000,19.2597,4.0000,96.0000,AG03-UNRESOLVED,ALL5_LEVELS_bet23_to_bet27,19.2597,19.2597,19.2597,0.0000,0.0000,4.000000,4.000000,4.000000,0.000000,0.000000,96.000000,96.000000,96.000000,100.000000,100.000000,5.0,57.7791,55.4987,423.7132,425.9936,PENDING_AG03,FALSE,NOT_FOR_ENFORCEMENT,462.2326,25995.8661,481.4923,462.2326,19.2597,0.01590998,0.01527358,19.2597,462.2326,0.01527358,19.2597,19.2597,19.2597,0.0000,0.0000,462.2326,0.01527358,57.7791,55.4987,423.7132,425.9936,0.01400079,0.01407614,0.00063640,32.9668,29.5300,0.5251,40.1244,5.8011,2521.9610,76.4167,,32.9668,15.7056,26.3317,39.4976,53.6607,78.9952,131.129,26.176,0.0,3.0,4.979886,1.251981,13,60,15,3,0E-8,0.01590998,,0E-8,0.000000,0.894774,0.006536,,2026-03-21,2026-04-10,12,83,53,21,0.571429,,,0.000000,,,,,,,,GLOBAL_BASELINE_NO_ENTITY_RANKING,,,NOT_APPLICABLE_GLOBAL_BASELINE,HF9g-P5,,,,X 全窗基线 · 不参与实体赏罚,8391543,840,A168_HF9F_20260827_0900,2026-08-27 09:00:00
2026-03-23,111638587,1094,0,90.8444584881,39.4975906470,39.4975906470,0.6666667,4,4,0.50329940000000000,0.503299400000,0.5659331339966515,0.5659331339966515,0.5659331339966515,0E-17,ELIGIBLE,R03b_20260811_FULL_v1,L1_ELIGIBILITY,v2026-08-11,2026-03-21..2026-08-06,baccarat_bet02_101_all_pairs_incl_sentinel,round_win = game_pnl > 0 (decisive only),COMPATIBILITY_ONLY_NOT_PRODUCTION,30263.5321,27079.0272,481.4923,918,917,-0.01590998,,-0.01590998,-0.01590998,-481.4923,30263.5321,OK,0.0000,19.2597,4.0000,96.0000,AG03-UNRESOLVED,ALL5_LEVELS_bet23_to_bet27,19.2597,19.2597,19.2597,0.0000,0.0000,4.000000,4.000000,4.000000,0.000000,0.000000,96.000000,96.000000,96.000000,100.000000,100.000000,5.0,57.7791,55.4987,423.7132,425.9936,PENDING_AG03,FALSE,NOT_FOR_ENFORCEMENT,462.2326,25995.8661,481.4923,462.2326,19.2597,0.01590998,0.01527358,19.2597,462.2326,0.01527358,19.2597,19.2597,19.2597,0.0000,0.0000,462.2326,0.01527358,57.7791,55.4987,423.7132,425.9936,0.01400079,0.01407614,0.00063640,32.9668,29.5300,0.5251,40.1244,5.8011,2521.9610,76.4167,,32.9668,15.7056,26.3317,39.4976,53.6607,78.9952,131.129,26.176,0.0,3.0,4.979886,1.251981,13,60,15,3,0E-8,0.01590998,,0E-8,0.000000,0.894774,0.006536,,2026-03-21,2026-04-10,12,83,53,21,0.571429,,,0.000000,,,,,,,,GLOBAL_BASELINE_NO_ENTITY_RANKING,,,NOT_APPLICABLE_GLOBAL_BASELINE,HF9g-P5,,,,X 全窗基线 · 不参与实体赏罚,8391544,840,A168_HF9F_20260827_0900,2026-08-27 09:00:00
2026-03-23,111638587,1109,0,285.6992390133,52.0051610185,52.0051610185,0.4444444,9,9,0.49920336666666667,0.499203366667,-0.3285539503504811,-0.3285539503524808,-0.3285539503504811,-3.3333E-13,ELIGIBLE,R03b_20260811_FULL_v1,L1_ELIGIBILITY,v2026-08-11,2026-03-21..2026-08-06,baccarat_bet02_101_all_pairs_incl_sentinel,round_win = game_pnl > 0 (decisive only),COMPATIBILITY_ONLY_NOT_PRODUCTION,30263.5321,27079.0272,481.4923,918,917,-0.01590998,,-0.01590998,-0.01590998,-481.4923,30263.5321,OK,0.0000,19.2597,4.0000,96.0000,AG03-UNRESOLVED,ALL5_LEVELS_bet23_to_bet27,19.2597,19.2597,19.2597,0.0000,0.0000,4.000000,4.000000,4.000000,0.000000,0.000000,96.000000,96.000000,96.000000,100.000000,100.000000,5.0,57.7791,55.4987,423.7132,425.9936,PENDING_AG03,FALSE,NOT_FOR_ENFORCEMENT,462.2326,25995.8661,481.4923,462.2326,19.2597,0.01590998,0.01527358,19.2597,462.2326,0.01527358,19.2597,19.2597,19.2597,0.0000,0.0000,462.2326,0.01527358,57.7791,55.4987,423.7132,425.9936,0.01400079,0.01407614,0.00063640,32.9668,29.5300,0.5251,40.1244,5.8011,2521.9610,76.4167,,32.9668,15.7056,26.3317,39.4976,53.6607,78.9952,131.129,26.176,0.0,3.0,4.979886,1.251981,13,60,15,3,0E-8,0.01590998,,0E-8,0.000000,0.894774,0.006536,,2026-03-21,2026-04-10,12,83,53,21,0.571429,,,0.000000,,,,,,,,GLOBAL_BASELINE_NO_ENTITY_RANKING,,,NOT_APPLICABLE_GLOBAL_BASELINE,HF9g-P5,,,,X 全窗基线 · 不参与实体赏罚,8391545,840,A168_HF9F_20260827_0900,2026-08-27 09:00:00
2026-03-23,111638587,1323,0,117.1761855860,64.5127313900,64.5127313900,0.6666667,3,3,0.49771390000000000,0.497713900000,0.5852756695216578,0.5852756695216578,0.5852756695216578,0E-17,ELIGIBLE,R03b_20260811_FULL_v1,L1_ELIGIBILITY,v2026-08-11,2026-03-21..2026-08-06,baccarat_bet02_101_all_pairs_incl_sentinel,round_win = game_pnl > 0 (decisive only),COMPATIBILITY_ONLY_NOT_PRODUCTION,30263.5321,27079.0272,481.4923,918,917,-0.01590998,,-0.01590998,-0.01590998,-481.4923,30263.5321,OK,0.0000,19.2597,4.0000,96.0000,AG03-UNRESOLVED,ALL5_LEVELS_bet23_to_bet27,19.2597,19.2597,19.2597,0.0000,0.0000,4.000000,4.000000,4.000000,0.000000,0.000000,96.000000,96.000000,96.000000,100.000000,100.000000,5.0,57.7791,55.4987,423.7132,425.9936,PENDING_AG03,FALSE,NOT_FOR_ENFORCEMENT,462.2326,25995.8661,481.4923,462.2326,19.2597,0.01590998,0.01527358,19.2597,462.2326,0.01527358,19.2597,19.2597,19.2597,0.0000,0.0000,462.2326,0.01527358,57.7791,55.4987,423.7132,425.9936,0.01400079,0.01407614,0.00063640,32.9668,29.5300,0.5251,40.1244,5.8011,2521.9610,76.4167,,32.9668,15.7056,26.3317,39.4976,53.6607,78.9952,131.129,26.176,0.0,3.0,4.979886,1.251981,13,60,15,3,0E-8,0.01590998,,0E-8,0.000000,0.894774,0.006536,,2026-03-21,2026-04-10,12,83,53,21,0.571429,,,0.000000,,,,,,,,GLOBAL_BASELINE_NO_ENTITY_RANKING,,,NOT_APPLICABLE_GLOBAL_BASELINE,HF9g-P5,,,,X 全窗基线 · 不参与实体赏罚,8391546,840,A168_HF9F_20260827_0900,2026-08-27 09:00:00
2026-03-23,111638587,1383,0,281.7494799485,53.3875766911,53.3875766911,0.5000000,8,8,0.50329940000000000,0.503299400000,-0.018664631283057894,-0.018664631283057894,-0.018664631283057894,0E-17,ELIGIBLE,R03b_20260811_FULL_v1,L1_ELIGIBILITY,v2026-08-11,2026-03-21..2026-08-06,baccarat_bet02_101_all_pairs_incl_sentinel,round_win = game_pnl > 0 (decisive only),COMPATIBILITY_ONLY_NOT_PRODUCTION,30263.5321,27079.0272,481.4923,918,917,-0.01590998,,-0.01590998,-0.01590998,-481.4923,30263.5321,OK,0.0000,19.2597,4.0000,96.0000,AG03-UNRESOLVED,ALL5_LEVELS_bet23_to_bet27,19.2597,19.2597,19.2597,0.0000,0.0000,4.000000,4.000000,4.000000,0.000000,0.000000,96.000000,96.000000,96.000000,100.000000,100.000000,5.0,57.7791,55.4987,423.7132,425.9936,PENDING_AG03,FALSE,NOT_FOR_ENFORCEMENT,462.2326,25995.8661,481.4923,462.2326,19.2597,0.01590998,0.01527358,19.2597,462.2326,0.01527358,19.2597,19.2597,19.2597,0.0000,0.0000,462.2326,0.01527358,57.7791,55.4987,423.7132,425.9936,0.01400079,0.01407614,0.00063640,32.9668,29.5300,0.5251,40.1244,5.8011,2521.9610,76.4167,,32.9668,15.7056,26.3317,39.4976,53.6607,78.9952,131.129,26.176,0.0,3.0,4.979886,1.251981,13,60,15,3,0E-8,0.01590998,,0E-8,0.000000,0.894774,0.006536,,2026-03-21,2026-04-10,12,83,53,21,0.571429,,,0.000000,,,,,,,,GLOBAL_BASELINE_NO_ENTITY_RANKING,,,NOT_APPLICABLE_GLOBAL_BASELINE,HF9g-P5,,,,X 全窗基线 · 不参与实体赏罚,8391547,840,A168_HF9F_20260827_0900,2026-08-27 09:00:00
2026-03-23,111638587,1940,0,52.6634541960,-13.1658635490,-13.1658635490,0E-7,2,2,0.50665070000000000,0.506650700000,-1.013391052207602,-1.013391052207602,-1.013391052207602,0E-17,ELIGIBLE,R03b_20260811_FULL_v1,L1_ELIGIBILITY,v2026-08-11,2026-03-21..2026-08-06,baccarat_bet02_101_all_pairs_incl_sentinel,round_win = game_pnl > 0 (decisive only),COMPATIBILITY_ONLY_NOT_PRODUCTION,30263.5321,27079.0272,481.4923,918,917,-0.01590998,,-0.01590998,-0.01590998,-481.4923,30263.5321,OK,0.0000,19.2597,4.0000,96.0000,AG03-UNRESOLVED,ALL5_LEVELS_bet23_to_bet27,19.2597,19.2597,19.2597,0.0000,0.0000,4.000000,4.000000,4.000000,0.000000,0.000000,96.000000,96.000000,96.000000,100.000000,100.000000,5.0,57.7791,55.4987,423.7132,425.9936,PENDING_AG03,FALSE,NOT_FOR_ENFORCEMENT,462.2326,25995.8661,481.4923,462.2326,19.2597,0.01590998,0.01527358,19.2597,462.2326,0.01527358,19.2597,19.2597,19.2597,0.0000,0.0000,462.2326,0.01527358,57.7791,55.4987,423.7132,425.9936,0.01400079,0.01407614,0.00063640,32.9668,29.5300,0.5251,40.1244,5.8011,2521.9610,76.4167,,32.9668,15.7056,26.3317,39.4976,53.6607,78.9952,131.129,26.176,0.0,3.0,4.979886,1.251981,13,60,15,3,0E-8,0.01590998,,0E-8,0.000000,0.894774,0.006536,,2026-03-21,2026-04-10,12,83,53,21,0.571429,,,0.000000,,,,,,,,GLOBAL_BASELINE_NO_ENTITY_RANKING,,,NOT_APPLICABLE_GLOBAL_BASELINE,HF9g-P5,,,,X 全窗基线 · 不参与实体赏罚,8391548,840,A168_HF9F_20260827_0900,2026-08-27 09:00:00
2026-03-23,111638587,1947,0,157.9903625880,-26.3317270980,-26.3317270980,0.5000000,5,5,0.49592654000000000,0.495926540000,0.016294380756781617,0.016294380756781617,0.016294380756781617,0E-17,ELIGIBLE,R03b_20260811_FULL_v1,L1_ELIGIBILITY,v2026-08-11,2026-03-21..2026-08-06,baccarat_bet02_101_all_pairs_incl_sentinel,round_win = game_pnl > 0 (decisive only),COMPATIBILITY_ONLY_NOT_PRODUCTION,30263.5321,27079.0272,481.4923,918,917,-0.01590998,,-0.01590998,-0.01590998,-481.4923,30263.5321,OK,0.0000,19.2597,4.0000,96.0000,AG03-UNRESOLVED,ALL5_LEVELS_bet23_to_bet27,19.2597,19.2597,19.2597,0.0000,0.0000,4.000000,4.000000,4.000000,0.000000,0.000000,96.000000,96.000000,96.000000,100.000000,100.000000,5.0,57.7791,55.4987,423.7132,425.9936,PENDING_AG03,FALSE,NOT_FOR_ENFORCEMENT,462.2326,25995.8661,481.4923,462.2326,19.2597,0.01590998,0.01527358,19.2597,462.2326,0.01527358,19.2597,19.2597,19.2597,0.0000,0.0000,462.2326,0.01527358,57.7791,55.4987,423.7132,425.9936,0.01400079,0.01407614,0.00063640,32.9668,29.5300,0.5251,40.1244,5.8011,2521.9610,76.4167,,32.9668,15.7056,26.3317,39.4976,53.6607,78.9952,131.129,26.176,0.0,3.0,4.979886,1.251981,13,60,15,3,0E-8,0.01590998,,0E-8,0.000000,0.894774,0.006536,,2026-03-21,2026-04-10,12,83,53,21,0.571429,,,0.000000,,,,,,,,GLOBAL_BASELINE_NO_ENTITY_RANKING,,,NOT_APPLICABLE_GLOBAL_BASELINE,HF9g-P5,,,,X 全窗基线 · 不参与实体赏罚,8391549,840,A168_HF9F_20260827_0900,2026-08-27 09:00:00
2026-03-23,111638587,1951,0,164.5732943625,125.0757037155,125.0757037155,1.0000000,7,7,0.49324550000000000,0.493245500000,2.266481837870793,2.266481837870793,2.266481837870793,0E-17,ELIGIBLE,R03b_20260811_FULL_v1,L1_ELIGIBILITY,v2026-08-11,2026-03-21..2026-08-06,baccarat_bet02_101_all_pairs_incl_sentinel,round_win = game_pnl > 0 (decisive only),COMPATIBILITY_ONLY_NOT_PRODUCTION,30263.5321,27079.0272,481.4923,918,917,-0.01590998,,-0.01590998,-0.01590998,-481.4923,30263.5321,OK,0.0000,19.2597,4.0000,96.0000,AG03-UNRESOLVED,ALL5_LEVELS_bet23_to_bet27,19.2597,19.2597,19.2597,0.0000,0.0000,4.000000,4.000000,4.000000,0.000000,0.000000,96.000000,96.000000,96.000000,100.000000,100.000000,5.0,57.7791,55.4987,423.7132,425.9936,PENDING_AG03,FALSE,NOT_FOR_ENFORCEMENT,462.2326,25995.8661,481.4923,462.2326,19.2597,0.01590998,0.01527358,19.2597,462.2326,0.01527358,19.2597,19.2597,19.2597,0.0000,0.0000,462.2326,0.01527358,57.7791,55.4987,423.7132,425.9936,0.01400079,0.01407614,0.00063640,32.9668,29.5300,0.5251,40.1244,5.8011,2521.9610,76.4167,,32.9668,15.7056,26.3317,39.4976,53.6607,78.9952,131.129,26.176,0.0,3.0,4.979886,1.251981,13,60,15,3,0E-8,0.01590998,,0E-8,0.000000,0.894774,0.006536,,2026-03-21,2026-04-10,12,83,53,21,0.571429,,,0.000000,,,,,,,,GLOBAL_BASELINE_NO_ENTITY_RANKING,,,NOT_APPLICABLE_GLOBAL_BASELINE,HF9g-P5,,,,X 全窗基线 · 不参与实体赏罚,8391550,840,A168_HF9F_20260827_0900,2026-08-27 09:00:00
2026-03-23,111638587,2134,0,78.7318640230,26.0157463728,26.0157463728,0.5000000,2,2,0.50665070000000000,0.506650700000,-0.018812684590367487,-0.018812684590367487,-0.018812684590367487,0E-17,ELIGIBLE,R03b_20260811_FULL_v1,L1_ELIGIBILITY,v2026-08-11,2026-03-21..2026-08-06,baccarat_bet02_101_all_pairs_incl_sentinel,round_win = game_pnl > 0 (decisive only),COMPATIBILITY_ONLY_NOT_PRODUCTION,30263.5321,27079.0272,481.4923,918,917,-0.01590998,,-0.01590998,-0.01590998,-481.4923,30263.5321,OK,0.0000,19.2597,4.0000,96.0000,AG03-UNRESOLVED,ALL5_LEVELS_bet23_to_bet27,19.2597,19.2597,19.2597,0.0000,0.0000,4.000000,4.000000,4.000000,0.000000,0.000000,96.000000,96.000000,96.000000,100.000000,100.000000,5.0,57.7791,55.4987,423.7132,425.9936,PENDING_AG03,FALSE,NOT_FOR_ENFORCEMENT,462.2326,25995.8661,481.4923,462.2326,19.2597,0.01590998,0.01527358,19.2597,462.2326,0.01527358,19.2597,19.2597,19.2597,0.0000,0.0000,462.2326,0.01527358,57.7791,55.4987,423.7132,425.9936,0.01400079,0.01407614,0.00063640,32.9668,29.5300,0.5251,40.1244,5.8011,2521.9610,76.4167,,32.9668,15.7056,26.3317,39.4976,53.6607,78.9952,131.129,26.176,0.0,3.0,4.979886,1.251981,13,60,15,3,0E-8,0.01590998,,0E-8,0.000000,0.894774,0.006536,,2026-03-21,2026-04-10,12,83,53,21,0.571429,,,0.000000,,,,,,,,GLOBAL_BASELINE_NO_ENTITY_RANKING,,,NOT_APPLICABLE_GLOBAL_BASELINE,HF9g-P5,,,,X 全窗基线 · 不参与实体赏罚,8391551,840,A168_HF9F_20260827_0900,2026-08-27 09:00:00
2026-03-23,111638587,2147,0,56.6132132607,15.7990362588,15.7990362588,0.5000000,4,4,0.50329940000000000,0.503299400000,-0.01319788734859681,-0.01319788734859681,-0.01319788734859681,0E-17,ELIGIBLE,R03b_20260811_FULL_v1,L1_ELIGIBILITY,v2026-08-11,2026-03-21..2026-08-06,baccarat_bet02_101_all_pairs_incl_sentinel,round_win = game_pnl > 0 (decisive only),COMPATIBILITY_ONLY_NOT_PRODUCTION,30263.5321,27079.0272,481.4923,918,917,-0.01590998,,-0.01590998,-0.01590998,-481.4923,30263.5321,OK,0.0000,19.2597,4.0000,96.0000,AG03-UNRESOLVED,ALL5_LEVELS_bet23_to_bet27,19.2597,19.2597,19.2597,0.0000,0.0000,4.000000,4.000000,4.000000,0.000000,0.000000,96.000000,96.000000,96.000000,100.000000,100.000000,5.0,57.7791,55.4987,423.7132,425.9936,PENDING_AG03,FALSE,NOT_FOR_ENFORCEMENT,462.2326,25995.8661,481.4923,462.2326,19.2597,0.01590998,0.01527358,19.2597,462.2326,0.01527358,19.2597,19.2597,19.2597,0.0000,0.0000,462.2326,0.01527358,57.7791,55.4987,423.7132,425.9936,0.01400079,0.01407614,0.00063640,32.9668,29.5300,0.5251,40.1244,5.8011,2521.9610,76.4167,,32.9668,15.7056,26.3317,39.4976,53.6607,78.9952,131.129,26.176,0.0,3.0,4.979886,1.251981,13,60,15,3,0E-8,0.01590998,,0E-8,0.000000,0.894774,0.006536,,2026-03-21,2026-04-10,12,83,53,21,0.571429,,,0.000000,,,,,,,,GLOBAL_BASELINE_NO_ENTITY_RANKING,,,NOT_APPLICABLE_GLOBAL_BASELINE,HF9g-P5,,,,X 全窗基线 · 不参与实体赏罚,8391552,840,A168_HF9F_20260827_0900,2026-08-27 09:00:00
2026-03-23,111638587,2177,0,57.9297996156,-5.2663454196,-5.2663454196,0.3333333,3,3,0.49771390000000000,0.497713900000,-0.5694369385616226,-0.5694369385616226,-0.5694369385616226,0E-17,ELIGIBLE,R03b_20260811_FULL_v1,L1_ELIGIBILITY,v2026-08-11,2026-03-21..2026-08-06,baccarat_bet02_101_all_pairs_incl_sentinel,round_win = game_pnl > 0 (decisive only),COMPATIBILITY_ONLY_NOT_PRODUCTION,30263.5321,27079.0272,481.4923,918,917,-0.01590998,,-0.01590998,-0.01590998,-481.4923,30263.5321,OK,0.0000,19.2597,4.0000,96.0000,AG03-UNRESOLVED,ALL5_LEVELS_bet23_to_bet27,19.2597,19.2597,19.2597,0.0000,0.0000,4.000000,4.000000,4.000000,0.000000,0.000000,96.000000,96.000000,96.000000,100.000000,100.000000,5.0,57.7791,55.4987,423.7132,425.9936,PENDING_AG03,FALSE,NOT_FOR_ENFORCEMENT,462.2326,25995.8661,481.4923,462.2326,19.2597,0.01590998,0.01527358,19.2597,462.2326,0.01527358,19.2597,19.2597,19.2597,0.0000,0.0000,462.2326,0.01527358,57.7791,55.4987,423.7132,425.9936,0.01400079,0.01407614,0.00063640,32.9668,29.5300,0.5251,40.1244,5.8011,2521.9610,76.4167,,32.9668,15.7056,26.3317,39.4976,53.6607,78.9952,131.129,26.176,0.0,3.0,4.979886,1.251981,13,60,15,3,0E-8,0.01590998,,0E-8,0.000000,0.894774,0.006536,,2026-03-21,2026-04-10,12,83,53,21,0.571429,,,0.000000,,,,,,,,GLOBAL_BASELINE_NO_ENTITY_RANKING,,,NOT_APPLICABLE_GLOBAL_BASELINE,HF9g-P5,,,,X 全窗基线 · 不参与实体赏罚,8391553,840,A168_HF9F_20260827_0900,2026-08-27 09:00:00
2026-03-23,111638587,550,0,801.8010901337,-151.4074308136,-151.4074308136,0.3684211,20,20,0.50128862000000000,0.501288620000,-1.1583164449375116,-1.1583164449375116,-1.1583164449375116,0E-17,ELIGIBLE,R03b_20260811_FULL_v1,L1_ELIGIBILITY,v2026-08-11,2026-03-21..2026-08-06,baccarat_bet02_101_all_pairs_incl_sentinel,round_win = game_pnl > 0 (decisive only),COMPATIBILITY_ONLY_NOT_PRODUCTION,30263.5321,27079.0272,481.4923,918,917,-0.01590998,,-0.01590998,-0.01590998,-481.4923,30263.5321,OK,0.0000,19.2597,4.0000,96.0000,AG03-UNRESOLVED,ALL5_LEVELS_bet23_to_bet27,19.2597,19.2597,19.2597,0.0000,0.0000,4.000000,4.000000,4.000000,0.000000,0.000000,96.000000,96.000000,96.000000,100.000000,100.000000,5.0,57.7791,55.4987,423.7132,425.9936,PENDING_AG03,FALSE,NOT_FOR_ENFORCEMENT,462.2326,25995.8661,481.4923,462.2326,19.2597,0.01590998,0.01527358,19.2597,462.2326,0.01527358,19.2597,19.2597,19.2597,0.0000,0.0000,462.2326,0.01527358,57.7791,55.4987,423.7132,425.9936,0.01400079,0.01407614,0.00063640,32.9668,29.5300,0.5251,40.1244,5.8011,2521.9610,76.4167,,32.9668,15.7056,26.3317,39.4976,53.6607,78.9952,131.129,26.176,0.0,3.0,4.979886,1.251981,13,60,15,3,0E-8,0.01590998,,0E-8,0.000000,0.894774,0.006536,,2026-03-21,2026-04-10,12,83,53,21,0.571429,,,0.000000,,,,,,,,GLOBAL_BASELINE_NO_ENTITY_RANKING,,,NOT_APPLICABLE_GLOBAL_BASELINE,HF9g-P5,,,,X 全窗基线 · 不参与实体赏罚,8391554,840,A168_HF9F_20260827_0900,2026-08-27 09:00:00
2026-03-23,111638587,763,0,506.8857466365,-270.9534718385,-270.9534718385,0.2666667,16,16,0.50078592500000000,0.500785925000,-1.813482217400769,-1.8134822174007692,-1.813482217400769,0E-17,ELIGIBLE,R03b_20260811_FULL_v1,L1_ELIGIBILITY,v2026-08-11,2026-03-21..2026-08-06,baccarat_bet02_101_all_pairs_incl_sentinel,round_win = game_pnl > 0 (decisive only),COMPATIBILITY_ONLY_NOT_PRODUCTION,30263.5321,27079.0272,481.4923,918,917,-0.01590998,,-0.01590998,-0.01590998,-481.4923,30263.5321,OK,0.0000,19.2597,4.0000,96.0000,AG03-UNRESOLVED,ALL5_LEVELS_bet23_to_bet27,19.2597,19.2597,19.2597,0.0000,0.0000,4.000000,4.000000,4.000000,0.000000,0.000000,96.000000,96.000000,96.000000,100.000000,100.000000,5.0,57.7791,55.4987,423.7132,425.9936,PENDING_AG03,FALSE,NOT_FOR_ENFORCEMENT,462.2326,25995.8661,481.4923,462.2326,19.2597,0.01590998,0.01527358,19.2597,462.2326,0.01527358,19.2597,19.2597,19.2597,0.0000,0.0000,462.2326,0.01527358,57.7791,55.4987,423.7132,425.9936,0.01400079,0.01407614,0.00063640,32.9668,29.5300,0.5251,40.1244,5.8011,2521.9610,76.4167,,32.9668,15.7056,26.3317,39.4976,53.6607,78.9952,131.129,26.176,0.0,3.0,4.979886,1.251981,13,60,15,3,0E-8,0.01590998,,0E-8,0.000000,0.894774,0.006536,,2026-03-21,2026-04-10,12,83,53,21,0.571429,,,0.000000,,,,,,,,GLOBAL_BASELINE_NO_ENTITY_RANKING,,,NOT_APPLICABLE_GLOBAL_BASELINE,HF9g-P5,,,,X 全窗基线 · 不参与实体赏罚,8391555,840,A168_HF9F_20260827_0900,2026-08-27 09:00:00
2026-03-23,111638587,789,0,179.3190615373,0.9084445848,0.9084445848,0.3333333,6,6,0.50665070000000000,0.506650700000,-0.8491533462951141,-0.8491533462951141,-0.8491533462951141,0E-17,ELIGIBLE,R03b_20260811_FULL_v1,L1_ELIGIBILITY,v2026-08-11,2026-03-21..2026-08-06,baccarat_bet02_101_all_pairs_incl_sentinel,round_win = game_pnl > 0 (decisive only),COMPATIBILITY_ONLY_NOT_PRODUCTION,30263.5321,27079.0272,481.4923,918,917,-0.01590998,,-0.01590998,-0.01590998,-481.4923,30263.5321,OK,0.0000,19.2597,4.0000,96.0000,AG03-UNRESOLVED,ALL5_LEVELS_bet23_to_bet27,19.2597,19.2597,19.2597,0.0000,0.0000,4.000000,4.000000,4.000000,0.000000,0.000000,96.000000,96.000000,96.000000,100.000000,100.000000,5.0,57.7791,55.4987,423.7132,425.9936,PENDING_AG03,FALSE,NOT_FOR_ENFORCEMENT,462.2326,25995.8661,481.4923,462.2326,19.2597,0.01590998,0.01527358,19.2597,462.2326,0.01527358,19.2597,19.2597,19.2597,0.0000,0.0000,462.2326,0.01527358,57.7791,55.4987,423.7132,425.9936,0.01400079,0.01407614,0.00063640,32.9668,29.5300,0.5251,40.1244,5.8011,2521.9610,76.4167,,32.9668,15.7056,26.3317,39.4976,53.6607,78.9952,131.129,26.176,0.0,3.0,4.979886,1.251981,13,60,15,3,0E-8,0.01590998,,0E-8,0.000000,0.894774,0.006536,,2026-03-21,2026-04-10,12,83,53,21,0.571429,,,0.000000,,,,,,,,GLOBAL_BASELINE_NO_ENTITY_RANKING,,,NOT_APPLICABLE_GLOBAL_BASELINE,HF9g-P5,,,,X 全窗基线 · 不参与实体赏罚,8391556,840,A168_HF9F_20260827_0900,2026-08-27 09:00:00
2026-03-23,111638587,919,0,624.8518840355,51.8998341102,51.8998341102,0.5217391,26,26,0.50355719230769231,0.503557192308,0.17439943767290958,0.17439943766995897,0.17439943767290958,-3.0769E-13,ELIGIBLE,R03b_20260811_FULL_v1,L1_ELIGIBILITY,v2026-08-11,2026-03-21..2026-08-06,baccarat_bet02_101_all_pairs_incl_sentinel,round_win = game_pnl > 0 (decisive only),COMPATIBILITY_ONLY_NOT_PRODUCTION,30263.5321,27079.0272,481.4923,918,917,-0.01590998,,-0.01590998,-0.01590998,-481.4923,30263.5321,OK,0.0000,19.2597,4.0000,96.0000,AG03-UNRESOLVED,ALL5_LEVELS_bet23_to_bet27,19.2597,19.2597,19.2597,0.0000,0.0000,4.000000,4.000000,4.000000,0.000000,0.000000,96.000000,96.000000,96.000000,100.000000,100.000000,5.0,57.7791,55.4987,423.7132,425.9936,PENDING_AG03,FALSE,NOT_FOR_ENFORCEMENT,462.2326,25995.8661,481.4923,462.2326,19.2597,0.01590998,0.01527358,19.2597,462.2326,0.01527358,19.2597,19.2597,19.2597,0.0000,0.0000,462.2326,0.01527358,57.7791,55.4987,423.7132,425.9936,0.01400079,0.01407614,0.00063640,32.9668,29.5300,0.5251,40.1244,5.8011,2521.9610,76.4167,,32.9668,15.7056,26.3317,39.4976,53.6607,78.9952,131.129,26.176,0.0,3.0,4.979886,1.251981,13,60,15,3,0E-8,0.01590998,,0E-8,0.000000,0.894774,0.006536,,2026-03-21,2026-04-10,12,83,53,21,0.571429,,,0.000000,,,,,,,,GLOBAL_BASELINE_NO_ENTITY_RANKING,,,NOT_APPLICABLE_GLOBAL_BASELINE,HF9g-P5,,,,X 全窗基线 · 不参与实体赏罚,8391557,840,A168_HF9F_20260827_0900,2026-08-27 09:00:00
2026-03-23,111638587,970,0,395.7658582829,-78.8371909314,-78.8371909314,0.3636364,13,13,0.50458836153846154,0.504588361538,-0.9350091514238633,-0.9350091514207938,-0.9350091514238633,4.6154E-13,ELIGIBLE,R03b_20260811_FULL_v1,L1_ELIGIBILITY,v2026-08-11,2026-03-21..2026-08-06,baccarat_bet02_101_all_pairs_incl_sentinel,round_win = game_pnl > 0 (decisive only),COMPATIBILITY_ONLY_NOT_PRODUCTION,30263.5321,27079.0272,481.4923,918,917,-0.01590998,,-0.01590998,-0.01590998,-481.4923,30263.5321,OK,0.0000,19.2597,4.0000,96.0000,AG03-UNRESOLVED,ALL5_LEVELS_bet23_to_bet27,19.2597,19.2597,19.2597,0.0000,0.0000,4.000000,4.000000,4.000000,0.000000,0.000000,96.000000,96.000000,96.000000,100.000000,100.000000,5.0,57.7791,55.4987,423.7132,425.9936,PENDING_AG03,FALSE,NOT_FOR_ENFORCEMENT,462.2326,25995.8661,481.4923,462.2326,19.2597,0.01590998,0.01527358,19.2597,462.2326,0.01527358,19.2597,19.2597,19.2597,0.0000,0.0000,462.2326,0.01527358,57.7791,55.4987,423.7132,425.9936,0.01400079,0.01407614,0.00063640,32.9668,29.5300,0.5251,40.1244,5.8011,2521.9610,76.4167,,32.9668,15.7056,26.3317,39.4976,53.6607,78.9952,131.129,26.176,0.0,3.0,4.979886,1.251981,13,60,15,3,0E-8,0.01590998,,0E-8,0.000000,0.894774,0.006536,,2026-03-21,2026-04-10,12,83,53,21,0.571429,,,0.000000,,,,,,,,GLOBAL_BASELINE_NO_ENTITY_RANKING,,,NOT_APPLICABLE_GLOBAL_BASELINE,HF9g-P5,,,,X 全窗基线 · 不参与实体赏罚,8391558,840,A168_HF9F_20260827_0900,2026-08-27 09:00:00
2026-03-24,111638587,1304,0,116.6495510441,-13.2975221844,-13.2975221844,0.4285714,7,7,0.49899058571428571,0.498990585714,-0.3726239140161595,-0.3726239140146481,-0.3726239140161595,2.8571E-13,ELIGIBLE,R03b_20260811_FULL_v1,L1_ELIGIBILITY,v2026-08-11,2026-03-21..2026-08-06,baccarat_bet02_101_all_pairs_incl_sentinel,round_win = game_pnl > 0 (decisive only),COMPATIBILITY_ONLY_NOT_PRODUCTION,30263.5321,27079.0272,481.4923,918,917,-0.01590998,,-0.01590998,-0.01590998,-481.4923,30263.5321,OK,0.0000,19.2597,4.0000,96.0000,AG03-UNRESOLVED,ALL5_LEVELS_bet23_to_bet27,19.2597,19.2597,19.2597,0.0000,0.0000,4.000000,4.000000,4.000000,0.000000,0.000000,96.000000,96.000000,96.000000,100.000000,100.000000,5.0,57.7791,55.4987,423.7132,425.9936,PENDING_AG03,FALSE,NOT_FOR_ENFORCEMENT,462.2326,25995.8661,481.4923,462.2326,19.2597,0.01590998,0.01527358,19.2597,462.2326,0.01527358,19.2597,19.2597,19.2597,0.0000,0.0000,462.2326,0.01527358,57.7791,55.4987,423.7132,425.9936,0.01400079,0.01407614,0.00063640,32.9668,29.5300,0.5251,40.1244,5.8011,2521.9610,76.4167,,32.9668,15.7056,26.3317,39.4976,53.6607,78.9952,131.129,26.176,0.0,3.0,4.979886,1.251981,13,60,15,3,0E-8,0.01590998,,0E-8,0.000000,0.894774,0.006536,,2026-03-21,2026-04-10,12,83,53,21,0.571429,,,0.000000,,,,,,,,GLOBAL_BASELINE_NO_ENTITY_RANKING,,,NOT_APPLICABLE_GLOBAL_BASELINE,HF9g-P5,,,,X 全窗基线 · 不参与实体赏罚,8391559,840,A168_HF9F_20260827_0900,2026-08-27 09:00:00
2026-03-26,111638587,1157,0,40.8141770019,13.7583274087,13.7583274087,1.0000000,2,2,0.50665070000000000,0.506650700000,0.9867858985152569,0.9867858985152569,0.9867858985152569,0E-17,ELIGIBLE,R03b_20260811_FULL_v1,L1_ELIGIBILITY,v2026-08-11,2026-03-21..2026-08-06,baccarat_bet02_101_all_pairs_incl_sentinel,round_win = game_pnl > 0 (decisive only),COMPATIBILITY_ONLY_NOT_PRODUCTION,30263.5321,27079.0272,481.4923,918,917,-0.01590998,,-0.01590998,-0.01590998,-481.4923,30263.5321,OK,0.0000,19.2597,4.0000,96.0000,AG03-UNRESOLVED,ALL5_LEVELS_bet23_to_bet27,19.2597,19.2597,19.2597,0.0000,0.0000,4.000000,4.000000,4.000000,0.000000,0.000000,96.000000,96.000000,96.000000,100.000000,100.000000,5.0,57.7791,55.4987,423.7132,425.9936,PENDING_AG03,FALSE,NOT_FOR_ENFORCEMENT,462.2326,25995.8661,481.4923,462.2326,19.2597,0.01590998,0.01527358,19.2597,462.2326,0.01527358,19.2597,19.2597,19.2597,0.0000,0.0000,462.2326,0.01527358,57.7791,55.4987,423.7132,425.9936,0.01400079,0.01407614,0.00063640,32.9668,29.5300,0.5251,40.1244,5.8011,2521.9610,76.4167,,32.9668,15.7056,26.3317,39.4976,53.6607,78.9952,131.129,26.176,0.0,3.0,4.979886,1.251981,13,60,15,3,0E-8,0.01590998,,0E-8,0.000000,0.894774,0.006536,,2026-03-21,2026-04-10,12,83,53,21,0.571429,,,0.000000,,,,,,,,GLOBAL_BASELINE_NO_ENTITY_RANKING,,,NOT_APPLICABLE_GLOBAL_BASELINE,HF9g-P5,,,,X 全窗基线 · 不参与实体赏罚,8391560,840,A168_HF9F_20260827_0900,2026-08-27 09:00:00
2026-03-26,111638587,1205,0,130.3420491351,78.0077415277,78.0077415277,0.8000000,11,11,0.49933877272727273,0.499338772727,1.9015502273647424,1.901550227366469,1.9015502273647424,2.7273E-13,ELIGIBLE,R03b_20260811_FULL_v1,L1_ELIGIBILITY,v2026-08-11,2026-03-21..2026-08-06,baccarat_bet02_101_all_pairs_incl_sentinel,round_win = game_pnl > 0 (decisive only),COMPATIBILITY_ONLY_NOT_PRODUCTION,30263.5321,27079.0272,481.4923,918,917,-0.01590998,,-0.01590998,-0.01590998,-481.4923,30263.5321,OK,0.0000,19.2597,4.0000,96.0000,AG03-UNRESOLVED,ALL5_LEVELS_bet23_to_bet27,19.2597,19.2597,19.2597,0.0000,0.0000,4.000000,4.000000,4.000000,0.000000,0.000000,96.000000,96.000000,96.000000,100.000000,100.000000,5.0,57.7791,55.4987,423.7132,425.9936,PENDING_AG03,FALSE,NOT_FOR_ENFORCEMENT,462.2326,25995.8661,481.4923,462.2326,19.2597,0.01590998,0.01527358,19.2597,462.2326,0.01527358,19.2597,19.2597,19.2597,0.0000,0.0000,462.2326,0.01527358,57.7791,55.4987,423.7132,425.9936,0.01400079,0.01407614,0.00063640,32.9668,29.5300,0.5251,40.1244,5.8011,2521.9610,76.4167,,32.9668,15.7056,26.3317,39.4976,53.6607,78.9952,131.129,26.176,0.0,3.0,4.979886,1.251981,13,60,15,3,0E-8,0.01590998,,0E-8,0.000000,0.894774,0.006536,,2026-03-21,2026-04-10,12,83,53,21,0.571429,,,0.000000,,,,,,,,GLOBAL_BASELINE_NO_ENTITY_RANKING,,,NOT_APPLICABLE_GLOBAL_BASELINE,HF9g-P5,,,,X 全窗基线 · 不参与实体赏罚,8391561,840,A168_HF9F_20260827_0900,2026-08-27 09:00:00
2026-03-26,111638587,1299,0,331.7797614348,-79.5218158360,-79.5218158360,0.3333333,10,10,0.50262914000000000,0.502629140000,-1.015788883128781,-1.015788883128781,-1.015788883128781,0E-17,ELIGIBLE,R03b_20260811_FULL_v1,L1_ELIGIBILITY,v2026-08-11,2026-03-21..2026-08-06,baccarat_bet02_101_all_pairs_incl_sentinel,round_win = game_pnl > 0 (decisive only),COMPATIBILITY_ONLY_NOT_PRODUCTION,30263.5321,27079.0272,481.4923,918,917,-0.01590998,,-0.01590998,-0.01590998,-481.4923,30263.5321,OK,0.0000,19.2597,4.0000,96.0000,AG03-UNRESOLVED,ALL5_LEVELS_bet23_to_bet27,19.2597,19.2597,19.2597,0.0000,0.0000,4.000000,4.000000,4.000000,0.000000,0.000000,96.000000,96.000000,96.000000,100.000000,100.000000,5.0,57.7791,55.4987,423.7132,425.9936,PENDING_AG03,FALSE,NOT_FOR_ENFORCEMENT,462.2326,25995.8661,481.4923,462.2326,19.2597,0.01590998,0.01527358,19.2597,462.2326,0.01527358,19.2597,19.2597,19.2597,0.0000,0.0000,462.2326,0.01527358,57.7791,55.4987,423.7132,425.9936,0.01400079,0.01407614,0.00063640,32.9668,29.5300,0.5251,40.1244,5.8011,2521.9610,76.4167,,32.9668,15.7056,26.3317,39.4976,53.6607,78.9952,131.129,26.176,0.0,3.0,4.979886,1.251981,13,60,15,3,0E-8,0.01590998,,0E-8,0.000000,0.894774,0.006536,,2026-03-21,2026-04-10,12,83,53,21,0.571429,,,0.000000,,,,,,,,GLOBAL_BASELINE_NO_ENTITY_RANKING,,,NOT_APPLICABLE_GLOBAL_BASELINE,HF9g-P5,,,,X 全窗基线 · 不参与实体赏罚,8391562,840,A168_HF9F_20260827_0900,2026-08-27 09:00:00
2026-03-26,111638587,1383,0,142.1913263292,-12.5075703716,-12.5075703716,0.4285714,9,9,0.50516123333333333,0.505161233333,-0.4052967461577653,-0.40529674615599864,-0.4052967461577653,3.3333E-13,ELIGIBLE,R03b_20260811_FULL_v1,L1_ELIGIBILITY,v2026-08-11,2026-03-21..2026-08-06,baccarat_bet02_101_all_pairs_incl_sentinel,round_win = game_pnl > 0 (decisive only),COMPATIBILITY_ONLY_NOT_PRODUCTION,30263.5321,27079.0272,481.4923,918,917,-0.01590998,,-0.01590998,-0.01590998,-481.4923,30263.5321,OK,0.0000,19.2597,4.0000,96.0000,AG03-UNRESOLVED,ALL5_LEVELS_bet23_to_bet27,19.2597,19.2597,19.2597,0.0000,0.0000,4.000000,4.000000,4.000000,0.000000,0.000000,96.000000,96.000000,96.000000,100.000000,100.000000,5.0,57.7791,55.4987,423.7132,425.9936,PENDING_AG03,FALSE,NOT_FOR_ENFORCEMENT,462.2326,25995.8661,481.4923,462.2326,19.2597,0.01590998,0.01527358,19.2597,462.2326,0.01527358,19.2597,19.2597,19.2597,0.0000,0.0000,462.2326,0.01527358,57.7791,55.4987,423.7132,425.9936,0.01400079,0.01407614,0.00063640,32.9668,29.5300,0.5251,40.1244,5.8011,2521.9610,76.4167,,32.9668,15.7056,26.3317,39.4976,53.6607,78.9952,131.129,26.176,0.0,3.0,4.979886,1.251981,13,60,15,3,0E-8,0.01590998,,0E-8,0.000000,0.894774,0.006536,,2026-03-21,2026-04-10,12,83,53,21,0.571429,,,0.000000,,,,,,,,GLOBAL_BASELINE_NO_ENTITY_RANKING,,,NOT_APPLICABLE_GLOBAL_BASELINE,HF9g-P5,,,,X 全窗基线 · 不参与实体赏罚,8391563,840,A168_HF9F_20260827_0900,2026-08-27 09:00:00
2026-03-26,111638587,1654,0,82.9449403587,40.1558838244,40.1558838244,0.6666667,6,6,0.49771390000000000,0.497713900000,0.8277047895645219,0.8277047895645219,0.8277047895645219,0E-17,ELIGIBLE,R03b_20260811_FULL_v1,L1_ELIGIBILITY,v2026-08-11,2026-03-21..2026-08-06,baccarat_bet02_101_all_pairs_incl_sentinel,round_win = game_pnl > 0 (decisive only),COMPATIBILITY_ONLY_NOT_PRODUCTION,30263.5321,27079.0272,481.4923,918,917,-0.01590998,,-0.01590998,-0.01590998,-481.4923,30263.5321,OK,0.0000,19.2597,4.0000,96.0000,AG03-UNRESOLVED,ALL5_LEVELS_bet23_to_bet27,19.2597,19.2597,19.2597,0.0000,0.0000,4.000000,4.000000,4.000000,0.000000,0.000000,96.000000,96.000000,96.000000,100.000000,100.000000,5.0,57.7791,55.4987,423.7132,425.9936,PENDING_AG03,FALSE,NOT_FOR_ENFORCEMENT,462.2326,25995.8661,481.4923,462.2326,19.2597,0.01590998,0.01527358,19.2597,462.2326,0.01527358,19.2597,19.2597,19.2597,0.0000,0.0000,462.2326,0.01527358,57.7791,55.4987,423.7132,425.9936,0.01400079,0.01407614,0.00063640,32.9668,29.5300,0.5251,40.1244,5.8011,2521.9610,76.4167,,32.9668,15.7056,26.3317,39.4976,53.6607,78.9952,131.129,26.176,0.0,3.0,4.979886,1.251981,13,60,15,3,0E-8,0.01590998,,0E-8,0.000000,0.894774,0.006536,,2026-03-21,2026-04-10,12,83,53,21,0.571429,,,0.000000,,,,,,,,GLOBAL_BASELINE_NO_ENTITY_RANKING,,,NOT_APPLICABLE_GLOBAL_BASELINE,HF9g-P5,,,,X 全窗基线 · 不参与实体赏罚,8391564,840,A168_HF9F_20260827_0900,2026-08-27 09:00:00
2026-03-26,111638587,2147,0,177.7391579115,-82.9449403587,-82.9449403587,0E-7,6,6,0.49547970000000000,0.495479700000,-1.9819997985031756,-1.9819997985031756,-1.9819997985031756,0E-17,ELIGIBLE,R03b_20260811_FULL_v1,L1_ELIGIBILITY,v2026-08-11,2026-03-21..2026-08-06,baccarat_bet02_101_all_pairs_incl_sentinel,round_win = game_pnl > 0 (decisive only),COMPATIBILITY_ONLY_NOT_PRODUCTION,30263.5321,27079.0272,481.4923,918,917,-0.01590998,,-0.01590998,-0.01590998,-481.4923,30263.5321,OK,0.0000,19.2597,4.0000,96.0000,AG03-UNRESOLVED,ALL5_LEVELS_bet23_to_bet27,19.2597,19.2597,19.2597,0.0000,0.0000,4.000000,4.000000,4.000000,0.000000,0.000000,96.000000,96.000000,96.000000,100.000000,100.000000,5.0,57.7791,55.4987,423.7132,425.9936,PENDING_AG03,FALSE,NOT_FOR_ENFORCEMENT,462.2326,25995.8661,481.4923,462.2326,19.2597,0.01590998,0.01527358,19.2597,462.2326,0.01527358,19.2597,19.2597,19.2597,0.0000,0.0000,462.2326,0.01527358,57.7791,55.4987,423.7132,425.9936,0.01400079,0.01407614,0.00063640,32.9668,29.5300,0.5251,40.1244,5.8011,2521.9610,76.4167,,32.9668,15.7056,26.3317,39.4976,53.6607,78.9952,131.129,26.176,0.0,3.0,4.979886,1.251981,13,60,15,3,0E-8,0.01590998,,0E-8,0.000000,0.894774,0.006536,,2026-03-21,2026-04-10,12,83,53,21,0.571429,,,0.000000,,,,,,,,GLOBAL_BASELINE_NO_ENTITY_RANKING,,,NOT_APPLICABLE_GLOBAL_BASELINE,HF9g-P5,,,,X 全窗基线 · 不参与实体赏罚,8391565,840,A168_HF9F_20260827_0900,2026-08-27 09:00:00
2026-03-26,111638587,462,0,287.8057771811,26.6872054138,26.6872054138,0.5000000,16,16,0.50497505000000000,0.504975050000,-0.034469863858664004,-0.03446986385866401,-0.034469863858664004,0E-17,ELIGIBLE,R03b_20260811_FULL_v1,L1_ELIGIBILITY,v2026-08-11,2026-03-21..2026-08-06,baccarat_bet02_101_all_pairs_incl_sentinel,round_win = game_pnl > 0 (decisive only),COMPATIBILITY_ONLY_NOT_PRODUCTION,30263.5321,27079.0272,481.4923,918,917,-0.01590998,,-0.01590998,-0.01590998,-481.4923,30263.5321,OK,0.0000,19.2597,4.0000,96.0000,AG03-UNRESOLVED,ALL5_LEVELS_bet23_to_bet27,19.2597,19.2597,19.2597,0.0000,0.0000,4.000000,4.000000,4.000000,0.000000,0.000000,96.000000,96.000000,96.000000,100.000000,100.000000,5.0,57.7791,55.4987,423.7132,425.9936,PENDING_AG03,FALSE,NOT_FOR_ENFORCEMENT,462.2326,25995.8661,481.4923,462.2326,19.2597,0.01590998,0.01527358,19.2597,462.2326,0.01527358,19.2597,19.2597,19.2597,0.0000,0.0000,462.2326,0.01527358,57.7791,55.4987,423.7132,425.9936,0.01400079,0.01407614,0.00063640,32.9668,29.5300,0.5251,40.1244,5.8011,2521.9610,76.4167,,32.9668,15.7056,26.3317,39.4976,53.6607,78.9952,131.129,26.176,0.0,3.0,4.979886,1.251981,13,60,15,3,0E-8,0.01590998,,0E-8,0.000000,0.894774,0.006536,,2026-03-21,2026-04-10,12,83,53,21,0.571429,,,0.000000,,,,,,,,GLOBAL_BASELINE_NO_ENTITY_RANKING,,,NOT_APPLICABLE_GLOBAL_BASELINE,HF9g-P5,,,,X 全窗基线 · 不参与实体赏罚,8391566,840,A168_HF9F_20260827_0900,2026-08-27 09:00:00
2026-03-28,111638587,-1,1,1317.9029412543,-469.6263527925,-469.6263527925,0.3913043,24,24,0.50385795000000000,0.503857950000,-1.0796083645173271,-1.0796083645173271,-1.0796083645173271,0E-17,SENTINEL_DEALER,R03b_20260811_FULL_v1,L1_ELIGIBILITY,v2026-08-11,2026-03-21..2026-08-06,baccarat_bet02_101_all_pairs_incl_sentinel,round_win = game_pnl > 0 (decisive only),COMPATIBILITY_ONLY_NOT_PRODUCTION,30263.5321,27079.0272,481.4923,918,917,-0.01590998,,-0.01590998,-0.01590998,-481.4923,30263.5321,OK,0.0000,19.2597,4.0000,96.0000,AG03-UNRESOLVED,ALL5_LEVELS_bet23_to_bet27,19.2597,19.2597,19.2597,0.0000,0.0000,4.000000,4.000000,4.000000,0.000000,0.000000,96.000000,96.000000,96.000000,100.000000,100.000000,5.0,57.7791,55.4987,423.7132,425.9936,PENDING_AG03,FALSE,NOT_FOR_ENFORCEMENT,462.2326,25995.8661,481.4923,462.2326,19.2597,0.01590998,0.01527358,19.2597,462.2326,0.01527358,19.2597,19.2597,19.2597,0.0000,0.0000,462.2326,0.01527358,57.7791,55.4987,423.7132,425.9936,0.01400079,0.01407614,0.00063640,32.9668,29.5300,0.5251,40.1244,5.8011,2521.9610,76.4167,,32.9668,15.7056,26.3317,39.4976,53.6607,78.9952,131.129,26.176,0.0,3.0,4.979886,1.251981,13,60,15,3,0E-8,0.01590998,,0E-8,0.000000,0.894774,0.006536,,2026-03-21,2026-04-10,12,83,53,21,0.571429,,,0.000000,,,,,,,,GLOBAL_BASELINE_NO_ENTITY_RANKING,,,NOT_APPLICABLE_GLOBAL_BASELINE,HF9g-P5,,,,X 全窗基线 · 不参与实体赏罚,8391567,840,A168_HF9F_20260827_0900,2026-08-27 09:00:00
2026-03-28,111638587,1157,0,314.6641388208,-25.0151407431,-25.0151407431,0.4000000,6,6,0.49771390000000000,0.497713900000,-0.4369944132040151,-0.436994413204015,-0.4369944132040151,0E-17,ELIGIBLE,R03b_20260811_FULL_v1,L1_ELIGIBILITY,v2026-08-11,2026-03-21..2026-08-06,baccarat_bet02_101_all_pairs_incl_sentinel,round_win = game_pnl > 0 (decisive only),COMPATIBILITY_ONLY_NOT_PRODUCTION,30263.5321,27079.0272,481.4923,918,917,-0.01590998,,-0.01590998,-0.01590998,-481.4923,30263.5321,OK,0.0000,19.2597,4.0000,96.0000,AG03-UNRESOLVED,ALL5_LEVELS_bet23_to_bet27,19.2597,19.2597,19.2597,0.0000,0.0000,4.000000,4.000000,4.000000,0.000000,0.000000,96.000000,96.000000,96.000000,100.000000,100.000000,5.0,57.7791,55.4987,423.7132,425.9936,PENDING_AG03,FALSE,NOT_FOR_ENFORCEMENT,462.2326,25995.8661,481.4923,462.2326,19.2597,0.01590998,0.01527358,19.2597,462.2326,0.01527358,19.2597,19.2597,19.2597,0.0000,0.0000,462.2326,0.01527358,57.7791,55.4987,423.7132,425.9936,0.01400079,0.01407614,0.00063640,32.9668,29.5300,0.5251,40.1244,5.8011,2521.9610,76.4167,,32.9668,15.7056,26.3317,39.4976,53.6607,78.9952,131.129,26.176,0.0,3.0,4.979886,1.251981,13,60,15,3,0E-8,0.01590998,,0E-8,0.000000,0.894774,0.006536,,2026-03-21,2026-04-10,12,83,53,21,0.571429,,,0.000000,,,,,,,,GLOBAL_BASELINE_NO_ENTITY_RANKING,,,NOT_APPLICABLE_GLOBAL_BASELINE,HF9g-P5,,,,X 全窗基线 · 不参与实体赏罚,8391568,840,A168_HF9F_20260827_0900,2026-08-27 09:00:00
2026-03-28,111638587,1291,0,626.6951049324,172.0120072677,172.0120072677,0.6842105,24,24,0.50441650000000000,0.504416500000,1.5674691323697416,1.567469132369742,1.5674691323697416,0E-17,ELIGIBLE,R03b_20260811_FULL_v1,L1_ELIGIBILITY,v2026-08-11,2026-03-21..2026-08-06,baccarat_bet02_101_all_pairs_incl_sentinel,round_win = game_pnl > 0 (decisive only),COMPATIBILITY_ONLY_NOT_PRODUCTION,30263.5321,27079.0272,481.4923,918,917,-0.01590998,,-0.01590998,-0.01590998,-481.4923,30263.5321,OK,0.0000,19.2597,4.0000,96.0000,AG03-UNRESOLVED,ALL5_LEVELS_bet23_to_bet27,19.2597,19.2597,19.2597,0.0000,0.0000,4.000000,4.000000,4.000000,0.000000,0.000000,96.000000,96.000000,96.000000,100.000000,100.000000,5.0,57.7791,55.4987,423.7132,425.9936,PENDING_AG03,FALSE,NOT_FOR_ENFORCEMENT,462.2326,25995.8661,481.4923,462.2326,19.2597,0.01590998,0.01527358,19.2597,462.2326,0.01527358,19.2597,19.2597,19.2597,0.0000,0.0000,462.2326,0.01527358,57.7791,55.4987,423.7132,425.9936,0.01400079,0.01407614,0.00063640,32.9668,29.5300,0.5251,40.1244,5.8011,2521.9610,76.4167,,32.9668,15.7056,26.3317,39.4976,53.6607,78.9952,131.129,26.176,0.0,3.0,4.979886,1.251981,13,60,15,3,0E-8,0.01590998,,0E-8,0.000000,0.894774,0.006536,,2026-03-21,2026-04-10,12,83,53,21,0.571429,,,0.000000,,,,,,,,GLOBAL_BASELINE_NO_ENTITY_RANKING,,,NOT_APPLICABLE_GLOBAL_BASELINE,HF9g-P5,,,,X 全窗基线 · 不参与实体赏罚,8391569,840,A168_HF9F_20260827_0900,2026-08-27 09:00:00
2026-03-28,111638587,1363,0,84.2615267136,61.0896068673,61.0896068673,0.7500000,4,4,0.49994810000000000,0.499948100000,1.0002076053883384,1.0002076053883384,1.0002076053883384,0E-17,ELIGIBLE,R03b_20260811_FULL_v1,L1_ELIGIBILITY,v2026-08-11,2026-03-21..2026-08-06,baccarat_bet02_101_all_pairs_incl_sentinel,round_win = game_pnl > 0 (decisive only),COMPATIBILITY_ONLY_NOT_PRODUCTION,30263.5321,27079.0272,481.4923,918,917,-0.01590998,,-0.01590998,-0.01590998,-481.4923,30263.5321,OK,0.0000,19.2597,4.0000,96.0000,AG03-UNRESOLVED,ALL5_LEVELS_bet23_to_bet27,19.2597,19.2597,19.2597,0.0000,0.0000,4.000000,4.000000,4.000000,0.000000,0.000000,96.000000,96.000000,96.000000,100.000000,100.000000,5.0,57.7791,55.4987,423.7132,425.9936,PENDING_AG03,FALSE,NOT_FOR_ENFORCEMENT,462.2326,25995.8661,481.4923,462.2326,19.2597,0.01590998,0.01527358,19.2597,462.2326,0.01527358,19.2597,19.2597,19.2597,0.0000,0.0000,462.2326,0.01527358,57.7791,55.4987,423.7132,425.9936,0.01400079,0.01407614,0.00063640,32.9668,29.5300,0.5251,40.1244,5.8011,2521.9610,76.4167,,32.9668,15.7056,26.3317,39.4976,53.6607,78.9952,131.129,26.176,0.0,3.0,4.979886,1.251981,13,60,15,3,0E-8,0.01590998,,0E-8,0.000000,0.894774,0.006536,,2026-03-21,2026-04-10,12,83,53,21,0.571429,,,0.000000,,,,,,,,GLOBAL_BASELINE_NO_ENTITY_RANKING,,,NOT_APPLICABLE_GLOBAL_BASELINE,HF9g-P5,,,,X 全窗基线 · 不参与实体赏罚,8391570,840,A168_HF9F_20260827_0900,2026-08-27 09:00:00
2026-03-28,111638587,1405,0,259.3675119151,48.7136951311,48.7136951311,0.4000000,5,5,0.50665070000000000,0.506650700000,-0.4769986289884125,-0.4769986289884125,-0.4769986289884125,0E-17,ELIGIBLE,R03b_20260811_FULL_v1,L1_ELIGIBILITY,v2026-08-11,2026-03-21..2026-08-06,baccarat_bet02_101_all_pairs_incl_sentinel,round_win = game_pnl > 0 (decisive only),COMPATIBILITY_ONLY_NOT_PRODUCTION,30263.5321,27079.0272,481.4923,918,917,-0.01590998,,-0.01590998,-0.01590998,-481.4923,30263.5321,OK,0.0000,19.2597,4.0000,96.0000,AG03-UNRESOLVED,ALL5_LEVELS_bet23_to_bet27,19.2597,19.2597,19.2597,0.0000,0.0000,4.000000,4.000000,4.000000,0.000000,0.000000,96.000000,96.000000,96.000000,100.000000,100.000000,5.0,57.7791,55.4987,423.7132,425.9936,PENDING_AG03,FALSE,NOT_FOR_ENFORCEMENT,462.2326,25995.8661,481.4923,462.2326,19.2597,0.01590998,0.01527358,19.2597,462.2326,0.01527358,19.2597,19.2597,19.2597,0.0000,0.0000,462.2326,0.01527358,57.7791,55.4987,423.7132,425.9936,0.01400079,0.01407614,0.00063640,32.9668,29.5300,0.5251,40.1244,5.8011,2521.9610,76.4167,,32.9668,15.7056,26.3317,39.4976,53.6607,78.9952,131.129,26.176,0.0,3.0,4.979886,1.251981,13,60,15,3,0E-8,0.01590998,,0E-8,0.000000,0.894774,0.006536,,2026-03-21,2026-04-10,12,83,53,21,0.571429,,,0.000000,,,,,,,,GLOBAL_BASELINE_NO_ENTITY_RANKING,,,NOT_APPLICABLE_GLOBAL_BASELINE,HF9g-P5,,,,X 全窗基线 · 不参与实体赏罚,8391571,840,A168_HF9F_20260827_0900,2026-08-27 09:00:00
2026-03-28,111638587,1704,0,372.5939384366,-130.5395370883,-130.5395370883,0.3333333,10,10,0.49860758000000000,0.498607580000,-0.9916493252932331,-0.9916493252932332,-0.9916493252932331,0E-17,ELIGIBLE,R03b_20260811_FULL_v1,L1_ELIGIBILITY,v2026-08-11,2026-03-21..2026-08-06,baccarat_bet02_101_all_pairs_incl_sentinel,round_win = game_pnl > 0 (decisive only),COMPATIBILITY_ONLY_NOT_PRODUCTION,30263.5321,27079.0272,481.4923,918,917,-0.01590998,,-0.01590998,-0.01590998,-481.4923,30263.5321,OK,0.0000,19.2597,4.0000,96.0000,AG03-UNRESOLVED,ALL5_LEVELS_bet23_to_bet27,19.2597,19.2597,19.2597,0.0000,0.0000,4.000000,4.000000,4.000000,0.000000,0.000000,96.000000,96.000000,96.000000,100.000000,100.000000,5.0,57.7791,55.4987,423.7132,425.9936,PENDING_AG03,FALSE,NOT_FOR_ENFORCEMENT,462.2326,25995.8661,481.4923,462.2326,19.2597,0.01590998,0.01527358,19.2597,462.2326,0.01527358,19.2597,19.2597,19.2597,0.0000,0.0000,462.2326,0.01527358,57.7791,55.4987,423.7132,425.9936,0.01400079,0.01407614,0.00063640,32.9668,29.5300,0.5251,40.1244,5.8011,2521.9610,76.4167,,32.9668,15.7056,26.3317,39.4976,53.6607,78.9952,131.129,26.176,0.0,3.0,4.979886,1.251981,13,60,15,3,0E-8,0.01590998,,0E-8,0.000000,0.894774,0.006536,,2026-03-21,2026-04-10,12,83,53,21,0.571429,,,0.000000,,,,,,,,GLOBAL_BASELINE_NO_ENTITY_RANKING,,,NOT_APPLICABLE_GLOBAL_BASELINE,HF9g-P5,,,,X 全窗基线 · 不参与实体赏罚,8391572,840,A168_HF9F_20260827_0900,2026-08-27 09:00:00
2026-03-28,111638587,1750,0,157.9903625880,0E-10,0E-10,0.5000000,5,5,0.49592654000000000,0.495926540000,0.016294380756781617,0.016294380756781617,0.016294380756781617,0E-17,ELIGIBLE,R03b_20260811_FULL_v1,L1_ELIGIBILITY,v2026-08-11,2026-03-21..2026-08-06,baccarat_bet02_101_all_pairs_incl_sentinel,round_win = game_pnl > 0 (decisive only),COMPATIBILITY_ONLY_NOT_PRODUCTION,30263.5321,27079.0272,481.4923,918,917,-0.01590998,,-0.01590998,-0.01590998,-481.4923,30263.5321,OK,0.0000,19.2597,4.0000,96.0000,AG03-UNRESOLVED,ALL5_LEVELS_bet23_to_bet27,19.2597,19.2597,19.2597,0.0000,0.0000,4.000000,4.000000,4.000000,0.000000,0.000000,96.000000,96.000000,96.000000,100.000000,100.000000,5.0,57.7791,55.4987,423.7132,425.9936,PENDING_AG03,FALSE,NOT_FOR_ENFORCEMENT,462.2326,25995.8661,481.4923,462.2326,19.2597,0.01590998,0.01527358,19.2597,462.2326,0.01527358,19.2597,19.2597,19.2597,0.0000,0.0000,462.2326,0.01527358,57.7791,55.4987,423.7132,425.9936,0.01400079,0.01407614,0.00063640,32.9668,29.5300,0.5251,40.1244,5.8011,2521.9610,76.4167,,32.9668,15.7056,26.3317,39.4976,53.6607,78.9952,131.129,26.176,0.0,3.0,4.979886,1.251981,13,60,15,3,0E-8,0.01590998,,0E-8,0.000000,0.894774,0.006536,,2026-03-21,2026-04-10,12,83,53,21,0.571429,,,0.000000,,,,,,,,GLOBAL_BASELINE_NO_ENTITY_RANKING,,,NOT_APPLICABLE_GLOBAL_BASELINE,HF9g-P5,,,,X 全窗基线 · 不参与实体赏罚,8391573,840,A168_HF9F_20260827_0900,2026-08-27 09:00:00
2026-03-28,111638587,2115,0,80.0484503779,-27.1611765016,-27.1611765016,0.3333333,3,3,0.50218230000000000,0.502182300000,-0.5849155494134425,-0.5849155494134426,-0.5849155494134425,0E-17,ELIGIBLE,R03b_20260811_FULL_v1,L1_ELIGIBILITY,v2026-08-11,2026-03-21..2026-08-06,baccarat_bet02_101_all_pairs_incl_sentinel,round_win = game_pnl > 0 (decisive only),COMPATIBILITY_ONLY_NOT_PRODUCTION,30263.5321,27079.0272,481.4923,918,917,-0.01590998,,-0.01590998,-0.01590998,-481.4923,30263.5321,OK,0.0000,19.2597,4.0000,96.0000,AG03-UNRESOLVED,ALL5_LEVELS_bet23_to_bet27,19.2597,19.2597,19.2597,0.0000,0.0000,4.000000,4.000000,4.000000,0.000000,0.000000,96.000000,96.000000,96.000000,100.000000,100.000000,5.0,57.7791,55.4987,423.7132,425.9936,PENDING_AG03,FALSE,NOT_FOR_ENFORCEMENT,462.2326,25995.8661,481.4923,462.2326,19.2597,0.01590998,0.01527358,19.2597,462.2326,0.01527358,19.2597,19.2597,19.2597,0.0000,0.0000,462.2326,0.01527358,57.7791,55.4987,423.7132,425.9936,0.01400079,0.01407614,0.00063640,32.9668,29.5300,0.5251,40.1244,5.8011,2521.9610,76.4167,,32.9668,15.7056,26.3317,39.4976,53.6607,78.9952,131.129,26.176,0.0,3.0,4.979886,1.251981,13,60,15,3,0E-8,0.01590998,,0E-8,0.000000,0.894774,0.006536,,2026-03-21,2026-04-10,12,83,53,21,0.571429,,,0.000000,,,,,,,,GLOBAL_BASELINE_NO_ENTITY_RANKING,,,NOT_APPLICABLE_GLOBAL_BASELINE,HF9g-P5,,,,X 全窗基线 · 不参与实体赏罚,8391574,840,A168_HF9F_20260827_0900,2026-08-27 09:00:00
2026-03-28,111638587,2134,0,762.3034994867,-214.6035758486,-214.6035758486,0.3846154,15,15,0.50307598000000000,0.503075980000,-0.8542476669053323,-0.8542476669053324,-0.8542476669053323,0E-17,ELIGIBLE,R03b_20260811_FULL_v1,L1_ELIGIBILITY,v2026-08-11,2026-03-21..2026-08-06,baccarat_bet02_101_all_pairs_incl_sentinel,round_win = game_pnl > 0 (decisive only),COMPATIBILITY_ONLY_NOT_PRODUCTION,30263.5321,27079.0272,481.4923,918,917,-0.01590998,,-0.01590998,-0.01590998,-481.4923,30263.5321,OK,0.0000,19.2597,4.0000,96.0000,AG03-UNRESOLVED,ALL5_LEVELS_bet23_to_bet27,19.2597,19.2597,19.2597,0.0000,0.0000,4.000000,4.000000,4.000000,0.000000,0.000000,96.000000,96.000000,96.000000,100.000000,100.000000,5.0,57.7791,55.4987,423.7132,425.9936,PENDING_AG03,FALSE,NOT_FOR_ENFORCEMENT,462.2326,25995.8661,481.4923,462.2326,19.2597,0.01590998,0.01527358,19.2597,462.2326,0.01527358,19.2597,19.2597,19.2597,0.0000,0.0000,462.2326,0.01527358,57.7791,55.4987,423.7132,425.9936,0.01400079,0.01407614,0.00063640,32.9668,29.5300,0.5251,40.1244,5.8011,2521.9610,76.4167,,32.9668,15.7056,26.3317,39.4976,53.6607,78.9952,131.129,26.176,0.0,3.0,4.979886,1.251981,13,60,15,3,0E-8,0.01590998,,0E-8,0.000000,0.894774,0.006536,,2026-03-21,2026-04-10,12,83,53,21,0.571429,,,0.000000,,,,,,,,GLOBAL_BASELINE_NO_ENTITY_RANKING,,,NOT_APPLICABLE_GLOBAL_BASELINE,HF9g-P5,,,,X 全窗基线 · 不参与实体赏罚,8391575,840,A168_HF9F_20260827_0900,2026-08-27 09:00:00
2026-03-28,111638587,2160,0,552.1763172449,49.8986228505,49.8986228505,0.4545455,13,13,0.50458836153846154,0.504588361538,-0.33196106971690087,-0.33196106971383643,-0.33196106971690087,4.6154E-13,ELIGIBLE,R03b_20260811_FULL_v1,L1_ELIGIBILITY,v2026-08-11,2026-03-21..2026-08-06,baccarat_bet02_101_all_pairs_incl_sentinel,round_win = game_pnl > 0 (decisive only),COMPATIBILITY_ONLY_NOT_PRODUCTION,30263.5321,27079.0272,481.4923,918,917,-0.01590998,,-0.01590998,-0.01590998,-481.4923,30263.5321,OK,0.0000,19.2597,4.0000,96.0000,AG03-UNRESOLVED,ALL5_LEVELS_bet23_to_bet27,19.2597,19.2597,19.2597,0.0000,0.0000,4.000000,4.000000,4.000000,0.000000,0.000000,96.000000,96.000000,96.000000,100.000000,100.000000,5.0,57.7791,55.4987,423.7132,425.9936,PENDING_AG03,FALSE,NOT_FOR_ENFORCEMENT,462.2326,25995.8661,481.4923,462.2326,19.2597,0.01590998,0.01527358,19.2597,462.2326,0.01527358,19.2597,19.2597,19.2597,0.0000,0.0000,462.2326,0.01527358,57.7791,55.4987,423.7132,425.9936,0.01400079,0.01407614,0.00063640,32.9668,29.5300,0.5251,40.1244,5.8011,2521.9610,76.4167,,32.9668,15.7056,26.3317,39.4976,53.6607,78.9952,131.129,26.176,0.0,3.0,4.979886,1.251981,13,60,15,3,0E-8,0.01590998,,0E-8,0.000000,0.894774,0.006536,,2026-03-21,2026-04-10,12,83,53,21,0.571429,,,0.000000,,,,,,,,GLOBAL_BASELINE_NO_ENTITY_RANKING,,,NOT_APPLICABLE_GLOBAL_BASELINE,HF9g-P5,,,,X 全窗基线 · 不参与实体赏罚,8391576,840,A168_HF9F_20260827_0900,2026-08-27 09:00:00
2026-03-28,111638587,471,0,807.0674355537,248.5056744871,248.5056744871,0.6206897,32,32,0.50120483750000000,0.501204837500,1.2868946064365443,1.2868946064365443,1.2868946064365443,0E-17,ELIGIBLE,R03b_20260811_FULL_v1,L1_ELIGIBILITY,v2026-08-11,2026-03-21..2026-08-06,baccarat_bet02_101_all_pairs_incl_sentinel,round_win = game_pnl > 0 (decisive only),COMPATIBILITY_ONLY_NOT_PRODUCTION,30263.5321,27079.0272,481.4923,918,917,-0.01590998,,-0.01590998,-0.01590998,-481.4923,30263.5321,OK,0.0000,19.2597,4.0000,96.0000,AG03-UNRESOLVED,ALL5_LEVELS_bet23_to_bet27,19.2597,19.2597,19.2597,0.0000,0.0000,4.000000,4.000000,4.000000,0.000000,0.000000,96.000000,96.000000,96.000000,100.000000,100.000000,5.0,57.7791,55.4987,423.7132,425.9936,PENDING_AG03,FALSE,NOT_FOR_ENFORCEMENT,462.2326,25995.8661,481.4923,462.2326,19.2597,0.01590998,0.01527358,19.2597,462.2326,0.01527358,19.2597,19.2597,19.2597,0.0000,0.0000,462.2326,0.01527358,57.7791,55.4987,423.7132,425.9936,0.01400079,0.01407614,0.00063640,32.9668,29.5300,0.5251,40.1244,5.8011,2521.9610,76.4167,,32.9668,15.7056,26.3317,39.4976,53.6607,78.9952,131.129,26.176,0.0,3.0,4.979886,1.251981,13,60,15,3,0E-8,0.01590998,,0E-8,0.000000,0.894774,0.006536,,2026-03-21,2026-04-10,12,83,53,21,0.571429,,,0.000000,,,,,,,,GLOBAL_BASELINE_NO_ENTITY_RANKING,,,NOT_APPLICABLE_GLOBAL_BASELINE,HF9g-P5,,,,X 全窗基线 · 不参与实体赏罚,8391577,840,A168_HF9F_20260827_0900,2026-08-27 09:00:00
2026-03-28,111638587,529,0,26.3317270980,26.3317270980,26.3317270980,1.0000000,1,1,0.49324550000000000,0.493245500000,1.01360149184955,1.01360149184955,1.01360149184955,0E-17,ELIGIBLE,R03b_20260811_FULL_v1,L1_ELIGIBILITY,v2026-08-11,2026-03-21..2026-08-06,baccarat_bet02_101_all_pairs_incl_sentinel,round_win = game_pnl > 0 (decisive only),COMPATIBILITY_ONLY_NOT_PRODUCTION,30263.5321,27079.0272,481.4923,918,917,-0.01590998,,-0.01590998,-0.01590998,-481.4923,30263.5321,OK,0.0000,19.2597,4.0000,96.0000,AG03-UNRESOLVED,ALL5_LEVELS_bet23_to_bet27,19.2597,19.2597,19.2597,0.0000,0.0000,4.000000,4.000000,4.000000,0.000000,0.000000,96.000000,96.000000,96.000000,100.000000,100.000000,5.0,57.7791,55.4987,423.7132,425.9936,PENDING_AG03,FALSE,NOT_FOR_ENFORCEMENT,462.2326,25995.8661,481.4923,462.2326,19.2597,0.01590998,0.01527358,19.2597,462.2326,0.01527358,19.2597,19.2597,19.2597,0.0000,0.0000,462.2326,0.01527358,57.7791,55.4987,423.7132,425.9936,0.01400079,0.01407614,0.00063640,32.9668,29.5300,0.5251,40.1244,5.8011,2521.9610,76.4167,,32.9668,15.7056,26.3317,39.4976,53.6607,78.9952,131.129,26.176,0.0,3.0,4.979886,1.251981,13,60,15,3,0E-8,0.01590998,,0E-8,0.000000,0.894774,0.006536,,2026-03-21,2026-04-10,12,83,53,21,0.571429,,,0.000000,,,,,,,,GLOBAL_BASELINE_NO_ENTITY_RANKING,,,NOT_APPLICABLE_GLOBAL_BASELINE,HF9g-P5,,,,X 全窗基线 · 不参与实体赏罚,8391578,840,A168_HF9F_20260827_0900,2026-08-27 09:00:00
2026-03-28,111638587,987,0,1547.7789188200,-341.4566711432,-341.4566711432,0.4705882,41,41,0.50305418292682927,0.503054182927,-0.3786218213936614,-0.37862182139565326,-0.3786218213936614,-1.7073E-13,ELIGIBLE,R03b_20260811_FULL_v1,L1_ELIGIBILITY,v2026-08-11,2026-03-21..2026-08-06,baccarat_bet02_101_all_pairs_incl_sentinel,round_win = game_pnl > 0 (decisive only),COMPATIBILITY_ONLY_NOT_PRODUCTION,30263.5321,27079.0272,481.4923,918,917,-0.01590998,,-0.01590998,-0.01590998,-481.4923,30263.5321,OK,0.0000,19.2597,4.0000,96.0000,AG03-UNRESOLVED,ALL5_LEVELS_bet23_to_bet27,19.2597,19.2597,19.2597,0.0000,0.0000,4.000000,4.000000,4.000000,0.000000,0.000000,96.000000,96.000000,96.000000,100.000000,100.000000,5.0,57.7791,55.4987,423.7132,425.9936,PENDING_AG03,FALSE,NOT_FOR_ENFORCEMENT,462.2326,25995.8661,481.4923,462.2326,19.2597,0.01590998,0.01527358,19.2597,462.2326,0.01527358,19.2597,19.2597,19.2597,0.0000,0.0000,462.2326,0.01527358,57.7791,55.4987,423.7132,425.9936,0.01400079,0.01407614,0.00063640,32.9668,29.5300,0.5251,40.1244,5.8011,2521.9610,76.4167,,32.9668,15.7056,26.3317,39.4976,53.6607,78.9952,131.129,26.176,0.0,3.0,4.979886,1.251981,13,60,15,3,0E-8,0.01590998,,0E-8,0.000000,0.894774,0.006536,,2026-03-21,2026-04-10,12,83,53,21,0.571429,,,0.000000,,,,,,,,GLOBAL_BASELINE_NO_ENTITY_RANKING,,,NOT_APPLICABLE_GLOBAL_BASELINE,HF9g-P5,,,,X 全窗基线 · 不参与实体赏罚,8391579,840,A168_HF9F_20260827_0900,2026-08-27 09:00:00
2026-04-01,111638587,1017,0,48.4255163208,26.8957935241,26.8957935241,0.6666667,3,3,0.49771390000000000,0.497713900000,0.5852756695216578,0.5852756695216578,0.5852756695216578,0E-17,ELIGIBLE,R03b_20260811_FULL_v1,L1_ELIGIBILITY,v2026-08-11,2026-03-21..2026-08-06,baccarat_bet02_101_all_pairs_incl_sentinel,round_win = game_pnl > 0 (decisive only),COMPATIBILITY_ONLY_NOT_PRODUCTION,30263.5321,27079.0272,481.4923,918,917,-0.01590998,,-0.01590998,-0.01590998,-481.4923,30263.5321,OK,0.0000,19.2597,4.0000,96.0000,AG03-UNRESOLVED,ALL5_LEVELS_bet23_to_bet27,19.2597,19.2597,19.2597,0.0000,0.0000,4.000000,4.000000,4.000000,0.000000,0.000000,96.000000,96.000000,96.000000,100.000000,100.000000,5.0,57.7791,55.4987,423.7132,425.9936,PENDING_AG03,FALSE,NOT_FOR_ENFORCEMENT,462.2326,25995.8661,481.4923,462.2326,19.2597,0.01590998,0.01527358,19.2597,462.2326,0.01527358,19.2597,19.2597,19.2597,0.0000,0.0000,462.2326,0.01527358,57.7791,55.4987,423.7132,425.9936,0.01400079,0.01407614,0.00063640,32.9668,29.5300,0.5251,40.1244,5.8011,2521.9610,76.4167,,32.9668,15.7056,26.3317,39.4976,53.6607,78.9952,131.129,26.176,0.0,3.0,4.979886,1.251981,13,60,15,3,0E-8,0.01590998,,0E-8,0.000000,0.894774,0.006536,,2026-03-21,2026-04-10,12,83,53,21,0.571429,,,0.000000,,,,,,,,GLOBAL_BASELINE_NO_ENTITY_RANKING,,,NOT_APPLICABLE_GLOBAL_BASELINE,HF9g-P5,,,,X 全窗基线 · 不参与实体赏罚,8391580,840,A168_HF9F_20260827_0900,2026-08-27 09:00:00
2026-04-01,111638587,1299,0,413.5800853341,-13.0879773843,-13.0879773843,0.3750000,19,19,0.50241747894736842,0.502417478947,-1.0193517462486248,-1.019351746245674,-1.0193517462486248,3.6842E-13,ELIGIBLE,R03b_20260811_FULL_v1,L1_ELIGIBILITY,v2026-08-11,2026-03-21..2026-08-06,baccarat_bet02_101_all_pairs_incl_sentinel,round_win = game_pnl > 0 (decisive only),COMPATIBILITY_ONLY_NOT_PRODUCTION,30263.5321,27079.0272,481.4923,918,917,-0.01590998,,-0.01590998,-0.01590998,-481.4923,30263.5321,OK,0.0000,19.2597,4.0000,96.0000,AG03-UNRESOLVED,ALL5_LEVELS_bet23_to_bet27,19.2597,19.2597,19.2597,0.0000,0.0000,4.000000,4.000000,4.000000,0.000000,0.000000,96.000000,96.000000,96.000000,100.000000,100.000000,5.0,57.7791,55.4987,423.7132,425.9936,PENDING_AG03,FALSE,NOT_FOR_ENFORCEMENT,462.2326,25995.8661,481.4923,462.2326,19.2597,0.01590998,0.01527358,19.2597,462.2326,0.01527358,19.2597,19.2597,19.2597,0.0000,0.0000,462.2326,0.01527358,57.7791,55.4987,423.7132,425.9936,0.01400079,0.01407614,0.00063640,32.9668,29.5300,0.5251,40.1244,5.8011,2521.9610,76.4167,,32.9668,15.7056,26.3317,39.4976,53.6607,78.9952,131.129,26.176,0.0,3.0,4.979886,1.251981,13,60,15,3,0E-8,0.01590998,,0E-8,0.000000,0.894774,0.006536,,2026-03-21,2026-04-10,12,83,53,21,0.571429,,,0.000000,,,,,,,,GLOBAL_BASELINE_NO_ENTITY_RANKING,,,NOT_APPLICABLE_GLOBAL_BASELINE,HF9g-P5,,,,X 全窗基线 · 不参与实体赏罚,8391581,840,A168_HF9F_20260827_0900,2026-08-27 09:00:00
2026-04-01,111638587,1353,0,420.1240740259,120.0821924981,120.0821924981,0.7500000,23,23,0.50548503043478261,0.505485030435,1.9562374690583733,1.956237469056643,1.9562374690583733,-2.1739E-13,ELIGIBLE,R03b_20260811_FULL_v1,L1_ELIGIBILITY,v2026-08-11,2026-03-21..2026-08-06,baccarat_bet02_101_all_pairs_incl_sentinel,round_win = game_pnl > 0 (decisive only),COMPATIBILITY_ONLY_NOT_PRODUCTION,30263.5321,27079.0272,481.4923,918,917,-0.01590998,,-0.01590998,-0.01590998,-481.4923,30263.5321,OK,0.0000,19.2597,4.0000,96.0000,AG03-UNRESOLVED,ALL5_LEVELS_bet23_to_bet27,19.2597,19.2597,19.2597,0.0000,0.0000,4.000000,4.000000,4.000000,0.000000,0.000000,96.000000,96.000000,96.000000,100.000000,100.000000,5.0,57.7791,55.4987,423.7132,425.9936,PENDING_AG03,FALSE,NOT_FOR_ENFORCEMENT,462.2326,25995.8661,481.4923,462.2326,19.2597,0.01590998,0.01527358,19.2597,462.2326,0.01527358,19.2597,19.2597,19.2597,0.0000,0.0000,462.2326,0.01527358,57.7791,55.4987,423.7132,425.9936,0.01400079,0.01407614,0.00063640,32.9668,29.5300,0.5251,40.1244,5.8011,2521.9610,76.4167,,32.9668,15.7056,26.3317,39.4976,53.6607,78.9952,131.129,26.176,0.0,3.0,4.979886,1.251981,13,60,15,3,0E-8,0.01590998,,0E-8,0.000000,0.894774,0.006536,,2026-03-21,2026-04-10,12,83,53,21,0.571429,,,0.000000,,,,,,,,GLOBAL_BASELINE_NO_ENTITY_RANKING,,,NOT_APPLICABLE_GLOBAL_BASELINE,HF9g-P5,,,,X 全窗基线 · 不参与实体赏罚,8391582,840,A168_HF9F_20260827_0900,2026-08-27 09:00:00
2026-04-01,111638587,1714,0,376.9337486591,54.4459859173,54.4459859173,0.5000000,22,22,0.50116675454545455,0.501166754545,-0.010435798319653633,-0.01043579831558798,-0.010435798319653633,4.5455E-13,ELIGIBLE,R03b_20260811_FULL_v1,L1_ELIGIBILITY,v2026-08-11,2026-03-21..2026-08-06,baccarat_bet02_101_all_pairs_incl_sentinel,round_win = game_pnl > 0 (decisive only),COMPATIBILITY_ONLY_NOT_PRODUCTION,30263.5321,27079.0272,481.4923,918,917,-0.01590998,,-0.01590998,-0.01590998,-481.4923,30263.5321,OK,0.0000,19.2597,4.0000,96.0000,AG03-UNRESOLVED,ALL5_LEVELS_bet23_to_bet27,19.2597,19.2597,19.2597,0.0000,0.0000,4.000000,4.000000,4.000000,0.000000,0.000000,96.000000,96.000000,96.000000,100.000000,100.000000,5.0,57.7791,55.4987,423.7132,425.9936,PENDING_AG03,FALSE,NOT_FOR_ENFORCEMENT,462.2326,25995.8661,481.4923,462.2326,19.2597,0.01590998,0.01527358,19.2597,462.2326,0.01527358,19.2597,19.2597,19.2597,0.0000,0.0000,462.2326,0.01527358,57.7791,55.4987,423.7132,425.9936,0.01400079,0.01407614,0.00063640,32.9668,29.5300,0.5251,40.1244,5.8011,2521.9610,76.4167,,32.9668,15.7056,26.3317,39.4976,53.6607,78.9952,131.129,26.176,0.0,3.0,4.979886,1.251981,13,60,15,3,0E-8,0.01590998,,0E-8,0.000000,0.894774,0.006536,,2026-03-21,2026-04-10,12,83,53,21,0.571429,,,0.000000,,,,,,,,GLOBAL_BASELINE_NO_ENTITY_RANKING,,,NOT_APPLICABLE_GLOBAL_BASELINE,HF9g-P5,,,,X 全窗基线 · 不参与实体赏罚,8391583,840,A168_HF9F_20260827_0900,2026-08-27 09:00:00
2026-04-01,111638587,550,0,177.9964924224,39.9837709081,39.9837709081,0.6363636,12,12,0.50106520000000000,0.501065200000,0.8974703329135217,0.8974703329135217,0.8974703329135217,0E-17,ELIGIBLE,R03b_20260811_FULL_v1,L1_ELIGIBILITY,v2026-08-11,2026-03-21..2026-08-06,baccarat_bet02_101_all_pairs_incl_sentinel,round_win = game_pnl > 0 (decisive only),COMPATIBILITY_ONLY_NOT_PRODUCTION,30263.5321,27079.0272,481.4923,918,917,-0.01590998,,-0.01590998,-0.01590998,-481.4923,30263.5321,OK,0.0000,19.2597,4.0000,96.0000,AG03-UNRESOLVED,ALL5_LEVELS_bet23_to_bet27,19.2597,19.2597,19.2597,0.0000,0.0000,4.000000,4.000000,4.000000,0.000000,0.000000,96.000000,96.000000,96.000000,100.000000,100.000000,5.0,57.7791,55.4987,423.7132,425.9936,PENDING_AG03,FALSE,NOT_FOR_ENFORCEMENT,462.2326,25995.8661,481.4923,462.2326,19.2597,0.01590998,0.01527358,19.2597,462.2326,0.01527358,19.2597,19.2597,19.2597,0.0000,0.0000,462.2326,0.01527358,57.7791,55.4987,423.7132,425.9936,0.01400079,0.01407614,0.00063640,32.9668,29.5300,0.5251,40.1244,5.8011,2521.9610,76.4167,,32.9668,15.7056,26.3317,39.4976,53.6607,78.9952,131.129,26.176,0.0,3.0,4.979886,1.251981,13,60,15,3,0E-8,0.01590998,,0E-8,0.000000,0.894774,0.006536,,2026-03-21,2026-04-10,12,83,53,21,0.571429,,,0.000000,,,,,,,,GLOBAL_BASELINE_NO_ENTITY_RANKING,,,NOT_APPLICABLE_GLOBAL_BASELINE,HF9g-P5,,,,X 全窗基线 · 不参与实体赏罚,8391584,840,A168_HF9F_20260827_0900,2026-08-27 09:00:00
2026-04-01,111638587,752,0,290.0295788293,50.6242965211,50.6242965211,0.5000000,15,15,0.50128862000000000,0.501288620000,-0.00892785089678078,-0.00892785089678078,-0.00892785089678078,0E-17,ELIGIBLE,R03b_20260811_FULL_v1,L1_ELIGIBILITY,v2026-08-11,2026-03-21..2026-08-06,baccarat_bet02_101_all_pairs_incl_sentinel,round_win = game_pnl > 0 (decisive only),COMPATIBILITY_ONLY_NOT_PRODUCTION,30263.5321,27079.0272,481.4923,918,917,-0.01590998,,-0.01590998,-0.01590998,-481.4923,30263.5321,OK,0.0000,19.2597,4.0000,96.0000,AG03-UNRESOLVED,ALL5_LEVELS_bet23_to_bet27,19.2597,19.2597,19.2597,0.0000,0.0000,4.000000,4.000000,4.000000,0.000000,0.000000,96.000000,96.000000,96.000000,100.000000,100.000000,5.0,57.7791,55.4987,423.7132,425.9936,PENDING_AG03,FALSE,NOT_FOR_ENFORCEMENT,462.2326,25995.8661,481.4923,462.2326,19.2597,0.01590998,0.01527358,19.2597,462.2326,0.01527358,19.2597,19.2597,19.2597,0.0000,0.0000,462.2326,0.01527358,57.7791,55.4987,423.7132,425.9936,0.01400079,0.01407614,0.00063640,32.9668,29.5300,0.5251,40.1244,5.8011,2521.9610,76.4167,,32.9668,15.7056,26.3317,39.4976,53.6607,78.9952,131.129,26.176,0.0,3.0,4.979886,1.251981,13,60,15,3,0E-8,0.01590998,,0E-8,0.000000,0.894774,0.006536,,2026-03-21,2026-04-10,12,83,53,21,0.571429,,,0.000000,,,,,,,,GLOBAL_BASELINE_NO_ENTITY_RANKING,,,NOT_APPLICABLE_GLOBAL_BASELINE,HF9g-P5,,,,X 全窗基线 · 不参与实体赏罚,8391585,840,A168_HF9F_20260827_0900,2026-08-27 09:00:00
2026-04-04,111638587,1017,0,117.7917964559,65.4398869199,65.4398869199,0.7500000,4,4,0.49324550000000000,0.493245500000,1.0271117246678039,1.0271117246678039,1.0271117246678039,0E-17,ELIGIBLE,R03b_20260811_FULL_v1,L1_ELIGIBILITY,v2026-08-11,2026-03-21..2026-08-06,baccarat_bet02_101_all_pairs_incl_sentinel,round_win = game_pnl > 0 (decisive only),COMPATIBILITY_ONLY_NOT_PRODUCTION,30263.5321,27079.0272,481.4923,918,917,-0.01590998,,-0.01590998,-0.01590998,-481.4923,30263.5321,OK,0.0000,19.2597,4.0000,96.0000,AG03-UNRESOLVED,ALL5_LEVELS_bet23_to_bet27,19.2597,19.2597,19.2597,0.0000,0.0000,4.000000,4.000000,4.000000,0.000000,0.000000,96.000000,96.000000,96.000000,100.000000,100.000000,5.0,57.7791,55.4987,423.7132,425.9936,PENDING_AG03,FALSE,NOT_FOR_ENFORCEMENT,462.2326,25995.8661,481.4923,462.2326,19.2597,0.01590998,0.01527358,19.2597,462.2326,0.01527358,19.2597,19.2597,19.2597,0.0000,0.0000,462.2326,0.01527358,57.7791,55.4987,423.7132,425.9936,0.01400079,0.01407614,0.00063640,32.9668,29.5300,0.5251,40.1244,5.8011,2521.9610,76.4167,,32.9668,15.7056,26.3317,39.4976,53.6607,78.9952,131.129,26.176,0.0,3.0,4.979886,1.251981,13,60,15,3,0E-8,0.01590998,,0E-8,0.000000,0.894774,0.006536,,2026-03-21,2026-04-10,12,83,53,21,0.571429,,,0.000000,,,,,,,,GLOBAL_BASELINE_NO_ENTITY_RANKING,,,NOT_APPLICABLE_GLOBAL_BASELINE,HF9g-P5,,,,X 全窗基线 · 不参与实体赏罚,8391586,840,A168_HF9F_20260827_0900,2026-08-27 09:00:00
2026-04-04,111638587,1109,0,13.0879773840,-13.0879773840,-13.0879773840,0E-7,1,1,0.49324550000000000,0.493245500000,-0.9865810262130424,-0.9865810262130424,-0.9865810262130424,0E-17,ELIGIBLE,R03b_20260811_FULL_v1,L1_ELIGIBILITY,v2026-08-11,2026-03-21..2026-08-06,baccarat_bet02_101_all_pairs_incl_sentinel,round_win = game_pnl > 0 (decisive only),COMPATIBILITY_ONLY_NOT_PRODUCTION,30263.5321,27079.0272,481.4923,918,917,-0.01590998,,-0.01590998,-0.01590998,-481.4923,30263.5321,OK,0.0000,19.2597,4.0000,96.0000,AG03-UNRESOLVED,ALL5_LEVELS_bet23_to_bet27,19.2597,19.2597,19.2597,0.0000,0.0000,4.000000,4.000000,4.000000,0.000000,0.000000,96.000000,96.000000,96.000000,100.000000,100.000000,5.0,57.7791,55.4987,423.7132,425.9936,PENDING_AG03,FALSE,NOT_FOR_ENFORCEMENT,462.2326,25995.8661,481.4923,462.2326,19.2597,0.01590998,0.01527358,19.2597,462.2326,0.01527358,19.2597,19.2597,19.2597,0.0000,0.0000,462.2326,0.01527358,57.7791,55.4987,423.7132,425.9936,0.01400079,0.01407614,0.00063640,32.9668,29.5300,0.5251,40.1244,5.8011,2521.9610,76.4167,,32.9668,15.7056,26.3317,39.4976,53.6607,78.9952,131.129,26.176,0.0,3.0,4.979886,1.251981,13,60,15,3,0E-8,0.01590998,,0E-8,0.000000,0.894774,0.006536,,2026-03-21,2026-04-10,12,83,53,21,0.571429,,,0.000000,,,,,,,,GLOBAL_BASELINE_NO_ENTITY_RANKING,,,NOT_APPLICABLE_GLOBAL_BASELINE,HF9g-P5,,,,X 全窗基线 · 不参与实体赏罚,8391587,840,A168_HF9F_20260827_0900,2026-08-27 09:00:00
2026-04-04,111638587,1157,0,26.1759547680,24.8671570296,24.8671570296,1.0000000,1,1,0.50665070000000000,0.506650700000,0.9867858985152569,0.9867858985152569,0.9867858985152569,0E-17,ELIGIBLE,R03b_20260811_FULL_v1,L1_ELIGIBILITY,v2026-08-11,2026-03-21..2026-08-06,baccarat_bet02_101_all_pairs_incl_sentinel,round_win = game_pnl > 0 (decisive only),COMPATIBILITY_ONLY_NOT_PRODUCTION,30263.5321,27079.0272,481.4923,918,917,-0.01590998,,-0.01590998,-0.01590998,-481.4923,30263.5321,OK,0.0000,19.2597,4.0000,96.0000,AG03-UNRESOLVED,ALL5_LEVELS_bet23_to_bet27,19.2597,19.2597,19.2597,0.0000,0.0000,4.000000,4.000000,4.000000,0.000000,0.000000,96.000000,96.000000,96.000000,100.000000,100.000000,5.0,57.7791,55.4987,423.7132,425.9936,PENDING_AG03,FALSE,NOT_FOR_ENFORCEMENT,462.2326,25995.8661,481.4923,462.2326,19.2597,0.01590998,0.01527358,19.2597,462.2326,0.01527358,19.2597,19.2597,19.2597,0.0000,0.0000,462.2326,0.01527358,57.7791,55.4987,423.7132,425.9936,0.01400079,0.01407614,0.00063640,32.9668,29.5300,0.5251,40.1244,5.8011,2521.9610,76.4167,,32.9668,15.7056,26.3317,39.4976,53.6607,78.9952,131.129,26.176,0.0,3.0,4.979886,1.251981,13,60,15,3,0E-8,0.01590998,,0E-8,0.000000,0.894774,0.006536,,2026-03-21,2026-04-10,12,83,53,21,0.571429,,,0.000000,,,,,,,,GLOBAL_BASELINE_NO_ENTITY_RANKING,,,NOT_APPLICABLE_GLOBAL_BASELINE,HF9g-P5,,,,X 全窗基线 · 不参与实体赏罚,8391588,840,A168_HF9F_20260827_0900,2026-08-27 09:00:00
2026-04-04,111638587,1205,0,52.3519095359,49.7343140591,49.7343140591,1.0000000,1,1,0.50665070000000000,0.506650700000,0.9867858985152569,0.9867858985152569,0.9867858985152569,0E-17,ELIGIBLE,R03b_20260811_FULL_v1,L1_ELIGIBILITY,v2026-08-11,2026-03-21..2026-08-06,baccarat_bet02_101_all_pairs_incl_sentinel,round_win = game_pnl > 0 (decisive only),COMPATIBILITY_ONLY_NOT_PRODUCTION,30263.5321,27079.0272,481.4923,918,917,-0.01590998,,-0.01590998,-0.01590998,-481.4923,30263.5321,OK,0.0000,19.2597,4.0000,96.0000,AG03-UNRESOLVED,ALL5_LEVELS_bet23_to_bet27,19.2597,19.2597,19.2597,0.0000,0.0000,4.000000,4.000000,4.000000,0.000000,0.000000,96.000000,96.000000,96.000000,100.000000,100.000000,5.0,57.7791,55.4987,423.7132,425.9936,PENDING_AG03,FALSE,NOT_FOR_ENFORCEMENT,462.2326,25995.8661,481.4923,462.2326,19.2597,0.01590998,0.01527358,19.2597,462.2326,0.01527358,19.2597,19.2597,19.2597,0.0000,0.0000,462.2326,0.01527358,57.7791,55.4987,423.7132,425.9936,0.01400079,0.01407614,0.00063640,32.9668,29.5300,0.5251,40.1244,5.8011,2521.9610,76.4167,,32.9668,15.7056,26.3317,39.4976,53.6607,78.9952,131.129,26.176,0.0,3.0,4.979886,1.251981,13,60,15,3,0E-8,0.01590998,,0E-8,0.000000,0.894774,0.006536,,2026-03-21,2026-04-10,12,83,53,21,0.571429,,,0.000000,,,,,,,,GLOBAL_BASELINE_NO_ENTITY_RANKING,,,NOT_APPLICABLE_GLOBAL_BASELINE,HF9g-P5,,,,X 全窗基线 · 不参与实体赏罚,8391589,840,A168_HF9F_20260827_0900,2026-08-27 09:00:00
2026-04-04,111638587,1304,0,969.8191241530,-28.5972305842,-28.5972305842,0.3888889,22,22,0.50299473636363636,0.502994736364,-0.9682375895977987,-0.9682375896008883,-0.9682375895977987,-3.6364E-13,ELIGIBLE,R03b_20260811_FULL_v1,L1_ELIGIBILITY,v2026-08-11,2026-03-21..2026-08-06,baccarat_bet02_101_all_pairs_incl_sentinel,round_win = game_pnl > 0 (decisive only),COMPATIBILITY_ONLY_NOT_PRODUCTION,30263.5321,27079.0272,481.4923,918,917,-0.01590998,,-0.01590998,-0.01590998,-481.4923,30263.5321,OK,0.0000,19.2597,4.0000,96.0000,AG03-UNRESOLVED,ALL5_LEVELS_bet23_to_bet27,19.2597,19.2597,19.2597,0.0000,0.0000,4.000000,4.000000,4.000000,0.000000,0.000000,96.000000,96.000000,96.000000,100.000000,100.000000,5.0,57.7791,55.4987,423.7132,425.9936,PENDING_AG03,FALSE,NOT_FOR_ENFORCEMENT,462.2326,25995.8661,481.4923,462.2326,19.2597,0.01590998,0.01527358,19.2597,462.2326,0.01527358,19.2597,19.2597,19.2597,0.0000,0.0000,462.2326,0.01527358,57.7791,55.4987,423.7132,425.9936,0.01400079,0.01407614,0.00063640,32.9668,29.5300,0.5251,40.1244,5.8011,2521.9610,76.4167,,32.9668,15.7056,26.3317,39.4976,53.6607,78.9952,131.129,26.176,0.0,3.0,4.979886,1.251981,13,60,15,3,0E-8,0.01590998,,0E-8,0.000000,0.894774,0.006536,,2026-03-21,2026-04-10,12,83,53,21,0.571429,,,0.000000,,,,,,,,GLOBAL_BASELINE_NO_ENTITY_RANKING,,,NOT_APPLICABLE_GLOBAL_BASELINE,HF9g-P5,,,,X 全窗基线 · 不参与实体赏罚,8391590,840,A168_HF9F_20260827_0900,2026-08-27 09:00:00
2026-04-04,111638587,1318,0,205.4812449285,88.0166479073,88.0166479073,0.6666667,3,3,0.50218230000000000,0.502182300000,0.5697959874915163,0.5697959874915164,0.5697959874915163,0E-17,ELIGIBLE,R03b_20260811_FULL_v1,L1_ELIGIBILITY,v2026-08-11,2026-03-21..2026-08-06,baccarat_bet02_101_all_pairs_incl_sentinel,round_win = game_pnl > 0 (decisive only),COMPATIBILITY_ONLY_NOT_PRODUCTION,30263.5321,27079.0272,481.4923,918,917,-0.01590998,,-0.01590998,-0.01590998,-481.4923,30263.5321,OK,0.0000,19.2597,4.0000,96.0000,AG03-UNRESOLVED,ALL5_LEVELS_bet23_to_bet27,19.2597,19.2597,19.2597,0.0000,0.0000,4.000000,4.000000,4.000000,0.000000,0.000000,96.000000,96.000000,96.000000,100.000000,100.000000,5.0,57.7791,55.4987,423.7132,425.9936,PENDING_AG03,FALSE,NOT_FOR_ENFORCEMENT,462.2326,25995.8661,481.4923,462.2326,19.2597,0.01590998,0.01527358,19.2597,462.2326,0.01527358,19.2597,19.2597,19.2597,0.0000,0.0000,462.2326,0.01527358,57.7791,55.4987,423.7132,425.9936,0.01400079,0.01407614,0.00063640,32.9668,29.5300,0.5251,40.1244,5.8011,2521.9610,76.4167,,32.9668,15.7056,26.3317,39.4976,53.6607,78.9952,131.129,26.176,0.0,3.0,4.979886,1.251981,13,60,15,3,0E-8,0.01590998,,0E-8,0.000000,0.894774,0.006536,,2026-03-21,2026-04-10,12,83,53,21,0.571429,,,0.000000,,,,,,,,GLOBAL_BASELINE_NO_ENTITY_RANKING,,,NOT_APPLICABLE_GLOBAL_BASELINE,HF9g-P5,,,,X 全窗基线 · 不参与实体赏罚,8391591,840,A168_HF9F_20260827_0900,2026-08-27 09:00:00
2026-04-04,111638587,1353,0,570.6358139417,23.4274795171,23.4274795171,0.4000000,15,15,0.49592654000000000,0.495926540000,-0.7430684437506642,-0.7430684437506642,-0.7430684437506642,0E-17,ELIGIBLE,R03b_20260811_FULL_v1,L1_ELIGIBILITY,v2026-08-11,2026-03-21..2026-08-06,baccarat_bet02_101_all_pairs_incl_sentinel,round_win = game_pnl > 0 (decisive only),COMPATIBILITY_ONLY_NOT_PRODUCTION,30263.5321,27079.0272,481.4923,918,917,-0.01590998,,-0.01590998,-0.01590998,-481.4923,30263.5321,OK,0.0000,19.2597,4.0000,96.0000,AG03-UNRESOLVED,ALL5_LEVELS_bet23_to_bet27,19.2597,19.2597,19.2597,0.0000,0.0000,4.000000,4.000000,4.000000,0.000000,0.000000,96.000000,96.000000,96.000000,100.000000,100.000000,5.0,57.7791,55.4987,423.7132,425.9936,PENDING_AG03,FALSE,NOT_FOR_ENFORCEMENT,462.2326,25995.8661,481.4923,462.2326,19.2597,0.01590998,0.01527358,19.2597,462.2326,0.01527358,19.2597,19.2597,19.2597,0.0000,0.0000,462.2326,0.01527358,57.7791,55.4987,423.7132,425.9936,0.01400079,0.01407614,0.00063640,32.9668,29.5300,0.5251,40.1244,5.8011,2521.9610,76.4167,,32.9668,15.7056,26.3317,39.4976,53.6607,78.9952,131.129,26.176,0.0,3.0,4.979886,1.251981,13,60,15,3,0E-8,0.01590998,,0E-8,0.000000,0.894774,0.006536,,2026-03-21,2026-04-10,12,83,53,21,0.571429,,,0.000000,,,,,,,,GLOBAL_BASELINE_NO_ENTITY_RANKING,,,NOT_APPLICABLE_GLOBAL_BASELINE,HF9g-P5,,,,X 全窗基线 · 不参与实体赏罚,8391592,840,A168_HF9F_20260827_0900,2026-08-27 09:00:00
2026-04-04,111638587,1363,0,421.4328717643,311.2321021911,311.2321021911,0.8461538,13,13,0.50046368461538462,0.500463684615,2.4928082776255582,2.49280827762833,2.4928082776255582,3.8462E-13,ELIGIBLE,R03b_20260811_FULL_v1,L1_ELIGIBILITY,v2026-08-11,2026-03-21..2026-08-06,baccarat_bet02_101_all_pairs_incl_sentinel,round_win = game_pnl > 0 (decisive only),COMPATIBILITY_ONLY_NOT_PRODUCTION,30263.5321,27079.0272,481.4923,918,917,-0.01590998,,-0.01590998,-0.01590998,-481.4923,30263.5321,OK,0.0000,19.2597,4.0000,96.0000,AG03-UNRESOLVED,ALL5_LEVELS_bet23_to_bet27,19.2597,19.2597,19.2597,0.0000,0.0000,4.000000,4.000000,4.000000,0.000000,0.000000,96.000000,96.000000,96.000000,100.000000,100.000000,5.0,57.7791,55.4987,423.7132,425.9936,PENDING_AG03,FALSE,NOT_FOR_ENFORCEMENT,462.2326,25995.8661,481.4923,462.2326,19.2597,0.01590998,0.01527358,19.2597,462.2326,0.01527358,19.2597,19.2597,19.2597,0.0000,0.0000,462.2326,0.01527358,57.7791,55.4987,423.7132,425.9936,0.01400079,0.01407614,0.00063640,32.9668,29.5300,0.5251,40.1244,5.8011,2521.9610,76.4167,,32.9668,15.7056,26.3317,39.4976,53.6607,78.9952,131.129,26.176,0.0,3.0,4.979886,1.251981,13,60,15,3,0E-8,0.01590998,,0E-8,0.000000,0.894774,0.006536,,2026-03-21,2026-04-10,12,83,53,21,0.571429,,,0.000000,,,,,,,,GLOBAL_BASELINE_NO_ENTITY_RANKING,,,NOT_APPLICABLE_GLOBAL_BASELINE,HF9g-P5,,,,X 全窗基线 · 不参与实体赏罚,8391593,840,A168_HF9F_20260827_0900,2026-08-27 09:00:00
2026-04-04,111638587,1702,0,92.9246394263,40.5727298903,40.5727298903,0.6666667,3,3,0.49324550000000000,0.493245500000,0.6008033672792107,0.6008033672792106,0.6008033672792107,0E-17,ELIGIBLE,R03b_20260811_FULL_v1,L1_ELIGIBILITY,v2026-08-11,2026-03-21..2026-08-06,baccarat_bet02_101_all_pairs_incl_sentinel,round_win = game_pnl > 0 (decisive only),COMPATIBILITY_ONLY_NOT_PRODUCTION,30263.5321,27079.0272,481.4923,918,917,-0.01590998,,-0.01590998,-0.01590998,-481.4923,30263.5321,OK,0.0000,19.2597,4.0000,96.0000,AG03-UNRESOLVED,ALL5_LEVELS_bet23_to_bet27,19.2597,19.2597,19.2597,0.0000,0.0000,4.000000,4.000000,4.000000,0.000000,0.000000,96.000000,96.000000,96.000000,100.000000,100.000000,5.0,57.7791,55.4987,423.7132,425.9936,PENDING_AG03,FALSE,NOT_FOR_ENFORCEMENT,462.2326,25995.8661,481.4923,462.2326,19.2597,0.01590998,0.01527358,19.2597,462.2326,0.01527358,19.2597,19.2597,19.2597,0.0000,0.0000,462.2326,0.01527358,57.7791,55.4987,423.7132,425.9936,0.01400079,0.01407614,0.00063640,32.9668,29.5300,0.5251,40.1244,5.8011,2521.9610,76.4167,,32.9668,15.7056,26.3317,39.4976,53.6607,78.9952,131.129,26.176,0.0,3.0,4.979886,1.251981,13,60,15,3,0E-8,0.01590998,,0E-8,0.000000,0.894774,0.006536,,2026-03-21,2026-04-10,12,83,53,21,0.571429,,,0.000000,,,,,,,,GLOBAL_BASELINE_NO_ENTITY_RANKING,,,NOT_APPLICABLE_GLOBAL_BASELINE,HF9g-P5,,,,X 全窗基线 · 不参与实体赏罚,8391594,840,A168_HF9F_20260827_0900,2026-08-27 09:00:00
2026-04-04,111638587,1941,0,735.5443289799,-44.1064837842,-44.1064837842,0.3888889,21,20,0.49857040624999484,0.493171152500,-0.9306823405124618,-0.8849468886685361,-0.9306823405124618,0.00539925374999484,ELIGIBLE,R03b_20260811_FULL_v1,L1_ELIGIBILITY,v2026-08-11,2026-03-21..2026-08-06,baccarat_bet02_101_all_pairs_incl_sentinel,round_win = game_pnl > 0 (decisive only),COMPATIBILITY_ONLY_NOT_PRODUCTION,30263.5321,27079.0272,481.4923,918,917,-0.01590998,,-0.01590998,-0.01590998,-481.4923,30263.5321,OK,0.0000,19.2597,4.0000,96.0000,AG03-UNRESOLVED,ALL5_LEVELS_bet23_to_bet27,19.2597,19.2597,19.2597,0.0000,0.0000,4.000000,4.000000,4.000000,0.000000,0.000000,96.000000,96.000000,96.000000,100.000000,100.000000,5.0,57.7791,55.4987,423.7132,425.9936,PENDING_AG03,FALSE,NOT_FOR_ENFORCEMENT,462.2326,25995.8661,481.4923,462.2326,19.2597,0.01590998,0.01527358,19.2597,462.2326,0.01527358,19.2597,19.2597,19.2597,0.0000,0.0000,462.2326,0.01527358,57.7791,55.4987,423.7132,425.9936,0.01400079,0.01407614,0.00063640,32.9668,29.5300,0.5251,40.1244,5.8011,2521.9610,76.4167,,32.9668,15.7056,26.3317,39.4976,53.6607,78.9952,131.129,26.176,0.0,3.0,4.979886,1.251981,13,60,15,3,0E-8,0.01590998,,0E-8,0.000000,0.894774,0.006536,,2026-03-21,2026-04-10,12,83,53,21,0.571429,,,0.000000,,,,,,,,GLOBAL_BASELINE_NO_ENTITY_RANKING,,,NOT_APPLICABLE_GLOBAL_BASELINE,HF9g-P5,,,,X 全窗基线 · 不参与实体赏罚,8391595,840,A168_HF9F_20260827_0900,2026-08-27 09:00:00
2026-04-04,111638587,1947,0,308.8762662618,-99.4686281182,-99.4686281182,0.4000000,5,5,0.49592654000000000,0.495926540000,-0.42901076602576227,-0.42901076602576227,-0.42901076602576227,0E-17,ELIGIBLE,R03b_20260811_FULL_v1,L1_ELIGIBILITY,v2026-08-11,2026-03-21..2026-08-06,baccarat_bet02_101_all_pairs_incl_sentinel,round_win = game_pnl > 0 (decisive only),COMPATIBILITY_ONLY_NOT_PRODUCTION,30263.5321,27079.0272,481.4923,918,917,-0.01590998,,-0.01590998,-0.01590998,-481.4923,30263.5321,OK,0.0000,19.2597,4.0000,96.0000,AG03-UNRESOLVED,ALL5_LEVELS_bet23_to_bet27,19.2597,19.2597,19.2597,0.0000,0.0000,4.000000,4.000000,4.000000,0.000000,0.000000,96.000000,96.000000,96.000000,100.000000,100.000000,5.0,57.7791,55.4987,423.7132,425.9936,PENDING_AG03,FALSE,NOT_FOR_ENFORCEMENT,462.2326,25995.8661,481.4923,462.2326,19.2597,0.01590998,0.01527358,19.2597,462.2326,0.01527358,19.2597,19.2597,19.2597,0.0000,0.0000,462.2326,0.01527358,57.7791,55.4987,423.7132,425.9936,0.01400079,0.01407614,0.00063640,32.9668,29.5300,0.5251,40.1244,5.8011,2521.9610,76.4167,,32.9668,15.7056,26.3317,39.4976,53.6607,78.9952,131.129,26.176,0.0,3.0,4.979886,1.251981,13,60,15,3,0E-8,0.01590998,,0E-8,0.000000,0.894774,0.006536,,2026-03-21,2026-04-10,12,83,53,21,0.571429,,,0.000000,,,,,,,,GLOBAL_BASELINE_NO_ENTITY_RANKING,,,NOT_APPLICABLE_GLOBAL_BASELINE,HF9g-P5,,,,X 全窗基线 · 不参与实体赏罚,8391596,840,A168_HF9F_20260827_0900,2026-08-27 09:00:00
2026-04-04,111638587,1963,0,547.0774546503,-123.0269874094,-123.0269874094,0.4000000,12,12,0.49994810000000000,0.499948100000,-0.6321272910179592,-0.6321272910179592,-0.6321272910179592,0E-17,ELIGIBLE,R03b_20260811_FULL_v1,L1_ELIGIBILITY,v2026-08-11,2026-03-21..2026-08-06,baccarat_bet02_101_all_pairs_incl_sentinel,round_win = game_pnl > 0 (decisive only),COMPATIBILITY_ONLY_NOT_PRODUCTION,30263.5321,27079.0272,481.4923,918,917,-0.01590998,,-0.01590998,-0.01590998,-481.4923,30263.5321,OK,0.0000,19.2597,4.0000,96.0000,AG03-UNRESOLVED,ALL5_LEVELS_bet23_to_bet27,19.2597,19.2597,19.2597,0.0000,0.0000,4.000000,4.000000,4.000000,0.000000,0.000000,96.000000,96.000000,96.000000,100.000000,100.000000,5.0,57.7791,55.4987,423.7132,425.9936,PENDING_AG03,FALSE,NOT_FOR_ENFORCEMENT,462.2326,25995.8661,481.4923,462.2326,19.2597,0.01590998,0.01527358,19.2597,462.2326,0.01527358,19.2597,19.2597,19.2597,0.0000,0.0000,462.2326,0.01527358,57.7791,55.4987,423.7132,425.9936,0.01400079,0.01407614,0.00063640,32.9668,29.5300,0.5251,40.1244,5.8011,2521.9610,76.4167,,32.9668,15.7056,26.3317,39.4976,53.6607,78.9952,131.129,26.176,0.0,3.0,4.979886,1.251981,13,60,15,3,0E-8,0.01590998,,0E-8,0.000000,0.894774,0.006536,,2026-03-21,2026-04-10,12,83,53,21,0.571429,,,0.000000,,,,,,,,GLOBAL_BASELINE_NO_ENTITY_RANKING,,,NOT_APPLICABLE_GLOBAL_BASELINE,HF9g-P5,,,,X 全窗基线 · 不参与实体赏罚,8391597,840,A168_HF9F_20260827_0900,2026-08-27 09:00:00
2026-04-04,111638587,2127,0,54.9695050126,-1.3742376253,-1.3742376253,0.5000000,2,2,0.50665070000000000,0.506650700000,-0.018812684590367487,-0.018812684590367487,-0.018812684590367487,0E-17,ELIGIBLE,R03b_20260811_FULL_v1,L1_ELIGIBILITY,v2026-08-11,2026-03-21..2026-08-06,baccarat_bet02_101_all_pairs_incl_sentinel,round_win = game_pnl > 0 (decisive only),COMPATIBILITY_ONLY_NOT_PRODUCTION,30263.5321,27079.0272,481.4923,918,917,-0.01590998,,-0.01590998,-0.01590998,-481.4923,30263.5321,OK,0.0000,19.2597,4.0000,96.0000,AG03-UNRESOLVED,ALL5_LEVELS_bet23_to_bet27,19.2597,19.2597,19.2597,0.0000,0.0000,4.000000,4.000000,4.000000,0.000000,0.000000,96.000000,96.000000,96.000000,100.000000,100.000000,5.0,57.7791,55.4987,423.7132,425.9936,PENDING_AG03,FALSE,NOT_FOR_ENFORCEMENT,462.2326,25995.8661,481.4923,462.2326,19.2597,0.01590998,0.01527358,19.2597,462.2326,0.01527358,19.2597,19.2597,19.2597,0.0000,0.0000,462.2326,0.01527358,57.7791,55.4987,423.7132,425.9936,0.01400079,0.01407614,0.00063640,32.9668,29.5300,0.5251,40.1244,5.8011,2521.9610,76.4167,,32.9668,15.7056,26.3317,39.4976,53.6607,78.9952,131.129,26.176,0.0,3.0,4.979886,1.251981,13,60,15,3,0E-8,0.01590998,,0E-8,0.000000,0.894774,0.006536,,2026-03-21,2026-04-10,12,83,53,21,0.571429,,,0.000000,,,,,,,,GLOBAL_BASELINE_NO_ENTITY_RANKING,,,NOT_APPLICABLE_GLOBAL_BASELINE,HF9g-P5,,,,X 全窗基线 · 不参与实体赏罚,8391598,840,A168_HF9F_20260827_0900,2026-08-27 09:00:00
2026-04-04,111638587,2174,0,884.7472711573,27.4847525064,27.4847525064,0.4705882,18,18,0.50143756666666667,0.501437566667,-0.2543911549080372,-0.25439115491078645,-0.2543911549080372,-3.3333E-13,ELIGIBLE,R03b_20260811_FULL_v1,L1_ELIGIBILITY,v2026-08-11,2026-03-21..2026-08-06,baccarat_bet02_101_all_pairs_incl_sentinel,round_win = game_pnl > 0 (decisive only),COMPATIBILITY_ONLY_NOT_PRODUCTION,30263.5321,27079.0272,481.4923,918,917,-0.01590998,,-0.01590998,-0.01590998,-481.4923,30263.5321,OK,0.0000,19.2597,4.0000,96.0000,AG03-UNRESOLVED,ALL5_LEVELS_bet23_to_bet27,19.2597,19.2597,19.2597,0.0000,0.0000,4.000000,4.000000,4.000000,0.000000,0.000000,96.000000,96.000000,96.000000,100.000000,100.000000,5.0,57.7791,55.4987,423.7132,425.9936,PENDING_AG03,FALSE,NOT_FOR_ENFORCEMENT,462.2326,25995.8661,481.4923,462.2326,19.2597,0.01590998,0.01527358,19.2597,462.2326,0.01527358,19.2597,19.2597,19.2597,0.0000,0.0000,462.2326,0.01527358,57.7791,55.4987,423.7132,425.9936,0.01400079,0.01407614,0.00063640,32.9668,29.5300,0.5251,40.1244,5.8011,2521.9610,76.4167,,32.9668,15.7056,26.3317,39.4976,53.6607,78.9952,131.129,26.176,0.0,3.0,4.979886,1.251981,13,60,15,3,0E-8,0.01590998,,0E-8,0.000000,0.894774,0.006536,,2026-03-21,2026-04-10,12,83,53,21,0.571429,,,0.000000,,,,,,,,GLOBAL_BASELINE_NO_ENTITY_RANKING,,,NOT_APPLICABLE_GLOBAL_BASELINE,HF9g-P5,,,,X 全窗基线 · 不参与实体赏罚,8391599,840,A168_HF9F_20260827_0900,2026-08-27 09:00:00
2026-04-04,111638587,2241,0,147.8941444390,-8.5071852998,-8.5071852998,0.4000000,5,5,0.50128862000000000,0.501288620000,-0.4529779837142727,-0.4529779837142727,-0.4529779837142727,0E-17,ELIGIBLE,R03b_20260811_FULL_v1,L1_ELIGIBILITY,v2026-08-11,2026-03-21..2026-08-06,baccarat_bet02_101_all_pairs_incl_sentinel,round_win = game_pnl > 0 (decisive only),COMPATIBILITY_ONLY_NOT_PRODUCTION,30263.5321,27079.0272,481.4923,918,917,-0.01590998,,-0.01590998,-0.01590998,-481.4923,30263.5321,OK,0.0000,19.2597,4.0000,96.0000,AG03-UNRESOLVED,ALL5_LEVELS_bet23_to_bet27,19.2597,19.2597,19.2597,0.0000,0.0000,4.000000,4.000000,4.000000,0.000000,0.000000,96.000000,96.000000,96.000000,100.000000,100.000000,5.0,57.7791,55.4987,423.7132,425.9936,PENDING_AG03,FALSE,NOT_FOR_ENFORCEMENT,462.2326,25995.8661,481.4923,462.2326,19.2597,0.01590998,0.01527358,19.2597,462.2326,0.01527358,19.2597,19.2597,19.2597,0.0000,0.0000,462.2326,0.01527358,57.7791,55.4987,423.7132,425.9936,0.01400079,0.01407614,0.00063640,32.9668,29.5300,0.5251,40.1244,5.8011,2521.9610,76.4167,,32.9668,15.7056,26.3317,39.4976,53.6607,78.9952,131.129,26.176,0.0,3.0,4.979886,1.251981,13,60,15,3,0E-8,0.01590998,,0E-8,0.000000,0.894774,0.006536,,2026-03-21,2026-04-10,12,83,53,21,0.571429,,,0.000000,,,,,,,,GLOBAL_BASELINE_NO_ENTITY_RANKING,,,NOT_APPLICABLE_GLOBAL_BASELINE,HF9g-P5,,,,X 全窗基线 · 不参与实体赏罚,8391600,840,A168_HF9F_20260827_0900,2026-08-27 09:00:00
2026-04-04,111638587,462,0,1154.3596052668,-188.7286338768,-188.7286338768,0.4545455,23,23,0.50606786521739130,0.506067865217,-0.48335864886298,-0.48335864885930446,-0.48335864886298,3.9130E-13,ELIGIBLE,R03b_20260811_FULL_v1,L1_ELIGIBILITY,v2026-08-11,2026-03-21..2026-08-06,baccarat_bet02_101_all_pairs_incl_sentinel,round_win = game_pnl > 0 (decisive only),COMPATIBILITY_ONLY_NOT_PRODUCTION,30263.5321,27079.0272,481.4923,918,917,-0.01590998,,-0.01590998,-0.01590998,-481.4923,30263.5321,OK,0.0000,19.2597,4.0000,96.0000,AG03-UNRESOLVED,ALL5_LEVELS_bet23_to_bet27,19.2597,19.2597,19.2597,0.0000,0.0000,4.000000,4.000000,4.000000,0.000000,0.000000,96.000000,96.000000,96.000000,100.000000,100.000000,5.0,57.7791,55.4987,423.7132,425.9936,PENDING_AG03,FALSE,NOT_FOR_ENFORCEMENT,462.2326,25995.8661,481.4923,462.2326,19.2597,0.01590998,0.01527358,19.2597,462.2326,0.01527358,19.2597,19.2597,19.2597,0.0000,0.0000,462.2326,0.01527358,57.7791,55.4987,423.7132,425.9936,0.01400079,0.01407614,0.00063640,32.9668,29.5300,0.5251,40.1244,5.8011,2521.9610,76.4167,,32.9668,15.7056,26.3317,39.4976,53.6607,78.9952,131.129,26.176,0.0,3.0,4.979886,1.251981,13,60,15,3,0E-8,0.01590998,,0E-8,0.000000,0.894774,0.006536,,2026-03-21,2026-04-10,12,83,53,21,0.571429,,,0.000000,,,,,,,,GLOBAL_BASELINE_NO_ENTITY_RANKING,,,NOT_APPLICABLE_GLOBAL_BASELINE,HF9g-P5,,,,X 全窗基线 · 不参与实体赏罚,8391601,840,A168_HF9F_20260827_0900,2026-08-27 09:00:00
2026-04-04,111638587,583,0,257.8331544644,20.3518048321,20.3518048321,0.5000000,6,6,0.50665070000000000,0.506650700000,-0.032584525537284574,-0.032584525537284574,-0.032584525537284574,0E-17,ELIGIBLE,R03b_20260811_FULL_v1,L1_ELIGIBILITY,v2026-08-11,2026-03-21..2026-08-06,baccarat_bet02_101_all_pairs_incl_sentinel,round_win = game_pnl > 0 (decisive only),COMPATIBILITY_ONLY_NOT_PRODUCTION,30263.5321,27079.0272,481.4923,918,917,-0.01590998,,-0.01590998,-0.01590998,-481.4923,30263.5321,OK,0.0000,19.2597,4.0000,96.0000,AG03-UNRESOLVED,ALL5_LEVELS_bet23_to_bet27,19.2597,19.2597,19.2597,0.0000,0.0000,4.000000,4.000000,4.000000,0.000000,0.000000,96.000000,96.000000,96.000000,100.000000,100.000000,5.0,57.7791,55.4987,423.7132,425.9936,PENDING_AG03,FALSE,NOT_FOR_ENFORCEMENT,462.2326,25995.8661,481.4923,462.2326,19.2597,0.01590998,0.01527358,19.2597,462.2326,0.01527358,19.2597,19.2597,19.2597,0.0000,0.0000,462.2326,0.01527358,57.7791,55.4987,423.7132,425.9936,0.01400079,0.01407614,0.00063640,32.9668,29.5300,0.5251,40.1244,5.8011,2521.9610,76.4167,,32.9668,15.7056,26.3317,39.4976,53.6607,78.9952,131.129,26.176,0.0,3.0,4.979886,1.251981,13,60,15,3,0E-8,0.01590998,,0E-8,0.000000,0.894774,0.006536,,2026-03-21,2026-04-10,12,83,53,21,0.571429,,,0.000000,,,,,,,,GLOBAL_BASELINE_NO_ENTITY_RANKING,,,NOT_APPLICABLE_GLOBAL_BASELINE,HF9g-P5,,,,X 全窗基线 · 不参与实体赏罚,8391602,840,A168_HF9F_20260827_0900,2026-08-27 09:00:00
2026-04-04,111638587,925,0,234.2747951734,27.4847525064,27.4847525064,0.5000000,6,6,0.49771390000000000,0.497713900000,0.011199674067230152,0.011199674067230152,0.011199674067230152,0E-17,ELIGIBLE,R03b_20260811_FULL_v1,L1_ELIGIBILITY,v2026-08-11,2026-03-21..2026-08-06,baccarat_bet02_101_all_pairs_incl_sentinel,round_win = game_pnl > 0 (decisive only),COMPATIBILITY_ONLY_NOT_PRODUCTION,30263.5321,27079.0272,481.4923,918,917,-0.01590998,,-0.01590998,-0.01590998,-481.4923,30263.5321,OK,0.0000,19.2597,4.0000,96.0000,AG03-UNRESOLVED,ALL5_LEVELS_bet23_to_bet27,19.2597,19.2597,19.2597,0.0000,0.0000,4.000000,4.000000,4.000000,0.000000,0.000000,96.000000,96.000000,96.000000,100.000000,100.000000,5.0,57.7791,55.4987,423.7132,425.9936,PENDING_AG03,FALSE,NOT_FOR_ENFORCEMENT,462.2326,25995.8661,481.4923,462.2326,19.2597,0.01590998,0.01527358,19.2597,462.2326,0.01527358,19.2597,19.2597,19.2597,0.0000,0.0000,462.2326,0.01527358,57.7791,55.4987,423.7132,425.9936,0.01400079,0.01407614,0.00063640,32.9668,29.5300,0.5251,40.1244,5.8011,2521.9610,76.4167,,32.9668,15.7056,26.3317,39.4976,53.6607,78.9952,131.129,26.176,0.0,3.0,4.979886,1.251981,13,60,15,3,0E-8,0.01590998,,0E-8,0.000000,0.894774,0.006536,,2026-03-21,2026-04-10,12,83,53,21,0.571429,,,0.000000,,,,,,,,GLOBAL_BASELINE_NO_ENTITY_RANKING,,,NOT_APPLICABLE_GLOBAL_BASELINE,HF9g-P5,,,,X 全窗基线 · 不参与实体赏罚,8391603,840,A168_HF9F_20260827_0900,2026-08-27 09:00:00
2026-04-04,111638587,987,0,140.0413580086,106.1434965840,106.1434965840,0.8333333,6,6,0.50441650000000000,0.504416500000,1.6114196831874958,1.6114196831874958,1.6114196831874958,0E-17,ELIGIBLE,R03b_20260811_FULL_v1,L1_ELIGIBILITY,v2026-08-11,2026-03-21..2026-08-06,baccarat_bet02_101_all_pairs_incl_sentinel,round_win = game_pnl > 0 (decisive only),COMPATIBILITY_ONLY_NOT_PRODUCTION,30263.5321,27079.0272,481.4923,918,917,-0.01590998,,-0.01590998,-0.01590998,-481.4923,30263.5321,OK,0.0000,19.2597,4.0000,96.0000,AG03-UNRESOLVED,ALL5_LEVELS_bet23_to_bet27,19.2597,19.2597,19.2597,0.0000,0.0000,4.000000,4.000000,4.000000,0.000000,0.000000,96.000000,96.000000,96.000000,100.000000,100.000000,5.0,57.7791,55.4987,423.7132,425.9936,PENDING_AG03,FALSE,NOT_FOR_ENFORCEMENT,462.2326,25995.8661,481.4923,462.2326,19.2597,0.01590998,0.01527358,19.2597,462.2326,0.01527358,19.2597,19.2597,19.2597,0.0000,0.0000,462.2326,0.01527358,57.7791,55.4987,423.7132,425.9936,0.01400079,0.01407614,0.00063640,32.9668,29.5300,0.5251,40.1244,5.8011,2521.9610,76.4167,,32.9668,15.7056,26.3317,39.4976,53.6607,78.9952,131.129,26.176,0.0,3.0,4.979886,1.251981,13,60,15,3,0E-8,0.01590998,,0E-8,0.000000,0.894774,0.006536,,2026-03-21,2026-04-10,12,83,53,21,0.571429,,,0.000000,,,,,,,,GLOBAL_BASELINE_NO_ENTITY_RANKING,,,NOT_APPLICABLE_GLOBAL_BASELINE,HF9g-P5,,,,X 全窗基线 · 不参与实体赏罚,8391604,840,A168_HF9F_20260827_0900,2026-08-27 09:00:00
2026-04-05,111638587,1094,0,238.2011883884,75.8448289401,75.8448289401,0.5714286,7,7,0.50090561428571429,0.500905614286,0.3731730247484194,0.373173024746908,0.3731730247484194,-2.8571E-13,ELIGIBLE,R03b_20260811_FULL_v1,L1_ELIGIBILITY,v2026-08-11,2026-03-21..2026-08-06,baccarat_bet02_101_all_pairs_incl_sentinel,round_win = game_pnl > 0 (decisive only),COMPATIBILITY_ONLY_NOT_PRODUCTION,30263.5321,27079.0272,481.4923,918,917,-0.01590998,,-0.01590998,-0.01590998,-481.4923,30263.5321,OK,0.0000,19.2597,4.0000,96.0000,AG03-UNRESOLVED,ALL5_LEVELS_bet23_to_bet27,19.2597,19.2597,19.2597,0.0000,0.0000,4.000000,4.000000,4.000000,0.000000,0.000000,96.000000,96.000000,96.000000,100.000000,100.000000,5.0,57.7791,55.4987,423.7132,425.9936,PENDING_AG03,FALSE,NOT_FOR_ENFORCEMENT,462.2326,25995.8661,481.4923,462.2326,19.2597,0.01590998,0.01527358,19.2597,462.2326,0.01527358,19.2597,19.2597,19.2597,0.0000,0.0000,462.2326,0.01527358,57.7791,55.4987,423.7132,425.9936,0.01400079,0.01407614,0.00063640,32.9668,29.5300,0.5251,40.1244,5.8011,2521.9610,76.4167,,32.9668,15.7056,26.3317,39.4976,53.6607,78.9952,131.129,26.176,0.0,3.0,4.979886,1.251981,13,60,15,3,0E-8,0.01590998,,0E-8,0.000000,0.894774,0.006536,,2026-03-21,2026-04-10,12,83,53,21,0.571429,,,0.000000,,,,,,,,GLOBAL_BASELINE_NO_ENTITY_RANKING,,,NOT_APPLICABLE_GLOBAL_BASELINE,HF9g-P5,,,,X 全窗基线 · 不参与实体赏罚,8391605,840,A168_HF9F_20260827_0900,2026-08-27 09:00:00
2026-04-05,111638587,1109,0,163.5997172995,75.7139491663,75.7139491663,0.8000000,6,6,0.50665070000000000,0.506650700000,1.3120140225494112,1.3120140225494112,1.3120140225494112,0E-17,ELIGIBLE,R03b_20260811_FULL_v1,L1_ELIGIBILITY,v2026-08-11,2026-03-21..2026-08-06,baccarat_bet02_101_all_pairs_incl_sentinel,round_win = game_pnl > 0 (decisive only),COMPATIBILITY_ONLY_NOT_PRODUCTION,30263.5321,27079.0272,481.4923,918,917,-0.01590998,,-0.01590998,-0.01590998,-481.4923,30263.5321,OK,0.0000,19.2597,4.0000,96.0000,AG03-UNRESOLVED,ALL5_LEVELS_bet23_to_bet27,19.2597,19.2597,19.2597,0.0000,0.0000,4.000000,4.000000,4.000000,0.000000,0.000000,96.000000,96.000000,96.000000,100.000000,100.000000,5.0,57.7791,55.4987,423.7132,425.9936,PENDING_AG03,FALSE,NOT_FOR_ENFORCEMENT,462.2326,25995.8661,481.4923,462.2326,19.2597,0.01590998,0.01527358,19.2597,462.2326,0.01527358,19.2597,19.2597,19.2597,0.0000,0.0000,462.2326,0.01527358,57.7791,55.4987,423.7132,425.9936,0.01400079,0.01407614,0.00063640,32.9668,29.5300,0.5251,40.1244,5.8011,2521.9610,76.4167,,32.9668,15.7056,26.3317,39.4976,53.6607,78.9952,131.129,26.176,0.0,3.0,4.979886,1.251981,13,60,15,3,0E-8,0.01590998,,0E-8,0.000000,0.894774,0.006536,,2026-03-21,2026-04-10,12,83,53,21,0.571429,,,0.000000,,,,,,,,GLOBAL_BASELINE_NO_ENTITY_RANKING,,,NOT_APPLICABLE_GLOBAL_BASELINE,HF9g-P5,,,,X 全窗基线 · 不参与实体赏罚,8391606,840,A168_HF9F_20260827_0900,2026-08-27 09:00:00
2026-04-05,111638587,1405,0,471.1671858233,78.2006648692,78.2006648692,0.5000000,10,10,0.50531018000000000,0.505310180000,-0.03004060851720122,-0.03004060851720122,-0.03004060851720122,0E-17,ELIGIBLE,R03b_20260811_FULL_v1,L1_ELIGIBILITY,v2026-08-11,2026-03-21..2026-08-06,baccarat_bet02_101_all_pairs_incl_sentinel,round_win = game_pnl > 0 (decisive only),COMPATIBILITY_ONLY_NOT_PRODUCTION,30263.5321,27079.0272,481.4923,918,917,-0.01590998,,-0.01590998,-0.01590998,-481.4923,30263.5321,OK,0.0000,19.2597,4.0000,96.0000,AG03-UNRESOLVED,ALL5_LEVELS_bet23_to_bet27,19.2597,19.2597,19.2597,0.0000,0.0000,4.000000,4.000000,4.000000,0.000000,0.000000,96.000000,96.000000,96.000000,100.000000,100.000000,5.0,57.7791,55.4987,423.7132,425.9936,PENDING_AG03,FALSE,NOT_FOR_ENFORCEMENT,462.2326,25995.8661,481.4923,462.2326,19.2597,0.01590998,0.01527358,19.2597,462.2326,0.01527358,19.2597,19.2597,19.2597,0.0000,0.0000,462.2326,0.01527358,57.7791,55.4987,423.7132,425.9936,0.01400079,0.01407614,0.00063640,32.9668,29.5300,0.5251,40.1244,5.8011,2521.9610,76.4167,,32.9668,15.7056,26.3317,39.4976,53.6607,78.9952,131.129,26.176,0.0,3.0,4.979886,1.251981,13,60,15,3,0E-8,0.01590998,,0E-8,0.000000,0.894774,0.006536,,2026-03-21,2026-04-10,12,83,53,21,0.571429,,,0.000000,,,,,,,,GLOBAL_BASELINE_NO_ENTITY_RANKING,,,NOT_APPLICABLE_GLOBAL_BASELINE,HF9g-P5,,,,X 全窗基线 · 不参与实体赏罚,8391607,840,A168_HF9F_20260827_0900,2026-08-27 09:00:00
2026-04-05,111638587,1505,0,49.9960736068,-49.9960736068,-49.9960736068,0E-7,2,2,0.50665070000000000,0.506650700000,-1.4331513700195317,-1.4331513700195317,-1.4331513700195317,0E-17,ELIGIBLE,R03b_20260811_FULL_v1,L1_ELIGIBILITY,v2026-08-11,2026-03-21..2026-08-06,baccarat_bet02_101_all_pairs_incl_sentinel,round_win = game_pnl > 0 (decisive only),COMPATIBILITY_ONLY_NOT_PRODUCTION,30263.5321,27079.0272,481.4923,918,917,-0.01590998,,-0.01590998,-0.01590998,-481.4923,30263.5321,OK,0.0000,19.2597,4.0000,96.0000,AG03-UNRESOLVED,ALL5_LEVELS_bet23_to_bet27,19.2597,19.2597,19.2597,0.0000,0.0000,4.000000,4.000000,4.000000,0.000000,0.000000,96.000000,96.000000,96.000000,100.000000,100.000000,5.0,57.7791,55.4987,423.7132,425.9936,PENDING_AG03,FALSE,NOT_FOR_ENFORCEMENT,462.2326,25995.8661,481.4923,462.2326,19.2597,0.01590998,0.01527358,19.2597,462.2326,0.01527358,19.2597,19.2597,19.2597,0.0000,0.0000,462.2326,0.01527358,57.7791,55.4987,423.7132,425.9936,0.01400079,0.01407614,0.00063640,32.9668,29.5300,0.5251,40.1244,5.8011,2521.9610,76.4167,,32.9668,15.7056,26.3317,39.4976,53.6607,78.9952,131.129,26.176,0.0,3.0,4.979886,1.251981,13,60,15,3,0E-8,0.01590998,,0E-8,0.000000,0.894774,0.006536,,2026-03-21,2026-04-10,12,83,53,21,0.571429,,,0.000000,,,,,,,,GLOBAL_BASELINE_NO_ENTITY_RANKING,,,NOT_APPLICABLE_GLOBAL_BASELINE,HF9g-P5,,,,X 全窗基线 · 不参与实体赏罚,8391608,840,A168_HF9F_20260827_0900,2026-08-27 09:00:00
2026-04-05,111638587,1623,0,70.6750778734,70.6750778734,70.6750778734,1.0000000,2,2,0.49324550000000000,0.493245500000,1.4334489766152358,1.4334489766152358,1.4334489766152358,0E-17,ELIGIBLE,R03b_20260811_FULL_v1,L1_ELIGIBILITY,v2026-08-11,2026-03-21..2026-08-06,baccarat_bet02_101_all_pairs_incl_sentinel,round_win = game_pnl > 0 (decisive only),COMPATIBILITY_ONLY_NOT_PRODUCTION,30263.5321,27079.0272,481.4923,918,917,-0.01590998,,-0.01590998,-0.01590998,-481.4923,30263.5321,OK,0.0000,19.2597,4.0000,96.0000,AG03-UNRESOLVED,ALL5_LEVELS_bet23_to_bet27,19.2597,19.2597,19.2597,0.0000,0.0000,4.000000,4.000000,4.000000,0.000000,0.000000,96.000000,96.000000,96.000000,100.000000,100.000000,5.0,57.7791,55.4987,423.7132,425.9936,PENDING_AG03,FALSE,NOT_FOR_ENFORCEMENT,462.2326,25995.8661,481.4923,462.2326,19.2597,0.01590998,0.01527358,19.2597,462.2326,0.01527358,19.2597,19.2597,19.2597,0.0000,0.0000,462.2326,0.01527358,57.7791,55.4987,423.7132,425.9936,0.01400079,0.01407614,0.00063640,32.9668,29.5300,0.5251,40.1244,5.8011,2521.9610,76.4167,,32.9668,15.7056,26.3317,39.4976,53.6607,78.9952,131.129,26.176,0.0,3.0,4.979886,1.251981,13,60,15,3,0E-8,0.01590998,,0E-8,0.000000,0.894774,0.006536,,2026-03-21,2026-04-10,12,83,53,21,0.571429,,,0.000000,,,,,,,,GLOBAL_BASELINE_NO_ENTITY_RANKING,,,NOT_APPLICABLE_GLOBAL_BASELINE,HF9g-P5,,,,X 全窗基线 · 不参与实体赏罚,8391609,840,A168_HF9F_20260827_0900,2026-08-27 09:00:00
2026-04-05,111638587,1654,0,288.7207810905,-288.7207810905,-288.7207810905,0E-7,3,3,0.50665070000000000,0.506650700000,-1.7552447903592512,-1.7552447903592512,-1.7552447903592512,0E-17,ELIGIBLE,R03b_20260811_FULL_v1,L1_ELIGIBILITY,v2026-08-11,2026-03-21..2026-08-06,baccarat_bet02_101_all_pairs_incl_sentinel,round_win = game_pnl > 0 (decisive only),COMPATIBILITY_ONLY_NOT_PRODUCTION,30263.5321,27079.0272,481.4923,918,917,-0.01590998,,-0.01590998,-0.01590998,-481.4923,30263.5321,OK,0.0000,19.2597,4.0000,96.0000,AG03-UNRESOLVED,ALL5_LEVELS_bet23_to_bet27,19.2597,19.2597,19.2597,0.0000,0.0000,4.000000,4.000000,4.000000,0.000000,0.000000,96.000000,96.000000,96.000000,100.000000,100.000000,5.0,57.7791,55.4987,423.7132,425.9936,PENDING_AG03,FALSE,NOT_FOR_ENFORCEMENT,462.2326,25995.8661,481.4923,462.2326,19.2597,0.01590998,0.01527358,19.2597,462.2326,0.01527358,19.2597,19.2597,19.2597,0.0000,0.0000,462.2326,0.01527358,57.7791,55.4987,423.7132,425.9936,0.01400079,0.01407614,0.00063640,32.9668,29.5300,0.5251,40.1244,5.8011,2521.9610,76.4167,,32.9668,15.7056,26.3317,39.4976,53.6607,78.9952,131.129,26.176,0.0,3.0,4.979886,1.251981,13,60,15,3,0E-8,0.01590998,,0E-8,0.000000,0.894774,0.006536,,2026-03-21,2026-04-10,12,83,53,21,0.571429,,,0.000000,,,,,,,,GLOBAL_BASELINE_NO_ENTITY_RANKING,,,NOT_APPLICABLE_GLOBAL_BASELINE,HF9g-P5,,,,X 全窗基线 · 不参与实体赏罚,8391610,840,A168_HF9F_20260827_0900,2026-08-27 09:00:00
2026-04-05,111638587,1710,0,86.3806507342,25.9141952202,25.9141952202,0.5000000,4,4,0.50329940000000000,0.503299400000,-0.01319788734859681,-0.01319788734859681,-0.01319788734859681,0E-17,ELIGIBLE,R03b_20260811_FULL_v1,L1_ELIGIBILITY,v2026-08-11,2026-03-21..2026-08-06,baccarat_bet02_101_all_pairs_incl_sentinel,round_win = game_pnl > 0 (decisive only),COMPATIBILITY_ONLY_NOT_PRODUCTION,30263.5321,27079.0272,481.4923,918,917,-0.01590998,,-0.01590998,-0.01590998,-481.4923,30263.5321,OK,0.0000,19.2597,4.0000,96.0000,AG03-UNRESOLVED,ALL5_LEVELS_bet23_to_bet27,19.2597,19.2597,19.2597,0.0000,0.0000,4.000000,4.000000,4.000000,0.000000,0.000000,96.000000,96.000000,96.000000,100.000000,100.000000,5.0,57.7791,55.4987,423.7132,425.9936,PENDING_AG03,FALSE,NOT_FOR_ENFORCEMENT,462.2326,25995.8661,481.4923,462.2326,19.2597,0.01590998,0.01527358,19.2597,462.2326,0.01527358,19.2597,19.2597,19.2597,0.0000,0.0000,462.2326,0.01527358,57.7791,55.4987,423.7132,425.9936,0.01400079,0.01407614,0.00063640,32.9668,29.5300,0.5251,40.1244,5.8011,2521.9610,76.4167,,32.9668,15.7056,26.3317,39.4976,53.6607,78.9952,131.129,26.176,0.0,3.0,4.979886,1.251981,13,60,15,3,0E-8,0.01590998,,0E-8,0.000000,0.894774,0.006536,,2026-03-21,2026-04-10,12,83,53,21,0.571429,,,0.000000,,,,,,,,GLOBAL_BASELINE_NO_ENTITY_RANKING,,,NOT_APPLICABLE_GLOBAL_BASELINE,HF9g-P5,,,,X 全窗基线 · 不参与实体赏罚,8391611,840,A168_HF9F_20260827_0900,2026-08-27 09:00:00
2026-04-05,111638587,1947,0,740.7795199331,-113.8654032406,-113.8654032406,0.3846154,14,14,0.49611804285714286,0.496118042857,-0.8040813380018117,-0.8040813380007832,-0.8040813380018117,1.4286E-13,ELIGIBLE,R03b_20260811_FULL_v1,L1_ELIGIBILITY,v2026-08-11,2026-03-21..2026-08-06,baccarat_bet02_101_all_pairs_incl_sentinel,round_win = game_pnl > 0 (decisive only),COMPATIBILITY_ONLY_NOT_PRODUCTION,30263.5321,27079.0272,481.4923,918,917,-0.01590998,,-0.01590998,-0.01590998,-481.4923,30263.5321,OK,0.0000,19.2597,4.0000,96.0000,AG03-UNRESOLVED,ALL5_LEVELS_bet23_to_bet27,19.2597,19.2597,19.2597,0.0000,0.0000,4.000000,4.000000,4.000000,0.000000,0.000000,96.000000,96.000000,96.000000,100.000000,100.000000,5.0,57.7791,55.4987,423.7132,425.9936,PENDING_AG03,FALSE,NOT_FOR_ENFORCEMENT,462.2326,25995.8661,481.4923,462.2326,19.2597,0.01590998,0.01527358,19.2597,462.2326,0.01527358,19.2597,19.2597,19.2597,0.0000,0.0000,462.2326,0.01527358,57.7791,55.4987,423.7132,425.9936,0.01400079,0.01407614,0.00063640,32.9668,29.5300,0.5251,40.1244,5.8011,2521.9610,76.4167,,32.9668,15.7056,26.3317,39.4976,53.6607,78.9952,131.129,26.176,0.0,3.0,4.979886,1.251981,13,60,15,3,0E-8,0.01590998,,0E-8,0.000000,0.894774,0.006536,,2026-03-21,2026-04-10,12,83,53,21,0.571429,,,0.000000,,,,,,,,GLOBAL_BASELINE_NO_ENTITY_RANKING,,,NOT_APPLICABLE_GLOBAL_BASELINE,HF9g-P5,,,,X 全窗基线 · 不参与实体赏罚,8391612,840,A168_HF9F_20260827_0900,2026-08-27 09:00:00
2026-04-05,111638587,2123,0,146.5853467005,-75.1249901840,-75.1249901840,0.3333333,3,3,0.50665070000000000,0.506650700000,-0.6004420894325239,-0.6004420894325239,-0.6004420894325239,0E-17,ELIGIBLE,R03b_20260811_FULL_v1,L1_ELIGIBILITY,v2026-08-11,2026-03-21..2026-08-06,baccarat_bet02_101_all_pairs_incl_sentinel,round_win = game_pnl > 0 (decisive only),COMPATIBILITY_ONLY_NOT_PRODUCTION,30263.5321,27079.0272,481.4923,918,917,-0.01590998,,-0.01590998,-0.01590998,-481.4923,30263.5321,OK,0.0000,19.2597,4.0000,96.0000,AG03-UNRESOLVED,ALL5_LEVELS_bet23_to_bet27,19.2597,19.2597,19.2597,0.0000,0.0000,4.000000,4.000000,4.000000,0.000000,0.000000,96.000000,96.000000,96.000000,100.000000,100.000000,5.0,57.7791,55.4987,423.7132,425.9936,PENDING_AG03,FALSE,NOT_FOR_ENFORCEMENT,462.2326,25995.8661,481.4923,462.2326,19.2597,0.01590998,0.01527358,19.2597,462.2326,0.01527358,19.2597,19.2597,19.2597,0.0000,0.0000,462.2326,0.01527358,57.7791,55.4987,423.7132,425.9936,0.01400079,0.01407614,0.00063640,32.9668,29.5300,0.5251,40.1244,5.8011,2521.9610,76.4167,,32.9668,15.7056,26.3317,39.4976,53.6607,78.9952,131.129,26.176,0.0,3.0,4.979886,1.251981,13,60,15,3,0E-8,0.01590998,,0E-8,0.000000,0.894774,0.006536,,2026-03-21,2026-04-10,12,83,53,21,0.571429,,,0.000000,,,,,,,,GLOBAL_BASELINE_NO_ENTITY_RANKING,,,NOT_APPLICABLE_GLOBAL_BASELINE,HF9g-P5,,,,X 全窗基线 · 不参与实体赏罚,8391613,840,A168_HF9F_20260827_0900,2026-08-27 09:00:00
2026-04-05,111638587,2147,0,10.7321414549,-10.7321414549,-10.7321414549,0E-7,1,1,0.49324550000000000,0.493245500000,-0.9865810262130424,-0.9865810262130424,-0.9865810262130424,0E-17,ELIGIBLE,R03b_20260811_FULL_v1,L1_ELIGIBILITY,v2026-08-11,2026-03-21..2026-08-06,baccarat_bet02_101_all_pairs_incl_sentinel,round_win = game_pnl > 0 (decisive only),COMPATIBILITY_ONLY_NOT_PRODUCTION,30263.5321,27079.0272,481.4923,918,917,-0.01590998,,-0.01590998,-0.01590998,-481.4923,30263.5321,OK,0.0000,19.2597,4.0000,96.0000,AG03-UNRESOLVED,ALL5_LEVELS_bet23_to_bet27,19.2597,19.2597,19.2597,0.0000,0.0000,4.000000,4.000000,4.000000,0.000000,0.000000,96.000000,96.000000,96.000000,100.000000,100.000000,5.0,57.7791,55.4987,423.7132,425.9936,PENDING_AG03,FALSE,NOT_FOR_ENFORCEMENT,462.2326,25995.8661,481.4923,462.2326,19.2597,0.01590998,0.01527358,19.2597,462.2326,0.01527358,19.2597,19.2597,19.2597,0.0000,0.0000,462.2326,0.01527358,57.7791,55.4987,423.7132,425.9936,0.01400079,0.01407614,0.00063640,32.9668,29.5300,0.5251,40.1244,5.8011,2521.9610,76.4167,,32.9668,15.7056,26.3317,39.4976,53.6607,78.9952,131.129,26.176,0.0,3.0,4.979886,1.251981,13,60,15,3,0E-8,0.01590998,,0E-8,0.000000,0.894774,0.006536,,2026-03-21,2026-04-10,12,83,53,21,0.571429,,,0.000000,,,,,,,,GLOBAL_BASELINE_NO_ENTITY_RANKING,,,NOT_APPLICABLE_GLOBAL_BASELINE,HF9g-P5,,,,X 全窗基线 · 不参与实体赏罚,8391614,840,A168_HF9F_20260827_0900,2026-08-27 09:00:00
2026-04-05,111638587,2160,0,1020.8622359505,-444.9912310553,-444.9912310553,0.1000000,14,14,0.50090561428571429,0.500905614286,-2.5355538947913203,-2.535553894793129,-2.5355538947913203,-2.8571E-13,ELIGIBLE,R03b_20260811_FULL_v1,L1_ELIGIBILITY,v2026-08-11,2026-03-21..2026-08-06,baccarat_bet02_101_all_pairs_incl_sentinel,round_win = game_pnl > 0 (decisive only),COMPATIBILITY_ONLY_NOT_PRODUCTION,30263.5321,27079.0272,481.4923,918,917,-0.01590998,,-0.01590998,-0.01590998,-481.4923,30263.5321,OK,0.0000,19.2597,4.0000,96.0000,AG03-UNRESOLVED,ALL5_LEVELS_bet23_to_bet27,19.2597,19.2597,19.2597,0.0000,0.0000,4.000000,4.000000,4.000000,0.000000,0.000000,96.000000,96.000000,96.000000,100.000000,100.000000,5.0,57.7791,55.4987,423.7132,425.9936,PENDING_AG03,FALSE,NOT_FOR_ENFORCEMENT,462.2326,25995.8661,481.4923,462.2326,19.2597,0.01590998,0.01527358,19.2597,462.2326,0.01527358,19.2597,19.2597,19.2597,0.0000,0.0000,462.2326,0.01527358,57.7791,55.4987,423.7132,425.9936,0.01400079,0.01407614,0.00063640,32.9668,29.5300,0.5251,40.1244,5.8011,2521.9610,76.4167,,32.9668,15.7056,26.3317,39.4976,53.6607,78.9952,131.129,26.176,0.0,3.0,4.979886,1.251981,13,60,15,3,0E-8,0.01590998,,0E-8,0.000000,0.894774,0.006536,,2026-03-21,2026-04-10,12,83,53,21,0.571429,,,0.000000,,,,,,,,GLOBAL_BASELINE_NO_ENTITY_RANKING,,,NOT_APPLICABLE_GLOBAL_BASELINE,HF9g-P5,,,,X 全窗基线 · 不参与实体赏罚,8391615,840,A168_HF9F_20260827_0900,2026-08-27 09:00:00
2026-04-05,111638587,550,0,815.3809910219,-26.0450749940,-26.0450749940,0.3571429,16,16,0.50329940000000000,0.503299400000,-1.0937592300870267,-1.0937592300870267,-1.0937592300870267,0E-17,ELIGIBLE,R03b_20260811_FULL_v1,L1_ELIGIBILITY,v2026-08-11,2026-03-21..2026-08-06,baccarat_bet02_101_all_pairs_incl_sentinel,round_win = game_pnl > 0 (decisive only),COMPATIBILITY_ONLY_NOT_PRODUCTION,30263.5321,27079.0272,481.4923,918,917,-0.01590998,,-0.01590998,-0.01590998,-481.4923,30263.5321,OK,0.0000,19.2597,4.0000,96.0000,AG03-UNRESOLVED,ALL5_LEVELS_bet23_to_bet27,19.2597,19.2597,19.2597,0.0000,0.0000,4.000000,4.000000,4.000000,0.000000,0.000000,96.000000,96.000000,96.000000,100.000000,100.000000,5.0,57.7791,55.4987,423.7132,425.9936,PENDING_AG03,FALSE,NOT_FOR_ENFORCEMENT,462.2326,25995.8661,481.4923,462.2326,19.2597,0.01590998,0.01527358,19.2597,462.2326,0.01527358,19.2597,19.2597,19.2597,0.0000,0.0000,462.2326,0.01527358,57.7791,55.4987,423.7132,425.9936,0.01400079,0.01407614,0.00063640,32.9668,29.5300,0.5251,40.1244,5.8011,2521.9610,76.4167,,32.9668,15.7056,26.3317,39.4976,53.6607,78.9952,131.129,26.176,0.0,3.0,4.979886,1.251981,13,60,15,3,0E-8,0.01590998,,0E-8,0.000000,0.894774,0.006536,,2026-03-21,2026-04-10,12,83,53,21,0.571429,,,0.000000,,,,,,,,GLOBAL_BASELINE_NO_ENTITY_RANKING,,,NOT_APPLICABLE_GLOBAL_BASELINE,HF9g-P5,,,,X 全窗基线 · 不参与实体赏罚,8391616,840,A168_HF9F_20260827_0900,2026-08-27 09:00:00
2026-04-05,111638587,919,0,52.3519095359,49.7343140591,49.7343140591,1.0000000,1,1,0.50665070000000000,0.506650700000,0.9867858985152569,0.9867858985152569,0.9867858985152569,0E-17,ELIGIBLE,R03b_20260811_FULL_v1,L1_ELIGIBILITY,v2026-08-11,2026-03-21..2026-08-06,baccarat_bet02_101_all_pairs_incl_sentinel,round_win = game_pnl > 0 (decisive only),COMPATIBILITY_ONLY_NOT_PRODUCTION,30263.5321,27079.0272,481.4923,918,917,-0.01590998,,-0.01590998,-0.01590998,-481.4923,30263.5321,OK,0.0000,19.2597,4.0000,96.0000,AG03-UNRESOLVED,ALL5_LEVELS_bet23_to_bet27,19.2597,19.2597,19.2597,0.0000,0.0000,4.000000,4.000000,4.000000,0.000000,0.000000,96.000000,96.000000,96.000000,100.000000,100.000000,5.0,57.7791,55.4987,423.7132,425.9936,PENDING_AG03,FALSE,NOT_FOR_ENFORCEMENT,462.2326,25995.8661,481.4923,462.2326,19.2597,0.01590998,0.01527358,19.2597,462.2326,0.01527358,19.2597,19.2597,19.2597,0.0000,0.0000,462.2326,0.01527358,57.7791,55.4987,423.7132,425.9936,0.01400079,0.01407614,0.00063640,32.9668,29.5300,0.5251,40.1244,5.8011,2521.9610,76.4167,,32.9668,15.7056,26.3317,39.4976,53.6607,78.9952,131.129,26.176,0.0,3.0,4.979886,1.251981,13,60,15,3,0E-8,0.01590998,,0E-8,0.000000,0.894774,0.006536,,2026-03-21,2026-04-10,12,83,53,21,0.571429,,,0.000000,,,,,,,,GLOBAL_BASELINE_NO_ENTITY_RANKING,,,NOT_APPLICABLE_GLOBAL_BASELINE,HF9g-P5,,,,X 全窗基线 · 不参与实体赏罚,8391617,840,A168_HF9F_20260827_0900,2026-08-27 09:00:00
2026-04-05,111638587,987,0,78.5278643039,-78.5278643039,-78.5278643039,0E-7,1,1,0.50665070000000000,0.506650700000,-1.013391052207602,-1.013391052207602,-1.013391052207602,0E-17,ELIGIBLE,R03b_20260811_FULL_v1,L1_ELIGIBILITY,v2026-08-11,2026-03-21..2026-08-06,baccarat_bet02_101_all_pairs_incl_sentinel,round_win = game_pnl > 0 (decisive only),COMPATIBILITY_ONLY_NOT_PRODUCTION,30263.5321,27079.0272,481.4923,918,917,-0.01590998,,-0.01590998,-0.01590998,-481.4923,30263.5321,OK,0.0000,19.2597,4.0000,96.0000,AG03-UNRESOLVED,ALL5_LEVELS_bet23_to_bet27,19.2597,19.2597,19.2597,0.0000,0.0000,4.000000,4.000000,4.000000,0.000000,0.000000,96.000000,96.000000,96.000000,100.000000,100.000000,5.0,57.7791,55.4987,423.7132,425.9936,PENDING_AG03,FALSE,NOT_FOR_ENFORCEMENT,462.2326,25995.8661,481.4923,462.2326,19.2597,0.01590998,0.01527358,19.2597,462.2326,0.01527358,19.2597,19.2597,19.2597,0.0000,0.0000,462.2326,0.01527358,57.7791,55.4987,423.7132,425.9936,0.01400079,0.01407614,0.00063640,32.9668,29.5300,0.5251,40.1244,5.8011,2521.9610,76.4167,,32.9668,15.7056,26.3317,39.4976,53.6607,78.9952,131.129,26.176,0.0,3.0,4.979886,1.251981,13,60,15,3,0E-8,0.01590998,,0E-8,0.000000,0.894774,0.006536,,2026-03-21,2026-04-10,12,83,53,21,0.571429,,,0.000000,,,,,,,,GLOBAL_BASELINE_NO_ENTITY_RANKING,,,NOT_APPLICABLE_GLOBAL_BASELINE,HF9g-P5,,,,X 全窗基线 · 不参与实体赏罚,8391618,840,A168_HF9F_20260827_0900,2026-08-27 09:00:00
2026-04-06,111638587,1094,0,15.7055728608,15.7055728608,15.7055728608,1.0000000,1,1,0.49324550000000000,0.493245500000,1.01360149184955,1.01360149184955,1.01360149184955,0E-17,ELIGIBLE,R03b_20260811_FULL_v1,L1_ELIGIBILITY,v2026-08-11,2026-03-21..2026-08-06,baccarat_bet02_101_all_pairs_incl_sentinel,round_win = game_pnl > 0 (decisive only),COMPATIBILITY_ONLY_NOT_PRODUCTION,30263.5321,27079.0272,481.4923,918,917,-0.01590998,,-0.01590998,-0.01590998,-481.4923,30263.5321,OK,0.0000,19.2597,4.0000,96.0000,AG03-UNRESOLVED,ALL5_LEVELS_bet23_to_bet27,19.2597,19.2597,19.2597,0.0000,0.0000,4.000000,4.000000,4.000000,0.000000,0.000000,96.000000,96.000000,96.000000,100.000000,100.000000,5.0,57.7791,55.4987,423.7132,425.9936,PENDING_AG03,FALSE,NOT_FOR_ENFORCEMENT,462.2326,25995.8661,481.4923,462.2326,19.2597,0.01590998,0.01527358,19.2597,462.2326,0.01527358,19.2597,19.2597,19.2597,0.0000,0.0000,462.2326,0.01527358,57.7791,55.4987,423.7132,425.9936,0.01400079,0.01407614,0.00063640,32.9668,29.5300,0.5251,40.1244,5.8011,2521.9610,76.4167,,32.9668,15.7056,26.3317,39.4976,53.6607,78.9952,131.129,26.176,0.0,3.0,4.979886,1.251981,13,60,15,3,0E-8,0.01590998,,0E-8,0.000000,0.894774,0.006536,,2026-03-21,2026-04-10,12,83,53,21,0.571429,,,0.000000,,,,,,,,GLOBAL_BASELINE_NO_ENTITY_RANKING,,,NOT_APPLICABLE_GLOBAL_BASELINE,HF9g-P5,,,,X 全窗基线 · 不参与实体赏罚,8391619,840,A168_HF9F_20260827_0900,2026-08-27 09:00:00
2026-04-06,111638587,1299,0,155.7469308696,20.2863649452,20.2863649452,0.4444444,10,10,0.50396966000000000,0.503969660000,-0.35716254998887953,-0.35716254998887953,-0.35716254998887953,0E-17,ELIGIBLE,R03b_20260811_FULL_v1,L1_ELIGIBILITY,v2026-08-11,2026-03-21..2026-08-06,baccarat_bet02_101_all_pairs_incl_sentinel,round_win = game_pnl > 0 (decisive only),COMPATIBILITY_ONLY_NOT_PRODUCTION,30263.5321,27079.0272,481.4923,918,917,-0.01590998,,-0.01590998,-0.01590998,-481.4923,30263.5321,OK,0.0000,19.2597,4.0000,96.0000,AG03-UNRESOLVED,ALL5_LEVELS_bet23_to_bet27,19.2597,19.2597,19.2597,0.0000,0.0000,4.000000,4.000000,4.000000,0.000000,0.000000,96.000000,96.000000,96.000000,100.000000,100.000000,5.0,57.7791,55.4987,423.7132,425.9936,PENDING_AG03,FALSE,NOT_FOR_ENFORCEMENT,462.2326,25995.8661,481.4923,462.2326,19.2597,0.01590998,0.01527358,19.2597,462.2326,0.01527358,19.2597,19.2597,19.2597,0.0000,0.0000,462.2326,0.01527358,57.7791,55.4987,423.7132,425.9936,0.01400079,0.01407614,0.00063640,32.9668,29.5300,0.5251,40.1244,5.8011,2521.9610,76.4167,,32.9668,15.7056,26.3317,39.4976,53.6607,78.9952,131.129,26.176,0.0,3.0,4.979886,1.251981,13,60,15,3,0E-8,0.01590998,,0E-8,0.000000,0.894774,0.006536,,2026-03-21,2026-04-10,12,83,53,21,0.571429,,,0.000000,,,,,,,,GLOBAL_BASELINE_NO_ENTITY_RANKING,,,NOT_APPLICABLE_GLOBAL_BASELINE,HF9g-P5,,,,X 全窗基线 · 不参与实体赏罚,8391620,840,A168_HF9F_20260827_0900,2026-08-27 09:00:00
2026-04-06,111638587,1304,0,5.4969505013,-5.4969505013,-5.4969505013,0E-7,1,1,0.50665070000000000,0.506650700000,-1.013391052207602,-1.013391052207602,-1.013391052207602,0E-17,ELIGIBLE,R03b_20260811_FULL_v1,L1_ELIGIBILITY,v2026-08-11,2026-03-21..2026-08-06,baccarat_bet02_101_all_pairs_incl_sentinel,round_win = game_pnl > 0 (decisive only),COMPATIBILITY_ONLY_NOT_PRODUCTION,30263.5321,27079.0272,481.4923,918,917,-0.01590998,,-0.01590998,-0.01590998,-481.4923,30263.5321,OK,0.0000,19.2597,4.0000,96.0000,AG03-UNRESOLVED,ALL5_LEVELS_bet23_to_bet27,19.2597,19.2597,19.2597,0.0000,0.0000,4.000000,4.000000,4.000000,0.000000,0.000000,96.000000,96.000000,96.000000,100.000000,100.000000,5.0,57.7791,55.4987,423.7132,425.9936,PENDING_AG03,FALSE,NOT_FOR_ENFORCEMENT,462.2326,25995.8661,481.4923,462.2326,19.2597,0.01590998,0.01527358,19.2597,462.2326,0.01527358,19.2597,19.2597,19.2597,0.0000,0.0000,462.2326,0.01527358,57.7791,55.4987,423.7132,425.9936,0.01400079,0.01407614,0.00063640,32.9668,29.5300,0.5251,40.1244,5.8011,2521.9610,76.4167,,32.9668,15.7056,26.3317,39.4976,53.6607,78.9952,131.129,26.176,0.0,3.0,4.979886,1.251981,13,60,15,3,0E-8,0.01590998,,0E-8,0.000000,0.894774,0.006536,,2026-03-21,2026-04-10,12,83,53,21,0.571429,,,0.000000,,,,,,,,GLOBAL_BASELINE_NO_ENTITY_RANKING,,,NOT_APPLICABLE_GLOBAL_BASELINE,HF9g-P5,,,,X 全窗基线 · 不参与实体赏罚,8391621,840,A168_HF9F_20260827_0900,2026-08-27 09:00:00
2026-04-06,111638587,1396,0,27.4847525063,-27.4847525063,-27.4847525063,0E-7,1,1,0.49324550000000000,0.493245500000,-0.9865810262130424,-0.9865810262130424,-0.9865810262130424,0E-17,ELIGIBLE,R03b_20260811_FULL_v1,L1_ELIGIBILITY,v2026-08-11,2026-03-21..2026-08-06,baccarat_bet02_101_all_pairs_incl_sentinel,round_win = game_pnl > 0 (decisive only),COMPATIBILITY_ONLY_NOT_PRODUCTION,30263.5321,27079.0272,481.4923,918,917,-0.01590998,,-0.01590998,-0.01590998,-481.4923,30263.5321,OK,0.0000,19.2597,4.0000,96.0000,AG03-UNRESOLVED,ALL5_LEVELS_bet23_to_bet27,19.2597,19.2597,19.2597,0.0000,0.0000,4.000000,4.000000,4.000000,0.000000,0.000000,96.000000,96.000000,96.000000,100.000000,100.000000,5.0,57.7791,55.4987,423.7132,425.9936,PENDING_AG03,FALSE,NOT_FOR_ENFORCEMENT,462.2326,25995.8661,481.4923,462.2326,19.2597,0.01590998,0.01527358,19.2597,462.2326,0.01527358,19.2597,19.2597,19.2597,0.0000,0.0000,462.2326,0.01527358,57.7791,55.4987,423.7132,425.9936,0.01400079,0.01407614,0.00063640,32.9668,29.5300,0.5251,40.1244,5.8011,2521.9610,76.4167,,32.9668,15.7056,26.3317,39.4976,53.6607,78.9952,131.129,26.176,0.0,3.0,4.979886,1.251981,13,60,15,3,0E-8,0.01590998,,0E-8,0.000000,0.894774,0.006536,,2026-03-21,2026-04-10,12,83,53,21,0.571429,,,0.000000,,,,,,,,GLOBAL_BASELINE_NO_ENTITY_RANKING,,,NOT_APPLICABLE_GLOBAL_BASELINE,HF9g-P5,,,,X 全窗基线 · 不参与实体赏罚,8391622,840,A168_HF9F_20260827_0900,2026-08-27 09:00:00
2026-04-06,111638587,1401,0,90.3070439495,-39.2639321519,-39.2639321519,0.3333333,3,3,0.50218230000000000,0.502182300000,-0.5849155494134425,-0.5849155494134426,-0.5849155494134425,0E-17,ELIGIBLE,R03b_20260811_FULL_v1,L1_ELIGIBILITY,v2026-08-11,2026-03-21..2026-08-06,baccarat_bet02_101_all_pairs_incl_sentinel,round_win = game_pnl > 0 (decisive only),COMPATIBILITY_ONLY_NOT_PRODUCTION,30263.5321,27079.0272,481.4923,918,917,-0.01590998,,-0.01590998,-0.01590998,-481.4923,30263.5321,OK,0.0000,19.2597,4.0000,96.0000,AG03-UNRESOLVED,ALL5_LEVELS_bet23_to_bet27,19.2597,19.2597,19.2597,0.0000,0.0000,4.000000,4.000000,4.000000,0.000000,0.000000,96.000000,96.000000,96.000000,100.000000,100.000000,5.0,57.7791,55.4987,423.7132,425.9936,PENDING_AG03,FALSE,NOT_FOR_ENFORCEMENT,462.2326,25995.8661,481.4923,462.2326,19.2597,0.01590998,0.01527358,19.2597,462.2326,0.01527358,19.2597,19.2597,19.2597,0.0000,0.0000,462.2326,0.01527358,57.7791,55.4987,423.7132,425.9936,0.01400079,0.01407614,0.00063640,32.9668,29.5300,0.5251,40.1244,5.8011,2521.9610,76.4167,,32.9668,15.7056,26.3317,39.4976,53.6607,78.9952,131.129,26.176,0.0,3.0,4.979886,1.251981,13,60,15,3,0E-8,0.01590998,,0E-8,0.000000,0.894774,0.006536,,2026-03-21,2026-04-10,12,83,53,21,0.571429,,,0.000000,,,,,,,,GLOBAL_BASELINE_NO_ENTITY_RANKING,,,NOT_APPLICABLE_GLOBAL_BASELINE,HF9g-P5,,,,X 全窗基线 · 不参与实体赏罚,8391623,840,A168_HF9F_20260827_0900,2026-08-27 09:00:00
2026-04-06,111638587,1714,0,339.2403737930,-157.3174881554,-157.3174881554,0.3000000,11,11,0.50177608181818182,0.501776081818,-1.2761520429633397,-1.2761520429621882,-1.2761520429633397,1.8182E-13,ELIGIBLE,R03b_20260811_FULL_v1,L1_ELIGIBILITY,v2026-08-11,2026-03-21..2026-08-06,baccarat_bet02_101_all_pairs_incl_sentinel,round_win = game_pnl > 0 (decisive only),COMPATIBILITY_ONLY_NOT_PRODUCTION,30263.5321,27079.0272,481.4923,918,917,-0.01590998,,-0.01590998,-0.01590998,-481.4923,30263.5321,OK,0.0000,19.2597,4.0000,96.0000,AG03-UNRESOLVED,ALL5_LEVELS_bet23_to_bet27,19.2597,19.2597,19.2597,0.0000,0.0000,4.000000,4.000000,4.000000,0.000000,0.000000,96.000000,96.000000,96.000000,100.000000,100.000000,5.0,57.7791,55.4987,423.7132,425.9936,PENDING_AG03,FALSE,NOT_FOR_ENFORCEMENT,462.2326,25995.8661,481.4923,462.2326,19.2597,0.01590998,0.01527358,19.2597,462.2326,0.01527358,19.2597,19.2597,19.2597,0.0000,0.0000,462.2326,0.01527358,57.7791,55.4987,423.7132,425.9936,0.01400079,0.01407614,0.00063640,32.9668,29.5300,0.5251,40.1244,5.8011,2521.9610,76.4167,,32.9668,15.7056,26.3317,39.4976,53.6607,78.9952,131.129,26.176,0.0,3.0,4.979886,1.251981,13,60,15,3,0E-8,0.01590998,,0E-8,0.000000,0.894774,0.006536,,2026-03-21,2026-04-10,12,83,53,21,0.571429,,,0.000000,,,,,,,,GLOBAL_BASELINE_NO_ENTITY_RANKING,,,NOT_APPLICABLE_GLOBAL_BASELINE,HF9g-P5,,,,X 全窗基线 · 不参与实体赏罚,8391624,840,A168_HF9F_20260827_0900,2026-08-27 09:00:00
2026-04-06,111638587,1947,0,23.5583592912,23.5583592912,23.5583592912,1.0000000,1,1,0.49324550000000000,0.493245500000,1.01360149184955,1.01360149184955,1.01360149184955,0E-17,ELIGIBLE,R03b_20260811_FULL_v1,L1_ELIGIBILITY,v2026-08-11,2026-03-21..2026-08-06,baccarat_bet02_101_all_pairs_incl_sentinel,round_win = game_pnl > 0 (decisive only),COMPATIBILITY_ONLY_NOT_PRODUCTION,30263.5321,27079.0272,481.4923,918,917,-0.01590998,,-0.01590998,-0.01590998,-481.4923,30263.5321,OK,0.0000,19.2597,4.0000,96.0000,AG03-UNRESOLVED,ALL5_LEVELS_bet23_to_bet27,19.2597,19.2597,19.2597,0.0000,0.0000,4.000000,4.000000,4.000000,0.000000,0.000000,96.000000,96.000000,96.000000,100.000000,100.000000,5.0,57.7791,55.4987,423.7132,425.9936,PENDING_AG03,FALSE,NOT_FOR_ENFORCEMENT,462.2326,25995.8661,481.4923,462.2326,19.2597,0.01590998,0.01527358,19.2597,462.2326,0.01527358,19.2597,19.2597,19.2597,0.0000,0.0000,462.2326,0.01527358,57.7791,55.4987,423.7132,425.9936,0.01400079,0.01407614,0.00063640,32.9668,29.5300,0.5251,40.1244,5.8011,2521.9610,76.4167,,32.9668,15.7056,26.3317,39.4976,53.6607,78.9952,131.129,26.176,0.0,3.0,4.979886,1.251981,13,60,15,3,0E-8,0.01590998,,0E-8,0.000000,0.894774,0.006536,,2026-03-21,2026-04-10,12,83,53,21,0.571429,,,0.000000,,,,,,,,GLOBAL_BASELINE_NO_ENTITY_RANKING,,,NOT_APPLICABLE_GLOBAL_BASELINE,HF9g-P5,,,,X 全窗基线 · 不参与实体赏罚,8391625,840,A168_HF9F_20260827_0900,2026-08-27 09:00:00
2026-04-06,111638587,1951,0,20.9407638144,-20.9407638144,-20.9407638144,0E-7,1,1,0.50665070000000000,0.506650700000,-1.013391052207602,-1.013391052207602,-1.013391052207602,0E-17,ELIGIBLE,R03b_20260811_FULL_v1,L1_ELIGIBILITY,v2026-08-11,2026-03-21..2026-08-06,baccarat_bet02_101_all_pairs_incl_sentinel,round_win = game_pnl > 0 (decisive only),COMPATIBILITY_ONLY_NOT_PRODUCTION,30263.5321,27079.0272,481.4923,918,917,-0.01590998,,-0.01590998,-0.01590998,-481.4923,30263.5321,OK,0.0000,19.2597,4.0000,96.0000,AG03-UNRESOLVED,ALL5_LEVELS_bet23_to_bet27,19.2597,19.2597,19.2597,0.0000,0.0000,4.000000,4.000000,4.000000,0.000000,0.000000,96.000000,96.000000,96.000000,100.000000,100.000000,5.0,57.7791,55.4987,423.7132,425.9936,PENDING_AG03,FALSE,NOT_FOR_ENFORCEMENT,462.2326,25995.8661,481.4923,462.2326,19.2597,0.01590998,0.01527358,19.2597,462.2326,0.01527358,19.2597,19.2597,19.2597,0.0000,0.0000,462.2326,0.01527358,57.7791,55.4987,423.7132,425.9936,0.01400079,0.01407614,0.00063640,32.9668,29.5300,0.5251,40.1244,5.8011,2521.9610,76.4167,,32.9668,15.7056,26.3317,39.4976,53.6607,78.9952,131.129,26.176,0.0,3.0,4.979886,1.251981,13,60,15,3,0E-8,0.01590998,,0E-8,0.000000,0.894774,0.006536,,2026-03-21,2026-04-10,12,83,53,21,0.571429,,,0.000000,,,,,,,,GLOBAL_BASELINE_NO_ENTITY_RANKING,,,NOT_APPLICABLE_GLOBAL_BASELINE,HF9g-P5,,,,X 全窗基线 · 不参与实体赏罚,8391626,840,A168_HF9F_20260827_0900,2026-08-27 09:00:00
2026-04-06,111638587,2115,0,221.1868177896,90.9614428188,90.9614428188,0.6666667,10,10,0.49726706000000000,0.497267060000,1.016412823208965,1.016412823208965,1.016412823208965,0E-17,ELIGIBLE,R03b_20260811_FULL_v1,L1_ELIGIBILITY,v2026-08-11,2026-03-21..2026-08-06,baccarat_bet02_101_all_pairs_incl_sentinel,round_win = game_pnl > 0 (decisive only),COMPATIBILITY_ONLY_NOT_PRODUCTION,30263.5321,27079.0272,481.4923,918,917,-0.01590998,,-0.01590998,-0.01590998,-481.4923,30263.5321,OK,0.0000,19.2597,4.0000,96.0000,AG03-UNRESOLVED,ALL5_LEVELS_bet23_to_bet27,19.2597,19.2597,19.2597,0.0000,0.0000,4.000000,4.000000,4.000000,0.000000,0.000000,96.000000,96.000000,96.000000,100.000000,100.000000,5.0,57.7791,55.4987,423.7132,425.9936,PENDING_AG03,FALSE,NOT_FOR_ENFORCEMENT,462.2326,25995.8661,481.4923,462.2326,19.2597,0.01590998,0.01527358,19.2597,462.2326,0.01527358,19.2597,19.2597,19.2597,0.0000,0.0000,462.2326,0.01527358,57.7791,55.4987,423.7132,425.9936,0.01400079,0.01407614,0.00063640,32.9668,29.5300,0.5251,40.1244,5.8011,2521.9610,76.4167,,32.9668,15.7056,26.3317,39.4976,53.6607,78.9952,131.129,26.176,0.0,3.0,4.979886,1.251981,13,60,15,3,0E-8,0.01590998,,0E-8,0.000000,0.894774,0.006536,,2026-03-21,2026-04-10,12,83,53,21,0.571429,,,0.000000,,,,,,,,GLOBAL_BASELINE_NO_ENTITY_RANKING,,,NOT_APPLICABLE_GLOBAL_BASELINE,HF9g-P5,,,,X 全窗基线 · 不参与实体赏罚,8391627,840,A168_HF9F_20260827_0900,2026-08-27 09:00:00
2026-04-06,111638587,2160,0,473.7847813002,-26.1759547680,-26.1759547680,0.5000000,15,15,0.49324550000000000,0.493245500000,0.050550662421454985,0.050550662421454985,0.050550662421454985,0E-17,ELIGIBLE,R03b_20260811_FULL_v1,L1_ELIGIBILITY,v2026-08-11,2026-03-21..2026-08-06,baccarat_bet02_101_all_pairs_incl_sentinel,round_win = game_pnl > 0 (decisive only),COMPATIBILITY_ONLY_NOT_PRODUCTION,30263.5321,27079.0272,481.4923,918,917,-0.01590998,,-0.01590998,-0.01590998,-481.4923,30263.5321,OK,0.0000,19.2597,4.0000,96.0000,AG03-UNRESOLVED,ALL5_LEVELS_bet23_to_bet27,19.2597,19.2597,19.2597,0.0000,0.0000,4.000000,4.000000,4.000000,0.000000,0.000000,96.000000,96.000000,96.000000,100.000000,100.000000,5.0,57.7791,55.4987,423.7132,425.9936,PENDING_AG03,FALSE,NOT_FOR_ENFORCEMENT,462.2326,25995.8661,481.4923,462.2326,19.2597,0.01590998,0.01527358,19.2597,462.2326,0.01527358,19.2597,19.2597,19.2597,0.0000,0.0000,462.2326,0.01527358,57.7791,55.4987,423.7132,425.9936,0.01400079,0.01407614,0.00063640,32.9668,29.5300,0.5251,40.1244,5.8011,2521.9610,76.4167,,32.9668,15.7056,26.3317,39.4976,53.6607,78.9952,131.129,26.176,0.0,3.0,4.979886,1.251981,13,60,15,3,0E-8,0.01590998,,0E-8,0.000000,0.894774,0.006536,,2026-03-21,2026-04-10,12,83,53,21,0.571429,,,0.000000,,,,,,,,GLOBAL_BASELINE_NO_ENTITY_RANKING,,,NOT_APPLICABLE_GLOBAL_BASELINE,HF9g-P5,,,,X 全窗基线 · 不参与实体赏罚,8391628,840,A168_HF9F_20260827_0900,2026-08-27 09:00:00
2026-04-07,111638587,2267,0,10.4703819072,-10.4703819072,-10.4703819072,0E-7,1,1,0.50665070000000000,0.506650700000,-1.013391052207602,-1.013391052207602,-1.013391052207602,0E-17,ELIGIBLE,R03b_20260811_FULL_v1,L1_ELIGIBILITY,v2026-08-11,2026-03-21..2026-08-06,baccarat_bet02_101_all_pairs_incl_sentinel,round_win = game_pnl > 0 (decisive only),COMPATIBILITY_ONLY_NOT_PRODUCTION,30263.5321,27079.0272,481.4923,918,917,-0.01590998,,-0.01590998,-0.01590998,-481.4923,30263.5321,OK,0.0000,19.2597,4.0000,96.0000,AG03-UNRESOLVED,ALL5_LEVELS_bet23_to_bet27,19.2597,19.2597,19.2597,0.0000,0.0000,4.000000,4.000000,4.000000,0.000000,0.000000,96.000000,96.000000,96.000000,100.000000,100.000000,5.0,57.7791,55.4987,423.7132,425.9936,PENDING_AG03,FALSE,NOT_FOR_ENFORCEMENT,462.2326,25995.8661,481.4923,462.2326,19.2597,0.01590998,0.01527358,19.2597,462.2326,0.01527358,19.2597,19.2597,19.2597,0.0000,0.0000,462.2326,0.01527358,57.7791,55.4987,423.7132,425.9936,0.01400079,0.01407614,0.00063640,32.9668,29.5300,0.5251,40.1244,5.8011,2521.9610,76.4167,,32.9668,15.7056,26.3317,39.4976,53.6607,78.9952,131.129,26.176,0.0,3.0,4.979886,1.251981,13,60,15,3,0E-8,0.01590998,,0E-8,0.000000,0.894774,0.006536,,2026-03-21,2026-04-10,12,83,53,21,0.571429,,,0.000000,,,,,,,,GLOBAL_BASELINE_NO_ENTITY_RANKING,,,NOT_APPLICABLE_GLOBAL_BASELINE,HF9g-P5,,,,X 全窗基线 · 不参与实体赏罚,8391629,840,A168_HF9F_20260827_0900,2026-08-27 09:00:00
2026-04-10,111638587,2145,0,22.2495615528,22.2495615528,22.2495615528,1.0000000,1,1,0.49324550000000000,0.493245500000,1.01360149184955,1.01360149184955,1.01360149184955,0E-17,ELIGIBLE,R03b_20260811_FULL_v1,L1_ELIGIBILITY,v2026-08-11,2026-03-21..2026-08-06,baccarat_bet02_101_all_pairs_incl_sentinel,round_win = game_pnl > 0 (decisive only),COMPATIBILITY_ONLY_NOT_PRODUCTION,30263.5321,27079.0272,481.4923,918,917,-0.01590998,,-0.01590998,-0.01590998,-481.4923,30263.5321,OK,0.0000,19.2597,4.0000,96.0000,AG03-UNRESOLVED,ALL5_LEVELS_bet23_to_bet27,19.2597,19.2597,19.2597,0.0000,0.0000,4.000000,4.000000,4.000000,0.000000,0.000000,96.000000,96.000000,96.000000,100.000000,100.000000,5.0,57.7791,55.4987,423.7132,425.9936,PENDING_AG03,FALSE,NOT_FOR_ENFORCEMENT,462.2326,25995.8661,481.4923,462.2326,19.2597,0.01590998,0.01527358,19.2597,462.2326,0.01527358,19.2597,19.2597,19.2597,0.0000,0.0000,462.2326,0.01527358,57.7791,55.4987,423.7132,425.9936,0.01400079,0.01407614,0.00063640,32.9668,29.5300,0.5251,40.1244,5.8011,2521.9610,76.4167,,32.9668,15.7056,26.3317,39.4976,53.6607,78.9952,131.129,26.176,0.0,3.0,4.979886,1.251981,13,60,15,3,0E-8,0.01590998,,0E-8,0.000000,0.894774,0.006536,,2026-03-21,2026-04-10,12,83,53,21,0.571429,,,0.000000,,,,,,,,GLOBAL_BASELINE_NO_ENTITY_RANKING,,,NOT_APPLICABLE_GLOBAL_BASELINE,HF9g-P5,,,,X 全窗基线 · 不参与实体赏罚,8391630,840,A168_HF9F_20260827_0900,2026-08-27 09:00:00
2026-04-10,111638587,471,0,41.8815276287,-13.0879773840,-13.0879773840,0E-7,2,2,0.50665070000000000,0.506650700000,-1.013391052207602,-1.013391052207602,-1.013391052207602,0E-17,ELIGIBLE,R03b_20260811_FULL_v1,L1_ELIGIBILITY,v2026-08-11,2026-03-21..2026-08-06,baccarat_bet02_101_all_pairs_incl_sentinel,round_win = game_pnl > 0 (decisive only),COMPATIBILITY_ONLY_NOT_PRODUCTION,30263.5321,27079.0272,481.4923,918,917,-0.01590998,,-0.01590998,-0.01590998,-481.4923,30263.5321,OK,0.0000,19.2597,4.0000,96.0000,AG03-UNRESOLVED,ALL5_LEVELS_bet23_to_bet27,19.2597,19.2597,19.2597,0.0000,0.0000,4.000000,4.000000,4.000000,0.000000,0.000000,96.000000,96.000000,96.000000,100.000000,100.000000,5.0,57.7791,55.4987,423.7132,425.9936,PENDING_AG03,FALSE,NOT_FOR_ENFORCEMENT,462.2326,25995.8661,481.4923,462.2326,19.2597,0.01590998,0.01527358,19.2597,462.2326,0.01527358,19.2597,19.2597,19.2597,0.0000,0.0000,462.2326,0.01527358,57.7791,55.4987,423.7132,425.9936,0.01400079,0.01407614,0.00063640,32.9668,29.5300,0.5251,40.1244,5.8011,2521.9610,76.4167,,32.9668,15.7056,26.3317,39.4976,53.6607,78.9952,131.129,26.176,0.0,3.0,4.979886,1.251981,13,60,15,3,0E-8,0.01590998,,0E-8,0.000000,0.894774,0.006536,,2026-03-21,2026-04-10,12,83,53,21,0.571429,,,0.000000,,,,,,,,GLOBAL_BASELINE_NO_ENTITY_RANKING,,,NOT_APPLICABLE_GLOBAL_BASELINE,HF9g-P5,,,,X 全窗基线 · 不参与实体赏罚,8391631,840,A168_HF9F_20260827_0900,2026-08-27 09:00:00
2026-04-14,142615618,-1,1,123.5505065049,43.3212051409,43.3212051409,0.7500000,8,8,0.49994810000000000,0.499948100000,1.414507160728905,1.414507160728905,1.414507160728905,0E-17,SENTINEL_DEALER,R03b_20260811_FULL_v1,L1_ELIGIBILITY,v2026-08-11,2026-03-21..2026-08-06,baccarat_bet02_101_all_pairs_incl_sentinel,round_win = game_pnl > 0 (decisive only),COMPATIBILITY_ONLY_NOT_PRODUCTION,41482.8302,37695.3747,481.4946,2758,2236,-0.01160708,-0.15915119,-0.01126008,-0.01160708,-481.4946,41482.8302,OK,0.0000,19.2598,4.0000,96.0000,AG03-UNRESOLVED,ALL5_LEVELS_bet23_to_bet27,19.2598,19.2598,19.2598,24.0747,24.0747,4.000000,4.000000,4.000000,5.000000,5.000000,96.000000,96.000000,96.000000,95.000000,95.000000,5.0,105.9288,97.0336,375.5658,384.461,PENDING_AG03,FALSE,NOT_FOR_ENFORCEMENT,462.2348,36187.5597,481.4946,462.2348,19.2598,0.01160708,0.01114280,19.2598,462.2348,0.01114280,19.2598,19.2598,19.2598,24.0747,24.0747,462.2348,0.01114280,105.9288,97.0336,375.5658,384.461,0.00905352,0.00926795,0.00046428,15.0409,16.8584,0.2153,11.7438,0.4291,1011.7763,54.5366,10.8148,15.0547,10.2862,13.088,13.088,26.176,34.6568,52.3519,13.088,-5.1891,2.647988,4.0,1.149216,29,158,24,5,0.00234634,0.01160708,0.15915119,0E-8,0.000000,0.908698,0.000000,-0.14789112,2026-04-14,2026-07-10,41,1122,472,88,0.465909,0.718364,0.719024,0.007821,,,,,,,,GLOBAL_BASELINE_NO_ENTITY_RANKING,,,NOT_APPLICABLE_GLOBAL_BASELINE,HF9g-P5,,,,X 全窗基线 · 不参与实体赏罚,8391632,840,A168_HF9F_20260827_0900,2026-08-27 09:00:00
2026-04-14,142615618,1307,0,8.3763055257,8.3763055257,8.3763055257,1.0000000,1,1,0.49324550000000000,0.493245500000,1.01360149184955,1.01360149184955,1.01360149184955,0E-17,ELIGIBLE,R03b_20260811_FULL_v1,L1_ELIGIBILITY,v2026-08-11,2026-03-21..2026-08-06,baccarat_bet02_101_all_pairs_incl_sentinel,round_win = game_pnl > 0 (decisive only),COMPATIBILITY_ONLY_NOT_PRODUCTION,41482.8302,37695.3747,481.4946,2758,2236,-0.01160708,-0.15915119,-0.01126008,-0.01160708,-481.4946,41482.8302,OK,0.0000,19.2598,4.0000,96.0000,AG03-UNRESOLVED,ALL5_LEVELS_bet23_to_bet27,19.2598,19.2598,19.2598,24.0747,24.0747,4.000000,4.000000,4.000000,5.000000,5.000000,96.000000,96.000000,96.000000,95.000000,95.000000,5.0,105.9288,97.0336,375.5658,384.461,PENDING_AG03,FALSE,NOT_FOR_ENFORCEMENT,462.2348,36187.5597,481.4946,462.2348,19.2598,0.01160708,0.01114280,19.2598,462.2348,0.01114280,19.2598,19.2598,19.2598,24.0747,24.0747,462.2348,0.01114280,105.9288,97.0336,375.5658,384.461,0.00905352,0.00926795,0.00046428,15.0409,16.8584,0.2153,11.7438,0.4291,1011.7763,54.5366,10.8148,15.0547,10.2862,13.088,13.088,26.176,34.6568,52.3519,13.088,-5.1891,2.647988,4.0,1.149216,29,158,24,5,0.00234634,0.01160708,0.15915119,0E-8,0.000000,0.908698,0.000000,-0.14789112,2026-04-14,2026-07-10,41,1122,472,88,0.465909,0.718364,0.719024,0.007821,,,,,,,,GLOBAL_BASELINE_NO_ENTITY_RANKING,,,NOT_APPLICABLE_GLOBAL_BASELINE,HF9g-P5,,,,X 全窗基线 · 不参与实体赏罚,8391633,840,A168_HF9F_20260827_0900,2026-08-27 09:00:00
2026-04-14,142615618,1383,0,35.0757793891,-35.0757793891,-35.0757793891,0E-7,1,1,0.50665070000000000,0.506650700000,-1.013391052207602,-1.013391052207602,-1.013391052207602,0E-17,ELIGIBLE,R03b_20260811_FULL_v1,L1_ELIGIBILITY,v2026-08-11,2026-03-21..2026-08-06,baccarat_bet02_101_all_pairs_incl_sentinel,round_win = game_pnl > 0 (decisive only),COMPATIBILITY_ONLY_NOT_PRODUCTION,41482.8302,37695.3747,481.4946,2758,2236,-0.01160708,-0.15915119,-0.01126008,-0.01160708,-481.4946,41482.8302,OK,0.0000,19.2598,4.0000,96.0000,AG03-UNRESOLVED,ALL5_LEVELS_bet23_to_bet27,19.2598,19.2598,19.2598,24.0747,24.0747,4.000000,4.000000,4.000000,5.000000,5.000000,96.000000,96.000000,96.000000,95.000000,95.000000,5.0,105.9288,97.0336,375.5658,384.461,PENDING_AG03,FALSE,NOT_FOR_ENFORCEMENT,462.2348,36187.5597,481.4946,462.2348,19.2598,0.01160708,0.01114280,19.2598,462.2348,0.01114280,19.2598,19.2598,19.2598,24.0747,24.0747,462.2348,0.01114280,105.9288,97.0336,375.5658,384.461,0.00905352,0.00926795,0.00046428,15.0409,16.8584,0.2153,11.7438,0.4291,1011.7763,54.5366,10.8148,15.0547,10.2862,13.088,13.088,26.176,34.6568,52.3519,13.088,-5.1891,2.647988,4.0,1.149216,29,158,24,5,0.00234634,0.01160708,0.15915119,0E-8,0.000000,0.908698,0.000000,-0.14789112,2026-04-14,2026-07-10,41,1122,472,88,0.465909,0.718364,0.719024,0.007821,,,,,,,,GLOBAL_BASELINE_NO_ENTITY_RANKING,,,NOT_APPLICABLE_GLOBAL_BASELINE,HF9g-P5,,,,X 全窗基线 · 不参与实体赏罚,8391634,840,A168_HF9F_20260827_0900,2026-08-27 09:00:00
2026-04-14,142615618,1401,0,26.1759547680,-0.6543988692,-0.6543988692,0.5000000,2,2,0.49994810000000000,0.499948100000,0.00014679536856514622,0.00014679536856514622,0.00014679536856514622,0E-17,ELIGIBLE,R03b_20260811_FULL_v1,L1_ELIGIBILITY,v2026-08-11,2026-03-21..2026-08-06,baccarat_bet02_101_all_pairs_incl_sentinel,round_win = game_pnl > 0 (decisive only),COMPATIBILITY_ONLY_NOT_PRODUCTION,41482.8302,37695.3747,481.4946,2758,2236,-0.01160708,-0.15915119,-0.01126008,-0.01160708,-481.4946,41482.8302,OK,0.0000,19.2598,4.0000,96.0000,AG03-UNRESOLVED,ALL5_LEVELS_bet23_to_bet27,19.2598,19.2598,19.2598,24.0747,24.0747,4.000000,4.000000,4.000000,5.000000,5.000000,96.000000,96.000000,96.000000,95.000000,95.000000,5.0,105.9288,97.0336,375.5658,384.461,PENDING_AG03,FALSE,NOT_FOR_ENFORCEMENT,462.2348,36187.5597,481.4946,462.2348,19.2598,0.01160708,0.01114280,19.2598,462.2348,0.01114280,19.2598,19.2598,19.2598,24.0747,24.0747,462.2348,0.01114280,105.9288,97.0336,375.5658,384.461,0.00905352,0.00926795,0.00046428,15.0409,16.8584,0.2153,11.7438,0.4291,1011.7763,54.5366,10.8148,15.0547,10.2862,13.088,13.088,26.176,34.6568,52.3519,13.088,-5.1891,2.647988,4.0,1.149216,29,158,24,5,0.00234634,0.01160708,0.15915119,0E-8,0.000000,0.908698,0.000000,-0.14789112,2026-04-14,2026-07-10,41,1122,472,88,0.465909,0.718364,0.719024,0.007821,,,,,,,,GLOBAL_BASELINE_NO_ENTITY_RANKING,,,NOT_APPLICABLE_GLOBAL_BASELINE,HF9g-P5,,,,X 全窗基线 · 不参与实体赏罚,8391635,840,A168_HF9F_20260827_0900,2026-08-27 09:00:00
2026-04-14,142615618,1645,0,26.1759547680,-26.1759547680,-26.1759547680,0E-7,1,1,0.50665070000000000,0.506650700000,-1.013391052207602,-1.013391052207602,-1.013391052207602,0E-17,ELIGIBLE,R03b_20260811_FULL_v1,L1_ELIGIBILITY,v2026-08-11,2026-03-21..2026-08-06,baccarat_bet02_101_all_pairs_incl_sentinel,round_win = game_pnl > 0 (decisive only),COMPATIBILITY_ONLY_NOT_PRODUCTION,41482.8302,37695.3747,481.4946,2758,2236,-0.01160708,-0.15915119,-0.01126008,-0.01160708,-481.4946,41482.8302,OK,0.0000,19.2598,4.0000,96.0000,AG03-UNRESOLVED,ALL5_LEVELS_bet23_to_bet27,19.2598,19.2598,19.2598,24.0747,24.0747,4.000000,4.000000,4.000000,5.000000,5.000000,96.000000,96.000000,96.000000,95.000000,95.000000,5.0,105.9288,97.0336,375.5658,384.461,PENDING_AG03,FALSE,NOT_FOR_ENFORCEMENT,462.2348,36187.5597,481.4946,462.2348,19.2598,0.01160708,0.01114280,19.2598,462.2348,0.01114280,19.2598,19.2598,19.2598,24.0747,24.0747,462.2348,0.01114280,105.9288,97.0336,375.5658,384.461,0.00905352,0.00926795,0.00046428,15.0409,16.8584,0.2153,11.7438,0.4291,1011.7763,54.5366,10.8148,15.0547,10.2862,13.088,13.088,26.176,34.6568,52.3519,13.088,-5.1891,2.647988,4.0,1.149216,29,158,24,5,0.00234634,0.01160708,0.15915119,0E-8,0.000000,0.908698,0.000000,-0.14789112,2026-04-14,2026-07-10,41,1122,472,88,0.465909,0.718364,0.719024,0.007821,,,,,,,,GLOBAL_BASELINE_NO_ENTITY_RANKING,,,NOT_APPLICABLE_GLOBAL_BASELINE,HF9g-P5,,,,X 全窗基线 · 不参与实体赏罚,8391636,840,A168_HF9F_20260827_0900,2026-08-27 09:00:00
2026-04-14,142615618,1990,0,25.3906761249,0E-10,0E-10,,1,1,0.50665070000000000,0.506650700000,,,,0E-17,NO_DECISIVE_ROUND,R03b_20260811_FULL_v1,L1_ELIGIBILITY,v2026-08-11,2026-03-21..2026-08-06,baccarat_bet02_101_all_pairs_incl_sentinel,round_win = game_pnl > 0 (decisive only),COMPATIBILITY_ONLY_NOT_PRODUCTION,41482.8302,37695.3747,481.4946,2758,2236,-0.01160708,-0.15915119,-0.01126008,-0.01160708,-481.4946,41482.8302,OK,0.0000,19.2598,4.0000,96.0000,AG03-UNRESOLVED,ALL5_LEVELS_bet23_to_bet27,19.2598,19.2598,19.2598,24.0747,24.0747,4.000000,4.000000,4.000000,5.000000,5.000000,96.000000,96.000000,96.000000,95.000000,95.000000,5.0,105.9288,97.0336,375.5658,384.461,PENDING_AG03,FALSE,NOT_FOR_ENFORCEMENT,462.2348,36187.5597,481.4946,462.2348,19.2598,0.01160708,0.01114280,19.2598,462.2348,0.01114280,19.2598,19.2598,19.2598,24.0747,24.0747,462.2348,0.01114280,105.9288,97.0336,375.5658,384.461,0.00905352,0.00926795,0.00046428,15.0409,16.8584,0.2153,11.7438,0.4291,1011.7763,54.5366,10.8148,15.0547,10.2862,13.088,13.088,26.176,34.6568,52.3519,13.088,-5.1891,2.647988,4.0,1.149216,29,158,24,5,0.00234634,0.01160708,0.15915119,0E-8,0.000000,0.908698,0.000000,-0.14789112,2026-04-14,2026-07-10,41,1122,472,88,0.465909,0.718364,0.719024,0.007821,,,,,,,,GLOBAL_BASELINE_NO_ENTITY_RANKING,,,NOT_APPLICABLE_GLOBAL_BASELINE,HF9g-P5,,,,X 全窗基线 · 不参与实体赏罚,8391637,840,A168_HF9F_20260827_0900,2026-08-27 09:00:00
2026-04-14,142615618,1994,0,25.3906761249,-25.3906761249,-25.3906761249,0E-7,1,1,0.50665070000000000,0.506650700000,-1.013391052207602,-1.013391052207602,-1.013391052207602,0E-17,ELIGIBLE,R03b_20260811_FULL_v1,L1_ELIGIBILITY,v2026-08-11,2026-03-21..2026-08-06,baccarat_bet02_101_all_pairs_incl_sentinel,round_win = game_pnl > 0 (decisive only),COMPATIBILITY_ONLY_NOT_PRODUCTION,41482.8302,37695.3747,481.4946,2758,2236,-0.01160708,-0.15915119,-0.01126008,-0.01160708,-481.4946,41482.8302,OK,0.0000,19.2598,4.0000,96.0000,AG03-UNRESOLVED,ALL5_LEVELS_bet23_to_bet27,19.2598,19.2598,19.2598,24.0747,24.0747,4.000000,4.000000,4.000000,5.000000,5.000000,96.000000,96.000000,96.000000,95.000000,95.000000,5.0,105.9288,97.0336,375.5658,384.461,PENDING_AG03,FALSE,NOT_FOR_ENFORCEMENT,462.2348,36187.5597,481.4946,462.2348,19.2598,0.01160708,0.01114280,19.2598,462.2348,0.01114280,19.2598,19.2598,19.2598,24.0747,24.0747,462.2348,0.01114280,105.9288,97.0336,375.5658,384.461,0.00905352,0.00926795,0.00046428,15.0409,16.8584,0.2153,11.7438,0.4291,1011.7763,54.5366,10.8148,15.0547,10.2862,13.088,13.088,26.176,34.6568,52.3519,13.088,-5.1891,2.647988,4.0,1.149216,29,158,24,5,0.00234634,0.01160708,0.15915119,0E-8,0.000000,0.908698,0.000000,-0.14789112,2026-04-14,2026-07-10,41,1122,472,88,0.465909,0.718364,0.719024,0.007821,,,,,,,,GLOBAL_BASELINE_NO_ENTITY_RANKING,,,NOT_APPLICABLE_GLOBAL_BASELINE,HF9g-P5,,,,X 全窗基线 · 不参与实体赏罚,8391638,840,A168_HF9F_20260827_0900,2026-08-27 09:00:00
2026-04-14,142615618,2160,0,54.1842263697,17.5378896945,17.5378896945,0.5000000,4,2,0.44646599948977478,0.293924150000,0.15229244176663537,0.6397330434626627,0.15229244176663537,0.15254184948977478,ELIGIBLE,R03b_20260811_FULL_v1,L1_ELIGIBILITY,v2026-08-11,2026-03-21..2026-08-06,baccarat_bet02_101_all_pairs_incl_sentinel,round_win = game_pnl > 0 (decisive only),COMPATIBILITY_ONLY_NOT_PRODUCTION,41482.8302,37695.3747,481.4946,2758,2236,-0.01160708,-0.15915119,-0.01126008,-0.01160708,-481.4946,41482.8302,OK,0.0000,19.2598,4.0000,96.0000,AG03-UNRESOLVED,ALL5_LEVELS_bet23_to_bet27,19.2598,19.2598,19.2598,24.0747,24.0747,4.000000,4.000000,4.000000,5.000000,5.000000,96.000000,96.000000,96.000000,95.000000,95.000000,5.0,105.9288,97.0336,375.5658,384.461,PENDING_AG03,FALSE,NOT_FOR_ENFORCEMENT,462.2348,36187.5597,481.4946,462.2348,19.2598,0.01160708,0.01114280,19.2598,462.2348,0.01114280,19.2598,19.2598,19.2598,24.0747,24.0747,462.2348,0.01114280,105.9288,97.0336,375.5658,384.461,0.00905352,0.00926795,0.00046428,15.0409,16.8584,0.2153,11.7438,0.4291,1011.7763,54.5366,10.8148,15.0547,10.2862,13.088,13.088,26.176,34.6568,52.3519,13.088,-5.1891,2.647988,4.0,1.149216,29,158,24,5,0.00234634,0.01160708,0.15915119,0E-8,0.000000,0.908698,0.000000,-0.14789112,2026-04-14,2026-07-10,41,1122,472,88,0.465909,0.718364,0.719024,0.007821,,,,,,,,GLOBAL_BASELINE_NO_ENTITY_RANKING,,,NOT_APPLICABLE_GLOBAL_BASELINE,HF9g-P5,,,,X 全窗基线 · 不参与实体赏罚,8391639,840,A168_HF9F_20260827_0900,2026-08-27 09:00:00
2026-04-14,142615618,2170,0,7.8527864304,2.6175954768,2.6175954768,1.0000000,2,1,0.36036460000000000,0.293924150000,1.3322790070060766,1.549915577879723,1.3322790070060766,0.06644045000000000,ELIGIBLE,R03b_20260811_FULL_v1,L1_ELIGIBILITY,v2026-08-11,2026-03-21..2026-08-06,baccarat_bet02_101_all_pairs_incl_sentinel,round_win = game_pnl > 0 (decisive only),COMPATIBILITY_ONLY_NOT_PRODUCTION,41482.8302,37695.3747,481.4946,2758,2236,-0.01160708,-0.15915119,-0.01126008,-0.01160708,-481.4946,41482.8302,OK,0.0000,19.2598,4.0000,96.0000,AG03-UNRESOLVED,ALL5_LEVELS_bet23_to_bet27,19.2598,19.2598,19.2598,24.0747,24.0747,4.000000,4.000000,4.000000,5.000000,5.000000,96.000000,96.000000,96.000000,95.000000,95.000000,5.0,105.9288,97.0336,375.5658,384.461,PENDING_AG03,FALSE,NOT_FOR_ENFORCEMENT,462.2348,36187.5597,481.4946,462.2348,19.2598,0.01160708,0.01114280,19.2598,462.2348,0.01114280,19.2598,19.2598,19.2598,24.0747,24.0747,462.2348,0.01114280,105.9288,97.0336,375.5658,384.461,0.00905352,0.00926795,0.00046428,15.0409,16.8584,0.2153,11.7438,0.4291,1011.7763,54.5366,10.8148,15.0547,10.2862,13.088,13.088,26.176,34.6568,52.3519,13.088,-5.1891,2.647988,4.0,1.149216,29,158,24,5,0.00234634,0.01160708,0.15915119,0E-8,0.000000,0.908698,0.000000,-0.14789112,2026-04-14,2026-07-10,41,1122,472,88,0.465909,0.718364,0.719024,0.007821,,,,,,,,GLOBAL_BASELINE_NO_ENTITY_RANKING,,,NOT_APPLICABLE_GLOBAL_BASELINE,HF9g-P5,,,,X 全窗基线 · 不参与实体赏罚,8391640,840,A168_HF9F_20260827_0900,2026-08-27 09:00:00
2026-04-14,142615618,2229,0,34.0287411984,-8.5071852996,-8.5071852996,0.3333333,4,3,0.32053936666666667,0.298392550000,0.0474835308279908,0.13226720629658262,0.0474835308279908,0.02214681666666667,ELIGIBLE,R03b_20260811_FULL_v1,L1_ELIGIBILITY,v2026-08-11,2026-03-21..2026-08-06,baccarat_bet02_101_all_pairs_incl_sentinel,round_win = game_pnl > 0 (decisive only),COMPATIBILITY_ONLY_NOT_PRODUCTION,41482.8302,37695.3747,481.4946,2758,2236,-0.01160708,-0.15915119,-0.01126008,-0.01160708,-481.4946,41482.8302,OK,0.0000,19.2598,4.0000,96.0000,AG03-UNRESOLVED,ALL5_LEVELS_bet23_to_bet27,19.2598,19.2598,19.2598,24.0747,24.0747,4.000000,4.000000,4.000000,5.000000,5.000000,96.000000,96.000000,96.000000,95.000000,95.000000,5.0,105.9288,97.0336,375.5658,384.461,PENDING_AG03,FALSE,NOT_FOR_ENFORCEMENT,462.2348,36187.5597,481.4946,462.2348,19.2598,0.01160708,0.01114280,19.2598,462.2348,0.01114280,19.2598,19.2598,19.2598,24.0747,24.0747,462.2348,0.01114280,105.9288,97.0336,375.5658,384.461,0.00905352,0.00926795,0.00046428,15.0409,16.8584,0.2153,11.7438,0.4291,1011.7763,54.5366,10.8148,15.0547,10.2862,13.088,13.088,26.176,34.6568,52.3519,13.088,-5.1891,2.647988,4.0,1.149216,29,158,24,5,0.00234634,0.01160708,0.15915119,0E-8,0.000000,0.908698,0.000000,-0.14789112,2026-04-14,2026-07-10,41,1122,472,88,0.465909,0.718364,0.719024,0.007821,,,,,,,,GLOBAL_BASELINE_NO_ENTITY_RANKING,,,NOT_APPLICABLE_GLOBAL_BASELINE,HF9g-P5,,,,X 全窗基线 · 不参与实体赏罚,8391641,840,A168_HF9F_20260827_0900,2026-08-27 09:00:00
2026-04-14,142615618,2235,0,13.0879773840,-13.0879773840,-13.0879773840,0E-7,1,1,0.49324550000000000,0.493245500000,-0.9865810262130424,-0.9865810262130424,-0.9865810262130424,0E-17,ELIGIBLE,R03b_20260811_FULL_v1,L1_ELIGIBILITY,v2026-08-11,2026-03-21..2026-08-06,baccarat_bet02_101_all_pairs_incl_sentinel,round_win = game_pnl > 0 (decisive only),COMPATIBILITY_ONLY_NOT_PRODUCTION,41482.8302,37695.3747,481.4946,2758,2236,-0.01160708,-0.15915119,-0.01126008,-0.01160708,-481.4946,41482.8302,OK,0.0000,19.2598,4.0000,96.0000,AG03-UNRESOLVED,ALL5_LEVELS_bet23_to_bet27,19.2598,19.2598,19.2598,24.0747,24.0747,4.000000,4.000000,4.000000,5.000000,5.000000,96.000000,96.000000,96.000000,95.000000,95.000000,5.0,105.9288,97.0336,375.5658,384.461,PENDING_AG03,FALSE,NOT_FOR_ENFORCEMENT,462.2348,36187.5597,481.4946,462.2348,19.2598,0.01160708,0.01114280,19.2598,462.2348,0.01114280,19.2598,19.2598,19.2598,24.0747,24.0747,462.2348,0.01114280,105.9288,97.0336,375.5658,384.461,0.00905352,0.00926795,0.00046428,15.0409,16.8584,0.2153,11.7438,0.4291,1011.7763,54.5366,10.8148,15.0547,10.2862,13.088,13.088,26.176,34.6568,52.3519,13.088,-5.1891,2.647988,4.0,1.149216,29,158,24,5,0.00234634,0.01160708,0.15915119,0E-8,0.000000,0.908698,0.000000,-0.14789112,2026-04-14,2026-07-10,41,1122,472,88,0.465909,0.718364,0.719024,0.007821,,,,,,,,GLOBAL_BASELINE_NO_ENTITY_RANKING,,,NOT_APPLICABLE_GLOBAL_BASELINE,HF9g-P5,,,,X 全窗基线 · 不参与实体赏罚,8391642,840,A168_HF9F_20260827_0900,2026-08-27 09:00:00
2026-04-14,142615618,462,0,7.8527864304,-7.8527864304,-7.8527864304,0E-7,2,1,0.36036460000000000,0.293924150000,-0.7505935278881406,-0.6451964315166089,-0.7505935278881406,0.06644045000000000,ELIGIBLE,R03b_20260811_FULL_v1,L1_ELIGIBILITY,v2026-08-11,2026-03-21..2026-08-06,baccarat_bet02_101_all_pairs_incl_sentinel,round_win = game_pnl > 0 (decisive only),COMPATIBILITY_ONLY_NOT_PRODUCTION,41482.8302,37695.3747,481.4946,2758,2236,-0.01160708,-0.15915119,-0.01126008,-0.01160708,-481.4946,41482.8302,OK,0.0000,19.2598,4.0000,96.0000,AG03-UNRESOLVED,ALL5_LEVELS_bet23_to_bet27,19.2598,19.2598,19.2598,24.0747,24.0747,4.000000,4.000000,4.000000,5.000000,5.000000,96.000000,96.000000,96.000000,95.000000,95.000000,5.0,105.9288,97.0336,375.5658,384.461,PENDING_AG03,FALSE,NOT_FOR_ENFORCEMENT,462.2348,36187.5597,481.4946,462.2348,19.2598,0.01160708,0.01114280,19.2598,462.2348,0.01114280,19.2598,19.2598,19.2598,24.0747,24.0747,462.2348,0.01114280,105.9288,97.0336,375.5658,384.461,0.00905352,0.00926795,0.00046428,15.0409,16.8584,0.2153,11.7438,0.4291,1011.7763,54.5366,10.8148,15.0547,10.2862,13.088,13.088,26.176,34.6568,52.3519,13.088,-5.1891,2.647988,4.0,1.149216,29,158,24,5,0.00234634,0.01160708,0.15915119,0E-8,0.000000,0.908698,0.000000,-0.14789112,2026-04-14,2026-07-10,41,1122,472,88,0.465909,0.718364,0.719024,0.007821,,,,,,,,GLOBAL_BASELINE_NO_ENTITY_RANKING,,,NOT_APPLICABLE_GLOBAL_BASELINE,HF9g-P5,,,,X 全窗基线 · 不参与实体赏罚,8391643,840,A168_HF9F_20260827_0900,2026-08-27 09:00:00
2026-04-14,142615618,526,0,19.6319660760,19.6319660760,19.6319660760,1.0000000,1,1,0.49324550000000000,0.493245500000,1.01360149184955,1.01360149184955,1.01360149184955,0E-17,ELIGIBLE,R03b_20260811_FULL_v1,L1_ELIGIBILITY,v2026-08-11,2026-03-21..2026-08-06,baccarat_bet02_101_all_pairs_incl_sentinel,round_win = game_pnl > 0 (decisive only),COMPATIBILITY_ONLY_NOT_PRODUCTION,41482.8302,37695.3747,481.4946,2758,2236,-0.01160708,-0.15915119,-0.01126008,-0.01160708,-481.4946,41482.8302,OK,0.0000,19.2598,4.0000,96.0000,AG03-UNRESOLVED,ALL5_LEVELS_bet23_to_bet27,19.2598,19.2598,19.2598,24.0747,24.0747,4.000000,4.000000,4.000000,5.000000,5.000000,96.000000,96.000000,96.000000,95.000000,95.000000,5.0,105.9288,97.0336,375.5658,384.461,PENDING_AG03,FALSE,NOT_FOR_ENFORCEMENT,462.2348,36187.5597,481.4946,462.2348,19.2598,0.01160708,0.01114280,19.2598,462.2348,0.01114280,19.2598,19.2598,19.2598,24.0747,24.0747,462.2348,0.01114280,105.9288,97.0336,375.5658,384.461,0.00905352,0.00926795,0.00046428,15.0409,16.8584,0.2153,11.7438,0.4291,1011.7763,54.5366,10.8148,15.0547,10.2862,13.088,13.088,26.176,34.6568,52.3519,13.088,-5.1891,2.647988,4.0,1.149216,29,158,24,5,0.00234634,0.01160708,0.15915119,0E-8,0.000000,0.908698,0.000000,-0.14789112,2026-04-14,2026-07-10,41,1122,472,88,0.465909,0.718364,0.719024,0.007821,,,,,,,,GLOBAL_BASELINE_NO_ENTITY_RANKING,,,NOT_APPLICABLE_GLOBAL_BASELINE,HF9g-P5,,,,X 全窗基线 · 不参与实体赏罚,8391644,840,A168_HF9F_20260827_0900,2026-08-27 09:00:00
2026-04-14,142615618,583,0,8.1145459781,8.1145459781,8.1145459781,1.0000000,1,1,0.49324550000000000,0.493245500000,1.01360149184955,1.01360149184955,1.01360149184955,0E-17,ELIGIBLE,R03b_20260811_FULL_v1,L1_ELIGIBILITY,v2026-08-11,2026-03-21..2026-08-06,baccarat_bet02_101_all_pairs_incl_sentinel,round_win = game_pnl > 0 (decisive only),COMPATIBILITY_ONLY_NOT_PRODUCTION,41482.8302,37695.3747,481.4946,2758,2236,-0.01160708,-0.15915119,-0.01126008,-0.01160708,-481.4946,41482.8302,OK,0.0000,19.2598,4.0000,96.0000,AG03-UNRESOLVED,ALL5_LEVELS_bet23_to_bet27,19.2598,19.2598,19.2598,24.0747,24.0747,4.000000,4.000000,4.000000,5.000000,5.000000,96.000000,96.000000,96.000000,95.000000,95.000000,5.0,105.9288,97.0336,375.5658,384.461,PENDING_AG03,FALSE,NOT_FOR_ENFORCEMENT,462.2348,36187.5597,481.4946,462.2348,19.2598,0.01160708,0.01114280,19.2598,462.2348,0.01114280,19.2598,19.2598,19.2598,24.0747,24.0747,462.2348,0.01114280,105.9288,97.0336,375.5658,384.461,0.00905352,0.00926795,0.00046428,15.0409,16.8584,0.2153,11.7438,0.4291,1011.7763,54.5366,10.8148,15.0547,10.2862,13.088,13.088,26.176,34.6568,52.3519,13.088,-5.1891,2.647988,4.0,1.149216,29,158,24,5,0.00234634,0.01160708,0.15915119,0E-8,0.000000,0.908698,0.000000,-0.14789112,2026-04-14,2026-07-10,41,1122,472,88,0.465909,0.718364,0.719024,0.007821,,,,,,,,GLOBAL_BASELINE_NO_ENTITY_RANKING,,,NOT_APPLICABLE_GLOBAL_BASELINE,HF9g-P5,,,,X 全窗基线 · 不参与实体赏罚,8391645,840,A168_HF9F_20260827_0900,2026-08-27 09:00:00
2026-04-14,142615618,595,0,13.0879773840,13.0879773840,13.0879773840,1.0000000,1,1,0.49324550000000000,0.493245500000,1.01360149184955,1.01360149184955,1.01360149184955,0E-17,ELIGIBLE,R03b_20260811_FULL_v1,L1_ELIGIBILITY,v2026-08-11,2026-03-21..2026-08-06,baccarat_bet02_101_all_pairs_incl_sentinel,round_win = game_pnl > 0 (decisive only),COMPATIBILITY_ONLY_NOT_PRODUCTION,41482.8302,37695.3747,481.4946,2758,2236,-0.01160708,-0.15915119,-0.01126008,-0.01160708,-481.4946,41482.8302,OK,0.0000,19.2598,4.0000,96.0000,AG03-UNRESOLVED,ALL5_LEVELS_bet23_to_bet27,19.2598,19.2598,19.2598,24.0747,24.0747,4.000000,4.000000,4.000000,5.000000,5.000000,96.000000,96.000000,96.000000,95.000000,95.000000,5.0,105.9288,97.0336,375.5658,384.461,PENDING_AG03,FALSE,NOT_FOR_ENFORCEMENT,462.2348,36187.5597,481.4946,462.2348,19.2598,0.01160708,0.01114280,19.2598,462.2348,0.01114280,19.2598,19.2598,19.2598,24.0747,24.0747,462.2348,0.01114280,105.9288,97.0336,375.5658,384.461,0.00905352,0.00926795,0.00046428,15.0409,16.8584,0.2153,11.7438,0.4291,1011.7763,54.5366,10.8148,15.0547,10.2862,13.088,13.088,26.176,34.6568,52.3519,13.088,-5.1891,2.647988,4.0,1.149216,29,158,24,5,0.00234634,0.01160708,0.15915119,0E-8,0.000000,0.908698,0.000000,-0.14789112,2026-04-14,2026-07-10,41,1122,472,88,0.465909,0.718364,0.719024,0.007821,,,,,,,,GLOBAL_BASELINE_NO_ENTITY_RANKING,,,NOT_APPLICABLE_GLOBAL_BASELINE,HF9g-P5,,,,X 全窗基线 · 不参与实体赏罚,8391646,840,A168_HF9F_20260827_0900,2026-08-27 09:00:00
2026-04-20,142615618,-1,1,17.2761301469,-9.1092322593,-9.1092322593,0.5000000,2,2,0.50665070000000000,0.506650700000,-0.018812684590367487,-0.018812684590367487,-0.018812684590367487,0E-17,SENTINEL_DEALER,R03b_20260811_FULL_v1,L1_ELIGIBILITY,v2026-08-11,2026-03-21..2026-08-06,baccarat_bet02_101_all_pairs_incl_sentinel,round_win = game_pnl > 0 (decisive only),COMPATIBILITY_ONLY_NOT_PRODUCTION,41482.8302,37695.3747,481.4946,2758,2236,-0.01160708,-0.15915119,-0.01126008,-0.01160708,-481.4946,41482.8302,OK,0.0000,19.2598,4.0000,96.0000,AG03-UNRESOLVED,ALL5_LEVELS_bet23_to_bet27,19.2598,19.2598,19.2598,24.0747,24.0747,4.000000,4.000000,4.000000,5.000000,5.000000,96.000000,96.000000,96.000000,95.000000,95.000000,5.0,105.9288,97.0336,375.5658,384.461,PENDING_AG03,FALSE,NOT_FOR_ENFORCEMENT,462.2348,36187.5597,481.4946,462.2348,19.2598,0.01160708,0.01114280,19.2598,462.2348,0.01114280,19.2598,19.2598,19.2598,24.0747,24.0747,462.2348,0.01114280,105.9288,97.0336,375.5658,384.461,0.00905352,0.00926795,0.00046428,15.0409,16.8584,0.2153,11.7438,0.4291,1011.7763,54.5366,10.8148,15.0547,10.2862,13.088,13.088,26.176,34.6568,52.3519,13.088,-5.1891,2.647988,4.0,1.149216,29,158,24,5,0.00234634,0.01160708,0.15915119,0E-8,0.000000,0.908698,0.000000,-0.14789112,2026-04-14,2026-07-10,41,1122,472,88,0.465909,0.718364,0.719024,0.007821,,,,,,,,GLOBAL_BASELINE_NO_ENTITY_RANKING,,,NOT_APPLICABLE_GLOBAL_BASELINE,HF9g-P5,,,,X 全窗基线 · 不参与实体赏罚,8391647,840,A168_HF9F_20260827_0900,2026-08-27 09:00:00
2026-04-20,142615618,1374,0,8.1145459781,8.1145459781,8.1145459781,1.0000000,1,1,0.49324550000000000,0.493245500000,1.01360149184955,1.01360149184955,1.01360149184955,0E-17,ELIGIBLE,R03b_20260811_FULL_v1,L1_ELIGIBILITY,v2026-08-11,2026-03-21..2026-08-06,baccarat_bet02_101_all_pairs_incl_sentinel,round_win = game_pnl > 0 (decisive only),COMPATIBILITY_ONLY_NOT_PRODUCTION,41482.8302,37695.3747,481.4946,2758,2236,-0.01160708,-0.15915119,-0.01126008,-0.01160708,-481.4946,41482.8302,OK,0.0000,19.2598,4.0000,96.0000,AG03-UNRESOLVED,ALL5_LEVELS_bet23_to_bet27,19.2598,19.2598,19.2598,24.0747,24.0747,4.000000,4.000000,4.000000,5.000000,5.000000,96.000000,96.000000,96.000000,95.000000,95.000000,5.0,105.9288,97.0336,375.5658,384.461,PENDING_AG03,FALSE,NOT_FOR_ENFORCEMENT,462.2348,36187.5597,481.4946,462.2348,19.2598,0.01160708,0.01114280,19.2598,462.2348,0.01114280,19.2598,19.2598,19.2598,24.0747,24.0747,462.2348,0.01114280,105.9288,97.0336,375.5658,384.461,0.00905352,0.00926795,0.00046428,15.0409,16.8584,0.2153,11.7438,0.4291,1011.7763,54.5366,10.8148,15.0547,10.2862,13.088,13.088,26.176,34.6568,52.3519,13.088,-5.1891,2.647988,4.0,1.149216,29,158,24,5,0.00234634,0.01160708,0.15915119,0E-8,0.000000,0.908698,0.000000,-0.14789112,2026-04-14,2026-07-10,41,1122,472,88,0.465909,0.718364,0.719024,0.007821,,,,,,,,GLOBAL_BASELINE_NO_ENTITY_RANKING,,,NOT_APPLICABLE_GLOBAL_BASELINE,HF9g-P5,,,,X 全窗基线 · 不参与实体赏罚,8391648,840,A168_HF9F_20260827_0900,2026-08-27 09:00:00
2026-04-20,142615618,2117,0,16.2290919561,15.4176373583,15.4176373583,1.0000000,1,1,0.50665070000000000,0.506650700000,0.9867858985152569,0.9867858985152569,0.9867858985152569,0E-17,ELIGIBLE,R03b_20260811_FULL_v1,L1_ELIGIBILITY,v2026-08-11,2026-03-21..2026-08-06,baccarat_bet02_101_all_pairs_incl_sentinel,round_win = game_pnl > 0 (decisive only),COMPATIBILITY_ONLY_NOT_PRODUCTION,41482.8302,37695.3747,481.4946,2758,2236,-0.01160708,-0.15915119,-0.01126008,-0.01160708,-481.4946,41482.8302,OK,0.0000,19.2598,4.0000,96.0000,AG03-UNRESOLVED,ALL5_LEVELS_bet23_to_bet27,19.2598,19.2598,19.2598,24.0747,24.0747,4.000000,4.000000,4.000000,5.000000,5.000000,96.000000,96.000000,96.000000,95.000000,95.000000,5.0,105.9288,97.0336,375.5658,384.461,PENDING_AG03,FALSE,NOT_FOR_ENFORCEMENT,462.2348,36187.5597,481.4946,462.2348,19.2598,0.01160708,0.01114280,19.2598,462.2348,0.01114280,19.2598,19.2598,19.2598,24.0747,24.0747,462.2348,0.01114280,105.9288,97.0336,375.5658,384.461,0.00905352,0.00926795,0.00046428,15.0409,16.8584,0.2153,11.7438,0.4291,1011.7763,54.5366,10.8148,15.0547,10.2862,13.088,13.088,26.176,34.6568,52.3519,13.088,-5.1891,2.647988,4.0,1.149216,29,158,24,5,0.00234634,0.01160708,0.15915119,0E-8,0.000000,0.908698,0.000000,-0.14789112,2026-04-14,2026-07-10,41,1122,472,88,0.465909,0.718364,0.719024,0.007821,,,,,,,,GLOBAL_BASELINE_NO_ENTITY_RANKING,,,NOT_APPLICABLE_GLOBAL_BASELINE,HF9g-P5,,,,X 全窗基线 · 不参与实体赏罚,8391649,840,A168_HF9F_20260827_0900,2026-08-27 09:00:00
2026-04-20,142615618,2174,0,18.5849278852,-18.5849278852,-18.5849278852,0E-7,1,1,0.49324550000000000,0.493245500000,-0.9865810262130424,-0.9865810262130424,-0.9865810262130424,0E-17,ELIGIBLE,R03b_20260811_FULL_v1,L1_ELIGIBILITY,v2026-08-11,2026-03-21..2026-08-06,baccarat_bet02_101_all_pairs_incl_sentinel,round_win = game_pnl > 0 (decisive only),COMPATIBILITY_ONLY_NOT_PRODUCTION,41482.8302,37695.3747,481.4946,2758,2236,-0.01160708,-0.15915119,-0.01126008,-0.01160708,-481.4946,41482.8302,OK,0.0000,19.2598,4.0000,96.0000,AG03-UNRESOLVED,ALL5_LEVELS_bet23_to_bet27,19.2598,19.2598,19.2598,24.0747,24.0747,4.000000,4.000000,4.000000,5.000000,5.000000,96.000000,96.000000,96.000000,95.000000,95.000000,5.0,105.9288,97.0336,375.5658,384.461,PENDING_AG03,FALSE,NOT_FOR_ENFORCEMENT,462.2348,36187.5597,481.4946,462.2348,19.2598,0.01160708,0.01114280,19.2598,462.2348,0.01114280,19.2598,19.2598,19.2598,24.0747,24.0747,462.2348,0.01114280,105.9288,97.0336,375.5658,384.461,0.00905352,0.00926795,0.00046428,15.0409,16.8584,0.2153,11.7438,0.4291,1011.7763,54.5366,10.8148,15.0547,10.2862,13.088,13.088,26.176,34.6568,52.3519,13.088,-5.1891,2.647988,4.0,1.149216,29,158,24,5,0.00234634,0.01160708,0.15915119,0E-8,0.000000,0.908698,0.000000,-0.14789112,2026-04-14,2026-07-10,41,1122,472,88,0.465909,0.718364,0.719024,0.007821,,,,,,,,GLOBAL_BASELINE_NO_ENTITY_RANKING,,,NOT_APPLICABLE_GLOBAL_BASELINE,HF9g-P5,,,,X 全窗基线 · 不参与实体赏罚,8391650,840,A168_HF9F_20260827_0900,2026-08-27 09:00:00
2026-04-21,142615618,-1,1,2128.1051226376,229.5631233146,229.5631233146,0.4947368,133,105,0.45147357984693760,0.436729738571,0.8473564143540762,1.1399300145537408,0.8473564143540762,0.01474384127593760,SENTINEL_DEALER,R03b_20260811_FULL_v1,L1_ELIGIBILITY,v2026-08-11,2026-03-21..2026-08-06,baccarat_bet02_101_all_pairs_incl_sentinel,round_win = game_pnl > 0 (decisive only),COMPATIBILITY_ONLY_NOT_PRODUCTION,41482.8302,37695.3747,481.4946,2758,2236,-0.01160708,-0.15915119,-0.01126008,-0.01160708,-481.4946,41482.8302,OK,0.0000,19.2598,4.0000,96.0000,AG03-UNRESOLVED,ALL5_LEVELS_bet23_to_bet27,19.2598,19.2598,19.2598,24.0747,24.0747,4.000000,4.000000,4.000000,5.000000,5.000000,96.000000,96.000000,96.000000,95.000000,95.000000,5.0,105.9288,97.0336,375.5658,384.461,PENDING_AG03,FALSE,NOT_FOR_ENFORCEMENT,462.2348,36187.5597,481.4946,462.2348,19.2598,0.01160708,0.01114280,19.2598,462.2348,0.01114280,19.2598,19.2598,19.2598,24.0747,24.0747,462.2348,0.01114280,105.9288,97.0336,375.5658,384.461,0.00905352,0.00926795,0.00046428,15.0409,16.8584,0.2153,11.7438,0.4291,1011.7763,54.5366,10.8148,15.0547,10.2862,13.088,13.088,26.176,34.6568,52.3519,13.088,-5.1891,2.647988,4.0,1.149216,29,158,24,5,0.00234634,0.01160708,0.15915119,0E-8,0.000000,0.908698,0.000000,-0.14789112,2026-04-14,2026-07-10,41,1122,472,88,0.465909,0.718364,0.719024,0.007821,,,,,,,,GLOBAL_BASELINE_NO_ENTITY_RANKING,,,NOT_APPLICABLE_GLOBAL_BASELINE,HF9g-P5,,,,X 全窗基线 · 不参与实体赏罚,8391651,840,A168_HF9F_20260827_0900,2026-08-27 09:00:00
2026-04-21,142615618,1017,0,104.7038190720,18.9775672068,18.9775672068,0.6000000,8,6,0.44934074642857143,0.434624750000,0.6772537860131098,0.7459846523972823,0.6772537860131098,0.01471599642857143,ELIGIBLE,R03b_20260811_FULL_v1,L1_ELIGIBILITY,v2026-08-11,2026-03-21..2026-08-06,baccarat_bet02_101_all_pairs_incl_sentinel,round_win = game_pnl > 0 (decisive only),COMPATIBILITY_ONLY_NOT_PRODUCTION,41482.8302,37695.3747,481.4946,2758,2236,-0.01160708,-0.15915119,-0.01126008,-0.01160708,-481.4946,41482.8302,OK,0.0000,19.2598,4.0000,96.0000,AG03-UNRESOLVED,ALL5_LEVELS_bet23_to_bet27,19.2598,19.2598,19.2598,24.0747,24.0747,4.000000,4.000000,4.000000,5.000000,5.000000,96.000000,96.000000,96.000000,95.000000,95.000000,5.0,105.9288,97.0336,375.5658,384.461,PENDING_AG03,FALSE,NOT_FOR_ENFORCEMENT,462.2348,36187.5597,481.4946,462.2348,19.2598,0.01160708,0.01114280,19.2598,462.2348,0.01114280,19.2598,19.2598,19.2598,24.0747,24.0747,462.2348,0.01114280,105.9288,97.0336,375.5658,384.461,0.00905352,0.00926795,0.00046428,15.0409,16.8584,0.2153,11.7438,0.4291,1011.7763,54.5366,10.8148,15.0547,10.2862,13.088,13.088,26.176,34.6568,52.3519,13.088,-5.1891,2.647988,4.0,1.149216,29,158,24,5,0.00234634,0.01160708,0.15915119,0E-8,0.000000,0.908698,0.000000,-0.14789112,2026-04-14,2026-07-10,41,1122,472,88,0.465909,0.718364,0.719024,0.007821,,,,,,,,GLOBAL_BASELINE_NO_ENTITY_RANKING,,,NOT_APPLICABLE_GLOBAL_BASELINE,HF9g-P5,,,,X 全窗基线 · 不参与实体赏罚,8391652,840,A168_HF9F_20260827_0900,2026-08-27 09:00:00
2026-04-21,142615618,1078,0,39.2639321520,-13.7423762532,-13.7423762532,0.3333333,3,3,0.50218230000000000,0.502182300000,-0.5849155494134425,-0.5849155494134426,-0.5849155494134425,0E-17,ELIGIBLE,R03b_20260811_FULL_v1,L1_ELIGIBILITY,v2026-08-11,2026-03-21..2026-08-06,baccarat_bet02_101_all_pairs_incl_sentinel,round_win = game_pnl > 0 (decisive only),COMPATIBILITY_ONLY_NOT_PRODUCTION,41482.8302,37695.3747,481.4946,2758,2236,-0.01160708,-0.15915119,-0.01126008,-0.01160708,-481.4946,41482.8302,OK,0.0000,19.2598,4.0000,96.0000,AG03-UNRESOLVED,ALL5_LEVELS_bet23_to_bet27,19.2598,19.2598,19.2598,24.0747,24.0747,4.000000,4.000000,4.000000,5.000000,5.000000,96.000000,96.000000,96.000000,95.000000,95.000000,5.0,105.9288,97.0336,375.5658,384.461,PENDING_AG03,FALSE,NOT_FOR_ENFORCEMENT,462.2348,36187.5597,481.4946,462.2348,19.2598,0.01160708,0.01114280,19.2598,462.2348,0.01114280,19.2598,19.2598,19.2598,24.0747,24.0747,462.2348,0.01114280,105.9288,97.0336,375.5658,384.461,0.00905352,0.00926795,0.00046428,15.0409,16.8584,0.2153,11.7438,0.4291,1011.7763,54.5366,10.8148,15.0547,10.2862,13.088,13.088,26.176,34.6568,52.3519,13.088,-5.1891,2.647988,4.0,1.149216,29,158,24,5,0.00234634,0.01160708,0.15915119,0E-8,0.000000,0.908698,0.000000,-0.14789112,2026-04-14,2026-07-10,41,1122,472,88,0.465909,0.718364,0.719024,0.007821,,,,,,,,GLOBAL_BASELINE_NO_ENTITY_RANKING,,,NOT_APPLICABLE_GLOBAL_BASELINE,HF9g-P5,,,,X 全窗基线 · 不参与实体赏罚,8391653,840,A168_HF9F_20260827_0900,2026-08-27 09:00:00
2026-04-21,142615618,1109,0,109.9390100255,69.3662801351,69.3662801351,0.6666667,6,6,0.43350765000000000,0.433507650000,1.1524774396999453,1.1524774396999453,1.1524774396999453,0E-17,ELIGIBLE,R03b_20260811_FULL_v1,L1_ELIGIBILITY,v2026-08-11,2026-03-21..2026-08-06,baccarat_bet02_101_all_pairs_incl_sentinel,round_win = game_pnl > 0 (decisive only),COMPATIBILITY_ONLY_NOT_PRODUCTION,41482.8302,37695.3747,481.4946,2758,2236,-0.01160708,-0.15915119,-0.01126008,-0.01160708,-481.4946,41482.8302,OK,0.0000,19.2598,4.0000,96.0000,AG03-UNRESOLVED,ALL5_LEVELS_bet23_to_bet27,19.2598,19.2598,19.2598,24.0747,24.0747,4.000000,4.000000,4.000000,5.000000,5.000000,96.000000,96.000000,96.000000,95.000000,95.000000,5.0,105.9288,97.0336,375.5658,384.461,PENDING_AG03,FALSE,NOT_FOR_ENFORCEMENT,462.2348,36187.5597,481.4946,462.2348,19.2598,0.01160708,0.01114280,19.2598,462.2348,0.01114280,19.2598,19.2598,19.2598,24.0747,24.0747,462.2348,0.01114280,105.9288,97.0336,375.5658,384.461,0.00905352,0.00926795,0.00046428,15.0409,16.8584,0.2153,11.7438,0.4291,1011.7763,54.5366,10.8148,15.0547,10.2862,13.088,13.088,26.176,34.6568,52.3519,13.088,-5.1891,2.647988,4.0,1.149216,29,158,24,5,0.00234634,0.01160708,0.15915119,0E-8,0.000000,0.908698,0.000000,-0.14789112,2026-04-14,2026-07-10,41,1122,472,88,0.465909,0.718364,0.719024,0.007821,,,,,,,,GLOBAL_BASELINE_NO_ENTITY_RANKING,,,NOT_APPLICABLE_GLOBAL_BASELINE,HF9g-P5,,,,X 全窗基线 · 不参与实体赏罚,8391654,840,A168_HF9F_20260827_0900,2026-08-27 09:00:00
2026-04-21,142615618,1151,0,83.7630552576,-83.7630552576,-83.7630552576,0E-7,6,3,0.36668522285714286,0.300626750000,-1.3179457102785945,-1.1355857384609112,-1.3179457102785945,0.06605847285714286,ELIGIBLE,R03b_20260811_FULL_v1,L1_ELIGIBILITY,v2026-08-11,2026-03-21..2026-08-06,baccarat_bet02_101_all_pairs_incl_sentinel,round_win = game_pnl > 0 (decisive only),COMPATIBILITY_ONLY_NOT_PRODUCTION,41482.8302,37695.3747,481.4946,2758,2236,-0.01160708,-0.15915119,-0.01126008,-0.01160708,-481.4946,41482.8302,OK,0.0000,19.2598,4.0000,96.0000,AG03-UNRESOLVED,ALL5_LEVELS_bet23_to_bet27,19.2598,19.2598,19.2598,24.0747,24.0747,4.000000,4.000000,4.000000,5.000000,5.000000,96.000000,96.000000,96.000000,95.000000,95.000000,5.0,105.9288,97.0336,375.5658,384.461,PENDING_AG03,FALSE,NOT_FOR_ENFORCEMENT,462.2348,36187.5597,481.4946,462.2348,19.2598,0.01160708,0.01114280,19.2598,462.2348,0.01114280,19.2598,19.2598,19.2598,24.0747,24.0747,462.2348,0.01114280,105.9288,97.0336,375.5658,384.461,0.00905352,0.00926795,0.00046428,15.0409,16.8584,0.2153,11.7438,0.4291,1011.7763,54.5366,10.8148,15.0547,10.2862,13.088,13.088,26.176,34.6568,52.3519,13.088,-5.1891,2.647988,4.0,1.149216,29,158,24,5,0.00234634,0.01160708,0.15915119,0E-8,0.000000,0.908698,0.000000,-0.14789112,2026-04-14,2026-07-10,41,1122,472,88,0.465909,0.718364,0.719024,0.007821,,,,,,,,GLOBAL_BASELINE_NO_ENTITY_RANKING,,,NOT_APPLICABLE_GLOBAL_BASELINE,HF9g-P5,,,,X 全窗基线 · 不参与实体赏罚,8391655,840,A168_HF9F_20260827_0900,2026-08-27 09:00:00
2026-04-21,142615618,1157,0,78.5278643039,74.6014710887,74.6014710887,1.0000000,1,1,0.50665070000000000,0.506650700000,0.9867858985152569,0.9867858985152569,0.9867858985152569,0E-17,ELIGIBLE,R03b_20260811_FULL_v1,L1_ELIGIBILITY,v2026-08-11,2026-03-21..2026-08-06,baccarat_bet02_101_all_pairs_incl_sentinel,round_win = game_pnl > 0 (decisive only),COMPATIBILITY_ONLY_NOT_PRODUCTION,41482.8302,37695.3747,481.4946,2758,2236,-0.01160708,-0.15915119,-0.01126008,-0.01160708,-481.4946,41482.8302,OK,0.0000,19.2598,4.0000,96.0000,AG03-UNRESOLVED,ALL5_LEVELS_bet23_to_bet27,19.2598,19.2598,19.2598,24.0747,24.0747,4.000000,4.000000,4.000000,5.000000,5.000000,96.000000,96.000000,96.000000,95.000000,95.000000,5.0,105.9288,97.0336,375.5658,384.461,PENDING_AG03,FALSE,NOT_FOR_ENFORCEMENT,462.2348,36187.5597,481.4946,462.2348,19.2598,0.01160708,0.01114280,19.2598,462.2348,0.01114280,19.2598,19.2598,19.2598,24.0747,24.0747,462.2348,0.01114280,105.9288,97.0336,375.5658,384.461,0.00905352,0.00926795,0.00046428,15.0409,16.8584,0.2153,11.7438,0.4291,1011.7763,54.5366,10.8148,15.0547,10.2862,13.088,13.088,26.176,34.6568,52.3519,13.088,-5.1891,2.647988,4.0,1.149216,29,158,24,5,0.00234634,0.01160708,0.15915119,0E-8,0.000000,0.908698,0.000000,-0.14789112,2026-04-14,2026-07-10,41,1122,472,88,0.465909,0.718364,0.719024,0.007821,,,,,,,,GLOBAL_BASELINE_NO_ENTITY_RANKING,,,NOT_APPLICABLE_GLOBAL_BASELINE,HF9g-P5,,,,X 全窗基线 · 不参与实体赏罚,8391656,840,A168_HF9F_20260827_0900,2026-08-27 09:00:00
2026-04-21,142615618,1304,0,70.6750778736,-8.7689448473,-8.7689448473,0.4000000,7,5,0.43186127750000000,0.421560080000,-0.14382979437300367,-0.09762847429229732,-0.14382979437300367,0.01030119750000000,ELIGIBLE,R03b_20260811_FULL_v1,L1_ELIGIBILITY,v2026-08-11,2026-03-21..2026-08-06,baccarat_bet02_101_all_pairs_incl_sentinel,round_win = game_pnl > 0 (decisive only),COMPATIBILITY_ONLY_NOT_PRODUCTION,41482.8302,37695.3747,481.4946,2758,2236,-0.01160708,-0.15915119,-0.01126008,-0.01160708,-481.4946,41482.8302,OK,0.0000,19.2598,4.0000,96.0000,AG03-UNRESOLVED,ALL5_LEVELS_bet23_to_bet27,19.2598,19.2598,19.2598,24.0747,24.0747,4.000000,4.000000,4.000000,5.000000,5.000000,96.000000,96.000000,96.000000,95.000000,95.000000,5.0,105.9288,97.0336,375.5658,384.461,PENDING_AG03,FALSE,NOT_FOR_ENFORCEMENT,462.2348,36187.5597,481.4946,462.2348,19.2598,0.01160708,0.01114280,19.2598,462.2348,0.01114280,19.2598,19.2598,19.2598,24.0747,24.0747,462.2348,0.01114280,105.9288,97.0336,375.5658,384.461,0.00905352,0.00926795,0.00046428,15.0409,16.8584,0.2153,11.7438,0.4291,1011.7763,54.5366,10.8148,15.0547,10.2862,13.088,13.088,26.176,34.6568,52.3519,13.088,-5.1891,2.647988,4.0,1.149216,29,158,24,5,0.00234634,0.01160708,0.15915119,0E-8,0.000000,0.908698,0.000000,-0.14789112,2026-04-14,2026-07-10,41,1122,472,88,0.465909,0.718364,0.719024,0.007821,,,,,,,,GLOBAL_BASELINE_NO_ENTITY_RANKING,,,NOT_APPLICABLE_GLOBAL_BASELINE,HF9g-P5,,,,X 全窗基线 · 不参与实体赏罚,8391657,840,A168_HF9F_20260827_0900,2026-08-27 09:00:00
2026-04-21,142615618,1306,0,49.7343140592,91.6158416878,91.6158416878,1.0000000,6,3,0.34212806190476190,0.298392550000,2.401800658837664,2.6559123315314705,2.401800658837664,0.04373551190476190,ELIGIBLE,R03b_20260811_FULL_v1,L1_ELIGIBILITY,v2026-08-11,2026-03-21..2026-08-06,baccarat_bet02_101_all_pairs_incl_sentinel,round_win = game_pnl > 0 (decisive only),COMPATIBILITY_ONLY_NOT_PRODUCTION,41482.8302,37695.3747,481.4946,2758,2236,-0.01160708,-0.15915119,-0.01126008,-0.01160708,-481.4946,41482.8302,OK,0.0000,19.2598,4.0000,96.0000,AG03-UNRESOLVED,ALL5_LEVELS_bet23_to_bet27,19.2598,19.2598,19.2598,24.0747,24.0747,4.000000,4.000000,4.000000,5.000000,5.000000,96.000000,96.000000,96.000000,95.000000,95.000000,5.0,105.9288,97.0336,375.5658,384.461,PENDING_AG03,FALSE,NOT_FOR_ENFORCEMENT,462.2348,36187.5597,481.4946,462.2348,19.2598,0.01160708,0.01114280,19.2598,462.2348,0.01114280,19.2598,19.2598,19.2598,24.0747,24.0747,462.2348,0.01114280,105.9288,97.0336,375.5658,384.461,0.00905352,0.00926795,0.00046428,15.0409,16.8584,0.2153,11.7438,0.4291,1011.7763,54.5366,10.8148,15.0547,10.2862,13.088,13.088,26.176,34.6568,52.3519,13.088,-5.1891,2.647988,4.0,1.149216,29,158,24,5,0.00234634,0.01160708,0.15915119,0E-8,0.000000,0.908698,0.000000,-0.14789112,2026-04-14,2026-07-10,41,1122,472,88,0.465909,0.718364,0.719024,0.007821,,,,,,,,GLOBAL_BASELINE_NO_ENTITY_RANKING,,,NOT_APPLICABLE_GLOBAL_BASELINE,HF9g-P5,,,,X 全窗基线 · 不参与实体赏罚,8391658,840,A168_HF9F_20260827_0900,2026-08-27 09:00:00
2026-04-21,142615618,1323,0,198.9372562367,-31.4111457215,-31.4111457215,0.5000000,9,7,0.47290879081631091,0.441084114286,0.13291452230342918,0.2906525255955816,0.13291452230342918,0.03182467653031091,ELIGIBLE,R03b_20260811_FULL_v1,L1_ELIGIBILITY,v2026-08-11,2026-03-21..2026-08-06,baccarat_bet02_101_all_pairs_incl_sentinel,round_win = game_pnl > 0 (decisive only),COMPATIBILITY_ONLY_NOT_PRODUCTION,41482.8302,37695.3747,481.4946,2758,2236,-0.01160708,-0.15915119,-0.01126008,-0.01160708,-481.4946,41482.8302,OK,0.0000,19.2598,4.0000,96.0000,AG03-UNRESOLVED,ALL5_LEVELS_bet23_to_bet27,19.2598,19.2598,19.2598,24.0747,24.0747,4.000000,4.000000,4.000000,5.000000,5.000000,96.000000,96.000000,96.000000,95.000000,95.000000,5.0,105.9288,97.0336,375.5658,384.461,PENDING_AG03,FALSE,NOT_FOR_ENFORCEMENT,462.2348,36187.5597,481.4946,462.2348,19.2598,0.01160708,0.01114280,19.2598,462.2348,0.01114280,19.2598,19.2598,19.2598,24.0747,24.0747,462.2348,0.01114280,105.9288,97.0336,375.5658,384.461,0.00905352,0.00926795,0.00046428,15.0409,16.8584,0.2153,11.7438,0.4291,1011.7763,54.5366,10.8148,15.0547,10.2862,13.088,13.088,26.176,34.6568,52.3519,13.088,-5.1891,2.647988,4.0,1.149216,29,158,24,5,0.00234634,0.01160708,0.15915119,0E-8,0.000000,0.908698,0.000000,-0.14789112,2026-04-14,2026-07-10,41,1122,472,88,0.465909,0.718364,0.719024,0.007821,,,,,,,,GLOBAL_BASELINE_NO_ENTITY_RANKING,,,NOT_APPLICABLE_GLOBAL_BASELINE,HF9g-P5,,,,X 全窗基线 · 不参与实体赏罚,8391659,840,A168_HF9F_20260827_0900,2026-08-27 09:00:00
2026-04-21,142615618,1325,0,188.4668743296,-137.4237625320,-137.4237625320,0.2000000,11,10,0.48001596500000000,0.480015965000,-1.7723926783751314,-1.7723926783751316,-1.7723926783751314,0E-17,ELIGIBLE,R03b_20260811_FULL_v1,L1_ELIGIBILITY,v2026-08-11,2026-03-21..2026-08-06,baccarat_bet02_101_all_pairs_incl_sentinel,round_win = game_pnl > 0 (decisive only),COMPATIBILITY_ONLY_NOT_PRODUCTION,41482.8302,37695.3747,481.4946,2758,2236,-0.01160708,-0.15915119,-0.01126008,-0.01160708,-481.4946,41482.8302,OK,0.0000,19.2598,4.0000,96.0000,AG03-UNRESOLVED,ALL5_LEVELS_bet23_to_bet27,19.2598,19.2598,19.2598,24.0747,24.0747,4.000000,4.000000,4.000000,5.000000,5.000000,96.000000,96.000000,96.000000,95.000000,95.000000,5.0,105.9288,97.0336,375.5658,384.461,PENDING_AG03,FALSE,NOT_FOR_ENFORCEMENT,462.2348,36187.5597,481.4946,462.2348,19.2598,0.01160708,0.01114280,19.2598,462.2348,0.01114280,19.2598,19.2598,19.2598,24.0747,24.0747,462.2348,0.01114280,105.9288,97.0336,375.5658,384.461,0.00905352,0.00926795,0.00046428,15.0409,16.8584,0.2153,11.7438,0.4291,1011.7763,54.5366,10.8148,15.0547,10.2862,13.088,13.088,26.176,34.6568,52.3519,13.088,-5.1891,2.647988,4.0,1.149216,29,158,24,5,0.00234634,0.01160708,0.15915119,0E-8,0.000000,0.908698,0.000000,-0.14789112,2026-04-14,2026-07-10,41,1122,472,88,0.465909,0.718364,0.719024,0.007821,,,,,,,,GLOBAL_BASELINE_NO_ENTITY_RANKING,,,NOT_APPLICABLE_GLOBAL_BASELINE,HF9g-P5,,,,X 全窗基线 · 不参与实体赏罚,8391660,840,A168_HF9F_20260827_0900,2026-08-27 09:00:00
2026-04-21,142615618,1330,0,198.9372562367,-83.1086563883,-83.1086563883,0.3333333,11,10,0.48855830857142857,0.480015965000,-0.9315937975468241,-0.8807995863424508,-0.9315937975468241,0.00854234357142857,ELIGIBLE,R03b_20260811_FULL_v1,L1_ELIGIBILITY,v2026-08-11,2026-03-21..2026-08-06,baccarat_bet02_101_all_pairs_incl_sentinel,round_win = game_pnl > 0 (decisive only),COMPATIBILITY_ONLY_NOT_PRODUCTION,41482.8302,37695.3747,481.4946,2758,2236,-0.01160708,-0.15915119,-0.01126008,-0.01160708,-481.4946,41482.8302,OK,0.0000,19.2598,4.0000,96.0000,AG03-UNRESOLVED,ALL5_LEVELS_bet23_to_bet27,19.2598,19.2598,19.2598,24.0747,24.0747,4.000000,4.000000,4.000000,5.000000,5.000000,96.000000,96.000000,96.000000,95.000000,95.000000,5.0,105.9288,97.0336,375.5658,384.461,PENDING_AG03,FALSE,NOT_FOR_ENFORCEMENT,462.2348,36187.5597,481.4946,462.2348,19.2598,0.01160708,0.01114280,19.2598,462.2348,0.01114280,19.2598,19.2598,19.2598,24.0747,24.0747,462.2348,0.01114280,105.9288,97.0336,375.5658,384.461,0.00905352,0.00926795,0.00046428,15.0409,16.8584,0.2153,11.7438,0.4291,1011.7763,54.5366,10.8148,15.0547,10.2862,13.088,13.088,26.176,34.6568,52.3519,13.088,-5.1891,2.647988,4.0,1.149216,29,158,24,5,0.00234634,0.01160708,0.15915119,0E-8,0.000000,0.908698,0.000000,-0.14789112,2026-04-14,2026-07-10,41,1122,472,88,0.465909,0.718364,0.719024,0.007821,,,,,,,,GLOBAL_BASELINE_NO_ENTITY_RANKING,,,NOT_APPLICABLE_GLOBAL_BASELINE,HF9g-P5,,,,X 全窗基线 · 不参与实体赏罚,8391661,840,A168_HF9F_20260827_0900,2026-08-27 09:00:00
2026-04-21,142615618,1331,0,36.6463366752,14.3967751224,14.3967751224,0.5000000,3,2,0.40363872500000000,0.403638725000,0.2777578906703767,0.27775789067037676,0.2777578906703767,0E-17,ELIGIBLE,R03b_20260811_FULL_v1,L1_ELIGIBILITY,v2026-08-11,2026-03-21..2026-08-06,baccarat_bet02_101_all_pairs_incl_sentinel,round_win = game_pnl > 0 (decisive only),COMPATIBILITY_ONLY_NOT_PRODUCTION,41482.8302,37695.3747,481.4946,2758,2236,-0.01160708,-0.15915119,-0.01126008,-0.01160708,-481.4946,41482.8302,OK,0.0000,19.2598,4.0000,96.0000,AG03-UNRESOLVED,ALL5_LEVELS_bet23_to_bet27,19.2598,19.2598,19.2598,24.0747,24.0747,4.000000,4.000000,4.000000,5.000000,5.000000,96.000000,96.000000,96.000000,95.000000,95.000000,5.0,105.9288,97.0336,375.5658,384.461,PENDING_AG03,FALSE,NOT_FOR_ENFORCEMENT,462.2348,36187.5597,481.4946,462.2348,19.2598,0.01160708,0.01114280,19.2598,462.2348,0.01114280,19.2598,19.2598,19.2598,24.0747,24.0747,462.2348,0.01114280,105.9288,97.0336,375.5658,384.461,0.00905352,0.00926795,0.00046428,15.0409,16.8584,0.2153,11.7438,0.4291,1011.7763,54.5366,10.8148,15.0547,10.2862,13.088,13.088,26.176,34.6568,52.3519,13.088,-5.1891,2.647988,4.0,1.149216,29,158,24,5,0.00234634,0.01160708,0.15915119,0E-8,0.000000,0.908698,0.000000,-0.14789112,2026-04-14,2026-07-10,41,1122,472,88,0.465909,0.718364,0.719024,0.007821,,,,,,,,GLOBAL_BASELINE_NO_ENTITY_RANKING,,,NOT_APPLICABLE_GLOBAL_BASELINE,HF9g-P5,,,,X 全窗基线 · 不参与实体赏罚,8391662,840,A168_HF9F_20260827_0900,2026-08-27 09:00:00
2026-04-21,142615618,1353,0,166.2173127768,-20.2863649452,-20.2863649452,0.4545455,16,11,0.39731642857142857,0.368841950000,0.3878821184327477,0.5891226308541717,0.3878821184327477,0.02847447857142857,ELIGIBLE,R03b_20260811_FULL_v1,L1_ELIGIBILITY,v2026-08-11,2026-03-21..2026-08-06,baccarat_bet02_101_all_pairs_incl_sentinel,round_win = game_pnl > 0 (decisive only),COMPATIBILITY_ONLY_NOT_PRODUCTION,41482.8302,37695.3747,481.4946,2758,2236,-0.01160708,-0.15915119,-0.01126008,-0.01160708,-481.4946,41482.8302,OK,0.0000,19.2598,4.0000,96.0000,AG03-UNRESOLVED,ALL5_LEVELS_bet23_to_bet27,19.2598,19.2598,19.2598,24.0747,24.0747,4.000000,4.000000,4.000000,5.000000,5.000000,96.000000,96.000000,96.000000,95.000000,95.000000,5.0,105.9288,97.0336,375.5658,384.461,PENDING_AG03,FALSE,NOT_FOR_ENFORCEMENT,462.2348,36187.5597,481.4946,462.2348,19.2598,0.01160708,0.01114280,19.2598,462.2348,0.01114280,19.2598,19.2598,19.2598,24.0747,24.0747,462.2348,0.01114280,105.9288,97.0336,375.5658,384.461,0.00905352,0.00926795,0.00046428,15.0409,16.8584,0.2153,11.7438,0.4291,1011.7763,54.5366,10.8148,15.0547,10.2862,13.088,13.088,26.176,34.6568,52.3519,13.088,-5.1891,2.647988,4.0,1.149216,29,158,24,5,0.00234634,0.01160708,0.15915119,0E-8,0.000000,0.908698,0.000000,-0.14789112,2026-04-14,2026-07-10,41,1122,472,88,0.465909,0.718364,0.719024,0.007821,,,,,,,,GLOBAL_BASELINE_NO_ENTITY_RANKING,,,NOT_APPLICABLE_GLOBAL_BASELINE,HF9g-P5,,,,X 全窗基线 · 不参与实体赏罚,8391663,840,A168_HF9F_20260827_0900,2026-08-27 09:00:00
2026-04-21,142615618,1374,0,96.8510326416,5.8895898228,5.8895898228,0.6000000,6,5,0.47506198571428571,0.457402790000,0.5594360507714645,0.6400410775637855,0.5594360507714645,0.01765919571428571,ELIGIBLE,R03b_20260811_FULL_v1,L1_ELIGIBILITY,v2026-08-11,2026-03-21..2026-08-06,baccarat_bet02_101_all_pairs_incl_sentinel,round_win = game_pnl > 0 (decisive only),COMPATIBILITY_ONLY_NOT_PRODUCTION,41482.8302,37695.3747,481.4946,2758,2236,-0.01160708,-0.15915119,-0.01126008,-0.01160708,-481.4946,41482.8302,OK,0.0000,19.2598,4.0000,96.0000,AG03-UNRESOLVED,ALL5_LEVELS_bet23_to_bet27,19.2598,19.2598,19.2598,24.0747,24.0747,4.000000,4.000000,4.000000,5.000000,5.000000,96.000000,96.000000,96.000000,95.000000,95.000000,5.0,105.9288,97.0336,375.5658,384.461,PENDING_AG03,FALSE,NOT_FOR_ENFORCEMENT,462.2348,36187.5597,481.4946,462.2348,19.2598,0.01160708,0.01114280,19.2598,462.2348,0.01114280,19.2598,19.2598,19.2598,24.0747,24.0747,462.2348,0.01114280,105.9288,97.0336,375.5658,384.461,0.00905352,0.00926795,0.00046428,15.0409,16.8584,0.2153,11.7438,0.4291,1011.7763,54.5366,10.8148,15.0547,10.2862,13.088,13.088,26.176,34.6568,52.3519,13.088,-5.1891,2.647988,4.0,1.149216,29,158,24,5,0.00234634,0.01160708,0.15915119,0E-8,0.000000,0.908698,0.000000,-0.14789112,2026-04-14,2026-07-10,41,1122,472,88,0.465909,0.718364,0.719024,0.007821,,,,,,,,GLOBAL_BASELINE_NO_ENTITY_RANKING,,,NOT_APPLICABLE_GLOBAL_BASELINE,HF9g-P5,,,,X 全窗基线 · 不参与实体赏罚,8391664,840,A168_HF9F_20260827_0900,2026-08-27 09:00:00
2026-04-21,142615618,1384,0,248.6715702959,-136.1149647936,-136.1149647936,0.1818182,17,11,0.43782584891774892,0.401282881818,-1.7114459146628078,-1.484994563456421,-1.7114459146628078,0.03654296709974892,ELIGIBLE,R03b_20260811_FULL_v1,L1_ELIGIBILITY,v2026-08-11,2026-03-21..2026-08-06,baccarat_bet02_101_all_pairs_incl_sentinel,round_win = game_pnl > 0 (decisive only),COMPATIBILITY_ONLY_NOT_PRODUCTION,41482.8302,37695.3747,481.4946,2758,2236,-0.01160708,-0.15915119,-0.01126008,-0.01160708,-481.4946,41482.8302,OK,0.0000,19.2598,4.0000,96.0000,AG03-UNRESOLVED,ALL5_LEVELS_bet23_to_bet27,19.2598,19.2598,19.2598,24.0747,24.0747,4.000000,4.000000,4.000000,5.000000,5.000000,96.000000,96.000000,96.000000,95.000000,95.000000,5.0,105.9288,97.0336,375.5658,384.461,PENDING_AG03,FALSE,NOT_FOR_ENFORCEMENT,462.2348,36187.5597,481.4946,462.2348,19.2598,0.01160708,0.01114280,19.2598,462.2348,0.01114280,19.2598,19.2598,19.2598,24.0747,24.0747,462.2348,0.01114280,105.9288,97.0336,375.5658,384.461,0.00905352,0.00926795,0.00046428,15.0409,16.8584,0.2153,11.7438,0.4291,1011.7763,54.5366,10.8148,15.0547,10.2862,13.088,13.088,26.176,34.6568,52.3519,13.088,-5.1891,2.647988,4.0,1.149216,29,158,24,5,0.00234634,0.01160708,0.15915119,0E-8,0.000000,0.908698,0.000000,-0.14789112,2026-04-14,2026-07-10,41,1122,472,88,0.465909,0.718364,0.719024,0.007821,,,,,,,,GLOBAL_BASELINE_NO_ENTITY_RANKING,,,NOT_APPLICABLE_GLOBAL_BASELINE,HF9g-P5,,,,X 全窗基线 · 不参与实体赏罚,8391665,840,A168_HF9F_20260827_0900,2026-08-27 09:00:00
2026-04-21,142615618,1385,0,13.0879773840,-13.0879773840,-13.0879773840,0E-7,1,1,0.49324550000000000,0.493245500000,-0.9865810262130424,-0.9865810262130424,-0.9865810262130424,0E-17,ELIGIBLE,R03b_20260811_FULL_v1,L1_ELIGIBILITY,v2026-08-11,2026-03-21..2026-08-06,baccarat_bet02_101_all_pairs_incl_sentinel,round_win = game_pnl > 0 (decisive only),COMPATIBILITY_ONLY_NOT_PRODUCTION,41482.8302,37695.3747,481.4946,2758,2236,-0.01160708,-0.15915119,-0.01126008,-0.01160708,-481.4946,41482.8302,OK,0.0000,19.2598,4.0000,96.0000,AG03-UNRESOLVED,ALL5_LEVELS_bet23_to_bet27,19.2598,19.2598,19.2598,24.0747,24.0747,4.000000,4.000000,4.000000,5.000000,5.000000,96.000000,96.000000,96.000000,95.000000,95.000000,5.0,105.9288,97.0336,375.5658,384.461,PENDING_AG03,FALSE,NOT_FOR_ENFORCEMENT,462.2348,36187.5597,481.4946,462.2348,19.2598,0.01160708,0.01114280,19.2598,462.2348,0.01114280,19.2598,19.2598,19.2598,24.0747,24.0747,462.2348,0.01114280,105.9288,97.0336,375.5658,384.461,0.00905352,0.00926795,0.00046428,15.0409,16.8584,0.2153,11.7438,0.4291,1011.7763,54.5366,10.8148,15.0547,10.2862,13.088,13.088,26.176,34.6568,52.3519,13.088,-5.1891,2.647988,4.0,1.149216,29,158,24,5,0.00234634,0.01160708,0.15915119,0E-8,0.000000,0.908698,0.000000,-0.14789112,2026-04-14,2026-07-10,41,1122,472,88,0.465909,0.718364,0.719024,0.007821,,,,,,,,GLOBAL_BASELINE_NO_ENTITY_RANKING,,,NOT_APPLICABLE_GLOBAL_BASELINE,HF9g-P5,,,,X 全窗基线 · 不参与实体赏罚,8391666,840,A168_HF9F_20260827_0900,2026-08-27 09:00:00
2026-04-21,142615618,1396,0,39.2639321520,-8.3763055258,-8.3763055258,0.5000000,5,3,0.38549035000000000,0.362598800000,0.33272541548149037,0.40419031585207515,0.33272541548149037,0.02289155000000000,ELIGIBLE,R03b_20260811_FULL_v1,L1_ELIGIBILITY,v2026-08-11,2026-03-21..2026-08-06,baccarat_bet02_101_all_pairs_incl_sentinel,round_win = game_pnl > 0 (decisive only),COMPATIBILITY_ONLY_NOT_PRODUCTION,41482.8302,37695.3747,481.4946,2758,2236,-0.01160708,-0.15915119,-0.01126008,-0.01160708,-481.4946,41482.8302,OK,0.0000,19.2598,4.0000,96.0000,AG03-UNRESOLVED,ALL5_LEVELS_bet23_to_bet27,19.2598,19.2598,19.2598,24.0747,24.0747,4.000000,4.000000,4.000000,5.000000,5.000000,96.000000,96.000000,96.000000,95.000000,95.000000,5.0,105.9288,97.0336,375.5658,384.461,PENDING_AG03,FALSE,NOT_FOR_ENFORCEMENT,462.2348,36187.5597,481.4946,462.2348,19.2598,0.01160708,0.01114280,19.2598,462.2348,0.01114280,19.2598,19.2598,19.2598,24.0747,24.0747,462.2348,0.01114280,105.9288,97.0336,375.5658,384.461,0.00905352,0.00926795,0.00046428,15.0409,16.8584,0.2153,11.7438,0.4291,1011.7763,54.5366,10.8148,15.0547,10.2862,13.088,13.088,26.176,34.6568,52.3519,13.088,-5.1891,2.647988,4.0,1.149216,29,158,24,5,0.00234634,0.01160708,0.15915119,0E-8,0.000000,0.908698,0.000000,-0.14789112,2026-04-14,2026-07-10,41,1122,472,88,0.465909,0.718364,0.719024,0.007821,,,,,,,,GLOBAL_BASELINE_NO_ENTITY_RANKING,,,NOT_APPLICABLE_GLOBAL_BASELINE,HF9g-P5,,,,X 全窗基线 · 不参与实体赏罚,8391667,840,A168_HF9F_20260827_0900,2026-08-27 09:00:00
2026-04-21,142615618,1485,0,13.0879773840,-13.0879773840,-13.0879773840,0E-7,1,1,0.49324550000000000,0.493245500000,-0.9865810262130424,-0.9865810262130424,-0.9865810262130424,0E-17,ELIGIBLE,R03b_20260811_FULL_v1,L1_ELIGIBILITY,v2026-08-11,2026-03-21..2026-08-06,baccarat_bet02_101_all_pairs_incl_sentinel,round_win = game_pnl > 0 (decisive only),COMPATIBILITY_ONLY_NOT_PRODUCTION,41482.8302,37695.3747,481.4946,2758,2236,-0.01160708,-0.15915119,-0.01126008,-0.01160708,-481.4946,41482.8302,OK,0.0000,19.2598,4.0000,96.0000,AG03-UNRESOLVED,ALL5_LEVELS_bet23_to_bet27,19.2598,19.2598,19.2598,24.0747,24.0747,4.000000,4.000000,4.000000,5.000000,5.000000,96.000000,96.000000,96.000000,95.000000,95.000000,5.0,105.9288,97.0336,375.5658,384.461,PENDING_AG03,FALSE,NOT_FOR_ENFORCEMENT,462.2348,36187.5597,481.4946,462.2348,19.2598,0.01160708,0.01114280,19.2598,462.2348,0.01114280,19.2598,19.2598,19.2598,24.0747,24.0747,462.2348,0.01114280,105.9288,97.0336,375.5658,384.461,0.00905352,0.00926795,0.00046428,15.0409,16.8584,0.2153,11.7438,0.4291,1011.7763,54.5366,10.8148,15.0547,10.2862,13.088,13.088,26.176,34.6568,52.3519,13.088,-5.1891,2.647988,4.0,1.149216,29,158,24,5,0.00234634,0.01160708,0.15915119,0E-8,0.000000,0.908698,0.000000,-0.14789112,2026-04-14,2026-07-10,41,1122,472,88,0.465909,0.718364,0.719024,0.007821,,,,,,,,GLOBAL_BASELINE_NO_ENTITY_RANKING,,,NOT_APPLICABLE_GLOBAL_BASELINE,HF9g-P5,,,,X 全窗基线 · 不参与实体赏罚,8391668,840,A168_HF9F_20260827_0900,2026-08-27 09:00:00
2026-04-21,142615618,1702,0,162.2909195615,-90.8305630450,-90.8305630450,0.2222222,15,9,0.38059052222222222,0.365577733333,-0.9785242702755611,-0.8930105130144209,-0.9785242702755611,0.01501278888922222,ELIGIBLE,R03b_20260811_FULL_v1,L1_ELIGIBILITY,v2026-08-11,2026-03-21..2026-08-06,baccarat_bet02_101_all_pairs_incl_sentinel,round_win = game_pnl > 0 (decisive only),COMPATIBILITY_ONLY_NOT_PRODUCTION,41482.8302,37695.3747,481.4946,2758,2236,-0.01160708,-0.15915119,-0.01126008,-0.01160708,-481.4946,41482.8302,OK,0.0000,19.2598,4.0000,96.0000,AG03-UNRESOLVED,ALL5_LEVELS_bet23_to_bet27,19.2598,19.2598,19.2598,24.0747,24.0747,4.000000,4.000000,4.000000,5.000000,5.000000,96.000000,96.000000,96.000000,95.000000,95.000000,5.0,105.9288,97.0336,375.5658,384.461,PENDING_AG03,FALSE,NOT_FOR_ENFORCEMENT,462.2348,36187.5597,481.4946,462.2348,19.2598,0.01160708,0.01114280,19.2598,462.2348,0.01114280,19.2598,19.2598,19.2598,24.0747,24.0747,462.2348,0.01114280,105.9288,97.0336,375.5658,384.461,0.00905352,0.00926795,0.00046428,15.0409,16.8584,0.2153,11.7438,0.4291,1011.7763,54.5366,10.8148,15.0547,10.2862,13.088,13.088,26.176,34.6568,52.3519,13.088,-5.1891,2.647988,4.0,1.149216,29,158,24,5,0.00234634,0.01160708,0.15915119,0E-8,0.000000,0.908698,0.000000,-0.14789112,2026-04-14,2026-07-10,41,1122,472,88,0.465909,0.718364,0.719024,0.007821,,,,,,,,GLOBAL_BASELINE_NO_ENTITY_RANKING,,,NOT_APPLICABLE_GLOBAL_BASELINE,HF9g-P5,,,,X 全窗基线 · 不参与实体赏罚,8391669,840,A168_HF9F_20260827_0900,2026-08-27 09:00:00
2026-04-21,142615618,1751,0,115.1742009792,77.8734654346,77.8734654346,0.6000000,8,5,0.44893264571428571,0.431720290000,0.6791452845489272,0.759686575385695,0.6791452845489272,0.01721235571428571,ELIGIBLE,R03b_20260811_FULL_v1,L1_ELIGIBILITY,v2026-08-11,2026-03-21..2026-08-06,baccarat_bet02_101_all_pairs_incl_sentinel,round_win = game_pnl > 0 (decisive only),COMPATIBILITY_ONLY_NOT_PRODUCTION,41482.8302,37695.3747,481.4946,2758,2236,-0.01160708,-0.15915119,-0.01126008,-0.01160708,-481.4946,41482.8302,OK,0.0000,19.2598,4.0000,96.0000,AG03-UNRESOLVED,ALL5_LEVELS_bet23_to_bet27,19.2598,19.2598,19.2598,24.0747,24.0747,4.000000,4.000000,4.000000,5.000000,5.000000,96.000000,96.000000,96.000000,95.000000,95.000000,5.0,105.9288,97.0336,375.5658,384.461,PENDING_AG03,FALSE,NOT_FOR_ENFORCEMENT,462.2348,36187.5597,481.4946,462.2348,19.2598,0.01160708,0.01114280,19.2598,462.2348,0.01114280,19.2598,19.2598,19.2598,24.0747,24.0747,462.2348,0.01114280,105.9288,97.0336,375.5658,384.461,0.00905352,0.00926795,0.00046428,15.0409,16.8584,0.2153,11.7438,0.4291,1011.7763,54.5366,10.8148,15.0547,10.2862,13.088,13.088,26.176,34.6568,52.3519,13.088,-5.1891,2.647988,4.0,1.149216,29,158,24,5,0.00234634,0.01160708,0.15915119,0E-8,0.000000,0.908698,0.000000,-0.14789112,2026-04-14,2026-07-10,41,1122,472,88,0.465909,0.718364,0.719024,0.007821,,,,,,,,GLOBAL_BASELINE_NO_ENTITY_RANKING,,,NOT_APPLICABLE_GLOBAL_BASELINE,HF9g-P5,,,,X 全窗基线 · 不参与实体赏罚,8391670,840,A168_HF9F_20260827_0900,2026-08-27 09:00:00
2026-04-21,142615618,1942,0,248.6715702960,-68.7118812660,-68.7118812660,0.4000000,14,10,0.42641676500000000,0.419549300000,-0.1689134657088966,-0.12527287403800183,-0.1689134657088966,0.00686746500000000,ELIGIBLE,R03b_20260811_FULL_v1,L1_ELIGIBILITY,v2026-08-11,2026-03-21..2026-08-06,baccarat_bet02_101_all_pairs_incl_sentinel,round_win = game_pnl > 0 (decisive only),COMPATIBILITY_ONLY_NOT_PRODUCTION,41482.8302,37695.3747,481.4946,2758,2236,-0.01160708,-0.15915119,-0.01126008,-0.01160708,-481.4946,41482.8302,OK,0.0000,19.2598,4.0000,96.0000,AG03-UNRESOLVED,ALL5_LEVELS_bet23_to_bet27,19.2598,19.2598,19.2598,24.0747,24.0747,4.000000,4.000000,4.000000,5.000000,5.000000,96.000000,96.000000,96.000000,95.000000,95.000000,5.0,105.9288,97.0336,375.5658,384.461,PENDING_AG03,FALSE,NOT_FOR_ENFORCEMENT,462.2348,36187.5597,481.4946,462.2348,19.2598,0.01160708,0.01114280,19.2598,462.2348,0.01114280,19.2598,19.2598,19.2598,24.0747,24.0747,462.2348,0.01114280,105.9288,97.0336,375.5658,384.461,0.00905352,0.00926795,0.00046428,15.0409,16.8584,0.2153,11.7438,0.4291,1011.7763,54.5366,10.8148,15.0547,10.2862,13.088,13.088,26.176,34.6568,52.3519,13.088,-5.1891,2.647988,4.0,1.149216,29,158,24,5,0.00234634,0.01160708,0.15915119,0E-8,0.000000,0.908698,0.000000,-0.14789112,2026-04-14,2026-07-10,41,1122,472,88,0.465909,0.718364,0.719024,0.007821,,,,,,,,GLOBAL_BASELINE_NO_ENTITY_RANKING,,,NOT_APPLICABLE_GLOBAL_BASELINE,HF9g-P5,,,,X 全窗基线 · 不参与实体赏罚,8391671,840,A168_HF9F_20260827_0900,2026-08-27 09:00:00
2026-04-21,142615618,1963,0,36.6463366752,49.0799151899,49.0799151899,0.6666667,4,3,0.32686702857142857,0.298392550000,1.2547221071736616,1.3940897689140268,1.2547221071736616,0.02847447857142857,ELIGIBLE,R03b_20260811_FULL_v1,L1_ELIGIBILITY,v2026-08-11,2026-03-21..2026-08-06,baccarat_bet02_101_all_pairs_incl_sentinel,round_win = game_pnl > 0 (decisive only),COMPATIBILITY_ONLY_NOT_PRODUCTION,41482.8302,37695.3747,481.4946,2758,2236,-0.01160708,-0.15915119,-0.01126008,-0.01160708,-481.4946,41482.8302,OK,0.0000,19.2598,4.0000,96.0000,AG03-UNRESOLVED,ALL5_LEVELS_bet23_to_bet27,19.2598,19.2598,19.2598,24.0747,24.0747,4.000000,4.000000,4.000000,5.000000,5.000000,96.000000,96.000000,96.000000,95.000000,95.000000,5.0,105.9288,97.0336,375.5658,384.461,PENDING_AG03,FALSE,NOT_FOR_ENFORCEMENT,462.2348,36187.5597,481.4946,462.2348,19.2598,0.01160708,0.01114280,19.2598,462.2348,0.01114280,19.2598,19.2598,19.2598,24.0747,24.0747,462.2348,0.01114280,105.9288,97.0336,375.5658,384.461,0.00905352,0.00926795,0.00046428,15.0409,16.8584,0.2153,11.7438,0.4291,1011.7763,54.5366,10.8148,15.0547,10.2862,13.088,13.088,26.176,34.6568,52.3519,13.088,-5.1891,2.647988,4.0,1.149216,29,158,24,5,0.00234634,0.01160708,0.15915119,0E-8,0.000000,0.908698,0.000000,-0.14789112,2026-04-14,2026-07-10,41,1122,472,88,0.465909,0.718364,0.719024,0.007821,,,,,,,,GLOBAL_BASELINE_NO_ENTITY_RANKING,,,NOT_APPLICABLE_GLOBAL_BASELINE,HF9g-P5,,,,X 全窗基线 · 不参与实体赏罚,8391672,840,A168_HF9F_20260827_0900,2026-08-27 09:00:00
2026-04-21,142615618,1990,0,75.9102688272,53.6607072744,53.6607072744,1.0000000,6,4,0.43964784285714286,0.396936125000,2.2579173795729024,2.465195349625506,2.2579173795729024,0.04271171785714286,ELIGIBLE,R03b_20260811_FULL_v1,L1_ELIGIBILITY,v2026-08-11,2026-03-21..2026-08-06,baccarat_bet02_101_all_pairs_incl_sentinel,round_win = game_pnl > 0 (decisive only),COMPATIBILITY_ONLY_NOT_PRODUCTION,41482.8302,37695.3747,481.4946,2758,2236,-0.01160708,-0.15915119,-0.01126008,-0.01160708,-481.4946,41482.8302,OK,0.0000,19.2598,4.0000,96.0000,AG03-UNRESOLVED,ALL5_LEVELS_bet23_to_bet27,19.2598,19.2598,19.2598,24.0747,24.0747,4.000000,4.000000,4.000000,5.000000,5.000000,96.000000,96.000000,96.000000,95.000000,95.000000,5.0,105.9288,97.0336,375.5658,384.461,PENDING_AG03,FALSE,NOT_FOR_ENFORCEMENT,462.2348,36187.5597,481.4946,462.2348,19.2598,0.01160708,0.01114280,19.2598,462.2348,0.01114280,19.2598,19.2598,19.2598,24.0747,24.0747,462.2348,0.01114280,105.9288,97.0336,375.5658,384.461,0.00905352,0.00926795,0.00046428,15.0409,16.8584,0.2153,11.7438,0.4291,1011.7763,54.5366,10.8148,15.0547,10.2862,13.088,13.088,26.176,34.6568,52.3519,13.088,-5.1891,2.647988,4.0,1.149216,29,158,24,5,0.00234634,0.01160708,0.15915119,0E-8,0.000000,0.908698,0.000000,-0.14789112,2026-04-14,2026-07-10,41,1122,472,88,0.465909,0.718364,0.719024,0.007821,,,,,,,,GLOBAL_BASELINE_NO_ENTITY_RANKING,,,NOT_APPLICABLE_GLOBAL_BASELINE,HF9g-P5,,,,X 全窗基线 · 不参与实体赏罚,8391673,840,A168_HF9F_20260827_0900,2026-08-27 09:00:00
2026-04-21,142615618,1991,0,26.1759547680,26.1759547680,26.1759547680,1.0000000,1,1,0.49324550000000000,0.493245500000,1.01360149184955,1.01360149184955,1.01360149184955,0E-17,ELIGIBLE,R03b_20260811_FULL_v1,L1_ELIGIBILITY,v2026-08-11,2026-03-21..2026-08-06,baccarat_bet02_101_all_pairs_incl_sentinel,round_win = game_pnl > 0 (decisive only),COMPATIBILITY_ONLY_NOT_PRODUCTION,41482.8302,37695.3747,481.4946,2758,2236,-0.01160708,-0.15915119,-0.01126008,-0.01160708,-481.4946,41482.8302,OK,0.0000,19.2598,4.0000,96.0000,AG03-UNRESOLVED,ALL5_LEVELS_bet23_to_bet27,19.2598,19.2598,19.2598,24.0747,24.0747,4.000000,4.000000,4.000000,5.000000,5.000000,96.000000,96.000000,96.000000,95.000000,95.000000,5.0,105.9288,97.0336,375.5658,384.461,PENDING_AG03,FALSE,NOT_FOR_ENFORCEMENT,462.2348,36187.5597,481.4946,462.2348,19.2598,0.01160708,0.01114280,19.2598,462.2348,0.01114280,19.2598,19.2598,19.2598,24.0747,24.0747,462.2348,0.01114280,105.9288,97.0336,375.5658,384.461,0.00905352,0.00926795,0.00046428,15.0409,16.8584,0.2153,11.7438,0.4291,1011.7763,54.5366,10.8148,15.0547,10.2862,13.088,13.088,26.176,34.6568,52.3519,13.088,-5.1891,2.647988,4.0,1.149216,29,158,24,5,0.00234634,0.01160708,0.15915119,0E-8,0.000000,0.908698,0.000000,-0.14789112,2026-04-14,2026-07-10,41,1122,472,88,0.465909,0.718364,0.719024,0.007821,,,,,,,,GLOBAL_BASELINE_NO_ENTITY_RANKING,,,NOT_APPLICABLE_GLOBAL_BASELINE,HF9g-P5,,,,X 全窗基线 · 不参与实体赏罚,8391674,840,A168_HF9F_20260827_0900,2026-08-27 09:00:00
2026-04-21,142615618,2080,0,78.5278643040,75.9102688272,75.9102688272,1.0000000,4,4,0.50329940000000000,0.503299400000,1.9868456582349654,1.9868456582349654,1.9868456582349654,0E-17,ELIGIBLE,R03b_20260811_FULL_v1,L1_ELIGIBILITY,v2026-08-11,2026-03-21..2026-08-06,baccarat_bet02_101_all_pairs_incl_sentinel,round_win = game_pnl > 0 (decisive only),COMPATIBILITY_ONLY_NOT_PRODUCTION,41482.8302,37695.3747,481.4946,2758,2236,-0.01160708,-0.15915119,-0.01126008,-0.01160708,-481.4946,41482.8302,OK,0.0000,19.2598,4.0000,96.0000,AG03-UNRESOLVED,ALL5_LEVELS_bet23_to_bet27,19.2598,19.2598,19.2598,24.0747,24.0747,4.000000,4.000000,4.000000,5.000000,5.000000,96.000000,96.000000,96.000000,95.000000,95.000000,5.0,105.9288,97.0336,375.5658,384.461,PENDING_AG03,FALSE,NOT_FOR_ENFORCEMENT,462.2348,36187.5597,481.4946,462.2348,19.2598,0.01160708,0.01114280,19.2598,462.2348,0.01114280,19.2598,19.2598,19.2598,24.0747,24.0747,462.2348,0.01114280,105.9288,97.0336,375.5658,384.461,0.00905352,0.00926795,0.00046428,15.0409,16.8584,0.2153,11.7438,0.4291,1011.7763,54.5366,10.8148,15.0547,10.2862,13.088,13.088,26.176,34.6568,52.3519,13.088,-5.1891,2.647988,4.0,1.149216,29,158,24,5,0.00234634,0.01160708,0.15915119,0E-8,0.000000,0.908698,0.000000,-0.14789112,2026-04-14,2026-07-10,41,1122,472,88,0.465909,0.718364,0.719024,0.007821,,,,,,,,GLOBAL_BASELINE_NO_ENTITY_RANKING,,,NOT_APPLICABLE_GLOBAL_BASELINE,HF9g-P5,,,,X 全窗基线 · 不参与实体赏罚,8391675,840,A168_HF9F_20260827_0900,2026-08-27 09:00:00
2026-04-21,142615618,2093,0,39.2639321520,37.9551344136,37.9551344136,1.0000000,3,3,0.50218230000000000,0.502182300000,1.724507524396475,1.7245075243964754,1.724507524396475,0E-17,ELIGIBLE,R03b_20260811_FULL_v1,L1_ELIGIBILITY,v2026-08-11,2026-03-21..2026-08-06,baccarat_bet02_101_all_pairs_incl_sentinel,round_win = game_pnl > 0 (decisive only),COMPATIBILITY_ONLY_NOT_PRODUCTION,41482.8302,37695.3747,481.4946,2758,2236,-0.01160708,-0.15915119,-0.01126008,-0.01160708,-481.4946,41482.8302,OK,0.0000,19.2598,4.0000,96.0000,AG03-UNRESOLVED,ALL5_LEVELS_bet23_to_bet27,19.2598,19.2598,19.2598,24.0747,24.0747,4.000000,4.000000,4.000000,5.000000,5.000000,96.000000,96.000000,96.000000,95.000000,95.000000,5.0,105.9288,97.0336,375.5658,384.461,PENDING_AG03,FALSE,NOT_FOR_ENFORCEMENT,462.2348,36187.5597,481.4946,462.2348,19.2598,0.01160708,0.01114280,19.2598,462.2348,0.01114280,19.2598,19.2598,19.2598,24.0747,24.0747,462.2348,0.01114280,105.9288,97.0336,375.5658,384.461,0.00905352,0.00926795,0.00046428,15.0409,16.8584,0.2153,11.7438,0.4291,1011.7763,54.5366,10.8148,15.0547,10.2862,13.088,13.088,26.176,34.6568,52.3519,13.088,-5.1891,2.647988,4.0,1.149216,29,158,24,5,0.00234634,0.01160708,0.15915119,0E-8,0.000000,0.908698,0.000000,-0.14789112,2026-04-14,2026-07-10,41,1122,472,88,0.465909,0.718364,0.719024,0.007821,,,,,,,,GLOBAL_BASELINE_NO_ENTITY_RANKING,,,NOT_APPLICABLE_GLOBAL_BASELINE,HF9g-P5,,,,X 全窗基线 · 不参与实体赏罚,8391676,840,A168_HF9F_20260827_0900,2026-08-27 09:00:00
2026-04-21,142615618,2117,0,327.1994345999,13.7423762529,13.7423762529,0.4285714,20,16,0.47382131830357143,0.448861025000,-0.3390842520136542,-0.1526338700913988,-0.3390842520136542,0.02496029330357143,ELIGIBLE,R03b_20260811_FULL_v1,L1_ELIGIBILITY,v2026-08-11,2026-03-21..2026-08-06,baccarat_bet02_101_all_pairs_incl_sentinel,round_win = game_pnl > 0 (decisive only),COMPATIBILITY_ONLY_NOT_PRODUCTION,41482.8302,37695.3747,481.4946,2758,2236,-0.01160708,-0.15915119,-0.01126008,-0.01160708,-481.4946,41482.8302,OK,0.0000,19.2598,4.0000,96.0000,AG03-UNRESOLVED,ALL5_LEVELS_bet23_to_bet27,19.2598,19.2598,19.2598,24.0747,24.0747,4.000000,4.000000,4.000000,5.000000,5.000000,96.000000,96.000000,96.000000,95.000000,95.000000,5.0,105.9288,97.0336,375.5658,384.461,PENDING_AG03,FALSE,NOT_FOR_ENFORCEMENT,462.2348,36187.5597,481.4946,462.2348,19.2598,0.01160708,0.01114280,19.2598,462.2348,0.01114280,19.2598,19.2598,19.2598,24.0747,24.0747,462.2348,0.01114280,105.9288,97.0336,375.5658,384.461,0.00905352,0.00926795,0.00046428,15.0409,16.8584,0.2153,11.7438,0.4291,1011.7763,54.5366,10.8148,15.0547,10.2862,13.088,13.088,26.176,34.6568,52.3519,13.088,-5.1891,2.647988,4.0,1.149216,29,158,24,5,0.00234634,0.01160708,0.15915119,0E-8,0.000000,0.908698,0.000000,-0.14789112,2026-04-14,2026-07-10,41,1122,472,88,0.465909,0.718364,0.719024,0.007821,,,,,,,,GLOBAL_BASELINE_NO_ENTITY_RANKING,,,NOT_APPLICABLE_GLOBAL_BASELINE,HF9g-P5,,,,X 全窗基线 · 不参与实体赏罚,8391677,840,A168_HF9F_20260827_0900,2026-08-27 09:00:00
2026-04-21,142615618,2121,0,62.8222914432,-2.6175954769,-2.6175954769,0.2500000,6,4,0.44204162857142857,0.398611775000,-0.7733799198533825,-0.6070587103947651,-0.7733799198533825,0.04342985357142857,ELIGIBLE,R03b_20260811_FULL_v1,L1_ELIGIBILITY,v2026-08-11,2026-03-21..2026-08-06,baccarat_bet02_101_all_pairs_incl_sentinel,round_win = game_pnl > 0 (decisive only),COMPATIBILITY_ONLY_NOT_PRODUCTION,41482.8302,37695.3747,481.4946,2758,2236,-0.01160708,-0.15915119,-0.01126008,-0.01160708,-481.4946,41482.8302,OK,0.0000,19.2598,4.0000,96.0000,AG03-UNRESOLVED,ALL5_LEVELS_bet23_to_bet27,19.2598,19.2598,19.2598,24.0747,24.0747,4.000000,4.000000,4.000000,5.000000,5.000000,96.000000,96.000000,96.000000,95.000000,95.000000,5.0,105.9288,97.0336,375.5658,384.461,PENDING_AG03,FALSE,NOT_FOR_ENFORCEMENT,462.2348,36187.5597,481.4946,462.2348,19.2598,0.01160708,0.01114280,19.2598,462.2348,0.01114280,19.2598,19.2598,19.2598,24.0747,24.0747,462.2348,0.01114280,105.9288,97.0336,375.5658,384.461,0.00905352,0.00926795,0.00046428,15.0409,16.8584,0.2153,11.7438,0.4291,1011.7763,54.5366,10.8148,15.0547,10.2862,13.088,13.088,26.176,34.6568,52.3519,13.088,-5.1891,2.647988,4.0,1.149216,29,158,24,5,0.00234634,0.01160708,0.15915119,0E-8,0.000000,0.908698,0.000000,-0.14789112,2026-04-14,2026-07-10,41,1122,472,88,0.465909,0.718364,0.719024,0.007821,,,,,,,,GLOBAL_BASELINE_NO_ENTITY_RANKING,,,NOT_APPLICABLE_GLOBAL_BASELINE,HF9g-P5,,,,X 全窗基线 · 不参与实体赏罚,8391678,840,A168_HF9F_20260827_0900,2026-08-27 09:00:00
2026-04-21,142615618,2127,0,154.4381331311,-49.7343140591,-49.7343140591,0.5000000,9,6,0.41512729583330161,0.394701925000,0.4219124518893737,0.5276874777435044,0.4219124518893737,0.02042537083330161,ELIGIBLE,R03b_20260811_FULL_v1,L1_ELIGIBILITY,v2026-08-11,2026-03-21..2026-08-06,baccarat_bet02_101_all_pairs_incl_sentinel,round_win = game_pnl > 0 (decisive only),COMPATIBILITY_ONLY_NOT_PRODUCTION,41482.8302,37695.3747,481.4946,2758,2236,-0.01160708,-0.15915119,-0.01126008,-0.01160708,-481.4946,41482.8302,OK,0.0000,19.2598,4.0000,96.0000,AG03-UNRESOLVED,ALL5_LEVELS_bet23_to_bet27,19.2598,19.2598,19.2598,24.0747,24.0747,4.000000,4.000000,4.000000,5.000000,5.000000,96.000000,96.000000,96.000000,95.000000,95.000000,5.0,105.9288,97.0336,375.5658,384.461,PENDING_AG03,FALSE,NOT_FOR_ENFORCEMENT,462.2348,36187.5597,481.4946,462.2348,19.2598,0.01160708,0.01114280,19.2598,462.2348,0.01114280,19.2598,19.2598,19.2598,24.0747,24.0747,462.2348,0.01114280,105.9288,97.0336,375.5658,384.461,0.00905352,0.00926795,0.00046428,15.0409,16.8584,0.2153,11.7438,0.4291,1011.7763,54.5366,10.8148,15.0547,10.2862,13.088,13.088,26.176,34.6568,52.3519,13.088,-5.1891,2.647988,4.0,1.149216,29,158,24,5,0.00234634,0.01160708,0.15915119,0E-8,0.000000,0.908698,0.000000,-0.14789112,2026-04-14,2026-07-10,41,1122,472,88,0.465909,0.718364,0.719024,0.007821,,,,,,,,GLOBAL_BASELINE_NO_ENTITY_RANKING,,,NOT_APPLICABLE_GLOBAL_BASELINE,HF9g-P5,,,,X 全窗基线 · 不参与实体赏罚,8391679,840,A168_HF9F_20260827_0900,2026-08-27 09:00:00
2026-04-21,142615618,2129,0,13.0879773840,12.4335785148,12.4335785148,1.0000000,1,1,0.50665070000000000,0.506650700000,0.9867858985152569,0.9867858985152569,0.9867858985152569,0E-17,ELIGIBLE,R03b_20260811_FULL_v1,L1_ELIGIBILITY,v2026-08-11,2026-03-21..2026-08-06,baccarat_bet02_101_all_pairs_incl_sentinel,round_win = game_pnl > 0 (decisive only),COMPATIBILITY_ONLY_NOT_PRODUCTION,41482.8302,37695.3747,481.4946,2758,2236,-0.01160708,-0.15915119,-0.01126008,-0.01160708,-481.4946,41482.8302,OK,0.0000,19.2598,4.0000,96.0000,AG03-UNRESOLVED,ALL5_LEVELS_bet23_to_bet27,19.2598,19.2598,19.2598,24.0747,24.0747,4.000000,4.000000,4.000000,5.000000,5.000000,96.000000,96.000000,96.000000,95.000000,95.000000,5.0,105.9288,97.0336,375.5658,384.461,PENDING_AG03,FALSE,NOT_FOR_ENFORCEMENT,462.2348,36187.5597,481.4946,462.2348,19.2598,0.01160708,0.01114280,19.2598,462.2348,0.01114280,19.2598,19.2598,19.2598,24.0747,24.0747,462.2348,0.01114280,105.9288,97.0336,375.5658,384.461,0.00905352,0.00926795,0.00046428,15.0409,16.8584,0.2153,11.7438,0.4291,1011.7763,54.5366,10.8148,15.0547,10.2862,13.088,13.088,26.176,34.6568,52.3519,13.088,-5.1891,2.647988,4.0,1.149216,29,158,24,5,0.00234634,0.01160708,0.15915119,0E-8,0.000000,0.908698,0.000000,-0.14789112,2026-04-14,2026-07-10,41,1122,472,88,0.465909,0.718364,0.719024,0.007821,,,,,,,,GLOBAL_BASELINE_NO_ENTITY_RANKING,,,NOT_APPLICABLE_GLOBAL_BASELINE,HF9g-P5,,,,X 全窗基线 · 不参与实体赏罚,8391680,840,A168_HF9F_20260827_0900,2026-08-27 09:00:00
2026-04-21,142615618,2130,0,52.3519095360,0E-10,0E-10,0.5000000,2,2,0.49324550000000000,0.493245500000,0.01910635448239258,0.01910635448239258,0.01910635448239258,0E-17,ELIGIBLE,R03b_20260811_FULL_v1,L1_ELIGIBILITY,v2026-08-11,2026-03-21..2026-08-06,baccarat_bet02_101_all_pairs_incl_sentinel,round_win = game_pnl > 0 (decisive only),COMPATIBILITY_ONLY_NOT_PRODUCTION,41482.8302,37695.3747,481.4946,2758,2236,-0.01160708,-0.15915119,-0.01126008,-0.01160708,-481.4946,41482.8302,OK,0.0000,19.2598,4.0000,96.0000,AG03-UNRESOLVED,ALL5_LEVELS_bet23_to_bet27,19.2598,19.2598,19.2598,24.0747,24.0747,4.000000,4.000000,4.000000,5.000000,5.000000,96.000000,96.000000,96.000000,95.000000,95.000000,5.0,105.9288,97.0336,375.5658,384.461,PENDING_AG03,FALSE,NOT_FOR_ENFORCEMENT,462.2348,36187.5597,481.4946,462.2348,19.2598,0.01160708,0.01114280,19.2598,462.2348,0.01114280,19.2598,19.2598,19.2598,24.0747,24.0747,462.2348,0.01114280,105.9288,97.0336,375.5658,384.461,0.00905352,0.00926795,0.00046428,15.0409,16.8584,0.2153,11.7438,0.4291,1011.7763,54.5366,10.8148,15.0547,10.2862,13.088,13.088,26.176,34.6568,52.3519,13.088,-5.1891,2.647988,4.0,1.149216,29,158,24,5,0.00234634,0.01160708,0.15915119,0E-8,0.000000,0.908698,0.000000,-0.14789112,2026-04-14,2026-07-10,41,1122,472,88,0.465909,0.718364,0.719024,0.007821,,,,,,,,GLOBAL_BASELINE_NO_ENTITY_RANKING,,,NOT_APPLICABLE_GLOBAL_BASELINE,HF9g-P5,,,,X 全窗基线 · 不参与实体赏罚,8391681,840,A168_HF9F_20260827_0900,2026-08-27 09:00:00
2026-04-21,142615618,2134,0,39.2639321520,13.0879773840,13.0879773840,0.5000000,2,2,0.49324550000000000,0.493245500000,0.01910635448239258,0.01910635448239258,0.01910635448239258,0E-17,ELIGIBLE,R03b_20260811_FULL_v1,L1_ELIGIBILITY,v2026-08-11,2026-03-21..2026-08-06,baccarat_bet02_101_all_pairs_incl_sentinel,round_win = game_pnl > 0 (decisive only),COMPATIBILITY_ONLY_NOT_PRODUCTION,41482.8302,37695.3747,481.4946,2758,2236,-0.01160708,-0.15915119,-0.01126008,-0.01160708,-481.4946,41482.8302,OK,0.0000,19.2598,4.0000,96.0000,AG03-UNRESOLVED,ALL5_LEVELS_bet23_to_bet27,19.2598,19.2598,19.2598,24.0747,24.0747,4.000000,4.000000,4.000000,5.000000,5.000000,96.000000,96.000000,96.000000,95.000000,95.000000,5.0,105.9288,97.0336,375.5658,384.461,PENDING_AG03,FALSE,NOT_FOR_ENFORCEMENT,462.2348,36187.5597,481.4946,462.2348,19.2598,0.01160708,0.01114280,19.2598,462.2348,0.01114280,19.2598,19.2598,19.2598,24.0747,24.0747,462.2348,0.01114280,105.9288,97.0336,375.5658,384.461,0.00905352,0.00926795,0.00046428,15.0409,16.8584,0.2153,11.7438,0.4291,1011.7763,54.5366,10.8148,15.0547,10.2862,13.088,13.088,26.176,34.6568,52.3519,13.088,-5.1891,2.647988,4.0,1.149216,29,158,24,5,0.00234634,0.01160708,0.15915119,0E-8,0.000000,0.908698,0.000000,-0.14789112,2026-04-14,2026-07-10,41,1122,472,88,0.465909,0.718364,0.719024,0.007821,,,,,,,,GLOBAL_BASELINE_NO_ENTITY_RANKING,,,NOT_APPLICABLE_GLOBAL_BASELINE,HF9g-P5,,,,X 全窗基线 · 不参与实体赏罚,8391682,840,A168_HF9F_20260827_0900,2026-08-27 09:00:00
2026-04-21,142615618,2153,0,57.5871004896,-57.5871004896,-57.5871004896,0E-7,7,4,0.39388694107142857,0.350457087500,-1.6122744300212581,-1.469073400046996,-1.6122744300212581,0.04342985357142857,ELIGIBLE,R03b_20260811_FULL_v1,L1_ELIGIBILITY,v2026-08-11,2026-03-21..2026-08-06,baccarat_bet02_101_all_pairs_incl_sentinel,round_win = game_pnl > 0 (decisive only),COMPATIBILITY_ONLY_NOT_PRODUCTION,41482.8302,37695.3747,481.4946,2758,2236,-0.01160708,-0.15915119,-0.01126008,-0.01160708,-481.4946,41482.8302,OK,0.0000,19.2598,4.0000,96.0000,AG03-UNRESOLVED,ALL5_LEVELS_bet23_to_bet27,19.2598,19.2598,19.2598,24.0747,24.0747,4.000000,4.000000,4.000000,5.000000,5.000000,96.000000,96.000000,96.000000,95.000000,95.000000,5.0,105.9288,97.0336,375.5658,384.461,PENDING_AG03,FALSE,NOT_FOR_ENFORCEMENT,462.2348,36187.5597,481.4946,462.2348,19.2598,0.01160708,0.01114280,19.2598,462.2348,0.01114280,19.2598,19.2598,19.2598,24.0747,24.0747,462.2348,0.01114280,105.9288,97.0336,375.5658,384.461,0.00905352,0.00926795,0.00046428,15.0409,16.8584,0.2153,11.7438,0.4291,1011.7763,54.5366,10.8148,15.0547,10.2862,13.088,13.088,26.176,34.6568,52.3519,13.088,-5.1891,2.647988,4.0,1.149216,29,158,24,5,0.00234634,0.01160708,0.15915119,0E-8,0.000000,0.908698,0.000000,-0.14789112,2026-04-14,2026-07-10,41,1122,472,88,0.465909,0.718364,0.719024,0.007821,,,,,,,,GLOBAL_BASELINE_NO_ENTITY_RANKING,,,NOT_APPLICABLE_GLOBAL_BASELINE,HF9g-P5,,,,X 全窗基线 · 不参与实体赏罚,8391683,840,A168_HF9F_20260827_0900,2026-08-27 09:00:00
2026-04-21,142615618,2155,0,219.8780200511,-12.4335785147,-12.4335785147,0.5555556,14,10,0.40291827500000000,0.377003990000,0.933590668558376,1.105272364407092,0.933590668558376,0.02591428500000000,ELIGIBLE,R03b_20260811_FULL_v1,L1_ELIGIBILITY,v2026-08-11,2026-03-21..2026-08-06,baccarat_bet02_101_all_pairs_incl_sentinel,round_win = game_pnl > 0 (decisive only),COMPATIBILITY_ONLY_NOT_PRODUCTION,41482.8302,37695.3747,481.4946,2758,2236,-0.01160708,-0.15915119,-0.01126008,-0.01160708,-481.4946,41482.8302,OK,0.0000,19.2598,4.0000,96.0000,AG03-UNRESOLVED,ALL5_LEVELS_bet23_to_bet27,19.2598,19.2598,19.2598,24.0747,24.0747,4.000000,4.000000,4.000000,5.000000,5.000000,96.000000,96.000000,96.000000,95.000000,95.000000,5.0,105.9288,97.0336,375.5658,384.461,PENDING_AG03,FALSE,NOT_FOR_ENFORCEMENT,462.2348,36187.5597,481.4946,462.2348,19.2598,0.01160708,0.01114280,19.2598,462.2348,0.01114280,19.2598,19.2598,19.2598,24.0747,24.0747,462.2348,0.01114280,105.9288,97.0336,375.5658,384.461,0.00905352,0.00926795,0.00046428,15.0409,16.8584,0.2153,11.7438,0.4291,1011.7763,54.5366,10.8148,15.0547,10.2862,13.088,13.088,26.176,34.6568,52.3519,13.088,-5.1891,2.647988,4.0,1.149216,29,158,24,5,0.00234634,0.01160708,0.15915119,0E-8,0.000000,0.908698,0.000000,-0.14789112,2026-04-14,2026-07-10,41,1122,472,88,0.465909,0.718364,0.719024,0.007821,,,,,,,,GLOBAL_BASELINE_NO_ENTITY_RANKING,,,NOT_APPLICABLE_GLOBAL_BASELINE,HF9g-P5,,,,X 全窗基线 · 不参与实体赏罚,8391684,840,A168_HF9F_20260827_0900,2026-08-27 09:00:00
2026-04-21,142615618,2156,0,177.7347328746,-62.5605318956,-62.5605318956,0.2500000,10,9,0.48654804285714286,0.477056550000,-1.338602343119903,-1.2857801973428107,-1.338602343119903,0.00949149285714286,ELIGIBLE,R03b_20260811_FULL_v1,L1_ELIGIBILITY,v2026-08-11,2026-03-21..2026-08-06,baccarat_bet02_101_all_pairs_incl_sentinel,round_win = game_pnl > 0 (decisive only),COMPATIBILITY_ONLY_NOT_PRODUCTION,41482.8302,37695.3747,481.4946,2758,2236,-0.01160708,-0.15915119,-0.01126008,-0.01160708,-481.4946,41482.8302,OK,0.0000,19.2598,4.0000,96.0000,AG03-UNRESOLVED,ALL5_LEVELS_bet23_to_bet27,19.2598,19.2598,19.2598,24.0747,24.0747,4.000000,4.000000,4.000000,5.000000,5.000000,96.000000,96.000000,96.000000,95.000000,95.000000,5.0,105.9288,97.0336,375.5658,384.461,PENDING_AG03,FALSE,NOT_FOR_ENFORCEMENT,462.2348,36187.5597,481.4946,462.2348,19.2598,0.01160708,0.01114280,19.2598,462.2348,0.01114280,19.2598,19.2598,19.2598,24.0747,24.0747,462.2348,0.01114280,105.9288,97.0336,375.5658,384.461,0.00905352,0.00926795,0.00046428,15.0409,16.8584,0.2153,11.7438,0.4291,1011.7763,54.5366,10.8148,15.0547,10.2862,13.088,13.088,26.176,34.6568,52.3519,13.088,-5.1891,2.647988,4.0,1.149216,29,158,24,5,0.00234634,0.01160708,0.15915119,0E-8,0.000000,0.908698,0.000000,-0.14789112,2026-04-14,2026-07-10,41,1122,472,88,0.465909,0.718364,0.719024,0.007821,,,,,,,,GLOBAL_BASELINE_NO_ENTITY_RANKING,,,NOT_APPLICABLE_GLOBAL_BASELINE,HF9g-P5,,,,X 全窗基线 · 不参与实体赏罚,8391685,840,A168_HF9F_20260827_0900,2026-08-27 09:00:00
2026-04-21,142615618,2160,0,78.5278643040,-0.6543988692,-0.6543988692,0.5000000,5,4,0.45179341250000000,0.451793412500,0.1937288555254134,0.1937288555254134,0.1937288555254134,0E-17,ELIGIBLE,R03b_20260811_FULL_v1,L1_ELIGIBILITY,v2026-08-11,2026-03-21..2026-08-06,baccarat_bet02_101_all_pairs_incl_sentinel,round_win = game_pnl > 0 (decisive only),COMPATIBILITY_ONLY_NOT_PRODUCTION,41482.8302,37695.3747,481.4946,2758,2236,-0.01160708,-0.15915119,-0.01126008,-0.01160708,-481.4946,41482.8302,OK,0.0000,19.2598,4.0000,96.0000,AG03-UNRESOLVED,ALL5_LEVELS_bet23_to_bet27,19.2598,19.2598,19.2598,24.0747,24.0747,4.000000,4.000000,4.000000,5.000000,5.000000,96.000000,96.000000,96.000000,95.000000,95.000000,5.0,105.9288,97.0336,375.5658,384.461,PENDING_AG03,FALSE,NOT_FOR_ENFORCEMENT,462.2348,36187.5597,481.4946,462.2348,19.2598,0.01160708,0.01114280,19.2598,462.2348,0.01114280,19.2598,19.2598,19.2598,24.0747,24.0747,462.2348,0.01114280,105.9288,97.0336,375.5658,384.461,0.00905352,0.00926795,0.00046428,15.0409,16.8584,0.2153,11.7438,0.4291,1011.7763,54.5366,10.8148,15.0547,10.2862,13.088,13.088,26.176,34.6568,52.3519,13.088,-5.1891,2.647988,4.0,1.149216,29,158,24,5,0.00234634,0.01160708,0.15915119,0E-8,0.000000,0.908698,0.000000,-0.14789112,2026-04-14,2026-07-10,41,1122,472,88,0.465909,0.718364,0.719024,0.007821,,,,,,,,GLOBAL_BASELINE_NO_ENTITY_RANKING,,,NOT_APPLICABLE_GLOBAL_BASELINE,HF9g-P5,,,,X 全窗基线 · 不参与实体赏罚,8391686,840,A168_HF9F_20260827_0900,2026-08-27 09:00:00
2026-04-21,142615618,2169,0,49.7343140592,1.9631966076,1.9631966076,0.6666667,5,3,0.42369698571428571,0.364833000000,0.851646915923779,1.0860186579666644,0.851646915923779,0.05886398571428571,ELIGIBLE,R03b_20260811_FULL_v1,L1_ELIGIBILITY,v2026-08-11,2026-03-21..2026-08-06,baccarat_bet02_101_all_pairs_incl_sentinel,round_win = game_pnl > 0 (decisive only),COMPATIBILITY_ONLY_NOT_PRODUCTION,41482.8302,37695.3747,481.4946,2758,2236,-0.01160708,-0.15915119,-0.01126008,-0.01160708,-481.4946,41482.8302,OK,0.0000,19.2598,4.0000,96.0000,AG03-UNRESOLVED,ALL5_LEVELS_bet23_to_bet27,19.2598,19.2598,19.2598,24.0747,24.0747,4.000000,4.000000,4.000000,5.000000,5.000000,96.000000,96.000000,96.000000,95.000000,95.000000,5.0,105.9288,97.0336,375.5658,384.461,PENDING_AG03,FALSE,NOT_FOR_ENFORCEMENT,462.2348,36187.5597,481.4946,462.2348,19.2598,0.01160708,0.01114280,19.2598,462.2348,0.01114280,19.2598,19.2598,19.2598,24.0747,24.0747,462.2348,0.01114280,105.9288,97.0336,375.5658,384.461,0.00905352,0.00926795,0.00046428,15.0409,16.8584,0.2153,11.7438,0.4291,1011.7763,54.5366,10.8148,15.0547,10.2862,13.088,13.088,26.176,34.6568,52.3519,13.088,-5.1891,2.647988,4.0,1.149216,29,158,24,5,0.00234634,0.01160708,0.15915119,0E-8,0.000000,0.908698,0.000000,-0.14789112,2026-04-14,2026-07-10,41,1122,472,88,0.465909,0.718364,0.719024,0.007821,,,,,,,,GLOBAL_BASELINE_NO_ENTITY_RANKING,,,NOT_APPLICABLE_GLOBAL_BASELINE,HF9g-P5,,,,X 全窗基线 · 不参与实体赏罚,8391687,840,A168_HF9F_20260827_0900,2026-08-27 09:00:00
2026-04-21,142615618,2174,0,167.5261105152,-115.1742009792,-115.1742009792,0.1250000,10,8,0.46037774375000000,0.451793412500,-1.9031680812210356,-1.8572750082354765,-1.9031680812210356,0.00858433125000000,ELIGIBLE,R03b_20260811_FULL_v1,L1_ELIGIBILITY,v2026-08-11,2026-03-21..2026-08-06,baccarat_bet02_101_all_pairs_incl_sentinel,round_win = game_pnl > 0 (decisive only),COMPATIBILITY_ONLY_NOT_PRODUCTION,41482.8302,37695.3747,481.4946,2758,2236,-0.01160708,-0.15915119,-0.01126008,-0.01160708,-481.4946,41482.8302,OK,0.0000,19.2598,4.0000,96.0000,AG03-UNRESOLVED,ALL5_LEVELS_bet23_to_bet27,19.2598,19.2598,19.2598,24.0747,24.0747,4.000000,4.000000,4.000000,5.000000,5.000000,96.000000,96.000000,96.000000,95.000000,95.000000,5.0,105.9288,97.0336,375.5658,384.461,PENDING_AG03,FALSE,NOT_FOR_ENFORCEMENT,462.2348,36187.5597,481.4946,462.2348,19.2598,0.01160708,0.01114280,19.2598,462.2348,0.01114280,19.2598,19.2598,19.2598,24.0747,24.0747,462.2348,0.01114280,105.9288,97.0336,375.5658,384.461,0.00905352,0.00926795,0.00046428,15.0409,16.8584,0.2153,11.7438,0.4291,1011.7763,54.5366,10.8148,15.0547,10.2862,13.088,13.088,26.176,34.6568,52.3519,13.088,-5.1891,2.647988,4.0,1.149216,29,158,24,5,0.00234634,0.01160708,0.15915119,0E-8,0.000000,0.908698,0.000000,-0.14789112,2026-04-14,2026-07-10,41,1122,472,88,0.465909,0.718364,0.719024,0.007821,,,,,,,,GLOBAL_BASELINE_NO_ENTITY_RANKING,,,NOT_APPLICABLE_GLOBAL_BASELINE,HF9g-P5,,,,X 全窗基线 · 不参与实体赏罚,8391688,840,A168_HF9F_20260827_0900,2026-08-27 09:00:00
2026-04-21,142615618,2175,0,54.9695050128,-18.5849278853,-18.5849278853,0.3333333,5,3,0.41061610000000000,0.364833000000,-0.27209851242548655,-0.11333800532433629,-0.27209851242548655,0.04578310000000000,ELIGIBLE,R03b_20260811_FULL_v1,L1_ELIGIBILITY,v2026-08-11,2026-03-21..2026-08-06,baccarat_bet02_101_all_pairs_incl_sentinel,round_win = game_pnl > 0 (decisive only),COMPATIBILITY_ONLY_NOT_PRODUCTION,41482.8302,37695.3747,481.4946,2758,2236,-0.01160708,-0.15915119,-0.01126008,-0.01160708,-481.4946,41482.8302,OK,0.0000,19.2598,4.0000,96.0000,AG03-UNRESOLVED,ALL5_LEVELS_bet23_to_bet27,19.2598,19.2598,19.2598,24.0747,24.0747,4.000000,4.000000,4.000000,5.000000,5.000000,96.000000,96.000000,96.000000,95.000000,95.000000,5.0,105.9288,97.0336,375.5658,384.461,PENDING_AG03,FALSE,NOT_FOR_ENFORCEMENT,462.2348,36187.5597,481.4946,462.2348,19.2598,0.01160708,0.01114280,19.2598,462.2348,0.01114280,19.2598,19.2598,19.2598,24.0747,24.0747,462.2348,0.01114280,105.9288,97.0336,375.5658,384.461,0.00905352,0.00926795,0.00046428,15.0409,16.8584,0.2153,11.7438,0.4291,1011.7763,54.5366,10.8148,15.0547,10.2862,13.088,13.088,26.176,34.6568,52.3519,13.088,-5.1891,2.647988,4.0,1.149216,29,158,24,5,0.00234634,0.01160708,0.15915119,0E-8,0.000000,0.908698,0.000000,-0.14789112,2026-04-14,2026-07-10,41,1122,472,88,0.465909,0.718364,0.719024,0.007821,,,,,,,,GLOBAL_BASELINE_NO_ENTITY_RANKING,,,NOT_APPLICABLE_GLOBAL_BASELINE,HF9g-P5,,,,X 全窗基线 · 不参与实体赏罚,8391689,840,A168_HF9F_20260827_0900,2026-08-27 09:00:00
2026-04-21,142615618,2177,0,26.1759547680,-26.1759547680,-26.1759547680,0E-7,1,1,0.50665070000000000,0.506650700000,-1.013391052207602,-1.013391052207602,-1.013391052207602,0E-17,ELIGIBLE,R03b_20260811_FULL_v1,L1_ELIGIBILITY,v2026-08-11,2026-03-21..2026-08-06,baccarat_bet02_101_all_pairs_incl_sentinel,round_win = game_pnl > 0 (decisive only),COMPATIBILITY_ONLY_NOT_PRODUCTION,41482.8302,37695.3747,481.4946,2758,2236,-0.01160708,-0.15915119,-0.01126008,-0.01160708,-481.4946,41482.8302,OK,0.0000,19.2598,4.0000,96.0000,AG03-UNRESOLVED,ALL5_LEVELS_bet23_to_bet27,19.2598,19.2598,19.2598,24.0747,24.0747,4.000000,4.000000,4.000000,5.000000,5.000000,96.000000,96.000000,96.000000,95.000000,95.000000,5.0,105.9288,97.0336,375.5658,384.461,PENDING_AG03,FALSE,NOT_FOR_ENFORCEMENT,462.2348,36187.5597,481.4946,462.2348,19.2598,0.01160708,0.01114280,19.2598,462.2348,0.01114280,19.2598,19.2598,19.2598,24.0747,24.0747,462.2348,0.01114280,105.9288,97.0336,375.5658,384.461,0.00905352,0.00926795,0.00046428,15.0409,16.8584,0.2153,11.7438,0.4291,1011.7763,54.5366,10.8148,15.0547,10.2862,13.088,13.088,26.176,34.6568,52.3519,13.088,-5.1891,2.647988,4.0,1.149216,29,158,24,5,0.00234634,0.01160708,0.15915119,0E-8,0.000000,0.908698,0.000000,-0.14789112,2026-04-14,2026-07-10,41,1122,472,88,0.465909,0.718364,0.719024,0.007821,,,,,,,,GLOBAL_BASELINE_NO_ENTITY_RANKING,,,NOT_APPLICABLE_GLOBAL_BASELINE,HF9g-P5,,,,X 全窗基线 · 不参与实体赏罚,8391690,840,A168_HF9F_20260827_0900,2026-08-27 09:00:00
2026-04-21,142615618,2188,0,13.0879773840,12.4335785148,12.4335785148,1.0000000,1,1,0.50665070000000000,0.506650700000,0.9867858985152569,0.9867858985152569,0.9867858985152569,0E-17,ELIGIBLE,R03b_20260811_FULL_v1,L1_ELIGIBILITY,v2026-08-11,2026-03-21..2026-08-06,baccarat_bet02_101_all_pairs_incl_sentinel,round_win = game_pnl > 0 (decisive only),COMPATIBILITY_ONLY_NOT_PRODUCTION,41482.8302,37695.3747,481.4946,2758,2236,-0.01160708,-0.15915119,-0.01126008,-0.01160708,-481.4946,41482.8302,OK,0.0000,19.2598,4.0000,96.0000,AG03-UNRESOLVED,ALL5_LEVELS_bet23_to_bet27,19.2598,19.2598,19.2598,24.0747,24.0747,4.000000,4.000000,4.000000,5.000000,5.000000,96.000000,96.000000,96.000000,95.000000,95.000000,5.0,105.9288,97.0336,375.5658,384.461,PENDING_AG03,FALSE,NOT_FOR_ENFORCEMENT,462.2348,36187.5597,481.4946,462.2348,19.2598,0.01160708,0.01114280,19.2598,462.2348,0.01114280,19.2598,19.2598,19.2598,24.0747,24.0747,462.2348,0.01114280,105.9288,97.0336,375.5658,384.461,0.00905352,0.00926795,0.00046428,15.0409,16.8584,0.2153,11.7438,0.4291,1011.7763,54.5366,10.8148,15.0547,10.2862,13.088,13.088,26.176,34.6568,52.3519,13.088,-5.1891,2.647988,4.0,1.149216,29,158,24,5,0.00234634,0.01160708,0.15915119,0E-8,0.000000,0.908698,0.000000,-0.14789112,2026-04-14,2026-07-10,41,1122,472,88,0.465909,0.718364,0.719024,0.007821,,,,,,,,GLOBAL_BASELINE_NO_ENTITY_RANKING,,,NOT_APPLICABLE_GLOBAL_BASELINE,HF9g-P5,,,,X 全窗基线 · 不参与实体赏罚,8391691,840,A168_HF9F_20260827_0900,2026-08-27 09:00:00
2026-04-21,142615618,2205,0,13.0879773840,-13.0879773840,-13.0879773840,0E-7,1,1,0.50665070000000000,0.506650700000,-1.013391052207602,-1.013391052207602,-1.013391052207602,0E-17,ELIGIBLE,R03b_20260811_FULL_v1,L1_ELIGIBILITY,v2026-08-11,2026-03-21..2026-08-06,baccarat_bet02_101_all_pairs_incl_sentinel,round_win = game_pnl > 0 (decisive only),COMPATIBILITY_ONLY_NOT_PRODUCTION,41482.8302,37695.3747,481.4946,2758,2236,-0.01160708,-0.15915119,-0.01126008,-0.01160708,-481.4946,41482.8302,OK,0.0000,19.2598,4.0000,96.0000,AG03-UNRESOLVED,ALL5_LEVELS_bet23_to_bet27,19.2598,19.2598,19.2598,24.0747,24.0747,4.000000,4.000000,4.000000,5.000000,5.000000,96.000000,96.000000,96.000000,95.000000,95.000000,5.0,105.9288,97.0336,375.5658,384.461,PENDING_AG03,FALSE,NOT_FOR_ENFORCEMENT,462.2348,36187.5597,481.4946,462.2348,19.2598,0.01160708,0.01114280,19.2598,462.2348,0.01114280,19.2598,19.2598,19.2598,24.0747,24.0747,462.2348,0.01114280,105.9288,97.0336,375.5658,384.461,0.00905352,0.00926795,0.00046428,15.0409,16.8584,0.2153,11.7438,0.4291,1011.7763,54.5366,10.8148,15.0547,10.2862,13.088,13.088,26.176,34.6568,52.3519,13.088,-5.1891,2.647988,4.0,1.149216,29,158,24,5,0.00234634,0.01160708,0.15915119,0E-8,0.000000,0.908698,0.000000,-0.14789112,2026-04-14,2026-07-10,41,1122,472,88,0.465909,0.718364,0.719024,0.007821,,,,,,,,GLOBAL_BASELINE_NO_ENTITY_RANKING,,,NOT_APPLICABLE_GLOBAL_BASELINE,HF9g-P5,,,,X 全窗基线 · 不参与实体赏罚,8391692,840,A168_HF9F_20260827_0900,2026-08-27 09:00:00
2026-04-21,142615618,2208,0,120.4093919328,33.3743423292,33.3743423292,0.8000000,7,5,0.46321171000000000,0.422900600000,1.5102564650255925,1.706854028609962,1.5102564650255925,0.04031111000000000,ELIGIBLE,R03b_20260811_FULL_v1,L1_ELIGIBILITY,v2026-08-11,2026-03-21..2026-08-06,baccarat_bet02_101_all_pairs_incl_sentinel,round_win = game_pnl > 0 (decisive only),COMPATIBILITY_ONLY_NOT_PRODUCTION,41482.8302,37695.3747,481.4946,2758,2236,-0.01160708,-0.15915119,-0.01126008,-0.01160708,-481.4946,41482.8302,OK,0.0000,19.2598,4.0000,96.0000,AG03-UNRESOLVED,ALL5_LEVELS_bet23_to_bet27,19.2598,19.2598,19.2598,24.0747,24.0747,4.000000,4.000000,4.000000,5.000000,5.000000,96.000000,96.000000,96.000000,95.000000,95.000000,5.0,105.9288,97.0336,375.5658,384.461,PENDING_AG03,FALSE,NOT_FOR_ENFORCEMENT,462.2348,36187.5597,481.4946,462.2348,19.2598,0.01160708,0.01114280,19.2598,462.2348,0.01114280,19.2598,19.2598,19.2598,24.0747,24.0747,462.2348,0.01114280,105.9288,97.0336,375.5658,384.461,0.00905352,0.00926795,0.00046428,15.0409,16.8584,0.2153,11.7438,0.4291,1011.7763,54.5366,10.8148,15.0547,10.2862,13.088,13.088,26.176,34.6568,52.3519,13.088,-5.1891,2.647988,4.0,1.149216,29,158,24,5,0.00234634,0.01160708,0.15915119,0E-8,0.000000,0.908698,0.000000,-0.14789112,2026-04-14,2026-07-10,41,1122,472,88,0.465909,0.718364,0.719024,0.007821,,,,,,,,GLOBAL_BASELINE_NO_ENTITY_RANKING,,,NOT_APPLICABLE_GLOBAL_BASELINE,HF9g-P5,,,,X 全窗基线 · 不参与实体赏罚,8391693,840,A168_HF9F_20260827_0900,2026-08-27 09:00:00
2026-04-21,142615618,2220,0,83.7630552575,30.4949873046,30.4949873046,0.6666667,5,3,0.42173485285714286,0.364833000000,0.8590581661261777,1.0860186579666644,0.8590581661261777,0.05690185285714286,ELIGIBLE,R03b_20260811_FULL_v1,L1_ELIGIBILITY,v2026-08-11,2026-03-21..2026-08-06,baccarat_bet02_101_all_pairs_incl_sentinel,round_win = game_pnl > 0 (decisive only),COMPATIBILITY_ONLY_NOT_PRODUCTION,41482.8302,37695.3747,481.4946,2758,2236,-0.01160708,-0.15915119,-0.01126008,-0.01160708,-481.4946,41482.8302,OK,0.0000,19.2598,4.0000,96.0000,AG03-UNRESOLVED,ALL5_LEVELS_bet23_to_bet27,19.2598,19.2598,19.2598,24.0747,24.0747,4.000000,4.000000,4.000000,5.000000,5.000000,96.000000,96.000000,96.000000,95.000000,95.000000,5.0,105.9288,97.0336,375.5658,384.461,PENDING_AG03,FALSE,NOT_FOR_ENFORCEMENT,462.2348,36187.5597,481.4946,462.2348,19.2598,0.01160708,0.01114280,19.2598,462.2348,0.01114280,19.2598,19.2598,19.2598,24.0747,24.0747,462.2348,0.01114280,105.9288,97.0336,375.5658,384.461,0.00905352,0.00926795,0.00046428,15.0409,16.8584,0.2153,11.7438,0.4291,1011.7763,54.5366,10.8148,15.0547,10.2862,13.088,13.088,26.176,34.6568,52.3519,13.088,-5.1891,2.647988,4.0,1.149216,29,158,24,5,0.00234634,0.01160708,0.15915119,0E-8,0.000000,0.908698,0.000000,-0.14789112,2026-04-14,2026-07-10,41,1122,472,88,0.465909,0.718364,0.719024,0.007821,,,,,,,,GLOBAL_BASELINE_NO_ENTITY_RANKING,,,NOT_APPLICABLE_GLOBAL_BASELINE,HF9g-P5,,,,X 全窗基线 · 不参与实体赏罚,8391694,840,A168_HF9F_20260827_0900,2026-08-27 09:00:00
2026-04-21,142615618,2222,0,154.4381331311,-13.0879773841,-13.0879773841,0.6000000,10,6,0.42511363035711006,0.367067200000,0.7910381770619946,1.0805977494081334,0.7910381770619946,0.05804643035711006,ELIGIBLE,R03b_20260811_FULL_v1,L1_ELIGIBILITY,v2026-08-11,2026-03-21..2026-08-06,baccarat_bet02_101_all_pairs_incl_sentinel,round_win = game_pnl > 0 (decisive only),COMPATIBILITY_ONLY_NOT_PRODUCTION,41482.8302,37695.3747,481.4946,2758,2236,-0.01160708,-0.15915119,-0.01126008,-0.01160708,-481.4946,41482.8302,OK,0.0000,19.2598,4.0000,96.0000,AG03-UNRESOLVED,ALL5_LEVELS_bet23_to_bet27,19.2598,19.2598,19.2598,24.0747,24.0747,4.000000,4.000000,4.000000,5.000000,5.000000,96.000000,96.000000,96.000000,95.000000,95.000000,5.0,105.9288,97.0336,375.5658,384.461,PENDING_AG03,FALSE,NOT_FOR_ENFORCEMENT,462.2348,36187.5597,481.4946,462.2348,19.2598,0.01160708,0.01114280,19.2598,462.2348,0.01114280,19.2598,19.2598,19.2598,24.0747,24.0747,462.2348,0.01114280,105.9288,97.0336,375.5658,384.461,0.00905352,0.00926795,0.00046428,15.0409,16.8584,0.2153,11.7438,0.4291,1011.7763,54.5366,10.8148,15.0547,10.2862,13.088,13.088,26.176,34.6568,52.3519,13.088,-5.1891,2.647988,4.0,1.149216,29,158,24,5,0.00234634,0.01160708,0.15915119,0E-8,0.000000,0.908698,0.000000,-0.14789112,2026-04-14,2026-07-10,41,1122,472,88,0.465909,0.718364,0.719024,0.007821,,,,,,,,GLOBAL_BASELINE_NO_ENTITY_RANKING,,,NOT_APPLICABLE_GLOBAL_BASELINE,HF9g-P5,,,,X 全窗基线 · 不参与实体赏罚,8391695,840,A168_HF9F_20260827_0900,2026-08-27 09:00:00
2026-04-21,142615618,2223,0,104.7038190720,-1.3087977384,-1.3087977384,0.5000000,4,4,0.49994810000000000,0.499948100000,0.00020760000111838688,0.00020760000111838688,0.00020760000111838688,0E-17,ELIGIBLE,R03b_20260811_FULL_v1,L1_ELIGIBILITY,v2026-08-11,2026-03-21..2026-08-06,baccarat_bet02_101_all_pairs_incl_sentinel,round_win = game_pnl > 0 (decisive only),COMPATIBILITY_ONLY_NOT_PRODUCTION,41482.8302,37695.3747,481.4946,2758,2236,-0.01160708,-0.15915119,-0.01126008,-0.01160708,-481.4946,41482.8302,OK,0.0000,19.2598,4.0000,96.0000,AG03-UNRESOLVED,ALL5_LEVELS_bet23_to_bet27,19.2598,19.2598,19.2598,24.0747,24.0747,4.000000,4.000000,4.000000,5.000000,5.000000,96.000000,96.000000,96.000000,95.000000,95.000000,5.0,105.9288,97.0336,375.5658,384.461,PENDING_AG03,FALSE,NOT_FOR_ENFORCEMENT,462.2348,36187.5597,481.4946,462.2348,19.2598,0.01160708,0.01114280,19.2598,462.2348,0.01114280,19.2598,19.2598,19.2598,24.0747,24.0747,462.2348,0.01114280,105.9288,97.0336,375.5658,384.461,0.00905352,0.00926795,0.00046428,15.0409,16.8584,0.2153,11.7438,0.4291,1011.7763,54.5366,10.8148,15.0547,10.2862,13.088,13.088,26.176,34.6568,52.3519,13.088,-5.1891,2.647988,4.0,1.149216,29,158,24,5,0.00234634,0.01160708,0.15915119,0E-8,0.000000,0.908698,0.000000,-0.14789112,2026-04-14,2026-07-10,41,1122,472,88,0.465909,0.718364,0.719024,0.007821,,,,,,,,GLOBAL_BASELINE_NO_ENTITY_RANKING,,,NOT_APPLICABLE_GLOBAL_BASELINE,HF9g-P5,,,,X 全窗基线 · 不参与实体赏罚,8391696,840,A168_HF9F_20260827_0900,2026-08-27 09:00:00
2026-04-21,142615618,2229,0,39.2639321520,-13.7423762532,-13.7423762532,0.5000000,2,2,0.50665070000000000,0.506650700000,-0.018812684590367487,-0.018812684590367487,-0.018812684590367487,0E-17,ELIGIBLE,R03b_20260811_FULL_v1,L1_ELIGIBILITY,v2026-08-11,2026-03-21..2026-08-06,baccarat_bet02_101_all_pairs_incl_sentinel,round_win = game_pnl > 0 (decisive only),COMPATIBILITY_ONLY_NOT_PRODUCTION,41482.8302,37695.3747,481.4946,2758,2236,-0.01160708,-0.15915119,-0.01126008,-0.01160708,-481.4946,41482.8302,OK,0.0000,19.2598,4.0000,96.0000,AG03-UNRESOLVED,ALL5_LEVELS_bet23_to_bet27,19.2598,19.2598,19.2598,24.0747,24.0747,4.000000,4.000000,4.000000,5.000000,5.000000,96.000000,96.000000,96.000000,95.000000,95.000000,5.0,105.9288,97.0336,375.5658,384.461,PENDING_AG03,FALSE,NOT_FOR_ENFORCEMENT,462.2348,36187.5597,481.4946,462.2348,19.2598,0.01160708,0.01114280,19.2598,462.2348,0.01114280,19.2598,19.2598,19.2598,24.0747,24.0747,462.2348,0.01114280,105.9288,97.0336,375.5658,384.461,0.00905352,0.00926795,0.00046428,15.0409,16.8584,0.2153,11.7438,0.4291,1011.7763,54.5366,10.8148,15.0547,10.2862,13.088,13.088,26.176,34.6568,52.3519,13.088,-5.1891,2.647988,4.0,1.149216,29,158,24,5,0.00234634,0.01160708,0.15915119,0E-8,0.000000,0.908698,0.000000,-0.14789112,2026-04-14,2026-07-10,41,1122,472,88,0.465909,0.718364,0.719024,0.007821,,,,,,,,GLOBAL_BASELINE_NO_ENTITY_RANKING,,,NOT_APPLICABLE_GLOBAL_BASELINE,HF9g-P5,,,,X 全窗基线 · 不参与实体赏罚,8391697,840,A168_HF9F_20260827_0900,2026-08-27 09:00:00
2026-04-21,142615618,2235,0,13.0879773840,12.4335785148,12.4335785148,1.0000000,1,1,0.50665070000000000,0.506650700000,0.9867858985152569,0.9867858985152569,0.9867858985152569,0E-17,ELIGIBLE,R03b_20260811_FULL_v1,L1_ELIGIBILITY,v2026-08-11,2026-03-21..2026-08-06,baccarat_bet02_101_all_pairs_incl_sentinel,round_win = game_pnl > 0 (decisive only),COMPATIBILITY_ONLY_NOT_PRODUCTION,41482.8302,37695.3747,481.4946,2758,2236,-0.01160708,-0.15915119,-0.01126008,-0.01160708,-481.4946,41482.8302,OK,0.0000,19.2598,4.0000,96.0000,AG03-UNRESOLVED,ALL5_LEVELS_bet23_to_bet27,19.2598,19.2598,19.2598,24.0747,24.0747,4.000000,4.000000,4.000000,5.000000,5.000000,96.000000,96.000000,96.000000,95.000000,95.000000,5.0,105.9288,97.0336,375.5658,384.461,PENDING_AG03,FALSE,NOT_FOR_ENFORCEMENT,462.2348,36187.5597,481.4946,462.2348,19.2598,0.01160708,0.01114280,19.2598,462.2348,0.01114280,19.2598,19.2598,19.2598,24.0747,24.0747,462.2348,0.01114280,105.9288,97.0336,375.5658,384.461,0.00905352,0.00926795,0.00046428,15.0409,16.8584,0.2153,11.7438,0.4291,1011.7763,54.5366,10.8148,15.0547,10.2862,13.088,13.088,26.176,34.6568,52.3519,13.088,-5.1891,2.647988,4.0,1.149216,29,158,24,5,0.00234634,0.01160708,0.15915119,0E-8,0.000000,0.908698,0.000000,-0.14789112,2026-04-14,2026-07-10,41,1122,472,88,0.465909,0.718364,0.719024,0.007821,,,,,,,,GLOBAL_BASELINE_NO_ENTITY_RANKING,,,NOT_APPLICABLE_GLOBAL_BASELINE,HF9g-P5,,,,X 全窗基线 · 不参与实体赏罚,8391698,840,A168_HF9F_20260827_0900,2026-08-27 09:00:00
2026-04-21,142615618,2239,0,26.1759547680,-13.0879773840,-13.0879773840,0E-7,2,2,0.50665070000000000,0.506650700000,-1.013391052207602,-1.013391052207602,-1.013391052207602,0E-17,ELIGIBLE,R03b_20260811_FULL_v1,L1_ELIGIBILITY,v2026-08-11,2026-03-21..2026-08-06,baccarat_bet02_101_all_pairs_incl_sentinel,round_win = game_pnl > 0 (decisive only),COMPATIBILITY_ONLY_NOT_PRODUCTION,41482.8302,37695.3747,481.4946,2758,2236,-0.01160708,-0.15915119,-0.01126008,-0.01160708,-481.4946,41482.8302,OK,0.0000,19.2598,4.0000,96.0000,AG03-UNRESOLVED,ALL5_LEVELS_bet23_to_bet27,19.2598,19.2598,19.2598,24.0747,24.0747,4.000000,4.000000,4.000000,5.000000,5.000000,96.000000,96.000000,96.000000,95.000000,95.000000,5.0,105.9288,97.0336,375.5658,384.461,PENDING_AG03,FALSE,NOT_FOR_ENFORCEMENT,462.2348,36187.5597,481.4946,462.2348,19.2598,0.01160708,0.01114280,19.2598,462.2348,0.01114280,19.2598,19.2598,19.2598,24.0747,24.0747,462.2348,0.01114280,105.9288,97.0336,375.5658,384.461,0.00905352,0.00926795,0.00046428,15.0409,16.8584,0.2153,11.7438,0.4291,1011.7763,54.5366,10.8148,15.0547,10.2862,13.088,13.088,26.176,34.6568,52.3519,13.088,-5.1891,2.647988,4.0,1.149216,29,158,24,5,0.00234634,0.01160708,0.15915119,0E-8,0.000000,0.908698,0.000000,-0.14789112,2026-04-14,2026-07-10,41,1122,472,88,0.465909,0.718364,0.719024,0.007821,,,,,,,,GLOBAL_BASELINE_NO_ENTITY_RANKING,,,NOT_APPLICABLE_GLOBAL_BASELINE,HF9g-P5,,,,X 全窗基线 · 不参与实体赏罚,8391699,840,A168_HF9F_20260827_0900,2026-08-27 09:00:00
2026-04-21,142615618,2241,0,149.2029421776,-58.8958982280,-58.8958982280,0.2000000,8,7,0.48791738979591837,0.475303678571,-1.287981829460927,-1.2327000656845168,-1.287981829460927,0.01261371122491837,ELIGIBLE,R03b_20260811_FULL_v1,L1_ELIGIBILITY,v2026-08-11,2026-03-21..2026-08-06,baccarat_bet02_101_all_pairs_incl_sentinel,round_win = game_pnl > 0 (decisive only),COMPATIBILITY_ONLY_NOT_PRODUCTION,41482.8302,37695.3747,481.4946,2758,2236,-0.01160708,-0.15915119,-0.01126008,-0.01160708,-481.4946,41482.8302,OK,0.0000,19.2598,4.0000,96.0000,AG03-UNRESOLVED,ALL5_LEVELS_bet23_to_bet27,19.2598,19.2598,19.2598,24.0747,24.0747,4.000000,4.000000,4.000000,5.000000,5.000000,96.000000,96.000000,96.000000,95.000000,95.000000,5.0,105.9288,97.0336,375.5658,384.461,PENDING_AG03,FALSE,NOT_FOR_ENFORCEMENT,462.2348,36187.5597,481.4946,462.2348,19.2598,0.01160708,0.01114280,19.2598,462.2348,0.01114280,19.2598,19.2598,19.2598,24.0747,24.0747,462.2348,0.01114280,105.9288,97.0336,375.5658,384.461,0.00905352,0.00926795,0.00046428,15.0409,16.8584,0.2153,11.7438,0.4291,1011.7763,54.5366,10.8148,15.0547,10.2862,13.088,13.088,26.176,34.6568,52.3519,13.088,-5.1891,2.647988,4.0,1.149216,29,158,24,5,0.00234634,0.01160708,0.15915119,0E-8,0.000000,0.908698,0.000000,-0.14789112,2026-04-14,2026-07-10,41,1122,472,88,0.465909,0.718364,0.719024,0.007821,,,,,,,,GLOBAL_BASELINE_NO_ENTITY_RANKING,,,NOT_APPLICABLE_GLOBAL_BASELINE,HF9g-P5,,,,X 全窗基线 · 不参与实体赏罚,8391700,840,A168_HF9F_20260827_0900,2026-08-27 09:00:00
2026-04-21,142615618,2244,0,36.6463366752,-26.1759547680,-26.1759547680,0E-7,4,3,0.43574185000000000,0.435741850000,-1.2427698654363877,-1.2427698654363877,-1.2427698654363877,0E-17,ELIGIBLE,R03b_20260811_FULL_v1,L1_ELIGIBILITY,v2026-08-11,2026-03-21..2026-08-06,baccarat_bet02_101_all_pairs_incl_sentinel,round_win = game_pnl > 0 (decisive only),COMPATIBILITY_ONLY_NOT_PRODUCTION,41482.8302,37695.3747,481.4946,2758,2236,-0.01160708,-0.15915119,-0.01126008,-0.01160708,-481.4946,41482.8302,OK,0.0000,19.2598,4.0000,96.0000,AG03-UNRESOLVED,ALL5_LEVELS_bet23_to_bet27,19.2598,19.2598,19.2598,24.0747,24.0747,4.000000,4.000000,4.000000,5.000000,5.000000,96.000000,96.000000,96.000000,95.000000,95.000000,5.0,105.9288,97.0336,375.5658,384.461,PENDING_AG03,FALSE,NOT_FOR_ENFORCEMENT,462.2348,36187.5597,481.4946,462.2348,19.2598,0.01160708,0.01114280,19.2598,462.2348,0.01114280,19.2598,19.2598,19.2598,24.0747,24.0747,462.2348,0.01114280,105.9288,97.0336,375.5658,384.461,0.00905352,0.00926795,0.00046428,15.0409,16.8584,0.2153,11.7438,0.4291,1011.7763,54.5366,10.8148,15.0547,10.2862,13.088,13.088,26.176,34.6568,52.3519,13.088,-5.1891,2.647988,4.0,1.149216,29,158,24,5,0.00234634,0.01160708,0.15915119,0E-8,0.000000,0.908698,0.000000,-0.14789112,2026-04-14,2026-07-10,41,1122,472,88,0.465909,0.718364,0.719024,0.007821,,,,,,,,GLOBAL_BASELINE_NO_ENTITY_RANKING,,,NOT_APPLICABLE_GLOBAL_BASELINE,HF9g-P5,,,,X 全窗基线 · 不参与实体赏罚,8391701,840,A168_HF9F_20260827_0900,2026-08-27 09:00:00
2026-04-21,142615618,2246,0,26.1759547680,24.8671570296,24.8671570296,1.0000000,1,1,0.50665070000000000,0.506650700000,0.9867858985152569,0.9867858985152569,0.9867858985152569,0E-17,ELIGIBLE,R03b_20260811_FULL_v1,L1_ELIGIBILITY,v2026-08-11,2026-03-21..2026-08-06,baccarat_bet02_101_all_pairs_incl_sentinel,round_win = game_pnl > 0 (decisive only),COMPATIBILITY_ONLY_NOT_PRODUCTION,41482.8302,37695.3747,481.4946,2758,2236,-0.01160708,-0.15915119,-0.01126008,-0.01160708,-481.4946,41482.8302,OK,0.0000,19.2598,4.0000,96.0000,AG03-UNRESOLVED,ALL5_LEVELS_bet23_to_bet27,19.2598,19.2598,19.2598,24.0747,24.0747,4.000000,4.000000,4.000000,5.000000,5.000000,96.000000,96.000000,96.000000,95.000000,95.000000,5.0,105.9288,97.0336,375.5658,384.461,PENDING_AG03,FALSE,NOT_FOR_ENFORCEMENT,462.2348,36187.5597,481.4946,462.2348,19.2598,0.01160708,0.01114280,19.2598,462.2348,0.01114280,19.2598,19.2598,19.2598,24.0747,24.0747,462.2348,0.01114280,105.9288,97.0336,375.5658,384.461,0.00905352,0.00926795,0.00046428,15.0409,16.8584,0.2153,11.7438,0.4291,1011.7763,54.5366,10.8148,15.0547,10.2862,13.088,13.088,26.176,34.6568,52.3519,13.088,-5.1891,2.647988,4.0,1.149216,29,158,24,5,0.00234634,0.01160708,0.15915119,0E-8,0.000000,0.908698,0.000000,-0.14789112,2026-04-14,2026-07-10,41,1122,472,88,0.465909,0.718364,0.719024,0.007821,,,,,,,,GLOBAL_BASELINE_NO_ENTITY_RANKING,,,NOT_APPLICABLE_GLOBAL_BASELINE,HF9g-P5,,,,X 全窗基线 · 不参与实体赏罚,8391702,840,A168_HF9F_20260827_0900,2026-08-27 09:00:00
2026-04-21,142615618,2252,0,21.4642829098,-21.4642829098,-21.4642829098,0E-7,3,2,0.41849999374940511,0.393584825000,-1.1997420032930965,-1.1393289695942557,-1.1997420032930965,0.02491516874940511,ELIGIBLE,R03b_20260811_FULL_v1,L1_ELIGIBILITY,v2026-08-11,2026-03-21..2026-08-06,baccarat_bet02_101_all_pairs_incl_sentinel,round_win = game_pnl > 0 (decisive only),COMPATIBILITY_ONLY_NOT_PRODUCTION,41482.8302,37695.3747,481.4946,2758,2236,-0.01160708,-0.15915119,-0.01126008,-0.01160708,-481.4946,41482.8302,OK,0.0000,19.2598,4.0000,96.0000,AG03-UNRESOLVED,ALL5_LEVELS_bet23_to_bet27,19.2598,19.2598,19.2598,24.0747,24.0747,4.000000,4.000000,4.000000,5.000000,5.000000,96.000000,96.000000,96.000000,95.000000,95.000000,5.0,105.9288,97.0336,375.5658,384.461,PENDING_AG03,FALSE,NOT_FOR_ENFORCEMENT,462.2348,36187.5597,481.4946,462.2348,19.2598,0.01160708,0.01114280,19.2598,462.2348,0.01114280,19.2598,19.2598,19.2598,24.0747,24.0747,462.2348,0.01114280,105.9288,97.0336,375.5658,384.461,0.00905352,0.00926795,0.00046428,15.0409,16.8584,0.2153,11.7438,0.4291,1011.7763,54.5366,10.8148,15.0547,10.2862,13.088,13.088,26.176,34.6568,52.3519,13.088,-5.1891,2.647988,4.0,1.149216,29,158,24,5,0.00234634,0.01160708,0.15915119,0E-8,0.000000,0.908698,0.000000,-0.14789112,2026-04-14,2026-07-10,41,1122,472,88,0.465909,0.718364,0.719024,0.007821,,,,,,,,GLOBAL_BASELINE_NO_ENTITY_RANKING,,,NOT_APPLICABLE_GLOBAL_BASELINE,HF9g-P5,,,,X 全窗基线 · 不参与实体赏罚,8391703,840,A168_HF9F_20260827_0900,2026-08-27 09:00:00
2026-04-21,142615618,2261,0,143.9677512240,-65.4398869200,-65.4398869200,0E-7,7,5,0.48202674500000000,0.475606120000,-1.6708694831639817,-1.649512220072666,-1.6708694831639817,0.00642062500000000,ELIGIBLE,R03b_20260811_FULL_v1,L1_ELIGIBILITY,v2026-08-11,2026-03-21..2026-08-06,baccarat_bet02_101_all_pairs_incl_sentinel,round_win = game_pnl > 0 (decisive only),COMPATIBILITY_ONLY_NOT_PRODUCTION,41482.8302,37695.3747,481.4946,2758,2236,-0.01160708,-0.15915119,-0.01126008,-0.01160708,-481.4946,41482.8302,OK,0.0000,19.2598,4.0000,96.0000,AG03-UNRESOLVED,ALL5_LEVELS_bet23_to_bet27,19.2598,19.2598,19.2598,24.0747,24.0747,4.000000,4.000000,4.000000,5.000000,5.000000,96.000000,96.000000,96.000000,95.000000,95.000000,5.0,105.9288,97.0336,375.5658,384.461,PENDING_AG03,FALSE,NOT_FOR_ENFORCEMENT,462.2348,36187.5597,481.4946,462.2348,19.2598,0.01160708,0.01114280,19.2598,462.2348,0.01114280,19.2598,19.2598,19.2598,24.0747,24.0747,462.2348,0.01114280,105.9288,97.0336,375.5658,384.461,0.00905352,0.00926795,0.00046428,15.0409,16.8584,0.2153,11.7438,0.4291,1011.7763,54.5366,10.8148,15.0547,10.2862,13.088,13.088,26.176,34.6568,52.3519,13.088,-5.1891,2.647988,4.0,1.149216,29,158,24,5,0.00234634,0.01160708,0.15915119,0E-8,0.000000,0.908698,0.000000,-0.14789112,2026-04-14,2026-07-10,41,1122,472,88,0.465909,0.718364,0.719024,0.007821,,,,,,,,GLOBAL_BASELINE_NO_ENTITY_RANKING,,,NOT_APPLICABLE_GLOBAL_BASELINE,HF9g-P5,,,,X 全窗基线 · 不参与实体赏罚,8391704,840,A168_HF9F_20260827_0900,2026-08-27 09:00:00
2026-04-21,142615618,2266,0,70.6750778735,7.8527864303,7.8527864303,0.3333333,4,3,0.45847124285714286,0.429039250000,-0.4349934432848005,-0.3349251612454109,-0.4349934432848005,0.02943199285714286,ELIGIBLE,R03b_20260811_FULL_v1,L1_ELIGIBILITY,v2026-08-11,2026-03-21..2026-08-06,baccarat_bet02_101_all_pairs_incl_sentinel,round_win = game_pnl > 0 (decisive only),COMPATIBILITY_ONLY_NOT_PRODUCTION,41482.8302,37695.3747,481.4946,2758,2236,-0.01160708,-0.15915119,-0.01126008,-0.01160708,-481.4946,41482.8302,OK,0.0000,19.2598,4.0000,96.0000,AG03-UNRESOLVED,ALL5_LEVELS_bet23_to_bet27,19.2598,19.2598,19.2598,24.0747,24.0747,4.000000,4.000000,4.000000,5.000000,5.000000,96.000000,96.000000,96.000000,95.000000,95.000000,5.0,105.9288,97.0336,375.5658,384.461,PENDING_AG03,FALSE,NOT_FOR_ENFORCEMENT,462.2348,36187.5597,481.4946,462.2348,19.2598,0.01160708,0.01114280,19.2598,462.2348,0.01114280,19.2598,19.2598,19.2598,24.0747,24.0747,462.2348,0.01114280,105.9288,97.0336,375.5658,384.461,0.00905352,0.00926795,0.00046428,15.0409,16.8584,0.2153,11.7438,0.4291,1011.7763,54.5366,10.8148,15.0547,10.2862,13.088,13.088,26.176,34.6568,52.3519,13.088,-5.1891,2.647988,4.0,1.149216,29,158,24,5,0.00234634,0.01160708,0.15915119,0E-8,0.000000,0.908698,0.000000,-0.14789112,2026-04-14,2026-07-10,41,1122,472,88,0.465909,0.718364,0.719024,0.007821,,,,,,,,GLOBAL_BASELINE_NO_ENTITY_RANKING,,,NOT_APPLICABLE_GLOBAL_BASELINE,HF9g-P5,,,,X 全窗基线 · 不参与实体赏罚,8391705,840,A168_HF9F_20260827_0900,2026-08-27 09:00:00
2026-04-21,142615618,2271,0,73.2926733504,23.6892390650,23.6892390650,0.6000000,6,5,0.39677126000000000,0.383036330000,0.9288787146090016,0.9979809266802993,0.9288787146090016,0.01373493000000000,ELIGIBLE,R03b_20260811_FULL_v1,L1_ELIGIBILITY,v2026-08-11,2026-03-21..2026-08-06,baccarat_bet02_101_all_pairs_incl_sentinel,round_win = game_pnl > 0 (decisive only),COMPATIBILITY_ONLY_NOT_PRODUCTION,41482.8302,37695.3747,481.4946,2758,2236,-0.01160708,-0.15915119,-0.01126008,-0.01160708,-481.4946,41482.8302,OK,0.0000,19.2598,4.0000,96.0000,AG03-UNRESOLVED,ALL5_LEVELS_bet23_to_bet27,19.2598,19.2598,19.2598,24.0747,24.0747,4.000000,4.000000,4.000000,5.000000,5.000000,96.000000,96.000000,96.000000,95.000000,95.000000,5.0,105.9288,97.0336,375.5658,384.461,PENDING_AG03,FALSE,NOT_FOR_ENFORCEMENT,462.2348,36187.5597,481.4946,462.2348,19.2598,0.01160708,0.01114280,19.2598,462.2348,0.01114280,19.2598,19.2598,19.2598,24.0747,24.0747,462.2348,0.01114280,105.9288,97.0336,375.5658,384.461,0.00905352,0.00926795,0.00046428,15.0409,16.8584,0.2153,11.7438,0.4291,1011.7763,54.5366,10.8148,15.0547,10.2862,13.088,13.088,26.176,34.6568,52.3519,13.088,-5.1891,2.647988,4.0,1.149216,29,158,24,5,0.00234634,0.01160708,0.15915119,0E-8,0.000000,0.908698,0.000000,-0.14789112,2026-04-14,2026-07-10,41,1122,472,88,0.465909,0.718364,0.719024,0.007821,,,,,,,,GLOBAL_BASELINE_NO_ENTITY_RANKING,,,NOT_APPLICABLE_GLOBAL_BASELINE,HF9g-P5,,,,X 全窗基线 · 不参与实体赏罚,8391706,840,A168_HF9F_20260827_0900,2026-08-27 09:00:00
2026-04-21,142615618,462,0,102.0862235951,107.3214145486,107.3214145486,1.0000000,6,5,0.47820908666666667,0.456062270000,2.089148635325579,2.1842005676085434,2.089148635325579,0.02214681666666667,ELIGIBLE,R03b_20260811_FULL_v1,L1_ELIGIBILITY,v2026-08-11,2026-03-21..2026-08-06,baccarat_bet02_101_all_pairs_incl_sentinel,round_win = game_pnl > 0 (decisive only),COMPATIBILITY_ONLY_NOT_PRODUCTION,41482.8302,37695.3747,481.4946,2758,2236,-0.01160708,-0.15915119,-0.01126008,-0.01160708,-481.4946,41482.8302,OK,0.0000,19.2598,4.0000,96.0000,AG03-UNRESOLVED,ALL5_LEVELS_bet23_to_bet27,19.2598,19.2598,19.2598,24.0747,24.0747,4.000000,4.000000,4.000000,5.000000,5.000000,96.000000,96.000000,96.000000,95.000000,95.000000,5.0,105.9288,97.0336,375.5658,384.461,PENDING_AG03,FALSE,NOT_FOR_ENFORCEMENT,462.2348,36187.5597,481.4946,462.2348,19.2598,0.01160708,0.01114280,19.2598,462.2348,0.01114280,19.2598,19.2598,19.2598,24.0747,24.0747,462.2348,0.01114280,105.9288,97.0336,375.5658,384.461,0.00905352,0.00926795,0.00046428,15.0409,16.8584,0.2153,11.7438,0.4291,1011.7763,54.5366,10.8148,15.0547,10.2862,13.088,13.088,26.176,34.6568,52.3519,13.088,-5.1891,2.647988,4.0,1.149216,29,158,24,5,0.00234634,0.01160708,0.15915119,0E-8,0.000000,0.908698,0.000000,-0.14789112,2026-04-14,2026-07-10,41,1122,472,88,0.465909,0.718364,0.719024,0.007821,,,,,,,,GLOBAL_BASELINE_NO_ENTITY_RANKING,,,NOT_APPLICABLE_GLOBAL_BASELINE,HF9g-P5,,,,X 全窗基线 · 不参与实体赏罚,8391707,840,A168_HF9F_20260827_0900,2026-08-27 09:00:00
2026-04-21,142615618,526,0,70.6750778736,-70.6750778736,-70.6750778736,0E-7,5,4,0.47147362142857143,0.450117762500,-1.8889713084857505,-1.8094984930352809,-1.8889713084857505,0.02135585892857143,ELIGIBLE,R03b_20260811_FULL_v1,L1_ELIGIBILITY,v2026-08-11,2026-03-21..2026-08-06,baccarat_bet02_101_all_pairs_incl_sentinel,round_win = game_pnl > 0 (decisive only),COMPATIBILITY_ONLY_NOT_PRODUCTION,41482.8302,37695.3747,481.4946,2758,2236,-0.01160708,-0.15915119,-0.01126008,-0.01160708,-481.4946,41482.8302,OK,0.0000,19.2598,4.0000,96.0000,AG03-UNRESOLVED,ALL5_LEVELS_bet23_to_bet27,19.2598,19.2598,19.2598,24.0747,24.0747,4.000000,4.000000,4.000000,5.000000,5.000000,96.000000,96.000000,96.000000,95.000000,95.000000,5.0,105.9288,97.0336,375.5658,384.461,PENDING_AG03,FALSE,NOT_FOR_ENFORCEMENT,462.2348,36187.5597,481.4946,462.2348,19.2598,0.01160708,0.01114280,19.2598,462.2348,0.01114280,19.2598,19.2598,19.2598,24.0747,24.0747,462.2348,0.01114280,105.9288,97.0336,375.5658,384.461,0.00905352,0.00926795,0.00046428,15.0409,16.8584,0.2153,11.7438,0.4291,1011.7763,54.5366,10.8148,15.0547,10.2862,13.088,13.088,26.176,34.6568,52.3519,13.088,-5.1891,2.647988,4.0,1.149216,29,158,24,5,0.00234634,0.01160708,0.15915119,0E-8,0.000000,0.908698,0.000000,-0.14789112,2026-04-14,2026-07-10,41,1122,472,88,0.465909,0.718364,0.719024,0.007821,,,,,,,,GLOBAL_BASELINE_NO_ENTITY_RANKING,,,NOT_APPLICABLE_GLOBAL_BASELINE,HF9g-P5,,,,X 全窗基线 · 不参与实体赏罚,8391708,840,A168_HF9F_20260827_0900,2026-08-27 09:00:00
2026-04-21,142615618,583,0,13.0879773840,0E-10,0E-10,,1,1,0.49324550000000000,0.493245500000,,,,0E-17,NO_DECISIVE_ROUND,R03b_20260811_FULL_v1,L1_ELIGIBILITY,v2026-08-11,2026-03-21..2026-08-06,baccarat_bet02_101_all_pairs_incl_sentinel,round_win = game_pnl > 0 (decisive only),COMPATIBILITY_ONLY_NOT_PRODUCTION,41482.8302,37695.3747,481.4946,2758,2236,-0.01160708,-0.15915119,-0.01126008,-0.01160708,-481.4946,41482.8302,OK,0.0000,19.2598,4.0000,96.0000,AG03-UNRESOLVED,ALL5_LEVELS_bet23_to_bet27,19.2598,19.2598,19.2598,24.0747,24.0747,4.000000,4.000000,4.000000,5.000000,5.000000,96.000000,96.000000,96.000000,95.000000,95.000000,5.0,105.9288,97.0336,375.5658,384.461,PENDING_AG03,FALSE,NOT_FOR_ENFORCEMENT,462.2348,36187.5597,481.4946,462.2348,19.2598,0.01160708,0.01114280,19.2598,462.2348,0.01114280,19.2598,19.2598,19.2598,24.0747,24.0747,462.2348,0.01114280,105.9288,97.0336,375.5658,384.461,0.00905352,0.00926795,0.00046428,15.0409,16.8584,0.2153,11.7438,0.4291,1011.7763,54.5366,10.8148,15.0547,10.2862,13.088,13.088,26.176,34.6568,52.3519,13.088,-5.1891,2.647988,4.0,1.149216,29,158,24,5,0.00234634,0.01160708,0.15915119,0E-8,0.000000,0.908698,0.000000,-0.14789112,2026-04-14,2026-07-10,41,1122,472,88,0.465909,0.718364,0.719024,0.007821,,,,,,,,GLOBAL_BASELINE_NO_ENTITY_RANKING,,,NOT_APPLICABLE_GLOBAL_BASELINE,HF9g-P5,,,,X 全窗基线 · 不参与实体赏罚,8391709,840,A168_HF9F_20260827_0900,2026-08-27 09:00:00
2026-04-21,142615618,595,0,26.1759547680,25.5215558988,25.5215558988,1.0000000,2,2,0.49994810000000000,0.499948100000,1.4143603653603398,1.4143603653603398,1.4143603653603398,0E-17,ELIGIBLE,R03b_20260811_FULL_v1,L1_ELIGIBILITY,v2026-08-11,2026-03-21..2026-08-06,baccarat_bet02_101_all_pairs_incl_sentinel,round_win = game_pnl > 0 (decisive only),COMPATIBILITY_ONLY_NOT_PRODUCTION,41482.8302,37695.3747,481.4946,2758,2236,-0.01160708,-0.15915119,-0.01126008,-0.01160708,-481.4946,41482.8302,OK,0.0000,19.2598,4.0000,96.0000,AG03-UNRESOLVED,ALL5_LEVELS_bet23_to_bet27,19.2598,19.2598,19.2598,24.0747,24.0747,4.000000,4.000000,4.000000,5.000000,5.000000,96.000000,96.000000,96.000000,95.000000,95.000000,5.0,105.9288,97.0336,375.5658,384.461,PENDING_AG03,FALSE,NOT_FOR_ENFORCEMENT,462.2348,36187.5597,481.4946,462.2348,19.2598,0.01160708,0.01114280,19.2598,462.2348,0.01114280,19.2598,19.2598,19.2598,24.0747,24.0747,462.2348,0.01114280,105.9288,97.0336,375.5658,384.461,0.00905352,0.00926795,0.00046428,15.0409,16.8584,0.2153,11.7438,0.4291,1011.7763,54.5366,10.8148,15.0547,10.2862,13.088,13.088,26.176,34.6568,52.3519,13.088,-5.1891,2.647988,4.0,1.149216,29,158,24,5,0.00234634,0.01160708,0.15915119,0E-8,0.000000,0.908698,0.000000,-0.14789112,2026-04-14,2026-07-10,41,1122,472,88,0.465909,0.718364,0.719024,0.007821,,,,,,,,GLOBAL_BASELINE_NO_ENTITY_RANKING,,,NOT_APPLICABLE_GLOBAL_BASELINE,HF9g-P5,,,,X 全窗基线 · 不参与实体赏罚,8391710,840,A168_HF9F_20260827_0900,2026-08-27 09:00:00
2026-04-21,142615618,987,0,81.1454597807,-60.7282150617,-60.7282150617,0.3333333,4,3,0.45193080000000000,0.429039250000,-0.4127455229165406,-0.3349251612454109,-0.4127455229165406,0.02289155000000000,ELIGIBLE,R03b_20260811_FULL_v1,L1_ELIGIBILITY,v2026-08-11,2026-03-21..2026-08-06,baccarat_bet02_101_all_pairs_incl_sentinel,round_win = game_pnl > 0 (decisive only),COMPATIBILITY_ONLY_NOT_PRODUCTION,41482.8302,37695.3747,481.4946,2758,2236,-0.01160708,-0.15915119,-0.01126008,-0.01160708,-481.4946,41482.8302,OK,0.0000,19.2598,4.0000,96.0000,AG03-UNRESOLVED,ALL5_LEVELS_bet23_to_bet27,19.2598,19.2598,19.2598,24.0747,24.0747,4.000000,4.000000,4.000000,5.000000,5.000000,96.000000,96.000000,96.000000,95.000000,95.000000,5.0,105.9288,97.0336,375.5658,384.461,PENDING_AG03,FALSE,NOT_FOR_ENFORCEMENT,462.2348,36187.5597,481.4946,462.2348,19.2598,0.01160708,0.01114280,19.2598,462.2348,0.01114280,19.2598,19.2598,19.2598,24.0747,24.0747,462.2348,0.01114280,105.9288,97.0336,375.5658,384.461,0.00905352,0.00926795,0.00046428,15.0409,16.8584,0.2153,11.7438,0.4291,1011.7763,54.5366,10.8148,15.0547,10.2862,13.088,13.088,26.176,34.6568,52.3519,13.088,-5.1891,2.647988,4.0,1.149216,29,158,24,5,0.00234634,0.01160708,0.15915119,0E-8,0.000000,0.908698,0.000000,-0.14789112,2026-04-14,2026-07-10,41,1122,472,88,0.465909,0.718364,0.719024,0.007821,,,,,,,,GLOBAL_BASELINE_NO_ENTITY_RANKING,,,NOT_APPLICABLE_GLOBAL_BASELINE,HF9g-P5,,,,X 全窗基线 · 不参与实体赏罚,8391711,840,A168_HF9F_20260827_0900,2026-08-27 09:00:00
2026-04-21,142615618,993,0,104.7038190719,22.9039604219,22.9039604219,0.5000000,4,4,0.50329940000000000,0.503299400000,-0.01319788734859681,-0.01319788734859681,-0.01319788734859681,0E-17,ELIGIBLE,R03b_20260811_FULL_v1,L1_ELIGIBILITY,v2026-08-11,2026-03-21..2026-08-06,baccarat_bet02_101_all_pairs_incl_sentinel,round_win = game_pnl > 0 (decisive only),COMPATIBILITY_ONLY_NOT_PRODUCTION,41482.8302,37695.3747,481.4946,2758,2236,-0.01160708,-0.15915119,-0.01126008,-0.01160708,-481.4946,41482.8302,OK,0.0000,19.2598,4.0000,96.0000,AG03-UNRESOLVED,ALL5_LEVELS_bet23_to_bet27,19.2598,19.2598,19.2598,24.0747,24.0747,4.000000,4.000000,4.000000,5.000000,5.000000,96.000000,96.000000,96.000000,95.000000,95.000000,5.0,105.9288,97.0336,375.5658,384.461,PENDING_AG03,FALSE,NOT_FOR_ENFORCEMENT,462.2348,36187.5597,481.4946,462.2348,19.2598,0.01160708,0.01114280,19.2598,462.2348,0.01114280,19.2598,19.2598,19.2598,24.0747,24.0747,462.2348,0.01114280,105.9288,97.0336,375.5658,384.461,0.00905352,0.00926795,0.00046428,15.0409,16.8584,0.2153,11.7438,0.4291,1011.7763,54.5366,10.8148,15.0547,10.2862,13.088,13.088,26.176,34.6568,52.3519,13.088,-5.1891,2.647988,4.0,1.149216,29,158,24,5,0.00234634,0.01160708,0.15915119,0E-8,0.000000,0.908698,0.000000,-0.14789112,2026-04-14,2026-07-10,41,1122,472,88,0.465909,0.718364,0.719024,0.007821,,,,,,,,GLOBAL_BASELINE_NO_ENTITY_RANKING,,,NOT_APPLICABLE_GLOBAL_BASELINE,HF9g-P5,,,,X 全窗基线 · 不参与实体赏罚,8391712,840,A168_HF9F_20260827_0900,2026-08-27 09:00:00
2026-04-21,142615618,994,0,104.7038190720,-40.5727298904,-40.5727298904,0.3333333,7,7,0.50090561428571429,0.500905614286,-0.8209345132943034,-0.820934513295704,-0.8209345132943034,-2.8571E-13,ELIGIBLE,R03b_20260811_FULL_v1,L1_ELIGIBILITY,v2026-08-11,2026-03-21..2026-08-06,baccarat_bet02_101_all_pairs_incl_sentinel,round_win = game_pnl > 0 (decisive only),COMPATIBILITY_ONLY_NOT_PRODUCTION,41482.8302,37695.3747,481.4946,2758,2236,-0.01160708,-0.15915119,-0.01126008,-0.01160708,-481.4946,41482.8302,OK,0.0000,19.2598,4.0000,96.0000,AG03-UNRESOLVED,ALL5_LEVELS_bet23_to_bet27,19.2598,19.2598,19.2598,24.0747,24.0747,4.000000,4.000000,4.000000,5.000000,5.000000,96.000000,96.000000,96.000000,95.000000,95.000000,5.0,105.9288,97.0336,375.5658,384.461,PENDING_AG03,FALSE,NOT_FOR_ENFORCEMENT,462.2348,36187.5597,481.4946,462.2348,19.2598,0.01160708,0.01114280,19.2598,462.2348,0.01114280,19.2598,19.2598,19.2598,24.0747,24.0747,462.2348,0.01114280,105.9288,97.0336,375.5658,384.461,0.00905352,0.00926795,0.00046428,15.0409,16.8584,0.2153,11.7438,0.4291,1011.7763,54.5366,10.8148,15.0547,10.2862,13.088,13.088,26.176,34.6568,52.3519,13.088,-5.1891,2.647988,4.0,1.149216,29,158,24,5,0.00234634,0.01160708,0.15915119,0E-8,0.000000,0.908698,0.000000,-0.14789112,2026-04-14,2026-07-10,41,1122,472,88,0.465909,0.718364,0.719024,0.007821,,,,,,,,GLOBAL_BASELINE_NO_ENTITY_RANKING,,,NOT_APPLICABLE_GLOBAL_BASELINE,HF9g-P5,,,,X 全窗基线 · 不参与实体赏罚,8391713,840,A168_HF9F_20260827_0900,2026-08-27 09:00:00
2026-04-22,142615618,-1,1,1698.5577048948,235.0862497704,235.0862497704,0.5529412,117,93,0.46008057794162826,0.444007638710,1.7177482557767112,2.021349622290926,1.7177482557767112,0.01607293923162826,SENTINEL_DEALER,R03b_20260811_FULL_v1,L1_ELIGIBILITY,v2026-08-11,2026-03-21..2026-08-06,baccarat_bet02_101_all_pairs_incl_sentinel,round_win = game_pnl > 0 (decisive only),COMPATIBILITY_ONLY_NOT_PRODUCTION,41482.8302,37695.3747,481.4946,2758,2236,-0.01160708,-0.15915119,-0.01126008,-0.01160708,-481.4946,41482.8302,OK,0.0000,19.2598,4.0000,96.0000,AG03-UNRESOLVED,ALL5_LEVELS_bet23_to_bet27,19.2598,19.2598,19.2598,24.0747,24.0747,4.000000,4.000000,4.000000,5.000000,5.000000,96.000000,96.000000,96.000000,95.000000,95.000000,5.0,105.9288,97.0336,375.5658,384.461,PENDING_AG03,FALSE,NOT_FOR_ENFORCEMENT,462.2348,36187.5597,481.4946,462.2348,19.2598,0.01160708,0.01114280,19.2598,462.2348,0.01114280,19.2598,19.2598,19.2598,24.0747,24.0747,462.2348,0.01114280,105.9288,97.0336,375.5658,384.461,0.00905352,0.00926795,0.00046428,15.0409,16.8584,0.2153,11.7438,0.4291,1011.7763,54.5366,10.8148,15.0547,10.2862,13.088,13.088,26.176,34.6568,52.3519,13.088,-5.1891,2.647988,4.0,1.149216,29,158,24,5,0.00234634,0.01160708,0.15915119,0E-8,0.000000,0.908698,0.000000,-0.14789112,2026-04-14,2026-07-10,41,1122,472,88,0.465909,0.718364,0.719024,0.007821,,,,,,,,GLOBAL_BASELINE_NO_ENTITY_RANKING,,,NOT_APPLICABLE_GLOBAL_BASELINE,HF9g-P5,,,,X 全窗基线 · 不参与实体赏罚,8391714,840,A168_HF9F_20260827_0900,2026-08-27 09:00:00
2026-04-22,142615618,1017,0,193.7020652831,1.5705572859,1.5705572859,0.3333333,14,9,0.38339448444444444,0.388469283333,-0.3088840289020902,-0.33936623973561597,-0.3088840289020902,-0.00507479888855556,ELIGIBLE,R03b_20260811_FULL_v1,L1_ELIGIBILITY,v2026-08-11,2026-03-21..2026-08-06,baccarat_bet02_101_all_pairs_incl_sentinel,round_win = game_pnl > 0 (decisive only),COMPATIBILITY_ONLY_NOT_PRODUCTION,41482.8302,37695.3747,481.4946,2758,2236,-0.01160708,-0.15915119,-0.01126008,-0.01160708,-481.4946,41482.8302,OK,0.0000,19.2598,4.0000,96.0000,AG03-UNRESOLVED,ALL5_LEVELS_bet23_to_bet27,19.2598,19.2598,19.2598,24.0747,24.0747,4.000000,4.000000,4.000000,5.000000,5.000000,96.000000,96.000000,96.000000,95.000000,95.000000,5.0,105.9288,97.0336,375.5658,384.461,PENDING_AG03,FALSE,NOT_FOR_ENFORCEMENT,462.2348,36187.5597,481.4946,462.2348,19.2598,0.01160708,0.01114280,19.2598,462.2348,0.01114280,19.2598,19.2598,19.2598,24.0747,24.0747,462.2348,0.01114280,105.9288,97.0336,375.5658,384.461,0.00905352,0.00926795,0.00046428,15.0409,16.8584,0.2153,11.7438,0.4291,1011.7763,54.5366,10.8148,15.0547,10.2862,13.088,13.088,26.176,34.6568,52.3519,13.088,-5.1891,2.647988,4.0,1.149216,29,158,24,5,0.00234634,0.01160708,0.15915119,0E-8,0.000000,0.908698,0.000000,-0.14789112,2026-04-14,2026-07-10,41,1122,472,88,0.465909,0.718364,0.719024,0.007821,,,,,,,,GLOBAL_BASELINE_NO_ENTITY_RANKING,,,NOT_APPLICABLE_GLOBAL_BASELINE,HF9g-P5,,,,X 全窗基线 · 不参与实体赏罚,8391715,840,A168_HF9F_20260827_0900,2026-08-27 09:00:00
2026-04-22,142615618,1094,0,62.8222914432,-62.8222914432,-62.8222914432,0E-7,3,3,0.49771390000000000,0.497713900000,-1.724149546644903,-1.724149546644903,-1.724149546644903,0E-17,ELIGIBLE,R03b_20260811_FULL_v1,L1_ELIGIBILITY,v2026-08-11,2026-03-21..2026-08-06,baccarat_bet02_101_all_pairs_incl_sentinel,round_win = game_pnl > 0 (decisive only),COMPATIBILITY_ONLY_NOT_PRODUCTION,41482.8302,37695.3747,481.4946,2758,2236,-0.01160708,-0.15915119,-0.01126008,-0.01160708,-481.4946,41482.8302,OK,0.0000,19.2598,4.0000,96.0000,AG03-UNRESOLVED,ALL5_LEVELS_bet23_to_bet27,19.2598,19.2598,19.2598,24.0747,24.0747,4.000000,4.000000,4.000000,5.000000,5.000000,96.000000,96.000000,96.000000,95.000000,95.000000,5.0,105.9288,97.0336,375.5658,384.461,PENDING_AG03,FALSE,NOT_FOR_ENFORCEMENT,462.2348,36187.5597,481.4946,462.2348,19.2598,0.01160708,0.01114280,19.2598,462.2348,0.01114280,19.2598,19.2598,19.2598,24.0747,24.0747,462.2348,0.01114280,105.9288,97.0336,375.5658,384.461,0.00905352,0.00926795,0.00046428,15.0409,16.8584,0.2153,11.7438,0.4291,1011.7763,54.5366,10.8148,15.0547,10.2862,13.088,13.088,26.176,34.6568,52.3519,13.088,-5.1891,2.647988,4.0,1.149216,29,158,24,5,0.00234634,0.01160708,0.15915119,0E-8,0.000000,0.908698,0.000000,-0.14789112,2026-04-14,2026-07-10,41,1122,472,88,0.465909,0.718364,0.719024,0.007821,,,,,,,,GLOBAL_BASELINE_NO_ENTITY_RANKING,,,NOT_APPLICABLE_GLOBAL_BASELINE,HF9g-P5,,,,X 全窗基线 · 不参与实体赏罚,8391716,840,A168_HF9F_20260827_0900,2026-08-27 09:00:00
2026-04-22,142615618,1109,0,57.5871004895,47.1167185823,47.1167185823,1.0000000,3,2,0.43629654285714286,0.393584825000,1.607494372147484,1.7554192453407476,1.607494372147484,0.04271171785714286,ELIGIBLE,R03b_20260811_FULL_v1,L1_ELIGIBILITY,v2026-08-11,2026-03-21..2026-08-06,baccarat_bet02_101_all_pairs_incl_sentinel,round_win = game_pnl > 0 (decisive only),COMPATIBILITY_ONLY_NOT_PRODUCTION,41482.8302,37695.3747,481.4946,2758,2236,-0.01160708,-0.15915119,-0.01126008,-0.01160708,-481.4946,41482.8302,OK,0.0000,19.2598,4.0000,96.0000,AG03-UNRESOLVED,ALL5_LEVELS_bet23_to_bet27,19.2598,19.2598,19.2598,24.0747,24.0747,4.000000,4.000000,4.000000,5.000000,5.000000,96.000000,96.000000,96.000000,95.000000,95.000000,5.0,105.9288,97.0336,375.5658,384.461,PENDING_AG03,FALSE,NOT_FOR_ENFORCEMENT,462.2348,36187.5597,481.4946,462.2348,19.2598,0.01160708,0.01114280,19.2598,462.2348,0.01114280,19.2598,19.2598,19.2598,24.0747,24.0747,462.2348,0.01114280,105.9288,97.0336,375.5658,384.461,0.00905352,0.00926795,0.00046428,15.0409,16.8584,0.2153,11.7438,0.4291,1011.7763,54.5366,10.8148,15.0547,10.2862,13.088,13.088,26.176,34.6568,52.3519,13.088,-5.1891,2.647988,4.0,1.149216,29,158,24,5,0.00234634,0.01160708,0.15915119,0E-8,0.000000,0.908698,0.000000,-0.14789112,2026-04-14,2026-07-10,41,1122,472,88,0.465909,0.718364,0.719024,0.007821,,,,,,,,GLOBAL_BASELINE_NO_ENTITY_RANKING,,,NOT_APPLICABLE_GLOBAL_BASELINE,HF9g-P5,,,,X 全窗基线 · 不参与实体赏罚,8391717,840,A168_HF9F_20260827_0900,2026-08-27 09:00:00
2026-04-22,142615618,1151,0,70.6750778736,40.5727298903,40.5727298903,0.6000000,6,5,0.48042406571428571,0.462764870000,0.5351701652055295,0.6154431000366292,0.5351701652055295,0.01765919571428571,ELIGIBLE,R03b_20260811_FULL_v1,L1_ELIGIBILITY,v2026-08-11,2026-03-21..2026-08-06,baccarat_bet02_101_all_pairs_incl_sentinel,round_win = game_pnl > 0 (decisive only),COMPATIBILITY_ONLY_NOT_PRODUCTION,41482.8302,37695.3747,481.4946,2758,2236,-0.01160708,-0.15915119,-0.01126008,-0.01160708,-481.4946,41482.8302,OK,0.0000,19.2598,4.0000,96.0000,AG03-UNRESOLVED,ALL5_LEVELS_bet23_to_bet27,19.2598,19.2598,19.2598,24.0747,24.0747,4.000000,4.000000,4.000000,5.000000,5.000000,96.000000,96.000000,96.000000,95.000000,95.000000,5.0,105.9288,97.0336,375.5658,384.461,PENDING_AG03,FALSE,NOT_FOR_ENFORCEMENT,462.2348,36187.5597,481.4946,462.2348,19.2598,0.01160708,0.01114280,19.2598,462.2348,0.01114280,19.2598,19.2598,19.2598,24.0747,24.0747,462.2348,0.01114280,105.9288,97.0336,375.5658,384.461,0.00905352,0.00926795,0.00046428,15.0409,16.8584,0.2153,11.7438,0.4291,1011.7763,54.5366,10.8148,15.0547,10.2862,13.088,13.088,26.176,34.6568,52.3519,13.088,-5.1891,2.647988,4.0,1.149216,29,158,24,5,0.00234634,0.01160708,0.15915119,0E-8,0.000000,0.908698,0.000000,-0.14789112,2026-04-14,2026-07-10,41,1122,472,88,0.465909,0.718364,0.719024,0.007821,,,,,,,,GLOBAL_BASELINE_NO_ENTITY_RANKING,,,NOT_APPLICABLE_GLOBAL_BASELINE,HF9g-P5,,,,X 全窗基线 · 不参与实体赏罚,8391718,840,A168_HF9F_20260827_0900,2026-08-27 09:00:00
2026-04-22,142615618,1157,0,170.1437059919,100.1230269875,100.1230269875,0.7500000,6,6,0.50441650000000000,0.504416500000,0.9823723240197533,0.9823723240197534,0.9823723240197533,0E-17,ELIGIBLE,R03b_20260811_FULL_v1,L1_ELIGIBILITY,v2026-08-11,2026-03-21..2026-08-06,baccarat_bet02_101_all_pairs_incl_sentinel,round_win = game_pnl > 0 (decisive only),COMPATIBILITY_ONLY_NOT_PRODUCTION,41482.8302,37695.3747,481.4946,2758,2236,-0.01160708,-0.15915119,-0.01126008,-0.01160708,-481.4946,41482.8302,OK,0.0000,19.2598,4.0000,96.0000,AG03-UNRESOLVED,ALL5_LEVELS_bet23_to_bet27,19.2598,19.2598,19.2598,24.0747,24.0747,4.000000,4.000000,4.000000,5.000000,5.000000,96.000000,96.000000,96.000000,95.000000,95.000000,5.0,105.9288,97.0336,375.5658,384.461,PENDING_AG03,FALSE,NOT_FOR_ENFORCEMENT,462.2348,36187.5597,481.4946,462.2348,19.2598,0.01160708,0.01114280,19.2598,462.2348,0.01114280,19.2598,19.2598,19.2598,24.0747,24.0747,462.2348,0.01114280,105.9288,97.0336,375.5658,384.461,0.00905352,0.00926795,0.00046428,15.0409,16.8584,0.2153,11.7438,0.4291,1011.7763,54.5366,10.8148,15.0547,10.2862,13.088,13.088,26.176,34.6568,52.3519,13.088,-5.1891,2.647988,4.0,1.149216,29,158,24,5,0.00234634,0.01160708,0.15915119,0E-8,0.000000,0.908698,0.000000,-0.14789112,2026-04-14,2026-07-10,41,1122,472,88,0.465909,0.718364,0.719024,0.007821,,,,,,,,GLOBAL_BASELINE_NO_ENTITY_RANKING,,,NOT_APPLICABLE_GLOBAL_BASELINE,HF9g-P5,,,,X 全窗基线 · 不参与实体赏罚,8391719,840,A168_HF9F_20260827_0900,2026-08-27 09:00:00
2026-04-22,142615618,1299,0,70.6750778736,17.6687694684,17.6687694684,0.6000000,5,5,0.49592654000000000,0.495926540000,0.46544610904919037,0.46544610904919037,0.46544610904919037,0E-17,ELIGIBLE,R03b_20260811_FULL_v1,L1_ELIGIBILITY,v2026-08-11,2026-03-21..2026-08-06,baccarat_bet02_101_all_pairs_incl_sentinel,round_win = game_pnl > 0 (decisive only),COMPATIBILITY_ONLY_NOT_PRODUCTION,41482.8302,37695.3747,481.4946,2758,2236,-0.01160708,-0.15915119,-0.01126008,-0.01160708,-481.4946,41482.8302,OK,0.0000,19.2598,4.0000,96.0000,AG03-UNRESOLVED,ALL5_LEVELS_bet23_to_bet27,19.2598,19.2598,19.2598,24.0747,24.0747,4.000000,4.000000,4.000000,5.000000,5.000000,96.000000,96.000000,96.000000,95.000000,95.000000,5.0,105.9288,97.0336,375.5658,384.461,PENDING_AG03,FALSE,NOT_FOR_ENFORCEMENT,462.2348,36187.5597,481.4946,462.2348,19.2598,0.01160708,0.01114280,19.2598,462.2348,0.01114280,19.2598,19.2598,19.2598,24.0747,24.0747,462.2348,0.01114280,105.9288,97.0336,375.5658,384.461,0.00905352,0.00926795,0.00046428,15.0409,16.8584,0.2153,11.7438,0.4291,1011.7763,54.5366,10.8148,15.0547,10.2862,13.088,13.088,26.176,34.6568,52.3519,13.088,-5.1891,2.647988,4.0,1.149216,29,158,24,5,0.00234634,0.01160708,0.15915119,0E-8,0.000000,0.908698,0.000000,-0.14789112,2026-04-14,2026-07-10,41,1122,472,88,0.465909,0.718364,0.719024,0.007821,,,,,,,,GLOBAL_BASELINE_NO_ENTITY_RANKING,,,NOT_APPLICABLE_GLOBAL_BASELINE,HF9g-P5,,,,X 全窗基线 · 不参与实体赏罚,8391720,840,A168_HF9F_20260827_0900,2026-08-27 09:00:00
2026-04-22,142615618,1302,0,13.0879773840,13.0879773840,13.0879773840,1.0000000,1,1,0.49324550000000000,0.493245500000,1.01360149184955,1.01360149184955,1.01360149184955,0E-17,ELIGIBLE,R03b_20260811_FULL_v1,L1_ELIGIBILITY,v2026-08-11,2026-03-21..2026-08-06,baccarat_bet02_101_all_pairs_incl_sentinel,round_win = game_pnl > 0 (decisive only),COMPATIBILITY_ONLY_NOT_PRODUCTION,41482.8302,37695.3747,481.4946,2758,2236,-0.01160708,-0.15915119,-0.01126008,-0.01160708,-481.4946,41482.8302,OK,0.0000,19.2598,4.0000,96.0000,AG03-UNRESOLVED,ALL5_LEVELS_bet23_to_bet27,19.2598,19.2598,19.2598,24.0747,24.0747,4.000000,4.000000,4.000000,5.000000,5.000000,96.000000,96.000000,96.000000,95.000000,95.000000,5.0,105.9288,97.0336,375.5658,384.461,PENDING_AG03,FALSE,NOT_FOR_ENFORCEMENT,462.2348,36187.5597,481.4946,462.2348,19.2598,0.01160708,0.01114280,19.2598,462.2348,0.01114280,19.2598,19.2598,19.2598,24.0747,24.0747,462.2348,0.01114280,105.9288,97.0336,375.5658,384.461,0.00905352,0.00926795,0.00046428,15.0409,16.8584,0.2153,11.7438,0.4291,1011.7763,54.5366,10.8148,15.0547,10.2862,13.088,13.088,26.176,34.6568,52.3519,13.088,-5.1891,2.647988,4.0,1.149216,29,158,24,5,0.00234634,0.01160708,0.15915119,0E-8,0.000000,0.908698,0.000000,-0.14789112,2026-04-14,2026-07-10,41,1122,472,88,0.465909,0.718364,0.719024,0.007821,,,,,,,,GLOBAL_BASELINE_NO_ENTITY_RANKING,,,NOT_APPLICABLE_GLOBAL_BASELINE,HF9g-P5,,,,X 全窗基线 · 不参与实体赏罚,8391721,840,A168_HF9F_20260827_0900,2026-08-27 09:00:00
2026-04-22,142615618,1304,0,47.1167185824,20.9407638144,20.9407638144,1.0000000,3,3,0.49771390000000000,0.497713900000,1.4206944795187548,1.420694479518755,1.4206944795187548,0E-17,ELIGIBLE,R03b_20260811_FULL_v1,L1_ELIGIBILITY,v2026-08-11,2026-03-21..2026-08-06,baccarat_bet02_101_all_pairs_incl_sentinel,round_win = game_pnl > 0 (decisive only),COMPATIBILITY_ONLY_NOT_PRODUCTION,41482.8302,37695.3747,481.4946,2758,2236,-0.01160708,-0.15915119,-0.01126008,-0.01160708,-481.4946,41482.8302,OK,0.0000,19.2598,4.0000,96.0000,AG03-UNRESOLVED,ALL5_LEVELS_bet23_to_bet27,19.2598,19.2598,19.2598,24.0747,24.0747,4.000000,4.000000,4.000000,5.000000,5.000000,96.000000,96.000000,96.000000,95.000000,95.000000,5.0,105.9288,97.0336,375.5658,384.461,PENDING_AG03,FALSE,NOT_FOR_ENFORCEMENT,462.2348,36187.5597,481.4946,462.2348,19.2598,0.01160708,0.01114280,19.2598,462.2348,0.01114280,19.2598,19.2598,19.2598,24.0747,24.0747,462.2348,0.01114280,105.9288,97.0336,375.5658,384.461,0.00905352,0.00926795,0.00046428,15.0409,16.8584,0.2153,11.7438,0.4291,1011.7763,54.5366,10.8148,15.0547,10.2862,13.088,13.088,26.176,34.6568,52.3519,13.088,-5.1891,2.647988,4.0,1.149216,29,158,24,5,0.00234634,0.01160708,0.15915119,0E-8,0.000000,0.908698,0.000000,-0.14789112,2026-04-14,2026-07-10,41,1122,472,88,0.465909,0.718364,0.719024,0.007821,,,,,,,,GLOBAL_BASELINE_NO_ENTITY_RANKING,,,NOT_APPLICABLE_GLOBAL_BASELINE,HF9g-P5,,,,X 全窗基线 · 不参与实体赏罚,8391722,840,A168_HF9F_20260827_0900,2026-08-27 09:00:00
2026-04-22,142615618,1318,0,136.1149647936,18.0614087899,18.0614087899,0.5000000,10,6,0.44700559411764706,0.409871366667,0.21317838867226246,0.3665182866795808,0.21317838867226246,0.03713422745064706,ELIGIBLE,R03b_20260811_FULL_v1,L1_ELIGIBILITY,v2026-08-11,2026-03-21..2026-08-06,baccarat_bet02_101_all_pairs_incl_sentinel,round_win = game_pnl > 0 (decisive only),COMPATIBILITY_ONLY_NOT_PRODUCTION,41482.8302,37695.3747,481.4946,2758,2236,-0.01160708,-0.15915119,-0.01126008,-0.01160708,-481.4946,41482.8302,OK,0.0000,19.2598,4.0000,96.0000,AG03-UNRESOLVED,ALL5_LEVELS_bet23_to_bet27,19.2598,19.2598,19.2598,24.0747,24.0747,4.000000,4.000000,4.000000,5.000000,5.000000,96.000000,96.000000,96.000000,95.000000,95.000000,5.0,105.9288,97.0336,375.5658,384.461,PENDING_AG03,FALSE,NOT_FOR_ENFORCEMENT,462.2348,36187.5597,481.4946,462.2348,19.2598,0.01160708,0.01114280,19.2598,462.2348,0.01114280,19.2598,19.2598,19.2598,24.0747,24.0747,462.2348,0.01114280,105.9288,97.0336,375.5658,384.461,0.00905352,0.00926795,0.00046428,15.0409,16.8584,0.2153,11.7438,0.4291,1011.7763,54.5366,10.8148,15.0547,10.2862,13.088,13.088,26.176,34.6568,52.3519,13.088,-5.1891,2.647988,4.0,1.149216,29,158,24,5,0.00234634,0.01160708,0.15915119,0E-8,0.000000,0.908698,0.000000,-0.14789112,2026-04-14,2026-07-10,41,1122,472,88,0.465909,0.718364,0.719024,0.007821,,,,,,,,GLOBAL_BASELINE_NO_ENTITY_RANKING,,,NOT_APPLICABLE_GLOBAL_BASELINE,HF9g-P5,,,,X 全窗基线 · 不参与实体赏罚,8391723,840,A168_HF9F_20260827_0900,2026-08-27 09:00:00
2026-04-22,142615618,1323,0,57.5871004896,-57.5871004896,-57.5871004896,0E-7,3,2,0.47231337500000000,0.403638725000,-1.3379567553775575,-1.1634740288448888,-1.3379567553775575,0.06867465000000000,ELIGIBLE,R03b_20260811_FULL_v1,L1_ELIGIBILITY,v2026-08-11,2026-03-21..2026-08-06,baccarat_bet02_101_all_pairs_incl_sentinel,round_win = game_pnl > 0 (decisive only),COMPATIBILITY_ONLY_NOT_PRODUCTION,41482.8302,37695.3747,481.4946,2758,2236,-0.01160708,-0.15915119,-0.01126008,-0.01160708,-481.4946,41482.8302,OK,0.0000,19.2598,4.0000,96.0000,AG03-UNRESOLVED,ALL5_LEVELS_bet23_to_bet27,19.2598,19.2598,19.2598,24.0747,24.0747,4.000000,4.000000,4.000000,5.000000,5.000000,96.000000,96.000000,96.000000,95.000000,95.000000,5.0,105.9288,97.0336,375.5658,384.461,PENDING_AG03,FALSE,NOT_FOR_ENFORCEMENT,462.2348,36187.5597,481.4946,462.2348,19.2598,0.01160708,0.01114280,19.2598,462.2348,0.01114280,19.2598,19.2598,19.2598,24.0747,24.0747,462.2348,0.01114280,105.9288,97.0336,375.5658,384.461,0.00905352,0.00926795,0.00046428,15.0409,16.8584,0.2153,11.7438,0.4291,1011.7763,54.5366,10.8148,15.0547,10.2862,13.088,13.088,26.176,34.6568,52.3519,13.088,-5.1891,2.647988,4.0,1.149216,29,158,24,5,0.00234634,0.01160708,0.15915119,0E-8,0.000000,0.908698,0.000000,-0.14789112,2026-04-14,2026-07-10,41,1122,472,88,0.465909,0.718364,0.719024,0.007821,,,,,,,,GLOBAL_BASELINE_NO_ENTITY_RANKING,,,NOT_APPLICABLE_GLOBAL_BASELINE,HF9g-P5,,,,X 全窗基线 · 不参与实体赏罚,8391724,840,A168_HF9F_20260827_0900,2026-08-27 09:00:00
2026-04-22,142615618,1330,0,70.6750778735,32.0655445907,32.0655445907,0.6666667,4,3,0.46421632857142857,0.435741850000,0.703111482681433,0.8066361439539496,0.703111482681433,0.02847447857142857,ELIGIBLE,R03b_20260811_FULL_v1,L1_ELIGIBILITY,v2026-08-11,2026-03-21..2026-08-06,baccarat_bet02_101_all_pairs_incl_sentinel,round_win = game_pnl > 0 (decisive only),COMPATIBILITY_ONLY_NOT_PRODUCTION,41482.8302,37695.3747,481.4946,2758,2236,-0.01160708,-0.15915119,-0.01126008,-0.01160708,-481.4946,41482.8302,OK,0.0000,19.2598,4.0000,96.0000,AG03-UNRESOLVED,ALL5_LEVELS_bet23_to_bet27,19.2598,19.2598,19.2598,24.0747,24.0747,4.000000,4.000000,4.000000,5.000000,5.000000,96.000000,96.000000,96.000000,95.000000,95.000000,5.0,105.9288,97.0336,375.5658,384.461,PENDING_AG03,FALSE,NOT_FOR_ENFORCEMENT,462.2348,36187.5597,481.4946,462.2348,19.2598,0.01160708,0.01114280,19.2598,462.2348,0.01114280,19.2598,19.2598,19.2598,24.0747,24.0747,462.2348,0.01114280,105.9288,97.0336,375.5658,384.461,0.00905352,0.00926795,0.00046428,15.0409,16.8584,0.2153,11.7438,0.4291,1011.7763,54.5366,10.8148,15.0547,10.2862,13.088,13.088,26.176,34.6568,52.3519,13.088,-5.1891,2.647988,4.0,1.149216,29,158,24,5,0.00234634,0.01160708,0.15915119,0E-8,0.000000,0.908698,0.000000,-0.14789112,2026-04-14,2026-07-10,41,1122,472,88,0.465909,0.718364,0.719024,0.007821,,,,,,,,GLOBAL_BASELINE_NO_ENTITY_RANKING,,,NOT_APPLICABLE_GLOBAL_BASELINE,HF9g-P5,,,,X 全窗基线 · 不参与实体赏罚,8391725,840,A168_HF9F_20260827_0900,2026-08-27 09:00:00
2026-04-22,142615618,1331,0,54.9695050128,-6.1513493705,-6.1513493705,0.5000000,5,3,0.43369426190476190,0.367067200000,0.18921205064483373,0.39002779669940096,0.18921205064483373,0.06662706190476190,ELIGIBLE,R03b_20260811_FULL_v1,L1_ELIGIBILITY,v2026-08-11,2026-03-21..2026-08-06,baccarat_bet02_101_all_pairs_incl_sentinel,round_win = game_pnl > 0 (decisive only),COMPATIBILITY_ONLY_NOT_PRODUCTION,41482.8302,37695.3747,481.4946,2758,2236,-0.01160708,-0.15915119,-0.01126008,-0.01160708,-481.4946,41482.8302,OK,0.0000,19.2598,4.0000,96.0000,AG03-UNRESOLVED,ALL5_LEVELS_bet23_to_bet27,19.2598,19.2598,19.2598,24.0747,24.0747,4.000000,4.000000,4.000000,5.000000,5.000000,96.000000,96.000000,96.000000,95.000000,95.000000,5.0,105.9288,97.0336,375.5658,384.461,PENDING_AG03,FALSE,NOT_FOR_ENFORCEMENT,462.2348,36187.5597,481.4946,462.2348,19.2598,0.01160708,0.01114280,19.2598,462.2348,0.01114280,19.2598,19.2598,19.2598,24.0747,24.0747,462.2348,0.01114280,105.9288,97.0336,375.5658,384.461,0.00905352,0.00926795,0.00046428,15.0409,16.8584,0.2153,11.7438,0.4291,1011.7763,54.5366,10.8148,15.0547,10.2862,13.088,13.088,26.176,34.6568,52.3519,13.088,-5.1891,2.647988,4.0,1.149216,29,158,24,5,0.00234634,0.01160708,0.15915119,0E-8,0.000000,0.908698,0.000000,-0.14789112,2026-04-14,2026-07-10,41,1122,472,88,0.465909,0.718364,0.719024,0.007821,,,,,,,,GLOBAL_BASELINE_NO_ENTITY_RANKING,,,NOT_APPLICABLE_GLOBAL_BASELINE,HF9g-P5,,,,X 全窗基线 · 不参与实体赏罚,8391726,840,A168_HF9F_20260827_0900,2026-08-27 09:00:00
2026-04-22,142615618,1384,0,91.0923225925,11.2818365051,11.2818365051,0.6666667,3,3,0.49771390000000000,0.497713900000,0.5852756695216578,0.5852756695216578,0.5852756695216578,0E-17,ELIGIBLE,R03b_20260811_FULL_v1,L1_ELIGIBILITY,v2026-08-11,2026-03-21..2026-08-06,baccarat_bet02_101_all_pairs_incl_sentinel,round_win = game_pnl > 0 (decisive only),COMPATIBILITY_ONLY_NOT_PRODUCTION,41482.8302,37695.3747,481.4946,2758,2236,-0.01160708,-0.15915119,-0.01126008,-0.01160708,-481.4946,41482.8302,OK,0.0000,19.2598,4.0000,96.0000,AG03-UNRESOLVED,ALL5_LEVELS_bet23_to_bet27,19.2598,19.2598,19.2598,24.0747,24.0747,4.000000,4.000000,4.000000,5.000000,5.000000,96.000000,96.000000,96.000000,95.000000,95.000000,5.0,105.9288,97.0336,375.5658,384.461,PENDING_AG03,FALSE,NOT_FOR_ENFORCEMENT,462.2348,36187.5597,481.4946,462.2348,19.2598,0.01160708,0.01114280,19.2598,462.2348,0.01114280,19.2598,19.2598,19.2598,24.0747,24.0747,462.2348,0.01114280,105.9288,97.0336,375.5658,384.461,0.00905352,0.00926795,0.00046428,15.0409,16.8584,0.2153,11.7438,0.4291,1011.7763,54.5366,10.8148,15.0547,10.2862,13.088,13.088,26.176,34.6568,52.3519,13.088,-5.1891,2.647988,4.0,1.149216,29,158,24,5,0.00234634,0.01160708,0.15915119,0E-8,0.000000,0.908698,0.000000,-0.14789112,2026-04-14,2026-07-10,41,1122,472,88,0.465909,0.718364,0.719024,0.007821,,,,,,,,GLOBAL_BASELINE_NO_ENTITY_RANKING,,,NOT_APPLICABLE_GLOBAL_BASELINE,HF9g-P5,,,,X 全窗基线 · 不参与实体赏罚,8391727,840,A168_HF9F_20260827_0900,2026-08-27 09:00:00
2026-04-22,142615618,1385,0,156.5322095125,-78.6587440777,-78.6587440777,0.3333333,6,6,0.50218230000000000,0.502182300000,-0.8271955028234007,-0.8271955028234007,-0.8271955028234007,0E-17,ELIGIBLE,R03b_20260811_FULL_v1,L1_ELIGIBILITY,v2026-08-11,2026-03-21..2026-08-06,baccarat_bet02_101_all_pairs_incl_sentinel,round_win = game_pnl > 0 (decisive only),COMPATIBILITY_ONLY_NOT_PRODUCTION,41482.8302,37695.3747,481.4946,2758,2236,-0.01160708,-0.15915119,-0.01126008,-0.01160708,-481.4946,41482.8302,OK,0.0000,19.2598,4.0000,96.0000,AG03-UNRESOLVED,ALL5_LEVELS_bet23_to_bet27,19.2598,19.2598,19.2598,24.0747,24.0747,4.000000,4.000000,4.000000,5.000000,5.000000,96.000000,96.000000,96.000000,95.000000,95.000000,5.0,105.9288,97.0336,375.5658,384.461,PENDING_AG03,FALSE,NOT_FOR_ENFORCEMENT,462.2348,36187.5597,481.4946,462.2348,19.2598,0.01160708,0.01114280,19.2598,462.2348,0.01114280,19.2598,19.2598,19.2598,24.0747,24.0747,462.2348,0.01114280,105.9288,97.0336,375.5658,384.461,0.00905352,0.00926795,0.00046428,15.0409,16.8584,0.2153,11.7438,0.4291,1011.7763,54.5366,10.8148,15.0547,10.2862,13.088,13.088,26.176,34.6568,52.3519,13.088,-5.1891,2.647988,4.0,1.149216,29,158,24,5,0.00234634,0.01160708,0.15915119,0E-8,0.000000,0.908698,0.000000,-0.14789112,2026-04-14,2026-07-10,41,1122,472,88,0.465909,0.718364,0.719024,0.007821,,,,,,,,GLOBAL_BASELINE_NO_ENTITY_RANKING,,,NOT_APPLICABLE_GLOBAL_BASELINE,HF9g-P5,,,,X 全窗基线 · 不参与实体赏罚,8391728,840,A168_HF9F_20260827_0900,2026-08-27 09:00:00
2026-04-22,142615618,1400,0,108.3684527394,63.8693296338,63.8693296338,0.3333333,4,4,0.49994810000000000,0.499948100000,-0.5771704854251445,-0.5771704854251445,-0.5771704854251445,0E-17,ELIGIBLE,R03b_20260811_FULL_v1,L1_ELIGIBILITY,v2026-08-11,2026-03-21..2026-08-06,baccarat_bet02_101_all_pairs_incl_sentinel,round_win = game_pnl > 0 (decisive only),COMPATIBILITY_ONLY_NOT_PRODUCTION,41482.8302,37695.3747,481.4946,2758,2236,-0.01160708,-0.15915119,-0.01126008,-0.01160708,-481.4946,41482.8302,OK,0.0000,19.2598,4.0000,96.0000,AG03-UNRESOLVED,ALL5_LEVELS_bet23_to_bet27,19.2598,19.2598,19.2598,24.0747,24.0747,4.000000,4.000000,4.000000,5.000000,5.000000,96.000000,96.000000,96.000000,95.000000,95.000000,5.0,105.9288,97.0336,375.5658,384.461,PENDING_AG03,FALSE,NOT_FOR_ENFORCEMENT,462.2348,36187.5597,481.4946,462.2348,19.2598,0.01160708,0.01114280,19.2598,462.2348,0.01114280,19.2598,19.2598,19.2598,24.0747,24.0747,462.2348,0.01114280,105.9288,97.0336,375.5658,384.461,0.00905352,0.00926795,0.00046428,15.0409,16.8584,0.2153,11.7438,0.4291,1011.7763,54.5366,10.8148,15.0547,10.2862,13.088,13.088,26.176,34.6568,52.3519,13.088,-5.1891,2.647988,4.0,1.149216,29,158,24,5,0.00234634,0.01160708,0.15915119,0E-8,0.000000,0.908698,0.000000,-0.14789112,2026-04-14,2026-07-10,41,1122,472,88,0.465909,0.718364,0.719024,0.007821,,,,,,,,GLOBAL_BASELINE_NO_ENTITY_RANKING,,,NOT_APPLICABLE_GLOBAL_BASELINE,HF9g-P5,,,,X 全窗基线 · 不参与实体赏罚,8391729,840,A168_HF9F_20260827_0900,2026-08-27 09:00:00
2026-04-22,142615618,1485,0,151.8205376542,-34.0287411984,-34.0287411984,0.2000000,7,6,0.48054523750000000,0.463376575000,-1.2555872525069693,-1.181028279607684,-1.2555872525069693,0.01716866250000000,ELIGIBLE,R03b_20260811_FULL_v1,L1_ELIGIBILITY,v2026-08-11,2026-03-21..2026-08-06,baccarat_bet02_101_all_pairs_incl_sentinel,round_win = game_pnl > 0 (decisive only),COMPATIBILITY_ONLY_NOT_PRODUCTION,41482.8302,37695.3747,481.4946,2758,2236,-0.01160708,-0.15915119,-0.01126008,-0.01160708,-481.4946,41482.8302,OK,0.0000,19.2598,4.0000,96.0000,AG03-UNRESOLVED,ALL5_LEVELS_bet23_to_bet27,19.2598,19.2598,19.2598,24.0747,24.0747,4.000000,4.000000,4.000000,5.000000,5.000000,96.000000,96.000000,96.000000,95.000000,95.000000,5.0,105.9288,97.0336,375.5658,384.461,PENDING_AG03,FALSE,NOT_FOR_ENFORCEMENT,462.2348,36187.5597,481.4946,462.2348,19.2598,0.01160708,0.01114280,19.2598,462.2348,0.01114280,19.2598,19.2598,19.2598,24.0747,24.0747,462.2348,0.01114280,105.9288,97.0336,375.5658,384.461,0.00905352,0.00926795,0.00046428,15.0409,16.8584,0.2153,11.7438,0.4291,1011.7763,54.5366,10.8148,15.0547,10.2862,13.088,13.088,26.176,34.6568,52.3519,13.088,-5.1891,2.647988,4.0,1.149216,29,158,24,5,0.00234634,0.01160708,0.15915119,0E-8,0.000000,0.908698,0.000000,-0.14789112,2026-04-14,2026-07-10,41,1122,472,88,0.465909,0.718364,0.719024,0.007821,,,,,,,,GLOBAL_BASELINE_NO_ENTITY_RANKING,,,NOT_APPLICABLE_GLOBAL_BASELINE,HF9g-P5,,,,X 全窗基线 · 不参与实体赏罚,8391730,840,A168_HF9F_20260827_0900,2026-08-27 09:00:00
2026-04-22,142615618,1702,0,44.4991231056,-44.4991231056,-44.4991231056,0E-7,2,2,0.49994810000000000,0.499948100000,-1.4140667746232096,-1.4140667746232096,-1.4140667746232096,0E-17,ELIGIBLE,R03b_20260811_FULL_v1,L1_ELIGIBILITY,v2026-08-11,2026-03-21..2026-08-06,baccarat_bet02_101_all_pairs_incl_sentinel,round_win = game_pnl > 0 (decisive only),COMPATIBILITY_ONLY_NOT_PRODUCTION,41482.8302,37695.3747,481.4946,2758,2236,-0.01160708,-0.15915119,-0.01126008,-0.01160708,-481.4946,41482.8302,OK,0.0000,19.2598,4.0000,96.0000,AG03-UNRESOLVED,ALL5_LEVELS_bet23_to_bet27,19.2598,19.2598,19.2598,24.0747,24.0747,4.000000,4.000000,4.000000,5.000000,5.000000,96.000000,96.000000,96.000000,95.000000,95.000000,5.0,105.9288,97.0336,375.5658,384.461,PENDING_AG03,FALSE,NOT_FOR_ENFORCEMENT,462.2348,36187.5597,481.4946,462.2348,19.2598,0.01160708,0.01114280,19.2598,462.2348,0.01114280,19.2598,19.2598,19.2598,24.0747,24.0747,462.2348,0.01114280,105.9288,97.0336,375.5658,384.461,0.00905352,0.00926795,0.00046428,15.0409,16.8584,0.2153,11.7438,0.4291,1011.7763,54.5366,10.8148,15.0547,10.2862,13.088,13.088,26.176,34.6568,52.3519,13.088,-5.1891,2.647988,4.0,1.149216,29,158,24,5,0.00234634,0.01160708,0.15915119,0E-8,0.000000,0.908698,0.000000,-0.14789112,2026-04-14,2026-07-10,41,1122,472,88,0.465909,0.718364,0.719024,0.007821,,,,,,,,GLOBAL_BASELINE_NO_ENTITY_RANKING,,,NOT_APPLICABLE_GLOBAL_BASELINE,HF9g-P5,,,,X 全窗基线 · 不参与实体赏罚,8391731,840,A168_HF9F_20260827_0900,2026-08-27 09:00:00
2026-04-22,142615618,1942,0,23.5583592912,-23.5583592912,-23.5583592912,0E-7,2,1,0.40465823333333333,0.293924150000,-0.8244437207675686,-0.6451964315166089,-0.8244437207675686,0.11073408333333333,ELIGIBLE,R03b_20260811_FULL_v1,L1_ELIGIBILITY,v2026-08-11,2026-03-21..2026-08-06,baccarat_bet02_101_all_pairs_incl_sentinel,round_win = game_pnl > 0 (decisive only),COMPATIBILITY_ONLY_NOT_PRODUCTION,41482.8302,37695.3747,481.4946,2758,2236,-0.01160708,-0.15915119,-0.01126008,-0.01160708,-481.4946,41482.8302,OK,0.0000,19.2598,4.0000,96.0000,AG03-UNRESOLVED,ALL5_LEVELS_bet23_to_bet27,19.2598,19.2598,19.2598,24.0747,24.0747,4.000000,4.000000,4.000000,5.000000,5.000000,96.000000,96.000000,96.000000,95.000000,95.000000,5.0,105.9288,97.0336,375.5658,384.461,PENDING_AG03,FALSE,NOT_FOR_ENFORCEMENT,462.2348,36187.5597,481.4946,462.2348,19.2598,0.01160708,0.01114280,19.2598,462.2348,0.01114280,19.2598,19.2598,19.2598,24.0747,24.0747,462.2348,0.01114280,105.9288,97.0336,375.5658,384.461,0.00905352,0.00926795,0.00046428,15.0409,16.8584,0.2153,11.7438,0.4291,1011.7763,54.5366,10.8148,15.0547,10.2862,13.088,13.088,26.176,34.6568,52.3519,13.088,-5.1891,2.647988,4.0,1.149216,29,158,24,5,0.00234634,0.01160708,0.15915119,0E-8,0.000000,0.908698,0.000000,-0.14789112,2026-04-14,2026-07-10,41,1122,472,88,0.465909,0.718364,0.719024,0.007821,,,,,,,,GLOBAL_BASELINE_NO_ENTITY_RANKING,,,NOT_APPLICABLE_GLOBAL_BASELINE,HF9g-P5,,,,X 全窗基线 · 不参与实体赏罚,8391732,840,A168_HF9F_20260827_0900,2026-08-27 09:00:00
2026-04-22,142615618,1966,0,57.5871004896,-32.0655445908,-32.0655445908,0.2500000,5,4,0.35213273750000000,0.352132737500,-0.42766011583918145,-0.4276601158391815,-0.42766011583918145,0E-17,ELIGIBLE,R03b_20260811_FULL_v1,L1_ELIGIBILITY,v2026-08-11,2026-03-21..2026-08-06,baccarat_bet02_101_all_pairs_incl_sentinel,round_win = game_pnl > 0 (decisive only),COMPATIBILITY_ONLY_NOT_PRODUCTION,41482.8302,37695.3747,481.4946,2758,2236,-0.01160708,-0.15915119,-0.01126008,-0.01160708,-481.4946,41482.8302,OK,0.0000,19.2598,4.0000,96.0000,AG03-UNRESOLVED,ALL5_LEVELS_bet23_to_bet27,19.2598,19.2598,19.2598,24.0747,24.0747,4.000000,4.000000,4.000000,5.000000,5.000000,96.000000,96.000000,96.000000,95.000000,95.000000,5.0,105.9288,97.0336,375.5658,384.461,PENDING_AG03,FALSE,NOT_FOR_ENFORCEMENT,462.2348,36187.5597,481.4946,462.2348,19.2598,0.01160708,0.01114280,19.2598,462.2348,0.01114280,19.2598,19.2598,19.2598,24.0747,24.0747,462.2348,0.01114280,105.9288,97.0336,375.5658,384.461,0.00905352,0.00926795,0.00046428,15.0409,16.8584,0.2153,11.7438,0.4291,1011.7763,54.5366,10.8148,15.0547,10.2862,13.088,13.088,26.176,34.6568,52.3519,13.088,-5.1891,2.647988,4.0,1.149216,29,158,24,5,0.00234634,0.01160708,0.15915119,0E-8,0.000000,0.908698,0.000000,-0.14789112,2026-04-14,2026-07-10,41,1122,472,88,0.465909,0.718364,0.719024,0.007821,,,,,,,,GLOBAL_BASELINE_NO_ENTITY_RANKING,,,NOT_APPLICABLE_GLOBAL_BASELINE,HF9g-P5,,,,X 全窗基线 · 不参与实体赏罚,8391733,840,A168_HF9F_20260827_0900,2026-08-27 09:00:00
2026-04-22,142615618,1990,0,49.7343140592,-49.7343140592,-49.7343140592,0E-7,4,3,0.43797605000000000,0.437976050000,-1.529003209868504,-1.529003209868504,-1.529003209868504,0E-17,ELIGIBLE,R03b_20260811_FULL_v1,L1_ELIGIBILITY,v2026-08-11,2026-03-21..2026-08-06,baccarat_bet02_101_all_pairs_incl_sentinel,round_win = game_pnl > 0 (decisive only),COMPATIBILITY_ONLY_NOT_PRODUCTION,41482.8302,37695.3747,481.4946,2758,2236,-0.01160708,-0.15915119,-0.01126008,-0.01160708,-481.4946,41482.8302,OK,0.0000,19.2598,4.0000,96.0000,AG03-UNRESOLVED,ALL5_LEVELS_bet23_to_bet27,19.2598,19.2598,19.2598,24.0747,24.0747,4.000000,4.000000,4.000000,5.000000,5.000000,96.000000,96.000000,96.000000,95.000000,95.000000,5.0,105.9288,97.0336,375.5658,384.461,PENDING_AG03,FALSE,NOT_FOR_ENFORCEMENT,462.2348,36187.5597,481.4946,462.2348,19.2598,0.01160708,0.01114280,19.2598,462.2348,0.01114280,19.2598,19.2598,19.2598,24.0747,24.0747,462.2348,0.01114280,105.9288,97.0336,375.5658,384.461,0.00905352,0.00926795,0.00046428,15.0409,16.8584,0.2153,11.7438,0.4291,1011.7763,54.5366,10.8148,15.0547,10.2862,13.088,13.088,26.176,34.6568,52.3519,13.088,-5.1891,2.647988,4.0,1.149216,29,158,24,5,0.00234634,0.01160708,0.15915119,0E-8,0.000000,0.908698,0.000000,-0.14789112,2026-04-14,2026-07-10,41,1122,472,88,0.465909,0.718364,0.719024,0.007821,,,,,,,,GLOBAL_BASELINE_NO_ENTITY_RANKING,,,NOT_APPLICABLE_GLOBAL_BASELINE,HF9g-P5,,,,X 全窗基线 · 不参与实体赏罚,8391734,840,A168_HF9F_20260827_0900,2026-08-27 09:00:00
2026-04-22,142615618,2075,0,65.4398869200,12.4335785148,12.4335785148,0.5000000,4,4,0.50329940000000000,0.503299400000,-0.01319788734859681,-0.01319788734859681,-0.01319788734859681,0E-17,ELIGIBLE,R03b_20260811_FULL_v1,L1_ELIGIBILITY,v2026-08-11,2026-03-21..2026-08-06,baccarat_bet02_101_all_pairs_incl_sentinel,round_win = game_pnl > 0 (decisive only),COMPATIBILITY_ONLY_NOT_PRODUCTION,41482.8302,37695.3747,481.4946,2758,2236,-0.01160708,-0.15915119,-0.01126008,-0.01160708,-481.4946,41482.8302,OK,0.0000,19.2598,4.0000,96.0000,AG03-UNRESOLVED,ALL5_LEVELS_bet23_to_bet27,19.2598,19.2598,19.2598,24.0747,24.0747,4.000000,4.000000,4.000000,5.000000,5.000000,96.000000,96.000000,96.000000,95.000000,95.000000,5.0,105.9288,97.0336,375.5658,384.461,PENDING_AG03,FALSE,NOT_FOR_ENFORCEMENT,462.2348,36187.5597,481.4946,462.2348,19.2598,0.01160708,0.01114280,19.2598,462.2348,0.01114280,19.2598,19.2598,19.2598,24.0747,24.0747,462.2348,0.01114280,105.9288,97.0336,375.5658,384.461,0.00905352,0.00926795,0.00046428,15.0409,16.8584,0.2153,11.7438,0.4291,1011.7763,54.5366,10.8148,15.0547,10.2862,13.088,13.088,26.176,34.6568,52.3519,13.088,-5.1891,2.647988,4.0,1.149216,29,158,24,5,0.00234634,0.01160708,0.15915119,0E-8,0.000000,0.908698,0.000000,-0.14789112,2026-04-14,2026-07-10,41,1122,472,88,0.465909,0.718364,0.719024,0.007821,,,,,,,,GLOBAL_BASELINE_NO_ENTITY_RANKING,,,NOT_APPLICABLE_GLOBAL_BASELINE,HF9g-P5,,,,X 全窗基线 · 不参与实体赏罚,8391735,840,A168_HF9F_20260827_0900,2026-08-27 09:00:00
2026-04-22,142615618,2088,0,36.6463366752,-11.1247807764,-11.1247807764,0.5000000,4,2,0.38892272857142857,0.300626750000,0.3222259207862358,0.6149128471998733,0.3222259207862358,0.08829597857142857,ELIGIBLE,R03b_20260811_FULL_v1,L1_ELIGIBILITY,v2026-08-11,2026-03-21..2026-08-06,baccarat_bet02_101_all_pairs_incl_sentinel,round_win = game_pnl > 0 (decisive only),COMPATIBILITY_ONLY_NOT_PRODUCTION,41482.8302,37695.3747,481.4946,2758,2236,-0.01160708,-0.15915119,-0.01126008,-0.01160708,-481.4946,41482.8302,OK,0.0000,19.2598,4.0000,96.0000,AG03-UNRESOLVED,ALL5_LEVELS_bet23_to_bet27,19.2598,19.2598,19.2598,24.0747,24.0747,4.000000,4.000000,4.000000,5.000000,5.000000,96.000000,96.000000,96.000000,95.000000,95.000000,5.0,105.9288,97.0336,375.5658,384.461,PENDING_AG03,FALSE,NOT_FOR_ENFORCEMENT,462.2348,36187.5597,481.4946,462.2348,19.2598,0.01160708,0.01114280,19.2598,462.2348,0.01114280,19.2598,19.2598,19.2598,24.0747,24.0747,462.2348,0.01114280,105.9288,97.0336,375.5658,384.461,0.00905352,0.00926795,0.00046428,15.0409,16.8584,0.2153,11.7438,0.4291,1011.7763,54.5366,10.8148,15.0547,10.2862,13.088,13.088,26.176,34.6568,52.3519,13.088,-5.1891,2.647988,4.0,1.149216,29,158,24,5,0.00234634,0.01160708,0.15915119,0E-8,0.000000,0.908698,0.000000,-0.14789112,2026-04-14,2026-07-10,41,1122,472,88,0.465909,0.718364,0.719024,0.007821,,,,,,,,GLOBAL_BASELINE_NO_ENTITY_RANKING,,,NOT_APPLICABLE_GLOBAL_BASELINE,HF9g-P5,,,,X 全窗基线 · 不参与实体赏罚,8391736,840,A168_HF9F_20260827_0900,2026-08-27 09:00:00
2026-04-22,142615618,2117,0,10.4703819072,9.9468628118,9.9468628118,1.0000000,1,1,0.50665070000000000,0.506650700000,0.9867858985152569,0.9867858985152569,0.9867858985152569,0E-17,ELIGIBLE,R03b_20260811_FULL_v1,L1_ELIGIBILITY,v2026-08-11,2026-03-21..2026-08-06,baccarat_bet02_101_all_pairs_incl_sentinel,round_win = game_pnl > 0 (decisive only),COMPATIBILITY_ONLY_NOT_PRODUCTION,41482.8302,37695.3747,481.4946,2758,2236,-0.01160708,-0.15915119,-0.01126008,-0.01160708,-481.4946,41482.8302,OK,0.0000,19.2598,4.0000,96.0000,AG03-UNRESOLVED,ALL5_LEVELS_bet23_to_bet27,19.2598,19.2598,19.2598,24.0747,24.0747,4.000000,4.000000,4.000000,5.000000,5.000000,96.000000,96.000000,96.000000,95.000000,95.000000,5.0,105.9288,97.0336,375.5658,384.461,PENDING_AG03,FALSE,NOT_FOR_ENFORCEMENT,462.2348,36187.5597,481.4946,462.2348,19.2598,0.01160708,0.01114280,19.2598,462.2348,0.01114280,19.2598,19.2598,19.2598,24.0747,24.0747,462.2348,0.01114280,105.9288,97.0336,375.5658,384.461,0.00905352,0.00926795,0.00046428,15.0409,16.8584,0.2153,11.7438,0.4291,1011.7763,54.5366,10.8148,15.0547,10.2862,13.088,13.088,26.176,34.6568,52.3519,13.088,-5.1891,2.647988,4.0,1.149216,29,158,24,5,0.00234634,0.01160708,0.15915119,0E-8,0.000000,0.908698,0.000000,-0.14789112,2026-04-14,2026-07-10,41,1122,472,88,0.465909,0.718364,0.719024,0.007821,,,,,,,,GLOBAL_BASELINE_NO_ENTITY_RANKING,,,NOT_APPLICABLE_GLOBAL_BASELINE,HF9g-P5,,,,X 全窗基线 · 不参与实体赏罚,8391737,840,A168_HF9F_20260827_0900,2026-08-27 09:00:00
2026-04-22,142615618,2121,0,321.9642436462,1.9631966076,1.9631966076,0.4285714,17,16,0.49303941875000000,0.488747253125,-0.4824810177023564,-0.4504287217941326,-0.4824810177023564,0.00429216562500000,ELIGIBLE,R03b_20260811_FULL_v1,L1_ELIGIBILITY,v2026-08-11,2026-03-21..2026-08-06,baccarat_bet02_101_all_pairs_incl_sentinel,round_win = game_pnl > 0 (decisive only),COMPATIBILITY_ONLY_NOT_PRODUCTION,41482.8302,37695.3747,481.4946,2758,2236,-0.01160708,-0.15915119,-0.01126008,-0.01160708,-481.4946,41482.8302,OK,0.0000,19.2598,4.0000,96.0000,AG03-UNRESOLVED,ALL5_LEVELS_bet23_to_bet27,19.2598,19.2598,19.2598,24.0747,24.0747,4.000000,4.000000,4.000000,5.000000,5.000000,96.000000,96.000000,96.000000,95.000000,95.000000,5.0,105.9288,97.0336,375.5658,384.461,PENDING_AG03,FALSE,NOT_FOR_ENFORCEMENT,462.2348,36187.5597,481.4946,462.2348,19.2598,0.01160708,0.01114280,19.2598,462.2348,0.01114280,19.2598,19.2598,19.2598,24.0747,24.0747,462.2348,0.01114280,105.9288,97.0336,375.5658,384.461,0.00905352,0.00926795,0.00046428,15.0409,16.8584,0.2153,11.7438,0.4291,1011.7763,54.5366,10.8148,15.0547,10.2862,13.088,13.088,26.176,34.6568,52.3519,13.088,-5.1891,2.647988,4.0,1.149216,29,158,24,5,0.00234634,0.01160708,0.15915119,0E-8,0.000000,0.908698,0.000000,-0.14789112,2026-04-14,2026-07-10,41,1122,472,88,0.465909,0.718364,0.719024,0.007821,,,,,,,,GLOBAL_BASELINE_NO_ENTITY_RANKING,,,NOT_APPLICABLE_GLOBAL_BASELINE,HF9g-P5,,,,X 全窗基线 · 不参与实体赏罚,8391738,840,A168_HF9F_20260827_0900,2026-08-27 09:00:00
2026-04-22,142615618,2127,0,201.5548517134,50.5195927021,50.5195927021,0.6250000,11,9,0.47066725555555556,0.455654466667,0.8745440710860564,0.9617530934571616,0.8745440710860564,0.01501278888855556,ELIGIBLE,R03b_20260811_FULL_v1,L1_ELIGIBILITY,v2026-08-11,2026-03-21..2026-08-06,baccarat_bet02_101_all_pairs_incl_sentinel,round_win = game_pnl > 0 (decisive only),COMPATIBILITY_ONLY_NOT_PRODUCTION,41482.8302,37695.3747,481.4946,2758,2236,-0.01160708,-0.15915119,-0.01126008,-0.01160708,-481.4946,41482.8302,OK,0.0000,19.2598,4.0000,96.0000,AG03-UNRESOLVED,ALL5_LEVELS_bet23_to_bet27,19.2598,19.2598,19.2598,24.0747,24.0747,4.000000,4.000000,4.000000,5.000000,5.000000,96.000000,96.000000,96.000000,95.000000,95.000000,5.0,105.9288,97.0336,375.5658,384.461,PENDING_AG03,FALSE,NOT_FOR_ENFORCEMENT,462.2348,36187.5597,481.4946,462.2348,19.2598,0.01160708,0.01114280,19.2598,462.2348,0.01114280,19.2598,19.2598,19.2598,24.0747,24.0747,462.2348,0.01114280,105.9288,97.0336,375.5658,384.461,0.00905352,0.00926795,0.00046428,15.0409,16.8584,0.2153,11.7438,0.4291,1011.7763,54.5366,10.8148,15.0547,10.2862,13.088,13.088,26.176,34.6568,52.3519,13.088,-5.1891,2.647988,4.0,1.149216,29,158,24,5,0.00234634,0.01160708,0.15915119,0E-8,0.000000,0.908698,0.000000,-0.14789112,2026-04-14,2026-07-10,41,1122,472,88,0.465909,0.718364,0.719024,0.007821,,,,,,,,GLOBAL_BASELINE_NO_ENTITY_RANKING,,,NOT_APPLICABLE_GLOBAL_BASELINE,HF9g-P5,,,,X 全窗基线 · 不参与实体赏罚,8391739,840,A168_HF9F_20260827_0900,2026-08-27 09:00:00
2026-04-22,142615618,2129,0,60.2046959664,18.3231683376,18.3231683376,0.6666667,4,3,0.42680505000000000,0.426805050000,0.8399538622850082,0.8399538622850082,0.8399538622850082,0E-17,ELIGIBLE,R03b_20260811_FULL_v1,L1_ELIGIBILITY,v2026-08-11,2026-03-21..2026-08-06,baccarat_bet02_101_all_pairs_incl_sentinel,round_win = game_pnl > 0 (decisive only),COMPATIBILITY_ONLY_NOT_PRODUCTION,41482.8302,37695.3747,481.4946,2758,2236,-0.01160708,-0.15915119,-0.01126008,-0.01160708,-481.4946,41482.8302,OK,0.0000,19.2598,4.0000,96.0000,AG03-UNRESOLVED,ALL5_LEVELS_bet23_to_bet27,19.2598,19.2598,19.2598,24.0747,24.0747,4.000000,4.000000,4.000000,5.000000,5.000000,96.000000,96.000000,96.000000,95.000000,95.000000,5.0,105.9288,97.0336,375.5658,384.461,PENDING_AG03,FALSE,NOT_FOR_ENFORCEMENT,462.2348,36187.5597,481.4946,462.2348,19.2598,0.01160708,0.01114280,19.2598,462.2348,0.01114280,19.2598,19.2598,19.2598,24.0747,24.0747,462.2348,0.01114280,105.9288,97.0336,375.5658,384.461,0.00905352,0.00926795,0.00046428,15.0409,16.8584,0.2153,11.7438,0.4291,1011.7763,54.5366,10.8148,15.0547,10.2862,13.088,13.088,26.176,34.6568,52.3519,13.088,-5.1891,2.647988,4.0,1.149216,29,158,24,5,0.00234634,0.01160708,0.15915119,0E-8,0.000000,0.908698,0.000000,-0.14789112,2026-04-14,2026-07-10,41,1122,472,88,0.465909,0.718364,0.719024,0.007821,,,,,,,,GLOBAL_BASELINE_NO_ENTITY_RANKING,,,NOT_APPLICABLE_GLOBAL_BASELINE,HF9g-P5,,,,X 全窗基线 · 不参与实体赏罚,8391740,840,A168_HF9F_20260827_0900,2026-08-27 09:00:00
2026-04-22,142615618,2134,0,5.2351909536,4.9734314059,4.9734314059,1.0000000,1,1,0.50665070000000000,0.506650700000,0.9867858985152569,0.9867858985152569,0.9867858985152569,0E-17,ELIGIBLE,R03b_20260811_FULL_v1,L1_ELIGIBILITY,v2026-08-11,2026-03-21..2026-08-06,baccarat_bet02_101_all_pairs_incl_sentinel,round_win = game_pnl > 0 (decisive only),COMPATIBILITY_ONLY_NOT_PRODUCTION,41482.8302,37695.3747,481.4946,2758,2236,-0.01160708,-0.15915119,-0.01126008,-0.01160708,-481.4946,41482.8302,OK,0.0000,19.2598,4.0000,96.0000,AG03-UNRESOLVED,ALL5_LEVELS_bet23_to_bet27,19.2598,19.2598,19.2598,24.0747,24.0747,4.000000,4.000000,4.000000,5.000000,5.000000,96.000000,96.000000,96.000000,95.000000,95.000000,5.0,105.9288,97.0336,375.5658,384.461,PENDING_AG03,FALSE,NOT_FOR_ENFORCEMENT,462.2348,36187.5597,481.4946,462.2348,19.2598,0.01160708,0.01114280,19.2598,462.2348,0.01114280,19.2598,19.2598,19.2598,24.0747,24.0747,462.2348,0.01114280,105.9288,97.0336,375.5658,384.461,0.00905352,0.00926795,0.00046428,15.0409,16.8584,0.2153,11.7438,0.4291,1011.7763,54.5366,10.8148,15.0547,10.2862,13.088,13.088,26.176,34.6568,52.3519,13.088,-5.1891,2.647988,4.0,1.149216,29,158,24,5,0.00234634,0.01160708,0.15915119,0E-8,0.000000,0.908698,0.000000,-0.14789112,2026-04-14,2026-07-10,41,1122,472,88,0.465909,0.718364,0.719024,0.007821,,,,,,,,GLOBAL_BASELINE_NO_ENTITY_RANKING,,,NOT_APPLICABLE_GLOBAL_BASELINE,HF9g-P5,,,,X 全窗基线 · 不参与实体赏罚,8391741,840,A168_HF9F_20260827_0900,2026-08-27 09:00:00
2026-04-22,142615618,2141,0,83.7630552575,-31.4111457215,-31.4111457215,0.5000000,5,4,0.46812232142857143,0.446766462500,0.12777065630847842,0.21415133730183603,0.12777065630847842,0.02135585892857143,ELIGIBLE,R03b_20260811_FULL_v1,L1_ELIGIBILITY,v2026-08-11,2026-03-21..2026-08-06,baccarat_bet02_101_all_pairs_incl_sentinel,round_win = game_pnl > 0 (decisive only),COMPATIBILITY_ONLY_NOT_PRODUCTION,41482.8302,37695.3747,481.4946,2758,2236,-0.01160708,-0.15915119,-0.01126008,-0.01160708,-481.4946,41482.8302,OK,0.0000,19.2598,4.0000,96.0000,AG03-UNRESOLVED,ALL5_LEVELS_bet23_to_bet27,19.2598,19.2598,19.2598,24.0747,24.0747,4.000000,4.000000,4.000000,5.000000,5.000000,96.000000,96.000000,96.000000,95.000000,95.000000,5.0,105.9288,97.0336,375.5658,384.461,PENDING_AG03,FALSE,NOT_FOR_ENFORCEMENT,462.2348,36187.5597,481.4946,462.2348,19.2598,0.01160708,0.01114280,19.2598,462.2348,0.01114280,19.2598,19.2598,19.2598,24.0747,24.0747,462.2348,0.01114280,105.9288,97.0336,375.5658,384.461,0.00905352,0.00926795,0.00046428,15.0409,16.8584,0.2153,11.7438,0.4291,1011.7763,54.5366,10.8148,15.0547,10.2862,13.088,13.088,26.176,34.6568,52.3519,13.088,-5.1891,2.647988,4.0,1.149216,29,158,24,5,0.00234634,0.01160708,0.15915119,0E-8,0.000000,0.908698,0.000000,-0.14789112,2026-04-14,2026-07-10,41,1122,472,88,0.465909,0.718364,0.719024,0.007821,,,,,,,,GLOBAL_BASELINE_NO_ENTITY_RANKING,,,NOT_APPLICABLE_GLOBAL_BASELINE,HF9g-P5,,,,X 全窗基线 · 不参与实体赏罚,8391742,840,A168_HF9F_20260827_0900,2026-08-27 09:00:00
2026-04-22,142615618,2153,0,99.4686281184,-17.1452503731,-17.1452503731,0.5000000,8,6,0.44495342500000000,0.433507650000,0.2215329380960456,0.26835288601385593,0.2215329380960456,0.01144577500000000,ELIGIBLE,R03b_20260811_FULL_v1,L1_ELIGIBILITY,v2026-08-11,2026-03-21..2026-08-06,baccarat_bet02_101_all_pairs_incl_sentinel,round_win = game_pnl > 0 (decisive only),COMPATIBILITY_ONLY_NOT_PRODUCTION,41482.8302,37695.3747,481.4946,2758,2236,-0.01160708,-0.15915119,-0.01126008,-0.01160708,-481.4946,41482.8302,OK,0.0000,19.2598,4.0000,96.0000,AG03-UNRESOLVED,ALL5_LEVELS_bet23_to_bet27,19.2598,19.2598,19.2598,24.0747,24.0747,4.000000,4.000000,4.000000,5.000000,5.000000,96.000000,96.000000,96.000000,95.000000,95.000000,5.0,105.9288,97.0336,375.5658,384.461,PENDING_AG03,FALSE,NOT_FOR_ENFORCEMENT,462.2348,36187.5597,481.4946,462.2348,19.2598,0.01160708,0.01114280,19.2598,462.2348,0.01114280,19.2598,19.2598,19.2598,24.0747,24.0747,462.2348,0.01114280,105.9288,97.0336,375.5658,384.461,0.00905352,0.00926795,0.00046428,15.0409,16.8584,0.2153,11.7438,0.4291,1011.7763,54.5366,10.8148,15.0547,10.2862,13.088,13.088,26.176,34.6568,52.3519,13.088,-5.1891,2.647988,4.0,1.149216,29,158,24,5,0.00234634,0.01160708,0.15915119,0E-8,0.000000,0.908698,0.000000,-0.14789112,2026-04-14,2026-07-10,41,1122,472,88,0.465909,0.718364,0.719024,0.007821,,,,,,,,GLOBAL_BASELINE_NO_ENTITY_RANKING,,,NOT_APPLICABLE_GLOBAL_BASELINE,HF9g-P5,,,,X 全窗基线 · 不参与实体赏罚,8391743,840,A168_HF9F_20260827_0900,2026-08-27 09:00:00
2026-04-22,142615618,2156,0,34.0287411984,-13.6114964794,-13.6114964794,0.5000000,4,2,0.37432449285714286,0.297275450000,0.36725434671392765,0.6272624026875385,0.36725434671392765,0.07704904285714286,ELIGIBLE,R03b_20260811_FULL_v1,L1_ELIGIBILITY,v2026-08-11,2026-03-21..2026-08-06,baccarat_bet02_101_all_pairs_incl_sentinel,round_win = game_pnl > 0 (decisive only),COMPATIBILITY_ONLY_NOT_PRODUCTION,41482.8302,37695.3747,481.4946,2758,2236,-0.01160708,-0.15915119,-0.01126008,-0.01160708,-481.4946,41482.8302,OK,0.0000,19.2598,4.0000,96.0000,AG03-UNRESOLVED,ALL5_LEVELS_bet23_to_bet27,19.2598,19.2598,19.2598,24.0747,24.0747,4.000000,4.000000,4.000000,5.000000,5.000000,96.000000,96.000000,96.000000,95.000000,95.000000,5.0,105.9288,97.0336,375.5658,384.461,PENDING_AG03,FALSE,NOT_FOR_ENFORCEMENT,462.2348,36187.5597,481.4946,462.2348,19.2598,0.01160708,0.01114280,19.2598,462.2348,0.01114280,19.2598,19.2598,19.2598,24.0747,24.0747,462.2348,0.01114280,105.9288,97.0336,375.5658,384.461,0.00905352,0.00926795,0.00046428,15.0409,16.8584,0.2153,11.7438,0.4291,1011.7763,54.5366,10.8148,15.0547,10.2862,13.088,13.088,26.176,34.6568,52.3519,13.088,-5.1891,2.647988,4.0,1.149216,29,158,24,5,0.00234634,0.01160708,0.15915119,0E-8,0.000000,0.908698,0.000000,-0.14789112,2026-04-14,2026-07-10,41,1122,472,88,0.465909,0.718364,0.719024,0.007821,,,,,,,,GLOBAL_BASELINE_NO_ENTITY_RANKING,,,NOT_APPLICABLE_GLOBAL_BASELINE,HF9g-P5,,,,X 全窗基线 · 不参与实体赏罚,8391744,840,A168_HF9F_20260827_0900,2026-08-27 09:00:00
2026-04-22,142615618,2170,0,107.3214145488,30.2332277570,30.2332277570,0.8333333,8,7,0.47936925714285714,0.469558592857,1.7355407651679646,1.7854371182165258,1.7355407651679646,0.00981066428585714,ELIGIBLE,R03b_20260811_FULL_v1,L1_ELIGIBILITY,v2026-08-11,2026-03-21..2026-08-06,baccarat_bet02_101_all_pairs_incl_sentinel,round_win = game_pnl > 0 (decisive only),COMPATIBILITY_ONLY_NOT_PRODUCTION,41482.8302,37695.3747,481.4946,2758,2236,-0.01160708,-0.15915119,-0.01126008,-0.01160708,-481.4946,41482.8302,OK,0.0000,19.2598,4.0000,96.0000,AG03-UNRESOLVED,ALL5_LEVELS_bet23_to_bet27,19.2598,19.2598,19.2598,24.0747,24.0747,4.000000,4.000000,4.000000,5.000000,5.000000,96.000000,96.000000,96.000000,95.000000,95.000000,5.0,105.9288,97.0336,375.5658,384.461,PENDING_AG03,FALSE,NOT_FOR_ENFORCEMENT,462.2348,36187.5597,481.4946,462.2348,19.2598,0.01160708,0.01114280,19.2598,462.2348,0.01114280,19.2598,19.2598,19.2598,24.0747,24.0747,462.2348,0.01114280,105.9288,97.0336,375.5658,384.461,0.00905352,0.00926795,0.00046428,15.0409,16.8584,0.2153,11.7438,0.4291,1011.7763,54.5366,10.8148,15.0547,10.2862,13.088,13.088,26.176,34.6568,52.3519,13.088,-5.1891,2.647988,4.0,1.149216,29,158,24,5,0.00234634,0.01160708,0.15915119,0E-8,0.000000,0.908698,0.000000,-0.14789112,2026-04-14,2026-07-10,41,1122,472,88,0.465909,0.718364,0.719024,0.007821,,,,,,,,GLOBAL_BASELINE_NO_ENTITY_RANKING,,,NOT_APPLICABLE_GLOBAL_BASELINE,HF9g-P5,,,,X 全窗基线 · 不参与实体赏罚,8391745,840,A168_HF9F_20260827_0900,2026-08-27 09:00:00
2026-04-22,142615618,2174,0,117.7917964559,43.8447242363,43.8447242363,0.6666667,8,7,0.48511434285714286,0.475303678571,0.8898155329306945,0.9386290073778156,0.8898155329306945,0.00981066428614286,ELIGIBLE,R03b_20260811_FULL_v1,L1_ELIGIBILITY,v2026-08-11,2026-03-21..2026-08-06,baccarat_bet02_101_all_pairs_incl_sentinel,round_win = game_pnl > 0 (decisive only),COMPATIBILITY_ONLY_NOT_PRODUCTION,41482.8302,37695.3747,481.4946,2758,2236,-0.01160708,-0.15915119,-0.01126008,-0.01160708,-481.4946,41482.8302,OK,0.0000,19.2598,4.0000,96.0000,AG03-UNRESOLVED,ALL5_LEVELS_bet23_to_bet27,19.2598,19.2598,19.2598,24.0747,24.0747,4.000000,4.000000,4.000000,5.000000,5.000000,96.000000,96.000000,96.000000,95.000000,95.000000,5.0,105.9288,97.0336,375.5658,384.461,PENDING_AG03,FALSE,NOT_FOR_ENFORCEMENT,462.2348,36187.5597,481.4946,462.2348,19.2598,0.01160708,0.01114280,19.2598,462.2348,0.01114280,19.2598,19.2598,19.2598,24.0747,24.0747,462.2348,0.01114280,105.9288,97.0336,375.5658,384.461,0.00905352,0.00926795,0.00046428,15.0409,16.8584,0.2153,11.7438,0.4291,1011.7763,54.5366,10.8148,15.0547,10.2862,13.088,13.088,26.176,34.6568,52.3519,13.088,-5.1891,2.647988,4.0,1.149216,29,158,24,5,0.00234634,0.01160708,0.15915119,0E-8,0.000000,0.908698,0.000000,-0.14789112,2026-04-14,2026-07-10,41,1122,472,88,0.465909,0.718364,0.719024,0.007821,,,,,,,,GLOBAL_BASELINE_NO_ENTITY_RANKING,,,NOT_APPLICABLE_GLOBAL_BASELINE,HF9g-P5,,,,X 全窗基线 · 不参与实体赏罚,8391746,840,A168_HF9F_20260827_0900,2026-08-27 09:00:00
2026-04-22,142615618,2175,0,54.9695050127,-29.4479491139,-29.4479491139,0.3333333,3,3,0.36930140000000000,0.369301400000,-0.12908515820983488,-0.12908515820983488,-0.12908515820983488,0E-17,ELIGIBLE,R03b_20260811_FULL_v1,L1_ELIGIBILITY,v2026-08-11,2026-03-21..2026-08-06,baccarat_bet02_101_all_pairs_incl_sentinel,round_win = game_pnl > 0 (decisive only),COMPATIBILITY_ONLY_NOT_PRODUCTION,41482.8302,37695.3747,481.4946,2758,2236,-0.01160708,-0.15915119,-0.01126008,-0.01160708,-481.4946,41482.8302,OK,0.0000,19.2598,4.0000,96.0000,AG03-UNRESOLVED,ALL5_LEVELS_bet23_to_bet27,19.2598,19.2598,19.2598,24.0747,24.0747,4.000000,4.000000,4.000000,5.000000,5.000000,96.000000,96.000000,96.000000,95.000000,95.000000,5.0,105.9288,97.0336,375.5658,384.461,PENDING_AG03,FALSE,NOT_FOR_ENFORCEMENT,462.2348,36187.5597,481.4946,462.2348,19.2598,0.01160708,0.01114280,19.2598,462.2348,0.01114280,19.2598,19.2598,19.2598,24.0747,24.0747,462.2348,0.01114280,105.9288,97.0336,375.5658,384.461,0.00905352,0.00926795,0.00046428,15.0409,16.8584,0.2153,11.7438,0.4291,1011.7763,54.5366,10.8148,15.0547,10.2862,13.088,13.088,26.176,34.6568,52.3519,13.088,-5.1891,2.647988,4.0,1.149216,29,158,24,5,0.00234634,0.01160708,0.15915119,0E-8,0.000000,0.908698,0.000000,-0.14789112,2026-04-14,2026-07-10,41,1122,472,88,0.465909,0.718364,0.719024,0.007821,,,,,,,,GLOBAL_BASELINE_NO_ENTITY_RANKING,,,NOT_APPLICABLE_GLOBAL_BASELINE,HF9g-P5,,,,X 全窗基线 · 不参与实体赏罚,8391747,840,A168_HF9F_20260827_0900,2026-08-27 09:00:00
2026-04-22,142615618,2177,0,60.2046959664,-34.6831400676,-34.6831400676,0.2500000,5,4,0.45922404687500000,0.446766462500,-0.8396931248291597,-0.7915649242834288,-0.8396931248291597,0.01245758437500000,ELIGIBLE,R03b_20260811_FULL_v1,L1_ELIGIBILITY,v2026-08-11,2026-03-21..2026-08-06,baccarat_bet02_101_all_pairs_incl_sentinel,round_win = game_pnl > 0 (decisive only),COMPATIBILITY_ONLY_NOT_PRODUCTION,41482.8302,37695.3747,481.4946,2758,2236,-0.01160708,-0.15915119,-0.01126008,-0.01160708,-481.4946,41482.8302,OK,0.0000,19.2598,4.0000,96.0000,AG03-UNRESOLVED,ALL5_LEVELS_bet23_to_bet27,19.2598,19.2598,19.2598,24.0747,24.0747,4.000000,4.000000,4.000000,5.000000,5.000000,96.000000,96.000000,96.000000,95.000000,95.000000,5.0,105.9288,97.0336,375.5658,384.461,PENDING_AG03,FALSE,NOT_FOR_ENFORCEMENT,462.2348,36187.5597,481.4946,462.2348,19.2598,0.01160708,0.01114280,19.2598,462.2348,0.01114280,19.2598,19.2598,19.2598,24.0747,24.0747,462.2348,0.01114280,105.9288,97.0336,375.5658,384.461,0.00905352,0.00926795,0.00046428,15.0409,16.8584,0.2153,11.7438,0.4291,1011.7763,54.5366,10.8148,15.0547,10.2862,13.088,13.088,26.176,34.6568,52.3519,13.088,-5.1891,2.647988,4.0,1.149216,29,158,24,5,0.00234634,0.01160708,0.15915119,0E-8,0.000000,0.908698,0.000000,-0.14789112,2026-04-14,2026-07-10,41,1122,472,88,0.465909,0.718364,0.719024,0.007821,,,,,,,,GLOBAL_BASELINE_NO_ENTITY_RANKING,,,NOT_APPLICABLE_GLOBAL_BASELINE,HF9g-P5,,,,X 全窗基线 · 不参与实体赏罚,8391748,840,A168_HF9F_20260827_0900,2026-08-27 09:00:00
2026-04-22,142615618,2188,0,214.6428290975,98.1598303799,98.1598303799,0.6250000,9,8,0.48355645357142857,0.472519456250,0.8005585702146345,0.8638659477537719,0.8005585702146345,0.01103699732142857,ELIGIBLE,R03b_20260811_FULL_v1,L1_ELIGIBILITY,v2026-08-11,2026-03-21..2026-08-06,baccarat_bet02_101_all_pairs_incl_sentinel,round_win = game_pnl > 0 (decisive only),COMPATIBILITY_ONLY_NOT_PRODUCTION,41482.8302,37695.3747,481.4946,2758,2236,-0.01160708,-0.15915119,-0.01126008,-0.01160708,-481.4946,41482.8302,OK,0.0000,19.2598,4.0000,96.0000,AG03-UNRESOLVED,ALL5_LEVELS_bet23_to_bet27,19.2598,19.2598,19.2598,24.0747,24.0747,4.000000,4.000000,4.000000,5.000000,5.000000,96.000000,96.000000,96.000000,95.000000,95.000000,5.0,105.9288,97.0336,375.5658,384.461,PENDING_AG03,FALSE,NOT_FOR_ENFORCEMENT,462.2348,36187.5597,481.4946,462.2348,19.2598,0.01160708,0.01114280,19.2598,462.2348,0.01114280,19.2598,19.2598,19.2598,24.0747,24.0747,462.2348,0.01114280,105.9288,97.0336,375.5658,384.461,0.00905352,0.00926795,0.00046428,15.0409,16.8584,0.2153,11.7438,0.4291,1011.7763,54.5366,10.8148,15.0547,10.2862,13.088,13.088,26.176,34.6568,52.3519,13.088,-5.1891,2.647988,4.0,1.149216,29,158,24,5,0.00234634,0.01160708,0.15915119,0E-8,0.000000,0.908698,0.000000,-0.14789112,2026-04-14,2026-07-10,41,1122,472,88,0.465909,0.718364,0.719024,0.007821,,,,,,,,GLOBAL_BASELINE_NO_ENTITY_RANKING,,,NOT_APPLICABLE_GLOBAL_BASELINE,HF9g-P5,,,,X 全窗基线 · 不参与实体赏罚,8391749,840,A168_HF9F_20260827_0900,2026-08-27 09:00:00
2026-04-22,142615618,2220,0,31.4111457216,30.7567468524,30.7567468524,1.0000000,2,2,0.49994810000000000,0.499948100000,1.4143603653603398,1.4143603653603398,1.4143603653603398,0E-17,ELIGIBLE,R03b_20260811_FULL_v1,L1_ELIGIBILITY,v2026-08-11,2026-03-21..2026-08-06,baccarat_bet02_101_all_pairs_incl_sentinel,round_win = game_pnl > 0 (decisive only),COMPATIBILITY_ONLY_NOT_PRODUCTION,41482.8302,37695.3747,481.4946,2758,2236,-0.01160708,-0.15915119,-0.01126008,-0.01160708,-481.4946,41482.8302,OK,0.0000,19.2598,4.0000,96.0000,AG03-UNRESOLVED,ALL5_LEVELS_bet23_to_bet27,19.2598,19.2598,19.2598,24.0747,24.0747,4.000000,4.000000,4.000000,5.000000,5.000000,96.000000,96.000000,96.000000,95.000000,95.000000,5.0,105.9288,97.0336,375.5658,384.461,PENDING_AG03,FALSE,NOT_FOR_ENFORCEMENT,462.2348,36187.5597,481.4946,462.2348,19.2598,0.01160708,0.01114280,19.2598,462.2348,0.01114280,19.2598,19.2598,19.2598,24.0747,24.0747,462.2348,0.01114280,105.9288,97.0336,375.5658,384.461,0.00905352,0.00926795,0.00046428,15.0409,16.8584,0.2153,11.7438,0.4291,1011.7763,54.5366,10.8148,15.0547,10.2862,13.088,13.088,26.176,34.6568,52.3519,13.088,-5.1891,2.647988,4.0,1.149216,29,158,24,5,0.00234634,0.01160708,0.15915119,0E-8,0.000000,0.908698,0.000000,-0.14789112,2026-04-14,2026-07-10,41,1122,472,88,0.465909,0.718364,0.719024,0.007821,,,,,,,,GLOBAL_BASELINE_NO_ENTITY_RANKING,,,NOT_APPLICABLE_GLOBAL_BASELINE,HF9g-P5,,,,X 全窗基线 · 不参与实体赏罚,8391750,840,A168_HF9F_20260827_0900,2026-08-27 09:00:00
2026-04-22,142615618,2222,0,13.0879773840,-13.0879773840,-13.0879773840,0E-7,1,1,0.50665070000000000,0.506650700000,-1.013391052207602,-1.013391052207602,-1.013391052207602,0E-17,ELIGIBLE,R03b_20260811_FULL_v1,L1_ELIGIBILITY,v2026-08-11,2026-03-21..2026-08-06,baccarat_bet02_101_all_pairs_incl_sentinel,round_win = game_pnl > 0 (decisive only),COMPATIBILITY_ONLY_NOT_PRODUCTION,41482.8302,37695.3747,481.4946,2758,2236,-0.01160708,-0.15915119,-0.01126008,-0.01160708,-481.4946,41482.8302,OK,0.0000,19.2598,4.0000,96.0000,AG03-UNRESOLVED,ALL5_LEVELS_bet23_to_bet27,19.2598,19.2598,19.2598,24.0747,24.0747,4.000000,4.000000,4.000000,5.000000,5.000000,96.000000,96.000000,96.000000,95.000000,95.000000,5.0,105.9288,97.0336,375.5658,384.461,PENDING_AG03,FALSE,NOT_FOR_ENFORCEMENT,462.2348,36187.5597,481.4946,462.2348,19.2598,0.01160708,0.01114280,19.2598,462.2348,0.01114280,19.2598,19.2598,19.2598,24.0747,24.0747,462.2348,0.01114280,105.9288,97.0336,375.5658,384.461,0.00905352,0.00926795,0.00046428,15.0409,16.8584,0.2153,11.7438,0.4291,1011.7763,54.5366,10.8148,15.0547,10.2862,13.088,13.088,26.176,34.6568,52.3519,13.088,-5.1891,2.647988,4.0,1.149216,29,158,24,5,0.00234634,0.01160708,0.15915119,0E-8,0.000000,0.908698,0.000000,-0.14789112,2026-04-14,2026-07-10,41,1122,472,88,0.465909,0.718364,0.719024,0.007821,,,,,,,,GLOBAL_BASELINE_NO_ENTITY_RANKING,,,NOT_APPLICABLE_GLOBAL_BASELINE,HF9g-P5,,,,X 全窗基线 · 不参与实体赏罚,8391751,840,A168_HF9F_20260827_0900,2026-08-27 09:00:00
2026-04-22,142615618,2229,0,439.7560401021,29.7097086615,29.7097086615,0.5000000,22,17,0.46340810504201681,0.439747091176,0.29352224804060917,0.48556174303644317,0.29352224804060917,0.02366101386601681,ELIGIBLE,R03b_20260811_FULL_v1,L1_ELIGIBILITY,v2026-08-11,2026-03-21..2026-08-06,baccarat_bet02_101_all_pairs_incl_sentinel,round_win = game_pnl > 0 (decisive only),COMPATIBILITY_ONLY_NOT_PRODUCTION,41482.8302,37695.3747,481.4946,2758,2236,-0.01160708,-0.15915119,-0.01126008,-0.01160708,-481.4946,41482.8302,OK,0.0000,19.2598,4.0000,96.0000,AG03-UNRESOLVED,ALL5_LEVELS_bet23_to_bet27,19.2598,19.2598,19.2598,24.0747,24.0747,4.000000,4.000000,4.000000,5.000000,5.000000,96.000000,96.000000,96.000000,95.000000,95.000000,5.0,105.9288,97.0336,375.5658,384.461,PENDING_AG03,FALSE,NOT_FOR_ENFORCEMENT,462.2348,36187.5597,481.4946,462.2348,19.2598,0.01160708,0.01114280,19.2598,462.2348,0.01114280,19.2598,19.2598,19.2598,24.0747,24.0747,462.2348,0.01114280,105.9288,97.0336,375.5658,384.461,0.00905352,0.00926795,0.00046428,15.0409,16.8584,0.2153,11.7438,0.4291,1011.7763,54.5366,10.8148,15.0547,10.2862,13.088,13.088,26.176,34.6568,52.3519,13.088,-5.1891,2.647988,4.0,1.149216,29,158,24,5,0.00234634,0.01160708,0.15915119,0E-8,0.000000,0.908698,0.000000,-0.14789112,2026-04-14,2026-07-10,41,1122,472,88,0.465909,0.718364,0.719024,0.007821,,,,,,,,GLOBAL_BASELINE_NO_ENTITY_RANKING,,,NOT_APPLICABLE_GLOBAL_BASELINE,HF9g-P5,,,,X 全窗基线 · 不参与实体赏罚,8391752,840,A168_HF9F_20260827_0900,2026-08-27 09:00:00
2026-04-22,142615618,2234,0,26.1759547680,24.8671570296,24.8671570296,1.0000000,1,1,0.50665070000000000,0.506650700000,0.9867858985152569,0.9867858985152569,0.9867858985152569,0E-17,ELIGIBLE,R03b_20260811_FULL_v1,L1_ELIGIBILITY,v2026-08-11,2026-03-21..2026-08-06,baccarat_bet02_101_all_pairs_incl_sentinel,round_win = game_pnl > 0 (decisive only),COMPATIBILITY_ONLY_NOT_PRODUCTION,41482.8302,37695.3747,481.4946,2758,2236,-0.01160708,-0.15915119,-0.01126008,-0.01160708,-481.4946,41482.8302,OK,0.0000,19.2598,4.0000,96.0000,AG03-UNRESOLVED,ALL5_LEVELS_bet23_to_bet27,19.2598,19.2598,19.2598,24.0747,24.0747,4.000000,4.000000,4.000000,5.000000,5.000000,96.000000,96.000000,96.000000,95.000000,95.000000,5.0,105.9288,97.0336,375.5658,384.461,PENDING_AG03,FALSE,NOT_FOR_ENFORCEMENT,462.2348,36187.5597,481.4946,462.2348,19.2598,0.01160708,0.01114280,19.2598,462.2348,0.01114280,19.2598,19.2598,19.2598,24.0747,24.0747,462.2348,0.01114280,105.9288,97.0336,375.5658,384.461,0.00905352,0.00926795,0.00046428,15.0409,16.8584,0.2153,11.7438,0.4291,1011.7763,54.5366,10.8148,15.0547,10.2862,13.088,13.088,26.176,34.6568,52.3519,13.088,-5.1891,2.647988,4.0,1.149216,29,158,24,5,0.00234634,0.01160708,0.15915119,0E-8,0.000000,0.908698,0.000000,-0.14789112,2026-04-14,2026-07-10,41,1122,472,88,0.465909,0.718364,0.719024,0.007821,,,,,,,,GLOBAL_BASELINE_NO_ENTITY_RANKING,,,NOT_APPLICABLE_GLOBAL_BASELINE,HF9g-P5,,,,X 全窗基线 · 不参与实体赏罚,8391753,840,A168_HF9F_20260827_0900,2026-08-27 09:00:00
2026-04-22,142615618,2235,0,128.2621783632,63.8693296339,63.8693296339,0.7142857,8,7,0.48590970000000000,0.469558592857,1.2089324083154844,1.2973809491556678,1.2089324083154844,0.01635110714300000,ELIGIBLE,R03b_20260811_FULL_v1,L1_ELIGIBILITY,v2026-08-11,2026-03-21..2026-08-06,baccarat_bet02_101_all_pairs_incl_sentinel,round_win = game_pnl > 0 (decisive only),COMPATIBILITY_ONLY_NOT_PRODUCTION,41482.8302,37695.3747,481.4946,2758,2236,-0.01160708,-0.15915119,-0.01126008,-0.01160708,-481.4946,41482.8302,OK,0.0000,19.2598,4.0000,96.0000,AG03-UNRESOLVED,ALL5_LEVELS_bet23_to_bet27,19.2598,19.2598,19.2598,24.0747,24.0747,4.000000,4.000000,4.000000,5.000000,5.000000,96.000000,96.000000,96.000000,95.000000,95.000000,5.0,105.9288,97.0336,375.5658,384.461,PENDING_AG03,FALSE,NOT_FOR_ENFORCEMENT,462.2348,36187.5597,481.4946,462.2348,19.2598,0.01160708,0.01114280,19.2598,462.2348,0.01114280,19.2598,19.2598,19.2598,24.0747,24.0747,462.2348,0.01114280,105.9288,97.0336,375.5658,384.461,0.00905352,0.00926795,0.00046428,15.0409,16.8584,0.2153,11.7438,0.4291,1011.7763,54.5366,10.8148,15.0547,10.2862,13.088,13.088,26.176,34.6568,52.3519,13.088,-5.1891,2.647988,4.0,1.149216,29,158,24,5,0.00234634,0.01160708,0.15915119,0E-8,0.000000,0.908698,0.000000,-0.14789112,2026-04-14,2026-07-10,41,1122,472,88,0.465909,0.718364,0.719024,0.007821,,,,,,,,GLOBAL_BASELINE_NO_ENTITY_RANKING,,,NOT_APPLICABLE_GLOBAL_BASELINE,HF9g-P5,,,,X 全窗基线 · 不参与实体赏罚,8391754,840,A168_HF9F_20260827_0900,2026-08-27 09:00:00
2026-04-22,142615618,2239,0,49.7343140592,-23.5583592912,-23.5583592912,0.3333333,3,3,0.49771390000000000,0.497713900000,-0.5694369385616226,-0.5694369385616226,-0.5694369385616226,0E-17,ELIGIBLE,R03b_20260811_FULL_v1,L1_ELIGIBILITY,v2026-08-11,2026-03-21..2026-08-06,baccarat_bet02_101_all_pairs_incl_sentinel,round_win = game_pnl > 0 (decisive only),COMPATIBILITY_ONLY_NOT_PRODUCTION,41482.8302,37695.3747,481.4946,2758,2236,-0.01160708,-0.15915119,-0.01126008,-0.01160708,-481.4946,41482.8302,OK,0.0000,19.2598,4.0000,96.0000,AG03-UNRESOLVED,ALL5_LEVELS_bet23_to_bet27,19.2598,19.2598,19.2598,24.0747,24.0747,4.000000,4.000000,4.000000,5.000000,5.000000,96.000000,96.000000,96.000000,95.000000,95.000000,5.0,105.9288,97.0336,375.5658,384.461,PENDING_AG03,FALSE,NOT_FOR_ENFORCEMENT,462.2348,36187.5597,481.4946,462.2348,19.2598,0.01160708,0.01114280,19.2598,462.2348,0.01114280,19.2598,19.2598,19.2598,24.0747,24.0747,462.2348,0.01114280,105.9288,97.0336,375.5658,384.461,0.00905352,0.00926795,0.00046428,15.0409,16.8584,0.2153,11.7438,0.4291,1011.7763,54.5366,10.8148,15.0547,10.2862,13.088,13.088,26.176,34.6568,52.3519,13.088,-5.1891,2.647988,4.0,1.149216,29,158,24,5,0.00234634,0.01160708,0.15915119,0E-8,0.000000,0.908698,0.000000,-0.14789112,2026-04-14,2026-07-10,41,1122,472,88,0.465909,0.718364,0.719024,0.007821,,,,,,,,GLOBAL_BASELINE_NO_ENTITY_RANKING,,,NOT_APPLICABLE_GLOBAL_BASELINE,HF9g-P5,,,,X 全窗基线 · 不参与实体赏罚,8391755,840,A168_HF9F_20260827_0900,2026-08-27 09:00:00
2026-04-22,142615618,2242,0,99.4686281184,63.4766903123,63.4766903123,0.5714286,8,7,0.42385546938775510,0.411652121429,0.7900991760176048,0.8589729995522323,0.7900991760176048,0.01220334795875510,ELIGIBLE,R03b_20260811_FULL_v1,L1_ELIGIBILITY,v2026-08-11,2026-03-21..2026-08-06,baccarat_bet02_101_all_pairs_incl_sentinel,round_win = game_pnl > 0 (decisive only),COMPATIBILITY_ONLY_NOT_PRODUCTION,41482.8302,37695.3747,481.4946,2758,2236,-0.01160708,-0.15915119,-0.01126008,-0.01160708,-481.4946,41482.8302,OK,0.0000,19.2598,4.0000,96.0000,AG03-UNRESOLVED,ALL5_LEVELS_bet23_to_bet27,19.2598,19.2598,19.2598,24.0747,24.0747,4.000000,4.000000,4.000000,5.000000,5.000000,96.000000,96.000000,96.000000,95.000000,95.000000,5.0,105.9288,97.0336,375.5658,384.461,PENDING_AG03,FALSE,NOT_FOR_ENFORCEMENT,462.2348,36187.5597,481.4946,462.2348,19.2598,0.01160708,0.01114280,19.2598,462.2348,0.01114280,19.2598,19.2598,19.2598,24.0747,24.0747,462.2348,0.01114280,105.9288,97.0336,375.5658,384.461,0.00905352,0.00926795,0.00046428,15.0409,16.8584,0.2153,11.7438,0.4291,1011.7763,54.5366,10.8148,15.0547,10.2862,13.088,13.088,26.176,34.6568,52.3519,13.088,-5.1891,2.647988,4.0,1.149216,29,158,24,5,0.00234634,0.01160708,0.15915119,0E-8,0.000000,0.908698,0.000000,-0.14789112,2026-04-14,2026-07-10,41,1122,472,88,0.465909,0.718364,0.719024,0.007821,,,,,,,,GLOBAL_BASELINE_NO_ENTITY_RANKING,,,NOT_APPLICABLE_GLOBAL_BASELINE,HF9g-P5,,,,X 全窗基线 · 不参与实体赏罚,8391756,840,A168_HF9F_20260827_0900,2026-08-27 09:00:00
2026-04-22,142615618,2252,0,91.6158416880,-40.5727298904,-40.5727298904,0.2500000,6,4,0.42653027500000000,0.403638725000,-0.7138698078169633,-0.6262958875095587,-0.7138698078169633,0.02289155000000000,ELIGIBLE,R03b_20260811_FULL_v1,L1_ELIGIBILITY,v2026-08-11,2026-03-21..2026-08-06,baccarat_bet02_101_all_pairs_incl_sentinel,round_win = game_pnl > 0 (decisive only),COMPATIBILITY_ONLY_NOT_PRODUCTION,41482.8302,37695.3747,481.4946,2758,2236,-0.01160708,-0.15915119,-0.01126008,-0.01160708,-481.4946,41482.8302,OK,0.0000,19.2598,4.0000,96.0000,AG03-UNRESOLVED,ALL5_LEVELS_bet23_to_bet27,19.2598,19.2598,19.2598,24.0747,24.0747,4.000000,4.000000,4.000000,5.000000,5.000000,96.000000,96.000000,96.000000,95.000000,95.000000,5.0,105.9288,97.0336,375.5658,384.461,PENDING_AG03,FALSE,NOT_FOR_ENFORCEMENT,462.2348,36187.5597,481.4946,462.2348,19.2598,0.01160708,0.01114280,19.2598,462.2348,0.01114280,19.2598,19.2598,19.2598,24.0747,24.0747,462.2348,0.01114280,105.9288,97.0336,375.5658,384.461,0.00905352,0.00926795,0.00046428,15.0409,16.8584,0.2153,11.7438,0.4291,1011.7763,54.5366,10.8148,15.0547,10.2862,13.088,13.088,26.176,34.6568,52.3519,13.088,-5.1891,2.647988,4.0,1.149216,29,158,24,5,0.00234634,0.01160708,0.15915119,0E-8,0.000000,0.908698,0.000000,-0.14789112,2026-04-14,2026-07-10,41,1122,472,88,0.465909,0.718364,0.719024,0.007821,,,,,,,,GLOBAL_BASELINE_NO_ENTITY_RANKING,,,NOT_APPLICABLE_GLOBAL_BASELINE,HF9g-P5,,,,X 全窗基线 · 不参与实体赏罚,8391757,840,A168_HF9F_20260827_0900,2026-08-27 09:00:00
2026-04-22,142615618,2254,0,23.5583592912,-23.5583592912,-23.5583592912,0E-7,3,2,0.39358482500000000,0.393584825000,-1.1393289695942557,-1.1393289695942557,-1.1393289695942557,0E-17,ELIGIBLE,R03b_20260811_FULL_v1,L1_ELIGIBILITY,v2026-08-11,2026-03-21..2026-08-06,baccarat_bet02_101_all_pairs_incl_sentinel,round_win = game_pnl > 0 (decisive only),COMPATIBILITY_ONLY_NOT_PRODUCTION,41482.8302,37695.3747,481.4946,2758,2236,-0.01160708,-0.15915119,-0.01126008,-0.01160708,-481.4946,41482.8302,OK,0.0000,19.2598,4.0000,96.0000,AG03-UNRESOLVED,ALL5_LEVELS_bet23_to_bet27,19.2598,19.2598,19.2598,24.0747,24.0747,4.000000,4.000000,4.000000,5.000000,5.000000,96.000000,96.000000,96.000000,95.000000,95.000000,5.0,105.9288,97.0336,375.5658,384.461,PENDING_AG03,FALSE,NOT_FOR_ENFORCEMENT,462.2348,36187.5597,481.4946,462.2348,19.2598,0.01160708,0.01114280,19.2598,462.2348,0.01114280,19.2598,19.2598,19.2598,24.0747,24.0747,462.2348,0.01114280,105.9288,97.0336,375.5658,384.461,0.00905352,0.00926795,0.00046428,15.0409,16.8584,0.2153,11.7438,0.4291,1011.7763,54.5366,10.8148,15.0547,10.2862,13.088,13.088,26.176,34.6568,52.3519,13.088,-5.1891,2.647988,4.0,1.149216,29,158,24,5,0.00234634,0.01160708,0.15915119,0E-8,0.000000,0.908698,0.000000,-0.14789112,2026-04-14,2026-07-10,41,1122,472,88,0.465909,0.718364,0.719024,0.007821,,,,,,,,GLOBAL_BASELINE_NO_ENTITY_RANKING,,,NOT_APPLICABLE_GLOBAL_BASELINE,HF9g-P5,,,,X 全窗基线 · 不参与实体赏罚,8391758,840,A168_HF9F_20260827_0900,2026-08-27 09:00:00
2026-04-22,142615618,2256,0,26.1759547680,-26.1759547680,-26.1759547680,0E-7,1,1,0.50665070000000000,0.506650700000,-1.013391052207602,-1.013391052207602,-1.013391052207602,0E-17,ELIGIBLE,R03b_20260811_FULL_v1,L1_ELIGIBILITY,v2026-08-11,2026-03-21..2026-08-06,baccarat_bet02_101_all_pairs_incl_sentinel,round_win = game_pnl > 0 (decisive only),COMPATIBILITY_ONLY_NOT_PRODUCTION,41482.8302,37695.3747,481.4946,2758,2236,-0.01160708,-0.15915119,-0.01126008,-0.01160708,-481.4946,41482.8302,OK,0.0000,19.2598,4.0000,96.0000,AG03-UNRESOLVED,ALL5_LEVELS_bet23_to_bet27,19.2598,19.2598,19.2598,24.0747,24.0747,4.000000,4.000000,4.000000,5.000000,5.000000,96.000000,96.000000,96.000000,95.000000,95.000000,5.0,105.9288,97.0336,375.5658,384.461,PENDING_AG03,FALSE,NOT_FOR_ENFORCEMENT,462.2348,36187.5597,481.4946,462.2348,19.2598,0.01160708,0.01114280,19.2598,462.2348,0.01114280,19.2598,19.2598,19.2598,24.0747,24.0747,462.2348,0.01114280,105.9288,97.0336,375.5658,384.461,0.00905352,0.00926795,0.00046428,15.0409,16.8584,0.2153,11.7438,0.4291,1011.7763,54.5366,10.8148,15.0547,10.2862,13.088,13.088,26.176,34.6568,52.3519,13.088,-5.1891,2.647988,4.0,1.149216,29,158,24,5,0.00234634,0.01160708,0.15915119,0E-8,0.000000,0.908698,0.000000,-0.14789112,2026-04-14,2026-07-10,41,1122,472,88,0.465909,0.718364,0.719024,0.007821,,,,,,,,GLOBAL_BASELINE_NO_ENTITY_RANKING,,,NOT_APPLICABLE_GLOBAL_BASELINE,HF9g-P5,,,,X 全窗基线 · 不参与实体赏罚,8391759,840,A168_HF9F_20260827_0900,2026-08-27 09:00:00
2026-04-22,142615618,2258,0,102.0862235952,0E-10,0E-10,0.6000000,8,6,0.44439358928571429,0.430156350000,0.7002368643252135,0.7670846474981677,0.7002368643252135,0.01423723928571429,ELIGIBLE,R03b_20260811_FULL_v1,L1_ELIGIBILITY,v2026-08-11,2026-03-21..2026-08-06,baccarat_bet02_101_all_pairs_incl_sentinel,round_win = game_pnl > 0 (decisive only),COMPATIBILITY_ONLY_NOT_PRODUCTION,41482.8302,37695.3747,481.4946,2758,2236,-0.01160708,-0.15915119,-0.01126008,-0.01160708,-481.4946,41482.8302,OK,0.0000,19.2598,4.0000,96.0000,AG03-UNRESOLVED,ALL5_LEVELS_bet23_to_bet27,19.2598,19.2598,19.2598,24.0747,24.0747,4.000000,4.000000,4.000000,5.000000,5.000000,96.000000,96.000000,96.000000,95.000000,95.000000,5.0,105.9288,97.0336,375.5658,384.461,PENDING_AG03,FALSE,NOT_FOR_ENFORCEMENT,462.2348,36187.5597,481.4946,462.2348,19.2598,0.01160708,0.01114280,19.2598,462.2348,0.01114280,19.2598,19.2598,19.2598,24.0747,24.0747,462.2348,0.01114280,105.9288,97.0336,375.5658,384.461,0.00905352,0.00926795,0.00046428,15.0409,16.8584,0.2153,11.7438,0.4291,1011.7763,54.5366,10.8148,15.0547,10.2862,13.088,13.088,26.176,34.6568,52.3519,13.088,-5.1891,2.647988,4.0,1.149216,29,158,24,5,0.00234634,0.01160708,0.15915119,0E-8,0.000000,0.908698,0.000000,-0.14789112,2026-04-14,2026-07-10,41,1122,472,88,0.465909,0.718364,0.719024,0.007821,,,,,,,,GLOBAL_BASELINE_NO_ENTITY_RANKING,,,NOT_APPLICABLE_GLOBAL_BASELINE,HF9g-P5,,,,X 全窗基线 · 不参与实体赏罚,8391760,840,A168_HF9F_20260827_0900,2026-08-27 09:00:00
2026-04-22,142615618,2266,0,217.5221841220,-51.0431117975,-51.0431117975,0.4285714,15,11,0.40773522029220779,0.389399381818,0.11218134499015625,0.2125440909880615,0.11218134499015625,0.01833583847420779,ELIGIBLE,R03b_20260811_FULL_v1,L1_ELIGIBILITY,v2026-08-11,2026-03-21..2026-08-06,baccarat_bet02_101_all_pairs_incl_sentinel,round_win = game_pnl > 0 (decisive only),COMPATIBILITY_ONLY_NOT_PRODUCTION,41482.8302,37695.3747,481.4946,2758,2236,-0.01160708,-0.15915119,-0.01126008,-0.01160708,-481.4946,41482.8302,OK,0.0000,19.2598,4.0000,96.0000,AG03-UNRESOLVED,ALL5_LEVELS_bet23_to_bet27,19.2598,19.2598,19.2598,24.0747,24.0747,4.000000,4.000000,4.000000,5.000000,5.000000,96.000000,96.000000,96.000000,95.000000,95.000000,5.0,105.9288,97.0336,375.5658,384.461,PENDING_AG03,FALSE,NOT_FOR_ENFORCEMENT,462.2348,36187.5597,481.4946,462.2348,19.2598,0.01160708,0.01114280,19.2598,462.2348,0.01114280,19.2598,19.2598,19.2598,24.0747,24.0747,462.2348,0.01114280,105.9288,97.0336,375.5658,384.461,0.00905352,0.00926795,0.00046428,15.0409,16.8584,0.2153,11.7438,0.4291,1011.7763,54.5366,10.8148,15.0547,10.2862,13.088,13.088,26.176,34.6568,52.3519,13.088,-5.1891,2.647988,4.0,1.149216,29,158,24,5,0.00234634,0.01160708,0.15915119,0E-8,0.000000,0.908698,0.000000,-0.14789112,2026-04-14,2026-07-10,41,1122,472,88,0.465909,0.718364,0.719024,0.007821,,,,,,,,GLOBAL_BASELINE_NO_ENTITY_RANKING,,,NOT_APPLICABLE_GLOBAL_BASELINE,HF9g-P5,,,,X 全窗基线 · 不参与实体赏罚,8391761,840,A168_HF9F_20260827_0900,2026-08-27 09:00:00
2026-04-22,142615618,462,0,10.4703819072,-10.4703819072,-10.4703819072,0E-7,2,1,0.29392415000000000,0.293924150000,-0.6451964315166089,-0.6451964315166089,-0.6451964315166089,0E-17,ELIGIBLE,R03b_20260811_FULL_v1,L1_ELIGIBILITY,v2026-08-11,2026-03-21..2026-08-06,baccarat_bet02_101_all_pairs_incl_sentinel,round_win = game_pnl > 0 (decisive only),COMPATIBILITY_ONLY_NOT_PRODUCTION,41482.8302,37695.3747,481.4946,2758,2236,-0.01160708,-0.15915119,-0.01126008,-0.01160708,-481.4946,41482.8302,OK,0.0000,19.2598,4.0000,96.0000,AG03-UNRESOLVED,ALL5_LEVELS_bet23_to_bet27,19.2598,19.2598,19.2598,24.0747,24.0747,4.000000,4.000000,4.000000,5.000000,5.000000,96.000000,96.000000,96.000000,95.000000,95.000000,5.0,105.9288,97.0336,375.5658,384.461,PENDING_AG03,FALSE,NOT_FOR_ENFORCEMENT,462.2348,36187.5597,481.4946,462.2348,19.2598,0.01160708,0.01114280,19.2598,462.2348,0.01114280,19.2598,19.2598,19.2598,24.0747,24.0747,462.2348,0.01114280,105.9288,97.0336,375.5658,384.461,0.00905352,0.00926795,0.00046428,15.0409,16.8584,0.2153,11.7438,0.4291,1011.7763,54.5366,10.8148,15.0547,10.2862,13.088,13.088,26.176,34.6568,52.3519,13.088,-5.1891,2.647988,4.0,1.149216,29,158,24,5,0.00234634,0.01160708,0.15915119,0E-8,0.000000,0.908698,0.000000,-0.14789112,2026-04-14,2026-07-10,41,1122,472,88,0.465909,0.718364,0.719024,0.007821,,,,,,,,GLOBAL_BASELINE_NO_ENTITY_RANKING,,,NOT_APPLICABLE_GLOBAL_BASELINE,HF9g-P5,,,,X 全窗基线 · 不参与实体赏罚,8391762,840,A168_HF9F_20260827_0900,2026-08-27 09:00:00
2026-04-22,142615618,576,0,13.0879773840,-13.0879773840,-13.0879773840,0E-7,1,1,0.49324550000000000,0.493245500000,-0.9865810262130424,-0.9865810262130424,-0.9865810262130424,0E-17,ELIGIBLE,R03b_20260811_FULL_v1,L1_ELIGIBILITY,v2026-08-11,2026-03-21..2026-08-06,baccarat_bet02_101_all_pairs_incl_sentinel,round_win = game_pnl > 0 (decisive only),COMPATIBILITY_ONLY_NOT_PRODUCTION,41482.8302,37695.3747,481.4946,2758,2236,-0.01160708,-0.15915119,-0.01126008,-0.01160708,-481.4946,41482.8302,OK,0.0000,19.2598,4.0000,96.0000,AG03-UNRESOLVED,ALL5_LEVELS_bet23_to_bet27,19.2598,19.2598,19.2598,24.0747,24.0747,4.000000,4.000000,4.000000,5.000000,5.000000,96.000000,96.000000,96.000000,95.000000,95.000000,5.0,105.9288,97.0336,375.5658,384.461,PENDING_AG03,FALSE,NOT_FOR_ENFORCEMENT,462.2348,36187.5597,481.4946,462.2348,19.2598,0.01160708,0.01114280,19.2598,462.2348,0.01114280,19.2598,19.2598,19.2598,24.0747,24.0747,462.2348,0.01114280,105.9288,97.0336,375.5658,384.461,0.00905352,0.00926795,0.00046428,15.0409,16.8584,0.2153,11.7438,0.4291,1011.7763,54.5366,10.8148,15.0547,10.2862,13.088,13.088,26.176,34.6568,52.3519,13.088,-5.1891,2.647988,4.0,1.149216,29,158,24,5,0.00234634,0.01160708,0.15915119,0E-8,0.000000,0.908698,0.000000,-0.14789112,2026-04-14,2026-07-10,41,1122,472,88,0.465909,0.718364,0.719024,0.007821,,,,,,,,GLOBAL_BASELINE_NO_ENTITY_RANKING,,,NOT_APPLICABLE_GLOBAL_BASELINE,HF9g-P5,,,,X 全窗基线 · 不参与实体赏罚,8391763,840,A168_HF9F_20260827_0900,2026-08-27 09:00:00
2026-04-22,142615618,583,0,13.0879773840,-13.0879773840,-13.0879773840,0E-7,1,1,0.50665070000000000,0.506650700000,-1.013391052207602,-1.013391052207602,-1.013391052207602,0E-17,ELIGIBLE,R03b_20260811_FULL_v1,L1_ELIGIBILITY,v2026-08-11,2026-03-21..2026-08-06,baccarat_bet02_101_all_pairs_incl_sentinel,round_win = game_pnl > 0 (decisive only),COMPATIBILITY_ONLY_NOT_PRODUCTION,41482.8302,37695.3747,481.4946,2758,2236,-0.01160708,-0.15915119,-0.01126008,-0.01160708,-481.4946,41482.8302,OK,0.0000,19.2598,4.0000,96.0000,AG03-UNRESOLVED,ALL5_LEVELS_bet23_to_bet27,19.2598,19.2598,19.2598,24.0747,24.0747,4.000000,4.000000,4.000000,5.000000,5.000000,96.000000,96.000000,96.000000,95.000000,95.000000,5.0,105.9288,97.0336,375.5658,384.461,PENDING_AG03,FALSE,NOT_FOR_ENFORCEMENT,462.2348,36187.5597,481.4946,462.2348,19.2598,0.01160708,0.01114280,19.2598,462.2348,0.01114280,19.2598,19.2598,19.2598,24.0747,24.0747,462.2348,0.01114280,105.9288,97.0336,375.5658,384.461,0.00905352,0.00926795,0.00046428,15.0409,16.8584,0.2153,11.7438,0.4291,1011.7763,54.5366,10.8148,15.0547,10.2862,13.088,13.088,26.176,34.6568,52.3519,13.088,-5.1891,2.647988,4.0,1.149216,29,158,24,5,0.00234634,0.01160708,0.15915119,0E-8,0.000000,0.908698,0.000000,-0.14789112,2026-04-14,2026-07-10,41,1122,472,88,0.465909,0.718364,0.719024,0.007821,,,,,,,,GLOBAL_BASELINE_NO_ENTITY_RANKING,,,NOT_APPLICABLE_GLOBAL_BASELINE,HF9g-P5,,,,X 全窗基线 · 不参与实体赏罚,8391764,840,A168_HF9F_20260827_0900,2026-08-27 09:00:00
2026-04-22,142615618,595,0,26.1759547680,12.4335785148,12.4335785148,1.0000000,2,2,0.49994810000000000,0.499948100000,1.0001038053877793,1.0001038053877793,1.0001038053877793,0E-17,ELIGIBLE,R03b_20260811_FULL_v1,L1_ELIGIBILITY,v2026-08-11,2026-03-21..2026-08-06,baccarat_bet02_101_all_pairs_incl_sentinel,round_win = game_pnl > 0 (decisive only),COMPATIBILITY_ONLY_NOT_PRODUCTION,41482.8302,37695.3747,481.4946,2758,2236,-0.01160708,-0.15915119,-0.01126008,-0.01160708,-481.4946,41482.8302,OK,0.0000,19.2598,4.0000,96.0000,AG03-UNRESOLVED,ALL5_LEVELS_bet23_to_bet27,19.2598,19.2598,19.2598,24.0747,24.0747,4.000000,4.000000,4.000000,5.000000,5.000000,96.000000,96.000000,96.000000,95.000000,95.000000,5.0,105.9288,97.0336,375.5658,384.461,PENDING_AG03,FALSE,NOT_FOR_ENFORCEMENT,462.2348,36187.5597,481.4946,462.2348,19.2598,0.01160708,0.01114280,19.2598,462.2348,0.01114280,19.2598,19.2598,19.2598,24.0747,24.0747,462.2348,0.01114280,105.9288,97.0336,375.5658,384.461,0.00905352,0.00926795,0.00046428,15.0409,16.8584,0.2153,11.7438,0.4291,1011.7763,54.5366,10.8148,15.0547,10.2862,13.088,13.088,26.176,34.6568,52.3519,13.088,-5.1891,2.647988,4.0,1.149216,29,158,24,5,0.00234634,0.01160708,0.15915119,0E-8,0.000000,0.908698,0.000000,-0.14789112,2026-04-14,2026-07-10,41,1122,472,88,0.465909,0.718364,0.719024,0.007821,,,,,,,,GLOBAL_BASELINE_NO_ENTITY_RANKING,,,NOT_APPLICABLE_GLOBAL_BASELINE,HF9g-P5,,,,X 全窗基线 · 不参与实体赏罚,8391765,840,A168_HF9F_20260827_0900,2026-08-27 09:00:00
2026-04-22,142615618,987,0,86.9041698298,-23.8201188389,-23.8201188389,0.3333333,5,4,0.46225947500000000,0.445090812500,-0.44789098266619354,-0.38949505829662284,-0.44789098266619354,0.01716866250000000,ELIGIBLE,R03b_20260811_FULL_v1,L1_ELIGIBILITY,v2026-08-11,2026-03-21..2026-08-06,baccarat_bet02_101_all_pairs_incl_sentinel,round_win = game_pnl > 0 (decisive only),COMPATIBILITY_ONLY_NOT_PRODUCTION,41482.8302,37695.3747,481.4946,2758,2236,-0.01160708,-0.15915119,-0.01126008,-0.01160708,-481.4946,41482.8302,OK,0.0000,19.2598,4.0000,96.0000,AG03-UNRESOLVED,ALL5_LEVELS_bet23_to_bet27,19.2598,19.2598,19.2598,24.0747,24.0747,4.000000,4.000000,4.000000,5.000000,5.000000,96.000000,96.000000,96.000000,95.000000,95.000000,5.0,105.9288,97.0336,375.5658,384.461,PENDING_AG03,FALSE,NOT_FOR_ENFORCEMENT,462.2348,36187.5597,481.4946,462.2348,19.2598,0.01160708,0.01114280,19.2598,462.2348,0.01114280,19.2598,19.2598,19.2598,24.0747,24.0747,462.2348,0.01114280,105.9288,97.0336,375.5658,384.461,0.00905352,0.00926795,0.00046428,15.0409,16.8584,0.2153,11.7438,0.4291,1011.7763,54.5366,10.8148,15.0547,10.2862,13.088,13.088,26.176,34.6568,52.3519,13.088,-5.1891,2.647988,4.0,1.149216,29,158,24,5,0.00234634,0.01160708,0.15915119,0E-8,0.000000,0.908698,0.000000,-0.14789112,2026-04-14,2026-07-10,41,1122,472,88,0.465909,0.718364,0.719024,0.007821,,,,,,,,GLOBAL_BASELINE_NO_ENTITY_RANKING,,,NOT_APPLICABLE_GLOBAL_BASELINE,HF9g-P5,,,,X 全窗基线 · 不参与实体赏罚,8391766,840,A168_HF9F_20260827_0900,2026-08-27 09:00:00
2026-04-22,142615618,994,0,20.9407638144,4.5807920844,4.5807920844,0.5000000,3,2,0.26628942500000000,0.197614775000,0.7477458519226224,1.0739260998517046,0.7477458519226224,0.06867465000000000,ELIGIBLE,R03b_20260811_FULL_v1,L1_ELIGIBILITY,v2026-08-11,2026-03-21..2026-08-06,baccarat_bet02_101_all_pairs_incl_sentinel,round_win = game_pnl > 0 (decisive only),COMPATIBILITY_ONLY_NOT_PRODUCTION,41482.8302,37695.3747,481.4946,2758,2236,-0.01160708,-0.15915119,-0.01126008,-0.01160708,-481.4946,41482.8302,OK,0.0000,19.2598,4.0000,96.0000,AG03-UNRESOLVED,ALL5_LEVELS_bet23_to_bet27,19.2598,19.2598,19.2598,24.0747,24.0747,4.000000,4.000000,4.000000,5.000000,5.000000,96.000000,96.000000,96.000000,95.000000,95.000000,5.0,105.9288,97.0336,375.5658,384.461,PENDING_AG03,FALSE,NOT_FOR_ENFORCEMENT,462.2348,36187.5597,481.4946,462.2348,19.2598,0.01160708,0.01114280,19.2598,462.2348,0.01114280,19.2598,19.2598,19.2598,24.0747,24.0747,462.2348,0.01114280,105.9288,97.0336,375.5658,384.461,0.00905352,0.00926795,0.00046428,15.0409,16.8584,0.2153,11.7438,0.4291,1011.7763,54.5366,10.8148,15.0547,10.2862,13.088,13.088,26.176,34.6568,52.3519,13.088,-5.1891,2.647988,4.0,1.149216,29,158,24,5,0.00234634,0.01160708,0.15915119,0E-8,0.000000,0.908698,0.000000,-0.14789112,2026-04-14,2026-07-10,41,1122,472,88,0.465909,0.718364,0.719024,0.007821,,,,,,,,GLOBAL_BASELINE_NO_ENTITY_RANKING,,,NOT_APPLICABLE_GLOBAL_BASELINE,HF9g-P5,,,,X 全窗基线 · 不参与实体赏罚,8391767,840,A168_HF9F_20260827_0900,2026-08-27 09:00:00
2026-04-23,142615618,-1,1,2060.0476402408,75.9102688266,75.9102688266,0.4774775,151,118,0.45374953440410821,0.439024593220,0.5021316251326968,0.81634563413813,0.5021316251326968,0.01472494118410821,SENTINEL_DEALER,R03b_20260811_FULL_v1,L1_ELIGIBILITY,v2026-08-11,2026-03-21..2026-08-06,baccarat_bet02_101_all_pairs_incl_sentinel,round_win = game_pnl > 0 (decisive only),COMPATIBILITY_ONLY_NOT_PRODUCTION,41482.8302,37695.3747,481.4946,2758,2236,-0.01160708,-0.15915119,-0.01126008,-0.01160708,-481.4946,41482.8302,OK,0.0000,19.2598,4.0000,96.0000,AG03-UNRESOLVED,ALL5_LEVELS_bet23_to_bet27,19.2598,19.2598,19.2598,24.0747,24.0747,4.000000,4.000000,4.000000,5.000000,5.000000,96.000000,96.000000,96.000000,95.000000,95.000000,5.0,105.9288,97.0336,375.5658,384.461,PENDING_AG03,FALSE,NOT_FOR_ENFORCEMENT,462.2348,36187.5597,481.4946,462.2348,19.2598,0.01160708,0.01114280,19.2598,462.2348,0.01114280,19.2598,19.2598,19.2598,24.0747,24.0747,462.2348,0.01114280,105.9288,97.0336,375.5658,384.461,0.00905352,0.00926795,0.00046428,15.0409,16.8584,0.2153,11.7438,0.4291,1011.7763,54.5366,10.8148,15.0547,10.2862,13.088,13.088,26.176,34.6568,52.3519,13.088,-5.1891,2.647988,4.0,1.149216,29,158,24,5,0.00234634,0.01160708,0.15915119,0E-8,0.000000,0.908698,0.000000,-0.14789112,2026-04-14,2026-07-10,41,1122,472,88,0.465909,0.718364,0.719024,0.007821,,,,,,,,GLOBAL_BASELINE_NO_ENTITY_RANKING,,,NOT_APPLICABLE_GLOBAL_BASELINE,HF9g-P5,,,,X 全窗基线 · 不参与实体赏罚,8391768,840,A168_HF9F_20260827_0900,2026-08-27 09:00:00
2026-04-23,142615618,1017,0,26.1759547680,-0.6543988692,-0.6543988692,0.5000000,2,2,0.50665070000000000,0.506650700000,-0.018812684590367487,-0.018812684590367487,-0.018812684590367487,0E-17,ELIGIBLE,R03b_20260811_FULL_v1,L1_ELIGIBILITY,v2026-08-11,2026-03-21..2026-08-06,baccarat_bet02_101_all_pairs_incl_sentinel,round_win = game_pnl > 0 (decisive only),COMPATIBILITY_ONLY_NOT_PRODUCTION,41482.8302,37695.3747,481.4946,2758,2236,-0.01160708,-0.15915119,-0.01126008,-0.01160708,-481.4946,41482.8302,OK,0.0000,19.2598,4.0000,96.0000,AG03-UNRESOLVED,ALL5_LEVELS_bet23_to_bet27,19.2598,19.2598,19.2598,24.0747,24.0747,4.000000,4.000000,4.000000,5.000000,5.000000,96.000000,96.000000,96.000000,95.000000,95.000000,5.0,105.9288,97.0336,375.5658,384.461,PENDING_AG03,FALSE,NOT_FOR_ENFORCEMENT,462.2348,36187.5597,481.4946,462.2348,19.2598,0.01160708,0.01114280,19.2598,462.2348,0.01114280,19.2598,19.2598,19.2598,24.0747,24.0747,462.2348,0.01114280,105.9288,97.0336,375.5658,384.461,0.00905352,0.00926795,0.00046428,15.0409,16.8584,0.2153,11.7438,0.4291,1011.7763,54.5366,10.8148,15.0547,10.2862,13.088,13.088,26.176,34.6568,52.3519,13.088,-5.1891,2.647988,4.0,1.149216,29,158,24,5,0.00234634,0.01160708,0.15915119,0E-8,0.000000,0.908698,0.000000,-0.14789112,2026-04-14,2026-07-10,41,1122,472,88,0.465909,0.718364,0.719024,0.007821,,,,,,,,GLOBAL_BASELINE_NO_ENTITY_RANKING,,,NOT_APPLICABLE_GLOBAL_BASELINE,HF9g-P5,,,,X 全窗基线 · 不参与实体赏罚,8391769,840,A168_HF9F_20260827_0900,2026-08-27 09:00:00
2026-04-23,142615618,1078,0,60.2046959664,26.1759547680,26.1759547680,1.0000000,5,4,0.44341516250000000,0.443415162500,1.5844385979434328,1.5844385979434328,1.5844385979434328,0E-17,ELIGIBLE,R03b_20260811_FULL_v1,L1_ELIGIBILITY,v2026-08-11,2026-03-21..2026-08-06,baccarat_bet02_101_all_pairs_incl_sentinel,round_win = game_pnl > 0 (decisive only),COMPATIBILITY_ONLY_NOT_PRODUCTION,41482.8302,37695.3747,481.4946,2758,2236,-0.01160708,-0.15915119,-0.01126008,-0.01160708,-481.4946,41482.8302,OK,0.0000,19.2598,4.0000,96.0000,AG03-UNRESOLVED,ALL5_LEVELS_bet23_to_bet27,19.2598,19.2598,19.2598,24.0747,24.0747,4.000000,4.000000,4.000000,5.000000,5.000000,96.000000,96.000000,96.000000,95.000000,95.000000,5.0,105.9288,97.0336,375.5658,384.461,PENDING_AG03,FALSE,NOT_FOR_ENFORCEMENT,462.2348,36187.5597,481.4946,462.2348,19.2598,0.01160708,0.01114280,19.2598,462.2348,0.01114280,19.2598,19.2598,19.2598,24.0747,24.0747,462.2348,0.01114280,105.9288,97.0336,375.5658,384.461,0.00905352,0.00926795,0.00046428,15.0409,16.8584,0.2153,11.7438,0.4291,1011.7763,54.5366,10.8148,15.0547,10.2862,13.088,13.088,26.176,34.6568,52.3519,13.088,-5.1891,2.647988,4.0,1.149216,29,158,24,5,0.00234634,0.01160708,0.15915119,0E-8,0.000000,0.908698,0.000000,-0.14789112,2026-04-14,2026-07-10,41,1122,472,88,0.465909,0.718364,0.719024,0.007821,,,,,,,,GLOBAL_BASELINE_NO_ENTITY_RANKING,,,NOT_APPLICABLE_GLOBAL_BASELINE,HF9g-P5,,,,X 全窗基线 · 不参与实体赏罚,8391770,840,A168_HF9F_20260827_0900,2026-08-27 09:00:00
2026-04-23,142615618,1094,0,52.3519095360,37.3007355444,37.3007355444,1.0000000,4,4,0.50665070000000000,0.506650700000,1.7091633124209307,1.7091633124209307,1.7091633124209307,0E-17,ELIGIBLE,R03b_20260811_FULL_v1,L1_ELIGIBILITY,v2026-08-11,2026-03-21..2026-08-06,baccarat_bet02_101_all_pairs_incl_sentinel,round_win = game_pnl > 0 (decisive only),COMPATIBILITY_ONLY_NOT_PRODUCTION,41482.8302,37695.3747,481.4946,2758,2236,-0.01160708,-0.15915119,-0.01126008,-0.01160708,-481.4946,41482.8302,OK,0.0000,19.2598,4.0000,96.0000,AG03-UNRESOLVED,ALL5_LEVELS_bet23_to_bet27,19.2598,19.2598,19.2598,24.0747,24.0747,4.000000,4.000000,4.000000,5.000000,5.000000,96.000000,96.000000,96.000000,95.000000,95.000000,5.0,105.9288,97.0336,375.5658,384.461,PENDING_AG03,FALSE,NOT_FOR_ENFORCEMENT,462.2348,36187.5597,481.4946,462.2348,19.2598,0.01160708,0.01114280,19.2598,462.2348,0.01114280,19.2598,19.2598,19.2598,24.0747,24.0747,462.2348,0.01114280,105.9288,97.0336,375.5658,384.461,0.00905352,0.00926795,0.00046428,15.0409,16.8584,0.2153,11.7438,0.4291,1011.7763,54.5366,10.8148,15.0547,10.2862,13.088,13.088,26.176,34.6568,52.3519,13.088,-5.1891,2.647988,4.0,1.149216,29,158,24,5,0.00234634,0.01160708,0.15915119,0E-8,0.000000,0.908698,0.000000,-0.14789112,2026-04-14,2026-07-10,41,1122,472,88,0.465909,0.718364,0.719024,0.007821,,,,,,,,GLOBAL_BASELINE_NO_ENTITY_RANKING,,,NOT_APPLICABLE_GLOBAL_BASELINE,HF9g-P5,,,,X 全窗基线 · 不参与实体赏罚,8391771,840,A168_HF9F_20260827_0900,2026-08-27 09:00:00
2026-04-23,142615618,1109,0,88.9982462112,23.9509986127,23.9509986127,0.6666667,9,6,0.40965215000000000,0.400287425000,1.2801818533890972,1.3317369576882434,1.2801818533890972,0.00936472500000000,ELIGIBLE,R03b_20260811_FULL_v1,L1_ELIGIBILITY,v2026-08-11,2026-03-21..2026-08-06,baccarat_bet02_101_all_pairs_incl_sentinel,round_win = game_pnl > 0 (decisive only),COMPATIBILITY_ONLY_NOT_PRODUCTION,41482.8302,37695.3747,481.4946,2758,2236,-0.01160708,-0.15915119,-0.01126008,-0.01160708,-481.4946,41482.8302,OK,0.0000,19.2598,4.0000,96.0000,AG03-UNRESOLVED,ALL5_LEVELS_bet23_to_bet27,19.2598,19.2598,19.2598,24.0747,24.0747,4.000000,4.000000,4.000000,5.000000,5.000000,96.000000,96.000000,96.000000,95.000000,95.000000,5.0,105.9288,97.0336,375.5658,384.461,PENDING_AG03,FALSE,NOT_FOR_ENFORCEMENT,462.2348,36187.5597,481.4946,462.2348,19.2598,0.01160708,0.01114280,19.2598,462.2348,0.01114280,19.2598,19.2598,19.2598,24.0747,24.0747,462.2348,0.01114280,105.9288,97.0336,375.5658,384.461,0.00905352,0.00926795,0.00046428,15.0409,16.8584,0.2153,11.7438,0.4291,1011.7763,54.5366,10.8148,15.0547,10.2862,13.088,13.088,26.176,34.6568,52.3519,13.088,-5.1891,2.647988,4.0,1.149216,29,158,24,5,0.00234634,0.01160708,0.15915119,0E-8,0.000000,0.908698,0.000000,-0.14789112,2026-04-14,2026-07-10,41,1122,472,88,0.465909,0.718364,0.719024,0.007821,,,,,,,,GLOBAL_BASELINE_NO_ENTITY_RANKING,,,NOT_APPLICABLE_GLOBAL_BASELINE,HF9g-P5,,,,X 全窗基线 · 不参与实体赏罚,8391772,840,A168_HF9F_20260827_0900,2026-08-27 09:00:00
2026-04-23,142615618,1115,0,39.2639321520,13.0879773840,13.0879773840,0.5000000,2,2,0.49324550000000000,0.493245500000,0.01910635448239258,0.01910635448239258,0.01910635448239258,0E-17,ELIGIBLE,R03b_20260811_FULL_v1,L1_ELIGIBILITY,v2026-08-11,2026-03-21..2026-08-06,baccarat_bet02_101_all_pairs_incl_sentinel,round_win = game_pnl > 0 (decisive only),COMPATIBILITY_ONLY_NOT_PRODUCTION,41482.8302,37695.3747,481.4946,2758,2236,-0.01160708,-0.15915119,-0.01126008,-0.01160708,-481.4946,41482.8302,OK,0.0000,19.2598,4.0000,96.0000,AG03-UNRESOLVED,ALL5_LEVELS_bet23_to_bet27,19.2598,19.2598,19.2598,24.0747,24.0747,4.000000,4.000000,4.000000,5.000000,5.000000,96.000000,96.000000,96.000000,95.000000,95.000000,5.0,105.9288,97.0336,375.5658,384.461,PENDING_AG03,FALSE,NOT_FOR_ENFORCEMENT,462.2348,36187.5597,481.4946,462.2348,19.2598,0.01160708,0.01114280,19.2598,462.2348,0.01114280,19.2598,19.2598,19.2598,24.0747,24.0747,462.2348,0.01114280,105.9288,97.0336,375.5658,384.461,0.00905352,0.00926795,0.00046428,15.0409,16.8584,0.2153,11.7438,0.4291,1011.7763,54.5366,10.8148,15.0547,10.2862,13.088,13.088,26.176,34.6568,52.3519,13.088,-5.1891,2.647988,4.0,1.149216,29,158,24,5,0.00234634,0.01160708,0.15915119,0E-8,0.000000,0.908698,0.000000,-0.14789112,2026-04-14,2026-07-10,41,1122,472,88,0.465909,0.718364,0.719024,0.007821,,,,,,,,GLOBAL_BASELINE_NO_ENTITY_RANKING,,,NOT_APPLICABLE_GLOBAL_BASELINE,HF9g-P5,,,,X 全窗基线 · 不参与实体赏罚,8391773,840,A168_HF9F_20260827_0900,2026-08-27 09:00:00
2026-04-23,142615618,1151,0,141.3501557472,30.1023479831,30.1023479831,0.5555556,14,10,0.44335705357142857,0.416868260000,0.677552804087218,0.8438692832359417,0.677552804087218,0.02648879357142857,ELIGIBLE,R03b_20260811_FULL_v1,L1_ELIGIBILITY,v2026-08-11,2026-03-21..2026-08-06,baccarat_bet02_101_all_pairs_incl_sentinel,round_win = game_pnl > 0 (decisive only),COMPATIBILITY_ONLY_NOT_PRODUCTION,41482.8302,37695.3747,481.4946,2758,2236,-0.01160708,-0.15915119,-0.01126008,-0.01160708,-481.4946,41482.8302,OK,0.0000,19.2598,4.0000,96.0000,AG03-UNRESOLVED,ALL5_LEVELS_bet23_to_bet27,19.2598,19.2598,19.2598,24.0747,24.0747,4.000000,4.000000,4.000000,5.000000,5.000000,96.000000,96.000000,96.000000,95.000000,95.000000,5.0,105.9288,97.0336,375.5658,384.461,PENDING_AG03,FALSE,NOT_FOR_ENFORCEMENT,462.2348,36187.5597,481.4946,462.2348,19.2598,0.01160708,0.01114280,19.2598,462.2348,0.01114280,19.2598,19.2598,19.2598,24.0747,24.0747,462.2348,0.01114280,105.9288,97.0336,375.5658,384.461,0.00905352,0.00926795,0.00046428,15.0409,16.8584,0.2153,11.7438,0.4291,1011.7763,54.5366,10.8148,15.0547,10.2862,13.088,13.088,26.176,34.6568,52.3519,13.088,-5.1891,2.647988,4.0,1.149216,29,158,24,5,0.00234634,0.01160708,0.15915119,0E-8,0.000000,0.908698,0.000000,-0.14789112,2026-04-14,2026-07-10,41,1122,472,88,0.465909,0.718364,0.719024,0.007821,,,,,,,,GLOBAL_BASELINE_NO_ENTITY_RANKING,,,NOT_APPLICABLE_GLOBAL_BASELINE,HF9g-P5,,,,X 全窗基线 · 不参与实体赏罚,8391774,840,A168_HF9F_20260827_0900,2026-08-27 09:00:00
2026-04-23,142615618,1157,0,54.9695050128,41.8815276287,41.8815276287,0.6666667,5,4,0.46002527500000000,0.443415162500,0.7181255565122192,0.7783663736581422,0.7181255565122192,0.01661011250000000,ELIGIBLE,R03b_20260811_FULL_v1,L1_ELIGIBILITY,v2026-08-11,2026-03-21..2026-08-06,baccarat_bet02_101_all_pairs_incl_sentinel,round_win = game_pnl > 0 (decisive only),COMPATIBILITY_ONLY_NOT_PRODUCTION,41482.8302,37695.3747,481.4946,2758,2236,-0.01160708,-0.15915119,-0.01126008,-0.01160708,-481.4946,41482.8302,OK,0.0000,19.2598,4.0000,96.0000,AG03-UNRESOLVED,ALL5_LEVELS_bet23_to_bet27,19.2598,19.2598,19.2598,24.0747,24.0747,4.000000,4.000000,4.000000,5.000000,5.000000,96.000000,96.000000,96.000000,95.000000,95.000000,5.0,105.9288,97.0336,375.5658,384.461,PENDING_AG03,FALSE,NOT_FOR_ENFORCEMENT,462.2348,36187.5597,481.4946,462.2348,19.2598,0.01160708,0.01114280,19.2598,462.2348,0.01114280,19.2598,19.2598,19.2598,24.0747,24.0747,462.2348,0.01114280,105.9288,97.0336,375.5658,384.461,0.00905352,0.00926795,0.00046428,15.0409,16.8584,0.2153,11.7438,0.4291,1011.7763,54.5366,10.8148,15.0547,10.2862,13.088,13.088,26.176,34.6568,52.3519,13.088,-5.1891,2.647988,4.0,1.149216,29,158,24,5,0.00234634,0.01160708,0.15915119,0E-8,0.000000,0.908698,0.000000,-0.14789112,2026-04-14,2026-07-10,41,1122,472,88,0.465909,0.718364,0.719024,0.007821,,,,,,,,GLOBAL_BASELINE_NO_ENTITY_RANKING,,,NOT_APPLICABLE_GLOBAL_BASELINE,HF9g-P5,,,,X 全窗基线 · 不参与实体赏罚,8391775,840,A168_HF9F_20260827_0900,2026-08-27 09:00:00
2026-04-23,142615618,1306,0,136.1149647936,60.8590948355,60.8590948355,0.6250000,12,9,0.45211912619047619,0.434997116667,0.9824770918061853,1.084018424642594,0.9824770918061853,0.01712200952347619,ELIGIBLE,R03b_20260811_FULL_v1,L1_ELIGIBILITY,v2026-08-11,2026-03-21..2026-08-06,baccarat_bet02_101_all_pairs_incl_sentinel,round_win = game_pnl > 0 (decisive only),COMPATIBILITY_ONLY_NOT_PRODUCTION,41482.8302,37695.3747,481.4946,2758,2236,-0.01160708,-0.15915119,-0.01126008,-0.01160708,-481.4946,41482.8302,OK,0.0000,19.2598,4.0000,96.0000,AG03-UNRESOLVED,ALL5_LEVELS_bet23_to_bet27,19.2598,19.2598,19.2598,24.0747,24.0747,4.000000,4.000000,4.000000,5.000000,5.000000,96.000000,96.000000,96.000000,95.000000,95.000000,5.0,105.9288,97.0336,375.5658,384.461,PENDING_AG03,FALSE,NOT_FOR_ENFORCEMENT,462.2348,36187.5597,481.4946,462.2348,19.2598,0.01160708,0.01114280,19.2598,462.2348,0.01114280,19.2598,19.2598,19.2598,24.0747,24.0747,462.2348,0.01114280,105.9288,97.0336,375.5658,384.461,0.00905352,0.00926795,0.00046428,15.0409,16.8584,0.2153,11.7438,0.4291,1011.7763,54.5366,10.8148,15.0547,10.2862,13.088,13.088,26.176,34.6568,52.3519,13.088,-5.1891,2.647988,4.0,1.149216,29,158,24,5,0.00234634,0.01160708,0.15915119,0E-8,0.000000,0.908698,0.000000,-0.14789112,2026-04-14,2026-07-10,41,1122,472,88,0.465909,0.718364,0.719024,0.007821,,,,,,,,GLOBAL_BASELINE_NO_ENTITY_RANKING,,,NOT_APPLICABLE_GLOBAL_BASELINE,HF9g-P5,,,,X 全窗基线 · 不参与实体赏罚,8391776,840,A168_HF9F_20260827_0900,2026-08-27 09:00:00
2026-04-23,142615618,1318,0,240.8187838653,-142.0045546161,-142.0045546161,0.2500000,12,11,0.45518148051948052,0.447415713636,-1.1653729407582374,-1.1229795037797095,-1.1653729407582374,0.00776576688348052,ELIGIBLE,R03b_20260811_FULL_v1,L1_ELIGIBILITY,v2026-08-11,2026-03-21..2026-08-06,baccarat_bet02_101_all_pairs_incl_sentinel,round_win = game_pnl > 0 (decisive only),COMPATIBILITY_ONLY_NOT_PRODUCTION,41482.8302,37695.3747,481.4946,2758,2236,-0.01160708,-0.15915119,-0.01126008,-0.01160708,-481.4946,41482.8302,OK,0.0000,19.2598,4.0000,96.0000,AG03-UNRESOLVED,ALL5_LEVELS_bet23_to_bet27,19.2598,19.2598,19.2598,24.0747,24.0747,4.000000,4.000000,4.000000,5.000000,5.000000,96.000000,96.000000,96.000000,95.000000,95.000000,5.0,105.9288,97.0336,375.5658,384.461,PENDING_AG03,FALSE,NOT_FOR_ENFORCEMENT,462.2348,36187.5597,481.4946,462.2348,19.2598,0.01160708,0.01114280,19.2598,462.2348,0.01114280,19.2598,19.2598,19.2598,24.0747,24.0747,462.2348,0.01114280,105.9288,97.0336,375.5658,384.461,0.00905352,0.00926795,0.00046428,15.0409,16.8584,0.2153,11.7438,0.4291,1011.7763,54.5366,10.8148,15.0547,10.2862,13.088,13.088,26.176,34.6568,52.3519,13.088,-5.1891,2.647988,4.0,1.149216,29,158,24,5,0.00234634,0.01160708,0.15915119,0E-8,0.000000,0.908698,0.000000,-0.14789112,2026-04-14,2026-07-10,41,1122,472,88,0.465909,0.718364,0.719024,0.007821,,,,,,,,GLOBAL_BASELINE_NO_ENTITY_RANKING,,,NOT_APPLICABLE_GLOBAL_BASELINE,HF9g-P5,,,,X 全窗基线 · 不参与实体赏罚,8391777,840,A168_HF9F_20260827_0900,2026-08-27 09:00:00
2026-04-23,142615618,1323,0,115.1742009792,65.4398869200,65.4398869200,0.8571429,9,7,0.47290879081632653,0.441084114286,2.0361665885113465,2.217020645134361,2.0361665885113465,0.03182467653032653,ELIGIBLE,R03b_20260811_FULL_v1,L1_ELIGIBILITY,v2026-08-11,2026-03-21..2026-08-06,baccarat_bet02_101_all_pairs_incl_sentinel,round_win = game_pnl > 0 (decisive only),COMPATIBILITY_ONLY_NOT_PRODUCTION,41482.8302,37695.3747,481.4946,2758,2236,-0.01160708,-0.15915119,-0.01126008,-0.01160708,-481.4946,41482.8302,OK,0.0000,19.2598,4.0000,96.0000,AG03-UNRESOLVED,ALL5_LEVELS_bet23_to_bet27,19.2598,19.2598,19.2598,24.0747,24.0747,4.000000,4.000000,4.000000,5.000000,5.000000,96.000000,96.000000,96.000000,95.000000,95.000000,5.0,105.9288,97.0336,375.5658,384.461,PENDING_AG03,FALSE,NOT_FOR_ENFORCEMENT,462.2348,36187.5597,481.4946,462.2348,19.2598,0.01160708,0.01114280,19.2598,462.2348,0.01114280,19.2598,19.2598,19.2598,24.0747,24.0747,462.2348,0.01114280,105.9288,97.0336,375.5658,384.461,0.00905352,0.00926795,0.00046428,15.0409,16.8584,0.2153,11.7438,0.4291,1011.7763,54.5366,10.8148,15.0547,10.2862,13.088,13.088,26.176,34.6568,52.3519,13.088,-5.1891,2.647988,4.0,1.149216,29,158,24,5,0.00234634,0.01160708,0.15915119,0E-8,0.000000,0.908698,0.000000,-0.14789112,2026-04-14,2026-07-10,41,1122,472,88,0.465909,0.718364,0.719024,0.007821,,,,,,,,GLOBAL_BASELINE_NO_ENTITY_RANKING,,,NOT_APPLICABLE_GLOBAL_BASELINE,HF9g-P5,,,,X 全窗基线 · 不参与实体赏罚,8391778,840,A168_HF9F_20260827_0900,2026-08-27 09:00:00
2026-04-23,142615618,1330,0,13.0879773840,12.4335785148,12.4335785148,1.0000000,1,1,0.50665070000000000,0.506650700000,0.9867858985152569,0.9867858985152569,0.9867858985152569,0E-17,ELIGIBLE,R03b_20260811_FULL_v1,L1_ELIGIBILITY,v2026-08-11,2026-03-21..2026-08-06,baccarat_bet02_101_all_pairs_incl_sentinel,round_win = game_pnl > 0 (decisive only),COMPATIBILITY_ONLY_NOT_PRODUCTION,41482.8302,37695.3747,481.4946,2758,2236,-0.01160708,-0.15915119,-0.01126008,-0.01160708,-481.4946,41482.8302,OK,0.0000,19.2598,4.0000,96.0000,AG03-UNRESOLVED,ALL5_LEVELS_bet23_to_bet27,19.2598,19.2598,19.2598,24.0747,24.0747,4.000000,4.000000,4.000000,5.000000,5.000000,96.000000,96.000000,96.000000,95.000000,95.000000,5.0,105.9288,97.0336,375.5658,384.461,PENDING_AG03,FALSE,NOT_FOR_ENFORCEMENT,462.2348,36187.5597,481.4946,462.2348,19.2598,0.01160708,0.01114280,19.2598,462.2348,0.01114280,19.2598,19.2598,19.2598,24.0747,24.0747,462.2348,0.01114280,105.9288,97.0336,375.5658,384.461,0.00905352,0.00926795,0.00046428,15.0409,16.8584,0.2153,11.7438,0.4291,1011.7763,54.5366,10.8148,15.0547,10.2862,13.088,13.088,26.176,34.6568,52.3519,13.088,-5.1891,2.647988,4.0,1.149216,29,158,24,5,0.00234634,0.01160708,0.15915119,0E-8,0.000000,0.908698,0.000000,-0.14789112,2026-04-14,2026-07-10,41,1122,472,88,0.465909,0.718364,0.719024,0.007821,,,,,,,,GLOBAL_BASELINE_NO_ENTITY_RANKING,,,NOT_APPLICABLE_GLOBAL_BASELINE,HF9g-P5,,,,X 全窗基线 · 不参与实体赏罚,8391779,840,A168_HF9F_20260827_0900,2026-08-27 09:00:00
2026-04-23,142615618,1363,0,13.0879773840,12.4335785148,12.4335785148,1.0000000,1,1,0.50665070000000000,0.506650700000,0.9867858985152569,0.9867858985152569,0.9867858985152569,0E-17,ELIGIBLE,R03b_20260811_FULL_v1,L1_ELIGIBILITY,v2026-08-11,2026-03-21..2026-08-06,baccarat_bet02_101_all_pairs_incl_sentinel,round_win = game_pnl > 0 (decisive only),COMPATIBILITY_ONLY_NOT_PRODUCTION,41482.8302,37695.3747,481.4946,2758,2236,-0.01160708,-0.15915119,-0.01126008,-0.01160708,-481.4946,41482.8302,OK,0.0000,19.2598,4.0000,96.0000,AG03-UNRESOLVED,ALL5_LEVELS_bet23_to_bet27,19.2598,19.2598,19.2598,24.0747,24.0747,4.000000,4.000000,4.000000,5.000000,5.000000,96.000000,96.000000,96.000000,95.000000,95.000000,5.0,105.9288,97.0336,375.5658,384.461,PENDING_AG03,FALSE,NOT_FOR_ENFORCEMENT,462.2348,36187.5597,481.4946,462.2348,19.2598,0.01160708,0.01114280,19.2598,462.2348,0.01114280,19.2598,19.2598,19.2598,24.0747,24.0747,462.2348,0.01114280,105.9288,97.0336,375.5658,384.461,0.00905352,0.00926795,0.00046428,15.0409,16.8584,0.2153,11.7438,0.4291,1011.7763,54.5366,10.8148,15.0547,10.2862,13.088,13.088,26.176,34.6568,52.3519,13.088,-5.1891,2.647988,4.0,1.149216,29,158,24,5,0.00234634,0.01160708,0.15915119,0E-8,0.000000,0.908698,0.000000,-0.14789112,2026-04-14,2026-07-10,41,1122,472,88,0.465909,0.718364,0.719024,0.007821,,,,,,,,GLOBAL_BASELINE_NO_ENTITY_RANKING,,,NOT_APPLICABLE_GLOBAL_BASELINE,HF9g-P5,,,,X 全窗基线 · 不参与实体赏罚,8391780,840,A168_HF9F_20260827_0900,2026-08-27 09:00:00
2026-04-23,142615618,1383,0,26.1759547680,-13.0879773840,-13.0879773840,0E-7,2,2,0.49994810000000000,0.499948100000,-0.9998962053866608,-0.9998962053866608,-0.9998962053866608,0E-17,ELIGIBLE,R03b_20260811_FULL_v1,L1_ELIGIBILITY,v2026-08-11,2026-03-21..2026-08-06,baccarat_bet02_101_all_pairs_incl_sentinel,round_win = game_pnl > 0 (decisive only),COMPATIBILITY_ONLY_NOT_PRODUCTION,41482.8302,37695.3747,481.4946,2758,2236,-0.01160708,-0.15915119,-0.01126008,-0.01160708,-481.4946,41482.8302,OK,0.0000,19.2598,4.0000,96.0000,AG03-UNRESOLVED,ALL5_LEVELS_bet23_to_bet27,19.2598,19.2598,19.2598,24.0747,24.0747,4.000000,4.000000,4.000000,5.000000,5.000000,96.000000,96.000000,96.000000,95.000000,95.000000,5.0,105.9288,97.0336,375.5658,384.461,PENDING_AG03,FALSE,NOT_FOR_ENFORCEMENT,462.2348,36187.5597,481.4946,462.2348,19.2598,0.01160708,0.01114280,19.2598,462.2348,0.01114280,19.2598,19.2598,19.2598,24.0747,24.0747,462.2348,0.01114280,105.9288,97.0336,375.5658,384.461,0.00905352,0.00926795,0.00046428,15.0409,16.8584,0.2153,11.7438,0.4291,1011.7763,54.5366,10.8148,15.0547,10.2862,13.088,13.088,26.176,34.6568,52.3519,13.088,-5.1891,2.647988,4.0,1.149216,29,158,24,5,0.00234634,0.01160708,0.15915119,0E-8,0.000000,0.908698,0.000000,-0.14789112,2026-04-14,2026-07-10,41,1122,472,88,0.465909,0.718364,0.719024,0.007821,,,,,,,,GLOBAL_BASELINE_NO_ENTITY_RANKING,,,NOT_APPLICABLE_GLOBAL_BASELINE,HF9g-P5,,,,X 全窗基线 · 不参与实体赏罚,8391781,840,A168_HF9F_20260827_0900,2026-08-27 09:00:00
2026-04-23,142615618,1384,0,23.5583592912,22.9039604220,22.9039604220,1.0000000,2,2,0.49994810000000000,0.499948100000,1.4143603653603398,1.4143603653603398,1.4143603653603398,0E-17,ELIGIBLE,R03b_20260811_FULL_v1,L1_ELIGIBILITY,v2026-08-11,2026-03-21..2026-08-06,baccarat_bet02_101_all_pairs_incl_sentinel,round_win = game_pnl > 0 (decisive only),COMPATIBILITY_ONLY_NOT_PRODUCTION,41482.8302,37695.3747,481.4946,2758,2236,-0.01160708,-0.15915119,-0.01126008,-0.01160708,-481.4946,41482.8302,OK,0.0000,19.2598,4.0000,96.0000,AG03-UNRESOLVED,ALL5_LEVELS_bet23_to_bet27,19.2598,19.2598,19.2598,24.0747,24.0747,4.000000,4.000000,4.000000,5.000000,5.000000,96.000000,96.000000,96.000000,95.000000,95.000000,5.0,105.9288,97.0336,375.5658,384.461,PENDING_AG03,FALSE,NOT_FOR_ENFORCEMENT,462.2348,36187.5597,481.4946,462.2348,19.2598,0.01160708,0.01114280,19.2598,462.2348,0.01114280,19.2598,19.2598,19.2598,24.0747,24.0747,462.2348,0.01114280,105.9288,97.0336,375.5658,384.461,0.00905352,0.00926795,0.00046428,15.0409,16.8584,0.2153,11.7438,0.4291,1011.7763,54.5366,10.8148,15.0547,10.2862,13.088,13.088,26.176,34.6568,52.3519,13.088,-5.1891,2.647988,4.0,1.149216,29,158,24,5,0.00234634,0.01160708,0.15915119,0E-8,0.000000,0.908698,0.000000,-0.14789112,2026-04-14,2026-07-10,41,1122,472,88,0.465909,0.718364,0.719024,0.007821,,,,,,,,GLOBAL_BASELINE_NO_ENTITY_RANKING,,,NOT_APPLICABLE_GLOBAL_BASELINE,HF9g-P5,,,,X 全窗基线 · 不参与实体赏罚,8391782,840,A168_HF9F_20260827_0900,2026-08-27 09:00:00
2026-04-23,142615618,1385,0,112.5566055024,63.8693296339,63.8693296339,0.8333333,8,6,0.46768832222222222,0.430156350000,1.7950395322925312,1.9947125976816154,1.7950395322925312,0.03753197222222222,ELIGIBLE,R03b_20260811_FULL_v1,L1_ELIGIBILITY,v2026-08-11,2026-03-21..2026-08-06,baccarat_bet02_101_all_pairs_incl_sentinel,round_win = game_pnl > 0 (decisive only),COMPATIBILITY_ONLY_NOT_PRODUCTION,41482.8302,37695.3747,481.4946,2758,2236,-0.01160708,-0.15915119,-0.01126008,-0.01160708,-481.4946,41482.8302,OK,0.0000,19.2598,4.0000,96.0000,AG03-UNRESOLVED,ALL5_LEVELS_bet23_to_bet27,19.2598,19.2598,19.2598,24.0747,24.0747,4.000000,4.000000,4.000000,5.000000,5.000000,96.000000,96.000000,96.000000,95.000000,95.000000,5.0,105.9288,97.0336,375.5658,384.461,PENDING_AG03,FALSE,NOT_FOR_ENFORCEMENT,462.2348,36187.5597,481.4946,462.2348,19.2598,0.01160708,0.01114280,19.2598,462.2348,0.01114280,19.2598,19.2598,19.2598,24.0747,24.0747,462.2348,0.01114280,105.9288,97.0336,375.5658,384.461,0.00905352,0.00926795,0.00046428,15.0409,16.8584,0.2153,11.7438,0.4291,1011.7763,54.5366,10.8148,15.0547,10.2862,13.088,13.088,26.176,34.6568,52.3519,13.088,-5.1891,2.647988,4.0,1.149216,29,158,24,5,0.00234634,0.01160708,0.15915119,0E-8,0.000000,0.908698,0.000000,-0.14789112,2026-04-14,2026-07-10,41,1122,472,88,0.465909,0.718364,0.719024,0.007821,,,,,,,,GLOBAL_BASELINE_NO_ENTITY_RANKING,,,NOT_APPLICABLE_GLOBAL_BASELINE,HF9g-P5,,,,X 全窗基线 · 不参与实体赏罚,8391783,840,A168_HF9F_20260827_0900,2026-08-27 09:00:00
2026-04-23,142615618,1400,0,225.1132110048,103.9185404289,103.9185404289,0.6923077,17,14,0.46006710000000000,0.455321353571,1.680077525298689,1.7157966033647831,1.680077525298689,0.00474574642900000,ELIGIBLE,R03b_20260811_FULL_v1,L1_ELIGIBILITY,v2026-08-11,2026-03-21..2026-08-06,baccarat_bet02_101_all_pairs_incl_sentinel,round_win = game_pnl > 0 (decisive only),COMPATIBILITY_ONLY_NOT_PRODUCTION,41482.8302,37695.3747,481.4946,2758,2236,-0.01160708,-0.15915119,-0.01126008,-0.01160708,-481.4946,41482.8302,OK,0.0000,19.2598,4.0000,96.0000,AG03-UNRESOLVED,ALL5_LEVELS_bet23_to_bet27,19.2598,19.2598,19.2598,24.0747,24.0747,4.000000,4.000000,4.000000,5.000000,5.000000,96.000000,96.000000,96.000000,95.000000,95.000000,5.0,105.9288,97.0336,375.5658,384.461,PENDING_AG03,FALSE,NOT_FOR_ENFORCEMENT,462.2348,36187.5597,481.4946,462.2348,19.2598,0.01160708,0.01114280,19.2598,462.2348,0.01114280,19.2598,19.2598,19.2598,24.0747,24.0747,462.2348,0.01114280,105.9288,97.0336,375.5658,384.461,0.00905352,0.00926795,0.00046428,15.0409,16.8584,0.2153,11.7438,0.4291,1011.7763,54.5366,10.8148,15.0547,10.2862,13.088,13.088,26.176,34.6568,52.3519,13.088,-5.1891,2.647988,4.0,1.149216,29,158,24,5,0.00234634,0.01160708,0.15915119,0E-8,0.000000,0.908698,0.000000,-0.14789112,2026-04-14,2026-07-10,41,1122,472,88,0.465909,0.718364,0.719024,0.007821,,,,,,,,GLOBAL_BASELINE_NO_ENTITY_RANKING,,,NOT_APPLICABLE_GLOBAL_BASELINE,HF9g-P5,,,,X 全窗基线 · 不参与实体赏罚,8391784,840,A168_HF9F_20260827_0900,2026-08-27 09:00:00
2026-04-23,142615618,1405,0,52.3519095359,52.3519095359,52.3519095359,1.0000000,1,1,0.49324550000000000,0.493245500000,1.01360149184955,1.01360149184955,1.01360149184955,0E-17,ELIGIBLE,R03b_20260811_FULL_v1,L1_ELIGIBILITY,v2026-08-11,2026-03-21..2026-08-06,baccarat_bet02_101_all_pairs_incl_sentinel,round_win = game_pnl > 0 (decisive only),COMPATIBILITY_ONLY_NOT_PRODUCTION,41482.8302,37695.3747,481.4946,2758,2236,-0.01160708,-0.15915119,-0.01126008,-0.01160708,-481.4946,41482.8302,OK,0.0000,19.2598,4.0000,96.0000,AG03-UNRESOLVED,ALL5_LEVELS_bet23_to_bet27,19.2598,19.2598,19.2598,24.0747,24.0747,4.000000,4.000000,4.000000,5.000000,5.000000,96.000000,96.000000,96.000000,95.000000,95.000000,5.0,105.9288,97.0336,375.5658,384.461,PENDING_AG03,FALSE,NOT_FOR_ENFORCEMENT,462.2348,36187.5597,481.4946,462.2348,19.2598,0.01160708,0.01114280,19.2598,462.2348,0.01114280,19.2598,19.2598,19.2598,24.0747,24.0747,462.2348,0.01114280,105.9288,97.0336,375.5658,384.461,0.00905352,0.00926795,0.00046428,15.0409,16.8584,0.2153,11.7438,0.4291,1011.7763,54.5366,10.8148,15.0547,10.2862,13.088,13.088,26.176,34.6568,52.3519,13.088,-5.1891,2.647988,4.0,1.149216,29,158,24,5,0.00234634,0.01160708,0.15915119,0E-8,0.000000,0.908698,0.000000,-0.14789112,2026-04-14,2026-07-10,41,1122,472,88,0.465909,0.718364,0.719024,0.007821,,,,,,,,GLOBAL_BASELINE_NO_ENTITY_RANKING,,,NOT_APPLICABLE_GLOBAL_BASELINE,HF9g-P5,,,,X 全窗基线 · 不参与实体赏罚,8391785,840,A168_HF9F_20260827_0900,2026-08-27 09:00:00
2026-04-23,142615618,1485,0,36.6463366752,-36.6463366752,-36.6463366752,0E-7,3,3,0.50218230000000000,0.502182300000,-1.7396270863184011,-1.7396270863184016,-1.7396270863184011,0E-17,ELIGIBLE,R03b_20260811_FULL_v1,L1_ELIGIBILITY,v2026-08-11,2026-03-21..2026-08-06,baccarat_bet02_101_all_pairs_incl_sentinel,round_win = game_pnl > 0 (decisive only),COMPATIBILITY_ONLY_NOT_PRODUCTION,41482.8302,37695.3747,481.4946,2758,2236,-0.01160708,-0.15915119,-0.01126008,-0.01160708,-481.4946,41482.8302,OK,0.0000,19.2598,4.0000,96.0000,AG03-UNRESOLVED,ALL5_LEVELS_bet23_to_bet27,19.2598,19.2598,19.2598,24.0747,24.0747,4.000000,4.000000,4.000000,5.000000,5.000000,96.000000,96.000000,96.000000,95.000000,95.000000,5.0,105.9288,97.0336,375.5658,384.461,PENDING_AG03,FALSE,NOT_FOR_ENFORCEMENT,462.2348,36187.5597,481.4946,462.2348,19.2598,0.01160708,0.01114280,19.2598,462.2348,0.01114280,19.2598,19.2598,19.2598,24.0747,24.0747,462.2348,0.01114280,105.9288,97.0336,375.5658,384.461,0.00905352,0.00926795,0.00046428,15.0409,16.8584,0.2153,11.7438,0.4291,1011.7763,54.5366,10.8148,15.0547,10.2862,13.088,13.088,26.176,34.6568,52.3519,13.088,-5.1891,2.647988,4.0,1.149216,29,158,24,5,0.00234634,0.01160708,0.15915119,0E-8,0.000000,0.908698,0.000000,-0.14789112,2026-04-14,2026-07-10,41,1122,472,88,0.465909,0.718364,0.719024,0.007821,,,,,,,,GLOBAL_BASELINE_NO_ENTITY_RANKING,,,NOT_APPLICABLE_GLOBAL_BASELINE,HF9g-P5,,,,X 全窗基线 · 不参与实体赏罚,8391786,840,A168_HF9F_20260827_0900,2026-08-27 09:00:00
2026-04-23,142615618,1491,0,13.0879773840,13.0879773840,13.0879773840,1.0000000,1,1,0.49324550000000000,0.493245500000,1.01360149184955,1.01360149184955,1.01360149184955,0E-17,ELIGIBLE,R03b_20260811_FULL_v1,L1_ELIGIBILITY,v2026-08-11,2026-03-21..2026-08-06,baccarat_bet02_101_all_pairs_incl_sentinel,round_win = game_pnl > 0 (decisive only),COMPATIBILITY_ONLY_NOT_PRODUCTION,41482.8302,37695.3747,481.4946,2758,2236,-0.01160708,-0.15915119,-0.01126008,-0.01160708,-481.4946,41482.8302,OK,0.0000,19.2598,4.0000,96.0000,AG03-UNRESOLVED,ALL5_LEVELS_bet23_to_bet27,19.2598,19.2598,19.2598,24.0747,24.0747,4.000000,4.000000,4.000000,5.000000,5.000000,96.000000,96.000000,96.000000,95.000000,95.000000,5.0,105.9288,97.0336,375.5658,384.461,PENDING_AG03,FALSE,NOT_FOR_ENFORCEMENT,462.2348,36187.5597,481.4946,462.2348,19.2598,0.01160708,0.01114280,19.2598,462.2348,0.01114280,19.2598,19.2598,19.2598,24.0747,24.0747,462.2348,0.01114280,105.9288,97.0336,375.5658,384.461,0.00905352,0.00926795,0.00046428,15.0409,16.8584,0.2153,11.7438,0.4291,1011.7763,54.5366,10.8148,15.0547,10.2862,13.088,13.088,26.176,34.6568,52.3519,13.088,-5.1891,2.647988,4.0,1.149216,29,158,24,5,0.00234634,0.01160708,0.15915119,0E-8,0.000000,0.908698,0.000000,-0.14789112,2026-04-14,2026-07-10,41,1122,472,88,0.465909,0.718364,0.719024,0.007821,,,,,,,,GLOBAL_BASELINE_NO_ENTITY_RANKING,,,NOT_APPLICABLE_GLOBAL_BASELINE,HF9g-P5,,,,X 全窗基线 · 不参与实体赏罚,8391787,840,A168_HF9F_20260827_0900,2026-08-27 09:00:00
2026-04-23,142615618,1646,0,26.1759547680,24.8671570296,24.8671570296,1.0000000,1,1,0.50665070000000000,0.506650700000,0.9867858985152569,0.9867858985152569,0.9867858985152569,0E-17,ELIGIBLE,R03b_20260811_FULL_v1,L1_ELIGIBILITY,v2026-08-11,2026-03-21..2026-08-06,baccarat_bet02_101_all_pairs_incl_sentinel,round_win = game_pnl > 0 (decisive only),COMPATIBILITY_ONLY_NOT_PRODUCTION,41482.8302,37695.3747,481.4946,2758,2236,-0.01160708,-0.15915119,-0.01126008,-0.01160708,-481.4946,41482.8302,OK,0.0000,19.2598,4.0000,96.0000,AG03-UNRESOLVED,ALL5_LEVELS_bet23_to_bet27,19.2598,19.2598,19.2598,24.0747,24.0747,4.000000,4.000000,4.000000,5.000000,5.000000,96.000000,96.000000,96.000000,95.000000,95.000000,5.0,105.9288,97.0336,375.5658,384.461,PENDING_AG03,FALSE,NOT_FOR_ENFORCEMENT,462.2348,36187.5597,481.4946,462.2348,19.2598,0.01160708,0.01114280,19.2598,462.2348,0.01114280,19.2598,19.2598,19.2598,24.0747,24.0747,462.2348,0.01114280,105.9288,97.0336,375.5658,384.461,0.00905352,0.00926795,0.00046428,15.0409,16.8584,0.2153,11.7438,0.4291,1011.7763,54.5366,10.8148,15.0547,10.2862,13.088,13.088,26.176,34.6568,52.3519,13.088,-5.1891,2.647988,4.0,1.149216,29,158,24,5,0.00234634,0.01160708,0.15915119,0E-8,0.000000,0.908698,0.000000,-0.14789112,2026-04-14,2026-07-10,41,1122,472,88,0.465909,0.718364,0.719024,0.007821,,,,,,,,GLOBAL_BASELINE_NO_ENTITY_RANKING,,,NOT_APPLICABLE_GLOBAL_BASELINE,HF9g-P5,,,,X 全窗基线 · 不参与实体赏罚,8391788,840,A168_HF9F_20260827_0900,2026-08-27 09:00:00
2026-04-23,142615618,1654,0,136.1149647935,-104.9655786196,-104.9655786196,0.2857143,7,7,0.49516052857142857,0.495160528571,-1.108337260079107,-1.1083372600768482,-1.108337260079107,4.2857E-13,ELIGIBLE,R03b_20260811_FULL_v1,L1_ELIGIBILITY,v2026-08-11,2026-03-21..2026-08-06,baccarat_bet02_101_all_pairs_incl_sentinel,round_win = game_pnl > 0 (decisive only),COMPATIBILITY_ONLY_NOT_PRODUCTION,41482.8302,37695.3747,481.4946,2758,2236,-0.01160708,-0.15915119,-0.01126008,-0.01160708,-481.4946,41482.8302,OK,0.0000,19.2598,4.0000,96.0000,AG03-UNRESOLVED,ALL5_LEVELS_bet23_to_bet27,19.2598,19.2598,19.2598,24.0747,24.0747,4.000000,4.000000,4.000000,5.000000,5.000000,96.000000,96.000000,96.000000,95.000000,95.000000,5.0,105.9288,97.0336,375.5658,384.461,PENDING_AG03,FALSE,NOT_FOR_ENFORCEMENT,462.2348,36187.5597,481.4946,462.2348,19.2598,0.01160708,0.01114280,19.2598,462.2348,0.01114280,19.2598,19.2598,19.2598,24.0747,24.0747,462.2348,0.01114280,105.9288,97.0336,375.5658,384.461,0.00905352,0.00926795,0.00046428,15.0409,16.8584,0.2153,11.7438,0.4291,1011.7763,54.5366,10.8148,15.0547,10.2862,13.088,13.088,26.176,34.6568,52.3519,13.088,-5.1891,2.647988,4.0,1.149216,29,158,24,5,0.00234634,0.01160708,0.15915119,0E-8,0.000000,0.908698,0.000000,-0.14789112,2026-04-14,2026-07-10,41,1122,472,88,0.465909,0.718364,0.719024,0.007821,,,,,,,,GLOBAL_BASELINE_NO_ENTITY_RANKING,,,NOT_APPLICABLE_GLOBAL_BASELINE,HF9g-P5,,,,X 全窗基线 · 不参与实体赏罚,8391789,840,A168_HF9F_20260827_0900,2026-08-27 09:00:00
2026-04-23,142615618,1702,0,94.2334371648,-68.0574823968,-68.0574823968,0E-7,8,6,0.45628929000000000,0.437976050000,-2.0484303218274036,-1.9739346560394662,-2.0484303218274036,0.01831324000000000,ELIGIBLE,R03b_20260811_FULL_v1,L1_ELIGIBILITY,v2026-08-11,2026-03-21..2026-08-06,baccarat_bet02_101_all_pairs_incl_sentinel,round_win = game_pnl > 0 (decisive only),COMPATIBILITY_ONLY_NOT_PRODUCTION,41482.8302,37695.3747,481.4946,2758,2236,-0.01160708,-0.15915119,-0.01126008,-0.01160708,-481.4946,41482.8302,OK,0.0000,19.2598,4.0000,96.0000,AG03-UNRESOLVED,ALL5_LEVELS_bet23_to_bet27,19.2598,19.2598,19.2598,24.0747,24.0747,4.000000,4.000000,4.000000,5.000000,5.000000,96.000000,96.000000,96.000000,95.000000,95.000000,5.0,105.9288,97.0336,375.5658,384.461,PENDING_AG03,FALSE,NOT_FOR_ENFORCEMENT,462.2348,36187.5597,481.4946,462.2348,19.2598,0.01160708,0.01114280,19.2598,462.2348,0.01114280,19.2598,19.2598,19.2598,24.0747,24.0747,462.2348,0.01114280,105.9288,97.0336,375.5658,384.461,0.00905352,0.00926795,0.00046428,15.0409,16.8584,0.2153,11.7438,0.4291,1011.7763,54.5366,10.8148,15.0547,10.2862,13.088,13.088,26.176,34.6568,52.3519,13.088,-5.1891,2.647988,4.0,1.149216,29,158,24,5,0.00234634,0.01160708,0.15915119,0E-8,0.000000,0.908698,0.000000,-0.14789112,2026-04-14,2026-07-10,41,1122,472,88,0.465909,0.718364,0.719024,0.007821,,,,,,,,GLOBAL_BASELINE_NO_ENTITY_RANKING,,,NOT_APPLICABLE_GLOBAL_BASELINE,HF9g-P5,,,,X 全窗基线 · 不参与实体赏罚,8391790,840,A168_HF9F_20260827_0900,2026-08-27 09:00:00
2026-04-23,142615618,1942,0,141.3501557471,84.6792136743,84.6792136743,0.7500000,13,10,0.41038168900000000,0.399617165000,1.9527948579243322,2.0232596241059695,1.9527948579243322,0.01076452400000000,ELIGIBLE,R03b_20260811_FULL_v1,L1_ELIGIBILITY,v2026-08-11,2026-03-21..2026-08-06,baccarat_bet02_101_all_pairs_incl_sentinel,round_win = game_pnl > 0 (decisive only),COMPATIBILITY_ONLY_NOT_PRODUCTION,41482.8302,37695.3747,481.4946,2758,2236,-0.01160708,-0.15915119,-0.01126008,-0.01160708,-481.4946,41482.8302,OK,0.0000,19.2598,4.0000,96.0000,AG03-UNRESOLVED,ALL5_LEVELS_bet23_to_bet27,19.2598,19.2598,19.2598,24.0747,24.0747,4.000000,4.000000,4.000000,5.000000,5.000000,96.000000,96.000000,96.000000,95.000000,95.000000,5.0,105.9288,97.0336,375.5658,384.461,PENDING_AG03,FALSE,NOT_FOR_ENFORCEMENT,462.2348,36187.5597,481.4946,462.2348,19.2598,0.01160708,0.01114280,19.2598,462.2348,0.01114280,19.2598,19.2598,19.2598,24.0747,24.0747,462.2348,0.01114280,105.9288,97.0336,375.5658,384.461,0.00905352,0.00926795,0.00046428,15.0409,16.8584,0.2153,11.7438,0.4291,1011.7763,54.5366,10.8148,15.0547,10.2862,13.088,13.088,26.176,34.6568,52.3519,13.088,-5.1891,2.647988,4.0,1.149216,29,158,24,5,0.00234634,0.01160708,0.15915119,0E-8,0.000000,0.908698,0.000000,-0.14789112,2026-04-14,2026-07-10,41,1122,472,88,0.465909,0.718364,0.719024,0.007821,,,,,,,,GLOBAL_BASELINE_NO_ENTITY_RANKING,,,NOT_APPLICABLE_GLOBAL_BASELINE,HF9g-P5,,,,X 全窗基线 · 不参与实体赏罚,8391791,840,A168_HF9F_20260827_0900,2026-08-27 09:00:00
2026-04-23,142615618,1951,0,26.1759547680,26.1759547680,26.1759547680,1.0000000,1,1,0.49324550000000000,0.493245500000,1.01360149184955,1.01360149184955,1.01360149184955,0E-17,ELIGIBLE,R03b_20260811_FULL_v1,L1_ELIGIBILITY,v2026-08-11,2026-03-21..2026-08-06,baccarat_bet02_101_all_pairs_incl_sentinel,round_win = game_pnl > 0 (decisive only),COMPATIBILITY_ONLY_NOT_PRODUCTION,41482.8302,37695.3747,481.4946,2758,2236,-0.01160708,-0.15915119,-0.01126008,-0.01160708,-481.4946,41482.8302,OK,0.0000,19.2598,4.0000,96.0000,AG03-UNRESOLVED,ALL5_LEVELS_bet23_to_bet27,19.2598,19.2598,19.2598,24.0747,24.0747,4.000000,4.000000,4.000000,5.000000,5.000000,96.000000,96.000000,96.000000,95.000000,95.000000,5.0,105.9288,97.0336,375.5658,384.461,PENDING_AG03,FALSE,NOT_FOR_ENFORCEMENT,462.2348,36187.5597,481.4946,462.2348,19.2598,0.01160708,0.01114280,19.2598,462.2348,0.01114280,19.2598,19.2598,19.2598,24.0747,24.0747,462.2348,0.01114280,105.9288,97.0336,375.5658,384.461,0.00905352,0.00926795,0.00046428,15.0409,16.8584,0.2153,11.7438,0.4291,1011.7763,54.5366,10.8148,15.0547,10.2862,13.088,13.088,26.176,34.6568,52.3519,13.088,-5.1891,2.647988,4.0,1.149216,29,158,24,5,0.00234634,0.01160708,0.15915119,0E-8,0.000000,0.908698,0.000000,-0.14789112,2026-04-14,2026-07-10,41,1122,472,88,0.465909,0.718364,0.719024,0.007821,,,,,,,,GLOBAL_BASELINE_NO_ENTITY_RANKING,,,NOT_APPLICABLE_GLOBAL_BASELINE,HF9g-P5,,,,X 全窗基线 · 不参与实体赏罚,8391792,840,A168_HF9F_20260827_0900,2026-08-27 09:00:00
2026-04-23,142615618,1963,0,75.9102688272,1.9631966076,1.9631966076,0.6000000,7,5,0.45228240285714286,0.417538520000,0.6636422761918984,0.8273215119422916,0.6636422761918984,0.03474388285714286,ELIGIBLE,R03b_20260811_FULL_v1,L1_ELIGIBILITY,v2026-08-11,2026-03-21..2026-08-06,baccarat_bet02_101_all_pairs_incl_sentinel,round_win = game_pnl > 0 (decisive only),COMPATIBILITY_ONLY_NOT_PRODUCTION,41482.8302,37695.3747,481.4946,2758,2236,-0.01160708,-0.15915119,-0.01126008,-0.01160708,-481.4946,41482.8302,OK,0.0000,19.2598,4.0000,96.0000,AG03-UNRESOLVED,ALL5_LEVELS_bet23_to_bet27,19.2598,19.2598,19.2598,24.0747,24.0747,4.000000,4.000000,4.000000,5.000000,5.000000,96.000000,96.000000,96.000000,95.000000,95.000000,5.0,105.9288,97.0336,375.5658,384.461,PENDING_AG03,FALSE,NOT_FOR_ENFORCEMENT,462.2348,36187.5597,481.4946,462.2348,19.2598,0.01160708,0.01114280,19.2598,462.2348,0.01114280,19.2598,19.2598,19.2598,24.0747,24.0747,462.2348,0.01114280,105.9288,97.0336,375.5658,384.461,0.00905352,0.00926795,0.00046428,15.0409,16.8584,0.2153,11.7438,0.4291,1011.7763,54.5366,10.8148,15.0547,10.2862,13.088,13.088,26.176,34.6568,52.3519,13.088,-5.1891,2.647988,4.0,1.149216,29,158,24,5,0.00234634,0.01160708,0.15915119,0E-8,0.000000,0.908698,0.000000,-0.14789112,2026-04-14,2026-07-10,41,1122,472,88,0.465909,0.718364,0.719024,0.007821,,,,,,,,GLOBAL_BASELINE_NO_ENTITY_RANKING,,,NOT_APPLICABLE_GLOBAL_BASELINE,HF9g-P5,,,,X 全窗基线 · 不参与实体赏罚,8391793,840,A168_HF9F_20260827_0900,2026-08-27 09:00:00
2026-04-23,142615618,1966,0,266.9947386332,54.3151061435,54.3151061435,0.5000000,7,7,0.50473567142857143,0.504735671429,-0.01894353541091367,-0.01894353541262818,-0.01894353541091367,-4.2857E-13,ELIGIBLE,R03b_20260811_FULL_v1,L1_ELIGIBILITY,v2026-08-11,2026-03-21..2026-08-06,baccarat_bet02_101_all_pairs_incl_sentinel,round_win = game_pnl > 0 (decisive only),COMPATIBILITY_ONLY_NOT_PRODUCTION,41482.8302,37695.3747,481.4946,2758,2236,-0.01160708,-0.15915119,-0.01126008,-0.01160708,-481.4946,41482.8302,OK,0.0000,19.2598,4.0000,96.0000,AG03-UNRESOLVED,ALL5_LEVELS_bet23_to_bet27,19.2598,19.2598,19.2598,24.0747,24.0747,4.000000,4.000000,4.000000,5.000000,5.000000,96.000000,96.000000,96.000000,95.000000,95.000000,5.0,105.9288,97.0336,375.5658,384.461,PENDING_AG03,FALSE,NOT_FOR_ENFORCEMENT,462.2348,36187.5597,481.4946,462.2348,19.2598,0.01160708,0.01114280,19.2598,462.2348,0.01114280,19.2598,19.2598,19.2598,24.0747,24.0747,462.2348,0.01114280,105.9288,97.0336,375.5658,384.461,0.00905352,0.00926795,0.00046428,15.0409,16.8584,0.2153,11.7438,0.4291,1011.7763,54.5366,10.8148,15.0547,10.2862,13.088,13.088,26.176,34.6568,52.3519,13.088,-5.1891,2.647988,4.0,1.149216,29,158,24,5,0.00234634,0.01160708,0.15915119,0E-8,0.000000,0.908698,0.000000,-0.14789112,2026-04-14,2026-07-10,41,1122,472,88,0.465909,0.718364,0.719024,0.007821,,,,,,,,GLOBAL_BASELINE_NO_ENTITY_RANKING,,,NOT_APPLICABLE_GLOBAL_BASELINE,HF9g-P5,,,,X 全窗基线 · 不参与实体赏罚,8391794,840,A168_HF9F_20260827_0900,2026-08-27 09:00:00
2026-04-23,142615618,2075,0,65.4398869200,57.3253409418,57.3253409418,0.6666667,6,3,0.35310730714285714,0.296158350000,1.136346872145756,1.4055914798160598,1.136346872145756,0.05694895714285714,ELIGIBLE,R03b_20260811_FULL_v1,L1_ELIGIBILITY,v2026-08-11,2026-03-21..2026-08-06,baccarat_bet02_101_all_pairs_incl_sentinel,round_win = game_pnl > 0 (decisive only),COMPATIBILITY_ONLY_NOT_PRODUCTION,41482.8302,37695.3747,481.4946,2758,2236,-0.01160708,-0.15915119,-0.01126008,-0.01160708,-481.4946,41482.8302,OK,0.0000,19.2598,4.0000,96.0000,AG03-UNRESOLVED,ALL5_LEVELS_bet23_to_bet27,19.2598,19.2598,19.2598,24.0747,24.0747,4.000000,4.000000,4.000000,5.000000,5.000000,96.000000,96.000000,96.000000,95.000000,95.000000,5.0,105.9288,97.0336,375.5658,384.461,PENDING_AG03,FALSE,NOT_FOR_ENFORCEMENT,462.2348,36187.5597,481.4946,462.2348,19.2598,0.01160708,0.01114280,19.2598,462.2348,0.01114280,19.2598,19.2598,19.2598,24.0747,24.0747,462.2348,0.01114280,105.9288,97.0336,375.5658,384.461,0.00905352,0.00926795,0.00046428,15.0409,16.8584,0.2153,11.7438,0.4291,1011.7763,54.5366,10.8148,15.0547,10.2862,13.088,13.088,26.176,34.6568,52.3519,13.088,-5.1891,2.647988,4.0,1.149216,29,158,24,5,0.00234634,0.01160708,0.15915119,0E-8,0.000000,0.908698,0.000000,-0.14789112,2026-04-14,2026-07-10,41,1122,472,88,0.465909,0.718364,0.719024,0.007821,,,,,,,,GLOBAL_BASELINE_NO_ENTITY_RANKING,,,NOT_APPLICABLE_GLOBAL_BASELINE,HF9g-P5,,,,X 全窗基线 · 不参与实体赏罚,8391795,840,A168_HF9F_20260827_0900,2026-08-27 09:00:00
2026-04-23,142615618,2088,0,13.0879773840,-13.0879773840,-13.0879773840,0E-7,1,1,0.49324550000000000,0.493245500000,-0.9865810262130424,-0.9865810262130424,-0.9865810262130424,0E-17,ELIGIBLE,R03b_20260811_FULL_v1,L1_ELIGIBILITY,v2026-08-11,2026-03-21..2026-08-06,baccarat_bet02_101_all_pairs_incl_sentinel,round_win = game_pnl > 0 (decisive only),COMPATIBILITY_ONLY_NOT_PRODUCTION,41482.8302,37695.3747,481.4946,2758,2236,-0.01160708,-0.15915119,-0.01126008,-0.01160708,-481.4946,41482.8302,OK,0.0000,19.2598,4.0000,96.0000,AG03-UNRESOLVED,ALL5_LEVELS_bet23_to_bet27,19.2598,19.2598,19.2598,24.0747,24.0747,4.000000,4.000000,4.000000,5.000000,5.000000,96.000000,96.000000,96.000000,95.000000,95.000000,5.0,105.9288,97.0336,375.5658,384.461,PENDING_AG03,FALSE,NOT_FOR_ENFORCEMENT,462.2348,36187.5597,481.4946,462.2348,19.2598,0.01160708,0.01114280,19.2598,462.2348,0.01114280,19.2598,19.2598,19.2598,24.0747,24.0747,462.2348,0.01114280,105.9288,97.0336,375.5658,384.461,0.00905352,0.00926795,0.00046428,15.0409,16.8584,0.2153,11.7438,0.4291,1011.7763,54.5366,10.8148,15.0547,10.2862,13.088,13.088,26.176,34.6568,52.3519,13.088,-5.1891,2.647988,4.0,1.149216,29,158,24,5,0.00234634,0.01160708,0.15915119,0E-8,0.000000,0.908698,0.000000,-0.14789112,2026-04-14,2026-07-10,41,1122,472,88,0.465909,0.718364,0.719024,0.007821,,,,,,,,GLOBAL_BASELINE_NO_ENTITY_RANKING,,,NOT_APPLICABLE_GLOBAL_BASELINE,HF9g-P5,,,,X 全窗基线 · 不参与实体赏罚,8391796,840,A168_HF9F_20260827_0900,2026-08-27 09:00:00
2026-04-23,142615618,2093,0,219.8780200512,13.4806167053,13.4806167053,0.4666667,20,15,0.44516393190476190,0.434848170000,0.16757028175589245,0.24858441305394913,0.16757028175589245,0.01031576190476190,ELIGIBLE,R03b_20260811_FULL_v1,L1_ELIGIBILITY,v2026-08-11,2026-03-21..2026-08-06,baccarat_bet02_101_all_pairs_incl_sentinel,round_win = game_pnl > 0 (decisive only),COMPATIBILITY_ONLY_NOT_PRODUCTION,41482.8302,37695.3747,481.4946,2758,2236,-0.01160708,-0.15915119,-0.01126008,-0.01160708,-481.4946,41482.8302,OK,0.0000,19.2598,4.0000,96.0000,AG03-UNRESOLVED,ALL5_LEVELS_bet23_to_bet27,19.2598,19.2598,19.2598,24.0747,24.0747,4.000000,4.000000,4.000000,5.000000,5.000000,96.000000,96.000000,96.000000,95.000000,95.000000,5.0,105.9288,97.0336,375.5658,384.461,PENDING_AG03,FALSE,NOT_FOR_ENFORCEMENT,462.2348,36187.5597,481.4946,462.2348,19.2598,0.01160708,0.01114280,19.2598,462.2348,0.01114280,19.2598,19.2598,19.2598,24.0747,24.0747,462.2348,0.01114280,105.9288,97.0336,375.5658,384.461,0.00905352,0.00926795,0.00046428,15.0409,16.8584,0.2153,11.7438,0.4291,1011.7763,54.5366,10.8148,15.0547,10.2862,13.088,13.088,26.176,34.6568,52.3519,13.088,-5.1891,2.647988,4.0,1.149216,29,158,24,5,0.00234634,0.01160708,0.15915119,0E-8,0.000000,0.908698,0.000000,-0.14789112,2026-04-14,2026-07-10,41,1122,472,88,0.465909,0.718364,0.719024,0.007821,,,,,,,,GLOBAL_BASELINE_NO_ENTITY_RANKING,,,NOT_APPLICABLE_GLOBAL_BASELINE,HF9g-P5,,,,X 全窗基线 · 不参与实体赏罚,8391797,840,A168_HF9F_20260827_0900,2026-08-27 09:00:00
2026-04-23,142615618,2103,0,13.0879773840,-13.0879773840,-13.0879773840,0E-7,1,1,0.49324550000000000,0.493245500000,-0.9865810262130424,-0.9865810262130424,-0.9865810262130424,0E-17,ELIGIBLE,R03b_20260811_FULL_v1,L1_ELIGIBILITY,v2026-08-11,2026-03-21..2026-08-06,baccarat_bet02_101_all_pairs_incl_sentinel,round_win = game_pnl > 0 (decisive only),COMPATIBILITY_ONLY_NOT_PRODUCTION,41482.8302,37695.3747,481.4946,2758,2236,-0.01160708,-0.15915119,-0.01126008,-0.01160708,-481.4946,41482.8302,OK,0.0000,19.2598,4.0000,96.0000,AG03-UNRESOLVED,ALL5_LEVELS_bet23_to_bet27,19.2598,19.2598,19.2598,24.0747,24.0747,4.000000,4.000000,4.000000,5.000000,5.000000,96.000000,96.000000,96.000000,95.000000,95.000000,5.0,105.9288,97.0336,375.5658,384.461,PENDING_AG03,FALSE,NOT_FOR_ENFORCEMENT,462.2348,36187.5597,481.4946,462.2348,19.2598,0.01160708,0.01114280,19.2598,462.2348,0.01114280,19.2598,19.2598,19.2598,24.0747,24.0747,462.2348,0.01114280,105.9288,97.0336,375.5658,384.461,0.00905352,0.00926795,0.00046428,15.0409,16.8584,0.2153,11.7438,0.4291,1011.7763,54.5366,10.8148,15.0547,10.2862,13.088,13.088,26.176,34.6568,52.3519,13.088,-5.1891,2.647988,4.0,1.149216,29,158,24,5,0.00234634,0.01160708,0.15915119,0E-8,0.000000,0.908698,0.000000,-0.14789112,2026-04-14,2026-07-10,41,1122,472,88,0.465909,0.718364,0.719024,0.007821,,,,,,,,GLOBAL_BASELINE_NO_ENTITY_RANKING,,,NOT_APPLICABLE_GLOBAL_BASELINE,HF9g-P5,,,,X 全窗基线 · 不参与实体赏罚,8391798,840,A168_HF9F_20260827_0900,2026-08-27 09:00:00
2026-04-23,142615618,2117,0,18.3231683376,-18.3231683376,-18.3231683376,0E-7,2,1,0.38892272857142857,0.300626750000,-0.7977808304440328,-0.655630731788307,-0.7977808304440328,0.08829597857142857,ELIGIBLE,R03b_20260811_FULL_v1,L1_ELIGIBILITY,v2026-08-11,2026-03-21..2026-08-06,baccarat_bet02_101_all_pairs_incl_sentinel,round_win = game_pnl > 0 (decisive only),COMPATIBILITY_ONLY_NOT_PRODUCTION,41482.8302,37695.3747,481.4946,2758,2236,-0.01160708,-0.15915119,-0.01126008,-0.01160708,-481.4946,41482.8302,OK,0.0000,19.2598,4.0000,96.0000,AG03-UNRESOLVED,ALL5_LEVELS_bet23_to_bet27,19.2598,19.2598,19.2598,24.0747,24.0747,4.000000,4.000000,4.000000,5.000000,5.000000,96.000000,96.000000,96.000000,95.000000,95.000000,5.0,105.9288,97.0336,375.5658,384.461,PENDING_AG03,FALSE,NOT_FOR_ENFORCEMENT,462.2348,36187.5597,481.4946,462.2348,19.2598,0.01160708,0.01114280,19.2598,462.2348,0.01114280,19.2598,19.2598,19.2598,24.0747,24.0747,462.2348,0.01114280,105.9288,97.0336,375.5658,384.461,0.00905352,0.00926795,0.00046428,15.0409,16.8584,0.2153,11.7438,0.4291,1011.7763,54.5366,10.8148,15.0547,10.2862,13.088,13.088,26.176,34.6568,52.3519,13.088,-5.1891,2.647988,4.0,1.149216,29,158,24,5,0.00234634,0.01160708,0.15915119,0E-8,0.000000,0.908698,0.000000,-0.14789112,2026-04-14,2026-07-10,41,1122,472,88,0.465909,0.718364,0.719024,0.007821,,,,,,,,GLOBAL_BASELINE_NO_ENTITY_RANKING,,,NOT_APPLICABLE_GLOBAL_BASELINE,HF9g-P5,,,,X 全窗基线 · 不参与实体赏罚,8391799,840,A168_HF9F_20260827_0900,2026-08-27 09:00:00
2026-04-23,142615618,2121,0,28.7935502448,-3.2719943460,-3.2719943460,0.5000000,3,2,0.43350765000000000,0.400287425000,0.18975414545137817,0.2878109933178697,0.18975414545137817,0.03322022500000000,ELIGIBLE,R03b_20260811_FULL_v1,L1_ELIGIBILITY,v2026-08-11,2026-03-21..2026-08-06,baccarat_bet02_101_all_pairs_incl_sentinel,round_win = game_pnl > 0 (decisive only),COMPATIBILITY_ONLY_NOT_PRODUCTION,41482.8302,37695.3747,481.4946,2758,2236,-0.01160708,-0.15915119,-0.01126008,-0.01160708,-481.4946,41482.8302,OK,0.0000,19.2598,4.0000,96.0000,AG03-UNRESOLVED,ALL5_LEVELS_bet23_to_bet27,19.2598,19.2598,19.2598,24.0747,24.0747,4.000000,4.000000,4.000000,5.000000,5.000000,96.000000,96.000000,96.000000,95.000000,95.000000,5.0,105.9288,97.0336,375.5658,384.461,PENDING_AG03,FALSE,NOT_FOR_ENFORCEMENT,462.2348,36187.5597,481.4946,462.2348,19.2598,0.01160708,0.01114280,19.2598,462.2348,0.01114280,19.2598,19.2598,19.2598,24.0747,24.0747,462.2348,0.01114280,105.9288,97.0336,375.5658,384.461,0.00905352,0.00926795,0.00046428,15.0409,16.8584,0.2153,11.7438,0.4291,1011.7763,54.5366,10.8148,15.0547,10.2862,13.088,13.088,26.176,34.6568,52.3519,13.088,-5.1891,2.647988,4.0,1.149216,29,158,24,5,0.00234634,0.01160708,0.15915119,0E-8,0.000000,0.908698,0.000000,-0.14789112,2026-04-14,2026-07-10,41,1122,472,88,0.465909,0.718364,0.719024,0.007821,,,,,,,,GLOBAL_BASELINE_NO_ENTITY_RANKING,,,NOT_APPLICABLE_GLOBAL_BASELINE,HF9g-P5,,,,X 全窗基线 · 不参与实体赏罚,8391800,840,A168_HF9F_20260827_0900,2026-08-27 09:00:00
2026-04-23,142615618,2127,0,301.0234798319,72.1147553856,72.1147553856,0.4285714,25,16,0.38313348258928571,0.361239021875,0.349713224915656,0.5244711919376311,0.349713224915656,0.02189446071428571,ELIGIBLE,R03b_20260811_FULL_v1,L1_ELIGIBILITY,v2026-08-11,2026-03-21..2026-08-06,baccarat_bet02_101_all_pairs_incl_sentinel,round_win = game_pnl > 0 (decisive only),COMPATIBILITY_ONLY_NOT_PRODUCTION,41482.8302,37695.3747,481.4946,2758,2236,-0.01160708,-0.15915119,-0.01126008,-0.01160708,-481.4946,41482.8302,OK,0.0000,19.2598,4.0000,96.0000,AG03-UNRESOLVED,ALL5_LEVELS_bet23_to_bet27,19.2598,19.2598,19.2598,24.0747,24.0747,4.000000,4.000000,4.000000,5.000000,5.000000,96.000000,96.000000,96.000000,95.000000,95.000000,5.0,105.9288,97.0336,375.5658,384.461,PENDING_AG03,FALSE,NOT_FOR_ENFORCEMENT,462.2348,36187.5597,481.4946,462.2348,19.2598,0.01160708,0.01114280,19.2598,462.2348,0.01114280,19.2598,19.2598,19.2598,24.0747,24.0747,462.2348,0.01114280,105.9288,97.0336,375.5658,384.461,0.00905352,0.00926795,0.00046428,15.0409,16.8584,0.2153,11.7438,0.4291,1011.7763,54.5366,10.8148,15.0547,10.2862,13.088,13.088,26.176,34.6568,52.3519,13.088,-5.1891,2.647988,4.0,1.149216,29,158,24,5,0.00234634,0.01160708,0.15915119,0E-8,0.000000,0.908698,0.000000,-0.14789112,2026-04-14,2026-07-10,41,1122,472,88,0.465909,0.718364,0.719024,0.007821,,,,,,,,GLOBAL_BASELINE_NO_ENTITY_RANKING,,,NOT_APPLICABLE_GLOBAL_BASELINE,HF9g-P5,,,,X 全窗基线 · 不参与实体赏罚,8391801,840,A168_HF9F_20260827_0900,2026-08-27 09:00:00
2026-04-23,142615618,2129,0,10.4703819072,-10.4703819072,-10.4703819072,0E-7,1,1,0.50665070000000000,0.506650700000,-1.013391052207602,-1.013391052207602,-1.013391052207602,0E-17,ELIGIBLE,R03b_20260811_FULL_v1,L1_ELIGIBILITY,v2026-08-11,2026-03-21..2026-08-06,baccarat_bet02_101_all_pairs_incl_sentinel,round_win = game_pnl > 0 (decisive only),COMPATIBILITY_ONLY_NOT_PRODUCTION,41482.8302,37695.3747,481.4946,2758,2236,-0.01160708,-0.15915119,-0.01126008,-0.01160708,-481.4946,41482.8302,OK,0.0000,19.2598,4.0000,96.0000,AG03-UNRESOLVED,ALL5_LEVELS_bet23_to_bet27,19.2598,19.2598,19.2598,24.0747,24.0747,4.000000,4.000000,4.000000,5.000000,5.000000,96.000000,96.000000,96.000000,95.000000,95.000000,5.0,105.9288,97.0336,375.5658,384.461,PENDING_AG03,FALSE,NOT_FOR_ENFORCEMENT,462.2348,36187.5597,481.4946,462.2348,19.2598,0.01160708,0.01114280,19.2598,462.2348,0.01114280,19.2598,19.2598,19.2598,24.0747,24.0747,462.2348,0.01114280,105.9288,97.0336,375.5658,384.461,0.00905352,0.00926795,0.00046428,15.0409,16.8584,0.2153,11.7438,0.4291,1011.7763,54.5366,10.8148,15.0547,10.2862,13.088,13.088,26.176,34.6568,52.3519,13.088,-5.1891,2.647988,4.0,1.149216,29,158,24,5,0.00234634,0.01160708,0.15915119,0E-8,0.000000,0.908698,0.000000,-0.14789112,2026-04-14,2026-07-10,41,1122,472,88,0.465909,0.718364,0.719024,0.007821,,,,,,,,GLOBAL_BASELINE_NO_ENTITY_RANKING,,,NOT_APPLICABLE_GLOBAL_BASELINE,HF9g-P5,,,,X 全窗基线 · 不参与实体赏罚,8391802,840,A168_HF9F_20260827_0900,2026-08-27 09:00:00
2026-04-23,142615618,2130,0,44.4991231056,20.2863649452,20.2863649452,0.6666667,4,4,0.40028742500000000,0.400287425000,0.9416802335380992,0.9416802335380994,0.9416802335380992,0E-17,ELIGIBLE,R03b_20260811_FULL_v1,L1_ELIGIBILITY,v2026-08-11,2026-03-21..2026-08-06,baccarat_bet02_101_all_pairs_incl_sentinel,round_win = game_pnl > 0 (decisive only),COMPATIBILITY_ONLY_NOT_PRODUCTION,41482.8302,37695.3747,481.4946,2758,2236,-0.01160708,-0.15915119,-0.01126008,-0.01160708,-481.4946,41482.8302,OK,0.0000,19.2598,4.0000,96.0000,AG03-UNRESOLVED,ALL5_LEVELS_bet23_to_bet27,19.2598,19.2598,19.2598,24.0747,24.0747,4.000000,4.000000,4.000000,5.000000,5.000000,96.000000,96.000000,96.000000,95.000000,95.000000,5.0,105.9288,97.0336,375.5658,384.461,PENDING_AG03,FALSE,NOT_FOR_ENFORCEMENT,462.2348,36187.5597,481.4946,462.2348,19.2598,0.01160708,0.01114280,19.2598,462.2348,0.01114280,19.2598,19.2598,19.2598,24.0747,24.0747,462.2348,0.01114280,105.9288,97.0336,375.5658,384.461,0.00905352,0.00926795,0.00046428,15.0409,16.8584,0.2153,11.7438,0.4291,1011.7763,54.5366,10.8148,15.0547,10.2862,13.088,13.088,26.176,34.6568,52.3519,13.088,-5.1891,2.647988,4.0,1.149216,29,158,24,5,0.00234634,0.01160708,0.15915119,0E-8,0.000000,0.908698,0.000000,-0.14789112,2026-04-14,2026-07-10,41,1122,472,88,0.465909,0.718364,0.719024,0.007821,,,,,,,,GLOBAL_BASELINE_NO_ENTITY_RANKING,,,NOT_APPLICABLE_GLOBAL_BASELINE,HF9g-P5,,,,X 全窗基线 · 不参与实体赏罚,8391803,840,A168_HF9F_20260827_0900,2026-08-27 09:00:00
2026-04-23,142615618,2134,0,94.2334371648,5.2351909536,5.2351909536,0.5000000,7,6,0.48032677142857143,0.465610775000,0.07875389907410571,0.13788341363216353,0.07875389907410571,0.01471599642857143,ELIGIBLE,R03b_20260811_FULL_v1,L1_ELIGIBILITY,v2026-08-11,2026-03-21..2026-08-06,baccarat_bet02_101_all_pairs_incl_sentinel,round_win = game_pnl > 0 (decisive only),COMPATIBILITY_ONLY_NOT_PRODUCTION,41482.8302,37695.3747,481.4946,2758,2236,-0.01160708,-0.15915119,-0.01126008,-0.01160708,-481.4946,41482.8302,OK,0.0000,19.2598,4.0000,96.0000,AG03-UNRESOLVED,ALL5_LEVELS_bet23_to_bet27,19.2598,19.2598,19.2598,24.0747,24.0747,4.000000,4.000000,4.000000,5.000000,5.000000,96.000000,96.000000,96.000000,95.000000,95.000000,5.0,105.9288,97.0336,375.5658,384.461,PENDING_AG03,FALSE,NOT_FOR_ENFORCEMENT,462.2348,36187.5597,481.4946,462.2348,19.2598,0.01160708,0.01114280,19.2598,462.2348,0.01114280,19.2598,19.2598,19.2598,24.0747,24.0747,462.2348,0.01114280,105.9288,97.0336,375.5658,384.461,0.00905352,0.00926795,0.00046428,15.0409,16.8584,0.2153,11.7438,0.4291,1011.7763,54.5366,10.8148,15.0547,10.2862,13.088,13.088,26.176,34.6568,52.3519,13.088,-5.1891,2.647988,4.0,1.149216,29,158,24,5,0.00234634,0.01160708,0.15915119,0E-8,0.000000,0.908698,0.000000,-0.14789112,2026-04-14,2026-07-10,41,1122,472,88,0.465909,0.718364,0.719024,0.007821,,,,,,,,GLOBAL_BASELINE_NO_ENTITY_RANKING,,,NOT_APPLICABLE_GLOBAL_BASELINE,HF9g-P5,,,,X 全窗基线 · 不参与实体赏罚,8391804,840,A168_HF9F_20260827_0900,2026-08-27 09:00:00
2026-04-23,142615618,2156,0,54.9695050128,-54.9695050128,-54.9695050128,0E-7,4,4,0.49994810000000000,0.499948100000,-1.9997924107733216,-1.9997924107733216,-1.9997924107733216,0E-17,ELIGIBLE,R03b_20260811_FULL_v1,L1_ELIGIBILITY,v2026-08-11,2026-03-21..2026-08-06,baccarat_bet02_101_all_pairs_incl_sentinel,round_win = game_pnl > 0 (decisive only),COMPATIBILITY_ONLY_NOT_PRODUCTION,41482.8302,37695.3747,481.4946,2758,2236,-0.01160708,-0.15915119,-0.01126008,-0.01160708,-481.4946,41482.8302,OK,0.0000,19.2598,4.0000,96.0000,AG03-UNRESOLVED,ALL5_LEVELS_bet23_to_bet27,19.2598,19.2598,19.2598,24.0747,24.0747,4.000000,4.000000,4.000000,5.000000,5.000000,96.000000,96.000000,96.000000,95.000000,95.000000,5.0,105.9288,97.0336,375.5658,384.461,PENDING_AG03,FALSE,NOT_FOR_ENFORCEMENT,462.2348,36187.5597,481.4946,462.2348,19.2598,0.01160708,0.01114280,19.2598,462.2348,0.01114280,19.2598,19.2598,19.2598,24.0747,24.0747,462.2348,0.01114280,105.9288,97.0336,375.5658,384.461,0.00905352,0.00926795,0.00046428,15.0409,16.8584,0.2153,11.7438,0.4291,1011.7763,54.5366,10.8148,15.0547,10.2862,13.088,13.088,26.176,34.6568,52.3519,13.088,-5.1891,2.647988,4.0,1.149216,29,158,24,5,0.00234634,0.01160708,0.15915119,0E-8,0.000000,0.908698,0.000000,-0.14789112,2026-04-14,2026-07-10,41,1122,472,88,0.465909,0.718364,0.719024,0.007821,,,,,,,,GLOBAL_BASELINE_NO_ENTITY_RANKING,,,NOT_APPLICABLE_GLOBAL_BASELINE,HF9g-P5,,,,X 全窗基线 · 不参与实体赏罚,8391805,840,A168_HF9F_20260827_0900,2026-08-27 09:00:00
2026-04-23,142615618,2170,0,39.2639321520,-13.0879773840,-13.0879773840,0.5000000,2,2,0.49324550000000000,0.493245500000,0.01910635448239258,0.01910635448239258,0.01910635448239258,0E-17,ELIGIBLE,R03b_20260811_FULL_v1,L1_ELIGIBILITY,v2026-08-11,2026-03-21..2026-08-06,baccarat_bet02_101_all_pairs_incl_sentinel,round_win = game_pnl > 0 (decisive only),COMPATIBILITY_ONLY_NOT_PRODUCTION,41482.8302,37695.3747,481.4946,2758,2236,-0.01160708,-0.15915119,-0.01126008,-0.01160708,-481.4946,41482.8302,OK,0.0000,19.2598,4.0000,96.0000,AG03-UNRESOLVED,ALL5_LEVELS_bet23_to_bet27,19.2598,19.2598,19.2598,24.0747,24.0747,4.000000,4.000000,4.000000,5.000000,5.000000,96.000000,96.000000,96.000000,95.000000,95.000000,5.0,105.9288,97.0336,375.5658,384.461,PENDING_AG03,FALSE,NOT_FOR_ENFORCEMENT,462.2348,36187.5597,481.4946,462.2348,19.2598,0.01160708,0.01114280,19.2598,462.2348,0.01114280,19.2598,19.2598,19.2598,24.0747,24.0747,462.2348,0.01114280,105.9288,97.0336,375.5658,384.461,0.00905352,0.00926795,0.00046428,15.0409,16.8584,0.2153,11.7438,0.4291,1011.7763,54.5366,10.8148,15.0547,10.2862,13.088,13.088,26.176,34.6568,52.3519,13.088,-5.1891,2.647988,4.0,1.149216,29,158,24,5,0.00234634,0.01160708,0.15915119,0E-8,0.000000,0.908698,0.000000,-0.14789112,2026-04-14,2026-07-10,41,1122,472,88,0.465909,0.718364,0.719024,0.007821,,,,,,,,GLOBAL_BASELINE_NO_ENTITY_RANKING,,,NOT_APPLICABLE_GLOBAL_BASELINE,HF9g-P5,,,,X 全窗基线 · 不参与实体赏罚,8391806,840,A168_HF9F_20260827_0900,2026-08-27 09:00:00
2026-04-23,142615618,2174,0,164.9085150384,-8.2454257520,-8.2454257520,0.6250000,14,9,0.41733792095238095,0.389214016667,1.1911045675418983,1.367805074670597,1.1911045675418983,0.02812390428538095,ELIGIBLE,R03b_20260811_FULL_v1,L1_ELIGIBILITY,v2026-08-11,2026-03-21..2026-08-06,baccarat_bet02_101_all_pairs_incl_sentinel,round_win = game_pnl > 0 (decisive only),COMPATIBILITY_ONLY_NOT_PRODUCTION,41482.8302,37695.3747,481.4946,2758,2236,-0.01160708,-0.15915119,-0.01126008,-0.01160708,-481.4946,41482.8302,OK,0.0000,19.2598,4.0000,96.0000,AG03-UNRESOLVED,ALL5_LEVELS_bet23_to_bet27,19.2598,19.2598,19.2598,24.0747,24.0747,4.000000,4.000000,4.000000,5.000000,5.000000,96.000000,96.000000,96.000000,95.000000,95.000000,5.0,105.9288,97.0336,375.5658,384.461,PENDING_AG03,FALSE,NOT_FOR_ENFORCEMENT,462.2348,36187.5597,481.4946,462.2348,19.2598,0.01160708,0.01114280,19.2598,462.2348,0.01114280,19.2598,19.2598,19.2598,24.0747,24.0747,462.2348,0.01114280,105.9288,97.0336,375.5658,384.461,0.00905352,0.00926795,0.00046428,15.0409,16.8584,0.2153,11.7438,0.4291,1011.7763,54.5366,10.8148,15.0547,10.2862,13.088,13.088,26.176,34.6568,52.3519,13.088,-5.1891,2.647988,4.0,1.149216,29,158,24,5,0.00234634,0.01160708,0.15915119,0E-8,0.000000,0.908698,0.000000,-0.14789112,2026-04-14,2026-07-10,41,1122,472,88,0.465909,0.718364,0.719024,0.007821,,,,,,,,GLOBAL_BASELINE_NO_ENTITY_RANKING,,,NOT_APPLICABLE_GLOBAL_BASELINE,HF9g-P5,,,,X 全窗基线 · 不参与实体赏罚,8391807,840,A168_HF9F_20260827_0900,2026-08-27 09:00:00
2026-04-23,142615618,2176,0,13.0879773840,12.4335785148,12.4335785148,1.0000000,1,1,0.50665070000000000,0.506650700000,0.9867858985152569,0.9867858985152569,0.9867858985152569,0E-17,ELIGIBLE,R03b_20260811_FULL_v1,L1_ELIGIBILITY,v2026-08-11,2026-03-21..2026-08-06,baccarat_bet02_101_all_pairs_incl_sentinel,round_win = game_pnl > 0 (decisive only),COMPATIBILITY_ONLY_NOT_PRODUCTION,41482.8302,37695.3747,481.4946,2758,2236,-0.01160708,-0.15915119,-0.01126008,-0.01160708,-481.4946,41482.8302,OK,0.0000,19.2598,4.0000,96.0000,AG03-UNRESOLVED,ALL5_LEVELS_bet23_to_bet27,19.2598,19.2598,19.2598,24.0747,24.0747,4.000000,4.000000,4.000000,5.000000,5.000000,96.000000,96.000000,96.000000,95.000000,95.000000,5.0,105.9288,97.0336,375.5658,384.461,PENDING_AG03,FALSE,NOT_FOR_ENFORCEMENT,462.2348,36187.5597,481.4946,462.2348,19.2598,0.01160708,0.01114280,19.2598,462.2348,0.01114280,19.2598,19.2598,19.2598,24.0747,24.0747,462.2348,0.01114280,105.9288,97.0336,375.5658,384.461,0.00905352,0.00926795,0.00046428,15.0409,16.8584,0.2153,11.7438,0.4291,1011.7763,54.5366,10.8148,15.0547,10.2862,13.088,13.088,26.176,34.6568,52.3519,13.088,-5.1891,2.647988,4.0,1.149216,29,158,24,5,0.00234634,0.01160708,0.15915119,0E-8,0.000000,0.908698,0.000000,-0.14789112,2026-04-14,2026-07-10,41,1122,472,88,0.465909,0.718364,0.719024,0.007821,,,,,,,,GLOBAL_BASELINE_NO_ENTITY_RANKING,,,NOT_APPLICABLE_GLOBAL_BASELINE,HF9g-P5,,,,X 全窗基线 · 不参与实体赏罚,8391808,840,A168_HF9F_20260827_0900,2026-08-27 09:00:00
2026-04-23,142615618,2177,0,70.6750778736,-57.5871004896,-57.5871004896,0E-7,6,5,0.48042406571428571,0.462764870000,-1.923170812426485,-1.8562137494168824,-1.923170812426485,0.01765919571428571,ELIGIBLE,R03b_20260811_FULL_v1,L1_ELIGIBILITY,v2026-08-11,2026-03-21..2026-08-06,baccarat_bet02_101_all_pairs_incl_sentinel,round_win = game_pnl > 0 (decisive only),COMPATIBILITY_ONLY_NOT_PRODUCTION,41482.8302,37695.3747,481.4946,2758,2236,-0.01160708,-0.15915119,-0.01126008,-0.01160708,-481.4946,41482.8302,OK,0.0000,19.2598,4.0000,96.0000,AG03-UNRESOLVED,ALL5_LEVELS_bet23_to_bet27,19.2598,19.2598,19.2598,24.0747,24.0747,4.000000,4.000000,4.000000,5.000000,5.000000,96.000000,96.000000,96.000000,95.000000,95.000000,5.0,105.9288,97.0336,375.5658,384.461,PENDING_AG03,FALSE,NOT_FOR_ENFORCEMENT,462.2348,36187.5597,481.4946,462.2348,19.2598,0.01160708,0.01114280,19.2598,462.2348,0.01114280,19.2598,19.2598,19.2598,24.0747,24.0747,462.2348,0.01114280,105.9288,97.0336,375.5658,384.461,0.00905352,0.00926795,0.00046428,15.0409,16.8584,0.2153,11.7438,0.4291,1011.7763,54.5366,10.8148,15.0547,10.2862,13.088,13.088,26.176,34.6568,52.3519,13.088,-5.1891,2.647988,4.0,1.149216,29,158,24,5,0.00234634,0.01160708,0.15915119,0E-8,0.000000,0.908698,0.000000,-0.14789112,2026-04-14,2026-07-10,41,1122,472,88,0.465909,0.718364,0.719024,0.007821,,,,,,,,GLOBAL_BASELINE_NO_ENTITY_RANKING,,,NOT_APPLICABLE_GLOBAL_BASELINE,HF9g-P5,,,,X 全窗基线 · 不参与实体赏罚,8391809,840,A168_HF9F_20260827_0900,2026-08-27 09:00:00
2026-04-23,142615618,2188,0,83.7630552575,18.9775672067,18.9775672067,0.5000000,5,4,0.47482492142857143,0.453469062500,0.10082820211015146,0.186934986652398,0.10082820211015146,0.02135585892857143,ELIGIBLE,R03b_20260811_FULL_v1,L1_ELIGIBILITY,v2026-08-11,2026-03-21..2026-08-06,baccarat_bet02_101_all_pairs_incl_sentinel,round_win = game_pnl > 0 (decisive only),COMPATIBILITY_ONLY_NOT_PRODUCTION,41482.8302,37695.3747,481.4946,2758,2236,-0.01160708,-0.15915119,-0.01126008,-0.01160708,-481.4946,41482.8302,OK,0.0000,19.2598,4.0000,96.0000,AG03-UNRESOLVED,ALL5_LEVELS_bet23_to_bet27,19.2598,19.2598,19.2598,24.0747,24.0747,4.000000,4.000000,4.000000,5.000000,5.000000,96.000000,96.000000,96.000000,95.000000,95.000000,5.0,105.9288,97.0336,375.5658,384.461,PENDING_AG03,FALSE,NOT_FOR_ENFORCEMENT,462.2348,36187.5597,481.4946,462.2348,19.2598,0.01160708,0.01114280,19.2598,462.2348,0.01114280,19.2598,19.2598,19.2598,24.0747,24.0747,462.2348,0.01114280,105.9288,97.0336,375.5658,384.461,0.00905352,0.00926795,0.00046428,15.0409,16.8584,0.2153,11.7438,0.4291,1011.7763,54.5366,10.8148,15.0547,10.2862,13.088,13.088,26.176,34.6568,52.3519,13.088,-5.1891,2.647988,4.0,1.149216,29,158,24,5,0.00234634,0.01160708,0.15915119,0E-8,0.000000,0.908698,0.000000,-0.14789112,2026-04-14,2026-07-10,41,1122,472,88,0.465909,0.718364,0.719024,0.007821,,,,,,,,GLOBAL_BASELINE_NO_ENTITY_RANKING,,,NOT_APPLICABLE_GLOBAL_BASELINE,HF9g-P5,,,,X 全窗基线 · 不参与实体赏罚,8391810,840,A168_HF9F_20260827_0900,2026-08-27 09:00:00
2026-04-23,142615618,2205,0,52.3519095360,24.8671570296,24.8671570296,1.0000000,3,3,0.50218230000000000,0.502182300000,0.99564488342984,0.99564488342984,0.99564488342984,0E-17,ELIGIBLE,R03b_20260811_FULL_v1,L1_ELIGIBILITY,v2026-08-11,2026-03-21..2026-08-06,baccarat_bet02_101_all_pairs_incl_sentinel,round_win = game_pnl > 0 (decisive only),COMPATIBILITY_ONLY_NOT_PRODUCTION,41482.8302,37695.3747,481.4946,2758,2236,-0.01160708,-0.15915119,-0.01126008,-0.01160708,-481.4946,41482.8302,OK,0.0000,19.2598,4.0000,96.0000,AG03-UNRESOLVED,ALL5_LEVELS_bet23_to_bet27,19.2598,19.2598,19.2598,24.0747,24.0747,4.000000,4.000000,4.000000,5.000000,5.000000,96.000000,96.000000,96.000000,95.000000,95.000000,5.0,105.9288,97.0336,375.5658,384.461,PENDING_AG03,FALSE,NOT_FOR_ENFORCEMENT,462.2348,36187.5597,481.4946,462.2348,19.2598,0.01160708,0.01114280,19.2598,462.2348,0.01114280,19.2598,19.2598,19.2598,24.0747,24.0747,462.2348,0.01114280,105.9288,97.0336,375.5658,384.461,0.00905352,0.00926795,0.00046428,15.0409,16.8584,0.2153,11.7438,0.4291,1011.7763,54.5366,10.8148,15.0547,10.2862,13.088,13.088,26.176,34.6568,52.3519,13.088,-5.1891,2.647988,4.0,1.149216,29,158,24,5,0.00234634,0.01160708,0.15915119,0E-8,0.000000,0.908698,0.000000,-0.14789112,2026-04-14,2026-07-10,41,1122,472,88,0.465909,0.718364,0.719024,0.007821,,,,,,,,GLOBAL_BASELINE_NO_ENTITY_RANKING,,,NOT_APPLICABLE_GLOBAL_BASELINE,HF9g-P5,,,,X 全窗基线 · 不参与实体赏罚,8391811,840,A168_HF9F_20260827_0900,2026-08-27 09:00:00
2026-04-23,142615618,2220,0,115.1742009792,-64.1310891816,-64.1310891816,0.3333333,8,6,0.46070544285714286,0.431273450000,-0.6259292929829523,-0.4844044556449597,-0.6259292929829523,0.02943199285714286,ELIGIBLE,R03b_20260811_FULL_v1,L1_ELIGIBILITY,v2026-08-11,2026-03-21..2026-08-06,baccarat_bet02_101_all_pairs_incl_sentinel,round_win = game_pnl > 0 (decisive only),COMPATIBILITY_ONLY_NOT_PRODUCTION,41482.8302,37695.3747,481.4946,2758,2236,-0.01160708,-0.15915119,-0.01126008,-0.01160708,-481.4946,41482.8302,OK,0.0000,19.2598,4.0000,96.0000,AG03-UNRESOLVED,ALL5_LEVELS_bet23_to_bet27,19.2598,19.2598,19.2598,24.0747,24.0747,4.000000,4.000000,4.000000,5.000000,5.000000,96.000000,96.000000,96.000000,95.000000,95.000000,5.0,105.9288,97.0336,375.5658,384.461,PENDING_AG03,FALSE,NOT_FOR_ENFORCEMENT,462.2348,36187.5597,481.4946,462.2348,19.2598,0.01160708,0.01114280,19.2598,462.2348,0.01114280,19.2598,19.2598,19.2598,24.0747,24.0747,462.2348,0.01114280,105.9288,97.0336,375.5658,384.461,0.00905352,0.00926795,0.00046428,15.0409,16.8584,0.2153,11.7438,0.4291,1011.7763,54.5366,10.8148,15.0547,10.2862,13.088,13.088,26.176,34.6568,52.3519,13.088,-5.1891,2.647988,4.0,1.149216,29,158,24,5,0.00234634,0.01160708,0.15915119,0E-8,0.000000,0.908698,0.000000,-0.14789112,2026-04-14,2026-07-10,41,1122,472,88,0.465909,0.718364,0.719024,0.007821,,,,,,,,GLOBAL_BASELINE_NO_ENTITY_RANKING,,,NOT_APPLICABLE_GLOBAL_BASELINE,HF9g-P5,,,,X 全窗基线 · 不参与实体赏罚,8391812,840,A168_HF9F_20260827_0900,2026-08-27 09:00:00
2026-04-23,142615618,2222,0,31.4111457216,-5.2351909536,-5.2351909536,0.5000000,3,2,0.43629654285714286,0.393584825000,0.18166102681454677,0.308045137873246,0.18166102681454677,0.04271171785714286,ELIGIBLE,R03b_20260811_FULL_v1,L1_ELIGIBILITY,v2026-08-11,2026-03-21..2026-08-06,baccarat_bet02_101_all_pairs_incl_sentinel,round_win = game_pnl > 0 (decisive only),COMPATIBILITY_ONLY_NOT_PRODUCTION,41482.8302,37695.3747,481.4946,2758,2236,-0.01160708,-0.15915119,-0.01126008,-0.01160708,-481.4946,41482.8302,OK,0.0000,19.2598,4.0000,96.0000,AG03-UNRESOLVED,ALL5_LEVELS_bet23_to_bet27,19.2598,19.2598,19.2598,24.0747,24.0747,4.000000,4.000000,4.000000,5.000000,5.000000,96.000000,96.000000,96.000000,95.000000,95.000000,5.0,105.9288,97.0336,375.5658,384.461,PENDING_AG03,FALSE,NOT_FOR_ENFORCEMENT,462.2348,36187.5597,481.4946,462.2348,19.2598,0.01160708,0.01114280,19.2598,462.2348,0.01114280,19.2598,19.2598,19.2598,24.0747,24.0747,462.2348,0.01114280,105.9288,97.0336,375.5658,384.461,0.00905352,0.00926795,0.00046428,15.0409,16.8584,0.2153,11.7438,0.4291,1011.7763,54.5366,10.8148,15.0547,10.2862,13.088,13.088,26.176,34.6568,52.3519,13.088,-5.1891,2.647988,4.0,1.149216,29,158,24,5,0.00234634,0.01160708,0.15915119,0E-8,0.000000,0.908698,0.000000,-0.14789112,2026-04-14,2026-07-10,41,1122,472,88,0.465909,0.718364,0.719024,0.007821,,,,,,,,GLOBAL_BASELINE_NO_ENTITY_RANKING,,,NOT_APPLICABLE_GLOBAL_BASELINE,HF9g-P5,,,,X 全窗基线 · 不参与实体赏罚,8391813,840,A168_HF9F_20260827_0900,2026-08-27 09:00:00
2026-04-23,142615618,2229,0,57.5871004896,-1.4396775123,-1.4396775123,0.4000000,7,5,0.42156008000000000,0.421560080000,-0.09762847429229732,-0.09762847429229732,-0.09762847429229732,0E-17,ELIGIBLE,R03b_20260811_FULL_v1,L1_ELIGIBILITY,v2026-08-11,2026-03-21..2026-08-06,baccarat_bet02_101_all_pairs_incl_sentinel,round_win = game_pnl > 0 (decisive only),COMPATIBILITY_ONLY_NOT_PRODUCTION,41482.8302,37695.3747,481.4946,2758,2236,-0.01160708,-0.15915119,-0.01126008,-0.01160708,-481.4946,41482.8302,OK,0.0000,19.2598,4.0000,96.0000,AG03-UNRESOLVED,ALL5_LEVELS_bet23_to_bet27,19.2598,19.2598,19.2598,24.0747,24.0747,4.000000,4.000000,4.000000,5.000000,5.000000,96.000000,96.000000,96.000000,95.000000,95.000000,5.0,105.9288,97.0336,375.5658,384.461,PENDING_AG03,FALSE,NOT_FOR_ENFORCEMENT,462.2348,36187.5597,481.4946,462.2348,19.2598,0.01160708,0.01114280,19.2598,462.2348,0.01114280,19.2598,19.2598,19.2598,24.0747,24.0747,462.2348,0.01114280,105.9288,97.0336,375.5658,384.461,0.00905352,0.00926795,0.00046428,15.0409,16.8584,0.2153,11.7438,0.4291,1011.7763,54.5366,10.8148,15.0547,10.2862,13.088,13.088,26.176,34.6568,52.3519,13.088,-5.1891,2.647988,4.0,1.149216,29,158,24,5,0.00234634,0.01160708,0.15915119,0E-8,0.000000,0.908698,0.000000,-0.14789112,2026-04-14,2026-07-10,41,1122,472,88,0.465909,0.718364,0.719024,0.007821,,,,,,,,GLOBAL_BASELINE_NO_ENTITY_RANKING,,,NOT_APPLICABLE_GLOBAL_BASELINE,HF9g-P5,,,,X 全窗基线 · 不参与实体赏罚,8391814,840,A168_HF9F_20260827_0900,2026-08-27 09:00:00
2026-04-23,142615618,2234,0,83.7630552576,20.2863649452,20.2863649452,0.6666667,7,6,0.47649671428571429,0.462259475000,0.9326696870759121,1.004251530874273,0.9326696870759121,0.01423723928571429,ELIGIBLE,R03b_20260811_FULL_v1,L1_ELIGIBILITY,v2026-08-11,2026-03-21..2026-08-06,baccarat_bet02_101_all_pairs_incl_sentinel,round_win = game_pnl > 0 (decisive only),COMPATIBILITY_ONLY_NOT_PRODUCTION,41482.8302,37695.3747,481.4946,2758,2236,-0.01160708,-0.15915119,-0.01126008,-0.01160708,-481.4946,41482.8302,OK,0.0000,19.2598,4.0000,96.0000,AG03-UNRESOLVED,ALL5_LEVELS_bet23_to_bet27,19.2598,19.2598,19.2598,24.0747,24.0747,4.000000,4.000000,4.000000,5.000000,5.000000,96.000000,96.000000,96.000000,95.000000,95.000000,5.0,105.9288,97.0336,375.5658,384.461,PENDING_AG03,FALSE,NOT_FOR_ENFORCEMENT,462.2348,36187.5597,481.4946,462.2348,19.2598,0.01160708,0.01114280,19.2598,462.2348,0.01114280,19.2598,19.2598,19.2598,24.0747,24.0747,462.2348,0.01114280,105.9288,97.0336,375.5658,384.461,0.00905352,0.00926795,0.00046428,15.0409,16.8584,0.2153,11.7438,0.4291,1011.7763,54.5366,10.8148,15.0547,10.2862,13.088,13.088,26.176,34.6568,52.3519,13.088,-5.1891,2.647988,4.0,1.149216,29,158,24,5,0.00234634,0.01160708,0.15915119,0E-8,0.000000,0.908698,0.000000,-0.14789112,2026-04-14,2026-07-10,41,1122,472,88,0.465909,0.718364,0.719024,0.007821,,,,,,,,GLOBAL_BASELINE_NO_ENTITY_RANKING,,,NOT_APPLICABLE_GLOBAL_BASELINE,HF9g-P5,,,,X 全窗基线 · 不参与实体赏罚,8391815,840,A168_HF9F_20260827_0900,2026-08-27 09:00:00
2026-04-23,142615618,2235,0,120.4093919328,-7.4601471089,-7.4601471089,0.3750000,10,8,0.45995786696428571,0.449279937500,-0.4821428668836266,-0.4223695114678561,-0.4821428668836266,0.01067792946428571,ELIGIBLE,R03b_20260811_FULL_v1,L1_ELIGIBILITY,v2026-08-11,2026-03-21..2026-08-06,baccarat_bet02_101_all_pairs_incl_sentinel,round_win = game_pnl > 0 (decisive only),COMPATIBILITY_ONLY_NOT_PRODUCTION,41482.8302,37695.3747,481.4946,2758,2236,-0.01160708,-0.15915119,-0.01126008,-0.01160708,-481.4946,41482.8302,OK,0.0000,19.2598,4.0000,96.0000,AG03-UNRESOLVED,ALL5_LEVELS_bet23_to_bet27,19.2598,19.2598,19.2598,24.0747,24.0747,4.000000,4.000000,4.000000,5.000000,5.000000,96.000000,96.000000,96.000000,95.000000,95.000000,5.0,105.9288,97.0336,375.5658,384.461,PENDING_AG03,FALSE,NOT_FOR_ENFORCEMENT,462.2348,36187.5597,481.4946,462.2348,19.2598,0.01160708,0.01114280,19.2598,462.2348,0.01114280,19.2598,19.2598,19.2598,24.0747,24.0747,462.2348,0.01114280,105.9288,97.0336,375.5658,384.461,0.00905352,0.00926795,0.00046428,15.0409,16.8584,0.2153,11.7438,0.4291,1011.7763,54.5366,10.8148,15.0547,10.2862,13.088,13.088,26.176,34.6568,52.3519,13.088,-5.1891,2.647988,4.0,1.149216,29,158,24,5,0.00234634,0.01160708,0.15915119,0E-8,0.000000,0.908698,0.000000,-0.14789112,2026-04-14,2026-07-10,41,1122,472,88,0.465909,0.718364,0.719024,0.007821,,,,,,,,GLOBAL_BASELINE_NO_ENTITY_RANKING,,,NOT_APPLICABLE_GLOBAL_BASELINE,HF9g-P5,,,,X 全窗基线 · 不参与实体赏罚,8391816,840,A168_HF9F_20260827_0900,2026-08-27 09:00:00
2026-04-23,142615618,2242,0,39.2639321520,26.1759547679,26.1759547679,0.5000000,5,3,0.34417565000000000,0.367067200000,0.4638381676947549,0.39002779669940096,0.4638381676947549,-0.02289155000000000,ELIGIBLE,R03b_20260811_FULL_v1,L1_ELIGIBILITY,v2026-08-11,2026-03-21..2026-08-06,baccarat_bet02_101_all_pairs_incl_sentinel,round_win = game_pnl > 0 (decisive only),COMPATIBILITY_ONLY_NOT_PRODUCTION,41482.8302,37695.3747,481.4946,2758,2236,-0.01160708,-0.15915119,-0.01126008,-0.01160708,-481.4946,41482.8302,OK,0.0000,19.2598,4.0000,96.0000,AG03-UNRESOLVED,ALL5_LEVELS_bet23_to_bet27,19.2598,19.2598,19.2598,24.0747,24.0747,4.000000,4.000000,4.000000,5.000000,5.000000,96.000000,96.000000,96.000000,95.000000,95.000000,5.0,105.9288,97.0336,375.5658,384.461,PENDING_AG03,FALSE,NOT_FOR_ENFORCEMENT,462.2348,36187.5597,481.4946,462.2348,19.2598,0.01160708,0.01114280,19.2598,462.2348,0.01114280,19.2598,19.2598,19.2598,24.0747,24.0747,462.2348,0.01114280,105.9288,97.0336,375.5658,384.461,0.00905352,0.00926795,0.00046428,15.0409,16.8584,0.2153,11.7438,0.4291,1011.7763,54.5366,10.8148,15.0547,10.2862,13.088,13.088,26.176,34.6568,52.3519,13.088,-5.1891,2.647988,4.0,1.149216,29,158,24,5,0.00234634,0.01160708,0.15915119,0E-8,0.000000,0.908698,0.000000,-0.14789112,2026-04-14,2026-07-10,41,1122,472,88,0.465909,0.718364,0.719024,0.007821,,,,,,,,GLOBAL_BASELINE_NO_ENTITY_RANKING,,,NOT_APPLICABLE_GLOBAL_BASELINE,HF9g-P5,,,,X 全窗基线 · 不参与实体赏罚,8391817,840,A168_HF9F_20260827_0900,2026-08-27 09:00:00
2026-04-23,142615618,2244,0,26.1759547680,-13.0879773840,-13.0879773840,0E-7,2,2,0.49994810000000000,0.499948100000,-0.9998962053866608,-0.9998962053866608,-0.9998962053866608,0E-17,ELIGIBLE,R03b_20260811_FULL_v1,L1_ELIGIBILITY,v2026-08-11,2026-03-21..2026-08-06,baccarat_bet02_101_all_pairs_incl_sentinel,round_win = game_pnl > 0 (decisive only),COMPATIBILITY_ONLY_NOT_PRODUCTION,41482.8302,37695.3747,481.4946,2758,2236,-0.01160708,-0.15915119,-0.01126008,-0.01160708,-481.4946,41482.8302,OK,0.0000,19.2598,4.0000,96.0000,AG03-UNRESOLVED,ALL5_LEVELS_bet23_to_bet27,19.2598,19.2598,19.2598,24.0747,24.0747,4.000000,4.000000,4.000000,5.000000,5.000000,96.000000,96.000000,96.000000,95.000000,95.000000,5.0,105.9288,97.0336,375.5658,384.461,PENDING_AG03,FALSE,NOT_FOR_ENFORCEMENT,462.2348,36187.5597,481.4946,462.2348,19.2598,0.01160708,0.01114280,19.2598,462.2348,0.01114280,19.2598,19.2598,19.2598,24.0747,24.0747,462.2348,0.01114280,105.9288,97.0336,375.5658,384.461,0.00905352,0.00926795,0.00046428,15.0409,16.8584,0.2153,11.7438,0.4291,1011.7763,54.5366,10.8148,15.0547,10.2862,13.088,13.088,26.176,34.6568,52.3519,13.088,-5.1891,2.647988,4.0,1.149216,29,158,24,5,0.00234634,0.01160708,0.15915119,0E-8,0.000000,0.908698,0.000000,-0.14789112,2026-04-14,2026-07-10,41,1122,472,88,0.465909,0.718364,0.719024,0.007821,,,,,,,,GLOBAL_BASELINE_NO_ENTITY_RANKING,,,NOT_APPLICABLE_GLOBAL_BASELINE,HF9g-P5,,,,X 全窗基线 · 不参与实体赏罚,8391818,840,A168_HF9F_20260827_0900,2026-08-27 09:00:00
2026-04-23,142615618,2252,0,109.9390100256,8.1145459780,8.1145459780,0.6666667,8,6,0.46190362142857143,0.435741850000,1.0060544507993476,1.1407557746800117,1.0060544507993476,0.02616177142857143,ELIGIBLE,R03b_20260811_FULL_v1,L1_ELIGIBILITY,v2026-08-11,2026-03-21..2026-08-06,baccarat_bet02_101_all_pairs_incl_sentinel,round_win = game_pnl > 0 (decisive only),COMPATIBILITY_ONLY_NOT_PRODUCTION,41482.8302,37695.3747,481.4946,2758,2236,-0.01160708,-0.15915119,-0.01126008,-0.01160708,-481.4946,41482.8302,OK,0.0000,19.2598,4.0000,96.0000,AG03-UNRESOLVED,ALL5_LEVELS_bet23_to_bet27,19.2598,19.2598,19.2598,24.0747,24.0747,4.000000,4.000000,4.000000,5.000000,5.000000,96.000000,96.000000,96.000000,95.000000,95.000000,5.0,105.9288,97.0336,375.5658,384.461,PENDING_AG03,FALSE,NOT_FOR_ENFORCEMENT,462.2348,36187.5597,481.4946,462.2348,19.2598,0.01160708,0.01114280,19.2598,462.2348,0.01114280,19.2598,19.2598,19.2598,24.0747,24.0747,462.2348,0.01114280,105.9288,97.0336,375.5658,384.461,0.00905352,0.00926795,0.00046428,15.0409,16.8584,0.2153,11.7438,0.4291,1011.7763,54.5366,10.8148,15.0547,10.2862,13.088,13.088,26.176,34.6568,52.3519,13.088,-5.1891,2.647988,4.0,1.149216,29,158,24,5,0.00234634,0.01160708,0.15915119,0E-8,0.000000,0.908698,0.000000,-0.14789112,2026-04-14,2026-07-10,41,1122,472,88,0.465909,0.718364,0.719024,0.007821,,,,,,,,GLOBAL_BASELINE_NO_ENTITY_RANKING,,,NOT_APPLICABLE_GLOBAL_BASELINE,HF9g-P5,,,,X 全窗基线 · 不参与实体赏罚,8391819,840,A168_HF9F_20260827_0900,2026-08-27 09:00:00
2026-04-23,142615618,2254,0,26.1759547680,13.0879773840,13.0879773840,1.0000000,2,2,0.49994810000000000,0.499948100000,1.0001038053877793,1.0001038053877793,1.0001038053877793,0E-17,ELIGIBLE,R03b_20260811_FULL_v1,L1_ELIGIBILITY,v2026-08-11,2026-03-21..2026-08-06,baccarat_bet02_101_all_pairs_incl_sentinel,round_win = game_pnl > 0 (decisive only),COMPATIBILITY_ONLY_NOT_PRODUCTION,41482.8302,37695.3747,481.4946,2758,2236,-0.01160708,-0.15915119,-0.01126008,-0.01160708,-481.4946,41482.8302,OK,0.0000,19.2598,4.0000,96.0000,AG03-UNRESOLVED,ALL5_LEVELS_bet23_to_bet27,19.2598,19.2598,19.2598,24.0747,24.0747,4.000000,4.000000,4.000000,5.000000,5.000000,96.000000,96.000000,96.000000,95.000000,95.000000,5.0,105.9288,97.0336,375.5658,384.461,PENDING_AG03,FALSE,NOT_FOR_ENFORCEMENT,462.2348,36187.5597,481.4946,462.2348,19.2598,0.01160708,0.01114280,19.2598,462.2348,0.01114280,19.2598,19.2598,19.2598,24.0747,24.0747,462.2348,0.01114280,105.9288,97.0336,375.5658,384.461,0.00905352,0.00926795,0.00046428,15.0409,16.8584,0.2153,11.7438,0.4291,1011.7763,54.5366,10.8148,15.0547,10.2862,13.088,13.088,26.176,34.6568,52.3519,13.088,-5.1891,2.647988,4.0,1.149216,29,158,24,5,0.00234634,0.01160708,0.15915119,0E-8,0.000000,0.908698,0.000000,-0.14789112,2026-04-14,2026-07-10,41,1122,472,88,0.465909,0.718364,0.719024,0.007821,,,,,,,,GLOBAL_BASELINE_NO_ENTITY_RANKING,,,NOT_APPLICABLE_GLOBAL_BASELINE,HF9g-P5,,,,X 全窗基线 · 不参与实体赏罚,8391820,840,A168_HF9F_20260827_0900,2026-08-27 09:00:00
2026-04-23,142615618,2256,0,94.2334371648,-16.3599717300,-16.3599717300,0.4285714,10,7,0.40340943095238095,0.409737092857,0.1357009604820812,0.10132670965182022,0.1357009604820812,-0.00632766190461905,ELIGIBLE,R03b_20260811_FULL_v1,L1_ELIGIBILITY,v2026-08-11,2026-03-21..2026-08-06,baccarat_bet02_101_all_pairs_incl_sentinel,round_win = game_pnl > 0 (decisive only),COMPATIBILITY_ONLY_NOT_PRODUCTION,41482.8302,37695.3747,481.4946,2758,2236,-0.01160708,-0.15915119,-0.01126008,-0.01160708,-481.4946,41482.8302,OK,0.0000,19.2598,4.0000,96.0000,AG03-UNRESOLVED,ALL5_LEVELS_bet23_to_bet27,19.2598,19.2598,19.2598,24.0747,24.0747,4.000000,4.000000,4.000000,5.000000,5.000000,96.000000,96.000000,96.000000,95.000000,95.000000,5.0,105.9288,97.0336,375.5658,384.461,PENDING_AG03,FALSE,NOT_FOR_ENFORCEMENT,462.2348,36187.5597,481.4946,462.2348,19.2598,0.01160708,0.01114280,19.2598,462.2348,0.01114280,19.2598,19.2598,19.2598,24.0747,24.0747,462.2348,0.01114280,105.9288,97.0336,375.5658,384.461,0.00905352,0.00926795,0.00046428,15.0409,16.8584,0.2153,11.7438,0.4291,1011.7763,54.5366,10.8148,15.0547,10.2862,13.088,13.088,26.176,34.6568,52.3519,13.088,-5.1891,2.647988,4.0,1.149216,29,158,24,5,0.00234634,0.01160708,0.15915119,0E-8,0.000000,0.908698,0.000000,-0.14789112,2026-04-14,2026-07-10,41,1122,472,88,0.465909,0.718364,0.719024,0.007821,,,,,,,,GLOBAL_BASELINE_NO_ENTITY_RANKING,,,NOT_APPLICABLE_GLOBAL_BASELINE,HF9g-P5,,,,X 全窗基线 · 不参与实体赏罚,8391821,840,A168_HF9F_20260827_0900,2026-08-27 09:00:00
2026-04-23,142615618,2258,0,115.1742009792,-13.0879773840,-13.0879773840,0.2857143,9,7,0.41207199821428571,0.385092671429,-0.6792069961354051,-0.5403230520516217,-0.6792069961354051,0.02697932678528571,ELIGIBLE,R03b_20260811_FULL_v1,L1_ELIGIBILITY,v2026-08-11,2026-03-21..2026-08-06,baccarat_bet02_101_all_pairs_incl_sentinel,round_win = game_pnl > 0 (decisive only),COMPATIBILITY_ONLY_NOT_PRODUCTION,41482.8302,37695.3747,481.4946,2758,2236,-0.01160708,-0.15915119,-0.01126008,-0.01160708,-481.4946,41482.8302,OK,0.0000,19.2598,4.0000,96.0000,AG03-UNRESOLVED,ALL5_LEVELS_bet23_to_bet27,19.2598,19.2598,19.2598,24.0747,24.0747,4.000000,4.000000,4.000000,5.000000,5.000000,96.000000,96.000000,96.000000,95.000000,95.000000,5.0,105.9288,97.0336,375.5658,384.461,PENDING_AG03,FALSE,NOT_FOR_ENFORCEMENT,462.2348,36187.5597,481.4946,462.2348,19.2598,0.01160708,0.01114280,19.2598,462.2348,0.01114280,19.2598,19.2598,19.2598,24.0747,24.0747,462.2348,0.01114280,105.9288,97.0336,375.5658,384.461,0.00905352,0.00926795,0.00046428,15.0409,16.8584,0.2153,11.7438,0.4291,1011.7763,54.5366,10.8148,15.0547,10.2862,13.088,13.088,26.176,34.6568,52.3519,13.088,-5.1891,2.647988,4.0,1.149216,29,158,24,5,0.00234634,0.01160708,0.15915119,0E-8,0.000000,0.908698,0.000000,-0.14789112,2026-04-14,2026-07-10,41,1122,472,88,0.465909,0.718364,0.719024,0.007821,,,,,,,,GLOBAL_BASELINE_NO_ENTITY_RANKING,,,NOT_APPLICABLE_GLOBAL_BASELINE,HF9g-P5,,,,X 全窗基线 · 不参与实体赏罚,8391822,840,A168_HF9F_20260827_0900,2026-08-27 09:00:00
2026-04-23,142615618,2266,0,65.4398869200,-65.4398869200,-65.4398869200,0E-7,7,4,0.37825396964285714,0.350457087500,-1.5599663573525422,-1.469073400046996,-1.5599663573525422,0.02779688214285714,ELIGIBLE,R03b_20260811_FULL_v1,L1_ELIGIBILITY,v2026-08-11,2026-03-21..2026-08-06,baccarat_bet02_101_all_pairs_incl_sentinel,round_win = game_pnl > 0 (decisive only),COMPATIBILITY_ONLY_NOT_PRODUCTION,41482.8302,37695.3747,481.4946,2758,2236,-0.01160708,-0.15915119,-0.01126008,-0.01160708,-481.4946,41482.8302,OK,0.0000,19.2598,4.0000,96.0000,AG03-UNRESOLVED,ALL5_LEVELS_bet23_to_bet27,19.2598,19.2598,19.2598,24.0747,24.0747,4.000000,4.000000,4.000000,5.000000,5.000000,96.000000,96.000000,96.000000,95.000000,95.000000,5.0,105.9288,97.0336,375.5658,384.461,PENDING_AG03,FALSE,NOT_FOR_ENFORCEMENT,462.2348,36187.5597,481.4946,462.2348,19.2598,0.01160708,0.01114280,19.2598,462.2348,0.01114280,19.2598,19.2598,19.2598,24.0747,24.0747,462.2348,0.01114280,105.9288,97.0336,375.5658,384.461,0.00905352,0.00926795,0.00046428,15.0409,16.8584,0.2153,11.7438,0.4291,1011.7763,54.5366,10.8148,15.0547,10.2862,13.088,13.088,26.176,34.6568,52.3519,13.088,-5.1891,2.647988,4.0,1.149216,29,158,24,5,0.00234634,0.01160708,0.15915119,0E-8,0.000000,0.908698,0.000000,-0.14789112,2026-04-14,2026-07-10,41,1122,472,88,0.465909,0.718364,0.719024,0.007821,,,,,,,,GLOBAL_BASELINE_NO_ENTITY_RANKING,,,NOT_APPLICABLE_GLOBAL_BASELINE,HF9g-P5,,,,X 全窗基线 · 不参与实体赏罚,8391823,840,A168_HF9F_20260827_0900,2026-08-27 09:00:00
2026-04-23,142615618,2267,0,31.4111457216,-5.2351909536,-5.2351909536,0.3333333,4,3,0.42903925000000000,0.429039250000,-0.3349251612454109,-0.3349251612454109,-0.3349251612454109,0E-17,ELIGIBLE,R03b_20260811_FULL_v1,L1_ELIGIBILITY,v2026-08-11,2026-03-21..2026-08-06,baccarat_bet02_101_all_pairs_incl_sentinel,round_win = game_pnl > 0 (decisive only),COMPATIBILITY_ONLY_NOT_PRODUCTION,41482.8302,37695.3747,481.4946,2758,2236,-0.01160708,-0.15915119,-0.01126008,-0.01160708,-481.4946,41482.8302,OK,0.0000,19.2598,4.0000,96.0000,AG03-UNRESOLVED,ALL5_LEVELS_bet23_to_bet27,19.2598,19.2598,19.2598,24.0747,24.0747,4.000000,4.000000,4.000000,5.000000,5.000000,96.000000,96.000000,96.000000,95.000000,95.000000,5.0,105.9288,97.0336,375.5658,384.461,PENDING_AG03,FALSE,NOT_FOR_ENFORCEMENT,462.2348,36187.5597,481.4946,462.2348,19.2598,0.01160708,0.01114280,19.2598,462.2348,0.01114280,19.2598,19.2598,19.2598,24.0747,24.0747,462.2348,0.01114280,105.9288,97.0336,375.5658,384.461,0.00905352,0.00926795,0.00046428,15.0409,16.8584,0.2153,11.7438,0.4291,1011.7763,54.5366,10.8148,15.0547,10.2862,13.088,13.088,26.176,34.6568,52.3519,13.088,-5.1891,2.647988,4.0,1.149216,29,158,24,5,0.00234634,0.01160708,0.15915119,0E-8,0.000000,0.908698,0.000000,-0.14789112,2026-04-14,2026-07-10,41,1122,472,88,0.465909,0.718364,0.719024,0.007821,,,,,,,,GLOBAL_BASELINE_NO_ENTITY_RANKING,,,NOT_APPLICABLE_GLOBAL_BASELINE,HF9g-P5,,,,X 全窗基线 · 不参与实体赏罚,8391824,840,A168_HF9F_20260827_0900,2026-08-27 09:00:00
2026-04-23,142615618,526,0,73.2926733504,-42.6668062719,-42.6668062719,0.2000000,6,5,0.45740279000000000,0.457402790000,-1.155340690603447,-1.1553406906034471,-1.155340690603447,0E-17,ELIGIBLE,R03b_20260811_FULL_v1,L1_ELIGIBILITY,v2026-08-11,2026-03-21..2026-08-06,baccarat_bet02_101_all_pairs_incl_sentinel,round_win = game_pnl > 0 (decisive only),COMPATIBILITY_ONLY_NOT_PRODUCTION,41482.8302,37695.3747,481.4946,2758,2236,-0.01160708,-0.15915119,-0.01126008,-0.01160708,-481.4946,41482.8302,OK,0.0000,19.2598,4.0000,96.0000,AG03-UNRESOLVED,ALL5_LEVELS_bet23_to_bet27,19.2598,19.2598,19.2598,24.0747,24.0747,4.000000,4.000000,4.000000,5.000000,5.000000,96.000000,96.000000,96.000000,95.000000,95.000000,5.0,105.9288,97.0336,375.5658,384.461,PENDING_AG03,FALSE,NOT_FOR_ENFORCEMENT,462.2348,36187.5597,481.4946,462.2348,19.2598,0.01160708,0.01114280,19.2598,462.2348,0.01114280,19.2598,19.2598,19.2598,24.0747,24.0747,462.2348,0.01114280,105.9288,97.0336,375.5658,384.461,0.00905352,0.00926795,0.00046428,15.0409,16.8584,0.2153,11.7438,0.4291,1011.7763,54.5366,10.8148,15.0547,10.2862,13.088,13.088,26.176,34.6568,52.3519,13.088,-5.1891,2.647988,4.0,1.149216,29,158,24,5,0.00234634,0.01160708,0.15915119,0E-8,0.000000,0.908698,0.000000,-0.14789112,2026-04-14,2026-07-10,41,1122,472,88,0.465909,0.718364,0.719024,0.007821,,,,,,,,GLOBAL_BASELINE_NO_ENTITY_RANKING,,,NOT_APPLICABLE_GLOBAL_BASELINE,HF9g-P5,,,,X 全窗基线 · 不参与实体赏罚,8391825,840,A168_HF9F_20260827_0900,2026-08-27 09:00:00
2026-04-23,142615618,583,0,91.6158416880,25.7833154465,25.7833154465,0.6666667,8,6,0.45646537884615385,0.437976050000,1.0336975090636447,1.1290713257541853,1.0336975090636447,0.01848932884615385,ELIGIBLE,R03b_20260811_FULL_v1,L1_ELIGIBILITY,v2026-08-11,2026-03-21..2026-08-06,baccarat_bet02_101_all_pairs_incl_sentinel,round_win = game_pnl > 0 (decisive only),COMPATIBILITY_ONLY_NOT_PRODUCTION,41482.8302,37695.3747,481.4946,2758,2236,-0.01160708,-0.15915119,-0.01126008,-0.01160708,-481.4946,41482.8302,OK,0.0000,19.2598,4.0000,96.0000,AG03-UNRESOLVED,ALL5_LEVELS_bet23_to_bet27,19.2598,19.2598,19.2598,24.0747,24.0747,4.000000,4.000000,4.000000,5.000000,5.000000,96.000000,96.000000,96.000000,95.000000,95.000000,5.0,105.9288,97.0336,375.5658,384.461,PENDING_AG03,FALSE,NOT_FOR_ENFORCEMENT,462.2348,36187.5597,481.4946,462.2348,19.2598,0.01160708,0.01114280,19.2598,462.2348,0.01114280,19.2598,19.2598,19.2598,24.0747,24.0747,462.2348,0.01114280,105.9288,97.0336,375.5658,384.461,0.00905352,0.00926795,0.00046428,15.0409,16.8584,0.2153,11.7438,0.4291,1011.7763,54.5366,10.8148,15.0547,10.2862,13.088,13.088,26.176,34.6568,52.3519,13.088,-5.1891,2.647988,4.0,1.149216,29,158,24,5,0.00234634,0.01160708,0.15915119,0E-8,0.000000,0.908698,0.000000,-0.14789112,2026-04-14,2026-07-10,41,1122,472,88,0.465909,0.718364,0.719024,0.007821,,,,,,,,GLOBAL_BASELINE_NO_ENTITY_RANKING,,,NOT_APPLICABLE_GLOBAL_BASELINE,HF9g-P5,,,,X 全窗基线 · 不参与实体赏罚,8391826,840,A168_HF9F_20260827_0900,2026-08-27 09:00:00
2026-04-23,142615618,595,0,39.2639321520,7.3292673350,7.3292673350,0.6666667,5,3,0.38549035000000000,0.362598800000,1.0006178726622683,1.095497863370407,1.0006178726622683,0.02289155000000000,ELIGIBLE,R03b_20260811_FULL_v1,L1_ELIGIBILITY,v2026-08-11,2026-03-21..2026-08-06,baccarat_bet02_101_all_pairs_incl_sentinel,round_win = game_pnl > 0 (decisive only),COMPATIBILITY_ONLY_NOT_PRODUCTION,41482.8302,37695.3747,481.4946,2758,2236,-0.01160708,-0.15915119,-0.01126008,-0.01160708,-481.4946,41482.8302,OK,0.0000,19.2598,4.0000,96.0000,AG03-UNRESOLVED,ALL5_LEVELS_bet23_to_bet27,19.2598,19.2598,19.2598,24.0747,24.0747,4.000000,4.000000,4.000000,5.000000,5.000000,96.000000,96.000000,96.000000,95.000000,95.000000,5.0,105.9288,97.0336,375.5658,384.461,PENDING_AG03,FALSE,NOT_FOR_ENFORCEMENT,462.2348,36187.5597,481.4946,462.2348,19.2598,0.01160708,0.01114280,19.2598,462.2348,0.01114280,19.2598,19.2598,19.2598,24.0747,24.0747,462.2348,0.01114280,105.9288,97.0336,375.5658,384.461,0.00905352,0.00926795,0.00046428,15.0409,16.8584,0.2153,11.7438,0.4291,1011.7763,54.5366,10.8148,15.0547,10.2862,13.088,13.088,26.176,34.6568,52.3519,13.088,-5.1891,2.647988,4.0,1.149216,29,158,24,5,0.00234634,0.01160708,0.15915119,0E-8,0.000000,0.908698,0.000000,-0.14789112,2026-04-14,2026-07-10,41,1122,472,88,0.465909,0.718364,0.719024,0.007821,,,,,,,,GLOBAL_BASELINE_NO_ENTITY_RANKING,,,NOT_APPLICABLE_GLOBAL_BASELINE,HF9g-P5,,,,X 全窗基线 · 不参与实体赏罚,8391827,840,A168_HF9F_20260827_0900,2026-08-27 09:00:00
2026-04-23,142615618,752,0,31.4111457216,-31.4111457216,-31.4111457216,0E-7,3,2,0.44778671428571429,0.403638725000,-1.2734947950506401,-1.1634740288448888,-1.2734947950506401,0.04414798928571429,ELIGIBLE,R03b_20260811_FULL_v1,L1_ELIGIBILITY,v2026-08-11,2026-03-21..2026-08-06,baccarat_bet02_101_all_pairs_incl_sentinel,round_win = game_pnl > 0 (decisive only),COMPATIBILITY_ONLY_NOT_PRODUCTION,41482.8302,37695.3747,481.4946,2758,2236,-0.01160708,-0.15915119,-0.01126008,-0.01160708,-481.4946,41482.8302,OK,0.0000,19.2598,4.0000,96.0000,AG03-UNRESOLVED,ALL5_LEVELS_bet23_to_bet27,19.2598,19.2598,19.2598,24.0747,24.0747,4.000000,4.000000,4.000000,5.000000,5.000000,96.000000,96.000000,96.000000,95.000000,95.000000,5.0,105.9288,97.0336,375.5658,384.461,PENDING_AG03,FALSE,NOT_FOR_ENFORCEMENT,462.2348,36187.5597,481.4946,462.2348,19.2598,0.01160708,0.01114280,19.2598,462.2348,0.01114280,19.2598,19.2598,19.2598,24.0747,24.0747,462.2348,0.01114280,105.9288,97.0336,375.5658,384.461,0.00905352,0.00926795,0.00046428,15.0409,16.8584,0.2153,11.7438,0.4291,1011.7763,54.5366,10.8148,15.0547,10.2862,13.088,13.088,26.176,34.6568,52.3519,13.088,-5.1891,2.647988,4.0,1.149216,29,158,24,5,0.00234634,0.01160708,0.15915119,0E-8,0.000000,0.908698,0.000000,-0.14789112,2026-04-14,2026-07-10,41,1122,472,88,0.465909,0.718364,0.719024,0.007821,,,,,,,,GLOBAL_BASELINE_NO_ENTITY_RANKING,,,NOT_APPLICABLE_GLOBAL_BASELINE,HF9g-P5,,,,X 全窗基线 · 不参与实体赏罚,8391828,840,A168_HF9F_20260827_0900,2026-08-27 09:00:00
2026-04-23,142615618,772,0,39.2639321520,11.7791796456,11.7791796456,0.5000000,2,2,0.50665070000000000,0.506650700000,-0.018812684590367487,-0.018812684590367487,-0.018812684590367487,0E-17,ELIGIBLE,R03b_20260811_FULL_v1,L1_ELIGIBILITY,v2026-08-11,2026-03-21..2026-08-06,baccarat_bet02_101_all_pairs_incl_sentinel,round_win = game_pnl > 0 (decisive only),COMPATIBILITY_ONLY_NOT_PRODUCTION,41482.8302,37695.3747,481.4946,2758,2236,-0.01160708,-0.15915119,-0.01126008,-0.01160708,-481.4946,41482.8302,OK,0.0000,19.2598,4.0000,96.0000,AG03-UNRESOLVED,ALL5_LEVELS_bet23_to_bet27,19.2598,19.2598,19.2598,24.0747,24.0747,4.000000,4.000000,4.000000,5.000000,5.000000,96.000000,96.000000,96.000000,95.000000,95.000000,5.0,105.9288,97.0336,375.5658,384.461,PENDING_AG03,FALSE,NOT_FOR_ENFORCEMENT,462.2348,36187.5597,481.4946,462.2348,19.2598,0.01160708,0.01114280,19.2598,462.2348,0.01114280,19.2598,19.2598,19.2598,24.0747,24.0747,462.2348,0.01114280,105.9288,97.0336,375.5658,384.461,0.00905352,0.00926795,0.00046428,15.0409,16.8584,0.2153,11.7438,0.4291,1011.7763,54.5366,10.8148,15.0547,10.2862,13.088,13.088,26.176,34.6568,52.3519,13.088,-5.1891,2.647988,4.0,1.149216,29,158,24,5,0.00234634,0.01160708,0.15915119,0E-8,0.000000,0.908698,0.000000,-0.14789112,2026-04-14,2026-07-10,41,1122,472,88,0.465909,0.718364,0.719024,0.007821,,,,,,,,GLOBAL_BASELINE_NO_ENTITY_RANKING,,,NOT_APPLICABLE_GLOBAL_BASELINE,HF9g-P5,,,,X 全窗基线 · 不参与实体赏罚,8391829,840,A168_HF9F_20260827_0900,2026-08-27 09:00:00
2026-04-23,142615618,925,0,39.2639321520,-13.7423762532,-13.7423762532,0.3333333,3,3,0.50218230000000000,0.502182300000,-0.5849155494134425,-0.5849155494134426,-0.5849155494134425,0E-17,ELIGIBLE,R03b_20260811_FULL_v1,L1_ELIGIBILITY,v2026-08-11,2026-03-21..2026-08-06,baccarat_bet02_101_all_pairs_incl_sentinel,round_win = game_pnl > 0 (decisive only),COMPATIBILITY_ONLY_NOT_PRODUCTION,41482.8302,37695.3747,481.4946,2758,2236,-0.01160708,-0.15915119,-0.01126008,-0.01160708,-481.4946,41482.8302,OK,0.0000,19.2598,4.0000,96.0000,AG03-UNRESOLVED,ALL5_LEVELS_bet23_to_bet27,19.2598,19.2598,19.2598,24.0747,24.0747,4.000000,4.000000,4.000000,5.000000,5.000000,96.000000,96.000000,96.000000,95.000000,95.000000,5.0,105.9288,97.0336,375.5658,384.461,PENDING_AG03,FALSE,NOT_FOR_ENFORCEMENT,462.2348,36187.5597,481.4946,462.2348,19.2598,0.01160708,0.01114280,19.2598,462.2348,0.01114280,19.2598,19.2598,19.2598,24.0747,24.0747,462.2348,0.01114280,105.9288,97.0336,375.5658,384.461,0.00905352,0.00926795,0.00046428,15.0409,16.8584,0.2153,11.7438,0.4291,1011.7763,54.5366,10.8148,15.0547,10.2862,13.088,13.088,26.176,34.6568,52.3519,13.088,-5.1891,2.647988,4.0,1.149216,29,158,24,5,0.00234634,0.01160708,0.15915119,0E-8,0.000000,0.908698,0.000000,-0.14789112,2026-04-14,2026-07-10,41,1122,472,88,0.465909,0.718364,0.719024,0.007821,,,,,,,,GLOBAL_BASELINE_NO_ENTITY_RANKING,,,NOT_APPLICABLE_GLOBAL_BASELINE,HF9g-P5,,,,X 全窗基线 · 不参与实体赏罚,8391830,840,A168_HF9F_20260827_0900,2026-08-27 09:00:00
2026-04-23,142615618,987,0,36.6463366752,-36.6463366752,-36.6463366752,0E-7,2,2,0.49324550000000000,0.493245500000,-1.3952362676504506,-1.3952362676504506,-1.3952362676504506,0E-17,ELIGIBLE,R03b_20260811_FULL_v1,L1_ELIGIBILITY,v2026-08-11,2026-03-21..2026-08-06,baccarat_bet02_101_all_pairs_incl_sentinel,round_win = game_pnl > 0 (decisive only),COMPATIBILITY_ONLY_NOT_PRODUCTION,41482.8302,37695.3747,481.4946,2758,2236,-0.01160708,-0.15915119,-0.01126008,-0.01160708,-481.4946,41482.8302,OK,0.0000,19.2598,4.0000,96.0000,AG03-UNRESOLVED,ALL5_LEVELS_bet23_to_bet27,19.2598,19.2598,19.2598,24.0747,24.0747,4.000000,4.000000,4.000000,5.000000,5.000000,96.000000,96.000000,96.000000,95.000000,95.000000,5.0,105.9288,97.0336,375.5658,384.461,PENDING_AG03,FALSE,NOT_FOR_ENFORCEMENT,462.2348,36187.5597,481.4946,462.2348,19.2598,0.01160708,0.01114280,19.2598,462.2348,0.01114280,19.2598,19.2598,19.2598,24.0747,24.0747,462.2348,0.01114280,105.9288,97.0336,375.5658,384.461,0.00905352,0.00926795,0.00046428,15.0409,16.8584,0.2153,11.7438,0.4291,1011.7763,54.5366,10.8148,15.0547,10.2862,13.088,13.088,26.176,34.6568,52.3519,13.088,-5.1891,2.647988,4.0,1.149216,29,158,24,5,0.00234634,0.01160708,0.15915119,0E-8,0.000000,0.908698,0.000000,-0.14789112,2026-04-14,2026-07-10,41,1122,472,88,0.465909,0.718364,0.719024,0.007821,,,,,,,,GLOBAL_BASELINE_NO_ENTITY_RANKING,,,NOT_APPLICABLE_GLOBAL_BASELINE,HF9g-P5,,,,X 全窗基线 · 不参与实体赏罚,8391831,840,A168_HF9F_20260827_0900,2026-08-27 09:00:00
2026-04-23,142615618,994,0,94.2334371648,-1.0470381907,-1.0470381907,0.5714286,8,7,0.47763472678571429,0.470516107143,0.4968076354939981,0.534909372593283,0.4968076354939981,0.00711861964271429,ELIGIBLE,R03b_20260811_FULL_v1,L1_ELIGIBILITY,v2026-08-11,2026-03-21..2026-08-06,baccarat_bet02_101_all_pairs_incl_sentinel,round_win = game_pnl > 0 (decisive only),COMPATIBILITY_ONLY_NOT_PRODUCTION,41482.8302,37695.3747,481.4946,2758,2236,-0.01160708,-0.15915119,-0.01126008,-0.01160708,-481.4946,41482.8302,OK,0.0000,19.2598,4.0000,96.0000,AG03-UNRESOLVED,ALL5_LEVELS_bet23_to_bet27,19.2598,19.2598,19.2598,24.0747,24.0747,4.000000,4.000000,4.000000,5.000000,5.000000,96.000000,96.000000,96.000000,95.000000,95.000000,5.0,105.9288,97.0336,375.5658,384.461,PENDING_AG03,FALSE,NOT_FOR_ENFORCEMENT,462.2348,36187.5597,481.4946,462.2348,19.2598,0.01160708,0.01114280,19.2598,462.2348,0.01114280,19.2598,19.2598,19.2598,24.0747,24.0747,462.2348,0.01114280,105.9288,97.0336,375.5658,384.461,0.00905352,0.00926795,0.00046428,15.0409,16.8584,0.2153,11.7438,0.4291,1011.7763,54.5366,10.8148,15.0547,10.2862,13.088,13.088,26.176,34.6568,52.3519,13.088,-5.1891,2.647988,4.0,1.149216,29,158,24,5,0.00234634,0.01160708,0.15915119,0E-8,0.000000,0.908698,0.000000,-0.14789112,2026-04-14,2026-07-10,41,1122,472,88,0.465909,0.718364,0.719024,0.007821,,,,,,,,GLOBAL_BASELINE_NO_ENTITY_RANKING,,,NOT_APPLICABLE_GLOBAL_BASELINE,HF9g-P5,,,,X 全窗基线 · 不参与实体赏罚,8391832,840,A168_HF9F_20260827_0900,2026-08-27 09:00:00
2026-04-25,142615618,-1,1,518.2839044060,209.4076381436,209.4076381436,0.5555556,22,19,0.46309801052631594,0.466712465789,0.7866737269410797,0.7555348299829023,0.7866737269410797,-0.00361445526268406,SENTINEL_DEALER,R03b_20260811_FULL_v1,L1_ELIGIBILITY,v2026-08-11,2026-03-21..2026-08-06,baccarat_bet02_101_all_pairs_incl_sentinel,round_win = game_pnl > 0 (decisive only),COMPATIBILITY_ONLY_NOT_PRODUCTION,41482.8302,37695.3747,481.4946,2758,2236,-0.01160708,-0.15915119,-0.01126008,-0.01160708,-481.4946,41482.8302,OK,0.0000,19.2598,4.0000,96.0000,AG03-UNRESOLVED,ALL5_LEVELS_bet23_to_bet27,19.2598,19.2598,19.2598,24.0747,24.0747,4.000000,4.000000,4.000000,5.000000,5.000000,96.000000,96.000000,96.000000,95.000000,95.000000,5.0,105.9288,97.0336,375.5658,384.461,PENDING_AG03,FALSE,NOT_FOR_ENFORCEMENT,462.2348,36187.5597,481.4946,462.2348,19.2598,0.01160708,0.01114280,19.2598,462.2348,0.01114280,19.2598,19.2598,19.2598,24.0747,24.0747,462.2348,0.01114280,105.9288,97.0336,375.5658,384.461,0.00905352,0.00926795,0.00046428,15.0409,16.8584,0.2153,11.7438,0.4291,1011.7763,54.5366,10.8148,15.0547,10.2862,13.088,13.088,26.176,34.6568,52.3519,13.088,-5.1891,2.647988,4.0,1.149216,29,158,24,5,0.00234634,0.01160708,0.15915119,0E-8,0.000000,0.908698,0.000000,-0.14789112,2026-04-14,2026-07-10,41,1122,472,88,0.465909,0.718364,0.719024,0.007821,,,,,,,,GLOBAL_BASELINE_NO_ENTITY_RANKING,,,NOT_APPLICABLE_GLOBAL_BASELINE,HF9g-P5,,,,X 全窗基线 · 不参与实体赏罚,8391833,840,A168_HF9F_20260827_0900,2026-08-27 09:00:00
2026-04-25,142615618,1109,0,13.0879773840,13.0879773840,13.0879773840,1.0000000,1,1,0.49324550000000000,0.493245500000,1.01360149184955,1.01360149184955,1.01360149184955,0E-17,ELIGIBLE,R03b_20260811_FULL_v1,L1_ELIGIBILITY,v2026-08-11,2026-03-21..2026-08-06,baccarat_bet02_101_all_pairs_incl_sentinel,round_win = game_pnl > 0 (decisive only),COMPATIBILITY_ONLY_NOT_PRODUCTION,41482.8302,37695.3747,481.4946,2758,2236,-0.01160708,-0.15915119,-0.01126008,-0.01160708,-481.4946,41482.8302,OK,0.0000,19.2598,4.0000,96.0000,AG03-UNRESOLVED,ALL5_LEVELS_bet23_to_bet27,19.2598,19.2598,19.2598,24.0747,24.0747,4.000000,4.000000,4.000000,5.000000,5.000000,96.000000,96.000000,96.000000,95.000000,95.000000,5.0,105.9288,97.0336,375.5658,384.461,PENDING_AG03,FALSE,NOT_FOR_ENFORCEMENT,462.2348,36187.5597,481.4946,462.2348,19.2598,0.01160708,0.01114280,19.2598,462.2348,0.01114280,19.2598,19.2598,19.2598,24.0747,24.0747,462.2348,0.01114280,105.9288,97.0336,375.5658,384.461,0.00905352,0.00926795,0.00046428,15.0409,16.8584,0.2153,11.7438,0.4291,1011.7763,54.5366,10.8148,15.0547,10.2862,13.088,13.088,26.176,34.6568,52.3519,13.088,-5.1891,2.647988,4.0,1.149216,29,158,24,5,0.00234634,0.01160708,0.15915119,0E-8,0.000000,0.908698,0.000000,-0.14789112,2026-04-14,2026-07-10,41,1122,472,88,0.465909,0.718364,0.719024,0.007821,,,,,,,,GLOBAL_BASELINE_NO_ENTITY_RANKING,,,NOT_APPLICABLE_GLOBAL_BASELINE,HF9g-P5,,,,X 全窗基线 · 不参与实体赏罚,8391834,840,A168_HF9F_20260827_0900,2026-08-27 09:00:00
2026-04-25,142615618,1210,0,65.4398869200,-14.3967751224,-14.3967751224,0.5000000,4,4,0.50665070000000000,0.506650700000,-0.02660515369234503,-0.02660515369234503,-0.02660515369234503,0E-17,ELIGIBLE,R03b_20260811_FULL_v1,L1_ELIGIBILITY,v2026-08-11,2026-03-21..2026-08-06,baccarat_bet02_101_all_pairs_incl_sentinel,round_win = game_pnl > 0 (decisive only),COMPATIBILITY_ONLY_NOT_PRODUCTION,41482.8302,37695.3747,481.4946,2758,2236,-0.01160708,-0.15915119,-0.01126008,-0.01160708,-481.4946,41482.8302,OK,0.0000,19.2598,4.0000,96.0000,AG03-UNRESOLVED,ALL5_LEVELS_bet23_to_bet27,19.2598,19.2598,19.2598,24.0747,24.0747,4.000000,4.000000,4.000000,5.000000,5.000000,96.000000,96.000000,96.000000,95.000000,95.000000,5.0,105.9288,97.0336,375.5658,384.461,PENDING_AG03,FALSE,NOT_FOR_ENFORCEMENT,462.2348,36187.5597,481.4946,462.2348,19.2598,0.01160708,0.01114280,19.2598,462.2348,0.01114280,19.2598,19.2598,19.2598,24.0747,24.0747,462.2348,0.01114280,105.9288,97.0336,375.5658,384.461,0.00905352,0.00926795,0.00046428,15.0409,16.8584,0.2153,11.7438,0.4291,1011.7763,54.5366,10.8148,15.0547,10.2862,13.088,13.088,26.176,34.6568,52.3519,13.088,-5.1891,2.647988,4.0,1.149216,29,158,24,5,0.00234634,0.01160708,0.15915119,0E-8,0.000000,0.908698,0.000000,-0.14789112,2026-04-14,2026-07-10,41,1122,472,88,0.465909,0.718364,0.719024,0.007821,,,,,,,,GLOBAL_BASELINE_NO_ENTITY_RANKING,,,NOT_APPLICABLE_GLOBAL_BASELINE,HF9g-P5,,,,X 全窗基线 · 不参与实体赏罚,8391835,840,A168_HF9F_20260827_0900,2026-08-27 09:00:00
2026-04-25,142615618,1291,0,13.0879773840,13.0879773840,13.0879773840,1.0000000,1,1,0.49324550000000000,0.493245500000,1.01360149184955,1.01360149184955,1.01360149184955,0E-17,ELIGIBLE,R03b_20260811_FULL_v1,L1_ELIGIBILITY,v2026-08-11,2026-03-21..2026-08-06,baccarat_bet02_101_all_pairs_incl_sentinel,round_win = game_pnl > 0 (decisive only),COMPATIBILITY_ONLY_NOT_PRODUCTION,41482.8302,37695.3747,481.4946,2758,2236,-0.01160708,-0.15915119,-0.01126008,-0.01160708,-481.4946,41482.8302,OK,0.0000,19.2598,4.0000,96.0000,AG03-UNRESOLVED,ALL5_LEVELS_bet23_to_bet27,19.2598,19.2598,19.2598,24.0747,24.0747,4.000000,4.000000,4.000000,5.000000,5.000000,96.000000,96.000000,96.000000,95.000000,95.000000,5.0,105.9288,97.0336,375.5658,384.461,PENDING_AG03,FALSE,NOT_FOR_ENFORCEMENT,462.2348,36187.5597,481.4946,462.2348,19.2598,0.01160708,0.01114280,19.2598,462.2348,0.01114280,19.2598,19.2598,19.2598,24.0747,24.0747,462.2348,0.01114280,105.9288,97.0336,375.5658,384.461,0.00905352,0.00926795,0.00046428,15.0409,16.8584,0.2153,11.7438,0.4291,1011.7763,54.5366,10.8148,15.0547,10.2862,13.088,13.088,26.176,34.6568,52.3519,13.088,-5.1891,2.647988,4.0,1.149216,29,158,24,5,0.00234634,0.01160708,0.15915119,0E-8,0.000000,0.908698,0.000000,-0.14789112,2026-04-14,2026-07-10,41,1122,472,88,0.465909,0.718364,0.719024,0.007821,,,,,,,,GLOBAL_BASELINE_NO_ENTITY_RANKING,,,NOT_APPLICABLE_GLOBAL_BASELINE,HF9g-P5,,,,X 全窗基线 · 不参与实体赏罚,8391836,840,A168_HF9F_20260827_0900,2026-08-27 09:00:00
2026-04-25,142615618,1302,0,109.9390100256,-34.2905007461,-34.2905007461,0.4000000,6,6,0.49547970000000000,0.495479700000,-0.42701565021644644,-0.42701565021644644,-0.42701565021644644,0E-17,ELIGIBLE,R03b_20260811_FULL_v1,L1_ELIGIBILITY,v2026-08-11,2026-03-21..2026-08-06,baccarat_bet02_101_all_pairs_incl_sentinel,round_win = game_pnl > 0 (decisive only),COMPATIBILITY_ONLY_NOT_PRODUCTION,41482.8302,37695.3747,481.4946,2758,2236,-0.01160708,-0.15915119,-0.01126008,-0.01160708,-481.4946,41482.8302,OK,0.0000,19.2598,4.0000,96.0000,AG03-UNRESOLVED,ALL5_LEVELS_bet23_to_bet27,19.2598,19.2598,19.2598,24.0747,24.0747,4.000000,4.000000,4.000000,5.000000,5.000000,96.000000,96.000000,96.000000,95.000000,95.000000,5.0,105.9288,97.0336,375.5658,384.461,PENDING_AG03,FALSE,NOT_FOR_ENFORCEMENT,462.2348,36187.5597,481.4946,462.2348,19.2598,0.01160708,0.01114280,19.2598,462.2348,0.01114280,19.2598,19.2598,19.2598,24.0747,24.0747,462.2348,0.01114280,105.9288,97.0336,375.5658,384.461,0.00905352,0.00926795,0.00046428,15.0409,16.8584,0.2153,11.7438,0.4291,1011.7763,54.5366,10.8148,15.0547,10.2862,13.088,13.088,26.176,34.6568,52.3519,13.088,-5.1891,2.647988,4.0,1.149216,29,158,24,5,0.00234634,0.01160708,0.15915119,0E-8,0.000000,0.908698,0.000000,-0.14789112,2026-04-14,2026-07-10,41,1122,472,88,0.465909,0.718364,0.719024,0.007821,,,,,,,,GLOBAL_BASELINE_NO_ENTITY_RANKING,,,NOT_APPLICABLE_GLOBAL_BASELINE,HF9g-P5,,,,X 全窗基线 · 不参与实体赏罚,8391837,840,A168_HF9F_20260827_0900,2026-08-27 09:00:00
2026-04-25,142615618,1307,0,26.1759547680,26.1759547680,26.1759547680,1.0000000,1,1,0.49324550000000000,0.493245500000,1.01360149184955,1.01360149184955,1.01360149184955,0E-17,ELIGIBLE,R03b_20260811_FULL_v1,L1_ELIGIBILITY,v2026-08-11,2026-03-21..2026-08-06,baccarat_bet02_101_all_pairs_incl_sentinel,round_win = game_pnl > 0 (decisive only),COMPATIBILITY_ONLY_NOT_PRODUCTION,41482.8302,37695.3747,481.4946,2758,2236,-0.01160708,-0.15915119,-0.01126008,-0.01160708,-481.4946,41482.8302,OK,0.0000,19.2598,4.0000,96.0000,AG03-UNRESOLVED,ALL5_LEVELS_bet23_to_bet27,19.2598,19.2598,19.2598,24.0747,24.0747,4.000000,4.000000,4.000000,5.000000,5.000000,96.000000,96.000000,96.000000,95.000000,95.000000,5.0,105.9288,97.0336,375.5658,384.461,PENDING_AG03,FALSE,NOT_FOR_ENFORCEMENT,462.2348,36187.5597,481.4946,462.2348,19.2598,0.01160708,0.01114280,19.2598,462.2348,0.01114280,19.2598,19.2598,19.2598,24.0747,24.0747,462.2348,0.01114280,105.9288,97.0336,375.5658,384.461,0.00905352,0.00926795,0.00046428,15.0409,16.8584,0.2153,11.7438,0.4291,1011.7763,54.5366,10.8148,15.0547,10.2862,13.088,13.088,26.176,34.6568,52.3519,13.088,-5.1891,2.647988,4.0,1.149216,29,158,24,5,0.00234634,0.01160708,0.15915119,0E-8,0.000000,0.908698,0.000000,-0.14789112,2026-04-14,2026-07-10,41,1122,472,88,0.465909,0.718364,0.719024,0.007821,,,,,,,,GLOBAL_BASELINE_NO_ENTITY_RANKING,,,NOT_APPLICABLE_GLOBAL_BASELINE,HF9g-P5,,,,X 全窗基线 · 不参与实体赏罚,8391838,840,A168_HF9F_20260827_0900,2026-08-27 09:00:00
2026-04-25,142615618,1382,0,26.1759547680,24.8671570296,24.8671570296,1.0000000,1,1,0.50665070000000000,0.506650700000,0.9867858985152569,0.9867858985152569,0.9867858985152569,0E-17,ELIGIBLE,R03b_20260811_FULL_v1,L1_ELIGIBILITY,v2026-08-11,2026-03-21..2026-08-06,baccarat_bet02_101_all_pairs_incl_sentinel,round_win = game_pnl > 0 (decisive only),COMPATIBILITY_ONLY_NOT_PRODUCTION,41482.8302,37695.3747,481.4946,2758,2236,-0.01160708,-0.15915119,-0.01126008,-0.01160708,-481.4946,41482.8302,OK,0.0000,19.2598,4.0000,96.0000,AG03-UNRESOLVED,ALL5_LEVELS_bet23_to_bet27,19.2598,19.2598,19.2598,24.0747,24.0747,4.000000,4.000000,4.000000,5.000000,5.000000,96.000000,96.000000,96.000000,95.000000,95.000000,5.0,105.9288,97.0336,375.5658,384.461,PENDING_AG03,FALSE,NOT_FOR_ENFORCEMENT,462.2348,36187.5597,481.4946,462.2348,19.2598,0.01160708,0.01114280,19.2598,462.2348,0.01114280,19.2598,19.2598,19.2598,24.0747,24.0747,462.2348,0.01114280,105.9288,97.0336,375.5658,384.461,0.00905352,0.00926795,0.00046428,15.0409,16.8584,0.2153,11.7438,0.4291,1011.7763,54.5366,10.8148,15.0547,10.2862,13.088,13.088,26.176,34.6568,52.3519,13.088,-5.1891,2.647988,4.0,1.149216,29,158,24,5,0.00234634,0.01160708,0.15915119,0E-8,0.000000,0.908698,0.000000,-0.14789112,2026-04-14,2026-07-10,41,1122,472,88,0.465909,0.718364,0.719024,0.007821,,,,,,,,GLOBAL_BASELINE_NO_ENTITY_RANKING,,,NOT_APPLICABLE_GLOBAL_BASELINE,HF9g-P5,,,,X 全窗基线 · 不参与实体赏罚,8391839,840,A168_HF9F_20260827_0900,2026-08-27 09:00:00
2026-04-25,142615618,1383,0,167.5261105150,140.8266366516,140.8266366516,1.0000000,3,3,0.49771390000000000,0.497713900000,1.4206944795187548,1.420694479518755,1.4206944795187548,0E-17,ELIGIBLE,R03b_20260811_FULL_v1,L1_ELIGIBILITY,v2026-08-11,2026-03-21..2026-08-06,baccarat_bet02_101_all_pairs_incl_sentinel,round_win = game_pnl > 0 (decisive only),COMPATIBILITY_ONLY_NOT_PRODUCTION,41482.8302,37695.3747,481.4946,2758,2236,-0.01160708,-0.15915119,-0.01126008,-0.01160708,-481.4946,41482.8302,OK,0.0000,19.2598,4.0000,96.0000,AG03-UNRESOLVED,ALL5_LEVELS_bet23_to_bet27,19.2598,19.2598,19.2598,24.0747,24.0747,4.000000,4.000000,4.000000,5.000000,5.000000,96.000000,96.000000,96.000000,95.000000,95.000000,5.0,105.9288,97.0336,375.5658,384.461,PENDING_AG03,FALSE,NOT_FOR_ENFORCEMENT,462.2348,36187.5597,481.4946,462.2348,19.2598,0.01160708,0.01114280,19.2598,462.2348,0.01114280,19.2598,19.2598,19.2598,24.0747,24.0747,462.2348,0.01114280,105.9288,97.0336,375.5658,384.461,0.00905352,0.00926795,0.00046428,15.0409,16.8584,0.2153,11.7438,0.4291,1011.7763,54.5366,10.8148,15.0547,10.2862,13.088,13.088,26.176,34.6568,52.3519,13.088,-5.1891,2.647988,4.0,1.149216,29,158,24,5,0.00234634,0.01160708,0.15915119,0E-8,0.000000,0.908698,0.000000,-0.14789112,2026-04-14,2026-07-10,41,1122,472,88,0.465909,0.718364,0.719024,0.007821,,,,,,,,GLOBAL_BASELINE_NO_ENTITY_RANKING,,,NOT_APPLICABLE_GLOBAL_BASELINE,HF9g-P5,,,,X 全窗基线 · 不参与实体赏罚,8391840,840,A168_HF9F_20260827_0900,2026-08-27 09:00:00
2026-04-25,142615618,1396,0,13.0879773840,12.4335785148,12.4335785148,1.0000000,1,1,0.50665070000000000,0.506650700000,0.9867858985152569,0.9867858985152569,0.9867858985152569,0E-17,ELIGIBLE,R03b_20260811_FULL_v1,L1_ELIGIBILITY,v2026-08-11,2026-03-21..2026-08-06,baccarat_bet02_101_all_pairs_incl_sentinel,round_win = game_pnl > 0 (decisive only),COMPATIBILITY_ONLY_NOT_PRODUCTION,41482.8302,37695.3747,481.4946,2758,2236,-0.01160708,-0.15915119,-0.01126008,-0.01160708,-481.4946,41482.8302,OK,0.0000,19.2598,4.0000,96.0000,AG03-UNRESOLVED,ALL5_LEVELS_bet23_to_bet27,19.2598,19.2598,19.2598,24.0747,24.0747,4.000000,4.000000,4.000000,5.000000,5.000000,96.000000,96.000000,96.000000,95.000000,95.000000,5.0,105.9288,97.0336,375.5658,384.461,PENDING_AG03,FALSE,NOT_FOR_ENFORCEMENT,462.2348,36187.5597,481.4946,462.2348,19.2598,0.01160708,0.01114280,19.2598,462.2348,0.01114280,19.2598,19.2598,19.2598,24.0747,24.0747,462.2348,0.01114280,105.9288,97.0336,375.5658,384.461,0.00905352,0.00926795,0.00046428,15.0409,16.8584,0.2153,11.7438,0.4291,1011.7763,54.5366,10.8148,15.0547,10.2862,13.088,13.088,26.176,34.6568,52.3519,13.088,-5.1891,2.647988,4.0,1.149216,29,158,24,5,0.00234634,0.01160708,0.15915119,0E-8,0.000000,0.908698,0.000000,-0.14789112,2026-04-14,2026-07-10,41,1122,472,88,0.465909,0.718364,0.719024,0.007821,,,,,,,,GLOBAL_BASELINE_NO_ENTITY_RANKING,,,NOT_APPLICABLE_GLOBAL_BASELINE,HF9g-P5,,,,X 全窗基线 · 不参与实体赏罚,8391841,840,A168_HF9F_20260827_0900,2026-08-27 09:00:00
2026-04-25,142615618,1401,0,39.2639321520,11.7791796456,11.7791796456,0.5000000,2,2,0.49994810000000000,0.499948100000,0.00014679536856514622,0.00014679536856514622,0.00014679536856514622,0E-17,ELIGIBLE,R03b_20260811_FULL_v1,L1_ELIGIBILITY,v2026-08-11,2026-03-21..2026-08-06,baccarat_bet02_101_all_pairs_incl_sentinel,round_win = game_pnl > 0 (decisive only),COMPATIBILITY_ONLY_NOT_PRODUCTION,41482.8302,37695.3747,481.4946,2758,2236,-0.01160708,-0.15915119,-0.01126008,-0.01160708,-481.4946,41482.8302,OK,0.0000,19.2598,4.0000,96.0000,AG03-UNRESOLVED,ALL5_LEVELS_bet23_to_bet27,19.2598,19.2598,19.2598,24.0747,24.0747,4.000000,4.000000,4.000000,5.000000,5.000000,96.000000,96.000000,96.000000,95.000000,95.000000,5.0,105.9288,97.0336,375.5658,384.461,PENDING_AG03,FALSE,NOT_FOR_ENFORCEMENT,462.2348,36187.5597,481.4946,462.2348,19.2598,0.01160708,0.01114280,19.2598,462.2348,0.01114280,19.2598,19.2598,19.2598,24.0747,24.0747,462.2348,0.01114280,105.9288,97.0336,375.5658,384.461,0.00905352,0.00926795,0.00046428,15.0409,16.8584,0.2153,11.7438,0.4291,1011.7763,54.5366,10.8148,15.0547,10.2862,13.088,13.088,26.176,34.6568,52.3519,13.088,-5.1891,2.647988,4.0,1.149216,29,158,24,5,0.00234634,0.01160708,0.15915119,0E-8,0.000000,0.908698,0.000000,-0.14789112,2026-04-14,2026-07-10,41,1122,472,88,0.465909,0.718364,0.719024,0.007821,,,,,,,,GLOBAL_BASELINE_NO_ENTITY_RANKING,,,NOT_APPLICABLE_GLOBAL_BASELINE,HF9g-P5,,,,X 全窗基线 · 不参与实体赏罚,8391842,840,A168_HF9F_20260827_0900,2026-08-27 09:00:00
2026-04-25,142615618,1405,0,13.0879773840,13.0879773840,13.0879773840,1.0000000,1,1,0.49324550000000000,0.493245500000,1.01360149184955,1.01360149184955,1.01360149184955,0E-17,ELIGIBLE,R03b_20260811_FULL_v1,L1_ELIGIBILITY,v2026-08-11,2026-03-21..2026-08-06,baccarat_bet02_101_all_pairs_incl_sentinel,round_win = game_pnl > 0 (decisive only),COMPATIBILITY_ONLY_NOT_PRODUCTION,41482.8302,37695.3747,481.4946,2758,2236,-0.01160708,-0.15915119,-0.01126008,-0.01160708,-481.4946,41482.8302,OK,0.0000,19.2598,4.0000,96.0000,AG03-UNRESOLVED,ALL5_LEVELS_bet23_to_bet27,19.2598,19.2598,19.2598,24.0747,24.0747,4.000000,4.000000,4.000000,5.000000,5.000000,96.000000,96.000000,96.000000,95.000000,95.000000,5.0,105.9288,97.0336,375.5658,384.461,PENDING_AG03,FALSE,NOT_FOR_ENFORCEMENT,462.2348,36187.5597,481.4946,462.2348,19.2598,0.01160708,0.01114280,19.2598,462.2348,0.01114280,19.2598,19.2598,19.2598,24.0747,24.0747,462.2348,0.01114280,105.9288,97.0336,375.5658,384.461,0.00905352,0.00926795,0.00046428,15.0409,16.8584,0.2153,11.7438,0.4291,1011.7763,54.5366,10.8148,15.0547,10.2862,13.088,13.088,26.176,34.6568,52.3519,13.088,-5.1891,2.647988,4.0,1.149216,29,158,24,5,0.00234634,0.01160708,0.15915119,0E-8,0.000000,0.908698,0.000000,-0.14789112,2026-04-14,2026-07-10,41,1122,472,88,0.465909,0.718364,0.719024,0.007821,,,,,,,,GLOBAL_BASELINE_NO_ENTITY_RANKING,,,NOT_APPLICABLE_GLOBAL_BASELINE,HF9g-P5,,,,X 全窗基线 · 不参与实体赏罚,8391843,840,A168_HF9F_20260827_0900,2026-08-27 09:00:00
2026-04-25,142615618,1654,0,65.4398869199,13.0879773839,13.0879773839,0.5000000,2,2,0.49324550000000000,0.493245500000,0.01910635448239258,0.01910635448239258,0.01910635448239258,0E-17,ELIGIBLE,R03b_20260811_FULL_v1,L1_ELIGIBILITY,v2026-08-11,2026-03-21..2026-08-06,baccarat_bet02_101_all_pairs_incl_sentinel,round_win = game_pnl > 0 (decisive only),COMPATIBILITY_ONLY_NOT_PRODUCTION,41482.8302,37695.3747,481.4946,2758,2236,-0.01160708,-0.15915119,-0.01126008,-0.01160708,-481.4946,41482.8302,OK,0.0000,19.2598,4.0000,96.0000,AG03-UNRESOLVED,ALL5_LEVELS_bet23_to_bet27,19.2598,19.2598,19.2598,24.0747,24.0747,4.000000,4.000000,4.000000,5.000000,5.000000,96.000000,96.000000,96.000000,95.000000,95.000000,5.0,105.9288,97.0336,375.5658,384.461,PENDING_AG03,FALSE,NOT_FOR_ENFORCEMENT,462.2348,36187.5597,481.4946,462.2348,19.2598,0.01160708,0.01114280,19.2598,462.2348,0.01114280,19.2598,19.2598,19.2598,24.0747,24.0747,462.2348,0.01114280,105.9288,97.0336,375.5658,384.461,0.00905352,0.00926795,0.00046428,15.0409,16.8584,0.2153,11.7438,0.4291,1011.7763,54.5366,10.8148,15.0547,10.2862,13.088,13.088,26.176,34.6568,52.3519,13.088,-5.1891,2.647988,4.0,1.149216,29,158,24,5,0.00234634,0.01160708,0.15915119,0E-8,0.000000,0.908698,0.000000,-0.14789112,2026-04-14,2026-07-10,41,1122,472,88,0.465909,0.718364,0.719024,0.007821,,,,,,,,GLOBAL_BASELINE_NO_ENTITY_RANKING,,,NOT_APPLICABLE_GLOBAL_BASELINE,HF9g-P5,,,,X 全窗基线 · 不参与实体赏罚,8391844,840,A168_HF9F_20260827_0900,2026-08-27 09:00:00
2026-04-25,142615618,1710,0,49.7343140592,-23.5583592912,-23.5583592912,0.2500000,4,4,0.39693612500000000,0.396936125000,-0.6006432602881279,-0.6006432602881279,-0.6006432602881279,0E-17,ELIGIBLE,R03b_20260811_FULL_v1,L1_ELIGIBILITY,v2026-08-11,2026-03-21..2026-08-06,baccarat_bet02_101_all_pairs_incl_sentinel,round_win = game_pnl > 0 (decisive only),COMPATIBILITY_ONLY_NOT_PRODUCTION,41482.8302,37695.3747,481.4946,2758,2236,-0.01160708,-0.15915119,-0.01126008,-0.01160708,-481.4946,41482.8302,OK,0.0000,19.2598,4.0000,96.0000,AG03-UNRESOLVED,ALL5_LEVELS_bet23_to_bet27,19.2598,19.2598,19.2598,24.0747,24.0747,4.000000,4.000000,4.000000,5.000000,5.000000,96.000000,96.000000,96.000000,95.000000,95.000000,5.0,105.9288,97.0336,375.5658,384.461,PENDING_AG03,FALSE,NOT_FOR_ENFORCEMENT,462.2348,36187.5597,481.4946,462.2348,19.2598,0.01160708,0.01114280,19.2598,462.2348,0.01114280,19.2598,19.2598,19.2598,24.0747,24.0747,462.2348,0.01114280,105.9288,97.0336,375.5658,384.461,0.00905352,0.00926795,0.00046428,15.0409,16.8584,0.2153,11.7438,0.4291,1011.7763,54.5366,10.8148,15.0547,10.2862,13.088,13.088,26.176,34.6568,52.3519,13.088,-5.1891,2.647988,4.0,1.149216,29,158,24,5,0.00234634,0.01160708,0.15915119,0E-8,0.000000,0.908698,0.000000,-0.14789112,2026-04-14,2026-07-10,41,1122,472,88,0.465909,0.718364,0.719024,0.007821,,,,,,,,GLOBAL_BASELINE_NO_ENTITY_RANKING,,,NOT_APPLICABLE_GLOBAL_BASELINE,HF9g-P5,,,,X 全窗基线 · 不参与实体赏罚,8391845,840,A168_HF9F_20260827_0900,2026-08-27 09:00:00
2026-04-25,142615618,1935,0,26.1759547680,25.5215558988,25.5215558988,1.0000000,2,2,0.49994810000000000,0.499948100000,1.4143603653603398,1.4143603653603398,1.4143603653603398,0E-17,ELIGIBLE,R03b_20260811_FULL_v1,L1_ELIGIBILITY,v2026-08-11,2026-03-21..2026-08-06,baccarat_bet02_101_all_pairs_incl_sentinel,round_win = game_pnl > 0 (decisive only),COMPATIBILITY_ONLY_NOT_PRODUCTION,41482.8302,37695.3747,481.4946,2758,2236,-0.01160708,-0.15915119,-0.01126008,-0.01160708,-481.4946,41482.8302,OK,0.0000,19.2598,4.0000,96.0000,AG03-UNRESOLVED,ALL5_LEVELS_bet23_to_bet27,19.2598,19.2598,19.2598,24.0747,24.0747,4.000000,4.000000,4.000000,5.000000,5.000000,96.000000,96.000000,96.000000,95.000000,95.000000,5.0,105.9288,97.0336,375.5658,384.461,PENDING_AG03,FALSE,NOT_FOR_ENFORCEMENT,462.2348,36187.5597,481.4946,462.2348,19.2598,0.01160708,0.01114280,19.2598,462.2348,0.01114280,19.2598,19.2598,19.2598,24.0747,24.0747,462.2348,0.01114280,105.9288,97.0336,375.5658,384.461,0.00905352,0.00926795,0.00046428,15.0409,16.8584,0.2153,11.7438,0.4291,1011.7763,54.5366,10.8148,15.0547,10.2862,13.088,13.088,26.176,34.6568,52.3519,13.088,-5.1891,2.647988,4.0,1.149216,29,158,24,5,0.00234634,0.01160708,0.15915119,0E-8,0.000000,0.908698,0.000000,-0.14789112,2026-04-14,2026-07-10,41,1122,472,88,0.465909,0.718364,0.719024,0.007821,,,,,,,,GLOBAL_BASELINE_NO_ENTITY_RANKING,,,NOT_APPLICABLE_GLOBAL_BASELINE,HF9g-P5,,,,X 全窗基线 · 不参与实体赏罚,8391846,840,A168_HF9F_20260827_0900,2026-08-27 09:00:00
2026-04-25,142615618,1940,0,104.7038190720,48.4255163208,48.4255163208,0.8000000,5,5,0.50665070000000000,0.506650700000,1.3120140225494112,1.3120140225494112,1.3120140225494112,0E-17,ELIGIBLE,R03b_20260811_FULL_v1,L1_ELIGIBILITY,v2026-08-11,2026-03-21..2026-08-06,baccarat_bet02_101_all_pairs_incl_sentinel,round_win = game_pnl > 0 (decisive only),COMPATIBILITY_ONLY_NOT_PRODUCTION,41482.8302,37695.3747,481.4946,2758,2236,-0.01160708,-0.15915119,-0.01126008,-0.01160708,-481.4946,41482.8302,OK,0.0000,19.2598,4.0000,96.0000,AG03-UNRESOLVED,ALL5_LEVELS_bet23_to_bet27,19.2598,19.2598,19.2598,24.0747,24.0747,4.000000,4.000000,4.000000,5.000000,5.000000,96.000000,96.000000,96.000000,95.000000,95.000000,5.0,105.9288,97.0336,375.5658,384.461,PENDING_AG03,FALSE,NOT_FOR_ENFORCEMENT,462.2348,36187.5597,481.4946,462.2348,19.2598,0.01160708,0.01114280,19.2598,462.2348,0.01114280,19.2598,19.2598,19.2598,24.0747,24.0747,462.2348,0.01114280,105.9288,97.0336,375.5658,384.461,0.00905352,0.00926795,0.00046428,15.0409,16.8584,0.2153,11.7438,0.4291,1011.7763,54.5366,10.8148,15.0547,10.2862,13.088,13.088,26.176,34.6568,52.3519,13.088,-5.1891,2.647988,4.0,1.149216,29,158,24,5,0.00234634,0.01160708,0.15915119,0E-8,0.000000,0.908698,0.000000,-0.14789112,2026-04-14,2026-07-10,41,1122,472,88,0.465909,0.718364,0.719024,0.007821,,,,,,,,GLOBAL_BASELINE_NO_ENTITY_RANKING,,,NOT_APPLICABLE_GLOBAL_BASELINE,HF9g-P5,,,,X 全窗基线 · 不参与实体赏罚,8391847,840,A168_HF9F_20260827_0900,2026-08-27 09:00:00
2026-04-25,142615618,1941,0,70.6750778735,5.8895898227,5.8895898227,0.3333333,3,3,0.36930140000000000,0.369301400000,-0.12908515820983488,-0.12908515820983488,-0.12908515820983488,0E-17,ELIGIBLE,R03b_20260811_FULL_v1,L1_ELIGIBILITY,v2026-08-11,2026-03-21..2026-08-06,baccarat_bet02_101_all_pairs_incl_sentinel,round_win = game_pnl > 0 (decisive only),COMPATIBILITY_ONLY_NOT_PRODUCTION,41482.8302,37695.3747,481.4946,2758,2236,-0.01160708,-0.15915119,-0.01126008,-0.01160708,-481.4946,41482.8302,OK,0.0000,19.2598,4.0000,96.0000,AG03-UNRESOLVED,ALL5_LEVELS_bet23_to_bet27,19.2598,19.2598,19.2598,24.0747,24.0747,4.000000,4.000000,4.000000,5.000000,5.000000,96.000000,96.000000,96.000000,95.000000,95.000000,5.0,105.9288,97.0336,375.5658,384.461,PENDING_AG03,FALSE,NOT_FOR_ENFORCEMENT,462.2348,36187.5597,481.4946,462.2348,19.2598,0.01160708,0.01114280,19.2598,462.2348,0.01114280,19.2598,19.2598,19.2598,24.0747,24.0747,462.2348,0.01114280,105.9288,97.0336,375.5658,384.461,0.00905352,0.00926795,0.00046428,15.0409,16.8584,0.2153,11.7438,0.4291,1011.7763,54.5366,10.8148,15.0547,10.2862,13.088,13.088,26.176,34.6568,52.3519,13.088,-5.1891,2.647988,4.0,1.149216,29,158,24,5,0.00234634,0.01160708,0.15915119,0E-8,0.000000,0.908698,0.000000,-0.14789112,2026-04-14,2026-07-10,41,1122,472,88,0.465909,0.718364,0.719024,0.007821,,,,,,,,GLOBAL_BASELINE_NO_ENTITY_RANKING,,,NOT_APPLICABLE_GLOBAL_BASELINE,HF9g-P5,,,,X 全窗基线 · 不参与实体赏罚,8391848,840,A168_HF9F_20260827_0900,2026-08-27 09:00:00
2026-04-25,142615618,1947,0,13.0879773840,13.0879773840,13.0879773840,1.0000000,1,1,0.49324550000000000,0.493245500000,1.01360149184955,1.01360149184955,1.01360149184955,0E-17,ELIGIBLE,R03b_20260811_FULL_v1,L1_ELIGIBILITY,v2026-08-11,2026-03-21..2026-08-06,baccarat_bet02_101_all_pairs_incl_sentinel,round_win = game_pnl > 0 (decisive only),COMPATIBILITY_ONLY_NOT_PRODUCTION,41482.8302,37695.3747,481.4946,2758,2236,-0.01160708,-0.15915119,-0.01126008,-0.01160708,-481.4946,41482.8302,OK,0.0000,19.2598,4.0000,96.0000,AG03-UNRESOLVED,ALL5_LEVELS_bet23_to_bet27,19.2598,19.2598,19.2598,24.0747,24.0747,4.000000,4.000000,4.000000,5.000000,5.000000,96.000000,96.000000,96.000000,95.000000,95.000000,5.0,105.9288,97.0336,375.5658,384.461,PENDING_AG03,FALSE,NOT_FOR_ENFORCEMENT,462.2348,36187.5597,481.4946,462.2348,19.2598,0.01160708,0.01114280,19.2598,462.2348,0.01114280,19.2598,19.2598,19.2598,24.0747,24.0747,462.2348,0.01114280,105.9288,97.0336,375.5658,384.461,0.00905352,0.00926795,0.00046428,15.0409,16.8584,0.2153,11.7438,0.4291,1011.7763,54.5366,10.8148,15.0547,10.2862,13.088,13.088,26.176,34.6568,52.3519,13.088,-5.1891,2.647988,4.0,1.149216,29,158,24,5,0.00234634,0.01160708,0.15915119,0E-8,0.000000,0.908698,0.000000,-0.14789112,2026-04-14,2026-07-10,41,1122,472,88,0.465909,0.718364,0.719024,0.007821,,,,,,,,GLOBAL_BASELINE_NO_ENTITY_RANKING,,,NOT_APPLICABLE_GLOBAL_BASELINE,HF9g-P5,,,,X 全窗基线 · 不参与实体赏罚,8391849,840,A168_HF9F_20260827_0900,2026-08-27 09:00:00
2026-04-25,142615618,1966,0,26.1759547680,-0.6543988692,-0.6543988692,0.5000000,2,2,0.49994810000000000,0.499948100000,0.00014679536856514622,0.00014679536856514622,0.00014679536856514622,0E-17,ELIGIBLE,R03b_20260811_FULL_v1,L1_ELIGIBILITY,v2026-08-11,2026-03-21..2026-08-06,baccarat_bet02_101_all_pairs_incl_sentinel,round_win = game_pnl > 0 (decisive only),COMPATIBILITY_ONLY_NOT_PRODUCTION,41482.8302,37695.3747,481.4946,2758,2236,-0.01160708,-0.15915119,-0.01126008,-0.01160708,-481.4946,41482.8302,OK,0.0000,19.2598,4.0000,96.0000,AG03-UNRESOLVED,ALL5_LEVELS_bet23_to_bet27,19.2598,19.2598,19.2598,24.0747,24.0747,4.000000,4.000000,4.000000,5.000000,5.000000,96.000000,96.000000,96.000000,95.000000,95.000000,5.0,105.9288,97.0336,375.5658,384.461,PENDING_AG03,FALSE,NOT_FOR_ENFORCEMENT,462.2348,36187.5597,481.4946,462.2348,19.2598,0.01160708,0.01114280,19.2598,462.2348,0.01114280,19.2598,19.2598,19.2598,24.0747,24.0747,462.2348,0.01114280,105.9288,97.0336,375.5658,384.461,0.00905352,0.00926795,0.00046428,15.0409,16.8584,0.2153,11.7438,0.4291,1011.7763,54.5366,10.8148,15.0547,10.2862,13.088,13.088,26.176,34.6568,52.3519,13.088,-5.1891,2.647988,4.0,1.149216,29,158,24,5,0.00234634,0.01160708,0.15915119,0E-8,0.000000,0.908698,0.000000,-0.14789112,2026-04-14,2026-07-10,41,1122,472,88,0.465909,0.718364,0.719024,0.007821,,,,,,,,GLOBAL_BASELINE_NO_ENTITY_RANKING,,,NOT_APPLICABLE_GLOBAL_BASELINE,HF9g-P5,,,,X 全窗基线 · 不参与实体赏罚,8391850,840,A168_HF9F_20260827_0900,2026-08-27 09:00:00
2026-04-25,142615618,1985,0,81.1454597808,-9.0307043950,-9.0307043950,0.7500000,6,4,0.43462475000000000,0.400287425000,1.2724243753257833,1.4275249038962121,1.2724243753257833,0.03433732500000000,ELIGIBLE,R03b_20260811_FULL_v1,L1_ELIGIBILITY,v2026-08-11,2026-03-21..2026-08-06,baccarat_bet02_101_all_pairs_incl_sentinel,round_win = game_pnl > 0 (decisive only),COMPATIBILITY_ONLY_NOT_PRODUCTION,41482.8302,37695.3747,481.4946,2758,2236,-0.01160708,-0.15915119,-0.01126008,-0.01160708,-481.4946,41482.8302,OK,0.0000,19.2598,4.0000,96.0000,AG03-UNRESOLVED,ALL5_LEVELS_bet23_to_bet27,19.2598,19.2598,19.2598,24.0747,24.0747,4.000000,4.000000,4.000000,5.000000,5.000000,96.000000,96.000000,96.000000,95.000000,95.000000,5.0,105.9288,97.0336,375.5658,384.461,PENDING_AG03,FALSE,NOT_FOR_ENFORCEMENT,462.2348,36187.5597,481.4946,462.2348,19.2598,0.01160708,0.01114280,19.2598,462.2348,0.01114280,19.2598,19.2598,19.2598,24.0747,24.0747,462.2348,0.01114280,105.9288,97.0336,375.5658,384.461,0.00905352,0.00926795,0.00046428,15.0409,16.8584,0.2153,11.7438,0.4291,1011.7763,54.5366,10.8148,15.0547,10.2862,13.088,13.088,26.176,34.6568,52.3519,13.088,-5.1891,2.647988,4.0,1.149216,29,158,24,5,0.00234634,0.01160708,0.15915119,0E-8,0.000000,0.908698,0.000000,-0.14789112,2026-04-14,2026-07-10,41,1122,472,88,0.465909,0.718364,0.719024,0.007821,,,,,,,,GLOBAL_BASELINE_NO_ENTITY_RANKING,,,NOT_APPLICABLE_GLOBAL_BASELINE,HF9g-P5,,,,X 全窗基线 · 不参与实体赏罚,8391851,840,A168_HF9F_20260827_0900,2026-08-27 09:00:00
2026-04-25,142615618,1991,0,13.0879773840,13.0879773840,13.0879773840,1.0000000,1,1,0.49324550000000000,0.493245500000,1.01360149184955,1.01360149184955,1.01360149184955,0E-17,ELIGIBLE,R03b_20260811_FULL_v1,L1_ELIGIBILITY,v2026-08-11,2026-03-21..2026-08-06,baccarat_bet02_101_all_pairs_incl_sentinel,round_win = game_pnl > 0 (decisive only),COMPATIBILITY_ONLY_NOT_PRODUCTION,41482.8302,37695.3747,481.4946,2758,2236,-0.01160708,-0.15915119,-0.01126008,-0.01160708,-481.4946,41482.8302,OK,0.0000,19.2598,4.0000,96.0000,AG03-UNRESOLVED,ALL5_LEVELS_bet23_to_bet27,19.2598,19.2598,19.2598,24.0747,24.0747,4.000000,4.000000,4.000000,5.000000,5.000000,96.000000,96.000000,96.000000,95.000000,95.000000,5.0,105.9288,97.0336,375.5658,384.461,PENDING_AG03,FALSE,NOT_FOR_ENFORCEMENT,462.2348,36187.5597,481.4946,462.2348,19.2598,0.01160708,0.01114280,19.2598,462.2348,0.01114280,19.2598,19.2598,19.2598,24.0747,24.0747,462.2348,0.01114280,105.9288,97.0336,375.5658,384.461,0.00905352,0.00926795,0.00046428,15.0409,16.8584,0.2153,11.7438,0.4291,1011.7763,54.5366,10.8148,15.0547,10.2862,13.088,13.088,26.176,34.6568,52.3519,13.088,-5.1891,2.647988,4.0,1.149216,29,158,24,5,0.00234634,0.01160708,0.15915119,0E-8,0.000000,0.908698,0.000000,-0.14789112,2026-04-14,2026-07-10,41,1122,472,88,0.465909,0.718364,0.719024,0.007821,,,,,,,,GLOBAL_BASELINE_NO_ENTITY_RANKING,,,NOT_APPLICABLE_GLOBAL_BASELINE,HF9g-P5,,,,X 全窗基线 · 不参与实体赏罚,8391852,840,A168_HF9F_20260827_0900,2026-08-27 09:00:00
2026-04-25,142615618,1994,0,13.0879773840,12.4335785148,12.4335785148,1.0000000,1,1,0.50665070000000000,0.506650700000,0.9867858985152569,0.9867858985152569,0.9867858985152569,0E-17,ELIGIBLE,R03b_20260811_FULL_v1,L1_ELIGIBILITY,v2026-08-11,2026-03-21..2026-08-06,baccarat_bet02_101_all_pairs_incl_sentinel,round_win = game_pnl > 0 (decisive only),COMPATIBILITY_ONLY_NOT_PRODUCTION,41482.8302,37695.3747,481.4946,2758,2236,-0.01160708,-0.15915119,-0.01126008,-0.01160708,-481.4946,41482.8302,OK,0.0000,19.2598,4.0000,96.0000,AG03-UNRESOLVED,ALL5_LEVELS_bet23_to_bet27,19.2598,19.2598,19.2598,24.0747,24.0747,4.000000,4.000000,4.000000,5.000000,5.000000,96.000000,96.000000,96.000000,95.000000,95.000000,5.0,105.9288,97.0336,375.5658,384.461,PENDING_AG03,FALSE,NOT_FOR_ENFORCEMENT,462.2348,36187.5597,481.4946,462.2348,19.2598,0.01160708,0.01114280,19.2598,462.2348,0.01114280,19.2598,19.2598,19.2598,24.0747,24.0747,462.2348,0.01114280,105.9288,97.0336,375.5658,384.461,0.00905352,0.00926795,0.00046428,15.0409,16.8584,0.2153,11.7438,0.4291,1011.7763,54.5366,10.8148,15.0547,10.2862,13.088,13.088,26.176,34.6568,52.3519,13.088,-5.1891,2.647988,4.0,1.149216,29,158,24,5,0.00234634,0.01160708,0.15915119,0E-8,0.000000,0.908698,0.000000,-0.14789112,2026-04-14,2026-07-10,41,1122,472,88,0.465909,0.718364,0.719024,0.007821,,,,,,,,GLOBAL_BASELINE_NO_ENTITY_RANKING,,,NOT_APPLICABLE_GLOBAL_BASELINE,HF9g-P5,,,,X 全窗基线 · 不参与实体赏罚,8391853,840,A168_HF9F_20260827_0900,2026-08-27 09:00:00
2026-04-25,142615618,2059,0,65.4398869200,37.9551344136,37.9551344136,0.6666667,3,3,0.49771390000000000,0.497713900000,0.5852756695216578,0.5852756695216578,0.5852756695216578,0E-17,ELIGIBLE,R03b_20260811_FULL_v1,L1_ELIGIBILITY,v2026-08-11,2026-03-21..2026-08-06,baccarat_bet02_101_all_pairs_incl_sentinel,round_win = game_pnl > 0 (decisive only),COMPATIBILITY_ONLY_NOT_PRODUCTION,41482.8302,37695.3747,481.4946,2758,2236,-0.01160708,-0.15915119,-0.01126008,-0.01160708,-481.4946,41482.8302,OK,0.0000,19.2598,4.0000,96.0000,AG03-UNRESOLVED,ALL5_LEVELS_bet23_to_bet27,19.2598,19.2598,19.2598,24.0747,24.0747,4.000000,4.000000,4.000000,5.000000,5.000000,96.000000,96.000000,96.000000,95.000000,95.000000,5.0,105.9288,97.0336,375.5658,384.461,PENDING_AG03,FALSE,NOT_FOR_ENFORCEMENT,462.2348,36187.5597,481.4946,462.2348,19.2598,0.01160708,0.01114280,19.2598,462.2348,0.01114280,19.2598,19.2598,19.2598,24.0747,24.0747,462.2348,0.01114280,105.9288,97.0336,375.5658,384.461,0.00905352,0.00926795,0.00046428,15.0409,16.8584,0.2153,11.7438,0.4291,1011.7763,54.5366,10.8148,15.0547,10.2862,13.088,13.088,26.176,34.6568,52.3519,13.088,-5.1891,2.647988,4.0,1.149216,29,158,24,5,0.00234634,0.01160708,0.15915119,0E-8,0.000000,0.908698,0.000000,-0.14789112,2026-04-14,2026-07-10,41,1122,472,88,0.465909,0.718364,0.719024,0.007821,,,,,,,,GLOBAL_BASELINE_NO_ENTITY_RANKING,,,NOT_APPLICABLE_GLOBAL_BASELINE,HF9g-P5,,,,X 全窗基线 · 不参与实体赏罚,8391854,840,A168_HF9F_20260827_0900,2026-08-27 09:00:00
2026-04-25,142615618,2174,0,26.1759547680,-26.1759547680,-26.1759547680,0E-7,2,2,0.49994810000000000,0.499948100000,-1.4140667746232096,-1.4140667746232096,-1.4140667746232096,0E-17,ELIGIBLE,R03b_20260811_FULL_v1,L1_ELIGIBILITY,v2026-08-11,2026-03-21..2026-08-06,baccarat_bet02_101_all_pairs_incl_sentinel,round_win = game_pnl > 0 (decisive only),COMPATIBILITY_ONLY_NOT_PRODUCTION,41482.8302,37695.3747,481.4946,2758,2236,-0.01160708,-0.15915119,-0.01126008,-0.01160708,-481.4946,41482.8302,OK,0.0000,19.2598,4.0000,96.0000,AG03-UNRESOLVED,ALL5_LEVELS_bet23_to_bet27,19.2598,19.2598,19.2598,24.0747,24.0747,4.000000,4.000000,4.000000,5.000000,5.000000,96.000000,96.000000,96.000000,95.000000,95.000000,5.0,105.9288,97.0336,375.5658,384.461,PENDING_AG03,FALSE,NOT_FOR_ENFORCEMENT,462.2348,36187.5597,481.4946,462.2348,19.2598,0.01160708,0.01114280,19.2598,462.2348,0.01114280,19.2598,19.2598,19.2598,24.0747,24.0747,462.2348,0.01114280,105.9288,97.0336,375.5658,384.461,0.00905352,0.00926795,0.00046428,15.0409,16.8584,0.2153,11.7438,0.4291,1011.7763,54.5366,10.8148,15.0547,10.2862,13.088,13.088,26.176,34.6568,52.3519,13.088,-5.1891,2.647988,4.0,1.149216,29,158,24,5,0.00234634,0.01160708,0.15915119,0E-8,0.000000,0.908698,0.000000,-0.14789112,2026-04-14,2026-07-10,41,1122,472,88,0.465909,0.718364,0.719024,0.007821,,,,,,,,GLOBAL_BASELINE_NO_ENTITY_RANKING,,,NOT_APPLICABLE_GLOBAL_BASELINE,HF9g-P5,,,,X 全窗基线 · 不参与实体赏罚,8391855,840,A168_HF9F_20260827_0900,2026-08-27 09:00:00
2026-04-25,142615618,2188,0,44.4991231056,-7.8527864304,-7.8527864304,0.5000000,4,2,0.35264249166666667,0.297275450000,0.4361620263103455,0.6272624026875385,0.4361620263103455,0.05536704166666667,ELIGIBLE,R03b_20260811_FULL_v1,L1_ELIGIBILITY,v2026-08-11,2026-03-21..2026-08-06,baccarat_bet02_101_all_pairs_incl_sentinel,round_win = game_pnl > 0 (decisive only),COMPATIBILITY_ONLY_NOT_PRODUCTION,41482.8302,37695.3747,481.4946,2758,2236,-0.01160708,-0.15915119,-0.01126008,-0.01160708,-481.4946,41482.8302,OK,0.0000,19.2598,4.0000,96.0000,AG03-UNRESOLVED,ALL5_LEVELS_bet23_to_bet27,19.2598,19.2598,19.2598,24.0747,24.0747,4.000000,4.000000,4.000000,5.000000,5.000000,96.000000,96.000000,96.000000,95.000000,95.000000,5.0,105.9288,97.0336,375.5658,384.461,PENDING_AG03,FALSE,NOT_FOR_ENFORCEMENT,462.2348,36187.5597,481.4946,462.2348,19.2598,0.01160708,0.01114280,19.2598,462.2348,0.01114280,19.2598,19.2598,19.2598,24.0747,24.0747,462.2348,0.01114280,105.9288,97.0336,375.5658,384.461,0.00905352,0.00926795,0.00046428,15.0409,16.8584,0.2153,11.7438,0.4291,1011.7763,54.5366,10.8148,15.0547,10.2862,13.088,13.088,26.176,34.6568,52.3519,13.088,-5.1891,2.647988,4.0,1.149216,29,158,24,5,0.00234634,0.01160708,0.15915119,0E-8,0.000000,0.908698,0.000000,-0.14789112,2026-04-14,2026-07-10,41,1122,472,88,0.465909,0.718364,0.719024,0.007821,,,,,,,,GLOBAL_BASELINE_NO_ENTITY_RANKING,,,NOT_APPLICABLE_GLOBAL_BASELINE,HF9g-P5,,,,X 全窗基线 · 不参与实体赏罚,8391856,840,A168_HF9F_20260827_0900,2026-08-27 09:00:00
2026-04-25,142615618,2205,0,39.2639321520,-13.0879773840,-13.0879773840,0E-7,2,1,0.50218230000000000,0.499948100000,-1.0043741665754933,-0.9998962053866608,-1.0043741665754933,0.00223420000000000,ELIGIBLE,R03b_20260811_FULL_v1,L1_ELIGIBILITY,v2026-08-11,2026-03-21..2026-08-06,baccarat_bet02_101_all_pairs_incl_sentinel,round_win = game_pnl > 0 (decisive only),COMPATIBILITY_ONLY_NOT_PRODUCTION,41482.8302,37695.3747,481.4946,2758,2236,-0.01160708,-0.15915119,-0.01126008,-0.01160708,-481.4946,41482.8302,OK,0.0000,19.2598,4.0000,96.0000,AG03-UNRESOLVED,ALL5_LEVELS_bet23_to_bet27,19.2598,19.2598,19.2598,24.0747,24.0747,4.000000,4.000000,4.000000,5.000000,5.000000,96.000000,96.000000,96.000000,95.000000,95.000000,5.0,105.9288,97.0336,375.5658,384.461,PENDING_AG03,FALSE,NOT_FOR_ENFORCEMENT,462.2348,36187.5597,481.4946,462.2348,19.2598,0.01160708,0.01114280,19.2598,462.2348,0.01114280,19.2598,19.2598,19.2598,24.0747,24.0747,462.2348,0.01114280,105.9288,97.0336,375.5658,384.461,0.00905352,0.00926795,0.00046428,15.0409,16.8584,0.2153,11.7438,0.4291,1011.7763,54.5366,10.8148,15.0547,10.2862,13.088,13.088,26.176,34.6568,52.3519,13.088,-5.1891,2.647988,4.0,1.149216,29,158,24,5,0.00234634,0.01160708,0.15915119,0E-8,0.000000,0.908698,0.000000,-0.14789112,2026-04-14,2026-07-10,41,1122,472,88,0.465909,0.718364,0.719024,0.007821,,,,,,,,GLOBAL_BASELINE_NO_ENTITY_RANKING,,,NOT_APPLICABLE_GLOBAL_BASELINE,HF9g-P5,,,,X 全窗基线 · 不参与实体赏罚,8391857,840,A168_HF9F_20260827_0900,2026-08-27 09:00:00
2026-04-25,142615618,2223,0,28.7935502448,-8.3763055258,-8.3763055258,0.5000000,3,2,0.43127345000000000,0.396936125000,0.19625079655879635,0.29790616794075786,0.19625079655879635,0.03433732500000000,ELIGIBLE,R03b_20260811_FULL_v1,L1_ELIGIBILITY,v2026-08-11,2026-03-21..2026-08-06,baccarat_bet02_101_all_pairs_incl_sentinel,round_win = game_pnl > 0 (decisive only),COMPATIBILITY_ONLY_NOT_PRODUCTION,41482.8302,37695.3747,481.4946,2758,2236,-0.01160708,-0.15915119,-0.01126008,-0.01160708,-481.4946,41482.8302,OK,0.0000,19.2598,4.0000,96.0000,AG03-UNRESOLVED,ALL5_LEVELS_bet23_to_bet27,19.2598,19.2598,19.2598,24.0747,24.0747,4.000000,4.000000,4.000000,5.000000,5.000000,96.000000,96.000000,96.000000,95.000000,95.000000,5.0,105.9288,97.0336,375.5658,384.461,PENDING_AG03,FALSE,NOT_FOR_ENFORCEMENT,462.2348,36187.5597,481.4946,462.2348,19.2598,0.01160708,0.01114280,19.2598,462.2348,0.01114280,19.2598,19.2598,19.2598,24.0747,24.0747,462.2348,0.01114280,105.9288,97.0336,375.5658,384.461,0.00905352,0.00926795,0.00046428,15.0409,16.8584,0.2153,11.7438,0.4291,1011.7763,54.5366,10.8148,15.0547,10.2862,13.088,13.088,26.176,34.6568,52.3519,13.088,-5.1891,2.647988,4.0,1.149216,29,158,24,5,0.00234634,0.01160708,0.15915119,0E-8,0.000000,0.908698,0.000000,-0.14789112,2026-04-14,2026-07-10,41,1122,472,88,0.465909,0.718364,0.719024,0.007821,,,,,,,,GLOBAL_BASELINE_NO_ENTITY_RANKING,,,NOT_APPLICABLE_GLOBAL_BASELINE,HF9g-P5,,,,X 全窗基线 · 不参与实体赏罚,8391858,840,A168_HF9F_20260827_0900,2026-08-27 09:00:00
2026-04-25,142615618,2244,0,209.4076381438,-209.4076381438,-209.4076381438,0E-7,6,6,0.50665070000000000,0.506650700000,-2.4822909878107726,-2.4822909878107726,-2.4822909878107726,0E-17,ELIGIBLE,R03b_20260811_FULL_v1,L1_ELIGIBILITY,v2026-08-11,2026-03-21..2026-08-06,baccarat_bet02_101_all_pairs_incl_sentinel,round_win = game_pnl > 0 (decisive only),COMPATIBILITY_ONLY_NOT_PRODUCTION,41482.8302,37695.3747,481.4946,2758,2236,-0.01160708,-0.15915119,-0.01126008,-0.01160708,-481.4946,41482.8302,OK,0.0000,19.2598,4.0000,96.0000,AG03-UNRESOLVED,ALL5_LEVELS_bet23_to_bet27,19.2598,19.2598,19.2598,24.0747,24.0747,4.000000,4.000000,4.000000,5.000000,5.000000,96.000000,96.000000,96.000000,95.000000,95.000000,5.0,105.9288,97.0336,375.5658,384.461,PENDING_AG03,FALSE,NOT_FOR_ENFORCEMENT,462.2348,36187.5597,481.4946,462.2348,19.2598,0.01160708,0.01114280,19.2598,462.2348,0.01114280,19.2598,19.2598,19.2598,24.0747,24.0747,462.2348,0.01114280,105.9288,97.0336,375.5658,384.461,0.00905352,0.00926795,0.00046428,15.0409,16.8584,0.2153,11.7438,0.4291,1011.7763,54.5366,10.8148,15.0547,10.2862,13.088,13.088,26.176,34.6568,52.3519,13.088,-5.1891,2.647988,4.0,1.149216,29,158,24,5,0.00234634,0.01160708,0.15915119,0E-8,0.000000,0.908698,0.000000,-0.14789112,2026-04-14,2026-07-10,41,1122,472,88,0.465909,0.718364,0.719024,0.007821,,,,,,,,GLOBAL_BASELINE_NO_ENTITY_RANKING,,,NOT_APPLICABLE_GLOBAL_BASELINE,HF9g-P5,,,,X 全窗基线 · 不参与实体赏罚,8391859,840,A168_HF9F_20260827_0900,2026-08-27 09:00:00
2026-04-25,142615618,2248,0,88.9982462111,59.6811768710,59.6811768710,0.8000000,5,5,0.50396966000000000,0.503969660000,1.3239296534401845,1.3239296534401845,1.3239296534401845,0E-17,ELIGIBLE,R03b_20260811_FULL_v1,L1_ELIGIBILITY,v2026-08-11,2026-03-21..2026-08-06,baccarat_bet02_101_all_pairs_incl_sentinel,round_win = game_pnl > 0 (decisive only),COMPATIBILITY_ONLY_NOT_PRODUCTION,41482.8302,37695.3747,481.4946,2758,2236,-0.01160708,-0.15915119,-0.01126008,-0.01160708,-481.4946,41482.8302,OK,0.0000,19.2598,4.0000,96.0000,AG03-UNRESOLVED,ALL5_LEVELS_bet23_to_bet27,19.2598,19.2598,19.2598,24.0747,24.0747,4.000000,4.000000,4.000000,5.000000,5.000000,96.000000,96.000000,96.000000,95.000000,95.000000,5.0,105.9288,97.0336,375.5658,384.461,PENDING_AG03,FALSE,NOT_FOR_ENFORCEMENT,462.2348,36187.5597,481.4946,462.2348,19.2598,0.01160708,0.01114280,19.2598,462.2348,0.01114280,19.2598,19.2598,19.2598,24.0747,24.0747,462.2348,0.01114280,105.9288,97.0336,375.5658,384.461,0.00905352,0.00926795,0.00046428,15.0409,16.8584,0.2153,11.7438,0.4291,1011.7763,54.5366,10.8148,15.0547,10.2862,13.088,13.088,26.176,34.6568,52.3519,13.088,-5.1891,2.647988,4.0,1.149216,29,158,24,5,0.00234634,0.01160708,0.15915119,0E-8,0.000000,0.908698,0.000000,-0.14789112,2026-04-14,2026-07-10,41,1122,472,88,0.465909,0.718364,0.719024,0.007821,,,,,,,,GLOBAL_BASELINE_NO_ENTITY_RANKING,,,NOT_APPLICABLE_GLOBAL_BASELINE,HF9g-P5,,,,X 全窗基线 · 不参与实体赏罚,8391860,840,A168_HF9F_20260827_0900,2026-08-27 09:00:00
2026-04-25,142615618,2250,0,13.0879773840,-13.0879773840,-13.0879773840,0E-7,1,1,0.50665070000000000,0.506650700000,-1.013391052207602,-1.013391052207602,-1.013391052207602,0E-17,ELIGIBLE,R03b_20260811_FULL_v1,L1_ELIGIBILITY,v2026-08-11,2026-03-21..2026-08-06,baccarat_bet02_101_all_pairs_incl_sentinel,round_win = game_pnl > 0 (decisive only),COMPATIBILITY_ONLY_NOT_PRODUCTION,41482.8302,37695.3747,481.4946,2758,2236,-0.01160708,-0.15915119,-0.01126008,-0.01160708,-481.4946,41482.8302,OK,0.0000,19.2598,4.0000,96.0000,AG03-UNRESOLVED,ALL5_LEVELS_bet23_to_bet27,19.2598,19.2598,19.2598,24.0747,24.0747,4.000000,4.000000,4.000000,5.000000,5.000000,96.000000,96.000000,96.000000,95.000000,95.000000,5.0,105.9288,97.0336,375.5658,384.461,PENDING_AG03,FALSE,NOT_FOR_ENFORCEMENT,462.2348,36187.5597,481.4946,462.2348,19.2598,0.01160708,0.01114280,19.2598,462.2348,0.01114280,19.2598,19.2598,19.2598,24.0747,24.0747,462.2348,0.01114280,105.9288,97.0336,375.5658,384.461,0.00905352,0.00926795,0.00046428,15.0409,16.8584,0.2153,11.7438,0.4291,1011.7763,54.5366,10.8148,15.0547,10.2862,13.088,13.088,26.176,34.6568,52.3519,13.088,-5.1891,2.647988,4.0,1.149216,29,158,24,5,0.00234634,0.01160708,0.15915119,0E-8,0.000000,0.908698,0.000000,-0.14789112,2026-04-14,2026-07-10,41,1122,472,88,0.465909,0.718364,0.719024,0.007821,,,,,,,,GLOBAL_BASELINE_NO_ENTITY_RANKING,,,NOT_APPLICABLE_GLOBAL_BASELINE,HF9g-P5,,,,X 全窗基线 · 不参与实体赏罚,8391861,840,A168_HF9F_20260827_0900,2026-08-27 09:00:00
2026-04-25,142615618,2252,0,26.1759547680,-26.1759547680,-26.1759547680,0E-7,1,1,0.49324550000000000,0.493245500000,-0.9865810262130424,-0.9865810262130424,-0.9865810262130424,0E-17,ELIGIBLE,R03b_20260811_FULL_v1,L1_ELIGIBILITY,v2026-08-11,2026-03-21..2026-08-06,baccarat_bet02_101_all_pairs_incl_sentinel,round_win = game_pnl > 0 (decisive only),COMPATIBILITY_ONLY_NOT_PRODUCTION,41482.8302,37695.3747,481.4946,2758,2236,-0.01160708,-0.15915119,-0.01126008,-0.01160708,-481.4946,41482.8302,OK,0.0000,19.2598,4.0000,96.0000,AG03-UNRESOLVED,ALL5_LEVELS_bet23_to_bet27,19.2598,19.2598,19.2598,24.0747,24.0747,4.000000,4.000000,4.000000,5.000000,5.000000,96.000000,96.000000,96.000000,95.000000,95.000000,5.0,105.9288,97.0336,375.5658,384.461,PENDING_AG03,FALSE,NOT_FOR_ENFORCEMENT,462.2348,36187.5597,481.4946,462.2348,19.2598,0.01160708,0.01114280,19.2598,462.2348,0.01114280,19.2598,19.2598,19.2598,24.0747,24.0747,462.2348,0.01114280,105.9288,97.0336,375.5658,384.461,0.00905352,0.00926795,0.00046428,15.0409,16.8584,0.2153,11.7438,0.4291,1011.7763,54.5366,10.8148,15.0547,10.2862,13.088,13.088,26.176,34.6568,52.3519,13.088,-5.1891,2.647988,4.0,1.149216,29,158,24,5,0.00234634,0.01160708,0.15915119,0E-8,0.000000,0.908698,0.000000,-0.14789112,2026-04-14,2026-07-10,41,1122,472,88,0.465909,0.718364,0.719024,0.007821,,,,,,,,GLOBAL_BASELINE_NO_ENTITY_RANKING,,,NOT_APPLICABLE_GLOBAL_BASELINE,HF9g-P5,,,,X 全窗基线 · 不参与实体赏罚,8391862,840,A168_HF9F_20260827_0900,2026-08-27 09:00:00
2026-04-25,142615618,2258,0,65.4398869200,11.1247807764,11.1247807764,0.5000000,4,4,0.49994810000000000,0.499948100000,0.00020760000111838688,0.00020760000111838688,0.00020760000111838688,0E-17,ELIGIBLE,R03b_20260811_FULL_v1,L1_ELIGIBILITY,v2026-08-11,2026-03-21..2026-08-06,baccarat_bet02_101_all_pairs_incl_sentinel,round_win = game_pnl > 0 (decisive only),COMPATIBILITY_ONLY_NOT_PRODUCTION,41482.8302,37695.3747,481.4946,2758,2236,-0.01160708,-0.15915119,-0.01126008,-0.01160708,-481.4946,41482.8302,OK,0.0000,19.2598,4.0000,96.0000,AG03-UNRESOLVED,ALL5_LEVELS_bet23_to_bet27,19.2598,19.2598,19.2598,24.0747,24.0747,4.000000,4.000000,4.000000,5.000000,5.000000,96.000000,96.000000,96.000000,95.000000,95.000000,5.0,105.9288,97.0336,375.5658,384.461,PENDING_AG03,FALSE,NOT_FOR_ENFORCEMENT,462.2348,36187.5597,481.4946,462.2348,19.2598,0.01160708,0.01114280,19.2598,462.2348,0.01114280,19.2598,19.2598,19.2598,24.0747,24.0747,462.2348,0.01114280,105.9288,97.0336,375.5658,384.461,0.00905352,0.00926795,0.00046428,15.0409,16.8584,0.2153,11.7438,0.4291,1011.7763,54.5366,10.8148,15.0547,10.2862,13.088,13.088,26.176,34.6568,52.3519,13.088,-5.1891,2.647988,4.0,1.149216,29,158,24,5,0.00234634,0.01160708,0.15915119,0E-8,0.000000,0.908698,0.000000,-0.14789112,2026-04-14,2026-07-10,41,1122,472,88,0.465909,0.718364,0.719024,0.007821,,,,,,,,GLOBAL_BASELINE_NO_ENTITY_RANKING,,,NOT_APPLICABLE_GLOBAL_BASELINE,HF9g-P5,,,,X 全窗基线 · 不参与实体赏罚,8391863,840,A168_HF9F_20260827_0900,2026-08-27 09:00:00
2026-04-25,142615618,529,0,88.9982462112,-12.4335785148,-12.4335785148,0.3333333,6,3,0.33114881666666667,0.300626750000,0.008039696164365956,0.12354565782025938,0.008039696164365956,0.03052206666666667,ELIGIBLE,R03b_20260811_FULL_v1,L1_ELIGIBILITY,v2026-08-11,2026-03-21..2026-08-06,baccarat_bet02_101_all_pairs_incl_sentinel,round_win = game_pnl > 0 (decisive only),COMPATIBILITY_ONLY_NOT_PRODUCTION,41482.8302,37695.3747,481.4946,2758,2236,-0.01160708,-0.15915119,-0.01126008,-0.01160708,-481.4946,41482.8302,OK,0.0000,19.2598,4.0000,96.0000,AG03-UNRESOLVED,ALL5_LEVELS_bet23_to_bet27,19.2598,19.2598,19.2598,24.0747,24.0747,4.000000,4.000000,4.000000,5.000000,5.000000,96.000000,96.000000,96.000000,95.000000,95.000000,5.0,105.9288,97.0336,375.5658,384.461,PENDING_AG03,FALSE,NOT_FOR_ENFORCEMENT,462.2348,36187.5597,481.4946,462.2348,19.2598,0.01160708,0.01114280,19.2598,462.2348,0.01114280,19.2598,19.2598,19.2598,24.0747,24.0747,462.2348,0.01114280,105.9288,97.0336,375.5658,384.461,0.00905352,0.00926795,0.00046428,15.0409,16.8584,0.2153,11.7438,0.4291,1011.7763,54.5366,10.8148,15.0547,10.2862,13.088,13.088,26.176,34.6568,52.3519,13.088,-5.1891,2.647988,4.0,1.149216,29,158,24,5,0.00234634,0.01160708,0.15915119,0E-8,0.000000,0.908698,0.000000,-0.14789112,2026-04-14,2026-07-10,41,1122,472,88,0.465909,0.718364,0.719024,0.007821,,,,,,,,GLOBAL_BASELINE_NO_ENTITY_RANKING,,,NOT_APPLICABLE_GLOBAL_BASELINE,HF9g-P5,,,,X 全窗基线 · 不参与实体赏罚,8391864,840,A168_HF9F_20260827_0900,2026-08-27 09:00:00
2026-04-25,142615618,550,0,74.3397115410,-74.3397115410,-74.3397115410,0E-7,2,2,0.50665070000000000,0.506650700000,-1.4331513700195317,-1.4331513700195317,-1.4331513700195317,0E-17,ELIGIBLE,R03b_20260811_FULL_v1,L1_ELIGIBILITY,v2026-08-11,2026-03-21..2026-08-06,baccarat_bet02_101_all_pairs_incl_sentinel,round_win = game_pnl > 0 (decisive only),COMPATIBILITY_ONLY_NOT_PRODUCTION,41482.8302,37695.3747,481.4946,2758,2236,-0.01160708,-0.15915119,-0.01126008,-0.01160708,-481.4946,41482.8302,OK,0.0000,19.2598,4.0000,96.0000,AG03-UNRESOLVED,ALL5_LEVELS_bet23_to_bet27,19.2598,19.2598,19.2598,24.0747,24.0747,4.000000,4.000000,4.000000,5.000000,5.000000,96.000000,96.000000,96.000000,95.000000,95.000000,5.0,105.9288,97.0336,375.5658,384.461,PENDING_AG03,FALSE,NOT_FOR_ENFORCEMENT,462.2348,36187.5597,481.4946,462.2348,19.2598,0.01160708,0.01114280,19.2598,462.2348,0.01114280,19.2598,19.2598,19.2598,24.0747,24.0747,462.2348,0.01114280,105.9288,97.0336,375.5658,384.461,0.00905352,0.00926795,0.00046428,15.0409,16.8584,0.2153,11.7438,0.4291,1011.7763,54.5366,10.8148,15.0547,10.2862,13.088,13.088,26.176,34.6568,52.3519,13.088,-5.1891,2.647988,4.0,1.149216,29,158,24,5,0.00234634,0.01160708,0.15915119,0E-8,0.000000,0.908698,0.000000,-0.14789112,2026-04-14,2026-07-10,41,1122,472,88,0.465909,0.718364,0.719024,0.007821,,,,,,,,GLOBAL_BASELINE_NO_ENTITY_RANKING,,,NOT_APPLICABLE_GLOBAL_BASELINE,HF9g-P5,,,,X 全窗基线 · 不参与实体赏罚,8391865,840,A168_HF9F_20260827_0900,2026-08-27 09:00:00
2026-04-25,142615618,763,0,31.4111457216,12.4335785148,12.4335785148,1.0000000,2,2,0.49994810000000000,0.499948100000,1.0001038053877793,1.0001038053877793,1.0001038053877793,0E-17,ELIGIBLE,R03b_20260811_FULL_v1,L1_ELIGIBILITY,v2026-08-11,2026-03-21..2026-08-06,baccarat_bet02_101_all_pairs_incl_sentinel,round_win = game_pnl > 0 (decisive only),COMPATIBILITY_ONLY_NOT_PRODUCTION,41482.8302,37695.3747,481.4946,2758,2236,-0.01160708,-0.15915119,-0.01126008,-0.01160708,-481.4946,41482.8302,OK,0.0000,19.2598,4.0000,96.0000,AG03-UNRESOLVED,ALL5_LEVELS_bet23_to_bet27,19.2598,19.2598,19.2598,24.0747,24.0747,4.000000,4.000000,4.000000,5.000000,5.000000,96.000000,96.000000,96.000000,95.000000,95.000000,5.0,105.9288,97.0336,375.5658,384.461,PENDING_AG03,FALSE,NOT_FOR_ENFORCEMENT,462.2348,36187.5597,481.4946,462.2348,19.2598,0.01160708,0.01114280,19.2598,462.2348,0.01114280,19.2598,19.2598,19.2598,24.0747,24.0747,462.2348,0.01114280,105.9288,97.0336,375.5658,384.461,0.00905352,0.00926795,0.00046428,15.0409,16.8584,0.2153,11.7438,0.4291,1011.7763,54.5366,10.8148,15.0547,10.2862,13.088,13.088,26.176,34.6568,52.3519,13.088,-5.1891,2.647988,4.0,1.149216,29,158,24,5,0.00234634,0.01160708,0.15915119,0E-8,0.000000,0.908698,0.000000,-0.14789112,2026-04-14,2026-07-10,41,1122,472,88,0.465909,0.718364,0.719024,0.007821,,,,,,,,GLOBAL_BASELINE_NO_ENTITY_RANKING,,,NOT_APPLICABLE_GLOBAL_BASELINE,HF9g-P5,,,,X 全窗基线 · 不参与实体赏罚,8391866,840,A168_HF9F_20260827_0900,2026-08-27 09:00:00
2026-04-25,142615618,970,0,31.4111457216,-5.2351909536,-5.2351909536,0.5000000,3,2,0.42520259375000000,0.400287425000,0.2139666974889735,0.2878109933178697,0.2139666974889735,0.02491516875000000,ELIGIBLE,R03b_20260811_FULL_v1,L1_ELIGIBILITY,v2026-08-11,2026-03-21..2026-08-06,baccarat_bet02_101_all_pairs_incl_sentinel,round_win = game_pnl > 0 (decisive only),COMPATIBILITY_ONLY_NOT_PRODUCTION,41482.8302,37695.3747,481.4946,2758,2236,-0.01160708,-0.15915119,-0.01126008,-0.01160708,-481.4946,41482.8302,OK,0.0000,19.2598,4.0000,96.0000,AG03-UNRESOLVED,ALL5_LEVELS_bet23_to_bet27,19.2598,19.2598,19.2598,24.0747,24.0747,4.000000,4.000000,4.000000,5.000000,5.000000,96.000000,96.000000,96.000000,95.000000,95.000000,5.0,105.9288,97.0336,375.5658,384.461,PENDING_AG03,FALSE,NOT_FOR_ENFORCEMENT,462.2348,36187.5597,481.4946,462.2348,19.2598,0.01160708,0.01114280,19.2598,462.2348,0.01114280,19.2598,19.2598,19.2598,24.0747,24.0747,462.2348,0.01114280,105.9288,97.0336,375.5658,384.461,0.00905352,0.00926795,0.00046428,15.0409,16.8584,0.2153,11.7438,0.4291,1011.7763,54.5366,10.8148,15.0547,10.2862,13.088,13.088,26.176,34.6568,52.3519,13.088,-5.1891,2.647988,4.0,1.149216,29,158,24,5,0.00234634,0.01160708,0.15915119,0E-8,0.000000,0.908698,0.000000,-0.14789112,2026-04-14,2026-07-10,41,1122,472,88,0.465909,0.718364,0.719024,0.007821,,,,,,,,GLOBAL_BASELINE_NO_ENTITY_RANKING,,,NOT_APPLICABLE_GLOBAL_BASELINE,HF9g-P5,,,,X 全窗基线 · 不参与实体赏罚,8391867,840,A168_HF9F_20260827_0900,2026-08-27 09:00:00
2026-04-26,142615618,-1,1,550.4803287708,-48.8181556423,-48.8181556423,0.5200000,30,26,0.46632356401098901,0.455239826923,0.5379860093255583,0.6502123374177569,0.5379860093255583,0.01108373708798901,SENTINEL_DEALER,R03b_20260811_FULL_v1,L1_ELIGIBILITY,v2026-08-11,2026-03-21..2026-08-06,baccarat_bet02_101_all_pairs_incl_sentinel,round_win = game_pnl > 0 (decisive only),COMPATIBILITY_ONLY_NOT_PRODUCTION,41482.8302,37695.3747,481.4946,2758,2236,-0.01160708,-0.15915119,-0.01126008,-0.01160708,-481.4946,41482.8302,OK,0.0000,19.2598,4.0000,96.0000,AG03-UNRESOLVED,ALL5_LEVELS_bet23_to_bet27,19.2598,19.2598,19.2598,24.0747,24.0747,4.000000,4.000000,4.000000,5.000000,5.000000,96.000000,96.000000,96.000000,95.000000,95.000000,5.0,105.9288,97.0336,375.5658,384.461,PENDING_AG03,FALSE,NOT_FOR_ENFORCEMENT,462.2348,36187.5597,481.4946,462.2348,19.2598,0.01160708,0.01114280,19.2598,462.2348,0.01114280,19.2598,19.2598,19.2598,24.0747,24.0747,462.2348,0.01114280,105.9288,97.0336,375.5658,384.461,0.00905352,0.00926795,0.00046428,15.0409,16.8584,0.2153,11.7438,0.4291,1011.7763,54.5366,10.8148,15.0547,10.2862,13.088,13.088,26.176,34.6568,52.3519,13.088,-5.1891,2.647988,4.0,1.149216,29,158,24,5,0.00234634,0.01160708,0.15915119,0E-8,0.000000,0.908698,0.000000,-0.14789112,2026-04-14,2026-07-10,41,1122,472,88,0.465909,0.718364,0.719024,0.007821,,,,,,,,GLOBAL_BASELINE_NO_ENTITY_RANKING,,,NOT_APPLICABLE_GLOBAL_BASELINE,HF9g-P5,,,,X 全窗基线 · 不参与实体赏罚,8391868,840,A168_HF9F_20260827_0900,2026-08-27 09:00:00
2026-04-26,142615618,1078,0,136.1149647936,55.6239038820,55.6239038820,0.7142857,7,7,0.50090561428571429,0.500905614286,1.129103210700875,1.1291032106993646,1.129103210700875,-2.8571E-13,ELIGIBLE,R03b_20260811_FULL_v1,L1_ELIGIBILITY,v2026-08-11,2026-03-21..2026-08-06,baccarat_bet02_101_all_pairs_incl_sentinel,round_win = game_pnl > 0 (decisive only),COMPATIBILITY_ONLY_NOT_PRODUCTION,41482.8302,37695.3747,481.4946,2758,2236,-0.01160708,-0.15915119,-0.01126008,-0.01160708,-481.4946,41482.8302,OK,0.0000,19.2598,4.0000,96.0000,AG03-UNRESOLVED,ALL5_LEVELS_bet23_to_bet27,19.2598,19.2598,19.2598,24.0747,24.0747,4.000000,4.000000,4.000000,5.000000,5.000000,96.000000,96.000000,96.000000,95.000000,95.000000,5.0,105.9288,97.0336,375.5658,384.461,PENDING_AG03,FALSE,NOT_FOR_ENFORCEMENT,462.2348,36187.5597,481.4946,462.2348,19.2598,0.01160708,0.01114280,19.2598,462.2348,0.01114280,19.2598,19.2598,19.2598,24.0747,24.0747,462.2348,0.01114280,105.9288,97.0336,375.5658,384.461,0.00905352,0.00926795,0.00046428,15.0409,16.8584,0.2153,11.7438,0.4291,1011.7763,54.5366,10.8148,15.0547,10.2862,13.088,13.088,26.176,34.6568,52.3519,13.088,-5.1891,2.647988,4.0,1.149216,29,158,24,5,0.00234634,0.01160708,0.15915119,0E-8,0.000000,0.908698,0.000000,-0.14789112,2026-04-14,2026-07-10,41,1122,472,88,0.465909,0.718364,0.719024,0.007821,,,,,,,,GLOBAL_BASELINE_NO_ENTITY_RANKING,,,NOT_APPLICABLE_GLOBAL_BASELINE,HF9g-P5,,,,X 全窗基线 · 不参与实体赏罚,8391869,840,A168_HF9F_20260827_0900,2026-08-27 09:00:00
2026-04-26,142615618,1302,0,26.1759547680,-26.1759547680,-26.1759547680,0E-7,1,1,0.50665070000000000,0.506650700000,-1.013391052207602,-1.013391052207602,-1.013391052207602,0E-17,ELIGIBLE,R03b_20260811_FULL_v1,L1_ELIGIBILITY,v2026-08-11,2026-03-21..2026-08-06,baccarat_bet02_101_all_pairs_incl_sentinel,round_win = game_pnl > 0 (decisive only),COMPATIBILITY_ONLY_NOT_PRODUCTION,41482.8302,37695.3747,481.4946,2758,2236,-0.01160708,-0.15915119,-0.01126008,-0.01160708,-481.4946,41482.8302,OK,0.0000,19.2598,4.0000,96.0000,AG03-UNRESOLVED,ALL5_LEVELS_bet23_to_bet27,19.2598,19.2598,19.2598,24.0747,24.0747,4.000000,4.000000,4.000000,5.000000,5.000000,96.000000,96.000000,96.000000,95.000000,95.000000,5.0,105.9288,97.0336,375.5658,384.461,PENDING_AG03,FALSE,NOT_FOR_ENFORCEMENT,462.2348,36187.5597,481.4946,462.2348,19.2598,0.01160708,0.01114280,19.2598,462.2348,0.01114280,19.2598,19.2598,19.2598,24.0747,24.0747,462.2348,0.01114280,105.9288,97.0336,375.5658,384.461,0.00905352,0.00926795,0.00046428,15.0409,16.8584,0.2153,11.7438,0.4291,1011.7763,54.5366,10.8148,15.0547,10.2862,13.088,13.088,26.176,34.6568,52.3519,13.088,-5.1891,2.647988,4.0,1.149216,29,158,24,5,0.00234634,0.01160708,0.15915119,0E-8,0.000000,0.908698,0.000000,-0.14789112,2026-04-14,2026-07-10,41,1122,472,88,0.465909,0.718364,0.719024,0.007821,,,,,,,,GLOBAL_BASELINE_NO_ENTITY_RANKING,,,NOT_APPLICABLE_GLOBAL_BASELINE,HF9g-P5,,,,X 全窗基线 · 不参与实体赏罚,8391870,840,A168_HF9F_20260827_0900,2026-08-27 09:00:00
2026-04-26,142615618,1331,0,13.0879773840,13.0879773840,13.0879773840,1.0000000,1,1,0.49324550000000000,0.493245500000,1.01360149184955,1.01360149184955,1.01360149184955,0E-17,ELIGIBLE,R03b_20260811_FULL_v1,L1_ELIGIBILITY,v2026-08-11,2026-03-21..2026-08-06,baccarat_bet02_101_all_pairs_incl_sentinel,round_win = game_pnl > 0 (decisive only),COMPATIBILITY_ONLY_NOT_PRODUCTION,41482.8302,37695.3747,481.4946,2758,2236,-0.01160708,-0.15915119,-0.01126008,-0.01160708,-481.4946,41482.8302,OK,0.0000,19.2598,4.0000,96.0000,AG03-UNRESOLVED,ALL5_LEVELS_bet23_to_bet27,19.2598,19.2598,19.2598,24.0747,24.0747,4.000000,4.000000,4.000000,5.000000,5.000000,96.000000,96.000000,96.000000,95.000000,95.000000,5.0,105.9288,97.0336,375.5658,384.461,PENDING_AG03,FALSE,NOT_FOR_ENFORCEMENT,462.2348,36187.5597,481.4946,462.2348,19.2598,0.01160708,0.01114280,19.2598,462.2348,0.01114280,19.2598,19.2598,19.2598,24.0747,24.0747,462.2348,0.01114280,105.9288,97.0336,375.5658,384.461,0.00905352,0.00926795,0.00046428,15.0409,16.8584,0.2153,11.7438,0.4291,1011.7763,54.5366,10.8148,15.0547,10.2862,13.088,13.088,26.176,34.6568,52.3519,13.088,-5.1891,2.647988,4.0,1.149216,29,158,24,5,0.00234634,0.01160708,0.15915119,0E-8,0.000000,0.908698,0.000000,-0.14789112,2026-04-14,2026-07-10,41,1122,472,88,0.465909,0.718364,0.719024,0.007821,,,,,,,,GLOBAL_BASELINE_NO_ENTITY_RANKING,,,NOT_APPLICABLE_GLOBAL_BASELINE,HF9g-P5,,,,X 全窗基线 · 不参与实体赏罚,8391871,840,A168_HF9F_20260827_0900,2026-08-27 09:00:00
2026-04-26,142615618,1374,0,120.6711514803,-107.5831740963,-107.5831740963,0E-7,4,4,0.50665070000000000,0.506650700000,-1.7552447903592512,-1.7552447903592512,-1.7552447903592512,0E-17,ELIGIBLE,R03b_20260811_FULL_v1,L1_ELIGIBILITY,v2026-08-11,2026-03-21..2026-08-06,baccarat_bet02_101_all_pairs_incl_sentinel,round_win = game_pnl > 0 (decisive only),COMPATIBILITY_ONLY_NOT_PRODUCTION,41482.8302,37695.3747,481.4946,2758,2236,-0.01160708,-0.15915119,-0.01126008,-0.01160708,-481.4946,41482.8302,OK,0.0000,19.2598,4.0000,96.0000,AG03-UNRESOLVED,ALL5_LEVELS_bet23_to_bet27,19.2598,19.2598,19.2598,24.0747,24.0747,4.000000,4.000000,4.000000,5.000000,5.000000,96.000000,96.000000,96.000000,95.000000,95.000000,5.0,105.9288,97.0336,375.5658,384.461,PENDING_AG03,FALSE,NOT_FOR_ENFORCEMENT,462.2348,36187.5597,481.4946,462.2348,19.2598,0.01160708,0.01114280,19.2598,462.2348,0.01114280,19.2598,19.2598,19.2598,24.0747,24.0747,462.2348,0.01114280,105.9288,97.0336,375.5658,384.461,0.00905352,0.00926795,0.00046428,15.0409,16.8584,0.2153,11.7438,0.4291,1011.7763,54.5366,10.8148,15.0547,10.2862,13.088,13.088,26.176,34.6568,52.3519,13.088,-5.1891,2.647988,4.0,1.149216,29,158,24,5,0.00234634,0.01160708,0.15915119,0E-8,0.000000,0.908698,0.000000,-0.14789112,2026-04-14,2026-07-10,41,1122,472,88,0.465909,0.718364,0.719024,0.007821,,,,,,,,GLOBAL_BASELINE_NO_ENTITY_RANKING,,,NOT_APPLICABLE_GLOBAL_BASELINE,HF9g-P5,,,,X 全窗基线 · 不参与实体赏罚,8391872,840,A168_HF9F_20260827_0900,2026-08-27 09:00:00
2026-04-26,142615618,1383,0,107.8449336440,2.4867157030,2.4867157030,0.6666667,3,3,0.49771390000000000,0.497713900000,0.5852756695216578,0.5852756695216578,0.5852756695216578,0E-17,ELIGIBLE,R03b_20260811_FULL_v1,L1_ELIGIBILITY,v2026-08-11,2026-03-21..2026-08-06,baccarat_bet02_101_all_pairs_incl_sentinel,round_win = game_pnl > 0 (decisive only),COMPATIBILITY_ONLY_NOT_PRODUCTION,41482.8302,37695.3747,481.4946,2758,2236,-0.01160708,-0.15915119,-0.01126008,-0.01160708,-481.4946,41482.8302,OK,0.0000,19.2598,4.0000,96.0000,AG03-UNRESOLVED,ALL5_LEVELS_bet23_to_bet27,19.2598,19.2598,19.2598,24.0747,24.0747,4.000000,4.000000,4.000000,5.000000,5.000000,96.000000,96.000000,96.000000,95.000000,95.000000,5.0,105.9288,97.0336,375.5658,384.461,PENDING_AG03,FALSE,NOT_FOR_ENFORCEMENT,462.2348,36187.5597,481.4946,462.2348,19.2598,0.01160708,0.01114280,19.2598,462.2348,0.01114280,19.2598,19.2598,19.2598,24.0747,24.0747,462.2348,0.01114280,105.9288,97.0336,375.5658,384.461,0.00905352,0.00926795,0.00046428,15.0409,16.8584,0.2153,11.7438,0.4291,1011.7763,54.5366,10.8148,15.0547,10.2862,13.088,13.088,26.176,34.6568,52.3519,13.088,-5.1891,2.647988,4.0,1.149216,29,158,24,5,0.00234634,0.01160708,0.15915119,0E-8,0.000000,0.908698,0.000000,-0.14789112,2026-04-14,2026-07-10,41,1122,472,88,0.465909,0.718364,0.719024,0.007821,,,,,,,,GLOBAL_BASELINE_NO_ENTITY_RANKING,,,NOT_APPLICABLE_GLOBAL_BASELINE,HF9g-P5,,,,X 全窗基线 · 不参与实体赏罚,8391873,840,A168_HF9F_20260827_0900,2026-08-27 09:00:00
2026-04-26,142615618,1396,0,10.4703819072,0E-10,0E-10,,2,1,0.29392415000000000,0.293924150000,,,,0E-17,NO_DECISIVE_ROUND,R03b_20260811_FULL_v1,L1_ELIGIBILITY,v2026-08-11,2026-03-21..2026-08-06,baccarat_bet02_101_all_pairs_incl_sentinel,round_win = game_pnl > 0 (decisive only),COMPATIBILITY_ONLY_NOT_PRODUCTION,41482.8302,37695.3747,481.4946,2758,2236,-0.01160708,-0.15915119,-0.01126008,-0.01160708,-481.4946,41482.8302,OK,0.0000,19.2598,4.0000,96.0000,AG03-UNRESOLVED,ALL5_LEVELS_bet23_to_bet27,19.2598,19.2598,19.2598,24.0747,24.0747,4.000000,4.000000,4.000000,5.000000,5.000000,96.000000,96.000000,96.000000,95.000000,95.000000,5.0,105.9288,97.0336,375.5658,384.461,PENDING_AG03,FALSE,NOT_FOR_ENFORCEMENT,462.2348,36187.5597,481.4946,462.2348,19.2598,0.01160708,0.01114280,19.2598,462.2348,0.01114280,19.2598,19.2598,19.2598,24.0747,24.0747,462.2348,0.01114280,105.9288,97.0336,375.5658,384.461,0.00905352,0.00926795,0.00046428,15.0409,16.8584,0.2153,11.7438,0.4291,1011.7763,54.5366,10.8148,15.0547,10.2862,13.088,13.088,26.176,34.6568,52.3519,13.088,-5.1891,2.647988,4.0,1.149216,29,158,24,5,0.00234634,0.01160708,0.15915119,0E-8,0.000000,0.908698,0.000000,-0.14789112,2026-04-14,2026-07-10,41,1122,472,88,0.465909,0.718364,0.719024,0.007821,,,,,,,,GLOBAL_BASELINE_NO_ENTITY_RANKING,,,NOT_APPLICABLE_GLOBAL_BASELINE,HF9g-P5,,,,X 全窗基线 · 不参与实体赏罚,8391874,840,A168_HF9F_20260827_0900,2026-08-27 09:00:00
2026-04-26,142615618,1401,0,308.0909876189,-48.3862523888,-48.3862523888,0.3333333,7,7,0.50282064285714286,0.502820642857,-0.8303280647496518,-0.8303280647489506,-0.8303280647496518,1.4286E-13,ELIGIBLE,R03b_20260811_FULL_v1,L1_ELIGIBILITY,v2026-08-11,2026-03-21..2026-08-06,baccarat_bet02_101_all_pairs_incl_sentinel,round_win = game_pnl > 0 (decisive only),COMPATIBILITY_ONLY_NOT_PRODUCTION,41482.8302,37695.3747,481.4946,2758,2236,-0.01160708,-0.15915119,-0.01126008,-0.01160708,-481.4946,41482.8302,OK,0.0000,19.2598,4.0000,96.0000,AG03-UNRESOLVED,ALL5_LEVELS_bet23_to_bet27,19.2598,19.2598,19.2598,24.0747,24.0747,4.000000,4.000000,4.000000,5.000000,5.000000,96.000000,96.000000,96.000000,95.000000,95.000000,5.0,105.9288,97.0336,375.5658,384.461,PENDING_AG03,FALSE,NOT_FOR_ENFORCEMENT,462.2348,36187.5597,481.4946,462.2348,19.2598,0.01160708,0.01114280,19.2598,462.2348,0.01114280,19.2598,19.2598,19.2598,24.0747,24.0747,462.2348,0.01114280,105.9288,97.0336,375.5658,384.461,0.00905352,0.00926795,0.00046428,15.0409,16.8584,0.2153,11.7438,0.4291,1011.7763,54.5366,10.8148,15.0547,10.2862,13.088,13.088,26.176,34.6568,52.3519,13.088,-5.1891,2.647988,4.0,1.149216,29,158,24,5,0.00234634,0.01160708,0.15915119,0E-8,0.000000,0.908698,0.000000,-0.14789112,2026-04-14,2026-07-10,41,1122,472,88,0.465909,0.718364,0.719024,0.007821,,,,,,,,GLOBAL_BASELINE_NO_ENTITY_RANKING,,,NOT_APPLICABLE_GLOBAL_BASELINE,HF9g-P5,,,,X 全窗基线 · 不参与实体赏罚,8391875,840,A168_HF9F_20260827_0900,2026-08-27 09:00:00
2026-04-26,142615618,1654,0,13.0879773840,13.0879773840,13.0879773840,1.0000000,1,1,0.49324550000000000,0.493245500000,1.01360149184955,1.01360149184955,1.01360149184955,0E-17,ELIGIBLE,R03b_20260811_FULL_v1,L1_ELIGIBILITY,v2026-08-11,2026-03-21..2026-08-06,baccarat_bet02_101_all_pairs_incl_sentinel,round_win = game_pnl > 0 (decisive only),COMPATIBILITY_ONLY_NOT_PRODUCTION,41482.8302,37695.3747,481.4946,2758,2236,-0.01160708,-0.15915119,-0.01126008,-0.01160708,-481.4946,41482.8302,OK,0.0000,19.2598,4.0000,96.0000,AG03-UNRESOLVED,ALL5_LEVELS_bet23_to_bet27,19.2598,19.2598,19.2598,24.0747,24.0747,4.000000,4.000000,4.000000,5.000000,5.000000,96.000000,96.000000,96.000000,95.000000,95.000000,5.0,105.9288,97.0336,375.5658,384.461,PENDING_AG03,FALSE,NOT_FOR_ENFORCEMENT,462.2348,36187.5597,481.4946,462.2348,19.2598,0.01160708,0.01114280,19.2598,462.2348,0.01114280,19.2598,19.2598,19.2598,24.0747,24.0747,462.2348,0.01114280,105.9288,97.0336,375.5658,384.461,0.00905352,0.00926795,0.00046428,15.0409,16.8584,0.2153,11.7438,0.4291,1011.7763,54.5366,10.8148,15.0547,10.2862,13.088,13.088,26.176,34.6568,52.3519,13.088,-5.1891,2.647988,4.0,1.149216,29,158,24,5,0.00234634,0.01160708,0.15915119,0E-8,0.000000,0.908698,0.000000,-0.14789112,2026-04-14,2026-07-10,41,1122,472,88,0.465909,0.718364,0.719024,0.007821,,,,,,,,GLOBAL_BASELINE_NO_ENTITY_RANKING,,,NOT_APPLICABLE_GLOBAL_BASELINE,HF9g-P5,,,,X 全窗基线 · 不参与实体赏罚,8391876,840,A168_HF9F_20260827_0900,2026-08-27 09:00:00
2026-04-26,142615618,1942,0,13.0879773840,13.0879773840,13.0879773840,1.0000000,1,1,0.49324550000000000,0.493245500000,1.01360149184955,1.01360149184955,1.01360149184955,0E-17,ELIGIBLE,R03b_20260811_FULL_v1,L1_ELIGIBILITY,v2026-08-11,2026-03-21..2026-08-06,baccarat_bet02_101_all_pairs_incl_sentinel,round_win = game_pnl > 0 (decisive only),COMPATIBILITY_ONLY_NOT_PRODUCTION,41482.8302,37695.3747,481.4946,2758,2236,-0.01160708,-0.15915119,-0.01126008,-0.01160708,-481.4946,41482.8302,OK,0.0000,19.2598,4.0000,96.0000,AG03-UNRESOLVED,ALL5_LEVELS_bet23_to_bet27,19.2598,19.2598,19.2598,24.0747,24.0747,4.000000,4.000000,4.000000,5.000000,5.000000,96.000000,96.000000,96.000000,95.000000,95.000000,5.0,105.9288,97.0336,375.5658,384.461,PENDING_AG03,FALSE,NOT_FOR_ENFORCEMENT,462.2348,36187.5597,481.4946,462.2348,19.2598,0.01160708,0.01114280,19.2598,462.2348,0.01114280,19.2598,19.2598,19.2598,24.0747,24.0747,462.2348,0.01114280,105.9288,97.0336,375.5658,384.461,0.00905352,0.00926795,0.00046428,15.0409,16.8584,0.2153,11.7438,0.4291,1011.7763,54.5366,10.8148,15.0547,10.2862,13.088,13.088,26.176,34.6568,52.3519,13.088,-5.1891,2.647988,4.0,1.149216,29,158,24,5,0.00234634,0.01160708,0.15915119,0E-8,0.000000,0.908698,0.000000,-0.14789112,2026-04-14,2026-07-10,41,1122,472,88,0.465909,0.718364,0.719024,0.007821,,,,,,,,GLOBAL_BASELINE_NO_ENTITY_RANKING,,,NOT_APPLICABLE_GLOBAL_BASELINE,HF9g-P5,,,,X 全窗基线 · 不参与实体赏罚,8391877,840,A168_HF9F_20260827_0900,2026-08-27 09:00:00
2026-04-26,142615618,1966,0,13.0879773840,12.4335785148,12.4335785148,1.0000000,1,1,0.50665070000000000,0.506650700000,0.9867858985152569,0.9867858985152569,0.9867858985152569,0E-17,ELIGIBLE,R03b_20260811_FULL_v1,L1_ELIGIBILITY,v2026-08-11,2026-03-21..2026-08-06,baccarat_bet02_101_all_pairs_incl_sentinel,round_win = game_pnl > 0 (decisive only),COMPATIBILITY_ONLY_NOT_PRODUCTION,41482.8302,37695.3747,481.4946,2758,2236,-0.01160708,-0.15915119,-0.01126008,-0.01160708,-481.4946,41482.8302,OK,0.0000,19.2598,4.0000,96.0000,AG03-UNRESOLVED,ALL5_LEVELS_bet23_to_bet27,19.2598,19.2598,19.2598,24.0747,24.0747,4.000000,4.000000,4.000000,5.000000,5.000000,96.000000,96.000000,96.000000,95.000000,95.000000,5.0,105.9288,97.0336,375.5658,384.461,PENDING_AG03,FALSE,NOT_FOR_ENFORCEMENT,462.2348,36187.5597,481.4946,462.2348,19.2598,0.01160708,0.01114280,19.2598,462.2348,0.01114280,19.2598,19.2598,19.2598,24.0747,24.0747,462.2348,0.01114280,105.9288,97.0336,375.5658,384.461,0.00905352,0.00926795,0.00046428,15.0409,16.8584,0.2153,11.7438,0.4291,1011.7763,54.5366,10.8148,15.0547,10.2862,13.088,13.088,26.176,34.6568,52.3519,13.088,-5.1891,2.647988,4.0,1.149216,29,158,24,5,0.00234634,0.01160708,0.15915119,0E-8,0.000000,0.908698,0.000000,-0.14789112,2026-04-14,2026-07-10,41,1122,472,88,0.465909,0.718364,0.719024,0.007821,,,,,,,,GLOBAL_BASELINE_NO_ENTITY_RANKING,,,NOT_APPLICABLE_GLOBAL_BASELINE,HF9g-P5,,,,X 全窗基线 · 不参与实体赏罚,8391878,840,A168_HF9F_20260827_0900,2026-08-27 09:00:00
2026-04-26,142615618,1985,0,108.1066931917,13.7423762531,13.7423762531,0.3333333,5,4,0.37181294642857143,0.350457087500,-0.1379064501047887,-0.06216390153306301,-0.1379064501047887,0.02135585892857143,ELIGIBLE,R03b_20260811_FULL_v1,L1_ELIGIBILITY,v2026-08-11,2026-03-21..2026-08-06,baccarat_bet02_101_all_pairs_incl_sentinel,round_win = game_pnl > 0 (decisive only),COMPATIBILITY_ONLY_NOT_PRODUCTION,41482.8302,37695.3747,481.4946,2758,2236,-0.01160708,-0.15915119,-0.01126008,-0.01160708,-481.4946,41482.8302,OK,0.0000,19.2598,4.0000,96.0000,AG03-UNRESOLVED,ALL5_LEVELS_bet23_to_bet27,19.2598,19.2598,19.2598,24.0747,24.0747,4.000000,4.000000,4.000000,5.000000,5.000000,96.000000,96.000000,96.000000,95.000000,95.000000,5.0,105.9288,97.0336,375.5658,384.461,PENDING_AG03,FALSE,NOT_FOR_ENFORCEMENT,462.2348,36187.5597,481.4946,462.2348,19.2598,0.01160708,0.01114280,19.2598,462.2348,0.01114280,19.2598,19.2598,19.2598,24.0747,24.0747,462.2348,0.01114280,105.9288,97.0336,375.5658,384.461,0.00905352,0.00926795,0.00046428,15.0409,16.8584,0.2153,11.7438,0.4291,1011.7763,54.5366,10.8148,15.0547,10.2862,13.088,13.088,26.176,34.6568,52.3519,13.088,-5.1891,2.647988,4.0,1.149216,29,158,24,5,0.00234634,0.01160708,0.15915119,0E-8,0.000000,0.908698,0.000000,-0.14789112,2026-04-14,2026-07-10,41,1122,472,88,0.465909,0.718364,0.719024,0.007821,,,,,,,,GLOBAL_BASELINE_NO_ENTITY_RANKING,,,NOT_APPLICABLE_GLOBAL_BASELINE,HF9g-P5,,,,X 全窗基线 · 不参与实体赏罚,8391879,840,A168_HF9F_20260827_0900,2026-08-27 09:00:00
2026-04-26,142615618,1991,0,18.3231683376,-18.3231683376,-18.3231683376,0E-7,2,1,0.38892272857142857,0.300626750000,-0.7977808304440328,-0.655630731788307,-0.7977808304440328,0.08829597857142857,ELIGIBLE,R03b_20260811_FULL_v1,L1_ELIGIBILITY,v2026-08-11,2026-03-21..2026-08-06,baccarat_bet02_101_all_pairs_incl_sentinel,round_win = game_pnl > 0 (decisive only),COMPATIBILITY_ONLY_NOT_PRODUCTION,41482.8302,37695.3747,481.4946,2758,2236,-0.01160708,-0.15915119,-0.01126008,-0.01160708,-481.4946,41482.8302,OK,0.0000,19.2598,4.0000,96.0000,AG03-UNRESOLVED,ALL5_LEVELS_bet23_to_bet27,19.2598,19.2598,19.2598,24.0747,24.0747,4.000000,4.000000,4.000000,5.000000,5.000000,96.000000,96.000000,96.000000,95.000000,95.000000,5.0,105.9288,97.0336,375.5658,384.461,PENDING_AG03,FALSE,NOT_FOR_ENFORCEMENT,462.2348,36187.5597,481.4946,462.2348,19.2598,0.01160708,0.01114280,19.2598,462.2348,0.01114280,19.2598,19.2598,19.2598,24.0747,24.0747,462.2348,0.01114280,105.9288,97.0336,375.5658,384.461,0.00905352,0.00926795,0.00046428,15.0409,16.8584,0.2153,11.7438,0.4291,1011.7763,54.5366,10.8148,15.0547,10.2862,13.088,13.088,26.176,34.6568,52.3519,13.088,-5.1891,2.647988,4.0,1.149216,29,158,24,5,0.00234634,0.01160708,0.15915119,0E-8,0.000000,0.908698,0.000000,-0.14789112,2026-04-14,2026-07-10,41,1122,472,88,0.465909,0.718364,0.719024,0.007821,,,,,,,,GLOBAL_BASELINE_NO_ENTITY_RANKING,,,NOT_APPLICABLE_GLOBAL_BASELINE,HF9g-P5,,,,X 全窗基线 · 不参与实体赏罚,8391880,840,A168_HF9F_20260827_0900,2026-08-27 09:00:00
2026-04-26,142615618,1994,0,53.1371881790,-1.4396775122,-1.4396775122,0.6666667,4,3,0.43550788252417293,0.433507650000,0.8075028762626177,0.8149246127763418,0.8075028762626177,0.00200023252417293,ELIGIBLE,R03b_20260811_FULL_v1,L1_ELIGIBILITY,v2026-08-11,2026-03-21..2026-08-06,baccarat_bet02_101_all_pairs_incl_sentinel,round_win = game_pnl > 0 (decisive only),COMPATIBILITY_ONLY_NOT_PRODUCTION,41482.8302,37695.3747,481.4946,2758,2236,-0.01160708,-0.15915119,-0.01126008,-0.01160708,-481.4946,41482.8302,OK,0.0000,19.2598,4.0000,96.0000,AG03-UNRESOLVED,ALL5_LEVELS_bet23_to_bet27,19.2598,19.2598,19.2598,24.0747,24.0747,4.000000,4.000000,4.000000,5.000000,5.000000,96.000000,96.000000,96.000000,95.000000,95.000000,5.0,105.9288,97.0336,375.5658,384.461,PENDING_AG03,FALSE,NOT_FOR_ENFORCEMENT,462.2348,36187.5597,481.4946,462.2348,19.2598,0.01160708,0.01114280,19.2598,462.2348,0.01114280,19.2598,19.2598,19.2598,24.0747,24.0747,462.2348,0.01114280,105.9288,97.0336,375.5658,384.461,0.00905352,0.00926795,0.00046428,15.0409,16.8584,0.2153,11.7438,0.4291,1011.7763,54.5366,10.8148,15.0547,10.2862,13.088,13.088,26.176,34.6568,52.3519,13.088,-5.1891,2.647988,4.0,1.149216,29,158,24,5,0.00234634,0.01160708,0.15915119,0E-8,0.000000,0.908698,0.000000,-0.14789112,2026-04-14,2026-07-10,41,1122,472,88,0.465909,0.718364,0.719024,0.007821,,,,,,,,GLOBAL_BASELINE_NO_ENTITY_RANKING,,,NOT_APPLICABLE_GLOBAL_BASELINE,HF9g-P5,,,,X 全窗基线 · 不参与实体赏罚,8391881,840,A168_HF9F_20260827_0900,2026-08-27 09:00:00
2026-04-26,142615618,2059,0,157.0557286079,114.5198021097,114.5198021097,0.6000000,7,6,0.47119627500000000,0.471196275000,0.576985963428066,0.576985963428066,0.576985963428066,0E-17,ELIGIBLE,R03b_20260811_FULL_v1,L1_ELIGIBILITY,v2026-08-11,2026-03-21..2026-08-06,baccarat_bet02_101_all_pairs_incl_sentinel,round_win = game_pnl > 0 (decisive only),COMPATIBILITY_ONLY_NOT_PRODUCTION,41482.8302,37695.3747,481.4946,2758,2236,-0.01160708,-0.15915119,-0.01126008,-0.01160708,-481.4946,41482.8302,OK,0.0000,19.2598,4.0000,96.0000,AG03-UNRESOLVED,ALL5_LEVELS_bet23_to_bet27,19.2598,19.2598,19.2598,24.0747,24.0747,4.000000,4.000000,4.000000,5.000000,5.000000,96.000000,96.000000,96.000000,95.000000,95.000000,5.0,105.9288,97.0336,375.5658,384.461,PENDING_AG03,FALSE,NOT_FOR_ENFORCEMENT,462.2348,36187.5597,481.4946,462.2348,19.2598,0.01160708,0.01114280,19.2598,462.2348,0.01114280,19.2598,19.2598,19.2598,24.0747,24.0747,462.2348,0.01114280,105.9288,97.0336,375.5658,384.461,0.00905352,0.00926795,0.00046428,15.0409,16.8584,0.2153,11.7438,0.4291,1011.7763,54.5366,10.8148,15.0547,10.2862,13.088,13.088,26.176,34.6568,52.3519,13.088,-5.1891,2.647988,4.0,1.149216,29,158,24,5,0.00234634,0.01160708,0.15915119,0E-8,0.000000,0.908698,0.000000,-0.14789112,2026-04-14,2026-07-10,41,1122,472,88,0.465909,0.718364,0.719024,0.007821,,,,,,,,GLOBAL_BASELINE_NO_ENTITY_RANKING,,,NOT_APPLICABLE_GLOBAL_BASELINE,HF9g-P5,,,,X 全窗基线 · 不参与实体赏罚,8391882,840,A168_HF9F_20260827_0900,2026-08-27 09:00:00
2026-04-26,142615618,2072,0,52.3519095360,-52.3519095360,-52.3519095360,0E-7,4,4,0.49324550000000000,0.493245500000,-1.973162052426085,-1.973162052426085,-1.973162052426085,0E-17,ELIGIBLE,R03b_20260811_FULL_v1,L1_ELIGIBILITY,v2026-08-11,2026-03-21..2026-08-06,baccarat_bet02_101_all_pairs_incl_sentinel,round_win = game_pnl > 0 (decisive only),COMPATIBILITY_ONLY_NOT_PRODUCTION,41482.8302,37695.3747,481.4946,2758,2236,-0.01160708,-0.15915119,-0.01126008,-0.01160708,-481.4946,41482.8302,OK,0.0000,19.2598,4.0000,96.0000,AG03-UNRESOLVED,ALL5_LEVELS_bet23_to_bet27,19.2598,19.2598,19.2598,24.0747,24.0747,4.000000,4.000000,4.000000,5.000000,5.000000,96.000000,96.000000,96.000000,95.000000,95.000000,5.0,105.9288,97.0336,375.5658,384.461,PENDING_AG03,FALSE,NOT_FOR_ENFORCEMENT,462.2348,36187.5597,481.4946,462.2348,19.2598,0.01160708,0.01114280,19.2598,462.2348,0.01114280,19.2598,19.2598,19.2598,24.0747,24.0747,462.2348,0.01114280,105.9288,97.0336,375.5658,384.461,0.00905352,0.00926795,0.00046428,15.0409,16.8584,0.2153,11.7438,0.4291,1011.7763,54.5366,10.8148,15.0547,10.2862,13.088,13.088,26.176,34.6568,52.3519,13.088,-5.1891,2.647988,4.0,1.149216,29,158,24,5,0.00234634,0.01160708,0.15915119,0E-8,0.000000,0.908698,0.000000,-0.14789112,2026-04-14,2026-07-10,41,1122,472,88,0.465909,0.718364,0.719024,0.007821,,,,,,,,GLOBAL_BASELINE_NO_ENTITY_RANKING,,,NOT_APPLICABLE_GLOBAL_BASELINE,HF9g-P5,,,,X 全窗基线 · 不参与实体赏罚,8391883,840,A168_HF9F_20260827_0900,2026-08-27 09:00:00
2026-04-26,142615618,2123,0,28.7935502448,-2.6175954768,-2.6175954768,0.5000000,3,2,0.43629654285714286,0.393584825000,0.18166102681454677,0.308045137873246,0.18166102681454677,0.04271171785714286,ELIGIBLE,R03b_20260811_FULL_v1,L1_ELIGIBILITY,v2026-08-11,2026-03-21..2026-08-06,baccarat_bet02_101_all_pairs_incl_sentinel,round_win = game_pnl > 0 (decisive only),COMPATIBILITY_ONLY_NOT_PRODUCTION,41482.8302,37695.3747,481.4946,2758,2236,-0.01160708,-0.15915119,-0.01126008,-0.01160708,-481.4946,41482.8302,OK,0.0000,19.2598,4.0000,96.0000,AG03-UNRESOLVED,ALL5_LEVELS_bet23_to_bet27,19.2598,19.2598,19.2598,24.0747,24.0747,4.000000,4.000000,4.000000,5.000000,5.000000,96.000000,96.000000,96.000000,95.000000,95.000000,5.0,105.9288,97.0336,375.5658,384.461,PENDING_AG03,FALSE,NOT_FOR_ENFORCEMENT,462.2348,36187.5597,481.4946,462.2348,19.2598,0.01160708,0.01114280,19.2598,462.2348,0.01114280,19.2598,19.2598,19.2598,24.0747,24.0747,462.2348,0.01114280,105.9288,97.0336,375.5658,384.461,0.00905352,0.00926795,0.00046428,15.0409,16.8584,0.2153,11.7438,0.4291,1011.7763,54.5366,10.8148,15.0547,10.2862,13.088,13.088,26.176,34.6568,52.3519,13.088,-5.1891,2.647988,4.0,1.149216,29,158,24,5,0.00234634,0.01160708,0.15915119,0E-8,0.000000,0.908698,0.000000,-0.14789112,2026-04-14,2026-07-10,41,1122,472,88,0.465909,0.718364,0.719024,0.007821,,,,,,,,GLOBAL_BASELINE_NO_ENTITY_RANKING,,,NOT_APPLICABLE_GLOBAL_BASELINE,HF9g-P5,,,,X 全窗基线 · 不参与实体赏罚,8391884,840,A168_HF9F_20260827_0900,2026-08-27 09:00:00
2026-04-26,142615618,2129,0,31.4111457216,41.8815276287,41.8815276287,1.0000000,3,2,0.43629654285714286,0.393584825000,1.1366701712646976,1.2412688522058144,1.1366701712646976,0.04271171785714286,ELIGIBLE,R03b_20260811_FULL_v1,L1_ELIGIBILITY,v2026-08-11,2026-03-21..2026-08-06,baccarat_bet02_101_all_pairs_incl_sentinel,round_win = game_pnl > 0 (decisive only),COMPATIBILITY_ONLY_NOT_PRODUCTION,41482.8302,37695.3747,481.4946,2758,2236,-0.01160708,-0.15915119,-0.01126008,-0.01160708,-481.4946,41482.8302,OK,0.0000,19.2598,4.0000,96.0000,AG03-UNRESOLVED,ALL5_LEVELS_bet23_to_bet27,19.2598,19.2598,19.2598,24.0747,24.0747,4.000000,4.000000,4.000000,5.000000,5.000000,96.000000,96.000000,96.000000,95.000000,95.000000,5.0,105.9288,97.0336,375.5658,384.461,PENDING_AG03,FALSE,NOT_FOR_ENFORCEMENT,462.2348,36187.5597,481.4946,462.2348,19.2598,0.01160708,0.01114280,19.2598,462.2348,0.01114280,19.2598,19.2598,19.2598,24.0747,24.0747,462.2348,0.01114280,105.9288,97.0336,375.5658,384.461,0.00905352,0.00926795,0.00046428,15.0409,16.8584,0.2153,11.7438,0.4291,1011.7763,54.5366,10.8148,15.0547,10.2862,13.088,13.088,26.176,34.6568,52.3519,13.088,-5.1891,2.647988,4.0,1.149216,29,158,24,5,0.00234634,0.01160708,0.15915119,0E-8,0.000000,0.908698,0.000000,-0.14789112,2026-04-14,2026-07-10,41,1122,472,88,0.465909,0.718364,0.719024,0.007821,,,,,,,,GLOBAL_BASELINE_NO_ENTITY_RANKING,,,NOT_APPLICABLE_GLOBAL_BASELINE,HF9g-P5,,,,X 全窗基线 · 不参与实体赏罚,8391885,840,A168_HF9F_20260827_0900,2026-08-27 09:00:00
2026-04-26,142615618,2145,0,54.9695050128,-29.4479491140,-29.4479491140,0.3333333,5,3,0.40636390952380952,0.369301400000,-0.257541749392573,-0.12908515820983488,-0.257541749392573,0.03706250952380952,ELIGIBLE,R03b_20260811_FULL_v1,L1_ELIGIBILITY,v2026-08-11,2026-03-21..2026-08-06,baccarat_bet02_101_all_pairs_incl_sentinel,round_win = game_pnl > 0 (decisive only),COMPATIBILITY_ONLY_NOT_PRODUCTION,41482.8302,37695.3747,481.4946,2758,2236,-0.01160708,-0.15915119,-0.01126008,-0.01160708,-481.4946,41482.8302,OK,0.0000,19.2598,4.0000,96.0000,AG03-UNRESOLVED,ALL5_LEVELS_bet23_to_bet27,19.2598,19.2598,19.2598,24.0747,24.0747,4.000000,4.000000,4.000000,5.000000,5.000000,96.000000,96.000000,96.000000,95.000000,95.000000,5.0,105.9288,97.0336,375.5658,384.461,PENDING_AG03,FALSE,NOT_FOR_ENFORCEMENT,462.2348,36187.5597,481.4946,462.2348,19.2598,0.01160708,0.01114280,19.2598,462.2348,0.01114280,19.2598,19.2598,19.2598,24.0747,24.0747,462.2348,0.01114280,105.9288,97.0336,375.5658,384.461,0.00905352,0.00926795,0.00046428,15.0409,16.8584,0.2153,11.7438,0.4291,1011.7763,54.5366,10.8148,15.0547,10.2862,13.088,13.088,26.176,34.6568,52.3519,13.088,-5.1891,2.647988,4.0,1.149216,29,158,24,5,0.00234634,0.01160708,0.15915119,0E-8,0.000000,0.908698,0.000000,-0.14789112,2026-04-14,2026-07-10,41,1122,472,88,0.465909,0.718364,0.719024,0.007821,,,,,,,,GLOBAL_BASELINE_NO_ENTITY_RANKING,,,NOT_APPLICABLE_GLOBAL_BASELINE,HF9g-P5,,,,X 全窗基线 · 不参与实体赏罚,8391886,840,A168_HF9F_20260827_0900,2026-08-27 09:00:00
2026-04-26,142615618,2152,0,13.0879773840,13.0879773840,13.0879773840,1.0000000,1,1,0.49324550000000000,0.493245500000,1.01360149184955,1.01360149184955,1.01360149184955,0E-17,ELIGIBLE,R03b_20260811_FULL_v1,L1_ELIGIBILITY,v2026-08-11,2026-03-21..2026-08-06,baccarat_bet02_101_all_pairs_incl_sentinel,round_win = game_pnl > 0 (decisive only),COMPATIBILITY_ONLY_NOT_PRODUCTION,41482.8302,37695.3747,481.4946,2758,2236,-0.01160708,-0.15915119,-0.01126008,-0.01160708,-481.4946,41482.8302,OK,0.0000,19.2598,4.0000,96.0000,AG03-UNRESOLVED,ALL5_LEVELS_bet23_to_bet27,19.2598,19.2598,19.2598,24.0747,24.0747,4.000000,4.000000,4.000000,5.000000,5.000000,96.000000,96.000000,96.000000,95.000000,95.000000,5.0,105.9288,97.0336,375.5658,384.461,PENDING_AG03,FALSE,NOT_FOR_ENFORCEMENT,462.2348,36187.5597,481.4946,462.2348,19.2598,0.01160708,0.01114280,19.2598,462.2348,0.01114280,19.2598,19.2598,19.2598,24.0747,24.0747,462.2348,0.01114280,105.9288,97.0336,375.5658,384.461,0.00905352,0.00926795,0.00046428,15.0409,16.8584,0.2153,11.7438,0.4291,1011.7763,54.5366,10.8148,15.0547,10.2862,13.088,13.088,26.176,34.6568,52.3519,13.088,-5.1891,2.647988,4.0,1.149216,29,158,24,5,0.00234634,0.01160708,0.15915119,0E-8,0.000000,0.908698,0.000000,-0.14789112,2026-04-14,2026-07-10,41,1122,472,88,0.465909,0.718364,0.719024,0.007821,,,,,,,,GLOBAL_BASELINE_NO_ENTITY_RANKING,,,NOT_APPLICABLE_GLOBAL_BASELINE,HF9g-P5,,,,X 全窗基线 · 不参与实体赏罚,8391887,840,A168_HF9F_20260827_0900,2026-08-27 09:00:00
2026-04-26,142615618,2153,0,44.4991231055,44.4991231055,44.4991231055,1.0000000,1,1,0.49324550000000000,0.493245500000,1.01360149184955,1.01360149184955,1.01360149184955,0E-17,ELIGIBLE,R03b_20260811_FULL_v1,L1_ELIGIBILITY,v2026-08-11,2026-03-21..2026-08-06,baccarat_bet02_101_all_pairs_incl_sentinel,round_win = game_pnl > 0 (decisive only),COMPATIBILITY_ONLY_NOT_PRODUCTION,41482.8302,37695.3747,481.4946,2758,2236,-0.01160708,-0.15915119,-0.01126008,-0.01160708,-481.4946,41482.8302,OK,0.0000,19.2598,4.0000,96.0000,AG03-UNRESOLVED,ALL5_LEVELS_bet23_to_bet27,19.2598,19.2598,19.2598,24.0747,24.0747,4.000000,4.000000,4.000000,5.000000,5.000000,96.000000,96.000000,96.000000,95.000000,95.000000,5.0,105.9288,97.0336,375.5658,384.461,PENDING_AG03,FALSE,NOT_FOR_ENFORCEMENT,462.2348,36187.5597,481.4946,462.2348,19.2598,0.01160708,0.01114280,19.2598,462.2348,0.01114280,19.2598,19.2598,19.2598,24.0747,24.0747,462.2348,0.01114280,105.9288,97.0336,375.5658,384.461,0.00905352,0.00926795,0.00046428,15.0409,16.8584,0.2153,11.7438,0.4291,1011.7763,54.5366,10.8148,15.0547,10.2862,13.088,13.088,26.176,34.6568,52.3519,13.088,-5.1891,2.647988,4.0,1.149216,29,158,24,5,0.00234634,0.01160708,0.15915119,0E-8,0.000000,0.908698,0.000000,-0.14789112,2026-04-14,2026-07-10,41,1122,472,88,0.465909,0.718364,0.719024,0.007821,,,,,,,,GLOBAL_BASELINE_NO_ENTITY_RANKING,,,NOT_APPLICABLE_GLOBAL_BASELINE,HF9g-P5,,,,X 全窗基线 · 不参与实体赏罚,8391888,840,A168_HF9F_20260827_0900,2026-08-27 09:00:00
2026-04-26,142615618,2155,0,26.1759547680,-26.1759547680,-26.1759547680,0E-7,1,1,0.50665070000000000,0.506650700000,-1.013391052207602,-1.013391052207602,-1.013391052207602,0E-17,ELIGIBLE,R03b_20260811_FULL_v1,L1_ELIGIBILITY,v2026-08-11,2026-03-21..2026-08-06,baccarat_bet02_101_all_pairs_incl_sentinel,round_win = game_pnl > 0 (decisive only),COMPATIBILITY_ONLY_NOT_PRODUCTION,41482.8302,37695.3747,481.4946,2758,2236,-0.01160708,-0.15915119,-0.01126008,-0.01160708,-481.4946,41482.8302,OK,0.0000,19.2598,4.0000,96.0000,AG03-UNRESOLVED,ALL5_LEVELS_bet23_to_bet27,19.2598,19.2598,19.2598,24.0747,24.0747,4.000000,4.000000,4.000000,5.000000,5.000000,96.000000,96.000000,96.000000,95.000000,95.000000,5.0,105.9288,97.0336,375.5658,384.461,PENDING_AG03,FALSE,NOT_FOR_ENFORCEMENT,462.2348,36187.5597,481.4946,462.2348,19.2598,0.01160708,0.01114280,19.2598,462.2348,0.01114280,19.2598,19.2598,19.2598,24.0747,24.0747,462.2348,0.01114280,105.9288,97.0336,375.5658,384.461,0.00905352,0.00926795,0.00046428,15.0409,16.8584,0.2153,11.7438,0.4291,1011.7763,54.5366,10.8148,15.0547,10.2862,13.088,13.088,26.176,34.6568,52.3519,13.088,-5.1891,2.647988,4.0,1.149216,29,158,24,5,0.00234634,0.01160708,0.15915119,0E-8,0.000000,0.908698,0.000000,-0.14789112,2026-04-14,2026-07-10,41,1122,472,88,0.465909,0.718364,0.719024,0.007821,,,,,,,,GLOBAL_BASELINE_NO_ENTITY_RANKING,,,NOT_APPLICABLE_GLOBAL_BASELINE,HF9g-P5,,,,X 全窗基线 · 不参与实体赏罚,8391889,840,A168_HF9F_20260827_0900,2026-08-27 09:00:00
2026-04-26,142615618,2156,0,13.0879773840,13.0879773840,13.0879773840,1.0000000,1,1,0.49324550000000000,0.493245500000,1.01360149184955,1.01360149184955,1.01360149184955,0E-17,ELIGIBLE,R03b_20260811_FULL_v1,L1_ELIGIBILITY,v2026-08-11,2026-03-21..2026-08-06,baccarat_bet02_101_all_pairs_incl_sentinel,round_win = game_pnl > 0 (decisive only),COMPATIBILITY_ONLY_NOT_PRODUCTION,41482.8302,37695.3747,481.4946,2758,2236,-0.01160708,-0.15915119,-0.01126008,-0.01160708,-481.4946,41482.8302,OK,0.0000,19.2598,4.0000,96.0000,AG03-UNRESOLVED,ALL5_LEVELS_bet23_to_bet27,19.2598,19.2598,19.2598,24.0747,24.0747,4.000000,4.000000,4.000000,5.000000,5.000000,96.000000,96.000000,96.000000,95.000000,95.000000,5.0,105.9288,97.0336,375.5658,384.461,PENDING_AG03,FALSE,NOT_FOR_ENFORCEMENT,462.2348,36187.5597,481.4946,462.2348,19.2598,0.01160708,0.01114280,19.2598,462.2348,0.01114280,19.2598,19.2598,19.2598,24.0747,24.0747,462.2348,0.01114280,105.9288,97.0336,375.5658,384.461,0.00905352,0.00926795,0.00046428,15.0409,16.8584,0.2153,11.7438,0.4291,1011.7763,54.5366,10.8148,15.0547,10.2862,13.088,13.088,26.176,34.6568,52.3519,13.088,-5.1891,2.647988,4.0,1.149216,29,158,24,5,0.00234634,0.01160708,0.15915119,0E-8,0.000000,0.908698,0.000000,-0.14789112,2026-04-14,2026-07-10,41,1122,472,88,0.465909,0.718364,0.719024,0.007821,,,,,,,,GLOBAL_BASELINE_NO_ENTITY_RANKING,,,NOT_APPLICABLE_GLOBAL_BASELINE,HF9g-P5,,,,X 全窗基线 · 不参与实体赏罚,8391890,840,A168_HF9F_20260827_0900,2026-08-27 09:00:00
2026-04-26,142615618,2160,0,26.1759547680,0E-10,0E-10,,1,1,0.50665070000000000,0.506650700000,,,,0E-17,NO_DECISIVE_ROUND,R03b_20260811_FULL_v1,L1_ELIGIBILITY,v2026-08-11,2026-03-21..2026-08-06,baccarat_bet02_101_all_pairs_incl_sentinel,round_win = game_pnl > 0 (decisive only),COMPATIBILITY_ONLY_NOT_PRODUCTION,41482.8302,37695.3747,481.4946,2758,2236,-0.01160708,-0.15915119,-0.01126008,-0.01160708,-481.4946,41482.8302,OK,0.0000,19.2598,4.0000,96.0000,AG03-UNRESOLVED,ALL5_LEVELS_bet23_to_bet27,19.2598,19.2598,19.2598,24.0747,24.0747,4.000000,4.000000,4.000000,5.000000,5.000000,96.000000,96.000000,96.000000,95.000000,95.000000,5.0,105.9288,97.0336,375.5658,384.461,PENDING_AG03,FALSE,NOT_FOR_ENFORCEMENT,462.2348,36187.5597,481.4946,462.2348,19.2598,0.01160708,0.01114280,19.2598,462.2348,0.01114280,19.2598,19.2598,19.2598,24.0747,24.0747,462.2348,0.01114280,105.9288,97.0336,375.5658,384.461,0.00905352,0.00926795,0.00046428,15.0409,16.8584,0.2153,11.7438,0.4291,1011.7763,54.5366,10.8148,15.0547,10.2862,13.088,13.088,26.176,34.6568,52.3519,13.088,-5.1891,2.647988,4.0,1.149216,29,158,24,5,0.00234634,0.01160708,0.15915119,0E-8,0.000000,0.908698,0.000000,-0.14789112,2026-04-14,2026-07-10,41,1122,472,88,0.465909,0.718364,0.719024,0.007821,,,,,,,,GLOBAL_BASELINE_NO_ENTITY_RANKING,,,NOT_APPLICABLE_GLOBAL_BASELINE,HF9g-P5,,,,X 全窗基线 · 不参与实体赏罚,8391891,840,A168_HF9F_20260827_0900,2026-08-27 09:00:00
2026-04-26,142615618,2170,0,209.4076381438,-196.3196607598,-196.3196607598,0E-7,5,5,0.50128862000000000,0.501288620000,-2.005161139317648,-2.005161139317648,-2.005161139317648,0E-17,ELIGIBLE,R03b_20260811_FULL_v1,L1_ELIGIBILITY,v2026-08-11,2026-03-21..2026-08-06,baccarat_bet02_101_all_pairs_incl_sentinel,round_win = game_pnl > 0 (decisive only),COMPATIBILITY_ONLY_NOT_PRODUCTION,41482.8302,37695.3747,481.4946,2758,2236,-0.01160708,-0.15915119,-0.01126008,-0.01160708,-481.4946,41482.8302,OK,0.0000,19.2598,4.0000,96.0000,AG03-UNRESOLVED,ALL5_LEVELS_bet23_to_bet27,19.2598,19.2598,19.2598,24.0747,24.0747,4.000000,4.000000,4.000000,5.000000,5.000000,96.000000,96.000000,96.000000,95.000000,95.000000,5.0,105.9288,97.0336,375.5658,384.461,PENDING_AG03,FALSE,NOT_FOR_ENFORCEMENT,462.2348,36187.5597,481.4946,462.2348,19.2598,0.01160708,0.01114280,19.2598,462.2348,0.01114280,19.2598,19.2598,19.2598,24.0747,24.0747,462.2348,0.01114280,105.9288,97.0336,375.5658,384.461,0.00905352,0.00926795,0.00046428,15.0409,16.8584,0.2153,11.7438,0.4291,1011.7763,54.5366,10.8148,15.0547,10.2862,13.088,13.088,26.176,34.6568,52.3519,13.088,-5.1891,2.647988,4.0,1.149216,29,158,24,5,0.00234634,0.01160708,0.15915119,0E-8,0.000000,0.908698,0.000000,-0.14789112,2026-04-14,2026-07-10,41,1122,472,88,0.465909,0.718364,0.719024,0.007821,,,,,,,,GLOBAL_BASELINE_NO_ENTITY_RANKING,,,NOT_APPLICABLE_GLOBAL_BASELINE,HF9g-P5,,,,X 全窗基线 · 不参与实体赏罚,8391892,840,A168_HF9F_20260827_0900,2026-08-27 09:00:00
2026-04-26,142615618,2174,0,13.0879773840,-13.0879773840,-13.0879773840,0E-7,1,1,0.50665070000000000,0.506650700000,-1.013391052207602,-1.013391052207602,-1.013391052207602,0E-17,ELIGIBLE,R03b_20260811_FULL_v1,L1_ELIGIBILITY,v2026-08-11,2026-03-21..2026-08-06,baccarat_bet02_101_all_pairs_incl_sentinel,round_win = game_pnl > 0 (decisive only),COMPATIBILITY_ONLY_NOT_PRODUCTION,41482.8302,37695.3747,481.4946,2758,2236,-0.01160708,-0.15915119,-0.01126008,-0.01160708,-481.4946,41482.8302,OK,0.0000,19.2598,4.0000,96.0000,AG03-UNRESOLVED,ALL5_LEVELS_bet23_to_bet27,19.2598,19.2598,19.2598,24.0747,24.0747,4.000000,4.000000,4.000000,5.000000,5.000000,96.000000,96.000000,96.000000,95.000000,95.000000,5.0,105.9288,97.0336,375.5658,384.461,PENDING_AG03,FALSE,NOT_FOR_ENFORCEMENT,462.2348,36187.5597,481.4946,462.2348,19.2598,0.01160708,0.01114280,19.2598,462.2348,0.01114280,19.2598,19.2598,19.2598,24.0747,24.0747,462.2348,0.01114280,105.9288,97.0336,375.5658,384.461,0.00905352,0.00926795,0.00046428,15.0409,16.8584,0.2153,11.7438,0.4291,1011.7763,54.5366,10.8148,15.0547,10.2862,13.088,13.088,26.176,34.6568,52.3519,13.088,-5.1891,2.647988,4.0,1.149216,29,158,24,5,0.00234634,0.01160708,0.15915119,0E-8,0.000000,0.908698,0.000000,-0.14789112,2026-04-14,2026-07-10,41,1122,472,88,0.465909,0.718364,0.719024,0.007821,,,,,,,,GLOBAL_BASELINE_NO_ENTITY_RANKING,,,NOT_APPLICABLE_GLOBAL_BASELINE,HF9g-P5,,,,X 全窗基线 · 不参与实体赏罚,8391893,840,A168_HF9F_20260827_0900,2026-08-27 09:00:00
2026-04-26,142615618,2188,0,91.0923225926,12.3026987410,12.3026987410,0.7500000,5,5,0.49860758000000000,0.498607580000,1.005573579286957,1.005573579286957,1.005573579286957,0E-17,ELIGIBLE,R03b_20260811_FULL_v1,L1_ELIGIBILITY,v2026-08-11,2026-03-21..2026-08-06,baccarat_bet02_101_all_pairs_incl_sentinel,round_win = game_pnl > 0 (decisive only),COMPATIBILITY_ONLY_NOT_PRODUCTION,41482.8302,37695.3747,481.4946,2758,2236,-0.01160708,-0.15915119,-0.01126008,-0.01160708,-481.4946,41482.8302,OK,0.0000,19.2598,4.0000,96.0000,AG03-UNRESOLVED,ALL5_LEVELS_bet23_to_bet27,19.2598,19.2598,19.2598,24.0747,24.0747,4.000000,4.000000,4.000000,5.000000,5.000000,96.000000,96.000000,96.000000,95.000000,95.000000,5.0,105.9288,97.0336,375.5658,384.461,PENDING_AG03,FALSE,NOT_FOR_ENFORCEMENT,462.2348,36187.5597,481.4946,462.2348,19.2598,0.01160708,0.01114280,19.2598,462.2348,0.01114280,19.2598,19.2598,19.2598,24.0747,24.0747,462.2348,0.01114280,105.9288,97.0336,375.5658,384.461,0.00905352,0.00926795,0.00046428,15.0409,16.8584,0.2153,11.7438,0.4291,1011.7763,54.5366,10.8148,15.0547,10.2862,13.088,13.088,26.176,34.6568,52.3519,13.088,-5.1891,2.647988,4.0,1.149216,29,158,24,5,0.00234634,0.01160708,0.15915119,0E-8,0.000000,0.908698,0.000000,-0.14789112,2026-04-14,2026-07-10,41,1122,472,88,0.465909,0.718364,0.719024,0.007821,,,,,,,,GLOBAL_BASELINE_NO_ENTITY_RANKING,,,NOT_APPLICABLE_GLOBAL_BASELINE,HF9g-P5,,,,X 全窗基线 · 不参与实体赏罚,8391894,840,A168_HF9F_20260827_0900,2026-08-27 09:00:00
2026-04-26,142615618,2222,0,141.3501557472,-39.2639321520,-39.2639321520,0.4285714,11,7,0.44262462959183673,0.417397207143,-0.07485703193105064,0.05995221629396541,-0.07485703193105064,0.02522742244883673,ELIGIBLE,R03b_20260811_FULL_v1,L1_ELIGIBILITY,v2026-08-11,2026-03-21..2026-08-06,baccarat_bet02_101_all_pairs_incl_sentinel,round_win = game_pnl > 0 (decisive only),COMPATIBILITY_ONLY_NOT_PRODUCTION,41482.8302,37695.3747,481.4946,2758,2236,-0.01160708,-0.15915119,-0.01126008,-0.01160708,-481.4946,41482.8302,OK,0.0000,19.2598,4.0000,96.0000,AG03-UNRESOLVED,ALL5_LEVELS_bet23_to_bet27,19.2598,19.2598,19.2598,24.0747,24.0747,4.000000,4.000000,4.000000,5.000000,5.000000,96.000000,96.000000,96.000000,95.000000,95.000000,5.0,105.9288,97.0336,375.5658,384.461,PENDING_AG03,FALSE,NOT_FOR_ENFORCEMENT,462.2348,36187.5597,481.4946,462.2348,19.2598,0.01160708,0.01114280,19.2598,462.2348,0.01114280,19.2598,19.2598,19.2598,24.0747,24.0747,462.2348,0.01114280,105.9288,97.0336,375.5658,384.461,0.00905352,0.00926795,0.00046428,15.0409,16.8584,0.2153,11.7438,0.4291,1011.7763,54.5366,10.8148,15.0547,10.2862,13.088,13.088,26.176,34.6568,52.3519,13.088,-5.1891,2.647988,4.0,1.149216,29,158,24,5,0.00234634,0.01160708,0.15915119,0E-8,0.000000,0.908698,0.000000,-0.14789112,2026-04-14,2026-07-10,41,1122,472,88,0.465909,0.718364,0.719024,0.007821,,,,,,,,GLOBAL_BASELINE_NO_ENTITY_RANKING,,,NOT_APPLICABLE_GLOBAL_BASELINE,HF9g-P5,,,,X 全窗基线 · 不参与实体赏罚,8391895,840,A168_HF9F_20260827_0900,2026-08-27 09:00:00
2026-04-26,142615618,2234,0,15.7055728608,-15.7055728608,-15.7055728608,0E-7,2,1,0.36930140000000000,0.300626750000,-0.765208073563708,-0.655630731788307,-0.765208073563708,0.06867465000000000,ELIGIBLE,R03b_20260811_FULL_v1,L1_ELIGIBILITY,v2026-08-11,2026-03-21..2026-08-06,baccarat_bet02_101_all_pairs_incl_sentinel,round_win = game_pnl > 0 (decisive only),COMPATIBILITY_ONLY_NOT_PRODUCTION,41482.8302,37695.3747,481.4946,2758,2236,-0.01160708,-0.15915119,-0.01126008,-0.01160708,-481.4946,41482.8302,OK,0.0000,19.2598,4.0000,96.0000,AG03-UNRESOLVED,ALL5_LEVELS_bet23_to_bet27,19.2598,19.2598,19.2598,24.0747,24.0747,4.000000,4.000000,4.000000,5.000000,5.000000,96.000000,96.000000,96.000000,95.000000,95.000000,5.0,105.9288,97.0336,375.5658,384.461,PENDING_AG03,FALSE,NOT_FOR_ENFORCEMENT,462.2348,36187.5597,481.4946,462.2348,19.2598,0.01160708,0.01114280,19.2598,462.2348,0.01114280,19.2598,19.2598,19.2598,24.0747,24.0747,462.2348,0.01114280,105.9288,97.0336,375.5658,384.461,0.00905352,0.00926795,0.00046428,15.0409,16.8584,0.2153,11.7438,0.4291,1011.7763,54.5366,10.8148,15.0547,10.2862,13.088,13.088,26.176,34.6568,52.3519,13.088,-5.1891,2.647988,4.0,1.149216,29,158,24,5,0.00234634,0.01160708,0.15915119,0E-8,0.000000,0.908698,0.000000,-0.14789112,2026-04-14,2026-07-10,41,1122,472,88,0.465909,0.718364,0.719024,0.007821,,,,,,,,GLOBAL_BASELINE_NO_ENTITY_RANKING,,,NOT_APPLICABLE_GLOBAL_BASELINE,HF9g-P5,,,,X 全窗基线 · 不参与实体赏罚,8391896,840,A168_HF9F_20260827_0900,2026-08-27 09:00:00
2026-04-26,142615618,2244,0,26.1759547680,-26.1759547680,-26.1759547680,0E-7,2,2,0.49994810000000000,0.499948100000,-1.4140667746232096,-1.4140667746232096,-1.4140667746232096,0E-17,ELIGIBLE,R03b_20260811_FULL_v1,L1_ELIGIBILITY,v2026-08-11,2026-03-21..2026-08-06,baccarat_bet02_101_all_pairs_incl_sentinel,round_win = game_pnl > 0 (decisive only),COMPATIBILITY_ONLY_NOT_PRODUCTION,41482.8302,37695.3747,481.4946,2758,2236,-0.01160708,-0.15915119,-0.01126008,-0.01160708,-481.4946,41482.8302,OK,0.0000,19.2598,4.0000,96.0000,AG03-UNRESOLVED,ALL5_LEVELS_bet23_to_bet27,19.2598,19.2598,19.2598,24.0747,24.0747,4.000000,4.000000,4.000000,5.000000,5.000000,96.000000,96.000000,96.000000,95.000000,95.000000,5.0,105.9288,97.0336,375.5658,384.461,PENDING_AG03,FALSE,NOT_FOR_ENFORCEMENT,462.2348,36187.5597,481.4946,462.2348,19.2598,0.01160708,0.01114280,19.2598,462.2348,0.01114280,19.2598,19.2598,19.2598,24.0747,24.0747,462.2348,0.01114280,105.9288,97.0336,375.5658,384.461,0.00905352,0.00926795,0.00046428,15.0409,16.8584,0.2153,11.7438,0.4291,1011.7763,54.5366,10.8148,15.0547,10.2862,13.088,13.088,26.176,34.6568,52.3519,13.088,-5.1891,2.647988,4.0,1.149216,29,158,24,5,0.00234634,0.01160708,0.15915119,0E-8,0.000000,0.908698,0.000000,-0.14789112,2026-04-14,2026-07-10,41,1122,472,88,0.465909,0.718364,0.719024,0.007821,,,,,,,,GLOBAL_BASELINE_NO_ENTITY_RANKING,,,NOT_APPLICABLE_GLOBAL_BASELINE,HF9g-P5,,,,X 全窗基线 · 不参与实体赏罚,8391897,840,A168_HF9F_20260827_0900,2026-08-27 09:00:00
2026-04-26,142615618,2251,0,130.8797738398,-130.8797738398,-130.8797738398,0E-7,1,1,0.50665070000000000,0.506650700000,-1.013391052207602,-1.013391052207602,-1.013391052207602,0E-17,ELIGIBLE,R03b_20260811_FULL_v1,L1_ELIGIBILITY,v2026-08-11,2026-03-21..2026-08-06,baccarat_bet02_101_all_pairs_incl_sentinel,round_win = game_pnl > 0 (decisive only),COMPATIBILITY_ONLY_NOT_PRODUCTION,41482.8302,37695.3747,481.4946,2758,2236,-0.01160708,-0.15915119,-0.01126008,-0.01160708,-481.4946,41482.8302,OK,0.0000,19.2598,4.0000,96.0000,AG03-UNRESOLVED,ALL5_LEVELS_bet23_to_bet27,19.2598,19.2598,19.2598,24.0747,24.0747,4.000000,4.000000,4.000000,5.000000,5.000000,96.000000,96.000000,96.000000,95.000000,95.000000,5.0,105.9288,97.0336,375.5658,384.461,PENDING_AG03,FALSE,NOT_FOR_ENFORCEMENT,462.2348,36187.5597,481.4946,462.2348,19.2598,0.01160708,0.01114280,19.2598,462.2348,0.01114280,19.2598,19.2598,19.2598,24.0747,24.0747,462.2348,0.01114280,105.9288,97.0336,375.5658,384.461,0.00905352,0.00926795,0.00046428,15.0409,16.8584,0.2153,11.7438,0.4291,1011.7763,54.5366,10.8148,15.0547,10.2862,13.088,13.088,26.176,34.6568,52.3519,13.088,-5.1891,2.647988,4.0,1.149216,29,158,24,5,0.00234634,0.01160708,0.15915119,0E-8,0.000000,0.908698,0.000000,-0.14789112,2026-04-14,2026-07-10,41,1122,472,88,0.465909,0.718364,0.719024,0.007821,,,,,,,,GLOBAL_BASELINE_NO_ENTITY_RANKING,,,NOT_APPLICABLE_GLOBAL_BASELINE,HF9g-P5,,,,X 全窗基线 · 不参与实体赏罚,8391898,840,A168_HF9F_20260827_0900,2026-08-27 09:00:00
2026-04-26,142615618,2252,0,54.9695050128,21.5951626836,21.5951626836,0.6666667,4,3,0.46086760000000000,0.437976050000,0.7151023799206295,0.7983739908840699,0.7151023799206295,0.02289155000000000,ELIGIBLE,R03b_20260811_FULL_v1,L1_ELIGIBILITY,v2026-08-11,2026-03-21..2026-08-06,baccarat_bet02_101_all_pairs_incl_sentinel,round_win = game_pnl > 0 (decisive only),COMPATIBILITY_ONLY_NOT_PRODUCTION,41482.8302,37695.3747,481.4946,2758,2236,-0.01160708,-0.15915119,-0.01126008,-0.01160708,-481.4946,41482.8302,OK,0.0000,19.2598,4.0000,96.0000,AG03-UNRESOLVED,ALL5_LEVELS_bet23_to_bet27,19.2598,19.2598,19.2598,24.0747,24.0747,4.000000,4.000000,4.000000,5.000000,5.000000,96.000000,96.000000,96.000000,95.000000,95.000000,5.0,105.9288,97.0336,375.5658,384.461,PENDING_AG03,FALSE,NOT_FOR_ENFORCEMENT,462.2348,36187.5597,481.4946,462.2348,19.2598,0.01160708,0.01114280,19.2598,462.2348,0.01114280,19.2598,19.2598,19.2598,24.0747,24.0747,462.2348,0.01114280,105.9288,97.0336,375.5658,384.461,0.00905352,0.00926795,0.00046428,15.0409,16.8584,0.2153,11.7438,0.4291,1011.7763,54.5366,10.8148,15.0547,10.2862,13.088,13.088,26.176,34.6568,52.3519,13.088,-5.1891,2.647988,4.0,1.149216,29,158,24,5,0.00234634,0.01160708,0.15915119,0E-8,0.000000,0.908698,0.000000,-0.14789112,2026-04-14,2026-07-10,41,1122,472,88,0.465909,0.718364,0.719024,0.007821,,,,,,,,GLOBAL_BASELINE_NO_ENTITY_RANKING,,,NOT_APPLICABLE_GLOBAL_BASELINE,HF9g-P5,,,,X 全窗基线 · 不参与实体赏罚,8391899,840,A168_HF9F_20260827_0900,2026-08-27 09:00:00
2026-04-26,142615618,2256,0,18.3231683376,7.1983875612,7.1983875612,1.0000000,2,1,0.50282064285714286,0.499948100000,0.9943745369511938,1.0001038053877793,0.9943745369511938,0.00287254285714286,ELIGIBLE,R03b_20260811_FULL_v1,L1_ELIGIBILITY,v2026-08-11,2026-03-21..2026-08-06,baccarat_bet02_101_all_pairs_incl_sentinel,round_win = game_pnl > 0 (decisive only),COMPATIBILITY_ONLY_NOT_PRODUCTION,41482.8302,37695.3747,481.4946,2758,2236,-0.01160708,-0.15915119,-0.01126008,-0.01160708,-481.4946,41482.8302,OK,0.0000,19.2598,4.0000,96.0000,AG03-UNRESOLVED,ALL5_LEVELS_bet23_to_bet27,19.2598,19.2598,19.2598,24.0747,24.0747,4.000000,4.000000,4.000000,5.000000,5.000000,96.000000,96.000000,96.000000,95.000000,95.000000,5.0,105.9288,97.0336,375.5658,384.461,PENDING_AG03,FALSE,NOT_FOR_ENFORCEMENT,462.2348,36187.5597,481.4946,462.2348,19.2598,0.01160708,0.01114280,19.2598,462.2348,0.01114280,19.2598,19.2598,19.2598,24.0747,24.0747,462.2348,0.01114280,105.9288,97.0336,375.5658,384.461,0.00905352,0.00926795,0.00046428,15.0409,16.8584,0.2153,11.7438,0.4291,1011.7763,54.5366,10.8148,15.0547,10.2862,13.088,13.088,26.176,34.6568,52.3519,13.088,-5.1891,2.647988,4.0,1.149216,29,158,24,5,0.00234634,0.01160708,0.15915119,0E-8,0.000000,0.908698,0.000000,-0.14789112,2026-04-14,2026-07-10,41,1122,472,88,0.465909,0.718364,0.719024,0.007821,,,,,,,,GLOBAL_BASELINE_NO_ENTITY_RANKING,,,NOT_APPLICABLE_GLOBAL_BASELINE,HF9g-P5,,,,X 全窗基线 · 不参与实体赏罚,8391900,840,A168_HF9F_20260827_0900,2026-08-27 09:00:00
2026-04-26,142615618,2271,0,78.5278643039,-53.0063084051,-53.0063084051,0E-7,4,3,0.43350765000000000,0.433507650000,-1.5151721724615492,-1.5151721724615492,-1.5151721724615492,0E-17,ELIGIBLE,R03b_20260811_FULL_v1,L1_ELIGIBILITY,v2026-08-11,2026-03-21..2026-08-06,baccarat_bet02_101_all_pairs_incl_sentinel,round_win = game_pnl > 0 (decisive only),COMPATIBILITY_ONLY_NOT_PRODUCTION,41482.8302,37695.3747,481.4946,2758,2236,-0.01160708,-0.15915119,-0.01126008,-0.01160708,-481.4946,41482.8302,OK,0.0000,19.2598,4.0000,96.0000,AG03-UNRESOLVED,ALL5_LEVELS_bet23_to_bet27,19.2598,19.2598,19.2598,24.0747,24.0747,4.000000,4.000000,4.000000,5.000000,5.000000,96.000000,96.000000,96.000000,95.000000,95.000000,5.0,105.9288,97.0336,375.5658,384.461,PENDING_AG03,FALSE,NOT_FOR_ENFORCEMENT,462.2348,36187.5597,481.4946,462.2348,19.2598,0.01160708,0.01114280,19.2598,462.2348,0.01114280,19.2598,19.2598,19.2598,24.0747,24.0747,462.2348,0.01114280,105.9288,97.0336,375.5658,384.461,0.00905352,0.00926795,0.00046428,15.0409,16.8584,0.2153,11.7438,0.4291,1011.7763,54.5366,10.8148,15.0547,10.2862,13.088,13.088,26.176,34.6568,52.3519,13.088,-5.1891,2.647988,4.0,1.149216,29,158,24,5,0.00234634,0.01160708,0.15915119,0E-8,0.000000,0.908698,0.000000,-0.14789112,2026-04-14,2026-07-10,41,1122,472,88,0.465909,0.718364,0.719024,0.007821,,,,,,,,GLOBAL_BASELINE_NO_ENTITY_RANKING,,,NOT_APPLICABLE_GLOBAL_BASELINE,HF9g-P5,,,,X 全窗基线 · 不参与实体赏罚,8391901,840,A168_HF9F_20260827_0900,2026-08-27 09:00:00
2026-04-26,142615618,526,0,235.5835929116,-235.5835929116,-235.5835929116,0E-7,4,4,0.50665070000000000,0.506650700000,-2.026782104415204,-2.026782104415204,-2.026782104415204,0E-17,ELIGIBLE,R03b_20260811_FULL_v1,L1_ELIGIBILITY,v2026-08-11,2026-03-21..2026-08-06,baccarat_bet02_101_all_pairs_incl_sentinel,round_win = game_pnl > 0 (decisive only),COMPATIBILITY_ONLY_NOT_PRODUCTION,41482.8302,37695.3747,481.4946,2758,2236,-0.01160708,-0.15915119,-0.01126008,-0.01160708,-481.4946,41482.8302,OK,0.0000,19.2598,4.0000,96.0000,AG03-UNRESOLVED,ALL5_LEVELS_bet23_to_bet27,19.2598,19.2598,19.2598,24.0747,24.0747,4.000000,4.000000,4.000000,5.000000,5.000000,96.000000,96.000000,96.000000,95.000000,95.000000,5.0,105.9288,97.0336,375.5658,384.461,PENDING_AG03,FALSE,NOT_FOR_ENFORCEMENT,462.2348,36187.5597,481.4946,462.2348,19.2598,0.01160708,0.01114280,19.2598,462.2348,0.01114280,19.2598,19.2598,19.2598,24.0747,24.0747,462.2348,0.01114280,105.9288,97.0336,375.5658,384.461,0.00905352,0.00926795,0.00046428,15.0409,16.8584,0.2153,11.7438,0.4291,1011.7763,54.5366,10.8148,15.0547,10.2862,13.088,13.088,26.176,34.6568,52.3519,13.088,-5.1891,2.647988,4.0,1.149216,29,158,24,5,0.00234634,0.01160708,0.15915119,0E-8,0.000000,0.908698,0.000000,-0.14789112,2026-04-14,2026-07-10,41,1122,472,88,0.465909,0.718364,0.719024,0.007821,,,,,,,,GLOBAL_BASELINE_NO_ENTITY_RANKING,,,NOT_APPLICABLE_GLOBAL_BASELINE,HF9g-P5,,,,X 全窗基线 · 不参与实体赏罚,8391902,840,A168_HF9F_20260827_0900,2026-08-27 09:00:00
2026-04-26,142615618,583,0,125.1210637909,48.3731644111,48.3731644111,0.6000000,5,5,0.50128862000000000,0.501288620000,0.4414521777673877,0.4414521777673877,0.4414521777673877,0E-17,ELIGIBLE,R03b_20260811_FULL_v1,L1_ELIGIBILITY,v2026-08-11,2026-03-21..2026-08-06,baccarat_bet02_101_all_pairs_incl_sentinel,round_win = game_pnl > 0 (decisive only),COMPATIBILITY_ONLY_NOT_PRODUCTION,41482.8302,37695.3747,481.4946,2758,2236,-0.01160708,-0.15915119,-0.01126008,-0.01160708,-481.4946,41482.8302,OK,0.0000,19.2598,4.0000,96.0000,AG03-UNRESOLVED,ALL5_LEVELS_bet23_to_bet27,19.2598,19.2598,19.2598,24.0747,24.0747,4.000000,4.000000,4.000000,5.000000,5.000000,96.000000,96.000000,96.000000,95.000000,95.000000,5.0,105.9288,97.0336,375.5658,384.461,PENDING_AG03,FALSE,NOT_FOR_ENFORCEMENT,462.2348,36187.5597,481.4946,462.2348,19.2598,0.01160708,0.01114280,19.2598,462.2348,0.01114280,19.2598,19.2598,19.2598,24.0747,24.0747,462.2348,0.01114280,105.9288,97.0336,375.5658,384.461,0.00905352,0.00926795,0.00046428,15.0409,16.8584,0.2153,11.7438,0.4291,1011.7763,54.5366,10.8148,15.0547,10.2862,13.088,13.088,26.176,34.6568,52.3519,13.088,-5.1891,2.647988,4.0,1.149216,29,158,24,5,0.00234634,0.01160708,0.15915119,0E-8,0.000000,0.908698,0.000000,-0.14789112,2026-04-14,2026-07-10,41,1122,472,88,0.465909,0.718364,0.719024,0.007821,,,,,,,,GLOBAL_BASELINE_NO_ENTITY_RANKING,,,NOT_APPLICABLE_GLOBAL_BASELINE,HF9g-P5,,,,X 全窗基线 · 不参与实体赏罚,8391903,840,A168_HF9F_20260827_0900,2026-08-27 09:00:00
2026-04-27,142615618,1382,0,13.0879773840,13.0879773840,13.0879773840,1.0000000,1,1,0.49324550000000000,0.493245500000,1.01360149184955,1.01360149184955,1.01360149184955,0E-17,ELIGIBLE,R03b_20260811_FULL_v1,L1_ELIGIBILITY,v2026-08-11,2026-03-21..2026-08-06,baccarat_bet02_101_all_pairs_incl_sentinel,round_win = game_pnl > 0 (decisive only),COMPATIBILITY_ONLY_NOT_PRODUCTION,41482.8302,37695.3747,481.4946,2758,2236,-0.01160708,-0.15915119,-0.01126008,-0.01160708,-481.4946,41482.8302,OK,0.0000,19.2598,4.0000,96.0000,AG03-UNRESOLVED,ALL5_LEVELS_bet23_to_bet27,19.2598,19.2598,19.2598,24.0747,24.0747,4.000000,4.000000,4.000000,5.000000,5.000000,96.000000,96.000000,96.000000,95.000000,95.000000,5.0,105.9288,97.0336,375.5658,384.461,PENDING_AG03,FALSE,NOT_FOR_ENFORCEMENT,462.2348,36187.5597,481.4946,462.2348,19.2598,0.01160708,0.01114280,19.2598,462.2348,0.01114280,19.2598,19.2598,19.2598,24.0747,24.0747,462.2348,0.01114280,105.9288,97.0336,375.5658,384.461,0.00905352,0.00926795,0.00046428,15.0409,16.8584,0.2153,11.7438,0.4291,1011.7763,54.5366,10.8148,15.0547,10.2862,13.088,13.088,26.176,34.6568,52.3519,13.088,-5.1891,2.647988,4.0,1.149216,29,158,24,5,0.00234634,0.01160708,0.15915119,0E-8,0.000000,0.908698,0.000000,-0.14789112,2026-04-14,2026-07-10,41,1122,472,88,0.465909,0.718364,0.719024,0.007821,,,,,,,,GLOBAL_BASELINE_NO_ENTITY_RANKING,,,NOT_APPLICABLE_GLOBAL_BASELINE,HF9g-P5,,,,X 全窗基线 · 不参与实体赏罚,8391904,840,A168_HF9F_20260827_0900,2026-08-27 09:00:00
2026-04-27,142615618,1396,0,39.2639321520,13.0879773840,13.0879773840,1.0000000,2,1,0.49771390000000000,0.499948100000,1.0045827004620043,1.0001038053877793,1.0045827004620043,-0.00223420000000000,ELIGIBLE,R03b_20260811_FULL_v1,L1_ELIGIBILITY,v2026-08-11,2026-03-21..2026-08-06,baccarat_bet02_101_all_pairs_incl_sentinel,round_win = game_pnl > 0 (decisive only),COMPATIBILITY_ONLY_NOT_PRODUCTION,41482.8302,37695.3747,481.4946,2758,2236,-0.01160708,-0.15915119,-0.01126008,-0.01160708,-481.4946,41482.8302,OK,0.0000,19.2598,4.0000,96.0000,AG03-UNRESOLVED,ALL5_LEVELS_bet23_to_bet27,19.2598,19.2598,19.2598,24.0747,24.0747,4.000000,4.000000,4.000000,5.000000,5.000000,96.000000,96.000000,96.000000,95.000000,95.000000,5.0,105.9288,97.0336,375.5658,384.461,PENDING_AG03,FALSE,NOT_FOR_ENFORCEMENT,462.2348,36187.5597,481.4946,462.2348,19.2598,0.01160708,0.01114280,19.2598,462.2348,0.01114280,19.2598,19.2598,19.2598,24.0747,24.0747,462.2348,0.01114280,105.9288,97.0336,375.5658,384.461,0.00905352,0.00926795,0.00046428,15.0409,16.8584,0.2153,11.7438,0.4291,1011.7763,54.5366,10.8148,15.0547,10.2862,13.088,13.088,26.176,34.6568,52.3519,13.088,-5.1891,2.647988,4.0,1.149216,29,158,24,5,0.00234634,0.01160708,0.15915119,0E-8,0.000000,0.908698,0.000000,-0.14789112,2026-04-14,2026-07-10,41,1122,472,88,0.465909,0.718364,0.719024,0.007821,,,,,,,,GLOBAL_BASELINE_NO_ENTITY_RANKING,,,NOT_APPLICABLE_GLOBAL_BASELINE,HF9g-P5,,,,X 全窗基线 · 不参与实体赏罚,8391905,840,A168_HF9F_20260827_0900,2026-08-27 09:00:00
2026-04-27,142615618,2229,0,26.1759547680,26.1759547680,26.1759547680,1.0000000,1,1,0.49324550000000000,0.493245500000,1.01360149184955,1.01360149184955,1.01360149184955,0E-17,ELIGIBLE,R03b_20260811_FULL_v1,L1_ELIGIBILITY,v2026-08-11,2026-03-21..2026-08-06,baccarat_bet02_101_all_pairs_incl_sentinel,round_win = game_pnl > 0 (decisive only),COMPATIBILITY_ONLY_NOT_PRODUCTION,41482.8302,37695.3747,481.4946,2758,2236,-0.01160708,-0.15915119,-0.01126008,-0.01160708,-481.4946,41482.8302,OK,0.0000,19.2598,4.0000,96.0000,AG03-UNRESOLVED,ALL5_LEVELS_bet23_to_bet27,19.2598,19.2598,19.2598,24.0747,24.0747,4.000000,4.000000,4.000000,5.000000,5.000000,96.000000,96.000000,96.000000,95.000000,95.000000,5.0,105.9288,97.0336,375.5658,384.461,PENDING_AG03,FALSE,NOT_FOR_ENFORCEMENT,462.2348,36187.5597,481.4946,462.2348,19.2598,0.01160708,0.01114280,19.2598,462.2348,0.01114280,19.2598,19.2598,19.2598,24.0747,24.0747,462.2348,0.01114280,105.9288,97.0336,375.5658,384.461,0.00905352,0.00926795,0.00046428,15.0409,16.8584,0.2153,11.7438,0.4291,1011.7763,54.5366,10.8148,15.0547,10.2862,13.088,13.088,26.176,34.6568,52.3519,13.088,-5.1891,2.647988,4.0,1.149216,29,158,24,5,0.00234634,0.01160708,0.15915119,0E-8,0.000000,0.908698,0.000000,-0.14789112,2026-04-14,2026-07-10,41,1122,472,88,0.465909,0.718364,0.719024,0.007821,,,,,,,,GLOBAL_BASELINE_NO_ENTITY_RANKING,,,NOT_APPLICABLE_GLOBAL_BASELINE,HF9g-P5,,,,X 全窗基线 · 不参与实体赏罚,8391906,840,A168_HF9F_20260827_0900,2026-08-27 09:00:00
2026-04-27,142615618,2252,0,10.2086223595,9.6981912415,9.6981912415,1.0000000,1,1,0.50665070000000000,0.506650700000,0.9867858985152569,0.9867858985152569,0.9867858985152569,0E-17,ELIGIBLE,R03b_20260811_FULL_v1,L1_ELIGIBILITY,v2026-08-11,2026-03-21..2026-08-06,baccarat_bet02_101_all_pairs_incl_sentinel,round_win = game_pnl > 0 (decisive only),COMPATIBILITY_ONLY_NOT_PRODUCTION,41482.8302,37695.3747,481.4946,2758,2236,-0.01160708,-0.15915119,-0.01126008,-0.01160708,-481.4946,41482.8302,OK,0.0000,19.2598,4.0000,96.0000,AG03-UNRESOLVED,ALL5_LEVELS_bet23_to_bet27,19.2598,19.2598,19.2598,24.0747,24.0747,4.000000,4.000000,4.000000,5.000000,5.000000,96.000000,96.000000,96.000000,95.000000,95.000000,5.0,105.9288,97.0336,375.5658,384.461,PENDING_AG03,FALSE,NOT_FOR_ENFORCEMENT,462.2348,36187.5597,481.4946,462.2348,19.2598,0.01160708,0.01114280,19.2598,462.2348,0.01114280,19.2598,19.2598,19.2598,24.0747,24.0747,462.2348,0.01114280,105.9288,97.0336,375.5658,384.461,0.00905352,0.00926795,0.00046428,15.0409,16.8584,0.2153,11.7438,0.4291,1011.7763,54.5366,10.8148,15.0547,10.2862,13.088,13.088,26.176,34.6568,52.3519,13.088,-5.1891,2.647988,4.0,1.149216,29,158,24,5,0.00234634,0.01160708,0.15915119,0E-8,0.000000,0.908698,0.000000,-0.14789112,2026-04-14,2026-07-10,41,1122,472,88,0.465909,0.718364,0.719024,0.007821,,,,,,,,GLOBAL_BASELINE_NO_ENTITY_RANKING,,,NOT_APPLICABLE_GLOBAL_BASELINE,HF9g-P5,,,,X 全窗基线 · 不参与实体赏罚,8391907,840,A168_HF9F_20260827_0900,2026-08-27 09:00:00
2026-04-27,142615618,2261,0,19.8937256236,19.8937256236,19.8937256236,1.0000000,1,1,0.49324550000000000,0.493245500000,1.01360149184955,1.01360149184955,1.01360149184955,0E-17,ELIGIBLE,R03b_20260811_FULL_v1,L1_ELIGIBILITY,v2026-08-11,2026-03-21..2026-08-06,baccarat_bet02_101_all_pairs_incl_sentinel,round_win = game_pnl > 0 (decisive only),COMPATIBILITY_ONLY_NOT_PRODUCTION,41482.8302,37695.3747,481.4946,2758,2236,-0.01160708,-0.15915119,-0.01126008,-0.01160708,-481.4946,41482.8302,OK,0.0000,19.2598,4.0000,96.0000,AG03-UNRESOLVED,ALL5_LEVELS_bet23_to_bet27,19.2598,19.2598,19.2598,24.0747,24.0747,4.000000,4.000000,4.000000,5.000000,5.000000,96.000000,96.000000,96.000000,95.000000,95.000000,5.0,105.9288,97.0336,375.5658,384.461,PENDING_AG03,FALSE,NOT_FOR_ENFORCEMENT,462.2348,36187.5597,481.4946,462.2348,19.2598,0.01160708,0.01114280,19.2598,462.2348,0.01114280,19.2598,19.2598,19.2598,24.0747,24.0747,462.2348,0.01114280,105.9288,97.0336,375.5658,384.461,0.00905352,0.00926795,0.00046428,15.0409,16.8584,0.2153,11.7438,0.4291,1011.7763,54.5366,10.8148,15.0547,10.2862,13.088,13.088,26.176,34.6568,52.3519,13.088,-5.1891,2.647988,4.0,1.149216,29,158,24,5,0.00234634,0.01160708,0.15915119,0E-8,0.000000,0.908698,0.000000,-0.14789112,2026-04-14,2026-07-10,41,1122,472,88,0.465909,0.718364,0.719024,0.007821,,,,,,,,GLOBAL_BASELINE_NO_ENTITY_RANKING,,,NOT_APPLICABLE_GLOBAL_BASELINE,HF9g-P5,,,,X 全窗基线 · 不参与实体赏罚,8391908,840,A168_HF9F_20260827_0900,2026-08-27 09:00:00
2026-04-28,142615618,-1,1,903.0704394957,58.7650184539,58.7650184539,0.5227273,60,51,0.46635584275210084,0.456168679412,0.7495503295831917,0.8864120134049568,0.7495503295831917,0.01018716334010084,SENTINEL_DEALER,R03b_20260811_FULL_v1,L1_ELIGIBILITY,v2026-08-11,2026-03-21..2026-08-06,baccarat_bet02_101_all_pairs_incl_sentinel,round_win = game_pnl > 0 (decisive only),COMPATIBILITY_ONLY_NOT_PRODUCTION,41482.8302,37695.3747,481.4946,2758,2236,-0.01160708,-0.15915119,-0.01126008,-0.01160708,-481.4946,41482.8302,OK,0.0000,19.2598,4.0000,96.0000,AG03-UNRESOLVED,ALL5_LEVELS_bet23_to_bet27,19.2598,19.2598,19.2598,24.0747,24.0747,4.000000,4.000000,4.000000,5.000000,5.000000,96.000000,96.000000,96.000000,95.000000,95.000000,5.0,105.9288,97.0336,375.5658,384.461,PENDING_AG03,FALSE,NOT_FOR_ENFORCEMENT,462.2348,36187.5597,481.4946,462.2348,19.2598,0.01160708,0.01114280,19.2598,462.2348,0.01114280,19.2598,19.2598,19.2598,24.0747,24.0747,462.2348,0.01114280,105.9288,97.0336,375.5658,384.461,0.00905352,0.00926795,0.00046428,15.0409,16.8584,0.2153,11.7438,0.4291,1011.7763,54.5366,10.8148,15.0547,10.2862,13.088,13.088,26.176,34.6568,52.3519,13.088,-5.1891,2.647988,4.0,1.149216,29,158,24,5,0.00234634,0.01160708,0.15915119,0E-8,0.000000,0.908698,0.000000,-0.14789112,2026-04-14,2026-07-10,41,1122,472,88,0.465909,0.718364,0.719024,0.007821,,,,,,,,GLOBAL_BASELINE_NO_ENTITY_RANKING,,,NOT_APPLICABLE_GLOBAL_BASELINE,HF9g-P5,,,,X 全窗基线 · 不参与实体赏罚,8391909,840,A168_HF9F_20260827_0900,2026-08-27 09:00:00
2026-04-28,142615618,1115,0,13.0879773840,13.0879773840,13.0879773840,1.0000000,1,1,0.49324550000000000,0.493245500000,1.01360149184955,1.01360149184955,1.01360149184955,0E-17,ELIGIBLE,R03b_20260811_FULL_v1,L1_ELIGIBILITY,v2026-08-11,2026-03-21..2026-08-06,baccarat_bet02_101_all_pairs_incl_sentinel,round_win = game_pnl > 0 (decisive only),COMPATIBILITY_ONLY_NOT_PRODUCTION,41482.8302,37695.3747,481.4946,2758,2236,-0.01160708,-0.15915119,-0.01126008,-0.01160708,-481.4946,41482.8302,OK,0.0000,19.2598,4.0000,96.0000,AG03-UNRESOLVED,ALL5_LEVELS_bet23_to_bet27,19.2598,19.2598,19.2598,24.0747,24.0747,4.000000,4.000000,4.000000,5.000000,5.000000,96.000000,96.000000,96.000000,95.000000,95.000000,5.0,105.9288,97.0336,375.5658,384.461,PENDING_AG03,FALSE,NOT_FOR_ENFORCEMENT,462.2348,36187.5597,481.4946,462.2348,19.2598,0.01160708,0.01114280,19.2598,462.2348,0.01114280,19.2598,19.2598,19.2598,24.0747,24.0747,462.2348,0.01114280,105.9288,97.0336,375.5658,384.461,0.00905352,0.00926795,0.00046428,15.0409,16.8584,0.2153,11.7438,0.4291,1011.7763,54.5366,10.8148,15.0547,10.2862,13.088,13.088,26.176,34.6568,52.3519,13.088,-5.1891,2.647988,4.0,1.149216,29,158,24,5,0.00234634,0.01160708,0.15915119,0E-8,0.000000,0.908698,0.000000,-0.14789112,2026-04-14,2026-07-10,41,1122,472,88,0.465909,0.718364,0.719024,0.007821,,,,,,,,GLOBAL_BASELINE_NO_ENTITY_RANKING,,,NOT_APPLICABLE_GLOBAL_BASELINE,HF9g-P5,,,,X 全窗基线 · 不参与实体赏罚,8391910,840,A168_HF9F_20260827_0900,2026-08-27 09:00:00
2026-04-28,142615618,1157,0,26.1759547680,-26.1759547680,-26.1759547680,0E-7,2,2,0.50665070000000000,0.506650700000,-1.4331513700195317,-1.4331513700195317,-1.4331513700195317,0E-17,ELIGIBLE,R03b_20260811_FULL_v1,L1_ELIGIBILITY,v2026-08-11,2026-03-21..2026-08-06,baccarat_bet02_101_all_pairs_incl_sentinel,round_win = game_pnl > 0 (decisive only),COMPATIBILITY_ONLY_NOT_PRODUCTION,41482.8302,37695.3747,481.4946,2758,2236,-0.01160708,-0.15915119,-0.01126008,-0.01160708,-481.4946,41482.8302,OK,0.0000,19.2598,4.0000,96.0000,AG03-UNRESOLVED,ALL5_LEVELS_bet23_to_bet27,19.2598,19.2598,19.2598,24.0747,24.0747,4.000000,4.000000,4.000000,5.000000,5.000000,96.000000,96.000000,96.000000,95.000000,95.000000,5.0,105.9288,97.0336,375.5658,384.461,PENDING_AG03,FALSE,NOT_FOR_ENFORCEMENT,462.2348,36187.5597,481.4946,462.2348,19.2598,0.01160708,0.01114280,19.2598,462.2348,0.01114280,19.2598,19.2598,19.2598,24.0747,24.0747,462.2348,0.01114280,105.9288,97.0336,375.5658,384.461,0.00905352,0.00926795,0.00046428,15.0409,16.8584,0.2153,11.7438,0.4291,1011.7763,54.5366,10.8148,15.0547,10.2862,13.088,13.088,26.176,34.6568,52.3519,13.088,-5.1891,2.647988,4.0,1.149216,29,158,24,5,0.00234634,0.01160708,0.15915119,0E-8,0.000000,0.908698,0.000000,-0.14789112,2026-04-14,2026-07-10,41,1122,472,88,0.465909,0.718364,0.719024,0.007821,,,,,,,,GLOBAL_BASELINE_NO_ENTITY_RANKING,,,NOT_APPLICABLE_GLOBAL_BASELINE,HF9g-P5,,,,X 全窗基线 · 不参与实体赏罚,8391911,840,A168_HF9F_20260827_0900,2026-08-27 09:00:00
2026-04-28,142615618,1205,0,54.9695050128,-29.4479491140,-29.4479491140,0.2500000,5,4,0.45346906250000000,0.453469062500,-0.8174236008593945,-0.8174236008593945,-0.8174236008593945,0E-17,ELIGIBLE,R03b_20260811_FULL_v1,L1_ELIGIBILITY,v2026-08-11,2026-03-21..2026-08-06,baccarat_bet02_101_all_pairs_incl_sentinel,round_win = game_pnl > 0 (decisive only),COMPATIBILITY_ONLY_NOT_PRODUCTION,41482.8302,37695.3747,481.4946,2758,2236,-0.01160708,-0.15915119,-0.01126008,-0.01160708,-481.4946,41482.8302,OK,0.0000,19.2598,4.0000,96.0000,AG03-UNRESOLVED,ALL5_LEVELS_bet23_to_bet27,19.2598,19.2598,19.2598,24.0747,24.0747,4.000000,4.000000,4.000000,5.000000,5.000000,96.000000,96.000000,96.000000,95.000000,95.000000,5.0,105.9288,97.0336,375.5658,384.461,PENDING_AG03,FALSE,NOT_FOR_ENFORCEMENT,462.2348,36187.5597,481.4946,462.2348,19.2598,0.01160708,0.01114280,19.2598,462.2348,0.01114280,19.2598,19.2598,19.2598,24.0747,24.0747,462.2348,0.01114280,105.9288,97.0336,375.5658,384.461,0.00905352,0.00926795,0.00046428,15.0409,16.8584,0.2153,11.7438,0.4291,1011.7763,54.5366,10.8148,15.0547,10.2862,13.088,13.088,26.176,34.6568,52.3519,13.088,-5.1891,2.647988,4.0,1.149216,29,158,24,5,0.00234634,0.01160708,0.15915119,0E-8,0.000000,0.908698,0.000000,-0.14789112,2026-04-14,2026-07-10,41,1122,472,88,0.465909,0.718364,0.719024,0.007821,,,,,,,,GLOBAL_BASELINE_NO_ENTITY_RANKING,,,NOT_APPLICABLE_GLOBAL_BASELINE,HF9g-P5,,,,X 全窗基线 · 不参与实体赏罚,8391912,840,A168_HF9F_20260827_0900,2026-08-27 09:00:00
2026-04-28,142615618,1221,0,75.9102688272,0E-10,0E-10,0.5000000,5,4,0.44341516250000000,0.443415162500,0.16108092522976244,0.16108092522976244,0.16108092522976244,0E-17,ELIGIBLE,R03b_20260811_FULL_v1,L1_ELIGIBILITY,v2026-08-11,2026-03-21..2026-08-06,baccarat_bet02_101_all_pairs_incl_sentinel,round_win = game_pnl > 0 (decisive only),COMPATIBILITY_ONLY_NOT_PRODUCTION,41482.8302,37695.3747,481.4946,2758,2236,-0.01160708,-0.15915119,-0.01126008,-0.01160708,-481.4946,41482.8302,OK,0.0000,19.2598,4.0000,96.0000,AG03-UNRESOLVED,ALL5_LEVELS_bet23_to_bet27,19.2598,19.2598,19.2598,24.0747,24.0747,4.000000,4.000000,4.000000,5.000000,5.000000,96.000000,96.000000,96.000000,95.000000,95.000000,5.0,105.9288,97.0336,375.5658,384.461,PENDING_AG03,FALSE,NOT_FOR_ENFORCEMENT,462.2348,36187.5597,481.4946,462.2348,19.2598,0.01160708,0.01114280,19.2598,462.2348,0.01114280,19.2598,19.2598,19.2598,24.0747,24.0747,462.2348,0.01114280,105.9288,97.0336,375.5658,384.461,0.00905352,0.00926795,0.00046428,15.0409,16.8584,0.2153,11.7438,0.4291,1011.7763,54.5366,10.8148,15.0547,10.2862,13.088,13.088,26.176,34.6568,52.3519,13.088,-5.1891,2.647988,4.0,1.149216,29,158,24,5,0.00234634,0.01160708,0.15915119,0E-8,0.000000,0.908698,0.000000,-0.14789112,2026-04-14,2026-07-10,41,1122,472,88,0.465909,0.718364,0.719024,0.007821,,,,,,,,GLOBAL_BASELINE_NO_ENTITY_RANKING,,,NOT_APPLICABLE_GLOBAL_BASELINE,HF9g-P5,,,,X 全窗基线 · 不参与实体赏罚,8391913,840,A168_HF9F_20260827_0900,2026-08-27 09:00:00
2026-04-28,142615618,1302,0,44.4991231056,-8.7689448473,-8.7689448473,0.5000000,4,2,0.38597952928571429,0.300626750000,0.3312258827597876,0.6149128471998733,0.3312258827597876,0.08535277928571429,ELIGIBLE,R03b_20260811_FULL_v1,L1_ELIGIBILITY,v2026-08-11,2026-03-21..2026-08-06,baccarat_bet02_101_all_pairs_incl_sentinel,round_win = game_pnl > 0 (decisive only),COMPATIBILITY_ONLY_NOT_PRODUCTION,41482.8302,37695.3747,481.4946,2758,2236,-0.01160708,-0.15915119,-0.01126008,-0.01160708,-481.4946,41482.8302,OK,0.0000,19.2598,4.0000,96.0000,AG03-UNRESOLVED,ALL5_LEVELS_bet23_to_bet27,19.2598,19.2598,19.2598,24.0747,24.0747,4.000000,4.000000,4.000000,5.000000,5.000000,96.000000,96.000000,96.000000,95.000000,95.000000,5.0,105.9288,97.0336,375.5658,384.461,PENDING_AG03,FALSE,NOT_FOR_ENFORCEMENT,462.2348,36187.5597,481.4946,462.2348,19.2598,0.01160708,0.01114280,19.2598,462.2348,0.01114280,19.2598,19.2598,19.2598,24.0747,24.0747,462.2348,0.01114280,105.9288,97.0336,375.5658,384.461,0.00905352,0.00926795,0.00046428,15.0409,16.8584,0.2153,11.7438,0.4291,1011.7763,54.5366,10.8148,15.0547,10.2862,13.088,13.088,26.176,34.6568,52.3519,13.088,-5.1891,2.647988,4.0,1.149216,29,158,24,5,0.00234634,0.01160708,0.15915119,0E-8,0.000000,0.908698,0.000000,-0.14789112,2026-04-14,2026-07-10,41,1122,472,88,0.465909,0.718364,0.719024,0.007821,,,,,,,,GLOBAL_BASELINE_NO_ENTITY_RANKING,,,NOT_APPLICABLE_GLOBAL_BASELINE,HF9g-P5,,,,X 全窗基线 · 不参与实体赏罚,8391914,840,A168_HF9F_20260827_0900,2026-08-27 09:00:00
2026-04-28,142615618,1325,0,235.5835929118,153.7837342618,153.7837342618,0.8571429,9,9,0.49771390000000000,0.497713900000,1.9019391493256534,1.9019391493256534,1.9019391493256534,0E-17,ELIGIBLE,R03b_20260811_FULL_v1,L1_ELIGIBILITY,v2026-08-11,2026-03-21..2026-08-06,baccarat_bet02_101_all_pairs_incl_sentinel,round_win = game_pnl > 0 (decisive only),COMPATIBILITY_ONLY_NOT_PRODUCTION,41482.8302,37695.3747,481.4946,2758,2236,-0.01160708,-0.15915119,-0.01126008,-0.01160708,-481.4946,41482.8302,OK,0.0000,19.2598,4.0000,96.0000,AG03-UNRESOLVED,ALL5_LEVELS_bet23_to_bet27,19.2598,19.2598,19.2598,24.0747,24.0747,4.000000,4.000000,4.000000,5.000000,5.000000,96.000000,96.000000,96.000000,95.000000,95.000000,5.0,105.9288,97.0336,375.5658,384.461,PENDING_AG03,FALSE,NOT_FOR_ENFORCEMENT,462.2348,36187.5597,481.4946,462.2348,19.2598,0.01160708,0.01114280,19.2598,462.2348,0.01114280,19.2598,19.2598,19.2598,24.0747,24.0747,462.2348,0.01114280,105.9288,97.0336,375.5658,384.461,0.00905352,0.00926795,0.00046428,15.0409,16.8584,0.2153,11.7438,0.4291,1011.7763,54.5366,10.8148,15.0547,10.2862,13.088,13.088,26.176,34.6568,52.3519,13.088,-5.1891,2.647988,4.0,1.149216,29,158,24,5,0.00234634,0.01160708,0.15915119,0E-8,0.000000,0.908698,0.000000,-0.14789112,2026-04-14,2026-07-10,41,1122,472,88,0.465909,0.718364,0.719024,0.007821,,,,,,,,GLOBAL_BASELINE_NO_ENTITY_RANKING,,,NOT_APPLICABLE_GLOBAL_BASELINE,HF9g-P5,,,,X 全窗基线 · 不参与实体赏罚,8391915,840,A168_HF9F_20260827_0900,2026-08-27 09:00:00
2026-04-28,142615618,1330,0,109.9390100256,-31.4111457216,-31.4111457216,0.4000000,5,5,0.49324550000000000,0.493245500000,-0.4170446088060018,-0.4170446088060018,-0.4170446088060018,0E-17,ELIGIBLE,R03b_20260811_FULL_v1,L1_ELIGIBILITY,v2026-08-11,2026-03-21..2026-08-06,baccarat_bet02_101_all_pairs_incl_sentinel,round_win = game_pnl > 0 (decisive only),COMPATIBILITY_ONLY_NOT_PRODUCTION,41482.8302,37695.3747,481.4946,2758,2236,-0.01160708,-0.15915119,-0.01126008,-0.01160708,-481.4946,41482.8302,OK,0.0000,19.2598,4.0000,96.0000,AG03-UNRESOLVED,ALL5_LEVELS_bet23_to_bet27,19.2598,19.2598,19.2598,24.0747,24.0747,4.000000,4.000000,4.000000,5.000000,5.000000,96.000000,96.000000,96.000000,95.000000,95.000000,5.0,105.9288,97.0336,375.5658,384.461,PENDING_AG03,FALSE,NOT_FOR_ENFORCEMENT,462.2348,36187.5597,481.4946,462.2348,19.2598,0.01160708,0.01114280,19.2598,462.2348,0.01114280,19.2598,19.2598,19.2598,24.0747,24.0747,462.2348,0.01114280,105.9288,97.0336,375.5658,384.461,0.00905352,0.00926795,0.00046428,15.0409,16.8584,0.2153,11.7438,0.4291,1011.7763,54.5366,10.8148,15.0547,10.2862,13.088,13.088,26.176,34.6568,52.3519,13.088,-5.1891,2.647988,4.0,1.149216,29,158,24,5,0.00234634,0.01160708,0.15915119,0E-8,0.000000,0.908698,0.000000,-0.14789112,2026-04-14,2026-07-10,41,1122,472,88,0.465909,0.718364,0.719024,0.007821,,,,,,,,GLOBAL_BASELINE_NO_ENTITY_RANKING,,,NOT_APPLICABLE_GLOBAL_BASELINE,HF9g-P5,,,,X 全窗基线 · 不参与实体赏罚,8391916,840,A168_HF9F_20260827_0900,2026-08-27 09:00:00
2026-04-28,142615618,1353,0,26.1759547680,-26.1759547680,-26.1759547680,0E-7,2,1,0.30062675000000000,0.300626750000,-0.6556307317883069,-0.655630731788307,-0.6556307317883069,0E-17,ELIGIBLE,R03b_20260811_FULL_v1,L1_ELIGIBILITY,v2026-08-11,2026-03-21..2026-08-06,baccarat_bet02_101_all_pairs_incl_sentinel,round_win = game_pnl > 0 (decisive only),COMPATIBILITY_ONLY_NOT_PRODUCTION,41482.8302,37695.3747,481.4946,2758,2236,-0.01160708,-0.15915119,-0.01126008,-0.01160708,-481.4946,41482.8302,OK,0.0000,19.2598,4.0000,96.0000,AG03-UNRESOLVED,ALL5_LEVELS_bet23_to_bet27,19.2598,19.2598,19.2598,24.0747,24.0747,4.000000,4.000000,4.000000,5.000000,5.000000,96.000000,96.000000,96.000000,95.000000,95.000000,5.0,105.9288,97.0336,375.5658,384.461,PENDING_AG03,FALSE,NOT_FOR_ENFORCEMENT,462.2348,36187.5597,481.4946,462.2348,19.2598,0.01160708,0.01114280,19.2598,462.2348,0.01114280,19.2598,19.2598,19.2598,24.0747,24.0747,462.2348,0.01114280,105.9288,97.0336,375.5658,384.461,0.00905352,0.00926795,0.00046428,15.0409,16.8584,0.2153,11.7438,0.4291,1011.7763,54.5366,10.8148,15.0547,10.2862,13.088,13.088,26.176,34.6568,52.3519,13.088,-5.1891,2.647988,4.0,1.149216,29,158,24,5,0.00234634,0.01160708,0.15915119,0E-8,0.000000,0.908698,0.000000,-0.14789112,2026-04-14,2026-07-10,41,1122,472,88,0.465909,0.718364,0.719024,0.007821,,,,,,,,GLOBAL_BASELINE_NO_ENTITY_RANKING,,,NOT_APPLICABLE_GLOBAL_BASELINE,HF9g-P5,,,,X 全窗基线 · 不参与实体赏罚,8391917,840,A168_HF9F_20260827_0900,2026-08-27 09:00:00
2026-04-28,142615618,1382,0,86.3806507344,-60.8590948356,-60.8590948356,0.2000000,9,5,0.40863826571428571,0.339150500000,-0.9490363357258952,-0.6572373859593862,-0.9490363357258952,0.06948776571428571,ELIGIBLE,R03b_20260811_FULL_v1,L1_ELIGIBILITY,v2026-08-11,2026-03-21..2026-08-06,baccarat_bet02_101_all_pairs_incl_sentinel,round_win = game_pnl > 0 (decisive only),COMPATIBILITY_ONLY_NOT_PRODUCTION,41482.8302,37695.3747,481.4946,2758,2236,-0.01160708,-0.15915119,-0.01126008,-0.01160708,-481.4946,41482.8302,OK,0.0000,19.2598,4.0000,96.0000,AG03-UNRESOLVED,ALL5_LEVELS_bet23_to_bet27,19.2598,19.2598,19.2598,24.0747,24.0747,4.000000,4.000000,4.000000,5.000000,5.000000,96.000000,96.000000,96.000000,95.000000,95.000000,5.0,105.9288,97.0336,375.5658,384.461,PENDING_AG03,FALSE,NOT_FOR_ENFORCEMENT,462.2348,36187.5597,481.4946,462.2348,19.2598,0.01160708,0.01114280,19.2598,462.2348,0.01114280,19.2598,19.2598,19.2598,24.0747,24.0747,462.2348,0.01114280,105.9288,97.0336,375.5658,384.461,0.00905352,0.00926795,0.00046428,15.0409,16.8584,0.2153,11.7438,0.4291,1011.7763,54.5366,10.8148,15.0547,10.2862,13.088,13.088,26.176,34.6568,52.3519,13.088,-5.1891,2.647988,4.0,1.149216,29,158,24,5,0.00234634,0.01160708,0.15915119,0E-8,0.000000,0.908698,0.000000,-0.14789112,2026-04-14,2026-07-10,41,1122,472,88,0.465909,0.718364,0.719024,0.007821,,,,,,,,GLOBAL_BASELINE_NO_ENTITY_RANKING,,,NOT_APPLICABLE_GLOBAL_BASELINE,HF9g-P5,,,,X 全窗基线 · 不参与实体赏罚,8391918,840,A168_HF9F_20260827_0900,2026-08-27 09:00:00
2026-04-28,142615618,1383,0,45.5461612962,21.6344266157,21.6344266157,1.0000000,2,2,0.50665070000000000,0.506650700000,0.9867858985152569,0.9867858985152569,0.9867858985152569,0E-17,ELIGIBLE,R03b_20260811_FULL_v1,L1_ELIGIBILITY,v2026-08-11,2026-03-21..2026-08-06,baccarat_bet02_101_all_pairs_incl_sentinel,round_win = game_pnl > 0 (decisive only),COMPATIBILITY_ONLY_NOT_PRODUCTION,41482.8302,37695.3747,481.4946,2758,2236,-0.01160708,-0.15915119,-0.01126008,-0.01160708,-481.4946,41482.8302,OK,0.0000,19.2598,4.0000,96.0000,AG03-UNRESOLVED,ALL5_LEVELS_bet23_to_bet27,19.2598,19.2598,19.2598,24.0747,24.0747,4.000000,4.000000,4.000000,5.000000,5.000000,96.000000,96.000000,96.000000,95.000000,95.000000,5.0,105.9288,97.0336,375.5658,384.461,PENDING_AG03,FALSE,NOT_FOR_ENFORCEMENT,462.2348,36187.5597,481.4946,462.2348,19.2598,0.01160708,0.01114280,19.2598,462.2348,0.01114280,19.2598,19.2598,19.2598,24.0747,24.0747,462.2348,0.01114280,105.9288,97.0336,375.5658,384.461,0.00905352,0.00926795,0.00046428,15.0409,16.8584,0.2153,11.7438,0.4291,1011.7763,54.5366,10.8148,15.0547,10.2862,13.088,13.088,26.176,34.6568,52.3519,13.088,-5.1891,2.647988,4.0,1.149216,29,158,24,5,0.00234634,0.01160708,0.15915119,0E-8,0.000000,0.908698,0.000000,-0.14789112,2026-04-14,2026-07-10,41,1122,472,88,0.465909,0.718364,0.719024,0.007821,,,,,,,,GLOBAL_BASELINE_NO_ENTITY_RANKING,,,NOT_APPLICABLE_GLOBAL_BASELINE,HF9g-P5,,,,X 全窗基线 · 不参与实体赏罚,8391919,840,A168_HF9F_20260827_0900,2026-08-27 09:00:00
2026-04-28,142615618,1396,0,80.3601811377,21.7260424575,21.7260424575,0.5000000,4,4,0.50329940000000000,0.503299400000,-0.01319788734859681,-0.01319788734859681,-0.01319788734859681,0E-17,ELIGIBLE,R03b_20260811_FULL_v1,L1_ELIGIBILITY,v2026-08-11,2026-03-21..2026-08-06,baccarat_bet02_101_all_pairs_incl_sentinel,round_win = game_pnl > 0 (decisive only),COMPATIBILITY_ONLY_NOT_PRODUCTION,41482.8302,37695.3747,481.4946,2758,2236,-0.01160708,-0.15915119,-0.01126008,-0.01160708,-481.4946,41482.8302,OK,0.0000,19.2598,4.0000,96.0000,AG03-UNRESOLVED,ALL5_LEVELS_bet23_to_bet27,19.2598,19.2598,19.2598,24.0747,24.0747,4.000000,4.000000,4.000000,5.000000,5.000000,96.000000,96.000000,96.000000,95.000000,95.000000,5.0,105.9288,97.0336,375.5658,384.461,PENDING_AG03,FALSE,NOT_FOR_ENFORCEMENT,462.2348,36187.5597,481.4946,462.2348,19.2598,0.01160708,0.01114280,19.2598,462.2348,0.01114280,19.2598,19.2598,19.2598,24.0747,24.0747,462.2348,0.01114280,105.9288,97.0336,375.5658,384.461,0.00905352,0.00926795,0.00046428,15.0409,16.8584,0.2153,11.7438,0.4291,1011.7763,54.5366,10.8148,15.0547,10.2862,13.088,13.088,26.176,34.6568,52.3519,13.088,-5.1891,2.647988,4.0,1.149216,29,158,24,5,0.00234634,0.01160708,0.15915119,0E-8,0.000000,0.908698,0.000000,-0.14789112,2026-04-14,2026-07-10,41,1122,472,88,0.465909,0.718364,0.719024,0.007821,,,,,,,,GLOBAL_BASELINE_NO_ENTITY_RANKING,,,NOT_APPLICABLE_GLOBAL_BASELINE,HF9g-P5,,,,X 全窗基线 · 不参与实体赏罚,8391920,840,A168_HF9F_20260827_0900,2026-08-27 09:00:00
2026-04-28,142615618,1485,0,23.5583592912,-10.4703819072,-10.4703819072,0E-7,3,2,0.39358482500000000,0.393584825000,-0.8056272404023801,-0.8056272404023801,-0.8056272404023801,0E-17,ELIGIBLE,R03b_20260811_FULL_v1,L1_ELIGIBILITY,v2026-08-11,2026-03-21..2026-08-06,baccarat_bet02_101_all_pairs_incl_sentinel,round_win = game_pnl > 0 (decisive only),COMPATIBILITY_ONLY_NOT_PRODUCTION,41482.8302,37695.3747,481.4946,2758,2236,-0.01160708,-0.15915119,-0.01126008,-0.01160708,-481.4946,41482.8302,OK,0.0000,19.2598,4.0000,96.0000,AG03-UNRESOLVED,ALL5_LEVELS_bet23_to_bet27,19.2598,19.2598,19.2598,24.0747,24.0747,4.000000,4.000000,4.000000,5.000000,5.000000,96.000000,96.000000,96.000000,95.000000,95.000000,5.0,105.9288,97.0336,375.5658,384.461,PENDING_AG03,FALSE,NOT_FOR_ENFORCEMENT,462.2348,36187.5597,481.4946,462.2348,19.2598,0.01160708,0.01114280,19.2598,462.2348,0.01114280,19.2598,19.2598,19.2598,24.0747,24.0747,462.2348,0.01114280,105.9288,97.0336,375.5658,384.461,0.00905352,0.00926795,0.00046428,15.0409,16.8584,0.2153,11.7438,0.4291,1011.7763,54.5366,10.8148,15.0547,10.2862,13.088,13.088,26.176,34.6568,52.3519,13.088,-5.1891,2.647988,4.0,1.149216,29,158,24,5,0.00234634,0.01160708,0.15915119,0E-8,0.000000,0.908698,0.000000,-0.14789112,2026-04-14,2026-07-10,41,1122,472,88,0.465909,0.718364,0.719024,0.007821,,,,,,,,GLOBAL_BASELINE_NO_ENTITY_RANKING,,,NOT_APPLICABLE_GLOBAL_BASELINE,HF9g-P5,,,,X 全窗基线 · 不参与实体赏罚,8391921,840,A168_HF9F_20260827_0900,2026-08-27 09:00:00
2026-04-28,142615618,1490,0,15.7055728608,-5.4969505013,-5.4969505013,0E-7,3,2,0.19761477500000000,0.197614775000,-0.7018321235398395,-0.7018321235398395,-0.7018321235398395,0E-17,ELIGIBLE,R03b_20260811_FULL_v1,L1_ELIGIBILITY,v2026-08-11,2026-03-21..2026-08-06,baccarat_bet02_101_all_pairs_incl_sentinel,round_win = game_pnl > 0 (decisive only),COMPATIBILITY_ONLY_NOT_PRODUCTION,41482.8302,37695.3747,481.4946,2758,2236,-0.01160708,-0.15915119,-0.01126008,-0.01160708,-481.4946,41482.8302,OK,0.0000,19.2598,4.0000,96.0000,AG03-UNRESOLVED,ALL5_LEVELS_bet23_to_bet27,19.2598,19.2598,19.2598,24.0747,24.0747,4.000000,4.000000,4.000000,5.000000,5.000000,96.000000,96.000000,96.000000,95.000000,95.000000,5.0,105.9288,97.0336,375.5658,384.461,PENDING_AG03,FALSE,NOT_FOR_ENFORCEMENT,462.2348,36187.5597,481.4946,462.2348,19.2598,0.01160708,0.01114280,19.2598,462.2348,0.01114280,19.2598,19.2598,19.2598,24.0747,24.0747,462.2348,0.01114280,105.9288,97.0336,375.5658,384.461,0.00905352,0.00926795,0.00046428,15.0409,16.8584,0.2153,11.7438,0.4291,1011.7763,54.5366,10.8148,15.0547,10.2862,13.088,13.088,26.176,34.6568,52.3519,13.088,-5.1891,2.647988,4.0,1.149216,29,158,24,5,0.00234634,0.01160708,0.15915119,0E-8,0.000000,0.908698,0.000000,-0.14789112,2026-04-14,2026-07-10,41,1122,472,88,0.465909,0.718364,0.719024,0.007821,,,,,,,,GLOBAL_BASELINE_NO_ENTITY_RANKING,,,NOT_APPLICABLE_GLOBAL_BASELINE,HF9g-P5,,,,X 全窗基线 · 不参与实体赏罚,8391922,840,A168_HF9F_20260827_0900,2026-08-27 09:00:00
2026-04-28,142615618,1505,0,10.4703819072,-10.4703819072,-10.4703819072,0E-7,2,1,0.29392415000000000,0.293924150000,-0.6451964315166089,-0.6451964315166089,-0.6451964315166089,0E-17,ELIGIBLE,R03b_20260811_FULL_v1,L1_ELIGIBILITY,v2026-08-11,2026-03-21..2026-08-06,baccarat_bet02_101_all_pairs_incl_sentinel,round_win = game_pnl > 0 (decisive only),COMPATIBILITY_ONLY_NOT_PRODUCTION,41482.8302,37695.3747,481.4946,2758,2236,-0.01160708,-0.15915119,-0.01126008,-0.01160708,-481.4946,41482.8302,OK,0.0000,19.2598,4.0000,96.0000,AG03-UNRESOLVED,ALL5_LEVELS_bet23_to_bet27,19.2598,19.2598,19.2598,24.0747,24.0747,4.000000,4.000000,4.000000,5.000000,5.000000,96.000000,96.000000,96.000000,95.000000,95.000000,5.0,105.9288,97.0336,375.5658,384.461,PENDING_AG03,FALSE,NOT_FOR_ENFORCEMENT,462.2348,36187.5597,481.4946,462.2348,19.2598,0.01160708,0.01114280,19.2598,462.2348,0.01114280,19.2598,19.2598,19.2598,24.0747,24.0747,462.2348,0.01114280,105.9288,97.0336,375.5658,384.461,0.00905352,0.00926795,0.00046428,15.0409,16.8584,0.2153,11.7438,0.4291,1011.7763,54.5366,10.8148,15.0547,10.2862,13.088,13.088,26.176,34.6568,52.3519,13.088,-5.1891,2.647988,4.0,1.149216,29,158,24,5,0.00234634,0.01160708,0.15915119,0E-8,0.000000,0.908698,0.000000,-0.14789112,2026-04-14,2026-07-10,41,1122,472,88,0.465909,0.718364,0.719024,0.007821,,,,,,,,GLOBAL_BASELINE_NO_ENTITY_RANKING,,,NOT_APPLICABLE_GLOBAL_BASELINE,HF9g-P5,,,,X 全窗基线 · 不参与实体赏罚,8391923,840,A168_HF9F_20260827_0900,2026-08-27 09:00:00
2026-04-28,142615618,1623,0,75.9102688272,36.3845771275,36.3845771275,0.6666667,7,6,0.47231337500000000,0.472313375000,0.9535958675162771,0.9535958675162771,0.9535958675162771,0E-17,ELIGIBLE,R03b_20260811_FULL_v1,L1_ELIGIBILITY,v2026-08-11,2026-03-21..2026-08-06,baccarat_bet02_101_all_pairs_incl_sentinel,round_win = game_pnl > 0 (decisive only),COMPATIBILITY_ONLY_NOT_PRODUCTION,41482.8302,37695.3747,481.4946,2758,2236,-0.01160708,-0.15915119,-0.01126008,-0.01160708,-481.4946,41482.8302,OK,0.0000,19.2598,4.0000,96.0000,AG03-UNRESOLVED,ALL5_LEVELS_bet23_to_bet27,19.2598,19.2598,19.2598,24.0747,24.0747,4.000000,4.000000,4.000000,5.000000,5.000000,96.000000,96.000000,96.000000,95.000000,95.000000,5.0,105.9288,97.0336,375.5658,384.461,PENDING_AG03,FALSE,NOT_FOR_ENFORCEMENT,462.2348,36187.5597,481.4946,462.2348,19.2598,0.01160708,0.01114280,19.2598,462.2348,0.01114280,19.2598,19.2598,19.2598,24.0747,24.0747,462.2348,0.01114280,105.9288,97.0336,375.5658,384.461,0.00905352,0.00926795,0.00046428,15.0409,16.8584,0.2153,11.7438,0.4291,1011.7763,54.5366,10.8148,15.0547,10.2862,13.088,13.088,26.176,34.6568,52.3519,13.088,-5.1891,2.647988,4.0,1.149216,29,158,24,5,0.00234634,0.01160708,0.15915119,0E-8,0.000000,0.908698,0.000000,-0.14789112,2026-04-14,2026-07-10,41,1122,472,88,0.465909,0.718364,0.719024,0.007821,,,,,,,,GLOBAL_BASELINE_NO_ENTITY_RANKING,,,NOT_APPLICABLE_GLOBAL_BASELINE,HF9g-P5,,,,X 全窗基线 · 不参与实体赏罚,8391924,840,A168_HF9F_20260827_0900,2026-08-27 09:00:00
2026-04-28,142615618,1645,0,28.7935502448,-8.3763055258,-8.3763055258,0.5000000,3,2,0.44778671428571429,0.403638725000,0.14849334620322863,0.27775789067037676,0.14849334620322863,0.04414798928571429,ELIGIBLE,R03b_20260811_FULL_v1,L1_ELIGIBILITY,v2026-08-11,2026-03-21..2026-08-06,baccarat_bet02_101_all_pairs_incl_sentinel,round_win = game_pnl > 0 (decisive only),COMPATIBILITY_ONLY_NOT_PRODUCTION,41482.8302,37695.3747,481.4946,2758,2236,-0.01160708,-0.15915119,-0.01126008,-0.01160708,-481.4946,41482.8302,OK,0.0000,19.2598,4.0000,96.0000,AG03-UNRESOLVED,ALL5_LEVELS_bet23_to_bet27,19.2598,19.2598,19.2598,24.0747,24.0747,4.000000,4.000000,4.000000,5.000000,5.000000,96.000000,96.000000,96.000000,95.000000,95.000000,5.0,105.9288,97.0336,375.5658,384.461,PENDING_AG03,FALSE,NOT_FOR_ENFORCEMENT,462.2348,36187.5597,481.4946,462.2348,19.2598,0.01160708,0.01114280,19.2598,462.2348,0.01114280,19.2598,19.2598,19.2598,24.0747,24.0747,462.2348,0.01114280,105.9288,97.0336,375.5658,384.461,0.00905352,0.00926795,0.00046428,15.0409,16.8584,0.2153,11.7438,0.4291,1011.7763,54.5366,10.8148,15.0547,10.2862,13.088,13.088,26.176,34.6568,52.3519,13.088,-5.1891,2.647988,4.0,1.149216,29,158,24,5,0.00234634,0.01160708,0.15915119,0E-8,0.000000,0.908698,0.000000,-0.14789112,2026-04-14,2026-07-10,41,1122,472,88,0.465909,0.718364,0.719024,0.007821,,,,,,,,GLOBAL_BASELINE_NO_ENTITY_RANKING,,,NOT_APPLICABLE_GLOBAL_BASELINE,HF9g-P5,,,,X 全窗基线 · 不参与实体赏罚,8391925,840,A168_HF9F_20260827_0900,2026-08-27 09:00:00
2026-04-28,142615618,1654,0,98.6833494753,54.2234903019,54.2234903019,0.8333333,7,6,0.47503293125000000,0.466727875000,1.7574987766270194,1.7999823256684586,1.7574987766270194,0.00830505625000000,ELIGIBLE,R03b_20260811_FULL_v1,L1_ELIGIBILITY,v2026-08-11,2026-03-21..2026-08-06,baccarat_bet02_101_all_pairs_incl_sentinel,round_win = game_pnl > 0 (decisive only),COMPATIBILITY_ONLY_NOT_PRODUCTION,41482.8302,37695.3747,481.4946,2758,2236,-0.01160708,-0.15915119,-0.01126008,-0.01160708,-481.4946,41482.8302,OK,0.0000,19.2598,4.0000,96.0000,AG03-UNRESOLVED,ALL5_LEVELS_bet23_to_bet27,19.2598,19.2598,19.2598,24.0747,24.0747,4.000000,4.000000,4.000000,5.000000,5.000000,96.000000,96.000000,96.000000,95.000000,95.000000,5.0,105.9288,97.0336,375.5658,384.461,PENDING_AG03,FALSE,NOT_FOR_ENFORCEMENT,462.2348,36187.5597,481.4946,462.2348,19.2598,0.01160708,0.01114280,19.2598,462.2348,0.01114280,19.2598,19.2598,19.2598,24.0747,24.0747,462.2348,0.01114280,105.9288,97.0336,375.5658,384.461,0.00905352,0.00926795,0.00046428,15.0409,16.8584,0.2153,11.7438,0.4291,1011.7763,54.5366,10.8148,15.0547,10.2862,13.088,13.088,26.176,34.6568,52.3519,13.088,-5.1891,2.647988,4.0,1.149216,29,158,24,5,0.00234634,0.01160708,0.15915119,0E-8,0.000000,0.908698,0.000000,-0.14789112,2026-04-14,2026-07-10,41,1122,472,88,0.465909,0.718364,0.719024,0.007821,,,,,,,,GLOBAL_BASELINE_NO_ENTITY_RANKING,,,NOT_APPLICABLE_GLOBAL_BASELINE,HF9g-P5,,,,X 全窗基线 · 不参与实体赏罚,8391926,840,A168_HF9F_20260827_0900,2026-08-27 09:00:00
2026-04-28,142615618,1704,0,39.2639321520,13.0879773840,13.0879773840,0.5000000,2,2,0.49324550000000000,0.493245500000,0.01910635448239258,0.01910635448239258,0.01910635448239258,0E-17,ELIGIBLE,R03b_20260811_FULL_v1,L1_ELIGIBILITY,v2026-08-11,2026-03-21..2026-08-06,baccarat_bet02_101_all_pairs_incl_sentinel,round_win = game_pnl > 0 (decisive only),COMPATIBILITY_ONLY_NOT_PRODUCTION,41482.8302,37695.3747,481.4946,2758,2236,-0.01160708,-0.15915119,-0.01126008,-0.01160708,-481.4946,41482.8302,OK,0.0000,19.2598,4.0000,96.0000,AG03-UNRESOLVED,ALL5_LEVELS_bet23_to_bet27,19.2598,19.2598,19.2598,24.0747,24.0747,4.000000,4.000000,4.000000,5.000000,5.000000,96.000000,96.000000,96.000000,95.000000,95.000000,5.0,105.9288,97.0336,375.5658,384.461,PENDING_AG03,FALSE,NOT_FOR_ENFORCEMENT,462.2348,36187.5597,481.4946,462.2348,19.2598,0.01160708,0.01114280,19.2598,462.2348,0.01114280,19.2598,19.2598,19.2598,24.0747,24.0747,462.2348,0.01114280,105.9288,97.0336,375.5658,384.461,0.00905352,0.00926795,0.00046428,15.0409,16.8584,0.2153,11.7438,0.4291,1011.7763,54.5366,10.8148,15.0547,10.2862,13.088,13.088,26.176,34.6568,52.3519,13.088,-5.1891,2.647988,4.0,1.149216,29,158,24,5,0.00234634,0.01160708,0.15915119,0E-8,0.000000,0.908698,0.000000,-0.14789112,2026-04-14,2026-07-10,41,1122,472,88,0.465909,0.718364,0.719024,0.007821,,,,,,,,GLOBAL_BASELINE_NO_ENTITY_RANKING,,,NOT_APPLICABLE_GLOBAL_BASELINE,HF9g-P5,,,,X 全窗基线 · 不参与实体赏罚,8391927,840,A168_HF9F_20260827_0900,2026-08-27 09:00:00
2026-04-28,142615618,1935,0,13.0879773840,12.4335785148,12.4335785148,1.0000000,1,1,0.50665070000000000,0.506650700000,0.9867858985152569,0.9867858985152569,0.9867858985152569,0E-17,ELIGIBLE,R03b_20260811_FULL_v1,L1_ELIGIBILITY,v2026-08-11,2026-03-21..2026-08-06,baccarat_bet02_101_all_pairs_incl_sentinel,round_win = game_pnl > 0 (decisive only),COMPATIBILITY_ONLY_NOT_PRODUCTION,41482.8302,37695.3747,481.4946,2758,2236,-0.01160708,-0.15915119,-0.01126008,-0.01160708,-481.4946,41482.8302,OK,0.0000,19.2598,4.0000,96.0000,AG03-UNRESOLVED,ALL5_LEVELS_bet23_to_bet27,19.2598,19.2598,19.2598,24.0747,24.0747,4.000000,4.000000,4.000000,5.000000,5.000000,96.000000,96.000000,96.000000,95.000000,95.000000,5.0,105.9288,97.0336,375.5658,384.461,PENDING_AG03,FALSE,NOT_FOR_ENFORCEMENT,462.2348,36187.5597,481.4946,462.2348,19.2598,0.01160708,0.01114280,19.2598,462.2348,0.01114280,19.2598,19.2598,19.2598,24.0747,24.0747,462.2348,0.01114280,105.9288,97.0336,375.5658,384.461,0.00905352,0.00926795,0.00046428,15.0409,16.8584,0.2153,11.7438,0.4291,1011.7763,54.5366,10.8148,15.0547,10.2862,13.088,13.088,26.176,34.6568,52.3519,13.088,-5.1891,2.647988,4.0,1.149216,29,158,24,5,0.00234634,0.01160708,0.15915119,0E-8,0.000000,0.908698,0.000000,-0.14789112,2026-04-14,2026-07-10,41,1122,472,88,0.465909,0.718364,0.719024,0.007821,,,,,,,,GLOBAL_BASELINE_NO_ENTITY_RANKING,,,NOT_APPLICABLE_GLOBAL_BASELINE,HF9g-P5,,,,X 全窗基线 · 不参与实体赏罚,8391928,840,A168_HF9F_20260827_0900,2026-08-27 09:00:00
2026-04-28,142615618,1940,0,26.1759547680,0E-10,0E-10,0.5000000,2,2,0.49994810000000000,0.499948100000,0.00014679536856514622,0.00014679536856514622,0.00014679536856514622,0E-17,ELIGIBLE,R03b_20260811_FULL_v1,L1_ELIGIBILITY,v2026-08-11,2026-03-21..2026-08-06,baccarat_bet02_101_all_pairs_incl_sentinel,round_win = game_pnl > 0 (decisive only),COMPATIBILITY_ONLY_NOT_PRODUCTION,41482.8302,37695.3747,481.4946,2758,2236,-0.01160708,-0.15915119,-0.01126008,-0.01160708,-481.4946,41482.8302,OK,0.0000,19.2598,4.0000,96.0000,AG03-UNRESOLVED,ALL5_LEVELS_bet23_to_bet27,19.2598,19.2598,19.2598,24.0747,24.0747,4.000000,4.000000,4.000000,5.000000,5.000000,96.000000,96.000000,96.000000,95.000000,95.000000,5.0,105.9288,97.0336,375.5658,384.461,PENDING_AG03,FALSE,NOT_FOR_ENFORCEMENT,462.2348,36187.5597,481.4946,462.2348,19.2598,0.01160708,0.01114280,19.2598,462.2348,0.01114280,19.2598,19.2598,19.2598,24.0747,24.0747,462.2348,0.01114280,105.9288,97.0336,375.5658,384.461,0.00905352,0.00926795,0.00046428,15.0409,16.8584,0.2153,11.7438,0.4291,1011.7763,54.5366,10.8148,15.0547,10.2862,13.088,13.088,26.176,34.6568,52.3519,13.088,-5.1891,2.647988,4.0,1.149216,29,158,24,5,0.00234634,0.01160708,0.15915119,0E-8,0.000000,0.908698,0.000000,-0.14789112,2026-04-14,2026-07-10,41,1122,472,88,0.465909,0.718364,0.719024,0.007821,,,,,,,,GLOBAL_BASELINE_NO_ENTITY_RANKING,,,NOT_APPLICABLE_GLOBAL_BASELINE,HF9g-P5,,,,X 全窗基线 · 不参与实体赏罚,8391929,840,A168_HF9F_20260827_0900,2026-08-27 09:00:00
2026-04-28,142615618,1941,0,13.0879773840,13.0879773840,13.0879773840,1.0000000,1,1,0.49324550000000000,0.493245500000,1.01360149184955,1.01360149184955,1.01360149184955,0E-17,ELIGIBLE,R03b_20260811_FULL_v1,L1_ELIGIBILITY,v2026-08-11,2026-03-21..2026-08-06,baccarat_bet02_101_all_pairs_incl_sentinel,round_win = game_pnl > 0 (decisive only),COMPATIBILITY_ONLY_NOT_PRODUCTION,41482.8302,37695.3747,481.4946,2758,2236,-0.01160708,-0.15915119,-0.01126008,-0.01160708,-481.4946,41482.8302,OK,0.0000,19.2598,4.0000,96.0000,AG03-UNRESOLVED,ALL5_LEVELS_bet23_to_bet27,19.2598,19.2598,19.2598,24.0747,24.0747,4.000000,4.000000,4.000000,5.000000,5.000000,96.000000,96.000000,96.000000,95.000000,95.000000,5.0,105.9288,97.0336,375.5658,384.461,PENDING_AG03,FALSE,NOT_FOR_ENFORCEMENT,462.2348,36187.5597,481.4946,462.2348,19.2598,0.01160708,0.01114280,19.2598,462.2348,0.01114280,19.2598,19.2598,19.2598,24.0747,24.0747,462.2348,0.01114280,105.9288,97.0336,375.5658,384.461,0.00905352,0.00926795,0.00046428,15.0409,16.8584,0.2153,11.7438,0.4291,1011.7763,54.5366,10.8148,15.0547,10.2862,13.088,13.088,26.176,34.6568,52.3519,13.088,-5.1891,2.647988,4.0,1.149216,29,158,24,5,0.00234634,0.01160708,0.15915119,0E-8,0.000000,0.908698,0.000000,-0.14789112,2026-04-14,2026-07-10,41,1122,472,88,0.465909,0.718364,0.719024,0.007821,,,,,,,,GLOBAL_BASELINE_NO_ENTITY_RANKING,,,NOT_APPLICABLE_GLOBAL_BASELINE,HF9g-P5,,,,X 全窗基线 · 不参与实体赏罚,8391930,840,A168_HF9F_20260827_0900,2026-08-27 09:00:00
2026-04-28,142615618,1963,0,26.1759547680,-26.1759547680,-26.1759547680,0E-7,2,2,0.49994810000000000,0.499948100000,-1.4140667746232096,-1.4140667746232096,-1.4140667746232096,0E-17,ELIGIBLE,R03b_20260811_FULL_v1,L1_ELIGIBILITY,v2026-08-11,2026-03-21..2026-08-06,baccarat_bet02_101_all_pairs_incl_sentinel,round_win = game_pnl > 0 (decisive only),COMPATIBILITY_ONLY_NOT_PRODUCTION,41482.8302,37695.3747,481.4946,2758,2236,-0.01160708,-0.15915119,-0.01126008,-0.01160708,-481.4946,41482.8302,OK,0.0000,19.2598,4.0000,96.0000,AG03-UNRESOLVED,ALL5_LEVELS_bet23_to_bet27,19.2598,19.2598,19.2598,24.0747,24.0747,4.000000,4.000000,4.000000,5.000000,5.000000,96.000000,96.000000,96.000000,95.000000,95.000000,5.0,105.9288,97.0336,375.5658,384.461,PENDING_AG03,FALSE,NOT_FOR_ENFORCEMENT,462.2348,36187.5597,481.4946,462.2348,19.2598,0.01160708,0.01114280,19.2598,462.2348,0.01114280,19.2598,19.2598,19.2598,24.0747,24.0747,462.2348,0.01114280,105.9288,97.0336,375.5658,384.461,0.00905352,0.00926795,0.00046428,15.0409,16.8584,0.2153,11.7438,0.4291,1011.7763,54.5366,10.8148,15.0547,10.2862,13.088,13.088,26.176,34.6568,52.3519,13.088,-5.1891,2.647988,4.0,1.149216,29,158,24,5,0.00234634,0.01160708,0.15915119,0E-8,0.000000,0.908698,0.000000,-0.14789112,2026-04-14,2026-07-10,41,1122,472,88,0.465909,0.718364,0.719024,0.007821,,,,,,,,GLOBAL_BASELINE_NO_ENTITY_RANKING,,,NOT_APPLICABLE_GLOBAL_BASELINE,HF9g-P5,,,,X 全窗基线 · 不参与实体赏罚,8391931,840,A168_HF9F_20260827_0900,2026-08-27 09:00:00
2026-04-28,142615618,1966,0,39.2639321520,-13.0879773840,-13.0879773840,0.5000000,2,2,0.49324550000000000,0.493245500000,0.01910635448239258,0.01910635448239258,0.01910635448239258,0E-17,ELIGIBLE,R03b_20260811_FULL_v1,L1_ELIGIBILITY,v2026-08-11,2026-03-21..2026-08-06,baccarat_bet02_101_all_pairs_incl_sentinel,round_win = game_pnl > 0 (decisive only),COMPATIBILITY_ONLY_NOT_PRODUCTION,41482.8302,37695.3747,481.4946,2758,2236,-0.01160708,-0.15915119,-0.01126008,-0.01160708,-481.4946,41482.8302,OK,0.0000,19.2598,4.0000,96.0000,AG03-UNRESOLVED,ALL5_LEVELS_bet23_to_bet27,19.2598,19.2598,19.2598,24.0747,24.0747,4.000000,4.000000,4.000000,5.000000,5.000000,96.000000,96.000000,96.000000,95.000000,95.000000,5.0,105.9288,97.0336,375.5658,384.461,PENDING_AG03,FALSE,NOT_FOR_ENFORCEMENT,462.2348,36187.5597,481.4946,462.2348,19.2598,0.01160708,0.01114280,19.2598,462.2348,0.01114280,19.2598,19.2598,19.2598,24.0747,24.0747,462.2348,0.01114280,105.9288,97.0336,375.5658,384.461,0.00905352,0.00926795,0.00046428,15.0409,16.8584,0.2153,11.7438,0.4291,1011.7763,54.5366,10.8148,15.0547,10.2862,13.088,13.088,26.176,34.6568,52.3519,13.088,-5.1891,2.647988,4.0,1.149216,29,158,24,5,0.00234634,0.01160708,0.15915119,0E-8,0.000000,0.908698,0.000000,-0.14789112,2026-04-14,2026-07-10,41,1122,472,88,0.465909,0.718364,0.719024,0.007821,,,,,,,,GLOBAL_BASELINE_NO_ENTITY_RANKING,,,NOT_APPLICABLE_GLOBAL_BASELINE,HF9g-P5,,,,X 全窗基线 · 不参与实体赏罚,8391932,840,A168_HF9F_20260827_0900,2026-08-27 09:00:00
2026-04-28,142615618,1985,0,77.7425856609,60.9899746092,60.9899746092,0.6250000,11,8,0.42520259375000000,0.425202593750,1.1430875300485515,1.1430875300485515,1.1430875300485515,0E-17,ELIGIBLE,R03b_20260811_FULL_v1,L1_ELIGIBILITY,v2026-08-11,2026-03-21..2026-08-06,baccarat_bet02_101_all_pairs_incl_sentinel,round_win = game_pnl > 0 (decisive only),COMPATIBILITY_ONLY_NOT_PRODUCTION,41482.8302,37695.3747,481.4946,2758,2236,-0.01160708,-0.15915119,-0.01126008,-0.01160708,-481.4946,41482.8302,OK,0.0000,19.2598,4.0000,96.0000,AG03-UNRESOLVED,ALL5_LEVELS_bet23_to_bet27,19.2598,19.2598,19.2598,24.0747,24.0747,4.000000,4.000000,4.000000,5.000000,5.000000,96.000000,96.000000,96.000000,95.000000,95.000000,5.0,105.9288,97.0336,375.5658,384.461,PENDING_AG03,FALSE,NOT_FOR_ENFORCEMENT,462.2348,36187.5597,481.4946,462.2348,19.2598,0.01160708,0.01114280,19.2598,462.2348,0.01114280,19.2598,19.2598,19.2598,24.0747,24.0747,462.2348,0.01114280,105.9288,97.0336,375.5658,384.461,0.00905352,0.00926795,0.00046428,15.0409,16.8584,0.2153,11.7438,0.4291,1011.7763,54.5366,10.8148,15.0547,10.2862,13.088,13.088,26.176,34.6568,52.3519,13.088,-5.1891,2.647988,4.0,1.149216,29,158,24,5,0.00234634,0.01160708,0.15915119,0E-8,0.000000,0.908698,0.000000,-0.14789112,2026-04-14,2026-07-10,41,1122,472,88,0.465909,0.718364,0.719024,0.007821,,,,,,,,GLOBAL_BASELINE_NO_ENTITY_RANKING,,,NOT_APPLICABLE_GLOBAL_BASELINE,HF9g-P5,,,,X 全窗基线 · 不参与实体赏罚,8391933,840,A168_HF9F_20260827_0900,2026-08-27 09:00:00
2026-04-28,142615618,2064,0,57.5871004896,-5.8895898228,-5.8895898228,0.5000000,5,4,0.47147362142857143,0.450117762500,0.11429167658024529,0.2005293749887908,0.11429167658024529,0.02135585892857143,ELIGIBLE,R03b_20260811_FULL_v1,L1_ELIGIBILITY,v2026-08-11,2026-03-21..2026-08-06,baccarat_bet02_101_all_pairs_incl_sentinel,round_win = game_pnl > 0 (decisive only),COMPATIBILITY_ONLY_NOT_PRODUCTION,41482.8302,37695.3747,481.4946,2758,2236,-0.01160708,-0.15915119,-0.01126008,-0.01160708,-481.4946,41482.8302,OK,0.0000,19.2598,4.0000,96.0000,AG03-UNRESOLVED,ALL5_LEVELS_bet23_to_bet27,19.2598,19.2598,19.2598,24.0747,24.0747,4.000000,4.000000,4.000000,5.000000,5.000000,96.000000,96.000000,96.000000,95.000000,95.000000,5.0,105.9288,97.0336,375.5658,384.461,PENDING_AG03,FALSE,NOT_FOR_ENFORCEMENT,462.2348,36187.5597,481.4946,462.2348,19.2598,0.01160708,0.01114280,19.2598,462.2348,0.01114280,19.2598,19.2598,19.2598,24.0747,24.0747,462.2348,0.01114280,105.9288,97.0336,375.5658,384.461,0.00905352,0.00926795,0.00046428,15.0409,16.8584,0.2153,11.7438,0.4291,1011.7763,54.5366,10.8148,15.0547,10.2862,13.088,13.088,26.176,34.6568,52.3519,13.088,-5.1891,2.647988,4.0,1.149216,29,158,24,5,0.00234634,0.01160708,0.15915119,0E-8,0.000000,0.908698,0.000000,-0.14789112,2026-04-14,2026-07-10,41,1122,472,88,0.465909,0.718364,0.719024,0.007821,,,,,,,,GLOBAL_BASELINE_NO_ENTITY_RANKING,,,NOT_APPLICABLE_GLOBAL_BASELINE,HF9g-P5,,,,X 全窗基线 · 不参与实体赏罚,8391934,840,A168_HF9F_20260827_0900,2026-08-27 09:00:00
2026-04-28,142615618,2088,0,91.6158416880,-39.9183310212,-39.9183310212,0.2857143,9,7,0.38740537857142857,0.384135157143,-0.5522840767289771,-0.5353668686289851,-0.5522840767289771,0.00327022142842857,ELIGIBLE,R03b_20260811_FULL_v1,L1_ELIGIBILITY,v2026-08-11,2026-03-21..2026-08-06,baccarat_bet02_101_all_pairs_incl_sentinel,round_win = game_pnl > 0 (decisive only),COMPATIBILITY_ONLY_NOT_PRODUCTION,41482.8302,37695.3747,481.4946,2758,2236,-0.01160708,-0.15915119,-0.01126008,-0.01160708,-481.4946,41482.8302,OK,0.0000,19.2598,4.0000,96.0000,AG03-UNRESOLVED,ALL5_LEVELS_bet23_to_bet27,19.2598,19.2598,19.2598,24.0747,24.0747,4.000000,4.000000,4.000000,5.000000,5.000000,96.000000,96.000000,96.000000,95.000000,95.000000,5.0,105.9288,97.0336,375.5658,384.461,PENDING_AG03,FALSE,NOT_FOR_ENFORCEMENT,462.2348,36187.5597,481.4946,462.2348,19.2598,0.01160708,0.01114280,19.2598,462.2348,0.01114280,19.2598,19.2598,19.2598,24.0747,24.0747,462.2348,0.01114280,105.9288,97.0336,375.5658,384.461,0.00905352,0.00926795,0.00046428,15.0409,16.8584,0.2153,11.7438,0.4291,1011.7763,54.5366,10.8148,15.0547,10.2862,13.088,13.088,26.176,34.6568,52.3519,13.088,-5.1891,2.647988,4.0,1.149216,29,158,24,5,0.00234634,0.01160708,0.15915119,0E-8,0.000000,0.908698,0.000000,-0.14789112,2026-04-14,2026-07-10,41,1122,472,88,0.465909,0.718364,0.719024,0.007821,,,,,,,,GLOBAL_BASELINE_NO_ENTITY_RANKING,,,NOT_APPLICABLE_GLOBAL_BASELINE,HF9g-P5,,,,X 全窗基线 · 不参与实体赏罚,8391935,840,A168_HF9F_20260827_0900,2026-08-27 09:00:00
2026-04-28,142615618,2092,0,18.3231683376,-18.3231683376,-18.3231683376,0E-7,2,1,0.37934758571428571,0.293924150000,-0.7817977886252382,-0.6451964315166089,-0.7817977886252382,0.08542343571428571,ELIGIBLE,R03b_20260811_FULL_v1,L1_ELIGIBILITY,v2026-08-11,2026-03-21..2026-08-06,baccarat_bet02_101_all_pairs_incl_sentinel,round_win = game_pnl > 0 (decisive only),COMPATIBILITY_ONLY_NOT_PRODUCTION,41482.8302,37695.3747,481.4946,2758,2236,-0.01160708,-0.15915119,-0.01126008,-0.01160708,-481.4946,41482.8302,OK,0.0000,19.2598,4.0000,96.0000,AG03-UNRESOLVED,ALL5_LEVELS_bet23_to_bet27,19.2598,19.2598,19.2598,24.0747,24.0747,4.000000,4.000000,4.000000,5.000000,5.000000,96.000000,96.000000,96.000000,95.000000,95.000000,5.0,105.9288,97.0336,375.5658,384.461,PENDING_AG03,FALSE,NOT_FOR_ENFORCEMENT,462.2348,36187.5597,481.4946,462.2348,19.2598,0.01160708,0.01114280,19.2598,462.2348,0.01114280,19.2598,19.2598,19.2598,24.0747,24.0747,462.2348,0.01114280,105.9288,97.0336,375.5658,384.461,0.00905352,0.00926795,0.00046428,15.0409,16.8584,0.2153,11.7438,0.4291,1011.7763,54.5366,10.8148,15.0547,10.2862,13.088,13.088,26.176,34.6568,52.3519,13.088,-5.1891,2.647988,4.0,1.149216,29,158,24,5,0.00234634,0.01160708,0.15915119,0E-8,0.000000,0.908698,0.000000,-0.14789112,2026-04-14,2026-07-10,41,1122,472,88,0.465909,0.718364,0.719024,0.007821,,,,,,,,GLOBAL_BASELINE_NO_ENTITY_RANKING,,,NOT_APPLICABLE_GLOBAL_BASELINE,HF9g-P5,,,,X 全窗基线 · 不参与实体赏罚,8391936,840,A168_HF9F_20260827_0900,2026-08-27 09:00:00
2026-04-28,142615618,2093,0,65.4398869200,53.6607072743,53.6607072743,0.6666667,6,4,0.41578043750000000,0.398611775000,0.881692969737983,0.9482696311548574,0.881692969737983,0.01716866250000000,ELIGIBLE,R03b_20260811_FULL_v1,L1_ELIGIBILITY,v2026-08-11,2026-03-21..2026-08-06,baccarat_bet02_101_all_pairs_incl_sentinel,round_win = game_pnl > 0 (decisive only),COMPATIBILITY_ONLY_NOT_PRODUCTION,41482.8302,37695.3747,481.4946,2758,2236,-0.01160708,-0.15915119,-0.01126008,-0.01160708,-481.4946,41482.8302,OK,0.0000,19.2598,4.0000,96.0000,AG03-UNRESOLVED,ALL5_LEVELS_bet23_to_bet27,19.2598,19.2598,19.2598,24.0747,24.0747,4.000000,4.000000,4.000000,5.000000,5.000000,96.000000,96.000000,96.000000,95.000000,95.000000,5.0,105.9288,97.0336,375.5658,384.461,PENDING_AG03,FALSE,NOT_FOR_ENFORCEMENT,462.2348,36187.5597,481.4946,462.2348,19.2598,0.01160708,0.01114280,19.2598,462.2348,0.01114280,19.2598,19.2598,19.2598,24.0747,24.0747,462.2348,0.01114280,105.9288,97.0336,375.5658,384.461,0.00905352,0.00926795,0.00046428,15.0409,16.8584,0.2153,11.7438,0.4291,1011.7763,54.5366,10.8148,15.0547,10.2862,13.088,13.088,26.176,34.6568,52.3519,13.088,-5.1891,2.647988,4.0,1.149216,29,158,24,5,0.00234634,0.01160708,0.15915119,0E-8,0.000000,0.908698,0.000000,-0.14789112,2026-04-14,2026-07-10,41,1122,472,88,0.465909,0.718364,0.719024,0.007821,,,,,,,,GLOBAL_BASELINE_NO_ENTITY_RANKING,,,NOT_APPLICABLE_GLOBAL_BASELINE,HF9g-P5,,,,X 全窗基线 · 不参与实体赏罚,8391937,840,A168_HF9F_20260827_0900,2026-08-27 09:00:00
2026-04-28,142615618,2103,0,44.4991231056,20.2863649452,20.2863649452,1.0000000,4,3,0.46293964285714286,0.433507650000,1.523226055296138,1.616641189234446,1.523226055296138,0.02943199285714286,ELIGIBLE,R03b_20260811_FULL_v1,L1_ELIGIBILITY,v2026-08-11,2026-03-21..2026-08-06,baccarat_bet02_101_all_pairs_incl_sentinel,round_win = game_pnl > 0 (decisive only),COMPATIBILITY_ONLY_NOT_PRODUCTION,41482.8302,37695.3747,481.4946,2758,2236,-0.01160708,-0.15915119,-0.01126008,-0.01160708,-481.4946,41482.8302,OK,0.0000,19.2598,4.0000,96.0000,AG03-UNRESOLVED,ALL5_LEVELS_bet23_to_bet27,19.2598,19.2598,19.2598,24.0747,24.0747,4.000000,4.000000,4.000000,5.000000,5.000000,96.000000,96.000000,96.000000,95.000000,95.000000,5.0,105.9288,97.0336,375.5658,384.461,PENDING_AG03,FALSE,NOT_FOR_ENFORCEMENT,462.2348,36187.5597,481.4946,462.2348,19.2598,0.01160708,0.01114280,19.2598,462.2348,0.01114280,19.2598,19.2598,19.2598,24.0747,24.0747,462.2348,0.01114280,105.9288,97.0336,375.5658,384.461,0.00905352,0.00926795,0.00046428,15.0409,16.8584,0.2153,11.7438,0.4291,1011.7763,54.5366,10.8148,15.0547,10.2862,13.088,13.088,26.176,34.6568,52.3519,13.088,-5.1891,2.647988,4.0,1.149216,29,158,24,5,0.00234634,0.01160708,0.15915119,0E-8,0.000000,0.908698,0.000000,-0.14789112,2026-04-14,2026-07-10,41,1122,472,88,0.465909,0.718364,0.719024,0.007821,,,,,,,,GLOBAL_BASELINE_NO_ENTITY_RANKING,,,NOT_APPLICABLE_GLOBAL_BASELINE,HF9g-P5,,,,X 全窗基线 · 不参与实体赏罚,8391938,840,A168_HF9F_20260827_0900,2026-08-27 09:00:00
2026-04-28,142615618,2106,0,47.1167185824,9.9468628118,9.9468628118,0.6666667,4,4,0.49994810000000000,0.499948100000,0.5775300591747329,0.5775300591747329,0.5775300591747329,0E-17,ELIGIBLE,R03b_20260811_FULL_v1,L1_ELIGIBILITY,v2026-08-11,2026-03-21..2026-08-06,baccarat_bet02_101_all_pairs_incl_sentinel,round_win = game_pnl > 0 (decisive only),COMPATIBILITY_ONLY_NOT_PRODUCTION,41482.8302,37695.3747,481.4946,2758,2236,-0.01160708,-0.15915119,-0.01126008,-0.01160708,-481.4946,41482.8302,OK,0.0000,19.2598,4.0000,96.0000,AG03-UNRESOLVED,ALL5_LEVELS_bet23_to_bet27,19.2598,19.2598,19.2598,24.0747,24.0747,4.000000,4.000000,4.000000,5.000000,5.000000,96.000000,96.000000,96.000000,95.000000,95.000000,5.0,105.9288,97.0336,375.5658,384.461,PENDING_AG03,FALSE,NOT_FOR_ENFORCEMENT,462.2348,36187.5597,481.4946,462.2348,19.2598,0.01160708,0.01114280,19.2598,462.2348,0.01114280,19.2598,19.2598,19.2598,24.0747,24.0747,462.2348,0.01114280,105.9288,97.0336,375.5658,384.461,0.00905352,0.00926795,0.00046428,15.0409,16.8584,0.2153,11.7438,0.4291,1011.7763,54.5366,10.8148,15.0547,10.2862,13.088,13.088,26.176,34.6568,52.3519,13.088,-5.1891,2.647988,4.0,1.149216,29,158,24,5,0.00234634,0.01160708,0.15915119,0E-8,0.000000,0.908698,0.000000,-0.14789112,2026-04-14,2026-07-10,41,1122,472,88,0.465909,0.718364,0.719024,0.007821,,,,,,,,GLOBAL_BASELINE_NO_ENTITY_RANKING,,,NOT_APPLICABLE_GLOBAL_BASELINE,HF9g-P5,,,,X 全窗基线 · 不参与实体赏罚,8391939,840,A168_HF9F_20260827_0900,2026-08-27 09:00:00
2026-04-28,142615618,2121,0,26.1759547680,-26.1759547680,-26.1759547680,0E-7,1,1,0.50665070000000000,0.506650700000,-1.013391052207602,-1.013391052207602,-1.013391052207602,0E-17,ELIGIBLE,R03b_20260811_FULL_v1,L1_ELIGIBILITY,v2026-08-11,2026-03-21..2026-08-06,baccarat_bet02_101_all_pairs_incl_sentinel,round_win = game_pnl > 0 (decisive only),COMPATIBILITY_ONLY_NOT_PRODUCTION,41482.8302,37695.3747,481.4946,2758,2236,-0.01160708,-0.15915119,-0.01126008,-0.01160708,-481.4946,41482.8302,OK,0.0000,19.2598,4.0000,96.0000,AG03-UNRESOLVED,ALL5_LEVELS_bet23_to_bet27,19.2598,19.2598,19.2598,24.0747,24.0747,4.000000,4.000000,4.000000,5.000000,5.000000,96.000000,96.000000,96.000000,95.000000,95.000000,5.0,105.9288,97.0336,375.5658,384.461,PENDING_AG03,FALSE,NOT_FOR_ENFORCEMENT,462.2348,36187.5597,481.4946,462.2348,19.2598,0.01160708,0.01114280,19.2598,462.2348,0.01114280,19.2598,19.2598,19.2598,24.0747,24.0747,462.2348,0.01114280,105.9288,97.0336,375.5658,384.461,0.00905352,0.00926795,0.00046428,15.0409,16.8584,0.2153,11.7438,0.4291,1011.7763,54.5366,10.8148,15.0547,10.2862,13.088,13.088,26.176,34.6568,52.3519,13.088,-5.1891,2.647988,4.0,1.149216,29,158,24,5,0.00234634,0.01160708,0.15915119,0E-8,0.000000,0.908698,0.000000,-0.14789112,2026-04-14,2026-07-10,41,1122,472,88,0.465909,0.718364,0.719024,0.007821,,,,,,,,GLOBAL_BASELINE_NO_ENTITY_RANKING,,,NOT_APPLICABLE_GLOBAL_BASELINE,HF9g-P5,,,,X 全窗基线 · 不参与实体赏罚,8391940,840,A168_HF9F_20260827_0900,2026-08-27 09:00:00
2026-04-28,142615618,2129,0,47.1167185824,-36.9080962229,-36.9080962229,0E-7,5,4,0.45514471250000000,0.455144712500,-1.8279493660233461,-1.8279493660233461,-1.8279493660233461,0E-17,ELIGIBLE,R03b_20260811_FULL_v1,L1_ELIGIBILITY,v2026-08-11,2026-03-21..2026-08-06,baccarat_bet02_101_all_pairs_incl_sentinel,round_win = game_pnl > 0 (decisive only),COMPATIBILITY_ONLY_NOT_PRODUCTION,41482.8302,37695.3747,481.4946,2758,2236,-0.01160708,-0.15915119,-0.01126008,-0.01160708,-481.4946,41482.8302,OK,0.0000,19.2598,4.0000,96.0000,AG03-UNRESOLVED,ALL5_LEVELS_bet23_to_bet27,19.2598,19.2598,19.2598,24.0747,24.0747,4.000000,4.000000,4.000000,5.000000,5.000000,96.000000,96.000000,96.000000,95.000000,95.000000,5.0,105.9288,97.0336,375.5658,384.461,PENDING_AG03,FALSE,NOT_FOR_ENFORCEMENT,462.2348,36187.5597,481.4946,462.2348,19.2598,0.01160708,0.01114280,19.2598,462.2348,0.01114280,19.2598,19.2598,19.2598,24.0747,24.0747,462.2348,0.01114280,105.9288,97.0336,375.5658,384.461,0.00905352,0.00926795,0.00046428,15.0409,16.8584,0.2153,11.7438,0.4291,1011.7763,54.5366,10.8148,15.0547,10.2862,13.088,13.088,26.176,34.6568,52.3519,13.088,-5.1891,2.647988,4.0,1.149216,29,158,24,5,0.00234634,0.01160708,0.15915119,0E-8,0.000000,0.908698,0.000000,-0.14789112,2026-04-14,2026-07-10,41,1122,472,88,0.465909,0.718364,0.719024,0.007821,,,,,,,,GLOBAL_BASELINE_NO_ENTITY_RANKING,,,NOT_APPLICABLE_GLOBAL_BASELINE,HF9g-P5,,,,X 全窗基线 · 不参与实体赏罚,8391941,840,A168_HF9F_20260827_0900,2026-08-27 09:00:00
2026-04-28,142615618,2130,0,13.0879773840,-13.0879773840,-13.0879773840,0E-7,1,1,0.49324550000000000,0.493245500000,-0.9865810262130424,-0.9865810262130424,-0.9865810262130424,0E-17,ELIGIBLE,R03b_20260811_FULL_v1,L1_ELIGIBILITY,v2026-08-11,2026-03-21..2026-08-06,baccarat_bet02_101_all_pairs_incl_sentinel,round_win = game_pnl > 0 (decisive only),COMPATIBILITY_ONLY_NOT_PRODUCTION,41482.8302,37695.3747,481.4946,2758,2236,-0.01160708,-0.15915119,-0.01126008,-0.01160708,-481.4946,41482.8302,OK,0.0000,19.2598,4.0000,96.0000,AG03-UNRESOLVED,ALL5_LEVELS_bet23_to_bet27,19.2598,19.2598,19.2598,24.0747,24.0747,4.000000,4.000000,4.000000,5.000000,5.000000,96.000000,96.000000,96.000000,95.000000,95.000000,5.0,105.9288,97.0336,375.5658,384.461,PENDING_AG03,FALSE,NOT_FOR_ENFORCEMENT,462.2348,36187.5597,481.4946,462.2348,19.2598,0.01160708,0.01114280,19.2598,462.2348,0.01114280,19.2598,19.2598,19.2598,24.0747,24.0747,462.2348,0.01114280,105.9288,97.0336,375.5658,384.461,0.00905352,0.00926795,0.00046428,15.0409,16.8584,0.2153,11.7438,0.4291,1011.7763,54.5366,10.8148,15.0547,10.2862,13.088,13.088,26.176,34.6568,52.3519,13.088,-5.1891,2.647988,4.0,1.149216,29,158,24,5,0.00234634,0.01160708,0.15915119,0E-8,0.000000,0.908698,0.000000,-0.14789112,2026-04-14,2026-07-10,41,1122,472,88,0.465909,0.718364,0.719024,0.007821,,,,,,,,GLOBAL_BASELINE_NO_ENTITY_RANKING,,,NOT_APPLICABLE_GLOBAL_BASELINE,HF9g-P5,,,,X 全窗基线 · 不参与实体赏罚,8391942,840,A168_HF9F_20260827_0900,2026-08-27 09:00:00
2026-04-28,142615618,2134,0,39.2639321519,39.2639321519,39.2639321519,1.0000000,1,1,0.49324550000000000,0.493245500000,1.01360149184955,1.01360149184955,1.01360149184955,0E-17,ELIGIBLE,R03b_20260811_FULL_v1,L1_ELIGIBILITY,v2026-08-11,2026-03-21..2026-08-06,baccarat_bet02_101_all_pairs_incl_sentinel,round_win = game_pnl > 0 (decisive only),COMPATIBILITY_ONLY_NOT_PRODUCTION,41482.8302,37695.3747,481.4946,2758,2236,-0.01160708,-0.15915119,-0.01126008,-0.01160708,-481.4946,41482.8302,OK,0.0000,19.2598,4.0000,96.0000,AG03-UNRESOLVED,ALL5_LEVELS_bet23_to_bet27,19.2598,19.2598,19.2598,24.0747,24.0747,4.000000,4.000000,4.000000,5.000000,5.000000,96.000000,96.000000,96.000000,95.000000,95.000000,5.0,105.9288,97.0336,375.5658,384.461,PENDING_AG03,FALSE,NOT_FOR_ENFORCEMENT,462.2348,36187.5597,481.4946,462.2348,19.2598,0.01160708,0.01114280,19.2598,462.2348,0.01114280,19.2598,19.2598,19.2598,24.0747,24.0747,462.2348,0.01114280,105.9288,97.0336,375.5658,384.461,0.00905352,0.00926795,0.00046428,15.0409,16.8584,0.2153,11.7438,0.4291,1011.7763,54.5366,10.8148,15.0547,10.2862,13.088,13.088,26.176,34.6568,52.3519,13.088,-5.1891,2.647988,4.0,1.149216,29,158,24,5,0.00234634,0.01160708,0.15915119,0E-8,0.000000,0.908698,0.000000,-0.14789112,2026-04-14,2026-07-10,41,1122,472,88,0.465909,0.718364,0.719024,0.007821,,,,,,,,GLOBAL_BASELINE_NO_ENTITY_RANKING,,,NOT_APPLICABLE_GLOBAL_BASELINE,HF9g-P5,,,,X 全窗基线 · 不参与实体赏罚,8391943,840,A168_HF9F_20260827_0900,2026-08-27 09:00:00
2026-04-28,142615618,2147,0,49.7343140592,26.8303536372,26.8303536372,0.6666667,3,3,0.50218230000000000,0.502182300000,0.5697959874915163,0.5697959874915164,0.5697959874915163,0E-17,ELIGIBLE,R03b_20260811_FULL_v1,L1_ELIGIBILITY,v2026-08-11,2026-03-21..2026-08-06,baccarat_bet02_101_all_pairs_incl_sentinel,round_win = game_pnl > 0 (decisive only),COMPATIBILITY_ONLY_NOT_PRODUCTION,41482.8302,37695.3747,481.4946,2758,2236,-0.01160708,-0.15915119,-0.01126008,-0.01160708,-481.4946,41482.8302,OK,0.0000,19.2598,4.0000,96.0000,AG03-UNRESOLVED,ALL5_LEVELS_bet23_to_bet27,19.2598,19.2598,19.2598,24.0747,24.0747,4.000000,4.000000,4.000000,5.000000,5.000000,96.000000,96.000000,96.000000,95.000000,95.000000,5.0,105.9288,97.0336,375.5658,384.461,PENDING_AG03,FALSE,NOT_FOR_ENFORCEMENT,462.2348,36187.5597,481.4946,462.2348,19.2598,0.01160708,0.01114280,19.2598,462.2348,0.01114280,19.2598,19.2598,19.2598,24.0747,24.0747,462.2348,0.01114280,105.9288,97.0336,375.5658,384.461,0.00905352,0.00926795,0.00046428,15.0409,16.8584,0.2153,11.7438,0.4291,1011.7763,54.5366,10.8148,15.0547,10.2862,13.088,13.088,26.176,34.6568,52.3519,13.088,-5.1891,2.647988,4.0,1.149216,29,158,24,5,0.00234634,0.01160708,0.15915119,0E-8,0.000000,0.908698,0.000000,-0.14789112,2026-04-14,2026-07-10,41,1122,472,88,0.465909,0.718364,0.719024,0.007821,,,,,,,,GLOBAL_BASELINE_NO_ENTITY_RANKING,,,NOT_APPLICABLE_GLOBAL_BASELINE,HF9g-P5,,,,X 全窗基线 · 不参与实体赏罚,8391944,840,A168_HF9F_20260827_0900,2026-08-27 09:00:00
2026-04-28,142615618,2153,0,36.6463366752,26.1759547680,26.1759547680,1.0000000,2,2,0.49994810000000000,0.499948100000,1.0001038053877793,1.0001038053877793,1.0001038053877793,0E-17,ELIGIBLE,R03b_20260811_FULL_v1,L1_ELIGIBILITY,v2026-08-11,2026-03-21..2026-08-06,baccarat_bet02_101_all_pairs_incl_sentinel,round_win = game_pnl > 0 (decisive only),COMPATIBILITY_ONLY_NOT_PRODUCTION,41482.8302,37695.3747,481.4946,2758,2236,-0.01160708,-0.15915119,-0.01126008,-0.01160708,-481.4946,41482.8302,OK,0.0000,19.2598,4.0000,96.0000,AG03-UNRESOLVED,ALL5_LEVELS_bet23_to_bet27,19.2598,19.2598,19.2598,24.0747,24.0747,4.000000,4.000000,4.000000,5.000000,5.000000,96.000000,96.000000,96.000000,95.000000,95.000000,5.0,105.9288,97.0336,375.5658,384.461,PENDING_AG03,FALSE,NOT_FOR_ENFORCEMENT,462.2348,36187.5597,481.4946,462.2348,19.2598,0.01160708,0.01114280,19.2598,462.2348,0.01114280,19.2598,19.2598,19.2598,24.0747,24.0747,462.2348,0.01114280,105.9288,97.0336,375.5658,384.461,0.00905352,0.00926795,0.00046428,15.0409,16.8584,0.2153,11.7438,0.4291,1011.7763,54.5366,10.8148,15.0547,10.2862,13.088,13.088,26.176,34.6568,52.3519,13.088,-5.1891,2.647988,4.0,1.149216,29,158,24,5,0.00234634,0.01160708,0.15915119,0E-8,0.000000,0.908698,0.000000,-0.14789112,2026-04-14,2026-07-10,41,1122,472,88,0.465909,0.718364,0.719024,0.007821,,,,,,,,GLOBAL_BASELINE_NO_ENTITY_RANKING,,,NOT_APPLICABLE_GLOBAL_BASELINE,HF9g-P5,,,,X 全窗基线 · 不参与实体赏罚,8391945,840,A168_HF9F_20260827_0900,2026-08-27 09:00:00
2026-04-28,142615618,2155,0,13.0879773840,0E-10,0E-10,,1,1,0.50665070000000000,0.506650700000,,,,0E-17,NO_DECISIVE_ROUND,R03b_20260811_FULL_v1,L1_ELIGIBILITY,v2026-08-11,2026-03-21..2026-08-06,baccarat_bet02_101_all_pairs_incl_sentinel,round_win = game_pnl > 0 (decisive only),COMPATIBILITY_ONLY_NOT_PRODUCTION,41482.8302,37695.3747,481.4946,2758,2236,-0.01160708,-0.15915119,-0.01126008,-0.01160708,-481.4946,41482.8302,OK,0.0000,19.2598,4.0000,96.0000,AG03-UNRESOLVED,ALL5_LEVELS_bet23_to_bet27,19.2598,19.2598,19.2598,24.0747,24.0747,4.000000,4.000000,4.000000,5.000000,5.000000,96.000000,96.000000,96.000000,95.000000,95.000000,5.0,105.9288,97.0336,375.5658,384.461,PENDING_AG03,FALSE,NOT_FOR_ENFORCEMENT,462.2348,36187.5597,481.4946,462.2348,19.2598,0.01160708,0.01114280,19.2598,462.2348,0.01114280,19.2598,19.2598,19.2598,24.0747,24.0747,462.2348,0.01114280,105.9288,97.0336,375.5658,384.461,0.00905352,0.00926795,0.00046428,15.0409,16.8584,0.2153,11.7438,0.4291,1011.7763,54.5366,10.8148,15.0547,10.2862,13.088,13.088,26.176,34.6568,52.3519,13.088,-5.1891,2.647988,4.0,1.149216,29,158,24,5,0.00234634,0.01160708,0.15915119,0E-8,0.000000,0.908698,0.000000,-0.14789112,2026-04-14,2026-07-10,41,1122,472,88,0.465909,0.718364,0.719024,0.007821,,,,,,,,GLOBAL_BASELINE_NO_ENTITY_RANKING,,,NOT_APPLICABLE_GLOBAL_BASELINE,HF9g-P5,,,,X 全窗基线 · 不参与实体赏罚,8391946,840,A168_HF9F_20260827_0900,2026-08-27 09:00:00
2026-04-28,142615618,2156,0,18.3231683376,-18.3231683376,-18.3231683376,0E-7,2,2,0.49994810000000000,0.499948100000,-1.4140667746232096,-1.4140667746232096,-1.4140667746232096,0E-17,ELIGIBLE,R03b_20260811_FULL_v1,L1_ELIGIBILITY,v2026-08-11,2026-03-21..2026-08-06,baccarat_bet02_101_all_pairs_incl_sentinel,round_win = game_pnl > 0 (decisive only),COMPATIBILITY_ONLY_NOT_PRODUCTION,41482.8302,37695.3747,481.4946,2758,2236,-0.01160708,-0.15915119,-0.01126008,-0.01160708,-481.4946,41482.8302,OK,0.0000,19.2598,4.0000,96.0000,AG03-UNRESOLVED,ALL5_LEVELS_bet23_to_bet27,19.2598,19.2598,19.2598,24.0747,24.0747,4.000000,4.000000,4.000000,5.000000,5.000000,96.000000,96.000000,96.000000,95.000000,95.000000,5.0,105.9288,97.0336,375.5658,384.461,PENDING_AG03,FALSE,NOT_FOR_ENFORCEMENT,462.2348,36187.5597,481.4946,462.2348,19.2598,0.01160708,0.01114280,19.2598,462.2348,0.01114280,19.2598,19.2598,19.2598,24.0747,24.0747,462.2348,0.01114280,105.9288,97.0336,375.5658,384.461,0.00905352,0.00926795,0.00046428,15.0409,16.8584,0.2153,11.7438,0.4291,1011.7763,54.5366,10.8148,15.0547,10.2862,13.088,13.088,26.176,34.6568,52.3519,13.088,-5.1891,2.647988,4.0,1.149216,29,158,24,5,0.00234634,0.01160708,0.15915119,0E-8,0.000000,0.908698,0.000000,-0.14789112,2026-04-14,2026-07-10,41,1122,472,88,0.465909,0.718364,0.719024,0.007821,,,,,,,,GLOBAL_BASELINE_NO_ENTITY_RANKING,,,NOT_APPLICABLE_GLOBAL_BASELINE,HF9g-P5,,,,X 全窗基线 · 不参与实体赏罚,8391947,840,A168_HF9F_20260827_0900,2026-08-27 09:00:00
2026-04-28,142615618,2160,0,44.2373635578,-44.2373635578,-44.2373635578,0E-7,1,1,0.49324550000000000,0.493245500000,-0.9865810262130424,-0.9865810262130424,-0.9865810262130424,0E-17,ELIGIBLE,R03b_20260811_FULL_v1,L1_ELIGIBILITY,v2026-08-11,2026-03-21..2026-08-06,baccarat_bet02_101_all_pairs_incl_sentinel,round_win = game_pnl > 0 (decisive only),COMPATIBILITY_ONLY_NOT_PRODUCTION,41482.8302,37695.3747,481.4946,2758,2236,-0.01160708,-0.15915119,-0.01126008,-0.01160708,-481.4946,41482.8302,OK,0.0000,19.2598,4.0000,96.0000,AG03-UNRESOLVED,ALL5_LEVELS_bet23_to_bet27,19.2598,19.2598,19.2598,24.0747,24.0747,4.000000,4.000000,4.000000,5.000000,5.000000,96.000000,96.000000,96.000000,95.000000,95.000000,5.0,105.9288,97.0336,375.5658,384.461,PENDING_AG03,FALSE,NOT_FOR_ENFORCEMENT,462.2348,36187.5597,481.4946,462.2348,19.2598,0.01160708,0.01114280,19.2598,462.2348,0.01114280,19.2598,19.2598,19.2598,24.0747,24.0747,462.2348,0.01114280,105.9288,97.0336,375.5658,384.461,0.00905352,0.00926795,0.00046428,15.0409,16.8584,0.2153,11.7438,0.4291,1011.7763,54.5366,10.8148,15.0547,10.2862,13.088,13.088,26.176,34.6568,52.3519,13.088,-5.1891,2.647988,4.0,1.149216,29,158,24,5,0.00234634,0.01160708,0.15915119,0E-8,0.000000,0.908698,0.000000,-0.14789112,2026-04-14,2026-07-10,41,1122,472,88,0.465909,0.718364,0.719024,0.007821,,,,,,,,GLOBAL_BASELINE_NO_ENTITY_RANKING,,,NOT_APPLICABLE_GLOBAL_BASELINE,HF9g-P5,,,,X 全窗基线 · 不参与实体赏罚,8391948,840,A168_HF9F_20260827_0900,2026-08-27 09:00:00
2026-04-28,142615618,2167,0,130.8797738398,9.8159830380,9.8159830380,0.3333333,4,4,0.50665070000000000,0.506650700000,-0.6004420894325239,-0.6004420894325239,-0.6004420894325239,0E-17,ELIGIBLE,R03b_20260811_FULL_v1,L1_ELIGIBILITY,v2026-08-11,2026-03-21..2026-08-06,baccarat_bet02_101_all_pairs_incl_sentinel,round_win = game_pnl > 0 (decisive only),COMPATIBILITY_ONLY_NOT_PRODUCTION,41482.8302,37695.3747,481.4946,2758,2236,-0.01160708,-0.15915119,-0.01126008,-0.01160708,-481.4946,41482.8302,OK,0.0000,19.2598,4.0000,96.0000,AG03-UNRESOLVED,ALL5_LEVELS_bet23_to_bet27,19.2598,19.2598,19.2598,24.0747,24.0747,4.000000,4.000000,4.000000,5.000000,5.000000,96.000000,96.000000,96.000000,95.000000,95.000000,5.0,105.9288,97.0336,375.5658,384.461,PENDING_AG03,FALSE,NOT_FOR_ENFORCEMENT,462.2348,36187.5597,481.4946,462.2348,19.2598,0.01160708,0.01114280,19.2598,462.2348,0.01114280,19.2598,19.2598,19.2598,24.0747,24.0747,462.2348,0.01114280,105.9288,97.0336,375.5658,384.461,0.00905352,0.00926795,0.00046428,15.0409,16.8584,0.2153,11.7438,0.4291,1011.7763,54.5366,10.8148,15.0547,10.2862,13.088,13.088,26.176,34.6568,52.3519,13.088,-5.1891,2.647988,4.0,1.149216,29,158,24,5,0.00234634,0.01160708,0.15915119,0E-8,0.000000,0.908698,0.000000,-0.14789112,2026-04-14,2026-07-10,41,1122,472,88,0.465909,0.718364,0.719024,0.007821,,,,,,,,GLOBAL_BASELINE_NO_ENTITY_RANKING,,,NOT_APPLICABLE_GLOBAL_BASELINE,HF9g-P5,,,,X 全窗基线 · 不参与实体赏罚,8391949,840,A168_HF9F_20260827_0900,2026-08-27 09:00:00
2026-04-28,142615618,2176,0,52.3519095359,49.7343140591,49.7343140591,1.0000000,1,1,0.50665070000000000,0.506650700000,0.9867858985152569,0.9867858985152569,0.9867858985152569,0E-17,ELIGIBLE,R03b_20260811_FULL_v1,L1_ELIGIBILITY,v2026-08-11,2026-03-21..2026-08-06,baccarat_bet02_101_all_pairs_incl_sentinel,round_win = game_pnl > 0 (decisive only),COMPATIBILITY_ONLY_NOT_PRODUCTION,41482.8302,37695.3747,481.4946,2758,2236,-0.01160708,-0.15915119,-0.01126008,-0.01160708,-481.4946,41482.8302,OK,0.0000,19.2598,4.0000,96.0000,AG03-UNRESOLVED,ALL5_LEVELS_bet23_to_bet27,19.2598,19.2598,19.2598,24.0747,24.0747,4.000000,4.000000,4.000000,5.000000,5.000000,96.000000,96.000000,96.000000,95.000000,95.000000,5.0,105.9288,97.0336,375.5658,384.461,PENDING_AG03,FALSE,NOT_FOR_ENFORCEMENT,462.2348,36187.5597,481.4946,462.2348,19.2598,0.01160708,0.01114280,19.2598,462.2348,0.01114280,19.2598,19.2598,19.2598,24.0747,24.0747,462.2348,0.01114280,105.9288,97.0336,375.5658,384.461,0.00905352,0.00926795,0.00046428,15.0409,16.8584,0.2153,11.7438,0.4291,1011.7763,54.5366,10.8148,15.0547,10.2862,13.088,13.088,26.176,34.6568,52.3519,13.088,-5.1891,2.647988,4.0,1.149216,29,158,24,5,0.00234634,0.01160708,0.15915119,0E-8,0.000000,0.908698,0.000000,-0.14789112,2026-04-14,2026-07-10,41,1122,472,88,0.465909,0.718364,0.719024,0.007821,,,,,,,,GLOBAL_BASELINE_NO_ENTITY_RANKING,,,NOT_APPLICABLE_GLOBAL_BASELINE,HF9g-P5,,,,X 全窗基线 · 不参与实体赏罚,8391950,840,A168_HF9F_20260827_0900,2026-08-27 09:00:00
2026-04-28,142615618,2177,0,52.3519095359,50.3887129283,50.3887129283,1.0000000,2,2,0.49994810000000000,0.499948100000,1.4143603653603398,1.4143603653603398,1.4143603653603398,0E-17,ELIGIBLE,R03b_20260811_FULL_v1,L1_ELIGIBILITY,v2026-08-11,2026-03-21..2026-08-06,baccarat_bet02_101_all_pairs_incl_sentinel,round_win = game_pnl > 0 (decisive only),COMPATIBILITY_ONLY_NOT_PRODUCTION,41482.8302,37695.3747,481.4946,2758,2236,-0.01160708,-0.15915119,-0.01126008,-0.01160708,-481.4946,41482.8302,OK,0.0000,19.2598,4.0000,96.0000,AG03-UNRESOLVED,ALL5_LEVELS_bet23_to_bet27,19.2598,19.2598,19.2598,24.0747,24.0747,4.000000,4.000000,4.000000,5.000000,5.000000,96.000000,96.000000,96.000000,95.000000,95.000000,5.0,105.9288,97.0336,375.5658,384.461,PENDING_AG03,FALSE,NOT_FOR_ENFORCEMENT,462.2348,36187.5597,481.4946,462.2348,19.2598,0.01160708,0.01114280,19.2598,462.2348,0.01114280,19.2598,19.2598,19.2598,24.0747,24.0747,462.2348,0.01114280,105.9288,97.0336,375.5658,384.461,0.00905352,0.00926795,0.00046428,15.0409,16.8584,0.2153,11.7438,0.4291,1011.7763,54.5366,10.8148,15.0547,10.2862,13.088,13.088,26.176,34.6568,52.3519,13.088,-5.1891,2.647988,4.0,1.149216,29,158,24,5,0.00234634,0.01160708,0.15915119,0E-8,0.000000,0.908698,0.000000,-0.14789112,2026-04-14,2026-07-10,41,1122,472,88,0.465909,0.718364,0.719024,0.007821,,,,,,,,GLOBAL_BASELINE_NO_ENTITY_RANKING,,,NOT_APPLICABLE_GLOBAL_BASELINE,HF9g-P5,,,,X 全窗基线 · 不参与实体赏罚,8391951,840,A168_HF9F_20260827_0900,2026-08-27 09:00:00
2026-04-28,142615618,2201,0,26.1759547680,25.5215558988,25.5215558988,1.0000000,2,2,0.49994810000000000,0.499948100000,1.4143603653603398,1.4143603653603398,1.4143603653603398,0E-17,ELIGIBLE,R03b_20260811_FULL_v1,L1_ELIGIBILITY,v2026-08-11,2026-03-21..2026-08-06,baccarat_bet02_101_all_pairs_incl_sentinel,round_win = game_pnl > 0 (decisive only),COMPATIBILITY_ONLY_NOT_PRODUCTION,41482.8302,37695.3747,481.4946,2758,2236,-0.01160708,-0.15915119,-0.01126008,-0.01160708,-481.4946,41482.8302,OK,0.0000,19.2598,4.0000,96.0000,AG03-UNRESOLVED,ALL5_LEVELS_bet23_to_bet27,19.2598,19.2598,19.2598,24.0747,24.0747,4.000000,4.000000,4.000000,5.000000,5.000000,96.000000,96.000000,96.000000,95.000000,95.000000,5.0,105.9288,97.0336,375.5658,384.461,PENDING_AG03,FALSE,NOT_FOR_ENFORCEMENT,462.2348,36187.5597,481.4946,462.2348,19.2598,0.01160708,0.01114280,19.2598,462.2348,0.01114280,19.2598,19.2598,19.2598,24.0747,24.0747,462.2348,0.01114280,105.9288,97.0336,375.5658,384.461,0.00905352,0.00926795,0.00046428,15.0409,16.8584,0.2153,11.7438,0.4291,1011.7763,54.5366,10.8148,15.0547,10.2862,13.088,13.088,26.176,34.6568,52.3519,13.088,-5.1891,2.647988,4.0,1.149216,29,158,24,5,0.00234634,0.01160708,0.15915119,0E-8,0.000000,0.908698,0.000000,-0.14789112,2026-04-14,2026-07-10,41,1122,472,88,0.465909,0.718364,0.719024,0.007821,,,,,,,,GLOBAL_BASELINE_NO_ENTITY_RANKING,,,NOT_APPLICABLE_GLOBAL_BASELINE,HF9g-P5,,,,X 全窗基线 · 不参与实体赏罚,8391952,840,A168_HF9F_20260827_0900,2026-08-27 09:00:00
2026-04-28,142615618,2202,0,26.1759547680,-21.0716435882,-21.0716435882,0.3333333,5,3,0.42961374166666667,0.406913688889,-0.33687977759352816,-0.25942534876633955,-0.33687977759352816,0.02270005277766667,ELIGIBLE,R03b_20260811_FULL_v1,L1_ELIGIBILITY,v2026-08-11,2026-03-21..2026-08-06,baccarat_bet02_101_all_pairs_incl_sentinel,round_win = game_pnl > 0 (decisive only),COMPATIBILITY_ONLY_NOT_PRODUCTION,41482.8302,37695.3747,481.4946,2758,2236,-0.01160708,-0.15915119,-0.01126008,-0.01160708,-481.4946,41482.8302,OK,0.0000,19.2598,4.0000,96.0000,AG03-UNRESOLVED,ALL5_LEVELS_bet23_to_bet27,19.2598,19.2598,19.2598,24.0747,24.0747,4.000000,4.000000,4.000000,5.000000,5.000000,96.000000,96.000000,96.000000,95.000000,95.000000,5.0,105.9288,97.0336,375.5658,384.461,PENDING_AG03,FALSE,NOT_FOR_ENFORCEMENT,462.2348,36187.5597,481.4946,462.2348,19.2598,0.01160708,0.01114280,19.2598,462.2348,0.01114280,19.2598,19.2598,19.2598,24.0747,24.0747,462.2348,0.01114280,105.9288,97.0336,375.5658,384.461,0.00905352,0.00926795,0.00046428,15.0409,16.8584,0.2153,11.7438,0.4291,1011.7763,54.5366,10.8148,15.0547,10.2862,13.088,13.088,26.176,34.6568,52.3519,13.088,-5.1891,2.647988,4.0,1.149216,29,158,24,5,0.00234634,0.01160708,0.15915119,0E-8,0.000000,0.908698,0.000000,-0.14789112,2026-04-14,2026-07-10,41,1122,472,88,0.465909,0.718364,0.719024,0.007821,,,,,,,,GLOBAL_BASELINE_NO_ENTITY_RANKING,,,NOT_APPLICABLE_GLOBAL_BASELINE,HF9g-P5,,,,X 全窗基线 · 不参与实体赏罚,8391953,840,A168_HF9F_20260827_0900,2026-08-27 09:00:00
2026-04-28,142615618,2205,0,65.4398869200,-39.2639321520,-39.2639321520,0.2500000,4,4,0.49324550000000000,0.493245500000,-0.9730707933947887,-0.9730707933947887,-0.9730707933947887,0E-17,ELIGIBLE,R03b_20260811_FULL_v1,L1_ELIGIBILITY,v2026-08-11,2026-03-21..2026-08-06,baccarat_bet02_101_all_pairs_incl_sentinel,round_win = game_pnl > 0 (decisive only),COMPATIBILITY_ONLY_NOT_PRODUCTION,41482.8302,37695.3747,481.4946,2758,2236,-0.01160708,-0.15915119,-0.01126008,-0.01160708,-481.4946,41482.8302,OK,0.0000,19.2598,4.0000,96.0000,AG03-UNRESOLVED,ALL5_LEVELS_bet23_to_bet27,19.2598,19.2598,19.2598,24.0747,24.0747,4.000000,4.000000,4.000000,5.000000,5.000000,96.000000,96.000000,96.000000,95.000000,95.000000,5.0,105.9288,97.0336,375.5658,384.461,PENDING_AG03,FALSE,NOT_FOR_ENFORCEMENT,462.2348,36187.5597,481.4946,462.2348,19.2598,0.01160708,0.01114280,19.2598,462.2348,0.01114280,19.2598,19.2598,19.2598,24.0747,24.0747,462.2348,0.01114280,105.9288,97.0336,375.5658,384.461,0.00905352,0.00926795,0.00046428,15.0409,16.8584,0.2153,11.7438,0.4291,1011.7763,54.5366,10.8148,15.0547,10.2862,13.088,13.088,26.176,34.6568,52.3519,13.088,-5.1891,2.647988,4.0,1.149216,29,158,24,5,0.00234634,0.01160708,0.15915119,0E-8,0.000000,0.908698,0.000000,-0.14789112,2026-04-14,2026-07-10,41,1122,472,88,0.465909,0.718364,0.719024,0.007821,,,,,,,,GLOBAL_BASELINE_NO_ENTITY_RANKING,,,NOT_APPLICABLE_GLOBAL_BASELINE,HF9g-P5,,,,X 全窗基线 · 不参与实体赏罚,8391954,840,A168_HF9F_20260827_0900,2026-08-27 09:00:00
2026-04-28,142615618,2212,0,39.2639321520,38.6095332828,38.6095332828,1.0000000,3,3,0.49771390000000000,0.497713900000,1.739988277604938,1.739988277604938,1.739988277604938,0E-17,ELIGIBLE,R03b_20260811_FULL_v1,L1_ELIGIBILITY,v2026-08-11,2026-03-21..2026-08-06,baccarat_bet02_101_all_pairs_incl_sentinel,round_win = game_pnl > 0 (decisive only),COMPATIBILITY_ONLY_NOT_PRODUCTION,41482.8302,37695.3747,481.4946,2758,2236,-0.01160708,-0.15915119,-0.01126008,-0.01160708,-481.4946,41482.8302,OK,0.0000,19.2598,4.0000,96.0000,AG03-UNRESOLVED,ALL5_LEVELS_bet23_to_bet27,19.2598,19.2598,19.2598,24.0747,24.0747,4.000000,4.000000,4.000000,5.000000,5.000000,96.000000,96.000000,96.000000,95.000000,95.000000,5.0,105.9288,97.0336,375.5658,384.461,PENDING_AG03,FALSE,NOT_FOR_ENFORCEMENT,462.2348,36187.5597,481.4946,462.2348,19.2598,0.01160708,0.01114280,19.2598,462.2348,0.01114280,19.2598,19.2598,19.2598,24.0747,24.0747,462.2348,0.01114280,105.9288,97.0336,375.5658,384.461,0.00905352,0.00926795,0.00046428,15.0409,16.8584,0.2153,11.7438,0.4291,1011.7763,54.5366,10.8148,15.0547,10.2862,13.088,13.088,26.176,34.6568,52.3519,13.088,-5.1891,2.647988,4.0,1.149216,29,158,24,5,0.00234634,0.01160708,0.15915119,0E-8,0.000000,0.908698,0.000000,-0.14789112,2026-04-14,2026-07-10,41,1122,472,88,0.465909,0.718364,0.719024,0.007821,,,,,,,,GLOBAL_BASELINE_NO_ENTITY_RANKING,,,NOT_APPLICABLE_GLOBAL_BASELINE,HF9g-P5,,,,X 全窗基线 · 不参与实体赏罚,8391955,840,A168_HF9F_20260827_0900,2026-08-27 09:00:00
2026-04-28,142615618,2216,0,13.0879773840,-13.0879773840,-13.0879773840,0E-7,1,1,0.49324550000000000,0.493245500000,-0.9865810262130424,-0.9865810262130424,-0.9865810262130424,0E-17,ELIGIBLE,R03b_20260811_FULL_v1,L1_ELIGIBILITY,v2026-08-11,2026-03-21..2026-08-06,baccarat_bet02_101_all_pairs_incl_sentinel,round_win = game_pnl > 0 (decisive only),COMPATIBILITY_ONLY_NOT_PRODUCTION,41482.8302,37695.3747,481.4946,2758,2236,-0.01160708,-0.15915119,-0.01126008,-0.01160708,-481.4946,41482.8302,OK,0.0000,19.2598,4.0000,96.0000,AG03-UNRESOLVED,ALL5_LEVELS_bet23_to_bet27,19.2598,19.2598,19.2598,24.0747,24.0747,4.000000,4.000000,4.000000,5.000000,5.000000,96.000000,96.000000,96.000000,95.000000,95.000000,5.0,105.9288,97.0336,375.5658,384.461,PENDING_AG03,FALSE,NOT_FOR_ENFORCEMENT,462.2348,36187.5597,481.4946,462.2348,19.2598,0.01160708,0.01114280,19.2598,462.2348,0.01114280,19.2598,19.2598,19.2598,24.0747,24.0747,462.2348,0.01114280,105.9288,97.0336,375.5658,384.461,0.00905352,0.00926795,0.00046428,15.0409,16.8584,0.2153,11.7438,0.4291,1011.7763,54.5366,10.8148,15.0547,10.2862,13.088,13.088,26.176,34.6568,52.3519,13.088,-5.1891,2.647988,4.0,1.149216,29,158,24,5,0.00234634,0.01160708,0.15915119,0E-8,0.000000,0.908698,0.000000,-0.14789112,2026-04-14,2026-07-10,41,1122,472,88,0.465909,0.718364,0.719024,0.007821,,,,,,,,GLOBAL_BASELINE_NO_ENTITY_RANKING,,,NOT_APPLICABLE_GLOBAL_BASELINE,HF9g-P5,,,,X 全窗基线 · 不参与实体赏罚,8391956,840,A168_HF9F_20260827_0900,2026-08-27 09:00:00
2026-04-28,142615618,2218,0,65.4398869200,36.6463366752,36.6463366752,1.0000000,3,2,0.43797605000000000,0.403638725000,1.6020173973302758,1.7189898101856425,1.6020173973302758,0.03433732500000000,ELIGIBLE,R03b_20260811_FULL_v1,L1_ELIGIBILITY,v2026-08-11,2026-03-21..2026-08-06,baccarat_bet02_101_all_pairs_incl_sentinel,round_win = game_pnl > 0 (decisive only),COMPATIBILITY_ONLY_NOT_PRODUCTION,41482.8302,37695.3747,481.4946,2758,2236,-0.01160708,-0.15915119,-0.01126008,-0.01160708,-481.4946,41482.8302,OK,0.0000,19.2598,4.0000,96.0000,AG03-UNRESOLVED,ALL5_LEVELS_bet23_to_bet27,19.2598,19.2598,19.2598,24.0747,24.0747,4.000000,4.000000,4.000000,5.000000,5.000000,96.000000,96.000000,96.000000,95.000000,95.000000,5.0,105.9288,97.0336,375.5658,384.461,PENDING_AG03,FALSE,NOT_FOR_ENFORCEMENT,462.2348,36187.5597,481.4946,462.2348,19.2598,0.01160708,0.01114280,19.2598,462.2348,0.01114280,19.2598,19.2598,19.2598,24.0747,24.0747,462.2348,0.01114280,105.9288,97.0336,375.5658,384.461,0.00905352,0.00926795,0.00046428,15.0409,16.8584,0.2153,11.7438,0.4291,1011.7763,54.5366,10.8148,15.0547,10.2862,13.088,13.088,26.176,34.6568,52.3519,13.088,-5.1891,2.647988,4.0,1.149216,29,158,24,5,0.00234634,0.01160708,0.15915119,0E-8,0.000000,0.908698,0.000000,-0.14789112,2026-04-14,2026-07-10,41,1122,472,88,0.465909,0.718364,0.719024,0.007821,,,,,,,,GLOBAL_BASELINE_NO_ENTITY_RANKING,,,NOT_APPLICABLE_GLOBAL_BASELINE,HF9g-P5,,,,X 全窗基线 · 不参与实体赏罚,8391957,840,A168_HF9F_20260827_0900,2026-08-27 09:00:00
2026-04-28,142615618,2229,0,91.6158416879,-66.0942857891,-66.0942857891,0.2500000,4,4,0.49994810000000000,0.499948100000,-0.9997924053861017,-0.9997924053861017,-0.9997924053861017,0E-17,ELIGIBLE,R03b_20260811_FULL_v1,L1_ELIGIBILITY,v2026-08-11,2026-03-21..2026-08-06,baccarat_bet02_101_all_pairs_incl_sentinel,round_win = game_pnl > 0 (decisive only),COMPATIBILITY_ONLY_NOT_PRODUCTION,41482.8302,37695.3747,481.4946,2758,2236,-0.01160708,-0.15915119,-0.01126008,-0.01160708,-481.4946,41482.8302,OK,0.0000,19.2598,4.0000,96.0000,AG03-UNRESOLVED,ALL5_LEVELS_bet23_to_bet27,19.2598,19.2598,19.2598,24.0747,24.0747,4.000000,4.000000,4.000000,5.000000,5.000000,96.000000,96.000000,96.000000,95.000000,95.000000,5.0,105.9288,97.0336,375.5658,384.461,PENDING_AG03,FALSE,NOT_FOR_ENFORCEMENT,462.2348,36187.5597,481.4946,462.2348,19.2598,0.01160708,0.01114280,19.2598,462.2348,0.01114280,19.2598,19.2598,19.2598,24.0747,24.0747,462.2348,0.01114280,105.9288,97.0336,375.5658,384.461,0.00905352,0.00926795,0.00046428,15.0409,16.8584,0.2153,11.7438,0.4291,1011.7763,54.5366,10.8148,15.0547,10.2862,13.088,13.088,26.176,34.6568,52.3519,13.088,-5.1891,2.647988,4.0,1.149216,29,158,24,5,0.00234634,0.01160708,0.15915119,0E-8,0.000000,0.908698,0.000000,-0.14789112,2026-04-14,2026-07-10,41,1122,472,88,0.465909,0.718364,0.719024,0.007821,,,,,,,,GLOBAL_BASELINE_NO_ENTITY_RANKING,,,NOT_APPLICABLE_GLOBAL_BASELINE,HF9g-P5,,,,X 全窗基线 · 不参与实体赏罚,8391958,840,A168_HF9F_20260827_0900,2026-08-27 09:00:00
2026-04-28,142615618,2235,0,78.5278643039,49.0799151899,49.0799151899,0.6666667,3,3,0.50665070000000000,0.506650700000,0.5543606114942035,0.5543606114942035,0.5543606114942035,0E-17,ELIGIBLE,R03b_20260811_FULL_v1,L1_ELIGIBILITY,v2026-08-11,2026-03-21..2026-08-06,baccarat_bet02_101_all_pairs_incl_sentinel,round_win = game_pnl > 0 (decisive only),COMPATIBILITY_ONLY_NOT_PRODUCTION,41482.8302,37695.3747,481.4946,2758,2236,-0.01160708,-0.15915119,-0.01126008,-0.01160708,-481.4946,41482.8302,OK,0.0000,19.2598,4.0000,96.0000,AG03-UNRESOLVED,ALL5_LEVELS_bet23_to_bet27,19.2598,19.2598,19.2598,24.0747,24.0747,4.000000,4.000000,4.000000,5.000000,5.000000,96.000000,96.000000,96.000000,95.000000,95.000000,5.0,105.9288,97.0336,375.5658,384.461,PENDING_AG03,FALSE,NOT_FOR_ENFORCEMENT,462.2348,36187.5597,481.4946,462.2348,19.2598,0.01160708,0.01114280,19.2598,462.2348,0.01114280,19.2598,19.2598,19.2598,24.0747,24.0747,462.2348,0.01114280,105.9288,97.0336,375.5658,384.461,0.00905352,0.00926795,0.00046428,15.0409,16.8584,0.2153,11.7438,0.4291,1011.7763,54.5366,10.8148,15.0547,10.2862,13.088,13.088,26.176,34.6568,52.3519,13.088,-5.1891,2.647988,4.0,1.149216,29,158,24,5,0.00234634,0.01160708,0.15915119,0E-8,0.000000,0.908698,0.000000,-0.14789112,2026-04-14,2026-07-10,41,1122,472,88,0.465909,0.718364,0.719024,0.007821,,,,,,,,GLOBAL_BASELINE_NO_ENTITY_RANKING,,,NOT_APPLICABLE_GLOBAL_BASELINE,HF9g-P5,,,,X 全窗基线 · 不参与实体赏罚,8391959,840,A168_HF9F_20260827_0900,2026-08-27 09:00:00
2026-04-28,142615618,2241,0,18.3231683376,-18.3231683376,-18.3231683376,0E-7,2,1,0.37934758571428571,0.293924150000,-0.7817977886252382,-0.6451964315166089,-0.7817977886252382,0.08542343571428571,ELIGIBLE,R03b_20260811_FULL_v1,L1_ELIGIBILITY,v2026-08-11,2026-03-21..2026-08-06,baccarat_bet02_101_all_pairs_incl_sentinel,round_win = game_pnl > 0 (decisive only),COMPATIBILITY_ONLY_NOT_PRODUCTION,41482.8302,37695.3747,481.4946,2758,2236,-0.01160708,-0.15915119,-0.01126008,-0.01160708,-481.4946,41482.8302,OK,0.0000,19.2598,4.0000,96.0000,AG03-UNRESOLVED,ALL5_LEVELS_bet23_to_bet27,19.2598,19.2598,19.2598,24.0747,24.0747,4.000000,4.000000,4.000000,5.000000,5.000000,96.000000,96.000000,96.000000,95.000000,95.000000,5.0,105.9288,97.0336,375.5658,384.461,PENDING_AG03,FALSE,NOT_FOR_ENFORCEMENT,462.2348,36187.5597,481.4946,462.2348,19.2598,0.01160708,0.01114280,19.2598,462.2348,0.01114280,19.2598,19.2598,19.2598,24.0747,24.0747,462.2348,0.01114280,105.9288,97.0336,375.5658,384.461,0.00905352,0.00926795,0.00046428,15.0409,16.8584,0.2153,11.7438,0.4291,1011.7763,54.5366,10.8148,15.0547,10.2862,13.088,13.088,26.176,34.6568,52.3519,13.088,-5.1891,2.647988,4.0,1.149216,29,158,24,5,0.00234634,0.01160708,0.15915119,0E-8,0.000000,0.908698,0.000000,-0.14789112,2026-04-14,2026-07-10,41,1122,472,88,0.465909,0.718364,0.719024,0.007821,,,,,,,,GLOBAL_BASELINE_NO_ENTITY_RANKING,,,NOT_APPLICABLE_GLOBAL_BASELINE,HF9g-P5,,,,X 全窗基线 · 不参与实体赏罚,8391960,840,A168_HF9F_20260827_0900,2026-08-27 09:00:00
2026-04-28,142615618,2242,0,36.6463366752,36.1228175798,36.1228175798,1.0000000,2,2,0.49994810000000000,0.499948100000,1.4143603653603398,1.4143603653603398,1.4143603653603398,0E-17,ELIGIBLE,R03b_20260811_FULL_v1,L1_ELIGIBILITY,v2026-08-11,2026-03-21..2026-08-06,baccarat_bet02_101_all_pairs_incl_sentinel,round_win = game_pnl > 0 (decisive only),COMPATIBILITY_ONLY_NOT_PRODUCTION,41482.8302,37695.3747,481.4946,2758,2236,-0.01160708,-0.15915119,-0.01126008,-0.01160708,-481.4946,41482.8302,OK,0.0000,19.2598,4.0000,96.0000,AG03-UNRESOLVED,ALL5_LEVELS_bet23_to_bet27,19.2598,19.2598,19.2598,24.0747,24.0747,4.000000,4.000000,4.000000,5.000000,5.000000,96.000000,96.000000,96.000000,95.000000,95.000000,5.0,105.9288,97.0336,375.5658,384.461,PENDING_AG03,FALSE,NOT_FOR_ENFORCEMENT,462.2348,36187.5597,481.4946,462.2348,19.2598,0.01160708,0.01114280,19.2598,462.2348,0.01114280,19.2598,19.2598,19.2598,24.0747,24.0747,462.2348,0.01114280,105.9288,97.0336,375.5658,384.461,0.00905352,0.00926795,0.00046428,15.0409,16.8584,0.2153,11.7438,0.4291,1011.7763,54.5366,10.8148,15.0547,10.2862,13.088,13.088,26.176,34.6568,52.3519,13.088,-5.1891,2.647988,4.0,1.149216,29,158,24,5,0.00234634,0.01160708,0.15915119,0E-8,0.000000,0.908698,0.000000,-0.14789112,2026-04-14,2026-07-10,41,1122,472,88,0.465909,0.718364,0.719024,0.007821,,,,,,,,GLOBAL_BASELINE_NO_ENTITY_RANKING,,,NOT_APPLICABLE_GLOBAL_BASELINE,HF9g-P5,,,,X 全窗基线 · 不参与实体赏罚,8391961,840,A168_HF9F_20260827_0900,2026-08-27 09:00:00
2026-04-28,142615618,2246,0,13.0879773840,-13.0879773840,-13.0879773840,0E-7,1,1,0.50665070000000000,0.506650700000,-1.013391052207602,-1.013391052207602,-1.013391052207602,0E-17,ELIGIBLE,R03b_20260811_FULL_v1,L1_ELIGIBILITY,v2026-08-11,2026-03-21..2026-08-06,baccarat_bet02_101_all_pairs_incl_sentinel,round_win = game_pnl > 0 (decisive only),COMPATIBILITY_ONLY_NOT_PRODUCTION,41482.8302,37695.3747,481.4946,2758,2236,-0.01160708,-0.15915119,-0.01126008,-0.01160708,-481.4946,41482.8302,OK,0.0000,19.2598,4.0000,96.0000,AG03-UNRESOLVED,ALL5_LEVELS_bet23_to_bet27,19.2598,19.2598,19.2598,24.0747,24.0747,4.000000,4.000000,4.000000,5.000000,5.000000,96.000000,96.000000,96.000000,95.000000,95.000000,5.0,105.9288,97.0336,375.5658,384.461,PENDING_AG03,FALSE,NOT_FOR_ENFORCEMENT,462.2348,36187.5597,481.4946,462.2348,19.2598,0.01160708,0.01114280,19.2598,462.2348,0.01114280,19.2598,19.2598,19.2598,24.0747,24.0747,462.2348,0.01114280,105.9288,97.0336,375.5658,384.461,0.00905352,0.00926795,0.00046428,15.0409,16.8584,0.2153,11.7438,0.4291,1011.7763,54.5366,10.8148,15.0547,10.2862,13.088,13.088,26.176,34.6568,52.3519,13.088,-5.1891,2.647988,4.0,1.149216,29,158,24,5,0.00234634,0.01160708,0.15915119,0E-8,0.000000,0.908698,0.000000,-0.14789112,2026-04-14,2026-07-10,41,1122,472,88,0.465909,0.718364,0.719024,0.007821,,,,,,,,GLOBAL_BASELINE_NO_ENTITY_RANKING,,,NOT_APPLICABLE_GLOBAL_BASELINE,HF9g-P5,,,,X 全窗基线 · 不参与实体赏罚,8391962,840,A168_HF9F_20260827_0900,2026-08-27 09:00:00
2026-04-28,142615618,2248,0,44.4991231056,6.5439886920,6.5439886920,0.5000000,3,2,0.44778671428571429,0.403638725000,0.14849334620322863,0.27775789067037676,0.14849334620322863,0.04414798928571429,ELIGIBLE,R03b_20260811_FULL_v1,L1_ELIGIBILITY,v2026-08-11,2026-03-21..2026-08-06,baccarat_bet02_101_all_pairs_incl_sentinel,round_win = game_pnl > 0 (decisive only),COMPATIBILITY_ONLY_NOT_PRODUCTION,41482.8302,37695.3747,481.4946,2758,2236,-0.01160708,-0.15915119,-0.01126008,-0.01160708,-481.4946,41482.8302,OK,0.0000,19.2598,4.0000,96.0000,AG03-UNRESOLVED,ALL5_LEVELS_bet23_to_bet27,19.2598,19.2598,19.2598,24.0747,24.0747,4.000000,4.000000,4.000000,5.000000,5.000000,96.000000,96.000000,96.000000,95.000000,95.000000,5.0,105.9288,97.0336,375.5658,384.461,PENDING_AG03,FALSE,NOT_FOR_ENFORCEMENT,462.2348,36187.5597,481.4946,462.2348,19.2598,0.01160708,0.01114280,19.2598,462.2348,0.01114280,19.2598,19.2598,19.2598,24.0747,24.0747,462.2348,0.01114280,105.9288,97.0336,375.5658,384.461,0.00905352,0.00926795,0.00046428,15.0409,16.8584,0.2153,11.7438,0.4291,1011.7763,54.5366,10.8148,15.0547,10.2862,13.088,13.088,26.176,34.6568,52.3519,13.088,-5.1891,2.647988,4.0,1.149216,29,158,24,5,0.00234634,0.01160708,0.15915119,0E-8,0.000000,0.908698,0.000000,-0.14789112,2026-04-14,2026-07-10,41,1122,472,88,0.465909,0.718364,0.719024,0.007821,,,,,,,,GLOBAL_BASELINE_NO_ENTITY_RANKING,,,NOT_APPLICABLE_GLOBAL_BASELINE,HF9g-P5,,,,X 全窗基线 · 不参与实体赏罚,8391963,840,A168_HF9F_20260827_0900,2026-08-27 09:00:00
2026-04-28,142615618,2250,0,26.1759547680,-26.1759547680,-26.1759547680,0E-7,1,1,0.49324550000000000,0.493245500000,-0.9865810262130424,-0.9865810262130424,-0.9865810262130424,0E-17,ELIGIBLE,R03b_20260811_FULL_v1,L1_ELIGIBILITY,v2026-08-11,2026-03-21..2026-08-06,baccarat_bet02_101_all_pairs_incl_sentinel,round_win = game_pnl > 0 (decisive only),COMPATIBILITY_ONLY_NOT_PRODUCTION,41482.8302,37695.3747,481.4946,2758,2236,-0.01160708,-0.15915119,-0.01126008,-0.01160708,-481.4946,41482.8302,OK,0.0000,19.2598,4.0000,96.0000,AG03-UNRESOLVED,ALL5_LEVELS_bet23_to_bet27,19.2598,19.2598,19.2598,24.0747,24.0747,4.000000,4.000000,4.000000,5.000000,5.000000,96.000000,96.000000,96.000000,95.000000,95.000000,5.0,105.9288,97.0336,375.5658,384.461,PENDING_AG03,FALSE,NOT_FOR_ENFORCEMENT,462.2348,36187.5597,481.4946,462.2348,19.2598,0.01160708,0.01114280,19.2598,462.2348,0.01114280,19.2598,19.2598,19.2598,24.0747,24.0747,462.2348,0.01114280,105.9288,97.0336,375.5658,384.461,0.00905352,0.00926795,0.00046428,15.0409,16.8584,0.2153,11.7438,0.4291,1011.7763,54.5366,10.8148,15.0547,10.2862,13.088,13.088,26.176,34.6568,52.3519,13.088,-5.1891,2.647988,4.0,1.149216,29,158,24,5,0.00234634,0.01160708,0.15915119,0E-8,0.000000,0.908698,0.000000,-0.14789112,2026-04-14,2026-07-10,41,1122,472,88,0.465909,0.718364,0.719024,0.007821,,,,,,,,GLOBAL_BASELINE_NO_ENTITY_RANKING,,,NOT_APPLICABLE_GLOBAL_BASELINE,HF9g-P5,,,,X 全窗基线 · 不参与实体赏罚,8391964,840,A168_HF9F_20260827_0900,2026-08-27 09:00:00
2026-04-28,142615618,2252,0,13.0879773840,13.0879773840,13.0879773840,1.0000000,1,1,0.49324550000000000,0.493245500000,1.01360149184955,1.01360149184955,1.01360149184955,0E-17,ELIGIBLE,R03b_20260811_FULL_v1,L1_ELIGIBILITY,v2026-08-11,2026-03-21..2026-08-06,baccarat_bet02_101_all_pairs_incl_sentinel,round_win = game_pnl > 0 (decisive only),COMPATIBILITY_ONLY_NOT_PRODUCTION,41482.8302,37695.3747,481.4946,2758,2236,-0.01160708,-0.15915119,-0.01126008,-0.01160708,-481.4946,41482.8302,OK,0.0000,19.2598,4.0000,96.0000,AG03-UNRESOLVED,ALL5_LEVELS_bet23_to_bet27,19.2598,19.2598,19.2598,24.0747,24.0747,4.000000,4.000000,4.000000,5.000000,5.000000,96.000000,96.000000,96.000000,95.000000,95.000000,5.0,105.9288,97.0336,375.5658,384.461,PENDING_AG03,FALSE,NOT_FOR_ENFORCEMENT,462.2348,36187.5597,481.4946,462.2348,19.2598,0.01160708,0.01114280,19.2598,462.2348,0.01114280,19.2598,19.2598,19.2598,24.0747,24.0747,462.2348,0.01114280,105.9288,97.0336,375.5658,384.461,0.00905352,0.00926795,0.00046428,15.0409,16.8584,0.2153,11.7438,0.4291,1011.7763,54.5366,10.8148,15.0547,10.2862,13.088,13.088,26.176,34.6568,52.3519,13.088,-5.1891,2.647988,4.0,1.149216,29,158,24,5,0.00234634,0.01160708,0.15915119,0E-8,0.000000,0.908698,0.000000,-0.14789112,2026-04-14,2026-07-10,41,1122,472,88,0.465909,0.718364,0.719024,0.007821,,,,,,,,GLOBAL_BASELINE_NO_ENTITY_RANKING,,,NOT_APPLICABLE_GLOBAL_BASELINE,HF9g-P5,,,,X 全窗基线 · 不参与实体赏罚,8391965,840,A168_HF9F_20260827_0900,2026-08-27 09:00:00
2026-04-28,142615618,2261,0,26.1759547680,26.1759547680,26.1759547680,1.0000000,1,1,0.49324550000000000,0.493245500000,1.01360149184955,1.01360149184955,1.01360149184955,0E-17,ELIGIBLE,R03b_20260811_FULL_v1,L1_ELIGIBILITY,v2026-08-11,2026-03-21..2026-08-06,baccarat_bet02_101_all_pairs_incl_sentinel,round_win = game_pnl > 0 (decisive only),COMPATIBILITY_ONLY_NOT_PRODUCTION,41482.8302,37695.3747,481.4946,2758,2236,-0.01160708,-0.15915119,-0.01126008,-0.01160708,-481.4946,41482.8302,OK,0.0000,19.2598,4.0000,96.0000,AG03-UNRESOLVED,ALL5_LEVELS_bet23_to_bet27,19.2598,19.2598,19.2598,24.0747,24.0747,4.000000,4.000000,4.000000,5.000000,5.000000,96.000000,96.000000,96.000000,95.000000,95.000000,5.0,105.9288,97.0336,375.5658,384.461,PENDING_AG03,FALSE,NOT_FOR_ENFORCEMENT,462.2348,36187.5597,481.4946,462.2348,19.2598,0.01160708,0.01114280,19.2598,462.2348,0.01114280,19.2598,19.2598,19.2598,24.0747,24.0747,462.2348,0.01114280,105.9288,97.0336,375.5658,384.461,0.00905352,0.00926795,0.00046428,15.0409,16.8584,0.2153,11.7438,0.4291,1011.7763,54.5366,10.8148,15.0547,10.2862,13.088,13.088,26.176,34.6568,52.3519,13.088,-5.1891,2.647988,4.0,1.149216,29,158,24,5,0.00234634,0.01160708,0.15915119,0E-8,0.000000,0.908698,0.000000,-0.14789112,2026-04-14,2026-07-10,41,1122,472,88,0.465909,0.718364,0.719024,0.007821,,,,,,,,GLOBAL_BASELINE_NO_ENTITY_RANKING,,,NOT_APPLICABLE_GLOBAL_BASELINE,HF9g-P5,,,,X 全窗基线 · 不参与实体赏罚,8391966,840,A168_HF9F_20260827_0900,2026-08-27 09:00:00
2026-04-28,142615618,2266,0,54.9695050128,-44.4991231056,-44.4991231056,0E-7,5,4,0.46477102142857143,0.443415162500,-1.6140253025386533,-1.5459669727577725,-1.6140253025386533,0.02135585892857143,ELIGIBLE,R03b_20260811_FULL_v1,L1_ELIGIBILITY,v2026-08-11,2026-03-21..2026-08-06,baccarat_bet02_101_all_pairs_incl_sentinel,round_win = game_pnl > 0 (decisive only),COMPATIBILITY_ONLY_NOT_PRODUCTION,41482.8302,37695.3747,481.4946,2758,2236,-0.01160708,-0.15915119,-0.01126008,-0.01160708,-481.4946,41482.8302,OK,0.0000,19.2598,4.0000,96.0000,AG03-UNRESOLVED,ALL5_LEVELS_bet23_to_bet27,19.2598,19.2598,19.2598,24.0747,24.0747,4.000000,4.000000,4.000000,5.000000,5.000000,96.000000,96.000000,96.000000,95.000000,95.000000,5.0,105.9288,97.0336,375.5658,384.461,PENDING_AG03,FALSE,NOT_FOR_ENFORCEMENT,462.2348,36187.5597,481.4946,462.2348,19.2598,0.01160708,0.01114280,19.2598,462.2348,0.01114280,19.2598,19.2598,19.2598,24.0747,24.0747,462.2348,0.01114280,105.9288,97.0336,375.5658,384.461,0.00905352,0.00926795,0.00046428,15.0409,16.8584,0.2153,11.7438,0.4291,1011.7763,54.5366,10.8148,15.0547,10.2862,13.088,13.088,26.176,34.6568,52.3519,13.088,-5.1891,2.647988,4.0,1.149216,29,158,24,5,0.00234634,0.01160708,0.15915119,0E-8,0.000000,0.908698,0.000000,-0.14789112,2026-04-14,2026-07-10,41,1122,472,88,0.465909,0.718364,0.719024,0.007821,,,,,,,,GLOBAL_BASELINE_NO_ENTITY_RANKING,,,NOT_APPLICABLE_GLOBAL_BASELINE,HF9g-P5,,,,X 全窗基线 · 不参与实体赏罚,8391967,840,A168_HF9F_20260827_0900,2026-08-27 09:00:00
2026-04-28,142615618,2271,0,36.6463366752,0E-10,0E-10,0.5000000,4,3,0.43127345000000000,0.431273450000,0.19625079655879635,0.19625079655879635,0.19625079655879635,0E-17,ELIGIBLE,R03b_20260811_FULL_v1,L1_ELIGIBILITY,v2026-08-11,2026-03-21..2026-08-06,baccarat_bet02_101_all_pairs_incl_sentinel,round_win = game_pnl > 0 (decisive only),COMPATIBILITY_ONLY_NOT_PRODUCTION,41482.8302,37695.3747,481.4946,2758,2236,-0.01160708,-0.15915119,-0.01126008,-0.01160708,-481.4946,41482.8302,OK,0.0000,19.2598,4.0000,96.0000,AG03-UNRESOLVED,ALL5_LEVELS_bet23_to_bet27,19.2598,19.2598,19.2598,24.0747,24.0747,4.000000,4.000000,4.000000,5.000000,5.000000,96.000000,96.000000,96.000000,95.000000,95.000000,5.0,105.9288,97.0336,375.5658,384.461,PENDING_AG03,FALSE,NOT_FOR_ENFORCEMENT,462.2348,36187.5597,481.4946,462.2348,19.2598,0.01160708,0.01114280,19.2598,462.2348,0.01114280,19.2598,19.2598,19.2598,24.0747,24.0747,462.2348,0.01114280,105.9288,97.0336,375.5658,384.461,0.00905352,0.00926795,0.00046428,15.0409,16.8584,0.2153,11.7438,0.4291,1011.7763,54.5366,10.8148,15.0547,10.2862,13.088,13.088,26.176,34.6568,52.3519,13.088,-5.1891,2.647988,4.0,1.149216,29,158,24,5,0.00234634,0.01160708,0.15915119,0E-8,0.000000,0.908698,0.000000,-0.14789112,2026-04-14,2026-07-10,41,1122,472,88,0.465909,0.718364,0.719024,0.007821,,,,,,,,GLOBAL_BASELINE_NO_ENTITY_RANKING,,,NOT_APPLICABLE_GLOBAL_BASELINE,HF9g-P5,,,,X 全窗基线 · 不参与实体赏罚,8391968,840,A168_HF9F_20260827_0900,2026-08-27 09:00:00
2026-04-28,142615618,462,0,23.5583592912,-2.6175954768,-2.6175954768,0.5000000,2,2,0.49994810000000000,0.499948100000,0.00014679536856514622,0.00014679536856514622,0.00014679536856514622,0E-17,ELIGIBLE,R03b_20260811_FULL_v1,L1_ELIGIBILITY,v2026-08-11,2026-03-21..2026-08-06,baccarat_bet02_101_all_pairs_incl_sentinel,round_win = game_pnl > 0 (decisive only),COMPATIBILITY_ONLY_NOT_PRODUCTION,41482.8302,37695.3747,481.4946,2758,2236,-0.01160708,-0.15915119,-0.01126008,-0.01160708,-481.4946,41482.8302,OK,0.0000,19.2598,4.0000,96.0000,AG03-UNRESOLVED,ALL5_LEVELS_bet23_to_bet27,19.2598,19.2598,19.2598,24.0747,24.0747,4.000000,4.000000,4.000000,5.000000,5.000000,96.000000,96.000000,96.000000,95.000000,95.000000,5.0,105.9288,97.0336,375.5658,384.461,PENDING_AG03,FALSE,NOT_FOR_ENFORCEMENT,462.2348,36187.5597,481.4946,462.2348,19.2598,0.01160708,0.01114280,19.2598,462.2348,0.01114280,19.2598,19.2598,19.2598,24.0747,24.0747,462.2348,0.01114280,105.9288,97.0336,375.5658,384.461,0.00905352,0.00926795,0.00046428,15.0409,16.8584,0.2153,11.7438,0.4291,1011.7763,54.5366,10.8148,15.0547,10.2862,13.088,13.088,26.176,34.6568,52.3519,13.088,-5.1891,2.647988,4.0,1.149216,29,158,24,5,0.00234634,0.01160708,0.15915119,0E-8,0.000000,0.908698,0.000000,-0.14789112,2026-04-14,2026-07-10,41,1122,472,88,0.465909,0.718364,0.719024,0.007821,,,,,,,,GLOBAL_BASELINE_NO_ENTITY_RANKING,,,NOT_APPLICABLE_GLOBAL_BASELINE,HF9g-P5,,,,X 全窗基线 · 不参与实体赏罚,8391969,840,A168_HF9F_20260827_0900,2026-08-27 09:00:00
2026-04-28,142615618,526,0,34.0287411984,-23.8201188389,-23.8201188389,0.3333333,4,3,0.45193080000000000,0.429039250000,-0.4127455229165406,-0.3349251612454109,-0.4127455229165406,0.02289155000000000,ELIGIBLE,R03b_20260811_FULL_v1,L1_ELIGIBILITY,v2026-08-11,2026-03-21..2026-08-06,baccarat_bet02_101_all_pairs_incl_sentinel,round_win = game_pnl > 0 (decisive only),COMPATIBILITY_ONLY_NOT_PRODUCTION,41482.8302,37695.3747,481.4946,2758,2236,-0.01160708,-0.15915119,-0.01126008,-0.01160708,-481.4946,41482.8302,OK,0.0000,19.2598,4.0000,96.0000,AG03-UNRESOLVED,ALL5_LEVELS_bet23_to_bet27,19.2598,19.2598,19.2598,24.0747,24.0747,4.000000,4.000000,4.000000,5.000000,5.000000,96.000000,96.000000,96.000000,95.000000,95.000000,5.0,105.9288,97.0336,375.5658,384.461,PENDING_AG03,FALSE,NOT_FOR_ENFORCEMENT,462.2348,36187.5597,481.4946,462.2348,19.2598,0.01160708,0.01114280,19.2598,462.2348,0.01114280,19.2598,19.2598,19.2598,24.0747,24.0747,462.2348,0.01114280,105.9288,97.0336,375.5658,384.461,0.00905352,0.00926795,0.00046428,15.0409,16.8584,0.2153,11.7438,0.4291,1011.7763,54.5366,10.8148,15.0547,10.2862,13.088,13.088,26.176,34.6568,52.3519,13.088,-5.1891,2.647988,4.0,1.149216,29,158,24,5,0.00234634,0.01160708,0.15915119,0E-8,0.000000,0.908698,0.000000,-0.14789112,2026-04-14,2026-07-10,41,1122,472,88,0.465909,0.718364,0.719024,0.007821,,,,,,,,GLOBAL_BASELINE_NO_ENTITY_RANKING,,,NOT_APPLICABLE_GLOBAL_BASELINE,HF9g-P5,,,,X 全窗基线 · 不参与实体赏罚,8391970,840,A168_HF9F_20260827_0900,2026-08-27 09:00:00
2026-04-28,142615618,550,0,91.6158416880,0E-10,0E-10,0.5000000,4,4,0.49324550000000000,0.493245500000,0.01910635448239258,0.01910635448239258,0.01910635448239258,0E-17,ELIGIBLE,R03b_20260811_FULL_v1,L1_ELIGIBILITY,v2026-08-11,2026-03-21..2026-08-06,baccarat_bet02_101_all_pairs_incl_sentinel,round_win = game_pnl > 0 (decisive only),COMPATIBILITY_ONLY_NOT_PRODUCTION,41482.8302,37695.3747,481.4946,2758,2236,-0.01160708,-0.15915119,-0.01126008,-0.01160708,-481.4946,41482.8302,OK,0.0000,19.2598,4.0000,96.0000,AG03-UNRESOLVED,ALL5_LEVELS_bet23_to_bet27,19.2598,19.2598,19.2598,24.0747,24.0747,4.000000,4.000000,4.000000,5.000000,5.000000,96.000000,96.000000,96.000000,95.000000,95.000000,5.0,105.9288,97.0336,375.5658,384.461,PENDING_AG03,FALSE,NOT_FOR_ENFORCEMENT,462.2348,36187.5597,481.4946,462.2348,19.2598,0.01160708,0.01114280,19.2598,462.2348,0.01114280,19.2598,19.2598,19.2598,24.0747,24.0747,462.2348,0.01114280,105.9288,97.0336,375.5658,384.461,0.00905352,0.00926795,0.00046428,15.0409,16.8584,0.2153,11.7438,0.4291,1011.7763,54.5366,10.8148,15.0547,10.2862,13.088,13.088,26.176,34.6568,52.3519,13.088,-5.1891,2.647988,4.0,1.149216,29,158,24,5,0.00234634,0.01160708,0.15915119,0E-8,0.000000,0.908698,0.000000,-0.14789112,2026-04-14,2026-07-10,41,1122,472,88,0.465909,0.718364,0.719024,0.007821,,,,,,,,GLOBAL_BASELINE_NO_ENTITY_RANKING,,,NOT_APPLICABLE_GLOBAL_BASELINE,HF9g-P5,,,,X 全窗基线 · 不参与实体赏罚,8391971,840,A168_HF9F_20260827_0900,2026-08-27 09:00:00
2026-04-28,142615618,595,0,104.7038190719,-39.2639321519,-39.2639321519,0.3333333,4,4,0.49659680000000000,0.496596800000,-0.5655743394288276,-0.5655743394288276,-0.5655743394288276,0E-17,ELIGIBLE,R03b_20260811_FULL_v1,L1_ELIGIBILITY,v2026-08-11,2026-03-21..2026-08-06,baccarat_bet02_101_all_pairs_incl_sentinel,round_win = game_pnl > 0 (decisive only),COMPATIBILITY_ONLY_NOT_PRODUCTION,41482.8302,37695.3747,481.4946,2758,2236,-0.01160708,-0.15915119,-0.01126008,-0.01160708,-481.4946,41482.8302,OK,0.0000,19.2598,4.0000,96.0000,AG03-UNRESOLVED,ALL5_LEVELS_bet23_to_bet27,19.2598,19.2598,19.2598,24.0747,24.0747,4.000000,4.000000,4.000000,5.000000,5.000000,96.000000,96.000000,96.000000,95.000000,95.000000,5.0,105.9288,97.0336,375.5658,384.461,PENDING_AG03,FALSE,NOT_FOR_ENFORCEMENT,462.2348,36187.5597,481.4946,462.2348,19.2598,0.01160708,0.01114280,19.2598,462.2348,0.01114280,19.2598,19.2598,19.2598,24.0747,24.0747,462.2348,0.01114280,105.9288,97.0336,375.5658,384.461,0.00905352,0.00926795,0.00046428,15.0409,16.8584,0.2153,11.7438,0.4291,1011.7763,54.5366,10.8148,15.0547,10.2862,13.088,13.088,26.176,34.6568,52.3519,13.088,-5.1891,2.647988,4.0,1.149216,29,158,24,5,0.00234634,0.01160708,0.15915119,0E-8,0.000000,0.908698,0.000000,-0.14789112,2026-04-14,2026-07-10,41,1122,472,88,0.465909,0.718364,0.719024,0.007821,,,,,,,,GLOBAL_BASELINE_NO_ENTITY_RANKING,,,NOT_APPLICABLE_GLOBAL_BASELINE,HF9g-P5,,,,X 全窗基线 · 不参与实体赏罚,8391972,840,A168_HF9F_20260827_0900,2026-08-27 09:00:00
2026-04-28,142615618,752,0,65.4398869199,-39.9183310211,-39.9183310211,0.5000000,2,2,0.49994810000000000,0.499948100000,0.00014679536856514622,0.00014679536856514622,0.00014679536856514622,0E-17,ELIGIBLE,R03b_20260811_FULL_v1,L1_ELIGIBILITY,v2026-08-11,2026-03-21..2026-08-06,baccarat_bet02_101_all_pairs_incl_sentinel,round_win = game_pnl > 0 (decisive only),COMPATIBILITY_ONLY_NOT_PRODUCTION,41482.8302,37695.3747,481.4946,2758,2236,-0.01160708,-0.15915119,-0.01126008,-0.01160708,-481.4946,41482.8302,OK,0.0000,19.2598,4.0000,96.0000,AG03-UNRESOLVED,ALL5_LEVELS_bet23_to_bet27,19.2598,19.2598,19.2598,24.0747,24.0747,4.000000,4.000000,4.000000,5.000000,5.000000,96.000000,96.000000,96.000000,95.000000,95.000000,5.0,105.9288,97.0336,375.5658,384.461,PENDING_AG03,FALSE,NOT_FOR_ENFORCEMENT,462.2348,36187.5597,481.4946,462.2348,19.2598,0.01160708,0.01114280,19.2598,462.2348,0.01114280,19.2598,19.2598,19.2598,24.0747,24.0747,462.2348,0.01114280,105.9288,97.0336,375.5658,384.461,0.00905352,0.00926795,0.00046428,15.0409,16.8584,0.2153,11.7438,0.4291,1011.7763,54.5366,10.8148,15.0547,10.2862,13.088,13.088,26.176,34.6568,52.3519,13.088,-5.1891,2.647988,4.0,1.149216,29,158,24,5,0.00234634,0.01160708,0.15915119,0E-8,0.000000,0.908698,0.000000,-0.14789112,2026-04-14,2026-07-10,41,1122,472,88,0.465909,0.718364,0.719024,0.007821,,,,,,,,GLOBAL_BASELINE_NO_ENTITY_RANKING,,,NOT_APPLICABLE_GLOBAL_BASELINE,HF9g-P5,,,,X 全窗基线 · 不参与实体赏罚,8391973,840,A168_HF9F_20260827_0900,2026-08-27 09:00:00
2026-04-28,142615618,789,0,26.1759547680,-26.1759547680,-26.1759547680,0E-7,1,1,0.49324550000000000,0.493245500000,-0.9865810262130424,-0.9865810262130424,-0.9865810262130424,0E-17,ELIGIBLE,R03b_20260811_FULL_v1,L1_ELIGIBILITY,v2026-08-11,2026-03-21..2026-08-06,baccarat_bet02_101_all_pairs_incl_sentinel,round_win = game_pnl > 0 (decisive only),COMPATIBILITY_ONLY_NOT_PRODUCTION,41482.8302,37695.3747,481.4946,2758,2236,-0.01160708,-0.15915119,-0.01126008,-0.01160708,-481.4946,41482.8302,OK,0.0000,19.2598,4.0000,96.0000,AG03-UNRESOLVED,ALL5_LEVELS_bet23_to_bet27,19.2598,19.2598,19.2598,24.0747,24.0747,4.000000,4.000000,4.000000,5.000000,5.000000,96.000000,96.000000,96.000000,95.000000,95.000000,5.0,105.9288,97.0336,375.5658,384.461,PENDING_AG03,FALSE,NOT_FOR_ENFORCEMENT,462.2348,36187.5597,481.4946,462.2348,19.2598,0.01160708,0.01114280,19.2598,462.2348,0.01114280,19.2598,19.2598,19.2598,24.0747,24.0747,462.2348,0.01114280,105.9288,97.0336,375.5658,384.461,0.00905352,0.00926795,0.00046428,15.0409,16.8584,0.2153,11.7438,0.4291,1011.7763,54.5366,10.8148,15.0547,10.2862,13.088,13.088,26.176,34.6568,52.3519,13.088,-5.1891,2.647988,4.0,1.149216,29,158,24,5,0.00234634,0.01160708,0.15915119,0E-8,0.000000,0.908698,0.000000,-0.14789112,2026-04-14,2026-07-10,41,1122,472,88,0.465909,0.718364,0.719024,0.007821,,,,,,,,GLOBAL_BASELINE_NO_ENTITY_RANKING,,,NOT_APPLICABLE_GLOBAL_BASELINE,HF9g-P5,,,,X 全窗基线 · 不参与实体赏罚,8391974,840,A168_HF9F_20260827_0900,2026-08-27 09:00:00
2026-04-28,142615618,801,0,13.0879773840,12.4335785148,12.4335785148,1.0000000,1,1,0.50665070000000000,0.506650700000,0.9867858985152569,0.9867858985152569,0.9867858985152569,0E-17,ELIGIBLE,R03b_20260811_FULL_v1,L1_ELIGIBILITY,v2026-08-11,2026-03-21..2026-08-06,baccarat_bet02_101_all_pairs_incl_sentinel,round_win = game_pnl > 0 (decisive only),COMPATIBILITY_ONLY_NOT_PRODUCTION,41482.8302,37695.3747,481.4946,2758,2236,-0.01160708,-0.15915119,-0.01126008,-0.01160708,-481.4946,41482.8302,OK,0.0000,19.2598,4.0000,96.0000,AG03-UNRESOLVED,ALL5_LEVELS_bet23_to_bet27,19.2598,19.2598,19.2598,24.0747,24.0747,4.000000,4.000000,4.000000,5.000000,5.000000,96.000000,96.000000,96.000000,95.000000,95.000000,5.0,105.9288,97.0336,375.5658,384.461,PENDING_AG03,FALSE,NOT_FOR_ENFORCEMENT,462.2348,36187.5597,481.4946,462.2348,19.2598,0.01160708,0.01114280,19.2598,462.2348,0.01114280,19.2598,19.2598,19.2598,24.0747,24.0747,462.2348,0.01114280,105.9288,97.0336,375.5658,384.461,0.00905352,0.00926795,0.00046428,15.0409,16.8584,0.2153,11.7438,0.4291,1011.7763,54.5366,10.8148,15.0547,10.2862,13.088,13.088,26.176,34.6568,52.3519,13.088,-5.1891,2.647988,4.0,1.149216,29,158,24,5,0.00234634,0.01160708,0.15915119,0E-8,0.000000,0.908698,0.000000,-0.14789112,2026-04-14,2026-07-10,41,1122,472,88,0.465909,0.718364,0.719024,0.007821,,,,,,,,GLOBAL_BASELINE_NO_ENTITY_RANKING,,,NOT_APPLICABLE_GLOBAL_BASELINE,HF9g-P5,,,,X 全窗基线 · 不参与实体赏罚,8391975,840,A168_HF9F_20260827_0900,2026-08-27 09:00:00
2026-04-28,142615618,986,0,70.6750778736,-19.6319660760,-19.6319660760,0.4000000,6,5,0.47774302571428571,0.460083830000,-0.3480223532099422,-0.2695634206013008,-0.3480223532099422,0.01765919571428571,ELIGIBLE,R03b_20260811_FULL_v1,L1_ELIGIBILITY,v2026-08-11,2026-03-21..2026-08-06,baccarat_bet02_101_all_pairs_incl_sentinel,round_win = game_pnl > 0 (decisive only),COMPATIBILITY_ONLY_NOT_PRODUCTION,41482.8302,37695.3747,481.4946,2758,2236,-0.01160708,-0.15915119,-0.01126008,-0.01160708,-481.4946,41482.8302,OK,0.0000,19.2598,4.0000,96.0000,AG03-UNRESOLVED,ALL5_LEVELS_bet23_to_bet27,19.2598,19.2598,19.2598,24.0747,24.0747,4.000000,4.000000,4.000000,5.000000,5.000000,96.000000,96.000000,96.000000,95.000000,95.000000,5.0,105.9288,97.0336,375.5658,384.461,PENDING_AG03,FALSE,NOT_FOR_ENFORCEMENT,462.2348,36187.5597,481.4946,462.2348,19.2598,0.01160708,0.01114280,19.2598,462.2348,0.01114280,19.2598,19.2598,19.2598,24.0747,24.0747,462.2348,0.01114280,105.9288,97.0336,375.5658,384.461,0.00905352,0.00926795,0.00046428,15.0409,16.8584,0.2153,11.7438,0.4291,1011.7763,54.5366,10.8148,15.0547,10.2862,13.088,13.088,26.176,34.6568,52.3519,13.088,-5.1891,2.647988,4.0,1.149216,29,158,24,5,0.00234634,0.01160708,0.15915119,0E-8,0.000000,0.908698,0.000000,-0.14789112,2026-04-14,2026-07-10,41,1122,472,88,0.465909,0.718364,0.719024,0.007821,,,,,,,,GLOBAL_BASELINE_NO_ENTITY_RANKING,,,NOT_APPLICABLE_GLOBAL_BASELINE,HF9g-P5,,,,X 全窗基线 · 不参与实体赏罚,8391976,840,A168_HF9F_20260827_0900,2026-08-27 09:00:00
2026-04-29,142615618,-1,1,739.4707221957,-130.8797738401,-130.8797738401,0.4062500,42,34,0.47467383560924370,0.456742863235,-0.7751223186234085,-0.5734114784491672,-0.7751223186234085,0.01793097237424370,SENTINEL_DEALER,R03b_20260811_FULL_v1,L1_ELIGIBILITY,v2026-08-11,2026-03-21..2026-08-06,baccarat_bet02_101_all_pairs_incl_sentinel,round_win = game_pnl > 0 (decisive only),COMPATIBILITY_ONLY_NOT_PRODUCTION,41482.8302,37695.3747,481.4946,2758,2236,-0.01160708,-0.15915119,-0.01126008,-0.01160708,-481.4946,41482.8302,OK,0.0000,19.2598,4.0000,96.0000,AG03-UNRESOLVED,ALL5_LEVELS_bet23_to_bet27,19.2598,19.2598,19.2598,24.0747,24.0747,4.000000,4.000000,4.000000,5.000000,5.000000,96.000000,96.000000,96.000000,95.000000,95.000000,5.0,105.9288,97.0336,375.5658,384.461,PENDING_AG03,FALSE,NOT_FOR_ENFORCEMENT,462.2348,36187.5597,481.4946,462.2348,19.2598,0.01160708,0.01114280,19.2598,462.2348,0.01114280,19.2598,19.2598,19.2598,24.0747,24.0747,462.2348,0.01114280,105.9288,97.0336,375.5658,384.461,0.00905352,0.00926795,0.00046428,15.0409,16.8584,0.2153,11.7438,0.4291,1011.7763,54.5366,10.8148,15.0547,10.2862,13.088,13.088,26.176,34.6568,52.3519,13.088,-5.1891,2.647988,4.0,1.149216,29,158,24,5,0.00234634,0.01160708,0.15915119,0E-8,0.000000,0.908698,0.000000,-0.14789112,2026-04-14,2026-07-10,41,1122,472,88,0.465909,0.718364,0.719024,0.007821,,,,,,,,GLOBAL_BASELINE_NO_ENTITY_RANKING,,,NOT_APPLICABLE_GLOBAL_BASELINE,HF9g-P5,,,,X 全窗基线 · 不参与实体赏罚,8391977,840,A168_HF9F_20260827_0900,2026-08-27 09:00:00
2026-04-29,142615618,1094,0,52.3519095359,49.7343140591,49.7343140591,1.0000000,1,1,0.50665070000000000,0.506650700000,0.9867858985152569,0.9867858985152569,0.9867858985152569,0E-17,ELIGIBLE,R03b_20260811_FULL_v1,L1_ELIGIBILITY,v2026-08-11,2026-03-21..2026-08-06,baccarat_bet02_101_all_pairs_incl_sentinel,round_win = game_pnl > 0 (decisive only),COMPATIBILITY_ONLY_NOT_PRODUCTION,41482.8302,37695.3747,481.4946,2758,2236,-0.01160708,-0.15915119,-0.01126008,-0.01160708,-481.4946,41482.8302,OK,0.0000,19.2598,4.0000,96.0000,AG03-UNRESOLVED,ALL5_LEVELS_bet23_to_bet27,19.2598,19.2598,19.2598,24.0747,24.0747,4.000000,4.000000,4.000000,5.000000,5.000000,96.000000,96.000000,96.000000,95.000000,95.000000,5.0,105.9288,97.0336,375.5658,384.461,PENDING_AG03,FALSE,NOT_FOR_ENFORCEMENT,462.2348,36187.5597,481.4946,462.2348,19.2598,0.01160708,0.01114280,19.2598,462.2348,0.01114280,19.2598,19.2598,19.2598,24.0747,24.0747,462.2348,0.01114280,105.9288,97.0336,375.5658,384.461,0.00905352,0.00926795,0.00046428,15.0409,16.8584,0.2153,11.7438,0.4291,1011.7763,54.5366,10.8148,15.0547,10.2862,13.088,13.088,26.176,34.6568,52.3519,13.088,-5.1891,2.647988,4.0,1.149216,29,158,24,5,0.00234634,0.01160708,0.15915119,0E-8,0.000000,0.908698,0.000000,-0.14789112,2026-04-14,2026-07-10,41,1122,472,88,0.465909,0.718364,0.719024,0.007821,,,,,,,,GLOBAL_BASELINE_NO_ENTITY_RANKING,,,NOT_APPLICABLE_GLOBAL_BASELINE,HF9g-P5,,,,X 全窗基线 · 不参与实体赏罚,8391978,840,A168_HF9F_20260827_0900,2026-08-27 09:00:00
2026-04-29,142615618,1307,0,30.8876266262,-10.4703819072,-10.4703819072,0.5000000,2,2,0.50665070000000000,0.506650700000,-0.018812684590367487,-0.018812684590367487,-0.018812684590367487,0E-17,ELIGIBLE,R03b_20260811_FULL_v1,L1_ELIGIBILITY,v2026-08-11,2026-03-21..2026-08-06,baccarat_bet02_101_all_pairs_incl_sentinel,round_win = game_pnl > 0 (decisive only),COMPATIBILITY_ONLY_NOT_PRODUCTION,41482.8302,37695.3747,481.4946,2758,2236,-0.01160708,-0.15915119,-0.01126008,-0.01160708,-481.4946,41482.8302,OK,0.0000,19.2598,4.0000,96.0000,AG03-UNRESOLVED,ALL5_LEVELS_bet23_to_bet27,19.2598,19.2598,19.2598,24.0747,24.0747,4.000000,4.000000,4.000000,5.000000,5.000000,96.000000,96.000000,96.000000,95.000000,95.000000,5.0,105.9288,97.0336,375.5658,384.461,PENDING_AG03,FALSE,NOT_FOR_ENFORCEMENT,462.2348,36187.5597,481.4946,462.2348,19.2598,0.01160708,0.01114280,19.2598,462.2348,0.01114280,19.2598,19.2598,19.2598,24.0747,24.0747,462.2348,0.01114280,105.9288,97.0336,375.5658,384.461,0.00905352,0.00926795,0.00046428,15.0409,16.8584,0.2153,11.7438,0.4291,1011.7763,54.5366,10.8148,15.0547,10.2862,13.088,13.088,26.176,34.6568,52.3519,13.088,-5.1891,2.647988,4.0,1.149216,29,158,24,5,0.00234634,0.01160708,0.15915119,0E-8,0.000000,0.908698,0.000000,-0.14789112,2026-04-14,2026-07-10,41,1122,472,88,0.465909,0.718364,0.719024,0.007821,,,,,,,,GLOBAL_BASELINE_NO_ENTITY_RANKING,,,NOT_APPLICABLE_GLOBAL_BASELINE,HF9g-P5,,,,X 全窗基线 · 不参与实体赏罚,8391979,840,A168_HF9F_20260827_0900,2026-08-27 09:00:00
2026-04-29,142615618,1353,0,26.1759547680,-0.6543988692,-0.6543988692,0.5000000,2,2,0.50665070000000000,0.506650700000,-0.018812684590367487,-0.018812684590367487,-0.018812684590367487,0E-17,ELIGIBLE,R03b_20260811_FULL_v1,L1_ELIGIBILITY,v2026-08-11,2026-03-21..2026-08-06,baccarat_bet02_101_all_pairs_incl_sentinel,round_win = game_pnl > 0 (decisive only),COMPATIBILITY_ONLY_NOT_PRODUCTION,41482.8302,37695.3747,481.4946,2758,2236,-0.01160708,-0.15915119,-0.01126008,-0.01160708,-481.4946,41482.8302,OK,0.0000,19.2598,4.0000,96.0000,AG03-UNRESOLVED,ALL5_LEVELS_bet23_to_bet27,19.2598,19.2598,19.2598,24.0747,24.0747,4.000000,4.000000,4.000000,5.000000,5.000000,96.000000,96.000000,96.000000,95.000000,95.000000,5.0,105.9288,97.0336,375.5658,384.461,PENDING_AG03,FALSE,NOT_FOR_ENFORCEMENT,462.2348,36187.5597,481.4946,462.2348,19.2598,0.01160708,0.01114280,19.2598,462.2348,0.01114280,19.2598,19.2598,19.2598,24.0747,24.0747,462.2348,0.01114280,105.9288,97.0336,375.5658,384.461,0.00905352,0.00926795,0.00046428,15.0409,16.8584,0.2153,11.7438,0.4291,1011.7763,54.5366,10.8148,15.0547,10.2862,13.088,13.088,26.176,34.6568,52.3519,13.088,-5.1891,2.647988,4.0,1.149216,29,158,24,5,0.00234634,0.01160708,0.15915119,0E-8,0.000000,0.908698,0.000000,-0.14789112,2026-04-14,2026-07-10,41,1122,472,88,0.465909,0.718364,0.719024,0.007821,,,,,,,,GLOBAL_BASELINE_NO_ENTITY_RANKING,,,NOT_APPLICABLE_GLOBAL_BASELINE,HF9g-P5,,,,X 全窗基线 · 不参与实体赏罚,8391980,840,A168_HF9F_20260827_0900,2026-08-27 09:00:00
2026-04-29,142615618,1490,0,26.1759547680,-26.1759547680,-26.1759547680,0E-7,1,1,0.50665070000000000,0.506650700000,-1.013391052207602,-1.013391052207602,-1.013391052207602,0E-17,ELIGIBLE,R03b_20260811_FULL_v1,L1_ELIGIBILITY,v2026-08-11,2026-03-21..2026-08-06,baccarat_bet02_101_all_pairs_incl_sentinel,round_win = game_pnl > 0 (decisive only),COMPATIBILITY_ONLY_NOT_PRODUCTION,41482.8302,37695.3747,481.4946,2758,2236,-0.01160708,-0.15915119,-0.01126008,-0.01160708,-481.4946,41482.8302,OK,0.0000,19.2598,4.0000,96.0000,AG03-UNRESOLVED,ALL5_LEVELS_bet23_to_bet27,19.2598,19.2598,19.2598,24.0747,24.0747,4.000000,4.000000,4.000000,5.000000,5.000000,96.000000,96.000000,96.000000,95.000000,95.000000,5.0,105.9288,97.0336,375.5658,384.461,PENDING_AG03,FALSE,NOT_FOR_ENFORCEMENT,462.2348,36187.5597,481.4946,462.2348,19.2598,0.01160708,0.01114280,19.2598,462.2348,0.01114280,19.2598,19.2598,19.2598,24.0747,24.0747,462.2348,0.01114280,105.9288,97.0336,375.5658,384.461,0.00905352,0.00926795,0.00046428,15.0409,16.8584,0.2153,11.7438,0.4291,1011.7763,54.5366,10.8148,15.0547,10.2862,13.088,13.088,26.176,34.6568,52.3519,13.088,-5.1891,2.647988,4.0,1.149216,29,158,24,5,0.00234634,0.01160708,0.15915119,0E-8,0.000000,0.908698,0.000000,-0.14789112,2026-04-14,2026-07-10,41,1122,472,88,0.465909,0.718364,0.719024,0.007821,,,,,,,,GLOBAL_BASELINE_NO_ENTITY_RANKING,,,NOT_APPLICABLE_GLOBAL_BASELINE,HF9g-P5,,,,X 全窗基线 · 不参与实体赏罚,8391981,840,A168_HF9F_20260827_0900,2026-08-27 09:00:00
2026-04-29,142615618,1623,0,130.8797738400,25.5215558988,25.5215558988,0.6666667,8,8,0.49492115000000000,0.494921150000,0.841421172450346,0.841421172450346,0.841421172450346,0E-17,ELIGIBLE,R03b_20260811_FULL_v1,L1_ELIGIBILITY,v2026-08-11,2026-03-21..2026-08-06,baccarat_bet02_101_all_pairs_incl_sentinel,round_win = game_pnl > 0 (decisive only),COMPATIBILITY_ONLY_NOT_PRODUCTION,41482.8302,37695.3747,481.4946,2758,2236,-0.01160708,-0.15915119,-0.01126008,-0.01160708,-481.4946,41482.8302,OK,0.0000,19.2598,4.0000,96.0000,AG03-UNRESOLVED,ALL5_LEVELS_bet23_to_bet27,19.2598,19.2598,19.2598,24.0747,24.0747,4.000000,4.000000,4.000000,5.000000,5.000000,96.000000,96.000000,96.000000,95.000000,95.000000,5.0,105.9288,97.0336,375.5658,384.461,PENDING_AG03,FALSE,NOT_FOR_ENFORCEMENT,462.2348,36187.5597,481.4946,462.2348,19.2598,0.01160708,0.01114280,19.2598,462.2348,0.01114280,19.2598,19.2598,19.2598,24.0747,24.0747,462.2348,0.01114280,105.9288,97.0336,375.5658,384.461,0.00905352,0.00926795,0.00046428,15.0409,16.8584,0.2153,11.7438,0.4291,1011.7763,54.5366,10.8148,15.0547,10.2862,13.088,13.088,26.176,34.6568,52.3519,13.088,-5.1891,2.647988,4.0,1.149216,29,158,24,5,0.00234634,0.01160708,0.15915119,0E-8,0.000000,0.908698,0.000000,-0.14789112,2026-04-14,2026-07-10,41,1122,472,88,0.465909,0.718364,0.719024,0.007821,,,,,,,,GLOBAL_BASELINE_NO_ENTITY_RANKING,,,NOT_APPLICABLE_GLOBAL_BASELINE,HF9g-P5,,,,X 全窗基线 · 不参与实体赏罚,8391982,840,A168_HF9F_20260827_0900,2026-08-27 09:00:00
2026-04-29,142615618,1645,0,18.3231683376,-18.3231683376,-18.3231683376,0E-7,2,1,0.38892272857142857,0.300626750000,-0.7977808304440328,-0.655630731788307,-0.7977808304440328,0.08829597857142857,ELIGIBLE,R03b_20260811_FULL_v1,L1_ELIGIBILITY,v2026-08-11,2026-03-21..2026-08-06,baccarat_bet02_101_all_pairs_incl_sentinel,round_win = game_pnl > 0 (decisive only),COMPATIBILITY_ONLY_NOT_PRODUCTION,41482.8302,37695.3747,481.4946,2758,2236,-0.01160708,-0.15915119,-0.01126008,-0.01160708,-481.4946,41482.8302,OK,0.0000,19.2598,4.0000,96.0000,AG03-UNRESOLVED,ALL5_LEVELS_bet23_to_bet27,19.2598,19.2598,19.2598,24.0747,24.0747,4.000000,4.000000,4.000000,5.000000,5.000000,96.000000,96.000000,96.000000,95.000000,95.000000,5.0,105.9288,97.0336,375.5658,384.461,PENDING_AG03,FALSE,NOT_FOR_ENFORCEMENT,462.2348,36187.5597,481.4946,462.2348,19.2598,0.01160708,0.01114280,19.2598,462.2348,0.01114280,19.2598,19.2598,19.2598,24.0747,24.0747,462.2348,0.01114280,105.9288,97.0336,375.5658,384.461,0.00905352,0.00926795,0.00046428,15.0409,16.8584,0.2153,11.7438,0.4291,1011.7763,54.5366,10.8148,15.0547,10.2862,13.088,13.088,26.176,34.6568,52.3519,13.088,-5.1891,2.647988,4.0,1.149216,29,158,24,5,0.00234634,0.01160708,0.15915119,0E-8,0.000000,0.908698,0.000000,-0.14789112,2026-04-14,2026-07-10,41,1122,472,88,0.465909,0.718364,0.719024,0.007821,,,,,,,,GLOBAL_BASELINE_NO_ENTITY_RANKING,,,NOT_APPLICABLE_GLOBAL_BASELINE,HF9g-P5,,,,X 全窗基线 · 不参与实体赏罚,8391983,840,A168_HF9F_20260827_0900,2026-08-27 09:00:00
2026-04-29,142615618,1654,0,13.0879773840,12.4335785148,12.4335785148,1.0000000,1,1,0.50665070000000000,0.506650700000,0.9867858985152569,0.9867858985152569,0.9867858985152569,0E-17,ELIGIBLE,R03b_20260811_FULL_v1,L1_ELIGIBILITY,v2026-08-11,2026-03-21..2026-08-06,baccarat_bet02_101_all_pairs_incl_sentinel,round_win = game_pnl > 0 (decisive only),COMPATIBILITY_ONLY_NOT_PRODUCTION,41482.8302,37695.3747,481.4946,2758,2236,-0.01160708,-0.15915119,-0.01126008,-0.01160708,-481.4946,41482.8302,OK,0.0000,19.2598,4.0000,96.0000,AG03-UNRESOLVED,ALL5_LEVELS_bet23_to_bet27,19.2598,19.2598,19.2598,24.0747,24.0747,4.000000,4.000000,4.000000,5.000000,5.000000,96.000000,96.000000,96.000000,95.000000,95.000000,5.0,105.9288,97.0336,375.5658,384.461,PENDING_AG03,FALSE,NOT_FOR_ENFORCEMENT,462.2348,36187.5597,481.4946,462.2348,19.2598,0.01160708,0.01114280,19.2598,462.2348,0.01114280,19.2598,19.2598,19.2598,24.0747,24.0747,462.2348,0.01114280,105.9288,97.0336,375.5658,384.461,0.00905352,0.00926795,0.00046428,15.0409,16.8584,0.2153,11.7438,0.4291,1011.7763,54.5366,10.8148,15.0547,10.2862,13.088,13.088,26.176,34.6568,52.3519,13.088,-5.1891,2.647988,4.0,1.149216,29,158,24,5,0.00234634,0.01160708,0.15915119,0E-8,0.000000,0.908698,0.000000,-0.14789112,2026-04-14,2026-07-10,41,1122,472,88,0.465909,0.718364,0.719024,0.007821,,,,,,,,GLOBAL_BASELINE_NO_ENTITY_RANKING,,,NOT_APPLICABLE_GLOBAL_BASELINE,HF9g-P5,,,,X 全窗基线 · 不参与实体赏罚,8391984,840,A168_HF9F_20260827_0900,2026-08-27 09:00:00
2026-04-29,142615618,1704,0,26.1759547680,-26.1759547680,-26.1759547680,0E-7,1,1,0.50665070000000000,0.506650700000,-1.013391052207602,-1.013391052207602,-1.013391052207602,0E-17,ELIGIBLE,R03b_20260811_FULL_v1,L1_ELIGIBILITY,v2026-08-11,2026-03-21..2026-08-06,baccarat_bet02_101_all_pairs_incl_sentinel,round_win = game_pnl > 0 (decisive only),COMPATIBILITY_ONLY_NOT_PRODUCTION,41482.8302,37695.3747,481.4946,2758,2236,-0.01160708,-0.15915119,-0.01126008,-0.01160708,-481.4946,41482.8302,OK,0.0000,19.2598,4.0000,96.0000,AG03-UNRESOLVED,ALL5_LEVELS_bet23_to_bet27,19.2598,19.2598,19.2598,24.0747,24.0747,4.000000,4.000000,4.000000,5.000000,5.000000,96.000000,96.000000,96.000000,95.000000,95.000000,5.0,105.9288,97.0336,375.5658,384.461,PENDING_AG03,FALSE,NOT_FOR_ENFORCEMENT,462.2348,36187.5597,481.4946,462.2348,19.2598,0.01160708,0.01114280,19.2598,462.2348,0.01114280,19.2598,19.2598,19.2598,24.0747,24.0747,462.2348,0.01114280,105.9288,97.0336,375.5658,384.461,0.00905352,0.00926795,0.00046428,15.0409,16.8584,0.2153,11.7438,0.4291,1011.7763,54.5366,10.8148,15.0547,10.2862,13.088,13.088,26.176,34.6568,52.3519,13.088,-5.1891,2.647988,4.0,1.149216,29,158,24,5,0.00234634,0.01160708,0.15915119,0E-8,0.000000,0.908698,0.000000,-0.14789112,2026-04-14,2026-07-10,41,1122,472,88,0.465909,0.718364,0.719024,0.007821,,,,,,,,GLOBAL_BASELINE_NO_ENTITY_RANKING,,,NOT_APPLICABLE_GLOBAL_BASELINE,HF9g-P5,,,,X 全窗基线 · 不参与实体赏罚,8391985,840,A168_HF9F_20260827_0900,2026-08-27 09:00:00
2026-04-29,142615618,1963,0,26.1759547680,26.1759547680,26.1759547680,1.0000000,1,1,0.49324550000000000,0.493245500000,1.01360149184955,1.01360149184955,1.01360149184955,0E-17,ELIGIBLE,R03b_20260811_FULL_v1,L1_ELIGIBILITY,v2026-08-11,2026-03-21..2026-08-06,baccarat_bet02_101_all_pairs_incl_sentinel,round_win = game_pnl > 0 (decisive only),COMPATIBILITY_ONLY_NOT_PRODUCTION,41482.8302,37695.3747,481.4946,2758,2236,-0.01160708,-0.15915119,-0.01126008,-0.01160708,-481.4946,41482.8302,OK,0.0000,19.2598,4.0000,96.0000,AG03-UNRESOLVED,ALL5_LEVELS_bet23_to_bet27,19.2598,19.2598,19.2598,24.0747,24.0747,4.000000,4.000000,4.000000,5.000000,5.000000,96.000000,96.000000,96.000000,95.000000,95.000000,5.0,105.9288,97.0336,375.5658,384.461,PENDING_AG03,FALSE,NOT_FOR_ENFORCEMENT,462.2348,36187.5597,481.4946,462.2348,19.2598,0.01160708,0.01114280,19.2598,462.2348,0.01114280,19.2598,19.2598,19.2598,24.0747,24.0747,462.2348,0.01114280,105.9288,97.0336,375.5658,384.461,0.00905352,0.00926795,0.00046428,15.0409,16.8584,0.2153,11.7438,0.4291,1011.7763,54.5366,10.8148,15.0547,10.2862,13.088,13.088,26.176,34.6568,52.3519,13.088,-5.1891,2.647988,4.0,1.149216,29,158,24,5,0.00234634,0.01160708,0.15915119,0E-8,0.000000,0.908698,0.000000,-0.14789112,2026-04-14,2026-07-10,41,1122,472,88,0.465909,0.718364,0.719024,0.007821,,,,,,,,GLOBAL_BASELINE_NO_ENTITY_RANKING,,,NOT_APPLICABLE_GLOBAL_BASELINE,HF9g-P5,,,,X 全窗基线 · 不参与实体赏罚,8391986,840,A168_HF9F_20260827_0900,2026-08-27 09:00:00
2026-04-29,142615618,1985,0,104.7038190720,-33.2434625554,-33.2434625554,0.5000000,10,6,0.41481243285714286,0.367067200000,0.4235243777419513,0.6755479602475073,0.4235243777419513,0.04774523285714286,ELIGIBLE,R03b_20260811_FULL_v1,L1_ELIGIBILITY,v2026-08-11,2026-03-21..2026-08-06,baccarat_bet02_101_all_pairs_incl_sentinel,round_win = game_pnl > 0 (decisive only),COMPATIBILITY_ONLY_NOT_PRODUCTION,41482.8302,37695.3747,481.4946,2758,2236,-0.01160708,-0.15915119,-0.01126008,-0.01160708,-481.4946,41482.8302,OK,0.0000,19.2598,4.0000,96.0000,AG03-UNRESOLVED,ALL5_LEVELS_bet23_to_bet27,19.2598,19.2598,19.2598,24.0747,24.0747,4.000000,4.000000,4.000000,5.000000,5.000000,96.000000,96.000000,96.000000,95.000000,95.000000,5.0,105.9288,97.0336,375.5658,384.461,PENDING_AG03,FALSE,NOT_FOR_ENFORCEMENT,462.2348,36187.5597,481.4946,462.2348,19.2598,0.01160708,0.01114280,19.2598,462.2348,0.01114280,19.2598,19.2598,19.2598,24.0747,24.0747,462.2348,0.01114280,105.9288,97.0336,375.5658,384.461,0.00905352,0.00926795,0.00046428,15.0409,16.8584,0.2153,11.7438,0.4291,1011.7763,54.5366,10.8148,15.0547,10.2862,13.088,13.088,26.176,34.6568,52.3519,13.088,-5.1891,2.647988,4.0,1.149216,29,158,24,5,0.00234634,0.01160708,0.15915119,0E-8,0.000000,0.908698,0.000000,-0.14789112,2026-04-14,2026-07-10,41,1122,472,88,0.465909,0.718364,0.719024,0.007821,,,,,,,,GLOBAL_BASELINE_NO_ENTITY_RANKING,,,NOT_APPLICABLE_GLOBAL_BASELINE,HF9g-P5,,,,X 全窗基线 · 不参与实体赏罚,8391987,840,A168_HF9F_20260827_0900,2026-08-27 09:00:00
2026-04-29,142615618,2106,0,23.5583592912,-23.5583592912,-23.5583592912,0E-7,3,2,0.39693612500000000,0.396936125000,-1.1473440127882213,-1.1473440127882213,-1.1473440127882213,0E-17,ELIGIBLE,R03b_20260811_FULL_v1,L1_ELIGIBILITY,v2026-08-11,2026-03-21..2026-08-06,baccarat_bet02_101_all_pairs_incl_sentinel,round_win = game_pnl > 0 (decisive only),COMPATIBILITY_ONLY_NOT_PRODUCTION,41482.8302,37695.3747,481.4946,2758,2236,-0.01160708,-0.15915119,-0.01126008,-0.01160708,-481.4946,41482.8302,OK,0.0000,19.2598,4.0000,96.0000,AG03-UNRESOLVED,ALL5_LEVELS_bet23_to_bet27,19.2598,19.2598,19.2598,24.0747,24.0747,4.000000,4.000000,4.000000,5.000000,5.000000,96.000000,96.000000,96.000000,95.000000,95.000000,5.0,105.9288,97.0336,375.5658,384.461,PENDING_AG03,FALSE,NOT_FOR_ENFORCEMENT,462.2348,36187.5597,481.4946,462.2348,19.2598,0.01160708,0.01114280,19.2598,462.2348,0.01114280,19.2598,19.2598,19.2598,24.0747,24.0747,462.2348,0.01114280,105.9288,97.0336,375.5658,384.461,0.00905352,0.00926795,0.00046428,15.0409,16.8584,0.2153,11.7438,0.4291,1011.7763,54.5366,10.8148,15.0547,10.2862,13.088,13.088,26.176,34.6568,52.3519,13.088,-5.1891,2.647988,4.0,1.149216,29,158,24,5,0.00234634,0.01160708,0.15915119,0E-8,0.000000,0.908698,0.000000,-0.14789112,2026-04-14,2026-07-10,41,1122,472,88,0.465909,0.718364,0.719024,0.007821,,,,,,,,GLOBAL_BASELINE_NO_ENTITY_RANKING,,,NOT_APPLICABLE_GLOBAL_BASELINE,HF9g-P5,,,,X 全窗基线 · 不参与实体赏罚,8391988,840,A168_HF9F_20260827_0900,2026-08-27 09:00:00
2026-04-29,142615618,2123,0,13.0879773840,-13.0879773840,-13.0879773840,0E-7,1,1,0.49324550000000000,0.493245500000,-0.9865810262130424,-0.9865810262130424,-0.9865810262130424,0E-17,ELIGIBLE,R03b_20260811_FULL_v1,L1_ELIGIBILITY,v2026-08-11,2026-03-21..2026-08-06,baccarat_bet02_101_all_pairs_incl_sentinel,round_win = game_pnl > 0 (decisive only),COMPATIBILITY_ONLY_NOT_PRODUCTION,41482.8302,37695.3747,481.4946,2758,2236,-0.01160708,-0.15915119,-0.01126008,-0.01160708,-481.4946,41482.8302,OK,0.0000,19.2598,4.0000,96.0000,AG03-UNRESOLVED,ALL5_LEVELS_bet23_to_bet27,19.2598,19.2598,19.2598,24.0747,24.0747,4.000000,4.000000,4.000000,5.000000,5.000000,96.000000,96.000000,96.000000,95.000000,95.000000,5.0,105.9288,97.0336,375.5658,384.461,PENDING_AG03,FALSE,NOT_FOR_ENFORCEMENT,462.2348,36187.5597,481.4946,462.2348,19.2598,0.01160708,0.01114280,19.2598,462.2348,0.01114280,19.2598,19.2598,19.2598,24.0747,24.0747,462.2348,0.01114280,105.9288,97.0336,375.5658,384.461,0.00905352,0.00926795,0.00046428,15.0409,16.8584,0.2153,11.7438,0.4291,1011.7763,54.5366,10.8148,15.0547,10.2862,13.088,13.088,26.176,34.6568,52.3519,13.088,-5.1891,2.647988,4.0,1.149216,29,158,24,5,0.00234634,0.01160708,0.15915119,0E-8,0.000000,0.908698,0.000000,-0.14789112,2026-04-14,2026-07-10,41,1122,472,88,0.465909,0.718364,0.719024,0.007821,,,,,,,,GLOBAL_BASELINE_NO_ENTITY_RANKING,,,NOT_APPLICABLE_GLOBAL_BASELINE,HF9g-P5,,,,X 全窗基线 · 不参与实体赏罚,8391989,840,A168_HF9F_20260827_0900,2026-08-27 09:00:00
2026-04-29,142615618,2145,0,26.1759547680,26.1759547680,26.1759547680,1.0000000,1,1,0.49324550000000000,0.493245500000,1.01360149184955,1.01360149184955,1.01360149184955,0E-17,ELIGIBLE,R03b_20260811_FULL_v1,L1_ELIGIBILITY,v2026-08-11,2026-03-21..2026-08-06,baccarat_bet02_101_all_pairs_incl_sentinel,round_win = game_pnl > 0 (decisive only),COMPATIBILITY_ONLY_NOT_PRODUCTION,41482.8302,37695.3747,481.4946,2758,2236,-0.01160708,-0.15915119,-0.01126008,-0.01160708,-481.4946,41482.8302,OK,0.0000,19.2598,4.0000,96.0000,AG03-UNRESOLVED,ALL5_LEVELS_bet23_to_bet27,19.2598,19.2598,19.2598,24.0747,24.0747,4.000000,4.000000,4.000000,5.000000,5.000000,96.000000,96.000000,96.000000,95.000000,95.000000,5.0,105.9288,97.0336,375.5658,384.461,PENDING_AG03,FALSE,NOT_FOR_ENFORCEMENT,462.2348,36187.5597,481.4946,462.2348,19.2598,0.01160708,0.01114280,19.2598,462.2348,0.01114280,19.2598,19.2598,19.2598,24.0747,24.0747,462.2348,0.01114280,105.9288,97.0336,375.5658,384.461,0.00905352,0.00926795,0.00046428,15.0409,16.8584,0.2153,11.7438,0.4291,1011.7763,54.5366,10.8148,15.0547,10.2862,13.088,13.088,26.176,34.6568,52.3519,13.088,-5.1891,2.647988,4.0,1.149216,29,158,24,5,0.00234634,0.01160708,0.15915119,0E-8,0.000000,0.908698,0.000000,-0.14789112,2026-04-14,2026-07-10,41,1122,472,88,0.465909,0.718364,0.719024,0.007821,,,,,,,,GLOBAL_BASELINE_NO_ENTITY_RANKING,,,NOT_APPLICABLE_GLOBAL_BASELINE,HF9g-P5,,,,X 全窗基线 · 不参与实体赏罚,8391990,840,A168_HF9F_20260827_0900,2026-08-27 09:00:00
2026-04-29,142615618,2152,0,46.0696803916,-19.8937256236,-19.8937256236,0.3333333,3,3,0.49324550000000000,0.493245500000,-0.5540025479526107,-0.5540025479526106,-0.5540025479526107,0E-17,ELIGIBLE,R03b_20260811_FULL_v1,L1_ELIGIBILITY,v2026-08-11,2026-03-21..2026-08-06,baccarat_bet02_101_all_pairs_incl_sentinel,round_win = game_pnl > 0 (decisive only),COMPATIBILITY_ONLY_NOT_PRODUCTION,41482.8302,37695.3747,481.4946,2758,2236,-0.01160708,-0.15915119,-0.01126008,-0.01160708,-481.4946,41482.8302,OK,0.0000,19.2598,4.0000,96.0000,AG03-UNRESOLVED,ALL5_LEVELS_bet23_to_bet27,19.2598,19.2598,19.2598,24.0747,24.0747,4.000000,4.000000,4.000000,5.000000,5.000000,96.000000,96.000000,96.000000,95.000000,95.000000,5.0,105.9288,97.0336,375.5658,384.461,PENDING_AG03,FALSE,NOT_FOR_ENFORCEMENT,462.2348,36187.5597,481.4946,462.2348,19.2598,0.01160708,0.01114280,19.2598,462.2348,0.01114280,19.2598,19.2598,19.2598,24.0747,24.0747,462.2348,0.01114280,105.9288,97.0336,375.5658,384.461,0.00905352,0.00926795,0.00046428,15.0409,16.8584,0.2153,11.7438,0.4291,1011.7763,54.5366,10.8148,15.0547,10.2862,13.088,13.088,26.176,34.6568,52.3519,13.088,-5.1891,2.647988,4.0,1.149216,29,158,24,5,0.00234634,0.01160708,0.15915119,0E-8,0.000000,0.908698,0.000000,-0.14789112,2026-04-14,2026-07-10,41,1122,472,88,0.465909,0.718364,0.719024,0.007821,,,,,,,,GLOBAL_BASELINE_NO_ENTITY_RANKING,,,NOT_APPLICABLE_GLOBAL_BASELINE,HF9g-P5,,,,X 全窗基线 · 不参与实体赏罚,8391991,840,A168_HF9F_20260827_0900,2026-08-27 09:00:00
2026-04-29,142615618,2155,0,26.1759547680,24.8671570296,24.8671570296,1.0000000,2,2,0.50665070000000000,0.506650700000,1.3955260008387969,1.3955260008387969,1.3955260008387969,0E-17,ELIGIBLE,R03b_20260811_FULL_v1,L1_ELIGIBILITY,v2026-08-11,2026-03-21..2026-08-06,baccarat_bet02_101_all_pairs_incl_sentinel,round_win = game_pnl > 0 (decisive only),COMPATIBILITY_ONLY_NOT_PRODUCTION,41482.8302,37695.3747,481.4946,2758,2236,-0.01160708,-0.15915119,-0.01126008,-0.01160708,-481.4946,41482.8302,OK,0.0000,19.2598,4.0000,96.0000,AG03-UNRESOLVED,ALL5_LEVELS_bet23_to_bet27,19.2598,19.2598,19.2598,24.0747,24.0747,4.000000,4.000000,4.000000,5.000000,5.000000,96.000000,96.000000,96.000000,95.000000,95.000000,5.0,105.9288,97.0336,375.5658,384.461,PENDING_AG03,FALSE,NOT_FOR_ENFORCEMENT,462.2348,36187.5597,481.4946,462.2348,19.2598,0.01160708,0.01114280,19.2598,462.2348,0.01114280,19.2598,19.2598,19.2598,24.0747,24.0747,462.2348,0.01114280,105.9288,97.0336,375.5658,384.461,0.00905352,0.00926795,0.00046428,15.0409,16.8584,0.2153,11.7438,0.4291,1011.7763,54.5366,10.8148,15.0547,10.2862,13.088,13.088,26.176,34.6568,52.3519,13.088,-5.1891,2.647988,4.0,1.149216,29,158,24,5,0.00234634,0.01160708,0.15915119,0E-8,0.000000,0.908698,0.000000,-0.14789112,2026-04-14,2026-07-10,41,1122,472,88,0.465909,0.718364,0.719024,0.007821,,,,,,,,GLOBAL_BASELINE_NO_ENTITY_RANKING,,,NOT_APPLICABLE_GLOBAL_BASELINE,HF9g-P5,,,,X 全窗基线 · 不参与实体赏罚,8391992,840,A168_HF9F_20260827_0900,2026-08-27 09:00:00
2026-04-29,142615618,2205,0,5.4969505013,5.2221029762,5.2221029762,1.0000000,1,1,0.50665070000000000,0.506650700000,0.9867858985152569,0.9867858985152569,0.9867858985152569,0E-17,ELIGIBLE,R03b_20260811_FULL_v1,L1_ELIGIBILITY,v2026-08-11,2026-03-21..2026-08-06,baccarat_bet02_101_all_pairs_incl_sentinel,round_win = game_pnl > 0 (decisive only),COMPATIBILITY_ONLY_NOT_PRODUCTION,41482.8302,37695.3747,481.4946,2758,2236,-0.01160708,-0.15915119,-0.01126008,-0.01160708,-481.4946,41482.8302,OK,0.0000,19.2598,4.0000,96.0000,AG03-UNRESOLVED,ALL5_LEVELS_bet23_to_bet27,19.2598,19.2598,19.2598,24.0747,24.0747,4.000000,4.000000,4.000000,5.000000,5.000000,96.000000,96.000000,96.000000,95.000000,95.000000,5.0,105.9288,97.0336,375.5658,384.461,PENDING_AG03,FALSE,NOT_FOR_ENFORCEMENT,462.2348,36187.5597,481.4946,462.2348,19.2598,0.01160708,0.01114280,19.2598,462.2348,0.01114280,19.2598,19.2598,19.2598,24.0747,24.0747,462.2348,0.01114280,105.9288,97.0336,375.5658,384.461,0.00905352,0.00926795,0.00046428,15.0409,16.8584,0.2153,11.7438,0.4291,1011.7763,54.5366,10.8148,15.0547,10.2862,13.088,13.088,26.176,34.6568,52.3519,13.088,-5.1891,2.647988,4.0,1.149216,29,158,24,5,0.00234634,0.01160708,0.15915119,0E-8,0.000000,0.908698,0.000000,-0.14789112,2026-04-14,2026-07-10,41,1122,472,88,0.465909,0.718364,0.719024,0.007821,,,,,,,,GLOBAL_BASELINE_NO_ENTITY_RANKING,,,NOT_APPLICABLE_GLOBAL_BASELINE,HF9g-P5,,,,X 全窗基线 · 不参与实体赏罚,8391993,840,A168_HF9F_20260827_0900,2026-08-27 09:00:00
2026-04-29,142615618,2212,0,49.7343140592,32.7199434600,32.7199434600,0.6666667,4,3,0.47231337500000000,0.437976050000,0.674294104432228,0.7983739908840699,0.674294104432228,0.03433732500000000,ELIGIBLE,R03b_20260811_FULL_v1,L1_ELIGIBILITY,v2026-08-11,2026-03-21..2026-08-06,baccarat_bet02_101_all_pairs_incl_sentinel,round_win = game_pnl > 0 (decisive only),COMPATIBILITY_ONLY_NOT_PRODUCTION,41482.8302,37695.3747,481.4946,2758,2236,-0.01160708,-0.15915119,-0.01126008,-0.01160708,-481.4946,41482.8302,OK,0.0000,19.2598,4.0000,96.0000,AG03-UNRESOLVED,ALL5_LEVELS_bet23_to_bet27,19.2598,19.2598,19.2598,24.0747,24.0747,4.000000,4.000000,4.000000,5.000000,5.000000,96.000000,96.000000,96.000000,95.000000,95.000000,5.0,105.9288,97.0336,375.5658,384.461,PENDING_AG03,FALSE,NOT_FOR_ENFORCEMENT,462.2348,36187.5597,481.4946,462.2348,19.2598,0.01160708,0.01114280,19.2598,462.2348,0.01114280,19.2598,19.2598,19.2598,24.0747,24.0747,462.2348,0.01114280,105.9288,97.0336,375.5658,384.461,0.00905352,0.00926795,0.00046428,15.0409,16.8584,0.2153,11.7438,0.4291,1011.7763,54.5366,10.8148,15.0547,10.2862,13.088,13.088,26.176,34.6568,52.3519,13.088,-5.1891,2.647988,4.0,1.149216,29,158,24,5,0.00234634,0.01160708,0.15915119,0E-8,0.000000,0.908698,0.000000,-0.14789112,2026-04-14,2026-07-10,41,1122,472,88,0.465909,0.718364,0.719024,0.007821,,,,,,,,GLOBAL_BASELINE_NO_ENTITY_RANKING,,,NOT_APPLICABLE_GLOBAL_BASELINE,HF9g-P5,,,,X 全窗基线 · 不参与实体赏罚,8391994,840,A168_HF9F_20260827_0900,2026-08-27 09:00:00
2026-04-29,142615618,2224,0,13.0879773840,-13.0879773840,-13.0879773840,0E-7,1,1,0.50665070000000000,0.506650700000,-1.013391052207602,-1.013391052207602,-1.013391052207602,0E-17,ELIGIBLE,R03b_20260811_FULL_v1,L1_ELIGIBILITY,v2026-08-11,2026-03-21..2026-08-06,baccarat_bet02_101_all_pairs_incl_sentinel,round_win = game_pnl > 0 (decisive only),COMPATIBILITY_ONLY_NOT_PRODUCTION,41482.8302,37695.3747,481.4946,2758,2236,-0.01160708,-0.15915119,-0.01126008,-0.01160708,-481.4946,41482.8302,OK,0.0000,19.2598,4.0000,96.0000,AG03-UNRESOLVED,ALL5_LEVELS_bet23_to_bet27,19.2598,19.2598,19.2598,24.0747,24.0747,4.000000,4.000000,4.000000,5.000000,5.000000,96.000000,96.000000,96.000000,95.000000,95.000000,5.0,105.9288,97.0336,375.5658,384.461,PENDING_AG03,FALSE,NOT_FOR_ENFORCEMENT,462.2348,36187.5597,481.4946,462.2348,19.2598,0.01160708,0.01114280,19.2598,462.2348,0.01114280,19.2598,19.2598,19.2598,24.0747,24.0747,462.2348,0.01114280,105.9288,97.0336,375.5658,384.461,0.00905352,0.00926795,0.00046428,15.0409,16.8584,0.2153,11.7438,0.4291,1011.7763,54.5366,10.8148,15.0547,10.2862,13.088,13.088,26.176,34.6568,52.3519,13.088,-5.1891,2.647988,4.0,1.149216,29,158,24,5,0.00234634,0.01160708,0.15915119,0E-8,0.000000,0.908698,0.000000,-0.14789112,2026-04-14,2026-07-10,41,1122,472,88,0.465909,0.718364,0.719024,0.007821,,,,,,,,GLOBAL_BASELINE_NO_ENTITY_RANKING,,,NOT_APPLICABLE_GLOBAL_BASELINE,HF9g-P5,,,,X 全窗基线 · 不参与实体赏罚,8391995,840,A168_HF9F_20260827_0900,2026-08-27 09:00:00
2026-04-29,142615618,2239,0,13.0879773840,12.4335785148,12.4335785148,1.0000000,1,1,0.50665070000000000,0.506650700000,0.9867858985152569,0.9867858985152569,0.9867858985152569,0E-17,ELIGIBLE,R03b_20260811_FULL_v1,L1_ELIGIBILITY,v2026-08-11,2026-03-21..2026-08-06,baccarat_bet02_101_all_pairs_incl_sentinel,round_win = game_pnl > 0 (decisive only),COMPATIBILITY_ONLY_NOT_PRODUCTION,41482.8302,37695.3747,481.4946,2758,2236,-0.01160708,-0.15915119,-0.01126008,-0.01160708,-481.4946,41482.8302,OK,0.0000,19.2598,4.0000,96.0000,AG03-UNRESOLVED,ALL5_LEVELS_bet23_to_bet27,19.2598,19.2598,19.2598,24.0747,24.0747,4.000000,4.000000,4.000000,5.000000,5.000000,96.000000,96.000000,96.000000,95.000000,95.000000,5.0,105.9288,97.0336,375.5658,384.461,PENDING_AG03,FALSE,NOT_FOR_ENFORCEMENT,462.2348,36187.5597,481.4946,462.2348,19.2598,0.01160708,0.01114280,19.2598,462.2348,0.01114280,19.2598,19.2598,19.2598,24.0747,24.0747,462.2348,0.01114280,105.9288,97.0336,375.5658,384.461,0.00905352,0.00926795,0.00046428,15.0409,16.8584,0.2153,11.7438,0.4291,1011.7763,54.5366,10.8148,15.0547,10.2862,13.088,13.088,26.176,34.6568,52.3519,13.088,-5.1891,2.647988,4.0,1.149216,29,158,24,5,0.00234634,0.01160708,0.15915119,0E-8,0.000000,0.908698,0.000000,-0.14789112,2026-04-14,2026-07-10,41,1122,472,88,0.465909,0.718364,0.719024,0.007821,,,,,,,,GLOBAL_BASELINE_NO_ENTITY_RANKING,,,NOT_APPLICABLE_GLOBAL_BASELINE,HF9g-P5,,,,X 全窗基线 · 不参与实体赏罚,8391996,840,A168_HF9F_20260827_0900,2026-08-27 09:00:00
2026-04-29,142615618,2242,0,44.4991231056,-44.4991231056,-44.4991231056,0E-7,3,2,0.44108411428571429,0.396936125000,-1.2563263813549252,-1.1473440127882213,-1.2563263813549252,0.04414798928571429,ELIGIBLE,R03b_20260811_FULL_v1,L1_ELIGIBILITY,v2026-08-11,2026-03-21..2026-08-06,baccarat_bet02_101_all_pairs_incl_sentinel,round_win = game_pnl > 0 (decisive only),COMPATIBILITY_ONLY_NOT_PRODUCTION,41482.8302,37695.3747,481.4946,2758,2236,-0.01160708,-0.15915119,-0.01126008,-0.01160708,-481.4946,41482.8302,OK,0.0000,19.2598,4.0000,96.0000,AG03-UNRESOLVED,ALL5_LEVELS_bet23_to_bet27,19.2598,19.2598,19.2598,24.0747,24.0747,4.000000,4.000000,4.000000,5.000000,5.000000,96.000000,96.000000,96.000000,95.000000,95.000000,5.0,105.9288,97.0336,375.5658,384.461,PENDING_AG03,FALSE,NOT_FOR_ENFORCEMENT,462.2348,36187.5597,481.4946,462.2348,19.2598,0.01160708,0.01114280,19.2598,462.2348,0.01114280,19.2598,19.2598,19.2598,24.0747,24.0747,462.2348,0.01114280,105.9288,97.0336,375.5658,384.461,0.00905352,0.00926795,0.00046428,15.0409,16.8584,0.2153,11.7438,0.4291,1011.7763,54.5366,10.8148,15.0547,10.2862,13.088,13.088,26.176,34.6568,52.3519,13.088,-5.1891,2.647988,4.0,1.149216,29,158,24,5,0.00234634,0.01160708,0.15915119,0E-8,0.000000,0.908698,0.000000,-0.14789112,2026-04-14,2026-07-10,41,1122,472,88,0.465909,0.718364,0.719024,0.007821,,,,,,,,GLOBAL_BASELINE_NO_ENTITY_RANKING,,,NOT_APPLICABLE_GLOBAL_BASELINE,HF9g-P5,,,,X 全窗基线 · 不参与实体赏罚,8391997,840,A168_HF9F_20260827_0900,2026-08-27 09:00:00
2026-04-29,142615618,2246,0,154.4381331312,63.8693296339,63.8693296339,0.7142857,10,9,0.47780128333333333,0.477801283333,1.2525931086586766,1.2525931086604793,1.2525931086586766,3.3333E-13,ELIGIBLE,R03b_20260811_FULL_v1,L1_ELIGIBILITY,v2026-08-11,2026-03-21..2026-08-06,baccarat_bet02_101_all_pairs_incl_sentinel,round_win = game_pnl > 0 (decisive only),COMPATIBILITY_ONLY_NOT_PRODUCTION,41482.8302,37695.3747,481.4946,2758,2236,-0.01160708,-0.15915119,-0.01126008,-0.01160708,-481.4946,41482.8302,OK,0.0000,19.2598,4.0000,96.0000,AG03-UNRESOLVED,ALL5_LEVELS_bet23_to_bet27,19.2598,19.2598,19.2598,24.0747,24.0747,4.000000,4.000000,4.000000,5.000000,5.000000,96.000000,96.000000,96.000000,95.000000,95.000000,5.0,105.9288,97.0336,375.5658,384.461,PENDING_AG03,FALSE,NOT_FOR_ENFORCEMENT,462.2348,36187.5597,481.4946,462.2348,19.2598,0.01160708,0.01114280,19.2598,462.2348,0.01114280,19.2598,19.2598,19.2598,24.0747,24.0747,462.2348,0.01114280,105.9288,97.0336,375.5658,384.461,0.00905352,0.00926795,0.00046428,15.0409,16.8584,0.2153,11.7438,0.4291,1011.7763,54.5366,10.8148,15.0547,10.2862,13.088,13.088,26.176,34.6568,52.3519,13.088,-5.1891,2.647988,4.0,1.149216,29,158,24,5,0.00234634,0.01160708,0.15915119,0E-8,0.000000,0.908698,0.000000,-0.14789112,2026-04-14,2026-07-10,41,1122,472,88,0.465909,0.718364,0.719024,0.007821,,,,,,,,GLOBAL_BASELINE_NO_ENTITY_RANKING,,,NOT_APPLICABLE_GLOBAL_BASELINE,HF9g-P5,,,,X 全窗基线 · 不参与实体赏罚,8391998,840,A168_HF9F_20260827_0900,2026-08-27 09:00:00
2026-04-29,142615618,2251,0,26.1759547680,-26.1759547680,-26.1759547680,0E-7,2,2,0.49994810000000000,0.499948100000,-1.4140667746232096,-1.4140667746232096,-1.4140667746232096,0E-17,ELIGIBLE,R03b_20260811_FULL_v1,L1_ELIGIBILITY,v2026-08-11,2026-03-21..2026-08-06,baccarat_bet02_101_all_pairs_incl_sentinel,round_win = game_pnl > 0 (decisive only),COMPATIBILITY_ONLY_NOT_PRODUCTION,41482.8302,37695.3747,481.4946,2758,2236,-0.01160708,-0.15915119,-0.01126008,-0.01160708,-481.4946,41482.8302,OK,0.0000,19.2598,4.0000,96.0000,AG03-UNRESOLVED,ALL5_LEVELS_bet23_to_bet27,19.2598,19.2598,19.2598,24.0747,24.0747,4.000000,4.000000,4.000000,5.000000,5.000000,96.000000,96.000000,96.000000,95.000000,95.000000,5.0,105.9288,97.0336,375.5658,384.461,PENDING_AG03,FALSE,NOT_FOR_ENFORCEMENT,462.2348,36187.5597,481.4946,462.2348,19.2598,0.01160708,0.01114280,19.2598,462.2348,0.01114280,19.2598,19.2598,19.2598,24.0747,24.0747,462.2348,0.01114280,105.9288,97.0336,375.5658,384.461,0.00905352,0.00926795,0.00046428,15.0409,16.8584,0.2153,11.7438,0.4291,1011.7763,54.5366,10.8148,15.0547,10.2862,13.088,13.088,26.176,34.6568,52.3519,13.088,-5.1891,2.647988,4.0,1.149216,29,158,24,5,0.00234634,0.01160708,0.15915119,0E-8,0.000000,0.908698,0.000000,-0.14789112,2026-04-14,2026-07-10,41,1122,472,88,0.465909,0.718364,0.719024,0.007821,,,,,,,,GLOBAL_BASELINE_NO_ENTITY_RANKING,,,NOT_APPLICABLE_GLOBAL_BASELINE,HF9g-P5,,,,X 全窗基线 · 不参与实体赏罚,8391999,840,A168_HF9F_20260827_0900,2026-08-27 09:00:00
2026-04-29,142615618,2254,0,26.1759547680,-26.1759547680,-26.1759547680,0E-7,1,1,0.49324550000000000,0.493245500000,-0.9865810262130424,-0.9865810262130424,-0.9865810262130424,0E-17,ELIGIBLE,R03b_20260811_FULL_v1,L1_ELIGIBILITY,v2026-08-11,2026-03-21..2026-08-06,baccarat_bet02_101_all_pairs_incl_sentinel,round_win = game_pnl > 0 (decisive only),COMPATIBILITY_ONLY_NOT_PRODUCTION,41482.8302,37695.3747,481.4946,2758,2236,-0.01160708,-0.15915119,-0.01126008,-0.01160708,-481.4946,41482.8302,OK,0.0000,19.2598,4.0000,96.0000,AG03-UNRESOLVED,ALL5_LEVELS_bet23_to_bet27,19.2598,19.2598,19.2598,24.0747,24.0747,4.000000,4.000000,4.000000,5.000000,5.000000,96.000000,96.000000,96.000000,95.000000,95.000000,5.0,105.9288,97.0336,375.5658,384.461,PENDING_AG03,FALSE,NOT_FOR_ENFORCEMENT,462.2348,36187.5597,481.4946,462.2348,19.2598,0.01160708,0.01114280,19.2598,462.2348,0.01114280,19.2598,19.2598,19.2598,24.0747,24.0747,462.2348,0.01114280,105.9288,97.0336,375.5658,384.461,0.00905352,0.00926795,0.00046428,15.0409,16.8584,0.2153,11.7438,0.4291,1011.7763,54.5366,10.8148,15.0547,10.2862,13.088,13.088,26.176,34.6568,52.3519,13.088,-5.1891,2.647988,4.0,1.149216,29,158,24,5,0.00234634,0.01160708,0.15915119,0E-8,0.000000,0.908698,0.000000,-0.14789112,2026-04-14,2026-07-10,41,1122,472,88,0.465909,0.718364,0.719024,0.007821,,,,,,,,GLOBAL_BASELINE_NO_ENTITY_RANKING,,,NOT_APPLICABLE_GLOBAL_BASELINE,HF9g-P5,,,,X 全窗基线 · 不参与实体赏罚,8392000,840,A168_HF9F_20260827_0900,2026-08-27 09:00:00
2026-04-29,142615618,2273,0,52.3519095359,49.7343140591,49.7343140591,1.0000000,1,1,0.50665070000000000,0.506650700000,0.9867858985152569,0.9867858985152569,0.9867858985152569,0E-17,ELIGIBLE,R03b_20260811_FULL_v1,L1_ELIGIBILITY,v2026-08-11,2026-03-21..2026-08-06,baccarat_bet02_101_all_pairs_incl_sentinel,round_win = game_pnl > 0 (decisive only),COMPATIBILITY_ONLY_NOT_PRODUCTION,41482.8302,37695.3747,481.4946,2758,2236,-0.01160708,-0.15915119,-0.01126008,-0.01160708,-481.4946,41482.8302,OK,0.0000,19.2598,4.0000,96.0000,AG03-UNRESOLVED,ALL5_LEVELS_bet23_to_bet27,19.2598,19.2598,19.2598,24.0747,24.0747,4.000000,4.000000,4.000000,5.000000,5.000000,96.000000,96.000000,96.000000,95.000000,95.000000,5.0,105.9288,97.0336,375.5658,384.461,PENDING_AG03,FALSE,NOT_FOR_ENFORCEMENT,462.2348,36187.5597,481.4946,462.2348,19.2598,0.01160708,0.01114280,19.2598,462.2348,0.01114280,19.2598,19.2598,19.2598,24.0747,24.0747,462.2348,0.01114280,105.9288,97.0336,375.5658,384.461,0.00905352,0.00926795,0.00046428,15.0409,16.8584,0.2153,11.7438,0.4291,1011.7763,54.5366,10.8148,15.0547,10.2862,13.088,13.088,26.176,34.6568,52.3519,13.088,-5.1891,2.647988,4.0,1.149216,29,158,24,5,0.00234634,0.01160708,0.15915119,0E-8,0.000000,0.908698,0.000000,-0.14789112,2026-04-14,2026-07-10,41,1122,472,88,0.465909,0.718364,0.719024,0.007821,,,,,,,,GLOBAL_BASELINE_NO_ENTITY_RANKING,,,NOT_APPLICABLE_GLOBAL_BASELINE,HF9g-P5,,,,X 全窗基线 · 不参与实体赏罚,8392001,840,A168_HF9F_20260827_0900,2026-08-27 09:00:00
2026-04-29,142615618,471,0,6.8057482397,6.4654608277,6.4654608277,1.0000000,1,1,0.50665070000000000,0.506650700000,0.9867858985152569,0.9867858985152569,0.9867858985152569,0E-17,ELIGIBLE,R03b_20260811_FULL_v1,L1_ELIGIBILITY,v2026-08-11,2026-03-21..2026-08-06,baccarat_bet02_101_all_pairs_incl_sentinel,round_win = game_pnl > 0 (decisive only),COMPATIBILITY_ONLY_NOT_PRODUCTION,41482.8302,37695.3747,481.4946,2758,2236,-0.01160708,-0.15915119,-0.01126008,-0.01160708,-481.4946,41482.8302,OK,0.0000,19.2598,4.0000,96.0000,AG03-UNRESOLVED,ALL5_LEVELS_bet23_to_bet27,19.2598,19.2598,19.2598,24.0747,24.0747,4.000000,4.000000,4.000000,5.000000,5.000000,96.000000,96.000000,96.000000,95.000000,95.000000,5.0,105.9288,97.0336,375.5658,384.461,PENDING_AG03,FALSE,NOT_FOR_ENFORCEMENT,462.2348,36187.5597,481.4946,462.2348,19.2598,0.01160708,0.01114280,19.2598,462.2348,0.01114280,19.2598,19.2598,19.2598,24.0747,24.0747,462.2348,0.01114280,105.9288,97.0336,375.5658,384.461,0.00905352,0.00926795,0.00046428,15.0409,16.8584,0.2153,11.7438,0.4291,1011.7763,54.5366,10.8148,15.0547,10.2862,13.088,13.088,26.176,34.6568,52.3519,13.088,-5.1891,2.647988,4.0,1.149216,29,158,24,5,0.00234634,0.01160708,0.15915119,0E-8,0.000000,0.908698,0.000000,-0.14789112,2026-04-14,2026-07-10,41,1122,472,88,0.465909,0.718364,0.719024,0.007821,,,,,,,,GLOBAL_BASELINE_NO_ENTITY_RANKING,,,NOT_APPLICABLE_GLOBAL_BASELINE,HF9g-P5,,,,X 全窗基线 · 不参与实体赏罚,8392002,840,A168_HF9F_20260827_0900,2026-08-27 09:00:00
2026-04-29,142615618,752,0,39.2639321520,-13.7423762532,-13.7423762532,0.2500000,4,4,0.30062675000000000,0.300626750000,-0.22082168769454924,-0.22082168769454927,-0.22082168769454924,0E-17,ELIGIBLE,R03b_20260811_FULL_v1,L1_ELIGIBILITY,v2026-08-11,2026-03-21..2026-08-06,baccarat_bet02_101_all_pairs_incl_sentinel,round_win = game_pnl > 0 (decisive only),COMPATIBILITY_ONLY_NOT_PRODUCTION,41482.8302,37695.3747,481.4946,2758,2236,-0.01160708,-0.15915119,-0.01126008,-0.01160708,-481.4946,41482.8302,OK,0.0000,19.2598,4.0000,96.0000,AG03-UNRESOLVED,ALL5_LEVELS_bet23_to_bet27,19.2598,19.2598,19.2598,24.0747,24.0747,4.000000,4.000000,4.000000,5.000000,5.000000,96.000000,96.000000,96.000000,95.000000,95.000000,5.0,105.9288,97.0336,375.5658,384.461,PENDING_AG03,FALSE,NOT_FOR_ENFORCEMENT,462.2348,36187.5597,481.4946,462.2348,19.2598,0.01160708,0.01114280,19.2598,462.2348,0.01114280,19.2598,19.2598,19.2598,24.0747,24.0747,462.2348,0.01114280,105.9288,97.0336,375.5658,384.461,0.00905352,0.00926795,0.00046428,15.0409,16.8584,0.2153,11.7438,0.4291,1011.7763,54.5366,10.8148,15.0547,10.2862,13.088,13.088,26.176,34.6568,52.3519,13.088,-5.1891,2.647988,4.0,1.149216,29,158,24,5,0.00234634,0.01160708,0.15915119,0E-8,0.000000,0.908698,0.000000,-0.14789112,2026-04-14,2026-07-10,41,1122,472,88,0.465909,0.718364,0.719024,0.007821,,,,,,,,GLOBAL_BASELINE_NO_ENTITY_RANKING,,,NOT_APPLICABLE_GLOBAL_BASELINE,HF9g-P5,,,,X 全窗基线 · 不参与实体赏罚,8392003,840,A168_HF9F_20260827_0900,2026-08-27 09:00:00
2026-05-02,142615618,-1,1,315.7594312700,-71.8696486948,-71.8696486948,0.4666667,17,16,0.49510357678573454,0.489585078125,-0.22028192137137811,-0.177563776876602,-0.22028192137137811,0.00551849866073454,SENTINEL_DEALER,R03b_20260811_FULL_v1,L1_ELIGIBILITY,v2026-08-11,2026-03-21..2026-08-06,baccarat_bet02_101_all_pairs_incl_sentinel,round_win = game_pnl > 0 (decisive only),COMPATIBILITY_ONLY_NOT_PRODUCTION,41482.8302,37695.3747,481.4946,2758,2236,-0.01160708,-0.15915119,-0.01126008,-0.01160708,-481.4946,41482.8302,OK,0.0000,19.2598,4.0000,96.0000,AG03-UNRESOLVED,ALL5_LEVELS_bet23_to_bet27,19.2598,19.2598,19.2598,24.0747,24.0747,4.000000,4.000000,4.000000,5.000000,5.000000,96.000000,96.000000,96.000000,95.000000,95.000000,5.0,105.9288,97.0336,375.5658,384.461,PENDING_AG03,FALSE,NOT_FOR_ENFORCEMENT,462.2348,36187.5597,481.4946,462.2348,19.2598,0.01160708,0.01114280,19.2598,462.2348,0.01114280,19.2598,19.2598,19.2598,24.0747,24.0747,462.2348,0.01114280,105.9288,97.0336,375.5658,384.461,0.00905352,0.00926795,0.00046428,15.0409,16.8584,0.2153,11.7438,0.4291,1011.7763,54.5366,10.8148,15.0547,10.2862,13.088,13.088,26.176,34.6568,52.3519,13.088,-5.1891,2.647988,4.0,1.149216,29,158,24,5,0.00234634,0.01160708,0.15915119,0E-8,0.000000,0.908698,0.000000,-0.14789112,2026-04-14,2026-07-10,41,1122,472,88,0.465909,0.718364,0.719024,0.007821,,,,,,,,GLOBAL_BASELINE_NO_ENTITY_RANKING,,,NOT_APPLICABLE_GLOBAL_BASELINE,HF9g-P5,,,,X 全窗基线 · 不参与实体赏罚,8392004,840,A168_HF9F_20260827_0900,2026-08-27 09:00:00
2026-05-02,142615618,1078,0,12.9728607753,12.9728607753,12.9728607753,1.0000000,1,1,0.49324550000000000,0.493245500000,1.01360149184955,1.01360149184955,1.01360149184955,0E-17,ELIGIBLE,R03b_20260811_FULL_v1,L1_ELIGIBILITY,v2026-08-11,2026-03-21..2026-08-06,baccarat_bet02_101_all_pairs_incl_sentinel,round_win = game_pnl > 0 (decisive only),COMPATIBILITY_ONLY_NOT_PRODUCTION,41482.8302,37695.3747,481.4946,2758,2236,-0.01160708,-0.15915119,-0.01126008,-0.01160708,-481.4946,41482.8302,OK,0.0000,19.2598,4.0000,96.0000,AG03-UNRESOLVED,ALL5_LEVELS_bet23_to_bet27,19.2598,19.2598,19.2598,24.0747,24.0747,4.000000,4.000000,4.000000,5.000000,5.000000,96.000000,96.000000,96.000000,95.000000,95.000000,5.0,105.9288,97.0336,375.5658,384.461,PENDING_AG03,FALSE,NOT_FOR_ENFORCEMENT,462.2348,36187.5597,481.4946,462.2348,19.2598,0.01160708,0.01114280,19.2598,462.2348,0.01114280,19.2598,19.2598,19.2598,24.0747,24.0747,462.2348,0.01114280,105.9288,97.0336,375.5658,384.461,0.00905352,0.00926795,0.00046428,15.0409,16.8584,0.2153,11.7438,0.4291,1011.7763,54.5366,10.8148,15.0547,10.2862,13.088,13.088,26.176,34.6568,52.3519,13.088,-5.1891,2.647988,4.0,1.149216,29,158,24,5,0.00234634,0.01160708,0.15915119,0E-8,0.000000,0.908698,0.000000,-0.14789112,2026-04-14,2026-07-10,41,1122,472,88,0.465909,0.718364,0.719024,0.007821,,,,,,,,GLOBAL_BASELINE_NO_ENTITY_RANKING,,,NOT_APPLICABLE_GLOBAL_BASELINE,HF9g-P5,,,,X 全窗基线 · 不参与实体赏罚,8392005,840,A168_HF9F_20260827_0900,2026-08-27 09:00:00
2026-05-02,142615618,1205,0,12.9728607753,-12.9728607753,-12.9728607753,0E-7,1,1,0.50665070000000000,0.506650700000,-1.013391052207602,-1.013391052207602,-1.013391052207602,0E-17,ELIGIBLE,R03b_20260811_FULL_v1,L1_ELIGIBILITY,v2026-08-11,2026-03-21..2026-08-06,baccarat_bet02_101_all_pairs_incl_sentinel,round_win = game_pnl > 0 (decisive only),COMPATIBILITY_ONLY_NOT_PRODUCTION,41482.8302,37695.3747,481.4946,2758,2236,-0.01160708,-0.15915119,-0.01126008,-0.01160708,-481.4946,41482.8302,OK,0.0000,19.2598,4.0000,96.0000,AG03-UNRESOLVED,ALL5_LEVELS_bet23_to_bet27,19.2598,19.2598,19.2598,24.0747,24.0747,4.000000,4.000000,4.000000,5.000000,5.000000,96.000000,96.000000,96.000000,95.000000,95.000000,5.0,105.9288,97.0336,375.5658,384.461,PENDING_AG03,FALSE,NOT_FOR_ENFORCEMENT,462.2348,36187.5597,481.4946,462.2348,19.2598,0.01160708,0.01114280,19.2598,462.2348,0.01114280,19.2598,19.2598,19.2598,24.0747,24.0747,462.2348,0.01114280,105.9288,97.0336,375.5658,384.461,0.00905352,0.00926795,0.00046428,15.0409,16.8584,0.2153,11.7438,0.4291,1011.7763,54.5366,10.8148,15.0547,10.2862,13.088,13.088,26.176,34.6568,52.3519,13.088,-5.1891,2.647988,4.0,1.149216,29,158,24,5,0.00234634,0.01160708,0.15915119,0E-8,0.000000,0.908698,0.000000,-0.14789112,2026-04-14,2026-07-10,41,1122,472,88,0.465909,0.718364,0.719024,0.007821,,,,,,,,GLOBAL_BASELINE_NO_ENTITY_RANKING,,,NOT_APPLICABLE_GLOBAL_BASELINE,HF9g-P5,,,,X 全窗基线 · 不参与实体赏罚,8392006,840,A168_HF9F_20260827_0900,2026-08-27 09:00:00
2026-05-02,142615618,1291,0,12.9728607753,-12.9728607753,-12.9728607753,0E-7,1,1,0.50665070000000000,0.506650700000,-1.013391052207602,-1.013391052207602,-1.013391052207602,0E-17,ELIGIBLE,R03b_20260811_FULL_v1,L1_ELIGIBILITY,v2026-08-11,2026-03-21..2026-08-06,baccarat_bet02_101_all_pairs_incl_sentinel,round_win = game_pnl > 0 (decisive only),COMPATIBILITY_ONLY_NOT_PRODUCTION,41482.8302,37695.3747,481.4946,2758,2236,-0.01160708,-0.15915119,-0.01126008,-0.01160708,-481.4946,41482.8302,OK,0.0000,19.2598,4.0000,96.0000,AG03-UNRESOLVED,ALL5_LEVELS_bet23_to_bet27,19.2598,19.2598,19.2598,24.0747,24.0747,4.000000,4.000000,4.000000,5.000000,5.000000,96.000000,96.000000,96.000000,95.000000,95.000000,5.0,105.9288,97.0336,375.5658,384.461,PENDING_AG03,FALSE,NOT_FOR_ENFORCEMENT,462.2348,36187.5597,481.4946,462.2348,19.2598,0.01160708,0.01114280,19.2598,462.2348,0.01114280,19.2598,19.2598,19.2598,24.0747,24.0747,462.2348,0.01114280,105.9288,97.0336,375.5658,384.461,0.00905352,0.00926795,0.00046428,15.0409,16.8584,0.2153,11.7438,0.4291,1011.7763,54.5366,10.8148,15.0547,10.2862,13.088,13.088,26.176,34.6568,52.3519,13.088,-5.1891,2.647988,4.0,1.149216,29,158,24,5,0.00234634,0.01160708,0.15915119,0E-8,0.000000,0.908698,0.000000,-0.14789112,2026-04-14,2026-07-10,41,1122,472,88,0.465909,0.718364,0.719024,0.007821,,,,,,,,GLOBAL_BASELINE_NO_ENTITY_RANKING,,,NOT_APPLICABLE_GLOBAL_BASELINE,HF9g-P5,,,,X 全窗基线 · 不参与实体赏罚,8392007,840,A168_HF9F_20260827_0900,2026-08-27 09:00:00
2026-05-02,142615618,1299,0,12.9728607753,12.3242177365,12.3242177365,1.0000000,1,1,0.50665070000000000,0.506650700000,0.9867858985152569,0.9867858985152569,0.9867858985152569,0E-17,ELIGIBLE,R03b_20260811_FULL_v1,L1_ELIGIBILITY,v2026-08-11,2026-03-21..2026-08-06,baccarat_bet02_101_all_pairs_incl_sentinel,round_win = game_pnl > 0 (decisive only),COMPATIBILITY_ONLY_NOT_PRODUCTION,41482.8302,37695.3747,481.4946,2758,2236,-0.01160708,-0.15915119,-0.01126008,-0.01160708,-481.4946,41482.8302,OK,0.0000,19.2598,4.0000,96.0000,AG03-UNRESOLVED,ALL5_LEVELS_bet23_to_bet27,19.2598,19.2598,19.2598,24.0747,24.0747,4.000000,4.000000,4.000000,5.000000,5.000000,96.000000,96.000000,96.000000,95.000000,95.000000,5.0,105.9288,97.0336,375.5658,384.461,PENDING_AG03,FALSE,NOT_FOR_ENFORCEMENT,462.2348,36187.5597,481.4946,462.2348,19.2598,0.01160708,0.01114280,19.2598,462.2348,0.01114280,19.2598,19.2598,19.2598,24.0747,24.0747,462.2348,0.01114280,105.9288,97.0336,375.5658,384.461,0.00905352,0.00926795,0.00046428,15.0409,16.8584,0.2153,11.7438,0.4291,1011.7763,54.5366,10.8148,15.0547,10.2862,13.088,13.088,26.176,34.6568,52.3519,13.088,-5.1891,2.647988,4.0,1.149216,29,158,24,5,0.00234634,0.01160708,0.15915119,0E-8,0.000000,0.908698,0.000000,-0.14789112,2026-04-14,2026-07-10,41,1122,472,88,0.465909,0.718364,0.719024,0.007821,,,,,,,,GLOBAL_BASELINE_NO_ENTITY_RANKING,,,NOT_APPLICABLE_GLOBAL_BASELINE,HF9g-P5,,,,X 全窗基线 · 不参与实体赏罚,8392008,840,A168_HF9F_20260827_0900,2026-08-27 09:00:00
2026-05-02,142615618,1304,0,10.3782886202,-10.3782886202,-10.3782886202,0E-7,2,1,0.30062675000000000,0.300626750000,-0.6556307317883069,-0.655630731788307,-0.6556307317883069,0E-17,ELIGIBLE,R03b_20260811_FULL_v1,L1_ELIGIBILITY,v2026-08-11,2026-03-21..2026-08-06,baccarat_bet02_101_all_pairs_incl_sentinel,round_win = game_pnl > 0 (decisive only),COMPATIBILITY_ONLY_NOT_PRODUCTION,41482.8302,37695.3747,481.4946,2758,2236,-0.01160708,-0.15915119,-0.01126008,-0.01160708,-481.4946,41482.8302,OK,0.0000,19.2598,4.0000,96.0000,AG03-UNRESOLVED,ALL5_LEVELS_bet23_to_bet27,19.2598,19.2598,19.2598,24.0747,24.0747,4.000000,4.000000,4.000000,5.000000,5.000000,96.000000,96.000000,96.000000,95.000000,95.000000,5.0,105.9288,97.0336,375.5658,384.461,PENDING_AG03,FALSE,NOT_FOR_ENFORCEMENT,462.2348,36187.5597,481.4946,462.2348,19.2598,0.01160708,0.01114280,19.2598,462.2348,0.01114280,19.2598,19.2598,19.2598,24.0747,24.0747,462.2348,0.01114280,105.9288,97.0336,375.5658,384.461,0.00905352,0.00926795,0.00046428,15.0409,16.8584,0.2153,11.7438,0.4291,1011.7763,54.5366,10.8148,15.0547,10.2862,13.088,13.088,26.176,34.6568,52.3519,13.088,-5.1891,2.647988,4.0,1.149216,29,158,24,5,0.00234634,0.01160708,0.15915119,0E-8,0.000000,0.908698,0.000000,-0.14789112,2026-04-14,2026-07-10,41,1122,472,88,0.465909,0.718364,0.719024,0.007821,,,,,,,,GLOBAL_BASELINE_NO_ENTITY_RANKING,,,NOT_APPLICABLE_GLOBAL_BASELINE,HF9g-P5,,,,X 全窗基线 · 不参与实体赏罚,8392009,840,A168_HF9F_20260827_0900,2026-08-27 09:00:00
2026-05-02,142615618,1318,0,51.8914431011,11.6755746977,11.6755746977,0.5000000,3,3,0.50665070000000000,0.506650700000,-0.018812684590367487,-0.018812684590367487,-0.018812684590367487,0E-17,ELIGIBLE,R03b_20260811_FULL_v1,L1_ELIGIBILITY,v2026-08-11,2026-03-21..2026-08-06,baccarat_bet02_101_all_pairs_incl_sentinel,round_win = game_pnl > 0 (decisive only),COMPATIBILITY_ONLY_NOT_PRODUCTION,41482.8302,37695.3747,481.4946,2758,2236,-0.01160708,-0.15915119,-0.01126008,-0.01160708,-481.4946,41482.8302,OK,0.0000,19.2598,4.0000,96.0000,AG03-UNRESOLVED,ALL5_LEVELS_bet23_to_bet27,19.2598,19.2598,19.2598,24.0747,24.0747,4.000000,4.000000,4.000000,5.000000,5.000000,96.000000,96.000000,96.000000,95.000000,95.000000,5.0,105.9288,97.0336,375.5658,384.461,PENDING_AG03,FALSE,NOT_FOR_ENFORCEMENT,462.2348,36187.5597,481.4946,462.2348,19.2598,0.01160708,0.01114280,19.2598,462.2348,0.01114280,19.2598,19.2598,19.2598,24.0747,24.0747,462.2348,0.01114280,105.9288,97.0336,375.5658,384.461,0.00905352,0.00926795,0.00046428,15.0409,16.8584,0.2153,11.7438,0.4291,1011.7763,54.5366,10.8148,15.0547,10.2862,13.088,13.088,26.176,34.6568,52.3519,13.088,-5.1891,2.647988,4.0,1.149216,29,158,24,5,0.00234634,0.01160708,0.15915119,0E-8,0.000000,0.908698,0.000000,-0.14789112,2026-04-14,2026-07-10,41,1122,472,88,0.465909,0.718364,0.719024,0.007821,,,,,,,,GLOBAL_BASELINE_NO_ENTITY_RANKING,,,NOT_APPLICABLE_GLOBAL_BASELINE,HF9g-P5,,,,X 全窗基线 · 不参与实体赏罚,8392010,840,A168_HF9F_20260827_0900,2026-08-27 09:00:00
2026-05-02,142615618,1401,0,12.9728607753,-12.9728607753,-12.9728607753,0E-7,1,1,0.49324550000000000,0.493245500000,-0.9865810262130424,-0.9865810262130424,-0.9865810262130424,0E-17,ELIGIBLE,R03b_20260811_FULL_v1,L1_ELIGIBILITY,v2026-08-11,2026-03-21..2026-08-06,baccarat_bet02_101_all_pairs_incl_sentinel,round_win = game_pnl > 0 (decisive only),COMPATIBILITY_ONLY_NOT_PRODUCTION,41482.8302,37695.3747,481.4946,2758,2236,-0.01160708,-0.15915119,-0.01126008,-0.01160708,-481.4946,41482.8302,OK,0.0000,19.2598,4.0000,96.0000,AG03-UNRESOLVED,ALL5_LEVELS_bet23_to_bet27,19.2598,19.2598,19.2598,24.0747,24.0747,4.000000,4.000000,4.000000,5.000000,5.000000,96.000000,96.000000,96.000000,95.000000,95.000000,5.0,105.9288,97.0336,375.5658,384.461,PENDING_AG03,FALSE,NOT_FOR_ENFORCEMENT,462.2348,36187.5597,481.4946,462.2348,19.2598,0.01160708,0.01114280,19.2598,462.2348,0.01114280,19.2598,19.2598,19.2598,24.0747,24.0747,462.2348,0.01114280,105.9288,97.0336,375.5658,384.461,0.00905352,0.00926795,0.00046428,15.0409,16.8584,0.2153,11.7438,0.4291,1011.7763,54.5366,10.8148,15.0547,10.2862,13.088,13.088,26.176,34.6568,52.3519,13.088,-5.1891,2.647988,4.0,1.149216,29,158,24,5,0.00234634,0.01160708,0.15915119,0E-8,0.000000,0.908698,0.000000,-0.14789112,2026-04-14,2026-07-10,41,1122,472,88,0.465909,0.718364,0.719024,0.007821,,,,,,,,GLOBAL_BASELINE_NO_ENTITY_RANKING,,,NOT_APPLICABLE_GLOBAL_BASELINE,HF9g-P5,,,,X 全窗基线 · 不参与实体赏罚,8392011,840,A168_HF9F_20260827_0900,2026-08-27 09:00:00
2026-05-02,142615618,1704,0,10.3782886202,-0.2594572155,-0.2594572155,0E-7,2,1,0.30062675000000000,0.300626750000,-0.6556307317883069,-0.655630731788307,-0.6556307317883069,0E-17,ELIGIBLE,R03b_20260811_FULL_v1,L1_ELIGIBILITY,v2026-08-11,2026-03-21..2026-08-06,baccarat_bet02_101_all_pairs_incl_sentinel,round_win = game_pnl > 0 (decisive only),COMPATIBILITY_ONLY_NOT_PRODUCTION,41482.8302,37695.3747,481.4946,2758,2236,-0.01160708,-0.15915119,-0.01126008,-0.01160708,-481.4946,41482.8302,OK,0.0000,19.2598,4.0000,96.0000,AG03-UNRESOLVED,ALL5_LEVELS_bet23_to_bet27,19.2598,19.2598,19.2598,24.0747,24.0747,4.000000,4.000000,4.000000,5.000000,5.000000,96.000000,96.000000,96.000000,95.000000,95.000000,5.0,105.9288,97.0336,375.5658,384.461,PENDING_AG03,FALSE,NOT_FOR_ENFORCEMENT,462.2348,36187.5597,481.4946,462.2348,19.2598,0.01160708,0.01114280,19.2598,462.2348,0.01114280,19.2598,19.2598,19.2598,24.0747,24.0747,462.2348,0.01114280,105.9288,97.0336,375.5658,384.461,0.00905352,0.00926795,0.00046428,15.0409,16.8584,0.2153,11.7438,0.4291,1011.7763,54.5366,10.8148,15.0547,10.2862,13.088,13.088,26.176,34.6568,52.3519,13.088,-5.1891,2.647988,4.0,1.149216,29,158,24,5,0.00234634,0.01160708,0.15915119,0E-8,0.000000,0.908698,0.000000,-0.14789112,2026-04-14,2026-07-10,41,1122,472,88,0.465909,0.718364,0.719024,0.007821,,,,,,,,GLOBAL_BASELINE_NO_ENTITY_RANKING,,,NOT_APPLICABLE_GLOBAL_BASELINE,HF9g-P5,,,,X 全窗基线 · 不参与实体赏罚,8392012,840,A168_HF9F_20260827_0900,2026-08-27 09:00:00
2026-05-02,142615618,2103,0,25.9457215505,-25.9457215505,-25.9457215505,0E-7,1,1,0.50665070000000000,0.506650700000,-1.013391052207602,-1.013391052207602,-1.013391052207602,0E-17,ELIGIBLE,R03b_20260811_FULL_v1,L1_ELIGIBILITY,v2026-08-11,2026-03-21..2026-08-06,baccarat_bet02_101_all_pairs_incl_sentinel,round_win = game_pnl > 0 (decisive only),COMPATIBILITY_ONLY_NOT_PRODUCTION,41482.8302,37695.3747,481.4946,2758,2236,-0.01160708,-0.15915119,-0.01126008,-0.01160708,-481.4946,41482.8302,OK,0.0000,19.2598,4.0000,96.0000,AG03-UNRESOLVED,ALL5_LEVELS_bet23_to_bet27,19.2598,19.2598,19.2598,24.0747,24.0747,4.000000,4.000000,4.000000,5.000000,5.000000,96.000000,96.000000,96.000000,95.000000,95.000000,5.0,105.9288,97.0336,375.5658,384.461,PENDING_AG03,FALSE,NOT_FOR_ENFORCEMENT,462.2348,36187.5597,481.4946,462.2348,19.2598,0.01160708,0.01114280,19.2598,462.2348,0.01114280,19.2598,19.2598,19.2598,24.0747,24.0747,462.2348,0.01114280,105.9288,97.0336,375.5658,384.461,0.00905352,0.00926795,0.00046428,15.0409,16.8584,0.2153,11.7438,0.4291,1011.7763,54.5366,10.8148,15.0547,10.2862,13.088,13.088,26.176,34.6568,52.3519,13.088,-5.1891,2.647988,4.0,1.149216,29,158,24,5,0.00234634,0.01160708,0.15915119,0E-8,0.000000,0.908698,0.000000,-0.14789112,2026-04-14,2026-07-10,41,1122,472,88,0.465909,0.718364,0.719024,0.007821,,,,,,,,GLOBAL_BASELINE_NO_ENTITY_RANKING,,,NOT_APPLICABLE_GLOBAL_BASELINE,HF9g-P5,,,,X 全窗基线 · 不参与实体赏罚,8392013,840,A168_HF9F_20260827_0900,2026-08-27 09:00:00
2026-05-02,142615618,2130,0,25.9457215505,-25.9457215505,-25.9457215505,0E-7,1,1,0.49324550000000000,0.493245500000,-0.9865810262130424,-0.9865810262130424,-0.9865810262130424,0E-17,ELIGIBLE,R03b_20260811_FULL_v1,L1_ELIGIBILITY,v2026-08-11,2026-03-21..2026-08-06,baccarat_bet02_101_all_pairs_incl_sentinel,round_win = game_pnl > 0 (decisive only),COMPATIBILITY_ONLY_NOT_PRODUCTION,41482.8302,37695.3747,481.4946,2758,2236,-0.01160708,-0.15915119,-0.01126008,-0.01160708,-481.4946,41482.8302,OK,0.0000,19.2598,4.0000,96.0000,AG03-UNRESOLVED,ALL5_LEVELS_bet23_to_bet27,19.2598,19.2598,19.2598,24.0747,24.0747,4.000000,4.000000,4.000000,5.000000,5.000000,96.000000,96.000000,96.000000,95.000000,95.000000,5.0,105.9288,97.0336,375.5658,384.461,PENDING_AG03,FALSE,NOT_FOR_ENFORCEMENT,462.2348,36187.5597,481.4946,462.2348,19.2598,0.01160708,0.01114280,19.2598,462.2348,0.01114280,19.2598,19.2598,19.2598,24.0747,24.0747,462.2348,0.01114280,105.9288,97.0336,375.5658,384.461,0.00905352,0.00926795,0.00046428,15.0409,16.8584,0.2153,11.7438,0.4291,1011.7763,54.5366,10.8148,15.0547,10.2862,13.088,13.088,26.176,34.6568,52.3519,13.088,-5.1891,2.647988,4.0,1.149216,29,158,24,5,0.00234634,0.01160708,0.15915119,0E-8,0.000000,0.908698,0.000000,-0.14789112,2026-04-14,2026-07-10,41,1122,472,88,0.465909,0.718364,0.719024,0.007821,,,,,,,,GLOBAL_BASELINE_NO_ENTITY_RANKING,,,NOT_APPLICABLE_GLOBAL_BASELINE,HF9g-P5,,,,X 全窗基线 · 不参与实体赏罚,8392014,840,A168_HF9F_20260827_0900,2026-08-27 09:00:00
2026-05-02,142615618,2188,0,12.9728607753,-12.9728607753,-12.9728607753,0E-7,1,1,0.50665070000000000,0.506650700000,-1.013391052207602,-1.013391052207602,-1.013391052207602,0E-17,ELIGIBLE,R03b_20260811_FULL_v1,L1_ELIGIBILITY,v2026-08-11,2026-03-21..2026-08-06,baccarat_bet02_101_all_pairs_incl_sentinel,round_win = game_pnl > 0 (decisive only),COMPATIBILITY_ONLY_NOT_PRODUCTION,41482.8302,37695.3747,481.4946,2758,2236,-0.01160708,-0.15915119,-0.01126008,-0.01160708,-481.4946,41482.8302,OK,0.0000,19.2598,4.0000,96.0000,AG03-UNRESOLVED,ALL5_LEVELS_bet23_to_bet27,19.2598,19.2598,19.2598,24.0747,24.0747,4.000000,4.000000,4.000000,5.000000,5.000000,96.000000,96.000000,96.000000,95.000000,95.000000,5.0,105.9288,97.0336,375.5658,384.461,PENDING_AG03,FALSE,NOT_FOR_ENFORCEMENT,462.2348,36187.5597,481.4946,462.2348,19.2598,0.01160708,0.01114280,19.2598,462.2348,0.01114280,19.2598,19.2598,19.2598,24.0747,24.0747,462.2348,0.01114280,105.9288,97.0336,375.5658,384.461,0.00905352,0.00926795,0.00046428,15.0409,16.8584,0.2153,11.7438,0.4291,1011.7763,54.5366,10.8148,15.0547,10.2862,13.088,13.088,26.176,34.6568,52.3519,13.088,-5.1891,2.647988,4.0,1.149216,29,158,24,5,0.00234634,0.01160708,0.15915119,0E-8,0.000000,0.908698,0.000000,-0.14789112,2026-04-14,2026-07-10,41,1122,472,88,0.465909,0.718364,0.719024,0.007821,,,,,,,,GLOBAL_BASELINE_NO_ENTITY_RANKING,,,NOT_APPLICABLE_GLOBAL_BASELINE,HF9g-P5,,,,X 全窗基线 · 不参与实体赏罚,8392015,840,A168_HF9F_20260827_0900,2026-08-27 09:00:00
2026-05-02,142615618,2205,0,12.9728607753,-12.9728607753,-12.9728607753,0E-7,1,1,0.49324550000000000,0.493245500000,-0.9865810262130424,-0.9865810262130424,-0.9865810262130424,0E-17,ELIGIBLE,R03b_20260811_FULL_v1,L1_ELIGIBILITY,v2026-08-11,2026-03-21..2026-08-06,baccarat_bet02_101_all_pairs_incl_sentinel,round_win = game_pnl > 0 (decisive only),COMPATIBILITY_ONLY_NOT_PRODUCTION,41482.8302,37695.3747,481.4946,2758,2236,-0.01160708,-0.15915119,-0.01126008,-0.01160708,-481.4946,41482.8302,OK,0.0000,19.2598,4.0000,96.0000,AG03-UNRESOLVED,ALL5_LEVELS_bet23_to_bet27,19.2598,19.2598,19.2598,24.0747,24.0747,4.000000,4.000000,4.000000,5.000000,5.000000,96.000000,96.000000,96.000000,95.000000,95.000000,5.0,105.9288,97.0336,375.5658,384.461,PENDING_AG03,FALSE,NOT_FOR_ENFORCEMENT,462.2348,36187.5597,481.4946,462.2348,19.2598,0.01160708,0.01114280,19.2598,462.2348,0.01114280,19.2598,19.2598,19.2598,24.0747,24.0747,462.2348,0.01114280,105.9288,97.0336,375.5658,384.461,0.00905352,0.00926795,0.00046428,15.0409,16.8584,0.2153,11.7438,0.4291,1011.7763,54.5366,10.8148,15.0547,10.2862,13.088,13.088,26.176,34.6568,52.3519,13.088,-5.1891,2.647988,4.0,1.149216,29,158,24,5,0.00234634,0.01160708,0.15915119,0E-8,0.000000,0.908698,0.000000,-0.14789112,2026-04-14,2026-07-10,41,1122,472,88,0.465909,0.718364,0.719024,0.007821,,,,,,,,GLOBAL_BASELINE_NO_ENTITY_RANKING,,,NOT_APPLICABLE_GLOBAL_BASELINE,HF9g-P5,,,,X 全窗基线 · 不参与实体赏罚,8392016,840,A168_HF9F_20260827_0900,2026-08-27 09:00:00
2026-05-02,142615618,2224,0,25.9457215506,-25.9457215506,-25.9457215506,0E-7,2,2,0.49324550000000000,0.493245500000,-1.3952362676504506,-1.3952362676504506,-1.3952362676504506,0E-17,ELIGIBLE,R03b_20260811_FULL_v1,L1_ELIGIBILITY,v2026-08-11,2026-03-21..2026-08-06,baccarat_bet02_101_all_pairs_incl_sentinel,round_win = game_pnl > 0 (decisive only),COMPATIBILITY_ONLY_NOT_PRODUCTION,41482.8302,37695.3747,481.4946,2758,2236,-0.01160708,-0.15915119,-0.01126008,-0.01160708,-481.4946,41482.8302,OK,0.0000,19.2598,4.0000,96.0000,AG03-UNRESOLVED,ALL5_LEVELS_bet23_to_bet27,19.2598,19.2598,19.2598,24.0747,24.0747,4.000000,4.000000,4.000000,5.000000,5.000000,96.000000,96.000000,96.000000,95.000000,95.000000,5.0,105.9288,97.0336,375.5658,384.461,PENDING_AG03,FALSE,NOT_FOR_ENFORCEMENT,462.2348,36187.5597,481.4946,462.2348,19.2598,0.01160708,0.01114280,19.2598,462.2348,0.01114280,19.2598,19.2598,19.2598,24.0747,24.0747,462.2348,0.01114280,105.9288,97.0336,375.5658,384.461,0.00905352,0.00926795,0.00046428,15.0409,16.8584,0.2153,11.7438,0.4291,1011.7763,54.5366,10.8148,15.0547,10.2862,13.088,13.088,26.176,34.6568,52.3519,13.088,-5.1891,2.647988,4.0,1.149216,29,158,24,5,0.00234634,0.01160708,0.15915119,0E-8,0.000000,0.908698,0.000000,-0.14789112,2026-04-14,2026-07-10,41,1122,472,88,0.465909,0.718364,0.719024,0.007821,,,,,,,,GLOBAL_BASELINE_NO_ENTITY_RANKING,,,NOT_APPLICABLE_GLOBAL_BASELINE,HF9g-P5,,,,X 全窗基线 · 不参与实体赏罚,8392017,840,A168_HF9F_20260827_0900,2026-08-27 09:00:00
2026-05-02,142615618,2258,0,12.9728607753,12.3242177365,12.3242177365,1.0000000,1,1,0.50665070000000000,0.506650700000,0.9867858985152569,0.9867858985152569,0.9867858985152569,0E-17,ELIGIBLE,R03b_20260811_FULL_v1,L1_ELIGIBILITY,v2026-08-11,2026-03-21..2026-08-06,baccarat_bet02_101_all_pairs_incl_sentinel,round_win = game_pnl > 0 (decisive only),COMPATIBILITY_ONLY_NOT_PRODUCTION,41482.8302,37695.3747,481.4946,2758,2236,-0.01160708,-0.15915119,-0.01126008,-0.01160708,-481.4946,41482.8302,OK,0.0000,19.2598,4.0000,96.0000,AG03-UNRESOLVED,ALL5_LEVELS_bet23_to_bet27,19.2598,19.2598,19.2598,24.0747,24.0747,4.000000,4.000000,4.000000,5.000000,5.000000,96.000000,96.000000,96.000000,95.000000,95.000000,5.0,105.9288,97.0336,375.5658,384.461,PENDING_AG03,FALSE,NOT_FOR_ENFORCEMENT,462.2348,36187.5597,481.4946,462.2348,19.2598,0.01160708,0.01114280,19.2598,462.2348,0.01114280,19.2598,19.2598,19.2598,24.0747,24.0747,462.2348,0.01114280,105.9288,97.0336,375.5658,384.461,0.00905352,0.00926795,0.00046428,15.0409,16.8584,0.2153,11.7438,0.4291,1011.7763,54.5366,10.8148,15.0547,10.2862,13.088,13.088,26.176,34.6568,52.3519,13.088,-5.1891,2.647988,4.0,1.149216,29,158,24,5,0.00234634,0.01160708,0.15915119,0E-8,0.000000,0.908698,0.000000,-0.14789112,2026-04-14,2026-07-10,41,1122,472,88,0.465909,0.718364,0.719024,0.007821,,,,,,,,GLOBAL_BASELINE_NO_ENTITY_RANKING,,,NOT_APPLICABLE_GLOBAL_BASELINE,HF9g-P5,,,,X 全窗基线 · 不参与实体赏罚,8392018,840,A168_HF9F_20260827_0900,2026-08-27 09:00:00
2026-05-02,142615618,2266,0,12.9728607753,-12.9728607753,-12.9728607753,0E-7,1,1,0.49324550000000000,0.493245500000,-0.9865810262130424,-0.9865810262130424,-0.9865810262130424,0E-17,ELIGIBLE,R03b_20260811_FULL_v1,L1_ELIGIBILITY,v2026-08-11,2026-03-21..2026-08-06,baccarat_bet02_101_all_pairs_incl_sentinel,round_win = game_pnl > 0 (decisive only),COMPATIBILITY_ONLY_NOT_PRODUCTION,41482.8302,37695.3747,481.4946,2758,2236,-0.01160708,-0.15915119,-0.01126008,-0.01160708,-481.4946,41482.8302,OK,0.0000,19.2598,4.0000,96.0000,AG03-UNRESOLVED,ALL5_LEVELS_bet23_to_bet27,19.2598,19.2598,19.2598,24.0747,24.0747,4.000000,4.000000,4.000000,5.000000,5.000000,96.000000,96.000000,96.000000,95.000000,95.000000,5.0,105.9288,97.0336,375.5658,384.461,PENDING_AG03,FALSE,NOT_FOR_ENFORCEMENT,462.2348,36187.5597,481.4946,462.2348,19.2598,0.01160708,0.01114280,19.2598,462.2348,0.01114280,19.2598,19.2598,19.2598,24.0747,24.0747,462.2348,0.01114280,105.9288,97.0336,375.5658,384.461,0.00905352,0.00926795,0.00046428,15.0409,16.8584,0.2153,11.7438,0.4291,1011.7763,54.5366,10.8148,15.0547,10.2862,13.088,13.088,26.176,34.6568,52.3519,13.088,-5.1891,2.647988,4.0,1.149216,29,158,24,5,0.00234634,0.01160708,0.15915119,0E-8,0.000000,0.908698,0.000000,-0.14789112,2026-04-14,2026-07-10,41,1122,472,88,0.465909,0.718364,0.719024,0.007821,,,,,,,,GLOBAL_BASELINE_NO_ENTITY_RANKING,,,NOT_APPLICABLE_GLOBAL_BASELINE,HF9g-P5,,,,X 全窗基线 · 不参与实体赏罚,8392019,840,A168_HF9F_20260827_0900,2026-08-27 09:00:00
2026-05-02,142615618,550,0,20.7565772404,-0.5189144310,-0.5189144310,0E-7,4,2,0.30062675000000000,0.300626750000,-0.9272018728036208,-0.9272018728036208,-0.9272018728036208,0E-17,ELIGIBLE,R03b_20260811_FULL_v1,L1_ELIGIBILITY,v2026-08-11,2026-03-21..2026-08-06,baccarat_bet02_101_all_pairs_incl_sentinel,round_win = game_pnl > 0 (decisive only),COMPATIBILITY_ONLY_NOT_PRODUCTION,41482.8302,37695.3747,481.4946,2758,2236,-0.01160708,-0.15915119,-0.01126008,-0.01160708,-481.4946,41482.8302,OK,0.0000,19.2598,4.0000,96.0000,AG03-UNRESOLVED,ALL5_LEVELS_bet23_to_bet27,19.2598,19.2598,19.2598,24.0747,24.0747,4.000000,4.000000,4.000000,5.000000,5.000000,96.000000,96.000000,96.000000,95.000000,95.000000,5.0,105.9288,97.0336,375.5658,384.461,PENDING_AG03,FALSE,NOT_FOR_ENFORCEMENT,462.2348,36187.5597,481.4946,462.2348,19.2598,0.01160708,0.01114280,19.2598,462.2348,0.01114280,19.2598,19.2598,19.2598,24.0747,24.0747,462.2348,0.01114280,105.9288,97.0336,375.5658,384.461,0.00905352,0.00926795,0.00046428,15.0409,16.8584,0.2153,11.7438,0.4291,1011.7763,54.5366,10.8148,15.0547,10.2862,13.088,13.088,26.176,34.6568,52.3519,13.088,-5.1891,2.647988,4.0,1.149216,29,158,24,5,0.00234634,0.01160708,0.15915119,0E-8,0.000000,0.908698,0.000000,-0.14789112,2026-04-14,2026-07-10,41,1122,472,88,0.465909,0.718364,0.719024,0.007821,,,,,,,,GLOBAL_BASELINE_NO_ENTITY_RANKING,,,NOT_APPLICABLE_GLOBAL_BASELINE,HF9g-P5,,,,X 全窗基线 · 不参与实体赏罚,8392020,840,A168_HF9F_20260827_0900,2026-08-27 09:00:00
2026-05-02,142615618,583,0,25.9457215505,24.6484354730,24.6484354730,1.0000000,1,1,0.50665070000000000,0.506650700000,0.9867858985152569,0.9867858985152569,0.9867858985152569,0E-17,ELIGIBLE,R03b_20260811_FULL_v1,L1_ELIGIBILITY,v2026-08-11,2026-03-21..2026-08-06,baccarat_bet02_101_all_pairs_incl_sentinel,round_win = game_pnl > 0 (decisive only),COMPATIBILITY_ONLY_NOT_PRODUCTION,41482.8302,37695.3747,481.4946,2758,2236,-0.01160708,-0.15915119,-0.01126008,-0.01160708,-481.4946,41482.8302,OK,0.0000,19.2598,4.0000,96.0000,AG03-UNRESOLVED,ALL5_LEVELS_bet23_to_bet27,19.2598,19.2598,19.2598,24.0747,24.0747,4.000000,4.000000,4.000000,5.000000,5.000000,96.000000,96.000000,96.000000,95.000000,95.000000,5.0,105.9288,97.0336,375.5658,384.461,PENDING_AG03,FALSE,NOT_FOR_ENFORCEMENT,462.2348,36187.5597,481.4946,462.2348,19.2598,0.01160708,0.01114280,19.2598,462.2348,0.01114280,19.2598,19.2598,19.2598,24.0747,24.0747,462.2348,0.01114280,105.9288,97.0336,375.5658,384.461,0.00905352,0.00926795,0.00046428,15.0409,16.8584,0.2153,11.7438,0.4291,1011.7763,54.5366,10.8148,15.0547,10.2862,13.088,13.088,26.176,34.6568,52.3519,13.088,-5.1891,2.647988,4.0,1.149216,29,158,24,5,0.00234634,0.01160708,0.15915119,0E-8,0.000000,0.908698,0.000000,-0.14789112,2026-04-14,2026-07-10,41,1122,472,88,0.465909,0.718364,0.719024,0.007821,,,,,,,,GLOBAL_BASELINE_NO_ENTITY_RANKING,,,NOT_APPLICABLE_GLOBAL_BASELINE,HF9g-P5,,,,X 全窗基线 · 不参与实体赏罚,8392021,840,A168_HF9F_20260827_0900,2026-08-27 09:00:00
2026-05-02,142615618,772,0,12.9728607753,-12.9728607753,-12.9728607753,0E-7,1,1,0.50665070000000000,0.506650700000,-1.013391052207602,-1.013391052207602,-1.013391052207602,0E-17,ELIGIBLE,R03b_20260811_FULL_v1,L1_ELIGIBILITY,v2026-08-11,2026-03-21..2026-08-06,baccarat_bet02_101_all_pairs_incl_sentinel,round_win = game_pnl > 0 (decisive only),COMPATIBILITY_ONLY_NOT_PRODUCTION,41482.8302,37695.3747,481.4946,2758,2236,-0.01160708,-0.15915119,-0.01126008,-0.01160708,-481.4946,41482.8302,OK,0.0000,19.2598,4.0000,96.0000,AG03-UNRESOLVED,ALL5_LEVELS_bet23_to_bet27,19.2598,19.2598,19.2598,24.0747,24.0747,4.000000,4.000000,4.000000,5.000000,5.000000,96.000000,96.000000,96.000000,95.000000,95.000000,5.0,105.9288,97.0336,375.5658,384.461,PENDING_AG03,FALSE,NOT_FOR_ENFORCEMENT,462.2348,36187.5597,481.4946,462.2348,19.2598,0.01160708,0.01114280,19.2598,462.2348,0.01114280,19.2598,19.2598,19.2598,24.0747,24.0747,462.2348,0.01114280,105.9288,97.0336,375.5658,384.461,0.00905352,0.00926795,0.00046428,15.0409,16.8584,0.2153,11.7438,0.4291,1011.7763,54.5366,10.8148,15.0547,10.2862,13.088,13.088,26.176,34.6568,52.3519,13.088,-5.1891,2.647988,4.0,1.149216,29,158,24,5,0.00234634,0.01160708,0.15915119,0E-8,0.000000,0.908698,0.000000,-0.14789112,2026-04-14,2026-07-10,41,1122,472,88,0.465909,0.718364,0.719024,0.007821,,,,,,,,GLOBAL_BASELINE_NO_ENTITY_RANKING,,,NOT_APPLICABLE_GLOBAL_BASELINE,HF9g-P5,,,,X 全窗基线 · 不参与实体赏罚,8392022,840,A168_HF9F_20260827_0900,2026-08-27 09:00:00
2026-05-02,142615618,993,0,25.9457215505,-25.9457215505,-25.9457215505,0E-7,1,1,0.50665070000000000,0.506650700000,-1.013391052207602,-1.013391052207602,-1.013391052207602,0E-17,ELIGIBLE,R03b_20260811_FULL_v1,L1_ELIGIBILITY,v2026-08-11,2026-03-21..2026-08-06,baccarat_bet02_101_all_pairs_incl_sentinel,round_win = game_pnl > 0 (decisive only),COMPATIBILITY_ONLY_NOT_PRODUCTION,41482.8302,37695.3747,481.4946,2758,2236,-0.01160708,-0.15915119,-0.01126008,-0.01160708,-481.4946,41482.8302,OK,0.0000,19.2598,4.0000,96.0000,AG03-UNRESOLVED,ALL5_LEVELS_bet23_to_bet27,19.2598,19.2598,19.2598,24.0747,24.0747,4.000000,4.000000,4.000000,5.000000,5.000000,96.000000,96.000000,96.000000,95.000000,95.000000,5.0,105.9288,97.0336,375.5658,384.461,PENDING_AG03,FALSE,NOT_FOR_ENFORCEMENT,462.2348,36187.5597,481.4946,462.2348,19.2598,0.01160708,0.01114280,19.2598,462.2348,0.01114280,19.2598,19.2598,19.2598,24.0747,24.0747,462.2348,0.01114280,105.9288,97.0336,375.5658,384.461,0.00905352,0.00926795,0.00046428,15.0409,16.8584,0.2153,11.7438,0.4291,1011.7763,54.5366,10.8148,15.0547,10.2862,13.088,13.088,26.176,34.6568,52.3519,13.088,-5.1891,2.647988,4.0,1.149216,29,158,24,5,0.00234634,0.01160708,0.15915119,0E-8,0.000000,0.908698,0.000000,-0.14789112,2026-04-14,2026-07-10,41,1122,472,88,0.465909,0.718364,0.719024,0.007821,,,,,,,,GLOBAL_BASELINE_NO_ENTITY_RANKING,,,NOT_APPLICABLE_GLOBAL_BASELINE,HF9g-P5,,,,X 全窗基线 · 不参与实体赏罚,8392023,840,A168_HF9F_20260827_0900,2026-08-27 09:00:00
2026-05-03,142615618,-1,1,105.8585439262,-36.0386072338,-36.0386072338,0.2000000,6,5,0.48042406571435054,0.462764870000,-1.2550568345748132,-1.178392341476427,-1.2550568345748132,0.01765919571435054,SENTINEL_DEALER,R03b_20260811_FULL_v1,L1_ELIGIBILITY,v2026-08-11,2026-03-21..2026-08-06,baccarat_bet02_101_all_pairs_incl_sentinel,round_win = game_pnl > 0 (decisive only),COMPATIBILITY_ONLY_NOT_PRODUCTION,41482.8302,37695.3747,481.4946,2758,2236,-0.01160708,-0.15915119,-0.01126008,-0.01160708,-481.4946,41482.8302,OK,0.0000,19.2598,4.0000,96.0000,AG03-UNRESOLVED,ALL5_LEVELS_bet23_to_bet27,19.2598,19.2598,19.2598,24.0747,24.0747,4.000000,4.000000,4.000000,5.000000,5.000000,96.000000,96.000000,96.000000,95.000000,95.000000,5.0,105.9288,97.0336,375.5658,384.461,PENDING_AG03,FALSE,NOT_FOR_ENFORCEMENT,462.2348,36187.5597,481.4946,462.2348,19.2598,0.01160708,0.01114280,19.2598,462.2348,0.01114280,19.2598,19.2598,19.2598,24.0747,24.0747,462.2348,0.01114280,105.9288,97.0336,375.5658,384.461,0.00905352,0.00926795,0.00046428,15.0409,16.8584,0.2153,11.7438,0.4291,1011.7763,54.5366,10.8148,15.0547,10.2862,13.088,13.088,26.176,34.6568,52.3519,13.088,-5.1891,2.647988,4.0,1.149216,29,158,24,5,0.00234634,0.01160708,0.15915119,0E-8,0.000000,0.908698,0.000000,-0.14789112,2026-04-14,2026-07-10,41,1122,472,88,0.465909,0.718364,0.719024,0.007821,,,,,,,,GLOBAL_BASELINE_NO_ENTITY_RANKING,,,NOT_APPLICABLE_GLOBAL_BASELINE,HF9g-P5,,,,X 全窗基线 · 不参与实体赏罚,8392024,840,A168_HF9F_20260827_0900,2026-08-27 09:00:00
2026-05-03,142615618,1017,0,38.9185823258,-38.9185823258,-38.9185823258,0E-7,2,2,0.50665070000000000,0.506650700000,-1.4331513700195317,-1.4331513700195317,-1.4331513700195317,0E-17,ELIGIBLE,R03b_20260811_FULL_v1,L1_ELIGIBILITY,v2026-08-11,2026-03-21..2026-08-06,baccarat_bet02_101_all_pairs_incl_sentinel,round_win = game_pnl > 0 (decisive only),COMPATIBILITY_ONLY_NOT_PRODUCTION,41482.8302,37695.3747,481.4946,2758,2236,-0.01160708,-0.15915119,-0.01126008,-0.01160708,-481.4946,41482.8302,OK,0.0000,19.2598,4.0000,96.0000,AG03-UNRESOLVED,ALL5_LEVELS_bet23_to_bet27,19.2598,19.2598,19.2598,24.0747,24.0747,4.000000,4.000000,4.000000,5.000000,5.000000,96.000000,96.000000,96.000000,95.000000,95.000000,5.0,105.9288,97.0336,375.5658,384.461,PENDING_AG03,FALSE,NOT_FOR_ENFORCEMENT,462.2348,36187.5597,481.4946,462.2348,19.2598,0.01160708,0.01114280,19.2598,462.2348,0.01114280,19.2598,19.2598,19.2598,24.0747,24.0747,462.2348,0.01114280,105.9288,97.0336,375.5658,384.461,0.00905352,0.00926795,0.00046428,15.0409,16.8584,0.2153,11.7438,0.4291,1011.7763,54.5366,10.8148,15.0547,10.2862,13.088,13.088,26.176,34.6568,52.3519,13.088,-5.1891,2.647988,4.0,1.149216,29,158,24,5,0.00234634,0.01160708,0.15915119,0E-8,0.000000,0.908698,0.000000,-0.14789112,2026-04-14,2026-07-10,41,1122,472,88,0.465909,0.718364,0.719024,0.007821,,,,,,,,GLOBAL_BASELINE_NO_ENTITY_RANKING,,,NOT_APPLICABLE_GLOBAL_BASELINE,HF9g-P5,,,,X 全窗基线 · 不参与实体赏罚,8392025,840,A168_HF9F_20260827_0900,2026-08-27 09:00:00
2026-05-03,142615618,1382,0,18.1620050854,7.7837164652,7.7837164652,1.0000000,2,1,0.37934758571459928,0.293924150000,1.2791031319720105,1.549915577879723,1.2791031319720105,0.08542343571459928,ELIGIBLE,R03b_20260811_FULL_v1,L1_ELIGIBILITY,v2026-08-11,2026-03-21..2026-08-06,baccarat_bet02_101_all_pairs_incl_sentinel,round_win = game_pnl > 0 (decisive only),COMPATIBILITY_ONLY_NOT_PRODUCTION,41482.8302,37695.3747,481.4946,2758,2236,-0.01160708,-0.15915119,-0.01126008,-0.01160708,-481.4946,41482.8302,OK,0.0000,19.2598,4.0000,96.0000,AG03-UNRESOLVED,ALL5_LEVELS_bet23_to_bet27,19.2598,19.2598,19.2598,24.0747,24.0747,4.000000,4.000000,4.000000,5.000000,5.000000,96.000000,96.000000,96.000000,95.000000,95.000000,5.0,105.9288,97.0336,375.5658,384.461,PENDING_AG03,FALSE,NOT_FOR_ENFORCEMENT,462.2348,36187.5597,481.4946,462.2348,19.2598,0.01160708,0.01114280,19.2598,462.2348,0.01114280,19.2598,19.2598,19.2598,24.0747,24.0747,462.2348,0.01114280,105.9288,97.0336,375.5658,384.461,0.00905352,0.00926795,0.00046428,15.0409,16.8584,0.2153,11.7438,0.4291,1011.7763,54.5366,10.8148,15.0547,10.2862,13.088,13.088,26.176,34.6568,52.3519,13.088,-5.1891,2.647988,4.0,1.149216,29,158,24,5,0.00234634,0.01160708,0.15915119,0E-8,0.000000,0.908698,0.000000,-0.14789112,2026-04-14,2026-07-10,41,1122,472,88,0.465909,0.718364,0.719024,0.007821,,,,,,,,GLOBAL_BASELINE_NO_ENTITY_RANKING,,,NOT_APPLICABLE_GLOBAL_BASELINE,HF9g-P5,,,,X 全窗基线 · 不参与实体赏罚,8392026,840,A168_HF9F_20260827_0900,2026-08-27 09:00:00
2026-05-03,142615618,1623,0,12.9728607753,12.9728607753,12.9728607753,1.0000000,1,1,0.49324550000000000,0.493245500000,1.01360149184955,1.01360149184955,1.01360149184955,0E-17,ELIGIBLE,R03b_20260811_FULL_v1,L1_ELIGIBILITY,v2026-08-11,2026-03-21..2026-08-06,baccarat_bet02_101_all_pairs_incl_sentinel,round_win = game_pnl > 0 (decisive only),COMPATIBILITY_ONLY_NOT_PRODUCTION,41482.8302,37695.3747,481.4946,2758,2236,-0.01160708,-0.15915119,-0.01126008,-0.01160708,-481.4946,41482.8302,OK,0.0000,19.2598,4.0000,96.0000,AG03-UNRESOLVED,ALL5_LEVELS_bet23_to_bet27,19.2598,19.2598,19.2598,24.0747,24.0747,4.000000,4.000000,4.000000,5.000000,5.000000,96.000000,96.000000,96.000000,95.000000,95.000000,5.0,105.9288,97.0336,375.5658,384.461,PENDING_AG03,FALSE,NOT_FOR_ENFORCEMENT,462.2348,36187.5597,481.4946,462.2348,19.2598,0.01160708,0.01114280,19.2598,462.2348,0.01114280,19.2598,19.2598,19.2598,24.0747,24.0747,462.2348,0.01114280,105.9288,97.0336,375.5658,384.461,0.00905352,0.00926795,0.00046428,15.0409,16.8584,0.2153,11.7438,0.4291,1011.7763,54.5366,10.8148,15.0547,10.2862,13.088,13.088,26.176,34.6568,52.3519,13.088,-5.1891,2.647988,4.0,1.149216,29,158,24,5,0.00234634,0.01160708,0.15915119,0E-8,0.000000,0.908698,0.000000,-0.14789112,2026-04-14,2026-07-10,41,1122,472,88,0.465909,0.718364,0.719024,0.007821,,,,,,,,GLOBAL_BASELINE_NO_ENTITY_RANKING,,,NOT_APPLICABLE_GLOBAL_BASELINE,HF9g-P5,,,,X 全窗基线 · 不参与实体赏罚,8392027,840,A168_HF9F_20260827_0900,2026-08-27 09:00:00
2026-05-03,142615618,1645,0,57.0805874112,-31.1348658606,-31.1348658606,0.3333333,3,3,0.36036460000000000,0.360364600000,-0.0975191074257721,-0.0975191074257721,-0.0975191074257721,0E-17,ELIGIBLE,R03b_20260811_FULL_v1,L1_ELIGIBILITY,v2026-08-11,2026-03-21..2026-08-06,baccarat_bet02_101_all_pairs_incl_sentinel,round_win = game_pnl > 0 (decisive only),COMPATIBILITY_ONLY_NOT_PRODUCTION,41482.8302,37695.3747,481.4946,2758,2236,-0.01160708,-0.15915119,-0.01126008,-0.01160708,-481.4946,41482.8302,OK,0.0000,19.2598,4.0000,96.0000,AG03-UNRESOLVED,ALL5_LEVELS_bet23_to_bet27,19.2598,19.2598,19.2598,24.0747,24.0747,4.000000,4.000000,4.000000,5.000000,5.000000,96.000000,96.000000,96.000000,95.000000,95.000000,5.0,105.9288,97.0336,375.5658,384.461,PENDING_AG03,FALSE,NOT_FOR_ENFORCEMENT,462.2348,36187.5597,481.4946,462.2348,19.2598,0.01160708,0.01114280,19.2598,462.2348,0.01114280,19.2598,19.2598,19.2598,24.0747,24.0747,462.2348,0.01114280,105.9288,97.0336,375.5658,384.461,0.00905352,0.00926795,0.00046428,15.0409,16.8584,0.2153,11.7438,0.4291,1011.7763,54.5366,10.8148,15.0547,10.2862,13.088,13.088,26.176,34.6568,52.3519,13.088,-5.1891,2.647988,4.0,1.149216,29,158,24,5,0.00234634,0.01160708,0.15915119,0E-8,0.000000,0.908698,0.000000,-0.14789112,2026-04-14,2026-07-10,41,1122,472,88,0.465909,0.718364,0.719024,0.007821,,,,,,,,GLOBAL_BASELINE_NO_ENTITY_RANKING,,,NOT_APPLICABLE_GLOBAL_BASELINE,HF9g-P5,,,,X 全窗基线 · 不参与实体赏罚,8392028,840,A168_HF9F_20260827_0900,2026-08-27 09:00:00
2026-05-03,142615618,1942,0,5.1891443101,-5.1891443101,-5.1891443101,0E-7,1,1,0.09460280000000000,0.094602800000,-0.32324545095860213,-0.32324545095860213,-0.32324545095860213,0E-17,ELIGIBLE,R03b_20260811_FULL_v1,L1_ELIGIBILITY,v2026-08-11,2026-03-21..2026-08-06,baccarat_bet02_101_all_pairs_incl_sentinel,round_win = game_pnl > 0 (decisive only),COMPATIBILITY_ONLY_NOT_PRODUCTION,41482.8302,37695.3747,481.4946,2758,2236,-0.01160708,-0.15915119,-0.01126008,-0.01160708,-481.4946,41482.8302,OK,0.0000,19.2598,4.0000,96.0000,AG03-UNRESOLVED,ALL5_LEVELS_bet23_to_bet27,19.2598,19.2598,19.2598,24.0747,24.0747,4.000000,4.000000,4.000000,5.000000,5.000000,96.000000,96.000000,96.000000,95.000000,95.000000,5.0,105.9288,97.0336,375.5658,384.461,PENDING_AG03,FALSE,NOT_FOR_ENFORCEMENT,462.2348,36187.5597,481.4946,462.2348,19.2598,0.01160708,0.01114280,19.2598,462.2348,0.01114280,19.2598,19.2598,19.2598,24.0747,24.0747,462.2348,0.01114280,105.9288,97.0336,375.5658,384.461,0.00905352,0.00926795,0.00046428,15.0409,16.8584,0.2153,11.7438,0.4291,1011.7763,54.5366,10.8148,15.0547,10.2862,13.088,13.088,26.176,34.6568,52.3519,13.088,-5.1891,2.647988,4.0,1.149216,29,158,24,5,0.00234634,0.01160708,0.15915119,0E-8,0.000000,0.908698,0.000000,-0.14789112,2026-04-14,2026-07-10,41,1122,472,88,0.465909,0.718364,0.719024,0.007821,,,,,,,,GLOBAL_BASELINE_NO_ENTITY_RANKING,,,NOT_APPLICABLE_GLOBAL_BASELINE,HF9g-P5,,,,X 全窗基线 · 不参与实体赏罚,8392029,840,A168_HF9F_20260827_0900,2026-08-27 09:00:00
2026-05-03,142615618,1963,0,12.9728607753,0E-10,0E-10,,1,1,0.50665070000000000,0.506650700000,,,,0E-17,NO_DECISIVE_ROUND,R03b_20260811_FULL_v1,L1_ELIGIBILITY,v2026-08-11,2026-03-21..2026-08-06,baccarat_bet02_101_all_pairs_incl_sentinel,round_win = game_pnl > 0 (decisive only),COMPATIBILITY_ONLY_NOT_PRODUCTION,41482.8302,37695.3747,481.4946,2758,2236,-0.01160708,-0.15915119,-0.01126008,-0.01160708,-481.4946,41482.8302,OK,0.0000,19.2598,4.0000,96.0000,AG03-UNRESOLVED,ALL5_LEVELS_bet23_to_bet27,19.2598,19.2598,19.2598,24.0747,24.0747,4.000000,4.000000,4.000000,5.000000,5.000000,96.000000,96.000000,96.000000,95.000000,95.000000,5.0,105.9288,97.0336,375.5658,384.461,PENDING_AG03,FALSE,NOT_FOR_ENFORCEMENT,462.2348,36187.5597,481.4946,462.2348,19.2598,0.01160708,0.01114280,19.2598,462.2348,0.01114280,19.2598,19.2598,19.2598,24.0747,24.0747,462.2348,0.01114280,105.9288,97.0336,375.5658,384.461,0.00905352,0.00926795,0.00046428,15.0409,16.8584,0.2153,11.7438,0.4291,1011.7763,54.5366,10.8148,15.0547,10.2862,13.088,13.088,26.176,34.6568,52.3519,13.088,-5.1891,2.647988,4.0,1.149216,29,158,24,5,0.00234634,0.01160708,0.15915119,0E-8,0.000000,0.908698,0.000000,-0.14789112,2026-04-14,2026-07-10,41,1122,472,88,0.465909,0.718364,0.719024,0.007821,,,,,,,,GLOBAL_BASELINE_NO_ENTITY_RANKING,,,NOT_APPLICABLE_GLOBAL_BASELINE,HF9g-P5,,,,X 全窗基线 · 不参与实体赏罚,8392030,840,A168_HF9F_20260827_0900,2026-08-27 09:00:00
2026-05-03,142615618,1985,0,116.7557469773,-2.5945721550,-2.5945721550,0.3333333,4,4,0.50665070000000000,0.506650700000,-0.6004420894325239,-0.6004420894325239,-0.6004420894325239,0E-17,ELIGIBLE,R03b_20260811_FULL_v1,L1_ELIGIBILITY,v2026-08-11,2026-03-21..2026-08-06,baccarat_bet02_101_all_pairs_incl_sentinel,round_win = game_pnl > 0 (decisive only),COMPATIBILITY_ONLY_NOT_PRODUCTION,41482.8302,37695.3747,481.4946,2758,2236,-0.01160708,-0.15915119,-0.01126008,-0.01160708,-481.4946,41482.8302,OK,0.0000,19.2598,4.0000,96.0000,AG03-UNRESOLVED,ALL5_LEVELS_bet23_to_bet27,19.2598,19.2598,19.2598,24.0747,24.0747,4.000000,4.000000,4.000000,5.000000,5.000000,96.000000,96.000000,96.000000,95.000000,95.000000,5.0,105.9288,97.0336,375.5658,384.461,PENDING_AG03,FALSE,NOT_FOR_ENFORCEMENT,462.2348,36187.5597,481.4946,462.2348,19.2598,0.01160708,0.01114280,19.2598,462.2348,0.01114280,19.2598,19.2598,19.2598,24.0747,24.0747,462.2348,0.01114280,105.9288,97.0336,375.5658,384.461,0.00905352,0.00926795,0.00046428,15.0409,16.8584,0.2153,11.7438,0.4291,1011.7763,54.5366,10.8148,15.0547,10.2862,13.088,13.088,26.176,34.6568,52.3519,13.088,-5.1891,2.647988,4.0,1.149216,29,158,24,5,0.00234634,0.01160708,0.15915119,0E-8,0.000000,0.908698,0.000000,-0.14789112,2026-04-14,2026-07-10,41,1122,472,88,0.465909,0.718364,0.719024,0.007821,,,,,,,,GLOBAL_BASELINE_NO_ENTITY_RANKING,,,NOT_APPLICABLE_GLOBAL_BASELINE,HF9g-P5,,,,X 全窗基线 · 不参与实体赏罚,8392031,840,A168_HF9F_20260827_0900,2026-08-27 09:00:00
2026-05-03,142615618,2106,0,22.5727777489,-22.5727777489,-22.5727777489,0E-7,1,1,0.50665070000000000,0.506650700000,-1.013391052207602,-1.013391052207602,-1.013391052207602,0E-17,ELIGIBLE,R03b_20260811_FULL_v1,L1_ELIGIBILITY,v2026-08-11,2026-03-21..2026-08-06,baccarat_bet02_101_all_pairs_incl_sentinel,round_win = game_pnl > 0 (decisive only),COMPATIBILITY_ONLY_NOT_PRODUCTION,41482.8302,37695.3747,481.4946,2758,2236,-0.01160708,-0.15915119,-0.01126008,-0.01160708,-481.4946,41482.8302,OK,0.0000,19.2598,4.0000,96.0000,AG03-UNRESOLVED,ALL5_LEVELS_bet23_to_bet27,19.2598,19.2598,19.2598,24.0747,24.0747,4.000000,4.000000,4.000000,5.000000,5.000000,96.000000,96.000000,96.000000,95.000000,95.000000,5.0,105.9288,97.0336,375.5658,384.461,PENDING_AG03,FALSE,NOT_FOR_ENFORCEMENT,462.2348,36187.5597,481.4946,462.2348,19.2598,0.01160708,0.01114280,19.2598,462.2348,0.01114280,19.2598,19.2598,19.2598,24.0747,24.0747,462.2348,0.01114280,105.9288,97.0336,375.5658,384.461,0.00905352,0.00926795,0.00046428,15.0409,16.8584,0.2153,11.7438,0.4291,1011.7763,54.5366,10.8148,15.0547,10.2862,13.088,13.088,26.176,34.6568,52.3519,13.088,-5.1891,2.647988,4.0,1.149216,29,158,24,5,0.00234634,0.01160708,0.15915119,0E-8,0.000000,0.908698,0.000000,-0.14789112,2026-04-14,2026-07-10,41,1122,472,88,0.465909,0.718364,0.719024,0.007821,,,,,,,,GLOBAL_BASELINE_NO_ENTITY_RANKING,,,NOT_APPLICABLE_GLOBAL_BASELINE,HF9g-P5,,,,X 全窗基线 · 不参与实体赏罚,8392032,840,A168_HF9F_20260827_0900,2026-08-27 09:00:00
2026-05-03,142615618,2145,0,12.9728607753,0E-10,0E-10,,1,1,0.50665070000000000,0.506650700000,,,,0E-17,NO_DECISIVE_ROUND,R03b_20260811_FULL_v1,L1_ELIGIBILITY,v2026-08-11,2026-03-21..2026-08-06,baccarat_bet02_101_all_pairs_incl_sentinel,round_win = game_pnl > 0 (decisive only),COMPATIBILITY_ONLY_NOT_PRODUCTION,41482.8302,37695.3747,481.4946,2758,2236,-0.01160708,-0.15915119,-0.01126008,-0.01160708,-481.4946,41482.8302,OK,0.0000,19.2598,4.0000,96.0000,AG03-UNRESOLVED,ALL5_LEVELS_bet23_to_bet27,19.2598,19.2598,19.2598,24.0747,24.0747,4.000000,4.000000,4.000000,5.000000,5.000000,96.000000,96.000000,96.000000,95.000000,95.000000,5.0,105.9288,97.0336,375.5658,384.461,PENDING_AG03,FALSE,NOT_FOR_ENFORCEMENT,462.2348,36187.5597,481.4946,462.2348,19.2598,0.01160708,0.01114280,19.2598,462.2348,0.01114280,19.2598,19.2598,19.2598,24.0747,24.0747,462.2348,0.01114280,105.9288,97.0336,375.5658,384.461,0.00905352,0.00926795,0.00046428,15.0409,16.8584,0.2153,11.7438,0.4291,1011.7763,54.5366,10.8148,15.0547,10.2862,13.088,13.088,26.176,34.6568,52.3519,13.088,-5.1891,2.647988,4.0,1.149216,29,158,24,5,0.00234634,0.01160708,0.15915119,0E-8,0.000000,0.908698,0.000000,-0.14789112,2026-04-14,2026-07-10,41,1122,472,88,0.465909,0.718364,0.719024,0.007821,,,,,,,,GLOBAL_BASELINE_NO_ENTITY_RANKING,,,NOT_APPLICABLE_GLOBAL_BASELINE,HF9g-P5,,,,X 全窗基线 · 不参与实体赏罚,8392033,840,A168_HF9F_20260827_0900,2026-08-27 09:00:00
2026-05-03,142615618,2224,0,18.4214623009,17.5003891858,17.5003891858,1.0000000,1,1,0.50665070000000000,0.506650700000,0.9867858985152569,0.9867858985152569,0.9867858985152569,0E-17,ELIGIBLE,R03b_20260811_FULL_v1,L1_ELIGIBILITY,v2026-08-11,2026-03-21..2026-08-06,baccarat_bet02_101_all_pairs_incl_sentinel,round_win = game_pnl > 0 (decisive only),COMPATIBILITY_ONLY_NOT_PRODUCTION,41482.8302,37695.3747,481.4946,2758,2236,-0.01160708,-0.15915119,-0.01126008,-0.01160708,-481.4946,41482.8302,OK,0.0000,19.2598,4.0000,96.0000,AG03-UNRESOLVED,ALL5_LEVELS_bet23_to_bet27,19.2598,19.2598,19.2598,24.0747,24.0747,4.000000,4.000000,4.000000,5.000000,5.000000,96.000000,96.000000,96.000000,95.000000,95.000000,5.0,105.9288,97.0336,375.5658,384.461,PENDING_AG03,FALSE,NOT_FOR_ENFORCEMENT,462.2348,36187.5597,481.4946,462.2348,19.2598,0.01160708,0.01114280,19.2598,462.2348,0.01114280,19.2598,19.2598,19.2598,24.0747,24.0747,462.2348,0.01114280,105.9288,97.0336,375.5658,384.461,0.00905352,0.00926795,0.00046428,15.0409,16.8584,0.2153,11.7438,0.4291,1011.7763,54.5366,10.8148,15.0547,10.2862,13.088,13.088,26.176,34.6568,52.3519,13.088,-5.1891,2.647988,4.0,1.149216,29,158,24,5,0.00234634,0.01160708,0.15915119,0E-8,0.000000,0.908698,0.000000,-0.14789112,2026-04-14,2026-07-10,41,1122,472,88,0.465909,0.718364,0.719024,0.007821,,,,,,,,GLOBAL_BASELINE_NO_ENTITY_RANKING,,,NOT_APPLICABLE_GLOBAL_BASELINE,HF9g-P5,,,,X 全窗基线 · 不参与实体赏罚,8392034,840,A168_HF9F_20260827_0900,2026-08-27 09:00:00
2026-05-03,142615618,2229,0,28.5402937056,-8.3026308962,-8.3026308962,0.5000000,3,2,0.43797605000000000,0.403638725000,0.17679575212256196,0.27775789067037676,0.17679575212256196,0.03433732500000000,ELIGIBLE,R03b_20260811_FULL_v1,L1_ELIGIBILITY,v2026-08-11,2026-03-21..2026-08-06,baccarat_bet02_101_all_pairs_incl_sentinel,round_win = game_pnl > 0 (decisive only),COMPATIBILITY_ONLY_NOT_PRODUCTION,41482.8302,37695.3747,481.4946,2758,2236,-0.01160708,-0.15915119,-0.01126008,-0.01160708,-481.4946,41482.8302,OK,0.0000,19.2598,4.0000,96.0000,AG03-UNRESOLVED,ALL5_LEVELS_bet23_to_bet27,19.2598,19.2598,19.2598,24.0747,24.0747,4.000000,4.000000,4.000000,5.000000,5.000000,96.000000,96.000000,96.000000,95.000000,95.000000,5.0,105.9288,97.0336,375.5658,384.461,PENDING_AG03,FALSE,NOT_FOR_ENFORCEMENT,462.2348,36187.5597,481.4946,462.2348,19.2598,0.01160708,0.01114280,19.2598,462.2348,0.01114280,19.2598,19.2598,19.2598,24.0747,24.0747,462.2348,0.01114280,105.9288,97.0336,375.5658,384.461,0.00905352,0.00926795,0.00046428,15.0409,16.8584,0.2153,11.7438,0.4291,1011.7763,54.5366,10.8148,15.0547,10.2862,13.088,13.088,26.176,34.6568,52.3519,13.088,-5.1891,2.647988,4.0,1.149216,29,158,24,5,0.00234634,0.01160708,0.15915119,0E-8,0.000000,0.908698,0.000000,-0.14789112,2026-04-14,2026-07-10,41,1122,472,88,0.465909,0.718364,0.719024,0.007821,,,,,,,,GLOBAL_BASELINE_NO_ENTITY_RANKING,,,NOT_APPLICABLE_GLOBAL_BASELINE,HF9g-P5,,,,X 全窗基线 · 不参与实体赏罚,8392035,840,A168_HF9F_20260827_0900,2026-08-27 09:00:00
2026-05-03,142615618,2244,0,80.4317368067,-18.4214623010,-18.4214623010,0.2500000,6,4,0.44620791250000287,0.446766462500,-0.7894134218279444,-0.7915649242834288,-0.7894134218279444,-0.00055854999999713,ELIGIBLE,R03b_20260811_FULL_v1,L1_ELIGIBILITY,v2026-08-11,2026-03-21..2026-08-06,baccarat_bet02_101_all_pairs_incl_sentinel,round_win = game_pnl > 0 (decisive only),COMPATIBILITY_ONLY_NOT_PRODUCTION,41482.8302,37695.3747,481.4946,2758,2236,-0.01160708,-0.15915119,-0.01126008,-0.01160708,-481.4946,41482.8302,OK,0.0000,19.2598,4.0000,96.0000,AG03-UNRESOLVED,ALL5_LEVELS_bet23_to_bet27,19.2598,19.2598,19.2598,24.0747,24.0747,4.000000,4.000000,4.000000,5.000000,5.000000,96.000000,96.000000,96.000000,95.000000,95.000000,5.0,105.9288,97.0336,375.5658,384.461,PENDING_AG03,FALSE,NOT_FOR_ENFORCEMENT,462.2348,36187.5597,481.4946,462.2348,19.2598,0.01160708,0.01114280,19.2598,462.2348,0.01114280,19.2598,19.2598,19.2598,24.0747,24.0747,462.2348,0.01114280,105.9288,97.0336,375.5658,384.461,0.00905352,0.00926795,0.00046428,15.0409,16.8584,0.2153,11.7438,0.4291,1011.7763,54.5366,10.8148,15.0547,10.2862,13.088,13.088,26.176,34.6568,52.3519,13.088,-5.1891,2.647988,4.0,1.149216,29,158,24,5,0.00234634,0.01160708,0.15915119,0E-8,0.000000,0.908698,0.000000,-0.14789112,2026-04-14,2026-07-10,41,1122,472,88,0.465909,0.718364,0.719024,0.007821,,,,,,,,GLOBAL_BASELINE_NO_ENTITY_RANKING,,,NOT_APPLICABLE_GLOBAL_BASELINE,HF9g-P5,,,,X 全窗基线 · 不参与实体赏罚,8392036,840,A168_HF9F_20260827_0900,2026-08-27 09:00:00
2026-05-03,142615618,2266,0,18.1620050854,-18.1620050854,-18.1620050854,0E-7,2,1,0.38892272857175268,0.300626750000,-0.7977808304445768,-0.655630731788307,-0.7977808304445768,0.08829597857175268,ELIGIBLE,R03b_20260811_FULL_v1,L1_ELIGIBILITY,v2026-08-11,2026-03-21..2026-08-06,baccarat_bet02_101_all_pairs_incl_sentinel,round_win = game_pnl > 0 (decisive only),COMPATIBILITY_ONLY_NOT_PRODUCTION,41482.8302,37695.3747,481.4946,2758,2236,-0.01160708,-0.15915119,-0.01126008,-0.01160708,-481.4946,41482.8302,OK,0.0000,19.2598,4.0000,96.0000,AG03-UNRESOLVED,ALL5_LEVELS_bet23_to_bet27,19.2598,19.2598,19.2598,24.0747,24.0747,4.000000,4.000000,4.000000,5.000000,5.000000,96.000000,96.000000,96.000000,95.000000,95.000000,5.0,105.9288,97.0336,375.5658,384.461,PENDING_AG03,FALSE,NOT_FOR_ENFORCEMENT,462.2348,36187.5597,481.4946,462.2348,19.2598,0.01160708,0.01114280,19.2598,462.2348,0.01114280,19.2598,19.2598,19.2598,24.0747,24.0747,462.2348,0.01114280,105.9288,97.0336,375.5658,384.461,0.00905352,0.00926795,0.00046428,15.0409,16.8584,0.2153,11.7438,0.4291,1011.7763,54.5366,10.8148,15.0547,10.2862,13.088,13.088,26.176,34.6568,52.3519,13.088,-5.1891,2.647988,4.0,1.149216,29,158,24,5,0.00234634,0.01160708,0.15915119,0E-8,0.000000,0.908698,0.000000,-0.14789112,2026-04-14,2026-07-10,41,1122,472,88,0.465909,0.718364,0.719024,0.007821,,,,,,,,GLOBAL_BASELINE_NO_ENTITY_RANKING,,,NOT_APPLICABLE_GLOBAL_BASELINE,HF9g-P5,,,,X 全窗基线 · 不参与实体赏罚,8392037,840,A168_HF9F_20260827_0900,2026-08-27 09:00:00
2026-05-03,142615618,789,0,12.9728607753,-12.9728607753,-12.9728607753,0E-7,1,1,0.50665070000000000,0.506650700000,-1.013391052207602,-1.013391052207602,-1.013391052207602,0E-17,ELIGIBLE,R03b_20260811_FULL_v1,L1_ELIGIBILITY,v2026-08-11,2026-03-21..2026-08-06,baccarat_bet02_101_all_pairs_incl_sentinel,round_win = game_pnl > 0 (decisive only),COMPATIBILITY_ONLY_NOT_PRODUCTION,41482.8302,37695.3747,481.4946,2758,2236,-0.01160708,-0.15915119,-0.01126008,-0.01160708,-481.4946,41482.8302,OK,0.0000,19.2598,4.0000,96.0000,AG03-UNRESOLVED,ALL5_LEVELS_bet23_to_bet27,19.2598,19.2598,19.2598,24.0747,24.0747,4.000000,4.000000,4.000000,5.000000,5.000000,96.000000,96.000000,96.000000,95.000000,95.000000,5.0,105.9288,97.0336,375.5658,384.461,PENDING_AG03,FALSE,NOT_FOR_ENFORCEMENT,462.2348,36187.5597,481.4946,462.2348,19.2598,0.01160708,0.01114280,19.2598,462.2348,0.01114280,19.2598,19.2598,19.2598,24.0747,24.0747,462.2348,0.01114280,105.9288,97.0336,375.5658,384.461,0.00905352,0.00926795,0.00046428,15.0409,16.8584,0.2153,11.7438,0.4291,1011.7763,54.5366,10.8148,15.0547,10.2862,13.088,13.088,26.176,34.6568,52.3519,13.088,-5.1891,2.647988,4.0,1.149216,29,158,24,5,0.00234634,0.01160708,0.15915119,0E-8,0.000000,0.908698,0.000000,-0.14789112,2026-04-14,2026-07-10,41,1122,472,88,0.465909,0.718364,0.719024,0.007821,,,,,,,,GLOBAL_BASELINE_NO_ENTITY_RANKING,,,NOT_APPLICABLE_GLOBAL_BASELINE,HF9g-P5,,,,X 全窗基线 · 不参与实体赏罚,8392038,840,A168_HF9F_20260827_0900,2026-08-27 09:00:00
2026-05-03,142615618,986,0,12.9728607753,12.9728607753,12.9728607753,1.0000000,1,1,0.49324550000000000,0.493245500000,1.01360149184955,1.01360149184955,1.01360149184955,0E-17,ELIGIBLE,R03b_20260811_FULL_v1,L1_ELIGIBILITY,v2026-08-11,2026-03-21..2026-08-06,baccarat_bet02_101_all_pairs_incl_sentinel,round_win = game_pnl > 0 (decisive only),COMPATIBILITY_ONLY_NOT_PRODUCTION,41482.8302,37695.3747,481.4946,2758,2236,-0.01160708,-0.15915119,-0.01126008,-0.01160708,-481.4946,41482.8302,OK,0.0000,19.2598,4.0000,96.0000,AG03-UNRESOLVED,ALL5_LEVELS_bet23_to_bet27,19.2598,19.2598,19.2598,24.0747,24.0747,4.000000,4.000000,4.000000,5.000000,5.000000,96.000000,96.000000,96.000000,95.000000,95.000000,5.0,105.9288,97.0336,375.5658,384.461,PENDING_AG03,FALSE,NOT_FOR_ENFORCEMENT,462.2348,36187.5597,481.4946,462.2348,19.2598,0.01160708,0.01114280,19.2598,462.2348,0.01114280,19.2598,19.2598,19.2598,24.0747,24.0747,462.2348,0.01114280,105.9288,97.0336,375.5658,384.461,0.00905352,0.00926795,0.00046428,15.0409,16.8584,0.2153,11.7438,0.4291,1011.7763,54.5366,10.8148,15.0547,10.2862,13.088,13.088,26.176,34.6568,52.3519,13.088,-5.1891,2.647988,4.0,1.149216,29,158,24,5,0.00234634,0.01160708,0.15915119,0E-8,0.000000,0.908698,0.000000,-0.14789112,2026-04-14,2026-07-10,41,1122,472,88,0.465909,0.718364,0.719024,0.007821,,,,,,,,GLOBAL_BASELINE_NO_ENTITY_RANKING,,,NOT_APPLICABLE_GLOBAL_BASELINE,HF9g-P5,,,,X 全窗基线 · 不参与实体赏罚,8392039,840,A168_HF9F_20260827_0900,2026-08-27 09:00:00
2026-05-04,142615618,-1,1,420.5801463346,-127.1340355978,-127.1340355978,0.4347826,26,24,0.47161293749996324,0.465890050000,-0.3538348221736538,-0.2990688332355519,-0.3538348221736538,0.00572288749996324,SENTINEL_DEALER,R03b_20260811_FULL_v1,L1_ELIGIBILITY,v2026-08-11,2026-03-21..2026-08-06,baccarat_bet02_101_all_pairs_incl_sentinel,round_win = game_pnl > 0 (decisive only),COMPATIBILITY_ONLY_NOT_PRODUCTION,41482.8302,37695.3747,481.4946,2758,2236,-0.01160708,-0.15915119,-0.01126008,-0.01160708,-481.4946,41482.8302,OK,0.0000,19.2598,4.0000,96.0000,AG03-UNRESOLVED,ALL5_LEVELS_bet23_to_bet27,19.2598,19.2598,19.2598,24.0747,24.0747,4.000000,4.000000,4.000000,5.000000,5.000000,96.000000,96.000000,96.000000,95.000000,95.000000,5.0,105.9288,97.0336,375.5658,384.461,PENDING_AG03,FALSE,NOT_FOR_ENFORCEMENT,462.2348,36187.5597,481.4946,462.2348,19.2598,0.01160708,0.01114280,19.2598,462.2348,0.01114280,19.2598,19.2598,19.2598,24.0747,24.0747,462.2348,0.01114280,105.9288,97.0336,375.5658,384.461,0.00905352,0.00926795,0.00046428,15.0409,16.8584,0.2153,11.7438,0.4291,1011.7763,54.5366,10.8148,15.0547,10.2862,13.088,13.088,26.176,34.6568,52.3519,13.088,-5.1891,2.647988,4.0,1.149216,29,158,24,5,0.00234634,0.01160708,0.15915119,0E-8,0.000000,0.908698,0.000000,-0.14789112,2026-04-14,2026-07-10,41,1122,472,88,0.465909,0.718364,0.719024,0.007821,,,,,,,,GLOBAL_BASELINE_NO_ENTITY_RANKING,,,NOT_APPLICABLE_GLOBAL_BASELINE,HF9g-P5,,,,X 全窗基线 · 不参与实体赏罚,8392040,840,A168_HF9F_20260827_0900,2026-08-27 09:00:00
2026-05-04,142615618,1185,0,12.9728607753,12.9728607753,12.9728607753,1.0000000,1,1,0.49324550000000000,0.493245500000,1.01360149184955,1.01360149184955,1.01360149184955,0E-17,ELIGIBLE,R03b_20260811_FULL_v1,L1_ELIGIBILITY,v2026-08-11,2026-03-21..2026-08-06,baccarat_bet02_101_all_pairs_incl_sentinel,round_win = game_pnl > 0 (decisive only),COMPATIBILITY_ONLY_NOT_PRODUCTION,41482.8302,37695.3747,481.4946,2758,2236,-0.01160708,-0.15915119,-0.01126008,-0.01160708,-481.4946,41482.8302,OK,0.0000,19.2598,4.0000,96.0000,AG03-UNRESOLVED,ALL5_LEVELS_bet23_to_bet27,19.2598,19.2598,19.2598,24.0747,24.0747,4.000000,4.000000,4.000000,5.000000,5.000000,96.000000,96.000000,96.000000,95.000000,95.000000,5.0,105.9288,97.0336,375.5658,384.461,PENDING_AG03,FALSE,NOT_FOR_ENFORCEMENT,462.2348,36187.5597,481.4946,462.2348,19.2598,0.01160708,0.01114280,19.2598,462.2348,0.01114280,19.2598,19.2598,19.2598,24.0747,24.0747,462.2348,0.01114280,105.9288,97.0336,375.5658,384.461,0.00905352,0.00926795,0.00046428,15.0409,16.8584,0.2153,11.7438,0.4291,1011.7763,54.5366,10.8148,15.0547,10.2862,13.088,13.088,26.176,34.6568,52.3519,13.088,-5.1891,2.647988,4.0,1.149216,29,158,24,5,0.00234634,0.01160708,0.15915119,0E-8,0.000000,0.908698,0.000000,-0.14789112,2026-04-14,2026-07-10,41,1122,472,88,0.465909,0.718364,0.719024,0.007821,,,,,,,,GLOBAL_BASELINE_NO_ENTITY_RANKING,,,NOT_APPLICABLE_GLOBAL_BASELINE,HF9g-P5,,,,X 全窗基线 · 不参与实体赏罚,8392041,840,A168_HF9F_20260827_0900,2026-08-27 09:00:00
2026-05-04,142615618,1210,0,10.3782886202,-10.3782886202,-10.3782886202,0E-7,2,1,0.29392415000000000,0.293924150000,-0.6451964315166089,-0.6451964315166089,-0.6451964315166089,0E-17,ELIGIBLE,R03b_20260811_FULL_v1,L1_ELIGIBILITY,v2026-08-11,2026-03-21..2026-08-06,baccarat_bet02_101_all_pairs_incl_sentinel,round_win = game_pnl > 0 (decisive only),COMPATIBILITY_ONLY_NOT_PRODUCTION,41482.8302,37695.3747,481.4946,2758,2236,-0.01160708,-0.15915119,-0.01126008,-0.01160708,-481.4946,41482.8302,OK,0.0000,19.2598,4.0000,96.0000,AG03-UNRESOLVED,ALL5_LEVELS_bet23_to_bet27,19.2598,19.2598,19.2598,24.0747,24.0747,4.000000,4.000000,4.000000,5.000000,5.000000,96.000000,96.000000,96.000000,95.000000,95.000000,5.0,105.9288,97.0336,375.5658,384.461,PENDING_AG03,FALSE,NOT_FOR_ENFORCEMENT,462.2348,36187.5597,481.4946,462.2348,19.2598,0.01160708,0.01114280,19.2598,462.2348,0.01114280,19.2598,19.2598,19.2598,24.0747,24.0747,462.2348,0.01114280,105.9288,97.0336,375.5658,384.461,0.00905352,0.00926795,0.00046428,15.0409,16.8584,0.2153,11.7438,0.4291,1011.7763,54.5366,10.8148,15.0547,10.2862,13.088,13.088,26.176,34.6568,52.3519,13.088,-5.1891,2.647988,4.0,1.149216,29,158,24,5,0.00234634,0.01160708,0.15915119,0E-8,0.000000,0.908698,0.000000,-0.14789112,2026-04-14,2026-07-10,41,1122,472,88,0.465909,0.718364,0.719024,0.007821,,,,,,,,GLOBAL_BASELINE_NO_ENTITY_RANKING,,,NOT_APPLICABLE_GLOBAL_BASELINE,HF9g-P5,,,,X 全窗基线 · 不参与实体赏罚,8392042,840,A168_HF9F_20260827_0900,2026-08-27 09:00:00
2026-05-04,142615618,1318,0,116.7557469777,36.0645529552,36.0645529552,0.6666667,11,9,0.45714393333333333,0.457143933333,1.0302389095571263,1.0302389095588245,1.0302389095571263,3.3333E-13,ELIGIBLE,R03b_20260811_FULL_v1,L1_ELIGIBILITY,v2026-08-11,2026-03-21..2026-08-06,baccarat_bet02_101_all_pairs_incl_sentinel,round_win = game_pnl > 0 (decisive only),COMPATIBILITY_ONLY_NOT_PRODUCTION,41482.8302,37695.3747,481.4946,2758,2236,-0.01160708,-0.15915119,-0.01126008,-0.01160708,-481.4946,41482.8302,OK,0.0000,19.2598,4.0000,96.0000,AG03-UNRESOLVED,ALL5_LEVELS_bet23_to_bet27,19.2598,19.2598,19.2598,24.0747,24.0747,4.000000,4.000000,4.000000,5.000000,5.000000,96.000000,96.000000,96.000000,95.000000,95.000000,5.0,105.9288,97.0336,375.5658,384.461,PENDING_AG03,FALSE,NOT_FOR_ENFORCEMENT,462.2348,36187.5597,481.4946,462.2348,19.2598,0.01160708,0.01114280,19.2598,462.2348,0.01114280,19.2598,19.2598,19.2598,24.0747,24.0747,462.2348,0.01114280,105.9288,97.0336,375.5658,384.461,0.00905352,0.00926795,0.00046428,15.0409,16.8584,0.2153,11.7438,0.4291,1011.7763,54.5366,10.8148,15.0547,10.2862,13.088,13.088,26.176,34.6568,52.3519,13.088,-5.1891,2.647988,4.0,1.149216,29,158,24,5,0.00234634,0.01160708,0.15915119,0E-8,0.000000,0.908698,0.000000,-0.14789112,2026-04-14,2026-07-10,41,1122,472,88,0.465909,0.718364,0.719024,0.007821,,,,,,,,GLOBAL_BASELINE_NO_ENTITY_RANKING,,,NOT_APPLICABLE_GLOBAL_BASELINE,HF9g-P5,,,,X 全窗基线 · 不参与实体赏罚,8392043,840,A168_HF9F_20260827_0900,2026-08-27 09:00:00
2026-05-04,142615618,1325,0,12.9728607753,0E-10,0E-10,,1,1,0.50665070000000000,0.506650700000,,,,0E-17,NO_DECISIVE_ROUND,R03b_20260811_FULL_v1,L1_ELIGIBILITY,v2026-08-11,2026-03-21..2026-08-06,baccarat_bet02_101_all_pairs_incl_sentinel,round_win = game_pnl > 0 (decisive only),COMPATIBILITY_ONLY_NOT_PRODUCTION,41482.8302,37695.3747,481.4946,2758,2236,-0.01160708,-0.15915119,-0.01126008,-0.01160708,-481.4946,41482.8302,OK,0.0000,19.2598,4.0000,96.0000,AG03-UNRESOLVED,ALL5_LEVELS_bet23_to_bet27,19.2598,19.2598,19.2598,24.0747,24.0747,4.000000,4.000000,4.000000,5.000000,5.000000,96.000000,96.000000,96.000000,95.000000,95.000000,5.0,105.9288,97.0336,375.5658,384.461,PENDING_AG03,FALSE,NOT_FOR_ENFORCEMENT,462.2348,36187.5597,481.4946,462.2348,19.2598,0.01160708,0.01114280,19.2598,462.2348,0.01114280,19.2598,19.2598,19.2598,24.0747,24.0747,462.2348,0.01114280,105.9288,97.0336,375.5658,384.461,0.00905352,0.00926795,0.00046428,15.0409,16.8584,0.2153,11.7438,0.4291,1011.7763,54.5366,10.8148,15.0547,10.2862,13.088,13.088,26.176,34.6568,52.3519,13.088,-5.1891,2.647988,4.0,1.149216,29,158,24,5,0.00234634,0.01160708,0.15915119,0E-8,0.000000,0.908698,0.000000,-0.14789112,2026-04-14,2026-07-10,41,1122,472,88,0.465909,0.718364,0.719024,0.007821,,,,,,,,GLOBAL_BASELINE_NO_ENTITY_RANKING,,,NOT_APPLICABLE_GLOBAL_BASELINE,HF9g-P5,,,,X 全窗基线 · 不参与实体赏罚,8392044,840,A168_HF9F_20260827_0900,2026-08-27 09:00:00
2026-05-04,142615618,1399,0,90.8100254268,-64.8643038762,-64.8643038762,0.3333333,3,3,0.50218230000000000,0.502182300000,-0.5849155494134425,-0.5849155494134426,-0.5849155494134425,0E-17,ELIGIBLE,R03b_20260811_FULL_v1,L1_ELIGIBILITY,v2026-08-11,2026-03-21..2026-08-06,baccarat_bet02_101_all_pairs_incl_sentinel,round_win = game_pnl > 0 (decisive only),COMPATIBILITY_ONLY_NOT_PRODUCTION,41482.8302,37695.3747,481.4946,2758,2236,-0.01160708,-0.15915119,-0.01126008,-0.01160708,-481.4946,41482.8302,OK,0.0000,19.2598,4.0000,96.0000,AG03-UNRESOLVED,ALL5_LEVELS_bet23_to_bet27,19.2598,19.2598,19.2598,24.0747,24.0747,4.000000,4.000000,4.000000,5.000000,5.000000,96.000000,96.000000,96.000000,95.000000,95.000000,5.0,105.9288,97.0336,375.5658,384.461,PENDING_AG03,FALSE,NOT_FOR_ENFORCEMENT,462.2348,36187.5597,481.4946,462.2348,19.2598,0.01160708,0.01114280,19.2598,462.2348,0.01114280,19.2598,19.2598,19.2598,24.0747,24.0747,462.2348,0.01114280,105.9288,97.0336,375.5658,384.461,0.00905352,0.00926795,0.00046428,15.0409,16.8584,0.2153,11.7438,0.4291,1011.7763,54.5366,10.8148,15.0547,10.2862,13.088,13.088,26.176,34.6568,52.3519,13.088,-5.1891,2.647988,4.0,1.149216,29,158,24,5,0.00234634,0.01160708,0.15915119,0E-8,0.000000,0.908698,0.000000,-0.14789112,2026-04-14,2026-07-10,41,1122,472,88,0.465909,0.718364,0.719024,0.007821,,,,,,,,GLOBAL_BASELINE_NO_ENTITY_RANKING,,,NOT_APPLICABLE_GLOBAL_BASELINE,HF9g-P5,,,,X 全窗基线 · 不参与实体赏罚,8392045,840,A168_HF9F_20260827_0900,2026-08-27 09:00:00
2026-05-04,142615618,1402,0,88.2154532719,31.1348658605,31.1348658605,0.2500000,6,4,0.42403706964285714,0.401963075000,-0.7043241491209732,-0.6198848022133098,-0.7043241491209732,0.02207399464285714,ELIGIBLE,R03b_20260811_FULL_v1,L1_ELIGIBILITY,v2026-08-11,2026-03-21..2026-08-06,baccarat_bet02_101_all_pairs_incl_sentinel,round_win = game_pnl > 0 (decisive only),COMPATIBILITY_ONLY_NOT_PRODUCTION,41482.8302,37695.3747,481.4946,2758,2236,-0.01160708,-0.15915119,-0.01126008,-0.01160708,-481.4946,41482.8302,OK,0.0000,19.2598,4.0000,96.0000,AG03-UNRESOLVED,ALL5_LEVELS_bet23_to_bet27,19.2598,19.2598,19.2598,24.0747,24.0747,4.000000,4.000000,4.000000,5.000000,5.000000,96.000000,96.000000,96.000000,95.000000,95.000000,5.0,105.9288,97.0336,375.5658,384.461,PENDING_AG03,FALSE,NOT_FOR_ENFORCEMENT,462.2348,36187.5597,481.4946,462.2348,19.2598,0.01160708,0.01114280,19.2598,462.2348,0.01114280,19.2598,19.2598,19.2598,24.0747,24.0747,462.2348,0.01114280,105.9288,97.0336,375.5658,384.461,0.00905352,0.00926795,0.00046428,15.0409,16.8584,0.2153,11.7438,0.4291,1011.7763,54.5366,10.8148,15.0547,10.2862,13.088,13.088,26.176,34.6568,52.3519,13.088,-5.1891,2.647988,4.0,1.149216,29,158,24,5,0.00234634,0.01160708,0.15915119,0E-8,0.000000,0.908698,0.000000,-0.14789112,2026-04-14,2026-07-10,41,1122,472,88,0.465909,0.718364,0.719024,0.007821,,,,,,,,GLOBAL_BASELINE_NO_ENTITY_RANKING,,,NOT_APPLICABLE_GLOBAL_BASELINE,HF9g-P5,,,,X 全窗基线 · 不参与实体赏罚,8392046,840,A168_HF9F_20260827_0900,2026-08-27 09:00:00
2026-05-04,142615618,1485,0,20.7565772404,20.7565772404,20.7565772404,1.0000000,1,1,0.49324550000000000,0.493245500000,1.01360149184955,1.01360149184955,1.01360149184955,0E-17,ELIGIBLE,R03b_20260811_FULL_v1,L1_ELIGIBILITY,v2026-08-11,2026-03-21..2026-08-06,baccarat_bet02_101_all_pairs_incl_sentinel,round_win = game_pnl > 0 (decisive only),COMPATIBILITY_ONLY_NOT_PRODUCTION,41482.8302,37695.3747,481.4946,2758,2236,-0.01160708,-0.15915119,-0.01126008,-0.01160708,-481.4946,41482.8302,OK,0.0000,19.2598,4.0000,96.0000,AG03-UNRESOLVED,ALL5_LEVELS_bet23_to_bet27,19.2598,19.2598,19.2598,24.0747,24.0747,4.000000,4.000000,4.000000,5.000000,5.000000,96.000000,96.000000,96.000000,95.000000,95.000000,5.0,105.9288,97.0336,375.5658,384.461,PENDING_AG03,FALSE,NOT_FOR_ENFORCEMENT,462.2348,36187.5597,481.4946,462.2348,19.2598,0.01160708,0.01114280,19.2598,462.2348,0.01114280,19.2598,19.2598,19.2598,24.0747,24.0747,462.2348,0.01114280,105.9288,97.0336,375.5658,384.461,0.00905352,0.00926795,0.00046428,15.0409,16.8584,0.2153,11.7438,0.4291,1011.7763,54.5366,10.8148,15.0547,10.2862,13.088,13.088,26.176,34.6568,52.3519,13.088,-5.1891,2.647988,4.0,1.149216,29,158,24,5,0.00234634,0.01160708,0.15915119,0E-8,0.000000,0.908698,0.000000,-0.14789112,2026-04-14,2026-07-10,41,1122,472,88,0.465909,0.718364,0.719024,0.007821,,,,,,,,GLOBAL_BASELINE_NO_ENTITY_RANKING,,,NOT_APPLICABLE_GLOBAL_BASELINE,HF9g-P5,,,,X 全窗基线 · 不参与实体赏罚,8392047,840,A168_HF9F_20260827_0900,2026-08-27 09:00:00
2026-05-04,142615618,1505,0,51.8914431011,49.9455139848,49.9455139848,1.0000000,3,3,0.50218230000000000,0.502182300000,1.724507524396475,1.7245075243964754,1.724507524396475,0E-17,ELIGIBLE,R03b_20260811_FULL_v1,L1_ELIGIBILITY,v2026-08-11,2026-03-21..2026-08-06,baccarat_bet02_101_all_pairs_incl_sentinel,round_win = game_pnl > 0 (decisive only),COMPATIBILITY_ONLY_NOT_PRODUCTION,41482.8302,37695.3747,481.4946,2758,2236,-0.01160708,-0.15915119,-0.01126008,-0.01160708,-481.4946,41482.8302,OK,0.0000,19.2598,4.0000,96.0000,AG03-UNRESOLVED,ALL5_LEVELS_bet23_to_bet27,19.2598,19.2598,19.2598,24.0747,24.0747,4.000000,4.000000,4.000000,5.000000,5.000000,96.000000,96.000000,96.000000,95.000000,95.000000,5.0,105.9288,97.0336,375.5658,384.461,PENDING_AG03,FALSE,NOT_FOR_ENFORCEMENT,462.2348,36187.5597,481.4946,462.2348,19.2598,0.01160708,0.01114280,19.2598,462.2348,0.01114280,19.2598,19.2598,19.2598,24.0747,24.0747,462.2348,0.01114280,105.9288,97.0336,375.5658,384.461,0.00905352,0.00926795,0.00046428,15.0409,16.8584,0.2153,11.7438,0.4291,1011.7763,54.5366,10.8148,15.0547,10.2862,13.088,13.088,26.176,34.6568,52.3519,13.088,-5.1891,2.647988,4.0,1.149216,29,158,24,5,0.00234634,0.01160708,0.15915119,0E-8,0.000000,0.908698,0.000000,-0.14789112,2026-04-14,2026-07-10,41,1122,472,88,0.465909,0.718364,0.719024,0.007821,,,,,,,,GLOBAL_BASELINE_NO_ENTITY_RANKING,,,NOT_APPLICABLE_GLOBAL_BASELINE,HF9g-P5,,,,X 全窗基线 · 不参与实体赏罚,8392048,840,A168_HF9F_20260827_0900,2026-08-27 09:00:00
2026-05-04,142615618,1507,0,15.5674329304,-15.5674329304,-15.5674329304,0E-7,2,1,0.43797604999911771,0.300626750000,-0.8827704148078004,-0.655630731788307,-0.8827704148078004,0.13734929999911771,ELIGIBLE,R03b_20260811_FULL_v1,L1_ELIGIBILITY,v2026-08-11,2026-03-21..2026-08-06,baccarat_bet02_101_all_pairs_incl_sentinel,round_win = game_pnl > 0 (decisive only),COMPATIBILITY_ONLY_NOT_PRODUCTION,41482.8302,37695.3747,481.4946,2758,2236,-0.01160708,-0.15915119,-0.01126008,-0.01160708,-481.4946,41482.8302,OK,0.0000,19.2598,4.0000,96.0000,AG03-UNRESOLVED,ALL5_LEVELS_bet23_to_bet27,19.2598,19.2598,19.2598,24.0747,24.0747,4.000000,4.000000,4.000000,5.000000,5.000000,96.000000,96.000000,96.000000,95.000000,95.000000,5.0,105.9288,97.0336,375.5658,384.461,PENDING_AG03,FALSE,NOT_FOR_ENFORCEMENT,462.2348,36187.5597,481.4946,462.2348,19.2598,0.01160708,0.01114280,19.2598,462.2348,0.01114280,19.2598,19.2598,19.2598,24.0747,24.0747,462.2348,0.01114280,105.9288,97.0336,375.5658,384.461,0.00905352,0.00926795,0.00046428,15.0409,16.8584,0.2153,11.7438,0.4291,1011.7763,54.5366,10.8148,15.0547,10.2862,13.088,13.088,26.176,34.6568,52.3519,13.088,-5.1891,2.647988,4.0,1.149216,29,158,24,5,0.00234634,0.01160708,0.15915119,0E-8,0.000000,0.908698,0.000000,-0.14789112,2026-04-14,2026-07-10,41,1122,472,88,0.465909,0.718364,0.719024,0.007821,,,,,,,,GLOBAL_BASELINE_NO_ENTITY_RANKING,,,NOT_APPLICABLE_GLOBAL_BASELINE,HF9g-P5,,,,X 全窗基线 · 不参与实体赏罚,8392049,840,A168_HF9F_20260827_0900,2026-08-27 09:00:00
2026-05-04,142615618,1623,0,38.9185823258,-38.9185823258,-38.9185823258,0E-7,2,2,0.49324550000000000,0.493245500000,-1.3952362676504506,-1.3952362676504506,-1.3952362676504506,0E-17,ELIGIBLE,R03b_20260811_FULL_v1,L1_ELIGIBILITY,v2026-08-11,2026-03-21..2026-08-06,baccarat_bet02_101_all_pairs_incl_sentinel,round_win = game_pnl > 0 (decisive only),COMPATIBILITY_ONLY_NOT_PRODUCTION,41482.8302,37695.3747,481.4946,2758,2236,-0.01160708,-0.15915119,-0.01126008,-0.01160708,-481.4946,41482.8302,OK,0.0000,19.2598,4.0000,96.0000,AG03-UNRESOLVED,ALL5_LEVELS_bet23_to_bet27,19.2598,19.2598,19.2598,24.0747,24.0747,4.000000,4.000000,4.000000,5.000000,5.000000,96.000000,96.000000,96.000000,95.000000,95.000000,5.0,105.9288,97.0336,375.5658,384.461,PENDING_AG03,FALSE,NOT_FOR_ENFORCEMENT,462.2348,36187.5597,481.4946,462.2348,19.2598,0.01160708,0.01114280,19.2598,462.2348,0.01114280,19.2598,19.2598,19.2598,24.0747,24.0747,462.2348,0.01114280,105.9288,97.0336,375.5658,384.461,0.00905352,0.00926795,0.00046428,15.0409,16.8584,0.2153,11.7438,0.4291,1011.7763,54.5366,10.8148,15.0547,10.2862,13.088,13.088,26.176,34.6568,52.3519,13.088,-5.1891,2.647988,4.0,1.149216,29,158,24,5,0.00234634,0.01160708,0.15915119,0E-8,0.000000,0.908698,0.000000,-0.14789112,2026-04-14,2026-07-10,41,1122,472,88,0.465909,0.718364,0.719024,0.007821,,,,,,,,GLOBAL_BASELINE_NO_ENTITY_RANKING,,,NOT_APPLICABLE_GLOBAL_BASELINE,HF9g-P5,,,,X 全窗基线 · 不参与实体赏罚,8392050,840,A168_HF9F_20260827_0900,2026-08-27 09:00:00
2026-05-04,142615618,1646,0,46.7022987910,-10.3782886202,-10.3782886202,0.5000000,6,3,0.35087310714306619,0.293924150000,0.44190724786894864,0.6397330434626627,0.44190724786894864,0.05694895714306619,ELIGIBLE,R03b_20260811_FULL_v1,L1_ELIGIBILITY,v2026-08-11,2026-03-21..2026-08-06,baccarat_bet02_101_all_pairs_incl_sentinel,round_win = game_pnl > 0 (decisive only),COMPATIBILITY_ONLY_NOT_PRODUCTION,41482.8302,37695.3747,481.4946,2758,2236,-0.01160708,-0.15915119,-0.01126008,-0.01160708,-481.4946,41482.8302,OK,0.0000,19.2598,4.0000,96.0000,AG03-UNRESOLVED,ALL5_LEVELS_bet23_to_bet27,19.2598,19.2598,19.2598,24.0747,24.0747,4.000000,4.000000,4.000000,5.000000,5.000000,96.000000,96.000000,96.000000,95.000000,95.000000,5.0,105.9288,97.0336,375.5658,384.461,PENDING_AG03,FALSE,NOT_FOR_ENFORCEMENT,462.2348,36187.5597,481.4946,462.2348,19.2598,0.01160708,0.01114280,19.2598,462.2348,0.01114280,19.2598,19.2598,19.2598,24.0747,24.0747,462.2348,0.01114280,105.9288,97.0336,375.5658,384.461,0.00905352,0.00926795,0.00046428,15.0409,16.8584,0.2153,11.7438,0.4291,1011.7763,54.5366,10.8148,15.0547,10.2862,13.088,13.088,26.176,34.6568,52.3519,13.088,-5.1891,2.647988,4.0,1.149216,29,158,24,5,0.00234634,0.01160708,0.15915119,0E-8,0.000000,0.908698,0.000000,-0.14789112,2026-04-14,2026-07-10,41,1122,472,88,0.465909,0.718364,0.719024,0.007821,,,,,,,,GLOBAL_BASELINE_NO_ENTITY_RANKING,,,NOT_APPLICABLE_GLOBAL_BASELINE,HF9g-P5,,,,X 全窗基线 · 不参与实体赏罚,8392051,840,A168_HF9F_20260827_0900,2026-08-27 09:00:00
2026-05-04,142615618,1654,0,25.9457215505,-25.9457215505,-25.9457215505,0E-7,1,1,0.50665070000000000,0.506650700000,-1.013391052207602,-1.013391052207602,-1.013391052207602,0E-17,ELIGIBLE,R03b_20260811_FULL_v1,L1_ELIGIBILITY,v2026-08-11,2026-03-21..2026-08-06,baccarat_bet02_101_all_pairs_incl_sentinel,round_win = game_pnl > 0 (decisive only),COMPATIBILITY_ONLY_NOT_PRODUCTION,41482.8302,37695.3747,481.4946,2758,2236,-0.01160708,-0.15915119,-0.01126008,-0.01160708,-481.4946,41482.8302,OK,0.0000,19.2598,4.0000,96.0000,AG03-UNRESOLVED,ALL5_LEVELS_bet23_to_bet27,19.2598,19.2598,19.2598,24.0747,24.0747,4.000000,4.000000,4.000000,5.000000,5.000000,96.000000,96.000000,96.000000,95.000000,95.000000,5.0,105.9288,97.0336,375.5658,384.461,PENDING_AG03,FALSE,NOT_FOR_ENFORCEMENT,462.2348,36187.5597,481.4946,462.2348,19.2598,0.01160708,0.01114280,19.2598,462.2348,0.01114280,19.2598,19.2598,19.2598,24.0747,24.0747,462.2348,0.01114280,105.9288,97.0336,375.5658,384.461,0.00905352,0.00926795,0.00046428,15.0409,16.8584,0.2153,11.7438,0.4291,1011.7763,54.5366,10.8148,15.0547,10.2862,13.088,13.088,26.176,34.6568,52.3519,13.088,-5.1891,2.647988,4.0,1.149216,29,158,24,5,0.00234634,0.01160708,0.15915119,0E-8,0.000000,0.908698,0.000000,-0.14789112,2026-04-14,2026-07-10,41,1122,472,88,0.465909,0.718364,0.719024,0.007821,,,,,,,,GLOBAL_BASELINE_NO_ENTITY_RANKING,,,NOT_APPLICABLE_GLOBAL_BASELINE,HF9g-P5,,,,X 全窗基线 · 不参与实体赏罚,8392052,840,A168_HF9F_20260827_0900,2026-08-27 09:00:00
2026-05-04,142615618,1704,0,2.5945721551,-2.5945721551,-2.5945721551,0E-7,1,1,0.09460280000000000,0.094602800000,-0.32324545095860213,-0.32324545095860213,-0.32324545095860213,0E-17,ELIGIBLE,R03b_20260811_FULL_v1,L1_ELIGIBILITY,v2026-08-11,2026-03-21..2026-08-06,baccarat_bet02_101_all_pairs_incl_sentinel,round_win = game_pnl > 0 (decisive only),COMPATIBILITY_ONLY_NOT_PRODUCTION,41482.8302,37695.3747,481.4946,2758,2236,-0.01160708,-0.15915119,-0.01126008,-0.01160708,-481.4946,41482.8302,OK,0.0000,19.2598,4.0000,96.0000,AG03-UNRESOLVED,ALL5_LEVELS_bet23_to_bet27,19.2598,19.2598,19.2598,24.0747,24.0747,4.000000,4.000000,4.000000,5.000000,5.000000,96.000000,96.000000,96.000000,95.000000,95.000000,5.0,105.9288,97.0336,375.5658,384.461,PENDING_AG03,FALSE,NOT_FOR_ENFORCEMENT,462.2348,36187.5597,481.4946,462.2348,19.2598,0.01160708,0.01114280,19.2598,462.2348,0.01114280,19.2598,19.2598,19.2598,24.0747,24.0747,462.2348,0.01114280,105.9288,97.0336,375.5658,384.461,0.00905352,0.00926795,0.00046428,15.0409,16.8584,0.2153,11.7438,0.4291,1011.7763,54.5366,10.8148,15.0547,10.2862,13.088,13.088,26.176,34.6568,52.3519,13.088,-5.1891,2.647988,4.0,1.149216,29,158,24,5,0.00234634,0.01160708,0.15915119,0E-8,0.000000,0.908698,0.000000,-0.14789112,2026-04-14,2026-07-10,41,1122,472,88,0.465909,0.718364,0.719024,0.007821,,,,,,,,GLOBAL_BASELINE_NO_ENTITY_RANKING,,,NOT_APPLICABLE_GLOBAL_BASELINE,HF9g-P5,,,,X 全窗基线 · 不参与实体赏罚,8392053,840,A168_HF9F_20260827_0900,2026-08-27 09:00:00
2026-05-04,142615618,1710,0,38.9185823258,38.9185823258,38.9185823258,1.0000000,1,1,0.49324550000000000,0.493245500000,1.01360149184955,1.01360149184955,1.01360149184955,0E-17,ELIGIBLE,R03b_20260811_FULL_v1,L1_ELIGIBILITY,v2026-08-11,2026-03-21..2026-08-06,baccarat_bet02_101_all_pairs_incl_sentinel,round_win = game_pnl > 0 (decisive only),COMPATIBILITY_ONLY_NOT_PRODUCTION,41482.8302,37695.3747,481.4946,2758,2236,-0.01160708,-0.15915119,-0.01126008,-0.01160708,-481.4946,41482.8302,OK,0.0000,19.2598,4.0000,96.0000,AG03-UNRESOLVED,ALL5_LEVELS_bet23_to_bet27,19.2598,19.2598,19.2598,24.0747,24.0747,4.000000,4.000000,4.000000,5.000000,5.000000,96.000000,96.000000,96.000000,95.000000,95.000000,5.0,105.9288,97.0336,375.5658,384.461,PENDING_AG03,FALSE,NOT_FOR_ENFORCEMENT,462.2348,36187.5597,481.4946,462.2348,19.2598,0.01160708,0.01114280,19.2598,462.2348,0.01114280,19.2598,19.2598,19.2598,24.0747,24.0747,462.2348,0.01114280,105.9288,97.0336,375.5658,384.461,0.00905352,0.00926795,0.00046428,15.0409,16.8584,0.2153,11.7438,0.4291,1011.7763,54.5366,10.8148,15.0547,10.2862,13.088,13.088,26.176,34.6568,52.3519,13.088,-5.1891,2.647988,4.0,1.149216,29,158,24,5,0.00234634,0.01160708,0.15915119,0E-8,0.000000,0.908698,0.000000,-0.14789112,2026-04-14,2026-07-10,41,1122,472,88,0.465909,0.718364,0.719024,0.007821,,,,,,,,GLOBAL_BASELINE_NO_ENTITY_RANKING,,,NOT_APPLICABLE_GLOBAL_BASELINE,HF9g-P5,,,,X 全窗基线 · 不参与实体赏罚,8392054,840,A168_HF9F_20260827_0900,2026-08-27 09:00:00
2026-05-04,142615618,1750,0,12.9728607753,12.3242177365,12.3242177365,1.0000000,1,1,0.50665070000000000,0.506650700000,0.9867858985152569,0.9867858985152569,0.9867858985152569,0E-17,ELIGIBLE,R03b_20260811_FULL_v1,L1_ELIGIBILITY,v2026-08-11,2026-03-21..2026-08-06,baccarat_bet02_101_all_pairs_incl_sentinel,round_win = game_pnl > 0 (decisive only),COMPATIBILITY_ONLY_NOT_PRODUCTION,41482.8302,37695.3747,481.4946,2758,2236,-0.01160708,-0.15915119,-0.01126008,-0.01160708,-481.4946,41482.8302,OK,0.0000,19.2598,4.0000,96.0000,AG03-UNRESOLVED,ALL5_LEVELS_bet23_to_bet27,19.2598,19.2598,19.2598,24.0747,24.0747,4.000000,4.000000,4.000000,5.000000,5.000000,96.000000,96.000000,96.000000,95.000000,95.000000,5.0,105.9288,97.0336,375.5658,384.461,PENDING_AG03,FALSE,NOT_FOR_ENFORCEMENT,462.2348,36187.5597,481.4946,462.2348,19.2598,0.01160708,0.01114280,19.2598,462.2348,0.01114280,19.2598,19.2598,19.2598,24.0747,24.0747,462.2348,0.01114280,105.9288,97.0336,375.5658,384.461,0.00905352,0.00926795,0.00046428,15.0409,16.8584,0.2153,11.7438,0.4291,1011.7763,54.5366,10.8148,15.0547,10.2862,13.088,13.088,26.176,34.6568,52.3519,13.088,-5.1891,2.647988,4.0,1.149216,29,158,24,5,0.00234634,0.01160708,0.15915119,0E-8,0.000000,0.908698,0.000000,-0.14789112,2026-04-14,2026-07-10,41,1122,472,88,0.465909,0.718364,0.719024,0.007821,,,,,,,,GLOBAL_BASELINE_NO_ENTITY_RANKING,,,NOT_APPLICABLE_GLOBAL_BASELINE,HF9g-P5,,,,X 全窗基线 · 不参与实体赏罚,8392055,840,A168_HF9F_20260827_0900,2026-08-27 09:00:00
2026-05-04,142615618,1984,0,12.9728607753,-12.9728607753,-12.9728607753,0E-7,2,1,0.33378842000061458,0.293924150000,-0.7078309434140524,-0.6451964315166089,-0.7078309434140524,0.03986427000061458,ELIGIBLE,R03b_20260811_FULL_v1,L1_ELIGIBILITY,v2026-08-11,2026-03-21..2026-08-06,baccarat_bet02_101_all_pairs_incl_sentinel,round_win = game_pnl > 0 (decisive only),COMPATIBILITY_ONLY_NOT_PRODUCTION,41482.8302,37695.3747,481.4946,2758,2236,-0.01160708,-0.15915119,-0.01126008,-0.01160708,-481.4946,41482.8302,OK,0.0000,19.2598,4.0000,96.0000,AG03-UNRESOLVED,ALL5_LEVELS_bet23_to_bet27,19.2598,19.2598,19.2598,24.0747,24.0747,4.000000,4.000000,4.000000,5.000000,5.000000,96.000000,96.000000,96.000000,95.000000,95.000000,5.0,105.9288,97.0336,375.5658,384.461,PENDING_AG03,FALSE,NOT_FOR_ENFORCEMENT,462.2348,36187.5597,481.4946,462.2348,19.2598,0.01160708,0.01114280,19.2598,462.2348,0.01114280,19.2598,19.2598,19.2598,24.0747,24.0747,462.2348,0.01114280,105.9288,97.0336,375.5658,384.461,0.00905352,0.00926795,0.00046428,15.0409,16.8584,0.2153,11.7438,0.4291,1011.7763,54.5366,10.8148,15.0547,10.2862,13.088,13.088,26.176,34.6568,52.3519,13.088,-5.1891,2.647988,4.0,1.149216,29,158,24,5,0.00234634,0.01160708,0.15915119,0E-8,0.000000,0.908698,0.000000,-0.14789112,2026-04-14,2026-07-10,41,1122,472,88,0.465909,0.718364,0.719024,0.007821,,,,,,,,GLOBAL_BASELINE_NO_ENTITY_RANKING,,,NOT_APPLICABLE_GLOBAL_BASELINE,HF9g-P5,,,,X 全窗基线 · 不参与实体赏罚,8392056,840,A168_HF9F_20260827_0900,2026-08-27 09:00:00
2026-05-04,142615618,1985,0,5.1891443101,-5.1891443101,-5.1891443101,0E-7,1,1,0.09460280000000000,0.094602800000,-0.32324545095860213,-0.32324545095860213,-0.32324545095860213,0E-17,ELIGIBLE,R03b_20260811_FULL_v1,L1_ELIGIBILITY,v2026-08-11,2026-03-21..2026-08-06,baccarat_bet02_101_all_pairs_incl_sentinel,round_win = game_pnl > 0 (decisive only),COMPATIBILITY_ONLY_NOT_PRODUCTION,41482.8302,37695.3747,481.4946,2758,2236,-0.01160708,-0.15915119,-0.01126008,-0.01160708,-481.4946,41482.8302,OK,0.0000,19.2598,4.0000,96.0000,AG03-UNRESOLVED,ALL5_LEVELS_bet23_to_bet27,19.2598,19.2598,19.2598,24.0747,24.0747,4.000000,4.000000,4.000000,5.000000,5.000000,96.000000,96.000000,96.000000,95.000000,95.000000,5.0,105.9288,97.0336,375.5658,384.461,PENDING_AG03,FALSE,NOT_FOR_ENFORCEMENT,462.2348,36187.5597,481.4946,462.2348,19.2598,0.01160708,0.01114280,19.2598,462.2348,0.01114280,19.2598,19.2598,19.2598,24.0747,24.0747,462.2348,0.01114280,105.9288,97.0336,375.5658,384.461,0.00905352,0.00926795,0.00046428,15.0409,16.8584,0.2153,11.7438,0.4291,1011.7763,54.5366,10.8148,15.0547,10.2862,13.088,13.088,26.176,34.6568,52.3519,13.088,-5.1891,2.647988,4.0,1.149216,29,158,24,5,0.00234634,0.01160708,0.15915119,0E-8,0.000000,0.908698,0.000000,-0.14789112,2026-04-14,2026-07-10,41,1122,472,88,0.465909,0.718364,0.719024,0.007821,,,,,,,,GLOBAL_BASELINE_NO_ENTITY_RANKING,,,NOT_APPLICABLE_GLOBAL_BASELINE,HF9g-P5,,,,X 全窗基线 · 不参与实体赏罚,8392057,840,A168_HF9F_20260827_0900,2026-08-27 09:00:00
2026-05-04,142615618,1990,0,12.9728607753,12.3242177365,12.3242177365,1.0000000,1,1,0.50665070000000000,0.506650700000,0.9867858985152569,0.9867858985152569,0.9867858985152569,0E-17,ELIGIBLE,R03b_20260811_FULL_v1,L1_ELIGIBILITY,v2026-08-11,2026-03-21..2026-08-06,baccarat_bet02_101_all_pairs_incl_sentinel,round_win = game_pnl > 0 (decisive only),COMPATIBILITY_ONLY_NOT_PRODUCTION,41482.8302,37695.3747,481.4946,2758,2236,-0.01160708,-0.15915119,-0.01126008,-0.01160708,-481.4946,41482.8302,OK,0.0000,19.2598,4.0000,96.0000,AG03-UNRESOLVED,ALL5_LEVELS_bet23_to_bet27,19.2598,19.2598,19.2598,24.0747,24.0747,4.000000,4.000000,4.000000,5.000000,5.000000,96.000000,96.000000,96.000000,95.000000,95.000000,5.0,105.9288,97.0336,375.5658,384.461,PENDING_AG03,FALSE,NOT_FOR_ENFORCEMENT,462.2348,36187.5597,481.4946,462.2348,19.2598,0.01160708,0.01114280,19.2598,462.2348,0.01114280,19.2598,19.2598,19.2598,24.0747,24.0747,462.2348,0.01114280,105.9288,97.0336,375.5658,384.461,0.00905352,0.00926795,0.00046428,15.0409,16.8584,0.2153,11.7438,0.4291,1011.7763,54.5366,10.8148,15.0547,10.2862,13.088,13.088,26.176,34.6568,52.3519,13.088,-5.1891,2.647988,4.0,1.149216,29,158,24,5,0.00234634,0.01160708,0.15915119,0E-8,0.000000,0.908698,0.000000,-0.14789112,2026-04-14,2026-07-10,41,1122,472,88,0.465909,0.718364,0.719024,0.007821,,,,,,,,GLOBAL_BASELINE_NO_ENTITY_RANKING,,,NOT_APPLICABLE_GLOBAL_BASELINE,HF9g-P5,,,,X 全窗基线 · 不参与实体赏罚,8392058,840,A168_HF9F_20260827_0900,2026-08-27 09:00:00
2026-05-04,142615618,2088,0,12.9728607753,-12.9728607753,-12.9728607753,0E-7,1,1,0.50665070000000000,0.506650700000,-1.013391052207602,-1.013391052207602,-1.013391052207602,0E-17,ELIGIBLE,R03b_20260811_FULL_v1,L1_ELIGIBILITY,v2026-08-11,2026-03-21..2026-08-06,baccarat_bet02_101_all_pairs_incl_sentinel,round_win = game_pnl > 0 (decisive only),COMPATIBILITY_ONLY_NOT_PRODUCTION,41482.8302,37695.3747,481.4946,2758,2236,-0.01160708,-0.15915119,-0.01126008,-0.01160708,-481.4946,41482.8302,OK,0.0000,19.2598,4.0000,96.0000,AG03-UNRESOLVED,ALL5_LEVELS_bet23_to_bet27,19.2598,19.2598,19.2598,24.0747,24.0747,4.000000,4.000000,4.000000,5.000000,5.000000,96.000000,96.000000,96.000000,95.000000,95.000000,5.0,105.9288,97.0336,375.5658,384.461,PENDING_AG03,FALSE,NOT_FOR_ENFORCEMENT,462.2348,36187.5597,481.4946,462.2348,19.2598,0.01160708,0.01114280,19.2598,462.2348,0.01114280,19.2598,19.2598,19.2598,24.0747,24.0747,462.2348,0.01114280,105.9288,97.0336,375.5658,384.461,0.00905352,0.00926795,0.00046428,15.0409,16.8584,0.2153,11.7438,0.4291,1011.7763,54.5366,10.8148,15.0547,10.2862,13.088,13.088,26.176,34.6568,52.3519,13.088,-5.1891,2.647988,4.0,1.149216,29,158,24,5,0.00234634,0.01160708,0.15915119,0E-8,0.000000,0.908698,0.000000,-0.14789112,2026-04-14,2026-07-10,41,1122,472,88,0.465909,0.718364,0.719024,0.007821,,,,,,,,GLOBAL_BASELINE_NO_ENTITY_RANKING,,,NOT_APPLICABLE_GLOBAL_BASELINE,HF9g-P5,,,,X 全窗基线 · 不参与实体赏罚,8392059,840,A168_HF9F_20260827_0900,2026-08-27 09:00:00
2026-05-04,142615618,2106,0,20.7565772405,-10.3782886203,-10.3782886203,0.5000000,3,2,0.42680504999914642,0.393584825000,0.20928117445323238,0.308045137873246,0.20928117445323238,0.03322022499914642,ELIGIBLE,R03b_20260811_FULL_v1,L1_ELIGIBILITY,v2026-08-11,2026-03-21..2026-08-06,baccarat_bet02_101_all_pairs_incl_sentinel,round_win = game_pnl > 0 (decisive only),COMPATIBILITY_ONLY_NOT_PRODUCTION,41482.8302,37695.3747,481.4946,2758,2236,-0.01160708,-0.15915119,-0.01126008,-0.01160708,-481.4946,41482.8302,OK,0.0000,19.2598,4.0000,96.0000,AG03-UNRESOLVED,ALL5_LEVELS_bet23_to_bet27,19.2598,19.2598,19.2598,24.0747,24.0747,4.000000,4.000000,4.000000,5.000000,5.000000,96.000000,96.000000,96.000000,95.000000,95.000000,5.0,105.9288,97.0336,375.5658,384.461,PENDING_AG03,FALSE,NOT_FOR_ENFORCEMENT,462.2348,36187.5597,481.4946,462.2348,19.2598,0.01160708,0.01114280,19.2598,462.2348,0.01114280,19.2598,19.2598,19.2598,24.0747,24.0747,462.2348,0.01114280,105.9288,97.0336,375.5658,384.461,0.00905352,0.00926795,0.00046428,15.0409,16.8584,0.2153,11.7438,0.4291,1011.7763,54.5366,10.8148,15.0547,10.2862,13.088,13.088,26.176,34.6568,52.3519,13.088,-5.1891,2.647988,4.0,1.149216,29,158,24,5,0.00234634,0.01160708,0.15915119,0E-8,0.000000,0.908698,0.000000,-0.14789112,2026-04-14,2026-07-10,41,1122,472,88,0.465909,0.718364,0.719024,0.007821,,,,,,,,GLOBAL_BASELINE_NO_ENTITY_RANKING,,,NOT_APPLICABLE_GLOBAL_BASELINE,HF9g-P5,,,,X 全窗基线 · 不参与实体赏罚,8392060,840,A168_HF9F_20260827_0900,2026-08-27 09:00:00
2026-05-04,142615618,2117,0,33.7294380158,-18.1620050854,-18.1620050854,0.5000000,3,2,0.39358482500000000,0.393584825000,0.308045137873246,0.308045137873246,0.308045137873246,0E-17,ELIGIBLE,R03b_20260811_FULL_v1,L1_ELIGIBILITY,v2026-08-11,2026-03-21..2026-08-06,baccarat_bet02_101_all_pairs_incl_sentinel,round_win = game_pnl > 0 (decisive only),COMPATIBILITY_ONLY_NOT_PRODUCTION,41482.8302,37695.3747,481.4946,2758,2236,-0.01160708,-0.15915119,-0.01126008,-0.01160708,-481.4946,41482.8302,OK,0.0000,19.2598,4.0000,96.0000,AG03-UNRESOLVED,ALL5_LEVELS_bet23_to_bet27,19.2598,19.2598,19.2598,24.0747,24.0747,4.000000,4.000000,4.000000,5.000000,5.000000,96.000000,96.000000,96.000000,95.000000,95.000000,5.0,105.9288,97.0336,375.5658,384.461,PENDING_AG03,FALSE,NOT_FOR_ENFORCEMENT,462.2348,36187.5597,481.4946,462.2348,19.2598,0.01160708,0.01114280,19.2598,462.2348,0.01114280,19.2598,19.2598,19.2598,24.0747,24.0747,462.2348,0.01114280,105.9288,97.0336,375.5658,384.461,0.00905352,0.00926795,0.00046428,15.0409,16.8584,0.2153,11.7438,0.4291,1011.7763,54.5366,10.8148,15.0547,10.2862,13.088,13.088,26.176,34.6568,52.3519,13.088,-5.1891,2.647988,4.0,1.149216,29,158,24,5,0.00234634,0.01160708,0.15915119,0E-8,0.000000,0.908698,0.000000,-0.14789112,2026-04-14,2026-07-10,41,1122,472,88,0.465909,0.718364,0.719024,0.007821,,,,,,,,GLOBAL_BASELINE_NO_ENTITY_RANKING,,,NOT_APPLICABLE_GLOBAL_BASELINE,HF9g-P5,,,,X 全窗基线 · 不参与实体赏罚,8392061,840,A168_HF9F_20260827_0900,2026-08-27 09:00:00
2026-05-04,142615618,2121,0,31.1348658607,-31.1348658607,-31.1348658607,0E-7,3,2,0.43629654285729964,0.393584825000,-1.2441723185187872,-1.1393289695942557,-1.2441723185187872,0.04271171785729964,ELIGIBLE,R03b_20260811_FULL_v1,L1_ELIGIBILITY,v2026-08-11,2026-03-21..2026-08-06,baccarat_bet02_101_all_pairs_incl_sentinel,round_win = game_pnl > 0 (decisive only),COMPATIBILITY_ONLY_NOT_PRODUCTION,41482.8302,37695.3747,481.4946,2758,2236,-0.01160708,-0.15915119,-0.01126008,-0.01160708,-481.4946,41482.8302,OK,0.0000,19.2598,4.0000,96.0000,AG03-UNRESOLVED,ALL5_LEVELS_bet23_to_bet27,19.2598,19.2598,19.2598,24.0747,24.0747,4.000000,4.000000,4.000000,5.000000,5.000000,96.000000,96.000000,96.000000,95.000000,95.000000,5.0,105.9288,97.0336,375.5658,384.461,PENDING_AG03,FALSE,NOT_FOR_ENFORCEMENT,462.2348,36187.5597,481.4946,462.2348,19.2598,0.01160708,0.01114280,19.2598,462.2348,0.01114280,19.2598,19.2598,19.2598,24.0747,24.0747,462.2348,0.01114280,105.9288,97.0336,375.5658,384.461,0.00905352,0.00926795,0.00046428,15.0409,16.8584,0.2153,11.7438,0.4291,1011.7763,54.5366,10.8148,15.0547,10.2862,13.088,13.088,26.176,34.6568,52.3519,13.088,-5.1891,2.647988,4.0,1.149216,29,158,24,5,0.00234634,0.01160708,0.15915119,0E-8,0.000000,0.908698,0.000000,-0.14789112,2026-04-14,2026-07-10,41,1122,472,88,0.465909,0.718364,0.719024,0.007821,,,,,,,,GLOBAL_BASELINE_NO_ENTITY_RANKING,,,NOT_APPLICABLE_GLOBAL_BASELINE,HF9g-P5,,,,X 全窗基线 · 不参与实体赏罚,8392062,840,A168_HF9F_20260827_0900,2026-08-27 09:00:00
2026-05-04,142615618,2127,0,18.1620050854,7.1350734264,7.1350734264,1.0000000,2,1,0.38892272857175268,0.300626750000,1.2534770977672316,1.5252488199758223,1.2534770977672316,0.08829597857175268,ELIGIBLE,R03b_20260811_FULL_v1,L1_ELIGIBILITY,v2026-08-11,2026-03-21..2026-08-06,baccarat_bet02_101_all_pairs_incl_sentinel,round_win = game_pnl > 0 (decisive only),COMPATIBILITY_ONLY_NOT_PRODUCTION,41482.8302,37695.3747,481.4946,2758,2236,-0.01160708,-0.15915119,-0.01126008,-0.01160708,-481.4946,41482.8302,OK,0.0000,19.2598,4.0000,96.0000,AG03-UNRESOLVED,ALL5_LEVELS_bet23_to_bet27,19.2598,19.2598,19.2598,24.0747,24.0747,4.000000,4.000000,4.000000,5.000000,5.000000,96.000000,96.000000,96.000000,95.000000,95.000000,5.0,105.9288,97.0336,375.5658,384.461,PENDING_AG03,FALSE,NOT_FOR_ENFORCEMENT,462.2348,36187.5597,481.4946,462.2348,19.2598,0.01160708,0.01114280,19.2598,462.2348,0.01114280,19.2598,19.2598,19.2598,24.0747,24.0747,462.2348,0.01114280,105.9288,97.0336,375.5658,384.461,0.00905352,0.00926795,0.00046428,15.0409,16.8584,0.2153,11.7438,0.4291,1011.7763,54.5366,10.8148,15.0547,10.2862,13.088,13.088,26.176,34.6568,52.3519,13.088,-5.1891,2.647988,4.0,1.149216,29,158,24,5,0.00234634,0.01160708,0.15915119,0E-8,0.000000,0.908698,0.000000,-0.14789112,2026-04-14,2026-07-10,41,1122,472,88,0.465909,0.718364,0.719024,0.007821,,,,,,,,GLOBAL_BASELINE_NO_ENTITY_RANKING,,,NOT_APPLICABLE_GLOBAL_BASELINE,HF9g-P5,,,,X 全窗基线 · 不参与实体赏罚,8392063,840,A168_HF9F_20260827_0900,2026-08-27 09:00:00
2026-05-04,142615618,2134,0,12.9728607753,-12.9728607753,-12.9728607753,0E-7,1,1,0.49324550000000000,0.493245500000,-0.9865810262130424,-0.9865810262130424,-0.9865810262130424,0E-17,ELIGIBLE,R03b_20260811_FULL_v1,L1_ELIGIBILITY,v2026-08-11,2026-03-21..2026-08-06,baccarat_bet02_101_all_pairs_incl_sentinel,round_win = game_pnl > 0 (decisive only),COMPATIBILITY_ONLY_NOT_PRODUCTION,41482.8302,37695.3747,481.4946,2758,2236,-0.01160708,-0.15915119,-0.01126008,-0.01160708,-481.4946,41482.8302,OK,0.0000,19.2598,4.0000,96.0000,AG03-UNRESOLVED,ALL5_LEVELS_bet23_to_bet27,19.2598,19.2598,19.2598,24.0747,24.0747,4.000000,4.000000,4.000000,5.000000,5.000000,96.000000,96.000000,96.000000,95.000000,95.000000,5.0,105.9288,97.0336,375.5658,384.461,PENDING_AG03,FALSE,NOT_FOR_ENFORCEMENT,462.2348,36187.5597,481.4946,462.2348,19.2598,0.01160708,0.01114280,19.2598,462.2348,0.01114280,19.2598,19.2598,19.2598,24.0747,24.0747,462.2348,0.01114280,105.9288,97.0336,375.5658,384.461,0.00905352,0.00926795,0.00046428,15.0409,16.8584,0.2153,11.7438,0.4291,1011.7763,54.5366,10.8148,15.0547,10.2862,13.088,13.088,26.176,34.6568,52.3519,13.088,-5.1891,2.647988,4.0,1.149216,29,158,24,5,0.00234634,0.01160708,0.15915119,0E-8,0.000000,0.908698,0.000000,-0.14789112,2026-04-14,2026-07-10,41,1122,472,88,0.465909,0.718364,0.719024,0.007821,,,,,,,,GLOBAL_BASELINE_NO_ENTITY_RANKING,,,NOT_APPLICABLE_GLOBAL_BASELINE,HF9g-P5,,,,X 全窗基线 · 不参与实体赏罚,8392064,840,A168_HF9F_20260827_0900,2026-08-27 09:00:00
2026-05-04,142615618,2145,0,143.2203829589,-41.3834258730,-41.3834258730,0.3333333,10,8,0.47491442426470207,0.450955587500,-0.6944774607772807,-0.5790212453544488,-0.6944774607772807,0.02395883676470207,ELIGIBLE,R03b_20260811_FULL_v1,L1_ELIGIBILITY,v2026-08-11,2026-03-21..2026-08-06,baccarat_bet02_101_all_pairs_incl_sentinel,round_win = game_pnl > 0 (decisive only),COMPATIBILITY_ONLY_NOT_PRODUCTION,41482.8302,37695.3747,481.4946,2758,2236,-0.01160708,-0.15915119,-0.01126008,-0.01160708,-481.4946,41482.8302,OK,0.0000,19.2598,4.0000,96.0000,AG03-UNRESOLVED,ALL5_LEVELS_bet23_to_bet27,19.2598,19.2598,19.2598,24.0747,24.0747,4.000000,4.000000,4.000000,5.000000,5.000000,96.000000,96.000000,96.000000,95.000000,95.000000,5.0,105.9288,97.0336,375.5658,384.461,PENDING_AG03,FALSE,NOT_FOR_ENFORCEMENT,462.2348,36187.5597,481.4946,462.2348,19.2598,0.01160708,0.01114280,19.2598,462.2348,0.01114280,19.2598,19.2598,19.2598,24.0747,24.0747,462.2348,0.01114280,105.9288,97.0336,375.5658,384.461,0.00905352,0.00926795,0.00046428,15.0409,16.8584,0.2153,11.7438,0.4291,1011.7763,54.5366,10.8148,15.0547,10.2862,13.088,13.088,26.176,34.6568,52.3519,13.088,-5.1891,2.647988,4.0,1.149216,29,158,24,5,0.00234634,0.01160708,0.15915119,0E-8,0.000000,0.908698,0.000000,-0.14789112,2026-04-14,2026-07-10,41,1122,472,88,0.465909,0.718364,0.719024,0.007821,,,,,,,,GLOBAL_BASELINE_NO_ENTITY_RANKING,,,NOT_APPLICABLE_GLOBAL_BASELINE,HF9g-P5,,,,X 全窗基线 · 不参与实体赏罚,8392065,840,A168_HF9F_20260827_0900,2026-08-27 09:00:00
2026-05-04,142615618,2170,0,10.3782886202,-10.3782886202,-10.3782886202,0E-7,2,1,0.29392415000000000,0.293924150000,-0.6451964315166089,-0.6451964315166089,-0.6451964315166089,0E-17,ELIGIBLE,R03b_20260811_FULL_v1,L1_ELIGIBILITY,v2026-08-11,2026-03-21..2026-08-06,baccarat_bet02_101_all_pairs_incl_sentinel,round_win = game_pnl > 0 (decisive only),COMPATIBILITY_ONLY_NOT_PRODUCTION,41482.8302,37695.3747,481.4946,2758,2236,-0.01160708,-0.15915119,-0.01126008,-0.01160708,-481.4946,41482.8302,OK,0.0000,19.2598,4.0000,96.0000,AG03-UNRESOLVED,ALL5_LEVELS_bet23_to_bet27,19.2598,19.2598,19.2598,24.0747,24.0747,4.000000,4.000000,4.000000,5.000000,5.000000,96.000000,96.000000,96.000000,95.000000,95.000000,5.0,105.9288,97.0336,375.5658,384.461,PENDING_AG03,FALSE,NOT_FOR_ENFORCEMENT,462.2348,36187.5597,481.4946,462.2348,19.2598,0.01160708,0.01114280,19.2598,462.2348,0.01114280,19.2598,19.2598,19.2598,24.0747,24.0747,462.2348,0.01114280,105.9288,97.0336,375.5658,384.461,0.00905352,0.00926795,0.00046428,15.0409,16.8584,0.2153,11.7438,0.4291,1011.7763,54.5366,10.8148,15.0547,10.2862,13.088,13.088,26.176,34.6568,52.3519,13.088,-5.1891,2.647988,4.0,1.149216,29,158,24,5,0.00234634,0.01160708,0.15915119,0E-8,0.000000,0.908698,0.000000,-0.14789112,2026-04-14,2026-07-10,41,1122,472,88,0.465909,0.718364,0.719024,0.007821,,,,,,,,GLOBAL_BASELINE_NO_ENTITY_RANKING,,,NOT_APPLICABLE_GLOBAL_BASELINE,HF9g-P5,,,,X 全窗基线 · 不参与实体赏罚,8392066,840,A168_HF9F_20260827_0900,2026-08-27 09:00:00
2026-05-04,142615618,2175,0,129.7286077525,-77.8371646515,-77.8371646515,0E-7,2,2,0.50665070000000000,0.506650700000,-1.013391052207602,-1.013391052207602,-1.013391052207602,0E-17,ELIGIBLE,R03b_20260811_FULL_v1,L1_ELIGIBILITY,v2026-08-11,2026-03-21..2026-08-06,baccarat_bet02_101_all_pairs_incl_sentinel,round_win = game_pnl > 0 (decisive only),COMPATIBILITY_ONLY_NOT_PRODUCTION,41482.8302,37695.3747,481.4946,2758,2236,-0.01160708,-0.15915119,-0.01126008,-0.01160708,-481.4946,41482.8302,OK,0.0000,19.2598,4.0000,96.0000,AG03-UNRESOLVED,ALL5_LEVELS_bet23_to_bet27,19.2598,19.2598,19.2598,24.0747,24.0747,4.000000,4.000000,4.000000,5.000000,5.000000,96.000000,96.000000,96.000000,95.000000,95.000000,5.0,105.9288,97.0336,375.5658,384.461,PENDING_AG03,FALSE,NOT_FOR_ENFORCEMENT,462.2348,36187.5597,481.4946,462.2348,19.2598,0.01160708,0.01114280,19.2598,462.2348,0.01114280,19.2598,19.2598,19.2598,24.0747,24.0747,462.2348,0.01114280,105.9288,97.0336,375.5658,384.461,0.00905352,0.00926795,0.00046428,15.0409,16.8584,0.2153,11.7438,0.4291,1011.7763,54.5366,10.8148,15.0547,10.2862,13.088,13.088,26.176,34.6568,52.3519,13.088,-5.1891,2.647988,4.0,1.149216,29,158,24,5,0.00234634,0.01160708,0.15915119,0E-8,0.000000,0.908698,0.000000,-0.14789112,2026-04-14,2026-07-10,41,1122,472,88,0.465909,0.718364,0.719024,0.007821,,,,,,,,GLOBAL_BASELINE_NO_ENTITY_RANKING,,,NOT_APPLICABLE_GLOBAL_BASELINE,HF9g-P5,,,,X 全窗基线 · 不参与实体赏罚,8392067,840,A168_HF9F_20260827_0900,2026-08-27 09:00:00
2026-05-04,142615618,2209,0,51.8914431011,-1.2972860775,-1.2972860775,0.6666667,3,3,0.50218230000000000,0.502182300000,0.5697959874915163,0.5697959874915164,0.5697959874915163,0E-17,ELIGIBLE,R03b_20260811_FULL_v1,L1_ELIGIBILITY,v2026-08-11,2026-03-21..2026-08-06,baccarat_bet02_101_all_pairs_incl_sentinel,round_win = game_pnl > 0 (decisive only),COMPATIBILITY_ONLY_NOT_PRODUCTION,41482.8302,37695.3747,481.4946,2758,2236,-0.01160708,-0.15915119,-0.01126008,-0.01160708,-481.4946,41482.8302,OK,0.0000,19.2598,4.0000,96.0000,AG03-UNRESOLVED,ALL5_LEVELS_bet23_to_bet27,19.2598,19.2598,19.2598,24.0747,24.0747,4.000000,4.000000,4.000000,5.000000,5.000000,96.000000,96.000000,96.000000,95.000000,95.000000,5.0,105.9288,97.0336,375.5658,384.461,PENDING_AG03,FALSE,NOT_FOR_ENFORCEMENT,462.2348,36187.5597,481.4946,462.2348,19.2598,0.01160708,0.01114280,19.2598,462.2348,0.01114280,19.2598,19.2598,19.2598,24.0747,24.0747,462.2348,0.01114280,105.9288,97.0336,375.5658,384.461,0.00905352,0.00926795,0.00046428,15.0409,16.8584,0.2153,11.7438,0.4291,1011.7763,54.5366,10.8148,15.0547,10.2862,13.088,13.088,26.176,34.6568,52.3519,13.088,-5.1891,2.647988,4.0,1.149216,29,158,24,5,0.00234634,0.01160708,0.15915119,0E-8,0.000000,0.908698,0.000000,-0.14789112,2026-04-14,2026-07-10,41,1122,472,88,0.465909,0.718364,0.719024,0.007821,,,,,,,,GLOBAL_BASELINE_NO_ENTITY_RANKING,,,NOT_APPLICABLE_GLOBAL_BASELINE,HF9g-P5,,,,X 全窗基线 · 不参与实体赏罚,8392068,840,A168_HF9F_20260827_0900,2026-08-27 09:00:00
2026-05-04,142615618,2229,0,70.0534481866,5.8377873488,5.8377873488,0.6000000,6,5,0.47850903714291986,0.461424350000,0.5438266806252039,0.6215818358757014,0.5438266806252039,0.01708468714291986,ELIGIBLE,R03b_20260811_FULL_v1,L1_ELIGIBILITY,v2026-08-11,2026-03-21..2026-08-06,baccarat_bet02_101_all_pairs_incl_sentinel,round_win = game_pnl > 0 (decisive only),COMPATIBILITY_ONLY_NOT_PRODUCTION,41482.8302,37695.3747,481.4946,2758,2236,-0.01160708,-0.15915119,-0.01126008,-0.01160708,-481.4946,41482.8302,OK,0.0000,19.2598,4.0000,96.0000,AG03-UNRESOLVED,ALL5_LEVELS_bet23_to_bet27,19.2598,19.2598,19.2598,24.0747,24.0747,4.000000,4.000000,4.000000,5.000000,5.000000,96.000000,96.000000,96.000000,95.000000,95.000000,5.0,105.9288,97.0336,375.5658,384.461,PENDING_AG03,FALSE,NOT_FOR_ENFORCEMENT,462.2348,36187.5597,481.4946,462.2348,19.2598,0.01160708,0.01114280,19.2598,462.2348,0.01114280,19.2598,19.2598,19.2598,24.0747,24.0747,462.2348,0.01114280,105.9288,97.0336,375.5658,384.461,0.00905352,0.00926795,0.00046428,15.0409,16.8584,0.2153,11.7438,0.4291,1011.7763,54.5366,10.8148,15.0547,10.2862,13.088,13.088,26.176,34.6568,52.3519,13.088,-5.1891,2.647988,4.0,1.149216,29,158,24,5,0.00234634,0.01160708,0.15915119,0E-8,0.000000,0.908698,0.000000,-0.14789112,2026-04-14,2026-07-10,41,1122,472,88,0.465909,0.718364,0.719024,0.007821,,,,,,,,GLOBAL_BASELINE_NO_ENTITY_RANKING,,,NOT_APPLICABLE_GLOBAL_BASELINE,HF9g-P5,,,,X 全窗基线 · 不参与实体赏罚,8392069,840,A168_HF9F_20260827_0900,2026-08-27 09:00:00
2026-05-04,142615618,2241,0,12.9728607753,0E-10,0E-10,,1,1,0.50665070000000000,0.506650700000,,,,0E-17,NO_DECISIVE_ROUND,R03b_20260811_FULL_v1,L1_ELIGIBILITY,v2026-08-11,2026-03-21..2026-08-06,baccarat_bet02_101_all_pairs_incl_sentinel,round_win = game_pnl > 0 (decisive only),COMPATIBILITY_ONLY_NOT_PRODUCTION,41482.8302,37695.3747,481.4946,2758,2236,-0.01160708,-0.15915119,-0.01126008,-0.01160708,-481.4946,41482.8302,OK,0.0000,19.2598,4.0000,96.0000,AG03-UNRESOLVED,ALL5_LEVELS_bet23_to_bet27,19.2598,19.2598,19.2598,24.0747,24.0747,4.000000,4.000000,4.000000,5.000000,5.000000,96.000000,96.000000,96.000000,95.000000,95.000000,5.0,105.9288,97.0336,375.5658,384.461,PENDING_AG03,FALSE,NOT_FOR_ENFORCEMENT,462.2348,36187.5597,481.4946,462.2348,19.2598,0.01160708,0.01114280,19.2598,462.2348,0.01114280,19.2598,19.2598,19.2598,24.0747,24.0747,462.2348,0.01114280,105.9288,97.0336,375.5658,384.461,0.00905352,0.00926795,0.00046428,15.0409,16.8584,0.2153,11.7438,0.4291,1011.7763,54.5366,10.8148,15.0547,10.2862,13.088,13.088,26.176,34.6568,52.3519,13.088,-5.1891,2.647988,4.0,1.149216,29,158,24,5,0.00234634,0.01160708,0.15915119,0E-8,0.000000,0.908698,0.000000,-0.14789112,2026-04-14,2026-07-10,41,1122,472,88,0.465909,0.718364,0.719024,0.007821,,,,,,,,GLOBAL_BASELINE_NO_ENTITY_RANKING,,,NOT_APPLICABLE_GLOBAL_BASELINE,HF9g-P5,,,,X 全窗基线 · 不参与实体赏罚,8392070,840,A168_HF9F_20260827_0900,2026-08-27 09:00:00
2026-05-04,142615618,2242,0,12.9728607753,0E-10,0E-10,,1,1,0.49324550000000000,0.493245500000,,,,0E-17,NO_DECISIVE_ROUND,R03b_20260811_FULL_v1,L1_ELIGIBILITY,v2026-08-11,2026-03-21..2026-08-06,baccarat_bet02_101_all_pairs_incl_sentinel,round_win = game_pnl > 0 (decisive only),COMPATIBILITY_ONLY_NOT_PRODUCTION,41482.8302,37695.3747,481.4946,2758,2236,-0.01160708,-0.15915119,-0.01126008,-0.01160708,-481.4946,41482.8302,OK,0.0000,19.2598,4.0000,96.0000,AG03-UNRESOLVED,ALL5_LEVELS_bet23_to_bet27,19.2598,19.2598,19.2598,24.0747,24.0747,4.000000,4.000000,4.000000,5.000000,5.000000,96.000000,96.000000,96.000000,95.000000,95.000000,5.0,105.9288,97.0336,375.5658,384.461,PENDING_AG03,FALSE,NOT_FOR_ENFORCEMENT,462.2348,36187.5597,481.4946,462.2348,19.2598,0.01160708,0.01114280,19.2598,462.2348,0.01114280,19.2598,19.2598,19.2598,24.0747,24.0747,462.2348,0.01114280,105.9288,97.0336,375.5658,384.461,0.00905352,0.00926795,0.00046428,15.0409,16.8584,0.2153,11.7438,0.4291,1011.7763,54.5366,10.8148,15.0547,10.2862,13.088,13.088,26.176,34.6568,52.3519,13.088,-5.1891,2.647988,4.0,1.149216,29,158,24,5,0.00234634,0.01160708,0.15915119,0E-8,0.000000,0.908698,0.000000,-0.14789112,2026-04-14,2026-07-10,41,1122,472,88,0.465909,0.718364,0.719024,0.007821,,,,,,,,GLOBAL_BASELINE_NO_ENTITY_RANKING,,,NOT_APPLICABLE_GLOBAL_BASELINE,HF9g-P5,,,,X 全窗基线 · 不参与实体赏罚,8392071,840,A168_HF9F_20260827_0900,2026-08-27 09:00:00
2026-05-04,142615618,2252,0,31.1348658607,-5.8377873489,-5.8377873489,0.5000000,3,2,0.44299914285729964,0.400287425000,0.16228075123702423,0.2878109933178697,0.16228075123702423,0.04271171785729964,ELIGIBLE,R03b_20260811_FULL_v1,L1_ELIGIBILITY,v2026-08-11,2026-03-21..2026-08-06,baccarat_bet02_101_all_pairs_incl_sentinel,round_win = game_pnl > 0 (decisive only),COMPATIBILITY_ONLY_NOT_PRODUCTION,41482.8302,37695.3747,481.4946,2758,2236,-0.01160708,-0.15915119,-0.01126008,-0.01160708,-481.4946,41482.8302,OK,0.0000,19.2598,4.0000,96.0000,AG03-UNRESOLVED,ALL5_LEVELS_bet23_to_bet27,19.2598,19.2598,19.2598,24.0747,24.0747,4.000000,4.000000,4.000000,5.000000,5.000000,96.000000,96.000000,96.000000,95.000000,95.000000,5.0,105.9288,97.0336,375.5658,384.461,PENDING_AG03,FALSE,NOT_FOR_ENFORCEMENT,462.2348,36187.5597,481.4946,462.2348,19.2598,0.01160708,0.01114280,19.2598,462.2348,0.01114280,19.2598,19.2598,19.2598,24.0747,24.0747,462.2348,0.01114280,105.9288,97.0336,375.5658,384.461,0.00905352,0.00926795,0.00046428,15.0409,16.8584,0.2153,11.7438,0.4291,1011.7763,54.5366,10.8148,15.0547,10.2862,13.088,13.088,26.176,34.6568,52.3519,13.088,-5.1891,2.647988,4.0,1.149216,29,158,24,5,0.00234634,0.01160708,0.15915119,0E-8,0.000000,0.908698,0.000000,-0.14789112,2026-04-14,2026-07-10,41,1122,472,88,0.465909,0.718364,0.719024,0.007821,,,,,,,,GLOBAL_BASELINE_NO_ENTITY_RANKING,,,NOT_APPLICABLE_GLOBAL_BASELINE,HF9g-P5,,,,X 全窗基线 · 不参与实体赏罚,8392072,840,A168_HF9F_20260827_0900,2026-08-27 09:00:00
2026-05-04,142615618,2261,0,20.7565772404,0E-10,0E-10,,1,1,0.50665070000000000,0.506650700000,,,,0E-17,NO_DECISIVE_ROUND,R03b_20260811_FULL_v1,L1_ELIGIBILITY,v2026-08-11,2026-03-21..2026-08-06,baccarat_bet02_101_all_pairs_incl_sentinel,round_win = game_pnl > 0 (decisive only),COMPATIBILITY_ONLY_NOT_PRODUCTION,41482.8302,37695.3747,481.4946,2758,2236,-0.01160708,-0.15915119,-0.01126008,-0.01160708,-481.4946,41482.8302,OK,0.0000,19.2598,4.0000,96.0000,AG03-UNRESOLVED,ALL5_LEVELS_bet23_to_bet27,19.2598,19.2598,19.2598,24.0747,24.0747,4.000000,4.000000,4.000000,5.000000,5.000000,96.000000,96.000000,96.000000,95.000000,95.000000,5.0,105.9288,97.0336,375.5658,384.461,PENDING_AG03,FALSE,NOT_FOR_ENFORCEMENT,462.2348,36187.5597,481.4946,462.2348,19.2598,0.01160708,0.01114280,19.2598,462.2348,0.01114280,19.2598,19.2598,19.2598,24.0747,24.0747,462.2348,0.01114280,105.9288,97.0336,375.5658,384.461,0.00905352,0.00926795,0.00046428,15.0409,16.8584,0.2153,11.7438,0.4291,1011.7763,54.5366,10.8148,15.0547,10.2862,13.088,13.088,26.176,34.6568,52.3519,13.088,-5.1891,2.647988,4.0,1.149216,29,158,24,5,0.00234634,0.01160708,0.15915119,0E-8,0.000000,0.908698,0.000000,-0.14789112,2026-04-14,2026-07-10,41,1122,472,88,0.465909,0.718364,0.719024,0.007821,,,,,,,,GLOBAL_BASELINE_NO_ENTITY_RANKING,,,NOT_APPLICABLE_GLOBAL_BASELINE,HF9g-P5,,,,X 全窗基线 · 不参与实体赏罚,8392073,840,A168_HF9F_20260827_0900,2026-08-27 09:00:00
2026-05-04,142615618,462,0,51.8914431011,-26.5943645893,-26.5943645893,0.3333333,3,3,0.50665070000000000,0.506650700000,-0.6004420894325239,-0.6004420894325239,-0.6004420894325239,0E-17,ELIGIBLE,R03b_20260811_FULL_v1,L1_ELIGIBILITY,v2026-08-11,2026-03-21..2026-08-06,baccarat_bet02_101_all_pairs_incl_sentinel,round_win = game_pnl > 0 (decisive only),COMPATIBILITY_ONLY_NOT_PRODUCTION,41482.8302,37695.3747,481.4946,2758,2236,-0.01160708,-0.15915119,-0.01126008,-0.01160708,-481.4946,41482.8302,OK,0.0000,19.2598,4.0000,96.0000,AG03-UNRESOLVED,ALL5_LEVELS_bet23_to_bet27,19.2598,19.2598,19.2598,24.0747,24.0747,4.000000,4.000000,4.000000,5.000000,5.000000,96.000000,96.000000,96.000000,95.000000,95.000000,5.0,105.9288,97.0336,375.5658,384.461,PENDING_AG03,FALSE,NOT_FOR_ENFORCEMENT,462.2348,36187.5597,481.4946,462.2348,19.2598,0.01160708,0.01114280,19.2598,462.2348,0.01114280,19.2598,19.2598,19.2598,24.0747,24.0747,462.2348,0.01114280,105.9288,97.0336,375.5658,384.461,0.00905352,0.00926795,0.00046428,15.0409,16.8584,0.2153,11.7438,0.4291,1011.7763,54.5366,10.8148,15.0547,10.2862,13.088,13.088,26.176,34.6568,52.3519,13.088,-5.1891,2.647988,4.0,1.149216,29,158,24,5,0.00234634,0.01160708,0.15915119,0E-8,0.000000,0.908698,0.000000,-0.14789112,2026-04-14,2026-07-10,41,1122,472,88,0.465909,0.718364,0.719024,0.007821,,,,,,,,GLOBAL_BASELINE_NO_ENTITY_RANKING,,,NOT_APPLICABLE_GLOBAL_BASELINE,HF9g-P5,,,,X 全窗基线 · 不参与实体赏罚,8392074,840,A168_HF9F_20260827_0900,2026-08-27 09:00:00
2026-05-04,142615618,772,0,23.3511493955,-23.3511493955,-23.3511493955,0E-7,1,1,0.49324550000000000,0.493245500000,-0.9865810262130424,-0.9865810262130424,-0.9865810262130424,0E-17,ELIGIBLE,R03b_20260811_FULL_v1,L1_ELIGIBILITY,v2026-08-11,2026-03-21..2026-08-06,baccarat_bet02_101_all_pairs_incl_sentinel,round_win = game_pnl > 0 (decisive only),COMPATIBILITY_ONLY_NOT_PRODUCTION,41482.8302,37695.3747,481.4946,2758,2236,-0.01160708,-0.15915119,-0.01126008,-0.01160708,-481.4946,41482.8302,OK,0.0000,19.2598,4.0000,96.0000,AG03-UNRESOLVED,ALL5_LEVELS_bet23_to_bet27,19.2598,19.2598,19.2598,24.0747,24.0747,4.000000,4.000000,4.000000,5.000000,5.000000,96.000000,96.000000,96.000000,95.000000,95.000000,5.0,105.9288,97.0336,375.5658,384.461,PENDING_AG03,FALSE,NOT_FOR_ENFORCEMENT,462.2348,36187.5597,481.4946,462.2348,19.2598,0.01160708,0.01114280,19.2598,462.2348,0.01114280,19.2598,19.2598,19.2598,24.0747,24.0747,462.2348,0.01114280,105.9288,97.0336,375.5658,384.461,0.00905352,0.00926795,0.00046428,15.0409,16.8584,0.2153,11.7438,0.4291,1011.7763,54.5366,10.8148,15.0547,10.2862,13.088,13.088,26.176,34.6568,52.3519,13.088,-5.1891,2.647988,4.0,1.149216,29,158,24,5,0.00234634,0.01160708,0.15915119,0E-8,0.000000,0.908698,0.000000,-0.14789112,2026-04-14,2026-07-10,41,1122,472,88,0.465909,0.718364,0.719024,0.007821,,,,,,,,GLOBAL_BASELINE_NO_ENTITY_RANKING,,,NOT_APPLICABLE_GLOBAL_BASELINE,HF9g-P5,,,,X 全窗基线 · 不参与实体赏罚,8392075,840,A168_HF9F_20260827_0900,2026-08-27 09:00:00
2026-05-04,142615618,789,0,20.7565772404,0E-10,0E-10,0.5000000,3,2,0.43350765000000000,0.400287425000,0.18975414545137817,0.2878109933178697,0.18975414545137817,0.03322022500000000,ELIGIBLE,R03b_20260811_FULL_v1,L1_ELIGIBILITY,v2026-08-11,2026-03-21..2026-08-06,baccarat_bet02_101_all_pairs_incl_sentinel,round_win = game_pnl > 0 (decisive only),COMPATIBILITY_ONLY_NOT_PRODUCTION,41482.8302,37695.3747,481.4946,2758,2236,-0.01160708,-0.15915119,-0.01126008,-0.01160708,-481.4946,41482.8302,OK,0.0000,19.2598,4.0000,96.0000,AG03-UNRESOLVED,ALL5_LEVELS_bet23_to_bet27,19.2598,19.2598,19.2598,24.0747,24.0747,4.000000,4.000000,4.000000,5.000000,5.000000,96.000000,96.000000,96.000000,95.000000,95.000000,5.0,105.9288,97.0336,375.5658,384.461,PENDING_AG03,FALSE,NOT_FOR_ENFORCEMENT,462.2348,36187.5597,481.4946,462.2348,19.2598,0.01160708,0.01114280,19.2598,462.2348,0.01114280,19.2598,19.2598,19.2598,24.0747,24.0747,462.2348,0.01114280,105.9288,97.0336,375.5658,384.461,0.00905352,0.00926795,0.00046428,15.0409,16.8584,0.2153,11.7438,0.4291,1011.7763,54.5366,10.8148,15.0547,10.2862,13.088,13.088,26.176,34.6568,52.3519,13.088,-5.1891,2.647988,4.0,1.149216,29,158,24,5,0.00234634,0.01160708,0.15915119,0E-8,0.000000,0.908698,0.000000,-0.14789112,2026-04-14,2026-07-10,41,1122,472,88,0.465909,0.718364,0.719024,0.007821,,,,,,,,GLOBAL_BASELINE_NO_ENTITY_RANKING,,,NOT_APPLICABLE_GLOBAL_BASELINE,HF9g-P5,,,,X 全窗基线 · 不参与实体赏罚,8392076,840,A168_HF9F_20260827_0900,2026-08-27 09:00:00
2026-05-04,142615618,948,0,40.2158684033,14.2701468527,14.2701468527,0.5000000,2,2,0.49994810000000000,0.499948100000,0.00014679536856514622,0.00014679536856514622,0.00014679536856514622,0E-17,ELIGIBLE,R03b_20260811_FULL_v1,L1_ELIGIBILITY,v2026-08-11,2026-03-21..2026-08-06,baccarat_bet02_101_all_pairs_incl_sentinel,round_win = game_pnl > 0 (decisive only),COMPATIBILITY_ONLY_NOT_PRODUCTION,41482.8302,37695.3747,481.4946,2758,2236,-0.01160708,-0.15915119,-0.01126008,-0.01160708,-481.4946,41482.8302,OK,0.0000,19.2598,4.0000,96.0000,AG03-UNRESOLVED,ALL5_LEVELS_bet23_to_bet27,19.2598,19.2598,19.2598,24.0747,24.0747,4.000000,4.000000,4.000000,5.000000,5.000000,96.000000,96.000000,96.000000,95.000000,95.000000,5.0,105.9288,97.0336,375.5658,384.461,PENDING_AG03,FALSE,NOT_FOR_ENFORCEMENT,462.2348,36187.5597,481.4946,462.2348,19.2598,0.01160708,0.01114280,19.2598,462.2348,0.01114280,19.2598,19.2598,19.2598,24.0747,24.0747,462.2348,0.01114280,105.9288,97.0336,375.5658,384.461,0.00905352,0.00926795,0.00046428,15.0409,16.8584,0.2153,11.7438,0.4291,1011.7763,54.5366,10.8148,15.0547,10.2862,13.088,13.088,26.176,34.6568,52.3519,13.088,-5.1891,2.647988,4.0,1.149216,29,158,24,5,0.00234634,0.01160708,0.15915119,0E-8,0.000000,0.908698,0.000000,-0.14789112,2026-04-14,2026-07-10,41,1122,472,88,0.465909,0.718364,0.719024,0.007821,,,,,,,,GLOBAL_BASELINE_NO_ENTITY_RANKING,,,NOT_APPLICABLE_GLOBAL_BASELINE,HF9g-P5,,,,X 全窗基线 · 不参与实体赏罚,8392077,840,A168_HF9F_20260827_0900,2026-08-27 09:00:00
2026-05-04,142615618,994,0,146.3338695450,95.0391780395,95.0391780395,0.6250000,9,8,0.49209855312500000,0.479222056250,0.7518980066709089,0.8253575400966466,0.7518980066709089,0.01287649687500000,ELIGIBLE,R03b_20260811_FULL_v1,L1_ELIGIBILITY,v2026-08-11,2026-03-21..2026-08-06,baccarat_bet02_101_all_pairs_incl_sentinel,round_win = game_pnl > 0 (decisive only),COMPATIBILITY_ONLY_NOT_PRODUCTION,41482.8302,37695.3747,481.4946,2758,2236,-0.01160708,-0.15915119,-0.01126008,-0.01160708,-481.4946,41482.8302,OK,0.0000,19.2598,4.0000,96.0000,AG03-UNRESOLVED,ALL5_LEVELS_bet23_to_bet27,19.2598,19.2598,19.2598,24.0747,24.0747,4.000000,4.000000,4.000000,5.000000,5.000000,96.000000,96.000000,96.000000,95.000000,95.000000,5.0,105.9288,97.0336,375.5658,384.461,PENDING_AG03,FALSE,NOT_FOR_ENFORCEMENT,462.2348,36187.5597,481.4946,462.2348,19.2598,0.01160708,0.01114280,19.2598,462.2348,0.01114280,19.2598,19.2598,19.2598,24.0747,24.0747,462.2348,0.01114280,105.9288,97.0336,375.5658,384.461,0.00905352,0.00926795,0.00046428,15.0409,16.8584,0.2153,11.7438,0.4291,1011.7763,54.5366,10.8148,15.0547,10.2862,13.088,13.088,26.176,34.6568,52.3519,13.088,-5.1891,2.647988,4.0,1.149216,29,158,24,5,0.00234634,0.01160708,0.15915119,0E-8,0.000000,0.908698,0.000000,-0.14789112,2026-04-14,2026-07-10,41,1122,472,88,0.465909,0.718364,0.719024,0.007821,,,,,,,,GLOBAL_BASELINE_NO_ENTITY_RANKING,,,NOT_APPLICABLE_GLOBAL_BASELINE,HF9g-P5,,,,X 全窗基线 · 不参与实体赏罚,8392078,840,A168_HF9F_20260827_0900,2026-08-27 09:00:00
2026-05-05,142615618,-1,1,245.4465258682,51.9433345441,51.9433345441,0.6666667,18,14,0.46305212428569664,0.445392928571,1.4145503512234794,1.542254817822262,1.4145503512234794,0.01765919571469664,SENTINEL_DEALER,R03b_20260811_FULL_v1,L1_ELIGIBILITY,v2026-08-11,2026-03-21..2026-08-06,baccarat_bet02_101_all_pairs_incl_sentinel,round_win = game_pnl > 0 (decisive only),COMPATIBILITY_ONLY_NOT_PRODUCTION,41482.8302,37695.3747,481.4946,2758,2236,-0.01160708,-0.15915119,-0.01126008,-0.01160708,-481.4946,41482.8302,OK,0.0000,19.2598,4.0000,96.0000,AG03-UNRESOLVED,ALL5_LEVELS_bet23_to_bet27,19.2598,19.2598,19.2598,24.0747,24.0747,4.000000,4.000000,4.000000,5.000000,5.000000,96.000000,96.000000,96.000000,95.000000,95.000000,5.0,105.9288,97.0336,375.5658,384.461,PENDING_AG03,FALSE,NOT_FOR_ENFORCEMENT,462.2348,36187.5597,481.4946,462.2348,19.2598,0.01160708,0.01114280,19.2598,462.2348,0.01114280,19.2598,19.2598,19.2598,24.0747,24.0747,462.2348,0.01114280,105.9288,97.0336,375.5658,384.461,0.00905352,0.00926795,0.00046428,15.0409,16.8584,0.2153,11.7438,0.4291,1011.7763,54.5366,10.8148,15.0547,10.2862,13.088,13.088,26.176,34.6568,52.3519,13.088,-5.1891,2.647988,4.0,1.149216,29,158,24,5,0.00234634,0.01160708,0.15915119,0E-8,0.000000,0.908698,0.000000,-0.14789112,2026-04-14,2026-07-10,41,1122,472,88,0.465909,0.718364,0.719024,0.007821,,,,,,,,GLOBAL_BASELINE_NO_ENTITY_RANKING,,,NOT_APPLICABLE_GLOBAL_BASELINE,HF9g-P5,,,,X 全窗基线 · 不参与实体赏罚,8392079,840,A168_HF9F_20260827_0900,2026-08-27 09:00:00
2026-05-05,142615618,1017,0,25.9457215506,24.6484354730,24.6484354730,1.0000000,2,2,0.50665070000000000,0.506650700000,1.3955260008387969,1.3955260008387969,1.3955260008387969,0E-17,ELIGIBLE,R03b_20260811_FULL_v1,L1_ELIGIBILITY,v2026-08-11,2026-03-21..2026-08-06,baccarat_bet02_101_all_pairs_incl_sentinel,round_win = game_pnl > 0 (decisive only),COMPATIBILITY_ONLY_NOT_PRODUCTION,41482.8302,37695.3747,481.4946,2758,2236,-0.01160708,-0.15915119,-0.01126008,-0.01160708,-481.4946,41482.8302,OK,0.0000,19.2598,4.0000,96.0000,AG03-UNRESOLVED,ALL5_LEVELS_bet23_to_bet27,19.2598,19.2598,19.2598,24.0747,24.0747,4.000000,4.000000,4.000000,5.000000,5.000000,96.000000,96.000000,96.000000,95.000000,95.000000,5.0,105.9288,97.0336,375.5658,384.461,PENDING_AG03,FALSE,NOT_FOR_ENFORCEMENT,462.2348,36187.5597,481.4946,462.2348,19.2598,0.01160708,0.01114280,19.2598,462.2348,0.01114280,19.2598,19.2598,19.2598,24.0747,24.0747,462.2348,0.01114280,105.9288,97.0336,375.5658,384.461,0.00905352,0.00926795,0.00046428,15.0409,16.8584,0.2153,11.7438,0.4291,1011.7763,54.5366,10.8148,15.0547,10.2862,13.088,13.088,26.176,34.6568,52.3519,13.088,-5.1891,2.647988,4.0,1.149216,29,158,24,5,0.00234634,0.01160708,0.15915119,0E-8,0.000000,0.908698,0.000000,-0.14789112,2026-04-14,2026-07-10,41,1122,472,88,0.465909,0.718364,0.719024,0.007821,,,,,,,,GLOBAL_BASELINE_NO_ENTITY_RANKING,,,NOT_APPLICABLE_GLOBAL_BASELINE,HF9g-P5,,,,X 全窗基线 · 不参与实体赏罚,8392080,840,A168_HF9F_20260827_0900,2026-08-27 09:00:00
2026-05-05,142615618,1094,0,25.9457215505,-25.9457215505,-25.9457215505,0E-7,1,1,0.50665070000000000,0.506650700000,-1.013391052207602,-1.013391052207602,-1.013391052207602,0E-17,ELIGIBLE,R03b_20260811_FULL_v1,L1_ELIGIBILITY,v2026-08-11,2026-03-21..2026-08-06,baccarat_bet02_101_all_pairs_incl_sentinel,round_win = game_pnl > 0 (decisive only),COMPATIBILITY_ONLY_NOT_PRODUCTION,41482.8302,37695.3747,481.4946,2758,2236,-0.01160708,-0.15915119,-0.01126008,-0.01160708,-481.4946,41482.8302,OK,0.0000,19.2598,4.0000,96.0000,AG03-UNRESOLVED,ALL5_LEVELS_bet23_to_bet27,19.2598,19.2598,19.2598,24.0747,24.0747,4.000000,4.000000,4.000000,5.000000,5.000000,96.000000,96.000000,96.000000,95.000000,95.000000,5.0,105.9288,97.0336,375.5658,384.461,PENDING_AG03,FALSE,NOT_FOR_ENFORCEMENT,462.2348,36187.5597,481.4946,462.2348,19.2598,0.01160708,0.01114280,19.2598,462.2348,0.01114280,19.2598,19.2598,19.2598,24.0747,24.0747,462.2348,0.01114280,105.9288,97.0336,375.5658,384.461,0.00905352,0.00926795,0.00046428,15.0409,16.8584,0.2153,11.7438,0.4291,1011.7763,54.5366,10.8148,15.0547,10.2862,13.088,13.088,26.176,34.6568,52.3519,13.088,-5.1891,2.647988,4.0,1.149216,29,158,24,5,0.00234634,0.01160708,0.15915119,0E-8,0.000000,0.908698,0.000000,-0.14789112,2026-04-14,2026-07-10,41,1122,472,88,0.465909,0.718364,0.719024,0.007821,,,,,,,,GLOBAL_BASELINE_NO_ENTITY_RANKING,,,NOT_APPLICABLE_GLOBAL_BASELINE,HF9g-P5,,,,X 全窗基线 · 不参与实体赏罚,8392081,840,A168_HF9F_20260827_0900,2026-08-27 09:00:00
2026-05-05,142615618,1151,0,25.9457215506,12.9728607753,12.9728607753,1.0000000,2,2,0.49994810000000000,0.499948100000,1.0001038053877793,1.0001038053877793,1.0001038053877793,0E-17,ELIGIBLE,R03b_20260811_FULL_v1,L1_ELIGIBILITY,v2026-08-11,2026-03-21..2026-08-06,baccarat_bet02_101_all_pairs_incl_sentinel,round_win = game_pnl > 0 (decisive only),COMPATIBILITY_ONLY_NOT_PRODUCTION,41482.8302,37695.3747,481.4946,2758,2236,-0.01160708,-0.15915119,-0.01126008,-0.01160708,-481.4946,41482.8302,OK,0.0000,19.2598,4.0000,96.0000,AG03-UNRESOLVED,ALL5_LEVELS_bet23_to_bet27,19.2598,19.2598,19.2598,24.0747,24.0747,4.000000,4.000000,4.000000,5.000000,5.000000,96.000000,96.000000,96.000000,95.000000,95.000000,5.0,105.9288,97.0336,375.5658,384.461,PENDING_AG03,FALSE,NOT_FOR_ENFORCEMENT,462.2348,36187.5597,481.4946,462.2348,19.2598,0.01160708,0.01114280,19.2598,462.2348,0.01114280,19.2598,19.2598,19.2598,24.0747,24.0747,462.2348,0.01114280,105.9288,97.0336,375.5658,384.461,0.00905352,0.00926795,0.00046428,15.0409,16.8584,0.2153,11.7438,0.4291,1011.7763,54.5366,10.8148,15.0547,10.2862,13.088,13.088,26.176,34.6568,52.3519,13.088,-5.1891,2.647988,4.0,1.149216,29,158,24,5,0.00234634,0.01160708,0.15915119,0E-8,0.000000,0.908698,0.000000,-0.14789112,2026-04-14,2026-07-10,41,1122,472,88,0.465909,0.718364,0.719024,0.007821,,,,,,,,GLOBAL_BASELINE_NO_ENTITY_RANKING,,,NOT_APPLICABLE_GLOBAL_BASELINE,HF9g-P5,,,,X 全窗基线 · 不参与实体赏罚,8392082,840,A168_HF9F_20260827_0900,2026-08-27 09:00:00
2026-05-05,142615618,1323,0,12.9728607753,7.7837164651,7.7837164651,1.0000000,2,1,0.41351695999877084,0.293924150000,1.1909158232651558,1.549915577879723,1.1909158232651558,0.11959280999877084,ELIGIBLE,R03b_20260811_FULL_v1,L1_ELIGIBILITY,v2026-08-11,2026-03-21..2026-08-06,baccarat_bet02_101_all_pairs_incl_sentinel,round_win = game_pnl > 0 (decisive only),COMPATIBILITY_ONLY_NOT_PRODUCTION,41482.8302,37695.3747,481.4946,2758,2236,-0.01160708,-0.15915119,-0.01126008,-0.01160708,-481.4946,41482.8302,OK,0.0000,19.2598,4.0000,96.0000,AG03-UNRESOLVED,ALL5_LEVELS_bet23_to_bet27,19.2598,19.2598,19.2598,24.0747,24.0747,4.000000,4.000000,4.000000,5.000000,5.000000,96.000000,96.000000,96.000000,95.000000,95.000000,5.0,105.9288,97.0336,375.5658,384.461,PENDING_AG03,FALSE,NOT_FOR_ENFORCEMENT,462.2348,36187.5597,481.4946,462.2348,19.2598,0.01160708,0.01114280,19.2598,462.2348,0.01114280,19.2598,19.2598,19.2598,24.0747,24.0747,462.2348,0.01114280,105.9288,97.0336,375.5658,384.461,0.00905352,0.00926795,0.00046428,15.0409,16.8584,0.2153,11.7438,0.4291,1011.7763,54.5366,10.8148,15.0547,10.2862,13.088,13.088,26.176,34.6568,52.3519,13.088,-5.1891,2.647988,4.0,1.149216,29,158,24,5,0.00234634,0.01160708,0.15915119,0E-8,0.000000,0.908698,0.000000,-0.14789112,2026-04-14,2026-07-10,41,1122,472,88,0.465909,0.718364,0.719024,0.007821,,,,,,,,GLOBAL_BASELINE_NO_ENTITY_RANKING,,,NOT_APPLICABLE_GLOBAL_BASELINE,HF9g-P5,,,,X 全窗基线 · 不参与实体赏罚,8392083,840,A168_HF9F_20260827_0900,2026-08-27 09:00:00
2026-05-05,142615618,1490,0,18.1620050854,-18.1620050854,-18.1620050854,0E-7,2,1,0.37934758571459928,0.293924150000,-0.7817977886257588,-0.6451964315166089,-0.7817977886257588,0.08542343571459928,ELIGIBLE,R03b_20260811_FULL_v1,L1_ELIGIBILITY,v2026-08-11,2026-03-21..2026-08-06,baccarat_bet02_101_all_pairs_incl_sentinel,round_win = game_pnl > 0 (decisive only),COMPATIBILITY_ONLY_NOT_PRODUCTION,41482.8302,37695.3747,481.4946,2758,2236,-0.01160708,-0.15915119,-0.01126008,-0.01160708,-481.4946,41482.8302,OK,0.0000,19.2598,4.0000,96.0000,AG03-UNRESOLVED,ALL5_LEVELS_bet23_to_bet27,19.2598,19.2598,19.2598,24.0747,24.0747,4.000000,4.000000,4.000000,5.000000,5.000000,96.000000,96.000000,96.000000,95.000000,95.000000,5.0,105.9288,97.0336,375.5658,384.461,PENDING_AG03,FALSE,NOT_FOR_ENFORCEMENT,462.2348,36187.5597,481.4946,462.2348,19.2598,0.01160708,0.01114280,19.2598,462.2348,0.01114280,19.2598,19.2598,19.2598,24.0747,24.0747,462.2348,0.01114280,105.9288,97.0336,375.5658,384.461,0.00905352,0.00926795,0.00046428,15.0409,16.8584,0.2153,11.7438,0.4291,1011.7763,54.5366,10.8148,15.0547,10.2862,13.088,13.088,26.176,34.6568,52.3519,13.088,-5.1891,2.647988,4.0,1.149216,29,158,24,5,0.00234634,0.01160708,0.15915119,0E-8,0.000000,0.908698,0.000000,-0.14789112,2026-04-14,2026-07-10,41,1122,472,88,0.465909,0.718364,0.719024,0.007821,,,,,,,,GLOBAL_BASELINE_NO_ENTITY_RANKING,,,NOT_APPLICABLE_GLOBAL_BASELINE,HF9g-P5,,,,X 全窗基线 · 不参与实体赏罚,8392084,840,A168_HF9F_20260827_0900,2026-08-27 09:00:00
2026-05-05,142615618,1623,0,28.5402937056,18.1620050854,18.1620050854,1.0000000,3,2,0.39358482500000000,0.393584825000,1.2412688522058144,1.2412688522058144,1.2412688522058144,0E-17,ELIGIBLE,R03b_20260811_FULL_v1,L1_ELIGIBILITY,v2026-08-11,2026-03-21..2026-08-06,baccarat_bet02_101_all_pairs_incl_sentinel,round_win = game_pnl > 0 (decisive only),COMPATIBILITY_ONLY_NOT_PRODUCTION,41482.8302,37695.3747,481.4946,2758,2236,-0.01160708,-0.15915119,-0.01126008,-0.01160708,-481.4946,41482.8302,OK,0.0000,19.2598,4.0000,96.0000,AG03-UNRESOLVED,ALL5_LEVELS_bet23_to_bet27,19.2598,19.2598,19.2598,24.0747,24.0747,4.000000,4.000000,4.000000,5.000000,5.000000,96.000000,96.000000,96.000000,95.000000,95.000000,5.0,105.9288,97.0336,375.5658,384.461,PENDING_AG03,FALSE,NOT_FOR_ENFORCEMENT,462.2348,36187.5597,481.4946,462.2348,19.2598,0.01160708,0.01114280,19.2598,462.2348,0.01114280,19.2598,19.2598,19.2598,24.0747,24.0747,462.2348,0.01114280,105.9288,97.0336,375.5658,384.461,0.00905352,0.00926795,0.00046428,15.0409,16.8584,0.2153,11.7438,0.4291,1011.7763,54.5366,10.8148,15.0547,10.2862,13.088,13.088,26.176,34.6568,52.3519,13.088,-5.1891,2.647988,4.0,1.149216,29,158,24,5,0.00234634,0.01160708,0.15915119,0E-8,0.000000,0.908698,0.000000,-0.14789112,2026-04-14,2026-07-10,41,1122,472,88,0.465909,0.718364,0.719024,0.007821,,,,,,,,GLOBAL_BASELINE_NO_ENTITY_RANKING,,,NOT_APPLICABLE_GLOBAL_BASELINE,HF9g-P5,,,,X 全窗基线 · 不参与实体赏罚,8392085,840,A168_HF9F_20260827_0900,2026-08-27 09:00:00
2026-05-05,142615618,1984,0,38.9185823259,26.8538218048,26.8538218048,1.0000000,4,3,0.45171098000021175,0.437976050000,1.9082491521801062,1.9620625912603569,1.9082491521801062,0.01373493000021175,ELIGIBLE,R03b_20260811_FULL_v1,L1_ELIGIBILITY,v2026-08-11,2026-03-21..2026-08-06,baccarat_bet02_101_all_pairs_incl_sentinel,round_win = game_pnl > 0 (decisive only),COMPATIBILITY_ONLY_NOT_PRODUCTION,41482.8302,37695.3747,481.4946,2758,2236,-0.01160708,-0.15915119,-0.01126008,-0.01160708,-481.4946,41482.8302,OK,0.0000,19.2598,4.0000,96.0000,AG03-UNRESOLVED,ALL5_LEVELS_bet23_to_bet27,19.2598,19.2598,19.2598,24.0747,24.0747,4.000000,4.000000,4.000000,5.000000,5.000000,96.000000,96.000000,96.000000,95.000000,95.000000,5.0,105.9288,97.0336,375.5658,384.461,PENDING_AG03,FALSE,NOT_FOR_ENFORCEMENT,462.2348,36187.5597,481.4946,462.2348,19.2598,0.01160708,0.01114280,19.2598,462.2348,0.01114280,19.2598,19.2598,19.2598,24.0747,24.0747,462.2348,0.01114280,105.9288,97.0336,375.5658,384.461,0.00905352,0.00926795,0.00046428,15.0409,16.8584,0.2153,11.7438,0.4291,1011.7763,54.5366,10.8148,15.0547,10.2862,13.088,13.088,26.176,34.6568,52.3519,13.088,-5.1891,2.647988,4.0,1.149216,29,158,24,5,0.00234634,0.01160708,0.15915119,0E-8,0.000000,0.908698,0.000000,-0.14789112,2026-04-14,2026-07-10,41,1122,472,88,0.465909,0.718364,0.719024,0.007821,,,,,,,,GLOBAL_BASELINE_NO_ENTITY_RANKING,,,NOT_APPLICABLE_GLOBAL_BASELINE,HF9g-P5,,,,X 全窗基线 · 不参与实体赏罚,8392086,840,A168_HF9F_20260827_0900,2026-08-27 09:00:00
2026-05-05,142615618,1990,0,12.9728607753,12.3242177365,12.3242177365,1.0000000,1,1,0.50665070000000000,0.506650700000,0.9867858985152569,0.9867858985152569,0.9867858985152569,0E-17,ELIGIBLE,R03b_20260811_FULL_v1,L1_ELIGIBILITY,v2026-08-11,2026-03-21..2026-08-06,baccarat_bet02_101_all_pairs_incl_sentinel,round_win = game_pnl > 0 (decisive only),COMPATIBILITY_ONLY_NOT_PRODUCTION,41482.8302,37695.3747,481.4946,2758,2236,-0.01160708,-0.15915119,-0.01126008,-0.01160708,-481.4946,41482.8302,OK,0.0000,19.2598,4.0000,96.0000,AG03-UNRESOLVED,ALL5_LEVELS_bet23_to_bet27,19.2598,19.2598,19.2598,24.0747,24.0747,4.000000,4.000000,4.000000,5.000000,5.000000,96.000000,96.000000,96.000000,95.000000,95.000000,5.0,105.9288,97.0336,375.5658,384.461,PENDING_AG03,FALSE,NOT_FOR_ENFORCEMENT,462.2348,36187.5597,481.4946,462.2348,19.2598,0.01160708,0.01114280,19.2598,462.2348,0.01114280,19.2598,19.2598,19.2598,24.0747,24.0747,462.2348,0.01114280,105.9288,97.0336,375.5658,384.461,0.00905352,0.00926795,0.00046428,15.0409,16.8584,0.2153,11.7438,0.4291,1011.7763,54.5366,10.8148,15.0547,10.2862,13.088,13.088,26.176,34.6568,52.3519,13.088,-5.1891,2.647988,4.0,1.149216,29,158,24,5,0.00234634,0.01160708,0.15915119,0E-8,0.000000,0.908698,0.000000,-0.14789112,2026-04-14,2026-07-10,41,1122,472,88,0.465909,0.718364,0.719024,0.007821,,,,,,,,GLOBAL_BASELINE_NO_ENTITY_RANKING,,,NOT_APPLICABLE_GLOBAL_BASELINE,HF9g-P5,,,,X 全窗基线 · 不参与实体赏罚,8392087,840,A168_HF9F_20260827_0900,2026-08-27 09:00:00
2026-05-05,142615618,2093,0,48.7779565150,27.2689533496,27.2689533496,0.7500000,5,4,0.43127345000000000,0.448442112500,1.2871232180303314,1.212695995033219,1.2871232180303314,-0.01716866250000000,ELIGIBLE,R03b_20260811_FULL_v1,L1_ELIGIBILITY,v2026-08-11,2026-03-21..2026-08-06,baccarat_bet02_101_all_pairs_incl_sentinel,round_win = game_pnl > 0 (decisive only),COMPATIBILITY_ONLY_NOT_PRODUCTION,41482.8302,37695.3747,481.4946,2758,2236,-0.01160708,-0.15915119,-0.01126008,-0.01160708,-481.4946,41482.8302,OK,0.0000,19.2598,4.0000,96.0000,AG03-UNRESOLVED,ALL5_LEVELS_bet23_to_bet27,19.2598,19.2598,19.2598,24.0747,24.0747,4.000000,4.000000,4.000000,5.000000,5.000000,96.000000,96.000000,96.000000,95.000000,95.000000,5.0,105.9288,97.0336,375.5658,384.461,PENDING_AG03,FALSE,NOT_FOR_ENFORCEMENT,462.2348,36187.5597,481.4946,462.2348,19.2598,0.01160708,0.01114280,19.2598,462.2348,0.01114280,19.2598,19.2598,19.2598,24.0747,24.0747,462.2348,0.01114280,105.9288,97.0336,375.5658,384.461,0.00905352,0.00926795,0.00046428,15.0409,16.8584,0.2153,11.7438,0.4291,1011.7763,54.5366,10.8148,15.0547,10.2862,13.088,13.088,26.176,34.6568,52.3519,13.088,-5.1891,2.647988,4.0,1.149216,29,158,24,5,0.00234634,0.01160708,0.15915119,0E-8,0.000000,0.908698,0.000000,-0.14789112,2026-04-14,2026-07-10,41,1122,472,88,0.465909,0.718364,0.719024,0.007821,,,,,,,,GLOBAL_BASELINE_NO_ENTITY_RANKING,,,NOT_APPLICABLE_GLOBAL_BASELINE,HF9g-P5,,,,X 全窗基线 · 不参与实体赏罚,8392088,840,A168_HF9F_20260827_0900,2026-08-27 09:00:00
2026-05-05,142615618,2103,0,20.7565772405,4.5405012713,4.5405012713,0.5000000,2,2,0.49994810000000000,0.499948100000,0.00014679536856514622,0.00014679536856514622,0.00014679536856514622,0E-17,ELIGIBLE,R03b_20260811_FULL_v1,L1_ELIGIBILITY,v2026-08-11,2026-03-21..2026-08-06,baccarat_bet02_101_all_pairs_incl_sentinel,round_win = game_pnl > 0 (decisive only),COMPATIBILITY_ONLY_NOT_PRODUCTION,41482.8302,37695.3747,481.4946,2758,2236,-0.01160708,-0.15915119,-0.01126008,-0.01160708,-481.4946,41482.8302,OK,0.0000,19.2598,4.0000,96.0000,AG03-UNRESOLVED,ALL5_LEVELS_bet23_to_bet27,19.2598,19.2598,19.2598,24.0747,24.0747,4.000000,4.000000,4.000000,5.000000,5.000000,96.000000,96.000000,96.000000,95.000000,95.000000,5.0,105.9288,97.0336,375.5658,384.461,PENDING_AG03,FALSE,NOT_FOR_ENFORCEMENT,462.2348,36187.5597,481.4946,462.2348,19.2598,0.01160708,0.01114280,19.2598,462.2348,0.01114280,19.2598,19.2598,19.2598,24.0747,24.0747,462.2348,0.01114280,105.9288,97.0336,375.5658,384.461,0.00905352,0.00926795,0.00046428,15.0409,16.8584,0.2153,11.7438,0.4291,1011.7763,54.5366,10.8148,15.0547,10.2862,13.088,13.088,26.176,34.6568,52.3519,13.088,-5.1891,2.647988,4.0,1.149216,29,158,24,5,0.00234634,0.01160708,0.15915119,0E-8,0.000000,0.908698,0.000000,-0.14789112,2026-04-14,2026-07-10,41,1122,472,88,0.465909,0.718364,0.719024,0.007821,,,,,,,,GLOBAL_BASELINE_NO_ENTITY_RANKING,,,NOT_APPLICABLE_GLOBAL_BASELINE,HF9g-P5,,,,X 全窗基线 · 不参与实体赏罚,8392089,840,A168_HF9F_20260827_0900,2026-08-27 09:00:00
2026-05-05,142615618,2106,0,21.7944061025,-21.7944061025,-21.7944061025,0E-7,2,2,0.50665070000000000,0.506650700000,-1.4331513700195317,-1.4331513700195317,-1.4331513700195317,0E-17,ELIGIBLE,R03b_20260811_FULL_v1,L1_ELIGIBILITY,v2026-08-11,2026-03-21..2026-08-06,baccarat_bet02_101_all_pairs_incl_sentinel,round_win = game_pnl > 0 (decisive only),COMPATIBILITY_ONLY_NOT_PRODUCTION,41482.8302,37695.3747,481.4946,2758,2236,-0.01160708,-0.15915119,-0.01126008,-0.01160708,-481.4946,41482.8302,OK,0.0000,19.2598,4.0000,96.0000,AG03-UNRESOLVED,ALL5_LEVELS_bet23_to_bet27,19.2598,19.2598,19.2598,24.0747,24.0747,4.000000,4.000000,4.000000,5.000000,5.000000,96.000000,96.000000,96.000000,95.000000,95.000000,5.0,105.9288,97.0336,375.5658,384.461,PENDING_AG03,FALSE,NOT_FOR_ENFORCEMENT,462.2348,36187.5597,481.4946,462.2348,19.2598,0.01160708,0.01114280,19.2598,462.2348,0.01114280,19.2598,19.2598,19.2598,24.0747,24.0747,462.2348,0.01114280,105.9288,97.0336,375.5658,384.461,0.00905352,0.00926795,0.00046428,15.0409,16.8584,0.2153,11.7438,0.4291,1011.7763,54.5366,10.8148,15.0547,10.2862,13.088,13.088,26.176,34.6568,52.3519,13.088,-5.1891,2.647988,4.0,1.149216,29,158,24,5,0.00234634,0.01160708,0.15915119,0E-8,0.000000,0.908698,0.000000,-0.14789112,2026-04-14,2026-07-10,41,1122,472,88,0.465909,0.718364,0.719024,0.007821,,,,,,,,GLOBAL_BASELINE_NO_ENTITY_RANKING,,,NOT_APPLICABLE_GLOBAL_BASELINE,HF9g-P5,,,,X 全窗基线 · 不参与实体赏罚,8392090,840,A168_HF9F_20260827_0900,2026-08-27 09:00:00
2026-05-05,142615618,2147,0,62.0102745059,34.9099683463,34.9099683463,1.0000000,7,4,0.38507175892864982,0.347105787500,2.1887794996226,2.3754785287080016,2.1887794996226,0.03796597142864982,ELIGIBLE,R03b_20260811_FULL_v1,L1_ELIGIBILITY,v2026-08-11,2026-03-21..2026-08-06,baccarat_bet02_101_all_pairs_incl_sentinel,round_win = game_pnl > 0 (decisive only),COMPATIBILITY_ONLY_NOT_PRODUCTION,41482.8302,37695.3747,481.4946,2758,2236,-0.01160708,-0.15915119,-0.01126008,-0.01160708,-481.4946,41482.8302,OK,0.0000,19.2598,4.0000,96.0000,AG03-UNRESOLVED,ALL5_LEVELS_bet23_to_bet27,19.2598,19.2598,19.2598,24.0747,24.0747,4.000000,4.000000,4.000000,5.000000,5.000000,96.000000,96.000000,96.000000,95.000000,95.000000,5.0,105.9288,97.0336,375.5658,384.461,PENDING_AG03,FALSE,NOT_FOR_ENFORCEMENT,462.2348,36187.5597,481.4946,462.2348,19.2598,0.01160708,0.01114280,19.2598,462.2348,0.01114280,19.2598,19.2598,19.2598,24.0747,24.0747,462.2348,0.01114280,105.9288,97.0336,375.5658,384.461,0.00905352,0.00926795,0.00046428,15.0409,16.8584,0.2153,11.7438,0.4291,1011.7763,54.5366,10.8148,15.0547,10.2862,13.088,13.088,26.176,34.6568,52.3519,13.088,-5.1891,2.647988,4.0,1.149216,29,158,24,5,0.00234634,0.01160708,0.15915119,0E-8,0.000000,0.908698,0.000000,-0.14789112,2026-04-14,2026-07-10,41,1122,472,88,0.465909,0.718364,0.719024,0.007821,,,,,,,,GLOBAL_BASELINE_NO_ENTITY_RANKING,,,NOT_APPLICABLE_GLOBAL_BASELINE,HF9g-P5,,,,X 全窗基线 · 不参与实体赏罚,8392091,840,A168_HF9F_20260827_0900,2026-08-27 09:00:00
2026-05-05,142615618,2152,0,23.3511493955,-23.3511493955,-23.3511493955,0E-7,3,2,0.40028742500000000,0.400287425000,-1.1553920997617628,-1.1553920997617628,-1.1553920997617628,0E-17,ELIGIBLE,R03b_20260811_FULL_v1,L1_ELIGIBILITY,v2026-08-11,2026-03-21..2026-08-06,baccarat_bet02_101_all_pairs_incl_sentinel,round_win = game_pnl > 0 (decisive only),COMPATIBILITY_ONLY_NOT_PRODUCTION,41482.8302,37695.3747,481.4946,2758,2236,-0.01160708,-0.15915119,-0.01126008,-0.01160708,-481.4946,41482.8302,OK,0.0000,19.2598,4.0000,96.0000,AG03-UNRESOLVED,ALL5_LEVELS_bet23_to_bet27,19.2598,19.2598,19.2598,24.0747,24.0747,4.000000,4.000000,4.000000,5.000000,5.000000,96.000000,96.000000,96.000000,95.000000,95.000000,5.0,105.9288,97.0336,375.5658,384.461,PENDING_AG03,FALSE,NOT_FOR_ENFORCEMENT,462.2348,36187.5597,481.4946,462.2348,19.2598,0.01160708,0.01114280,19.2598,462.2348,0.01114280,19.2598,19.2598,19.2598,24.0747,24.0747,462.2348,0.01114280,105.9288,97.0336,375.5658,384.461,0.00905352,0.00926795,0.00046428,15.0409,16.8584,0.2153,11.7438,0.4291,1011.7763,54.5366,10.8148,15.0547,10.2862,13.088,13.088,26.176,34.6568,52.3519,13.088,-5.1891,2.647988,4.0,1.149216,29,158,24,5,0.00234634,0.01160708,0.15915119,0E-8,0.000000,0.908698,0.000000,-0.14789112,2026-04-14,2026-07-10,41,1122,472,88,0.465909,0.718364,0.719024,0.007821,,,,,,,,GLOBAL_BASELINE_NO_ENTITY_RANKING,,,NOT_APPLICABLE_GLOBAL_BASELINE,HF9g-P5,,,,X 全窗基线 · 不参与实体赏罚,8392092,840,A168_HF9F_20260827_0900,2026-08-27 09:00:00
2026-05-05,142615618,2156,0,7.7837164652,-7.7837164652,-7.7837164652,0E-7,1,1,0.50665070000000000,0.506650700000,-1.013391052207602,-1.013391052207602,-1.013391052207602,0E-17,ELIGIBLE,R03b_20260811_FULL_v1,L1_ELIGIBILITY,v2026-08-11,2026-03-21..2026-08-06,baccarat_bet02_101_all_pairs_incl_sentinel,round_win = game_pnl > 0 (decisive only),COMPATIBILITY_ONLY_NOT_PRODUCTION,41482.8302,37695.3747,481.4946,2758,2236,-0.01160708,-0.15915119,-0.01126008,-0.01160708,-481.4946,41482.8302,OK,0.0000,19.2598,4.0000,96.0000,AG03-UNRESOLVED,ALL5_LEVELS_bet23_to_bet27,19.2598,19.2598,19.2598,24.0747,24.0747,4.000000,4.000000,4.000000,5.000000,5.000000,96.000000,96.000000,96.000000,95.000000,95.000000,5.0,105.9288,97.0336,375.5658,384.461,PENDING_AG03,FALSE,NOT_FOR_ENFORCEMENT,462.2348,36187.5597,481.4946,462.2348,19.2598,0.01160708,0.01114280,19.2598,462.2348,0.01114280,19.2598,19.2598,19.2598,24.0747,24.0747,462.2348,0.01114280,105.9288,97.0336,375.5658,384.461,0.00905352,0.00926795,0.00046428,15.0409,16.8584,0.2153,11.7438,0.4291,1011.7763,54.5366,10.8148,15.0547,10.2862,13.088,13.088,26.176,34.6568,52.3519,13.088,-5.1891,2.647988,4.0,1.149216,29,158,24,5,0.00234634,0.01160708,0.15915119,0E-8,0.000000,0.908698,0.000000,-0.14789112,2026-04-14,2026-07-10,41,1122,472,88,0.465909,0.718364,0.719024,0.007821,,,,,,,,GLOBAL_BASELINE_NO_ENTITY_RANKING,,,NOT_APPLICABLE_GLOBAL_BASELINE,HF9g-P5,,,,X 全窗基线 · 不参与实体赏罚,8392093,840,A168_HF9F_20260827_0900,2026-08-27 09:00:00
2026-05-05,142615618,2170,0,83.0263089618,-1.1675574698,-1.1675574698,0.5000000,9,7,0.46823480285696136,0.441084114286,0.15593204684610396,0.2906525255955816,0.15593204684610396,0.02715068857096136,ELIGIBLE,R03b_20260811_FULL_v1,L1_ELIGIBILITY,v2026-08-11,2026-03-21..2026-08-06,baccarat_bet02_101_all_pairs_incl_sentinel,round_win = game_pnl > 0 (decisive only),COMPATIBILITY_ONLY_NOT_PRODUCTION,41482.8302,37695.3747,481.4946,2758,2236,-0.01160708,-0.15915119,-0.01126008,-0.01160708,-481.4946,41482.8302,OK,0.0000,19.2598,4.0000,96.0000,AG03-UNRESOLVED,ALL5_LEVELS_bet23_to_bet27,19.2598,19.2598,19.2598,24.0747,24.0747,4.000000,4.000000,4.000000,5.000000,5.000000,96.000000,96.000000,96.000000,95.000000,95.000000,5.0,105.9288,97.0336,375.5658,384.461,PENDING_AG03,FALSE,NOT_FOR_ENFORCEMENT,462.2348,36187.5597,481.4946,462.2348,19.2598,0.01160708,0.01114280,19.2598,462.2348,0.01114280,19.2598,19.2598,19.2598,24.0747,24.0747,462.2348,0.01114280,105.9288,97.0336,375.5658,384.461,0.00905352,0.00926795,0.00046428,15.0409,16.8584,0.2153,11.7438,0.4291,1011.7763,54.5366,10.8148,15.0547,10.2862,13.088,13.088,26.176,34.6568,52.3519,13.088,-5.1891,2.647988,4.0,1.149216,29,158,24,5,0.00234634,0.01160708,0.15915119,0E-8,0.000000,0.908698,0.000000,-0.14789112,2026-04-14,2026-07-10,41,1122,472,88,0.465909,0.718364,0.719024,0.007821,,,,,,,,GLOBAL_BASELINE_NO_ENTITY_RANKING,,,NOT_APPLICABLE_GLOBAL_BASELINE,HF9g-P5,,,,X 全窗基线 · 不参与实体赏罚,8392094,840,A168_HF9F_20260827_0900,2026-08-27 09:00:00
2026-05-05,142615618,2224,0,38.9185823258,-13.6215038140,-13.6215038140,0.5000000,2,2,0.50665070000000000,0.506650700000,-0.018812684590367487,-0.018812684590367487,-0.018812684590367487,0E-17,ELIGIBLE,R03b_20260811_FULL_v1,L1_ELIGIBILITY,v2026-08-11,2026-03-21..2026-08-06,baccarat_bet02_101_all_pairs_incl_sentinel,round_win = game_pnl > 0 (decisive only),COMPATIBILITY_ONLY_NOT_PRODUCTION,41482.8302,37695.3747,481.4946,2758,2236,-0.01160708,-0.15915119,-0.01126008,-0.01160708,-481.4946,41482.8302,OK,0.0000,19.2598,4.0000,96.0000,AG03-UNRESOLVED,ALL5_LEVELS_bet23_to_bet27,19.2598,19.2598,19.2598,24.0747,24.0747,4.000000,4.000000,4.000000,5.000000,5.000000,96.000000,96.000000,96.000000,95.000000,95.000000,5.0,105.9288,97.0336,375.5658,384.461,PENDING_AG03,FALSE,NOT_FOR_ENFORCEMENT,462.2348,36187.5597,481.4946,462.2348,19.2598,0.01160708,0.01114280,19.2598,462.2348,0.01114280,19.2598,19.2598,19.2598,24.0747,24.0747,462.2348,0.01114280,105.9288,97.0336,375.5658,384.461,0.00905352,0.00926795,0.00046428,15.0409,16.8584,0.2153,11.7438,0.4291,1011.7763,54.5366,10.8148,15.0547,10.2862,13.088,13.088,26.176,34.6568,52.3519,13.088,-5.1891,2.647988,4.0,1.149216,29,158,24,5,0.00234634,0.01160708,0.15915119,0E-8,0.000000,0.908698,0.000000,-0.14789112,2026-04-14,2026-07-10,41,1122,472,88,0.465909,0.718364,0.719024,0.007821,,,,,,,,GLOBAL_BASELINE_NO_ENTITY_RANKING,,,NOT_APPLICABLE_GLOBAL_BASELINE,HF9g-P5,,,,X 全窗基线 · 不参与实体赏罚,8392095,840,A168_HF9F_20260827_0900,2026-08-27 09:00:00
2026-05-05,142615618,2234,0,36.0645529552,34.2613253075,34.2613253075,1.0000000,1,1,0.50665070000000000,0.506650700000,0.9867858985152569,0.9867858985152569,0.9867858985152569,0E-17,ELIGIBLE,R03b_20260811_FULL_v1,L1_ELIGIBILITY,v2026-08-11,2026-03-21..2026-08-06,baccarat_bet02_101_all_pairs_incl_sentinel,round_win = game_pnl > 0 (decisive only),COMPATIBILITY_ONLY_NOT_PRODUCTION,41482.8302,37695.3747,481.4946,2758,2236,-0.01160708,-0.15915119,-0.01126008,-0.01160708,-481.4946,41482.8302,OK,0.0000,19.2598,4.0000,96.0000,AG03-UNRESOLVED,ALL5_LEVELS_bet23_to_bet27,19.2598,19.2598,19.2598,24.0747,24.0747,4.000000,4.000000,4.000000,5.000000,5.000000,96.000000,96.000000,96.000000,95.000000,95.000000,5.0,105.9288,97.0336,375.5658,384.461,PENDING_AG03,FALSE,NOT_FOR_ENFORCEMENT,462.2348,36187.5597,481.4946,462.2348,19.2598,0.01160708,0.01114280,19.2598,462.2348,0.01114280,19.2598,19.2598,19.2598,24.0747,24.0747,462.2348,0.01114280,105.9288,97.0336,375.5658,384.461,0.00905352,0.00926795,0.00046428,15.0409,16.8584,0.2153,11.7438,0.4291,1011.7763,54.5366,10.8148,15.0547,10.2862,13.088,13.088,26.176,34.6568,52.3519,13.088,-5.1891,2.647988,4.0,1.149216,29,158,24,5,0.00234634,0.01160708,0.15915119,0E-8,0.000000,0.908698,0.000000,-0.14789112,2026-04-14,2026-07-10,41,1122,472,88,0.465909,0.718364,0.719024,0.007821,,,,,,,,GLOBAL_BASELINE_NO_ENTITY_RANKING,,,NOT_APPLICABLE_GLOBAL_BASELINE,HF9g-P5,,,,X 全窗基线 · 不参与实体赏罚,8392096,840,A168_HF9F_20260827_0900,2026-08-27 09:00:00
2026-05-05,142615618,2252,0,38.9185823259,0E-10,0E-10,0.5000000,3,3,0.49324550000000000,0.493245500000,0.01910635448239258,0.01910635448239258,0.01910635448239258,0E-17,ELIGIBLE,R03b_20260811_FULL_v1,L1_ELIGIBILITY,v2026-08-11,2026-03-21..2026-08-06,baccarat_bet02_101_all_pairs_incl_sentinel,round_win = game_pnl > 0 (decisive only),COMPATIBILITY_ONLY_NOT_PRODUCTION,41482.8302,37695.3747,481.4946,2758,2236,-0.01160708,-0.15915119,-0.01126008,-0.01160708,-481.4946,41482.8302,OK,0.0000,19.2598,4.0000,96.0000,AG03-UNRESOLVED,ALL5_LEVELS_bet23_to_bet27,19.2598,19.2598,19.2598,24.0747,24.0747,4.000000,4.000000,4.000000,5.000000,5.000000,96.000000,96.000000,96.000000,95.000000,95.000000,5.0,105.9288,97.0336,375.5658,384.461,PENDING_AG03,FALSE,NOT_FOR_ENFORCEMENT,462.2348,36187.5597,481.4946,462.2348,19.2598,0.01160708,0.01114280,19.2598,462.2348,0.01114280,19.2598,19.2598,19.2598,24.0747,24.0747,462.2348,0.01114280,105.9288,97.0336,375.5658,384.461,0.00905352,0.00926795,0.00046428,15.0409,16.8584,0.2153,11.7438,0.4291,1011.7763,54.5366,10.8148,15.0547,10.2862,13.088,13.088,26.176,34.6568,52.3519,13.088,-5.1891,2.647988,4.0,1.149216,29,158,24,5,0.00234634,0.01160708,0.15915119,0E-8,0.000000,0.908698,0.000000,-0.14789112,2026-04-14,2026-07-10,41,1122,472,88,0.465909,0.718364,0.719024,0.007821,,,,,,,,GLOBAL_BASELINE_NO_ENTITY_RANKING,,,NOT_APPLICABLE_GLOBAL_BASELINE,HF9g-P5,,,,X 全窗基线 · 不参与实体赏罚,8392097,840,A168_HF9F_20260827_0900,2026-08-27 09:00:00
2026-05-05,142615618,789,0,52.9292719631,-15.4895957657,-15.4895957657,0.3333333,3,3,0.49771390000000000,0.497713900000,-0.5694369385616226,-0.5694369385616226,-0.5694369385616226,0E-17,ELIGIBLE,R03b_20260811_FULL_v1,L1_ELIGIBILITY,v2026-08-11,2026-03-21..2026-08-06,baccarat_bet02_101_all_pairs_incl_sentinel,round_win = game_pnl > 0 (decisive only),COMPATIBILITY_ONLY_NOT_PRODUCTION,41482.8302,37695.3747,481.4946,2758,2236,-0.01160708,-0.15915119,-0.01126008,-0.01160708,-481.4946,41482.8302,OK,0.0000,19.2598,4.0000,96.0000,AG03-UNRESOLVED,ALL5_LEVELS_bet23_to_bet27,19.2598,19.2598,19.2598,24.0747,24.0747,4.000000,4.000000,4.000000,5.000000,5.000000,96.000000,96.000000,96.000000,95.000000,95.000000,5.0,105.9288,97.0336,375.5658,384.461,PENDING_AG03,FALSE,NOT_FOR_ENFORCEMENT,462.2348,36187.5597,481.4946,462.2348,19.2598,0.01160708,0.01114280,19.2598,462.2348,0.01114280,19.2598,19.2598,19.2598,24.0747,24.0747,462.2348,0.01114280,105.9288,97.0336,375.5658,384.461,0.00905352,0.00926795,0.00046428,15.0409,16.8584,0.2153,11.7438,0.4291,1011.7763,54.5366,10.8148,15.0547,10.2862,13.088,13.088,26.176,34.6568,52.3519,13.088,-5.1891,2.647988,4.0,1.149216,29,158,24,5,0.00234634,0.01160708,0.15915119,0E-8,0.000000,0.908698,0.000000,-0.14789112,2026-04-14,2026-07-10,41,1122,472,88,0.465909,0.718364,0.719024,0.007821,,,,,,,,GLOBAL_BASELINE_NO_ENTITY_RANKING,,,NOT_APPLICABLE_GLOBAL_BASELINE,HF9g-P5,,,,X 全窗基线 · 不参与实体赏罚,8392098,840,A168_HF9F_20260827_0900,2026-08-27 09:00:00
2026-05-07,142615618,-1,1,569.5085880347,57.4697732342,57.4697732342,0.5185185,41,35,0.43910446216326753,0.427829484286,0.8314848566663787,0.95244206128748,0.8314848566663787,0.01127497787726753,SENTINEL_DEALER,R03b_20260811_FULL_v1,L1_ELIGIBILITY,v2026-08-11,2026-03-21..2026-08-06,baccarat_bet02_101_all_pairs_incl_sentinel,round_win = game_pnl > 0 (decisive only),COMPATIBILITY_ONLY_NOT_PRODUCTION,41482.8302,37695.3747,481.4946,2758,2236,-0.01160708,-0.15915119,-0.01126008,-0.01160708,-481.4946,41482.8302,OK,0.0000,19.2598,4.0000,96.0000,AG03-UNRESOLVED,ALL5_LEVELS_bet23_to_bet27,19.2598,19.2598,19.2598,24.0747,24.0747,4.000000,4.000000,4.000000,5.000000,5.000000,96.000000,96.000000,96.000000,95.000000,95.000000,5.0,105.9288,97.0336,375.5658,384.461,PENDING_AG03,FALSE,NOT_FOR_ENFORCEMENT,462.2348,36187.5597,481.4946,462.2348,19.2598,0.01160708,0.01114280,19.2598,462.2348,0.01114280,19.2598,19.2598,19.2598,24.0747,24.0747,462.2348,0.01114280,105.9288,97.0336,375.5658,384.461,0.00905352,0.00926795,0.00046428,15.0409,16.8584,0.2153,11.7438,0.4291,1011.7763,54.5366,10.8148,15.0547,10.2862,13.088,13.088,26.176,34.6568,52.3519,13.088,-5.1891,2.647988,4.0,1.149216,29,158,24,5,0.00234634,0.01160708,0.15915119,0E-8,0.000000,0.908698,0.000000,-0.14789112,2026-04-14,2026-07-10,41,1122,472,88,0.465909,0.718364,0.719024,0.007821,,,,,,,,GLOBAL_BASELINE_NO_ENTITY_RANKING,,,NOT_APPLICABLE_GLOBAL_BASELINE,HF9g-P5,,,,X 全窗基线 · 不参与实体赏罚,8392099,840,A168_HF9F_20260827_0900,2026-08-27 09:00:00
2026-05-07,142615618,1115,0,25.9457215505,25.9457215505,25.9457215505,1.0000000,1,1,0.49324550000000000,0.493245500000,1.01360149184955,1.01360149184955,1.01360149184955,0E-17,ELIGIBLE,R03b_20260811_FULL_v1,L1_ELIGIBILITY,v2026-08-11,2026-03-21..2026-08-06,baccarat_bet02_101_all_pairs_incl_sentinel,round_win = game_pnl > 0 (decisive only),COMPATIBILITY_ONLY_NOT_PRODUCTION,41482.8302,37695.3747,481.4946,2758,2236,-0.01160708,-0.15915119,-0.01126008,-0.01160708,-481.4946,41482.8302,OK,0.0000,19.2598,4.0000,96.0000,AG03-UNRESOLVED,ALL5_LEVELS_bet23_to_bet27,19.2598,19.2598,19.2598,24.0747,24.0747,4.000000,4.000000,4.000000,5.000000,5.000000,96.000000,96.000000,96.000000,95.000000,95.000000,5.0,105.9288,97.0336,375.5658,384.461,PENDING_AG03,FALSE,NOT_FOR_ENFORCEMENT,462.2348,36187.5597,481.4946,462.2348,19.2598,0.01160708,0.01114280,19.2598,462.2348,0.01114280,19.2598,19.2598,19.2598,24.0747,24.0747,462.2348,0.01114280,105.9288,97.0336,375.5658,384.461,0.00905352,0.00926795,0.00046428,15.0409,16.8584,0.2153,11.7438,0.4291,1011.7763,54.5366,10.8148,15.0547,10.2862,13.088,13.088,26.176,34.6568,52.3519,13.088,-5.1891,2.647988,4.0,1.149216,29,158,24,5,0.00234634,0.01160708,0.15915119,0E-8,0.000000,0.908698,0.000000,-0.14789112,2026-04-14,2026-07-10,41,1122,472,88,0.465909,0.718364,0.719024,0.007821,,,,,,,,GLOBAL_BASELINE_NO_ENTITY_RANKING,,,NOT_APPLICABLE_GLOBAL_BASELINE,HF9g-P5,,,,X 全窗基线 · 不参与实体赏罚,8392100,840,A168_HF9F_20260827_0900,2026-08-27 09:00:00
2026-05-07,142615618,1157,0,19.7187483784,18.7328109595,18.7328109595,1.0000000,1,1,0.50665070000000000,0.506650700000,0.9867858985152569,0.9867858985152569,0.9867858985152569,0E-17,ELIGIBLE,R03b_20260811_FULL_v1,L1_ELIGIBILITY,v2026-08-11,2026-03-21..2026-08-06,baccarat_bet02_101_all_pairs_incl_sentinel,round_win = game_pnl > 0 (decisive only),COMPATIBILITY_ONLY_NOT_PRODUCTION,41482.8302,37695.3747,481.4946,2758,2236,-0.01160708,-0.15915119,-0.01126008,-0.01160708,-481.4946,41482.8302,OK,0.0000,19.2598,4.0000,96.0000,AG03-UNRESOLVED,ALL5_LEVELS_bet23_to_bet27,19.2598,19.2598,19.2598,24.0747,24.0747,4.000000,4.000000,4.000000,5.000000,5.000000,96.000000,96.000000,96.000000,95.000000,95.000000,5.0,105.9288,97.0336,375.5658,384.461,PENDING_AG03,FALSE,NOT_FOR_ENFORCEMENT,462.2348,36187.5597,481.4946,462.2348,19.2598,0.01160708,0.01114280,19.2598,462.2348,0.01114280,19.2598,19.2598,19.2598,24.0747,24.0747,462.2348,0.01114280,105.9288,97.0336,375.5658,384.461,0.00905352,0.00926795,0.00046428,15.0409,16.8584,0.2153,11.7438,0.4291,1011.7763,54.5366,10.8148,15.0547,10.2862,13.088,13.088,26.176,34.6568,52.3519,13.088,-5.1891,2.647988,4.0,1.149216,29,158,24,5,0.00234634,0.01160708,0.15915119,0E-8,0.000000,0.908698,0.000000,-0.14789112,2026-04-14,2026-07-10,41,1122,472,88,0.465909,0.718364,0.719024,0.007821,,,,,,,,GLOBAL_BASELINE_NO_ENTITY_RANKING,,,NOT_APPLICABLE_GLOBAL_BASELINE,HF9g-P5,,,,X 全窗基线 · 不参与实体赏罚,8392101,840,A168_HF9F_20260827_0900,2026-08-27 09:00:00
2026-05-07,142615618,1307,0,20.2376628094,19.2257796689,19.2257796689,1.0000000,1,1,0.50665070000000000,0.506650700000,0.9867858985152569,0.9867858985152569,0.9867858985152569,0E-17,ELIGIBLE,R03b_20260811_FULL_v1,L1_ELIGIBILITY,v2026-08-11,2026-03-21..2026-08-06,baccarat_bet02_101_all_pairs_incl_sentinel,round_win = game_pnl > 0 (decisive only),COMPATIBILITY_ONLY_NOT_PRODUCTION,41482.8302,37695.3747,481.4946,2758,2236,-0.01160708,-0.15915119,-0.01126008,-0.01160708,-481.4946,41482.8302,OK,0.0000,19.2598,4.0000,96.0000,AG03-UNRESOLVED,ALL5_LEVELS_bet23_to_bet27,19.2598,19.2598,19.2598,24.0747,24.0747,4.000000,4.000000,4.000000,5.000000,5.000000,96.000000,96.000000,96.000000,95.000000,95.000000,5.0,105.9288,97.0336,375.5658,384.461,PENDING_AG03,FALSE,NOT_FOR_ENFORCEMENT,462.2348,36187.5597,481.4946,462.2348,19.2598,0.01160708,0.01114280,19.2598,462.2348,0.01114280,19.2598,19.2598,19.2598,24.0747,24.0747,462.2348,0.01114280,105.9288,97.0336,375.5658,384.461,0.00905352,0.00926795,0.00046428,15.0409,16.8584,0.2153,11.7438,0.4291,1011.7763,54.5366,10.8148,15.0547,10.2862,13.088,13.088,26.176,34.6568,52.3519,13.088,-5.1891,2.647988,4.0,1.149216,29,158,24,5,0.00234634,0.01160708,0.15915119,0E-8,0.000000,0.908698,0.000000,-0.14789112,2026-04-14,2026-07-10,41,1122,472,88,0.465909,0.718364,0.719024,0.007821,,,,,,,,GLOBAL_BASELINE_NO_ENTITY_RANKING,,,NOT_APPLICABLE_GLOBAL_BASELINE,HF9g-P5,,,,X 全窗基线 · 不参与实体赏罚,8392102,840,A168_HF9F_20260827_0900,2026-08-27 09:00:00
2026-05-07,142615618,1325,0,38.9185823258,-38.9185823258,-38.9185823258,0E-7,2,2,0.49994810000000000,0.499948100000,-1.4140667746232096,-1.4140667746232096,-1.4140667746232096,0E-17,ELIGIBLE,R03b_20260811_FULL_v1,L1_ELIGIBILITY,v2026-08-11,2026-03-21..2026-08-06,baccarat_bet02_101_all_pairs_incl_sentinel,round_win = game_pnl > 0 (decisive only),COMPATIBILITY_ONLY_NOT_PRODUCTION,41482.8302,37695.3747,481.4946,2758,2236,-0.01160708,-0.15915119,-0.01126008,-0.01160708,-481.4946,41482.8302,OK,0.0000,19.2598,4.0000,96.0000,AG03-UNRESOLVED,ALL5_LEVELS_bet23_to_bet27,19.2598,19.2598,19.2598,24.0747,24.0747,4.000000,4.000000,4.000000,5.000000,5.000000,96.000000,96.000000,96.000000,95.000000,95.000000,5.0,105.9288,97.0336,375.5658,384.461,PENDING_AG03,FALSE,NOT_FOR_ENFORCEMENT,462.2348,36187.5597,481.4946,462.2348,19.2598,0.01160708,0.01114280,19.2598,462.2348,0.01114280,19.2598,19.2598,19.2598,24.0747,24.0747,462.2348,0.01114280,105.9288,97.0336,375.5658,384.461,0.00905352,0.00926795,0.00046428,15.0409,16.8584,0.2153,11.7438,0.4291,1011.7763,54.5366,10.8148,15.0547,10.2862,13.088,13.088,26.176,34.6568,52.3519,13.088,-5.1891,2.647988,4.0,1.149216,29,158,24,5,0.00234634,0.01160708,0.15915119,0E-8,0.000000,0.908698,0.000000,-0.14789112,2026-04-14,2026-07-10,41,1122,472,88,0.465909,0.718364,0.719024,0.007821,,,,,,,,GLOBAL_BASELINE_NO_ENTITY_RANKING,,,NOT_APPLICABLE_GLOBAL_BASELINE,HF9g-P5,,,,X 全窗基线 · 不参与实体赏罚,8392103,840,A168_HF9F_20260827_0900,2026-08-27 09:00:00
2026-05-07,142615618,1354,0,12.9728607753,12.3242177365,12.3242177365,1.0000000,1,1,0.50665070000000000,0.506650700000,0.9867858985152569,0.9867858985152569,0.9867858985152569,0E-17,ELIGIBLE,R03b_20260811_FULL_v1,L1_ELIGIBILITY,v2026-08-11,2026-03-21..2026-08-06,baccarat_bet02_101_all_pairs_incl_sentinel,round_win = game_pnl > 0 (decisive only),COMPATIBILITY_ONLY_NOT_PRODUCTION,41482.8302,37695.3747,481.4946,2758,2236,-0.01160708,-0.15915119,-0.01126008,-0.01160708,-481.4946,41482.8302,OK,0.0000,19.2598,4.0000,96.0000,AG03-UNRESOLVED,ALL5_LEVELS_bet23_to_bet27,19.2598,19.2598,19.2598,24.0747,24.0747,4.000000,4.000000,4.000000,5.000000,5.000000,96.000000,96.000000,96.000000,95.000000,95.000000,5.0,105.9288,97.0336,375.5658,384.461,PENDING_AG03,FALSE,NOT_FOR_ENFORCEMENT,462.2348,36187.5597,481.4946,462.2348,19.2598,0.01160708,0.01114280,19.2598,462.2348,0.01114280,19.2598,19.2598,19.2598,24.0747,24.0747,462.2348,0.01114280,105.9288,97.0336,375.5658,384.461,0.00905352,0.00926795,0.00046428,15.0409,16.8584,0.2153,11.7438,0.4291,1011.7763,54.5366,10.8148,15.0547,10.2862,13.088,13.088,26.176,34.6568,52.3519,13.088,-5.1891,2.647988,4.0,1.149216,29,158,24,5,0.00234634,0.01160708,0.15915119,0E-8,0.000000,0.908698,0.000000,-0.14789112,2026-04-14,2026-07-10,41,1122,472,88,0.465909,0.718364,0.719024,0.007821,,,,,,,,GLOBAL_BASELINE_NO_ENTITY_RANKING,,,NOT_APPLICABLE_GLOBAL_BASELINE,HF9g-P5,,,,X 全窗基线 · 不参与实体赏罚,8392104,840,A168_HF9F_20260827_0900,2026-08-27 09:00:00
2026-05-07,142615618,1363,0,31.1348658607,-31.1348658607,-31.1348658607,0E-7,3,2,0.44778671428587634,0.403638725000,-1.2734947950510571,-1.1634740288448888,-1.2734947950510571,0.04414798928587634,ELIGIBLE,R03b_20260811_FULL_v1,L1_ELIGIBILITY,v2026-08-11,2026-03-21..2026-08-06,baccarat_bet02_101_all_pairs_incl_sentinel,round_win = game_pnl > 0 (decisive only),COMPATIBILITY_ONLY_NOT_PRODUCTION,41482.8302,37695.3747,481.4946,2758,2236,-0.01160708,-0.15915119,-0.01126008,-0.01160708,-481.4946,41482.8302,OK,0.0000,19.2598,4.0000,96.0000,AG03-UNRESOLVED,ALL5_LEVELS_bet23_to_bet27,19.2598,19.2598,19.2598,24.0747,24.0747,4.000000,4.000000,4.000000,5.000000,5.000000,96.000000,96.000000,96.000000,95.000000,95.000000,5.0,105.9288,97.0336,375.5658,384.461,PENDING_AG03,FALSE,NOT_FOR_ENFORCEMENT,462.2348,36187.5597,481.4946,462.2348,19.2598,0.01160708,0.01114280,19.2598,462.2348,0.01114280,19.2598,19.2598,19.2598,24.0747,24.0747,462.2348,0.01114280,105.9288,97.0336,375.5658,384.461,0.00905352,0.00926795,0.00046428,15.0409,16.8584,0.2153,11.7438,0.4291,1011.7763,54.5366,10.8148,15.0547,10.2862,13.088,13.088,26.176,34.6568,52.3519,13.088,-5.1891,2.647988,4.0,1.149216,29,158,24,5,0.00234634,0.01160708,0.15915119,0E-8,0.000000,0.908698,0.000000,-0.14789112,2026-04-14,2026-07-10,41,1122,472,88,0.465909,0.718364,0.719024,0.007821,,,,,,,,GLOBAL_BASELINE_NO_ENTITY_RANKING,,,NOT_APPLICABLE_GLOBAL_BASELINE,HF9g-P5,,,,X 全窗基线 · 不参与实体赏罚,8392105,840,A168_HF9F_20260827_0900,2026-08-27 09:00:00
2026-05-07,142615618,1399,0,83.0263089618,31.1348658606,31.1348658606,0.7500000,6,5,0.49291577000000000,0.465445910000,1.0284401524233797,1.1409441615918963,1.0284401524233797,0.02746986000000000,ELIGIBLE,R03b_20260811_FULL_v1,L1_ELIGIBILITY,v2026-08-11,2026-03-21..2026-08-06,baccarat_bet02_101_all_pairs_incl_sentinel,round_win = game_pnl > 0 (decisive only),COMPATIBILITY_ONLY_NOT_PRODUCTION,41482.8302,37695.3747,481.4946,2758,2236,-0.01160708,-0.15915119,-0.01126008,-0.01160708,-481.4946,41482.8302,OK,0.0000,19.2598,4.0000,96.0000,AG03-UNRESOLVED,ALL5_LEVELS_bet23_to_bet27,19.2598,19.2598,19.2598,24.0747,24.0747,4.000000,4.000000,4.000000,5.000000,5.000000,96.000000,96.000000,96.000000,95.000000,95.000000,5.0,105.9288,97.0336,375.5658,384.461,PENDING_AG03,FALSE,NOT_FOR_ENFORCEMENT,462.2348,36187.5597,481.4946,462.2348,19.2598,0.01160708,0.01114280,19.2598,462.2348,0.01114280,19.2598,19.2598,19.2598,24.0747,24.0747,462.2348,0.01114280,105.9288,97.0336,375.5658,384.461,0.00905352,0.00926795,0.00046428,15.0409,16.8584,0.2153,11.7438,0.4291,1011.7763,54.5366,10.8148,15.0547,10.2862,13.088,13.088,26.176,34.6568,52.3519,13.088,-5.1891,2.647988,4.0,1.149216,29,158,24,5,0.00234634,0.01160708,0.15915119,0E-8,0.000000,0.908698,0.000000,-0.14789112,2026-04-14,2026-07-10,41,1122,472,88,0.465909,0.718364,0.719024,0.007821,,,,,,,,GLOBAL_BASELINE_NO_ENTITY_RANKING,,,NOT_APPLICABLE_GLOBAL_BASELINE,HF9g-P5,,,,X 全窗基线 · 不参与实体赏罚,8392106,840,A168_HF9F_20260827_0900,2026-08-27 09:00:00
2026-05-07,142615618,1402,0,85.6208811169,70.0534481864,70.0534481864,0.8000000,8,5,0.43888513181803650,0.373652690000,1.627155466814633,1.970638051726076,1.627155466814633,0.06523244181803650,ELIGIBLE,R03b_20260811_FULL_v1,L1_ELIGIBILITY,v2026-08-11,2026-03-21..2026-08-06,baccarat_bet02_101_all_pairs_incl_sentinel,round_win = game_pnl > 0 (decisive only),COMPATIBILITY_ONLY_NOT_PRODUCTION,41482.8302,37695.3747,481.4946,2758,2236,-0.01160708,-0.15915119,-0.01126008,-0.01160708,-481.4946,41482.8302,OK,0.0000,19.2598,4.0000,96.0000,AG03-UNRESOLVED,ALL5_LEVELS_bet23_to_bet27,19.2598,19.2598,19.2598,24.0747,24.0747,4.000000,4.000000,4.000000,5.000000,5.000000,96.000000,96.000000,96.000000,95.000000,95.000000,5.0,105.9288,97.0336,375.5658,384.461,PENDING_AG03,FALSE,NOT_FOR_ENFORCEMENT,462.2348,36187.5597,481.4946,462.2348,19.2598,0.01160708,0.01114280,19.2598,462.2348,0.01114280,19.2598,19.2598,19.2598,24.0747,24.0747,462.2348,0.01114280,105.9288,97.0336,375.5658,384.461,0.00905352,0.00926795,0.00046428,15.0409,16.8584,0.2153,11.7438,0.4291,1011.7763,54.5366,10.8148,15.0547,10.2862,13.088,13.088,26.176,34.6568,52.3519,13.088,-5.1891,2.647988,4.0,1.149216,29,158,24,5,0.00234634,0.01160708,0.15915119,0E-8,0.000000,0.908698,0.000000,-0.14789112,2026-04-14,2026-07-10,41,1122,472,88,0.465909,0.718364,0.719024,0.007821,,,,,,,,GLOBAL_BASELINE_NO_ENTITY_RANKING,,,NOT_APPLICABLE_GLOBAL_BASELINE,HF9g-P5,,,,X 全窗基线 · 不参与实体赏罚,8392107,840,A168_HF9F_20260827_0900,2026-08-27 09:00:00
2026-05-07,142615618,1405,0,10.3782886202,10.3782886202,10.3782886202,1.0000000,1,1,0.49324550000000000,0.493245500000,1.01360149184955,1.01360149184955,1.01360149184955,0E-17,ELIGIBLE,R03b_20260811_FULL_v1,L1_ELIGIBILITY,v2026-08-11,2026-03-21..2026-08-06,baccarat_bet02_101_all_pairs_incl_sentinel,round_win = game_pnl > 0 (decisive only),COMPATIBILITY_ONLY_NOT_PRODUCTION,41482.8302,37695.3747,481.4946,2758,2236,-0.01160708,-0.15915119,-0.01126008,-0.01160708,-481.4946,41482.8302,OK,0.0000,19.2598,4.0000,96.0000,AG03-UNRESOLVED,ALL5_LEVELS_bet23_to_bet27,19.2598,19.2598,19.2598,24.0747,24.0747,4.000000,4.000000,4.000000,5.000000,5.000000,96.000000,96.000000,96.000000,95.000000,95.000000,5.0,105.9288,97.0336,375.5658,384.461,PENDING_AG03,FALSE,NOT_FOR_ENFORCEMENT,462.2348,36187.5597,481.4946,462.2348,19.2598,0.01160708,0.01114280,19.2598,462.2348,0.01114280,19.2598,19.2598,19.2598,24.0747,24.0747,462.2348,0.01114280,105.9288,97.0336,375.5658,384.461,0.00905352,0.00926795,0.00046428,15.0409,16.8584,0.2153,11.7438,0.4291,1011.7763,54.5366,10.8148,15.0547,10.2862,13.088,13.088,26.176,34.6568,52.3519,13.088,-5.1891,2.647988,4.0,1.149216,29,158,24,5,0.00234634,0.01160708,0.15915119,0E-8,0.000000,0.908698,0.000000,-0.14789112,2026-04-14,2026-07-10,41,1122,472,88,0.465909,0.718364,0.719024,0.007821,,,,,,,,GLOBAL_BASELINE_NO_ENTITY_RANKING,,,NOT_APPLICABLE_GLOBAL_BASELINE,HF9g-P5,,,,X 全窗基线 · 不参与实体赏罚,8392108,840,A168_HF9F_20260827_0900,2026-08-27 09:00:00
2026-05-07,142615618,1505,0,46.7022987911,20.3673914172,20.3673914172,0.7500000,4,4,0.49994810000000000,0.499948100000,1.0002076053883384,1.0002076053883384,1.0002076053883384,0E-17,ELIGIBLE,R03b_20260811_FULL_v1,L1_ELIGIBILITY,v2026-08-11,2026-03-21..2026-08-06,baccarat_bet02_101_all_pairs_incl_sentinel,round_win = game_pnl > 0 (decisive only),COMPATIBILITY_ONLY_NOT_PRODUCTION,41482.8302,37695.3747,481.4946,2758,2236,-0.01160708,-0.15915119,-0.01126008,-0.01160708,-481.4946,41482.8302,OK,0.0000,19.2598,4.0000,96.0000,AG03-UNRESOLVED,ALL5_LEVELS_bet23_to_bet27,19.2598,19.2598,19.2598,24.0747,24.0747,4.000000,4.000000,4.000000,5.000000,5.000000,96.000000,96.000000,96.000000,95.000000,95.000000,5.0,105.9288,97.0336,375.5658,384.461,PENDING_AG03,FALSE,NOT_FOR_ENFORCEMENT,462.2348,36187.5597,481.4946,462.2348,19.2598,0.01160708,0.01114280,19.2598,462.2348,0.01114280,19.2598,19.2598,19.2598,24.0747,24.0747,462.2348,0.01114280,105.9288,97.0336,375.5658,384.461,0.00905352,0.00926795,0.00046428,15.0409,16.8584,0.2153,11.7438,0.4291,1011.7763,54.5366,10.8148,15.0547,10.2862,13.088,13.088,26.176,34.6568,52.3519,13.088,-5.1891,2.647988,4.0,1.149216,29,158,24,5,0.00234634,0.01160708,0.15915119,0E-8,0.000000,0.908698,0.000000,-0.14789112,2026-04-14,2026-07-10,41,1122,472,88,0.465909,0.718364,0.719024,0.007821,,,,,,,,GLOBAL_BASELINE_NO_ENTITY_RANKING,,,NOT_APPLICABLE_GLOBAL_BASELINE,HF9g-P5,,,,X 全窗基线 · 不参与实体赏罚,8392109,840,A168_HF9F_20260827_0900,2026-08-27 09:00:00
2026-05-07,142615618,1646,0,12.9728607753,12.3242177365,12.3242177365,1.0000000,1,1,0.50665070000000000,0.506650700000,0.9867858985152569,0.9867858985152569,0.9867858985152569,0E-17,ELIGIBLE,R03b_20260811_FULL_v1,L1_ELIGIBILITY,v2026-08-11,2026-03-21..2026-08-06,baccarat_bet02_101_all_pairs_incl_sentinel,round_win = game_pnl > 0 (decisive only),COMPATIBILITY_ONLY_NOT_PRODUCTION,41482.8302,37695.3747,481.4946,2758,2236,-0.01160708,-0.15915119,-0.01126008,-0.01160708,-481.4946,41482.8302,OK,0.0000,19.2598,4.0000,96.0000,AG03-UNRESOLVED,ALL5_LEVELS_bet23_to_bet27,19.2598,19.2598,19.2598,24.0747,24.0747,4.000000,4.000000,4.000000,5.000000,5.000000,96.000000,96.000000,96.000000,95.000000,95.000000,5.0,105.9288,97.0336,375.5658,384.461,PENDING_AG03,FALSE,NOT_FOR_ENFORCEMENT,462.2348,36187.5597,481.4946,462.2348,19.2598,0.01160708,0.01114280,19.2598,462.2348,0.01114280,19.2598,19.2598,19.2598,24.0747,24.0747,462.2348,0.01114280,105.9288,97.0336,375.5658,384.461,0.00905352,0.00926795,0.00046428,15.0409,16.8584,0.2153,11.7438,0.4291,1011.7763,54.5366,10.8148,15.0547,10.2862,13.088,13.088,26.176,34.6568,52.3519,13.088,-5.1891,2.647988,4.0,1.149216,29,158,24,5,0.00234634,0.01160708,0.15915119,0E-8,0.000000,0.908698,0.000000,-0.14789112,2026-04-14,2026-07-10,41,1122,472,88,0.465909,0.718364,0.719024,0.007821,,,,,,,,GLOBAL_BASELINE_NO_ENTITY_RANKING,,,NOT_APPLICABLE_GLOBAL_BASELINE,HF9g-P5,,,,X 全窗基线 · 不参与实体赏罚,8392110,840,A168_HF9F_20260827_0900,2026-08-27 09:00:00
2026-05-07,142615618,1687,0,12.9728607753,12.9728607753,12.9728607753,1.0000000,1,1,0.49324550000000000,0.493245500000,1.01360149184955,1.01360149184955,1.01360149184955,0E-17,ELIGIBLE,R03b_20260811_FULL_v1,L1_ELIGIBILITY,v2026-08-11,2026-03-21..2026-08-06,baccarat_bet02_101_all_pairs_incl_sentinel,round_win = game_pnl > 0 (decisive only),COMPATIBILITY_ONLY_NOT_PRODUCTION,41482.8302,37695.3747,481.4946,2758,2236,-0.01160708,-0.15915119,-0.01126008,-0.01160708,-481.4946,41482.8302,OK,0.0000,19.2598,4.0000,96.0000,AG03-UNRESOLVED,ALL5_LEVELS_bet23_to_bet27,19.2598,19.2598,19.2598,24.0747,24.0747,4.000000,4.000000,4.000000,5.000000,5.000000,96.000000,96.000000,96.000000,95.000000,95.000000,5.0,105.9288,97.0336,375.5658,384.461,PENDING_AG03,FALSE,NOT_FOR_ENFORCEMENT,462.2348,36187.5597,481.4946,462.2348,19.2598,0.01160708,0.01114280,19.2598,462.2348,0.01114280,19.2598,19.2598,19.2598,24.0747,24.0747,462.2348,0.01114280,105.9288,97.0336,375.5658,384.461,0.00905352,0.00926795,0.00046428,15.0409,16.8584,0.2153,11.7438,0.4291,1011.7763,54.5366,10.8148,15.0547,10.2862,13.088,13.088,26.176,34.6568,52.3519,13.088,-5.1891,2.647988,4.0,1.149216,29,158,24,5,0.00234634,0.01160708,0.15915119,0E-8,0.000000,0.908698,0.000000,-0.14789112,2026-04-14,2026-07-10,41,1122,472,88,0.465909,0.718364,0.719024,0.007821,,,,,,,,GLOBAL_BASELINE_NO_ENTITY_RANKING,,,NOT_APPLICABLE_GLOBAL_BASELINE,HF9g-P5,,,,X 全窗基线 · 不参与实体赏罚,8392111,840,A168_HF9F_20260827_0900,2026-08-27 09:00:00
2026-05-07,142615618,1941,0,12.9728607753,-12.9728607753,-12.9728607753,0E-7,1,1,0.49324550000000000,0.493245500000,-0.9865810262130424,-0.9865810262130424,-0.9865810262130424,0E-17,ELIGIBLE,R03b_20260811_FULL_v1,L1_ELIGIBILITY,v2026-08-11,2026-03-21..2026-08-06,baccarat_bet02_101_all_pairs_incl_sentinel,round_win = game_pnl > 0 (decisive only),COMPATIBILITY_ONLY_NOT_PRODUCTION,41482.8302,37695.3747,481.4946,2758,2236,-0.01160708,-0.15915119,-0.01126008,-0.01160708,-481.4946,41482.8302,OK,0.0000,19.2598,4.0000,96.0000,AG03-UNRESOLVED,ALL5_LEVELS_bet23_to_bet27,19.2598,19.2598,19.2598,24.0747,24.0747,4.000000,4.000000,4.000000,5.000000,5.000000,96.000000,96.000000,96.000000,95.000000,95.000000,5.0,105.9288,97.0336,375.5658,384.461,PENDING_AG03,FALSE,NOT_FOR_ENFORCEMENT,462.2348,36187.5597,481.4946,462.2348,19.2598,0.01160708,0.01114280,19.2598,462.2348,0.01114280,19.2598,19.2598,19.2598,24.0747,24.0747,462.2348,0.01114280,105.9288,97.0336,375.5658,384.461,0.00905352,0.00926795,0.00046428,15.0409,16.8584,0.2153,11.7438,0.4291,1011.7763,54.5366,10.8148,15.0547,10.2862,13.088,13.088,26.176,34.6568,52.3519,13.088,-5.1891,2.647988,4.0,1.149216,29,158,24,5,0.00234634,0.01160708,0.15915119,0E-8,0.000000,0.908698,0.000000,-0.14789112,2026-04-14,2026-07-10,41,1122,472,88,0.465909,0.718364,0.719024,0.007821,,,,,,,,GLOBAL_BASELINE_NO_ENTITY_RANKING,,,NOT_APPLICABLE_GLOBAL_BASELINE,HF9g-P5,,,,X 全窗基线 · 不参与实体赏罚,8392112,840,A168_HF9F_20260827_0900,2026-08-27 09:00:00
2026-05-07,142615618,1957,0,12.9728607753,-12.9728607753,-12.9728607753,0E-7,1,1,0.50665070000000000,0.506650700000,-1.013391052207602,-1.013391052207602,-1.013391052207602,0E-17,ELIGIBLE,R03b_20260811_FULL_v1,L1_ELIGIBILITY,v2026-08-11,2026-03-21..2026-08-06,baccarat_bet02_101_all_pairs_incl_sentinel,round_win = game_pnl > 0 (decisive only),COMPATIBILITY_ONLY_NOT_PRODUCTION,41482.8302,37695.3747,481.4946,2758,2236,-0.01160708,-0.15915119,-0.01126008,-0.01160708,-481.4946,41482.8302,OK,0.0000,19.2598,4.0000,96.0000,AG03-UNRESOLVED,ALL5_LEVELS_bet23_to_bet27,19.2598,19.2598,19.2598,24.0747,24.0747,4.000000,4.000000,4.000000,5.000000,5.000000,96.000000,96.000000,96.000000,95.000000,95.000000,5.0,105.9288,97.0336,375.5658,384.461,PENDING_AG03,FALSE,NOT_FOR_ENFORCEMENT,462.2348,36187.5597,481.4946,462.2348,19.2598,0.01160708,0.01114280,19.2598,462.2348,0.01114280,19.2598,19.2598,19.2598,24.0747,24.0747,462.2348,0.01114280,105.9288,97.0336,375.5658,384.461,0.00905352,0.00926795,0.00046428,15.0409,16.8584,0.2153,11.7438,0.4291,1011.7763,54.5366,10.8148,15.0547,10.2862,13.088,13.088,26.176,34.6568,52.3519,13.088,-5.1891,2.647988,4.0,1.149216,29,158,24,5,0.00234634,0.01160708,0.15915119,0E-8,0.000000,0.908698,0.000000,-0.14789112,2026-04-14,2026-07-10,41,1122,472,88,0.465909,0.718364,0.719024,0.007821,,,,,,,,GLOBAL_BASELINE_NO_ENTITY_RANKING,,,NOT_APPLICABLE_GLOBAL_BASELINE,HF9g-P5,,,,X 全窗基线 · 不参与实体赏罚,8392113,840,A168_HF9F_20260827_0900,2026-08-27 09:00:00
2026-05-07,142615618,2121,0,18.1620050854,-18.1620050854,-18.1620050854,0E-7,2,1,0.38892272857175268,0.300626750000,-0.7977808304445768,-0.655630731788307,-0.7977808304445768,0.08829597857175268,ELIGIBLE,R03b_20260811_FULL_v1,L1_ELIGIBILITY,v2026-08-11,2026-03-21..2026-08-06,baccarat_bet02_101_all_pairs_incl_sentinel,round_win = game_pnl > 0 (decisive only),COMPATIBILITY_ONLY_NOT_PRODUCTION,41482.8302,37695.3747,481.4946,2758,2236,-0.01160708,-0.15915119,-0.01126008,-0.01160708,-481.4946,41482.8302,OK,0.0000,19.2598,4.0000,96.0000,AG03-UNRESOLVED,ALL5_LEVELS_bet23_to_bet27,19.2598,19.2598,19.2598,24.0747,24.0747,4.000000,4.000000,4.000000,5.000000,5.000000,96.000000,96.000000,96.000000,95.000000,95.000000,5.0,105.9288,97.0336,375.5658,384.461,PENDING_AG03,FALSE,NOT_FOR_ENFORCEMENT,462.2348,36187.5597,481.4946,462.2348,19.2598,0.01160708,0.01114280,19.2598,462.2348,0.01114280,19.2598,19.2598,19.2598,24.0747,24.0747,462.2348,0.01114280,105.9288,97.0336,375.5658,384.461,0.00905352,0.00926795,0.00046428,15.0409,16.8584,0.2153,11.7438,0.4291,1011.7763,54.5366,10.8148,15.0547,10.2862,13.088,13.088,26.176,34.6568,52.3519,13.088,-5.1891,2.647988,4.0,1.149216,29,158,24,5,0.00234634,0.01160708,0.15915119,0E-8,0.000000,0.908698,0.000000,-0.14789112,2026-04-14,2026-07-10,41,1122,472,88,0.465909,0.718364,0.719024,0.007821,,,,,,,,GLOBAL_BASELINE_NO_ENTITY_RANKING,,,NOT_APPLICABLE_GLOBAL_BASELINE,HF9g-P5,,,,X 全窗基线 · 不参与实体赏罚,8392114,840,A168_HF9F_20260827_0900,2026-08-27 09:00:00
2026-05-07,142615618,2129,0,42.2915261273,8.3026308962,8.3026308962,0.5000000,2,2,0.50665070000000000,0.506650700000,-0.018812684590367487,-0.018812684590367487,-0.018812684590367487,0E-17,ELIGIBLE,R03b_20260811_FULL_v1,L1_ELIGIBILITY,v2026-08-11,2026-03-21..2026-08-06,baccarat_bet02_101_all_pairs_incl_sentinel,round_win = game_pnl > 0 (decisive only),COMPATIBILITY_ONLY_NOT_PRODUCTION,41482.8302,37695.3747,481.4946,2758,2236,-0.01160708,-0.15915119,-0.01126008,-0.01160708,-481.4946,41482.8302,OK,0.0000,19.2598,4.0000,96.0000,AG03-UNRESOLVED,ALL5_LEVELS_bet23_to_bet27,19.2598,19.2598,19.2598,24.0747,24.0747,4.000000,4.000000,4.000000,5.000000,5.000000,96.000000,96.000000,96.000000,95.000000,95.000000,5.0,105.9288,97.0336,375.5658,384.461,PENDING_AG03,FALSE,NOT_FOR_ENFORCEMENT,462.2348,36187.5597,481.4946,462.2348,19.2598,0.01160708,0.01114280,19.2598,462.2348,0.01114280,19.2598,19.2598,19.2598,24.0747,24.0747,462.2348,0.01114280,105.9288,97.0336,375.5658,384.461,0.00905352,0.00926795,0.00046428,15.0409,16.8584,0.2153,11.7438,0.4291,1011.7763,54.5366,10.8148,15.0547,10.2862,13.088,13.088,26.176,34.6568,52.3519,13.088,-5.1891,2.647988,4.0,1.149216,29,158,24,5,0.00234634,0.01160708,0.15915119,0E-8,0.000000,0.908698,0.000000,-0.14789112,2026-04-14,2026-07-10,41,1122,472,88,0.465909,0.718364,0.719024,0.007821,,,,,,,,GLOBAL_BASELINE_NO_ENTITY_RANKING,,,NOT_APPLICABLE_GLOBAL_BASELINE,HF9g-P5,,,,X 全窗基线 · 不参与实体赏罚,8392115,840,A168_HF9F_20260827_0900,2026-08-27 09:00:00
2026-05-07,142615618,2141,0,12.9728607753,-12.9728607753,-12.9728607753,0E-7,1,1,0.50665070000000000,0.506650700000,-1.013391052207602,-1.013391052207602,-1.013391052207602,0E-17,ELIGIBLE,R03b_20260811_FULL_v1,L1_ELIGIBILITY,v2026-08-11,2026-03-21..2026-08-06,baccarat_bet02_101_all_pairs_incl_sentinel,round_win = game_pnl > 0 (decisive only),COMPATIBILITY_ONLY_NOT_PRODUCTION,41482.8302,37695.3747,481.4946,2758,2236,-0.01160708,-0.15915119,-0.01126008,-0.01160708,-481.4946,41482.8302,OK,0.0000,19.2598,4.0000,96.0000,AG03-UNRESOLVED,ALL5_LEVELS_bet23_to_bet27,19.2598,19.2598,19.2598,24.0747,24.0747,4.000000,4.000000,4.000000,5.000000,5.000000,96.000000,96.000000,96.000000,95.000000,95.000000,5.0,105.9288,97.0336,375.5658,384.461,PENDING_AG03,FALSE,NOT_FOR_ENFORCEMENT,462.2348,36187.5597,481.4946,462.2348,19.2598,0.01160708,0.01114280,19.2598,462.2348,0.01114280,19.2598,19.2598,19.2598,24.0747,24.0747,462.2348,0.01114280,105.9288,97.0336,375.5658,384.461,0.00905352,0.00926795,0.00046428,15.0409,16.8584,0.2153,11.7438,0.4291,1011.7763,54.5366,10.8148,15.0547,10.2862,13.088,13.088,26.176,34.6568,52.3519,13.088,-5.1891,2.647988,4.0,1.149216,29,158,24,5,0.00234634,0.01160708,0.15915119,0E-8,0.000000,0.908698,0.000000,-0.14789112,2026-04-14,2026-07-10,41,1122,472,88,0.465909,0.718364,0.719024,0.007821,,,,,,,,GLOBAL_BASELINE_NO_ENTITY_RANKING,,,NOT_APPLICABLE_GLOBAL_BASELINE,HF9g-P5,,,,X 全窗基线 · 不参与实体赏罚,8392116,840,A168_HF9F_20260827_0900,2026-08-27 09:00:00
2026-05-07,142615618,2142,0,12.9728607753,-12.9728607753,-12.9728607753,0E-7,1,1,0.50665070000000000,0.506650700000,-1.013391052207602,-1.013391052207602,-1.013391052207602,0E-17,ELIGIBLE,R03b_20260811_FULL_v1,L1_ELIGIBILITY,v2026-08-11,2026-03-21..2026-08-06,baccarat_bet02_101_all_pairs_incl_sentinel,round_win = game_pnl > 0 (decisive only),COMPATIBILITY_ONLY_NOT_PRODUCTION,41482.8302,37695.3747,481.4946,2758,2236,-0.01160708,-0.15915119,-0.01126008,-0.01160708,-481.4946,41482.8302,OK,0.0000,19.2598,4.0000,96.0000,AG03-UNRESOLVED,ALL5_LEVELS_bet23_to_bet27,19.2598,19.2598,19.2598,24.0747,24.0747,4.000000,4.000000,4.000000,5.000000,5.000000,96.000000,96.000000,96.000000,95.000000,95.000000,5.0,105.9288,97.0336,375.5658,384.461,PENDING_AG03,FALSE,NOT_FOR_ENFORCEMENT,462.2348,36187.5597,481.4946,462.2348,19.2598,0.01160708,0.01114280,19.2598,462.2348,0.01114280,19.2598,19.2598,19.2598,24.0747,24.0747,462.2348,0.01114280,105.9288,97.0336,375.5658,384.461,0.00905352,0.00926795,0.00046428,15.0409,16.8584,0.2153,11.7438,0.4291,1011.7763,54.5366,10.8148,15.0547,10.2862,13.088,13.088,26.176,34.6568,52.3519,13.088,-5.1891,2.647988,4.0,1.149216,29,158,24,5,0.00234634,0.01160708,0.15915119,0E-8,0.000000,0.908698,0.000000,-0.14789112,2026-04-14,2026-07-10,41,1122,472,88,0.465909,0.718364,0.719024,0.007821,,,,,,,,GLOBAL_BASELINE_NO_ENTITY_RANKING,,,NOT_APPLICABLE_GLOBAL_BASELINE,HF9g-P5,,,,X 全窗基线 · 不参与实体赏罚,8392117,840,A168_HF9F_20260827_0900,2026-08-27 09:00:00
2026-05-07,142615618,2145,0,31.1348658607,-5.1891443101,-5.1891443101,0.3333333,3,3,0.36036460000000000,0.360364600000,-0.0975191074257721,-0.0975191074257721,-0.0975191074257721,0E-17,ELIGIBLE,R03b_20260811_FULL_v1,L1_ELIGIBILITY,v2026-08-11,2026-03-21..2026-08-06,baccarat_bet02_101_all_pairs_incl_sentinel,round_win = game_pnl > 0 (decisive only),COMPATIBILITY_ONLY_NOT_PRODUCTION,41482.8302,37695.3747,481.4946,2758,2236,-0.01160708,-0.15915119,-0.01126008,-0.01160708,-481.4946,41482.8302,OK,0.0000,19.2598,4.0000,96.0000,AG03-UNRESOLVED,ALL5_LEVELS_bet23_to_bet27,19.2598,19.2598,19.2598,24.0747,24.0747,4.000000,4.000000,4.000000,5.000000,5.000000,96.000000,96.000000,96.000000,95.000000,95.000000,5.0,105.9288,97.0336,375.5658,384.461,PENDING_AG03,FALSE,NOT_FOR_ENFORCEMENT,462.2348,36187.5597,481.4946,462.2348,19.2598,0.01160708,0.01114280,19.2598,462.2348,0.01114280,19.2598,19.2598,19.2598,24.0747,24.0747,462.2348,0.01114280,105.9288,97.0336,375.5658,384.461,0.00905352,0.00926795,0.00046428,15.0409,16.8584,0.2153,11.7438,0.4291,1011.7763,54.5366,10.8148,15.0547,10.2862,13.088,13.088,26.176,34.6568,52.3519,13.088,-5.1891,2.647988,4.0,1.149216,29,158,24,5,0.00234634,0.01160708,0.15915119,0E-8,0.000000,0.908698,0.000000,-0.14789112,2026-04-14,2026-07-10,41,1122,472,88,0.465909,0.718364,0.719024,0.007821,,,,,,,,GLOBAL_BASELINE_NO_ENTITY_RANKING,,,NOT_APPLICABLE_GLOBAL_BASELINE,HF9g-P5,,,,X 全窗基线 · 不参与实体赏罚,8392118,840,A168_HF9F_20260827_0900,2026-08-27 09:00:00
2026-05-07,142615618,2156,0,12.9728607753,12.3242177365,12.3242177365,1.0000000,1,1,0.50665070000000000,0.506650700000,0.9867858985152569,0.9867858985152569,0.9867858985152569,0E-17,ELIGIBLE,R03b_20260811_FULL_v1,L1_ELIGIBILITY,v2026-08-11,2026-03-21..2026-08-06,baccarat_bet02_101_all_pairs_incl_sentinel,round_win = game_pnl > 0 (decisive only),COMPATIBILITY_ONLY_NOT_PRODUCTION,41482.8302,37695.3747,481.4946,2758,2236,-0.01160708,-0.15915119,-0.01126008,-0.01160708,-481.4946,41482.8302,OK,0.0000,19.2598,4.0000,96.0000,AG03-UNRESOLVED,ALL5_LEVELS_bet23_to_bet27,19.2598,19.2598,19.2598,24.0747,24.0747,4.000000,4.000000,4.000000,5.000000,5.000000,96.000000,96.000000,96.000000,95.000000,95.000000,5.0,105.9288,97.0336,375.5658,384.461,PENDING_AG03,FALSE,NOT_FOR_ENFORCEMENT,462.2348,36187.5597,481.4946,462.2348,19.2598,0.01160708,0.01114280,19.2598,462.2348,0.01114280,19.2598,19.2598,19.2598,24.0747,24.0747,462.2348,0.01114280,105.9288,97.0336,375.5658,384.461,0.00905352,0.00926795,0.00046428,15.0409,16.8584,0.2153,11.7438,0.4291,1011.7763,54.5366,10.8148,15.0547,10.2862,13.088,13.088,26.176,34.6568,52.3519,13.088,-5.1891,2.647988,4.0,1.149216,29,158,24,5,0.00234634,0.01160708,0.15915119,0E-8,0.000000,0.908698,0.000000,-0.14789112,2026-04-14,2026-07-10,41,1122,472,88,0.465909,0.718364,0.719024,0.007821,,,,,,,,GLOBAL_BASELINE_NO_ENTITY_RANKING,,,NOT_APPLICABLE_GLOBAL_BASELINE,HF9g-P5,,,,X 全窗基线 · 不参与实体赏罚,8392119,840,A168_HF9F_20260827_0900,2026-08-27 09:00:00
2026-05-07,142615618,2160,0,12.9728607753,12.3242177365,12.3242177365,1.0000000,1,1,0.50665070000000000,0.506650700000,0.9867858985152569,0.9867858985152569,0.9867858985152569,0E-17,ELIGIBLE,R03b_20260811_FULL_v1,L1_ELIGIBILITY,v2026-08-11,2026-03-21..2026-08-06,baccarat_bet02_101_all_pairs_incl_sentinel,round_win = game_pnl > 0 (decisive only),COMPATIBILITY_ONLY_NOT_PRODUCTION,41482.8302,37695.3747,481.4946,2758,2236,-0.01160708,-0.15915119,-0.01126008,-0.01160708,-481.4946,41482.8302,OK,0.0000,19.2598,4.0000,96.0000,AG03-UNRESOLVED,ALL5_LEVELS_bet23_to_bet27,19.2598,19.2598,19.2598,24.0747,24.0747,4.000000,4.000000,4.000000,5.000000,5.000000,96.000000,96.000000,96.000000,95.000000,95.000000,5.0,105.9288,97.0336,375.5658,384.461,PENDING_AG03,FALSE,NOT_FOR_ENFORCEMENT,462.2348,36187.5597,481.4946,462.2348,19.2598,0.01160708,0.01114280,19.2598,462.2348,0.01114280,19.2598,19.2598,19.2598,24.0747,24.0747,462.2348,0.01114280,105.9288,97.0336,375.5658,384.461,0.00905352,0.00926795,0.00046428,15.0409,16.8584,0.2153,11.7438,0.4291,1011.7763,54.5366,10.8148,15.0547,10.2862,13.088,13.088,26.176,34.6568,52.3519,13.088,-5.1891,2.647988,4.0,1.149216,29,158,24,5,0.00234634,0.01160708,0.15915119,0E-8,0.000000,0.908698,0.000000,-0.14789112,2026-04-14,2026-07-10,41,1122,472,88,0.465909,0.718364,0.719024,0.007821,,,,,,,,GLOBAL_BASELINE_NO_ENTITY_RANKING,,,NOT_APPLICABLE_GLOBAL_BASELINE,HF9g-P5,,,,X 全窗基线 · 不参与实体赏罚,8392120,840,A168_HF9F_20260827_0900,2026-08-27 09:00:00
2026-05-07,142615618,2174,0,10.3782886202,-10.3782886202,-10.3782886202,0E-7,1,1,0.50665070000000000,0.506650700000,-1.013391052207602,-1.013391052207602,-1.013391052207602,0E-17,ELIGIBLE,R03b_20260811_FULL_v1,L1_ELIGIBILITY,v2026-08-11,2026-03-21..2026-08-06,baccarat_bet02_101_all_pairs_incl_sentinel,round_win = game_pnl > 0 (decisive only),COMPATIBILITY_ONLY_NOT_PRODUCTION,41482.8302,37695.3747,481.4946,2758,2236,-0.01160708,-0.15915119,-0.01126008,-0.01160708,-481.4946,41482.8302,OK,0.0000,19.2598,4.0000,96.0000,AG03-UNRESOLVED,ALL5_LEVELS_bet23_to_bet27,19.2598,19.2598,19.2598,24.0747,24.0747,4.000000,4.000000,4.000000,5.000000,5.000000,96.000000,96.000000,96.000000,95.000000,95.000000,5.0,105.9288,97.0336,375.5658,384.461,PENDING_AG03,FALSE,NOT_FOR_ENFORCEMENT,462.2348,36187.5597,481.4946,462.2348,19.2598,0.01160708,0.01114280,19.2598,462.2348,0.01114280,19.2598,19.2598,19.2598,24.0747,24.0747,462.2348,0.01114280,105.9288,97.0336,375.5658,384.461,0.00905352,0.00926795,0.00046428,15.0409,16.8584,0.2153,11.7438,0.4291,1011.7763,54.5366,10.8148,15.0547,10.2862,13.088,13.088,26.176,34.6568,52.3519,13.088,-5.1891,2.647988,4.0,1.149216,29,158,24,5,0.00234634,0.01160708,0.15915119,0E-8,0.000000,0.908698,0.000000,-0.14789112,2026-04-14,2026-07-10,41,1122,472,88,0.465909,0.718364,0.719024,0.007821,,,,,,,,GLOBAL_BASELINE_NO_ENTITY_RANKING,,,NOT_APPLICABLE_GLOBAL_BASELINE,HF9g-P5,,,,X 全窗基线 · 不参与实体赏罚,8392121,840,A168_HF9F_20260827_0900,2026-08-27 09:00:00
2026-05-07,142615618,2188,0,108.9720305123,-44.7563696746,-44.7563696746,0.3333333,6,6,0.50665070000000000,0.506650700000,-0.6004420894325239,-0.6004420894325239,-0.6004420894325239,0E-17,ELIGIBLE,R03b_20260811_FULL_v1,L1_ELIGIBILITY,v2026-08-11,2026-03-21..2026-08-06,baccarat_bet02_101_all_pairs_incl_sentinel,round_win = game_pnl > 0 (decisive only),COMPATIBILITY_ONLY_NOT_PRODUCTION,41482.8302,37695.3747,481.4946,2758,2236,-0.01160708,-0.15915119,-0.01126008,-0.01160708,-481.4946,41482.8302,OK,0.0000,19.2598,4.0000,96.0000,AG03-UNRESOLVED,ALL5_LEVELS_bet23_to_bet27,19.2598,19.2598,19.2598,24.0747,24.0747,4.000000,4.000000,4.000000,5.000000,5.000000,96.000000,96.000000,96.000000,95.000000,95.000000,5.0,105.9288,97.0336,375.5658,384.461,PENDING_AG03,FALSE,NOT_FOR_ENFORCEMENT,462.2348,36187.5597,481.4946,462.2348,19.2598,0.01160708,0.01114280,19.2598,462.2348,0.01114280,19.2598,19.2598,19.2598,24.0747,24.0747,462.2348,0.01114280,105.9288,97.0336,375.5658,384.461,0.00905352,0.00926795,0.00046428,15.0409,16.8584,0.2153,11.7438,0.4291,1011.7763,54.5366,10.8148,15.0547,10.2862,13.088,13.088,26.176,34.6568,52.3519,13.088,-5.1891,2.647988,4.0,1.149216,29,158,24,5,0.00234634,0.01160708,0.15915119,0E-8,0.000000,0.908698,0.000000,-0.14789112,2026-04-14,2026-07-10,41,1122,472,88,0.465909,0.718364,0.719024,0.007821,,,,,,,,GLOBAL_BASELINE_NO_ENTITY_RANKING,,,NOT_APPLICABLE_GLOBAL_BASELINE,HF9g-P5,,,,X 全窗基线 · 不参与实体赏罚,8392122,840,A168_HF9F_20260827_0900,2026-08-27 09:00:00
2026-05-07,142615618,2222,0,10.3782886202,-10.3782886202,-10.3782886202,0E-7,2,1,0.30062675000000000,0.300626750000,-0.6556307317883069,-0.655630731788307,-0.6556307317883069,0E-17,ELIGIBLE,R03b_20260811_FULL_v1,L1_ELIGIBILITY,v2026-08-11,2026-03-21..2026-08-06,baccarat_bet02_101_all_pairs_incl_sentinel,round_win = game_pnl > 0 (decisive only),COMPATIBILITY_ONLY_NOT_PRODUCTION,41482.8302,37695.3747,481.4946,2758,2236,-0.01160708,-0.15915119,-0.01126008,-0.01160708,-481.4946,41482.8302,OK,0.0000,19.2598,4.0000,96.0000,AG03-UNRESOLVED,ALL5_LEVELS_bet23_to_bet27,19.2598,19.2598,19.2598,24.0747,24.0747,4.000000,4.000000,4.000000,5.000000,5.000000,96.000000,96.000000,96.000000,95.000000,95.000000,5.0,105.9288,97.0336,375.5658,384.461,PENDING_AG03,FALSE,NOT_FOR_ENFORCEMENT,462.2348,36187.5597,481.4946,462.2348,19.2598,0.01160708,0.01114280,19.2598,462.2348,0.01114280,19.2598,19.2598,19.2598,24.0747,24.0747,462.2348,0.01114280,105.9288,97.0336,375.5658,384.461,0.00905352,0.00926795,0.00046428,15.0409,16.8584,0.2153,11.7438,0.4291,1011.7763,54.5366,10.8148,15.0547,10.2862,13.088,13.088,26.176,34.6568,52.3519,13.088,-5.1891,2.647988,4.0,1.149216,29,158,24,5,0.00234634,0.01160708,0.15915119,0E-8,0.000000,0.908698,0.000000,-0.14789112,2026-04-14,2026-07-10,41,1122,472,88,0.465909,0.718364,0.719024,0.007821,,,,,,,,GLOBAL_BASELINE_NO_ENTITY_RANKING,,,NOT_APPLICABLE_GLOBAL_BASELINE,HF9g-P5,,,,X 全窗基线 · 不参与实体赏罚,8392123,840,A168_HF9F_20260827_0900,2026-08-27 09:00:00
2026-05-07,142615618,2223,0,12.9728607753,12.3242177365,12.3242177365,1.0000000,1,1,0.50665070000000000,0.506650700000,0.9867858985152569,0.9867858985152569,0.9867858985152569,0E-17,ELIGIBLE,R03b_20260811_FULL_v1,L1_ELIGIBILITY,v2026-08-11,2026-03-21..2026-08-06,baccarat_bet02_101_all_pairs_incl_sentinel,round_win = game_pnl > 0 (decisive only),COMPATIBILITY_ONLY_NOT_PRODUCTION,41482.8302,37695.3747,481.4946,2758,2236,-0.01160708,-0.15915119,-0.01126008,-0.01160708,-481.4946,41482.8302,OK,0.0000,19.2598,4.0000,96.0000,AG03-UNRESOLVED,ALL5_LEVELS_bet23_to_bet27,19.2598,19.2598,19.2598,24.0747,24.0747,4.000000,4.000000,4.000000,5.000000,5.000000,96.000000,96.000000,96.000000,95.000000,95.000000,5.0,105.9288,97.0336,375.5658,384.461,PENDING_AG03,FALSE,NOT_FOR_ENFORCEMENT,462.2348,36187.5597,481.4946,462.2348,19.2598,0.01160708,0.01114280,19.2598,462.2348,0.01114280,19.2598,19.2598,19.2598,24.0747,24.0747,462.2348,0.01114280,105.9288,97.0336,375.5658,384.461,0.00905352,0.00926795,0.00046428,15.0409,16.8584,0.2153,11.7438,0.4291,1011.7763,54.5366,10.8148,15.0547,10.2862,13.088,13.088,26.176,34.6568,52.3519,13.088,-5.1891,2.647988,4.0,1.149216,29,158,24,5,0.00234634,0.01160708,0.15915119,0E-8,0.000000,0.908698,0.000000,-0.14789112,2026-04-14,2026-07-10,41,1122,472,88,0.465909,0.718364,0.719024,0.007821,,,,,,,,GLOBAL_BASELINE_NO_ENTITY_RANKING,,,NOT_APPLICABLE_GLOBAL_BASELINE,HF9g-P5,,,,X 全窗基线 · 不参与实体赏罚,8392124,840,A168_HF9F_20260827_0900,2026-08-27 09:00:00
2026-05-07,142615618,2235,0,25.9457215506,-0.6486430388,-0.6486430388,0.5000000,2,2,0.50665070000000000,0.506650700000,-0.018812684590367487,-0.018812684590367487,-0.018812684590367487,0E-17,ELIGIBLE,R03b_20260811_FULL_v1,L1_ELIGIBILITY,v2026-08-11,2026-03-21..2026-08-06,baccarat_bet02_101_all_pairs_incl_sentinel,round_win = game_pnl > 0 (decisive only),COMPATIBILITY_ONLY_NOT_PRODUCTION,41482.8302,37695.3747,481.4946,2758,2236,-0.01160708,-0.15915119,-0.01126008,-0.01160708,-481.4946,41482.8302,OK,0.0000,19.2598,4.0000,96.0000,AG03-UNRESOLVED,ALL5_LEVELS_bet23_to_bet27,19.2598,19.2598,19.2598,24.0747,24.0747,4.000000,4.000000,4.000000,5.000000,5.000000,96.000000,96.000000,96.000000,95.000000,95.000000,5.0,105.9288,97.0336,375.5658,384.461,PENDING_AG03,FALSE,NOT_FOR_ENFORCEMENT,462.2348,36187.5597,481.4946,462.2348,19.2598,0.01160708,0.01114280,19.2598,462.2348,0.01114280,19.2598,19.2598,19.2598,24.0747,24.0747,462.2348,0.01114280,105.9288,97.0336,375.5658,384.461,0.00905352,0.00926795,0.00046428,15.0409,16.8584,0.2153,11.7438,0.4291,1011.7763,54.5366,10.8148,15.0547,10.2862,13.088,13.088,26.176,34.6568,52.3519,13.088,-5.1891,2.647988,4.0,1.149216,29,158,24,5,0.00234634,0.01160708,0.15915119,0E-8,0.000000,0.908698,0.000000,-0.14789112,2026-04-14,2026-07-10,41,1122,472,88,0.465909,0.718364,0.719024,0.007821,,,,,,,,GLOBAL_BASELINE_NO_ENTITY_RANKING,,,NOT_APPLICABLE_GLOBAL_BASELINE,HF9g-P5,,,,X 全窗基线 · 不参与实体赏罚,8392125,840,A168_HF9F_20260827_0900,2026-08-27 09:00:00
2026-05-07,142615618,2246,0,95.9991697370,57.3400446266,57.3400446266,0.6666667,9,7,0.45657036836739324,0.443956657143,1.0331621965940463,1.097970704319715,1.0331621965940463,0.01261371122439324,ELIGIBLE,R03b_20260811_FULL_v1,L1_ELIGIBILITY,v2026-08-11,2026-03-21..2026-08-06,baccarat_bet02_101_all_pairs_incl_sentinel,round_win = game_pnl > 0 (decisive only),COMPATIBILITY_ONLY_NOT_PRODUCTION,41482.8302,37695.3747,481.4946,2758,2236,-0.01160708,-0.15915119,-0.01126008,-0.01160708,-481.4946,41482.8302,OK,0.0000,19.2598,4.0000,96.0000,AG03-UNRESOLVED,ALL5_LEVELS_bet23_to_bet27,19.2598,19.2598,19.2598,24.0747,24.0747,4.000000,4.000000,4.000000,5.000000,5.000000,96.000000,96.000000,96.000000,95.000000,95.000000,5.0,105.9288,97.0336,375.5658,384.461,PENDING_AG03,FALSE,NOT_FOR_ENFORCEMENT,462.2348,36187.5597,481.4946,462.2348,19.2598,0.01160708,0.01114280,19.2598,462.2348,0.01114280,19.2598,19.2598,19.2598,24.0747,24.0747,462.2348,0.01114280,105.9288,97.0336,375.5658,384.461,0.00905352,0.00926795,0.00046428,15.0409,16.8584,0.2153,11.7438,0.4291,1011.7763,54.5366,10.8148,15.0547,10.2862,13.088,13.088,26.176,34.6568,52.3519,13.088,-5.1891,2.647988,4.0,1.149216,29,158,24,5,0.00234634,0.01160708,0.15915119,0E-8,0.000000,0.908698,0.000000,-0.14789112,2026-04-14,2026-07-10,41,1122,472,88,0.465909,0.718364,0.719024,0.007821,,,,,,,,GLOBAL_BASELINE_NO_ENTITY_RANKING,,,NOT_APPLICABLE_GLOBAL_BASELINE,HF9g-P5,,,,X 全窗基线 · 不参与实体赏罚,8392126,840,A168_HF9F_20260827_0900,2026-08-27 09:00:00
2026-05-07,142615618,763,0,12.9728607753,0E-10,0E-10,,1,1,0.49324550000000000,0.493245500000,,,,0E-17,NO_DECISIVE_ROUND,R03b_20260811_FULL_v1,L1_ELIGIBILITY,v2026-08-11,2026-03-21..2026-08-06,baccarat_bet02_101_all_pairs_incl_sentinel,round_win = game_pnl > 0 (decisive only),COMPATIBILITY_ONLY_NOT_PRODUCTION,41482.8302,37695.3747,481.4946,2758,2236,-0.01160708,-0.15915119,-0.01126008,-0.01160708,-481.4946,41482.8302,OK,0.0000,19.2598,4.0000,96.0000,AG03-UNRESOLVED,ALL5_LEVELS_bet23_to_bet27,19.2598,19.2598,19.2598,24.0747,24.0747,4.000000,4.000000,4.000000,5.000000,5.000000,96.000000,96.000000,96.000000,95.000000,95.000000,5.0,105.9288,97.0336,375.5658,384.461,PENDING_AG03,FALSE,NOT_FOR_ENFORCEMENT,462.2348,36187.5597,481.4946,462.2348,19.2598,0.01160708,0.01114280,19.2598,462.2348,0.01114280,19.2598,19.2598,19.2598,24.0747,24.0747,462.2348,0.01114280,105.9288,97.0336,375.5658,384.461,0.00905352,0.00926795,0.00046428,15.0409,16.8584,0.2153,11.7438,0.4291,1011.7763,54.5366,10.8148,15.0547,10.2862,13.088,13.088,26.176,34.6568,52.3519,13.088,-5.1891,2.647988,4.0,1.149216,29,158,24,5,0.00234634,0.01160708,0.15915119,0E-8,0.000000,0.908698,0.000000,-0.14789112,2026-04-14,2026-07-10,41,1122,472,88,0.465909,0.718364,0.719024,0.007821,,,,,,,,GLOBAL_BASELINE_NO_ENTITY_RANKING,,,NOT_APPLICABLE_GLOBAL_BASELINE,HF9g-P5,,,,X 全窗基线 · 不参与实体赏罚,8392127,840,A168_HF9F_20260827_0900,2026-08-27 09:00:00
2026-05-07,142615618,948,0,12.9728607753,-12.9728607753,-12.9728607753,0E-7,1,1,0.50665070000000000,0.506650700000,-1.013391052207602,-1.013391052207602,-1.013391052207602,0E-17,ELIGIBLE,R03b_20260811_FULL_v1,L1_ELIGIBILITY,v2026-08-11,2026-03-21..2026-08-06,baccarat_bet02_101_all_pairs_incl_sentinel,round_win = game_pnl > 0 (decisive only),COMPATIBILITY_ONLY_NOT_PRODUCTION,41482.8302,37695.3747,481.4946,2758,2236,-0.01160708,-0.15915119,-0.01126008,-0.01160708,-481.4946,41482.8302,OK,0.0000,19.2598,4.0000,96.0000,AG03-UNRESOLVED,ALL5_LEVELS_bet23_to_bet27,19.2598,19.2598,19.2598,24.0747,24.0747,4.000000,4.000000,4.000000,5.000000,5.000000,96.000000,96.000000,96.000000,95.000000,95.000000,5.0,105.9288,97.0336,375.5658,384.461,PENDING_AG03,FALSE,NOT_FOR_ENFORCEMENT,462.2348,36187.5597,481.4946,462.2348,19.2598,0.01160708,0.01114280,19.2598,462.2348,0.01114280,19.2598,19.2598,19.2598,24.0747,24.0747,462.2348,0.01114280,105.9288,97.0336,375.5658,384.461,0.00905352,0.00926795,0.00046428,15.0409,16.8584,0.2153,11.7438,0.4291,1011.7763,54.5366,10.8148,15.0547,10.2862,13.088,13.088,26.176,34.6568,52.3519,13.088,-5.1891,2.647988,4.0,1.149216,29,158,24,5,0.00234634,0.01160708,0.15915119,0E-8,0.000000,0.908698,0.000000,-0.14789112,2026-04-14,2026-07-10,41,1122,472,88,0.465909,0.718364,0.719024,0.007821,,,,,,,,GLOBAL_BASELINE_NO_ENTITY_RANKING,,,NOT_APPLICABLE_GLOBAL_BASELINE,HF9g-P5,,,,X 全窗基线 · 不参与实体赏罚,8392128,840,A168_HF9F_20260827_0900,2026-08-27 09:00:00
2026-05-07,142615618,986,0,10.3782886203,-10.3782886203,-10.3782886203,0E-7,2,1,0.40363872499900743,0.300626750000,-0.8227003755289575,-0.655630731788307,-0.8227003755289575,0.10301197499900743,ELIGIBLE,R03b_20260811_FULL_v1,L1_ELIGIBILITY,v2026-08-11,2026-03-21..2026-08-06,baccarat_bet02_101_all_pairs_incl_sentinel,round_win = game_pnl > 0 (decisive only),COMPATIBILITY_ONLY_NOT_PRODUCTION,41482.8302,37695.3747,481.4946,2758,2236,-0.01160708,-0.15915119,-0.01126008,-0.01160708,-481.4946,41482.8302,OK,0.0000,19.2598,4.0000,96.0000,AG03-UNRESOLVED,ALL5_LEVELS_bet23_to_bet27,19.2598,19.2598,19.2598,24.0747,24.0747,4.000000,4.000000,4.000000,5.000000,5.000000,96.000000,96.000000,96.000000,95.000000,95.000000,5.0,105.9288,97.0336,375.5658,384.461,PENDING_AG03,FALSE,NOT_FOR_ENFORCEMENT,462.2348,36187.5597,481.4946,462.2348,19.2598,0.01160708,0.01114280,19.2598,462.2348,0.01114280,19.2598,19.2598,19.2598,24.0747,24.0747,462.2348,0.01114280,105.9288,97.0336,375.5658,384.461,0.00905352,0.00926795,0.00046428,15.0409,16.8584,0.2153,11.7438,0.4291,1011.7763,54.5366,10.8148,15.0547,10.2862,13.088,13.088,26.176,34.6568,52.3519,13.088,-5.1891,2.647988,4.0,1.149216,29,158,24,5,0.00234634,0.01160708,0.15915119,0E-8,0.000000,0.908698,0.000000,-0.14789112,2026-04-14,2026-07-10,41,1122,472,88,0.465909,0.718364,0.719024,0.007821,,,,,,,,GLOBAL_BASELINE_NO_ENTITY_RANKING,,,NOT_APPLICABLE_GLOBAL_BASELINE,HF9g-P5,,,,X 全窗基线 · 不参与实体赏罚,8392129,840,A168_HF9F_20260827_0900,2026-08-27 09:00:00
2026-05-08,142615618,-1,1,64.8643038763,-38.9185823257,-38.9185823257,0.5000000,2,2,0.49324550000000000,0.493245500000,0.01910635448239258,0.01910635448239258,0.01910635448239258,0E-17,SENTINEL_DEALER,R03b_20260811_FULL_v1,L1_ELIGIBILITY,v2026-08-11,2026-03-21..2026-08-06,baccarat_bet02_101_all_pairs_incl_sentinel,round_win = game_pnl > 0 (decisive only),COMPATIBILITY_ONLY_NOT_PRODUCTION,41482.8302,37695.3747,481.4946,2758,2236,-0.01160708,-0.15915119,-0.01126008,-0.01160708,-481.4946,41482.8302,OK,0.0000,19.2598,4.0000,96.0000,AG03-UNRESOLVED,ALL5_LEVELS_bet23_to_bet27,19.2598,19.2598,19.2598,24.0747,24.0747,4.000000,4.000000,4.000000,5.000000,5.000000,96.000000,96.000000,96.000000,95.000000,95.000000,5.0,105.9288,97.0336,375.5658,384.461,PENDING_AG03,FALSE,NOT_FOR_ENFORCEMENT,462.2348,36187.5597,481.4946,462.2348,19.2598,0.01160708,0.01114280,19.2598,462.2348,0.01114280,19.2598,19.2598,19.2598,24.0747,24.0747,462.2348,0.01114280,105.9288,97.0336,375.5658,384.461,0.00905352,0.00926795,0.00046428,15.0409,16.8584,0.2153,11.7438,0.4291,1011.7763,54.5366,10.8148,15.0547,10.2862,13.088,13.088,26.176,34.6568,52.3519,13.088,-5.1891,2.647988,4.0,1.149216,29,158,24,5,0.00234634,0.01160708,0.15915119,0E-8,0.000000,0.908698,0.000000,-0.14789112,2026-04-14,2026-07-10,41,1122,472,88,0.465909,0.718364,0.719024,0.007821,,,,,,,,GLOBAL_BASELINE_NO_ENTITY_RANKING,,,NOT_APPLICABLE_GLOBAL_BASELINE,HF9g-P5,,,,X 全窗基线 · 不参与实体赏罚,8392130,840,A168_HF9F_20260827_0900,2026-08-27 09:00:00
2026-05-08,142615618,2224,0,25.9457215506,-25.9457215506,-25.9457215506,0E-7,2,2,0.49324550000000000,0.493245500000,-1.3952362676504506,-1.3952362676504506,-1.3952362676504506,0E-17,ELIGIBLE,R03b_20260811_FULL_v1,L1_ELIGIBILITY,v2026-08-11,2026-03-21..2026-08-06,baccarat_bet02_101_all_pairs_incl_sentinel,round_win = game_pnl > 0 (decisive only),COMPATIBILITY_ONLY_NOT_PRODUCTION,41482.8302,37695.3747,481.4946,2758,2236,-0.01160708,-0.15915119,-0.01126008,-0.01160708,-481.4946,41482.8302,OK,0.0000,19.2598,4.0000,96.0000,AG03-UNRESOLVED,ALL5_LEVELS_bet23_to_bet27,19.2598,19.2598,19.2598,24.0747,24.0747,4.000000,4.000000,4.000000,5.000000,5.000000,96.000000,96.000000,96.000000,95.000000,95.000000,5.0,105.9288,97.0336,375.5658,384.461,PENDING_AG03,FALSE,NOT_FOR_ENFORCEMENT,462.2348,36187.5597,481.4946,462.2348,19.2598,0.01160708,0.01114280,19.2598,462.2348,0.01114280,19.2598,19.2598,19.2598,24.0747,24.0747,462.2348,0.01114280,105.9288,97.0336,375.5658,384.461,0.00905352,0.00926795,0.00046428,15.0409,16.8584,0.2153,11.7438,0.4291,1011.7763,54.5366,10.8148,15.0547,10.2862,13.088,13.088,26.176,34.6568,52.3519,13.088,-5.1891,2.647988,4.0,1.149216,29,158,24,5,0.00234634,0.01160708,0.15915119,0E-8,0.000000,0.908698,0.000000,-0.14789112,2026-04-14,2026-07-10,41,1122,472,88,0.465909,0.718364,0.719024,0.007821,,,,,,,,GLOBAL_BASELINE_NO_ENTITY_RANKING,,,NOT_APPLICABLE_GLOBAL_BASELINE,HF9g-P5,,,,X 全窗基线 · 不参与实体赏罚,8392131,840,A168_HF9F_20260827_0900,2026-08-27 09:00:00
2026-05-08,142615618,2252,0,12.9728607753,-12.9728607753,-12.9728607753,0E-7,1,1,0.50665070000000000,0.506650700000,-1.013391052207602,-1.013391052207602,-1.013391052207602,0E-17,ELIGIBLE,R03b_20260811_FULL_v1,L1_ELIGIBILITY,v2026-08-11,2026-03-21..2026-08-06,baccarat_bet02_101_all_pairs_incl_sentinel,round_win = game_pnl > 0 (decisive only),COMPATIBILITY_ONLY_NOT_PRODUCTION,41482.8302,37695.3747,481.4946,2758,2236,-0.01160708,-0.15915119,-0.01126008,-0.01160708,-481.4946,41482.8302,OK,0.0000,19.2598,4.0000,96.0000,AG03-UNRESOLVED,ALL5_LEVELS_bet23_to_bet27,19.2598,19.2598,19.2598,24.0747,24.0747,4.000000,4.000000,4.000000,5.000000,5.000000,96.000000,96.000000,96.000000,95.000000,95.000000,5.0,105.9288,97.0336,375.5658,384.461,PENDING_AG03,FALSE,NOT_FOR_ENFORCEMENT,462.2348,36187.5597,481.4946,462.2348,19.2598,0.01160708,0.01114280,19.2598,462.2348,0.01114280,19.2598,19.2598,19.2598,24.0747,24.0747,462.2348,0.01114280,105.9288,97.0336,375.5658,384.461,0.00905352,0.00926795,0.00046428,15.0409,16.8584,0.2153,11.7438,0.4291,1011.7763,54.5366,10.8148,15.0547,10.2862,13.088,13.088,26.176,34.6568,52.3519,13.088,-5.1891,2.647988,4.0,1.149216,29,158,24,5,0.00234634,0.01160708,0.15915119,0E-8,0.000000,0.908698,0.000000,-0.14789112,2026-04-14,2026-07-10,41,1122,472,88,0.465909,0.718364,0.719024,0.007821,,,,,,,,GLOBAL_BASELINE_NO_ENTITY_RANKING,,,NOT_APPLICABLE_GLOBAL_BASELINE,HF9g-P5,,,,X 全窗基线 · 不参与实体赏罚,8392132,840,A168_HF9F_20260827_0900,2026-08-27 09:00:00
2026-05-08,142615618,986,0,10.3782886202,-0.2594572155,-0.2594572155,0E-7,2,1,0.30062675000000000,0.300626750000,-0.6556307317883069,-0.655630731788307,-0.6556307317883069,0E-17,ELIGIBLE,R03b_20260811_FULL_v1,L1_ELIGIBILITY,v2026-08-11,2026-03-21..2026-08-06,baccarat_bet02_101_all_pairs_incl_sentinel,round_win = game_pnl > 0 (decisive only),COMPATIBILITY_ONLY_NOT_PRODUCTION,41482.8302,37695.3747,481.4946,2758,2236,-0.01160708,-0.15915119,-0.01126008,-0.01160708,-481.4946,41482.8302,OK,0.0000,19.2598,4.0000,96.0000,AG03-UNRESOLVED,ALL5_LEVELS_bet23_to_bet27,19.2598,19.2598,19.2598,24.0747,24.0747,4.000000,4.000000,4.000000,5.000000,5.000000,96.000000,96.000000,96.000000,95.000000,95.000000,5.0,105.9288,97.0336,375.5658,384.461,PENDING_AG03,FALSE,NOT_FOR_ENFORCEMENT,462.2348,36187.5597,481.4946,462.2348,19.2598,0.01160708,0.01114280,19.2598,462.2348,0.01114280,19.2598,19.2598,19.2598,24.0747,24.0747,462.2348,0.01114280,105.9288,97.0336,375.5658,384.461,0.00905352,0.00926795,0.00046428,15.0409,16.8584,0.2153,11.7438,0.4291,1011.7763,54.5366,10.8148,15.0547,10.2862,13.088,13.088,26.176,34.6568,52.3519,13.088,-5.1891,2.647988,4.0,1.149216,29,158,24,5,0.00234634,0.01160708,0.15915119,0E-8,0.000000,0.908698,0.000000,-0.14789112,2026-04-14,2026-07-10,41,1122,472,88,0.465909,0.718364,0.719024,0.007821,,,,,,,,GLOBAL_BASELINE_NO_ENTITY_RANKING,,,NOT_APPLICABLE_GLOBAL_BASELINE,HF9g-P5,,,,X 全窗基线 · 不参与实体赏罚,8392133,840,A168_HF9F_20260827_0900,2026-08-27 09:00:00
2026-05-09,142615618,-1,1,39.4374967568,-39.4374967568,-39.4374967568,0E-7,1,1,0.50665070000000000,0.506650700000,-1.013391052207602,-1.013391052207602,-1.013391052207602,0E-17,SENTINEL_DEALER,R03b_20260811_FULL_v1,L1_ELIGIBILITY,v2026-08-11,2026-03-21..2026-08-06,baccarat_bet02_101_all_pairs_incl_sentinel,round_win = game_pnl > 0 (decisive only),COMPATIBILITY_ONLY_NOT_PRODUCTION,41482.8302,37695.3747,481.4946,2758,2236,-0.01160708,-0.15915119,-0.01126008,-0.01160708,-481.4946,41482.8302,OK,0.0000,19.2598,4.0000,96.0000,AG03-UNRESOLVED,ALL5_LEVELS_bet23_to_bet27,19.2598,19.2598,19.2598,24.0747,24.0747,4.000000,4.000000,4.000000,5.000000,5.000000,96.000000,96.000000,96.000000,95.000000,95.000000,5.0,105.9288,97.0336,375.5658,384.461,PENDING_AG03,FALSE,NOT_FOR_ENFORCEMENT,462.2348,36187.5597,481.4946,462.2348,19.2598,0.01160708,0.01114280,19.2598,462.2348,0.01114280,19.2598,19.2598,19.2598,24.0747,24.0747,462.2348,0.01114280,105.9288,97.0336,375.5658,384.461,0.00905352,0.00926795,0.00046428,15.0409,16.8584,0.2153,11.7438,0.4291,1011.7763,54.5366,10.8148,15.0547,10.2862,13.088,13.088,26.176,34.6568,52.3519,13.088,-5.1891,2.647988,4.0,1.149216,29,158,24,5,0.00234634,0.01160708,0.15915119,0E-8,0.000000,0.908698,0.000000,-0.14789112,2026-04-14,2026-07-10,41,1122,472,88,0.465909,0.718364,0.719024,0.007821,,,,,,,,GLOBAL_BASELINE_NO_ENTITY_RANKING,,,NOT_APPLICABLE_GLOBAL_BASELINE,HF9g-P5,,,,X 全窗基线 · 不参与实体赏罚,8392134,840,A168_HF9F_20260827_0900,2026-08-27 09:00:00
2026-05-10,142615618,-1,1,25.9457215506,-25.9457215506,-25.9457215506,0E-7,2,2,0.50665070000000000,0.506650700000,-1.4331513700195317,-1.4331513700195317,-1.4331513700195317,0E-17,SENTINEL_DEALER,R03b_20260811_FULL_v1,L1_ELIGIBILITY,v2026-08-11,2026-03-21..2026-08-06,baccarat_bet02_101_all_pairs_incl_sentinel,round_win = game_pnl > 0 (decisive only),COMPATIBILITY_ONLY_NOT_PRODUCTION,41482.8302,37695.3747,481.4946,2758,2236,-0.01160708,-0.15915119,-0.01126008,-0.01160708,-481.4946,41482.8302,OK,0.0000,19.2598,4.0000,96.0000,AG03-UNRESOLVED,ALL5_LEVELS_bet23_to_bet27,19.2598,19.2598,19.2598,24.0747,24.0747,4.000000,4.000000,4.000000,5.000000,5.000000,96.000000,96.000000,96.000000,95.000000,95.000000,5.0,105.9288,97.0336,375.5658,384.461,PENDING_AG03,FALSE,NOT_FOR_ENFORCEMENT,462.2348,36187.5597,481.4946,462.2348,19.2598,0.01160708,0.01114280,19.2598,462.2348,0.01114280,19.2598,19.2598,19.2598,24.0747,24.0747,462.2348,0.01114280,105.9288,97.0336,375.5658,384.461,0.00905352,0.00926795,0.00046428,15.0409,16.8584,0.2153,11.7438,0.4291,1011.7763,54.5366,10.8148,15.0547,10.2862,13.088,13.088,26.176,34.6568,52.3519,13.088,-5.1891,2.647988,4.0,1.149216,29,158,24,5,0.00234634,0.01160708,0.15915119,0E-8,0.000000,0.908698,0.000000,-0.14789112,2026-04-14,2026-07-10,41,1122,472,88,0.465909,0.718364,0.719024,0.007821,,,,,,,,GLOBAL_BASELINE_NO_ENTITY_RANKING,,,NOT_APPLICABLE_GLOBAL_BASELINE,HF9g-P5,,,,X 全窗基线 · 不参与实体赏罚,8392135,840,A168_HF9F_20260827_0900,2026-08-27 09:00:00
2026-05-10,142615618,1396,0,12.9728607753,12.3242177365,12.3242177365,1.0000000,1,1,0.50665070000000000,0.506650700000,0.9867858985152569,0.9867858985152569,0.9867858985152569,0E-17,ELIGIBLE,R03b_20260811_FULL_v1,L1_ELIGIBILITY,v2026-08-11,2026-03-21..2026-08-06,baccarat_bet02_101_all_pairs_incl_sentinel,round_win = game_pnl > 0 (decisive only),COMPATIBILITY_ONLY_NOT_PRODUCTION,41482.8302,37695.3747,481.4946,2758,2236,-0.01160708,-0.15915119,-0.01126008,-0.01160708,-481.4946,41482.8302,OK,0.0000,19.2598,4.0000,96.0000,AG03-UNRESOLVED,ALL5_LEVELS_bet23_to_bet27,19.2598,19.2598,19.2598,24.0747,24.0747,4.000000,4.000000,4.000000,5.000000,5.000000,96.000000,96.000000,96.000000,95.000000,95.000000,5.0,105.9288,97.0336,375.5658,384.461,PENDING_AG03,FALSE,NOT_FOR_ENFORCEMENT,462.2348,36187.5597,481.4946,462.2348,19.2598,0.01160708,0.01114280,19.2598,462.2348,0.01114280,19.2598,19.2598,19.2598,24.0747,24.0747,462.2348,0.01114280,105.9288,97.0336,375.5658,384.461,0.00905352,0.00926795,0.00046428,15.0409,16.8584,0.2153,11.7438,0.4291,1011.7763,54.5366,10.8148,15.0547,10.2862,13.088,13.088,26.176,34.6568,52.3519,13.088,-5.1891,2.647988,4.0,1.149216,29,158,24,5,0.00234634,0.01160708,0.15915119,0E-8,0.000000,0.908698,0.000000,-0.14789112,2026-04-14,2026-07-10,41,1122,472,88,0.465909,0.718364,0.719024,0.007821,,,,,,,,GLOBAL_BASELINE_NO_ENTITY_RANKING,,,NOT_APPLICABLE_GLOBAL_BASELINE,HF9g-P5,,,,X 全窗基线 · 不参与实体赏罚,8392136,840,A168_HF9F_20260827_0900,2026-08-27 09:00:00
2026-05-10,142615618,1490,0,12.9728607753,12.9728607753,12.9728607753,1.0000000,1,1,0.49324550000000000,0.493245500000,1.01360149184955,1.01360149184955,1.01360149184955,0E-17,ELIGIBLE,R03b_20260811_FULL_v1,L1_ELIGIBILITY,v2026-08-11,2026-03-21..2026-08-06,baccarat_bet02_101_all_pairs_incl_sentinel,round_win = game_pnl > 0 (decisive only),COMPATIBILITY_ONLY_NOT_PRODUCTION,41482.8302,37695.3747,481.4946,2758,2236,-0.01160708,-0.15915119,-0.01126008,-0.01160708,-481.4946,41482.8302,OK,0.0000,19.2598,4.0000,96.0000,AG03-UNRESOLVED,ALL5_LEVELS_bet23_to_bet27,19.2598,19.2598,19.2598,24.0747,24.0747,4.000000,4.000000,4.000000,5.000000,5.000000,96.000000,96.000000,96.000000,95.000000,95.000000,5.0,105.9288,97.0336,375.5658,384.461,PENDING_AG03,FALSE,NOT_FOR_ENFORCEMENT,462.2348,36187.5597,481.4946,462.2348,19.2598,0.01160708,0.01114280,19.2598,462.2348,0.01114280,19.2598,19.2598,19.2598,24.0747,24.0747,462.2348,0.01114280,105.9288,97.0336,375.5658,384.461,0.00905352,0.00926795,0.00046428,15.0409,16.8584,0.2153,11.7438,0.4291,1011.7763,54.5366,10.8148,15.0547,10.2862,13.088,13.088,26.176,34.6568,52.3519,13.088,-5.1891,2.647988,4.0,1.149216,29,158,24,5,0.00234634,0.01160708,0.15915119,0E-8,0.000000,0.908698,0.000000,-0.14789112,2026-04-14,2026-07-10,41,1122,472,88,0.465909,0.718364,0.719024,0.007821,,,,,,,,GLOBAL_BASELINE_NO_ENTITY_RANKING,,,NOT_APPLICABLE_GLOBAL_BASELINE,HF9g-P5,,,,X 全窗基线 · 不参与实体赏罚,8392137,840,A168_HF9F_20260827_0900,2026-08-27 09:00:00
2026-05-10,142615618,2209,0,7.7837164652,2.3351149395,2.3351149395,1.0000000,2,1,0.36930139999823543,0.300626750000,1.3068340946098658,1.5252488199758223,1.3068340946098658,0.06867464999823543,ELIGIBLE,R03b_20260811_FULL_v1,L1_ELIGIBILITY,v2026-08-11,2026-03-21..2026-08-06,baccarat_bet02_101_all_pairs_incl_sentinel,round_win = game_pnl > 0 (decisive only),COMPATIBILITY_ONLY_NOT_PRODUCTION,41482.8302,37695.3747,481.4946,2758,2236,-0.01160708,-0.15915119,-0.01126008,-0.01160708,-481.4946,41482.8302,OK,0.0000,19.2598,4.0000,96.0000,AG03-UNRESOLVED,ALL5_LEVELS_bet23_to_bet27,19.2598,19.2598,19.2598,24.0747,24.0747,4.000000,4.000000,4.000000,5.000000,5.000000,96.000000,96.000000,96.000000,95.000000,95.000000,5.0,105.9288,97.0336,375.5658,384.461,PENDING_AG03,FALSE,NOT_FOR_ENFORCEMENT,462.2348,36187.5597,481.4946,462.2348,19.2598,0.01160708,0.01114280,19.2598,462.2348,0.01114280,19.2598,19.2598,19.2598,24.0747,24.0747,462.2348,0.01114280,105.9288,97.0336,375.5658,384.461,0.00905352,0.00926795,0.00046428,15.0409,16.8584,0.2153,11.7438,0.4291,1011.7763,54.5366,10.8148,15.0547,10.2862,13.088,13.088,26.176,34.6568,52.3519,13.088,-5.1891,2.647988,4.0,1.149216,29,158,24,5,0.00234634,0.01160708,0.15915119,0E-8,0.000000,0.908698,0.000000,-0.14789112,2026-04-14,2026-07-10,41,1122,472,88,0.465909,0.718364,0.719024,0.007821,,,,,,,,GLOBAL_BASELINE_NO_ENTITY_RANKING,,,NOT_APPLICABLE_GLOBAL_BASELINE,HF9g-P5,,,,X 全窗基线 · 不参与实体赏罚,8392138,840,A168_HF9F_20260827_0900,2026-08-27 09:00:00
2026-05-10,142615618,2242,0,18.1620050854,-18.1620050854,-18.1620050854,0E-7,2,1,0.38892272857175268,0.300626750000,-0.7977808304445768,-0.655630731788307,-0.7977808304445768,0.08829597857175268,ELIGIBLE,R03b_20260811_FULL_v1,L1_ELIGIBILITY,v2026-08-11,2026-03-21..2026-08-06,baccarat_bet02_101_all_pairs_incl_sentinel,round_win = game_pnl > 0 (decisive only),COMPATIBILITY_ONLY_NOT_PRODUCTION,41482.8302,37695.3747,481.4946,2758,2236,-0.01160708,-0.15915119,-0.01126008,-0.01160708,-481.4946,41482.8302,OK,0.0000,19.2598,4.0000,96.0000,AG03-UNRESOLVED,ALL5_LEVELS_bet23_to_bet27,19.2598,19.2598,19.2598,24.0747,24.0747,4.000000,4.000000,4.000000,5.000000,5.000000,96.000000,96.000000,96.000000,95.000000,95.000000,5.0,105.9288,97.0336,375.5658,384.461,PENDING_AG03,FALSE,NOT_FOR_ENFORCEMENT,462.2348,36187.5597,481.4946,462.2348,19.2598,0.01160708,0.01114280,19.2598,462.2348,0.01114280,19.2598,19.2598,19.2598,24.0747,24.0747,462.2348,0.01114280,105.9288,97.0336,375.5658,384.461,0.00905352,0.00926795,0.00046428,15.0409,16.8584,0.2153,11.7438,0.4291,1011.7763,54.5366,10.8148,15.0547,10.2862,13.088,13.088,26.176,34.6568,52.3519,13.088,-5.1891,2.647988,4.0,1.149216,29,158,24,5,0.00234634,0.01160708,0.15915119,0E-8,0.000000,0.908698,0.000000,-0.14789112,2026-04-14,2026-07-10,41,1122,472,88,0.465909,0.718364,0.719024,0.007821,,,,,,,,GLOBAL_BASELINE_NO_ENTITY_RANKING,,,NOT_APPLICABLE_GLOBAL_BASELINE,HF9g-P5,,,,X 全窗基线 · 不参与实体赏罚,8392139,840,A168_HF9F_20260827_0900,2026-08-27 09:00:00
2026-05-11,142615618,1750,0,9.5999169737,-9.5999169737,-9.5999169737,0E-7,1,1,0.49324550000000000,0.493245500000,-0.9865810262130424,-0.9865810262130424,-0.9865810262130424,0E-17,ELIGIBLE,R03b_20260811_FULL_v1,L1_ELIGIBILITY,v2026-08-11,2026-03-21..2026-08-06,baccarat_bet02_101_all_pairs_incl_sentinel,round_win = game_pnl > 0 (decisive only),COMPATIBILITY_ONLY_NOT_PRODUCTION,41482.8302,37695.3747,481.4946,2758,2236,-0.01160708,-0.15915119,-0.01126008,-0.01160708,-481.4946,41482.8302,OK,0.0000,19.2598,4.0000,96.0000,AG03-UNRESOLVED,ALL5_LEVELS_bet23_to_bet27,19.2598,19.2598,19.2598,24.0747,24.0747,4.000000,4.000000,4.000000,5.000000,5.000000,96.000000,96.000000,96.000000,95.000000,95.000000,5.0,105.9288,97.0336,375.5658,384.461,PENDING_AG03,FALSE,NOT_FOR_ENFORCEMENT,462.2348,36187.5597,481.4946,462.2348,19.2598,0.01160708,0.01114280,19.2598,462.2348,0.01114280,19.2598,19.2598,19.2598,24.0747,24.0747,462.2348,0.01114280,105.9288,97.0336,375.5658,384.461,0.00905352,0.00926795,0.00046428,15.0409,16.8584,0.2153,11.7438,0.4291,1011.7763,54.5366,10.8148,15.0547,10.2862,13.088,13.088,26.176,34.6568,52.3519,13.088,-5.1891,2.647988,4.0,1.149216,29,158,24,5,0.00234634,0.01160708,0.15915119,0E-8,0.000000,0.908698,0.000000,-0.14789112,2026-04-14,2026-07-10,41,1122,472,88,0.465909,0.718364,0.719024,0.007821,,,,,,,,GLOBAL_BASELINE_NO_ENTITY_RANKING,,,NOT_APPLICABLE_GLOBAL_BASELINE,HF9g-P5,,,,X 全窗基线 · 不参与实体赏罚,8392140,840,A168_HF9F_20260827_0900,2026-08-27 09:00:00
2026-05-12,142615618,-1,1,346.1159254844,-33.9888952314,-33.9888952314,0.3913043,30,23,0.41503279813672871,0.404911915217,-0.2309544455294546,-0.13294545848620132,-0.2309544455294546,0.01012088291972871,SENTINEL_DEALER,R03b_20260811_FULL_v1,L1_ELIGIBILITY,v2026-08-11,2026-03-21..2026-08-06,baccarat_bet02_101_all_pairs_incl_sentinel,round_win = game_pnl > 0 (decisive only),COMPATIBILITY_ONLY_NOT_PRODUCTION,41482.8302,37695.3747,481.4946,2758,2236,-0.01160708,-0.15915119,-0.01126008,-0.01160708,-481.4946,41482.8302,OK,0.0000,19.2598,4.0000,96.0000,AG03-UNRESOLVED,ALL5_LEVELS_bet23_to_bet27,19.2598,19.2598,19.2598,24.0747,24.0747,4.000000,4.000000,4.000000,5.000000,5.000000,96.000000,96.000000,96.000000,95.000000,95.000000,5.0,105.9288,97.0336,375.5658,384.461,PENDING_AG03,FALSE,NOT_FOR_ENFORCEMENT,462.2348,36187.5597,481.4946,462.2348,19.2598,0.01160708,0.01114280,19.2598,462.2348,0.01114280,19.2598,19.2598,19.2598,24.0747,24.0747,462.2348,0.01114280,105.9288,97.0336,375.5658,384.461,0.00905352,0.00926795,0.00046428,15.0409,16.8584,0.2153,11.7438,0.4291,1011.7763,54.5366,10.8148,15.0547,10.2862,13.088,13.088,26.176,34.6568,52.3519,13.088,-5.1891,2.647988,4.0,1.149216,29,158,24,5,0.00234634,0.01160708,0.15915119,0E-8,0.000000,0.908698,0.000000,-0.14789112,2026-04-14,2026-07-10,41,1122,472,88,0.465909,0.718364,0.719024,0.007821,,,,,,,,GLOBAL_BASELINE_NO_ENTITY_RANKING,,,NOT_APPLICABLE_GLOBAL_BASELINE,HF9g-P5,,,,X 全窗基线 · 不参与实体赏罚,8392141,840,A168_HF9F_20260827_0900,2026-08-27 09:00:00
2026-05-12,142615618,1017,0,12.9728607753,12.9728607753,12.9728607753,1.0000000,1,1,0.49324550000000000,0.493245500000,1.01360149184955,1.01360149184955,1.01360149184955,0E-17,ELIGIBLE,R03b_20260811_FULL_v1,L1_ELIGIBILITY,v2026-08-11,2026-03-21..2026-08-06,baccarat_bet02_101_all_pairs_incl_sentinel,round_win = game_pnl > 0 (decisive only),COMPATIBILITY_ONLY_NOT_PRODUCTION,41482.8302,37695.3747,481.4946,2758,2236,-0.01160708,-0.15915119,-0.01126008,-0.01160708,-481.4946,41482.8302,OK,0.0000,19.2598,4.0000,96.0000,AG03-UNRESOLVED,ALL5_LEVELS_bet23_to_bet27,19.2598,19.2598,19.2598,24.0747,24.0747,4.000000,4.000000,4.000000,5.000000,5.000000,96.000000,96.000000,96.000000,95.000000,95.000000,5.0,105.9288,97.0336,375.5658,384.461,PENDING_AG03,FALSE,NOT_FOR_ENFORCEMENT,462.2348,36187.5597,481.4946,462.2348,19.2598,0.01160708,0.01114280,19.2598,462.2348,0.01114280,19.2598,19.2598,19.2598,24.0747,24.0747,462.2348,0.01114280,105.9288,97.0336,375.5658,384.461,0.00905352,0.00926795,0.00046428,15.0409,16.8584,0.2153,11.7438,0.4291,1011.7763,54.5366,10.8148,15.0547,10.2862,13.088,13.088,26.176,34.6568,52.3519,13.088,-5.1891,2.647988,4.0,1.149216,29,158,24,5,0.00234634,0.01160708,0.15915119,0E-8,0.000000,0.908698,0.000000,-0.14789112,2026-04-14,2026-07-10,41,1122,472,88,0.465909,0.718364,0.719024,0.007821,,,,,,,,GLOBAL_BASELINE_NO_ENTITY_RANKING,,,NOT_APPLICABLE_GLOBAL_BASELINE,HF9g-P5,,,,X 全窗基线 · 不参与实体赏罚,8392142,840,A168_HF9F_20260827_0900,2026-08-27 09:00:00
2026-05-12,142615618,1304,0,51.1130714546,36.2332001453,36.2332001453,1.0000000,2,2,0.50665070000000000,0.506650700000,0.9867858985152569,0.9867858985152569,0.9867858985152569,0E-17,ELIGIBLE,R03b_20260811_FULL_v1,L1_ELIGIBILITY,v2026-08-11,2026-03-21..2026-08-06,baccarat_bet02_101_all_pairs_incl_sentinel,round_win = game_pnl > 0 (decisive only),COMPATIBILITY_ONLY_NOT_PRODUCTION,41482.8302,37695.3747,481.4946,2758,2236,-0.01160708,-0.15915119,-0.01126008,-0.01160708,-481.4946,41482.8302,OK,0.0000,19.2598,4.0000,96.0000,AG03-UNRESOLVED,ALL5_LEVELS_bet23_to_bet27,19.2598,19.2598,19.2598,24.0747,24.0747,4.000000,4.000000,4.000000,5.000000,5.000000,96.000000,96.000000,96.000000,95.000000,95.000000,5.0,105.9288,97.0336,375.5658,384.461,PENDING_AG03,FALSE,NOT_FOR_ENFORCEMENT,462.2348,36187.5597,481.4946,462.2348,19.2598,0.01160708,0.01114280,19.2598,462.2348,0.01114280,19.2598,19.2598,19.2598,24.0747,24.0747,462.2348,0.01114280,105.9288,97.0336,375.5658,384.461,0.00905352,0.00926795,0.00046428,15.0409,16.8584,0.2153,11.7438,0.4291,1011.7763,54.5366,10.8148,15.0547,10.2862,13.088,13.088,26.176,34.6568,52.3519,13.088,-5.1891,2.647988,4.0,1.149216,29,158,24,5,0.00234634,0.01160708,0.15915119,0E-8,0.000000,0.908698,0.000000,-0.14789112,2026-04-14,2026-07-10,41,1122,472,88,0.465909,0.718364,0.719024,0.007821,,,,,,,,GLOBAL_BASELINE_NO_ENTITY_RANKING,,,NOT_APPLICABLE_GLOBAL_BASELINE,HF9g-P5,,,,X 全窗基线 · 不参与实体赏罚,8392143,840,A168_HF9F_20260827_0900,2026-08-27 09:00:00
2026-05-12,142615618,1306,0,36.3240101708,-11.0269316590,-11.0269316590,0.5000000,4,2,0.38892272857175268,0.300626750000,0.32222592078524676,0.6149128471998733,0.32222592078524676,0.08829597857175268,ELIGIBLE,R03b_20260811_FULL_v1,L1_ELIGIBILITY,v2026-08-11,2026-03-21..2026-08-06,baccarat_bet02_101_all_pairs_incl_sentinel,round_win = game_pnl > 0 (decisive only),COMPATIBILITY_ONLY_NOT_PRODUCTION,41482.8302,37695.3747,481.4946,2758,2236,-0.01160708,-0.15915119,-0.01126008,-0.01160708,-481.4946,41482.8302,OK,0.0000,19.2598,4.0000,96.0000,AG03-UNRESOLVED,ALL5_LEVELS_bet23_to_bet27,19.2598,19.2598,19.2598,24.0747,24.0747,4.000000,4.000000,4.000000,5.000000,5.000000,96.000000,96.000000,96.000000,95.000000,95.000000,5.0,105.9288,97.0336,375.5658,384.461,PENDING_AG03,FALSE,NOT_FOR_ENFORCEMENT,462.2348,36187.5597,481.4946,462.2348,19.2598,0.01160708,0.01114280,19.2598,462.2348,0.01114280,19.2598,19.2598,19.2598,24.0747,24.0747,462.2348,0.01114280,105.9288,97.0336,375.5658,384.461,0.00905352,0.00926795,0.00046428,15.0409,16.8584,0.2153,11.7438,0.4291,1011.7763,54.5366,10.8148,15.0547,10.2862,13.088,13.088,26.176,34.6568,52.3519,13.088,-5.1891,2.647988,4.0,1.149216,29,158,24,5,0.00234634,0.01160708,0.15915119,0E-8,0.000000,0.908698,0.000000,-0.14789112,2026-04-14,2026-07-10,41,1122,472,88,0.465909,0.718364,0.719024,0.007821,,,,,,,,GLOBAL_BASELINE_NO_ENTITY_RANKING,,,NOT_APPLICABLE_GLOBAL_BASELINE,HF9g-P5,,,,X 全窗基线 · 不参与实体赏罚,8392144,840,A168_HF9F_20260827_0900,2026-08-27 09:00:00
2026-05-12,142615618,1353,0,11.4161174822,-11.4161174822,-11.4161174822,0E-7,1,1,0.50665070000000000,0.506650700000,-1.013391052207602,-1.013391052207602,-1.013391052207602,0E-17,ELIGIBLE,R03b_20260811_FULL_v1,L1_ELIGIBILITY,v2026-08-11,2026-03-21..2026-08-06,baccarat_bet02_101_all_pairs_incl_sentinel,round_win = game_pnl > 0 (decisive only),COMPATIBILITY_ONLY_NOT_PRODUCTION,41482.8302,37695.3747,481.4946,2758,2236,-0.01160708,-0.15915119,-0.01126008,-0.01160708,-481.4946,41482.8302,OK,0.0000,19.2598,4.0000,96.0000,AG03-UNRESOLVED,ALL5_LEVELS_bet23_to_bet27,19.2598,19.2598,19.2598,24.0747,24.0747,4.000000,4.000000,4.000000,5.000000,5.000000,96.000000,96.000000,96.000000,95.000000,95.000000,5.0,105.9288,97.0336,375.5658,384.461,PENDING_AG03,FALSE,NOT_FOR_ENFORCEMENT,462.2348,36187.5597,481.4946,462.2348,19.2598,0.01160708,0.01114280,19.2598,462.2348,0.01114280,19.2598,19.2598,19.2598,24.0747,24.0747,462.2348,0.01114280,105.9288,97.0336,375.5658,384.461,0.00905352,0.00926795,0.00046428,15.0409,16.8584,0.2153,11.7438,0.4291,1011.7763,54.5366,10.8148,15.0547,10.2862,13.088,13.088,26.176,34.6568,52.3519,13.088,-5.1891,2.647988,4.0,1.149216,29,158,24,5,0.00234634,0.01160708,0.15915119,0E-8,0.000000,0.908698,0.000000,-0.14789112,2026-04-14,2026-07-10,41,1122,472,88,0.465909,0.718364,0.719024,0.007821,,,,,,,,GLOBAL_BASELINE_NO_ENTITY_RANKING,,,NOT_APPLICABLE_GLOBAL_BASELINE,HF9g-P5,,,,X 全窗基线 · 不参与实体赏罚,8392145,840,A168_HF9F_20260827_0900,2026-08-27 09:00:00
2026-05-12,142615618,1505,0,12.9728607753,-12.9728607753,-12.9728607753,0E-7,1,1,0.49324550000000000,0.493245500000,-0.9865810262130424,-0.9865810262130424,-0.9865810262130424,0E-17,ELIGIBLE,R03b_20260811_FULL_v1,L1_ELIGIBILITY,v2026-08-11,2026-03-21..2026-08-06,baccarat_bet02_101_all_pairs_incl_sentinel,round_win = game_pnl > 0 (decisive only),COMPATIBILITY_ONLY_NOT_PRODUCTION,41482.8302,37695.3747,481.4946,2758,2236,-0.01160708,-0.15915119,-0.01126008,-0.01160708,-481.4946,41482.8302,OK,0.0000,19.2598,4.0000,96.0000,AG03-UNRESOLVED,ALL5_LEVELS_bet23_to_bet27,19.2598,19.2598,19.2598,24.0747,24.0747,4.000000,4.000000,4.000000,5.000000,5.000000,96.000000,96.000000,96.000000,95.000000,95.000000,5.0,105.9288,97.0336,375.5658,384.461,PENDING_AG03,FALSE,NOT_FOR_ENFORCEMENT,462.2348,36187.5597,481.4946,462.2348,19.2598,0.01160708,0.01114280,19.2598,462.2348,0.01114280,19.2598,19.2598,19.2598,24.0747,24.0747,462.2348,0.01114280,105.9288,97.0336,375.5658,384.461,0.00905352,0.00926795,0.00046428,15.0409,16.8584,0.2153,11.7438,0.4291,1011.7763,54.5366,10.8148,15.0547,10.2862,13.088,13.088,26.176,34.6568,52.3519,13.088,-5.1891,2.647988,4.0,1.149216,29,158,24,5,0.00234634,0.01160708,0.15915119,0E-8,0.000000,0.908698,0.000000,-0.14789112,2026-04-14,2026-07-10,41,1122,472,88,0.465909,0.718364,0.719024,0.007821,,,,,,,,GLOBAL_BASELINE_NO_ENTITY_RANKING,,,NOT_APPLICABLE_GLOBAL_BASELINE,HF9g-P5,,,,X 全窗基线 · 不参与实体赏罚,8392146,840,A168_HF9F_20260827_0900,2026-08-27 09:00:00
2026-05-12,142615618,1935,0,20.7565772404,10.3782886202,10.3782886202,1.0000000,2,1,0.39358482500000000,0.293924150000,1.2412688522058144,1.549915577879723,1.2412688522058144,0.09966067500000000,ELIGIBLE,R03b_20260811_FULL_v1,L1_ELIGIBILITY,v2026-08-11,2026-03-21..2026-08-06,baccarat_bet02_101_all_pairs_incl_sentinel,round_win = game_pnl > 0 (decisive only),COMPATIBILITY_ONLY_NOT_PRODUCTION,41482.8302,37695.3747,481.4946,2758,2236,-0.01160708,-0.15915119,-0.01126008,-0.01160708,-481.4946,41482.8302,OK,0.0000,19.2598,4.0000,96.0000,AG03-UNRESOLVED,ALL5_LEVELS_bet23_to_bet27,19.2598,19.2598,19.2598,24.0747,24.0747,4.000000,4.000000,4.000000,5.000000,5.000000,96.000000,96.000000,96.000000,95.000000,95.000000,5.0,105.9288,97.0336,375.5658,384.461,PENDING_AG03,FALSE,NOT_FOR_ENFORCEMENT,462.2348,36187.5597,481.4946,462.2348,19.2598,0.01160708,0.01114280,19.2598,462.2348,0.01114280,19.2598,19.2598,19.2598,24.0747,24.0747,462.2348,0.01114280,105.9288,97.0336,375.5658,384.461,0.00905352,0.00926795,0.00046428,15.0409,16.8584,0.2153,11.7438,0.4291,1011.7763,54.5366,10.8148,15.0547,10.2862,13.088,13.088,26.176,34.6568,52.3519,13.088,-5.1891,2.647988,4.0,1.149216,29,158,24,5,0.00234634,0.01160708,0.15915119,0E-8,0.000000,0.908698,0.000000,-0.14789112,2026-04-14,2026-07-10,41,1122,472,88,0.465909,0.718364,0.719024,0.007821,,,,,,,,GLOBAL_BASELINE_NO_ENTITY_RANKING,,,NOT_APPLICABLE_GLOBAL_BASELINE,HF9g-P5,,,,X 全窗基线 · 不参与实体赏罚,8392147,840,A168_HF9F_20260827_0900,2026-08-27 09:00:00
2026-05-12,142615618,2115,0,12.9728607753,-12.9728607753,-12.9728607753,0E-7,1,1,0.49324550000000000,0.493245500000,-0.9865810262130424,-0.9865810262130424,-0.9865810262130424,0E-17,ELIGIBLE,R03b_20260811_FULL_v1,L1_ELIGIBILITY,v2026-08-11,2026-03-21..2026-08-06,baccarat_bet02_101_all_pairs_incl_sentinel,round_win = game_pnl > 0 (decisive only),COMPATIBILITY_ONLY_NOT_PRODUCTION,41482.8302,37695.3747,481.4946,2758,2236,-0.01160708,-0.15915119,-0.01126008,-0.01160708,-481.4946,41482.8302,OK,0.0000,19.2598,4.0000,96.0000,AG03-UNRESOLVED,ALL5_LEVELS_bet23_to_bet27,19.2598,19.2598,19.2598,24.0747,24.0747,4.000000,4.000000,4.000000,5.000000,5.000000,96.000000,96.000000,96.000000,95.000000,95.000000,5.0,105.9288,97.0336,375.5658,384.461,PENDING_AG03,FALSE,NOT_FOR_ENFORCEMENT,462.2348,36187.5597,481.4946,462.2348,19.2598,0.01160708,0.01114280,19.2598,462.2348,0.01114280,19.2598,19.2598,19.2598,24.0747,24.0747,462.2348,0.01114280,105.9288,97.0336,375.5658,384.461,0.00905352,0.00926795,0.00046428,15.0409,16.8584,0.2153,11.7438,0.4291,1011.7763,54.5366,10.8148,15.0547,10.2862,13.088,13.088,26.176,34.6568,52.3519,13.088,-5.1891,2.647988,4.0,1.149216,29,158,24,5,0.00234634,0.01160708,0.15915119,0E-8,0.000000,0.908698,0.000000,-0.14789112,2026-04-14,2026-07-10,41,1122,472,88,0.465909,0.718364,0.719024,0.007821,,,,,,,,GLOBAL_BASELINE_NO_ENTITY_RANKING,,,NOT_APPLICABLE_GLOBAL_BASELINE,HF9g-P5,,,,X 全窗基线 · 不参与实体赏罚,8392148,840,A168_HF9F_20260827_0900,2026-08-27 09:00:00
2026-05-12,142615618,2152,0,12.9728607753,12.3242177365,12.3242177365,1.0000000,1,1,0.50665070000000000,0.506650700000,0.9867858985152569,0.9867858985152569,0.9867858985152569,0E-17,ELIGIBLE,R03b_20260811_FULL_v1,L1_ELIGIBILITY,v2026-08-11,2026-03-21..2026-08-06,baccarat_bet02_101_all_pairs_incl_sentinel,round_win = game_pnl > 0 (decisive only),COMPATIBILITY_ONLY_NOT_PRODUCTION,41482.8302,37695.3747,481.4946,2758,2236,-0.01160708,-0.15915119,-0.01126008,-0.01160708,-481.4946,41482.8302,OK,0.0000,19.2598,4.0000,96.0000,AG03-UNRESOLVED,ALL5_LEVELS_bet23_to_bet27,19.2598,19.2598,19.2598,24.0747,24.0747,4.000000,4.000000,4.000000,5.000000,5.000000,96.000000,96.000000,96.000000,95.000000,95.000000,5.0,105.9288,97.0336,375.5658,384.461,PENDING_AG03,FALSE,NOT_FOR_ENFORCEMENT,462.2348,36187.5597,481.4946,462.2348,19.2598,0.01160708,0.01114280,19.2598,462.2348,0.01114280,19.2598,19.2598,19.2598,24.0747,24.0747,462.2348,0.01114280,105.9288,97.0336,375.5658,384.461,0.00905352,0.00926795,0.00046428,15.0409,16.8584,0.2153,11.7438,0.4291,1011.7763,54.5366,10.8148,15.0547,10.2862,13.088,13.088,26.176,34.6568,52.3519,13.088,-5.1891,2.647988,4.0,1.149216,29,158,24,5,0.00234634,0.01160708,0.15915119,0E-8,0.000000,0.908698,0.000000,-0.14789112,2026-04-14,2026-07-10,41,1122,472,88,0.465909,0.718364,0.719024,0.007821,,,,,,,,GLOBAL_BASELINE_NO_ENTITY_RANKING,,,NOT_APPLICABLE_GLOBAL_BASELINE,HF9g-P5,,,,X 全窗基线 · 不参与实体赏罚,8392149,840,A168_HF9F_20260827_0900,2026-08-27 09:00:00
2026-05-12,142615618,2155,0,18.1620050854,41.5131544808,41.5131544808,1.0000000,2,1,0.38892272857175268,0.300626750000,1.2534770977672316,1.5252488199758223,1.2534770977672316,0.08829597857175268,ELIGIBLE,R03b_20260811_FULL_v1,L1_ELIGIBILITY,v2026-08-11,2026-03-21..2026-08-06,baccarat_bet02_101_all_pairs_incl_sentinel,round_win = game_pnl > 0 (decisive only),COMPATIBILITY_ONLY_NOT_PRODUCTION,41482.8302,37695.3747,481.4946,2758,2236,-0.01160708,-0.15915119,-0.01126008,-0.01160708,-481.4946,41482.8302,OK,0.0000,19.2598,4.0000,96.0000,AG03-UNRESOLVED,ALL5_LEVELS_bet23_to_bet27,19.2598,19.2598,19.2598,24.0747,24.0747,4.000000,4.000000,4.000000,5.000000,5.000000,96.000000,96.000000,96.000000,95.000000,95.000000,5.0,105.9288,97.0336,375.5658,384.461,PENDING_AG03,FALSE,NOT_FOR_ENFORCEMENT,462.2348,36187.5597,481.4946,462.2348,19.2598,0.01160708,0.01114280,19.2598,462.2348,0.01114280,19.2598,19.2598,19.2598,24.0747,24.0747,462.2348,0.01114280,105.9288,97.0336,375.5658,384.461,0.00905352,0.00926795,0.00046428,15.0409,16.8584,0.2153,11.7438,0.4291,1011.7763,54.5366,10.8148,15.0547,10.2862,13.088,13.088,26.176,34.6568,52.3519,13.088,-5.1891,2.647988,4.0,1.149216,29,158,24,5,0.00234634,0.01160708,0.15915119,0E-8,0.000000,0.908698,0.000000,-0.14789112,2026-04-14,2026-07-10,41,1122,472,88,0.465909,0.718364,0.719024,0.007821,,,,,,,,GLOBAL_BASELINE_NO_ENTITY_RANKING,,,NOT_APPLICABLE_GLOBAL_BASELINE,HF9g-P5,,,,X 全窗基线 · 不参与实体赏罚,8392150,840,A168_HF9F_20260827_0900,2026-08-27 09:00:00
2026-05-12,142615618,2205,0,57.0805874112,-21.6646774947,-21.6646774947,0.3333333,3,3,0.49771390000000000,0.497713900000,-0.5694369385616226,-0.5694369385616226,-0.5694369385616226,0E-17,ELIGIBLE,R03b_20260811_FULL_v1,L1_ELIGIBILITY,v2026-08-11,2026-03-21..2026-08-06,baccarat_bet02_101_all_pairs_incl_sentinel,round_win = game_pnl > 0 (decisive only),COMPATIBILITY_ONLY_NOT_PRODUCTION,41482.8302,37695.3747,481.4946,2758,2236,-0.01160708,-0.15915119,-0.01126008,-0.01160708,-481.4946,41482.8302,OK,0.0000,19.2598,4.0000,96.0000,AG03-UNRESOLVED,ALL5_LEVELS_bet23_to_bet27,19.2598,19.2598,19.2598,24.0747,24.0747,4.000000,4.000000,4.000000,5.000000,5.000000,96.000000,96.000000,96.000000,95.000000,95.000000,5.0,105.9288,97.0336,375.5658,384.461,PENDING_AG03,FALSE,NOT_FOR_ENFORCEMENT,462.2348,36187.5597,481.4946,462.2348,19.2598,0.01160708,0.01114280,19.2598,462.2348,0.01114280,19.2598,19.2598,19.2598,24.0747,24.0747,462.2348,0.01114280,105.9288,97.0336,375.5658,384.461,0.00905352,0.00926795,0.00046428,15.0409,16.8584,0.2153,11.7438,0.4291,1011.7763,54.5366,10.8148,15.0547,10.2862,13.088,13.088,26.176,34.6568,52.3519,13.088,-5.1891,2.647988,4.0,1.149216,29,158,24,5,0.00234634,0.01160708,0.15915119,0E-8,0.000000,0.908698,0.000000,-0.14789112,2026-04-14,2026-07-10,41,1122,472,88,0.465909,0.718364,0.719024,0.007821,,,,,,,,GLOBAL_BASELINE_NO_ENTITY_RANKING,,,NOT_APPLICABLE_GLOBAL_BASELINE,HF9g-P5,,,,X 全窗基线 · 不参与实体赏罚,8392151,840,A168_HF9F_20260827_0900,2026-08-27 09:00:00
2026-05-12,142615618,2233,0,23.3511493955,-23.3511493955,-23.3511493955,0E-7,3,2,0.39358482500000000,0.393584825000,-1.1393289695942557,-1.1393289695942557,-1.1393289695942557,0E-17,ELIGIBLE,R03b_20260811_FULL_v1,L1_ELIGIBILITY,v2026-08-11,2026-03-21..2026-08-06,baccarat_bet02_101_all_pairs_incl_sentinel,round_win = game_pnl > 0 (decisive only),COMPATIBILITY_ONLY_NOT_PRODUCTION,41482.8302,37695.3747,481.4946,2758,2236,-0.01160708,-0.15915119,-0.01126008,-0.01160708,-481.4946,41482.8302,OK,0.0000,19.2598,4.0000,96.0000,AG03-UNRESOLVED,ALL5_LEVELS_bet23_to_bet27,19.2598,19.2598,19.2598,24.0747,24.0747,4.000000,4.000000,4.000000,5.000000,5.000000,96.000000,96.000000,96.000000,95.000000,95.000000,5.0,105.9288,97.0336,375.5658,384.461,PENDING_AG03,FALSE,NOT_FOR_ENFORCEMENT,462.2348,36187.5597,481.4946,462.2348,19.2598,0.01160708,0.01114280,19.2598,462.2348,0.01114280,19.2598,19.2598,19.2598,24.0747,24.0747,462.2348,0.01114280,105.9288,97.0336,375.5658,384.461,0.00905352,0.00926795,0.00046428,15.0409,16.8584,0.2153,11.7438,0.4291,1011.7763,54.5366,10.8148,15.0547,10.2862,13.088,13.088,26.176,34.6568,52.3519,13.088,-5.1891,2.647988,4.0,1.149216,29,158,24,5,0.00234634,0.01160708,0.15915119,0E-8,0.000000,0.908698,0.000000,-0.14789112,2026-04-14,2026-07-10,41,1122,472,88,0.465909,0.718364,0.719024,0.007821,,,,,,,,GLOBAL_BASELINE_NO_ENTITY_RANKING,,,NOT_APPLICABLE_GLOBAL_BASELINE,HF9g-P5,,,,X 全窗基线 · 不参与实体赏罚,8392152,840,A168_HF9F_20260827_0900,2026-08-27 09:00:00
2026-05-12,142615618,529,0,19.7187483784,18.7328109595,18.7328109595,1.0000000,1,1,0.50665070000000000,0.506650700000,0.9867858985152569,0.9867858985152569,0.9867858985152569,0E-17,ELIGIBLE,R03b_20260811_FULL_v1,L1_ELIGIBILITY,v2026-08-11,2026-03-21..2026-08-06,baccarat_bet02_101_all_pairs_incl_sentinel,round_win = game_pnl > 0 (decisive only),COMPATIBILITY_ONLY_NOT_PRODUCTION,41482.8302,37695.3747,481.4946,2758,2236,-0.01160708,-0.15915119,-0.01126008,-0.01160708,-481.4946,41482.8302,OK,0.0000,19.2598,4.0000,96.0000,AG03-UNRESOLVED,ALL5_LEVELS_bet23_to_bet27,19.2598,19.2598,19.2598,24.0747,24.0747,4.000000,4.000000,4.000000,5.000000,5.000000,96.000000,96.000000,96.000000,95.000000,95.000000,5.0,105.9288,97.0336,375.5658,384.461,PENDING_AG03,FALSE,NOT_FOR_ENFORCEMENT,462.2348,36187.5597,481.4946,462.2348,19.2598,0.01160708,0.01114280,19.2598,462.2348,0.01114280,19.2598,19.2598,19.2598,24.0747,24.0747,462.2348,0.01114280,105.9288,97.0336,375.5658,384.461,0.00905352,0.00926795,0.00046428,15.0409,16.8584,0.2153,11.7438,0.4291,1011.7763,54.5366,10.8148,15.0547,10.2862,13.088,13.088,26.176,34.6568,52.3519,13.088,-5.1891,2.647988,4.0,1.149216,29,158,24,5,0.00234634,0.01160708,0.15915119,0E-8,0.000000,0.908698,0.000000,-0.14789112,2026-04-14,2026-07-10,41,1122,472,88,0.465909,0.718364,0.719024,0.007821,,,,,,,,GLOBAL_BASELINE_NO_ENTITY_RANKING,,,NOT_APPLICABLE_GLOBAL_BASELINE,HF9g-P5,,,,X 全窗基线 · 不参与实体赏罚,8392153,840,A168_HF9F_20260827_0900,2026-08-27 09:00:00
2026-05-12,142615618,772,0,25.9457215505,-25.9457215505,-25.9457215505,0E-7,1,1,0.50665070000000000,0.506650700000,-1.013391052207602,-1.013391052207602,-1.013391052207602,0E-17,ELIGIBLE,R03b_20260811_FULL_v1,L1_ELIGIBILITY,v2026-08-11,2026-03-21..2026-08-06,baccarat_bet02_101_all_pairs_incl_sentinel,round_win = game_pnl > 0 (decisive only),COMPATIBILITY_ONLY_NOT_PRODUCTION,41482.8302,37695.3747,481.4946,2758,2236,-0.01160708,-0.15915119,-0.01126008,-0.01160708,-481.4946,41482.8302,OK,0.0000,19.2598,4.0000,96.0000,AG03-UNRESOLVED,ALL5_LEVELS_bet23_to_bet27,19.2598,19.2598,19.2598,24.0747,24.0747,4.000000,4.000000,4.000000,5.000000,5.000000,96.000000,96.000000,96.000000,95.000000,95.000000,5.0,105.9288,97.0336,375.5658,384.461,PENDING_AG03,FALSE,NOT_FOR_ENFORCEMENT,462.2348,36187.5597,481.4946,462.2348,19.2598,0.01160708,0.01114280,19.2598,462.2348,0.01114280,19.2598,19.2598,19.2598,24.0747,24.0747,462.2348,0.01114280,105.9288,97.0336,375.5658,384.461,0.00905352,0.00926795,0.00046428,15.0409,16.8584,0.2153,11.7438,0.4291,1011.7763,54.5366,10.8148,15.0547,10.2862,13.088,13.088,26.176,34.6568,52.3519,13.088,-5.1891,2.647988,4.0,1.149216,29,158,24,5,0.00234634,0.01160708,0.15915119,0E-8,0.000000,0.908698,0.000000,-0.14789112,2026-04-14,2026-07-10,41,1122,472,88,0.465909,0.718364,0.719024,0.007821,,,,,,,,GLOBAL_BASELINE_NO_ENTITY_RANKING,,,NOT_APPLICABLE_GLOBAL_BASELINE,HF9g-P5,,,,X 全窗基线 · 不参与实体赏罚,8392154,840,A168_HF9F_20260827_0900,2026-08-27 09:00:00
2026-05-12,142615618,919,0,28.5402937056,-28.5402937056,-28.5402937056,0E-7,3,2,0.43797605000000000,0.403638725000,-1.2484258930851517,-1.1634740288448888,-1.2484258930851517,0.03433732500000000,ELIGIBLE,R03b_20260811_FULL_v1,L1_ELIGIBILITY,v2026-08-11,2026-03-21..2026-08-06,baccarat_bet02_101_all_pairs_incl_sentinel,round_win = game_pnl > 0 (decisive only),COMPATIBILITY_ONLY_NOT_PRODUCTION,41482.8302,37695.3747,481.4946,2758,2236,-0.01160708,-0.15915119,-0.01126008,-0.01160708,-481.4946,41482.8302,OK,0.0000,19.2598,4.0000,96.0000,AG03-UNRESOLVED,ALL5_LEVELS_bet23_to_bet27,19.2598,19.2598,19.2598,24.0747,24.0747,4.000000,4.000000,4.000000,5.000000,5.000000,96.000000,96.000000,96.000000,95.000000,95.000000,5.0,105.9288,97.0336,375.5658,384.461,PENDING_AG03,FALSE,NOT_FOR_ENFORCEMENT,462.2348,36187.5597,481.4946,462.2348,19.2598,0.01160708,0.01114280,19.2598,462.2348,0.01114280,19.2598,19.2598,19.2598,24.0747,24.0747,462.2348,0.01114280,105.9288,97.0336,375.5658,384.461,0.00905352,0.00926795,0.00046428,15.0409,16.8584,0.2153,11.7438,0.4291,1011.7763,54.5366,10.8148,15.0547,10.2862,13.088,13.088,26.176,34.6568,52.3519,13.088,-5.1891,2.647988,4.0,1.149216,29,158,24,5,0.00234634,0.01160708,0.15915119,0E-8,0.000000,0.908698,0.000000,-0.14789112,2026-04-14,2026-07-10,41,1122,472,88,0.465909,0.718364,0.719024,0.007821,,,,,,,,GLOBAL_BASELINE_NO_ENTITY_RANKING,,,NOT_APPLICABLE_GLOBAL_BASELINE,HF9g-P5,,,,X 全窗基线 · 不参与实体赏罚,8392155,840,A168_HF9F_20260827_0900,2026-08-27 09:00:00
2026-05-12,142615618,948,0,29.5781225676,0E-10,0E-10,,1,1,0.49324550000000000,0.493245500000,,,,0E-17,NO_DECISIVE_ROUND,R03b_20260811_FULL_v1,L1_ELIGIBILITY,v2026-08-11,2026-03-21..2026-08-06,baccarat_bet02_101_all_pairs_incl_sentinel,round_win = game_pnl > 0 (decisive only),COMPATIBILITY_ONLY_NOT_PRODUCTION,41482.8302,37695.3747,481.4946,2758,2236,-0.01160708,-0.15915119,-0.01126008,-0.01160708,-481.4946,41482.8302,OK,0.0000,19.2598,4.0000,96.0000,AG03-UNRESOLVED,ALL5_LEVELS_bet23_to_bet27,19.2598,19.2598,19.2598,24.0747,24.0747,4.000000,4.000000,4.000000,5.000000,5.000000,96.000000,96.000000,96.000000,95.000000,95.000000,5.0,105.9288,97.0336,375.5658,384.461,PENDING_AG03,FALSE,NOT_FOR_ENFORCEMENT,462.2348,36187.5597,481.4946,462.2348,19.2598,0.01160708,0.01114280,19.2598,462.2348,0.01114280,19.2598,19.2598,19.2598,24.0747,24.0747,462.2348,0.01114280,105.9288,97.0336,375.5658,384.461,0.00905352,0.00926795,0.00046428,15.0409,16.8584,0.2153,11.7438,0.4291,1011.7763,54.5366,10.8148,15.0547,10.2862,13.088,13.088,26.176,34.6568,52.3519,13.088,-5.1891,2.647988,4.0,1.149216,29,158,24,5,0.00234634,0.01160708,0.15915119,0E-8,0.000000,0.908698,0.000000,-0.14789112,2026-04-14,2026-07-10,41,1122,472,88,0.465909,0.718364,0.719024,0.007821,,,,,,,,GLOBAL_BASELINE_NO_ENTITY_RANKING,,,NOT_APPLICABLE_GLOBAL_BASELINE,HF9g-P5,,,,X 全窗基线 · 不参与实体赏罚,8392156,840,A168_HF9F_20260827_0900,2026-08-27 09:00:00
2026-05-12,142615618,987,0,21.2754916714,21.2754916714,21.2754916714,1.0000000,1,1,0.49324550000000000,0.493245500000,1.01360149184955,1.01360149184955,1.01360149184955,0E-17,ELIGIBLE,R03b_20260811_FULL_v1,L1_ELIGIBILITY,v2026-08-11,2026-03-21..2026-08-06,baccarat_bet02_101_all_pairs_incl_sentinel,round_win = game_pnl > 0 (decisive only),COMPATIBILITY_ONLY_NOT_PRODUCTION,41482.8302,37695.3747,481.4946,2758,2236,-0.01160708,-0.15915119,-0.01126008,-0.01160708,-481.4946,41482.8302,OK,0.0000,19.2598,4.0000,96.0000,AG03-UNRESOLVED,ALL5_LEVELS_bet23_to_bet27,19.2598,19.2598,19.2598,24.0747,24.0747,4.000000,4.000000,4.000000,5.000000,5.000000,96.000000,96.000000,96.000000,95.000000,95.000000,5.0,105.9288,97.0336,375.5658,384.461,PENDING_AG03,FALSE,NOT_FOR_ENFORCEMENT,462.2348,36187.5597,481.4946,462.2348,19.2598,0.01160708,0.01114280,19.2598,462.2348,0.01114280,19.2598,19.2598,19.2598,24.0747,24.0747,462.2348,0.01114280,105.9288,97.0336,375.5658,384.461,0.00905352,0.00926795,0.00046428,15.0409,16.8584,0.2153,11.7438,0.4291,1011.7763,54.5366,10.8148,15.0547,10.2862,13.088,13.088,26.176,34.6568,52.3519,13.088,-5.1891,2.647988,4.0,1.149216,29,158,24,5,0.00234634,0.01160708,0.15915119,0E-8,0.000000,0.908698,0.000000,-0.14789112,2026-04-14,2026-07-10,41,1122,472,88,0.465909,0.718364,0.719024,0.007821,,,,,,,,GLOBAL_BASELINE_NO_ENTITY_RANKING,,,NOT_APPLICABLE_GLOBAL_BASELINE,HF9g-P5,,,,X 全窗基线 · 不参与实体赏罚,8392157,840,A168_HF9F_20260827_0900,2026-08-27 09:00:00
2026-05-13,142615618,-1,1,83.5452233928,22.8322349644,22.8322349644,0.5000000,6,6,0.42903925000000000,0.429039250000,0.35119003368377977,0.35119003368377977,0.35119003368377977,0E-17,SENTINEL_DEALER,R03b_20260811_FULL_v1,L1_ELIGIBILITY,v2026-08-11,2026-03-21..2026-08-06,baccarat_bet02_101_all_pairs_incl_sentinel,round_win = game_pnl > 0 (decisive only),COMPATIBILITY_ONLY_NOT_PRODUCTION,41482.8302,37695.3747,481.4946,2758,2236,-0.01160708,-0.15915119,-0.01126008,-0.01160708,-481.4946,41482.8302,OK,0.0000,19.2598,4.0000,96.0000,AG03-UNRESOLVED,ALL5_LEVELS_bet23_to_bet27,19.2598,19.2598,19.2598,24.0747,24.0747,4.000000,4.000000,4.000000,5.000000,5.000000,96.000000,96.000000,96.000000,95.000000,95.000000,5.0,105.9288,97.0336,375.5658,384.461,PENDING_AG03,FALSE,NOT_FOR_ENFORCEMENT,462.2348,36187.5597,481.4946,462.2348,19.2598,0.01160708,0.01114280,19.2598,462.2348,0.01114280,19.2598,19.2598,19.2598,24.0747,24.0747,462.2348,0.01114280,105.9288,97.0336,375.5658,384.461,0.00905352,0.00926795,0.00046428,15.0409,16.8584,0.2153,11.7438,0.4291,1011.7763,54.5366,10.8148,15.0547,10.2862,13.088,13.088,26.176,34.6568,52.3519,13.088,-5.1891,2.647988,4.0,1.149216,29,158,24,5,0.00234634,0.01160708,0.15915119,0E-8,0.000000,0.908698,0.000000,-0.14789112,2026-04-14,2026-07-10,41,1122,472,88,0.465909,0.718364,0.719024,0.007821,,,,,,,,GLOBAL_BASELINE_NO_ENTITY_RANKING,,,NOT_APPLICABLE_GLOBAL_BASELINE,HF9g-P5,,,,X 全窗基线 · 不参与实体赏罚,8392158,840,A168_HF9F_20260827_0900,2026-08-27 09:00:00
2026-05-13,142615618,1400,0,18.1620050854,-18.1620050854,-18.1620050854,0E-7,2,1,0.38892272857175268,0.300626750000,-0.7977808304445768,-0.655630731788307,-0.7977808304445768,0.08829597857175268,ELIGIBLE,R03b_20260811_FULL_v1,L1_ELIGIBILITY,v2026-08-11,2026-03-21..2026-08-06,baccarat_bet02_101_all_pairs_incl_sentinel,round_win = game_pnl > 0 (decisive only),COMPATIBILITY_ONLY_NOT_PRODUCTION,41482.8302,37695.3747,481.4946,2758,2236,-0.01160708,-0.15915119,-0.01126008,-0.01160708,-481.4946,41482.8302,OK,0.0000,19.2598,4.0000,96.0000,AG03-UNRESOLVED,ALL5_LEVELS_bet23_to_bet27,19.2598,19.2598,19.2598,24.0747,24.0747,4.000000,4.000000,4.000000,5.000000,5.000000,96.000000,96.000000,96.000000,95.000000,95.000000,5.0,105.9288,97.0336,375.5658,384.461,PENDING_AG03,FALSE,NOT_FOR_ENFORCEMENT,462.2348,36187.5597,481.4946,462.2348,19.2598,0.01160708,0.01114280,19.2598,462.2348,0.01114280,19.2598,19.2598,19.2598,24.0747,24.0747,462.2348,0.01114280,105.9288,97.0336,375.5658,384.461,0.00905352,0.00926795,0.00046428,15.0409,16.8584,0.2153,11.7438,0.4291,1011.7763,54.5366,10.8148,15.0547,10.2862,13.088,13.088,26.176,34.6568,52.3519,13.088,-5.1891,2.647988,4.0,1.149216,29,158,24,5,0.00234634,0.01160708,0.15915119,0E-8,0.000000,0.908698,0.000000,-0.14789112,2026-04-14,2026-07-10,41,1122,472,88,0.465909,0.718364,0.719024,0.007821,,,,,,,,GLOBAL_BASELINE_NO_ENTITY_RANKING,,,NOT_APPLICABLE_GLOBAL_BASELINE,HF9g-P5,,,,X 全窗基线 · 不参与实体赏罚,8392159,840,A168_HF9F_20260827_0900,2026-08-27 09:00:00
2026-05-13,142615618,2121,0,31.1348658607,-5.8377873489,-5.8377873489,0.5000000,3,2,0.44778671428587634,0.403638725000,0.14849334620276267,0.27775789067037676,0.14849334620276267,0.04414798928587634,ELIGIBLE,R03b_20260811_FULL_v1,L1_ELIGIBILITY,v2026-08-11,2026-03-21..2026-08-06,baccarat_bet02_101_all_pairs_incl_sentinel,round_win = game_pnl > 0 (decisive only),COMPATIBILITY_ONLY_NOT_PRODUCTION,41482.8302,37695.3747,481.4946,2758,2236,-0.01160708,-0.15915119,-0.01126008,-0.01160708,-481.4946,41482.8302,OK,0.0000,19.2598,4.0000,96.0000,AG03-UNRESOLVED,ALL5_LEVELS_bet23_to_bet27,19.2598,19.2598,19.2598,24.0747,24.0747,4.000000,4.000000,4.000000,5.000000,5.000000,96.000000,96.000000,96.000000,95.000000,95.000000,5.0,105.9288,97.0336,375.5658,384.461,PENDING_AG03,FALSE,NOT_FOR_ENFORCEMENT,462.2348,36187.5597,481.4946,462.2348,19.2598,0.01160708,0.01114280,19.2598,462.2348,0.01114280,19.2598,19.2598,19.2598,24.0747,24.0747,462.2348,0.01114280,105.9288,97.0336,375.5658,384.461,0.00905352,0.00926795,0.00046428,15.0409,16.8584,0.2153,11.7438,0.4291,1011.7763,54.5366,10.8148,15.0547,10.2862,13.088,13.088,26.176,34.6568,52.3519,13.088,-5.1891,2.647988,4.0,1.149216,29,158,24,5,0.00234634,0.01160708,0.15915119,0E-8,0.000000,0.908698,0.000000,-0.14789112,2026-04-14,2026-07-10,41,1122,472,88,0.465909,0.718364,0.719024,0.007821,,,,,,,,GLOBAL_BASELINE_NO_ENTITY_RANKING,,,NOT_APPLICABLE_GLOBAL_BASELINE,HF9g-P5,,,,X 全窗基线 · 不参与实体赏罚,8392160,840,A168_HF9F_20260827_0900,2026-08-27 09:00:00
2026-05-13,142615618,2169,0,10.3782886202,-10.3782886202,-10.3782886202,0E-7,1,1,0.50665070000000000,0.506650700000,-1.013391052207602,-1.013391052207602,-1.013391052207602,0E-17,ELIGIBLE,R03b_20260811_FULL_v1,L1_ELIGIBILITY,v2026-08-11,2026-03-21..2026-08-06,baccarat_bet02_101_all_pairs_incl_sentinel,round_win = game_pnl > 0 (decisive only),COMPATIBILITY_ONLY_NOT_PRODUCTION,41482.8302,37695.3747,481.4946,2758,2236,-0.01160708,-0.15915119,-0.01126008,-0.01160708,-481.4946,41482.8302,OK,0.0000,19.2598,4.0000,96.0000,AG03-UNRESOLVED,ALL5_LEVELS_bet23_to_bet27,19.2598,19.2598,19.2598,24.0747,24.0747,4.000000,4.000000,4.000000,5.000000,5.000000,96.000000,96.000000,96.000000,95.000000,95.000000,5.0,105.9288,97.0336,375.5658,384.461,PENDING_AG03,FALSE,NOT_FOR_ENFORCEMENT,462.2348,36187.5597,481.4946,462.2348,19.2598,0.01160708,0.01114280,19.2598,462.2348,0.01114280,19.2598,19.2598,19.2598,24.0747,24.0747,462.2348,0.01114280,105.9288,97.0336,375.5658,384.461,0.00905352,0.00926795,0.00046428,15.0409,16.8584,0.2153,11.7438,0.4291,1011.7763,54.5366,10.8148,15.0547,10.2862,13.088,13.088,26.176,34.6568,52.3519,13.088,-5.1891,2.647988,4.0,1.149216,29,158,24,5,0.00234634,0.01160708,0.15915119,0E-8,0.000000,0.908698,0.000000,-0.14789112,2026-04-14,2026-07-10,41,1122,472,88,0.465909,0.718364,0.719024,0.007821,,,,,,,,GLOBAL_BASELINE_NO_ENTITY_RANKING,,,NOT_APPLICABLE_GLOBAL_BASELINE,HF9g-P5,,,,X 全窗基线 · 不参与实体赏罚,8392161,840,A168_HF9F_20260827_0900,2026-08-27 09:00:00
2026-05-13,142615618,2242,0,25.9457215506,0E-10,0E-10,0.5000000,2,2,0.49324550000000000,0.493245500000,0.01910635448239258,0.01910635448239258,0.01910635448239258,0E-17,ELIGIBLE,R03b_20260811_FULL_v1,L1_ELIGIBILITY,v2026-08-11,2026-03-21..2026-08-06,baccarat_bet02_101_all_pairs_incl_sentinel,round_win = game_pnl > 0 (decisive only),COMPATIBILITY_ONLY_NOT_PRODUCTION,41482.8302,37695.3747,481.4946,2758,2236,-0.01160708,-0.15915119,-0.01126008,-0.01160708,-481.4946,41482.8302,OK,0.0000,19.2598,4.0000,96.0000,AG03-UNRESOLVED,ALL5_LEVELS_bet23_to_bet27,19.2598,19.2598,19.2598,24.0747,24.0747,4.000000,4.000000,4.000000,5.000000,5.000000,96.000000,96.000000,96.000000,95.000000,95.000000,5.0,105.9288,97.0336,375.5658,384.461,PENDING_AG03,FALSE,NOT_FOR_ENFORCEMENT,462.2348,36187.5597,481.4946,462.2348,19.2598,0.01160708,0.01114280,19.2598,462.2348,0.01114280,19.2598,19.2598,19.2598,24.0747,24.0747,462.2348,0.01114280,105.9288,97.0336,375.5658,384.461,0.00905352,0.00926795,0.00046428,15.0409,16.8584,0.2153,11.7438,0.4291,1011.7763,54.5366,10.8148,15.0547,10.2862,13.088,13.088,26.176,34.6568,52.3519,13.088,-5.1891,2.647988,4.0,1.149216,29,158,24,5,0.00234634,0.01160708,0.15915119,0E-8,0.000000,0.908698,0.000000,-0.14789112,2026-04-14,2026-07-10,41,1122,472,88,0.465909,0.718364,0.719024,0.007821,,,,,,,,GLOBAL_BASELINE_NO_ENTITY_RANKING,,,NOT_APPLICABLE_GLOBAL_BASELINE,HF9g-P5,,,,X 全窗基线 · 不参与实体赏罚,8392162,840,A168_HF9F_20260827_0900,2026-08-27 09:00:00
2026-05-13,142615618,2251,0,12.9728607753,-12.9728607753,-12.9728607753,0E-7,1,1,0.50665070000000000,0.506650700000,-1.013391052207602,-1.013391052207602,-1.013391052207602,0E-17,ELIGIBLE,R03b_20260811_FULL_v1,L1_ELIGIBILITY,v2026-08-11,2026-03-21..2026-08-06,baccarat_bet02_101_all_pairs_incl_sentinel,round_win = game_pnl > 0 (decisive only),COMPATIBILITY_ONLY_NOT_PRODUCTION,41482.8302,37695.3747,481.4946,2758,2236,-0.01160708,-0.15915119,-0.01126008,-0.01160708,-481.4946,41482.8302,OK,0.0000,19.2598,4.0000,96.0000,AG03-UNRESOLVED,ALL5_LEVELS_bet23_to_bet27,19.2598,19.2598,19.2598,24.0747,24.0747,4.000000,4.000000,4.000000,5.000000,5.000000,96.000000,96.000000,96.000000,95.000000,95.000000,5.0,105.9288,97.0336,375.5658,384.461,PENDING_AG03,FALSE,NOT_FOR_ENFORCEMENT,462.2348,36187.5597,481.4946,462.2348,19.2598,0.01160708,0.01114280,19.2598,462.2348,0.01114280,19.2598,19.2598,19.2598,24.0747,24.0747,462.2348,0.01114280,105.9288,97.0336,375.5658,384.461,0.00905352,0.00926795,0.00046428,15.0409,16.8584,0.2153,11.7438,0.4291,1011.7763,54.5366,10.8148,15.0547,10.2862,13.088,13.088,26.176,34.6568,52.3519,13.088,-5.1891,2.647988,4.0,1.149216,29,158,24,5,0.00234634,0.01160708,0.15915119,0E-8,0.000000,0.908698,0.000000,-0.14789112,2026-04-14,2026-07-10,41,1122,472,88,0.465909,0.718364,0.719024,0.007821,,,,,,,,GLOBAL_BASELINE_NO_ENTITY_RANKING,,,NOT_APPLICABLE_GLOBAL_BASELINE,HF9g-P5,,,,X 全窗基线 · 不参与实体赏罚,8392163,840,A168_HF9F_20260827_0900,2026-08-27 09:00:00
2026-05-13,142615618,2267,0,17.3836334388,16.5144517669,16.5144517669,1.0000000,1,1,0.50665070000000000,0.506650700000,0.9867858985152569,0.9867858985152569,0.9867858985152569,0E-17,ELIGIBLE,R03b_20260811_FULL_v1,L1_ELIGIBILITY,v2026-08-11,2026-03-21..2026-08-06,baccarat_bet02_101_all_pairs_incl_sentinel,round_win = game_pnl > 0 (decisive only),COMPATIBILITY_ONLY_NOT_PRODUCTION,41482.8302,37695.3747,481.4946,2758,2236,-0.01160708,-0.15915119,-0.01126008,-0.01160708,-481.4946,41482.8302,OK,0.0000,19.2598,4.0000,96.0000,AG03-UNRESOLVED,ALL5_LEVELS_bet23_to_bet27,19.2598,19.2598,19.2598,24.0747,24.0747,4.000000,4.000000,4.000000,5.000000,5.000000,96.000000,96.000000,96.000000,95.000000,95.000000,5.0,105.9288,97.0336,375.5658,384.461,PENDING_AG03,FALSE,NOT_FOR_ENFORCEMENT,462.2348,36187.5597,481.4946,462.2348,19.2598,0.01160708,0.01114280,19.2598,462.2348,0.01114280,19.2598,19.2598,19.2598,24.0747,24.0747,462.2348,0.01114280,105.9288,97.0336,375.5658,384.461,0.00905352,0.00926795,0.00046428,15.0409,16.8584,0.2153,11.7438,0.4291,1011.7763,54.5366,10.8148,15.0547,10.2862,13.088,13.088,26.176,34.6568,52.3519,13.088,-5.1891,2.647988,4.0,1.149216,29,158,24,5,0.00234634,0.01160708,0.15915119,0E-8,0.000000,0.908698,0.000000,-0.14789112,2026-04-14,2026-07-10,41,1122,472,88,0.465909,0.718364,0.719024,0.007821,,,,,,,,GLOBAL_BASELINE_NO_ENTITY_RANKING,,,NOT_APPLICABLE_GLOBAL_BASELINE,HF9g-P5,,,,X 全窗基线 · 不参与实体赏罚,8392164,840,A168_HF9F_20260827_0900,2026-08-27 09:00:00
2026-05-13,142615618,987,0,33.9888952312,-33.9888952312,-33.9888952312,0E-7,2,2,0.50665070000000000,0.506650700000,-1.4331513700195317,-1.4331513700195317,-1.4331513700195317,0E-17,ELIGIBLE,R03b_20260811_FULL_v1,L1_ELIGIBILITY,v2026-08-11,2026-03-21..2026-08-06,baccarat_bet02_101_all_pairs_incl_sentinel,round_win = game_pnl > 0 (decisive only),COMPATIBILITY_ONLY_NOT_PRODUCTION,41482.8302,37695.3747,481.4946,2758,2236,-0.01160708,-0.15915119,-0.01126008,-0.01160708,-481.4946,41482.8302,OK,0.0000,19.2598,4.0000,96.0000,AG03-UNRESOLVED,ALL5_LEVELS_bet23_to_bet27,19.2598,19.2598,19.2598,24.0747,24.0747,4.000000,4.000000,4.000000,5.000000,5.000000,96.000000,96.000000,96.000000,95.000000,95.000000,5.0,105.9288,97.0336,375.5658,384.461,PENDING_AG03,FALSE,NOT_FOR_ENFORCEMENT,462.2348,36187.5597,481.4946,462.2348,19.2598,0.01160708,0.01114280,19.2598,462.2348,0.01114280,19.2598,19.2598,19.2598,24.0747,24.0747,462.2348,0.01114280,105.9288,97.0336,375.5658,384.461,0.00905352,0.00926795,0.00046428,15.0409,16.8584,0.2153,11.7438,0.4291,1011.7763,54.5366,10.8148,15.0547,10.2862,13.088,13.088,26.176,34.6568,52.3519,13.088,-5.1891,2.647988,4.0,1.149216,29,158,24,5,0.00234634,0.01160708,0.15915119,0E-8,0.000000,0.908698,0.000000,-0.14789112,2026-04-14,2026-07-10,41,1122,472,88,0.465909,0.718364,0.719024,0.007821,,,,,,,,GLOBAL_BASELINE_NO_ENTITY_RANKING,,,NOT_APPLICABLE_GLOBAL_BASELINE,HF9g-P5,,,,X 全窗基线 · 不参与实体赏罚,8392165,840,A168_HF9F_20260827_0900,2026-08-27 09:00:00
2026-05-15,142615618,-1,1,11.9350319132,11.9350319132,11.9350319132,1.0000000,1,1,0.49324550000000000,0.493245500000,1.01360149184955,1.01360149184955,1.01360149184955,0E-17,SENTINEL_DEALER,R03b_20260811_FULL_v1,L1_ELIGIBILITY,v2026-08-11,2026-03-21..2026-08-06,baccarat_bet02_101_all_pairs_incl_sentinel,round_win = game_pnl > 0 (decisive only),COMPATIBILITY_ONLY_NOT_PRODUCTION,41482.8302,37695.3747,481.4946,2758,2236,-0.01160708,-0.15915119,-0.01126008,-0.01160708,-481.4946,41482.8302,OK,0.0000,19.2598,4.0000,96.0000,AG03-UNRESOLVED,ALL5_LEVELS_bet23_to_bet27,19.2598,19.2598,19.2598,24.0747,24.0747,4.000000,4.000000,4.000000,5.000000,5.000000,96.000000,96.000000,96.000000,95.000000,95.000000,5.0,105.9288,97.0336,375.5658,384.461,PENDING_AG03,FALSE,NOT_FOR_ENFORCEMENT,462.2348,36187.5597,481.4946,462.2348,19.2598,0.01160708,0.01114280,19.2598,462.2348,0.01114280,19.2598,19.2598,19.2598,24.0747,24.0747,462.2348,0.01114280,105.9288,97.0336,375.5658,384.461,0.00905352,0.00926795,0.00046428,15.0409,16.8584,0.2153,11.7438,0.4291,1011.7763,54.5366,10.8148,15.0547,10.2862,13.088,13.088,26.176,34.6568,52.3519,13.088,-5.1891,2.647988,4.0,1.149216,29,158,24,5,0.00234634,0.01160708,0.15915119,0E-8,0.000000,0.908698,0.000000,-0.14789112,2026-04-14,2026-07-10,41,1122,472,88,0.465909,0.718364,0.719024,0.007821,,,,,,,,GLOBAL_BASELINE_NO_ENTITY_RANKING,,,NOT_APPLICABLE_GLOBAL_BASELINE,HF9g-P5,,,,X 全窗基线 · 不参与实体赏罚,8392166,840,A168_HF9F_20260827_0900,2026-08-27 09:00:00
2026-05-15,142615618,1323,0,12.9728607753,-12.9728607753,-12.9728607753,0E-7,1,1,0.50665070000000000,0.506650700000,-1.013391052207602,-1.013391052207602,-1.013391052207602,0E-17,ELIGIBLE,R03b_20260811_FULL_v1,L1_ELIGIBILITY,v2026-08-11,2026-03-21..2026-08-06,baccarat_bet02_101_all_pairs_incl_sentinel,round_win = game_pnl > 0 (decisive only),COMPATIBILITY_ONLY_NOT_PRODUCTION,41482.8302,37695.3747,481.4946,2758,2236,-0.01160708,-0.15915119,-0.01126008,-0.01160708,-481.4946,41482.8302,OK,0.0000,19.2598,4.0000,96.0000,AG03-UNRESOLVED,ALL5_LEVELS_bet23_to_bet27,19.2598,19.2598,19.2598,24.0747,24.0747,4.000000,4.000000,4.000000,5.000000,5.000000,96.000000,96.000000,96.000000,95.000000,95.000000,5.0,105.9288,97.0336,375.5658,384.461,PENDING_AG03,FALSE,NOT_FOR_ENFORCEMENT,462.2348,36187.5597,481.4946,462.2348,19.2598,0.01160708,0.01114280,19.2598,462.2348,0.01114280,19.2598,19.2598,19.2598,24.0747,24.0747,462.2348,0.01114280,105.9288,97.0336,375.5658,384.461,0.00905352,0.00926795,0.00046428,15.0409,16.8584,0.2153,11.7438,0.4291,1011.7763,54.5366,10.8148,15.0547,10.2862,13.088,13.088,26.176,34.6568,52.3519,13.088,-5.1891,2.647988,4.0,1.149216,29,158,24,5,0.00234634,0.01160708,0.15915119,0E-8,0.000000,0.908698,0.000000,-0.14789112,2026-04-14,2026-07-10,41,1122,472,88,0.465909,0.718364,0.719024,0.007821,,,,,,,,GLOBAL_BASELINE_NO_ENTITY_RANKING,,,NOT_APPLICABLE_GLOBAL_BASELINE,HF9g-P5,,,,X 全窗基线 · 不参与实体赏罚,8392167,840,A168_HF9F_20260827_0900,2026-08-27 09:00:00
2026-05-15,142615618,2103,0,10.8972030512,-10.8972030512,-10.8972030512,0E-7,1,1,0.50665070000000000,0.506650700000,-1.013391052207602,-1.013391052207602,-1.013391052207602,0E-17,ELIGIBLE,R03b_20260811_FULL_v1,L1_ELIGIBILITY,v2026-08-11,2026-03-21..2026-08-06,baccarat_bet02_101_all_pairs_incl_sentinel,round_win = game_pnl > 0 (decisive only),COMPATIBILITY_ONLY_NOT_PRODUCTION,41482.8302,37695.3747,481.4946,2758,2236,-0.01160708,-0.15915119,-0.01126008,-0.01160708,-481.4946,41482.8302,OK,0.0000,19.2598,4.0000,96.0000,AG03-UNRESOLVED,ALL5_LEVELS_bet23_to_bet27,19.2598,19.2598,19.2598,24.0747,24.0747,4.000000,4.000000,4.000000,5.000000,5.000000,96.000000,96.000000,96.000000,95.000000,95.000000,5.0,105.9288,97.0336,375.5658,384.461,PENDING_AG03,FALSE,NOT_FOR_ENFORCEMENT,462.2348,36187.5597,481.4946,462.2348,19.2598,0.01160708,0.01114280,19.2598,462.2348,0.01114280,19.2598,19.2598,19.2598,24.0747,24.0747,462.2348,0.01114280,105.9288,97.0336,375.5658,384.461,0.00905352,0.00926795,0.00046428,15.0409,16.8584,0.2153,11.7438,0.4291,1011.7763,54.5366,10.8148,15.0547,10.2862,13.088,13.088,26.176,34.6568,52.3519,13.088,-5.1891,2.647988,4.0,1.149216,29,158,24,5,0.00234634,0.01160708,0.15915119,0E-8,0.000000,0.908698,0.000000,-0.14789112,2026-04-14,2026-07-10,41,1122,472,88,0.465909,0.718364,0.719024,0.007821,,,,,,,,GLOBAL_BASELINE_NO_ENTITY_RANKING,,,NOT_APPLICABLE_GLOBAL_BASELINE,HF9g-P5,,,,X 全窗基线 · 不参与实体赏罚,8392168,840,A168_HF9F_20260827_0900,2026-08-27 09:00:00
2026-05-15,142615618,2209,0,8.3026308962,-8.3026308962,-8.3026308962,0E-7,1,1,0.49324550000000000,0.493245500000,-0.9865810262130424,-0.9865810262130424,-0.9865810262130424,0E-17,ELIGIBLE,R03b_20260811_FULL_v1,L1_ELIGIBILITY,v2026-08-11,2026-03-21..2026-08-06,baccarat_bet02_101_all_pairs_incl_sentinel,round_win = game_pnl > 0 (decisive only),COMPATIBILITY_ONLY_NOT_PRODUCTION,41482.8302,37695.3747,481.4946,2758,2236,-0.01160708,-0.15915119,-0.01126008,-0.01160708,-481.4946,41482.8302,OK,0.0000,19.2598,4.0000,96.0000,AG03-UNRESOLVED,ALL5_LEVELS_bet23_to_bet27,19.2598,19.2598,19.2598,24.0747,24.0747,4.000000,4.000000,4.000000,5.000000,5.000000,96.000000,96.000000,96.000000,95.000000,95.000000,5.0,105.9288,97.0336,375.5658,384.461,PENDING_AG03,FALSE,NOT_FOR_ENFORCEMENT,462.2348,36187.5597,481.4946,462.2348,19.2598,0.01160708,0.01114280,19.2598,462.2348,0.01114280,19.2598,19.2598,19.2598,24.0747,24.0747,462.2348,0.01114280,105.9288,97.0336,375.5658,384.461,0.00905352,0.00926795,0.00046428,15.0409,16.8584,0.2153,11.7438,0.4291,1011.7763,54.5366,10.8148,15.0547,10.2862,13.088,13.088,26.176,34.6568,52.3519,13.088,-5.1891,2.647988,4.0,1.149216,29,158,24,5,0.00234634,0.01160708,0.15915119,0E-8,0.000000,0.908698,0.000000,-0.14789112,2026-04-14,2026-07-10,41,1122,472,88,0.465909,0.718364,0.719024,0.007821,,,,,,,,GLOBAL_BASELINE_NO_ENTITY_RANKING,,,NOT_APPLICABLE_GLOBAL_BASELINE,HF9g-P5,,,,X 全窗基线 · 不参与实体赏罚,8392169,840,A168_HF9F_20260827_0900,2026-08-27 09:00:00
2026-05-16,142615618,-1,1,14.2701468528,13.5566395101,13.5566395101,1.0000000,1,1,0.50665070000000000,0.506650700000,0.9867858985152569,0.9867858985152569,0.9867858985152569,0E-17,SENTINEL_DEALER,R03b_20260811_FULL_v1,L1_ELIGIBILITY,v2026-08-11,2026-03-21..2026-08-06,baccarat_bet02_101_all_pairs_incl_sentinel,round_win = game_pnl > 0 (decisive only),COMPATIBILITY_ONLY_NOT_PRODUCTION,41482.8302,37695.3747,481.4946,2758,2236,-0.01160708,-0.15915119,-0.01126008,-0.01160708,-481.4946,41482.8302,OK,0.0000,19.2598,4.0000,96.0000,AG03-UNRESOLVED,ALL5_LEVELS_bet23_to_bet27,19.2598,19.2598,19.2598,24.0747,24.0747,4.000000,4.000000,4.000000,5.000000,5.000000,96.000000,96.000000,96.000000,95.000000,95.000000,5.0,105.9288,97.0336,375.5658,384.461,PENDING_AG03,FALSE,NOT_FOR_ENFORCEMENT,462.2348,36187.5597,481.4946,462.2348,19.2598,0.01160708,0.01114280,19.2598,462.2348,0.01114280,19.2598,19.2598,19.2598,24.0747,24.0747,462.2348,0.01114280,105.9288,97.0336,375.5658,384.461,0.00905352,0.00926795,0.00046428,15.0409,16.8584,0.2153,11.7438,0.4291,1011.7763,54.5366,10.8148,15.0547,10.2862,13.088,13.088,26.176,34.6568,52.3519,13.088,-5.1891,2.647988,4.0,1.149216,29,158,24,5,0.00234634,0.01160708,0.15915119,0E-8,0.000000,0.908698,0.000000,-0.14789112,2026-04-14,2026-07-10,41,1122,472,88,0.465909,0.718364,0.719024,0.007821,,,,,,,,GLOBAL_BASELINE_NO_ENTITY_RANKING,,,NOT_APPLICABLE_GLOBAL_BASELINE,HF9g-P5,,,,X 全窗基线 · 不参与实体赏罚,8392170,840,A168_HF9F_20260827_0900,2026-08-27 09:00:00
2026-05-18,142615618,2088,0,5.9675159566,-5.9675159566,-5.9675159566,0E-7,1,1,0.50665070000000000,0.506650700000,-1.013391052207602,-1.013391052207602,-1.013391052207602,0E-17,ELIGIBLE,R03b_20260811_FULL_v1,L1_ELIGIBILITY,v2026-08-11,2026-03-21..2026-08-06,baccarat_bet02_101_all_pairs_incl_sentinel,round_win = game_pnl > 0 (decisive only),COMPATIBILITY_ONLY_NOT_PRODUCTION,41482.8302,37695.3747,481.4946,2758,2236,-0.01160708,-0.15915119,-0.01126008,-0.01160708,-481.4946,41482.8302,OK,0.0000,19.2598,4.0000,96.0000,AG03-UNRESOLVED,ALL5_LEVELS_bet23_to_bet27,19.2598,19.2598,19.2598,24.0747,24.0747,4.000000,4.000000,4.000000,5.000000,5.000000,96.000000,96.000000,96.000000,95.000000,95.000000,5.0,105.9288,97.0336,375.5658,384.461,PENDING_AG03,FALSE,NOT_FOR_ENFORCEMENT,462.2348,36187.5597,481.4946,462.2348,19.2598,0.01160708,0.01114280,19.2598,462.2348,0.01114280,19.2598,19.2598,19.2598,24.0747,24.0747,462.2348,0.01114280,105.9288,97.0336,375.5658,384.461,0.00905352,0.00926795,0.00046428,15.0409,16.8584,0.2153,11.7438,0.4291,1011.7763,54.5366,10.8148,15.0547,10.2862,13.088,13.088,26.176,34.6568,52.3519,13.088,-5.1891,2.647988,4.0,1.149216,29,158,24,5,0.00234634,0.01160708,0.15915119,0E-8,0.000000,0.908698,0.000000,-0.14789112,2026-04-14,2026-07-10,41,1122,472,88,0.465909,0.718364,0.719024,0.007821,,,,,,,,GLOBAL_BASELINE_NO_ENTITY_RANKING,,,NOT_APPLICABLE_GLOBAL_BASELINE,HF9g-P5,,,,X 全窗基线 · 不参与实体赏罚,8392171,840,A168_HF9F_20260827_0900,2026-08-27 09:00:00
2026-05-20,142615618,2174,0,12.7134035598,-12.7134035598,-12.7134035598,0E-7,1,1,0.50665070000000000,0.506650700000,-1.013391052207602,-1.013391052207602,-1.013391052207602,0E-17,ELIGIBLE,R03b_20260811_FULL_v1,L1_ELIGIBILITY,v2026-08-11,2026-03-21..2026-08-06,baccarat_bet02_101_all_pairs_incl_sentinel,round_win = game_pnl > 0 (decisive only),COMPATIBILITY_ONLY_NOT_PRODUCTION,41482.8302,37695.3747,481.4946,2758,2236,-0.01160708,-0.15915119,-0.01126008,-0.01160708,-481.4946,41482.8302,OK,0.0000,19.2598,4.0000,96.0000,AG03-UNRESOLVED,ALL5_LEVELS_bet23_to_bet27,19.2598,19.2598,19.2598,24.0747,24.0747,4.000000,4.000000,4.000000,5.000000,5.000000,96.000000,96.000000,96.000000,95.000000,95.000000,5.0,105.9288,97.0336,375.5658,384.461,PENDING_AG03,FALSE,NOT_FOR_ENFORCEMENT,462.2348,36187.5597,481.4946,462.2348,19.2598,0.01160708,0.01114280,19.2598,462.2348,0.01114280,19.2598,19.2598,19.2598,24.0747,24.0747,462.2348,0.01114280,105.9288,97.0336,375.5658,384.461,0.00905352,0.00926795,0.00046428,15.0409,16.8584,0.2153,11.7438,0.4291,1011.7763,54.5366,10.8148,15.0547,10.2862,13.088,13.088,26.176,34.6568,52.3519,13.088,-5.1891,2.647988,4.0,1.149216,29,158,24,5,0.00234634,0.01160708,0.15915119,0E-8,0.000000,0.908698,0.000000,-0.14789112,2026-04-14,2026-07-10,41,1122,472,88,0.465909,0.718364,0.719024,0.007821,,,,,,,,GLOBAL_BASELINE_NO_ENTITY_RANKING,,,NOT_APPLICABLE_GLOBAL_BASELINE,HF9g-P5,,,,X 全窗基线 · 不参与实体赏罚,8392172,840,A168_HF9F_20260827_0900,2026-08-27 09:00:00
2026-05-22,142615618,-1,1,10.8972030512,-10.8972030512,-10.8972030512,0E-7,1,1,0.50665070000000000,0.506650700000,-1.013391052207602,-1.013391052207602,-1.013391052207602,0E-17,SENTINEL_DEALER,R03b_20260811_FULL_v1,L1_ELIGIBILITY,v2026-08-11,2026-03-21..2026-08-06,baccarat_bet02_101_all_pairs_incl_sentinel,round_win = game_pnl > 0 (decisive only),COMPATIBILITY_ONLY_NOT_PRODUCTION,41482.8302,37695.3747,481.4946,2758,2236,-0.01160708,-0.15915119,-0.01126008,-0.01160708,-481.4946,41482.8302,OK,0.0000,19.2598,4.0000,96.0000,AG03-UNRESOLVED,ALL5_LEVELS_bet23_to_bet27,19.2598,19.2598,19.2598,24.0747,24.0747,4.000000,4.000000,4.000000,5.000000,5.000000,96.000000,96.000000,96.000000,95.000000,95.000000,5.0,105.9288,97.0336,375.5658,384.461,PENDING_AG03,FALSE,NOT_FOR_ENFORCEMENT,462.2348,36187.5597,481.4946,462.2348,19.2598,0.01160708,0.01114280,19.2598,462.2348,0.01114280,19.2598,19.2598,19.2598,24.0747,24.0747,462.2348,0.01114280,105.9288,97.0336,375.5658,384.461,0.00905352,0.00926795,0.00046428,15.0409,16.8584,0.2153,11.7438,0.4291,1011.7763,54.5366,10.8148,15.0547,10.2862,13.088,13.088,26.176,34.6568,52.3519,13.088,-5.1891,2.647988,4.0,1.149216,29,158,24,5,0.00234634,0.01160708,0.15915119,0E-8,0.000000,0.908698,0.000000,-0.14789112,2026-04-14,2026-07-10,41,1122,472,88,0.465909,0.718364,0.719024,0.007821,,,,,,,,GLOBAL_BASELINE_NO_ENTITY_RANKING,,,NOT_APPLICABLE_GLOBAL_BASELINE,HF9g-P5,,,,X 全窗基线 · 不参与实体赏罚,8392173,840,A168_HF9F_20260827_0900,2026-08-27 09:00:00
2026-05-24,142615618,-1,1,33.7294380157,1.6864719008,1.6864719008,0.5000000,3,2,0.43797605000000000,0.403638725000,0.17679575212256196,0.27775789067037676,0.17679575212256196,0.03433732500000000,SENTINEL_DEALER,R03b_20260811_FULL_v1,L1_ELIGIBILITY,v2026-08-11,2026-03-21..2026-08-06,baccarat_bet02_101_all_pairs_incl_sentinel,round_win = game_pnl > 0 (decisive only),COMPATIBILITY_ONLY_NOT_PRODUCTION,41482.8302,37695.3747,481.4946,2758,2236,-0.01160708,-0.15915119,-0.01126008,-0.01160708,-481.4946,41482.8302,OK,0.0000,19.2598,4.0000,96.0000,AG03-UNRESOLVED,ALL5_LEVELS_bet23_to_bet27,19.2598,19.2598,19.2598,24.0747,24.0747,4.000000,4.000000,4.000000,5.000000,5.000000,96.000000,96.000000,96.000000,95.000000,95.000000,5.0,105.9288,97.0336,375.5658,384.461,PENDING_AG03,FALSE,NOT_FOR_ENFORCEMENT,462.2348,36187.5597,481.4946,462.2348,19.2598,0.01160708,0.01114280,19.2598,462.2348,0.01114280,19.2598,19.2598,19.2598,24.0747,24.0747,462.2348,0.01114280,105.9288,97.0336,375.5658,384.461,0.00905352,0.00926795,0.00046428,15.0409,16.8584,0.2153,11.7438,0.4291,1011.7763,54.5366,10.8148,15.0547,10.2862,13.088,13.088,26.176,34.6568,52.3519,13.088,-5.1891,2.647988,4.0,1.149216,29,158,24,5,0.00234634,0.01160708,0.15915119,0E-8,0.000000,0.908698,0.000000,-0.14789112,2026-04-14,2026-07-10,41,1122,472,88,0.465909,0.718364,0.719024,0.007821,,,,,,,,GLOBAL_BASELINE_NO_ENTITY_RANKING,,,NOT_APPLICABLE_GLOBAL_BASELINE,HF9g-P5,,,,X 全窗基线 · 不参与实体赏罚,8392174,840,A168_HF9F_20260827_0900,2026-08-27 09:00:00
2026-05-24,142615618,1078,0,33.2105235847,2.0756577241,2.0756577241,0.5000000,3,2,0.43127345000000000,0.396936125000,0.19625079655879635,0.29790616794075786,0.19625079655879635,0.03433732500000000,ELIGIBLE,R03b_20260811_FULL_v1,L1_ELIGIBILITY,v2026-08-11,2026-03-21..2026-08-06,baccarat_bet02_101_all_pairs_incl_sentinel,round_win = game_pnl > 0 (decisive only),COMPATIBILITY_ONLY_NOT_PRODUCTION,41482.8302,37695.3747,481.4946,2758,2236,-0.01160708,-0.15915119,-0.01126008,-0.01160708,-481.4946,41482.8302,OK,0.0000,19.2598,4.0000,96.0000,AG03-UNRESOLVED,ALL5_LEVELS_bet23_to_bet27,19.2598,19.2598,19.2598,24.0747,24.0747,4.000000,4.000000,4.000000,5.000000,5.000000,96.000000,96.000000,96.000000,95.000000,95.000000,5.0,105.9288,97.0336,375.5658,384.461,PENDING_AG03,FALSE,NOT_FOR_ENFORCEMENT,462.2348,36187.5597,481.4946,462.2348,19.2598,0.01160708,0.01114280,19.2598,462.2348,0.01114280,19.2598,19.2598,19.2598,24.0747,24.0747,462.2348,0.01114280,105.9288,97.0336,375.5658,384.461,0.00905352,0.00926795,0.00046428,15.0409,16.8584,0.2153,11.7438,0.4291,1011.7763,54.5366,10.8148,15.0547,10.2862,13.088,13.088,26.176,34.6568,52.3519,13.088,-5.1891,2.647988,4.0,1.149216,29,158,24,5,0.00234634,0.01160708,0.15915119,0E-8,0.000000,0.908698,0.000000,-0.14789112,2026-04-14,2026-07-10,41,1122,472,88,0.465909,0.718364,0.719024,0.007821,,,,,,,,GLOBAL_BASELINE_NO_ENTITY_RANKING,,,NOT_APPLICABLE_GLOBAL_BASELINE,HF9g-P5,,,,X 全窗基线 · 不参与实体赏罚,8392175,840,A168_HF9F_20260827_0900,2026-08-27 09:00:00
2026-05-24,142615618,1325,0,15.5674329303,-15.5674329303,-15.5674329303,0E-7,2,1,0.36930140000000000,0.300626750000,-0.765208073563708,-0.655630731788307,-0.765208073563708,0.06867465000000000,ELIGIBLE,R03b_20260811_FULL_v1,L1_ELIGIBILITY,v2026-08-11,2026-03-21..2026-08-06,baccarat_bet02_101_all_pairs_incl_sentinel,round_win = game_pnl > 0 (decisive only),COMPATIBILITY_ONLY_NOT_PRODUCTION,41482.8302,37695.3747,481.4946,2758,2236,-0.01160708,-0.15915119,-0.01126008,-0.01160708,-481.4946,41482.8302,OK,0.0000,19.2598,4.0000,96.0000,AG03-UNRESOLVED,ALL5_LEVELS_bet23_to_bet27,19.2598,19.2598,19.2598,24.0747,24.0747,4.000000,4.000000,4.000000,5.000000,5.000000,96.000000,96.000000,96.000000,95.000000,95.000000,5.0,105.9288,97.0336,375.5658,384.461,PENDING_AG03,FALSE,NOT_FOR_ENFORCEMENT,462.2348,36187.5597,481.4946,462.2348,19.2598,0.01160708,0.01114280,19.2598,462.2348,0.01114280,19.2598,19.2598,19.2598,24.0747,24.0747,462.2348,0.01114280,105.9288,97.0336,375.5658,384.461,0.00905352,0.00926795,0.00046428,15.0409,16.8584,0.2153,11.7438,0.4291,1011.7763,54.5366,10.8148,15.0547,10.2862,13.088,13.088,26.176,34.6568,52.3519,13.088,-5.1891,2.647988,4.0,1.149216,29,158,24,5,0.00234634,0.01160708,0.15915119,0E-8,0.000000,0.908698,0.000000,-0.14789112,2026-04-14,2026-07-10,41,1122,472,88,0.465909,0.718364,0.719024,0.007821,,,,,,,,GLOBAL_BASELINE_NO_ENTITY_RANKING,,,NOT_APPLICABLE_GLOBAL_BASELINE,HF9g-P5,,,,X 全窗基线 · 不参与实体赏罚,8392176,840,A168_HF9F_20260827_0900,2026-08-27 09:00:00
2026-05-24,142615618,2205,0,19.7187483784,18.7328109595,18.7328109595,1.0000000,1,1,0.50665070000000000,0.506650700000,0.9867858985152569,0.9867858985152569,0.9867858985152569,0E-17,ELIGIBLE,R03b_20260811_FULL_v1,L1_ELIGIBILITY,v2026-08-11,2026-03-21..2026-08-06,baccarat_bet02_101_all_pairs_incl_sentinel,round_win = game_pnl > 0 (decisive only),COMPATIBILITY_ONLY_NOT_PRODUCTION,41482.8302,37695.3747,481.4946,2758,2236,-0.01160708,-0.15915119,-0.01126008,-0.01160708,-481.4946,41482.8302,OK,0.0000,19.2598,4.0000,96.0000,AG03-UNRESOLVED,ALL5_LEVELS_bet23_to_bet27,19.2598,19.2598,19.2598,24.0747,24.0747,4.000000,4.000000,4.000000,5.000000,5.000000,96.000000,96.000000,96.000000,95.000000,95.000000,5.0,105.9288,97.0336,375.5658,384.461,PENDING_AG03,FALSE,NOT_FOR_ENFORCEMENT,462.2348,36187.5597,481.4946,462.2348,19.2598,0.01160708,0.01114280,19.2598,462.2348,0.01114280,19.2598,19.2598,19.2598,24.0747,24.0747,462.2348,0.01114280,105.9288,97.0336,375.5658,384.461,0.00905352,0.00926795,0.00046428,15.0409,16.8584,0.2153,11.7438,0.4291,1011.7763,54.5366,10.8148,15.0547,10.2862,13.088,13.088,26.176,34.6568,52.3519,13.088,-5.1891,2.647988,4.0,1.149216,29,158,24,5,0.00234634,0.01160708,0.15915119,0E-8,0.000000,0.908698,0.000000,-0.14789112,2026-04-14,2026-07-10,41,1122,472,88,0.465909,0.718364,0.719024,0.007821,,,,,,,,GLOBAL_BASELINE_NO_ENTITY_RANKING,,,NOT_APPLICABLE_GLOBAL_BASELINE,HF9g-P5,,,,X 全窗基线 · 不参与实体赏罚,8392177,840,A168_HF9F_20260827_0900,2026-08-27 09:00:00
2026-05-27,142615618,1157,0,21.2754916714,-21.2754916714,-21.2754916714,0E-7,1,1,0.50665070000000000,0.506650700000,-1.013391052207602,-1.013391052207602,-1.013391052207602,0E-17,ELIGIBLE,R03b_20260811_FULL_v1,L1_ELIGIBILITY,v2026-08-11,2026-03-21..2026-08-06,baccarat_bet02_101_all_pairs_incl_sentinel,round_win = game_pnl > 0 (decisive only),COMPATIBILITY_ONLY_NOT_PRODUCTION,41482.8302,37695.3747,481.4946,2758,2236,-0.01160708,-0.15915119,-0.01126008,-0.01160708,-481.4946,41482.8302,OK,0.0000,19.2598,4.0000,96.0000,AG03-UNRESOLVED,ALL5_LEVELS_bet23_to_bet27,19.2598,19.2598,19.2598,24.0747,24.0747,4.000000,4.000000,4.000000,5.000000,5.000000,96.000000,96.000000,96.000000,95.000000,95.000000,5.0,105.9288,97.0336,375.5658,384.461,PENDING_AG03,FALSE,NOT_FOR_ENFORCEMENT,462.2348,36187.5597,481.4946,462.2348,19.2598,0.01160708,0.01114280,19.2598,462.2348,0.01114280,19.2598,19.2598,19.2598,24.0747,24.0747,462.2348,0.01114280,105.9288,97.0336,375.5658,384.461,0.00905352,0.00926795,0.00046428,15.0409,16.8584,0.2153,11.7438,0.4291,1011.7763,54.5366,10.8148,15.0547,10.2862,13.088,13.088,26.176,34.6568,52.3519,13.088,-5.1891,2.647988,4.0,1.149216,29,158,24,5,0.00234634,0.01160708,0.15915119,0E-8,0.000000,0.908698,0.000000,-0.14789112,2026-04-14,2026-07-10,41,1122,472,88,0.465909,0.718364,0.719024,0.007821,,,,,,,,GLOBAL_BASELINE_NO_ENTITY_RANKING,,,NOT_APPLICABLE_GLOBAL_BASELINE,HF9g-P5,,,,X 全窗基线 · 不参与实体赏罚,8392178,840,A168_HF9F_20260827_0900,2026-08-27 09:00:00
2026-05-29,142615618,-1,1,43.8482694204,41.6558559494,41.6558559494,1.0000000,1,1,0.50665070000000000,0.506650700000,0.9867858985152569,0.9867858985152569,0.9867858985152569,0E-17,SENTINEL_DEALER,R03b_20260811_FULL_v1,L1_ELIGIBILITY,v2026-08-11,2026-03-21..2026-08-06,baccarat_bet02_101_all_pairs_incl_sentinel,round_win = game_pnl > 0 (decisive only),COMPATIBILITY_ONLY_NOT_PRODUCTION,41482.8302,37695.3747,481.4946,2758,2236,-0.01160708,-0.15915119,-0.01126008,-0.01160708,-481.4946,41482.8302,OK,0.0000,19.2598,4.0000,96.0000,AG03-UNRESOLVED,ALL5_LEVELS_bet23_to_bet27,19.2598,19.2598,19.2598,24.0747,24.0747,4.000000,4.000000,4.000000,5.000000,5.000000,96.000000,96.000000,96.000000,95.000000,95.000000,5.0,105.9288,97.0336,375.5658,384.461,PENDING_AG03,FALSE,NOT_FOR_ENFORCEMENT,462.2348,36187.5597,481.4946,462.2348,19.2598,0.01160708,0.01114280,19.2598,462.2348,0.01114280,19.2598,19.2598,19.2598,24.0747,24.0747,462.2348,0.01114280,105.9288,97.0336,375.5658,384.461,0.00905352,0.00926795,0.00046428,15.0409,16.8584,0.2153,11.7438,0.4291,1011.7763,54.5366,10.8148,15.0547,10.2862,13.088,13.088,26.176,34.6568,52.3519,13.088,-5.1891,2.647988,4.0,1.149216,29,158,24,5,0.00234634,0.01160708,0.15915119,0E-8,0.000000,0.908698,0.000000,-0.14789112,2026-04-14,2026-07-10,41,1122,472,88,0.465909,0.718364,0.719024,0.007821,,,,,,,,GLOBAL_BASELINE_NO_ENTITY_RANKING,,,NOT_APPLICABLE_GLOBAL_BASELINE,HF9g-P5,,,,X 全窗基线 · 不参与实体赏罚,8392179,840,A168_HF9F_20260827_0900,2026-08-27 09:00:00
2026-05-29,142615618,1331,0,22.5727777489,21.4441388615,21.4441388615,1.0000000,1,1,0.50665070000000000,0.506650700000,0.9867858985152569,0.9867858985152569,0.9867858985152569,0E-17,ELIGIBLE,R03b_20260811_FULL_v1,L1_ELIGIBILITY,v2026-08-11,2026-03-21..2026-08-06,baccarat_bet02_101_all_pairs_incl_sentinel,round_win = game_pnl > 0 (decisive only),COMPATIBILITY_ONLY_NOT_PRODUCTION,41482.8302,37695.3747,481.4946,2758,2236,-0.01160708,-0.15915119,-0.01126008,-0.01160708,-481.4946,41482.8302,OK,0.0000,19.2598,4.0000,96.0000,AG03-UNRESOLVED,ALL5_LEVELS_bet23_to_bet27,19.2598,19.2598,19.2598,24.0747,24.0747,4.000000,4.000000,4.000000,5.000000,5.000000,96.000000,96.000000,96.000000,95.000000,95.000000,5.0,105.9288,97.0336,375.5658,384.461,PENDING_AG03,FALSE,NOT_FOR_ENFORCEMENT,462.2348,36187.5597,481.4946,462.2348,19.2598,0.01160708,0.01114280,19.2598,462.2348,0.01114280,19.2598,19.2598,19.2598,24.0747,24.0747,462.2348,0.01114280,105.9288,97.0336,375.5658,384.461,0.00905352,0.00926795,0.00046428,15.0409,16.8584,0.2153,11.7438,0.4291,1011.7763,54.5366,10.8148,15.0547,10.2862,13.088,13.088,26.176,34.6568,52.3519,13.088,-5.1891,2.647988,4.0,1.149216,29,158,24,5,0.00234634,0.01160708,0.15915119,0E-8,0.000000,0.908698,0.000000,-0.14789112,2026-04-14,2026-07-10,41,1122,472,88,0.465909,0.718364,0.719024,0.007821,,,,,,,,GLOBAL_BASELINE_NO_ENTITY_RANKING,,,NOT_APPLICABLE_GLOBAL_BASELINE,HF9g-P5,,,,X 全窗基线 · 不参与实体赏罚,8392180,840,A168_HF9F_20260827_0900,2026-08-27 09:00:00
2026-05-29,142615618,2160,0,12.9728607753,-12.9728607753,-12.9728607753,0E-7,1,1,0.50665070000000000,0.506650700000,-1.013391052207602,-1.013391052207602,-1.013391052207602,0E-17,ELIGIBLE,R03b_20260811_FULL_v1,L1_ELIGIBILITY,v2026-08-11,2026-03-21..2026-08-06,baccarat_bet02_101_all_pairs_incl_sentinel,round_win = game_pnl > 0 (decisive only),COMPATIBILITY_ONLY_NOT_PRODUCTION,41482.8302,37695.3747,481.4946,2758,2236,-0.01160708,-0.15915119,-0.01126008,-0.01160708,-481.4946,41482.8302,OK,0.0000,19.2598,4.0000,96.0000,AG03-UNRESOLVED,ALL5_LEVELS_bet23_to_bet27,19.2598,19.2598,19.2598,24.0747,24.0747,4.000000,4.000000,4.000000,5.000000,5.000000,96.000000,96.000000,96.000000,95.000000,95.000000,5.0,105.9288,97.0336,375.5658,384.461,PENDING_AG03,FALSE,NOT_FOR_ENFORCEMENT,462.2348,36187.5597,481.4946,462.2348,19.2598,0.01160708,0.01114280,19.2598,462.2348,0.01114280,19.2598,19.2598,19.2598,24.0747,24.0747,462.2348,0.01114280,105.9288,97.0336,375.5658,384.461,0.00905352,0.00926795,0.00046428,15.0409,16.8584,0.2153,11.7438,0.4291,1011.7763,54.5366,10.8148,15.0547,10.2862,13.088,13.088,26.176,34.6568,52.3519,13.088,-5.1891,2.647988,4.0,1.149216,29,158,24,5,0.00234634,0.01160708,0.15915119,0E-8,0.000000,0.908698,0.000000,-0.14789112,2026-04-14,2026-07-10,41,1122,472,88,0.465909,0.718364,0.719024,0.007821,,,,,,,,GLOBAL_BASELINE_NO_ENTITY_RANKING,,,NOT_APPLICABLE_GLOBAL_BASELINE,HF9g-P5,,,,X 全窗基线 · 不参与实体赏罚,8392181,840,A168_HF9F_20260827_0900,2026-08-27 09:00:00
2026-05-31,142615618,1382,0,12.8577673773,12.8577673773,12.8577673773,1.0000000,1,1,0.49324550000000000,0.493245500000,1.01360149184955,1.01360149184955,1.01360149184955,0E-17,ELIGIBLE,R03b_20260811_FULL_v1,L1_ELIGIBILITY,v2026-08-11,2026-03-21..2026-08-06,baccarat_bet02_101_all_pairs_incl_sentinel,round_win = game_pnl > 0 (decisive only),COMPATIBILITY_ONLY_NOT_PRODUCTION,41482.8302,37695.3747,481.4946,2758,2236,-0.01160708,-0.15915119,-0.01126008,-0.01160708,-481.4946,41482.8302,OK,0.0000,19.2598,4.0000,96.0000,AG03-UNRESOLVED,ALL5_LEVELS_bet23_to_bet27,19.2598,19.2598,19.2598,24.0747,24.0747,4.000000,4.000000,4.000000,5.000000,5.000000,96.000000,96.000000,96.000000,95.000000,95.000000,5.0,105.9288,97.0336,375.5658,384.461,PENDING_AG03,FALSE,NOT_FOR_ENFORCEMENT,462.2348,36187.5597,481.4946,462.2348,19.2598,0.01160708,0.01114280,19.2598,462.2348,0.01114280,19.2598,19.2598,19.2598,24.0747,24.0747,462.2348,0.01114280,105.9288,97.0336,375.5658,384.461,0.00905352,0.00926795,0.00046428,15.0409,16.8584,0.2153,11.7438,0.4291,1011.7763,54.5366,10.8148,15.0547,10.2862,13.088,13.088,26.176,34.6568,52.3519,13.088,-5.1891,2.647988,4.0,1.149216,29,158,24,5,0.00234634,0.01160708,0.15915119,0E-8,0.000000,0.908698,0.000000,-0.14789112,2026-04-14,2026-07-10,41,1122,472,88,0.465909,0.718364,0.719024,0.007821,,,,,,,,GLOBAL_BASELINE_NO_ENTITY_RANKING,,,NOT_APPLICABLE_GLOBAL_BASELINE,HF9g-P5,,,,X 全窗基线 · 不参与实体赏罚,8392182,840,A168_HF9F_20260827_0900,2026-08-27 09:00:00
2026-05-31,142615618,1654,0,12.8577673773,12.8577673773,12.8577673773,1.0000000,1,1,0.49324550000000000,0.493245500000,1.01360149184955,1.01360149184955,1.01360149184955,0E-17,ELIGIBLE,R03b_20260811_FULL_v1,L1_ELIGIBILITY,v2026-08-11,2026-03-21..2026-08-06,baccarat_bet02_101_all_pairs_incl_sentinel,round_win = game_pnl > 0 (decisive only),COMPATIBILITY_ONLY_NOT_PRODUCTION,41482.8302,37695.3747,481.4946,2758,2236,-0.01160708,-0.15915119,-0.01126008,-0.01160708,-481.4946,41482.8302,OK,0.0000,19.2598,4.0000,96.0000,AG03-UNRESOLVED,ALL5_LEVELS_bet23_to_bet27,19.2598,19.2598,19.2598,24.0747,24.0747,4.000000,4.000000,4.000000,5.000000,5.000000,96.000000,96.000000,96.000000,95.000000,95.000000,5.0,105.9288,97.0336,375.5658,384.461,PENDING_AG03,FALSE,NOT_FOR_ENFORCEMENT,462.2348,36187.5597,481.4946,462.2348,19.2598,0.01160708,0.01114280,19.2598,462.2348,0.01114280,19.2598,19.2598,19.2598,24.0747,24.0747,462.2348,0.01114280,105.9288,97.0336,375.5658,384.461,0.00905352,0.00926795,0.00046428,15.0409,16.8584,0.2153,11.7438,0.4291,1011.7763,54.5366,10.8148,15.0547,10.2862,13.088,13.088,26.176,34.6568,52.3519,13.088,-5.1891,2.647988,4.0,1.149216,29,158,24,5,0.00234634,0.01160708,0.15915119,0E-8,0.000000,0.908698,0.000000,-0.14789112,2026-04-14,2026-07-10,41,1122,472,88,0.465909,0.718364,0.719024,0.007821,,,,,,,,GLOBAL_BASELINE_NO_ENTITY_RANKING,,,NOT_APPLICABLE_GLOBAL_BASELINE,HF9g-P5,,,,X 全窗基线 · 不参与实体赏罚,8392183,840,A168_HF9F_20260827_0900,2026-08-27 09:00:00
2026-05-31,142615618,2117,0,25.7155347546,-0.6428883689,-0.6428883689,0.5000000,2,2,0.50665070000000000,0.506650700000,-0.018812684590367487,-0.018812684590367487,-0.018812684590367487,0E-17,ELIGIBLE,R03b_20260811_FULL_v1,L1_ELIGIBILITY,v2026-08-11,2026-03-21..2026-08-06,baccarat_bet02_101_all_pairs_incl_sentinel,round_win = game_pnl > 0 (decisive only),COMPATIBILITY_ONLY_NOT_PRODUCTION,41482.8302,37695.3747,481.4946,2758,2236,-0.01160708,-0.15915119,-0.01126008,-0.01160708,-481.4946,41482.8302,OK,0.0000,19.2598,4.0000,96.0000,AG03-UNRESOLVED,ALL5_LEVELS_bet23_to_bet27,19.2598,19.2598,19.2598,24.0747,24.0747,4.000000,4.000000,4.000000,5.000000,5.000000,96.000000,96.000000,96.000000,95.000000,95.000000,5.0,105.9288,97.0336,375.5658,384.461,PENDING_AG03,FALSE,NOT_FOR_ENFORCEMENT,462.2348,36187.5597,481.4946,462.2348,19.2598,0.01160708,0.01114280,19.2598,462.2348,0.01114280,19.2598,19.2598,19.2598,24.0747,24.0747,462.2348,0.01114280,105.9288,97.0336,375.5658,384.461,0.00905352,0.00926795,0.00046428,15.0409,16.8584,0.2153,11.7438,0.4291,1011.7763,54.5366,10.8148,15.0547,10.2862,13.088,13.088,26.176,34.6568,52.3519,13.088,-5.1891,2.647988,4.0,1.149216,29,158,24,5,0.00234634,0.01160708,0.15915119,0E-8,0.000000,0.908698,0.000000,-0.14789112,2026-04-14,2026-07-10,41,1122,472,88,0.465909,0.718364,0.719024,0.007821,,,,,,,,GLOBAL_BASELINE_NO_ENTITY_RANKING,,,NOT_APPLICABLE_GLOBAL_BASELINE,HF9g-P5,,,,X 全窗基线 · 不参与实体赏罚,8392184,840,A168_HF9F_20260827_0900,2026-08-27 09:00:00
2026-06-06,142615618,-1,1,18.0008743282,28.2870882300,28.2870882300,0.5000000,2,2,0.30062675000000000,0.300626750000,0.6149128471998733,0.6149128471998733,0.6149128471998733,0E-17,SENTINEL_DEALER,R03b_20260811_FULL_v1,L1_ELIGIBILITY,v2026-08-11,2026-03-21..2026-08-06,baccarat_bet02_101_all_pairs_incl_sentinel,round_win = game_pnl > 0 (decisive only),COMPATIBILITY_ONLY_NOT_PRODUCTION,41482.8302,37695.3747,481.4946,2758,2236,-0.01160708,-0.15915119,-0.01126008,-0.01160708,-481.4946,41482.8302,OK,0.0000,19.2598,4.0000,96.0000,AG03-UNRESOLVED,ALL5_LEVELS_bet23_to_bet27,19.2598,19.2598,19.2598,24.0747,24.0747,4.000000,4.000000,4.000000,5.000000,5.000000,96.000000,96.000000,96.000000,95.000000,95.000000,5.0,105.9288,97.0336,375.5658,384.461,PENDING_AG03,FALSE,NOT_FOR_ENFORCEMENT,462.2348,36187.5597,481.4946,462.2348,19.2598,0.01160708,0.01114280,19.2598,462.2348,0.01114280,19.2598,19.2598,19.2598,24.0747,24.0747,462.2348,0.01114280,105.9288,97.0336,375.5658,384.461,0.00905352,0.00926795,0.00046428,15.0409,16.8584,0.2153,11.7438,0.4291,1011.7763,54.5366,10.8148,15.0547,10.2862,13.088,13.088,26.176,34.6568,52.3519,13.088,-5.1891,2.647988,4.0,1.149216,29,158,24,5,0.00234634,0.01160708,0.15915119,0E-8,0.000000,0.908698,0.000000,-0.14789112,2026-04-14,2026-07-10,41,1122,472,88,0.465909,0.718364,0.719024,0.007821,,,,,,,,GLOBAL_BASELINE_NO_ENTITY_RANKING,,,NOT_APPLICABLE_GLOBAL_BASELINE,HF9g-P5,,,,X 全窗基线 · 不参与实体赏罚,8392185,840,A168_HF9F_20260827_0900,2026-08-27 09:00:00
2026-06-06,142615618,2256,0,12.8577673773,-12.8577673773,-12.8577673773,0E-7,1,1,0.50665070000000000,0.506650700000,-1.013391052207602,-1.013391052207602,-1.013391052207602,0E-17,ELIGIBLE,R03b_20260811_FULL_v1,L1_ELIGIBILITY,v2026-08-11,2026-03-21..2026-08-06,baccarat_bet02_101_all_pairs_incl_sentinel,round_win = game_pnl > 0 (decisive only),COMPATIBILITY_ONLY_NOT_PRODUCTION,41482.8302,37695.3747,481.4946,2758,2236,-0.01160708,-0.15915119,-0.01126008,-0.01160708,-481.4946,41482.8302,OK,0.0000,19.2598,4.0000,96.0000,AG03-UNRESOLVED,ALL5_LEVELS_bet23_to_bet27,19.2598,19.2598,19.2598,24.0747,24.0747,4.000000,4.000000,4.000000,5.000000,5.000000,96.000000,96.000000,96.000000,95.000000,95.000000,5.0,105.9288,97.0336,375.5658,384.461,PENDING_AG03,FALSE,NOT_FOR_ENFORCEMENT,462.2348,36187.5597,481.4946,462.2348,19.2598,0.01160708,0.01114280,19.2598,462.2348,0.01114280,19.2598,19.2598,19.2598,24.0747,24.0747,462.2348,0.01114280,105.9288,97.0336,375.5658,384.461,0.00905352,0.00926795,0.00046428,15.0409,16.8584,0.2153,11.7438,0.4291,1011.7763,54.5366,10.8148,15.0547,10.2862,13.088,13.088,26.176,34.6568,52.3519,13.088,-5.1891,2.647988,4.0,1.149216,29,158,24,5,0.00234634,0.01160708,0.15915119,0E-8,0.000000,0.908698,0.000000,-0.14789112,2026-04-14,2026-07-10,41,1122,472,88,0.465909,0.718364,0.719024,0.007821,,,,,,,,GLOBAL_BASELINE_NO_ENTITY_RANKING,,,NOT_APPLICABLE_GLOBAL_BASELINE,HF9g-P5,,,,X 全窗基线 · 不参与实体赏罚,8392186,840,A168_HF9F_20260827_0900,2026-08-27 09:00:00
2026-06-06,142615618,529,0,38.5733021318,-38.5733021318,-38.5733021318,0E-7,2,2,0.49324550000000000,0.493245500000,-1.3952362676504506,-1.3952362676504506,-1.3952362676504506,0E-17,ELIGIBLE,R03b_20260811_FULL_v1,L1_ELIGIBILITY,v2026-08-11,2026-03-21..2026-08-06,baccarat_bet02_101_all_pairs_incl_sentinel,round_win = game_pnl > 0 (decisive only),COMPATIBILITY_ONLY_NOT_PRODUCTION,41482.8302,37695.3747,481.4946,2758,2236,-0.01160708,-0.15915119,-0.01126008,-0.01160708,-481.4946,41482.8302,OK,0.0000,19.2598,4.0000,96.0000,AG03-UNRESOLVED,ALL5_LEVELS_bet23_to_bet27,19.2598,19.2598,19.2598,24.0747,24.0747,4.000000,4.000000,4.000000,5.000000,5.000000,96.000000,96.000000,96.000000,95.000000,95.000000,5.0,105.9288,97.0336,375.5658,384.461,PENDING_AG03,FALSE,NOT_FOR_ENFORCEMENT,462.2348,36187.5597,481.4946,462.2348,19.2598,0.01160708,0.01114280,19.2598,462.2348,0.01114280,19.2598,19.2598,19.2598,24.0747,24.0747,462.2348,0.01114280,105.9288,97.0336,375.5658,384.461,0.00905352,0.00926795,0.00046428,15.0409,16.8584,0.2153,11.7438,0.4291,1011.7763,54.5366,10.8148,15.0547,10.2862,13.088,13.088,26.176,34.6568,52.3519,13.088,-5.1891,2.647988,4.0,1.149216,29,158,24,5,0.00234634,0.01160708,0.15915119,0E-8,0.000000,0.908698,0.000000,-0.14789112,2026-04-14,2026-07-10,41,1122,472,88,0.465909,0.718364,0.719024,0.007821,,,,,,,,GLOBAL_BASELINE_NO_ENTITY_RANKING,,,NOT_APPLICABLE_GLOBAL_BASELINE,HF9g-P5,,,,X 全窗基线 · 不参与实体赏罚,8392187,840,A168_HF9F_20260827_0900,2026-08-27 09:00:00
2026-06-07,142615618,-1,1,66.8603903619,29.5728649677,29.5728649677,0.6666667,6,6,0.50218230000000000,0.502182300000,0.8058132132962729,0.8058132132962729,0.8058132132962729,0E-17,SENTINEL_DEALER,R03b_20260811_FULL_v1,L1_ELIGIBILITY,v2026-08-11,2026-03-21..2026-08-06,baccarat_bet02_101_all_pairs_incl_sentinel,round_win = game_pnl > 0 (decisive only),COMPATIBILITY_ONLY_NOT_PRODUCTION,41482.8302,37695.3747,481.4946,2758,2236,-0.01160708,-0.15915119,-0.01126008,-0.01160708,-481.4946,41482.8302,OK,0.0000,19.2598,4.0000,96.0000,AG03-UNRESOLVED,ALL5_LEVELS_bet23_to_bet27,19.2598,19.2598,19.2598,24.0747,24.0747,4.000000,4.000000,4.000000,5.000000,5.000000,96.000000,96.000000,96.000000,95.000000,95.000000,5.0,105.9288,97.0336,375.5658,384.461,PENDING_AG03,FALSE,NOT_FOR_ENFORCEMENT,462.2348,36187.5597,481.4946,462.2348,19.2598,0.01160708,0.01114280,19.2598,462.2348,0.01114280,19.2598,19.2598,19.2598,24.0747,24.0747,462.2348,0.01114280,105.9288,97.0336,375.5658,384.461,0.00905352,0.00926795,0.00046428,15.0409,16.8584,0.2153,11.7438,0.4291,1011.7763,54.5366,10.8148,15.0547,10.2862,13.088,13.088,26.176,34.6568,52.3519,13.088,-5.1891,2.647988,4.0,1.149216,29,158,24,5,0.00234634,0.01160708,0.15915119,0E-8,0.000000,0.908698,0.000000,-0.14789112,2026-04-14,2026-07-10,41,1122,472,88,0.465909,0.718364,0.719024,0.007821,,,,,,,,GLOBAL_BASELINE_NO_ENTITY_RANKING,,,NOT_APPLICABLE_GLOBAL_BASELINE,HF9g-P5,,,,X 全窗基线 · 不参与实体赏罚,8392188,840,A168_HF9F_20260827_0900,2026-08-27 09:00:00
2026-06-07,142615618,1396,0,23.1439812791,-23.1439812791,-23.1439812791,0E-7,4,2,0.36483299999910982,0.297275450000,-1.0718107087244184,-0.9198181129370825,-1.0718107087244184,0.06755754999910982,ELIGIBLE,R03b_20260811_FULL_v1,L1_ELIGIBILITY,v2026-08-11,2026-03-21..2026-08-06,baccarat_bet02_101_all_pairs_incl_sentinel,round_win = game_pnl > 0 (decisive only),COMPATIBILITY_ONLY_NOT_PRODUCTION,41482.8302,37695.3747,481.4946,2758,2236,-0.01160708,-0.15915119,-0.01126008,-0.01160708,-481.4946,41482.8302,OK,0.0000,19.2598,4.0000,96.0000,AG03-UNRESOLVED,ALL5_LEVELS_bet23_to_bet27,19.2598,19.2598,19.2598,24.0747,24.0747,4.000000,4.000000,4.000000,5.000000,5.000000,96.000000,96.000000,96.000000,95.000000,95.000000,5.0,105.9288,97.0336,375.5658,384.461,PENDING_AG03,FALSE,NOT_FOR_ENFORCEMENT,462.2348,36187.5597,481.4946,462.2348,19.2598,0.01160708,0.01114280,19.2598,462.2348,0.01114280,19.2598,19.2598,19.2598,24.0747,24.0747,462.2348,0.01114280,105.9288,97.0336,375.5658,384.461,0.00905352,0.00926795,0.00046428,15.0409,16.8584,0.2153,11.7438,0.4291,1011.7763,54.5366,10.8148,15.0547,10.2862,13.088,13.088,26.176,34.6568,52.3519,13.088,-5.1891,2.647988,4.0,1.149216,29,158,24,5,0.00234634,0.01160708,0.15915119,0E-8,0.000000,0.908698,0.000000,-0.14789112,2026-04-14,2026-07-10,41,1122,472,88,0.465909,0.718364,0.719024,0.007821,,,,,,,,GLOBAL_BASELINE_NO_ENTITY_RANKING,,,NOT_APPLICABLE_GLOBAL_BASELINE,HF9g-P5,,,,X 全窗基线 · 不参与实体赏罚,8392189,840,A168_HF9F_20260827_0900,2026-08-27 09:00:00
2026-06-07,142615618,2108,0,48.8595160336,0E-10,0E-10,,4,2,0.39581902500000579,0.396936125000,,,,-0.00111709999999421,NO_DECISIVE_ROUND,R03b_20260811_FULL_v1,L1_ELIGIBILITY,v2026-08-11,2026-03-21..2026-08-06,baccarat_bet02_101_all_pairs_incl_sentinel,round_win = game_pnl > 0 (decisive only),COMPATIBILITY_ONLY_NOT_PRODUCTION,41482.8302,37695.3747,481.4946,2758,2236,-0.01160708,-0.15915119,-0.01126008,-0.01160708,-481.4946,41482.8302,OK,0.0000,19.2598,4.0000,96.0000,AG03-UNRESOLVED,ALL5_LEVELS_bet23_to_bet27,19.2598,19.2598,19.2598,24.0747,24.0747,4.000000,4.000000,4.000000,5.000000,5.000000,96.000000,96.000000,96.000000,95.000000,95.000000,5.0,105.9288,97.0336,375.5658,384.461,PENDING_AG03,FALSE,NOT_FOR_ENFORCEMENT,462.2348,36187.5597,481.4946,462.2348,19.2598,0.01160708,0.01114280,19.2598,462.2348,0.01114280,19.2598,19.2598,19.2598,24.0747,24.0747,462.2348,0.01114280,105.9288,97.0336,375.5658,384.461,0.00905352,0.00926795,0.00046428,15.0409,16.8584,0.2153,11.7438,0.4291,1011.7763,54.5366,10.8148,15.0547,10.2862,13.088,13.088,26.176,34.6568,52.3519,13.088,-5.1891,2.647988,4.0,1.149216,29,158,24,5,0.00234634,0.01160708,0.15915119,0E-8,0.000000,0.908698,0.000000,-0.14789112,2026-04-14,2026-07-10,41,1122,472,88,0.465909,0.718364,0.719024,0.007821,,,,,,,,GLOBAL_BASELINE_NO_ENTITY_RANKING,,,NOT_APPLICABLE_GLOBAL_BASELINE,HF9g-P5,,,,X 全窗基线 · 不参与实体赏罚,8392190,840,A168_HF9F_20260827_0900,2026-08-27 09:00:00
2026-06-07,142615618,2170,0,12.8577673773,12.2148790084,12.2148790084,1.0000000,1,1,0.50665070000000000,0.506650700000,0.9867858985152569,0.9867858985152569,0.9867858985152569,0E-17,ELIGIBLE,R03b_20260811_FULL_v1,L1_ELIGIBILITY,v2026-08-11,2026-03-21..2026-08-06,baccarat_bet02_101_all_pairs_incl_sentinel,round_win = game_pnl > 0 (decisive only),COMPATIBILITY_ONLY_NOT_PRODUCTION,41482.8302,37695.3747,481.4946,2758,2236,-0.01160708,-0.15915119,-0.01126008,-0.01160708,-481.4946,41482.8302,OK,0.0000,19.2598,4.0000,96.0000,AG03-UNRESOLVED,ALL5_LEVELS_bet23_to_bet27,19.2598,19.2598,19.2598,24.0747,24.0747,4.000000,4.000000,4.000000,5.000000,5.000000,96.000000,96.000000,96.000000,95.000000,95.000000,5.0,105.9288,97.0336,375.5658,384.461,PENDING_AG03,FALSE,NOT_FOR_ENFORCEMENT,462.2348,36187.5597,481.4946,462.2348,19.2598,0.01160708,0.01114280,19.2598,462.2348,0.01114280,19.2598,19.2598,19.2598,24.0747,24.0747,462.2348,0.01114280,105.9288,97.0336,375.5658,384.461,0.00905352,0.00926795,0.00046428,15.0409,16.8584,0.2153,11.7438,0.4291,1011.7763,54.5366,10.8148,15.0547,10.2862,13.088,13.088,26.176,34.6568,52.3519,13.088,-5.1891,2.647988,4.0,1.149216,29,158,24,5,0.00234634,0.01160708,0.15915119,0E-8,0.000000,0.908698,0.000000,-0.14789112,2026-04-14,2026-07-10,41,1122,472,88,0.465909,0.718364,0.719024,0.007821,,,,,,,,GLOBAL_BASELINE_NO_ENTITY_RANKING,,,NOT_APPLICABLE_GLOBAL_BASELINE,HF9g-P5,,,,X 全窗基线 · 不参与实体赏罚,8392191,840,A168_HF9F_20260827_0900,2026-08-27 09:00:00
2026-06-07,142615618,2222,0,15.4293208527,41.1448556073,41.1448556073,1.0000000,2,1,0.36036460000000000,0.293924150000,1.3322790070060766,1.549915577879723,1.3322790070060766,0.06644045000000000,ELIGIBLE,R03b_20260811_FULL_v1,L1_ELIGIBILITY,v2026-08-11,2026-03-21..2026-08-06,baccarat_bet02_101_all_pairs_incl_sentinel,round_win = game_pnl > 0 (decisive only),COMPATIBILITY_ONLY_NOT_PRODUCTION,41482.8302,37695.3747,481.4946,2758,2236,-0.01160708,-0.15915119,-0.01126008,-0.01160708,-481.4946,41482.8302,OK,0.0000,19.2598,4.0000,96.0000,AG03-UNRESOLVED,ALL5_LEVELS_bet23_to_bet27,19.2598,19.2598,19.2598,24.0747,24.0747,4.000000,4.000000,4.000000,5.000000,5.000000,96.000000,96.000000,96.000000,95.000000,95.000000,5.0,105.9288,97.0336,375.5658,384.461,PENDING_AG03,FALSE,NOT_FOR_ENFORCEMENT,462.2348,36187.5597,481.4946,462.2348,19.2598,0.01160708,0.01114280,19.2598,462.2348,0.01114280,19.2598,19.2598,19.2598,24.0747,24.0747,462.2348,0.01114280,105.9288,97.0336,375.5658,384.461,0.00905352,0.00926795,0.00046428,15.0409,16.8584,0.2153,11.7438,0.4291,1011.7763,54.5366,10.8148,15.0547,10.2862,13.088,13.088,26.176,34.6568,52.3519,13.088,-5.1891,2.647988,4.0,1.149216,29,158,24,5,0.00234634,0.01160708,0.15915119,0E-8,0.000000,0.908698,0.000000,-0.14789112,2026-04-14,2026-07-10,41,1122,472,88,0.465909,0.718364,0.719024,0.007821,,,,,,,,GLOBAL_BASELINE_NO_ENTITY_RANKING,,,NOT_APPLICABLE_GLOBAL_BASELINE,HF9g-P5,,,,X 全窗基线 · 不参与实体赏罚,8392192,840,A168_HF9F_20260827_0900,2026-08-27 09:00:00
2026-06-07,142615618,2229,0,15.4293208527,15.4293208527,15.4293208527,1.0000000,2,2,0.49324550000000000,0.493245500000,1.4334489766152358,1.4334489766152358,1.4334489766152358,0E-17,ELIGIBLE,R03b_20260811_FULL_v1,L1_ELIGIBILITY,v2026-08-11,2026-03-21..2026-08-06,baccarat_bet02_101_all_pairs_incl_sentinel,round_win = game_pnl > 0 (decisive only),COMPATIBILITY_ONLY_NOT_PRODUCTION,41482.8302,37695.3747,481.4946,2758,2236,-0.01160708,-0.15915119,-0.01126008,-0.01160708,-481.4946,41482.8302,OK,0.0000,19.2598,4.0000,96.0000,AG03-UNRESOLVED,ALL5_LEVELS_bet23_to_bet27,19.2598,19.2598,19.2598,24.0747,24.0747,4.000000,4.000000,4.000000,5.000000,5.000000,96.000000,96.000000,96.000000,95.000000,95.000000,5.0,105.9288,97.0336,375.5658,384.461,PENDING_AG03,FALSE,NOT_FOR_ENFORCEMENT,462.2348,36187.5597,481.4946,462.2348,19.2598,0.01160708,0.01114280,19.2598,462.2348,0.01114280,19.2598,19.2598,19.2598,24.0747,24.0747,462.2348,0.01114280,105.9288,97.0336,375.5658,384.461,0.00905352,0.00926795,0.00046428,15.0409,16.8584,0.2153,11.7438,0.4291,1011.7763,54.5366,10.8148,15.0547,10.2862,13.088,13.088,26.176,34.6568,52.3519,13.088,-5.1891,2.647988,4.0,1.149216,29,158,24,5,0.00234634,0.01160708,0.15915119,0E-8,0.000000,0.908698,0.000000,-0.14789112,2026-04-14,2026-07-10,41,1122,472,88,0.465909,0.718364,0.719024,0.007821,,,,,,,,GLOBAL_BASELINE_NO_ENTITY_RANKING,,,NOT_APPLICABLE_GLOBAL_BASELINE,HF9g-P5,,,,X 全窗基线 · 不参与实体赏罚,8392193,840,A168_HF9F_20260827_0900,2026-08-27 09:00:00
2026-06-07,142615618,2233,0,5.1431069509,-5.1431069509,-5.1431069509,0E-7,1,1,0.09460280000000000,0.094602800000,-0.32324545095860213,-0.32324545095860213,-0.32324545095860213,0E-17,ELIGIBLE,R03b_20260811_FULL_v1,L1_ELIGIBILITY,v2026-08-11,2026-03-21..2026-08-06,baccarat_bet02_101_all_pairs_incl_sentinel,round_win = game_pnl > 0 (decisive only),COMPATIBILITY_ONLY_NOT_PRODUCTION,41482.8302,37695.3747,481.4946,2758,2236,-0.01160708,-0.15915119,-0.01126008,-0.01160708,-481.4946,41482.8302,OK,0.0000,19.2598,4.0000,96.0000,AG03-UNRESOLVED,ALL5_LEVELS_bet23_to_bet27,19.2598,19.2598,19.2598,24.0747,24.0747,4.000000,4.000000,4.000000,5.000000,5.000000,96.000000,96.000000,96.000000,95.000000,95.000000,5.0,105.9288,97.0336,375.5658,384.461,PENDING_AG03,FALSE,NOT_FOR_ENFORCEMENT,462.2348,36187.5597,481.4946,462.2348,19.2598,0.01160708,0.01114280,19.2598,462.2348,0.01114280,19.2598,19.2598,19.2598,24.0747,24.0747,462.2348,0.01114280,105.9288,97.0336,375.5658,384.461,0.00905352,0.00926795,0.00046428,15.0409,16.8584,0.2153,11.7438,0.4291,1011.7763,54.5366,10.8148,15.0547,10.2862,13.088,13.088,26.176,34.6568,52.3519,13.088,-5.1891,2.647988,4.0,1.149216,29,158,24,5,0.00234634,0.01160708,0.15915119,0E-8,0.000000,0.908698,0.000000,-0.14789112,2026-04-14,2026-07-10,41,1122,472,88,0.465909,0.718364,0.719024,0.007821,,,,,,,,GLOBAL_BASELINE_NO_ENTITY_RANKING,,,NOT_APPLICABLE_GLOBAL_BASELINE,HF9g-P5,,,,X 全窗基线 · 不参与实体赏罚,8392194,840,A168_HF9F_20260827_0900,2026-08-27 09:00:00
2026-06-07,142615618,2248,0,12.8577673773,-12.8577673773,-12.8577673773,0E-7,1,1,0.50665070000000000,0.506650700000,-1.013391052207602,-1.013391052207602,-1.013391052207602,0E-17,ELIGIBLE,R03b_20260811_FULL_v1,L1_ELIGIBILITY,v2026-08-11,2026-03-21..2026-08-06,baccarat_bet02_101_all_pairs_incl_sentinel,round_win = game_pnl > 0 (decisive only),COMPATIBILITY_ONLY_NOT_PRODUCTION,41482.8302,37695.3747,481.4946,2758,2236,-0.01160708,-0.15915119,-0.01126008,-0.01160708,-481.4946,41482.8302,OK,0.0000,19.2598,4.0000,96.0000,AG03-UNRESOLVED,ALL5_LEVELS_bet23_to_bet27,19.2598,19.2598,19.2598,24.0747,24.0747,4.000000,4.000000,4.000000,5.000000,5.000000,96.000000,96.000000,96.000000,95.000000,95.000000,5.0,105.9288,97.0336,375.5658,384.461,PENDING_AG03,FALSE,NOT_FOR_ENFORCEMENT,462.2348,36187.5597,481.4946,462.2348,19.2598,0.01160708,0.01114280,19.2598,462.2348,0.01114280,19.2598,19.2598,19.2598,24.0747,24.0747,462.2348,0.01114280,105.9288,97.0336,375.5658,384.461,0.00905352,0.00926795,0.00046428,15.0409,16.8584,0.2153,11.7438,0.4291,1011.7763,54.5366,10.8148,15.0547,10.2862,13.088,13.088,26.176,34.6568,52.3519,13.088,-5.1891,2.647988,4.0,1.149216,29,158,24,5,0.00234634,0.01160708,0.15915119,0E-8,0.000000,0.908698,0.000000,-0.14789112,2026-04-14,2026-07-10,41,1122,472,88,0.465909,0.718364,0.719024,0.007821,,,,,,,,GLOBAL_BASELINE_NO_ENTITY_RANKING,,,NOT_APPLICABLE_GLOBAL_BASELINE,HF9g-P5,,,,X 全窗基线 · 不参与实体赏罚,8392195,840,A168_HF9F_20260827_0900,2026-08-27 09:00:00
2026-06-07,142615618,919,0,12.8577673773,-12.8577673773,-12.8577673773,0E-7,1,1,0.49324550000000000,0.493245500000,-0.9865810262130424,-0.9865810262130424,-0.9865810262130424,0E-17,ELIGIBLE,R03b_20260811_FULL_v1,L1_ELIGIBILITY,v2026-08-11,2026-03-21..2026-08-06,baccarat_bet02_101_all_pairs_incl_sentinel,round_win = game_pnl > 0 (decisive only),COMPATIBILITY_ONLY_NOT_PRODUCTION,41482.8302,37695.3747,481.4946,2758,2236,-0.01160708,-0.15915119,-0.01126008,-0.01160708,-481.4946,41482.8302,OK,0.0000,19.2598,4.0000,96.0000,AG03-UNRESOLVED,ALL5_LEVELS_bet23_to_bet27,19.2598,19.2598,19.2598,24.0747,24.0747,4.000000,4.000000,4.000000,5.000000,5.000000,96.000000,96.000000,96.000000,95.000000,95.000000,5.0,105.9288,97.0336,375.5658,384.461,PENDING_AG03,FALSE,NOT_FOR_ENFORCEMENT,462.2348,36187.5597,481.4946,462.2348,19.2598,0.01160708,0.01114280,19.2598,462.2348,0.01114280,19.2598,19.2598,19.2598,24.0747,24.0747,462.2348,0.01114280,105.9288,97.0336,375.5658,384.461,0.00905352,0.00926795,0.00046428,15.0409,16.8584,0.2153,11.7438,0.4291,1011.7763,54.5366,10.8148,15.0547,10.2862,13.088,13.088,26.176,34.6568,52.3519,13.088,-5.1891,2.647988,4.0,1.149216,29,158,24,5,0.00234634,0.01160708,0.15915119,0E-8,0.000000,0.908698,0.000000,-0.14789112,2026-04-14,2026-07-10,41,1122,472,88,0.465909,0.718364,0.719024,0.007821,,,,,,,,GLOBAL_BASELINE_NO_ENTITY_RANKING,,,NOT_APPLICABLE_GLOBAL_BASELINE,HF9g-P5,,,,X 全窗基线 · 不参与实体赏罚,8392196,840,A168_HF9F_20260827_0900,2026-08-27 09:00:00
2026-06-08,142615618,-1,1,36.0017486564,9.6433255329,9.6433255329,0.6666667,3,3,0.49771390000000000,0.497713900000,0.5852756695216578,0.5852756695216578,0.5852756695216578,0E-17,SENTINEL_DEALER,R03b_20260811_FULL_v1,L1_ELIGIBILITY,v2026-08-11,2026-03-21..2026-08-06,baccarat_bet02_101_all_pairs_incl_sentinel,round_win = game_pnl > 0 (decisive only),COMPATIBILITY_ONLY_NOT_PRODUCTION,41482.8302,37695.3747,481.4946,2758,2236,-0.01160708,-0.15915119,-0.01126008,-0.01160708,-481.4946,41482.8302,OK,0.0000,19.2598,4.0000,96.0000,AG03-UNRESOLVED,ALL5_LEVELS_bet23_to_bet27,19.2598,19.2598,19.2598,24.0747,24.0747,4.000000,4.000000,4.000000,5.000000,5.000000,96.000000,96.000000,96.000000,95.000000,95.000000,5.0,105.9288,97.0336,375.5658,384.461,PENDING_AG03,FALSE,NOT_FOR_ENFORCEMENT,462.2348,36187.5597,481.4946,462.2348,19.2598,0.01160708,0.01114280,19.2598,462.2348,0.01114280,19.2598,19.2598,19.2598,24.0747,24.0747,462.2348,0.01114280,105.9288,97.0336,375.5658,384.461,0.00905352,0.00926795,0.00046428,15.0409,16.8584,0.2153,11.7438,0.4291,1011.7763,54.5366,10.8148,15.0547,10.2862,13.088,13.088,26.176,34.6568,52.3519,13.088,-5.1891,2.647988,4.0,1.149216,29,158,24,5,0.00234634,0.01160708,0.15915119,0E-8,0.000000,0.908698,0.000000,-0.14789112,2026-04-14,2026-07-10,41,1122,472,88,0.465909,0.718364,0.719024,0.007821,,,,,,,,GLOBAL_BASELINE_NO_ENTITY_RANKING,,,NOT_APPLICABLE_GLOBAL_BASELINE,HF9g-P5,,,,X 全窗基线 · 不参与实体赏罚,8392197,840,A168_HF9F_20260827_0900,2026-08-27 09:00:00
2026-06-08,142615618,1109,0,15.4293208527,10.2862139018,10.2862139018,1.0000000,2,2,0.49994810000000000,0.499948100000,1.0001038053877793,1.0001038053877793,1.0001038053877793,0E-17,ELIGIBLE,R03b_20260811_FULL_v1,L1_ELIGIBILITY,v2026-08-11,2026-03-21..2026-08-06,baccarat_bet02_101_all_pairs_incl_sentinel,round_win = game_pnl > 0 (decisive only),COMPATIBILITY_ONLY_NOT_PRODUCTION,41482.8302,37695.3747,481.4946,2758,2236,-0.01160708,-0.15915119,-0.01126008,-0.01160708,-481.4946,41482.8302,OK,0.0000,19.2598,4.0000,96.0000,AG03-UNRESOLVED,ALL5_LEVELS_bet23_to_bet27,19.2598,19.2598,19.2598,24.0747,24.0747,4.000000,4.000000,4.000000,5.000000,5.000000,96.000000,96.000000,96.000000,95.000000,95.000000,5.0,105.9288,97.0336,375.5658,384.461,PENDING_AG03,FALSE,NOT_FOR_ENFORCEMENT,462.2348,36187.5597,481.4946,462.2348,19.2598,0.01160708,0.01114280,19.2598,462.2348,0.01114280,19.2598,19.2598,19.2598,24.0747,24.0747,462.2348,0.01114280,105.9288,97.0336,375.5658,384.461,0.00905352,0.00926795,0.00046428,15.0409,16.8584,0.2153,11.7438,0.4291,1011.7763,54.5366,10.8148,15.0547,10.2862,13.088,13.088,26.176,34.6568,52.3519,13.088,-5.1891,2.647988,4.0,1.149216,29,158,24,5,0.00234634,0.01160708,0.15915119,0E-8,0.000000,0.908698,0.000000,-0.14789112,2026-04-14,2026-07-10,41,1122,472,88,0.465909,0.718364,0.719024,0.007821,,,,,,,,GLOBAL_BASELINE_NO_ENTITY_RANKING,,,NOT_APPLICABLE_GLOBAL_BASELINE,HF9g-P5,,,,X 全窗基线 · 不参与实体赏罚,8392198,840,A168_HF9F_20260827_0900,2026-08-27 09:00:00
2026-06-08,142615618,1714,0,10.2862139018,-10.2862139018,-10.2862139018,0E-7,1,1,0.49324550000000000,0.493245500000,-0.9865810262130424,-0.9865810262130424,-0.9865810262130424,0E-17,ELIGIBLE,R03b_20260811_FULL_v1,L1_ELIGIBILITY,v2026-08-11,2026-03-21..2026-08-06,baccarat_bet02_101_all_pairs_incl_sentinel,round_win = game_pnl > 0 (decisive only),COMPATIBILITY_ONLY_NOT_PRODUCTION,41482.8302,37695.3747,481.4946,2758,2236,-0.01160708,-0.15915119,-0.01126008,-0.01160708,-481.4946,41482.8302,OK,0.0000,19.2598,4.0000,96.0000,AG03-UNRESOLVED,ALL5_LEVELS_bet23_to_bet27,19.2598,19.2598,19.2598,24.0747,24.0747,4.000000,4.000000,4.000000,5.000000,5.000000,96.000000,96.000000,96.000000,95.000000,95.000000,5.0,105.9288,97.0336,375.5658,384.461,PENDING_AG03,FALSE,NOT_FOR_ENFORCEMENT,462.2348,36187.5597,481.4946,462.2348,19.2598,0.01160708,0.01114280,19.2598,462.2348,0.01114280,19.2598,19.2598,19.2598,24.0747,24.0747,462.2348,0.01114280,105.9288,97.0336,375.5658,384.461,0.00905352,0.00926795,0.00046428,15.0409,16.8584,0.2153,11.7438,0.4291,1011.7763,54.5366,10.8148,15.0547,10.2862,13.088,13.088,26.176,34.6568,52.3519,13.088,-5.1891,2.647988,4.0,1.149216,29,158,24,5,0.00234634,0.01160708,0.15915119,0E-8,0.000000,0.908698,0.000000,-0.14789112,2026-04-14,2026-07-10,41,1122,472,88,0.465909,0.718364,0.719024,0.007821,,,,,,,,GLOBAL_BASELINE_NO_ENTITY_RANKING,,,NOT_APPLICABLE_GLOBAL_BASELINE,HF9g-P5,,,,X 全窗基线 · 不参与实体赏罚,8392199,840,A168_HF9F_20260827_0900,2026-08-27 09:00:00
2026-06-08,142615618,1942,0,5.1431069509,-5.1431069509,-5.1431069509,0E-7,1,1,0.50665070000000000,0.506650700000,-1.013391052207602,-1.013391052207602,-1.013391052207602,0E-17,ELIGIBLE,R03b_20260811_FULL_v1,L1_ELIGIBILITY,v2026-08-11,2026-03-21..2026-08-06,baccarat_bet02_101_all_pairs_incl_sentinel,round_win = game_pnl > 0 (decisive only),COMPATIBILITY_ONLY_NOT_PRODUCTION,41482.8302,37695.3747,481.4946,2758,2236,-0.01160708,-0.15915119,-0.01126008,-0.01160708,-481.4946,41482.8302,OK,0.0000,19.2598,4.0000,96.0000,AG03-UNRESOLVED,ALL5_LEVELS_bet23_to_bet27,19.2598,19.2598,19.2598,24.0747,24.0747,4.000000,4.000000,4.000000,5.000000,5.000000,96.000000,96.000000,96.000000,95.000000,95.000000,5.0,105.9288,97.0336,375.5658,384.461,PENDING_AG03,FALSE,NOT_FOR_ENFORCEMENT,462.2348,36187.5597,481.4946,462.2348,19.2598,0.01160708,0.01114280,19.2598,462.2348,0.01114280,19.2598,19.2598,19.2598,24.0747,24.0747,462.2348,0.01114280,105.9288,97.0336,375.5658,384.461,0.00905352,0.00926795,0.00046428,15.0409,16.8584,0.2153,11.7438,0.4291,1011.7763,54.5366,10.8148,15.0547,10.2862,13.088,13.088,26.176,34.6568,52.3519,13.088,-5.1891,2.647988,4.0,1.149216,29,158,24,5,0.00234634,0.01160708,0.15915119,0E-8,0.000000,0.908698,0.000000,-0.14789112,2026-04-14,2026-07-10,41,1122,472,88,0.465909,0.718364,0.719024,0.007821,,,,,,,,GLOBAL_BASELINE_NO_ENTITY_RANKING,,,NOT_APPLICABLE_GLOBAL_BASELINE,HF9g-P5,,,,X 全窗基线 · 不参与实体赏罚,8392200,840,A168_HF9F_20260827_0900,2026-08-27 09:00:00
2026-06-08,142615618,2220,0,10.2862139018,-10.2862139018,-10.2862139018,0E-7,1,1,0.49324550000000000,0.493245500000,-0.9865810262130424,-0.9865810262130424,-0.9865810262130424,0E-17,ELIGIBLE,R03b_20260811_FULL_v1,L1_ELIGIBILITY,v2026-08-11,2026-03-21..2026-08-06,baccarat_bet02_101_all_pairs_incl_sentinel,round_win = game_pnl > 0 (decisive only),COMPATIBILITY_ONLY_NOT_PRODUCTION,41482.8302,37695.3747,481.4946,2758,2236,-0.01160708,-0.15915119,-0.01126008,-0.01160708,-481.4946,41482.8302,OK,0.0000,19.2598,4.0000,96.0000,AG03-UNRESOLVED,ALL5_LEVELS_bet23_to_bet27,19.2598,19.2598,19.2598,24.0747,24.0747,4.000000,4.000000,4.000000,5.000000,5.000000,96.000000,96.000000,96.000000,95.000000,95.000000,5.0,105.9288,97.0336,375.5658,384.461,PENDING_AG03,FALSE,NOT_FOR_ENFORCEMENT,462.2348,36187.5597,481.4946,462.2348,19.2598,0.01160708,0.01114280,19.2598,462.2348,0.01114280,19.2598,19.2598,19.2598,24.0747,24.0747,462.2348,0.01114280,105.9288,97.0336,375.5658,384.461,0.00905352,0.00926795,0.00046428,15.0409,16.8584,0.2153,11.7438,0.4291,1011.7763,54.5366,10.8148,15.0547,10.2862,13.088,13.088,26.176,34.6568,52.3519,13.088,-5.1891,2.647988,4.0,1.149216,29,158,24,5,0.00234634,0.01160708,0.15915119,0E-8,0.000000,0.908698,0.000000,-0.14789112,2026-04-14,2026-07-10,41,1122,472,88,0.465909,0.718364,0.719024,0.007821,,,,,,,,GLOBAL_BASELINE_NO_ENTITY_RANKING,,,NOT_APPLICABLE_GLOBAL_BASELINE,HF9g-P5,,,,X 全窗基线 · 不参与实体赏罚,8392201,840,A168_HF9F_20260827_0900,2026-08-27 09:00:00
2026-06-08,142615618,2234,0,10.2862139018,9.7719032067,9.7719032067,1.0000000,1,1,0.50665070000000000,0.506650700000,0.9867858985152569,0.9867858985152569,0.9867858985152569,0E-17,ELIGIBLE,R03b_20260811_FULL_v1,L1_ELIGIBILITY,v2026-08-11,2026-03-21..2026-08-06,baccarat_bet02_101_all_pairs_incl_sentinel,round_win = game_pnl > 0 (decisive only),COMPATIBILITY_ONLY_NOT_PRODUCTION,41482.8302,37695.3747,481.4946,2758,2236,-0.01160708,-0.15915119,-0.01126008,-0.01160708,-481.4946,41482.8302,OK,0.0000,19.2598,4.0000,96.0000,AG03-UNRESOLVED,ALL5_LEVELS_bet23_to_bet27,19.2598,19.2598,19.2598,24.0747,24.0747,4.000000,4.000000,4.000000,5.000000,5.000000,96.000000,96.000000,96.000000,95.000000,95.000000,5.0,105.9288,97.0336,375.5658,384.461,PENDING_AG03,FALSE,NOT_FOR_ENFORCEMENT,462.2348,36187.5597,481.4946,462.2348,19.2598,0.01160708,0.01114280,19.2598,462.2348,0.01114280,19.2598,19.2598,19.2598,24.0747,24.0747,462.2348,0.01114280,105.9288,97.0336,375.5658,384.461,0.00905352,0.00926795,0.00046428,15.0409,16.8584,0.2153,11.7438,0.4291,1011.7763,54.5366,10.8148,15.0547,10.2862,13.088,13.088,26.176,34.6568,52.3519,13.088,-5.1891,2.647988,4.0,1.149216,29,158,24,5,0.00234634,0.01160708,0.15915119,0E-8,0.000000,0.908698,0.000000,-0.14789112,2026-04-14,2026-07-10,41,1122,472,88,0.465909,0.718364,0.719024,0.007821,,,,,,,,GLOBAL_BASELINE_NO_ENTITY_RANKING,,,NOT_APPLICABLE_GLOBAL_BASELINE,HF9g-P5,,,,X 全窗基线 · 不参与实体赏罚,8392202,840,A168_HF9F_20260827_0900,2026-08-27 09:00:00
2026-06-08,142615618,2254,0,5.1431069509,-5.1431069509,-5.1431069509,0E-7,1,1,0.50665070000000000,0.506650700000,-1.013391052207602,-1.013391052207602,-1.013391052207602,0E-17,ELIGIBLE,R03b_20260811_FULL_v1,L1_ELIGIBILITY,v2026-08-11,2026-03-21..2026-08-06,baccarat_bet02_101_all_pairs_incl_sentinel,round_win = game_pnl > 0 (decisive only),COMPATIBILITY_ONLY_NOT_PRODUCTION,41482.8302,37695.3747,481.4946,2758,2236,-0.01160708,-0.15915119,-0.01126008,-0.01160708,-481.4946,41482.8302,OK,0.0000,19.2598,4.0000,96.0000,AG03-UNRESOLVED,ALL5_LEVELS_bet23_to_bet27,19.2598,19.2598,19.2598,24.0747,24.0747,4.000000,4.000000,4.000000,5.000000,5.000000,96.000000,96.000000,96.000000,95.000000,95.000000,5.0,105.9288,97.0336,375.5658,384.461,PENDING_AG03,FALSE,NOT_FOR_ENFORCEMENT,462.2348,36187.5597,481.4946,462.2348,19.2598,0.01160708,0.01114280,19.2598,462.2348,0.01114280,19.2598,19.2598,19.2598,24.0747,24.0747,462.2348,0.01114280,105.9288,97.0336,375.5658,384.461,0.00905352,0.00926795,0.00046428,15.0409,16.8584,0.2153,11.7438,0.4291,1011.7763,54.5366,10.8148,15.0547,10.2862,13.088,13.088,26.176,34.6568,52.3519,13.088,-5.1891,2.647988,4.0,1.149216,29,158,24,5,0.00234634,0.01160708,0.15915119,0E-8,0.000000,0.908698,0.000000,-0.14789112,2026-04-14,2026-07-10,41,1122,472,88,0.465909,0.718364,0.719024,0.007821,,,,,,,,GLOBAL_BASELINE_NO_ENTITY_RANKING,,,NOT_APPLICABLE_GLOBAL_BASELINE,HF9g-P5,,,,X 全窗基线 · 不参与实体赏罚,8392203,840,A168_HF9F_20260827_0900,2026-08-27 09:00:00
2026-06-08,142615618,462,0,10.2862139018,-10.2862139018,-10.2862139018,0E-7,1,1,0.50665070000000000,0.506650700000,-1.013391052207602,-1.013391052207602,-1.013391052207602,0E-17,ELIGIBLE,R03b_20260811_FULL_v1,L1_ELIGIBILITY,v2026-08-11,2026-03-21..2026-08-06,baccarat_bet02_101_all_pairs_incl_sentinel,round_win = game_pnl > 0 (decisive only),COMPATIBILITY_ONLY_NOT_PRODUCTION,41482.8302,37695.3747,481.4946,2758,2236,-0.01160708,-0.15915119,-0.01126008,-0.01160708,-481.4946,41482.8302,OK,0.0000,19.2598,4.0000,96.0000,AG03-UNRESOLVED,ALL5_LEVELS_bet23_to_bet27,19.2598,19.2598,19.2598,24.0747,24.0747,4.000000,4.000000,4.000000,5.000000,5.000000,96.000000,96.000000,96.000000,95.000000,95.000000,5.0,105.9288,97.0336,375.5658,384.461,PENDING_AG03,FALSE,NOT_FOR_ENFORCEMENT,462.2348,36187.5597,481.4946,462.2348,19.2598,0.01160708,0.01114280,19.2598,462.2348,0.01114280,19.2598,19.2598,19.2598,24.0747,24.0747,462.2348,0.01114280,105.9288,97.0336,375.5658,384.461,0.00905352,0.00926795,0.00046428,15.0409,16.8584,0.2153,11.7438,0.4291,1011.7763,54.5366,10.8148,15.0547,10.2862,13.088,13.088,26.176,34.6568,52.3519,13.088,-5.1891,2.647988,4.0,1.149216,29,158,24,5,0.00234634,0.01160708,0.15915119,0E-8,0.000000,0.908698,0.000000,-0.14789112,2026-04-14,2026-07-10,41,1122,472,88,0.465909,0.718364,0.719024,0.007821,,,,,,,,GLOBAL_BASELINE_NO_ENTITY_RANKING,,,NOT_APPLICABLE_GLOBAL_BASELINE,HF9g-P5,,,,X 全窗基线 · 不参与实体赏罚,8392204,840,A168_HF9F_20260827_0900,2026-08-27 09:00:00
2026-06-08,142615618,789,0,15.4293208527,5.1431069509,5.1431069509,1.0000000,2,1,0.36036460000000000,0.293924150000,1.3322790070060766,1.549915577879723,1.3322790070060766,0.06644045000000000,ELIGIBLE,R03b_20260811_FULL_v1,L1_ELIGIBILITY,v2026-08-11,2026-03-21..2026-08-06,baccarat_bet02_101_all_pairs_incl_sentinel,round_win = game_pnl > 0 (decisive only),COMPATIBILITY_ONLY_NOT_PRODUCTION,41482.8302,37695.3747,481.4946,2758,2236,-0.01160708,-0.15915119,-0.01126008,-0.01160708,-481.4946,41482.8302,OK,0.0000,19.2598,4.0000,96.0000,AG03-UNRESOLVED,ALL5_LEVELS_bet23_to_bet27,19.2598,19.2598,19.2598,24.0747,24.0747,4.000000,4.000000,4.000000,5.000000,5.000000,96.000000,96.000000,96.000000,95.000000,95.000000,5.0,105.9288,97.0336,375.5658,384.461,PENDING_AG03,FALSE,NOT_FOR_ENFORCEMENT,462.2348,36187.5597,481.4946,462.2348,19.2598,0.01160708,0.01114280,19.2598,462.2348,0.01114280,19.2598,19.2598,19.2598,24.0747,24.0747,462.2348,0.01114280,105.9288,97.0336,375.5658,384.461,0.00905352,0.00926795,0.00046428,15.0409,16.8584,0.2153,11.7438,0.4291,1011.7763,54.5366,10.8148,15.0547,10.2862,13.088,13.088,26.176,34.6568,52.3519,13.088,-5.1891,2.647988,4.0,1.149216,29,158,24,5,0.00234634,0.01160708,0.15915119,0E-8,0.000000,0.908698,0.000000,-0.14789112,2026-04-14,2026-07-10,41,1122,472,88,0.465909,0.718364,0.719024,0.007821,,,,,,,,GLOBAL_BASELINE_NO_ENTITY_RANKING,,,NOT_APPLICABLE_GLOBAL_BASELINE,HF9g-P5,,,,X 全窗基线 · 不参与实体赏罚,8392205,840,A168_HF9F_20260827_0900,2026-08-27 09:00:00
2026-06-08,142615618,987,0,10.2862139018,10.2862139018,10.2862139018,1.0000000,1,1,0.49324550000000000,0.493245500000,1.01360149184955,1.01360149184955,1.01360149184955,0E-17,ELIGIBLE,R03b_20260811_FULL_v1,L1_ELIGIBILITY,v2026-08-11,2026-03-21..2026-08-06,baccarat_bet02_101_all_pairs_incl_sentinel,round_win = game_pnl > 0 (decisive only),COMPATIBILITY_ONLY_NOT_PRODUCTION,41482.8302,37695.3747,481.4946,2758,2236,-0.01160708,-0.15915119,-0.01126008,-0.01160708,-481.4946,41482.8302,OK,0.0000,19.2598,4.0000,96.0000,AG03-UNRESOLVED,ALL5_LEVELS_bet23_to_bet27,19.2598,19.2598,19.2598,24.0747,24.0747,4.000000,4.000000,4.000000,5.000000,5.000000,96.000000,96.000000,96.000000,95.000000,95.000000,5.0,105.9288,97.0336,375.5658,384.461,PENDING_AG03,FALSE,NOT_FOR_ENFORCEMENT,462.2348,36187.5597,481.4946,462.2348,19.2598,0.01160708,0.01114280,19.2598,462.2348,0.01114280,19.2598,19.2598,19.2598,24.0747,24.0747,462.2348,0.01114280,105.9288,97.0336,375.5658,384.461,0.00905352,0.00926795,0.00046428,15.0409,16.8584,0.2153,11.7438,0.4291,1011.7763,54.5366,10.8148,15.0547,10.2862,13.088,13.088,26.176,34.6568,52.3519,13.088,-5.1891,2.647988,4.0,1.149216,29,158,24,5,0.00234634,0.01160708,0.15915119,0E-8,0.000000,0.908698,0.000000,-0.14789112,2026-04-14,2026-07-10,41,1122,472,88,0.465909,0.718364,0.719024,0.007821,,,,,,,,GLOBAL_BASELINE_NO_ENTITY_RANKING,,,NOT_APPLICABLE_GLOBAL_BASELINE,HF9g-P5,,,,X 全窗基线 · 不参与实体赏罚,8392206,840,A168_HF9F_20260827_0900,2026-08-27 09:00:00
2026-06-09,142615618,2177,0,4.1144855607,-4.1144855607,-4.1144855607,0E-7,1,1,0.49324550000000000,0.493245500000,-0.9865810262130424,-0.9865810262130424,-0.9865810262130424,0E-17,ELIGIBLE,R03b_20260811_FULL_v1,L1_ELIGIBILITY,v2026-08-11,2026-03-21..2026-08-06,baccarat_bet02_101_all_pairs_incl_sentinel,round_win = game_pnl > 0 (decisive only),COMPATIBILITY_ONLY_NOT_PRODUCTION,41482.8302,37695.3747,481.4946,2758,2236,-0.01160708,-0.15915119,-0.01126008,-0.01160708,-481.4946,41482.8302,OK,0.0000,19.2598,4.0000,96.0000,AG03-UNRESOLVED,ALL5_LEVELS_bet23_to_bet27,19.2598,19.2598,19.2598,24.0747,24.0747,4.000000,4.000000,4.000000,5.000000,5.000000,96.000000,96.000000,96.000000,95.000000,95.000000,5.0,105.9288,97.0336,375.5658,384.461,PENDING_AG03,FALSE,NOT_FOR_ENFORCEMENT,462.2348,36187.5597,481.4946,462.2348,19.2598,0.01160708,0.01114280,19.2598,462.2348,0.01114280,19.2598,19.2598,19.2598,24.0747,24.0747,462.2348,0.01114280,105.9288,97.0336,375.5658,384.461,0.00905352,0.00926795,0.00046428,15.0409,16.8584,0.2153,11.7438,0.4291,1011.7763,54.5366,10.8148,15.0547,10.2862,13.088,13.088,26.176,34.6568,52.3519,13.088,-5.1891,2.647988,4.0,1.149216,29,158,24,5,0.00234634,0.01160708,0.15915119,0E-8,0.000000,0.908698,0.000000,-0.14789112,2026-04-14,2026-07-10,41,1122,472,88,0.465909,0.718364,0.719024,0.007821,,,,,,,,GLOBAL_BASELINE_NO_ENTITY_RANKING,,,NOT_APPLICABLE_GLOBAL_BASELINE,HF9g-P5,,,,X 全窗基线 · 不参与实体赏罚,8392207,840,A168_HF9F_20260827_0900,2026-08-27 09:00:00
2026-06-10,142615618,1957,0,6.1717283411,-6.1717283411,-6.1717283411,0E-7,1,1,0.49324550000000000,0.493245500000,-0.9865810262130424,-0.9865810262130424,-0.9865810262130424,0E-17,ELIGIBLE,R03b_20260811_FULL_v1,L1_ELIGIBILITY,v2026-08-11,2026-03-21..2026-08-06,baccarat_bet02_101_all_pairs_incl_sentinel,round_win = game_pnl > 0 (decisive only),COMPATIBILITY_ONLY_NOT_PRODUCTION,41482.8302,37695.3747,481.4946,2758,2236,-0.01160708,-0.15915119,-0.01126008,-0.01160708,-481.4946,41482.8302,OK,0.0000,19.2598,4.0000,96.0000,AG03-UNRESOLVED,ALL5_LEVELS_bet23_to_bet27,19.2598,19.2598,19.2598,24.0747,24.0747,4.000000,4.000000,4.000000,5.000000,5.000000,96.000000,96.000000,96.000000,95.000000,95.000000,5.0,105.9288,97.0336,375.5658,384.461,PENDING_AG03,FALSE,NOT_FOR_ENFORCEMENT,462.2348,36187.5597,481.4946,462.2348,19.2598,0.01160708,0.01114280,19.2598,462.2348,0.01114280,19.2598,19.2598,19.2598,24.0747,24.0747,462.2348,0.01114280,105.9288,97.0336,375.5658,384.461,0.00905352,0.00926795,0.00046428,15.0409,16.8584,0.2153,11.7438,0.4291,1011.7763,54.5366,10.8148,15.0547,10.2862,13.088,13.088,26.176,34.6568,52.3519,13.088,-5.1891,2.647988,4.0,1.149216,29,158,24,5,0.00234634,0.01160708,0.15915119,0E-8,0.000000,0.908698,0.000000,-0.14789112,2026-04-14,2026-07-10,41,1122,472,88,0.465909,0.718364,0.719024,0.007821,,,,,,,,GLOBAL_BASELINE_NO_ENTITY_RANKING,,,NOT_APPLICABLE_GLOBAL_BASELINE,HF9g-P5,,,,X 全窗基线 · 不参与实体赏罚,8392208,840,A168_HF9F_20260827_0900,2026-08-27 09:00:00
2026-06-11,142615618,-1,1,228.3539486202,-1.6715097590,-1.6715097590,0.5454545,15,12,0.46821734166666667,0.451234862500,0.5133718516141323,0.6279765137582893,0.5133718516141323,0.01698247916666667,SENTINEL_DEALER,R03b_20260811_FULL_v1,L1_ELIGIBILITY,v2026-08-11,2026-03-21..2026-08-06,baccarat_bet02_101_all_pairs_incl_sentinel,round_win = game_pnl > 0 (decisive only),COMPATIBILITY_ONLY_NOT_PRODUCTION,41482.8302,37695.3747,481.4946,2758,2236,-0.01160708,-0.15915119,-0.01126008,-0.01160708,-481.4946,41482.8302,OK,0.0000,19.2598,4.0000,96.0000,AG03-UNRESOLVED,ALL5_LEVELS_bet23_to_bet27,19.2598,19.2598,19.2598,24.0747,24.0747,4.000000,4.000000,4.000000,5.000000,5.000000,96.000000,96.000000,96.000000,95.000000,95.000000,5.0,105.9288,97.0336,375.5658,384.461,PENDING_AG03,FALSE,NOT_FOR_ENFORCEMENT,462.2348,36187.5597,481.4946,462.2348,19.2598,0.01160708,0.01114280,19.2598,462.2348,0.01114280,19.2598,19.2598,19.2598,24.0747,24.0747,462.2348,0.01114280,105.9288,97.0336,375.5658,384.461,0.00905352,0.00926795,0.00046428,15.0409,16.8584,0.2153,11.7438,0.4291,1011.7763,54.5366,10.8148,15.0547,10.2862,13.088,13.088,26.176,34.6568,52.3519,13.088,-5.1891,2.647988,4.0,1.149216,29,158,24,5,0.00234634,0.01160708,0.15915119,0E-8,0.000000,0.908698,0.000000,-0.14789112,2026-04-14,2026-07-10,41,1122,472,88,0.465909,0.718364,0.719024,0.007821,,,,,,,,GLOBAL_BASELINE_NO_ENTITY_RANKING,,,NOT_APPLICABLE_GLOBAL_BASELINE,HF9g-P5,,,,X 全窗基线 · 不参与实体赏罚,8392209,840,A168_HF9F_20260827_0900,2026-08-27 09:00:00
2026-06-11,142615618,1109,0,56.5741764600,145.9356597320,145.9356597320,1.0000000,6,4,0.40519275714293890,0.400287425000,2.4231889668174253,2.44802359764222,2.4231889668174253,0.00490533214293890,ELIGIBLE,R03b_20260811_FULL_v1,L1_ELIGIBILITY,v2026-08-11,2026-03-21..2026-08-06,baccarat_bet02_101_all_pairs_incl_sentinel,round_win = game_pnl > 0 (decisive only),COMPATIBILITY_ONLY_NOT_PRODUCTION,41482.8302,37695.3747,481.4946,2758,2236,-0.01160708,-0.15915119,-0.01126008,-0.01160708,-481.4946,41482.8302,OK,0.0000,19.2598,4.0000,96.0000,AG03-UNRESOLVED,ALL5_LEVELS_bet23_to_bet27,19.2598,19.2598,19.2598,24.0747,24.0747,4.000000,4.000000,4.000000,5.000000,5.000000,96.000000,96.000000,96.000000,95.000000,95.000000,5.0,105.9288,97.0336,375.5658,384.461,PENDING_AG03,FALSE,NOT_FOR_ENFORCEMENT,462.2348,36187.5597,481.4946,462.2348,19.2598,0.01160708,0.01114280,19.2598,462.2348,0.01114280,19.2598,19.2598,19.2598,24.0747,24.0747,462.2348,0.01114280,105.9288,97.0336,375.5658,384.461,0.00905352,0.00926795,0.00046428,15.0409,16.8584,0.2153,11.7438,0.4291,1011.7763,54.5366,10.8148,15.0547,10.2862,13.088,13.088,26.176,34.6568,52.3519,13.088,-5.1891,2.647988,4.0,1.149216,29,158,24,5,0.00234634,0.01160708,0.15915119,0E-8,0.000000,0.908698,0.000000,-0.14789112,2026-04-14,2026-07-10,41,1122,472,88,0.465909,0.718364,0.719024,0.007821,,,,,,,,GLOBAL_BASELINE_NO_ENTITY_RANKING,,,NOT_APPLICABLE_GLOBAL_BASELINE,HF9g-P5,,,,X 全窗基线 · 不参与实体赏罚,8392210,840,A168_HF9F_20260827_0900,2026-08-27 09:00:00
2026-06-11,142615618,1941,0,12.8577673773,12.8577673773,12.8577673773,1.0000000,1,1,0.49324550000000000,0.493245500000,1.01360149184955,1.01360149184955,1.01360149184955,0E-17,ELIGIBLE,R03b_20260811_FULL_v1,L1_ELIGIBILITY,v2026-08-11,2026-03-21..2026-08-06,baccarat_bet02_101_all_pairs_incl_sentinel,round_win = game_pnl > 0 (decisive only),COMPATIBILITY_ONLY_NOT_PRODUCTION,41482.8302,37695.3747,481.4946,2758,2236,-0.01160708,-0.15915119,-0.01126008,-0.01160708,-481.4946,41482.8302,OK,0.0000,19.2598,4.0000,96.0000,AG03-UNRESOLVED,ALL5_LEVELS_bet23_to_bet27,19.2598,19.2598,19.2598,24.0747,24.0747,4.000000,4.000000,4.000000,5.000000,5.000000,96.000000,96.000000,96.000000,95.000000,95.000000,5.0,105.9288,97.0336,375.5658,384.461,PENDING_AG03,FALSE,NOT_FOR_ENFORCEMENT,462.2348,36187.5597,481.4946,462.2348,19.2598,0.01160708,0.01114280,19.2598,462.2348,0.01114280,19.2598,19.2598,19.2598,24.0747,24.0747,462.2348,0.01114280,105.9288,97.0336,375.5658,384.461,0.00905352,0.00926795,0.00046428,15.0409,16.8584,0.2153,11.7438,0.4291,1011.7763,54.5366,10.8148,15.0547,10.2862,13.088,13.088,26.176,34.6568,52.3519,13.088,-5.1891,2.647988,4.0,1.149216,29,158,24,5,0.00234634,0.01160708,0.15915119,0E-8,0.000000,0.908698,0.000000,-0.14789112,2026-04-14,2026-07-10,41,1122,472,88,0.465909,0.718364,0.719024,0.007821,,,,,,,,GLOBAL_BASELINE_NO_ENTITY_RANKING,,,NOT_APPLICABLE_GLOBAL_BASELINE,HF9g-P5,,,,X 全窗基线 · 不参与实体赏罚,8392211,840,A168_HF9F_20260827_0900,2026-08-27 09:00:00
2026-06-11,142615618,2072,0,15.4293208527,5.1431069509,5.1431069509,1.0000000,2,1,0.36036460000000000,0.293924150000,1.3322790070060766,1.549915577879723,1.3322790070060766,0.06644045000000000,ELIGIBLE,R03b_20260811_FULL_v1,L1_ELIGIBILITY,v2026-08-11,2026-03-21..2026-08-06,baccarat_bet02_101_all_pairs_incl_sentinel,round_win = game_pnl > 0 (decisive only),COMPATIBILITY_ONLY_NOT_PRODUCTION,41482.8302,37695.3747,481.4946,2758,2236,-0.01160708,-0.15915119,-0.01126008,-0.01160708,-481.4946,41482.8302,OK,0.0000,19.2598,4.0000,96.0000,AG03-UNRESOLVED,ALL5_LEVELS_bet23_to_bet27,19.2598,19.2598,19.2598,24.0747,24.0747,4.000000,4.000000,4.000000,5.000000,5.000000,96.000000,96.000000,96.000000,95.000000,95.000000,5.0,105.9288,97.0336,375.5658,384.461,PENDING_AG03,FALSE,NOT_FOR_ENFORCEMENT,462.2348,36187.5597,481.4946,462.2348,19.2598,0.01160708,0.01114280,19.2598,462.2348,0.01114280,19.2598,19.2598,19.2598,24.0747,24.0747,462.2348,0.01114280,105.9288,97.0336,375.5658,384.461,0.00905352,0.00926795,0.00046428,15.0409,16.8584,0.2153,11.7438,0.4291,1011.7763,54.5366,10.8148,15.0547,10.2862,13.088,13.088,26.176,34.6568,52.3519,13.088,-5.1891,2.647988,4.0,1.149216,29,158,24,5,0.00234634,0.01160708,0.15915119,0E-8,0.000000,0.908698,0.000000,-0.14789112,2026-04-14,2026-07-10,41,1122,472,88,0.465909,0.718364,0.719024,0.007821,,,,,,,,GLOBAL_BASELINE_NO_ENTITY_RANKING,,,NOT_APPLICABLE_GLOBAL_BASELINE,HF9g-P5,,,,X 全窗基线 · 不参与实体赏罚,8392212,840,A168_HF9F_20260827_0900,2026-08-27 09:00:00
2026-06-11,142615618,2103,0,25.7155347546,25.0726463857,25.0726463857,1.0000000,2,2,0.49994810000000000,0.499948100000,1.4143603653603398,1.4143603653603398,1.4143603653603398,0E-17,ELIGIBLE,R03b_20260811_FULL_v1,L1_ELIGIBILITY,v2026-08-11,2026-03-21..2026-08-06,baccarat_bet02_101_all_pairs_incl_sentinel,round_win = game_pnl > 0 (decisive only),COMPATIBILITY_ONLY_NOT_PRODUCTION,41482.8302,37695.3747,481.4946,2758,2236,-0.01160708,-0.15915119,-0.01126008,-0.01160708,-481.4946,41482.8302,OK,0.0000,19.2598,4.0000,96.0000,AG03-UNRESOLVED,ALL5_LEVELS_bet23_to_bet27,19.2598,19.2598,19.2598,24.0747,24.0747,4.000000,4.000000,4.000000,5.000000,5.000000,96.000000,96.000000,96.000000,95.000000,95.000000,5.0,105.9288,97.0336,375.5658,384.461,PENDING_AG03,FALSE,NOT_FOR_ENFORCEMENT,462.2348,36187.5597,481.4946,462.2348,19.2598,0.01160708,0.01114280,19.2598,462.2348,0.01114280,19.2598,19.2598,19.2598,24.0747,24.0747,462.2348,0.01114280,105.9288,97.0336,375.5658,384.461,0.00905352,0.00926795,0.00046428,15.0409,16.8584,0.2153,11.7438,0.4291,1011.7763,54.5366,10.8148,15.0547,10.2862,13.088,13.088,26.176,34.6568,52.3519,13.088,-5.1891,2.647988,4.0,1.149216,29,158,24,5,0.00234634,0.01160708,0.15915119,0E-8,0.000000,0.908698,0.000000,-0.14789112,2026-04-14,2026-07-10,41,1122,472,88,0.465909,0.718364,0.719024,0.007821,,,,,,,,GLOBAL_BASELINE_NO_ENTITY_RANKING,,,NOT_APPLICABLE_GLOBAL_BASELINE,HF9g-P5,,,,X 全窗基线 · 不参与实体赏罚,8392213,840,A168_HF9F_20260827_0900,2026-08-27 09:00:00
2026-06-11,142615618,2106,0,84.8612646899,-59.7886183042,-59.7886183042,0.2500000,6,4,0.43953008214293890,0.400287425000,-0.7637262017858716,-0.6134724835958049,-0.7637262017858716,0.03924265714293890,ELIGIBLE,R03b_20260811_FULL_v1,L1_ELIGIBILITY,v2026-08-11,2026-03-21..2026-08-06,baccarat_bet02_101_all_pairs_incl_sentinel,round_win = game_pnl > 0 (decisive only),COMPATIBILITY_ONLY_NOT_PRODUCTION,41482.8302,37695.3747,481.4946,2758,2236,-0.01160708,-0.15915119,-0.01126008,-0.01160708,-481.4946,41482.8302,OK,0.0000,19.2598,4.0000,96.0000,AG03-UNRESOLVED,ALL5_LEVELS_bet23_to_bet27,19.2598,19.2598,19.2598,24.0747,24.0747,4.000000,4.000000,4.000000,5.000000,5.000000,96.000000,96.000000,96.000000,95.000000,95.000000,5.0,105.9288,97.0336,375.5658,384.461,PENDING_AG03,FALSE,NOT_FOR_ENFORCEMENT,462.2348,36187.5597,481.4946,462.2348,19.2598,0.01160708,0.01114280,19.2598,462.2348,0.01114280,19.2598,19.2598,19.2598,24.0747,24.0747,462.2348,0.01114280,105.9288,97.0336,375.5658,384.461,0.00905352,0.00926795,0.00046428,15.0409,16.8584,0.2153,11.7438,0.4291,1011.7763,54.5366,10.8148,15.0547,10.2862,13.088,13.088,26.176,34.6568,52.3519,13.088,-5.1891,2.647988,4.0,1.149216,29,158,24,5,0.00234634,0.01160708,0.15915119,0E-8,0.000000,0.908698,0.000000,-0.14789112,2026-04-14,2026-07-10,41,1122,472,88,0.465909,0.718364,0.719024,0.007821,,,,,,,,GLOBAL_BASELINE_NO_ENTITY_RANKING,,,NOT_APPLICABLE_GLOBAL_BASELINE,HF9g-P5,,,,X 全窗基线 · 不参与实体赏罚,8392214,840,A168_HF9F_20260827_0900,2026-08-27 09:00:00
2026-06-11,142615618,2127,0,46.2879625583,3.8573302131,3.8573302131,0.6666667,4,3,0.45514471249991655,0.437976050000,0.7356999755939153,0.7983739908840699,0.7356999755939153,0.01716866249991655,ELIGIBLE,R03b_20260811_FULL_v1,L1_ELIGIBILITY,v2026-08-11,2026-03-21..2026-08-06,baccarat_bet02_101_all_pairs_incl_sentinel,round_win = game_pnl > 0 (decisive only),COMPATIBILITY_ONLY_NOT_PRODUCTION,41482.8302,37695.3747,481.4946,2758,2236,-0.01160708,-0.15915119,-0.01126008,-0.01160708,-481.4946,41482.8302,OK,0.0000,19.2598,4.0000,96.0000,AG03-UNRESOLVED,ALL5_LEVELS_bet23_to_bet27,19.2598,19.2598,19.2598,24.0747,24.0747,4.000000,4.000000,4.000000,5.000000,5.000000,96.000000,96.000000,96.000000,95.000000,95.000000,5.0,105.9288,97.0336,375.5658,384.461,PENDING_AG03,FALSE,NOT_FOR_ENFORCEMENT,462.2348,36187.5597,481.4946,462.2348,19.2598,0.01160708,0.01114280,19.2598,462.2348,0.01114280,19.2598,19.2598,19.2598,24.0747,24.0747,462.2348,0.01114280,105.9288,97.0336,375.5658,384.461,0.00905352,0.00926795,0.00046428,15.0409,16.8584,0.2153,11.7438,0.4291,1011.7763,54.5366,10.8148,15.0547,10.2862,13.088,13.088,26.176,34.6568,52.3519,13.088,-5.1891,2.647988,4.0,1.149216,29,158,24,5,0.00234634,0.01160708,0.15915119,0E-8,0.000000,0.908698,0.000000,-0.14789112,2026-04-14,2026-07-10,41,1122,472,88,0.465909,0.718364,0.719024,0.007821,,,,,,,,GLOBAL_BASELINE_NO_ENTITY_RANKING,,,NOT_APPLICABLE_GLOBAL_BASELINE,HF9g-P5,,,,X 全窗基线 · 不参与实体赏罚,8392215,840,A168_HF9F_20260827_0900,2026-08-27 09:00:00
2026-06-11,142615618,2167,0,12.8577673773,-12.8577673773,-12.8577673773,0E-7,1,1,0.50665070000000000,0.506650700000,-1.013391052207602,-1.013391052207602,-1.013391052207602,0E-17,ELIGIBLE,R03b_20260811_FULL_v1,L1_ELIGIBILITY,v2026-08-11,2026-03-21..2026-08-06,baccarat_bet02_101_all_pairs_incl_sentinel,round_win = game_pnl > 0 (decisive only),COMPATIBILITY_ONLY_NOT_PRODUCTION,41482.8302,37695.3747,481.4946,2758,2236,-0.01160708,-0.15915119,-0.01126008,-0.01160708,-481.4946,41482.8302,OK,0.0000,19.2598,4.0000,96.0000,AG03-UNRESOLVED,ALL5_LEVELS_bet23_to_bet27,19.2598,19.2598,19.2598,24.0747,24.0747,4.000000,4.000000,4.000000,5.000000,5.000000,96.000000,96.000000,96.000000,95.000000,95.000000,5.0,105.9288,97.0336,375.5658,384.461,PENDING_AG03,FALSE,NOT_FOR_ENFORCEMENT,462.2348,36187.5597,481.4946,462.2348,19.2598,0.01160708,0.01114280,19.2598,462.2348,0.01114280,19.2598,19.2598,19.2598,24.0747,24.0747,462.2348,0.01114280,105.9288,97.0336,375.5658,384.461,0.00905352,0.00926795,0.00046428,15.0409,16.8584,0.2153,11.7438,0.4291,1011.7763,54.5366,10.8148,15.0547,10.2862,13.088,13.088,26.176,34.6568,52.3519,13.088,-5.1891,2.647988,4.0,1.149216,29,158,24,5,0.00234634,0.01160708,0.15915119,0E-8,0.000000,0.908698,0.000000,-0.14789112,2026-04-14,2026-07-10,41,1122,472,88,0.465909,0.718364,0.719024,0.007821,,,,,,,,GLOBAL_BASELINE_NO_ENTITY_RANKING,,,NOT_APPLICABLE_GLOBAL_BASELINE,HF9g-P5,,,,X 全窗基线 · 不参与实体赏罚,8392216,840,A168_HF9F_20260827_0900,2026-08-27 09:00:00
2026-06-11,142615618,2171,0,18.0008743282,-18.0008743282,-18.0008743282,0E-7,2,1,0.38892272857175558,0.300626750000,-0.7977808304445817,-0.655630731788307,-0.7977808304445817,0.08829597857175558,ELIGIBLE,R03b_20260811_FULL_v1,L1_ELIGIBILITY,v2026-08-11,2026-03-21..2026-08-06,baccarat_bet02_101_all_pairs_incl_sentinel,round_win = game_pnl > 0 (decisive only),COMPATIBILITY_ONLY_NOT_PRODUCTION,41482.8302,37695.3747,481.4946,2758,2236,-0.01160708,-0.15915119,-0.01126008,-0.01160708,-481.4946,41482.8302,OK,0.0000,19.2598,4.0000,96.0000,AG03-UNRESOLVED,ALL5_LEVELS_bet23_to_bet27,19.2598,19.2598,19.2598,24.0747,24.0747,4.000000,4.000000,4.000000,5.000000,5.000000,96.000000,96.000000,96.000000,95.000000,95.000000,5.0,105.9288,97.0336,375.5658,384.461,PENDING_AG03,FALSE,NOT_FOR_ENFORCEMENT,462.2348,36187.5597,481.4946,462.2348,19.2598,0.01160708,0.01114280,19.2598,462.2348,0.01114280,19.2598,19.2598,19.2598,24.0747,24.0747,462.2348,0.01114280,105.9288,97.0336,375.5658,384.461,0.00905352,0.00926795,0.00046428,15.0409,16.8584,0.2153,11.7438,0.4291,1011.7763,54.5366,10.8148,15.0547,10.2862,13.088,13.088,26.176,34.6568,52.3519,13.088,-5.1891,2.647988,4.0,1.149216,29,158,24,5,0.00234634,0.01160708,0.15915119,0E-8,0.000000,0.908698,0.000000,-0.14789112,2026-04-14,2026-07-10,41,1122,472,88,0.465909,0.718364,0.719024,0.007821,,,,,,,,GLOBAL_BASELINE_NO_ENTITY_RANKING,,,NOT_APPLICABLE_GLOBAL_BASELINE,HF9g-P5,,,,X 全窗基线 · 不参与实体赏罚,8392217,840,A168_HF9F_20260827_0900,2026-08-27 09:00:00
2026-06-11,142615618,2266,0,15.4293208527,-15.4293208527,-15.4293208527,0E-7,2,1,0.36930140000000000,0.300626750000,-0.765208073563708,-0.655630731788307,-0.765208073563708,0.06867465000000000,ELIGIBLE,R03b_20260811_FULL_v1,L1_ELIGIBILITY,v2026-08-11,2026-03-21..2026-08-06,baccarat_bet02_101_all_pairs_incl_sentinel,round_win = game_pnl > 0 (decisive only),COMPATIBILITY_ONLY_NOT_PRODUCTION,41482.8302,37695.3747,481.4946,2758,2236,-0.01160708,-0.15915119,-0.01126008,-0.01160708,-481.4946,41482.8302,OK,0.0000,19.2598,4.0000,96.0000,AG03-UNRESOLVED,ALL5_LEVELS_bet23_to_bet27,19.2598,19.2598,19.2598,24.0747,24.0747,4.000000,4.000000,4.000000,5.000000,5.000000,96.000000,96.000000,96.000000,95.000000,95.000000,5.0,105.9288,97.0336,375.5658,384.461,PENDING_AG03,FALSE,NOT_FOR_ENFORCEMENT,462.2348,36187.5597,481.4946,462.2348,19.2598,0.01160708,0.01114280,19.2598,462.2348,0.01114280,19.2598,19.2598,19.2598,24.0747,24.0747,462.2348,0.01114280,105.9288,97.0336,375.5658,384.461,0.00905352,0.00926795,0.00046428,15.0409,16.8584,0.2153,11.7438,0.4291,1011.7763,54.5366,10.8148,15.0547,10.2862,13.088,13.088,26.176,34.6568,52.3519,13.088,-5.1891,2.647988,4.0,1.149216,29,158,24,5,0.00234634,0.01160708,0.15915119,0E-8,0.000000,0.908698,0.000000,-0.14789112,2026-04-14,2026-07-10,41,1122,472,88,0.465909,0.718364,0.719024,0.007821,,,,,,,,GLOBAL_BASELINE_NO_ENTITY_RANKING,,,NOT_APPLICABLE_GLOBAL_BASELINE,HF9g-P5,,,,X 全窗基线 · 不参与实体赏罚,8392218,840,A168_HF9F_20260827_0900,2026-08-27 09:00:00
2026-06-11,142615618,789,0,10.2862139018,10.2862139018,10.2862139018,1.0000000,1,1,0.49324550000000000,0.493245500000,1.01360149184955,1.01360149184955,1.01360149184955,0E-17,ELIGIBLE,R03b_20260811_FULL_v1,L1_ELIGIBILITY,v2026-08-11,2026-03-21..2026-08-06,baccarat_bet02_101_all_pairs_incl_sentinel,round_win = game_pnl > 0 (decisive only),COMPATIBILITY_ONLY_NOT_PRODUCTION,41482.8302,37695.3747,481.4946,2758,2236,-0.01160708,-0.15915119,-0.01126008,-0.01160708,-481.4946,41482.8302,OK,0.0000,19.2598,4.0000,96.0000,AG03-UNRESOLVED,ALL5_LEVELS_bet23_to_bet27,19.2598,19.2598,19.2598,24.0747,24.0747,4.000000,4.000000,4.000000,5.000000,5.000000,96.000000,96.000000,96.000000,95.000000,95.000000,5.0,105.9288,97.0336,375.5658,384.461,PENDING_AG03,FALSE,NOT_FOR_ENFORCEMENT,462.2348,36187.5597,481.4946,462.2348,19.2598,0.01160708,0.01114280,19.2598,462.2348,0.01114280,19.2598,19.2598,19.2598,24.0747,24.0747,462.2348,0.01114280,105.9288,97.0336,375.5658,384.461,0.00905352,0.00926795,0.00046428,15.0409,16.8584,0.2153,11.7438,0.4291,1011.7763,54.5366,10.8148,15.0547,10.2862,13.088,13.088,26.176,34.6568,52.3519,13.088,-5.1891,2.647988,4.0,1.149216,29,158,24,5,0.00234634,0.01160708,0.15915119,0E-8,0.000000,0.908698,0.000000,-0.14789112,2026-04-14,2026-07-10,41,1122,472,88,0.465909,0.718364,0.719024,0.007821,,,,,,,,GLOBAL_BASELINE_NO_ENTITY_RANKING,,,NOT_APPLICABLE_GLOBAL_BASELINE,HF9g-P5,,,,X 全窗基线 · 不参与实体赏罚,8392219,840,A168_HF9F_20260827_0900,2026-08-27 09:00:00
2026-06-12,142615618,-1,1,143.4926839304,-60.4315066733,-60.4315066733,0.2857143,9,8,0.48277943750000000,0.474195106250,-1.043389780857307,-0.9986776669397863,-1.043389780857307,0.00858433125000000,SENTINEL_DEALER,R03b_20260811_FULL_v1,L1_ELIGIBILITY,v2026-08-11,2026-03-21..2026-08-06,baccarat_bet02_101_all_pairs_incl_sentinel,round_win = game_pnl > 0 (decisive only),COMPATIBILITY_ONLY_NOT_PRODUCTION,41482.8302,37695.3747,481.4946,2758,2236,-0.01160708,-0.15915119,-0.01126008,-0.01160708,-481.4946,41482.8302,OK,0.0000,19.2598,4.0000,96.0000,AG03-UNRESOLVED,ALL5_LEVELS_bet23_to_bet27,19.2598,19.2598,19.2598,24.0747,24.0747,4.000000,4.000000,4.000000,5.000000,5.000000,96.000000,96.000000,96.000000,95.000000,95.000000,5.0,105.9288,97.0336,375.5658,384.461,PENDING_AG03,FALSE,NOT_FOR_ENFORCEMENT,462.2348,36187.5597,481.4946,462.2348,19.2598,0.01160708,0.01114280,19.2598,462.2348,0.01114280,19.2598,19.2598,19.2598,24.0747,24.0747,462.2348,0.01114280,105.9288,97.0336,375.5658,384.461,0.00905352,0.00926795,0.00046428,15.0409,16.8584,0.2153,11.7438,0.4291,1011.7763,54.5366,10.8148,15.0547,10.2862,13.088,13.088,26.176,34.6568,52.3519,13.088,-5.1891,2.647988,4.0,1.149216,29,158,24,5,0.00234634,0.01160708,0.15915119,0E-8,0.000000,0.908698,0.000000,-0.14789112,2026-04-14,2026-07-10,41,1122,472,88,0.465909,0.718364,0.719024,0.007821,,,,,,,,GLOBAL_BASELINE_NO_ENTITY_RANKING,,,NOT_APPLICABLE_GLOBAL_BASELINE,HF9g-P5,,,,X 全窗基线 · 不参与实体赏罚,8392220,840,A168_HF9F_20260827_0900,2026-08-27 09:00:00
2026-06-12,142615618,1323,0,12.8577673773,12.2148790084,12.2148790084,1.0000000,1,1,0.50665070000000000,0.506650700000,0.9867858985152569,0.9867858985152569,0.9867858985152569,0E-17,ELIGIBLE,R03b_20260811_FULL_v1,L1_ELIGIBILITY,v2026-08-11,2026-03-21..2026-08-06,baccarat_bet02_101_all_pairs_incl_sentinel,round_win = game_pnl > 0 (decisive only),COMPATIBILITY_ONLY_NOT_PRODUCTION,41482.8302,37695.3747,481.4946,2758,2236,-0.01160708,-0.15915119,-0.01126008,-0.01160708,-481.4946,41482.8302,OK,0.0000,19.2598,4.0000,96.0000,AG03-UNRESOLVED,ALL5_LEVELS_bet23_to_bet27,19.2598,19.2598,19.2598,24.0747,24.0747,4.000000,4.000000,4.000000,5.000000,5.000000,96.000000,96.000000,96.000000,95.000000,95.000000,5.0,105.9288,97.0336,375.5658,384.461,PENDING_AG03,FALSE,NOT_FOR_ENFORCEMENT,462.2348,36187.5597,481.4946,462.2348,19.2598,0.01160708,0.01114280,19.2598,462.2348,0.01114280,19.2598,19.2598,19.2598,24.0747,24.0747,462.2348,0.01114280,105.9288,97.0336,375.5658,384.461,0.00905352,0.00926795,0.00046428,15.0409,16.8584,0.2153,11.7438,0.4291,1011.7763,54.5366,10.8148,15.0547,10.2862,13.088,13.088,26.176,34.6568,52.3519,13.088,-5.1891,2.647988,4.0,1.149216,29,158,24,5,0.00234634,0.01160708,0.15915119,0E-8,0.000000,0.908698,0.000000,-0.14789112,2026-04-14,2026-07-10,41,1122,472,88,0.465909,0.718364,0.719024,0.007821,,,,,,,,GLOBAL_BASELINE_NO_ENTITY_RANKING,,,NOT_APPLICABLE_GLOBAL_BASELINE,HF9g-P5,,,,X 全窗基线 · 不参与实体赏罚,8392221,840,A168_HF9F_20260827_0900,2026-08-27 09:00:00
2026-06-12,142615618,1940,0,15.4293208527,4.6287962558,4.6287962558,1.0000000,2,1,0.36930140000000000,0.300626750000,1.3068340946049153,1.5252488199758223,1.3068340946049153,0.06867465000000000,ELIGIBLE,R03b_20260811_FULL_v1,L1_ELIGIBILITY,v2026-08-11,2026-03-21..2026-08-06,baccarat_bet02_101_all_pairs_incl_sentinel,round_win = game_pnl > 0 (decisive only),COMPATIBILITY_ONLY_NOT_PRODUCTION,41482.8302,37695.3747,481.4946,2758,2236,-0.01160708,-0.15915119,-0.01126008,-0.01160708,-481.4946,41482.8302,OK,0.0000,19.2598,4.0000,96.0000,AG03-UNRESOLVED,ALL5_LEVELS_bet23_to_bet27,19.2598,19.2598,19.2598,24.0747,24.0747,4.000000,4.000000,4.000000,5.000000,5.000000,96.000000,96.000000,96.000000,95.000000,95.000000,5.0,105.9288,97.0336,375.5658,384.461,PENDING_AG03,FALSE,NOT_FOR_ENFORCEMENT,462.2348,36187.5597,481.4946,462.2348,19.2598,0.01160708,0.01114280,19.2598,462.2348,0.01114280,19.2598,19.2598,19.2598,24.0747,24.0747,462.2348,0.01114280,105.9288,97.0336,375.5658,384.461,0.00905352,0.00926795,0.00046428,15.0409,16.8584,0.2153,11.7438,0.4291,1011.7763,54.5366,10.8148,15.0547,10.2862,13.088,13.088,26.176,34.6568,52.3519,13.088,-5.1891,2.647988,4.0,1.149216,29,158,24,5,0.00234634,0.01160708,0.15915119,0E-8,0.000000,0.908698,0.000000,-0.14789112,2026-04-14,2026-07-10,41,1122,472,88,0.465909,0.718364,0.719024,0.007821,,,,,,,,GLOBAL_BASELINE_NO_ENTITY_RANKING,,,NOT_APPLICABLE_GLOBAL_BASELINE,HF9g-P5,,,,X 全窗基线 · 不参与实体赏罚,8392222,840,A168_HF9F_20260827_0900,2026-08-27 09:00:00
2026-06-12,142615618,1951,0,12.8577673773,-12.8577673773,-12.8577673773,0E-7,1,1,0.50665070000000000,0.506650700000,-1.013391052207602,-1.013391052207602,-1.013391052207602,0E-17,ELIGIBLE,R03b_20260811_FULL_v1,L1_ELIGIBILITY,v2026-08-11,2026-03-21..2026-08-06,baccarat_bet02_101_all_pairs_incl_sentinel,round_win = game_pnl > 0 (decisive only),COMPATIBILITY_ONLY_NOT_PRODUCTION,41482.8302,37695.3747,481.4946,2758,2236,-0.01160708,-0.15915119,-0.01126008,-0.01160708,-481.4946,41482.8302,OK,0.0000,19.2598,4.0000,96.0000,AG03-UNRESOLVED,ALL5_LEVELS_bet23_to_bet27,19.2598,19.2598,19.2598,24.0747,24.0747,4.000000,4.000000,4.000000,5.000000,5.000000,96.000000,96.000000,96.000000,95.000000,95.000000,5.0,105.9288,97.0336,375.5658,384.461,PENDING_AG03,FALSE,NOT_FOR_ENFORCEMENT,462.2348,36187.5597,481.4946,462.2348,19.2598,0.01160708,0.01114280,19.2598,462.2348,0.01114280,19.2598,19.2598,19.2598,24.0747,24.0747,462.2348,0.01114280,105.9288,97.0336,375.5658,384.461,0.00905352,0.00926795,0.00046428,15.0409,16.8584,0.2153,11.7438,0.4291,1011.7763,54.5366,10.8148,15.0547,10.2862,13.088,13.088,26.176,34.6568,52.3519,13.088,-5.1891,2.647988,4.0,1.149216,29,158,24,5,0.00234634,0.01160708,0.15915119,0E-8,0.000000,0.908698,0.000000,-0.14789112,2026-04-14,2026-07-10,41,1122,472,88,0.465909,0.718364,0.719024,0.007821,,,,,,,,GLOBAL_BASELINE_NO_ENTITY_RANKING,,,NOT_APPLICABLE_GLOBAL_BASELINE,HF9g-P5,,,,X 全窗基线 · 不参与实体赏罚,8392223,840,A168_HF9F_20260827_0900,2026-08-27 09:00:00
2026-06-12,142615618,2145,0,18.0008743282,7.0717720575,7.0717720575,1.0000000,2,1,0.38892272857175558,0.300626750000,1.2534770977672238,1.5252488199758223,1.2534770977672238,0.08829597857175558,ELIGIBLE,R03b_20260811_FULL_v1,L1_ELIGIBILITY,v2026-08-11,2026-03-21..2026-08-06,baccarat_bet02_101_all_pairs_incl_sentinel,round_win = game_pnl > 0 (decisive only),COMPATIBILITY_ONLY_NOT_PRODUCTION,41482.8302,37695.3747,481.4946,2758,2236,-0.01160708,-0.15915119,-0.01126008,-0.01160708,-481.4946,41482.8302,OK,0.0000,19.2598,4.0000,96.0000,AG03-UNRESOLVED,ALL5_LEVELS_bet23_to_bet27,19.2598,19.2598,19.2598,24.0747,24.0747,4.000000,4.000000,4.000000,5.000000,5.000000,96.000000,96.000000,96.000000,95.000000,95.000000,5.0,105.9288,97.0336,375.5658,384.461,PENDING_AG03,FALSE,NOT_FOR_ENFORCEMENT,462.2348,36187.5597,481.4946,462.2348,19.2598,0.01160708,0.01114280,19.2598,462.2348,0.01114280,19.2598,19.2598,19.2598,24.0747,24.0747,462.2348,0.01114280,105.9288,97.0336,375.5658,384.461,0.00905352,0.00926795,0.00046428,15.0409,16.8584,0.2153,11.7438,0.4291,1011.7763,54.5366,10.8148,15.0547,10.2862,13.088,13.088,26.176,34.6568,52.3519,13.088,-5.1891,2.647988,4.0,1.149216,29,158,24,5,0.00234634,0.01160708,0.15915119,0E-8,0.000000,0.908698,0.000000,-0.14789112,2026-04-14,2026-07-10,41,1122,472,88,0.465909,0.718364,0.719024,0.007821,,,,,,,,GLOBAL_BASELINE_NO_ENTITY_RANKING,,,NOT_APPLICABLE_GLOBAL_BASELINE,HF9g-P5,,,,X 全窗基线 · 不参与实体赏罚,8392224,840,A168_HF9F_20260827_0900,2026-08-27 09:00:00
2026-06-12,142615618,2152,0,30.8586417055,19.9295394348,19.9295394348,1.0000000,3,2,0.44108411428587779,0.396936125000,1.591943009142555,1.7431563486697372,1.591943009142555,0.04414798928587779,ELIGIBLE,R03b_20260811_FULL_v1,L1_ELIGIBILITY,v2026-08-11,2026-03-21..2026-08-06,baccarat_bet02_101_all_pairs_incl_sentinel,round_win = game_pnl > 0 (decisive only),COMPATIBILITY_ONLY_NOT_PRODUCTION,41482.8302,37695.3747,481.4946,2758,2236,-0.01160708,-0.15915119,-0.01126008,-0.01160708,-481.4946,41482.8302,OK,0.0000,19.2598,4.0000,96.0000,AG03-UNRESOLVED,ALL5_LEVELS_bet23_to_bet27,19.2598,19.2598,19.2598,24.0747,24.0747,4.000000,4.000000,4.000000,5.000000,5.000000,96.000000,96.000000,96.000000,95.000000,95.000000,5.0,105.9288,97.0336,375.5658,384.461,PENDING_AG03,FALSE,NOT_FOR_ENFORCEMENT,462.2348,36187.5597,481.4946,462.2348,19.2598,0.01160708,0.01114280,19.2598,462.2348,0.01114280,19.2598,19.2598,19.2598,24.0747,24.0747,462.2348,0.01114280,105.9288,97.0336,375.5658,384.461,0.00905352,0.00926795,0.00046428,15.0409,16.8584,0.2153,11.7438,0.4291,1011.7763,54.5366,10.8148,15.0547,10.2862,13.088,13.088,26.176,34.6568,52.3519,13.088,-5.1891,2.647988,4.0,1.149216,29,158,24,5,0.00234634,0.01160708,0.15915119,0E-8,0.000000,0.908698,0.000000,-0.14789112,2026-04-14,2026-07-10,41,1122,472,88,0.465909,0.718364,0.719024,0.007821,,,,,,,,GLOBAL_BASELINE_NO_ENTITY_RANKING,,,NOT_APPLICABLE_GLOBAL_BASELINE,HF9g-P5,,,,X 全窗基线 · 不参与实体赏罚,8392225,840,A168_HF9F_20260827_0900,2026-08-27 09:00:00
2026-06-12,142615618,2174,0,38.5733021318,11.5719906395,11.5719906395,0.5000000,2,2,0.50665070000000000,0.506650700000,-0.018812684590367487,-0.018812684590367487,-0.018812684590367487,0E-17,ELIGIBLE,R03b_20260811_FULL_v1,L1_ELIGIBILITY,v2026-08-11,2026-03-21..2026-08-06,baccarat_bet02_101_all_pairs_incl_sentinel,round_win = game_pnl > 0 (decisive only),COMPATIBILITY_ONLY_NOT_PRODUCTION,41482.8302,37695.3747,481.4946,2758,2236,-0.01160708,-0.15915119,-0.01126008,-0.01160708,-481.4946,41482.8302,OK,0.0000,19.2598,4.0000,96.0000,AG03-UNRESOLVED,ALL5_LEVELS_bet23_to_bet27,19.2598,19.2598,19.2598,24.0747,24.0747,4.000000,4.000000,4.000000,5.000000,5.000000,96.000000,96.000000,96.000000,95.000000,95.000000,5.0,105.9288,97.0336,375.5658,384.461,PENDING_AG03,FALSE,NOT_FOR_ENFORCEMENT,462.2348,36187.5597,481.4946,462.2348,19.2598,0.01160708,0.01114280,19.2598,462.2348,0.01114280,19.2598,19.2598,19.2598,24.0747,24.0747,462.2348,0.01114280,105.9288,97.0336,375.5658,384.461,0.00905352,0.00926795,0.00046428,15.0409,16.8584,0.2153,11.7438,0.4291,1011.7763,54.5366,10.8148,15.0547,10.2862,13.088,13.088,26.176,34.6568,52.3519,13.088,-5.1891,2.647988,4.0,1.149216,29,158,24,5,0.00234634,0.01160708,0.15915119,0E-8,0.000000,0.908698,0.000000,-0.14789112,2026-04-14,2026-07-10,41,1122,472,88,0.465909,0.718364,0.719024,0.007821,,,,,,,,GLOBAL_BASELINE_NO_ENTITY_RANKING,,,NOT_APPLICABLE_GLOBAL_BASELINE,HF9g-P5,,,,X 全窗基线 · 不参与实体赏罚,8392226,840,A168_HF9F_20260827_0900,2026-08-27 09:00:00
2026-06-12,142615618,2209,0,12.8577673773,-12.8577673773,-12.8577673773,0E-7,1,1,0.49324550000000000,0.493245500000,-0.9865810262130424,-0.9865810262130424,-0.9865810262130424,0E-17,ELIGIBLE,R03b_20260811_FULL_v1,L1_ELIGIBILITY,v2026-08-11,2026-03-21..2026-08-06,baccarat_bet02_101_all_pairs_incl_sentinel,round_win = game_pnl > 0 (decisive only),COMPATIBILITY_ONLY_NOT_PRODUCTION,41482.8302,37695.3747,481.4946,2758,2236,-0.01160708,-0.15915119,-0.01126008,-0.01160708,-481.4946,41482.8302,OK,0.0000,19.2598,4.0000,96.0000,AG03-UNRESOLVED,ALL5_LEVELS_bet23_to_bet27,19.2598,19.2598,19.2598,24.0747,24.0747,4.000000,4.000000,4.000000,5.000000,5.000000,96.000000,96.000000,96.000000,95.000000,95.000000,5.0,105.9288,97.0336,375.5658,384.461,PENDING_AG03,FALSE,NOT_FOR_ENFORCEMENT,462.2348,36187.5597,481.4946,462.2348,19.2598,0.01160708,0.01114280,19.2598,462.2348,0.01114280,19.2598,19.2598,19.2598,24.0747,24.0747,462.2348,0.01114280,105.9288,97.0336,375.5658,384.461,0.00905352,0.00926795,0.00046428,15.0409,16.8584,0.2153,11.7438,0.4291,1011.7763,54.5366,10.8148,15.0547,10.2862,13.088,13.088,26.176,34.6568,52.3519,13.088,-5.1891,2.647988,4.0,1.149216,29,158,24,5,0.00234634,0.01160708,0.15915119,0E-8,0.000000,0.908698,0.000000,-0.14789112,2026-04-14,2026-07-10,41,1122,472,88,0.465909,0.718364,0.719024,0.007821,,,,,,,,GLOBAL_BASELINE_NO_ENTITY_RANKING,,,NOT_APPLICABLE_GLOBAL_BASELINE,HF9g-P5,,,,X 全窗基线 · 不参与实体赏罚,8392227,840,A168_HF9F_20260827_0900,2026-08-27 09:00:00
2026-06-12,142615618,2216,0,12.8577673773,-12.8577673773,-12.8577673773,0E-7,1,1,0.49324550000000000,0.493245500000,-0.9865810262130424,-0.9865810262130424,-0.9865810262130424,0E-17,ELIGIBLE,R03b_20260811_FULL_v1,L1_ELIGIBILITY,v2026-08-11,2026-03-21..2026-08-06,baccarat_bet02_101_all_pairs_incl_sentinel,round_win = game_pnl > 0 (decisive only),COMPATIBILITY_ONLY_NOT_PRODUCTION,41482.8302,37695.3747,481.4946,2758,2236,-0.01160708,-0.15915119,-0.01126008,-0.01160708,-481.4946,41482.8302,OK,0.0000,19.2598,4.0000,96.0000,AG03-UNRESOLVED,ALL5_LEVELS_bet23_to_bet27,19.2598,19.2598,19.2598,24.0747,24.0747,4.000000,4.000000,4.000000,5.000000,5.000000,96.000000,96.000000,96.000000,95.000000,95.000000,5.0,105.9288,97.0336,375.5658,384.461,PENDING_AG03,FALSE,NOT_FOR_ENFORCEMENT,462.2348,36187.5597,481.4946,462.2348,19.2598,0.01160708,0.01114280,19.2598,462.2348,0.01114280,19.2598,19.2598,19.2598,24.0747,24.0747,462.2348,0.01114280,105.9288,97.0336,375.5658,384.461,0.00905352,0.00926795,0.00046428,15.0409,16.8584,0.2153,11.7438,0.4291,1011.7763,54.5366,10.8148,15.0547,10.2862,13.088,13.088,26.176,34.6568,52.3519,13.088,-5.1891,2.647988,4.0,1.149216,29,158,24,5,0.00234634,0.01160708,0.15915119,0E-8,0.000000,0.908698,0.000000,-0.14789112,2026-04-14,2026-07-10,41,1122,472,88,0.465909,0.718364,0.719024,0.007821,,,,,,,,GLOBAL_BASELINE_NO_ENTITY_RANKING,,,NOT_APPLICABLE_GLOBAL_BASELINE,HF9g-P5,,,,X 全窗基线 · 不参与实体赏罚,8392228,840,A168_HF9F_20260827_0900,2026-08-27 09:00:00
2026-06-12,142615618,2223,0,25.7155347545,-25.7155347545,-25.7155347545,0E-7,1,1,0.49324550000000000,0.493245500000,-0.9865810262130424,-0.9865810262130424,-0.9865810262130424,0E-17,ELIGIBLE,R03b_20260811_FULL_v1,L1_ELIGIBILITY,v2026-08-11,2026-03-21..2026-08-06,baccarat_bet02_101_all_pairs_incl_sentinel,round_win = game_pnl > 0 (decisive only),COMPATIBILITY_ONLY_NOT_PRODUCTION,41482.8302,37695.3747,481.4946,2758,2236,-0.01160708,-0.15915119,-0.01126008,-0.01160708,-481.4946,41482.8302,OK,0.0000,19.2598,4.0000,96.0000,AG03-UNRESOLVED,ALL5_LEVELS_bet23_to_bet27,19.2598,19.2598,19.2598,24.0747,24.0747,4.000000,4.000000,4.000000,5.000000,5.000000,96.000000,96.000000,96.000000,95.000000,95.000000,5.0,105.9288,97.0336,375.5658,384.461,PENDING_AG03,FALSE,NOT_FOR_ENFORCEMENT,462.2348,36187.5597,481.4946,462.2348,19.2598,0.01160708,0.01114280,19.2598,462.2348,0.01114280,19.2598,19.2598,19.2598,24.0747,24.0747,462.2348,0.01114280,105.9288,97.0336,375.5658,384.461,0.00905352,0.00926795,0.00046428,15.0409,16.8584,0.2153,11.7438,0.4291,1011.7763,54.5366,10.8148,15.0547,10.2862,13.088,13.088,26.176,34.6568,52.3519,13.088,-5.1891,2.647988,4.0,1.149216,29,158,24,5,0.00234634,0.01160708,0.15915119,0E-8,0.000000,0.908698,0.000000,-0.14789112,2026-04-14,2026-07-10,41,1122,472,88,0.465909,0.718364,0.719024,0.007821,,,,,,,,GLOBAL_BASELINE_NO_ENTITY_RANKING,,,NOT_APPLICABLE_GLOBAL_BASELINE,HF9g-P5,,,,X 全窗基线 · 不参与实体赏罚,8392229,840,A168_HF9F_20260827_0900,2026-08-27 09:00:00
2026-06-12,142615618,2254,0,25.7155347545,-25.7155347545,-25.7155347545,0E-7,1,1,0.49324550000000000,0.493245500000,-0.9865810262130424,-0.9865810262130424,-0.9865810262130424,0E-17,ELIGIBLE,R03b_20260811_FULL_v1,L1_ELIGIBILITY,v2026-08-11,2026-03-21..2026-08-06,baccarat_bet02_101_all_pairs_incl_sentinel,round_win = game_pnl > 0 (decisive only),COMPATIBILITY_ONLY_NOT_PRODUCTION,41482.8302,37695.3747,481.4946,2758,2236,-0.01160708,-0.15915119,-0.01126008,-0.01160708,-481.4946,41482.8302,OK,0.0000,19.2598,4.0000,96.0000,AG03-UNRESOLVED,ALL5_LEVELS_bet23_to_bet27,19.2598,19.2598,19.2598,24.0747,24.0747,4.000000,4.000000,4.000000,5.000000,5.000000,96.000000,96.000000,96.000000,95.000000,95.000000,5.0,105.9288,97.0336,375.5658,384.461,PENDING_AG03,FALSE,NOT_FOR_ENFORCEMENT,462.2348,36187.5597,481.4946,462.2348,19.2598,0.01160708,0.01114280,19.2598,462.2348,0.01114280,19.2598,19.2598,19.2598,24.0747,24.0747,462.2348,0.01114280,105.9288,97.0336,375.5658,384.461,0.00905352,0.00926795,0.00046428,15.0409,16.8584,0.2153,11.7438,0.4291,1011.7763,54.5366,10.8148,15.0547,10.2862,13.088,13.088,26.176,34.6568,52.3519,13.088,-5.1891,2.647988,4.0,1.149216,29,158,24,5,0.00234634,0.01160708,0.15915119,0E-8,0.000000,0.908698,0.000000,-0.14789112,2026-04-14,2026-07-10,41,1122,472,88,0.465909,0.718364,0.719024,0.007821,,,,,,,,GLOBAL_BASELINE_NO_ENTITY_RANKING,,,NOT_APPLICABLE_GLOBAL_BASELINE,HF9g-P5,,,,X 全窗基线 · 不参与实体赏罚,8392230,840,A168_HF9F_20260827_0900,2026-08-27 09:00:00
2026-06-12,142615618,529,0,18.0008743282,-18.0008743282,-18.0008743282,0E-7,2,1,0.38892272857175558,0.300626750000,-0.7977808304445817,-0.655630731788307,-0.7977808304445817,0.08829597857175558,ELIGIBLE,R03b_20260811_FULL_v1,L1_ELIGIBILITY,v2026-08-11,2026-03-21..2026-08-06,baccarat_bet02_101_all_pairs_incl_sentinel,round_win = game_pnl > 0 (decisive only),COMPATIBILITY_ONLY_NOT_PRODUCTION,41482.8302,37695.3747,481.4946,2758,2236,-0.01160708,-0.15915119,-0.01126008,-0.01160708,-481.4946,41482.8302,OK,0.0000,19.2598,4.0000,96.0000,AG03-UNRESOLVED,ALL5_LEVELS_bet23_to_bet27,19.2598,19.2598,19.2598,24.0747,24.0747,4.000000,4.000000,4.000000,5.000000,5.000000,96.000000,96.000000,96.000000,95.000000,95.000000,5.0,105.9288,97.0336,375.5658,384.461,PENDING_AG03,FALSE,NOT_FOR_ENFORCEMENT,462.2348,36187.5597,481.4946,462.2348,19.2598,0.01160708,0.01114280,19.2598,462.2348,0.01114280,19.2598,19.2598,19.2598,24.0747,24.0747,462.2348,0.01114280,105.9288,97.0336,375.5658,384.461,0.00905352,0.00926795,0.00046428,15.0409,16.8584,0.2153,11.7438,0.4291,1011.7763,54.5366,10.8148,15.0547,10.2862,13.088,13.088,26.176,34.6568,52.3519,13.088,-5.1891,2.647988,4.0,1.149216,29,158,24,5,0.00234634,0.01160708,0.15915119,0E-8,0.000000,0.908698,0.000000,-0.14789112,2026-04-14,2026-07-10,41,1122,472,88,0.465909,0.718364,0.719024,0.007821,,,,,,,,GLOBAL_BASELINE_NO_ENTITY_RANKING,,,NOT_APPLICABLE_GLOBAL_BASELINE,HF9g-P5,,,,X 全窗基线 · 不参与实体赏罚,8392231,840,A168_HF9F_20260827_0900,2026-08-27 09:00:00
2026-06-12,142615618,970,0,25.7155347546,-25.7155347546,-25.7155347546,0E-7,2,2,0.50665070000000000,0.506650700000,-1.4331513700195317,-1.4331513700195317,-1.4331513700195317,0E-17,ELIGIBLE,R03b_20260811_FULL_v1,L1_ELIGIBILITY,v2026-08-11,2026-03-21..2026-08-06,baccarat_bet02_101_all_pairs_incl_sentinel,round_win = game_pnl > 0 (decisive only),COMPATIBILITY_ONLY_NOT_PRODUCTION,41482.8302,37695.3747,481.4946,2758,2236,-0.01160708,-0.15915119,-0.01126008,-0.01160708,-481.4946,41482.8302,OK,0.0000,19.2598,4.0000,96.0000,AG03-UNRESOLVED,ALL5_LEVELS_bet23_to_bet27,19.2598,19.2598,19.2598,24.0747,24.0747,4.000000,4.000000,4.000000,5.000000,5.000000,96.000000,96.000000,96.000000,95.000000,95.000000,5.0,105.9288,97.0336,375.5658,384.461,PENDING_AG03,FALSE,NOT_FOR_ENFORCEMENT,462.2348,36187.5597,481.4946,462.2348,19.2598,0.01160708,0.01114280,19.2598,462.2348,0.01114280,19.2598,19.2598,19.2598,24.0747,24.0747,462.2348,0.01114280,105.9288,97.0336,375.5658,384.461,0.00905352,0.00926795,0.00046428,15.0409,16.8584,0.2153,11.7438,0.4291,1011.7763,54.5366,10.8148,15.0547,10.2862,13.088,13.088,26.176,34.6568,52.3519,13.088,-5.1891,2.647988,4.0,1.149216,29,158,24,5,0.00234634,0.01160708,0.15915119,0E-8,0.000000,0.908698,0.000000,-0.14789112,2026-04-14,2026-07-10,41,1122,472,88,0.465909,0.718364,0.719024,0.007821,,,,,,,,GLOBAL_BASELINE_NO_ENTITY_RANKING,,,NOT_APPLICABLE_GLOBAL_BASELINE,HF9g-P5,,,,X 全窗基线 · 不参与实体赏罚,8392232,840,A168_HF9F_20260827_0900,2026-08-27 09:00:00
2026-06-12,142615618,994,0,2.5715534755,-2.5715534755,-2.5715534755,0E-7,1,1,0.09460280000000000,0.094602800000,-0.32324545095860213,-0.32324545095860213,-0.32324545095860213,0E-17,ELIGIBLE,R03b_20260811_FULL_v1,L1_ELIGIBILITY,v2026-08-11,2026-03-21..2026-08-06,baccarat_bet02_101_all_pairs_incl_sentinel,round_win = game_pnl > 0 (decisive only),COMPATIBILITY_ONLY_NOT_PRODUCTION,41482.8302,37695.3747,481.4946,2758,2236,-0.01160708,-0.15915119,-0.01126008,-0.01160708,-481.4946,41482.8302,OK,0.0000,19.2598,4.0000,96.0000,AG03-UNRESOLVED,ALL5_LEVELS_bet23_to_bet27,19.2598,19.2598,19.2598,24.0747,24.0747,4.000000,4.000000,4.000000,5.000000,5.000000,96.000000,96.000000,96.000000,95.000000,95.000000,5.0,105.9288,97.0336,375.5658,384.461,PENDING_AG03,FALSE,NOT_FOR_ENFORCEMENT,462.2348,36187.5597,481.4946,462.2348,19.2598,0.01160708,0.01114280,19.2598,462.2348,0.01114280,19.2598,19.2598,19.2598,24.0747,24.0747,462.2348,0.01114280,105.9288,97.0336,375.5658,384.461,0.00905352,0.00926795,0.00046428,15.0409,16.8584,0.2153,11.7438,0.4291,1011.7763,54.5366,10.8148,15.0547,10.2862,13.088,13.088,26.176,34.6568,52.3519,13.088,-5.1891,2.647988,4.0,1.149216,29,158,24,5,0.00234634,0.01160708,0.15915119,0E-8,0.000000,0.908698,0.000000,-0.14789112,2026-04-14,2026-07-10,41,1122,472,88,0.465909,0.718364,0.719024,0.007821,,,,,,,,GLOBAL_BASELINE_NO_ENTITY_RANKING,,,NOT_APPLICABLE_GLOBAL_BASELINE,HF9g-P5,,,,X 全窗基线 · 不参与实体赏罚,8392233,840,A168_HF9F_20260827_0900,2026-08-27 09:00:00
2026-06-18,142615618,1654,0,14.4006994625,-14.4006994625,-14.4006994625,0E-7,1,1,0.49324550000000000,0.493245500000,-0.9865810262130424,-0.9865810262130424,-0.9865810262130424,0E-17,ELIGIBLE,R03b_20260811_FULL_v1,L1_ELIGIBILITY,v2026-08-11,2026-03-21..2026-08-06,baccarat_bet02_101_all_pairs_incl_sentinel,round_win = game_pnl > 0 (decisive only),COMPATIBILITY_ONLY_NOT_PRODUCTION,41482.8302,37695.3747,481.4946,2758,2236,-0.01160708,-0.15915119,-0.01126008,-0.01160708,-481.4946,41482.8302,OK,0.0000,19.2598,4.0000,96.0000,AG03-UNRESOLVED,ALL5_LEVELS_bet23_to_bet27,19.2598,19.2598,19.2598,24.0747,24.0747,4.000000,4.000000,4.000000,5.000000,5.000000,96.000000,96.000000,96.000000,95.000000,95.000000,5.0,105.9288,97.0336,375.5658,384.461,PENDING_AG03,FALSE,NOT_FOR_ENFORCEMENT,462.2348,36187.5597,481.4946,462.2348,19.2598,0.01160708,0.01114280,19.2598,462.2348,0.01114280,19.2598,19.2598,19.2598,24.0747,24.0747,462.2348,0.01114280,105.9288,97.0336,375.5658,384.461,0.00905352,0.00926795,0.00046428,15.0409,16.8584,0.2153,11.7438,0.4291,1011.7763,54.5366,10.8148,15.0547,10.2862,13.088,13.088,26.176,34.6568,52.3519,13.088,-5.1891,2.647988,4.0,1.149216,29,158,24,5,0.00234634,0.01160708,0.15915119,0E-8,0.000000,0.908698,0.000000,-0.14789112,2026-04-14,2026-07-10,41,1122,472,88,0.465909,0.718364,0.719024,0.007821,,,,,,,,GLOBAL_BASELINE_NO_ENTITY_RANKING,,,NOT_APPLICABLE_GLOBAL_BASELINE,HF9g-P5,,,,X 全窗基线 · 不参与实体赏罚,8392234,840,A168_HF9F_20260827_0900,2026-08-27 09:00:00
2026-06-18,142615618,2088,0,10.0290585543,4.5130763494,4.5130763494,1.0000000,2,1,0.40099739230611210,0.300626750000,1.2222036667598861,1.5252488199758223,1.2222036667598861,0.10037064230611210,ELIGIBLE,R03b_20260811_FULL_v1,L1_ELIGIBILITY,v2026-08-11,2026-03-21..2026-08-06,baccarat_bet02_101_all_pairs_incl_sentinel,round_win = game_pnl > 0 (decisive only),COMPATIBILITY_ONLY_NOT_PRODUCTION,41482.8302,37695.3747,481.4946,2758,2236,-0.01160708,-0.15915119,-0.01126008,-0.01160708,-481.4946,41482.8302,OK,0.0000,19.2598,4.0000,96.0000,AG03-UNRESOLVED,ALL5_LEVELS_bet23_to_bet27,19.2598,19.2598,19.2598,24.0747,24.0747,4.000000,4.000000,4.000000,5.000000,5.000000,96.000000,96.000000,96.000000,95.000000,95.000000,5.0,105.9288,97.0336,375.5658,384.461,PENDING_AG03,FALSE,NOT_FOR_ENFORCEMENT,462.2348,36187.5597,481.4946,462.2348,19.2598,0.01160708,0.01114280,19.2598,462.2348,0.01114280,19.2598,19.2598,19.2598,24.0747,24.0747,462.2348,0.01114280,105.9288,97.0336,375.5658,384.461,0.00905352,0.00926795,0.00046428,15.0409,16.8584,0.2153,11.7438,0.4291,1011.7763,54.5366,10.8148,15.0547,10.2862,13.088,13.088,26.176,34.6568,52.3519,13.088,-5.1891,2.647988,4.0,1.149216,29,158,24,5,0.00234634,0.01160708,0.15915119,0E-8,0.000000,0.908698,0.000000,-0.14789112,2026-04-14,2026-07-10,41,1122,472,88,0.465909,0.718364,0.719024,0.007821,,,,,,,,GLOBAL_BASELINE_NO_ENTITY_RANKING,,,NOT_APPLICABLE_GLOBAL_BASELINE,HF9g-P5,,,,X 全窗基线 · 不参与实体赏罚,8392235,840,A168_HF9F_20260827_0900,2026-08-27 09:00:00
2026-06-23,142615618,1396,0,36.0017486564,66.2175019930,66.2175019930,1.0000000,4,3,0.43127345000000000,0.431273450000,1.9890056526381874,1.9890056526381874,1.9890056526381874,0E-17,ELIGIBLE,R03b_20260811_FULL_v1,L1_ELIGIBILITY,v2026-08-11,2026-03-21..2026-08-06,baccarat_bet02_101_all_pairs_incl_sentinel,round_win = game_pnl > 0 (decisive only),COMPATIBILITY_ONLY_NOT_PRODUCTION,41482.8302,37695.3747,481.4946,2758,2236,-0.01160708,-0.15915119,-0.01126008,-0.01160708,-481.4946,41482.8302,OK,0.0000,19.2598,4.0000,96.0000,AG03-UNRESOLVED,ALL5_LEVELS_bet23_to_bet27,19.2598,19.2598,19.2598,24.0747,24.0747,4.000000,4.000000,4.000000,5.000000,5.000000,96.000000,96.000000,96.000000,95.000000,95.000000,5.0,105.9288,97.0336,375.5658,384.461,PENDING_AG03,FALSE,NOT_FOR_ENFORCEMENT,462.2348,36187.5597,481.4946,462.2348,19.2598,0.01160708,0.01114280,19.2598,462.2348,0.01114280,19.2598,19.2598,19.2598,24.0747,24.0747,462.2348,0.01114280,105.9288,97.0336,375.5658,384.461,0.00905352,0.00926795,0.00046428,15.0409,16.8584,0.2153,11.7438,0.4291,1011.7763,54.5366,10.8148,15.0547,10.2862,13.088,13.088,26.176,34.6568,52.3519,13.088,-5.1891,2.647988,4.0,1.149216,29,158,24,5,0.00234634,0.01160708,0.15915119,0E-8,0.000000,0.908698,0.000000,-0.14789112,2026-04-14,2026-07-10,41,1122,472,88,0.465909,0.718364,0.719024,0.007821,,,,,,,,GLOBAL_BASELINE_NO_ENTITY_RANKING,,,NOT_APPLICABLE_GLOBAL_BASELINE,HF9g-P5,,,,X 全窗基线 · 不参与实体赏罚,8392236,840,A168_HF9F_20260827_0900,2026-08-27 09:00:00
2026-06-23,142615618,1940,0,25.7155347546,-25.7155347546,-25.7155347546,0E-7,2,1,0.29392415000000000,0.293924150000,-0.6451964315166089,-0.6451964315166089,-0.6451964315166089,0E-17,ELIGIBLE,R03b_20260811_FULL_v1,L1_ELIGIBILITY,v2026-08-11,2026-03-21..2026-08-06,baccarat_bet02_101_all_pairs_incl_sentinel,round_win = game_pnl > 0 (decisive only),COMPATIBILITY_ONLY_NOT_PRODUCTION,41482.8302,37695.3747,481.4946,2758,2236,-0.01160708,-0.15915119,-0.01126008,-0.01160708,-481.4946,41482.8302,OK,0.0000,19.2598,4.0000,96.0000,AG03-UNRESOLVED,ALL5_LEVELS_bet23_to_bet27,19.2598,19.2598,19.2598,24.0747,24.0747,4.000000,4.000000,4.000000,5.000000,5.000000,96.000000,96.000000,96.000000,95.000000,95.000000,5.0,105.9288,97.0336,375.5658,384.461,PENDING_AG03,FALSE,NOT_FOR_ENFORCEMENT,462.2348,36187.5597,481.4946,462.2348,19.2598,0.01160708,0.01114280,19.2598,462.2348,0.01114280,19.2598,19.2598,19.2598,24.0747,24.0747,462.2348,0.01114280,105.9288,97.0336,375.5658,384.461,0.00905352,0.00926795,0.00046428,15.0409,16.8584,0.2153,11.7438,0.4291,1011.7763,54.5366,10.8148,15.0547,10.2862,13.088,13.088,26.176,34.6568,52.3519,13.088,-5.1891,2.647988,4.0,1.149216,29,158,24,5,0.00234634,0.01160708,0.15915119,0E-8,0.000000,0.908698,0.000000,-0.14789112,2026-04-14,2026-07-10,41,1122,472,88,0.465909,0.718364,0.719024,0.007821,,,,,,,,GLOBAL_BASELINE_NO_ENTITY_RANKING,,,NOT_APPLICABLE_GLOBAL_BASELINE,HF9g-P5,,,,X 全窗基线 · 不参与实体赏罚,8392237,840,A168_HF9F_20260827_0900,2026-08-27 09:00:00
2026-06-23,142615618,2153,0,38.5733021318,-38.5733021318,-38.5733021318,0E-7,2,1,0.36930139999964393,0.300626750000,-0.765208073563123,-0.655630731788307,-0.765208073563123,0.06867464999964393,ELIGIBLE,R03b_20260811_FULL_v1,L1_ELIGIBILITY,v2026-08-11,2026-03-21..2026-08-06,baccarat_bet02_101_all_pairs_incl_sentinel,round_win = game_pnl > 0 (decisive only),COMPATIBILITY_ONLY_NOT_PRODUCTION,41482.8302,37695.3747,481.4946,2758,2236,-0.01160708,-0.15915119,-0.01126008,-0.01160708,-481.4946,41482.8302,OK,0.0000,19.2598,4.0000,96.0000,AG03-UNRESOLVED,ALL5_LEVELS_bet23_to_bet27,19.2598,19.2598,19.2598,24.0747,24.0747,4.000000,4.000000,4.000000,5.000000,5.000000,96.000000,96.000000,96.000000,95.000000,95.000000,5.0,105.9288,97.0336,375.5658,384.461,PENDING_AG03,FALSE,NOT_FOR_ENFORCEMENT,462.2348,36187.5597,481.4946,462.2348,19.2598,0.01160708,0.01114280,19.2598,462.2348,0.01114280,19.2598,19.2598,19.2598,24.0747,24.0747,462.2348,0.01114280,105.9288,97.0336,375.5658,384.461,0.00905352,0.00926795,0.00046428,15.0409,16.8584,0.2153,11.7438,0.4291,1011.7763,54.5366,10.8148,15.0547,10.2862,13.088,13.088,26.176,34.6568,52.3519,13.088,-5.1891,2.647988,4.0,1.149216,29,158,24,5,0.00234634,0.01160708,0.15915119,0E-8,0.000000,0.908698,0.000000,-0.14789112,2026-04-14,2026-07-10,41,1122,472,88,0.465909,0.718364,0.719024,0.007821,,,,,,,,GLOBAL_BASELINE_NO_ENTITY_RANKING,,,NOT_APPLICABLE_GLOBAL_BASELINE,HF9g-P5,,,,X 全窗基线 · 不参与实体赏罚,8392238,840,A168_HF9F_20260827_0900,2026-08-27 09:00:00
2026-06-23,142615618,2234,0,5.1431069509,-5.1431069509,-5.1431069509,0E-7,1,1,0.09460280000000000,0.094602800000,-0.32324545095860213,-0.32324545095860213,-0.32324545095860213,0E-17,ELIGIBLE,R03b_20260811_FULL_v1,L1_ELIGIBILITY,v2026-08-11,2026-03-21..2026-08-06,baccarat_bet02_101_all_pairs_incl_sentinel,round_win = game_pnl > 0 (decisive only),COMPATIBILITY_ONLY_NOT_PRODUCTION,41482.8302,37695.3747,481.4946,2758,2236,-0.01160708,-0.15915119,-0.01126008,-0.01160708,-481.4946,41482.8302,OK,0.0000,19.2598,4.0000,96.0000,AG03-UNRESOLVED,ALL5_LEVELS_bet23_to_bet27,19.2598,19.2598,19.2598,24.0747,24.0747,4.000000,4.000000,4.000000,5.000000,5.000000,96.000000,96.000000,96.000000,95.000000,95.000000,5.0,105.9288,97.0336,375.5658,384.461,PENDING_AG03,FALSE,NOT_FOR_ENFORCEMENT,462.2348,36187.5597,481.4946,462.2348,19.2598,0.01160708,0.01114280,19.2598,462.2348,0.01114280,19.2598,19.2598,19.2598,24.0747,24.0747,462.2348,0.01114280,105.9288,97.0336,375.5658,384.461,0.00905352,0.00926795,0.00046428,15.0409,16.8584,0.2153,11.7438,0.4291,1011.7763,54.5366,10.8148,15.0547,10.2862,13.088,13.088,26.176,34.6568,52.3519,13.088,-5.1891,2.647988,4.0,1.149216,29,158,24,5,0.00234634,0.01160708,0.15915119,0E-8,0.000000,0.908698,0.000000,-0.14789112,2026-04-14,2026-07-10,41,1122,472,88,0.465909,0.718364,0.719024,0.007821,,,,,,,,GLOBAL_BASELINE_NO_ENTITY_RANKING,,,NOT_APPLICABLE_GLOBAL_BASELINE,HF9g-P5,,,,X 全窗基线 · 不参与实体赏罚,8392239,840,A168_HF9F_20260827_0900,2026-08-27 09:00:00
2026-06-23,142615618,970,0,18.0008743282,7.0717720575,7.0717720575,1.0000000,2,1,0.38892272857175558,0.300626750000,1.2534770977672238,1.5252488199758223,1.2534770977672238,0.08829597857175558,ELIGIBLE,R03b_20260811_FULL_v1,L1_ELIGIBILITY,v2026-08-11,2026-03-21..2026-08-06,baccarat_bet02_101_all_pairs_incl_sentinel,round_win = game_pnl > 0 (decisive only),COMPATIBILITY_ONLY_NOT_PRODUCTION,41482.8302,37695.3747,481.4946,2758,2236,-0.01160708,-0.15915119,-0.01126008,-0.01160708,-481.4946,41482.8302,OK,0.0000,19.2598,4.0000,96.0000,AG03-UNRESOLVED,ALL5_LEVELS_bet23_to_bet27,19.2598,19.2598,19.2598,24.0747,24.0747,4.000000,4.000000,4.000000,5.000000,5.000000,96.000000,96.000000,96.000000,95.000000,95.000000,5.0,105.9288,97.0336,375.5658,384.461,PENDING_AG03,FALSE,NOT_FOR_ENFORCEMENT,462.2348,36187.5597,481.4946,462.2348,19.2598,0.01160708,0.01114280,19.2598,462.2348,0.01114280,19.2598,19.2598,19.2598,24.0747,24.0747,462.2348,0.01114280,105.9288,97.0336,375.5658,384.461,0.00905352,0.00926795,0.00046428,15.0409,16.8584,0.2153,11.7438,0.4291,1011.7763,54.5366,10.8148,15.0547,10.2862,13.088,13.088,26.176,34.6568,52.3519,13.088,-5.1891,2.647988,4.0,1.149216,29,158,24,5,0.00234634,0.01160708,0.15915119,0E-8,0.000000,0.908698,0.000000,-0.14789112,2026-04-14,2026-07-10,41,1122,472,88,0.465909,0.718364,0.719024,0.007821,,,,,,,,GLOBAL_BASELINE_NO_ENTITY_RANKING,,,NOT_APPLICABLE_GLOBAL_BASELINE,HF9g-P5,,,,X 全窗基线 · 不参与实体赏罚,8392240,840,A168_HF9F_20260827_0900,2026-08-27 09:00:00
2026-06-28,142615618,2261,0,19.8009617610,-19.8009617610,-19.8009617610,0E-7,1,1,0.50665070000000000,0.506650700000,-1.013391052207602,-1.013391052207602,-1.013391052207602,0E-17,ELIGIBLE,R03b_20260811_FULL_v1,L1_ELIGIBILITY,v2026-08-11,2026-03-21..2026-08-06,baccarat_bet02_101_all_pairs_incl_sentinel,round_win = game_pnl > 0 (decisive only),COMPATIBILITY_ONLY_NOT_PRODUCTION,41482.8302,37695.3747,481.4946,2758,2236,-0.01160708,-0.15915119,-0.01126008,-0.01160708,-481.4946,41482.8302,OK,0.0000,19.2598,4.0000,96.0000,AG03-UNRESOLVED,ALL5_LEVELS_bet23_to_bet27,19.2598,19.2598,19.2598,24.0747,24.0747,4.000000,4.000000,4.000000,5.000000,5.000000,96.000000,96.000000,96.000000,95.000000,95.000000,5.0,105.9288,97.0336,375.5658,384.461,PENDING_AG03,FALSE,NOT_FOR_ENFORCEMENT,462.2348,36187.5597,481.4946,462.2348,19.2598,0.01160708,0.01114280,19.2598,462.2348,0.01114280,19.2598,19.2598,19.2598,24.0747,24.0747,462.2348,0.01114280,105.9288,97.0336,375.5658,384.461,0.00905352,0.00926795,0.00046428,15.0409,16.8584,0.2153,11.7438,0.4291,1011.7763,54.5366,10.8148,15.0547,10.2862,13.088,13.088,26.176,34.6568,52.3519,13.088,-5.1891,2.647988,4.0,1.149216,29,158,24,5,0.00234634,0.01160708,0.15915119,0E-8,0.000000,0.908698,0.000000,-0.14789112,2026-04-14,2026-07-10,41,1122,472,88,0.465909,0.718364,0.719024,0.007821,,,,,,,,GLOBAL_BASELINE_NO_ENTITY_RANKING,,,NOT_APPLICABLE_GLOBAL_BASELINE,HF9g-P5,,,,X 全窗基线 · 不参与实体赏罚,8392241,840,A168_HF9F_20260827_0900,2026-08-27 09:00:00
2026-07-10,142615618,-1,1,32.7885782149,-12.1343557173,-12.1343557173,0.3333333,4,3,0.31128398059719837,0.298392550000,0.08248177426035744,0.13226720629658262,0.08248177426035744,0.01289143059719837,SENTINEL_DEALER,R03b_20260811_FULL_v1,L1_ELIGIBILITY,v2026-08-11,2026-03-21..2026-08-06,baccarat_bet02_101_all_pairs_incl_sentinel,round_win = game_pnl > 0 (decisive only),COMPATIBILITY_ONLY_NOT_PRODUCTION,41482.8302,37695.3747,481.4946,2758,2236,-0.01160708,-0.15915119,-0.01126008,-0.01160708,-481.4946,41482.8302,OK,0.0000,19.2598,4.0000,96.0000,AG03-UNRESOLVED,ALL5_LEVELS_bet23_to_bet27,19.2598,19.2598,19.2598,24.0747,24.0747,4.000000,4.000000,4.000000,5.000000,5.000000,96.000000,96.000000,96.000000,95.000000,95.000000,5.0,105.9288,97.0336,375.5658,384.461,PENDING_AG03,FALSE,NOT_FOR_ENFORCEMENT,462.2348,36187.5597,481.4946,462.2348,19.2598,0.01160708,0.01114280,19.2598,462.2348,0.01114280,19.2598,19.2598,19.2598,24.0747,24.0747,462.2348,0.01114280,105.9288,97.0336,375.5658,384.461,0.00905352,0.00926795,0.00046428,15.0409,16.8584,0.2153,11.7438,0.4291,1011.7763,54.5366,10.8148,15.0547,10.2862,13.088,13.088,26.176,34.6568,52.3519,13.088,-5.1891,2.647988,4.0,1.149216,29,158,24,5,0.00234634,0.01160708,0.15915119,0E-8,0.000000,0.908698,0.000000,-0.14789112,2026-04-14,2026-07-10,41,1122,472,88,0.465909,0.718364,0.719024,0.007821,,,,,,,,GLOBAL_BASELINE_NO_ENTITY_RANKING,,,NOT_APPLICABLE_GLOBAL_BASELINE,HF9g-P5,,,,X 全窗基线 · 不参与实体赏罚,8392242,840,A168_HF9F_20260827_0900,2026-08-27 09:00:00
2026-07-10,142615618,1383,0,12.9088890610,-12.9088890610,-12.9088890610,0E-7,1,1,0.49324550000000000,0.493245500000,-0.9865810262130424,-0.9865810262130424,-0.9865810262130424,0E-17,ELIGIBLE,R03b_20260811_FULL_v1,L1_ELIGIBILITY,v2026-08-11,2026-03-21..2026-08-06,baccarat_bet02_101_all_pairs_incl_sentinel,round_win = game_pnl > 0 (decisive only),COMPATIBILITY_ONLY_NOT_PRODUCTION,41482.8302,37695.3747,481.4946,2758,2236,-0.01160708,-0.15915119,-0.01126008,-0.01160708,-481.4946,41482.8302,OK,0.0000,19.2598,4.0000,96.0000,AG03-UNRESOLVED,ALL5_LEVELS_bet23_to_bet27,19.2598,19.2598,19.2598,24.0747,24.0747,4.000000,4.000000,4.000000,5.000000,5.000000,96.000000,96.000000,96.000000,95.000000,95.000000,5.0,105.9288,97.0336,375.5658,384.461,PENDING_AG03,FALSE,NOT_FOR_ENFORCEMENT,462.2348,36187.5597,481.4946,462.2348,19.2598,0.01160708,0.01114280,19.2598,462.2348,0.01114280,19.2598,19.2598,19.2598,24.0747,24.0747,462.2348,0.01114280,105.9288,97.0336,375.5658,384.461,0.00905352,0.00926795,0.00046428,15.0409,16.8584,0.2153,11.7438,0.4291,1011.7763,54.5366,10.8148,15.0547,10.2862,13.088,13.088,26.176,34.6568,52.3519,13.088,-5.1891,2.647988,4.0,1.149216,29,158,24,5,0.00234634,0.01160708,0.15915119,0E-8,0.000000,0.908698,0.000000,-0.14789112,2026-04-14,2026-07-10,41,1122,472,88,0.465909,0.718364,0.719024,0.007821,,,,,,,,GLOBAL_BASELINE_NO_ENTITY_RANKING,,,NOT_APPLICABLE_GLOBAL_BASELINE,HF9g-P5,,,,X 全窗基线 · 不参与实体赏罚,8392243,840,A168_HF9F_20260827_0900,2026-08-27 09:00:00
2026-07-10,142615618,1396,0,15.4906668732,-15.4906668732,-15.4906668732,0E-7,1,1,0.50665070000000000,0.506650700000,-1.013391052207602,-1.013391052207602,-1.013391052207602,0E-17,ELIGIBLE,R03b_20260811_FULL_v1,L1_ELIGIBILITY,v2026-08-11,2026-03-21..2026-08-06,baccarat_bet02_101_all_pairs_incl_sentinel,round_win = game_pnl > 0 (decisive only),COMPATIBILITY_ONLY_NOT_PRODUCTION,41482.8302,37695.3747,481.4946,2758,2236,-0.01160708,-0.15915119,-0.01126008,-0.01160708,-481.4946,41482.8302,OK,0.0000,19.2598,4.0000,96.0000,AG03-UNRESOLVED,ALL5_LEVELS_bet23_to_bet27,19.2598,19.2598,19.2598,24.0747,24.0747,4.000000,4.000000,4.000000,5.000000,5.000000,96.000000,96.000000,96.000000,95.000000,95.000000,5.0,105.9288,97.0336,375.5658,384.461,PENDING_AG03,FALSE,NOT_FOR_ENFORCEMENT,462.2348,36187.5597,481.4946,462.2348,19.2598,0.01160708,0.01114280,19.2598,462.2348,0.01114280,19.2598,19.2598,19.2598,24.0747,24.0747,462.2348,0.01114280,105.9288,97.0336,375.5658,384.461,0.00905352,0.00926795,0.00046428,15.0409,16.8584,0.2153,11.7438,0.4291,1011.7763,54.5366,10.8148,15.0547,10.2862,13.088,13.088,26.176,34.6568,52.3519,13.088,-5.1891,2.647988,4.0,1.149216,29,158,24,5,0.00234634,0.01160708,0.15915119,0E-8,0.000000,0.908698,0.000000,-0.14789112,2026-04-14,2026-07-10,41,1122,472,88,0.465909,0.718364,0.719024,0.007821,,,,,,,,GLOBAL_BASELINE_NO_ENTITY_RANKING,,,NOT_APPLICABLE_GLOBAL_BASELINE,HF9g-P5,,,,X 全窗基线 · 不参与实体赏罚,8392244,840,A168_HF9F_20260827_0900,2026-08-27 09:00:00
2026-07-10,142615618,2123,0,15.4906668732,14.7161335295,14.7161335295,1.0000000,1,1,0.50665070000000000,0.506650700000,0.9867858985152569,0.9867858985152569,0.9867858985152569,0E-17,ELIGIBLE,R03b_20260811_FULL_v1,L1_ELIGIBILITY,v2026-08-11,2026-03-21..2026-08-06,baccarat_bet02_101_all_pairs_incl_sentinel,round_win = game_pnl > 0 (decisive only),COMPATIBILITY_ONLY_NOT_PRODUCTION,41482.8302,37695.3747,481.4946,2758,2236,-0.01160708,-0.15915119,-0.01126008,-0.01160708,-481.4946,41482.8302,OK,0.0000,19.2598,4.0000,96.0000,AG03-UNRESOLVED,ALL5_LEVELS_bet23_to_bet27,19.2598,19.2598,19.2598,24.0747,24.0747,4.000000,4.000000,4.000000,5.000000,5.000000,96.000000,96.000000,96.000000,95.000000,95.000000,5.0,105.9288,97.0336,375.5658,384.461,PENDING_AG03,FALSE,NOT_FOR_ENFORCEMENT,462.2348,36187.5597,481.4946,462.2348,19.2598,0.01160708,0.01114280,19.2598,462.2348,0.01114280,19.2598,19.2598,19.2598,24.0747,24.0747,462.2348,0.01114280,105.9288,97.0336,375.5658,384.461,0.00905352,0.00926795,0.00046428,15.0409,16.8584,0.2153,11.7438,0.4291,1011.7763,54.5366,10.8148,15.0547,10.2862,13.088,13.088,26.176,34.6568,52.3519,13.088,-5.1891,2.647988,4.0,1.149216,29,158,24,5,0.00234634,0.01160708,0.15915119,0E-8,0.000000,0.908698,0.000000,-0.14789112,2026-04-14,2026-07-10,41,1122,472,88,0.465909,0.718364,0.719024,0.007821,,,,,,,,GLOBAL_BASELINE_NO_ENTITY_RANKING,,,NOT_APPLICABLE_GLOBAL_BASELINE,HF9g-P5,,,,X 全窗基线 · 不参与实体赏罚,8392245,840,A168_HF9F_20260827_0900,2026-08-27 09:00:00
2026-07-10,142615618,2142,0,5.1635556244,-5.1635556244,-5.1635556244,0E-7,1,1,0.49324550000000000,0.493245500000,-0.9865810262130424,-0.9865810262130424,-0.9865810262130424,0E-17,ELIGIBLE,R03b_20260811_FULL_v1,L1_ELIGIBILITY,v2026-08-11,2026-03-21..2026-08-06,baccarat_bet02_101_all_pairs_incl_sentinel,round_win = game_pnl > 0 (decisive only),COMPATIBILITY_ONLY_NOT_PRODUCTION,41482.8302,37695.3747,481.4946,2758,2236,-0.01160708,-0.15915119,-0.01126008,-0.01160708,-481.4946,41482.8302,OK,0.0000,19.2598,4.0000,96.0000,AG03-UNRESOLVED,ALL5_LEVELS_bet23_to_bet27,19.2598,19.2598,19.2598,24.0747,24.0747,4.000000,4.000000,4.000000,5.000000,5.000000,96.000000,96.000000,96.000000,95.000000,95.000000,5.0,105.9288,97.0336,375.5658,384.461,PENDING_AG03,FALSE,NOT_FOR_ENFORCEMENT,462.2348,36187.5597,481.4946,462.2348,19.2598,0.01160708,0.01114280,19.2598,462.2348,0.01114280,19.2598,19.2598,19.2598,24.0747,24.0747,462.2348,0.01114280,105.9288,97.0336,375.5658,384.461,0.00905352,0.00926795,0.00046428,15.0409,16.8584,0.2153,11.7438,0.4291,1011.7763,54.5366,10.8148,15.0547,10.2862,13.088,13.088,26.176,34.6568,52.3519,13.088,-5.1891,2.647988,4.0,1.149216,29,158,24,5,0.00234634,0.01160708,0.15915119,0E-8,0.000000,0.908698,0.000000,-0.14789112,2026-04-14,2026-07-10,41,1122,472,88,0.465909,0.718364,0.719024,0.007821,,,,,,,,GLOBAL_BASELINE_NO_ENTITY_RANKING,,,NOT_APPLICABLE_GLOBAL_BASELINE,HF9g-P5,,,,X 全窗基线 · 不参与实体赏罚,8392246,840,A168_HF9F_20260827_0900,2026-08-27 09:00:00
2026-07-10,142615618,2266,0,15.4906668732,15.4906668732,15.4906668732,1.0000000,1,1,0.49324550000000000,0.493245500000,1.01360149184955,1.01360149184955,1.01360149184955,0E-17,ELIGIBLE,R03b_20260811_FULL_v1,L1_ELIGIBILITY,v2026-08-11,2026-03-21..2026-08-06,baccarat_bet02_101_all_pairs_incl_sentinel,round_win = game_pnl > 0 (decisive only),COMPATIBILITY_ONLY_NOT_PRODUCTION,41482.8302,37695.3747,481.4946,2758,2236,-0.01160708,-0.15915119,-0.01126008,-0.01160708,-481.4946,41482.8302,OK,0.0000,19.2598,4.0000,96.0000,AG03-UNRESOLVED,ALL5_LEVELS_bet23_to_bet27,19.2598,19.2598,19.2598,24.0747,24.0747,4.000000,4.000000,4.000000,5.000000,5.000000,96.000000,96.000000,96.000000,95.000000,95.000000,5.0,105.9288,97.0336,375.5658,384.461,PENDING_AG03,FALSE,NOT_FOR_ENFORCEMENT,462.2348,36187.5597,481.4946,462.2348,19.2598,0.01160708,0.01114280,19.2598,462.2348,0.01114280,19.2598,19.2598,19.2598,24.0747,24.0747,462.2348,0.01114280,105.9288,97.0336,375.5658,384.461,0.00905352,0.00926795,0.00046428,15.0409,16.8584,0.2153,11.7438,0.4291,1011.7763,54.5366,10.8148,15.0547,10.2862,13.088,13.088,26.176,34.6568,52.3519,13.088,-5.1891,2.647988,4.0,1.149216,29,158,24,5,0.00234634,0.01160708,0.15915119,0E-8,0.000000,0.908698,0.000000,-0.14789112,2026-04-14,2026-07-10,41,1122,472,88,0.465909,0.718364,0.719024,0.007821,,,,,,,,GLOBAL_BASELINE_NO_ENTITY_RANKING,,,NOT_APPLICABLE_GLOBAL_BASELINE,HF9g-P5,,,,X 全窗基线 · 不参与实体赏罚,8392247,840,A168_HF9F_20260827_0900,2026-08-27 09:00:00
2026-07-09,152787007,2134,0,570.0000000000,-131.5000000000,-131.5000000000,0.5714286,23,7,0.37716525009637188,0.209011447619,1.060443601005934,2.358237785756623,1.060443601005934,0.16815380247737188,ELIGIBLE,R03b_20260811_FULL_v1,L1_ELIGIBILITY,v2026-08-11,2026-03-21..2026-08-06,baccarat_bet02_101_all_pairs_incl_sentinel,round_win = game_pnl > 0 (decisive only),COMPATIBILITY_ONLY_NOT_PRODUCTION,920.0000,870.0000,481.5000,25,8,-0.52336957,-0.52336957,,-0.52336957,-481.5000,920.0000,THIN_EXPOSURE,0.0000,19.2600,4.0000,96.0000,AG03-UNRESOLVED,ALL5_LEVELS_bet23_to_bet27,19.2600,19.2600,21.6675,21.6675,21.6675,4.000000,4.000000,4.500000,4.500000,4.500000,96.000000,96.000000,95.500000,95.500000,95.500000,5.0,103.5225,95.0006,377.9775,386.4994,PENDING_AG03,FALSE,NOT_FOR_ENFORCEMENT,462.2400,835.2000,481.5000,462.2400,19.2600,0.52336957,0.50243478,19.2600,462.2400,0.50243478,19.2600,19.2600,21.6675,21.6675,21.6675,462.2400,0.50243478,103.5225,95.0006,377.9775,386.4994,0.41084511,0.42010809,0.02093478,36.8000,108.7500,60.1875,240.7500,240.7500,460.0000,4.0000,36.8000,,10.0,10.0,50.0,100.0,137.5,250.0,10.0,-10.0,13.75,25.0,3.68,2,2,1,5,1.00000000,0.52336957,0.52336957,0E-8,0.000000,0.945652,0.000000,,2026-07-09,2026-07-28,2,2,2,20,0.100000,,1.000000,3.333333,,,,,,,,GLOBAL_BASELINE_NO_ENTITY_RANKING,,,NOT_APPLICABLE_GLOBAL_BASELINE,HF9g-P5,,,,X 全窗基线 · 不参与实体赏罚,8392248,840,A168_HF9F_20260827_0900,2026-08-27 09:00:00
2026-07-28,152787007,-1,1,350.0000000000,-350.0000000000,-350.0000000000,0E-7,2,1,0.38892272857142857,0.300626750000,-0.7977808304440328,-0.655630731788307,-0.7977808304440328,0.08829597857142857,SENTINEL_DEALER,R03b_20260811_FULL_v1,L1_ELIGIBILITY,v2026-08-11,2026-03-21..2026-08-06,baccarat_bet02_101_all_pairs_incl_sentinel,round_win = game_pnl > 0 (decisive only),COMPATIBILITY_ONLY_NOT_PRODUCTION,920.0000,870.0000,481.5000,25,8,-0.52336957,-0.52336957,,-0.52336957,-481.5000,920.0000,THIN_EXPOSURE,0.0000,19.2600,4.0000,96.0000,AG03-UNRESOLVED,ALL5_LEVELS_bet23_to_bet27,19.2600,19.2600,21.6675,21.6675,21.6675,4.000000,4.000000,4.500000,4.500000,4.500000,96.000000,96.000000,95.500000,95.500000,95.500000,5.0,103.5225,95.0006,377.9775,386.4994,PENDING_AG03,FALSE,NOT_FOR_ENFORCEMENT,462.2400,835.2000,481.5000,462.2400,19.2600,0.52336957,0.50243478,19.2600,462.2400,0.50243478,19.2600,19.2600,21.6675,21.6675,21.6675,462.2400,0.50243478,103.5225,95.0006,377.9775,386.4994,0.41084511,0.42010809,0.02093478,36.8000,108.7500,60.1875,240.7500,240.7500,460.0000,4.0000,36.8000,,10.0,10.0,50.0,100.0,137.5,250.0,10.0,-10.0,13.75,25.0,3.68,2,2,1,5,1.00000000,0.52336957,0.52336957,0E-8,0.000000,0.945652,0.000000,,2026-07-09,2026-07-28,2,2,2,20,0.100000,,1.000000,3.333333,,,,,,,,GLOBAL_BASELINE_NO_ENTITY_RANKING,,,NOT_APPLICABLE_GLOBAL_BASELINE,HF9g-P5,,,,X 全窗基线 · 不参与实体赏罚,8392249,840,A168_HF9F_20260827_0900,2026-08-27 09:00:00
2026-07-10,152816824,-1,1,260.7595590323,-132.9615573283,-132.9615573283,0.6666667,6,6,0.49771390000000000,0.497713900000,0.8277047895645219,0.8277047895645219,0.8277047895645219,0E-17,SENTINEL_DEALER,R03b_20260811_FULL_v1,L1_ELIGIBILITY,v2026-08-11,2026-03-21..2026-08-06,baccarat_bet02_101_all_pairs_incl_sentinel,round_win = game_pnl > 0 (decisive only),COMPATIBILITY_ONLY_NOT_PRODUCTION,1000.1807,790.0240,481.5016,17,17,-0.48141456,-0.48141456,,-0.48141456,-481.5016,1000.1807,THIN_EXPOSURE,0.0000,19.2601,4.0000,96.0000,AG03-UNRESOLVED,ALL5_LEVELS_bet23_to_bet27,19.2601,19.2601,24.0751,24.0751,24.0751,4.000000,4.000000,5.000000,5.000000,5.000000,96.000000,96.000000,95.000000,95.000000,95.000000,5.0,110.7454,101.0398,370.7562,380.4617,PENDING_AG03,FALSE,NOT_FOR_ENFORCEMENT,462.2415,758.4231,481.5016,462.2415,19.2601,0.48141456,0.46215798,19.2601,462.2415,0.46215798,19.2601,19.2601,24.0751,24.0751,24.0751,462.2415,0.46215798,110.7454,101.0398,370.7562,380.4617,0.37068921,0.38039299,0.01925658,58.8342,46.4720,28.3236,481.5016,120.3754,1000.1807,17.0000,58.8342,,12.9089,12.9089,64.5444,204.7866,241.3704,258.1778,12.9089,0.0,18.698,20.000001,4.557647,4,3,1,2,1.00000000,0.48141456,0.48141456,0E-8,0.000000,0.789881,0.000000,,2026-07-10,2026-07-10,1,4,4,1,1.000000,,1.000000,3.333333,,,,,,,,GLOBAL_BASELINE_NO_ENTITY_RANKING,,,NOT_APPLICABLE_GLOBAL_BASELINE,HF9g-P5,,,,X 全窗基线 · 不参与实体赏罚,8392250,840,A168_HF9F_20260827_0900,2026-08-27 09:00:00
2026-07-10,152816824,1157,0,468.3344951333,-258.1777812201,-258.1777812201,0E-7,2,2,0.49324550000000000,0.493245500000,-0.9865810262130424,-0.9865810262130424,-0.9865810262130424,0E-17,ELIGIBLE,R03b_20260811_FULL_v1,L1_ELIGIBILITY,v2026-08-11,2026-03-21..2026-08-06,baccarat_bet02_101_all_pairs_incl_sentinel,round_win = game_pnl > 0 (decisive only),COMPATIBILITY_ONLY_NOT_PRODUCTION,1000.1807,790.0240,481.5016,17,17,-0.48141456,-0.48141456,,-0.48141456,-481.5016,1000.1807,THIN_EXPOSURE,0.0000,19.2601,4.0000,96.0000,AG03-UNRESOLVED,ALL5_LEVELS_bet23_to_bet27,19.2601,19.2601,24.0751,24.0751,24.0751,4.000000,4.000000,5.000000,5.000000,5.000000,96.000000,96.000000,95.000000,95.000000,95.000000,5.0,110.7454,101.0398,370.7562,380.4617,PENDING_AG03,FALSE,NOT_FOR_ENFORCEMENT,462.2415,758.4231,481.5016,462.2415,19.2601,0.48141456,0.46215798,19.2601,462.2415,0.46215798,19.2601,19.2601,24.0751,24.0751,24.0751,462.2415,0.46215798,110.7454,101.0398,370.7562,380.4617,0.37068921,0.38039299,0.01925658,58.8342,46.4720,28.3236,481.5016,120.3754,1000.1807,17.0000,58.8342,,12.9089,12.9089,64.5444,204.7866,241.3704,258.1778,12.9089,0.0,18.698,20.000001,4.557647,4,3,1,2,1.00000000,0.48141456,0.48141456,0E-8,0.000000,0.789881,0.000000,,2026-07-10,2026-07-10,1,4,4,1,1.000000,,1.000000,3.333333,,,,,,,,GLOBAL_BASELINE_NO_ENTITY_RANKING,,,NOT_APPLICABLE_GLOBAL_BASELINE,HF9g-P5,,,,X 全窗基线 · 不参与实体赏罚,8392251,840,A168_HF9F_20260827_0900,2026-08-27 09:00:00
2026-07-10,152816824,1396,0,271.0866702811,-90.3622234271,-90.3622234271,0.4444444,9,9,0.49473496666666667,0.494734966667,-0.3017598637115941,-0.3017598637135921,-0.3017598637115941,-3.3333E-13,ELIGIBLE,R03b_20260811_FULL_v1,L1_ELIGIBILITY,v2026-08-11,2026-03-21..2026-08-06,baccarat_bet02_101_all_pairs_incl_sentinel,round_win = game_pnl > 0 (decisive only),COMPATIBILITY_ONLY_NOT_PRODUCTION,1000.1807,790.0240,481.5016,17,17,-0.48141456,-0.48141456,,-0.48141456,-481.5016,1000.1807,THIN_EXPOSURE,0.0000,19.2601,4.0000,96.0000,AG03-UNRESOLVED,ALL5_LEVELS_bet23_to_bet27,19.2601,19.2601,24.0751,24.0751,24.0751,4.000000,4.000000,5.000000,5.000000,5.000000,96.000000,96.000000,95.000000,95.000000,95.000000,5.0,110.7454,101.0398,370.7562,380.4617,PENDING_AG03,FALSE,NOT_FOR_ENFORCEMENT,462.2415,758.4231,481.5016,462.2415,19.2601,0.48141456,0.46215798,19.2601,462.2415,0.46215798,19.2601,19.2601,24.0751,24.0751,24.0751,462.2415,0.46215798,110.7454,101.0398,370.7562,380.4617,0.37068921,0.38039299,0.01925658,58.8342,46.4720,28.3236,481.5016,120.3754,1000.1807,17.0000,58.8342,,12.9089,12.9089,64.5444,204.7866,241.3704,258.1778,12.9089,0.0,18.698,20.000001,4.557647,4,3,1,2,1.00000000,0.48141456,0.48141456,0E-8,0.000000,0.789881,0.000000,,2026-07-10,2026-07-10,1,4,4,1,1.000000,,1.000000,3.333333,,,,,,,,GLOBAL_BASELINE_NO_ENTITY_RANKING,,,NOT_APPLICABLE_GLOBAL_BASELINE,HF9g-P5,,,,X 全窗基线 · 不参与实体赏罚,8392252,840,A168_HF9F_20260827_0900,2026-08-27 09:00:00
2026-03-22,146600963,2088,0,22.1186507623,-22.1186507623,-22.1186507623,0E-7,6,2,0.29124019000000000,0.291240190000,-0.9065486367645786,-0.9065486367645786,-0.9065486367645786,0E-17,ELIGIBLE,R03b_20260811_FULL_v1,L1_ELIGIBILITY,v2026-08-11,2026-03-21..2026-08-06,baccarat_bet02_101_all_pairs_incl_sentinel,round_win = game_pnl > 0 (decisive only),COMPATIBILITY_ONLY_NOT_PRODUCTION,11190.5938,10309.4935,476.5634,208,149,-0.04258607,,-0.04258607,-0.04258607,-476.5634,11190.5938,OK,0.0000,14.2969,3.0000,97.0000,AG03-UNRESOLVED,ALL5_LEVELS_bet23_to_bet27,14.2969,14.2969,14.2969,19.0625,19.0625,3.000000,3.000000,3.000000,4.000000,4.000000,97.000000,97.000000,97.000000,96.000000,96.000000,5.0,81.0158,75.7167,395.5476,400.8467,PENDING_AG03,FALSE,NOT_FOR_ENFORCEMENT,462.2665,10000.2087,476.5634,462.2665,14.2969,0.04258607,0.04130849,14.2969,462.2665,0.04130849,14.2969,14.2969,14.2969,19.0625,19.0625,462.2665,0.04130849,81.0158,75.7167,395.5476,400.8467,0.03534644,0.03581997,0.00127758,53.8009,69.1912,3.1984,79.4272,15.8854,1865.0990,24.8333,,53.8009,13.1659,26.3317,78.9952,131.6586,157.9904,248.0448,26.3317,-2.6332,6.0,9.419998,2.043198,14,29,8,8,0E-8,0.04258607,,0E-8,0.000000,0.921264,0.961539,,2026-03-22,2026-04-15,6,30,29,25,0.240000,,,0.000000,,,,,,,,GLOBAL_BASELINE_NO_ENTITY_RANKING,,,NOT_APPLICABLE_GLOBAL_BASELINE,HF9g-P5,,,,X 全窗基线 · 不参与实体赏罚,8392253,840,A168_HF9F_20260827_0900,2026-08-27 09:00:00
2026-03-27,146600963,-1,1,115.8595992311,94.7942175527,94.7942175527,1.0000000,3,1,0.45519575909087625,0.214214066667,1.0940096080764956,1.915261735237109,1.0940096080764956,0.24098169242387625,SENTINEL_DEALER,R03b_20260811_FULL_v1,L1_ELIGIBILITY,v2026-08-11,2026-03-21..2026-08-06,baccarat_bet02_101_all_pairs_incl_sentinel,round_win = game_pnl > 0 (decisive only),COMPATIBILITY_ONLY_NOT_PRODUCTION,11190.5938,10309.4935,476.5634,208,149,-0.04258607,,-0.04258607,-0.04258607,-476.5634,11190.5938,OK,0.0000,14.2969,3.0000,97.0000,AG03-UNRESOLVED,ALL5_LEVELS_bet23_to_bet27,14.2969,14.2969,14.2969,19.0625,19.0625,3.000000,3.000000,3.000000,4.000000,4.000000,97.000000,97.000000,97.000000,96.000000,96.000000,5.0,81.0158,75.7167,395.5476,400.8467,PENDING_AG03,FALSE,NOT_FOR_ENFORCEMENT,462.2665,10000.2087,476.5634,462.2665,14.2969,0.04258607,0.04130849,14.2969,462.2665,0.04130849,14.2969,14.2969,14.2969,19.0625,19.0625,462.2665,0.04130849,81.0158,75.7167,395.5476,400.8467,0.03534644,0.03581997,0.00127758,53.8009,69.1912,3.1984,79.4272,15.8854,1865.0990,24.8333,,53.8009,13.1659,26.3317,78.9952,131.6586,157.9904,248.0448,26.3317,-2.6332,6.0,9.419998,2.043198,14,29,8,8,0E-8,0.04258607,,0E-8,0.000000,0.921264,0.961539,,2026-03-22,2026-04-15,6,30,29,25,0.240000,,,0.000000,,,,,,,,GLOBAL_BASELINE_NO_ENTITY_RANKING,,,NOT_APPLICABLE_GLOBAL_BASELINE,HF9g-P5,,,,X 全窗基线 · 不参与实体赏罚,8392254,840,A168_HF9F_20260827_0900,2026-08-27 09:00:00
2026-03-27,146600963,1210,0,1964.3468415092,916.3441030095,916.3441030095,0.6875000,27,16,0.48011698370764217,0.392941597917,1.6603774581906954,2.412415809376783,1.6603774581906954,0.08717538579064217,ELIGIBLE,R03b_20260811_FULL_v1,L1_ELIGIBILITY,v2026-08-11,2026-03-21..2026-08-06,baccarat_bet02_101_all_pairs_incl_sentinel,round_win = game_pnl > 0 (decisive only),COMPATIBILITY_ONLY_NOT_PRODUCTION,11190.5938,10309.4935,476.5634,208,149,-0.04258607,,-0.04258607,-0.04258607,-476.5634,11190.5938,OK,0.0000,14.2969,3.0000,97.0000,AG03-UNRESOLVED,ALL5_LEVELS_bet23_to_bet27,14.2969,14.2969,14.2969,19.0625,19.0625,3.000000,3.000000,3.000000,4.000000,4.000000,97.000000,97.000000,97.000000,96.000000,96.000000,5.0,81.0158,75.7167,395.5476,400.8467,PENDING_AG03,FALSE,NOT_FOR_ENFORCEMENT,462.2665,10000.2087,476.5634,462.2665,14.2969,0.04258607,0.04130849,14.2969,462.2665,0.04130849,14.2969,14.2969,14.2969,19.0625,19.0625,462.2665,0.04130849,81.0158,75.7167,395.5476,400.8467,0.03534644,0.03581997,0.00127758,53.8009,69.1912,3.1984,79.4272,15.8854,1865.0990,24.8333,,53.8009,13.1659,26.3317,78.9952,131.6586,157.9904,248.0448,26.3317,-2.6332,6.0,9.419998,2.043198,14,29,8,8,0E-8,0.04258607,,0E-8,0.000000,0.921264,0.961539,,2026-03-22,2026-04-15,6,30,29,25,0.240000,,,0.000000,,,,,,,,GLOBAL_BASELINE_NO_ENTITY_RANKING,,,NOT_APPLICABLE_GLOBAL_BASELINE,HF9g-P5,,,,X 全窗基线 · 不参与实体赏罚,8392255,840,A168_HF9F_20260827_0900,2026-08-27 09:00:00
2026-03-27,146600963,1330,0,2533.3754640968,-1422.7032151040,-1422.7032151040,0.2142857,14,14,0.49899058571428571,0.498990585714,-2.13054051215565,-2.1305405121535146,-2.13054051215565,2.8571E-13,ELIGIBLE,R03b_20260811_FULL_v1,L1_ELIGIBILITY,v2026-08-11,2026-03-21..2026-08-06,baccarat_bet02_101_all_pairs_incl_sentinel,round_win = game_pnl > 0 (decisive only),COMPATIBILITY_ONLY_NOT_PRODUCTION,11190.5938,10309.4935,476.5634,208,149,-0.04258607,,-0.04258607,-0.04258607,-476.5634,11190.5938,OK,0.0000,14.2969,3.0000,97.0000,AG03-UNRESOLVED,ALL5_LEVELS_bet23_to_bet27,14.2969,14.2969,14.2969,19.0625,19.0625,3.000000,3.000000,3.000000,4.000000,4.000000,97.000000,97.000000,97.000000,96.000000,96.000000,5.0,81.0158,75.7167,395.5476,400.8467,PENDING_AG03,FALSE,NOT_FOR_ENFORCEMENT,462.2665,10000.2087,476.5634,462.2665,14.2969,0.04258607,0.04130849,14.2969,462.2665,0.04130849,14.2969,14.2969,14.2969,19.0625,19.0625,462.2665,0.04130849,81.0158,75.7167,395.5476,400.8467,0.03534644,0.03581997,0.00127758,53.8009,69.1912,3.1984,79.4272,15.8854,1865.0990,24.8333,,53.8009,13.1659,26.3317,78.9952,131.6586,157.9904,248.0448,26.3317,-2.6332,6.0,9.419998,2.043198,14,29,8,8,0E-8,0.04258607,,0E-8,0.000000,0.921264,0.961539,,2026-03-22,2026-04-15,6,30,29,25,0.240000,,,0.000000,,,,,,,,GLOBAL_BASELINE_NO_ENTITY_RANKING,,,NOT_APPLICABLE_GLOBAL_BASELINE,HF9g-P5,,,,X 全窗基线 · 不参与实体赏罚,8392256,840,A168_HF9F_20260827_0900,2026-08-27 09:00:00
2026-03-27,146600963,1401,0,1421.9132632911,-52.6634541961,-52.6634541961,0.5000000,26,9,0.44014515809580428,0.291822158889,0.34104257434872903,1.2952368569941808,0.34104257434872903,0.14832299920680428,ELIGIBLE,R03b_20260811_FULL_v1,L1_ELIGIBILITY,v2026-08-11,2026-03-21..2026-08-06,baccarat_bet02_101_all_pairs_incl_sentinel,round_win = game_pnl > 0 (decisive only),COMPATIBILITY_ONLY_NOT_PRODUCTION,11190.5938,10309.4935,476.5634,208,149,-0.04258607,,-0.04258607,-0.04258607,-476.5634,11190.5938,OK,0.0000,14.2969,3.0000,97.0000,AG03-UNRESOLVED,ALL5_LEVELS_bet23_to_bet27,14.2969,14.2969,14.2969,19.0625,19.0625,3.000000,3.000000,3.000000,4.000000,4.000000,97.000000,97.000000,97.000000,96.000000,96.000000,5.0,81.0158,75.7167,395.5476,400.8467,PENDING_AG03,FALSE,NOT_FOR_ENFORCEMENT,462.2665,10000.2087,476.5634,462.2665,14.2969,0.04258607,0.04130849,14.2969,462.2665,0.04130849,14.2969,14.2969,14.2969,19.0625,19.0625,462.2665,0.04130849,81.0158,75.7167,395.5476,400.8467,0.03534644,0.03581997,0.00127758,53.8009,69.1912,3.1984,79.4272,15.8854,1865.0990,24.8333,,53.8009,13.1659,26.3317,78.9952,131.6586,157.9904,248.0448,26.3317,-2.6332,6.0,9.419998,2.043198,14,29,8,8,0E-8,0.04258607,,0E-8,0.000000,0.921264,0.961539,,2026-03-22,2026-04-15,6,30,29,25,0.240000,,,0.000000,,,,,,,,GLOBAL_BASELINE_NO_ENTITY_RANKING,,,NOT_APPLICABLE_GLOBAL_BASELINE,HF9g-P5,,,,X 全窗基线 · 不参与实体赏罚,8392257,840,A168_HF9F_20260827_0900,2026-08-27 09:00:00
2026-03-27,146600963,1714,0,342.3124522739,-26.3317270979,-26.3317270979,0.5555556,9,9,0.50218230000000000,0.502182300000,0.3202425836157423,0.3202425836157423,0.3202425836157423,0E-17,ELIGIBLE,R03b_20260811_FULL_v1,L1_ELIGIBILITY,v2026-08-11,2026-03-21..2026-08-06,baccarat_bet02_101_all_pairs_incl_sentinel,round_win = game_pnl > 0 (decisive only),COMPATIBILITY_ONLY_NOT_PRODUCTION,11190.5938,10309.4935,476.5634,208,149,-0.04258607,,-0.04258607,-0.04258607,-476.5634,11190.5938,OK,0.0000,14.2969,3.0000,97.0000,AG03-UNRESOLVED,ALL5_LEVELS_bet23_to_bet27,14.2969,14.2969,14.2969,19.0625,19.0625,3.000000,3.000000,3.000000,4.000000,4.000000,97.000000,97.000000,97.000000,96.000000,96.000000,5.0,81.0158,75.7167,395.5476,400.8467,PENDING_AG03,FALSE,NOT_FOR_ENFORCEMENT,462.2665,10000.2087,476.5634,462.2665,14.2969,0.04258607,0.04130849,14.2969,462.2665,0.04130849,14.2969,14.2969,14.2969,19.0625,19.0625,462.2665,0.04130849,81.0158,75.7167,395.5476,400.8467,0.03534644,0.03581997,0.00127758,53.8009,69.1912,3.1984,79.4272,15.8854,1865.0990,24.8333,,53.8009,13.1659,26.3317,78.9952,131.6586,157.9904,248.0448,26.3317,-2.6332,6.0,9.419998,2.043198,14,29,8,8,0E-8,0.04258607,,0E-8,0.000000,0.921264,0.961539,,2026-03-22,2026-04-15,6,30,29,25,0.240000,,,0.000000,,,,,,,,GLOBAL_BASELINE_NO_ENTITY_RANKING,,,NOT_APPLICABLE_GLOBAL_BASELINE,HF9g-P5,,,,X 全窗基线 · 不参与实体赏罚,8392258,840,A168_HF9F_20260827_0900,2026-08-27 09:00:00
2026-03-27,146600963,2093,0,30.2814861627,-3.9497590647,-3.9497590647,0.5000000,3,2,0.45910671153846154,0.403638725000,0.11605247763031405,0.27775789067037676,0.11605247763031405,0.05546798653846154,ELIGIBLE,R03b_20260811_FULL_v1,L1_ELIGIBILITY,v2026-08-11,2026-03-21..2026-08-06,baccarat_bet02_101_all_pairs_incl_sentinel,round_win = game_pnl > 0 (decisive only),COMPATIBILITY_ONLY_NOT_PRODUCTION,11190.5938,10309.4935,476.5634,208,149,-0.04258607,,-0.04258607,-0.04258607,-476.5634,11190.5938,OK,0.0000,14.2969,3.0000,97.0000,AG03-UNRESOLVED,ALL5_LEVELS_bet23_to_bet27,14.2969,14.2969,14.2969,19.0625,19.0625,3.000000,3.000000,3.000000,4.000000,4.000000,97.000000,97.000000,97.000000,96.000000,96.000000,5.0,81.0158,75.7167,395.5476,400.8467,PENDING_AG03,FALSE,NOT_FOR_ENFORCEMENT,462.2665,10000.2087,476.5634,462.2665,14.2969,0.04258607,0.04130849,14.2969,462.2665,0.04130849,14.2969,14.2969,14.2969,19.0625,19.0625,462.2665,0.04130849,81.0158,75.7167,395.5476,400.8467,0.03534644,0.03581997,0.00127758,53.8009,69.1912,3.1984,79.4272,15.8854,1865.0990,24.8333,,53.8009,13.1659,26.3317,78.9952,131.6586,157.9904,248.0448,26.3317,-2.6332,6.0,9.419998,2.043198,14,29,8,8,0E-8,0.04258607,,0E-8,0.000000,0.921264,0.961539,,2026-03-22,2026-04-15,6,30,29,25,0.240000,,,0.000000,,,,,,,,GLOBAL_BASELINE_NO_ENTITY_RANKING,,,NOT_APPLICABLE_GLOBAL_BASELINE,HF9g-P5,,,,X 全窗基线 · 不参与实体赏罚,8392259,840,A168_HF9F_20260827_0900,2026-08-27 09:00:00
2026-03-27,146600963,2222,0,65.8293177450,-65.8293177450,-65.8293177450,0E-7,1,1,0.49324550000000000,0.493245500000,-0.9865810262130424,-0.9865810262130424,-0.9865810262130424,0E-17,ELIGIBLE,R03b_20260811_FULL_v1,L1_ELIGIBILITY,v2026-08-11,2026-03-21..2026-08-06,baccarat_bet02_101_all_pairs_incl_sentinel,round_win = game_pnl > 0 (decisive only),COMPATIBILITY_ONLY_NOT_PRODUCTION,11190.5938,10309.4935,476.5634,208,149,-0.04258607,,-0.04258607,-0.04258607,-476.5634,11190.5938,OK,0.0000,14.2969,3.0000,97.0000,AG03-UNRESOLVED,ALL5_LEVELS_bet23_to_bet27,14.2969,14.2969,14.2969,19.0625,19.0625,3.000000,3.000000,3.000000,4.000000,4.000000,97.000000,97.000000,97.000000,96.000000,96.000000,5.0,81.0158,75.7167,395.5476,400.8467,PENDING_AG03,FALSE,NOT_FOR_ENFORCEMENT,462.2665,10000.2087,476.5634,462.2665,14.2969,0.04258607,0.04130849,14.2969,462.2665,0.04130849,14.2969,14.2969,14.2969,19.0625,19.0625,462.2665,0.04130849,81.0158,75.7167,395.5476,400.8467,0.03534644,0.03581997,0.00127758,53.8009,69.1912,3.1984,79.4272,15.8854,1865.0990,24.8333,,53.8009,13.1659,26.3317,78.9952,131.6586,157.9904,248.0448,26.3317,-2.6332,6.0,9.419998,2.043198,14,29,8,8,0E-8,0.04258607,,0E-8,0.000000,0.921264,0.961539,,2026-03-22,2026-04-15,6,30,29,25,0.240000,,,0.000000,,,,,,,,GLOBAL_BASELINE_NO_ENTITY_RANKING,,,NOT_APPLICABLE_GLOBAL_BASELINE,HF9g-P5,,,,X 全窗基线 · 不参与实体赏罚,8392260,840,A168_HF9F_20260827_0900,2026-08-27 09:00:00
2026-03-27,146600963,2244,0,13.1658635490,-13.1658635490,-13.1658635490,0E-7,1,1,0.50665070000000000,0.506650700000,-1.013391052207602,-1.013391052207602,-1.013391052207602,0E-17,ELIGIBLE,R03b_20260811_FULL_v1,L1_ELIGIBILITY,v2026-08-11,2026-03-21..2026-08-06,baccarat_bet02_101_all_pairs_incl_sentinel,round_win = game_pnl > 0 (decisive only),COMPATIBILITY_ONLY_NOT_PRODUCTION,11190.5938,10309.4935,476.5634,208,149,-0.04258607,,-0.04258607,-0.04258607,-476.5634,11190.5938,OK,0.0000,14.2969,3.0000,97.0000,AG03-UNRESOLVED,ALL5_LEVELS_bet23_to_bet27,14.2969,14.2969,14.2969,19.0625,19.0625,3.000000,3.000000,3.000000,4.000000,4.000000,97.000000,97.000000,97.000000,96.000000,96.000000,5.0,81.0158,75.7167,395.5476,400.8467,PENDING_AG03,FALSE,NOT_FOR_ENFORCEMENT,462.2665,10000.2087,476.5634,462.2665,14.2969,0.04258607,0.04130849,14.2969,462.2665,0.04130849,14.2969,14.2969,14.2969,19.0625,19.0625,462.2665,0.04130849,81.0158,75.7167,395.5476,400.8467,0.03534644,0.03581997,0.00127758,53.8009,69.1912,3.1984,79.4272,15.8854,1865.0990,24.8333,,53.8009,13.1659,26.3317,78.9952,131.6586,157.9904,248.0448,26.3317,-2.6332,6.0,9.419998,2.043198,14,29,8,8,0E-8,0.04258607,,0E-8,0.000000,0.921264,0.961539,,2026-03-22,2026-04-15,6,30,29,25,0.240000,,,0.000000,,,,,,,,GLOBAL_BASELINE_NO_ENTITY_RANKING,,,NOT_APPLICABLE_GLOBAL_BASELINE,HF9g-P5,,,,X 全窗基线 · 不参与实体赏罚,8392261,840,A168_HF9F_20260827_0900,2026-08-27 09:00:00
2026-03-27,146600963,598,0,26.3317270980,13.1658635490,13.1658635490,1.0000000,2,2,0.49994810000000000,0.499948100000,1.0001038053877793,1.0001038053877793,1.0001038053877793,0E-17,ELIGIBLE,R03b_20260811_FULL_v1,L1_ELIGIBILITY,v2026-08-11,2026-03-21..2026-08-06,baccarat_bet02_101_all_pairs_incl_sentinel,round_win = game_pnl > 0 (decisive only),COMPATIBILITY_ONLY_NOT_PRODUCTION,11190.5938,10309.4935,476.5634,208,149,-0.04258607,,-0.04258607,-0.04258607,-476.5634,11190.5938,OK,0.0000,14.2969,3.0000,97.0000,AG03-UNRESOLVED,ALL5_LEVELS_bet23_to_bet27,14.2969,14.2969,14.2969,19.0625,19.0625,3.000000,3.000000,3.000000,4.000000,4.000000,97.000000,97.000000,97.000000,96.000000,96.000000,5.0,81.0158,75.7167,395.5476,400.8467,PENDING_AG03,FALSE,NOT_FOR_ENFORCEMENT,462.2665,10000.2087,476.5634,462.2665,14.2969,0.04258607,0.04130849,14.2969,462.2665,0.04130849,14.2969,14.2969,14.2969,19.0625,19.0625,462.2665,0.04130849,81.0158,75.7167,395.5476,400.8467,0.03534644,0.03581997,0.00127758,53.8009,69.1912,3.1984,79.4272,15.8854,1865.0990,24.8333,,53.8009,13.1659,26.3317,78.9952,131.6586,157.9904,248.0448,26.3317,-2.6332,6.0,9.419998,2.043198,14,29,8,8,0E-8,0.04258607,,0E-8,0.000000,0.921264,0.961539,,2026-03-22,2026-04-15,6,30,29,25,0.240000,,,0.000000,,,,,,,,GLOBAL_BASELINE_NO_ENTITY_RANKING,,,NOT_APPLICABLE_GLOBAL_BASELINE,HF9g-P5,,,,X 全窗基线 · 不参与实体赏罚,8392262,840,A168_HF9F_20260827_0900,2026-08-27 09:00:00
2026-03-30,146600963,-1,1,185.1120414989,-132.4485873029,-132.4485873029,0.2500000,9,4,0.46760804374694884,0.361552922500,-0.8722645272081613,-0.4643682928550468,-0.8722645272081613,0.10605512124694884,SENTINEL_DEALER,R03b_20260811_FULL_v1,L1_ELIGIBILITY,v2026-08-11,2026-03-21..2026-08-06,baccarat_bet02_101_all_pairs_incl_sentinel,round_win = game_pnl > 0 (decisive only),COMPATIBILITY_ONLY_NOT_PRODUCTION,11190.5938,10309.4935,476.5634,208,149,-0.04258607,,-0.04258607,-0.04258607,-476.5634,11190.5938,OK,0.0000,14.2969,3.0000,97.0000,AG03-UNRESOLVED,ALL5_LEVELS_bet23_to_bet27,14.2969,14.2969,14.2969,19.0625,19.0625,3.000000,3.000000,3.000000,4.000000,4.000000,97.000000,97.000000,97.000000,96.000000,96.000000,5.0,81.0158,75.7167,395.5476,400.8467,PENDING_AG03,FALSE,NOT_FOR_ENFORCEMENT,462.2665,10000.2087,476.5634,462.2665,14.2969,0.04258607,0.04130849,14.2969,462.2665,0.04130849,14.2969,14.2969,14.2969,19.0625,19.0625,462.2665,0.04130849,81.0158,75.7167,395.5476,400.8467,0.03534644,0.03581997,0.00127758,53.8009,69.1912,3.1984,79.4272,15.8854,1865.0990,24.8333,,53.8009,13.1659,26.3317,78.9952,131.6586,157.9904,248.0448,26.3317,-2.6332,6.0,9.419998,2.043198,14,29,8,8,0E-8,0.04258607,,0E-8,0.000000,0.921264,0.961539,,2026-03-22,2026-04-15,6,30,29,25,0.240000,,,0.000000,,,,,,,,GLOBAL_BASELINE_NO_ENTITY_RANKING,,,NOT_APPLICABLE_GLOBAL_BASELINE,HF9g-P5,,,,X 全窗基线 · 不参与实体赏罚,8392263,840,A168_HF9F_20260827_0900,2026-08-27 09:00:00
2026-03-30,146600963,1318,0,223.8196803330,0E-10,0E-10,0.5000000,6,6,0.49547970000000000,0.495479700000,0.022145762000773162,0.022145762000773162,0.022145762000773162,0E-17,ELIGIBLE,R03b_20260811_FULL_v1,L1_ELIGIBILITY,v2026-08-11,2026-03-21..2026-08-06,baccarat_bet02_101_all_pairs_incl_sentinel,round_win = game_pnl > 0 (decisive only),COMPATIBILITY_ONLY_NOT_PRODUCTION,11190.5938,10309.4935,476.5634,208,149,-0.04258607,,-0.04258607,-0.04258607,-476.5634,11190.5938,OK,0.0000,14.2969,3.0000,97.0000,AG03-UNRESOLVED,ALL5_LEVELS_bet23_to_bet27,14.2969,14.2969,14.2969,19.0625,19.0625,3.000000,3.000000,3.000000,4.000000,4.000000,97.000000,97.000000,97.000000,96.000000,96.000000,5.0,81.0158,75.7167,395.5476,400.8467,PENDING_AG03,FALSE,NOT_FOR_ENFORCEMENT,462.2665,10000.2087,476.5634,462.2665,14.2969,0.04258607,0.04130849,14.2969,462.2665,0.04130849,14.2969,14.2969,14.2969,19.0625,19.0625,462.2665,0.04130849,81.0158,75.7167,395.5476,400.8467,0.03534644,0.03581997,0.00127758,53.8009,69.1912,3.1984,79.4272,15.8854,1865.0990,24.8333,,53.8009,13.1659,26.3317,78.9952,131.6586,157.9904,248.0448,26.3317,-2.6332,6.0,9.419998,2.043198,14,29,8,8,0E-8,0.04258607,,0E-8,0.000000,0.921264,0.961539,,2026-03-22,2026-04-15,6,30,29,25,0.240000,,,0.000000,,,,,,,,GLOBAL_BASELINE_NO_ENTITY_RANKING,,,NOT_APPLICABLE_GLOBAL_BASELINE,HF9g-P5,,,,X 全窗基线 · 不参与实体赏罚,8392264,840,A168_HF9F_20260827_0900,2026-08-27 09:00:00
2026-03-30,146600963,1396,0,52.6634541960,-26.3317270980,-26.3317270980,0E-7,2,2,0.50665070000000000,0.506650700000,-1.013391052207602,-1.013391052207602,-1.013391052207602,0E-17,ELIGIBLE,R03b_20260811_FULL_v1,L1_ELIGIBILITY,v2026-08-11,2026-03-21..2026-08-06,baccarat_bet02_101_all_pairs_incl_sentinel,round_win = game_pnl > 0 (decisive only),COMPATIBILITY_ONLY_NOT_PRODUCTION,11190.5938,10309.4935,476.5634,208,149,-0.04258607,,-0.04258607,-0.04258607,-476.5634,11190.5938,OK,0.0000,14.2969,3.0000,97.0000,AG03-UNRESOLVED,ALL5_LEVELS_bet23_to_bet27,14.2969,14.2969,14.2969,19.0625,19.0625,3.000000,3.000000,3.000000,4.000000,4.000000,97.000000,97.000000,97.000000,96.000000,96.000000,5.0,81.0158,75.7167,395.5476,400.8467,PENDING_AG03,FALSE,NOT_FOR_ENFORCEMENT,462.2665,10000.2087,476.5634,462.2665,14.2969,0.04258607,0.04130849,14.2969,462.2665,0.04130849,14.2969,14.2969,14.2969,19.0625,19.0625,462.2665,0.04130849,81.0158,75.7167,395.5476,400.8467,0.03534644,0.03581997,0.00127758,53.8009,69.1912,3.1984,79.4272,15.8854,1865.0990,24.8333,,53.8009,13.1659,26.3317,78.9952,131.6586,157.9904,248.0448,26.3317,-2.6332,6.0,9.419998,2.043198,14,29,8,8,0E-8,0.04258607,,0E-8,0.000000,0.921264,0.961539,,2026-03-22,2026-04-15,6,30,29,25,0.240000,,,0.000000,,,,,,,,GLOBAL_BASELINE_NO_ENTITY_RANKING,,,NOT_APPLICABLE_GLOBAL_BASELINE,HF9g-P5,,,,X 全窗基线 · 不参与实体赏罚,8392265,840,A168_HF9F_20260827_0900,2026-08-27 09:00:00
2026-03-30,146600963,1702,0,26.3317270980,26.3317270980,26.3317270980,1.0000000,1,1,0.50665070000000000,0.506650700000,0.9867858985152569,0.9867858985152569,0.9867858985152569,0E-17,ELIGIBLE,R03b_20260811_FULL_v1,L1_ELIGIBILITY,v2026-08-11,2026-03-21..2026-08-06,baccarat_bet02_101_all_pairs_incl_sentinel,round_win = game_pnl > 0 (decisive only),COMPATIBILITY_ONLY_NOT_PRODUCTION,11190.5938,10309.4935,476.5634,208,149,-0.04258607,,-0.04258607,-0.04258607,-476.5634,11190.5938,OK,0.0000,14.2969,3.0000,97.0000,AG03-UNRESOLVED,ALL5_LEVELS_bet23_to_bet27,14.2969,14.2969,14.2969,19.0625,19.0625,3.000000,3.000000,3.000000,4.000000,4.000000,97.000000,97.000000,97.000000,96.000000,96.000000,5.0,81.0158,75.7167,395.5476,400.8467,PENDING_AG03,FALSE,NOT_FOR_ENFORCEMENT,462.2665,10000.2087,476.5634,462.2665,14.2969,0.04258607,0.04130849,14.2969,462.2665,0.04130849,14.2969,14.2969,14.2969,19.0625,19.0625,462.2665,0.04130849,81.0158,75.7167,395.5476,400.8467,0.03534644,0.03581997,0.00127758,53.8009,69.1912,3.1984,79.4272,15.8854,1865.0990,24.8333,,53.8009,13.1659,26.3317,78.9952,131.6586,157.9904,248.0448,26.3317,-2.6332,6.0,9.419998,2.043198,14,29,8,8,0E-8,0.04258607,,0E-8,0.000000,0.921264,0.961539,,2026-03-22,2026-04-15,6,30,29,25,0.240000,,,0.000000,,,,,,,,GLOBAL_BASELINE_NO_ENTITY_RANKING,,,NOT_APPLICABLE_GLOBAL_BASELINE,HF9g-P5,,,,X 全窗基线 · 不参与实体赏罚,8392266,840,A168_HF9F_20260827_0900,2026-08-27 09:00:00
2026-03-30,146600963,2093,0,263.3172709800,78.9951812940,78.9951812940,0.6666667,15,10,0.47974756900000000,0.465386868333,1.1224357225995694,1.2105829972615232,1.1224357225995694,0.01436070066700000,ELIGIBLE,R03b_20260811_FULL_v1,L1_ELIGIBILITY,v2026-08-11,2026-03-21..2026-08-06,baccarat_bet02_101_all_pairs_incl_sentinel,round_win = game_pnl > 0 (decisive only),COMPATIBILITY_ONLY_NOT_PRODUCTION,11190.5938,10309.4935,476.5634,208,149,-0.04258607,,-0.04258607,-0.04258607,-476.5634,11190.5938,OK,0.0000,14.2969,3.0000,97.0000,AG03-UNRESOLVED,ALL5_LEVELS_bet23_to_bet27,14.2969,14.2969,14.2969,19.0625,19.0625,3.000000,3.000000,3.000000,4.000000,4.000000,97.000000,97.000000,97.000000,96.000000,96.000000,5.0,81.0158,75.7167,395.5476,400.8467,PENDING_AG03,FALSE,NOT_FOR_ENFORCEMENT,462.2665,10000.2087,476.5634,462.2665,14.2969,0.04258607,0.04130849,14.2969,462.2665,0.04130849,14.2969,14.2969,14.2969,19.0625,19.0625,462.2665,0.04130849,81.0158,75.7167,395.5476,400.8467,0.03534644,0.03581997,0.00127758,53.8009,69.1912,3.1984,79.4272,15.8854,1865.0990,24.8333,,53.8009,13.1659,26.3317,78.9952,131.6586,157.9904,248.0448,26.3317,-2.6332,6.0,9.419998,2.043198,14,29,8,8,0E-8,0.04258607,,0E-8,0.000000,0.921264,0.961539,,2026-03-22,2026-04-15,6,30,29,25,0.240000,,,0.000000,,,,,,,,GLOBAL_BASELINE_NO_ENTITY_RANKING,,,NOT_APPLICABLE_GLOBAL_BASELINE,HF9g-P5,,,,X 全窗基线 · 不参与实体赏罚,8392267,840,A168_HF9F_20260827_0900,2026-08-27 09:00:00
2026-03-30,146600963,2155,0,26.3317270980,-26.3317270980,-26.3317270980,0E-7,1,1,0.50665070000000000,0.506650700000,-1.013391052207602,-1.013391052207602,-1.013391052207602,0E-17,ELIGIBLE,R03b_20260811_FULL_v1,L1_ELIGIBILITY,v2026-08-11,2026-03-21..2026-08-06,baccarat_bet02_101_all_pairs_incl_sentinel,round_win = game_pnl > 0 (decisive only),COMPATIBILITY_ONLY_NOT_PRODUCTION,11190.5938,10309.4935,476.5634,208,149,-0.04258607,,-0.04258607,-0.04258607,-476.5634,11190.5938,OK,0.0000,14.2969,3.0000,97.0000,AG03-UNRESOLVED,ALL5_LEVELS_bet23_to_bet27,14.2969,14.2969,14.2969,19.0625,19.0625,3.000000,3.000000,3.000000,4.000000,4.000000,97.000000,97.000000,97.000000,96.000000,96.000000,5.0,81.0158,75.7167,395.5476,400.8467,PENDING_AG03,FALSE,NOT_FOR_ENFORCEMENT,462.2665,10000.2087,476.5634,462.2665,14.2969,0.04258607,0.04130849,14.2969,462.2665,0.04130849,14.2969,14.2969,14.2969,19.0625,19.0625,462.2665,0.04130849,81.0158,75.7167,395.5476,400.8467,0.03534644,0.03581997,0.00127758,53.8009,69.1912,3.1984,79.4272,15.8854,1865.0990,24.8333,,53.8009,13.1659,26.3317,78.9952,131.6586,157.9904,248.0448,26.3317,-2.6332,6.0,9.419998,2.043198,14,29,8,8,0E-8,0.04258607,,0E-8,0.000000,0.921264,0.961539,,2026-03-22,2026-04-15,6,30,29,25,0.240000,,,0.000000,,,,,,,,GLOBAL_BASELINE_NO_ENTITY_RANKING,,,NOT_APPLICABLE_GLOBAL_BASELINE,HF9g-P5,,,,X 全窗基线 · 不参与实体赏罚,8392268,840,A168_HF9F_20260827_0900,2026-08-27 09:00:00
2026-03-30,146600963,2167,0,236.9855438820,-52.6634541960,-52.6634541960,0.3333333,11,6,0.41273768845704949,0.309116186111,-0.39506342024934793,0.12836163045960414,-0.39506342024934793,0.10362150234604949,ELIGIBLE,R03b_20260811_FULL_v1,L1_ELIGIBILITY,v2026-08-11,2026-03-21..2026-08-06,baccarat_bet02_101_all_pairs_incl_sentinel,round_win = game_pnl > 0 (decisive only),COMPATIBILITY_ONLY_NOT_PRODUCTION,11190.5938,10309.4935,476.5634,208,149,-0.04258607,,-0.04258607,-0.04258607,-476.5634,11190.5938,OK,0.0000,14.2969,3.0000,97.0000,AG03-UNRESOLVED,ALL5_LEVELS_bet23_to_bet27,14.2969,14.2969,14.2969,19.0625,19.0625,3.000000,3.000000,3.000000,4.000000,4.000000,97.000000,97.000000,97.000000,96.000000,96.000000,5.0,81.0158,75.7167,395.5476,400.8467,PENDING_AG03,FALSE,NOT_FOR_ENFORCEMENT,462.2665,10000.2087,476.5634,462.2665,14.2969,0.04258607,0.04130849,14.2969,462.2665,0.04130849,14.2969,14.2969,14.2969,19.0625,19.0625,462.2665,0.04130849,81.0158,75.7167,395.5476,400.8467,0.03534644,0.03581997,0.00127758,53.8009,69.1912,3.1984,79.4272,15.8854,1865.0990,24.8333,,53.8009,13.1659,26.3317,78.9952,131.6586,157.9904,248.0448,26.3317,-2.6332,6.0,9.419998,2.043198,14,29,8,8,0E-8,0.04258607,,0E-8,0.000000,0.921264,0.961539,,2026-03-22,2026-04-15,6,30,29,25,0.240000,,,0.000000,,,,,,,,GLOBAL_BASELINE_NO_ENTITY_RANKING,,,NOT_APPLICABLE_GLOBAL_BASELINE,HF9g-P5,,,,X 全窗基线 · 不参与实体赏罚,8392269,840,A168_HF9F_20260827_0900,2026-08-27 09:00:00
2026-03-30,146600963,2241,0,210.6538167840,0E-10,0E-10,0.6666667,11,6,0.42925918416666667,0.398796823611,0.8307603608938928,0.9475409152835758,0.8307603608938928,0.03046236055566667,ELIGIBLE,R03b_20260811_FULL_v1,L1_ELIGIBILITY,v2026-08-11,2026-03-21..2026-08-06,baccarat_bet02_101_all_pairs_incl_sentinel,round_win = game_pnl > 0 (decisive only),COMPATIBILITY_ONLY_NOT_PRODUCTION,11190.5938,10309.4935,476.5634,208,149,-0.04258607,,-0.04258607,-0.04258607,-476.5634,11190.5938,OK,0.0000,14.2969,3.0000,97.0000,AG03-UNRESOLVED,ALL5_LEVELS_bet23_to_bet27,14.2969,14.2969,14.2969,19.0625,19.0625,3.000000,3.000000,3.000000,4.000000,4.000000,97.000000,97.000000,97.000000,96.000000,96.000000,5.0,81.0158,75.7167,395.5476,400.8467,PENDING_AG03,FALSE,NOT_FOR_ENFORCEMENT,462.2665,10000.2087,476.5634,462.2665,14.2969,0.04258607,0.04130849,14.2969,462.2665,0.04130849,14.2969,14.2969,14.2969,19.0625,19.0625,462.2665,0.04130849,81.0158,75.7167,395.5476,400.8467,0.03534644,0.03581997,0.00127758,53.8009,69.1912,3.1984,79.4272,15.8854,1865.0990,24.8333,,53.8009,13.1659,26.3317,78.9952,131.6586,157.9904,248.0448,26.3317,-2.6332,6.0,9.419998,2.043198,14,29,8,8,0E-8,0.04258607,,0E-8,0.000000,0.921264,0.961539,,2026-03-22,2026-04-15,6,30,29,25,0.240000,,,0.000000,,,,,,,,GLOBAL_BASELINE_NO_ENTITY_RANKING,,,NOT_APPLICABLE_GLOBAL_BASELINE,HF9g-P5,,,,X 全窗基线 · 不参与实体赏罚,8392270,840,A168_HF9F_20260827_0900,2026-08-27 09:00:00
2026-03-30,146600963,471,0,184.3220896860,78.9951812940,78.9951812940,0.7500000,4,4,0.50329940000000000,0.503299400000,0.9868238854431842,0.9868238854431842,0.9868238854431842,0E-17,ELIGIBLE,R03b_20260811_FULL_v1,L1_ELIGIBILITY,v2026-08-11,2026-03-21..2026-08-06,baccarat_bet02_101_all_pairs_incl_sentinel,round_win = game_pnl > 0 (decisive only),COMPATIBILITY_ONLY_NOT_PRODUCTION,11190.5938,10309.4935,476.5634,208,149,-0.04258607,,-0.04258607,-0.04258607,-476.5634,11190.5938,OK,0.0000,14.2969,3.0000,97.0000,AG03-UNRESOLVED,ALL5_LEVELS_bet23_to_bet27,14.2969,14.2969,14.2969,19.0625,19.0625,3.000000,3.000000,3.000000,4.000000,4.000000,97.000000,97.000000,97.000000,96.000000,96.000000,5.0,81.0158,75.7167,395.5476,400.8467,PENDING_AG03,FALSE,NOT_FOR_ENFORCEMENT,462.2665,10000.2087,476.5634,462.2665,14.2969,0.04258607,0.04130849,14.2969,462.2665,0.04130849,14.2969,14.2969,14.2969,19.0625,19.0625,462.2665,0.04130849,81.0158,75.7167,395.5476,400.8467,0.03534644,0.03581997,0.00127758,53.8009,69.1912,3.1984,79.4272,15.8854,1865.0990,24.8333,,53.8009,13.1659,26.3317,78.9952,131.6586,157.9904,248.0448,26.3317,-2.6332,6.0,9.419998,2.043198,14,29,8,8,0E-8,0.04258607,,0E-8,0.000000,0.921264,0.961539,,2026-03-22,2026-04-15,6,30,29,25,0.240000,,,0.000000,,,,,,,,GLOBAL_BASELINE_NO_ENTITY_RANKING,,,NOT_APPLICABLE_GLOBAL_BASELINE,HF9g-P5,,,,X 全窗基线 · 不参与实体赏罚,8392271,840,A168_HF9F_20260827_0900,2026-08-27 09:00:00
2026-03-30,146600963,994,0,78.9951812940,52.6634541960,52.6634541960,1.0000000,2,2,0.49994810000000000,0.499948100000,1.0001038053877793,1.0001038053877793,1.0001038053877793,0E-17,ELIGIBLE,R03b_20260811_FULL_v1,L1_ELIGIBILITY,v2026-08-11,2026-03-21..2026-08-06,baccarat_bet02_101_all_pairs_incl_sentinel,round_win = game_pnl > 0 (decisive only),COMPATIBILITY_ONLY_NOT_PRODUCTION,11190.5938,10309.4935,476.5634,208,149,-0.04258607,,-0.04258607,-0.04258607,-476.5634,11190.5938,OK,0.0000,14.2969,3.0000,97.0000,AG03-UNRESOLVED,ALL5_LEVELS_bet23_to_bet27,14.2969,14.2969,14.2969,19.0625,19.0625,3.000000,3.000000,3.000000,4.000000,4.000000,97.000000,97.000000,97.000000,96.000000,96.000000,5.0,81.0158,75.7167,395.5476,400.8467,PENDING_AG03,FALSE,NOT_FOR_ENFORCEMENT,462.2665,10000.2087,476.5634,462.2665,14.2969,0.04258607,0.04130849,14.2969,462.2665,0.04130849,14.2969,14.2969,14.2969,19.0625,19.0625,462.2665,0.04130849,81.0158,75.7167,395.5476,400.8467,0.03534644,0.03581997,0.00127758,53.8009,69.1912,3.1984,79.4272,15.8854,1865.0990,24.8333,,53.8009,13.1659,26.3317,78.9952,131.6586,157.9904,248.0448,26.3317,-2.6332,6.0,9.419998,2.043198,14,29,8,8,0E-8,0.04258607,,0E-8,0.000000,0.921264,0.961539,,2026-03-22,2026-04-15,6,30,29,25,0.240000,,,0.000000,,,,,,,,GLOBAL_BASELINE_NO_ENTITY_RANKING,,,NOT_APPLICABLE_GLOBAL_BASELINE,HF9g-P5,,,,X 全窗基线 · 不参与实体赏罚,8392272,840,A168_HF9F_20260827_0900,2026-08-27 09:00:00
2026-03-31,146600963,1402,0,2.8793550245,-2.8793550245,-2.8793550245,0E-7,1,1,0.01883490000000000,0.018834900000,-0.1385513026636974,-0.1385513026636974,-0.1385513026636974,0E-17,ELIGIBLE,R03b_20260811_FULL_v1,L1_ELIGIBILITY,v2026-08-11,2026-03-21..2026-08-06,baccarat_bet02_101_all_pairs_incl_sentinel,round_win = game_pnl > 0 (decisive only),COMPATIBILITY_ONLY_NOT_PRODUCTION,11190.5938,10309.4935,476.5634,208,149,-0.04258607,,-0.04258607,-0.04258607,-476.5634,11190.5938,OK,0.0000,14.2969,3.0000,97.0000,AG03-UNRESOLVED,ALL5_LEVELS_bet23_to_bet27,14.2969,14.2969,14.2969,19.0625,19.0625,3.000000,3.000000,3.000000,4.000000,4.000000,97.000000,97.000000,97.000000,96.000000,96.000000,5.0,81.0158,75.7167,395.5476,400.8467,PENDING_AG03,FALSE,NOT_FOR_ENFORCEMENT,462.2665,10000.2087,476.5634,462.2665,14.2969,0.04258607,0.04130849,14.2969,462.2665,0.04130849,14.2969,14.2969,14.2969,19.0625,19.0625,462.2665,0.04130849,81.0158,75.7167,395.5476,400.8467,0.03534644,0.03581997,0.00127758,53.8009,69.1912,3.1984,79.4272,15.8854,1865.0990,24.8333,,53.8009,13.1659,26.3317,78.9952,131.6586,157.9904,248.0448,26.3317,-2.6332,6.0,9.419998,2.043198,14,29,8,8,0E-8,0.04258607,,0E-8,0.000000,0.921264,0.961539,,2026-03-22,2026-04-15,6,30,29,25,0.240000,,,0.000000,,,,,,,,GLOBAL_BASELINE_NO_ENTITY_RANKING,,,NOT_APPLICABLE_GLOBAL_BASELINE,HF9g-P5,,,,X 全窗基线 · 不参与实体赏罚,8392273,840,A168_HF9F_20260827_0900,2026-08-27 09:00:00
2026-03-31,146600963,2078,0,19.4854780525,-19.4854780525,-19.4854780525,0E-7,1,1,0.09460280000000000,0.094602800000,-0.32324545095860213,-0.32324545095860213,-0.32324545095860213,0E-17,ELIGIBLE,R03b_20260811_FULL_v1,L1_ELIGIBILITY,v2026-08-11,2026-03-21..2026-08-06,baccarat_bet02_101_all_pairs_incl_sentinel,round_win = game_pnl > 0 (decisive only),COMPATIBILITY_ONLY_NOT_PRODUCTION,11190.5938,10309.4935,476.5634,208,149,-0.04258607,,-0.04258607,-0.04258607,-476.5634,11190.5938,OK,0.0000,14.2969,3.0000,97.0000,AG03-UNRESOLVED,ALL5_LEVELS_bet23_to_bet27,14.2969,14.2969,14.2969,19.0625,19.0625,3.000000,3.000000,3.000000,4.000000,4.000000,97.000000,97.000000,97.000000,96.000000,96.000000,5.0,81.0158,75.7167,395.5476,400.8467,PENDING_AG03,FALSE,NOT_FOR_ENFORCEMENT,462.2665,10000.2087,476.5634,462.2665,14.2969,0.04258607,0.04130849,14.2969,462.2665,0.04130849,14.2969,14.2969,14.2969,19.0625,19.0625,462.2665,0.04130849,81.0158,75.7167,395.5476,400.8467,0.03534644,0.03581997,0.00127758,53.8009,69.1912,3.1984,79.4272,15.8854,1865.0990,24.8333,,53.8009,13.1659,26.3317,78.9952,131.6586,157.9904,248.0448,26.3317,-2.6332,6.0,9.419998,2.043198,14,29,8,8,0E-8,0.04258607,,0E-8,0.000000,0.921264,0.961539,,2026-03-22,2026-04-15,6,30,29,25,0.240000,,,0.000000,,,,,,,,GLOBAL_BASELINE_NO_ENTITY_RANKING,,,NOT_APPLICABLE_GLOBAL_BASELINE,HF9g-P5,,,,X 全窗基线 · 不参与实体赏罚,8392274,840,A168_HF9F_20260827_0900,2026-08-27 09:00:00
2026-03-31,146600963,2093,0,394.9759064697,-157.9903625879,-157.9903625879,0.2000000,7,6,0.43019024166666667,0.430190241667,-1.039624947141369,-1.0396249471427759,-1.039624947141369,-3.3333E-13,ELIGIBLE,R03b_20260811_FULL_v1,L1_ELIGIBILITY,v2026-08-11,2026-03-21..2026-08-06,baccarat_bet02_101_all_pairs_incl_sentinel,round_win = game_pnl > 0 (decisive only),COMPATIBILITY_ONLY_NOT_PRODUCTION,11190.5938,10309.4935,476.5634,208,149,-0.04258607,,-0.04258607,-0.04258607,-476.5634,11190.5938,OK,0.0000,14.2969,3.0000,97.0000,AG03-UNRESOLVED,ALL5_LEVELS_bet23_to_bet27,14.2969,14.2969,14.2969,19.0625,19.0625,3.000000,3.000000,3.000000,4.000000,4.000000,97.000000,97.000000,97.000000,96.000000,96.000000,5.0,81.0158,75.7167,395.5476,400.8467,PENDING_AG03,FALSE,NOT_FOR_ENFORCEMENT,462.2665,10000.2087,476.5634,462.2665,14.2969,0.04258607,0.04130849,14.2969,462.2665,0.04130849,14.2969,14.2969,14.2969,19.0625,19.0625,462.2665,0.04130849,81.0158,75.7167,395.5476,400.8467,0.03534644,0.03581997,0.00127758,53.8009,69.1912,3.1984,79.4272,15.8854,1865.0990,24.8333,,53.8009,13.1659,26.3317,78.9952,131.6586,157.9904,248.0448,26.3317,-2.6332,6.0,9.419998,2.043198,14,29,8,8,0E-8,0.04258607,,0E-8,0.000000,0.921264,0.961539,,2026-03-22,2026-04-15,6,30,29,25,0.240000,,,0.000000,,,,,,,,GLOBAL_BASELINE_NO_ENTITY_RANKING,,,NOT_APPLICABLE_GLOBAL_BASELINE,HF9g-P5,,,,X 全窗基线 · 不参与实体赏罚,8392275,840,A168_HF9F_20260827_0900,2026-08-27 09:00:00
2026-03-31,146600963,2127,0,157.9903625880,39.4975906470,39.4975906470,0.6666667,4,4,0.49659680000000000,0.496596800000,0.5891529468324541,0.589152946832454,0.5891529468324541,0E-17,ELIGIBLE,R03b_20260811_FULL_v1,L1_ELIGIBILITY,v2026-08-11,2026-03-21..2026-08-06,baccarat_bet02_101_all_pairs_incl_sentinel,round_win = game_pnl > 0 (decisive only),COMPATIBILITY_ONLY_NOT_PRODUCTION,11190.5938,10309.4935,476.5634,208,149,-0.04258607,,-0.04258607,-0.04258607,-476.5634,11190.5938,OK,0.0000,14.2969,3.0000,97.0000,AG03-UNRESOLVED,ALL5_LEVELS_bet23_to_bet27,14.2969,14.2969,14.2969,19.0625,19.0625,3.000000,3.000000,3.000000,4.000000,4.000000,97.000000,97.000000,97.000000,96.000000,96.000000,5.0,81.0158,75.7167,395.5476,400.8467,PENDING_AG03,FALSE,NOT_FOR_ENFORCEMENT,462.2665,10000.2087,476.5634,462.2665,14.2969,0.04258607,0.04130849,14.2969,462.2665,0.04130849,14.2969,14.2969,14.2969,19.0625,19.0625,462.2665,0.04130849,81.0158,75.7167,395.5476,400.8467,0.03534644,0.03581997,0.00127758,53.8009,69.1912,3.1984,79.4272,15.8854,1865.0990,24.8333,,53.8009,13.1659,26.3317,78.9952,131.6586,157.9904,248.0448,26.3317,-2.6332,6.0,9.419998,2.043198,14,29,8,8,0E-8,0.04258607,,0E-8,0.000000,0.921264,0.961539,,2026-03-22,2026-04-15,6,30,29,25,0.240000,,,0.000000,,,,,,,,GLOBAL_BASELINE_NO_ENTITY_RANKING,,,NOT_APPLICABLE_GLOBAL_BASELINE,HF9g-P5,,,,X 全窗基线 · 不参与实体赏罚,8392276,840,A168_HF9F_20260827_0900,2026-08-27 09:00:00
2026-03-31,146600963,2189,0,92.1610448430,39.4975906470,39.4975906470,1.0000000,2,2,0.49994810000000000,0.499948100000,1.0001038053877793,1.0001038053877793,1.0001038053877793,0E-17,ELIGIBLE,R03b_20260811_FULL_v1,L1_ELIGIBILITY,v2026-08-11,2026-03-21..2026-08-06,baccarat_bet02_101_all_pairs_incl_sentinel,round_win = game_pnl > 0 (decisive only),COMPATIBILITY_ONLY_NOT_PRODUCTION,11190.5938,10309.4935,476.5634,208,149,-0.04258607,,-0.04258607,-0.04258607,-476.5634,11190.5938,OK,0.0000,14.2969,3.0000,97.0000,AG03-UNRESOLVED,ALL5_LEVELS_bet23_to_bet27,14.2969,14.2969,14.2969,19.0625,19.0625,3.000000,3.000000,3.000000,4.000000,4.000000,97.000000,97.000000,97.000000,96.000000,96.000000,5.0,81.0158,75.7167,395.5476,400.8467,PENDING_AG03,FALSE,NOT_FOR_ENFORCEMENT,462.2665,10000.2087,476.5634,462.2665,14.2969,0.04258607,0.04130849,14.2969,462.2665,0.04130849,14.2969,14.2969,14.2969,19.0625,19.0625,462.2665,0.04130849,81.0158,75.7167,395.5476,400.8467,0.03534644,0.03581997,0.00127758,53.8009,69.1912,3.1984,79.4272,15.8854,1865.0990,24.8333,,53.8009,13.1659,26.3317,78.9952,131.6586,157.9904,248.0448,26.3317,-2.6332,6.0,9.419998,2.043198,14,29,8,8,0E-8,0.04258607,,0E-8,0.000000,0.921264,0.961539,,2026-03-22,2026-04-15,6,30,29,25,0.240000,,,0.000000,,,,,,,,GLOBAL_BASELINE_NO_ENTITY_RANKING,,,NOT_APPLICABLE_GLOBAL_BASELINE,HF9g-P5,,,,X 全窗基线 · 不参与实体赏罚,8392277,840,A168_HF9F_20260827_0900,2026-08-27 09:00:00
2026-03-31,146600963,2196,0,224.6096321459,0.7899518129,0.7899518129,0.3333333,4,4,0.50329940000000000,0.503299400000,-0.5887925454369916,-0.5887925454369916,-0.5887925454369916,0E-17,ELIGIBLE,R03b_20260811_FULL_v1,L1_ELIGIBILITY,v2026-08-11,2026-03-21..2026-08-06,baccarat_bet02_101_all_pairs_incl_sentinel,round_win = game_pnl > 0 (decisive only),COMPATIBILITY_ONLY_NOT_PRODUCTION,11190.5938,10309.4935,476.5634,208,149,-0.04258607,,-0.04258607,-0.04258607,-476.5634,11190.5938,OK,0.0000,14.2969,3.0000,97.0000,AG03-UNRESOLVED,ALL5_LEVELS_bet23_to_bet27,14.2969,14.2969,14.2969,19.0625,19.0625,3.000000,3.000000,3.000000,4.000000,4.000000,97.000000,97.000000,97.000000,96.000000,96.000000,5.0,81.0158,75.7167,395.5476,400.8467,PENDING_AG03,FALSE,NOT_FOR_ENFORCEMENT,462.2665,10000.2087,476.5634,462.2665,14.2969,0.04258607,0.04130849,14.2969,462.2665,0.04130849,14.2969,14.2969,14.2969,19.0625,19.0625,462.2665,0.04130849,81.0158,75.7167,395.5476,400.8467,0.03534644,0.03581997,0.00127758,53.8009,69.1912,3.1984,79.4272,15.8854,1865.0990,24.8333,,53.8009,13.1659,26.3317,78.9952,131.6586,157.9904,248.0448,26.3317,-2.6332,6.0,9.419998,2.043198,14,29,8,8,0E-8,0.04258607,,0E-8,0.000000,0.921264,0.961539,,2026-03-22,2026-04-15,6,30,29,25,0.240000,,,0.000000,,,,,,,,GLOBAL_BASELINE_NO_ENTITY_RANKING,,,NOT_APPLICABLE_GLOBAL_BASELINE,HF9g-P5,,,,X 全窗基线 · 不参与实体赏罚,8392278,840,A168_HF9F_20260827_0900,2026-08-27 09:00:00
2026-03-31,146600963,2212,0,105.3269083920,-52.6634541960,-52.6634541960,0E-7,2,2,0.49324550000000000,0.493245500000,-0.9865810262130424,-0.9865810262130424,-0.9865810262130424,0E-17,ELIGIBLE,R03b_20260811_FULL_v1,L1_ELIGIBILITY,v2026-08-11,2026-03-21..2026-08-06,baccarat_bet02_101_all_pairs_incl_sentinel,round_win = game_pnl > 0 (decisive only),COMPATIBILITY_ONLY_NOT_PRODUCTION,11190.5938,10309.4935,476.5634,208,149,-0.04258607,,-0.04258607,-0.04258607,-476.5634,11190.5938,OK,0.0000,14.2969,3.0000,97.0000,AG03-UNRESOLVED,ALL5_LEVELS_bet23_to_bet27,14.2969,14.2969,14.2969,19.0625,19.0625,3.000000,3.000000,3.000000,4.000000,4.000000,97.000000,97.000000,97.000000,96.000000,96.000000,5.0,81.0158,75.7167,395.5476,400.8467,PENDING_AG03,FALSE,NOT_FOR_ENFORCEMENT,462.2665,10000.2087,476.5634,462.2665,14.2969,0.04258607,0.04130849,14.2969,462.2665,0.04130849,14.2969,14.2969,14.2969,19.0625,19.0625,462.2665,0.04130849,81.0158,75.7167,395.5476,400.8467,0.03534644,0.03581997,0.00127758,53.8009,69.1912,3.1984,79.4272,15.8854,1865.0990,24.8333,,53.8009,13.1659,26.3317,78.9952,131.6586,157.9904,248.0448,26.3317,-2.6332,6.0,9.419998,2.043198,14,29,8,8,0E-8,0.04258607,,0E-8,0.000000,0.921264,0.961539,,2026-03-22,2026-04-15,6,30,29,25,0.240000,,,0.000000,,,,,,,,GLOBAL_BASELINE_NO_ENTITY_RANKING,,,NOT_APPLICABLE_GLOBAL_BASELINE,HF9g-P5,,,,X 全窗基线 · 不参与实体赏罚,8392279,840,A168_HF9F_20260827_0900,2026-08-27 09:00:00
2026-03-31,146600963,2233,0,424.9940753616,-1.5799036259,-1.5799036259,0.5000000,11,9,0.48646191365740741,0.449650722222,0.07661106892593071,0.28627366014826927,0.07661106892593071,0.03681119143540741,ELIGIBLE,R03b_20260811_FULL_v1,L1_ELIGIBILITY,v2026-08-11,2026-03-21..2026-08-06,baccarat_bet02_101_all_pairs_incl_sentinel,round_win = game_pnl > 0 (decisive only),COMPATIBILITY_ONLY_NOT_PRODUCTION,11190.5938,10309.4935,476.5634,208,149,-0.04258607,,-0.04258607,-0.04258607,-476.5634,11190.5938,OK,0.0000,14.2969,3.0000,97.0000,AG03-UNRESOLVED,ALL5_LEVELS_bet23_to_bet27,14.2969,14.2969,14.2969,19.0625,19.0625,3.000000,3.000000,3.000000,4.000000,4.000000,97.000000,97.000000,97.000000,96.000000,96.000000,5.0,81.0158,75.7167,395.5476,400.8467,PENDING_AG03,FALSE,NOT_FOR_ENFORCEMENT,462.2665,10000.2087,476.5634,462.2665,14.2969,0.04258607,0.04130849,14.2969,462.2665,0.04130849,14.2969,14.2969,14.2969,19.0625,19.0625,462.2665,0.04130849,81.0158,75.7167,395.5476,400.8467,0.03534644,0.03581997,0.00127758,53.8009,69.1912,3.1984,79.4272,15.8854,1865.0990,24.8333,,53.8009,13.1659,26.3317,78.9952,131.6586,157.9904,248.0448,26.3317,-2.6332,6.0,9.419998,2.043198,14,29,8,8,0E-8,0.04258607,,0E-8,0.000000,0.921264,0.961539,,2026-03-22,2026-04-15,6,30,29,25,0.240000,,,0.000000,,,,,,,,GLOBAL_BASELINE_NO_ENTITY_RANKING,,,NOT_APPLICABLE_GLOBAL_BASELINE,HF9g-P5,,,,X 全窗基线 · 不参与实体赏罚,8392280,840,A168_HF9F_20260827_0900,2026-08-27 09:00:00
2026-04-02,146600963,2224,0,523.5190953592,261.7595476796,261.7595476796,0.7500000,4,4,0.49994810000000000,0.499948100000,1.0002076053883384,1.0002076053883384,1.0002076053883384,0E-17,ELIGIBLE,R03b_20260811_FULL_v1,L1_ELIGIBILITY,v2026-08-11,2026-03-21..2026-08-06,baccarat_bet02_101_all_pairs_incl_sentinel,round_win = game_pnl > 0 (decisive only),COMPATIBILITY_ONLY_NOT_PRODUCTION,11190.5938,10309.4935,476.5634,208,149,-0.04258607,,-0.04258607,-0.04258607,-476.5634,11190.5938,OK,0.0000,14.2969,3.0000,97.0000,AG03-UNRESOLVED,ALL5_LEVELS_bet23_to_bet27,14.2969,14.2969,14.2969,19.0625,19.0625,3.000000,3.000000,3.000000,4.000000,4.000000,97.000000,97.000000,97.000000,96.000000,96.000000,5.0,81.0158,75.7167,395.5476,400.8467,PENDING_AG03,FALSE,NOT_FOR_ENFORCEMENT,462.2665,10000.2087,476.5634,462.2665,14.2969,0.04258607,0.04130849,14.2969,462.2665,0.04130849,14.2969,14.2969,14.2969,19.0625,19.0625,462.2665,0.04130849,81.0158,75.7167,395.5476,400.8467,0.03534644,0.03581997,0.00127758,53.8009,69.1912,3.1984,79.4272,15.8854,1865.0990,24.8333,,53.8009,13.1659,26.3317,78.9952,131.6586,157.9904,248.0448,26.3317,-2.6332,6.0,9.419998,2.043198,14,29,8,8,0E-8,0.04258607,,0E-8,0.000000,0.921264,0.961539,,2026-03-22,2026-04-15,6,30,29,25,0.240000,,,0.000000,,,,,,,,GLOBAL_BASELINE_NO_ENTITY_RANKING,,,NOT_APPLICABLE_GLOBAL_BASELINE,HF9g-P5,,,,X 全窗基线 · 不参与实体赏罚,8392281,840,A168_HF9F_20260827_0900,2026-08-27 09:00:00
2026-04-02,146600963,2246,0,328.2464727901,262.8065858702,262.8065858702,1.0000000,2,2,0.50665070000000000,0.506650700000,1.3955260008387969,1.3955260008387969,1.3955260008387969,0E-17,ELIGIBLE,R03b_20260811_FULL_v1,L1_ELIGIBILITY,v2026-08-11,2026-03-21..2026-08-06,baccarat_bet02_101_all_pairs_incl_sentinel,round_win = game_pnl > 0 (decisive only),COMPATIBILITY_ONLY_NOT_PRODUCTION,11190.5938,10309.4935,476.5634,208,149,-0.04258607,,-0.04258607,-0.04258607,-476.5634,11190.5938,OK,0.0000,14.2969,3.0000,97.0000,AG03-UNRESOLVED,ALL5_LEVELS_bet23_to_bet27,14.2969,14.2969,14.2969,19.0625,19.0625,3.000000,3.000000,3.000000,4.000000,4.000000,97.000000,97.000000,97.000000,96.000000,96.000000,5.0,81.0158,75.7167,395.5476,400.8467,PENDING_AG03,FALSE,NOT_FOR_ENFORCEMENT,462.2665,10000.2087,476.5634,462.2665,14.2969,0.04258607,0.04130849,14.2969,462.2665,0.04130849,14.2969,14.2969,14.2969,19.0625,19.0625,462.2665,0.04130849,81.0158,75.7167,395.5476,400.8467,0.03534644,0.03581997,0.00127758,53.8009,69.1912,3.1984,79.4272,15.8854,1865.0990,24.8333,,53.8009,13.1659,26.3317,78.9952,131.6586,157.9904,248.0448,26.3317,-2.6332,6.0,9.419998,2.043198,14,29,8,8,0E-8,0.04258607,,0E-8,0.000000,0.921264,0.961539,,2026-03-22,2026-04-15,6,30,29,25,0.240000,,,0.000000,,,,,,,,GLOBAL_BASELINE_NO_ENTITY_RANKING,,,NOT_APPLICABLE_GLOBAL_BASELINE,HF9g-P5,,,,X 全窗基线 · 不参与实体赏罚,8392282,840,A168_HF9F_20260827_0900,2026-08-27 09:00:00
2026-04-15,146600963,1399,0,341.0726906264,-236.3688715546,-236.3688715546,0E-7,4,4,0.49324550000000000,0.493245500000,-1.708808463184432,-1.7088084631844318,-1.708808463184432,0E-17,ELIGIBLE,R03b_20260811_FULL_v1,L1_ELIGIBILITY,v2026-08-11,2026-03-21..2026-08-06,baccarat_bet02_101_all_pairs_incl_sentinel,round_win = game_pnl > 0 (decisive only),COMPATIBILITY_ONLY_NOT_PRODUCTION,11190.5938,10309.4935,476.5634,208,149,-0.04258607,,-0.04258607,-0.04258607,-476.5634,11190.5938,OK,0.0000,14.2969,3.0000,97.0000,AG03-UNRESOLVED,ALL5_LEVELS_bet23_to_bet27,14.2969,14.2969,14.2969,19.0625,19.0625,3.000000,3.000000,3.000000,4.000000,4.000000,97.000000,97.000000,97.000000,96.000000,96.000000,5.0,81.0158,75.7167,395.5476,400.8467,PENDING_AG03,FALSE,NOT_FOR_ENFORCEMENT,462.2665,10000.2087,476.5634,462.2665,14.2969,0.04258607,0.04130849,14.2969,462.2665,0.04130849,14.2969,14.2969,14.2969,19.0625,19.0625,462.2665,0.04130849,81.0158,75.7167,395.5476,400.8467,0.03534644,0.03581997,0.00127758,53.8009,69.1912,3.1984,79.4272,15.8854,1865.0990,24.8333,,53.8009,13.1659,26.3317,78.9952,131.6586,157.9904,248.0448,26.3317,-2.6332,6.0,9.419998,2.043198,14,29,8,8,0E-8,0.04258607,,0E-8,0.000000,0.921264,0.961539,,2026-03-22,2026-04-15,6,30,29,25,0.240000,,,0.000000,,,,,,,,GLOBAL_BASELINE_NO_ENTITY_RANKING,,,NOT_APPLICABLE_GLOBAL_BASELINE,HF9g-P5,,,,X 全窗基线 · 不参与实体赏罚,8392283,840,A168_HF9F_20260827_0900,2026-08-27 09:00:00
2026-04-15,146600963,2222,0,235.5835929115,104.7038190717,104.7038190717,0.8000000,6,5,0.48048400799997231,0.453298650000,1.4300086773143665,1.5573034614406904,1.4300086773143665,0.02718535799997231,ELIGIBLE,R03b_20260811_FULL_v1,L1_ELIGIBILITY,v2026-08-11,2026-03-21..2026-08-06,baccarat_bet02_101_all_pairs_incl_sentinel,round_win = game_pnl > 0 (decisive only),COMPATIBILITY_ONLY_NOT_PRODUCTION,11190.5938,10309.4935,476.5634,208,149,-0.04258607,,-0.04258607,-0.04258607,-476.5634,11190.5938,OK,0.0000,14.2969,3.0000,97.0000,AG03-UNRESOLVED,ALL5_LEVELS_bet23_to_bet27,14.2969,14.2969,14.2969,19.0625,19.0625,3.000000,3.000000,3.000000,4.000000,4.000000,97.000000,97.000000,97.000000,96.000000,96.000000,5.0,81.0158,75.7167,395.5476,400.8467,PENDING_AG03,FALSE,NOT_FOR_ENFORCEMENT,462.2665,10000.2087,476.5634,462.2665,14.2969,0.04258607,0.04130849,14.2969,462.2665,0.04130849,14.2969,14.2969,14.2969,19.0625,19.0625,462.2665,0.04130849,81.0158,75.7167,395.5476,400.8467,0.03534644,0.03581997,0.00127758,53.8009,69.1912,3.1984,79.4272,15.8854,1865.0990,24.8333,,53.8009,13.1659,26.3317,78.9952,131.6586,157.9904,248.0448,26.3317,-2.6332,6.0,9.419998,2.043198,14,29,8,8,0E-8,0.04258607,,0E-8,0.000000,0.921264,0.961539,,2026-03-22,2026-04-15,6,30,29,25,0.240000,,,0.000000,,,,,,,,GLOBAL_BASELINE_NO_ENTITY_RANKING,,,NOT_APPLICABLE_GLOBAL_BASELINE,HF9g-P5,,,,X 全窗基线 · 不参与实体赏罚,8392284,840,A168_HF9F_20260827_0900,2026-08-27 09:00:00
2026-04-15,146600963,2256,0,315.6820145015,-131.4032929351,-131.4032929351,0.3333333,6,6,0.49994810000000000,0.499948100000,-0.8162423282897021,-0.8162423282897021,-0.8162423282897021,0E-17,ELIGIBLE,R03b_20260811_FULL_v1,L1_ELIGIBILITY,v2026-08-11,2026-03-21..2026-08-06,baccarat_bet02_101_all_pairs_incl_sentinel,round_win = game_pnl > 0 (decisive only),COMPATIBILITY_ONLY_NOT_PRODUCTION,11190.5938,10309.4935,476.5634,208,149,-0.04258607,,-0.04258607,-0.04258607,-476.5634,11190.5938,OK,0.0000,14.2969,3.0000,97.0000,AG03-UNRESOLVED,ALL5_LEVELS_bet23_to_bet27,14.2969,14.2969,14.2969,19.0625,19.0625,3.000000,3.000000,3.000000,4.000000,4.000000,97.000000,97.000000,97.000000,96.000000,96.000000,5.0,81.0158,75.7167,395.5476,400.8467,PENDING_AG03,FALSE,NOT_FOR_ENFORCEMENT,462.2665,10000.2087,476.5634,462.2665,14.2969,0.04258607,0.04130849,14.2969,462.2665,0.04130849,14.2969,14.2969,14.2969,19.0625,19.0625,462.2665,0.04130849,81.0158,75.7167,395.5476,400.8467,0.03534644,0.03581997,0.00127758,53.8009,69.1912,3.1984,79.4272,15.8854,1865.0990,24.8333,,53.8009,13.1659,26.3317,78.9952,131.6586,157.9904,248.0448,26.3317,-2.6332,6.0,9.419998,2.043198,14,29,8,8,0E-8,0.04258607,,0E-8,0.000000,0.921264,0.961539,,2026-03-22,2026-04-15,6,30,29,25,0.240000,,,0.000000,,,,,,,,GLOBAL_BASELINE_NO_ENTITY_RANKING,,,NOT_APPLICABLE_GLOBAL_BASELINE,HF9g-P5,,,,X 全窗基线 · 不参与实体赏罚,8392285,840,A168_HF9F_20260827_0900,2026-08-27 09:00:00
2026-04-24,149091128,-1,1,1546.2136481429,-131.2855011387,-131.2855011387,0.5000000,9,9,0.50069283333333333,0.500692833333,-0.003919260948490246,-0.003919260946604642,-0.003919260948490246,3.3333E-13,SENTINEL_DEALER,R03b_20260811_FULL_v1,L1_ELIGIBILITY,v2026-08-11,2026-03-21..2026-08-06,baccarat_bet02_101_all_pairs_incl_sentinel,round_win = game_pnl > 0 (decisive only),COMPATIBILITY_ONLY_NOT_PRODUCTION,4197.2223,3838.3499,476.5720,53,50,-0.11354463,,-0.11354463,-0.11354463,-476.5720,4197.2223,OK,0.0000,14.2972,3.0000,97.0000,AG03-UNRESOLVED,ALL5_LEVELS_bet23_to_bet27,14.2972,14.2972,14.2972,19.0629,19.0629,3.000000,3.000000,3.000000,4.000000,4.000000,97.000000,97.000000,97.000000,96.000000,96.000000,5.0,81.0172,75.718,395.5548,400.854,PENDING_AG03,FALSE,NOT_FOR_ENFORCEMENT,462.2749,3723.1994,476.5720,462.2749,14.2972,0.11354463,0.11013829,14.2972,462.2749,0.11013829,14.2972,14.2972,14.2972,19.0629,19.0629,462.2749,0.11013829,81.0172,75.718,395.5548,400.854,0.09424204,0.09550459,0.00340634,79.1929,76.7670,9.5314,95.3144,34.0409,839.4445,10.0000,,79.1929,15.6401,52.3519,130.8798,203.1254,235.5836,261.7596,52.3519,0.0,4.5,5.0,1.512703,11,12,4,3,0E-8,0.11354463,,0E-8,0.000000,0.914498,0.000000,,2026-04-24,2026-05-08,5,14,14,15,0.333333,,,0.000000,,,,,,,,GLOBAL_BASELINE_NO_ENTITY_RANKING,,,NOT_APPLICABLE_GLOBAL_BASELINE,HF9g-P5,,,,X 全窗基线 · 不参与实体赏罚,8392286,840,A168_HF9F_20260827_0900,2026-08-27 09:00:00
2026-04-24,149091128,1304,0,466.1937544174,-131.3640290029,-131.3640290029,0.5714286,8,8,0.49994810000000000,0.499948100000,0.37823910403297295,0.37823910403297295,0.37823910403297295,0E-17,ELIGIBLE,R03b_20260811_FULL_v1,L1_ELIGIBILITY,v2026-08-11,2026-03-21..2026-08-06,baccarat_bet02_101_all_pairs_incl_sentinel,round_win = game_pnl > 0 (decisive only),COMPATIBILITY_ONLY_NOT_PRODUCTION,4197.2223,3838.3499,476.5720,53,50,-0.11354463,,-0.11354463,-0.11354463,-476.5720,4197.2223,OK,0.0000,14.2972,3.0000,97.0000,AG03-UNRESOLVED,ALL5_LEVELS_bet23_to_bet27,14.2972,14.2972,14.2972,19.0629,19.0629,3.000000,3.000000,3.000000,4.000000,4.000000,97.000000,97.000000,97.000000,96.000000,96.000000,5.0,81.0172,75.718,395.5548,400.854,PENDING_AG03,FALSE,NOT_FOR_ENFORCEMENT,462.2749,3723.1994,476.5720,462.2749,14.2972,0.11354463,0.11013829,14.2972,462.2749,0.11013829,14.2972,14.2972,14.2972,19.0629,19.0629,462.2749,0.11013829,81.0172,75.718,395.5548,400.854,0.09424204,0.09550459,0.00340634,79.1929,76.7670,9.5314,95.3144,34.0409,839.4445,10.0000,,79.1929,15.6401,52.3519,130.8798,203.1254,235.5836,261.7596,52.3519,0.0,4.5,5.0,1.512703,11,12,4,3,0E-8,0.11354463,,0E-8,0.000000,0.914498,0.000000,,2026-04-24,2026-05-08,5,14,14,15,0.333333,,,0.000000,,,,,,,,GLOBAL_BASELINE_NO_ENTITY_RANKING,,,NOT_APPLICABLE_GLOBAL_BASELINE,HF9g-P5,,,,X 全窗基线 · 不参与实体赏罚,8392287,840,A168_HF9F_20260827_0900,2026-08-27 09:00:00
2026-04-24,149091128,1623,0,662.7751747244,-264.6389027040,-264.6389027040,0.2500000,5,5,0.49592654000000000,0.495926540000,-0.983738807048034,-0.983738807048034,-0.983738807048034,0E-17,ELIGIBLE,R03b_20260811_FULL_v1,L1_ELIGIBILITY,v2026-08-11,2026-03-21..2026-08-06,baccarat_bet02_101_all_pairs_incl_sentinel,round_win = game_pnl > 0 (decisive only),COMPATIBILITY_ONLY_NOT_PRODUCTION,4197.2223,3838.3499,476.5720,53,50,-0.11354463,,-0.11354463,-0.11354463,-476.5720,4197.2223,OK,0.0000,14.2972,3.0000,97.0000,AG03-UNRESOLVED,ALL5_LEVELS_bet23_to_bet27,14.2972,14.2972,14.2972,19.0629,19.0629,3.000000,3.000000,3.000000,4.000000,4.000000,97.000000,97.000000,97.000000,96.000000,96.000000,5.0,81.0172,75.718,395.5548,400.854,PENDING_AG03,FALSE,NOT_FOR_ENFORCEMENT,462.2749,3723.1994,476.5720,462.2749,14.2972,0.11354463,0.11013829,14.2972,462.2749,0.11013829,14.2972,14.2972,14.2972,19.0629,19.0629,462.2749,0.11013829,81.0172,75.718,395.5548,400.854,0.09424204,0.09550459,0.00340634,79.1929,76.7670,9.5314,95.3144,34.0409,839.4445,10.0000,,79.1929,15.6401,52.3519,130.8798,203.1254,235.5836,261.7596,52.3519,0.0,4.5,5.0,1.512703,11,12,4,3,0E-8,0.11354463,,0E-8,0.000000,0.914498,0.000000,,2026-04-24,2026-05-08,5,14,14,15,0.333333,,,0.000000,,,,,,,,GLOBAL_BASELINE_NO_ENTITY_RANKING,,,NOT_APPLICABLE_GLOBAL_BASELINE,HF9g-P5,,,,X 全窗基线 · 不参与实体赏罚,8392288,840,A168_HF9F_20260827_0900,2026-08-27 09:00:00
2026-04-24,149091128,1702,0,596.8117687094,364.7619296914,364.7619296914,0.6666667,7,7,0.44395665714285714,0.443956657143,1.0979707043204547,1.097970704319715,1.0979707043204547,-1.4286E-13,ELIGIBLE,R03b_20260811_FULL_v1,L1_ELIGIBILITY,v2026-08-11,2026-03-21..2026-08-06,baccarat_bet02_101_all_pairs_incl_sentinel,round_win = game_pnl > 0 (decisive only),COMPATIBILITY_ONLY_NOT_PRODUCTION,4197.2223,3838.3499,476.5720,53,50,-0.11354463,,-0.11354463,-0.11354463,-476.5720,4197.2223,OK,0.0000,14.2972,3.0000,97.0000,AG03-UNRESOLVED,ALL5_LEVELS_bet23_to_bet27,14.2972,14.2972,14.2972,19.0629,19.0629,3.000000,3.000000,3.000000,4.000000,4.000000,97.000000,97.000000,97.000000,96.000000,96.000000,5.0,81.0172,75.718,395.5548,400.854,PENDING_AG03,FALSE,NOT_FOR_ENFORCEMENT,462.2749,3723.1994,476.5720,462.2749,14.2972,0.11354463,0.11013829,14.2972,462.2749,0.11013829,14.2972,14.2972,14.2972,19.0629,19.0629,462.2749,0.11013829,81.0172,75.718,395.5548,400.854,0.09424204,0.09550459,0.00340634,79.1929,76.7670,9.5314,95.3144,34.0409,839.4445,10.0000,,79.1929,15.6401,52.3519,130.8798,203.1254,235.5836,261.7596,52.3519,0.0,4.5,5.0,1.512703,11,12,4,3,0E-8,0.11354463,,0E-8,0.000000,0.914498,0.000000,,2026-04-24,2026-05-08,5,14,14,15,0.333333,,,0.000000,,,,,,,,GLOBAL_BASELINE_NO_ENTITY_RANKING,,,NOT_APPLICABLE_GLOBAL_BASELINE,HF9g-P5,,,,X 全窗基线 · 不参与实体赏罚,8392289,840,A168_HF9F_20260827_0900,2026-08-27 09:00:00
2026-04-24,149091128,2188,0,78.5278643039,75.9102688271,75.9102688271,1.0000000,2,2,0.49994810000000000,0.499948100000,1.4143603653603398,1.4143603653603398,1.4143603653603398,0E-17,ELIGIBLE,R03b_20260811_FULL_v1,L1_ELIGIBILITY,v2026-08-11,2026-03-21..2026-08-06,baccarat_bet02_101_all_pairs_incl_sentinel,round_win = game_pnl > 0 (decisive only),COMPATIBILITY_ONLY_NOT_PRODUCTION,4197.2223,3838.3499,476.5720,53,50,-0.11354463,,-0.11354463,-0.11354463,-476.5720,4197.2223,OK,0.0000,14.2972,3.0000,97.0000,AG03-UNRESOLVED,ALL5_LEVELS_bet23_to_bet27,14.2972,14.2972,14.2972,19.0629,19.0629,3.000000,3.000000,3.000000,4.000000,4.000000,97.000000,97.000000,97.000000,96.000000,96.000000,5.0,81.0172,75.718,395.5548,400.854,PENDING_AG03,FALSE,NOT_FOR_ENFORCEMENT,462.2749,3723.1994,476.5720,462.2749,14.2972,0.11354463,0.11013829,14.2972,462.2749,0.11013829,14.2972,14.2972,14.2972,19.0629,19.0629,462.2749,0.11013829,81.0172,75.718,395.5548,400.854,0.09424204,0.09550459,0.00340634,79.1929,76.7670,9.5314,95.3144,34.0409,839.4445,10.0000,,79.1929,15.6401,52.3519,130.8798,203.1254,235.5836,261.7596,52.3519,0.0,4.5,5.0,1.512703,11,12,4,3,0E-8,0.11354463,,0E-8,0.000000,0.914498,0.000000,,2026-04-24,2026-05-08,5,14,14,15,0.333333,,,0.000000,,,,,,,,GLOBAL_BASELINE_NO_ENTITY_RANKING,,,NOT_APPLICABLE_GLOBAL_BASELINE,HF9g-P5,,,,X 全窗基线 · 不参与实体赏罚,8392290,840,A168_HF9F_20260827_0900,2026-08-27 09:00:00
2026-04-28,149091128,-1,1,245.5304557234,-238.8948511898,-238.8948511898,0.3333333,3,3,0.36483300000000000,0.364833000000,-0.11333800532433627,-0.11333800532433629,-0.11333800532433627,0E-17,SENTINEL_DEALER,R03b_20260811_FULL_v1,L1_ELIGIBILITY,v2026-08-11,2026-03-21..2026-08-06,baccarat_bet02_101_all_pairs_incl_sentinel,round_win = game_pnl > 0 (decisive only),COMPATIBILITY_ONLY_NOT_PRODUCTION,4197.2223,3838.3499,476.5720,53,50,-0.11354463,,-0.11354463,-0.11354463,-476.5720,4197.2223,OK,0.0000,14.2972,3.0000,97.0000,AG03-UNRESOLVED,ALL5_LEVELS_bet23_to_bet27,14.2972,14.2972,14.2972,19.0629,19.0629,3.000000,3.000000,3.000000,4.000000,4.000000,97.000000,97.000000,97.000000,96.000000,96.000000,5.0,81.0172,75.718,395.5548,400.854,PENDING_AG03,FALSE,NOT_FOR_ENFORCEMENT,462.2749,3723.1994,476.5720,462.2749,14.2972,0.11354463,0.11013829,14.2972,462.2749,0.11013829,14.2972,14.2972,14.2972,19.0629,19.0629,462.2749,0.11013829,81.0172,75.718,395.5548,400.854,0.09424204,0.09550459,0.00340634,79.1929,76.7670,9.5314,95.3144,34.0409,839.4445,10.0000,,79.1929,15.6401,52.3519,130.8798,203.1254,235.5836,261.7596,52.3519,0.0,4.5,5.0,1.512703,11,12,4,3,0E-8,0.11354463,,0E-8,0.000000,0.914498,0.000000,,2026-04-24,2026-05-08,5,14,14,15,0.333333,,,0.000000,,,,,,,,GLOBAL_BASELINE_NO_ENTITY_RANKING,,,NOT_APPLICABLE_GLOBAL_BASELINE,HF9g-P5,,,,X 全窗基线 · 不参与实体赏罚,8392291,840,A168_HF9F_20260827_0900,2026-08-27 09:00:00
2026-04-28,149091128,1004,0,37.1698557705,-6.8057482397,-6.8057482397,0.6666667,5,3,0.39230712403833540,0.360364600000,0.973252499295546,1.1050279112830825,0.973252499295546,0.03194252403833540,ELIGIBLE,R03b_20260811_FULL_v1,L1_ELIGIBILITY,v2026-08-11,2026-03-21..2026-08-06,baccarat_bet02_101_all_pairs_incl_sentinel,round_win = game_pnl > 0 (decisive only),COMPATIBILITY_ONLY_NOT_PRODUCTION,4197.2223,3838.3499,476.5720,53,50,-0.11354463,,-0.11354463,-0.11354463,-476.5720,4197.2223,OK,0.0000,14.2972,3.0000,97.0000,AG03-UNRESOLVED,ALL5_LEVELS_bet23_to_bet27,14.2972,14.2972,14.2972,19.0629,19.0629,3.000000,3.000000,3.000000,4.000000,4.000000,97.000000,97.000000,97.000000,96.000000,96.000000,5.0,81.0172,75.718,395.5548,400.854,PENDING_AG03,FALSE,NOT_FOR_ENFORCEMENT,462.2749,3723.1994,476.5720,462.2749,14.2972,0.11354463,0.11013829,14.2972,462.2749,0.11013829,14.2972,14.2972,14.2972,19.0629,19.0629,462.2749,0.11013829,81.0172,75.718,395.5548,400.854,0.09424204,0.09550459,0.00340634,79.1929,76.7670,9.5314,95.3144,34.0409,839.4445,10.0000,,79.1929,15.6401,52.3519,130.8798,203.1254,235.5836,261.7596,52.3519,0.0,4.5,5.0,1.512703,11,12,4,3,0E-8,0.11354463,,0E-8,0.000000,0.914498,0.000000,,2026-04-24,2026-05-08,5,14,14,15,0.333333,,,0.000000,,,,,,,,GLOBAL_BASELINE_NO_ENTITY_RANKING,,,NOT_APPLICABLE_GLOBAL_BASELINE,HF9g-P5,,,,X 全窗基线 · 不参与实体赏罚,8392292,840,A168_HF9F_20260827_0900,2026-08-27 09:00:00
2026-04-28,149091128,1966,0,24.3436379342,23.1264560375,23.1264560375,1.0000000,1,1,0.50665070000000000,0.506650700000,0.9867858985152569,0.9867858985152569,0.9867858985152569,0E-17,ELIGIBLE,R03b_20260811_FULL_v1,L1_ELIGIBILITY,v2026-08-11,2026-03-21..2026-08-06,baccarat_bet02_101_all_pairs_incl_sentinel,round_win = game_pnl > 0 (decisive only),COMPATIBILITY_ONLY_NOT_PRODUCTION,4197.2223,3838.3499,476.5720,53,50,-0.11354463,,-0.11354463,-0.11354463,-476.5720,4197.2223,OK,0.0000,14.2972,3.0000,97.0000,AG03-UNRESOLVED,ALL5_LEVELS_bet23_to_bet27,14.2972,14.2972,14.2972,19.0629,19.0629,3.000000,3.000000,3.000000,4.000000,4.000000,97.000000,97.000000,97.000000,96.000000,96.000000,5.0,81.0172,75.718,395.5548,400.854,PENDING_AG03,FALSE,NOT_FOR_ENFORCEMENT,462.2749,3723.1994,476.5720,462.2749,14.2972,0.11354463,0.11013829,14.2972,462.2749,0.11013829,14.2972,14.2972,14.2972,19.0629,19.0629,462.2749,0.11013829,81.0172,75.718,395.5548,400.854,0.09424204,0.09550459,0.00340634,79.1929,76.7670,9.5314,95.3144,34.0409,839.4445,10.0000,,79.1929,15.6401,52.3519,130.8798,203.1254,235.5836,261.7596,52.3519,0.0,4.5,5.0,1.512703,11,12,4,3,0E-8,0.11354463,,0E-8,0.000000,0.914498,0.000000,,2026-04-24,2026-05-08,5,14,14,15,0.333333,,,0.000000,,,,,,,,GLOBAL_BASELINE_NO_ENTITY_RANKING,,,NOT_APPLICABLE_GLOBAL_BASELINE,HF9g-P5,,,,X 全窗基线 · 不参与实体赏罚,8392293,840,A168_HF9F_20260827_0900,2026-08-27 09:00:00
2026-04-28,149091128,2164,0,235.5835929116,-78.5278643038,-78.5278643038,0.3333333,3,3,0.49324550000000000,0.493245500000,-0.5540025479526107,-0.5540025479526106,-0.5540025479526107,0E-17,ELIGIBLE,R03b_20260811_FULL_v1,L1_ELIGIBILITY,v2026-08-11,2026-03-21..2026-08-06,baccarat_bet02_101_all_pairs_incl_sentinel,round_win = game_pnl > 0 (decisive only),COMPATIBILITY_ONLY_NOT_PRODUCTION,4197.2223,3838.3499,476.5720,53,50,-0.11354463,,-0.11354463,-0.11354463,-476.5720,4197.2223,OK,0.0000,14.2972,3.0000,97.0000,AG03-UNRESOLVED,ALL5_LEVELS_bet23_to_bet27,14.2972,14.2972,14.2972,19.0629,19.0629,3.000000,3.000000,3.000000,4.000000,4.000000,97.000000,97.000000,97.000000,96.000000,96.000000,5.0,81.0172,75.718,395.5548,400.854,PENDING_AG03,FALSE,NOT_FOR_ENFORCEMENT,462.2749,3723.1994,476.5720,462.2749,14.2972,0.11354463,0.11013829,14.2972,462.2749,0.11013829,14.2972,14.2972,14.2972,19.0629,19.0629,462.2749,0.11013829,81.0172,75.718,395.5548,400.854,0.09424204,0.09550459,0.00340634,79.1929,76.7670,9.5314,95.3144,34.0409,839.4445,10.0000,,79.1929,15.6401,52.3519,130.8798,203.1254,235.5836,261.7596,52.3519,0.0,4.5,5.0,1.512703,11,12,4,3,0E-8,0.11354463,,0E-8,0.000000,0.914498,0.000000,,2026-04-24,2026-05-08,5,14,14,15,0.333333,,,0.000000,,,,,,,,GLOBAL_BASELINE_NO_ENTITY_RANKING,,,NOT_APPLICABLE_GLOBAL_BASELINE,HF9g-P5,,,,X 全窗基线 · 不参与实体赏罚,8392294,840,A168_HF9F_20260827_0900,2026-08-27 09:00:00
2026-04-28,149091128,2209,0,142.1354343900,-47.3784781300,-47.3784781300,0.5000000,2,2,0.49994810000000000,0.499948100000,0.00014679536856514622,0.00014679536856514622,0.00014679536856514622,0E-17,ELIGIBLE,R03b_20260811_FULL_v1,L1_ELIGIBILITY,v2026-08-11,2026-03-21..2026-08-06,baccarat_bet02_101_all_pairs_incl_sentinel,round_win = game_pnl > 0 (decisive only),COMPATIBILITY_ONLY_NOT_PRODUCTION,4197.2223,3838.3499,476.5720,53,50,-0.11354463,,-0.11354463,-0.11354463,-476.5720,4197.2223,OK,0.0000,14.2972,3.0000,97.0000,AG03-UNRESOLVED,ALL5_LEVELS_bet23_to_bet27,14.2972,14.2972,14.2972,19.0629,19.0629,3.000000,3.000000,3.000000,4.000000,4.000000,97.000000,97.000000,97.000000,96.000000,96.000000,5.0,81.0172,75.718,395.5548,400.854,PENDING_AG03,FALSE,NOT_FOR_ENFORCEMENT,462.2749,3723.1994,476.5720,462.2749,14.2972,0.11354463,0.11013829,14.2972,462.2749,0.11013829,14.2972,14.2972,14.2972,19.0629,19.0629,462.2749,0.11013829,81.0172,75.718,395.5548,400.854,0.09424204,0.09550459,0.00340634,79.1929,76.7670,9.5314,95.3144,34.0409,839.4445,10.0000,,79.1929,15.6401,52.3519,130.8798,203.1254,235.5836,261.7596,52.3519,0.0,4.5,5.0,1.512703,11,12,4,3,0E-8,0.11354463,,0E-8,0.000000,0.914498,0.000000,,2026-04-24,2026-05-08,5,14,14,15,0.333333,,,0.000000,,,,,,,,GLOBAL_BASELINE_NO_ENTITY_RANKING,,,NOT_APPLICABLE_GLOBAL_BASELINE,HF9g-P5,,,,X 全窗基线 · 不参与实体赏罚,8392295,840,A168_HF9F_20260827_0900,2026-08-27 09:00:00
2026-04-29,149091128,1330,0,106.0126168102,-15.6663089286,-15.6663089286,0.6666667,3,3,0.50665070000000000,0.506650700000,0.5543606114942035,0.5543606114942035,0.5543606114942035,0E-17,ELIGIBLE,R03b_20260811_FULL_v1,L1_ELIGIBILITY,v2026-08-11,2026-03-21..2026-08-06,baccarat_bet02_101_all_pairs_incl_sentinel,round_win = game_pnl > 0 (decisive only),COMPATIBILITY_ONLY_NOT_PRODUCTION,4197.2223,3838.3499,476.5720,53,50,-0.11354463,,-0.11354463,-0.11354463,-476.5720,4197.2223,OK,0.0000,14.2972,3.0000,97.0000,AG03-UNRESOLVED,ALL5_LEVELS_bet23_to_bet27,14.2972,14.2972,14.2972,19.0629,19.0629,3.000000,3.000000,3.000000,4.000000,4.000000,97.000000,97.000000,97.000000,96.000000,96.000000,5.0,81.0172,75.718,395.5548,400.854,PENDING_AG03,FALSE,NOT_FOR_ENFORCEMENT,462.2749,3723.1994,476.5720,462.2749,14.2972,0.11354463,0.11013829,14.2972,462.2749,0.11013829,14.2972,14.2972,14.2972,19.0629,19.0629,462.2749,0.11013829,81.0172,75.718,395.5548,400.854,0.09424204,0.09550459,0.00340634,79.1929,76.7670,9.5314,95.3144,34.0409,839.4445,10.0000,,79.1929,15.6401,52.3519,130.8798,203.1254,235.5836,261.7596,52.3519,0.0,4.5,5.0,1.512703,11,12,4,3,0E-8,0.11354463,,0E-8,0.000000,0.914498,0.000000,,2026-04-24,2026-05-08,5,14,14,15,0.333333,,,0.000000,,,,,,,,GLOBAL_BASELINE_NO_ENTITY_RANKING,,,NOT_APPLICABLE_GLOBAL_BASELINE,HF9g-P5,,,,X 全窗基线 · 不参与实体赏罚,8392296,840,A168_HF9F_20260827_0900,2026-08-27 09:00:00
2026-04-30,149091128,2088,0,45.5461612963,-15.4307253358,-15.4307253358,0.3333333,4,3,0.48003548333333333,0.435741850000,-0.5085967514323873,-0.3577199375296409,-0.5085967514323873,0.04429363333333333,ELIGIBLE,R03b_20260811_FULL_v1,L1_ELIGIBILITY,v2026-08-11,2026-03-21..2026-08-06,baccarat_bet02_101_all_pairs_incl_sentinel,round_win = game_pnl > 0 (decisive only),COMPATIBILITY_ONLY_NOT_PRODUCTION,4197.2223,3838.3499,476.5720,53,50,-0.11354463,,-0.11354463,-0.11354463,-476.5720,4197.2223,OK,0.0000,14.2972,3.0000,97.0000,AG03-UNRESOLVED,ALL5_LEVELS_bet23_to_bet27,14.2972,14.2972,14.2972,19.0629,19.0629,3.000000,3.000000,3.000000,4.000000,4.000000,97.000000,97.000000,97.000000,96.000000,96.000000,5.0,81.0172,75.718,395.5548,400.854,PENDING_AG03,FALSE,NOT_FOR_ENFORCEMENT,462.2749,3723.1994,476.5720,462.2749,14.2972,0.11354463,0.11013829,14.2972,462.2749,0.11013829,14.2972,14.2972,14.2972,19.0629,19.0629,462.2749,0.11013829,81.0172,75.718,395.5548,400.854,0.09424204,0.09550459,0.00340634,79.1929,76.7670,9.5314,95.3144,34.0409,839.4445,10.0000,,79.1929,15.6401,52.3519,130.8798,203.1254,235.5836,261.7596,52.3519,0.0,4.5,5.0,1.512703,11,12,4,3,0E-8,0.11354463,,0E-8,0.000000,0.914498,0.000000,,2026-04-24,2026-05-08,5,14,14,15,0.333333,,,0.000000,,,,,,,,GLOBAL_BASELINE_NO_ENTITY_RANKING,,,NOT_APPLICABLE_GLOBAL_BASELINE,HF9g-P5,,,,X 全窗基线 · 不参与实体赏罚,8392297,840,A168_HF9F_20260827_0900,2026-08-27 09:00:00
2026-05-08,149091128,1078,0,10.3782886202,-10.3782886202,-10.3782886202,0E-7,1,1,0.49324550000000000,0.493245500000,-0.9865810262130424,-0.9865810262130424,-0.9865810262130424,0E-17,ELIGIBLE,R03b_20260811_FULL_v1,L1_ELIGIBILITY,v2026-08-11,2026-03-21..2026-08-06,baccarat_bet02_101_all_pairs_incl_sentinel,round_win = game_pnl > 0 (decisive only),COMPATIBILITY_ONLY_NOT_PRODUCTION,4197.2223,3838.3499,476.5720,53,50,-0.11354463,,-0.11354463,-0.11354463,-476.5720,4197.2223,OK,0.0000,14.2972,3.0000,97.0000,AG03-UNRESOLVED,ALL5_LEVELS_bet23_to_bet27,14.2972,14.2972,14.2972,19.0629,19.0629,3.000000,3.000000,3.000000,4.000000,4.000000,97.000000,97.000000,97.000000,96.000000,96.000000,5.0,81.0172,75.718,395.5548,400.854,PENDING_AG03,FALSE,NOT_FOR_ENFORCEMENT,462.2749,3723.1994,476.5720,462.2749,14.2972,0.11354463,0.11013829,14.2972,462.2749,0.11013829,14.2972,14.2972,14.2972,19.0629,19.0629,462.2749,0.11013829,81.0172,75.718,395.5548,400.854,0.09424204,0.09550459,0.00340634,79.1929,76.7670,9.5314,95.3144,34.0409,839.4445,10.0000,,79.1929,15.6401,52.3519,130.8798,203.1254,235.5836,261.7596,52.3519,0.0,4.5,5.0,1.512703,11,12,4,3,0E-8,0.11354463,,0E-8,0.000000,0.914498,0.000000,,2026-04-24,2026-05-08,5,14,14,15,0.333333,,,0.000000,,,,,,,,GLOBAL_BASELINE_NO_ENTITY_RANKING,,,NOT_APPLICABLE_GLOBAL_BASELINE,HF9g-P5,,,,X 全窗基线 · 不参与实体赏罚,8392298,840,A168_HF9F_20260827_0900,2026-08-27 09:00:00
2026-05-23,89425038,1078,0,1185.2005604276,-216.1278605159,-216.1278605159,0.3636364,18,12,0.49021500444060000,0.446487408333,-0.8397885444617199,-0.5527464617766745,-0.8397885444617199,0.04372759610760000,ELIGIBLE,R03b_20260811_FULL_v1,L1_ELIGIBILITY,v2026-08-11,2026-03-21..2026-08-06,baccarat_bet02_101_all_pairs_incl_sentinel,round_win = game_pnl > 0 (decisive only),COMPATIBILITY_ONLY_NOT_PRODUCTION,1681.5422,1447.2523,481.5526,44,28,-0.28637556,,-0.28637556,-0.28637556,-481.5526,1681.5422,OK,0.0000,19.2621,4.0000,96.0000,AG03-UNRESOLVED,ALL5_LEVELS_bet23_to_bet27,19.2621,19.2621,19.2621,24.0776,24.0776,4.000000,4.000000,4.000000,5.000000,5.000000,96.000000,96.000000,96.000000,95.000000,95.000000,5.0,105.9416,97.0453,375.6110,384.5073,PENDING_AG03,FALSE,NOT_FOR_ENFORCEMENT,462.2905,1389.3623,481.5526,462.2905,19.2621,0.28637556,0.27492054,19.2621,462.2905,0.27492054,19.2621,19.2621,19.2621,24.0776,24.0776,462.2905,0.27492054,105.9416,97.0453,375.6110,384.5073,0.22337294,0.22866351,0.01145502,38.2169,51.6876,17.1983,481.5526,120.3881,1681.5422,28.0000,,38.2169,8.5621,12.9729,58.3779,142.7015,142.7015,155.6743,11.6756,-6.4864,11.0,12.000001,2.945909,4,3,1,5,0E-8,0.28637556,,0E-8,0.000000,0.860670,1.000000,,2026-05-23,2026-05-23,1,4,4,1,1.000000,,,0.000000,,,,,,,,GLOBAL_BASELINE_NO_ENTITY_RANKING,,,NOT_APPLICABLE_GLOBAL_BASELINE,HF9g-P5,,,,X 全窗基线 · 不参与实体赏罚,8392299,840,A168_HF9F_20260827_0900,2026-08-27 09:00:00
2026-05-23,89425038,2130,0,72.6480203416,15.5674329302,15.5674329302,0.6000000,7,5,0.48523200066657290,0.457497840000,0.5134821197090316,0.639604027282681,0.5134821197090316,0.02773416066657290,ELIGIBLE,R03b_20260811_FULL_v1,L1_ELIGIBILITY,v2026-08-11,2026-03-21..2026-08-06,baccarat_bet02_101_all_pairs_incl_sentinel,round_win = game_pnl > 0 (decisive only),COMPATIBILITY_ONLY_NOT_PRODUCTION,1681.5422,1447.2523,481.5526,44,28,-0.28637556,,-0.28637556,-0.28637556,-481.5526,1681.5422,OK,0.0000,19.2621,4.0000,96.0000,AG03-UNRESOLVED,ALL5_LEVELS_bet23_to_bet27,19.2621,19.2621,19.2621,24.0776,24.0776,4.000000,4.000000,4.000000,5.000000,5.000000,96.000000,96.000000,96.000000,95.000000,95.000000,5.0,105.9416,97.0453,375.6110,384.5073,PENDING_AG03,FALSE,NOT_FOR_ENFORCEMENT,462.2905,1389.3623,481.5526,462.2905,19.2621,0.28637556,0.27492054,19.2621,462.2905,0.27492054,19.2621,19.2621,19.2621,24.0776,24.0776,462.2905,0.27492054,105.9416,97.0453,375.6110,384.5073,0.22337294,0.22866351,0.01145502,38.2169,51.6876,17.1983,481.5526,120.3881,1681.5422,28.0000,,38.2169,8.5621,12.9729,58.3779,142.7015,142.7015,155.6743,11.6756,-6.4864,11.0,12.000001,2.945909,4,3,1,5,0E-8,0.28637556,,0E-8,0.000000,0.860670,1.000000,,2026-05-23,2026-05-23,1,4,4,1,1.000000,,,0.000000,,,,,,,,GLOBAL_BASELINE_NO_ENTITY_RANKING,,,NOT_APPLICABLE_GLOBAL_BASELINE,HF9g-P5,,,,X 全窗基线 · 不参与实体赏罚,8392300,840,A168_HF9F_20260827_0900,2026-08-27 09:00:00
2026-05-23,89425038,2169,0,423.6936329203,-280.9921643923,-280.9921643923,0.2727273,19,11,0.47726418391686440,0.415904436364,-1.3581492086775366,-0.9634548493546654,-1.3581492086775366,0.06135974755286440,ELIGIBLE,R03b_20260811_FULL_v1,L1_ELIGIBILITY,v2026-08-11,2026-03-21..2026-08-06,baccarat_bet02_101_all_pairs_incl_sentinel,round_win = game_pnl > 0 (decisive only),COMPATIBILITY_ONLY_NOT_PRODUCTION,1681.5422,1447.2523,481.5526,44,28,-0.28637556,,-0.28637556,-0.28637556,-481.5526,1681.5422,OK,0.0000,19.2621,4.0000,96.0000,AG03-UNRESOLVED,ALL5_LEVELS_bet23_to_bet27,19.2621,19.2621,19.2621,24.0776,24.0776,4.000000,4.000000,4.000000,5.000000,5.000000,96.000000,96.000000,96.000000,95.000000,95.000000,5.0,105.9416,97.0453,375.6110,384.5073,PENDING_AG03,FALSE,NOT_FOR_ENFORCEMENT,462.2905,1389.3623,481.5526,462.2905,19.2621,0.28637556,0.27492054,19.2621,462.2905,0.27492054,19.2621,19.2621,19.2621,24.0776,24.0776,462.2905,0.27492054,105.9416,97.0453,375.6110,384.5073,0.22337294,0.22866351,0.01145502,38.2169,51.6876,17.1983,481.5526,120.3881,1681.5422,28.0000,,38.2169,8.5621,12.9729,58.3779,142.7015,142.7015,155.6743,11.6756,-6.4864,11.0,12.000001,2.945909,4,3,1,5,0E-8,0.28637556,,0E-8,0.000000,0.860670,1.000000,,2026-05-23,2026-05-23,1,4,4,1,1.000000,,,0.000000,,,,,,,,GLOBAL_BASELINE_NO_ENTITY_RANKING,,,NOT_APPLICABLE_GLOBAL_BASELINE,HF9g-P5,,,,X 全窗基线 · 不参与实体赏罚,8392301,840,A168_HF9F_20260827_0900,2026-08-27 09:00:00
2026-03-24,136636892,2141,0,221.1865076231,7.3728835875,7.3728835875,0.7500000,6,5,0.47038502750000000,0.460083830000,1.1204269500045552,1.1633778268586321,1.1204269500045552,0.01030119750000000,ELIGIBLE,R03b_20260811_FULL_v1,L1_ELIGIBILITY,v2026-08-11,2026-03-21..2026-08-06,baccarat_bet02_101_all_pairs_incl_sentinel,round_win = game_pnl > 0 (decisive only),COMPATIBILITY_ONLY_NOT_PRODUCTION,4377.5910,3496.3071,481.5548,193,136,-0.11000451,,-0.11000451,-0.11000451,-481.5548,4377.5910,OK,0.0000,19.2622,4.0000,96.0000,AG03-UNRESOLVED,ALL5_LEVELS_bet23_to_bet27,19.2622,19.2622,19.2622,0.0000,0.0000,4.000000,4.000000,4.000000,0.000000,0.000000,96.000000,96.000000,96.000000,100.000000,100.000000,5.0,57.7866,55.5059,423.7682,426.0488,PENDING_AG03,FALSE,NOT_FOR_ENFORCEMENT,462.2926,3356.4548,481.5548,462.2926,19.2622,0.11000451,0.10560433,19.2622,462.2926,0.10560433,19.2622,19.2622,19.2622,0.0000,0.0000,462.2926,0.10560433,57.7866,55.5059,423.7682,426.0488,0.09680397,0.09732495,0.00440018,22.6818,25.7081,3.5408,30.0972,18.5213,273.5994,8.5000,,22.6818,5.1891,12.9729,25.7155,51.5231,102.8621,170.4636,12.8578,-5.1891,7.929025,13.140016,1.748405,10,23,18,3,0E-8,0.11000451,,0E-8,0.000000,0.798683,0.000000,,2026-03-24,2026-06-14,16,26,24,83,0.192771,,,0.000000,,,,,,,,GLOBAL_BASELINE_NO_ENTITY_RANKING,,,NOT_APPLICABLE_GLOBAL_BASELINE,HF9g-P5,,,,X 全窗基线 · 不参与实体赏罚,8392302,840,A168_HF9F_20260827_0900,2026-08-27 09:00:00
2026-03-29,136636892,2123,0,10.5326908392,-10.5326908392,-10.5326908392,0E-7,1,1,0.50665070000000000,0.506650700000,-1.013391052207602,-1.013391052207602,-1.013391052207602,0E-17,ELIGIBLE,R03b_20260811_FULL_v1,L1_ELIGIBILITY,v2026-08-11,2026-03-21..2026-08-06,baccarat_bet02_101_all_pairs_incl_sentinel,round_win = game_pnl > 0 (decisive only),COMPATIBILITY_ONLY_NOT_PRODUCTION,4377.5910,3496.3071,481.5548,193,136,-0.11000451,,-0.11000451,-0.11000451,-481.5548,4377.5910,OK,0.0000,19.2622,4.0000,96.0000,AG03-UNRESOLVED,ALL5_LEVELS_bet23_to_bet27,19.2622,19.2622,19.2622,0.0000,0.0000,4.000000,4.000000,4.000000,0.000000,0.000000,96.000000,96.000000,96.000000,100.000000,100.000000,5.0,57.7866,55.5059,423.7682,426.0488,PENDING_AG03,FALSE,NOT_FOR_ENFORCEMENT,462.2926,3356.4548,481.5548,462.2926,19.2622,0.11000451,0.10560433,19.2622,462.2926,0.10560433,19.2622,19.2622,19.2622,0.0000,0.0000,462.2926,0.10560433,57.7866,55.5059,423.7682,426.0488,0.09680397,0.09732495,0.00440018,22.6818,25.7081,3.5408,30.0972,18.5213,273.5994,8.5000,,22.6818,5.1891,12.9729,25.7155,51.5231,102.8621,170.4636,12.8578,-5.1891,7.929025,13.140016,1.748405,10,23,18,3,0E-8,0.11000451,,0E-8,0.000000,0.798683,0.000000,,2026-03-24,2026-06-14,16,26,24,83,0.192771,,,0.000000,,,,,,,,GLOBAL_BASELINE_NO_ENTITY_RANKING,,,NOT_APPLICABLE_GLOBAL_BASELINE,HF9g-P5,,,,X 全窗基线 · 不参与实体赏罚,8392303,840,A168_HF9F_20260827_0900,2026-08-27 09:00:00
2026-04-20,136636892,2141,0,47.1167185824,-47.1167185824,-47.1167185824,0E-7,5,4,0.34710578750000000,0.347105787500,-1.4582752793904825,-1.4582752793904825,-1.4582752793904825,0E-17,ELIGIBLE,R03b_20260811_FULL_v1,L1_ELIGIBILITY,v2026-08-11,2026-03-21..2026-08-06,baccarat_bet02_101_all_pairs_incl_sentinel,round_win = game_pnl > 0 (decisive only),COMPATIBILITY_ONLY_NOT_PRODUCTION,4377.5910,3496.3071,481.5548,193,136,-0.11000451,,-0.11000451,-0.11000451,-481.5548,4377.5910,OK,0.0000,19.2622,4.0000,96.0000,AG03-UNRESOLVED,ALL5_LEVELS_bet23_to_bet27,19.2622,19.2622,19.2622,0.0000,0.0000,4.000000,4.000000,4.000000,0.000000,0.000000,96.000000,96.000000,96.000000,100.000000,100.000000,5.0,57.7866,55.5059,423.7682,426.0488,PENDING_AG03,FALSE,NOT_FOR_ENFORCEMENT,462.2926,3356.4548,481.5548,462.2926,19.2622,0.11000451,0.10560433,19.2622,462.2926,0.10560433,19.2622,19.2622,19.2622,0.0000,0.0000,462.2926,0.10560433,57.7866,55.5059,423.7682,426.0488,0.09680397,0.09732495,0.00440018,22.6818,25.7081,3.5408,30.0972,18.5213,273.5994,8.5000,,22.6818,5.1891,12.9729,25.7155,51.5231,102.8621,170.4636,12.8578,-5.1891,7.929025,13.140016,1.748405,10,23,18,3,0E-8,0.11000451,,0E-8,0.000000,0.798683,0.000000,,2026-03-24,2026-06-14,16,26,24,83,0.192771,,,0.000000,,,,,,,,GLOBAL_BASELINE_NO_ENTITY_RANKING,,,NOT_APPLICABLE_GLOBAL_BASELINE,HF9g-P5,,,,X 全窗基线 · 不参与实体赏罚,8392304,840,A168_HF9F_20260827_0900,2026-08-27 09:00:00
2026-04-20,136636892,2246,0,41.8815276288,0E-10,0E-10,0.4000000,7,7,0.49324550000000000,0.493245500000,-0.4170446088060018,-0.4170446088060018,-0.4170446088060018,0E-17,ELIGIBLE,R03b_20260811_FULL_v1,L1_ELIGIBILITY,v2026-08-11,2026-03-21..2026-08-06,baccarat_bet02_101_all_pairs_incl_sentinel,round_win = game_pnl > 0 (decisive only),COMPATIBILITY_ONLY_NOT_PRODUCTION,4377.5910,3496.3071,481.5548,193,136,-0.11000451,,-0.11000451,-0.11000451,-481.5548,4377.5910,OK,0.0000,19.2622,4.0000,96.0000,AG03-UNRESOLVED,ALL5_LEVELS_bet23_to_bet27,19.2622,19.2622,19.2622,0.0000,0.0000,4.000000,4.000000,4.000000,0.000000,0.000000,96.000000,96.000000,96.000000,100.000000,100.000000,5.0,57.7866,55.5059,423.7682,426.0488,PENDING_AG03,FALSE,NOT_FOR_ENFORCEMENT,462.2926,3356.4548,481.5548,462.2926,19.2622,0.11000451,0.10560433,19.2622,462.2926,0.10560433,19.2622,19.2622,19.2622,0.0000,0.0000,462.2926,0.10560433,57.7866,55.5059,423.7682,426.0488,0.09680397,0.09732495,0.00440018,22.6818,25.7081,3.5408,30.0972,18.5213,273.5994,8.5000,,22.6818,5.1891,12.9729,25.7155,51.5231,102.8621,170.4636,12.8578,-5.1891,7.929025,13.140016,1.748405,10,23,18,3,0E-8,0.11000451,,0E-8,0.000000,0.798683,0.000000,,2026-03-24,2026-06-14,16,26,24,83,0.192771,,,0.000000,,,,,,,,GLOBAL_BASELINE_NO_ENTITY_RANKING,,,NOT_APPLICABLE_GLOBAL_BASELINE,HF9g-P5,,,,X 全窗基线 · 不参与实体赏罚,8392305,840,A168_HF9F_20260827_0900,2026-08-27 09:00:00
2026-05-18,136636892,1307,0,168.6471900787,49.4265995535,49.4265995535,0.4166667,20,14,0.41940644428556052,0.415482178571,-0.019233232495983535,0.008326188614419935,-0.019233232495983535,0.00392426571456052,ELIGIBLE,R03b_20260811_FULL_v1,L1_ELIGIBILITY,v2026-08-11,2026-03-21..2026-08-06,baccarat_bet02_101_all_pairs_incl_sentinel,round_win = game_pnl > 0 (decisive only),COMPATIBILITY_ONLY_NOT_PRODUCTION,4377.5910,3496.3071,481.5548,193,136,-0.11000451,,-0.11000451,-0.11000451,-481.5548,4377.5910,OK,0.0000,19.2622,4.0000,96.0000,AG03-UNRESOLVED,ALL5_LEVELS_bet23_to_bet27,19.2622,19.2622,19.2622,0.0000,0.0000,4.000000,4.000000,4.000000,0.000000,0.000000,96.000000,96.000000,96.000000,100.000000,100.000000,5.0,57.7866,55.5059,423.7682,426.0488,PENDING_AG03,FALSE,NOT_FOR_ENFORCEMENT,462.2926,3356.4548,481.5548,462.2926,19.2622,0.11000451,0.10560433,19.2622,462.2926,0.10560433,19.2622,19.2622,19.2622,0.0000,0.0000,462.2926,0.10560433,57.7866,55.5059,423.7682,426.0488,0.09680397,0.09732495,0.00440018,22.6818,25.7081,3.5408,30.0972,18.5213,273.5994,8.5000,,22.6818,5.1891,12.9729,25.7155,51.5231,102.8621,170.4636,12.8578,-5.1891,7.929025,13.140016,1.748405,10,23,18,3,0E-8,0.11000451,,0E-8,0.000000,0.798683,0.000000,,2026-03-24,2026-06-14,16,26,24,83,0.192771,,,0.000000,,,,,,,,GLOBAL_BASELINE_NO_ENTITY_RANKING,,,NOT_APPLICABLE_GLOBAL_BASELINE,HF9g-P5,,,,X 全窗基线 · 不参与实体赏罚,8392306,840,A168_HF9F_20260827_0900,2026-08-27 09:00:00
2026-05-18,136636892,2174,0,95.9991697374,-8.5620881119,-8.5620881119,0.6000000,18,11,0.35858284704495481,0.335648340909,1.5918534519425798,1.7702751621993245,1.5918534519425798,0.02293450613595481,ELIGIBLE,R03b_20260811_FULL_v1,L1_ELIGIBILITY,v2026-08-11,2026-03-21..2026-08-06,baccarat_bet02_101_all_pairs_incl_sentinel,round_win = game_pnl > 0 (decisive only),COMPATIBILITY_ONLY_NOT_PRODUCTION,4377.5910,3496.3071,481.5548,193,136,-0.11000451,,-0.11000451,-0.11000451,-481.5548,4377.5910,OK,0.0000,19.2622,4.0000,96.0000,AG03-UNRESOLVED,ALL5_LEVELS_bet23_to_bet27,19.2622,19.2622,19.2622,0.0000,0.0000,4.000000,4.000000,4.000000,0.000000,0.000000,96.000000,96.000000,96.000000,100.000000,100.000000,5.0,57.7866,55.5059,423.7682,426.0488,PENDING_AG03,FALSE,NOT_FOR_ENFORCEMENT,462.2926,3356.4548,481.5548,462.2926,19.2622,0.11000451,0.10560433,19.2622,462.2926,0.10560433,19.2622,19.2622,19.2622,0.0000,0.0000,462.2926,0.10560433,57.7866,55.5059,423.7682,426.0488,0.09680397,0.09732495,0.00440018,22.6818,25.7081,3.5408,30.0972,18.5213,273.5994,8.5000,,22.6818,5.1891,12.9729,25.7155,51.5231,102.8621,170.4636,12.8578,-5.1891,7.929025,13.140016,1.748405,10,23,18,3,0E-8,0.11000451,,0E-8,0.000000,0.798683,0.000000,,2026-03-24,2026-06-14,16,26,24,83,0.192771,,,0.000000,,,,,,,,GLOBAL_BASELINE_NO_ENTITY_RANKING,,,NOT_APPLICABLE_GLOBAL_BASELINE,HF9g-P5,,,,X 全窗基线 · 不参与实体赏罚,8392307,840,A168_HF9F_20260827_0900,2026-08-27 09:00:00
2026-05-18,136636892,2177,0,38.9185823258,64.8643038764,64.8643038764,0.2500000,7,4,0.31053426250042679,0.343754487500,-0.26164964178415245,-0.39478868627596153,-0.26164964178415245,-0.03322022499957321,ELIGIBLE,R03b_20260811_FULL_v1,L1_ELIGIBILITY,v2026-08-11,2026-03-21..2026-08-06,baccarat_bet02_101_all_pairs_incl_sentinel,round_win = game_pnl > 0 (decisive only),COMPATIBILITY_ONLY_NOT_PRODUCTION,4377.5910,3496.3071,481.5548,193,136,-0.11000451,,-0.11000451,-0.11000451,-481.5548,4377.5910,OK,0.0000,19.2622,4.0000,96.0000,AG03-UNRESOLVED,ALL5_LEVELS_bet23_to_bet27,19.2622,19.2622,19.2622,0.0000,0.0000,4.000000,4.000000,4.000000,0.000000,0.000000,96.000000,96.000000,96.000000,100.000000,100.000000,5.0,57.7866,55.5059,423.7682,426.0488,PENDING_AG03,FALSE,NOT_FOR_ENFORCEMENT,462.2926,3356.4548,481.5548,462.2926,19.2622,0.11000451,0.10560433,19.2622,462.2926,0.10560433,19.2622,19.2622,19.2622,0.0000,0.0000,462.2926,0.10560433,57.7866,55.5059,423.7682,426.0488,0.09680397,0.09732495,0.00440018,22.6818,25.7081,3.5408,30.0972,18.5213,273.5994,8.5000,,22.6818,5.1891,12.9729,25.7155,51.5231,102.8621,170.4636,12.8578,-5.1891,7.929025,13.140016,1.748405,10,23,18,3,0E-8,0.11000451,,0E-8,0.000000,0.798683,0.000000,,2026-03-24,2026-06-14,16,26,24,83,0.192771,,,0.000000,,,,,,,,GLOBAL_BASELINE_NO_ENTITY_RANKING,,,NOT_APPLICABLE_GLOBAL_BASELINE,HF9g-P5,,,,X 全窗基线 · 不参与实体赏罚,8392308,840,A168_HF9F_20260827_0900,2026-08-27 09:00:00
2026-05-19,136636892,2177,0,15.5674329304,10.3782886202,10.3782886202,1.0000000,2,1,0.42680504999914642,0.293924150000,1.158874490235764,1.549915577879723,1.158874490235764,0.13288089999914642,ELIGIBLE,R03b_20260811_FULL_v1,L1_ELIGIBILITY,v2026-08-11,2026-03-21..2026-08-06,baccarat_bet02_101_all_pairs_incl_sentinel,round_win = game_pnl > 0 (decisive only),COMPATIBILITY_ONLY_NOT_PRODUCTION,4377.5910,3496.3071,481.5548,193,136,-0.11000451,,-0.11000451,-0.11000451,-481.5548,4377.5910,OK,0.0000,19.2622,4.0000,96.0000,AG03-UNRESOLVED,ALL5_LEVELS_bet23_to_bet27,19.2622,19.2622,19.2622,0.0000,0.0000,4.000000,4.000000,4.000000,0.000000,0.000000,96.000000,96.000000,96.000000,100.000000,100.000000,5.0,57.7866,55.5059,423.7682,426.0488,PENDING_AG03,FALSE,NOT_FOR_ENFORCEMENT,462.2926,3356.4548,481.5548,462.2926,19.2622,0.11000451,0.10560433,19.2622,462.2926,0.10560433,19.2622,19.2622,19.2622,0.0000,0.0000,462.2926,0.10560433,57.7866,55.5059,423.7682,426.0488,0.09680397,0.09732495,0.00440018,22.6818,25.7081,3.5408,30.0972,18.5213,273.5994,8.5000,,22.6818,5.1891,12.9729,25.7155,51.5231,102.8621,170.4636,12.8578,-5.1891,7.929025,13.140016,1.748405,10,23,18,3,0E-8,0.11000451,,0E-8,0.000000,0.798683,0.000000,,2026-03-24,2026-06-14,16,26,24,83,0.192771,,,0.000000,,,,,,,,GLOBAL_BASELINE_NO_ENTITY_RANKING,,,NOT_APPLICABLE_GLOBAL_BASELINE,HF9g-P5,,,,X 全窗基线 · 不参与实体赏罚,8392309,840,A168_HF9F_20260827_0900,2026-08-27 09:00:00
2026-05-19,136636892,2235,0,12.9728607753,2.5945721551,2.5945721551,1.0000000,2,1,0.33378842000061458,0.293924150000,1.4127667196587084,1.549915577879723,1.4127667196587084,0.03986427000061458,ELIGIBLE,R03b_20260811_FULL_v1,L1_ELIGIBILITY,v2026-08-11,2026-03-21..2026-08-06,baccarat_bet02_101_all_pairs_incl_sentinel,round_win = game_pnl > 0 (decisive only),COMPATIBILITY_ONLY_NOT_PRODUCTION,4377.5910,3496.3071,481.5548,193,136,-0.11000451,,-0.11000451,-0.11000451,-481.5548,4377.5910,OK,0.0000,19.2622,4.0000,96.0000,AG03-UNRESOLVED,ALL5_LEVELS_bet23_to_bet27,19.2622,19.2622,19.2622,0.0000,0.0000,4.000000,4.000000,4.000000,0.000000,0.000000,96.000000,96.000000,96.000000,100.000000,100.000000,5.0,57.7866,55.5059,423.7682,426.0488,PENDING_AG03,FALSE,NOT_FOR_ENFORCEMENT,462.2926,3356.4548,481.5548,462.2926,19.2622,0.11000451,0.10560433,19.2622,462.2926,0.10560433,19.2622,19.2622,19.2622,0.0000,0.0000,462.2926,0.10560433,57.7866,55.5059,423.7682,426.0488,0.09680397,0.09732495,0.00440018,22.6818,25.7081,3.5408,30.0972,18.5213,273.5994,8.5000,,22.6818,5.1891,12.9729,25.7155,51.5231,102.8621,170.4636,12.8578,-5.1891,7.929025,13.140016,1.748405,10,23,18,3,0E-8,0.11000451,,0E-8,0.000000,0.798683,0.000000,,2026-03-24,2026-06-14,16,26,24,83,0.192771,,,0.000000,,,,,,,,GLOBAL_BASELINE_NO_ENTITY_RANKING,,,NOT_APPLICABLE_GLOBAL_BASELINE,HF9g-P5,,,,X 全窗基线 · 不参与实体赏罚,8392310,840,A168_HF9F_20260827_0900,2026-08-27 09:00:00
2026-05-20,136636892,1396,0,103.7828862021,-51.8914431009,-51.8914431009,0.3333333,4,3,0.40465823333344714,0.426805050000,-0.25169490961356983,-0.3273217721103076,-0.25169490961356983,-0.02214681666655286,ELIGIBLE,R03b_20260811_FULL_v1,L1_ELIGIBILITY,v2026-08-11,2026-03-21..2026-08-06,baccarat_bet02_101_all_pairs_incl_sentinel,round_win = game_pnl > 0 (decisive only),COMPATIBILITY_ONLY_NOT_PRODUCTION,4377.5910,3496.3071,481.5548,193,136,-0.11000451,,-0.11000451,-0.11000451,-481.5548,4377.5910,OK,0.0000,19.2622,4.0000,96.0000,AG03-UNRESOLVED,ALL5_LEVELS_bet23_to_bet27,19.2622,19.2622,19.2622,0.0000,0.0000,4.000000,4.000000,4.000000,0.000000,0.000000,96.000000,96.000000,96.000000,100.000000,100.000000,5.0,57.7866,55.5059,423.7682,426.0488,PENDING_AG03,FALSE,NOT_FOR_ENFORCEMENT,462.2926,3356.4548,481.5548,462.2926,19.2622,0.11000451,0.10560433,19.2622,462.2926,0.10560433,19.2622,19.2622,19.2622,0.0000,0.0000,462.2926,0.10560433,57.7866,55.5059,423.7682,426.0488,0.09680397,0.09732495,0.00440018,22.6818,25.7081,3.5408,30.0972,18.5213,273.5994,8.5000,,22.6818,5.1891,12.9729,25.7155,51.5231,102.8621,170.4636,12.8578,-5.1891,7.929025,13.140016,1.748405,10,23,18,3,0E-8,0.11000451,,0E-8,0.000000,0.798683,0.000000,,2026-03-24,2026-06-14,16,26,24,83,0.192771,,,0.000000,,,,,,,,GLOBAL_BASELINE_NO_ENTITY_RANKING,,,NOT_APPLICABLE_GLOBAL_BASELINE,HF9g-P5,,,,X 全窗基线 · 不参与实体赏罚,8392311,840,A168_HF9F_20260827_0900,2026-08-27 09:00:00
2026-05-22,136636892,2169,0,647.0862954701,12.9728607751,12.9728607751,0.2857143,12,7,0.43435702914933965,0.359490735714,-0.7934108002821945,-0.406780583158011,-0.7934108002821945,0.07486629343533965,ELIGIBLE,R03b_20260811_FULL_v1,L1_ELIGIBILITY,v2026-08-11,2026-03-21..2026-08-06,baccarat_bet02_101_all_pairs_incl_sentinel,round_win = game_pnl > 0 (decisive only),COMPATIBILITY_ONLY_NOT_PRODUCTION,4377.5910,3496.3071,481.5548,193,136,-0.11000451,,-0.11000451,-0.11000451,-481.5548,4377.5910,OK,0.0000,19.2622,4.0000,96.0000,AG03-UNRESOLVED,ALL5_LEVELS_bet23_to_bet27,19.2622,19.2622,19.2622,0.0000,0.0000,4.000000,4.000000,4.000000,0.000000,0.000000,96.000000,96.000000,96.000000,100.000000,100.000000,5.0,57.7866,55.5059,423.7682,426.0488,PENDING_AG03,FALSE,NOT_FOR_ENFORCEMENT,462.2926,3356.4548,481.5548,462.2926,19.2622,0.11000451,0.10560433,19.2622,462.2926,0.10560433,19.2622,19.2622,19.2622,0.0000,0.0000,462.2926,0.10560433,57.7866,55.5059,423.7682,426.0488,0.09680397,0.09732495,0.00440018,22.6818,25.7081,3.5408,30.0972,18.5213,273.5994,8.5000,,22.6818,5.1891,12.9729,25.7155,51.5231,102.8621,170.4636,12.8578,-5.1891,7.929025,13.140016,1.748405,10,23,18,3,0E-8,0.11000451,,0E-8,0.000000,0.798683,0.000000,,2026-03-24,2026-06-14,16,26,24,83,0.192771,,,0.000000,,,,,,,,GLOBAL_BASELINE_NO_ENTITY_RANKING,,,NOT_APPLICABLE_GLOBAL_BASELINE,HF9g-P5,,,,X 全窗基线 · 不参与实体赏罚,8392312,840,A168_HF9F_20260827_0900,2026-08-27 09:00:00
2026-05-26,136636892,2170,0,155.6743293033,-77.8371646515,-77.8371646515,0.4000000,8,6,0.43015635000000000,0.430156350000,-0.13619863391761405,-0.13619863391761405,-0.13619863391761405,0E-17,ELIGIBLE,R03b_20260811_FULL_v1,L1_ELIGIBILITY,v2026-08-11,2026-03-21..2026-08-06,baccarat_bet02_101_all_pairs_incl_sentinel,round_win = game_pnl > 0 (decisive only),COMPATIBILITY_ONLY_NOT_PRODUCTION,4377.5910,3496.3071,481.5548,193,136,-0.11000451,,-0.11000451,-0.11000451,-481.5548,4377.5910,OK,0.0000,19.2622,4.0000,96.0000,AG03-UNRESOLVED,ALL5_LEVELS_bet23_to_bet27,19.2622,19.2622,19.2622,0.0000,0.0000,4.000000,4.000000,4.000000,0.000000,0.000000,96.000000,96.000000,96.000000,100.000000,100.000000,5.0,57.7866,55.5059,423.7682,426.0488,PENDING_AG03,FALSE,NOT_FOR_ENFORCEMENT,462.2926,3356.4548,481.5548,462.2926,19.2622,0.11000451,0.10560433,19.2622,462.2926,0.10560433,19.2622,19.2622,19.2622,0.0000,0.0000,462.2926,0.10560433,57.7866,55.5059,423.7682,426.0488,0.09680397,0.09732495,0.00440018,22.6818,25.7081,3.5408,30.0972,18.5213,273.5994,8.5000,,22.6818,5.1891,12.9729,25.7155,51.5231,102.8621,170.4636,12.8578,-5.1891,7.929025,13.140016,1.748405,10,23,18,3,0E-8,0.11000451,,0E-8,0.000000,0.798683,0.000000,,2026-03-24,2026-06-14,16,26,24,83,0.192771,,,0.000000,,,,,,,,GLOBAL_BASELINE_NO_ENTITY_RANKING,,,NOT_APPLICABLE_GLOBAL_BASELINE,HF9g-P5,,,,X 全窗基线 · 不参与实体赏罚,8392313,840,A168_HF9F_20260827_0900,2026-08-27 09:00:00
2026-05-27,136636892,2141,0,83.0263089617,64.8643038763,64.8643038763,1.0000000,3,3,0.49771390000000000,0.497713900000,1.4206944795187548,1.420694479518755,1.4206944795187548,0E-17,ELIGIBLE,R03b_20260811_FULL_v1,L1_ELIGIBILITY,v2026-08-11,2026-03-21..2026-08-06,baccarat_bet02_101_all_pairs_incl_sentinel,round_win = game_pnl > 0 (decisive only),COMPATIBILITY_ONLY_NOT_PRODUCTION,4377.5910,3496.3071,481.5548,193,136,-0.11000451,,-0.11000451,-0.11000451,-481.5548,4377.5910,OK,0.0000,19.2622,4.0000,96.0000,AG03-UNRESOLVED,ALL5_LEVELS_bet23_to_bet27,19.2622,19.2622,19.2622,0.0000,0.0000,4.000000,4.000000,4.000000,0.000000,0.000000,96.000000,96.000000,96.000000,100.000000,100.000000,5.0,57.7866,55.5059,423.7682,426.0488,PENDING_AG03,FALSE,NOT_FOR_ENFORCEMENT,462.2926,3356.4548,481.5548,462.2926,19.2622,0.11000451,0.10560433,19.2622,462.2926,0.10560433,19.2622,19.2622,19.2622,0.0000,0.0000,462.2926,0.10560433,57.7866,55.5059,423.7682,426.0488,0.09680397,0.09732495,0.00440018,22.6818,25.7081,3.5408,30.0972,18.5213,273.5994,8.5000,,22.6818,5.1891,12.9729,25.7155,51.5231,102.8621,170.4636,12.8578,-5.1891,7.929025,13.140016,1.748405,10,23,18,3,0E-8,0.11000451,,0E-8,0.000000,0.798683,0.000000,,2026-03-24,2026-06-14,16,26,24,83,0.192771,,,0.000000,,,,,,,,GLOBAL_BASELINE_NO_ENTITY_RANKING,,,NOT_APPLICABLE_GLOBAL_BASELINE,HF9g-P5,,,,X 全窗基线 · 不参与实体赏罚,8392314,840,A168_HF9F_20260827_0900,2026-08-27 09:00:00
2026-05-27,136636892,2170,0,29.8375797832,9.0810025428,9.0810025428,0.6000000,5,5,0.49324550000000000,0.493245500000,0.47746420675292983,0.47746420675292983,0.47746420675292983,0E-17,ELIGIBLE,R03b_20260811_FULL_v1,L1_ELIGIBILITY,v2026-08-11,2026-03-21..2026-08-06,baccarat_bet02_101_all_pairs_incl_sentinel,round_win = game_pnl > 0 (decisive only),COMPATIBILITY_ONLY_NOT_PRODUCTION,4377.5910,3496.3071,481.5548,193,136,-0.11000451,,-0.11000451,-0.11000451,-481.5548,4377.5910,OK,0.0000,19.2622,4.0000,96.0000,AG03-UNRESOLVED,ALL5_LEVELS_bet23_to_bet27,19.2622,19.2622,19.2622,0.0000,0.0000,4.000000,4.000000,4.000000,0.000000,0.000000,96.000000,96.000000,96.000000,100.000000,100.000000,5.0,57.7866,55.5059,423.7682,426.0488,PENDING_AG03,FALSE,NOT_FOR_ENFORCEMENT,462.2926,3356.4548,481.5548,462.2926,19.2622,0.11000451,0.10560433,19.2622,462.2926,0.10560433,19.2622,19.2622,19.2622,0.0000,0.0000,462.2926,0.10560433,57.7866,55.5059,423.7682,426.0488,0.09680397,0.09732495,0.00440018,22.6818,25.7081,3.5408,30.0972,18.5213,273.5994,8.5000,,22.6818,5.1891,12.9729,25.7155,51.5231,102.8621,170.4636,12.8578,-5.1891,7.929025,13.140016,1.748405,10,23,18,3,0E-8,0.11000451,,0E-8,0.000000,0.798683,0.000000,,2026-03-24,2026-06-14,16,26,24,83,0.192771,,,0.000000,,,,,,,,GLOBAL_BASELINE_NO_ENTITY_RANKING,,,NOT_APPLICABLE_GLOBAL_BASELINE,HF9g-P5,,,,X 全窗基线 · 不参与实体赏罚,8392315,840,A168_HF9F_20260827_0900,2026-08-27 09:00:00
2026-05-27,136636892,2252,0,7.7837164652,-7.7837164652,-7.7837164652,0E-7,2,2,0.49324550000000000,0.493245500000,-1.3952362676504506,-1.3952362676504506,-1.3952362676504506,0E-17,ELIGIBLE,R03b_20260811_FULL_v1,L1_ELIGIBILITY,v2026-08-11,2026-03-21..2026-08-06,baccarat_bet02_101_all_pairs_incl_sentinel,round_win = game_pnl > 0 (decisive only),COMPATIBILITY_ONLY_NOT_PRODUCTION,4377.5910,3496.3071,481.5548,193,136,-0.11000451,,-0.11000451,-0.11000451,-481.5548,4377.5910,OK,0.0000,19.2622,4.0000,96.0000,AG03-UNRESOLVED,ALL5_LEVELS_bet23_to_bet27,19.2622,19.2622,19.2622,0.0000,0.0000,4.000000,4.000000,4.000000,0.000000,0.000000,96.000000,96.000000,96.000000,100.000000,100.000000,5.0,57.7866,55.5059,423.7682,426.0488,PENDING_AG03,FALSE,NOT_FOR_ENFORCEMENT,462.2926,3356.4548,481.5548,462.2926,19.2622,0.11000451,0.10560433,19.2622,462.2926,0.10560433,19.2622,19.2622,19.2622,0.0000,0.0000,462.2926,0.10560433,57.7866,55.5059,423.7682,426.0488,0.09680397,0.09732495,0.00440018,22.6818,25.7081,3.5408,30.0972,18.5213,273.5994,8.5000,,22.6818,5.1891,12.9729,25.7155,51.5231,102.8621,170.4636,12.8578,-5.1891,7.929025,13.140016,1.748405,10,23,18,3,0E-8,0.11000451,,0E-8,0.000000,0.798683,0.000000,,2026-03-24,2026-06-14,16,26,24,83,0.192771,,,0.000000,,,,,,,,GLOBAL_BASELINE_NO_ENTITY_RANKING,,,NOT_APPLICABLE_GLOBAL_BASELINE,HF9g-P5,,,,X 全窗基线 · 不参与实体赏罚,8392316,840,A168_HF9F_20260827_0900,2026-08-27 09:00:00
2026-05-29,136636892,1951,0,90.8100254269,-23.9997924342,-23.9997924342,0.4000000,7,6,0.42743679374987997,0.402521625000,-0.12401399293191628,-0.01149766893788155,-0.12401399293191628,0.02491516874987997,ELIGIBLE,R03b_20260811_FULL_v1,L1_ELIGIBILITY,v2026-08-11,2026-03-21..2026-08-06,baccarat_bet02_101_all_pairs_incl_sentinel,round_win = game_pnl > 0 (decisive only),COMPATIBILITY_ONLY_NOT_PRODUCTION,4377.5910,3496.3071,481.5548,193,136,-0.11000451,,-0.11000451,-0.11000451,-481.5548,4377.5910,OK,0.0000,19.2622,4.0000,96.0000,AG03-UNRESOLVED,ALL5_LEVELS_bet23_to_bet27,19.2622,19.2622,19.2622,0.0000,0.0000,4.000000,4.000000,4.000000,0.000000,0.000000,96.000000,96.000000,96.000000,100.000000,100.000000,5.0,57.7866,55.5059,423.7682,426.0488,PENDING_AG03,FALSE,NOT_FOR_ENFORCEMENT,462.2926,3356.4548,481.5548,462.2926,19.2622,0.11000451,0.10560433,19.2622,462.2926,0.10560433,19.2622,19.2622,19.2622,0.0000,0.0000,462.2926,0.10560433,57.7866,55.5059,423.7682,426.0488,0.09680397,0.09732495,0.00440018,22.6818,25.7081,3.5408,30.0972,18.5213,273.5994,8.5000,,22.6818,5.1891,12.9729,25.7155,51.5231,102.8621,170.4636,12.8578,-5.1891,7.929025,13.140016,1.748405,10,23,18,3,0E-8,0.11000451,,0E-8,0.000000,0.798683,0.000000,,2026-03-24,2026-06-14,16,26,24,83,0.192771,,,0.000000,,,,,,,,GLOBAL_BASELINE_NO_ENTITY_RANKING,,,NOT_APPLICABLE_GLOBAL_BASELINE,HF9g-P5,,,,X 全窗基线 · 不参与实体赏罚,8392317,840,A168_HF9F_20260827_0900,2026-08-27 09:00:00
2026-05-29,136636892,2101,0,145.2960406831,17.9025478697,17.9025478697,0.6000000,10,5,0.35362949269223203,0.300626750000,1.1522818331532056,1.459922072673732,1.1522818331532056,0.05300274269223203,ELIGIBLE,R03b_20260811_FULL_v1,L1_ELIGIBILITY,v2026-08-11,2026-03-21..2026-08-06,baccarat_bet02_101_all_pairs_incl_sentinel,round_win = game_pnl > 0 (decisive only),COMPATIBILITY_ONLY_NOT_PRODUCTION,4377.5910,3496.3071,481.5548,193,136,-0.11000451,,-0.11000451,-0.11000451,-481.5548,4377.5910,OK,0.0000,19.2622,4.0000,96.0000,AG03-UNRESOLVED,ALL5_LEVELS_bet23_to_bet27,19.2622,19.2622,19.2622,0.0000,0.0000,4.000000,4.000000,4.000000,0.000000,0.000000,96.000000,96.000000,96.000000,100.000000,100.000000,5.0,57.7866,55.5059,423.7682,426.0488,PENDING_AG03,FALSE,NOT_FOR_ENFORCEMENT,462.2926,3356.4548,481.5548,462.2926,19.2622,0.11000451,0.10560433,19.2622,462.2926,0.10560433,19.2622,19.2622,19.2622,0.0000,0.0000,462.2926,0.10560433,57.7866,55.5059,423.7682,426.0488,0.09680397,0.09732495,0.00440018,22.6818,25.7081,3.5408,30.0972,18.5213,273.5994,8.5000,,22.6818,5.1891,12.9729,25.7155,51.5231,102.8621,170.4636,12.8578,-5.1891,7.929025,13.140016,1.748405,10,23,18,3,0E-8,0.11000451,,0E-8,0.000000,0.798683,0.000000,,2026-03-24,2026-06-14,16,26,24,83,0.192771,,,0.000000,,,,,,,,GLOBAL_BASELINE_NO_ENTITY_RANKING,,,NOT_APPLICABLE_GLOBAL_BASELINE,HF9g-P5,,,,X 全窗基线 · 不参与实体赏罚,8392318,840,A168_HF9F_20260827_0900,2026-08-27 09:00:00
2026-05-29,136636892,2160,0,511.1307145453,94.9613408748,94.9613408748,0.7500000,12,10,0.46929643357142857,0.460754090000,1.5909015099279715,1.6412857191989254,1.5909015099279715,0.00854234357142857,ELIGIBLE,R03b_20260811_FULL_v1,L1_ELIGIBILITY,v2026-08-11,2026-03-21..2026-08-06,baccarat_bet02_101_all_pairs_incl_sentinel,round_win = game_pnl > 0 (decisive only),COMPATIBILITY_ONLY_NOT_PRODUCTION,4377.5910,3496.3071,481.5548,193,136,-0.11000451,,-0.11000451,-0.11000451,-481.5548,4377.5910,OK,0.0000,19.2622,4.0000,96.0000,AG03-UNRESOLVED,ALL5_LEVELS_bet23_to_bet27,19.2622,19.2622,19.2622,0.0000,0.0000,4.000000,4.000000,4.000000,0.000000,0.000000,96.000000,96.000000,96.000000,100.000000,100.000000,5.0,57.7866,55.5059,423.7682,426.0488,PENDING_AG03,FALSE,NOT_FOR_ENFORCEMENT,462.2926,3356.4548,481.5548,462.2926,19.2622,0.11000451,0.10560433,19.2622,462.2926,0.10560433,19.2622,19.2622,19.2622,0.0000,0.0000,462.2926,0.10560433,57.7866,55.5059,423.7682,426.0488,0.09680397,0.09732495,0.00440018,22.6818,25.7081,3.5408,30.0972,18.5213,273.5994,8.5000,,22.6818,5.1891,12.9729,25.7155,51.5231,102.8621,170.4636,12.8578,-5.1891,7.929025,13.140016,1.748405,10,23,18,3,0E-8,0.11000451,,0E-8,0.000000,0.798683,0.000000,,2026-03-24,2026-06-14,16,26,24,83,0.192771,,,0.000000,,,,,,,,GLOBAL_BASELINE_NO_ENTITY_RANKING,,,NOT_APPLICABLE_GLOBAL_BASELINE,HF9g-P5,,,,X 全窗基线 · 不参与实体赏罚,8392319,840,A168_HF9F_20260827_0900,2026-08-27 09:00:00
2026-05-31,136636892,2151,0,37.3618390327,-29.7727154792,-29.7727154792,0.3333333,3,3,0.36930140000000000,0.369301400000,-0.12908515820983488,-0.12908515820983488,-0.12908515820983488,0E-17,ELIGIBLE,R03b_20260811_FULL_v1,L1_ELIGIBILITY,v2026-08-11,2026-03-21..2026-08-06,baccarat_bet02_101_all_pairs_incl_sentinel,round_win = game_pnl > 0 (decisive only),COMPATIBILITY_ONLY_NOT_PRODUCTION,4377.5910,3496.3071,481.5548,193,136,-0.11000451,,-0.11000451,-0.11000451,-481.5548,4377.5910,OK,0.0000,19.2622,4.0000,96.0000,AG03-UNRESOLVED,ALL5_LEVELS_bet23_to_bet27,19.2622,19.2622,19.2622,0.0000,0.0000,4.000000,4.000000,4.000000,0.000000,0.000000,96.000000,96.000000,96.000000,100.000000,100.000000,5.0,57.7866,55.5059,423.7682,426.0488,PENDING_AG03,FALSE,NOT_FOR_ENFORCEMENT,462.2926,3356.4548,481.5548,462.2926,19.2622,0.11000451,0.10560433,19.2622,462.2926,0.10560433,19.2622,19.2622,19.2622,0.0000,0.0000,462.2926,0.10560433,57.7866,55.5059,423.7682,426.0488,0.09680397,0.09732495,0.00440018,22.6818,25.7081,3.5408,30.0972,18.5213,273.5994,8.5000,,22.6818,5.1891,12.9729,25.7155,51.5231,102.8621,170.4636,12.8578,-5.1891,7.929025,13.140016,1.748405,10,23,18,3,0E-8,0.11000451,,0E-8,0.000000,0.798683,0.000000,,2026-03-24,2026-06-14,16,26,24,83,0.192771,,,0.000000,,,,,,,,GLOBAL_BASELINE_NO_ENTITY_RANKING,,,NOT_APPLICABLE_GLOBAL_BASELINE,HF9g-P5,,,,X 全窗基线 · 不参与实体赏罚,8392320,840,A168_HF9F_20260827_0900,2026-08-27 09:00:00
2026-06-03,136636892,1307,0,411.1914007251,-258.2482577724,-258.2482577724,0.1666667,11,6,0.38341197867050312,0.334964075000,-1.0919304017280578,-0.8734365962468852,-1.0919304017280578,0.04844790367050312,ELIGIBLE,R03b_20260811_FULL_v1,L1_ELIGIBILITY,v2026-08-11,2026-03-21..2026-08-06,baccarat_bet02_101_all_pairs_incl_sentinel,round_win = game_pnl > 0 (decisive only),COMPATIBILITY_ONLY_NOT_PRODUCTION,4377.5910,3496.3071,481.5548,193,136,-0.11000451,,-0.11000451,-0.11000451,-481.5548,4377.5910,OK,0.0000,19.2622,4.0000,96.0000,AG03-UNRESOLVED,ALL5_LEVELS_bet23_to_bet27,19.2622,19.2622,19.2622,0.0000,0.0000,4.000000,4.000000,4.000000,0.000000,0.000000,96.000000,96.000000,96.000000,100.000000,100.000000,5.0,57.7866,55.5059,423.7682,426.0488,PENDING_AG03,FALSE,NOT_FOR_ENFORCEMENT,462.2926,3356.4548,481.5548,462.2926,19.2622,0.11000451,0.10560433,19.2622,462.2926,0.10560433,19.2622,19.2622,19.2622,0.0000,0.0000,462.2926,0.10560433,57.7866,55.5059,423.7682,426.0488,0.09680397,0.09732495,0.00440018,22.6818,25.7081,3.5408,30.0972,18.5213,273.5994,8.5000,,22.6818,5.1891,12.9729,25.7155,51.5231,102.8621,170.4636,12.8578,-5.1891,7.929025,13.140016,1.748405,10,23,18,3,0E-8,0.11000451,,0E-8,0.000000,0.798683,0.000000,,2026-03-24,2026-06-14,16,26,24,83,0.192771,,,0.000000,,,,,,,,GLOBAL_BASELINE_NO_ENTITY_RANKING,,,NOT_APPLICABLE_GLOBAL_BASELINE,HF9g-P5,,,,X 全窗基线 · 不参与实体赏罚,8392321,840,A168_HF9F_20260827_0900,2026-08-27 09:00:00
2026-06-03,136636892,1325,0,1283.2051842514,-231.4398127905,-231.4398127905,0.2500000,26,16,0.44140978250009258,0.377885731250,-1.5419009690192478,-1.0550347260292068,-1.5419009690192478,0.06352405125009258,ELIGIBLE,R03b_20260811_FULL_v1,L1_ELIGIBILITY,v2026-08-11,2026-03-21..2026-08-06,baccarat_bet02_101_all_pairs_incl_sentinel,round_win = game_pnl > 0 (decisive only),COMPATIBILITY_ONLY_NOT_PRODUCTION,4377.5910,3496.3071,481.5548,193,136,-0.11000451,,-0.11000451,-0.11000451,-481.5548,4377.5910,OK,0.0000,19.2622,4.0000,96.0000,AG03-UNRESOLVED,ALL5_LEVELS_bet23_to_bet27,19.2622,19.2622,19.2622,0.0000,0.0000,4.000000,4.000000,4.000000,0.000000,0.000000,96.000000,96.000000,96.000000,100.000000,100.000000,5.0,57.7866,55.5059,423.7682,426.0488,PENDING_AG03,FALSE,NOT_FOR_ENFORCEMENT,462.2926,3356.4548,481.5548,462.2926,19.2622,0.11000451,0.10560433,19.2622,462.2926,0.10560433,19.2622,19.2622,19.2622,0.0000,0.0000,462.2926,0.10560433,57.7866,55.5059,423.7682,426.0488,0.09680397,0.09732495,0.00440018,22.6818,25.7081,3.5408,30.0972,18.5213,273.5994,8.5000,,22.6818,5.1891,12.9729,25.7155,51.5231,102.8621,170.4636,12.8578,-5.1891,7.929025,13.140016,1.748405,10,23,18,3,0E-8,0.11000451,,0E-8,0.000000,0.798683,0.000000,,2026-03-24,2026-06-14,16,26,24,83,0.192771,,,0.000000,,,,,,,,GLOBAL_BASELINE_NO_ENTITY_RANKING,,,NOT_APPLICABLE_GLOBAL_BASELINE,HF9g-P5,,,,X 全窗基线 · 不参与实体赏罚,8392322,840,A168_HF9F_20260827_0900,2026-08-27 09:00:00
2026-06-03,136636892,2147,0,18.0008743282,-18.0008743282,-18.0008743282,0E-7,2,1,0.38892272857175558,0.300626750000,-0.7977808304445817,-0.655630731788307,-0.7977808304445817,0.08829597857175558,ELIGIBLE,R03b_20260811_FULL_v1,L1_ELIGIBILITY,v2026-08-11,2026-03-21..2026-08-06,baccarat_bet02_101_all_pairs_incl_sentinel,round_win = game_pnl > 0 (decisive only),COMPATIBILITY_ONLY_NOT_PRODUCTION,4377.5910,3496.3071,481.5548,193,136,-0.11000451,,-0.11000451,-0.11000451,-481.5548,4377.5910,OK,0.0000,19.2622,4.0000,96.0000,AG03-UNRESOLVED,ALL5_LEVELS_bet23_to_bet27,19.2622,19.2622,19.2622,0.0000,0.0000,4.000000,4.000000,4.000000,0.000000,0.000000,96.000000,96.000000,96.000000,100.000000,100.000000,5.0,57.7866,55.5059,423.7682,426.0488,PENDING_AG03,FALSE,NOT_FOR_ENFORCEMENT,462.2926,3356.4548,481.5548,462.2926,19.2622,0.11000451,0.10560433,19.2622,462.2926,0.10560433,19.2622,19.2622,19.2622,0.0000,0.0000,462.2926,0.10560433,57.7866,55.5059,423.7682,426.0488,0.09680397,0.09732495,0.00440018,22.6818,25.7081,3.5408,30.0972,18.5213,273.5994,8.5000,,22.6818,5.1891,12.9729,25.7155,51.5231,102.8621,170.4636,12.8578,-5.1891,7.929025,13.140016,1.748405,10,23,18,3,0E-8,0.11000451,,0E-8,0.000000,0.798683,0.000000,,2026-03-24,2026-06-14,16,26,24,83,0.192771,,,0.000000,,,,,,,,GLOBAL_BASELINE_NO_ENTITY_RANKING,,,NOT_APPLICABLE_GLOBAL_BASELINE,HF9g-P5,,,,X 全窗基线 · 不参与实体赏罚,8392323,840,A168_HF9F_20260827_0900,2026-08-27 09:00:00
2026-06-06,136636892,1940,0,87.4328181654,-1.9286651066,-1.9286651066,0.5000000,7,6,0.47873091428576701,0.464493675000,0.10429121458351556,0.17438500755623051,0.10429121458351556,0.01423723928576701,ELIGIBLE,R03b_20260811_FULL_v1,L1_ELIGIBILITY,v2026-08-11,2026-03-21..2026-08-06,baccarat_bet02_101_all_pairs_incl_sentinel,round_win = game_pnl > 0 (decisive only),COMPATIBILITY_ONLY_NOT_PRODUCTION,4377.5910,3496.3071,481.5548,193,136,-0.11000451,,-0.11000451,-0.11000451,-481.5548,4377.5910,OK,0.0000,19.2622,4.0000,96.0000,AG03-UNRESOLVED,ALL5_LEVELS_bet23_to_bet27,19.2622,19.2622,19.2622,0.0000,0.0000,4.000000,4.000000,4.000000,0.000000,0.000000,96.000000,96.000000,96.000000,100.000000,100.000000,5.0,57.7866,55.5059,423.7682,426.0488,PENDING_AG03,FALSE,NOT_FOR_ENFORCEMENT,462.2926,3356.4548,481.5548,462.2926,19.2622,0.11000451,0.10560433,19.2622,462.2926,0.10560433,19.2622,19.2622,19.2622,0.0000,0.0000,462.2926,0.10560433,57.7866,55.5059,423.7682,426.0488,0.09680397,0.09732495,0.00440018,22.6818,25.7081,3.5408,30.0972,18.5213,273.5994,8.5000,,22.6818,5.1891,12.9729,25.7155,51.5231,102.8621,170.4636,12.8578,-5.1891,7.929025,13.140016,1.748405,10,23,18,3,0E-8,0.11000451,,0E-8,0.000000,0.798683,0.000000,,2026-03-24,2026-06-14,16,26,24,83,0.192771,,,0.000000,,,,,,,,GLOBAL_BASELINE_NO_ENTITY_RANKING,,,NOT_APPLICABLE_GLOBAL_BASELINE,HF9g-P5,,,,X 全窗基线 · 不参与实体赏罚,8392324,840,A168_HF9F_20260827_0900,2026-08-27 09:00:00
2026-06-06,136636892,2261,0,12.8577673773,15.4293208527,15.4293208527,0.5000000,3,2,0.43127344999910982,0.396936125000,0.19625079656138725,0.29790616794075786,0.19625079656138725,0.03433732499910982,ELIGIBLE,R03b_20260811_FULL_v1,L1_ELIGIBILITY,v2026-08-11,2026-03-21..2026-08-06,baccarat_bet02_101_all_pairs_incl_sentinel,round_win = game_pnl > 0 (decisive only),COMPATIBILITY_ONLY_NOT_PRODUCTION,4377.5910,3496.3071,481.5548,193,136,-0.11000451,,-0.11000451,-0.11000451,-481.5548,4377.5910,OK,0.0000,19.2622,4.0000,96.0000,AG03-UNRESOLVED,ALL5_LEVELS_bet23_to_bet27,19.2622,19.2622,19.2622,0.0000,0.0000,4.000000,4.000000,4.000000,0.000000,0.000000,96.000000,96.000000,96.000000,100.000000,100.000000,5.0,57.7866,55.5059,423.7682,426.0488,PENDING_AG03,FALSE,NOT_FOR_ENFORCEMENT,462.2926,3356.4548,481.5548,462.2926,19.2622,0.11000451,0.10560433,19.2622,462.2926,0.10560433,19.2622,19.2622,19.2622,0.0000,0.0000,462.2926,0.10560433,57.7866,55.5059,423.7682,426.0488,0.09680397,0.09732495,0.00440018,22.6818,25.7081,3.5408,30.0972,18.5213,273.5994,8.5000,,22.6818,5.1891,12.9729,25.7155,51.5231,102.8621,170.4636,12.8578,-5.1891,7.929025,13.140016,1.748405,10,23,18,3,0E-8,0.11000451,,0E-8,0.000000,0.798683,0.000000,,2026-03-24,2026-06-14,16,26,24,83,0.192771,,,0.000000,,,,,,,,GLOBAL_BASELINE_NO_ENTITY_RANKING,,,NOT_APPLICABLE_GLOBAL_BASELINE,HF9g-P5,,,,X 全窗基线 · 不参与实体赏罚,8392325,840,A168_HF9F_20260827_0900,2026-08-27 09:00:00
2026-06-11,136636892,1704,0,36.0017486563,-25.7155347545,-25.7155347545,0E-7,5,4,0.34375448750000000,0.343754487500,-1.253578809451674,-1.253578809451674,-1.253578809451674,0E-17,ELIGIBLE,R03b_20260811_FULL_v1,L1_ELIGIBILITY,v2026-08-11,2026-03-21..2026-08-06,baccarat_bet02_101_all_pairs_incl_sentinel,round_win = game_pnl > 0 (decisive only),COMPATIBILITY_ONLY_NOT_PRODUCTION,4377.5910,3496.3071,481.5548,193,136,-0.11000451,,-0.11000451,-0.11000451,-481.5548,4377.5910,OK,0.0000,19.2622,4.0000,96.0000,AG03-UNRESOLVED,ALL5_LEVELS_bet23_to_bet27,19.2622,19.2622,19.2622,0.0000,0.0000,4.000000,4.000000,4.000000,0.000000,0.000000,96.000000,96.000000,96.000000,100.000000,100.000000,5.0,57.7866,55.5059,423.7682,426.0488,PENDING_AG03,FALSE,NOT_FOR_ENFORCEMENT,462.2926,3356.4548,481.5548,462.2926,19.2622,0.11000451,0.10560433,19.2622,462.2926,0.10560433,19.2622,19.2622,19.2622,0.0000,0.0000,462.2926,0.10560433,57.7866,55.5059,423.7682,426.0488,0.09680397,0.09732495,0.00440018,22.6818,25.7081,3.5408,30.0972,18.5213,273.5994,8.5000,,22.6818,5.1891,12.9729,25.7155,51.5231,102.8621,170.4636,12.8578,-5.1891,7.929025,13.140016,1.748405,10,23,18,3,0E-8,0.11000451,,0E-8,0.000000,0.798683,0.000000,,2026-03-24,2026-06-14,16,26,24,83,0.192771,,,0.000000,,,,,,,,GLOBAL_BASELINE_NO_ENTITY_RANKING,,,NOT_APPLICABLE_GLOBAL_BASELINE,HF9g-P5,,,,X 全窗基线 · 不参与实体赏罚,8392326,840,A168_HF9F_20260827_0900,2026-08-27 09:00:00
2026-06-12,136636892,2142,0,25.7155347546,0E-10,0E-10,,2,1,0.29392415000000000,0.293924150000,,,,0E-17,NO_DECISIVE_ROUND,R03b_20260811_FULL_v1,L1_ELIGIBILITY,v2026-08-11,2026-03-21..2026-08-06,baccarat_bet02_101_all_pairs_incl_sentinel,round_win = game_pnl > 0 (decisive only),COMPATIBILITY_ONLY_NOT_PRODUCTION,4377.5910,3496.3071,481.5548,193,136,-0.11000451,,-0.11000451,-0.11000451,-481.5548,4377.5910,OK,0.0000,19.2622,4.0000,96.0000,AG03-UNRESOLVED,ALL5_LEVELS_bet23_to_bet27,19.2622,19.2622,19.2622,0.0000,0.0000,4.000000,4.000000,4.000000,0.000000,0.000000,96.000000,96.000000,96.000000,100.000000,100.000000,5.0,57.7866,55.5059,423.7682,426.0488,PENDING_AG03,FALSE,NOT_FOR_ENFORCEMENT,462.2926,3356.4548,481.5548,462.2926,19.2622,0.11000451,0.10560433,19.2622,462.2926,0.10560433,19.2622,19.2622,19.2622,0.0000,0.0000,462.2926,0.10560433,57.7866,55.5059,423.7682,426.0488,0.09680397,0.09732495,0.00440018,22.6818,25.7081,3.5408,30.0972,18.5213,273.5994,8.5000,,22.6818,5.1891,12.9729,25.7155,51.5231,102.8621,170.4636,12.8578,-5.1891,7.929025,13.140016,1.748405,10,23,18,3,0E-8,0.11000451,,0E-8,0.000000,0.798683,0.000000,,2026-03-24,2026-06-14,16,26,24,83,0.192771,,,0.000000,,,,,,,,GLOBAL_BASELINE_NO_ENTITY_RANKING,,,NOT_APPLICABLE_GLOBAL_BASELINE,HF9g-P5,,,,X 全窗基线 · 不参与实体赏罚,8392327,840,A168_HF9F_20260827_0900,2026-08-27 09:00:00
2026-06-12,136636892,970,0,25.7155347546,-25.7155347546,-25.7155347546,0E-7,2,1,0.30062675000000000,0.300626750000,-0.6556307317883069,-0.655630731788307,-0.6556307317883069,0E-17,ELIGIBLE,R03b_20260811_FULL_v1,L1_ELIGIBILITY,v2026-08-11,2026-03-21..2026-08-06,baccarat_bet02_101_all_pairs_incl_sentinel,round_win = game_pnl > 0 (decisive only),COMPATIBILITY_ONLY_NOT_PRODUCTION,4377.5910,3496.3071,481.5548,193,136,-0.11000451,,-0.11000451,-0.11000451,-481.5548,4377.5910,OK,0.0000,19.2622,4.0000,96.0000,AG03-UNRESOLVED,ALL5_LEVELS_bet23_to_bet27,19.2622,19.2622,19.2622,0.0000,0.0000,4.000000,4.000000,4.000000,0.000000,0.000000,96.000000,96.000000,96.000000,100.000000,100.000000,5.0,57.7866,55.5059,423.7682,426.0488,PENDING_AG03,FALSE,NOT_FOR_ENFORCEMENT,462.2926,3356.4548,481.5548,462.2926,19.2622,0.11000451,0.10560433,19.2622,462.2926,0.10560433,19.2622,19.2622,19.2622,0.0000,0.0000,462.2926,0.10560433,57.7866,55.5059,423.7682,426.0488,0.09680397,0.09732495,0.00440018,22.6818,25.7081,3.5408,30.0972,18.5213,273.5994,8.5000,,22.6818,5.1891,12.9729,25.7155,51.5231,102.8621,170.4636,12.8578,-5.1891,7.929025,13.140016,1.748405,10,23,18,3,0E-8,0.11000451,,0E-8,0.000000,0.798683,0.000000,,2026-03-24,2026-06-14,16,26,24,83,0.192771,,,0.000000,,,,,,,,GLOBAL_BASELINE_NO_ENTITY_RANKING,,,NOT_APPLICABLE_GLOBAL_BASELINE,HF9g-P5,,,,X 全窗基线 · 不参与实体赏罚,8392328,840,A168_HF9F_20260827_0900,2026-08-27 09:00:00
2026-06-14,136636892,2106,0,12.8577673773,-12.8577673773,-12.8577673773,0E-7,1,1,0.49324550000000000,0.493245500000,-0.9865810262130424,-0.9865810262130424,-0.9865810262130424,0E-17,ELIGIBLE,R03b_20260811_FULL_v1,L1_ELIGIBILITY,v2026-08-11,2026-03-21..2026-08-06,baccarat_bet02_101_all_pairs_incl_sentinel,round_win = game_pnl > 0 (decisive only),COMPATIBILITY_ONLY_NOT_PRODUCTION,4377.5910,3496.3071,481.5548,193,136,-0.11000451,,-0.11000451,-0.11000451,-481.5548,4377.5910,OK,0.0000,19.2622,4.0000,96.0000,AG03-UNRESOLVED,ALL5_LEVELS_bet23_to_bet27,19.2622,19.2622,19.2622,0.0000,0.0000,4.000000,4.000000,4.000000,0.000000,0.000000,96.000000,96.000000,96.000000,100.000000,100.000000,5.0,57.7866,55.5059,423.7682,426.0488,PENDING_AG03,FALSE,NOT_FOR_ENFORCEMENT,462.2926,3356.4548,481.5548,462.2926,19.2622,0.11000451,0.10560433,19.2622,462.2926,0.10560433,19.2622,19.2622,19.2622,0.0000,0.0000,462.2926,0.10560433,57.7866,55.5059,423.7682,426.0488,0.09680397,0.09732495,0.00440018,22.6818,25.7081,3.5408,30.0972,18.5213,273.5994,8.5000,,22.6818,5.1891,12.9729,25.7155,51.5231,102.8621,170.4636,12.8578,-5.1891,7.929025,13.140016,1.748405,10,23,18,3,0E-8,0.11000451,,0E-8,0.000000,0.798683,0.000000,,2026-03-24,2026-06-14,16,26,24,83,0.192771,,,0.000000,,,,,,,,GLOBAL_BASELINE_NO_ENTITY_RANKING,,,NOT_APPLICABLE_GLOBAL_BASELINE,HF9g-P5,,,,X 全窗基线 · 不参与实体赏罚,8392329,840,A168_HF9F_20260827_0900,2026-08-27 09:00:00
2026-04-23,149070452,2115,0,5.2351909536,-5.2351909536,-5.2351909536,0E-7,1,1,0.49324550000000000,0.493245500000,-0.9865810262130424,-0.9865810262130424,-0.9865810262130424,0E-17,ELIGIBLE,R03b_20260811_FULL_v1,L1_ELIGIBILITY,v2026-08-11,2026-03-21..2026-08-06,baccarat_bet02_101_all_pairs_incl_sentinel,round_win = game_pnl > 0 (decisive only),COMPATIBILITY_ONLY_NOT_PRODUCTION,5268.8454,4997.1059,481.5860,132,90,-0.09140257,,-0.09140257,-0.09140257,-481.5860,5268.8454,OK,0.0000,19.2634,4.0000,96.0000,AG03-UNRESOLVED,ALL5_LEVELS_bet23_to_bet27,19.2634,24.0793,24.0793,24.0793,24.0793,4.000000,5.000000,5.000000,5.000000,5.000000,96.000000,95.000000,95.000000,95.000000,95.000000,5.0,115.5806,105.0214,366.0054,376.5646,PENDING_AG03,FALSE,NOT_FOR_ENFORCEMENT,462.3226,4797.2217,481.5860,462.3226,19.2634,0.09140257,0.08774646,19.2634,462.3226,0.08774646,19.2634,24.0793,24.0793,24.0793,24.0793,462.3226,0.08774646,115.5806,105.0214,366.0054,376.5646,0.06946595,0.07147004,0.00365610,39.9155,55.5234,5.3510,53.5096,26.7548,585.4273,10.0000,,39.9155,12.9729,25.9457,51.8914,103.7829,129.7286,153.0808,25.7155,-10.2862,5.0,5.90004,1.538423,11,20,11,7,0E-8,0.09140257,,0E-8,0.000000,0.948425,0.000000,,2026-04-23,2026-06-16,9,18,15,55,0.163636,,,0.000000,,,,,,,,GLOBAL_BASELINE_NO_ENTITY_RANKING,,,NOT_APPLICABLE_GLOBAL_BASELINE,HF9g-P5,,,,X 全窗基线 · 不参与实体赏罚,8392330,840,A168_HF9F_20260827_0900,2026-08-27 09:00:00
2026-05-01,149070452,550,0,26.4646359816,-26.4646359816,-26.4646359816,0E-7,3,3,0.34668413333333333,0.346684133333,-1.2617287740736478,-1.2617287740727192,-1.2617287740736478,3.3333E-13,ELIGIBLE,R03b_20260811_FULL_v1,L1_ELIGIBILITY,v2026-08-11,2026-03-21..2026-08-06,baccarat_bet02_101_all_pairs_incl_sentinel,round_win = game_pnl > 0 (decisive only),COMPATIBILITY_ONLY_NOT_PRODUCTION,5268.8454,4997.1059,481.5860,132,90,-0.09140257,,-0.09140257,-0.09140257,-481.5860,5268.8454,OK,0.0000,19.2634,4.0000,96.0000,AG03-UNRESOLVED,ALL5_LEVELS_bet23_to_bet27,19.2634,24.0793,24.0793,24.0793,24.0793,4.000000,5.000000,5.000000,5.000000,5.000000,96.000000,95.000000,95.000000,95.000000,95.000000,5.0,115.5806,105.0214,366.0054,376.5646,PENDING_AG03,FALSE,NOT_FOR_ENFORCEMENT,462.3226,4797.2217,481.5860,462.3226,19.2634,0.09140257,0.08774646,19.2634,462.3226,0.08774646,19.2634,24.0793,24.0793,24.0793,24.0793,462.3226,0.08774646,115.5806,105.0214,366.0054,376.5646,0.06946595,0.07147004,0.00365610,39.9155,55.5234,5.3510,53.5096,26.7548,585.4273,10.0000,,39.9155,12.9729,25.9457,51.8914,103.7829,129.7286,153.0808,25.7155,-10.2862,5.0,5.90004,1.538423,11,20,11,7,0E-8,0.09140257,,0E-8,0.000000,0.948425,0.000000,,2026-04-23,2026-06-16,9,18,15,55,0.163636,,,0.000000,,,,,,,,GLOBAL_BASELINE_NO_ENTITY_RANKING,,,NOT_APPLICABLE_GLOBAL_BASELINE,HF9g-P5,,,,X 全窗基线 · 不参与实体赏罚,8392331,840,A168_HF9F_20260827_0900,2026-08-27 09:00:00
2026-05-05,149070452,970,0,339.8889523117,181.6200508537,181.6200508537,0.6250000,11,8,0.47067374583333333,0.415476337500,0.8745066250161714,1.202552027296056,0.8745066250161714,0.05519740833333333,ELIGIBLE,R03b_20260811_FULL_v1,L1_ELIGIBILITY,v2026-08-11,2026-03-21..2026-08-06,baccarat_bet02_101_all_pairs_incl_sentinel,round_win = game_pnl > 0 (decisive only),COMPATIBILITY_ONLY_NOT_PRODUCTION,5268.8454,4997.1059,481.5860,132,90,-0.09140257,,-0.09140257,-0.09140257,-481.5860,5268.8454,OK,0.0000,19.2634,4.0000,96.0000,AG03-UNRESOLVED,ALL5_LEVELS_bet23_to_bet27,19.2634,24.0793,24.0793,24.0793,24.0793,4.000000,5.000000,5.000000,5.000000,5.000000,96.000000,95.000000,95.000000,95.000000,95.000000,5.0,115.5806,105.0214,366.0054,376.5646,PENDING_AG03,FALSE,NOT_FOR_ENFORCEMENT,462.3226,4797.2217,481.5860,462.3226,19.2634,0.09140257,0.08774646,19.2634,462.3226,0.08774646,19.2634,24.0793,24.0793,24.0793,24.0793,462.3226,0.08774646,115.5806,105.0214,366.0054,376.5646,0.06946595,0.07147004,0.00365610,39.9155,55.5234,5.3510,53.5096,26.7548,585.4273,10.0000,,39.9155,12.9729,25.9457,51.8914,103.7829,129.7286,153.0808,25.7155,-10.2862,5.0,5.90004,1.538423,11,20,11,7,0E-8,0.09140257,,0E-8,0.000000,0.948425,0.000000,,2026-04-23,2026-06-16,9,18,15,55,0.163636,,,0.000000,,,,,,,,GLOBAL_BASELINE_NO_ENTITY_RANKING,,,NOT_APPLICABLE_GLOBAL_BASELINE,HF9g-P5,,,,X 全窗基线 · 不参与实体赏罚,8392332,840,A168_HF9F_20260827_0900,2026-08-27 09:00:00
2026-05-06,149070452,1402,0,181.6200508535,129.7286077525,129.7286077525,1.0000000,3,3,0.49324550000000000,0.493245500000,1.4334489766152358,1.4334489766152358,1.4334489766152358,0E-17,ELIGIBLE,R03b_20260811_FULL_v1,L1_ELIGIBILITY,v2026-08-11,2026-03-21..2026-08-06,baccarat_bet02_101_all_pairs_incl_sentinel,round_win = game_pnl > 0 (decisive only),COMPATIBILITY_ONLY_NOT_PRODUCTION,5268.8454,4997.1059,481.5860,132,90,-0.09140257,,-0.09140257,-0.09140257,-481.5860,5268.8454,OK,0.0000,19.2634,4.0000,96.0000,AG03-UNRESOLVED,ALL5_LEVELS_bet23_to_bet27,19.2634,24.0793,24.0793,24.0793,24.0793,4.000000,5.000000,5.000000,5.000000,5.000000,96.000000,95.000000,95.000000,95.000000,95.000000,5.0,115.5806,105.0214,366.0054,376.5646,PENDING_AG03,FALSE,NOT_FOR_ENFORCEMENT,462.3226,4797.2217,481.5860,462.3226,19.2634,0.09140257,0.08774646,19.2634,462.3226,0.08774646,19.2634,24.0793,24.0793,24.0793,24.0793,462.3226,0.08774646,115.5806,105.0214,366.0054,376.5646,0.06946595,0.07147004,0.00365610,39.9155,55.5234,5.3510,53.5096,26.7548,585.4273,10.0000,,39.9155,12.9729,25.9457,51.8914,103.7829,129.7286,153.0808,25.7155,-10.2862,5.0,5.90004,1.538423,11,20,11,7,0E-8,0.09140257,,0E-8,0.000000,0.948425,0.000000,,2026-04-23,2026-06-16,9,18,15,55,0.163636,,,0.000000,,,,,,,,GLOBAL_BASELINE_NO_ENTITY_RANKING,,,NOT_APPLICABLE_GLOBAL_BASELINE,HF9g-P5,,,,X 全窗基线 · 不参与实体赏罚,8392333,840,A168_HF9F_20260827_0900,2026-08-27 09:00:00
2026-05-06,149070452,2129,0,207.5657724041,51.8914431011,51.8914431011,0.3333333,3,3,0.49771390000000000,0.497713900000,-0.5694369385616226,-0.5694369385616226,-0.5694369385616226,0E-17,ELIGIBLE,R03b_20260811_FULL_v1,L1_ELIGIBILITY,v2026-08-11,2026-03-21..2026-08-06,baccarat_bet02_101_all_pairs_incl_sentinel,round_win = game_pnl > 0 (decisive only),COMPATIBILITY_ONLY_NOT_PRODUCTION,5268.8454,4997.1059,481.5860,132,90,-0.09140257,,-0.09140257,-0.09140257,-481.5860,5268.8454,OK,0.0000,19.2634,4.0000,96.0000,AG03-UNRESOLVED,ALL5_LEVELS_bet23_to_bet27,19.2634,24.0793,24.0793,24.0793,24.0793,4.000000,5.000000,5.000000,5.000000,5.000000,96.000000,95.000000,95.000000,95.000000,95.000000,5.0,115.5806,105.0214,366.0054,376.5646,PENDING_AG03,FALSE,NOT_FOR_ENFORCEMENT,462.3226,4797.2217,481.5860,462.3226,19.2634,0.09140257,0.08774646,19.2634,462.3226,0.08774646,19.2634,24.0793,24.0793,24.0793,24.0793,462.3226,0.08774646,115.5806,105.0214,366.0054,376.5646,0.06946595,0.07147004,0.00365610,39.9155,55.5234,5.3510,53.5096,26.7548,585.4273,10.0000,,39.9155,12.9729,25.9457,51.8914,103.7829,129.7286,153.0808,25.7155,-10.2862,5.0,5.90004,1.538423,11,20,11,7,0E-8,0.09140257,,0E-8,0.000000,0.948425,0.000000,,2026-04-23,2026-06-16,9,18,15,55,0.163636,,,0.000000,,,,,,,,GLOBAL_BASELINE_NO_ENTITY_RANKING,,,NOT_APPLICABLE_GLOBAL_BASELINE,HF9g-P5,,,,X 全窗基线 · 不参与实体赏罚,8392334,840,A168_HF9F_20260827_0900,2026-08-27 09:00:00
2026-05-07,149070452,2142,0,181.6200508536,-181.6200508536,-181.6200508536,0E-7,2,2,0.49324550000000000,0.493245500000,-1.3952362676504506,-1.3952362676504506,-1.3952362676504506,0E-17,ELIGIBLE,R03b_20260811_FULL_v1,L1_ELIGIBILITY,v2026-08-11,2026-03-21..2026-08-06,baccarat_bet02_101_all_pairs_incl_sentinel,round_win = game_pnl > 0 (decisive only),COMPATIBILITY_ONLY_NOT_PRODUCTION,5268.8454,4997.1059,481.5860,132,90,-0.09140257,,-0.09140257,-0.09140257,-481.5860,5268.8454,OK,0.0000,19.2634,4.0000,96.0000,AG03-UNRESOLVED,ALL5_LEVELS_bet23_to_bet27,19.2634,24.0793,24.0793,24.0793,24.0793,4.000000,5.000000,5.000000,5.000000,5.000000,96.000000,95.000000,95.000000,95.000000,95.000000,5.0,115.5806,105.0214,366.0054,376.5646,PENDING_AG03,FALSE,NOT_FOR_ENFORCEMENT,462.3226,4797.2217,481.5860,462.3226,19.2634,0.09140257,0.08774646,19.2634,462.3226,0.08774646,19.2634,24.0793,24.0793,24.0793,24.0793,462.3226,0.08774646,115.5806,105.0214,366.0054,376.5646,0.06946595,0.07147004,0.00365610,39.9155,55.5234,5.3510,53.5096,26.7548,585.4273,10.0000,,39.9155,12.9729,25.9457,51.8914,103.7829,129.7286,153.0808,25.7155,-10.2862,5.0,5.90004,1.538423,11,20,11,7,0E-8,0.09140257,,0E-8,0.000000,0.948425,0.000000,,2026-04-23,2026-06-16,9,18,15,55,0.163636,,,0.000000,,,,,,,,GLOBAL_BASELINE_NO_ENTITY_RANKING,,,NOT_APPLICABLE_GLOBAL_BASELINE,HF9g-P5,,,,X 全窗基线 · 不参与实体赏罚,8392335,840,A168_HF9F_20260827_0900,2026-08-27 09:00:00
2026-05-09,149070452,1318,0,121.9448912874,-20.7565772404,-20.7565772404,0.5000000,4,2,0.43561375181804212,0.282035975000,0.18364077409810342,0.685008911021252,0.18364077409810342,0.15357777681804212,ELIGIBLE,R03b_20260811_FULL_v1,L1_ELIGIBILITY,v2026-08-11,2026-03-21..2026-08-06,baccarat_bet02_101_all_pairs_incl_sentinel,round_win = game_pnl > 0 (decisive only),COMPATIBILITY_ONLY_NOT_PRODUCTION,5268.8454,4997.1059,481.5860,132,90,-0.09140257,,-0.09140257,-0.09140257,-481.5860,5268.8454,OK,0.0000,19.2634,4.0000,96.0000,AG03-UNRESOLVED,ALL5_LEVELS_bet23_to_bet27,19.2634,24.0793,24.0793,24.0793,24.0793,4.000000,5.000000,5.000000,5.000000,5.000000,96.000000,95.000000,95.000000,95.000000,95.000000,5.0,115.5806,105.0214,366.0054,376.5646,PENDING_AG03,FALSE,NOT_FOR_ENFORCEMENT,462.3226,4797.2217,481.5860,462.3226,19.2634,0.09140257,0.08774646,19.2634,462.3226,0.08774646,19.2634,24.0793,24.0793,24.0793,24.0793,462.3226,0.08774646,115.5806,105.0214,366.0054,376.5646,0.06946595,0.07147004,0.00365610,39.9155,55.5234,5.3510,53.5096,26.7548,585.4273,10.0000,,39.9155,12.9729,25.9457,51.8914,103.7829,129.7286,153.0808,25.7155,-10.2862,5.0,5.90004,1.538423,11,20,11,7,0E-8,0.09140257,,0E-8,0.000000,0.948425,0.000000,,2026-04-23,2026-06-16,9,18,15,55,0.163636,,,0.000000,,,,,,,,GLOBAL_BASELINE_NO_ENTITY_RANKING,,,NOT_APPLICABLE_GLOBAL_BASELINE,HF9g-P5,,,,X 全窗基线 · 不参与实体赏罚,8392336,840,A168_HF9F_20260827_0900,2026-08-27 09:00:00
2026-05-09,149070452,1325,0,1341.3938041620,14.2701468525,14.2701468525,0.4285714,27,14,0.41654605357176269,0.269425185714,0.09126995642143297,1.3421744414098393,0.09126995642143297,0.14712086785776269,ELIGIBLE,R03b_20260811_FULL_v1,L1_ELIGIBILITY,v2026-08-11,2026-03-21..2026-08-06,baccarat_bet02_101_all_pairs_incl_sentinel,round_win = game_pnl > 0 (decisive only),COMPATIBILITY_ONLY_NOT_PRODUCTION,5268.8454,4997.1059,481.5860,132,90,-0.09140257,,-0.09140257,-0.09140257,-481.5860,5268.8454,OK,0.0000,19.2634,4.0000,96.0000,AG03-UNRESOLVED,ALL5_LEVELS_bet23_to_bet27,19.2634,24.0793,24.0793,24.0793,24.0793,4.000000,5.000000,5.000000,5.000000,5.000000,96.000000,95.000000,95.000000,95.000000,95.000000,5.0,115.5806,105.0214,366.0054,376.5646,PENDING_AG03,FALSE,NOT_FOR_ENFORCEMENT,462.3226,4797.2217,481.5860,462.3226,19.2634,0.09140257,0.08774646,19.2634,462.3226,0.08774646,19.2634,24.0793,24.0793,24.0793,24.0793,462.3226,0.08774646,115.5806,105.0214,366.0054,376.5646,0.06946595,0.07147004,0.00365610,39.9155,55.5234,5.3510,53.5096,26.7548,585.4273,10.0000,,39.9155,12.9729,25.9457,51.8914,103.7829,129.7286,153.0808,25.7155,-10.2862,5.0,5.90004,1.538423,11,20,11,7,0E-8,0.09140257,,0E-8,0.000000,0.948425,0.000000,,2026-04-23,2026-06-16,9,18,15,55,0.163636,,,0.000000,,,,,,,,GLOBAL_BASELINE_NO_ENTITY_RANKING,,,NOT_APPLICABLE_GLOBAL_BASELINE,HF9g-P5,,,,X 全窗基线 · 不参与实体赏罚,8392337,840,A168_HF9F_20260827_0900,2026-08-27 09:00:00
2026-05-09,149070452,1353,0,103.7828862021,-103.7828862021,-103.7828862021,0E-7,3,3,0.21393320000000000,0.213933200000,-0.9035870416148697,-0.9035870416148697,-0.9035870416148697,0E-17,ELIGIBLE,R03b_20260811_FULL_v1,L1_ELIGIBILITY,v2026-08-11,2026-03-21..2026-08-06,baccarat_bet02_101_all_pairs_incl_sentinel,round_win = game_pnl > 0 (decisive only),COMPATIBILITY_ONLY_NOT_PRODUCTION,5268.8454,4997.1059,481.5860,132,90,-0.09140257,,-0.09140257,-0.09140257,-481.5860,5268.8454,OK,0.0000,19.2634,4.0000,96.0000,AG03-UNRESOLVED,ALL5_LEVELS_bet23_to_bet27,19.2634,24.0793,24.0793,24.0793,24.0793,4.000000,5.000000,5.000000,5.000000,5.000000,96.000000,95.000000,95.000000,95.000000,95.000000,5.0,115.5806,105.0214,366.0054,376.5646,PENDING_AG03,FALSE,NOT_FOR_ENFORCEMENT,462.3226,4797.2217,481.5860,462.3226,19.2634,0.09140257,0.08774646,19.2634,462.3226,0.08774646,19.2634,24.0793,24.0793,24.0793,24.0793,462.3226,0.08774646,115.5806,105.0214,366.0054,376.5646,0.06946595,0.07147004,0.00365610,39.9155,55.5234,5.3510,53.5096,26.7548,585.4273,10.0000,,39.9155,12.9729,25.9457,51.8914,103.7829,129.7286,153.0808,25.7155,-10.2862,5.0,5.90004,1.538423,11,20,11,7,0E-8,0.09140257,,0E-8,0.000000,0.948425,0.000000,,2026-04-23,2026-06-16,9,18,15,55,0.163636,,,0.000000,,,,,,,,GLOBAL_BASELINE_NO_ENTITY_RANKING,,,NOT_APPLICABLE_GLOBAL_BASELINE,HF9g-P5,,,,X 全窗基线 · 不参与实体赏罚,8392338,840,A168_HF9F_20260827_0900,2026-08-27 09:00:00
2026-05-09,149070452,2103,0,181.6200508536,-29.8375797831,-29.8375797831,0.5000000,4,2,0.44192365714264331,0.280106050000,0.16538412747305503,0.6925207201862208,0.16538412747305503,0.16181760714264331,ELIGIBLE,R03b_20260811_FULL_v1,L1_ELIGIBILITY,v2026-08-11,2026-03-21..2026-08-06,baccarat_bet02_101_all_pairs_incl_sentinel,round_win = game_pnl > 0 (decisive only),COMPATIBILITY_ONLY_NOT_PRODUCTION,5268.8454,4997.1059,481.5860,132,90,-0.09140257,,-0.09140257,-0.09140257,-481.5860,5268.8454,OK,0.0000,19.2634,4.0000,96.0000,AG03-UNRESOLVED,ALL5_LEVELS_bet23_to_bet27,19.2634,24.0793,24.0793,24.0793,24.0793,4.000000,5.000000,5.000000,5.000000,5.000000,96.000000,95.000000,95.000000,95.000000,95.000000,5.0,115.5806,105.0214,366.0054,376.5646,PENDING_AG03,FALSE,NOT_FOR_ENFORCEMENT,462.3226,4797.2217,481.5860,462.3226,19.2634,0.09140257,0.08774646,19.2634,462.3226,0.08774646,19.2634,24.0793,24.0793,24.0793,24.0793,462.3226,0.08774646,115.5806,105.0214,366.0054,376.5646,0.06946595,0.07147004,0.00365610,39.9155,55.5234,5.3510,53.5096,26.7548,585.4273,10.0000,,39.9155,12.9729,25.9457,51.8914,103.7829,129.7286,153.0808,25.7155,-10.2862,5.0,5.90004,1.538423,11,20,11,7,0E-8,0.09140257,,0E-8,0.000000,0.948425,0.000000,,2026-04-23,2026-06-16,9,18,15,55,0.163636,,,0.000000,,,,,,,,GLOBAL_BASELINE_NO_ENTITY_RANKING,,,NOT_APPLICABLE_GLOBAL_BASELINE,HF9g-P5,,,,X 全窗基线 · 不参与实体赏罚,8392339,840,A168_HF9F_20260827_0900,2026-08-27 09:00:00
2026-05-09,149070452,2142,0,383.9966789478,-257.5112863890,-257.5112863890,0.1428571,12,7,0.31134634797973326,0.226469657143,-0.9627173218704211,-0.528538484091829,-0.9627173218704211,0.08487669083673326,ELIGIBLE,R03b_20260811_FULL_v1,L1_ELIGIBILITY,v2026-08-11,2026-03-21..2026-08-06,baccarat_bet02_101_all_pairs_incl_sentinel,round_win = game_pnl > 0 (decisive only),COMPATIBILITY_ONLY_NOT_PRODUCTION,5268.8454,4997.1059,481.5860,132,90,-0.09140257,,-0.09140257,-0.09140257,-481.5860,5268.8454,OK,0.0000,19.2634,4.0000,96.0000,AG03-UNRESOLVED,ALL5_LEVELS_bet23_to_bet27,19.2634,24.0793,24.0793,24.0793,24.0793,4.000000,5.000000,5.000000,5.000000,5.000000,96.000000,95.000000,95.000000,95.000000,95.000000,5.0,115.5806,105.0214,366.0054,376.5646,PENDING_AG03,FALSE,NOT_FOR_ENFORCEMENT,462.3226,4797.2217,481.5860,462.3226,19.2634,0.09140257,0.08774646,19.2634,462.3226,0.08774646,19.2634,24.0793,24.0793,24.0793,24.0793,462.3226,0.08774646,115.5806,105.0214,366.0054,376.5646,0.06946595,0.07147004,0.00365610,39.9155,55.5234,5.3510,53.5096,26.7548,585.4273,10.0000,,39.9155,12.9729,25.9457,51.8914,103.7829,129.7286,153.0808,25.7155,-10.2862,5.0,5.90004,1.538423,11,20,11,7,0E-8,0.09140257,,0E-8,0.000000,0.948425,0.000000,,2026-04-23,2026-06-16,9,18,15,55,0.163636,,,0.000000,,,,,,,,GLOBAL_BASELINE_NO_ENTITY_RANKING,,,NOT_APPLICABLE_GLOBAL_BASELINE,HF9g-P5,,,,X 全窗基线 · 不参与实体赏罚,8392340,840,A168_HF9F_20260827_0900,2026-08-27 09:00:00
2026-05-09,149070452,994,0,1053.3962949512,-382.6993928703,-382.6993928703,0.3750000,15,8,0.39948068392849363,0.255927181250,-0.1413699671904885,0.7717767681739609,-0.1413699671904885,0.14355350267849363,ELIGIBLE,R03b_20260811_FULL_v1,L1_ELIGIBILITY,v2026-08-11,2026-03-21..2026-08-06,baccarat_bet02_101_all_pairs_incl_sentinel,round_win = game_pnl > 0 (decisive only),COMPATIBILITY_ONLY_NOT_PRODUCTION,5268.8454,4997.1059,481.5860,132,90,-0.09140257,,-0.09140257,-0.09140257,-481.5860,5268.8454,OK,0.0000,19.2634,4.0000,96.0000,AG03-UNRESOLVED,ALL5_LEVELS_bet23_to_bet27,19.2634,24.0793,24.0793,24.0793,24.0793,4.000000,5.000000,5.000000,5.000000,5.000000,96.000000,95.000000,95.000000,95.000000,95.000000,5.0,115.5806,105.0214,366.0054,376.5646,PENDING_AG03,FALSE,NOT_FOR_ENFORCEMENT,462.3226,4797.2217,481.5860,462.3226,19.2634,0.09140257,0.08774646,19.2634,462.3226,0.08774646,19.2634,24.0793,24.0793,24.0793,24.0793,462.3226,0.08774646,115.5806,105.0214,366.0054,376.5646,0.06946595,0.07147004,0.00365610,39.9155,55.5234,5.3510,53.5096,26.7548,585.4273,10.0000,,39.9155,12.9729,25.9457,51.8914,103.7829,129.7286,153.0808,25.7155,-10.2862,5.0,5.90004,1.538423,11,20,11,7,0E-8,0.09140257,,0E-8,0.000000,0.948425,0.000000,,2026-04-23,2026-06-16,9,18,15,55,0.163636,,,0.000000,,,,,,,,GLOBAL_BASELINE_NO_ENTITY_RANKING,,,NOT_APPLICABLE_GLOBAL_BASELINE,HF9g-P5,,,,X 全窗基线 · 不参与实体赏罚,8392341,840,A168_HF9F_20260827_0900,2026-08-27 09:00:00
2026-05-20,149070452,1210,0,51.8914431011,51.8914431011,51.8914431011,1.0000000,3,3,0.49324550000000000,0.493245500000,1.755609282511032,1.7556092825110319,1.755609282511032,0E-17,ELIGIBLE,R03b_20260811_FULL_v1,L1_ELIGIBILITY,v2026-08-11,2026-03-21..2026-08-06,baccarat_bet02_101_all_pairs_incl_sentinel,round_win = game_pnl > 0 (decisive only),COMPATIBILITY_ONLY_NOT_PRODUCTION,5268.8454,4997.1059,481.5860,132,90,-0.09140257,,-0.09140257,-0.09140257,-481.5860,5268.8454,OK,0.0000,19.2634,4.0000,96.0000,AG03-UNRESOLVED,ALL5_LEVELS_bet23_to_bet27,19.2634,24.0793,24.0793,24.0793,24.0793,4.000000,5.000000,5.000000,5.000000,5.000000,96.000000,95.000000,95.000000,95.000000,95.000000,5.0,115.5806,105.0214,366.0054,376.5646,PENDING_AG03,FALSE,NOT_FOR_ENFORCEMENT,462.3226,4797.2217,481.5860,462.3226,19.2634,0.09140257,0.08774646,19.2634,462.3226,0.08774646,19.2634,24.0793,24.0793,24.0793,24.0793,462.3226,0.08774646,115.5806,105.0214,366.0054,376.5646,0.06946595,0.07147004,0.00365610,39.9155,55.5234,5.3510,53.5096,26.7548,585.4273,10.0000,,39.9155,12.9729,25.9457,51.8914,103.7829,129.7286,153.0808,25.7155,-10.2862,5.0,5.90004,1.538423,11,20,11,7,0E-8,0.09140257,,0E-8,0.000000,0.948425,0.000000,,2026-04-23,2026-06-16,9,18,15,55,0.163636,,,0.000000,,,,,,,,GLOBAL_BASELINE_NO_ENTITY_RANKING,,,NOT_APPLICABLE_GLOBAL_BASELINE,HF9g-P5,,,,X 全窗基线 · 不参与实体赏罚,8392342,840,A168_HF9F_20260827_0900,2026-08-27 09:00:00
2026-05-20,149070452,2201,0,12.9728607753,0E-10,0E-10,,1,1,0.50665070000000000,0.506650700000,,,,0E-17,NO_DECISIVE_ROUND,R03b_20260811_FULL_v1,L1_ELIGIBILITY,v2026-08-11,2026-03-21..2026-08-06,baccarat_bet02_101_all_pairs_incl_sentinel,round_win = game_pnl > 0 (decisive only),COMPATIBILITY_ONLY_NOT_PRODUCTION,5268.8454,4997.1059,481.5860,132,90,-0.09140257,,-0.09140257,-0.09140257,-481.5860,5268.8454,OK,0.0000,19.2634,4.0000,96.0000,AG03-UNRESOLVED,ALL5_LEVELS_bet23_to_bet27,19.2634,24.0793,24.0793,24.0793,24.0793,4.000000,5.000000,5.000000,5.000000,5.000000,96.000000,95.000000,95.000000,95.000000,95.000000,5.0,115.5806,105.0214,366.0054,376.5646,PENDING_AG03,FALSE,NOT_FOR_ENFORCEMENT,462.3226,4797.2217,481.5860,462.3226,19.2634,0.09140257,0.08774646,19.2634,462.3226,0.08774646,19.2634,24.0793,24.0793,24.0793,24.0793,462.3226,0.08774646,115.5806,105.0214,366.0054,376.5646,0.06946595,0.07147004,0.00365610,39.9155,55.5234,5.3510,53.5096,26.7548,585.4273,10.0000,,39.9155,12.9729,25.9457,51.8914,103.7829,129.7286,153.0808,25.7155,-10.2862,5.0,5.90004,1.538423,11,20,11,7,0E-8,0.09140257,,0E-8,0.000000,0.948425,0.000000,,2026-04-23,2026-06-16,9,18,15,55,0.163636,,,0.000000,,,,,,,,GLOBAL_BASELINE_NO_ENTITY_RANKING,,,NOT_APPLICABLE_GLOBAL_BASELINE,HF9g-P5,,,,X 全窗基线 · 不参与实体赏罚,8392343,840,A168_HF9F_20260827_0900,2026-08-27 09:00:00
2026-05-20,149070452,2252,0,212.7549167143,72.6480203414,72.6480203414,0.6000000,8,5,0.45938689909084934,0.367595890000,0.6309256765463229,1.077819758917622,0.6309256765463229,0.09179100909084934,ELIGIBLE,R03b_20260811_FULL_v1,L1_ELIGIBILITY,v2026-08-11,2026-03-21..2026-08-06,baccarat_bet02_101_all_pairs_incl_sentinel,round_win = game_pnl > 0 (decisive only),COMPATIBILITY_ONLY_NOT_PRODUCTION,5268.8454,4997.1059,481.5860,132,90,-0.09140257,,-0.09140257,-0.09140257,-481.5860,5268.8454,OK,0.0000,19.2634,4.0000,96.0000,AG03-UNRESOLVED,ALL5_LEVELS_bet23_to_bet27,19.2634,24.0793,24.0793,24.0793,24.0793,4.000000,5.000000,5.000000,5.000000,5.000000,96.000000,95.000000,95.000000,95.000000,95.000000,5.0,115.5806,105.0214,366.0054,376.5646,PENDING_AG03,FALSE,NOT_FOR_ENFORCEMENT,462.3226,4797.2217,481.5860,462.3226,19.2634,0.09140257,0.08774646,19.2634,462.3226,0.08774646,19.2634,24.0793,24.0793,24.0793,24.0793,462.3226,0.08774646,115.5806,105.0214,366.0054,376.5646,0.06946595,0.07147004,0.00365610,39.9155,55.5234,5.3510,53.5096,26.7548,585.4273,10.0000,,39.9155,12.9729,25.9457,51.8914,103.7829,129.7286,153.0808,25.7155,-10.2862,5.0,5.90004,1.538423,11,20,11,7,0E-8,0.09140257,,0E-8,0.000000,0.948425,0.000000,,2026-04-23,2026-06-16,9,18,15,55,0.163636,,,0.000000,,,,,,,,GLOBAL_BASELINE_NO_ENTITY_RANKING,,,NOT_APPLICABLE_GLOBAL_BASELINE,HF9g-P5,,,,X 全窗基线 · 不参与实体赏罚,8392344,840,A168_HF9F_20260827_0900,2026-08-27 09:00:00
2026-05-21,149070452,1300,0,51.8914431010,51.8914431010,51.8914431010,1.0000000,1,1,0.49324550000000000,0.493245500000,1.01360149184955,1.01360149184955,1.01360149184955,0E-17,ELIGIBLE,R03b_20260811_FULL_v1,L1_ELIGIBILITY,v2026-08-11,2026-03-21..2026-08-06,baccarat_bet02_101_all_pairs_incl_sentinel,round_win = game_pnl > 0 (decisive only),COMPATIBILITY_ONLY_NOT_PRODUCTION,5268.8454,4997.1059,481.5860,132,90,-0.09140257,,-0.09140257,-0.09140257,-481.5860,5268.8454,OK,0.0000,19.2634,4.0000,96.0000,AG03-UNRESOLVED,ALL5_LEVELS_bet23_to_bet27,19.2634,24.0793,24.0793,24.0793,24.0793,4.000000,5.000000,5.000000,5.000000,5.000000,96.000000,95.000000,95.000000,95.000000,95.000000,5.0,115.5806,105.0214,366.0054,376.5646,PENDING_AG03,FALSE,NOT_FOR_ENFORCEMENT,462.3226,4797.2217,481.5860,462.3226,19.2634,0.09140257,0.08774646,19.2634,462.3226,0.08774646,19.2634,24.0793,24.0793,24.0793,24.0793,462.3226,0.08774646,115.5806,105.0214,366.0054,376.5646,0.06946595,0.07147004,0.00365610,39.9155,55.5234,5.3510,53.5096,26.7548,585.4273,10.0000,,39.9155,12.9729,25.9457,51.8914,103.7829,129.7286,153.0808,25.7155,-10.2862,5.0,5.90004,1.538423,11,20,11,7,0E-8,0.09140257,,0E-8,0.000000,0.948425,0.000000,,2026-04-23,2026-06-16,9,18,15,55,0.163636,,,0.000000,,,,,,,,GLOBAL_BASELINE_NO_ENTITY_RANKING,,,NOT_APPLICABLE_GLOBAL_BASELINE,HF9g-P5,,,,X 全窗基线 · 不参与实体赏罚,8392345,840,A168_HF9F_20260827_0900,2026-08-27 09:00:00
2026-05-21,149070452,1490,0,129.7286077525,-129.7286077525,-129.7286077525,0E-7,3,3,0.49324550000000000,0.493245500000,-1.708808463184432,-1.7088084631844318,-1.708808463184432,0E-17,ELIGIBLE,R03b_20260811_FULL_v1,L1_ELIGIBILITY,v2026-08-11,2026-03-21..2026-08-06,baccarat_bet02_101_all_pairs_incl_sentinel,round_win = game_pnl > 0 (decisive only),COMPATIBILITY_ONLY_NOT_PRODUCTION,5268.8454,4997.1059,481.5860,132,90,-0.09140257,,-0.09140257,-0.09140257,-481.5860,5268.8454,OK,0.0000,19.2634,4.0000,96.0000,AG03-UNRESOLVED,ALL5_LEVELS_bet23_to_bet27,19.2634,24.0793,24.0793,24.0793,24.0793,4.000000,5.000000,5.000000,5.000000,5.000000,96.000000,95.000000,95.000000,95.000000,95.000000,5.0,115.5806,105.0214,366.0054,376.5646,PENDING_AG03,FALSE,NOT_FOR_ENFORCEMENT,462.3226,4797.2217,481.5860,462.3226,19.2634,0.09140257,0.08774646,19.2634,462.3226,0.08774646,19.2634,24.0793,24.0793,24.0793,24.0793,462.3226,0.08774646,115.5806,105.0214,366.0054,376.5646,0.06946595,0.07147004,0.00365610,39.9155,55.5234,5.3510,53.5096,26.7548,585.4273,10.0000,,39.9155,12.9729,25.9457,51.8914,103.7829,129.7286,153.0808,25.7155,-10.2862,5.0,5.90004,1.538423,11,20,11,7,0E-8,0.09140257,,0E-8,0.000000,0.948425,0.000000,,2026-04-23,2026-06-16,9,18,15,55,0.163636,,,0.000000,,,,,,,,GLOBAL_BASELINE_NO_ENTITY_RANKING,,,NOT_APPLICABLE_GLOBAL_BASELINE,HF9g-P5,,,,X 全窗基线 · 不参与实体赏罚,8392346,840,A168_HF9F_20260827_0900,2026-08-27 09:00:00
2026-05-21,149070452,1994,0,142.7014685278,127.1340355974,127.1340355974,0.6666667,7,6,0.34229885555555556,0.319428966667,1.6745431884288826,1.8242259003183323,1.6745431884288826,0.02286988888855556,ELIGIBLE,R03b_20260811_FULL_v1,L1_ELIGIBILITY,v2026-08-11,2026-03-21..2026-08-06,baccarat_bet02_101_all_pairs_incl_sentinel,round_win = game_pnl > 0 (decisive only),COMPATIBILITY_ONLY_NOT_PRODUCTION,5268.8454,4997.1059,481.5860,132,90,-0.09140257,,-0.09140257,-0.09140257,-481.5860,5268.8454,OK,0.0000,19.2634,4.0000,96.0000,AG03-UNRESOLVED,ALL5_LEVELS_bet23_to_bet27,19.2634,24.0793,24.0793,24.0793,24.0793,4.000000,5.000000,5.000000,5.000000,5.000000,96.000000,95.000000,95.000000,95.000000,95.000000,5.0,115.5806,105.0214,366.0054,376.5646,PENDING_AG03,FALSE,NOT_FOR_ENFORCEMENT,462.3226,4797.2217,481.5860,462.3226,19.2634,0.09140257,0.08774646,19.2634,462.3226,0.08774646,19.2634,24.0793,24.0793,24.0793,24.0793,462.3226,0.08774646,115.5806,105.0214,366.0054,376.5646,0.06946595,0.07147004,0.00365610,39.9155,55.5234,5.3510,53.5096,26.7548,585.4273,10.0000,,39.9155,12.9729,25.9457,51.8914,103.7829,129.7286,153.0808,25.7155,-10.2862,5.0,5.90004,1.538423,11,20,11,7,0E-8,0.09140257,,0E-8,0.000000,0.948425,0.000000,,2026-04-23,2026-06-16,9,18,15,55,0.163636,,,0.000000,,,,,,,,GLOBAL_BASELINE_NO_ENTITY_RANKING,,,NOT_APPLICABLE_GLOBAL_BASELINE,HF9g-P5,,,,X 全窗基线 · 不参与实体赏罚,8392347,840,A168_HF9F_20260827_0900,2026-08-27 09:00:00
2026-05-21,149070452,2123,0,25.9457215505,25.9457215505,25.9457215505,1.0000000,1,1,0.49324550000000000,0.493245500000,1.01360149184955,1.01360149184955,1.01360149184955,0E-17,ELIGIBLE,R03b_20260811_FULL_v1,L1_ELIGIBILITY,v2026-08-11,2026-03-21..2026-08-06,baccarat_bet02_101_all_pairs_incl_sentinel,round_win = game_pnl > 0 (decisive only),COMPATIBILITY_ONLY_NOT_PRODUCTION,5268.8454,4997.1059,481.5860,132,90,-0.09140257,,-0.09140257,-0.09140257,-481.5860,5268.8454,OK,0.0000,19.2634,4.0000,96.0000,AG03-UNRESOLVED,ALL5_LEVELS_bet23_to_bet27,19.2634,24.0793,24.0793,24.0793,24.0793,4.000000,5.000000,5.000000,5.000000,5.000000,96.000000,95.000000,95.000000,95.000000,95.000000,5.0,115.5806,105.0214,366.0054,376.5646,PENDING_AG03,FALSE,NOT_FOR_ENFORCEMENT,462.3226,4797.2217,481.5860,462.3226,19.2634,0.09140257,0.08774646,19.2634,462.3226,0.08774646,19.2634,24.0793,24.0793,24.0793,24.0793,462.3226,0.08774646,115.5806,105.0214,366.0054,376.5646,0.06946595,0.07147004,0.00365610,39.9155,55.5234,5.3510,53.5096,26.7548,585.4273,10.0000,,39.9155,12.9729,25.9457,51.8914,103.7829,129.7286,153.0808,25.7155,-10.2862,5.0,5.90004,1.538423,11,20,11,7,0E-8,0.09140257,,0E-8,0.000000,0.948425,0.000000,,2026-04-23,2026-06-16,9,18,15,55,0.163636,,,0.000000,,,,,,,,GLOBAL_BASELINE_NO_ENTITY_RANKING,,,NOT_APPLICABLE_GLOBAL_BASELINE,HF9g-P5,,,,X 全窗基线 · 不参与实体赏罚,8392348,840,A168_HF9F_20260827_0900,2026-08-27 09:00:00
2026-05-21,149070452,2169,0,77.8371646515,51.8914431010,51.8914431010,1.0000000,3,3,0.49771390000000000,0.497713900000,1.4206944795187548,1.420694479518755,1.4206944795187548,0E-17,ELIGIBLE,R03b_20260811_FULL_v1,L1_ELIGIBILITY,v2026-08-11,2026-03-21..2026-08-06,baccarat_bet02_101_all_pairs_incl_sentinel,round_win = game_pnl > 0 (decisive only),COMPATIBILITY_ONLY_NOT_PRODUCTION,5268.8454,4997.1059,481.5860,132,90,-0.09140257,,-0.09140257,-0.09140257,-481.5860,5268.8454,OK,0.0000,19.2634,4.0000,96.0000,AG03-UNRESOLVED,ALL5_LEVELS_bet23_to_bet27,19.2634,24.0793,24.0793,24.0793,24.0793,4.000000,5.000000,5.000000,5.000000,5.000000,96.000000,95.000000,95.000000,95.000000,95.000000,5.0,115.5806,105.0214,366.0054,376.5646,PENDING_AG03,FALSE,NOT_FOR_ENFORCEMENT,462.3226,4797.2217,481.5860,462.3226,19.2634,0.09140257,0.08774646,19.2634,462.3226,0.08774646,19.2634,24.0793,24.0793,24.0793,24.0793,462.3226,0.08774646,115.5806,105.0214,366.0054,376.5646,0.06946595,0.07147004,0.00365610,39.9155,55.5234,5.3510,53.5096,26.7548,585.4273,10.0000,,39.9155,12.9729,25.9457,51.8914,103.7829,129.7286,153.0808,25.7155,-10.2862,5.0,5.90004,1.538423,11,20,11,7,0E-8,0.09140257,,0E-8,0.000000,0.948425,0.000000,,2026-04-23,2026-06-16,9,18,15,55,0.163636,,,0.000000,,,,,,,,GLOBAL_BASELINE_NO_ENTITY_RANKING,,,NOT_APPLICABLE_GLOBAL_BASELINE,HF9g-P5,,,,X 全窗基线 · 不参与实体赏罚,8392349,840,A168_HF9F_20260827_0900,2026-08-27 09:00:00
2026-06-16,149070452,1363,0,434.5925373517,-102.8621390182,-102.8621390182,0.3000000,17,11,0.37926642717043151,0.302105263636,-0.516611971107518,-0.014498810762991381,-0.516611971107518,0.07716116353443151,ELIGIBLE,R03b_20260811_FULL_v1,L1_ELIGIBILITY,v2026-08-11,2026-03-21..2026-08-06,baccarat_bet02_101_all_pairs_incl_sentinel,round_win = game_pnl > 0 (decisive only),COMPATIBILITY_ONLY_NOT_PRODUCTION,5268.8454,4997.1059,481.5860,132,90,-0.09140257,,-0.09140257,-0.09140257,-481.5860,5268.8454,OK,0.0000,19.2634,4.0000,96.0000,AG03-UNRESOLVED,ALL5_LEVELS_bet23_to_bet27,19.2634,24.0793,24.0793,24.0793,24.0793,4.000000,5.000000,5.000000,5.000000,5.000000,96.000000,95.000000,95.000000,95.000000,95.000000,5.0,115.5806,105.0214,366.0054,376.5646,PENDING_AG03,FALSE,NOT_FOR_ENFORCEMENT,462.3226,4797.2217,481.5860,462.3226,19.2634,0.09140257,0.08774646,19.2634,462.3226,0.08774646,19.2634,24.0793,24.0793,24.0793,24.0793,462.3226,0.08774646,115.5806,105.0214,366.0054,376.5646,0.06946595,0.07147004,0.00365610,39.9155,55.5234,5.3510,53.5096,26.7548,585.4273,10.0000,,39.9155,12.9729,25.9457,51.8914,103.7829,129.7286,153.0808,25.7155,-10.2862,5.0,5.90004,1.538423,11,20,11,7,0E-8,0.09140257,,0E-8,0.000000,0.948425,0.000000,,2026-04-23,2026-06-16,9,18,15,55,0.163636,,,0.000000,,,,,,,,GLOBAL_BASELINE_NO_ENTITY_RANKING,,,NOT_APPLICABLE_GLOBAL_BASELINE,HF9g-P5,,,,X 全窗基线 · 不参与实体赏罚,8392350,840,A168_HF9F_20260827_0900,2026-08-27 09:00:00
2026-04-07,131985555,1401,0,39.2639321519,37.3007355443,37.3007355443,1.0000000,1,1,0.50665070000000000,0.506650700000,0.9867858985152569,0.9867858985152569,0.9867858985152569,0E-17,ELIGIBLE,R03b_20260811_FULL_v1,L1_ELIGIBILITY,v2026-08-11,2026-03-21..2026-08-06,baccarat_bet02_101_all_pairs_incl_sentinel,round_win = game_pnl > 0 (decisive only),COMPATIBILITY_ONLY_NOT_PRODUCTION,558.1784,558.1784,481.6137,2,2,-0.86283118,,-0.86283118,-0.86283118,-481.6137,558.1784,THIN_EXPOSURE,0.0000,19.2645,4.0000,96.0000,AG03-UNRESOLVED,ALL5_LEVELS_bet23_to_bet27,19.2645,19.2645,19.2645,24.0807,24.0807,4.000000,4.000000,4.000000,5.000000,5.000000,96.000000,96.000000,96.000000,95.000000,95.000000,5.0,105.9550,97.0576,375.6587,384.5561,PENDING_AG03,FALSE,NOT_FOR_ENFORCEMENT,462.3491,535.8512,481.6137,462.3491,19.2645,0.86283118,0.82831793,19.2645,462.3491,0.82831793,19.2645,19.2645,19.2645,24.0807,24.0807,462.3491,0.82831793,105.9550,97.0576,375.6587,384.5561,0.67300832,0.68894847,0.03451325,279.0892,279.0892,240.8068,240.8068,240.8068,279.0892,1.0000,,279.0892,39.2639,279.0892,518.9144,518.9144,518.9144,518.9144,279.0892,-240.8069,1.859314,1.859314,1.0,2,2,2,1,0E-8,0.86283118,,0E-8,0.000000,1.000000,0.000000,,2026-04-07,2026-05-15,2,2,2,39,0.051282,,,0.000000,,,,,,,,GLOBAL_BASELINE_NO_ENTITY_RANKING,,,NOT_APPLICABLE_GLOBAL_BASELINE,HF9g-P5,,,,X 全窗基线 · 不参与实体赏罚,8392351,840,A168_HF9F_20260827_0900,2026-08-27 09:00:00
2026-05-15,131985555,2117,0,518.9144310103,-518.9144310103,-518.9144310103,0E-7,1,1,0.50665070000000000,0.506650700000,-1.013391052207602,-1.013391052207602,-1.013391052207602,0E-17,ELIGIBLE,R03b_20260811_FULL_v1,L1_ELIGIBILITY,v2026-08-11,2026-03-21..2026-08-06,baccarat_bet02_101_all_pairs_incl_sentinel,round_win = game_pnl > 0 (decisive only),COMPATIBILITY_ONLY_NOT_PRODUCTION,558.1784,558.1784,481.6137,2,2,-0.86283118,,-0.86283118,-0.86283118,-481.6137,558.1784,THIN_EXPOSURE,0.0000,19.2645,4.0000,96.0000,AG03-UNRESOLVED,ALL5_LEVELS_bet23_to_bet27,19.2645,19.2645,19.2645,24.0807,24.0807,4.000000,4.000000,4.000000,5.000000,5.000000,96.000000,96.000000,96.000000,95.000000,95.000000,5.0,105.9550,97.0576,375.6587,384.5561,PENDING_AG03,FALSE,NOT_FOR_ENFORCEMENT,462.3491,535.8512,481.6137,462.3491,19.2645,0.86283118,0.82831793,19.2645,462.3491,0.82831793,19.2645,19.2645,19.2645,24.0807,24.0807,462.3491,0.82831793,105.9550,97.0576,375.6587,384.5561,0.67300832,0.68894847,0.03451325,279.0892,279.0892,240.8068,240.8068,240.8068,279.0892,1.0000,,279.0892,39.2639,279.0892,518.9144,518.9144,518.9144,518.9144,279.0892,-240.8069,1.859314,1.859314,1.0,2,2,2,1,0E-8,0.86283118,,0E-8,0.000000,1.000000,0.000000,,2026-04-07,2026-05-15,2,2,2,39,0.051282,,,0.000000,,,,,,,,GLOBAL_BASELINE_NO_ENTITY_RANKING,,,NOT_APPLICABLE_GLOBAL_BASELINE,HF9g-P5,,,,X 全窗基线 · 不参与实体赏罚,8392352,840,A168_HF9F_20260827_0900,2026-08-27 09:00:00
2026-05-16,132464151,-1,1,84.0247873122,-84.0247873122,-84.0247873122,0E-7,2,2,0.49324550000000000,0.493245500000,-1.3952362676504506,-1.3952362676504506,-1.3952362676504506,0E-17,SENTINEL_DEALER,R03b_20260811_FULL_v1,L1_ELIGIBILITY,v2026-08-11,2026-03-21..2026-08-06,baccarat_bet02_101_all_pairs_incl_sentinel,round_win = game_pnl > 0 (decisive only),COMPATIBILITY_ONLY_NOT_PRODUCTION,997.6080,935.7238,481.6454,41,35,-0.48280026,,-0.48280026,-0.48280026,-481.6454,997.6080,OK,0.0000,19.2658,4.0000,96.0000,AG03-UNRESOLVED,ALL5_LEVELS_bet23_to_bet27,19.2658,19.2658,19.2658,28.8987,28.8987,4.000000,4.000000,4.000000,6.000000,6.000000,96.000000,96.000000,96.000000,94.000000,94.000000,5.0,115.5949,105.1178,366.0505,376.5276,PENDING_AG03,FALSE,NOT_FOR_ENFORCEMENT,462.3796,898.2948,481.6454,462.3796,19.2658,0.48280026,0.46348825,19.2658,462.3796,0.46348825,19.2658,19.2658,19.2658,28.8987,28.8987,462.3796,0.46348825,115.5949,105.1178,366.0505,376.5276,0.36692820,0.37743042,0.01931201,24.3319,26.7350,13.7613,240.8227,68.8065,498.8040,17.5000,,24.3319,10.4322,21.0062,42.0124,42.0124,46.7388,53.3459,21.0062,-20.439,2.225,2.53953,1.15832,6,7,3,6,0E-8,0.48280026,,0E-8,0.000000,0.937967,0.000000,,2026-05-16,2026-07-02,2,7,6,48,0.041667,,,0.000000,,,,,,,,GLOBAL_BASELINE_NO_ENTITY_RANKING,,,NOT_APPLICABLE_GLOBAL_BASELINE,HF9g-P5,,,,X 全窗基线 · 不参与实体赏罚,8392353,840,A168_HF9F_20260827_0900,2026-08-27 09:00:00
2026-05-16,132464151,1205,0,42.0123936561,-42.0123936561,-42.0123936561,0E-7,1,1,0.49324550000000000,0.493245500000,-0.9865810262130424,-0.9865810262130424,-0.9865810262130424,0E-17,ELIGIBLE,R03b_20260811_FULL_v1,L1_ELIGIBILITY,v2026-08-11,2026-03-21..2026-08-06,baccarat_bet02_101_all_pairs_incl_sentinel,round_win = game_pnl > 0 (decisive only),COMPATIBILITY_ONLY_NOT_PRODUCTION,997.6080,935.7238,481.6454,41,35,-0.48280026,,-0.48280026,-0.48280026,-481.6454,997.6080,OK,0.0000,19.2658,4.0000,96.0000,AG03-UNRESOLVED,ALL5_LEVELS_bet23_to_bet27,19.2658,19.2658,19.2658,28.8987,28.8987,4.000000,4.000000,4.000000,6.000000,6.000000,96.000000,96.000000,96.000000,94.000000,94.000000,5.0,115.5949,105.1178,366.0505,376.5276,PENDING_AG03,FALSE,NOT_FOR_ENFORCEMENT,462.3796,898.2948,481.6454,462.3796,19.2658,0.48280026,0.46348825,19.2658,462.3796,0.46348825,19.2658,19.2658,19.2658,28.8987,28.8987,462.3796,0.46348825,115.5949,105.1178,366.0505,376.5276,0.36692820,0.37743042,0.01931201,24.3319,26.7350,13.7613,240.8227,68.8065,498.8040,17.5000,,24.3319,10.4322,21.0062,42.0124,42.0124,46.7388,53.3459,21.0062,-20.439,2.225,2.53953,1.15832,6,7,3,6,0E-8,0.48280026,,0E-8,0.000000,0.937967,0.000000,,2026-05-16,2026-07-02,2,7,6,48,0.041667,,,0.000000,,,,,,,,GLOBAL_BASELINE_NO_ENTITY_RANKING,,,NOT_APPLICABLE_GLOBAL_BASELINE,HF9g-P5,,,,X 全窗基线 · 不参与实体赏罚,8392354,840,A168_HF9F_20260827_0900,2026-08-27 09:00:00
2026-05-16,132464151,1400,0,168.0495746244,-84.0247873122,-84.0247873122,0.2500000,4,4,0.49324550000000000,0.493245500000,-0.9730707933947887,-0.9730707933947887,-0.9730707933947887,0E-17,ELIGIBLE,R03b_20260811_FULL_v1,L1_ELIGIBILITY,v2026-08-11,2026-03-21..2026-08-06,baccarat_bet02_101_all_pairs_incl_sentinel,round_win = game_pnl > 0 (decisive only),COMPATIBILITY_ONLY_NOT_PRODUCTION,997.6080,935.7238,481.6454,41,35,-0.48280026,,-0.48280026,-0.48280026,-481.6454,997.6080,OK,0.0000,19.2658,4.0000,96.0000,AG03-UNRESOLVED,ALL5_LEVELS_bet23_to_bet27,19.2658,19.2658,19.2658,28.8987,28.8987,4.000000,4.000000,4.000000,6.000000,6.000000,96.000000,96.000000,96.000000,94.000000,94.000000,5.0,115.5949,105.1178,366.0505,376.5276,PENDING_AG03,FALSE,NOT_FOR_ENFORCEMENT,462.3796,898.2948,481.6454,462.3796,19.2658,0.48280026,0.46348825,19.2658,462.3796,0.46348825,19.2658,19.2658,19.2658,28.8987,28.8987,462.3796,0.46348825,115.5949,105.1178,366.0505,376.5276,0.36692820,0.37743042,0.01931201,24.3319,26.7350,13.7613,240.8227,68.8065,498.8040,17.5000,,24.3319,10.4322,21.0062,42.0124,42.0124,46.7388,53.3459,21.0062,-20.439,2.225,2.53953,1.15832,6,7,3,6,0E-8,0.48280026,,0E-8,0.000000,0.937967,0.000000,,2026-05-16,2026-07-02,2,7,6,48,0.041667,,,0.000000,,,,,,,,GLOBAL_BASELINE_NO_ENTITY_RANKING,,,NOT_APPLICABLE_GLOBAL_BASELINE,HF9g-P5,,,,X 全窗基线 · 不参与实体赏罚,8392355,840,A168_HF9F_20260827_0900,2026-08-27 09:00:00
2026-05-16,132464151,550,0,105.0309841405,-84.0247873124,-84.0247873124,0E-7,5,5,0.49324550000000000,0.493245500000,-1.973162052426085,-1.973162052426085,-1.973162052426085,0E-17,ELIGIBLE,R03b_20260811_FULL_v1,L1_ELIGIBILITY,v2026-08-11,2026-03-21..2026-08-06,baccarat_bet02_101_all_pairs_incl_sentinel,round_win = game_pnl > 0 (decisive only),COMPATIBILITY_ONLY_NOT_PRODUCTION,997.6080,935.7238,481.6454,41,35,-0.48280026,,-0.48280026,-0.48280026,-481.6454,997.6080,OK,0.0000,19.2658,4.0000,96.0000,AG03-UNRESOLVED,ALL5_LEVELS_bet23_to_bet27,19.2658,19.2658,19.2658,28.8987,28.8987,4.000000,4.000000,4.000000,6.000000,6.000000,96.000000,96.000000,96.000000,94.000000,94.000000,5.0,115.5949,105.1178,366.0505,376.5276,PENDING_AG03,FALSE,NOT_FOR_ENFORCEMENT,462.3796,898.2948,481.6454,462.3796,19.2658,0.48280026,0.46348825,19.2658,462.3796,0.46348825,19.2658,19.2658,19.2658,28.8987,28.8987,462.3796,0.46348825,115.5949,105.1178,366.0505,376.5276,0.36692820,0.37743042,0.01931201,24.3319,26.7350,13.7613,240.8227,68.8065,498.8040,17.5000,,24.3319,10.4322,21.0062,42.0124,42.0124,46.7388,53.3459,21.0062,-20.439,2.225,2.53953,1.15832,6,7,3,6,0E-8,0.48280026,,0E-8,0.000000,0.937967,0.000000,,2026-05-16,2026-07-02,2,7,6,48,0.041667,,,0.000000,,,,,,,,GLOBAL_BASELINE_NO_ENTITY_RANKING,,,NOT_APPLICABLE_GLOBAL_BASELINE,HF9g-P5,,,,X 全窗基线 · 不参与实体赏罚,8392356,840,A168_HF9F_20260827_0900,2026-08-27 09:00:00
2026-05-16,132464151,763,0,357.1053460773,-126.0371809685,-126.0371809685,0.3636364,13,12,0.47609308333333333,0.476093083333,-0.746807639107647,-0.7468076391054573,-0.746807639107647,3.3333E-13,ELIGIBLE,R03b_20260811_FULL_v1,L1_ELIGIBILITY,v2026-08-11,2026-03-21..2026-08-06,baccarat_bet02_101_all_pairs_incl_sentinel,round_win = game_pnl > 0 (decisive only),COMPATIBILITY_ONLY_NOT_PRODUCTION,997.6080,935.7238,481.6454,41,35,-0.48280026,,-0.48280026,-0.48280026,-481.6454,997.6080,OK,0.0000,19.2658,4.0000,96.0000,AG03-UNRESOLVED,ALL5_LEVELS_bet23_to_bet27,19.2658,19.2658,19.2658,28.8987,28.8987,4.000000,4.000000,4.000000,6.000000,6.000000,96.000000,96.000000,96.000000,94.000000,94.000000,5.0,115.5949,105.1178,366.0505,376.5276,PENDING_AG03,FALSE,NOT_FOR_ENFORCEMENT,462.3796,898.2948,481.6454,462.3796,19.2658,0.48280026,0.46348825,19.2658,462.3796,0.46348825,19.2658,19.2658,19.2658,28.8987,28.8987,462.3796,0.46348825,115.5949,105.1178,366.0505,376.5276,0.36692820,0.37743042,0.01931201,24.3319,26.7350,13.7613,240.8227,68.8065,498.8040,17.5000,,24.3319,10.4322,21.0062,42.0124,42.0124,46.7388,53.3459,21.0062,-20.439,2.225,2.53953,1.15832,6,7,3,6,0E-8,0.48280026,,0E-8,0.000000,0.937967,0.000000,,2026-05-16,2026-07-02,2,7,6,48,0.041667,,,0.000000,,,,,,,,GLOBAL_BASELINE_NO_ENTITY_RANKING,,,NOT_APPLICABLE_GLOBAL_BASELINE,HF9g-P5,,,,X 全窗基线 · 不参与实体赏罚,8392357,840,A168_HF9F_20260827_0900,2026-08-27 09:00:00
2026-07-02,132464151,2175,0,24.5268364470,32.7024485958,32.7024485958,1.0000000,6,2,0.07658390000000000,0.076583900000,4.910717822153642,4.910717822153643,4.910717822153642,0E-17,ELIGIBLE,R03b_20260811_FULL_v1,L1_ELIGIBILITY,v2026-08-11,2026-03-21..2026-08-06,baccarat_bet02_101_all_pairs_incl_sentinel,round_win = game_pnl > 0 (decisive only),COMPATIBILITY_ONLY_NOT_PRODUCTION,997.6080,935.7238,481.6454,41,35,-0.48280026,,-0.48280026,-0.48280026,-481.6454,997.6080,OK,0.0000,19.2658,4.0000,96.0000,AG03-UNRESOLVED,ALL5_LEVELS_bet23_to_bet27,19.2658,19.2658,19.2658,28.8987,28.8987,4.000000,4.000000,4.000000,6.000000,6.000000,96.000000,96.000000,96.000000,94.000000,94.000000,5.0,115.5949,105.1178,366.0505,376.5276,PENDING_AG03,FALSE,NOT_FOR_ENFORCEMENT,462.3796,898.2948,481.6454,462.3796,19.2658,0.48280026,0.46348825,19.2658,462.3796,0.46348825,19.2658,19.2658,19.2658,28.8987,28.8987,462.3796,0.46348825,115.5949,105.1178,366.0505,376.5276,0.36692820,0.37743042,0.01931201,24.3319,26.7350,13.7613,240.8227,68.8065,498.8040,17.5000,,24.3319,10.4322,21.0062,42.0124,42.0124,46.7388,53.3459,21.0062,-20.439,2.225,2.53953,1.15832,6,7,3,6,0E-8,0.48280026,,0E-8,0.000000,0.937967,0.000000,,2026-05-16,2026-07-02,2,7,6,48,0.041667,,,0.000000,,,,,,,,GLOBAL_BASELINE_NO_ENTITY_RANKING,,,NOT_APPLICABLE_GLOBAL_BASELINE,HF9g-P5,,,,X 全窗基线 · 不参与实体赏罚,8392358,840,A168_HF9F_20260827_0900,2026-08-27 09:00:00
2026-07-02,132464151,583,0,216.8581122511,-94.2239300167,-94.2239300167,0.1250000,10,9,0.34966509629633420,0.348503011111,-1.3325574034103773,-1.3266882970189915,-1.3325574034103773,0.00116208518533420,ELIGIBLE,R03b_20260811_FULL_v1,L1_ELIGIBILITY,v2026-08-11,2026-03-21..2026-08-06,baccarat_bet02_101_all_pairs_incl_sentinel,round_win = game_pnl > 0 (decisive only),COMPATIBILITY_ONLY_NOT_PRODUCTION,997.6080,935.7238,481.6454,41,35,-0.48280026,,-0.48280026,-0.48280026,-481.6454,997.6080,OK,0.0000,19.2658,4.0000,96.0000,AG03-UNRESOLVED,ALL5_LEVELS_bet23_to_bet27,19.2658,19.2658,19.2658,28.8987,28.8987,4.000000,4.000000,4.000000,6.000000,6.000000,96.000000,96.000000,96.000000,94.000000,94.000000,5.0,115.5949,105.1178,366.0505,376.5276,PENDING_AG03,FALSE,NOT_FOR_ENFORCEMENT,462.3796,898.2948,481.6454,462.3796,19.2658,0.48280026,0.46348825,19.2658,462.3796,0.46348825,19.2658,19.2658,19.2658,28.8987,28.8987,462.3796,0.46348825,115.5949,105.1178,366.0505,376.5276,0.36692820,0.37743042,0.01931201,24.3319,26.7350,13.7613,240.8227,68.8065,498.8040,17.5000,,24.3319,10.4322,21.0062,42.0124,42.0124,46.7388,53.3459,21.0062,-20.439,2.225,2.53953,1.15832,6,7,3,6,0E-8,0.48280026,,0E-8,0.000000,0.937967,0.000000,,2026-05-16,2026-07-02,2,7,6,48,0.041667,,,0.000000,,,,,,,,GLOBAL_BASELINE_NO_ENTITY_RANKING,,,NOT_APPLICABLE_GLOBAL_BASELINE,HF9g-P5,,,,X 全窗基线 · 不参与实体赏罚,8392359,840,A168_HF9F_20260827_0900,2026-08-27 09:00:00
2026-03-28,74209325,1382,0,10.5326908392,-10.5326908392,-10.5326908392,0E-7,1,1,0.50665070000000000,0.506650700000,-1.013391052207602,-1.013391052207602,-1.013391052207602,0E-17,ELIGIBLE,R03b_20260811_FULL_v1,L1_ELIGIBILITY,v2026-08-11,2026-03-21..2026-08-06,baccarat_bet02_101_all_pairs_incl_sentinel,round_win = game_pnl > 0 (decisive only),COMPATIBILITY_ONLY_NOT_PRODUCTION,8273.2185,7643.9249,476.6845,461,429,-0.05761778,-0.04117365,-0.06758547,-0.05761778,-476.6845,8273.2185,OK,0.0000,14.3005,3.0000,97.0000,AG03-UNRESOLVED,ALL5_LEVELS_bet23_to_bet27,14.3005,14.3005,14.3005,19.0674,23.8342,3.000000,3.000000,3.000000,4.000000,5.000000,97.000000,97.000000,97.000000,96.000000,95.000000,5.0,85.8032,79.9124,390.8813,396.772,PENDING_AG03,FALSE,NOT_FOR_ENFORCEMENT,462.3839,7414.6071,476.6845,462.3839,14.3005,0.05761778,0.05588924,14.3005,462.3839,0.05588924,14.3005,14.3005,14.3005,19.0674,23.8342,462.3839,0.05588924,85.8032,79.9124,390.8813,396.772,0.04724658,0.04795861,0.00172853,17.9462,17.8180,1.1112,26.4825,2.1766,459.6232,23.8333,17.2501,18.3962,12.8103,13.088,25.8178,37.4785,41.6341,52.3013,12.9729,-2.5818,3.181092,3.996131,1.371201,29,107,17,5,0.37739520,0.05761778,0.04117365,0E-8,0.000000,0.923936,0.000000,0.02641182,2026-03-28,2026-08-02,18,219,178,128,0.140625,0.937699,0.961211,1.257984,,,,,,,,GLOBAL_BASELINE_NO_ENTITY_RANKING,,,NOT_APPLICABLE_GLOBAL_BASELINE,HF9g-P5,,,,X 全窗基线 · 不参与实体赏罚,8392360,840,A168_HF9F_20260827_0900,2026-08-27 09:00:00
2026-03-28,74209325,1941,0,24.4885062011,3.4231245227,3.4231245227,0.5000000,2,2,0.49324550000000000,0.493245500000,0.01910635448239258,0.01910635448239258,0.01910635448239258,0E-17,ELIGIBLE,R03b_20260811_FULL_v1,L1_ELIGIBILITY,v2026-08-11,2026-03-21..2026-08-06,baccarat_bet02_101_all_pairs_incl_sentinel,round_win = game_pnl > 0 (decisive only),COMPATIBILITY_ONLY_NOT_PRODUCTION,8273.2185,7643.9249,476.6845,461,429,-0.05761778,-0.04117365,-0.06758547,-0.05761778,-476.6845,8273.2185,OK,0.0000,14.3005,3.0000,97.0000,AG03-UNRESOLVED,ALL5_LEVELS_bet23_to_bet27,14.3005,14.3005,14.3005,19.0674,23.8342,3.000000,3.000000,3.000000,4.000000,5.000000,97.000000,97.000000,97.000000,96.000000,95.000000,5.0,85.8032,79.9124,390.8813,396.772,PENDING_AG03,FALSE,NOT_FOR_ENFORCEMENT,462.3839,7414.6071,476.6845,462.3839,14.3005,0.05761778,0.05588924,14.3005,462.3839,0.05588924,14.3005,14.3005,14.3005,19.0674,23.8342,462.3839,0.05588924,85.8032,79.9124,390.8813,396.772,0.04724658,0.04795861,0.00172853,17.9462,17.8180,1.1112,26.4825,2.1766,459.6232,23.8333,17.2501,18.3962,12.8103,13.088,25.8178,37.4785,41.6341,52.3013,12.9729,-2.5818,3.181092,3.996131,1.371201,29,107,17,5,0.37739520,0.05761778,0.04117365,0E-8,0.000000,0.923936,0.000000,0.02641182,2026-03-28,2026-08-02,18,219,178,128,0.140625,0.937699,0.961211,1.257984,,,,,,,,GLOBAL_BASELINE_NO_ENTITY_RANKING,,,NOT_APPLICABLE_GLOBAL_BASELINE,HF9g-P5,,,,X 全窗基线 · 不参与实体赏罚,8392361,840,A168_HF9F_20260827_0900,2026-08-27 09:00:00
2026-03-28,74209325,2121,0,12.1125944651,-12.1125944651,-12.1125944651,0E-7,1,1,0.49324550000000000,0.493245500000,-0.9865810262130424,-0.9865810262130424,-0.9865810262130424,0E-17,ELIGIBLE,R03b_20260811_FULL_v1,L1_ELIGIBILITY,v2026-08-11,2026-03-21..2026-08-06,baccarat_bet02_101_all_pairs_incl_sentinel,round_win = game_pnl > 0 (decisive only),COMPATIBILITY_ONLY_NOT_PRODUCTION,8273.2185,7643.9249,476.6845,461,429,-0.05761778,-0.04117365,-0.06758547,-0.05761778,-476.6845,8273.2185,OK,0.0000,14.3005,3.0000,97.0000,AG03-UNRESOLVED,ALL5_LEVELS_bet23_to_bet27,14.3005,14.3005,14.3005,19.0674,23.8342,3.000000,3.000000,3.000000,4.000000,5.000000,97.000000,97.000000,97.000000,96.000000,95.000000,5.0,85.8032,79.9124,390.8813,396.772,PENDING_AG03,FALSE,NOT_FOR_ENFORCEMENT,462.3839,7414.6071,476.6845,462.3839,14.3005,0.05761778,0.05588924,14.3005,462.3839,0.05588924,14.3005,14.3005,14.3005,19.0674,23.8342,462.3839,0.05588924,85.8032,79.9124,390.8813,396.772,0.04724658,0.04795861,0.00172853,17.9462,17.8180,1.1112,26.4825,2.1766,459.6232,23.8333,17.2501,18.3962,12.8103,13.088,25.8178,37.4785,41.6341,52.3013,12.9729,-2.5818,3.181092,3.996131,1.371201,29,107,17,5,0.37739520,0.05761778,0.04117365,0E-8,0.000000,0.923936,0.000000,0.02641182,2026-03-28,2026-08-02,18,219,178,128,0.140625,0.937699,0.961211,1.257984,,,,,,,,GLOBAL_BASELINE_NO_ENTITY_RANKING,,,NOT_APPLICABLE_GLOBAL_BASELINE,HF9g-P5,,,,X 全窗基线 · 不参与实体赏罚,8392362,840,A168_HF9F_20260827_0900,2026-08-27 09:00:00
2026-03-28,74209325,2224,0,13.1658635490,2.6331727098,2.6331727098,0.5000000,2,2,0.49994810000000000,0.499948100000,0.00014679536856514622,0.00014679536856514622,0.00014679536856514622,0E-17,ELIGIBLE,R03b_20260811_FULL_v1,L1_ELIGIBILITY,v2026-08-11,2026-03-21..2026-08-06,baccarat_bet02_101_all_pairs_incl_sentinel,round_win = game_pnl > 0 (decisive only),COMPATIBILITY_ONLY_NOT_PRODUCTION,8273.2185,7643.9249,476.6845,461,429,-0.05761778,-0.04117365,-0.06758547,-0.05761778,-476.6845,8273.2185,OK,0.0000,14.3005,3.0000,97.0000,AG03-UNRESOLVED,ALL5_LEVELS_bet23_to_bet27,14.3005,14.3005,14.3005,19.0674,23.8342,3.000000,3.000000,3.000000,4.000000,5.000000,97.000000,97.000000,97.000000,96.000000,95.000000,5.0,85.8032,79.9124,390.8813,396.772,PENDING_AG03,FALSE,NOT_FOR_ENFORCEMENT,462.3839,7414.6071,476.6845,462.3839,14.3005,0.05761778,0.05588924,14.3005,462.3839,0.05588924,14.3005,14.3005,14.3005,19.0674,23.8342,462.3839,0.05588924,85.8032,79.9124,390.8813,396.772,0.04724658,0.04795861,0.00172853,17.9462,17.8180,1.1112,26.4825,2.1766,459.6232,23.8333,17.2501,18.3962,12.8103,13.088,25.8178,37.4785,41.6341,52.3013,12.9729,-2.5818,3.181092,3.996131,1.371201,29,107,17,5,0.37739520,0.05761778,0.04117365,0E-8,0.000000,0.923936,0.000000,0.02641182,2026-03-28,2026-08-02,18,219,178,128,0.140625,0.937699,0.961211,1.257984,,,,,,,,GLOBAL_BASELINE_NO_ENTITY_RANKING,,,NOT_APPLICABLE_GLOBAL_BASELINE,HF9g-P5,,,,X 全窗基线 · 不参与实体赏罚,8392363,840,A168_HF9F_20260827_0900,2026-08-27 09:00:00
2026-03-28,74209325,2266,0,5.2663454196,-5.2663454196,-5.2663454196,0E-7,1,1,0.49324550000000000,0.493245500000,-0.9865810262130424,-0.9865810262130424,-0.9865810262130424,0E-17,ELIGIBLE,R03b_20260811_FULL_v1,L1_ELIGIBILITY,v2026-08-11,2026-03-21..2026-08-06,baccarat_bet02_101_all_pairs_incl_sentinel,round_win = game_pnl > 0 (decisive only),COMPATIBILITY_ONLY_NOT_PRODUCTION,8273.2185,7643.9249,476.6845,461,429,-0.05761778,-0.04117365,-0.06758547,-0.05761778,-476.6845,8273.2185,OK,0.0000,14.3005,3.0000,97.0000,AG03-UNRESOLVED,ALL5_LEVELS_bet23_to_bet27,14.3005,14.3005,14.3005,19.0674,23.8342,3.000000,3.000000,3.000000,4.000000,5.000000,97.000000,97.000000,97.000000,96.000000,95.000000,5.0,85.8032,79.9124,390.8813,396.772,PENDING_AG03,FALSE,NOT_FOR_ENFORCEMENT,462.3839,7414.6071,476.6845,462.3839,14.3005,0.05761778,0.05588924,14.3005,462.3839,0.05588924,14.3005,14.3005,14.3005,19.0674,23.8342,462.3839,0.05588924,85.8032,79.9124,390.8813,396.772,0.04724658,0.04795861,0.00172853,17.9462,17.8180,1.1112,26.4825,2.1766,459.6232,23.8333,17.2501,18.3962,12.8103,13.088,25.8178,37.4785,41.6341,52.3013,12.9729,-2.5818,3.181092,3.996131,1.371201,29,107,17,5,0.37739520,0.05761778,0.04117365,0E-8,0.000000,0.923936,0.000000,0.02641182,2026-03-28,2026-08-02,18,219,178,128,0.140625,0.937699,0.961211,1.257984,,,,,,,,GLOBAL_BASELINE_NO_ENTITY_RANKING,,,NOT_APPLICABLE_GLOBAL_BASELINE,HF9g-P5,,,,X 全窗基线 · 不参与实体赏罚,8392364,840,A168_HF9F_20260827_0900,2026-08-27 09:00:00
2026-04-09,74209325,-1,1,44.4991231056,17.6687694684,17.6687694684,0.6666667,3,3,0.50218230000000000,0.502182300000,0.5697959874915163,0.5697959874915164,0.5697959874915163,0E-17,SENTINEL_DEALER,R03b_20260811_FULL_v1,L1_ELIGIBILITY,v2026-08-11,2026-03-21..2026-08-06,baccarat_bet02_101_all_pairs_incl_sentinel,round_win = game_pnl > 0 (decisive only),COMPATIBILITY_ONLY_NOT_PRODUCTION,8273.2185,7643.9249,476.6845,461,429,-0.05761778,-0.04117365,-0.06758547,-0.05761778,-476.6845,8273.2185,OK,0.0000,14.3005,3.0000,97.0000,AG03-UNRESOLVED,ALL5_LEVELS_bet23_to_bet27,14.3005,14.3005,14.3005,19.0674,23.8342,3.000000,3.000000,3.000000,4.000000,5.000000,97.000000,97.000000,97.000000,96.000000,95.000000,5.0,85.8032,79.9124,390.8813,396.772,PENDING_AG03,FALSE,NOT_FOR_ENFORCEMENT,462.3839,7414.6071,476.6845,462.3839,14.3005,0.05761778,0.05588924,14.3005,462.3839,0.05588924,14.3005,14.3005,14.3005,19.0674,23.8342,462.3839,0.05588924,85.8032,79.9124,390.8813,396.772,0.04724658,0.04795861,0.00172853,17.9462,17.8180,1.1112,26.4825,2.1766,459.6232,23.8333,17.2501,18.3962,12.8103,13.088,25.8178,37.4785,41.6341,52.3013,12.9729,-2.5818,3.181092,3.996131,1.371201,29,107,17,5,0.37739520,0.05761778,0.04117365,0E-8,0.000000,0.923936,0.000000,0.02641182,2026-03-28,2026-08-02,18,219,178,128,0.140625,0.937699,0.961211,1.257984,,,,,,,,GLOBAL_BASELINE_NO_ENTITY_RANKING,,,NOT_APPLICABLE_GLOBAL_BASELINE,HF9g-P5,,,,X 全窗基线 · 不参与实体赏罚,8392365,840,A168_HF9F_20260827_0900,2026-08-27 09:00:00
2026-04-09,74209325,1210,0,154.4381331311,-32.0655445907,-32.0655445907,0.4285714,11,8,0.48443423765624194,0.436397252083,-0.2957415476805555,-0.041749522707883936,-0.2957415476805555,0.04803698557324194,ELIGIBLE,R03b_20260811_FULL_v1,L1_ELIGIBILITY,v2026-08-11,2026-03-21..2026-08-06,baccarat_bet02_101_all_pairs_incl_sentinel,round_win = game_pnl > 0 (decisive only),COMPATIBILITY_ONLY_NOT_PRODUCTION,8273.2185,7643.9249,476.6845,461,429,-0.05761778,-0.04117365,-0.06758547,-0.05761778,-476.6845,8273.2185,OK,0.0000,14.3005,3.0000,97.0000,AG03-UNRESOLVED,ALL5_LEVELS_bet23_to_bet27,14.3005,14.3005,14.3005,19.0674,23.8342,3.000000,3.000000,3.000000,4.000000,5.000000,97.000000,97.000000,97.000000,96.000000,95.000000,5.0,85.8032,79.9124,390.8813,396.772,PENDING_AG03,FALSE,NOT_FOR_ENFORCEMENT,462.3839,7414.6071,476.6845,462.3839,14.3005,0.05761778,0.05588924,14.3005,462.3839,0.05588924,14.3005,14.3005,14.3005,19.0674,23.8342,462.3839,0.05588924,85.8032,79.9124,390.8813,396.772,0.04724658,0.04795861,0.00172853,17.9462,17.8180,1.1112,26.4825,2.1766,459.6232,23.8333,17.2501,18.3962,12.8103,13.088,25.8178,37.4785,41.6341,52.3013,12.9729,-2.5818,3.181092,3.996131,1.371201,29,107,17,5,0.37739520,0.05761778,0.04117365,0E-8,0.000000,0.923936,0.000000,0.02641182,2026-03-28,2026-08-02,18,219,178,128,0.140625,0.937699,0.961211,1.257984,,,,,,,,GLOBAL_BASELINE_NO_ENTITY_RANKING,,,NOT_APPLICABLE_GLOBAL_BASELINE,HF9g-P5,,,,X 全窗基线 · 不参与实体赏罚,8392366,840,A168_HF9F_20260827_0900,2026-08-27 09:00:00
2026-04-09,74209325,1374,0,52.3519095360,-26.8303536372,-26.8303536372,0.3333333,3,3,0.50665070000000000,0.506650700000,-0.6004420894325239,-0.6004420894325239,-0.6004420894325239,0E-17,ELIGIBLE,R03b_20260811_FULL_v1,L1_ELIGIBILITY,v2026-08-11,2026-03-21..2026-08-06,baccarat_bet02_101_all_pairs_incl_sentinel,round_win = game_pnl > 0 (decisive only),COMPATIBILITY_ONLY_NOT_PRODUCTION,8273.2185,7643.9249,476.6845,461,429,-0.05761778,-0.04117365,-0.06758547,-0.05761778,-476.6845,8273.2185,OK,0.0000,14.3005,3.0000,97.0000,AG03-UNRESOLVED,ALL5_LEVELS_bet23_to_bet27,14.3005,14.3005,14.3005,19.0674,23.8342,3.000000,3.000000,3.000000,4.000000,5.000000,97.000000,97.000000,97.000000,96.000000,95.000000,5.0,85.8032,79.9124,390.8813,396.772,PENDING_AG03,FALSE,NOT_FOR_ENFORCEMENT,462.3839,7414.6071,476.6845,462.3839,14.3005,0.05761778,0.05588924,14.3005,462.3839,0.05588924,14.3005,14.3005,14.3005,19.0674,23.8342,462.3839,0.05588924,85.8032,79.9124,390.8813,396.772,0.04724658,0.04795861,0.00172853,17.9462,17.8180,1.1112,26.4825,2.1766,459.6232,23.8333,17.2501,18.3962,12.8103,13.088,25.8178,37.4785,41.6341,52.3013,12.9729,-2.5818,3.181092,3.996131,1.371201,29,107,17,5,0.37739520,0.05761778,0.04117365,0E-8,0.000000,0.923936,0.000000,0.02641182,2026-03-28,2026-08-02,18,219,178,128,0.140625,0.937699,0.961211,1.257984,,,,,,,,GLOBAL_BASELINE_NO_ENTITY_RANKING,,,NOT_APPLICABLE_GLOBAL_BASELINE,HF9g-P5,,,,X 全窗基线 · 不参与实体赏罚,8392367,840,A168_HF9F_20260827_0900,2026-08-27 09:00:00
2026-04-09,74209325,1382,0,54.9695050127,-15.7055728607,-15.7055728607,0.5000000,3,3,0.49324550000000000,0.493245500000,0.01910635448239258,0.01910635448239258,0.01910635448239258,0E-17,ELIGIBLE,R03b_20260811_FULL_v1,L1_ELIGIBILITY,v2026-08-11,2026-03-21..2026-08-06,baccarat_bet02_101_all_pairs_incl_sentinel,round_win = game_pnl > 0 (decisive only),COMPATIBILITY_ONLY_NOT_PRODUCTION,8273.2185,7643.9249,476.6845,461,429,-0.05761778,-0.04117365,-0.06758547,-0.05761778,-476.6845,8273.2185,OK,0.0000,14.3005,3.0000,97.0000,AG03-UNRESOLVED,ALL5_LEVELS_bet23_to_bet27,14.3005,14.3005,14.3005,19.0674,23.8342,3.000000,3.000000,3.000000,4.000000,5.000000,97.000000,97.000000,97.000000,96.000000,95.000000,5.0,85.8032,79.9124,390.8813,396.772,PENDING_AG03,FALSE,NOT_FOR_ENFORCEMENT,462.3839,7414.6071,476.6845,462.3839,14.3005,0.05761778,0.05588924,14.3005,462.3839,0.05588924,14.3005,14.3005,14.3005,19.0674,23.8342,462.3839,0.05588924,85.8032,79.9124,390.8813,396.772,0.04724658,0.04795861,0.00172853,17.9462,17.8180,1.1112,26.4825,2.1766,459.6232,23.8333,17.2501,18.3962,12.8103,13.088,25.8178,37.4785,41.6341,52.3013,12.9729,-2.5818,3.181092,3.996131,1.371201,29,107,17,5,0.37739520,0.05761778,0.04117365,0E-8,0.000000,0.923936,0.000000,0.02641182,2026-03-28,2026-08-02,18,219,178,128,0.140625,0.937699,0.961211,1.257984,,,,,,,,GLOBAL_BASELINE_NO_ENTITY_RANKING,,,NOT_APPLICABLE_GLOBAL_BASELINE,HF9g-P5,,,,X 全窗基线 · 不参与实体赏罚,8392368,840,A168_HF9F_20260827_0900,2026-08-27 09:00:00
2026-04-09,74209325,1385,0,15.7055728608,-15.7055728608,-15.7055728608,0E-7,1,1,0.50665070000000000,0.506650700000,-1.013391052207602,-1.013391052207602,-1.013391052207602,0E-17,ELIGIBLE,R03b_20260811_FULL_v1,L1_ELIGIBILITY,v2026-08-11,2026-03-21..2026-08-06,baccarat_bet02_101_all_pairs_incl_sentinel,round_win = game_pnl > 0 (decisive only),COMPATIBILITY_ONLY_NOT_PRODUCTION,8273.2185,7643.9249,476.6845,461,429,-0.05761778,-0.04117365,-0.06758547,-0.05761778,-476.6845,8273.2185,OK,0.0000,14.3005,3.0000,97.0000,AG03-UNRESOLVED,ALL5_LEVELS_bet23_to_bet27,14.3005,14.3005,14.3005,19.0674,23.8342,3.000000,3.000000,3.000000,4.000000,5.000000,97.000000,97.000000,97.000000,96.000000,95.000000,5.0,85.8032,79.9124,390.8813,396.772,PENDING_AG03,FALSE,NOT_FOR_ENFORCEMENT,462.3839,7414.6071,476.6845,462.3839,14.3005,0.05761778,0.05588924,14.3005,462.3839,0.05588924,14.3005,14.3005,14.3005,19.0674,23.8342,462.3839,0.05588924,85.8032,79.9124,390.8813,396.772,0.04724658,0.04795861,0.00172853,17.9462,17.8180,1.1112,26.4825,2.1766,459.6232,23.8333,17.2501,18.3962,12.8103,13.088,25.8178,37.4785,41.6341,52.3013,12.9729,-2.5818,3.181092,3.996131,1.371201,29,107,17,5,0.37739520,0.05761778,0.04117365,0E-8,0.000000,0.923936,0.000000,0.02641182,2026-03-28,2026-08-02,18,219,178,128,0.140625,0.937699,0.961211,1.257984,,,,,,,,GLOBAL_BASELINE_NO_ENTITY_RANKING,,,NOT_APPLICABLE_GLOBAL_BASELINE,HF9g-P5,,,,X 全窗基线 · 不参与实体赏罚,8392369,840,A168_HF9F_20260827_0900,2026-08-27 09:00:00
2026-04-09,74209325,1399,0,75.9102688271,2.6175954767,2.6175954767,0.3333333,3,3,0.49324550000000000,0.493245500000,-0.5540025479526107,-0.5540025479526106,-0.5540025479526107,0E-17,ELIGIBLE,R03b_20260811_FULL_v1,L1_ELIGIBILITY,v2026-08-11,2026-03-21..2026-08-06,baccarat_bet02_101_all_pairs_incl_sentinel,round_win = game_pnl > 0 (decisive only),COMPATIBILITY_ONLY_NOT_PRODUCTION,8273.2185,7643.9249,476.6845,461,429,-0.05761778,-0.04117365,-0.06758547,-0.05761778,-476.6845,8273.2185,OK,0.0000,14.3005,3.0000,97.0000,AG03-UNRESOLVED,ALL5_LEVELS_bet23_to_bet27,14.3005,14.3005,14.3005,19.0674,23.8342,3.000000,3.000000,3.000000,4.000000,5.000000,97.000000,97.000000,97.000000,96.000000,95.000000,5.0,85.8032,79.9124,390.8813,396.772,PENDING_AG03,FALSE,NOT_FOR_ENFORCEMENT,462.3839,7414.6071,476.6845,462.3839,14.3005,0.05761778,0.05588924,14.3005,462.3839,0.05588924,14.3005,14.3005,14.3005,19.0674,23.8342,462.3839,0.05588924,85.8032,79.9124,390.8813,396.772,0.04724658,0.04795861,0.00172853,17.9462,17.8180,1.1112,26.4825,2.1766,459.6232,23.8333,17.2501,18.3962,12.8103,13.088,25.8178,37.4785,41.6341,52.3013,12.9729,-2.5818,3.181092,3.996131,1.371201,29,107,17,5,0.37739520,0.05761778,0.04117365,0E-8,0.000000,0.923936,0.000000,0.02641182,2026-03-28,2026-08-02,18,219,178,128,0.140625,0.937699,0.961211,1.257984,,,,,,,,GLOBAL_BASELINE_NO_ENTITY_RANKING,,,NOT_APPLICABLE_GLOBAL_BASELINE,HF9g-P5,,,,X 全窗基线 · 不参与实体赏罚,8392370,840,A168_HF9F_20260827_0900,2026-08-27 09:00:00
2026-04-09,74209325,1402,0,13.0879773840,-13.0879773840,-13.0879773840,0E-7,1,1,0.49324550000000000,0.493245500000,-0.9865810262130424,-0.9865810262130424,-0.9865810262130424,0E-17,ELIGIBLE,R03b_20260811_FULL_v1,L1_ELIGIBILITY,v2026-08-11,2026-03-21..2026-08-06,baccarat_bet02_101_all_pairs_incl_sentinel,round_win = game_pnl > 0 (decisive only),COMPATIBILITY_ONLY_NOT_PRODUCTION,8273.2185,7643.9249,476.6845,461,429,-0.05761778,-0.04117365,-0.06758547,-0.05761778,-476.6845,8273.2185,OK,0.0000,14.3005,3.0000,97.0000,AG03-UNRESOLVED,ALL5_LEVELS_bet23_to_bet27,14.3005,14.3005,14.3005,19.0674,23.8342,3.000000,3.000000,3.000000,4.000000,5.000000,97.000000,97.000000,97.000000,96.000000,95.000000,5.0,85.8032,79.9124,390.8813,396.772,PENDING_AG03,FALSE,NOT_FOR_ENFORCEMENT,462.3839,7414.6071,476.6845,462.3839,14.3005,0.05761778,0.05588924,14.3005,462.3839,0.05588924,14.3005,14.3005,14.3005,19.0674,23.8342,462.3839,0.05588924,85.8032,79.9124,390.8813,396.772,0.04724658,0.04795861,0.00172853,17.9462,17.8180,1.1112,26.4825,2.1766,459.6232,23.8333,17.2501,18.3962,12.8103,13.088,25.8178,37.4785,41.6341,52.3013,12.9729,-2.5818,3.181092,3.996131,1.371201,29,107,17,5,0.37739520,0.05761778,0.04117365,0E-8,0.000000,0.923936,0.000000,0.02641182,2026-03-28,2026-08-02,18,219,178,128,0.140625,0.937699,0.961211,1.257984,,,,,,,,GLOBAL_BASELINE_NO_ENTITY_RANKING,,,NOT_APPLICABLE_GLOBAL_BASELINE,HF9g-P5,,,,X 全窗基线 · 不参与实体赏罚,8392371,840,A168_HF9F_20260827_0900,2026-08-27 09:00:00
2026-04-09,74209325,1490,0,78.5278643039,-27.4847525063,-27.4847525063,0.3333333,3,3,0.49771390000000000,0.497713900000,-0.5694369385616226,-0.5694369385616226,-0.5694369385616226,0E-17,ELIGIBLE,R03b_20260811_FULL_v1,L1_ELIGIBILITY,v2026-08-11,2026-03-21..2026-08-06,baccarat_bet02_101_all_pairs_incl_sentinel,round_win = game_pnl > 0 (decisive only),COMPATIBILITY_ONLY_NOT_PRODUCTION,8273.2185,7643.9249,476.6845,461,429,-0.05761778,-0.04117365,-0.06758547,-0.05761778,-476.6845,8273.2185,OK,0.0000,14.3005,3.0000,97.0000,AG03-UNRESOLVED,ALL5_LEVELS_bet23_to_bet27,14.3005,14.3005,14.3005,19.0674,23.8342,3.000000,3.000000,3.000000,4.000000,5.000000,97.000000,97.000000,97.000000,96.000000,95.000000,5.0,85.8032,79.9124,390.8813,396.772,PENDING_AG03,FALSE,NOT_FOR_ENFORCEMENT,462.3839,7414.6071,476.6845,462.3839,14.3005,0.05761778,0.05588924,14.3005,462.3839,0.05588924,14.3005,14.3005,14.3005,19.0674,23.8342,462.3839,0.05588924,85.8032,79.9124,390.8813,396.772,0.04724658,0.04795861,0.00172853,17.9462,17.8180,1.1112,26.4825,2.1766,459.6232,23.8333,17.2501,18.3962,12.8103,13.088,25.8178,37.4785,41.6341,52.3013,12.9729,-2.5818,3.181092,3.996131,1.371201,29,107,17,5,0.37739520,0.05761778,0.04117365,0E-8,0.000000,0.923936,0.000000,0.02641182,2026-03-28,2026-08-02,18,219,178,128,0.140625,0.937699,0.961211,1.257984,,,,,,,,GLOBAL_BASELINE_NO_ENTITY_RANKING,,,NOT_APPLICABLE_GLOBAL_BASELINE,HF9g-P5,,,,X 全窗基线 · 不参与实体赏罚,8392372,840,A168_HF9F_20260827_0900,2026-08-27 09:00:00
2026-04-09,74209325,1507,0,15.7055728608,15.7055728608,15.7055728608,1.0000000,1,1,0.49324550000000000,0.493245500000,1.01360149184955,1.01360149184955,1.01360149184955,0E-17,ELIGIBLE,R03b_20260811_FULL_v1,L1_ELIGIBILITY,v2026-08-11,2026-03-21..2026-08-06,baccarat_bet02_101_all_pairs_incl_sentinel,round_win = game_pnl > 0 (decisive only),COMPATIBILITY_ONLY_NOT_PRODUCTION,8273.2185,7643.9249,476.6845,461,429,-0.05761778,-0.04117365,-0.06758547,-0.05761778,-476.6845,8273.2185,OK,0.0000,14.3005,3.0000,97.0000,AG03-UNRESOLVED,ALL5_LEVELS_bet23_to_bet27,14.3005,14.3005,14.3005,19.0674,23.8342,3.000000,3.000000,3.000000,4.000000,5.000000,97.000000,97.000000,97.000000,96.000000,95.000000,5.0,85.8032,79.9124,390.8813,396.772,PENDING_AG03,FALSE,NOT_FOR_ENFORCEMENT,462.3839,7414.6071,476.6845,462.3839,14.3005,0.05761778,0.05588924,14.3005,462.3839,0.05588924,14.3005,14.3005,14.3005,19.0674,23.8342,462.3839,0.05588924,85.8032,79.9124,390.8813,396.772,0.04724658,0.04795861,0.00172853,17.9462,17.8180,1.1112,26.4825,2.1766,459.6232,23.8333,17.2501,18.3962,12.8103,13.088,25.8178,37.4785,41.6341,52.3013,12.9729,-2.5818,3.181092,3.996131,1.371201,29,107,17,5,0.37739520,0.05761778,0.04117365,0E-8,0.000000,0.923936,0.000000,0.02641182,2026-03-28,2026-08-02,18,219,178,128,0.140625,0.937699,0.961211,1.257984,,,,,,,,GLOBAL_BASELINE_NO_ENTITY_RANKING,,,NOT_APPLICABLE_GLOBAL_BASELINE,HF9g-P5,,,,X 全窗基线 · 不参与实体赏罚,8392373,840,A168_HF9F_20260827_0900,2026-08-27 09:00:00
2026-04-09,74209325,1509,0,83.7630552576,30.1023479832,30.1023479832,0.7500000,4,4,0.49994810000000000,0.499948100000,1.0002076053883384,1.0002076053883384,1.0002076053883384,0E-17,ELIGIBLE,R03b_20260811_FULL_v1,L1_ELIGIBILITY,v2026-08-11,2026-03-21..2026-08-06,baccarat_bet02_101_all_pairs_incl_sentinel,round_win = game_pnl > 0 (decisive only),COMPATIBILITY_ONLY_NOT_PRODUCTION,8273.2185,7643.9249,476.6845,461,429,-0.05761778,-0.04117365,-0.06758547,-0.05761778,-476.6845,8273.2185,OK,0.0000,14.3005,3.0000,97.0000,AG03-UNRESOLVED,ALL5_LEVELS_bet23_to_bet27,14.3005,14.3005,14.3005,19.0674,23.8342,3.000000,3.000000,3.000000,4.000000,5.000000,97.000000,97.000000,97.000000,96.000000,95.000000,5.0,85.8032,79.9124,390.8813,396.772,PENDING_AG03,FALSE,NOT_FOR_ENFORCEMENT,462.3839,7414.6071,476.6845,462.3839,14.3005,0.05761778,0.05588924,14.3005,462.3839,0.05588924,14.3005,14.3005,14.3005,19.0674,23.8342,462.3839,0.05588924,85.8032,79.9124,390.8813,396.772,0.04724658,0.04795861,0.00172853,17.9462,17.8180,1.1112,26.4825,2.1766,459.6232,23.8333,17.2501,18.3962,12.8103,13.088,25.8178,37.4785,41.6341,52.3013,12.9729,-2.5818,3.181092,3.996131,1.371201,29,107,17,5,0.37739520,0.05761778,0.04117365,0E-8,0.000000,0.923936,0.000000,0.02641182,2026-03-28,2026-08-02,18,219,178,128,0.140625,0.937699,0.961211,1.257984,,,,,,,,GLOBAL_BASELINE_NO_ENTITY_RANKING,,,NOT_APPLICABLE_GLOBAL_BASELINE,HF9g-P5,,,,X 全窗基线 · 不参与实体赏罚,8392374,840,A168_HF9F_20260827_0900,2026-08-27 09:00:00
2026-04-09,74209325,1646,0,102.0862235950,0E-10,0E-10,0.5000000,2,2,0.50665070000000000,0.506650700000,-0.018812684590367487,-0.018812684590367487,-0.018812684590367487,0E-17,ELIGIBLE,R03b_20260811_FULL_v1,L1_ELIGIBILITY,v2026-08-11,2026-03-21..2026-08-06,baccarat_bet02_101_all_pairs_incl_sentinel,round_win = game_pnl > 0 (decisive only),COMPATIBILITY_ONLY_NOT_PRODUCTION,8273.2185,7643.9249,476.6845,461,429,-0.05761778,-0.04117365,-0.06758547,-0.05761778,-476.6845,8273.2185,OK,0.0000,14.3005,3.0000,97.0000,AG03-UNRESOLVED,ALL5_LEVELS_bet23_to_bet27,14.3005,14.3005,14.3005,19.0674,23.8342,3.000000,3.000000,3.000000,4.000000,5.000000,97.000000,97.000000,97.000000,96.000000,95.000000,5.0,85.8032,79.9124,390.8813,396.772,PENDING_AG03,FALSE,NOT_FOR_ENFORCEMENT,462.3839,7414.6071,476.6845,462.3839,14.3005,0.05761778,0.05588924,14.3005,462.3839,0.05588924,14.3005,14.3005,14.3005,19.0674,23.8342,462.3839,0.05588924,85.8032,79.9124,390.8813,396.772,0.04724658,0.04795861,0.00172853,17.9462,17.8180,1.1112,26.4825,2.1766,459.6232,23.8333,17.2501,18.3962,12.8103,13.088,25.8178,37.4785,41.6341,52.3013,12.9729,-2.5818,3.181092,3.996131,1.371201,29,107,17,5,0.37739520,0.05761778,0.04117365,0E-8,0.000000,0.923936,0.000000,0.02641182,2026-03-28,2026-08-02,18,219,178,128,0.140625,0.937699,0.961211,1.257984,,,,,,,,GLOBAL_BASELINE_NO_ENTITY_RANKING,,,NOT_APPLICABLE_GLOBAL_BASELINE,HF9g-P5,,,,X 全窗基线 · 不参与实体赏罚,8392375,840,A168_HF9F_20260827_0900,2026-08-27 09:00:00
2026-04-09,74209325,1947,0,44.4991231055,44.4991231055,44.4991231055,1.0000000,1,1,0.49324550000000000,0.493245500000,1.01360149184955,1.01360149184955,1.01360149184955,0E-17,ELIGIBLE,R03b_20260811_FULL_v1,L1_ELIGIBILITY,v2026-08-11,2026-03-21..2026-08-06,baccarat_bet02_101_all_pairs_incl_sentinel,round_win = game_pnl > 0 (decisive only),COMPATIBILITY_ONLY_NOT_PRODUCTION,8273.2185,7643.9249,476.6845,461,429,-0.05761778,-0.04117365,-0.06758547,-0.05761778,-476.6845,8273.2185,OK,0.0000,14.3005,3.0000,97.0000,AG03-UNRESOLVED,ALL5_LEVELS_bet23_to_bet27,14.3005,14.3005,14.3005,19.0674,23.8342,3.000000,3.000000,3.000000,4.000000,5.000000,97.000000,97.000000,97.000000,96.000000,95.000000,5.0,85.8032,79.9124,390.8813,396.772,PENDING_AG03,FALSE,NOT_FOR_ENFORCEMENT,462.3839,7414.6071,476.6845,462.3839,14.3005,0.05761778,0.05588924,14.3005,462.3839,0.05588924,14.3005,14.3005,14.3005,19.0674,23.8342,462.3839,0.05588924,85.8032,79.9124,390.8813,396.772,0.04724658,0.04795861,0.00172853,17.9462,17.8180,1.1112,26.4825,2.1766,459.6232,23.8333,17.2501,18.3962,12.8103,13.088,25.8178,37.4785,41.6341,52.3013,12.9729,-2.5818,3.181092,3.996131,1.371201,29,107,17,5,0.37739520,0.05761778,0.04117365,0E-8,0.000000,0.923936,0.000000,0.02641182,2026-03-28,2026-08-02,18,219,178,128,0.140625,0.937699,0.961211,1.257984,,,,,,,,GLOBAL_BASELINE_NO_ENTITY_RANKING,,,NOT_APPLICABLE_GLOBAL_BASELINE,HF9g-P5,,,,X 全窗基线 · 不参与实体赏罚,8392376,840,A168_HF9F_20260827_0900,2026-08-27 09:00:00
2026-04-09,74209325,1957,0,13.0879773840,-13.0879773840,-13.0879773840,0E-7,1,1,0.49324550000000000,0.493245500000,-0.9865810262130424,-0.9865810262130424,-0.9865810262130424,0E-17,ELIGIBLE,R03b_20260811_FULL_v1,L1_ELIGIBILITY,v2026-08-11,2026-03-21..2026-08-06,baccarat_bet02_101_all_pairs_incl_sentinel,round_win = game_pnl > 0 (decisive only),COMPATIBILITY_ONLY_NOT_PRODUCTION,8273.2185,7643.9249,476.6845,461,429,-0.05761778,-0.04117365,-0.06758547,-0.05761778,-476.6845,8273.2185,OK,0.0000,14.3005,3.0000,97.0000,AG03-UNRESOLVED,ALL5_LEVELS_bet23_to_bet27,14.3005,14.3005,14.3005,19.0674,23.8342,3.000000,3.000000,3.000000,4.000000,5.000000,97.000000,97.000000,97.000000,96.000000,95.000000,5.0,85.8032,79.9124,390.8813,396.772,PENDING_AG03,FALSE,NOT_FOR_ENFORCEMENT,462.3839,7414.6071,476.6845,462.3839,14.3005,0.05761778,0.05588924,14.3005,462.3839,0.05588924,14.3005,14.3005,14.3005,19.0674,23.8342,462.3839,0.05588924,85.8032,79.9124,390.8813,396.772,0.04724658,0.04795861,0.00172853,17.9462,17.8180,1.1112,26.4825,2.1766,459.6232,23.8333,17.2501,18.3962,12.8103,13.088,25.8178,37.4785,41.6341,52.3013,12.9729,-2.5818,3.181092,3.996131,1.371201,29,107,17,5,0.37739520,0.05761778,0.04117365,0E-8,0.000000,0.923936,0.000000,0.02641182,2026-03-28,2026-08-02,18,219,178,128,0.140625,0.937699,0.961211,1.257984,,,,,,,,GLOBAL_BASELINE_NO_ENTITY_RANKING,,,NOT_APPLICABLE_GLOBAL_BASELINE,HF9g-P5,,,,X 全窗基线 · 不参与实体赏罚,8392377,840,A168_HF9F_20260827_0900,2026-08-27 09:00:00
2026-04-09,74209325,2134,0,125.6445828861,81.1454597806,81.1454597806,1.0000000,3,3,0.49324550000000000,0.493245500000,1.4334489766152358,1.4334489766152358,1.4334489766152358,0E-17,ELIGIBLE,R03b_20260811_FULL_v1,L1_ELIGIBILITY,v2026-08-11,2026-03-21..2026-08-06,baccarat_bet02_101_all_pairs_incl_sentinel,round_win = game_pnl > 0 (decisive only),COMPATIBILITY_ONLY_NOT_PRODUCTION,8273.2185,7643.9249,476.6845,461,429,-0.05761778,-0.04117365,-0.06758547,-0.05761778,-476.6845,8273.2185,OK,0.0000,14.3005,3.0000,97.0000,AG03-UNRESOLVED,ALL5_LEVELS_bet23_to_bet27,14.3005,14.3005,14.3005,19.0674,23.8342,3.000000,3.000000,3.000000,4.000000,5.000000,97.000000,97.000000,97.000000,96.000000,95.000000,5.0,85.8032,79.9124,390.8813,396.772,PENDING_AG03,FALSE,NOT_FOR_ENFORCEMENT,462.3839,7414.6071,476.6845,462.3839,14.3005,0.05761778,0.05588924,14.3005,462.3839,0.05588924,14.3005,14.3005,14.3005,19.0674,23.8342,462.3839,0.05588924,85.8032,79.9124,390.8813,396.772,0.04724658,0.04795861,0.00172853,17.9462,17.8180,1.1112,26.4825,2.1766,459.6232,23.8333,17.2501,18.3962,12.8103,13.088,25.8178,37.4785,41.6341,52.3013,12.9729,-2.5818,3.181092,3.996131,1.371201,29,107,17,5,0.37739520,0.05761778,0.04117365,0E-8,0.000000,0.923936,0.000000,0.02641182,2026-03-28,2026-08-02,18,219,178,128,0.140625,0.937699,0.961211,1.257984,,,,,,,,GLOBAL_BASELINE_NO_ENTITY_RANKING,,,NOT_APPLICABLE_GLOBAL_BASELINE,HF9g-P5,,,,X 全窗基线 · 不参与实体赏罚,8392378,840,A168_HF9F_20260827_0900,2026-08-27 09:00:00
2026-04-09,74209325,2171,0,52.3519095360,-26.1759547680,-26.1759547680,0.3333333,3,3,0.49771390000000000,0.497713900000,-0.5694369385616226,-0.5694369385616226,-0.5694369385616226,0E-17,ELIGIBLE,R03b_20260811_FULL_v1,L1_ELIGIBILITY,v2026-08-11,2026-03-21..2026-08-06,baccarat_bet02_101_all_pairs_incl_sentinel,round_win = game_pnl > 0 (decisive only),COMPATIBILITY_ONLY_NOT_PRODUCTION,8273.2185,7643.9249,476.6845,461,429,-0.05761778,-0.04117365,-0.06758547,-0.05761778,-476.6845,8273.2185,OK,0.0000,14.3005,3.0000,97.0000,AG03-UNRESOLVED,ALL5_LEVELS_bet23_to_bet27,14.3005,14.3005,14.3005,19.0674,23.8342,3.000000,3.000000,3.000000,4.000000,5.000000,97.000000,97.000000,97.000000,96.000000,95.000000,5.0,85.8032,79.9124,390.8813,396.772,PENDING_AG03,FALSE,NOT_FOR_ENFORCEMENT,462.3839,7414.6071,476.6845,462.3839,14.3005,0.05761778,0.05588924,14.3005,462.3839,0.05588924,14.3005,14.3005,14.3005,19.0674,23.8342,462.3839,0.05588924,85.8032,79.9124,390.8813,396.772,0.04724658,0.04795861,0.00172853,17.9462,17.8180,1.1112,26.4825,2.1766,459.6232,23.8333,17.2501,18.3962,12.8103,13.088,25.8178,37.4785,41.6341,52.3013,12.9729,-2.5818,3.181092,3.996131,1.371201,29,107,17,5,0.37739520,0.05761778,0.04117365,0E-8,0.000000,0.923936,0.000000,0.02641182,2026-03-28,2026-08-02,18,219,178,128,0.140625,0.937699,0.961211,1.257984,,,,,,,,GLOBAL_BASELINE_NO_ENTITY_RANKING,,,NOT_APPLICABLE_GLOBAL_BASELINE,HF9g-P5,,,,X 全窗基线 · 不参与实体赏罚,8392379,840,A168_HF9F_20260827_0900,2026-08-27 09:00:00
2026-04-09,74209325,2201,0,13.0879773840,-13.0879773840,-13.0879773840,0E-7,1,1,0.50665070000000000,0.506650700000,-1.013391052207602,-1.013391052207602,-1.013391052207602,0E-17,ELIGIBLE,R03b_20260811_FULL_v1,L1_ELIGIBILITY,v2026-08-11,2026-03-21..2026-08-06,baccarat_bet02_101_all_pairs_incl_sentinel,round_win = game_pnl > 0 (decisive only),COMPATIBILITY_ONLY_NOT_PRODUCTION,8273.2185,7643.9249,476.6845,461,429,-0.05761778,-0.04117365,-0.06758547,-0.05761778,-476.6845,8273.2185,OK,0.0000,14.3005,3.0000,97.0000,AG03-UNRESOLVED,ALL5_LEVELS_bet23_to_bet27,14.3005,14.3005,14.3005,19.0674,23.8342,3.000000,3.000000,3.000000,4.000000,5.000000,97.000000,97.000000,97.000000,96.000000,95.000000,5.0,85.8032,79.9124,390.8813,396.772,PENDING_AG03,FALSE,NOT_FOR_ENFORCEMENT,462.3839,7414.6071,476.6845,462.3839,14.3005,0.05761778,0.05588924,14.3005,462.3839,0.05588924,14.3005,14.3005,14.3005,19.0674,23.8342,462.3839,0.05588924,85.8032,79.9124,390.8813,396.772,0.04724658,0.04795861,0.00172853,17.9462,17.8180,1.1112,26.4825,2.1766,459.6232,23.8333,17.2501,18.3962,12.8103,13.088,25.8178,37.4785,41.6341,52.3013,12.9729,-2.5818,3.181092,3.996131,1.371201,29,107,17,5,0.37739520,0.05761778,0.04117365,0E-8,0.000000,0.923936,0.000000,0.02641182,2026-03-28,2026-08-02,18,219,178,128,0.140625,0.937699,0.961211,1.257984,,,,,,,,GLOBAL_BASELINE_NO_ENTITY_RANKING,,,NOT_APPLICABLE_GLOBAL_BASELINE,HF9g-P5,,,,X 全窗基线 · 不参与实体赏罚,8392380,840,A168_HF9F_20260827_0900,2026-08-27 09:00:00
2026-04-09,74209325,2209,0,13.0879773840,-13.0879773840,-13.0879773840,0E-7,1,1,0.49324550000000000,0.493245500000,-0.9865810262130424,-0.9865810262130424,-0.9865810262130424,0E-17,ELIGIBLE,R03b_20260811_FULL_v1,L1_ELIGIBILITY,v2026-08-11,2026-03-21..2026-08-06,baccarat_bet02_101_all_pairs_incl_sentinel,round_win = game_pnl > 0 (decisive only),COMPATIBILITY_ONLY_NOT_PRODUCTION,8273.2185,7643.9249,476.6845,461,429,-0.05761778,-0.04117365,-0.06758547,-0.05761778,-476.6845,8273.2185,OK,0.0000,14.3005,3.0000,97.0000,AG03-UNRESOLVED,ALL5_LEVELS_bet23_to_bet27,14.3005,14.3005,14.3005,19.0674,23.8342,3.000000,3.000000,3.000000,4.000000,5.000000,97.000000,97.000000,97.000000,96.000000,95.000000,5.0,85.8032,79.9124,390.8813,396.772,PENDING_AG03,FALSE,NOT_FOR_ENFORCEMENT,462.3839,7414.6071,476.6845,462.3839,14.3005,0.05761778,0.05588924,14.3005,462.3839,0.05588924,14.3005,14.3005,14.3005,19.0674,23.8342,462.3839,0.05588924,85.8032,79.9124,390.8813,396.772,0.04724658,0.04795861,0.00172853,17.9462,17.8180,1.1112,26.4825,2.1766,459.6232,23.8333,17.2501,18.3962,12.8103,13.088,25.8178,37.4785,41.6341,52.3013,12.9729,-2.5818,3.181092,3.996131,1.371201,29,107,17,5,0.37739520,0.05761778,0.04117365,0E-8,0.000000,0.923936,0.000000,0.02641182,2026-03-28,2026-08-02,18,219,178,128,0.140625,0.937699,0.961211,1.257984,,,,,,,,GLOBAL_BASELINE_NO_ENTITY_RANKING,,,NOT_APPLICABLE_GLOBAL_BASELINE,HF9g-P5,,,,X 全窗基线 · 不参与实体赏罚,8392381,840,A168_HF9F_20260827_0900,2026-08-27 09:00:00
2026-04-09,74209325,2216,0,26.1759547680,26.1759547680,26.1759547680,1.0000000,2,2,0.49324550000000000,0.493245500000,1.4334489766152358,1.4334489766152358,1.4334489766152358,0E-17,ELIGIBLE,R03b_20260811_FULL_v1,L1_ELIGIBILITY,v2026-08-11,2026-03-21..2026-08-06,baccarat_bet02_101_all_pairs_incl_sentinel,round_win = game_pnl > 0 (decisive only),COMPATIBILITY_ONLY_NOT_PRODUCTION,8273.2185,7643.9249,476.6845,461,429,-0.05761778,-0.04117365,-0.06758547,-0.05761778,-476.6845,8273.2185,OK,0.0000,14.3005,3.0000,97.0000,AG03-UNRESOLVED,ALL5_LEVELS_bet23_to_bet27,14.3005,14.3005,14.3005,19.0674,23.8342,3.000000,3.000000,3.000000,4.000000,5.000000,97.000000,97.000000,97.000000,96.000000,95.000000,5.0,85.8032,79.9124,390.8813,396.772,PENDING_AG03,FALSE,NOT_FOR_ENFORCEMENT,462.3839,7414.6071,476.6845,462.3839,14.3005,0.05761778,0.05588924,14.3005,462.3839,0.05588924,14.3005,14.3005,14.3005,19.0674,23.8342,462.3839,0.05588924,85.8032,79.9124,390.8813,396.772,0.04724658,0.04795861,0.00172853,17.9462,17.8180,1.1112,26.4825,2.1766,459.6232,23.8333,17.2501,18.3962,12.8103,13.088,25.8178,37.4785,41.6341,52.3013,12.9729,-2.5818,3.181092,3.996131,1.371201,29,107,17,5,0.37739520,0.05761778,0.04117365,0E-8,0.000000,0.923936,0.000000,0.02641182,2026-03-28,2026-08-02,18,219,178,128,0.140625,0.937699,0.961211,1.257984,,,,,,,,GLOBAL_BASELINE_NO_ENTITY_RANKING,,,NOT_APPLICABLE_GLOBAL_BASELINE,HF9g-P5,,,,X 全窗基线 · 不参与实体赏罚,8392382,840,A168_HF9F_20260827_0900,2026-08-27 09:00:00
2026-04-09,74209325,2224,0,26.1759547680,26.1759547680,26.1759547680,1.0000000,1,1,0.49324550000000000,0.493245500000,1.01360149184955,1.01360149184955,1.01360149184955,0E-17,ELIGIBLE,R03b_20260811_FULL_v1,L1_ELIGIBILITY,v2026-08-11,2026-03-21..2026-08-06,baccarat_bet02_101_all_pairs_incl_sentinel,round_win = game_pnl > 0 (decisive only),COMPATIBILITY_ONLY_NOT_PRODUCTION,8273.2185,7643.9249,476.6845,461,429,-0.05761778,-0.04117365,-0.06758547,-0.05761778,-476.6845,8273.2185,OK,0.0000,14.3005,3.0000,97.0000,AG03-UNRESOLVED,ALL5_LEVELS_bet23_to_bet27,14.3005,14.3005,14.3005,19.0674,23.8342,3.000000,3.000000,3.000000,4.000000,5.000000,97.000000,97.000000,97.000000,96.000000,95.000000,5.0,85.8032,79.9124,390.8813,396.772,PENDING_AG03,FALSE,NOT_FOR_ENFORCEMENT,462.3839,7414.6071,476.6845,462.3839,14.3005,0.05761778,0.05588924,14.3005,462.3839,0.05588924,14.3005,14.3005,14.3005,19.0674,23.8342,462.3839,0.05588924,85.8032,79.9124,390.8813,396.772,0.04724658,0.04795861,0.00172853,17.9462,17.8180,1.1112,26.4825,2.1766,459.6232,23.8333,17.2501,18.3962,12.8103,13.088,25.8178,37.4785,41.6341,52.3013,12.9729,-2.5818,3.181092,3.996131,1.371201,29,107,17,5,0.37739520,0.05761778,0.04117365,0E-8,0.000000,0.923936,0.000000,0.02641182,2026-03-28,2026-08-02,18,219,178,128,0.140625,0.937699,0.961211,1.257984,,,,,,,,GLOBAL_BASELINE_NO_ENTITY_RANKING,,,NOT_APPLICABLE_GLOBAL_BASELINE,HF9g-P5,,,,X 全窗基线 · 不参与实体赏罚,8392383,840,A168_HF9F_20260827_0900,2026-08-27 09:00:00
2026-04-09,74209325,2246,0,54.9695050128,-5.8895898228,-5.8895898228,0.5000000,3,3,0.50665070000000000,0.506650700000,-0.018812684590367487,-0.018812684590367487,-0.018812684590367487,0E-17,ELIGIBLE,R03b_20260811_FULL_v1,L1_ELIGIBILITY,v2026-08-11,2026-03-21..2026-08-06,baccarat_bet02_101_all_pairs_incl_sentinel,round_win = game_pnl > 0 (decisive only),COMPATIBILITY_ONLY_NOT_PRODUCTION,8273.2185,7643.9249,476.6845,461,429,-0.05761778,-0.04117365,-0.06758547,-0.05761778,-476.6845,8273.2185,OK,0.0000,14.3005,3.0000,97.0000,AG03-UNRESOLVED,ALL5_LEVELS_bet23_to_bet27,14.3005,14.3005,14.3005,19.0674,23.8342,3.000000,3.000000,3.000000,4.000000,5.000000,97.000000,97.000000,97.000000,96.000000,95.000000,5.0,85.8032,79.9124,390.8813,396.772,PENDING_AG03,FALSE,NOT_FOR_ENFORCEMENT,462.3839,7414.6071,476.6845,462.3839,14.3005,0.05761778,0.05588924,14.3005,462.3839,0.05588924,14.3005,14.3005,14.3005,19.0674,23.8342,462.3839,0.05588924,85.8032,79.9124,390.8813,396.772,0.04724658,0.04795861,0.00172853,17.9462,17.8180,1.1112,26.4825,2.1766,459.6232,23.8333,17.2501,18.3962,12.8103,13.088,25.8178,37.4785,41.6341,52.3013,12.9729,-2.5818,3.181092,3.996131,1.371201,29,107,17,5,0.37739520,0.05761778,0.04117365,0E-8,0.000000,0.923936,0.000000,0.02641182,2026-03-28,2026-08-02,18,219,178,128,0.140625,0.937699,0.961211,1.257984,,,,,,,,GLOBAL_BASELINE_NO_ENTITY_RANKING,,,NOT_APPLICABLE_GLOBAL_BASELINE,HF9g-P5,,,,X 全窗基线 · 不参与实体赏罚,8392384,840,A168_HF9F_20260827_0900,2026-08-27 09:00:00
2026-04-09,74209325,2267,0,26.1759547680,-26.1759547680,-26.1759547680,0E-7,1,1,0.50665070000000000,0.506650700000,-1.013391052207602,-1.013391052207602,-1.013391052207602,0E-17,ELIGIBLE,R03b_20260811_FULL_v1,L1_ELIGIBILITY,v2026-08-11,2026-03-21..2026-08-06,baccarat_bet02_101_all_pairs_incl_sentinel,round_win = game_pnl > 0 (decisive only),COMPATIBILITY_ONLY_NOT_PRODUCTION,8273.2185,7643.9249,476.6845,461,429,-0.05761778,-0.04117365,-0.06758547,-0.05761778,-476.6845,8273.2185,OK,0.0000,14.3005,3.0000,97.0000,AG03-UNRESOLVED,ALL5_LEVELS_bet23_to_bet27,14.3005,14.3005,14.3005,19.0674,23.8342,3.000000,3.000000,3.000000,4.000000,5.000000,97.000000,97.000000,97.000000,96.000000,95.000000,5.0,85.8032,79.9124,390.8813,396.772,PENDING_AG03,FALSE,NOT_FOR_ENFORCEMENT,462.3839,7414.6071,476.6845,462.3839,14.3005,0.05761778,0.05588924,14.3005,462.3839,0.05588924,14.3005,14.3005,14.3005,19.0674,23.8342,462.3839,0.05588924,85.8032,79.9124,390.8813,396.772,0.04724658,0.04795861,0.00172853,17.9462,17.8180,1.1112,26.4825,2.1766,459.6232,23.8333,17.2501,18.3962,12.8103,13.088,25.8178,37.4785,41.6341,52.3013,12.9729,-2.5818,3.181092,3.996131,1.371201,29,107,17,5,0.37739520,0.05761778,0.04117365,0E-8,0.000000,0.923936,0.000000,0.02641182,2026-03-28,2026-08-02,18,219,178,128,0.140625,0.937699,0.961211,1.257984,,,,,,,,GLOBAL_BASELINE_NO_ENTITY_RANKING,,,NOT_APPLICABLE_GLOBAL_BASELINE,HF9g-P5,,,,X 全窗基线 · 不参与实体赏罚,8392385,840,A168_HF9F_20260827_0900,2026-08-27 09:00:00
2026-04-11,74209325,-1,1,26.1759547680,0E-10,0E-10,0.5000000,2,2,0.49324550000000000,0.493245500000,0.01910635448239258,0.01910635448239258,0.01910635448239258,0E-17,SENTINEL_DEALER,R03b_20260811_FULL_v1,L1_ELIGIBILITY,v2026-08-11,2026-03-21..2026-08-06,baccarat_bet02_101_all_pairs_incl_sentinel,round_win = game_pnl > 0 (decisive only),COMPATIBILITY_ONLY_NOT_PRODUCTION,8273.2185,7643.9249,476.6845,461,429,-0.05761778,-0.04117365,-0.06758547,-0.05761778,-476.6845,8273.2185,OK,0.0000,14.3005,3.0000,97.0000,AG03-UNRESOLVED,ALL5_LEVELS_bet23_to_bet27,14.3005,14.3005,14.3005,19.0674,23.8342,3.000000,3.000000,3.000000,4.000000,5.000000,97.000000,97.000000,97.000000,96.000000,95.000000,5.0,85.8032,79.9124,390.8813,396.772,PENDING_AG03,FALSE,NOT_FOR_ENFORCEMENT,462.3839,7414.6071,476.6845,462.3839,14.3005,0.05761778,0.05588924,14.3005,462.3839,0.05588924,14.3005,14.3005,14.3005,19.0674,23.8342,462.3839,0.05588924,85.8032,79.9124,390.8813,396.772,0.04724658,0.04795861,0.00172853,17.9462,17.8180,1.1112,26.4825,2.1766,459.6232,23.8333,17.2501,18.3962,12.8103,13.088,25.8178,37.4785,41.6341,52.3013,12.9729,-2.5818,3.181092,3.996131,1.371201,29,107,17,5,0.37739520,0.05761778,0.04117365,0E-8,0.000000,0.923936,0.000000,0.02641182,2026-03-28,2026-08-02,18,219,178,128,0.140625,0.937699,0.961211,1.257984,,,,,,,,GLOBAL_BASELINE_NO_ENTITY_RANKING,,,NOT_APPLICABLE_GLOBAL_BASELINE,HF9g-P5,,,,X 全窗基线 · 不参与实体赏罚,8392386,840,A168_HF9F_20260827_0900,2026-08-27 09:00:00
2026-04-11,74209325,1304,0,14.1350155747,-14.1350155747,-14.1350155747,0E-7,1,1,0.50665070000000000,0.506650700000,-1.013391052207602,-1.013391052207602,-1.013391052207602,0E-17,ELIGIBLE,R03b_20260811_FULL_v1,L1_ELIGIBILITY,v2026-08-11,2026-03-21..2026-08-06,baccarat_bet02_101_all_pairs_incl_sentinel,round_win = game_pnl > 0 (decisive only),COMPATIBILITY_ONLY_NOT_PRODUCTION,8273.2185,7643.9249,476.6845,461,429,-0.05761778,-0.04117365,-0.06758547,-0.05761778,-476.6845,8273.2185,OK,0.0000,14.3005,3.0000,97.0000,AG03-UNRESOLVED,ALL5_LEVELS_bet23_to_bet27,14.3005,14.3005,14.3005,19.0674,23.8342,3.000000,3.000000,3.000000,4.000000,5.000000,97.000000,97.000000,97.000000,96.000000,95.000000,5.0,85.8032,79.9124,390.8813,396.772,PENDING_AG03,FALSE,NOT_FOR_ENFORCEMENT,462.3839,7414.6071,476.6845,462.3839,14.3005,0.05761778,0.05588924,14.3005,462.3839,0.05588924,14.3005,14.3005,14.3005,19.0674,23.8342,462.3839,0.05588924,85.8032,79.9124,390.8813,396.772,0.04724658,0.04795861,0.00172853,17.9462,17.8180,1.1112,26.4825,2.1766,459.6232,23.8333,17.2501,18.3962,12.8103,13.088,25.8178,37.4785,41.6341,52.3013,12.9729,-2.5818,3.181092,3.996131,1.371201,29,107,17,5,0.37739520,0.05761778,0.04117365,0E-8,0.000000,0.923936,0.000000,0.02641182,2026-03-28,2026-08-02,18,219,178,128,0.140625,0.937699,0.961211,1.257984,,,,,,,,GLOBAL_BASELINE_NO_ENTITY_RANKING,,,NOT_APPLICABLE_GLOBAL_BASELINE,HF9g-P5,,,,X 全窗基线 · 不参与实体赏罚,8392387,840,A168_HF9F_20260827_0900,2026-08-27 09:00:00
2026-04-11,74209325,1363,0,13.0879773840,-13.0879773840,-13.0879773840,0E-7,1,1,0.50665070000000000,0.506650700000,-1.013391052207602,-1.013391052207602,-1.013391052207602,0E-17,ELIGIBLE,R03b_20260811_FULL_v1,L1_ELIGIBILITY,v2026-08-11,2026-03-21..2026-08-06,baccarat_bet02_101_all_pairs_incl_sentinel,round_win = game_pnl > 0 (decisive only),COMPATIBILITY_ONLY_NOT_PRODUCTION,8273.2185,7643.9249,476.6845,461,429,-0.05761778,-0.04117365,-0.06758547,-0.05761778,-476.6845,8273.2185,OK,0.0000,14.3005,3.0000,97.0000,AG03-UNRESOLVED,ALL5_LEVELS_bet23_to_bet27,14.3005,14.3005,14.3005,19.0674,23.8342,3.000000,3.000000,3.000000,4.000000,5.000000,97.000000,97.000000,97.000000,96.000000,95.000000,5.0,85.8032,79.9124,390.8813,396.772,PENDING_AG03,FALSE,NOT_FOR_ENFORCEMENT,462.3839,7414.6071,476.6845,462.3839,14.3005,0.05761778,0.05588924,14.3005,462.3839,0.05588924,14.3005,14.3005,14.3005,19.0674,23.8342,462.3839,0.05588924,85.8032,79.9124,390.8813,396.772,0.04724658,0.04795861,0.00172853,17.9462,17.8180,1.1112,26.4825,2.1766,459.6232,23.8333,17.2501,18.3962,12.8103,13.088,25.8178,37.4785,41.6341,52.3013,12.9729,-2.5818,3.181092,3.996131,1.371201,29,107,17,5,0.37739520,0.05761778,0.04117365,0E-8,0.000000,0.923936,0.000000,0.02641182,2026-03-28,2026-08-02,18,219,178,128,0.140625,0.937699,0.961211,1.257984,,,,,,,,GLOBAL_BASELINE_NO_ENTITY_RANKING,,,NOT_APPLICABLE_GLOBAL_BASELINE,HF9g-P5,,,,X 全窗基线 · 不参与实体赏罚,8392388,840,A168_HF9F_20260827_0900,2026-08-27 09:00:00
2026-04-11,74209325,1405,0,26.1759547680,25.5215558988,25.5215558988,1.0000000,2,2,0.49994810000000000,0.499948100000,1.4143603653603398,1.4143603653603398,1.4143603653603398,0E-17,ELIGIBLE,R03b_20260811_FULL_v1,L1_ELIGIBILITY,v2026-08-11,2026-03-21..2026-08-06,baccarat_bet02_101_all_pairs_incl_sentinel,round_win = game_pnl > 0 (decisive only),COMPATIBILITY_ONLY_NOT_PRODUCTION,8273.2185,7643.9249,476.6845,461,429,-0.05761778,-0.04117365,-0.06758547,-0.05761778,-476.6845,8273.2185,OK,0.0000,14.3005,3.0000,97.0000,AG03-UNRESOLVED,ALL5_LEVELS_bet23_to_bet27,14.3005,14.3005,14.3005,19.0674,23.8342,3.000000,3.000000,3.000000,4.000000,5.000000,97.000000,97.000000,97.000000,96.000000,95.000000,5.0,85.8032,79.9124,390.8813,396.772,PENDING_AG03,FALSE,NOT_FOR_ENFORCEMENT,462.3839,7414.6071,476.6845,462.3839,14.3005,0.05761778,0.05588924,14.3005,462.3839,0.05588924,14.3005,14.3005,14.3005,19.0674,23.8342,462.3839,0.05588924,85.8032,79.9124,390.8813,396.772,0.04724658,0.04795861,0.00172853,17.9462,17.8180,1.1112,26.4825,2.1766,459.6232,23.8333,17.2501,18.3962,12.8103,13.088,25.8178,37.4785,41.6341,52.3013,12.9729,-2.5818,3.181092,3.996131,1.371201,29,107,17,5,0.37739520,0.05761778,0.04117365,0E-8,0.000000,0.923936,0.000000,0.02641182,2026-03-28,2026-08-02,18,219,178,128,0.140625,0.937699,0.961211,1.257984,,,,,,,,GLOBAL_BASELINE_NO_ENTITY_RANKING,,,NOT_APPLICABLE_GLOBAL_BASELINE,HF9g-P5,,,,X 全窗基线 · 不参与实体赏罚,8392389,840,A168_HF9F_20260827_0900,2026-08-27 09:00:00
2026-04-11,74209325,1509,0,13.0879773840,-13.0879773840,-13.0879773840,0E-7,1,1,0.49324550000000000,0.493245500000,-0.9865810262130424,-0.9865810262130424,-0.9865810262130424,0E-17,ELIGIBLE,R03b_20260811_FULL_v1,L1_ELIGIBILITY,v2026-08-11,2026-03-21..2026-08-06,baccarat_bet02_101_all_pairs_incl_sentinel,round_win = game_pnl > 0 (decisive only),COMPATIBILITY_ONLY_NOT_PRODUCTION,8273.2185,7643.9249,476.6845,461,429,-0.05761778,-0.04117365,-0.06758547,-0.05761778,-476.6845,8273.2185,OK,0.0000,14.3005,3.0000,97.0000,AG03-UNRESOLVED,ALL5_LEVELS_bet23_to_bet27,14.3005,14.3005,14.3005,19.0674,23.8342,3.000000,3.000000,3.000000,4.000000,5.000000,97.000000,97.000000,97.000000,96.000000,95.000000,5.0,85.8032,79.9124,390.8813,396.772,PENDING_AG03,FALSE,NOT_FOR_ENFORCEMENT,462.3839,7414.6071,476.6845,462.3839,14.3005,0.05761778,0.05588924,14.3005,462.3839,0.05588924,14.3005,14.3005,14.3005,19.0674,23.8342,462.3839,0.05588924,85.8032,79.9124,390.8813,396.772,0.04724658,0.04795861,0.00172853,17.9462,17.8180,1.1112,26.4825,2.1766,459.6232,23.8333,17.2501,18.3962,12.8103,13.088,25.8178,37.4785,41.6341,52.3013,12.9729,-2.5818,3.181092,3.996131,1.371201,29,107,17,5,0.37739520,0.05761778,0.04117365,0E-8,0.000000,0.923936,0.000000,0.02641182,2026-03-28,2026-08-02,18,219,178,128,0.140625,0.937699,0.961211,1.257984,,,,,,,,GLOBAL_BASELINE_NO_ENTITY_RANKING,,,NOT_APPLICABLE_GLOBAL_BASELINE,HF9g-P5,,,,X 全窗基线 · 不参与实体赏罚,8392390,840,A168_HF9F_20260827_0900,2026-08-27 09:00:00
2026-04-11,74209325,1935,0,5.2351909536,-5.2351909536,-5.2351909536,0E-7,1,1,0.49324550000000000,0.493245500000,-0.9865810262130424,-0.9865810262130424,-0.9865810262130424,0E-17,ELIGIBLE,R03b_20260811_FULL_v1,L1_ELIGIBILITY,v2026-08-11,2026-03-21..2026-08-06,baccarat_bet02_101_all_pairs_incl_sentinel,round_win = game_pnl > 0 (decisive only),COMPATIBILITY_ONLY_NOT_PRODUCTION,8273.2185,7643.9249,476.6845,461,429,-0.05761778,-0.04117365,-0.06758547,-0.05761778,-476.6845,8273.2185,OK,0.0000,14.3005,3.0000,97.0000,AG03-UNRESOLVED,ALL5_LEVELS_bet23_to_bet27,14.3005,14.3005,14.3005,19.0674,23.8342,3.000000,3.000000,3.000000,4.000000,5.000000,97.000000,97.000000,97.000000,96.000000,95.000000,5.0,85.8032,79.9124,390.8813,396.772,PENDING_AG03,FALSE,NOT_FOR_ENFORCEMENT,462.3839,7414.6071,476.6845,462.3839,14.3005,0.05761778,0.05588924,14.3005,462.3839,0.05588924,14.3005,14.3005,14.3005,19.0674,23.8342,462.3839,0.05588924,85.8032,79.9124,390.8813,396.772,0.04724658,0.04795861,0.00172853,17.9462,17.8180,1.1112,26.4825,2.1766,459.6232,23.8333,17.2501,18.3962,12.8103,13.088,25.8178,37.4785,41.6341,52.3013,12.9729,-2.5818,3.181092,3.996131,1.371201,29,107,17,5,0.37739520,0.05761778,0.04117365,0E-8,0.000000,0.923936,0.000000,0.02641182,2026-03-28,2026-08-02,18,219,178,128,0.140625,0.937699,0.961211,1.257984,,,,,,,,GLOBAL_BASELINE_NO_ENTITY_RANKING,,,NOT_APPLICABLE_GLOBAL_BASELINE,HF9g-P5,,,,X 全窗基线 · 不参与实体赏罚,8392391,840,A168_HF9F_20260827_0900,2026-08-27 09:00:00
2026-04-11,74209325,1941,0,13.0879773840,-13.0879773840,-13.0879773840,0E-7,1,1,0.50665070000000000,0.506650700000,-1.013391052207602,-1.013391052207602,-1.013391052207602,0E-17,ELIGIBLE,R03b_20260811_FULL_v1,L1_ELIGIBILITY,v2026-08-11,2026-03-21..2026-08-06,baccarat_bet02_101_all_pairs_incl_sentinel,round_win = game_pnl > 0 (decisive only),COMPATIBILITY_ONLY_NOT_PRODUCTION,8273.2185,7643.9249,476.6845,461,429,-0.05761778,-0.04117365,-0.06758547,-0.05761778,-476.6845,8273.2185,OK,0.0000,14.3005,3.0000,97.0000,AG03-UNRESOLVED,ALL5_LEVELS_bet23_to_bet27,14.3005,14.3005,14.3005,19.0674,23.8342,3.000000,3.000000,3.000000,4.000000,5.000000,97.000000,97.000000,97.000000,96.000000,95.000000,5.0,85.8032,79.9124,390.8813,396.772,PENDING_AG03,FALSE,NOT_FOR_ENFORCEMENT,462.3839,7414.6071,476.6845,462.3839,14.3005,0.05761778,0.05588924,14.3005,462.3839,0.05588924,14.3005,14.3005,14.3005,19.0674,23.8342,462.3839,0.05588924,85.8032,79.9124,390.8813,396.772,0.04724658,0.04795861,0.00172853,17.9462,17.8180,1.1112,26.4825,2.1766,459.6232,23.8333,17.2501,18.3962,12.8103,13.088,25.8178,37.4785,41.6341,52.3013,12.9729,-2.5818,3.181092,3.996131,1.371201,29,107,17,5,0.37739520,0.05761778,0.04117365,0E-8,0.000000,0.923936,0.000000,0.02641182,2026-03-28,2026-08-02,18,219,178,128,0.140625,0.937699,0.961211,1.257984,,,,,,,,GLOBAL_BASELINE_NO_ENTITY_RANKING,,,NOT_APPLICABLE_GLOBAL_BASELINE,HF9g-P5,,,,X 全窗基线 · 不参与实体赏罚,8392392,840,A168_HF9F_20260827_0900,2026-08-27 09:00:00
2026-04-11,74209325,1951,0,60.2046959664,13.0879773840,13.0879773840,0.5000000,4,4,0.49659680000000000,0.496596800000,0.013613115331600182,0.013613115331600183,0.013613115331600182,0E-17,ELIGIBLE,R03b_20260811_FULL_v1,L1_ELIGIBILITY,v2026-08-11,2026-03-21..2026-08-06,baccarat_bet02_101_all_pairs_incl_sentinel,round_win = game_pnl > 0 (decisive only),COMPATIBILITY_ONLY_NOT_PRODUCTION,8273.2185,7643.9249,476.6845,461,429,-0.05761778,-0.04117365,-0.06758547,-0.05761778,-476.6845,8273.2185,OK,0.0000,14.3005,3.0000,97.0000,AG03-UNRESOLVED,ALL5_LEVELS_bet23_to_bet27,14.3005,14.3005,14.3005,19.0674,23.8342,3.000000,3.000000,3.000000,4.000000,5.000000,97.000000,97.000000,97.000000,96.000000,95.000000,5.0,85.8032,79.9124,390.8813,396.772,PENDING_AG03,FALSE,NOT_FOR_ENFORCEMENT,462.3839,7414.6071,476.6845,462.3839,14.3005,0.05761778,0.05588924,14.3005,462.3839,0.05588924,14.3005,14.3005,14.3005,19.0674,23.8342,462.3839,0.05588924,85.8032,79.9124,390.8813,396.772,0.04724658,0.04795861,0.00172853,17.9462,17.8180,1.1112,26.4825,2.1766,459.6232,23.8333,17.2501,18.3962,12.8103,13.088,25.8178,37.4785,41.6341,52.3013,12.9729,-2.5818,3.181092,3.996131,1.371201,29,107,17,5,0.37739520,0.05761778,0.04117365,0E-8,0.000000,0.923936,0.000000,0.02641182,2026-03-28,2026-08-02,18,219,178,128,0.140625,0.937699,0.961211,1.257984,,,,,,,,GLOBAL_BASELINE_NO_ENTITY_RANKING,,,NOT_APPLICABLE_GLOBAL_BASELINE,HF9g-P5,,,,X 全窗基线 · 不参与实体赏罚,8392393,840,A168_HF9F_20260827_0900,2026-08-27 09:00:00
2026-04-11,74209325,1966,0,26.1759547680,26.1759547680,26.1759547680,1.0000000,2,2,0.49324550000000000,0.493245500000,1.4334489766152358,1.4334489766152358,1.4334489766152358,0E-17,ELIGIBLE,R03b_20260811_FULL_v1,L1_ELIGIBILITY,v2026-08-11,2026-03-21..2026-08-06,baccarat_bet02_101_all_pairs_incl_sentinel,round_win = game_pnl > 0 (decisive only),COMPATIBILITY_ONLY_NOT_PRODUCTION,8273.2185,7643.9249,476.6845,461,429,-0.05761778,-0.04117365,-0.06758547,-0.05761778,-476.6845,8273.2185,OK,0.0000,14.3005,3.0000,97.0000,AG03-UNRESOLVED,ALL5_LEVELS_bet23_to_bet27,14.3005,14.3005,14.3005,19.0674,23.8342,3.000000,3.000000,3.000000,4.000000,5.000000,97.000000,97.000000,97.000000,96.000000,95.000000,5.0,85.8032,79.9124,390.8813,396.772,PENDING_AG03,FALSE,NOT_FOR_ENFORCEMENT,462.3839,7414.6071,476.6845,462.3839,14.3005,0.05761778,0.05588924,14.3005,462.3839,0.05588924,14.3005,14.3005,14.3005,19.0674,23.8342,462.3839,0.05588924,85.8032,79.9124,390.8813,396.772,0.04724658,0.04795861,0.00172853,17.9462,17.8180,1.1112,26.4825,2.1766,459.6232,23.8333,17.2501,18.3962,12.8103,13.088,25.8178,37.4785,41.6341,52.3013,12.9729,-2.5818,3.181092,3.996131,1.371201,29,107,17,5,0.37739520,0.05761778,0.04117365,0E-8,0.000000,0.923936,0.000000,0.02641182,2026-03-28,2026-08-02,18,219,178,128,0.140625,0.937699,0.961211,1.257984,,,,,,,,GLOBAL_BASELINE_NO_ENTITY_RANKING,,,NOT_APPLICABLE_GLOBAL_BASELINE,HF9g-P5,,,,X 全窗基线 · 不参与实体赏罚,8392394,840,A168_HF9F_20260827_0900,2026-08-27 09:00:00
2026-04-11,74209325,2069,0,13.0879773840,-13.0879773840,-13.0879773840,0E-7,1,1,0.50665070000000000,0.506650700000,-1.013391052207602,-1.013391052207602,-1.013391052207602,0E-17,ELIGIBLE,R03b_20260811_FULL_v1,L1_ELIGIBILITY,v2026-08-11,2026-03-21..2026-08-06,baccarat_bet02_101_all_pairs_incl_sentinel,round_win = game_pnl > 0 (decisive only),COMPATIBILITY_ONLY_NOT_PRODUCTION,8273.2185,7643.9249,476.6845,461,429,-0.05761778,-0.04117365,-0.06758547,-0.05761778,-476.6845,8273.2185,OK,0.0000,14.3005,3.0000,97.0000,AG03-UNRESOLVED,ALL5_LEVELS_bet23_to_bet27,14.3005,14.3005,14.3005,19.0674,23.8342,3.000000,3.000000,3.000000,4.000000,5.000000,97.000000,97.000000,97.000000,96.000000,95.000000,5.0,85.8032,79.9124,390.8813,396.772,PENDING_AG03,FALSE,NOT_FOR_ENFORCEMENT,462.3839,7414.6071,476.6845,462.3839,14.3005,0.05761778,0.05588924,14.3005,462.3839,0.05588924,14.3005,14.3005,14.3005,19.0674,23.8342,462.3839,0.05588924,85.8032,79.9124,390.8813,396.772,0.04724658,0.04795861,0.00172853,17.9462,17.8180,1.1112,26.4825,2.1766,459.6232,23.8333,17.2501,18.3962,12.8103,13.088,25.8178,37.4785,41.6341,52.3013,12.9729,-2.5818,3.181092,3.996131,1.371201,29,107,17,5,0.37739520,0.05761778,0.04117365,0E-8,0.000000,0.923936,0.000000,0.02641182,2026-03-28,2026-08-02,18,219,178,128,0.140625,0.937699,0.961211,1.257984,,,,,,,,GLOBAL_BASELINE_NO_ENTITY_RANKING,,,NOT_APPLICABLE_GLOBAL_BASELINE,HF9g-P5,,,,X 全窗基线 · 不参与实体赏罚,8392395,840,A168_HF9F_20260827_0900,2026-08-27 09:00:00
2026-04-11,74209325,2103,0,18.3231683376,-18.3231683376,-18.3231683376,0E-7,1,1,0.50665070000000000,0.506650700000,-1.013391052207602,-1.013391052207602,-1.013391052207602,0E-17,ELIGIBLE,R03b_20260811_FULL_v1,L1_ELIGIBILITY,v2026-08-11,2026-03-21..2026-08-06,baccarat_bet02_101_all_pairs_incl_sentinel,round_win = game_pnl > 0 (decisive only),COMPATIBILITY_ONLY_NOT_PRODUCTION,8273.2185,7643.9249,476.6845,461,429,-0.05761778,-0.04117365,-0.06758547,-0.05761778,-476.6845,8273.2185,OK,0.0000,14.3005,3.0000,97.0000,AG03-UNRESOLVED,ALL5_LEVELS_bet23_to_bet27,14.3005,14.3005,14.3005,19.0674,23.8342,3.000000,3.000000,3.000000,4.000000,5.000000,97.000000,97.000000,97.000000,96.000000,95.000000,5.0,85.8032,79.9124,390.8813,396.772,PENDING_AG03,FALSE,NOT_FOR_ENFORCEMENT,462.3839,7414.6071,476.6845,462.3839,14.3005,0.05761778,0.05588924,14.3005,462.3839,0.05588924,14.3005,14.3005,14.3005,19.0674,23.8342,462.3839,0.05588924,85.8032,79.9124,390.8813,396.772,0.04724658,0.04795861,0.00172853,17.9462,17.8180,1.1112,26.4825,2.1766,459.6232,23.8333,17.2501,18.3962,12.8103,13.088,25.8178,37.4785,41.6341,52.3013,12.9729,-2.5818,3.181092,3.996131,1.371201,29,107,17,5,0.37739520,0.05761778,0.04117365,0E-8,0.000000,0.923936,0.000000,0.02641182,2026-03-28,2026-08-02,18,219,178,128,0.140625,0.937699,0.961211,1.257984,,,,,,,,GLOBAL_BASELINE_NO_ENTITY_RANKING,,,NOT_APPLICABLE_GLOBAL_BASELINE,HF9g-P5,,,,X 全窗基线 · 不参与实体赏罚,8392396,840,A168_HF9F_20260827_0900,2026-08-27 09:00:00
2026-04-11,74209325,2108,0,20.9407638144,-20.9407638144,-20.9407638144,0E-7,1,1,0.49324550000000000,0.493245500000,-0.9865810262130424,-0.9865810262130424,-0.9865810262130424,0E-17,ELIGIBLE,R03b_20260811_FULL_v1,L1_ELIGIBILITY,v2026-08-11,2026-03-21..2026-08-06,baccarat_bet02_101_all_pairs_incl_sentinel,round_win = game_pnl > 0 (decisive only),COMPATIBILITY_ONLY_NOT_PRODUCTION,8273.2185,7643.9249,476.6845,461,429,-0.05761778,-0.04117365,-0.06758547,-0.05761778,-476.6845,8273.2185,OK,0.0000,14.3005,3.0000,97.0000,AG03-UNRESOLVED,ALL5_LEVELS_bet23_to_bet27,14.3005,14.3005,14.3005,19.0674,23.8342,3.000000,3.000000,3.000000,4.000000,5.000000,97.000000,97.000000,97.000000,96.000000,95.000000,5.0,85.8032,79.9124,390.8813,396.772,PENDING_AG03,FALSE,NOT_FOR_ENFORCEMENT,462.3839,7414.6071,476.6845,462.3839,14.3005,0.05761778,0.05588924,14.3005,462.3839,0.05588924,14.3005,14.3005,14.3005,19.0674,23.8342,462.3839,0.05588924,85.8032,79.9124,390.8813,396.772,0.04724658,0.04795861,0.00172853,17.9462,17.8180,1.1112,26.4825,2.1766,459.6232,23.8333,17.2501,18.3962,12.8103,13.088,25.8178,37.4785,41.6341,52.3013,12.9729,-2.5818,3.181092,3.996131,1.371201,29,107,17,5,0.37739520,0.05761778,0.04117365,0E-8,0.000000,0.923936,0.000000,0.02641182,2026-03-28,2026-08-02,18,219,178,128,0.140625,0.937699,0.961211,1.257984,,,,,,,,GLOBAL_BASELINE_NO_ENTITY_RANKING,,,NOT_APPLICABLE_GLOBAL_BASELINE,HF9g-P5,,,,X 全窗基线 · 不参与实体赏罚,8392397,840,A168_HF9F_20260827_0900,2026-08-27 09:00:00
2026-04-11,74209325,2123,0,15.7055728608,-15.7055728608,-15.7055728608,0E-7,1,1,0.49324550000000000,0.493245500000,-0.9865810262130424,-0.9865810262130424,-0.9865810262130424,0E-17,ELIGIBLE,R03b_20260811_FULL_v1,L1_ELIGIBILITY,v2026-08-11,2026-03-21..2026-08-06,baccarat_bet02_101_all_pairs_incl_sentinel,round_win = game_pnl > 0 (decisive only),COMPATIBILITY_ONLY_NOT_PRODUCTION,8273.2185,7643.9249,476.6845,461,429,-0.05761778,-0.04117365,-0.06758547,-0.05761778,-476.6845,8273.2185,OK,0.0000,14.3005,3.0000,97.0000,AG03-UNRESOLVED,ALL5_LEVELS_bet23_to_bet27,14.3005,14.3005,14.3005,19.0674,23.8342,3.000000,3.000000,3.000000,4.000000,5.000000,97.000000,97.000000,97.000000,96.000000,95.000000,5.0,85.8032,79.9124,390.8813,396.772,PENDING_AG03,FALSE,NOT_FOR_ENFORCEMENT,462.3839,7414.6071,476.6845,462.3839,14.3005,0.05761778,0.05588924,14.3005,462.3839,0.05588924,14.3005,14.3005,14.3005,19.0674,23.8342,462.3839,0.05588924,85.8032,79.9124,390.8813,396.772,0.04724658,0.04795861,0.00172853,17.9462,17.8180,1.1112,26.4825,2.1766,459.6232,23.8333,17.2501,18.3962,12.8103,13.088,25.8178,37.4785,41.6341,52.3013,12.9729,-2.5818,3.181092,3.996131,1.371201,29,107,17,5,0.37739520,0.05761778,0.04117365,0E-8,0.000000,0.923936,0.000000,0.02641182,2026-03-28,2026-08-02,18,219,178,128,0.140625,0.937699,0.961211,1.257984,,,,,,,,GLOBAL_BASELINE_NO_ENTITY_RANKING,,,NOT_APPLICABLE_GLOBAL_BASELINE,HF9g-P5,,,,X 全窗基线 · 不参与实体赏罚,8392398,840,A168_HF9F_20260827_0900,2026-08-27 09:00:00
2026-04-11,74209325,2130,0,47.1167185823,-31.4111457215,-31.4111457215,0.5000000,2,2,0.49994810000000000,0.499948100000,0.00014679536856514622,0.00014679536856514622,0.00014679536856514622,0E-17,ELIGIBLE,R03b_20260811_FULL_v1,L1_ELIGIBILITY,v2026-08-11,2026-03-21..2026-08-06,baccarat_bet02_101_all_pairs_incl_sentinel,round_win = game_pnl > 0 (decisive only),COMPATIBILITY_ONLY_NOT_PRODUCTION,8273.2185,7643.9249,476.6845,461,429,-0.05761778,-0.04117365,-0.06758547,-0.05761778,-476.6845,8273.2185,OK,0.0000,14.3005,3.0000,97.0000,AG03-UNRESOLVED,ALL5_LEVELS_bet23_to_bet27,14.3005,14.3005,14.3005,19.0674,23.8342,3.000000,3.000000,3.000000,4.000000,5.000000,97.000000,97.000000,97.000000,96.000000,95.000000,5.0,85.8032,79.9124,390.8813,396.772,PENDING_AG03,FALSE,NOT_FOR_ENFORCEMENT,462.3839,7414.6071,476.6845,462.3839,14.3005,0.05761778,0.05588924,14.3005,462.3839,0.05588924,14.3005,14.3005,14.3005,19.0674,23.8342,462.3839,0.05588924,85.8032,79.9124,390.8813,396.772,0.04724658,0.04795861,0.00172853,17.9462,17.8180,1.1112,26.4825,2.1766,459.6232,23.8333,17.2501,18.3962,12.8103,13.088,25.8178,37.4785,41.6341,52.3013,12.9729,-2.5818,3.181092,3.996131,1.371201,29,107,17,5,0.37739520,0.05761778,0.04117365,0E-8,0.000000,0.923936,0.000000,0.02641182,2026-03-28,2026-08-02,18,219,178,128,0.140625,0.937699,0.961211,1.257984,,,,,,,,GLOBAL_BASELINE_NO_ENTITY_RANKING,,,NOT_APPLICABLE_GLOBAL_BASELINE,HF9g-P5,,,,X 全窗基线 · 不参与实体赏罚,8392399,840,A168_HF9F_20260827_0900,2026-08-27 09:00:00
2026-04-11,74209325,2142,0,39.2639321520,26.1759547680,26.1759547680,1.0000000,3,3,0.49771390000000000,0.497713900000,1.4206944795187548,1.420694479518755,1.4206944795187548,0E-17,ELIGIBLE,R03b_20260811_FULL_v1,L1_ELIGIBILITY,v2026-08-11,2026-03-21..2026-08-06,baccarat_bet02_101_all_pairs_incl_sentinel,round_win = game_pnl > 0 (decisive only),COMPATIBILITY_ONLY_NOT_PRODUCTION,8273.2185,7643.9249,476.6845,461,429,-0.05761778,-0.04117365,-0.06758547,-0.05761778,-476.6845,8273.2185,OK,0.0000,14.3005,3.0000,97.0000,AG03-UNRESOLVED,ALL5_LEVELS_bet23_to_bet27,14.3005,14.3005,14.3005,19.0674,23.8342,3.000000,3.000000,3.000000,4.000000,5.000000,97.000000,97.000000,97.000000,96.000000,95.000000,5.0,85.8032,79.9124,390.8813,396.772,PENDING_AG03,FALSE,NOT_FOR_ENFORCEMENT,462.3839,7414.6071,476.6845,462.3839,14.3005,0.05761778,0.05588924,14.3005,462.3839,0.05588924,14.3005,14.3005,14.3005,19.0674,23.8342,462.3839,0.05588924,85.8032,79.9124,390.8813,396.772,0.04724658,0.04795861,0.00172853,17.9462,17.8180,1.1112,26.4825,2.1766,459.6232,23.8333,17.2501,18.3962,12.8103,13.088,25.8178,37.4785,41.6341,52.3013,12.9729,-2.5818,3.181092,3.996131,1.371201,29,107,17,5,0.37739520,0.05761778,0.04117365,0E-8,0.000000,0.923936,0.000000,0.02641182,2026-03-28,2026-08-02,18,219,178,128,0.140625,0.937699,0.961211,1.257984,,,,,,,,GLOBAL_BASELINE_NO_ENTITY_RANKING,,,NOT_APPLICABLE_GLOBAL_BASELINE,HF9g-P5,,,,X 全窗基线 · 不参与实体赏罚,8392400,840,A168_HF9F_20260827_0900,2026-08-27 09:00:00
2026-04-11,74209325,2145,0,55.4930241081,27.1968170039,27.1968170039,0.6666667,3,3,0.50665070000000000,0.506650700000,0.5543606114942035,0.5543606114942035,0.5543606114942035,0E-17,ELIGIBLE,R03b_20260811_FULL_v1,L1_ELIGIBILITY,v2026-08-11,2026-03-21..2026-08-06,baccarat_bet02_101_all_pairs_incl_sentinel,round_win = game_pnl > 0 (decisive only),COMPATIBILITY_ONLY_NOT_PRODUCTION,8273.2185,7643.9249,476.6845,461,429,-0.05761778,-0.04117365,-0.06758547,-0.05761778,-476.6845,8273.2185,OK,0.0000,14.3005,3.0000,97.0000,AG03-UNRESOLVED,ALL5_LEVELS_bet23_to_bet27,14.3005,14.3005,14.3005,19.0674,23.8342,3.000000,3.000000,3.000000,4.000000,5.000000,97.000000,97.000000,97.000000,96.000000,95.000000,5.0,85.8032,79.9124,390.8813,396.772,PENDING_AG03,FALSE,NOT_FOR_ENFORCEMENT,462.3839,7414.6071,476.6845,462.3839,14.3005,0.05761778,0.05588924,14.3005,462.3839,0.05588924,14.3005,14.3005,14.3005,19.0674,23.8342,462.3839,0.05588924,85.8032,79.9124,390.8813,396.772,0.04724658,0.04795861,0.00172853,17.9462,17.8180,1.1112,26.4825,2.1766,459.6232,23.8333,17.2501,18.3962,12.8103,13.088,25.8178,37.4785,41.6341,52.3013,12.9729,-2.5818,3.181092,3.996131,1.371201,29,107,17,5,0.37739520,0.05761778,0.04117365,0E-8,0.000000,0.923936,0.000000,0.02641182,2026-03-28,2026-08-02,18,219,178,128,0.140625,0.937699,0.961211,1.257984,,,,,,,,GLOBAL_BASELINE_NO_ENTITY_RANKING,,,NOT_APPLICABLE_GLOBAL_BASELINE,HF9g-P5,,,,X 全窗基线 · 不参与实体赏罚,8392401,840,A168_HF9F_20260827_0900,2026-08-27 09:00:00
2026-04-11,74209325,2246,0,48.6872758685,5.4184226369,5.4184226369,0.6666667,3,3,0.50218230000000000,0.502182300000,0.5697959874915163,0.5697959874915164,0.5697959874915163,0E-17,ELIGIBLE,R03b_20260811_FULL_v1,L1_ELIGIBILITY,v2026-08-11,2026-03-21..2026-08-06,baccarat_bet02_101_all_pairs_incl_sentinel,round_win = game_pnl > 0 (decisive only),COMPATIBILITY_ONLY_NOT_PRODUCTION,8273.2185,7643.9249,476.6845,461,429,-0.05761778,-0.04117365,-0.06758547,-0.05761778,-476.6845,8273.2185,OK,0.0000,14.3005,3.0000,97.0000,AG03-UNRESOLVED,ALL5_LEVELS_bet23_to_bet27,14.3005,14.3005,14.3005,19.0674,23.8342,3.000000,3.000000,3.000000,4.000000,5.000000,97.000000,97.000000,97.000000,96.000000,95.000000,5.0,85.8032,79.9124,390.8813,396.772,PENDING_AG03,FALSE,NOT_FOR_ENFORCEMENT,462.3839,7414.6071,476.6845,462.3839,14.3005,0.05761778,0.05588924,14.3005,462.3839,0.05588924,14.3005,14.3005,14.3005,19.0674,23.8342,462.3839,0.05588924,85.8032,79.9124,390.8813,396.772,0.04724658,0.04795861,0.00172853,17.9462,17.8180,1.1112,26.4825,2.1766,459.6232,23.8333,17.2501,18.3962,12.8103,13.088,25.8178,37.4785,41.6341,52.3013,12.9729,-2.5818,3.181092,3.996131,1.371201,29,107,17,5,0.37739520,0.05761778,0.04117365,0E-8,0.000000,0.923936,0.000000,0.02641182,2026-03-28,2026-08-02,18,219,178,128,0.140625,0.937699,0.961211,1.257984,,,,,,,,GLOBAL_BASELINE_NO_ENTITY_RANKING,,,NOT_APPLICABLE_GLOBAL_BASELINE,HF9g-P5,,,,X 全窗基线 · 不参与实体赏罚,8392402,840,A168_HF9F_20260827_0900,2026-08-27 09:00:00
2026-04-11,74209325,2248,0,14.6585346701,14.6585346701,14.6585346701,1.0000000,1,1,0.49324550000000000,0.493245500000,1.01360149184955,1.01360149184955,1.01360149184955,0E-17,ELIGIBLE,R03b_20260811_FULL_v1,L1_ELIGIBILITY,v2026-08-11,2026-03-21..2026-08-06,baccarat_bet02_101_all_pairs_incl_sentinel,round_win = game_pnl > 0 (decisive only),COMPATIBILITY_ONLY_NOT_PRODUCTION,8273.2185,7643.9249,476.6845,461,429,-0.05761778,-0.04117365,-0.06758547,-0.05761778,-476.6845,8273.2185,OK,0.0000,14.3005,3.0000,97.0000,AG03-UNRESOLVED,ALL5_LEVELS_bet23_to_bet27,14.3005,14.3005,14.3005,19.0674,23.8342,3.000000,3.000000,3.000000,4.000000,5.000000,97.000000,97.000000,97.000000,96.000000,95.000000,5.0,85.8032,79.9124,390.8813,396.772,PENDING_AG03,FALSE,NOT_FOR_ENFORCEMENT,462.3839,7414.6071,476.6845,462.3839,14.3005,0.05761778,0.05588924,14.3005,462.3839,0.05588924,14.3005,14.3005,14.3005,19.0674,23.8342,462.3839,0.05588924,85.8032,79.9124,390.8813,396.772,0.04724658,0.04795861,0.00172853,17.9462,17.8180,1.1112,26.4825,2.1766,459.6232,23.8333,17.2501,18.3962,12.8103,13.088,25.8178,37.4785,41.6341,52.3013,12.9729,-2.5818,3.181092,3.996131,1.371201,29,107,17,5,0.37739520,0.05761778,0.04117365,0E-8,0.000000,0.923936,0.000000,0.02641182,2026-03-28,2026-08-02,18,219,178,128,0.140625,0.937699,0.961211,1.257984,,,,,,,,GLOBAL_BASELINE_NO_ENTITY_RANKING,,,NOT_APPLICABLE_GLOBAL_BASELINE,HF9g-P5,,,,X 全窗基线 · 不参与实体赏罚,8392403,840,A168_HF9F_20260827_0900,2026-08-27 09:00:00
2026-04-11,74209325,2256,0,13.0879773840,-13.0879773840,-13.0879773840,0E-7,1,1,0.49324550000000000,0.493245500000,-0.9865810262130424,-0.9865810262130424,-0.9865810262130424,0E-17,ELIGIBLE,R03b_20260811_FULL_v1,L1_ELIGIBILITY,v2026-08-11,2026-03-21..2026-08-06,baccarat_bet02_101_all_pairs_incl_sentinel,round_win = game_pnl > 0 (decisive only),COMPATIBILITY_ONLY_NOT_PRODUCTION,8273.2185,7643.9249,476.6845,461,429,-0.05761778,-0.04117365,-0.06758547,-0.05761778,-476.6845,8273.2185,OK,0.0000,14.3005,3.0000,97.0000,AG03-UNRESOLVED,ALL5_LEVELS_bet23_to_bet27,14.3005,14.3005,14.3005,19.0674,23.8342,3.000000,3.000000,3.000000,4.000000,5.000000,97.000000,97.000000,97.000000,96.000000,95.000000,5.0,85.8032,79.9124,390.8813,396.772,PENDING_AG03,FALSE,NOT_FOR_ENFORCEMENT,462.3839,7414.6071,476.6845,462.3839,14.3005,0.05761778,0.05588924,14.3005,462.3839,0.05588924,14.3005,14.3005,14.3005,19.0674,23.8342,462.3839,0.05588924,85.8032,79.9124,390.8813,396.772,0.04724658,0.04795861,0.00172853,17.9462,17.8180,1.1112,26.4825,2.1766,459.6232,23.8333,17.2501,18.3962,12.8103,13.088,25.8178,37.4785,41.6341,52.3013,12.9729,-2.5818,3.181092,3.996131,1.371201,29,107,17,5,0.37739520,0.05761778,0.04117365,0E-8,0.000000,0.923936,0.000000,0.02641182,2026-03-28,2026-08-02,18,219,178,128,0.140625,0.937699,0.961211,1.257984,,,,,,,,GLOBAL_BASELINE_NO_ENTITY_RANKING,,,NOT_APPLICABLE_GLOBAL_BASELINE,HF9g-P5,,,,X 全窗基线 · 不参与实体赏罚,8392404,840,A168_HF9F_20260827_0900,2026-08-27 09:00:00
2026-05-08,74209325,1941,0,94.1829692285,-52.1509003167,-52.1509003167,0.2500000,6,4,0.47252534405908176,0.423487641667,-0.8914482250475723,-0.7022210724929778,-0.8914482250475723,0.04903770239208176,ELIGIBLE,R03b_20260811_FULL_v1,L1_ELIGIBILITY,v2026-08-11,2026-03-21..2026-08-06,baccarat_bet02_101_all_pairs_incl_sentinel,round_win = game_pnl > 0 (decisive only),COMPATIBILITY_ONLY_NOT_PRODUCTION,8273.2185,7643.9249,476.6845,461,429,-0.05761778,-0.04117365,-0.06758547,-0.05761778,-476.6845,8273.2185,OK,0.0000,14.3005,3.0000,97.0000,AG03-UNRESOLVED,ALL5_LEVELS_bet23_to_bet27,14.3005,14.3005,14.3005,19.0674,23.8342,3.000000,3.000000,3.000000,4.000000,5.000000,97.000000,97.000000,97.000000,96.000000,95.000000,5.0,85.8032,79.9124,390.8813,396.772,PENDING_AG03,FALSE,NOT_FOR_ENFORCEMENT,462.3839,7414.6071,476.6845,462.3839,14.3005,0.05761778,0.05588924,14.3005,462.3839,0.05588924,14.3005,14.3005,14.3005,19.0674,23.8342,462.3839,0.05588924,85.8032,79.9124,390.8813,396.772,0.04724658,0.04795861,0.00172853,17.9462,17.8180,1.1112,26.4825,2.1766,459.6232,23.8333,17.2501,18.3962,12.8103,13.088,25.8178,37.4785,41.6341,52.3013,12.9729,-2.5818,3.181092,3.996131,1.371201,29,107,17,5,0.37739520,0.05761778,0.04117365,0E-8,0.000000,0.923936,0.000000,0.02641182,2026-03-28,2026-08-02,18,219,178,128,0.140625,0.937699,0.961211,1.257984,,,,,,,,GLOBAL_BASELINE_NO_ENTITY_RANKING,,,NOT_APPLICABLE_GLOBAL_BASELINE,HF9g-P5,,,,X 全窗基线 · 不参与实体赏罚,8392405,840,A168_HF9F_20260827_0900,2026-08-27 09:00:00
2026-05-10,74209325,-1,1,225.7277774895,23.3511493954,23.3511493954,0.6666667,7,7,0.49516052857142857,0.495160528571,0.8402444109601804,0.840244410962287,0.8402444109601804,4.2857E-13,SENTINEL_DEALER,R03b_20260811_FULL_v1,L1_ELIGIBILITY,v2026-08-11,2026-03-21..2026-08-06,baccarat_bet02_101_all_pairs_incl_sentinel,round_win = game_pnl > 0 (decisive only),COMPATIBILITY_ONLY_NOT_PRODUCTION,8273.2185,7643.9249,476.6845,461,429,-0.05761778,-0.04117365,-0.06758547,-0.05761778,-476.6845,8273.2185,OK,0.0000,14.3005,3.0000,97.0000,AG03-UNRESOLVED,ALL5_LEVELS_bet23_to_bet27,14.3005,14.3005,14.3005,19.0674,23.8342,3.000000,3.000000,3.000000,4.000000,5.000000,97.000000,97.000000,97.000000,96.000000,95.000000,5.0,85.8032,79.9124,390.8813,396.772,PENDING_AG03,FALSE,NOT_FOR_ENFORCEMENT,462.3839,7414.6071,476.6845,462.3839,14.3005,0.05761778,0.05588924,14.3005,462.3839,0.05588924,14.3005,14.3005,14.3005,19.0674,23.8342,462.3839,0.05588924,85.8032,79.9124,390.8813,396.772,0.04724658,0.04795861,0.00172853,17.9462,17.8180,1.1112,26.4825,2.1766,459.6232,23.8333,17.2501,18.3962,12.8103,13.088,25.8178,37.4785,41.6341,52.3013,12.9729,-2.5818,3.181092,3.996131,1.371201,29,107,17,5,0.37739520,0.05761778,0.04117365,0E-8,0.000000,0.923936,0.000000,0.02641182,2026-03-28,2026-08-02,18,219,178,128,0.140625,0.937699,0.961211,1.257984,,,,,,,,GLOBAL_BASELINE_NO_ENTITY_RANKING,,,NOT_APPLICABLE_GLOBAL_BASELINE,HF9g-P5,,,,X 全窗基线 · 不参与实体赏罚,8392406,840,A168_HF9F_20260827_0900,2026-08-27 09:00:00
2026-05-10,74209325,1299,0,64.8643038763,36.3240101707,36.3240101707,0.6666667,3,3,0.50665070000000000,0.506650700000,0.5543606114942035,0.5543606114942035,0.5543606114942035,0E-17,ELIGIBLE,R03b_20260811_FULL_v1,L1_ELIGIBILITY,v2026-08-11,2026-03-21..2026-08-06,baccarat_bet02_101_all_pairs_incl_sentinel,round_win = game_pnl > 0 (decisive only),COMPATIBILITY_ONLY_NOT_PRODUCTION,8273.2185,7643.9249,476.6845,461,429,-0.05761778,-0.04117365,-0.06758547,-0.05761778,-476.6845,8273.2185,OK,0.0000,14.3005,3.0000,97.0000,AG03-UNRESOLVED,ALL5_LEVELS_bet23_to_bet27,14.3005,14.3005,14.3005,19.0674,23.8342,3.000000,3.000000,3.000000,4.000000,5.000000,97.000000,97.000000,97.000000,96.000000,95.000000,5.0,85.8032,79.9124,390.8813,396.772,PENDING_AG03,FALSE,NOT_FOR_ENFORCEMENT,462.3839,7414.6071,476.6845,462.3839,14.3005,0.05761778,0.05588924,14.3005,462.3839,0.05588924,14.3005,14.3005,14.3005,19.0674,23.8342,462.3839,0.05588924,85.8032,79.9124,390.8813,396.772,0.04724658,0.04795861,0.00172853,17.9462,17.8180,1.1112,26.4825,2.1766,459.6232,23.8333,17.2501,18.3962,12.8103,13.088,25.8178,37.4785,41.6341,52.3013,12.9729,-2.5818,3.181092,3.996131,1.371201,29,107,17,5,0.37739520,0.05761778,0.04117365,0E-8,0.000000,0.923936,0.000000,0.02641182,2026-03-28,2026-08-02,18,219,178,128,0.140625,0.937699,0.961211,1.257984,,,,,,,,GLOBAL_BASELINE_NO_ENTITY_RANKING,,,NOT_APPLICABLE_GLOBAL_BASELINE,HF9g-P5,,,,X 全窗基线 · 不参与实体赏罚,8392407,840,A168_HF9F_20260827_0900,2026-08-27 09:00:00
2026-05-10,74209325,1490,0,25.9457215505,-25.9457215505,-25.9457215505,0E-7,1,1,0.50665070000000000,0.506650700000,-1.013391052207602,-1.013391052207602,-1.013391052207602,0E-17,ELIGIBLE,R03b_20260811_FULL_v1,L1_ELIGIBILITY,v2026-08-11,2026-03-21..2026-08-06,baccarat_bet02_101_all_pairs_incl_sentinel,round_win = game_pnl > 0 (decisive only),COMPATIBILITY_ONLY_NOT_PRODUCTION,8273.2185,7643.9249,476.6845,461,429,-0.05761778,-0.04117365,-0.06758547,-0.05761778,-476.6845,8273.2185,OK,0.0000,14.3005,3.0000,97.0000,AG03-UNRESOLVED,ALL5_LEVELS_bet23_to_bet27,14.3005,14.3005,14.3005,19.0674,23.8342,3.000000,3.000000,3.000000,4.000000,5.000000,97.000000,97.000000,97.000000,96.000000,95.000000,5.0,85.8032,79.9124,390.8813,396.772,PENDING_AG03,FALSE,NOT_FOR_ENFORCEMENT,462.3839,7414.6071,476.6845,462.3839,14.3005,0.05761778,0.05588924,14.3005,462.3839,0.05588924,14.3005,14.3005,14.3005,19.0674,23.8342,462.3839,0.05588924,85.8032,79.9124,390.8813,396.772,0.04724658,0.04795861,0.00172853,17.9462,17.8180,1.1112,26.4825,2.1766,459.6232,23.8333,17.2501,18.3962,12.8103,13.088,25.8178,37.4785,41.6341,52.3013,12.9729,-2.5818,3.181092,3.996131,1.371201,29,107,17,5,0.37739520,0.05761778,0.04117365,0E-8,0.000000,0.923936,0.000000,0.02641182,2026-03-28,2026-08-02,18,219,178,128,0.140625,0.937699,0.961211,1.257984,,,,,,,,GLOBAL_BASELINE_NO_ENTITY_RANKING,,,NOT_APPLICABLE_GLOBAL_BASELINE,HF9g-P5,,,,X 全窗基线 · 不参与实体赏罚,8392408,840,A168_HF9F_20260827_0900,2026-08-27 09:00:00
2026-05-10,74209325,2141,0,12.9728607753,-12.9728607753,-12.9728607753,0E-7,1,1,0.49324550000000000,0.493245500000,-0.9865810262130424,-0.9865810262130424,-0.9865810262130424,0E-17,ELIGIBLE,R03b_20260811_FULL_v1,L1_ELIGIBILITY,v2026-08-11,2026-03-21..2026-08-06,baccarat_bet02_101_all_pairs_incl_sentinel,round_win = game_pnl > 0 (decisive only),COMPATIBILITY_ONLY_NOT_PRODUCTION,8273.2185,7643.9249,476.6845,461,429,-0.05761778,-0.04117365,-0.06758547,-0.05761778,-476.6845,8273.2185,OK,0.0000,14.3005,3.0000,97.0000,AG03-UNRESOLVED,ALL5_LEVELS_bet23_to_bet27,14.3005,14.3005,14.3005,19.0674,23.8342,3.000000,3.000000,3.000000,4.000000,5.000000,97.000000,97.000000,97.000000,96.000000,95.000000,5.0,85.8032,79.9124,390.8813,396.772,PENDING_AG03,FALSE,NOT_FOR_ENFORCEMENT,462.3839,7414.6071,476.6845,462.3839,14.3005,0.05761778,0.05588924,14.3005,462.3839,0.05588924,14.3005,14.3005,14.3005,19.0674,23.8342,462.3839,0.05588924,85.8032,79.9124,390.8813,396.772,0.04724658,0.04795861,0.00172853,17.9462,17.8180,1.1112,26.4825,2.1766,459.6232,23.8333,17.2501,18.3962,12.8103,13.088,25.8178,37.4785,41.6341,52.3013,12.9729,-2.5818,3.181092,3.996131,1.371201,29,107,17,5,0.37739520,0.05761778,0.04117365,0E-8,0.000000,0.923936,0.000000,0.02641182,2026-03-28,2026-08-02,18,219,178,128,0.140625,0.937699,0.961211,1.257984,,,,,,,,GLOBAL_BASELINE_NO_ENTITY_RANKING,,,NOT_APPLICABLE_GLOBAL_BASELINE,HF9g-P5,,,,X 全窗基线 · 不参与实体赏罚,8392409,840,A168_HF9F_20260827_0900,2026-08-27 09:00:00
2026-05-10,74209325,2142,0,12.9728607753,12.9728607753,12.9728607753,1.0000000,1,1,0.49324550000000000,0.493245500000,1.01360149184955,1.01360149184955,1.01360149184955,0E-17,ELIGIBLE,R03b_20260811_FULL_v1,L1_ELIGIBILITY,v2026-08-11,2026-03-21..2026-08-06,baccarat_bet02_101_all_pairs_incl_sentinel,round_win = game_pnl > 0 (decisive only),COMPATIBILITY_ONLY_NOT_PRODUCTION,8273.2185,7643.9249,476.6845,461,429,-0.05761778,-0.04117365,-0.06758547,-0.05761778,-476.6845,8273.2185,OK,0.0000,14.3005,3.0000,97.0000,AG03-UNRESOLVED,ALL5_LEVELS_bet23_to_bet27,14.3005,14.3005,14.3005,19.0674,23.8342,3.000000,3.000000,3.000000,4.000000,5.000000,97.000000,97.000000,97.000000,96.000000,95.000000,5.0,85.8032,79.9124,390.8813,396.772,PENDING_AG03,FALSE,NOT_FOR_ENFORCEMENT,462.3839,7414.6071,476.6845,462.3839,14.3005,0.05761778,0.05588924,14.3005,462.3839,0.05588924,14.3005,14.3005,14.3005,19.0674,23.8342,462.3839,0.05588924,85.8032,79.9124,390.8813,396.772,0.04724658,0.04795861,0.00172853,17.9462,17.8180,1.1112,26.4825,2.1766,459.6232,23.8333,17.2501,18.3962,12.8103,13.088,25.8178,37.4785,41.6341,52.3013,12.9729,-2.5818,3.181092,3.996131,1.371201,29,107,17,5,0.37739520,0.05761778,0.04117365,0E-8,0.000000,0.923936,0.000000,0.02641182,2026-03-28,2026-08-02,18,219,178,128,0.140625,0.937699,0.961211,1.257984,,,,,,,,GLOBAL_BASELINE_NO_ENTITY_RANKING,,,NOT_APPLICABLE_GLOBAL_BASELINE,HF9g-P5,,,,X 全窗基线 · 不参与实体赏罚,8392410,840,A168_HF9F_20260827_0900,2026-08-27 09:00:00
2026-05-10,74209325,2155,0,12.9728607753,12.9728607753,12.9728607753,1.0000000,1,1,0.49324550000000000,0.493245500000,1.01360149184955,1.01360149184955,1.01360149184955,0E-17,ELIGIBLE,R03b_20260811_FULL_v1,L1_ELIGIBILITY,v2026-08-11,2026-03-21..2026-08-06,baccarat_bet02_101_all_pairs_incl_sentinel,round_win = game_pnl > 0 (decisive only),COMPATIBILITY_ONLY_NOT_PRODUCTION,8273.2185,7643.9249,476.6845,461,429,-0.05761778,-0.04117365,-0.06758547,-0.05761778,-476.6845,8273.2185,OK,0.0000,14.3005,3.0000,97.0000,AG03-UNRESOLVED,ALL5_LEVELS_bet23_to_bet27,14.3005,14.3005,14.3005,19.0674,23.8342,3.000000,3.000000,3.000000,4.000000,5.000000,97.000000,97.000000,97.000000,96.000000,95.000000,5.0,85.8032,79.9124,390.8813,396.772,PENDING_AG03,FALSE,NOT_FOR_ENFORCEMENT,462.3839,7414.6071,476.6845,462.3839,14.3005,0.05761778,0.05588924,14.3005,462.3839,0.05588924,14.3005,14.3005,14.3005,19.0674,23.8342,462.3839,0.05588924,85.8032,79.9124,390.8813,396.772,0.04724658,0.04795861,0.00172853,17.9462,17.8180,1.1112,26.4825,2.1766,459.6232,23.8333,17.2501,18.3962,12.8103,13.088,25.8178,37.4785,41.6341,52.3013,12.9729,-2.5818,3.181092,3.996131,1.371201,29,107,17,5,0.37739520,0.05761778,0.04117365,0E-8,0.000000,0.923936,0.000000,0.02641182,2026-03-28,2026-08-02,18,219,178,128,0.140625,0.937699,0.961211,1.257984,,,,,,,,GLOBAL_BASELINE_NO_ENTITY_RANKING,,,NOT_APPLICABLE_GLOBAL_BASELINE,HF9g-P5,,,,X 全窗基线 · 不参与实体赏罚,8392411,840,A168_HF9F_20260827_0900,2026-08-27 09:00:00
2026-05-10,74209325,2171,0,59.6751595662,12.9728607752,12.9728607752,0.5000000,2,2,0.49324550000000000,0.493245500000,0.01910635448239258,0.01910635448239258,0.01910635448239258,0E-17,ELIGIBLE,R03b_20260811_FULL_v1,L1_ELIGIBILITY,v2026-08-11,2026-03-21..2026-08-06,baccarat_bet02_101_all_pairs_incl_sentinel,round_win = game_pnl > 0 (decisive only),COMPATIBILITY_ONLY_NOT_PRODUCTION,8273.2185,7643.9249,476.6845,461,429,-0.05761778,-0.04117365,-0.06758547,-0.05761778,-476.6845,8273.2185,OK,0.0000,14.3005,3.0000,97.0000,AG03-UNRESOLVED,ALL5_LEVELS_bet23_to_bet27,14.3005,14.3005,14.3005,19.0674,23.8342,3.000000,3.000000,3.000000,4.000000,5.000000,97.000000,97.000000,97.000000,96.000000,95.000000,5.0,85.8032,79.9124,390.8813,396.772,PENDING_AG03,FALSE,NOT_FOR_ENFORCEMENT,462.3839,7414.6071,476.6845,462.3839,14.3005,0.05761778,0.05588924,14.3005,462.3839,0.05588924,14.3005,14.3005,14.3005,19.0674,23.8342,462.3839,0.05588924,85.8032,79.9124,390.8813,396.772,0.04724658,0.04795861,0.00172853,17.9462,17.8180,1.1112,26.4825,2.1766,459.6232,23.8333,17.2501,18.3962,12.8103,13.088,25.8178,37.4785,41.6341,52.3013,12.9729,-2.5818,3.181092,3.996131,1.371201,29,107,17,5,0.37739520,0.05761778,0.04117365,0E-8,0.000000,0.923936,0.000000,0.02641182,2026-03-28,2026-08-02,18,219,178,128,0.140625,0.937699,0.961211,1.257984,,,,,,,,GLOBAL_BASELINE_NO_ENTITY_RANKING,,,NOT_APPLICABLE_GLOBAL_BASELINE,HF9g-P5,,,,X 全窗基线 · 不参与实体赏罚,8392412,840,A168_HF9F_20260827_0900,2026-08-27 09:00:00
2026-05-10,74209325,2233,0,103.7828862021,38.9185823258,38.9185823258,0.3333333,4,3,0.46086759999988236,0.437976050000,-0.44315097775637674,-0.36531460949221706,-0.44315097775637674,0.02289154999988236,ELIGIBLE,R03b_20260811_FULL_v1,L1_ELIGIBILITY,v2026-08-11,2026-03-21..2026-08-06,baccarat_bet02_101_all_pairs_incl_sentinel,round_win = game_pnl > 0 (decisive only),COMPATIBILITY_ONLY_NOT_PRODUCTION,8273.2185,7643.9249,476.6845,461,429,-0.05761778,-0.04117365,-0.06758547,-0.05761778,-476.6845,8273.2185,OK,0.0000,14.3005,3.0000,97.0000,AG03-UNRESOLVED,ALL5_LEVELS_bet23_to_bet27,14.3005,14.3005,14.3005,19.0674,23.8342,3.000000,3.000000,3.000000,4.000000,5.000000,97.000000,97.000000,97.000000,96.000000,95.000000,5.0,85.8032,79.9124,390.8813,396.772,PENDING_AG03,FALSE,NOT_FOR_ENFORCEMENT,462.3839,7414.6071,476.6845,462.3839,14.3005,0.05761778,0.05588924,14.3005,462.3839,0.05588924,14.3005,14.3005,14.3005,19.0674,23.8342,462.3839,0.05588924,85.8032,79.9124,390.8813,396.772,0.04724658,0.04795861,0.00172853,17.9462,17.8180,1.1112,26.4825,2.1766,459.6232,23.8333,17.2501,18.3962,12.8103,13.088,25.8178,37.4785,41.6341,52.3013,12.9729,-2.5818,3.181092,3.996131,1.371201,29,107,17,5,0.37739520,0.05761778,0.04117365,0E-8,0.000000,0.923936,0.000000,0.02641182,2026-03-28,2026-08-02,18,219,178,128,0.140625,0.937699,0.961211,1.257984,,,,,,,,GLOBAL_BASELINE_NO_ENTITY_RANKING,,,NOT_APPLICABLE_GLOBAL_BASELINE,HF9g-P5,,,,X 全窗基线 · 不参与实体赏罚,8392413,840,A168_HF9F_20260827_0900,2026-08-27 09:00:00
2026-05-10,74209325,2234,0,101.1883140470,-49.2968709460,-49.2968709460,0.2500000,4,4,0.49324550000000000,0.493245500000,-0.9730707933947887,-0.9730707933947887,-0.9730707933947887,0E-17,ELIGIBLE,R03b_20260811_FULL_v1,L1_ELIGIBILITY,v2026-08-11,2026-03-21..2026-08-06,baccarat_bet02_101_all_pairs_incl_sentinel,round_win = game_pnl > 0 (decisive only),COMPATIBILITY_ONLY_NOT_PRODUCTION,8273.2185,7643.9249,476.6845,461,429,-0.05761778,-0.04117365,-0.06758547,-0.05761778,-476.6845,8273.2185,OK,0.0000,14.3005,3.0000,97.0000,AG03-UNRESOLVED,ALL5_LEVELS_bet23_to_bet27,14.3005,14.3005,14.3005,19.0674,23.8342,3.000000,3.000000,3.000000,4.000000,5.000000,97.000000,97.000000,97.000000,96.000000,95.000000,5.0,85.8032,79.9124,390.8813,396.772,PENDING_AG03,FALSE,NOT_FOR_ENFORCEMENT,462.3839,7414.6071,476.6845,462.3839,14.3005,0.05761778,0.05588924,14.3005,462.3839,0.05588924,14.3005,14.3005,14.3005,19.0674,23.8342,462.3839,0.05588924,85.8032,79.9124,390.8813,396.772,0.04724658,0.04795861,0.00172853,17.9462,17.8180,1.1112,26.4825,2.1766,459.6232,23.8333,17.2501,18.3962,12.8103,13.088,25.8178,37.4785,41.6341,52.3013,12.9729,-2.5818,3.181092,3.996131,1.371201,29,107,17,5,0.37739520,0.05761778,0.04117365,0E-8,0.000000,0.923936,0.000000,0.02641182,2026-03-28,2026-08-02,18,219,178,128,0.140625,0.937699,0.961211,1.257984,,,,,,,,GLOBAL_BASELINE_NO_ENTITY_RANKING,,,NOT_APPLICABLE_GLOBAL_BASELINE,HF9g-P5,,,,X 全窗基线 · 不参与实体赏罚,8392414,840,A168_HF9F_20260827_0900,2026-08-27 09:00:00
2026-05-10,74209325,970,0,10.3782886202,10.3782886202,10.3782886202,1.0000000,1,1,0.49324550000000000,0.493245500000,1.01360149184955,1.01360149184955,1.01360149184955,0E-17,ELIGIBLE,R03b_20260811_FULL_v1,L1_ELIGIBILITY,v2026-08-11,2026-03-21..2026-08-06,baccarat_bet02_101_all_pairs_incl_sentinel,round_win = game_pnl > 0 (decisive only),COMPATIBILITY_ONLY_NOT_PRODUCTION,8273.2185,7643.9249,476.6845,461,429,-0.05761778,-0.04117365,-0.06758547,-0.05761778,-476.6845,8273.2185,OK,0.0000,14.3005,3.0000,97.0000,AG03-UNRESOLVED,ALL5_LEVELS_bet23_to_bet27,14.3005,14.3005,14.3005,19.0674,23.8342,3.000000,3.000000,3.000000,4.000000,5.000000,97.000000,97.000000,97.000000,96.000000,95.000000,5.0,85.8032,79.9124,390.8813,396.772,PENDING_AG03,FALSE,NOT_FOR_ENFORCEMENT,462.3839,7414.6071,476.6845,462.3839,14.3005,0.05761778,0.05588924,14.3005,462.3839,0.05588924,14.3005,14.3005,14.3005,19.0674,23.8342,462.3839,0.05588924,85.8032,79.9124,390.8813,396.772,0.04724658,0.04795861,0.00172853,17.9462,17.8180,1.1112,26.4825,2.1766,459.6232,23.8333,17.2501,18.3962,12.8103,13.088,25.8178,37.4785,41.6341,52.3013,12.9729,-2.5818,3.181092,3.996131,1.371201,29,107,17,5,0.37739520,0.05761778,0.04117365,0E-8,0.000000,0.923936,0.000000,0.02641182,2026-03-28,2026-08-02,18,219,178,128,0.140625,0.937699,0.961211,1.257984,,,,,,,,GLOBAL_BASELINE_NO_ENTITY_RANKING,,,NOT_APPLICABLE_GLOBAL_BASELINE,HF9g-P5,,,,X 全窗基线 · 不参与实体赏罚,8392415,840,A168_HF9F_20260827_0900,2026-08-27 09:00:00
2026-05-10,74209325,987,0,25.9457215506,12.3242177365,12.3242177365,1.0000000,2,2,0.50665070000000000,0.506650700000,0.9867858985152569,0.9867858985152569,0.9867858985152569,0E-17,ELIGIBLE,R03b_20260811_FULL_v1,L1_ELIGIBILITY,v2026-08-11,2026-03-21..2026-08-06,baccarat_bet02_101_all_pairs_incl_sentinel,round_win = game_pnl > 0 (decisive only),COMPATIBILITY_ONLY_NOT_PRODUCTION,8273.2185,7643.9249,476.6845,461,429,-0.05761778,-0.04117365,-0.06758547,-0.05761778,-476.6845,8273.2185,OK,0.0000,14.3005,3.0000,97.0000,AG03-UNRESOLVED,ALL5_LEVELS_bet23_to_bet27,14.3005,14.3005,14.3005,19.0674,23.8342,3.000000,3.000000,3.000000,4.000000,5.000000,97.000000,97.000000,97.000000,96.000000,95.000000,5.0,85.8032,79.9124,390.8813,396.772,PENDING_AG03,FALSE,NOT_FOR_ENFORCEMENT,462.3839,7414.6071,476.6845,462.3839,14.3005,0.05761778,0.05588924,14.3005,462.3839,0.05588924,14.3005,14.3005,14.3005,19.0674,23.8342,462.3839,0.05588924,85.8032,79.9124,390.8813,396.772,0.04724658,0.04795861,0.00172853,17.9462,17.8180,1.1112,26.4825,2.1766,459.6232,23.8333,17.2501,18.3962,12.8103,13.088,25.8178,37.4785,41.6341,52.3013,12.9729,-2.5818,3.181092,3.996131,1.371201,29,107,17,5,0.37739520,0.05761778,0.04117365,0E-8,0.000000,0.923936,0.000000,0.02641182,2026-03-28,2026-08-02,18,219,178,128,0.140625,0.937699,0.961211,1.257984,,,,,,,,GLOBAL_BASELINE_NO_ENTITY_RANKING,,,NOT_APPLICABLE_GLOBAL_BASELINE,HF9g-P5,,,,X 全窗基线 · 不参与实体赏罚,8392416,840,A168_HF9F_20260827_0900,2026-08-27 09:00:00
2026-05-13,74209325,-1,1,294.2244823833,-83.6230605573,-83.6230605573,0.5384615,15,15,0.49771390000000000,0.497713900000,0.2938384710188476,0.2938384710188476,0.2938384710188476,0E-17,SENTINEL_DEALER,R03b_20260811_FULL_v1,L1_ELIGIBILITY,v2026-08-11,2026-03-21..2026-08-06,baccarat_bet02_101_all_pairs_incl_sentinel,round_win = game_pnl > 0 (decisive only),COMPATIBILITY_ONLY_NOT_PRODUCTION,8273.2185,7643.9249,476.6845,461,429,-0.05761778,-0.04117365,-0.06758547,-0.05761778,-476.6845,8273.2185,OK,0.0000,14.3005,3.0000,97.0000,AG03-UNRESOLVED,ALL5_LEVELS_bet23_to_bet27,14.3005,14.3005,14.3005,19.0674,23.8342,3.000000,3.000000,3.000000,4.000000,5.000000,97.000000,97.000000,97.000000,96.000000,95.000000,5.0,85.8032,79.9124,390.8813,396.772,PENDING_AG03,FALSE,NOT_FOR_ENFORCEMENT,462.3839,7414.6071,476.6845,462.3839,14.3005,0.05761778,0.05588924,14.3005,462.3839,0.05588924,14.3005,14.3005,14.3005,19.0674,23.8342,462.3839,0.05588924,85.8032,79.9124,390.8813,396.772,0.04724658,0.04795861,0.00172853,17.9462,17.8180,1.1112,26.4825,2.1766,459.6232,23.8333,17.2501,18.3962,12.8103,13.088,25.8178,37.4785,41.6341,52.3013,12.9729,-2.5818,3.181092,3.996131,1.371201,29,107,17,5,0.37739520,0.05761778,0.04117365,0E-8,0.000000,0.923936,0.000000,0.02641182,2026-03-28,2026-08-02,18,219,178,128,0.140625,0.937699,0.961211,1.257984,,,,,,,,GLOBAL_BASELINE_NO_ENTITY_RANKING,,,NOT_APPLICABLE_GLOBAL_BASELINE,HF9g-P5,,,,X 全窗基线 · 不参与实体赏罚,8392417,840,A168_HF9F_20260827_0900,2026-08-27 09:00:00
2026-05-13,74209325,1004,0,28.2808364901,0E-10,0E-10,,1,1,0.50665070000000000,0.506650700000,,,,0E-17,NO_DECISIVE_ROUND,R03b_20260811_FULL_v1,L1_ELIGIBILITY,v2026-08-11,2026-03-21..2026-08-06,baccarat_bet02_101_all_pairs_incl_sentinel,round_win = game_pnl > 0 (decisive only),COMPATIBILITY_ONLY_NOT_PRODUCTION,8273.2185,7643.9249,476.6845,461,429,-0.05761778,-0.04117365,-0.06758547,-0.05761778,-476.6845,8273.2185,OK,0.0000,14.3005,3.0000,97.0000,AG03-UNRESOLVED,ALL5_LEVELS_bet23_to_bet27,14.3005,14.3005,14.3005,19.0674,23.8342,3.000000,3.000000,3.000000,4.000000,5.000000,97.000000,97.000000,97.000000,96.000000,95.000000,5.0,85.8032,79.9124,390.8813,396.772,PENDING_AG03,FALSE,NOT_FOR_ENFORCEMENT,462.3839,7414.6071,476.6845,462.3839,14.3005,0.05761778,0.05588924,14.3005,462.3839,0.05588924,14.3005,14.3005,14.3005,19.0674,23.8342,462.3839,0.05588924,85.8032,79.9124,390.8813,396.772,0.04724658,0.04795861,0.00172853,17.9462,17.8180,1.1112,26.4825,2.1766,459.6232,23.8333,17.2501,18.3962,12.8103,13.088,25.8178,37.4785,41.6341,52.3013,12.9729,-2.5818,3.181092,3.996131,1.371201,29,107,17,5,0.37739520,0.05761778,0.04117365,0E-8,0.000000,0.923936,0.000000,0.02641182,2026-03-28,2026-08-02,18,219,178,128,0.140625,0.937699,0.961211,1.257984,,,,,,,,GLOBAL_BASELINE_NO_ENTITY_RANKING,,,NOT_APPLICABLE_GLOBAL_BASELINE,HF9g-P5,,,,X 全窗基线 · 不参与实体赏罚,8392418,840,A168_HF9F_20260827_0900,2026-08-27 09:00:00
2026-05-13,74209325,1318,0,49.2968709460,-29.0592081366,-29.0592081366,0.5000000,2,2,0.49994810000000000,0.499948100000,0.00014679536856514622,0.00014679536856514622,0.00014679536856514622,0E-17,ELIGIBLE,R03b_20260811_FULL_v1,L1_ELIGIBILITY,v2026-08-11,2026-03-21..2026-08-06,baccarat_bet02_101_all_pairs_incl_sentinel,round_win = game_pnl > 0 (decisive only),COMPATIBILITY_ONLY_NOT_PRODUCTION,8273.2185,7643.9249,476.6845,461,429,-0.05761778,-0.04117365,-0.06758547,-0.05761778,-476.6845,8273.2185,OK,0.0000,14.3005,3.0000,97.0000,AG03-UNRESOLVED,ALL5_LEVELS_bet23_to_bet27,14.3005,14.3005,14.3005,19.0674,23.8342,3.000000,3.000000,3.000000,4.000000,5.000000,97.000000,97.000000,97.000000,96.000000,95.000000,5.0,85.8032,79.9124,390.8813,396.772,PENDING_AG03,FALSE,NOT_FOR_ENFORCEMENT,462.3839,7414.6071,476.6845,462.3839,14.3005,0.05761778,0.05588924,14.3005,462.3839,0.05588924,14.3005,14.3005,14.3005,19.0674,23.8342,462.3839,0.05588924,85.8032,79.9124,390.8813,396.772,0.04724658,0.04795861,0.00172853,17.9462,17.8180,1.1112,26.4825,2.1766,459.6232,23.8333,17.2501,18.3962,12.8103,13.088,25.8178,37.4785,41.6341,52.3013,12.9729,-2.5818,3.181092,3.996131,1.371201,29,107,17,5,0.37739520,0.05761778,0.04117365,0E-8,0.000000,0.923936,0.000000,0.02641182,2026-03-28,2026-08-02,18,219,178,128,0.140625,0.937699,0.961211,1.257984,,,,,,,,GLOBAL_BASELINE_NO_ENTITY_RANKING,,,NOT_APPLICABLE_GLOBAL_BASELINE,HF9g-P5,,,,X 全窗基线 · 不参与实体赏罚,8392419,840,A168_HF9F_20260827_0900,2026-08-27 09:00:00
2026-05-13,74209325,1400,0,25.9457215506,-0.6486430388,-0.6486430388,0.5000000,2,2,0.50665070000000000,0.506650700000,-0.018812684590367487,-0.018812684590367487,-0.018812684590367487,0E-17,ELIGIBLE,R03b_20260811_FULL_v1,L1_ELIGIBILITY,v2026-08-11,2026-03-21..2026-08-06,baccarat_bet02_101_all_pairs_incl_sentinel,round_win = game_pnl > 0 (decisive only),COMPATIBILITY_ONLY_NOT_PRODUCTION,8273.2185,7643.9249,476.6845,461,429,-0.05761778,-0.04117365,-0.06758547,-0.05761778,-476.6845,8273.2185,OK,0.0000,14.3005,3.0000,97.0000,AG03-UNRESOLVED,ALL5_LEVELS_bet23_to_bet27,14.3005,14.3005,14.3005,19.0674,23.8342,3.000000,3.000000,3.000000,4.000000,5.000000,97.000000,97.000000,97.000000,96.000000,95.000000,5.0,85.8032,79.9124,390.8813,396.772,PENDING_AG03,FALSE,NOT_FOR_ENFORCEMENT,462.3839,7414.6071,476.6845,462.3839,14.3005,0.05761778,0.05588924,14.3005,462.3839,0.05588924,14.3005,14.3005,14.3005,19.0674,23.8342,462.3839,0.05588924,85.8032,79.9124,390.8813,396.772,0.04724658,0.04795861,0.00172853,17.9462,17.8180,1.1112,26.4825,2.1766,459.6232,23.8333,17.2501,18.3962,12.8103,13.088,25.8178,37.4785,41.6341,52.3013,12.9729,-2.5818,3.181092,3.996131,1.371201,29,107,17,5,0.37739520,0.05761778,0.04117365,0E-8,0.000000,0.923936,0.000000,0.02641182,2026-03-28,2026-08-02,18,219,178,128,0.140625,0.937699,0.961211,1.257984,,,,,,,,GLOBAL_BASELINE_NO_ENTITY_RANKING,,,NOT_APPLICABLE_GLOBAL_BASELINE,HF9g-P5,,,,X 全窗基线 · 不参与实体赏罚,8392420,840,A168_HF9F_20260827_0900,2026-08-27 09:00:00
2026-05-13,74209325,1485,0,38.9185823258,-38.9185823258,-38.9185823258,0E-7,2,2,0.49324550000000000,0.493245500000,-1.3952362676504506,-1.3952362676504506,-1.3952362676504506,0E-17,ELIGIBLE,R03b_20260811_FULL_v1,L1_ELIGIBILITY,v2026-08-11,2026-03-21..2026-08-06,baccarat_bet02_101_all_pairs_incl_sentinel,round_win = game_pnl > 0 (decisive only),COMPATIBILITY_ONLY_NOT_PRODUCTION,8273.2185,7643.9249,476.6845,461,429,-0.05761778,-0.04117365,-0.06758547,-0.05761778,-476.6845,8273.2185,OK,0.0000,14.3005,3.0000,97.0000,AG03-UNRESOLVED,ALL5_LEVELS_bet23_to_bet27,14.3005,14.3005,14.3005,19.0674,23.8342,3.000000,3.000000,3.000000,4.000000,5.000000,97.000000,97.000000,97.000000,96.000000,95.000000,5.0,85.8032,79.9124,390.8813,396.772,PENDING_AG03,FALSE,NOT_FOR_ENFORCEMENT,462.3839,7414.6071,476.6845,462.3839,14.3005,0.05761778,0.05588924,14.3005,462.3839,0.05588924,14.3005,14.3005,14.3005,19.0674,23.8342,462.3839,0.05588924,85.8032,79.9124,390.8813,396.772,0.04724658,0.04795861,0.00172853,17.9462,17.8180,1.1112,26.4825,2.1766,459.6232,23.8333,17.2501,18.3962,12.8103,13.088,25.8178,37.4785,41.6341,52.3013,12.9729,-2.5818,3.181092,3.996131,1.371201,29,107,17,5,0.37739520,0.05761778,0.04117365,0E-8,0.000000,0.923936,0.000000,0.02641182,2026-03-28,2026-08-02,18,219,178,128,0.140625,0.937699,0.961211,1.257984,,,,,,,,GLOBAL_BASELINE_NO_ENTITY_RANKING,,,NOT_APPLICABLE_GLOBAL_BASELINE,HF9g-P5,,,,X 全窗基线 · 不参与实体赏罚,8392421,840,A168_HF9F_20260827_0900,2026-08-27 09:00:00
2026-05-13,74209325,1490,0,132.3231799077,101.3180426548,101.3180426548,0.7500000,4,4,0.50329940000000000,0.503299400000,0.9868238854431842,0.9868238854431842,0.9868238854431842,0E-17,ELIGIBLE,R03b_20260811_FULL_v1,L1_ELIGIBILITY,v2026-08-11,2026-03-21..2026-08-06,baccarat_bet02_101_all_pairs_incl_sentinel,round_win = game_pnl > 0 (decisive only),COMPATIBILITY_ONLY_NOT_PRODUCTION,8273.2185,7643.9249,476.6845,461,429,-0.05761778,-0.04117365,-0.06758547,-0.05761778,-476.6845,8273.2185,OK,0.0000,14.3005,3.0000,97.0000,AG03-UNRESOLVED,ALL5_LEVELS_bet23_to_bet27,14.3005,14.3005,14.3005,19.0674,23.8342,3.000000,3.000000,3.000000,4.000000,5.000000,97.000000,97.000000,97.000000,96.000000,95.000000,5.0,85.8032,79.9124,390.8813,396.772,PENDING_AG03,FALSE,NOT_FOR_ENFORCEMENT,462.3839,7414.6071,476.6845,462.3839,14.3005,0.05761778,0.05588924,14.3005,462.3839,0.05588924,14.3005,14.3005,14.3005,19.0674,23.8342,462.3839,0.05588924,85.8032,79.9124,390.8813,396.772,0.04724658,0.04795861,0.00172853,17.9462,17.8180,1.1112,26.4825,2.1766,459.6232,23.8333,17.2501,18.3962,12.8103,13.088,25.8178,37.4785,41.6341,52.3013,12.9729,-2.5818,3.181092,3.996131,1.371201,29,107,17,5,0.37739520,0.05761778,0.04117365,0E-8,0.000000,0.923936,0.000000,0.02641182,2026-03-28,2026-08-02,18,219,178,128,0.140625,0.937699,0.961211,1.257984,,,,,,,,GLOBAL_BASELINE_NO_ENTITY_RANKING,,,NOT_APPLICABLE_GLOBAL_BASELINE,HF9g-P5,,,,X 全窗基线 · 不参与实体赏罚,8392422,840,A168_HF9F_20260827_0900,2026-08-27 09:00:00
2026-05-13,74209325,1704,0,25.9457215506,25.2970785118,25.2970785118,1.0000000,2,2,0.49994810000000000,0.499948100000,1.4143603653603398,1.4143603653603398,1.4143603653603398,0E-17,ELIGIBLE,R03b_20260811_FULL_v1,L1_ELIGIBILITY,v2026-08-11,2026-03-21..2026-08-06,baccarat_bet02_101_all_pairs_incl_sentinel,round_win = game_pnl > 0 (decisive only),COMPATIBILITY_ONLY_NOT_PRODUCTION,8273.2185,7643.9249,476.6845,461,429,-0.05761778,-0.04117365,-0.06758547,-0.05761778,-476.6845,8273.2185,OK,0.0000,14.3005,3.0000,97.0000,AG03-UNRESOLVED,ALL5_LEVELS_bet23_to_bet27,14.3005,14.3005,14.3005,19.0674,23.8342,3.000000,3.000000,3.000000,4.000000,5.000000,97.000000,97.000000,97.000000,96.000000,95.000000,5.0,85.8032,79.9124,390.8813,396.772,PENDING_AG03,FALSE,NOT_FOR_ENFORCEMENT,462.3839,7414.6071,476.6845,462.3839,14.3005,0.05761778,0.05588924,14.3005,462.3839,0.05588924,14.3005,14.3005,14.3005,19.0674,23.8342,462.3839,0.05588924,85.8032,79.9124,390.8813,396.772,0.04724658,0.04795861,0.00172853,17.9462,17.8180,1.1112,26.4825,2.1766,459.6232,23.8333,17.2501,18.3962,12.8103,13.088,25.8178,37.4785,41.6341,52.3013,12.9729,-2.5818,3.181092,3.996131,1.371201,29,107,17,5,0.37739520,0.05761778,0.04117365,0E-8,0.000000,0.923936,0.000000,0.02641182,2026-03-28,2026-08-02,18,219,178,128,0.140625,0.937699,0.961211,1.257984,,,,,,,,GLOBAL_BASELINE_NO_ENTITY_RANKING,,,NOT_APPLICABLE_GLOBAL_BASELINE,HF9g-P5,,,,X 全窗基线 · 不参与实体赏罚,8392423,840,A168_HF9F_20260827_0900,2026-08-27 09:00:00
2026-05-13,74209325,1710,0,12.9728607753,-12.9728607753,-12.9728607753,0E-7,1,1,0.49324550000000000,0.493245500000,-0.9865810262130424,-0.9865810262130424,-0.9865810262130424,0E-17,ELIGIBLE,R03b_20260811_FULL_v1,L1_ELIGIBILITY,v2026-08-11,2026-03-21..2026-08-06,baccarat_bet02_101_all_pairs_incl_sentinel,round_win = game_pnl > 0 (decisive only),COMPATIBILITY_ONLY_NOT_PRODUCTION,8273.2185,7643.9249,476.6845,461,429,-0.05761778,-0.04117365,-0.06758547,-0.05761778,-476.6845,8273.2185,OK,0.0000,14.3005,3.0000,97.0000,AG03-UNRESOLVED,ALL5_LEVELS_bet23_to_bet27,14.3005,14.3005,14.3005,19.0674,23.8342,3.000000,3.000000,3.000000,4.000000,5.000000,97.000000,97.000000,97.000000,96.000000,95.000000,5.0,85.8032,79.9124,390.8813,396.772,PENDING_AG03,FALSE,NOT_FOR_ENFORCEMENT,462.3839,7414.6071,476.6845,462.3839,14.3005,0.05761778,0.05588924,14.3005,462.3839,0.05588924,14.3005,14.3005,14.3005,19.0674,23.8342,462.3839,0.05588924,85.8032,79.9124,390.8813,396.772,0.04724658,0.04795861,0.00172853,17.9462,17.8180,1.1112,26.4825,2.1766,459.6232,23.8333,17.2501,18.3962,12.8103,13.088,25.8178,37.4785,41.6341,52.3013,12.9729,-2.5818,3.181092,3.996131,1.371201,29,107,17,5,0.37739520,0.05761778,0.04117365,0E-8,0.000000,0.923936,0.000000,0.02641182,2026-03-28,2026-08-02,18,219,178,128,0.140625,0.937699,0.961211,1.257984,,,,,,,,GLOBAL_BASELINE_NO_ENTITY_RANKING,,,NOT_APPLICABLE_GLOBAL_BASELINE,HF9g-P5,,,,X 全窗基线 · 不参与实体赏罚,8392424,840,A168_HF9F_20260827_0900,2026-08-27 09:00:00
2026-05-13,74209325,1935,0,112.8638887447,-9.1458668466,-9.1458668466,0.5000000,4,4,0.50665070000000000,0.506650700000,-0.02660515369234503,-0.02660515369234503,-0.02660515369234503,0E-17,ELIGIBLE,R03b_20260811_FULL_v1,L1_ELIGIBILITY,v2026-08-11,2026-03-21..2026-08-06,baccarat_bet02_101_all_pairs_incl_sentinel,round_win = game_pnl > 0 (decisive only),COMPATIBILITY_ONLY_NOT_PRODUCTION,8273.2185,7643.9249,476.6845,461,429,-0.05761778,-0.04117365,-0.06758547,-0.05761778,-476.6845,8273.2185,OK,0.0000,14.3005,3.0000,97.0000,AG03-UNRESOLVED,ALL5_LEVELS_bet23_to_bet27,14.3005,14.3005,14.3005,19.0674,23.8342,3.000000,3.000000,3.000000,4.000000,5.000000,97.000000,97.000000,97.000000,96.000000,95.000000,5.0,85.8032,79.9124,390.8813,396.772,PENDING_AG03,FALSE,NOT_FOR_ENFORCEMENT,462.3839,7414.6071,476.6845,462.3839,14.3005,0.05761778,0.05588924,14.3005,462.3839,0.05588924,14.3005,14.3005,14.3005,19.0674,23.8342,462.3839,0.05588924,85.8032,79.9124,390.8813,396.772,0.04724658,0.04795861,0.00172853,17.9462,17.8180,1.1112,26.4825,2.1766,459.6232,23.8333,17.2501,18.3962,12.8103,13.088,25.8178,37.4785,41.6341,52.3013,12.9729,-2.5818,3.181092,3.996131,1.371201,29,107,17,5,0.37739520,0.05761778,0.04117365,0E-8,0.000000,0.923936,0.000000,0.02641182,2026-03-28,2026-08-02,18,219,178,128,0.140625,0.937699,0.961211,1.257984,,,,,,,,GLOBAL_BASELINE_NO_ENTITY_RANKING,,,NOT_APPLICABLE_GLOBAL_BASELINE,HF9g-P5,,,,X 全窗基线 · 不参与实体赏罚,8392425,840,A168_HF9F_20260827_0900,2026-08-27 09:00:00
2026-05-13,74209325,1949,0,12.9728607753,-12.9728607753,-12.9728607753,0E-7,1,1,0.49324550000000000,0.493245500000,-0.9865810262130424,-0.9865810262130424,-0.9865810262130424,0E-17,ELIGIBLE,R03b_20260811_FULL_v1,L1_ELIGIBILITY,v2026-08-11,2026-03-21..2026-08-06,baccarat_bet02_101_all_pairs_incl_sentinel,round_win = game_pnl > 0 (decisive only),COMPATIBILITY_ONLY_NOT_PRODUCTION,8273.2185,7643.9249,476.6845,461,429,-0.05761778,-0.04117365,-0.06758547,-0.05761778,-476.6845,8273.2185,OK,0.0000,14.3005,3.0000,97.0000,AG03-UNRESOLVED,ALL5_LEVELS_bet23_to_bet27,14.3005,14.3005,14.3005,19.0674,23.8342,3.000000,3.000000,3.000000,4.000000,5.000000,97.000000,97.000000,97.000000,96.000000,95.000000,5.0,85.8032,79.9124,390.8813,396.772,PENDING_AG03,FALSE,NOT_FOR_ENFORCEMENT,462.3839,7414.6071,476.6845,462.3839,14.3005,0.05761778,0.05588924,14.3005,462.3839,0.05588924,14.3005,14.3005,14.3005,19.0674,23.8342,462.3839,0.05588924,85.8032,79.9124,390.8813,396.772,0.04724658,0.04795861,0.00172853,17.9462,17.8180,1.1112,26.4825,2.1766,459.6232,23.8333,17.2501,18.3962,12.8103,13.088,25.8178,37.4785,41.6341,52.3013,12.9729,-2.5818,3.181092,3.996131,1.371201,29,107,17,5,0.37739520,0.05761778,0.04117365,0E-8,0.000000,0.923936,0.000000,0.02641182,2026-03-28,2026-08-02,18,219,178,128,0.140625,0.937699,0.961211,1.257984,,,,,,,,GLOBAL_BASELINE_NO_ENTITY_RANKING,,,NOT_APPLICABLE_GLOBAL_BASELINE,HF9g-P5,,,,X 全窗基线 · 不参与实体赏罚,8392426,840,A168_HF9F_20260827_0900,2026-08-27 09:00:00
2026-05-13,74209325,1951,0,10.3782886202,0E-10,0E-10,,1,1,0.50665070000000000,0.506650700000,,,,0E-17,NO_DECISIVE_ROUND,R03b_20260811_FULL_v1,L1_ELIGIBILITY,v2026-08-11,2026-03-21..2026-08-06,baccarat_bet02_101_all_pairs_incl_sentinel,round_win = game_pnl > 0 (decisive only),COMPATIBILITY_ONLY_NOT_PRODUCTION,8273.2185,7643.9249,476.6845,461,429,-0.05761778,-0.04117365,-0.06758547,-0.05761778,-476.6845,8273.2185,OK,0.0000,14.3005,3.0000,97.0000,AG03-UNRESOLVED,ALL5_LEVELS_bet23_to_bet27,14.3005,14.3005,14.3005,19.0674,23.8342,3.000000,3.000000,3.000000,4.000000,5.000000,97.000000,97.000000,97.000000,96.000000,95.000000,5.0,85.8032,79.9124,390.8813,396.772,PENDING_AG03,FALSE,NOT_FOR_ENFORCEMENT,462.3839,7414.6071,476.6845,462.3839,14.3005,0.05761778,0.05588924,14.3005,462.3839,0.05588924,14.3005,14.3005,14.3005,19.0674,23.8342,462.3839,0.05588924,85.8032,79.9124,390.8813,396.772,0.04724658,0.04795861,0.00172853,17.9462,17.8180,1.1112,26.4825,2.1766,459.6232,23.8333,17.2501,18.3962,12.8103,13.088,25.8178,37.4785,41.6341,52.3013,12.9729,-2.5818,3.181092,3.996131,1.371201,29,107,17,5,0.37739520,0.05761778,0.04117365,0E-8,0.000000,0.923936,0.000000,0.02641182,2026-03-28,2026-08-02,18,219,178,128,0.140625,0.937699,0.961211,1.257984,,,,,,,,GLOBAL_BASELINE_NO_ENTITY_RANKING,,,NOT_APPLICABLE_GLOBAL_BASELINE,HF9g-P5,,,,X 全窗基线 · 不参与实体赏罚,8392427,840,A168_HF9F_20260827_0900,2026-08-27 09:00:00
2026-05-13,74209325,1957,0,28.2808364901,28.2808364901,28.2808364901,1.0000000,1,1,0.49324550000000000,0.493245500000,1.01360149184955,1.01360149184955,1.01360149184955,0E-17,ELIGIBLE,R03b_20260811_FULL_v1,L1_ELIGIBILITY,v2026-08-11,2026-03-21..2026-08-06,baccarat_bet02_101_all_pairs_incl_sentinel,round_win = game_pnl > 0 (decisive only),COMPATIBILITY_ONLY_NOT_PRODUCTION,8273.2185,7643.9249,476.6845,461,429,-0.05761778,-0.04117365,-0.06758547,-0.05761778,-476.6845,8273.2185,OK,0.0000,14.3005,3.0000,97.0000,AG03-UNRESOLVED,ALL5_LEVELS_bet23_to_bet27,14.3005,14.3005,14.3005,19.0674,23.8342,3.000000,3.000000,3.000000,4.000000,5.000000,97.000000,97.000000,97.000000,96.000000,95.000000,5.0,85.8032,79.9124,390.8813,396.772,PENDING_AG03,FALSE,NOT_FOR_ENFORCEMENT,462.3839,7414.6071,476.6845,462.3839,14.3005,0.05761778,0.05588924,14.3005,462.3839,0.05588924,14.3005,14.3005,14.3005,19.0674,23.8342,462.3839,0.05588924,85.8032,79.9124,390.8813,396.772,0.04724658,0.04795861,0.00172853,17.9462,17.8180,1.1112,26.4825,2.1766,459.6232,23.8333,17.2501,18.3962,12.8103,13.088,25.8178,37.4785,41.6341,52.3013,12.9729,-2.5818,3.181092,3.996131,1.371201,29,107,17,5,0.37739520,0.05761778,0.04117365,0E-8,0.000000,0.923936,0.000000,0.02641182,2026-03-28,2026-08-02,18,219,178,128,0.140625,0.937699,0.961211,1.257984,,,,,,,,GLOBAL_BASELINE_NO_ENTITY_RANKING,,,NOT_APPLICABLE_GLOBAL_BASELINE,HF9g-P5,,,,X 全窗基线 · 不参与实体赏罚,8392428,840,A168_HF9F_20260827_0900,2026-08-27 09:00:00
2026-05-13,74209325,2108,0,31.1348658607,31.1348658607,31.1348658607,1.0000000,2,2,0.49324550000000000,0.493245500000,1.4334489766152358,1.4334489766152358,1.4334489766152358,0E-17,ELIGIBLE,R03b_20260811_FULL_v1,L1_ELIGIBILITY,v2026-08-11,2026-03-21..2026-08-06,baccarat_bet02_101_all_pairs_incl_sentinel,round_win = game_pnl > 0 (decisive only),COMPATIBILITY_ONLY_NOT_PRODUCTION,8273.2185,7643.9249,476.6845,461,429,-0.05761778,-0.04117365,-0.06758547,-0.05761778,-476.6845,8273.2185,OK,0.0000,14.3005,3.0000,97.0000,AG03-UNRESOLVED,ALL5_LEVELS_bet23_to_bet27,14.3005,14.3005,14.3005,19.0674,23.8342,3.000000,3.000000,3.000000,4.000000,5.000000,97.000000,97.000000,97.000000,96.000000,95.000000,5.0,85.8032,79.9124,390.8813,396.772,PENDING_AG03,FALSE,NOT_FOR_ENFORCEMENT,462.3839,7414.6071,476.6845,462.3839,14.3005,0.05761778,0.05588924,14.3005,462.3839,0.05588924,14.3005,14.3005,14.3005,19.0674,23.8342,462.3839,0.05588924,85.8032,79.9124,390.8813,396.772,0.04724658,0.04795861,0.00172853,17.9462,17.8180,1.1112,26.4825,2.1766,459.6232,23.8333,17.2501,18.3962,12.8103,13.088,25.8178,37.4785,41.6341,52.3013,12.9729,-2.5818,3.181092,3.996131,1.371201,29,107,17,5,0.37739520,0.05761778,0.04117365,0E-8,0.000000,0.923936,0.000000,0.02641182,2026-03-28,2026-08-02,18,219,178,128,0.140625,0.937699,0.961211,1.257984,,,,,,,,GLOBAL_BASELINE_NO_ENTITY_RANKING,,,NOT_APPLICABLE_GLOBAL_BASELINE,HF9g-P5,,,,X 全窗基线 · 不参与实体赏罚,8392429,840,A168_HF9F_20260827_0900,2026-08-27 09:00:00
2026-05-13,74209325,2115,0,116.7557469773,-44.1077266359,-44.1077266359,0.2500000,4,4,0.49659680000000000,0.496596800000,-0.9864100490137353,-0.9864100490137354,-0.9864100490137353,0E-17,ELIGIBLE,R03b_20260811_FULL_v1,L1_ELIGIBILITY,v2026-08-11,2026-03-21..2026-08-06,baccarat_bet02_101_all_pairs_incl_sentinel,round_win = game_pnl > 0 (decisive only),COMPATIBILITY_ONLY_NOT_PRODUCTION,8273.2185,7643.9249,476.6845,461,429,-0.05761778,-0.04117365,-0.06758547,-0.05761778,-476.6845,8273.2185,OK,0.0000,14.3005,3.0000,97.0000,AG03-UNRESOLVED,ALL5_LEVELS_bet23_to_bet27,14.3005,14.3005,14.3005,19.0674,23.8342,3.000000,3.000000,3.000000,4.000000,5.000000,97.000000,97.000000,97.000000,96.000000,95.000000,5.0,85.8032,79.9124,390.8813,396.772,PENDING_AG03,FALSE,NOT_FOR_ENFORCEMENT,462.3839,7414.6071,476.6845,462.3839,14.3005,0.05761778,0.05588924,14.3005,462.3839,0.05588924,14.3005,14.3005,14.3005,19.0674,23.8342,462.3839,0.05588924,85.8032,79.9124,390.8813,396.772,0.04724658,0.04795861,0.00172853,17.9462,17.8180,1.1112,26.4825,2.1766,459.6232,23.8333,17.2501,18.3962,12.8103,13.088,25.8178,37.4785,41.6341,52.3013,12.9729,-2.5818,3.181092,3.996131,1.371201,29,107,17,5,0.37739520,0.05761778,0.04117365,0E-8,0.000000,0.923936,0.000000,0.02641182,2026-03-28,2026-08-02,18,219,178,128,0.140625,0.937699,0.961211,1.257984,,,,,,,,GLOBAL_BASELINE_NO_ENTITY_RANKING,,,NOT_APPLICABLE_GLOBAL_BASELINE,HF9g-P5,,,,X 全窗基线 · 不参与实体赏罚,8392430,840,A168_HF9F_20260827_0900,2026-08-27 09:00:00
2026-05-13,74209325,2117,0,12.9728607753,12.3242177365,12.3242177365,1.0000000,1,1,0.50665070000000000,0.506650700000,0.9867858985152569,0.9867858985152569,0.9867858985152569,0E-17,ELIGIBLE,R03b_20260811_FULL_v1,L1_ELIGIBILITY,v2026-08-11,2026-03-21..2026-08-06,baccarat_bet02_101_all_pairs_incl_sentinel,round_win = game_pnl > 0 (decisive only),COMPATIBILITY_ONLY_NOT_PRODUCTION,8273.2185,7643.9249,476.6845,461,429,-0.05761778,-0.04117365,-0.06758547,-0.05761778,-476.6845,8273.2185,OK,0.0000,14.3005,3.0000,97.0000,AG03-UNRESOLVED,ALL5_LEVELS_bet23_to_bet27,14.3005,14.3005,14.3005,19.0674,23.8342,3.000000,3.000000,3.000000,4.000000,5.000000,97.000000,97.000000,97.000000,96.000000,95.000000,5.0,85.8032,79.9124,390.8813,396.772,PENDING_AG03,FALSE,NOT_FOR_ENFORCEMENT,462.3839,7414.6071,476.6845,462.3839,14.3005,0.05761778,0.05588924,14.3005,462.3839,0.05588924,14.3005,14.3005,14.3005,19.0674,23.8342,462.3839,0.05588924,85.8032,79.9124,390.8813,396.772,0.04724658,0.04795861,0.00172853,17.9462,17.8180,1.1112,26.4825,2.1766,459.6232,23.8333,17.2501,18.3962,12.8103,13.088,25.8178,37.4785,41.6341,52.3013,12.9729,-2.5818,3.181092,3.996131,1.371201,29,107,17,5,0.37739520,0.05761778,0.04117365,0E-8,0.000000,0.923936,0.000000,0.02641182,2026-03-28,2026-08-02,18,219,178,128,0.140625,0.937699,0.961211,1.257984,,,,,,,,GLOBAL_BASELINE_NO_ENTITY_RANKING,,,NOT_APPLICABLE_GLOBAL_BASELINE,HF9g-P5,,,,X 全窗基线 · 不参与实体赏罚,8392431,840,A168_HF9F_20260827_0900,2026-08-27 09:00:00
2026-05-13,74209325,2123,0,101.9666856935,-26.0754501582,-26.0754501582,0.3333333,3,3,0.50665070000000000,0.506650700000,-0.6004420894325239,-0.6004420894325239,-0.6004420894325239,0E-17,ELIGIBLE,R03b_20260811_FULL_v1,L1_ELIGIBILITY,v2026-08-11,2026-03-21..2026-08-06,baccarat_bet02_101_all_pairs_incl_sentinel,round_win = game_pnl > 0 (decisive only),COMPATIBILITY_ONLY_NOT_PRODUCTION,8273.2185,7643.9249,476.6845,461,429,-0.05761778,-0.04117365,-0.06758547,-0.05761778,-476.6845,8273.2185,OK,0.0000,14.3005,3.0000,97.0000,AG03-UNRESOLVED,ALL5_LEVELS_bet23_to_bet27,14.3005,14.3005,14.3005,19.0674,23.8342,3.000000,3.000000,3.000000,4.000000,5.000000,97.000000,97.000000,97.000000,96.000000,95.000000,5.0,85.8032,79.9124,390.8813,396.772,PENDING_AG03,FALSE,NOT_FOR_ENFORCEMENT,462.3839,7414.6071,476.6845,462.3839,14.3005,0.05761778,0.05588924,14.3005,462.3839,0.05588924,14.3005,14.3005,14.3005,19.0674,23.8342,462.3839,0.05588924,85.8032,79.9124,390.8813,396.772,0.04724658,0.04795861,0.00172853,17.9462,17.8180,1.1112,26.4825,2.1766,459.6232,23.8333,17.2501,18.3962,12.8103,13.088,25.8178,37.4785,41.6341,52.3013,12.9729,-2.5818,3.181092,3.996131,1.371201,29,107,17,5,0.37739520,0.05761778,0.04117365,0E-8,0.000000,0.923936,0.000000,0.02641182,2026-03-28,2026-08-02,18,219,178,128,0.140625,0.937699,0.961211,1.257984,,,,,,,,GLOBAL_BASELINE_NO_ENTITY_RANKING,,,NOT_APPLICABLE_GLOBAL_BASELINE,HF9g-P5,,,,X 全窗基线 · 不参与实体赏罚,8392432,840,A168_HF9F_20260827_0900,2026-08-27 09:00:00
2026-05-13,74209325,2152,0,52.9292719631,24.9857298531,24.9857298531,0.6666667,3,3,0.50665070000000000,0.506650700000,0.5543606114942035,0.5543606114942035,0.5543606114942035,0E-17,ELIGIBLE,R03b_20260811_FULL_v1,L1_ELIGIBILITY,v2026-08-11,2026-03-21..2026-08-06,baccarat_bet02_101_all_pairs_incl_sentinel,round_win = game_pnl > 0 (decisive only),COMPATIBILITY_ONLY_NOT_PRODUCTION,8273.2185,7643.9249,476.6845,461,429,-0.05761778,-0.04117365,-0.06758547,-0.05761778,-476.6845,8273.2185,OK,0.0000,14.3005,3.0000,97.0000,AG03-UNRESOLVED,ALL5_LEVELS_bet23_to_bet27,14.3005,14.3005,14.3005,19.0674,23.8342,3.000000,3.000000,3.000000,4.000000,5.000000,97.000000,97.000000,97.000000,96.000000,95.000000,5.0,85.8032,79.9124,390.8813,396.772,PENDING_AG03,FALSE,NOT_FOR_ENFORCEMENT,462.3839,7414.6071,476.6845,462.3839,14.3005,0.05761778,0.05588924,14.3005,462.3839,0.05588924,14.3005,14.3005,14.3005,19.0674,23.8342,462.3839,0.05588924,85.8032,79.9124,390.8813,396.772,0.04724658,0.04795861,0.00172853,17.9462,17.8180,1.1112,26.4825,2.1766,459.6232,23.8333,17.2501,18.3962,12.8103,13.088,25.8178,37.4785,41.6341,52.3013,12.9729,-2.5818,3.181092,3.996131,1.371201,29,107,17,5,0.37739520,0.05761778,0.04117365,0E-8,0.000000,0.923936,0.000000,0.02641182,2026-03-28,2026-08-02,18,219,178,128,0.140625,0.937699,0.961211,1.257984,,,,,,,,GLOBAL_BASELINE_NO_ENTITY_RANKING,,,NOT_APPLICABLE_GLOBAL_BASELINE,HF9g-P5,,,,X 全窗基线 · 不参与实体赏罚,8392433,840,A168_HF9F_20260827_0900,2026-08-27 09:00:00
2026-05-13,74209325,2169,0,119.3503191325,-18.1620050855,-18.1620050855,0.3333333,5,3,0.49149447719273650,0.410661288889,-0.547965563583779,-0.2722530715325291,-0.547965563583779,0.08083318830373650,ELIGIBLE,R03b_20260811_FULL_v1,L1_ELIGIBILITY,v2026-08-11,2026-03-21..2026-08-06,baccarat_bet02_101_all_pairs_incl_sentinel,round_win = game_pnl > 0 (decisive only),COMPATIBILITY_ONLY_NOT_PRODUCTION,8273.2185,7643.9249,476.6845,461,429,-0.05761778,-0.04117365,-0.06758547,-0.05761778,-476.6845,8273.2185,OK,0.0000,14.3005,3.0000,97.0000,AG03-UNRESOLVED,ALL5_LEVELS_bet23_to_bet27,14.3005,14.3005,14.3005,19.0674,23.8342,3.000000,3.000000,3.000000,4.000000,5.000000,97.000000,97.000000,97.000000,96.000000,95.000000,5.0,85.8032,79.9124,390.8813,396.772,PENDING_AG03,FALSE,NOT_FOR_ENFORCEMENT,462.3839,7414.6071,476.6845,462.3839,14.3005,0.05761778,0.05588924,14.3005,462.3839,0.05588924,14.3005,14.3005,14.3005,19.0674,23.8342,462.3839,0.05588924,85.8032,79.9124,390.8813,396.772,0.04724658,0.04795861,0.00172853,17.9462,17.8180,1.1112,26.4825,2.1766,459.6232,23.8333,17.2501,18.3962,12.8103,13.088,25.8178,37.4785,41.6341,52.3013,12.9729,-2.5818,3.181092,3.996131,1.371201,29,107,17,5,0.37739520,0.05761778,0.04117365,0E-8,0.000000,0.923936,0.000000,0.02641182,2026-03-28,2026-08-02,18,219,178,128,0.140625,0.937699,0.961211,1.257984,,,,,,,,GLOBAL_BASELINE_NO_ENTITY_RANKING,,,NOT_APPLICABLE_GLOBAL_BASELINE,HF9g-P5,,,,X 全窗基线 · 不参与实体赏罚,8392434,840,A168_HF9F_20260827_0900,2026-08-27 09:00:00
2026-05-13,74209325,2209,0,40.2158684034,39.5672253646,39.5672253646,1.0000000,3,3,0.49771390000000000,0.497713900000,1.739988277604938,1.739988277604938,1.739988277604938,0E-17,ELIGIBLE,R03b_20260811_FULL_v1,L1_ELIGIBILITY,v2026-08-11,2026-03-21..2026-08-06,baccarat_bet02_101_all_pairs_incl_sentinel,round_win = game_pnl > 0 (decisive only),COMPATIBILITY_ONLY_NOT_PRODUCTION,8273.2185,7643.9249,476.6845,461,429,-0.05761778,-0.04117365,-0.06758547,-0.05761778,-476.6845,8273.2185,OK,0.0000,14.3005,3.0000,97.0000,AG03-UNRESOLVED,ALL5_LEVELS_bet23_to_bet27,14.3005,14.3005,14.3005,19.0674,23.8342,3.000000,3.000000,3.000000,4.000000,5.000000,97.000000,97.000000,97.000000,96.000000,95.000000,5.0,85.8032,79.9124,390.8813,396.772,PENDING_AG03,FALSE,NOT_FOR_ENFORCEMENT,462.3839,7414.6071,476.6845,462.3839,14.3005,0.05761778,0.05588924,14.3005,462.3839,0.05588924,14.3005,14.3005,14.3005,19.0674,23.8342,462.3839,0.05588924,85.8032,79.9124,390.8813,396.772,0.04724658,0.04795861,0.00172853,17.9462,17.8180,1.1112,26.4825,2.1766,459.6232,23.8333,17.2501,18.3962,12.8103,13.088,25.8178,37.4785,41.6341,52.3013,12.9729,-2.5818,3.181092,3.996131,1.371201,29,107,17,5,0.37739520,0.05761778,0.04117365,0E-8,0.000000,0.923936,0.000000,0.02641182,2026-03-28,2026-08-02,18,219,178,128,0.140625,0.937699,0.961211,1.257984,,,,,,,,GLOBAL_BASELINE_NO_ENTITY_RANKING,,,NOT_APPLICABLE_GLOBAL_BASELINE,HF9g-P5,,,,X 全窗基线 · 不参与实体赏罚,8392435,840,A168_HF9F_20260827_0900,2026-08-27 09:00:00
2026-05-13,74209325,2235,0,101.1883140470,46.8320273987,46.8320273987,0.7500000,4,4,0.49994810000000000,0.499948100000,1.0002076053883384,1.0002076053883384,1.0002076053883384,0E-17,ELIGIBLE,R03b_20260811_FULL_v1,L1_ELIGIBILITY,v2026-08-11,2026-03-21..2026-08-06,baccarat_bet02_101_all_pairs_incl_sentinel,round_win = game_pnl > 0 (decisive only),COMPATIBILITY_ONLY_NOT_PRODUCTION,8273.2185,7643.9249,476.6845,461,429,-0.05761778,-0.04117365,-0.06758547,-0.05761778,-476.6845,8273.2185,OK,0.0000,14.3005,3.0000,97.0000,AG03-UNRESOLVED,ALL5_LEVELS_bet23_to_bet27,14.3005,14.3005,14.3005,19.0674,23.8342,3.000000,3.000000,3.000000,4.000000,5.000000,97.000000,97.000000,97.000000,96.000000,95.000000,5.0,85.8032,79.9124,390.8813,396.772,PENDING_AG03,FALSE,NOT_FOR_ENFORCEMENT,462.3839,7414.6071,476.6845,462.3839,14.3005,0.05761778,0.05588924,14.3005,462.3839,0.05588924,14.3005,14.3005,14.3005,19.0674,23.8342,462.3839,0.05588924,85.8032,79.9124,390.8813,396.772,0.04724658,0.04795861,0.00172853,17.9462,17.8180,1.1112,26.4825,2.1766,459.6232,23.8333,17.2501,18.3962,12.8103,13.088,25.8178,37.4785,41.6341,52.3013,12.9729,-2.5818,3.181092,3.996131,1.371201,29,107,17,5,0.37739520,0.05761778,0.04117365,0E-8,0.000000,0.923936,0.000000,0.02641182,2026-03-28,2026-08-02,18,219,178,128,0.140625,0.937699,0.961211,1.257984,,,,,,,,GLOBAL_BASELINE_NO_ENTITY_RANKING,,,NOT_APPLICABLE_GLOBAL_BASELINE,HF9g-P5,,,,X 全窗基线 · 不参与实体赏罚,8392436,840,A168_HF9F_20260827_0900,2026-08-27 09:00:00
2026-05-13,74209325,2244,0,54.4860152561,-28.5402937055,-28.5402937055,0.3333333,3,3,0.49324550000000000,0.493245500000,-0.5540025479526107,-0.5540025479526106,-0.5540025479526107,0E-17,ELIGIBLE,R03b_20260811_FULL_v1,L1_ELIGIBILITY,v2026-08-11,2026-03-21..2026-08-06,baccarat_bet02_101_all_pairs_incl_sentinel,round_win = game_pnl > 0 (decisive only),COMPATIBILITY_ONLY_NOT_PRODUCTION,8273.2185,7643.9249,476.6845,461,429,-0.05761778,-0.04117365,-0.06758547,-0.05761778,-476.6845,8273.2185,OK,0.0000,14.3005,3.0000,97.0000,AG03-UNRESOLVED,ALL5_LEVELS_bet23_to_bet27,14.3005,14.3005,14.3005,19.0674,23.8342,3.000000,3.000000,3.000000,4.000000,5.000000,97.000000,97.000000,97.000000,96.000000,95.000000,5.0,85.8032,79.9124,390.8813,396.772,PENDING_AG03,FALSE,NOT_FOR_ENFORCEMENT,462.3839,7414.6071,476.6845,462.3839,14.3005,0.05761778,0.05588924,14.3005,462.3839,0.05588924,14.3005,14.3005,14.3005,19.0674,23.8342,462.3839,0.05588924,85.8032,79.9124,390.8813,396.772,0.04724658,0.04795861,0.00172853,17.9462,17.8180,1.1112,26.4825,2.1766,459.6232,23.8333,17.2501,18.3962,12.8103,13.088,25.8178,37.4785,41.6341,52.3013,12.9729,-2.5818,3.181092,3.996131,1.371201,29,107,17,5,0.37739520,0.05761778,0.04117365,0E-8,0.000000,0.923936,0.000000,0.02641182,2026-03-28,2026-08-02,18,219,178,128,0.140625,0.937699,0.961211,1.257984,,,,,,,,GLOBAL_BASELINE_NO_ENTITY_RANKING,,,NOT_APPLICABLE_GLOBAL_BASELINE,HF9g-P5,,,,X 全窗基线 · 不参与实体赏罚,8392437,840,A168_HF9F_20260827_0900,2026-08-27 09:00:00
2026-05-13,74209325,2248,0,12.9728607753,12.9728607753,12.9728607753,1.0000000,1,1,0.49324550000000000,0.493245500000,1.01360149184955,1.01360149184955,1.01360149184955,0E-17,ELIGIBLE,R03b_20260811_FULL_v1,L1_ELIGIBILITY,v2026-08-11,2026-03-21..2026-08-06,baccarat_bet02_101_all_pairs_incl_sentinel,round_win = game_pnl > 0 (decisive only),COMPATIBILITY_ONLY_NOT_PRODUCTION,8273.2185,7643.9249,476.6845,461,429,-0.05761778,-0.04117365,-0.06758547,-0.05761778,-476.6845,8273.2185,OK,0.0000,14.3005,3.0000,97.0000,AG03-UNRESOLVED,ALL5_LEVELS_bet23_to_bet27,14.3005,14.3005,14.3005,19.0674,23.8342,3.000000,3.000000,3.000000,4.000000,5.000000,97.000000,97.000000,97.000000,96.000000,95.000000,5.0,85.8032,79.9124,390.8813,396.772,PENDING_AG03,FALSE,NOT_FOR_ENFORCEMENT,462.3839,7414.6071,476.6845,462.3839,14.3005,0.05761778,0.05588924,14.3005,462.3839,0.05588924,14.3005,14.3005,14.3005,19.0674,23.8342,462.3839,0.05588924,85.8032,79.9124,390.8813,396.772,0.04724658,0.04795861,0.00172853,17.9462,17.8180,1.1112,26.4825,2.1766,459.6232,23.8333,17.2501,18.3962,12.8103,13.088,25.8178,37.4785,41.6341,52.3013,12.9729,-2.5818,3.181092,3.996131,1.371201,29,107,17,5,0.37739520,0.05761778,0.04117365,0E-8,0.000000,0.923936,0.000000,0.02641182,2026-03-28,2026-08-02,18,219,178,128,0.140625,0.937699,0.961211,1.257984,,,,,,,,GLOBAL_BASELINE_NO_ENTITY_RANKING,,,NOT_APPLICABLE_GLOBAL_BASELINE,HF9g-P5,,,,X 全窗基线 · 不参与实体赏罚,8392438,840,A168_HF9F_20260827_0900,2026-08-27 09:00:00
2026-05-13,74209325,2251,0,25.9457215506,0E-10,0E-10,0.5000000,2,2,0.49994810000000000,0.499948100000,0.00014679536856514622,0.00014679536856514622,0.00014679536856514622,0E-17,ELIGIBLE,R03b_20260811_FULL_v1,L1_ELIGIBILITY,v2026-08-11,2026-03-21..2026-08-06,baccarat_bet02_101_all_pairs_incl_sentinel,round_win = game_pnl > 0 (decisive only),COMPATIBILITY_ONLY_NOT_PRODUCTION,8273.2185,7643.9249,476.6845,461,429,-0.05761778,-0.04117365,-0.06758547,-0.05761778,-476.6845,8273.2185,OK,0.0000,14.3005,3.0000,97.0000,AG03-UNRESOLVED,ALL5_LEVELS_bet23_to_bet27,14.3005,14.3005,14.3005,19.0674,23.8342,3.000000,3.000000,3.000000,4.000000,5.000000,97.000000,97.000000,97.000000,96.000000,95.000000,5.0,85.8032,79.9124,390.8813,396.772,PENDING_AG03,FALSE,NOT_FOR_ENFORCEMENT,462.3839,7414.6071,476.6845,462.3839,14.3005,0.05761778,0.05588924,14.3005,462.3839,0.05588924,14.3005,14.3005,14.3005,19.0674,23.8342,462.3839,0.05588924,85.8032,79.9124,390.8813,396.772,0.04724658,0.04795861,0.00172853,17.9462,17.8180,1.1112,26.4825,2.1766,459.6232,23.8333,17.2501,18.3962,12.8103,13.088,25.8178,37.4785,41.6341,52.3013,12.9729,-2.5818,3.181092,3.996131,1.371201,29,107,17,5,0.37739520,0.05761778,0.04117365,0E-8,0.000000,0.923936,0.000000,0.02641182,2026-03-28,2026-08-02,18,219,178,128,0.140625,0.937699,0.961211,1.257984,,,,,,,,GLOBAL_BASELINE_NO_ENTITY_RANKING,,,NOT_APPLICABLE_GLOBAL_BASELINE,HF9g-P5,,,,X 全窗基线 · 不参与实体赏罚,8392439,840,A168_HF9F_20260827_0900,2026-08-27 09:00:00
2026-05-13,74209325,2256,0,25.9457215506,-12.9728607753,-12.9728607753,0E-7,2,2,0.50665070000000000,0.506650700000,-1.013391052207602,-1.013391052207602,-1.013391052207602,0E-17,ELIGIBLE,R03b_20260811_FULL_v1,L1_ELIGIBILITY,v2026-08-11,2026-03-21..2026-08-06,baccarat_bet02_101_all_pairs_incl_sentinel,round_win = game_pnl > 0 (decisive only),COMPATIBILITY_ONLY_NOT_PRODUCTION,8273.2185,7643.9249,476.6845,461,429,-0.05761778,-0.04117365,-0.06758547,-0.05761778,-476.6845,8273.2185,OK,0.0000,14.3005,3.0000,97.0000,AG03-UNRESOLVED,ALL5_LEVELS_bet23_to_bet27,14.3005,14.3005,14.3005,19.0674,23.8342,3.000000,3.000000,3.000000,4.000000,5.000000,97.000000,97.000000,97.000000,96.000000,95.000000,5.0,85.8032,79.9124,390.8813,396.772,PENDING_AG03,FALSE,NOT_FOR_ENFORCEMENT,462.3839,7414.6071,476.6845,462.3839,14.3005,0.05761778,0.05588924,14.3005,462.3839,0.05588924,14.3005,14.3005,14.3005,19.0674,23.8342,462.3839,0.05588924,85.8032,79.9124,390.8813,396.772,0.04724658,0.04795861,0.00172853,17.9462,17.8180,1.1112,26.4825,2.1766,459.6232,23.8333,17.2501,18.3962,12.8103,13.088,25.8178,37.4785,41.6341,52.3013,12.9729,-2.5818,3.181092,3.996131,1.371201,29,107,17,5,0.37739520,0.05761778,0.04117365,0E-8,0.000000,0.923936,0.000000,0.02641182,2026-03-28,2026-08-02,18,219,178,128,0.140625,0.937699,0.961211,1.257984,,,,,,,,GLOBAL_BASELINE_NO_ENTITY_RANKING,,,NOT_APPLICABLE_GLOBAL_BASELINE,HF9g-P5,,,,X 全窗基线 · 不参与实体赏罚,8392440,840,A168_HF9F_20260827_0900,2026-08-27 09:00:00
2026-05-13,74209325,2267,0,36.3240101707,-36.3240101707,-36.3240101707,0E-7,1,1,0.50665070000000000,0.506650700000,-1.013391052207602,-1.013391052207602,-1.013391052207602,0E-17,ELIGIBLE,R03b_20260811_FULL_v1,L1_ELIGIBILITY,v2026-08-11,2026-03-21..2026-08-06,baccarat_bet02_101_all_pairs_incl_sentinel,round_win = game_pnl > 0 (decisive only),COMPATIBILITY_ONLY_NOT_PRODUCTION,8273.2185,7643.9249,476.6845,461,429,-0.05761778,-0.04117365,-0.06758547,-0.05761778,-476.6845,8273.2185,OK,0.0000,14.3005,3.0000,97.0000,AG03-UNRESOLVED,ALL5_LEVELS_bet23_to_bet27,14.3005,14.3005,14.3005,19.0674,23.8342,3.000000,3.000000,3.000000,4.000000,5.000000,97.000000,97.000000,97.000000,96.000000,95.000000,5.0,85.8032,79.9124,390.8813,396.772,PENDING_AG03,FALSE,NOT_FOR_ENFORCEMENT,462.3839,7414.6071,476.6845,462.3839,14.3005,0.05761778,0.05588924,14.3005,462.3839,0.05588924,14.3005,14.3005,14.3005,19.0674,23.8342,462.3839,0.05588924,85.8032,79.9124,390.8813,396.772,0.04724658,0.04795861,0.00172853,17.9462,17.8180,1.1112,26.4825,2.1766,459.6232,23.8333,17.2501,18.3962,12.8103,13.088,25.8178,37.4785,41.6341,52.3013,12.9729,-2.5818,3.181092,3.996131,1.371201,29,107,17,5,0.37739520,0.05761778,0.04117365,0E-8,0.000000,0.923936,0.000000,0.02641182,2026-03-28,2026-08-02,18,219,178,128,0.140625,0.937699,0.961211,1.257984,,,,,,,,GLOBAL_BASELINE_NO_ENTITY_RANKING,,,NOT_APPLICABLE_GLOBAL_BASELINE,HF9g-P5,,,,X 全窗基线 · 不参与实体赏罚,8392441,840,A168_HF9F_20260827_0900,2026-08-27 09:00:00
2026-05-13,74209325,752,0,25.9457215505,-25.9457215505,-25.9457215505,0E-7,1,1,0.49324550000000000,0.493245500000,-0.9865810262130424,-0.9865810262130424,-0.9865810262130424,0E-17,ELIGIBLE,R03b_20260811_FULL_v1,L1_ELIGIBILITY,v2026-08-11,2026-03-21..2026-08-06,baccarat_bet02_101_all_pairs_incl_sentinel,round_win = game_pnl > 0 (decisive only),COMPATIBILITY_ONLY_NOT_PRODUCTION,8273.2185,7643.9249,476.6845,461,429,-0.05761778,-0.04117365,-0.06758547,-0.05761778,-476.6845,8273.2185,OK,0.0000,14.3005,3.0000,97.0000,AG03-UNRESOLVED,ALL5_LEVELS_bet23_to_bet27,14.3005,14.3005,14.3005,19.0674,23.8342,3.000000,3.000000,3.000000,4.000000,5.000000,97.000000,97.000000,97.000000,96.000000,95.000000,5.0,85.8032,79.9124,390.8813,396.772,PENDING_AG03,FALSE,NOT_FOR_ENFORCEMENT,462.3839,7414.6071,476.6845,462.3839,14.3005,0.05761778,0.05588924,14.3005,462.3839,0.05588924,14.3005,14.3005,14.3005,19.0674,23.8342,462.3839,0.05588924,85.8032,79.9124,390.8813,396.772,0.04724658,0.04795861,0.00172853,17.9462,17.8180,1.1112,26.4825,2.1766,459.6232,23.8333,17.2501,18.3962,12.8103,13.088,25.8178,37.4785,41.6341,52.3013,12.9729,-2.5818,3.181092,3.996131,1.371201,29,107,17,5,0.37739520,0.05761778,0.04117365,0E-8,0.000000,0.923936,0.000000,0.02641182,2026-03-28,2026-08-02,18,219,178,128,0.140625,0.937699,0.961211,1.257984,,,,,,,,GLOBAL_BASELINE_NO_ENTITY_RANKING,,,NOT_APPLICABLE_GLOBAL_BASELINE,HF9g-P5,,,,X 全窗基线 · 不参与实体赏罚,8392442,840,A168_HF9F_20260827_0900,2026-08-27 09:00:00
2026-05-16,74209325,-1,1,36.3240101708,-23.3511493955,-23.3511493955,0E-7,2,2,0.50665070000000000,0.506650700000,-1.013391052207602,-1.013391052207602,-1.013391052207602,0E-17,SENTINEL_DEALER,R03b_20260811_FULL_v1,L1_ELIGIBILITY,v2026-08-11,2026-03-21..2026-08-06,baccarat_bet02_101_all_pairs_incl_sentinel,round_win = game_pnl > 0 (decisive only),COMPATIBILITY_ONLY_NOT_PRODUCTION,8273.2185,7643.9249,476.6845,461,429,-0.05761778,-0.04117365,-0.06758547,-0.05761778,-476.6845,8273.2185,OK,0.0000,14.3005,3.0000,97.0000,AG03-UNRESOLVED,ALL5_LEVELS_bet23_to_bet27,14.3005,14.3005,14.3005,19.0674,23.8342,3.000000,3.000000,3.000000,4.000000,5.000000,97.000000,97.000000,97.000000,96.000000,95.000000,5.0,85.8032,79.9124,390.8813,396.772,PENDING_AG03,FALSE,NOT_FOR_ENFORCEMENT,462.3839,7414.6071,476.6845,462.3839,14.3005,0.05761778,0.05588924,14.3005,462.3839,0.05588924,14.3005,14.3005,14.3005,19.0674,23.8342,462.3839,0.05588924,85.8032,79.9124,390.8813,396.772,0.04724658,0.04795861,0.00172853,17.9462,17.8180,1.1112,26.4825,2.1766,459.6232,23.8333,17.2501,18.3962,12.8103,13.088,25.8178,37.4785,41.6341,52.3013,12.9729,-2.5818,3.181092,3.996131,1.371201,29,107,17,5,0.37739520,0.05761778,0.04117365,0E-8,0.000000,0.923936,0.000000,0.02641182,2026-03-28,2026-08-02,18,219,178,128,0.140625,0.937699,0.961211,1.257984,,,,,,,,GLOBAL_BASELINE_NO_ENTITY_RANKING,,,NOT_APPLICABLE_GLOBAL_BASELINE,HF9g-P5,,,,X 全窗基线 · 不参与实体赏罚,8392443,840,A168_HF9F_20260827_0900,2026-08-27 09:00:00
2026-05-16,74209325,1306,0,12.9728607753,12.3242177365,12.3242177365,1.0000000,1,1,0.50665070000000000,0.506650700000,0.9867858985152569,0.9867858985152569,0.9867858985152569,0E-17,ELIGIBLE,R03b_20260811_FULL_v1,L1_ELIGIBILITY,v2026-08-11,2026-03-21..2026-08-06,baccarat_bet02_101_all_pairs_incl_sentinel,round_win = game_pnl > 0 (decisive only),COMPATIBILITY_ONLY_NOT_PRODUCTION,8273.2185,7643.9249,476.6845,461,429,-0.05761778,-0.04117365,-0.06758547,-0.05761778,-476.6845,8273.2185,OK,0.0000,14.3005,3.0000,97.0000,AG03-UNRESOLVED,ALL5_LEVELS_bet23_to_bet27,14.3005,14.3005,14.3005,19.0674,23.8342,3.000000,3.000000,3.000000,4.000000,5.000000,97.000000,97.000000,97.000000,96.000000,95.000000,5.0,85.8032,79.9124,390.8813,396.772,PENDING_AG03,FALSE,NOT_FOR_ENFORCEMENT,462.3839,7414.6071,476.6845,462.3839,14.3005,0.05761778,0.05588924,14.3005,462.3839,0.05588924,14.3005,14.3005,14.3005,19.0674,23.8342,462.3839,0.05588924,85.8032,79.9124,390.8813,396.772,0.04724658,0.04795861,0.00172853,17.9462,17.8180,1.1112,26.4825,2.1766,459.6232,23.8333,17.2501,18.3962,12.8103,13.088,25.8178,37.4785,41.6341,52.3013,12.9729,-2.5818,3.181092,3.996131,1.371201,29,107,17,5,0.37739520,0.05761778,0.04117365,0E-8,0.000000,0.923936,0.000000,0.02641182,2026-03-28,2026-08-02,18,219,178,128,0.140625,0.937699,0.961211,1.257984,,,,,,,,GLOBAL_BASELINE_NO_ENTITY_RANKING,,,NOT_APPLICABLE_GLOBAL_BASELINE,HF9g-P5,,,,X 全窗基线 · 不参与实体赏罚,8392444,840,A168_HF9F_20260827_0900,2026-08-27 09:00:00
2026-05-16,74209325,1353,0,12.9728607753,12.3242177365,12.3242177365,1.0000000,1,1,0.50665070000000000,0.506650700000,0.9867858985152569,0.9867858985152569,0.9867858985152569,0E-17,ELIGIBLE,R03b_20260811_FULL_v1,L1_ELIGIBILITY,v2026-08-11,2026-03-21..2026-08-06,baccarat_bet02_101_all_pairs_incl_sentinel,round_win = game_pnl > 0 (decisive only),COMPATIBILITY_ONLY_NOT_PRODUCTION,8273.2185,7643.9249,476.6845,461,429,-0.05761778,-0.04117365,-0.06758547,-0.05761778,-476.6845,8273.2185,OK,0.0000,14.3005,3.0000,97.0000,AG03-UNRESOLVED,ALL5_LEVELS_bet23_to_bet27,14.3005,14.3005,14.3005,19.0674,23.8342,3.000000,3.000000,3.000000,4.000000,5.000000,97.000000,97.000000,97.000000,96.000000,95.000000,5.0,85.8032,79.9124,390.8813,396.772,PENDING_AG03,FALSE,NOT_FOR_ENFORCEMENT,462.3839,7414.6071,476.6845,462.3839,14.3005,0.05761778,0.05588924,14.3005,462.3839,0.05588924,14.3005,14.3005,14.3005,19.0674,23.8342,462.3839,0.05588924,85.8032,79.9124,390.8813,396.772,0.04724658,0.04795861,0.00172853,17.9462,17.8180,1.1112,26.4825,2.1766,459.6232,23.8333,17.2501,18.3962,12.8103,13.088,25.8178,37.4785,41.6341,52.3013,12.9729,-2.5818,3.181092,3.996131,1.371201,29,107,17,5,0.37739520,0.05761778,0.04117365,0E-8,0.000000,0.923936,0.000000,0.02641182,2026-03-28,2026-08-02,18,219,178,128,0.140625,0.937699,0.961211,1.257984,,,,,,,,GLOBAL_BASELINE_NO_ENTITY_RANKING,,,NOT_APPLICABLE_GLOBAL_BASELINE,HF9g-P5,,,,X 全窗基线 · 不参与实体赏罚,8392445,840,A168_HF9F_20260827_0900,2026-08-27 09:00:00
2026-05-16,74209325,1509,0,38.1402106793,-12.8431321675,-12.8431321675,0.5000000,2,2,0.49994810000000000,0.499948100000,0.00014679536856514622,0.00014679536856514622,0.00014679536856514622,0E-17,ELIGIBLE,R03b_20260811_FULL_v1,L1_ELIGIBILITY,v2026-08-11,2026-03-21..2026-08-06,baccarat_bet02_101_all_pairs_incl_sentinel,round_win = game_pnl > 0 (decisive only),COMPATIBILITY_ONLY_NOT_PRODUCTION,8273.2185,7643.9249,476.6845,461,429,-0.05761778,-0.04117365,-0.06758547,-0.05761778,-476.6845,8273.2185,OK,0.0000,14.3005,3.0000,97.0000,AG03-UNRESOLVED,ALL5_LEVELS_bet23_to_bet27,14.3005,14.3005,14.3005,19.0674,23.8342,3.000000,3.000000,3.000000,4.000000,5.000000,97.000000,97.000000,97.000000,96.000000,95.000000,5.0,85.8032,79.9124,390.8813,396.772,PENDING_AG03,FALSE,NOT_FOR_ENFORCEMENT,462.3839,7414.6071,476.6845,462.3839,14.3005,0.05761778,0.05588924,14.3005,462.3839,0.05588924,14.3005,14.3005,14.3005,19.0674,23.8342,462.3839,0.05588924,85.8032,79.9124,390.8813,396.772,0.04724658,0.04795861,0.00172853,17.9462,17.8180,1.1112,26.4825,2.1766,459.6232,23.8333,17.2501,18.3962,12.8103,13.088,25.8178,37.4785,41.6341,52.3013,12.9729,-2.5818,3.181092,3.996131,1.371201,29,107,17,5,0.37739520,0.05761778,0.04117365,0E-8,0.000000,0.923936,0.000000,0.02641182,2026-03-28,2026-08-02,18,219,178,128,0.140625,0.937699,0.961211,1.257984,,,,,,,,GLOBAL_BASELINE_NO_ENTITY_RANKING,,,NOT_APPLICABLE_GLOBAL_BASELINE,HF9g-P5,,,,X 全窗基线 · 不参与实体赏罚,8392446,840,A168_HF9F_20260827_0900,2026-08-27 09:00:00
2026-05-16,74209325,1935,0,38.9185823258,-38.9185823258,-38.9185823258,0E-7,1,1,0.50665070000000000,0.506650700000,-1.013391052207602,-1.013391052207602,-1.013391052207602,0E-17,ELIGIBLE,R03b_20260811_FULL_v1,L1_ELIGIBILITY,v2026-08-11,2026-03-21..2026-08-06,baccarat_bet02_101_all_pairs_incl_sentinel,round_win = game_pnl > 0 (decisive only),COMPATIBILITY_ONLY_NOT_PRODUCTION,8273.2185,7643.9249,476.6845,461,429,-0.05761778,-0.04117365,-0.06758547,-0.05761778,-476.6845,8273.2185,OK,0.0000,14.3005,3.0000,97.0000,AG03-UNRESOLVED,ALL5_LEVELS_bet23_to_bet27,14.3005,14.3005,14.3005,19.0674,23.8342,3.000000,3.000000,3.000000,4.000000,5.000000,97.000000,97.000000,97.000000,96.000000,95.000000,5.0,85.8032,79.9124,390.8813,396.772,PENDING_AG03,FALSE,NOT_FOR_ENFORCEMENT,462.3839,7414.6071,476.6845,462.3839,14.3005,0.05761778,0.05588924,14.3005,462.3839,0.05588924,14.3005,14.3005,14.3005,19.0674,23.8342,462.3839,0.05588924,85.8032,79.9124,390.8813,396.772,0.04724658,0.04795861,0.00172853,17.9462,17.8180,1.1112,26.4825,2.1766,459.6232,23.8333,17.2501,18.3962,12.8103,13.088,25.8178,37.4785,41.6341,52.3013,12.9729,-2.5818,3.181092,3.996131,1.371201,29,107,17,5,0.37739520,0.05761778,0.04117365,0E-8,0.000000,0.923936,0.000000,0.02641182,2026-03-28,2026-08-02,18,219,178,128,0.140625,0.937699,0.961211,1.257984,,,,,,,,GLOBAL_BASELINE_NO_ENTITY_RANKING,,,NOT_APPLICABLE_GLOBAL_BASELINE,HF9g-P5,,,,X 全窗基线 · 不参与实体赏罚,8392447,840,A168_HF9F_20260827_0900,2026-08-27 09:00:00
2026-05-16,74209325,2103,0,36.3240101708,-36.3240101708,-36.3240101708,0E-7,2,2,0.49994810000000000,0.499948100000,-1.4140667746232096,-1.4140667746232096,-1.4140667746232096,0E-17,ELIGIBLE,R03b_20260811_FULL_v1,L1_ELIGIBILITY,v2026-08-11,2026-03-21..2026-08-06,baccarat_bet02_101_all_pairs_incl_sentinel,round_win = game_pnl > 0 (decisive only),COMPATIBILITY_ONLY_NOT_PRODUCTION,8273.2185,7643.9249,476.6845,461,429,-0.05761778,-0.04117365,-0.06758547,-0.05761778,-476.6845,8273.2185,OK,0.0000,14.3005,3.0000,97.0000,AG03-UNRESOLVED,ALL5_LEVELS_bet23_to_bet27,14.3005,14.3005,14.3005,19.0674,23.8342,3.000000,3.000000,3.000000,4.000000,5.000000,97.000000,97.000000,97.000000,96.000000,95.000000,5.0,85.8032,79.9124,390.8813,396.772,PENDING_AG03,FALSE,NOT_FOR_ENFORCEMENT,462.3839,7414.6071,476.6845,462.3839,14.3005,0.05761778,0.05588924,14.3005,462.3839,0.05588924,14.3005,14.3005,14.3005,19.0674,23.8342,462.3839,0.05588924,85.8032,79.9124,390.8813,396.772,0.04724658,0.04795861,0.00172853,17.9462,17.8180,1.1112,26.4825,2.1766,459.6232,23.8333,17.2501,18.3962,12.8103,13.088,25.8178,37.4785,41.6341,52.3013,12.9729,-2.5818,3.181092,3.996131,1.371201,29,107,17,5,0.37739520,0.05761778,0.04117365,0E-8,0.000000,0.923936,0.000000,0.02641182,2026-03-28,2026-08-02,18,219,178,128,0.140625,0.937699,0.961211,1.257984,,,,,,,,GLOBAL_BASELINE_NO_ENTITY_RANKING,,,NOT_APPLICABLE_GLOBAL_BASELINE,HF9g-P5,,,,X 全窗基线 · 不参与实体赏罚,8392448,840,A168_HF9F_20260827_0900,2026-08-27 09:00:00
2026-05-16,74209325,2130,0,220.5386331795,140.6258108038,140.6258108038,0.8000000,6,6,0.50218230000000000,0.502182300000,1.3318939303776811,1.3318939303776811,1.3318939303776811,0E-17,ELIGIBLE,R03b_20260811_FULL_v1,L1_ELIGIBILITY,v2026-08-11,2026-03-21..2026-08-06,baccarat_bet02_101_all_pairs_incl_sentinel,round_win = game_pnl > 0 (decisive only),COMPATIBILITY_ONLY_NOT_PRODUCTION,8273.2185,7643.9249,476.6845,461,429,-0.05761778,-0.04117365,-0.06758547,-0.05761778,-476.6845,8273.2185,OK,0.0000,14.3005,3.0000,97.0000,AG03-UNRESOLVED,ALL5_LEVELS_bet23_to_bet27,14.3005,14.3005,14.3005,19.0674,23.8342,3.000000,3.000000,3.000000,4.000000,5.000000,97.000000,97.000000,97.000000,96.000000,95.000000,5.0,85.8032,79.9124,390.8813,396.772,PENDING_AG03,FALSE,NOT_FOR_ENFORCEMENT,462.3839,7414.6071,476.6845,462.3839,14.3005,0.05761778,0.05588924,14.3005,462.3839,0.05588924,14.3005,14.3005,14.3005,19.0674,23.8342,462.3839,0.05588924,85.8032,79.9124,390.8813,396.772,0.04724658,0.04795861,0.00172853,17.9462,17.8180,1.1112,26.4825,2.1766,459.6232,23.8333,17.2501,18.3962,12.8103,13.088,25.8178,37.4785,41.6341,52.3013,12.9729,-2.5818,3.181092,3.996131,1.371201,29,107,17,5,0.37739520,0.05761778,0.04117365,0E-8,0.000000,0.923936,0.000000,0.02641182,2026-03-28,2026-08-02,18,219,178,128,0.140625,0.937699,0.961211,1.257984,,,,,,,,GLOBAL_BASELINE_NO_ENTITY_RANKING,,,NOT_APPLICABLE_GLOBAL_BASELINE,HF9g-P5,,,,X 全窗基线 · 不参与实体赏罚,8392449,840,A168_HF9F_20260827_0900,2026-08-27 09:00:00
2026-05-16,74209325,2153,0,25.9457215505,-25.9457215505,-25.9457215505,0E-7,1,1,0.49324550000000000,0.493245500000,-0.9865810262130424,-0.9865810262130424,-0.9865810262130424,0E-17,ELIGIBLE,R03b_20260811_FULL_v1,L1_ELIGIBILITY,v2026-08-11,2026-03-21..2026-08-06,baccarat_bet02_101_all_pairs_incl_sentinel,round_win = game_pnl > 0 (decisive only),COMPATIBILITY_ONLY_NOT_PRODUCTION,8273.2185,7643.9249,476.6845,461,429,-0.05761778,-0.04117365,-0.06758547,-0.05761778,-476.6845,8273.2185,OK,0.0000,14.3005,3.0000,97.0000,AG03-UNRESOLVED,ALL5_LEVELS_bet23_to_bet27,14.3005,14.3005,14.3005,19.0674,23.8342,3.000000,3.000000,3.000000,4.000000,5.000000,97.000000,97.000000,97.000000,96.000000,95.000000,5.0,85.8032,79.9124,390.8813,396.772,PENDING_AG03,FALSE,NOT_FOR_ENFORCEMENT,462.3839,7414.6071,476.6845,462.3839,14.3005,0.05761778,0.05588924,14.3005,462.3839,0.05588924,14.3005,14.3005,14.3005,19.0674,23.8342,462.3839,0.05588924,85.8032,79.9124,390.8813,396.772,0.04724658,0.04795861,0.00172853,17.9462,17.8180,1.1112,26.4825,2.1766,459.6232,23.8333,17.2501,18.3962,12.8103,13.088,25.8178,37.4785,41.6341,52.3013,12.9729,-2.5818,3.181092,3.996131,1.371201,29,107,17,5,0.37739520,0.05761778,0.04117365,0E-8,0.000000,0.923936,0.000000,0.02641182,2026-03-28,2026-08-02,18,219,178,128,0.140625,0.937699,0.961211,1.257984,,,,,,,,GLOBAL_BASELINE_NO_ENTITY_RANKING,,,NOT_APPLICABLE_GLOBAL_BASELINE,HF9g-P5,,,,X 全窗基线 · 不参与实体赏罚,8392450,840,A168_HF9F_20260827_0900,2026-08-27 09:00:00
2026-05-16,74209325,2220,0,64.8643038763,-64.8643038763,-64.8643038763,0E-7,2,2,0.50665070000000000,0.506650700000,-1.4331513700195317,-1.4331513700195317,-1.4331513700195317,0E-17,ELIGIBLE,R03b_20260811_FULL_v1,L1_ELIGIBILITY,v2026-08-11,2026-03-21..2026-08-06,baccarat_bet02_101_all_pairs_incl_sentinel,round_win = game_pnl > 0 (decisive only),COMPATIBILITY_ONLY_NOT_PRODUCTION,8273.2185,7643.9249,476.6845,461,429,-0.05761778,-0.04117365,-0.06758547,-0.05761778,-476.6845,8273.2185,OK,0.0000,14.3005,3.0000,97.0000,AG03-UNRESOLVED,ALL5_LEVELS_bet23_to_bet27,14.3005,14.3005,14.3005,19.0674,23.8342,3.000000,3.000000,3.000000,4.000000,5.000000,97.000000,97.000000,97.000000,96.000000,95.000000,5.0,85.8032,79.9124,390.8813,396.772,PENDING_AG03,FALSE,NOT_FOR_ENFORCEMENT,462.3839,7414.6071,476.6845,462.3839,14.3005,0.05761778,0.05588924,14.3005,462.3839,0.05588924,14.3005,14.3005,14.3005,19.0674,23.8342,462.3839,0.05588924,85.8032,79.9124,390.8813,396.772,0.04724658,0.04795861,0.00172853,17.9462,17.8180,1.1112,26.4825,2.1766,459.6232,23.8333,17.2501,18.3962,12.8103,13.088,25.8178,37.4785,41.6341,52.3013,12.9729,-2.5818,3.181092,3.996131,1.371201,29,107,17,5,0.37739520,0.05761778,0.04117365,0E-8,0.000000,0.923936,0.000000,0.02641182,2026-03-28,2026-08-02,18,219,178,128,0.140625,0.937699,0.961211,1.257984,,,,,,,,GLOBAL_BASELINE_NO_ENTITY_RANKING,,,NOT_APPLICABLE_GLOBAL_BASELINE,HF9g-P5,,,,X 全窗基线 · 不参与实体赏罚,8392451,840,A168_HF9F_20260827_0900,2026-08-27 09:00:00
2026-05-16,74209325,2233,0,25.9457215506,-0.6486430388,-0.6486430388,0.5000000,2,2,0.50665070000000000,0.506650700000,-0.018812684590367487,-0.018812684590367487,-0.018812684590367487,0E-17,ELIGIBLE,R03b_20260811_FULL_v1,L1_ELIGIBILITY,v2026-08-11,2026-03-21..2026-08-06,baccarat_bet02_101_all_pairs_incl_sentinel,round_win = game_pnl > 0 (decisive only),COMPATIBILITY_ONLY_NOT_PRODUCTION,8273.2185,7643.9249,476.6845,461,429,-0.05761778,-0.04117365,-0.06758547,-0.05761778,-476.6845,8273.2185,OK,0.0000,14.3005,3.0000,97.0000,AG03-UNRESOLVED,ALL5_LEVELS_bet23_to_bet27,14.3005,14.3005,14.3005,19.0674,23.8342,3.000000,3.000000,3.000000,4.000000,5.000000,97.000000,97.000000,97.000000,96.000000,95.000000,5.0,85.8032,79.9124,390.8813,396.772,PENDING_AG03,FALSE,NOT_FOR_ENFORCEMENT,462.3839,7414.6071,476.6845,462.3839,14.3005,0.05761778,0.05588924,14.3005,462.3839,0.05588924,14.3005,14.3005,14.3005,19.0674,23.8342,462.3839,0.05588924,85.8032,79.9124,390.8813,396.772,0.04724658,0.04795861,0.00172853,17.9462,17.8180,1.1112,26.4825,2.1766,459.6232,23.8333,17.2501,18.3962,12.8103,13.088,25.8178,37.4785,41.6341,52.3013,12.9729,-2.5818,3.181092,3.996131,1.371201,29,107,17,5,0.37739520,0.05761778,0.04117365,0E-8,0.000000,0.923936,0.000000,0.02641182,2026-03-28,2026-08-02,18,219,178,128,0.140625,0.937699,0.961211,1.257984,,,,,,,,GLOBAL_BASELINE_NO_ENTITY_RANKING,,,NOT_APPLICABLE_GLOBAL_BASELINE,HF9g-P5,,,,X 全窗基线 · 不参与实体赏罚,8392452,840,A168_HF9F_20260827_0900,2026-08-27 09:00:00
2026-05-16,74209325,2242,0,25.9457215505,-25.9457215505,-25.9457215505,0E-7,1,1,0.49324550000000000,0.493245500000,-0.9865810262130424,-0.9865810262130424,-0.9865810262130424,0E-17,ELIGIBLE,R03b_20260811_FULL_v1,L1_ELIGIBILITY,v2026-08-11,2026-03-21..2026-08-06,baccarat_bet02_101_all_pairs_incl_sentinel,round_win = game_pnl > 0 (decisive only),COMPATIBILITY_ONLY_NOT_PRODUCTION,8273.2185,7643.9249,476.6845,461,429,-0.05761778,-0.04117365,-0.06758547,-0.05761778,-476.6845,8273.2185,OK,0.0000,14.3005,3.0000,97.0000,AG03-UNRESOLVED,ALL5_LEVELS_bet23_to_bet27,14.3005,14.3005,14.3005,19.0674,23.8342,3.000000,3.000000,3.000000,4.000000,5.000000,97.000000,97.000000,97.000000,96.000000,95.000000,5.0,85.8032,79.9124,390.8813,396.772,PENDING_AG03,FALSE,NOT_FOR_ENFORCEMENT,462.3839,7414.6071,476.6845,462.3839,14.3005,0.05761778,0.05588924,14.3005,462.3839,0.05588924,14.3005,14.3005,14.3005,19.0674,23.8342,462.3839,0.05588924,85.8032,79.9124,390.8813,396.772,0.04724658,0.04795861,0.00172853,17.9462,17.8180,1.1112,26.4825,2.1766,459.6232,23.8333,17.2501,18.3962,12.8103,13.088,25.8178,37.4785,41.6341,52.3013,12.9729,-2.5818,3.181092,3.996131,1.371201,29,107,17,5,0.37739520,0.05761778,0.04117365,0E-8,0.000000,0.923936,0.000000,0.02641182,2026-03-28,2026-08-02,18,219,178,128,0.140625,0.937699,0.961211,1.257984,,,,,,,,GLOBAL_BASELINE_NO_ENTITY_RANKING,,,NOT_APPLICABLE_GLOBAL_BASELINE,HF9g-P5,,,,X 全窗基线 · 不参与实体赏罚,8392453,840,A168_HF9F_20260827_0900,2026-08-27 09:00:00
2026-05-16,74209325,583,0,12.9728607753,0E-10,0E-10,,1,1,0.49324550000000000,0.493245500000,,,,0E-17,NO_DECISIVE_ROUND,R03b_20260811_FULL_v1,L1_ELIGIBILITY,v2026-08-11,2026-03-21..2026-08-06,baccarat_bet02_101_all_pairs_incl_sentinel,round_win = game_pnl > 0 (decisive only),COMPATIBILITY_ONLY_NOT_PRODUCTION,8273.2185,7643.9249,476.6845,461,429,-0.05761778,-0.04117365,-0.06758547,-0.05761778,-476.6845,8273.2185,OK,0.0000,14.3005,3.0000,97.0000,AG03-UNRESOLVED,ALL5_LEVELS_bet23_to_bet27,14.3005,14.3005,14.3005,19.0674,23.8342,3.000000,3.000000,3.000000,4.000000,5.000000,97.000000,97.000000,97.000000,96.000000,95.000000,5.0,85.8032,79.9124,390.8813,396.772,PENDING_AG03,FALSE,NOT_FOR_ENFORCEMENT,462.3839,7414.6071,476.6845,462.3839,14.3005,0.05761778,0.05588924,14.3005,462.3839,0.05588924,14.3005,14.3005,14.3005,19.0674,23.8342,462.3839,0.05588924,85.8032,79.9124,390.8813,396.772,0.04724658,0.04795861,0.00172853,17.9462,17.8180,1.1112,26.4825,2.1766,459.6232,23.8333,17.2501,18.3962,12.8103,13.088,25.8178,37.4785,41.6341,52.3013,12.9729,-2.5818,3.181092,3.996131,1.371201,29,107,17,5,0.37739520,0.05761778,0.04117365,0E-8,0.000000,0.923936,0.000000,0.02641182,2026-03-28,2026-08-02,18,219,178,128,0.140625,0.937699,0.961211,1.257984,,,,,,,,GLOBAL_BASELINE_NO_ENTITY_RANKING,,,NOT_APPLICABLE_GLOBAL_BASELINE,HF9g-P5,,,,X 全窗基线 · 不参与实体赏罚,8392454,840,A168_HF9F_20260827_0900,2026-08-27 09:00:00
2026-05-16,74209325,948,0,39.1780395413,-39.1780395413,-39.1780395413,0E-7,1,1,0.50665070000000000,0.506650700000,-1.013391052207602,-1.013391052207602,-1.013391052207602,0E-17,ELIGIBLE,R03b_20260811_FULL_v1,L1_ELIGIBILITY,v2026-08-11,2026-03-21..2026-08-06,baccarat_bet02_101_all_pairs_incl_sentinel,round_win = game_pnl > 0 (decisive only),COMPATIBILITY_ONLY_NOT_PRODUCTION,8273.2185,7643.9249,476.6845,461,429,-0.05761778,-0.04117365,-0.06758547,-0.05761778,-476.6845,8273.2185,OK,0.0000,14.3005,3.0000,97.0000,AG03-UNRESOLVED,ALL5_LEVELS_bet23_to_bet27,14.3005,14.3005,14.3005,19.0674,23.8342,3.000000,3.000000,3.000000,4.000000,5.000000,97.000000,97.000000,97.000000,96.000000,95.000000,5.0,85.8032,79.9124,390.8813,396.772,PENDING_AG03,FALSE,NOT_FOR_ENFORCEMENT,462.3839,7414.6071,476.6845,462.3839,14.3005,0.05761778,0.05588924,14.3005,462.3839,0.05588924,14.3005,14.3005,14.3005,19.0674,23.8342,462.3839,0.05588924,85.8032,79.9124,390.8813,396.772,0.04724658,0.04795861,0.00172853,17.9462,17.8180,1.1112,26.4825,2.1766,459.6232,23.8333,17.2501,18.3962,12.8103,13.088,25.8178,37.4785,41.6341,52.3013,12.9729,-2.5818,3.181092,3.996131,1.371201,29,107,17,5,0.37739520,0.05761778,0.04117365,0E-8,0.000000,0.923936,0.000000,0.02641182,2026-03-28,2026-08-02,18,219,178,128,0.140625,0.937699,0.961211,1.257984,,,,,,,,GLOBAL_BASELINE_NO_ENTITY_RANKING,,,NOT_APPLICABLE_GLOBAL_BASELINE,HF9g-P5,,,,X 全窗基线 · 不参与实体赏罚,8392455,840,A168_HF9F_20260827_0900,2026-08-27 09:00:00
2026-05-18,74209325,-1,1,36.3240101708,0E-10,0E-10,0.5000000,2,2,0.49994810000000000,0.499948100000,0.00014679536856514622,0.00014679536856514622,0.00014679536856514622,0E-17,SENTINEL_DEALER,R03b_20260811_FULL_v1,L1_ELIGIBILITY,v2026-08-11,2026-03-21..2026-08-06,baccarat_bet02_101_all_pairs_incl_sentinel,round_win = game_pnl > 0 (decisive only),COMPATIBILITY_ONLY_NOT_PRODUCTION,8273.2185,7643.9249,476.6845,461,429,-0.05761778,-0.04117365,-0.06758547,-0.05761778,-476.6845,8273.2185,OK,0.0000,14.3005,3.0000,97.0000,AG03-UNRESOLVED,ALL5_LEVELS_bet23_to_bet27,14.3005,14.3005,14.3005,19.0674,23.8342,3.000000,3.000000,3.000000,4.000000,5.000000,97.000000,97.000000,97.000000,96.000000,95.000000,5.0,85.8032,79.9124,390.8813,396.772,PENDING_AG03,FALSE,NOT_FOR_ENFORCEMENT,462.3839,7414.6071,476.6845,462.3839,14.3005,0.05761778,0.05588924,14.3005,462.3839,0.05588924,14.3005,14.3005,14.3005,19.0674,23.8342,462.3839,0.05588924,85.8032,79.9124,390.8813,396.772,0.04724658,0.04795861,0.00172853,17.9462,17.8180,1.1112,26.4825,2.1766,459.6232,23.8333,17.2501,18.3962,12.8103,13.088,25.8178,37.4785,41.6341,52.3013,12.9729,-2.5818,3.181092,3.996131,1.371201,29,107,17,5,0.37739520,0.05761778,0.04117365,0E-8,0.000000,0.923936,0.000000,0.02641182,2026-03-28,2026-08-02,18,219,178,128,0.140625,0.937699,0.961211,1.257984,,,,,,,,GLOBAL_BASELINE_NO_ENTITY_RANKING,,,NOT_APPLICABLE_GLOBAL_BASELINE,HF9g-P5,,,,X 全窗基线 · 不参与实体赏罚,8392456,840,A168_HF9F_20260827_0900,2026-08-27 09:00:00
2026-05-18,74209325,1363,0,12.9728607753,0E-10,0E-10,,1,1,0.50665070000000000,0.506650700000,,,,0E-17,NO_DECISIVE_ROUND,R03b_20260811_FULL_v1,L1_ELIGIBILITY,v2026-08-11,2026-03-21..2026-08-06,baccarat_bet02_101_all_pairs_incl_sentinel,round_win = game_pnl > 0 (decisive only),COMPATIBILITY_ONLY_NOT_PRODUCTION,8273.2185,7643.9249,476.6845,461,429,-0.05761778,-0.04117365,-0.06758547,-0.05761778,-476.6845,8273.2185,OK,0.0000,14.3005,3.0000,97.0000,AG03-UNRESOLVED,ALL5_LEVELS_bet23_to_bet27,14.3005,14.3005,14.3005,19.0674,23.8342,3.000000,3.000000,3.000000,4.000000,5.000000,97.000000,97.000000,97.000000,96.000000,95.000000,5.0,85.8032,79.9124,390.8813,396.772,PENDING_AG03,FALSE,NOT_FOR_ENFORCEMENT,462.3839,7414.6071,476.6845,462.3839,14.3005,0.05761778,0.05588924,14.3005,462.3839,0.05588924,14.3005,14.3005,14.3005,19.0674,23.8342,462.3839,0.05588924,85.8032,79.9124,390.8813,396.772,0.04724658,0.04795861,0.00172853,17.9462,17.8180,1.1112,26.4825,2.1766,459.6232,23.8333,17.2501,18.3962,12.8103,13.088,25.8178,37.4785,41.6341,52.3013,12.9729,-2.5818,3.181092,3.996131,1.371201,29,107,17,5,0.37739520,0.05761778,0.04117365,0E-8,0.000000,0.923936,0.000000,0.02641182,2026-03-28,2026-08-02,18,219,178,128,0.140625,0.937699,0.961211,1.257984,,,,,,,,GLOBAL_BASELINE_NO_ENTITY_RANKING,,,NOT_APPLICABLE_GLOBAL_BASELINE,HF9g-P5,,,,X 全窗基线 · 不参与实体赏罚,8392457,840,A168_HF9F_20260827_0900,2026-08-27 09:00:00
2026-05-18,74209325,1384,0,31.1348658607,-31.1348658607,-31.1348658607,0E-7,2,2,0.49994810000000000,0.499948100000,-1.4140667746232096,-1.4140667746232096,-1.4140667746232096,0E-17,ELIGIBLE,R03b_20260811_FULL_v1,L1_ELIGIBILITY,v2026-08-11,2026-03-21..2026-08-06,baccarat_bet02_101_all_pairs_incl_sentinel,round_win = game_pnl > 0 (decisive only),COMPATIBILITY_ONLY_NOT_PRODUCTION,8273.2185,7643.9249,476.6845,461,429,-0.05761778,-0.04117365,-0.06758547,-0.05761778,-476.6845,8273.2185,OK,0.0000,14.3005,3.0000,97.0000,AG03-UNRESOLVED,ALL5_LEVELS_bet23_to_bet27,14.3005,14.3005,14.3005,19.0674,23.8342,3.000000,3.000000,3.000000,4.000000,5.000000,97.000000,97.000000,97.000000,96.000000,95.000000,5.0,85.8032,79.9124,390.8813,396.772,PENDING_AG03,FALSE,NOT_FOR_ENFORCEMENT,462.3839,7414.6071,476.6845,462.3839,14.3005,0.05761778,0.05588924,14.3005,462.3839,0.05588924,14.3005,14.3005,14.3005,19.0674,23.8342,462.3839,0.05588924,85.8032,79.9124,390.8813,396.772,0.04724658,0.04795861,0.00172853,17.9462,17.8180,1.1112,26.4825,2.1766,459.6232,23.8333,17.2501,18.3962,12.8103,13.088,25.8178,37.4785,41.6341,52.3013,12.9729,-2.5818,3.181092,3.996131,1.371201,29,107,17,5,0.37739520,0.05761778,0.04117365,0E-8,0.000000,0.923936,0.000000,0.02641182,2026-03-28,2026-08-02,18,219,178,128,0.140625,0.937699,0.961211,1.257984,,,,,,,,GLOBAL_BASELINE_NO_ENTITY_RANKING,,,NOT_APPLICABLE_GLOBAL_BASELINE,HF9g-P5,,,,X 全窗基线 · 不参与实体赏罚,8392458,840,A168_HF9F_20260827_0900,2026-08-27 09:00:00
2026-05-18,74209325,1396,0,12.9728607753,-12.9728607753,-12.9728607753,0E-7,1,1,0.50665070000000000,0.506650700000,-1.013391052207602,-1.013391052207602,-1.013391052207602,0E-17,ELIGIBLE,R03b_20260811_FULL_v1,L1_ELIGIBILITY,v2026-08-11,2026-03-21..2026-08-06,baccarat_bet02_101_all_pairs_incl_sentinel,round_win = game_pnl > 0 (decisive only),COMPATIBILITY_ONLY_NOT_PRODUCTION,8273.2185,7643.9249,476.6845,461,429,-0.05761778,-0.04117365,-0.06758547,-0.05761778,-476.6845,8273.2185,OK,0.0000,14.3005,3.0000,97.0000,AG03-UNRESOLVED,ALL5_LEVELS_bet23_to_bet27,14.3005,14.3005,14.3005,19.0674,23.8342,3.000000,3.000000,3.000000,4.000000,5.000000,97.000000,97.000000,97.000000,96.000000,95.000000,5.0,85.8032,79.9124,390.8813,396.772,PENDING_AG03,FALSE,NOT_FOR_ENFORCEMENT,462.3839,7414.6071,476.6845,462.3839,14.3005,0.05761778,0.05588924,14.3005,462.3839,0.05588924,14.3005,14.3005,14.3005,19.0674,23.8342,462.3839,0.05588924,85.8032,79.9124,390.8813,396.772,0.04724658,0.04795861,0.00172853,17.9462,17.8180,1.1112,26.4825,2.1766,459.6232,23.8333,17.2501,18.3962,12.8103,13.088,25.8178,37.4785,41.6341,52.3013,12.9729,-2.5818,3.181092,3.996131,1.371201,29,107,17,5,0.37739520,0.05761778,0.04117365,0E-8,0.000000,0.923936,0.000000,0.02641182,2026-03-28,2026-08-02,18,219,178,128,0.140625,0.937699,0.961211,1.257984,,,,,,,,GLOBAL_BASELINE_NO_ENTITY_RANKING,,,NOT_APPLICABLE_GLOBAL_BASELINE,HF9g-P5,,,,X 全窗基线 · 不参与实体赏罚,8392459,840,A168_HF9F_20260827_0900,2026-08-27 09:00:00
2026-05-18,74209325,1399,0,12.9728607753,12.9728607753,12.9728607753,1.0000000,1,1,0.49324550000000000,0.493245500000,1.01360149184955,1.01360149184955,1.01360149184955,0E-17,ELIGIBLE,R03b_20260811_FULL_v1,L1_ELIGIBILITY,v2026-08-11,2026-03-21..2026-08-06,baccarat_bet02_101_all_pairs_incl_sentinel,round_win = game_pnl > 0 (decisive only),COMPATIBILITY_ONLY_NOT_PRODUCTION,8273.2185,7643.9249,476.6845,461,429,-0.05761778,-0.04117365,-0.06758547,-0.05761778,-476.6845,8273.2185,OK,0.0000,14.3005,3.0000,97.0000,AG03-UNRESOLVED,ALL5_LEVELS_bet23_to_bet27,14.3005,14.3005,14.3005,19.0674,23.8342,3.000000,3.000000,3.000000,4.000000,5.000000,97.000000,97.000000,97.000000,96.000000,95.000000,5.0,85.8032,79.9124,390.8813,396.772,PENDING_AG03,FALSE,NOT_FOR_ENFORCEMENT,462.3839,7414.6071,476.6845,462.3839,14.3005,0.05761778,0.05588924,14.3005,462.3839,0.05588924,14.3005,14.3005,14.3005,19.0674,23.8342,462.3839,0.05588924,85.8032,79.9124,390.8813,396.772,0.04724658,0.04795861,0.00172853,17.9462,17.8180,1.1112,26.4825,2.1766,459.6232,23.8333,17.2501,18.3962,12.8103,13.088,25.8178,37.4785,41.6341,52.3013,12.9729,-2.5818,3.181092,3.996131,1.371201,29,107,17,5,0.37739520,0.05761778,0.04117365,0E-8,0.000000,0.923936,0.000000,0.02641182,2026-03-28,2026-08-02,18,219,178,128,0.140625,0.937699,0.961211,1.257984,,,,,,,,GLOBAL_BASELINE_NO_ENTITY_RANKING,,,NOT_APPLICABLE_GLOBAL_BASELINE,HF9g-P5,,,,X 全窗基线 · 不参与实体赏罚,8392460,840,A168_HF9F_20260827_0900,2026-08-27 09:00:00
2026-05-18,74209325,1704,0,33.2105235847,-33.2105235847,-33.2105235847,0E-7,1,1,0.49324550000000000,0.493245500000,-0.9865810262130424,-0.9865810262130424,-0.9865810262130424,0E-17,ELIGIBLE,R03b_20260811_FULL_v1,L1_ELIGIBILITY,v2026-08-11,2026-03-21..2026-08-06,baccarat_bet02_101_all_pairs_incl_sentinel,round_win = game_pnl > 0 (decisive only),COMPATIBILITY_ONLY_NOT_PRODUCTION,8273.2185,7643.9249,476.6845,461,429,-0.05761778,-0.04117365,-0.06758547,-0.05761778,-476.6845,8273.2185,OK,0.0000,14.3005,3.0000,97.0000,AG03-UNRESOLVED,ALL5_LEVELS_bet23_to_bet27,14.3005,14.3005,14.3005,19.0674,23.8342,3.000000,3.000000,3.000000,4.000000,5.000000,97.000000,97.000000,97.000000,96.000000,95.000000,5.0,85.8032,79.9124,390.8813,396.772,PENDING_AG03,FALSE,NOT_FOR_ENFORCEMENT,462.3839,7414.6071,476.6845,462.3839,14.3005,0.05761778,0.05588924,14.3005,462.3839,0.05588924,14.3005,14.3005,14.3005,19.0674,23.8342,462.3839,0.05588924,85.8032,79.9124,390.8813,396.772,0.04724658,0.04795861,0.00172853,17.9462,17.8180,1.1112,26.4825,2.1766,459.6232,23.8333,17.2501,18.3962,12.8103,13.088,25.8178,37.4785,41.6341,52.3013,12.9729,-2.5818,3.181092,3.996131,1.371201,29,107,17,5,0.37739520,0.05761778,0.04117365,0E-8,0.000000,0.923936,0.000000,0.02641182,2026-03-28,2026-08-02,18,219,178,128,0.140625,0.937699,0.961211,1.257984,,,,,,,,GLOBAL_BASELINE_NO_ENTITY_RANKING,,,NOT_APPLICABLE_GLOBAL_BASELINE,HF9g-P5,,,,X 全窗基线 · 不参与实体赏罚,8392461,840,A168_HF9F_20260827_0900,2026-08-27 09:00:00
2026-05-18,74209325,2248,0,12.9728607753,12.3242177365,12.3242177365,1.0000000,1,1,0.50665070000000000,0.506650700000,0.9867858985152569,0.9867858985152569,0.9867858985152569,0E-17,ELIGIBLE,R03b_20260811_FULL_v1,L1_ELIGIBILITY,v2026-08-11,2026-03-21..2026-08-06,baccarat_bet02_101_all_pairs_incl_sentinel,round_win = game_pnl > 0 (decisive only),COMPATIBILITY_ONLY_NOT_PRODUCTION,8273.2185,7643.9249,476.6845,461,429,-0.05761778,-0.04117365,-0.06758547,-0.05761778,-476.6845,8273.2185,OK,0.0000,14.3005,3.0000,97.0000,AG03-UNRESOLVED,ALL5_LEVELS_bet23_to_bet27,14.3005,14.3005,14.3005,19.0674,23.8342,3.000000,3.000000,3.000000,4.000000,5.000000,97.000000,97.000000,97.000000,96.000000,95.000000,5.0,85.8032,79.9124,390.8813,396.772,PENDING_AG03,FALSE,NOT_FOR_ENFORCEMENT,462.3839,7414.6071,476.6845,462.3839,14.3005,0.05761778,0.05588924,14.3005,462.3839,0.05588924,14.3005,14.3005,14.3005,19.0674,23.8342,462.3839,0.05588924,85.8032,79.9124,390.8813,396.772,0.04724658,0.04795861,0.00172853,17.9462,17.8180,1.1112,26.4825,2.1766,459.6232,23.8333,17.2501,18.3962,12.8103,13.088,25.8178,37.4785,41.6341,52.3013,12.9729,-2.5818,3.181092,3.996131,1.371201,29,107,17,5,0.37739520,0.05761778,0.04117365,0E-8,0.000000,0.923936,0.000000,0.02641182,2026-03-28,2026-08-02,18,219,178,128,0.140625,0.937699,0.961211,1.257984,,,,,,,,GLOBAL_BASELINE_NO_ENTITY_RANKING,,,NOT_APPLICABLE_GLOBAL_BASELINE,HF9g-P5,,,,X 全窗基线 · 不参与实体赏罚,8392462,840,A168_HF9F_20260827_0900,2026-08-27 09:00:00
2026-05-26,74209325,-1,1,2.5945721551,-2.5945721551,-2.5945721551,0E-7,1,1,0.50665070000000000,0.506650700000,-1.013391052207602,-1.013391052207602,-1.013391052207602,0E-17,SENTINEL_DEALER,R03b_20260811_FULL_v1,L1_ELIGIBILITY,v2026-08-11,2026-03-21..2026-08-06,baccarat_bet02_101_all_pairs_incl_sentinel,round_win = game_pnl > 0 (decisive only),COMPATIBILITY_ONLY_NOT_PRODUCTION,8273.2185,7643.9249,476.6845,461,429,-0.05761778,-0.04117365,-0.06758547,-0.05761778,-476.6845,8273.2185,OK,0.0000,14.3005,3.0000,97.0000,AG03-UNRESOLVED,ALL5_LEVELS_bet23_to_bet27,14.3005,14.3005,14.3005,19.0674,23.8342,3.000000,3.000000,3.000000,4.000000,5.000000,97.000000,97.000000,97.000000,96.000000,95.000000,5.0,85.8032,79.9124,390.8813,396.772,PENDING_AG03,FALSE,NOT_FOR_ENFORCEMENT,462.3839,7414.6071,476.6845,462.3839,14.3005,0.05761778,0.05588924,14.3005,462.3839,0.05588924,14.3005,14.3005,14.3005,19.0674,23.8342,462.3839,0.05588924,85.8032,79.9124,390.8813,396.772,0.04724658,0.04795861,0.00172853,17.9462,17.8180,1.1112,26.4825,2.1766,459.6232,23.8333,17.2501,18.3962,12.8103,13.088,25.8178,37.4785,41.6341,52.3013,12.9729,-2.5818,3.181092,3.996131,1.371201,29,107,17,5,0.37739520,0.05761778,0.04117365,0E-8,0.000000,0.923936,0.000000,0.02641182,2026-03-28,2026-08-02,18,219,178,128,0.140625,0.937699,0.961211,1.257984,,,,,,,,GLOBAL_BASELINE_NO_ENTITY_RANKING,,,NOT_APPLICABLE_GLOBAL_BASELINE,HF9g-P5,,,,X 全窗基线 · 不参与实体赏罚,8392463,840,A168_HF9F_20260827_0900,2026-08-27 09:00:00
2026-05-26,74209325,1704,0,4.1513154481,4.1513154481,4.1513154481,1.0000000,1,1,0.49324550000000000,0.493245500000,1.01360149184955,1.01360149184955,1.01360149184955,0E-17,ELIGIBLE,R03b_20260811_FULL_v1,L1_ELIGIBILITY,v2026-08-11,2026-03-21..2026-08-06,baccarat_bet02_101_all_pairs_incl_sentinel,round_win = game_pnl > 0 (decisive only),COMPATIBILITY_ONLY_NOT_PRODUCTION,8273.2185,7643.9249,476.6845,461,429,-0.05761778,-0.04117365,-0.06758547,-0.05761778,-476.6845,8273.2185,OK,0.0000,14.3005,3.0000,97.0000,AG03-UNRESOLVED,ALL5_LEVELS_bet23_to_bet27,14.3005,14.3005,14.3005,19.0674,23.8342,3.000000,3.000000,3.000000,4.000000,5.000000,97.000000,97.000000,97.000000,96.000000,95.000000,5.0,85.8032,79.9124,390.8813,396.772,PENDING_AG03,FALSE,NOT_FOR_ENFORCEMENT,462.3839,7414.6071,476.6845,462.3839,14.3005,0.05761778,0.05588924,14.3005,462.3839,0.05588924,14.3005,14.3005,14.3005,19.0674,23.8342,462.3839,0.05588924,85.8032,79.9124,390.8813,396.772,0.04724658,0.04795861,0.00172853,17.9462,17.8180,1.1112,26.4825,2.1766,459.6232,23.8333,17.2501,18.3962,12.8103,13.088,25.8178,37.4785,41.6341,52.3013,12.9729,-2.5818,3.181092,3.996131,1.371201,29,107,17,5,0.37739520,0.05761778,0.04117365,0E-8,0.000000,0.923936,0.000000,0.02641182,2026-03-28,2026-08-02,18,219,178,128,0.140625,0.937699,0.961211,1.257984,,,,,,,,GLOBAL_BASELINE_NO_ENTITY_RANKING,,,NOT_APPLICABLE_GLOBAL_BASELINE,HF9g-P5,,,,X 全窗基线 · 不参与实体赏罚,8392464,840,A168_HF9F_20260827_0900,2026-08-27 09:00:00
2026-05-26,74209325,2177,0,21.2754916714,-11.9350319132,-11.9350319132,0.3333333,3,3,0.50218230000000000,0.502182300000,-0.5849155494134425,-0.5849155494134426,-0.5849155494134425,0E-17,ELIGIBLE,R03b_20260811_FULL_v1,L1_ELIGIBILITY,v2026-08-11,2026-03-21..2026-08-06,baccarat_bet02_101_all_pairs_incl_sentinel,round_win = game_pnl > 0 (decisive only),COMPATIBILITY_ONLY_NOT_PRODUCTION,8273.2185,7643.9249,476.6845,461,429,-0.05761778,-0.04117365,-0.06758547,-0.05761778,-476.6845,8273.2185,OK,0.0000,14.3005,3.0000,97.0000,AG03-UNRESOLVED,ALL5_LEVELS_bet23_to_bet27,14.3005,14.3005,14.3005,19.0674,23.8342,3.000000,3.000000,3.000000,4.000000,5.000000,97.000000,97.000000,97.000000,96.000000,95.000000,5.0,85.8032,79.9124,390.8813,396.772,PENDING_AG03,FALSE,NOT_FOR_ENFORCEMENT,462.3839,7414.6071,476.6845,462.3839,14.3005,0.05761778,0.05588924,14.3005,462.3839,0.05588924,14.3005,14.3005,14.3005,19.0674,23.8342,462.3839,0.05588924,85.8032,79.9124,390.8813,396.772,0.04724658,0.04795861,0.00172853,17.9462,17.8180,1.1112,26.4825,2.1766,459.6232,23.8333,17.2501,18.3962,12.8103,13.088,25.8178,37.4785,41.6341,52.3013,12.9729,-2.5818,3.181092,3.996131,1.371201,29,107,17,5,0.37739520,0.05761778,0.04117365,0E-8,0.000000,0.923936,0.000000,0.02641182,2026-03-28,2026-08-02,18,219,178,128,0.140625,0.937699,0.961211,1.257984,,,,,,,,GLOBAL_BASELINE_NO_ENTITY_RANKING,,,NOT_APPLICABLE_GLOBAL_BASELINE,HF9g-P5,,,,X 全窗基线 · 不参与实体赏罚,8392465,840,A168_HF9F_20260827_0900,2026-08-27 09:00:00
2026-05-26,74209325,2216,0,13.4917752063,3.1134865861,3.1134865861,0.5000000,2,2,0.49324550000000000,0.493245500000,0.01910635448239258,0.01910635448239258,0.01910635448239258,0E-17,ELIGIBLE,R03b_20260811_FULL_v1,L1_ELIGIBILITY,v2026-08-11,2026-03-21..2026-08-06,baccarat_bet02_101_all_pairs_incl_sentinel,round_win = game_pnl > 0 (decisive only),COMPATIBILITY_ONLY_NOT_PRODUCTION,8273.2185,7643.9249,476.6845,461,429,-0.05761778,-0.04117365,-0.06758547,-0.05761778,-476.6845,8273.2185,OK,0.0000,14.3005,3.0000,97.0000,AG03-UNRESOLVED,ALL5_LEVELS_bet23_to_bet27,14.3005,14.3005,14.3005,19.0674,23.8342,3.000000,3.000000,3.000000,4.000000,5.000000,97.000000,97.000000,97.000000,96.000000,95.000000,5.0,85.8032,79.9124,390.8813,396.772,PENDING_AG03,FALSE,NOT_FOR_ENFORCEMENT,462.3839,7414.6071,476.6845,462.3839,14.3005,0.05761778,0.05588924,14.3005,462.3839,0.05588924,14.3005,14.3005,14.3005,19.0674,23.8342,462.3839,0.05588924,85.8032,79.9124,390.8813,396.772,0.04724658,0.04795861,0.00172853,17.9462,17.8180,1.1112,26.4825,2.1766,459.6232,23.8333,17.2501,18.3962,12.8103,13.088,25.8178,37.4785,41.6341,52.3013,12.9729,-2.5818,3.181092,3.996131,1.371201,29,107,17,5,0.37739520,0.05761778,0.04117365,0E-8,0.000000,0.923936,0.000000,0.02641182,2026-03-28,2026-08-02,18,219,178,128,0.140625,0.937699,0.961211,1.257984,,,,,,,,GLOBAL_BASELINE_NO_ENTITY_RANKING,,,NOT_APPLICABLE_GLOBAL_BASELINE,HF9g-P5,,,,X 全窗基线 · 不参与实体赏罚,8392466,840,A168_HF9F_20260827_0900,2026-08-27 09:00:00
2026-05-28,74209325,-1,1,30.8754086453,-5.4486015257,-5.4486015257,0.5000000,4,2,0.43258649275297942,0.353729783334,0.1924312530150898,0.43264134246792124,0.1924312530150898,0.07885670941897942,SENTINEL_DEALER,R03b_20260811_FULL_v1,L1_ELIGIBILITY,v2026-08-11,2026-03-21..2026-08-06,baccarat_bet02_101_all_pairs_incl_sentinel,round_win = game_pnl > 0 (decisive only),COMPATIBILITY_ONLY_NOT_PRODUCTION,8273.2185,7643.9249,476.6845,461,429,-0.05761778,-0.04117365,-0.06758547,-0.05761778,-476.6845,8273.2185,OK,0.0000,14.3005,3.0000,97.0000,AG03-UNRESOLVED,ALL5_LEVELS_bet23_to_bet27,14.3005,14.3005,14.3005,19.0674,23.8342,3.000000,3.000000,3.000000,4.000000,5.000000,97.000000,97.000000,97.000000,96.000000,95.000000,5.0,85.8032,79.9124,390.8813,396.772,PENDING_AG03,FALSE,NOT_FOR_ENFORCEMENT,462.3839,7414.6071,476.6845,462.3839,14.3005,0.05761778,0.05588924,14.3005,462.3839,0.05588924,14.3005,14.3005,14.3005,19.0674,23.8342,462.3839,0.05588924,85.8032,79.9124,390.8813,396.772,0.04724658,0.04795861,0.00172853,17.9462,17.8180,1.1112,26.4825,2.1766,459.6232,23.8333,17.2501,18.3962,12.8103,13.088,25.8178,37.4785,41.6341,52.3013,12.9729,-2.5818,3.181092,3.996131,1.371201,29,107,17,5,0.37739520,0.05761778,0.04117365,0E-8,0.000000,0.923936,0.000000,0.02641182,2026-03-28,2026-08-02,18,219,178,128,0.140625,0.937699,0.961211,1.257984,,,,,,,,GLOBAL_BASELINE_NO_ENTITY_RANKING,,,NOT_APPLICABLE_GLOBAL_BASELINE,HF9g-P5,,,,X 全窗基线 · 不参与实体赏罚,8392467,840,A168_HF9F_20260827_0900,2026-08-27 09:00:00
2026-05-28,74209325,550,0,12.4539463442,-12.4539463442,-12.4539463442,0E-7,1,1,0.50665070000000000,0.506650700000,-1.013391052207602,-1.013391052207602,-1.013391052207602,0E-17,ELIGIBLE,R03b_20260811_FULL_v1,L1_ELIGIBILITY,v2026-08-11,2026-03-21..2026-08-06,baccarat_bet02_101_all_pairs_incl_sentinel,round_win = game_pnl > 0 (decisive only),COMPATIBILITY_ONLY_NOT_PRODUCTION,8273.2185,7643.9249,476.6845,461,429,-0.05761778,-0.04117365,-0.06758547,-0.05761778,-476.6845,8273.2185,OK,0.0000,14.3005,3.0000,97.0000,AG03-UNRESOLVED,ALL5_LEVELS_bet23_to_bet27,14.3005,14.3005,14.3005,19.0674,23.8342,3.000000,3.000000,3.000000,4.000000,5.000000,97.000000,97.000000,97.000000,96.000000,95.000000,5.0,85.8032,79.9124,390.8813,396.772,PENDING_AG03,FALSE,NOT_FOR_ENFORCEMENT,462.3839,7414.6071,476.6845,462.3839,14.3005,0.05761778,0.05588924,14.3005,462.3839,0.05588924,14.3005,14.3005,14.3005,19.0674,23.8342,462.3839,0.05588924,85.8032,79.9124,390.8813,396.772,0.04724658,0.04795861,0.00172853,17.9462,17.8180,1.1112,26.4825,2.1766,459.6232,23.8333,17.2501,18.3962,12.8103,13.088,25.8178,37.4785,41.6341,52.3013,12.9729,-2.5818,3.181092,3.996131,1.371201,29,107,17,5,0.37739520,0.05761778,0.04117365,0E-8,0.000000,0.923936,0.000000,0.02641182,2026-03-28,2026-08-02,18,219,178,128,0.140625,0.937699,0.961211,1.257984,,,,,,,,GLOBAL_BASELINE_NO_ENTITY_RANKING,,,NOT_APPLICABLE_GLOBAL_BASELINE,HF9g-P5,,,,X 全窗基线 · 不参与实体赏罚,8392468,840,A168_HF9F_20260827_0900,2026-08-27 09:00:00
2026-05-29,74209325,-1,1,15.5674329303,15.5674329303,15.5674329303,1.0000000,2,2,0.49324550000000000,0.493245500000,1.4334489766152358,1.4334489766152358,1.4334489766152358,0E-17,SENTINEL_DEALER,R03b_20260811_FULL_v1,L1_ELIGIBILITY,v2026-08-11,2026-03-21..2026-08-06,baccarat_bet02_101_all_pairs_incl_sentinel,round_win = game_pnl > 0 (decisive only),COMPATIBILITY_ONLY_NOT_PRODUCTION,8273.2185,7643.9249,476.6845,461,429,-0.05761778,-0.04117365,-0.06758547,-0.05761778,-476.6845,8273.2185,OK,0.0000,14.3005,3.0000,97.0000,AG03-UNRESOLVED,ALL5_LEVELS_bet23_to_bet27,14.3005,14.3005,14.3005,19.0674,23.8342,3.000000,3.000000,3.000000,4.000000,5.000000,97.000000,97.000000,97.000000,96.000000,95.000000,5.0,85.8032,79.9124,390.8813,396.772,PENDING_AG03,FALSE,NOT_FOR_ENFORCEMENT,462.3839,7414.6071,476.6845,462.3839,14.3005,0.05761778,0.05588924,14.3005,462.3839,0.05588924,14.3005,14.3005,14.3005,19.0674,23.8342,462.3839,0.05588924,85.8032,79.9124,390.8813,396.772,0.04724658,0.04795861,0.00172853,17.9462,17.8180,1.1112,26.4825,2.1766,459.6232,23.8333,17.2501,18.3962,12.8103,13.088,25.8178,37.4785,41.6341,52.3013,12.9729,-2.5818,3.181092,3.996131,1.371201,29,107,17,5,0.37739520,0.05761778,0.04117365,0E-8,0.000000,0.923936,0.000000,0.02641182,2026-03-28,2026-08-02,18,219,178,128,0.140625,0.937699,0.961211,1.257984,,,,,,,,GLOBAL_BASELINE_NO_ENTITY_RANKING,,,NOT_APPLICABLE_GLOBAL_BASELINE,HF9g-P5,,,,X 全窗基线 · 不参与实体赏罚,8392469,840,A168_HF9F_20260827_0900,2026-08-27 09:00:00
2026-05-29,74209325,1158,0,17.1241762233,-17.1241762233,-17.1241762233,0E-7,1,1,0.50665070000000000,0.506650700000,-1.013391052207602,-1.013391052207602,-1.013391052207602,0E-17,ELIGIBLE,R03b_20260811_FULL_v1,L1_ELIGIBILITY,v2026-08-11,2026-03-21..2026-08-06,baccarat_bet02_101_all_pairs_incl_sentinel,round_win = game_pnl > 0 (decisive only),COMPATIBILITY_ONLY_NOT_PRODUCTION,8273.2185,7643.9249,476.6845,461,429,-0.05761778,-0.04117365,-0.06758547,-0.05761778,-476.6845,8273.2185,OK,0.0000,14.3005,3.0000,97.0000,AG03-UNRESOLVED,ALL5_LEVELS_bet23_to_bet27,14.3005,14.3005,14.3005,19.0674,23.8342,3.000000,3.000000,3.000000,4.000000,5.000000,97.000000,97.000000,97.000000,96.000000,95.000000,5.0,85.8032,79.9124,390.8813,396.772,PENDING_AG03,FALSE,NOT_FOR_ENFORCEMENT,462.3839,7414.6071,476.6845,462.3839,14.3005,0.05761778,0.05588924,14.3005,462.3839,0.05588924,14.3005,14.3005,14.3005,19.0674,23.8342,462.3839,0.05588924,85.8032,79.9124,390.8813,396.772,0.04724658,0.04795861,0.00172853,17.9462,17.8180,1.1112,26.4825,2.1766,459.6232,23.8333,17.2501,18.3962,12.8103,13.088,25.8178,37.4785,41.6341,52.3013,12.9729,-2.5818,3.181092,3.996131,1.371201,29,107,17,5,0.37739520,0.05761778,0.04117365,0E-8,0.000000,0.923936,0.000000,0.02641182,2026-03-28,2026-08-02,18,219,178,128,0.140625,0.937699,0.961211,1.257984,,,,,,,,GLOBAL_BASELINE_NO_ENTITY_RANKING,,,NOT_APPLICABLE_GLOBAL_BASELINE,HF9g-P5,,,,X 全窗基线 · 不参与实体赏罚,8392470,840,A168_HF9F_20260827_0900,2026-08-27 09:00:00
2026-05-29,74209325,1966,0,10.3782886202,-10.3782886202,-10.3782886202,0E-7,1,1,0.50665070000000000,0.506650700000,-1.013391052207602,-1.013391052207602,-1.013391052207602,0E-17,ELIGIBLE,R03b_20260811_FULL_v1,L1_ELIGIBILITY,v2026-08-11,2026-03-21..2026-08-06,baccarat_bet02_101_all_pairs_incl_sentinel,round_win = game_pnl > 0 (decisive only),COMPATIBILITY_ONLY_NOT_PRODUCTION,8273.2185,7643.9249,476.6845,461,429,-0.05761778,-0.04117365,-0.06758547,-0.05761778,-476.6845,8273.2185,OK,0.0000,14.3005,3.0000,97.0000,AG03-UNRESOLVED,ALL5_LEVELS_bet23_to_bet27,14.3005,14.3005,14.3005,19.0674,23.8342,3.000000,3.000000,3.000000,4.000000,5.000000,97.000000,97.000000,97.000000,96.000000,95.000000,5.0,85.8032,79.9124,390.8813,396.772,PENDING_AG03,FALSE,NOT_FOR_ENFORCEMENT,462.3839,7414.6071,476.6845,462.3839,14.3005,0.05761778,0.05588924,14.3005,462.3839,0.05588924,14.3005,14.3005,14.3005,19.0674,23.8342,462.3839,0.05588924,85.8032,79.9124,390.8813,396.772,0.04724658,0.04795861,0.00172853,17.9462,17.8180,1.1112,26.4825,2.1766,459.6232,23.8333,17.2501,18.3962,12.8103,13.088,25.8178,37.4785,41.6341,52.3013,12.9729,-2.5818,3.181092,3.996131,1.371201,29,107,17,5,0.37739520,0.05761778,0.04117365,0E-8,0.000000,0.923936,0.000000,0.02641182,2026-03-28,2026-08-02,18,219,178,128,0.140625,0.937699,0.961211,1.257984,,,,,,,,GLOBAL_BASELINE_NO_ENTITY_RANKING,,,NOT_APPLICABLE_GLOBAL_BASELINE,HF9g-P5,,,,X 全窗基线 · 不参与实体赏罚,8392471,840,A168_HF9F_20260827_0900,2026-08-27 09:00:00
2026-05-29,74209325,2250,0,10.3782886202,-10.3782886202,-10.3782886202,0E-7,1,1,0.49324550000000000,0.493245500000,-0.9865810262130424,-0.9865810262130424,-0.9865810262130424,0E-17,ELIGIBLE,R03b_20260811_FULL_v1,L1_ELIGIBILITY,v2026-08-11,2026-03-21..2026-08-06,baccarat_bet02_101_all_pairs_incl_sentinel,round_win = game_pnl > 0 (decisive only),COMPATIBILITY_ONLY_NOT_PRODUCTION,8273.2185,7643.9249,476.6845,461,429,-0.05761778,-0.04117365,-0.06758547,-0.05761778,-476.6845,8273.2185,OK,0.0000,14.3005,3.0000,97.0000,AG03-UNRESOLVED,ALL5_LEVELS_bet23_to_bet27,14.3005,14.3005,14.3005,19.0674,23.8342,3.000000,3.000000,3.000000,4.000000,5.000000,97.000000,97.000000,97.000000,96.000000,95.000000,5.0,85.8032,79.9124,390.8813,396.772,PENDING_AG03,FALSE,NOT_FOR_ENFORCEMENT,462.3839,7414.6071,476.6845,462.3839,14.3005,0.05761778,0.05588924,14.3005,462.3839,0.05588924,14.3005,14.3005,14.3005,19.0674,23.8342,462.3839,0.05588924,85.8032,79.9124,390.8813,396.772,0.04724658,0.04795861,0.00172853,17.9462,17.8180,1.1112,26.4825,2.1766,459.6232,23.8333,17.2501,18.3962,12.8103,13.088,25.8178,37.4785,41.6341,52.3013,12.9729,-2.5818,3.181092,3.996131,1.371201,29,107,17,5,0.37739520,0.05761778,0.04117365,0E-8,0.000000,0.923936,0.000000,0.02641182,2026-03-28,2026-08-02,18,219,178,128,0.140625,0.937699,0.961211,1.257984,,,,,,,,GLOBAL_BASELINE_NO_ENTITY_RANKING,,,NOT_APPLICABLE_GLOBAL_BASELINE,HF9g-P5,,,,X 全窗基线 · 不参与实体赏罚,8392472,840,A168_HF9F_20260827_0900,2026-08-27 09:00:00
2026-06-01,74209325,-1,1,20.5724278036,-20.5724278036,-20.5724278036,0E-7,1,1,0.50665070000000000,0.506650700000,-1.013391052207602,-1.013391052207602,-1.013391052207602,0E-17,SENTINEL_DEALER,R03b_20260811_FULL_v1,L1_ELIGIBILITY,v2026-08-11,2026-03-21..2026-08-06,baccarat_bet02_101_all_pairs_incl_sentinel,round_win = game_pnl > 0 (decisive only),COMPATIBILITY_ONLY_NOT_PRODUCTION,8273.2185,7643.9249,476.6845,461,429,-0.05761778,-0.04117365,-0.06758547,-0.05761778,-476.6845,8273.2185,OK,0.0000,14.3005,3.0000,97.0000,AG03-UNRESOLVED,ALL5_LEVELS_bet23_to_bet27,14.3005,14.3005,14.3005,19.0674,23.8342,3.000000,3.000000,3.000000,4.000000,5.000000,97.000000,97.000000,97.000000,96.000000,95.000000,5.0,85.8032,79.9124,390.8813,396.772,PENDING_AG03,FALSE,NOT_FOR_ENFORCEMENT,462.3839,7414.6071,476.6845,462.3839,14.3005,0.05761778,0.05588924,14.3005,462.3839,0.05588924,14.3005,14.3005,14.3005,19.0674,23.8342,462.3839,0.05588924,85.8032,79.9124,390.8813,396.772,0.04724658,0.04795861,0.00172853,17.9462,17.8180,1.1112,26.4825,2.1766,459.6232,23.8333,17.2501,18.3962,12.8103,13.088,25.8178,37.4785,41.6341,52.3013,12.9729,-2.5818,3.181092,3.996131,1.371201,29,107,17,5,0.37739520,0.05761778,0.04117365,0E-8,0.000000,0.923936,0.000000,0.02641182,2026-03-28,2026-08-02,18,219,178,128,0.140625,0.937699,0.961211,1.257984,,,,,,,,GLOBAL_BASELINE_NO_ENTITY_RANKING,,,NOT_APPLICABLE_GLOBAL_BASELINE,HF9g-P5,,,,X 全窗基线 · 不参与实体赏罚,8392473,840,A168_HF9F_20260827_0900,2026-08-27 09:00:00
2026-06-10,74209325,1115,0,10.2862139018,-10.2862139018,-10.2862139018,0E-7,1,1,0.50665070000000000,0.506650700000,-1.013391052207602,-1.013391052207602,-1.013391052207602,0E-17,ELIGIBLE,R03b_20260811_FULL_v1,L1_ELIGIBILITY,v2026-08-11,2026-03-21..2026-08-06,baccarat_bet02_101_all_pairs_incl_sentinel,round_win = game_pnl > 0 (decisive only),COMPATIBILITY_ONLY_NOT_PRODUCTION,8273.2185,7643.9249,476.6845,461,429,-0.05761778,-0.04117365,-0.06758547,-0.05761778,-476.6845,8273.2185,OK,0.0000,14.3005,3.0000,97.0000,AG03-UNRESOLVED,ALL5_LEVELS_bet23_to_bet27,14.3005,14.3005,14.3005,19.0674,23.8342,3.000000,3.000000,3.000000,4.000000,5.000000,97.000000,97.000000,97.000000,96.000000,95.000000,5.0,85.8032,79.9124,390.8813,396.772,PENDING_AG03,FALSE,NOT_FOR_ENFORCEMENT,462.3839,7414.6071,476.6845,462.3839,14.3005,0.05761778,0.05588924,14.3005,462.3839,0.05588924,14.3005,14.3005,14.3005,19.0674,23.8342,462.3839,0.05588924,85.8032,79.9124,390.8813,396.772,0.04724658,0.04795861,0.00172853,17.9462,17.8180,1.1112,26.4825,2.1766,459.6232,23.8333,17.2501,18.3962,12.8103,13.088,25.8178,37.4785,41.6341,52.3013,12.9729,-2.5818,3.181092,3.996131,1.371201,29,107,17,5,0.37739520,0.05761778,0.04117365,0E-8,0.000000,0.923936,0.000000,0.02641182,2026-03-28,2026-08-02,18,219,178,128,0.140625,0.937699,0.961211,1.257984,,,,,,,,GLOBAL_BASELINE_NO_ENTITY_RANKING,,,NOT_APPLICABLE_GLOBAL_BASELINE,HF9g-P5,,,,X 全窗基线 · 不参与实体赏罚,8392474,840,A168_HF9F_20260827_0900,2026-08-27 09:00:00
2026-06-10,74209325,1323,0,14.6578548101,-14.6578548101,-14.6578548101,0E-7,1,1,0.49324550000000000,0.493245500000,-0.9865810262130424,-0.9865810262130424,-0.9865810262130424,0E-17,ELIGIBLE,R03b_20260811_FULL_v1,L1_ELIGIBILITY,v2026-08-11,2026-03-21..2026-08-06,baccarat_bet02_101_all_pairs_incl_sentinel,round_win = game_pnl > 0 (decisive only),COMPATIBILITY_ONLY_NOT_PRODUCTION,8273.2185,7643.9249,476.6845,461,429,-0.05761778,-0.04117365,-0.06758547,-0.05761778,-476.6845,8273.2185,OK,0.0000,14.3005,3.0000,97.0000,AG03-UNRESOLVED,ALL5_LEVELS_bet23_to_bet27,14.3005,14.3005,14.3005,19.0674,23.8342,3.000000,3.000000,3.000000,4.000000,5.000000,97.000000,97.000000,97.000000,96.000000,95.000000,5.0,85.8032,79.9124,390.8813,396.772,PENDING_AG03,FALSE,NOT_FOR_ENFORCEMENT,462.3839,7414.6071,476.6845,462.3839,14.3005,0.05761778,0.05588924,14.3005,462.3839,0.05588924,14.3005,14.3005,14.3005,19.0674,23.8342,462.3839,0.05588924,85.8032,79.9124,390.8813,396.772,0.04724658,0.04795861,0.00172853,17.9462,17.8180,1.1112,26.4825,2.1766,459.6232,23.8333,17.2501,18.3962,12.8103,13.088,25.8178,37.4785,41.6341,52.3013,12.9729,-2.5818,3.181092,3.996131,1.371201,29,107,17,5,0.37739520,0.05761778,0.04117365,0E-8,0.000000,0.923936,0.000000,0.02641182,2026-03-28,2026-08-02,18,219,178,128,0.140625,0.937699,0.961211,1.257984,,,,,,,,GLOBAL_BASELINE_NO_ENTITY_RANKING,,,NOT_APPLICABLE_GLOBAL_BASELINE,HF9g-P5,,,,X 全窗基线 · 不参与实体赏罚,8392475,840,A168_HF9F_20260827_0900,2026-08-27 09:00:00
2026-06-10,74209325,1325,0,8.4861264690,-8.4861264690,-8.4861264690,0E-7,1,1,0.50665070000000000,0.506650700000,-1.013391052207602,-1.013391052207602,-1.013391052207602,0E-17,ELIGIBLE,R03b_20260811_FULL_v1,L1_ELIGIBILITY,v2026-08-11,2026-03-21..2026-08-06,baccarat_bet02_101_all_pairs_incl_sentinel,round_win = game_pnl > 0 (decisive only),COMPATIBILITY_ONLY_NOT_PRODUCTION,8273.2185,7643.9249,476.6845,461,429,-0.05761778,-0.04117365,-0.06758547,-0.05761778,-476.6845,8273.2185,OK,0.0000,14.3005,3.0000,97.0000,AG03-UNRESOLVED,ALL5_LEVELS_bet23_to_bet27,14.3005,14.3005,14.3005,19.0674,23.8342,3.000000,3.000000,3.000000,4.000000,5.000000,97.000000,97.000000,97.000000,96.000000,95.000000,5.0,85.8032,79.9124,390.8813,396.772,PENDING_AG03,FALSE,NOT_FOR_ENFORCEMENT,462.3839,7414.6071,476.6845,462.3839,14.3005,0.05761778,0.05588924,14.3005,462.3839,0.05588924,14.3005,14.3005,14.3005,19.0674,23.8342,462.3839,0.05588924,85.8032,79.9124,390.8813,396.772,0.04724658,0.04795861,0.00172853,17.9462,17.8180,1.1112,26.4825,2.1766,459.6232,23.8333,17.2501,18.3962,12.8103,13.088,25.8178,37.4785,41.6341,52.3013,12.9729,-2.5818,3.181092,3.996131,1.371201,29,107,17,5,0.37739520,0.05761778,0.04117365,0E-8,0.000000,0.923936,0.000000,0.02641182,2026-03-28,2026-08-02,18,219,178,128,0.140625,0.937699,0.961211,1.257984,,,,,,,,GLOBAL_BASELINE_NO_ENTITY_RANKING,,,NOT_APPLICABLE_GLOBAL_BASELINE,HF9g-P5,,,,X 全窗基线 · 不参与实体赏罚,8392476,840,A168_HF9F_20260827_0900,2026-08-27 09:00:00
2026-06-10,74209325,1645,0,12.8577673773,-12.8577673773,-12.8577673773,0E-7,1,1,0.50665070000000000,0.506650700000,-1.013391052207602,-1.013391052207602,-1.013391052207602,0E-17,ELIGIBLE,R03b_20260811_FULL_v1,L1_ELIGIBILITY,v2026-08-11,2026-03-21..2026-08-06,baccarat_bet02_101_all_pairs_incl_sentinel,round_win = game_pnl > 0 (decisive only),COMPATIBILITY_ONLY_NOT_PRODUCTION,8273.2185,7643.9249,476.6845,461,429,-0.05761778,-0.04117365,-0.06758547,-0.05761778,-476.6845,8273.2185,OK,0.0000,14.3005,3.0000,97.0000,AG03-UNRESOLVED,ALL5_LEVELS_bet23_to_bet27,14.3005,14.3005,14.3005,19.0674,23.8342,3.000000,3.000000,3.000000,4.000000,5.000000,97.000000,97.000000,97.000000,96.000000,95.000000,5.0,85.8032,79.9124,390.8813,396.772,PENDING_AG03,FALSE,NOT_FOR_ENFORCEMENT,462.3839,7414.6071,476.6845,462.3839,14.3005,0.05761778,0.05588924,14.3005,462.3839,0.05588924,14.3005,14.3005,14.3005,19.0674,23.8342,462.3839,0.05588924,85.8032,79.9124,390.8813,396.772,0.04724658,0.04795861,0.00172853,17.9462,17.8180,1.1112,26.4825,2.1766,459.6232,23.8333,17.2501,18.3962,12.8103,13.088,25.8178,37.4785,41.6341,52.3013,12.9729,-2.5818,3.181092,3.996131,1.371201,29,107,17,5,0.37739520,0.05761778,0.04117365,0E-8,0.000000,0.923936,0.000000,0.02641182,2026-03-28,2026-08-02,18,219,178,128,0.140625,0.937699,0.961211,1.257984,,,,,,,,GLOBAL_BASELINE_NO_ENTITY_RANKING,,,NOT_APPLICABLE_GLOBAL_BASELINE,HF9g-P5,,,,X 全窗基线 · 不参与实体赏罚,8392477,840,A168_HF9F_20260827_0900,2026-08-27 09:00:00
2026-06-10,74209325,2216,0,8.4861264690,0E-10,0E-10,,1,1,0.49324550000000000,0.493245500000,,,,0E-17,NO_DECISIVE_ROUND,R03b_20260811_FULL_v1,L1_ELIGIBILITY,v2026-08-11,2026-03-21..2026-08-06,baccarat_bet02_101_all_pairs_incl_sentinel,round_win = game_pnl > 0 (decisive only),COMPATIBILITY_ONLY_NOT_PRODUCTION,8273.2185,7643.9249,476.6845,461,429,-0.05761778,-0.04117365,-0.06758547,-0.05761778,-476.6845,8273.2185,OK,0.0000,14.3005,3.0000,97.0000,AG03-UNRESOLVED,ALL5_LEVELS_bet23_to_bet27,14.3005,14.3005,14.3005,19.0674,23.8342,3.000000,3.000000,3.000000,4.000000,5.000000,97.000000,97.000000,97.000000,96.000000,95.000000,5.0,85.8032,79.9124,390.8813,396.772,PENDING_AG03,FALSE,NOT_FOR_ENFORCEMENT,462.3839,7414.6071,476.6845,462.3839,14.3005,0.05761778,0.05588924,14.3005,462.3839,0.05588924,14.3005,14.3005,14.3005,19.0674,23.8342,462.3839,0.05588924,85.8032,79.9124,390.8813,396.772,0.04724658,0.04795861,0.00172853,17.9462,17.8180,1.1112,26.4825,2.1766,459.6232,23.8333,17.2501,18.3962,12.8103,13.088,25.8178,37.4785,41.6341,52.3013,12.9729,-2.5818,3.181092,3.996131,1.371201,29,107,17,5,0.37739520,0.05761778,0.04117365,0E-8,0.000000,0.923936,0.000000,0.02641182,2026-03-28,2026-08-02,18,219,178,128,0.140625,0.937699,0.961211,1.257984,,,,,,,,GLOBAL_BASELINE_NO_ENTITY_RANKING,,,NOT_APPLICABLE_GLOBAL_BASELINE,HF9g-P5,,,,X 全窗基线 · 不参与实体赏罚,8392478,840,A168_HF9F_20260827_0900,2026-08-27 09:00:00
2026-06-10,74209325,2223,0,12.8577673773,12.2148790084,12.2148790084,1.0000000,1,1,0.50665070000000000,0.506650700000,0.9867858985152569,0.9867858985152569,0.9867858985152569,0E-17,ELIGIBLE,R03b_20260811_FULL_v1,L1_ELIGIBILITY,v2026-08-11,2026-03-21..2026-08-06,baccarat_bet02_101_all_pairs_incl_sentinel,round_win = game_pnl > 0 (decisive only),COMPATIBILITY_ONLY_NOT_PRODUCTION,8273.2185,7643.9249,476.6845,461,429,-0.05761778,-0.04117365,-0.06758547,-0.05761778,-476.6845,8273.2185,OK,0.0000,14.3005,3.0000,97.0000,AG03-UNRESOLVED,ALL5_LEVELS_bet23_to_bet27,14.3005,14.3005,14.3005,19.0674,23.8342,3.000000,3.000000,3.000000,4.000000,5.000000,97.000000,97.000000,97.000000,96.000000,95.000000,5.0,85.8032,79.9124,390.8813,396.772,PENDING_AG03,FALSE,NOT_FOR_ENFORCEMENT,462.3839,7414.6071,476.6845,462.3839,14.3005,0.05761778,0.05588924,14.3005,462.3839,0.05588924,14.3005,14.3005,14.3005,19.0674,23.8342,462.3839,0.05588924,85.8032,79.9124,390.8813,396.772,0.04724658,0.04795861,0.00172853,17.9462,17.8180,1.1112,26.4825,2.1766,459.6232,23.8333,17.2501,18.3962,12.8103,13.088,25.8178,37.4785,41.6341,52.3013,12.9729,-2.5818,3.181092,3.996131,1.371201,29,107,17,5,0.37739520,0.05761778,0.04117365,0E-8,0.000000,0.923936,0.000000,0.02641182,2026-03-28,2026-08-02,18,219,178,128,0.140625,0.937699,0.961211,1.257984,,,,,,,,GLOBAL_BASELINE_NO_ENTITY_RANKING,,,NOT_APPLICABLE_GLOBAL_BASELINE,HF9g-P5,,,,X 全窗基线 · 不参与实体赏罚,8392479,840,A168_HF9F_20260827_0900,2026-08-27 09:00:00
2026-06-10,74209325,2251,0,10.2862139018,-10.2862139018,-10.2862139018,0E-7,1,1,0.49324550000000000,0.493245500000,-0.9865810262130424,-0.9865810262130424,-0.9865810262130424,0E-17,ELIGIBLE,R03b_20260811_FULL_v1,L1_ELIGIBILITY,v2026-08-11,2026-03-21..2026-08-06,baccarat_bet02_101_all_pairs_incl_sentinel,round_win = game_pnl > 0 (decisive only),COMPATIBILITY_ONLY_NOT_PRODUCTION,8273.2185,7643.9249,476.6845,461,429,-0.05761778,-0.04117365,-0.06758547,-0.05761778,-476.6845,8273.2185,OK,0.0000,14.3005,3.0000,97.0000,AG03-UNRESOLVED,ALL5_LEVELS_bet23_to_bet27,14.3005,14.3005,14.3005,19.0674,23.8342,3.000000,3.000000,3.000000,4.000000,5.000000,97.000000,97.000000,97.000000,96.000000,95.000000,5.0,85.8032,79.9124,390.8813,396.772,PENDING_AG03,FALSE,NOT_FOR_ENFORCEMENT,462.3839,7414.6071,476.6845,462.3839,14.3005,0.05761778,0.05588924,14.3005,462.3839,0.05588924,14.3005,14.3005,14.3005,19.0674,23.8342,462.3839,0.05588924,85.8032,79.9124,390.8813,396.772,0.04724658,0.04795861,0.00172853,17.9462,17.8180,1.1112,26.4825,2.1766,459.6232,23.8333,17.2501,18.3962,12.8103,13.088,25.8178,37.4785,41.6341,52.3013,12.9729,-2.5818,3.181092,3.996131,1.371201,29,107,17,5,0.37739520,0.05761778,0.04117365,0E-8,0.000000,0.923936,0.000000,0.02641182,2026-03-28,2026-08-02,18,219,178,128,0.140625,0.937699,0.961211,1.257984,,,,,,,,GLOBAL_BASELINE_NO_ENTITY_RANKING,,,NOT_APPLICABLE_GLOBAL_BASELINE,HF9g-P5,,,,X 全窗基线 · 不参与实体赏罚,8392480,840,A168_HF9F_20260827_0900,2026-08-27 09:00:00
2026-06-10,74209325,2258,0,25.7155347546,0E-10,0E-10,0.5000000,2,2,0.49994810000000000,0.499948100000,0.00014679536856514622,0.00014679536856514622,0.00014679536856514622,0E-17,ELIGIBLE,R03b_20260811_FULL_v1,L1_ELIGIBILITY,v2026-08-11,2026-03-21..2026-08-06,baccarat_bet02_101_all_pairs_incl_sentinel,round_win = game_pnl > 0 (decisive only),COMPATIBILITY_ONLY_NOT_PRODUCTION,8273.2185,7643.9249,476.6845,461,429,-0.05761778,-0.04117365,-0.06758547,-0.05761778,-476.6845,8273.2185,OK,0.0000,14.3005,3.0000,97.0000,AG03-UNRESOLVED,ALL5_LEVELS_bet23_to_bet27,14.3005,14.3005,14.3005,19.0674,23.8342,3.000000,3.000000,3.000000,4.000000,5.000000,97.000000,97.000000,97.000000,96.000000,95.000000,5.0,85.8032,79.9124,390.8813,396.772,PENDING_AG03,FALSE,NOT_FOR_ENFORCEMENT,462.3839,7414.6071,476.6845,462.3839,14.3005,0.05761778,0.05588924,14.3005,462.3839,0.05588924,14.3005,14.3005,14.3005,19.0674,23.8342,462.3839,0.05588924,85.8032,79.9124,390.8813,396.772,0.04724658,0.04795861,0.00172853,17.9462,17.8180,1.1112,26.4825,2.1766,459.6232,23.8333,17.2501,18.3962,12.8103,13.088,25.8178,37.4785,41.6341,52.3013,12.9729,-2.5818,3.181092,3.996131,1.371201,29,107,17,5,0.37739520,0.05761778,0.04117365,0E-8,0.000000,0.923936,0.000000,0.02641182,2026-03-28,2026-08-02,18,219,178,128,0.140625,0.937699,0.961211,1.257984,,,,,,,,GLOBAL_BASELINE_NO_ENTITY_RANKING,,,NOT_APPLICABLE_GLOBAL_BASELINE,HF9g-P5,,,,X 全窗基线 · 不参与实体赏罚,8392481,840,A168_HF9F_20260827_0900,2026-08-27 09:00:00
2026-06-10,74209325,550,0,12.8577673773,12.8577673773,12.8577673773,1.0000000,1,1,0.49324550000000000,0.493245500000,1.01360149184955,1.01360149184955,1.01360149184955,0E-17,ELIGIBLE,R03b_20260811_FULL_v1,L1_ELIGIBILITY,v2026-08-11,2026-03-21..2026-08-06,baccarat_bet02_101_all_pairs_incl_sentinel,round_win = game_pnl > 0 (decisive only),COMPATIBILITY_ONLY_NOT_PRODUCTION,8273.2185,7643.9249,476.6845,461,429,-0.05761778,-0.04117365,-0.06758547,-0.05761778,-476.6845,8273.2185,OK,0.0000,14.3005,3.0000,97.0000,AG03-UNRESOLVED,ALL5_LEVELS_bet23_to_bet27,14.3005,14.3005,14.3005,19.0674,23.8342,3.000000,3.000000,3.000000,4.000000,5.000000,97.000000,97.000000,97.000000,96.000000,95.000000,5.0,85.8032,79.9124,390.8813,396.772,PENDING_AG03,FALSE,NOT_FOR_ENFORCEMENT,462.3839,7414.6071,476.6845,462.3839,14.3005,0.05761778,0.05588924,14.3005,462.3839,0.05588924,14.3005,14.3005,14.3005,19.0674,23.8342,462.3839,0.05588924,85.8032,79.9124,390.8813,396.772,0.04724658,0.04795861,0.00172853,17.9462,17.8180,1.1112,26.4825,2.1766,459.6232,23.8333,17.2501,18.3962,12.8103,13.088,25.8178,37.4785,41.6341,52.3013,12.9729,-2.5818,3.181092,3.996131,1.371201,29,107,17,5,0.37739520,0.05761778,0.04117365,0E-8,0.000000,0.923936,0.000000,0.02641182,2026-03-28,2026-08-02,18,219,178,128,0.140625,0.937699,0.961211,1.257984,,,,,,,,GLOBAL_BASELINE_NO_ENTITY_RANKING,,,NOT_APPLICABLE_GLOBAL_BASELINE,HF9g-P5,,,,X 全窗基线 · 不参与实体赏罚,8392482,840,A168_HF9F_20260827_0900,2026-08-27 09:00:00
2026-06-10,74209325,994,0,41.1448556073,-1E-10,-1E-10,0.5000000,4,2,0.45139078499934896,0.353729783334,0.1381419912768588,0.43264134246792124,0.1381419912768588,0.09766100166534896,ELIGIBLE,R03b_20260811_FULL_v1,L1_ELIGIBILITY,v2026-08-11,2026-03-21..2026-08-06,baccarat_bet02_101_all_pairs_incl_sentinel,round_win = game_pnl > 0 (decisive only),COMPATIBILITY_ONLY_NOT_PRODUCTION,8273.2185,7643.9249,476.6845,461,429,-0.05761778,-0.04117365,-0.06758547,-0.05761778,-476.6845,8273.2185,OK,0.0000,14.3005,3.0000,97.0000,AG03-UNRESOLVED,ALL5_LEVELS_bet23_to_bet27,14.3005,14.3005,14.3005,19.0674,23.8342,3.000000,3.000000,3.000000,4.000000,5.000000,97.000000,97.000000,97.000000,96.000000,95.000000,5.0,85.8032,79.9124,390.8813,396.772,PENDING_AG03,FALSE,NOT_FOR_ENFORCEMENT,462.3839,7414.6071,476.6845,462.3839,14.3005,0.05761778,0.05588924,14.3005,462.3839,0.05588924,14.3005,14.3005,14.3005,19.0674,23.8342,462.3839,0.05588924,85.8032,79.9124,390.8813,396.772,0.04724658,0.04795861,0.00172853,17.9462,17.8180,1.1112,26.4825,2.1766,459.6232,23.8333,17.2501,18.3962,12.8103,13.088,25.8178,37.4785,41.6341,52.3013,12.9729,-2.5818,3.181092,3.996131,1.371201,29,107,17,5,0.37739520,0.05761778,0.04117365,0E-8,0.000000,0.923936,0.000000,0.02641182,2026-03-28,2026-08-02,18,219,178,128,0.140625,0.937699,0.961211,1.257984,,,,,,,,GLOBAL_BASELINE_NO_ENTITY_RANKING,,,NOT_APPLICABLE_GLOBAL_BASELINE,HF9g-P5,,,,X 全窗基线 · 不参与实体赏罚,8392483,840,A168_HF9F_20260827_0900,2026-08-27 09:00:00
2026-06-17,74209325,-1,1,29.3157096202,13.3206470028,13.3206470028,0.7500000,4,4,0.50329940000000000,0.503299400000,0.9868238854431842,0.9868238854431842,0.9868238854431842,0E-17,SENTINEL_DEALER,R03b_20260811_FULL_v1,L1_ELIGIBILITY,v2026-08-11,2026-03-21..2026-08-06,baccarat_bet02_101_all_pairs_incl_sentinel,round_win = game_pnl > 0 (decisive only),COMPATIBILITY_ONLY_NOT_PRODUCTION,8273.2185,7643.9249,476.6845,461,429,-0.05761778,-0.04117365,-0.06758547,-0.05761778,-476.6845,8273.2185,OK,0.0000,14.3005,3.0000,97.0000,AG03-UNRESOLVED,ALL5_LEVELS_bet23_to_bet27,14.3005,14.3005,14.3005,19.0674,23.8342,3.000000,3.000000,3.000000,4.000000,5.000000,97.000000,97.000000,97.000000,96.000000,95.000000,5.0,85.8032,79.9124,390.8813,396.772,PENDING_AG03,FALSE,NOT_FOR_ENFORCEMENT,462.3839,7414.6071,476.6845,462.3839,14.3005,0.05761778,0.05588924,14.3005,462.3839,0.05588924,14.3005,14.3005,14.3005,19.0674,23.8342,462.3839,0.05588924,85.8032,79.9124,390.8813,396.772,0.04724658,0.04795861,0.00172853,17.9462,17.8180,1.1112,26.4825,2.1766,459.6232,23.8333,17.2501,18.3962,12.8103,13.088,25.8178,37.4785,41.6341,52.3013,12.9729,-2.5818,3.181092,3.996131,1.371201,29,107,17,5,0.37739520,0.05761778,0.04117365,0E-8,0.000000,0.923936,0.000000,0.02641182,2026-03-28,2026-08-02,18,219,178,128,0.140625,0.937699,0.961211,1.257984,,,,,,,,GLOBAL_BASELINE_NO_ENTITY_RANKING,,,NOT_APPLICABLE_GLOBAL_BASELINE,HF9g-P5,,,,X 全窗基线 · 不参与实体赏罚,8392484,840,A168_HF9F_20260827_0900,2026-08-27 09:00:00
2026-06-17,74209325,1402,0,43.4592537352,-0.6428883689,-0.6428883689,0.5000000,3,3,0.50665070000000000,0.506650700000,-0.018812684590367487,-0.018812684590367487,-0.018812684590367487,0E-17,ELIGIBLE,R03b_20260811_FULL_v1,L1_ELIGIBILITY,v2026-08-11,2026-03-21..2026-08-06,baccarat_bet02_101_all_pairs_incl_sentinel,round_win = game_pnl > 0 (decisive only),COMPATIBILITY_ONLY_NOT_PRODUCTION,8273.2185,7643.9249,476.6845,461,429,-0.05761778,-0.04117365,-0.06758547,-0.05761778,-476.6845,8273.2185,OK,0.0000,14.3005,3.0000,97.0000,AG03-UNRESOLVED,ALL5_LEVELS_bet23_to_bet27,14.3005,14.3005,14.3005,19.0674,23.8342,3.000000,3.000000,3.000000,4.000000,5.000000,97.000000,97.000000,97.000000,96.000000,95.000000,5.0,85.8032,79.9124,390.8813,396.772,PENDING_AG03,FALSE,NOT_FOR_ENFORCEMENT,462.3839,7414.6071,476.6845,462.3839,14.3005,0.05761778,0.05588924,14.3005,462.3839,0.05588924,14.3005,14.3005,14.3005,19.0674,23.8342,462.3839,0.05588924,85.8032,79.9124,390.8813,396.772,0.04724658,0.04795861,0.00172853,17.9462,17.8180,1.1112,26.4825,2.1766,459.6232,23.8333,17.2501,18.3962,12.8103,13.088,25.8178,37.4785,41.6341,52.3013,12.9729,-2.5818,3.181092,3.996131,1.371201,29,107,17,5,0.37739520,0.05761778,0.04117365,0E-8,0.000000,0.923936,0.000000,0.02641182,2026-03-28,2026-08-02,18,219,178,128,0.140625,0.937699,0.961211,1.257984,,,,,,,,GLOBAL_BASELINE_NO_ENTITY_RANKING,,,NOT_APPLICABLE_GLOBAL_BASELINE,HF9g-P5,,,,X 全窗基线 · 不参与实体赏罚,8392485,840,A168_HF9F_20260827_0900,2026-08-27 09:00:00
2026-06-17,74209325,2110,0,16.7150975905,-16.7150975905,-16.7150975905,0E-7,1,1,0.50665070000000000,0.506650700000,-1.013391052207602,-1.013391052207602,-1.013391052207602,0E-17,ELIGIBLE,R03b_20260811_FULL_v1,L1_ELIGIBILITY,v2026-08-11,2026-03-21..2026-08-06,baccarat_bet02_101_all_pairs_incl_sentinel,round_win = game_pnl > 0 (decisive only),COMPATIBILITY_ONLY_NOT_PRODUCTION,8273.2185,7643.9249,476.6845,461,429,-0.05761778,-0.04117365,-0.06758547,-0.05761778,-476.6845,8273.2185,OK,0.0000,14.3005,3.0000,97.0000,AG03-UNRESOLVED,ALL5_LEVELS_bet23_to_bet27,14.3005,14.3005,14.3005,19.0674,23.8342,3.000000,3.000000,3.000000,4.000000,5.000000,97.000000,97.000000,97.000000,96.000000,95.000000,5.0,85.8032,79.9124,390.8813,396.772,PENDING_AG03,FALSE,NOT_FOR_ENFORCEMENT,462.3839,7414.6071,476.6845,462.3839,14.3005,0.05761778,0.05588924,14.3005,462.3839,0.05588924,14.3005,14.3005,14.3005,19.0674,23.8342,462.3839,0.05588924,85.8032,79.9124,390.8813,396.772,0.04724658,0.04795861,0.00172853,17.9462,17.8180,1.1112,26.4825,2.1766,459.6232,23.8333,17.2501,18.3962,12.8103,13.088,25.8178,37.4785,41.6341,52.3013,12.9729,-2.5818,3.181092,3.996131,1.371201,29,107,17,5,0.37739520,0.05761778,0.04117365,0E-8,0.000000,0.923936,0.000000,0.02641182,2026-03-28,2026-08-02,18,219,178,128,0.140625,0.937699,0.961211,1.257984,,,,,,,,GLOBAL_BASELINE_NO_ENTITY_RANKING,,,NOT_APPLICABLE_GLOBAL_BASELINE,HF9g-P5,,,,X 全窗基线 · 不参与实体赏罚,8392486,840,A168_HF9F_20260827_0900,2026-08-27 09:00:00
2026-06-17,74209325,2145,0,5.1431069509,4.8859516034,4.8859516034,1.0000000,1,1,0.50665070000000000,0.506650700000,0.9867858985152569,0.9867858985152569,0.9867858985152569,0E-17,ELIGIBLE,R03b_20260811_FULL_v1,L1_ELIGIBILITY,v2026-08-11,2026-03-21..2026-08-06,baccarat_bet02_101_all_pairs_incl_sentinel,round_win = game_pnl > 0 (decisive only),COMPATIBILITY_ONLY_NOT_PRODUCTION,8273.2185,7643.9249,476.6845,461,429,-0.05761778,-0.04117365,-0.06758547,-0.05761778,-476.6845,8273.2185,OK,0.0000,14.3005,3.0000,97.0000,AG03-UNRESOLVED,ALL5_LEVELS_bet23_to_bet27,14.3005,14.3005,14.3005,19.0674,23.8342,3.000000,3.000000,3.000000,4.000000,5.000000,97.000000,97.000000,97.000000,96.000000,95.000000,5.0,85.8032,79.9124,390.8813,396.772,PENDING_AG03,FALSE,NOT_FOR_ENFORCEMENT,462.3839,7414.6071,476.6845,462.3839,14.3005,0.05761778,0.05588924,14.3005,462.3839,0.05588924,14.3005,14.3005,14.3005,19.0674,23.8342,462.3839,0.05588924,85.8032,79.9124,390.8813,396.772,0.04724658,0.04795861,0.00172853,17.9462,17.8180,1.1112,26.4825,2.1766,459.6232,23.8333,17.2501,18.3962,12.8103,13.088,25.8178,37.4785,41.6341,52.3013,12.9729,-2.5818,3.181092,3.996131,1.371201,29,107,17,5,0.37739520,0.05761778,0.04117365,0E-8,0.000000,0.923936,0.000000,0.02641182,2026-03-28,2026-08-02,18,219,178,128,0.140625,0.937699,0.961211,1.257984,,,,,,,,GLOBAL_BASELINE_NO_ENTITY_RANKING,,,NOT_APPLICABLE_GLOBAL_BASELINE,HF9g-P5,,,,X 全窗基线 · 不参与实体赏罚,8392487,840,A168_HF9F_20260827_0900,2026-08-27 09:00:00
2026-06-17,74209325,2152,0,15.1721655052,10.0290585543,10.0290585543,1.0000000,3,3,0.49771390000000000,0.497713900000,1.4206944795187548,1.420694479518755,1.4206944795187548,0E-17,ELIGIBLE,R03b_20260811_FULL_v1,L1_ELIGIBILITY,v2026-08-11,2026-03-21..2026-08-06,baccarat_bet02_101_all_pairs_incl_sentinel,round_win = game_pnl > 0 (decisive only),COMPATIBILITY_ONLY_NOT_PRODUCTION,8273.2185,7643.9249,476.6845,461,429,-0.05761778,-0.04117365,-0.06758547,-0.05761778,-476.6845,8273.2185,OK,0.0000,14.3005,3.0000,97.0000,AG03-UNRESOLVED,ALL5_LEVELS_bet23_to_bet27,14.3005,14.3005,14.3005,19.0674,23.8342,3.000000,3.000000,3.000000,4.000000,5.000000,97.000000,97.000000,97.000000,96.000000,95.000000,5.0,85.8032,79.9124,390.8813,396.772,PENDING_AG03,FALSE,NOT_FOR_ENFORCEMENT,462.3839,7414.6071,476.6845,462.3839,14.3005,0.05761778,0.05588924,14.3005,462.3839,0.05588924,14.3005,14.3005,14.3005,19.0674,23.8342,462.3839,0.05588924,85.8032,79.9124,390.8813,396.772,0.04724658,0.04795861,0.00172853,17.9462,17.8180,1.1112,26.4825,2.1766,459.6232,23.8333,17.2501,18.3962,12.8103,13.088,25.8178,37.4785,41.6341,52.3013,12.9729,-2.5818,3.181092,3.996131,1.371201,29,107,17,5,0.37739520,0.05761778,0.04117365,0E-8,0.000000,0.923936,0.000000,0.02641182,2026-03-28,2026-08-02,18,219,178,128,0.140625,0.937699,0.961211,1.257984,,,,,,,,GLOBAL_BASELINE_NO_ENTITY_RANKING,,,NOT_APPLICABLE_GLOBAL_BASELINE,HF9g-P5,,,,X 全窗基线 · 不参与实体赏罚,8392488,840,A168_HF9F_20260827_0900,2026-08-27 09:00:00
2026-06-17,74209325,2170,0,25.7155347545,-15.4293208527,-15.4293208527,0E-7,2,2,0.49324550000000000,0.493245500000,-0.9865810262130424,-0.9865810262130424,-0.9865810262130424,0E-17,ELIGIBLE,R03b_20260811_FULL_v1,L1_ELIGIBILITY,v2026-08-11,2026-03-21..2026-08-06,baccarat_bet02_101_all_pairs_incl_sentinel,round_win = game_pnl > 0 (decisive only),COMPATIBILITY_ONLY_NOT_PRODUCTION,8273.2185,7643.9249,476.6845,461,429,-0.05761778,-0.04117365,-0.06758547,-0.05761778,-476.6845,8273.2185,OK,0.0000,14.3005,3.0000,97.0000,AG03-UNRESOLVED,ALL5_LEVELS_bet23_to_bet27,14.3005,14.3005,14.3005,19.0674,23.8342,3.000000,3.000000,3.000000,4.000000,5.000000,97.000000,97.000000,97.000000,96.000000,95.000000,5.0,85.8032,79.9124,390.8813,396.772,PENDING_AG03,FALSE,NOT_FOR_ENFORCEMENT,462.3839,7414.6071,476.6845,462.3839,14.3005,0.05761778,0.05588924,14.3005,462.3839,0.05588924,14.3005,14.3005,14.3005,19.0674,23.8342,462.3839,0.05588924,85.8032,79.9124,390.8813,396.772,0.04724658,0.04795861,0.00172853,17.9462,17.8180,1.1112,26.4825,2.1766,459.6232,23.8333,17.2501,18.3962,12.8103,13.088,25.8178,37.4785,41.6341,52.3013,12.9729,-2.5818,3.181092,3.996131,1.371201,29,107,17,5,0.37739520,0.05761778,0.04117365,0E-8,0.000000,0.923936,0.000000,0.02641182,2026-03-28,2026-08-02,18,219,178,128,0.140625,0.937699,0.961211,1.257984,,,,,,,,GLOBAL_BASELINE_NO_ENTITY_RANKING,,,NOT_APPLICABLE_GLOBAL_BASELINE,HF9g-P5,,,,X 全窗基线 · 不参与实体赏罚,8392489,840,A168_HF9F_20260827_0900,2026-08-27 09:00:00
2026-06-17,74209325,2246,0,7.7146604264,-7.7146604264,-7.7146604264,0E-7,1,1,0.50665070000000000,0.506650700000,-1.013391052207602,-1.013391052207602,-1.013391052207602,0E-17,ELIGIBLE,R03b_20260811_FULL_v1,L1_ELIGIBILITY,v2026-08-11,2026-03-21..2026-08-06,baccarat_bet02_101_all_pairs_incl_sentinel,round_win = game_pnl > 0 (decisive only),COMPATIBILITY_ONLY_NOT_PRODUCTION,8273.2185,7643.9249,476.6845,461,429,-0.05761778,-0.04117365,-0.06758547,-0.05761778,-476.6845,8273.2185,OK,0.0000,14.3005,3.0000,97.0000,AG03-UNRESOLVED,ALL5_LEVELS_bet23_to_bet27,14.3005,14.3005,14.3005,19.0674,23.8342,3.000000,3.000000,3.000000,4.000000,5.000000,97.000000,97.000000,97.000000,96.000000,95.000000,5.0,85.8032,79.9124,390.8813,396.772,PENDING_AG03,FALSE,NOT_FOR_ENFORCEMENT,462.3839,7414.6071,476.6845,462.3839,14.3005,0.05761778,0.05588924,14.3005,462.3839,0.05588924,14.3005,14.3005,14.3005,19.0674,23.8342,462.3839,0.05588924,85.8032,79.9124,390.8813,396.772,0.04724658,0.04795861,0.00172853,17.9462,17.8180,1.1112,26.4825,2.1766,459.6232,23.8333,17.2501,18.3962,12.8103,13.088,25.8178,37.4785,41.6341,52.3013,12.9729,-2.5818,3.181092,3.996131,1.371201,29,107,17,5,0.37739520,0.05761778,0.04117365,0E-8,0.000000,0.923936,0.000000,0.02641182,2026-03-28,2026-08-02,18,219,178,128,0.140625,0.937699,0.961211,1.257984,,,,,,,,GLOBAL_BASELINE_NO_ENTITY_RANKING,,,NOT_APPLICABLE_GLOBAL_BASELINE,HF9g-P5,,,,X 全窗基线 · 不参与实体赏罚,8392490,840,A168_HF9F_20260827_0900,2026-08-27 09:00:00
2026-06-17,74209325,2248,0,12.8577673773,2.1858204542,2.1858204542,0.6666667,3,3,0.50218230000000000,0.502182300000,0.5697959874915163,0.5697959874915164,0.5697959874915163,0E-17,ELIGIBLE,R03b_20260811_FULL_v1,L1_ELIGIBILITY,v2026-08-11,2026-03-21..2026-08-06,baccarat_bet02_101_all_pairs_incl_sentinel,round_win = game_pnl > 0 (decisive only),COMPATIBILITY_ONLY_NOT_PRODUCTION,8273.2185,7643.9249,476.6845,461,429,-0.05761778,-0.04117365,-0.06758547,-0.05761778,-476.6845,8273.2185,OK,0.0000,14.3005,3.0000,97.0000,AG03-UNRESOLVED,ALL5_LEVELS_bet23_to_bet27,14.3005,14.3005,14.3005,19.0674,23.8342,3.000000,3.000000,3.000000,4.000000,5.000000,97.000000,97.000000,97.000000,96.000000,95.000000,5.0,85.8032,79.9124,390.8813,396.772,PENDING_AG03,FALSE,NOT_FOR_ENFORCEMENT,462.3839,7414.6071,476.6845,462.3839,14.3005,0.05761778,0.05588924,14.3005,462.3839,0.05588924,14.3005,14.3005,14.3005,19.0674,23.8342,462.3839,0.05588924,85.8032,79.9124,390.8813,396.772,0.04724658,0.04795861,0.00172853,17.9462,17.8180,1.1112,26.4825,2.1766,459.6232,23.8333,17.2501,18.3962,12.8103,13.088,25.8178,37.4785,41.6341,52.3013,12.9729,-2.5818,3.181092,3.996131,1.371201,29,107,17,5,0.37739520,0.05761778,0.04117365,0E-8,0.000000,0.923936,0.000000,0.02641182,2026-03-28,2026-08-02,18,219,178,128,0.140625,0.937699,0.961211,1.257984,,,,,,,,GLOBAL_BASELINE_NO_ENTITY_RANKING,,,NOT_APPLICABLE_GLOBAL_BASELINE,HF9g-P5,,,,X 全窗基线 · 不参与实体赏罚,8392491,840,A168_HF9F_20260827_0900,2026-08-27 09:00:00
2026-06-17,74209325,2261,0,5.1431069509,-5.1431069509,-5.1431069509,0E-7,1,1,0.50665070000000000,0.506650700000,-1.013391052207602,-1.013391052207602,-1.013391052207602,0E-17,ELIGIBLE,R03b_20260811_FULL_v1,L1_ELIGIBILITY,v2026-08-11,2026-03-21..2026-08-06,baccarat_bet02_101_all_pairs_incl_sentinel,round_win = game_pnl > 0 (decisive only),COMPATIBILITY_ONLY_NOT_PRODUCTION,8273.2185,7643.9249,476.6845,461,429,-0.05761778,-0.04117365,-0.06758547,-0.05761778,-476.6845,8273.2185,OK,0.0000,14.3005,3.0000,97.0000,AG03-UNRESOLVED,ALL5_LEVELS_bet23_to_bet27,14.3005,14.3005,14.3005,19.0674,23.8342,3.000000,3.000000,3.000000,4.000000,5.000000,97.000000,97.000000,97.000000,96.000000,95.000000,5.0,85.8032,79.9124,390.8813,396.772,PENDING_AG03,FALSE,NOT_FOR_ENFORCEMENT,462.3839,7414.6071,476.6845,462.3839,14.3005,0.05761778,0.05588924,14.3005,462.3839,0.05588924,14.3005,14.3005,14.3005,19.0674,23.8342,462.3839,0.05588924,85.8032,79.9124,390.8813,396.772,0.04724658,0.04795861,0.00172853,17.9462,17.8180,1.1112,26.4825,2.1766,459.6232,23.8333,17.2501,18.3962,12.8103,13.088,25.8178,37.4785,41.6341,52.3013,12.9729,-2.5818,3.181092,3.996131,1.371201,29,107,17,5,0.37739520,0.05761778,0.04117365,0E-8,0.000000,0.923936,0.000000,0.02641182,2026-03-28,2026-08-02,18,219,178,128,0.140625,0.937699,0.961211,1.257984,,,,,,,,GLOBAL_BASELINE_NO_ENTITY_RANKING,,,NOT_APPLICABLE_GLOBAL_BASELINE,HF9g-P5,,,,X 全窗基线 · 不参与实体赏罚,8392492,840,A168_HF9F_20260827_0900,2026-08-27 09:00:00
2026-06-17,74209325,550,0,12.8577673773,-2.5715534755,-2.5715534755,0.5000000,2,2,0.49324550000000000,0.493245500000,0.01910635448239258,0.01910635448239258,0.01910635448239258,0E-17,ELIGIBLE,R03b_20260811_FULL_v1,L1_ELIGIBILITY,v2026-08-11,2026-03-21..2026-08-06,baccarat_bet02_101_all_pairs_incl_sentinel,round_win = game_pnl > 0 (decisive only),COMPATIBILITY_ONLY_NOT_PRODUCTION,8273.2185,7643.9249,476.6845,461,429,-0.05761778,-0.04117365,-0.06758547,-0.05761778,-476.6845,8273.2185,OK,0.0000,14.3005,3.0000,97.0000,AG03-UNRESOLVED,ALL5_LEVELS_bet23_to_bet27,14.3005,14.3005,14.3005,19.0674,23.8342,3.000000,3.000000,3.000000,4.000000,5.000000,97.000000,97.000000,97.000000,96.000000,95.000000,5.0,85.8032,79.9124,390.8813,396.772,PENDING_AG03,FALSE,NOT_FOR_ENFORCEMENT,462.3839,7414.6071,476.6845,462.3839,14.3005,0.05761778,0.05588924,14.3005,462.3839,0.05588924,14.3005,14.3005,14.3005,19.0674,23.8342,462.3839,0.05588924,85.8032,79.9124,390.8813,396.772,0.04724658,0.04795861,0.00172853,17.9462,17.8180,1.1112,26.4825,2.1766,459.6232,23.8333,17.2501,18.3962,12.8103,13.088,25.8178,37.4785,41.6341,52.3013,12.9729,-2.5818,3.181092,3.996131,1.371201,29,107,17,5,0.37739520,0.05761778,0.04117365,0E-8,0.000000,0.923936,0.000000,0.02641182,2026-03-28,2026-08-02,18,219,178,128,0.140625,0.937699,0.961211,1.257984,,,,,,,,GLOBAL_BASELINE_NO_ENTITY_RANKING,,,NOT_APPLICABLE_GLOBAL_BASELINE,HF9g-P5,,,,X 全窗基线 · 不参与实体赏罚,8392493,840,A168_HF9F_20260827_0900,2026-08-27 09:00:00
2026-07-16,74209325,-1,1,68.1589342420,5.2668267369,5.2668267369,0.5714286,8,8,0.49994810000000000,0.499948100000,0.37823910403297295,0.37823910403297295,0.37823910403297295,0E-17,SENTINEL_DEALER,R03b_20260811_FULL_v1,L1_ELIGIBILITY,v2026-08-11,2026-03-21..2026-08-06,baccarat_bet02_101_all_pairs_incl_sentinel,round_win = game_pnl > 0 (decisive only),COMPATIBILITY_ONLY_NOT_PRODUCTION,8273.2185,7643.9249,476.6845,461,429,-0.05761778,-0.04117365,-0.06758547,-0.05761778,-476.6845,8273.2185,OK,0.0000,14.3005,3.0000,97.0000,AG03-UNRESOLVED,ALL5_LEVELS_bet23_to_bet27,14.3005,14.3005,14.3005,19.0674,23.8342,3.000000,3.000000,3.000000,4.000000,5.000000,97.000000,97.000000,97.000000,96.000000,95.000000,5.0,85.8032,79.9124,390.8813,396.772,PENDING_AG03,FALSE,NOT_FOR_ENFORCEMENT,462.3839,7414.6071,476.6845,462.3839,14.3005,0.05761778,0.05588924,14.3005,462.3839,0.05588924,14.3005,14.3005,14.3005,19.0674,23.8342,462.3839,0.05588924,85.8032,79.9124,390.8813,396.772,0.04724658,0.04795861,0.00172853,17.9462,17.8180,1.1112,26.4825,2.1766,459.6232,23.8333,17.2501,18.3962,12.8103,13.088,25.8178,37.4785,41.6341,52.3013,12.9729,-2.5818,3.181092,3.996131,1.371201,29,107,17,5,0.37739520,0.05761778,0.04117365,0E-8,0.000000,0.923936,0.000000,0.02641182,2026-03-28,2026-08-02,18,219,178,128,0.140625,0.937699,0.961211,1.257984,,,,,,,,GLOBAL_BASELINE_NO_ENTITY_RANKING,,,NOT_APPLICABLE_GLOBAL_BASELINE,HF9g-P5,,,,X 全窗基线 · 不参与实体赏罚,8392494,840,A168_HF9F_20260827_0900,2026-08-27 09:00:00
2026-07-16,74209325,1221,0,10.3271112488,9.8107556864,9.8107556864,1.0000000,2,2,0.50665070000000000,0.506650700000,1.3955260008387969,1.3955260008387969,1.3955260008387969,0E-17,ELIGIBLE,R03b_20260811_FULL_v1,L1_ELIGIBILITY,v2026-08-11,2026-03-21..2026-08-06,baccarat_bet02_101_all_pairs_incl_sentinel,round_win = game_pnl > 0 (decisive only),COMPATIBILITY_ONLY_NOT_PRODUCTION,8273.2185,7643.9249,476.6845,461,429,-0.05761778,-0.04117365,-0.06758547,-0.05761778,-476.6845,8273.2185,OK,0.0000,14.3005,3.0000,97.0000,AG03-UNRESOLVED,ALL5_LEVELS_bet23_to_bet27,14.3005,14.3005,14.3005,19.0674,23.8342,3.000000,3.000000,3.000000,4.000000,5.000000,97.000000,97.000000,97.000000,96.000000,95.000000,5.0,85.8032,79.9124,390.8813,396.772,PENDING_AG03,FALSE,NOT_FOR_ENFORCEMENT,462.3839,7414.6071,476.6845,462.3839,14.3005,0.05761778,0.05588924,14.3005,462.3839,0.05588924,14.3005,14.3005,14.3005,19.0674,23.8342,462.3839,0.05588924,85.8032,79.9124,390.8813,396.772,0.04724658,0.04795861,0.00172853,17.9462,17.8180,1.1112,26.4825,2.1766,459.6232,23.8333,17.2501,18.3962,12.8103,13.088,25.8178,37.4785,41.6341,52.3013,12.9729,-2.5818,3.181092,3.996131,1.371201,29,107,17,5,0.37739520,0.05761778,0.04117365,0E-8,0.000000,0.923936,0.000000,0.02641182,2026-03-28,2026-08-02,18,219,178,128,0.140625,0.937699,0.961211,1.257984,,,,,,,,GLOBAL_BASELINE_NO_ENTITY_RANKING,,,NOT_APPLICABLE_GLOBAL_BASELINE,HF9g-P5,,,,X 全窗基线 · 不参与实体赏罚,8392495,840,A168_HF9F_20260827_0900,2026-08-27 09:00:00
2026-07-16,74209325,1323,0,20.6542224976,-20.6542224976,-20.6542224976,0E-7,2,2,0.50665070000000000,0.506650700000,-1.4331513700195317,-1.4331513700195317,-1.4331513700195317,0E-17,ELIGIBLE,R03b_20260811_FULL_v1,L1_ELIGIBILITY,v2026-08-11,2026-03-21..2026-08-06,baccarat_bet02_101_all_pairs_incl_sentinel,round_win = game_pnl > 0 (decisive only),COMPATIBILITY_ONLY_NOT_PRODUCTION,8273.2185,7643.9249,476.6845,461,429,-0.05761778,-0.04117365,-0.06758547,-0.05761778,-476.6845,8273.2185,OK,0.0000,14.3005,3.0000,97.0000,AG03-UNRESOLVED,ALL5_LEVELS_bet23_to_bet27,14.3005,14.3005,14.3005,19.0674,23.8342,3.000000,3.000000,3.000000,4.000000,5.000000,97.000000,97.000000,97.000000,96.000000,95.000000,5.0,85.8032,79.9124,390.8813,396.772,PENDING_AG03,FALSE,NOT_FOR_ENFORCEMENT,462.3839,7414.6071,476.6845,462.3839,14.3005,0.05761778,0.05588924,14.3005,462.3839,0.05588924,14.3005,14.3005,14.3005,19.0674,23.8342,462.3839,0.05588924,85.8032,79.9124,390.8813,396.772,0.04724658,0.04795861,0.00172853,17.9462,17.8180,1.1112,26.4825,2.1766,459.6232,23.8333,17.2501,18.3962,12.8103,13.088,25.8178,37.4785,41.6341,52.3013,12.9729,-2.5818,3.181092,3.996131,1.371201,29,107,17,5,0.37739520,0.05761778,0.04117365,0E-8,0.000000,0.923936,0.000000,0.02641182,2026-03-28,2026-08-02,18,219,178,128,0.140625,0.937699,0.961211,1.257984,,,,,,,,GLOBAL_BASELINE_NO_ENTITY_RANKING,,,NOT_APPLICABLE_GLOBAL_BASELINE,HF9g-P5,,,,X 全窗基线 · 不参与实体赏罚,8392496,840,A168_HF9F_20260827_0900,2026-08-27 09:00:00
2026-07-16,74209325,1331,0,12.9088890610,-12.9088890610,-12.9088890610,0E-7,1,1,0.49324550000000000,0.493245500000,-0.9865810262130424,-0.9865810262130424,-0.9865810262130424,0E-17,ELIGIBLE,R03b_20260811_FULL_v1,L1_ELIGIBILITY,v2026-08-11,2026-03-21..2026-08-06,baccarat_bet02_101_all_pairs_incl_sentinel,round_win = game_pnl > 0 (decisive only),COMPATIBILITY_ONLY_NOT_PRODUCTION,8273.2185,7643.9249,476.6845,461,429,-0.05761778,-0.04117365,-0.06758547,-0.05761778,-476.6845,8273.2185,OK,0.0000,14.3005,3.0000,97.0000,AG03-UNRESOLVED,ALL5_LEVELS_bet23_to_bet27,14.3005,14.3005,14.3005,19.0674,23.8342,3.000000,3.000000,3.000000,4.000000,5.000000,97.000000,97.000000,97.000000,96.000000,95.000000,5.0,85.8032,79.9124,390.8813,396.772,PENDING_AG03,FALSE,NOT_FOR_ENFORCEMENT,462.3839,7414.6071,476.6845,462.3839,14.3005,0.05761778,0.05588924,14.3005,462.3839,0.05588924,14.3005,14.3005,14.3005,19.0674,23.8342,462.3839,0.05588924,85.8032,79.9124,390.8813,396.772,0.04724658,0.04795861,0.00172853,17.9462,17.8180,1.1112,26.4825,2.1766,459.6232,23.8333,17.2501,18.3962,12.8103,13.088,25.8178,37.4785,41.6341,52.3013,12.9729,-2.5818,3.181092,3.996131,1.371201,29,107,17,5,0.37739520,0.05761778,0.04117365,0E-8,0.000000,0.923936,0.000000,0.02641182,2026-03-28,2026-08-02,18,219,178,128,0.140625,0.937699,0.961211,1.257984,,,,,,,,GLOBAL_BASELINE_NO_ENTITY_RANKING,,,NOT_APPLICABLE_GLOBAL_BASELINE,HF9g-P5,,,,X 全窗基线 · 不参与实体赏罚,8392497,840,A168_HF9F_20260827_0900,2026-08-27 09:00:00
2026-07-16,74209325,1399,0,21.1705780600,-4.6472000620,-4.6472000620,0.5000000,3,3,0.49771390000000000,0.497713900000,0.006466134837551399,0.0064661348375514,0.006466134837551399,0E-17,ELIGIBLE,R03b_20260811_FULL_v1,L1_ELIGIBILITY,v2026-08-11,2026-03-21..2026-08-06,baccarat_bet02_101_all_pairs_incl_sentinel,round_win = game_pnl > 0 (decisive only),COMPATIBILITY_ONLY_NOT_PRODUCTION,8273.2185,7643.9249,476.6845,461,429,-0.05761778,-0.04117365,-0.06758547,-0.05761778,-476.6845,8273.2185,OK,0.0000,14.3005,3.0000,97.0000,AG03-UNRESOLVED,ALL5_LEVELS_bet23_to_bet27,14.3005,14.3005,14.3005,19.0674,23.8342,3.000000,3.000000,3.000000,4.000000,5.000000,97.000000,97.000000,97.000000,96.000000,95.000000,5.0,85.8032,79.9124,390.8813,396.772,PENDING_AG03,FALSE,NOT_FOR_ENFORCEMENT,462.3839,7414.6071,476.6845,462.3839,14.3005,0.05761778,0.05588924,14.3005,462.3839,0.05588924,14.3005,14.3005,14.3005,19.0674,23.8342,462.3839,0.05588924,85.8032,79.9124,390.8813,396.772,0.04724658,0.04795861,0.00172853,17.9462,17.8180,1.1112,26.4825,2.1766,459.6232,23.8333,17.2501,18.3962,12.8103,13.088,25.8178,37.4785,41.6341,52.3013,12.9729,-2.5818,3.181092,3.996131,1.371201,29,107,17,5,0.37739520,0.05761778,0.04117365,0E-8,0.000000,0.923936,0.000000,0.02641182,2026-03-28,2026-08-02,18,219,178,128,0.140625,0.937699,0.961211,1.257984,,,,,,,,GLOBAL_BASELINE_NO_ENTITY_RANKING,,,NOT_APPLICABLE_GLOBAL_BASELINE,HF9g-P5,,,,X 全窗基线 · 不参与实体赏罚,8392498,840,A168_HF9F_20260827_0900,2026-08-27 09:00:00
2026-07-16,74209325,1505,0,23.7523558722,-7.6420623241,-7.6420623241,0.3333333,3,3,0.50665070000000000,0.506650700000,-0.6004420894325239,-0.6004420894325239,-0.6004420894325239,0E-17,ELIGIBLE,R03b_20260811_FULL_v1,L1_ELIGIBILITY,v2026-08-11,2026-03-21..2026-08-06,baccarat_bet02_101_all_pairs_incl_sentinel,round_win = game_pnl > 0 (decisive only),COMPATIBILITY_ONLY_NOT_PRODUCTION,8273.2185,7643.9249,476.6845,461,429,-0.05761778,-0.04117365,-0.06758547,-0.05761778,-476.6845,8273.2185,OK,0.0000,14.3005,3.0000,97.0000,AG03-UNRESOLVED,ALL5_LEVELS_bet23_to_bet27,14.3005,14.3005,14.3005,19.0674,23.8342,3.000000,3.000000,3.000000,4.000000,5.000000,97.000000,97.000000,97.000000,96.000000,95.000000,5.0,85.8032,79.9124,390.8813,396.772,PENDING_AG03,FALSE,NOT_FOR_ENFORCEMENT,462.3839,7414.6071,476.6845,462.3839,14.3005,0.05761778,0.05588924,14.3005,462.3839,0.05588924,14.3005,14.3005,14.3005,19.0674,23.8342,462.3839,0.05588924,85.8032,79.9124,390.8813,396.772,0.04724658,0.04795861,0.00172853,17.9462,17.8180,1.1112,26.4825,2.1766,459.6232,23.8333,17.2501,18.3962,12.8103,13.088,25.8178,37.4785,41.6341,52.3013,12.9729,-2.5818,3.181092,3.996131,1.371201,29,107,17,5,0.37739520,0.05761778,0.04117365,0E-8,0.000000,0.923936,0.000000,0.02641182,2026-03-28,2026-08-02,18,219,178,128,0.140625,0.937699,0.961211,1.257984,,,,,,,,GLOBAL_BASELINE_NO_ENTITY_RANKING,,,NOT_APPLICABLE_GLOBAL_BASELINE,HF9g-P5,,,,X 全窗基线 · 不参与实体赏罚,8392499,840,A168_HF9F_20260827_0900,2026-08-27 09:00:00
2026-07-16,74209325,2155,0,18.0724446854,-18.0724446854,-18.0724446854,0E-7,1,1,0.49324550000000000,0.493245500000,-0.9865810262130424,-0.9865810262130424,-0.9865810262130424,0E-17,ELIGIBLE,R03b_20260811_FULL_v1,L1_ELIGIBILITY,v2026-08-11,2026-03-21..2026-08-06,baccarat_bet02_101_all_pairs_incl_sentinel,round_win = game_pnl > 0 (decisive only),COMPATIBILITY_ONLY_NOT_PRODUCTION,8273.2185,7643.9249,476.6845,461,429,-0.05761778,-0.04117365,-0.06758547,-0.05761778,-476.6845,8273.2185,OK,0.0000,14.3005,3.0000,97.0000,AG03-UNRESOLVED,ALL5_LEVELS_bet23_to_bet27,14.3005,14.3005,14.3005,19.0674,23.8342,3.000000,3.000000,3.000000,4.000000,5.000000,97.000000,97.000000,97.000000,96.000000,95.000000,5.0,85.8032,79.9124,390.8813,396.772,PENDING_AG03,FALSE,NOT_FOR_ENFORCEMENT,462.3839,7414.6071,476.6845,462.3839,14.3005,0.05761778,0.05588924,14.3005,462.3839,0.05588924,14.3005,14.3005,14.3005,19.0674,23.8342,462.3839,0.05588924,85.8032,79.9124,390.8813,396.772,0.04724658,0.04795861,0.00172853,17.9462,17.8180,1.1112,26.4825,2.1766,459.6232,23.8333,17.2501,18.3962,12.8103,13.088,25.8178,37.4785,41.6341,52.3013,12.9729,-2.5818,3.181092,3.996131,1.371201,29,107,17,5,0.37739520,0.05761778,0.04117365,0E-8,0.000000,0.923936,0.000000,0.02641182,2026-03-28,2026-08-02,18,219,178,128,0.140625,0.937699,0.961211,1.257984,,,,,,,,GLOBAL_BASELINE_NO_ENTITY_RANKING,,,NOT_APPLICABLE_GLOBAL_BASELINE,HF9g-P5,,,,X 全窗基线 · 不参与实体赏罚,8392500,840,A168_HF9F_20260827_0900,2026-08-27 09:00:00
2026-07-16,74209325,2242,0,21.6869336225,20.6025869414,20.6025869414,1.0000000,3,3,0.50665070000000000,0.506650700000,1.7091633124209307,1.7091633124209307,1.7091633124209307,0E-17,ELIGIBLE,R03b_20260811_FULL_v1,L1_ELIGIBILITY,v2026-08-11,2026-03-21..2026-08-06,baccarat_bet02_101_all_pairs_incl_sentinel,round_win = game_pnl > 0 (decisive only),COMPATIBILITY_ONLY_NOT_PRODUCTION,8273.2185,7643.9249,476.6845,461,429,-0.05761778,-0.04117365,-0.06758547,-0.05761778,-476.6845,8273.2185,OK,0.0000,14.3005,3.0000,97.0000,AG03-UNRESOLVED,ALL5_LEVELS_bet23_to_bet27,14.3005,14.3005,14.3005,19.0674,23.8342,3.000000,3.000000,3.000000,4.000000,5.000000,97.000000,97.000000,97.000000,96.000000,95.000000,5.0,85.8032,79.9124,390.8813,396.772,PENDING_AG03,FALSE,NOT_FOR_ENFORCEMENT,462.3839,7414.6071,476.6845,462.3839,14.3005,0.05761778,0.05588924,14.3005,462.3839,0.05588924,14.3005,14.3005,14.3005,19.0674,23.8342,462.3839,0.05588924,85.8032,79.9124,390.8813,396.772,0.04724658,0.04795861,0.00172853,17.9462,17.8180,1.1112,26.4825,2.1766,459.6232,23.8333,17.2501,18.3962,12.8103,13.088,25.8178,37.4785,41.6341,52.3013,12.9729,-2.5818,3.181092,3.996131,1.371201,29,107,17,5,0.37739520,0.05761778,0.04117365,0E-8,0.000000,0.923936,0.000000,0.02641182,2026-03-28,2026-08-02,18,219,178,128,0.140625,0.937699,0.961211,1.257984,,,,,,,,GLOBAL_BASELINE_NO_ENTITY_RANKING,,,NOT_APPLICABLE_GLOBAL_BASELINE,HF9g-P5,,,,X 全窗基线 · 不参与实体赏罚,8392501,840,A168_HF9F_20260827_0900,2026-08-27 09:00:00
2026-07-16,74209325,2258,0,15.4906668732,15.4906668732,15.4906668732,1.0000000,1,1,0.49324550000000000,0.493245500000,1.01360149184955,1.01360149184955,1.01360149184955,0E-17,ELIGIBLE,R03b_20260811_FULL_v1,L1_ELIGIBILITY,v2026-08-11,2026-03-21..2026-08-06,baccarat_bet02_101_all_pairs_incl_sentinel,round_win = game_pnl > 0 (decisive only),COMPATIBILITY_ONLY_NOT_PRODUCTION,8273.2185,7643.9249,476.6845,461,429,-0.05761778,-0.04117365,-0.06758547,-0.05761778,-476.6845,8273.2185,OK,0.0000,14.3005,3.0000,97.0000,AG03-UNRESOLVED,ALL5_LEVELS_bet23_to_bet27,14.3005,14.3005,14.3005,19.0674,23.8342,3.000000,3.000000,3.000000,4.000000,5.000000,97.000000,97.000000,97.000000,96.000000,95.000000,5.0,85.8032,79.9124,390.8813,396.772,PENDING_AG03,FALSE,NOT_FOR_ENFORCEMENT,462.3839,7414.6071,476.6845,462.3839,14.3005,0.05761778,0.05588924,14.3005,462.3839,0.05588924,14.3005,14.3005,14.3005,19.0674,23.8342,462.3839,0.05588924,85.8032,79.9124,390.8813,396.772,0.04724658,0.04795861,0.00172853,17.9462,17.8180,1.1112,26.4825,2.1766,459.6232,23.8333,17.2501,18.3962,12.8103,13.088,25.8178,37.4785,41.6341,52.3013,12.9729,-2.5818,3.181092,3.996131,1.371201,29,107,17,5,0.37739520,0.05761778,0.04117365,0E-8,0.000000,0.923936,0.000000,0.02641182,2026-03-28,2026-08-02,18,219,178,128,0.140625,0.937699,0.961211,1.257984,,,,,,,,GLOBAL_BASELINE_NO_ENTITY_RANKING,,,NOT_APPLICABLE_GLOBAL_BASELINE,HF9g-P5,,,,X 全窗基线 · 不参与实体赏罚,8392502,840,A168_HF9F_20260827_0900,2026-08-27 09:00:00
2026-07-16,74209325,2287,0,6.9708000929,0E-10,0E-10,,1,1,0.49324550000000000,0.493245500000,,,,0E-17,NO_DECISIVE_ROUND,R03b_20260811_FULL_v1,L1_ELIGIBILITY,v2026-08-11,2026-03-21..2026-08-06,baccarat_bet02_101_all_pairs_incl_sentinel,round_win = game_pnl > 0 (decisive only),COMPATIBILITY_ONLY_NOT_PRODUCTION,8273.2185,7643.9249,476.6845,461,429,-0.05761778,-0.04117365,-0.06758547,-0.05761778,-476.6845,8273.2185,OK,0.0000,14.3005,3.0000,97.0000,AG03-UNRESOLVED,ALL5_LEVELS_bet23_to_bet27,14.3005,14.3005,14.3005,19.0674,23.8342,3.000000,3.000000,3.000000,4.000000,5.000000,97.000000,97.000000,97.000000,96.000000,95.000000,5.0,85.8032,79.9124,390.8813,396.772,PENDING_AG03,FALSE,NOT_FOR_ENFORCEMENT,462.3839,7414.6071,476.6845,462.3839,14.3005,0.05761778,0.05588924,14.3005,462.3839,0.05588924,14.3005,14.3005,14.3005,19.0674,23.8342,462.3839,0.05588924,85.8032,79.9124,390.8813,396.772,0.04724658,0.04795861,0.00172853,17.9462,17.8180,1.1112,26.4825,2.1766,459.6232,23.8333,17.2501,18.3962,12.8103,13.088,25.8178,37.4785,41.6341,52.3013,12.9729,-2.5818,3.181092,3.996131,1.371201,29,107,17,5,0.37739520,0.05761778,0.04117365,0E-8,0.000000,0.923936,0.000000,0.02641182,2026-03-28,2026-08-02,18,219,178,128,0.140625,0.937699,0.961211,1.257984,,,,,,,,GLOBAL_BASELINE_NO_ENTITY_RANKING,,,NOT_APPLICABLE_GLOBAL_BASELINE,HF9g-P5,,,,X 全窗基线 · 不参与实体赏罚,8392503,840,A168_HF9F_20260827_0900,2026-08-27 09:00:00
2026-07-16,74209325,919,0,5.1635556244,4.9053778432,4.9053778432,1.0000000,1,1,0.50665070000000000,0.506650700000,0.9867858985152569,0.9867858985152569,0.9867858985152569,0E-17,ELIGIBLE,R03b_20260811_FULL_v1,L1_ELIGIBILITY,v2026-08-11,2026-03-21..2026-08-06,baccarat_bet02_101_all_pairs_incl_sentinel,round_win = game_pnl > 0 (decisive only),COMPATIBILITY_ONLY_NOT_PRODUCTION,8273.2185,7643.9249,476.6845,461,429,-0.05761778,-0.04117365,-0.06758547,-0.05761778,-476.6845,8273.2185,OK,0.0000,14.3005,3.0000,97.0000,AG03-UNRESOLVED,ALL5_LEVELS_bet23_to_bet27,14.3005,14.3005,14.3005,19.0674,23.8342,3.000000,3.000000,3.000000,4.000000,5.000000,97.000000,97.000000,97.000000,96.000000,95.000000,5.0,85.8032,79.9124,390.8813,396.772,PENDING_AG03,FALSE,NOT_FOR_ENFORCEMENT,462.3839,7414.6071,476.6845,462.3839,14.3005,0.05761778,0.05588924,14.3005,462.3839,0.05588924,14.3005,14.3005,14.3005,19.0674,23.8342,462.3839,0.05588924,85.8032,79.9124,390.8813,396.772,0.04724658,0.04795861,0.00172853,17.9462,17.8180,1.1112,26.4825,2.1766,459.6232,23.8333,17.2501,18.3962,12.8103,13.088,25.8178,37.4785,41.6341,52.3013,12.9729,-2.5818,3.181092,3.996131,1.371201,29,107,17,5,0.37739520,0.05761778,0.04117365,0E-8,0.000000,0.923936,0.000000,0.02641182,2026-03-28,2026-08-02,18,219,178,128,0.140625,0.937699,0.961211,1.257984,,,,,,,,GLOBAL_BASELINE_NO_ENTITY_RANKING,,,NOT_APPLICABLE_GLOBAL_BASELINE,HF9g-P5,,,,X 全窗基线 · 不参与实体赏罚,8392504,840,A168_HF9F_20260827_0900,2026-08-27 09:00:00
2026-07-17,74209325,1399,0,18.0724446854,2.5817778122,2.5817778122,0.5000000,2,2,0.49324550000000000,0.493245500000,0.01910635448239258,0.01910635448239258,0.01910635448239258,0E-17,ELIGIBLE,R03b_20260811_FULL_v1,L1_ELIGIBILITY,v2026-08-11,2026-03-21..2026-08-06,baccarat_bet02_101_all_pairs_incl_sentinel,round_win = game_pnl > 0 (decisive only),COMPATIBILITY_ONLY_NOT_PRODUCTION,8273.2185,7643.9249,476.6845,461,429,-0.05761778,-0.04117365,-0.06758547,-0.05761778,-476.6845,8273.2185,OK,0.0000,14.3005,3.0000,97.0000,AG03-UNRESOLVED,ALL5_LEVELS_bet23_to_bet27,14.3005,14.3005,14.3005,19.0674,23.8342,3.000000,3.000000,3.000000,4.000000,5.000000,97.000000,97.000000,97.000000,96.000000,95.000000,5.0,85.8032,79.9124,390.8813,396.772,PENDING_AG03,FALSE,NOT_FOR_ENFORCEMENT,462.3839,7414.6071,476.6845,462.3839,14.3005,0.05761778,0.05588924,14.3005,462.3839,0.05588924,14.3005,14.3005,14.3005,19.0674,23.8342,462.3839,0.05588924,85.8032,79.9124,390.8813,396.772,0.04724658,0.04795861,0.00172853,17.9462,17.8180,1.1112,26.4825,2.1766,459.6232,23.8333,17.2501,18.3962,12.8103,13.088,25.8178,37.4785,41.6341,52.3013,12.9729,-2.5818,3.181092,3.996131,1.371201,29,107,17,5,0.37739520,0.05761778,0.04117365,0E-8,0.000000,0.923936,0.000000,0.02641182,2026-03-28,2026-08-02,18,219,178,128,0.140625,0.937699,0.961211,1.257984,,,,,,,,GLOBAL_BASELINE_NO_ENTITY_RANKING,,,NOT_APPLICABLE_GLOBAL_BASELINE,HF9g-P5,,,,X 全窗基线 · 不参与实体赏罚,8392505,840,A168_HF9F_20260827_0900,2026-08-27 09:00:00
2026-07-17,74209325,1505,0,24.2687114347,-24.2687114347,-24.2687114347,0E-7,3,1,0.40419291489369041,0.214214066667,-0.8236477503343241,-0.5221218497722453,-0.8236477503343241,0.18997884822669041,ELIGIBLE,R03b_20260811_FULL_v1,L1_ELIGIBILITY,v2026-08-11,2026-03-21..2026-08-06,baccarat_bet02_101_all_pairs_incl_sentinel,round_win = game_pnl > 0 (decisive only),COMPATIBILITY_ONLY_NOT_PRODUCTION,8273.2185,7643.9249,476.6845,461,429,-0.05761778,-0.04117365,-0.06758547,-0.05761778,-476.6845,8273.2185,OK,0.0000,14.3005,3.0000,97.0000,AG03-UNRESOLVED,ALL5_LEVELS_bet23_to_bet27,14.3005,14.3005,14.3005,19.0674,23.8342,3.000000,3.000000,3.000000,4.000000,5.000000,97.000000,97.000000,97.000000,96.000000,95.000000,5.0,85.8032,79.9124,390.8813,396.772,PENDING_AG03,FALSE,NOT_FOR_ENFORCEMENT,462.3839,7414.6071,476.6845,462.3839,14.3005,0.05761778,0.05588924,14.3005,462.3839,0.05588924,14.3005,14.3005,14.3005,19.0674,23.8342,462.3839,0.05588924,85.8032,79.9124,390.8813,396.772,0.04724658,0.04795861,0.00172853,17.9462,17.8180,1.1112,26.4825,2.1766,459.6232,23.8333,17.2501,18.3962,12.8103,13.088,25.8178,37.4785,41.6341,52.3013,12.9729,-2.5818,3.181092,3.996131,1.371201,29,107,17,5,0.37739520,0.05761778,0.04117365,0E-8,0.000000,0.923936,0.000000,0.02641182,2026-03-28,2026-08-02,18,219,178,128,0.140625,0.937699,0.961211,1.257984,,,,,,,,GLOBAL_BASELINE_NO_ENTITY_RANKING,,,NOT_APPLICABLE_GLOBAL_BASELINE,HF9g-P5,,,,X 全窗基线 · 不参与实体赏罚,8392506,840,A168_HF9F_20260827_0900,2026-08-27 09:00:00
2026-07-17,74209325,2174,0,25.8177781220,5.1635556244,5.1635556244,0.5000000,2,2,0.49324550000000000,0.493245500000,0.01910635448239258,0.01910635448239258,0.01910635448239258,0E-17,ELIGIBLE,R03b_20260811_FULL_v1,L1_ELIGIBILITY,v2026-08-11,2026-03-21..2026-08-06,baccarat_bet02_101_all_pairs_incl_sentinel,round_win = game_pnl > 0 (decisive only),COMPATIBILITY_ONLY_NOT_PRODUCTION,8273.2185,7643.9249,476.6845,461,429,-0.05761778,-0.04117365,-0.06758547,-0.05761778,-476.6845,8273.2185,OK,0.0000,14.3005,3.0000,97.0000,AG03-UNRESOLVED,ALL5_LEVELS_bet23_to_bet27,14.3005,14.3005,14.3005,19.0674,23.8342,3.000000,3.000000,3.000000,4.000000,5.000000,97.000000,97.000000,97.000000,96.000000,95.000000,5.0,85.8032,79.9124,390.8813,396.772,PENDING_AG03,FALSE,NOT_FOR_ENFORCEMENT,462.3839,7414.6071,476.6845,462.3839,14.3005,0.05761778,0.05588924,14.3005,462.3839,0.05588924,14.3005,14.3005,14.3005,19.0674,23.8342,462.3839,0.05588924,85.8032,79.9124,390.8813,396.772,0.04724658,0.04795861,0.00172853,17.9462,17.8180,1.1112,26.4825,2.1766,459.6232,23.8333,17.2501,18.3962,12.8103,13.088,25.8178,37.4785,41.6341,52.3013,12.9729,-2.5818,3.181092,3.996131,1.371201,29,107,17,5,0.37739520,0.05761778,0.04117365,0E-8,0.000000,0.923936,0.000000,0.02641182,2026-03-28,2026-08-02,18,219,178,128,0.140625,0.937699,0.961211,1.257984,,,,,,,,GLOBAL_BASELINE_NO_ENTITY_RANKING,,,NOT_APPLICABLE_GLOBAL_BASELINE,HF9g-P5,,,,X 全窗基线 · 不参与实体赏罚,8392507,840,A168_HF9F_20260827_0900,2026-08-27 09:00:00
2026-07-17,74209325,2201,0,32.0140448713,-32.0140448713,-32.0140448713,0E-7,1,1,0.49324550000000000,0.493245500000,-0.9865810262130424,-0.9865810262130424,-0.9865810262130424,0E-17,ELIGIBLE,R03b_20260811_FULL_v1,L1_ELIGIBILITY,v2026-08-11,2026-03-21..2026-08-06,baccarat_bet02_101_all_pairs_incl_sentinel,round_win = game_pnl > 0 (decisive only),COMPATIBILITY_ONLY_NOT_PRODUCTION,8273.2185,7643.9249,476.6845,461,429,-0.05761778,-0.04117365,-0.06758547,-0.05761778,-476.6845,8273.2185,OK,0.0000,14.3005,3.0000,97.0000,AG03-UNRESOLVED,ALL5_LEVELS_bet23_to_bet27,14.3005,14.3005,14.3005,19.0674,23.8342,3.000000,3.000000,3.000000,4.000000,5.000000,97.000000,97.000000,97.000000,96.000000,95.000000,5.0,85.8032,79.9124,390.8813,396.772,PENDING_AG03,FALSE,NOT_FOR_ENFORCEMENT,462.3839,7414.6071,476.6845,462.3839,14.3005,0.05761778,0.05588924,14.3005,462.3839,0.05588924,14.3005,14.3005,14.3005,19.0674,23.8342,462.3839,0.05588924,85.8032,79.9124,390.8813,396.772,0.04724658,0.04795861,0.00172853,17.9462,17.8180,1.1112,26.4825,2.1766,459.6232,23.8333,17.2501,18.3962,12.8103,13.088,25.8178,37.4785,41.6341,52.3013,12.9729,-2.5818,3.181092,3.996131,1.371201,29,107,17,5,0.37739520,0.05761778,0.04117365,0E-8,0.000000,0.923936,0.000000,0.02641182,2026-03-28,2026-08-02,18,219,178,128,0.140625,0.937699,0.961211,1.257984,,,,,,,,GLOBAL_BASELINE_NO_ENTITY_RANKING,,,NOT_APPLICABLE_GLOBAL_BASELINE,HF9g-P5,,,,X 全窗基线 · 不参与实体赏罚,8392508,840,A168_HF9F_20260827_0900,2026-08-27 09:00:00
2026-07-17,74209325,2258,0,10.3271112488,-10.3271112488,-10.3271112488,0E-7,1,1,0.49324550000000000,0.493245500000,-0.9865810262130424,-0.9865810262130424,-0.9865810262130424,0E-17,ELIGIBLE,R03b_20260811_FULL_v1,L1_ELIGIBILITY,v2026-08-11,2026-03-21..2026-08-06,baccarat_bet02_101_all_pairs_incl_sentinel,round_win = game_pnl > 0 (decisive only),COMPATIBILITY_ONLY_NOT_PRODUCTION,8273.2185,7643.9249,476.6845,461,429,-0.05761778,-0.04117365,-0.06758547,-0.05761778,-476.6845,8273.2185,OK,0.0000,14.3005,3.0000,97.0000,AG03-UNRESOLVED,ALL5_LEVELS_bet23_to_bet27,14.3005,14.3005,14.3005,19.0674,23.8342,3.000000,3.000000,3.000000,4.000000,5.000000,97.000000,97.000000,97.000000,96.000000,95.000000,5.0,85.8032,79.9124,390.8813,396.772,PENDING_AG03,FALSE,NOT_FOR_ENFORCEMENT,462.3839,7414.6071,476.6845,462.3839,14.3005,0.05761778,0.05588924,14.3005,462.3839,0.05588924,14.3005,14.3005,14.3005,19.0674,23.8342,462.3839,0.05588924,85.8032,79.9124,390.8813,396.772,0.04724658,0.04795861,0.00172853,17.9462,17.8180,1.1112,26.4825,2.1766,459.6232,23.8333,17.2501,18.3962,12.8103,13.088,25.8178,37.4785,41.6341,52.3013,12.9729,-2.5818,3.181092,3.996131,1.371201,29,107,17,5,0.37739520,0.05761778,0.04117365,0E-8,0.000000,0.923936,0.000000,0.02641182,2026-03-28,2026-08-02,18,219,178,128,0.140625,0.937699,0.961211,1.257984,,,,,,,,GLOBAL_BASELINE_NO_ENTITY_RANKING,,,NOT_APPLICABLE_GLOBAL_BASELINE,HF9g-P5,,,,X 全窗基线 · 不参与实体赏罚,8392509,840,A168_HF9F_20260827_0900,2026-08-27 09:00:00
2026-07-17,74209325,801,0,10.3271112488,-10.3271112488,-10.3271112488,0E-7,1,1,0.50665070000000000,0.506650700000,-1.013391052207602,-1.013391052207602,-1.013391052207602,0E-17,ELIGIBLE,R03b_20260811_FULL_v1,L1_ELIGIBILITY,v2026-08-11,2026-03-21..2026-08-06,baccarat_bet02_101_all_pairs_incl_sentinel,round_win = game_pnl > 0 (decisive only),COMPATIBILITY_ONLY_NOT_PRODUCTION,8273.2185,7643.9249,476.6845,461,429,-0.05761778,-0.04117365,-0.06758547,-0.05761778,-476.6845,8273.2185,OK,0.0000,14.3005,3.0000,97.0000,AG03-UNRESOLVED,ALL5_LEVELS_bet23_to_bet27,14.3005,14.3005,14.3005,19.0674,23.8342,3.000000,3.000000,3.000000,4.000000,5.000000,97.000000,97.000000,97.000000,96.000000,95.000000,5.0,85.8032,79.9124,390.8813,396.772,PENDING_AG03,FALSE,NOT_FOR_ENFORCEMENT,462.3839,7414.6071,476.6845,462.3839,14.3005,0.05761778,0.05588924,14.3005,462.3839,0.05588924,14.3005,14.3005,14.3005,19.0674,23.8342,462.3839,0.05588924,85.8032,79.9124,390.8813,396.772,0.04724658,0.04795861,0.00172853,17.9462,17.8180,1.1112,26.4825,2.1766,459.6232,23.8333,17.2501,18.3962,12.8103,13.088,25.8178,37.4785,41.6341,52.3013,12.9729,-2.5818,3.181092,3.996131,1.371201,29,107,17,5,0.37739520,0.05761778,0.04117365,0E-8,0.000000,0.923936,0.000000,0.02641182,2026-03-28,2026-08-02,18,219,178,128,0.140625,0.937699,0.961211,1.257984,,,,,,,,GLOBAL_BASELINE_NO_ENTITY_RANKING,,,NOT_APPLICABLE_GLOBAL_BASELINE,HF9g-P5,,,,X 全窗基线 · 不参与实体赏罚,8392510,840,A168_HF9F_20260827_0900,2026-08-27 09:00:00
2026-07-25,74209325,-1,1,821.0053442796,106.1110680815,106.1110680815,0.5312500,41,33,0.49146241142011297,0.458919060606,0.4502108159648378,0.821107329904195,0.4502108159648378,0.03254335081411297,SENTINEL_DEALER,R03b_20260811_FULL_v1,L1_ELIGIBILITY,v2026-08-11,2026-03-21..2026-08-06,baccarat_bet02_101_all_pairs_incl_sentinel,round_win = game_pnl > 0 (decisive only),COMPATIBILITY_ONLY_NOT_PRODUCTION,8273.2185,7643.9249,476.6845,461,429,-0.05761778,-0.04117365,-0.06758547,-0.05761778,-476.6845,8273.2185,OK,0.0000,14.3005,3.0000,97.0000,AG03-UNRESOLVED,ALL5_LEVELS_bet23_to_bet27,14.3005,14.3005,14.3005,19.0674,23.8342,3.000000,3.000000,3.000000,4.000000,5.000000,97.000000,97.000000,97.000000,96.000000,95.000000,5.0,85.8032,79.9124,390.8813,396.772,PENDING_AG03,FALSE,NOT_FOR_ENFORCEMENT,462.3839,7414.6071,476.6845,462.3839,14.3005,0.05761778,0.05588924,14.3005,462.3839,0.05588924,14.3005,14.3005,14.3005,19.0674,23.8342,462.3839,0.05588924,85.8032,79.9124,390.8813,396.772,0.04724658,0.04795861,0.00172853,17.9462,17.8180,1.1112,26.4825,2.1766,459.6232,23.8333,17.2501,18.3962,12.8103,13.088,25.8178,37.4785,41.6341,52.3013,12.9729,-2.5818,3.181092,3.996131,1.371201,29,107,17,5,0.37739520,0.05761778,0.04117365,0E-8,0.000000,0.923936,0.000000,0.02641182,2026-03-28,2026-08-02,18,219,178,128,0.140625,0.937699,0.961211,1.257984,,,,,,,,GLOBAL_BASELINE_NO_ENTITY_RANKING,,,NOT_APPLICABLE_GLOBAL_BASELINE,HF9g-P5,,,,X 全窗基线 · 不参与实体赏罚,8392511,840,A168_HF9F_20260827_0900,2026-08-27 09:00:00
2026-07-25,74209325,1205,0,118.7617793612,37.3066893863,37.3066893863,0.7500000,4,4,0.50329940000000000,0.503299400000,0.9868238854431842,0.9868238854431842,0.9868238854431842,0E-17,ELIGIBLE,R03b_20260811_FULL_v1,L1_ELIGIBILITY,v2026-08-11,2026-03-21..2026-08-06,baccarat_bet02_101_all_pairs_incl_sentinel,round_win = game_pnl > 0 (decisive only),COMPATIBILITY_ONLY_NOT_PRODUCTION,8273.2185,7643.9249,476.6845,461,429,-0.05761778,-0.04117365,-0.06758547,-0.05761778,-476.6845,8273.2185,OK,0.0000,14.3005,3.0000,97.0000,AG03-UNRESOLVED,ALL5_LEVELS_bet23_to_bet27,14.3005,14.3005,14.3005,19.0674,23.8342,3.000000,3.000000,3.000000,4.000000,5.000000,97.000000,97.000000,97.000000,96.000000,95.000000,5.0,85.8032,79.9124,390.8813,396.772,PENDING_AG03,FALSE,NOT_FOR_ENFORCEMENT,462.3839,7414.6071,476.6845,462.3839,14.3005,0.05761778,0.05588924,14.3005,462.3839,0.05588924,14.3005,14.3005,14.3005,19.0674,23.8342,462.3839,0.05588924,85.8032,79.9124,390.8813,396.772,0.04724658,0.04795861,0.00172853,17.9462,17.8180,1.1112,26.4825,2.1766,459.6232,23.8333,17.2501,18.3962,12.8103,13.088,25.8178,37.4785,41.6341,52.3013,12.9729,-2.5818,3.181092,3.996131,1.371201,29,107,17,5,0.37739520,0.05761778,0.04117365,0E-8,0.000000,0.923936,0.000000,0.02641182,2026-03-28,2026-08-02,18,219,178,128,0.140625,0.937699,0.961211,1.257984,,,,,,,,GLOBAL_BASELINE_NO_ENTITY_RANKING,,,NOT_APPLICABLE_GLOBAL_BASELINE,HF9g-P5,,,,X 全窗基线 · 不参与实体赏罚,8392512,840,A168_HF9F_20260827_0900,2026-08-27 09:00:00
2026-07-25,74209325,1306,0,12.9088890610,-12.9088890610,-12.9088890610,0E-7,1,1,0.49324550000000000,0.493245500000,-0.9865810262130424,-0.9865810262130424,-0.9865810262130424,0E-17,ELIGIBLE,R03b_20260811_FULL_v1,L1_ELIGIBILITY,v2026-08-11,2026-03-21..2026-08-06,baccarat_bet02_101_all_pairs_incl_sentinel,round_win = game_pnl > 0 (decisive only),COMPATIBILITY_ONLY_NOT_PRODUCTION,8273.2185,7643.9249,476.6845,461,429,-0.05761778,-0.04117365,-0.06758547,-0.05761778,-476.6845,8273.2185,OK,0.0000,14.3005,3.0000,97.0000,AG03-UNRESOLVED,ALL5_LEVELS_bet23_to_bet27,14.3005,14.3005,14.3005,19.0674,23.8342,3.000000,3.000000,3.000000,4.000000,5.000000,97.000000,97.000000,97.000000,96.000000,95.000000,5.0,85.8032,79.9124,390.8813,396.772,PENDING_AG03,FALSE,NOT_FOR_ENFORCEMENT,462.3839,7414.6071,476.6845,462.3839,14.3005,0.05761778,0.05588924,14.3005,462.3839,0.05588924,14.3005,14.3005,14.3005,19.0674,23.8342,462.3839,0.05588924,85.8032,79.9124,390.8813,396.772,0.04724658,0.04795861,0.00172853,17.9462,17.8180,1.1112,26.4825,2.1766,459.6232,23.8333,17.2501,18.3962,12.8103,13.088,25.8178,37.4785,41.6341,52.3013,12.9729,-2.5818,3.181092,3.996131,1.371201,29,107,17,5,0.37739520,0.05761778,0.04117365,0E-8,0.000000,0.923936,0.000000,0.02641182,2026-03-28,2026-08-02,18,219,178,128,0.140625,0.937699,0.961211,1.257984,,,,,,,,GLOBAL_BASELINE_NO_ENTITY_RANKING,,,NOT_APPLICABLE_GLOBAL_BASELINE,HF9g-P5,,,,X 全窗基线 · 不参与实体赏罚,8392513,840,A168_HF9F_20260827_0900,2026-08-27 09:00:00
2026-07-25,74209325,1318,0,25.8177781220,-0.6454444530,-0.6454444530,0.5000000,2,2,0.50665070000000000,0.506650700000,-0.018812684590367487,-0.018812684590367487,-0.018812684590367487,0E-17,ELIGIBLE,R03b_20260811_FULL_v1,L1_ELIGIBILITY,v2026-08-11,2026-03-21..2026-08-06,baccarat_bet02_101_all_pairs_incl_sentinel,round_win = game_pnl > 0 (decisive only),COMPATIBILITY_ONLY_NOT_PRODUCTION,8273.2185,7643.9249,476.6845,461,429,-0.05761778,-0.04117365,-0.06758547,-0.05761778,-476.6845,8273.2185,OK,0.0000,14.3005,3.0000,97.0000,AG03-UNRESOLVED,ALL5_LEVELS_bet23_to_bet27,14.3005,14.3005,14.3005,19.0674,23.8342,3.000000,3.000000,3.000000,4.000000,5.000000,97.000000,97.000000,97.000000,96.000000,95.000000,5.0,85.8032,79.9124,390.8813,396.772,PENDING_AG03,FALSE,NOT_FOR_ENFORCEMENT,462.3839,7414.6071,476.6845,462.3839,14.3005,0.05761778,0.05588924,14.3005,462.3839,0.05588924,14.3005,14.3005,14.3005,19.0674,23.8342,462.3839,0.05588924,85.8032,79.9124,390.8813,396.772,0.04724658,0.04795861,0.00172853,17.9462,17.8180,1.1112,26.4825,2.1766,459.6232,23.8333,17.2501,18.3962,12.8103,13.088,25.8178,37.4785,41.6341,52.3013,12.9729,-2.5818,3.181092,3.996131,1.371201,29,107,17,5,0.37739520,0.05761778,0.04117365,0E-8,0.000000,0.923936,0.000000,0.02641182,2026-03-28,2026-08-02,18,219,178,128,0.140625,0.937699,0.961211,1.257984,,,,,,,,GLOBAL_BASELINE_NO_ENTITY_RANKING,,,NOT_APPLICABLE_GLOBAL_BASELINE,HF9g-P5,,,,X 全窗基线 · 不参与实体赏罚,8392514,840,A168_HF9F_20260827_0900,2026-08-27 09:00:00
2026-07-25,74209325,1323,0,32.5304004337,32.5304004337,32.5304004337,1.0000000,2,2,0.49324550000000000,0.493245500000,1.4334489766152358,1.4334489766152358,1.4334489766152358,0E-17,ELIGIBLE,R03b_20260811_FULL_v1,L1_ELIGIBILITY,v2026-08-11,2026-03-21..2026-08-06,baccarat_bet02_101_all_pairs_incl_sentinel,round_win = game_pnl > 0 (decisive only),COMPATIBILITY_ONLY_NOT_PRODUCTION,8273.2185,7643.9249,476.6845,461,429,-0.05761778,-0.04117365,-0.06758547,-0.05761778,-476.6845,8273.2185,OK,0.0000,14.3005,3.0000,97.0000,AG03-UNRESOLVED,ALL5_LEVELS_bet23_to_bet27,14.3005,14.3005,14.3005,19.0674,23.8342,3.000000,3.000000,3.000000,4.000000,5.000000,97.000000,97.000000,97.000000,96.000000,95.000000,5.0,85.8032,79.9124,390.8813,396.772,PENDING_AG03,FALSE,NOT_FOR_ENFORCEMENT,462.3839,7414.6071,476.6845,462.3839,14.3005,0.05761778,0.05588924,14.3005,462.3839,0.05588924,14.3005,14.3005,14.3005,19.0674,23.8342,462.3839,0.05588924,85.8032,79.9124,390.8813,396.772,0.04724658,0.04795861,0.00172853,17.9462,17.8180,1.1112,26.4825,2.1766,459.6232,23.8333,17.2501,18.3962,12.8103,13.088,25.8178,37.4785,41.6341,52.3013,12.9729,-2.5818,3.181092,3.996131,1.371201,29,107,17,5,0.37739520,0.05761778,0.04117365,0E-8,0.000000,0.923936,0.000000,0.02641182,2026-03-28,2026-08-02,18,219,178,128,0.140625,0.937699,0.961211,1.257984,,,,,,,,GLOBAL_BASELINE_NO_ENTITY_RANKING,,,NOT_APPLICABLE_GLOBAL_BASELINE,HF9g-P5,,,,X 全窗基线 · 不参与实体赏罚,8392515,840,A168_HF9F_20260827_0900,2026-08-27 09:00:00
2026-07-25,74209325,1330,0,38.7266671830,-38.7266671830,-38.7266671830,0E-7,1,1,0.50665070000000000,0.506650700000,-1.013391052207602,-1.013391052207602,-1.013391052207602,0E-17,ELIGIBLE,R03b_20260811_FULL_v1,L1_ELIGIBILITY,v2026-08-11,2026-03-21..2026-08-06,baccarat_bet02_101_all_pairs_incl_sentinel,round_win = game_pnl > 0 (decisive only),COMPATIBILITY_ONLY_NOT_PRODUCTION,8273.2185,7643.9249,476.6845,461,429,-0.05761778,-0.04117365,-0.06758547,-0.05761778,-476.6845,8273.2185,OK,0.0000,14.3005,3.0000,97.0000,AG03-UNRESOLVED,ALL5_LEVELS_bet23_to_bet27,14.3005,14.3005,14.3005,19.0674,23.8342,3.000000,3.000000,3.000000,4.000000,5.000000,97.000000,97.000000,97.000000,96.000000,95.000000,5.0,85.8032,79.9124,390.8813,396.772,PENDING_AG03,FALSE,NOT_FOR_ENFORCEMENT,462.3839,7414.6071,476.6845,462.3839,14.3005,0.05761778,0.05588924,14.3005,462.3839,0.05588924,14.3005,14.3005,14.3005,19.0674,23.8342,462.3839,0.05588924,85.8032,79.9124,390.8813,396.772,0.04724658,0.04795861,0.00172853,17.9462,17.8180,1.1112,26.4825,2.1766,459.6232,23.8333,17.2501,18.3962,12.8103,13.088,25.8178,37.4785,41.6341,52.3013,12.9729,-2.5818,3.181092,3.996131,1.371201,29,107,17,5,0.37739520,0.05761778,0.04117365,0E-8,0.000000,0.923936,0.000000,0.02641182,2026-03-28,2026-08-02,18,219,178,128,0.140625,0.937699,0.961211,1.257984,,,,,,,,GLOBAL_BASELINE_NO_ENTITY_RANKING,,,NOT_APPLICABLE_GLOBAL_BASELINE,HF9g-P5,,,,X 全窗基线 · 不参与实体赏罚,8392516,840,A168_HF9F_20260827_0900,2026-08-27 09:00:00
2026-07-25,74209325,1374,0,67.1262231172,-26.8504892469,-26.8504892469,0.3333333,3,3,0.50218230000000000,0.502182300000,-0.5849155494134425,-0.5849155494134426,-0.5849155494134425,0E-17,ELIGIBLE,R03b_20260811_FULL_v1,L1_ELIGIBILITY,v2026-08-11,2026-03-21..2026-08-06,baccarat_bet02_101_all_pairs_incl_sentinel,round_win = game_pnl > 0 (decisive only),COMPATIBILITY_ONLY_NOT_PRODUCTION,8273.2185,7643.9249,476.6845,461,429,-0.05761778,-0.04117365,-0.06758547,-0.05761778,-476.6845,8273.2185,OK,0.0000,14.3005,3.0000,97.0000,AG03-UNRESOLVED,ALL5_LEVELS_bet23_to_bet27,14.3005,14.3005,14.3005,19.0674,23.8342,3.000000,3.000000,3.000000,4.000000,5.000000,97.000000,97.000000,97.000000,96.000000,95.000000,5.0,85.8032,79.9124,390.8813,396.772,PENDING_AG03,FALSE,NOT_FOR_ENFORCEMENT,462.3839,7414.6071,476.6845,462.3839,14.3005,0.05761778,0.05588924,14.3005,462.3839,0.05588924,14.3005,14.3005,14.3005,19.0674,23.8342,462.3839,0.05588924,85.8032,79.9124,390.8813,396.772,0.04724658,0.04795861,0.00172853,17.9462,17.8180,1.1112,26.4825,2.1766,459.6232,23.8333,17.2501,18.3962,12.8103,13.088,25.8178,37.4785,41.6341,52.3013,12.9729,-2.5818,3.181092,3.996131,1.371201,29,107,17,5,0.37739520,0.05761778,0.04117365,0E-8,0.000000,0.923936,0.000000,0.02641182,2026-03-28,2026-08-02,18,219,178,128,0.140625,0.937699,0.961211,1.257984,,,,,,,,GLOBAL_BASELINE_NO_ENTITY_RANKING,,,NOT_APPLICABLE_GLOBAL_BASELINE,HF9g-P5,,,,X 全窗基线 · 不参与实体赏罚,8392517,840,A168_HF9F_20260827_0900,2026-08-27 09:00:00
2026-07-25,74209325,1507,0,18.0724446854,17.1688224511,17.1688224511,1.0000000,1,1,0.50665070000000000,0.506650700000,0.9867858985152569,0.9867858985152569,0.9867858985152569,0E-17,ELIGIBLE,R03b_20260811_FULL_v1,L1_ELIGIBILITY,v2026-08-11,2026-03-21..2026-08-06,baccarat_bet02_101_all_pairs_incl_sentinel,round_win = game_pnl > 0 (decisive only),COMPATIBILITY_ONLY_NOT_PRODUCTION,8273.2185,7643.9249,476.6845,461,429,-0.05761778,-0.04117365,-0.06758547,-0.05761778,-476.6845,8273.2185,OK,0.0000,14.3005,3.0000,97.0000,AG03-UNRESOLVED,ALL5_LEVELS_bet23_to_bet27,14.3005,14.3005,14.3005,19.0674,23.8342,3.000000,3.000000,3.000000,4.000000,5.000000,97.000000,97.000000,97.000000,96.000000,95.000000,5.0,85.8032,79.9124,390.8813,396.772,PENDING_AG03,FALSE,NOT_FOR_ENFORCEMENT,462.3839,7414.6071,476.6845,462.3839,14.3005,0.05761778,0.05588924,14.3005,462.3839,0.05588924,14.3005,14.3005,14.3005,19.0674,23.8342,462.3839,0.05588924,85.8032,79.9124,390.8813,396.772,0.04724658,0.04795861,0.00172853,17.9462,17.8180,1.1112,26.4825,2.1766,459.6232,23.8333,17.2501,18.3962,12.8103,13.088,25.8178,37.4785,41.6341,52.3013,12.9729,-2.5818,3.181092,3.996131,1.371201,29,107,17,5,0.37739520,0.05761778,0.04117365,0E-8,0.000000,0.923936,0.000000,0.02641182,2026-03-28,2026-08-02,18,219,178,128,0.140625,0.937699,0.961211,1.257984,,,,,,,,GLOBAL_BASELINE_NO_ENTITY_RANKING,,,NOT_APPLICABLE_GLOBAL_BASELINE,HF9g-P5,,,,X 全窗基线 · 不参与实体赏罚,8392518,840,A168_HF9F_20260827_0900,2026-08-27 09:00:00
2026-07-25,74209325,1646,0,51.6355562440,5.1635556244,5.1635556244,0.5000000,2,2,0.49324550000000000,0.493245500000,0.01910635448239258,0.01910635448239258,0.01910635448239258,0E-17,ELIGIBLE,R03b_20260811_FULL_v1,L1_ELIGIBILITY,v2026-08-11,2026-03-21..2026-08-06,baccarat_bet02_101_all_pairs_incl_sentinel,round_win = game_pnl > 0 (decisive only),COMPATIBILITY_ONLY_NOT_PRODUCTION,8273.2185,7643.9249,476.6845,461,429,-0.05761778,-0.04117365,-0.06758547,-0.05761778,-476.6845,8273.2185,OK,0.0000,14.3005,3.0000,97.0000,AG03-UNRESOLVED,ALL5_LEVELS_bet23_to_bet27,14.3005,14.3005,14.3005,19.0674,23.8342,3.000000,3.000000,3.000000,4.000000,5.000000,97.000000,97.000000,97.000000,96.000000,95.000000,5.0,85.8032,79.9124,390.8813,396.772,PENDING_AG03,FALSE,NOT_FOR_ENFORCEMENT,462.3839,7414.6071,476.6845,462.3839,14.3005,0.05761778,0.05588924,14.3005,462.3839,0.05588924,14.3005,14.3005,14.3005,19.0674,23.8342,462.3839,0.05588924,85.8032,79.9124,390.8813,396.772,0.04724658,0.04795861,0.00172853,17.9462,17.8180,1.1112,26.4825,2.1766,459.6232,23.8333,17.2501,18.3962,12.8103,13.088,25.8178,37.4785,41.6341,52.3013,12.9729,-2.5818,3.181092,3.996131,1.371201,29,107,17,5,0.37739520,0.05761778,0.04117365,0E-8,0.000000,0.923936,0.000000,0.02641182,2026-03-28,2026-08-02,18,219,178,128,0.140625,0.937699,0.961211,1.257984,,,,,,,,GLOBAL_BASELINE_NO_ENTITY_RANKING,,,NOT_APPLICABLE_GLOBAL_BASELINE,HF9g-P5,,,,X 全窗基线 · 不参与实体赏罚,8392519,840,A168_HF9F_20260827_0900,2026-08-27 09:00:00
2026-07-25,74209325,1710,0,118.7617793612,-36.1448893708,-36.1448893708,0.5000000,6,4,0.48912274375000000,0.426838941667,0.04351932417056149,0.29582823320325574,0.04351932417056149,0.06228380208300000,ELIGIBLE,R03b_20260811_FULL_v1,L1_ELIGIBILITY,v2026-08-11,2026-03-21..2026-08-06,baccarat_bet02_101_all_pairs_incl_sentinel,round_win = game_pnl > 0 (decisive only),COMPATIBILITY_ONLY_NOT_PRODUCTION,8273.2185,7643.9249,476.6845,461,429,-0.05761778,-0.04117365,-0.06758547,-0.05761778,-476.6845,8273.2185,OK,0.0000,14.3005,3.0000,97.0000,AG03-UNRESOLVED,ALL5_LEVELS_bet23_to_bet27,14.3005,14.3005,14.3005,19.0674,23.8342,3.000000,3.000000,3.000000,4.000000,5.000000,97.000000,97.000000,97.000000,96.000000,95.000000,5.0,85.8032,79.9124,390.8813,396.772,PENDING_AG03,FALSE,NOT_FOR_ENFORCEMENT,462.3839,7414.6071,476.6845,462.3839,14.3005,0.05761778,0.05588924,14.3005,462.3839,0.05588924,14.3005,14.3005,14.3005,19.0674,23.8342,462.3839,0.05588924,85.8032,79.9124,390.8813,396.772,0.04724658,0.04795861,0.00172853,17.9462,17.8180,1.1112,26.4825,2.1766,459.6232,23.8333,17.2501,18.3962,12.8103,13.088,25.8178,37.4785,41.6341,52.3013,12.9729,-2.5818,3.181092,3.996131,1.371201,29,107,17,5,0.37739520,0.05761778,0.04117365,0E-8,0.000000,0.923936,0.000000,0.02641182,2026-03-28,2026-08-02,18,219,178,128,0.140625,0.937699,0.961211,1.257984,,,,,,,,GLOBAL_BASELINE_NO_ENTITY_RANKING,,,NOT_APPLICABLE_GLOBAL_BASELINE,HF9g-P5,,,,X 全窗基线 · 不参与实体赏罚,8392520,840,A168_HF9F_20260827_0900,2026-08-27 09:00:00
2026-07-25,74209325,2093,0,49.0537784318,46.6010895102,46.6010895102,1.0000000,2,2,0.50665070000000000,0.506650700000,1.3955260008387969,1.3955260008387969,1.3955260008387969,0E-17,ELIGIBLE,R03b_20260811_FULL_v1,L1_ELIGIBILITY,v2026-08-11,2026-03-21..2026-08-06,baccarat_bet02_101_all_pairs_incl_sentinel,round_win = game_pnl > 0 (decisive only),COMPATIBILITY_ONLY_NOT_PRODUCTION,8273.2185,7643.9249,476.6845,461,429,-0.05761778,-0.04117365,-0.06758547,-0.05761778,-476.6845,8273.2185,OK,0.0000,14.3005,3.0000,97.0000,AG03-UNRESOLVED,ALL5_LEVELS_bet23_to_bet27,14.3005,14.3005,14.3005,19.0674,23.8342,3.000000,3.000000,3.000000,4.000000,5.000000,97.000000,97.000000,97.000000,96.000000,95.000000,5.0,85.8032,79.9124,390.8813,396.772,PENDING_AG03,FALSE,NOT_FOR_ENFORCEMENT,462.3839,7414.6071,476.6845,462.3839,14.3005,0.05761778,0.05588924,14.3005,462.3839,0.05588924,14.3005,14.3005,14.3005,19.0674,23.8342,462.3839,0.05588924,85.8032,79.9124,390.8813,396.772,0.04724658,0.04795861,0.00172853,17.9462,17.8180,1.1112,26.4825,2.1766,459.6232,23.8333,17.2501,18.3962,12.8103,13.088,25.8178,37.4785,41.6341,52.3013,12.9729,-2.5818,3.181092,3.996131,1.371201,29,107,17,5,0.37739520,0.05761778,0.04117365,0E-8,0.000000,0.923936,0.000000,0.02641182,2026-03-28,2026-08-02,18,219,178,128,0.140625,0.937699,0.961211,1.257984,,,,,,,,GLOBAL_BASELINE_NO_ENTITY_RANKING,,,NOT_APPLICABLE_GLOBAL_BASELINE,HF9g-P5,,,,X 全窗基线 · 不参与实体赏罚,8392521,840,A168_HF9F_20260827_0900,2026-08-27 09:00:00
2026-07-25,74209325,2117,0,46.4720006196,20.6542224976,20.6542224976,1.0000000,2,2,0.49324550000000000,0.493245500000,1.01360149184955,1.01360149184955,1.01360149184955,0E-17,ELIGIBLE,R03b_20260811_FULL_v1,L1_ELIGIBILITY,v2026-08-11,2026-03-21..2026-08-06,baccarat_bet02_101_all_pairs_incl_sentinel,round_win = game_pnl > 0 (decisive only),COMPATIBILITY_ONLY_NOT_PRODUCTION,8273.2185,7643.9249,476.6845,461,429,-0.05761778,-0.04117365,-0.06758547,-0.05761778,-476.6845,8273.2185,OK,0.0000,14.3005,3.0000,97.0000,AG03-UNRESOLVED,ALL5_LEVELS_bet23_to_bet27,14.3005,14.3005,14.3005,19.0674,23.8342,3.000000,3.000000,3.000000,4.000000,5.000000,97.000000,97.000000,97.000000,96.000000,95.000000,5.0,85.8032,79.9124,390.8813,396.772,PENDING_AG03,FALSE,NOT_FOR_ENFORCEMENT,462.3839,7414.6071,476.6845,462.3839,14.3005,0.05761778,0.05588924,14.3005,462.3839,0.05588924,14.3005,14.3005,14.3005,19.0674,23.8342,462.3839,0.05588924,85.8032,79.9124,390.8813,396.772,0.04724658,0.04795861,0.00172853,17.9462,17.8180,1.1112,26.4825,2.1766,459.6232,23.8333,17.2501,18.3962,12.8103,13.088,25.8178,37.4785,41.6341,52.3013,12.9729,-2.5818,3.181092,3.996131,1.371201,29,107,17,5,0.37739520,0.05761778,0.04117365,0E-8,0.000000,0.923936,0.000000,0.02641182,2026-03-28,2026-08-02,18,219,178,128,0.140625,0.937699,0.961211,1.257984,,,,,,,,GLOBAL_BASELINE_NO_ENTITY_RANKING,,,NOT_APPLICABLE_GLOBAL_BASELINE,HF9g-P5,,,,X 全窗基线 · 不参与实体赏罚,8392522,840,A168_HF9F_20260827_0900,2026-08-27 09:00:00
2026-07-25,74209325,2130,0,95.5257790514,58.7354452276,58.7354452276,0.8000000,5,5,0.49860758000000000,0.498607580000,1.3478731046594083,1.3478731046594083,1.3478731046594083,0E-17,ELIGIBLE,R03b_20260811_FULL_v1,L1_ELIGIBILITY,v2026-08-11,2026-03-21..2026-08-06,baccarat_bet02_101_all_pairs_incl_sentinel,round_win = game_pnl > 0 (decisive only),COMPATIBILITY_ONLY_NOT_PRODUCTION,8273.2185,7643.9249,476.6845,461,429,-0.05761778,-0.04117365,-0.06758547,-0.05761778,-476.6845,8273.2185,OK,0.0000,14.3005,3.0000,97.0000,AG03-UNRESOLVED,ALL5_LEVELS_bet23_to_bet27,14.3005,14.3005,14.3005,19.0674,23.8342,3.000000,3.000000,3.000000,4.000000,5.000000,97.000000,97.000000,97.000000,96.000000,95.000000,5.0,85.8032,79.9124,390.8813,396.772,PENDING_AG03,FALSE,NOT_FOR_ENFORCEMENT,462.3839,7414.6071,476.6845,462.3839,14.3005,0.05761778,0.05588924,14.3005,462.3839,0.05588924,14.3005,14.3005,14.3005,19.0674,23.8342,462.3839,0.05588924,85.8032,79.9124,390.8813,396.772,0.04724658,0.04795861,0.00172853,17.9462,17.8180,1.1112,26.4825,2.1766,459.6232,23.8333,17.2501,18.3962,12.8103,13.088,25.8178,37.4785,41.6341,52.3013,12.9729,-2.5818,3.181092,3.996131,1.371201,29,107,17,5,0.37739520,0.05761778,0.04117365,0E-8,0.000000,0.923936,0.000000,0.02641182,2026-03-28,2026-08-02,18,219,178,128,0.140625,0.937699,0.961211,1.257984,,,,,,,,GLOBAL_BASELINE_NO_ENTITY_RANKING,,,NOT_APPLICABLE_GLOBAL_BASELINE,HF9g-P5,,,,X 全窗基线 · 不参与实体赏罚,8392523,840,A168_HF9F_20260827_0900,2026-08-27 09:00:00
2026-07-25,74209325,2141,0,49.0537784318,-49.0537784318,-49.0537784318,0E-7,4,2,0.47579696071428572,0.362666583334,-1.3473364599726394,-1.0668059352561143,-1.3473364599726394,0.11313037738028572,ELIGIBLE,R03b_20260811_FULL_v1,L1_ELIGIBILITY,v2026-08-11,2026-03-21..2026-08-06,baccarat_bet02_101_all_pairs_incl_sentinel,round_win = game_pnl > 0 (decisive only),COMPATIBILITY_ONLY_NOT_PRODUCTION,8273.2185,7643.9249,476.6845,461,429,-0.05761778,-0.04117365,-0.06758547,-0.05761778,-476.6845,8273.2185,OK,0.0000,14.3005,3.0000,97.0000,AG03-UNRESOLVED,ALL5_LEVELS_bet23_to_bet27,14.3005,14.3005,14.3005,19.0674,23.8342,3.000000,3.000000,3.000000,4.000000,5.000000,97.000000,97.000000,97.000000,96.000000,95.000000,5.0,85.8032,79.9124,390.8813,396.772,PENDING_AG03,FALSE,NOT_FOR_ENFORCEMENT,462.3839,7414.6071,476.6845,462.3839,14.3005,0.05761778,0.05588924,14.3005,462.3839,0.05588924,14.3005,14.3005,14.3005,19.0674,23.8342,462.3839,0.05588924,85.8032,79.9124,390.8813,396.772,0.04724658,0.04795861,0.00172853,17.9462,17.8180,1.1112,26.4825,2.1766,459.6232,23.8333,17.2501,18.3962,12.8103,13.088,25.8178,37.4785,41.6341,52.3013,12.9729,-2.5818,3.181092,3.996131,1.371201,29,107,17,5,0.37739520,0.05761778,0.04117365,0E-8,0.000000,0.923936,0.000000,0.02641182,2026-03-28,2026-08-02,18,219,178,128,0.140625,0.937699,0.961211,1.257984,,,,,,,,GLOBAL_BASELINE_NO_ENTITY_RANKING,,,NOT_APPLICABLE_GLOBAL_BASELINE,HF9g-P5,,,,X 全窗基线 · 不参与实体赏罚,8392524,840,A168_HF9F_20260827_0900,2026-08-27 09:00:00
2026-07-25,74209325,2147,0,116.9545348927,-58.6063563369,-58.6063563369,0.5000000,4,4,0.49659680000000000,0.496596800000,0.013613115331600182,0.013613115331600183,0.013613115331600182,0E-17,ELIGIBLE,R03b_20260811_FULL_v1,L1_ELIGIBILITY,v2026-08-11,2026-03-21..2026-08-06,baccarat_bet02_101_all_pairs_incl_sentinel,round_win = game_pnl > 0 (decisive only),COMPATIBILITY_ONLY_NOT_PRODUCTION,8273.2185,7643.9249,476.6845,461,429,-0.05761778,-0.04117365,-0.06758547,-0.05761778,-476.6845,8273.2185,OK,0.0000,14.3005,3.0000,97.0000,AG03-UNRESOLVED,ALL5_LEVELS_bet23_to_bet27,14.3005,14.3005,14.3005,19.0674,23.8342,3.000000,3.000000,3.000000,4.000000,5.000000,97.000000,97.000000,97.000000,96.000000,95.000000,5.0,85.8032,79.9124,390.8813,396.772,PENDING_AG03,FALSE,NOT_FOR_ENFORCEMENT,462.3839,7414.6071,476.6845,462.3839,14.3005,0.05761778,0.05588924,14.3005,462.3839,0.05588924,14.3005,14.3005,14.3005,19.0674,23.8342,462.3839,0.05588924,85.8032,79.9124,390.8813,396.772,0.04724658,0.04795861,0.00172853,17.9462,17.8180,1.1112,26.4825,2.1766,459.6232,23.8333,17.2501,18.3962,12.8103,13.088,25.8178,37.4785,41.6341,52.3013,12.9729,-2.5818,3.181092,3.996131,1.371201,29,107,17,5,0.37739520,0.05761778,0.04117365,0E-8,0.000000,0.923936,0.000000,0.02641182,2026-03-28,2026-08-02,18,219,178,128,0.140625,0.937699,0.961211,1.257984,,,,,,,,GLOBAL_BASELINE_NO_ENTITY_RANKING,,,NOT_APPLICABLE_GLOBAL_BASELINE,HF9g-P5,,,,X 全窗基线 · 不参与实体赏罚,8392525,840,A168_HF9F_20260827_0900,2026-08-27 09:00:00
2026-07-25,74209325,2153,0,30.9813337464,-30.9813337464,-30.9813337464,0E-7,2,2,0.49994810000000000,0.499948100000,-1.4140667746232096,-1.4140667746232096,-1.4140667746232096,0E-17,ELIGIBLE,R03b_20260811_FULL_v1,L1_ELIGIBILITY,v2026-08-11,2026-03-21..2026-08-06,baccarat_bet02_101_all_pairs_incl_sentinel,round_win = game_pnl > 0 (decisive only),COMPATIBILITY_ONLY_NOT_PRODUCTION,8273.2185,7643.9249,476.6845,461,429,-0.05761778,-0.04117365,-0.06758547,-0.05761778,-476.6845,8273.2185,OK,0.0000,14.3005,3.0000,97.0000,AG03-UNRESOLVED,ALL5_LEVELS_bet23_to_bet27,14.3005,14.3005,14.3005,19.0674,23.8342,3.000000,3.000000,3.000000,4.000000,5.000000,97.000000,97.000000,97.000000,96.000000,95.000000,5.0,85.8032,79.9124,390.8813,396.772,PENDING_AG03,FALSE,NOT_FOR_ENFORCEMENT,462.3839,7414.6071,476.6845,462.3839,14.3005,0.05761778,0.05588924,14.3005,462.3839,0.05588924,14.3005,14.3005,14.3005,19.0674,23.8342,462.3839,0.05588924,85.8032,79.9124,390.8813,396.772,0.04724658,0.04795861,0.00172853,17.9462,17.8180,1.1112,26.4825,2.1766,459.6232,23.8333,17.2501,18.3962,12.8103,13.088,25.8178,37.4785,41.6341,52.3013,12.9729,-2.5818,3.181092,3.996131,1.371201,29,107,17,5,0.37739520,0.05761778,0.04117365,0E-8,0.000000,0.923936,0.000000,0.02641182,2026-03-28,2026-08-02,18,219,178,128,0.140625,0.937699,0.961211,1.257984,,,,,,,,GLOBAL_BASELINE_NO_ENTITY_RANKING,,,NOT_APPLICABLE_GLOBAL_BASELINE,HF9g-P5,,,,X 全窗基线 · 不参与实体赏罚,8392526,840,A168_HF9F_20260827_0900,2026-08-27 09:00:00
2026-07-25,74209325,2156,0,71.7734231792,-45.9556450572,-45.9556450572,0.3333333,3,3,0.49324550000000000,0.493245500000,-0.5540025479526107,-0.5540025479526106,-0.5540025479526107,0E-17,ELIGIBLE,R03b_20260811_FULL_v1,L1_ELIGIBILITY,v2026-08-11,2026-03-21..2026-08-06,baccarat_bet02_101_all_pairs_incl_sentinel,round_win = game_pnl > 0 (decisive only),COMPATIBILITY_ONLY_NOT_PRODUCTION,8273.2185,7643.9249,476.6845,461,429,-0.05761778,-0.04117365,-0.06758547,-0.05761778,-476.6845,8273.2185,OK,0.0000,14.3005,3.0000,97.0000,AG03-UNRESOLVED,ALL5_LEVELS_bet23_to_bet27,14.3005,14.3005,14.3005,19.0674,23.8342,3.000000,3.000000,3.000000,4.000000,5.000000,97.000000,97.000000,97.000000,96.000000,95.000000,5.0,85.8032,79.9124,390.8813,396.772,PENDING_AG03,FALSE,NOT_FOR_ENFORCEMENT,462.3839,7414.6071,476.6845,462.3839,14.3005,0.05761778,0.05588924,14.3005,462.3839,0.05588924,14.3005,14.3005,14.3005,19.0674,23.8342,462.3839,0.05588924,85.8032,79.9124,390.8813,396.772,0.04724658,0.04795861,0.00172853,17.9462,17.8180,1.1112,26.4825,2.1766,459.6232,23.8333,17.2501,18.3962,12.8103,13.088,25.8178,37.4785,41.6341,52.3013,12.9729,-2.5818,3.181092,3.996131,1.371201,29,107,17,5,0.37739520,0.05761778,0.04117365,0E-8,0.000000,0.923936,0.000000,0.02641182,2026-03-28,2026-08-02,18,219,178,128,0.140625,0.937699,0.961211,1.257984,,,,,,,,GLOBAL_BASELINE_NO_ENTITY_RANKING,,,NOT_APPLICABLE_GLOBAL_BASELINE,HF9g-P5,,,,X 全窗基线 · 不参与实体赏罚,8392527,840,A168_HF9F_20260827_0900,2026-08-27 09:00:00
2026-07-25,74209325,2160,0,18.0724446854,-18.0724446854,-18.0724446854,0E-7,1,1,0.50665070000000000,0.506650700000,-1.013391052207602,-1.013391052207602,-1.013391052207602,0E-17,ELIGIBLE,R03b_20260811_FULL_v1,L1_ELIGIBILITY,v2026-08-11,2026-03-21..2026-08-06,baccarat_bet02_101_all_pairs_incl_sentinel,round_win = game_pnl > 0 (decisive only),COMPATIBILITY_ONLY_NOT_PRODUCTION,8273.2185,7643.9249,476.6845,461,429,-0.05761778,-0.04117365,-0.06758547,-0.05761778,-476.6845,8273.2185,OK,0.0000,14.3005,3.0000,97.0000,AG03-UNRESOLVED,ALL5_LEVELS_bet23_to_bet27,14.3005,14.3005,14.3005,19.0674,23.8342,3.000000,3.000000,3.000000,4.000000,5.000000,97.000000,97.000000,97.000000,96.000000,95.000000,5.0,85.8032,79.9124,390.8813,396.772,PENDING_AG03,FALSE,NOT_FOR_ENFORCEMENT,462.3839,7414.6071,476.6845,462.3839,14.3005,0.05761778,0.05588924,14.3005,462.3839,0.05588924,14.3005,14.3005,14.3005,19.0674,23.8342,462.3839,0.05588924,85.8032,79.9124,390.8813,396.772,0.04724658,0.04795861,0.00172853,17.9462,17.8180,1.1112,26.4825,2.1766,459.6232,23.8333,17.2501,18.3962,12.8103,13.088,25.8178,37.4785,41.6341,52.3013,12.9729,-2.5818,3.181092,3.996131,1.371201,29,107,17,5,0.37739520,0.05761778,0.04117365,0E-8,0.000000,0.923936,0.000000,0.02641182,2026-03-28,2026-08-02,18,219,178,128,0.140625,0.937699,0.961211,1.257984,,,,,,,,GLOBAL_BASELINE_NO_ENTITY_RANKING,,,NOT_APPLICABLE_GLOBAL_BASELINE,HF9g-P5,,,,X 全窗基线 · 不参与实体赏罚,8392528,840,A168_HF9F_20260827_0900,2026-08-27 09:00:00
2026-07-25,74209325,2174,0,38.7266671830,-13.5543335140,-13.5543335140,0.5000000,2,2,0.49994810000000000,0.499948100000,0.00014679536856514622,0.00014679536856514622,0.00014679536856514622,0E-17,ELIGIBLE,R03b_20260811_FULL_v1,L1_ELIGIBILITY,v2026-08-11,2026-03-21..2026-08-06,baccarat_bet02_101_all_pairs_incl_sentinel,round_win = game_pnl > 0 (decisive only),COMPATIBILITY_ONLY_NOT_PRODUCTION,8273.2185,7643.9249,476.6845,461,429,-0.05761778,-0.04117365,-0.06758547,-0.05761778,-476.6845,8273.2185,OK,0.0000,14.3005,3.0000,97.0000,AG03-UNRESOLVED,ALL5_LEVELS_bet23_to_bet27,14.3005,14.3005,14.3005,19.0674,23.8342,3.000000,3.000000,3.000000,4.000000,5.000000,97.000000,97.000000,97.000000,96.000000,95.000000,5.0,85.8032,79.9124,390.8813,396.772,PENDING_AG03,FALSE,NOT_FOR_ENFORCEMENT,462.3839,7414.6071,476.6845,462.3839,14.3005,0.05761778,0.05588924,14.3005,462.3839,0.05588924,14.3005,14.3005,14.3005,19.0674,23.8342,462.3839,0.05588924,85.8032,79.9124,390.8813,396.772,0.04724658,0.04795861,0.00172853,17.9462,17.8180,1.1112,26.4825,2.1766,459.6232,23.8333,17.2501,18.3962,12.8103,13.088,25.8178,37.4785,41.6341,52.3013,12.9729,-2.5818,3.181092,3.996131,1.371201,29,107,17,5,0.37739520,0.05761778,0.04117365,0E-8,0.000000,0.923936,0.000000,0.02641182,2026-03-28,2026-08-02,18,219,178,128,0.140625,0.937699,0.961211,1.257984,,,,,,,,GLOBAL_BASELINE_NO_ENTITY_RANKING,,,NOT_APPLICABLE_GLOBAL_BASELINE,HF9g-P5,,,,X 全窗基线 · 不参与实体赏罚,8392529,840,A168_HF9F_20260827_0900,2026-08-27 09:00:00
2026-07-25,74209325,2212,0,108.4346681124,43.8902228074,43.8902228074,0.6000000,6,6,0.49771390000000000,0.497713900000,0.4574421269484404,0.45744212694844033,0.4574421269484404,0E-17,ELIGIBLE,R03b_20260811_FULL_v1,L1_ELIGIBILITY,v2026-08-11,2026-03-21..2026-08-06,baccarat_bet02_101_all_pairs_incl_sentinel,round_win = game_pnl > 0 (decisive only),COMPATIBILITY_ONLY_NOT_PRODUCTION,8273.2185,7643.9249,476.6845,461,429,-0.05761778,-0.04117365,-0.06758547,-0.05761778,-476.6845,8273.2185,OK,0.0000,14.3005,3.0000,97.0000,AG03-UNRESOLVED,ALL5_LEVELS_bet23_to_bet27,14.3005,14.3005,14.3005,19.0674,23.8342,3.000000,3.000000,3.000000,4.000000,5.000000,97.000000,97.000000,97.000000,96.000000,95.000000,5.0,85.8032,79.9124,390.8813,396.772,PENDING_AG03,FALSE,NOT_FOR_ENFORCEMENT,462.3839,7414.6071,476.6845,462.3839,14.3005,0.05761778,0.05588924,14.3005,462.3839,0.05588924,14.3005,14.3005,14.3005,19.0674,23.8342,462.3839,0.05588924,85.8032,79.9124,390.8813,396.772,0.04724658,0.04795861,0.00172853,17.9462,17.8180,1.1112,26.4825,2.1766,459.6232,23.8333,17.2501,18.3962,12.8103,13.088,25.8178,37.4785,41.6341,52.3013,12.9729,-2.5818,3.181092,3.996131,1.371201,29,107,17,5,0.37739520,0.05761778,0.04117365,0E-8,0.000000,0.923936,0.000000,0.02641182,2026-03-28,2026-08-02,18,219,178,128,0.140625,0.937699,0.961211,1.257984,,,,,,,,GLOBAL_BASELINE_NO_ENTITY_RANKING,,,NOT_APPLICABLE_GLOBAL_BASELINE,HF9g-P5,,,,X 全窗基线 · 不参与实体赏罚,8392530,840,A168_HF9F_20260827_0900,2026-08-27 09:00:00
2026-07-25,74209325,2220,0,25.8177781220,-25.8177781220,-25.8177781220,0E-7,1,1,0.50665070000000000,0.506650700000,-1.013391052207602,-1.013391052207602,-1.013391052207602,0E-17,ELIGIBLE,R03b_20260811_FULL_v1,L1_ELIGIBILITY,v2026-08-11,2026-03-21..2026-08-06,baccarat_bet02_101_all_pairs_incl_sentinel,round_win = game_pnl > 0 (decisive only),COMPATIBILITY_ONLY_NOT_PRODUCTION,8273.2185,7643.9249,476.6845,461,429,-0.05761778,-0.04117365,-0.06758547,-0.05761778,-476.6845,8273.2185,OK,0.0000,14.3005,3.0000,97.0000,AG03-UNRESOLVED,ALL5_LEVELS_bet23_to_bet27,14.3005,14.3005,14.3005,19.0674,23.8342,3.000000,3.000000,3.000000,4.000000,5.000000,97.000000,97.000000,97.000000,96.000000,95.000000,5.0,85.8032,79.9124,390.8813,396.772,PENDING_AG03,FALSE,NOT_FOR_ENFORCEMENT,462.3839,7414.6071,476.6845,462.3839,14.3005,0.05761778,0.05588924,14.3005,462.3839,0.05588924,14.3005,14.3005,14.3005,19.0674,23.8342,462.3839,0.05588924,85.8032,79.9124,390.8813,396.772,0.04724658,0.04795861,0.00172853,17.9462,17.8180,1.1112,26.4825,2.1766,459.6232,23.8333,17.2501,18.3962,12.8103,13.088,25.8178,37.4785,41.6341,52.3013,12.9729,-2.5818,3.181092,3.996131,1.371201,29,107,17,5,0.37739520,0.05761778,0.04117365,0E-8,0.000000,0.923936,0.000000,0.02641182,2026-03-28,2026-08-02,18,219,178,128,0.140625,0.937699,0.961211,1.257984,,,,,,,,GLOBAL_BASELINE_NO_ENTITY_RANKING,,,NOT_APPLICABLE_GLOBAL_BASELINE,HF9g-P5,,,,X 全窗基线 · 不参与实体赏罚,8392531,840,A168_HF9F_20260827_0900,2026-08-27 09:00:00
2026-07-25,74209325,2224,0,25.8177781220,-12.9088890610,-12.9088890610,0E-7,2,2,0.49324550000000000,0.493245500000,-0.9865810262130424,-0.9865810262130424,-0.9865810262130424,0E-17,ELIGIBLE,R03b_20260811_FULL_v1,L1_ELIGIBILITY,v2026-08-11,2026-03-21..2026-08-06,baccarat_bet02_101_all_pairs_incl_sentinel,round_win = game_pnl > 0 (decisive only),COMPATIBILITY_ONLY_NOT_PRODUCTION,8273.2185,7643.9249,476.6845,461,429,-0.05761778,-0.04117365,-0.06758547,-0.05761778,-476.6845,8273.2185,OK,0.0000,14.3005,3.0000,97.0000,AG03-UNRESOLVED,ALL5_LEVELS_bet23_to_bet27,14.3005,14.3005,14.3005,19.0674,23.8342,3.000000,3.000000,3.000000,4.000000,5.000000,97.000000,97.000000,97.000000,96.000000,95.000000,5.0,85.8032,79.9124,390.8813,396.772,PENDING_AG03,FALSE,NOT_FOR_ENFORCEMENT,462.3839,7414.6071,476.6845,462.3839,14.3005,0.05761778,0.05588924,14.3005,462.3839,0.05588924,14.3005,14.3005,14.3005,19.0674,23.8342,462.3839,0.05588924,85.8032,79.9124,390.8813,396.772,0.04724658,0.04795861,0.00172853,17.9462,17.8180,1.1112,26.4825,2.1766,459.6232,23.8333,17.2501,18.3962,12.8103,13.088,25.8178,37.4785,41.6341,52.3013,12.9729,-2.5818,3.181092,3.996131,1.371201,29,107,17,5,0.37739520,0.05761778,0.04117365,0E-8,0.000000,0.923936,0.000000,0.02641182,2026-03-28,2026-08-02,18,219,178,128,0.140625,0.937699,0.961211,1.257984,,,,,,,,GLOBAL_BASELINE_NO_ENTITY_RANKING,,,NOT_APPLICABLE_GLOBAL_BASELINE,HF9g-P5,,,,X 全窗基线 · 不参与实体赏罚,8392532,840,A168_HF9F_20260827_0900,2026-08-27 09:00:00
2026-07-25,74209325,2242,0,87.7804456148,-27.3668448093,-27.3668448093,0.6666667,5,3,0.49356123484848485,0.410661288889,0.5997045327493543,0.9013331585967121,0.5997045327493543,0.08289994595948485,ELIGIBLE,R03b_20260811_FULL_v1,L1_ELIGIBILITY,v2026-08-11,2026-03-21..2026-08-06,baccarat_bet02_101_all_pairs_incl_sentinel,round_win = game_pnl > 0 (decisive only),COMPATIBILITY_ONLY_NOT_PRODUCTION,8273.2185,7643.9249,476.6845,461,429,-0.05761778,-0.04117365,-0.06758547,-0.05761778,-476.6845,8273.2185,OK,0.0000,14.3005,3.0000,97.0000,AG03-UNRESOLVED,ALL5_LEVELS_bet23_to_bet27,14.3005,14.3005,14.3005,19.0674,23.8342,3.000000,3.000000,3.000000,4.000000,5.000000,97.000000,97.000000,97.000000,96.000000,95.000000,5.0,85.8032,79.9124,390.8813,396.772,PENDING_AG03,FALSE,NOT_FOR_ENFORCEMENT,462.3839,7414.6071,476.6845,462.3839,14.3005,0.05761778,0.05588924,14.3005,462.3839,0.05588924,14.3005,14.3005,14.3005,19.0674,23.8342,462.3839,0.05588924,85.8032,79.9124,390.8813,396.772,0.04724658,0.04795861,0.00172853,17.9462,17.8180,1.1112,26.4825,2.1766,459.6232,23.8333,17.2501,18.3962,12.8103,13.088,25.8178,37.4785,41.6341,52.3013,12.9729,-2.5818,3.181092,3.996131,1.371201,29,107,17,5,0.37739520,0.05761778,0.04117365,0E-8,0.000000,0.923936,0.000000,0.02641182,2026-03-28,2026-08-02,18,219,178,128,0.140625,0.937699,0.961211,1.257984,,,,,,,,GLOBAL_BASELINE_NO_ENTITY_RANKING,,,NOT_APPLICABLE_GLOBAL_BASELINE,HF9g-P5,,,,X 全窗基线 · 不参与实体赏罚,8392533,840,A168_HF9F_20260827_0900,2026-08-27 09:00:00
2026-07-25,74209325,2246,0,56.7991118684,-56.7991118684,-56.7991118684,0E-7,3,3,0.50665070000000000,0.506650700000,-1.7552447903592512,-1.7552447903592512,-1.7552447903592512,0E-17,ELIGIBLE,R03b_20260811_FULL_v1,L1_ELIGIBILITY,v2026-08-11,2026-03-21..2026-08-06,baccarat_bet02_101_all_pairs_incl_sentinel,round_win = game_pnl > 0 (decisive only),COMPATIBILITY_ONLY_NOT_PRODUCTION,8273.2185,7643.9249,476.6845,461,429,-0.05761778,-0.04117365,-0.06758547,-0.05761778,-476.6845,8273.2185,OK,0.0000,14.3005,3.0000,97.0000,AG03-UNRESOLVED,ALL5_LEVELS_bet23_to_bet27,14.3005,14.3005,14.3005,19.0674,23.8342,3.000000,3.000000,3.000000,4.000000,5.000000,97.000000,97.000000,97.000000,96.000000,95.000000,5.0,85.8032,79.9124,390.8813,396.772,PENDING_AG03,FALSE,NOT_FOR_ENFORCEMENT,462.3839,7414.6071,476.6845,462.3839,14.3005,0.05761778,0.05588924,14.3005,462.3839,0.05588924,14.3005,14.3005,14.3005,19.0674,23.8342,462.3839,0.05588924,85.8032,79.9124,390.8813,396.772,0.04724658,0.04795861,0.00172853,17.9462,17.8180,1.1112,26.4825,2.1766,459.6232,23.8333,17.2501,18.3962,12.8103,13.088,25.8178,37.4785,41.6341,52.3013,12.9729,-2.5818,3.181092,3.996131,1.371201,29,107,17,5,0.37739520,0.05761778,0.04117365,0E-8,0.000000,0.923936,0.000000,0.02641182,2026-03-28,2026-08-02,18,219,178,128,0.140625,0.937699,0.961211,1.257984,,,,,,,,GLOBAL_BASELINE_NO_ENTITY_RANKING,,,NOT_APPLICABLE_GLOBAL_BASELINE,HF9g-P5,,,,X 全窗基线 · 不参与实体赏罚,8392534,840,A168_HF9F_20260827_0900,2026-08-27 09:00:00
2026-07-25,74209325,2251,0,36.1448893708,5.1635556244,5.1635556244,0.5000000,2,2,0.49324550000000000,0.493245500000,0.01910635448239258,0.01910635448239258,0.01910635448239258,0E-17,ELIGIBLE,R03b_20260811_FULL_v1,L1_ELIGIBILITY,v2026-08-11,2026-03-21..2026-08-06,baccarat_bet02_101_all_pairs_incl_sentinel,round_win = game_pnl > 0 (decisive only),COMPATIBILITY_ONLY_NOT_PRODUCTION,8273.2185,7643.9249,476.6845,461,429,-0.05761778,-0.04117365,-0.06758547,-0.05761778,-476.6845,8273.2185,OK,0.0000,14.3005,3.0000,97.0000,AG03-UNRESOLVED,ALL5_LEVELS_bet23_to_bet27,14.3005,14.3005,14.3005,19.0674,23.8342,3.000000,3.000000,3.000000,4.000000,5.000000,97.000000,97.000000,97.000000,96.000000,95.000000,5.0,85.8032,79.9124,390.8813,396.772,PENDING_AG03,FALSE,NOT_FOR_ENFORCEMENT,462.3839,7414.6071,476.6845,462.3839,14.3005,0.05761778,0.05588924,14.3005,462.3839,0.05588924,14.3005,14.3005,14.3005,19.0674,23.8342,462.3839,0.05588924,85.8032,79.9124,390.8813,396.772,0.04724658,0.04795861,0.00172853,17.9462,17.8180,1.1112,26.4825,2.1766,459.6232,23.8333,17.2501,18.3962,12.8103,13.088,25.8178,37.4785,41.6341,52.3013,12.9729,-2.5818,3.181092,3.996131,1.371201,29,107,17,5,0.37739520,0.05761778,0.04117365,0E-8,0.000000,0.923936,0.000000,0.02641182,2026-03-28,2026-08-02,18,219,178,128,0.140625,0.937699,0.961211,1.257984,,,,,,,,GLOBAL_BASELINE_NO_ENTITY_RANKING,,,NOT_APPLICABLE_GLOBAL_BASELINE,HF9g-P5,,,,X 全窗基线 · 不参与实体赏罚,8392535,840,A168_HF9F_20260827_0900,2026-08-27 09:00:00
2026-07-25,74209325,2252,0,141.9977796710,35.4994449178,35.4994449178,0.5000000,6,6,0.49994810000000000,0.499948100000,0.00025425703667063243,0.00025425703667063243,0.00025425703667063243,0E-17,ELIGIBLE,R03b_20260811_FULL_v1,L1_ELIGIBILITY,v2026-08-11,2026-03-21..2026-08-06,baccarat_bet02_101_all_pairs_incl_sentinel,round_win = game_pnl > 0 (decisive only),COMPATIBILITY_ONLY_NOT_PRODUCTION,8273.2185,7643.9249,476.6845,461,429,-0.05761778,-0.04117365,-0.06758547,-0.05761778,-476.6845,8273.2185,OK,0.0000,14.3005,3.0000,97.0000,AG03-UNRESOLVED,ALL5_LEVELS_bet23_to_bet27,14.3005,14.3005,14.3005,19.0674,23.8342,3.000000,3.000000,3.000000,4.000000,5.000000,97.000000,97.000000,97.000000,96.000000,95.000000,5.0,85.8032,79.9124,390.8813,396.772,PENDING_AG03,FALSE,NOT_FOR_ENFORCEMENT,462.3839,7414.6071,476.6845,462.3839,14.3005,0.05761778,0.05588924,14.3005,462.3839,0.05588924,14.3005,14.3005,14.3005,19.0674,23.8342,462.3839,0.05588924,85.8032,79.9124,390.8813,396.772,0.04724658,0.04795861,0.00172853,17.9462,17.8180,1.1112,26.4825,2.1766,459.6232,23.8333,17.2501,18.3962,12.8103,13.088,25.8178,37.4785,41.6341,52.3013,12.9729,-2.5818,3.181092,3.996131,1.371201,29,107,17,5,0.37739520,0.05761778,0.04117365,0E-8,0.000000,0.923936,0.000000,0.02641182,2026-03-28,2026-08-02,18,219,178,128,0.140625,0.937699,0.961211,1.257984,,,,,,,,GLOBAL_BASELINE_NO_ENTITY_RANKING,,,NOT_APPLICABLE_GLOBAL_BASELINE,HF9g-P5,,,,X 全窗基线 · 不参与实体赏罚,8392536,840,A168_HF9F_20260827_0900,2026-08-27 09:00:00
2026-07-25,74209325,2280,0,51.6355562440,17.1688224511,17.1688224511,1.0000000,3,3,0.50218230000000000,0.502182300000,0.99564488342984,0.99564488342984,0.99564488342984,0E-17,ELIGIBLE,R03b_20260811_FULL_v1,L1_ELIGIBILITY,v2026-08-11,2026-03-21..2026-08-06,baccarat_bet02_101_all_pairs_incl_sentinel,round_win = game_pnl > 0 (decisive only),COMPATIBILITY_ONLY_NOT_PRODUCTION,8273.2185,7643.9249,476.6845,461,429,-0.05761778,-0.04117365,-0.06758547,-0.05761778,-476.6845,8273.2185,OK,0.0000,14.3005,3.0000,97.0000,AG03-UNRESOLVED,ALL5_LEVELS_bet23_to_bet27,14.3005,14.3005,14.3005,19.0674,23.8342,3.000000,3.000000,3.000000,4.000000,5.000000,97.000000,97.000000,97.000000,96.000000,95.000000,5.0,85.8032,79.9124,390.8813,396.772,PENDING_AG03,FALSE,NOT_FOR_ENFORCEMENT,462.3839,7414.6071,476.6845,462.3839,14.3005,0.05761778,0.05588924,14.3005,462.3839,0.05588924,14.3005,14.3005,14.3005,19.0674,23.8342,462.3839,0.05588924,85.8032,79.9124,390.8813,396.772,0.04724658,0.04795861,0.00172853,17.9462,17.8180,1.1112,26.4825,2.1766,459.6232,23.8333,17.2501,18.3962,12.8103,13.088,25.8178,37.4785,41.6341,52.3013,12.9729,-2.5818,3.181092,3.996131,1.371201,29,107,17,5,0.37739520,0.05761778,0.04117365,0E-8,0.000000,0.923936,0.000000,0.02641182,2026-03-28,2026-08-02,18,219,178,128,0.140625,0.937699,0.961211,1.257984,,,,,,,,GLOBAL_BASELINE_NO_ENTITY_RANKING,,,NOT_APPLICABLE_GLOBAL_BASELINE,HF9g-P5,,,,X 全窗基线 · 不参与实体赏罚,8392537,840,A168_HF9F_20260827_0900,2026-08-27 09:00:00
2026-07-25,74209325,2287,0,12.9088890610,-12.9088890610,-12.9088890610,0E-7,1,1,0.49324550000000000,0.493245500000,-0.9865810262130424,-0.9865810262130424,-0.9865810262130424,0E-17,ELIGIBLE,R03b_20260811_FULL_v1,L1_ELIGIBILITY,v2026-08-11,2026-03-21..2026-08-06,baccarat_bet02_101_all_pairs_incl_sentinel,round_win = game_pnl > 0 (decisive only),COMPATIBILITY_ONLY_NOT_PRODUCTION,8273.2185,7643.9249,476.6845,461,429,-0.05761778,-0.04117365,-0.06758547,-0.05761778,-476.6845,8273.2185,OK,0.0000,14.3005,3.0000,97.0000,AG03-UNRESOLVED,ALL5_LEVELS_bet23_to_bet27,14.3005,14.3005,14.3005,19.0674,23.8342,3.000000,3.000000,3.000000,4.000000,5.000000,97.000000,97.000000,97.000000,96.000000,95.000000,5.0,85.8032,79.9124,390.8813,396.772,PENDING_AG03,FALSE,NOT_FOR_ENFORCEMENT,462.3839,7414.6071,476.6845,462.3839,14.3005,0.05761778,0.05588924,14.3005,462.3839,0.05588924,14.3005,14.3005,14.3005,19.0674,23.8342,462.3839,0.05588924,85.8032,79.9124,390.8813,396.772,0.04724658,0.04795861,0.00172853,17.9462,17.8180,1.1112,26.4825,2.1766,459.6232,23.8333,17.2501,18.3962,12.8103,13.088,25.8178,37.4785,41.6341,52.3013,12.9729,-2.5818,3.181092,3.996131,1.371201,29,107,17,5,0.37739520,0.05761778,0.04117365,0E-8,0.000000,0.923936,0.000000,0.02641182,2026-03-28,2026-08-02,18,219,178,128,0.140625,0.937699,0.961211,1.257984,,,,,,,,GLOBAL_BASELINE_NO_ENTITY_RANKING,,,NOT_APPLICABLE_GLOBAL_BASELINE,HF9g-P5,,,,X 全窗基线 · 不参与实体赏罚,8392538,840,A168_HF9F_20260827_0900,2026-08-27 09:00:00
2026-07-25,74209325,2289,0,40.7920894328,38.7524849611,38.7524849611,1.0000000,2,2,0.50665070000000000,0.506650700000,1.3955260008387969,1.3955260008387969,1.3955260008387969,0E-17,ELIGIBLE,R03b_20260811_FULL_v1,L1_ELIGIBILITY,v2026-08-11,2026-03-21..2026-08-06,baccarat_bet02_101_all_pairs_incl_sentinel,round_win = game_pnl > 0 (decisive only),COMPATIBILITY_ONLY_NOT_PRODUCTION,8273.2185,7643.9249,476.6845,461,429,-0.05761778,-0.04117365,-0.06758547,-0.05761778,-476.6845,8273.2185,OK,0.0000,14.3005,3.0000,97.0000,AG03-UNRESOLVED,ALL5_LEVELS_bet23_to_bet27,14.3005,14.3005,14.3005,19.0674,23.8342,3.000000,3.000000,3.000000,4.000000,5.000000,97.000000,97.000000,97.000000,96.000000,95.000000,5.0,85.8032,79.9124,390.8813,396.772,PENDING_AG03,FALSE,NOT_FOR_ENFORCEMENT,462.3839,7414.6071,476.6845,462.3839,14.3005,0.05761778,0.05588924,14.3005,462.3839,0.05588924,14.3005,14.3005,14.3005,19.0674,23.8342,462.3839,0.05588924,85.8032,79.9124,390.8813,396.772,0.04724658,0.04795861,0.00172853,17.9462,17.8180,1.1112,26.4825,2.1766,459.6232,23.8333,17.2501,18.3962,12.8103,13.088,25.8178,37.4785,41.6341,52.3013,12.9729,-2.5818,3.181092,3.996131,1.371201,29,107,17,5,0.37739520,0.05761778,0.04117365,0E-8,0.000000,0.923936,0.000000,0.02641182,2026-03-28,2026-08-02,18,219,178,128,0.140625,0.937699,0.961211,1.257984,,,,,,,,GLOBAL_BASELINE_NO_ENTITY_RANKING,,,NOT_APPLICABLE_GLOBAL_BASELINE,HF9g-P5,,,,X 全窗基线 · 不参与实体赏罚,8392539,840,A168_HF9F_20260827_0900,2026-08-27 09:00:00
2026-07-25,74209325,462,0,28.3995559342,28.3995559342,28.3995559342,1.0000000,1,1,0.49324550000000000,0.493245500000,1.01360149184955,1.01360149184955,1.01360149184955,0E-17,ELIGIBLE,R03b_20260811_FULL_v1,L1_ELIGIBILITY,v2026-08-11,2026-03-21..2026-08-06,baccarat_bet02_101_all_pairs_incl_sentinel,round_win = game_pnl > 0 (decisive only),COMPATIBILITY_ONLY_NOT_PRODUCTION,8273.2185,7643.9249,476.6845,461,429,-0.05761778,-0.04117365,-0.06758547,-0.05761778,-476.6845,8273.2185,OK,0.0000,14.3005,3.0000,97.0000,AG03-UNRESOLVED,ALL5_LEVELS_bet23_to_bet27,14.3005,14.3005,14.3005,19.0674,23.8342,3.000000,3.000000,3.000000,4.000000,5.000000,97.000000,97.000000,97.000000,96.000000,95.000000,5.0,85.8032,79.9124,390.8813,396.772,PENDING_AG03,FALSE,NOT_FOR_ENFORCEMENT,462.3839,7414.6071,476.6845,462.3839,14.3005,0.05761778,0.05588924,14.3005,462.3839,0.05588924,14.3005,14.3005,14.3005,19.0674,23.8342,462.3839,0.05588924,85.8032,79.9124,390.8813,396.772,0.04724658,0.04795861,0.00172853,17.9462,17.8180,1.1112,26.4825,2.1766,459.6232,23.8333,17.2501,18.3962,12.8103,13.088,25.8178,37.4785,41.6341,52.3013,12.9729,-2.5818,3.181092,3.996131,1.371201,29,107,17,5,0.37739520,0.05761778,0.04117365,0E-8,0.000000,0.923936,0.000000,0.02641182,2026-03-28,2026-08-02,18,219,178,128,0.140625,0.937699,0.961211,1.257984,,,,,,,,GLOBAL_BASELINE_NO_ENTITY_RANKING,,,NOT_APPLICABLE_GLOBAL_BASELINE,HF9g-P5,,,,X 全窗基线 · 不参与实体赏罚,8392540,840,A168_HF9F_20260827_0900,2026-08-27 09:00:00
2026-07-25,74209325,526,0,59.3808896806,-5.1635556244,-5.1635556244,0E-7,3,1,0.45685009565217391,0.214214066667,-0.9171217781182265,-0.5221218497722453,-0.9171217781182265,0.24263602898517391,ELIGIBLE,R03b_20260811_FULL_v1,L1_ELIGIBILITY,v2026-08-11,2026-03-21..2026-08-06,baccarat_bet02_101_all_pairs_incl_sentinel,round_win = game_pnl > 0 (decisive only),COMPATIBILITY_ONLY_NOT_PRODUCTION,8273.2185,7643.9249,476.6845,461,429,-0.05761778,-0.04117365,-0.06758547,-0.05761778,-476.6845,8273.2185,OK,0.0000,14.3005,3.0000,97.0000,AG03-UNRESOLVED,ALL5_LEVELS_bet23_to_bet27,14.3005,14.3005,14.3005,19.0674,23.8342,3.000000,3.000000,3.000000,4.000000,5.000000,97.000000,97.000000,97.000000,96.000000,95.000000,5.0,85.8032,79.9124,390.8813,396.772,PENDING_AG03,FALSE,NOT_FOR_ENFORCEMENT,462.3839,7414.6071,476.6845,462.3839,14.3005,0.05761778,0.05588924,14.3005,462.3839,0.05588924,14.3005,14.3005,14.3005,19.0674,23.8342,462.3839,0.05588924,85.8032,79.9124,390.8813,396.772,0.04724658,0.04795861,0.00172853,17.9462,17.8180,1.1112,26.4825,2.1766,459.6232,23.8333,17.2501,18.3962,12.8103,13.088,25.8178,37.4785,41.6341,52.3013,12.9729,-2.5818,3.181092,3.996131,1.371201,29,107,17,5,0.37739520,0.05761778,0.04117365,0E-8,0.000000,0.923936,0.000000,0.02641182,2026-03-28,2026-08-02,18,219,178,128,0.140625,0.937699,0.961211,1.257984,,,,,,,,GLOBAL_BASELINE_NO_ENTITY_RANKING,,,NOT_APPLICABLE_GLOBAL_BASELINE,HF9g-P5,,,,X 全窗基线 · 不参与实体赏罚,8392541,840,A168_HF9F_20260827_0900,2026-08-27 09:00:00
2026-07-25,74209325,550,0,33.5631115586,-8.3907778896,-8.3907778896,0.5000000,2,2,0.50665070000000000,0.506650700000,-0.018812684590367487,-0.018812684590367487,-0.018812684590367487,0E-17,ELIGIBLE,R03b_20260811_FULL_v1,L1_ELIGIBILITY,v2026-08-11,2026-03-21..2026-08-06,baccarat_bet02_101_all_pairs_incl_sentinel,round_win = game_pnl > 0 (decisive only),COMPATIBILITY_ONLY_NOT_PRODUCTION,8273.2185,7643.9249,476.6845,461,429,-0.05761778,-0.04117365,-0.06758547,-0.05761778,-476.6845,8273.2185,OK,0.0000,14.3005,3.0000,97.0000,AG03-UNRESOLVED,ALL5_LEVELS_bet23_to_bet27,14.3005,14.3005,14.3005,19.0674,23.8342,3.000000,3.000000,3.000000,4.000000,5.000000,97.000000,97.000000,97.000000,96.000000,95.000000,5.0,85.8032,79.9124,390.8813,396.772,PENDING_AG03,FALSE,NOT_FOR_ENFORCEMENT,462.3839,7414.6071,476.6845,462.3839,14.3005,0.05761778,0.05588924,14.3005,462.3839,0.05588924,14.3005,14.3005,14.3005,19.0674,23.8342,462.3839,0.05588924,85.8032,79.9124,390.8813,396.772,0.04724658,0.04795861,0.00172853,17.9462,17.8180,1.1112,26.4825,2.1766,459.6232,23.8333,17.2501,18.3962,12.8103,13.088,25.8178,37.4785,41.6341,52.3013,12.9729,-2.5818,3.181092,3.996131,1.371201,29,107,17,5,0.37739520,0.05761778,0.04117365,0E-8,0.000000,0.923936,0.000000,0.02641182,2026-03-28,2026-08-02,18,219,178,128,0.140625,0.937699,0.961211,1.257984,,,,,,,,GLOBAL_BASELINE_NO_ENTITY_RANKING,,,NOT_APPLICABLE_GLOBAL_BASELINE,HF9g-P5,,,,X 全窗基线 · 不参与实体赏罚,8392542,840,A168_HF9F_20260827_0900,2026-08-27 09:00:00
2026-07-25,74209325,925,0,12.9088890610,12.2634446080,12.2634446080,1.0000000,1,1,0.50665070000000000,0.506650700000,0.9867858985152569,0.9867858985152569,0.9867858985152569,0E-17,ELIGIBLE,R03b_20260811_FULL_v1,L1_ELIGIBILITY,v2026-08-11,2026-03-21..2026-08-06,baccarat_bet02_101_all_pairs_incl_sentinel,round_win = game_pnl > 0 (decisive only),COMPATIBILITY_ONLY_NOT_PRODUCTION,8273.2185,7643.9249,476.6845,461,429,-0.05761778,-0.04117365,-0.06758547,-0.05761778,-476.6845,8273.2185,OK,0.0000,14.3005,3.0000,97.0000,AG03-UNRESOLVED,ALL5_LEVELS_bet23_to_bet27,14.3005,14.3005,14.3005,19.0674,23.8342,3.000000,3.000000,3.000000,4.000000,5.000000,97.000000,97.000000,97.000000,96.000000,95.000000,5.0,85.8032,79.9124,390.8813,396.772,PENDING_AG03,FALSE,NOT_FOR_ENFORCEMENT,462.3839,7414.6071,476.6845,462.3839,14.3005,0.05761778,0.05588924,14.3005,462.3839,0.05588924,14.3005,14.3005,14.3005,19.0674,23.8342,462.3839,0.05588924,85.8032,79.9124,390.8813,396.772,0.04724658,0.04795861,0.00172853,17.9462,17.8180,1.1112,26.4825,2.1766,459.6232,23.8333,17.2501,18.3962,12.8103,13.088,25.8178,37.4785,41.6341,52.3013,12.9729,-2.5818,3.181092,3.996131,1.371201,29,107,17,5,0.37739520,0.05761778,0.04117365,0E-8,0.000000,0.923936,0.000000,0.02641182,2026-03-28,2026-08-02,18,219,178,128,0.140625,0.937699,0.961211,1.257984,,,,,,,,GLOBAL_BASELINE_NO_ENTITY_RANKING,,,NOT_APPLICABLE_GLOBAL_BASELINE,HF9g-P5,,,,X 全窗基线 · 不参与实体赏罚,8392543,840,A168_HF9F_20260827_0900,2026-08-27 09:00:00
2026-07-25,74209325,970,0,7.7453334366,-7.7453334366,-7.7453334366,0E-7,1,1,0.49324550000000000,0.493245500000,-0.9865810262130424,-0.9865810262130424,-0.9865810262130424,0E-17,ELIGIBLE,R03b_20260811_FULL_v1,L1_ELIGIBILITY,v2026-08-11,2026-03-21..2026-08-06,baccarat_bet02_101_all_pairs_incl_sentinel,round_win = game_pnl > 0 (decisive only),COMPATIBILITY_ONLY_NOT_PRODUCTION,8273.2185,7643.9249,476.6845,461,429,-0.05761778,-0.04117365,-0.06758547,-0.05761778,-476.6845,8273.2185,OK,0.0000,14.3005,3.0000,97.0000,AG03-UNRESOLVED,ALL5_LEVELS_bet23_to_bet27,14.3005,14.3005,14.3005,19.0674,23.8342,3.000000,3.000000,3.000000,4.000000,5.000000,97.000000,97.000000,97.000000,96.000000,95.000000,5.0,85.8032,79.9124,390.8813,396.772,PENDING_AG03,FALSE,NOT_FOR_ENFORCEMENT,462.3839,7414.6071,476.6845,462.3839,14.3005,0.05761778,0.05588924,14.3005,462.3839,0.05588924,14.3005,14.3005,14.3005,19.0674,23.8342,462.3839,0.05588924,85.8032,79.9124,390.8813,396.772,0.04724658,0.04795861,0.00172853,17.9462,17.8180,1.1112,26.4825,2.1766,459.6232,23.8333,17.2501,18.3962,12.8103,13.088,25.8178,37.4785,41.6341,52.3013,12.9729,-2.5818,3.181092,3.996131,1.371201,29,107,17,5,0.37739520,0.05761778,0.04117365,0E-8,0.000000,0.923936,0.000000,0.02641182,2026-03-28,2026-08-02,18,219,178,128,0.140625,0.937699,0.961211,1.257984,,,,,,,,GLOBAL_BASELINE_NO_ENTITY_RANKING,,,NOT_APPLICABLE_GLOBAL_BASELINE,HF9g-P5,,,,X 全窗基线 · 不参与实体赏罚,8392544,840,A168_HF9F_20260827_0900,2026-08-27 09:00:00
2026-08-02,74209325,-1,1,63.1854724784,-9.2466545090,-9.2466545090,0.2500000,5,5,0.50128862000000000,0.501288620000,-1.0051578182180947,-1.0051578182180947,-1.0051578182180947,0E-17,SENTINEL_DEALER,R03b_20260811_FULL_v1,L1_ELIGIBILITY,v2026-08-11,2026-03-21..2026-08-06,baccarat_bet02_101_all_pairs_incl_sentinel,round_win = game_pnl > 0 (decisive only),COMPATIBILITY_ONLY_NOT_PRODUCTION,8273.2185,7643.9249,476.6845,461,429,-0.05761778,-0.04117365,-0.06758547,-0.05761778,-476.6845,8273.2185,OK,0.0000,14.3005,3.0000,97.0000,AG03-UNRESOLVED,ALL5_LEVELS_bet23_to_bet27,14.3005,14.3005,14.3005,19.0674,23.8342,3.000000,3.000000,3.000000,4.000000,5.000000,97.000000,97.000000,97.000000,96.000000,95.000000,5.0,85.8032,79.9124,390.8813,396.772,PENDING_AG03,FALSE,NOT_FOR_ENFORCEMENT,462.3839,7414.6071,476.6845,462.3839,14.3005,0.05761778,0.05588924,14.3005,462.3839,0.05588924,14.3005,14.3005,14.3005,19.0674,23.8342,462.3839,0.05588924,85.8032,79.9124,390.8813,396.772,0.04724658,0.04795861,0.00172853,17.9462,17.8180,1.1112,26.4825,2.1766,459.6232,23.8333,17.2501,18.3962,12.8103,13.088,25.8178,37.4785,41.6341,52.3013,12.9729,-2.5818,3.181092,3.996131,1.371201,29,107,17,5,0.37739520,0.05761778,0.04117365,0E-8,0.000000,0.923936,0.000000,0.02641182,2026-03-28,2026-08-02,18,219,178,128,0.140625,0.937699,0.961211,1.257984,,,,,,,,GLOBAL_BASELINE_NO_ENTITY_RANKING,,,NOT_APPLICABLE_GLOBAL_BASELINE,HF9g-P5,,,,X 全窗基线 · 不参与实体赏罚,8392545,840,A168_HF9F_20260827_0900,2026-08-27 09:00:00
2026-08-02,74209325,1353,0,38.5277271210,-38.5277271210,-38.5277271210,0E-7,2,2,0.49324550000000000,0.493245500000,-1.3952362676504506,-1.3952362676504506,-1.3952362676504506,0E-17,ELIGIBLE,R03b_20260811_FULL_v1,L1_ELIGIBILITY,v2026-08-11,2026-03-21..2026-08-06,baccarat_bet02_101_all_pairs_incl_sentinel,round_win = game_pnl > 0 (decisive only),COMPATIBILITY_ONLY_NOT_PRODUCTION,8273.2185,7643.9249,476.6845,461,429,-0.05761778,-0.04117365,-0.06758547,-0.05761778,-476.6845,8273.2185,OK,0.0000,14.3005,3.0000,97.0000,AG03-UNRESOLVED,ALL5_LEVELS_bet23_to_bet27,14.3005,14.3005,14.3005,19.0674,23.8342,3.000000,3.000000,3.000000,4.000000,5.000000,97.000000,97.000000,97.000000,96.000000,95.000000,5.0,85.8032,79.9124,390.8813,396.772,PENDING_AG03,FALSE,NOT_FOR_ENFORCEMENT,462.3839,7414.6071,476.6845,462.3839,14.3005,0.05761778,0.05588924,14.3005,462.3839,0.05588924,14.3005,14.3005,14.3005,19.0674,23.8342,462.3839,0.05588924,85.8032,79.9124,390.8813,396.772,0.04724658,0.04795861,0.00172853,17.9462,17.8180,1.1112,26.4825,2.1766,459.6232,23.8333,17.2501,18.3962,12.8103,13.088,25.8178,37.4785,41.6341,52.3013,12.9729,-2.5818,3.181092,3.996131,1.371201,29,107,17,5,0.37739520,0.05761778,0.04117365,0E-8,0.000000,0.923936,0.000000,0.02641182,2026-03-28,2026-08-02,18,219,178,128,0.140625,0.937699,0.961211,1.257984,,,,,,,,GLOBAL_BASELINE_NO_ENTITY_RANKING,,,NOT_APPLICABLE_GLOBAL_BASELINE,HF9g-P5,,,,X 全窗基线 · 不参与实体赏罚,8392546,840,A168_HF9F_20260827_0900,2026-08-27 09:00:00
2026-08-02,74209325,1485,0,5.1370302828,5.1370302828,5.1370302828,1.0000000,1,1,0.49324550000000000,0.493245500000,1.01360149184955,1.01360149184955,1.01360149184955,0E-17,ELIGIBLE,R03b_20260811_FULL_v1,L1_ELIGIBILITY,v2026-08-11,2026-03-21..2026-08-06,baccarat_bet02_101_all_pairs_incl_sentinel,round_win = game_pnl > 0 (decisive only),COMPATIBILITY_ONLY_NOT_PRODUCTION,8273.2185,7643.9249,476.6845,461,429,-0.05761778,-0.04117365,-0.06758547,-0.05761778,-476.6845,8273.2185,OK,0.0000,14.3005,3.0000,97.0000,AG03-UNRESOLVED,ALL5_LEVELS_bet23_to_bet27,14.3005,14.3005,14.3005,19.0674,23.8342,3.000000,3.000000,3.000000,4.000000,5.000000,97.000000,97.000000,97.000000,96.000000,95.000000,5.0,85.8032,79.9124,390.8813,396.772,PENDING_AG03,FALSE,NOT_FOR_ENFORCEMENT,462.3839,7414.6071,476.6845,462.3839,14.3005,0.05761778,0.05588924,14.3005,462.3839,0.05588924,14.3005,14.3005,14.3005,19.0674,23.8342,462.3839,0.05588924,85.8032,79.9124,390.8813,396.772,0.04724658,0.04795861,0.00172853,17.9462,17.8180,1.1112,26.4825,2.1766,459.6232,23.8333,17.2501,18.3962,12.8103,13.088,25.8178,37.4785,41.6341,52.3013,12.9729,-2.5818,3.181092,3.996131,1.371201,29,107,17,5,0.37739520,0.05761778,0.04117365,0E-8,0.000000,0.923936,0.000000,0.02641182,2026-03-28,2026-08-02,18,219,178,128,0.140625,0.937699,0.961211,1.257984,,,,,,,,GLOBAL_BASELINE_NO_ENTITY_RANKING,,,NOT_APPLICABLE_GLOBAL_BASELINE,HF9g-P5,,,,X 全窗基线 · 不参与实体赏罚,8392547,840,A168_HF9F_20260827_0900,2026-08-27 09:00:00
2026-08-02,74209325,2064,0,97.6035753732,-15.4110908484,-15.4110908484,0.2000000,7,5,0.48814390125000000,0.442801293333,-1.2889811285670918,-1.093015970738341,-1.2889811285670918,0.04534260791700000,ELIGIBLE,R03b_20260811_FULL_v1,L1_ELIGIBILITY,v2026-08-11,2026-03-21..2026-08-06,baccarat_bet02_101_all_pairs_incl_sentinel,round_win = game_pnl > 0 (decisive only),COMPATIBILITY_ONLY_NOT_PRODUCTION,8273.2185,7643.9249,476.6845,461,429,-0.05761778,-0.04117365,-0.06758547,-0.05761778,-476.6845,8273.2185,OK,0.0000,14.3005,3.0000,97.0000,AG03-UNRESOLVED,ALL5_LEVELS_bet23_to_bet27,14.3005,14.3005,14.3005,19.0674,23.8342,3.000000,3.000000,3.000000,4.000000,5.000000,97.000000,97.000000,97.000000,96.000000,95.000000,5.0,85.8032,79.9124,390.8813,396.772,PENDING_AG03,FALSE,NOT_FOR_ENFORCEMENT,462.3839,7414.6071,476.6845,462.3839,14.3005,0.05761778,0.05588924,14.3005,462.3839,0.05588924,14.3005,14.3005,14.3005,19.0674,23.8342,462.3839,0.05588924,85.8032,79.9124,390.8813,396.772,0.04724658,0.04795861,0.00172853,17.9462,17.8180,1.1112,26.4825,2.1766,459.6232,23.8333,17.2501,18.3962,12.8103,13.088,25.8178,37.4785,41.6341,52.3013,12.9729,-2.5818,3.181092,3.996131,1.371201,29,107,17,5,0.37739520,0.05761778,0.04117365,0E-8,0.000000,0.923936,0.000000,0.02641182,2026-03-28,2026-08-02,18,219,178,128,0.140625,0.937699,0.961211,1.257984,,,,,,,,GLOBAL_BASELINE_NO_ENTITY_RANKING,,,NOT_APPLICABLE_GLOBAL_BASELINE,HF9g-P5,,,,X 全窗基线 · 不参与实体赏罚,8392548,840,A168_HF9F_20260827_0900,2026-08-27 09:00:00
2026-08-02,74209325,2196,0,5.1370302828,5.1370302828,5.1370302828,1.0000000,1,1,0.49324550000000000,0.493245500000,1.01360149184955,1.01360149184955,1.01360149184955,0E-17,ELIGIBLE,R03b_20260811_FULL_v1,L1_ELIGIBILITY,v2026-08-11,2026-03-21..2026-08-06,baccarat_bet02_101_all_pairs_incl_sentinel,round_win = game_pnl > 0 (decisive only),COMPATIBILITY_ONLY_NOT_PRODUCTION,8273.2185,7643.9249,476.6845,461,429,-0.05761778,-0.04117365,-0.06758547,-0.05761778,-476.6845,8273.2185,OK,0.0000,14.3005,3.0000,97.0000,AG03-UNRESOLVED,ALL5_LEVELS_bet23_to_bet27,14.3005,14.3005,14.3005,19.0674,23.8342,3.000000,3.000000,3.000000,4.000000,5.000000,97.000000,97.000000,97.000000,96.000000,95.000000,5.0,85.8032,79.9124,390.8813,396.772,PENDING_AG03,FALSE,NOT_FOR_ENFORCEMENT,462.3839,7414.6071,476.6845,462.3839,14.3005,0.05761778,0.05588924,14.3005,462.3839,0.05588924,14.3005,14.3005,14.3005,19.0674,23.8342,462.3839,0.05588924,85.8032,79.9124,390.8813,396.772,0.04724658,0.04795861,0.00172853,17.9462,17.8180,1.1112,26.4825,2.1766,459.6232,23.8333,17.2501,18.3962,12.8103,13.088,25.8178,37.4785,41.6341,52.3013,12.9729,-2.5818,3.181092,3.996131,1.371201,29,107,17,5,0.37739520,0.05761778,0.04117365,0E-8,0.000000,0.923936,0.000000,0.02641182,2026-03-28,2026-08-02,18,219,178,128,0.140625,0.937699,0.961211,1.257984,,,,,,,,GLOBAL_BASELINE_NO_ENTITY_RANKING,,,NOT_APPLICABLE_GLOBAL_BASELINE,HF9g-P5,,,,X 全窗基线 · 不参与实体赏罚,8392549,840,A168_HF9F_20260827_0900,2026-08-27 09:00:00
2026-08-02,74209325,2233,0,10.2740605656,-10.2740605656,-10.2740605656,0E-7,1,1,0.50665070000000000,0.506650700000,-1.013391052207602,-1.013391052207602,-1.013391052207602,0E-17,ELIGIBLE,R03b_20260811_FULL_v1,L1_ELIGIBILITY,v2026-08-11,2026-03-21..2026-08-06,baccarat_bet02_101_all_pairs_incl_sentinel,round_win = game_pnl > 0 (decisive only),COMPATIBILITY_ONLY_NOT_PRODUCTION,8273.2185,7643.9249,476.6845,461,429,-0.05761778,-0.04117365,-0.06758547,-0.05761778,-476.6845,8273.2185,OK,0.0000,14.3005,3.0000,97.0000,AG03-UNRESOLVED,ALL5_LEVELS_bet23_to_bet27,14.3005,14.3005,14.3005,19.0674,23.8342,3.000000,3.000000,3.000000,4.000000,5.000000,97.000000,97.000000,97.000000,96.000000,95.000000,5.0,85.8032,79.9124,390.8813,396.772,PENDING_AG03,FALSE,NOT_FOR_ENFORCEMENT,462.3839,7414.6071,476.6845,462.3839,14.3005,0.05761778,0.05588924,14.3005,462.3839,0.05588924,14.3005,14.3005,14.3005,19.0674,23.8342,462.3839,0.05588924,85.8032,79.9124,390.8813,396.772,0.04724658,0.04795861,0.00172853,17.9462,17.8180,1.1112,26.4825,2.1766,459.6232,23.8333,17.2501,18.3962,12.8103,13.088,25.8178,37.4785,41.6341,52.3013,12.9729,-2.5818,3.181092,3.996131,1.371201,29,107,17,5,0.37739520,0.05761778,0.04117365,0E-8,0.000000,0.923936,0.000000,0.02641182,2026-03-28,2026-08-02,18,219,178,128,0.140625,0.937699,0.961211,1.257984,,,,,,,,GLOBAL_BASELINE_NO_ENTITY_RANKING,,,NOT_APPLICABLE_GLOBAL_BASELINE,HF9g-P5,,,,X 全窗基线 · 不参与实体赏罚,8392550,840,A168_HF9F_20260827_0900,2026-08-27 09:00:00
2026-08-02,74209325,2281,0,5.1370302828,-5.1370302828,-5.1370302828,0E-7,1,1,0.50665070000000000,0.506650700000,-1.013391052207602,-1.013391052207602,-1.013391052207602,0E-17,ELIGIBLE,R03b_20260811_FULL_v1,L1_ELIGIBILITY,v2026-08-11,2026-03-21..2026-08-06,baccarat_bet02_101_all_pairs_incl_sentinel,round_win = game_pnl > 0 (decisive only),COMPATIBILITY_ONLY_NOT_PRODUCTION,8273.2185,7643.9249,476.6845,461,429,-0.05761778,-0.04117365,-0.06758547,-0.05761778,-476.6845,8273.2185,OK,0.0000,14.3005,3.0000,97.0000,AG03-UNRESOLVED,ALL5_LEVELS_bet23_to_bet27,14.3005,14.3005,14.3005,19.0674,23.8342,3.000000,3.000000,3.000000,4.000000,5.000000,97.000000,97.000000,97.000000,96.000000,95.000000,5.0,85.8032,79.9124,390.8813,396.772,PENDING_AG03,FALSE,NOT_FOR_ENFORCEMENT,462.3839,7414.6071,476.6845,462.3839,14.3005,0.05761778,0.05588924,14.3005,462.3839,0.05588924,14.3005,14.3005,14.3005,19.0674,23.8342,462.3839,0.05588924,85.8032,79.9124,390.8813,396.772,0.04724658,0.04795861,0.00172853,17.9462,17.8180,1.1112,26.4825,2.1766,459.6232,23.8333,17.2501,18.3962,12.8103,13.088,25.8178,37.4785,41.6341,52.3013,12.9729,-2.5818,3.181092,3.996131,1.371201,29,107,17,5,0.37739520,0.05761778,0.04117365,0E-8,0.000000,0.923936,0.000000,0.02641182,2026-03-28,2026-08-02,18,219,178,128,0.140625,0.937699,0.961211,1.257984,,,,,,,,GLOBAL_BASELINE_NO_ENTITY_RANKING,,,NOT_APPLICABLE_GLOBAL_BASELINE,HF9g-P5,,,,X 全窗基线 · 不参与实体赏罚,8392551,840,A168_HF9F_20260827_0900,2026-08-27 09:00:00
2026-06-20,151320561,2234,0,170.4158145876,-170.4158145876,-169.0524880708,0E-7,2,2,0.49994810000000000,0.499948100000,-1.4140667746232096,-1.4140667746232096,-1.4140667746232096,0E-17,ELIGIBLE,R03b_20260811_FULL_v1,L1_ELIGIBILITY,v2026-08-11,2026-03-21..2026-08-06,baccarat_bet02_101_all_pairs_incl_sentinel,round_win = game_pnl > 0 (decisive only),COMPATIBILITY_ONLY_NOT_PRODUCTION,3484.1926,3185.9649,519.0321,44,44,-0.14896767,,-0.14896767,-0.15628292,-519.0321,3484.1926,OK,25.4877,31.1419,6.0000,94.0000,AG03-UNRESOLVED,ALL5_LEVELS_bet23_to_bet27,31.1419,31.1419,31.1419,31.1419,31.1419,6.000000,6.000000,6.000000,6.000000,6.000000,94.000000,94.000000,94.000000,94.000000,94.000000,5.0,155.7096,138.1123,337.8347,355.432,PENDING_AG03,FALSE,NOT_FOR_ENFORCEMENT,487.8901,2994.8070,493.5443,462.4024,5.6542,0.14165243,0.13271437,31.1419,462.4024,0.13271437,31.1419,31.1419,31.1419,31.1419,31.1419,462.4024,0.13271437,155.7096,138.1123,337.8347,355.432,0.09696213,0.10201273,0.00162282,79.1862,72.4083,11.7962,173.0107,47.1847,1161.3975,14.6667,,79.1862,85.2079,85.2079,85.2079,85.2079,85.2079,85.2079,85.2079,-29.5842,1.0,1.0,0.929329,8,12,3,2,0E-8,0.14896767,,0.00800000,0.800000,0.914406,0.977273,,2026-06-20,2026-07-01,3,11,9,12,0.250000,,,0.000000,,,,,,,,GLOBAL_BASELINE_NO_ENTITY_RANKING,,,NOT_APPLICABLE_GLOBAL_BASELINE,HF9g-P5,,,,X 全窗基线 · 不参与实体赏罚,8392552,840,A168_HF9F_20260827_0900,2026-08-27 09:00:00
2026-06-29,151320561,-1,1,85.2079072938,-85.2079072938,-84.5262440354,0E-7,1,1,0.50665070000000000,0.506650700000,-1.013391052207602,-1.013391052207602,-1.013391052207602,0E-17,SENTINEL_DEALER,R03b_20260811_FULL_v1,L1_ELIGIBILITY,v2026-08-11,2026-03-21..2026-08-06,baccarat_bet02_101_all_pairs_incl_sentinel,round_win = game_pnl > 0 (decisive only),COMPATIBILITY_ONLY_NOT_PRODUCTION,3484.1926,3185.9649,519.0321,44,44,-0.14896767,,-0.14896767,-0.15628292,-519.0321,3484.1926,OK,25.4877,31.1419,6.0000,94.0000,AG03-UNRESOLVED,ALL5_LEVELS_bet23_to_bet27,31.1419,31.1419,31.1419,31.1419,31.1419,6.000000,6.000000,6.000000,6.000000,6.000000,94.000000,94.000000,94.000000,94.000000,94.000000,5.0,155.7096,138.1123,337.8347,355.432,PENDING_AG03,FALSE,NOT_FOR_ENFORCEMENT,487.8901,2994.8070,493.5443,462.4024,5.6542,0.14165243,0.13271437,31.1419,462.4024,0.13271437,31.1419,31.1419,31.1419,31.1419,31.1419,462.4024,0.13271437,155.7096,138.1123,337.8347,355.432,0.09696213,0.10201273,0.00162282,79.1862,72.4083,11.7962,173.0107,47.1847,1161.3975,14.6667,,79.1862,85.2079,85.2079,85.2079,85.2079,85.2079,85.2079,85.2079,-29.5842,1.0,1.0,0.929329,8,12,3,2,0E-8,0.14896767,,0.00800000,0.800000,0.914406,0.977273,,2026-06-20,2026-07-01,3,11,9,12,0.250000,,,0.000000,,,,,,,,GLOBAL_BASELINE_NO_ENTITY_RANKING,,,NOT_APPLICABLE_GLOBAL_BASELINE,HF9g-P5,,,,X 全窗基线 · 不参与实体赏罚,8392553,840,A168_HF9F_20260827_0900,2026-08-27 09:00:00
2026-06-29,151320561,1115,0,102.2494887526,-102.2494887526,-101.4314928425,0E-7,2,2,0.49324550000000000,0.493245500000,-1.3952362676504506,-1.3952362676504506,-1.3952362676504506,0E-17,ELIGIBLE,R03b_20260811_FULL_v1,L1_ELIGIBILITY,v2026-08-11,2026-03-21..2026-08-06,baccarat_bet02_101_all_pairs_incl_sentinel,round_win = game_pnl > 0 (decisive only),COMPATIBILITY_ONLY_NOT_PRODUCTION,3484.1926,3185.9649,519.0321,44,44,-0.14896767,,-0.14896767,-0.15628292,-519.0321,3484.1926,OK,25.4877,31.1419,6.0000,94.0000,AG03-UNRESOLVED,ALL5_LEVELS_bet23_to_bet27,31.1419,31.1419,31.1419,31.1419,31.1419,6.000000,6.000000,6.000000,6.000000,6.000000,94.000000,94.000000,94.000000,94.000000,94.000000,5.0,155.7096,138.1123,337.8347,355.432,PENDING_AG03,FALSE,NOT_FOR_ENFORCEMENT,487.8901,2994.8070,493.5443,462.4024,5.6542,0.14165243,0.13271437,31.1419,462.4024,0.13271437,31.1419,31.1419,31.1419,31.1419,31.1419,462.4024,0.13271437,155.7096,138.1123,337.8347,355.432,0.09696213,0.10201273,0.00162282,79.1862,72.4083,11.7962,173.0107,47.1847,1161.3975,14.6667,,79.1862,85.2079,85.2079,85.2079,85.2079,85.2079,85.2079,85.2079,-29.5842,1.0,1.0,0.929329,8,12,3,2,0E-8,0.14896767,,0.00800000,0.800000,0.914406,0.977273,,2026-06-20,2026-07-01,3,11,9,12,0.250000,,,0.000000,,,,,,,,GLOBAL_BASELINE_NO_ENTITY_RANKING,,,NOT_APPLICABLE_GLOBAL_BASELINE,HF9g-P5,,,,X 全窗基线 · 不参与实体赏罚,8392554,840,A168_HF9F_20260827_0900,2026-08-27 09:00:00
2026-06-29,151320561,1346,0,170.4158145876,-170.4158145876,-169.0524880708,0E-7,2,2,0.49324550000000000,0.493245500000,-1.3952362676504506,-1.3952362676504506,-1.3952362676504506,0E-17,ELIGIBLE,R03b_20260811_FULL_v1,L1_ELIGIBILITY,v2026-08-11,2026-03-21..2026-08-06,baccarat_bet02_101_all_pairs_incl_sentinel,round_win = game_pnl > 0 (decisive only),COMPATIBILITY_ONLY_NOT_PRODUCTION,3484.1926,3185.9649,519.0321,44,44,-0.14896767,,-0.14896767,-0.15628292,-519.0321,3484.1926,OK,25.4877,31.1419,6.0000,94.0000,AG03-UNRESOLVED,ALL5_LEVELS_bet23_to_bet27,31.1419,31.1419,31.1419,31.1419,31.1419,6.000000,6.000000,6.000000,6.000000,6.000000,94.000000,94.000000,94.000000,94.000000,94.000000,5.0,155.7096,138.1123,337.8347,355.432,PENDING_AG03,FALSE,NOT_FOR_ENFORCEMENT,487.8901,2994.8070,493.5443,462.4024,5.6542,0.14165243,0.13271437,31.1419,462.4024,0.13271437,31.1419,31.1419,31.1419,31.1419,31.1419,462.4024,0.13271437,155.7096,138.1123,337.8347,355.432,0.09696213,0.10201273,0.00162282,79.1862,72.4083,11.7962,173.0107,47.1847,1161.3975,14.6667,,79.1862,85.2079,85.2079,85.2079,85.2079,85.2079,85.2079,85.2079,-29.5842,1.0,1.0,0.929329,8,12,3,2,0E-8,0.14896767,,0.00800000,0.800000,0.914406,0.977273,,2026-06-20,2026-07-01,3,11,9,12,0.250000,,,0.000000,,,,,,,,GLOBAL_BASELINE_NO_ENTITY_RANKING,,,NOT_APPLICABLE_GLOBAL_BASELINE,HF9g-P5,,,,X 全窗基线 · 不参与实体赏罚,8392555,840,A168_HF9F_20260827_0900,2026-08-27 09:00:00
2026-06-29,151320561,1505,0,340.8316291752,0E-10,2.7266530334,0.5000000,4,4,0.50665070000000000,0.506650700000,-0.02660515369234503,-0.02660515369234503,-0.02660515369234503,0E-17,ELIGIBLE,R03b_20260811_FULL_v1,L1_ELIGIBILITY,v2026-08-11,2026-03-21..2026-08-06,baccarat_bet02_101_all_pairs_incl_sentinel,round_win = game_pnl > 0 (decisive only),COMPATIBILITY_ONLY_NOT_PRODUCTION,3484.1926,3185.9649,519.0321,44,44,-0.14896767,,-0.14896767,-0.15628292,-519.0321,3484.1926,OK,25.4877,31.1419,6.0000,94.0000,AG03-UNRESOLVED,ALL5_LEVELS_bet23_to_bet27,31.1419,31.1419,31.1419,31.1419,31.1419,6.000000,6.000000,6.000000,6.000000,6.000000,94.000000,94.000000,94.000000,94.000000,94.000000,5.0,155.7096,138.1123,337.8347,355.432,PENDING_AG03,FALSE,NOT_FOR_ENFORCEMENT,487.8901,2994.8070,493.5443,462.4024,5.6542,0.14165243,0.13271437,31.1419,462.4024,0.13271437,31.1419,31.1419,31.1419,31.1419,31.1419,462.4024,0.13271437,155.7096,138.1123,337.8347,355.432,0.09696213,0.10201273,0.00162282,79.1862,72.4083,11.7962,173.0107,47.1847,1161.3975,14.6667,,79.1862,85.2079,85.2079,85.2079,85.2079,85.2079,85.2079,85.2079,-29.5842,1.0,1.0,0.929329,8,12,3,2,0E-8,0.14896767,,0.00800000,0.800000,0.914406,0.977273,,2026-06-20,2026-07-01,3,11,9,12,0.250000,,,0.000000,,,,,,,,GLOBAL_BASELINE_NO_ENTITY_RANKING,,,NOT_APPLICABLE_GLOBAL_BASELINE,HF9g-P5,,,,X 全窗基线 · 不参与实体赏罚,8392556,840,A168_HF9F_20260827_0900,2026-08-27 09:00:00
2026-06-29,151320561,1957,0,681.6632583504,85.2079072938,89.9795501022,0.5714286,8,8,0.50329940000000000,0.503299400000,0.36051353847308226,0.3605135384730823,0.36051353847308226,0E-17,ELIGIBLE,R03b_20260811_FULL_v1,L1_ELIGIBILITY,v2026-08-11,2026-03-21..2026-08-06,baccarat_bet02_101_all_pairs_incl_sentinel,round_win = game_pnl > 0 (decisive only),COMPATIBILITY_ONLY_NOT_PRODUCTION,3484.1926,3185.9649,519.0321,44,44,-0.14896767,,-0.14896767,-0.15628292,-519.0321,3484.1926,OK,25.4877,31.1419,6.0000,94.0000,AG03-UNRESOLVED,ALL5_LEVELS_bet23_to_bet27,31.1419,31.1419,31.1419,31.1419,31.1419,6.000000,6.000000,6.000000,6.000000,6.000000,94.000000,94.000000,94.000000,94.000000,94.000000,5.0,155.7096,138.1123,337.8347,355.432,PENDING_AG03,FALSE,NOT_FOR_ENFORCEMENT,487.8901,2994.8070,493.5443,462.4024,5.6542,0.14165243,0.13271437,31.1419,462.4024,0.13271437,31.1419,31.1419,31.1419,31.1419,31.1419,462.4024,0.13271437,155.7096,138.1123,337.8347,355.432,0.09696213,0.10201273,0.00162282,79.1862,72.4083,11.7962,173.0107,47.1847,1161.3975,14.6667,,79.1862,85.2079,85.2079,85.2079,85.2079,85.2079,85.2079,85.2079,-29.5842,1.0,1.0,0.929329,8,12,3,2,0E-8,0.14896767,,0.00800000,0.800000,0.914406,0.977273,,2026-06-20,2026-07-01,3,11,9,12,0.250000,,,0.000000,,,,,,,,GLOBAL_BASELINE_NO_ENTITY_RANKING,,,NOT_APPLICABLE_GLOBAL_BASELINE,HF9g-P5,,,,X 全窗基线 · 不参与实体赏罚,8392557,840,A168_HF9F_20260827_0900,2026-08-27 09:00:00
2026-06-29,151320561,1963,0,468.6434901159,0E-10,3.4083162918,0.5000000,6,6,0.50218230000000000,0.502182300000,-0.01069114476356389,-0.01069114476356389,-0.01069114476356389,0E-17,ELIGIBLE,R03b_20260811_FULL_v1,L1_ELIGIBILITY,v2026-08-11,2026-03-21..2026-08-06,baccarat_bet02_101_all_pairs_incl_sentinel,round_win = game_pnl > 0 (decisive only),COMPATIBILITY_ONLY_NOT_PRODUCTION,3484.1926,3185.9649,519.0321,44,44,-0.14896767,,-0.14896767,-0.15628292,-519.0321,3484.1926,OK,25.4877,31.1419,6.0000,94.0000,AG03-UNRESOLVED,ALL5_LEVELS_bet23_to_bet27,31.1419,31.1419,31.1419,31.1419,31.1419,6.000000,6.000000,6.000000,6.000000,6.000000,94.000000,94.000000,94.000000,94.000000,94.000000,5.0,155.7096,138.1123,337.8347,355.432,PENDING_AG03,FALSE,NOT_FOR_ENFORCEMENT,487.8901,2994.8070,493.5443,462.4024,5.6542,0.14165243,0.13271437,31.1419,462.4024,0.13271437,31.1419,31.1419,31.1419,31.1419,31.1419,462.4024,0.13271437,155.7096,138.1123,337.8347,355.432,0.09696213,0.10201273,0.00162282,79.1862,72.4083,11.7962,173.0107,47.1847,1161.3975,14.6667,,79.1862,85.2079,85.2079,85.2079,85.2079,85.2079,85.2079,85.2079,-29.5842,1.0,1.0,0.929329,8,12,3,2,0E-8,0.14896767,,0.00800000,0.800000,0.914406,0.977273,,2026-06-20,2026-07-01,3,11,9,12,0.250000,,,0.000000,,,,,,,,GLOBAL_BASELINE_NO_ENTITY_RANKING,,,NOT_APPLICABLE_GLOBAL_BASELINE,HF9g-P5,,,,X 全窗基线 · 不参与实体赏罚,8392558,840,A168_HF9F_20260827_0900,2026-08-27 09:00:00
2026-06-29,151320561,2205,0,170.4158145876,170.4158145876,171.7791411042,1.0000000,2,2,0.49994810000000000,0.499948100000,1.4143603653603398,1.4143603653603398,1.4143603653603398,0E-17,ELIGIBLE,R03b_20260811_FULL_v1,L1_ELIGIBILITY,v2026-08-11,2026-03-21..2026-08-06,baccarat_bet02_101_all_pairs_incl_sentinel,round_win = game_pnl > 0 (decisive only),COMPATIBILITY_ONLY_NOT_PRODUCTION,3484.1926,3185.9649,519.0321,44,44,-0.14896767,,-0.14896767,-0.15628292,-519.0321,3484.1926,OK,25.4877,31.1419,6.0000,94.0000,AG03-UNRESOLVED,ALL5_LEVELS_bet23_to_bet27,31.1419,31.1419,31.1419,31.1419,31.1419,6.000000,6.000000,6.000000,6.000000,6.000000,94.000000,94.000000,94.000000,94.000000,94.000000,5.0,155.7096,138.1123,337.8347,355.432,PENDING_AG03,FALSE,NOT_FOR_ENFORCEMENT,487.8901,2994.8070,493.5443,462.4024,5.6542,0.14165243,0.13271437,31.1419,462.4024,0.13271437,31.1419,31.1419,31.1419,31.1419,31.1419,462.4024,0.13271437,155.7096,138.1123,337.8347,355.432,0.09696213,0.10201273,0.00162282,79.1862,72.4083,11.7962,173.0107,47.1847,1161.3975,14.6667,,79.1862,85.2079,85.2079,85.2079,85.2079,85.2079,85.2079,85.2079,-29.5842,1.0,1.0,0.929329,8,12,3,2,0E-8,0.14896767,,0.00800000,0.800000,0.914406,0.977273,,2026-06-20,2026-07-01,3,11,9,12,0.250000,,,0.000000,,,,,,,,GLOBAL_BASELINE_NO_ENTITY_RANKING,,,NOT_APPLICABLE_GLOBAL_BASELINE,HF9g-P5,,,,X 全窗基线 · 不参与实体赏罚,8392559,840,A168_HF9F_20260827_0900,2026-08-27 09:00:00
2026-06-29,151320561,2209,0,766.8711656442,-85.2079072938,-80.4362644853,0.4285714,9,9,0.49324550000000000,0.493245500000,-0.3422542494892156,-0.3422542494892157,-0.3422542494892156,0E-17,ELIGIBLE,R03b_20260811_FULL_v1,L1_ELIGIBILITY,v2026-08-11,2026-03-21..2026-08-06,baccarat_bet02_101_all_pairs_incl_sentinel,round_win = game_pnl > 0 (decisive only),COMPATIBILITY_ONLY_NOT_PRODUCTION,3484.1926,3185.9649,519.0321,44,44,-0.14896767,,-0.14896767,-0.15628292,-519.0321,3484.1926,OK,25.4877,31.1419,6.0000,94.0000,AG03-UNRESOLVED,ALL5_LEVELS_bet23_to_bet27,31.1419,31.1419,31.1419,31.1419,31.1419,6.000000,6.000000,6.000000,6.000000,6.000000,94.000000,94.000000,94.000000,94.000000,94.000000,5.0,155.7096,138.1123,337.8347,355.432,PENDING_AG03,FALSE,NOT_FOR_ENFORCEMENT,487.8901,2994.8070,493.5443,462.4024,5.6542,0.14165243,0.13271437,31.1419,462.4024,0.13271437,31.1419,31.1419,31.1419,31.1419,31.1419,462.4024,0.13271437,155.7096,138.1123,337.8347,355.432,0.09696213,0.10201273,0.00162282,79.1862,72.4083,11.7962,173.0107,47.1847,1161.3975,14.6667,,79.1862,85.2079,85.2079,85.2079,85.2079,85.2079,85.2079,85.2079,-29.5842,1.0,1.0,0.929329,8,12,3,2,0E-8,0.14896767,,0.00800000,0.800000,0.914406,0.977273,,2026-06-20,2026-07-01,3,11,9,12,0.250000,,,0.000000,,,,,,,,GLOBAL_BASELINE_NO_ENTITY_RANKING,,,NOT_APPLICABLE_GLOBAL_BASELINE,HF9g-P5,,,,X 全窗基线 · 不参与实体赏罚,8392560,840,A168_HF9F_20260827_0900,2026-08-27 09:00:00
2026-06-29,151320561,2287,0,408.9979550102,-68.1663258350,-64.8943421950,0.4000000,5,5,0.49860758000000000,0.498607580000,-0.440988213962219,-0.440988213962219,-0.440988213962219,0E-17,ELIGIBLE,R03b_20260811_FULL_v1,L1_ELIGIBILITY,v2026-08-11,2026-03-21..2026-08-06,baccarat_bet02_101_all_pairs_incl_sentinel,round_win = game_pnl > 0 (decisive only),COMPATIBILITY_ONLY_NOT_PRODUCTION,3484.1926,3185.9649,519.0321,44,44,-0.14896767,,-0.14896767,-0.15628292,-519.0321,3484.1926,OK,25.4877,31.1419,6.0000,94.0000,AG03-UNRESOLVED,ALL5_LEVELS_bet23_to_bet27,31.1419,31.1419,31.1419,31.1419,31.1419,6.000000,6.000000,6.000000,6.000000,6.000000,94.000000,94.000000,94.000000,94.000000,94.000000,5.0,155.7096,138.1123,337.8347,355.432,PENDING_AG03,FALSE,NOT_FOR_ENFORCEMENT,487.8901,2994.8070,493.5443,462.4024,5.6542,0.14165243,0.13271437,31.1419,462.4024,0.13271437,31.1419,31.1419,31.1419,31.1419,31.1419,462.4024,0.13271437,155.7096,138.1123,337.8347,355.432,0.09696213,0.10201273,0.00162282,79.1862,72.4083,11.7962,173.0107,47.1847,1161.3975,14.6667,,79.1862,85.2079,85.2079,85.2079,85.2079,85.2079,85.2079,85.2079,-29.5842,1.0,1.0,0.929329,8,12,3,2,0E-8,0.14896767,,0.00800000,0.800000,0.914406,0.977273,,2026-06-20,2026-07-01,3,11,9,12,0.250000,,,0.000000,,,,,,,,GLOBAL_BASELINE_NO_ENTITY_RANKING,,,NOT_APPLICABLE_GLOBAL_BASELINE,HF9g-P5,,,,X 全窗基线 · 不参与实体赏罚,8392561,840,A168_HF9F_20260827_0900,2026-08-27 09:00:00
2026-06-29,151320561,919,0,85.2079072938,-85.2079072938,-84.5262440354,0E-7,1,1,0.49324550000000000,0.493245500000,-0.9865810262130424,-0.9865810262130424,-0.9865810262130424,0E-17,ELIGIBLE,R03b_20260811_FULL_v1,L1_ELIGIBILITY,v2026-08-11,2026-03-21..2026-08-06,baccarat_bet02_101_all_pairs_incl_sentinel,round_win = game_pnl > 0 (decisive only),COMPATIBILITY_ONLY_NOT_PRODUCTION,3484.1926,3185.9649,519.0321,44,44,-0.14896767,,-0.14896767,-0.15628292,-519.0321,3484.1926,OK,25.4877,31.1419,6.0000,94.0000,AG03-UNRESOLVED,ALL5_LEVELS_bet23_to_bet27,31.1419,31.1419,31.1419,31.1419,31.1419,6.000000,6.000000,6.000000,6.000000,6.000000,94.000000,94.000000,94.000000,94.000000,94.000000,5.0,155.7096,138.1123,337.8347,355.432,PENDING_AG03,FALSE,NOT_FOR_ENFORCEMENT,487.8901,2994.8070,493.5443,462.4024,5.6542,0.14165243,0.13271437,31.1419,462.4024,0.13271437,31.1419,31.1419,31.1419,31.1419,31.1419,462.4024,0.13271437,155.7096,138.1123,337.8347,355.432,0.09696213,0.10201273,0.00162282,79.1862,72.4083,11.7962,173.0107,47.1847,1161.3975,14.6667,,79.1862,85.2079,85.2079,85.2079,85.2079,85.2079,85.2079,85.2079,-29.5842,1.0,1.0,0.929329,8,12,3,2,0E-8,0.14896767,,0.00800000,0.800000,0.914406,0.977273,,2026-06-20,2026-07-01,3,11,9,12,0.250000,,,0.000000,,,,,,,,GLOBAL_BASELINE_NO_ENTITY_RANKING,,,NOT_APPLICABLE_GLOBAL_BASELINE,HF9g-P5,,,,X 全窗基线 · 不参与实体赏罚,8392562,840,A168_HF9F_20260827_0900,2026-08-27 09:00:00
2026-07-01,151320561,1205,0,33.2723340542,-33.2723340542,-33.0061553818,0E-7,2,2,0.49994810000000000,0.499948100000,-1.4140667746232096,-1.4140667746232096,-1.4140667746232096,0E-17,ELIGIBLE,R03b_20260811_FULL_v1,L1_ELIGIBILITY,v2026-08-11,2026-03-21..2026-08-06,baccarat_bet02_101_all_pairs_incl_sentinel,round_win = game_pnl > 0 (decisive only),COMPATIBILITY_ONLY_NOT_PRODUCTION,3484.1926,3185.9649,519.0321,44,44,-0.14896767,,-0.14896767,-0.15628292,-519.0321,3484.1926,OK,25.4877,31.1419,6.0000,94.0000,AG03-UNRESOLVED,ALL5_LEVELS_bet23_to_bet27,31.1419,31.1419,31.1419,31.1419,31.1419,6.000000,6.000000,6.000000,6.000000,6.000000,94.000000,94.000000,94.000000,94.000000,94.000000,5.0,155.7096,138.1123,337.8347,355.432,PENDING_AG03,FALSE,NOT_FOR_ENFORCEMENT,487.8901,2994.8070,493.5443,462.4024,5.6542,0.14165243,0.13271437,31.1419,462.4024,0.13271437,31.1419,31.1419,31.1419,31.1419,31.1419,462.4024,0.13271437,155.7096,138.1123,337.8347,355.432,0.09696213,0.10201273,0.00162282,79.1862,72.4083,11.7962,173.0107,47.1847,1161.3975,14.6667,,79.1862,85.2079,85.2079,85.2079,85.2079,85.2079,85.2079,85.2079,-29.5842,1.0,1.0,0.929329,8,12,3,2,0E-8,0.14896767,,0.00800000,0.800000,0.914406,0.977273,,2026-06-20,2026-07-01,3,11,9,12,0.250000,,,0.000000,,,,,,,,GLOBAL_BASELINE_NO_ENTITY_RANKING,,,NOT_APPLICABLE_GLOBAL_BASELINE,HF9g-P5,,,,X 全窗基线 · 不参与实体赏罚,8392563,840,A168_HF9F_20260827_0900,2026-08-27 09:00:00
2026-06-11,151309642,1507,0,3657.8526473215,137.8185821407,137.8185821407,0.5238095,46,21,0.41979004504133633,0.310622311905,0.9658633010100725,2.1111829105535196,0.9658633010100725,0.10916773313633633,ELIGIBLE,R03b_20260811_FULL_v1,L1_ELIGIBILITY,v2026-08-11,2026-03-21..2026-08-06,baccarat_bet02_101_all_pairs_incl_sentinel,round_win = game_pnl > 0 (decisive only),COMPATIBILITY_ONLY_NOT_PRODUCTION,4677.4213,4128.1134,481.7178,61,31,-0.10298789,-0.55813435,0.00625000,-0.10298789,-481.7178,4677.4213,OK,0.0000,19.2687,4.0000,96.0000,AG03-UNRESOLVED,ALL5_LEVELS_bet23_to_bet27,19.2687,19.2687,19.2687,0.0000,0.0000,4.000000,4.000000,4.000000,0.000000,0.000000,96.000000,96.000000,96.000000,100.000000,100.000000,5.0,57.8061,55.5247,423.9116,426.193,PENDING_AG03,FALSE,NOT_FOR_ENFORCEMENT,462.4490,3962.9889,481.7178,462.4490,19.2687,0.10298789,0.09886838,19.2687,462.4490,0.09886838,19.2687,19.2687,19.2687,0.0000,0.0000,462.4490,0.09886838,57.8061,55.5247,423.9116,426.193,0.09062934,0.0911171,0.00411952,76.6790,133.1649,15.5393,240.8589,240.8589,2338.7107,15.5000,69.6404,78.5853,31.1572,51.9286,101.8795,170.3259,186.8392,365.3074,41.5429,-31.1572,3.598,7.034798,1.476624,2,3,2,3,0.19355231,0.10298789,0.55813435,0E-8,0.000000,0.882562,0.000000,-0.56438435,2026-06-11,2026-08-06,2,2,2,57,0.035088,0.886176,0.908207,0.645174,,,,,,,,GLOBAL_BASELINE_NO_ENTITY_RANKING,,,NOT_APPLICABLE_GLOBAL_BASELINE,HF9g-P5,,,,X 全窗基线 · 不参与实体赏罚,8392564,840,A168_HF9F_20260827_0900,2026-08-27 09:00:00
2026-06-11,151309642,2276,0,114.2429844422,-114.2429844422,-114.2429844422,0E-7,2,1,0.42076500909078220,0.293924150000,-0.8522998533380778,-0.6451964315166089,-0.8522998533380778,0.12684085909078220,ELIGIBLE,R03b_20260811_FULL_v1,L1_ELIGIBILITY,v2026-08-11,2026-03-21..2026-08-06,baccarat_bet02_101_all_pairs_incl_sentinel,round_win = game_pnl > 0 (decisive only),COMPATIBILITY_ONLY_NOT_PRODUCTION,4677.4213,4128.1134,481.7178,61,31,-0.10298789,-0.55813435,0.00625000,-0.10298789,-481.7178,4677.4213,OK,0.0000,19.2687,4.0000,96.0000,AG03-UNRESOLVED,ALL5_LEVELS_bet23_to_bet27,19.2687,19.2687,19.2687,0.0000,0.0000,4.000000,4.000000,4.000000,0.000000,0.000000,96.000000,96.000000,96.000000,100.000000,100.000000,5.0,57.8061,55.5247,423.9116,426.193,PENDING_AG03,FALSE,NOT_FOR_ENFORCEMENT,462.4490,3962.9889,481.7178,462.4490,19.2687,0.10298789,0.09886838,19.2687,462.4490,0.09886838,19.2687,19.2687,19.2687,0.0000,0.0000,462.4490,0.09886838,57.8061,55.5247,423.9116,426.193,0.09062934,0.0911171,0.00411952,76.6790,133.1649,15.5393,240.8589,240.8589,2338.7107,15.5000,69.6404,78.5853,31.1572,51.9286,101.8795,170.3259,186.8392,365.3074,41.5429,-31.1572,3.598,7.034798,1.476624,2,3,2,3,0.19355231,0.10298789,0.55813435,0E-8,0.000000,0.882562,0.000000,-0.56438435,2026-06-11,2026-08-06,2,2,2,57,0.035088,0.886176,0.908207,0.645174,,,,,,,,GLOBAL_BASELINE_NO_ENTITY_RANKING,,,NOT_APPLICABLE_GLOBAL_BASELINE,HF9g-P5,,,,X 全窗基线 · 不参与实体赏罚,8392565,840,A168_HF9F_20260827_0900,2026-08-27 09:00:00
2026-08-06,151309642,2142,0,905.3256828832,-505.2933570389,-505.2933570389,0.2222222,13,9,0.47513160732325985,0.442131144444,-1.5193367021552704,-1.3283805018441743,-1.5193367021552704,0.03300046287925985,ELIGIBLE,R03b_20260811_FULL_v1,L1_ELIGIBILITY,v2026-08-11,2026-03-21..2026-08-06,baccarat_bet02_101_all_pairs_incl_sentinel,round_win = game_pnl > 0 (decisive only),COMPATIBILITY_ONLY_NOT_PRODUCTION,4677.4213,4128.1134,481.7178,61,31,-0.10298789,-0.55813435,0.00625000,-0.10298789,-481.7178,4677.4213,OK,0.0000,19.2687,4.0000,96.0000,AG03-UNRESOLVED,ALL5_LEVELS_bet23_to_bet27,19.2687,19.2687,19.2687,0.0000,0.0000,4.000000,4.000000,4.000000,0.000000,0.000000,96.000000,96.000000,96.000000,100.000000,100.000000,5.0,57.8061,55.5247,423.9116,426.193,PENDING_AG03,FALSE,NOT_FOR_ENFORCEMENT,462.4490,3962.9889,481.7178,462.4490,19.2687,0.10298789,0.09886838,19.2687,462.4490,0.09886838,19.2687,19.2687,19.2687,0.0000,0.0000,462.4490,0.09886838,57.8061,55.5247,423.9116,426.193,0.09062934,0.0911171,0.00411952,76.6790,133.1649,15.5393,240.8589,240.8589,2338.7107,15.5000,69.6404,78.5853,31.1572,51.9286,101.8795,170.3259,186.8392,365.3074,41.5429,-31.1572,3.598,7.034798,1.476624,2,3,2,3,0.19355231,0.10298789,0.55813435,0E-8,0.000000,0.882562,0.000000,-0.56438435,2026-06-11,2026-08-06,2,2,2,57,0.035088,0.886176,0.908207,0.645174,,,,,,,,GLOBAL_BASELINE_NO_ENTITY_RANKING,,,NOT_APPLICABLE_GLOBAL_BASELINE,HF9g-P5,,,,X 全窗基线 · 不参与实体赏罚,8392566,840,A168_HF9F_20260827_0900,2026-08-27 09:00:00
2026-03-26,147815034,2123,0,68.5871056241,-68.5871056241,-68.5871056241,0E-7,1,1,0.49324550000000000,0.493245500000,-0.9865810262130424,-0.9865810262130424,-0.9865810262130424,0E-17,ELIGIBLE,R03b_20260811_FULL_v1,L1_ELIGIBILITY,v2026-08-11,2026-03-21..2026-08-06,baccarat_bet02_101_all_pairs_incl_sentinel,round_win = game_pnl > 0 (decisive only),COMPATIBILITY_ONLY_NOT_PRODUCTION,1612.7532,1488.6153,481.7188,37,35,-0.29869341,,-0.29869341,-0.29869341,-481.7188,1612.7532,OK,0.0000,19.2688,4.0000,96.0000,AG03-UNRESOLVED,ALL5_LEVELS_bet23_to_bet27,19.2688,19.2688,24.0859,24.0859,24.0859,4.000000,4.000000,5.000000,5.000000,5.000000,96.000000,96.000000,95.000000,95.000000,95.000000,5.0,110.7953,101.0854,370.9234,380.6334,PENDING_AG03,FALSE,NOT_FOR_ENFORCEMENT,462.4500,1429.0707,481.7188,462.4500,19.2688,0.29869341,0.28674567,19.2688,462.4500,0.28674567,19.2688,19.2688,24.0859,24.0859,24.0859,462.4500,0.28674567,110.7953,101.0854,370.9234,380.6334,0.22999392,0.23601463,0.01194774,43.5879,42.5319,13.7634,160.5729,15.0537,537.5844,11.6667,,43.5879,34.4828,34.4828,68.6817,68.9655,68.9655,103.4483,34.4828,-34.4828,2.0,3.0,1.26405,19,19,3,4,0E-8,0.29869341,,0E-8,0.000000,0.923027,0.837838,,2026-03-26,2026-05-04,3,32,21,40,0.075000,,,0.000000,,,,,,,,GLOBAL_BASELINE_NO_ENTITY_RANKING,,,NOT_APPLICABLE_GLOBAL_BASELINE,HF9g-P5,,,,X 全窗基线 · 不参与实体赏罚,8392567,840,A168_HF9F_20260827_0900,2026-08-27 09:00:00
2026-03-26,147815034,2220,0,68.5871056241,-68.5871056241,-68.5871056241,0E-7,1,1,0.49324550000000000,0.493245500000,-0.9865810262130424,-0.9865810262130424,-0.9865810262130424,0E-17,ELIGIBLE,R03b_20260811_FULL_v1,L1_ELIGIBILITY,v2026-08-11,2026-03-21..2026-08-06,baccarat_bet02_101_all_pairs_incl_sentinel,round_win = game_pnl > 0 (decisive only),COMPATIBILITY_ONLY_NOT_PRODUCTION,1612.7532,1488.6153,481.7188,37,35,-0.29869341,,-0.29869341,-0.29869341,-481.7188,1612.7532,OK,0.0000,19.2688,4.0000,96.0000,AG03-UNRESOLVED,ALL5_LEVELS_bet23_to_bet27,19.2688,19.2688,24.0859,24.0859,24.0859,4.000000,4.000000,5.000000,5.000000,5.000000,96.000000,96.000000,95.000000,95.000000,95.000000,5.0,110.7953,101.0854,370.9234,380.6334,PENDING_AG03,FALSE,NOT_FOR_ENFORCEMENT,462.4500,1429.0707,481.7188,462.4500,19.2688,0.29869341,0.28674567,19.2688,462.4500,0.28674567,19.2688,19.2688,24.0859,24.0859,24.0859,462.4500,0.28674567,110.7953,101.0854,370.9234,380.6334,0.22999392,0.23601463,0.01194774,43.5879,42.5319,13.7634,160.5729,15.0537,537.5844,11.6667,,43.5879,34.4828,34.4828,68.6817,68.9655,68.9655,103.4483,34.4828,-34.4828,2.0,3.0,1.26405,19,19,3,4,0E-8,0.29869341,,0E-8,0.000000,0.923027,0.837838,,2026-03-26,2026-05-04,3,32,21,40,0.075000,,,0.000000,,,,,,,,GLOBAL_BASELINE_NO_ENTITY_RANKING,,,NOT_APPLICABLE_GLOBAL_BASELINE,HF9g-P5,,,,X 全窗基线 · 不参与实体赏罚,8392568,840,A168_HF9F_20260827_0900,2026-08-27 09:00:00
2026-04-14,147815034,-1,1,641.3793103450,-89.6551724138,-89.6551724138,0.3333333,13,13,0.49737017692307692,0.497370176923,-1.1364963096988183,-1.1364963096982865,-1.1364963096988183,7.692E-14,SENTINEL_DEALER,R03b_20260811_FULL_v1,L1_ELIGIBILITY,v2026-08-11,2026-03-21..2026-08-06,baccarat_bet02_101_all_pairs_incl_sentinel,round_win = game_pnl > 0 (decisive only),COMPATIBILITY_ONLY_NOT_PRODUCTION,1612.7532,1488.6153,481.7188,37,35,-0.29869341,,-0.29869341,-0.29869341,-481.7188,1612.7532,OK,0.0000,19.2688,4.0000,96.0000,AG03-UNRESOLVED,ALL5_LEVELS_bet23_to_bet27,19.2688,19.2688,24.0859,24.0859,24.0859,4.000000,4.000000,5.000000,5.000000,5.000000,96.000000,96.000000,95.000000,95.000000,95.000000,5.0,110.7953,101.0854,370.9234,380.6334,PENDING_AG03,FALSE,NOT_FOR_ENFORCEMENT,462.4500,1429.0707,481.7188,462.4500,19.2688,0.29869341,0.28674567,19.2688,462.4500,0.28674567,19.2688,19.2688,24.0859,24.0859,24.0859,462.4500,0.28674567,110.7953,101.0854,370.9234,380.6334,0.22999392,0.23601463,0.01194774,43.5879,42.5319,13.7634,160.5729,15.0537,537.5844,11.6667,,43.5879,34.4828,34.4828,68.6817,68.9655,68.9655,103.4483,34.4828,-34.4828,2.0,3.0,1.26405,19,19,3,4,0E-8,0.29869341,,0E-8,0.000000,0.923027,0.837838,,2026-03-26,2026-05-04,3,32,21,40,0.075000,,,0.000000,,,,,,,,GLOBAL_BASELINE_NO_ENTITY_RANKING,,,NOT_APPLICABLE_GLOBAL_BASELINE,HF9g-P5,,,,X 全窗基线 · 不参与实体赏罚,8392569,840,A168_HF9F_20260827_0900,2026-08-27 09:00:00
2026-04-14,147815034,1157,0,34.4827586207,-34.4827586207,-34.4827586207,0E-7,1,1,0.49324550000000000,0.493245500000,-0.9865810262130424,-0.9865810262130424,-0.9865810262130424,0E-17,ELIGIBLE,R03b_20260811_FULL_v1,L1_ELIGIBILITY,v2026-08-11,2026-03-21..2026-08-06,baccarat_bet02_101_all_pairs_incl_sentinel,round_win = game_pnl > 0 (decisive only),COMPATIBILITY_ONLY_NOT_PRODUCTION,1612.7532,1488.6153,481.7188,37,35,-0.29869341,,-0.29869341,-0.29869341,-481.7188,1612.7532,OK,0.0000,19.2688,4.0000,96.0000,AG03-UNRESOLVED,ALL5_LEVELS_bet23_to_bet27,19.2688,19.2688,24.0859,24.0859,24.0859,4.000000,4.000000,5.000000,5.000000,5.000000,96.000000,96.000000,95.000000,95.000000,95.000000,5.0,110.7953,101.0854,370.9234,380.6334,PENDING_AG03,FALSE,NOT_FOR_ENFORCEMENT,462.4500,1429.0707,481.7188,462.4500,19.2688,0.29869341,0.28674567,19.2688,462.4500,0.28674567,19.2688,19.2688,24.0859,24.0859,24.0859,462.4500,0.28674567,110.7953,101.0854,370.9234,380.6334,0.22999392,0.23601463,0.01194774,43.5879,42.5319,13.7634,160.5729,15.0537,537.5844,11.6667,,43.5879,34.4828,34.4828,68.6817,68.9655,68.9655,103.4483,34.4828,-34.4828,2.0,3.0,1.26405,19,19,3,4,0E-8,0.29869341,,0E-8,0.000000,0.923027,0.837838,,2026-03-26,2026-05-04,3,32,21,40,0.075000,,,0.000000,,,,,,,,GLOBAL_BASELINE_NO_ENTITY_RANKING,,,NOT_APPLICABLE_GLOBAL_BASELINE,HF9g-P5,,,,X 全窗基线 · 不参与实体赏罚,8392570,840,A168_HF9F_20260827_0900,2026-08-27 09:00:00
2026-04-14,147815034,1307,0,34.4827586207,-34.4827586207,-34.4827586207,0E-7,1,1,0.50665070000000000,0.506650700000,-1.013391052207602,-1.013391052207602,-1.013391052207602,0E-17,ELIGIBLE,R03b_20260811_FULL_v1,L1_ELIGIBILITY,v2026-08-11,2026-03-21..2026-08-06,baccarat_bet02_101_all_pairs_incl_sentinel,round_win = game_pnl > 0 (decisive only),COMPATIBILITY_ONLY_NOT_PRODUCTION,1612.7532,1488.6153,481.7188,37,35,-0.29869341,,-0.29869341,-0.29869341,-481.7188,1612.7532,OK,0.0000,19.2688,4.0000,96.0000,AG03-UNRESOLVED,ALL5_LEVELS_bet23_to_bet27,19.2688,19.2688,24.0859,24.0859,24.0859,4.000000,4.000000,5.000000,5.000000,5.000000,96.000000,96.000000,95.000000,95.000000,95.000000,5.0,110.7953,101.0854,370.9234,380.6334,PENDING_AG03,FALSE,NOT_FOR_ENFORCEMENT,462.4500,1429.0707,481.7188,462.4500,19.2688,0.29869341,0.28674567,19.2688,462.4500,0.28674567,19.2688,19.2688,24.0859,24.0859,24.0859,462.4500,0.28674567,110.7953,101.0854,370.9234,380.6334,0.22999392,0.23601463,0.01194774,43.5879,42.5319,13.7634,160.5729,15.0537,537.5844,11.6667,,43.5879,34.4828,34.4828,68.6817,68.9655,68.9655,103.4483,34.4828,-34.4828,2.0,3.0,1.26405,19,19,3,4,0E-8,0.29869341,,0E-8,0.000000,0.923027,0.837838,,2026-03-26,2026-05-04,3,32,21,40,0.075000,,,0.000000,,,,,,,,GLOBAL_BASELINE_NO_ENTITY_RANKING,,,NOT_APPLICABLE_GLOBAL_BASELINE,HF9g-P5,,,,X 全窗基线 · 不参与实体赏罚,8392571,840,A168_HF9F_20260827_0900,2026-08-27 09:00:00
2026-04-14,147815034,1318,0,103.4482758621,-34.4827586207,-34.4827586207,0.5000000,2,2,0.50665070000000000,0.506650700000,-0.018812684590367487,-0.018812684590367487,-0.018812684590367487,0E-17,ELIGIBLE,R03b_20260811_FULL_v1,L1_ELIGIBILITY,v2026-08-11,2026-03-21..2026-08-06,baccarat_bet02_101_all_pairs_incl_sentinel,round_win = game_pnl > 0 (decisive only),COMPATIBILITY_ONLY_NOT_PRODUCTION,1612.7532,1488.6153,481.7188,37,35,-0.29869341,,-0.29869341,-0.29869341,-481.7188,1612.7532,OK,0.0000,19.2688,4.0000,96.0000,AG03-UNRESOLVED,ALL5_LEVELS_bet23_to_bet27,19.2688,19.2688,24.0859,24.0859,24.0859,4.000000,4.000000,5.000000,5.000000,5.000000,96.000000,96.000000,95.000000,95.000000,95.000000,5.0,110.7953,101.0854,370.9234,380.6334,PENDING_AG03,FALSE,NOT_FOR_ENFORCEMENT,462.4500,1429.0707,481.7188,462.4500,19.2688,0.29869341,0.28674567,19.2688,462.4500,0.28674567,19.2688,19.2688,24.0859,24.0859,24.0859,462.4500,0.28674567,110.7953,101.0854,370.9234,380.6334,0.22999392,0.23601463,0.01194774,43.5879,42.5319,13.7634,160.5729,15.0537,537.5844,11.6667,,43.5879,34.4828,34.4828,68.6817,68.9655,68.9655,103.4483,34.4828,-34.4828,2.0,3.0,1.26405,19,19,3,4,0E-8,0.29869341,,0E-8,0.000000,0.923027,0.837838,,2026-03-26,2026-05-04,3,32,21,40,0.075000,,,0.000000,,,,,,,,GLOBAL_BASELINE_NO_ENTITY_RANKING,,,NOT_APPLICABLE_GLOBAL_BASELINE,HF9g-P5,,,,X 全窗基线 · 不参与实体赏罚,8392572,840,A168_HF9F_20260827_0900,2026-08-27 09:00:00
2026-04-14,147815034,1935,0,68.9655172414,-68.9655172414,-68.9655172414,0E-7,1,1,0.49324550000000000,0.493245500000,-0.9865810262130424,-0.9865810262130424,-0.9865810262130424,0E-17,ELIGIBLE,R03b_20260811_FULL_v1,L1_ELIGIBILITY,v2026-08-11,2026-03-21..2026-08-06,baccarat_bet02_101_all_pairs_incl_sentinel,round_win = game_pnl > 0 (decisive only),COMPATIBILITY_ONLY_NOT_PRODUCTION,1612.7532,1488.6153,481.7188,37,35,-0.29869341,,-0.29869341,-0.29869341,-481.7188,1612.7532,OK,0.0000,19.2688,4.0000,96.0000,AG03-UNRESOLVED,ALL5_LEVELS_bet23_to_bet27,19.2688,19.2688,24.0859,24.0859,24.0859,4.000000,4.000000,5.000000,5.000000,5.000000,96.000000,96.000000,95.000000,95.000000,95.000000,5.0,110.7953,101.0854,370.9234,380.6334,PENDING_AG03,FALSE,NOT_FOR_ENFORCEMENT,462.4500,1429.0707,481.7188,462.4500,19.2688,0.29869341,0.28674567,19.2688,462.4500,0.28674567,19.2688,19.2688,24.0859,24.0859,24.0859,462.4500,0.28674567,110.7953,101.0854,370.9234,380.6334,0.22999392,0.23601463,0.01194774,43.5879,42.5319,13.7634,160.5729,15.0537,537.5844,11.6667,,43.5879,34.4828,34.4828,68.6817,68.9655,68.9655,103.4483,34.4828,-34.4828,2.0,3.0,1.26405,19,19,3,4,0E-8,0.29869341,,0E-8,0.000000,0.923027,0.837838,,2026-03-26,2026-05-04,3,32,21,40,0.075000,,,0.000000,,,,,,,,GLOBAL_BASELINE_NO_ENTITY_RANKING,,,NOT_APPLICABLE_GLOBAL_BASELINE,HF9g-P5,,,,X 全窗基线 · 不参与实体赏罚,8392573,840,A168_HF9F_20260827_0900,2026-08-27 09:00:00
2026-04-14,147815034,1966,0,34.4827586207,34.4827586207,34.4827586207,1.0000000,1,1,0.49324550000000000,0.493245500000,1.01360149184955,1.01360149184955,1.01360149184955,0E-17,ELIGIBLE,R03b_20260811_FULL_v1,L1_ELIGIBILITY,v2026-08-11,2026-03-21..2026-08-06,baccarat_bet02_101_all_pairs_incl_sentinel,round_win = game_pnl > 0 (decisive only),COMPATIBILITY_ONLY_NOT_PRODUCTION,1612.7532,1488.6153,481.7188,37,35,-0.29869341,,-0.29869341,-0.29869341,-481.7188,1612.7532,OK,0.0000,19.2688,4.0000,96.0000,AG03-UNRESOLVED,ALL5_LEVELS_bet23_to_bet27,19.2688,19.2688,24.0859,24.0859,24.0859,4.000000,4.000000,5.000000,5.000000,5.000000,96.000000,96.000000,95.000000,95.000000,95.000000,5.0,110.7953,101.0854,370.9234,380.6334,PENDING_AG03,FALSE,NOT_FOR_ENFORCEMENT,462.4500,1429.0707,481.7188,462.4500,19.2688,0.29869341,0.28674567,19.2688,462.4500,0.28674567,19.2688,19.2688,24.0859,24.0859,24.0859,462.4500,0.28674567,110.7953,101.0854,370.9234,380.6334,0.22999392,0.23601463,0.01194774,43.5879,42.5319,13.7634,160.5729,15.0537,537.5844,11.6667,,43.5879,34.4828,34.4828,68.6817,68.9655,68.9655,103.4483,34.4828,-34.4828,2.0,3.0,1.26405,19,19,3,4,0E-8,0.29869341,,0E-8,0.000000,0.923027,0.837838,,2026-03-26,2026-05-04,3,32,21,40,0.075000,,,0.000000,,,,,,,,GLOBAL_BASELINE_NO_ENTITY_RANKING,,,NOT_APPLICABLE_GLOBAL_BASELINE,HF9g-P5,,,,X 全窗基线 · 不参与实体赏罚,8392574,840,A168_HF9F_20260827_0900,2026-08-27 09:00:00
2026-04-14,147815034,2063,0,55.1724137931,55.1724137931,55.1724137931,1.0000000,1,1,0.49324550000000000,0.493245500000,1.01360149184955,1.01360149184955,1.01360149184955,0E-17,ELIGIBLE,R03b_20260811_FULL_v1,L1_ELIGIBILITY,v2026-08-11,2026-03-21..2026-08-06,baccarat_bet02_101_all_pairs_incl_sentinel,round_win = game_pnl > 0 (decisive only),COMPATIBILITY_ONLY_NOT_PRODUCTION,1612.7532,1488.6153,481.7188,37,35,-0.29869341,,-0.29869341,-0.29869341,-481.7188,1612.7532,OK,0.0000,19.2688,4.0000,96.0000,AG03-UNRESOLVED,ALL5_LEVELS_bet23_to_bet27,19.2688,19.2688,24.0859,24.0859,24.0859,4.000000,4.000000,5.000000,5.000000,5.000000,96.000000,96.000000,95.000000,95.000000,95.000000,5.0,110.7953,101.0854,370.9234,380.6334,PENDING_AG03,FALSE,NOT_FOR_ENFORCEMENT,462.4500,1429.0707,481.7188,462.4500,19.2688,0.29869341,0.28674567,19.2688,462.4500,0.28674567,19.2688,19.2688,24.0859,24.0859,24.0859,462.4500,0.28674567,110.7953,101.0854,370.9234,380.6334,0.22999392,0.23601463,0.01194774,43.5879,42.5319,13.7634,160.5729,15.0537,537.5844,11.6667,,43.5879,34.4828,34.4828,68.6817,68.9655,68.9655,103.4483,34.4828,-34.4828,2.0,3.0,1.26405,19,19,3,4,0E-8,0.29869341,,0E-8,0.000000,0.923027,0.837838,,2026-03-26,2026-05-04,3,32,21,40,0.075000,,,0.000000,,,,,,,,GLOBAL_BASELINE_NO_ENTITY_RANKING,,,NOT_APPLICABLE_GLOBAL_BASELINE,HF9g-P5,,,,X 全窗基线 · 不参与实体赏罚,8392575,840,A168_HF9F_20260827_0900,2026-08-27 09:00:00
2026-04-14,147815034,2115,0,34.4827586207,34.4827586207,34.4827586207,1.0000000,1,1,0.49324550000000000,0.493245500000,1.01360149184955,1.01360149184955,1.01360149184955,0E-17,ELIGIBLE,R03b_20260811_FULL_v1,L1_ELIGIBILITY,v2026-08-11,2026-03-21..2026-08-06,baccarat_bet02_101_all_pairs_incl_sentinel,round_win = game_pnl > 0 (decisive only),COMPATIBILITY_ONLY_NOT_PRODUCTION,1612.7532,1488.6153,481.7188,37,35,-0.29869341,,-0.29869341,-0.29869341,-481.7188,1612.7532,OK,0.0000,19.2688,4.0000,96.0000,AG03-UNRESOLVED,ALL5_LEVELS_bet23_to_bet27,19.2688,19.2688,24.0859,24.0859,24.0859,4.000000,4.000000,5.000000,5.000000,5.000000,96.000000,96.000000,95.000000,95.000000,95.000000,5.0,110.7953,101.0854,370.9234,380.6334,PENDING_AG03,FALSE,NOT_FOR_ENFORCEMENT,462.4500,1429.0707,481.7188,462.4500,19.2688,0.29869341,0.28674567,19.2688,462.4500,0.28674567,19.2688,19.2688,24.0859,24.0859,24.0859,462.4500,0.28674567,110.7953,101.0854,370.9234,380.6334,0.22999392,0.23601463,0.01194774,43.5879,42.5319,13.7634,160.5729,15.0537,537.5844,11.6667,,43.5879,34.4828,34.4828,68.6817,68.9655,68.9655,103.4483,34.4828,-34.4828,2.0,3.0,1.26405,19,19,3,4,0E-8,0.29869341,,0E-8,0.000000,0.923027,0.837838,,2026-03-26,2026-05-04,3,32,21,40,0.075000,,,0.000000,,,,,,,,GLOBAL_BASELINE_NO_ENTITY_RANKING,,,NOT_APPLICABLE_GLOBAL_BASELINE,HF9g-P5,,,,X 全窗基线 · 不参与实体赏罚,8392576,840,A168_HF9F_20260827_0900,2026-08-27 09:00:00
2026-04-14,147815034,2175,0,103.4482758621,-34.4827586207,-34.4827586207,0.3333333,3,3,0.50218230000000000,0.502182300000,-0.5849155494134425,-0.5849155494134426,-0.5849155494134425,0E-17,ELIGIBLE,R03b_20260811_FULL_v1,L1_ELIGIBILITY,v2026-08-11,2026-03-21..2026-08-06,baccarat_bet02_101_all_pairs_incl_sentinel,round_win = game_pnl > 0 (decisive only),COMPATIBILITY_ONLY_NOT_PRODUCTION,1612.7532,1488.6153,481.7188,37,35,-0.29869341,,-0.29869341,-0.29869341,-481.7188,1612.7532,OK,0.0000,19.2688,4.0000,96.0000,AG03-UNRESOLVED,ALL5_LEVELS_bet23_to_bet27,19.2688,19.2688,24.0859,24.0859,24.0859,4.000000,4.000000,5.000000,5.000000,5.000000,96.000000,96.000000,95.000000,95.000000,95.000000,5.0,110.7953,101.0854,370.9234,380.6334,PENDING_AG03,FALSE,NOT_FOR_ENFORCEMENT,462.4500,1429.0707,481.7188,462.4500,19.2688,0.29869341,0.28674567,19.2688,462.4500,0.28674567,19.2688,19.2688,24.0859,24.0859,24.0859,462.4500,0.28674567,110.7953,101.0854,370.9234,380.6334,0.22999392,0.23601463,0.01194774,43.5879,42.5319,13.7634,160.5729,15.0537,537.5844,11.6667,,43.5879,34.4828,34.4828,68.6817,68.9655,68.9655,103.4483,34.4828,-34.4828,2.0,3.0,1.26405,19,19,3,4,0E-8,0.29869341,,0E-8,0.000000,0.923027,0.837838,,2026-03-26,2026-05-04,3,32,21,40,0.075000,,,0.000000,,,,,,,,GLOBAL_BASELINE_NO_ENTITY_RANKING,,,NOT_APPLICABLE_GLOBAL_BASELINE,HF9g-P5,,,,X 全窗基线 · 不参与实体赏罚,8392577,840,A168_HF9F_20260827_0900,2026-08-27 09:00:00
2026-04-14,147815034,2216,0,68.9655172414,-68.9655172414,-68.9655172414,0E-7,1,1,0.49324550000000000,0.493245500000,-0.9865810262130424,-0.9865810262130424,-0.9865810262130424,0E-17,ELIGIBLE,R03b_20260811_FULL_v1,L1_ELIGIBILITY,v2026-08-11,2026-03-21..2026-08-06,baccarat_bet02_101_all_pairs_incl_sentinel,round_win = game_pnl > 0 (decisive only),COMPATIBILITY_ONLY_NOT_PRODUCTION,1612.7532,1488.6153,481.7188,37,35,-0.29869341,,-0.29869341,-0.29869341,-481.7188,1612.7532,OK,0.0000,19.2688,4.0000,96.0000,AG03-UNRESOLVED,ALL5_LEVELS_bet23_to_bet27,19.2688,19.2688,24.0859,24.0859,24.0859,4.000000,4.000000,5.000000,5.000000,5.000000,96.000000,96.000000,95.000000,95.000000,95.000000,5.0,110.7953,101.0854,370.9234,380.6334,PENDING_AG03,FALSE,NOT_FOR_ENFORCEMENT,462.4500,1429.0707,481.7188,462.4500,19.2688,0.29869341,0.28674567,19.2688,462.4500,0.28674567,19.2688,19.2688,24.0859,24.0859,24.0859,462.4500,0.28674567,110.7953,101.0854,370.9234,380.6334,0.22999392,0.23601463,0.01194774,43.5879,42.5319,13.7634,160.5729,15.0537,537.5844,11.6667,,43.5879,34.4828,34.4828,68.6817,68.9655,68.9655,103.4483,34.4828,-34.4828,2.0,3.0,1.26405,19,19,3,4,0E-8,0.29869341,,0E-8,0.000000,0.923027,0.837838,,2026-03-26,2026-05-04,3,32,21,40,0.075000,,,0.000000,,,,,,,,GLOBAL_BASELINE_NO_ENTITY_RANKING,,,NOT_APPLICABLE_GLOBAL_BASELINE,HF9g-P5,,,,X 全窗基线 · 不参与实体赏罚,8392578,840,A168_HF9F_20260827_0900,2026-08-27 09:00:00
2026-04-14,147815034,2251,0,34.4827586207,-34.4827586207,-34.4827586207,0E-7,1,1,0.50665070000000000,0.506650700000,-1.013391052207602,-1.013391052207602,-1.013391052207602,0E-17,ELIGIBLE,R03b_20260811_FULL_v1,L1_ELIGIBILITY,v2026-08-11,2026-03-21..2026-08-06,baccarat_bet02_101_all_pairs_incl_sentinel,round_win = game_pnl > 0 (decisive only),COMPATIBILITY_ONLY_NOT_PRODUCTION,1612.7532,1488.6153,481.7188,37,35,-0.29869341,,-0.29869341,-0.29869341,-481.7188,1612.7532,OK,0.0000,19.2688,4.0000,96.0000,AG03-UNRESOLVED,ALL5_LEVELS_bet23_to_bet27,19.2688,19.2688,24.0859,24.0859,24.0859,4.000000,4.000000,5.000000,5.000000,5.000000,96.000000,96.000000,95.000000,95.000000,95.000000,5.0,110.7953,101.0854,370.9234,380.6334,PENDING_AG03,FALSE,NOT_FOR_ENFORCEMENT,462.4500,1429.0707,481.7188,462.4500,19.2688,0.29869341,0.28674567,19.2688,462.4500,0.28674567,19.2688,19.2688,24.0859,24.0859,24.0859,462.4500,0.28674567,110.7953,101.0854,370.9234,380.6334,0.22999392,0.23601463,0.01194774,43.5879,42.5319,13.7634,160.5729,15.0537,537.5844,11.6667,,43.5879,34.4828,34.4828,68.6817,68.9655,68.9655,103.4483,34.4828,-34.4828,2.0,3.0,1.26405,19,19,3,4,0E-8,0.29869341,,0E-8,0.000000,0.923027,0.837838,,2026-03-26,2026-05-04,3,32,21,40,0.075000,,,0.000000,,,,,,,,GLOBAL_BASELINE_NO_ENTITY_RANKING,,,NOT_APPLICABLE_GLOBAL_BASELINE,HF9g-P5,,,,X 全窗基线 · 不参与实体赏罚,8392579,840,A168_HF9F_20260827_0900,2026-08-27 09:00:00
2026-04-14,147815034,2252,0,34.4827586207,0E-10,0E-10,,1,1,0.50665070000000000,0.506650700000,,,,0E-17,NO_DECISIVE_ROUND,R03b_20260811_FULL_v1,L1_ELIGIBILITY,v2026-08-11,2026-03-21..2026-08-06,baccarat_bet02_101_all_pairs_incl_sentinel,round_win = game_pnl > 0 (decisive only),COMPATIBILITY_ONLY_NOT_PRODUCTION,1612.7532,1488.6153,481.7188,37,35,-0.29869341,,-0.29869341,-0.29869341,-481.7188,1612.7532,OK,0.0000,19.2688,4.0000,96.0000,AG03-UNRESOLVED,ALL5_LEVELS_bet23_to_bet27,19.2688,19.2688,24.0859,24.0859,24.0859,4.000000,4.000000,5.000000,5.000000,5.000000,96.000000,96.000000,95.000000,95.000000,95.000000,5.0,110.7953,101.0854,370.9234,380.6334,PENDING_AG03,FALSE,NOT_FOR_ENFORCEMENT,462.4500,1429.0707,481.7188,462.4500,19.2688,0.29869341,0.28674567,19.2688,462.4500,0.28674567,19.2688,19.2688,24.0859,24.0859,24.0859,462.4500,0.28674567,110.7953,101.0854,370.9234,380.6334,0.22999392,0.23601463,0.01194774,43.5879,42.5319,13.7634,160.5729,15.0537,537.5844,11.6667,,43.5879,34.4828,34.4828,68.6817,68.9655,68.9655,103.4483,34.4828,-34.4828,2.0,3.0,1.26405,19,19,3,4,0E-8,0.29869341,,0E-8,0.000000,0.923027,0.837838,,2026-03-26,2026-05-04,3,32,21,40,0.075000,,,0.000000,,,,,,,,GLOBAL_BASELINE_NO_ENTITY_RANKING,,,NOT_APPLICABLE_GLOBAL_BASELINE,HF9g-P5,,,,X 全窗基线 · 不参与实体赏罚,8392580,840,A168_HF9F_20260827_0900,2026-08-27 09:00:00
2026-04-14,147815034,471,0,20.6896551724,0E-10,0E-10,,1,1,0.49324550000000000,0.493245500000,,,,0E-17,NO_DECISIVE_ROUND,R03b_20260811_FULL_v1,L1_ELIGIBILITY,v2026-08-11,2026-03-21..2026-08-06,baccarat_bet02_101_all_pairs_incl_sentinel,round_win = game_pnl > 0 (decisive only),COMPATIBILITY_ONLY_NOT_PRODUCTION,1612.7532,1488.6153,481.7188,37,35,-0.29869341,,-0.29869341,-0.29869341,-481.7188,1612.7532,OK,0.0000,19.2688,4.0000,96.0000,AG03-UNRESOLVED,ALL5_LEVELS_bet23_to_bet27,19.2688,19.2688,24.0859,24.0859,24.0859,4.000000,4.000000,5.000000,5.000000,5.000000,96.000000,96.000000,95.000000,95.000000,95.000000,5.0,110.7953,101.0854,370.9234,380.6334,PENDING_AG03,FALSE,NOT_FOR_ENFORCEMENT,462.4500,1429.0707,481.7188,462.4500,19.2688,0.29869341,0.28674567,19.2688,462.4500,0.28674567,19.2688,19.2688,24.0859,24.0859,24.0859,462.4500,0.28674567,110.7953,101.0854,370.9234,380.6334,0.22999392,0.23601463,0.01194774,43.5879,42.5319,13.7634,160.5729,15.0537,537.5844,11.6667,,43.5879,34.4828,34.4828,68.6817,68.9655,68.9655,103.4483,34.4828,-34.4828,2.0,3.0,1.26405,19,19,3,4,0E-8,0.29869341,,0E-8,0.000000,0.923027,0.837838,,2026-03-26,2026-05-04,3,32,21,40,0.075000,,,0.000000,,,,,,,,GLOBAL_BASELINE_NO_ENTITY_RANKING,,,NOT_APPLICABLE_GLOBAL_BASELINE,HF9g-P5,,,,X 全窗基线 · 不参与实体赏罚,8392581,840,A168_HF9F_20260827_0900,2026-08-27 09:00:00
2026-04-14,147815034,772,0,68.9655172414,-68.9655172414,-68.9655172414,0E-7,2,2,0.49324550000000000,0.493245500000,-1.3952362676504506,-1.3952362676504506,-1.3952362676504506,0E-17,ELIGIBLE,R03b_20260811_FULL_v1,L1_ELIGIBILITY,v2026-08-11,2026-03-21..2026-08-06,baccarat_bet02_101_all_pairs_incl_sentinel,round_win = game_pnl > 0 (decisive only),COMPATIBILITY_ONLY_NOT_PRODUCTION,1612.7532,1488.6153,481.7188,37,35,-0.29869341,,-0.29869341,-0.29869341,-481.7188,1612.7532,OK,0.0000,19.2688,4.0000,96.0000,AG03-UNRESOLVED,ALL5_LEVELS_bet23_to_bet27,19.2688,19.2688,24.0859,24.0859,24.0859,4.000000,4.000000,5.000000,5.000000,5.000000,96.000000,96.000000,95.000000,95.000000,95.000000,5.0,110.7953,101.0854,370.9234,380.6334,PENDING_AG03,FALSE,NOT_FOR_ENFORCEMENT,462.4500,1429.0707,481.7188,462.4500,19.2688,0.29869341,0.28674567,19.2688,462.4500,0.28674567,19.2688,19.2688,24.0859,24.0859,24.0859,462.4500,0.28674567,110.7953,101.0854,370.9234,380.6334,0.22999392,0.23601463,0.01194774,43.5879,42.5319,13.7634,160.5729,15.0537,537.5844,11.6667,,43.5879,34.4828,34.4828,68.6817,68.9655,68.9655,103.4483,34.4828,-34.4828,2.0,3.0,1.26405,19,19,3,4,0E-8,0.29869341,,0E-8,0.000000,0.923027,0.837838,,2026-03-26,2026-05-04,3,32,21,40,0.075000,,,0.000000,,,,,,,,GLOBAL_BASELINE_NO_ENTITY_RANKING,,,NOT_APPLICABLE_GLOBAL_BASELINE,HF9g-P5,,,,X 全窗基线 · 不参与实体赏罚,8392582,840,A168_HF9F_20260827_0900,2026-08-27 09:00:00
2026-04-14,147815034,919,0,34.4827586207,-34.4827586207,-34.4827586207,0E-7,1,1,0.49324550000000000,0.493245500000,-0.9865810262130424,-0.9865810262130424,-0.9865810262130424,0E-17,ELIGIBLE,R03b_20260811_FULL_v1,L1_ELIGIBILITY,v2026-08-11,2026-03-21..2026-08-06,baccarat_bet02_101_all_pairs_incl_sentinel,round_win = game_pnl > 0 (decisive only),COMPATIBILITY_ONLY_NOT_PRODUCTION,1612.7532,1488.6153,481.7188,37,35,-0.29869341,,-0.29869341,-0.29869341,-481.7188,1612.7532,OK,0.0000,19.2688,4.0000,96.0000,AG03-UNRESOLVED,ALL5_LEVELS_bet23_to_bet27,19.2688,19.2688,24.0859,24.0859,24.0859,4.000000,4.000000,5.000000,5.000000,5.000000,96.000000,96.000000,95.000000,95.000000,95.000000,5.0,110.7953,101.0854,370.9234,380.6334,PENDING_AG03,FALSE,NOT_FOR_ENFORCEMENT,462.4500,1429.0707,481.7188,462.4500,19.2688,0.29869341,0.28674567,19.2688,462.4500,0.28674567,19.2688,19.2688,24.0859,24.0859,24.0859,462.4500,0.28674567,110.7953,101.0854,370.9234,380.6334,0.22999392,0.23601463,0.01194774,43.5879,42.5319,13.7634,160.5729,15.0537,537.5844,11.6667,,43.5879,34.4828,34.4828,68.6817,68.9655,68.9655,103.4483,34.4828,-34.4828,2.0,3.0,1.26405,19,19,3,4,0E-8,0.29869341,,0E-8,0.000000,0.923027,0.837838,,2026-03-26,2026-05-04,3,32,21,40,0.075000,,,0.000000,,,,,,,,GLOBAL_BASELINE_NO_ENTITY_RANKING,,,NOT_APPLICABLE_GLOBAL_BASELINE,HF9g-P5,,,,X 全窗基线 · 不参与实体赏罚,8392583,840,A168_HF9F_20260827_0900,2026-08-27 09:00:00
2026-04-14,147815034,994,0,68.9655172414,68.9655172414,68.9655172414,1.0000000,1,1,0.49324550000000000,0.493245500000,1.01360149184955,1.01360149184955,1.01360149184955,0E-17,ELIGIBLE,R03b_20260811_FULL_v1,L1_ELIGIBILITY,v2026-08-11,2026-03-21..2026-08-06,baccarat_bet02_101_all_pairs_incl_sentinel,round_win = game_pnl > 0 (decisive only),COMPATIBILITY_ONLY_NOT_PRODUCTION,1612.7532,1488.6153,481.7188,37,35,-0.29869341,,-0.29869341,-0.29869341,-481.7188,1612.7532,OK,0.0000,19.2688,4.0000,96.0000,AG03-UNRESOLVED,ALL5_LEVELS_bet23_to_bet27,19.2688,19.2688,24.0859,24.0859,24.0859,4.000000,4.000000,5.000000,5.000000,5.000000,96.000000,96.000000,95.000000,95.000000,95.000000,5.0,110.7953,101.0854,370.9234,380.6334,PENDING_AG03,FALSE,NOT_FOR_ENFORCEMENT,462.4500,1429.0707,481.7188,462.4500,19.2688,0.29869341,0.28674567,19.2688,462.4500,0.28674567,19.2688,19.2688,24.0859,24.0859,24.0859,462.4500,0.28674567,110.7953,101.0854,370.9234,380.6334,0.22999392,0.23601463,0.01194774,43.5879,42.5319,13.7634,160.5729,15.0537,537.5844,11.6667,,43.5879,34.4828,34.4828,68.6817,68.9655,68.9655,103.4483,34.4828,-34.4828,2.0,3.0,1.26405,19,19,3,4,0E-8,0.29869341,,0E-8,0.000000,0.923027,0.837838,,2026-03-26,2026-05-04,3,32,21,40,0.075000,,,0.000000,,,,,,,,GLOBAL_BASELINE_NO_ENTITY_RANKING,,,NOT_APPLICABLE_GLOBAL_BASELINE,HF9g-P5,,,,X 全窗基线 · 不参与实体赏罚,8392584,840,A168_HF9F_20260827_0900,2026-08-27 09:00:00
2026-05-04,147815034,1505,0,34.1997264021,-34.1997264021,-34.1997264021,0E-7,3,1,0.31846968000055024,0.193015666667,-0.6835833167712817,-0.48906178525093247,-0.6835833167712817,0.12545401333355024,ELIGIBLE,R03b_20260811_FULL_v1,L1_ELIGIBILITY,v2026-08-11,2026-03-21..2026-08-06,baccarat_bet02_101_all_pairs_incl_sentinel,round_win = game_pnl > 0 (decisive only),COMPATIBILITY_ONLY_NOT_PRODUCTION,1612.7532,1488.6153,481.7188,37,35,-0.29869341,,-0.29869341,-0.29869341,-481.7188,1612.7532,OK,0.0000,19.2688,4.0000,96.0000,AG03-UNRESOLVED,ALL5_LEVELS_bet23_to_bet27,19.2688,19.2688,24.0859,24.0859,24.0859,4.000000,4.000000,5.000000,5.000000,5.000000,96.000000,96.000000,95.000000,95.000000,95.000000,5.0,110.7953,101.0854,370.9234,380.6334,PENDING_AG03,FALSE,NOT_FOR_ENFORCEMENT,462.4500,1429.0707,481.7188,462.4500,19.2688,0.29869341,0.28674567,19.2688,462.4500,0.28674567,19.2688,19.2688,24.0859,24.0859,24.0859,462.4500,0.28674567,110.7953,101.0854,370.9234,380.6334,0.22999392,0.23601463,0.01194774,43.5879,42.5319,13.7634,160.5729,15.0537,537.5844,11.6667,,43.5879,34.4828,34.4828,68.6817,68.9655,68.9655,103.4483,34.4828,-34.4828,2.0,3.0,1.26405,19,19,3,4,0E-8,0.29869341,,0E-8,0.000000,0.923027,0.837838,,2026-03-26,2026-05-04,3,32,21,40,0.075000,,,0.000000,,,,,,,,GLOBAL_BASELINE_NO_ENTITY_RANKING,,,NOT_APPLICABLE_GLOBAL_BASELINE,HF9g-P5,,,,X 全窗基线 · 不参与实体赏罚,8392585,840,A168_HF9F_20260827_0900,2026-08-27 09:00:00
2026-03-24,137380472,-1,1,44.0179593274,22.0089796637,22.0089796637,1.0000000,2,2,0.49994810000000000,0.499948100000,1.0001038053877793,1.0001038053877793,1.0001038053877793,0E-17,SENTINEL_DEALER,R03b_20260811_FULL_v1,L1_ELIGIBILITY,v2026-08-11,2026-03-21..2026-08-06,baccarat_bet02_101_all_pairs_incl_sentinel,round_win = game_pnl > 0 (decisive only),COMPATIBILITY_ONLY_NOT_PRODUCTION,2923.6844,2171.8966,481.7211,66,63,-0.16476508,,-0.16476508,-0.16476508,-481.7211,2923.6844,OK,0.0000,19.2688,4.0000,96.0000,AG03-UNRESOLVED,ALL5_LEVELS_bet23_to_bet27,19.2688,19.2688,19.2688,28.9033,28.9033,4.000000,4.000000,4.000000,6.000000,6.000000,96.000000,96.000000,96.000000,94.000000,94.000000,5.0,115.6131,105.1343,366.1080,376.5868,PENDING_AG03,FALSE,NOT_FOR_ENFORCEMENT,462.4523,2085.0208,481.7211,462.4523,19.2688,0.16476508,0.15817448,19.2688,462.4523,0.15817448,19.2688,19.2688,19.2688,28.9033,28.9033,462.4523,0.15817448,115.6131,105.1343,366.1080,376.5868,0.12522146,0.12880555,0.00659060,44.2982,34.4745,7.6464,80.2868,11.4695,487.2807,10.5000,,44.2982,21.0062,22.009,42.1647,105.4118,105.4118,193.9582,21.0062,0.0,4.789492,8.812685,2.012735,23,34,8,4,0E-8,0.16476508,,0E-8,0.000000,0.742863,0.000000,,2026-03-24,2026-05-22,6,42,35,60,0.100000,,,0.000000,,,,,,,,GLOBAL_BASELINE_NO_ENTITY_RANKING,,,NOT_APPLICABLE_GLOBAL_BASELINE,HF9g-P5,,,,X 全窗基线 · 不参与实体赏罚,8392586,840,A168_HF9F_20260827_0900,2026-08-27 09:00:00
2026-03-24,137380472,1318,0,88.0359186548,-66.0269389911,-66.0269389911,0E-7,4,4,0.50329940000000000,0.503299400000,-1.743518224870635,-1.743518224870635,-1.743518224870635,0E-17,ELIGIBLE,R03b_20260811_FULL_v1,L1_ELIGIBILITY,v2026-08-11,2026-03-21..2026-08-06,baccarat_bet02_101_all_pairs_incl_sentinel,round_win = game_pnl > 0 (decisive only),COMPATIBILITY_ONLY_NOT_PRODUCTION,2923.6844,2171.8966,481.7211,66,63,-0.16476508,,-0.16476508,-0.16476508,-481.7211,2923.6844,OK,0.0000,19.2688,4.0000,96.0000,AG03-UNRESOLVED,ALL5_LEVELS_bet23_to_bet27,19.2688,19.2688,19.2688,28.9033,28.9033,4.000000,4.000000,4.000000,6.000000,6.000000,96.000000,96.000000,96.000000,94.000000,94.000000,5.0,115.6131,105.1343,366.1080,376.5868,PENDING_AG03,FALSE,NOT_FOR_ENFORCEMENT,462.4523,2085.0208,481.7211,462.4523,19.2688,0.16476508,0.15817448,19.2688,462.4523,0.15817448,19.2688,19.2688,19.2688,28.9033,28.9033,462.4523,0.15817448,115.6131,105.1343,366.1080,376.5868,0.12522146,0.12880555,0.00659060,44.2982,34.4745,7.6464,80.2868,11.4695,487.2807,10.5000,,44.2982,21.0062,22.009,42.1647,105.4118,105.4118,193.9582,21.0062,0.0,4.789492,8.812685,2.012735,23,34,8,4,0E-8,0.16476508,,0E-8,0.000000,0.742863,0.000000,,2026-03-24,2026-05-22,6,42,35,60,0.100000,,,0.000000,,,,,,,,GLOBAL_BASELINE_NO_ENTITY_RANKING,,,NOT_APPLICABLE_GLOBAL_BASELINE,HF9g-P5,,,,X 全窗基线 · 不参与实体赏罚,8392587,840,A168_HF9F_20260827_0900,2026-08-27 09:00:00
2026-03-24,137380472,1323,0,22.0089796637,-22.0089796637,-22.0089796637,0E-7,1,1,0.50665070000000000,0.506650700000,-1.013391052207602,-1.013391052207602,-1.013391052207602,0E-17,ELIGIBLE,R03b_20260811_FULL_v1,L1_ELIGIBILITY,v2026-08-11,2026-03-21..2026-08-06,baccarat_bet02_101_all_pairs_incl_sentinel,round_win = game_pnl > 0 (decisive only),COMPATIBILITY_ONLY_NOT_PRODUCTION,2923.6844,2171.8966,481.7211,66,63,-0.16476508,,-0.16476508,-0.16476508,-481.7211,2923.6844,OK,0.0000,19.2688,4.0000,96.0000,AG03-UNRESOLVED,ALL5_LEVELS_bet23_to_bet27,19.2688,19.2688,19.2688,28.9033,28.9033,4.000000,4.000000,4.000000,6.000000,6.000000,96.000000,96.000000,96.000000,94.000000,94.000000,5.0,115.6131,105.1343,366.1080,376.5868,PENDING_AG03,FALSE,NOT_FOR_ENFORCEMENT,462.4523,2085.0208,481.7211,462.4523,19.2688,0.16476508,0.15817448,19.2688,462.4523,0.15817448,19.2688,19.2688,19.2688,28.9033,28.9033,462.4523,0.15817448,115.6131,105.1343,366.1080,376.5868,0.12522146,0.12880555,0.00659060,44.2982,34.4745,7.6464,80.2868,11.4695,487.2807,10.5000,,44.2982,21.0062,22.009,42.1647,105.4118,105.4118,193.9582,21.0062,0.0,4.789492,8.812685,2.012735,23,34,8,4,0E-8,0.16476508,,0E-8,0.000000,0.742863,0.000000,,2026-03-24,2026-05-22,6,42,35,60,0.100000,,,0.000000,,,,,,,,GLOBAL_BASELINE_NO_ENTITY_RANKING,,,NOT_APPLICABLE_GLOBAL_BASELINE,HF9g-P5,,,,X 全窗基线 · 不参与实体赏罚,8392588,840,A168_HF9F_20260827_0900,2026-08-27 09:00:00
2026-03-24,137380472,2244,0,22.0089796638,0E-10,0E-10,,2,1,0.49994810000000000,0.499948100000,,,,0E-17,NO_DECISIVE_ROUND,R03b_20260811_FULL_v1,L1_ELIGIBILITY,v2026-08-11,2026-03-21..2026-08-06,baccarat_bet02_101_all_pairs_incl_sentinel,round_win = game_pnl > 0 (decisive only),COMPATIBILITY_ONLY_NOT_PRODUCTION,2923.6844,2171.8966,481.7211,66,63,-0.16476508,,-0.16476508,-0.16476508,-481.7211,2923.6844,OK,0.0000,19.2688,4.0000,96.0000,AG03-UNRESOLVED,ALL5_LEVELS_bet23_to_bet27,19.2688,19.2688,19.2688,28.9033,28.9033,4.000000,4.000000,4.000000,6.000000,6.000000,96.000000,96.000000,96.000000,94.000000,94.000000,5.0,115.6131,105.1343,366.1080,376.5868,PENDING_AG03,FALSE,NOT_FOR_ENFORCEMENT,462.4523,2085.0208,481.7211,462.4523,19.2688,0.16476508,0.15817448,19.2688,462.4523,0.15817448,19.2688,19.2688,19.2688,28.9033,28.9033,462.4523,0.15817448,115.6131,105.1343,366.1080,376.5868,0.12522146,0.12880555,0.00659060,44.2982,34.4745,7.6464,80.2868,11.4695,487.2807,10.5000,,44.2982,21.0062,22.009,42.1647,105.4118,105.4118,193.9582,21.0062,0.0,4.789492,8.812685,2.012735,23,34,8,4,0E-8,0.16476508,,0E-8,0.000000,0.742863,0.000000,,2026-03-24,2026-05-22,6,42,35,60,0.100000,,,0.000000,,,,,,,,GLOBAL_BASELINE_NO_ENTITY_RANKING,,,NOT_APPLICABLE_GLOBAL_BASELINE,HF9g-P5,,,,X 全窗基线 · 不参与实体赏罚,8392589,840,A168_HF9F_20260827_0900,2026-08-27 09:00:00
2026-03-24,137380472,948,0,22.0089796637,0E-10,0E-10,,1,1,0.50665070000000000,0.506650700000,,,,0E-17,NO_DECISIVE_ROUND,R03b_20260811_FULL_v1,L1_ELIGIBILITY,v2026-08-11,2026-03-21..2026-08-06,baccarat_bet02_101_all_pairs_incl_sentinel,round_win = game_pnl > 0 (decisive only),COMPATIBILITY_ONLY_NOT_PRODUCTION,2923.6844,2171.8966,481.7211,66,63,-0.16476508,,-0.16476508,-0.16476508,-481.7211,2923.6844,OK,0.0000,19.2688,4.0000,96.0000,AG03-UNRESOLVED,ALL5_LEVELS_bet23_to_bet27,19.2688,19.2688,19.2688,28.9033,28.9033,4.000000,4.000000,4.000000,6.000000,6.000000,96.000000,96.000000,96.000000,94.000000,94.000000,5.0,115.6131,105.1343,366.1080,376.5868,PENDING_AG03,FALSE,NOT_FOR_ENFORCEMENT,462.4523,2085.0208,481.7211,462.4523,19.2688,0.16476508,0.15817448,19.2688,462.4523,0.15817448,19.2688,19.2688,19.2688,28.9033,28.9033,462.4523,0.15817448,115.6131,105.1343,366.1080,376.5868,0.12522146,0.12880555,0.00659060,44.2982,34.4745,7.6464,80.2868,11.4695,487.2807,10.5000,,44.2982,21.0062,22.009,42.1647,105.4118,105.4118,193.9582,21.0062,0.0,4.789492,8.812685,2.012735,23,34,8,4,0E-8,0.16476508,,0E-8,0.000000,0.742863,0.000000,,2026-03-24,2026-05-22,6,42,35,60,0.100000,,,0.000000,,,,,,,,GLOBAL_BASELINE_NO_ENTITY_RANKING,,,NOT_APPLICABLE_GLOBAL_BASELINE,HF9g-P5,,,,X 全窗基线 · 不参与实体赏罚,8392590,840,A168_HF9F_20260827_0900,2026-08-27 09:00:00
2026-04-22,137380472,2106,0,24.2447241372,-24.2447241372,-24.2447241372,0E-7,1,1,0.50665070000000000,0.506650700000,-1.013391052207602,-1.013391052207602,-1.013391052207602,0E-17,ELIGIBLE,R03b_20260811_FULL_v1,L1_ELIGIBILITY,v2026-08-11,2026-03-21..2026-08-06,baccarat_bet02_101_all_pairs_incl_sentinel,round_win = game_pnl > 0 (decisive only),COMPATIBILITY_ONLY_NOT_PRODUCTION,2923.6844,2171.8966,481.7211,66,63,-0.16476508,,-0.16476508,-0.16476508,-481.7211,2923.6844,OK,0.0000,19.2688,4.0000,96.0000,AG03-UNRESOLVED,ALL5_LEVELS_bet23_to_bet27,19.2688,19.2688,19.2688,28.9033,28.9033,4.000000,4.000000,4.000000,6.000000,6.000000,96.000000,96.000000,96.000000,94.000000,94.000000,5.0,115.6131,105.1343,366.1080,376.5868,PENDING_AG03,FALSE,NOT_FOR_ENFORCEMENT,462.4523,2085.0208,481.7211,462.4523,19.2688,0.16476508,0.15817448,19.2688,462.4523,0.15817448,19.2688,19.2688,19.2688,28.9033,28.9033,462.4523,0.15817448,115.6131,105.1343,366.1080,376.5868,0.12522146,0.12880555,0.00659060,44.2982,34.4745,7.6464,80.2868,11.4695,487.2807,10.5000,,44.2982,21.0062,22.009,42.1647,105.4118,105.4118,193.9582,21.0062,0.0,4.789492,8.812685,2.012735,23,34,8,4,0E-8,0.16476508,,0E-8,0.000000,0.742863,0.000000,,2026-03-24,2026-05-22,6,42,35,60,0.100000,,,0.000000,,,,,,,,GLOBAL_BASELINE_NO_ENTITY_RANKING,,,NOT_APPLICABLE_GLOBAL_BASELINE,HF9g-P5,,,,X 全窗基线 · 不参与实体赏罚,8392591,840,A168_HF9F_20260827_0900,2026-08-27 09:00:00
2026-04-23,137380472,-1,1,421.6473762992,0E-10,0E-10,0.5000000,4,4,0.49994810000000000,0.499948100000,0.00014679536856514622,0.00014679536856514622,0.00014679536856514622,0E-17,SENTINEL_DEALER,R03b_20260811_FULL_v1,L1_ELIGIBILITY,v2026-08-11,2026-03-21..2026-08-06,baccarat_bet02_101_all_pairs_incl_sentinel,round_win = game_pnl > 0 (decisive only),COMPATIBILITY_ONLY_NOT_PRODUCTION,2923.6844,2171.8966,481.7211,66,63,-0.16476508,,-0.16476508,-0.16476508,-481.7211,2923.6844,OK,0.0000,19.2688,4.0000,96.0000,AG03-UNRESOLVED,ALL5_LEVELS_bet23_to_bet27,19.2688,19.2688,19.2688,28.9033,28.9033,4.000000,4.000000,4.000000,6.000000,6.000000,96.000000,96.000000,96.000000,94.000000,94.000000,5.0,115.6131,105.1343,366.1080,376.5868,PENDING_AG03,FALSE,NOT_FOR_ENFORCEMENT,462.4523,2085.0208,481.7211,462.4523,19.2688,0.16476508,0.15817448,19.2688,462.4523,0.15817448,19.2688,19.2688,19.2688,28.9033,28.9033,462.4523,0.15817448,115.6131,105.1343,366.1080,376.5868,0.12522146,0.12880555,0.00659060,44.2982,34.4745,7.6464,80.2868,11.4695,487.2807,10.5000,,44.2982,21.0062,22.009,42.1647,105.4118,105.4118,193.9582,21.0062,0.0,4.789492,8.812685,2.012735,23,34,8,4,0E-8,0.16476508,,0E-8,0.000000,0.742863,0.000000,,2026-03-24,2026-05-22,6,42,35,60,0.100000,,,0.000000,,,,,,,,GLOBAL_BASELINE_NO_ENTITY_RANKING,,,NOT_APPLICABLE_GLOBAL_BASELINE,HF9g-P5,,,,X 全窗基线 · 不参与实体赏罚,8392592,840,A168_HF9F_20260827_0900,2026-08-27 09:00:00
2026-04-23,137380472,1363,0,105.4118440748,-105.4118440748,-105.4118440748,0E-7,1,1,0.49324550000000000,0.493245500000,-0.9865810262130424,-0.9865810262130424,-0.9865810262130424,0E-17,ELIGIBLE,R03b_20260811_FULL_v1,L1_ELIGIBILITY,v2026-08-11,2026-03-21..2026-08-06,baccarat_bet02_101_all_pairs_incl_sentinel,round_win = game_pnl > 0 (decisive only),COMPATIBILITY_ONLY_NOT_PRODUCTION,2923.6844,2171.8966,481.7211,66,63,-0.16476508,,-0.16476508,-0.16476508,-481.7211,2923.6844,OK,0.0000,19.2688,4.0000,96.0000,AG03-UNRESOLVED,ALL5_LEVELS_bet23_to_bet27,19.2688,19.2688,19.2688,28.9033,28.9033,4.000000,4.000000,4.000000,6.000000,6.000000,96.000000,96.000000,96.000000,94.000000,94.000000,5.0,115.6131,105.1343,366.1080,376.5868,PENDING_AG03,FALSE,NOT_FOR_ENFORCEMENT,462.4523,2085.0208,481.7211,462.4523,19.2688,0.16476508,0.15817448,19.2688,462.4523,0.15817448,19.2688,19.2688,19.2688,28.9033,28.9033,462.4523,0.15817448,115.6131,105.1343,366.1080,376.5868,0.12522146,0.12880555,0.00659060,44.2982,34.4745,7.6464,80.2868,11.4695,487.2807,10.5000,,44.2982,21.0062,22.009,42.1647,105.4118,105.4118,193.9582,21.0062,0.0,4.789492,8.812685,2.012735,23,34,8,4,0E-8,0.16476508,,0E-8,0.000000,0.742863,0.000000,,2026-03-24,2026-05-22,6,42,35,60,0.100000,,,0.000000,,,,,,,,GLOBAL_BASELINE_NO_ENTITY_RANKING,,,NOT_APPLICABLE_GLOBAL_BASELINE,HF9g-P5,,,,X 全窗基线 · 不参与实体赏罚,8392593,840,A168_HF9F_20260827_0900,2026-08-27 09:00:00
2026-04-23,137380472,1383,0,225.7921700082,8.9494655620,8.9494655620,0.6666667,3,3,0.50665070000000000,0.506650700000,0.5543606114942035,0.5543606114942035,0.5543606114942035,0E-17,ELIGIBLE,R03b_20260811_FULL_v1,L1_ELIGIBILITY,v2026-08-11,2026-03-21..2026-08-06,baccarat_bet02_101_all_pairs_incl_sentinel,round_win = game_pnl > 0 (decisive only),COMPATIBILITY_ONLY_NOT_PRODUCTION,2923.6844,2171.8966,481.7211,66,63,-0.16476508,,-0.16476508,-0.16476508,-481.7211,2923.6844,OK,0.0000,19.2688,4.0000,96.0000,AG03-UNRESOLVED,ALL5_LEVELS_bet23_to_bet27,19.2688,19.2688,19.2688,28.9033,28.9033,4.000000,4.000000,4.000000,6.000000,6.000000,96.000000,96.000000,96.000000,94.000000,94.000000,5.0,115.6131,105.1343,366.1080,376.5868,PENDING_AG03,FALSE,NOT_FOR_ENFORCEMENT,462.4523,2085.0208,481.7211,462.4523,19.2688,0.16476508,0.15817448,19.2688,462.4523,0.15817448,19.2688,19.2688,19.2688,28.9033,28.9033,462.4523,0.15817448,115.6131,105.1343,366.1080,376.5868,0.12522146,0.12880555,0.00659060,44.2982,34.4745,7.6464,80.2868,11.4695,487.2807,10.5000,,44.2982,21.0062,22.009,42.1647,105.4118,105.4118,193.9582,21.0062,0.0,4.789492,8.812685,2.012735,23,34,8,4,0E-8,0.16476508,,0E-8,0.000000,0.742863,0.000000,,2026-03-24,2026-05-22,6,42,35,60,0.100000,,,0.000000,,,,,,,,GLOBAL_BASELINE_NO_ENTITY_RANKING,,,NOT_APPLICABLE_GLOBAL_BASELINE,HF9g-P5,,,,X 全窗基线 · 不参与实体赏罚,8392594,840,A168_HF9F_20260827_0900,2026-08-27 09:00:00
2026-04-23,137380472,1405,0,42.1647376299,40.0565007484,40.0565007484,1.0000000,1,1,0.50665070000000000,0.506650700000,0.9867858985152569,0.9867858985152569,0.9867858985152569,0E-17,ELIGIBLE,R03b_20260811_FULL_v1,L1_ELIGIBILITY,v2026-08-11,2026-03-21..2026-08-06,baccarat_bet02_101_all_pairs_incl_sentinel,round_win = game_pnl > 0 (decisive only),COMPATIBILITY_ONLY_NOT_PRODUCTION,2923.6844,2171.8966,481.7211,66,63,-0.16476508,,-0.16476508,-0.16476508,-481.7211,2923.6844,OK,0.0000,19.2688,4.0000,96.0000,AG03-UNRESOLVED,ALL5_LEVELS_bet23_to_bet27,19.2688,19.2688,19.2688,28.9033,28.9033,4.000000,4.000000,4.000000,6.000000,6.000000,96.000000,96.000000,96.000000,94.000000,94.000000,5.0,115.6131,105.1343,366.1080,376.5868,PENDING_AG03,FALSE,NOT_FOR_ENFORCEMENT,462.4523,2085.0208,481.7211,462.4523,19.2688,0.16476508,0.15817448,19.2688,462.4523,0.15817448,19.2688,19.2688,19.2688,28.9033,28.9033,462.4523,0.15817448,115.6131,105.1343,366.1080,376.5868,0.12522146,0.12880555,0.00659060,44.2982,34.4745,7.6464,80.2868,11.4695,487.2807,10.5000,,44.2982,21.0062,22.009,42.1647,105.4118,105.4118,193.9582,21.0062,0.0,4.789492,8.812685,2.012735,23,34,8,4,0E-8,0.16476508,,0E-8,0.000000,0.742863,0.000000,,2026-03-24,2026-05-22,6,42,35,60,0.100000,,,0.000000,,,,,,,,GLOBAL_BASELINE_NO_ENTITY_RANKING,,,NOT_APPLICABLE_GLOBAL_BASELINE,HF9g-P5,,,,X 全窗基线 · 不参与实体赏罚,8392595,840,A168_HF9F_20260827_0900,2026-08-27 09:00:00
2026-04-23,137380472,1509,0,252.9884257795,63.2471064449,63.2471064449,0.5000000,3,3,0.49771390000000000,0.497713900000,0.006466134837551399,0.0064661348375514,0.006466134837551399,0E-17,ELIGIBLE,R03b_20260811_FULL_v1,L1_ELIGIBILITY,v2026-08-11,2026-03-21..2026-08-06,baccarat_bet02_101_all_pairs_incl_sentinel,round_win = game_pnl > 0 (decisive only),COMPATIBILITY_ONLY_NOT_PRODUCTION,2923.6844,2171.8966,481.7211,66,63,-0.16476508,,-0.16476508,-0.16476508,-481.7211,2923.6844,OK,0.0000,19.2688,4.0000,96.0000,AG03-UNRESOLVED,ALL5_LEVELS_bet23_to_bet27,19.2688,19.2688,19.2688,28.9033,28.9033,4.000000,4.000000,4.000000,6.000000,6.000000,96.000000,96.000000,96.000000,94.000000,94.000000,5.0,115.6131,105.1343,366.1080,376.5868,PENDING_AG03,FALSE,NOT_FOR_ENFORCEMENT,462.4523,2085.0208,481.7211,462.4523,19.2688,0.16476508,0.15817448,19.2688,462.4523,0.15817448,19.2688,19.2688,19.2688,28.9033,28.9033,462.4523,0.15817448,115.6131,105.1343,366.1080,376.5868,0.12522146,0.12880555,0.00659060,44.2982,34.4745,7.6464,80.2868,11.4695,487.2807,10.5000,,44.2982,21.0062,22.009,42.1647,105.4118,105.4118,193.9582,21.0062,0.0,4.789492,8.812685,2.012735,23,34,8,4,0E-8,0.16476508,,0E-8,0.000000,0.742863,0.000000,,2026-03-24,2026-05-22,6,42,35,60,0.100000,,,0.000000,,,,,,,,GLOBAL_BASELINE_NO_ENTITY_RANKING,,,NOT_APPLICABLE_GLOBAL_BASELINE,HF9g-P5,,,,X 全窗基线 · 不参与实体赏罚,8392596,840,A168_HF9F_20260827_0900,2026-08-27 09:00:00
2026-04-23,137380472,1750,0,42.1647376299,0E-10,0E-10,,1,1,0.50665070000000000,0.506650700000,,,,0E-17,NO_DECISIVE_ROUND,R03b_20260811_FULL_v1,L1_ELIGIBILITY,v2026-08-11,2026-03-21..2026-08-06,baccarat_bet02_101_all_pairs_incl_sentinel,round_win = game_pnl > 0 (decisive only),COMPATIBILITY_ONLY_NOT_PRODUCTION,2923.6844,2171.8966,481.7211,66,63,-0.16476508,,-0.16476508,-0.16476508,-481.7211,2923.6844,OK,0.0000,19.2688,4.0000,96.0000,AG03-UNRESOLVED,ALL5_LEVELS_bet23_to_bet27,19.2688,19.2688,19.2688,28.9033,28.9033,4.000000,4.000000,4.000000,6.000000,6.000000,96.000000,96.000000,96.000000,94.000000,94.000000,5.0,115.6131,105.1343,366.1080,376.5868,PENDING_AG03,FALSE,NOT_FOR_ENFORCEMENT,462.4523,2085.0208,481.7211,462.4523,19.2688,0.16476508,0.15817448,19.2688,462.4523,0.15817448,19.2688,19.2688,19.2688,28.9033,28.9033,462.4523,0.15817448,115.6131,105.1343,366.1080,376.5868,0.12522146,0.12880555,0.00659060,44.2982,34.4745,7.6464,80.2868,11.4695,487.2807,10.5000,,44.2982,21.0062,22.009,42.1647,105.4118,105.4118,193.9582,21.0062,0.0,4.789492,8.812685,2.012735,23,34,8,4,0E-8,0.16476508,,0E-8,0.000000,0.742863,0.000000,,2026-03-24,2026-05-22,6,42,35,60,0.100000,,,0.000000,,,,,,,,GLOBAL_BASELINE_NO_ENTITY_RANKING,,,NOT_APPLICABLE_GLOBAL_BASELINE,HF9g-P5,,,,X 全窗基线 · 不参与实体赏罚,8392597,840,A168_HF9F_20260827_0900,2026-08-27 09:00:00
2026-04-23,137380472,2066,0,42.1647376299,-42.1647376299,-42.1647376299,0E-7,1,1,0.50665070000000000,0.506650700000,-1.013391052207602,-1.013391052207602,-1.013391052207602,0E-17,ELIGIBLE,R03b_20260811_FULL_v1,L1_ELIGIBILITY,v2026-08-11,2026-03-21..2026-08-06,baccarat_bet02_101_all_pairs_incl_sentinel,round_win = game_pnl > 0 (decisive only),COMPATIBILITY_ONLY_NOT_PRODUCTION,2923.6844,2171.8966,481.7211,66,63,-0.16476508,,-0.16476508,-0.16476508,-481.7211,2923.6844,OK,0.0000,19.2688,4.0000,96.0000,AG03-UNRESOLVED,ALL5_LEVELS_bet23_to_bet27,19.2688,19.2688,19.2688,28.9033,28.9033,4.000000,4.000000,4.000000,6.000000,6.000000,96.000000,96.000000,96.000000,94.000000,94.000000,5.0,115.6131,105.1343,366.1080,376.5868,PENDING_AG03,FALSE,NOT_FOR_ENFORCEMENT,462.4523,2085.0208,481.7211,462.4523,19.2688,0.16476508,0.15817448,19.2688,462.4523,0.15817448,19.2688,19.2688,19.2688,28.9033,28.9033,462.4523,0.15817448,115.6131,105.1343,366.1080,376.5868,0.12522146,0.12880555,0.00659060,44.2982,34.4745,7.6464,80.2868,11.4695,487.2807,10.5000,,44.2982,21.0062,22.009,42.1647,105.4118,105.4118,193.9582,21.0062,0.0,4.789492,8.812685,2.012735,23,34,8,4,0E-8,0.16476508,,0E-8,0.000000,0.742863,0.000000,,2026-03-24,2026-05-22,6,42,35,60,0.100000,,,0.000000,,,,,,,,GLOBAL_BASELINE_NO_ENTITY_RANKING,,,NOT_APPLICABLE_GLOBAL_BASELINE,HF9g-P5,,,,X 全窗基线 · 不参与实体赏罚,8392598,840,A168_HF9F_20260827_0900,2026-08-27 09:00:00
2026-04-23,137380472,2093,0,147.5765817047,-147.5765817047,-147.5765817047,0E-7,2,2,0.50665070000000000,0.506650700000,-1.4331513700195317,-1.4331513700195317,-1.4331513700195317,0E-17,ELIGIBLE,R03b_20260811_FULL_v1,L1_ELIGIBILITY,v2026-08-11,2026-03-21..2026-08-06,baccarat_bet02_101_all_pairs_incl_sentinel,round_win = game_pnl > 0 (decisive only),COMPATIBILITY_ONLY_NOT_PRODUCTION,2923.6844,2171.8966,481.7211,66,63,-0.16476508,,-0.16476508,-0.16476508,-481.7211,2923.6844,OK,0.0000,19.2688,4.0000,96.0000,AG03-UNRESOLVED,ALL5_LEVELS_bet23_to_bet27,19.2688,19.2688,19.2688,28.9033,28.9033,4.000000,4.000000,4.000000,6.000000,6.000000,96.000000,96.000000,96.000000,94.000000,94.000000,5.0,115.6131,105.1343,366.1080,376.5868,PENDING_AG03,FALSE,NOT_FOR_ENFORCEMENT,462.4523,2085.0208,481.7211,462.4523,19.2688,0.16476508,0.15817448,19.2688,462.4523,0.15817448,19.2688,19.2688,19.2688,28.9033,28.9033,462.4523,0.15817448,115.6131,105.1343,366.1080,376.5868,0.12522146,0.12880555,0.00659060,44.2982,34.4745,7.6464,80.2868,11.4695,487.2807,10.5000,,44.2982,21.0062,22.009,42.1647,105.4118,105.4118,193.9582,21.0062,0.0,4.789492,8.812685,2.012735,23,34,8,4,0E-8,0.16476508,,0E-8,0.000000,0.742863,0.000000,,2026-03-24,2026-05-22,6,42,35,60,0.100000,,,0.000000,,,,,,,,GLOBAL_BASELINE_NO_ENTITY_RANKING,,,NOT_APPLICABLE_GLOBAL_BASELINE,HF9g-P5,,,,X 全窗基线 · 不参与实体赏罚,8392599,840,A168_HF9F_20260827_0900,2026-08-27 09:00:00
2026-04-23,137380472,2252,0,90.2325385280,-12.1223620686,-12.1223620686,0.3333333,3,3,0.49771390000000000,0.497713900000,-0.5694369385616226,-0.5694369385616226,-0.5694369385616226,0E-17,ELIGIBLE,R03b_20260811_FULL_v1,L1_ELIGIBILITY,v2026-08-11,2026-03-21..2026-08-06,baccarat_bet02_101_all_pairs_incl_sentinel,round_win = game_pnl > 0 (decisive only),COMPATIBILITY_ONLY_NOT_PRODUCTION,2923.6844,2171.8966,481.7211,66,63,-0.16476508,,-0.16476508,-0.16476508,-481.7211,2923.6844,OK,0.0000,19.2688,4.0000,96.0000,AG03-UNRESOLVED,ALL5_LEVELS_bet23_to_bet27,19.2688,19.2688,19.2688,28.9033,28.9033,4.000000,4.000000,4.000000,6.000000,6.000000,96.000000,96.000000,96.000000,94.000000,94.000000,5.0,115.6131,105.1343,366.1080,376.5868,PENDING_AG03,FALSE,NOT_FOR_ENFORCEMENT,462.4523,2085.0208,481.7211,462.4523,19.2688,0.16476508,0.15817448,19.2688,462.4523,0.15817448,19.2688,19.2688,19.2688,28.9033,28.9033,462.4523,0.15817448,115.6131,105.1343,366.1080,376.5868,0.12522146,0.12880555,0.00659060,44.2982,34.4745,7.6464,80.2868,11.4695,487.2807,10.5000,,44.2982,21.0062,22.009,42.1647,105.4118,105.4118,193.9582,21.0062,0.0,4.789492,8.812685,2.012735,23,34,8,4,0E-8,0.16476508,,0E-8,0.000000,0.742863,0.000000,,2026-03-24,2026-05-22,6,42,35,60,0.100000,,,0.000000,,,,,,,,GLOBAL_BASELINE_NO_ENTITY_RANKING,,,NOT_APPLICABLE_GLOBAL_BASELINE,HF9g-P5,,,,X 全窗基线 · 不参与实体赏罚,8392600,840,A168_HF9F_20260827_0900,2026-08-27 09:00:00
2026-04-23,137380472,763,0,105.4118440748,-105.4118440748,-105.4118440748,0E-7,1,1,0.49324550000000000,0.493245500000,-0.9865810262130424,-0.9865810262130424,-0.9865810262130424,0E-17,ELIGIBLE,R03b_20260811_FULL_v1,L1_ELIGIBILITY,v2026-08-11,2026-03-21..2026-08-06,baccarat_bet02_101_all_pairs_incl_sentinel,round_win = game_pnl > 0 (decisive only),COMPATIBILITY_ONLY_NOT_PRODUCTION,2923.6844,2171.8966,481.7211,66,63,-0.16476508,,-0.16476508,-0.16476508,-481.7211,2923.6844,OK,0.0000,19.2688,4.0000,96.0000,AG03-UNRESOLVED,ALL5_LEVELS_bet23_to_bet27,19.2688,19.2688,19.2688,28.9033,28.9033,4.000000,4.000000,4.000000,6.000000,6.000000,96.000000,96.000000,96.000000,94.000000,94.000000,5.0,115.6131,105.1343,366.1080,376.5868,PENDING_AG03,FALSE,NOT_FOR_ENFORCEMENT,462.4523,2085.0208,481.7211,462.4523,19.2688,0.16476508,0.15817448,19.2688,462.4523,0.15817448,19.2688,19.2688,19.2688,28.9033,28.9033,462.4523,0.15817448,115.6131,105.1343,366.1080,376.5868,0.12522146,0.12880555,0.00659060,44.2982,34.4745,7.6464,80.2868,11.4695,487.2807,10.5000,,44.2982,21.0062,22.009,42.1647,105.4118,105.4118,193.9582,21.0062,0.0,4.789492,8.812685,2.012735,23,34,8,4,0E-8,0.16476508,,0E-8,0.000000,0.742863,0.000000,,2026-03-24,2026-05-22,6,42,35,60,0.100000,,,0.000000,,,,,,,,GLOBAL_BASELINE_NO_ENTITY_RANKING,,,NOT_APPLICABLE_GLOBAL_BASELINE,HF9g-P5,,,,X 全窗基线 · 不参与实体赏罚,8392601,840,A168_HF9F_20260827_0900,2026-08-27 09:00:00
2026-04-23,137380472,772,0,105.4118440748,100.1412518711,100.1412518711,1.0000000,1,1,0.50665070000000000,0.506650700000,0.9867858985152569,0.9867858985152569,0.9867858985152569,0E-17,ELIGIBLE,R03b_20260811_FULL_v1,L1_ELIGIBILITY,v2026-08-11,2026-03-21..2026-08-06,baccarat_bet02_101_all_pairs_incl_sentinel,round_win = game_pnl > 0 (decisive only),COMPATIBILITY_ONLY_NOT_PRODUCTION,2923.6844,2171.8966,481.7211,66,63,-0.16476508,,-0.16476508,-0.16476508,-481.7211,2923.6844,OK,0.0000,19.2688,4.0000,96.0000,AG03-UNRESOLVED,ALL5_LEVELS_bet23_to_bet27,19.2688,19.2688,19.2688,28.9033,28.9033,4.000000,4.000000,4.000000,6.000000,6.000000,96.000000,96.000000,96.000000,94.000000,94.000000,5.0,115.6131,105.1343,366.1080,376.5868,PENDING_AG03,FALSE,NOT_FOR_ENFORCEMENT,462.4523,2085.0208,481.7211,462.4523,19.2688,0.16476508,0.15817448,19.2688,462.4523,0.15817448,19.2688,19.2688,19.2688,28.9033,28.9033,462.4523,0.15817448,115.6131,105.1343,366.1080,376.5868,0.12522146,0.12880555,0.00659060,44.2982,34.4745,7.6464,80.2868,11.4695,487.2807,10.5000,,44.2982,21.0062,22.009,42.1647,105.4118,105.4118,193.9582,21.0062,0.0,4.789492,8.812685,2.012735,23,34,8,4,0E-8,0.16476508,,0E-8,0.000000,0.742863,0.000000,,2026-03-24,2026-05-22,6,42,35,60,0.100000,,,0.000000,,,,,,,,GLOBAL_BASELINE_NO_ENTITY_RANKING,,,NOT_APPLICABLE_GLOBAL_BASELINE,HF9g-P5,,,,X 全窗基线 · 不参与实体赏罚,8392602,840,A168_HF9F_20260827_0900,2026-08-27 09:00:00
2026-04-23,137380472,919,0,210.8236881496,0E-10,0E-10,,1,1,0.49324550000000000,0.493245500000,,,,0E-17,NO_DECISIVE_ROUND,R03b_20260811_FULL_v1,L1_ELIGIBILITY,v2026-08-11,2026-03-21..2026-08-06,baccarat_bet02_101_all_pairs_incl_sentinel,round_win = game_pnl > 0 (decisive only),COMPATIBILITY_ONLY_NOT_PRODUCTION,2923.6844,2171.8966,481.7211,66,63,-0.16476508,,-0.16476508,-0.16476508,-481.7211,2923.6844,OK,0.0000,19.2688,4.0000,96.0000,AG03-UNRESOLVED,ALL5_LEVELS_bet23_to_bet27,19.2688,19.2688,19.2688,28.9033,28.9033,4.000000,4.000000,4.000000,6.000000,6.000000,96.000000,96.000000,96.000000,94.000000,94.000000,5.0,115.6131,105.1343,366.1080,376.5868,PENDING_AG03,FALSE,NOT_FOR_ENFORCEMENT,462.4523,2085.0208,481.7211,462.4523,19.2688,0.16476508,0.15817448,19.2688,462.4523,0.15817448,19.2688,19.2688,19.2688,28.9033,28.9033,462.4523,0.15817448,115.6131,105.1343,366.1080,376.5868,0.12522146,0.12880555,0.00659060,44.2982,34.4745,7.6464,80.2868,11.4695,487.2807,10.5000,,44.2982,21.0062,22.009,42.1647,105.4118,105.4118,193.9582,21.0062,0.0,4.789492,8.812685,2.012735,23,34,8,4,0E-8,0.16476508,,0E-8,0.000000,0.742863,0.000000,,2026-03-24,2026-05-22,6,42,35,60,0.100000,,,0.000000,,,,,,,,GLOBAL_BASELINE_NO_ENTITY_RANKING,,,NOT_APPLICABLE_GLOBAL_BASELINE,HF9g-P5,,,,X 全窗基线 · 不参与实体赏罚,8392603,840,A168_HF9F_20260827_0900,2026-08-27 09:00:00
2026-05-09,137380472,1966,0,10.5030984140,-10.5030984140,-10.5030984140,0E-7,1,1,0.49324550000000000,0.493245500000,-0.9865810262130424,-0.9865810262130424,-0.9865810262130424,0E-17,ELIGIBLE,R03b_20260811_FULL_v1,L1_ELIGIBILITY,v2026-08-11,2026-03-21..2026-08-06,baccarat_bet02_101_all_pairs_incl_sentinel,round_win = game_pnl > 0 (decisive only),COMPATIBILITY_ONLY_NOT_PRODUCTION,2923.6844,2171.8966,481.7211,66,63,-0.16476508,,-0.16476508,-0.16476508,-481.7211,2923.6844,OK,0.0000,19.2688,4.0000,96.0000,AG03-UNRESOLVED,ALL5_LEVELS_bet23_to_bet27,19.2688,19.2688,19.2688,28.9033,28.9033,4.000000,4.000000,4.000000,6.000000,6.000000,96.000000,96.000000,96.000000,94.000000,94.000000,5.0,115.6131,105.1343,366.1080,376.5868,PENDING_AG03,FALSE,NOT_FOR_ENFORCEMENT,462.4523,2085.0208,481.7211,462.4523,19.2688,0.16476508,0.15817448,19.2688,462.4523,0.15817448,19.2688,19.2688,19.2688,28.9033,28.9033,462.4523,0.15817448,115.6131,105.1343,366.1080,376.5868,0.12522146,0.12880555,0.00659060,44.2982,34.4745,7.6464,80.2868,11.4695,487.2807,10.5000,,44.2982,21.0062,22.009,42.1647,105.4118,105.4118,193.9582,21.0062,0.0,4.789492,8.812685,2.012735,23,34,8,4,0E-8,0.16476508,,0E-8,0.000000,0.742863,0.000000,,2026-03-24,2026-05-22,6,42,35,60,0.100000,,,0.000000,,,,,,,,GLOBAL_BASELINE_NO_ENTITY_RANKING,,,NOT_APPLICABLE_GLOBAL_BASELINE,HF9g-P5,,,,X 全窗基线 · 不参与实体赏罚,8392604,840,A168_HF9F_20260827_0900,2026-08-27 09:00:00
2026-05-09,137380472,2130,0,10.5030984140,-10.5030984140,-10.5030984140,0E-7,1,1,0.50665070000000000,0.506650700000,-1.013391052207602,-1.013391052207602,-1.013391052207602,0E-17,ELIGIBLE,R03b_20260811_FULL_v1,L1_ELIGIBILITY,v2026-08-11,2026-03-21..2026-08-06,baccarat_bet02_101_all_pairs_incl_sentinel,round_win = game_pnl > 0 (decisive only),COMPATIBILITY_ONLY_NOT_PRODUCTION,2923.6844,2171.8966,481.7211,66,63,-0.16476508,,-0.16476508,-0.16476508,-481.7211,2923.6844,OK,0.0000,19.2688,4.0000,96.0000,AG03-UNRESOLVED,ALL5_LEVELS_bet23_to_bet27,19.2688,19.2688,19.2688,28.9033,28.9033,4.000000,4.000000,4.000000,6.000000,6.000000,96.000000,96.000000,96.000000,94.000000,94.000000,5.0,115.6131,105.1343,366.1080,376.5868,PENDING_AG03,FALSE,NOT_FOR_ENFORCEMENT,462.4523,2085.0208,481.7211,462.4523,19.2688,0.16476508,0.15817448,19.2688,462.4523,0.15817448,19.2688,19.2688,19.2688,28.9033,28.9033,462.4523,0.15817448,115.6131,105.1343,366.1080,376.5868,0.12522146,0.12880555,0.00659060,44.2982,34.4745,7.6464,80.2868,11.4695,487.2807,10.5000,,44.2982,21.0062,22.009,42.1647,105.4118,105.4118,193.9582,21.0062,0.0,4.789492,8.812685,2.012735,23,34,8,4,0E-8,0.16476508,,0E-8,0.000000,0.742863,0.000000,,2026-03-24,2026-05-22,6,42,35,60,0.100000,,,0.000000,,,,,,,,GLOBAL_BASELINE_NO_ENTITY_RANKING,,,NOT_APPLICABLE_GLOBAL_BASELINE,HF9g-P5,,,,X 全窗基线 · 不参与实体赏罚,8392605,840,A168_HF9F_20260827_0900,2026-08-27 09:00:00
2026-05-11,137380472,-1,1,21.0061968281,19.9558869867,19.9558869867,1.0000000,1,1,0.50665070000000000,0.506650700000,0.9867858985152569,0.9867858985152569,0.9867858985152569,0E-17,SENTINEL_DEALER,R03b_20260811_FULL_v1,L1_ELIGIBILITY,v2026-08-11,2026-03-21..2026-08-06,baccarat_bet02_101_all_pairs_incl_sentinel,round_win = game_pnl > 0 (decisive only),COMPATIBILITY_ONLY_NOT_PRODUCTION,2923.6844,2171.8966,481.7211,66,63,-0.16476508,,-0.16476508,-0.16476508,-481.7211,2923.6844,OK,0.0000,19.2688,4.0000,96.0000,AG03-UNRESOLVED,ALL5_LEVELS_bet23_to_bet27,19.2688,19.2688,19.2688,28.9033,28.9033,4.000000,4.000000,4.000000,6.000000,6.000000,96.000000,96.000000,96.000000,94.000000,94.000000,5.0,115.6131,105.1343,366.1080,376.5868,PENDING_AG03,FALSE,NOT_FOR_ENFORCEMENT,462.4523,2085.0208,481.7211,462.4523,19.2688,0.16476508,0.15817448,19.2688,462.4523,0.15817448,19.2688,19.2688,19.2688,28.9033,28.9033,462.4523,0.15817448,115.6131,105.1343,366.1080,376.5868,0.12522146,0.12880555,0.00659060,44.2982,34.4745,7.6464,80.2868,11.4695,487.2807,10.5000,,44.2982,21.0062,22.009,42.1647,105.4118,105.4118,193.9582,21.0062,0.0,4.789492,8.812685,2.012735,23,34,8,4,0E-8,0.16476508,,0E-8,0.000000,0.742863,0.000000,,2026-03-24,2026-05-22,6,42,35,60,0.100000,,,0.000000,,,,,,,,GLOBAL_BASELINE_NO_ENTITY_RANKING,,,NOT_APPLICABLE_GLOBAL_BASELINE,HF9g-P5,,,,X 全窗基线 · 不参与实体赏罚,8392606,840,A168_HF9F_20260827_0900,2026-08-27 09:00:00
2026-05-11,137380472,2175,0,21.0061968281,-21.0061968281,-21.0061968281,0E-7,1,1,0.50665070000000000,0.506650700000,-1.013391052207602,-1.013391052207602,-1.013391052207602,0E-17,ELIGIBLE,R03b_20260811_FULL_v1,L1_ELIGIBILITY,v2026-08-11,2026-03-21..2026-08-06,baccarat_bet02_101_all_pairs_incl_sentinel,round_win = game_pnl > 0 (decisive only),COMPATIBILITY_ONLY_NOT_PRODUCTION,2923.6844,2171.8966,481.7211,66,63,-0.16476508,,-0.16476508,-0.16476508,-481.7211,2923.6844,OK,0.0000,19.2688,4.0000,96.0000,AG03-UNRESOLVED,ALL5_LEVELS_bet23_to_bet27,19.2688,19.2688,19.2688,28.9033,28.9033,4.000000,4.000000,4.000000,6.000000,6.000000,96.000000,96.000000,96.000000,94.000000,94.000000,5.0,115.6131,105.1343,366.1080,376.5868,PENDING_AG03,FALSE,NOT_FOR_ENFORCEMENT,462.4523,2085.0208,481.7211,462.4523,19.2688,0.16476508,0.15817448,19.2688,462.4523,0.15817448,19.2688,19.2688,19.2688,28.9033,28.9033,462.4523,0.15817448,115.6131,105.1343,366.1080,376.5868,0.12522146,0.12880555,0.00659060,44.2982,34.4745,7.6464,80.2868,11.4695,487.2807,10.5000,,44.2982,21.0062,22.009,42.1647,105.4118,105.4118,193.9582,21.0062,0.0,4.789492,8.812685,2.012735,23,34,8,4,0E-8,0.16476508,,0E-8,0.000000,0.742863,0.000000,,2026-03-24,2026-05-22,6,42,35,60,0.100000,,,0.000000,,,,,,,,GLOBAL_BASELINE_NO_ENTITY_RANKING,,,NOT_APPLICABLE_GLOBAL_BASELINE,HF9g-P5,,,,X 全窗基线 · 不参与实体赏罚,8392607,840,A168_HF9F_20260827_0900,2026-08-27 09:00:00
2026-05-22,137380472,1115,0,52.5154920702,8.9276336519,8.9276336519,0.6666667,3,3,0.50665070000000000,0.506650700000,0.5543606114942035,0.5543606114942035,0.5543606114942035,0E-17,ELIGIBLE,R03b_20260811_FULL_v1,L1_ELIGIBILITY,v2026-08-11,2026-03-21..2026-08-06,baccarat_bet02_101_all_pairs_incl_sentinel,round_win = game_pnl > 0 (decisive only),COMPATIBILITY_ONLY_NOT_PRODUCTION,2923.6844,2171.8966,481.7211,66,63,-0.16476508,,-0.16476508,-0.16476508,-481.7211,2923.6844,OK,0.0000,19.2688,4.0000,96.0000,AG03-UNRESOLVED,ALL5_LEVELS_bet23_to_bet27,19.2688,19.2688,19.2688,28.9033,28.9033,4.000000,4.000000,4.000000,6.000000,6.000000,96.000000,96.000000,96.000000,94.000000,94.000000,5.0,115.6131,105.1343,366.1080,376.5868,PENDING_AG03,FALSE,NOT_FOR_ENFORCEMENT,462.4523,2085.0208,481.7211,462.4523,19.2688,0.16476508,0.15817448,19.2688,462.4523,0.15817448,19.2688,19.2688,19.2688,28.9033,28.9033,462.4523,0.15817448,115.6131,105.1343,366.1080,376.5868,0.12522146,0.12880555,0.00659060,44.2982,34.4745,7.6464,80.2868,11.4695,487.2807,10.5000,,44.2982,21.0062,22.009,42.1647,105.4118,105.4118,193.9582,21.0062,0.0,4.789492,8.812685,2.012735,23,34,8,4,0E-8,0.16476508,,0E-8,0.000000,0.742863,0.000000,,2026-03-24,2026-05-22,6,42,35,60,0.100000,,,0.000000,,,,,,,,GLOBAL_BASELINE_NO_ENTITY_RANKING,,,NOT_APPLICABLE_GLOBAL_BASELINE,HF9g-P5,,,,X 全窗基线 · 不参与实体赏罚,8392608,840,A168_HF9F_20260827_0900,2026-08-27 09:00:00
2026-05-22,137380472,1353,0,10.5030984140,-10.5030984140,-10.5030984140,0E-7,1,1,0.50665070000000000,0.506650700000,-1.013391052207602,-1.013391052207602,-1.013391052207602,0E-17,ELIGIBLE,R03b_20260811_FULL_v1,L1_ELIGIBILITY,v2026-08-11,2026-03-21..2026-08-06,baccarat_bet02_101_all_pairs_incl_sentinel,round_win = game_pnl > 0 (decisive only),COMPATIBILITY_ONLY_NOT_PRODUCTION,2923.6844,2171.8966,481.7211,66,63,-0.16476508,,-0.16476508,-0.16476508,-481.7211,2923.6844,OK,0.0000,19.2688,4.0000,96.0000,AG03-UNRESOLVED,ALL5_LEVELS_bet23_to_bet27,19.2688,19.2688,19.2688,28.9033,28.9033,4.000000,4.000000,4.000000,6.000000,6.000000,96.000000,96.000000,96.000000,94.000000,94.000000,5.0,115.6131,105.1343,366.1080,376.5868,PENDING_AG03,FALSE,NOT_FOR_ENFORCEMENT,462.4523,2085.0208,481.7211,462.4523,19.2688,0.16476508,0.15817448,19.2688,462.4523,0.15817448,19.2688,19.2688,19.2688,28.9033,28.9033,462.4523,0.15817448,115.6131,105.1343,366.1080,376.5868,0.12522146,0.12880555,0.00659060,44.2982,34.4745,7.6464,80.2868,11.4695,487.2807,10.5000,,44.2982,21.0062,22.009,42.1647,105.4118,105.4118,193.9582,21.0062,0.0,4.789492,8.812685,2.012735,23,34,8,4,0E-8,0.16476508,,0E-8,0.000000,0.742863,0.000000,,2026-03-24,2026-05-22,6,42,35,60,0.100000,,,0.000000,,,,,,,,GLOBAL_BASELINE_NO_ENTITY_RANKING,,,NOT_APPLICABLE_GLOBAL_BASELINE,HF9g-P5,,,,X 全窗基线 · 不参与实体赏罚,8392609,840,A168_HF9F_20260827_0900,2026-08-27 09:00:00
2026-05-22,137380472,1374,0,42.0123936561,42.0123936561,42.0123936561,1.0000000,1,1,0.49324550000000000,0.493245500000,1.01360149184955,1.01360149184955,1.01360149184955,0E-17,ELIGIBLE,R03b_20260811_FULL_v1,L1_ELIGIBILITY,v2026-08-11,2026-03-21..2026-08-06,baccarat_bet02_101_all_pairs_incl_sentinel,round_win = game_pnl > 0 (decisive only),COMPATIBILITY_ONLY_NOT_PRODUCTION,2923.6844,2171.8966,481.7211,66,63,-0.16476508,,-0.16476508,-0.16476508,-481.7211,2923.6844,OK,0.0000,19.2688,4.0000,96.0000,AG03-UNRESOLVED,ALL5_LEVELS_bet23_to_bet27,19.2688,19.2688,19.2688,28.9033,28.9033,4.000000,4.000000,4.000000,6.000000,6.000000,96.000000,96.000000,96.000000,94.000000,94.000000,5.0,115.6131,105.1343,366.1080,376.5868,PENDING_AG03,FALSE,NOT_FOR_ENFORCEMENT,462.4523,2085.0208,481.7211,462.4523,19.2688,0.16476508,0.15817448,19.2688,462.4523,0.15817448,19.2688,19.2688,19.2688,28.9033,28.9033,462.4523,0.15817448,115.6131,105.1343,366.1080,376.5868,0.12522146,0.12880555,0.00659060,44.2982,34.4745,7.6464,80.2868,11.4695,487.2807,10.5000,,44.2982,21.0062,22.009,42.1647,105.4118,105.4118,193.9582,21.0062,0.0,4.789492,8.812685,2.012735,23,34,8,4,0E-8,0.16476508,,0E-8,0.000000,0.742863,0.000000,,2026-03-24,2026-05-22,6,42,35,60,0.100000,,,0.000000,,,,,,,,GLOBAL_BASELINE_NO_ENTITY_RANKING,,,NOT_APPLICABLE_GLOBAL_BASELINE,HF9g-P5,,,,X 全窗基线 · 不参与实体赏罚,8392610,840,A168_HF9F_20260827_0900,2026-08-27 09:00:00
2026-05-22,137380472,1942,0,63.0185904842,18.9055771452,18.9055771452,1.0000000,2,1,0.36267059999977153,0.290680550000,1.3256406135857197,1.5621148022658344,1.3256406135857197,0.07199004999977153,ELIGIBLE,R03b_20260811_FULL_v1,L1_ELIGIBILITY,v2026-08-11,2026-03-21..2026-08-06,baccarat_bet02_101_all_pairs_incl_sentinel,round_win = game_pnl > 0 (decisive only),COMPATIBILITY_ONLY_NOT_PRODUCTION,2923.6844,2171.8966,481.7211,66,63,-0.16476508,,-0.16476508,-0.16476508,-481.7211,2923.6844,OK,0.0000,19.2688,4.0000,96.0000,AG03-UNRESOLVED,ALL5_LEVELS_bet23_to_bet27,19.2688,19.2688,19.2688,28.9033,28.9033,4.000000,4.000000,4.000000,6.000000,6.000000,96.000000,96.000000,96.000000,94.000000,94.000000,5.0,115.6131,105.1343,366.1080,376.5868,PENDING_AG03,FALSE,NOT_FOR_ENFORCEMENT,462.4523,2085.0208,481.7211,462.4523,19.2688,0.16476508,0.15817448,19.2688,462.4523,0.15817448,19.2688,19.2688,19.2688,28.9033,28.9033,462.4523,0.15817448,115.6131,105.1343,366.1080,376.5868,0.12522146,0.12880555,0.00659060,44.2982,34.4745,7.6464,80.2868,11.4695,487.2807,10.5000,,44.2982,21.0062,22.009,42.1647,105.4118,105.4118,193.9582,21.0062,0.0,4.789492,8.812685,2.012735,23,34,8,4,0E-8,0.16476508,,0E-8,0.000000,0.742863,0.000000,,2026-03-24,2026-05-22,6,42,35,60,0.100000,,,0.000000,,,,,,,,GLOBAL_BASELINE_NO_ENTITY_RANKING,,,NOT_APPLICABLE_GLOBAL_BASELINE,HF9g-P5,,,,X 全窗基线 · 不参与实体赏罚,8392611,840,A168_HF9F_20260827_0900,2026-08-27 09:00:00
2026-05-22,137380472,1966,0,21.0061968281,0E-10,0E-10,,1,1,0.49324550000000000,0.493245500000,,,,0E-17,NO_DECISIVE_ROUND,R03b_20260811_FULL_v1,L1_ELIGIBILITY,v2026-08-11,2026-03-21..2026-08-06,baccarat_bet02_101_all_pairs_incl_sentinel,round_win = game_pnl > 0 (decisive only),COMPATIBILITY_ONLY_NOT_PRODUCTION,2923.6844,2171.8966,481.7211,66,63,-0.16476508,,-0.16476508,-0.16476508,-481.7211,2923.6844,OK,0.0000,19.2688,4.0000,96.0000,AG03-UNRESOLVED,ALL5_LEVELS_bet23_to_bet27,19.2688,19.2688,19.2688,28.9033,28.9033,4.000000,4.000000,4.000000,6.000000,6.000000,96.000000,96.000000,96.000000,94.000000,94.000000,5.0,115.6131,105.1343,366.1080,376.5868,PENDING_AG03,FALSE,NOT_FOR_ENFORCEMENT,462.4523,2085.0208,481.7211,462.4523,19.2688,0.16476508,0.15817448,19.2688,462.4523,0.15817448,19.2688,19.2688,19.2688,28.9033,28.9033,462.4523,0.15817448,115.6131,105.1343,366.1080,376.5868,0.12522146,0.12880555,0.00659060,44.2982,34.4745,7.6464,80.2868,11.4695,487.2807,10.5000,,44.2982,21.0062,22.009,42.1647,105.4118,105.4118,193.9582,21.0062,0.0,4.789492,8.812685,2.012735,23,34,8,4,0E-8,0.16476508,,0E-8,0.000000,0.742863,0.000000,,2026-03-24,2026-05-22,6,42,35,60,0.100000,,,0.000000,,,,,,,,GLOBAL_BASELINE_NO_ENTITY_RANKING,,,NOT_APPLICABLE_GLOBAL_BASELINE,HF9g-P5,,,,X 全窗基线 · 不参与实体赏罚,8392612,840,A168_HF9F_20260827_0900,2026-08-27 09:00:00
2026-05-22,137380472,2101,0,31.5092952421,-31.5092952421,-31.5092952421,0E-7,1,1,0.50665070000000000,0.506650700000,-1.013391052207602,-1.013391052207602,-1.013391052207602,0E-17,ELIGIBLE,R03b_20260811_FULL_v1,L1_ELIGIBILITY,v2026-08-11,2026-03-21..2026-08-06,baccarat_bet02_101_all_pairs_incl_sentinel,round_win = game_pnl > 0 (decisive only),COMPATIBILITY_ONLY_NOT_PRODUCTION,2923.6844,2171.8966,481.7211,66,63,-0.16476508,,-0.16476508,-0.16476508,-481.7211,2923.6844,OK,0.0000,19.2688,4.0000,96.0000,AG03-UNRESOLVED,ALL5_LEVELS_bet23_to_bet27,19.2688,19.2688,19.2688,28.9033,28.9033,4.000000,4.000000,4.000000,6.000000,6.000000,96.000000,96.000000,96.000000,94.000000,94.000000,5.0,115.6131,105.1343,366.1080,376.5868,PENDING_AG03,FALSE,NOT_FOR_ENFORCEMENT,462.4523,2085.0208,481.7211,462.4523,19.2688,0.16476508,0.15817448,19.2688,462.4523,0.15817448,19.2688,19.2688,19.2688,28.9033,28.9033,462.4523,0.15817448,115.6131,105.1343,366.1080,376.5868,0.12522146,0.12880555,0.00659060,44.2982,34.4745,7.6464,80.2868,11.4695,487.2807,10.5000,,44.2982,21.0062,22.009,42.1647,105.4118,105.4118,193.9582,21.0062,0.0,4.789492,8.812685,2.012735,23,34,8,4,0E-8,0.16476508,,0E-8,0.000000,0.742863,0.000000,,2026-03-24,2026-05-22,6,42,35,60,0.100000,,,0.000000,,,,,,,,GLOBAL_BASELINE_NO_ENTITY_RANKING,,,NOT_APPLICABLE_GLOBAL_BASELINE,HF9g-P5,,,,X 全窗基线 · 不参与实体赏罚,8392613,840,A168_HF9F_20260827_0900,2026-08-27 09:00:00
2026-05-22,137380472,2115,0,21.0061968281,21.0061968281,21.0061968281,1.0000000,1,1,0.49324550000000000,0.493245500000,1.01360149184955,1.01360149184955,1.01360149184955,0E-17,ELIGIBLE,R03b_20260811_FULL_v1,L1_ELIGIBILITY,v2026-08-11,2026-03-21..2026-08-06,baccarat_bet02_101_all_pairs_incl_sentinel,round_win = game_pnl > 0 (decisive only),COMPATIBILITY_ONLY_NOT_PRODUCTION,2923.6844,2171.8966,481.7211,66,63,-0.16476508,,-0.16476508,-0.16476508,-481.7211,2923.6844,OK,0.0000,19.2688,4.0000,96.0000,AG03-UNRESOLVED,ALL5_LEVELS_bet23_to_bet27,19.2688,19.2688,19.2688,28.9033,28.9033,4.000000,4.000000,4.000000,6.000000,6.000000,96.000000,96.000000,96.000000,94.000000,94.000000,5.0,115.6131,105.1343,366.1080,376.5868,PENDING_AG03,FALSE,NOT_FOR_ENFORCEMENT,462.4523,2085.0208,481.7211,462.4523,19.2688,0.16476508,0.15817448,19.2688,462.4523,0.15817448,19.2688,19.2688,19.2688,28.9033,28.9033,462.4523,0.15817448,115.6131,105.1343,366.1080,376.5868,0.12522146,0.12880555,0.00659060,44.2982,34.4745,7.6464,80.2868,11.4695,487.2807,10.5000,,44.2982,21.0062,22.009,42.1647,105.4118,105.4118,193.9582,21.0062,0.0,4.789492,8.812685,2.012735,23,34,8,4,0E-8,0.16476508,,0E-8,0.000000,0.742863,0.000000,,2026-03-24,2026-05-22,6,42,35,60,0.100000,,,0.000000,,,,,,,,GLOBAL_BASELINE_NO_ENTITY_RANKING,,,NOT_APPLICABLE_GLOBAL_BASELINE,HF9g-P5,,,,X 全窗基线 · 不参与实体赏罚,8392614,840,A168_HF9F_20260827_0900,2026-08-27 09:00:00
2026-05-22,137380472,2127,0,10.5030984140,9.9779434933,9.9779434933,1.0000000,1,1,0.50665070000000000,0.506650700000,0.9867858985152569,0.9867858985152569,0.9867858985152569,0E-17,ELIGIBLE,R03b_20260811_FULL_v1,L1_ELIGIBILITY,v2026-08-11,2026-03-21..2026-08-06,baccarat_bet02_101_all_pairs_incl_sentinel,round_win = game_pnl > 0 (decisive only),COMPATIBILITY_ONLY_NOT_PRODUCTION,2923.6844,2171.8966,481.7211,66,63,-0.16476508,,-0.16476508,-0.16476508,-481.7211,2923.6844,OK,0.0000,19.2688,4.0000,96.0000,AG03-UNRESOLVED,ALL5_LEVELS_bet23_to_bet27,19.2688,19.2688,19.2688,28.9033,28.9033,4.000000,4.000000,4.000000,6.000000,6.000000,96.000000,96.000000,96.000000,94.000000,94.000000,5.0,115.6131,105.1343,366.1080,376.5868,PENDING_AG03,FALSE,NOT_FOR_ENFORCEMENT,462.4523,2085.0208,481.7211,462.4523,19.2688,0.16476508,0.15817448,19.2688,462.4523,0.15817448,19.2688,19.2688,19.2688,28.9033,28.9033,462.4523,0.15817448,115.6131,105.1343,366.1080,376.5868,0.12522146,0.12880555,0.00659060,44.2982,34.4745,7.6464,80.2868,11.4695,487.2807,10.5000,,44.2982,21.0062,22.009,42.1647,105.4118,105.4118,193.9582,21.0062,0.0,4.789492,8.812685,2.012735,23,34,8,4,0E-8,0.16476508,,0E-8,0.000000,0.742863,0.000000,,2026-03-24,2026-05-22,6,42,35,60,0.100000,,,0.000000,,,,,,,,GLOBAL_BASELINE_NO_ENTITY_RANKING,,,NOT_APPLICABLE_GLOBAL_BASELINE,HF9g-P5,,,,X 全窗基线 · 不参与实体赏罚,8392615,840,A168_HF9F_20260827_0900,2026-08-27 09:00:00
2026-05-22,137380472,2167,0,94.5278857264,19.9558869867,19.9558869867,0.6666667,5,5,0.50396966000000000,0.503969660000,0.5636167270227992,0.5636167270227992,0.5636167270227992,0E-17,ELIGIBLE,R03b_20260811_FULL_v1,L1_ELIGIBILITY,v2026-08-11,2026-03-21..2026-08-06,baccarat_bet02_101_all_pairs_incl_sentinel,round_win = game_pnl > 0 (decisive only),COMPATIBILITY_ONLY_NOT_PRODUCTION,2923.6844,2171.8966,481.7211,66,63,-0.16476508,,-0.16476508,-0.16476508,-481.7211,2923.6844,OK,0.0000,19.2688,4.0000,96.0000,AG03-UNRESOLVED,ALL5_LEVELS_bet23_to_bet27,19.2688,19.2688,19.2688,28.9033,28.9033,4.000000,4.000000,4.000000,6.000000,6.000000,96.000000,96.000000,96.000000,94.000000,94.000000,5.0,115.6131,105.1343,366.1080,376.5868,PENDING_AG03,FALSE,NOT_FOR_ENFORCEMENT,462.4523,2085.0208,481.7211,462.4523,19.2688,0.16476508,0.15817448,19.2688,462.4523,0.15817448,19.2688,19.2688,19.2688,28.9033,28.9033,462.4523,0.15817448,115.6131,105.1343,366.1080,376.5868,0.12522146,0.12880555,0.00659060,44.2982,34.4745,7.6464,80.2868,11.4695,487.2807,10.5000,,44.2982,21.0062,22.009,42.1647,105.4118,105.4118,193.9582,21.0062,0.0,4.789492,8.812685,2.012735,23,34,8,4,0E-8,0.16476508,,0E-8,0.000000,0.742863,0.000000,,2026-03-24,2026-05-22,6,42,35,60,0.100000,,,0.000000,,,,,,,,GLOBAL_BASELINE_NO_ENTITY_RANKING,,,NOT_APPLICABLE_GLOBAL_BASELINE,HF9g-P5,,,,X 全窗基线 · 不参与实体赏罚,8392616,840,A168_HF9F_20260827_0900,2026-08-27 09:00:00
2026-05-22,137380472,2170,0,142.8421384308,-58.8173511186,-58.8173511186,0.3333333,3,3,0.49771390000000000,0.497713900000,-0.5694369385616226,-0.5694369385616226,-0.5694369385616226,0E-17,ELIGIBLE,R03b_20260811_FULL_v1,L1_ELIGIBILITY,v2026-08-11,2026-03-21..2026-08-06,baccarat_bet02_101_all_pairs_incl_sentinel,round_win = game_pnl > 0 (decisive only),COMPATIBILITY_ONLY_NOT_PRODUCTION,2923.6844,2171.8966,481.7211,66,63,-0.16476508,,-0.16476508,-0.16476508,-481.7211,2923.6844,OK,0.0000,19.2688,4.0000,96.0000,AG03-UNRESOLVED,ALL5_LEVELS_bet23_to_bet27,19.2688,19.2688,19.2688,28.9033,28.9033,4.000000,4.000000,4.000000,6.000000,6.000000,96.000000,96.000000,96.000000,94.000000,94.000000,5.0,115.6131,105.1343,366.1080,376.5868,PENDING_AG03,FALSE,NOT_FOR_ENFORCEMENT,462.4523,2085.0208,481.7211,462.4523,19.2688,0.16476508,0.15817448,19.2688,462.4523,0.15817448,19.2688,19.2688,19.2688,28.9033,28.9033,462.4523,0.15817448,115.6131,105.1343,366.1080,376.5868,0.12522146,0.12880555,0.00659060,44.2982,34.4745,7.6464,80.2868,11.4695,487.2807,10.5000,,44.2982,21.0062,22.009,42.1647,105.4118,105.4118,193.9582,21.0062,0.0,4.789492,8.812685,2.012735,23,34,8,4,0E-8,0.16476508,,0E-8,0.000000,0.742863,0.000000,,2026-03-24,2026-05-22,6,42,35,60,0.100000,,,0.000000,,,,,,,,GLOBAL_BASELINE_NO_ENTITY_RANKING,,,NOT_APPLICABLE_GLOBAL_BASELINE,HF9g-P5,,,,X 全窗基线 · 不参与实体赏罚,8392617,840,A168_HF9F_20260827_0900,2026-08-27 09:00:00
2026-05-22,137380472,2177,0,178.5526730385,-178.5526730385,-178.5526730385,0E-7,4,3,0.45342026666680724,0.431273450000,-1.5775543450786524,-1.5082913394543875,-1.5775543450786524,0.02214681666680724,ELIGIBLE,R03b_20260811_FULL_v1,L1_ELIGIBILITY,v2026-08-11,2026-03-21..2026-08-06,baccarat_bet02_101_all_pairs_incl_sentinel,round_win = game_pnl > 0 (decisive only),COMPATIBILITY_ONLY_NOT_PRODUCTION,2923.6844,2171.8966,481.7211,66,63,-0.16476508,,-0.16476508,-0.16476508,-481.7211,2923.6844,OK,0.0000,19.2688,4.0000,96.0000,AG03-UNRESOLVED,ALL5_LEVELS_bet23_to_bet27,19.2688,19.2688,19.2688,28.9033,28.9033,4.000000,4.000000,4.000000,6.000000,6.000000,96.000000,96.000000,96.000000,94.000000,94.000000,5.0,115.6131,105.1343,366.1080,376.5868,PENDING_AG03,FALSE,NOT_FOR_ENFORCEMENT,462.4523,2085.0208,481.7211,462.4523,19.2688,0.16476508,0.15817448,19.2688,462.4523,0.15817448,19.2688,19.2688,19.2688,28.9033,28.9033,462.4523,0.15817448,115.6131,105.1343,366.1080,376.5868,0.12522146,0.12880555,0.00659060,44.2982,34.4745,7.6464,80.2868,11.4695,487.2807,10.5000,,44.2982,21.0062,22.009,42.1647,105.4118,105.4118,193.9582,21.0062,0.0,4.789492,8.812685,2.012735,23,34,8,4,0E-8,0.16476508,,0E-8,0.000000,0.742863,0.000000,,2026-03-24,2026-05-22,6,42,35,60,0.100000,,,0.000000,,,,,,,,GLOBAL_BASELINE_NO_ENTITY_RANKING,,,NOT_APPLICABLE_GLOBAL_BASELINE,HF9g-P5,,,,X 全窗基线 · 不参与实体赏罚,8392618,840,A168_HF9F_20260827_0900,2026-08-27 09:00:00
2026-05-22,137380472,2212,0,42.0123936561,0E-10,0E-10,,1,1,0.50665070000000000,0.506650700000,,,,0E-17,NO_DECISIVE_ROUND,R03b_20260811_FULL_v1,L1_ELIGIBILITY,v2026-08-11,2026-03-21..2026-08-06,baccarat_bet02_101_all_pairs_incl_sentinel,round_win = game_pnl > 0 (decisive only),COMPATIBILITY_ONLY_NOT_PRODUCTION,2923.6844,2171.8966,481.7211,66,63,-0.16476508,,-0.16476508,-0.16476508,-481.7211,2923.6844,OK,0.0000,19.2688,4.0000,96.0000,AG03-UNRESOLVED,ALL5_LEVELS_bet23_to_bet27,19.2688,19.2688,19.2688,28.9033,28.9033,4.000000,4.000000,4.000000,6.000000,6.000000,96.000000,96.000000,96.000000,94.000000,94.000000,5.0,115.6131,105.1343,366.1080,376.5868,PENDING_AG03,FALSE,NOT_FOR_ENFORCEMENT,462.4523,2085.0208,481.7211,462.4523,19.2688,0.16476508,0.15817448,19.2688,462.4523,0.15817448,19.2688,19.2688,19.2688,28.9033,28.9033,462.4523,0.15817448,115.6131,105.1343,366.1080,376.5868,0.12522146,0.12880555,0.00659060,44.2982,34.4745,7.6464,80.2868,11.4695,487.2807,10.5000,,44.2982,21.0062,22.009,42.1647,105.4118,105.4118,193.9582,21.0062,0.0,4.789492,8.812685,2.012735,23,34,8,4,0E-8,0.16476508,,0E-8,0.000000,0.742863,0.000000,,2026-03-24,2026-05-22,6,42,35,60,0.100000,,,0.000000,,,,,,,,GLOBAL_BASELINE_NO_ENTITY_RANKING,,,NOT_APPLICABLE_GLOBAL_BASELINE,HF9g-P5,,,,X 全窗基线 · 不参与实体赏罚,8392619,840,A168_HF9F_20260827_0900,2026-08-27 09:00:00
2026-05-22,137380472,2241,0,42.0123936562,0E-10,0E-10,0.5000000,2,2,0.49324550000000000,0.493245500000,0.01910635448239258,0.01910635448239258,0.01910635448239258,0E-17,ELIGIBLE,R03b_20260811_FULL_v1,L1_ELIGIBILITY,v2026-08-11,2026-03-21..2026-08-06,baccarat_bet02_101_all_pairs_incl_sentinel,round_win = game_pnl > 0 (decisive only),COMPATIBILITY_ONLY_NOT_PRODUCTION,2923.6844,2171.8966,481.7211,66,63,-0.16476508,,-0.16476508,-0.16476508,-481.7211,2923.6844,OK,0.0000,19.2688,4.0000,96.0000,AG03-UNRESOLVED,ALL5_LEVELS_bet23_to_bet27,19.2688,19.2688,19.2688,28.9033,28.9033,4.000000,4.000000,4.000000,6.000000,6.000000,96.000000,96.000000,96.000000,94.000000,94.000000,5.0,115.6131,105.1343,366.1080,376.5868,PENDING_AG03,FALSE,NOT_FOR_ENFORCEMENT,462.4523,2085.0208,481.7211,462.4523,19.2688,0.16476508,0.15817448,19.2688,462.4523,0.15817448,19.2688,19.2688,19.2688,28.9033,28.9033,462.4523,0.15817448,115.6131,105.1343,366.1080,376.5868,0.12522146,0.12880555,0.00659060,44.2982,34.4745,7.6464,80.2868,11.4695,487.2807,10.5000,,44.2982,21.0062,22.009,42.1647,105.4118,105.4118,193.9582,21.0062,0.0,4.789492,8.812685,2.012735,23,34,8,4,0E-8,0.16476508,,0E-8,0.000000,0.742863,0.000000,,2026-03-24,2026-05-22,6,42,35,60,0.100000,,,0.000000,,,,,,,,GLOBAL_BASELINE_NO_ENTITY_RANKING,,,NOT_APPLICABLE_GLOBAL_BASELINE,HF9g-P5,,,,X 全窗基线 · 不参与实体赏罚,8392620,840,A168_HF9F_20260827_0900,2026-08-27 09:00:00
2026-05-22,137380472,2242,0,42.0123936561,-42.0123936561,-42.0123936561,0E-7,1,1,0.50665070000000000,0.506650700000,-1.013391052207602,-1.013391052207602,-1.013391052207602,0E-17,ELIGIBLE,R03b_20260811_FULL_v1,L1_ELIGIBILITY,v2026-08-11,2026-03-21..2026-08-06,baccarat_bet02_101_all_pairs_incl_sentinel,round_win = game_pnl > 0 (decisive only),COMPATIBILITY_ONLY_NOT_PRODUCTION,2923.6844,2171.8966,481.7211,66,63,-0.16476508,,-0.16476508,-0.16476508,-481.7211,2923.6844,OK,0.0000,19.2688,4.0000,96.0000,AG03-UNRESOLVED,ALL5_LEVELS_bet23_to_bet27,19.2688,19.2688,19.2688,28.9033,28.9033,4.000000,4.000000,4.000000,6.000000,6.000000,96.000000,96.000000,96.000000,94.000000,94.000000,5.0,115.6131,105.1343,366.1080,376.5868,PENDING_AG03,FALSE,NOT_FOR_ENFORCEMENT,462.4523,2085.0208,481.7211,462.4523,19.2688,0.16476508,0.15817448,19.2688,462.4523,0.15817448,19.2688,19.2688,19.2688,28.9033,28.9033,462.4523,0.15817448,115.6131,105.1343,366.1080,376.5868,0.12522146,0.12880555,0.00659060,44.2982,34.4745,7.6464,80.2868,11.4695,487.2807,10.5000,,44.2982,21.0062,22.009,42.1647,105.4118,105.4118,193.9582,21.0062,0.0,4.789492,8.812685,2.012735,23,34,8,4,0E-8,0.16476508,,0E-8,0.000000,0.742863,0.000000,,2026-03-24,2026-05-22,6,42,35,60,0.100000,,,0.000000,,,,,,,,GLOBAL_BASELINE_NO_ENTITY_RANKING,,,NOT_APPLICABLE_GLOBAL_BASELINE,HF9g-P5,,,,X 全窗基线 · 不参与实体赏罚,8392621,840,A168_HF9F_20260827_0900,2026-08-27 09:00:00
2026-05-22,137380472,948,0,10.5030984140,-10.5030984140,-10.5030984140,0E-7,1,1,0.49324550000000000,0.493245500000,-0.9865810262130424,-0.9865810262130424,-0.9865810262130424,0E-17,ELIGIBLE,R03b_20260811_FULL_v1,L1_ELIGIBILITY,v2026-08-11,2026-03-21..2026-08-06,baccarat_bet02_101_all_pairs_incl_sentinel,round_win = game_pnl > 0 (decisive only),COMPATIBILITY_ONLY_NOT_PRODUCTION,2923.6844,2171.8966,481.7211,66,63,-0.16476508,,-0.16476508,-0.16476508,-481.7211,2923.6844,OK,0.0000,19.2688,4.0000,96.0000,AG03-UNRESOLVED,ALL5_LEVELS_bet23_to_bet27,19.2688,19.2688,19.2688,28.9033,28.9033,4.000000,4.000000,4.000000,6.000000,6.000000,96.000000,96.000000,96.000000,94.000000,94.000000,5.0,115.6131,105.1343,366.1080,376.5868,PENDING_AG03,FALSE,NOT_FOR_ENFORCEMENT,462.4523,2085.0208,481.7211,462.4523,19.2688,0.16476508,0.15817448,19.2688,462.4523,0.15817448,19.2688,19.2688,19.2688,28.9033,28.9033,462.4523,0.15817448,115.6131,105.1343,366.1080,376.5868,0.12522146,0.12880555,0.00659060,44.2982,34.4745,7.6464,80.2868,11.4695,487.2807,10.5000,,44.2982,21.0062,22.009,42.1647,105.4118,105.4118,193.9582,21.0062,0.0,4.789492,8.812685,2.012735,23,34,8,4,0E-8,0.16476508,,0E-8,0.000000,0.742863,0.000000,,2026-03-24,2026-05-22,6,42,35,60,0.100000,,,0.000000,,,,,,,,GLOBAL_BASELINE_NO_ENTITY_RANKING,,,NOT_APPLICABLE_GLOBAL_BASELINE,HF9g-P5,,,,X 全窗基线 · 不参与实体赏罚,8392622,840,A168_HF9F_20260827_0900,2026-08-27 09:00:00
2026-05-22,137380472,970,0,42.0123936561,42.0123936561,42.0123936561,1.0000000,1,1,0.49324550000000000,0.493245500000,1.01360149184955,1.01360149184955,1.01360149184955,0E-17,ELIGIBLE,R03b_20260811_FULL_v1,L1_ELIGIBILITY,v2026-08-11,2026-03-21..2026-08-06,baccarat_bet02_101_all_pairs_incl_sentinel,round_win = game_pnl > 0 (decisive only),COMPATIBILITY_ONLY_NOT_PRODUCTION,2923.6844,2171.8966,481.7211,66,63,-0.16476508,,-0.16476508,-0.16476508,-481.7211,2923.6844,OK,0.0000,19.2688,4.0000,96.0000,AG03-UNRESOLVED,ALL5_LEVELS_bet23_to_bet27,19.2688,19.2688,19.2688,28.9033,28.9033,4.000000,4.000000,4.000000,6.000000,6.000000,96.000000,96.000000,96.000000,94.000000,94.000000,5.0,115.6131,105.1343,366.1080,376.5868,PENDING_AG03,FALSE,NOT_FOR_ENFORCEMENT,462.4523,2085.0208,481.7211,462.4523,19.2688,0.16476508,0.15817448,19.2688,462.4523,0.15817448,19.2688,19.2688,19.2688,28.9033,28.9033,462.4523,0.15817448,115.6131,105.1343,366.1080,376.5868,0.12522146,0.12880555,0.00659060,44.2982,34.4745,7.6464,80.2868,11.4695,487.2807,10.5000,,44.2982,21.0062,22.009,42.1647,105.4118,105.4118,193.9582,21.0062,0.0,4.789492,8.812685,2.012735,23,34,8,4,0E-8,0.16476508,,0E-8,0.000000,0.742863,0.000000,,2026-03-24,2026-05-22,6,42,35,60,0.100000,,,0.000000,,,,,,,,GLOBAL_BASELINE_NO_ENTITY_RANKING,,,NOT_APPLICABLE_GLOBAL_BASELINE,HF9g-P5,,,,X 全窗基线 · 不参与实体赏罚,8392623,840,A168_HF9F_20260827_0900,2026-08-27 09:00:00
2026-03-24,147744691,-1,1,218.5533349133,-152.7240171683,-152.7240171683,0E-7,4,3,0.48553389999998084,0.433507650000,-1.3738723883155806,-1.2371328983316898,-1.3738723883155806,0.05202624999998084,SENTINEL_DEALER,R03b_20260811_FULL_v1,L1_ELIGIBILITY,v2026-08-11,2026-03-21..2026-08-06,baccarat_bet02_101_all_pairs_incl_sentinel,round_win = game_pnl > 0 (decisive only),COMPATIBILITY_ONLY_NOT_PRODUCTION,2770.6725,2344.4565,481.7340,46,44,-0.17386899,,-0.17386899,-0.17386899,-481.7340,2770.6725,OK,0.0000,19.2694,4.0000,96.0000,AG03-UNRESOLVED,ALL5_LEVELS_bet23_to_bet27,19.2694,19.2694,24.0867,24.0867,24.0867,4.000000,4.000000,5.000000,5.000000,5.000000,96.000000,96.000000,95.000000,95.000000,95.000000,5.0,110.7988,101.0886,370.9352,380.6454,PENDING_AG03,FALSE,NOT_FOR_ENFORCEMENT,462.4647,2250.6782,481.7340,462.4647,19.2694,0.17386899,0.16691423,19.2694,462.4647,0.16691423,19.2694,19.2694,24.0867,24.0867,24.0867,462.4647,0.16691423,110.7988,101.0886,370.9352,380.6454,0.13387912,0.13738377,0.00695476,60.2320,53.2831,10.9485,160.5780,13.7638,923.5575,14.6667,,60.2320,26.176,39.2639,78.5279,149.8572,197.0089,320.1319,28.7936,0.0,5.017554,8.153334,1.534029,15,27,3,3,0E-8,0.17386899,,0E-8,0.000000,0.846169,0.000000,,2026-03-24,2026-04-24,3,35,25,32,0.093750,,,0.000000,,,,,,,,GLOBAL_BASELINE_NO_ENTITY_RANKING,,,NOT_APPLICABLE_GLOBAL_BASELINE,HF9g-P5,,,,X 全窗基线 · 不参与实体赏罚,8392624,840,A168_HF9F_20260827_0900,2026-08-27 09:00:00
2026-03-24,147744691,1301,0,5.2663454196,5.0030281486,5.0030281486,1.0000000,1,1,0.50665070000000000,0.506650700000,0.9867858985152569,0.9867858985152569,0.9867858985152569,0E-17,ELIGIBLE,R03b_20260811_FULL_v1,L1_ELIGIBILITY,v2026-08-11,2026-03-21..2026-08-06,baccarat_bet02_101_all_pairs_incl_sentinel,round_win = game_pnl > 0 (decisive only),COMPATIBILITY_ONLY_NOT_PRODUCTION,2770.6725,2344.4565,481.7340,46,44,-0.17386899,,-0.17386899,-0.17386899,-481.7340,2770.6725,OK,0.0000,19.2694,4.0000,96.0000,AG03-UNRESOLVED,ALL5_LEVELS_bet23_to_bet27,19.2694,19.2694,24.0867,24.0867,24.0867,4.000000,4.000000,5.000000,5.000000,5.000000,96.000000,96.000000,95.000000,95.000000,95.000000,5.0,110.7988,101.0886,370.9352,380.6454,PENDING_AG03,FALSE,NOT_FOR_ENFORCEMENT,462.4647,2250.6782,481.7340,462.4647,19.2694,0.17386899,0.16691423,19.2694,462.4647,0.16691423,19.2694,19.2694,24.0867,24.0867,24.0867,462.4647,0.16691423,110.7988,101.0886,370.9352,380.6454,0.13387912,0.13738377,0.00695476,60.2320,53.2831,10.9485,160.5780,13.7638,923.5575,14.6667,,60.2320,26.176,39.2639,78.5279,149.8572,197.0089,320.1319,28.7936,0.0,5.017554,8.153334,1.534029,15,27,3,3,0E-8,0.17386899,,0E-8,0.000000,0.846169,0.000000,,2026-03-24,2026-04-24,3,35,25,32,0.093750,,,0.000000,,,,,,,,GLOBAL_BASELINE_NO_ENTITY_RANKING,,,NOT_APPLICABLE_GLOBAL_BASELINE,HF9g-P5,,,,X 全窗基线 · 不参与实体赏罚,8392625,840,A168_HF9F_20260827_0900,2026-08-27 09:00:00
2026-03-24,147744691,1330,0,197.4879532348,35.5478315822,35.5478315822,0.5000000,3,3,0.50665070000000000,0.506650700000,-0.018812684590367487,-0.018812684590367487,-0.018812684590367487,0E-17,ELIGIBLE,R03b_20260811_FULL_v1,L1_ELIGIBILITY,v2026-08-11,2026-03-21..2026-08-06,baccarat_bet02_101_all_pairs_incl_sentinel,round_win = game_pnl > 0 (decisive only),COMPATIBILITY_ONLY_NOT_PRODUCTION,2770.6725,2344.4565,481.7340,46,44,-0.17386899,,-0.17386899,-0.17386899,-481.7340,2770.6725,OK,0.0000,19.2694,4.0000,96.0000,AG03-UNRESOLVED,ALL5_LEVELS_bet23_to_bet27,19.2694,19.2694,24.0867,24.0867,24.0867,4.000000,4.000000,5.000000,5.000000,5.000000,96.000000,96.000000,95.000000,95.000000,95.000000,5.0,110.7988,101.0886,370.9352,380.6454,PENDING_AG03,FALSE,NOT_FOR_ENFORCEMENT,462.4647,2250.6782,481.7340,462.4647,19.2694,0.17386899,0.16691423,19.2694,462.4647,0.16691423,19.2694,19.2694,24.0867,24.0867,24.0867,462.4647,0.16691423,110.7988,101.0886,370.9352,380.6454,0.13387912,0.13738377,0.00695476,60.2320,53.2831,10.9485,160.5780,13.7638,923.5575,14.6667,,60.2320,26.176,39.2639,78.5279,149.8572,197.0089,320.1319,28.7936,0.0,5.017554,8.153334,1.534029,15,27,3,3,0E-8,0.17386899,,0E-8,0.000000,0.846169,0.000000,,2026-03-24,2026-04-24,3,35,25,32,0.093750,,,0.000000,,,,,,,,GLOBAL_BASELINE_NO_ENTITY_RANKING,,,NOT_APPLICABLE_GLOBAL_BASELINE,HF9g-P5,,,,X 全窗基线 · 不参与实体赏罚,8392626,840,A168_HF9F_20260827_0900,2026-08-27 09:00:00
2026-03-24,147744691,1485,0,13.1658635490,13.1658635490,13.1658635490,1.0000000,1,1,0.49324550000000000,0.493245500000,1.01360149184955,1.01360149184955,1.01360149184955,0E-17,ELIGIBLE,R03b_20260811_FULL_v1,L1_ELIGIBILITY,v2026-08-11,2026-03-21..2026-08-06,baccarat_bet02_101_all_pairs_incl_sentinel,round_win = game_pnl > 0 (decisive only),COMPATIBILITY_ONLY_NOT_PRODUCTION,2770.6725,2344.4565,481.7340,46,44,-0.17386899,,-0.17386899,-0.17386899,-481.7340,2770.6725,OK,0.0000,19.2694,4.0000,96.0000,AG03-UNRESOLVED,ALL5_LEVELS_bet23_to_bet27,19.2694,19.2694,24.0867,24.0867,24.0867,4.000000,4.000000,5.000000,5.000000,5.000000,96.000000,96.000000,95.000000,95.000000,95.000000,5.0,110.7988,101.0886,370.9352,380.6454,PENDING_AG03,FALSE,NOT_FOR_ENFORCEMENT,462.4647,2250.6782,481.7340,462.4647,19.2694,0.17386899,0.16691423,19.2694,462.4647,0.16691423,19.2694,19.2694,24.0867,24.0867,24.0867,462.4647,0.16691423,110.7988,101.0886,370.9352,380.6454,0.13387912,0.13738377,0.00695476,60.2320,53.2831,10.9485,160.5780,13.7638,923.5575,14.6667,,60.2320,26.176,39.2639,78.5279,149.8572,197.0089,320.1319,28.7936,0.0,5.017554,8.153334,1.534029,15,27,3,3,0E-8,0.17386899,,0E-8,0.000000,0.846169,0.000000,,2026-03-24,2026-04-24,3,35,25,32,0.093750,,,0.000000,,,,,,,,GLOBAL_BASELINE_NO_ENTITY_RANKING,,,NOT_APPLICABLE_GLOBAL_BASELINE,HF9g-P5,,,,X 全窗基线 · 不参与实体赏罚,8392627,840,A168_HF9F_20260827_0900,2026-08-27 09:00:00
2026-03-24,147744691,1994,0,172.9994470337,-172.9994470337,-172.9994470337,0E-7,2,1,0.49410738493149525,0.300626750000,-0.9882834044023117,-0.655630731788307,-0.9882834044023117,0.19348063493149525,ELIGIBLE,R03b_20260811_FULL_v1,L1_ELIGIBILITY,v2026-08-11,2026-03-21..2026-08-06,baccarat_bet02_101_all_pairs_incl_sentinel,round_win = game_pnl > 0 (decisive only),COMPATIBILITY_ONLY_NOT_PRODUCTION,2770.6725,2344.4565,481.7340,46,44,-0.17386899,,-0.17386899,-0.17386899,-481.7340,2770.6725,OK,0.0000,19.2694,4.0000,96.0000,AG03-UNRESOLVED,ALL5_LEVELS_bet23_to_bet27,19.2694,19.2694,24.0867,24.0867,24.0867,4.000000,4.000000,5.000000,5.000000,5.000000,96.000000,96.000000,95.000000,95.000000,95.000000,5.0,110.7988,101.0886,370.9352,380.6454,PENDING_AG03,FALSE,NOT_FOR_ENFORCEMENT,462.4647,2250.6782,481.7340,462.4647,19.2694,0.17386899,0.16691423,19.2694,462.4647,0.16691423,19.2694,19.2694,24.0867,24.0867,24.0867,462.4647,0.16691423,110.7988,101.0886,370.9352,380.6454,0.13387912,0.13738377,0.00695476,60.2320,53.2831,10.9485,160.5780,13.7638,923.5575,14.6667,,60.2320,26.176,39.2639,78.5279,149.8572,197.0089,320.1319,28.7936,0.0,5.017554,8.153334,1.534029,15,27,3,3,0E-8,0.17386899,,0E-8,0.000000,0.846169,0.000000,,2026-03-24,2026-04-24,3,35,25,32,0.093750,,,0.000000,,,,,,,,GLOBAL_BASELINE_NO_ENTITY_RANKING,,,NOT_APPLICABLE_GLOBAL_BASELINE,HF9g-P5,,,,X 全窗基线 · 不参与实体赏罚,8392628,840,A168_HF9F_20260827_0900,2026-08-27 09:00:00
2026-03-24,147744691,2106,0,7.8995181294,-7.8995181294,-7.8995181294,0E-7,1,1,0.49324550000000000,0.493245500000,-0.9865810262130424,-0.9865810262130424,-0.9865810262130424,0E-17,ELIGIBLE,R03b_20260811_FULL_v1,L1_ELIGIBILITY,v2026-08-11,2026-03-21..2026-08-06,baccarat_bet02_101_all_pairs_incl_sentinel,round_win = game_pnl > 0 (decisive only),COMPATIBILITY_ONLY_NOT_PRODUCTION,2770.6725,2344.4565,481.7340,46,44,-0.17386899,,-0.17386899,-0.17386899,-481.7340,2770.6725,OK,0.0000,19.2694,4.0000,96.0000,AG03-UNRESOLVED,ALL5_LEVELS_bet23_to_bet27,19.2694,19.2694,24.0867,24.0867,24.0867,4.000000,4.000000,5.000000,5.000000,5.000000,96.000000,96.000000,95.000000,95.000000,95.000000,5.0,110.7988,101.0886,370.9352,380.6454,PENDING_AG03,FALSE,NOT_FOR_ENFORCEMENT,462.4647,2250.6782,481.7340,462.4647,19.2694,0.17386899,0.16691423,19.2694,462.4647,0.16691423,19.2694,19.2694,24.0867,24.0867,24.0867,462.4647,0.16691423,110.7988,101.0886,370.9352,380.6454,0.13387912,0.13738377,0.00695476,60.2320,53.2831,10.9485,160.5780,13.7638,923.5575,14.6667,,60.2320,26.176,39.2639,78.5279,149.8572,197.0089,320.1319,28.7936,0.0,5.017554,8.153334,1.534029,15,27,3,3,0E-8,0.17386899,,0E-8,0.000000,0.846169,0.000000,,2026-03-24,2026-04-24,3,35,25,32,0.093750,,,0.000000,,,,,,,,GLOBAL_BASELINE_NO_ENTITY_RANKING,,,NOT_APPLICABLE_GLOBAL_BASELINE,HF9g-P5,,,,X 全窗基线 · 不参与实体赏罚,8392629,840,A168_HF9F_20260827_0900,2026-08-27 09:00:00
2026-03-24,147744691,2155,0,34.2312452274,-34.2312452274,-34.2312452274,0E-7,1,1,0.49324550000000000,0.493245500000,-0.9865810262130424,-0.9865810262130424,-0.9865810262130424,0E-17,ELIGIBLE,R03b_20260811_FULL_v1,L1_ELIGIBILITY,v2026-08-11,2026-03-21..2026-08-06,baccarat_bet02_101_all_pairs_incl_sentinel,round_win = game_pnl > 0 (decisive only),COMPATIBILITY_ONLY_NOT_PRODUCTION,2770.6725,2344.4565,481.7340,46,44,-0.17386899,,-0.17386899,-0.17386899,-481.7340,2770.6725,OK,0.0000,19.2694,4.0000,96.0000,AG03-UNRESOLVED,ALL5_LEVELS_bet23_to_bet27,19.2694,19.2694,24.0867,24.0867,24.0867,4.000000,4.000000,5.000000,5.000000,5.000000,96.000000,96.000000,95.000000,95.000000,95.000000,5.0,110.7988,101.0886,370.9352,380.6454,PENDING_AG03,FALSE,NOT_FOR_ENFORCEMENT,462.4647,2250.6782,481.7340,462.4647,19.2694,0.17386899,0.16691423,19.2694,462.4647,0.16691423,19.2694,19.2694,24.0867,24.0867,24.0867,462.4647,0.16691423,110.7988,101.0886,370.9352,380.6454,0.13387912,0.13738377,0.00695476,60.2320,53.2831,10.9485,160.5780,13.7638,923.5575,14.6667,,60.2320,26.176,39.2639,78.5279,149.8572,197.0089,320.1319,28.7936,0.0,5.017554,8.153334,1.534029,15,27,3,3,0E-8,0.17386899,,0E-8,0.000000,0.846169,0.000000,,2026-03-24,2026-04-24,3,35,25,32,0.093750,,,0.000000,,,,,,,,GLOBAL_BASELINE_NO_ENTITY_RANKING,,,NOT_APPLICABLE_GLOBAL_BASELINE,HF9g-P5,,,,X 全窗基线 · 不参与实体赏罚,8392630,840,A168_HF9F_20260827_0900,2026-08-27 09:00:00
2026-03-24,147744691,2246,0,5.2663454196,-5.2663454196,-5.2663454196,0E-7,1,1,0.49324550000000000,0.493245500000,-0.9865810262130424,-0.9865810262130424,-0.9865810262130424,0E-17,ELIGIBLE,R03b_20260811_FULL_v1,L1_ELIGIBILITY,v2026-08-11,2026-03-21..2026-08-06,baccarat_bet02_101_all_pairs_incl_sentinel,round_win = game_pnl > 0 (decisive only),COMPATIBILITY_ONLY_NOT_PRODUCTION,2770.6725,2344.4565,481.7340,46,44,-0.17386899,,-0.17386899,-0.17386899,-481.7340,2770.6725,OK,0.0000,19.2694,4.0000,96.0000,AG03-UNRESOLVED,ALL5_LEVELS_bet23_to_bet27,19.2694,19.2694,24.0867,24.0867,24.0867,4.000000,4.000000,5.000000,5.000000,5.000000,96.000000,96.000000,95.000000,95.000000,95.000000,5.0,110.7988,101.0886,370.9352,380.6454,PENDING_AG03,FALSE,NOT_FOR_ENFORCEMENT,462.4647,2250.6782,481.7340,462.4647,19.2694,0.17386899,0.16691423,19.2694,462.4647,0.16691423,19.2694,19.2694,24.0867,24.0867,24.0867,462.4647,0.16691423,110.7988,101.0886,370.9352,380.6454,0.13387912,0.13738377,0.00695476,60.2320,53.2831,10.9485,160.5780,13.7638,923.5575,14.6667,,60.2320,26.176,39.2639,78.5279,149.8572,197.0089,320.1319,28.7936,0.0,5.017554,8.153334,1.534029,15,27,3,3,0E-8,0.17386899,,0E-8,0.000000,0.846169,0.000000,,2026-03-24,2026-04-24,3,35,25,32,0.093750,,,0.000000,,,,,,,,GLOBAL_BASELINE_NO_ENTITY_RANKING,,,NOT_APPLICABLE_GLOBAL_BASELINE,HF9g-P5,,,,X 全窗基线 · 不参与实体赏罚,8392631,840,A168_HF9F_20260827_0900,2026-08-27 09:00:00
2026-04-10,147744691,-1,1,62.8222914430,-31.4111457215,-31.4111457215,0E-7,2,2,0.50665070000000000,0.506650700000,-1.013391052207602,-1.013391052207602,-1.013391052207602,0E-17,SENTINEL_DEALER,R03b_20260811_FULL_v1,L1_ELIGIBILITY,v2026-08-11,2026-03-21..2026-08-06,baccarat_bet02_101_all_pairs_incl_sentinel,round_win = game_pnl > 0 (decisive only),COMPATIBILITY_ONLY_NOT_PRODUCTION,2770.6725,2344.4565,481.7340,46,44,-0.17386899,,-0.17386899,-0.17386899,-481.7340,2770.6725,OK,0.0000,19.2694,4.0000,96.0000,AG03-UNRESOLVED,ALL5_LEVELS_bet23_to_bet27,19.2694,19.2694,24.0867,24.0867,24.0867,4.000000,4.000000,5.000000,5.000000,5.000000,96.000000,96.000000,95.000000,95.000000,95.000000,5.0,110.7988,101.0886,370.9352,380.6454,PENDING_AG03,FALSE,NOT_FOR_ENFORCEMENT,462.4647,2250.6782,481.7340,462.4647,19.2694,0.17386899,0.16691423,19.2694,462.4647,0.16691423,19.2694,19.2694,24.0867,24.0867,24.0867,462.4647,0.16691423,110.7988,101.0886,370.9352,380.6454,0.13387912,0.13738377,0.00695476,60.2320,53.2831,10.9485,160.5780,13.7638,923.5575,14.6667,,60.2320,26.176,39.2639,78.5279,149.8572,197.0089,320.1319,28.7936,0.0,5.017554,8.153334,1.534029,15,27,3,3,0E-8,0.17386899,,0E-8,0.000000,0.846169,0.000000,,2026-03-24,2026-04-24,3,35,25,32,0.093750,,,0.000000,,,,,,,,GLOBAL_BASELINE_NO_ENTITY_RANKING,,,NOT_APPLICABLE_GLOBAL_BASELINE,HF9g-P5,,,,X 全窗基线 · 不参与实体赏罚,8392632,840,A168_HF9F_20260827_0900,2026-08-27 09:00:00
2026-04-10,147744691,1017,0,314.1114572154,-314.1114572154,-314.1114572154,0E-7,1,1,0.50665070000000000,0.506650700000,-1.013391052207602,-1.013391052207602,-1.013391052207602,0E-17,ELIGIBLE,R03b_20260811_FULL_v1,L1_ELIGIBILITY,v2026-08-11,2026-03-21..2026-08-06,baccarat_bet02_101_all_pairs_incl_sentinel,round_win = game_pnl > 0 (decisive only),COMPATIBILITY_ONLY_NOT_PRODUCTION,2770.6725,2344.4565,481.7340,46,44,-0.17386899,,-0.17386899,-0.17386899,-481.7340,2770.6725,OK,0.0000,19.2694,4.0000,96.0000,AG03-UNRESOLVED,ALL5_LEVELS_bet23_to_bet27,19.2694,19.2694,24.0867,24.0867,24.0867,4.000000,4.000000,5.000000,5.000000,5.000000,96.000000,96.000000,95.000000,95.000000,95.000000,5.0,110.7988,101.0886,370.9352,380.6454,PENDING_AG03,FALSE,NOT_FOR_ENFORCEMENT,462.4647,2250.6782,481.7340,462.4647,19.2694,0.17386899,0.16691423,19.2694,462.4647,0.16691423,19.2694,19.2694,24.0867,24.0867,24.0867,462.4647,0.16691423,110.7988,101.0886,370.9352,380.6454,0.13387912,0.13738377,0.00695476,60.2320,53.2831,10.9485,160.5780,13.7638,923.5575,14.6667,,60.2320,26.176,39.2639,78.5279,149.8572,197.0089,320.1319,28.7936,0.0,5.017554,8.153334,1.534029,15,27,3,3,0E-8,0.17386899,,0E-8,0.000000,0.846169,0.000000,,2026-03-24,2026-04-24,3,35,25,32,0.093750,,,0.000000,,,,,,,,GLOBAL_BASELINE_NO_ENTITY_RANKING,,,NOT_APPLICABLE_GLOBAL_BASELINE,HF9g-P5,,,,X 全窗基线 · 不参与实体赏罚,8392633,840,A168_HF9F_20260827_0900,2026-08-27 09:00:00
2026-04-10,147744691,1078,0,57.5871004894,-28.7935502447,-28.7935502447,0E-7,2,2,0.49324550000000000,0.493245500000,-0.9865810262130424,-0.9865810262130424,-0.9865810262130424,0E-17,ELIGIBLE,R03b_20260811_FULL_v1,L1_ELIGIBILITY,v2026-08-11,2026-03-21..2026-08-06,baccarat_bet02_101_all_pairs_incl_sentinel,round_win = game_pnl > 0 (decisive only),COMPATIBILITY_ONLY_NOT_PRODUCTION,2770.6725,2344.4565,481.7340,46,44,-0.17386899,,-0.17386899,-0.17386899,-481.7340,2770.6725,OK,0.0000,19.2694,4.0000,96.0000,AG03-UNRESOLVED,ALL5_LEVELS_bet23_to_bet27,19.2694,19.2694,24.0867,24.0867,24.0867,4.000000,4.000000,5.000000,5.000000,5.000000,96.000000,96.000000,95.000000,95.000000,95.000000,5.0,110.7988,101.0886,370.9352,380.6454,PENDING_AG03,FALSE,NOT_FOR_ENFORCEMENT,462.4647,2250.6782,481.7340,462.4647,19.2694,0.17386899,0.16691423,19.2694,462.4647,0.16691423,19.2694,19.2694,24.0867,24.0867,24.0867,462.4647,0.16691423,110.7988,101.0886,370.9352,380.6454,0.13387912,0.13738377,0.00695476,60.2320,53.2831,10.9485,160.5780,13.7638,923.5575,14.6667,,60.2320,26.176,39.2639,78.5279,149.8572,197.0089,320.1319,28.7936,0.0,5.017554,8.153334,1.534029,15,27,3,3,0E-8,0.17386899,,0E-8,0.000000,0.846169,0.000000,,2026-03-24,2026-04-24,3,35,25,32,0.093750,,,0.000000,,,,,,,,GLOBAL_BASELINE_NO_ENTITY_RANKING,,,NOT_APPLICABLE_GLOBAL_BASELINE,HF9g-P5,,,,X 全窗基线 · 不参与实体赏罚,8392634,840,A168_HF9F_20260827_0900,2026-08-27 09:00:00
2026-04-10,147744691,1330,0,78.5278643038,39.2639321519,39.2639321519,1.0000000,2,2,0.49324550000000000,0.493245500000,1.01360149184955,1.01360149184955,1.01360149184955,0E-17,ELIGIBLE,R03b_20260811_FULL_v1,L1_ELIGIBILITY,v2026-08-11,2026-03-21..2026-08-06,baccarat_bet02_101_all_pairs_incl_sentinel,round_win = game_pnl > 0 (decisive only),COMPATIBILITY_ONLY_NOT_PRODUCTION,2770.6725,2344.4565,481.7340,46,44,-0.17386899,,-0.17386899,-0.17386899,-481.7340,2770.6725,OK,0.0000,19.2694,4.0000,96.0000,AG03-UNRESOLVED,ALL5_LEVELS_bet23_to_bet27,19.2694,19.2694,24.0867,24.0867,24.0867,4.000000,4.000000,5.000000,5.000000,5.000000,96.000000,96.000000,95.000000,95.000000,95.000000,5.0,110.7988,101.0886,370.9352,380.6454,PENDING_AG03,FALSE,NOT_FOR_ENFORCEMENT,462.4647,2250.6782,481.7340,462.4647,19.2694,0.17386899,0.16691423,19.2694,462.4647,0.16691423,19.2694,19.2694,24.0867,24.0867,24.0867,462.4647,0.16691423,110.7988,101.0886,370.9352,380.6454,0.13387912,0.13738377,0.00695476,60.2320,53.2831,10.9485,160.5780,13.7638,923.5575,14.6667,,60.2320,26.176,39.2639,78.5279,149.8572,197.0089,320.1319,28.7936,0.0,5.017554,8.153334,1.534029,15,27,3,3,0E-8,0.17386899,,0E-8,0.000000,0.846169,0.000000,,2026-03-24,2026-04-24,3,35,25,32,0.093750,,,0.000000,,,,,,,,GLOBAL_BASELINE_NO_ENTITY_RANKING,,,NOT_APPLICABLE_GLOBAL_BASELINE,HF9g-P5,,,,X 全窗基线 · 不参与实体赏罚,8392635,840,A168_HF9F_20260827_0900,2026-08-27 09:00:00
2026-04-10,147744691,1353,0,52.3519095359,49.7343140591,49.7343140591,1.0000000,1,1,0.50665070000000000,0.506650700000,0.9867858985152569,0.9867858985152569,0.9867858985152569,0E-17,ELIGIBLE,R03b_20260811_FULL_v1,L1_ELIGIBILITY,v2026-08-11,2026-03-21..2026-08-06,baccarat_bet02_101_all_pairs_incl_sentinel,round_win = game_pnl > 0 (decisive only),COMPATIBILITY_ONLY_NOT_PRODUCTION,2770.6725,2344.4565,481.7340,46,44,-0.17386899,,-0.17386899,-0.17386899,-481.7340,2770.6725,OK,0.0000,19.2694,4.0000,96.0000,AG03-UNRESOLVED,ALL5_LEVELS_bet23_to_bet27,19.2694,19.2694,24.0867,24.0867,24.0867,4.000000,4.000000,5.000000,5.000000,5.000000,96.000000,96.000000,95.000000,95.000000,95.000000,5.0,110.7988,101.0886,370.9352,380.6454,PENDING_AG03,FALSE,NOT_FOR_ENFORCEMENT,462.4647,2250.6782,481.7340,462.4647,19.2694,0.17386899,0.16691423,19.2694,462.4647,0.16691423,19.2694,19.2694,24.0867,24.0867,24.0867,462.4647,0.16691423,110.7988,101.0886,370.9352,380.6454,0.13387912,0.13738377,0.00695476,60.2320,53.2831,10.9485,160.5780,13.7638,923.5575,14.6667,,60.2320,26.176,39.2639,78.5279,149.8572,197.0089,320.1319,28.7936,0.0,5.017554,8.153334,1.534029,15,27,3,3,0E-8,0.17386899,,0E-8,0.000000,0.846169,0.000000,,2026-03-24,2026-04-24,3,35,25,32,0.093750,,,0.000000,,,,,,,,GLOBAL_BASELINE_NO_ENTITY_RANKING,,,NOT_APPLICABLE_GLOBAL_BASELINE,HF9g-P5,,,,X 全窗基线 · 不参与实体赏罚,8392636,840,A168_HF9F_20260827_0900,2026-08-27 09:00:00
2026-04-10,147744691,1374,0,41.8815276287,39.7874512473,39.7874512473,1.0000000,1,1,0.50665070000000000,0.506650700000,0.9867858985152569,0.9867858985152569,0.9867858985152569,0E-17,ELIGIBLE,R03b_20260811_FULL_v1,L1_ELIGIBILITY,v2026-08-11,2026-03-21..2026-08-06,baccarat_bet02_101_all_pairs_incl_sentinel,round_win = game_pnl > 0 (decisive only),COMPATIBILITY_ONLY_NOT_PRODUCTION,2770.6725,2344.4565,481.7340,46,44,-0.17386899,,-0.17386899,-0.17386899,-481.7340,2770.6725,OK,0.0000,19.2694,4.0000,96.0000,AG03-UNRESOLVED,ALL5_LEVELS_bet23_to_bet27,19.2694,19.2694,24.0867,24.0867,24.0867,4.000000,4.000000,5.000000,5.000000,5.000000,96.000000,96.000000,95.000000,95.000000,95.000000,5.0,110.7988,101.0886,370.9352,380.6454,PENDING_AG03,FALSE,NOT_FOR_ENFORCEMENT,462.4647,2250.6782,481.7340,462.4647,19.2694,0.17386899,0.16691423,19.2694,462.4647,0.16691423,19.2694,19.2694,24.0867,24.0867,24.0867,462.4647,0.16691423,110.7988,101.0886,370.9352,380.6454,0.13387912,0.13738377,0.00695476,60.2320,53.2831,10.9485,160.5780,13.7638,923.5575,14.6667,,60.2320,26.176,39.2639,78.5279,149.8572,197.0089,320.1319,28.7936,0.0,5.017554,8.153334,1.534029,15,27,3,3,0E-8,0.17386899,,0E-8,0.000000,0.846169,0.000000,,2026-03-24,2026-04-24,3,35,25,32,0.093750,,,0.000000,,,,,,,,GLOBAL_BASELINE_NO_ENTITY_RANKING,,,NOT_APPLICABLE_GLOBAL_BASELINE,HF9g-P5,,,,X 全窗基线 · 不参与实体赏罚,8392637,840,A168_HF9F_20260827_0900,2026-08-27 09:00:00
2026-04-10,147744691,1385,0,15.7055728608,14.9202942177,14.9202942177,1.0000000,1,1,0.50665070000000000,0.506650700000,0.9867858985152569,0.9867858985152569,0.9867858985152569,0E-17,ELIGIBLE,R03b_20260811_FULL_v1,L1_ELIGIBILITY,v2026-08-11,2026-03-21..2026-08-06,baccarat_bet02_101_all_pairs_incl_sentinel,round_win = game_pnl > 0 (decisive only),COMPATIBILITY_ONLY_NOT_PRODUCTION,2770.6725,2344.4565,481.7340,46,44,-0.17386899,,-0.17386899,-0.17386899,-481.7340,2770.6725,OK,0.0000,19.2694,4.0000,96.0000,AG03-UNRESOLVED,ALL5_LEVELS_bet23_to_bet27,19.2694,19.2694,24.0867,24.0867,24.0867,4.000000,4.000000,5.000000,5.000000,5.000000,96.000000,96.000000,95.000000,95.000000,95.000000,5.0,110.7988,101.0886,370.9352,380.6454,PENDING_AG03,FALSE,NOT_FOR_ENFORCEMENT,462.4647,2250.6782,481.7340,462.4647,19.2694,0.17386899,0.16691423,19.2694,462.4647,0.16691423,19.2694,19.2694,24.0867,24.0867,24.0867,462.4647,0.16691423,110.7988,101.0886,370.9352,380.6454,0.13387912,0.13738377,0.00695476,60.2320,53.2831,10.9485,160.5780,13.7638,923.5575,14.6667,,60.2320,26.176,39.2639,78.5279,149.8572,197.0089,320.1319,28.7936,0.0,5.017554,8.153334,1.534029,15,27,3,3,0E-8,0.17386899,,0E-8,0.000000,0.846169,0.000000,,2026-03-24,2026-04-24,3,35,25,32,0.093750,,,0.000000,,,,,,,,GLOBAL_BASELINE_NO_ENTITY_RANKING,,,NOT_APPLICABLE_GLOBAL_BASELINE,HF9g-P5,,,,X 全窗基线 · 不参与实体赏罚,8392638,840,A168_HF9F_20260827_0900,2026-08-27 09:00:00
2026-04-10,147744691,1399,0,91.6158416879,-66.0942857891,-66.0942857891,0.5000000,2,2,0.50665070000000000,0.506650700000,-0.018812684590367487,-0.018812684590367487,-0.018812684590367487,0E-17,ELIGIBLE,R03b_20260811_FULL_v1,L1_ELIGIBILITY,v2026-08-11,2026-03-21..2026-08-06,baccarat_bet02_101_all_pairs_incl_sentinel,round_win = game_pnl > 0 (decisive only),COMPATIBILITY_ONLY_NOT_PRODUCTION,2770.6725,2344.4565,481.7340,46,44,-0.17386899,,-0.17386899,-0.17386899,-481.7340,2770.6725,OK,0.0000,19.2694,4.0000,96.0000,AG03-UNRESOLVED,ALL5_LEVELS_bet23_to_bet27,19.2694,19.2694,24.0867,24.0867,24.0867,4.000000,4.000000,5.000000,5.000000,5.000000,96.000000,96.000000,95.000000,95.000000,95.000000,5.0,110.7988,101.0886,370.9352,380.6454,PENDING_AG03,FALSE,NOT_FOR_ENFORCEMENT,462.4647,2250.6782,481.7340,462.4647,19.2694,0.17386899,0.16691423,19.2694,462.4647,0.16691423,19.2694,19.2694,24.0867,24.0867,24.0867,462.4647,0.16691423,110.7988,101.0886,370.9352,380.6454,0.13387912,0.13738377,0.00695476,60.2320,53.2831,10.9485,160.5780,13.7638,923.5575,14.6667,,60.2320,26.176,39.2639,78.5279,149.8572,197.0089,320.1319,28.7936,0.0,5.017554,8.153334,1.534029,15,27,3,3,0E-8,0.17386899,,0E-8,0.000000,0.846169,0.000000,,2026-03-24,2026-04-24,3,35,25,32,0.093750,,,0.000000,,,,,,,,GLOBAL_BASELINE_NO_ENTITY_RANKING,,,NOT_APPLICABLE_GLOBAL_BASELINE,HF9g-P5,,,,X 全窗基线 · 不参与实体赏罚,8392639,840,A168_HF9F_20260827_0900,2026-08-27 09:00:00
2026-04-10,147744691,1405,0,320.1319268120,304.1253304714,304.1253304714,1.0000000,1,1,0.50665070000000000,0.506650700000,0.9867858985152569,0.9867858985152569,0.9867858985152569,0E-17,ELIGIBLE,R03b_20260811_FULL_v1,L1_ELIGIBILITY,v2026-08-11,2026-03-21..2026-08-06,baccarat_bet02_101_all_pairs_incl_sentinel,round_win = game_pnl > 0 (decisive only),COMPATIBILITY_ONLY_NOT_PRODUCTION,2770.6725,2344.4565,481.7340,46,44,-0.17386899,,-0.17386899,-0.17386899,-481.7340,2770.6725,OK,0.0000,19.2694,4.0000,96.0000,AG03-UNRESOLVED,ALL5_LEVELS_bet23_to_bet27,19.2694,19.2694,24.0867,24.0867,24.0867,4.000000,4.000000,5.000000,5.000000,5.000000,96.000000,96.000000,95.000000,95.000000,95.000000,5.0,110.7988,101.0886,370.9352,380.6454,PENDING_AG03,FALSE,NOT_FOR_ENFORCEMENT,462.4647,2250.6782,481.7340,462.4647,19.2694,0.17386899,0.16691423,19.2694,462.4647,0.16691423,19.2694,19.2694,24.0867,24.0867,24.0867,462.4647,0.16691423,110.7988,101.0886,370.9352,380.6454,0.13387912,0.13738377,0.00695476,60.2320,53.2831,10.9485,160.5780,13.7638,923.5575,14.6667,,60.2320,26.176,39.2639,78.5279,149.8572,197.0089,320.1319,28.7936,0.0,5.017554,8.153334,1.534029,15,27,3,3,0E-8,0.17386899,,0E-8,0.000000,0.846169,0.000000,,2026-03-24,2026-04-24,3,35,25,32,0.093750,,,0.000000,,,,,,,,GLOBAL_BASELINE_NO_ENTITY_RANKING,,,NOT_APPLICABLE_GLOBAL_BASELINE,HF9g-P5,,,,X 全窗基线 · 不参与实体赏罚,8392640,840,A168_HF9F_20260827_0900,2026-08-27 09:00:00
2026-04-10,147744691,1509,0,94.2334371646,89.5217653064,89.5217653064,1.0000000,1,1,0.50665070000000000,0.506650700000,0.9867858985152569,0.9867858985152569,0.9867858985152569,0E-17,ELIGIBLE,R03b_20260811_FULL_v1,L1_ELIGIBILITY,v2026-08-11,2026-03-21..2026-08-06,baccarat_bet02_101_all_pairs_incl_sentinel,round_win = game_pnl > 0 (decisive only),COMPATIBILITY_ONLY_NOT_PRODUCTION,2770.6725,2344.4565,481.7340,46,44,-0.17386899,,-0.17386899,-0.17386899,-481.7340,2770.6725,OK,0.0000,19.2694,4.0000,96.0000,AG03-UNRESOLVED,ALL5_LEVELS_bet23_to_bet27,19.2694,19.2694,24.0867,24.0867,24.0867,4.000000,4.000000,5.000000,5.000000,5.000000,96.000000,96.000000,95.000000,95.000000,95.000000,5.0,110.7988,101.0886,370.9352,380.6454,PENDING_AG03,FALSE,NOT_FOR_ENFORCEMENT,462.4647,2250.6782,481.7340,462.4647,19.2694,0.17386899,0.16691423,19.2694,462.4647,0.16691423,19.2694,19.2694,24.0867,24.0867,24.0867,462.4647,0.16691423,110.7988,101.0886,370.9352,380.6454,0.13387912,0.13738377,0.00695476,60.2320,53.2831,10.9485,160.5780,13.7638,923.5575,14.6667,,60.2320,26.176,39.2639,78.5279,149.8572,197.0089,320.1319,28.7936,0.0,5.017554,8.153334,1.534029,15,27,3,3,0E-8,0.17386899,,0E-8,0.000000,0.846169,0.000000,,2026-03-24,2026-04-24,3,35,25,32,0.093750,,,0.000000,,,,,,,,GLOBAL_BASELINE_NO_ENTITY_RANKING,,,NOT_APPLICABLE_GLOBAL_BASELINE,HF9g-P5,,,,X 全窗基线 · 不参与实体赏罚,8392641,840,A168_HF9F_20260827_0900,2026-08-27 09:00:00
2026-04-10,147744691,1710,0,96.8510326414,96.8510326414,96.8510326414,1.0000000,1,1,0.49324550000000000,0.493245500000,1.01360149184955,1.01360149184955,1.01360149184955,0E-17,ELIGIBLE,R03b_20260811_FULL_v1,L1_ELIGIBILITY,v2026-08-11,2026-03-21..2026-08-06,baccarat_bet02_101_all_pairs_incl_sentinel,round_win = game_pnl > 0 (decisive only),COMPATIBILITY_ONLY_NOT_PRODUCTION,2770.6725,2344.4565,481.7340,46,44,-0.17386899,,-0.17386899,-0.17386899,-481.7340,2770.6725,OK,0.0000,19.2694,4.0000,96.0000,AG03-UNRESOLVED,ALL5_LEVELS_bet23_to_bet27,19.2694,19.2694,24.0867,24.0867,24.0867,4.000000,4.000000,5.000000,5.000000,5.000000,96.000000,96.000000,95.000000,95.000000,95.000000,5.0,110.7988,101.0886,370.9352,380.6454,PENDING_AG03,FALSE,NOT_FOR_ENFORCEMENT,462.4647,2250.6782,481.7340,462.4647,19.2694,0.17386899,0.16691423,19.2694,462.4647,0.16691423,19.2694,19.2694,24.0867,24.0867,24.0867,462.4647,0.16691423,110.7988,101.0886,370.9352,380.6454,0.13387912,0.13738377,0.00695476,60.2320,53.2831,10.9485,160.5780,13.7638,923.5575,14.6667,,60.2320,26.176,39.2639,78.5279,149.8572,197.0089,320.1319,28.7936,0.0,5.017554,8.153334,1.534029,15,27,3,3,0E-8,0.17386899,,0E-8,0.000000,0.846169,0.000000,,2026-03-24,2026-04-24,3,35,25,32,0.093750,,,0.000000,,,,,,,,GLOBAL_BASELINE_NO_ENTITY_RANKING,,,NOT_APPLICABLE_GLOBAL_BASELINE,HF9g-P5,,,,X 全窗基线 · 不参与实体赏罚,8392642,840,A168_HF9F_20260827_0900,2026-08-27 09:00:00
2026-04-10,147744691,1750,0,28.7935502447,27.3538727325,27.3538727325,1.0000000,1,1,0.50665070000000000,0.506650700000,0.9867858985152569,0.9867858985152569,0.9867858985152569,0E-17,ELIGIBLE,R03b_20260811_FULL_v1,L1_ELIGIBILITY,v2026-08-11,2026-03-21..2026-08-06,baccarat_bet02_101_all_pairs_incl_sentinel,round_win = game_pnl > 0 (decisive only),COMPATIBILITY_ONLY_NOT_PRODUCTION,2770.6725,2344.4565,481.7340,46,44,-0.17386899,,-0.17386899,-0.17386899,-481.7340,2770.6725,OK,0.0000,19.2694,4.0000,96.0000,AG03-UNRESOLVED,ALL5_LEVELS_bet23_to_bet27,19.2694,19.2694,24.0867,24.0867,24.0867,4.000000,4.000000,5.000000,5.000000,5.000000,96.000000,96.000000,95.000000,95.000000,95.000000,5.0,110.7988,101.0886,370.9352,380.6454,PENDING_AG03,FALSE,NOT_FOR_ENFORCEMENT,462.4647,2250.6782,481.7340,462.4647,19.2694,0.17386899,0.16691423,19.2694,462.4647,0.16691423,19.2694,19.2694,24.0867,24.0867,24.0867,462.4647,0.16691423,110.7988,101.0886,370.9352,380.6454,0.13387912,0.13738377,0.00695476,60.2320,53.2831,10.9485,160.5780,13.7638,923.5575,14.6667,,60.2320,26.176,39.2639,78.5279,149.8572,197.0089,320.1319,28.7936,0.0,5.017554,8.153334,1.534029,15,27,3,3,0E-8,0.17386899,,0E-8,0.000000,0.846169,0.000000,,2026-03-24,2026-04-24,3,35,25,32,0.093750,,,0.000000,,,,,,,,GLOBAL_BASELINE_NO_ENTITY_RANKING,,,NOT_APPLICABLE_GLOBAL_BASELINE,HF9g-P5,,,,X 全窗基线 · 不参与实体赏罚,8392643,840,A168_HF9F_20260827_0900,2026-08-27 09:00:00
2026-04-10,147744691,2121,0,78.5278643039,-78.5278643039,-78.5278643039,0E-7,1,1,0.50665070000000000,0.506650700000,-1.013391052207602,-1.013391052207602,-1.013391052207602,0E-17,ELIGIBLE,R03b_20260811_FULL_v1,L1_ELIGIBILITY,v2026-08-11,2026-03-21..2026-08-06,baccarat_bet02_101_all_pairs_incl_sentinel,round_win = game_pnl > 0 (decisive only),COMPATIBILITY_ONLY_NOT_PRODUCTION,2770.6725,2344.4565,481.7340,46,44,-0.17386899,,-0.17386899,-0.17386899,-481.7340,2770.6725,OK,0.0000,19.2694,4.0000,96.0000,AG03-UNRESOLVED,ALL5_LEVELS_bet23_to_bet27,19.2694,19.2694,24.0867,24.0867,24.0867,4.000000,4.000000,5.000000,5.000000,5.000000,96.000000,96.000000,95.000000,95.000000,95.000000,5.0,110.7988,101.0886,370.9352,380.6454,PENDING_AG03,FALSE,NOT_FOR_ENFORCEMENT,462.4647,2250.6782,481.7340,462.4647,19.2694,0.17386899,0.16691423,19.2694,462.4647,0.16691423,19.2694,19.2694,24.0867,24.0867,24.0867,462.4647,0.16691423,110.7988,101.0886,370.9352,380.6454,0.13387912,0.13738377,0.00695476,60.2320,53.2831,10.9485,160.5780,13.7638,923.5575,14.6667,,60.2320,26.176,39.2639,78.5279,149.8572,197.0089,320.1319,28.7936,0.0,5.017554,8.153334,1.534029,15,27,3,3,0E-8,0.17386899,,0E-8,0.000000,0.846169,0.000000,,2026-03-24,2026-04-24,3,35,25,32,0.093750,,,0.000000,,,,,,,,GLOBAL_BASELINE_NO_ENTITY_RANKING,,,NOT_APPLICABLE_GLOBAL_BASELINE,HF9g-P5,,,,X 全窗基线 · 不参与实体赏罚,8392644,840,A168_HF9F_20260827_0900,2026-08-27 09:00:00
2026-04-10,147744691,2169,0,109.9390100253,-109.9390100253,-109.9390100253,0E-7,2,2,0.50665070000000000,0.506650700000,-1.4331513700195317,-1.4331513700195317,-1.4331513700195317,0E-17,ELIGIBLE,R03b_20260811_FULL_v1,L1_ELIGIBILITY,v2026-08-11,2026-03-21..2026-08-06,baccarat_bet02_101_all_pairs_incl_sentinel,round_win = game_pnl > 0 (decisive only),COMPATIBILITY_ONLY_NOT_PRODUCTION,2770.6725,2344.4565,481.7340,46,44,-0.17386899,,-0.17386899,-0.17386899,-481.7340,2770.6725,OK,0.0000,19.2694,4.0000,96.0000,AG03-UNRESOLVED,ALL5_LEVELS_bet23_to_bet27,19.2694,19.2694,24.0867,24.0867,24.0867,4.000000,4.000000,5.000000,5.000000,5.000000,96.000000,96.000000,95.000000,95.000000,95.000000,5.0,110.7988,101.0886,370.9352,380.6454,PENDING_AG03,FALSE,NOT_FOR_ENFORCEMENT,462.4647,2250.6782,481.7340,462.4647,19.2694,0.17386899,0.16691423,19.2694,462.4647,0.16691423,19.2694,19.2694,24.0867,24.0867,24.0867,462.4647,0.16691423,110.7988,101.0886,370.9352,380.6454,0.13387912,0.13738377,0.00695476,60.2320,53.2831,10.9485,160.5780,13.7638,923.5575,14.6667,,60.2320,26.176,39.2639,78.5279,149.8572,197.0089,320.1319,28.7936,0.0,5.017554,8.153334,1.534029,15,27,3,3,0E-8,0.17386899,,0E-8,0.000000,0.846169,0.000000,,2026-03-24,2026-04-24,3,35,25,32,0.093750,,,0.000000,,,,,,,,GLOBAL_BASELINE_NO_ENTITY_RANKING,,,NOT_APPLICABLE_GLOBAL_BASELINE,HF9g-P5,,,,X 全窗基线 · 不参与实体赏罚,8392645,840,A168_HF9F_20260827_0900,2026-08-27 09:00:00
2026-04-10,147744691,2212,0,49.7343140591,-49.7343140591,-49.7343140591,0E-7,1,1,0.50665070000000000,0.506650700000,-1.013391052207602,-1.013391052207602,-1.013391052207602,0E-17,ELIGIBLE,R03b_20260811_FULL_v1,L1_ELIGIBILITY,v2026-08-11,2026-03-21..2026-08-06,baccarat_bet02_101_all_pairs_incl_sentinel,round_win = game_pnl > 0 (decisive only),COMPATIBILITY_ONLY_NOT_PRODUCTION,2770.6725,2344.4565,481.7340,46,44,-0.17386899,,-0.17386899,-0.17386899,-481.7340,2770.6725,OK,0.0000,19.2694,4.0000,96.0000,AG03-UNRESOLVED,ALL5_LEVELS_bet23_to_bet27,19.2694,19.2694,24.0867,24.0867,24.0867,4.000000,4.000000,5.000000,5.000000,5.000000,96.000000,96.000000,95.000000,95.000000,95.000000,5.0,110.7988,101.0886,370.9352,380.6454,PENDING_AG03,FALSE,NOT_FOR_ENFORCEMENT,462.4647,2250.6782,481.7340,462.4647,19.2694,0.17386899,0.16691423,19.2694,462.4647,0.16691423,19.2694,19.2694,24.0867,24.0867,24.0867,462.4647,0.16691423,110.7988,101.0886,370.9352,380.6454,0.13387912,0.13738377,0.00695476,60.2320,53.2831,10.9485,160.5780,13.7638,923.5575,14.6667,,60.2320,26.176,39.2639,78.5279,149.8572,197.0089,320.1319,28.7936,0.0,5.017554,8.153334,1.534029,15,27,3,3,0E-8,0.17386899,,0E-8,0.000000,0.846169,0.000000,,2026-03-24,2026-04-24,3,35,25,32,0.093750,,,0.000000,,,,,,,,GLOBAL_BASELINE_NO_ENTITY_RANKING,,,NOT_APPLICABLE_GLOBAL_BASELINE,HF9g-P5,,,,X 全窗基线 · 不参与实体赏罚,8392646,840,A168_HF9F_20260827_0900,2026-08-27 09:00:00
2026-04-10,147744691,2246,0,57.5871004896,19.6319660760,19.6319660760,0.5000000,3,3,0.50665070000000000,0.506650700000,-0.018812684590367487,-0.018812684590367487,-0.018812684590367487,0E-17,ELIGIBLE,R03b_20260811_FULL_v1,L1_ELIGIBILITY,v2026-08-11,2026-03-21..2026-08-06,baccarat_bet02_101_all_pairs_incl_sentinel,round_win = game_pnl > 0 (decisive only),COMPATIBILITY_ONLY_NOT_PRODUCTION,2770.6725,2344.4565,481.7340,46,44,-0.17386899,,-0.17386899,-0.17386899,-481.7340,2770.6725,OK,0.0000,19.2694,4.0000,96.0000,AG03-UNRESOLVED,ALL5_LEVELS_bet23_to_bet27,19.2694,19.2694,24.0867,24.0867,24.0867,4.000000,4.000000,5.000000,5.000000,5.000000,96.000000,96.000000,95.000000,95.000000,95.000000,5.0,110.7988,101.0886,370.9352,380.6454,PENDING_AG03,FALSE,NOT_FOR_ENFORCEMENT,462.4647,2250.6782,481.7340,462.4647,19.2694,0.17386899,0.16691423,19.2694,462.4647,0.16691423,19.2694,19.2694,24.0867,24.0867,24.0867,462.4647,0.16691423,110.7988,101.0886,370.9352,380.6454,0.13387912,0.13738377,0.00695476,60.2320,53.2831,10.9485,160.5780,13.7638,923.5575,14.6667,,60.2320,26.176,39.2639,78.5279,149.8572,197.0089,320.1319,28.7936,0.0,5.017554,8.153334,1.534029,15,27,3,3,0E-8,0.17386899,,0E-8,0.000000,0.846169,0.000000,,2026-03-24,2026-04-24,3,35,25,32,0.093750,,,0.000000,,,,,,,,GLOBAL_BASELINE_NO_ENTITY_RANKING,,,NOT_APPLICABLE_GLOBAL_BASELINE,HF9g-P5,,,,X 全窗基线 · 不参与实体赏罚,8392647,840,A168_HF9F_20260827_0900,2026-08-27 09:00:00
2026-04-10,147744691,471,0,13.0879773840,13.0879773840,13.0879773840,1.0000000,1,1,0.49324550000000000,0.493245500000,1.01360149184955,1.01360149184955,1.01360149184955,0E-17,ELIGIBLE,R03b_20260811_FULL_v1,L1_ELIGIBILITY,v2026-08-11,2026-03-21..2026-08-06,baccarat_bet02_101_all_pairs_incl_sentinel,round_win = game_pnl > 0 (decisive only),COMPATIBILITY_ONLY_NOT_PRODUCTION,2770.6725,2344.4565,481.7340,46,44,-0.17386899,,-0.17386899,-0.17386899,-481.7340,2770.6725,OK,0.0000,19.2694,4.0000,96.0000,AG03-UNRESOLVED,ALL5_LEVELS_bet23_to_bet27,19.2694,19.2694,24.0867,24.0867,24.0867,4.000000,4.000000,5.000000,5.000000,5.000000,96.000000,96.000000,95.000000,95.000000,95.000000,5.0,110.7988,101.0886,370.9352,380.6454,PENDING_AG03,FALSE,NOT_FOR_ENFORCEMENT,462.4647,2250.6782,481.7340,462.4647,19.2694,0.17386899,0.16691423,19.2694,462.4647,0.16691423,19.2694,19.2694,24.0867,24.0867,24.0867,462.4647,0.16691423,110.7988,101.0886,370.9352,380.6454,0.13387912,0.13738377,0.00695476,60.2320,53.2831,10.9485,160.5780,13.7638,923.5575,14.6667,,60.2320,26.176,39.2639,78.5279,149.8572,197.0089,320.1319,28.7936,0.0,5.017554,8.153334,1.534029,15,27,3,3,0E-8,0.17386899,,0E-8,0.000000,0.846169,0.000000,,2026-03-24,2026-04-24,3,35,25,32,0.093750,,,0.000000,,,,,,,,GLOBAL_BASELINE_NO_ENTITY_RANKING,,,NOT_APPLICABLE_GLOBAL_BASELINE,HF9g-P5,,,,X 全窗基线 · 不参与实体赏罚,8392648,840,A168_HF9F_20260827_0900,2026-08-27 09:00:00
2026-04-10,147744691,529,0,13.0879773840,-13.0879773840,-13.0879773840,0E-7,1,1,0.50665070000000000,0.506650700000,-1.013391052207602,-1.013391052207602,-1.013391052207602,0E-17,ELIGIBLE,R03b_20260811_FULL_v1,L1_ELIGIBILITY,v2026-08-11,2026-03-21..2026-08-06,baccarat_bet02_101_all_pairs_incl_sentinel,round_win = game_pnl > 0 (decisive only),COMPATIBILITY_ONLY_NOT_PRODUCTION,2770.6725,2344.4565,481.7340,46,44,-0.17386899,,-0.17386899,-0.17386899,-481.7340,2770.6725,OK,0.0000,19.2694,4.0000,96.0000,AG03-UNRESOLVED,ALL5_LEVELS_bet23_to_bet27,19.2694,19.2694,24.0867,24.0867,24.0867,4.000000,4.000000,5.000000,5.000000,5.000000,96.000000,96.000000,95.000000,95.000000,95.000000,5.0,110.7988,101.0886,370.9352,380.6454,PENDING_AG03,FALSE,NOT_FOR_ENFORCEMENT,462.4647,2250.6782,481.7340,462.4647,19.2694,0.17386899,0.16691423,19.2694,462.4647,0.16691423,19.2694,19.2694,24.0867,24.0867,24.0867,462.4647,0.16691423,110.7988,101.0886,370.9352,380.6454,0.13387912,0.13738377,0.00695476,60.2320,53.2831,10.9485,160.5780,13.7638,923.5575,14.6667,,60.2320,26.176,39.2639,78.5279,149.8572,197.0089,320.1319,28.7936,0.0,5.017554,8.153334,1.534029,15,27,3,3,0E-8,0.17386899,,0E-8,0.000000,0.846169,0.000000,,2026-03-24,2026-04-24,3,35,25,32,0.093750,,,0.000000,,,,,,,,GLOBAL_BASELINE_NO_ENTITY_RANKING,,,NOT_APPLICABLE_GLOBAL_BASELINE,HF9g-P5,,,,X 全窗基线 · 不参与实体赏罚,8392649,840,A168_HF9F_20260827_0900,2026-08-27 09:00:00
2026-04-10,147744691,970,0,39.2639321519,-39.2639321519,-39.2639321519,0E-7,1,1,0.50665070000000000,0.506650700000,-1.013391052207602,-1.013391052207602,-1.013391052207602,0E-17,ELIGIBLE,R03b_20260811_FULL_v1,L1_ELIGIBILITY,v2026-08-11,2026-03-21..2026-08-06,baccarat_bet02_101_all_pairs_incl_sentinel,round_win = game_pnl > 0 (decisive only),COMPATIBILITY_ONLY_NOT_PRODUCTION,2770.6725,2344.4565,481.7340,46,44,-0.17386899,,-0.17386899,-0.17386899,-481.7340,2770.6725,OK,0.0000,19.2694,4.0000,96.0000,AG03-UNRESOLVED,ALL5_LEVELS_bet23_to_bet27,19.2694,19.2694,24.0867,24.0867,24.0867,4.000000,4.000000,5.000000,5.000000,5.000000,96.000000,96.000000,95.000000,95.000000,95.000000,5.0,110.7988,101.0886,370.9352,380.6454,PENDING_AG03,FALSE,NOT_FOR_ENFORCEMENT,462.4647,2250.6782,481.7340,462.4647,19.2694,0.17386899,0.16691423,19.2694,462.4647,0.16691423,19.2694,19.2694,24.0867,24.0867,24.0867,462.4647,0.16691423,110.7988,101.0886,370.9352,380.6454,0.13387912,0.13738377,0.00695476,60.2320,53.2831,10.9485,160.5780,13.7638,923.5575,14.6667,,60.2320,26.176,39.2639,78.5279,149.8572,197.0089,320.1319,28.7936,0.0,5.017554,8.153334,1.534029,15,27,3,3,0E-8,0.17386899,,0E-8,0.000000,0.846169,0.000000,,2026-03-24,2026-04-24,3,35,25,32,0.093750,,,0.000000,,,,,,,,GLOBAL_BASELINE_NO_ENTITY_RANKING,,,NOT_APPLICABLE_GLOBAL_BASELINE,HF9g-P5,,,,X 全窗基线 · 不参与实体赏罚,8392650,840,A168_HF9F_20260827_0900,2026-08-27 09:00:00
2026-04-10,147744691,986,0,162.2909195613,5.2351909535,5.2351909535,0.6666667,3,3,0.49771390000000000,0.497713900000,0.5852756695216578,0.5852756695216578,0.5852756695216578,0E-17,ELIGIBLE,R03b_20260811_FULL_v1,L1_ELIGIBILITY,v2026-08-11,2026-03-21..2026-08-06,baccarat_bet02_101_all_pairs_incl_sentinel,round_win = game_pnl > 0 (decisive only),COMPATIBILITY_ONLY_NOT_PRODUCTION,2770.6725,2344.4565,481.7340,46,44,-0.17386899,,-0.17386899,-0.17386899,-481.7340,2770.6725,OK,0.0000,19.2694,4.0000,96.0000,AG03-UNRESOLVED,ALL5_LEVELS_bet23_to_bet27,19.2694,19.2694,24.0867,24.0867,24.0867,4.000000,4.000000,5.000000,5.000000,5.000000,96.000000,96.000000,95.000000,95.000000,95.000000,5.0,110.7988,101.0886,370.9352,380.6454,PENDING_AG03,FALSE,NOT_FOR_ENFORCEMENT,462.4647,2250.6782,481.7340,462.4647,19.2694,0.17386899,0.16691423,19.2694,462.4647,0.16691423,19.2694,19.2694,24.0867,24.0867,24.0867,462.4647,0.16691423,110.7988,101.0886,370.9352,380.6454,0.13387912,0.13738377,0.00695476,60.2320,53.2831,10.9485,160.5780,13.7638,923.5575,14.6667,,60.2320,26.176,39.2639,78.5279,149.8572,197.0089,320.1319,28.7936,0.0,5.017554,8.153334,1.534029,15,27,3,3,0E-8,0.17386899,,0E-8,0.000000,0.846169,0.000000,,2026-03-24,2026-04-24,3,35,25,32,0.093750,,,0.000000,,,,,,,,GLOBAL_BASELINE_NO_ENTITY_RANKING,,,NOT_APPLICABLE_GLOBAL_BASELINE,HF9g-P5,,,,X 全窗基线 · 不参与实体赏罚,8392651,840,A168_HF9F_20260827_0900,2026-08-27 09:00:00
2026-04-24,147744691,1505,0,311.4938617386,-155.7469308693,-155.7469308693,0E-7,2,2,0.50665070000000000,0.506650700000,-1.013391052207602,-1.013391052207602,-1.013391052207602,0E-17,ELIGIBLE,R03b_20260811_FULL_v1,L1_ELIGIBILITY,v2026-08-11,2026-03-21..2026-08-06,baccarat_bet02_101_all_pairs_incl_sentinel,round_win = game_pnl > 0 (decisive only),COMPATIBILITY_ONLY_NOT_PRODUCTION,2770.6725,2344.4565,481.7340,46,44,-0.17386899,,-0.17386899,-0.17386899,-481.7340,2770.6725,OK,0.0000,19.2694,4.0000,96.0000,AG03-UNRESOLVED,ALL5_LEVELS_bet23_to_bet27,19.2694,19.2694,24.0867,24.0867,24.0867,4.000000,4.000000,5.000000,5.000000,5.000000,96.000000,96.000000,95.000000,95.000000,95.000000,5.0,110.7988,101.0886,370.9352,380.6454,PENDING_AG03,FALSE,NOT_FOR_ENFORCEMENT,462.4647,2250.6782,481.7340,462.4647,19.2694,0.17386899,0.16691423,19.2694,462.4647,0.16691423,19.2694,19.2694,24.0867,24.0867,24.0867,462.4647,0.16691423,110.7988,101.0886,370.9352,380.6454,0.13387912,0.13738377,0.00695476,60.2320,53.2831,10.9485,160.5780,13.7638,923.5575,14.6667,,60.2320,26.176,39.2639,78.5279,149.8572,197.0089,320.1319,28.7936,0.0,5.017554,8.153334,1.534029,15,27,3,3,0E-8,0.17386899,,0E-8,0.000000,0.846169,0.000000,,2026-03-24,2026-04-24,3,35,25,32,0.093750,,,0.000000,,,,,,,,GLOBAL_BASELINE_NO_ENTITY_RANKING,,,NOT_APPLICABLE_GLOBAL_BASELINE,HF9g-P5,,,,X 全窗基线 · 不参与实体赏罚,8392652,840,A168_HF9F_20260827_0900,2026-08-27 09:00:00
2026-04-24,147744691,2093,0,26.1759547680,24.8671570296,24.8671570296,1.0000000,1,1,0.50665070000000000,0.506650700000,0.9867858985152569,0.9867858985152569,0.9867858985152569,0E-17,ELIGIBLE,R03b_20260811_FULL_v1,L1_ELIGIBILITY,v2026-08-11,2026-03-21..2026-08-06,baccarat_bet02_101_all_pairs_incl_sentinel,round_win = game_pnl > 0 (decisive only),COMPATIBILITY_ONLY_NOT_PRODUCTION,2770.6725,2344.4565,481.7340,46,44,-0.17386899,,-0.17386899,-0.17386899,-481.7340,2770.6725,OK,0.0000,19.2694,4.0000,96.0000,AG03-UNRESOLVED,ALL5_LEVELS_bet23_to_bet27,19.2694,19.2694,24.0867,24.0867,24.0867,4.000000,4.000000,5.000000,5.000000,5.000000,96.000000,96.000000,95.000000,95.000000,95.000000,5.0,110.7988,101.0886,370.9352,380.6454,PENDING_AG03,FALSE,NOT_FOR_ENFORCEMENT,462.4647,2250.6782,481.7340,462.4647,19.2694,0.17386899,0.16691423,19.2694,462.4647,0.16691423,19.2694,19.2694,24.0867,24.0867,24.0867,462.4647,0.16691423,110.7988,101.0886,370.9352,380.6454,0.13387912,0.13738377,0.00695476,60.2320,53.2831,10.9485,160.5780,13.7638,923.5575,14.6667,,60.2320,26.176,39.2639,78.5279,149.8572,197.0089,320.1319,28.7936,0.0,5.017554,8.153334,1.534029,15,27,3,3,0E-8,0.17386899,,0E-8,0.000000,0.846169,0.000000,,2026-03-24,2026-04-24,3,35,25,32,0.093750,,,0.000000,,,,,,,,GLOBAL_BASELINE_NO_ENTITY_RANKING,,,NOT_APPLICABLE_GLOBAL_BASELINE,HF9g-P5,,,,X 全窗基线 · 不参与实体赏罚,8392653,840,A168_HF9F_20260827_0900,2026-08-27 09:00:00
2026-08-04,153825966,-1,1,336.3908194600,-139.4052044609,-139.4052044609,0.2000000,5,5,0.50396966000000000,0.503969660000,-1.3594364909357963,-1.3594364909357963,-1.3594364909357963,0E-17,SENTINEL_DEALER,R03b_20260811_FULL_v1,L1_ELIGIBILITY,v2026-08-11,2026-03-21..2026-08-06,baccarat_bet02_101_all_pairs_incl_sentinel,round_win = game_pnl > 0 (decisive only),COMPATIBILITY_ONLY_NOT_PRODUCTION,1802.1658,1701.1476,481.8066,27,26,-0.26734865,-0.26734865,,-0.26734865,-481.8066,1802.1658,THIN_EXPOSURE,0.0000,19.2723,4.0000,96.0000,AG03-UNRESOLVED,ALL5_LEVELS_bet23_to_bet27,19.2723,19.2723,19.2723,19.2723,19.2723,4.000000,4.000000,4.000000,4.000000,4.000000,96.000000,96.000000,96.000000,96.000000,96.000000,5.0,96.3613,88.9547,385.4453,392.852,PENDING_AG03,FALSE,NOT_FOR_ENFORCEMENT,462.5343,1633.1017,481.8066,462.5343,19.2723,0.26734865,0.25665471,19.2723,462.5343,0.25665471,19.2723,19.2723,19.2723,19.2723,19.2723,462.5343,0.25665471,96.3613,88.9547,385.4453,392.852,0.21387892,0.21798879,0.01069395,66.7469,65.4288,18.5310,481.8066,30.1129,1802.1658,26.0000,66.7469,,40.4073,60.611,101.0183,101.0183,101.0183,101.0183,60.611,-40.4073,1.666667,1.666667,1.101235,14,10,1,3,1.00000000,0.26734865,0.26734865,0E-8,0.000000,0.943946,0.000000,,2026-08-04,2026-08-04,1,16,14,1,1.000000,,1.000000,3.333333,,,,,,,,GLOBAL_BASELINE_NO_ENTITY_RANKING,,,NOT_APPLICABLE_GLOBAL_BASELINE,HF9g-P5,,,,X 全窗基线 · 不参与实体赏罚,8392654,840,A168_HF9F_20260827_0900,2026-08-27 09:00:00
2026-08-04,153825966,1330,0,90.9164376920,-90.9164376920,-90.9164376920,0E-7,3,2,0.45338123000007893,0.393584825000,-1.287966288091348,-1.1393289695942557,-1.287966288091348,0.05979640500007893,ELIGIBLE,R03b_20260811_FULL_v1,L1_ELIGIBILITY,v2026-08-11,2026-03-21..2026-08-06,baccarat_bet02_101_all_pairs_incl_sentinel,round_win = game_pnl > 0 (decisive only),COMPATIBILITY_ONLY_NOT_PRODUCTION,1802.1658,1701.1476,481.8066,27,26,-0.26734865,-0.26734865,,-0.26734865,-481.8066,1802.1658,THIN_EXPOSURE,0.0000,19.2723,4.0000,96.0000,AG03-UNRESOLVED,ALL5_LEVELS_bet23_to_bet27,19.2723,19.2723,19.2723,19.2723,19.2723,4.000000,4.000000,4.000000,4.000000,4.000000,96.000000,96.000000,96.000000,96.000000,96.000000,5.0,96.3613,88.9547,385.4453,392.852,PENDING_AG03,FALSE,NOT_FOR_ENFORCEMENT,462.5343,1633.1017,481.8066,462.5343,19.2723,0.26734865,0.25665471,19.2723,462.5343,0.25665471,19.2723,19.2723,19.2723,19.2723,19.2723,462.5343,0.25665471,96.3613,88.9547,385.4453,392.852,0.21387892,0.21798879,0.01069395,66.7469,65.4288,18.5310,481.8066,30.1129,1802.1658,26.0000,66.7469,,40.4073,60.611,101.0183,101.0183,101.0183,101.0183,60.611,-40.4073,1.666667,1.666667,1.101235,14,10,1,3,1.00000000,0.26734865,0.26734865,0E-8,0.000000,0.943946,0.000000,,2026-08-04,2026-08-04,1,16,14,1,1.000000,,1.000000,3.333333,,,,,,,,GLOBAL_BASELINE_NO_ENTITY_RANKING,,,NOT_APPLICABLE_GLOBAL_BASELINE,HF9g-P5,,,,X 全窗基线 · 不参与实体赏罚,8392655,840,A168_HF9F_20260827_0900,2026-08-27 09:00:00
2026-08-04,153825966,1490,0,101.0182641021,95.9673508970,95.9673508970,1.0000000,1,1,0.50665070000000000,0.506650700000,0.9867858985152569,0.9867858985152569,0.9867858985152569,0E-17,ELIGIBLE,R03b_20260811_FULL_v1,L1_ELIGIBILITY,v2026-08-11,2026-03-21..2026-08-06,baccarat_bet02_101_all_pairs_incl_sentinel,round_win = game_pnl > 0 (decisive only),COMPATIBILITY_ONLY_NOT_PRODUCTION,1802.1658,1701.1476,481.8066,27,26,-0.26734865,-0.26734865,,-0.26734865,-481.8066,1802.1658,THIN_EXPOSURE,0.0000,19.2723,4.0000,96.0000,AG03-UNRESOLVED,ALL5_LEVELS_bet23_to_bet27,19.2723,19.2723,19.2723,19.2723,19.2723,4.000000,4.000000,4.000000,4.000000,4.000000,96.000000,96.000000,96.000000,96.000000,96.000000,5.0,96.3613,88.9547,385.4453,392.852,PENDING_AG03,FALSE,NOT_FOR_ENFORCEMENT,462.5343,1633.1017,481.8066,462.5343,19.2723,0.26734865,0.25665471,19.2723,462.5343,0.25665471,19.2723,19.2723,19.2723,19.2723,19.2723,462.5343,0.25665471,96.3613,88.9547,385.4453,392.852,0.21387892,0.21798879,0.01069395,66.7469,65.4288,18.5310,481.8066,30.1129,1802.1658,26.0000,66.7469,,40.4073,60.611,101.0183,101.0183,101.0183,101.0183,60.611,-40.4073,1.666667,1.666667,1.101235,14,10,1,3,1.00000000,0.26734865,0.26734865,0E-8,0.000000,0.943946,0.000000,,2026-08-04,2026-08-04,1,16,14,1,1.000000,,1.000000,3.333333,,,,,,,,GLOBAL_BASELINE_NO_ENTITY_RANKING,,,NOT_APPLICABLE_GLOBAL_BASELINE,HF9g-P5,,,,X 全窗基线 · 不参与实体赏罚,8392656,840,A168_HF9F_20260827_0900,2026-08-27 09:00:00
2026-08-04,153825966,2123,0,424.2767092289,-69.7026022305,-69.7026022305,0.5000000,6,6,0.50218230000000000,0.502182300000,-0.01069114476356389,-0.01069114476356389,-0.01069114476356389,0E-17,ELIGIBLE,R03b_20260811_FULL_v1,L1_ELIGIBILITY,v2026-08-11,2026-03-21..2026-08-06,baccarat_bet02_101_all_pairs_incl_sentinel,round_win = game_pnl > 0 (decisive only),COMPATIBILITY_ONLY_NOT_PRODUCTION,1802.1658,1701.1476,481.8066,27,26,-0.26734865,-0.26734865,,-0.26734865,-481.8066,1802.1658,THIN_EXPOSURE,0.0000,19.2723,4.0000,96.0000,AG03-UNRESOLVED,ALL5_LEVELS_bet23_to_bet27,19.2723,19.2723,19.2723,19.2723,19.2723,4.000000,4.000000,4.000000,4.000000,4.000000,96.000000,96.000000,96.000000,96.000000,96.000000,5.0,96.3613,88.9547,385.4453,392.852,PENDING_AG03,FALSE,NOT_FOR_ENFORCEMENT,462.5343,1633.1017,481.8066,462.5343,19.2723,0.26734865,0.25665471,19.2723,462.5343,0.25665471,19.2723,19.2723,19.2723,19.2723,19.2723,462.5343,0.25665471,96.3613,88.9547,385.4453,392.852,0.21387892,0.21798879,0.01069395,66.7469,65.4288,18.5310,481.8066,30.1129,1802.1658,26.0000,66.7469,,40.4073,60.611,101.0183,101.0183,101.0183,101.0183,60.611,-40.4073,1.666667,1.666667,1.101235,14,10,1,3,1.00000000,0.26734865,0.26734865,0E-8,0.000000,0.943946,0.000000,,2026-08-04,2026-08-04,1,16,14,1,1.000000,,1.000000,3.333333,,,,,,,,GLOBAL_BASELINE_NO_ENTITY_RANKING,,,NOT_APPLICABLE_GLOBAL_BASELINE,HF9g-P5,,,,X 全窗基线 · 不参与实体赏罚,8392657,840,A168_HF9F_20260827_0900,2026-08-27 09:00:00
2026-08-04,153825966,2147,0,140.4153871020,54.6003717472,54.6003717472,0.5000000,2,2,0.50665070000000000,0.506650700000,-0.018812684590367487,-0.018812684590367487,-0.018812684590367487,0E-17,ELIGIBLE,R03b_20260811_FULL_v1,L1_ELIGIBILITY,v2026-08-11,2026-03-21..2026-08-06,baccarat_bet02_101_all_pairs_incl_sentinel,round_win = game_pnl > 0 (decisive only),COMPATIBILITY_ONLY_NOT_PRODUCTION,1802.1658,1701.1476,481.8066,27,26,-0.26734865,-0.26734865,,-0.26734865,-481.8066,1802.1658,THIN_EXPOSURE,0.0000,19.2723,4.0000,96.0000,AG03-UNRESOLVED,ALL5_LEVELS_bet23_to_bet27,19.2723,19.2723,19.2723,19.2723,19.2723,4.000000,4.000000,4.000000,4.000000,4.000000,96.000000,96.000000,96.000000,96.000000,96.000000,5.0,96.3613,88.9547,385.4453,392.852,PENDING_AG03,FALSE,NOT_FOR_ENFORCEMENT,462.5343,1633.1017,481.8066,462.5343,19.2723,0.26734865,0.25665471,19.2723,462.5343,0.25665471,19.2723,19.2723,19.2723,19.2723,19.2723,462.5343,0.25665471,96.3613,88.9547,385.4453,392.852,0.21387892,0.21798879,0.01069395,66.7469,65.4288,18.5310,481.8066,30.1129,1802.1658,26.0000,66.7469,,40.4073,60.611,101.0183,101.0183,101.0183,101.0183,60.611,-40.4073,1.666667,1.666667,1.101235,14,10,1,3,1.00000000,0.26734865,0.26734865,0E-8,0.000000,0.943946,0.000000,,2026-08-04,2026-08-04,1,16,14,1,1.000000,,1.000000,3.333333,,,,,,,,GLOBAL_BASELINE_NO_ENTITY_RANKING,,,NOT_APPLICABLE_GLOBAL_BASELINE,HF9g-P5,,,,X 全窗基线 · 不参与实体赏罚,8392658,840,A168_HF9F_20260827_0900,2026-08-27 09:00:00
2026-08-04,153825966,2223,0,141.4255697430,-141.4255697430,-141.4255697430,0E-7,2,2,0.50665070000000000,0.506650700000,-1.4331513700195317,-1.4331513700195317,-1.4331513700195317,0E-17,ELIGIBLE,R03b_20260811_FULL_v1,L1_ELIGIBILITY,v2026-08-11,2026-03-21..2026-08-06,baccarat_bet02_101_all_pairs_incl_sentinel,round_win = game_pnl > 0 (decisive only),COMPATIBILITY_ONLY_NOT_PRODUCTION,1802.1658,1701.1476,481.8066,27,26,-0.26734865,-0.26734865,,-0.26734865,-481.8066,1802.1658,THIN_EXPOSURE,0.0000,19.2723,4.0000,96.0000,AG03-UNRESOLVED,ALL5_LEVELS_bet23_to_bet27,19.2723,19.2723,19.2723,19.2723,19.2723,4.000000,4.000000,4.000000,4.000000,4.000000,96.000000,96.000000,96.000000,96.000000,96.000000,5.0,96.3613,88.9547,385.4453,392.852,PENDING_AG03,FALSE,NOT_FOR_ENFORCEMENT,462.5343,1633.1017,481.8066,462.5343,19.2723,0.26734865,0.25665471,19.2723,462.5343,0.25665471,19.2723,19.2723,19.2723,19.2723,19.2723,462.5343,0.25665471,96.3613,88.9547,385.4453,392.852,0.21387892,0.21798879,0.01069395,66.7469,65.4288,18.5310,481.8066,30.1129,1802.1658,26.0000,66.7469,,40.4073,60.611,101.0183,101.0183,101.0183,101.0183,60.611,-40.4073,1.666667,1.666667,1.101235,14,10,1,3,1.00000000,0.26734865,0.26734865,0E-8,0.000000,0.943946,0.000000,,2026-08-04,2026-08-04,1,16,14,1,1.000000,,1.000000,3.333333,,,,,,,,GLOBAL_BASELINE_NO_ENTITY_RANKING,,,NOT_APPLICABLE_GLOBAL_BASELINE,HF9g-P5,,,,X 全窗基线 · 不参与实体赏罚,8392659,840,A168_HF9F_20260827_0900,2026-08-27 09:00:00
2026-08-04,153825966,2252,0,103.0386293841,-2.0203652820,-2.0203652820,0E-7,2,2,0.49324550000000000,0.493245500000,-0.9865810262130424,-0.9865810262130424,-0.9865810262130424,0E-17,ELIGIBLE,R03b_20260811_FULL_v1,L1_ELIGIBILITY,v2026-08-11,2026-03-21..2026-08-06,baccarat_bet02_101_all_pairs_incl_sentinel,round_win = game_pnl > 0 (decisive only),COMPATIBILITY_ONLY_NOT_PRODUCTION,1802.1658,1701.1476,481.8066,27,26,-0.26734865,-0.26734865,,-0.26734865,-481.8066,1802.1658,THIN_EXPOSURE,0.0000,19.2723,4.0000,96.0000,AG03-UNRESOLVED,ALL5_LEVELS_bet23_to_bet27,19.2723,19.2723,19.2723,19.2723,19.2723,4.000000,4.000000,4.000000,4.000000,4.000000,96.000000,96.000000,96.000000,96.000000,96.000000,5.0,96.3613,88.9547,385.4453,392.852,PENDING_AG03,FALSE,NOT_FOR_ENFORCEMENT,462.5343,1633.1017,481.8066,462.5343,19.2723,0.26734865,0.25665471,19.2723,462.5343,0.25665471,19.2723,19.2723,19.2723,19.2723,19.2723,462.5343,0.25665471,96.3613,88.9547,385.4453,392.852,0.21387892,0.21798879,0.01069395,66.7469,65.4288,18.5310,481.8066,30.1129,1802.1658,26.0000,66.7469,,40.4073,60.611,101.0183,101.0183,101.0183,101.0183,60.611,-40.4073,1.666667,1.666667,1.101235,14,10,1,3,1.00000000,0.26734865,0.26734865,0E-8,0.000000,0.943946,0.000000,,2026-08-04,2026-08-04,1,16,14,1,1.000000,,1.000000,3.333333,,,,,,,,GLOBAL_BASELINE_NO_ENTITY_RANKING,,,NOT_APPLICABLE_GLOBAL_BASELINE,HF9g-P5,,,,X 全窗基线 · 不参与实体赏罚,8392660,840,A168_HF9F_20260827_0900,2026-08-27 09:00:00
2026-08-04,153825966,462,0,202.0365282043,73.7433327945,73.7433327945,0.6666667,3,3,0.50218230000000000,0.502182300000,0.5697959874915163,0.5697959874915164,0.5697959874915163,0E-17,ELIGIBLE,R03b_20260811_FULL_v1,L1_ELIGIBILITY,v2026-08-11,2026-03-21..2026-08-06,baccarat_bet02_101_all_pairs_incl_sentinel,round_win = game_pnl > 0 (decisive only),COMPATIBILITY_ONLY_NOT_PRODUCTION,1802.1658,1701.1476,481.8066,27,26,-0.26734865,-0.26734865,,-0.26734865,-481.8066,1802.1658,THIN_EXPOSURE,0.0000,19.2723,4.0000,96.0000,AG03-UNRESOLVED,ALL5_LEVELS_bet23_to_bet27,19.2723,19.2723,19.2723,19.2723,19.2723,4.000000,4.000000,4.000000,4.000000,4.000000,96.000000,96.000000,96.000000,96.000000,96.000000,5.0,96.3613,88.9547,385.4453,392.852,PENDING_AG03,FALSE,NOT_FOR_ENFORCEMENT,462.5343,1633.1017,481.8066,462.5343,19.2723,0.26734865,0.25665471,19.2723,462.5343,0.25665471,19.2723,19.2723,19.2723,19.2723,19.2723,462.5343,0.25665471,96.3613,88.9547,385.4453,392.852,0.21387892,0.21798879,0.01069395,66.7469,65.4288,18.5310,481.8066,30.1129,1802.1658,26.0000,66.7469,,40.4073,60.611,101.0183,101.0183,101.0183,101.0183,60.611,-40.4073,1.666667,1.666667,1.101235,14,10,1,3,1.00000000,0.26734865,0.26734865,0E-8,0.000000,0.943946,0.000000,,2026-08-04,2026-08-04,1,16,14,1,1.000000,,1.000000,3.333333,,,,,,,,GLOBAL_BASELINE_NO_ENTITY_RANKING,,,NOT_APPLICABLE_GLOBAL_BASELINE,HF9g-P5,,,,X 全窗基线 · 不参与实体赏罚,8392661,840,A168_HF9F_20260827_0900,2026-08-27 09:00:00
2026-08-04,153825966,550,0,202.0365282042,-202.0365282042,-202.0365282042,0E-7,2,2,0.49994810000000000,0.499948100000,-1.4140667746232096,-1.4140667746232096,-1.4140667746232096,0E-17,ELIGIBLE,R03b_20260811_FULL_v1,L1_ELIGIBILITY,v2026-08-11,2026-03-21..2026-08-06,baccarat_bet02_101_all_pairs_incl_sentinel,round_win = game_pnl > 0 (decisive only),COMPATIBILITY_ONLY_NOT_PRODUCTION,1802.1658,1701.1476,481.8066,27,26,-0.26734865,-0.26734865,,-0.26734865,-481.8066,1802.1658,THIN_EXPOSURE,0.0000,19.2723,4.0000,96.0000,AG03-UNRESOLVED,ALL5_LEVELS_bet23_to_bet27,19.2723,19.2723,19.2723,19.2723,19.2723,4.000000,4.000000,4.000000,4.000000,4.000000,96.000000,96.000000,96.000000,96.000000,96.000000,5.0,96.3613,88.9547,385.4453,392.852,PENDING_AG03,FALSE,NOT_FOR_ENFORCEMENT,462.5343,1633.1017,481.8066,462.5343,19.2723,0.26734865,0.25665471,19.2723,462.5343,0.25665471,19.2723,19.2723,19.2723,19.2723,19.2723,462.5343,0.25665471,96.3613,88.9547,385.4453,392.852,0.21387892,0.21798879,0.01069395,66.7469,65.4288,18.5310,481.8066,30.1129,1802.1658,26.0000,66.7469,,40.4073,60.611,101.0183,101.0183,101.0183,101.0183,60.611,-40.4073,1.666667,1.666667,1.101235,14,10,1,3,1.00000000,0.26734865,0.26734865,0E-8,0.000000,0.943946,0.000000,,2026-08-04,2026-08-04,1,16,14,1,1.000000,,1.000000,3.333333,,,,,,,,GLOBAL_BASELINE_NO_ENTITY_RANKING,,,NOT_APPLICABLE_GLOBAL_BASELINE,HF9g-P5,,,,X 全窗基线 · 不参与实体赏罚,8392662,840,A168_HF9F_20260827_0900,2026-08-27 09:00:00
2026-08-04,153825966,948,0,60.6109584613,-60.6109584613,-60.6109584613,0E-7,1,1,0.50665070000000000,0.506650700000,-1.013391052207602,-1.013391052207602,-1.013391052207602,0E-17,ELIGIBLE,R03b_20260811_FULL_v1,L1_ELIGIBILITY,v2026-08-11,2026-03-21..2026-08-06,baccarat_bet02_101_all_pairs_incl_sentinel,round_win = game_pnl > 0 (decisive only),COMPATIBILITY_ONLY_NOT_PRODUCTION,1802.1658,1701.1476,481.8066,27,26,-0.26734865,-0.26734865,,-0.26734865,-481.8066,1802.1658,THIN_EXPOSURE,0.0000,19.2723,4.0000,96.0000,AG03-UNRESOLVED,ALL5_LEVELS_bet23_to_bet27,19.2723,19.2723,19.2723,19.2723,19.2723,4.000000,4.000000,4.000000,4.000000,4.000000,96.000000,96.000000,96.000000,96.000000,96.000000,5.0,96.3613,88.9547,385.4453,392.852,PENDING_AG03,FALSE,NOT_FOR_ENFORCEMENT,462.5343,1633.1017,481.8066,462.5343,19.2723,0.26734865,0.25665471,19.2723,462.5343,0.25665471,19.2723,19.2723,19.2723,19.2723,19.2723,462.5343,0.25665471,96.3613,88.9547,385.4453,392.852,0.21387892,0.21798879,0.01069395,66.7469,65.4288,18.5310,481.8066,30.1129,1802.1658,26.0000,66.7469,,40.4073,60.611,101.0183,101.0183,101.0183,101.0183,60.611,-40.4073,1.666667,1.666667,1.101235,14,10,1,3,1.00000000,0.26734865,0.26734865,0E-8,0.000000,0.943946,0.000000,,2026-08-04,2026-08-04,1,16,14,1,1.000000,,1.000000,3.333333,,,,,,,,GLOBAL_BASELINE_NO_ENTITY_RANKING,,,NOT_APPLICABLE_GLOBAL_BASELINE,HF9g-P5,,,,X 全窗基线 · 不参与实体赏罚,8392663,840,A168_HF9F_20260827_0900,2026-08-27 09:00:00
2026-04-30,117168257,1115,0,336.0991492490,-126.0371809684,-126.0371809684,0.3333333,3,3,0.49771390000000000,0.497713900000,-0.5694369385616226,-0.5694369385616226,-0.5694369385616226,0E-17,ELIGIBLE,R03b_20260811_FULL_v1,L1_ELIGIBILITY,v2026-08-11,2026-03-21..2026-08-06,baccarat_bet02_101_all_pairs_incl_sentinel,round_win = game_pnl > 0 (decisive only),COMPATIBILITY_ONLY_NOT_PRODUCTION,2945.0688,2523.4744,481.8086,26,23,-0.16359843,,-0.16359843,-0.16359843,-481.8086,2945.0688,THIN_EXPOSURE,0.0000,19.2723,4.0000,96.0000,AG03-UNRESOLVED,ALL5_LEVELS_bet23_to_bet27,19.2723,19.2723,19.2723,28.9085,0.0000,4.000000,4.000000,4.000000,6.000000,0.000000,96.000000,96.000000,96.000000,94.000000,100.000000,5.0,86.7256,81.1116,395.0831,400.697,PENDING_AG03,FALSE,NOT_FOR_ENFORCEMENT,462.5363,2422.5354,481.8086,462.5363,19.2723,0.16359843,0.15705449,19.2723,462.5363,0.15705449,19.2723,19.2723,19.2723,28.9085,0.0000,462.5363,0.15705449,86.7256,81.1116,395.0831,400.697,0.13415071,0.13605694,0.00654394,113.2719,109.7163,20.9482,481.8086,68.8298,2945.0688,23.0000,,113.2719,84.0248,105.031,147.0434,210.062,222.9597,274.551,105.031,-21.0062,2.122799,2.614,1.078462,7,7,1,5,0E-8,0.16359843,,0E-8,0.000000,0.856847,0.000000,,2026-04-30,2026-04-30,1,7,7,1,1.000000,,,0.000000,,,,,,,,GLOBAL_BASELINE_NO_ENTITY_RANKING,,,NOT_APPLICABLE_GLOBAL_BASELINE,HF9g-P5,,,,X 全窗基线 · 不参与实体赏罚,8392664,840,A168_HF9F_20260827_0900,2026-08-27 09:00:00
2026-04-30,117168257,1363,0,945.4889192311,-489.2448272240,-489.2448272240,0.2857143,9,7,0.48710496326528214,0.463597352381,-1.0660138750824857,-0.9437733247416342,-1.0660138750824857,0.02350761088428214,ELIGIBLE,R03b_20260811_FULL_v1,L1_ELIGIBILITY,v2026-08-11,2026-03-21..2026-08-06,baccarat_bet02_101_all_pairs_incl_sentinel,round_win = game_pnl > 0 (decisive only),COMPATIBILITY_ONLY_NOT_PRODUCTION,2945.0688,2523.4744,481.8086,26,23,-0.16359843,,-0.16359843,-0.16359843,-481.8086,2945.0688,THIN_EXPOSURE,0.0000,19.2723,4.0000,96.0000,AG03-UNRESOLVED,ALL5_LEVELS_bet23_to_bet27,19.2723,19.2723,19.2723,28.9085,0.0000,4.000000,4.000000,4.000000,6.000000,0.000000,96.000000,96.000000,96.000000,94.000000,100.000000,5.0,86.7256,81.1116,395.0831,400.697,PENDING_AG03,FALSE,NOT_FOR_ENFORCEMENT,462.5363,2422.5354,481.8086,462.5363,19.2723,0.16359843,0.15705449,19.2723,462.5363,0.15705449,19.2723,19.2723,19.2723,28.9085,0.0000,462.5363,0.15705449,86.7256,81.1116,395.0831,400.697,0.13415071,0.13605694,0.00654394,113.2719,109.7163,20.9482,481.8086,68.8298,2945.0688,23.0000,,113.2719,84.0248,105.031,147.0434,210.062,222.9597,274.551,105.031,-21.0062,2.122799,2.614,1.078462,7,7,1,5,0E-8,0.16359843,,0E-8,0.000000,0.856847,0.000000,,2026-04-30,2026-04-30,1,7,7,1,1.000000,,,0.000000,,,,,,,,GLOBAL_BASELINE_NO_ENTITY_RANKING,,,NOT_APPLICABLE_GLOBAL_BASELINE,HF9g-P5,,,,X 全窗基线 · 不参与实体赏罚,8392665,840,A168_HF9F_20260827_0900,2026-08-27 09:00:00
2026-04-30,117168257,1509,0,602.6677869972,53.6498266988,53.6498266988,0.5000000,6,5,0.48998193272729761,0.451166520000,0.04008031495322322,0.1962722674417284,0.04008031495322322,0.03881541272729761,ELIGIBLE,R03b_20260811_FULL_v1,L1_ELIGIBILITY,v2026-08-11,2026-03-21..2026-08-06,baccarat_bet02_101_all_pairs_incl_sentinel,round_win = game_pnl > 0 (decisive only),COMPATIBILITY_ONLY_NOT_PRODUCTION,2945.0688,2523.4744,481.8086,26,23,-0.16359843,,-0.16359843,-0.16359843,-481.8086,2945.0688,THIN_EXPOSURE,0.0000,19.2723,4.0000,96.0000,AG03-UNRESOLVED,ALL5_LEVELS_bet23_to_bet27,19.2723,19.2723,19.2723,28.9085,0.0000,4.000000,4.000000,4.000000,6.000000,0.000000,96.000000,96.000000,96.000000,94.000000,100.000000,5.0,86.7256,81.1116,395.0831,400.697,PENDING_AG03,FALSE,NOT_FOR_ENFORCEMENT,462.5363,2422.5354,481.8086,462.5363,19.2723,0.16359843,0.15705449,19.2723,462.5363,0.15705449,19.2723,19.2723,19.2723,28.9085,0.0000,462.5363,0.15705449,86.7256,81.1116,395.0831,400.697,0.13415071,0.13605694,0.00654394,113.2719,109.7163,20.9482,481.8086,68.8298,2945.0688,23.0000,,113.2719,84.0248,105.031,147.0434,210.062,222.9597,274.551,105.031,-21.0062,2.122799,2.614,1.078462,7,7,1,5,0E-8,0.16359843,,0E-8,0.000000,0.856847,0.000000,,2026-04-30,2026-04-30,1,7,7,1,1.000000,,,0.000000,,,,,,,,GLOBAL_BASELINE_NO_ENTITY_RANKING,,,NOT_APPLICABLE_GLOBAL_BASELINE,HF9g-P5,,,,X 全窗基线 · 不参与实体赏罚,8392666,840,A168_HF9F_20260827_0900,2026-08-27 09:00:00
2026-04-30,117168257,1935,0,115.5340825544,-115.5340825544,-115.5340825544,0E-7,1,1,0.50665070000000000,0.506650700000,-1.013391052207602,-1.013391052207602,-1.013391052207602,0E-17,ELIGIBLE,R03b_20260811_FULL_v1,L1_ELIGIBILITY,v2026-08-11,2026-03-21..2026-08-06,baccarat_bet02_101_all_pairs_incl_sentinel,round_win = game_pnl > 0 (decisive only),COMPATIBILITY_ONLY_NOT_PRODUCTION,2945.0688,2523.4744,481.8086,26,23,-0.16359843,,-0.16359843,-0.16359843,-481.8086,2945.0688,THIN_EXPOSURE,0.0000,19.2723,4.0000,96.0000,AG03-UNRESOLVED,ALL5_LEVELS_bet23_to_bet27,19.2723,19.2723,19.2723,28.9085,0.0000,4.000000,4.000000,4.000000,6.000000,0.000000,96.000000,96.000000,96.000000,94.000000,100.000000,5.0,86.7256,81.1116,395.0831,400.697,PENDING_AG03,FALSE,NOT_FOR_ENFORCEMENT,462.5363,2422.5354,481.8086,462.5363,19.2723,0.16359843,0.15705449,19.2723,462.5363,0.15705449,19.2723,19.2723,19.2723,28.9085,0.0000,462.5363,0.15705449,86.7256,81.1116,395.0831,400.697,0.13415071,0.13605694,0.00654394,113.2719,109.7163,20.9482,481.8086,68.8298,2945.0688,23.0000,,113.2719,84.0248,105.031,147.0434,210.062,222.9597,274.551,105.031,-21.0062,2.122799,2.614,1.078462,7,7,1,5,0E-8,0.16359843,,0E-8,0.000000,0.856847,0.000000,,2026-04-30,2026-04-30,1,7,7,1,1.000000,,,0.000000,,,,,,,,GLOBAL_BASELINE_NO_ENTITY_RANKING,,,NOT_APPLICABLE_GLOBAL_BASELINE,HF9g-P5,,,,X 全窗基线 · 不参与实体赏罚,8392667,840,A168_HF9F_20260827_0900,2026-08-27 09:00:00
2026-04-30,117168257,2205,0,315.0929524209,-105.0309841403,-105.0309841403,0.5000000,2,2,0.49324550000000000,0.493245500000,0.01910635448239258,0.01910635448239258,0.01910635448239258,0E-17,ELIGIBLE,R03b_20260811_FULL_v1,L1_ELIGIBILITY,v2026-08-11,2026-03-21..2026-08-06,baccarat_bet02_101_all_pairs_incl_sentinel,round_win = game_pnl > 0 (decisive only),COMPATIBILITY_ONLY_NOT_PRODUCTION,2945.0688,2523.4744,481.8086,26,23,-0.16359843,,-0.16359843,-0.16359843,-481.8086,2945.0688,THIN_EXPOSURE,0.0000,19.2723,4.0000,96.0000,AG03-UNRESOLVED,ALL5_LEVELS_bet23_to_bet27,19.2723,19.2723,19.2723,28.9085,0.0000,4.000000,4.000000,4.000000,6.000000,0.000000,96.000000,96.000000,96.000000,94.000000,100.000000,5.0,86.7256,81.1116,395.0831,400.697,PENDING_AG03,FALSE,NOT_FOR_ENFORCEMENT,462.5363,2422.5354,481.8086,462.5363,19.2723,0.16359843,0.15705449,19.2723,462.5363,0.15705449,19.2723,19.2723,19.2723,28.9085,0.0000,462.5363,0.15705449,86.7256,81.1116,395.0831,400.697,0.13415071,0.13605694,0.00654394,113.2719,109.7163,20.9482,481.8086,68.8298,2945.0688,23.0000,,113.2719,84.0248,105.031,147.0434,210.062,222.9597,274.551,105.031,-21.0062,2.122799,2.614,1.078462,7,7,1,5,0E-8,0.16359843,,0E-8,0.000000,0.856847,0.000000,,2026-04-30,2026-04-30,1,7,7,1,1.000000,,,0.000000,,,,,,,,GLOBAL_BASELINE_NO_ENTITY_RANKING,,,NOT_APPLICABLE_GLOBAL_BASELINE,HF9g-P5,,,,X 全窗基线 · 不参与实体赏罚,8392668,840,A168_HF9F_20260827_0900,2026-08-27 09:00:00
2026-04-30,117168257,948,0,147.0433777964,139.6912089066,139.6912089066,1.0000000,1,1,0.50665070000000000,0.506650700000,0.9867858985152569,0.9867858985152569,0.9867858985152569,0E-17,ELIGIBLE,R03b_20260811_FULL_v1,L1_ELIGIBILITY,v2026-08-11,2026-03-21..2026-08-06,baccarat_bet02_101_all_pairs_incl_sentinel,round_win = game_pnl > 0 (decisive only),COMPATIBILITY_ONLY_NOT_PRODUCTION,2945.0688,2523.4744,481.8086,26,23,-0.16359843,,-0.16359843,-0.16359843,-481.8086,2945.0688,THIN_EXPOSURE,0.0000,19.2723,4.0000,96.0000,AG03-UNRESOLVED,ALL5_LEVELS_bet23_to_bet27,19.2723,19.2723,19.2723,28.9085,0.0000,4.000000,4.000000,4.000000,6.000000,0.000000,96.000000,96.000000,96.000000,94.000000,100.000000,5.0,86.7256,81.1116,395.0831,400.697,PENDING_AG03,FALSE,NOT_FOR_ENFORCEMENT,462.5363,2422.5354,481.8086,462.5363,19.2723,0.16359843,0.15705449,19.2723,462.5363,0.15705449,19.2723,19.2723,19.2723,28.9085,0.0000,462.5363,0.15705449,86.7256,81.1116,395.0831,400.697,0.13415071,0.13605694,0.00654394,113.2719,109.7163,20.9482,481.8086,68.8298,2945.0688,23.0000,,113.2719,84.0248,105.031,147.0434,210.062,222.9597,274.551,105.031,-21.0062,2.122799,2.614,1.078462,7,7,1,5,0E-8,0.16359843,,0E-8,0.000000,0.856847,0.000000,,2026-04-30,2026-04-30,1,7,7,1,1.000000,,,0.000000,,,,,,,,GLOBAL_BASELINE_NO_ENTITY_RANKING,,,NOT_APPLICABLE_GLOBAL_BASELINE,HF9g-P5,,,,X 全窗基线 · 不参与实体赏罚,8392669,840,A168_HF9F_20260827_0900,2026-08-27 09:00:00
2026-04-30,117168257,987,0,483.1425270454,160.6974057346,160.6974057346,0.6666667,4,4,0.49994810000000000,0.499948100000,0.5775300591747329,0.5775300591747329,0.5775300591747329,0E-17,ELIGIBLE,R03b_20260811_FULL_v1,L1_ELIGIBILITY,v2026-08-11,2026-03-21..2026-08-06,baccarat_bet02_101_all_pairs_incl_sentinel,round_win = game_pnl > 0 (decisive only),COMPATIBILITY_ONLY_NOT_PRODUCTION,2945.0688,2523.4744,481.8086,26,23,-0.16359843,,-0.16359843,-0.16359843,-481.8086,2945.0688,THIN_EXPOSURE,0.0000,19.2723,4.0000,96.0000,AG03-UNRESOLVED,ALL5_LEVELS_bet23_to_bet27,19.2723,19.2723,19.2723,28.9085,0.0000,4.000000,4.000000,4.000000,6.000000,0.000000,96.000000,96.000000,96.000000,94.000000,100.000000,5.0,86.7256,81.1116,395.0831,400.697,PENDING_AG03,FALSE,NOT_FOR_ENFORCEMENT,462.5363,2422.5354,481.8086,462.5363,19.2723,0.16359843,0.15705449,19.2723,462.5363,0.15705449,19.2723,19.2723,19.2723,28.9085,0.0000,462.5363,0.15705449,86.7256,81.1116,395.0831,400.697,0.13415071,0.13605694,0.00654394,113.2719,109.7163,20.9482,481.8086,68.8298,2945.0688,23.0000,,113.2719,84.0248,105.031,147.0434,210.062,222.9597,274.551,105.031,-21.0062,2.122799,2.614,1.078462,7,7,1,5,0E-8,0.16359843,,0E-8,0.000000,0.856847,0.000000,,2026-04-30,2026-04-30,1,7,7,1,1.000000,,,0.000000,,,,,,,,GLOBAL_BASELINE_NO_ENTITY_RANKING,,,NOT_APPLICABLE_GLOBAL_BASELINE,HF9g-P5,,,,X 全窗基线 · 不参与实体赏罚,8392670,840,A168_HF9F_20260827_0900,2026-08-27 09:00:00
2026-05-17,150182882,1507,0,183.6957085776,-62.2697317212,-62.2697317212,0.5000000,2,2,0.50665070000000000,0.506650700000,-0.018812684590367487,-0.018812684590367487,-0.018812684590367487,0E-17,ELIGIBLE,R03b_20260811_FULL_v1,L1_ELIGIBILITY,v2026-08-11,2026-03-21..2026-08-06,baccarat_bet02_101_all_pairs_incl_sentinel,round_win = game_pnl > 0 (decisive only),COMPATIBILITY_ONLY_NOT_PRODUCTION,2250.7913,1731.8769,481.8120,18,12,-0.21406340,,-0.21406340,-0.21406340,-481.8120,2250.7913,THIN_EXPOSURE,0.0000,19.2725,4.0000,96.0000,AG03-UNRESOLVED,ALL5_LEVELS_bet23_to_bet27,19.2725,19.2725,19.2725,24.0906,24.0906,4.000000,4.000000,4.000000,5.000000,5.000000,96.000000,96.000000,96.000000,95.000000,95.000000,5.0,105.9987,97.0975,375.8134,384.7145,PENDING_AG03,FALSE,NOT_FOR_ENFORCEMENT,462.5396,1662.6018,481.8120,462.5396,19.2725,0.21406340,0.20550086,19.2725,462.5396,0.20550086,19.2725,19.2725,19.2725,24.0906,24.0906,462.5396,0.20550086,105.9987,97.0975,375.8134,384.7145,0.16696945,0.17092411,0.00856254,125.0440,144.3231,40.1510,160.6040,68.8303,750.2638,4.0000,,125.0440,7.2648,85.6209,259.4572,259.4572,259.4572,259.4572,57.0806,-6.227,3.030303,3.030303,1.460438,7,6,3,5,0E-8,0.21406340,,0E-8,0.000000,0.769452,0.000000,,2026-05-17,2026-05-26,3,7,7,10,0.300000,,,0.000000,,,,,,,,GLOBAL_BASELINE_NO_ENTITY_RANKING,,,NOT_APPLICABLE_GLOBAL_BASELINE,HF9g-P5,,,,X 全窗基线 · 不参与实体赏罚,8392671,840,A168_HF9F_20260827_0900,2026-08-27 09:00:00
2026-05-17,150182882,2145,0,129.7286077526,-25.9457215506,-25.9457215506,0.5000000,3,2,0.45836556666657705,0.388605700000,0.11817035231635027,0.3231935542029367,0.11817035231635027,0.06975986666657705,ELIGIBLE,R03b_20260811_FULL_v1,L1_ELIGIBILITY,v2026-08-11,2026-03-21..2026-08-06,baccarat_bet02_101_all_pairs_incl_sentinel,round_win = game_pnl > 0 (decisive only),COMPATIBILITY_ONLY_NOT_PRODUCTION,2250.7913,1731.8769,481.8120,18,12,-0.21406340,,-0.21406340,-0.21406340,-481.8120,2250.7913,THIN_EXPOSURE,0.0000,19.2725,4.0000,96.0000,AG03-UNRESOLVED,ALL5_LEVELS_bet23_to_bet27,19.2725,19.2725,19.2725,24.0906,24.0906,4.000000,4.000000,4.000000,5.000000,5.000000,96.000000,96.000000,96.000000,95.000000,95.000000,5.0,105.9987,97.0975,375.8134,384.7145,PENDING_AG03,FALSE,NOT_FOR_ENFORCEMENT,462.5396,1662.6018,481.8120,462.5396,19.2725,0.21406340,0.20550086,19.2725,462.5396,0.20550086,19.2725,19.2725,19.2725,24.0906,24.0906,462.5396,0.20550086,105.9987,97.0975,375.8134,384.7145,0.16696945,0.17092411,0.00856254,125.0440,144.3231,40.1510,160.6040,68.8303,750.2638,4.0000,,125.0440,7.2648,85.6209,259.4572,259.4572,259.4572,259.4572,57.0806,-6.227,3.030303,3.030303,1.460438,7,6,3,5,0E-8,0.21406340,,0E-8,0.000000,0.769452,0.000000,,2026-05-17,2026-05-26,3,7,7,10,0.300000,,,0.000000,,,,,,,,GLOBAL_BASELINE_NO_ENTITY_RANKING,,,NOT_APPLICABLE_GLOBAL_BASELINE,HF9g-P5,,,,X 全窗基线 · 不参与实体赏罚,8392672,840,A168_HF9F_20260827_0900,2026-08-27 09:00:00
2026-05-25,150182882,2174,0,792.9012505838,491.4119661669,491.4119661669,0.6666667,5,3,0.49011360324258856,0.358194166667,0.6117173433899618,1.1143355763999074,0.6117173433899618,0.13191943657558856,ELIGIBLE,R03b_20260811_FULL_v1,L1_ELIGIBILITY,v2026-08-11,2026-03-21..2026-08-06,baccarat_bet02_101_all_pairs_incl_sentinel,round_win = game_pnl > 0 (decisive only),COMPATIBILITY_ONLY_NOT_PRODUCTION,2250.7913,1731.8769,481.8120,18,12,-0.21406340,,-0.21406340,-0.21406340,-481.8120,2250.7913,THIN_EXPOSURE,0.0000,19.2725,4.0000,96.0000,AG03-UNRESOLVED,ALL5_LEVELS_bet23_to_bet27,19.2725,19.2725,19.2725,24.0906,24.0906,4.000000,4.000000,4.000000,5.000000,5.000000,96.000000,96.000000,96.000000,95.000000,95.000000,5.0,105.9987,97.0975,375.8134,384.7145,PENDING_AG03,FALSE,NOT_FOR_ENFORCEMENT,462.5396,1662.6018,481.8120,462.5396,19.2725,0.21406340,0.20550086,19.2725,462.5396,0.20550086,19.2725,19.2725,19.2725,24.0906,24.0906,462.5396,0.20550086,105.9987,97.0975,375.8134,384.7145,0.16696945,0.17092411,0.00856254,125.0440,144.3231,40.1510,160.6040,68.8303,750.2638,4.0000,,125.0440,7.2648,85.6209,259.4572,259.4572,259.4572,259.4572,57.0806,-6.227,3.030303,3.030303,1.460438,7,6,3,5,0E-8,0.21406340,,0E-8,0.000000,0.769452,0.000000,,2026-05-17,2026-05-26,3,7,7,10,0.300000,,,0.000000,,,,,,,,GLOBAL_BASELINE_NO_ENTITY_RANKING,,,NOT_APPLICABLE_GLOBAL_BASELINE,HF9g-P5,,,,X 全窗基线 · 不参与实体赏罚,8392673,840,A168_HF9F_20260827_0900,2026-08-27 09:00:00
2026-05-25,150182882,2248,0,518.9144310104,-259.4572155052,-259.4572155052,0E-7,2,2,0.49994810000000000,0.499948100000,-0.9998962053866608,-0.9998962053866608,-0.9998962053866608,0E-17,ELIGIBLE,R03b_20260811_FULL_v1,L1_ELIGIBILITY,v2026-08-11,2026-03-21..2026-08-06,baccarat_bet02_101_all_pairs_incl_sentinel,round_win = game_pnl > 0 (decisive only),COMPATIBILITY_ONLY_NOT_PRODUCTION,2250.7913,1731.8769,481.8120,18,12,-0.21406340,,-0.21406340,-0.21406340,-481.8120,2250.7913,THIN_EXPOSURE,0.0000,19.2725,4.0000,96.0000,AG03-UNRESOLVED,ALL5_LEVELS_bet23_to_bet27,19.2725,19.2725,19.2725,24.0906,24.0906,4.000000,4.000000,4.000000,5.000000,5.000000,96.000000,96.000000,96.000000,95.000000,95.000000,5.0,105.9987,97.0975,375.8134,384.7145,PENDING_AG03,FALSE,NOT_FOR_ENFORCEMENT,462.5396,1662.6018,481.8120,462.5396,19.2725,0.21406340,0.20550086,19.2725,462.5396,0.20550086,19.2725,19.2725,19.2725,24.0906,24.0906,462.5396,0.20550086,105.9987,97.0975,375.8134,384.7145,0.16696945,0.17092411,0.00856254,125.0440,144.3231,40.1510,160.6040,68.8303,750.2638,4.0000,,125.0440,7.2648,85.6209,259.4572,259.4572,259.4572,259.4572,57.0806,-6.227,3.030303,3.030303,1.460438,7,6,3,5,0E-8,0.21406340,,0E-8,0.000000,0.769452,0.000000,,2026-05-17,2026-05-26,3,7,7,10,0.300000,,,0.000000,,,,,,,,GLOBAL_BASELINE_NO_ENTITY_RANKING,,,NOT_APPLICABLE_GLOBAL_BASELINE,HF9g-P5,,,,X 全窗基线 · 不参与实体赏罚,8392674,840,A168_HF9F_20260827_0900,2026-08-27 09:00:00
2026-05-26,150182882,-1,1,121.9448912874,-121.9448912874,-121.9448912874,0E-7,4,1,0.43891450425534143,0.174050900000,-0.8844543967994514,-0.45905158845589866,-0.8844543967994514,0.26486360425534143,SENTINEL_DEALER,R03b_20260811_FULL_v1,L1_ELIGIBILITY,v2026-08-11,2026-03-21..2026-08-06,baccarat_bet02_101_all_pairs_incl_sentinel,round_win = game_pnl > 0 (decisive only),COMPATIBILITY_ONLY_NOT_PRODUCTION,2250.7913,1731.8769,481.8120,18,12,-0.21406340,,-0.21406340,-0.21406340,-481.8120,2250.7913,THIN_EXPOSURE,0.0000,19.2725,4.0000,96.0000,AG03-UNRESOLVED,ALL5_LEVELS_bet23_to_bet27,19.2725,19.2725,19.2725,24.0906,24.0906,4.000000,4.000000,4.000000,5.000000,5.000000,96.000000,96.000000,96.000000,95.000000,95.000000,5.0,105.9987,97.0975,375.8134,384.7145,PENDING_AG03,FALSE,NOT_FOR_ENFORCEMENT,462.5396,1662.6018,481.8120,462.5396,19.2725,0.21406340,0.20550086,19.2725,462.5396,0.20550086,19.2725,19.2725,19.2725,24.0906,24.0906,462.5396,0.20550086,105.9987,97.0975,375.8134,384.7145,0.16696945,0.17092411,0.00856254,125.0440,144.3231,40.1510,160.6040,68.8303,750.2638,4.0000,,125.0440,7.2648,85.6209,259.4572,259.4572,259.4572,259.4572,57.0806,-6.227,3.030303,3.030303,1.460438,7,6,3,5,0E-8,0.21406340,,0E-8,0.000000,0.769452,0.000000,,2026-05-17,2026-05-26,3,7,7,10,0.300000,,,0.000000,,,,,,,,GLOBAL_BASELINE_NO_ENTITY_RANKING,,,NOT_APPLICABLE_GLOBAL_BASELINE,HF9g-P5,,,,X 全窗基线 · 不参与实体赏罚,8392675,840,A168_HF9F_20260827_0900,2026-08-27 09:00:00
2026-05-26,150182882,1507,0,244.1492397904,-244.1492397904,-244.1492397904,0E-7,1,1,0.49324550000000000,0.493245500000,-0.9865810262130424,-0.9865810262130424,-0.9865810262130424,0E-17,ELIGIBLE,R03b_20260811_FULL_v1,L1_ELIGIBILITY,v2026-08-11,2026-03-21..2026-08-06,baccarat_bet02_101_all_pairs_incl_sentinel,round_win = game_pnl > 0 (decisive only),COMPATIBILITY_ONLY_NOT_PRODUCTION,2250.7913,1731.8769,481.8120,18,12,-0.21406340,,-0.21406340,-0.21406340,-481.8120,2250.7913,THIN_EXPOSURE,0.0000,19.2725,4.0000,96.0000,AG03-UNRESOLVED,ALL5_LEVELS_bet23_to_bet27,19.2725,19.2725,19.2725,24.0906,24.0906,4.000000,4.000000,4.000000,5.000000,5.000000,96.000000,96.000000,96.000000,95.000000,95.000000,5.0,105.9987,97.0975,375.8134,384.7145,PENDING_AG03,FALSE,NOT_FOR_ENFORCEMENT,462.5396,1662.6018,481.8120,462.5396,19.2725,0.21406340,0.20550086,19.2725,462.5396,0.20550086,19.2725,19.2725,19.2725,24.0906,24.0906,462.5396,0.20550086,105.9987,97.0975,375.8134,384.7145,0.16696945,0.17092411,0.00856254,125.0440,144.3231,40.1510,160.6040,68.8303,750.2638,4.0000,,125.0440,7.2648,85.6209,259.4572,259.4572,259.4572,259.4572,57.0806,-6.227,3.030303,3.030303,1.460438,7,6,3,5,0E-8,0.21406340,,0E-8,0.000000,0.769452,0.000000,,2026-05-17,2026-05-26,3,7,7,10,0.300000,,,0.000000,,,,,,,,GLOBAL_BASELINE_NO_ENTITY_RANKING,,,NOT_APPLICABLE_GLOBAL_BASELINE,HF9g-P5,,,,X 全窗基线 · 不参与实体赏罚,8392676,840,A168_HF9F_20260827_0900,2026-08-27 09:00:00
2026-05-26,150182882,1985,0,259.4572155052,-259.4572155052,-259.4572155052,0E-7,1,1,0.49324550000000000,0.493245500000,-0.9865810262130424,-0.9865810262130424,-0.9865810262130424,0E-17,ELIGIBLE,R03b_20260811_FULL_v1,L1_ELIGIBILITY,v2026-08-11,2026-03-21..2026-08-06,baccarat_bet02_101_all_pairs_incl_sentinel,round_win = game_pnl > 0 (decisive only),COMPATIBILITY_ONLY_NOT_PRODUCTION,2250.7913,1731.8769,481.8120,18,12,-0.21406340,,-0.21406340,-0.21406340,-481.8120,2250.7913,THIN_EXPOSURE,0.0000,19.2725,4.0000,96.0000,AG03-UNRESOLVED,ALL5_LEVELS_bet23_to_bet27,19.2725,19.2725,19.2725,24.0906,24.0906,4.000000,4.000000,4.000000,5.000000,5.000000,96.000000,96.000000,96.000000,95.000000,95.000000,5.0,105.9987,97.0975,375.8134,384.7145,PENDING_AG03,FALSE,NOT_FOR_ENFORCEMENT,462.5396,1662.6018,481.8120,462.5396,19.2725,0.21406340,0.20550086,19.2725,462.5396,0.20550086,19.2725,19.2725,19.2725,24.0906,24.0906,462.5396,0.20550086,105.9987,97.0975,375.8134,384.7145,0.16696945,0.17092411,0.00856254,125.0440,144.3231,40.1510,160.6040,68.8303,750.2638,4.0000,,125.0440,7.2648,85.6209,259.4572,259.4572,259.4572,259.4572,57.0806,-6.227,3.030303,3.030303,1.460438,7,6,3,5,0E-8,0.21406340,,0E-8,0.000000,0.769452,0.000000,,2026-05-17,2026-05-26,3,7,7,10,0.300000,,,0.000000,,,,,,,,GLOBAL_BASELINE_NO_ENTITY_RANKING,,,NOT_APPLICABLE_GLOBAL_BASELINE,HF9g-P5,,,,X 全窗基线 · 不参与实体赏罚,8392677,840,A168_HF9F_20260827_0900,2026-08-27 09:00:00
2026-05-08,149506059,970,0,259.4572155052,-259.4572155052,-259.4572155052,0E-7,1,1,0.49324550000000000,0.493245500000,-0.9865810262130424,-0.9865810262130424,-0.9865810262130424,0E-17,ELIGIBLE,R03b_20260811_FULL_v1,L1_ELIGIBILITY,v2026-08-11,2026-03-21..2026-08-06,baccarat_bet02_101_all_pairs_incl_sentinel,round_win = game_pnl > 0 (decisive only),COMPATIBILITY_ONLY_NOT_PRODUCTION,2667.4023,2667.4023,481.8645,15,15,-0.18064934,-1.00000000,-0.14194764,-0.18064934,-481.8645,2667.4023,THIN_EXPOSURE,0.0000,19.2746,4.0000,96.0000,AG03-UNRESOLVED,ALL5_LEVELS_bet23_to_bet27,19.2746,19.2746,19.2746,19.2746,19.2746,4.000000,4.000000,4.000000,4.000000,4.000000,96.000000,96.000000,96.000000,96.000000,96.000000,5.0,96.3729,88.9653,385.4916,392.8991,PENDING_AG03,FALSE,NOT_FOR_ENFORCEMENT,462.5899,2560.7062,481.8645,462.5899,19.2746,0.18064934,0.17342337,19.2746,462.5899,0.17342337,19.2746,19.2746,19.2746,19.2746,19.2746,462.5899,0.17342337,96.3729,88.9653,385.4916,392.8991,0.14451947,0.14729654,0.00722597,177.8268,177.8268,32.1243,160.6215,120.4661,889.1341,5.0000,120.3108,181.9351,131.7394,155.4149,243.2411,259.4572,259.4572,259.4572,155.4149,-120.3108,1.669449,1.669449,1.144207,2,5,4,2,0.04510412,0.18064934,1.00000000,0E-8,0.000000,1.000000,0.000000,-0.85805236,2026-05-08,2026-07-26,3,4,3,80,0.037500,0.661284,0.676562,0.150347,,,,,,,,GLOBAL_BASELINE_NO_ENTITY_RANKING,,,NOT_APPLICABLE_GLOBAL_BASELINE,HF9g-P5,,,,X 全窗基线 · 不参与实体赏罚,8392678,840,A168_HF9F_20260827_0900,2026-08-27 09:00:00
2026-05-08,149506059,986,0,1793.1088163563,-65.9540241814,-65.9540241814,0.5000000,10,10,0.49726706000000000,0.497267060000,0.01728488841940615,0.017284888419406154,0.01728488841940615,0E-17,ELIGIBLE,R03b_20260811_FULL_v1,L1_ELIGIBILITY,v2026-08-11,2026-03-21..2026-08-06,baccarat_bet02_101_all_pairs_incl_sentinel,round_win = game_pnl > 0 (decisive only),COMPATIBILITY_ONLY_NOT_PRODUCTION,2667.4023,2667.4023,481.8645,15,15,-0.18064934,-1.00000000,-0.14194764,-0.18064934,-481.8645,2667.4023,THIN_EXPOSURE,0.0000,19.2746,4.0000,96.0000,AG03-UNRESOLVED,ALL5_LEVELS_bet23_to_bet27,19.2746,19.2746,19.2746,19.2746,19.2746,4.000000,4.000000,4.000000,4.000000,4.000000,96.000000,96.000000,96.000000,96.000000,96.000000,5.0,96.3729,88.9653,385.4916,392.8991,PENDING_AG03,FALSE,NOT_FOR_ENFORCEMENT,462.5899,2560.7062,481.8645,462.5899,19.2746,0.18064934,0.17342337,19.2746,462.5899,0.17342337,19.2746,19.2746,19.2746,19.2746,19.2746,462.5899,0.17342337,96.3729,88.9653,385.4916,392.8991,0.14451947,0.14729654,0.00722597,177.8268,177.8268,32.1243,160.6215,120.4661,889.1341,5.0000,120.3108,181.9351,131.7394,155.4149,243.2411,259.4572,259.4572,259.4572,155.4149,-120.3108,1.669449,1.669449,1.144207,2,5,4,2,0.04510412,0.18064934,1.00000000,0E-8,0.000000,1.000000,0.000000,-0.85805236,2026-05-08,2026-07-26,3,4,3,80,0.037500,0.661284,0.676562,0.150347,,,,,,,,GLOBAL_BASELINE_NO_ENTITY_RANKING,,,NOT_APPLICABLE_GLOBAL_BASELINE,HF9g-P5,,,,X 全窗基线 · 不参与实体赏罚,8392679,840,A168_HF9F_20260827_0900,2026-08-27 09:00:00
2026-05-25,149506059,2141,0,235.0682372477,223.3148253853,223.3148253853,1.0000000,2,2,0.50665070000000000,0.506650700000,1.3955260008387969,1.3955260008387969,1.3955260008387969,0E-17,ELIGIBLE,R03b_20260811_FULL_v1,L1_ELIGIBILITY,v2026-08-11,2026-03-21..2026-08-06,baccarat_bet02_101_all_pairs_incl_sentinel,round_win = game_pnl > 0 (decisive only),COMPATIBILITY_ONLY_NOT_PRODUCTION,2667.4023,2667.4023,481.8645,15,15,-0.18064934,-1.00000000,-0.14194764,-0.18064934,-481.8645,2667.4023,THIN_EXPOSURE,0.0000,19.2746,4.0000,96.0000,AG03-UNRESOLVED,ALL5_LEVELS_bet23_to_bet27,19.2746,19.2746,19.2746,19.2746,19.2746,4.000000,4.000000,4.000000,4.000000,4.000000,96.000000,96.000000,96.000000,96.000000,96.000000,5.0,96.3729,88.9653,385.4916,392.8991,PENDING_AG03,FALSE,NOT_FOR_ENFORCEMENT,462.5899,2560.7062,481.8645,462.5899,19.2746,0.18064934,0.17342337,19.2746,462.5899,0.17342337,19.2746,19.2746,19.2746,19.2746,19.2746,462.5899,0.17342337,96.3729,88.9653,385.4916,392.8991,0.14451947,0.14729654,0.00722597,177.8268,177.8268,32.1243,160.6215,120.4661,889.1341,5.0000,120.3108,181.9351,131.7394,155.4149,243.2411,259.4572,259.4572,259.4572,155.4149,-120.3108,1.669449,1.669449,1.144207,2,5,4,2,0.04510412,0.18064934,1.00000000,0E-8,0.000000,1.000000,0.000000,-0.85805236,2026-05-08,2026-07-26,3,4,3,80,0.037500,0.661284,0.676562,0.150347,,,,,,,,GLOBAL_BASELINE_NO_ENTITY_RANKING,,,NOT_APPLICABLE_GLOBAL_BASELINE,HF9g-P5,,,,X 全窗基线 · 不参与实体赏罚,8392680,840,A168_HF9F_20260827_0900,2026-08-27 09:00:00
2026-05-25,149506059,2252,0,259.4572155052,-259.4572155052,-259.4572155052,0E-7,1,1,0.50665070000000000,0.506650700000,-1.013391052207602,-1.013391052207602,-1.013391052207602,0E-17,ELIGIBLE,R03b_20260811_FULL_v1,L1_ELIGIBILITY,v2026-08-11,2026-03-21..2026-08-06,baccarat_bet02_101_all_pairs_incl_sentinel,round_win = game_pnl > 0 (decisive only),COMPATIBILITY_ONLY_NOT_PRODUCTION,2667.4023,2667.4023,481.8645,15,15,-0.18064934,-1.00000000,-0.14194764,-0.18064934,-481.8645,2667.4023,THIN_EXPOSURE,0.0000,19.2746,4.0000,96.0000,AG03-UNRESOLVED,ALL5_LEVELS_bet23_to_bet27,19.2746,19.2746,19.2746,19.2746,19.2746,4.000000,4.000000,4.000000,4.000000,4.000000,96.000000,96.000000,96.000000,96.000000,96.000000,5.0,96.3729,88.9653,385.4916,392.8991,PENDING_AG03,FALSE,NOT_FOR_ENFORCEMENT,462.5899,2560.7062,481.8645,462.5899,19.2746,0.18064934,0.17342337,19.2746,462.5899,0.17342337,19.2746,19.2746,19.2746,19.2746,19.2746,462.5899,0.17342337,96.3729,88.9653,385.4916,392.8991,0.14451947,0.14729654,0.00722597,177.8268,177.8268,32.1243,160.6215,120.4661,889.1341,5.0000,120.3108,181.9351,131.7394,155.4149,243.2411,259.4572,259.4572,259.4572,155.4149,-120.3108,1.669449,1.669449,1.144207,2,5,4,2,0.04510412,0.18064934,1.00000000,0E-8,0.000000,1.000000,0.000000,-0.85805236,2026-05-08,2026-07-26,3,4,3,80,0.037500,0.661284,0.676562,0.150347,,,,,,,,GLOBAL_BASELINE_NO_ENTITY_RANKING,,,NOT_APPLICABLE_GLOBAL_BASELINE,HF9g-P5,,,,X 全窗基线 · 不参与实体赏罚,8392681,840,A168_HF9F_20260827_0900,2026-08-27 09:00:00
2026-07-26,149506059,2171,0,120.3108460486,-120.3108460486,-120.3108460486,0E-7,1,1,0.49324550000000000,0.493245500000,-0.9865810262130424,-0.9865810262130424,-0.9865810262130424,0E-17,ELIGIBLE,R03b_20260811_FULL_v1,L1_ELIGIBILITY,v2026-08-11,2026-03-21..2026-08-06,baccarat_bet02_101_all_pairs_incl_sentinel,round_win = game_pnl > 0 (decisive only),COMPATIBILITY_ONLY_NOT_PRODUCTION,2667.4023,2667.4023,481.8645,15,15,-0.18064934,-1.00000000,-0.14194764,-0.18064934,-481.8645,2667.4023,THIN_EXPOSURE,0.0000,19.2746,4.0000,96.0000,AG03-UNRESOLVED,ALL5_LEVELS_bet23_to_bet27,19.2746,19.2746,19.2746,19.2746,19.2746,4.000000,4.000000,4.000000,4.000000,4.000000,96.000000,96.000000,96.000000,96.000000,96.000000,5.0,96.3729,88.9653,385.4916,392.8991,PENDING_AG03,FALSE,NOT_FOR_ENFORCEMENT,462.5899,2560.7062,481.8645,462.5899,19.2746,0.18064934,0.17342337,19.2746,462.5899,0.17342337,19.2746,19.2746,19.2746,19.2746,19.2746,462.5899,0.17342337,96.3729,88.9653,385.4916,392.8991,0.14451947,0.14729654,0.00722597,177.8268,177.8268,32.1243,160.6215,120.4661,889.1341,5.0000,120.3108,181.9351,131.7394,155.4149,243.2411,259.4572,259.4572,259.4572,155.4149,-120.3108,1.669449,1.669449,1.144207,2,5,4,2,0.04510412,0.18064934,1.00000000,0E-8,0.000000,1.000000,0.000000,-0.85805236,2026-05-08,2026-07-26,3,4,3,80,0.037500,0.661284,0.676562,0.150347,,,,,,,,GLOBAL_BASELINE_NO_ENTITY_RANKING,,,NOT_APPLICABLE_GLOBAL_BASELINE,HF9g-P5,,,,X 全窗基线 · 不参与实体赏罚,8392682,840,A168_HF9F_20260827_0900,2026-08-27 09:00:00
2026-06-27,102557548,-1,1,320.0000000000,-203.0000000000,-203.0000000000,0.3333333,3,3,0.50665070000000000,0.506650700000,-0.6004420894325239,-0.6004420894325239,-0.6004420894325239,0E-17,SENTINEL_DEALER,R03b_20260811_FULL_v1,L1_ELIGIBILITY,v2026-08-11,2026-03-21..2026-08-06,baccarat_bet02_101_all_pairs_incl_sentinel,round_win = game_pnl > 0 (decisive only),COMPATIBILITY_ONLY_NOT_PRODUCTION,2236.0000,2139.0000,481.9500,32,30,-0.21554114,,-0.21554114,-0.21554114,-481.9500,2236.0000,OK,0.0000,19.2780,4.0000,96.0000,AG03-UNRESOLVED,ALL5_LEVELS_bet23_to_bet27,19.2780,19.2780,19.2780,21.6878,21.6878,4.000000,4.000000,4.000000,4.500000,4.500000,96.000000,96.000000,96.000000,95.500000,95.500000,5.0,101.2095,93.0639,380.7405,388.8861,PENDING_AG03,FALSE,NOT_FOR_ENFORCEMENT,462.6720,2053.4400,481.9500,462.6720,19.2780,0.21554114,0.20691950,19.2780,462.6720,0.20691950,19.2780,19.2780,19.2780,21.6878,21.6878,462.6720,0.20691950,101.2095,93.0639,380.7405,388.8861,0.17027750,0.17392044,0.00862165,69.8750,71.3000,16.0650,160.6500,53.5500,745.3333,10.0000,,69.8750,40.0,60.0,95.0,126.0,167.0,180.0,60.0,-10.0,2.783333,3.0,1.164583,8,8,1,3,0E-8,0.21554114,,0E-8,0.000000,0.956619,0.000000,,2026-06-27,2026-07-02,3,9,9,6,0.500000,,,0.000000,,,,,,,,GLOBAL_BASELINE_NO_ENTITY_RANKING,,,NOT_APPLICABLE_GLOBAL_BASELINE,HF9g-P5,,,,X 全窗基线 · 不参与实体赏罚,8392683,840,A168_HF9F_20260827_0900,2026-08-27 09:00:00
2026-06-30,102557548,1396,0,60.0000000000,0E-10,0E-10,,1,1,0.49324550000000000,0.493245500000,,,,0E-17,NO_DECISIVE_ROUND,R03b_20260811_FULL_v1,L1_ELIGIBILITY,v2026-08-11,2026-03-21..2026-08-06,baccarat_bet02_101_all_pairs_incl_sentinel,round_win = game_pnl > 0 (decisive only),COMPATIBILITY_ONLY_NOT_PRODUCTION,2236.0000,2139.0000,481.9500,32,30,-0.21554114,,-0.21554114,-0.21554114,-481.9500,2236.0000,OK,0.0000,19.2780,4.0000,96.0000,AG03-UNRESOLVED,ALL5_LEVELS_bet23_to_bet27,19.2780,19.2780,19.2780,21.6878,21.6878,4.000000,4.000000,4.000000,4.500000,4.500000,96.000000,96.000000,96.000000,95.500000,95.500000,5.0,101.2095,93.0639,380.7405,388.8861,PENDING_AG03,FALSE,NOT_FOR_ENFORCEMENT,462.6720,2053.4400,481.9500,462.6720,19.2780,0.21554114,0.20691950,19.2780,462.6720,0.20691950,19.2780,19.2780,19.2780,21.6878,21.6878,462.6720,0.20691950,101.2095,93.0639,380.7405,388.8861,0.17027750,0.17392044,0.00862165,69.8750,71.3000,16.0650,160.6500,53.5500,745.3333,10.0000,,69.8750,40.0,60.0,95.0,126.0,167.0,180.0,60.0,-10.0,2.783333,3.0,1.164583,8,8,1,3,0E-8,0.21554114,,0E-8,0.000000,0.956619,0.000000,,2026-06-27,2026-07-02,3,9,9,6,0.500000,,,0.000000,,,,,,,,GLOBAL_BASELINE_NO_ENTITY_RANKING,,,NOT_APPLICABLE_GLOBAL_BASELINE,HF9g-P5,,,,X 全窗基线 · 不参与实体赏罚,8392684,840,A168_HF9F_20260827_0900,2026-08-27 09:00:00
2026-06-30,102557548,1400,0,613.0000000000,2.0000000000,2.0000000000,0.5555556,10,9,0.48463301428571429,0.474822350000,0.425736365512517,0.485014538701942,0.425736365512517,0.00981066428571429,ELIGIBLE,R03b_20260811_FULL_v1,L1_ELIGIBILITY,v2026-08-11,2026-03-21..2026-08-06,baccarat_bet02_101_all_pairs_incl_sentinel,round_win = game_pnl > 0 (decisive only),COMPATIBILITY_ONLY_NOT_PRODUCTION,2236.0000,2139.0000,481.9500,32,30,-0.21554114,,-0.21554114,-0.21554114,-481.9500,2236.0000,OK,0.0000,19.2780,4.0000,96.0000,AG03-UNRESOLVED,ALL5_LEVELS_bet23_to_bet27,19.2780,19.2780,19.2780,21.6878,21.6878,4.000000,4.000000,4.000000,4.500000,4.500000,96.000000,96.000000,96.000000,95.500000,95.500000,5.0,101.2095,93.0639,380.7405,388.8861,PENDING_AG03,FALSE,NOT_FOR_ENFORCEMENT,462.6720,2053.4400,481.9500,462.6720,19.2780,0.21554114,0.20691950,19.2780,462.6720,0.20691950,19.2780,19.2780,19.2780,21.6878,21.6878,462.6720,0.20691950,101.2095,93.0639,380.7405,388.8861,0.17027750,0.17392044,0.00862165,69.8750,71.3000,16.0650,160.6500,53.5500,745.3333,10.0000,,69.8750,40.0,60.0,95.0,126.0,167.0,180.0,60.0,-10.0,2.783333,3.0,1.164583,8,8,1,3,0E-8,0.21554114,,0E-8,0.000000,0.956619,0.000000,,2026-06-27,2026-07-02,3,9,9,6,0.500000,,,0.000000,,,,,,,,GLOBAL_BASELINE_NO_ENTITY_RANKING,,,NOT_APPLICABLE_GLOBAL_BASELINE,HF9g-P5,,,,X 全窗基线 · 不参与实体赏罚,8392685,840,A168_HF9F_20260827_0900,2026-08-27 09:00:00
2026-06-30,102557548,2147,0,250.0000000000,-250.0000000000,-250.0000000000,0E-7,2,2,0.49324550000000000,0.493245500000,-1.3952362676504506,-1.3952362676504506,-1.3952362676504506,0E-17,ELIGIBLE,R03b_20260811_FULL_v1,L1_ELIGIBILITY,v2026-08-11,2026-03-21..2026-08-06,baccarat_bet02_101_all_pairs_incl_sentinel,round_win = game_pnl > 0 (decisive only),COMPATIBILITY_ONLY_NOT_PRODUCTION,2236.0000,2139.0000,481.9500,32,30,-0.21554114,,-0.21554114,-0.21554114,-481.9500,2236.0000,OK,0.0000,19.2780,4.0000,96.0000,AG03-UNRESOLVED,ALL5_LEVELS_bet23_to_bet27,19.2780,19.2780,19.2780,21.6878,21.6878,4.000000,4.000000,4.000000,4.500000,4.500000,96.000000,96.000000,96.000000,95.500000,95.500000,5.0,101.2095,93.0639,380.7405,388.8861,PENDING_AG03,FALSE,NOT_FOR_ENFORCEMENT,462.6720,2053.4400,481.9500,462.6720,19.2780,0.21554114,0.20691950,19.2780,462.6720,0.20691950,19.2780,19.2780,19.2780,21.6878,21.6878,462.6720,0.20691950,101.2095,93.0639,380.7405,388.8861,0.17027750,0.17392044,0.00862165,69.8750,71.3000,16.0650,160.6500,53.5500,745.3333,10.0000,,69.8750,40.0,60.0,95.0,126.0,167.0,180.0,60.0,-10.0,2.783333,3.0,1.164583,8,8,1,3,0E-8,0.21554114,,0E-8,0.000000,0.956619,0.000000,,2026-06-27,2026-07-02,3,9,9,6,0.500000,,,0.000000,,,,,,,,GLOBAL_BASELINE_NO_ENTITY_RANKING,,,NOT_APPLICABLE_GLOBAL_BASELINE,HF9g-P5,,,,X 全窗基线 · 不参与实体赏罚,8392686,840,A168_HF9F_20260827_0900,2026-08-27 09:00:00
2026-06-30,102557548,2167,0,110.0000000000,-110.0000000000,-110.0000000000,0E-7,1,1,0.49324550000000000,0.493245500000,-0.9865810262130424,-0.9865810262130424,-0.9865810262130424,0E-17,ELIGIBLE,R03b_20260811_FULL_v1,L1_ELIGIBILITY,v2026-08-11,2026-03-21..2026-08-06,baccarat_bet02_101_all_pairs_incl_sentinel,round_win = game_pnl > 0 (decisive only),COMPATIBILITY_ONLY_NOT_PRODUCTION,2236.0000,2139.0000,481.9500,32,30,-0.21554114,,-0.21554114,-0.21554114,-481.9500,2236.0000,OK,0.0000,19.2780,4.0000,96.0000,AG03-UNRESOLVED,ALL5_LEVELS_bet23_to_bet27,19.2780,19.2780,19.2780,21.6878,21.6878,4.000000,4.000000,4.000000,4.500000,4.500000,96.000000,96.000000,96.000000,95.500000,95.500000,5.0,101.2095,93.0639,380.7405,388.8861,PENDING_AG03,FALSE,NOT_FOR_ENFORCEMENT,462.6720,2053.4400,481.9500,462.6720,19.2780,0.21554114,0.20691950,19.2780,462.6720,0.20691950,19.2780,19.2780,19.2780,21.6878,21.6878,462.6720,0.20691950,101.2095,93.0639,380.7405,388.8861,0.17027750,0.17392044,0.00862165,69.8750,71.3000,16.0650,160.6500,53.5500,745.3333,10.0000,,69.8750,40.0,60.0,95.0,126.0,167.0,180.0,60.0,-10.0,2.783333,3.0,1.164583,8,8,1,3,0E-8,0.21554114,,0E-8,0.000000,0.956619,0.000000,,2026-06-27,2026-07-02,3,9,9,6,0.500000,,,0.000000,,,,,,,,GLOBAL_BASELINE_NO_ENTITY_RANKING,,,NOT_APPLICABLE_GLOBAL_BASELINE,HF9g-P5,,,,X 全窗基线 · 不参与实体赏罚,8392687,840,A168_HF9F_20260827_0900,2026-08-27 09:00:00
2026-06-30,102557548,2235,0,20.0000000000,-20.0000000000,-20.0000000000,0E-7,1,1,0.49324550000000000,0.493245500000,-0.9865810262130424,-0.9865810262130424,-0.9865810262130424,0E-17,ELIGIBLE,R03b_20260811_FULL_v1,L1_ELIGIBILITY,v2026-08-11,2026-03-21..2026-08-06,baccarat_bet02_101_all_pairs_incl_sentinel,round_win = game_pnl > 0 (decisive only),COMPATIBILITY_ONLY_NOT_PRODUCTION,2236.0000,2139.0000,481.9500,32,30,-0.21554114,,-0.21554114,-0.21554114,-481.9500,2236.0000,OK,0.0000,19.2780,4.0000,96.0000,AG03-UNRESOLVED,ALL5_LEVELS_bet23_to_bet27,19.2780,19.2780,19.2780,21.6878,21.6878,4.000000,4.000000,4.000000,4.500000,4.500000,96.000000,96.000000,96.000000,95.500000,95.500000,5.0,101.2095,93.0639,380.7405,388.8861,PENDING_AG03,FALSE,NOT_FOR_ENFORCEMENT,462.6720,2053.4400,481.9500,462.6720,19.2780,0.21554114,0.20691950,19.2780,462.6720,0.20691950,19.2780,19.2780,19.2780,21.6878,21.6878,462.6720,0.20691950,101.2095,93.0639,380.7405,388.8861,0.17027750,0.17392044,0.00862165,69.8750,71.3000,16.0650,160.6500,53.5500,745.3333,10.0000,,69.8750,40.0,60.0,95.0,126.0,167.0,180.0,60.0,-10.0,2.783333,3.0,1.164583,8,8,1,3,0E-8,0.21554114,,0E-8,0.000000,0.956619,0.000000,,2026-06-27,2026-07-02,3,9,9,6,0.500000,,,0.000000,,,,,,,,GLOBAL_BASELINE_NO_ENTITY_RANKING,,,NOT_APPLICABLE_GLOBAL_BASELINE,HF9g-P5,,,,X 全窗基线 · 不参与实体赏罚,8392688,840,A168_HF9F_20260827_0900,2026-08-27 09:00:00
2026-06-30,102557548,2251,0,770.0000000000,118.0000000000,118.0000000000,0.7000000,11,10,0.49716814100000000,0.480686225000,1.2828418884468882,1.3880980710555022,1.2828418884468882,0.01648191600000000,ELIGIBLE,R03b_20260811_FULL_v1,L1_ELIGIBILITY,v2026-08-11,2026-03-21..2026-08-06,baccarat_bet02_101_all_pairs_incl_sentinel,round_win = game_pnl > 0 (decisive only),COMPATIBILITY_ONLY_NOT_PRODUCTION,2236.0000,2139.0000,481.9500,32,30,-0.21554114,,-0.21554114,-0.21554114,-481.9500,2236.0000,OK,0.0000,19.2780,4.0000,96.0000,AG03-UNRESOLVED,ALL5_LEVELS_bet23_to_bet27,19.2780,19.2780,19.2780,21.6878,21.6878,4.000000,4.000000,4.000000,4.500000,4.500000,96.000000,96.000000,96.000000,95.500000,95.500000,5.0,101.2095,93.0639,380.7405,388.8861,PENDING_AG03,FALSE,NOT_FOR_ENFORCEMENT,462.6720,2053.4400,481.9500,462.6720,19.2780,0.21554114,0.20691950,19.2780,462.6720,0.20691950,19.2780,19.2780,19.2780,21.6878,21.6878,462.6720,0.20691950,101.2095,93.0639,380.7405,388.8861,0.17027750,0.17392044,0.00862165,69.8750,71.3000,16.0650,160.6500,53.5500,745.3333,10.0000,,69.8750,40.0,60.0,95.0,126.0,167.0,180.0,60.0,-10.0,2.783333,3.0,1.164583,8,8,1,3,0E-8,0.21554114,,0E-8,0.000000,0.956619,0.000000,,2026-06-27,2026-07-02,3,9,9,6,0.500000,,,0.000000,,,,,,,,GLOBAL_BASELINE_NO_ENTITY_RANKING,,,NOT_APPLICABLE_GLOBAL_BASELINE,HF9g-P5,,,,X 全窗基线 · 不参与实体赏罚,8392689,840,A168_HF9F_20260827_0900,2026-08-27 09:00:00
2026-07-02,102557548,1957,0,56.0000000000,18.0500000000,18.0500000000,1.0000000,2,2,0.49994810000000000,0.499948100000,1.0001038053877793,1.0001038053877793,1.0001038053877793,0E-17,ELIGIBLE,R03b_20260811_FULL_v1,L1_ELIGIBILITY,v2026-08-11,2026-03-21..2026-08-06,baccarat_bet02_101_all_pairs_incl_sentinel,round_win = game_pnl > 0 (decisive only),COMPATIBILITY_ONLY_NOT_PRODUCTION,2236.0000,2139.0000,481.9500,32,30,-0.21554114,,-0.21554114,-0.21554114,-481.9500,2236.0000,OK,0.0000,19.2780,4.0000,96.0000,AG03-UNRESOLVED,ALL5_LEVELS_bet23_to_bet27,19.2780,19.2780,19.2780,21.6878,21.6878,4.000000,4.000000,4.000000,4.500000,4.500000,96.000000,96.000000,96.000000,95.500000,95.500000,5.0,101.2095,93.0639,380.7405,388.8861,PENDING_AG03,FALSE,NOT_FOR_ENFORCEMENT,462.6720,2053.4400,481.9500,462.6720,19.2780,0.21554114,0.20691950,19.2780,462.6720,0.20691950,19.2780,19.2780,19.2780,21.6878,21.6878,462.6720,0.20691950,101.2095,93.0639,380.7405,388.8861,0.17027750,0.17392044,0.00862165,69.8750,71.3000,16.0650,160.6500,53.5500,745.3333,10.0000,,69.8750,40.0,60.0,95.0,126.0,167.0,180.0,60.0,-10.0,2.783333,3.0,1.164583,8,8,1,3,0E-8,0.21554114,,0E-8,0.000000,0.956619,0.000000,,2026-06-27,2026-07-02,3,9,9,6,0.500000,,,0.000000,,,,,,,,GLOBAL_BASELINE_NO_ENTITY_RANKING,,,NOT_APPLICABLE_GLOBAL_BASELINE,HF9g-P5,,,,X 全窗基线 · 不参与实体赏罚,8392690,840,A168_HF9F_20260827_0900,2026-08-27 09:00:00
2026-07-02,102557548,2235,0,37.0000000000,-37.0000000000,-37.0000000000,0E-7,1,1,0.49324550000000000,0.493245500000,-0.9865810262130424,-0.9865810262130424,-0.9865810262130424,0E-17,ELIGIBLE,R03b_20260811_FULL_v1,L1_ELIGIBILITY,v2026-08-11,2026-03-21..2026-08-06,baccarat_bet02_101_all_pairs_incl_sentinel,round_win = game_pnl > 0 (decisive only),COMPATIBILITY_ONLY_NOT_PRODUCTION,2236.0000,2139.0000,481.9500,32,30,-0.21554114,,-0.21554114,-0.21554114,-481.9500,2236.0000,OK,0.0000,19.2780,4.0000,96.0000,AG03-UNRESOLVED,ALL5_LEVELS_bet23_to_bet27,19.2780,19.2780,19.2780,21.6878,21.6878,4.000000,4.000000,4.000000,4.500000,4.500000,96.000000,96.000000,96.000000,95.500000,95.500000,5.0,101.2095,93.0639,380.7405,388.8861,PENDING_AG03,FALSE,NOT_FOR_ENFORCEMENT,462.6720,2053.4400,481.9500,462.6720,19.2780,0.21554114,0.20691950,19.2780,462.6720,0.20691950,19.2780,19.2780,19.2780,21.6878,21.6878,462.6720,0.20691950,101.2095,93.0639,380.7405,388.8861,0.17027750,0.17392044,0.00862165,69.8750,71.3000,16.0650,160.6500,53.5500,745.3333,10.0000,,69.8750,40.0,60.0,95.0,126.0,167.0,180.0,60.0,-10.0,2.783333,3.0,1.164583,8,8,1,3,0E-8,0.21554114,,0E-8,0.000000,0.956619,0.000000,,2026-06-27,2026-07-02,3,9,9,6,0.500000,,,0.000000,,,,,,,,GLOBAL_BASELINE_NO_ENTITY_RANKING,,,NOT_APPLICABLE_GLOBAL_BASELINE,HF9g-P5,,,,X 全窗基线 · 不参与实体赏罚,8392691,840,A168_HF9F_20260827_0900,2026-08-27 09:00:00
2026-04-30,149374890,772,0,194.0739971978,-28.1251621607,-28.1251621607,0.5000000,5,4,0.49088803863636364,0.450117762500,0.0364538993342625,0.2005293749887908,0.0364538993342625,0.04077027613636364,ELIGIBLE,R03b_20260811_FULL_v1,L1_ELIGIBILITY,v2026-08-11,2026-03-21..2026-08-06,baccarat_bet02_101_all_pairs_incl_sentinel,round_win = game_pnl > 0 (decisive only),COMPATIBILITY_ONLY_NOT_PRODUCTION,1829.5348,1614.9637,476.9892,55,52,-0.26071612,,-0.26071612,-0.26071612,-476.9892,1829.5348,OK,0.0000,14.3097,3.0000,97.0000,AG03-UNRESOLVED,ALL5_LEVELS_bet23_to_bet27,14.3097,14.3097,14.3097,19.0796,19.0796,3.000000,3.000000,3.000000,4.000000,4.000000,97.000000,97.000000,97.000000,96.000000,96.000000,5.0,81.0882,75.7843,395.9010,401.2049,PENDING_AG03,FALSE,NOT_FOR_ENFORCEMENT,462.6795,1566.5148,476.9892,462.6795,14.3097,0.26071612,0.25289463,14.3097,462.6795,0.25289463,14.3097,14.3097,14.3097,19.0796,19.0796,462.6795,0.25289463,81.0882,75.7843,395.9010,401.2049,0.21639438,0.21929339,0.00782148,33.2643,31.0570,9.1729,36.6915,23.8495,140.7334,4.0000,,33.2643,12.9729,25.9457,51.8914,51.8914,59.2063,100.2264,25.9457,-7.0053,2.28193,3.862928,1.282071,10,22,15,3,0E-8,0.26071612,,0E-8,0.000000,0.882718,0.000000,,2026-04-30,2026-06-05,13,20,20,37,0.351351,,,0.000000,,,,,,,,GLOBAL_BASELINE_NO_ENTITY_RANKING,,,NOT_APPLICABLE_GLOBAL_BASELINE,HF9g-P5,,,,X 全窗基线 · 不参与实体赏罚,8392692,840,A168_HF9F_20260827_0900,2026-08-27 09:00:00
2026-05-01,149374890,-1,1,25.9457215505,-25.9457215505,-25.9457215505,0E-7,1,1,0.50665070000000000,0.506650700000,-1.013391052207602,-1.013391052207602,-1.013391052207602,0E-17,SENTINEL_DEALER,R03b_20260811_FULL_v1,L1_ELIGIBILITY,v2026-08-11,2026-03-21..2026-08-06,baccarat_bet02_101_all_pairs_incl_sentinel,round_win = game_pnl > 0 (decisive only),COMPATIBILITY_ONLY_NOT_PRODUCTION,1829.5348,1614.9637,476.9892,55,52,-0.26071612,,-0.26071612,-0.26071612,-476.9892,1829.5348,OK,0.0000,14.3097,3.0000,97.0000,AG03-UNRESOLVED,ALL5_LEVELS_bet23_to_bet27,14.3097,14.3097,14.3097,19.0796,19.0796,3.000000,3.000000,3.000000,4.000000,4.000000,97.000000,97.000000,97.000000,96.000000,96.000000,5.0,81.0882,75.7843,395.9010,401.2049,PENDING_AG03,FALSE,NOT_FOR_ENFORCEMENT,462.6795,1566.5148,476.9892,462.6795,14.3097,0.26071612,0.25289463,14.3097,462.6795,0.25289463,14.3097,14.3097,14.3097,19.0796,19.0796,462.6795,0.25289463,81.0882,75.7843,395.9010,401.2049,0.21639438,0.21929339,0.00782148,33.2643,31.0570,9.1729,36.6915,23.8495,140.7334,4.0000,,33.2643,12.9729,25.9457,51.8914,51.8914,59.2063,100.2264,25.9457,-7.0053,2.28193,3.862928,1.282071,10,22,15,3,0E-8,0.26071612,,0E-8,0.000000,0.882718,0.000000,,2026-04-30,2026-06-05,13,20,20,37,0.351351,,,0.000000,,,,,,,,GLOBAL_BASELINE_NO_ENTITY_RANKING,,,NOT_APPLICABLE_GLOBAL_BASELINE,HF9g-P5,,,,X 全窗基线 · 不参与实体赏罚,8392693,840,A168_HF9F_20260827_0900,2026-08-27 09:00:00
2026-05-01,149374890,2175,0,7.0053448186,-7.0053448186,-7.0053448186,0E-7,1,1,0.49324550000000000,0.493245500000,-0.9865810262130424,-0.9865810262130424,-0.9865810262130424,0E-17,ELIGIBLE,R03b_20260811_FULL_v1,L1_ELIGIBILITY,v2026-08-11,2026-03-21..2026-08-06,baccarat_bet02_101_all_pairs_incl_sentinel,round_win = game_pnl > 0 (decisive only),COMPATIBILITY_ONLY_NOT_PRODUCTION,1829.5348,1614.9637,476.9892,55,52,-0.26071612,,-0.26071612,-0.26071612,-476.9892,1829.5348,OK,0.0000,14.3097,3.0000,97.0000,AG03-UNRESOLVED,ALL5_LEVELS_bet23_to_bet27,14.3097,14.3097,14.3097,19.0796,19.0796,3.000000,3.000000,3.000000,4.000000,4.000000,97.000000,97.000000,97.000000,96.000000,96.000000,5.0,81.0882,75.7843,395.9010,401.2049,PENDING_AG03,FALSE,NOT_FOR_ENFORCEMENT,462.6795,1566.5148,476.9892,462.6795,14.3097,0.26071612,0.25289463,14.3097,462.6795,0.25289463,14.3097,14.3097,14.3097,19.0796,19.0796,462.6795,0.25289463,81.0882,75.7843,395.9010,401.2049,0.21639438,0.21929339,0.00782148,33.2643,31.0570,9.1729,36.6915,23.8495,140.7334,4.0000,,33.2643,12.9729,25.9457,51.8914,51.8914,59.2063,100.2264,25.9457,-7.0053,2.28193,3.862928,1.282071,10,22,15,3,0E-8,0.26071612,,0E-8,0.000000,0.882718,0.000000,,2026-04-30,2026-06-05,13,20,20,37,0.351351,,,0.000000,,,,,,,,GLOBAL_BASELINE_NO_ENTITY_RANKING,,,NOT_APPLICABLE_GLOBAL_BASELINE,HF9g-P5,,,,X 全窗基线 · 不参与实体赏罚,8392694,840,A168_HF9F_20260827_0900,2026-08-27 09:00:00
2026-05-01,149374890,2209,0,347.6726687767,162.1607596908,162.1607596908,0.8750000,11,9,0.48741775555555556,0.457888666667,2.1931907971660927,2.367951446672836,2.1931907971660927,0.02952908888855556,ELIGIBLE,R03b_20260811_FULL_v1,L1_ELIGIBILITY,v2026-08-11,2026-03-21..2026-08-06,baccarat_bet02_101_all_pairs_incl_sentinel,round_win = game_pnl > 0 (decisive only),COMPATIBILITY_ONLY_NOT_PRODUCTION,1829.5348,1614.9637,476.9892,55,52,-0.26071612,,-0.26071612,-0.26071612,-476.9892,1829.5348,OK,0.0000,14.3097,3.0000,97.0000,AG03-UNRESOLVED,ALL5_LEVELS_bet23_to_bet27,14.3097,14.3097,14.3097,19.0796,19.0796,3.000000,3.000000,3.000000,4.000000,4.000000,97.000000,97.000000,97.000000,96.000000,96.000000,5.0,81.0882,75.7843,395.9010,401.2049,PENDING_AG03,FALSE,NOT_FOR_ENFORCEMENT,462.6795,1566.5148,476.9892,462.6795,14.3097,0.26071612,0.25289463,14.3097,462.6795,0.25289463,14.3097,14.3097,14.3097,19.0796,19.0796,462.6795,0.25289463,81.0882,75.7843,395.9010,401.2049,0.21639438,0.21929339,0.00782148,33.2643,31.0570,9.1729,36.6915,23.8495,140.7334,4.0000,,33.2643,12.9729,25.9457,51.8914,51.8914,59.2063,100.2264,25.9457,-7.0053,2.28193,3.862928,1.282071,10,22,15,3,0E-8,0.26071612,,0E-8,0.000000,0.882718,0.000000,,2026-04-30,2026-06-05,13,20,20,37,0.351351,,,0.000000,,,,,,,,GLOBAL_BASELINE_NO_ENTITY_RANKING,,,NOT_APPLICABLE_GLOBAL_BASELINE,HF9g-P5,,,,X 全窗基线 · 不参与实体赏罚,8392695,840,A168_HF9F_20260827_0900,2026-08-27 09:00:00
2026-05-01,149374890,2233,0,257.9004722120,-102.2261429090,-102.2261429090,0.3333333,4,4,0.50329940000000000,0.503299400000,-0.5887925454369916,-0.5887925454369916,-0.5887925454369916,0E-17,ELIGIBLE,R03b_20260811_FULL_v1,L1_ELIGIBILITY,v2026-08-11,2026-03-21..2026-08-06,baccarat_bet02_101_all_pairs_incl_sentinel,round_win = game_pnl > 0 (decisive only),COMPATIBILITY_ONLY_NOT_PRODUCTION,1829.5348,1614.9637,476.9892,55,52,-0.26071612,,-0.26071612,-0.26071612,-476.9892,1829.5348,OK,0.0000,14.3097,3.0000,97.0000,AG03-UNRESOLVED,ALL5_LEVELS_bet23_to_bet27,14.3097,14.3097,14.3097,19.0796,19.0796,3.000000,3.000000,3.000000,4.000000,4.000000,97.000000,97.000000,97.000000,96.000000,96.000000,5.0,81.0882,75.7843,395.9010,401.2049,PENDING_AG03,FALSE,NOT_FOR_ENFORCEMENT,462.6795,1566.5148,476.9892,462.6795,14.3097,0.26071612,0.25289463,14.3097,462.6795,0.25289463,14.3097,14.3097,14.3097,19.0796,19.0796,462.6795,0.25289463,81.0882,75.7843,395.9010,401.2049,0.21639438,0.21929339,0.00782148,33.2643,31.0570,9.1729,36.6915,23.8495,140.7334,4.0000,,33.2643,12.9729,25.9457,51.8914,51.8914,59.2063,100.2264,25.9457,-7.0053,2.28193,3.862928,1.282071,10,22,15,3,0E-8,0.26071612,,0E-8,0.000000,0.882718,0.000000,,2026-04-30,2026-06-05,13,20,20,37,0.351351,,,0.000000,,,,,,,,GLOBAL_BASELINE_NO_ENTITY_RANKING,,,NOT_APPLICABLE_GLOBAL_BASELINE,HF9g-P5,,,,X 全窗基线 · 不参与实体赏罚,8392696,840,A168_HF9F_20260827_0900,2026-08-27 09:00:00
2026-05-02,149374890,1318,0,233.5114939545,-29.8375797830,-29.8375797830,0.5000000,5,5,0.50128862000000000,0.501288620000,-0.0051544971185412255,-0.0051544971185412255,-0.0051544971185412255,0E-17,ELIGIBLE,R03b_20260811_FULL_v1,L1_ELIGIBILITY,v2026-08-11,2026-03-21..2026-08-06,baccarat_bet02_101_all_pairs_incl_sentinel,round_win = game_pnl > 0 (decisive only),COMPATIBILITY_ONLY_NOT_PRODUCTION,1829.5348,1614.9637,476.9892,55,52,-0.26071612,,-0.26071612,-0.26071612,-476.9892,1829.5348,OK,0.0000,14.3097,3.0000,97.0000,AG03-UNRESOLVED,ALL5_LEVELS_bet23_to_bet27,14.3097,14.3097,14.3097,19.0796,19.0796,3.000000,3.000000,3.000000,4.000000,4.000000,97.000000,97.000000,97.000000,96.000000,96.000000,5.0,81.0882,75.7843,395.9010,401.2049,PENDING_AG03,FALSE,NOT_FOR_ENFORCEMENT,462.6795,1566.5148,476.9892,462.6795,14.3097,0.26071612,0.25289463,14.3097,462.6795,0.25289463,14.3097,14.3097,14.3097,19.0796,19.0796,462.6795,0.25289463,81.0882,75.7843,395.9010,401.2049,0.21639438,0.21929339,0.00782148,33.2643,31.0570,9.1729,36.6915,23.8495,140.7334,4.0000,,33.2643,12.9729,25.9457,51.8914,51.8914,59.2063,100.2264,25.9457,-7.0053,2.28193,3.862928,1.282071,10,22,15,3,0E-8,0.26071612,,0E-8,0.000000,0.882718,0.000000,,2026-04-30,2026-06-05,13,20,20,37,0.351351,,,0.000000,,,,,,,,GLOBAL_BASELINE_NO_ENTITY_RANKING,,,NOT_APPLICABLE_GLOBAL_BASELINE,HF9g-P5,,,,X 全窗基线 · 不参与实体赏罚,8392697,840,A168_HF9F_20260827_0900,2026-08-27 09:00:00
2026-05-02,149374890,1382,0,98.5937418919,-46.7022987909,-46.7022987909,0.3333333,3,3,0.49324550000000000,0.493245500000,-0.5540025479526107,-0.5540025479526106,-0.5540025479526107,0E-17,ELIGIBLE,R03b_20260811_FULL_v1,L1_ELIGIBILITY,v2026-08-11,2026-03-21..2026-08-06,baccarat_bet02_101_all_pairs_incl_sentinel,round_win = game_pnl > 0 (decisive only),COMPATIBILITY_ONLY_NOT_PRODUCTION,1829.5348,1614.9637,476.9892,55,52,-0.26071612,,-0.26071612,-0.26071612,-476.9892,1829.5348,OK,0.0000,14.3097,3.0000,97.0000,AG03-UNRESOLVED,ALL5_LEVELS_bet23_to_bet27,14.3097,14.3097,14.3097,19.0796,19.0796,3.000000,3.000000,3.000000,4.000000,4.000000,97.000000,97.000000,97.000000,96.000000,96.000000,5.0,81.0882,75.7843,395.9010,401.2049,PENDING_AG03,FALSE,NOT_FOR_ENFORCEMENT,462.6795,1566.5148,476.9892,462.6795,14.3097,0.26071612,0.25289463,14.3097,462.6795,0.25289463,14.3097,14.3097,14.3097,19.0796,19.0796,462.6795,0.25289463,81.0882,75.7843,395.9010,401.2049,0.21639438,0.21929339,0.00782148,33.2643,31.0570,9.1729,36.6915,23.8495,140.7334,4.0000,,33.2643,12.9729,25.9457,51.8914,51.8914,59.2063,100.2264,25.9457,-7.0053,2.28193,3.862928,1.282071,10,22,15,3,0E-8,0.26071612,,0E-8,0.000000,0.882718,0.000000,,2026-04-30,2026-06-05,13,20,20,37,0.351351,,,0.000000,,,,,,,,GLOBAL_BASELINE_NO_ENTITY_RANKING,,,NOT_APPLICABLE_GLOBAL_BASELINE,HF9g-P5,,,,X 全窗基线 · 不参与实体赏罚,8392698,840,A168_HF9F_20260827_0900,2026-08-27 09:00:00
2026-05-02,149374890,1623,0,204.9712002490,-54.4860152560,-54.4860152560,0.3333333,4,4,0.49994810000000000,0.499948100000,-0.5771704854251445,-0.5771704854251445,-0.5771704854251445,0E-17,ELIGIBLE,R03b_20260811_FULL_v1,L1_ELIGIBILITY,v2026-08-11,2026-03-21..2026-08-06,baccarat_bet02_101_all_pairs_incl_sentinel,round_win = game_pnl > 0 (decisive only),COMPATIBILITY_ONLY_NOT_PRODUCTION,1829.5348,1614.9637,476.9892,55,52,-0.26071612,,-0.26071612,-0.26071612,-476.9892,1829.5348,OK,0.0000,14.3097,3.0000,97.0000,AG03-UNRESOLVED,ALL5_LEVELS_bet23_to_bet27,14.3097,14.3097,14.3097,19.0796,19.0796,3.000000,3.000000,3.000000,4.000000,4.000000,97.000000,97.000000,97.000000,96.000000,96.000000,5.0,81.0882,75.7843,395.9010,401.2049,PENDING_AG03,FALSE,NOT_FOR_ENFORCEMENT,462.6795,1566.5148,476.9892,462.6795,14.3097,0.26071612,0.25289463,14.3097,462.6795,0.25289463,14.3097,14.3097,14.3097,19.0796,19.0796,462.6795,0.25289463,81.0882,75.7843,395.9010,401.2049,0.21639438,0.21929339,0.00782148,33.2643,31.0570,9.1729,36.6915,23.8495,140.7334,4.0000,,33.2643,12.9729,25.9457,51.8914,51.8914,59.2063,100.2264,25.9457,-7.0053,2.28193,3.862928,1.282071,10,22,15,3,0E-8,0.26071612,,0E-8,0.000000,0.882718,0.000000,,2026-04-30,2026-06-05,13,20,20,37,0.351351,,,0.000000,,,,,,,,GLOBAL_BASELINE_NO_ENTITY_RANKING,,,NOT_APPLICABLE_GLOBAL_BASELINE,HF9g-P5,,,,X 全窗基线 · 不参与实体赏罚,8392699,840,A168_HF9F_20260827_0900,2026-08-27 09:00:00
2026-05-02,149374890,2251,0,6.7458876031,-6.7458876031,-6.7458876031,0E-7,1,1,0.50665070000000000,0.506650700000,-1.013391052207602,-1.013391052207602,-1.013391052207602,0E-17,ELIGIBLE,R03b_20260811_FULL_v1,L1_ELIGIBILITY,v2026-08-11,2026-03-21..2026-08-06,baccarat_bet02_101_all_pairs_incl_sentinel,round_win = game_pnl > 0 (decisive only),COMPATIBILITY_ONLY_NOT_PRODUCTION,1829.5348,1614.9637,476.9892,55,52,-0.26071612,,-0.26071612,-0.26071612,-476.9892,1829.5348,OK,0.0000,14.3097,3.0000,97.0000,AG03-UNRESOLVED,ALL5_LEVELS_bet23_to_bet27,14.3097,14.3097,14.3097,19.0796,19.0796,3.000000,3.000000,3.000000,4.000000,4.000000,97.000000,97.000000,97.000000,96.000000,96.000000,5.0,81.0882,75.7843,395.9010,401.2049,PENDING_AG03,FALSE,NOT_FOR_ENFORCEMENT,462.6795,1566.5148,476.9892,462.6795,14.3097,0.26071612,0.25289463,14.3097,462.6795,0.25289463,14.3097,14.3097,14.3097,19.0796,19.0796,462.6795,0.25289463,81.0882,75.7843,395.9010,401.2049,0.21639438,0.21929339,0.00782148,33.2643,31.0570,9.1729,36.6915,23.8495,140.7334,4.0000,,33.2643,12.9729,25.9457,51.8914,51.8914,59.2063,100.2264,25.9457,-7.0053,2.28193,3.862928,1.282071,10,22,15,3,0E-8,0.26071612,,0E-8,0.000000,0.882718,0.000000,,2026-04-30,2026-06-05,13,20,20,37,0.351351,,,0.000000,,,,,,,,GLOBAL_BASELINE_NO_ENTITY_RANKING,,,NOT_APPLICABLE_GLOBAL_BASELINE,HF9g-P5,,,,X 全窗基线 · 不参与实体赏罚,8392700,840,A168_HF9F_20260827_0900,2026-08-27 09:00:00
2026-05-04,149374890,2235,0,89.5127393493,-30.3175756318,-30.3175756318,0.3333333,3,3,0.49771390000000000,0.497713900000,-0.5694369385616226,-0.5694369385616226,-0.5694369385616226,0E-17,ELIGIBLE,R03b_20260811_FULL_v1,L1_ELIGIBILITY,v2026-08-11,2026-03-21..2026-08-06,baccarat_bet02_101_all_pairs_incl_sentinel,round_win = game_pnl > 0 (decisive only),COMPATIBILITY_ONLY_NOT_PRODUCTION,1829.5348,1614.9637,476.9892,55,52,-0.26071612,,-0.26071612,-0.26071612,-476.9892,1829.5348,OK,0.0000,14.3097,3.0000,97.0000,AG03-UNRESOLVED,ALL5_LEVELS_bet23_to_bet27,14.3097,14.3097,14.3097,19.0796,19.0796,3.000000,3.000000,3.000000,4.000000,4.000000,97.000000,97.000000,97.000000,96.000000,96.000000,5.0,81.0882,75.7843,395.9010,401.2049,PENDING_AG03,FALSE,NOT_FOR_ENFORCEMENT,462.6795,1566.5148,476.9892,462.6795,14.3097,0.26071612,0.25289463,14.3097,462.6795,0.25289463,14.3097,14.3097,14.3097,19.0796,19.0796,462.6795,0.25289463,81.0882,75.7843,395.9010,401.2049,0.21639438,0.21929339,0.00782148,33.2643,31.0570,9.1729,36.6915,23.8495,140.7334,4.0000,,33.2643,12.9729,25.9457,51.8914,51.8914,59.2063,100.2264,25.9457,-7.0053,2.28193,3.862928,1.282071,10,22,15,3,0E-8,0.26071612,,0E-8,0.000000,0.882718,0.000000,,2026-04-30,2026-06-05,13,20,20,37,0.351351,,,0.000000,,,,,,,,GLOBAL_BASELINE_NO_ENTITY_RANKING,,,NOT_APPLICABLE_GLOBAL_BASELINE,HF9g-P5,,,,X 全窗基线 · 不参与实体赏罚,8392701,840,A168_HF9F_20260827_0900,2026-08-27 09:00:00
2026-05-05,149374890,1399,0,51.8914431010,-51.8914431010,-51.8914431010,0E-7,1,1,0.50665070000000000,0.506650700000,-1.013391052207602,-1.013391052207602,-1.013391052207602,0E-17,ELIGIBLE,R03b_20260811_FULL_v1,L1_ELIGIBILITY,v2026-08-11,2026-03-21..2026-08-06,baccarat_bet02_101_all_pairs_incl_sentinel,round_win = game_pnl > 0 (decisive only),COMPATIBILITY_ONLY_NOT_PRODUCTION,1829.5348,1614.9637,476.9892,55,52,-0.26071612,,-0.26071612,-0.26071612,-476.9892,1829.5348,OK,0.0000,14.3097,3.0000,97.0000,AG03-UNRESOLVED,ALL5_LEVELS_bet23_to_bet27,14.3097,14.3097,14.3097,19.0796,19.0796,3.000000,3.000000,3.000000,4.000000,4.000000,97.000000,97.000000,97.000000,96.000000,96.000000,5.0,81.0882,75.7843,395.9010,401.2049,PENDING_AG03,FALSE,NOT_FOR_ENFORCEMENT,462.6795,1566.5148,476.9892,462.6795,14.3097,0.26071612,0.25289463,14.3097,462.6795,0.25289463,14.3097,14.3097,14.3097,19.0796,19.0796,462.6795,0.25289463,81.0882,75.7843,395.9010,401.2049,0.21639438,0.21929339,0.00782148,33.2643,31.0570,9.1729,36.6915,23.8495,140.7334,4.0000,,33.2643,12.9729,25.9457,51.8914,51.8914,59.2063,100.2264,25.9457,-7.0053,2.28193,3.862928,1.282071,10,22,15,3,0E-8,0.26071612,,0E-8,0.000000,0.882718,0.000000,,2026-04-30,2026-06-05,13,20,20,37,0.351351,,,0.000000,,,,,,,,GLOBAL_BASELINE_NO_ENTITY_RANKING,,,NOT_APPLICABLE_GLOBAL_BASELINE,HF9g-P5,,,,X 全窗基线 · 不参与实体赏罚,8392702,840,A168_HF9F_20260827_0900,2026-08-27 09:00:00
2026-05-05,149374890,2093,0,11.9350319132,-11.9350319132,-11.9350319132,0E-7,1,1,0.49324550000000000,0.493245500000,-0.9865810262130424,-0.9865810262130424,-0.9865810262130424,0E-17,ELIGIBLE,R03b_20260811_FULL_v1,L1_ELIGIBILITY,v2026-08-11,2026-03-21..2026-08-06,baccarat_bet02_101_all_pairs_incl_sentinel,round_win = game_pnl > 0 (decisive only),COMPATIBILITY_ONLY_NOT_PRODUCTION,1829.5348,1614.9637,476.9892,55,52,-0.26071612,,-0.26071612,-0.26071612,-476.9892,1829.5348,OK,0.0000,14.3097,3.0000,97.0000,AG03-UNRESOLVED,ALL5_LEVELS_bet23_to_bet27,14.3097,14.3097,14.3097,19.0796,19.0796,3.000000,3.000000,3.000000,4.000000,4.000000,97.000000,97.000000,97.000000,96.000000,96.000000,5.0,81.0882,75.7843,395.9010,401.2049,PENDING_AG03,FALSE,NOT_FOR_ENFORCEMENT,462.6795,1566.5148,476.9892,462.6795,14.3097,0.26071612,0.25289463,14.3097,462.6795,0.25289463,14.3097,14.3097,14.3097,19.0796,19.0796,462.6795,0.25289463,81.0882,75.7843,395.9010,401.2049,0.21639438,0.21929339,0.00782148,33.2643,31.0570,9.1729,36.6915,23.8495,140.7334,4.0000,,33.2643,12.9729,25.9457,51.8914,51.8914,59.2063,100.2264,25.9457,-7.0053,2.28193,3.862928,1.282071,10,22,15,3,0E-8,0.26071612,,0E-8,0.000000,0.882718,0.000000,,2026-04-30,2026-06-05,13,20,20,37,0.351351,,,0.000000,,,,,,,,GLOBAL_BASELINE_NO_ENTITY_RANKING,,,NOT_APPLICABLE_GLOBAL_BASELINE,HF9g-P5,,,,X 全窗基线 · 不参与实体赏罚,8392703,840,A168_HF9F_20260827_0900,2026-08-27 09:00:00
2026-05-05,149374890,2122,0,13.2323179908,-4.4107726636,-4.4107726636,0.5000000,2,2,0.49994810000000000,0.499948100000,0.00014679536856514622,0.00014679536856514622,0.00014679536856514622,0E-17,ELIGIBLE,R03b_20260811_FULL_v1,L1_ELIGIBILITY,v2026-08-11,2026-03-21..2026-08-06,baccarat_bet02_101_all_pairs_incl_sentinel,round_win = game_pnl > 0 (decisive only),COMPATIBILITY_ONLY_NOT_PRODUCTION,1829.5348,1614.9637,476.9892,55,52,-0.26071612,,-0.26071612,-0.26071612,-476.9892,1829.5348,OK,0.0000,14.3097,3.0000,97.0000,AG03-UNRESOLVED,ALL5_LEVELS_bet23_to_bet27,14.3097,14.3097,14.3097,19.0796,19.0796,3.000000,3.000000,3.000000,4.000000,4.000000,97.000000,97.000000,97.000000,96.000000,96.000000,5.0,81.0882,75.7843,395.9010,401.2049,PENDING_AG03,FALSE,NOT_FOR_ENFORCEMENT,462.6795,1566.5148,476.9892,462.6795,14.3097,0.26071612,0.25289463,14.3097,462.6795,0.25289463,14.3097,14.3097,14.3097,19.0796,19.0796,462.6795,0.25289463,81.0882,75.7843,395.9010,401.2049,0.21639438,0.21929339,0.00782148,33.2643,31.0570,9.1729,36.6915,23.8495,140.7334,4.0000,,33.2643,12.9729,25.9457,51.8914,51.8914,59.2063,100.2264,25.9457,-7.0053,2.28193,3.862928,1.282071,10,22,15,3,0E-8,0.26071612,,0E-8,0.000000,0.882718,0.000000,,2026-04-30,2026-06-05,13,20,20,37,0.351351,,,0.000000,,,,,,,,GLOBAL_BASELINE_NO_ENTITY_RANKING,,,NOT_APPLICABLE_GLOBAL_BASELINE,HF9g-P5,,,,X 全窗基线 · 不参与实体赏罚,8392704,840,A168_HF9F_20260827_0900,2026-08-27 09:00:00
2026-05-05,149374890,2202,0,5.9675159566,5.9675159566,5.9675159566,1.0000000,1,1,0.49324550000000000,0.493245500000,1.01360149184955,1.01360149184955,1.01360149184955,0E-17,ELIGIBLE,R03b_20260811_FULL_v1,L1_ELIGIBILITY,v2026-08-11,2026-03-21..2026-08-06,baccarat_bet02_101_all_pairs_incl_sentinel,round_win = game_pnl > 0 (decisive only),COMPATIBILITY_ONLY_NOT_PRODUCTION,1829.5348,1614.9637,476.9892,55,52,-0.26071612,,-0.26071612,-0.26071612,-476.9892,1829.5348,OK,0.0000,14.3097,3.0000,97.0000,AG03-UNRESOLVED,ALL5_LEVELS_bet23_to_bet27,14.3097,14.3097,14.3097,19.0796,19.0796,3.000000,3.000000,3.000000,4.000000,4.000000,97.000000,97.000000,97.000000,96.000000,96.000000,5.0,81.0882,75.7843,395.9010,401.2049,PENDING_AG03,FALSE,NOT_FOR_ENFORCEMENT,462.6795,1566.5148,476.9892,462.6795,14.3097,0.26071612,0.25289463,14.3097,462.6795,0.25289463,14.3097,14.3097,14.3097,19.0796,19.0796,462.6795,0.25289463,81.0882,75.7843,395.9010,401.2049,0.21639438,0.21929339,0.00782148,33.2643,31.0570,9.1729,36.6915,23.8495,140.7334,4.0000,,33.2643,12.9729,25.9457,51.8914,51.8914,59.2063,100.2264,25.9457,-7.0053,2.28193,3.862928,1.282071,10,22,15,3,0E-8,0.26071612,,0E-8,0.000000,0.882718,0.000000,,2026-04-30,2026-06-05,13,20,20,37,0.351351,,,0.000000,,,,,,,,GLOBAL_BASELINE_NO_ENTITY_RANKING,,,NOT_APPLICABLE_GLOBAL_BASELINE,HF9g-P5,,,,X 全窗基线 · 不参与实体赏罚,8392705,840,A168_HF9F_20260827_0900,2026-08-27 09:00:00
2026-05-07,149374890,1330,0,7.0053448186,-7.0053448186,-7.0053448186,0E-7,1,1,0.50665070000000000,0.506650700000,-1.013391052207602,-1.013391052207602,-1.013391052207602,0E-17,ELIGIBLE,R03b_20260811_FULL_v1,L1_ELIGIBILITY,v2026-08-11,2026-03-21..2026-08-06,baccarat_bet02_101_all_pairs_incl_sentinel,round_win = game_pnl > 0 (decisive only),COMPATIBILITY_ONLY_NOT_PRODUCTION,1829.5348,1614.9637,476.9892,55,52,-0.26071612,,-0.26071612,-0.26071612,-476.9892,1829.5348,OK,0.0000,14.3097,3.0000,97.0000,AG03-UNRESOLVED,ALL5_LEVELS_bet23_to_bet27,14.3097,14.3097,14.3097,19.0796,19.0796,3.000000,3.000000,3.000000,4.000000,4.000000,97.000000,97.000000,97.000000,96.000000,96.000000,5.0,81.0882,75.7843,395.9010,401.2049,PENDING_AG03,FALSE,NOT_FOR_ENFORCEMENT,462.6795,1566.5148,476.9892,462.6795,14.3097,0.26071612,0.25289463,14.3097,462.6795,0.25289463,14.3097,14.3097,14.3097,19.0796,19.0796,462.6795,0.25289463,81.0882,75.7843,395.9010,401.2049,0.21639438,0.21929339,0.00782148,33.2643,31.0570,9.1729,36.6915,23.8495,140.7334,4.0000,,33.2643,12.9729,25.9457,51.8914,51.8914,59.2063,100.2264,25.9457,-7.0053,2.28193,3.862928,1.282071,10,22,15,3,0E-8,0.26071612,,0E-8,0.000000,0.882718,0.000000,,2026-04-30,2026-06-05,13,20,20,37,0.351351,,,0.000000,,,,,,,,GLOBAL_BASELINE_NO_ENTITY_RANKING,,,NOT_APPLICABLE_GLOBAL_BASELINE,HF9g-P5,,,,X 全窗基线 · 不参与实体赏罚,8392706,840,A168_HF9F_20260827_0900,2026-08-27 09:00:00
2026-05-07,149374890,1396,0,7.0053448186,0E-10,0E-10,,1,1,0.49324550000000000,0.493245500000,,,,0E-17,NO_DECISIVE_ROUND,R03b_20260811_FULL_v1,L1_ELIGIBILITY,v2026-08-11,2026-03-21..2026-08-06,baccarat_bet02_101_all_pairs_incl_sentinel,round_win = game_pnl > 0 (decisive only),COMPATIBILITY_ONLY_NOT_PRODUCTION,1829.5348,1614.9637,476.9892,55,52,-0.26071612,,-0.26071612,-0.26071612,-476.9892,1829.5348,OK,0.0000,14.3097,3.0000,97.0000,AG03-UNRESOLVED,ALL5_LEVELS_bet23_to_bet27,14.3097,14.3097,14.3097,19.0796,19.0796,3.000000,3.000000,3.000000,4.000000,4.000000,97.000000,97.000000,97.000000,96.000000,96.000000,5.0,81.0882,75.7843,395.9010,401.2049,PENDING_AG03,FALSE,NOT_FOR_ENFORCEMENT,462.6795,1566.5148,476.9892,462.6795,14.3097,0.26071612,0.25289463,14.3097,462.6795,0.25289463,14.3097,14.3097,14.3097,19.0796,19.0796,462.6795,0.25289463,81.0882,75.7843,395.9010,401.2049,0.21639438,0.21929339,0.00782148,33.2643,31.0570,9.1729,36.6915,23.8495,140.7334,4.0000,,33.2643,12.9729,25.9457,51.8914,51.8914,59.2063,100.2264,25.9457,-7.0053,2.28193,3.862928,1.282071,10,22,15,3,0E-8,0.26071612,,0E-8,0.000000,0.882718,0.000000,,2026-04-30,2026-06-05,13,20,20,37,0.351351,,,0.000000,,,,,,,,GLOBAL_BASELINE_NO_ENTITY_RANKING,,,NOT_APPLICABLE_GLOBAL_BASELINE,HF9g-P5,,,,X 全窗基线 · 不参与实体赏罚,8392707,840,A168_HF9F_20260827_0900,2026-08-27 09:00:00
2026-05-08,149374890,2209,0,35.2861813087,-35.2861813087,-35.2861813087,0E-7,1,1,0.49324550000000000,0.493245500000,-0.9865810262130424,-0.9865810262130424,-0.9865810262130424,0E-17,ELIGIBLE,R03b_20260811_FULL_v1,L1_ELIGIBILITY,v2026-08-11,2026-03-21..2026-08-06,baccarat_bet02_101_all_pairs_incl_sentinel,round_win = game_pnl > 0 (decisive only),COMPATIBILITY_ONLY_NOT_PRODUCTION,1829.5348,1614.9637,476.9892,55,52,-0.26071612,,-0.26071612,-0.26071612,-476.9892,1829.5348,OK,0.0000,14.3097,3.0000,97.0000,AG03-UNRESOLVED,ALL5_LEVELS_bet23_to_bet27,14.3097,14.3097,14.3097,19.0796,19.0796,3.000000,3.000000,3.000000,4.000000,4.000000,97.000000,97.000000,97.000000,96.000000,96.000000,5.0,81.0882,75.7843,395.9010,401.2049,PENDING_AG03,FALSE,NOT_FOR_ENFORCEMENT,462.6795,1566.5148,476.9892,462.6795,14.3097,0.26071612,0.25289463,14.3097,462.6795,0.25289463,14.3097,14.3097,14.3097,19.0796,19.0796,462.6795,0.25289463,81.0882,75.7843,395.9010,401.2049,0.21639438,0.21929339,0.00782148,33.2643,31.0570,9.1729,36.6915,23.8495,140.7334,4.0000,,33.2643,12.9729,25.9457,51.8914,51.8914,59.2063,100.2264,25.9457,-7.0053,2.28193,3.862928,1.282071,10,22,15,3,0E-8,0.26071612,,0E-8,0.000000,0.882718,0.000000,,2026-04-30,2026-06-05,13,20,20,37,0.351351,,,0.000000,,,,,,,,GLOBAL_BASELINE_NO_ENTITY_RANKING,,,NOT_APPLICABLE_GLOBAL_BASELINE,HF9g-P5,,,,X 全窗基线 · 不参与实体赏罚,8392708,840,A168_HF9F_20260827_0900,2026-08-27 09:00:00
2026-05-12,149374890,2088,0,11.6755746977,-11.6755746977,-11.6755746977,0E-7,1,1,0.49324550000000000,0.493245500000,-0.9865810262130424,-0.9865810262130424,-0.9865810262130424,0E-17,ELIGIBLE,R03b_20260811_FULL_v1,L1_ELIGIBILITY,v2026-08-11,2026-03-21..2026-08-06,baccarat_bet02_101_all_pairs_incl_sentinel,round_win = game_pnl > 0 (decisive only),COMPATIBILITY_ONLY_NOT_PRODUCTION,1829.5348,1614.9637,476.9892,55,52,-0.26071612,,-0.26071612,-0.26071612,-476.9892,1829.5348,OK,0.0000,14.3097,3.0000,97.0000,AG03-UNRESOLVED,ALL5_LEVELS_bet23_to_bet27,14.3097,14.3097,14.3097,19.0796,19.0796,3.000000,3.000000,3.000000,4.000000,4.000000,97.000000,97.000000,97.000000,96.000000,96.000000,5.0,81.0882,75.7843,395.9010,401.2049,PENDING_AG03,FALSE,NOT_FOR_ENFORCEMENT,462.6795,1566.5148,476.9892,462.6795,14.3097,0.26071612,0.25289463,14.3097,462.6795,0.25289463,14.3097,14.3097,14.3097,19.0796,19.0796,462.6795,0.25289463,81.0882,75.7843,395.9010,401.2049,0.21639438,0.21929339,0.00782148,33.2643,31.0570,9.1729,36.6915,23.8495,140.7334,4.0000,,33.2643,12.9729,25.9457,51.8914,51.8914,59.2063,100.2264,25.9457,-7.0053,2.28193,3.862928,1.282071,10,22,15,3,0E-8,0.26071612,,0E-8,0.000000,0.882718,0.000000,,2026-04-30,2026-06-05,13,20,20,37,0.351351,,,0.000000,,,,,,,,GLOBAL_BASELINE_NO_ENTITY_RANKING,,,NOT_APPLICABLE_GLOBAL_BASELINE,HF9g-P5,,,,X 全窗基线 · 不参与实体赏罚,8392709,840,A168_HF9F_20260827_0900,2026-08-27 09:00:00
2026-05-15,149374890,526,0,18.1620050854,-18.1620050854,-18.1620050854,0E-7,1,1,0.50665070000000000,0.506650700000,-1.013391052207602,-1.013391052207602,-1.013391052207602,0E-17,ELIGIBLE,R03b_20260811_FULL_v1,L1_ELIGIBILITY,v2026-08-11,2026-03-21..2026-08-06,baccarat_bet02_101_all_pairs_incl_sentinel,round_win = game_pnl > 0 (decisive only),COMPATIBILITY_ONLY_NOT_PRODUCTION,1829.5348,1614.9637,476.9892,55,52,-0.26071612,,-0.26071612,-0.26071612,-476.9892,1829.5348,OK,0.0000,14.3097,3.0000,97.0000,AG03-UNRESOLVED,ALL5_LEVELS_bet23_to_bet27,14.3097,14.3097,14.3097,19.0796,19.0796,3.000000,3.000000,3.000000,4.000000,4.000000,97.000000,97.000000,97.000000,96.000000,96.000000,5.0,81.0882,75.7843,395.9010,401.2049,PENDING_AG03,FALSE,NOT_FOR_ENFORCEMENT,462.6795,1566.5148,476.9892,462.6795,14.3097,0.26071612,0.25289463,14.3097,462.6795,0.25289463,14.3097,14.3097,14.3097,19.0796,19.0796,462.6795,0.25289463,81.0882,75.7843,395.9010,401.2049,0.21639438,0.21929339,0.00782148,33.2643,31.0570,9.1729,36.6915,23.8495,140.7334,4.0000,,33.2643,12.9729,25.9457,51.8914,51.8914,59.2063,100.2264,25.9457,-7.0053,2.28193,3.862928,1.282071,10,22,15,3,0E-8,0.26071612,,0E-8,0.000000,0.882718,0.000000,,2026-04-30,2026-06-05,13,20,20,37,0.351351,,,0.000000,,,,,,,,GLOBAL_BASELINE_NO_ENTITY_RANKING,,,NOT_APPLICABLE_GLOBAL_BASELINE,HF9g-P5,,,,X 全窗基线 · 不参与实体赏罚,8392710,840,A168_HF9F_20260827_0900,2026-08-27 09:00:00
2026-05-18,149374890,2088,0,25.9457215506,-25.9457215506,-25.9457215506,0E-7,2,2,0.49994810000000000,0.499948100000,-1.4140667746232096,-1.4140667746232096,-1.4140667746232096,0E-17,ELIGIBLE,R03b_20260811_FULL_v1,L1_ELIGIBILITY,v2026-08-11,2026-03-21..2026-08-06,baccarat_bet02_101_all_pairs_incl_sentinel,round_win = game_pnl > 0 (decisive only),COMPATIBILITY_ONLY_NOT_PRODUCTION,1829.5348,1614.9637,476.9892,55,52,-0.26071612,,-0.26071612,-0.26071612,-476.9892,1829.5348,OK,0.0000,14.3097,3.0000,97.0000,AG03-UNRESOLVED,ALL5_LEVELS_bet23_to_bet27,14.3097,14.3097,14.3097,19.0796,19.0796,3.000000,3.000000,3.000000,4.000000,4.000000,97.000000,97.000000,97.000000,96.000000,96.000000,5.0,81.0882,75.7843,395.9010,401.2049,PENDING_AG03,FALSE,NOT_FOR_ENFORCEMENT,462.6795,1566.5148,476.9892,462.6795,14.3097,0.26071612,0.25289463,14.3097,462.6795,0.25289463,14.3097,14.3097,14.3097,19.0796,19.0796,462.6795,0.25289463,81.0882,75.7843,395.9010,401.2049,0.21639438,0.21929339,0.00782148,33.2643,31.0570,9.1729,36.6915,23.8495,140.7334,4.0000,,33.2643,12.9729,25.9457,51.8914,51.8914,59.2063,100.2264,25.9457,-7.0053,2.28193,3.862928,1.282071,10,22,15,3,0E-8,0.26071612,,0E-8,0.000000,0.882718,0.000000,,2026-04-30,2026-06-05,13,20,20,37,0.351351,,,0.000000,,,,,,,,GLOBAL_BASELINE_NO_ENTITY_RANKING,,,NOT_APPLICABLE_GLOBAL_BASELINE,HF9g-P5,,,,X 全窗基线 · 不参与实体赏罚,8392711,840,A168_HF9F_20260827_0900,2026-08-27 09:00:00
2026-05-18,149374890,2171,0,12.9728607753,-12.9728607753,-12.9728607753,0E-7,1,1,0.49324550000000000,0.493245500000,-0.9865810262130424,-0.9865810262130424,-0.9865810262130424,0E-17,ELIGIBLE,R03b_20260811_FULL_v1,L1_ELIGIBILITY,v2026-08-11,2026-03-21..2026-08-06,baccarat_bet02_101_all_pairs_incl_sentinel,round_win = game_pnl > 0 (decisive only),COMPATIBILITY_ONLY_NOT_PRODUCTION,1829.5348,1614.9637,476.9892,55,52,-0.26071612,,-0.26071612,-0.26071612,-476.9892,1829.5348,OK,0.0000,14.3097,3.0000,97.0000,AG03-UNRESOLVED,ALL5_LEVELS_bet23_to_bet27,14.3097,14.3097,14.3097,19.0796,19.0796,3.000000,3.000000,3.000000,4.000000,4.000000,97.000000,97.000000,97.000000,96.000000,96.000000,5.0,81.0882,75.7843,395.9010,401.2049,PENDING_AG03,FALSE,NOT_FOR_ENFORCEMENT,462.6795,1566.5148,476.9892,462.6795,14.3097,0.26071612,0.25289463,14.3097,462.6795,0.25289463,14.3097,14.3097,14.3097,19.0796,19.0796,462.6795,0.25289463,81.0882,75.7843,395.9010,401.2049,0.21639438,0.21929339,0.00782148,33.2643,31.0570,9.1729,36.6915,23.8495,140.7334,4.0000,,33.2643,12.9729,25.9457,51.8914,51.8914,59.2063,100.2264,25.9457,-7.0053,2.28193,3.862928,1.282071,10,22,15,3,0E-8,0.26071612,,0E-8,0.000000,0.882718,0.000000,,2026-04-30,2026-06-05,13,20,20,37,0.351351,,,0.000000,,,,,,,,GLOBAL_BASELINE_NO_ENTITY_RANKING,,,NOT_APPLICABLE_GLOBAL_BASELINE,HF9g-P5,,,,X 全窗基线 · 不参与实体赏罚,8392712,840,A168_HF9F_20260827_0900,2026-08-27 09:00:00
2026-06-02,149374890,1384,0,40.1162342170,-12.0348702651,-12.0348702651,0.5000000,2,2,0.50665070000000000,0.506650700000,-0.018812684590367487,-0.018812684590367487,-0.018812684590367487,0E-17,ELIGIBLE,R03b_20260811_FULL_v1,L1_ELIGIBILITY,v2026-08-11,2026-03-21..2026-08-06,baccarat_bet02_101_all_pairs_incl_sentinel,round_win = game_pnl > 0 (decisive only),COMPATIBILITY_ONLY_NOT_PRODUCTION,1829.5348,1614.9637,476.9892,55,52,-0.26071612,,-0.26071612,-0.26071612,-476.9892,1829.5348,OK,0.0000,14.3097,3.0000,97.0000,AG03-UNRESOLVED,ALL5_LEVELS_bet23_to_bet27,14.3097,14.3097,14.3097,19.0796,19.0796,3.000000,3.000000,3.000000,4.000000,4.000000,97.000000,97.000000,97.000000,96.000000,96.000000,5.0,81.0882,75.7843,395.9010,401.2049,PENDING_AG03,FALSE,NOT_FOR_ENFORCEMENT,462.6795,1566.5148,476.9892,462.6795,14.3097,0.26071612,0.25289463,14.3097,462.6795,0.25289463,14.3097,14.3097,14.3097,19.0796,19.0796,462.6795,0.25289463,81.0882,75.7843,395.9010,401.2049,0.21639438,0.21929339,0.00782148,33.2643,31.0570,9.1729,36.6915,23.8495,140.7334,4.0000,,33.2643,12.9729,25.9457,51.8914,51.8914,59.2063,100.2264,25.9457,-7.0053,2.28193,3.862928,1.282071,10,22,15,3,0E-8,0.26071612,,0E-8,0.000000,0.882718,0.000000,,2026-04-30,2026-06-05,13,20,20,37,0.351351,,,0.000000,,,,,,,,GLOBAL_BASELINE_NO_ENTITY_RANKING,,,NOT_APPLICABLE_GLOBAL_BASELINE,HF9g-P5,,,,X 全窗基线 · 不参与实体赏罚,8392713,840,A168_HF9F_20260827_0900,2026-08-27 09:00:00
2026-06-04,149374890,986,0,62.2315941060,-62.2315941060,-62.2315941060,0E-7,1,1,0.49324550000000000,0.493245500000,-0.9865810262130424,-0.9865810262130424,-0.9865810262130424,0E-17,ELIGIBLE,R03b_20260811_FULL_v1,L1_ELIGIBILITY,v2026-08-11,2026-03-21..2026-08-06,baccarat_bet02_101_all_pairs_incl_sentinel,round_win = game_pnl > 0 (decisive only),COMPATIBILITY_ONLY_NOT_PRODUCTION,1829.5348,1614.9637,476.9892,55,52,-0.26071612,,-0.26071612,-0.26071612,-476.9892,1829.5348,OK,0.0000,14.3097,3.0000,97.0000,AG03-UNRESOLVED,ALL5_LEVELS_bet23_to_bet27,14.3097,14.3097,14.3097,19.0796,19.0796,3.000000,3.000000,3.000000,4.000000,4.000000,97.000000,97.000000,97.000000,96.000000,96.000000,5.0,81.0882,75.7843,395.9010,401.2049,PENDING_AG03,FALSE,NOT_FOR_ENFORCEMENT,462.6795,1566.5148,476.9892,462.6795,14.3097,0.26071612,0.25289463,14.3097,462.6795,0.25289463,14.3097,14.3097,14.3097,19.0796,19.0796,462.6795,0.25289463,81.0882,75.7843,395.9010,401.2049,0.21639438,0.21929339,0.00782148,33.2643,31.0570,9.1729,36.6915,23.8495,140.7334,4.0000,,33.2643,12.9729,25.9457,51.8914,51.8914,59.2063,100.2264,25.9457,-7.0053,2.28193,3.862928,1.282071,10,22,15,3,0E-8,0.26071612,,0E-8,0.000000,0.882718,0.000000,,2026-04-30,2026-06-05,13,20,20,37,0.351351,,,0.000000,,,,,,,,GLOBAL_BASELINE_NO_ENTITY_RANKING,,,NOT_APPLICABLE_GLOBAL_BASELINE,HF9g-P5,,,,X 全窗基线 · 不参与实体赏罚,8392714,840,A168_HF9F_20260827_0900,2026-08-27 09:00:00
2026-06-05,149374890,1307,0,60.1743513256,-60.1743513256,-60.1743513256,0E-7,1,1,0.49324550000000000,0.493245500000,-0.9865810262130424,-0.9865810262130424,-0.9865810262130424,0E-17,ELIGIBLE,R03b_20260811_FULL_v1,L1_ELIGIBILITY,v2026-08-11,2026-03-21..2026-08-06,baccarat_bet02_101_all_pairs_incl_sentinel,round_win = game_pnl > 0 (decisive only),COMPATIBILITY_ONLY_NOT_PRODUCTION,1829.5348,1614.9637,476.9892,55,52,-0.26071612,,-0.26071612,-0.26071612,-476.9892,1829.5348,OK,0.0000,14.3097,3.0000,97.0000,AG03-UNRESOLVED,ALL5_LEVELS_bet23_to_bet27,14.3097,14.3097,14.3097,19.0796,19.0796,3.000000,3.000000,3.000000,4.000000,4.000000,97.000000,97.000000,97.000000,96.000000,96.000000,5.0,81.0882,75.7843,395.9010,401.2049,PENDING_AG03,FALSE,NOT_FOR_ENFORCEMENT,462.6795,1566.5148,476.9892,462.6795,14.3097,0.26071612,0.25289463,14.3097,462.6795,0.25289463,14.3097,14.3097,14.3097,19.0796,19.0796,462.6795,0.25289463,81.0882,75.7843,395.9010,401.2049,0.21639438,0.21929339,0.00782148,33.2643,31.0570,9.1729,36.6915,23.8495,140.7334,4.0000,,33.2643,12.9729,25.9457,51.8914,51.8914,59.2063,100.2264,25.9457,-7.0053,2.28193,3.862928,1.282071,10,22,15,3,0E-8,0.26071612,,0E-8,0.000000,0.882718,0.000000,,2026-04-30,2026-06-05,13,20,20,37,0.351351,,,0.000000,,,,,,,,GLOBAL_BASELINE_NO_ENTITY_RANKING,,,NOT_APPLICABLE_GLOBAL_BASELINE,HF9g-P5,,,,X 全窗基线 · 不参与实体赏罚,8392715,840,A168_HF9F_20260827_0900,2026-08-27 09:00:00
2026-07-14,139526451,1331,0,510.7713690063,-101.9907615583,-97.9045906062,0.3333333,3,3,0.49771390000000000,0.497713900000,-0.5694369385616226,-0.5694369385616226,-0.5694369385616226,0E-17,ELIGIBLE,R03b_20260811_FULL_v1,L1_ELIGIBILITY,v2026-08-11,2026-03-21..2026-08-06,baccarat_bet02_101_all_pairs_incl_sentinel,round_win = game_pnl > 0 (decisive only),COMPATIBILITY_ONLY_NOT_PRODUCTION,1226.1374,1123.9423,501.7798,9,9,-0.40923621,-0.40923621,,-0.41656943,-501.7798,1226.1374,THIN_EXPOSURE,8.9915,30.1068,6.0000,94.0000,AG03-UNRESOLVED,ALL5_LEVELS_bet23_to_bet27,30.1068,30.1068,30.1068,30.1068,30.1068,6.000000,6.000000,6.000000,6.000000,6.000000,94.000000,94.000000,94.000000,94.000000,94.000000,5.0,150.5339,133.5216,342.2543,359.2667,PENDING_AG03,FALSE,NOT_FOR_ENFORCEMENT,471.6730,1056.5057,492.7883,462.6815,21.1153,0.40190298,0.37734881,30.1068,462.6815,0.37734881,30.1068,30.1068,30.1068,30.1068,30.1068,462.6815,0.37734881,150.5339,133.5216,342.2543,359.2667,0.27913212,0.29300688,0.01722095,136.2375,124.8825,55.7533,501.7798,167.2599,1226.1374,9.0000,136.2375,,102.1952,102.1952,204.3903,204.3903,204.3903,204.3903,102.1952,-101.3776,2.0,2.0,1.333111,3,3,1,2,1.00000000,0.40923621,0.40923621,0.00800000,0.800000,0.916653,0.000000,,2026-07-14,2026-07-14,1,3,3,1,1.000000,,1.000000,3.333333,,,,,,,,GLOBAL_BASELINE_NO_ENTITY_RANKING,,,NOT_APPLICABLE_GLOBAL_BASELINE,HF9g-P5,,,,X 全窗基线 · 不参与实体赏罚,8392716,840,A168_HF9F_20260827_0900,2026-08-27 09:00:00
2026-07-14,139526451,2281,0,510.9757593100,-204.3903037240,-201.1200588644,0.3333333,4,4,0.49659680000000000,0.496596800000,-0.5655743394288276,-0.5655743394288276,-0.5655743394288276,0E-17,ELIGIBLE,R03b_20260811_FULL_v1,L1_ELIGIBILITY,v2026-08-11,2026-03-21..2026-08-06,baccarat_bet02_101_all_pairs_incl_sentinel,round_win = game_pnl > 0 (decisive only),COMPATIBILITY_ONLY_NOT_PRODUCTION,1226.1374,1123.9423,501.7798,9,9,-0.40923621,-0.40923621,,-0.41656943,-501.7798,1226.1374,THIN_EXPOSURE,8.9915,30.1068,6.0000,94.0000,AG03-UNRESOLVED,ALL5_LEVELS_bet23_to_bet27,30.1068,30.1068,30.1068,30.1068,30.1068,6.000000,6.000000,6.000000,6.000000,6.000000,94.000000,94.000000,94.000000,94.000000,94.000000,5.0,150.5339,133.5216,342.2543,359.2667,PENDING_AG03,FALSE,NOT_FOR_ENFORCEMENT,471.6730,1056.5057,492.7883,462.6815,21.1153,0.40190298,0.37734881,30.1068,462.6815,0.37734881,30.1068,30.1068,30.1068,30.1068,30.1068,462.6815,0.37734881,150.5339,133.5216,342.2543,359.2667,0.27913212,0.29300688,0.01722095,136.2375,124.8825,55.7533,501.7798,167.2599,1226.1374,9.0000,136.2375,,102.1952,102.1952,204.3903,204.3903,204.3903,204.3903,102.1952,-101.3776,2.0,2.0,1.333111,3,3,1,2,1.00000000,0.40923621,0.40923621,0.00800000,0.800000,0.916653,0.000000,,2026-07-14,2026-07-14,1,3,3,1,1.000000,,1.000000,3.333333,,,,,,,,GLOBAL_BASELINE_NO_ENTITY_RANKING,,,NOT_APPLICABLE_GLOBAL_BASELINE,HF9g-P5,,,,X 全窗基线 · 不参与实体赏罚,8392717,840,A168_HF9F_20260827_0900,2026-08-27 09:00:00
2026-07-14,139526451,2288,0,204.3903037240,-204.3903037240,-202.7551812942,0E-7,2,2,0.49324550000000000,0.493245500000,-1.3952362676504506,-1.3952362676504506,-1.3952362676504506,0E-17,ELIGIBLE,R03b_20260811_FULL_v1,L1_ELIGIBILITY,v2026-08-11,2026-03-21..2026-08-06,baccarat_bet02_101_all_pairs_incl_sentinel,round_win = game_pnl > 0 (decisive only),COMPATIBILITY_ONLY_NOT_PRODUCTION,1226.1374,1123.9423,501.7798,9,9,-0.40923621,-0.40923621,,-0.41656943,-501.7798,1226.1374,THIN_EXPOSURE,8.9915,30.1068,6.0000,94.0000,AG03-UNRESOLVED,ALL5_LEVELS_bet23_to_bet27,30.1068,30.1068,30.1068,30.1068,30.1068,6.000000,6.000000,6.000000,6.000000,6.000000,94.000000,94.000000,94.000000,94.000000,94.000000,5.0,150.5339,133.5216,342.2543,359.2667,PENDING_AG03,FALSE,NOT_FOR_ENFORCEMENT,471.6730,1056.5057,492.7883,462.6815,21.1153,0.40190298,0.37734881,30.1068,462.6815,0.37734881,30.1068,30.1068,30.1068,30.1068,30.1068,462.6815,0.37734881,150.5339,133.5216,342.2543,359.2667,0.27913212,0.29300688,0.01722095,136.2375,124.8825,55.7533,501.7798,167.2599,1226.1374,9.0000,136.2375,,102.1952,102.1952,204.3903,204.3903,204.3903,204.3903,102.1952,-101.3776,2.0,2.0,1.333111,3,3,1,2,1.00000000,0.40923621,0.40923621,0.00800000,0.800000,0.916653,0.000000,,2026-07-14,2026-07-14,1,3,3,1,1.000000,,1.000000,3.333333,,,,,,,,GLOBAL_BASELINE_NO_ENTITY_RANKING,,,NOT_APPLICABLE_GLOBAL_BASELINE,HF9g-P5,,,,X 全窗基线 · 不参与实体赏罚,8392718,840,A168_HF9F_20260827_0900,2026-08-27 09:00:00
2026-04-28,145600515,1151,0,376.0000000000,0E-10,0E-10,,2,2,0.49324550000000000,0.493245500000,,,,0E-17,NO_DECISIVE_ROUND,R03b_20260811_FULL_v1,L1_ELIGIBILITY,v2026-08-11,2026-03-21..2026-08-06,baccarat_bet02_101_all_pairs_incl_sentinel,round_win = game_pnl > 0 (decisive only),COMPATIBILITY_ONLY_NOT_PRODUCTION,3485.0000,3109.0000,477.0000,7,7,-0.13687231,,-0.13687231,-0.13687231,-477.0000,3485.0000,THIN_EXPOSURE,0.0000,14.3100,3.0000,97.0000,AG03-UNRESOLVED,ALL5_LEVELS_bet23_to_bet27,14.3100,14.3100,14.3100,14.3100,14.3100,3.000000,3.000000,3.000000,3.000000,3.000000,97.000000,97.000000,97.000000,97.000000,97.000000,5.0,71.5500,67.3839,405.4500,409.6161,PENDING_AG03,FALSE,NOT_FOR_ENFORCEMENT,462.6900,3015.7300,477.0000,462.6900,14.3100,0.13687231,0.13276614,14.3100,462.6900,0.13276614,14.3100,14.3100,14.3100,14.3100,14.3100,462.6900,0.13276614,71.5500,67.3839,405.4500,409.6161,0.11634146,0.11753691,0.00410617,497.8571,444.1429,68.1429,238.5000,119.2500,1742.5000,3.5000,,497.8571,188.0,289.0,658.0,1353.5999,1504.0,1504.0,289.0,0.0,5.204152,5.204152,1.722689,3,4,2,2,0E-8,0.13687231,,0E-8,0.000000,0.892109,0.714286,,2026-04-28,2026-05-02,2,4,4,5,0.400000,,,0.000000,,,,,,,,GLOBAL_BASELINE_NO_ENTITY_RANKING,,,NOT_APPLICABLE_GLOBAL_BASELINE,HF9g-P5,,,,X 全窗基线 · 不参与实体赏罚,8392719,840,A168_HF9F_20260827_0900,2026-08-27 09:00:00
2026-04-28,145600515,2212,0,1316.0000000000,1316.0000000000,1316.0000000000,1.0000000,3,3,0.50218230000000000,0.502182300000,1.724507524396475,1.7245075243964754,1.724507524396475,0E-17,ELIGIBLE,R03b_20260811_FULL_v1,L1_ELIGIBILITY,v2026-08-11,2026-03-21..2026-08-06,baccarat_bet02_101_all_pairs_incl_sentinel,round_win = game_pnl > 0 (decisive only),COMPATIBILITY_ONLY_NOT_PRODUCTION,3485.0000,3109.0000,477.0000,7,7,-0.13687231,,-0.13687231,-0.13687231,-477.0000,3485.0000,THIN_EXPOSURE,0.0000,14.3100,3.0000,97.0000,AG03-UNRESOLVED,ALL5_LEVELS_bet23_to_bet27,14.3100,14.3100,14.3100,14.3100,14.3100,3.000000,3.000000,3.000000,3.000000,3.000000,97.000000,97.000000,97.000000,97.000000,97.000000,5.0,71.5500,67.3839,405.4500,409.6161,PENDING_AG03,FALSE,NOT_FOR_ENFORCEMENT,462.6900,3015.7300,477.0000,462.6900,14.3100,0.13687231,0.13276614,14.3100,462.6900,0.13276614,14.3100,14.3100,14.3100,14.3100,14.3100,462.6900,0.13276614,71.5500,67.3839,405.4500,409.6161,0.11634146,0.11753691,0.00410617,497.8571,444.1429,68.1429,238.5000,119.2500,1742.5000,3.5000,,497.8571,188.0,289.0,658.0,1353.5999,1504.0,1504.0,289.0,0.0,5.204152,5.204152,1.722689,3,4,2,2,0E-8,0.13687231,,0E-8,0.000000,0.892109,0.714286,,2026-04-28,2026-05-02,2,4,4,5,0.400000,,,0.000000,,,,,,,,GLOBAL_BASELINE_NO_ENTITY_RANKING,,,NOT_APPLICABLE_GLOBAL_BASELINE,HF9g-P5,,,,X 全窗基线 · 不参与实体赏罚,8392720,840,A168_HF9F_20260827_0900,2026-08-27 09:00:00
2026-04-28,145600515,2254,0,1504.0000000000,-1504.0000000000,-1504.0000000000,0E-7,1,1,0.50665070000000000,0.506650700000,-1.013391052207602,-1.013391052207602,-1.013391052207602,0E-17,ELIGIBLE,R03b_20260811_FULL_v1,L1_ELIGIBILITY,v2026-08-11,2026-03-21..2026-08-06,baccarat_bet02_101_all_pairs_incl_sentinel,round_win = game_pnl > 0 (decisive only),COMPATIBILITY_ONLY_NOT_PRODUCTION,3485.0000,3109.0000,477.0000,7,7,-0.13687231,,-0.13687231,-0.13687231,-477.0000,3485.0000,THIN_EXPOSURE,0.0000,14.3100,3.0000,97.0000,AG03-UNRESOLVED,ALL5_LEVELS_bet23_to_bet27,14.3100,14.3100,14.3100,14.3100,14.3100,3.000000,3.000000,3.000000,3.000000,3.000000,97.000000,97.000000,97.000000,97.000000,97.000000,5.0,71.5500,67.3839,405.4500,409.6161,PENDING_AG03,FALSE,NOT_FOR_ENFORCEMENT,462.6900,3015.7300,477.0000,462.6900,14.3100,0.13687231,0.13276614,14.3100,462.6900,0.13276614,14.3100,14.3100,14.3100,14.3100,14.3100,462.6900,0.13276614,71.5500,67.3839,405.4500,409.6161,0.11634146,0.11753691,0.00410617,497.8571,444.1429,68.1429,238.5000,119.2500,1742.5000,3.5000,,497.8571,188.0,289.0,658.0,1353.5999,1504.0,1504.0,289.0,0.0,5.204152,5.204152,1.722689,3,4,2,2,0E-8,0.13687231,,0E-8,0.000000,0.892109,0.714286,,2026-04-28,2026-05-02,2,4,4,5,0.400000,,,0.000000,,,,,,,,GLOBAL_BASELINE_NO_ENTITY_RANKING,,,NOT_APPLICABLE_GLOBAL_BASELINE,HF9g-P5,,,,X 全窗基线 · 不参与实体赏罚,8392721,840,A168_HF9F_20260827_0900,2026-08-27 09:00:00
2026-05-02,145600515,2244,0,289.0000000000,-289.0000000000,-289.0000000000,0E-7,1,1,0.49324550000000000,0.493245500000,-0.9865810262130424,-0.9865810262130424,-0.9865810262130424,0E-17,ELIGIBLE,R03b_20260811_FULL_v1,L1_ELIGIBILITY,v2026-08-11,2026-03-21..2026-08-06,baccarat_bet02_101_all_pairs_incl_sentinel,round_win = game_pnl > 0 (decisive only),COMPATIBILITY_ONLY_NOT_PRODUCTION,3485.0000,3109.0000,477.0000,7,7,-0.13687231,,-0.13687231,-0.13687231,-477.0000,3485.0000,THIN_EXPOSURE,0.0000,14.3100,3.0000,97.0000,AG03-UNRESOLVED,ALL5_LEVELS_bet23_to_bet27,14.3100,14.3100,14.3100,14.3100,14.3100,3.000000,3.000000,3.000000,3.000000,3.000000,97.000000,97.000000,97.000000,97.000000,97.000000,5.0,71.5500,67.3839,405.4500,409.6161,PENDING_AG03,FALSE,NOT_FOR_ENFORCEMENT,462.6900,3015.7300,477.0000,462.6900,14.3100,0.13687231,0.13276614,14.3100,462.6900,0.13276614,14.3100,14.3100,14.3100,14.3100,14.3100,462.6900,0.13276614,71.5500,67.3839,405.4500,409.6161,0.11634146,0.11753691,0.00410617,497.8571,444.1429,68.1429,238.5000,119.2500,1742.5000,3.5000,,497.8571,188.0,289.0,658.0,1353.5999,1504.0,1504.0,289.0,0.0,5.204152,5.204152,1.722689,3,4,2,2,0E-8,0.13687231,,0E-8,0.000000,0.892109,0.714286,,2026-04-28,2026-05-02,2,4,4,5,0.400000,,,0.000000,,,,,,,,GLOBAL_BASELINE_NO_ENTITY_RANKING,,,NOT_APPLICABLE_GLOBAL_BASELINE,HF9g-P5,,,,X 全窗基线 · 不参与实体赏罚,8392722,840,A168_HF9F_20260827_0900,2026-08-27 09:00:00
2026-05-20,135782141,2101,0,93.4045975818,-18.6809195163,-18.6809195163,0.5000000,3,3,0.50218230000000000,0.502182300000,-0.00617253530718887,-0.00617253530718887,-0.00617253530718887,0E-17,ELIGIBLE,R03b_20260811_FULL_v1,L1_ELIGIBILITY,v2026-08-11,2026-03-21..2026-08-06,baccarat_bet02_101_all_pairs_incl_sentinel,round_win = game_pnl > 0 (decisive only),COMPATIBILITY_ONLY_NOT_PRODUCTION,2364.0782,1942.0315,481.9809,40,40,-0.20387691,-0.20403638,-0.20000000,-0.20387691,-481.9809,2364.0782,OK,0.0000,19.2792,4.0000,96.0000,AG03-UNRESOLVED,ALL5_LEVELS_bet23_to_bet27,19.2792,19.2792,24.0990,24.0990,24.0990,4.000000,4.000000,5.000000,5.000000,5.000000,96.000000,96.000000,95.000000,95.000000,95.000000,5.0,110.8556,101.1404,371.1253,380.8405,PENDING_AG03,FALSE,NOT_FOR_ENFORCEMENT,462.7017,1864.3502,481.9809,462.7017,19.2792,0.20387691,0.19572183,19.2792,462.7017,0.19572183,19.2792,19.2792,24.0990,24.0990,24.0990,462.7017,0.19572183,110.8556,101.1404,371.1253,380.8405,0.15698522,0.16109472,0.00815508,59.1020,48.5508,12.0495,240.9905,26.7767,1182.0391,20.0000,61.3696,31.1349,49.0538,51.6356,77.4533,77.4533,101.9802,103.2711,51.6356,0.0,1.975,2.0,1.144598,12,16,2,2,0.96049006,0.20387691,0.20403638,0E-8,0.000000,0.821475,0.000000,-0.00403638,2026-05-20,2026-07-19,2,18,13,61,0.032787,1.971088,1.038368,3.201634,,,,,,,,GLOBAL_BASELINE_NO_ENTITY_RANKING,,,NOT_APPLICABLE_GLOBAL_BASELINE,HF9g-P5,,,,X 全窗基线 · 不参与实体赏罚,8392723,840,A168_HF9F_20260827_0900,2026-08-27 09:00:00
2026-07-19,135782141,1307,0,309.8133374641,-129.0888906101,-129.0888906101,0.3333333,4,4,0.49324550000000000,0.493245500000,-0.5540025479526107,-0.5540025479526106,-0.5540025479526107,0E-17,ELIGIBLE,R03b_20260811_FULL_v1,L1_ELIGIBILITY,v2026-08-11,2026-03-21..2026-08-06,baccarat_bet02_101_all_pairs_incl_sentinel,round_win = game_pnl > 0 (decisive only),COMPATIBILITY_ONLY_NOT_PRODUCTION,2364.0782,1942.0315,481.9809,40,40,-0.20387691,-0.20403638,-0.20000000,-0.20387691,-481.9809,2364.0782,OK,0.0000,19.2792,4.0000,96.0000,AG03-UNRESOLVED,ALL5_LEVELS_bet23_to_bet27,19.2792,19.2792,24.0990,24.0990,24.0990,4.000000,4.000000,5.000000,5.000000,5.000000,96.000000,96.000000,95.000000,95.000000,95.000000,5.0,110.8556,101.1404,371.1253,380.8405,PENDING_AG03,FALSE,NOT_FOR_ENFORCEMENT,462.7017,1864.3502,481.9809,462.7017,19.2792,0.20387691,0.19572183,19.2792,462.7017,0.19572183,19.2792,19.2792,24.0990,24.0990,24.0990,462.7017,0.19572183,110.8556,101.1404,371.1253,380.8405,0.15698522,0.16109472,0.00815508,59.1020,48.5508,12.0495,240.9905,26.7767,1182.0391,20.0000,61.3696,31.1349,49.0538,51.6356,77.4533,77.4533,101.9802,103.2711,51.6356,0.0,1.975,2.0,1.144598,12,16,2,2,0.96049006,0.20387691,0.20403638,0E-8,0.000000,0.821475,0.000000,-0.00403638,2026-05-20,2026-07-19,2,18,13,61,0.032787,1.971088,1.038368,3.201634,,,,,,,,GLOBAL_BASELINE_NO_ENTITY_RANKING,,,NOT_APPLICABLE_GLOBAL_BASELINE,HF9g-P5,,,,X 全窗基线 · 不参与实体赏罚,8392724,840,A168_HF9F_20260827_0900,2026-08-27 09:00:00
2026-07-19,135782141,1505,0,196.2151137272,103.4002013786,103.4002013786,0.7500000,4,4,0.50329940000000000,0.503299400000,0.9868238854431842,0.9868238854431842,0.9868238854431842,0E-17,ELIGIBLE,R03b_20260811_FULL_v1,L1_ELIGIBILITY,v2026-08-11,2026-03-21..2026-08-06,baccarat_bet02_101_all_pairs_incl_sentinel,round_win = game_pnl > 0 (decisive only),COMPATIBILITY_ONLY_NOT_PRODUCTION,2364.0782,1942.0315,481.9809,40,40,-0.20387691,-0.20403638,-0.20000000,-0.20387691,-481.9809,2364.0782,OK,0.0000,19.2792,4.0000,96.0000,AG03-UNRESOLVED,ALL5_LEVELS_bet23_to_bet27,19.2792,19.2792,24.0990,24.0990,24.0990,4.000000,4.000000,5.000000,5.000000,5.000000,96.000000,96.000000,95.000000,95.000000,95.000000,5.0,110.8556,101.1404,371.1253,380.8405,PENDING_AG03,FALSE,NOT_FOR_ENFORCEMENT,462.7017,1864.3502,481.9809,462.7017,19.2792,0.20387691,0.19572183,19.2792,462.7017,0.19572183,19.2792,19.2792,24.0990,24.0990,24.0990,462.7017,0.19572183,110.8556,101.1404,371.1253,380.8405,0.15698522,0.16109472,0.00815508,59.1020,48.5508,12.0495,240.9905,26.7767,1182.0391,20.0000,61.3696,31.1349,49.0538,51.6356,77.4533,77.4533,101.9802,103.2711,51.6356,0.0,1.975,2.0,1.144598,12,16,2,2,0.96049006,0.20387691,0.20403638,0E-8,0.000000,0.821475,0.000000,-0.00403638,2026-05-20,2026-07-19,2,18,13,61,0.032787,1.971088,1.038368,3.201634,,,,,,,,GLOBAL_BASELINE_NO_ENTITY_RANKING,,,NOT_APPLICABLE_GLOBAL_BASELINE,HF9g-P5,,,,X 全窗基线 · 不参与实体赏罚,8392725,840,A168_HF9F_20260827_0900,2026-08-27 09:00:00
2026-07-19,135782141,1710,0,77.4533343660,0E-10,0E-10,,1,1,0.49324550000000000,0.493245500000,,,,0E-17,NO_DECISIVE_ROUND,R03b_20260811_FULL_v1,L1_ELIGIBILITY,v2026-08-11,2026-03-21..2026-08-06,baccarat_bet02_101_all_pairs_incl_sentinel,round_win = game_pnl > 0 (decisive only),COMPATIBILITY_ONLY_NOT_PRODUCTION,2364.0782,1942.0315,481.9809,40,40,-0.20387691,-0.20403638,-0.20000000,-0.20387691,-481.9809,2364.0782,OK,0.0000,19.2792,4.0000,96.0000,AG03-UNRESOLVED,ALL5_LEVELS_bet23_to_bet27,19.2792,19.2792,24.0990,24.0990,24.0990,4.000000,4.000000,5.000000,5.000000,5.000000,96.000000,96.000000,95.000000,95.000000,95.000000,5.0,110.8556,101.1404,371.1253,380.8405,PENDING_AG03,FALSE,NOT_FOR_ENFORCEMENT,462.7017,1864.3502,481.9809,462.7017,19.2792,0.20387691,0.19572183,19.2792,462.7017,0.19572183,19.2792,19.2792,24.0990,24.0990,24.0990,462.7017,0.19572183,110.8556,101.1404,371.1253,380.8405,0.15698522,0.16109472,0.00815508,59.1020,48.5508,12.0495,240.9905,26.7767,1182.0391,20.0000,61.3696,31.1349,49.0538,51.6356,77.4533,77.4533,101.9802,103.2711,51.6356,0.0,1.975,2.0,1.144598,12,16,2,2,0.96049006,0.20387691,0.20403638,0E-8,0.000000,0.821475,0.000000,-0.00403638,2026-05-20,2026-07-19,2,18,13,61,0.032787,1.971088,1.038368,3.201634,,,,,,,,GLOBAL_BASELINE_NO_ENTITY_RANKING,,,NOT_APPLICABLE_GLOBAL_BASELINE,HF9g-P5,,,,X 全窗基线 · 不参与实体赏罚,8392726,840,A168_HF9F_20260827_0900,2026-08-27 09:00:00
2026-07-19,135782141,1963,0,154.9066687321,-154.9066687321,-154.9066687321,0E-7,2,2,0.49994810000000000,0.499948100000,-1.4140667746232096,-1.4140667746232096,-1.4140667746232096,0E-17,ELIGIBLE,R03b_20260811_FULL_v1,L1_ELIGIBILITY,v2026-08-11,2026-03-21..2026-08-06,baccarat_bet02_101_all_pairs_incl_sentinel,round_win = game_pnl > 0 (decisive only),COMPATIBILITY_ONLY_NOT_PRODUCTION,2364.0782,1942.0315,481.9809,40,40,-0.20387691,-0.20403638,-0.20000000,-0.20387691,-481.9809,2364.0782,OK,0.0000,19.2792,4.0000,96.0000,AG03-UNRESOLVED,ALL5_LEVELS_bet23_to_bet27,19.2792,19.2792,24.0990,24.0990,24.0990,4.000000,4.000000,5.000000,5.000000,5.000000,96.000000,96.000000,95.000000,95.000000,95.000000,5.0,110.8556,101.1404,371.1253,380.8405,PENDING_AG03,FALSE,NOT_FOR_ENFORCEMENT,462.7017,1864.3502,481.9809,462.7017,19.2792,0.20387691,0.19572183,19.2792,462.7017,0.19572183,19.2792,19.2792,24.0990,24.0990,24.0990,462.7017,0.19572183,110.8556,101.1404,371.1253,380.8405,0.15698522,0.16109472,0.00815508,59.1020,48.5508,12.0495,240.9905,26.7767,1182.0391,20.0000,61.3696,31.1349,49.0538,51.6356,77.4533,77.4533,101.9802,103.2711,51.6356,0.0,1.975,2.0,1.144598,12,16,2,2,0.96049006,0.20387691,0.20403638,0E-8,0.000000,0.821475,0.000000,-0.00403638,2026-05-20,2026-07-19,2,18,13,61,0.032787,1.971088,1.038368,3.201634,,,,,,,,GLOBAL_BASELINE_NO_ENTITY_RANKING,,,NOT_APPLICABLE_GLOBAL_BASELINE,HF9g-P5,,,,X 全窗基线 · 不参与实体赏罚,8392727,840,A168_HF9F_20260827_0900,2026-08-27 09:00:00
2026-07-19,135782141,2115,0,51.6355562440,51.6355562440,51.6355562440,1.0000000,1,1,0.49324550000000000,0.493245500000,1.01360149184955,1.01360149184955,1.01360149184955,0E-17,ELIGIBLE,R03b_20260811_FULL_v1,L1_ELIGIBILITY,v2026-08-11,2026-03-21..2026-08-06,baccarat_bet02_101_all_pairs_incl_sentinel,round_win = game_pnl > 0 (decisive only),COMPATIBILITY_ONLY_NOT_PRODUCTION,2364.0782,1942.0315,481.9809,40,40,-0.20387691,-0.20403638,-0.20000000,-0.20387691,-481.9809,2364.0782,OK,0.0000,19.2792,4.0000,96.0000,AG03-UNRESOLVED,ALL5_LEVELS_bet23_to_bet27,19.2792,19.2792,24.0990,24.0990,24.0990,4.000000,4.000000,5.000000,5.000000,5.000000,96.000000,96.000000,95.000000,95.000000,95.000000,5.0,110.8556,101.1404,371.1253,380.8405,PENDING_AG03,FALSE,NOT_FOR_ENFORCEMENT,462.7017,1864.3502,481.9809,462.7017,19.2792,0.20387691,0.19572183,19.2792,462.7017,0.19572183,19.2792,19.2792,24.0990,24.0990,24.0990,462.7017,0.19572183,110.8556,101.1404,371.1253,380.8405,0.15698522,0.16109472,0.00815508,59.1020,48.5508,12.0495,240.9905,26.7767,1182.0391,20.0000,61.3696,31.1349,49.0538,51.6356,77.4533,77.4533,101.9802,103.2711,51.6356,0.0,1.975,2.0,1.144598,12,16,2,2,0.96049006,0.20387691,0.20403638,0E-8,0.000000,0.821475,0.000000,-0.00403638,2026-05-20,2026-07-19,2,18,13,61,0.032787,1.971088,1.038368,3.201634,,,,,,,,GLOBAL_BASELINE_NO_ENTITY_RANKING,,,NOT_APPLICABLE_GLOBAL_BASELINE,HF9g-P5,,,,X 全窗基线 · 不参与实体赏罚,8392728,840,A168_HF9F_20260827_0900,2026-08-27 09:00:00
2026-07-19,135782141,2123,0,153.6157798259,51.6355562440,51.6355562440,0.6666667,3,3,0.50218230000000000,0.502182300000,0.5697959874915163,0.5697959874915164,0.5697959874915163,0E-17,ELIGIBLE,R03b_20260811_FULL_v1,L1_ELIGIBILITY,v2026-08-11,2026-03-21..2026-08-06,baccarat_bet02_101_all_pairs_incl_sentinel,round_win = game_pnl > 0 (decisive only),COMPATIBILITY_ONLY_NOT_PRODUCTION,2364.0782,1942.0315,481.9809,40,40,-0.20387691,-0.20403638,-0.20000000,-0.20387691,-481.9809,2364.0782,OK,0.0000,19.2792,4.0000,96.0000,AG03-UNRESOLVED,ALL5_LEVELS_bet23_to_bet27,19.2792,19.2792,24.0990,24.0990,24.0990,4.000000,4.000000,5.000000,5.000000,5.000000,96.000000,96.000000,95.000000,95.000000,95.000000,5.0,110.8556,101.1404,371.1253,380.8405,PENDING_AG03,FALSE,NOT_FOR_ENFORCEMENT,462.7017,1864.3502,481.9809,462.7017,19.2792,0.20387691,0.19572183,19.2792,462.7017,0.19572183,19.2792,19.2792,24.0990,24.0990,24.0990,462.7017,0.19572183,110.8556,101.1404,371.1253,380.8405,0.15698522,0.16109472,0.00815508,59.1020,48.5508,12.0495,240.9905,26.7767,1182.0391,20.0000,61.3696,31.1349,49.0538,51.6356,77.4533,77.4533,101.9802,103.2711,51.6356,0.0,1.975,2.0,1.144598,12,16,2,2,0.96049006,0.20387691,0.20403638,0E-8,0.000000,0.821475,0.000000,-0.00403638,2026-05-20,2026-07-19,2,18,13,61,0.032787,1.971088,1.038368,3.201634,,,,,,,,GLOBAL_BASELINE_NO_ENTITY_RANKING,,,NOT_APPLICABLE_GLOBAL_BASELINE,HF9g-P5,,,,X 全窗基线 · 不参与实体赏罚,8392729,840,A168_HF9F_20260827_0900,2026-08-27 09:00:00
2026-07-19,135782141,2147,0,25.8177781220,24.5268892159,24.5268892159,1.0000000,1,1,0.50665070000000000,0.506650700000,0.9867858985152569,0.9867858985152569,0.9867858985152569,0E-17,ELIGIBLE,R03b_20260811_FULL_v1,L1_ELIGIBILITY,v2026-08-11,2026-03-21..2026-08-06,baccarat_bet02_101_all_pairs_incl_sentinel,round_win = game_pnl > 0 (decisive only),COMPATIBILITY_ONLY_NOT_PRODUCTION,2364.0782,1942.0315,481.9809,40,40,-0.20387691,-0.20403638,-0.20000000,-0.20387691,-481.9809,2364.0782,OK,0.0000,19.2792,4.0000,96.0000,AG03-UNRESOLVED,ALL5_LEVELS_bet23_to_bet27,19.2792,19.2792,24.0990,24.0990,24.0990,4.000000,4.000000,5.000000,5.000000,5.000000,96.000000,96.000000,95.000000,95.000000,95.000000,5.0,110.8556,101.1404,371.1253,380.8405,PENDING_AG03,FALSE,NOT_FOR_ENFORCEMENT,462.7017,1864.3502,481.9809,462.7017,19.2792,0.20387691,0.19572183,19.2792,462.7017,0.19572183,19.2792,19.2792,24.0990,24.0990,24.0990,462.7017,0.19572183,110.8556,101.1404,371.1253,380.8405,0.15698522,0.16109472,0.00815508,59.1020,48.5508,12.0495,240.9905,26.7767,1182.0391,20.0000,61.3696,31.1349,49.0538,51.6356,77.4533,77.4533,101.9802,103.2711,51.6356,0.0,1.975,2.0,1.144598,12,16,2,2,0.96049006,0.20387691,0.20403638,0E-8,0.000000,0.821475,0.000000,-0.00403638,2026-05-20,2026-07-19,2,18,13,61,0.032787,1.971088,1.038368,3.201634,,,,,,,,GLOBAL_BASELINE_NO_ENTITY_RANKING,,,NOT_APPLICABLE_GLOBAL_BASELINE,HF9g-P5,,,,X 全窗基线 · 不参与实体赏罚,8392730,840,A168_HF9F_20260827_0900,2026-08-27 09:00:00
2026-07-19,135782141,2167,0,129.0888906100,-51.6355562440,-51.6355562440,0E-7,2,2,0.49994810000000000,0.499948100000,-0.9998962053866608,-0.9998962053866608,-0.9998962053866608,0E-17,ELIGIBLE,R03b_20260811_FULL_v1,L1_ELIGIBILITY,v2026-08-11,2026-03-21..2026-08-06,baccarat_bet02_101_all_pairs_incl_sentinel,round_win = game_pnl > 0 (decisive only),COMPATIBILITY_ONLY_NOT_PRODUCTION,2364.0782,1942.0315,481.9809,40,40,-0.20387691,-0.20403638,-0.20000000,-0.20387691,-481.9809,2364.0782,OK,0.0000,19.2792,4.0000,96.0000,AG03-UNRESOLVED,ALL5_LEVELS_bet23_to_bet27,19.2792,19.2792,24.0990,24.0990,24.0990,4.000000,4.000000,5.000000,5.000000,5.000000,96.000000,96.000000,95.000000,95.000000,95.000000,5.0,110.8556,101.1404,371.1253,380.8405,PENDING_AG03,FALSE,NOT_FOR_ENFORCEMENT,462.7017,1864.3502,481.9809,462.7017,19.2792,0.20387691,0.19572183,19.2792,462.7017,0.19572183,19.2792,19.2792,24.0990,24.0990,24.0990,462.7017,0.19572183,110.8556,101.1404,371.1253,380.8405,0.15698522,0.16109472,0.00815508,59.1020,48.5508,12.0495,240.9905,26.7767,1182.0391,20.0000,61.3696,31.1349,49.0538,51.6356,77.4533,77.4533,101.9802,103.2711,51.6356,0.0,1.975,2.0,1.144598,12,16,2,2,0.96049006,0.20387691,0.20403638,0E-8,0.000000,0.821475,0.000000,-0.00403638,2026-05-20,2026-07-19,2,18,13,61,0.032787,1.971088,1.038368,3.201634,,,,,,,,GLOBAL_BASELINE_NO_ENTITY_RANKING,,,NOT_APPLICABLE_GLOBAL_BASELINE,HF9g-P5,,,,X 全窗基线 · 不参与实体赏罚,8392731,840,A168_HF9F_20260827_0900,2026-08-27 09:00:00
2026-07-19,135782141,2174,0,333.0493377738,-129.0888906100,-129.0888906100,0.2500000,6,6,0.49994810000000000,0.499948100000,-0.9997924053861017,-0.9997924053861017,-0.9997924053861017,0E-17,ELIGIBLE,R03b_20260811_FULL_v1,L1_ELIGIBILITY,v2026-08-11,2026-03-21..2026-08-06,baccarat_bet02_101_all_pairs_incl_sentinel,round_win = game_pnl > 0 (decisive only),COMPATIBILITY_ONLY_NOT_PRODUCTION,2364.0782,1942.0315,481.9809,40,40,-0.20387691,-0.20403638,-0.20000000,-0.20387691,-481.9809,2364.0782,OK,0.0000,19.2792,4.0000,96.0000,AG03-UNRESOLVED,ALL5_LEVELS_bet23_to_bet27,19.2792,19.2792,24.0990,24.0990,24.0990,4.000000,4.000000,5.000000,5.000000,5.000000,96.000000,96.000000,95.000000,95.000000,95.000000,5.0,110.8556,101.1404,371.1253,380.8405,PENDING_AG03,FALSE,NOT_FOR_ENFORCEMENT,462.7017,1864.3502,481.9809,462.7017,19.2792,0.20387691,0.19572183,19.2792,462.7017,0.19572183,19.2792,19.2792,24.0990,24.0990,24.0990,462.7017,0.19572183,110.8556,101.1404,371.1253,380.8405,0.15698522,0.16109472,0.00815508,59.1020,48.5508,12.0495,240.9905,26.7767,1182.0391,20.0000,61.3696,31.1349,49.0538,51.6356,77.4533,77.4533,101.9802,103.2711,51.6356,0.0,1.975,2.0,1.144598,12,16,2,2,0.96049006,0.20387691,0.20403638,0E-8,0.000000,0.821475,0.000000,-0.00403638,2026-05-20,2026-07-19,2,18,13,61,0.032787,1.971088,1.038368,3.201634,,,,,,,,GLOBAL_BASELINE_NO_ENTITY_RANKING,,,NOT_APPLICABLE_GLOBAL_BASELINE,HF9g-P5,,,,X 全窗基线 · 不参与实体赏罚,8392732,840,A168_HF9F_20260827_0900,2026-08-27 09:00:00
2026-07-19,135782141,2209,0,154.9066687320,0E-10,0E-10,0.5000000,2,2,0.49994810000000000,0.499948100000,0.00014679536856514622,0.00014679536856514622,0.00014679536856514622,0E-17,ELIGIBLE,R03b_20260811_FULL_v1,L1_ELIGIBILITY,v2026-08-11,2026-03-21..2026-08-06,baccarat_bet02_101_all_pairs_incl_sentinel,round_win = game_pnl > 0 (decisive only),COMPATIBILITY_ONLY_NOT_PRODUCTION,2364.0782,1942.0315,481.9809,40,40,-0.20387691,-0.20403638,-0.20000000,-0.20387691,-481.9809,2364.0782,OK,0.0000,19.2792,4.0000,96.0000,AG03-UNRESOLVED,ALL5_LEVELS_bet23_to_bet27,19.2792,19.2792,24.0990,24.0990,24.0990,4.000000,4.000000,5.000000,5.000000,5.000000,96.000000,96.000000,95.000000,95.000000,95.000000,5.0,110.8556,101.1404,371.1253,380.8405,PENDING_AG03,FALSE,NOT_FOR_ENFORCEMENT,462.7017,1864.3502,481.9809,462.7017,19.2792,0.20387691,0.19572183,19.2792,462.7017,0.19572183,19.2792,19.2792,24.0990,24.0990,24.0990,462.7017,0.19572183,110.8556,101.1404,371.1253,380.8405,0.15698522,0.16109472,0.00815508,59.1020,48.5508,12.0495,240.9905,26.7767,1182.0391,20.0000,61.3696,31.1349,49.0538,51.6356,77.4533,77.4533,101.9802,103.2711,51.6356,0.0,1.975,2.0,1.144598,12,16,2,2,0.96049006,0.20387691,0.20403638,0E-8,0.000000,0.821475,0.000000,-0.00403638,2026-05-20,2026-07-19,2,18,13,61,0.032787,1.971088,1.038368,3.201634,,,,,,,,GLOBAL_BASELINE_NO_ENTITY_RANKING,,,NOT_APPLICABLE_GLOBAL_BASELINE,HF9g-P5,,,,X 全窗基线 · 不参与实体赏罚,8392733,840,A168_HF9F_20260827_0900,2026-08-27 09:00:00
2026-07-19,135782141,2212,0,152.3248909198,0E-10,0E-10,0.5000000,3,3,0.49771390000000000,0.497713900000,0.006466134837551399,0.0064661348375514,0.006466134837551399,0E-17,ELIGIBLE,R03b_20260811_FULL_v1,L1_ELIGIBILITY,v2026-08-11,2026-03-21..2026-08-06,baccarat_bet02_101_all_pairs_incl_sentinel,round_win = game_pnl > 0 (decisive only),COMPATIBILITY_ONLY_NOT_PRODUCTION,2364.0782,1942.0315,481.9809,40,40,-0.20387691,-0.20403638,-0.20000000,-0.20387691,-481.9809,2364.0782,OK,0.0000,19.2792,4.0000,96.0000,AG03-UNRESOLVED,ALL5_LEVELS_bet23_to_bet27,19.2792,19.2792,24.0990,24.0990,24.0990,4.000000,4.000000,5.000000,5.000000,5.000000,96.000000,96.000000,95.000000,95.000000,95.000000,5.0,110.8556,101.1404,371.1253,380.8405,PENDING_AG03,FALSE,NOT_FOR_ENFORCEMENT,462.7017,1864.3502,481.9809,462.7017,19.2792,0.20387691,0.19572183,19.2792,462.7017,0.19572183,19.2792,19.2792,24.0990,24.0990,24.0990,462.7017,0.19572183,110.8556,101.1404,371.1253,380.8405,0.15698522,0.16109472,0.00815508,59.1020,48.5508,12.0495,240.9905,26.7767,1182.0391,20.0000,61.3696,31.1349,49.0538,51.6356,77.4533,77.4533,101.9802,103.2711,51.6356,0.0,1.975,2.0,1.144598,12,16,2,2,0.96049006,0.20387691,0.20403638,0E-8,0.000000,0.821475,0.000000,-0.00403638,2026-05-20,2026-07-19,2,18,13,61,0.032787,1.971088,1.038368,3.201634,,,,,,,,GLOBAL_BASELINE_NO_ENTITY_RANKING,,,NOT_APPLICABLE_GLOBAL_BASELINE,HF9g-P5,,,,X 全窗基线 · 不参与实体赏罚,8392734,840,A168_HF9F_20260827_0900,2026-08-27 09:00:00
2026-07-19,135782141,2220,0,129.0888906100,-25.8177781220,-25.8177781220,0.5000000,2,2,0.49994810000000000,0.499948100000,0.00014679536856514622,0.00014679536856514622,0.00014679536856514622,0E-17,ELIGIBLE,R03b_20260811_FULL_v1,L1_ELIGIBILITY,v2026-08-11,2026-03-21..2026-08-06,baccarat_bet02_101_all_pairs_incl_sentinel,round_win = game_pnl > 0 (decisive only),COMPATIBILITY_ONLY_NOT_PRODUCTION,2364.0782,1942.0315,481.9809,40,40,-0.20387691,-0.20403638,-0.20000000,-0.20387691,-481.9809,2364.0782,OK,0.0000,19.2792,4.0000,96.0000,AG03-UNRESOLVED,ALL5_LEVELS_bet23_to_bet27,19.2792,19.2792,24.0990,24.0990,24.0990,4.000000,4.000000,5.000000,5.000000,5.000000,96.000000,96.000000,95.000000,95.000000,95.000000,5.0,110.8556,101.1404,371.1253,380.8405,PENDING_AG03,FALSE,NOT_FOR_ENFORCEMENT,462.7017,1864.3502,481.9809,462.7017,19.2792,0.20387691,0.19572183,19.2792,462.7017,0.19572183,19.2792,19.2792,24.0990,24.0990,24.0990,462.7017,0.19572183,110.8556,101.1404,371.1253,380.8405,0.15698522,0.16109472,0.00815508,59.1020,48.5508,12.0495,240.9905,26.7767,1182.0391,20.0000,61.3696,31.1349,49.0538,51.6356,77.4533,77.4533,101.9802,103.2711,51.6356,0.0,1.975,2.0,1.144598,12,16,2,2,0.96049006,0.20387691,0.20403638,0E-8,0.000000,0.821475,0.000000,-0.00403638,2026-05-20,2026-07-19,2,18,13,61,0.032787,1.971088,1.038368,3.201634,,,,,,,,GLOBAL_BASELINE_NO_ENTITY_RANKING,,,NOT_APPLICABLE_GLOBAL_BASELINE,HF9g-P5,,,,X 全窗基线 · 不参与实体赏罚,8392735,840,A168_HF9F_20260827_0900,2026-08-27 09:00:00
2026-07-19,135782141,2222,0,77.4533343660,-77.4533343660,-77.4533343660,0E-7,1,1,0.49324550000000000,0.493245500000,-0.9865810262130424,-0.9865810262130424,-0.9865810262130424,0E-17,ELIGIBLE,R03b_20260811_FULL_v1,L1_ELIGIBILITY,v2026-08-11,2026-03-21..2026-08-06,baccarat_bet02_101_all_pairs_incl_sentinel,round_win = game_pnl > 0 (decisive only),COMPATIBILITY_ONLY_NOT_PRODUCTION,2364.0782,1942.0315,481.9809,40,40,-0.20387691,-0.20403638,-0.20000000,-0.20387691,-481.9809,2364.0782,OK,0.0000,19.2792,4.0000,96.0000,AG03-UNRESOLVED,ALL5_LEVELS_bet23_to_bet27,19.2792,19.2792,24.0990,24.0990,24.0990,4.000000,4.000000,5.000000,5.000000,5.000000,96.000000,96.000000,95.000000,95.000000,95.000000,5.0,110.8556,101.1404,371.1253,380.8405,PENDING_AG03,FALSE,NOT_FOR_ENFORCEMENT,462.7017,1864.3502,481.9809,462.7017,19.2792,0.20387691,0.19572183,19.2792,462.7017,0.19572183,19.2792,19.2792,24.0990,24.0990,24.0990,462.7017,0.19572183,110.8556,101.1404,371.1253,380.8405,0.15698522,0.16109472,0.00815508,59.1020,48.5508,12.0495,240.9905,26.7767,1182.0391,20.0000,61.3696,31.1349,49.0538,51.6356,77.4533,77.4533,101.9802,103.2711,51.6356,0.0,1.975,2.0,1.144598,12,16,2,2,0.96049006,0.20387691,0.20403638,0E-8,0.000000,0.821475,0.000000,-0.00403638,2026-05-20,2026-07-19,2,18,13,61,0.032787,1.971088,1.038368,3.201634,,,,,,,,GLOBAL_BASELINE_NO_ENTITY_RANKING,,,NOT_APPLICABLE_GLOBAL_BASELINE,HF9g-P5,,,,X 全窗基线 · 不参与实体赏罚,8392736,840,A168_HF9F_20260827_0900,2026-08-27 09:00:00
2026-07-19,135782141,2229,0,95.5257790514,2.5817778122,2.5817778122,0.5000000,2,2,0.49324550000000000,0.493245500000,0.01910635448239258,0.01910635448239258,0.01910635448239258,0E-17,ELIGIBLE,R03b_20260811_FULL_v1,L1_ELIGIBILITY,v2026-08-11,2026-03-21..2026-08-06,baccarat_bet02_101_all_pairs_incl_sentinel,round_win = game_pnl > 0 (decisive only),COMPATIBILITY_ONLY_NOT_PRODUCTION,2364.0782,1942.0315,481.9809,40,40,-0.20387691,-0.20403638,-0.20000000,-0.20387691,-481.9809,2364.0782,OK,0.0000,19.2792,4.0000,96.0000,AG03-UNRESOLVED,ALL5_LEVELS_bet23_to_bet27,19.2792,19.2792,24.0990,24.0990,24.0990,4.000000,4.000000,5.000000,5.000000,5.000000,96.000000,96.000000,95.000000,95.000000,95.000000,5.0,110.8556,101.1404,371.1253,380.8405,PENDING_AG03,FALSE,NOT_FOR_ENFORCEMENT,462.7017,1864.3502,481.9809,462.7017,19.2792,0.20387691,0.19572183,19.2792,462.7017,0.19572183,19.2792,19.2792,24.0990,24.0990,24.0990,462.7017,0.19572183,110.8556,101.1404,371.1253,380.8405,0.15698522,0.16109472,0.00815508,59.1020,48.5508,12.0495,240.9905,26.7767,1182.0391,20.0000,61.3696,31.1349,49.0538,51.6356,77.4533,77.4533,101.9802,103.2711,51.6356,0.0,1.975,2.0,1.144598,12,16,2,2,0.96049006,0.20387691,0.20403638,0E-8,0.000000,0.821475,0.000000,-0.00403638,2026-05-20,2026-07-19,2,18,13,61,0.032787,1.971088,1.038368,3.201634,,,,,,,,GLOBAL_BASELINE_NO_ENTITY_RANKING,,,NOT_APPLICABLE_GLOBAL_BASELINE,HF9g-P5,,,,X 全窗基线 · 不参与实体赏罚,8392737,840,A168_HF9F_20260827_0900,2026-08-27 09:00:00
2026-07-19,135782141,2235,0,229.7782252859,-129.0888906101,-129.0888906101,0.3333333,3,3,0.50218230000000000,0.502182300000,-0.5849155494134425,-0.5849155494134426,-0.5849155494134425,0E-17,ELIGIBLE,R03b_20260811_FULL_v1,L1_ELIGIBILITY,v2026-08-11,2026-03-21..2026-08-06,baccarat_bet02_101_all_pairs_incl_sentinel,round_win = game_pnl > 0 (decisive only),COMPATIBILITY_ONLY_NOT_PRODUCTION,2364.0782,1942.0315,481.9809,40,40,-0.20387691,-0.20403638,-0.20000000,-0.20387691,-481.9809,2364.0782,OK,0.0000,19.2792,4.0000,96.0000,AG03-UNRESOLVED,ALL5_LEVELS_bet23_to_bet27,19.2792,19.2792,24.0990,24.0990,24.0990,4.000000,4.000000,5.000000,5.000000,5.000000,96.000000,96.000000,95.000000,95.000000,95.000000,5.0,110.8556,101.1404,371.1253,380.8405,PENDING_AG03,FALSE,NOT_FOR_ENFORCEMENT,462.7017,1864.3502,481.9809,462.7017,19.2792,0.20387691,0.19572183,19.2792,462.7017,0.19572183,19.2792,19.2792,24.0990,24.0990,24.0990,462.7017,0.19572183,110.8556,101.1404,371.1253,380.8405,0.15698522,0.16109472,0.00815508,59.1020,48.5508,12.0495,240.9905,26.7767,1182.0391,20.0000,61.3696,31.1349,49.0538,51.6356,77.4533,77.4533,101.9802,103.2711,51.6356,0.0,1.975,2.0,1.144598,12,16,2,2,0.96049006,0.20387691,0.20403638,0E-8,0.000000,0.821475,0.000000,-0.00403638,2026-05-20,2026-07-19,2,18,13,61,0.032787,1.971088,1.038368,3.201634,,,,,,,,GLOBAL_BASELINE_NO_ENTITY_RANKING,,,NOT_APPLICABLE_GLOBAL_BASELINE,HF9g-P5,,,,X 全窗基线 · 不参与实体赏罚,8392738,840,A168_HF9F_20260827_0900,2026-08-27 09:00:00
2026-07-29,153619122,-1,1,130.0000000000,-11.5000000000,-11.5000000000,0.4615385,13,13,0.49943251538461538,0.499432515385,-0.27325808435446375,-0.2732580843572371,-0.27325808435446375,-3.8462E-13,SENTINEL_DEALER,R03b_20260811_FULL_v1,L1_ELIGIBILITY,v2026-08-11,2026-03-21..2026-08-06,baccarat_bet02_101_all_pairs_incl_sentinel,round_win = game_pnl > 0 (decisive only),COMPATIBILITY_ONLY_NOT_PRODUCTION,739.0000,719.0000,482.0000,36,36,-0.65223275,-0.65223275,,-0.65223275,-482.0000,739.0000,OK,0.0000,19.2800,4.0000,96.0000,AG03-UNRESOLVED,ALL5_LEVELS_bet23_to_bet27,19.2800,19.2800,19.2800,24.1000,24.1000,4.000000,4.000000,4.000000,5.000000,5.000000,96.000000,96.000000,96.000000,95.000000,95.000000,5.0,106.0400,97.1354,375.9600,384.8646,PENDING_AG03,FALSE,NOT_FOR_ENFORCEMENT,462.7200,690.2400,482.0000,462.7200,19.2800,0.65223275,0.62614344,19.2800,462.7200,0.62614344,19.2800,19.2800,19.2800,24.1000,24.1000,462.7200,0.62614344,106.0400,97.1354,375.9600,384.8646,0.50874154,0.52079105,0.02608931,20.5278,19.9722,13.3889,241.0000,16.0667,369.5000,18.0000,20.5278,,10.0,10.0,10.0,12.7,69.0001,296.0,10.0,-10.0,6.900005,29.6,2.052778,29,19,2,2,1.00000000,0.65223275,0.65223275,0E-8,0.000000,0.972936,0.000000,,2026-07-29,2026-07-31,2,30,30,3,0.666667,,1.000000,3.333333,,,,,,,,GLOBAL_BASELINE_NO_ENTITY_RANKING,,,NOT_APPLICABLE_GLOBAL_BASELINE,HF9g-P5,,,,X 全窗基线 · 不参与实体赏罚,8392739,840,A168_HF9F_20260827_0900,2026-08-27 09:00:00
2026-07-29,153619122,1383,0,13.0000000000,-13.0000000000,-13.0000000000,0E-7,1,1,0.50665070000000000,0.506650700000,-1.013391052207602,-1.013391052207602,-1.013391052207602,0E-17,ELIGIBLE,R03b_20260811_FULL_v1,L1_ELIGIBILITY,v2026-08-11,2026-03-21..2026-08-06,baccarat_bet02_101_all_pairs_incl_sentinel,round_win = game_pnl > 0 (decisive only),COMPATIBILITY_ONLY_NOT_PRODUCTION,739.0000,719.0000,482.0000,36,36,-0.65223275,-0.65223275,,-0.65223275,-482.0000,739.0000,OK,0.0000,19.2800,4.0000,96.0000,AG03-UNRESOLVED,ALL5_LEVELS_bet23_to_bet27,19.2800,19.2800,19.2800,24.1000,24.1000,4.000000,4.000000,4.000000,5.000000,5.000000,96.000000,96.000000,96.000000,95.000000,95.000000,5.0,106.0400,97.1354,375.9600,384.8646,PENDING_AG03,FALSE,NOT_FOR_ENFORCEMENT,462.7200,690.2400,482.0000,462.7200,19.2800,0.65223275,0.62614344,19.2800,462.7200,0.62614344,19.2800,19.2800,19.2800,24.1000,24.1000,462.7200,0.62614344,106.0400,97.1354,375.9600,384.8646,0.50874154,0.52079105,0.02608931,20.5278,19.9722,13.3889,241.0000,16.0667,369.5000,18.0000,20.5278,,10.0,10.0,10.0,12.7,69.0001,296.0,10.0,-10.0,6.900005,29.6,2.052778,29,19,2,2,1.00000000,0.65223275,0.65223275,0E-8,0.000000,0.972936,0.000000,,2026-07-29,2026-07-31,2,30,30,3,0.666667,,1.000000,3.333333,,,,,,,,GLOBAL_BASELINE_NO_ENTITY_RANKING,,,NOT_APPLICABLE_GLOBAL_BASELINE,HF9g-P5,,,,X 全窗基线 · 不参与实体赏罚,8392740,840,A168_HF9F_20260827_0900,2026-08-27 09:00:00
2026-07-29,153619122,1385,0,20.0000000000,0E-10,0E-10,0.5000000,2,2,0.49324550000000000,0.493245500000,0.01910635448239258,0.01910635448239258,0.01910635448239258,0E-17,ELIGIBLE,R03b_20260811_FULL_v1,L1_ELIGIBILITY,v2026-08-11,2026-03-21..2026-08-06,baccarat_bet02_101_all_pairs_incl_sentinel,round_win = game_pnl > 0 (decisive only),COMPATIBILITY_ONLY_NOT_PRODUCTION,739.0000,719.0000,482.0000,36,36,-0.65223275,-0.65223275,,-0.65223275,-482.0000,739.0000,OK,0.0000,19.2800,4.0000,96.0000,AG03-UNRESOLVED,ALL5_LEVELS_bet23_to_bet27,19.2800,19.2800,19.2800,24.1000,24.1000,4.000000,4.000000,4.000000,5.000000,5.000000,96.000000,96.000000,96.000000,95.000000,95.000000,5.0,106.0400,97.1354,375.9600,384.8646,PENDING_AG03,FALSE,NOT_FOR_ENFORCEMENT,462.7200,690.2400,482.0000,462.7200,19.2800,0.65223275,0.62614344,19.2800,462.7200,0.62614344,19.2800,19.2800,19.2800,24.1000,24.1000,462.7200,0.62614344,106.0400,97.1354,375.9600,384.8646,0.50874154,0.52079105,0.02608931,20.5278,19.9722,13.3889,241.0000,16.0667,369.5000,18.0000,20.5278,,10.0,10.0,10.0,12.7,69.0001,296.0,10.0,-10.0,6.900005,29.6,2.052778,29,19,2,2,1.00000000,0.65223275,0.65223275,0E-8,0.000000,0.972936,0.000000,,2026-07-29,2026-07-31,2,30,30,3,0.666667,,1.000000,3.333333,,,,,,,,GLOBAL_BASELINE_NO_ENTITY_RANKING,,,NOT_APPLICABLE_GLOBAL_BASELINE,HF9g-P5,,,,X 全窗基线 · 不参与实体赏罚,8392741,840,A168_HF9F_20260827_0900,2026-08-27 09:00:00
2026-07-29,153619122,1400,0,10.0000000000,10.0000000000,10.0000000000,1.0000000,1,1,0.49324550000000000,0.493245500000,1.01360149184955,1.01360149184955,1.01360149184955,0E-17,ELIGIBLE,R03b_20260811_FULL_v1,L1_ELIGIBILITY,v2026-08-11,2026-03-21..2026-08-06,baccarat_bet02_101_all_pairs_incl_sentinel,round_win = game_pnl > 0 (decisive only),COMPATIBILITY_ONLY_NOT_PRODUCTION,739.0000,719.0000,482.0000,36,36,-0.65223275,-0.65223275,,-0.65223275,-482.0000,739.0000,OK,0.0000,19.2800,4.0000,96.0000,AG03-UNRESOLVED,ALL5_LEVELS_bet23_to_bet27,19.2800,19.2800,19.2800,24.1000,24.1000,4.000000,4.000000,4.000000,5.000000,5.000000,96.000000,96.000000,96.000000,95.000000,95.000000,5.0,106.0400,97.1354,375.9600,384.8646,PENDING_AG03,FALSE,NOT_FOR_ENFORCEMENT,462.7200,690.2400,482.0000,462.7200,19.2800,0.65223275,0.62614344,19.2800,462.7200,0.62614344,19.2800,19.2800,19.2800,24.1000,24.1000,462.7200,0.62614344,106.0400,97.1354,375.9600,384.8646,0.50874154,0.52079105,0.02608931,20.5278,19.9722,13.3889,241.0000,16.0667,369.5000,18.0000,20.5278,,10.0,10.0,10.0,12.7,69.0001,296.0,10.0,-10.0,6.900005,29.6,2.052778,29,19,2,2,1.00000000,0.65223275,0.65223275,0E-8,0.000000,0.972936,0.000000,,2026-07-29,2026-07-31,2,30,30,3,0.666667,,1.000000,3.333333,,,,,,,,GLOBAL_BASELINE_NO_ENTITY_RANKING,,,NOT_APPLICABLE_GLOBAL_BASELINE,HF9g-P5,,,,X 全窗基线 · 不参与实体赏罚,8392742,840,A168_HF9F_20260827_0900,2026-08-27 09:00:00
2026-07-29,153619122,1405,0,10.0000000000,-10.0000000000,-10.0000000000,0E-7,1,1,0.49324550000000000,0.493245500000,-0.9865810262130424,-0.9865810262130424,-0.9865810262130424,0E-17,ELIGIBLE,R03b_20260811_FULL_v1,L1_ELIGIBILITY,v2026-08-11,2026-03-21..2026-08-06,baccarat_bet02_101_all_pairs_incl_sentinel,round_win = game_pnl > 0 (decisive only),COMPATIBILITY_ONLY_NOT_PRODUCTION,739.0000,719.0000,482.0000,36,36,-0.65223275,-0.65223275,,-0.65223275,-482.0000,739.0000,OK,0.0000,19.2800,4.0000,96.0000,AG03-UNRESOLVED,ALL5_LEVELS_bet23_to_bet27,19.2800,19.2800,19.2800,24.1000,24.1000,4.000000,4.000000,4.000000,5.000000,5.000000,96.000000,96.000000,96.000000,95.000000,95.000000,5.0,106.0400,97.1354,375.9600,384.8646,PENDING_AG03,FALSE,NOT_FOR_ENFORCEMENT,462.7200,690.2400,482.0000,462.7200,19.2800,0.65223275,0.62614344,19.2800,462.7200,0.62614344,19.2800,19.2800,19.2800,24.1000,24.1000,462.7200,0.62614344,106.0400,97.1354,375.9600,384.8646,0.50874154,0.52079105,0.02608931,20.5278,19.9722,13.3889,241.0000,16.0667,369.5000,18.0000,20.5278,,10.0,10.0,10.0,12.7,69.0001,296.0,10.0,-10.0,6.900005,29.6,2.052778,29,19,2,2,1.00000000,0.65223275,0.65223275,0E-8,0.000000,0.972936,0.000000,,2026-07-29,2026-07-31,2,30,30,3,0.666667,,1.000000,3.333333,,,,,,,,GLOBAL_BASELINE_NO_ENTITY_RANKING,,,NOT_APPLICABLE_GLOBAL_BASELINE,HF9g-P5,,,,X 全窗基线 · 不参与实体赏罚,8392743,840,A168_HF9F_20260827_0900,2026-08-27 09:00:00
2026-07-29,153619122,1507,0,10.0000000000,9.5000000000,9.5000000000,1.0000000,1,1,0.50665070000000000,0.506650700000,0.9867858985152569,0.9867858985152569,0.9867858985152569,0E-17,ELIGIBLE,R03b_20260811_FULL_v1,L1_ELIGIBILITY,v2026-08-11,2026-03-21..2026-08-06,baccarat_bet02_101_all_pairs_incl_sentinel,round_win = game_pnl > 0 (decisive only),COMPATIBILITY_ONLY_NOT_PRODUCTION,739.0000,719.0000,482.0000,36,36,-0.65223275,-0.65223275,,-0.65223275,-482.0000,739.0000,OK,0.0000,19.2800,4.0000,96.0000,AG03-UNRESOLVED,ALL5_LEVELS_bet23_to_bet27,19.2800,19.2800,19.2800,24.1000,24.1000,4.000000,4.000000,4.000000,5.000000,5.000000,96.000000,96.000000,96.000000,95.000000,95.000000,5.0,106.0400,97.1354,375.9600,384.8646,PENDING_AG03,FALSE,NOT_FOR_ENFORCEMENT,462.7200,690.2400,482.0000,462.7200,19.2800,0.65223275,0.62614344,19.2800,462.7200,0.62614344,19.2800,19.2800,19.2800,24.1000,24.1000,462.7200,0.62614344,106.0400,97.1354,375.9600,384.8646,0.50874154,0.52079105,0.02608931,20.5278,19.9722,13.3889,241.0000,16.0667,369.5000,18.0000,20.5278,,10.0,10.0,10.0,12.7,69.0001,296.0,10.0,-10.0,6.900005,29.6,2.052778,29,19,2,2,1.00000000,0.65223275,0.65223275,0E-8,0.000000,0.972936,0.000000,,2026-07-29,2026-07-31,2,30,30,3,0.666667,,1.000000,3.333333,,,,,,,,GLOBAL_BASELINE_NO_ENTITY_RANKING,,,NOT_APPLICABLE_GLOBAL_BASELINE,HF9g-P5,,,,X 全窗基线 · 不参与实体赏罚,8392744,840,A168_HF9F_20260827_0900,2026-08-27 09:00:00
2026-07-29,153619122,1654,0,10.0000000000,-10.0000000000,-10.0000000000,0E-7,1,1,0.49324550000000000,0.493245500000,-0.9865810262130424,-0.9865810262130424,-0.9865810262130424,0E-17,ELIGIBLE,R03b_20260811_FULL_v1,L1_ELIGIBILITY,v2026-08-11,2026-03-21..2026-08-06,baccarat_bet02_101_all_pairs_incl_sentinel,round_win = game_pnl > 0 (decisive only),COMPATIBILITY_ONLY_NOT_PRODUCTION,739.0000,719.0000,482.0000,36,36,-0.65223275,-0.65223275,,-0.65223275,-482.0000,739.0000,OK,0.0000,19.2800,4.0000,96.0000,AG03-UNRESOLVED,ALL5_LEVELS_bet23_to_bet27,19.2800,19.2800,19.2800,24.1000,24.1000,4.000000,4.000000,4.000000,5.000000,5.000000,96.000000,96.000000,96.000000,95.000000,95.000000,5.0,106.0400,97.1354,375.9600,384.8646,PENDING_AG03,FALSE,NOT_FOR_ENFORCEMENT,462.7200,690.2400,482.0000,462.7200,19.2800,0.65223275,0.62614344,19.2800,462.7200,0.62614344,19.2800,19.2800,19.2800,24.1000,24.1000,462.7200,0.62614344,106.0400,97.1354,375.9600,384.8646,0.50874154,0.52079105,0.02608931,20.5278,19.9722,13.3889,241.0000,16.0667,369.5000,18.0000,20.5278,,10.0,10.0,10.0,12.7,69.0001,296.0,10.0,-10.0,6.900005,29.6,2.052778,29,19,2,2,1.00000000,0.65223275,0.65223275,0E-8,0.000000,0.972936,0.000000,,2026-07-29,2026-07-31,2,30,30,3,0.666667,,1.000000,3.333333,,,,,,,,GLOBAL_BASELINE_NO_ENTITY_RANKING,,,NOT_APPLICABLE_GLOBAL_BASELINE,HF9g-P5,,,,X 全窗基线 · 不参与实体赏罚,8392745,840,A168_HF9F_20260827_0900,2026-08-27 09:00:00
2026-07-29,153619122,1935,0,30.0000000000,-10.0000000000,-10.0000000000,0E-7,2,2,0.49994810000000000,0.499948100000,-0.9998962053866608,-0.9998962053866608,-0.9998962053866608,0E-17,ELIGIBLE,R03b_20260811_FULL_v1,L1_ELIGIBILITY,v2026-08-11,2026-03-21..2026-08-06,baccarat_bet02_101_all_pairs_incl_sentinel,round_win = game_pnl > 0 (decisive only),COMPATIBILITY_ONLY_NOT_PRODUCTION,739.0000,719.0000,482.0000,36,36,-0.65223275,-0.65223275,,-0.65223275,-482.0000,739.0000,OK,0.0000,19.2800,4.0000,96.0000,AG03-UNRESOLVED,ALL5_LEVELS_bet23_to_bet27,19.2800,19.2800,19.2800,24.1000,24.1000,4.000000,4.000000,4.000000,5.000000,5.000000,96.000000,96.000000,96.000000,95.000000,95.000000,5.0,106.0400,97.1354,375.9600,384.8646,PENDING_AG03,FALSE,NOT_FOR_ENFORCEMENT,462.7200,690.2400,482.0000,462.7200,19.2800,0.65223275,0.62614344,19.2800,462.7200,0.62614344,19.2800,19.2800,19.2800,24.1000,24.1000,462.7200,0.62614344,106.0400,97.1354,375.9600,384.8646,0.50874154,0.52079105,0.02608931,20.5278,19.9722,13.3889,241.0000,16.0667,369.5000,18.0000,20.5278,,10.0,10.0,10.0,12.7,69.0001,296.0,10.0,-10.0,6.900005,29.6,2.052778,29,19,2,2,1.00000000,0.65223275,0.65223275,0E-8,0.000000,0.972936,0.000000,,2026-07-29,2026-07-31,2,30,30,3,0.666667,,1.000000,3.333333,,,,,,,,GLOBAL_BASELINE_NO_ENTITY_RANKING,,,NOT_APPLICABLE_GLOBAL_BASELINE,HF9g-P5,,,,X 全窗基线 · 不参与实体赏罚,8392746,840,A168_HF9F_20260827_0900,2026-08-27 09:00:00
2026-07-29,153619122,1947,0,100.0000000000,-100.0000000000,-100.0000000000,0E-7,2,2,0.50665070000000000,0.506650700000,-1.4331513700195317,-1.4331513700195317,-1.4331513700195317,0E-17,ELIGIBLE,R03b_20260811_FULL_v1,L1_ELIGIBILITY,v2026-08-11,2026-03-21..2026-08-06,baccarat_bet02_101_all_pairs_incl_sentinel,round_win = game_pnl > 0 (decisive only),COMPATIBILITY_ONLY_NOT_PRODUCTION,739.0000,719.0000,482.0000,36,36,-0.65223275,-0.65223275,,-0.65223275,-482.0000,739.0000,OK,0.0000,19.2800,4.0000,96.0000,AG03-UNRESOLVED,ALL5_LEVELS_bet23_to_bet27,19.2800,19.2800,19.2800,24.1000,24.1000,4.000000,4.000000,4.000000,5.000000,5.000000,96.000000,96.000000,96.000000,95.000000,95.000000,5.0,106.0400,97.1354,375.9600,384.8646,PENDING_AG03,FALSE,NOT_FOR_ENFORCEMENT,462.7200,690.2400,482.0000,462.7200,19.2800,0.65223275,0.62614344,19.2800,462.7200,0.62614344,19.2800,19.2800,19.2800,24.1000,24.1000,462.7200,0.62614344,106.0400,97.1354,375.9600,384.8646,0.50874154,0.52079105,0.02608931,20.5278,19.9722,13.3889,241.0000,16.0667,369.5000,18.0000,20.5278,,10.0,10.0,10.0,12.7,69.0001,296.0,10.0,-10.0,6.900005,29.6,2.052778,29,19,2,2,1.00000000,0.65223275,0.65223275,0E-8,0.000000,0.972936,0.000000,,2026-07-29,2026-07-31,2,30,30,3,0.666667,,1.000000,3.333333,,,,,,,,GLOBAL_BASELINE_NO_ENTITY_RANKING,,,NOT_APPLICABLE_GLOBAL_BASELINE,HF9g-P5,,,,X 全窗基线 · 不参与实体赏罚,8392747,840,A168_HF9F_20260827_0900,2026-08-27 09:00:00
2026-07-29,153619122,2127,0,10.0000000000,-10.0000000000,-10.0000000000,0E-7,1,1,0.49324550000000000,0.493245500000,-0.9865810262130424,-0.9865810262130424,-0.9865810262130424,0E-17,ELIGIBLE,R03b_20260811_FULL_v1,L1_ELIGIBILITY,v2026-08-11,2026-03-21..2026-08-06,baccarat_bet02_101_all_pairs_incl_sentinel,round_win = game_pnl > 0 (decisive only),COMPATIBILITY_ONLY_NOT_PRODUCTION,739.0000,719.0000,482.0000,36,36,-0.65223275,-0.65223275,,-0.65223275,-482.0000,739.0000,OK,0.0000,19.2800,4.0000,96.0000,AG03-UNRESOLVED,ALL5_LEVELS_bet23_to_bet27,19.2800,19.2800,19.2800,24.1000,24.1000,4.000000,4.000000,4.000000,5.000000,5.000000,96.000000,96.000000,96.000000,95.000000,95.000000,5.0,106.0400,97.1354,375.9600,384.8646,PENDING_AG03,FALSE,NOT_FOR_ENFORCEMENT,462.7200,690.2400,482.0000,462.7200,19.2800,0.65223275,0.62614344,19.2800,462.7200,0.62614344,19.2800,19.2800,19.2800,24.1000,24.1000,462.7200,0.62614344,106.0400,97.1354,375.9600,384.8646,0.50874154,0.52079105,0.02608931,20.5278,19.9722,13.3889,241.0000,16.0667,369.5000,18.0000,20.5278,,10.0,10.0,10.0,12.7,69.0001,296.0,10.0,-10.0,6.900005,29.6,2.052778,29,19,2,2,1.00000000,0.65223275,0.65223275,0E-8,0.000000,0.972936,0.000000,,2026-07-29,2026-07-31,2,30,30,3,0.666667,,1.000000,3.333333,,,,,,,,GLOBAL_BASELINE_NO_ENTITY_RANKING,,,NOT_APPLICABLE_GLOBAL_BASELINE,HF9g-P5,,,,X 全窗基线 · 不参与实体赏罚,8392748,840,A168_HF9F_20260827_0900,2026-08-27 09:00:00
2026-07-29,153619122,2145,0,10.0000000000,-10.0000000000,-10.0000000000,0E-7,1,1,0.50665070000000000,0.506650700000,-1.013391052207602,-1.013391052207602,-1.013391052207602,0E-17,ELIGIBLE,R03b_20260811_FULL_v1,L1_ELIGIBILITY,v2026-08-11,2026-03-21..2026-08-06,baccarat_bet02_101_all_pairs_incl_sentinel,round_win = game_pnl > 0 (decisive only),COMPATIBILITY_ONLY_NOT_PRODUCTION,739.0000,719.0000,482.0000,36,36,-0.65223275,-0.65223275,,-0.65223275,-482.0000,739.0000,OK,0.0000,19.2800,4.0000,96.0000,AG03-UNRESOLVED,ALL5_LEVELS_bet23_to_bet27,19.2800,19.2800,19.2800,24.1000,24.1000,4.000000,4.000000,4.000000,5.000000,5.000000,96.000000,96.000000,96.000000,95.000000,95.000000,5.0,106.0400,97.1354,375.9600,384.8646,PENDING_AG03,FALSE,NOT_FOR_ENFORCEMENT,462.7200,690.2400,482.0000,462.7200,19.2800,0.65223275,0.62614344,19.2800,462.7200,0.62614344,19.2800,19.2800,19.2800,24.1000,24.1000,462.7200,0.62614344,106.0400,97.1354,375.9600,384.8646,0.50874154,0.52079105,0.02608931,20.5278,19.9722,13.3889,241.0000,16.0667,369.5000,18.0000,20.5278,,10.0,10.0,10.0,12.7,69.0001,296.0,10.0,-10.0,6.900005,29.6,2.052778,29,19,2,2,1.00000000,0.65223275,0.65223275,0E-8,0.000000,0.972936,0.000000,,2026-07-29,2026-07-31,2,30,30,3,0.666667,,1.000000,3.333333,,,,,,,,GLOBAL_BASELINE_NO_ENTITY_RANKING,,,NOT_APPLICABLE_GLOBAL_BASELINE,HF9g-P5,,,,X 全窗基线 · 不参与实体赏罚,8392749,840,A168_HF9F_20260827_0900,2026-08-27 09:00:00
2026-07-29,153619122,2196,0,10.0000000000,-10.0000000000,-10.0000000000,0E-7,1,1,0.50665070000000000,0.506650700000,-1.013391052207602,-1.013391052207602,-1.013391052207602,0E-17,ELIGIBLE,R03b_20260811_FULL_v1,L1_ELIGIBILITY,v2026-08-11,2026-03-21..2026-08-06,baccarat_bet02_101_all_pairs_incl_sentinel,round_win = game_pnl > 0 (decisive only),COMPATIBILITY_ONLY_NOT_PRODUCTION,739.0000,719.0000,482.0000,36,36,-0.65223275,-0.65223275,,-0.65223275,-482.0000,739.0000,OK,0.0000,19.2800,4.0000,96.0000,AG03-UNRESOLVED,ALL5_LEVELS_bet23_to_bet27,19.2800,19.2800,19.2800,24.1000,24.1000,4.000000,4.000000,4.000000,5.000000,5.000000,96.000000,96.000000,96.000000,95.000000,95.000000,5.0,106.0400,97.1354,375.9600,384.8646,PENDING_AG03,FALSE,NOT_FOR_ENFORCEMENT,462.7200,690.2400,482.0000,462.7200,19.2800,0.65223275,0.62614344,19.2800,462.7200,0.62614344,19.2800,19.2800,19.2800,24.1000,24.1000,462.7200,0.62614344,106.0400,97.1354,375.9600,384.8646,0.50874154,0.52079105,0.02608931,20.5278,19.9722,13.3889,241.0000,16.0667,369.5000,18.0000,20.5278,,10.0,10.0,10.0,12.7,69.0001,296.0,10.0,-10.0,6.900005,29.6,2.052778,29,19,2,2,1.00000000,0.65223275,0.65223275,0E-8,0.000000,0.972936,0.000000,,2026-07-29,2026-07-31,2,30,30,3,0.666667,,1.000000,3.333333,,,,,,,,GLOBAL_BASELINE_NO_ENTITY_RANKING,,,NOT_APPLICABLE_GLOBAL_BASELINE,HF9g-P5,,,,X 全窗基线 · 不参与实体赏罚,8392750,840,A168_HF9F_20260827_0900,2026-08-27 09:00:00
2026-07-29,153619122,2223,0,10.0000000000,9.5000000000,9.5000000000,1.0000000,1,1,0.50665070000000000,0.506650700000,0.9867858985152569,0.9867858985152569,0.9867858985152569,0E-17,ELIGIBLE,R03b_20260811_FULL_v1,L1_ELIGIBILITY,v2026-08-11,2026-03-21..2026-08-06,baccarat_bet02_101_all_pairs_incl_sentinel,round_win = game_pnl > 0 (decisive only),COMPATIBILITY_ONLY_NOT_PRODUCTION,739.0000,719.0000,482.0000,36,36,-0.65223275,-0.65223275,,-0.65223275,-482.0000,739.0000,OK,0.0000,19.2800,4.0000,96.0000,AG03-UNRESOLVED,ALL5_LEVELS_bet23_to_bet27,19.2800,19.2800,19.2800,24.1000,24.1000,4.000000,4.000000,4.000000,5.000000,5.000000,96.000000,96.000000,96.000000,95.000000,95.000000,5.0,106.0400,97.1354,375.9600,384.8646,PENDING_AG03,FALSE,NOT_FOR_ENFORCEMENT,462.7200,690.2400,482.0000,462.7200,19.2800,0.65223275,0.62614344,19.2800,462.7200,0.62614344,19.2800,19.2800,19.2800,24.1000,24.1000,462.7200,0.62614344,106.0400,97.1354,375.9600,384.8646,0.50874154,0.52079105,0.02608931,20.5278,19.9722,13.3889,241.0000,16.0667,369.5000,18.0000,20.5278,,10.0,10.0,10.0,12.7,69.0001,296.0,10.0,-10.0,6.900005,29.6,2.052778,29,19,2,2,1.00000000,0.65223275,0.65223275,0E-8,0.000000,0.972936,0.000000,,2026-07-29,2026-07-31,2,30,30,3,0.666667,,1.000000,3.333333,,,,,,,,GLOBAL_BASELINE_NO_ENTITY_RANKING,,,NOT_APPLICABLE_GLOBAL_BASELINE,HF9g-P5,,,,X 全窗基线 · 不参与实体赏罚,8392751,840,A168_HF9F_20260827_0900,2026-08-27 09:00:00
2026-07-29,153619122,2239,0,10.0000000000,-10.0000000000,-10.0000000000,0E-7,1,1,0.50665070000000000,0.506650700000,-1.013391052207602,-1.013391052207602,-1.013391052207602,0E-17,ELIGIBLE,R03b_20260811_FULL_v1,L1_ELIGIBILITY,v2026-08-11,2026-03-21..2026-08-06,baccarat_bet02_101_all_pairs_incl_sentinel,round_win = game_pnl > 0 (decisive only),COMPATIBILITY_ONLY_NOT_PRODUCTION,739.0000,719.0000,482.0000,36,36,-0.65223275,-0.65223275,,-0.65223275,-482.0000,739.0000,OK,0.0000,19.2800,4.0000,96.0000,AG03-UNRESOLVED,ALL5_LEVELS_bet23_to_bet27,19.2800,19.2800,19.2800,24.1000,24.1000,4.000000,4.000000,4.000000,5.000000,5.000000,96.000000,96.000000,96.000000,95.000000,95.000000,5.0,106.0400,97.1354,375.9600,384.8646,PENDING_AG03,FALSE,NOT_FOR_ENFORCEMENT,462.7200,690.2400,482.0000,462.7200,19.2800,0.65223275,0.62614344,19.2800,462.7200,0.62614344,19.2800,19.2800,19.2800,24.1000,24.1000,462.7200,0.62614344,106.0400,97.1354,375.9600,384.8646,0.50874154,0.52079105,0.02608931,20.5278,19.9722,13.3889,241.0000,16.0667,369.5000,18.0000,20.5278,,10.0,10.0,10.0,12.7,69.0001,296.0,10.0,-10.0,6.900005,29.6,2.052778,29,19,2,2,1.00000000,0.65223275,0.65223275,0E-8,0.000000,0.972936,0.000000,,2026-07-29,2026-07-31,2,30,30,3,0.666667,,1.000000,3.333333,,,,,,,,GLOBAL_BASELINE_NO_ENTITY_RANKING,,,NOT_APPLICABLE_GLOBAL_BASELINE,HF9g-P5,,,,X 全窗基线 · 不参与实体赏罚,8392752,840,A168_HF9F_20260827_0900,2026-08-27 09:00:00
2026-07-29,153619122,2266,0,20.0000000000,-20.0000000000,-20.0000000000,0E-7,2,2,0.49994810000000000,0.499948100000,-1.4140667746232096,-1.4140667746232096,-1.4140667746232096,0E-17,ELIGIBLE,R03b_20260811_FULL_v1,L1_ELIGIBILITY,v2026-08-11,2026-03-21..2026-08-06,baccarat_bet02_101_all_pairs_incl_sentinel,round_win = game_pnl > 0 (decisive only),COMPATIBILITY_ONLY_NOT_PRODUCTION,739.0000,719.0000,482.0000,36,36,-0.65223275,-0.65223275,,-0.65223275,-482.0000,739.0000,OK,0.0000,19.2800,4.0000,96.0000,AG03-UNRESOLVED,ALL5_LEVELS_bet23_to_bet27,19.2800,19.2800,19.2800,24.1000,24.1000,4.000000,4.000000,4.000000,5.000000,5.000000,96.000000,96.000000,96.000000,95.000000,95.000000,5.0,106.0400,97.1354,375.9600,384.8646,PENDING_AG03,FALSE,NOT_FOR_ENFORCEMENT,462.7200,690.2400,482.0000,462.7200,19.2800,0.65223275,0.62614344,19.2800,462.7200,0.62614344,19.2800,19.2800,19.2800,24.1000,24.1000,462.7200,0.62614344,106.0400,97.1354,375.9600,384.8646,0.50874154,0.52079105,0.02608931,20.5278,19.9722,13.3889,241.0000,16.0667,369.5000,18.0000,20.5278,,10.0,10.0,10.0,12.7,69.0001,296.0,10.0,-10.0,6.900005,29.6,2.052778,29,19,2,2,1.00000000,0.65223275,0.65223275,0E-8,0.000000,0.972936,0.000000,,2026-07-29,2026-07-31,2,30,30,3,0.666667,,1.000000,3.333333,,,,,,,,GLOBAL_BASELINE_NO_ENTITY_RANKING,,,NOT_APPLICABLE_GLOBAL_BASELINE,HF9g-P5,,,,X 全窗基线 · 不参与实体赏罚,8392753,840,A168_HF9F_20260827_0900,2026-08-27 09:00:00
2026-07-29,153619122,2280,0,20.0000000000,0E-10,0E-10,0.5000000,2,2,0.49324550000000000,0.493245500000,0.01910635448239258,0.01910635448239258,0.01910635448239258,0E-17,ELIGIBLE,R03b_20260811_FULL_v1,L1_ELIGIBILITY,v2026-08-11,2026-03-21..2026-08-06,baccarat_bet02_101_all_pairs_incl_sentinel,round_win = game_pnl > 0 (decisive only),COMPATIBILITY_ONLY_NOT_PRODUCTION,739.0000,719.0000,482.0000,36,36,-0.65223275,-0.65223275,,-0.65223275,-482.0000,739.0000,OK,0.0000,19.2800,4.0000,96.0000,AG03-UNRESOLVED,ALL5_LEVELS_bet23_to_bet27,19.2800,19.2800,19.2800,24.1000,24.1000,4.000000,4.000000,4.000000,5.000000,5.000000,96.000000,96.000000,96.000000,95.000000,95.000000,5.0,106.0400,97.1354,375.9600,384.8646,PENDING_AG03,FALSE,NOT_FOR_ENFORCEMENT,462.7200,690.2400,482.0000,462.7200,19.2800,0.65223275,0.62614344,19.2800,462.7200,0.62614344,19.2800,19.2800,19.2800,24.1000,24.1000,462.7200,0.62614344,106.0400,97.1354,375.9600,384.8646,0.50874154,0.52079105,0.02608931,20.5278,19.9722,13.3889,241.0000,16.0667,369.5000,18.0000,20.5278,,10.0,10.0,10.0,12.7,69.0001,296.0,10.0,-10.0,6.900005,29.6,2.052778,29,19,2,2,1.00000000,0.65223275,0.65223275,0E-8,0.000000,0.972936,0.000000,,2026-07-29,2026-07-31,2,30,30,3,0.666667,,1.000000,3.333333,,,,,,,,GLOBAL_BASELINE_NO_ENTITY_RANKING,,,NOT_APPLICABLE_GLOBAL_BASELINE,HF9g-P5,,,,X 全窗基线 · 不参与实体赏罚,8392754,840,A168_HF9F_20260827_0900,2026-08-27 09:00:00
2026-07-29,153619122,763,0,10.0000000000,9.5000000000,9.5000000000,1.0000000,1,1,0.50665070000000000,0.506650700000,0.9867858985152569,0.9867858985152569,0.9867858985152569,0E-17,ELIGIBLE,R03b_20260811_FULL_v1,L1_ELIGIBILITY,v2026-08-11,2026-03-21..2026-08-06,baccarat_bet02_101_all_pairs_incl_sentinel,round_win = game_pnl > 0 (decisive only),COMPATIBILITY_ONLY_NOT_PRODUCTION,739.0000,719.0000,482.0000,36,36,-0.65223275,-0.65223275,,-0.65223275,-482.0000,739.0000,OK,0.0000,19.2800,4.0000,96.0000,AG03-UNRESOLVED,ALL5_LEVELS_bet23_to_bet27,19.2800,19.2800,19.2800,24.1000,24.1000,4.000000,4.000000,4.000000,5.000000,5.000000,96.000000,96.000000,96.000000,95.000000,95.000000,5.0,106.0400,97.1354,375.9600,384.8646,PENDING_AG03,FALSE,NOT_FOR_ENFORCEMENT,462.7200,690.2400,482.0000,462.7200,19.2800,0.65223275,0.62614344,19.2800,462.7200,0.62614344,19.2800,19.2800,19.2800,24.1000,24.1000,462.7200,0.62614344,106.0400,97.1354,375.9600,384.8646,0.50874154,0.52079105,0.02608931,20.5278,19.9722,13.3889,241.0000,16.0667,369.5000,18.0000,20.5278,,10.0,10.0,10.0,12.7,69.0001,296.0,10.0,-10.0,6.900005,29.6,2.052778,29,19,2,2,1.00000000,0.65223275,0.65223275,0E-8,0.000000,0.972936,0.000000,,2026-07-29,2026-07-31,2,30,30,3,0.666667,,1.000000,3.333333,,,,,,,,GLOBAL_BASELINE_NO_ENTITY_RANKING,,,NOT_APPLICABLE_GLOBAL_BASELINE,HF9g-P5,,,,X 全窗基线 · 不参与实体赏罚,8392755,840,A168_HF9F_20260827_0900,2026-08-27 09:00:00
2026-07-29,153619122,993,0,10.0000000000,-10.0000000000,-10.0000000000,0E-7,1,1,0.50665070000000000,0.506650700000,-1.013391052207602,-1.013391052207602,-1.013391052207602,0E-17,ELIGIBLE,R03b_20260811_FULL_v1,L1_ELIGIBILITY,v2026-08-11,2026-03-21..2026-08-06,baccarat_bet02_101_all_pairs_incl_sentinel,round_win = game_pnl > 0 (decisive only),COMPATIBILITY_ONLY_NOT_PRODUCTION,739.0000,719.0000,482.0000,36,36,-0.65223275,-0.65223275,,-0.65223275,-482.0000,739.0000,OK,0.0000,19.2800,4.0000,96.0000,AG03-UNRESOLVED,ALL5_LEVELS_bet23_to_bet27,19.2800,19.2800,19.2800,24.1000,24.1000,4.000000,4.000000,4.000000,5.000000,5.000000,96.000000,96.000000,96.000000,95.000000,95.000000,5.0,106.0400,97.1354,375.9600,384.8646,PENDING_AG03,FALSE,NOT_FOR_ENFORCEMENT,462.7200,690.2400,482.0000,462.7200,19.2800,0.65223275,0.62614344,19.2800,462.7200,0.62614344,19.2800,19.2800,19.2800,24.1000,24.1000,462.7200,0.62614344,106.0400,97.1354,375.9600,384.8646,0.50874154,0.52079105,0.02608931,20.5278,19.9722,13.3889,241.0000,16.0667,369.5000,18.0000,20.5278,,10.0,10.0,10.0,12.7,69.0001,296.0,10.0,-10.0,6.900005,29.6,2.052778,29,19,2,2,1.00000000,0.65223275,0.65223275,0E-8,0.000000,0.972936,0.000000,,2026-07-29,2026-07-31,2,30,30,3,0.666667,,1.000000,3.333333,,,,,,,,GLOBAL_BASELINE_NO_ENTITY_RANKING,,,NOT_APPLICABLE_GLOBAL_BASELINE,HF9g-P5,,,,X 全窗基线 · 不参与实体赏罚,8392756,840,A168_HF9F_20260827_0900,2026-08-27 09:00:00
2026-07-31,153619122,1331,0,296.0000000000,-296.0000000000,-296.0000000000,0E-7,1,1,0.50665070000000000,0.506650700000,-1.013391052207602,-1.013391052207602,-1.013391052207602,0E-17,ELIGIBLE,R03b_20260811_FULL_v1,L1_ELIGIBILITY,v2026-08-11,2026-03-21..2026-08-06,baccarat_bet02_101_all_pairs_incl_sentinel,round_win = game_pnl > 0 (decisive only),COMPATIBILITY_ONLY_NOT_PRODUCTION,739.0000,719.0000,482.0000,36,36,-0.65223275,-0.65223275,,-0.65223275,-482.0000,739.0000,OK,0.0000,19.2800,4.0000,96.0000,AG03-UNRESOLVED,ALL5_LEVELS_bet23_to_bet27,19.2800,19.2800,19.2800,24.1000,24.1000,4.000000,4.000000,4.000000,5.000000,5.000000,96.000000,96.000000,96.000000,95.000000,95.000000,5.0,106.0400,97.1354,375.9600,384.8646,PENDING_AG03,FALSE,NOT_FOR_ENFORCEMENT,462.7200,690.2400,482.0000,462.7200,19.2800,0.65223275,0.62614344,19.2800,462.7200,0.62614344,19.2800,19.2800,19.2800,24.1000,24.1000,462.7200,0.62614344,106.0400,97.1354,375.9600,384.8646,0.50874154,0.52079105,0.02608931,20.5278,19.9722,13.3889,241.0000,16.0667,369.5000,18.0000,20.5278,,10.0,10.0,10.0,12.7,69.0001,296.0,10.0,-10.0,6.900005,29.6,2.052778,29,19,2,2,1.00000000,0.65223275,0.65223275,0E-8,0.000000,0.972936,0.000000,,2026-07-29,2026-07-31,2,30,30,3,0.666667,,1.000000,3.333333,,,,,,,,GLOBAL_BASELINE_NO_ENTITY_RANKING,,,NOT_APPLICABLE_GLOBAL_BASELINE,HF9g-P5,,,,X 全窗基线 · 不参与实体赏罚,8392757,840,A168_HF9F_20260827_0900,2026-08-27 09:00:00
2026-03-23,139044426,-1,1,91.5573554011,-19.8080816974,-19.8080816974,0.3333333,9,3,0.46572804912226043,0.197889300000,-0.4597099401248122,0.5888330720089143,-0.4597099401248122,0.26783874912226043,SENTINEL_DEALER,R03b_20260811_FULL_v1,L1_ELIGIBILITY,v2026-08-11,2026-03-21..2026-08-06,baccarat_bet02_101_all_pairs_incl_sentinel,round_win = game_pnl > 0 (decisive only),COMPATIBILITY_ONLY_NOT_PRODUCTION,23832.9440,21131.1758,482.0073,867,280,-0.02022441,,-0.02022441,-0.02022441,-482.0073,23832.9440,OK,0.0000,19.2803,4.0000,96.0000,AG03-UNRESOLVED,ALL5_LEVELS_bet23_to_bet27,19.2803,19.2803,19.2803,24.1004,24.1004,4.000000,4.000000,4.000000,5.000000,5.000000,96.000000,96.000000,96.000000,95.000000,95.000000,5.0,106.0416,97.1369,375.9657,384.8704,PENDING_AG03,FALSE,NOT_FOR_ENFORCEMENT,462.7270,20285.9288,482.0073,462.7270,19.2803,0.02022441,0.01941544,19.2803,462.7270,0.01941544,19.2803,19.2803,19.2803,24.1004,24.1004,462.7270,0.01941544,106.0416,97.1369,375.9657,384.8704,0.01577504,0.01614867,0.00080898,27.4890,75.4685,1.7215,53.5564,4.3819,2648.1049,31.1111,,27.4890,2.2009,6.3019,33.6099,84.0248,119.5086,262.0623,4.4018,-4.2012,18.964023,41.584918,4.362043,30,61,8,8,0E-8,0.02022441,,0E-8,0.000000,0.886637,0.000000,,2026-03-23,2026-05-10,9,110,75,49,0.183674,,,0.000000,,,,,,,,GLOBAL_BASELINE_NO_ENTITY_RANKING,,,NOT_APPLICABLE_GLOBAL_BASELINE,HF9g-P5,,,,X 全窗基线 · 不参与实体赏罚,8392758,840,A168_HF9F_20260827_0900,2026-08-27 09:00:00
2026-03-23,139044426,1291,0,79.2323267894,-79.2323267894,-79.2323267894,0E-7,3,1,0.49463490555540390,0.218271633333,-0.9893267667853008,-0.5284096173047961,-0.9893267667853008,0.27636327222240390,ELIGIBLE,R03b_20260811_FULL_v1,L1_ELIGIBILITY,v2026-08-11,2026-03-21..2026-08-06,baccarat_bet02_101_all_pairs_incl_sentinel,round_win = game_pnl > 0 (decisive only),COMPATIBILITY_ONLY_NOT_PRODUCTION,23832.9440,21131.1758,482.0073,867,280,-0.02022441,,-0.02022441,-0.02022441,-482.0073,23832.9440,OK,0.0000,19.2803,4.0000,96.0000,AG03-UNRESOLVED,ALL5_LEVELS_bet23_to_bet27,19.2803,19.2803,19.2803,24.1004,24.1004,4.000000,4.000000,4.000000,5.000000,5.000000,96.000000,96.000000,96.000000,95.000000,95.000000,5.0,106.0416,97.1369,375.9657,384.8704,PENDING_AG03,FALSE,NOT_FOR_ENFORCEMENT,462.7270,20285.9288,482.0073,462.7270,19.2803,0.02022441,0.01941544,19.2803,462.7270,0.01941544,19.2803,19.2803,19.2803,24.1004,24.1004,462.7270,0.01941544,106.0416,97.1369,375.9657,384.8704,0.01577504,0.01614867,0.00080898,27.4890,75.4685,1.7215,53.5564,4.3819,2648.1049,31.1111,,27.4890,2.2009,6.3019,33.6099,84.0248,119.5086,262.0623,4.4018,-4.2012,18.964023,41.584918,4.362043,30,61,8,8,0E-8,0.02022441,,0E-8,0.000000,0.886637,0.000000,,2026-03-23,2026-05-10,9,110,75,49,0.183674,,,0.000000,,,,,,,,GLOBAL_BASELINE_NO_ENTITY_RANKING,,,NOT_APPLICABLE_GLOBAL_BASELINE,HF9g-P5,,,,X 全窗基线 · 不参与实体赏罚,8392759,840,A168_HF9F_20260827_0900,2026-08-27 09:00:00
2026-03-23,139044426,919,0,44.0179593274,-44.0179593274,-44.0179593274,0E-7,1,1,0.49324550000000000,0.493245500000,-0.9865810262130424,-0.9865810262130424,-0.9865810262130424,0E-17,ELIGIBLE,R03b_20260811_FULL_v1,L1_ELIGIBILITY,v2026-08-11,2026-03-21..2026-08-06,baccarat_bet02_101_all_pairs_incl_sentinel,round_win = game_pnl > 0 (decisive only),COMPATIBILITY_ONLY_NOT_PRODUCTION,23832.9440,21131.1758,482.0073,867,280,-0.02022441,,-0.02022441,-0.02022441,-482.0073,23832.9440,OK,0.0000,19.2803,4.0000,96.0000,AG03-UNRESOLVED,ALL5_LEVELS_bet23_to_bet27,19.2803,19.2803,19.2803,24.1004,24.1004,4.000000,4.000000,4.000000,5.000000,5.000000,96.000000,96.000000,96.000000,95.000000,95.000000,5.0,106.0416,97.1369,375.9657,384.8704,PENDING_AG03,FALSE,NOT_FOR_ENFORCEMENT,462.7270,20285.9288,482.0073,462.7270,19.2803,0.02022441,0.01941544,19.2803,462.7270,0.01941544,19.2803,19.2803,19.2803,24.1004,24.1004,462.7270,0.01941544,106.0416,97.1369,375.9657,384.8704,0.01577504,0.01614867,0.00080898,27.4890,75.4685,1.7215,53.5564,4.3819,2648.1049,31.1111,,27.4890,2.2009,6.3019,33.6099,84.0248,119.5086,262.0623,4.4018,-4.2012,18.964023,41.584918,4.362043,30,61,8,8,0E-8,0.02022441,,0E-8,0.000000,0.886637,0.000000,,2026-03-23,2026-05-10,9,110,75,49,0.183674,,,0.000000,,,,,,,,GLOBAL_BASELINE_NO_ENTITY_RANKING,,,NOT_APPLICABLE_GLOBAL_BASELINE,HF9g-P5,,,,X 全窗基线 · 不参与实体赏罚,8392760,840,A168_HF9F_20260827_0900,2026-08-27 09:00:00
2026-03-25,139044426,-1,1,1650.6734747780,563.4298793905,563.4298793905,0.6428571,49,14,0.45417790820173809,0.276570113571,1.417912940715294,3.0639714243277933,1.417912940715294,0.17760779463073809,SENTINEL_DEALER,R03b_20260811_FULL_v1,L1_ELIGIBILITY,v2026-08-11,2026-03-21..2026-08-06,baccarat_bet02_101_all_pairs_incl_sentinel,round_win = game_pnl > 0 (decisive only),COMPATIBILITY_ONLY_NOT_PRODUCTION,23832.9440,21131.1758,482.0073,867,280,-0.02022441,,-0.02022441,-0.02022441,-482.0073,23832.9440,OK,0.0000,19.2803,4.0000,96.0000,AG03-UNRESOLVED,ALL5_LEVELS_bet23_to_bet27,19.2803,19.2803,19.2803,24.1004,24.1004,4.000000,4.000000,4.000000,5.000000,5.000000,96.000000,96.000000,96.000000,95.000000,95.000000,5.0,106.0416,97.1369,375.9657,384.8704,PENDING_AG03,FALSE,NOT_FOR_ENFORCEMENT,462.7270,20285.9288,482.0073,462.7270,19.2803,0.02022441,0.01941544,19.2803,462.7270,0.01941544,19.2803,19.2803,19.2803,24.1004,24.1004,462.7270,0.01941544,106.0416,97.1369,375.9657,384.8704,0.01577504,0.01614867,0.00080898,27.4890,75.4685,1.7215,53.5564,4.3819,2648.1049,31.1111,,27.4890,2.2009,6.3019,33.6099,84.0248,119.5086,262.0623,4.4018,-4.2012,18.964023,41.584918,4.362043,30,61,8,8,0E-8,0.02022441,,0E-8,0.000000,0.886637,0.000000,,2026-03-23,2026-05-10,9,110,75,49,0.183674,,,0.000000,,,,,,,,GLOBAL_BASELINE_NO_ENTITY_RANKING,,,NOT_APPLICABLE_GLOBAL_BASELINE,HF9g-P5,,,,X 全窗基线 · 不参与实体赏罚,8392761,840,A168_HF9F_20260827_0900,2026-08-27 09:00:00
2026-03-25,139044426,1374,0,57.2233471256,-57.2233471256,-57.2233471256,0E-7,5,1,0.41277883461532486,0.196726840000,-0.8384127226933885,-0.49488031602533067,-0.8384127226933885,0.21605199461532486,ELIGIBLE,R03b_20260811_FULL_v1,L1_ELIGIBILITY,v2026-08-11,2026-03-21..2026-08-06,baccarat_bet02_101_all_pairs_incl_sentinel,round_win = game_pnl > 0 (decisive only),COMPATIBILITY_ONLY_NOT_PRODUCTION,23832.9440,21131.1758,482.0073,867,280,-0.02022441,,-0.02022441,-0.02022441,-482.0073,23832.9440,OK,0.0000,19.2803,4.0000,96.0000,AG03-UNRESOLVED,ALL5_LEVELS_bet23_to_bet27,19.2803,19.2803,19.2803,24.1004,24.1004,4.000000,4.000000,4.000000,5.000000,5.000000,96.000000,96.000000,96.000000,95.000000,95.000000,5.0,106.0416,97.1369,375.9657,384.8704,PENDING_AG03,FALSE,NOT_FOR_ENFORCEMENT,462.7270,20285.9288,482.0073,462.7270,19.2803,0.02022441,0.01941544,19.2803,462.7270,0.01941544,19.2803,19.2803,19.2803,24.1004,24.1004,462.7270,0.01941544,106.0416,97.1369,375.9657,384.8704,0.01577504,0.01614867,0.00080898,27.4890,75.4685,1.7215,53.5564,4.3819,2648.1049,31.1111,,27.4890,2.2009,6.3019,33.6099,84.0248,119.5086,262.0623,4.4018,-4.2012,18.964023,41.584918,4.362043,30,61,8,8,0E-8,0.02022441,,0E-8,0.000000,0.886637,0.000000,,2026-03-23,2026-05-10,9,110,75,49,0.183674,,,0.000000,,,,,,,,GLOBAL_BASELINE_NO_ENTITY_RANKING,,,NOT_APPLICABLE_GLOBAL_BASELINE,HF9g-P5,,,,X 全窗基线 · 不参与实体赏罚,8392762,840,A168_HF9F_20260827_0900,2026-08-27 09:00:00
2026-03-25,139044426,1383,0,26.4107755964,16.5067347478,16.5067347478,1.0000000,2,1,0.47015838333360968,0.397173750000,1.0615756331530237,1.2319861031118455,1.0615756331530237,0.07298463333360968,ELIGIBLE,R03b_20260811_FULL_v1,L1_ELIGIBILITY,v2026-08-11,2026-03-21..2026-08-06,baccarat_bet02_101_all_pairs_incl_sentinel,round_win = game_pnl > 0 (decisive only),COMPATIBILITY_ONLY_NOT_PRODUCTION,23832.9440,21131.1758,482.0073,867,280,-0.02022441,,-0.02022441,-0.02022441,-482.0073,23832.9440,OK,0.0000,19.2803,4.0000,96.0000,AG03-UNRESOLVED,ALL5_LEVELS_bet23_to_bet27,19.2803,19.2803,19.2803,24.1004,24.1004,4.000000,4.000000,4.000000,5.000000,5.000000,96.000000,96.000000,96.000000,95.000000,95.000000,5.0,106.0416,97.1369,375.9657,384.8704,PENDING_AG03,FALSE,NOT_FOR_ENFORCEMENT,462.7270,20285.9288,482.0073,462.7270,19.2803,0.02022441,0.01941544,19.2803,462.7270,0.01941544,19.2803,19.2803,19.2803,24.1004,24.1004,462.7270,0.01941544,106.0416,97.1369,375.9657,384.8704,0.01577504,0.01614867,0.00080898,27.4890,75.4685,1.7215,53.5564,4.3819,2648.1049,31.1111,,27.4890,2.2009,6.3019,33.6099,84.0248,119.5086,262.0623,4.4018,-4.2012,18.964023,41.584918,4.362043,30,61,8,8,0E-8,0.02022441,,0E-8,0.000000,0.886637,0.000000,,2026-03-23,2026-05-10,9,110,75,49,0.183674,,,0.000000,,,,,,,,GLOBAL_BASELINE_NO_ENTITY_RANKING,,,NOT_APPLICABLE_GLOBAL_BASELINE,HF9g-P5,,,,X 全窗基线 · 不参与实体赏罚,8392763,840,A168_HF9F_20260827_0900,2026-08-27 09:00:00
2026-03-25,139044426,1506,0,22.0089796637,-22.0089796637,-22.0089796637,0E-7,1,1,0.50665070000000000,0.506650700000,-1.013391052207602,-1.013391052207602,-1.013391052207602,0E-17,ELIGIBLE,R03b_20260811_FULL_v1,L1_ELIGIBILITY,v2026-08-11,2026-03-21..2026-08-06,baccarat_bet02_101_all_pairs_incl_sentinel,round_win = game_pnl > 0 (decisive only),COMPATIBILITY_ONLY_NOT_PRODUCTION,23832.9440,21131.1758,482.0073,867,280,-0.02022441,,-0.02022441,-0.02022441,-482.0073,23832.9440,OK,0.0000,19.2803,4.0000,96.0000,AG03-UNRESOLVED,ALL5_LEVELS_bet23_to_bet27,19.2803,19.2803,19.2803,24.1004,24.1004,4.000000,4.000000,4.000000,5.000000,5.000000,96.000000,96.000000,96.000000,95.000000,95.000000,5.0,106.0416,97.1369,375.9657,384.8704,PENDING_AG03,FALSE,NOT_FOR_ENFORCEMENT,462.7270,20285.9288,482.0073,462.7270,19.2803,0.02022441,0.01941544,19.2803,462.7270,0.01941544,19.2803,19.2803,19.2803,24.1004,24.1004,462.7270,0.01941544,106.0416,97.1369,375.9657,384.8704,0.01577504,0.01614867,0.00080898,27.4890,75.4685,1.7215,53.5564,4.3819,2648.1049,31.1111,,27.4890,2.2009,6.3019,33.6099,84.0248,119.5086,262.0623,4.4018,-4.2012,18.964023,41.584918,4.362043,30,61,8,8,0E-8,0.02022441,,0E-8,0.000000,0.886637,0.000000,,2026-03-23,2026-05-10,9,110,75,49,0.183674,,,0.000000,,,,,,,,GLOBAL_BASELINE_NO_ENTITY_RANKING,,,NOT_APPLICABLE_GLOBAL_BASELINE,HF9g-P5,,,,X 全窗基线 · 不参与实体赏罚,8392764,840,A168_HF9F_20260827_0900,2026-08-27 09:00:00
2026-03-25,139044426,1507,0,31.2527511225,-10.6523461573,-10.6523461573,0.5000000,2,2,0.50665070000000000,0.506650700000,-0.018812684590367487,-0.018812684590367487,-0.018812684590367487,0E-17,ELIGIBLE,R03b_20260811_FULL_v1,L1_ELIGIBILITY,v2026-08-11,2026-03-21..2026-08-06,baccarat_bet02_101_all_pairs_incl_sentinel,round_win = game_pnl > 0 (decisive only),COMPATIBILITY_ONLY_NOT_PRODUCTION,23832.9440,21131.1758,482.0073,867,280,-0.02022441,,-0.02022441,-0.02022441,-482.0073,23832.9440,OK,0.0000,19.2803,4.0000,96.0000,AG03-UNRESOLVED,ALL5_LEVELS_bet23_to_bet27,19.2803,19.2803,19.2803,24.1004,24.1004,4.000000,4.000000,4.000000,5.000000,5.000000,96.000000,96.000000,96.000000,95.000000,95.000000,5.0,106.0416,97.1369,375.9657,384.8704,PENDING_AG03,FALSE,NOT_FOR_ENFORCEMENT,462.7270,20285.9288,482.0073,462.7270,19.2803,0.02022441,0.01941544,19.2803,462.7270,0.01941544,19.2803,19.2803,19.2803,24.1004,24.1004,462.7270,0.01941544,106.0416,97.1369,375.9657,384.8704,0.01577504,0.01614867,0.00080898,27.4890,75.4685,1.7215,53.5564,4.3819,2648.1049,31.1111,,27.4890,2.2009,6.3019,33.6099,84.0248,119.5086,262.0623,4.4018,-4.2012,18.964023,41.584918,4.362043,30,61,8,8,0E-8,0.02022441,,0E-8,0.000000,0.886637,0.000000,,2026-03-23,2026-05-10,9,110,75,49,0.183674,,,0.000000,,,,,,,,GLOBAL_BASELINE_NO_ENTITY_RANKING,,,NOT_APPLICABLE_GLOBAL_BASELINE,HF9g-P5,,,,X 全窗基线 · 不参与实体赏罚,8392765,840,A168_HF9F_20260827_0900,2026-08-27 09:00:00
2026-03-25,139044426,2209,0,14.0857469848,-14.0857469848,-14.0857469848,0E-7,1,1,0.49324550000000000,0.493245500000,-0.9865810262130424,-0.9865810262130424,-0.9865810262130424,0E-17,ELIGIBLE,R03b_20260811_FULL_v1,L1_ELIGIBILITY,v2026-08-11,2026-03-21..2026-08-06,baccarat_bet02_101_all_pairs_incl_sentinel,round_win = game_pnl > 0 (decisive only),COMPATIBILITY_ONLY_NOT_PRODUCTION,23832.9440,21131.1758,482.0073,867,280,-0.02022441,,-0.02022441,-0.02022441,-482.0073,23832.9440,OK,0.0000,19.2803,4.0000,96.0000,AG03-UNRESOLVED,ALL5_LEVELS_bet23_to_bet27,19.2803,19.2803,19.2803,24.1004,24.1004,4.000000,4.000000,4.000000,5.000000,5.000000,96.000000,96.000000,96.000000,95.000000,95.000000,5.0,106.0416,97.1369,375.9657,384.8704,PENDING_AG03,FALSE,NOT_FOR_ENFORCEMENT,462.7270,20285.9288,482.0073,462.7270,19.2803,0.02022441,0.01941544,19.2803,462.7270,0.01941544,19.2803,19.2803,19.2803,24.1004,24.1004,462.7270,0.01941544,106.0416,97.1369,375.9657,384.8704,0.01577504,0.01614867,0.00080898,27.4890,75.4685,1.7215,53.5564,4.3819,2648.1049,31.1111,,27.4890,2.2009,6.3019,33.6099,84.0248,119.5086,262.0623,4.4018,-4.2012,18.964023,41.584918,4.362043,30,61,8,8,0E-8,0.02022441,,0E-8,0.000000,0.886637,0.000000,,2026-03-23,2026-05-10,9,110,75,49,0.183674,,,0.000000,,,,,,,,GLOBAL_BASELINE_NO_ENTITY_RANKING,,,NOT_APPLICABLE_GLOBAL_BASELINE,HF9g-P5,,,,X 全窗基线 · 不参与实体赏罚,8392766,840,A168_HF9F_20260827_0900,2026-08-27 09:00:00
2026-03-25,139044426,2212,0,273.5716172198,-72.8497226868,-72.8497226868,0.6666667,8,3,0.45507292255158671,0.328979344445,0.7359592343114764,1.2448674851660442,0.7359592343114764,0.12609357810658671,ELIGIBLE,R03b_20260811_FULL_v1,L1_ELIGIBILITY,v2026-08-11,2026-03-21..2026-08-06,baccarat_bet02_101_all_pairs_incl_sentinel,round_win = game_pnl > 0 (decisive only),COMPATIBILITY_ONLY_NOT_PRODUCTION,23832.9440,21131.1758,482.0073,867,280,-0.02022441,,-0.02022441,-0.02022441,-482.0073,23832.9440,OK,0.0000,19.2803,4.0000,96.0000,AG03-UNRESOLVED,ALL5_LEVELS_bet23_to_bet27,19.2803,19.2803,19.2803,24.1004,24.1004,4.000000,4.000000,4.000000,5.000000,5.000000,96.000000,96.000000,96.000000,95.000000,95.000000,5.0,106.0416,97.1369,375.9657,384.8704,PENDING_AG03,FALSE,NOT_FOR_ENFORCEMENT,462.7270,20285.9288,482.0073,462.7270,19.2803,0.02022441,0.01941544,19.2803,462.7270,0.01941544,19.2803,19.2803,19.2803,24.1004,24.1004,462.7270,0.01941544,106.0416,97.1369,375.9657,384.8704,0.01577504,0.01614867,0.00080898,27.4890,75.4685,1.7215,53.5564,4.3819,2648.1049,31.1111,,27.4890,2.2009,6.3019,33.6099,84.0248,119.5086,262.0623,4.4018,-4.2012,18.964023,41.584918,4.362043,30,61,8,8,0E-8,0.02022441,,0E-8,0.000000,0.886637,0.000000,,2026-03-23,2026-05-10,9,110,75,49,0.183674,,,0.000000,,,,,,,,GLOBAL_BASELINE_NO_ENTITY_RANKING,,,NOT_APPLICABLE_GLOBAL_BASELINE,HF9g-P5,,,,X 全窗基线 · 不参与实体赏罚,8392767,840,A168_HF9F_20260827_0900,2026-08-27 09:00:00
2026-03-25,139044426,994,0,48.4197552601,-48.4197552601,-48.4197552601,0E-7,3,1,0.41269380909157454,0.197889300000,-0.8382656834479851,-0.4966998184331015,-0.8382656834479851,0.21480450909157454,ELIGIBLE,R03b_20260811_FULL_v1,L1_ELIGIBILITY,v2026-08-11,2026-03-21..2026-08-06,baccarat_bet02_101_all_pairs_incl_sentinel,round_win = game_pnl > 0 (decisive only),COMPATIBILITY_ONLY_NOT_PRODUCTION,23832.9440,21131.1758,482.0073,867,280,-0.02022441,,-0.02022441,-0.02022441,-482.0073,23832.9440,OK,0.0000,19.2803,4.0000,96.0000,AG03-UNRESOLVED,ALL5_LEVELS_bet23_to_bet27,19.2803,19.2803,19.2803,24.1004,24.1004,4.000000,4.000000,4.000000,5.000000,5.000000,96.000000,96.000000,96.000000,95.000000,95.000000,5.0,106.0416,97.1369,375.9657,384.8704,PENDING_AG03,FALSE,NOT_FOR_ENFORCEMENT,462.7270,20285.9288,482.0073,462.7270,19.2803,0.02022441,0.01941544,19.2803,462.7270,0.01941544,19.2803,19.2803,19.2803,24.1004,24.1004,462.7270,0.01941544,106.0416,97.1369,375.9657,384.8704,0.01577504,0.01614867,0.00080898,27.4890,75.4685,1.7215,53.5564,4.3819,2648.1049,31.1111,,27.4890,2.2009,6.3019,33.6099,84.0248,119.5086,262.0623,4.4018,-4.2012,18.964023,41.584918,4.362043,30,61,8,8,0E-8,0.02022441,,0E-8,0.000000,0.886637,0.000000,,2026-03-23,2026-05-10,9,110,75,49,0.183674,,,0.000000,,,,,,,,GLOBAL_BASELINE_NO_ENTITY_RANKING,,,NOT_APPLICABLE_GLOBAL_BASELINE,HF9g-P5,,,,X 全窗基线 · 不参与实体赏罚,8392768,840,A168_HF9F_20260827_0900,2026-08-27 09:00:00
2026-03-26,139044426,-1,1,1180.7817589578,60.5246940751,60.5246940751,0.5555556,37,9,0.39396739244693986,0.182293775926,0.9920936359794332,2.900348633503408,0.9920936359794332,0.21167361652093986,SENTINEL_DEALER,R03b_20260811_FULL_v1,L1_ELIGIBILITY,v2026-08-11,2026-03-21..2026-08-06,baccarat_bet02_101_all_pairs_incl_sentinel,round_win = game_pnl > 0 (decisive only),COMPATIBILITY_ONLY_NOT_PRODUCTION,23832.9440,21131.1758,482.0073,867,280,-0.02022441,,-0.02022441,-0.02022441,-482.0073,23832.9440,OK,0.0000,19.2803,4.0000,96.0000,AG03-UNRESOLVED,ALL5_LEVELS_bet23_to_bet27,19.2803,19.2803,19.2803,24.1004,24.1004,4.000000,4.000000,4.000000,5.000000,5.000000,96.000000,96.000000,96.000000,95.000000,95.000000,5.0,106.0416,97.1369,375.9657,384.8704,PENDING_AG03,FALSE,NOT_FOR_ENFORCEMENT,462.7270,20285.9288,482.0073,462.7270,19.2803,0.02022441,0.01941544,19.2803,462.7270,0.01941544,19.2803,19.2803,19.2803,24.1004,24.1004,462.7270,0.01941544,106.0416,97.1369,375.9657,384.8704,0.01577504,0.01614867,0.00080898,27.4890,75.4685,1.7215,53.5564,4.3819,2648.1049,31.1111,,27.4890,2.2009,6.3019,33.6099,84.0248,119.5086,262.0623,4.4018,-4.2012,18.964023,41.584918,4.362043,30,61,8,8,0E-8,0.02022441,,0E-8,0.000000,0.886637,0.000000,,2026-03-23,2026-05-10,9,110,75,49,0.183674,,,0.000000,,,,,,,,GLOBAL_BASELINE_NO_ENTITY_RANKING,,,NOT_APPLICABLE_GLOBAL_BASELINE,HF9g-P5,,,,X 全窗基线 · 不参与实体赏罚,8392769,840,A168_HF9F_20260827_0900,2026-08-27 09:00:00
2026-03-26,139044426,1007,0,184.4352495818,-27.1150629458,-27.1150629458,0.6666667,9,3,0.47503221158873967,0.332593824444,0.6646704410207677,1.2281448696193824,0.6646704410207677,0.14243838714473967,ELIGIBLE,R03b_20260811_FULL_v1,L1_ELIGIBILITY,v2026-08-11,2026-03-21..2026-08-06,baccarat_bet02_101_all_pairs_incl_sentinel,round_win = game_pnl > 0 (decisive only),COMPATIBILITY_ONLY_NOT_PRODUCTION,23832.9440,21131.1758,482.0073,867,280,-0.02022441,,-0.02022441,-0.02022441,-482.0073,23832.9440,OK,0.0000,19.2803,4.0000,96.0000,AG03-UNRESOLVED,ALL5_LEVELS_bet23_to_bet27,19.2803,19.2803,19.2803,24.1004,24.1004,4.000000,4.000000,4.000000,5.000000,5.000000,96.000000,96.000000,96.000000,95.000000,95.000000,5.0,106.0416,97.1369,375.9657,384.8704,PENDING_AG03,FALSE,NOT_FOR_ENFORCEMENT,462.7270,20285.9288,482.0073,462.7270,19.2803,0.02022441,0.01941544,19.2803,462.7270,0.01941544,19.2803,19.2803,19.2803,24.1004,24.1004,462.7270,0.01941544,106.0416,97.1369,375.9657,384.8704,0.01577504,0.01614867,0.00080898,27.4890,75.4685,1.7215,53.5564,4.3819,2648.1049,31.1111,,27.4890,2.2009,6.3019,33.6099,84.0248,119.5086,262.0623,4.4018,-4.2012,18.964023,41.584918,4.362043,30,61,8,8,0E-8,0.02022441,,0E-8,0.000000,0.886637,0.000000,,2026-03-23,2026-05-10,9,110,75,49,0.183674,,,0.000000,,,,,,,,GLOBAL_BASELINE_NO_ENTITY_RANKING,,,NOT_APPLICABLE_GLOBAL_BASELINE,HF9g-P5,,,,X 全窗基线 · 不参与实体赏罚,8392770,840,A168_HF9F_20260827_0900,2026-08-27 09:00:00
2026-03-26,139044426,1151,0,72.6296328902,-72.6296328902,-72.6296328902,0E-7,3,1,0.46794812121215566,0.218271633333,-0.9378251245658713,-0.5284096173047961,-0.9378251245658713,0.24967648787915566,ELIGIBLE,R03b_20260811_FULL_v1,L1_ELIGIBILITY,v2026-08-11,2026-03-21..2026-08-06,baccarat_bet02_101_all_pairs_incl_sentinel,round_win = game_pnl > 0 (decisive only),COMPATIBILITY_ONLY_NOT_PRODUCTION,23832.9440,21131.1758,482.0073,867,280,-0.02022441,,-0.02022441,-0.02022441,-482.0073,23832.9440,OK,0.0000,19.2803,4.0000,96.0000,AG03-UNRESOLVED,ALL5_LEVELS_bet23_to_bet27,19.2803,19.2803,19.2803,24.1004,24.1004,4.000000,4.000000,4.000000,5.000000,5.000000,96.000000,96.000000,96.000000,95.000000,95.000000,5.0,106.0416,97.1369,375.9657,384.8704,PENDING_AG03,FALSE,NOT_FOR_ENFORCEMENT,462.7270,20285.9288,482.0073,462.7270,19.2803,0.02022441,0.01941544,19.2803,462.7270,0.01941544,19.2803,19.2803,19.2803,24.1004,24.1004,462.7270,0.01941544,106.0416,97.1369,375.9657,384.8704,0.01577504,0.01614867,0.00080898,27.4890,75.4685,1.7215,53.5564,4.3819,2648.1049,31.1111,,27.4890,2.2009,6.3019,33.6099,84.0248,119.5086,262.0623,4.4018,-4.2012,18.964023,41.584918,4.362043,30,61,8,8,0E-8,0.02022441,,0E-8,0.000000,0.886637,0.000000,,2026-03-23,2026-05-10,9,110,75,49,0.183674,,,0.000000,,,,,,,,GLOBAL_BASELINE_NO_ENTITY_RANKING,,,NOT_APPLICABLE_GLOBAL_BASELINE,HF9g-P5,,,,X 全窗基线 · 不参与实体赏罚,8392771,840,A168_HF9F_20260827_0900,2026-08-27 09:00:00
2026-03-26,139044426,1714,0,332.3355929218,70.4287349240,70.4287349240,0.6666667,14,3,0.42623240405839762,0.188507118333,0.8421040244362133,2.1175185590333583,0.8421040244362133,0.23772528572539762,ELIGIBLE,R03b_20260811_FULL_v1,L1_ELIGIBILITY,v2026-08-11,2026-03-21..2026-08-06,baccarat_bet02_101_all_pairs_incl_sentinel,round_win = game_pnl > 0 (decisive only),COMPATIBILITY_ONLY_NOT_PRODUCTION,23832.9440,21131.1758,482.0073,867,280,-0.02022441,,-0.02022441,-0.02022441,-482.0073,23832.9440,OK,0.0000,19.2803,4.0000,96.0000,AG03-UNRESOLVED,ALL5_LEVELS_bet23_to_bet27,19.2803,19.2803,19.2803,24.1004,24.1004,4.000000,4.000000,4.000000,5.000000,5.000000,96.000000,96.000000,96.000000,95.000000,95.000000,5.0,106.0416,97.1369,375.9657,384.8704,PENDING_AG03,FALSE,NOT_FOR_ENFORCEMENT,462.7270,20285.9288,482.0073,462.7270,19.2803,0.02022441,0.01941544,19.2803,462.7270,0.01941544,19.2803,19.2803,19.2803,24.1004,24.1004,462.7270,0.01941544,106.0416,97.1369,375.9657,384.8704,0.01577504,0.01614867,0.00080898,27.4890,75.4685,1.7215,53.5564,4.3819,2648.1049,31.1111,,27.4890,2.2009,6.3019,33.6099,84.0248,119.5086,262.0623,4.4018,-4.2012,18.964023,41.584918,4.362043,30,61,8,8,0E-8,0.02022441,,0E-8,0.000000,0.886637,0.000000,,2026-03-23,2026-05-10,9,110,75,49,0.183674,,,0.000000,,,,,,,,GLOBAL_BASELINE_NO_ENTITY_RANKING,,,NOT_APPLICABLE_GLOBAL_BASELINE,HF9g-P5,,,,X 全窗基线 · 不参与实体赏罚,8392772,840,A168_HF9F_20260827_0900,2026-08-27 09:00:00
2026-03-26,139044426,2093,0,735.0999207677,1250.1100448982,1250.1100448982,0.8333333,22,6,0.42505957499658086,0.198062369444,2.0229761712084904,3.904481318125043,2.0229761712084904,0.22699720555258086,ELIGIBLE,R03b_20260811_FULL_v1,L1_ELIGIBILITY,v2026-08-11,2026-03-21..2026-08-06,baccarat_bet02_101_all_pairs_incl_sentinel,round_win = game_pnl > 0 (decisive only),COMPATIBILITY_ONLY_NOT_PRODUCTION,23832.9440,21131.1758,482.0073,867,280,-0.02022441,,-0.02022441,-0.02022441,-482.0073,23832.9440,OK,0.0000,19.2803,4.0000,96.0000,AG03-UNRESOLVED,ALL5_LEVELS_bet23_to_bet27,19.2803,19.2803,19.2803,24.1004,24.1004,4.000000,4.000000,4.000000,5.000000,5.000000,96.000000,96.000000,96.000000,95.000000,95.000000,5.0,106.0416,97.1369,375.9657,384.8704,PENDING_AG03,FALSE,NOT_FOR_ENFORCEMENT,462.7270,20285.9288,482.0073,462.7270,19.2803,0.02022441,0.01941544,19.2803,462.7270,0.01941544,19.2803,19.2803,19.2803,24.1004,24.1004,462.7270,0.01941544,106.0416,97.1369,375.9657,384.8704,0.01577504,0.01614867,0.00080898,27.4890,75.4685,1.7215,53.5564,4.3819,2648.1049,31.1111,,27.4890,2.2009,6.3019,33.6099,84.0248,119.5086,262.0623,4.4018,-4.2012,18.964023,41.584918,4.362043,30,61,8,8,0E-8,0.02022441,,0E-8,0.000000,0.886637,0.000000,,2026-03-23,2026-05-10,9,110,75,49,0.183674,,,0.000000,,,,,,,,GLOBAL_BASELINE_NO_ENTITY_RANKING,,,NOT_APPLICABLE_GLOBAL_BASELINE,HF9g-P5,,,,X 全窗基线 · 不参与实体赏罚,8392773,840,A168_HF9F_20260827_0900,2026-08-27 09:00:00
2026-03-26,139044426,2171,0,427.4143850691,-293.1596091206,-293.1596091206,0.3333333,13,3,0.41632253725073879,0.180287396667,-0.29159549018462166,0.6895550461151108,-0.29159549018462166,0.23603514058373879,ELIGIBLE,R03b_20260811_FULL_v1,L1_ELIGIBILITY,v2026-08-11,2026-03-21..2026-08-06,baccarat_bet02_101_all_pairs_incl_sentinel,round_win = game_pnl > 0 (decisive only),COMPATIBILITY_ONLY_NOT_PRODUCTION,23832.9440,21131.1758,482.0073,867,280,-0.02022441,,-0.02022441,-0.02022441,-482.0073,23832.9440,OK,0.0000,19.2803,4.0000,96.0000,AG03-UNRESOLVED,ALL5_LEVELS_bet23_to_bet27,19.2803,19.2803,19.2803,24.1004,24.1004,4.000000,4.000000,4.000000,5.000000,5.000000,96.000000,96.000000,96.000000,95.000000,95.000000,5.0,106.0416,97.1369,375.9657,384.8704,PENDING_AG03,FALSE,NOT_FOR_ENFORCEMENT,462.7270,20285.9288,482.0073,462.7270,19.2803,0.02022441,0.01941544,19.2803,462.7270,0.01941544,19.2803,19.2803,19.2803,24.1004,24.1004,462.7270,0.01941544,106.0416,97.1369,375.9657,384.8704,0.01577504,0.01614867,0.00080898,27.4890,75.4685,1.7215,53.5564,4.3819,2648.1049,31.1111,,27.4890,2.2009,6.3019,33.6099,84.0248,119.5086,262.0623,4.4018,-4.2012,18.964023,41.584918,4.362043,30,61,8,8,0E-8,0.02022441,,0E-8,0.000000,0.886637,0.000000,,2026-03-23,2026-05-10,9,110,75,49,0.183674,,,0.000000,,,,,,,,GLOBAL_BASELINE_NO_ENTITY_RANKING,,,NOT_APPLICABLE_GLOBAL_BASELINE,HF9g-P5,,,,X 全窗基线 · 不参与实体赏罚,8392774,840,A168_HF9F_20260827_0900,2026-08-27 09:00:00
2026-03-26,139044426,2222,0,96.8395105202,-96.8395105202,-96.8395105202,0E-7,6,2,0.42800186363701336,0.218271633333,-1.2233212531963813,-0.7472840472808194,-1.2233212531963813,0.20973023030401336,ELIGIBLE,R03b_20260811_FULL_v1,L1_ELIGIBILITY,v2026-08-11,2026-03-21..2026-08-06,baccarat_bet02_101_all_pairs_incl_sentinel,round_win = game_pnl > 0 (decisive only),COMPATIBILITY_ONLY_NOT_PRODUCTION,23832.9440,21131.1758,482.0073,867,280,-0.02022441,,-0.02022441,-0.02022441,-482.0073,23832.9440,OK,0.0000,19.2803,4.0000,96.0000,AG03-UNRESOLVED,ALL5_LEVELS_bet23_to_bet27,19.2803,19.2803,19.2803,24.1004,24.1004,4.000000,4.000000,4.000000,5.000000,5.000000,96.000000,96.000000,96.000000,95.000000,95.000000,5.0,106.0416,97.1369,375.9657,384.8704,PENDING_AG03,FALSE,NOT_FOR_ENFORCEMENT,462.7270,20285.9288,482.0073,462.7270,19.2803,0.02022441,0.01941544,19.2803,462.7270,0.01941544,19.2803,19.2803,19.2803,24.1004,24.1004,462.7270,0.01941544,106.0416,97.1369,375.9657,384.8704,0.01577504,0.01614867,0.00080898,27.4890,75.4685,1.7215,53.5564,4.3819,2648.1049,31.1111,,27.4890,2.2009,6.3019,33.6099,84.0248,119.5086,262.0623,4.4018,-4.2012,18.964023,41.584918,4.362043,30,61,8,8,0E-8,0.02022441,,0E-8,0.000000,0.886637,0.000000,,2026-03-23,2026-05-10,9,110,75,49,0.183674,,,0.000000,,,,,,,,GLOBAL_BASELINE_NO_ENTITY_RANKING,,,NOT_APPLICABLE_GLOBAL_BASELINE,HF9g-P5,,,,X 全窗基线 · 不参与实体赏罚,8392775,840,A168_HF9F_20260827_0900,2026-08-27 09:00:00
2026-03-26,139044426,595,0,183.7749801918,-25.2442996742,-25.2442996742,0.6666667,9,3,0.44055950385624490,0.218271633333,0.7888523260920484,1.8801601168411812,0.7888523260920484,0.22228787052324490,ELIGIBLE,R03b_20260811_FULL_v1,L1_ELIGIBILITY,v2026-08-11,2026-03-21..2026-08-06,baccarat_bet02_101_all_pairs_incl_sentinel,round_win = game_pnl > 0 (decisive only),COMPATIBILITY_ONLY_NOT_PRODUCTION,23832.9440,21131.1758,482.0073,867,280,-0.02022441,,-0.02022441,-0.02022441,-482.0073,23832.9440,OK,0.0000,19.2803,4.0000,96.0000,AG03-UNRESOLVED,ALL5_LEVELS_bet23_to_bet27,19.2803,19.2803,19.2803,24.1004,24.1004,4.000000,4.000000,4.000000,5.000000,5.000000,96.000000,96.000000,96.000000,95.000000,95.000000,5.0,106.0416,97.1369,375.9657,384.8704,PENDING_AG03,FALSE,NOT_FOR_ENFORCEMENT,462.7270,20285.9288,482.0073,462.7270,19.2803,0.02022441,0.01941544,19.2803,462.7270,0.01941544,19.2803,19.2803,19.2803,24.1004,24.1004,462.7270,0.01941544,106.0416,97.1369,375.9657,384.8704,0.01577504,0.01614867,0.00080898,27.4890,75.4685,1.7215,53.5564,4.3819,2648.1049,31.1111,,27.4890,2.2009,6.3019,33.6099,84.0248,119.5086,262.0623,4.4018,-4.2012,18.964023,41.584918,4.362043,30,61,8,8,0E-8,0.02022441,,0E-8,0.000000,0.886637,0.000000,,2026-03-23,2026-05-10,9,110,75,49,0.183674,,,0.000000,,,,,,,,GLOBAL_BASELINE_NO_ENTITY_RANKING,,,NOT_APPLICABLE_GLOBAL_BASELINE,HF9g-P5,,,,X 全窗基线 · 不参与实体赏罚,8392776,840,A168_HF9F_20260827_0900,2026-08-27 09:00:00
2026-03-26,139044426,986,0,140.8574698477,-140.8574698477,-140.8574698477,0E-7,4,1,0.45177150312502938,0.235627925000,-0.9077758259388594,-0.5552147218003913,-0.9077758259388594,0.21614357812502938,ELIGIBLE,R03b_20260811_FULL_v1,L1_ELIGIBILITY,v2026-08-11,2026-03-21..2026-08-06,baccarat_bet02_101_all_pairs_incl_sentinel,round_win = game_pnl > 0 (decisive only),COMPATIBILITY_ONLY_NOT_PRODUCTION,23832.9440,21131.1758,482.0073,867,280,-0.02022441,,-0.02022441,-0.02022441,-482.0073,23832.9440,OK,0.0000,19.2803,4.0000,96.0000,AG03-UNRESOLVED,ALL5_LEVELS_bet23_to_bet27,19.2803,19.2803,19.2803,24.1004,24.1004,4.000000,4.000000,4.000000,5.000000,5.000000,96.000000,96.000000,96.000000,95.000000,95.000000,5.0,106.0416,97.1369,375.9657,384.8704,PENDING_AG03,FALSE,NOT_FOR_ENFORCEMENT,462.7270,20285.9288,482.0073,462.7270,19.2803,0.02022441,0.01941544,19.2803,462.7270,0.01941544,19.2803,19.2803,19.2803,24.1004,24.1004,462.7270,0.01941544,106.0416,97.1369,375.9657,384.8704,0.01577504,0.01614867,0.00080898,27.4890,75.4685,1.7215,53.5564,4.3819,2648.1049,31.1111,,27.4890,2.2009,6.3019,33.6099,84.0248,119.5086,262.0623,4.4018,-4.2012,18.964023,41.584918,4.362043,30,61,8,8,0E-8,0.02022441,,0E-8,0.000000,0.886637,0.000000,,2026-03-23,2026-05-10,9,110,75,49,0.183674,,,0.000000,,,,,,,,GLOBAL_BASELINE_NO_ENTITY_RANKING,,,NOT_APPLICABLE_GLOBAL_BASELINE,HF9g-P5,,,,X 全窗基线 · 不参与实体赏罚,8392777,840,A168_HF9F_20260827_0900,2026-08-27 09:00:00
2026-05-03,139044426,-1,1,296.1873752755,14.7043377798,14.7043377798,0.7500000,13,4,0.42365873385981408,0.252362131250,1.3208516703478306,2.2913196443135733,1.3208516703478306,0.17129660260981408,SENTINEL_DEALER,R03b_20260811_FULL_v1,L1_ELIGIBILITY,v2026-08-11,2026-03-21..2026-08-06,baccarat_bet02_101_all_pairs_incl_sentinel,round_win = game_pnl > 0 (decisive only),COMPATIBILITY_ONLY_NOT_PRODUCTION,23832.9440,21131.1758,482.0073,867,280,-0.02022441,,-0.02022441,-0.02022441,-482.0073,23832.9440,OK,0.0000,19.2803,4.0000,96.0000,AG03-UNRESOLVED,ALL5_LEVELS_bet23_to_bet27,19.2803,19.2803,19.2803,24.1004,24.1004,4.000000,4.000000,4.000000,5.000000,5.000000,96.000000,96.000000,96.000000,95.000000,95.000000,5.0,106.0416,97.1369,375.9657,384.8704,PENDING_AG03,FALSE,NOT_FOR_ENFORCEMENT,462.7270,20285.9288,482.0073,462.7270,19.2803,0.02022441,0.01941544,19.2803,462.7270,0.01941544,19.2803,19.2803,19.2803,24.1004,24.1004,462.7270,0.01941544,106.0416,97.1369,375.9657,384.8704,0.01577504,0.01614867,0.00080898,27.4890,75.4685,1.7215,53.5564,4.3819,2648.1049,31.1111,,27.4890,2.2009,6.3019,33.6099,84.0248,119.5086,262.0623,4.4018,-4.2012,18.964023,41.584918,4.362043,30,61,8,8,0E-8,0.02022441,,0E-8,0.000000,0.886637,0.000000,,2026-03-23,2026-05-10,9,110,75,49,0.183674,,,0.000000,,,,,,,,GLOBAL_BASELINE_NO_ENTITY_RANKING,,,NOT_APPLICABLE_GLOBAL_BASELINE,HF9g-P5,,,,X 全窗基线 · 不参与实体赏罚,8392778,840,A168_HF9F_20260827_0900,2026-08-27 09:00:00
2026-05-03,139044426,1221,0,844.4491124878,92.4272660438,92.4272660438,0.5714286,24,7,0.43640871103200367,0.224550786905,0.7203073283095546,2.1993357630499606,0.7203073283095546,0.21185792412700367,ELIGIBLE,R03b_20260811_FULL_v1,L1_ELIGIBILITY,v2026-08-11,2026-03-21..2026-08-06,baccarat_bet02_101_all_pairs_incl_sentinel,round_win = game_pnl > 0 (decisive only),COMPATIBILITY_ONLY_NOT_PRODUCTION,23832.9440,21131.1758,482.0073,867,280,-0.02022441,,-0.02022441,-0.02022441,-482.0073,23832.9440,OK,0.0000,19.2803,4.0000,96.0000,AG03-UNRESOLVED,ALL5_LEVELS_bet23_to_bet27,19.2803,19.2803,19.2803,24.1004,24.1004,4.000000,4.000000,4.000000,5.000000,5.000000,96.000000,96.000000,96.000000,95.000000,95.000000,5.0,106.0416,97.1369,375.9657,384.8704,PENDING_AG03,FALSE,NOT_FOR_ENFORCEMENT,462.7270,20285.9288,482.0073,462.7270,19.2803,0.02022441,0.01941544,19.2803,462.7270,0.01941544,19.2803,19.2803,19.2803,24.1004,24.1004,462.7270,0.01941544,106.0416,97.1369,375.9657,384.8704,0.01577504,0.01614867,0.00080898,27.4890,75.4685,1.7215,53.5564,4.3819,2648.1049,31.1111,,27.4890,2.2009,6.3019,33.6099,84.0248,119.5086,262.0623,4.4018,-4.2012,18.964023,41.584918,4.362043,30,61,8,8,0E-8,0.02022441,,0E-8,0.000000,0.886637,0.000000,,2026-03-23,2026-05-10,9,110,75,49,0.183674,,,0.000000,,,,,,,,GLOBAL_BASELINE_NO_ENTITY_RANKING,,,NOT_APPLICABLE_GLOBAL_BASELINE,HF9g-P5,,,,X 全窗基线 · 不参与实体赏罚,8392779,840,A168_HF9F_20260827_0900,2026-08-27 09:00:00
2026-05-03,139044426,986,0,75.6223085810,-75.6223085810,-75.6223085810,0E-7,4,1,0.42187265000018876,0.172067675000,-0.854238080772141,-0.45588176990443235,-0.854238080772141,0.24980497500018876,ELIGIBLE,R03b_20260811_FULL_v1,L1_ELIGIBILITY,v2026-08-11,2026-03-21..2026-08-06,baccarat_bet02_101_all_pairs_incl_sentinel,round_win = game_pnl > 0 (decisive only),COMPATIBILITY_ONLY_NOT_PRODUCTION,23832.9440,21131.1758,482.0073,867,280,-0.02022441,,-0.02022441,-0.02022441,-482.0073,23832.9440,OK,0.0000,19.2803,4.0000,96.0000,AG03-UNRESOLVED,ALL5_LEVELS_bet23_to_bet27,19.2803,19.2803,19.2803,24.1004,24.1004,4.000000,4.000000,4.000000,5.000000,5.000000,96.000000,96.000000,96.000000,95.000000,95.000000,5.0,106.0416,97.1369,375.9657,384.8704,PENDING_AG03,FALSE,NOT_FOR_ENFORCEMENT,462.7270,20285.9288,482.0073,462.7270,19.2803,0.02022441,0.01941544,19.2803,462.7270,0.01941544,19.2803,19.2803,19.2803,24.1004,24.1004,462.7270,0.01941544,106.0416,97.1369,375.9657,384.8704,0.01577504,0.01614867,0.00080898,27.4890,75.4685,1.7215,53.5564,4.3819,2648.1049,31.1111,,27.4890,2.2009,6.3019,33.6099,84.0248,119.5086,262.0623,4.4018,-4.2012,18.964023,41.584918,4.362043,30,61,8,8,0E-8,0.02022441,,0E-8,0.000000,0.886637,0.000000,,2026-03-23,2026-05-10,9,110,75,49,0.183674,,,0.000000,,,,,,,,GLOBAL_BASELINE_NO_ENTITY_RANKING,,,NOT_APPLICABLE_GLOBAL_BASELINE,HF9g-P5,,,,X 全窗基线 · 不参与实体赏罚,8392780,840,A168_HF9F_20260827_0900,2026-08-27 09:00:00
2026-05-04,139044426,1385,0,170.1501943073,51.4651822288,51.4651822288,0.6666667,9,3,0.44020756450681821,0.218271633333,0.7901474541482141,1.8801601168411812,0.7901474541482141,0.22193593117381821,ELIGIBLE,R03b_20260811_FULL_v1,L1_ELIGIBILITY,v2026-08-11,2026-03-21..2026-08-06,baccarat_bet02_101_all_pairs_incl_sentinel,round_win = game_pnl > 0 (decisive only),COMPATIBILITY_ONLY_NOT_PRODUCTION,23832.9440,21131.1758,482.0073,867,280,-0.02022441,,-0.02022441,-0.02022441,-482.0073,23832.9440,OK,0.0000,19.2803,4.0000,96.0000,AG03-UNRESOLVED,ALL5_LEVELS_bet23_to_bet27,19.2803,19.2803,19.2803,24.1004,24.1004,4.000000,4.000000,4.000000,5.000000,5.000000,96.000000,96.000000,96.000000,95.000000,95.000000,5.0,106.0416,97.1369,375.9657,384.8704,PENDING_AG03,FALSE,NOT_FOR_ENFORCEMENT,462.7270,20285.9288,482.0073,462.7270,19.2803,0.02022441,0.01941544,19.2803,462.7270,0.01941544,19.2803,19.2803,19.2803,24.1004,24.1004,462.7270,0.01941544,106.0416,97.1369,375.9657,384.8704,0.01577504,0.01614867,0.00080898,27.4890,75.4685,1.7215,53.5564,4.3819,2648.1049,31.1111,,27.4890,2.2009,6.3019,33.6099,84.0248,119.5086,262.0623,4.4018,-4.2012,18.964023,41.584918,4.362043,30,61,8,8,0E-8,0.02022441,,0E-8,0.000000,0.886637,0.000000,,2026-03-23,2026-05-10,9,110,75,49,0.183674,,,0.000000,,,,,,,,GLOBAL_BASELINE_NO_ENTITY_RANKING,,,NOT_APPLICABLE_GLOBAL_BASELINE,HF9g-P5,,,,X 全窗基线 · 不参与实体赏罚,8392781,840,A168_HF9F_20260827_0900,2026-08-27 09:00:00
2026-05-04,139044426,1951,0,105.0309841403,-63.0185904842,-63.0185904842,0E-7,2,2,0.49994810000000000,0.499948100000,-0.9998962053866608,-0.9998962053866608,-0.9998962053866608,0E-17,ELIGIBLE,R03b_20260811_FULL_v1,L1_ELIGIBILITY,v2026-08-11,2026-03-21..2026-08-06,baccarat_bet02_101_all_pairs_incl_sentinel,round_win = game_pnl > 0 (decisive only),COMPATIBILITY_ONLY_NOT_PRODUCTION,23832.9440,21131.1758,482.0073,867,280,-0.02022441,,-0.02022441,-0.02022441,-482.0073,23832.9440,OK,0.0000,19.2803,4.0000,96.0000,AG03-UNRESOLVED,ALL5_LEVELS_bet23_to_bet27,19.2803,19.2803,19.2803,24.1004,24.1004,4.000000,4.000000,4.000000,5.000000,5.000000,96.000000,96.000000,96.000000,95.000000,95.000000,5.0,106.0416,97.1369,375.9657,384.8704,PENDING_AG03,FALSE,NOT_FOR_ENFORCEMENT,462.7270,20285.9288,482.0073,462.7270,19.2803,0.02022441,0.01941544,19.2803,462.7270,0.01941544,19.2803,19.2803,19.2803,24.1004,24.1004,462.7270,0.01941544,106.0416,97.1369,375.9657,384.8704,0.01577504,0.01614867,0.00080898,27.4890,75.4685,1.7215,53.5564,4.3819,2648.1049,31.1111,,27.4890,2.2009,6.3019,33.6099,84.0248,119.5086,262.0623,4.4018,-4.2012,18.964023,41.584918,4.362043,30,61,8,8,0E-8,0.02022441,,0E-8,0.000000,0.886637,0.000000,,2026-03-23,2026-05-10,9,110,75,49,0.183674,,,0.000000,,,,,,,,GLOBAL_BASELINE_NO_ENTITY_RANKING,,,NOT_APPLICABLE_GLOBAL_BASELINE,HF9g-P5,,,,X 全窗基线 · 不参与实体赏罚,8392782,840,A168_HF9F_20260827_0900,2026-08-27 09:00:00
2026-05-04,139044426,2252,0,75.6223085810,-75.6223085810,-75.6223085810,0E-7,4,1,0.42187265000018876,0.172067675000,-0.854238080772141,-0.45588176990443235,-0.854238080772141,0.24980497500018876,ELIGIBLE,R03b_20260811_FULL_v1,L1_ELIGIBILITY,v2026-08-11,2026-03-21..2026-08-06,baccarat_bet02_101_all_pairs_incl_sentinel,round_win = game_pnl > 0 (decisive only),COMPATIBILITY_ONLY_NOT_PRODUCTION,23832.9440,21131.1758,482.0073,867,280,-0.02022441,,-0.02022441,-0.02022441,-482.0073,23832.9440,OK,0.0000,19.2803,4.0000,96.0000,AG03-UNRESOLVED,ALL5_LEVELS_bet23_to_bet27,19.2803,19.2803,19.2803,24.1004,24.1004,4.000000,4.000000,4.000000,5.000000,5.000000,96.000000,96.000000,96.000000,95.000000,95.000000,5.0,106.0416,97.1369,375.9657,384.8704,PENDING_AG03,FALSE,NOT_FOR_ENFORCEMENT,462.7270,20285.9288,482.0073,462.7270,19.2803,0.02022441,0.01941544,19.2803,462.7270,0.01941544,19.2803,19.2803,19.2803,24.1004,24.1004,462.7270,0.01941544,106.0416,97.1369,375.9657,384.8704,0.01577504,0.01614867,0.00080898,27.4890,75.4685,1.7215,53.5564,4.3819,2648.1049,31.1111,,27.4890,2.2009,6.3019,33.6099,84.0248,119.5086,262.0623,4.4018,-4.2012,18.964023,41.584918,4.362043,30,61,8,8,0E-8,0.02022441,,0E-8,0.000000,0.886637,0.000000,,2026-03-23,2026-05-10,9,110,75,49,0.183674,,,0.000000,,,,,,,,GLOBAL_BASELINE_NO_ENTITY_RANKING,,,NOT_APPLICABLE_GLOBAL_BASELINE,HF9g-P5,,,,X 全窗基线 · 不参与实体赏罚,8392783,840,A168_HF9F_20260827_0900,2026-08-27 09:00:00
2026-05-04,139044426,986,0,152.0848650351,-57.0528305849,-57.0528305849,0.5000000,6,2,0.44567988219692417,0.218271633333,0.15455528678307354,0.964537218427919,0.15455528678307354,0.22740824886392417,ELIGIBLE,R03b_20260811_FULL_v1,L1_ELIGIBILITY,v2026-08-11,2026-03-21..2026-08-06,baccarat_bet02_101_all_pairs_incl_sentinel,round_win = game_pnl > 0 (decisive only),COMPATIBILITY_ONLY_NOT_PRODUCTION,23832.9440,21131.1758,482.0073,867,280,-0.02022441,,-0.02022441,-0.02022441,-482.0073,23832.9440,OK,0.0000,19.2803,4.0000,96.0000,AG03-UNRESOLVED,ALL5_LEVELS_bet23_to_bet27,19.2803,19.2803,19.2803,24.1004,24.1004,4.000000,4.000000,4.000000,5.000000,5.000000,96.000000,96.000000,96.000000,95.000000,95.000000,5.0,106.0416,97.1369,375.9657,384.8704,PENDING_AG03,FALSE,NOT_FOR_ENFORCEMENT,462.7270,20285.9288,482.0073,462.7270,19.2803,0.02022441,0.01941544,19.2803,462.7270,0.01941544,19.2803,19.2803,19.2803,24.1004,24.1004,462.7270,0.01941544,106.0416,97.1369,375.9657,384.8704,0.01577504,0.01614867,0.00080898,27.4890,75.4685,1.7215,53.5564,4.3819,2648.1049,31.1111,,27.4890,2.2009,6.3019,33.6099,84.0248,119.5086,262.0623,4.4018,-4.2012,18.964023,41.584918,4.362043,30,61,8,8,0E-8,0.02022441,,0E-8,0.000000,0.886637,0.000000,,2026-03-23,2026-05-10,9,110,75,49,0.183674,,,0.000000,,,,,,,,GLOBAL_BASELINE_NO_ENTITY_RANKING,,,NOT_APPLICABLE_GLOBAL_BASELINE,HF9g-P5,,,,X 全窗基线 · 不参与实体赏罚,8392784,840,A168_HF9F_20260827_0900,2026-08-27 09:00:00
2026-05-05,139044426,-1,1,403.3189790988,-26.4678080033,-26.4678080033,0.5000000,13,4,0.45590806781223291,0.206720643750,0.17705750682601412,1.448459942860814,0.17705750682601412,0.24918742406223291,SENTINEL_DEALER,R03b_20260811_FULL_v1,L1_ELIGIBILITY,v2026-08-11,2026-03-21..2026-08-06,baccarat_bet02_101_all_pairs_incl_sentinel,round_win = game_pnl > 0 (decisive only),COMPATIBILITY_ONLY_NOT_PRODUCTION,23832.9440,21131.1758,482.0073,867,280,-0.02022441,,-0.02022441,-0.02022441,-482.0073,23832.9440,OK,0.0000,19.2803,4.0000,96.0000,AG03-UNRESOLVED,ALL5_LEVELS_bet23_to_bet27,19.2803,19.2803,19.2803,24.1004,24.1004,4.000000,4.000000,4.000000,5.000000,5.000000,96.000000,96.000000,96.000000,95.000000,95.000000,5.0,106.0416,97.1369,375.9657,384.8704,PENDING_AG03,FALSE,NOT_FOR_ENFORCEMENT,462.7270,20285.9288,482.0073,462.7270,19.2803,0.02022441,0.01941544,19.2803,462.7270,0.01941544,19.2803,19.2803,19.2803,24.1004,24.1004,462.7270,0.01941544,106.0416,97.1369,375.9657,384.8704,0.01577504,0.01614867,0.00080898,27.4890,75.4685,1.7215,53.5564,4.3819,2648.1049,31.1111,,27.4890,2.2009,6.3019,33.6099,84.0248,119.5086,262.0623,4.4018,-4.2012,18.964023,41.584918,4.362043,30,61,8,8,0E-8,0.02022441,,0E-8,0.000000,0.886637,0.000000,,2026-03-23,2026-05-10,9,110,75,49,0.183674,,,0.000000,,,,,,,,GLOBAL_BASELINE_NO_ENTITY_RANKING,,,NOT_APPLICABLE_GLOBAL_BASELINE,HF9g-P5,,,,X 全窗基线 · 不参与实体赏罚,8392785,840,A168_HF9F_20260827_0900,2026-08-27 09:00:00
2026-05-05,139044426,1702,0,96.6285054091,-96.6285054091,-96.6285054091,0E-7,4,1,0.43738848695669516,0.172067675000,-0.8817173080686306,-0.45588176990443235,-0.8817173080686306,0.26532081195669516,ELIGIBLE,R03b_20260811_FULL_v1,L1_ELIGIBILITY,v2026-08-11,2026-03-21..2026-08-06,baccarat_bet02_101_all_pairs_incl_sentinel,round_win = game_pnl > 0 (decisive only),COMPATIBILITY_ONLY_NOT_PRODUCTION,23832.9440,21131.1758,482.0073,867,280,-0.02022441,,-0.02022441,-0.02022441,-482.0073,23832.9440,OK,0.0000,19.2803,4.0000,96.0000,AG03-UNRESOLVED,ALL5_LEVELS_bet23_to_bet27,19.2803,19.2803,19.2803,24.1004,24.1004,4.000000,4.000000,4.000000,5.000000,5.000000,96.000000,96.000000,96.000000,95.000000,95.000000,5.0,106.0416,97.1369,375.9657,384.8704,PENDING_AG03,FALSE,NOT_FOR_ENFORCEMENT,462.7270,20285.9288,482.0073,462.7270,19.2803,0.02022441,0.01941544,19.2803,462.7270,0.01941544,19.2803,19.2803,19.2803,24.1004,24.1004,462.7270,0.01941544,106.0416,97.1369,375.9657,384.8704,0.01577504,0.01614867,0.00080898,27.4890,75.4685,1.7215,53.5564,4.3819,2648.1049,31.1111,,27.4890,2.2009,6.3019,33.6099,84.0248,119.5086,262.0623,4.4018,-4.2012,18.964023,41.584918,4.362043,30,61,8,8,0E-8,0.02022441,,0E-8,0.000000,0.886637,0.000000,,2026-03-23,2026-05-10,9,110,75,49,0.183674,,,0.000000,,,,,,,,GLOBAL_BASELINE_NO_ENTITY_RANKING,,,NOT_APPLICABLE_GLOBAL_BASELINE,HF9g-P5,,,,X 全窗基线 · 不参与实体赏罚,8392786,840,A168_HF9F_20260827_0900,2026-08-27 09:00:00
2026-05-05,139044426,2093,0,81.5040436928,-9.2742358996,-9.2742358996,0.5000000,7,2,0.46271846805041388,0.195169654167,0.10574245145303846,1.0877144019524716,0.10574245145303846,0.26754881388341388,ELIGIBLE,R03b_20260811_FULL_v1,L1_ELIGIBILITY,v2026-08-11,2026-03-21..2026-08-06,baccarat_bet02_101_all_pairs_incl_sentinel,round_win = game_pnl > 0 (decisive only),COMPATIBILITY_ONLY_NOT_PRODUCTION,23832.9440,21131.1758,482.0073,867,280,-0.02022441,,-0.02022441,-0.02022441,-482.0073,23832.9440,OK,0.0000,19.2803,4.0000,96.0000,AG03-UNRESOLVED,ALL5_LEVELS_bet23_to_bet27,19.2803,19.2803,19.2803,24.1004,24.1004,4.000000,4.000000,4.000000,5.000000,5.000000,96.000000,96.000000,96.000000,95.000000,95.000000,5.0,106.0416,97.1369,375.9657,384.8704,PENDING_AG03,FALSE,NOT_FOR_ENFORCEMENT,462.7270,20285.9288,482.0073,462.7270,19.2803,0.02022441,0.01941544,19.2803,462.7270,0.01941544,19.2803,19.2803,19.2803,24.1004,24.1004,462.7270,0.01941544,106.0416,97.1369,375.9657,384.8704,0.01577504,0.01614867,0.00080898,27.4890,75.4685,1.7215,53.5564,4.3819,2648.1049,31.1111,,27.4890,2.2009,6.3019,33.6099,84.0248,119.5086,262.0623,4.4018,-4.2012,18.964023,41.584918,4.362043,30,61,8,8,0E-8,0.02022441,,0E-8,0.000000,0.886637,0.000000,,2026-03-23,2026-05-10,9,110,75,49,0.183674,,,0.000000,,,,,,,,GLOBAL_BASELINE_NO_ENTITY_RANKING,,,NOT_APPLICABLE_GLOBAL_BASELINE,HF9g-P5,,,,X 全窗基线 · 不参与实体赏罚,8392787,840,A168_HF9F_20260827_0900,2026-08-27 09:00:00
2026-05-05,139044426,948,0,328.1167944542,-53.3557399432,-53.3557399432,0.6666667,9,3,0.46800767812569068,0.218271633333,0.6895879693301952,1.8801601168411812,0.6895879693301952,0.24973604479269068,ELIGIBLE,R03b_20260811_FULL_v1,L1_ELIGIBILITY,v2026-08-11,2026-03-21..2026-08-06,baccarat_bet02_101_all_pairs_incl_sentinel,round_win = game_pnl > 0 (decisive only),COMPATIBILITY_ONLY_NOT_PRODUCTION,23832.9440,21131.1758,482.0073,867,280,-0.02022441,,-0.02022441,-0.02022441,-482.0073,23832.9440,OK,0.0000,19.2803,4.0000,96.0000,AG03-UNRESOLVED,ALL5_LEVELS_bet23_to_bet27,19.2803,19.2803,19.2803,24.1004,24.1004,4.000000,4.000000,4.000000,5.000000,5.000000,96.000000,96.000000,96.000000,95.000000,95.000000,5.0,106.0416,97.1369,375.9657,384.8704,PENDING_AG03,FALSE,NOT_FOR_ENFORCEMENT,462.7270,20285.9288,482.0073,462.7270,19.2803,0.02022441,0.01941544,19.2803,462.7270,0.01941544,19.2803,19.2803,19.2803,24.1004,24.1004,462.7270,0.01941544,106.0416,97.1369,375.9657,384.8704,0.01577504,0.01614867,0.00080898,27.4890,75.4685,1.7215,53.5564,4.3819,2648.1049,31.1111,,27.4890,2.2009,6.3019,33.6099,84.0248,119.5086,262.0623,4.4018,-4.2012,18.964023,41.584918,4.362043,30,61,8,8,0E-8,0.02022441,,0E-8,0.000000,0.886637,0.000000,,2026-03-23,2026-05-10,9,110,75,49,0.183674,,,0.000000,,,,,,,,GLOBAL_BASELINE_NO_ENTITY_RANKING,,,NOT_APPLICABLE_GLOBAL_BASELINE,HF9g-P5,,,,X 全窗基线 · 不参与实体赏罚,8392788,840,A168_HF9F_20260827_0900,2026-08-27 09:00:00
2026-05-06,139044426,-1,1,107.1316038231,-107.1316038231,-107.1316038231,0E-7,5,2,0.47986309062502655,0.332656587500,-1.358359845325874,-0.9984777073191348,-1.358359845325874,0.14720650312502655,SENTINEL_DEALER,R03b_20260811_FULL_v1,L1_ELIGIBILITY,v2026-08-11,2026-03-21..2026-08-06,baccarat_bet02_101_all_pairs_incl_sentinel,round_win = game_pnl > 0 (decisive only),COMPATIBILITY_ONLY_NOT_PRODUCTION,23832.9440,21131.1758,482.0073,867,280,-0.02022441,,-0.02022441,-0.02022441,-482.0073,23832.9440,OK,0.0000,19.2803,4.0000,96.0000,AG03-UNRESOLVED,ALL5_LEVELS_bet23_to_bet27,19.2803,19.2803,19.2803,24.1004,24.1004,4.000000,4.000000,4.000000,5.000000,5.000000,96.000000,96.000000,96.000000,95.000000,95.000000,5.0,106.0416,97.1369,375.9657,384.8704,PENDING_AG03,FALSE,NOT_FOR_ENFORCEMENT,462.7270,20285.9288,482.0073,462.7270,19.2803,0.02022441,0.01941544,19.2803,462.7270,0.01941544,19.2803,19.2803,19.2803,24.1004,24.1004,462.7270,0.01941544,106.0416,97.1369,375.9657,384.8704,0.01577504,0.01614867,0.00080898,27.4890,75.4685,1.7215,53.5564,4.3819,2648.1049,31.1111,,27.4890,2.2009,6.3019,33.6099,84.0248,119.5086,262.0623,4.4018,-4.2012,18.964023,41.584918,4.362043,30,61,8,8,0E-8,0.02022441,,0E-8,0.000000,0.886637,0.000000,,2026-03-23,2026-05-10,9,110,75,49,0.183674,,,0.000000,,,,,,,,GLOBAL_BASELINE_NO_ENTITY_RANKING,,,NOT_APPLICABLE_GLOBAL_BASELINE,HF9g-P5,,,,X 全窗基线 · 不参与实体赏罚,8392789,840,A168_HF9F_20260827_0900,2026-08-27 09:00:00
2026-05-06,139044426,1402,0,96.8385673774,-96.8385673774,-96.8385673774,0E-7,3,1,0.46911763275500472,0.218271633333,-0.9400300308729653,-0.5284096173047961,-0.9400300308729653,0.25084599942200472,ELIGIBLE,R03b_20260811_FULL_v1,L1_ELIGIBILITY,v2026-08-11,2026-03-21..2026-08-06,baccarat_bet02_101_all_pairs_incl_sentinel,round_win = game_pnl > 0 (decisive only),COMPATIBILITY_ONLY_NOT_PRODUCTION,23832.9440,21131.1758,482.0073,867,280,-0.02022441,,-0.02022441,-0.02022441,-482.0073,23832.9440,OK,0.0000,19.2803,4.0000,96.0000,AG03-UNRESOLVED,ALL5_LEVELS_bet23_to_bet27,19.2803,19.2803,19.2803,24.1004,24.1004,4.000000,4.000000,4.000000,5.000000,5.000000,96.000000,96.000000,96.000000,95.000000,95.000000,5.0,106.0416,97.1369,375.9657,384.8704,PENDING_AG03,FALSE,NOT_FOR_ENFORCEMENT,462.7270,20285.9288,482.0073,462.7270,19.2803,0.02022441,0.01941544,19.2803,462.7270,0.01941544,19.2803,19.2803,19.2803,24.1004,24.1004,462.7270,0.01941544,106.0416,97.1369,375.9657,384.8704,0.01577504,0.01614867,0.00080898,27.4890,75.4685,1.7215,53.5564,4.3819,2648.1049,31.1111,,27.4890,2.2009,6.3019,33.6099,84.0248,119.5086,262.0623,4.4018,-4.2012,18.964023,41.584918,4.362043,30,61,8,8,0E-8,0.02022441,,0E-8,0.000000,0.886637,0.000000,,2026-03-23,2026-05-10,9,110,75,49,0.183674,,,0.000000,,,,,,,,GLOBAL_BASELINE_NO_ENTITY_RANKING,,,NOT_APPLICABLE_GLOBAL_BASELINE,HF9g-P5,,,,X 全窗基线 · 不参与实体赏罚,8392790,840,A168_HF9F_20260827_0900,2026-08-27 09:00:00
2026-05-06,139044426,1507,0,115.5340825544,-63.0185904842,-63.0185904842,0E-7,2,2,0.50665070000000000,0.506650700000,-1.013391052207602,-1.013391052207602,-1.013391052207602,0E-17,ELIGIBLE,R03b_20260811_FULL_v1,L1_ELIGIBILITY,v2026-08-11,2026-03-21..2026-08-06,baccarat_bet02_101_all_pairs_incl_sentinel,round_win = game_pnl > 0 (decisive only),COMPATIBILITY_ONLY_NOT_PRODUCTION,23832.9440,21131.1758,482.0073,867,280,-0.02022441,,-0.02022441,-0.02022441,-482.0073,23832.9440,OK,0.0000,19.2803,4.0000,96.0000,AG03-UNRESOLVED,ALL5_LEVELS_bet23_to_bet27,19.2803,19.2803,19.2803,24.1004,24.1004,4.000000,4.000000,4.000000,5.000000,5.000000,96.000000,96.000000,96.000000,95.000000,95.000000,5.0,106.0416,97.1369,375.9657,384.8704,PENDING_AG03,FALSE,NOT_FOR_ENFORCEMENT,462.7270,20285.9288,482.0073,462.7270,19.2803,0.02022441,0.01941544,19.2803,462.7270,0.01941544,19.2803,19.2803,19.2803,24.1004,24.1004,462.7270,0.01941544,106.0416,97.1369,375.9657,384.8704,0.01577504,0.01614867,0.00080898,27.4890,75.4685,1.7215,53.5564,4.3819,2648.1049,31.1111,,27.4890,2.2009,6.3019,33.6099,84.0248,119.5086,262.0623,4.4018,-4.2012,18.964023,41.584918,4.362043,30,61,8,8,0E-8,0.02022441,,0E-8,0.000000,0.886637,0.000000,,2026-03-23,2026-05-10,9,110,75,49,0.183674,,,0.000000,,,,,,,,GLOBAL_BASELINE_NO_ENTITY_RANKING,,,NOT_APPLICABLE_GLOBAL_BASELINE,HF9g-P5,,,,X 全窗基线 · 不参与实体赏罚,8392791,840,A168_HF9F_20260827_0900,2026-08-27 09:00:00
2026-05-06,139044426,1654,0,21.0061968281,-21.0061968281,-21.0061968281,0E-7,1,1,0.50665070000000000,0.506650700000,-1.013391052207602,-1.013391052207602,-1.013391052207602,0E-17,ELIGIBLE,R03b_20260811_FULL_v1,L1_ELIGIBILITY,v2026-08-11,2026-03-21..2026-08-06,baccarat_bet02_101_all_pairs_incl_sentinel,round_win = game_pnl > 0 (decisive only),COMPATIBILITY_ONLY_NOT_PRODUCTION,23832.9440,21131.1758,482.0073,867,280,-0.02022441,,-0.02022441,-0.02022441,-482.0073,23832.9440,OK,0.0000,19.2803,4.0000,96.0000,AG03-UNRESOLVED,ALL5_LEVELS_bet23_to_bet27,19.2803,19.2803,19.2803,24.1004,24.1004,4.000000,4.000000,4.000000,5.000000,5.000000,96.000000,96.000000,96.000000,95.000000,95.000000,5.0,106.0416,97.1369,375.9657,384.8704,PENDING_AG03,FALSE,NOT_FOR_ENFORCEMENT,462.7270,20285.9288,482.0073,462.7270,19.2803,0.02022441,0.01941544,19.2803,462.7270,0.01941544,19.2803,19.2803,19.2803,24.1004,24.1004,462.7270,0.01941544,106.0416,97.1369,375.9657,384.8704,0.01577504,0.01614867,0.00080898,27.4890,75.4685,1.7215,53.5564,4.3819,2648.1049,31.1111,,27.4890,2.2009,6.3019,33.6099,84.0248,119.5086,262.0623,4.4018,-4.2012,18.964023,41.584918,4.362043,30,61,8,8,0E-8,0.02022441,,0E-8,0.000000,0.886637,0.000000,,2026-03-23,2026-05-10,9,110,75,49,0.183674,,,0.000000,,,,,,,,GLOBAL_BASELINE_NO_ENTITY_RANKING,,,NOT_APPLICABLE_GLOBAL_BASELINE,HF9g-P5,,,,X 全窗基线 · 不参与实体赏罚,8392792,840,A168_HF9F_20260827_0900,2026-08-27 09:00:00
2026-05-06,139044426,2142,0,79.8235479466,-79.8235479466,-79.8235479466,0E-7,5,2,0.46742157840917173,0.252844066667,-1.3248832012899823,-0.8226891248664164,-1.3248832012899823,0.21457751174217173,ELIGIBLE,R03b_20260811_FULL_v1,L1_ELIGIBILITY,v2026-08-11,2026-03-21..2026-08-06,baccarat_bet02_101_all_pairs_incl_sentinel,round_win = game_pnl > 0 (decisive only),COMPATIBILITY_ONLY_NOT_PRODUCTION,23832.9440,21131.1758,482.0073,867,280,-0.02022441,,-0.02022441,-0.02022441,-482.0073,23832.9440,OK,0.0000,19.2803,4.0000,96.0000,AG03-UNRESOLVED,ALL5_LEVELS_bet23_to_bet27,19.2803,19.2803,19.2803,24.1004,24.1004,4.000000,4.000000,4.000000,5.000000,5.000000,96.000000,96.000000,96.000000,95.000000,95.000000,5.0,106.0416,97.1369,375.9657,384.8704,PENDING_AG03,FALSE,NOT_FOR_ENFORCEMENT,462.7270,20285.9288,482.0073,462.7270,19.2803,0.02022441,0.01941544,19.2803,462.7270,0.01941544,19.2803,19.2803,19.2803,24.1004,24.1004,462.7270,0.01941544,106.0416,97.1369,375.9657,384.8704,0.01577504,0.01614867,0.00080898,27.4890,75.4685,1.7215,53.5564,4.3819,2648.1049,31.1111,,27.4890,2.2009,6.3019,33.6099,84.0248,119.5086,262.0623,4.4018,-4.2012,18.964023,41.584918,4.362043,30,61,8,8,0E-8,0.02022441,,0E-8,0.000000,0.886637,0.000000,,2026-03-23,2026-05-10,9,110,75,49,0.183674,,,0.000000,,,,,,,,GLOBAL_BASELINE_NO_ENTITY_RANKING,,,NOT_APPLICABLE_GLOBAL_BASELINE,HF9g-P5,,,,X 全窗基线 · 不参与实体赏罚,8392793,840,A168_HF9F_20260827_0900,2026-08-27 09:00:00
2026-05-06,139044426,2155,0,21.0061968281,-21.0061968281,-21.0061968281,0E-7,1,1,0.49324550000000000,0.493245500000,-0.9865810262130424,-0.9865810262130424,-0.9865810262130424,0E-17,ELIGIBLE,R03b_20260811_FULL_v1,L1_ELIGIBILITY,v2026-08-11,2026-03-21..2026-08-06,baccarat_bet02_101_all_pairs_incl_sentinel,round_win = game_pnl > 0 (decisive only),COMPATIBILITY_ONLY_NOT_PRODUCTION,23832.9440,21131.1758,482.0073,867,280,-0.02022441,,-0.02022441,-0.02022441,-482.0073,23832.9440,OK,0.0000,19.2803,4.0000,96.0000,AG03-UNRESOLVED,ALL5_LEVELS_bet23_to_bet27,19.2803,19.2803,19.2803,24.1004,24.1004,4.000000,4.000000,4.000000,5.000000,5.000000,96.000000,96.000000,96.000000,95.000000,95.000000,5.0,106.0416,97.1369,375.9657,384.8704,PENDING_AG03,FALSE,NOT_FOR_ENFORCEMENT,462.7270,20285.9288,482.0073,462.7270,19.2803,0.02022441,0.01941544,19.2803,462.7270,0.01941544,19.2803,19.2803,19.2803,24.1004,24.1004,462.7270,0.01941544,106.0416,97.1369,375.9657,384.8704,0.01577504,0.01614867,0.00080898,27.4890,75.4685,1.7215,53.5564,4.3819,2648.1049,31.1111,,27.4890,2.2009,6.3019,33.6099,84.0248,119.5086,262.0623,4.4018,-4.2012,18.964023,41.584918,4.362043,30,61,8,8,0E-8,0.02022441,,0E-8,0.000000,0.886637,0.000000,,2026-03-23,2026-05-10,9,110,75,49,0.183674,,,0.000000,,,,,,,,GLOBAL_BASELINE_NO_ENTITY_RANKING,,,NOT_APPLICABLE_GLOBAL_BASELINE,HF9g-P5,,,,X 全窗基线 · 不参与实体赏罚,8392794,840,A168_HF9F_20260827_0900,2026-08-27 09:00:00
2026-05-06,139044426,2212,0,114.6938346813,-81.9241676295,-81.9241676295,0.3333333,7,3,0.47691832193744053,0.309929588889,-0.4979238255340771,0.0876531950962399,-0.4979238255340771,0.16698873304844053,ELIGIBLE,R03b_20260811_FULL_v1,L1_ELIGIBILITY,v2026-08-11,2026-03-21..2026-08-06,baccarat_bet02_101_all_pairs_incl_sentinel,round_win = game_pnl > 0 (decisive only),COMPATIBILITY_ONLY_NOT_PRODUCTION,23832.9440,21131.1758,482.0073,867,280,-0.02022441,,-0.02022441,-0.02022441,-482.0073,23832.9440,OK,0.0000,19.2803,4.0000,96.0000,AG03-UNRESOLVED,ALL5_LEVELS_bet23_to_bet27,19.2803,19.2803,19.2803,24.1004,24.1004,4.000000,4.000000,4.000000,5.000000,5.000000,96.000000,96.000000,96.000000,95.000000,95.000000,5.0,106.0416,97.1369,375.9657,384.8704,PENDING_AG03,FALSE,NOT_FOR_ENFORCEMENT,462.7270,20285.9288,482.0073,462.7270,19.2803,0.02022441,0.01941544,19.2803,462.7270,0.01941544,19.2803,19.2803,19.2803,24.1004,24.1004,462.7270,0.01941544,106.0416,97.1369,375.9657,384.8704,0.01577504,0.01614867,0.00080898,27.4890,75.4685,1.7215,53.5564,4.3819,2648.1049,31.1111,,27.4890,2.2009,6.3019,33.6099,84.0248,119.5086,262.0623,4.4018,-4.2012,18.964023,41.584918,4.362043,30,61,8,8,0E-8,0.02022441,,0E-8,0.000000,0.886637,0.000000,,2026-03-23,2026-05-10,9,110,75,49,0.183674,,,0.000000,,,,,,,,GLOBAL_BASELINE_NO_ENTITY_RANKING,,,NOT_APPLICABLE_GLOBAL_BASELINE,HF9g-P5,,,,X 全窗基线 · 不参与实体赏罚,8392795,840,A168_HF9F_20260827_0900,2026-08-27 09:00:00
2026-05-06,139044426,2256,0,10.5030984140,-10.5030984140,-10.5030984140,0E-7,1,1,0.50665070000000000,0.506650700000,-1.013391052207602,-1.013391052207602,-1.013391052207602,0E-17,ELIGIBLE,R03b_20260811_FULL_v1,L1_ELIGIBILITY,v2026-08-11,2026-03-21..2026-08-06,baccarat_bet02_101_all_pairs_incl_sentinel,round_win = game_pnl > 0 (decisive only),COMPATIBILITY_ONLY_NOT_PRODUCTION,23832.9440,21131.1758,482.0073,867,280,-0.02022441,,-0.02022441,-0.02022441,-482.0073,23832.9440,OK,0.0000,19.2803,4.0000,96.0000,AG03-UNRESOLVED,ALL5_LEVELS_bet23_to_bet27,19.2803,19.2803,19.2803,24.1004,24.1004,4.000000,4.000000,4.000000,5.000000,5.000000,96.000000,96.000000,96.000000,95.000000,95.000000,5.0,106.0416,97.1369,375.9657,384.8704,PENDING_AG03,FALSE,NOT_FOR_ENFORCEMENT,462.7270,20285.9288,482.0073,462.7270,19.2803,0.02022441,0.01941544,19.2803,462.7270,0.01941544,19.2803,19.2803,19.2803,24.1004,24.1004,462.7270,0.01941544,106.0416,97.1369,375.9657,384.8704,0.01577504,0.01614867,0.00080898,27.4890,75.4685,1.7215,53.5564,4.3819,2648.1049,31.1111,,27.4890,2.2009,6.3019,33.6099,84.0248,119.5086,262.0623,4.4018,-4.2012,18.964023,41.584918,4.362043,30,61,8,8,0E-8,0.02022441,,0E-8,0.000000,0.886637,0.000000,,2026-03-23,2026-05-10,9,110,75,49,0.183674,,,0.000000,,,,,,,,GLOBAL_BASELINE_NO_ENTITY_RANKING,,,NOT_APPLICABLE_GLOBAL_BASELINE,HF9g-P5,,,,X 全窗基线 · 不参与实体赏罚,8392796,840,A168_HF9F_20260827_0900,2026-08-27 09:00:00
2026-05-09,139044426,-1,1,67.2198298499,-4.2012393656,-4.2012393656,0.5000000,5,3,0.47276493030313827,0.360494566667,0.07714694223013278,0.4108985788725068,0.07714694223013278,0.11227036363613827,SENTINEL_DEALER,R03b_20260811_FULL_v1,L1_ELIGIBILITY,v2026-08-11,2026-03-21..2026-08-06,baccarat_bet02_101_all_pairs_incl_sentinel,round_win = game_pnl > 0 (decisive only),COMPATIBILITY_ONLY_NOT_PRODUCTION,23832.9440,21131.1758,482.0073,867,280,-0.02022441,,-0.02022441,-0.02022441,-482.0073,23832.9440,OK,0.0000,19.2803,4.0000,96.0000,AG03-UNRESOLVED,ALL5_LEVELS_bet23_to_bet27,19.2803,19.2803,19.2803,24.1004,24.1004,4.000000,4.000000,4.000000,5.000000,5.000000,96.000000,96.000000,96.000000,95.000000,95.000000,5.0,106.0416,97.1369,375.9657,384.8704,PENDING_AG03,FALSE,NOT_FOR_ENFORCEMENT,462.7270,20285.9288,482.0073,462.7270,19.2803,0.02022441,0.01941544,19.2803,462.7270,0.01941544,19.2803,19.2803,19.2803,24.1004,24.1004,462.7270,0.01941544,106.0416,97.1369,375.9657,384.8704,0.01577504,0.01614867,0.00080898,27.4890,75.4685,1.7215,53.5564,4.3819,2648.1049,31.1111,,27.4890,2.2009,6.3019,33.6099,84.0248,119.5086,262.0623,4.4018,-4.2012,18.964023,41.584918,4.362043,30,61,8,8,0E-8,0.02022441,,0E-8,0.000000,0.886637,0.000000,,2026-03-23,2026-05-10,9,110,75,49,0.183674,,,0.000000,,,,,,,,GLOBAL_BASELINE_NO_ENTITY_RANKING,,,NOT_APPLICABLE_GLOBAL_BASELINE,HF9g-P5,,,,X 全窗基线 · 不参与实体赏罚,8392797,840,A168_HF9F_20260827_0900,2026-08-27 09:00:00
2026-05-09,139044426,1078,0,34.6602247663,-34.6602247663,-34.6602247663,0E-7,3,1,0.46670444242435768,0.218271633333,-0.9354853364993727,-0.5284096173047961,-0.9354853364993727,0.24843280909135768,ELIGIBLE,R03b_20260811_FULL_v1,L1_ELIGIBILITY,v2026-08-11,2026-03-21..2026-08-06,baccarat_bet02_101_all_pairs_incl_sentinel,round_win = game_pnl > 0 (decisive only),COMPATIBILITY_ONLY_NOT_PRODUCTION,23832.9440,21131.1758,482.0073,867,280,-0.02022441,,-0.02022441,-0.02022441,-482.0073,23832.9440,OK,0.0000,19.2803,4.0000,96.0000,AG03-UNRESOLVED,ALL5_LEVELS_bet23_to_bet27,19.2803,19.2803,19.2803,24.1004,24.1004,4.000000,4.000000,4.000000,5.000000,5.000000,96.000000,96.000000,96.000000,95.000000,95.000000,5.0,106.0416,97.1369,375.9657,384.8704,PENDING_AG03,FALSE,NOT_FOR_ENFORCEMENT,462.7270,20285.9288,482.0073,462.7270,19.2803,0.02022441,0.01941544,19.2803,462.7270,0.01941544,19.2803,19.2803,19.2803,24.1004,24.1004,462.7270,0.01941544,106.0416,97.1369,375.9657,384.8704,0.01577504,0.01614867,0.00080898,27.4890,75.4685,1.7215,53.5564,4.3819,2648.1049,31.1111,,27.4890,2.2009,6.3019,33.6099,84.0248,119.5086,262.0623,4.4018,-4.2012,18.964023,41.584918,4.362043,30,61,8,8,0E-8,0.02022441,,0E-8,0.000000,0.886637,0.000000,,2026-03-23,2026-05-10,9,110,75,49,0.183674,,,0.000000,,,,,,,,GLOBAL_BASELINE_NO_ENTITY_RANKING,,,NOT_APPLICABLE_GLOBAL_BASELINE,HF9g-P5,,,,X 全窗基线 · 不参与实体赏罚,8392798,840,A168_HF9F_20260827_0900,2026-08-27 09:00:00
2026-05-09,139044426,1751,0,153.3452368448,0E-10,0E-10,0.6666667,12,3,0.43338945888173243,0.172067675000,0.8153638240890945,2.2696912803366134,0.8153638240890945,0.26132178388173243,ELIGIBLE,R03b_20260811_FULL_v1,L1_ELIGIBILITY,v2026-08-11,2026-03-21..2026-08-06,baccarat_bet02_101_all_pairs_incl_sentinel,round_win = game_pnl > 0 (decisive only),COMPATIBILITY_ONLY_NOT_PRODUCTION,23832.9440,21131.1758,482.0073,867,280,-0.02022441,,-0.02022441,-0.02022441,-482.0073,23832.9440,OK,0.0000,19.2803,4.0000,96.0000,AG03-UNRESOLVED,ALL5_LEVELS_bet23_to_bet27,19.2803,19.2803,19.2803,24.1004,24.1004,4.000000,4.000000,4.000000,5.000000,5.000000,96.000000,96.000000,96.000000,95.000000,95.000000,5.0,106.0416,97.1369,375.9657,384.8704,PENDING_AG03,FALSE,NOT_FOR_ENFORCEMENT,462.7270,20285.9288,482.0073,462.7270,19.2803,0.02022441,0.01941544,19.2803,462.7270,0.01941544,19.2803,19.2803,19.2803,24.1004,24.1004,462.7270,0.01941544,106.0416,97.1369,375.9657,384.8704,0.01577504,0.01614867,0.00080898,27.4890,75.4685,1.7215,53.5564,4.3819,2648.1049,31.1111,,27.4890,2.2009,6.3019,33.6099,84.0248,119.5086,262.0623,4.4018,-4.2012,18.964023,41.584918,4.362043,30,61,8,8,0E-8,0.02022441,,0E-8,0.000000,0.886637,0.000000,,2026-03-23,2026-05-10,9,110,75,49,0.183674,,,0.000000,,,,,,,,GLOBAL_BASELINE_NO_ENTITY_RANKING,,,NOT_APPLICABLE_GLOBAL_BASELINE,HF9g-P5,,,,X 全窗基线 · 不参与实体赏罚,8392799,840,A168_HF9F_20260827_0900,2026-08-27 09:00:00
2026-05-09,139044426,2246,0,91.7970801386,-70.7908833105,-70.7908833105,0E-7,3,3,0.50218230000000000,0.502182300000,-1.4203995680682369,-1.4203995680682369,-1.4203995680682369,0E-17,ELIGIBLE,R03b_20260811_FULL_v1,L1_ELIGIBILITY,v2026-08-11,2026-03-21..2026-08-06,baccarat_bet02_101_all_pairs_incl_sentinel,round_win = game_pnl > 0 (decisive only),COMPATIBILITY_ONLY_NOT_PRODUCTION,23832.9440,21131.1758,482.0073,867,280,-0.02022441,,-0.02022441,-0.02022441,-482.0073,23832.9440,OK,0.0000,19.2803,4.0000,96.0000,AG03-UNRESOLVED,ALL5_LEVELS_bet23_to_bet27,19.2803,19.2803,19.2803,24.1004,24.1004,4.000000,4.000000,4.000000,5.000000,5.000000,96.000000,96.000000,96.000000,95.000000,95.000000,5.0,106.0416,97.1369,375.9657,384.8704,PENDING_AG03,FALSE,NOT_FOR_ENFORCEMENT,462.7270,20285.9288,482.0073,462.7270,19.2803,0.02022441,0.01941544,19.2803,462.7270,0.01941544,19.2803,19.2803,19.2803,24.1004,24.1004,462.7270,0.01941544,106.0416,97.1369,375.9657,384.8704,0.01577504,0.01614867,0.00080898,27.4890,75.4685,1.7215,53.5564,4.3819,2648.1049,31.1111,,27.4890,2.2009,6.3019,33.6099,84.0248,119.5086,262.0623,4.4018,-4.2012,18.964023,41.584918,4.362043,30,61,8,8,0E-8,0.02022441,,0E-8,0.000000,0.886637,0.000000,,2026-03-23,2026-05-10,9,110,75,49,0.183674,,,0.000000,,,,,,,,GLOBAL_BASELINE_NO_ENTITY_RANKING,,,NOT_APPLICABLE_GLOBAL_BASELINE,HF9g-P5,,,,X 全窗基线 · 不参与实体赏罚,8392800,840,A168_HF9F_20260827_0900,2026-08-27 09:00:00
2026-05-10,139044426,-1,1,2755.5928999048,-829.9548366762,-829.9548366762,0.3953488,130,44,0.45042468172596931,0.251976621023,-0.7258897982107564,2.1655165964065826,-0.7258897982107564,0.19844806070296931,SENTINEL_DEALER,R03b_20260811_FULL_v1,L1_ELIGIBILITY,v2026-08-11,2026-03-21..2026-08-06,baccarat_bet02_101_all_pairs_incl_sentinel,round_win = game_pnl > 0 (decisive only),COMPATIBILITY_ONLY_NOT_PRODUCTION,23832.9440,21131.1758,482.0073,867,280,-0.02022441,,-0.02022441,-0.02022441,-482.0073,23832.9440,OK,0.0000,19.2803,4.0000,96.0000,AG03-UNRESOLVED,ALL5_LEVELS_bet23_to_bet27,19.2803,19.2803,19.2803,24.1004,24.1004,4.000000,4.000000,4.000000,5.000000,5.000000,96.000000,96.000000,96.000000,95.000000,95.000000,5.0,106.0416,97.1369,375.9657,384.8704,PENDING_AG03,FALSE,NOT_FOR_ENFORCEMENT,462.7270,20285.9288,482.0073,462.7270,19.2803,0.02022441,0.01941544,19.2803,462.7270,0.01941544,19.2803,19.2803,19.2803,24.1004,24.1004,462.7270,0.01941544,106.0416,97.1369,375.9657,384.8704,0.01577504,0.01614867,0.00080898,27.4890,75.4685,1.7215,53.5564,4.3819,2648.1049,31.1111,,27.4890,2.2009,6.3019,33.6099,84.0248,119.5086,262.0623,4.4018,-4.2012,18.964023,41.584918,4.362043,30,61,8,8,0E-8,0.02022441,,0E-8,0.000000,0.886637,0.000000,,2026-03-23,2026-05-10,9,110,75,49,0.183674,,,0.000000,,,,,,,,GLOBAL_BASELINE_NO_ENTITY_RANKING,,,NOT_APPLICABLE_GLOBAL_BASELINE,HF9g-P5,,,,X 全窗基线 · 不参与实体赏罚,8392801,840,A168_HF9F_20260827_0900,2026-08-27 09:00:00
2026-05-10,139044426,1325,0,318.2438819452,-209.0116584392,-209.0116584392,0.3333333,17,6,0.44648576194736175,0.256399951389,-0.5575339261325032,0.43158046178019815,-0.5575339261325032,0.19008581055836175,ELIGIBLE,R03b_20260811_FULL_v1,L1_ELIGIBILITY,v2026-08-11,2026-03-21..2026-08-06,baccarat_bet02_101_all_pairs_incl_sentinel,round_win = game_pnl > 0 (decisive only),COMPATIBILITY_ONLY_NOT_PRODUCTION,23832.9440,21131.1758,482.0073,867,280,-0.02022441,,-0.02022441,-0.02022441,-482.0073,23832.9440,OK,0.0000,19.2803,4.0000,96.0000,AG03-UNRESOLVED,ALL5_LEVELS_bet23_to_bet27,19.2803,19.2803,19.2803,24.1004,24.1004,4.000000,4.000000,4.000000,5.000000,5.000000,96.000000,96.000000,96.000000,95.000000,95.000000,5.0,106.0416,97.1369,375.9657,384.8704,PENDING_AG03,FALSE,NOT_FOR_ENFORCEMENT,462.7270,20285.9288,482.0073,462.7270,19.2803,0.02022441,0.01941544,19.2803,462.7270,0.01941544,19.2803,19.2803,19.2803,24.1004,24.1004,462.7270,0.01941544,106.0416,97.1369,375.9657,384.8704,0.01577504,0.01614867,0.00080898,27.4890,75.4685,1.7215,53.5564,4.3819,2648.1049,31.1111,,27.4890,2.2009,6.3019,33.6099,84.0248,119.5086,262.0623,4.4018,-4.2012,18.964023,41.584918,4.362043,30,61,8,8,0E-8,0.02022441,,0E-8,0.000000,0.886637,0.000000,,2026-03-23,2026-05-10,9,110,75,49,0.183674,,,0.000000,,,,,,,,GLOBAL_BASELINE_NO_ENTITY_RANKING,,,NOT_APPLICABLE_GLOBAL_BASELINE,HF9g-P5,,,,X 全窗基线 · 不参与实体赏罚,8392802,840,A168_HF9F_20260827_0900,2026-08-27 09:00:00
2026-05-10,139044426,1396,0,66.3795819767,-66.3795819767,-66.3795819767,0E-7,6,2,0.44449833457479139,0.220708450000,-1.265049106525867,-0.7526178158621691,-1.265049106525867,0.22378988457479139,ELIGIBLE,R03b_20260811_FULL_v1,L1_ELIGIBILITY,v2026-08-11,2026-03-21..2026-08-06,baccarat_bet02_101_all_pairs_incl_sentinel,round_win = game_pnl > 0 (decisive only),COMPATIBILITY_ONLY_NOT_PRODUCTION,23832.9440,21131.1758,482.0073,867,280,-0.02022441,,-0.02022441,-0.02022441,-482.0073,23832.9440,OK,0.0000,19.2803,4.0000,96.0000,AG03-UNRESOLVED,ALL5_LEVELS_bet23_to_bet27,19.2803,19.2803,19.2803,24.1004,24.1004,4.000000,4.000000,4.000000,5.000000,5.000000,96.000000,96.000000,96.000000,95.000000,95.000000,5.0,106.0416,97.1369,375.9657,384.8704,PENDING_AG03,FALSE,NOT_FOR_ENFORCEMENT,462.7270,20285.9288,482.0073,462.7270,19.2803,0.02022441,0.01941544,19.2803,462.7270,0.01941544,19.2803,19.2803,19.2803,24.1004,24.1004,462.7270,0.01941544,106.0416,97.1369,375.9657,384.8704,0.01577504,0.01614867,0.00080898,27.4890,75.4685,1.7215,53.5564,4.3819,2648.1049,31.1111,,27.4890,2.2009,6.3019,33.6099,84.0248,119.5086,262.0623,4.4018,-4.2012,18.964023,41.584918,4.362043,30,61,8,8,0E-8,0.02022441,,0E-8,0.000000,0.886637,0.000000,,2026-03-23,2026-05-10,9,110,75,49,0.183674,,,0.000000,,,,,,,,GLOBAL_BASELINE_NO_ENTITY_RANKING,,,NOT_APPLICABLE_GLOBAL_BASELINE,HF9g-P5,,,,X 全窗基线 · 不参与实体赏罚,8392803,840,A168_HF9F_20260827_0900,2026-08-27 09:00:00
2026-05-10,139044426,1399,0,83.6046633756,-83.6046633756,-83.6046633756,0E-7,7,2,0.45646047939231776,0.195169654167,-1.2959881345180608,-0.6964163724625718,-1.2959881345180608,0.26129082522531776,ELIGIBLE,R03b_20260811_FULL_v1,L1_ELIGIBILITY,v2026-08-11,2026-03-21..2026-08-06,baccarat_bet02_101_all_pairs_incl_sentinel,round_win = game_pnl > 0 (decisive only),COMPATIBILITY_ONLY_NOT_PRODUCTION,23832.9440,21131.1758,482.0073,867,280,-0.02022441,,-0.02022441,-0.02022441,-482.0073,23832.9440,OK,0.0000,19.2803,4.0000,96.0000,AG03-UNRESOLVED,ALL5_LEVELS_bet23_to_bet27,19.2803,19.2803,19.2803,24.1004,24.1004,4.000000,4.000000,4.000000,5.000000,5.000000,96.000000,96.000000,96.000000,95.000000,95.000000,5.0,106.0416,97.1369,375.9657,384.8704,PENDING_AG03,FALSE,NOT_FOR_ENFORCEMENT,462.7270,20285.9288,482.0073,462.7270,19.2803,0.02022441,0.01941544,19.2803,462.7270,0.01941544,19.2803,19.2803,19.2803,24.1004,24.1004,462.7270,0.01941544,106.0416,97.1369,375.9657,384.8704,0.01577504,0.01614867,0.00080898,27.4890,75.4685,1.7215,53.5564,4.3819,2648.1049,31.1111,,27.4890,2.2009,6.3019,33.6099,84.0248,119.5086,262.0623,4.4018,-4.2012,18.964023,41.584918,4.362043,30,61,8,8,0E-8,0.02022441,,0E-8,0.000000,0.886637,0.000000,,2026-03-23,2026-05-10,9,110,75,49,0.183674,,,0.000000,,,,,,,,GLOBAL_BASELINE_NO_ENTITY_RANKING,,,NOT_APPLICABLE_GLOBAL_BASELINE,HF9g-P5,,,,X 全窗基线 · 不参与实体赏罚,8392804,840,A168_HF9F_20260827_0900,2026-08-27 09:00:00
2026-05-10,139044426,1509,0,263.8378321604,-242.8316353324,-242.8316353324,0.2000000,17,5,0.43805834800693619,0.204378231667,-1.0728940213829075,-0.02427801038759777,-1.0728940213829075,0.23368011633993619,ELIGIBLE,R03b_20260811_FULL_v1,L1_ELIGIBILITY,v2026-08-11,2026-03-21..2026-08-06,baccarat_bet02_101_all_pairs_incl_sentinel,round_win = game_pnl > 0 (decisive only),COMPATIBILITY_ONLY_NOT_PRODUCTION,23832.9440,21131.1758,482.0073,867,280,-0.02022441,,-0.02022441,-0.02022441,-482.0073,23832.9440,OK,0.0000,19.2803,4.0000,96.0000,AG03-UNRESOLVED,ALL5_LEVELS_bet23_to_bet27,19.2803,19.2803,19.2803,24.1004,24.1004,4.000000,4.000000,4.000000,5.000000,5.000000,96.000000,96.000000,96.000000,95.000000,95.000000,5.0,106.0416,97.1369,375.9657,384.8704,PENDING_AG03,FALSE,NOT_FOR_ENFORCEMENT,462.7270,20285.9288,482.0073,462.7270,19.2803,0.02022441,0.01941544,19.2803,462.7270,0.01941544,19.2803,19.2803,19.2803,24.1004,24.1004,462.7270,0.01941544,106.0416,97.1369,375.9657,384.8704,0.01577504,0.01614867,0.00080898,27.4890,75.4685,1.7215,53.5564,4.3819,2648.1049,31.1111,,27.4890,2.2009,6.3019,33.6099,84.0248,119.5086,262.0623,4.4018,-4.2012,18.964023,41.584918,4.362043,30,61,8,8,0E-8,0.02022441,,0E-8,0.000000,0.886637,0.000000,,2026-03-23,2026-05-10,9,110,75,49,0.183674,,,0.000000,,,,,,,,GLOBAL_BASELINE_NO_ENTITY_RANKING,,,NOT_APPLICABLE_GLOBAL_BASELINE,HF9g-P5,,,,X 全窗基线 · 不参与实体赏罚,8392805,840,A168_HF9F_20260827_0900,2026-08-27 09:00:00
2026-05-10,139044426,1645,0,241.5712635230,87.3857788046,87.3857788046,0.8000000,14,5,0.44471798825561699,0.235999513334,1.5986709041284624,2.9700387090390534,1.5986709041284624,0.20871847492161699,ELIGIBLE,R03b_20260811_FULL_v1,L1_ELIGIBILITY,v2026-08-11,2026-03-21..2026-08-06,baccarat_bet02_101_all_pairs_incl_sentinel,round_win = game_pnl > 0 (decisive only),COMPATIBILITY_ONLY_NOT_PRODUCTION,23832.9440,21131.1758,482.0073,867,280,-0.02022441,,-0.02022441,-0.02022441,-482.0073,23832.9440,OK,0.0000,19.2803,4.0000,96.0000,AG03-UNRESOLVED,ALL5_LEVELS_bet23_to_bet27,19.2803,19.2803,19.2803,24.1004,24.1004,4.000000,4.000000,4.000000,5.000000,5.000000,96.000000,96.000000,96.000000,95.000000,95.000000,5.0,106.0416,97.1369,375.9657,384.8704,PENDING_AG03,FALSE,NOT_FOR_ENFORCEMENT,462.7270,20285.9288,482.0073,462.7270,19.2803,0.02022441,0.01941544,19.2803,462.7270,0.01941544,19.2803,19.2803,19.2803,24.1004,24.1004,462.7270,0.01941544,106.0416,97.1369,375.9657,384.8704,0.01577504,0.01614867,0.00080898,27.4890,75.4685,1.7215,53.5564,4.3819,2648.1049,31.1111,,27.4890,2.2009,6.3019,33.6099,84.0248,119.5086,262.0623,4.4018,-4.2012,18.964023,41.584918,4.362043,30,61,8,8,0E-8,0.02022441,,0E-8,0.000000,0.886637,0.000000,,2026-03-23,2026-05-10,9,110,75,49,0.183674,,,0.000000,,,,,,,,GLOBAL_BASELINE_NO_ENTITY_RANKING,,,NOT_APPLICABLE_GLOBAL_BASELINE,HF9g-P5,,,,X 全窗基线 · 不参与实体赏罚,8392806,840,A168_HF9F_20260827_0900,2026-08-27 09:00:00
2026-05-10,139044426,1646,0,409.6208381473,-409.6208381473,-409.6208381473,0E-7,4,1,0.46010394923077391,0.172067675000,-0.9231513415092161,-0.45588176990443235,-0.9231513415092161,0.28803627423077391,ELIGIBLE,R03b_20260811_FULL_v1,L1_ELIGIBILITY,v2026-08-11,2026-03-21..2026-08-06,baccarat_bet02_101_all_pairs_incl_sentinel,round_win = game_pnl > 0 (decisive only),COMPATIBILITY_ONLY_NOT_PRODUCTION,23832.9440,21131.1758,482.0073,867,280,-0.02022441,,-0.02022441,-0.02022441,-482.0073,23832.9440,OK,0.0000,19.2803,4.0000,96.0000,AG03-UNRESOLVED,ALL5_LEVELS_bet23_to_bet27,19.2803,19.2803,19.2803,24.1004,24.1004,4.000000,4.000000,4.000000,5.000000,5.000000,96.000000,96.000000,96.000000,95.000000,95.000000,5.0,106.0416,97.1369,375.9657,384.8704,PENDING_AG03,FALSE,NOT_FOR_ENFORCEMENT,462.7270,20285.9288,482.0073,462.7270,19.2803,0.02022441,0.01941544,19.2803,462.7270,0.01941544,19.2803,19.2803,19.2803,24.1004,24.1004,462.7270,0.01941544,106.0416,97.1369,375.9657,384.8704,0.01577504,0.01614867,0.00080898,27.4890,75.4685,1.7215,53.5564,4.3819,2648.1049,31.1111,,27.4890,2.2009,6.3019,33.6099,84.0248,119.5086,262.0623,4.4018,-4.2012,18.964023,41.584918,4.362043,30,61,8,8,0E-8,0.02022441,,0E-8,0.000000,0.886637,0.000000,,2026-03-23,2026-05-10,9,110,75,49,0.183674,,,0.000000,,,,,,,,GLOBAL_BASELINE_NO_ENTITY_RANKING,,,NOT_APPLICABLE_GLOBAL_BASELINE,HF9g-P5,,,,X 全窗基线 · 不参与实体赏罚,8392807,840,A168_HF9F_20260827_0900,2026-08-27 09:00:00
2026-05-10,139044426,1704,0,915.8701817034,298.5610755174,298.5610755174,0.8750000,24,8,0.46678793799166291,0.218271633333,2.3143073338001248,4.496806335418945,2.3143073338001248,0.24851630465866291,ELIGIBLE,R03b_20260811_FULL_v1,L1_ELIGIBILITY,v2026-08-11,2026-03-21..2026-08-06,baccarat_bet02_101_all_pairs_incl_sentinel,round_win = game_pnl > 0 (decisive only),COMPATIBILITY_ONLY_NOT_PRODUCTION,23832.9440,21131.1758,482.0073,867,280,-0.02022441,,-0.02022441,-0.02022441,-482.0073,23832.9440,OK,0.0000,19.2803,4.0000,96.0000,AG03-UNRESOLVED,ALL5_LEVELS_bet23_to_bet27,19.2803,19.2803,19.2803,24.1004,24.1004,4.000000,4.000000,4.000000,5.000000,5.000000,96.000000,96.000000,96.000000,95.000000,95.000000,5.0,106.0416,97.1369,375.9657,384.8704,PENDING_AG03,FALSE,NOT_FOR_ENFORCEMENT,462.7270,20285.9288,482.0073,462.7270,19.2803,0.02022441,0.01941544,19.2803,462.7270,0.01941544,19.2803,19.2803,19.2803,24.1004,24.1004,462.7270,0.01941544,106.0416,97.1369,375.9657,384.8704,0.01577504,0.01614867,0.00080898,27.4890,75.4685,1.7215,53.5564,4.3819,2648.1049,31.1111,,27.4890,2.2009,6.3019,33.6099,84.0248,119.5086,262.0623,4.4018,-4.2012,18.964023,41.584918,4.362043,30,61,8,8,0E-8,0.02022441,,0E-8,0.000000,0.886637,0.000000,,2026-03-23,2026-05-10,9,110,75,49,0.183674,,,0.000000,,,,,,,,GLOBAL_BASELINE_NO_ENTITY_RANKING,,,NOT_APPLICABLE_GLOBAL_BASELINE,HF9g-P5,,,,X 全窗基线 · 不参与实体赏罚,8392808,840,A168_HF9F_20260827_0900,2026-08-27 09:00:00
2026-05-10,139044426,1957,0,87.1757168364,-13.4439659699,-13.4439659699,0.5000000,6,2,0.46962177162013144,0.218271633333,0.08608163062771287,0.964537218427919,0.08608163062771287,0.25135013828713144,ELIGIBLE,R03b_20260811_FULL_v1,L1_ELIGIBILITY,v2026-08-11,2026-03-21..2026-08-06,baccarat_bet02_101_all_pairs_incl_sentinel,round_win = game_pnl > 0 (decisive only),COMPATIBILITY_ONLY_NOT_PRODUCTION,23832.9440,21131.1758,482.0073,867,280,-0.02022441,,-0.02022441,-0.02022441,-482.0073,23832.9440,OK,0.0000,19.2803,4.0000,96.0000,AG03-UNRESOLVED,ALL5_LEVELS_bet23_to_bet27,19.2803,19.2803,19.2803,24.1004,24.1004,4.000000,4.000000,4.000000,5.000000,5.000000,96.000000,96.000000,96.000000,95.000000,95.000000,5.0,106.0416,97.1369,375.9657,384.8704,PENDING_AG03,FALSE,NOT_FOR_ENFORCEMENT,462.7270,20285.9288,482.0073,462.7270,19.2803,0.02022441,0.01941544,19.2803,462.7270,0.01941544,19.2803,19.2803,19.2803,24.1004,24.1004,462.7270,0.01941544,106.0416,97.1369,375.9657,384.8704,0.01577504,0.01614867,0.00080898,27.4890,75.4685,1.7215,53.5564,4.3819,2648.1049,31.1111,,27.4890,2.2009,6.3019,33.6099,84.0248,119.5086,262.0623,4.4018,-4.2012,18.964023,41.584918,4.362043,30,61,8,8,0E-8,0.02022441,,0E-8,0.000000,0.886637,0.000000,,2026-03-23,2026-05-10,9,110,75,49,0.183674,,,0.000000,,,,,,,,GLOBAL_BASELINE_NO_ENTITY_RANKING,,,NOT_APPLICABLE_GLOBAL_BASELINE,HF9g-P5,,,,X 全窗基线 · 不参与实体赏罚,8392809,840,A168_HF9F_20260827_0900,2026-08-27 09:00:00
2026-05-10,139044426,2089,0,39.9117739733,-39.9117739733,-39.9117739733,0E-7,4,1,0.43611971315803787,0.172067675000,-0.8794464555318048,-0.45588176990443235,-0.8794464555318048,0.26405203815803787,ELIGIBLE,R03b_20260811_FULL_v1,L1_ELIGIBILITY,v2026-08-11,2026-03-21..2026-08-06,baccarat_bet02_101_all_pairs_incl_sentinel,round_win = game_pnl > 0 (decisive only),COMPATIBILITY_ONLY_NOT_PRODUCTION,23832.9440,21131.1758,482.0073,867,280,-0.02022441,,-0.02022441,-0.02022441,-482.0073,23832.9440,OK,0.0000,19.2803,4.0000,96.0000,AG03-UNRESOLVED,ALL5_LEVELS_bet23_to_bet27,19.2803,19.2803,19.2803,24.1004,24.1004,4.000000,4.000000,4.000000,5.000000,5.000000,96.000000,96.000000,96.000000,95.000000,95.000000,5.0,106.0416,97.1369,375.9657,384.8704,PENDING_AG03,FALSE,NOT_FOR_ENFORCEMENT,462.7270,20285.9288,482.0073,462.7270,19.2803,0.02022441,0.01941544,19.2803,462.7270,0.01941544,19.2803,19.2803,19.2803,24.1004,24.1004,462.7270,0.01941544,106.0416,97.1369,375.9657,384.8704,0.01577504,0.01614867,0.00080898,27.4890,75.4685,1.7215,53.5564,4.3819,2648.1049,31.1111,,27.4890,2.2009,6.3019,33.6099,84.0248,119.5086,262.0623,4.4018,-4.2012,18.964023,41.584918,4.362043,30,61,8,8,0E-8,0.02022441,,0E-8,0.000000,0.886637,0.000000,,2026-03-23,2026-05-10,9,110,75,49,0.183674,,,0.000000,,,,,,,,GLOBAL_BASELINE_NO_ENTITY_RANKING,,,NOT_APPLICABLE_GLOBAL_BASELINE,HF9g-P5,,,,X 全窗基线 · 不参与实体赏罚,8392810,840,A168_HF9F_20260827_0900,2026-08-27 09:00:00
2026-05-10,139044426,2103,0,114.2737107447,-114.2737107447,-114.2737107447,0E-7,3,1,0.48241859522066882,0.218271633333,-0.9654342176638302,-0.5284096173047961,-0.9654342176638302,0.26414696188766882,ELIGIBLE,R03b_20260811_FULL_v1,L1_ELIGIBILITY,v2026-08-11,2026-03-21..2026-08-06,baccarat_bet02_101_all_pairs_incl_sentinel,round_win = game_pnl > 0 (decisive only),COMPATIBILITY_ONLY_NOT_PRODUCTION,23832.9440,21131.1758,482.0073,867,280,-0.02022441,,-0.02022441,-0.02022441,-482.0073,23832.9440,OK,0.0000,19.2803,4.0000,96.0000,AG03-UNRESOLVED,ALL5_LEVELS_bet23_to_bet27,19.2803,19.2803,19.2803,24.1004,24.1004,4.000000,4.000000,4.000000,5.000000,5.000000,96.000000,96.000000,96.000000,95.000000,95.000000,5.0,106.0416,97.1369,375.9657,384.8704,PENDING_AG03,FALSE,NOT_FOR_ENFORCEMENT,462.7270,20285.9288,482.0073,462.7270,19.2803,0.02022441,0.01941544,19.2803,462.7270,0.01941544,19.2803,19.2803,19.2803,24.1004,24.1004,462.7270,0.01941544,106.0416,97.1369,375.9657,384.8704,0.01577504,0.01614867,0.00080898,27.4890,75.4685,1.7215,53.5564,4.3819,2648.1049,31.1111,,27.4890,2.2009,6.3019,33.6099,84.0248,119.5086,262.0623,4.4018,-4.2012,18.964023,41.584918,4.362043,30,61,8,8,0E-8,0.02022441,,0E-8,0.000000,0.886637,0.000000,,2026-03-23,2026-05-10,9,110,75,49,0.183674,,,0.000000,,,,,,,,GLOBAL_BASELINE_NO_ENTITY_RANKING,,,NOT_APPLICABLE_GLOBAL_BASELINE,HF9g-P5,,,,X 全窗基线 · 不参与实体赏罚,8392811,840,A168_HF9F_20260827_0900,2026-08-27 09:00:00
2026-05-10,139044426,2106,0,13.2339040017,-13.2339040017,-13.2339040017,0E-7,2,1,0.46160719047633392,0.293924150000,-0.9259481260346429,-0.6451964315166089,-0.9259481260346429,0.16768304047633392,ELIGIBLE,R03b_20260811_FULL_v1,L1_ELIGIBILITY,v2026-08-11,2026-03-21..2026-08-06,baccarat_bet02_101_all_pairs_incl_sentinel,round_win = game_pnl > 0 (decisive only),COMPATIBILITY_ONLY_NOT_PRODUCTION,23832.9440,21131.1758,482.0073,867,280,-0.02022441,,-0.02022441,-0.02022441,-482.0073,23832.9440,OK,0.0000,19.2803,4.0000,96.0000,AG03-UNRESOLVED,ALL5_LEVELS_bet23_to_bet27,19.2803,19.2803,19.2803,24.1004,24.1004,4.000000,4.000000,4.000000,5.000000,5.000000,96.000000,96.000000,96.000000,95.000000,95.000000,5.0,106.0416,97.1369,375.9657,384.8704,PENDING_AG03,FALSE,NOT_FOR_ENFORCEMENT,462.7270,20285.9288,482.0073,462.7270,19.2803,0.02022441,0.01941544,19.2803,462.7270,0.01941544,19.2803,19.2803,19.2803,24.1004,24.1004,462.7270,0.01941544,106.0416,97.1369,375.9657,384.8704,0.01577504,0.01614867,0.00080898,27.4890,75.4685,1.7215,53.5564,4.3819,2648.1049,31.1111,,27.4890,2.2009,6.3019,33.6099,84.0248,119.5086,262.0623,4.4018,-4.2012,18.964023,41.584918,4.362043,30,61,8,8,0E-8,0.02022441,,0E-8,0.000000,0.886637,0.000000,,2026-03-23,2026-05-10,9,110,75,49,0.183674,,,0.000000,,,,,,,,GLOBAL_BASELINE_NO_ENTITY_RANKING,,,NOT_APPLICABLE_GLOBAL_BASELINE,HF9g-P5,,,,X 全窗基线 · 不参与实体赏罚,8392812,840,A168_HF9F_20260827_0900,2026-08-27 09:00:00
2026-05-10,139044426,2121,0,728.9150299337,-228.0222665684,-228.0222665684,0.6666667,19,6,0.46231767493903473,0.210570973611,1.0039567304464134,2.740159217768197,1.0039567304464134,0.25174670132803473,ELIGIBLE,R03b_20260811_FULL_v1,L1_ELIGIBILITY,v2026-08-11,2026-03-21..2026-08-06,baccarat_bet02_101_all_pairs_incl_sentinel,round_win = game_pnl > 0 (decisive only),COMPATIBILITY_ONLY_NOT_PRODUCTION,23832.9440,21131.1758,482.0073,867,280,-0.02022441,,-0.02022441,-0.02022441,-482.0073,23832.9440,OK,0.0000,19.2803,4.0000,96.0000,AG03-UNRESOLVED,ALL5_LEVELS_bet23_to_bet27,19.2803,19.2803,19.2803,24.1004,24.1004,4.000000,4.000000,4.000000,5.000000,5.000000,96.000000,96.000000,96.000000,95.000000,95.000000,5.0,106.0416,97.1369,375.9657,384.8704,PENDING_AG03,FALSE,NOT_FOR_ENFORCEMENT,462.7270,20285.9288,482.0073,462.7270,19.2803,0.02022441,0.01941544,19.2803,462.7270,0.01941544,19.2803,19.2803,19.2803,24.1004,24.1004,462.7270,0.01941544,106.0416,97.1369,375.9657,384.8704,0.01577504,0.01614867,0.00080898,27.4890,75.4685,1.7215,53.5564,4.3819,2648.1049,31.1111,,27.4890,2.2009,6.3019,33.6099,84.0248,119.5086,262.0623,4.4018,-4.2012,18.964023,41.584918,4.362043,30,61,8,8,0E-8,0.02022441,,0E-8,0.000000,0.886637,0.000000,,2026-03-23,2026-05-10,9,110,75,49,0.183674,,,0.000000,,,,,,,,GLOBAL_BASELINE_NO_ENTITY_RANKING,,,NOT_APPLICABLE_GLOBAL_BASELINE,HF9g-P5,,,,X 全窗基线 · 不参与实体赏罚,8392813,840,A168_HF9F_20260827_0900,2026-08-27 09:00:00
2026-05-10,139044426,2127,0,62.1783426110,-62.1783426110,-62.1783426110,0E-7,4,1,0.43593572635146196,0.172067675000,-0.879117518322102,-0.45588176990443235,-0.879117518322102,0.26386805135146196,ELIGIBLE,R03b_20260811_FULL_v1,L1_ELIGIBILITY,v2026-08-11,2026-03-21..2026-08-06,baccarat_bet02_101_all_pairs_incl_sentinel,round_win = game_pnl > 0 (decisive only),COMPATIBILITY_ONLY_NOT_PRODUCTION,23832.9440,21131.1758,482.0073,867,280,-0.02022441,,-0.02022441,-0.02022441,-482.0073,23832.9440,OK,0.0000,19.2803,4.0000,96.0000,AG03-UNRESOLVED,ALL5_LEVELS_bet23_to_bet27,19.2803,19.2803,19.2803,24.1004,24.1004,4.000000,4.000000,4.000000,5.000000,5.000000,96.000000,96.000000,96.000000,95.000000,95.000000,5.0,106.0416,97.1369,375.9657,384.8704,PENDING_AG03,FALSE,NOT_FOR_ENFORCEMENT,462.7270,20285.9288,482.0073,462.7270,19.2803,0.02022441,0.01941544,19.2803,462.7270,0.01941544,19.2803,19.2803,19.2803,24.1004,24.1004,462.7270,0.01941544,106.0416,97.1369,375.9657,384.8704,0.01577504,0.01614867,0.00080898,27.4890,75.4685,1.7215,53.5564,4.3819,2648.1049,31.1111,,27.4890,2.2009,6.3019,33.6099,84.0248,119.5086,262.0623,4.4018,-4.2012,18.964023,41.584918,4.362043,30,61,8,8,0E-8,0.02022441,,0E-8,0.000000,0.886637,0.000000,,2026-03-23,2026-05-10,9,110,75,49,0.183674,,,0.000000,,,,,,,,GLOBAL_BASELINE_NO_ENTITY_RANKING,,,NOT_APPLICABLE_GLOBAL_BASELINE,HF9g-P5,,,,X 全窗基线 · 不参与实体赏罚,8392814,840,A168_HF9F_20260827_0900,2026-08-27 09:00:00
2026-05-10,139044426,2130,0,153.1351748766,10.3035395442,10.3035395442,0.5000000,6,2,0.44187897879603820,0.226086862500,0.16551310013372317,0.9260705796436639,0.16551310013372317,0.21579211629603820,ELIGIBLE,R03b_20260811_FULL_v1,L1_ELIGIBILITY,v2026-08-11,2026-03-21..2026-08-06,baccarat_bet02_101_all_pairs_incl_sentinel,round_win = game_pnl > 0 (decisive only),COMPATIBILITY_ONLY_NOT_PRODUCTION,23832.9440,21131.1758,482.0073,867,280,-0.02022441,,-0.02022441,-0.02022441,-482.0073,23832.9440,OK,0.0000,19.2803,4.0000,96.0000,AG03-UNRESOLVED,ALL5_LEVELS_bet23_to_bet27,19.2803,19.2803,19.2803,24.1004,24.1004,4.000000,4.000000,4.000000,5.000000,5.000000,96.000000,96.000000,96.000000,95.000000,95.000000,5.0,106.0416,97.1369,375.9657,384.8704,PENDING_AG03,FALSE,NOT_FOR_ENFORCEMENT,462.7270,20285.9288,482.0073,462.7270,19.2803,0.02022441,0.01941544,19.2803,462.7270,0.01941544,19.2803,19.2803,19.2803,24.1004,24.1004,462.7270,0.01941544,106.0416,97.1369,375.9657,384.8704,0.01577504,0.01614867,0.00080898,27.4890,75.4685,1.7215,53.5564,4.3819,2648.1049,31.1111,,27.4890,2.2009,6.3019,33.6099,84.0248,119.5086,262.0623,4.4018,-4.2012,18.964023,41.584918,4.362043,30,61,8,8,0E-8,0.02022441,,0E-8,0.000000,0.886637,0.000000,,2026-03-23,2026-05-10,9,110,75,49,0.183674,,,0.000000,,,,,,,,GLOBAL_BASELINE_NO_ENTITY_RANKING,,,NOT_APPLICABLE_GLOBAL_BASELINE,HF9g-P5,,,,X 全窗基线 · 不参与实体赏罚,8392815,840,A168_HF9F_20260827_0900,2026-08-27 09:00:00
2026-05-10,139044426,2142,0,829.7447747083,722.6131708856,722.6131708856,1.0000000,20,5,0.45279091343271686,0.172067675000,2.458175019155641,4.90492957849256,2.458175019155641,0.28072323843271686,ELIGIBLE,R03b_20260811_FULL_v1,L1_ELIGIBILITY,v2026-08-11,2026-03-21..2026-08-06,baccarat_bet02_101_all_pairs_incl_sentinel,round_win = game_pnl > 0 (decisive only),COMPATIBILITY_ONLY_NOT_PRODUCTION,23832.9440,21131.1758,482.0073,867,280,-0.02022441,,-0.02022441,-0.02022441,-482.0073,23832.9440,OK,0.0000,19.2803,4.0000,96.0000,AG03-UNRESOLVED,ALL5_LEVELS_bet23_to_bet27,19.2803,19.2803,19.2803,24.1004,24.1004,4.000000,4.000000,4.000000,5.000000,5.000000,96.000000,96.000000,96.000000,95.000000,95.000000,5.0,106.0416,97.1369,375.9657,384.8704,PENDING_AG03,FALSE,NOT_FOR_ENFORCEMENT,462.7270,20285.9288,482.0073,462.7270,19.2803,0.02022441,0.01941544,19.2803,462.7270,0.01941544,19.2803,19.2803,19.2803,24.1004,24.1004,462.7270,0.01941544,106.0416,97.1369,375.9657,384.8704,0.01577504,0.01614867,0.00080898,27.4890,75.4685,1.7215,53.5564,4.3819,2648.1049,31.1111,,27.4890,2.2009,6.3019,33.6099,84.0248,119.5086,262.0623,4.4018,-4.2012,18.964023,41.584918,4.362043,30,61,8,8,0E-8,0.02022441,,0E-8,0.000000,0.886637,0.000000,,2026-03-23,2026-05-10,9,110,75,49,0.183674,,,0.000000,,,,,,,,GLOBAL_BASELINE_NO_ENTITY_RANKING,,,NOT_APPLICABLE_GLOBAL_BASELINE,HF9g-P5,,,,X 全窗基线 · 不参与实体赏罚,8392816,840,A168_HF9F_20260827_0900,2026-08-27 09:00:00
2026-05-10,139044426,2145,0,299.3383047997,19.6407940344,19.6407940344,0.7500000,15,4,0.44682494433750612,0.183618664583,1.219616981130424,2.9257282354970098,1.219616981130424,0.26320627975450612,ELIGIBLE,R03b_20260811_FULL_v1,L1_ELIGIBILITY,v2026-08-11,2026-03-21..2026-08-06,baccarat_bet02_101_all_pairs_incl_sentinel,round_win = game_pnl > 0 (decisive only),COMPATIBILITY_ONLY_NOT_PRODUCTION,23832.9440,21131.1758,482.0073,867,280,-0.02022441,,-0.02022441,-0.02022441,-482.0073,23832.9440,OK,0.0000,19.2803,4.0000,96.0000,AG03-UNRESOLVED,ALL5_LEVELS_bet23_to_bet27,19.2803,19.2803,19.2803,24.1004,24.1004,4.000000,4.000000,4.000000,5.000000,5.000000,96.000000,96.000000,96.000000,95.000000,95.000000,5.0,106.0416,97.1369,375.9657,384.8704,PENDING_AG03,FALSE,NOT_FOR_ENFORCEMENT,462.7270,20285.9288,482.0073,462.7270,19.2803,0.02022441,0.01941544,19.2803,462.7270,0.01941544,19.2803,19.2803,19.2803,24.1004,24.1004,462.7270,0.01941544,106.0416,97.1369,375.9657,384.8704,0.01577504,0.01614867,0.00080898,27.4890,75.4685,1.7215,53.5564,4.3819,2648.1049,31.1111,,27.4890,2.2009,6.3019,33.6099,84.0248,119.5086,262.0623,4.4018,-4.2012,18.964023,41.584918,4.362043,30,61,8,8,0E-8,0.02022441,,0E-8,0.000000,0.886637,0.000000,,2026-03-23,2026-05-10,9,110,75,49,0.183674,,,0.000000,,,,,,,,GLOBAL_BASELINE_NO_ENTITY_RANKING,,,NOT_APPLICABLE_GLOBAL_BASELINE,HF9g-P5,,,,X 全窗基线 · 不参与实体赏罚,8392817,840,A168_HF9F_20260827_0900,2026-08-27 09:00:00
2026-05-10,139044426,2147,0,247.8731225711,-58.8173511185,-58.8173511185,0.5000000,11,4,0.46376102654497608,0.276682518750,0.14533813089582004,0.9983834555620894,0.14533813089582004,0.18707850779497608,ELIGIBLE,R03b_20260811_FULL_v1,L1_ELIGIBILITY,v2026-08-11,2026-03-21..2026-08-06,baccarat_bet02_101_all_pairs_incl_sentinel,round_win = game_pnl > 0 (decisive only),COMPATIBILITY_ONLY_NOT_PRODUCTION,23832.9440,21131.1758,482.0073,867,280,-0.02022441,,-0.02022441,-0.02022441,-482.0073,23832.9440,OK,0.0000,19.2803,4.0000,96.0000,AG03-UNRESOLVED,ALL5_LEVELS_bet23_to_bet27,19.2803,19.2803,19.2803,24.1004,24.1004,4.000000,4.000000,4.000000,5.000000,5.000000,96.000000,96.000000,96.000000,95.000000,95.000000,5.0,106.0416,97.1369,375.9657,384.8704,PENDING_AG03,FALSE,NOT_FOR_ENFORCEMENT,462.7270,20285.9288,482.0073,462.7270,19.2803,0.02022441,0.01941544,19.2803,462.7270,0.01941544,19.2803,19.2803,19.2803,24.1004,24.1004,462.7270,0.01941544,106.0416,97.1369,375.9657,384.8704,0.01577504,0.01614867,0.00080898,27.4890,75.4685,1.7215,53.5564,4.3819,2648.1049,31.1111,,27.4890,2.2009,6.3019,33.6099,84.0248,119.5086,262.0623,4.4018,-4.2012,18.964023,41.584918,4.362043,30,61,8,8,0E-8,0.02022441,,0E-8,0.000000,0.886637,0.000000,,2026-03-23,2026-05-10,9,110,75,49,0.183674,,,0.000000,,,,,,,,GLOBAL_BASELINE_NO_ENTITY_RANKING,,,NOT_APPLICABLE_GLOBAL_BASELINE,HF9g-P5,,,,X 全窗基线 · 不参与实体赏罚,8392818,840,A168_HF9F_20260827_0900,2026-08-27 09:00:00
2026-05-10,139044426,2152,0,607.9193362040,6.5119210169,6.5119210169,0.3333333,10,3,0.47290529372387640,0.206862058333,-0.4842029051774788,0.5408013168044584,-0.4842029051774788,0.26604323539087640,ELIGIBLE,R03b_20260811_FULL_v1,L1_ELIGIBILITY,v2026-08-11,2026-03-21..2026-08-06,baccarat_bet02_101_all_pairs_incl_sentinel,round_win = game_pnl > 0 (decisive only),COMPATIBILITY_ONLY_NOT_PRODUCTION,23832.9440,21131.1758,482.0073,867,280,-0.02022441,,-0.02022441,-0.02022441,-482.0073,23832.9440,OK,0.0000,19.2803,4.0000,96.0000,AG03-UNRESOLVED,ALL5_LEVELS_bet23_to_bet27,19.2803,19.2803,19.2803,24.1004,24.1004,4.000000,4.000000,4.000000,5.000000,5.000000,96.000000,96.000000,96.000000,95.000000,95.000000,5.0,106.0416,97.1369,375.9657,384.8704,PENDING_AG03,FALSE,NOT_FOR_ENFORCEMENT,462.7270,20285.9288,482.0073,462.7270,19.2803,0.02022441,0.01941544,19.2803,462.7270,0.01941544,19.2803,19.2803,19.2803,24.1004,24.1004,462.7270,0.01941544,106.0416,97.1369,375.9657,384.8704,0.01577504,0.01614867,0.00080898,27.4890,75.4685,1.7215,53.5564,4.3819,2648.1049,31.1111,,27.4890,2.2009,6.3019,33.6099,84.0248,119.5086,262.0623,4.4018,-4.2012,18.964023,41.584918,4.362043,30,61,8,8,0E-8,0.02022441,,0E-8,0.000000,0.886637,0.000000,,2026-03-23,2026-05-10,9,110,75,49,0.183674,,,0.000000,,,,,,,,GLOBAL_BASELINE_NO_ENTITY_RANKING,,,NOT_APPLICABLE_GLOBAL_BASELINE,HF9g-P5,,,,X 全窗基线 · 不参与实体赏罚,8392819,840,A168_HF9F_20260827_0900,2026-08-27 09:00:00
2026-05-10,139044426,2174,0,71.4210692154,-71.4210692154,-71.4210692154,0E-7,4,1,0.44335228529425736,0.172067675000,-0.8924507533650733,-0.45588176990443235,-0.8924507533650733,0.27128461029425736,ELIGIBLE,R03b_20260811_FULL_v1,L1_ELIGIBILITY,v2026-08-11,2026-03-21..2026-08-06,baccarat_bet02_101_all_pairs_incl_sentinel,round_win = game_pnl > 0 (decisive only),COMPATIBILITY_ONLY_NOT_PRODUCTION,23832.9440,21131.1758,482.0073,867,280,-0.02022441,,-0.02022441,-0.02022441,-482.0073,23832.9440,OK,0.0000,19.2803,4.0000,96.0000,AG03-UNRESOLVED,ALL5_LEVELS_bet23_to_bet27,19.2803,19.2803,19.2803,24.1004,24.1004,4.000000,4.000000,4.000000,5.000000,5.000000,96.000000,96.000000,96.000000,95.000000,95.000000,5.0,106.0416,97.1369,375.9657,384.8704,PENDING_AG03,FALSE,NOT_FOR_ENFORCEMENT,462.7270,20285.9288,482.0073,462.7270,19.2803,0.02022441,0.01941544,19.2803,462.7270,0.01941544,19.2803,19.2803,19.2803,24.1004,24.1004,462.7270,0.01941544,106.0416,97.1369,375.9657,384.8704,0.01577504,0.01614867,0.00080898,27.4890,75.4685,1.7215,53.5564,4.3819,2648.1049,31.1111,,27.4890,2.2009,6.3019,33.6099,84.0248,119.5086,262.0623,4.4018,-4.2012,18.964023,41.584918,4.362043,30,61,8,8,0E-8,0.02022441,,0E-8,0.000000,0.886637,0.000000,,2026-03-23,2026-05-10,9,110,75,49,0.183674,,,0.000000,,,,,,,,GLOBAL_BASELINE_NO_ENTITY_RANKING,,,NOT_APPLICABLE_GLOBAL_BASELINE,HF9g-P5,,,,X 全窗基线 · 不参与实体赏罚,8392820,840,A168_HF9F_20260827_0900,2026-08-27 09:00:00
2026-05-10,139044426,2175,0,33.6099149249,-33.6099149249,-33.6099149249,0E-7,2,1,0.44178825000015310,0.287416500000,-0.8896262592339736,-0.6350939377956173,-0.8896262592339736,0.15437175000015310,ELIGIBLE,R03b_20260811_FULL_v1,L1_ELIGIBILITY,v2026-08-11,2026-03-21..2026-08-06,baccarat_bet02_101_all_pairs_incl_sentinel,round_win = game_pnl > 0 (decisive only),COMPATIBILITY_ONLY_NOT_PRODUCTION,23832.9440,21131.1758,482.0073,867,280,-0.02022441,,-0.02022441,-0.02022441,-482.0073,23832.9440,OK,0.0000,19.2803,4.0000,96.0000,AG03-UNRESOLVED,ALL5_LEVELS_bet23_to_bet27,19.2803,19.2803,19.2803,24.1004,24.1004,4.000000,4.000000,4.000000,5.000000,5.000000,96.000000,96.000000,96.000000,95.000000,95.000000,5.0,106.0416,97.1369,375.9657,384.8704,PENDING_AG03,FALSE,NOT_FOR_ENFORCEMENT,462.7270,20285.9288,482.0073,462.7270,19.2803,0.02022441,0.01941544,19.2803,462.7270,0.01941544,19.2803,19.2803,19.2803,24.1004,24.1004,462.7270,0.01941544,106.0416,97.1369,375.9657,384.8704,0.01577504,0.01614867,0.00080898,27.4890,75.4685,1.7215,53.5564,4.3819,2648.1049,31.1111,,27.4890,2.2009,6.3019,33.6099,84.0248,119.5086,262.0623,4.4018,-4.2012,18.964023,41.584918,4.362043,30,61,8,8,0E-8,0.02022441,,0E-8,0.000000,0.886637,0.000000,,2026-03-23,2026-05-10,9,110,75,49,0.183674,,,0.000000,,,,,,,,GLOBAL_BASELINE_NO_ENTITY_RANKING,,,NOT_APPLICABLE_GLOBAL_BASELINE,HF9g-P5,,,,X 全窗基线 · 不参与实体赏罚,8392821,840,A168_HF9F_20260827_0900,2026-08-27 09:00:00
2026-05-10,139044426,2209,0,129.1881104925,95.5781955677,95.5781955677,1.0000000,9,3,0.44053813750854172,0.223145266667,1.9518844988537927,3.2317421006367524,1.9518844988537927,0.21739287084154172,ELIGIBLE,R03b_20260811_FULL_v1,L1_ELIGIBILITY,v2026-08-11,2026-03-21..2026-08-06,baccarat_bet02_101_all_pairs_incl_sentinel,round_win = game_pnl > 0 (decisive only),COMPATIBILITY_ONLY_NOT_PRODUCTION,23832.9440,21131.1758,482.0073,867,280,-0.02022441,,-0.02022441,-0.02022441,-482.0073,23832.9440,OK,0.0000,19.2803,4.0000,96.0000,AG03-UNRESOLVED,ALL5_LEVELS_bet23_to_bet27,19.2803,19.2803,19.2803,24.1004,24.1004,4.000000,4.000000,4.000000,5.000000,5.000000,96.000000,96.000000,96.000000,95.000000,95.000000,5.0,106.0416,97.1369,375.9657,384.8704,PENDING_AG03,FALSE,NOT_FOR_ENFORCEMENT,462.7270,20285.9288,482.0073,462.7270,19.2803,0.02022441,0.01941544,19.2803,462.7270,0.01941544,19.2803,19.2803,19.2803,24.1004,24.1004,462.7270,0.01941544,106.0416,97.1369,375.9657,384.8704,0.01577504,0.01614867,0.00080898,27.4890,75.4685,1.7215,53.5564,4.3819,2648.1049,31.1111,,27.4890,2.2009,6.3019,33.6099,84.0248,119.5086,262.0623,4.4018,-4.2012,18.964023,41.584918,4.362043,30,61,8,8,0E-8,0.02022441,,0E-8,0.000000,0.886637,0.000000,,2026-03-23,2026-05-10,9,110,75,49,0.183674,,,0.000000,,,,,,,,GLOBAL_BASELINE_NO_ENTITY_RANKING,,,NOT_APPLICABLE_GLOBAL_BASELINE,HF9g-P5,,,,X 全窗基线 · 不参与实体赏罚,8392822,840,A168_HF9F_20260827_0900,2026-08-27 09:00:00
2026-05-10,139044426,2212,0,294.0867555928,87.7008717573,87.7008717573,0.8000000,17,5,0.45933268109694886,0.199790050000,1.5285749639083381,3.3565976908125386,1.5285749639083381,0.25954263109694886,ELIGIBLE,R03b_20260811_FULL_v1,L1_ELIGIBILITY,v2026-08-11,2026-03-21..2026-08-06,baccarat_bet02_101_all_pairs_incl_sentinel,round_win = game_pnl > 0 (decisive only),COMPATIBILITY_ONLY_NOT_PRODUCTION,23832.9440,21131.1758,482.0073,867,280,-0.02022441,,-0.02022441,-0.02022441,-482.0073,23832.9440,OK,0.0000,19.2803,4.0000,96.0000,AG03-UNRESOLVED,ALL5_LEVELS_bet23_to_bet27,19.2803,19.2803,19.2803,24.1004,24.1004,4.000000,4.000000,4.000000,5.000000,5.000000,96.000000,96.000000,96.000000,95.000000,95.000000,5.0,106.0416,97.1369,375.9657,384.8704,PENDING_AG03,FALSE,NOT_FOR_ENFORCEMENT,462.7270,20285.9288,482.0073,462.7270,19.2803,0.02022441,0.01941544,19.2803,462.7270,0.01941544,19.2803,19.2803,19.2803,24.1004,24.1004,462.7270,0.01941544,106.0416,97.1369,375.9657,384.8704,0.01577504,0.01614867,0.00080898,27.4890,75.4685,1.7215,53.5564,4.3819,2648.1049,31.1111,,27.4890,2.2009,6.3019,33.6099,84.0248,119.5086,262.0623,4.4018,-4.2012,18.964023,41.584918,4.362043,30,61,8,8,0E-8,0.02022441,,0E-8,0.000000,0.886637,0.000000,,2026-03-23,2026-05-10,9,110,75,49,0.183674,,,0.000000,,,,,,,,GLOBAL_BASELINE_NO_ENTITY_RANKING,,,NOT_APPLICABLE_GLOBAL_BASELINE,HF9g-P5,,,,X 全窗基线 · 不参与实体赏罚,8392823,840,A168_HF9F_20260827_0900,2026-08-27 09:00:00
2026-05-10,139044426,2222,0,120.7856317613,-90.3266463606,-90.3266463606,0.3333333,10,3,0.44125407690926715,0.202870313889,-0.37645581259199085,0.5619197683706078,-0.37645581259199085,0.23838376302026715,ELIGIBLE,R03b_20260811_FULL_v1,L1_ELIGIBILITY,v2026-08-11,2026-03-21..2026-08-06,baccarat_bet02_101_all_pairs_incl_sentinel,round_win = game_pnl > 0 (decisive only),COMPATIBILITY_ONLY_NOT_PRODUCTION,23832.9440,21131.1758,482.0073,867,280,-0.02022441,,-0.02022441,-0.02022441,-482.0073,23832.9440,OK,0.0000,19.2803,4.0000,96.0000,AG03-UNRESOLVED,ALL5_LEVELS_bet23_to_bet27,19.2803,19.2803,19.2803,24.1004,24.1004,4.000000,4.000000,4.000000,5.000000,5.000000,96.000000,96.000000,96.000000,95.000000,95.000000,5.0,106.0416,97.1369,375.9657,384.8704,PENDING_AG03,FALSE,NOT_FOR_ENFORCEMENT,462.7270,20285.9288,482.0073,462.7270,19.2803,0.02022441,0.01941544,19.2803,462.7270,0.01941544,19.2803,19.2803,19.2803,24.1004,24.1004,462.7270,0.01941544,106.0416,97.1369,375.9657,384.8704,0.01577504,0.01614867,0.00080898,27.4890,75.4685,1.7215,53.5564,4.3819,2648.1049,31.1111,,27.4890,2.2009,6.3019,33.6099,84.0248,119.5086,262.0623,4.4018,-4.2012,18.964023,41.584918,4.362043,30,61,8,8,0E-8,0.02022441,,0E-8,0.000000,0.886637,0.000000,,2026-03-23,2026-05-10,9,110,75,49,0.183674,,,0.000000,,,,,,,,GLOBAL_BASELINE_NO_ENTITY_RANKING,,,NOT_APPLICABLE_GLOBAL_BASELINE,HF9g-P5,,,,X 全窗基线 · 不参与实体赏罚,8392824,840,A168_HF9F_20260827_0900,2026-08-27 09:00:00
2026-05-10,139044426,2234,0,2344.9217519160,2001.0503098422,2001.0503098422,0.8333333,70,18,0.45392112571277830,0.216453270926,3.2331783887161096,6.355101029615451,3.2331783887161096,0.23746785478677830,ELIGIBLE,R03b_20260811_FULL_v1,L1_ELIGIBILITY,v2026-08-11,2026-03-21..2026-08-06,baccarat_bet02_101_all_pairs_incl_sentinel,round_win = game_pnl > 0 (decisive only),COMPATIBILITY_ONLY_NOT_PRODUCTION,23832.9440,21131.1758,482.0073,867,280,-0.02022441,,-0.02022441,-0.02022441,-482.0073,23832.9440,OK,0.0000,19.2803,4.0000,96.0000,AG03-UNRESOLVED,ALL5_LEVELS_bet23_to_bet27,19.2803,19.2803,19.2803,24.1004,24.1004,4.000000,4.000000,4.000000,5.000000,5.000000,96.000000,96.000000,96.000000,95.000000,95.000000,5.0,106.0416,97.1369,375.9657,384.8704,PENDING_AG03,FALSE,NOT_FOR_ENFORCEMENT,462.7270,20285.9288,482.0073,462.7270,19.2803,0.02022441,0.01941544,19.2803,462.7270,0.01941544,19.2803,19.2803,19.2803,24.1004,24.1004,462.7270,0.01941544,106.0416,97.1369,375.9657,384.8704,0.01577504,0.01614867,0.00080898,27.4890,75.4685,1.7215,53.5564,4.3819,2648.1049,31.1111,,27.4890,2.2009,6.3019,33.6099,84.0248,119.5086,262.0623,4.4018,-4.2012,18.964023,41.584918,4.362043,30,61,8,8,0E-8,0.02022441,,0E-8,0.000000,0.886637,0.000000,,2026-03-23,2026-05-10,9,110,75,49,0.183674,,,0.000000,,,,,,,,GLOBAL_BASELINE_NO_ENTITY_RANKING,,,NOT_APPLICABLE_GLOBAL_BASELINE,HF9g-P5,,,,X 全窗基线 · 不参与实体赏罚,8392825,840,A168_HF9F_20260827_0900,2026-08-27 09:00:00
2026-05-10,139044426,2242,0,526.6253544795,-162.1888457093,-162.1888457093,0.6000000,18,5,0.46570913921578545,0.190549258333,0.601984357966359,2.331244477012464,0.601984357966359,0.27515988088278545,ELIGIBLE,R03b_20260811_FULL_v1,L1_ELIGIBILITY,v2026-08-11,2026-03-21..2026-08-06,baccarat_bet02_101_all_pairs_incl_sentinel,round_win = game_pnl > 0 (decisive only),COMPATIBILITY_ONLY_NOT_PRODUCTION,23832.9440,21131.1758,482.0073,867,280,-0.02022441,,-0.02022441,-0.02022441,-482.0073,23832.9440,OK,0.0000,19.2803,4.0000,96.0000,AG03-UNRESOLVED,ALL5_LEVELS_bet23_to_bet27,19.2803,19.2803,19.2803,24.1004,24.1004,4.000000,4.000000,4.000000,5.000000,5.000000,96.000000,96.000000,96.000000,95.000000,95.000000,5.0,106.0416,97.1369,375.9657,384.8704,PENDING_AG03,FALSE,NOT_FOR_ENFORCEMENT,462.7270,20285.9288,482.0073,462.7270,19.2803,0.02022441,0.01941544,19.2803,462.7270,0.01941544,19.2803,19.2803,19.2803,24.1004,24.1004,462.7270,0.01941544,106.0416,97.1369,375.9657,384.8704,0.01577504,0.01614867,0.00080898,27.4890,75.4685,1.7215,53.5564,4.3819,2648.1049,31.1111,,27.4890,2.2009,6.3019,33.6099,84.0248,119.5086,262.0623,4.4018,-4.2012,18.964023,41.584918,4.362043,30,61,8,8,0E-8,0.02022441,,0E-8,0.000000,0.886637,0.000000,,2026-03-23,2026-05-10,9,110,75,49,0.183674,,,0.000000,,,,,,,,GLOBAL_BASELINE_NO_ENTITY_RANKING,,,NOT_APPLICABLE_GLOBAL_BASELINE,HF9g-P5,,,,X 全窗基线 · 不参与实体赏罚,8392826,840,A168_HF9F_20260827_0900,2026-08-27 09:00:00
2026-05-10,139044426,2248,0,6.3018590484,-6.3018590484,-6.3018590484,0E-7,1,1,0.05356140000000000,0.053561400000,-0.2378919454095156,-0.2378919454095156,-0.2378919454095156,0E-17,ELIGIBLE,R03b_20260811_FULL_v1,L1_ELIGIBILITY,v2026-08-11,2026-03-21..2026-08-06,baccarat_bet02_101_all_pairs_incl_sentinel,round_win = game_pnl > 0 (decisive only),COMPATIBILITY_ONLY_NOT_PRODUCTION,23832.9440,21131.1758,482.0073,867,280,-0.02022441,,-0.02022441,-0.02022441,-482.0073,23832.9440,OK,0.0000,19.2803,4.0000,96.0000,AG03-UNRESOLVED,ALL5_LEVELS_bet23_to_bet27,19.2803,19.2803,19.2803,24.1004,24.1004,4.000000,4.000000,4.000000,5.000000,5.000000,96.000000,96.000000,96.000000,95.000000,95.000000,5.0,106.0416,97.1369,375.9657,384.8704,PENDING_AG03,FALSE,NOT_FOR_ENFORCEMENT,462.7270,20285.9288,482.0073,462.7270,19.2803,0.02022441,0.01941544,19.2803,462.7270,0.01941544,19.2803,19.2803,19.2803,24.1004,24.1004,462.7270,0.01941544,106.0416,97.1369,375.9657,384.8704,0.01577504,0.01614867,0.00080898,27.4890,75.4685,1.7215,53.5564,4.3819,2648.1049,31.1111,,27.4890,2.2009,6.3019,33.6099,84.0248,119.5086,262.0623,4.4018,-4.2012,18.964023,41.584918,4.362043,30,61,8,8,0E-8,0.02022441,,0E-8,0.000000,0.886637,0.000000,,2026-03-23,2026-05-10,9,110,75,49,0.183674,,,0.000000,,,,,,,,GLOBAL_BASELINE_NO_ENTITY_RANKING,,,NOT_APPLICABLE_GLOBAL_BASELINE,HF9g-P5,,,,X 全窗基线 · 不参与实体赏罚,8392827,840,A168_HF9F_20260827_0900,2026-08-27 09:00:00
2026-05-10,139044426,2256,0,378.1115429051,-126.0371809683,-126.0371809683,0.5000000,8,2,0.45699562651525674,0.172067675000,0.12208714477802644,1.2287178321578636,0.12208714477802644,0.28492795151525674,ELIGIBLE,R03b_20260811_FULL_v1,L1_ELIGIBILITY,v2026-08-11,2026-03-21..2026-08-06,baccarat_bet02_101_all_pairs_incl_sentinel,round_win = game_pnl > 0 (decisive only),COMPATIBILITY_ONLY_NOT_PRODUCTION,23832.9440,21131.1758,482.0073,867,280,-0.02022441,,-0.02022441,-0.02022441,-482.0073,23832.9440,OK,0.0000,19.2803,4.0000,96.0000,AG03-UNRESOLVED,ALL5_LEVELS_bet23_to_bet27,19.2803,19.2803,19.2803,24.1004,24.1004,4.000000,4.000000,4.000000,5.000000,5.000000,96.000000,96.000000,96.000000,95.000000,95.000000,5.0,106.0416,97.1369,375.9657,384.8704,PENDING_AG03,FALSE,NOT_FOR_ENFORCEMENT,462.7270,20285.9288,482.0073,462.7270,19.2803,0.02022441,0.01941544,19.2803,462.7270,0.01941544,19.2803,19.2803,19.2803,24.1004,24.1004,462.7270,0.01941544,106.0416,97.1369,375.9657,384.8704,0.01577504,0.01614867,0.00080898,27.4890,75.4685,1.7215,53.5564,4.3819,2648.1049,31.1111,,27.4890,2.2009,6.3019,33.6099,84.0248,119.5086,262.0623,4.4018,-4.2012,18.964023,41.584918,4.362043,30,61,8,8,0E-8,0.02022441,,0E-8,0.000000,0.886637,0.000000,,2026-03-23,2026-05-10,9,110,75,49,0.183674,,,0.000000,,,,,,,,GLOBAL_BASELINE_NO_ENTITY_RANKING,,,NOT_APPLICABLE_GLOBAL_BASELINE,HF9g-P5,,,,X 全窗基线 · 不参与实体赏罚,8392828,840,A168_HF9F_20260827_0900,2026-08-27 09:00:00
2026-05-10,139044426,2258,0,598.6766095999,-20.4810419074,-20.4810419074,0.6666667,9,3,0.46328095480540662,0.218271633333,0.7064563620783921,1.8801601168411812,0.7064563620783921,0.24500932147240662,ELIGIBLE,R03b_20260811_FULL_v1,L1_ELIGIBILITY,v2026-08-11,2026-03-21..2026-08-06,baccarat_bet02_101_all_pairs_incl_sentinel,round_win = game_pnl > 0 (decisive only),COMPATIBILITY_ONLY_NOT_PRODUCTION,23832.9440,21131.1758,482.0073,867,280,-0.02022441,,-0.02022441,-0.02022441,-482.0073,23832.9440,OK,0.0000,19.2803,4.0000,96.0000,AG03-UNRESOLVED,ALL5_LEVELS_bet23_to_bet27,19.2803,19.2803,19.2803,24.1004,24.1004,4.000000,4.000000,4.000000,5.000000,5.000000,96.000000,96.000000,96.000000,95.000000,95.000000,5.0,106.0416,97.1369,375.9657,384.8704,PENDING_AG03,FALSE,NOT_FOR_ENFORCEMENT,462.7270,20285.9288,482.0073,462.7270,19.2803,0.02022441,0.01941544,19.2803,462.7270,0.01941544,19.2803,19.2803,19.2803,24.1004,24.1004,462.7270,0.01941544,106.0416,97.1369,375.9657,384.8704,0.01577504,0.01614867,0.00080898,27.4890,75.4685,1.7215,53.5564,4.3819,2648.1049,31.1111,,27.4890,2.2009,6.3019,33.6099,84.0248,119.5086,262.0623,4.4018,-4.2012,18.964023,41.584918,4.362043,30,61,8,8,0E-8,0.02022441,,0E-8,0.000000,0.886637,0.000000,,2026-03-23,2026-05-10,9,110,75,49,0.183674,,,0.000000,,,,,,,,GLOBAL_BASELINE_NO_ENTITY_RANKING,,,NOT_APPLICABLE_GLOBAL_BASELINE,HF9g-P5,,,,X 全窗基线 · 不参与实体赏罚,8392829,840,A168_HF9F_20260827_0900,2026-08-27 09:00:00
2026-05-10,139044426,2261,0,217.8342611071,10.5030984140,10.5030984140,0.5000000,11,4,0.45887168068988684,0.242511485417,0.16507267872775863,1.201527390321744,0.16507267872775863,0.21636019527288684,ELIGIBLE,R03b_20260811_FULL_v1,L1_ELIGIBILITY,v2026-08-11,2026-03-21..2026-08-06,baccarat_bet02_101_all_pairs_incl_sentinel,round_win = game_pnl > 0 (decisive only),COMPATIBILITY_ONLY_NOT_PRODUCTION,23832.9440,21131.1758,482.0073,867,280,-0.02022441,,-0.02022441,-0.02022441,-482.0073,23832.9440,OK,0.0000,19.2803,4.0000,96.0000,AG03-UNRESOLVED,ALL5_LEVELS_bet23_to_bet27,19.2803,19.2803,19.2803,24.1004,24.1004,4.000000,4.000000,4.000000,5.000000,5.000000,96.000000,96.000000,96.000000,95.000000,95.000000,5.0,106.0416,97.1369,375.9657,384.8704,PENDING_AG03,FALSE,NOT_FOR_ENFORCEMENT,462.7270,20285.9288,482.0073,462.7270,19.2803,0.02022441,0.01941544,19.2803,462.7270,0.01941544,19.2803,19.2803,19.2803,24.1004,24.1004,462.7270,0.01941544,106.0416,97.1369,375.9657,384.8704,0.01577504,0.01614867,0.00080898,27.4890,75.4685,1.7215,53.5564,4.3819,2648.1049,31.1111,,27.4890,2.2009,6.3019,33.6099,84.0248,119.5086,262.0623,4.4018,-4.2012,18.964023,41.584918,4.362043,30,61,8,8,0E-8,0.02022441,,0E-8,0.000000,0.886637,0.000000,,2026-03-23,2026-05-10,9,110,75,49,0.183674,,,0.000000,,,,,,,,GLOBAL_BASELINE_NO_ENTITY_RANKING,,,NOT_APPLICABLE_GLOBAL_BASELINE,HF9g-P5,,,,X 全窗基线 · 不参与实体赏罚,8392830,840,A168_HF9F_20260827_0900,2026-08-27 09:00:00
2026-05-10,139044426,526,0,21.0061968281,-21.0061968281,-21.0061968281,0E-7,1,1,0.49324550000000000,0.493245500000,-0.9865810262130424,-0.9865810262130424,-0.9865810262130424,0E-17,ELIGIBLE,R03b_20260811_FULL_v1,L1_ELIGIBILITY,v2026-08-11,2026-03-21..2026-08-06,baccarat_bet02_101_all_pairs_incl_sentinel,round_win = game_pnl > 0 (decisive only),COMPATIBILITY_ONLY_NOT_PRODUCTION,23832.9440,21131.1758,482.0073,867,280,-0.02022441,,-0.02022441,-0.02022441,-482.0073,23832.9440,OK,0.0000,19.2803,4.0000,96.0000,AG03-UNRESOLVED,ALL5_LEVELS_bet23_to_bet27,19.2803,19.2803,19.2803,24.1004,24.1004,4.000000,4.000000,4.000000,5.000000,5.000000,96.000000,96.000000,96.000000,95.000000,95.000000,5.0,106.0416,97.1369,375.9657,384.8704,PENDING_AG03,FALSE,NOT_FOR_ENFORCEMENT,462.7270,20285.9288,482.0073,462.7270,19.2803,0.02022441,0.01941544,19.2803,462.7270,0.01941544,19.2803,19.2803,19.2803,24.1004,24.1004,462.7270,0.01941544,106.0416,97.1369,375.9657,384.8704,0.01577504,0.01614867,0.00080898,27.4890,75.4685,1.7215,53.5564,4.3819,2648.1049,31.1111,,27.4890,2.2009,6.3019,33.6099,84.0248,119.5086,262.0623,4.4018,-4.2012,18.964023,41.584918,4.362043,30,61,8,8,0E-8,0.02022441,,0E-8,0.000000,0.886637,0.000000,,2026-03-23,2026-05-10,9,110,75,49,0.183674,,,0.000000,,,,,,,,GLOBAL_BASELINE_NO_ENTITY_RANKING,,,NOT_APPLICABLE_GLOBAL_BASELINE,HF9g-P5,,,,X 全窗基线 · 不参与实体赏罚,8392831,840,A168_HF9F_20260827_0900,2026-08-27 09:00:00
2026-05-10,139044426,529,0,184.8545320870,-100.8297447746,-100.8297447746,0.5000000,5,4,0.49110144791667305,0.441788250000,0.03559984667264609,0.2344412799387362,0.03559984667264609,0.04931319791667305,ELIGIBLE,R03b_20260811_FULL_v1,L1_ELIGIBILITY,v2026-08-11,2026-03-21..2026-08-06,baccarat_bet02_101_all_pairs_incl_sentinel,round_win = game_pnl > 0 (decisive only),COMPATIBILITY_ONLY_NOT_PRODUCTION,23832.9440,21131.1758,482.0073,867,280,-0.02022441,,-0.02022441,-0.02022441,-482.0073,23832.9440,OK,0.0000,19.2803,4.0000,96.0000,AG03-UNRESOLVED,ALL5_LEVELS_bet23_to_bet27,19.2803,19.2803,19.2803,24.1004,24.1004,4.000000,4.000000,4.000000,5.000000,5.000000,96.000000,96.000000,96.000000,95.000000,95.000000,5.0,106.0416,97.1369,375.9657,384.8704,PENDING_AG03,FALSE,NOT_FOR_ENFORCEMENT,462.7270,20285.9288,482.0073,462.7270,19.2803,0.02022441,0.01941544,19.2803,462.7270,0.01941544,19.2803,19.2803,19.2803,24.1004,24.1004,462.7270,0.01941544,106.0416,97.1369,375.9657,384.8704,0.01577504,0.01614867,0.00080898,27.4890,75.4685,1.7215,53.5564,4.3819,2648.1049,31.1111,,27.4890,2.2009,6.3019,33.6099,84.0248,119.5086,262.0623,4.4018,-4.2012,18.964023,41.584918,4.362043,30,61,8,8,0E-8,0.02022441,,0E-8,0.000000,0.886637,0.000000,,2026-03-23,2026-05-10,9,110,75,49,0.183674,,,0.000000,,,,,,,,GLOBAL_BASELINE_NO_ENTITY_RANKING,,,NOT_APPLICABLE_GLOBAL_BASELINE,HF9g-P5,,,,X 全窗基线 · 不参与实体赏罚,8392832,840,A168_HF9F_20260827_0900,2026-08-27 09:00:00
2026-05-10,139044426,583,0,243.6718832055,-151.2446171619,-151.2446171619,0.5000000,10,4,0.46091037500009438,0.336007887500,0.1568385327876867,0.6943792904092927,0.1568385327876867,0.12490248750009438,ELIGIBLE,R03b_20260811_FULL_v1,L1_ELIGIBILITY,v2026-08-11,2026-03-21..2026-08-06,baccarat_bet02_101_all_pairs_incl_sentinel,round_win = game_pnl > 0 (decisive only),COMPATIBILITY_ONLY_NOT_PRODUCTION,23832.9440,21131.1758,482.0073,867,280,-0.02022441,,-0.02022441,-0.02022441,-482.0073,23832.9440,OK,0.0000,19.2803,4.0000,96.0000,AG03-UNRESOLVED,ALL5_LEVELS_bet23_to_bet27,19.2803,19.2803,19.2803,24.1004,24.1004,4.000000,4.000000,4.000000,5.000000,5.000000,96.000000,96.000000,96.000000,95.000000,95.000000,5.0,106.0416,97.1369,375.9657,384.8704,PENDING_AG03,FALSE,NOT_FOR_ENFORCEMENT,462.7270,20285.9288,482.0073,462.7270,19.2803,0.02022441,0.01941544,19.2803,462.7270,0.01941544,19.2803,19.2803,19.2803,24.1004,24.1004,462.7270,0.01941544,106.0416,97.1369,375.9657,384.8704,0.01577504,0.01614867,0.00080898,27.4890,75.4685,1.7215,53.5564,4.3819,2648.1049,31.1111,,27.4890,2.2009,6.3019,33.6099,84.0248,119.5086,262.0623,4.4018,-4.2012,18.964023,41.584918,4.362043,30,61,8,8,0E-8,0.02022441,,0E-8,0.000000,0.886637,0.000000,,2026-03-23,2026-05-10,9,110,75,49,0.183674,,,0.000000,,,,,,,,GLOBAL_BASELINE_NO_ENTITY_RANKING,,,NOT_APPLICABLE_GLOBAL_BASELINE,HF9g-P5,,,,X 全窗基线 · 不参与实体赏罚,8392833,840,A168_HF9F_20260827_0900,2026-08-27 09:00:00
2026-05-10,139044426,763,0,169.7300703707,-6.7219829849,-6.7219829849,0.3333333,7,3,0.44627978458336142,0.315139741667,-0.3935359577710847,0.06783073150208725,-0.3935359577710847,0.13114004291636142,ELIGIBLE,R03b_20260811_FULL_v1,L1_ELIGIBILITY,v2026-08-11,2026-03-21..2026-08-06,baccarat_bet02_101_all_pairs_incl_sentinel,round_win = game_pnl > 0 (decisive only),COMPATIBILITY_ONLY_NOT_PRODUCTION,23832.9440,21131.1758,482.0073,867,280,-0.02022441,,-0.02022441,-0.02022441,-482.0073,23832.9440,OK,0.0000,19.2803,4.0000,96.0000,AG03-UNRESOLVED,ALL5_LEVELS_bet23_to_bet27,19.2803,19.2803,19.2803,24.1004,24.1004,4.000000,4.000000,4.000000,5.000000,5.000000,96.000000,96.000000,96.000000,95.000000,95.000000,5.0,106.0416,97.1369,375.9657,384.8704,PENDING_AG03,FALSE,NOT_FOR_ENFORCEMENT,462.7270,20285.9288,482.0073,462.7270,19.2803,0.02022441,0.01941544,19.2803,462.7270,0.01941544,19.2803,19.2803,19.2803,24.1004,24.1004,462.7270,0.01941544,106.0416,97.1369,375.9657,384.8704,0.01577504,0.01614867,0.00080898,27.4890,75.4685,1.7215,53.5564,4.3819,2648.1049,31.1111,,27.4890,2.2009,6.3019,33.6099,84.0248,119.5086,262.0623,4.4018,-4.2012,18.964023,41.584918,4.362043,30,61,8,8,0E-8,0.02022441,,0E-8,0.000000,0.886637,0.000000,,2026-03-23,2026-05-10,9,110,75,49,0.183674,,,0.000000,,,,,,,,GLOBAL_BASELINE_NO_ENTITY_RANKING,,,NOT_APPLICABLE_GLOBAL_BASELINE,HF9g-P5,,,,X 全窗基线 · 不参与实体赏罚,8392834,840,A168_HF9F_20260827_0900,2026-08-27 09:00:00
2026-05-10,139044426,970,0,1018.8005461608,-707.9088331055,-707.9088331055,0.1666667,22,6,0.45528278746315628,0.187468994444,-1.4196132532459942,-0.1305578123199888,-1.4196132532459942,0.26781379301915628,ELIGIBLE,R03b_20260811_FULL_v1,L1_ELIGIBILITY,v2026-08-11,2026-03-21..2026-08-06,baccarat_bet02_101_all_pairs_incl_sentinel,round_win = game_pnl > 0 (decisive only),COMPATIBILITY_ONLY_NOT_PRODUCTION,23832.9440,21131.1758,482.0073,867,280,-0.02022441,,-0.02022441,-0.02022441,-482.0073,23832.9440,OK,0.0000,19.2803,4.0000,96.0000,AG03-UNRESOLVED,ALL5_LEVELS_bet23_to_bet27,19.2803,19.2803,19.2803,24.1004,24.1004,4.000000,4.000000,4.000000,5.000000,5.000000,96.000000,96.000000,96.000000,95.000000,95.000000,5.0,106.0416,97.1369,375.9657,384.8704,PENDING_AG03,FALSE,NOT_FOR_ENFORCEMENT,462.7270,20285.9288,482.0073,462.7270,19.2803,0.02022441,0.01941544,19.2803,462.7270,0.01941544,19.2803,19.2803,19.2803,24.1004,24.1004,462.7270,0.01941544,106.0416,97.1369,375.9657,384.8704,0.01577504,0.01614867,0.00080898,27.4890,75.4685,1.7215,53.5564,4.3819,2648.1049,31.1111,,27.4890,2.2009,6.3019,33.6099,84.0248,119.5086,262.0623,4.4018,-4.2012,18.964023,41.584918,4.362043,30,61,8,8,0E-8,0.02022441,,0E-8,0.000000,0.886637,0.000000,,2026-03-23,2026-05-10,9,110,75,49,0.183674,,,0.000000,,,,,,,,GLOBAL_BASELINE_NO_ENTITY_RANKING,,,NOT_APPLICABLE_GLOBAL_BASELINE,HF9g-P5,,,,X 全窗基线 · 不参与实体赏罚,8392835,840,A168_HF9F_20260827_0900,2026-08-27 09:00:00
2026-03-23,147695532,2169,0,434.6773483581,-220.0897966370,-220.0897966370,0.2500000,7,4,0.46282858942311790,0.352132737500,-0.8536766999891024,-0.4276601158391815,-0.8536766999891024,0.11069585192311790,ELIGIBLE,R03b_20260811_FULL_v1,L1_ELIGIBILITY,v2026-08-11,2026-03-21..2026-08-06,baccarat_bet02_101_all_pairs_incl_sentinel,round_win = game_pnl > 0 (decisive only),COMPATIBILITY_ONLY_NOT_PRODUCTION,1827.2147,1745.4586,482.0481,40,27,-0.26381581,-0.13885032,-0.34810407,-0.26381581,-482.0481,1827.2147,OK,0.0000,19.2819,4.0000,96.0000,AG03-UNRESOLVED,ALL5_LEVELS_bet23_to_bet27,19.2819,19.2819,19.2819,19.2819,19.2819,4.000000,4.000000,4.000000,4.000000,4.000000,96.000000,96.000000,96.000000,96.000000,96.000000,5.0,96.4096,88.9992,385.6385,393.0489,PENDING_AG03,FALSE,NOT_FOR_ENFORCEMENT,462.7662,1675.6402,482.0481,462.7662,19.2819,0.26381581,0.25326318,19.2819,462.7662,0.25326318,19.2819,19.2819,19.2819,19.2819,19.2819,462.7662,0.25326318,96.4096,88.9992,385.6385,393.0489,0.21105265,0.21510821,0.01055263,45.6804,64.6466,17.8536,160.6827,160.6827,609.0716,9.0000,40.8894,49.6002,15.4063,40.8781,61.3171,104.5426,110.0449,110.0449,40.8781,-11.0045,2.692028,2.692028,1.117479,2,5,3,3,0.40280405,0.26381581,0.13885032,0E-8,0.000000,0.955256,0.000000,0.20925375,2026-03-23,2026-07-25,3,3,3,125,0.024000,0.824379,0.895120,1.342680,,,,,,,,GLOBAL_BASELINE_NO_ENTITY_RANKING,,,NOT_APPLICABLE_GLOBAL_BASELINE,HF9g-P5,,,,X 全窗基线 · 不参与实体赏罚,8392836,840,A168_HF9F_20260827_0900,2026-08-27 09:00:00
2026-03-25,147695532,1396,0,159.7851923585,-99.9207676733,-99.9207676733,0.5000000,4,2,0.42982507045435366,0.293924150000,0.20046892098503186,0.6397330434626627,0.20046892098503186,0.13590092045435366,ELIGIBLE,R03b_20260811_FULL_v1,L1_ELIGIBILITY,v2026-08-11,2026-03-21..2026-08-06,baccarat_bet02_101_all_pairs_incl_sentinel,round_win = game_pnl > 0 (decisive only),COMPATIBILITY_ONLY_NOT_PRODUCTION,1827.2147,1745.4586,482.0481,40,27,-0.26381581,-0.13885032,-0.34810407,-0.26381581,-482.0481,1827.2147,OK,0.0000,19.2819,4.0000,96.0000,AG03-UNRESOLVED,ALL5_LEVELS_bet23_to_bet27,19.2819,19.2819,19.2819,19.2819,19.2819,4.000000,4.000000,4.000000,4.000000,4.000000,96.000000,96.000000,96.000000,96.000000,96.000000,5.0,96.4096,88.9992,385.6385,393.0489,PENDING_AG03,FALSE,NOT_FOR_ENFORCEMENT,462.7662,1675.6402,482.0481,462.7662,19.2819,0.26381581,0.25326318,19.2819,462.7662,0.25326318,19.2819,19.2819,19.2819,19.2819,19.2819,462.7662,0.25326318,96.4096,88.9992,385.6385,393.0489,0.21105265,0.21510821,0.01055263,45.6804,64.6466,17.8536,160.6827,160.6827,609.0716,9.0000,40.8894,49.6002,15.4063,40.8781,61.3171,104.5426,110.0449,110.0449,40.8781,-11.0045,2.692028,2.692028,1.117479,2,5,3,3,0.40280405,0.26381581,0.13885032,0E-8,0.000000,0.955256,0.000000,0.20925375,2026-03-23,2026-07-25,3,3,3,125,0.024000,0.824379,0.895120,1.342680,,,,,,,,GLOBAL_BASELINE_NO_ENTITY_RANKING,,,NOT_APPLICABLE_GLOBAL_BASELINE,HF9g-P5,,,,X 全窗基线 · 不参与实体赏罚,8392837,840,A168_HF9F_20260827_0900,2026-08-27 09:00:00
2026-03-25,147695532,2235,0,496.7426710099,-59.8424157058,-59.8424157058,0.6666667,11,6,0.45751821574140258,0.334964075000,1.0283323601820094,1.7214833282386381,1.0283323601820094,0.12255414074140258,ELIGIBLE,R03b_20260811_FULL_v1,L1_ELIGIBILITY,v2026-08-11,2026-03-21..2026-08-06,baccarat_bet02_101_all_pairs_incl_sentinel,round_win = game_pnl > 0 (decisive only),COMPATIBILITY_ONLY_NOT_PRODUCTION,1827.2147,1745.4586,482.0481,40,27,-0.26381581,-0.13885032,-0.34810407,-0.26381581,-482.0481,1827.2147,OK,0.0000,19.2819,4.0000,96.0000,AG03-UNRESOLVED,ALL5_LEVELS_bet23_to_bet27,19.2819,19.2819,19.2819,19.2819,19.2819,4.000000,4.000000,4.000000,4.000000,4.000000,96.000000,96.000000,96.000000,96.000000,96.000000,5.0,96.4096,88.9992,385.6385,393.0489,PENDING_AG03,FALSE,NOT_FOR_ENFORCEMENT,462.7662,1675.6402,482.0481,462.7662,19.2819,0.26381581,0.25326318,19.2819,462.7662,0.25326318,19.2819,19.2819,19.2819,19.2819,19.2819,462.7662,0.25326318,96.4096,88.9992,385.6385,393.0489,0.21105265,0.21510821,0.01055263,45.6804,64.6466,17.8536,160.6827,160.6827,609.0716,9.0000,40.8894,49.6002,15.4063,40.8781,61.3171,104.5426,110.0449,110.0449,40.8781,-11.0045,2.692028,2.692028,1.117479,2,5,3,3,0.40280405,0.26381581,0.13885032,0E-8,0.000000,0.955256,0.000000,0.20925375,2026-03-23,2026-07-25,3,3,3,125,0.024000,0.824379,0.895120,1.342680,,,,,,,,GLOBAL_BASELINE_NO_ENTITY_RANKING,,,NOT_APPLICABLE_GLOBAL_BASELINE,HF9g-P5,,,,X 全窗基线 · 不参与实体赏罚,8392838,840,A168_HF9F_20260827_0900,2026-08-27 09:00:00
2026-07-25,147695532,2093,0,249.5605608470,-129.9922331685,-129.9922331685,0.2500000,6,4,0.48733595468747047,0.403638725000,-0.9496484731462062,-0.6262958875095587,-0.9496484731462062,0.08369722968747047,ELIGIBLE,R03b_20260811_FULL_v1,L1_ELIGIBILITY,v2026-08-11,2026-03-21..2026-08-06,baccarat_bet02_101_all_pairs_incl_sentinel,round_win = game_pnl > 0 (decisive only),COMPATIBILITY_ONLY_NOT_PRODUCTION,1827.2147,1745.4586,482.0481,40,27,-0.26381581,-0.13885032,-0.34810407,-0.26381581,-482.0481,1827.2147,OK,0.0000,19.2819,4.0000,96.0000,AG03-UNRESOLVED,ALL5_LEVELS_bet23_to_bet27,19.2819,19.2819,19.2819,19.2819,19.2819,4.000000,4.000000,4.000000,4.000000,4.000000,96.000000,96.000000,96.000000,96.000000,96.000000,5.0,96.4096,88.9992,385.6385,393.0489,PENDING_AG03,FALSE,NOT_FOR_ENFORCEMENT,462.7662,1675.6402,482.0481,462.7662,19.2819,0.26381581,0.25326318,19.2819,462.7662,0.25326318,19.2819,19.2819,19.2819,19.2819,19.2819,462.7662,0.25326318,96.4096,88.9992,385.6385,393.0489,0.21105265,0.21510821,0.01055263,45.6804,64.6466,17.8536,160.6827,160.6827,609.0716,9.0000,40.8894,49.6002,15.4063,40.8781,61.3171,104.5426,110.0449,110.0449,40.8781,-11.0045,2.692028,2.692028,1.117479,2,5,3,3,0.40280405,0.26381581,0.13885032,0E-8,0.000000,0.955256,0.000000,0.20925375,2026-03-23,2026-07-25,3,3,3,125,0.024000,0.824379,0.895120,1.342680,,,,,,,,GLOBAL_BASELINE_NO_ENTITY_RANKING,,,NOT_APPLICABLE_GLOBAL_BASELINE,HF9g-P5,,,,X 全窗基线 · 不参与实体赏罚,8392839,840,A168_HF9F_20260827_0900,2026-08-27 09:00:00
2026-07-25,147695532,970,0,486.4489228632,27.7970813065,27.7970813065,0.5555556,12,11,0.49971832290910557,0.485483940909,0.33502344904155407,0.42060698246389666,0.33502344904155407,0.01423438200010557,ELIGIBLE,R03b_20260811_FULL_v1,L1_ELIGIBILITY,v2026-08-11,2026-03-21..2026-08-06,baccarat_bet02_101_all_pairs_incl_sentinel,round_win = game_pnl > 0 (decisive only),COMPATIBILITY_ONLY_NOT_PRODUCTION,1827.2147,1745.4586,482.0481,40,27,-0.26381581,-0.13885032,-0.34810407,-0.26381581,-482.0481,1827.2147,OK,0.0000,19.2819,4.0000,96.0000,AG03-UNRESOLVED,ALL5_LEVELS_bet23_to_bet27,19.2819,19.2819,19.2819,19.2819,19.2819,4.000000,4.000000,4.000000,4.000000,4.000000,96.000000,96.000000,96.000000,96.000000,96.000000,5.0,96.4096,88.9992,385.6385,393.0489,PENDING_AG03,FALSE,NOT_FOR_ENFORCEMENT,462.7662,1675.6402,482.0481,462.7662,19.2819,0.26381581,0.25326318,19.2819,462.7662,0.25326318,19.2819,19.2819,19.2819,19.2819,19.2819,462.7662,0.25326318,96.4096,88.9992,385.6385,393.0489,0.21105265,0.21510821,0.01055263,45.6804,64.6466,17.8536,160.6827,160.6827,609.0716,9.0000,40.8894,49.6002,15.4063,40.8781,61.3171,104.5426,110.0449,110.0449,40.8781,-11.0045,2.692028,2.692028,1.117479,2,5,3,3,0.40280405,0.26381581,0.13885032,0E-8,0.000000,0.955256,0.000000,0.20925375,2026-03-23,2026-07-25,3,3,3,125,0.024000,0.824379,0.895120,1.342680,,,,,,,,GLOBAL_BASELINE_NO_ENTITY_RANKING,,,NOT_APPLICABLE_GLOBAL_BASELINE,HF9g-P5,,,,X 全窗基线 · 不参与实体赏罚,8392840,840,A168_HF9F_20260827_0900,2026-08-27 09:00:00
2026-05-09,114492688,1330,0,357.1053460772,-106.6064489026,-106.6064489026,0.4615385,14,14,0.50090561428571429,0.500905614286,-0.2838810412416918,-0.28388104124375235,-0.2838810412416918,-2.8571E-13,ELIGIBLE,R03b_20260811_FULL_v1,L1_ELIGIBILITY,v2026-08-11,2026-03-21..2026-08-06,baccarat_bet02_101_all_pairs_incl_sentinel,round_win = game_pnl > 0 (decisive only),COMPATIBILITY_ONLY_NOT_PRODUCTION,3324.4554,3021.8044,482.0896,176,159,-0.14501311,-0.08438803,-0.25710499,-0.14501311,-482.0896,3324.4554,OK,0.0000,19.2836,4.0000,96.0000,AG03-UNRESOLVED,ALL5_LEVELS_bet23_to_bet27,19.2836,19.2836,19.2836,28.9254,0.0000,4.000000,4.000000,4.000000,6.000000,0.000000,96.000000,96.000000,96.000000,94.000000,100.000000,5.0,86.7761,81.1589,395.3135,400.9307,PENDING_AG03,FALSE,NOT_FOR_ENFORCEMENT,462.8060,2900.9322,482.0896,462.8060,19.2836,0.14501311,0.13921258,19.2836,462.8060,0.13921258,19.2836,19.2836,19.2836,28.9254,0.0000,462.8060,0.13921258,86.7761,81.1589,395.3135,400.9307,0.11891075,0.12060042,0.00580052,18.8890,19.0051,3.0320,53.5655,40.1741,369.3839,17.6667,19.9773,17.1605,10.2195,20.439,20.7715,40.4488,42.0124,100.8135,12.8783,-2.0771,2.055498,4.932402,0.924161,7,15,8,7,0.64899173,0.14501311,0.08438803,0E-8,0.000000,0.908962,0.000000,0.17271696,2026-05-09,2026-07-31,9,12,12,84,0.107143,1.164145,1.057616,2.163306,,,,,,,,GLOBAL_BASELINE_NO_ENTITY_RANKING,,,NOT_APPLICABLE_GLOBAL_BASELINE,HF9g-P5,,,,X 全窗基线 · 不参与实体赏罚,8392841,840,A168_HF9F_20260827_0900,2026-08-27 09:00:00
2026-05-22,114492688,2160,0,9.4527885726,-3.1509295242,-3.1509295242,0.3333333,3,3,0.49771390000000000,0.497713900000,-0.5694369385616226,-0.5694369385616226,-0.5694369385616226,0E-17,ELIGIBLE,R03b_20260811_FULL_v1,L1_ELIGIBILITY,v2026-08-11,2026-03-21..2026-08-06,baccarat_bet02_101_all_pairs_incl_sentinel,round_win = game_pnl > 0 (decisive only),COMPATIBILITY_ONLY_NOT_PRODUCTION,3324.4554,3021.8044,482.0896,176,159,-0.14501311,-0.08438803,-0.25710499,-0.14501311,-482.0896,3324.4554,OK,0.0000,19.2836,4.0000,96.0000,AG03-UNRESOLVED,ALL5_LEVELS_bet23_to_bet27,19.2836,19.2836,19.2836,28.9254,0.0000,4.000000,4.000000,4.000000,6.000000,0.000000,96.000000,96.000000,96.000000,94.000000,100.000000,5.0,86.7761,81.1589,395.3135,400.9307,PENDING_AG03,FALSE,NOT_FOR_ENFORCEMENT,462.8060,2900.9322,482.0896,462.8060,19.2836,0.14501311,0.13921258,19.2836,462.8060,0.13921258,19.2836,19.2836,19.2836,28.9254,0.0000,462.8060,0.13921258,86.7761,81.1589,395.3135,400.9307,0.11891075,0.12060042,0.00580052,18.8890,19.0051,3.0320,53.5655,40.1741,369.3839,17.6667,19.9773,17.1605,10.2195,20.439,20.7715,40.4488,42.0124,100.8135,12.8783,-2.0771,2.055498,4.932402,0.924161,7,15,8,7,0.64899173,0.14501311,0.08438803,0E-8,0.000000,0.908962,0.000000,0.17271696,2026-05-09,2026-07-31,9,12,12,84,0.107143,1.164145,1.057616,2.163306,,,,,,,,GLOBAL_BASELINE_NO_ENTITY_RANKING,,,NOT_APPLICABLE_GLOBAL_BASELINE,HF9g-P5,,,,X 全窗基线 · 不参与实体赏罚,8392842,840,A168_HF9F_20260827_0900,2026-08-27 09:00:00
2026-05-26,114492688,1330,0,178.5526730383,39.9117739733,39.9117739733,0.5454545,12,12,0.50106520000000000,0.501065200000,0.29444627531269363,0.29444627531269363,0.29444627531269363,0E-17,ELIGIBLE,R03b_20260811_FULL_v1,L1_ELIGIBILITY,v2026-08-11,2026-03-21..2026-08-06,baccarat_bet02_101_all_pairs_incl_sentinel,round_win = game_pnl > 0 (decisive only),COMPATIBILITY_ONLY_NOT_PRODUCTION,3324.4554,3021.8044,482.0896,176,159,-0.14501311,-0.08438803,-0.25710499,-0.14501311,-482.0896,3324.4554,OK,0.0000,19.2836,4.0000,96.0000,AG03-UNRESOLVED,ALL5_LEVELS_bet23_to_bet27,19.2836,19.2836,19.2836,28.9254,0.0000,4.000000,4.000000,4.000000,6.000000,0.000000,96.000000,96.000000,96.000000,94.000000,100.000000,5.0,86.7761,81.1589,395.3135,400.9307,PENDING_AG03,FALSE,NOT_FOR_ENFORCEMENT,462.8060,2900.9322,482.0896,462.8060,19.2836,0.14501311,0.13921258,19.2836,462.8060,0.13921258,19.2836,19.2836,19.2836,28.9254,0.0000,462.8060,0.13921258,86.7761,81.1589,395.3135,400.9307,0.11891075,0.12060042,0.00580052,18.8890,19.0051,3.0320,53.5655,40.1741,369.3839,17.6667,19.9773,17.1605,10.2195,20.439,20.7715,40.4488,42.0124,100.8135,12.8783,-2.0771,2.055498,4.932402,0.924161,7,15,8,7,0.64899173,0.14501311,0.08438803,0E-8,0.000000,0.908962,0.000000,0.17271696,2026-05-09,2026-07-31,9,12,12,84,0.107143,1.164145,1.057616,2.163306,,,,,,,,GLOBAL_BASELINE_NO_ENTITY_RANKING,,,NOT_APPLICABLE_GLOBAL_BASELINE,HF9g-P5,,,,X 全窗基线 · 不参与实体赏罚,8392843,840,A168_HF9F_20260827_0900,2026-08-27 09:00:00
2026-05-26,114492688,1401,0,249.9737422540,-51.9903371495,-51.9903371495,0.3000000,15,13,0.49126466153846154,0.478999297436,-1.2098485845628266,-1.1330908531162425,-1.2098485845628266,0.01226536410246154,ELIGIBLE,R03b_20260811_FULL_v1,L1_ELIGIBILITY,v2026-08-11,2026-03-21..2026-08-06,baccarat_bet02_101_all_pairs_incl_sentinel,round_win = game_pnl > 0 (decisive only),COMPATIBILITY_ONLY_NOT_PRODUCTION,3324.4554,3021.8044,482.0896,176,159,-0.14501311,-0.08438803,-0.25710499,-0.14501311,-482.0896,3324.4554,OK,0.0000,19.2836,4.0000,96.0000,AG03-UNRESOLVED,ALL5_LEVELS_bet23_to_bet27,19.2836,19.2836,19.2836,28.9254,0.0000,4.000000,4.000000,4.000000,6.000000,0.000000,96.000000,96.000000,96.000000,94.000000,100.000000,5.0,86.7761,81.1589,395.3135,400.9307,PENDING_AG03,FALSE,NOT_FOR_ENFORCEMENT,462.8060,2900.9322,482.0896,462.8060,19.2836,0.14501311,0.13921258,19.2836,462.8060,0.13921258,19.2836,19.2836,19.2836,28.9254,0.0000,462.8060,0.13921258,86.7761,81.1589,395.3135,400.9307,0.11891075,0.12060042,0.00580052,18.8890,19.0051,3.0320,53.5655,40.1741,369.3839,17.6667,19.9773,17.1605,10.2195,20.439,20.7715,40.4488,42.0124,100.8135,12.8783,-2.0771,2.055498,4.932402,0.924161,7,15,8,7,0.64899173,0.14501311,0.08438803,0E-8,0.000000,0.908962,0.000000,0.17271696,2026-05-09,2026-07-31,9,12,12,84,0.107143,1.164145,1.057616,2.163306,,,,,,,,GLOBAL_BASELINE_NO_ENTITY_RANKING,,,NOT_APPLICABLE_GLOBAL_BASELINE,HF9g-P5,,,,X 全窗基线 · 不参与实体赏罚,8392844,840,A168_HF9F_20260827_0900,2026-08-27 09:00:00
2026-05-26,114492688,2233,0,10.5030984140,-10.5030984140,-10.5030984140,0E-7,1,1,0.49324550000000000,0.493245500000,-0.9865810262130424,-0.9865810262130424,-0.9865810262130424,0E-17,ELIGIBLE,R03b_20260811_FULL_v1,L1_ELIGIBILITY,v2026-08-11,2026-03-21..2026-08-06,baccarat_bet02_101_all_pairs_incl_sentinel,round_win = game_pnl > 0 (decisive only),COMPATIBILITY_ONLY_NOT_PRODUCTION,3324.4554,3021.8044,482.0896,176,159,-0.14501311,-0.08438803,-0.25710499,-0.14501311,-482.0896,3324.4554,OK,0.0000,19.2836,4.0000,96.0000,AG03-UNRESOLVED,ALL5_LEVELS_bet23_to_bet27,19.2836,19.2836,19.2836,28.9254,0.0000,4.000000,4.000000,4.000000,6.000000,0.000000,96.000000,96.000000,96.000000,94.000000,100.000000,5.0,86.7761,81.1589,395.3135,400.9307,PENDING_AG03,FALSE,NOT_FOR_ENFORCEMENT,462.8060,2900.9322,482.0896,462.8060,19.2836,0.14501311,0.13921258,19.2836,462.8060,0.13921258,19.2836,19.2836,19.2836,28.9254,0.0000,462.8060,0.13921258,86.7761,81.1589,395.3135,400.9307,0.11891075,0.12060042,0.00580052,18.8890,19.0051,3.0320,53.5655,40.1741,369.3839,17.6667,19.9773,17.1605,10.2195,20.439,20.7715,40.4488,42.0124,100.8135,12.8783,-2.0771,2.055498,4.932402,0.924161,7,15,8,7,0.64899173,0.14501311,0.08438803,0E-8,0.000000,0.908962,0.000000,0.17271696,2026-05-09,2026-07-31,9,12,12,84,0.107143,1.164145,1.057616,2.163306,,,,,,,,GLOBAL_BASELINE_NO_ENTITY_RANKING,,,NOT_APPLICABLE_GLOBAL_BASELINE,HF9g-P5,,,,X 全窗基线 · 不参与实体赏罚,8392845,840,A168_HF9F_20260827_0900,2026-08-27 09:00:00
2026-05-28,114492688,2093,0,84.0247873122,-42.0123936560,-42.0123936560,0.1666667,6,6,0.49771390000000000,0.497713900000,-1.6218105569273533,-1.6218105569273533,-1.6218105569273533,0E-17,ELIGIBLE,R03b_20260811_FULL_v1,L1_ELIGIBILITY,v2026-08-11,2026-03-21..2026-08-06,baccarat_bet02_101_all_pairs_incl_sentinel,round_win = game_pnl > 0 (decisive only),COMPATIBILITY_ONLY_NOT_PRODUCTION,3324.4554,3021.8044,482.0896,176,159,-0.14501311,-0.08438803,-0.25710499,-0.14501311,-482.0896,3324.4554,OK,0.0000,19.2836,4.0000,96.0000,AG03-UNRESOLVED,ALL5_LEVELS_bet23_to_bet27,19.2836,19.2836,19.2836,28.9254,0.0000,4.000000,4.000000,4.000000,6.000000,0.000000,96.000000,96.000000,96.000000,94.000000,100.000000,5.0,86.7761,81.1589,395.3135,400.9307,PENDING_AG03,FALSE,NOT_FOR_ENFORCEMENT,462.8060,2900.9322,482.0896,462.8060,19.2836,0.14501311,0.13921258,19.2836,462.8060,0.13921258,19.2836,19.2836,19.2836,28.9254,0.0000,462.8060,0.13921258,86.7761,81.1589,395.3135,400.9307,0.11891075,0.12060042,0.00580052,18.8890,19.0051,3.0320,53.5655,40.1741,369.3839,17.6667,19.9773,17.1605,10.2195,20.439,20.7715,40.4488,42.0124,100.8135,12.8783,-2.0771,2.055498,4.932402,0.924161,7,15,8,7,0.64899173,0.14501311,0.08438803,0E-8,0.000000,0.908962,0.000000,0.17271696,2026-05-09,2026-07-31,9,12,12,84,0.107143,1.164145,1.057616,2.163306,,,,,,,,GLOBAL_BASELINE_NO_ENTITY_RANKING,,,NOT_APPLICABLE_GLOBAL_BASELINE,HF9g-P5,,,,X 全窗基线 · 不参与实体赏罚,8392846,840,A168_HF9F_20260827_0900,2026-08-27 09:00:00
2026-06-07,114492688,1994,0,48.6051970173,-21.6023097855,-21.6023097855,0.2500000,6,4,0.46669859749971212,0.396936125000,-0.8687233310614803,-0.6006432602881279,-0.8687233310614803,0.06976247249971212,ELIGIBLE,R03b_20260811_FULL_v1,L1_ELIGIBILITY,v2026-08-11,2026-03-21..2026-08-06,baccarat_bet02_101_all_pairs_incl_sentinel,round_win = game_pnl > 0 (decisive only),COMPATIBILITY_ONLY_NOT_PRODUCTION,3324.4554,3021.8044,482.0896,176,159,-0.14501311,-0.08438803,-0.25710499,-0.14501311,-482.0896,3324.4554,OK,0.0000,19.2836,4.0000,96.0000,AG03-UNRESOLVED,ALL5_LEVELS_bet23_to_bet27,19.2836,19.2836,19.2836,28.9254,0.0000,4.000000,4.000000,4.000000,6.000000,0.000000,96.000000,96.000000,96.000000,94.000000,100.000000,5.0,86.7761,81.1589,395.3135,400.9307,PENDING_AG03,FALSE,NOT_FOR_ENFORCEMENT,462.8060,2900.9322,482.0896,462.8060,19.2836,0.14501311,0.13921258,19.2836,462.8060,0.13921258,19.2836,19.2836,19.2836,28.9254,0.0000,462.8060,0.13921258,86.7761,81.1589,395.3135,400.9307,0.11891075,0.12060042,0.00580052,18.8890,19.0051,3.0320,53.5655,40.1741,369.3839,17.6667,19.9773,17.1605,10.2195,20.439,20.7715,40.4488,42.0124,100.8135,12.8783,-2.0771,2.055498,4.932402,0.924161,7,15,8,7,0.64899173,0.14501311,0.08438803,0E-8,0.000000,0.908962,0.000000,0.17271696,2026-05-09,2026-07-31,9,12,12,84,0.107143,1.164145,1.057616,2.163306,,,,,,,,GLOBAL_BASELINE_NO_ENTITY_RANKING,,,NOT_APPLICABLE_GLOBAL_BASELINE,HF9g-P5,,,,X 全窗基线 · 不参与实体赏罚,8392847,840,A168_HF9F_20260827_0900,2026-08-27 09:00:00
2026-06-26,114492688,2171,0,20.7714517168,20.7714517168,20.7714517168,1.0000000,1,1,0.49324550000000000,0.493245500000,1.01360149184955,1.01360149184955,1.01360149184955,0E-17,ELIGIBLE,R03b_20260811_FULL_v1,L1_ELIGIBILITY,v2026-08-11,2026-03-21..2026-08-06,baccarat_bet02_101_all_pairs_incl_sentinel,round_win = game_pnl > 0 (decisive only),COMPATIBILITY_ONLY_NOT_PRODUCTION,3324.4554,3021.8044,482.0896,176,159,-0.14501311,-0.08438803,-0.25710499,-0.14501311,-482.0896,3324.4554,OK,0.0000,19.2836,4.0000,96.0000,AG03-UNRESOLVED,ALL5_LEVELS_bet23_to_bet27,19.2836,19.2836,19.2836,28.9254,0.0000,4.000000,4.000000,4.000000,6.000000,0.000000,96.000000,96.000000,96.000000,94.000000,100.000000,5.0,86.7761,81.1589,395.3135,400.9307,PENDING_AG03,FALSE,NOT_FOR_ENFORCEMENT,462.8060,2900.9322,482.0896,462.8060,19.2836,0.14501311,0.13921258,19.2836,462.8060,0.13921258,19.2836,19.2836,19.2836,28.9254,0.0000,462.8060,0.13921258,86.7761,81.1589,395.3135,400.9307,0.11891075,0.12060042,0.00580052,18.8890,19.0051,3.0320,53.5655,40.1741,369.3839,17.6667,19.9773,17.1605,10.2195,20.439,20.7715,40.4488,42.0124,100.8135,12.8783,-2.0771,2.055498,4.932402,0.924161,7,15,8,7,0.64899173,0.14501311,0.08438803,0E-8,0.000000,0.908962,0.000000,0.17271696,2026-05-09,2026-07-31,9,12,12,84,0.107143,1.164145,1.057616,2.163306,,,,,,,,GLOBAL_BASELINE_NO_ENTITY_RANKING,,,NOT_APPLICABLE_GLOBAL_BASELINE,HF9g-P5,,,,X 全窗基线 · 不参与实体赏罚,8392848,840,A168_HF9F_20260827_0900,2026-08-27 09:00:00
2026-06-26,114492688,2252,0,207.9222316851,-124.8364248179,-124.8364248179,0.2857143,10,7,0.43553402500000000,0.435534025000,-0.7994441489283624,-0.7994441489283624,-0.7994441489283624,0E-17,ELIGIBLE,R03b_20260811_FULL_v1,L1_ELIGIBILITY,v2026-08-11,2026-03-21..2026-08-06,baccarat_bet02_101_all_pairs_incl_sentinel,round_win = game_pnl > 0 (decisive only),COMPATIBILITY_ONLY_NOT_PRODUCTION,3324.4554,3021.8044,482.0896,176,159,-0.14501311,-0.08438803,-0.25710499,-0.14501311,-482.0896,3324.4554,OK,0.0000,19.2836,4.0000,96.0000,AG03-UNRESOLVED,ALL5_LEVELS_bet23_to_bet27,19.2836,19.2836,19.2836,28.9254,0.0000,4.000000,4.000000,4.000000,6.000000,0.000000,96.000000,96.000000,96.000000,94.000000,100.000000,5.0,86.7761,81.1589,395.3135,400.9307,PENDING_AG03,FALSE,NOT_FOR_ENFORCEMENT,462.8060,2900.9322,482.0896,462.8060,19.2836,0.14501311,0.13921258,19.2836,462.8060,0.13921258,19.2836,19.2836,19.2836,28.9254,0.0000,462.8060,0.13921258,86.7761,81.1589,395.3135,400.9307,0.11891075,0.12060042,0.00580052,18.8890,19.0051,3.0320,53.5655,40.1741,369.3839,17.6667,19.9773,17.1605,10.2195,20.439,20.7715,40.4488,42.0124,100.8135,12.8783,-2.0771,2.055498,4.932402,0.924161,7,15,8,7,0.64899173,0.14501311,0.08438803,0E-8,0.000000,0.908962,0.000000,0.17271696,2026-05-09,2026-07-31,9,12,12,84,0.107143,1.164145,1.057616,2.163306,,,,,,,,GLOBAL_BASELINE_NO_ENTITY_RANKING,,,NOT_APPLICABLE_GLOBAL_BASELINE,HF9g-P5,,,,X 全窗基线 · 不参与实体赏罚,8392849,840,A168_HF9F_20260827_0900,2026-08-27 09:00:00
2026-07-23,114492688,1323,0,30.6585455586,29.6365940400,29.6365940400,1.0000000,2,2,0.49994810000000000,0.499948100000,1.4143603653603398,1.4143603653603398,1.4143603653603398,0E-17,ELIGIBLE,R03b_20260811_FULL_v1,L1_ELIGIBILITY,v2026-08-11,2026-03-21..2026-08-06,baccarat_bet02_101_all_pairs_incl_sentinel,round_win = game_pnl > 0 (decisive only),COMPATIBILITY_ONLY_NOT_PRODUCTION,3324.4554,3021.8044,482.0896,176,159,-0.14501311,-0.08438803,-0.25710499,-0.14501311,-482.0896,3324.4554,OK,0.0000,19.2836,4.0000,96.0000,AG03-UNRESOLVED,ALL5_LEVELS_bet23_to_bet27,19.2836,19.2836,19.2836,28.9254,0.0000,4.000000,4.000000,4.000000,6.000000,0.000000,96.000000,96.000000,96.000000,94.000000,100.000000,5.0,86.7761,81.1589,395.3135,400.9307,PENDING_AG03,FALSE,NOT_FOR_ENFORCEMENT,462.8060,2900.9322,482.0896,462.8060,19.2836,0.14501311,0.13921258,19.2836,462.8060,0.13921258,19.2836,19.2836,19.2836,28.9254,0.0000,462.8060,0.13921258,86.7761,81.1589,395.3135,400.9307,0.11891075,0.12060042,0.00580052,18.8890,19.0051,3.0320,53.5655,40.1741,369.3839,17.6667,19.9773,17.1605,10.2195,20.439,20.7715,40.4488,42.0124,100.8135,12.8783,-2.0771,2.055498,4.932402,0.924161,7,15,8,7,0.64899173,0.14501311,0.08438803,0E-8,0.000000,0.908962,0.000000,0.17271696,2026-05-09,2026-07-31,9,12,12,84,0.107143,1.164145,1.057616,2.163306,,,,,,,,GLOBAL_BASELINE_NO_ENTITY_RANKING,,,NOT_APPLICABLE_GLOBAL_BASELINE,HF9g-P5,,,,X 全窗基线 · 不参与实体赏罚,8392850,840,A168_HF9F_20260827_0900,2026-08-27 09:00:00
2026-07-23,114492688,2160,0,228.7127498671,-90.9536851571,-90.9536851571,0.2727273,14,13,0.46629651678325582,0.464321784615,-1.2869201245512065,-1.2741421557641728,-1.2869201245512065,0.00197473216825582,ELIGIBLE,R03b_20260811_FULL_v1,L1_ELIGIBILITY,v2026-08-11,2026-03-21..2026-08-06,baccarat_bet02_101_all_pairs_incl_sentinel,round_win = game_pnl > 0 (decisive only),COMPATIBILITY_ONLY_NOT_PRODUCTION,3324.4554,3021.8044,482.0896,176,159,-0.14501311,-0.08438803,-0.25710499,-0.14501311,-482.0896,3324.4554,OK,0.0000,19.2836,4.0000,96.0000,AG03-UNRESOLVED,ALL5_LEVELS_bet23_to_bet27,19.2836,19.2836,19.2836,28.9254,0.0000,4.000000,4.000000,4.000000,6.000000,0.000000,96.000000,96.000000,96.000000,94.000000,100.000000,5.0,86.7761,81.1589,395.3135,400.9307,PENDING_AG03,FALSE,NOT_FOR_ENFORCEMENT,462.8060,2900.9322,482.0896,462.8060,19.2836,0.14501311,0.13921258,19.2836,462.8060,0.13921258,19.2836,19.2836,19.2836,28.9254,0.0000,462.8060,0.13921258,86.7761,81.1589,395.3135,400.9307,0.11891075,0.12060042,0.00580052,18.8890,19.0051,3.0320,53.5655,40.1741,369.3839,17.6667,19.9773,17.1605,10.2195,20.439,20.7715,40.4488,42.0124,100.8135,12.8783,-2.0771,2.055498,4.932402,0.924161,7,15,8,7,0.64899173,0.14501311,0.08438803,0E-8,0.000000,0.908962,0.000000,0.17271696,2026-05-09,2026-07-31,9,12,12,84,0.107143,1.164145,1.057616,2.163306,,,,,,,,GLOBAL_BASELINE_NO_ENTITY_RANKING,,,NOT_APPLICABLE_GLOBAL_BASELINE,HF9g-P5,,,,X 全窗基线 · 不参与实体赏罚,8392851,840,A168_HF9F_20260827_0900,2026-08-27 09:00:00
2026-07-26,114492688,1710,0,437.3952499694,-97.5963700282,-97.5963700282,0.3333333,13,13,0.50149485384615385,0.501494853846,-1.1650623965055502,-1.1650623965044835,-1.1650623965055502,1.5385E-13,ELIGIBLE,R03b_20260811_FULL_v1,L1_ELIGIBILITY,v2026-08-11,2026-03-21..2026-08-06,baccarat_bet02_101_all_pairs_incl_sentinel,round_win = game_pnl > 0 (decisive only),COMPATIBILITY_ONLY_NOT_PRODUCTION,3324.4554,3021.8044,482.0896,176,159,-0.14501311,-0.08438803,-0.25710499,-0.14501311,-482.0896,3324.4554,OK,0.0000,19.2836,4.0000,96.0000,AG03-UNRESOLVED,ALL5_LEVELS_bet23_to_bet27,19.2836,19.2836,19.2836,28.9254,0.0000,4.000000,4.000000,4.000000,6.000000,0.000000,96.000000,96.000000,96.000000,94.000000,100.000000,5.0,86.7761,81.1589,395.3135,400.9307,PENDING_AG03,FALSE,NOT_FOR_ENFORCEMENT,462.8060,2900.9322,482.0896,462.8060,19.2836,0.14501311,0.13921258,19.2836,462.8060,0.13921258,19.2836,19.2836,19.2836,28.9254,0.0000,462.8060,0.13921258,86.7761,81.1589,395.3135,400.9307,0.11891075,0.12060042,0.00580052,18.8890,19.0051,3.0320,53.5655,40.1741,369.3839,17.6667,19.9773,17.1605,10.2195,20.439,20.7715,40.4488,42.0124,100.8135,12.8783,-2.0771,2.055498,4.932402,0.924161,7,15,8,7,0.64899173,0.14501311,0.08438803,0E-8,0.000000,0.908962,0.000000,0.17271696,2026-05-09,2026-07-31,9,12,12,84,0.107143,1.164145,1.057616,2.163306,,,,,,,,GLOBAL_BASELINE_NO_ENTITY_RANKING,,,NOT_APPLICABLE_GLOBAL_BASELINE,HF9g-P5,,,,X 全窗基线 · 不参与实体赏罚,8392852,840,A168_HF9F_20260827_0900,2026-08-27 09:00:00
2026-07-26,114492688,1750,0,380.9835261415,-107.4684216981,-107.4684216981,0.3333333,12,12,0.49547970000000000,0.495479700000,-1.123428892552539,-1.123428892552539,-1.123428892552539,0E-17,ELIGIBLE,R03b_20260811_FULL_v1,L1_ELIGIBILITY,v2026-08-11,2026-03-21..2026-08-06,baccarat_bet02_101_all_pairs_incl_sentinel,round_win = game_pnl > 0 (decisive only),COMPATIBILITY_ONLY_NOT_PRODUCTION,3324.4554,3021.8044,482.0896,176,159,-0.14501311,-0.08438803,-0.25710499,-0.14501311,-482.0896,3324.4554,OK,0.0000,19.2836,4.0000,96.0000,AG03-UNRESOLVED,ALL5_LEVELS_bet23_to_bet27,19.2836,19.2836,19.2836,28.9254,0.0000,4.000000,4.000000,4.000000,6.000000,0.000000,96.000000,96.000000,96.000000,94.000000,100.000000,5.0,86.7761,81.1589,395.3135,400.9307,PENDING_AG03,FALSE,NOT_FOR_ENFORCEMENT,462.8060,2900.9322,482.0896,462.8060,19.2836,0.14501311,0.13921258,19.2836,462.8060,0.13921258,19.2836,19.2836,19.2836,28.9254,0.0000,462.8060,0.13921258,86.7761,81.1589,395.3135,400.9307,0.11891075,0.12060042,0.00580052,18.8890,19.0051,3.0320,53.5655,40.1741,369.3839,17.6667,19.9773,17.1605,10.2195,20.439,20.7715,40.4488,42.0124,100.8135,12.8783,-2.0771,2.055498,4.932402,0.924161,7,15,8,7,0.64899173,0.14501311,0.08438803,0E-8,0.000000,0.908962,0.000000,0.17271696,2026-05-09,2026-07-31,9,12,12,84,0.107143,1.164145,1.057616,2.163306,,,,,,,,GLOBAL_BASELINE_NO_ENTITY_RANKING,,,NOT_APPLICABLE_GLOBAL_BASELINE,HF9g-P5,,,,X 全窗基线 · 不参与实体赏罚,8392853,840,A168_HF9F_20260827_0900,2026-08-27 09:00:00
2026-07-26,114492688,2108,0,413.8903650412,41.7978171117,41.7978171117,0.5833333,29,26,0.49339831481483755,0.478609407692,0.8812564391324146,1.027020999352621,0.8812564391324146,0.01478890712283755,ELIGIBLE,R03b_20260811_FULL_v1,L1_ELIGIBILITY,v2026-08-11,2026-03-21..2026-08-06,baccarat_bet02_101_all_pairs_incl_sentinel,round_win = game_pnl > 0 (decisive only),COMPATIBILITY_ONLY_NOT_PRODUCTION,3324.4554,3021.8044,482.0896,176,159,-0.14501311,-0.08438803,-0.25710499,-0.14501311,-482.0896,3324.4554,OK,0.0000,19.2836,4.0000,96.0000,AG03-UNRESOLVED,ALL5_LEVELS_bet23_to_bet27,19.2836,19.2836,19.2836,28.9254,0.0000,4.000000,4.000000,4.000000,6.000000,0.000000,96.000000,96.000000,96.000000,94.000000,100.000000,5.0,86.7761,81.1589,395.3135,400.9307,PENDING_AG03,FALSE,NOT_FOR_ENFORCEMENT,462.8060,2900.9322,482.0896,462.8060,19.2836,0.14501311,0.13921258,19.2836,462.8060,0.13921258,19.2836,19.2836,19.2836,28.9254,0.0000,462.8060,0.13921258,86.7761,81.1589,395.3135,400.9307,0.11891075,0.12060042,0.00580052,18.8890,19.0051,3.0320,53.5655,40.1741,369.3839,17.6667,19.9773,17.1605,10.2195,20.439,20.7715,40.4488,42.0124,100.8135,12.8783,-2.0771,2.055498,4.932402,0.924161,7,15,8,7,0.64899173,0.14501311,0.08438803,0E-8,0.000000,0.908962,0.000000,0.17271696,2026-05-09,2026-07-31,9,12,12,84,0.107143,1.164145,1.057616,2.163306,,,,,,,,GLOBAL_BASELINE_NO_ENTITY_RANKING,,,NOT_APPLICABLE_GLOBAL_BASELINE,HF9g-P5,,,,X 全窗基线 · 不参与实体赏罚,8392854,840,A168_HF9F_20260827_0900,2026-08-27 09:00:00
2026-07-26,114492688,2221,0,418.7957323303,34.5419613296,34.5419613296,0.4000000,26,20,0.48824003521758703,0.450145215000,-0.7894612584276427,-0.4507587565224842,-0.7894612584276427,0.03809482021758703,ELIGIBLE,R03b_20260811_FULL_v1,L1_ELIGIBILITY,v2026-08-11,2026-03-21..2026-08-06,baccarat_bet02_101_all_pairs_incl_sentinel,round_win = game_pnl > 0 (decisive only),COMPATIBILITY_ONLY_NOT_PRODUCTION,3324.4554,3021.8044,482.0896,176,159,-0.14501311,-0.08438803,-0.25710499,-0.14501311,-482.0896,3324.4554,OK,0.0000,19.2836,4.0000,96.0000,AG03-UNRESOLVED,ALL5_LEVELS_bet23_to_bet27,19.2836,19.2836,19.2836,28.9254,0.0000,4.000000,4.000000,4.000000,6.000000,0.000000,96.000000,96.000000,96.000000,94.000000,100.000000,5.0,86.7761,81.1589,395.3135,400.9307,PENDING_AG03,FALSE,NOT_FOR_ENFORCEMENT,462.8060,2900.9322,482.0896,462.8060,19.2836,0.14501311,0.13921258,19.2836,462.8060,0.13921258,19.2836,19.2836,19.2836,28.9254,0.0000,462.8060,0.13921258,86.7761,81.1589,395.3135,400.9307,0.11891075,0.12060042,0.00580052,18.8890,19.0051,3.0320,53.5655,40.1741,369.3839,17.6667,19.9773,17.1605,10.2195,20.439,20.7715,40.4488,42.0124,100.8135,12.8783,-2.0771,2.055498,4.932402,0.924161,7,15,8,7,0.64899173,0.14501311,0.08438803,0E-8,0.000000,0.908962,0.000000,0.17271696,2026-05-09,2026-07-31,9,12,12,84,0.107143,1.164145,1.057616,2.163306,,,,,,,,GLOBAL_BASELINE_NO_ENTITY_RANKING,,,NOT_APPLICABLE_GLOBAL_BASELINE,HF9g-P5,,,,X 全窗基线 · 不参与实体赏罚,8392855,840,A168_HF9F_20260827_0900,2026-08-27 09:00:00
2026-07-26,114492688,595,0,245.2683644688,6.1317091118,6.1317091118,0.6000000,11,11,0.50055742727272727,0.500557427273,0.6289304432594,0.6289304432576754,0.6289304432594,-2.7273E-13,ELIGIBLE,R03b_20260811_FULL_v1,L1_ELIGIBILITY,v2026-08-11,2026-03-21..2026-08-06,baccarat_bet02_101_all_pairs_incl_sentinel,round_win = game_pnl > 0 (decisive only),COMPATIBILITY_ONLY_NOT_PRODUCTION,3324.4554,3021.8044,482.0896,176,159,-0.14501311,-0.08438803,-0.25710499,-0.14501311,-482.0896,3324.4554,OK,0.0000,19.2836,4.0000,96.0000,AG03-UNRESOLVED,ALL5_LEVELS_bet23_to_bet27,19.2836,19.2836,19.2836,28.9254,0.0000,4.000000,4.000000,4.000000,6.000000,0.000000,96.000000,96.000000,96.000000,94.000000,100.000000,5.0,86.7761,81.1589,395.3135,400.9307,PENDING_AG03,FALSE,NOT_FOR_ENFORCEMENT,462.8060,2900.9322,482.0896,462.8060,19.2836,0.14501311,0.13921258,19.2836,462.8060,0.13921258,19.2836,19.2836,19.2836,28.9254,0.0000,462.8060,0.13921258,86.7761,81.1589,395.3135,400.9307,0.11891075,0.12060042,0.00580052,18.8890,19.0051,3.0320,53.5655,40.1741,369.3839,17.6667,19.9773,17.1605,10.2195,20.439,20.7715,40.4488,42.0124,100.8135,12.8783,-2.0771,2.055498,4.932402,0.924161,7,15,8,7,0.64899173,0.14501311,0.08438803,0E-8,0.000000,0.908962,0.000000,0.17271696,2026-05-09,2026-07-31,9,12,12,84,0.107143,1.164145,1.057616,2.163306,,,,,,,,GLOBAL_BASELINE_NO_ENTITY_RANKING,,,NOT_APPLICABLE_GLOBAL_BASELINE,HF9g-P5,,,,X 全窗基线 · 不参与实体赏罚,8392856,840,A168_HF9F_20260827_0900,2026-08-27 09:00:00
2026-07-31,114492688,2170,0,1.8395127335,1.8395127335,1.8395127335,1.0000000,1,1,0.49324550000000000,0.493245500000,1.01360149184955,1.01360149184955,1.01360149184955,0E-17,ELIGIBLE,R03b_20260811_FULL_v1,L1_ELIGIBILITY,v2026-08-11,2026-03-21..2026-08-06,baccarat_bet02_101_all_pairs_incl_sentinel,round_win = game_pnl > 0 (decisive only),COMPATIBILITY_ONLY_NOT_PRODUCTION,3324.4554,3021.8044,482.0896,176,159,-0.14501311,-0.08438803,-0.25710499,-0.14501311,-482.0896,3324.4554,OK,0.0000,19.2836,4.0000,96.0000,AG03-UNRESOLVED,ALL5_LEVELS_bet23_to_bet27,19.2836,19.2836,19.2836,28.9254,0.0000,4.000000,4.000000,4.000000,6.000000,0.000000,96.000000,96.000000,96.000000,94.000000,100.000000,5.0,86.7761,81.1589,395.3135,400.9307,PENDING_AG03,FALSE,NOT_FOR_ENFORCEMENT,462.8060,2900.9322,482.0896,462.8060,19.2836,0.14501311,0.13921258,19.2836,462.8060,0.13921258,19.2836,19.2836,19.2836,28.9254,0.0000,462.8060,0.13921258,86.7761,81.1589,395.3135,400.9307,0.11891075,0.12060042,0.00580052,18.8890,19.0051,3.0320,53.5655,40.1741,369.3839,17.6667,19.9773,17.1605,10.2195,20.439,20.7715,40.4488,42.0124,100.8135,12.8783,-2.0771,2.055498,4.932402,0.924161,7,15,8,7,0.64899173,0.14501311,0.08438803,0E-8,0.000000,0.908962,0.000000,0.17271696,2026-05-09,2026-07-31,9,12,12,84,0.107143,1.164145,1.057616,2.163306,,,,,,,,GLOBAL_BASELINE_NO_ENTITY_RANKING,,,NOT_APPLICABLE_GLOBAL_BASELINE,HF9g-P5,,,,X 全窗基线 · 不参与实体赏罚,8392857,840,A168_HF9F_20260827_0900,2026-08-27 09:00:00
2026-05-23,150478539,-1,1,153.3452368449,-153.3452368449,-153.3452368449,0E-7,1,1,0.50665070000000000,0.506650700000,-1.013391052207602,-1.013391052207602,-1.013391052207602,0E-17,SENTINEL_DEALER,R03b_20260811_FULL_v1,L1_ELIGIBILITY,v2026-08-11,2026-03-21..2026-08-06,baccarat_bet02_101_all_pairs_incl_sentinel,round_win = game_pnl > 0 (decisive only),COMPATIBILITY_ONLY_NOT_PRODUCTION,768.8268,768.8268,482.0922,5,4,-0.62704918,,-0.62704918,-0.62704918,-482.0922,768.8268,THIN_EXPOSURE,0.0000,19.2837,4.0000,96.0000,AG03-UNRESOLVED,ALL5_LEVELS_bet23_to_bet27,19.2837,19.2837,19.2837,28.9255,28.9255,4.000000,4.000000,4.000000,6.000000,6.000000,96.000000,96.000000,96.000000,94.000000,94.000000,5.0,115.7021,105.2153,366.3901,376.8769,PENDING_AG03,FALSE,NOT_FOR_ENFORCEMENT,462.8085,738.0737,482.0922,462.8085,19.2837,0.62704918,0.60196721,19.2837,462.8085,0.60196721,19.2837,19.2837,19.2837,28.9255,28.9255,462.8085,0.60196721,115.7021,105.2153,366.3901,376.8769,0.47655738,0.49019741,0.02508197,153.7654,192.2067,120.5231,482.0922,160.6974,768.8268,4.0000,,153.7654,111.858,147.0434,193.7822,315.093,315.093,315.093,147.0434,-147.0434,2.142857,2.142857,1.045714,3,3,1,2,0E-8,0.62704918,,0E-8,0.000000,1.000000,0.000000,,2026-05-23,2026-05-23,1,3,3,1,1.000000,,,0.000000,,,,,,,,GLOBAL_BASELINE_NO_ENTITY_RANKING,,,NOT_APPLICABLE_GLOBAL_BASELINE,HF9g-P5,,,,X 全窗基线 · 不参与实体赏罚,8392858,840,A168_HF9F_20260827_0900,2026-08-27 09:00:00
2026-05-23,150478539,1078,0,300.3886146412,-13.6540279382,-13.6540279382,0.5000000,3,2,0.49662708767125903,0.384696750000,0.009540253792582897,0.3351603871392501,0.009540253792582897,0.11193033767125903,ELIGIBLE,R03b_20260811_FULL_v1,L1_ELIGIBILITY,v2026-08-11,2026-03-21..2026-08-06,baccarat_bet02_101_all_pairs_incl_sentinel,round_win = game_pnl > 0 (decisive only),COMPATIBILITY_ONLY_NOT_PRODUCTION,768.8268,768.8268,482.0922,5,4,-0.62704918,,-0.62704918,-0.62704918,-482.0922,768.8268,THIN_EXPOSURE,0.0000,19.2837,4.0000,96.0000,AG03-UNRESOLVED,ALL5_LEVELS_bet23_to_bet27,19.2837,19.2837,19.2837,28.9255,28.9255,4.000000,4.000000,4.000000,6.000000,6.000000,96.000000,96.000000,96.000000,94.000000,94.000000,5.0,115.7021,105.2153,366.3901,376.8769,PENDING_AG03,FALSE,NOT_FOR_ENFORCEMENT,462.8085,738.0737,482.0922,462.8085,19.2837,0.62704918,0.60196721,19.2837,462.8085,0.60196721,19.2837,19.2837,19.2837,28.9255,28.9255,462.8085,0.60196721,115.7021,105.2153,366.3901,376.8769,0.47655738,0.49019741,0.02508197,153.7654,192.2067,120.5231,482.0922,160.6974,768.8268,4.0000,,153.7654,111.858,147.0434,193.7822,315.093,315.093,315.093,147.0434,-147.0434,2.142857,2.142857,1.045714,3,3,1,2,0E-8,0.62704918,,0E-8,0.000000,1.000000,0.000000,,2026-05-23,2026-05-23,1,3,3,1,1.000000,,,0.000000,,,,,,,,GLOBAL_BASELINE_NO_ENTITY_RANKING,,,NOT_APPLICABLE_GLOBAL_BASELINE,HF9g-P5,,,,X 全窗基线 · 不参与实体赏罚,8392859,840,A168_HF9F_20260827_0900,2026-08-27 09:00:00
2026-05-23,150478539,1935,0,315.0929524210,-315.0929524210,-315.0929524210,0E-7,1,1,0.50665070000000000,0.506650700000,-1.013391052207602,-1.013391052207602,-1.013391052207602,0E-17,ELIGIBLE,R03b_20260811_FULL_v1,L1_ELIGIBILITY,v2026-08-11,2026-03-21..2026-08-06,baccarat_bet02_101_all_pairs_incl_sentinel,round_win = game_pnl > 0 (decisive only),COMPATIBILITY_ONLY_NOT_PRODUCTION,768.8268,768.8268,482.0922,5,4,-0.62704918,,-0.62704918,-0.62704918,-482.0922,768.8268,THIN_EXPOSURE,0.0000,19.2837,4.0000,96.0000,AG03-UNRESOLVED,ALL5_LEVELS_bet23_to_bet27,19.2837,19.2837,19.2837,28.9255,28.9255,4.000000,4.000000,4.000000,6.000000,6.000000,96.000000,96.000000,96.000000,94.000000,94.000000,5.0,115.7021,105.2153,366.3901,376.8769,PENDING_AG03,FALSE,NOT_FOR_ENFORCEMENT,462.8085,738.0737,482.0922,462.8085,19.2837,0.62704918,0.60196721,19.2837,462.8085,0.60196721,19.2837,19.2837,19.2837,28.9255,28.9255,462.8085,0.60196721,115.7021,105.2153,366.3901,376.8769,0.47655738,0.49019741,0.02508197,153.7654,192.2067,120.5231,482.0922,160.6974,768.8268,4.0000,,153.7654,111.858,147.0434,193.7822,315.093,315.093,315.093,147.0434,-147.0434,2.142857,2.142857,1.045714,3,3,1,2,0E-8,0.62704918,,0E-8,0.000000,1.000000,0.000000,,2026-05-23,2026-05-23,1,3,3,1,1.000000,,,0.000000,,,,,,,,GLOBAL_BASELINE_NO_ENTITY_RANKING,,,NOT_APPLICABLE_GLOBAL_BASELINE,HF9g-P5,,,,X 全窗基线 · 不参与实体赏罚,8392860,840,A168_HF9F_20260827_0900,2026-08-27 09:00:00
2026-05-22,150421280,-1,1,287.9975092108,-131.0907581340,-131.0907581340,0.3333333,4,4,0.50329940000000000,0.503299400000,-0.5887925454369916,-0.5887925454369916,-0.5887925454369916,0E-17,SENTINEL_DEALER,R03b_20260811_FULL_v1,L1_ELIGIBILITY,v2026-08-11,2026-03-21..2026-08-06,baccarat_bet02_101_all_pairs_incl_sentinel,round_win = game_pnl > 0 (decisive only),COMPATIBILITY_ONLY_NOT_PRODUCTION,1019.1479,965.9592,477.1288,14,14,-0.46816446,,-0.46816446,-0.46816446,-477.1288,1019.1479,THIN_EXPOSURE,0.0000,14.3139,3.0000,97.0000,AG03-UNRESOLVED,ALL5_LEVELS_bet23_to_bet27,14.3139,14.3139,14.3139,19.0852,19.0852,3.000000,3.000000,3.000000,4.000000,4.000000,97.000000,97.000000,97.000000,96.000000,96.000000,5.0,81.1119,75.8065,396.0169,401.3223,PENDING_AG03,FALSE,NOT_FOR_ENFORCEMENT,462.8150,936.9804,477.1288,462.8150,14.3139,0.46816446,0.45411953,14.3139,462.8150,0.45411953,14.3139,14.3139,14.3139,19.0852,19.0852,462.8150,0.45411953,81.1119,75.8065,396.0169,401.3223,0.38857650,0.39378223,0.01404493,72.7963,68.9971,34.0806,477.1288,59.6411,1019.1479,14.0000,,72.7963,52.9293,70.0535,103.0045,128.3275,129.4173,129.7286,70.0535,-57.4698,1.847407,1.851852,1.039153,8,9,2,2,0E-8,0.46816446,,0E-8,0.000000,0.947811,0.000000,,2026-05-22,2026-05-22,1,8,8,1,1.000000,,,0.000000,,,,,,,,GLOBAL_BASELINE_NO_ENTITY_RANKING,,,NOT_APPLICABLE_GLOBAL_BASELINE,HF9g-P5,,,,X 全窗基线 · 不参与实体赏罚,8392861,840,A168_HF9F_20260827_0900,2026-08-27 09:00:00
2026-05-22,150421280,1330,0,38.9185823258,36.9726532095,36.9726532095,1.0000000,1,1,0.50665070000000000,0.506650700000,0.9867858985152569,0.9867858985152569,0.9867858985152569,0E-17,ELIGIBLE,R03b_20260811_FULL_v1,L1_ELIGIBILITY,v2026-08-11,2026-03-21..2026-08-06,baccarat_bet02_101_all_pairs_incl_sentinel,round_win = game_pnl > 0 (decisive only),COMPATIBILITY_ONLY_NOT_PRODUCTION,1019.1479,965.9592,477.1288,14,14,-0.46816446,,-0.46816446,-0.46816446,-477.1288,1019.1479,THIN_EXPOSURE,0.0000,14.3139,3.0000,97.0000,AG03-UNRESOLVED,ALL5_LEVELS_bet23_to_bet27,14.3139,14.3139,14.3139,19.0852,19.0852,3.000000,3.000000,3.000000,4.000000,4.000000,97.000000,97.000000,97.000000,96.000000,96.000000,5.0,81.1119,75.8065,396.0169,401.3223,PENDING_AG03,FALSE,NOT_FOR_ENFORCEMENT,462.8150,936.9804,477.1288,462.8150,14.3139,0.46816446,0.45411953,14.3139,462.8150,0.45411953,14.3139,14.3139,14.3139,19.0852,19.0852,462.8150,0.45411953,81.1119,75.8065,396.0169,401.3223,0.38857650,0.39378223,0.01404493,72.7963,68.9971,34.0806,477.1288,59.6411,1019.1479,14.0000,,72.7963,52.9293,70.0535,103.0045,128.3275,129.4173,129.7286,70.0535,-57.4698,1.847407,1.851852,1.039153,8,9,2,2,0E-8,0.46816446,,0E-8,0.000000,0.947811,0.000000,,2026-05-22,2026-05-22,1,8,8,1,1.000000,,,0.000000,,,,,,,,GLOBAL_BASELINE_NO_ENTITY_RANKING,,,NOT_APPLICABLE_GLOBAL_BASELINE,HF9g-P5,,,,X 全窗基线 · 不参与实体赏罚,8392862,840,A168_HF9F_20260827_0900,2026-08-27 09:00:00
2026-05-22,150421280,1396,0,7.7837164652,-7.7837164652,-7.7837164652,0E-7,1,1,0.49324550000000000,0.493245500000,-0.9865810262130424,-0.9865810262130424,-0.9865810262130424,0E-17,ELIGIBLE,R03b_20260811_FULL_v1,L1_ELIGIBILITY,v2026-08-11,2026-03-21..2026-08-06,baccarat_bet02_101_all_pairs_incl_sentinel,round_win = game_pnl > 0 (decisive only),COMPATIBILITY_ONLY_NOT_PRODUCTION,1019.1479,965.9592,477.1288,14,14,-0.46816446,,-0.46816446,-0.46816446,-477.1288,1019.1479,THIN_EXPOSURE,0.0000,14.3139,3.0000,97.0000,AG03-UNRESOLVED,ALL5_LEVELS_bet23_to_bet27,14.3139,14.3139,14.3139,19.0852,19.0852,3.000000,3.000000,3.000000,4.000000,4.000000,97.000000,97.000000,97.000000,96.000000,96.000000,5.0,81.1119,75.8065,396.0169,401.3223,PENDING_AG03,FALSE,NOT_FOR_ENFORCEMENT,462.8150,936.9804,477.1288,462.8150,14.3139,0.46816446,0.45411953,14.3139,462.8150,0.45411953,14.3139,14.3139,14.3139,19.0852,19.0852,462.8150,0.45411953,81.1119,75.8065,396.0169,401.3223,0.38857650,0.39378223,0.01404493,72.7963,68.9971,34.0806,477.1288,59.6411,1019.1479,14.0000,,72.7963,52.9293,70.0535,103.0045,128.3275,129.4173,129.7286,70.0535,-57.4698,1.847407,1.851852,1.039153,8,9,2,2,0E-8,0.46816446,,0E-8,0.000000,0.947811,0.000000,,2026-05-22,2026-05-22,1,8,8,1,1.000000,,,0.000000,,,,,,,,GLOBAL_BASELINE_NO_ENTITY_RANKING,,,NOT_APPLICABLE_GLOBAL_BASELINE,HF9g-P5,,,,X 全窗基线 · 不参与实体赏罚,8392863,840,A168_HF9F_20260827_0900,2026-08-27 09:00:00
2026-05-22,150421280,1710,0,77.8371646515,-77.8371646515,-77.8371646515,0E-7,1,1,0.49324550000000000,0.493245500000,-0.9865810262130424,-0.9865810262130424,-0.9865810262130424,0E-17,ELIGIBLE,R03b_20260811_FULL_v1,L1_ELIGIBILITY,v2026-08-11,2026-03-21..2026-08-06,baccarat_bet02_101_all_pairs_incl_sentinel,round_win = game_pnl > 0 (decisive only),COMPATIBILITY_ONLY_NOT_PRODUCTION,1019.1479,965.9592,477.1288,14,14,-0.46816446,,-0.46816446,-0.46816446,-477.1288,1019.1479,THIN_EXPOSURE,0.0000,14.3139,3.0000,97.0000,AG03-UNRESOLVED,ALL5_LEVELS_bet23_to_bet27,14.3139,14.3139,14.3139,19.0852,19.0852,3.000000,3.000000,3.000000,4.000000,4.000000,97.000000,97.000000,97.000000,96.000000,96.000000,5.0,81.1119,75.8065,396.0169,401.3223,PENDING_AG03,FALSE,NOT_FOR_ENFORCEMENT,462.8150,936.9804,477.1288,462.8150,14.3139,0.46816446,0.45411953,14.3139,462.8150,0.45411953,14.3139,14.3139,14.3139,19.0852,19.0852,462.8150,0.45411953,81.1119,75.8065,396.0169,401.3223,0.38857650,0.39378223,0.01404493,72.7963,68.9971,34.0806,477.1288,59.6411,1019.1479,14.0000,,72.7963,52.9293,70.0535,103.0045,128.3275,129.4173,129.7286,70.0535,-57.4698,1.847407,1.851852,1.039153,8,9,2,2,0E-8,0.46816446,,0E-8,0.000000,0.947811,0.000000,,2026-05-22,2026-05-22,1,8,8,1,1.000000,,,0.000000,,,,,,,,GLOBAL_BASELINE_NO_ENTITY_RANKING,,,NOT_APPLICABLE_GLOBAL_BASELINE,HF9g-P5,,,,X 全窗基线 · 不参与实体赏罚,8392864,840,A168_HF9F_20260827_0900,2026-08-27 09:00:00
2026-05-22,150421280,1990,0,129.7286077526,-129.7286077526,-129.7286077526,0E-7,1,1,0.49324550000000000,0.493245500000,-0.9865810262130424,-0.9865810262130424,-0.9865810262130424,0E-17,ELIGIBLE,R03b_20260811_FULL_v1,L1_ELIGIBILITY,v2026-08-11,2026-03-21..2026-08-06,baccarat_bet02_101_all_pairs_incl_sentinel,round_win = game_pnl > 0 (decisive only),COMPATIBILITY_ONLY_NOT_PRODUCTION,1019.1479,965.9592,477.1288,14,14,-0.46816446,,-0.46816446,-0.46816446,-477.1288,1019.1479,THIN_EXPOSURE,0.0000,14.3139,3.0000,97.0000,AG03-UNRESOLVED,ALL5_LEVELS_bet23_to_bet27,14.3139,14.3139,14.3139,19.0852,19.0852,3.000000,3.000000,3.000000,4.000000,4.000000,97.000000,97.000000,97.000000,96.000000,96.000000,5.0,81.1119,75.8065,396.0169,401.3223,PENDING_AG03,FALSE,NOT_FOR_ENFORCEMENT,462.8150,936.9804,477.1288,462.8150,14.3139,0.46816446,0.45411953,14.3139,462.8150,0.45411953,14.3139,14.3139,14.3139,19.0852,19.0852,462.8150,0.45411953,81.1119,75.8065,396.0169,401.3223,0.38857650,0.39378223,0.01404493,72.7963,68.9971,34.0806,477.1288,59.6411,1019.1479,14.0000,,72.7963,52.9293,70.0535,103.0045,128.3275,129.4173,129.7286,70.0535,-57.4698,1.847407,1.851852,1.039153,8,9,2,2,0E-8,0.46816446,,0E-8,0.000000,0.947811,0.000000,,2026-05-22,2026-05-22,1,8,8,1,1.000000,,,0.000000,,,,,,,,GLOBAL_BASELINE_NO_ENTITY_RANKING,,,NOT_APPLICABLE_GLOBAL_BASELINE,HF9g-P5,,,,X 全窗基线 · 不参与实体赏罚,8392865,840,A168_HF9F_20260827_0900,2026-08-27 09:00:00
2026-05-22,150421280,1994,0,62.2697317212,-62.2697317212,-62.2697317212,0E-7,1,1,0.49324550000000000,0.493245500000,-0.9865810262130424,-0.9865810262130424,-0.9865810262130424,0E-17,ELIGIBLE,R03b_20260811_FULL_v1,L1_ELIGIBILITY,v2026-08-11,2026-03-21..2026-08-06,baccarat_bet02_101_all_pairs_incl_sentinel,round_win = game_pnl > 0 (decisive only),COMPATIBILITY_ONLY_NOT_PRODUCTION,1019.1479,965.9592,477.1288,14,14,-0.46816446,,-0.46816446,-0.46816446,-477.1288,1019.1479,THIN_EXPOSURE,0.0000,14.3139,3.0000,97.0000,AG03-UNRESOLVED,ALL5_LEVELS_bet23_to_bet27,14.3139,14.3139,14.3139,19.0852,19.0852,3.000000,3.000000,3.000000,4.000000,4.000000,97.000000,97.000000,97.000000,96.000000,96.000000,5.0,81.1119,75.8065,396.0169,401.3223,PENDING_AG03,FALSE,NOT_FOR_ENFORCEMENT,462.8150,936.9804,477.1288,462.8150,14.3139,0.46816446,0.45411953,14.3139,462.8150,0.45411953,14.3139,14.3139,14.3139,19.0852,19.0852,462.8150,0.45411953,81.1119,75.8065,396.0169,401.3223,0.38857650,0.39378223,0.01404493,72.7963,68.9971,34.0806,477.1288,59.6411,1019.1479,14.0000,,72.7963,52.9293,70.0535,103.0045,128.3275,129.4173,129.7286,70.0535,-57.4698,1.847407,1.851852,1.039153,8,9,2,2,0E-8,0.46816446,,0E-8,0.000000,0.947811,0.000000,,2026-05-22,2026-05-22,1,8,8,1,1.000000,,,0.000000,,,,,,,,GLOBAL_BASELINE_NO_ENTITY_RANKING,,,NOT_APPLICABLE_GLOBAL_BASELINE,HF9g-P5,,,,X 全窗基线 · 不参与实体赏罚,8392866,840,A168_HF9F_20260827_0900,2026-08-27 09:00:00
2026-05-22,150421280,2256,0,130.5069793990,-130.5069793990,-130.5069793990,0E-7,2,2,0.49994810000000000,0.499948100000,-1.4140667746232096,-1.4140667746232096,-1.4140667746232096,0E-17,ELIGIBLE,R03b_20260811_FULL_v1,L1_ELIGIBILITY,v2026-08-11,2026-03-21..2026-08-06,baccarat_bet02_101_all_pairs_incl_sentinel,round_win = game_pnl > 0 (decisive only),COMPATIBILITY_ONLY_NOT_PRODUCTION,1019.1479,965.9592,477.1288,14,14,-0.46816446,,-0.46816446,-0.46816446,-477.1288,1019.1479,THIN_EXPOSURE,0.0000,14.3139,3.0000,97.0000,AG03-UNRESOLVED,ALL5_LEVELS_bet23_to_bet27,14.3139,14.3139,14.3139,19.0852,19.0852,3.000000,3.000000,3.000000,4.000000,4.000000,97.000000,97.000000,97.000000,96.000000,96.000000,5.0,81.1119,75.8065,396.0169,401.3223,PENDING_AG03,FALSE,NOT_FOR_ENFORCEMENT,462.8150,936.9804,477.1288,462.8150,14.3139,0.46816446,0.45411953,14.3139,462.8150,0.45411953,14.3139,14.3139,14.3139,19.0852,19.0852,462.8150,0.45411953,81.1119,75.8065,396.0169,401.3223,0.38857650,0.39378223,0.01404493,72.7963,68.9971,34.0806,477.1288,59.6411,1019.1479,14.0000,,72.7963,52.9293,70.0535,103.0045,128.3275,129.4173,129.7286,70.0535,-57.4698,1.847407,1.851852,1.039153,8,9,2,2,0E-8,0.46816446,,0E-8,0.000000,0.947811,0.000000,,2026-05-22,2026-05-22,1,8,8,1,1.000000,,,0.000000,,,,,,,,GLOBAL_BASELINE_NO_ENTITY_RANKING,,,NOT_APPLICABLE_GLOBAL_BASELINE,HF9g-P5,,,,X 全窗基线 · 不参与实体赏罚,8392867,840,A168_HF9F_20260827_0900,2026-08-27 09:00:00
2026-05-22,150421280,462,0,155.9337865186,153.2873229204,153.2873229204,1.0000000,2,2,0.49994810000000000,0.499948100000,1.4143603653603398,1.4143603653603398,1.4143603653603398,0E-17,ELIGIBLE,R03b_20260811_FULL_v1,L1_ELIGIBILITY,v2026-08-11,2026-03-21..2026-08-06,baccarat_bet02_101_all_pairs_incl_sentinel,round_win = game_pnl > 0 (decisive only),COMPATIBILITY_ONLY_NOT_PRODUCTION,1019.1479,965.9592,477.1288,14,14,-0.46816446,,-0.46816446,-0.46816446,-477.1288,1019.1479,THIN_EXPOSURE,0.0000,14.3139,3.0000,97.0000,AG03-UNRESOLVED,ALL5_LEVELS_bet23_to_bet27,14.3139,14.3139,14.3139,19.0852,19.0852,3.000000,3.000000,3.000000,4.000000,4.000000,97.000000,97.000000,97.000000,96.000000,96.000000,5.0,81.1119,75.8065,396.0169,401.3223,PENDING_AG03,FALSE,NOT_FOR_ENFORCEMENT,462.8150,936.9804,477.1288,462.8150,14.3139,0.46816446,0.45411953,14.3139,462.8150,0.45411953,14.3139,14.3139,14.3139,19.0852,19.0852,462.8150,0.45411953,81.1119,75.8065,396.0169,401.3223,0.38857650,0.39378223,0.01404493,72.7963,68.9971,34.0806,477.1288,59.6411,1019.1479,14.0000,,72.7963,52.9293,70.0535,103.0045,128.3275,129.4173,129.7286,70.0535,-57.4698,1.847407,1.851852,1.039153,8,9,2,2,0E-8,0.46816446,,0E-8,0.000000,0.947811,0.000000,,2026-05-22,2026-05-22,1,8,8,1,1.000000,,,0.000000,,,,,,,,GLOBAL_BASELINE_NO_ENTITY_RANKING,,,NOT_APPLICABLE_GLOBAL_BASELINE,HF9g-P5,,,,X 全窗基线 · 不参与实体赏罚,8392868,840,A168_HF9F_20260827_0900,2026-08-27 09:00:00
2026-05-22,150421280,550,0,128.1718644596,-128.1718644596,-128.1718644596,0E-7,1,1,0.49324550000000000,0.493245500000,-0.9865810262130424,-0.9865810262130424,-0.9865810262130424,0E-17,ELIGIBLE,R03b_20260811_FULL_v1,L1_ELIGIBILITY,v2026-08-11,2026-03-21..2026-08-06,baccarat_bet02_101_all_pairs_incl_sentinel,round_win = game_pnl > 0 (decisive only),COMPATIBILITY_ONLY_NOT_PRODUCTION,1019.1479,965.9592,477.1288,14,14,-0.46816446,,-0.46816446,-0.46816446,-477.1288,1019.1479,THIN_EXPOSURE,0.0000,14.3139,3.0000,97.0000,AG03-UNRESOLVED,ALL5_LEVELS_bet23_to_bet27,14.3139,14.3139,14.3139,19.0852,19.0852,3.000000,3.000000,3.000000,4.000000,4.000000,97.000000,97.000000,97.000000,96.000000,96.000000,5.0,81.1119,75.8065,396.0169,401.3223,PENDING_AG03,FALSE,NOT_FOR_ENFORCEMENT,462.8150,936.9804,477.1288,462.8150,14.3139,0.46816446,0.45411953,14.3139,462.8150,0.45411953,14.3139,14.3139,14.3139,19.0852,19.0852,462.8150,0.45411953,81.1119,75.8065,396.0169,401.3223,0.38857650,0.39378223,0.01404493,72.7963,68.9971,34.0806,477.1288,59.6411,1019.1479,14.0000,,72.7963,52.9293,70.0535,103.0045,128.3275,129.4173,129.7286,70.0535,-57.4698,1.847407,1.851852,1.039153,8,9,2,2,0E-8,0.46816446,,0E-8,0.000000,0.947811,0.000000,,2026-05-22,2026-05-22,1,8,8,1,1.000000,,,0.000000,,,,,,,,GLOBAL_BASELINE_NO_ENTITY_RANKING,,,NOT_APPLICABLE_GLOBAL_BASELINE,HF9g-P5,,,,X 全窗基线 · 不参与实体赏罚,8392869,840,A168_HF9F_20260827_0900,2026-08-27 09:00:00
2026-03-25,146343351,-1,1,157.7978434296,8.7665468572,8.7665468572,0.5000000,5,5,0.49324550000000000,0.493245500000,0.027020465636507562,0.027020465636507562,0.027020465636507562,0E-17,SENTINEL_DEALER,R03b_20260811_FULL_v1,L1_ELIGIBILITY,v2026-08-11,2026-03-21..2026-08-06,baccarat_bet02_101_all_pairs_incl_sentinel,round_win = game_pnl > 0 (decisive only),COMPATIBILITY_ONLY_NOT_PRODUCTION,1876.0410,1656.8774,482.1601,68,56,-0.25700935,,-0.25700935,-0.25700935,-482.1601,1876.0410,OK,0.0000,19.2864,4.0000,96.0000,AG03-UNRESOLVED,ALL5_LEVELS_bet23_to_bet27,19.2864,19.2864,24.1080,24.1080,24.1080,4.000000,4.000000,5.000000,5.000000,5.000000,96.000000,96.000000,95.000000,95.000000,95.000000,5.0,110.8968,101.178,371.2633,380.9821,PENDING_AG03,FALSE,NOT_FOR_ENFORCEMENT,462.8737,1590.6023,482.1601,462.8737,19.2864,0.25700935,0.24672897,19.2864,462.8737,0.24672897,19.2864,19.2864,24.1080,24.1080,24.1080,462.8737,0.24672897,110.8968,101.178,371.2633,380.9821,0.19789720,0.20307768,0.01028037,27.5888,29.5871,8.6100,160.7200,53.5733,625.3470,18.6667,,27.5888,17.5331,26.2996,35.0662,43.8327,43.8327,79.7756,26.2996,-8.7665,1.666667,3.033333,1.04902,8,9,3,7,0E-8,0.25700935,,0E-8,0.000000,0.883178,0.000000,,2026-03-25,2026-03-27,3,9,9,3,1.000000,,,0.000000,,,,,,,,GLOBAL_BASELINE_NO_ENTITY_RANKING,,,NOT_APPLICABLE_GLOBAL_BASELINE,HF9g-P5,,,,X 全窗基线 · 不参与实体赏罚,8392870,840,A168_HF9F_20260827_0900,2026-08-27 09:00:00
2026-03-25,146343351,1485,0,184.0974840012,-78.8989217148,-78.8989217148,0.2857143,8,7,0.42326302857142857,0.408314485714,-0.736565853735919,-0.6599291867702192,-0.736565853735919,0.01494854285742857,ELIGIBLE,R03b_20260811_FULL_v1,L1_ELIGIBILITY,v2026-08-11,2026-03-21..2026-08-06,baccarat_bet02_101_all_pairs_incl_sentinel,round_win = game_pnl > 0 (decisive only),COMPATIBILITY_ONLY_NOT_PRODUCTION,1876.0410,1656.8774,482.1601,68,56,-0.25700935,,-0.25700935,-0.25700935,-482.1601,1876.0410,OK,0.0000,19.2864,4.0000,96.0000,AG03-UNRESOLVED,ALL5_LEVELS_bet23_to_bet27,19.2864,19.2864,24.1080,24.1080,24.1080,4.000000,4.000000,5.000000,5.000000,5.000000,96.000000,96.000000,95.000000,95.000000,95.000000,5.0,110.8968,101.178,371.2633,380.9821,PENDING_AG03,FALSE,NOT_FOR_ENFORCEMENT,462.8737,1590.6023,482.1601,462.8737,19.2864,0.25700935,0.24672897,19.2864,462.8737,0.24672897,19.2864,19.2864,24.1080,24.1080,24.1080,462.8737,0.24672897,110.8968,101.178,371.2633,380.9821,0.19789720,0.20307768,0.01028037,27.5888,29.5871,8.6100,160.7200,53.5733,625.3470,18.6667,,27.5888,17.5331,26.2996,35.0662,43.8327,43.8327,79.7756,26.2996,-8.7665,1.666667,3.033333,1.04902,8,9,3,7,0E-8,0.25700935,,0E-8,0.000000,0.883178,0.000000,,2026-03-25,2026-03-27,3,9,9,3,1.000000,,,0.000000,,,,,,,,GLOBAL_BASELINE_NO_ENTITY_RANKING,,,NOT_APPLICABLE_GLOBAL_BASELINE,HF9g-P5,,,,X 全窗基线 · 不参与实体赏罚,8392871,840,A168_HF9F_20260827_0900,2026-08-27 09:00:00
2026-03-25,146343351,2202,0,17.5330937144,-17.5330937144,-17.5330937144,0E-7,1,1,0.50665070000000000,0.506650700000,-1.013391052207602,-1.013391052207602,-1.013391052207602,0E-17,ELIGIBLE,R03b_20260811_FULL_v1,L1_ELIGIBILITY,v2026-08-11,2026-03-21..2026-08-06,baccarat_bet02_101_all_pairs_incl_sentinel,round_win = game_pnl > 0 (decisive only),COMPATIBILITY_ONLY_NOT_PRODUCTION,1876.0410,1656.8774,482.1601,68,56,-0.25700935,,-0.25700935,-0.25700935,-482.1601,1876.0410,OK,0.0000,19.2864,4.0000,96.0000,AG03-UNRESOLVED,ALL5_LEVELS_bet23_to_bet27,19.2864,19.2864,24.1080,24.1080,24.1080,4.000000,4.000000,5.000000,5.000000,5.000000,96.000000,96.000000,95.000000,95.000000,95.000000,5.0,110.8968,101.178,371.2633,380.9821,PENDING_AG03,FALSE,NOT_FOR_ENFORCEMENT,462.8737,1590.6023,482.1601,462.8737,19.2864,0.25700935,0.24672897,19.2864,462.8737,0.24672897,19.2864,19.2864,24.1080,24.1080,24.1080,462.8737,0.24672897,110.8968,101.178,371.2633,380.9821,0.19789720,0.20307768,0.01028037,27.5888,29.5871,8.6100,160.7200,53.5733,625.3470,18.6667,,27.5888,17.5331,26.2996,35.0662,43.8327,43.8327,79.7756,26.2996,-8.7665,1.666667,3.033333,1.04902,8,9,3,7,0E-8,0.25700935,,0E-8,0.000000,0.883178,0.000000,,2026-03-25,2026-03-27,3,9,9,3,1.000000,,,0.000000,,,,,,,,GLOBAL_BASELINE_NO_ENTITY_RANKING,,,NOT_APPLICABLE_GLOBAL_BASELINE,HF9g-P5,,,,X 全窗基线 · 不参与实体赏罚,8392872,840,A168_HF9F_20260827_0900,2026-08-27 09:00:00
2026-03-25,146343351,2216,0,631.1913737184,26.2996405716,26.2996405716,0.5625000,28,20,0.45016810783333333,0.411188847500,0.9031517758795949,1.2300485501220455,0.9031517758795949,0.03897926033333333,ELIGIBLE,R03b_20260811_FULL_v1,L1_ELIGIBILITY,v2026-08-11,2026-03-21..2026-08-06,baccarat_bet02_101_all_pairs_incl_sentinel,round_win = game_pnl > 0 (decisive only),COMPATIBILITY_ONLY_NOT_PRODUCTION,1876.0410,1656.8774,482.1601,68,56,-0.25700935,,-0.25700935,-0.25700935,-482.1601,1876.0410,OK,0.0000,19.2864,4.0000,96.0000,AG03-UNRESOLVED,ALL5_LEVELS_bet23_to_bet27,19.2864,19.2864,24.1080,24.1080,24.1080,4.000000,4.000000,5.000000,5.000000,5.000000,96.000000,96.000000,95.000000,95.000000,95.000000,5.0,110.8968,101.178,371.2633,380.9821,PENDING_AG03,FALSE,NOT_FOR_ENFORCEMENT,462.8737,1590.6023,482.1601,462.8737,19.2864,0.25700935,0.24672897,19.2864,462.8737,0.24672897,19.2864,19.2864,24.1080,24.1080,24.1080,462.8737,0.24672897,110.8968,101.178,371.2633,380.9821,0.19789720,0.20307768,0.01028037,27.5888,29.5871,8.6100,160.7200,53.5733,625.3470,18.6667,,27.5888,17.5331,26.2996,35.0662,43.8327,43.8327,79.7756,26.2996,-8.7665,1.666667,3.033333,1.04902,8,9,3,7,0E-8,0.25700935,,0E-8,0.000000,0.883178,0.000000,,2026-03-25,2026-03-27,3,9,9,3,1.000000,,,0.000000,,,,,,,,GLOBAL_BASELINE_NO_ENTITY_RANKING,,,NOT_APPLICABLE_GLOBAL_BASELINE,HF9g-P5,,,,X 全窗基线 · 不参与实体赏罚,8392873,840,A168_HF9F_20260827_0900,2026-08-27 09:00:00
2026-03-25,146343351,948,0,87.6654685720,-35.0661874288,-35.0661874288,0.3333333,4,3,0.46171887500000000,0.425723850000,-0.44604980619042744,-0.3236410805926918,-0.44604980619042744,0.03599502500000000,ELIGIBLE,R03b_20260811_FULL_v1,L1_ELIGIBILITY,v2026-08-11,2026-03-21..2026-08-06,baccarat_bet02_101_all_pairs_incl_sentinel,round_win = game_pnl > 0 (decisive only),COMPATIBILITY_ONLY_NOT_PRODUCTION,1876.0410,1656.8774,482.1601,68,56,-0.25700935,,-0.25700935,-0.25700935,-482.1601,1876.0410,OK,0.0000,19.2864,4.0000,96.0000,AG03-UNRESOLVED,ALL5_LEVELS_bet23_to_bet27,19.2864,19.2864,24.1080,24.1080,24.1080,4.000000,4.000000,5.000000,5.000000,5.000000,96.000000,96.000000,95.000000,95.000000,95.000000,5.0,110.8968,101.178,371.2633,380.9821,PENDING_AG03,FALSE,NOT_FOR_ENFORCEMENT,462.8737,1590.6023,482.1601,462.8737,19.2864,0.25700935,0.24672897,19.2864,462.8737,0.24672897,19.2864,19.2864,24.1080,24.1080,24.1080,462.8737,0.24672897,110.8968,101.178,371.2633,380.9821,0.19789720,0.20307768,0.01028037,27.5888,29.5871,8.6100,160.7200,53.5733,625.3470,18.6667,,27.5888,17.5331,26.2996,35.0662,43.8327,43.8327,79.7756,26.2996,-8.7665,1.666667,3.033333,1.04902,8,9,3,7,0E-8,0.25700935,,0E-8,0.000000,0.883178,0.000000,,2026-03-25,2026-03-27,3,9,9,3,1.000000,,,0.000000,,,,,,,,GLOBAL_BASELINE_NO_ENTITY_RANKING,,,NOT_APPLICABLE_GLOBAL_BASELINE,HF9g-P5,,,,X 全窗基线 · 不参与实体赏罚,8392874,840,A168_HF9F_20260827_0900,2026-08-27 09:00:00
2026-03-26,146343351,-1,1,131.4982028579,-131.4982028579,-131.4982028579,0E-7,2,2,0.49324550000000000,0.493245500000,-1.3952362676504506,-1.3952362676504506,-1.3952362676504506,0E-17,SENTINEL_DEALER,R03b_20260811_FULL_v1,L1_ELIGIBILITY,v2026-08-11,2026-03-21..2026-08-06,baccarat_bet02_101_all_pairs_incl_sentinel,round_win = game_pnl > 0 (decisive only),COMPATIBILITY_ONLY_NOT_PRODUCTION,1876.0410,1656.8774,482.1601,68,56,-0.25700935,,-0.25700935,-0.25700935,-482.1601,1876.0410,OK,0.0000,19.2864,4.0000,96.0000,AG03-UNRESOLVED,ALL5_LEVELS_bet23_to_bet27,19.2864,19.2864,24.1080,24.1080,24.1080,4.000000,4.000000,5.000000,5.000000,5.000000,96.000000,96.000000,95.000000,95.000000,95.000000,5.0,110.8968,101.178,371.2633,380.9821,PENDING_AG03,FALSE,NOT_FOR_ENFORCEMENT,462.8737,1590.6023,482.1601,462.8737,19.2864,0.25700935,0.24672897,19.2864,462.8737,0.24672897,19.2864,19.2864,24.1080,24.1080,24.1080,462.8737,0.24672897,110.8968,101.178,371.2633,380.9821,0.19789720,0.20307768,0.01028037,27.5888,29.5871,8.6100,160.7200,53.5733,625.3470,18.6667,,27.5888,17.5331,26.2996,35.0662,43.8327,43.8327,79.7756,26.2996,-8.7665,1.666667,3.033333,1.04902,8,9,3,7,0E-8,0.25700935,,0E-8,0.000000,0.883178,0.000000,,2026-03-25,2026-03-27,3,9,9,3,1.000000,,,0.000000,,,,,,,,GLOBAL_BASELINE_NO_ENTITY_RANKING,,,NOT_APPLICABLE_GLOBAL_BASELINE,HF9g-P5,,,,X 全窗基线 · 不参与实体赏罚,8392875,840,A168_HF9F_20260827_0900,2026-08-27 09:00:00
2026-03-26,146343351,1384,0,43.8327342860,-43.8327342860,-43.8327342860,0E-7,1,1,0.49324550000000000,0.493245500000,-0.9865810262130424,-0.9865810262130424,-0.9865810262130424,0E-17,ELIGIBLE,R03b_20260811_FULL_v1,L1_ELIGIBILITY,v2026-08-11,2026-03-21..2026-08-06,baccarat_bet02_101_all_pairs_incl_sentinel,round_win = game_pnl > 0 (decisive only),COMPATIBILITY_ONLY_NOT_PRODUCTION,1876.0410,1656.8774,482.1601,68,56,-0.25700935,,-0.25700935,-0.25700935,-482.1601,1876.0410,OK,0.0000,19.2864,4.0000,96.0000,AG03-UNRESOLVED,ALL5_LEVELS_bet23_to_bet27,19.2864,19.2864,24.1080,24.1080,24.1080,4.000000,4.000000,5.000000,5.000000,5.000000,96.000000,96.000000,95.000000,95.000000,95.000000,5.0,110.8968,101.178,371.2633,380.9821,PENDING_AG03,FALSE,NOT_FOR_ENFORCEMENT,462.8737,1590.6023,482.1601,462.8737,19.2864,0.25700935,0.24672897,19.2864,462.8737,0.24672897,19.2864,19.2864,24.1080,24.1080,24.1080,462.8737,0.24672897,110.8968,101.178,371.2633,380.9821,0.19789720,0.20307768,0.01028037,27.5888,29.5871,8.6100,160.7200,53.5733,625.3470,18.6667,,27.5888,17.5331,26.2996,35.0662,43.8327,43.8327,79.7756,26.2996,-8.7665,1.666667,3.033333,1.04902,8,9,3,7,0E-8,0.25700935,,0E-8,0.000000,0.883178,0.000000,,2026-03-25,2026-03-27,3,9,9,3,1.000000,,,0.000000,,,,,,,,GLOBAL_BASELINE_NO_ENTITY_RANKING,,,NOT_APPLICABLE_GLOBAL_BASELINE,HF9g-P5,,,,X 全窗基线 · 不参与实体赏罚,8392876,840,A168_HF9F_20260827_0900,2026-08-27 09:00:00
2026-03-26,146343351,1646,0,429.5607960028,-122.7316560008,-122.7316560008,0.3333333,12,10,0.42796814875000000,0.412521135000,-0.5737944778884033,-0.4825699958533635,-0.5737944778884033,0.01544701375000000,ELIGIBLE,R03b_20260811_FULL_v1,L1_ELIGIBILITY,v2026-08-11,2026-03-21..2026-08-06,baccarat_bet02_101_all_pairs_incl_sentinel,round_win = game_pnl > 0 (decisive only),COMPATIBILITY_ONLY_NOT_PRODUCTION,1876.0410,1656.8774,482.1601,68,56,-0.25700935,,-0.25700935,-0.25700935,-482.1601,1876.0410,OK,0.0000,19.2864,4.0000,96.0000,AG03-UNRESOLVED,ALL5_LEVELS_bet23_to_bet27,19.2864,19.2864,24.1080,24.1080,24.1080,4.000000,4.000000,5.000000,5.000000,5.000000,96.000000,96.000000,95.000000,95.000000,95.000000,5.0,110.8968,101.178,371.2633,380.9821,PENDING_AG03,FALSE,NOT_FOR_ENFORCEMENT,462.8737,1590.6023,482.1601,462.8737,19.2864,0.25700935,0.24672897,19.2864,462.8737,0.24672897,19.2864,19.2864,24.1080,24.1080,24.1080,462.8737,0.24672897,110.8968,101.178,371.2633,380.9821,0.19789720,0.20307768,0.01028037,27.5888,29.5871,8.6100,160.7200,53.5733,625.3470,18.6667,,27.5888,17.5331,26.2996,35.0662,43.8327,43.8327,79.7756,26.2996,-8.7665,1.666667,3.033333,1.04902,8,9,3,7,0E-8,0.25700935,,0E-8,0.000000,0.883178,0.000000,,2026-03-25,2026-03-27,3,9,9,3,1.000000,,,0.000000,,,,,,,,GLOBAL_BASELINE_NO_ENTITY_RANKING,,,NOT_APPLICABLE_GLOBAL_BASELINE,HF9g-P5,,,,X 全窗基线 · 不参与实体赏罚,8392877,840,A168_HF9F_20260827_0900,2026-08-27 09:00:00
2026-03-27,146343351,1299,0,166.5643902868,-61.3658280004,-61.3658280004,0.3333333,6,6,0.49324550000000000,0.493245500000,-0.783477916903833,-0.7834779169038328,-0.783477916903833,0E-17,ELIGIBLE,R03b_20260811_FULL_v1,L1_ELIGIBILITY,v2026-08-11,2026-03-21..2026-08-06,baccarat_bet02_101_all_pairs_incl_sentinel,round_win = game_pnl > 0 (decisive only),COMPATIBILITY_ONLY_NOT_PRODUCTION,1876.0410,1656.8774,482.1601,68,56,-0.25700935,,-0.25700935,-0.25700935,-482.1601,1876.0410,OK,0.0000,19.2864,4.0000,96.0000,AG03-UNRESOLVED,ALL5_LEVELS_bet23_to_bet27,19.2864,19.2864,24.1080,24.1080,24.1080,4.000000,4.000000,5.000000,5.000000,5.000000,96.000000,96.000000,95.000000,95.000000,95.000000,5.0,110.8968,101.178,371.2633,380.9821,PENDING_AG03,FALSE,NOT_FOR_ENFORCEMENT,462.8737,1590.6023,482.1601,462.8737,19.2864,0.25700935,0.24672897,19.2864,462.8737,0.24672897,19.2864,19.2864,24.1080,24.1080,24.1080,462.8737,0.24672897,110.8968,101.178,371.2633,380.9821,0.19789720,0.20307768,0.01028037,27.5888,29.5871,8.6100,160.7200,53.5733,625.3470,18.6667,,27.5888,17.5331,26.2996,35.0662,43.8327,43.8327,79.7756,26.2996,-8.7665,1.666667,3.033333,1.04902,8,9,3,7,0E-8,0.25700935,,0E-8,0.000000,0.883178,0.000000,,2026-03-25,2026-03-27,3,9,9,3,1.000000,,,0.000000,,,,,,,,GLOBAL_BASELINE_NO_ENTITY_RANKING,,,NOT_APPLICABLE_GLOBAL_BASELINE,HF9g-P5,,,,X 全窗基线 · 不参与实体赏罚,8392878,840,A168_HF9F_20260827_0900,2026-08-27 09:00:00
2026-03-27,146343351,1750,0,26.2996405716,-26.2996405716,-26.2996405716,0E-7,1,1,0.49324550000000000,0.493245500000,-0.9865810262130424,-0.9865810262130424,-0.9865810262130424,0E-17,ELIGIBLE,R03b_20260811_FULL_v1,L1_ELIGIBILITY,v2026-08-11,2026-03-21..2026-08-06,baccarat_bet02_101_all_pairs_incl_sentinel,round_win = game_pnl > 0 (decisive only),COMPATIBILITY_ONLY_NOT_PRODUCTION,1876.0410,1656.8774,482.1601,68,56,-0.25700935,,-0.25700935,-0.25700935,-482.1601,1876.0410,OK,0.0000,19.2864,4.0000,96.0000,AG03-UNRESOLVED,ALL5_LEVELS_bet23_to_bet27,19.2864,19.2864,24.1080,24.1080,24.1080,4.000000,4.000000,5.000000,5.000000,5.000000,96.000000,96.000000,95.000000,95.000000,95.000000,5.0,110.8968,101.178,371.2633,380.9821,PENDING_AG03,FALSE,NOT_FOR_ENFORCEMENT,462.8737,1590.6023,482.1601,462.8737,19.2864,0.25700935,0.24672897,19.2864,462.8737,0.24672897,19.2864,19.2864,24.1080,24.1080,24.1080,462.8737,0.24672897,110.8968,101.178,371.2633,380.9821,0.19789720,0.20307768,0.01028037,27.5888,29.5871,8.6100,160.7200,53.5733,625.3470,18.6667,,27.5888,17.5331,26.2996,35.0662,43.8327,43.8327,79.7756,26.2996,-8.7665,1.666667,3.033333,1.04902,8,9,3,7,0E-8,0.25700935,,0E-8,0.000000,0.883178,0.000000,,2026-03-25,2026-03-27,3,9,9,3,1.000000,,,0.000000,,,,,,,,GLOBAL_BASELINE_NO_ENTITY_RANKING,,,NOT_APPLICABLE_GLOBAL_BASELINE,HF9g-P5,,,,X 全窗基线 · 不参与实体赏罚,8392879,840,A168_HF9F_20260827_0900,2026-08-27 09:00:00
2026-05-12,149953802,-1,1,76.7993357895,-76.7993357895,-76.7993357895,0E-7,2,2,0.50665070000000000,0.506650700000,-1.4331513700195317,-1.4331513700195317,-1.4331513700195317,0E-17,SENTINEL_DEALER,R03b_20260811_FULL_v1,L1_ELIGIBILITY,v2026-08-11,2026-03-21..2026-08-06,baccarat_bet02_101_all_pairs_incl_sentinel,round_win = game_pnl > 0 (decisive only),COMPATIBILITY_ONLY_NOT_PRODUCTION,2139.4842,2139.4842,482.2012,29,24,-0.22538200,,-0.22538200,-0.22538200,-482.2012,2139.4842,THIN_EXPOSURE,0.0000,19.2880,4.0000,96.0000,AG03-UNRESOLVED,ALL5_LEVELS_bet23_to_bet27,19.2880,19.2880,19.2880,24.1101,24.1101,4.000000,4.000000,4.000000,5.000000,5.000000,96.000000,96.000000,96.000000,95.000000,95.000000,5.0,106.0843,97.176,376.1170,385.0253,PENDING_AG03,FALSE,NOT_FOR_ENFORCEMENT,462.9132,2053.9048,482.2012,462.9132,19.2880,0.22538200,0.21636672,19.2880,462.9132,0.21636672,19.2880,19.2880,19.2880,24.1101,24.1101,462.9132,0.21636672,106.0843,97.176,376.1170,385.0253,0.17579796,0.17996172,0.00901528,73.7753,89.1452,20.0917,482.2012,80.3669,2139.4842,24.0000,,73.7753,51.8914,51.8914,103.7829,119.3503,181.6201,181.6201,51.8914,-24.9079,3.5,3.5,1.421724,6,6,1,3,0E-8,0.22538200,,0E-8,0.000000,1.000000,0.000000,,2026-05-12,2026-05-12,1,6,6,1,1.000000,,,0.000000,,,,,,,,GLOBAL_BASELINE_NO_ENTITY_RANKING,,,NOT_APPLICABLE_GLOBAL_BASELINE,HF9g-P5,,,,X 全窗基线 · 不参与实体赏罚,8392880,840,A168_HF9F_20260827_0900,2026-08-27 09:00:00
2026-05-12,149953802,1210,0,129.7286077526,75.2425924964,75.2425924964,1.0000000,4,2,0.41887903999975004,0.297275450000,1.665727489790238,2.1743429183121594,1.665727489790238,0.12160358999975004,ELIGIBLE,R03b_20260811_FULL_v1,L1_ELIGIBILITY,v2026-08-11,2026-03-21..2026-08-06,baccarat_bet02_101_all_pairs_incl_sentinel,round_win = game_pnl > 0 (decisive only),COMPATIBILITY_ONLY_NOT_PRODUCTION,2139.4842,2139.4842,482.2012,29,24,-0.22538200,,-0.22538200,-0.22538200,-482.2012,2139.4842,THIN_EXPOSURE,0.0000,19.2880,4.0000,96.0000,AG03-UNRESOLVED,ALL5_LEVELS_bet23_to_bet27,19.2880,19.2880,19.2880,24.1101,24.1101,4.000000,4.000000,4.000000,5.000000,5.000000,96.000000,96.000000,96.000000,95.000000,95.000000,5.0,106.0843,97.176,376.1170,385.0253,PENDING_AG03,FALSE,NOT_FOR_ENFORCEMENT,462.9132,2053.9048,482.2012,462.9132,19.2880,0.22538200,0.21636672,19.2880,462.9132,0.21636672,19.2880,19.2880,19.2880,24.1101,24.1101,462.9132,0.21636672,106.0843,97.176,376.1170,385.0253,0.17579796,0.17996172,0.00901528,73.7753,89.1452,20.0917,482.2012,80.3669,2139.4842,24.0000,,73.7753,51.8914,51.8914,103.7829,119.3503,181.6201,181.6201,51.8914,-24.9079,3.5,3.5,1.421724,6,6,1,3,0E-8,0.22538200,,0E-8,0.000000,1.000000,0.000000,,2026-05-12,2026-05-12,1,6,6,1,1.000000,,,0.000000,,,,,,,,GLOBAL_BASELINE_NO_ENTITY_RANKING,,,NOT_APPLICABLE_GLOBAL_BASELINE,HF9g-P5,,,,X 全窗基线 · 不参与实体赏罚,8392881,840,A168_HF9F_20260827_0900,2026-08-27 09:00:00
2026-05-12,149953802,2223,0,311.3486586062,68.1075190702,68.1075190702,0.5000000,5,4,0.49042290312496278,0.451793412500,0.03831541678511563,0.1937288555254134,0.03831541678511563,0.03862949062496278,ELIGIBLE,R03b_20260811_FULL_v1,L1_ELIGIBILITY,v2026-08-11,2026-03-21..2026-08-06,baccarat_bet02_101_all_pairs_incl_sentinel,round_win = game_pnl > 0 (decisive only),COMPATIBILITY_ONLY_NOT_PRODUCTION,2139.4842,2139.4842,482.2012,29,24,-0.22538200,,-0.22538200,-0.22538200,-482.2012,2139.4842,THIN_EXPOSURE,0.0000,19.2880,4.0000,96.0000,AG03-UNRESOLVED,ALL5_LEVELS_bet23_to_bet27,19.2880,19.2880,19.2880,24.1101,24.1101,4.000000,4.000000,4.000000,5.000000,5.000000,96.000000,96.000000,96.000000,95.000000,95.000000,5.0,106.0843,97.176,376.1170,385.0253,PENDING_AG03,FALSE,NOT_FOR_ENFORCEMENT,462.9132,2053.9048,482.2012,462.9132,19.2880,0.22538200,0.21636672,19.2880,462.9132,0.21636672,19.2880,19.2880,19.2880,24.1101,24.1101,462.9132,0.21636672,106.0843,97.176,376.1170,385.0253,0.17579796,0.17996172,0.00901528,73.7753,89.1452,20.0917,482.2012,80.3669,2139.4842,24.0000,,73.7753,51.8914,51.8914,103.7829,119.3503,181.6201,181.6201,51.8914,-24.9079,3.5,3.5,1.421724,6,6,1,3,0E-8,0.22538200,,0E-8,0.000000,1.000000,0.000000,,2026-05-12,2026-05-12,1,6,6,1,1.000000,,,0.000000,,,,,,,,GLOBAL_BASELINE_NO_ENTITY_RANKING,,,NOT_APPLICABLE_GLOBAL_BASELINE,HF9g-P5,,,,X 全窗基线 · 不参与实体赏罚,8392882,840,A168_HF9F_20260827_0900,2026-08-27 09:00:00
2026-05-12,149953802,2258,0,324.3215193814,-15.5674329304,-15.5674329304,0.6000000,6,5,0.48266187199995083,0.458743310000,0.5250678380782176,0.6338806827047159,0.5250678380782176,0.02391856199995083,ELIGIBLE,R03b_20260811_FULL_v1,L1_ELIGIBILITY,v2026-08-11,2026-03-21..2026-08-06,baccarat_bet02_101_all_pairs_incl_sentinel,round_win = game_pnl > 0 (decisive only),COMPATIBILITY_ONLY_NOT_PRODUCTION,2139.4842,2139.4842,482.2012,29,24,-0.22538200,,-0.22538200,-0.22538200,-482.2012,2139.4842,THIN_EXPOSURE,0.0000,19.2880,4.0000,96.0000,AG03-UNRESOLVED,ALL5_LEVELS_bet23_to_bet27,19.2880,19.2880,19.2880,24.1101,24.1101,4.000000,4.000000,4.000000,5.000000,5.000000,96.000000,96.000000,96.000000,95.000000,95.000000,5.0,106.0843,97.176,376.1170,385.0253,PENDING_AG03,FALSE,NOT_FOR_ENFORCEMENT,462.9132,2053.9048,482.2012,462.9132,19.2880,0.22538200,0.21636672,19.2880,462.9132,0.21636672,19.2880,19.2880,19.2880,24.1101,24.1101,462.9132,0.21636672,106.0843,97.176,376.1170,385.0253,0.17579796,0.17996172,0.00901528,73.7753,89.1452,20.0917,482.2012,80.3669,2139.4842,24.0000,,73.7753,51.8914,51.8914,103.7829,119.3503,181.6201,181.6201,51.8914,-24.9079,3.5,3.5,1.421724,6,6,1,3,0E-8,0.22538200,,0E-8,0.000000,1.000000,0.000000,,2026-05-12,2026-05-12,1,6,6,1,1.000000,,,0.000000,,,,,,,,GLOBAL_BASELINE_NO_ENTITY_RANKING,,,NOT_APPLICABLE_GLOBAL_BASELINE,HF9g-P5,,,,X 全窗基线 · 不参与实体赏罚,8392883,840,A168_HF9F_20260827_0900,2026-08-27 09:00:00
2026-05-12,149953802,752,0,207.5657724042,0E-10,0E-10,0.5000000,2,2,0.49994810000000000,0.499948100000,0.00014679536856514622,0.00014679536856514622,0.00014679536856514622,0E-17,ELIGIBLE,R03b_20260811_FULL_v1,L1_ELIGIBILITY,v2026-08-11,2026-03-21..2026-08-06,baccarat_bet02_101_all_pairs_incl_sentinel,round_win = game_pnl > 0 (decisive only),COMPATIBILITY_ONLY_NOT_PRODUCTION,2139.4842,2139.4842,482.2012,29,24,-0.22538200,,-0.22538200,-0.22538200,-482.2012,2139.4842,THIN_EXPOSURE,0.0000,19.2880,4.0000,96.0000,AG03-UNRESOLVED,ALL5_LEVELS_bet23_to_bet27,19.2880,19.2880,19.2880,24.1101,24.1101,4.000000,4.000000,4.000000,5.000000,5.000000,96.000000,96.000000,96.000000,95.000000,95.000000,5.0,106.0843,97.176,376.1170,385.0253,PENDING_AG03,FALSE,NOT_FOR_ENFORCEMENT,462.9132,2053.9048,482.2012,462.9132,19.2880,0.22538200,0.21636672,19.2880,462.9132,0.21636672,19.2880,19.2880,19.2880,24.1101,24.1101,462.9132,0.21636672,106.0843,97.176,376.1170,385.0253,0.17579796,0.17996172,0.00901528,73.7753,89.1452,20.0917,482.2012,80.3669,2139.4842,24.0000,,73.7753,51.8914,51.8914,103.7829,119.3503,181.6201,181.6201,51.8914,-24.9079,3.5,3.5,1.421724,6,6,1,3,0E-8,0.22538200,,0E-8,0.000000,1.000000,0.000000,,2026-05-12,2026-05-12,1,6,6,1,1.000000,,,0.000000,,,,,,,,GLOBAL_BASELINE_NO_ENTITY_RANKING,,,NOT_APPLICABLE_GLOBAL_BASELINE,HF9g-P5,,,,X 全窗基线 · 不参与实体赏罚,8392884,840,A168_HF9F_20260827_0900,2026-08-27 09:00:00
2026-05-12,149953802,987,0,1089.7203051217,-533.1845778631,-533.1845778631,0.2222222,10,9,0.49600461333334039,0.482269683333,-1.6427467942146712,-1.5612666879279133,-1.6427467942146712,0.01373493000034039,ELIGIBLE,R03b_20260811_FULL_v1,L1_ELIGIBILITY,v2026-08-11,2026-03-21..2026-08-06,baccarat_bet02_101_all_pairs_incl_sentinel,round_win = game_pnl > 0 (decisive only),COMPATIBILITY_ONLY_NOT_PRODUCTION,2139.4842,2139.4842,482.2012,29,24,-0.22538200,,-0.22538200,-0.22538200,-482.2012,2139.4842,THIN_EXPOSURE,0.0000,19.2880,4.0000,96.0000,AG03-UNRESOLVED,ALL5_LEVELS_bet23_to_bet27,19.2880,19.2880,19.2880,24.1101,24.1101,4.000000,4.000000,4.000000,5.000000,5.000000,96.000000,96.000000,96.000000,95.000000,95.000000,5.0,106.0843,97.176,376.1170,385.0253,PENDING_AG03,FALSE,NOT_FOR_ENFORCEMENT,462.9132,2053.9048,482.2012,462.9132,19.2880,0.22538200,0.21636672,19.2880,462.9132,0.21636672,19.2880,19.2880,19.2880,24.1101,24.1101,462.9132,0.21636672,106.0843,97.176,376.1170,385.0253,0.17579796,0.17996172,0.00901528,73.7753,89.1452,20.0917,482.2012,80.3669,2139.4842,24.0000,,73.7753,51.8914,51.8914,103.7829,119.3503,181.6201,181.6201,51.8914,-24.9079,3.5,3.5,1.421724,6,6,1,3,0E-8,0.22538200,,0E-8,0.000000,1.000000,0.000000,,2026-05-12,2026-05-12,1,6,6,1,1.000000,,,0.000000,,,,,,,,GLOBAL_BASELINE_NO_ENTITY_RANKING,,,NOT_APPLICABLE_GLOBAL_BASELINE,HF9g-P5,,,,X 全窗基线 · 不参与实体赏罚,8392885,840,A168_HF9F_20260827_0900,2026-08-27 09:00:00
2026-04-05,139440484,1210,0,580.8192608532,-44.3362216184,-44.3362216184,0.4565217,72,47,0.46299659538247214,0.431954116312,-0.08807073659192025,0.3363810599055828,-0.08807073659192025,0.03104247907047214,ELIGIBLE,R03b_20260811_FULL_v1,L1_ELIGIBILITY,v2026-08-11,2026-03-21..2026-08-06,baccarat_bet02_101_all_pairs_incl_sentinel,round_win = game_pnl > 0 (decisive only),COMPATIBILITY_ONLY_NOT_PRODUCTION,2493.8547,2369.4687,482.2036,198,161,-0.19335674,,-0.19335674,-0.19335674,-482.2036,2493.8547,OK,0.0000,19.2881,4.0000,96.0000,AG03-UNRESOLVED,ALL5_LEVELS_bet23_to_bet27,19.2881,19.2881,19.2881,19.2881,19.2881,4.000000,4.000000,4.000000,4.000000,4.000000,96.000000,96.000000,96.000000,96.000000,96.000000,5.0,96.4407,89.028,385.7629,393.1757,PENDING_AG03,FALSE,NOT_FOR_ENFORCEMENT,462.9155,2274.6899,482.2036,462.9155,19.2881,0.19335674,0.18562247,19.2881,462.9155,0.18562247,19.2881,19.2881,19.2881,19.2881,19.2881,462.9155,0.18562247,96.4407,89.028,385.7629,393.1757,0.15468539,0.15765781,0.00773427,12.5952,14.7172,2.9951,96.4407,30.1377,498.7709,32.2000,,12.5952,4.2165,10.5412,10.5412,21.0824,42.0124,94.9481,10.5412,-2.1082,3.985548,9.007346,1.194859,11,18,5,6,0E-8,0.19335674,,0E-8,0.000000,0.950123,0.000000,,2026-04-05,2026-05-29,5,16,16,55,0.090909,,,0.000000,,,,,,,,GLOBAL_BASELINE_NO_ENTITY_RANKING,,,NOT_APPLICABLE_GLOBAL_BASELINE,HF9g-P5,,,,X 全窗基线 · 不参与实体赏罚,8392886,840,A168_HF9F_20260827_0900,2026-08-27 09:00:00
2026-04-05,139440484,2088,0,18.5524845572,-18.5524845572,-18.5524845572,0E-7,2,2,0.50665070000000000,0.506650700000,-1.4331513700195317,-1.4331513700195317,-1.4331513700195317,0E-17,ELIGIBLE,R03b_20260811_FULL_v1,L1_ELIGIBILITY,v2026-08-11,2026-03-21..2026-08-06,baccarat_bet02_101_all_pairs_incl_sentinel,round_win = game_pnl > 0 (decisive only),COMPATIBILITY_ONLY_NOT_PRODUCTION,2493.8547,2369.4687,482.2036,198,161,-0.19335674,,-0.19335674,-0.19335674,-482.2036,2493.8547,OK,0.0000,19.2881,4.0000,96.0000,AG03-UNRESOLVED,ALL5_LEVELS_bet23_to_bet27,19.2881,19.2881,19.2881,19.2881,19.2881,4.000000,4.000000,4.000000,4.000000,4.000000,96.000000,96.000000,96.000000,96.000000,96.000000,5.0,96.4407,89.028,385.7629,393.1757,PENDING_AG03,FALSE,NOT_FOR_ENFORCEMENT,462.9155,2274.6899,482.2036,462.9155,19.2881,0.19335674,0.18562247,19.2881,462.9155,0.18562247,19.2881,19.2881,19.2881,19.2881,19.2881,462.9155,0.18562247,96.4407,89.028,385.7629,393.1757,0.15468539,0.15765781,0.00773427,12.5952,14.7172,2.9951,96.4407,30.1377,498.7709,32.2000,,12.5952,4.2165,10.5412,10.5412,21.0824,42.0124,94.9481,10.5412,-2.1082,3.985548,9.007346,1.194859,11,18,5,6,0E-8,0.19335674,,0E-8,0.000000,0.950123,0.000000,,2026-04-05,2026-05-29,5,16,16,55,0.090909,,,0.000000,,,,,,,,GLOBAL_BASELINE_NO_ENTITY_RANKING,,,NOT_APPLICABLE_GLOBAL_BASELINE,HF9g-P5,,,,X 全窗基线 · 不参与实体赏罚,8392887,840,A168_HF9F_20260827_0900,2026-08-27 09:00:00
2026-04-05,139440484,2246,0,73.7882908525,20.5553095946,20.5553095946,0.6000000,6,6,0.49771390000000000,0.497713900000,0.4574421269484404,0.45744212694844033,0.4574421269484404,0E-17,ELIGIBLE,R03b_20260811_FULL_v1,L1_ELIGIBILITY,v2026-08-11,2026-03-21..2026-08-06,baccarat_bet02_101_all_pairs_incl_sentinel,round_win = game_pnl > 0 (decisive only),COMPATIBILITY_ONLY_NOT_PRODUCTION,2493.8547,2369.4687,482.2036,198,161,-0.19335674,,-0.19335674,-0.19335674,-482.2036,2493.8547,OK,0.0000,19.2881,4.0000,96.0000,AG03-UNRESOLVED,ALL5_LEVELS_bet23_to_bet27,19.2881,19.2881,19.2881,19.2881,19.2881,4.000000,4.000000,4.000000,4.000000,4.000000,96.000000,96.000000,96.000000,96.000000,96.000000,5.0,96.4407,89.028,385.7629,393.1757,PENDING_AG03,FALSE,NOT_FOR_ENFORCEMENT,462.9155,2274.6899,482.2036,462.9155,19.2881,0.19335674,0.18562247,19.2881,462.9155,0.18562247,19.2881,19.2881,19.2881,19.2881,19.2881,462.9155,0.18562247,96.4407,89.028,385.7629,393.1757,0.15468539,0.15765781,0.00773427,12.5952,14.7172,2.9951,96.4407,30.1377,498.7709,32.2000,,12.5952,4.2165,10.5412,10.5412,21.0824,42.0124,94.9481,10.5412,-2.1082,3.985548,9.007346,1.194859,11,18,5,6,0E-8,0.19335674,,0E-8,0.000000,0.950123,0.000000,,2026-04-05,2026-05-29,5,16,16,55,0.090909,,,0.000000,,,,,,,,GLOBAL_BASELINE_NO_ENTITY_RANKING,,,NOT_APPLICABLE_GLOBAL_BASELINE,HF9g-P5,,,,X 全窗基线 · 不参与实体赏罚,8392888,840,A168_HF9F_20260827_0900,2026-08-27 09:00:00
2026-04-10,139440484,1060,0,130.7106866530,15.8117766112,15.8117766112,0.6250000,13,9,0.44613973769841270,0.408381900000,1.0177082602612795,1.2464812981756137,1.0177082602612795,0.03775783769841270,ELIGIBLE,R03b_20260811_FULL_v1,L1_ELIGIBILITY,v2026-08-11,2026-03-21..2026-08-06,baccarat_bet02_101_all_pairs_incl_sentinel,round_win = game_pnl > 0 (decisive only),COMPATIBILITY_ONLY_NOT_PRODUCTION,2493.8547,2369.4687,482.2036,198,161,-0.19335674,,-0.19335674,-0.19335674,-482.2036,2493.8547,OK,0.0000,19.2881,4.0000,96.0000,AG03-UNRESOLVED,ALL5_LEVELS_bet23_to_bet27,19.2881,19.2881,19.2881,19.2881,19.2881,4.000000,4.000000,4.000000,4.000000,4.000000,96.000000,96.000000,96.000000,96.000000,96.000000,5.0,96.4407,89.028,385.7629,393.1757,PENDING_AG03,FALSE,NOT_FOR_ENFORCEMENT,462.9155,2274.6899,482.2036,462.9155,19.2881,0.19335674,0.18562247,19.2881,462.9155,0.18562247,19.2881,19.2881,19.2881,19.2881,19.2881,462.9155,0.18562247,96.4407,89.028,385.7629,393.1757,0.15468539,0.15765781,0.00773427,12.5952,14.7172,2.9951,96.4407,30.1377,498.7709,32.2000,,12.5952,4.2165,10.5412,10.5412,21.0824,42.0124,94.9481,10.5412,-2.1082,3.985548,9.007346,1.194859,11,18,5,6,0E-8,0.19335674,,0E-8,0.000000,0.950123,0.000000,,2026-04-05,2026-05-29,5,16,16,55,0.090909,,,0.000000,,,,,,,,GLOBAL_BASELINE_NO_ENTITY_RANKING,,,NOT_APPLICABLE_GLOBAL_BASELINE,HF9g-P5,,,,X 全窗基线 · 不参与实体赏罚,8392889,840,A168_HF9F_20260827_0900,2026-08-27 09:00:00
2026-04-10,139440484,1382,0,132.8189235345,9.2762422785,9.2762422785,0.4615385,14,14,0.49994810000000000,0.499948100000,-0.2769758433823512,-0.2769758433823512,-0.2769758433823512,0E-17,ELIGIBLE,R03b_20260811_FULL_v1,L1_ELIGIBILITY,v2026-08-11,2026-03-21..2026-08-06,baccarat_bet02_101_all_pairs_incl_sentinel,round_win = game_pnl > 0 (decisive only),COMPATIBILITY_ONLY_NOT_PRODUCTION,2493.8547,2369.4687,482.2036,198,161,-0.19335674,,-0.19335674,-0.19335674,-482.2036,2493.8547,OK,0.0000,19.2881,4.0000,96.0000,AG03-UNRESOLVED,ALL5_LEVELS_bet23_to_bet27,19.2881,19.2881,19.2881,19.2881,19.2881,4.000000,4.000000,4.000000,4.000000,4.000000,96.000000,96.000000,96.000000,96.000000,96.000000,5.0,96.4407,89.028,385.7629,393.1757,PENDING_AG03,FALSE,NOT_FOR_ENFORCEMENT,462.9155,2274.6899,482.2036,462.9155,19.2881,0.19335674,0.18562247,19.2881,462.9155,0.18562247,19.2881,19.2881,19.2881,19.2881,19.2881,462.9155,0.18562247,96.4407,89.028,385.7629,393.1757,0.15468539,0.15765781,0.00773427,12.5952,14.7172,2.9951,96.4407,30.1377,498.7709,32.2000,,12.5952,4.2165,10.5412,10.5412,21.0824,42.0124,94.9481,10.5412,-2.1082,3.985548,9.007346,1.194859,11,18,5,6,0E-8,0.19335674,,0E-8,0.000000,0.950123,0.000000,,2026-04-05,2026-05-29,5,16,16,55,0.090909,,,0.000000,,,,,,,,GLOBAL_BASELINE_NO_ENTITY_RANKING,,,NOT_APPLICABLE_GLOBAL_BASELINE,HF9g-P5,,,,X 全窗基线 · 不参与实体赏罚,8392890,840,A168_HF9F_20260827_0900,2026-08-27 09:00:00
2026-04-10,139440484,1399,0,204.4989775055,-5.7976514242,-5.7976514242,0.5454545,15,14,0.48989750612244898,0.483795832143,0.36859895423617145,0.4092125887142366,0.36859895423617145,0.00610167397944898,ELIGIBLE,R03b_20260811_FULL_v1,L1_ELIGIBILITY,v2026-08-11,2026-03-21..2026-08-06,baccarat_bet02_101_all_pairs_incl_sentinel,round_win = game_pnl > 0 (decisive only),COMPATIBILITY_ONLY_NOT_PRODUCTION,2493.8547,2369.4687,482.2036,198,161,-0.19335674,,-0.19335674,-0.19335674,-482.2036,2493.8547,OK,0.0000,19.2881,4.0000,96.0000,AG03-UNRESOLVED,ALL5_LEVELS_bet23_to_bet27,19.2881,19.2881,19.2881,19.2881,19.2881,4.000000,4.000000,4.000000,4.000000,4.000000,96.000000,96.000000,96.000000,96.000000,96.000000,5.0,96.4407,89.028,385.7629,393.1757,PENDING_AG03,FALSE,NOT_FOR_ENFORCEMENT,462.9155,2274.6899,482.2036,462.9155,19.2881,0.19335674,0.18562247,19.2881,462.9155,0.18562247,19.2881,19.2881,19.2881,19.2881,19.2881,462.9155,0.18562247,96.4407,89.028,385.7629,393.1757,0.15468539,0.15765781,0.00773427,12.5952,14.7172,2.9951,96.4407,30.1377,498.7709,32.2000,,12.5952,4.2165,10.5412,10.5412,21.0824,42.0124,94.9481,10.5412,-2.1082,3.985548,9.007346,1.194859,11,18,5,6,0E-8,0.19335674,,0E-8,0.000000,0.950123,0.000000,,2026-04-05,2026-05-29,5,16,16,55,0.090909,,,0.000000,,,,,,,,GLOBAL_BASELINE_NO_ENTITY_RANKING,,,NOT_APPLICABLE_GLOBAL_BASELINE,HF9g-P5,,,,X 全窗基线 · 不参与实体赏罚,8392891,840,A168_HF9F_20260827_0900,2026-08-27 09:00:00
2026-04-10,139440484,2216,0,73.7882908525,9.5924778108,9.5924778108,0.6666667,10,6,0.42779827559523810,0.365950100000,1.1826063688902384,1.5291860419611814,1.1826063688902384,0.06184817559523810,ELIGIBLE,R03b_20260811_FULL_v1,L1_ELIGIBILITY,v2026-08-11,2026-03-21..2026-08-06,baccarat_bet02_101_all_pairs_incl_sentinel,round_win = game_pnl > 0 (decisive only),COMPATIBILITY_ONLY_NOT_PRODUCTION,2493.8547,2369.4687,482.2036,198,161,-0.19335674,,-0.19335674,-0.19335674,-482.2036,2493.8547,OK,0.0000,19.2881,4.0000,96.0000,AG03-UNRESOLVED,ALL5_LEVELS_bet23_to_bet27,19.2881,19.2881,19.2881,19.2881,19.2881,4.000000,4.000000,4.000000,4.000000,4.000000,96.000000,96.000000,96.000000,96.000000,96.000000,5.0,96.4407,89.028,385.7629,393.1757,PENDING_AG03,FALSE,NOT_FOR_ENFORCEMENT,462.9155,2274.6899,482.2036,462.9155,19.2881,0.19335674,0.18562247,19.2881,462.9155,0.18562247,19.2881,19.2881,19.2881,19.2881,19.2881,462.9155,0.18562247,96.4407,89.028,385.7629,393.1757,0.15468539,0.15765781,0.00773427,12.5952,14.7172,2.9951,96.4407,30.1377,498.7709,32.2000,,12.5952,4.2165,10.5412,10.5412,21.0824,42.0124,94.9481,10.5412,-2.1082,3.985548,9.007346,1.194859,11,18,5,6,0E-8,0.19335674,,0E-8,0.000000,0.950123,0.000000,,2026-04-05,2026-05-29,5,16,16,55,0.090909,,,0.000000,,,,,,,,GLOBAL_BASELINE_NO_ENTITY_RANKING,,,NOT_APPLICABLE_GLOBAL_BASELINE,HF9g-P5,,,,X 全窗基线 · 不参与实体赏罚,8392892,840,A168_HF9F_20260827_0900,2026-08-27 09:00:00
2026-04-10,139440484,2251,0,90.6541859045,-32.1506124429,-32.1506124429,0.4285714,8,7,0.48217230408163265,0.469558592857,-0.2838096352678546,-0.21728677146028294,-0.2838096352678546,0.01261371122463265,ELIGIBLE,R03b_20260811_FULL_v1,L1_ELIGIBILITY,v2026-08-11,2026-03-21..2026-08-06,baccarat_bet02_101_all_pairs_incl_sentinel,round_win = game_pnl > 0 (decisive only),COMPATIBILITY_ONLY_NOT_PRODUCTION,2493.8547,2369.4687,482.2036,198,161,-0.19335674,,-0.19335674,-0.19335674,-482.2036,2493.8547,OK,0.0000,19.2881,4.0000,96.0000,AG03-UNRESOLVED,ALL5_LEVELS_bet23_to_bet27,19.2881,19.2881,19.2881,19.2881,19.2881,4.000000,4.000000,4.000000,4.000000,4.000000,96.000000,96.000000,96.000000,96.000000,96.000000,5.0,96.4407,89.028,385.7629,393.1757,PENDING_AG03,FALSE,NOT_FOR_ENFORCEMENT,462.9155,2274.6899,482.2036,462.9155,19.2881,0.19335674,0.18562247,19.2881,462.9155,0.18562247,19.2881,19.2881,19.2881,19.2881,19.2881,462.9155,0.18562247,96.4407,89.028,385.7629,393.1757,0.15468539,0.15765781,0.00773427,12.5952,14.7172,2.9951,96.4407,30.1377,498.7709,32.2000,,12.5952,4.2165,10.5412,10.5412,21.0824,42.0124,94.9481,10.5412,-2.1082,3.985548,9.007346,1.194859,11,18,5,6,0E-8,0.19335674,,0E-8,0.000000,0.950123,0.000000,,2026-04-05,2026-05-29,5,16,16,55,0.090909,,,0.000000,,,,,,,,GLOBAL_BASELINE_NO_ENTITY_RANKING,,,NOT_APPLICABLE_GLOBAL_BASELINE,HF9g-P5,,,,X 全窗基线 · 不参与实体赏罚,8392893,840,A168_HF9F_20260827_0900,2026-08-27 09:00:00
2026-04-10,139440484,987,0,29.5153163410,8.2221238378,8.2221238378,0.7500000,4,4,0.49659680000000000,0.496596800000,1.0136362796769356,1.0136362796769358,1.0136362796769356,0E-17,ELIGIBLE,R03b_20260811_FULL_v1,L1_ELIGIBILITY,v2026-08-11,2026-03-21..2026-08-06,baccarat_bet02_101_all_pairs_incl_sentinel,round_win = game_pnl > 0 (decisive only),COMPATIBILITY_ONLY_NOT_PRODUCTION,2493.8547,2369.4687,482.2036,198,161,-0.19335674,,-0.19335674,-0.19335674,-482.2036,2493.8547,OK,0.0000,19.2881,4.0000,96.0000,AG03-UNRESOLVED,ALL5_LEVELS_bet23_to_bet27,19.2881,19.2881,19.2881,19.2881,19.2881,4.000000,4.000000,4.000000,4.000000,4.000000,96.000000,96.000000,96.000000,96.000000,96.000000,5.0,96.4407,89.028,385.7629,393.1757,PENDING_AG03,FALSE,NOT_FOR_ENFORCEMENT,462.9155,2274.6899,482.2036,462.9155,19.2881,0.19335674,0.18562247,19.2881,462.9155,0.18562247,19.2881,19.2881,19.2881,19.2881,19.2881,462.9155,0.18562247,96.4407,89.028,385.7629,393.1757,0.15468539,0.15765781,0.00773427,12.5952,14.7172,2.9951,96.4407,30.1377,498.7709,32.2000,,12.5952,4.2165,10.5412,10.5412,21.0824,42.0124,94.9481,10.5412,-2.1082,3.985548,9.007346,1.194859,11,18,5,6,0E-8,0.19335674,,0E-8,0.000000,0.950123,0.000000,,2026-04-05,2026-05-29,5,16,16,55,0.090909,,,0.000000,,,,,,,,GLOBAL_BASELINE_NO_ENTITY_RANKING,,,NOT_APPLICABLE_GLOBAL_BASELINE,HF9g-P5,,,,X 全窗基线 · 不参与实体赏罚,8392894,840,A168_HF9F_20260827_0900,2026-08-27 09:00:00
2026-04-23,139440484,1151,0,4.2164737630,4.0056500748,4.0056500748,1.0000000,1,1,0.50665070000000000,0.506650700000,0.9867858985152569,0.9867858985152569,0.9867858985152569,0E-17,ELIGIBLE,R03b_20260811_FULL_v1,L1_ELIGIBILITY,v2026-08-11,2026-03-21..2026-08-06,baccarat_bet02_101_all_pairs_incl_sentinel,round_win = game_pnl > 0 (decisive only),COMPATIBILITY_ONLY_NOT_PRODUCTION,2493.8547,2369.4687,482.2036,198,161,-0.19335674,,-0.19335674,-0.19335674,-482.2036,2493.8547,OK,0.0000,19.2881,4.0000,96.0000,AG03-UNRESOLVED,ALL5_LEVELS_bet23_to_bet27,19.2881,19.2881,19.2881,19.2881,19.2881,4.000000,4.000000,4.000000,4.000000,4.000000,96.000000,96.000000,96.000000,96.000000,96.000000,5.0,96.4407,89.028,385.7629,393.1757,PENDING_AG03,FALSE,NOT_FOR_ENFORCEMENT,462.9155,2274.6899,482.2036,462.9155,19.2881,0.19335674,0.18562247,19.2881,462.9155,0.18562247,19.2881,19.2881,19.2881,19.2881,19.2881,462.9155,0.18562247,96.4407,89.028,385.7629,393.1757,0.15468539,0.15765781,0.00773427,12.5952,14.7172,2.9951,96.4407,30.1377,498.7709,32.2000,,12.5952,4.2165,10.5412,10.5412,21.0824,42.0124,94.9481,10.5412,-2.1082,3.985548,9.007346,1.194859,11,18,5,6,0E-8,0.19335674,,0E-8,0.000000,0.950123,0.000000,,2026-04-05,2026-05-29,5,16,16,55,0.090909,,,0.000000,,,,,,,,GLOBAL_BASELINE_NO_ENTITY_RANKING,,,NOT_APPLICABLE_GLOBAL_BASELINE,HF9g-P5,,,,X 全窗基线 · 不参与实体赏罚,8392895,840,A168_HF9F_20260827_0900,2026-08-27 09:00:00
2026-04-23,139440484,1994,0,21.0823688150,8.3275356819,8.3275356819,0.7500000,5,5,0.49860758000000000,0.498607580000,1.005573579286957,1.005573579286957,1.005573579286957,0E-17,ELIGIBLE,R03b_20260811_FULL_v1,L1_ELIGIBILITY,v2026-08-11,2026-03-21..2026-08-06,baccarat_bet02_101_all_pairs_incl_sentinel,round_win = game_pnl > 0 (decisive only),COMPATIBILITY_ONLY_NOT_PRODUCTION,2493.8547,2369.4687,482.2036,198,161,-0.19335674,,-0.19335674,-0.19335674,-482.2036,2493.8547,OK,0.0000,19.2881,4.0000,96.0000,AG03-UNRESOLVED,ALL5_LEVELS_bet23_to_bet27,19.2881,19.2881,19.2881,19.2881,19.2881,4.000000,4.000000,4.000000,4.000000,4.000000,96.000000,96.000000,96.000000,96.000000,96.000000,5.0,96.4407,89.028,385.7629,393.1757,PENDING_AG03,FALSE,NOT_FOR_ENFORCEMENT,462.9155,2274.6899,482.2036,462.9155,19.2881,0.19335674,0.18562247,19.2881,462.9155,0.18562247,19.2881,19.2881,19.2881,19.2881,19.2881,462.9155,0.18562247,96.4407,89.028,385.7629,393.1757,0.15468539,0.15765781,0.00773427,12.5952,14.7172,2.9951,96.4407,30.1377,498.7709,32.2000,,12.5952,4.2165,10.5412,10.5412,21.0824,42.0124,94.9481,10.5412,-2.1082,3.985548,9.007346,1.194859,11,18,5,6,0E-8,0.19335674,,0E-8,0.000000,0.950123,0.000000,,2026-04-05,2026-05-29,5,16,16,55,0.090909,,,0.000000,,,,,,,,GLOBAL_BASELINE_NO_ENTITY_RANKING,,,NOT_APPLICABLE_GLOBAL_BASELINE,HF9g-P5,,,,X 全窗基线 · 不参与实体赏罚,8392896,840,A168_HF9F_20260827_0900,2026-08-27 09:00:00
2026-04-23,139440484,2117,0,40.0565007485,9.8033014989,9.8033014989,0.6000000,5,5,0.50128862000000000,0.501288620000,0.4414521777673877,0.4414521777673877,0.4414521777673877,0E-17,ELIGIBLE,R03b_20260811_FULL_v1,L1_ELIGIBILITY,v2026-08-11,2026-03-21..2026-08-06,baccarat_bet02_101_all_pairs_incl_sentinel,round_win = game_pnl > 0 (decisive only),COMPATIBILITY_ONLY_NOT_PRODUCTION,2493.8547,2369.4687,482.2036,198,161,-0.19335674,,-0.19335674,-0.19335674,-482.2036,2493.8547,OK,0.0000,19.2881,4.0000,96.0000,AG03-UNRESOLVED,ALL5_LEVELS_bet23_to_bet27,19.2881,19.2881,19.2881,19.2881,19.2881,4.000000,4.000000,4.000000,4.000000,4.000000,96.000000,96.000000,96.000000,96.000000,96.000000,5.0,96.4407,89.028,385.7629,393.1757,PENDING_AG03,FALSE,NOT_FOR_ENFORCEMENT,462.9155,2274.6899,482.2036,462.9155,19.2881,0.19335674,0.18562247,19.2881,462.9155,0.18562247,19.2881,19.2881,19.2881,19.2881,19.2881,462.9155,0.18562247,96.4407,89.028,385.7629,393.1757,0.15468539,0.15765781,0.00773427,12.5952,14.7172,2.9951,96.4407,30.1377,498.7709,32.2000,,12.5952,4.2165,10.5412,10.5412,21.0824,42.0124,94.9481,10.5412,-2.1082,3.985548,9.007346,1.194859,11,18,5,6,0E-8,0.19335674,,0E-8,0.000000,0.950123,0.000000,,2026-04-05,2026-05-29,5,16,16,55,0.090909,,,0.000000,,,,,,,,GLOBAL_BASELINE_NO_ENTITY_RANKING,,,NOT_APPLICABLE_GLOBAL_BASELINE,HF9g-P5,,,,X 全窗基线 · 不参与实体赏罚,8392897,840,A168_HF9F_20260827_0900,2026-08-27 09:00:00
2026-04-23,139440484,2169,0,52.7059220375,-1.0541184408,-1.0541184408,0.4000000,6,6,0.50441650000000000,0.504416500000,-0.466983001748531,-0.466983001748531,-0.466983001748531,0E-17,ELIGIBLE,R03b_20260811_FULL_v1,L1_ELIGIBILITY,v2026-08-11,2026-03-21..2026-08-06,baccarat_bet02_101_all_pairs_incl_sentinel,round_win = game_pnl > 0 (decisive only),COMPATIBILITY_ONLY_NOT_PRODUCTION,2493.8547,2369.4687,482.2036,198,161,-0.19335674,,-0.19335674,-0.19335674,-482.2036,2493.8547,OK,0.0000,19.2881,4.0000,96.0000,AG03-UNRESOLVED,ALL5_LEVELS_bet23_to_bet27,19.2881,19.2881,19.2881,19.2881,19.2881,4.000000,4.000000,4.000000,4.000000,4.000000,96.000000,96.000000,96.000000,96.000000,96.000000,5.0,96.4407,89.028,385.7629,393.1757,PENDING_AG03,FALSE,NOT_FOR_ENFORCEMENT,462.9155,2274.6899,482.2036,462.9155,19.2881,0.19335674,0.18562247,19.2881,462.9155,0.18562247,19.2881,19.2881,19.2881,19.2881,19.2881,462.9155,0.18562247,96.4407,89.028,385.7629,393.1757,0.15468539,0.15765781,0.00773427,12.5952,14.7172,2.9951,96.4407,30.1377,498.7709,32.2000,,12.5952,4.2165,10.5412,10.5412,21.0824,42.0124,94.9481,10.5412,-2.1082,3.985548,9.007346,1.194859,11,18,5,6,0E-8,0.19335674,,0E-8,0.000000,0.950123,0.000000,,2026-04-05,2026-05-29,5,16,16,55,0.090909,,,0.000000,,,,,,,,GLOBAL_BASELINE_NO_ENTITY_RANKING,,,NOT_APPLICABLE_GLOBAL_BASELINE,HF9g-P5,,,,X 全窗基线 · 不参与实体赏罚,8392898,840,A168_HF9F_20260827_0900,2026-08-27 09:00:00
2026-05-02,139440484,1307,0,798.2354794663,-260.4768406681,-260.4768406681,0.3750000,16,16,0.50078592500000000,0.500785925000,-1.0062886431256934,-1.0062886431256934,-1.0062886431256934,0E-17,ELIGIBLE,R03b_20260811_FULL_v1,L1_ELIGIBILITY,v2026-08-11,2026-03-21..2026-08-06,baccarat_bet02_101_all_pairs_incl_sentinel,round_win = game_pnl > 0 (decisive only),COMPATIBILITY_ONLY_NOT_PRODUCTION,2493.8547,2369.4687,482.2036,198,161,-0.19335674,,-0.19335674,-0.19335674,-482.2036,2493.8547,OK,0.0000,19.2881,4.0000,96.0000,AG03-UNRESOLVED,ALL5_LEVELS_bet23_to_bet27,19.2881,19.2881,19.2881,19.2881,19.2881,4.000000,4.000000,4.000000,4.000000,4.000000,96.000000,96.000000,96.000000,96.000000,96.000000,5.0,96.4407,89.028,385.7629,393.1757,PENDING_AG03,FALSE,NOT_FOR_ENFORCEMENT,462.9155,2274.6899,482.2036,462.9155,19.2881,0.19335674,0.18562247,19.2881,462.9155,0.18562247,19.2881,19.2881,19.2881,19.2881,19.2881,462.9155,0.18562247,96.4407,89.028,385.7629,393.1757,0.15468539,0.15765781,0.00773427,12.5952,14.7172,2.9951,96.4407,30.1377,498.7709,32.2000,,12.5952,4.2165,10.5412,10.5412,21.0824,42.0124,94.9481,10.5412,-2.1082,3.985548,9.007346,1.194859,11,18,5,6,0E-8,0.19335674,,0E-8,0.000000,0.950123,0.000000,,2026-04-05,2026-05-29,5,16,16,55,0.090909,,,0.000000,,,,,,,,GLOBAL_BASELINE_NO_ENTITY_RANKING,,,NOT_APPLICABLE_GLOBAL_BASELINE,HF9g-P5,,,,X 全窗基线 · 不参与实体赏罚,8392899,840,A168_HF9F_20260827_0900,2026-08-27 09:00:00
2026-05-02,139440484,1935,0,73.5216888983,-73.5216888983,-73.5216888983,0E-7,4,3,0.45567572222236982,0.432422433333,-1.5847462039329487,-1.5118270954345367,-1.5847462039329487,0.02325328888936982,ELIGIBLE,R03b_20260811_FULL_v1,L1_ELIGIBILITY,v2026-08-11,2026-03-21..2026-08-06,baccarat_bet02_101_all_pairs_incl_sentinel,round_win = game_pnl > 0 (decisive only),COMPATIBILITY_ONLY_NOT_PRODUCTION,2493.8547,2369.4687,482.2036,198,161,-0.19335674,,-0.19335674,-0.19335674,-482.2036,2493.8547,OK,0.0000,19.2881,4.0000,96.0000,AG03-UNRESOLVED,ALL5_LEVELS_bet23_to_bet27,19.2881,19.2881,19.2881,19.2881,19.2881,4.000000,4.000000,4.000000,4.000000,4.000000,96.000000,96.000000,96.000000,96.000000,96.000000,5.0,96.4407,89.028,385.7629,393.1757,PENDING_AG03,FALSE,NOT_FOR_ENFORCEMENT,462.9155,2274.6899,482.2036,462.9155,19.2881,0.19335674,0.18562247,19.2881,462.9155,0.18562247,19.2881,19.2881,19.2881,19.2881,19.2881,462.9155,0.18562247,96.4407,89.028,385.7629,393.1757,0.15468539,0.15765781,0.00773427,12.5952,14.7172,2.9951,96.4407,30.1377,498.7709,32.2000,,12.5952,4.2165,10.5412,10.5412,21.0824,42.0124,94.9481,10.5412,-2.1082,3.985548,9.007346,1.194859,11,18,5,6,0E-8,0.19335674,,0E-8,0.000000,0.950123,0.000000,,2026-04-05,2026-05-29,5,16,16,55,0.090909,,,0.000000,,,,,,,,GLOBAL_BASELINE_NO_ENTITY_RANKING,,,NOT_APPLICABLE_GLOBAL_BASELINE,HF9g-P5,,,,X 全窗基线 · 不参与实体赏罚,8392900,840,A168_HF9F_20260827_0900,2026-08-27 09:00:00
2026-05-02,139440484,2175,0,12.1835941603,-12.1835941603,-12.1835941603,0E-7,1,1,0.49324550000000000,0.493245500000,-0.9865810262130424,-0.9865810262130424,-0.9865810262130424,0E-17,ELIGIBLE,R03b_20260811_FULL_v1,L1_ELIGIBILITY,v2026-08-11,2026-03-21..2026-08-06,baccarat_bet02_101_all_pairs_incl_sentinel,round_win = game_pnl > 0 (decisive only),COMPATIBILITY_ONLY_NOT_PRODUCTION,2493.8547,2369.4687,482.2036,198,161,-0.19335674,,-0.19335674,-0.19335674,-482.2036,2493.8547,OK,0.0000,19.2881,4.0000,96.0000,AG03-UNRESOLVED,ALL5_LEVELS_bet23_to_bet27,19.2881,19.2881,19.2881,19.2881,19.2881,4.000000,4.000000,4.000000,4.000000,4.000000,96.000000,96.000000,96.000000,96.000000,96.000000,5.0,96.4407,89.028,385.7629,393.1757,PENDING_AG03,FALSE,NOT_FOR_ENFORCEMENT,462.9155,2274.6899,482.2036,462.9155,19.2881,0.19335674,0.18562247,19.2881,462.9155,0.18562247,19.2881,19.2881,19.2881,19.2881,19.2881,462.9155,0.18562247,96.4407,89.028,385.7629,393.1757,0.15468539,0.15765781,0.00773427,12.5952,14.7172,2.9951,96.4407,30.1377,498.7709,32.2000,,12.5952,4.2165,10.5412,10.5412,21.0824,42.0124,94.9481,10.5412,-2.1082,3.985548,9.007346,1.194859,11,18,5,6,0E-8,0.19335674,,0E-8,0.000000,0.950123,0.000000,,2026-04-05,2026-05-29,5,16,16,55,0.090909,,,0.000000,,,,,,,,GLOBAL_BASELINE_NO_ENTITY_RANKING,,,NOT_APPLICABLE_GLOBAL_BASELINE,HF9g-P5,,,,X 全窗基线 · 不参与实体赏罚,8392901,840,A168_HF9F_20260827_0900,2026-08-27 09:00:00
2026-05-02,139440484,2246,0,77.7229282638,-77.7229282638,-77.7229282638,0E-7,3,2,0.47570998823536199,0.396936125000,-1.3471015656463807,-1.1473440127882213,-1.3471015656463807,0.07877386323536199,ELIGIBLE,R03b_20260811_FULL_v1,L1_ELIGIBILITY,v2026-08-11,2026-03-21..2026-08-06,baccarat_bet02_101_all_pairs_incl_sentinel,round_win = game_pnl > 0 (decisive only),COMPATIBILITY_ONLY_NOT_PRODUCTION,2493.8547,2369.4687,482.2036,198,161,-0.19335674,,-0.19335674,-0.19335674,-482.2036,2493.8547,OK,0.0000,19.2881,4.0000,96.0000,AG03-UNRESOLVED,ALL5_LEVELS_bet23_to_bet27,19.2881,19.2881,19.2881,19.2881,19.2881,4.000000,4.000000,4.000000,4.000000,4.000000,96.000000,96.000000,96.000000,96.000000,96.000000,5.0,96.4407,89.028,385.7629,393.1757,PENDING_AG03,FALSE,NOT_FOR_ENFORCEMENT,462.9155,2274.6899,482.2036,462.9155,19.2881,0.19335674,0.18562247,19.2881,462.9155,0.18562247,19.2881,19.2881,19.2881,19.2881,19.2881,462.9155,0.18562247,96.4407,89.028,385.7629,393.1757,0.15468539,0.15765781,0.00773427,12.5952,14.7172,2.9951,96.4407,30.1377,498.7709,32.2000,,12.5952,4.2165,10.5412,10.5412,21.0824,42.0124,94.9481,10.5412,-2.1082,3.985548,9.007346,1.194859,11,18,5,6,0E-8,0.19335674,,0E-8,0.000000,0.950123,0.000000,,2026-04-05,2026-05-29,5,16,16,55,0.090909,,,0.000000,,,,,,,,GLOBAL_BASELINE_NO_ENTITY_RANKING,,,NOT_APPLICABLE_GLOBAL_BASELINE,HF9g-P5,,,,X 全窗基线 · 不参与实体赏罚,8392902,840,A168_HF9F_20260827_0900,2026-08-27 09:00:00
2026-05-29,139440484,-1,1,10.5030984140,-10.5030984140,-10.5030984140,0E-7,1,1,0.50665070000000000,0.506650700000,-1.013391052207602,-1.013391052207602,-1.013391052207602,0E-17,SENTINEL_DEALER,R03b_20260811_FULL_v1,L1_ELIGIBILITY,v2026-08-11,2026-03-21..2026-08-06,baccarat_bet02_101_all_pairs_incl_sentinel,round_win = game_pnl > 0 (decisive only),COMPATIBILITY_ONLY_NOT_PRODUCTION,2493.8547,2369.4687,482.2036,198,161,-0.19335674,,-0.19335674,-0.19335674,-482.2036,2493.8547,OK,0.0000,19.2881,4.0000,96.0000,AG03-UNRESOLVED,ALL5_LEVELS_bet23_to_bet27,19.2881,19.2881,19.2881,19.2881,19.2881,4.000000,4.000000,4.000000,4.000000,4.000000,96.000000,96.000000,96.000000,96.000000,96.000000,5.0,96.4407,89.028,385.7629,393.1757,PENDING_AG03,FALSE,NOT_FOR_ENFORCEMENT,462.9155,2274.6899,482.2036,462.9155,19.2881,0.19335674,0.18562247,19.2881,462.9155,0.18562247,19.2881,19.2881,19.2881,19.2881,19.2881,462.9155,0.18562247,96.4407,89.028,385.7629,393.1757,0.15468539,0.15765781,0.00773427,12.5952,14.7172,2.9951,96.4407,30.1377,498.7709,32.2000,,12.5952,4.2165,10.5412,10.5412,21.0824,42.0124,94.9481,10.5412,-2.1082,3.985548,9.007346,1.194859,11,18,5,6,0E-8,0.19335674,,0E-8,0.000000,0.950123,0.000000,,2026-04-05,2026-05-29,5,16,16,55,0.090909,,,0.000000,,,,,,,,GLOBAL_BASELINE_NO_ENTITY_RANKING,,,NOT_APPLICABLE_GLOBAL_BASELINE,HF9g-P5,,,,X 全窗基线 · 不参与实体赏罚,8392903,840,A168_HF9F_20260827_0900,2026-08-27 09:00:00
2026-05-29,139440484,2121,0,68.4802016593,-31.4987921436,-31.4987921436,0.3333333,12,12,0.50106520000000000,0.501065200000,-1.1620830975807235,-1.1620830975807237,-1.1620830975807235,0E-17,ELIGIBLE,R03b_20260811_FULL_v1,L1_ELIGIBILITY,v2026-08-11,2026-03-21..2026-08-06,baccarat_bet02_101_all_pairs_incl_sentinel,round_win = game_pnl > 0 (decisive only),COMPATIBILITY_ONLY_NOT_PRODUCTION,2493.8547,2369.4687,482.2036,198,161,-0.19335674,,-0.19335674,-0.19335674,-482.2036,2493.8547,OK,0.0000,19.2881,4.0000,96.0000,AG03-UNRESOLVED,ALL5_LEVELS_bet23_to_bet27,19.2881,19.2881,19.2881,19.2881,19.2881,4.000000,4.000000,4.000000,4.000000,4.000000,96.000000,96.000000,96.000000,96.000000,96.000000,5.0,96.4407,89.028,385.7629,393.1757,PENDING_AG03,FALSE,NOT_FOR_ENFORCEMENT,462.9155,2274.6899,482.2036,462.9155,19.2881,0.19335674,0.18562247,19.2881,462.9155,0.18562247,19.2881,19.2881,19.2881,19.2881,19.2881,462.9155,0.18562247,96.4407,89.028,385.7629,393.1757,0.15468539,0.15765781,0.00773427,12.5952,14.7172,2.9951,96.4407,30.1377,498.7709,32.2000,,12.5952,4.2165,10.5412,10.5412,21.0824,42.0124,94.9481,10.5412,-2.1082,3.985548,9.007346,1.194859,11,18,5,6,0E-8,0.19335674,,0E-8,0.000000,0.950123,0.000000,,2026-04-05,2026-05-29,5,16,16,55,0.090909,,,0.000000,,,,,,,,GLOBAL_BASELINE_NO_ENTITY_RANKING,,,NOT_APPLICABLE_GLOBAL_BASELINE,HF9g-P5,,,,X 全窗基线 · 不参与实体赏罚,8392904,840,A168_HF9F_20260827_0900,2026-08-27 09:00:00
2026-07-21,104069370,-1,1,407.7586559291,-58.5067244409,-58.5067244409,0.5333333,20,16,0.47617525241764292,0.448861025000,0.443248068614944,0.657769120155183,0.443248068614944,0.02731422741764292,SENTINEL_DEALER,R03b_20260811_FULL_v1,L1_ELIGIBILITY,v2026-08-11,2026-03-21..2026-08-06,baccarat_bet02_101_all_pairs_incl_sentinel,round_win = game_pnl > 0 (decisive only),COMPATIBILITY_ONLY_NOT_PRODUCTION,6403.3438,6113.1096,482.2078,168,93,-0.07530563,-0.07530563,,-0.07530563,-482.2078,6403.3438,OK,0.0000,19.2883,4.0000,96.0000,AG03-UNRESOLVED,ALL5_LEVELS_bet23_to_bet27,19.2883,19.2883,21.6994,21.6994,21.6994,4.000000,4.000000,4.500000,4.500000,4.500000,96.000000,96.000000,95.500000,95.500000,95.500000,5.0,103.6747,95.1402,378.5331,387.0676,PENDING_AG03,FALSE,NOT_FOR_ENFORCEMENT,462.9195,5868.5852,482.2078,462.9195,19.2883,0.07530563,0.07229340,19.2883,462.9195,0.07229340,19.2883,19.2883,21.6994,21.6994,21.6994,462.9195,0.07229340,103.6747,95.1402,378.5331,387.0676,0.05911492,0.06044773,0.00301223,38.1151,65.7324,5.1850,160.7359,10.7157,2134.4479,31.0000,38.1151,,12.2634,20.439,40.8781,89.3186,143.0732,204.3903,20.439,-10.2195,7.0,10.0,1.864821,26,28,2,6,1.00000000,0.07530563,0.07530563,0E-8,0.000000,0.954675,0.000000,,2026-07-21,2026-07-27,3,45,43,7,0.428571,,1.000000,3.333333,,,,,,,,GLOBAL_BASELINE_NO_ENTITY_RANKING,,,NOT_APPLICABLE_GLOBAL_BASELINE,HF9g-P5,,,,X 全窗基线 · 不参与实体赏罚,8392905,840,A168_HF9F_20260827_0900,2026-08-27 09:00:00
2026-07-21,104069370,1331,0,20.4390303724,0E-10,0E-10,,1,1,0.49324550000000000,0.493245500000,,,,0E-17,NO_DECISIVE_ROUND,R03b_20260811_FULL_v1,L1_ELIGIBILITY,v2026-08-11,2026-03-21..2026-08-06,baccarat_bet02_101_all_pairs_incl_sentinel,round_win = game_pnl > 0 (decisive only),COMPATIBILITY_ONLY_NOT_PRODUCTION,6403.3438,6113.1096,482.2078,168,93,-0.07530563,-0.07530563,,-0.07530563,-482.2078,6403.3438,OK,0.0000,19.2883,4.0000,96.0000,AG03-UNRESOLVED,ALL5_LEVELS_bet23_to_bet27,19.2883,19.2883,21.6994,21.6994,21.6994,4.000000,4.000000,4.500000,4.500000,4.500000,96.000000,96.000000,95.500000,95.500000,95.500000,5.0,103.6747,95.1402,378.5331,387.0676,PENDING_AG03,FALSE,NOT_FOR_ENFORCEMENT,462.9195,5868.5852,482.2078,462.9195,19.2883,0.07530563,0.07229340,19.2883,462.9195,0.07229340,19.2883,19.2883,21.6994,21.6994,21.6994,462.9195,0.07229340,103.6747,95.1402,378.5331,387.0676,0.05911492,0.06044773,0.00301223,38.1151,65.7324,5.1850,160.7359,10.7157,2134.4479,31.0000,38.1151,,12.2634,20.439,40.8781,89.3186,143.0732,204.3903,20.439,-10.2195,7.0,10.0,1.864821,26,28,2,6,1.00000000,0.07530563,0.07530563,0E-8,0.000000,0.954675,0.000000,,2026-07-21,2026-07-27,3,45,43,7,0.428571,,1.000000,3.333333,,,,,,,,GLOBAL_BASELINE_NO_ENTITY_RANKING,,,NOT_APPLICABLE_GLOBAL_BASELINE,HF9g-P5,,,,X 全窗基线 · 不参与实体赏罚,8392906,840,A168_HF9F_20260827_0900,2026-08-27 09:00:00
2026-07-21,104069370,1509,0,12.2634182234,11.6502473123,11.6502473123,1.0000000,1,1,0.50665070000000000,0.506650700000,0.9867858985152569,0.9867858985152569,0.9867858985152569,0E-17,ELIGIBLE,R03b_20260811_FULL_v1,L1_ELIGIBILITY,v2026-08-11,2026-03-21..2026-08-06,baccarat_bet02_101_all_pairs_incl_sentinel,round_win = game_pnl > 0 (decisive only),COMPATIBILITY_ONLY_NOT_PRODUCTION,6403.3438,6113.1096,482.2078,168,93,-0.07530563,-0.07530563,,-0.07530563,-482.2078,6403.3438,OK,0.0000,19.2883,4.0000,96.0000,AG03-UNRESOLVED,ALL5_LEVELS_bet23_to_bet27,19.2883,19.2883,21.6994,21.6994,21.6994,4.000000,4.000000,4.500000,4.500000,4.500000,96.000000,96.000000,95.500000,95.500000,95.500000,5.0,103.6747,95.1402,378.5331,387.0676,PENDING_AG03,FALSE,NOT_FOR_ENFORCEMENT,462.9195,5868.5852,482.2078,462.9195,19.2883,0.07530563,0.07229340,19.2883,462.9195,0.07229340,19.2883,19.2883,21.6994,21.6994,21.6994,462.9195,0.07229340,103.6747,95.1402,378.5331,387.0676,0.05911492,0.06044773,0.00301223,38.1151,65.7324,5.1850,160.7359,10.7157,2134.4479,31.0000,38.1151,,12.2634,20.439,40.8781,89.3186,143.0732,204.3903,20.439,-10.2195,7.0,10.0,1.864821,26,28,2,6,1.00000000,0.07530563,0.07530563,0E-8,0.000000,0.954675,0.000000,,2026-07-21,2026-07-27,3,45,43,7,0.428571,,1.000000,3.333333,,,,,,,,GLOBAL_BASELINE_NO_ENTITY_RANKING,,,NOT_APPLICABLE_GLOBAL_BASELINE,HF9g-P5,,,,X 全窗基线 · 不参与实体赏罚,8392907,840,A168_HF9F_20260827_0900,2026-08-27 09:00:00
2026-07-21,104069370,2101,0,114.4585700855,-24.5268364469,-24.5268364469,0.3333333,5,3,0.43971033253968520,0.364833000000,-0.3712091906260931,-0.11333800532433629,-0.3712091906260931,0.07487733253968520,ELIGIBLE,R03b_20260811_FULL_v1,L1_ELIGIBILITY,v2026-08-11,2026-03-21..2026-08-06,baccarat_bet02_101_all_pairs_incl_sentinel,round_win = game_pnl > 0 (decisive only),COMPATIBILITY_ONLY_NOT_PRODUCTION,6403.3438,6113.1096,482.2078,168,93,-0.07530563,-0.07530563,,-0.07530563,-482.2078,6403.3438,OK,0.0000,19.2883,4.0000,96.0000,AG03-UNRESOLVED,ALL5_LEVELS_bet23_to_bet27,19.2883,19.2883,21.6994,21.6994,21.6994,4.000000,4.000000,4.500000,4.500000,4.500000,96.000000,96.000000,95.500000,95.500000,95.500000,5.0,103.6747,95.1402,378.5331,387.0676,PENDING_AG03,FALSE,NOT_FOR_ENFORCEMENT,462.9195,5868.5852,482.2078,462.9195,19.2883,0.07530563,0.07229340,19.2883,462.9195,0.07229340,19.2883,19.2883,21.6994,21.6994,21.6994,462.9195,0.07229340,103.6747,95.1402,378.5331,387.0676,0.05911492,0.06044773,0.00301223,38.1151,65.7324,5.1850,160.7359,10.7157,2134.4479,31.0000,38.1151,,12.2634,20.439,40.8781,89.3186,143.0732,204.3903,20.439,-10.2195,7.0,10.0,1.864821,26,28,2,6,1.00000000,0.07530563,0.07530563,0E-8,0.000000,0.954675,0.000000,,2026-07-21,2026-07-27,3,45,43,7,0.428571,,1.000000,3.333333,,,,,,,,GLOBAL_BASELINE_NO_ENTITY_RANKING,,,NOT_APPLICABLE_GLOBAL_BASELINE,HF9g-P5,,,,X 全窗基线 · 不参与实体赏罚,8392908,840,A168_HF9F_20260827_0900,2026-08-27 09:00:00
2026-07-21,104069370,2141,0,12.2634182234,0E-10,0E-10,,1,1,0.50665070000000000,0.506650700000,,,,0E-17,NO_DECISIVE_ROUND,R03b_20260811_FULL_v1,L1_ELIGIBILITY,v2026-08-11,2026-03-21..2026-08-06,baccarat_bet02_101_all_pairs_incl_sentinel,round_win = game_pnl > 0 (decisive only),COMPATIBILITY_ONLY_NOT_PRODUCTION,6403.3438,6113.1096,482.2078,168,93,-0.07530563,-0.07530563,,-0.07530563,-482.2078,6403.3438,OK,0.0000,19.2883,4.0000,96.0000,AG03-UNRESOLVED,ALL5_LEVELS_bet23_to_bet27,19.2883,19.2883,21.6994,21.6994,21.6994,4.000000,4.000000,4.500000,4.500000,4.500000,96.000000,96.000000,95.500000,95.500000,95.500000,5.0,103.6747,95.1402,378.5331,387.0676,PENDING_AG03,FALSE,NOT_FOR_ENFORCEMENT,462.9195,5868.5852,482.2078,462.9195,19.2883,0.07530563,0.07229340,19.2883,462.9195,0.07229340,19.2883,19.2883,21.6994,21.6994,21.6994,462.9195,0.07229340,103.6747,95.1402,378.5331,387.0676,0.05911492,0.06044773,0.00301223,38.1151,65.7324,5.1850,160.7359,10.7157,2134.4479,31.0000,38.1151,,12.2634,20.439,40.8781,89.3186,143.0732,204.3903,20.439,-10.2195,7.0,10.0,1.864821,26,28,2,6,1.00000000,0.07530563,0.07530563,0E-8,0.000000,0.954675,0.000000,,2026-07-21,2026-07-27,3,45,43,7,0.428571,,1.000000,3.333333,,,,,,,,GLOBAL_BASELINE_NO_ENTITY_RANKING,,,NOT_APPLICABLE_GLOBAL_BASELINE,HF9g-P5,,,,X 全窗基线 · 不参与实体赏罚,8392909,840,A168_HF9F_20260827_0900,2026-08-27 09:00:00
2026-07-21,104069370,2201,0,16.3512242979,16.3512242979,16.3512242979,1.0000000,1,1,0.49324550000000000,0.493245500000,1.01360149184955,1.01360149184955,1.01360149184955,0E-17,ELIGIBLE,R03b_20260811_FULL_v1,L1_ELIGIBILITY,v2026-08-11,2026-03-21..2026-08-06,baccarat_bet02_101_all_pairs_incl_sentinel,round_win = game_pnl > 0 (decisive only),COMPATIBILITY_ONLY_NOT_PRODUCTION,6403.3438,6113.1096,482.2078,168,93,-0.07530563,-0.07530563,,-0.07530563,-482.2078,6403.3438,OK,0.0000,19.2883,4.0000,96.0000,AG03-UNRESOLVED,ALL5_LEVELS_bet23_to_bet27,19.2883,19.2883,21.6994,21.6994,21.6994,4.000000,4.000000,4.500000,4.500000,4.500000,96.000000,96.000000,95.500000,95.500000,95.500000,5.0,103.6747,95.1402,378.5331,387.0676,PENDING_AG03,FALSE,NOT_FOR_ENFORCEMENT,462.9195,5868.5852,482.2078,462.9195,19.2883,0.07530563,0.07229340,19.2883,462.9195,0.07229340,19.2883,19.2883,21.6994,21.6994,21.6994,462.9195,0.07229340,103.6747,95.1402,378.5331,387.0676,0.05911492,0.06044773,0.00301223,38.1151,65.7324,5.1850,160.7359,10.7157,2134.4479,31.0000,38.1151,,12.2634,20.439,40.8781,89.3186,143.0732,204.3903,20.439,-10.2195,7.0,10.0,1.864821,26,28,2,6,1.00000000,0.07530563,0.07530563,0E-8,0.000000,0.954675,0.000000,,2026-07-21,2026-07-27,3,45,43,7,0.428571,,1.000000,3.333333,,,,,,,,GLOBAL_BASELINE_NO_ENTITY_RANKING,,,NOT_APPLICABLE_GLOBAL_BASELINE,HF9g-P5,,,,X 全窗基线 · 不参与实体赏罚,8392910,840,A168_HF9F_20260827_0900,2026-08-27 09:00:00
2026-07-21,104069370,2209,0,20.4390303724,19.4170788538,19.4170788538,1.0000000,1,1,0.50665070000000000,0.506650700000,0.9867858985152569,0.9867858985152569,0.9867858985152569,0E-17,ELIGIBLE,R03b_20260811_FULL_v1,L1_ELIGIBILITY,v2026-08-11,2026-03-21..2026-08-06,baccarat_bet02_101_all_pairs_incl_sentinel,round_win = game_pnl > 0 (decisive only),COMPATIBILITY_ONLY_NOT_PRODUCTION,6403.3438,6113.1096,482.2078,168,93,-0.07530563,-0.07530563,,-0.07530563,-482.2078,6403.3438,OK,0.0000,19.2883,4.0000,96.0000,AG03-UNRESOLVED,ALL5_LEVELS_bet23_to_bet27,19.2883,19.2883,21.6994,21.6994,21.6994,4.000000,4.000000,4.500000,4.500000,4.500000,96.000000,96.000000,95.500000,95.500000,95.500000,5.0,103.6747,95.1402,378.5331,387.0676,PENDING_AG03,FALSE,NOT_FOR_ENFORCEMENT,462.9195,5868.5852,482.2078,462.9195,19.2883,0.07530563,0.07229340,19.2883,462.9195,0.07229340,19.2883,19.2883,21.6994,21.6994,21.6994,462.9195,0.07229340,103.6747,95.1402,378.5331,387.0676,0.05911492,0.06044773,0.00301223,38.1151,65.7324,5.1850,160.7359,10.7157,2134.4479,31.0000,38.1151,,12.2634,20.439,40.8781,89.3186,143.0732,204.3903,20.439,-10.2195,7.0,10.0,1.864821,26,28,2,6,1.00000000,0.07530563,0.07530563,0E-8,0.000000,0.954675,0.000000,,2026-07-21,2026-07-27,3,45,43,7,0.428571,,1.000000,3.333333,,,,,,,,GLOBAL_BASELINE_NO_ENTITY_RANKING,,,NOT_APPLICABLE_GLOBAL_BASELINE,HF9g-P5,,,,X 全窗基线 · 不参与实体赏罚,8392911,840,A168_HF9F_20260827_0900,2026-08-27 09:00:00
2026-07-21,104069370,2214,0,200.3024976495,42.5131831746,42.5131831746,0.7500000,8,4,0.41768550269225177,0.297275450000,1.3476458599937666,1.9810341206872009,1.3476458599937666,0.12041005269225177,ELIGIBLE,R03b_20260811_FULL_v1,L1_ELIGIBILITY,v2026-08-11,2026-03-21..2026-08-06,baccarat_bet02_101_all_pairs_incl_sentinel,round_win = game_pnl > 0 (decisive only),COMPATIBILITY_ONLY_NOT_PRODUCTION,6403.3438,6113.1096,482.2078,168,93,-0.07530563,-0.07530563,,-0.07530563,-482.2078,6403.3438,OK,0.0000,19.2883,4.0000,96.0000,AG03-UNRESOLVED,ALL5_LEVELS_bet23_to_bet27,19.2883,19.2883,21.6994,21.6994,21.6994,4.000000,4.000000,4.500000,4.500000,4.500000,96.000000,96.000000,95.500000,95.500000,95.500000,5.0,103.6747,95.1402,378.5331,387.0676,PENDING_AG03,FALSE,NOT_FOR_ENFORCEMENT,462.9195,5868.5852,482.2078,462.9195,19.2883,0.07530563,0.07229340,19.2883,462.9195,0.07229340,19.2883,19.2883,21.6994,21.6994,21.6994,462.9195,0.07229340,103.6747,95.1402,378.5331,387.0676,0.05911492,0.06044773,0.00301223,38.1151,65.7324,5.1850,160.7359,10.7157,2134.4479,31.0000,38.1151,,12.2634,20.439,40.8781,89.3186,143.0732,204.3903,20.439,-10.2195,7.0,10.0,1.864821,26,28,2,6,1.00000000,0.07530563,0.07530563,0E-8,0.000000,0.954675,0.000000,,2026-07-21,2026-07-27,3,45,43,7,0.428571,,1.000000,3.333333,,,,,,,,GLOBAL_BASELINE_NO_ENTITY_RANKING,,,NOT_APPLICABLE_GLOBAL_BASELINE,HF9g-P5,,,,X 全窗基线 · 不参与实体赏罚,8392912,840,A168_HF9F_20260827_0900,2026-08-27 09:00:00
2026-07-21,104069370,2229,0,331.1122920327,82.5736827045,82.5736827045,0.6666667,15,9,0.44055420170417948,0.366322466667,1.3663660958663302,1.8701419493309275,1.3663660958663302,0.07423173503717948,ELIGIBLE,R03b_20260811_FULL_v1,L1_ELIGIBILITY,v2026-08-11,2026-03-21..2026-08-06,baccarat_bet02_101_all_pairs_incl_sentinel,round_win = game_pnl > 0 (decisive only),COMPATIBILITY_ONLY_NOT_PRODUCTION,6403.3438,6113.1096,482.2078,168,93,-0.07530563,-0.07530563,,-0.07530563,-482.2078,6403.3438,OK,0.0000,19.2883,4.0000,96.0000,AG03-UNRESOLVED,ALL5_LEVELS_bet23_to_bet27,19.2883,19.2883,21.6994,21.6994,21.6994,4.000000,4.000000,4.500000,4.500000,4.500000,96.000000,96.000000,95.500000,95.500000,95.500000,5.0,103.6747,95.1402,378.5331,387.0676,PENDING_AG03,FALSE,NOT_FOR_ENFORCEMENT,462.9195,5868.5852,482.2078,462.9195,19.2883,0.07530563,0.07229340,19.2883,462.9195,0.07229340,19.2883,19.2883,21.6994,21.6994,21.6994,462.9195,0.07229340,103.6747,95.1402,378.5331,387.0676,0.05911492,0.06044773,0.00301223,38.1151,65.7324,5.1850,160.7359,10.7157,2134.4479,31.0000,38.1151,,12.2634,20.439,40.8781,89.3186,143.0732,204.3903,20.439,-10.2195,7.0,10.0,1.864821,26,28,2,6,1.00000000,0.07530563,0.07530563,0E-8,0.000000,0.954675,0.000000,,2026-07-21,2026-07-27,3,45,43,7,0.428571,,1.000000,3.333333,,,,,,,,GLOBAL_BASELINE_NO_ENTITY_RANKING,,,NOT_APPLICABLE_GLOBAL_BASELINE,HF9g-P5,,,,X 全窗基线 · 不参与实体赏罚,8392913,840,A168_HF9F_20260827_0900,2026-08-27 09:00:00
2026-07-21,104069370,2267,0,8.1756121490,-8.1756121490,-8.1756121490,0E-7,1,1,0.50665070000000000,0.506650700000,-1.013391052207602,-1.013391052207602,-1.013391052207602,0E-17,ELIGIBLE,R03b_20260811_FULL_v1,L1_ELIGIBILITY,v2026-08-11,2026-03-21..2026-08-06,baccarat_bet02_101_all_pairs_incl_sentinel,round_win = game_pnl > 0 (decisive only),COMPATIBILITY_ONLY_NOT_PRODUCTION,6403.3438,6113.1096,482.2078,168,93,-0.07530563,-0.07530563,,-0.07530563,-482.2078,6403.3438,OK,0.0000,19.2883,4.0000,96.0000,AG03-UNRESOLVED,ALL5_LEVELS_bet23_to_bet27,19.2883,19.2883,21.6994,21.6994,21.6994,4.000000,4.000000,4.500000,4.500000,4.500000,96.000000,96.000000,95.500000,95.500000,95.500000,5.0,103.6747,95.1402,378.5331,387.0676,PENDING_AG03,FALSE,NOT_FOR_ENFORCEMENT,462.9195,5868.5852,482.2078,462.9195,19.2883,0.07530563,0.07229340,19.2883,462.9195,0.07229340,19.2883,19.2883,21.6994,21.6994,21.6994,462.9195,0.07229340,103.6747,95.1402,378.5331,387.0676,0.05911492,0.06044773,0.00301223,38.1151,65.7324,5.1850,160.7359,10.7157,2134.4479,31.0000,38.1151,,12.2634,20.439,40.8781,89.3186,143.0732,204.3903,20.439,-10.2195,7.0,10.0,1.864821,26,28,2,6,1.00000000,0.07530563,0.07530563,0E-8,0.000000,0.954675,0.000000,,2026-07-21,2026-07-27,3,45,43,7,0.428571,,1.000000,3.333333,,,,,,,,GLOBAL_BASELINE_NO_ENTITY_RANKING,,,NOT_APPLICABLE_GLOBAL_BASELINE,HF9g-P5,,,,X 全窗基线 · 不参与实体赏罚,8392914,840,A168_HF9F_20260827_0900,2026-08-27 09:00:00
2026-07-21,104069370,919,0,49.0536728937,24.5268364469,24.5268364469,1.0000000,2,1,0.39358482500020317,0.293924150000,1.2412688522052862,1.549915577879723,1.2412688522052862,0.09966067500020317,ELIGIBLE,R03b_20260811_FULL_v1,L1_ELIGIBILITY,v2026-08-11,2026-03-21..2026-08-06,baccarat_bet02_101_all_pairs_incl_sentinel,round_win = game_pnl > 0 (decisive only),COMPATIBILITY_ONLY_NOT_PRODUCTION,6403.3438,6113.1096,482.2078,168,93,-0.07530563,-0.07530563,,-0.07530563,-482.2078,6403.3438,OK,0.0000,19.2883,4.0000,96.0000,AG03-UNRESOLVED,ALL5_LEVELS_bet23_to_bet27,19.2883,19.2883,21.6994,21.6994,21.6994,4.000000,4.000000,4.500000,4.500000,4.500000,96.000000,96.000000,95.500000,95.500000,95.500000,5.0,103.6747,95.1402,378.5331,387.0676,PENDING_AG03,FALSE,NOT_FOR_ENFORCEMENT,462.9195,5868.5852,482.2078,462.9195,19.2883,0.07530563,0.07229340,19.2883,462.9195,0.07229340,19.2883,19.2883,21.6994,21.6994,21.6994,462.9195,0.07229340,103.6747,95.1402,378.5331,387.0676,0.05911492,0.06044773,0.00301223,38.1151,65.7324,5.1850,160.7359,10.7157,2134.4479,31.0000,38.1151,,12.2634,20.439,40.8781,89.3186,143.0732,204.3903,20.439,-10.2195,7.0,10.0,1.864821,26,28,2,6,1.00000000,0.07530563,0.07530563,0E-8,0.000000,0.954675,0.000000,,2026-07-21,2026-07-27,3,45,43,7,0.428571,,1.000000,3.333333,,,,,,,,GLOBAL_BASELINE_NO_ENTITY_RANKING,,,NOT_APPLICABLE_GLOBAL_BASELINE,HF9g-P5,,,,X 全窗基线 · 不参与实体赏罚,8392915,840,A168_HF9F_20260827_0900,2026-08-27 09:00:00
2026-07-22,104069370,-1,1,478.2733107141,-137.9634550136,-137.9634550136,0.4285714,10,7,0.47142588658629102,0.412609635714,-0.22713568375312604,0.08578228265701311,-0.22713568375312604,0.05881625087229102,SENTINEL_DEALER,R03b_20260811_FULL_v1,L1_ELIGIBILITY,v2026-08-11,2026-03-21..2026-08-06,baccarat_bet02_101_all_pairs_incl_sentinel,round_win = game_pnl > 0 (decisive only),COMPATIBILITY_ONLY_NOT_PRODUCTION,6403.3438,6113.1096,482.2078,168,93,-0.07530563,-0.07530563,,-0.07530563,-482.2078,6403.3438,OK,0.0000,19.2883,4.0000,96.0000,AG03-UNRESOLVED,ALL5_LEVELS_bet23_to_bet27,19.2883,19.2883,21.6994,21.6994,21.6994,4.000000,4.000000,4.500000,4.500000,4.500000,96.000000,96.000000,95.500000,95.500000,95.500000,5.0,103.6747,95.1402,378.5331,387.0676,PENDING_AG03,FALSE,NOT_FOR_ENFORCEMENT,462.9195,5868.5852,482.2078,462.9195,19.2883,0.07530563,0.07229340,19.2883,462.9195,0.07229340,19.2883,19.2883,21.6994,21.6994,21.6994,462.9195,0.07229340,103.6747,95.1402,378.5331,387.0676,0.05911492,0.06044773,0.00301223,38.1151,65.7324,5.1850,160.7359,10.7157,2134.4479,31.0000,38.1151,,12.2634,20.439,40.8781,89.3186,143.0732,204.3903,20.439,-10.2195,7.0,10.0,1.864821,26,28,2,6,1.00000000,0.07530563,0.07530563,0E-8,0.000000,0.954675,0.000000,,2026-07-21,2026-07-27,3,45,43,7,0.428571,,1.000000,3.333333,,,,,,,,GLOBAL_BASELINE_NO_ENTITY_RANKING,,,NOT_APPLICABLE_GLOBAL_BASELINE,HF9g-P5,,,,X 全窗基线 · 不参与实体赏罚,8392916,840,A168_HF9F_20260827_0900,2026-08-27 09:00:00
2026-07-22,104069370,1210,0,71.5366063034,48.0317213751,48.0317213751,1.0000000,2,1,0.44778671428571429,0.300626750000,1.110498109508849,1.5252488199758223,1.110498109508849,0.14715996428571429,ELIGIBLE,R03b_20260811_FULL_v1,L1_ELIGIBILITY,v2026-08-11,2026-03-21..2026-08-06,baccarat_bet02_101_all_pairs_incl_sentinel,round_win = game_pnl > 0 (decisive only),COMPATIBILITY_ONLY_NOT_PRODUCTION,6403.3438,6113.1096,482.2078,168,93,-0.07530563,-0.07530563,,-0.07530563,-482.2078,6403.3438,OK,0.0000,19.2883,4.0000,96.0000,AG03-UNRESOLVED,ALL5_LEVELS_bet23_to_bet27,19.2883,19.2883,21.6994,21.6994,21.6994,4.000000,4.000000,4.500000,4.500000,4.500000,96.000000,96.000000,95.500000,95.500000,95.500000,5.0,103.6747,95.1402,378.5331,387.0676,PENDING_AG03,FALSE,NOT_FOR_ENFORCEMENT,462.9195,5868.5852,482.2078,462.9195,19.2883,0.07530563,0.07229340,19.2883,462.9195,0.07229340,19.2883,19.2883,21.6994,21.6994,21.6994,462.9195,0.07229340,103.6747,95.1402,378.5331,387.0676,0.05911492,0.06044773,0.00301223,38.1151,65.7324,5.1850,160.7359,10.7157,2134.4479,31.0000,38.1151,,12.2634,20.439,40.8781,89.3186,143.0732,204.3903,20.439,-10.2195,7.0,10.0,1.864821,26,28,2,6,1.00000000,0.07530563,0.07530563,0E-8,0.000000,0.954675,0.000000,,2026-07-21,2026-07-27,3,45,43,7,0.428571,,1.000000,3.333333,,,,,,,,GLOBAL_BASELINE_NO_ENTITY_RANKING,,,NOT_APPLICABLE_GLOBAL_BASELINE,HF9g-P5,,,,X 全窗基线 · 不参与实体赏罚,8392917,840,A168_HF9F_20260827_0900,2026-08-27 09:00:00
2026-07-22,104069370,1951,0,122.6341822344,0E-10,0E-10,0.5000000,4,2,0.42490675142857143,0.293924150000,0.21483247901490235,0.6397330434626627,0.21483247901490235,0.13098260142857143,ELIGIBLE,R03b_20260811_FULL_v1,L1_ELIGIBILITY,v2026-08-11,2026-03-21..2026-08-06,baccarat_bet02_101_all_pairs_incl_sentinel,round_win = game_pnl > 0 (decisive only),COMPATIBILITY_ONLY_NOT_PRODUCTION,6403.3438,6113.1096,482.2078,168,93,-0.07530563,-0.07530563,,-0.07530563,-482.2078,6403.3438,OK,0.0000,19.2883,4.0000,96.0000,AG03-UNRESOLVED,ALL5_LEVELS_bet23_to_bet27,19.2883,19.2883,21.6994,21.6994,21.6994,4.000000,4.000000,4.500000,4.500000,4.500000,96.000000,96.000000,95.500000,95.500000,95.500000,5.0,103.6747,95.1402,378.5331,387.0676,PENDING_AG03,FALSE,NOT_FOR_ENFORCEMENT,462.9195,5868.5852,482.2078,462.9195,19.2883,0.07530563,0.07229340,19.2883,462.9195,0.07229340,19.2883,19.2883,21.6994,21.6994,21.6994,462.9195,0.07229340,103.6747,95.1402,378.5331,387.0676,0.05911492,0.06044773,0.00301223,38.1151,65.7324,5.1850,160.7359,10.7157,2134.4479,31.0000,38.1151,,12.2634,20.439,40.8781,89.3186,143.0732,204.3903,20.439,-10.2195,7.0,10.0,1.864821,26,28,2,6,1.00000000,0.07530563,0.07530563,0E-8,0.000000,0.954675,0.000000,,2026-07-21,2026-07-27,3,45,43,7,0.428571,,1.000000,3.333333,,,,,,,,GLOBAL_BASELINE_NO_ENTITY_RANKING,,,NOT_APPLICABLE_GLOBAL_BASELINE,HF9g-P5,,,,X 全窗基线 · 不参与实体赏罚,8392918,840,A168_HF9F_20260827_0900,2026-08-27 09:00:00
2026-07-22,104069370,2216,0,132.8536974206,-30.6585455586,-30.6585455586,0.5000000,3,2,0.47419510625000000,0.396936125000,0.07308465939268081,0.29790616794075786,0.07308465939268081,0.07725898125000000,ELIGIBLE,R03b_20260811_FULL_v1,L1_ELIGIBILITY,v2026-08-11,2026-03-21..2026-08-06,baccarat_bet02_101_all_pairs_incl_sentinel,round_win = game_pnl > 0 (decisive only),COMPATIBILITY_ONLY_NOT_PRODUCTION,6403.3438,6113.1096,482.2078,168,93,-0.07530563,-0.07530563,,-0.07530563,-482.2078,6403.3438,OK,0.0000,19.2883,4.0000,96.0000,AG03-UNRESOLVED,ALL5_LEVELS_bet23_to_bet27,19.2883,19.2883,21.6994,21.6994,21.6994,4.000000,4.000000,4.500000,4.500000,4.500000,96.000000,96.000000,95.500000,95.500000,95.500000,5.0,103.6747,95.1402,378.5331,387.0676,PENDING_AG03,FALSE,NOT_FOR_ENFORCEMENT,462.9195,5868.5852,482.2078,462.9195,19.2883,0.07530563,0.07229340,19.2883,462.9195,0.07229340,19.2883,19.2883,21.6994,21.6994,21.6994,462.9195,0.07229340,103.6747,95.1402,378.5331,387.0676,0.05911492,0.06044773,0.00301223,38.1151,65.7324,5.1850,160.7359,10.7157,2134.4479,31.0000,38.1151,,12.2634,20.439,40.8781,89.3186,143.0732,204.3903,20.439,-10.2195,7.0,10.0,1.864821,26,28,2,6,1.00000000,0.07530563,0.07530563,0E-8,0.000000,0.954675,0.000000,,2026-07-21,2026-07-27,3,45,43,7,0.428571,,1.000000,3.333333,,,,,,,,GLOBAL_BASELINE_NO_ENTITY_RANKING,,,NOT_APPLICABLE_GLOBAL_BASELINE,HF9g-P5,,,,X 全窗基线 · 不参与实体赏罚,8392919,840,A168_HF9F_20260827_0900,2026-08-27 09:00:00
2026-07-22,104069370,550,0,102.1951518620,-40.8780607448,-40.8780607448,0E-7,2,2,0.49324550000000000,0.493245500000,-0.9865810262130424,-0.9865810262130424,-0.9865810262130424,0E-17,ELIGIBLE,R03b_20260811_FULL_v1,L1_ELIGIBILITY,v2026-08-11,2026-03-21..2026-08-06,baccarat_bet02_101_all_pairs_incl_sentinel,round_win = game_pnl > 0 (decisive only),COMPATIBILITY_ONLY_NOT_PRODUCTION,6403.3438,6113.1096,482.2078,168,93,-0.07530563,-0.07530563,,-0.07530563,-482.2078,6403.3438,OK,0.0000,19.2883,4.0000,96.0000,AG03-UNRESOLVED,ALL5_LEVELS_bet23_to_bet27,19.2883,19.2883,21.6994,21.6994,21.6994,4.000000,4.000000,4.500000,4.500000,4.500000,96.000000,96.000000,95.500000,95.500000,95.500000,5.0,103.6747,95.1402,378.5331,387.0676,PENDING_AG03,FALSE,NOT_FOR_ENFORCEMENT,462.9195,5868.5852,482.2078,462.9195,19.2883,0.07530563,0.07229340,19.2883,462.9195,0.07229340,19.2883,19.2883,21.6994,21.6994,21.6994,462.9195,0.07229340,103.6747,95.1402,378.5331,387.0676,0.05911492,0.06044773,0.00301223,38.1151,65.7324,5.1850,160.7359,10.7157,2134.4479,31.0000,38.1151,,12.2634,20.439,40.8781,89.3186,143.0732,204.3903,20.439,-10.2195,7.0,10.0,1.864821,26,28,2,6,1.00000000,0.07530563,0.07530563,0E-8,0.000000,0.954675,0.000000,,2026-07-21,2026-07-27,3,45,43,7,0.428571,,1.000000,3.333333,,,,,,,,GLOBAL_BASELINE_NO_ENTITY_RANKING,,,NOT_APPLICABLE_GLOBAL_BASELINE,HF9g-P5,,,,X 全窗基线 · 不参与实体赏罚,8392920,840,A168_HF9F_20260827_0900,2026-08-27 09:00:00
2026-07-27,104069370,-1,1,1606.5077872705,-27.2861055470,-27.2861055470,0.5000000,32,16,0.42694365889819265,0.315130356250,0.5907911265738688,1.5917560784515499,0.5907911265738688,0.11181330264819265,SENTINEL_DEALER,R03b_20260811_FULL_v1,L1_ELIGIBILITY,v2026-08-11,2026-03-21..2026-08-06,baccarat_bet02_101_all_pairs_incl_sentinel,round_win = game_pnl > 0 (decisive only),COMPATIBILITY_ONLY_NOT_PRODUCTION,6403.3438,6113.1096,482.2078,168,93,-0.07530563,-0.07530563,,-0.07530563,-482.2078,6403.3438,OK,0.0000,19.2883,4.0000,96.0000,AG03-UNRESOLVED,ALL5_LEVELS_bet23_to_bet27,19.2883,19.2883,21.6994,21.6994,21.6994,4.000000,4.000000,4.500000,4.500000,4.500000,96.000000,96.000000,95.500000,95.500000,95.500000,5.0,103.6747,95.1402,378.5331,387.0676,PENDING_AG03,FALSE,NOT_FOR_ENFORCEMENT,462.9195,5868.5852,482.2078,462.9195,19.2883,0.07530563,0.07229340,19.2883,462.9195,0.07229340,19.2883,19.2883,21.6994,21.6994,21.6994,462.9195,0.07229340,103.6747,95.1402,378.5331,387.0676,0.05911492,0.06044773,0.00301223,38.1151,65.7324,5.1850,160.7359,10.7157,2134.4479,31.0000,38.1151,,12.2634,20.439,40.8781,89.3186,143.0732,204.3903,20.439,-10.2195,7.0,10.0,1.864821,26,28,2,6,1.00000000,0.07530563,0.07530563,0E-8,0.000000,0.954675,0.000000,,2026-07-21,2026-07-27,3,45,43,7,0.428571,,1.000000,3.333333,,,,,,,,GLOBAL_BASELINE_NO_ENTITY_RANKING,,,NOT_APPLICABLE_GLOBAL_BASELINE,HF9g-P5,,,,X 全窗基线 · 不参与实体赏罚,8392921,840,A168_HF9F_20260827_0900,2026-08-27 09:00:00
2026-07-27,104069370,1323,0,347.4635163308,-61.3170911172,-61.3170911172,0.5000000,4,2,0.42289678823529412,0.293924150000,0.22072093535657739,0.6397330434626627,0.22072093535657739,0.12897263823529412,ELIGIBLE,R03b_20260811_FULL_v1,L1_ELIGIBILITY,v2026-08-11,2026-03-21..2026-08-06,baccarat_bet02_101_all_pairs_incl_sentinel,round_win = game_pnl > 0 (decisive only),COMPATIBILITY_ONLY_NOT_PRODUCTION,6403.3438,6113.1096,482.2078,168,93,-0.07530563,-0.07530563,,-0.07530563,-482.2078,6403.3438,OK,0.0000,19.2883,4.0000,96.0000,AG03-UNRESOLVED,ALL5_LEVELS_bet23_to_bet27,19.2883,19.2883,21.6994,21.6994,21.6994,4.000000,4.000000,4.500000,4.500000,4.500000,96.000000,96.000000,95.500000,95.500000,95.500000,5.0,103.6747,95.1402,378.5331,387.0676,PENDING_AG03,FALSE,NOT_FOR_ENFORCEMENT,462.9195,5868.5852,482.2078,462.9195,19.2883,0.07530563,0.07229340,19.2883,462.9195,0.07229340,19.2883,19.2883,21.6994,21.6994,21.6994,462.9195,0.07229340,103.6747,95.1402,378.5331,387.0676,0.05911492,0.06044773,0.00301223,38.1151,65.7324,5.1850,160.7359,10.7157,2134.4479,31.0000,38.1151,,12.2634,20.439,40.8781,89.3186,143.0732,204.3903,20.439,-10.2195,7.0,10.0,1.864821,26,28,2,6,1.00000000,0.07530563,0.07530563,0E-8,0.000000,0.954675,0.000000,,2026-07-21,2026-07-27,3,45,43,7,0.428571,,1.000000,3.333333,,,,,,,,GLOBAL_BASELINE_NO_ENTITY_RANKING,,,NOT_APPLICABLE_GLOBAL_BASELINE,HF9g-P5,,,,X 全窗基线 · 不参与实体赏罚,8392922,840,A168_HF9F_20260827_0900,2026-08-27 09:00:00
2026-07-27,104069370,1384,0,257.5317826922,151.2488247558,151.2488247558,1.0000000,5,1,0.40880484444450501,0.151215980000,1.2025618342158442,2.3691892482523884,1.2025618342158442,0.25758886444450501,ELIGIBLE,R03b_20260811_FULL_v1,L1_ELIGIBILITY,v2026-08-11,2026-03-21..2026-08-06,baccarat_bet02_101_all_pairs_incl_sentinel,round_win = game_pnl > 0 (decisive only),COMPATIBILITY_ONLY_NOT_PRODUCTION,6403.3438,6113.1096,482.2078,168,93,-0.07530563,-0.07530563,,-0.07530563,-482.2078,6403.3438,OK,0.0000,19.2883,4.0000,96.0000,AG03-UNRESOLVED,ALL5_LEVELS_bet23_to_bet27,19.2883,19.2883,21.6994,21.6994,21.6994,4.000000,4.000000,4.500000,4.500000,4.500000,96.000000,96.000000,95.500000,95.500000,95.500000,5.0,103.6747,95.1402,378.5331,387.0676,PENDING_AG03,FALSE,NOT_FOR_ENFORCEMENT,462.9195,5868.5852,482.2078,462.9195,19.2883,0.07530563,0.07229340,19.2883,462.9195,0.07229340,19.2883,19.2883,21.6994,21.6994,21.6994,462.9195,0.07229340,103.6747,95.1402,378.5331,387.0676,0.05911492,0.06044773,0.00301223,38.1151,65.7324,5.1850,160.7359,10.7157,2134.4479,31.0000,38.1151,,12.2634,20.439,40.8781,89.3186,143.0732,204.3903,20.439,-10.2195,7.0,10.0,1.864821,26,28,2,6,1.00000000,0.07530563,0.07530563,0E-8,0.000000,0.954675,0.000000,,2026-07-21,2026-07-27,3,45,43,7,0.428571,,1.000000,3.333333,,,,,,,,GLOBAL_BASELINE_NO_ENTITY_RANKING,,,NOT_APPLICABLE_GLOBAL_BASELINE,HF9g-P5,,,,X 全窗基线 · 不参与实体赏罚,8392923,840,A168_HF9F_20260827_0900,2026-08-27 09:00:00
2026-07-27,104069370,1966,0,801.2099905980,-580.4684625760,-580.4684625760,0.2500000,17,4,0.40987940848354205,0.186893022500,-0.6501657588701031,0.3237702854053368,-0.6501657588701031,0.22298638598354205,ELIGIBLE,R03b_20260811_FULL_v1,L1_ELIGIBILITY,v2026-08-11,2026-03-21..2026-08-06,baccarat_bet02_101_all_pairs_incl_sentinel,round_win = game_pnl > 0 (decisive only),COMPATIBILITY_ONLY_NOT_PRODUCTION,6403.3438,6113.1096,482.2078,168,93,-0.07530563,-0.07530563,,-0.07530563,-482.2078,6403.3438,OK,0.0000,19.2883,4.0000,96.0000,AG03-UNRESOLVED,ALL5_LEVELS_bet23_to_bet27,19.2883,19.2883,21.6994,21.6994,21.6994,4.000000,4.000000,4.500000,4.500000,4.500000,96.000000,96.000000,95.500000,95.500000,95.500000,5.0,103.6747,95.1402,378.5331,387.0676,PENDING_AG03,FALSE,NOT_FOR_ENFORCEMENT,462.9195,5868.5852,482.2078,462.9195,19.2883,0.07530563,0.07229340,19.2883,462.9195,0.07229340,19.2883,19.2883,21.6994,21.6994,21.6994,462.9195,0.07229340,103.6747,95.1402,378.5331,387.0676,0.05911492,0.06044773,0.00301223,38.1151,65.7324,5.1850,160.7359,10.7157,2134.4479,31.0000,38.1151,,12.2634,20.439,40.8781,89.3186,143.0732,204.3903,20.439,-10.2195,7.0,10.0,1.864821,26,28,2,6,1.00000000,0.07530563,0.07530563,0E-8,0.000000,0.954675,0.000000,,2026-07-21,2026-07-27,3,45,43,7,0.428571,,1.000000,3.333333,,,,,,,,GLOBAL_BASELINE_NO_ENTITY_RANKING,,,NOT_APPLICABLE_GLOBAL_BASELINE,HF9g-P5,,,,X 全窗基线 · 不参与实体赏罚,8392924,840,A168_HF9F_20260827_0900,2026-08-27 09:00:00
2026-07-27,104069370,2093,0,235.0488492826,163.5122429792,163.5122429792,1.0000000,2,1,0.45290532173913043,0.300626750000,1.0990755160635288,1.5252488199758223,1.0990755160635288,0.15227857173913043,ELIGIBLE,R03b_20260811_FULL_v1,L1_ELIGIBILITY,v2026-08-11,2026-03-21..2026-08-06,baccarat_bet02_101_all_pairs_incl_sentinel,round_win = game_pnl > 0 (decisive only),COMPATIBILITY_ONLY_NOT_PRODUCTION,6403.3438,6113.1096,482.2078,168,93,-0.07530563,-0.07530563,,-0.07530563,-482.2078,6403.3438,OK,0.0000,19.2883,4.0000,96.0000,AG03-UNRESOLVED,ALL5_LEVELS_bet23_to_bet27,19.2883,19.2883,21.6994,21.6994,21.6994,4.000000,4.000000,4.500000,4.500000,4.500000,96.000000,96.000000,95.500000,95.500000,95.500000,5.0,103.6747,95.1402,378.5331,387.0676,PENDING_AG03,FALSE,NOT_FOR_ENFORCEMENT,462.9195,5868.5852,482.2078,462.9195,19.2883,0.07530563,0.07229340,19.2883,462.9195,0.07229340,19.2883,19.2883,21.6994,21.6994,21.6994,462.9195,0.07229340,103.6747,95.1402,378.5331,387.0676,0.05911492,0.06044773,0.00301223,38.1151,65.7324,5.1850,160.7359,10.7157,2134.4479,31.0000,38.1151,,12.2634,20.439,40.8781,89.3186,143.0732,204.3903,20.439,-10.2195,7.0,10.0,1.864821,26,28,2,6,1.00000000,0.07530563,0.07530563,0E-8,0.000000,0.954675,0.000000,,2026-07-21,2026-07-27,3,45,43,7,0.428571,,1.000000,3.333333,,,,,,,,GLOBAL_BASELINE_NO_ENTITY_RANKING,,,NOT_APPLICABLE_GLOBAL_BASELINE,HF9g-P5,,,,X 全窗基线 · 不参与实体赏罚,8392925,840,A168_HF9F_20260827_0900,2026-08-27 09:00:00
2026-07-27,104069370,2129,0,44.9658668193,12.2634182235,12.2634182235,1.0000000,2,1,0.34828451818205997,0.293924150000,1.3679238893234626,1.549915577879723,1.3679238893234626,0.05436036818205997,ELIGIBLE,R03b_20260811_FULL_v1,L1_ELIGIBILITY,v2026-08-11,2026-03-21..2026-08-06,baccarat_bet02_101_all_pairs_incl_sentinel,round_win = game_pnl > 0 (decisive only),COMPATIBILITY_ONLY_NOT_PRODUCTION,6403.3438,6113.1096,482.2078,168,93,-0.07530563,-0.07530563,,-0.07530563,-482.2078,6403.3438,OK,0.0000,19.2883,4.0000,96.0000,AG03-UNRESOLVED,ALL5_LEVELS_bet23_to_bet27,19.2883,19.2883,21.6994,21.6994,21.6994,4.000000,4.000000,4.500000,4.500000,4.500000,96.000000,96.000000,95.500000,95.500000,95.500000,5.0,103.6747,95.1402,378.5331,387.0676,PENDING_AG03,FALSE,NOT_FOR_ENFORCEMENT,462.9195,5868.5852,482.2078,462.9195,19.2883,0.07530563,0.07229340,19.2883,462.9195,0.07229340,19.2883,19.2883,21.6994,21.6994,21.6994,462.9195,0.07229340,103.6747,95.1402,378.5331,387.0676,0.05911492,0.06044773,0.00301223,38.1151,65.7324,5.1850,160.7359,10.7157,2134.4479,31.0000,38.1151,,12.2634,20.439,40.8781,89.3186,143.0732,204.3903,20.439,-10.2195,7.0,10.0,1.864821,26,28,2,6,1.00000000,0.07530563,0.07530563,0E-8,0.000000,0.954675,0.000000,,2026-07-21,2026-07-27,3,45,43,7,0.428571,,1.000000,3.333333,,,,,,,,GLOBAL_BASELINE_NO_ENTITY_RANKING,,,NOT_APPLICABLE_GLOBAL_BASELINE,HF9g-P5,,,,X 全窗基线 · 不参与实体赏罚,8392926,840,A168_HF9F_20260827_0900,2026-08-27 09:00:00
2026-07-27,104069370,2175,0,258.5537342109,-182.8271266811,-182.8271266811,0.2500000,7,4,0.43071708180193404,0.345430137500,-0.7299096013757363,-0.40138157207948666,-0.7299096013757363,0.08528694430193404,ELIGIBLE,R03b_20260811_FULL_v1,L1_ELIGIBILITY,v2026-08-11,2026-03-21..2026-08-06,baccarat_bet02_101_all_pairs_incl_sentinel,round_win = game_pnl > 0 (decisive only),COMPATIBILITY_ONLY_NOT_PRODUCTION,6403.3438,6113.1096,482.2078,168,93,-0.07530563,-0.07530563,,-0.07530563,-482.2078,6403.3438,OK,0.0000,19.2883,4.0000,96.0000,AG03-UNRESOLVED,ALL5_LEVELS_bet23_to_bet27,19.2883,19.2883,21.6994,21.6994,21.6994,4.000000,4.000000,4.500000,4.500000,4.500000,96.000000,96.000000,95.500000,95.500000,95.500000,5.0,103.6747,95.1402,378.5331,387.0676,PENDING_AG03,FALSE,NOT_FOR_ENFORCEMENT,462.9195,5868.5852,482.2078,462.9195,19.2883,0.07530563,0.07229340,19.2883,462.9195,0.07229340,19.2883,19.2883,21.6994,21.6994,21.6994,462.9195,0.07229340,103.6747,95.1402,378.5331,387.0676,0.05911492,0.06044773,0.00301223,38.1151,65.7324,5.1850,160.7359,10.7157,2134.4479,31.0000,38.1151,,12.2634,20.439,40.8781,89.3186,143.0732,204.3903,20.439,-10.2195,7.0,10.0,1.864821,26,28,2,6,1.00000000,0.07530563,0.07530563,0E-8,0.000000,0.954675,0.000000,,2026-07-21,2026-07-27,3,45,43,7,0.428571,,1.000000,3.333333,,,,,,,,GLOBAL_BASELINE_NO_ENTITY_RANKING,,,NOT_APPLICABLE_GLOBAL_BASELINE,HF9g-P5,,,,X 全窗基线 · 不参与实体赏罚,8392927,840,A168_HF9F_20260827_0900,2026-08-27 09:00:00
2026-07-27,104069370,2220,0,287.9859379471,-112.2102767445,-112.2102767445,0.2500000,7,4,0.42866349807532303,0.343754487500,-0.7220405543211744,-0.39478868627596153,-0.7220405543211744,0.08490901057532303,ELIGIBLE,R03b_20260811_FULL_v1,L1_ELIGIBILITY,v2026-08-11,2026-03-21..2026-08-06,baccarat_bet02_101_all_pairs_incl_sentinel,round_win = game_pnl > 0 (decisive only),COMPATIBILITY_ONLY_NOT_PRODUCTION,6403.3438,6113.1096,482.2078,168,93,-0.07530563,-0.07530563,,-0.07530563,-482.2078,6403.3438,OK,0.0000,19.2883,4.0000,96.0000,AG03-UNRESOLVED,ALL5_LEVELS_bet23_to_bet27,19.2883,19.2883,21.6994,21.6994,21.6994,4.000000,4.000000,4.500000,4.500000,4.500000,96.000000,96.000000,95.500000,95.500000,95.500000,5.0,103.6747,95.1402,378.5331,387.0676,PENDING_AG03,FALSE,NOT_FOR_ENFORCEMENT,462.9195,5868.5852,482.2078,462.9195,19.2883,0.07530563,0.07229340,19.2883,462.9195,0.07229340,19.2883,19.2883,21.6994,21.6994,21.6994,462.9195,0.07229340,103.6747,95.1402,378.5331,387.0676,0.05911492,0.06044773,0.00301223,38.1151,65.7324,5.1850,160.7359,10.7157,2134.4479,31.0000,38.1151,,12.2634,20.439,40.8781,89.3186,143.0732,204.3903,20.439,-10.2195,7.0,10.0,1.864821,26,28,2,6,1.00000000,0.07530563,0.07530563,0E-8,0.000000,0.954675,0.000000,,2026-07-21,2026-07-27,3,45,43,7,0.428571,,1.000000,3.333333,,,,,,,,GLOBAL_BASELINE_NO_ENTITY_RANKING,,,NOT_APPLICABLE_GLOBAL_BASELINE,HF9g-P5,,,,X 全窗基线 · 不参与实体赏罚,8392928,840,A168_HF9F_20260827_0900,2026-08-27 09:00:00
2026-07-27,104069370,2234,0,136.9415034951,75.6244123779,75.6244123779,1.0000000,2,1,0.40399713432837124,0.293924150000,1.2146049079507786,1.549915577879723,1.2146049079507786,0.11007298432837124,ELIGIBLE,R03b_20260811_FULL_v1,L1_ELIGIBILITY,v2026-08-11,2026-03-21..2026-08-06,baccarat_bet02_101_all_pairs_incl_sentinel,round_win = game_pnl > 0 (decisive only),COMPATIBILITY_ONLY_NOT_PRODUCTION,6403.3438,6113.1096,482.2078,168,93,-0.07530563,-0.07530563,,-0.07530563,-482.2078,6403.3438,OK,0.0000,19.2883,4.0000,96.0000,AG03-UNRESOLVED,ALL5_LEVELS_bet23_to_bet27,19.2883,19.2883,21.6994,21.6994,21.6994,4.000000,4.000000,4.500000,4.500000,4.500000,96.000000,96.000000,95.500000,95.500000,95.500000,5.0,103.6747,95.1402,378.5331,387.0676,PENDING_AG03,FALSE,NOT_FOR_ENFORCEMENT,462.9195,5868.5852,482.2078,462.9195,19.2883,0.07530563,0.07229340,19.2883,462.9195,0.07229340,19.2883,19.2883,21.6994,21.6994,21.6994,462.9195,0.07229340,103.6747,95.1402,378.5331,387.0676,0.05911492,0.06044773,0.00301223,38.1151,65.7324,5.1850,160.7359,10.7157,2134.4479,31.0000,38.1151,,12.2634,20.439,40.8781,89.3186,143.0732,204.3903,20.439,-10.2195,7.0,10.0,1.864821,26,28,2,6,1.00000000,0.07530563,0.07530563,0E-8,0.000000,0.954675,0.000000,,2026-07-21,2026-07-27,3,45,43,7,0.428571,,1.000000,3.333333,,,,,,,,GLOBAL_BASELINE_NO_ENTITY_RANKING,,,NOT_APPLICABLE_GLOBAL_BASELINE,HF9g-P5,,,,X 全窗基线 · 不参与实体赏罚,8392929,840,A168_HF9F_20260827_0900,2026-08-27 09:00:00
2026-07-27,104069370,2246,0,34.7463516331,-34.7463516331,-34.7463516331,0E-7,2,1,0.33698391764691931,0.300626750000,-0.7129228851631918,-0.655630731788307,-0.7129228851631918,0.03635716764691931,ELIGIBLE,R03b_20260811_FULL_v1,L1_ELIGIBILITY,v2026-08-11,2026-03-21..2026-08-06,baccarat_bet02_101_all_pairs_incl_sentinel,round_win = game_pnl > 0 (decisive only),COMPATIBILITY_ONLY_NOT_PRODUCTION,6403.3438,6113.1096,482.2078,168,93,-0.07530563,-0.07530563,,-0.07530563,-482.2078,6403.3438,OK,0.0000,19.2883,4.0000,96.0000,AG03-UNRESOLVED,ALL5_LEVELS_bet23_to_bet27,19.2883,19.2883,21.6994,21.6994,21.6994,4.000000,4.000000,4.500000,4.500000,4.500000,96.000000,96.000000,95.500000,95.500000,95.500000,5.0,103.6747,95.1402,378.5331,387.0676,PENDING_AG03,FALSE,NOT_FOR_ENFORCEMENT,462.9195,5868.5852,482.2078,462.9195,19.2883,0.07530563,0.07229340,19.2883,462.9195,0.07229340,19.2883,19.2883,21.6994,21.6994,21.6994,462.9195,0.07229340,103.6747,95.1402,378.5331,387.0676,0.05911492,0.06044773,0.00301223,38.1151,65.7324,5.1850,160.7359,10.7157,2134.4479,31.0000,38.1151,,12.2634,20.439,40.8781,89.3186,143.0732,204.3903,20.439,-10.2195,7.0,10.0,1.864821,26,28,2,6,1.00000000,0.07530563,0.07530563,0E-8,0.000000,0.954675,0.000000,,2026-07-21,2026-07-27,3,45,43,7,0.428571,,1.000000,3.333333,,,,,,,,GLOBAL_BASELINE_NO_ENTITY_RANKING,,,NOT_APPLICABLE_GLOBAL_BASELINE,HF9g-P5,,,,X 全窗基线 · 不参与实体赏罚,8392930,840,A168_HF9F_20260827_0900,2026-08-27 09:00:00
2026-07-27,104069370,2258,0,171.6878551281,94.0195397131,94.0195397131,0.5000000,6,2,0.41762144911774237,0.239117700000,0.23623000662367488,0.8649579792600383,0.23623000662367488,0.17850374911774237,ELIGIBLE,R03b_20260811_FULL_v1,L1_ELIGIBILITY,v2026-08-11,2026-03-21..2026-08-06,baccarat_bet02_101_all_pairs_incl_sentinel,round_win = game_pnl > 0 (decisive only),COMPATIBILITY_ONLY_NOT_PRODUCTION,6403.3438,6113.1096,482.2078,168,93,-0.07530563,-0.07530563,,-0.07530563,-482.2078,6403.3438,OK,0.0000,19.2883,4.0000,96.0000,AG03-UNRESOLVED,ALL5_LEVELS_bet23_to_bet27,19.2883,19.2883,21.6994,21.6994,21.6994,4.000000,4.000000,4.500000,4.500000,4.500000,96.000000,96.000000,95.500000,95.500000,95.500000,5.0,103.6747,95.1402,378.5331,387.0676,PENDING_AG03,FALSE,NOT_FOR_ENFORCEMENT,462.9195,5868.5852,482.2078,462.9195,19.2883,0.07530563,0.07229340,19.2883,462.9195,0.07229340,19.2883,19.2883,21.6994,21.6994,21.6994,462.9195,0.07229340,103.6747,95.1402,378.5331,387.0676,0.05911492,0.06044773,0.00301223,38.1151,65.7324,5.1850,160.7359,10.7157,2134.4479,31.0000,38.1151,,12.2634,20.439,40.8781,89.3186,143.0732,204.3903,20.439,-10.2195,7.0,10.0,1.864821,26,28,2,6,1.00000000,0.07530563,0.07530563,0E-8,0.000000,0.954675,0.000000,,2026-07-21,2026-07-27,3,45,43,7,0.428571,,1.000000,3.333333,,,,,,,,GLOBAL_BASELINE_NO_ENTITY_RANKING,,,NOT_APPLICABLE_GLOBAL_BASELINE,HF9g-P5,,,,X 全窗基线 · 不参与实体赏罚,8392931,840,A168_HF9F_20260827_0900,2026-08-27 09:00:00
2026-07-27,104069370,526,0,10.2195151862,10.2195151862,10.2195151862,1.0000000,1,1,0.49324550000000000,0.493245500000,1.01360149184955,1.01360149184955,1.01360149184955,0E-17,ELIGIBLE,R03b_20260811_FULL_v1,L1_ELIGIBILITY,v2026-08-11,2026-03-21..2026-08-06,baccarat_bet02_101_all_pairs_incl_sentinel,round_win = game_pnl > 0 (decisive only),COMPATIBILITY_ONLY_NOT_PRODUCTION,6403.3438,6113.1096,482.2078,168,93,-0.07530563,-0.07530563,,-0.07530563,-482.2078,6403.3438,OK,0.0000,19.2883,4.0000,96.0000,AG03-UNRESOLVED,ALL5_LEVELS_bet23_to_bet27,19.2883,19.2883,21.6994,21.6994,21.6994,4.000000,4.000000,4.500000,4.500000,4.500000,96.000000,96.000000,95.500000,95.500000,95.500000,5.0,103.6747,95.1402,378.5331,387.0676,PENDING_AG03,FALSE,NOT_FOR_ENFORCEMENT,462.9195,5868.5852,482.2078,462.9195,19.2883,0.07530563,0.07229340,19.2883,462.9195,0.07229340,19.2883,19.2883,21.6994,21.6994,21.6994,462.9195,0.07229340,103.6747,95.1402,378.5331,387.0676,0.05911492,0.06044773,0.00301223,38.1151,65.7324,5.1850,160.7359,10.7157,2134.4479,31.0000,38.1151,,12.2634,20.439,40.8781,89.3186,143.0732,204.3903,20.439,-10.2195,7.0,10.0,1.864821,26,28,2,6,1.00000000,0.07530563,0.07530563,0E-8,0.000000,0.954675,0.000000,,2026-07-21,2026-07-27,3,45,43,7,0.428571,,1.000000,3.333333,,,,,,,,GLOBAL_BASELINE_NO_ENTITY_RANKING,,,NOT_APPLICABLE_GLOBAL_BASELINE,HF9g-P5,,,,X 全窗基线 · 不参与实体赏罚,8392932,840,A168_HF9F_20260827_0900,2026-08-27 09:00:00
2026-07-27,104069370,595,0,81.7561214896,61.3170911172,61.3170911172,1.0000000,2,1,0.44341516250000000,0.293924150000,1.1203672769795072,1.549915577879723,1.1203672769795072,0.14949101250000000,ELIGIBLE,R03b_20260811_FULL_v1,L1_ELIGIBILITY,v2026-08-11,2026-03-21..2026-08-06,baccarat_bet02_101_all_pairs_incl_sentinel,round_win = game_pnl > 0 (decisive only),COMPATIBILITY_ONLY_NOT_PRODUCTION,6403.3438,6113.1096,482.2078,168,93,-0.07530563,-0.07530563,,-0.07530563,-482.2078,6403.3438,OK,0.0000,19.2883,4.0000,96.0000,AG03-UNRESOLVED,ALL5_LEVELS_bet23_to_bet27,19.2883,19.2883,21.6994,21.6994,21.6994,4.000000,4.000000,4.500000,4.500000,4.500000,96.000000,96.000000,95.500000,95.500000,95.500000,5.0,103.6747,95.1402,378.5331,387.0676,PENDING_AG03,FALSE,NOT_FOR_ENFORCEMENT,462.9195,5868.5852,482.2078,462.9195,19.2883,0.07530563,0.07229340,19.2883,462.9195,0.07229340,19.2883,19.2883,21.6994,21.6994,21.6994,462.9195,0.07229340,103.6747,95.1402,378.5331,387.0676,0.05911492,0.06044773,0.00301223,38.1151,65.7324,5.1850,160.7359,10.7157,2134.4479,31.0000,38.1151,,12.2634,20.439,40.8781,89.3186,143.0732,204.3903,20.439,-10.2195,7.0,10.0,1.864821,26,28,2,6,1.00000000,0.07530563,0.07530563,0E-8,0.000000,0.954675,0.000000,,2026-07-21,2026-07-27,3,45,43,7,0.428571,,1.000000,3.333333,,,,,,,,GLOBAL_BASELINE_NO_ENTITY_RANKING,,,NOT_APPLICABLE_GLOBAL_BASELINE,HF9g-P5,,,,X 全窗基线 · 不参与实体赏罚,8392933,840,A168_HF9F_20260827_0900,2026-08-27 09:00:00
2026-07-27,104069370,948,0,28.6146425213,4.0878060745,4.0878060745,1.0000000,2,1,0.32239862857162759,0.293924150000,1.4497414138255365,1.549915577879723,1.4497414138255365,0.02847447857162759,ELIGIBLE,R03b_20260811_FULL_v1,L1_ELIGIBILITY,v2026-08-11,2026-03-21..2026-08-06,baccarat_bet02_101_all_pairs_incl_sentinel,round_win = game_pnl > 0 (decisive only),COMPATIBILITY_ONLY_NOT_PRODUCTION,6403.3438,6113.1096,482.2078,168,93,-0.07530563,-0.07530563,,-0.07530563,-482.2078,6403.3438,OK,0.0000,19.2883,4.0000,96.0000,AG03-UNRESOLVED,ALL5_LEVELS_bet23_to_bet27,19.2883,19.2883,21.6994,21.6994,21.6994,4.000000,4.000000,4.500000,4.500000,4.500000,96.000000,96.000000,95.500000,95.500000,95.500000,5.0,103.6747,95.1402,378.5331,387.0676,PENDING_AG03,FALSE,NOT_FOR_ENFORCEMENT,462.9195,5868.5852,482.2078,462.9195,19.2883,0.07530563,0.07229340,19.2883,462.9195,0.07229340,19.2883,19.2883,21.6994,21.6994,21.6994,462.9195,0.07229340,103.6747,95.1402,378.5331,387.0676,0.05911492,0.06044773,0.00301223,38.1151,65.7324,5.1850,160.7359,10.7157,2134.4479,31.0000,38.1151,,12.2634,20.439,40.8781,89.3186,143.0732,204.3903,20.439,-10.2195,7.0,10.0,1.864821,26,28,2,6,1.00000000,0.07530563,0.07530563,0E-8,0.000000,0.954675,0.000000,,2026-07-21,2026-07-27,3,45,43,7,0.428571,,1.000000,3.333333,,,,,,,,GLOBAL_BASELINE_NO_ENTITY_RANKING,,,NOT_APPLICABLE_GLOBAL_BASELINE,HF9g-P5,,,,X 全窗基线 · 不参与实体赏罚,8392934,840,A168_HF9F_20260827_0900,2026-08-27 09:00:00
2026-03-31,147318574,-1,1,77.4046066103,41.5065989345,41.5065989345,0.7777778,9,9,0.49920336666666667,0.499203366667,1.6714485881530228,1.6714485881510213,1.6714485881530228,-3.3333E-13,SENTINEL_DEALER,R03b_20260811_FULL_v1,L1_ELIGIBILITY,v2026-08-11,2026-03-21..2026-08-06,baccarat_bet02_101_all_pairs_incl_sentinel,round_win = game_pnl > 0 (decisive only),COMPATIBILITY_ONLY_NOT_PRODUCTION,9698.3969,8760.0589,482.2493,1012,1012,-0.04972464,,-0.04972464,-0.04972464,-482.2493,9698.3969,OK,0.0000,19.2900,4.0000,96.0000,AG03-UNRESOLVED,ALL5_LEVELS_bet23_to_bet27,19.2900,19.2900,19.2900,19.2900,19.2900,4.000000,4.000000,4.000000,4.000000,4.000000,96.000000,96.000000,96.000000,96.000000,96.000000,5.0,96.4499,89.0364,385.7994,393.2129,PENDING_AG03,FALSE,NOT_FOR_ENFORCEMENT,462.9593,8409.6566,482.2493,462.9593,19.2900,0.04972464,0.04773565,19.2900,462.9593,0.04773565,19.2900,19.2900,19.2900,19.2900,19.2900,462.9593,0.04773565,96.4499,89.0364,385.7994,393.2129,0.03977971,0.04054411,0.00198899,9.5834,8.6562,0.4765,37.0961,1.0599,746.0305,77.8462,,9.5834,8.0113,10.5412,10.5412,12.6494,13.8722,21.0824,9.1708,0.0,1.315999,2.0,0.909138,29,128,28,2,0E-8,0.04972464,,0E-8,0.000000,0.903248,0.001976,,2026-03-31,2026-05-23,13,455,234,54,0.240741,,,0.000000,,,,,,,,GLOBAL_BASELINE_NO_ENTITY_RANKING,,,NOT_APPLICABLE_GLOBAL_BASELINE,HF9g-P5,,,,X 全窗基线 · 不参与实体赏罚,8392935,840,A168_HF9F_20260827_0900,2026-08-27 09:00:00
2026-03-31,147318574,1115,0,6.6026938991,6.2725592042,6.2725592042,1.0000000,1,1,0.50665070000000000,0.506650700000,0.9867858985152569,0.9867858985152569,0.9867858985152569,0E-17,ELIGIBLE,R03b_20260811_FULL_v1,L1_ELIGIBILITY,v2026-08-11,2026-03-21..2026-08-06,baccarat_bet02_101_all_pairs_incl_sentinel,round_win = game_pnl > 0 (decisive only),COMPATIBILITY_ONLY_NOT_PRODUCTION,9698.3969,8760.0589,482.2493,1012,1012,-0.04972464,,-0.04972464,-0.04972464,-482.2493,9698.3969,OK,0.0000,19.2900,4.0000,96.0000,AG03-UNRESOLVED,ALL5_LEVELS_bet23_to_bet27,19.2900,19.2900,19.2900,19.2900,19.2900,4.000000,4.000000,4.000000,4.000000,4.000000,96.000000,96.000000,96.000000,96.000000,96.000000,5.0,96.4499,89.0364,385.7994,393.2129,PENDING_AG03,FALSE,NOT_FOR_ENFORCEMENT,462.9593,8409.6566,482.2493,462.9593,19.2900,0.04972464,0.04773565,19.2900,462.9593,0.04773565,19.2900,19.2900,19.2900,19.2900,19.2900,462.9593,0.04773565,96.4499,89.0364,385.7994,393.2129,0.03977971,0.04054411,0.00198899,9.5834,8.6562,0.4765,37.0961,1.0599,746.0305,77.8462,,9.5834,8.0113,10.5412,10.5412,12.6494,13.8722,21.0824,9.1708,0.0,1.315999,2.0,0.909138,29,128,28,2,0E-8,0.04972464,,0E-8,0.000000,0.903248,0.001976,,2026-03-31,2026-05-23,13,455,234,54,0.240741,,,0.000000,,,,,,,,GLOBAL_BASELINE_NO_ENTITY_RANKING,,,NOT_APPLICABLE_GLOBAL_BASELINE,HF9g-P5,,,,X 全窗基线 · 不参与实体赏罚,8392936,840,A168_HF9F_20260827_0900,2026-08-27 09:00:00
2026-03-31,147318574,1220,0,22.0089796637,2.2008979664,2.2008979664,0.5000000,3,3,0.49771390000000000,0.497713900000,0.006466134837551399,0.0064661348375514,0.006466134837551399,0E-17,ELIGIBLE,R03b_20260811_FULL_v1,L1_ELIGIBILITY,v2026-08-11,2026-03-21..2026-08-06,baccarat_bet02_101_all_pairs_incl_sentinel,round_win = game_pnl > 0 (decisive only),COMPATIBILITY_ONLY_NOT_PRODUCTION,9698.3969,8760.0589,482.2493,1012,1012,-0.04972464,,-0.04972464,-0.04972464,-482.2493,9698.3969,OK,0.0000,19.2900,4.0000,96.0000,AG03-UNRESOLVED,ALL5_LEVELS_bet23_to_bet27,19.2900,19.2900,19.2900,19.2900,19.2900,4.000000,4.000000,4.000000,4.000000,4.000000,96.000000,96.000000,96.000000,96.000000,96.000000,5.0,96.4499,89.0364,385.7994,393.2129,PENDING_AG03,FALSE,NOT_FOR_ENFORCEMENT,462.9593,8409.6566,482.2493,462.9593,19.2900,0.04972464,0.04773565,19.2900,462.9593,0.04773565,19.2900,19.2900,19.2900,19.2900,19.2900,462.9593,0.04773565,96.4499,89.0364,385.7994,393.2129,0.03977971,0.04054411,0.00198899,9.5834,8.6562,0.4765,37.0961,1.0599,746.0305,77.8462,,9.5834,8.0113,10.5412,10.5412,12.6494,13.8722,21.0824,9.1708,0.0,1.315999,2.0,0.909138,29,128,28,2,0E-8,0.04972464,,0E-8,0.000000,0.903248,0.001976,,2026-03-31,2026-05-23,13,455,234,54,0.240741,,,0.000000,,,,,,,,GLOBAL_BASELINE_NO_ENTITY_RANKING,,,NOT_APPLICABLE_GLOBAL_BASELINE,HF9g-P5,,,,X 全窗基线 · 不参与实体赏罚,8392937,840,A168_HF9F_20260827_0900,2026-08-27 09:00:00
2026-03-31,147318574,1291,0,6.6026938991,-6.6026938991,-6.6026938991,0E-7,1,1,0.49324550000000000,0.493245500000,-0.9865810262130424,-0.9865810262130424,-0.9865810262130424,0E-17,ELIGIBLE,R03b_20260811_FULL_v1,L1_ELIGIBILITY,v2026-08-11,2026-03-21..2026-08-06,baccarat_bet02_101_all_pairs_incl_sentinel,round_win = game_pnl > 0 (decisive only),COMPATIBILITY_ONLY_NOT_PRODUCTION,9698.3969,8760.0589,482.2493,1012,1012,-0.04972464,,-0.04972464,-0.04972464,-482.2493,9698.3969,OK,0.0000,19.2900,4.0000,96.0000,AG03-UNRESOLVED,ALL5_LEVELS_bet23_to_bet27,19.2900,19.2900,19.2900,19.2900,19.2900,4.000000,4.000000,4.000000,4.000000,4.000000,96.000000,96.000000,96.000000,96.000000,96.000000,5.0,96.4499,89.0364,385.7994,393.2129,PENDING_AG03,FALSE,NOT_FOR_ENFORCEMENT,462.9593,8409.6566,482.2493,462.9593,19.2900,0.04972464,0.04773565,19.2900,462.9593,0.04773565,19.2900,19.2900,19.2900,19.2900,19.2900,462.9593,0.04773565,96.4499,89.0364,385.7994,393.2129,0.03977971,0.04054411,0.00198899,9.5834,8.6562,0.4765,37.0961,1.0599,746.0305,77.8462,,9.5834,8.0113,10.5412,10.5412,12.6494,13.8722,21.0824,9.1708,0.0,1.315999,2.0,0.909138,29,128,28,2,0E-8,0.04972464,,0E-8,0.000000,0.903248,0.001976,,2026-03-31,2026-05-23,13,455,234,54,0.240741,,,0.000000,,,,,,,,GLOBAL_BASELINE_NO_ENTITY_RANKING,,,NOT_APPLICABLE_GLOBAL_BASELINE,HF9g-P5,,,,X 全窗基线 · 不参与实体赏罚,8392938,840,A168_HF9F_20260827_0900,2026-08-27 09:00:00
2026-03-31,147318574,1318,0,17.6071837310,0E-10,0E-10,0.5000000,2,2,0.49324550000000000,0.493245500000,0.01910635448239258,0.01910635448239258,0.01910635448239258,0E-17,ELIGIBLE,R03b_20260811_FULL_v1,L1_ELIGIBILITY,v2026-08-11,2026-03-21..2026-08-06,baccarat_bet02_101_all_pairs_incl_sentinel,round_win = game_pnl > 0 (decisive only),COMPATIBILITY_ONLY_NOT_PRODUCTION,9698.3969,8760.0589,482.2493,1012,1012,-0.04972464,,-0.04972464,-0.04972464,-482.2493,9698.3969,OK,0.0000,19.2900,4.0000,96.0000,AG03-UNRESOLVED,ALL5_LEVELS_bet23_to_bet27,19.2900,19.2900,19.2900,19.2900,19.2900,4.000000,4.000000,4.000000,4.000000,4.000000,96.000000,96.000000,96.000000,96.000000,96.000000,5.0,96.4499,89.0364,385.7994,393.2129,PENDING_AG03,FALSE,NOT_FOR_ENFORCEMENT,462.9593,8409.6566,482.2493,462.9593,19.2900,0.04972464,0.04773565,19.2900,462.9593,0.04773565,19.2900,19.2900,19.2900,19.2900,19.2900,462.9593,0.04773565,96.4499,89.0364,385.7994,393.2129,0.03977971,0.04054411,0.00198899,9.5834,8.6562,0.4765,37.0961,1.0599,746.0305,77.8462,,9.5834,8.0113,10.5412,10.5412,12.6494,13.8722,21.0824,9.1708,0.0,1.315999,2.0,0.909138,29,128,28,2,0E-8,0.04972464,,0E-8,0.000000,0.903248,0.001976,,2026-03-31,2026-05-23,13,455,234,54,0.240741,,,0.000000,,,,,,,,GLOBAL_BASELINE_NO_ENTITY_RANKING,,,NOT_APPLICABLE_GLOBAL_BASELINE,HF9g-P5,,,,X 全窗基线 · 不参与实体赏罚,8392939,840,A168_HF9F_20260827_0900,2026-08-27 09:00:00
2026-03-31,147318574,1399,0,10.5411844075,10.5411844075,10.5411844075,1.0000000,1,1,0.49324550000000000,0.493245500000,1.01360149184955,1.01360149184955,1.01360149184955,0E-17,ELIGIBLE,R03b_20260811_FULL_v1,L1_ELIGIBILITY,v2026-08-11,2026-03-21..2026-08-06,baccarat_bet02_101_all_pairs_incl_sentinel,round_win = game_pnl > 0 (decisive only),COMPATIBILITY_ONLY_NOT_PRODUCTION,9698.3969,8760.0589,482.2493,1012,1012,-0.04972464,,-0.04972464,-0.04972464,-482.2493,9698.3969,OK,0.0000,19.2900,4.0000,96.0000,AG03-UNRESOLVED,ALL5_LEVELS_bet23_to_bet27,19.2900,19.2900,19.2900,19.2900,19.2900,4.000000,4.000000,4.000000,4.000000,4.000000,96.000000,96.000000,96.000000,96.000000,96.000000,5.0,96.4499,89.0364,385.7994,393.2129,PENDING_AG03,FALSE,NOT_FOR_ENFORCEMENT,462.9593,8409.6566,482.2493,462.9593,19.2900,0.04972464,0.04773565,19.2900,462.9593,0.04773565,19.2900,19.2900,19.2900,19.2900,19.2900,462.9593,0.04773565,96.4499,89.0364,385.7994,393.2129,0.03977971,0.04054411,0.00198899,9.5834,8.6562,0.4765,37.0961,1.0599,746.0305,77.8462,,9.5834,8.0113,10.5412,10.5412,12.6494,13.8722,21.0824,9.1708,0.0,1.315999,2.0,0.909138,29,128,28,2,0E-8,0.04972464,,0E-8,0.000000,0.903248,0.001976,,2026-03-31,2026-05-23,13,455,234,54,0.240741,,,0.000000,,,,,,,,GLOBAL_BASELINE_NO_ENTITY_RANKING,,,NOT_APPLICABLE_GLOBAL_BASELINE,HF9g-P5,,,,X 全窗基线 · 不参与实体赏罚,8392940,840,A168_HF9F_20260827_0900,2026-08-27 09:00:00
2026-03-31,147318574,1714,0,6.6026938991,6.6026938991,6.6026938991,1.0000000,1,1,0.49324550000000000,0.493245500000,1.01360149184955,1.01360149184955,1.01360149184955,0E-17,ELIGIBLE,R03b_20260811_FULL_v1,L1_ELIGIBILITY,v2026-08-11,2026-03-21..2026-08-06,baccarat_bet02_101_all_pairs_incl_sentinel,round_win = game_pnl > 0 (decisive only),COMPATIBILITY_ONLY_NOT_PRODUCTION,9698.3969,8760.0589,482.2493,1012,1012,-0.04972464,,-0.04972464,-0.04972464,-482.2493,9698.3969,OK,0.0000,19.2900,4.0000,96.0000,AG03-UNRESOLVED,ALL5_LEVELS_bet23_to_bet27,19.2900,19.2900,19.2900,19.2900,19.2900,4.000000,4.000000,4.000000,4.000000,4.000000,96.000000,96.000000,96.000000,96.000000,96.000000,5.0,96.4499,89.0364,385.7994,393.2129,PENDING_AG03,FALSE,NOT_FOR_ENFORCEMENT,462.9593,8409.6566,482.2493,462.9593,19.2900,0.04972464,0.04773565,19.2900,462.9593,0.04773565,19.2900,19.2900,19.2900,19.2900,19.2900,462.9593,0.04773565,96.4499,89.0364,385.7994,393.2129,0.03977971,0.04054411,0.00198899,9.5834,8.6562,0.4765,37.0961,1.0599,746.0305,77.8462,,9.5834,8.0113,10.5412,10.5412,12.6494,13.8722,21.0824,9.1708,0.0,1.315999,2.0,0.909138,29,128,28,2,0E-8,0.04972464,,0E-8,0.000000,0.903248,0.001976,,2026-03-31,2026-05-23,13,455,234,54,0.240741,,,0.000000,,,,,,,,GLOBAL_BASELINE_NO_ENTITY_RANKING,,,NOT_APPLICABLE_GLOBAL_BASELINE,HF9g-P5,,,,X 全窗基线 · 不参与实体赏罚,8392941,840,A168_HF9F_20260827_0900,2026-08-27 09:00:00
2026-03-31,147318574,2106,0,36.8941454262,-6.0611810343,-6.0611810343,0.3333333,3,3,0.50665070000000000,0.506650700000,-0.6004420894325239,-0.6004420894325239,-0.6004420894325239,0E-17,ELIGIBLE,R03b_20260811_FULL_v1,L1_ELIGIBILITY,v2026-08-11,2026-03-21..2026-08-06,baccarat_bet02_101_all_pairs_incl_sentinel,round_win = game_pnl > 0 (decisive only),COMPATIBILITY_ONLY_NOT_PRODUCTION,9698.3969,8760.0589,482.2493,1012,1012,-0.04972464,,-0.04972464,-0.04972464,-482.2493,9698.3969,OK,0.0000,19.2900,4.0000,96.0000,AG03-UNRESOLVED,ALL5_LEVELS_bet23_to_bet27,19.2900,19.2900,19.2900,19.2900,19.2900,4.000000,4.000000,4.000000,4.000000,4.000000,96.000000,96.000000,96.000000,96.000000,96.000000,5.0,96.4499,89.0364,385.7994,393.2129,PENDING_AG03,FALSE,NOT_FOR_ENFORCEMENT,462.9593,8409.6566,482.2493,462.9593,19.2900,0.04972464,0.04773565,19.2900,462.9593,0.04773565,19.2900,19.2900,19.2900,19.2900,19.2900,462.9593,0.04773565,96.4499,89.0364,385.7994,393.2129,0.03977971,0.04054411,0.00198899,9.5834,8.6562,0.4765,37.0961,1.0599,746.0305,77.8462,,9.5834,8.0113,10.5412,10.5412,12.6494,13.8722,21.0824,9.1708,0.0,1.315999,2.0,0.909138,29,128,28,2,0E-8,0.04972464,,0E-8,0.000000,0.903248,0.001976,,2026-03-31,2026-05-23,13,455,234,54,0.240741,,,0.000000,,,,,,,,GLOBAL_BASELINE_NO_ENTITY_RANKING,,,NOT_APPLICABLE_GLOBAL_BASELINE,HF9g-P5,,,,X 全窗基线 · 不参与实体赏罚,8392942,840,A168_HF9F_20260827_0900,2026-08-27 09:00:00
2026-03-31,147318574,2152,0,2.1082368815,2.0028250374,2.0028250374,1.0000000,1,1,0.50665070000000000,0.506650700000,0.9867858985152569,0.9867858985152569,0.9867858985152569,0E-17,ELIGIBLE,R03b_20260811_FULL_v1,L1_ELIGIBILITY,v2026-08-11,2026-03-21..2026-08-06,baccarat_bet02_101_all_pairs_incl_sentinel,round_win = game_pnl > 0 (decisive only),COMPATIBILITY_ONLY_NOT_PRODUCTION,9698.3969,8760.0589,482.2493,1012,1012,-0.04972464,,-0.04972464,-0.04972464,-482.2493,9698.3969,OK,0.0000,19.2900,4.0000,96.0000,AG03-UNRESOLVED,ALL5_LEVELS_bet23_to_bet27,19.2900,19.2900,19.2900,19.2900,19.2900,4.000000,4.000000,4.000000,4.000000,4.000000,96.000000,96.000000,96.000000,96.000000,96.000000,5.0,96.4499,89.0364,385.7994,393.2129,PENDING_AG03,FALSE,NOT_FOR_ENFORCEMENT,462.9593,8409.6566,482.2493,462.9593,19.2900,0.04972464,0.04773565,19.2900,462.9593,0.04773565,19.2900,19.2900,19.2900,19.2900,19.2900,462.9593,0.04773565,96.4499,89.0364,385.7994,393.2129,0.03977971,0.04054411,0.00198899,9.5834,8.6562,0.4765,37.0961,1.0599,746.0305,77.8462,,9.5834,8.0113,10.5412,10.5412,12.6494,13.8722,21.0824,9.1708,0.0,1.315999,2.0,0.909138,29,128,28,2,0E-8,0.04972464,,0E-8,0.000000,0.903248,0.001976,,2026-03-31,2026-05-23,13,455,234,54,0.240741,,,0.000000,,,,,,,,GLOBAL_BASELINE_NO_ENTITY_RANKING,,,NOT_APPLICABLE_GLOBAL_BASELINE,HF9g-P5,,,,X 全窗基线 · 不参与实体赏罚,8392943,840,A168_HF9F_20260827_0900,2026-08-27 09:00:00
2026-03-31,147318574,2175,0,10.5411844075,10.5411844075,10.5411844075,1.0000000,1,1,0.49324550000000000,0.493245500000,1.01360149184955,1.01360149184955,1.01360149184955,0E-17,ELIGIBLE,R03b_20260811_FULL_v1,L1_ELIGIBILITY,v2026-08-11,2026-03-21..2026-08-06,baccarat_bet02_101_all_pairs_incl_sentinel,round_win = game_pnl > 0 (decisive only),COMPATIBILITY_ONLY_NOT_PRODUCTION,9698.3969,8760.0589,482.2493,1012,1012,-0.04972464,,-0.04972464,-0.04972464,-482.2493,9698.3969,OK,0.0000,19.2900,4.0000,96.0000,AG03-UNRESOLVED,ALL5_LEVELS_bet23_to_bet27,19.2900,19.2900,19.2900,19.2900,19.2900,4.000000,4.000000,4.000000,4.000000,4.000000,96.000000,96.000000,96.000000,96.000000,96.000000,5.0,96.4499,89.0364,385.7994,393.2129,PENDING_AG03,FALSE,NOT_FOR_ENFORCEMENT,462.9593,8409.6566,482.2493,462.9593,19.2900,0.04972464,0.04773565,19.2900,462.9593,0.04773565,19.2900,19.2900,19.2900,19.2900,19.2900,462.9593,0.04773565,96.4499,89.0364,385.7994,393.2129,0.03977971,0.04054411,0.00198899,9.5834,8.6562,0.4765,37.0961,1.0599,746.0305,77.8462,,9.5834,8.0113,10.5412,10.5412,12.6494,13.8722,21.0824,9.1708,0.0,1.315999,2.0,0.909138,29,128,28,2,0E-8,0.04972464,,0E-8,0.000000,0.903248,0.001976,,2026-03-31,2026-05-23,13,455,234,54,0.240741,,,0.000000,,,,,,,,GLOBAL_BASELINE_NO_ENTITY_RANKING,,,NOT_APPLICABLE_GLOBAL_BASELINE,HF9g-P5,,,,X 全窗基线 · 不参与实体赏罚,8392944,840,A168_HF9F_20260827_0900,2026-08-27 09:00:00
2026-03-31,147318574,948,0,10.5411844075,10.0141251871,10.0141251871,1.0000000,1,1,0.50665070000000000,0.506650700000,0.9867858985152569,0.9867858985152569,0.9867858985152569,0E-17,ELIGIBLE,R03b_20260811_FULL_v1,L1_ELIGIBILITY,v2026-08-11,2026-03-21..2026-08-06,baccarat_bet02_101_all_pairs_incl_sentinel,round_win = game_pnl > 0 (decisive only),COMPATIBILITY_ONLY_NOT_PRODUCTION,9698.3969,8760.0589,482.2493,1012,1012,-0.04972464,,-0.04972464,-0.04972464,-482.2493,9698.3969,OK,0.0000,19.2900,4.0000,96.0000,AG03-UNRESOLVED,ALL5_LEVELS_bet23_to_bet27,19.2900,19.2900,19.2900,19.2900,19.2900,4.000000,4.000000,4.000000,4.000000,4.000000,96.000000,96.000000,96.000000,96.000000,96.000000,5.0,96.4499,89.0364,385.7994,393.2129,PENDING_AG03,FALSE,NOT_FOR_ENFORCEMENT,462.9593,8409.6566,482.2493,462.9593,19.2900,0.04972464,0.04773565,19.2900,462.9593,0.04773565,19.2900,19.2900,19.2900,19.2900,19.2900,462.9593,0.04773565,96.4499,89.0364,385.7994,393.2129,0.03977971,0.04054411,0.00198899,9.5834,8.6562,0.4765,37.0961,1.0599,746.0305,77.8462,,9.5834,8.0113,10.5412,10.5412,12.6494,13.8722,21.0824,9.1708,0.0,1.315999,2.0,0.909138,29,128,28,2,0E-8,0.04972464,,0E-8,0.000000,0.903248,0.001976,,2026-03-31,2026-05-23,13,455,234,54,0.240741,,,0.000000,,,,,,,,GLOBAL_BASELINE_NO_ENTITY_RANKING,,,NOT_APPLICABLE_GLOBAL_BASELINE,HF9g-P5,,,,X 全窗基线 · 不参与实体赏罚,8392945,840,A168_HF9F_20260827_0900,2026-08-27 09:00:00
2026-04-01,147318574,-1,1,539.0761705994,-18.5524845572,-18.5524845572,0.4888889,49,49,0.49762270816326531,0.497622708163,-0.11717780607631025,-0.11717780607275101,-0.11717780607631025,2.6531E-13,SENTINEL_DEALER,R03b_20260811_FULL_v1,L1_ELIGIBILITY,v2026-08-11,2026-03-21..2026-08-06,baccarat_bet02_101_all_pairs_incl_sentinel,round_win = game_pnl > 0 (decisive only),COMPATIBILITY_ONLY_NOT_PRODUCTION,9698.3969,8760.0589,482.2493,1012,1012,-0.04972464,,-0.04972464,-0.04972464,-482.2493,9698.3969,OK,0.0000,19.2900,4.0000,96.0000,AG03-UNRESOLVED,ALL5_LEVELS_bet23_to_bet27,19.2900,19.2900,19.2900,19.2900,19.2900,4.000000,4.000000,4.000000,4.000000,4.000000,96.000000,96.000000,96.000000,96.000000,96.000000,5.0,96.4499,89.0364,385.7994,393.2129,PENDING_AG03,FALSE,NOT_FOR_ENFORCEMENT,462.9593,8409.6566,482.2493,462.9593,19.2900,0.04972464,0.04773565,19.2900,462.9593,0.04773565,19.2900,19.2900,19.2900,19.2900,19.2900,462.9593,0.04773565,96.4499,89.0364,385.7994,393.2129,0.03977971,0.04054411,0.00198899,9.5834,8.6562,0.4765,37.0961,1.0599,746.0305,77.8462,,9.5834,8.0113,10.5412,10.5412,12.6494,13.8722,21.0824,9.1708,0.0,1.315999,2.0,0.909138,29,128,28,2,0E-8,0.04972464,,0E-8,0.000000,0.903248,0.001976,,2026-03-31,2026-05-23,13,455,234,54,0.240741,,,0.000000,,,,,,,,GLOBAL_BASELINE_NO_ENTITY_RANKING,,,NOT_APPLICABLE_GLOBAL_BASELINE,HF9g-P5,,,,X 全窗基线 · 不参与实体赏罚,8392946,840,A168_HF9F_20260827_0900,2026-08-27 09:00:00
2026-04-01,147318574,1004,0,10.5411844075,-10.5411844075,-10.5411844075,0E-7,1,1,0.49324550000000000,0.493245500000,-0.9865810262130424,-0.9865810262130424,-0.9865810262130424,0E-17,ELIGIBLE,R03b_20260811_FULL_v1,L1_ELIGIBILITY,v2026-08-11,2026-03-21..2026-08-06,baccarat_bet02_101_all_pairs_incl_sentinel,round_win = game_pnl > 0 (decisive only),COMPATIBILITY_ONLY_NOT_PRODUCTION,9698.3969,8760.0589,482.2493,1012,1012,-0.04972464,,-0.04972464,-0.04972464,-482.2493,9698.3969,OK,0.0000,19.2900,4.0000,96.0000,AG03-UNRESOLVED,ALL5_LEVELS_bet23_to_bet27,19.2900,19.2900,19.2900,19.2900,19.2900,4.000000,4.000000,4.000000,4.000000,4.000000,96.000000,96.000000,96.000000,96.000000,96.000000,5.0,96.4499,89.0364,385.7994,393.2129,PENDING_AG03,FALSE,NOT_FOR_ENFORCEMENT,462.9593,8409.6566,482.2493,462.9593,19.2900,0.04972464,0.04773565,19.2900,462.9593,0.04773565,19.2900,19.2900,19.2900,19.2900,19.2900,462.9593,0.04773565,96.4499,89.0364,385.7994,393.2129,0.03977971,0.04054411,0.00198899,9.5834,8.6562,0.4765,37.0961,1.0599,746.0305,77.8462,,9.5834,8.0113,10.5412,10.5412,12.6494,13.8722,21.0824,9.1708,0.0,1.315999,2.0,0.909138,29,128,28,2,0E-8,0.04972464,,0E-8,0.000000,0.903248,0.001976,,2026-03-31,2026-05-23,13,455,234,54,0.240741,,,0.000000,,,,,,,,GLOBAL_BASELINE_NO_ENTITY_RANKING,,,NOT_APPLICABLE_GLOBAL_BASELINE,HF9g-P5,,,,X 全窗基线 · 不参与实体赏罚,8392947,840,A168_HF9F_20260827_0900,2026-08-27 09:00:00
2026-04-01,147318574,1017,0,10.5411844075,10.5411844075,10.5411844075,1.0000000,1,1,0.49324550000000000,0.493245500000,1.01360149184955,1.01360149184955,1.01360149184955,0E-17,ELIGIBLE,R03b_20260811_FULL_v1,L1_ELIGIBILITY,v2026-08-11,2026-03-21..2026-08-06,baccarat_bet02_101_all_pairs_incl_sentinel,round_win = game_pnl > 0 (decisive only),COMPATIBILITY_ONLY_NOT_PRODUCTION,9698.3969,8760.0589,482.2493,1012,1012,-0.04972464,,-0.04972464,-0.04972464,-482.2493,9698.3969,OK,0.0000,19.2900,4.0000,96.0000,AG03-UNRESOLVED,ALL5_LEVELS_bet23_to_bet27,19.2900,19.2900,19.2900,19.2900,19.2900,4.000000,4.000000,4.000000,4.000000,4.000000,96.000000,96.000000,96.000000,96.000000,96.000000,5.0,96.4499,89.0364,385.7994,393.2129,PENDING_AG03,FALSE,NOT_FOR_ENFORCEMENT,462.9593,8409.6566,482.2493,462.9593,19.2900,0.04972464,0.04773565,19.2900,462.9593,0.04773565,19.2900,19.2900,19.2900,19.2900,19.2900,462.9593,0.04773565,96.4499,89.0364,385.7994,393.2129,0.03977971,0.04054411,0.00198899,9.5834,8.6562,0.4765,37.0961,1.0599,746.0305,77.8462,,9.5834,8.0113,10.5412,10.5412,12.6494,13.8722,21.0824,9.1708,0.0,1.315999,2.0,0.909138,29,128,28,2,0E-8,0.04972464,,0E-8,0.000000,0.903248,0.001976,,2026-03-31,2026-05-23,13,455,234,54,0.240741,,,0.000000,,,,,,,,GLOBAL_BASELINE_NO_ENTITY_RANKING,,,NOT_APPLICABLE_GLOBAL_BASELINE,HF9g-P5,,,,X 全窗基线 · 不参与实体赏罚,8392948,840,A168_HF9F_20260827_0900,2026-08-27 09:00:00
2026-04-01,147318574,1157,0,26.3529610187,-3.7421204647,-3.7421204647,0.5000000,2,2,0.50665070000000000,0.506650700000,-0.018812684590367487,-0.018812684590367487,-0.018812684590367487,0E-17,ELIGIBLE,R03b_20260811_FULL_v1,L1_ELIGIBILITY,v2026-08-11,2026-03-21..2026-08-06,baccarat_bet02_101_all_pairs_incl_sentinel,round_win = game_pnl > 0 (decisive only),COMPATIBILITY_ONLY_NOT_PRODUCTION,9698.3969,8760.0589,482.2493,1012,1012,-0.04972464,,-0.04972464,-0.04972464,-482.2493,9698.3969,OK,0.0000,19.2900,4.0000,96.0000,AG03-UNRESOLVED,ALL5_LEVELS_bet23_to_bet27,19.2900,19.2900,19.2900,19.2900,19.2900,4.000000,4.000000,4.000000,4.000000,4.000000,96.000000,96.000000,96.000000,96.000000,96.000000,5.0,96.4499,89.0364,385.7994,393.2129,PENDING_AG03,FALSE,NOT_FOR_ENFORCEMENT,462.9593,8409.6566,482.2493,462.9593,19.2900,0.04972464,0.04773565,19.2900,462.9593,0.04773565,19.2900,19.2900,19.2900,19.2900,19.2900,462.9593,0.04773565,96.4499,89.0364,385.7994,393.2129,0.03977971,0.04054411,0.00198899,9.5834,8.6562,0.4765,37.0961,1.0599,746.0305,77.8462,,9.5834,8.0113,10.5412,10.5412,12.6494,13.8722,21.0824,9.1708,0.0,1.315999,2.0,0.909138,29,128,28,2,0E-8,0.04972464,,0E-8,0.000000,0.903248,0.001976,,2026-03-31,2026-05-23,13,455,234,54,0.240741,,,0.000000,,,,,,,,GLOBAL_BASELINE_NO_ENTITY_RANKING,,,NOT_APPLICABLE_GLOBAL_BASELINE,HF9g-P5,,,,X 全窗基线 · 不参与实体赏罚,8392949,840,A168_HF9F_20260827_0900,2026-08-27 09:00:00
2026-04-01,147318574,1299,0,36.2616743618,-7.4842409294,-7.4842409294,0.3333333,3,3,0.50665070000000000,0.506650700000,-0.6004420894325239,-0.6004420894325239,-0.6004420894325239,0E-17,ELIGIBLE,R03b_20260811_FULL_v1,L1_ELIGIBILITY,v2026-08-11,2026-03-21..2026-08-06,baccarat_bet02_101_all_pairs_incl_sentinel,round_win = game_pnl > 0 (decisive only),COMPATIBILITY_ONLY_NOT_PRODUCTION,9698.3969,8760.0589,482.2493,1012,1012,-0.04972464,,-0.04972464,-0.04972464,-482.2493,9698.3969,OK,0.0000,19.2900,4.0000,96.0000,AG03-UNRESOLVED,ALL5_LEVELS_bet23_to_bet27,19.2900,19.2900,19.2900,19.2900,19.2900,4.000000,4.000000,4.000000,4.000000,4.000000,96.000000,96.000000,96.000000,96.000000,96.000000,5.0,96.4499,89.0364,385.7994,393.2129,PENDING_AG03,FALSE,NOT_FOR_ENFORCEMENT,462.9593,8409.6566,482.2493,462.9593,19.2900,0.04972464,0.04773565,19.2900,462.9593,0.04773565,19.2900,19.2900,19.2900,19.2900,19.2900,462.9593,0.04773565,96.4499,89.0364,385.7994,393.2129,0.03977971,0.04054411,0.00198899,9.5834,8.6562,0.4765,37.0961,1.0599,746.0305,77.8462,,9.5834,8.0113,10.5412,10.5412,12.6494,13.8722,21.0824,9.1708,0.0,1.315999,2.0,0.909138,29,128,28,2,0E-8,0.04972464,,0E-8,0.000000,0.903248,0.001976,,2026-03-31,2026-05-23,13,455,234,54,0.240741,,,0.000000,,,,,,,,GLOBAL_BASELINE_NO_ENTITY_RANKING,,,NOT_APPLICABLE_GLOBAL_BASELINE,HF9g-P5,,,,X 全窗基线 · 不参与实体赏罚,8392950,840,A168_HF9F_20260827_0900,2026-08-27 09:00:00
2026-04-01,147318574,1302,0,16.8658950520,0E-10,0E-10,0.5000000,2,2,0.49324550000000000,0.493245500000,0.01910635448239258,0.01910635448239258,0.01910635448239258,0E-17,ELIGIBLE,R03b_20260811_FULL_v1,L1_ELIGIBILITY,v2026-08-11,2026-03-21..2026-08-06,baccarat_bet02_101_all_pairs_incl_sentinel,round_win = game_pnl > 0 (decisive only),COMPATIBILITY_ONLY_NOT_PRODUCTION,9698.3969,8760.0589,482.2493,1012,1012,-0.04972464,,-0.04972464,-0.04972464,-482.2493,9698.3969,OK,0.0000,19.2900,4.0000,96.0000,AG03-UNRESOLVED,ALL5_LEVELS_bet23_to_bet27,19.2900,19.2900,19.2900,19.2900,19.2900,4.000000,4.000000,4.000000,4.000000,4.000000,96.000000,96.000000,96.000000,96.000000,96.000000,5.0,96.4499,89.0364,385.7994,393.2129,PENDING_AG03,FALSE,NOT_FOR_ENFORCEMENT,462.9593,8409.6566,482.2493,462.9593,19.2900,0.04972464,0.04773565,19.2900,462.9593,0.04773565,19.2900,19.2900,19.2900,19.2900,19.2900,462.9593,0.04773565,96.4499,89.0364,385.7994,393.2129,0.03977971,0.04054411,0.00198899,9.5834,8.6562,0.4765,37.0961,1.0599,746.0305,77.8462,,9.5834,8.0113,10.5412,10.5412,12.6494,13.8722,21.0824,9.1708,0.0,1.315999,2.0,0.909138,29,128,28,2,0E-8,0.04972464,,0E-8,0.000000,0.903248,0.001976,,2026-03-31,2026-05-23,13,455,234,54,0.240741,,,0.000000,,,,,,,,GLOBAL_BASELINE_NO_ENTITY_RANKING,,,NOT_APPLICABLE_GLOBAL_BASELINE,HF9g-P5,,,,X 全窗基线 · 不参与实体赏罚,8392951,840,A168_HF9F_20260827_0900,2026-08-27 09:00:00
2026-04-01,147318574,1304,0,6.3247106445,6.3247106445,6.3247106445,1.0000000,1,1,0.49324550000000000,0.493245500000,1.01360149184955,1.01360149184955,1.01360149184955,0E-17,ELIGIBLE,R03b_20260811_FULL_v1,L1_ELIGIBILITY,v2026-08-11,2026-03-21..2026-08-06,baccarat_bet02_101_all_pairs_incl_sentinel,round_win = game_pnl > 0 (decisive only),COMPATIBILITY_ONLY_NOT_PRODUCTION,9698.3969,8760.0589,482.2493,1012,1012,-0.04972464,,-0.04972464,-0.04972464,-482.2493,9698.3969,OK,0.0000,19.2900,4.0000,96.0000,AG03-UNRESOLVED,ALL5_LEVELS_bet23_to_bet27,19.2900,19.2900,19.2900,19.2900,19.2900,4.000000,4.000000,4.000000,4.000000,4.000000,96.000000,96.000000,96.000000,96.000000,96.000000,5.0,96.4499,89.0364,385.7994,393.2129,PENDING_AG03,FALSE,NOT_FOR_ENFORCEMENT,462.9593,8409.6566,482.2493,462.9593,19.2900,0.04972464,0.04773565,19.2900,462.9593,0.04773565,19.2900,19.2900,19.2900,19.2900,19.2900,462.9593,0.04773565,96.4499,89.0364,385.7994,393.2129,0.03977971,0.04054411,0.00198899,9.5834,8.6562,0.4765,37.0961,1.0599,746.0305,77.8462,,9.5834,8.0113,10.5412,10.5412,12.6494,13.8722,21.0824,9.1708,0.0,1.315999,2.0,0.909138,29,128,28,2,0E-8,0.04972464,,0E-8,0.000000,0.903248,0.001976,,2026-03-31,2026-05-23,13,455,234,54,0.240741,,,0.000000,,,,,,,,GLOBAL_BASELINE_NO_ENTITY_RANKING,,,NOT_APPLICABLE_GLOBAL_BASELINE,HF9g-P5,,,,X 全窗基线 · 不参与实体赏罚,8392952,840,A168_HF9F_20260827_0900,2026-08-27 09:00:00
2026-04-01,147318574,1401,0,37.9482638670,-37.9482638670,-37.9482638670,0E-7,3,3,0.49324550000000000,0.493245500000,-1.708808463184432,-1.7088084631844318,-1.708808463184432,0E-17,ELIGIBLE,R03b_20260811_FULL_v1,L1_ELIGIBILITY,v2026-08-11,2026-03-21..2026-08-06,baccarat_bet02_101_all_pairs_incl_sentinel,round_win = game_pnl > 0 (decisive only),COMPATIBILITY_ONLY_NOT_PRODUCTION,9698.3969,8760.0589,482.2493,1012,1012,-0.04972464,,-0.04972464,-0.04972464,-482.2493,9698.3969,OK,0.0000,19.2900,4.0000,96.0000,AG03-UNRESOLVED,ALL5_LEVELS_bet23_to_bet27,19.2900,19.2900,19.2900,19.2900,19.2900,4.000000,4.000000,4.000000,4.000000,4.000000,96.000000,96.000000,96.000000,96.000000,96.000000,5.0,96.4499,89.0364,385.7994,393.2129,PENDING_AG03,FALSE,NOT_FOR_ENFORCEMENT,462.9593,8409.6566,482.2493,462.9593,19.2900,0.04972464,0.04773565,19.2900,462.9593,0.04773565,19.2900,19.2900,19.2900,19.2900,19.2900,462.9593,0.04773565,96.4499,89.0364,385.7994,393.2129,0.03977971,0.04054411,0.00198899,9.5834,8.6562,0.4765,37.0961,1.0599,746.0305,77.8462,,9.5834,8.0113,10.5412,10.5412,12.6494,13.8722,21.0824,9.1708,0.0,1.315999,2.0,0.909138,29,128,28,2,0E-8,0.04972464,,0E-8,0.000000,0.903248,0.001976,,2026-03-31,2026-05-23,13,455,234,54,0.240741,,,0.000000,,,,,,,,GLOBAL_BASELINE_NO_ENTITY_RANKING,,,NOT_APPLICABLE_GLOBAL_BASELINE,HF9g-P5,,,,X 全窗基线 · 不参与实体赏罚,8392953,840,A168_HF9F_20260827_0900,2026-08-27 09:00:00
2026-04-01,147318574,1505,0,16.8658950520,10.0141251871,10.0141251871,1.0000000,2,2,0.50665070000000000,0.506650700000,0.9867858985152569,0.9867858985152569,0.9867858985152569,0E-17,ELIGIBLE,R03b_20260811_FULL_v1,L1_ELIGIBILITY,v2026-08-11,2026-03-21..2026-08-06,baccarat_bet02_101_all_pairs_incl_sentinel,round_win = game_pnl > 0 (decisive only),COMPATIBILITY_ONLY_NOT_PRODUCTION,9698.3969,8760.0589,482.2493,1012,1012,-0.04972464,,-0.04972464,-0.04972464,-482.2493,9698.3969,OK,0.0000,19.2900,4.0000,96.0000,AG03-UNRESOLVED,ALL5_LEVELS_bet23_to_bet27,19.2900,19.2900,19.2900,19.2900,19.2900,4.000000,4.000000,4.000000,4.000000,4.000000,96.000000,96.000000,96.000000,96.000000,96.000000,5.0,96.4499,89.0364,385.7994,393.2129,PENDING_AG03,FALSE,NOT_FOR_ENFORCEMENT,462.9593,8409.6566,482.2493,462.9593,19.2900,0.04972464,0.04773565,19.2900,462.9593,0.04773565,19.2900,19.2900,19.2900,19.2900,19.2900,462.9593,0.04773565,96.4499,89.0364,385.7994,393.2129,0.03977971,0.04054411,0.00198899,9.5834,8.6562,0.4765,37.0961,1.0599,746.0305,77.8462,,9.5834,8.0113,10.5412,10.5412,12.6494,13.8722,21.0824,9.1708,0.0,1.315999,2.0,0.909138,29,128,28,2,0E-8,0.04972464,,0E-8,0.000000,0.903248,0.001976,,2026-03-31,2026-05-23,13,455,234,54,0.240741,,,0.000000,,,,,,,,GLOBAL_BASELINE_NO_ENTITY_RANKING,,,NOT_APPLICABLE_GLOBAL_BASELINE,HF9g-P5,,,,X 全窗基线 · 不参与实体赏罚,8392954,840,A168_HF9F_20260827_0900,2026-08-27 09:00:00
2026-04-01,147318574,1507,0,16.8658950520,-0.4216473763,-0.4216473763,0.5000000,2,2,0.49994810000000000,0.499948100000,0.00014679536856514622,0.00014679536856514622,0.00014679536856514622,0E-17,ELIGIBLE,R03b_20260811_FULL_v1,L1_ELIGIBILITY,v2026-08-11,2026-03-21..2026-08-06,baccarat_bet02_101_all_pairs_incl_sentinel,round_win = game_pnl > 0 (decisive only),COMPATIBILITY_ONLY_NOT_PRODUCTION,9698.3969,8760.0589,482.2493,1012,1012,-0.04972464,,-0.04972464,-0.04972464,-482.2493,9698.3969,OK,0.0000,19.2900,4.0000,96.0000,AG03-UNRESOLVED,ALL5_LEVELS_bet23_to_bet27,19.2900,19.2900,19.2900,19.2900,19.2900,4.000000,4.000000,4.000000,4.000000,4.000000,96.000000,96.000000,96.000000,96.000000,96.000000,5.0,96.4499,89.0364,385.7994,393.2129,PENDING_AG03,FALSE,NOT_FOR_ENFORCEMENT,462.9593,8409.6566,482.2493,462.9593,19.2900,0.04972464,0.04773565,19.2900,462.9593,0.04773565,19.2900,19.2900,19.2900,19.2900,19.2900,462.9593,0.04773565,96.4499,89.0364,385.7994,393.2129,0.03977971,0.04054411,0.00198899,9.5834,8.6562,0.4765,37.0961,1.0599,746.0305,77.8462,,9.5834,8.0113,10.5412,10.5412,12.6494,13.8722,21.0824,9.1708,0.0,1.315999,2.0,0.909138,29,128,28,2,0E-8,0.04972464,,0E-8,0.000000,0.903248,0.001976,,2026-03-31,2026-05-23,13,455,234,54,0.240741,,,0.000000,,,,,,,,GLOBAL_BASELINE_NO_ENTITY_RANKING,,,NOT_APPLICABLE_GLOBAL_BASELINE,HF9g-P5,,,,X 全窗基线 · 不参与实体赏罚,8392955,840,A168_HF9F_20260827_0900,2026-08-27 09:00:00
2026-04-01,147318574,1509,0,50.5976851560,-9.4870659668,-9.4870659668,0.3333333,3,3,0.50665070000000000,0.506650700000,-0.6004420894325239,-0.6004420894325239,-0.6004420894325239,0E-17,ELIGIBLE,R03b_20260811_FULL_v1,L1_ELIGIBILITY,v2026-08-11,2026-03-21..2026-08-06,baccarat_bet02_101_all_pairs_incl_sentinel,round_win = game_pnl > 0 (decisive only),COMPATIBILITY_ONLY_NOT_PRODUCTION,9698.3969,8760.0589,482.2493,1012,1012,-0.04972464,,-0.04972464,-0.04972464,-482.2493,9698.3969,OK,0.0000,19.2900,4.0000,96.0000,AG03-UNRESOLVED,ALL5_LEVELS_bet23_to_bet27,19.2900,19.2900,19.2900,19.2900,19.2900,4.000000,4.000000,4.000000,4.000000,4.000000,96.000000,96.000000,96.000000,96.000000,96.000000,5.0,96.4499,89.0364,385.7994,393.2129,PENDING_AG03,FALSE,NOT_FOR_ENFORCEMENT,462.9593,8409.6566,482.2493,462.9593,19.2900,0.04972464,0.04773565,19.2900,462.9593,0.04773565,19.2900,19.2900,19.2900,19.2900,19.2900,462.9593,0.04773565,96.4499,89.0364,385.7994,393.2129,0.03977971,0.04054411,0.00198899,9.5834,8.6562,0.4765,37.0961,1.0599,746.0305,77.8462,,9.5834,8.0113,10.5412,10.5412,12.6494,13.8722,21.0824,9.1708,0.0,1.315999,2.0,0.909138,29,128,28,2,0E-8,0.04972464,,0E-8,0.000000,0.903248,0.001976,,2026-03-31,2026-05-23,13,455,234,54,0.240741,,,0.000000,,,,,,,,GLOBAL_BASELINE_NO_ENTITY_RANKING,,,NOT_APPLICABLE_GLOBAL_BASELINE,HF9g-P5,,,,X 全窗基线 · 不参与实体赏罚,8392956,840,A168_HF9F_20260827_0900,2026-08-27 09:00:00
2026-04-01,147318574,1623,0,21.0823688150,0E-10,0E-10,0.5000000,2,2,0.49324550000000000,0.493245500000,0.01910635448239258,0.01910635448239258,0.01910635448239258,0E-17,ELIGIBLE,R03b_20260811_FULL_v1,L1_ELIGIBILITY,v2026-08-11,2026-03-21..2026-08-06,baccarat_bet02_101_all_pairs_incl_sentinel,round_win = game_pnl > 0 (decisive only),COMPATIBILITY_ONLY_NOT_PRODUCTION,9698.3969,8760.0589,482.2493,1012,1012,-0.04972464,,-0.04972464,-0.04972464,-482.2493,9698.3969,OK,0.0000,19.2900,4.0000,96.0000,AG03-UNRESOLVED,ALL5_LEVELS_bet23_to_bet27,19.2900,19.2900,19.2900,19.2900,19.2900,4.000000,4.000000,4.000000,4.000000,4.000000,96.000000,96.000000,96.000000,96.000000,96.000000,5.0,96.4499,89.0364,385.7994,393.2129,PENDING_AG03,FALSE,NOT_FOR_ENFORCEMENT,462.9593,8409.6566,482.2493,462.9593,19.2900,0.04972464,0.04773565,19.2900,462.9593,0.04773565,19.2900,19.2900,19.2900,19.2900,19.2900,462.9593,0.04773565,96.4499,89.0364,385.7994,393.2129,0.03977971,0.04054411,0.00198899,9.5834,8.6562,0.4765,37.0961,1.0599,746.0305,77.8462,,9.5834,8.0113,10.5412,10.5412,12.6494,13.8722,21.0824,9.1708,0.0,1.315999,2.0,0.909138,29,128,28,2,0E-8,0.04972464,,0E-8,0.000000,0.903248,0.001976,,2026-03-31,2026-05-23,13,455,234,54,0.240741,,,0.000000,,,,,,,,GLOBAL_BASELINE_NO_ENTITY_RANKING,,,NOT_APPLICABLE_GLOBAL_BASELINE,HF9g-P5,,,,X 全窗基线 · 不参与实体赏罚,8392957,840,A168_HF9F_20260827_0900,2026-08-27 09:00:00
2026-04-01,147318574,1710,0,69.5718170895,-25.2988425780,-25.2988425780,0.3333333,7,7,0.49324550000000000,0.493245500000,-0.783477916903833,-0.7834779169038328,-0.783477916903833,0E-17,ELIGIBLE,R03b_20260811_FULL_v1,L1_ELIGIBILITY,v2026-08-11,2026-03-21..2026-08-06,baccarat_bet02_101_all_pairs_incl_sentinel,round_win = game_pnl > 0 (decisive only),COMPATIBILITY_ONLY_NOT_PRODUCTION,9698.3969,8760.0589,482.2493,1012,1012,-0.04972464,,-0.04972464,-0.04972464,-482.2493,9698.3969,OK,0.0000,19.2900,4.0000,96.0000,AG03-UNRESOLVED,ALL5_LEVELS_bet23_to_bet27,19.2900,19.2900,19.2900,19.2900,19.2900,4.000000,4.000000,4.000000,4.000000,4.000000,96.000000,96.000000,96.000000,96.000000,96.000000,5.0,96.4499,89.0364,385.7994,393.2129,PENDING_AG03,FALSE,NOT_FOR_ENFORCEMENT,462.9593,8409.6566,482.2493,462.9593,19.2900,0.04972464,0.04773565,19.2900,462.9593,0.04773565,19.2900,19.2900,19.2900,19.2900,19.2900,462.9593,0.04773565,96.4499,89.0364,385.7994,393.2129,0.03977971,0.04054411,0.00198899,9.5834,8.6562,0.4765,37.0961,1.0599,746.0305,77.8462,,9.5834,8.0113,10.5412,10.5412,12.6494,13.8722,21.0824,9.1708,0.0,1.315999,2.0,0.909138,29,128,28,2,0E-8,0.04972464,,0E-8,0.000000,0.903248,0.001976,,2026-03-31,2026-05-23,13,455,234,54,0.240741,,,0.000000,,,,,,,,GLOBAL_BASELINE_NO_ENTITY_RANKING,,,NOT_APPLICABLE_GLOBAL_BASELINE,HF9g-P5,,,,X 全窗基线 · 不参与实体赏罚,8392958,840,A168_HF9F_20260827_0900,2026-08-27 09:00:00
2026-04-01,147318574,1935,0,21.9256635676,3.3731790104,3.3731790104,0.5000000,2,2,0.49324550000000000,0.493245500000,0.01910635448239258,0.01910635448239258,0.01910635448239258,0E-17,ELIGIBLE,R03b_20260811_FULL_v1,L1_ELIGIBILITY,v2026-08-11,2026-03-21..2026-08-06,baccarat_bet02_101_all_pairs_incl_sentinel,round_win = game_pnl > 0 (decisive only),COMPATIBILITY_ONLY_NOT_PRODUCTION,9698.3969,8760.0589,482.2493,1012,1012,-0.04972464,,-0.04972464,-0.04972464,-482.2493,9698.3969,OK,0.0000,19.2900,4.0000,96.0000,AG03-UNRESOLVED,ALL5_LEVELS_bet23_to_bet27,19.2900,19.2900,19.2900,19.2900,19.2900,4.000000,4.000000,4.000000,4.000000,4.000000,96.000000,96.000000,96.000000,96.000000,96.000000,5.0,96.4499,89.0364,385.7994,393.2129,PENDING_AG03,FALSE,NOT_FOR_ENFORCEMENT,462.9593,8409.6566,482.2493,462.9593,19.2900,0.04972464,0.04773565,19.2900,462.9593,0.04773565,19.2900,19.2900,19.2900,19.2900,19.2900,462.9593,0.04773565,96.4499,89.0364,385.7994,393.2129,0.03977971,0.04054411,0.00198899,9.5834,8.6562,0.4765,37.0961,1.0599,746.0305,77.8462,,9.5834,8.0113,10.5412,10.5412,12.6494,13.8722,21.0824,9.1708,0.0,1.315999,2.0,0.909138,29,128,28,2,0E-8,0.04972464,,0E-8,0.000000,0.903248,0.001976,,2026-03-31,2026-05-23,13,455,234,54,0.240741,,,0.000000,,,,,,,,GLOBAL_BASELINE_NO_ENTITY_RANKING,,,NOT_APPLICABLE_GLOBAL_BASELINE,HF9g-P5,,,,X 全窗基线 · 不参与实体赏罚,8392959,840,A168_HF9F_20260827_0900,2026-08-27 09:00:00
2026-04-01,147318574,1947,0,37.9482638670,29.5153163410,29.5153163410,1.0000000,4,4,0.49324550000000000,0.493245500000,1.755609282511032,1.7556092825110319,1.755609282511032,0E-17,ELIGIBLE,R03b_20260811_FULL_v1,L1_ELIGIBILITY,v2026-08-11,2026-03-21..2026-08-06,baccarat_bet02_101_all_pairs_incl_sentinel,round_win = game_pnl > 0 (decisive only),COMPATIBILITY_ONLY_NOT_PRODUCTION,9698.3969,8760.0589,482.2493,1012,1012,-0.04972464,,-0.04972464,-0.04972464,-482.2493,9698.3969,OK,0.0000,19.2900,4.0000,96.0000,AG03-UNRESOLVED,ALL5_LEVELS_bet23_to_bet27,19.2900,19.2900,19.2900,19.2900,19.2900,4.000000,4.000000,4.000000,4.000000,4.000000,96.000000,96.000000,96.000000,96.000000,96.000000,5.0,96.4499,89.0364,385.7994,393.2129,PENDING_AG03,FALSE,NOT_FOR_ENFORCEMENT,462.9593,8409.6566,482.2493,462.9593,19.2900,0.04972464,0.04773565,19.2900,462.9593,0.04773565,19.2900,19.2900,19.2900,19.2900,19.2900,462.9593,0.04773565,96.4499,89.0364,385.7994,393.2129,0.03977971,0.04054411,0.00198899,9.5834,8.6562,0.4765,37.0961,1.0599,746.0305,77.8462,,9.5834,8.0113,10.5412,10.5412,12.6494,13.8722,21.0824,9.1708,0.0,1.315999,2.0,0.909138,29,128,28,2,0E-8,0.04972464,,0E-8,0.000000,0.903248,0.001976,,2026-03-31,2026-05-23,13,455,234,54,0.240741,,,0.000000,,,,,,,,GLOBAL_BASELINE_NO_ENTITY_RANKING,,,NOT_APPLICABLE_GLOBAL_BASELINE,HF9g-P5,,,,X 全窗基线 · 不参与实体赏罚,8392960,840,A168_HF9F_20260827_0900,2026-08-27 09:00:00
2026-04-01,147318574,1966,0,10.5411844075,10.0141251871,10.0141251871,1.0000000,1,1,0.50665070000000000,0.506650700000,0.9867858985152569,0.9867858985152569,0.9867858985152569,0E-17,ELIGIBLE,R03b_20260811_FULL_v1,L1_ELIGIBILITY,v2026-08-11,2026-03-21..2026-08-06,baccarat_bet02_101_all_pairs_incl_sentinel,round_win = game_pnl > 0 (decisive only),COMPATIBILITY_ONLY_NOT_PRODUCTION,9698.3969,8760.0589,482.2493,1012,1012,-0.04972464,,-0.04972464,-0.04972464,-482.2493,9698.3969,OK,0.0000,19.2900,4.0000,96.0000,AG03-UNRESOLVED,ALL5_LEVELS_bet23_to_bet27,19.2900,19.2900,19.2900,19.2900,19.2900,4.000000,4.000000,4.000000,4.000000,4.000000,96.000000,96.000000,96.000000,96.000000,96.000000,5.0,96.4499,89.0364,385.7994,393.2129,PENDING_AG03,FALSE,NOT_FOR_ENFORCEMENT,462.9593,8409.6566,482.2493,462.9593,19.2900,0.04972464,0.04773565,19.2900,462.9593,0.04773565,19.2900,19.2900,19.2900,19.2900,19.2900,462.9593,0.04773565,96.4499,89.0364,385.7994,393.2129,0.03977971,0.04054411,0.00198899,9.5834,8.6562,0.4765,37.0961,1.0599,746.0305,77.8462,,9.5834,8.0113,10.5412,10.5412,12.6494,13.8722,21.0824,9.1708,0.0,1.315999,2.0,0.909138,29,128,28,2,0E-8,0.04972464,,0E-8,0.000000,0.903248,0.001976,,2026-03-31,2026-05-23,13,455,234,54,0.240741,,,0.000000,,,,,,,,GLOBAL_BASELINE_NO_ENTITY_RANKING,,,NOT_APPLICABLE_GLOBAL_BASELINE,HF9g-P5,,,,X 全窗基线 · 不参与实体赏罚,8392961,840,A168_HF9F_20260827_0900,2026-08-27 09:00:00
2026-04-01,147318574,2121,0,8.4329475260,8.0113001497,8.0113001497,1.0000000,1,1,0.50665070000000000,0.506650700000,0.9867858985152569,0.9867858985152569,0.9867858985152569,0E-17,ELIGIBLE,R03b_20260811_FULL_v1,L1_ELIGIBILITY,v2026-08-11,2026-03-21..2026-08-06,baccarat_bet02_101_all_pairs_incl_sentinel,round_win = game_pnl > 0 (decisive only),COMPATIBILITY_ONLY_NOT_PRODUCTION,9698.3969,8760.0589,482.2493,1012,1012,-0.04972464,,-0.04972464,-0.04972464,-482.2493,9698.3969,OK,0.0000,19.2900,4.0000,96.0000,AG03-UNRESOLVED,ALL5_LEVELS_bet23_to_bet27,19.2900,19.2900,19.2900,19.2900,19.2900,4.000000,4.000000,4.000000,4.000000,4.000000,96.000000,96.000000,96.000000,96.000000,96.000000,5.0,96.4499,89.0364,385.7994,393.2129,PENDING_AG03,FALSE,NOT_FOR_ENFORCEMENT,462.9593,8409.6566,482.2493,462.9593,19.2900,0.04972464,0.04773565,19.2900,462.9593,0.04773565,19.2900,19.2900,19.2900,19.2900,19.2900,462.9593,0.04773565,96.4499,89.0364,385.7994,393.2129,0.03977971,0.04054411,0.00198899,9.5834,8.6562,0.4765,37.0961,1.0599,746.0305,77.8462,,9.5834,8.0113,10.5412,10.5412,12.6494,13.8722,21.0824,9.1708,0.0,1.315999,2.0,0.909138,29,128,28,2,0E-8,0.04972464,,0E-8,0.000000,0.903248,0.001976,,2026-03-31,2026-05-23,13,455,234,54,0.240741,,,0.000000,,,,,,,,GLOBAL_BASELINE_NO_ENTITY_RANKING,,,NOT_APPLICABLE_GLOBAL_BASELINE,HF9g-P5,,,,X 全窗基线 · 不参与实体赏罚,8392962,840,A168_HF9F_20260827_0900,2026-08-27 09:00:00
2026-04-01,147318574,2123,0,16.8658950520,16.8658950520,16.8658950520,1.0000000,1,1,0.49324550000000000,0.493245500000,1.01360149184955,1.01360149184955,1.01360149184955,0E-17,ELIGIBLE,R03b_20260811_FULL_v1,L1_ELIGIBILITY,v2026-08-11,2026-03-21..2026-08-06,baccarat_bet02_101_all_pairs_incl_sentinel,round_win = game_pnl > 0 (decisive only),COMPATIBILITY_ONLY_NOT_PRODUCTION,9698.3969,8760.0589,482.2493,1012,1012,-0.04972464,,-0.04972464,-0.04972464,-482.2493,9698.3969,OK,0.0000,19.2900,4.0000,96.0000,AG03-UNRESOLVED,ALL5_LEVELS_bet23_to_bet27,19.2900,19.2900,19.2900,19.2900,19.2900,4.000000,4.000000,4.000000,4.000000,4.000000,96.000000,96.000000,96.000000,96.000000,96.000000,5.0,96.4499,89.0364,385.7994,393.2129,PENDING_AG03,FALSE,NOT_FOR_ENFORCEMENT,462.9593,8409.6566,482.2493,462.9593,19.2900,0.04972464,0.04773565,19.2900,462.9593,0.04773565,19.2900,19.2900,19.2900,19.2900,19.2900,462.9593,0.04773565,96.4499,89.0364,385.7994,393.2129,0.03977971,0.04054411,0.00198899,9.5834,8.6562,0.4765,37.0961,1.0599,746.0305,77.8462,,9.5834,8.0113,10.5412,10.5412,12.6494,13.8722,21.0824,9.1708,0.0,1.315999,2.0,0.909138,29,128,28,2,0E-8,0.04972464,,0E-8,0.000000,0.903248,0.001976,,2026-03-31,2026-05-23,13,455,234,54,0.240741,,,0.000000,,,,,,,,GLOBAL_BASELINE_NO_ENTITY_RANKING,,,NOT_APPLICABLE_GLOBAL_BASELINE,HF9g-P5,,,,X 全窗基线 · 不参与实体赏罚,8392963,840,A168_HF9F_20260827_0900,2026-08-27 09:00:00
2026-04-01,147318574,2152,0,81.7995910021,-22.1891931778,-22.1891931778,0.3333333,6,6,0.50665070000000000,0.506650700000,-0.8491533462951141,-0.8491533462951141,-0.8491533462951141,0E-17,ELIGIBLE,R03b_20260811_FULL_v1,L1_ELIGIBILITY,v2026-08-11,2026-03-21..2026-08-06,baccarat_bet02_101_all_pairs_incl_sentinel,round_win = game_pnl > 0 (decisive only),COMPATIBILITY_ONLY_NOT_PRODUCTION,9698.3969,8760.0589,482.2493,1012,1012,-0.04972464,,-0.04972464,-0.04972464,-482.2493,9698.3969,OK,0.0000,19.2900,4.0000,96.0000,AG03-UNRESOLVED,ALL5_LEVELS_bet23_to_bet27,19.2900,19.2900,19.2900,19.2900,19.2900,4.000000,4.000000,4.000000,4.000000,4.000000,96.000000,96.000000,96.000000,96.000000,96.000000,5.0,96.4499,89.0364,385.7994,393.2129,PENDING_AG03,FALSE,NOT_FOR_ENFORCEMENT,462.9593,8409.6566,482.2493,462.9593,19.2900,0.04972464,0.04773565,19.2900,462.9593,0.04773565,19.2900,19.2900,19.2900,19.2900,19.2900,462.9593,0.04773565,96.4499,89.0364,385.7994,393.2129,0.03977971,0.04054411,0.00198899,9.5834,8.6562,0.4765,37.0961,1.0599,746.0305,77.8462,,9.5834,8.0113,10.5412,10.5412,12.6494,13.8722,21.0824,9.1708,0.0,1.315999,2.0,0.909138,29,128,28,2,0E-8,0.04972464,,0E-8,0.000000,0.903248,0.001976,,2026-03-31,2026-05-23,13,455,234,54,0.240741,,,0.000000,,,,,,,,GLOBAL_BASELINE_NO_ENTITY_RANKING,,,NOT_APPLICABLE_GLOBAL_BASELINE,HF9g-P5,,,,X 全窗基线 · 不参与实体赏罚,8392964,840,A168_HF9F_20260827_0900,2026-08-27 09:00:00
2026-04-01,147318574,2167,0,8.4329475260,-8.4329475260,-8.4329475260,0E-7,1,1,0.49324550000000000,0.493245500000,-0.9865810262130424,-0.9865810262130424,-0.9865810262130424,0E-17,ELIGIBLE,R03b_20260811_FULL_v1,L1_ELIGIBILITY,v2026-08-11,2026-03-21..2026-08-06,baccarat_bet02_101_all_pairs_incl_sentinel,round_win = game_pnl > 0 (decisive only),COMPATIBILITY_ONLY_NOT_PRODUCTION,9698.3969,8760.0589,482.2493,1012,1012,-0.04972464,,-0.04972464,-0.04972464,-482.2493,9698.3969,OK,0.0000,19.2900,4.0000,96.0000,AG03-UNRESOLVED,ALL5_LEVELS_bet23_to_bet27,19.2900,19.2900,19.2900,19.2900,19.2900,4.000000,4.000000,4.000000,4.000000,4.000000,96.000000,96.000000,96.000000,96.000000,96.000000,5.0,96.4499,89.0364,385.7994,393.2129,PENDING_AG03,FALSE,NOT_FOR_ENFORCEMENT,462.9593,8409.6566,482.2493,462.9593,19.2900,0.04972464,0.04773565,19.2900,462.9593,0.04773565,19.2900,19.2900,19.2900,19.2900,19.2900,462.9593,0.04773565,96.4499,89.0364,385.7994,393.2129,0.03977971,0.04054411,0.00198899,9.5834,8.6562,0.4765,37.0961,1.0599,746.0305,77.8462,,9.5834,8.0113,10.5412,10.5412,12.6494,13.8722,21.0824,9.1708,0.0,1.315999,2.0,0.909138,29,128,28,2,0E-8,0.04972464,,0E-8,0.000000,0.903248,0.001976,,2026-03-31,2026-05-23,13,455,234,54,0.240741,,,0.000000,,,,,,,,GLOBAL_BASELINE_NO_ENTITY_RANKING,,,NOT_APPLICABLE_GLOBAL_BASELINE,HF9g-P5,,,,X 全窗基线 · 不参与实体赏罚,8392965,840,A168_HF9F_20260827_0900,2026-08-27 09:00:00
2026-04-01,147318574,2174,0,45.7487403285,-16.2334239875,-16.2334239875,0.2500000,4,4,0.49994810000000000,0.499948100000,-0.9997924053861017,-0.9997924053861017,-0.9997924053861017,0E-17,ELIGIBLE,R03b_20260811_FULL_v1,L1_ELIGIBILITY,v2026-08-11,2026-03-21..2026-08-06,baccarat_bet02_101_all_pairs_incl_sentinel,round_win = game_pnl > 0 (decisive only),COMPATIBILITY_ONLY_NOT_PRODUCTION,9698.3969,8760.0589,482.2493,1012,1012,-0.04972464,,-0.04972464,-0.04972464,-482.2493,9698.3969,OK,0.0000,19.2900,4.0000,96.0000,AG03-UNRESOLVED,ALL5_LEVELS_bet23_to_bet27,19.2900,19.2900,19.2900,19.2900,19.2900,4.000000,4.000000,4.000000,4.000000,4.000000,96.000000,96.000000,96.000000,96.000000,96.000000,5.0,96.4499,89.0364,385.7994,393.2129,PENDING_AG03,FALSE,NOT_FOR_ENFORCEMENT,462.9593,8409.6566,482.2493,462.9593,19.2900,0.04972464,0.04773565,19.2900,462.9593,0.04773565,19.2900,19.2900,19.2900,19.2900,19.2900,462.9593,0.04773565,96.4499,89.0364,385.7994,393.2129,0.03977971,0.04054411,0.00198899,9.5834,8.6562,0.4765,37.0961,1.0599,746.0305,77.8462,,9.5834,8.0113,10.5412,10.5412,12.6494,13.8722,21.0824,9.1708,0.0,1.315999,2.0,0.909138,29,128,28,2,0E-8,0.04972464,,0E-8,0.000000,0.903248,0.001976,,2026-03-31,2026-05-23,13,455,234,54,0.240741,,,0.000000,,,,,,,,GLOBAL_BASELINE_NO_ENTITY_RANKING,,,NOT_APPLICABLE_GLOBAL_BASELINE,HF9g-P5,,,,X 全窗基线 · 不参与实体赏罚,8392966,840,A168_HF9F_20260827_0900,2026-08-27 09:00:00
2026-04-01,147318574,2175,0,45.5379166404,-24.4555478254,-24.4555478254,0.2500000,4,4,0.49324550000000000,0.493245500000,-0.9730707933947887,-0.9730707933947887,-0.9730707933947887,0E-17,ELIGIBLE,R03b_20260811_FULL_v1,L1_ELIGIBILITY,v2026-08-11,2026-03-21..2026-08-06,baccarat_bet02_101_all_pairs_incl_sentinel,round_win = game_pnl > 0 (decisive only),COMPATIBILITY_ONLY_NOT_PRODUCTION,9698.3969,8760.0589,482.2493,1012,1012,-0.04972464,,-0.04972464,-0.04972464,-482.2493,9698.3969,OK,0.0000,19.2900,4.0000,96.0000,AG03-UNRESOLVED,ALL5_LEVELS_bet23_to_bet27,19.2900,19.2900,19.2900,19.2900,19.2900,4.000000,4.000000,4.000000,4.000000,4.000000,96.000000,96.000000,96.000000,96.000000,96.000000,5.0,96.4499,89.0364,385.7994,393.2129,PENDING_AG03,FALSE,NOT_FOR_ENFORCEMENT,462.9593,8409.6566,482.2493,462.9593,19.2900,0.04972464,0.04773565,19.2900,462.9593,0.04773565,19.2900,19.2900,19.2900,19.2900,19.2900,462.9593,0.04773565,96.4499,89.0364,385.7994,393.2129,0.03977971,0.04054411,0.00198899,9.5834,8.6562,0.4765,37.0961,1.0599,746.0305,77.8462,,9.5834,8.0113,10.5412,10.5412,12.6494,13.8722,21.0824,9.1708,0.0,1.315999,2.0,0.909138,29,128,28,2,0E-8,0.04972464,,0E-8,0.000000,0.903248,0.001976,,2026-03-31,2026-05-23,13,455,234,54,0.240741,,,0.000000,,,,,,,,GLOBAL_BASELINE_NO_ENTITY_RANKING,,,NOT_APPLICABLE_GLOBAL_BASELINE,HF9g-P5,,,,X 全窗基线 · 不参与实体赏罚,8392967,840,A168_HF9F_20260827_0900,2026-08-27 09:00:00
2026-04-01,147318574,2188,0,21.0823688150,0E-10,0E-10,0.5000000,2,2,0.49324550000000000,0.493245500000,0.01910635448239258,0.01910635448239258,0.01910635448239258,0E-17,ELIGIBLE,R03b_20260811_FULL_v1,L1_ELIGIBILITY,v2026-08-11,2026-03-21..2026-08-06,baccarat_bet02_101_all_pairs_incl_sentinel,round_win = game_pnl > 0 (decisive only),COMPATIBILITY_ONLY_NOT_PRODUCTION,9698.3969,8760.0589,482.2493,1012,1012,-0.04972464,,-0.04972464,-0.04972464,-482.2493,9698.3969,OK,0.0000,19.2900,4.0000,96.0000,AG03-UNRESOLVED,ALL5_LEVELS_bet23_to_bet27,19.2900,19.2900,19.2900,19.2900,19.2900,4.000000,4.000000,4.000000,4.000000,4.000000,96.000000,96.000000,96.000000,96.000000,96.000000,5.0,96.4499,89.0364,385.7994,393.2129,PENDING_AG03,FALSE,NOT_FOR_ENFORCEMENT,462.9593,8409.6566,482.2493,462.9593,19.2900,0.04972464,0.04773565,19.2900,462.9593,0.04773565,19.2900,19.2900,19.2900,19.2900,19.2900,462.9593,0.04773565,96.4499,89.0364,385.7994,393.2129,0.03977971,0.04054411,0.00198899,9.5834,8.6562,0.4765,37.0961,1.0599,746.0305,77.8462,,9.5834,8.0113,10.5412,10.5412,12.6494,13.8722,21.0824,9.1708,0.0,1.315999,2.0,0.909138,29,128,28,2,0E-8,0.04972464,,0E-8,0.000000,0.903248,0.001976,,2026-03-31,2026-05-23,13,455,234,54,0.240741,,,0.000000,,,,,,,,GLOBAL_BASELINE_NO_ENTITY_RANKING,,,NOT_APPLICABLE_GLOBAL_BASELINE,HF9g-P5,,,,X 全窗基线 · 不参与实体赏罚,8392968,840,A168_HF9F_20260827_0900,2026-08-27 09:00:00
2026-04-01,147318574,2209,0,14.7576581705,14.0197752620,14.0197752620,1.0000000,2,2,0.50665070000000000,0.506650700000,1.3955260008387969,1.3955260008387969,1.3955260008387969,0E-17,ELIGIBLE,R03b_20260811_FULL_v1,L1_ELIGIBILITY,v2026-08-11,2026-03-21..2026-08-06,baccarat_bet02_101_all_pairs_incl_sentinel,round_win = game_pnl > 0 (decisive only),COMPATIBILITY_ONLY_NOT_PRODUCTION,9698.3969,8760.0589,482.2493,1012,1012,-0.04972464,,-0.04972464,-0.04972464,-482.2493,9698.3969,OK,0.0000,19.2900,4.0000,96.0000,AG03-UNRESOLVED,ALL5_LEVELS_bet23_to_bet27,19.2900,19.2900,19.2900,19.2900,19.2900,4.000000,4.000000,4.000000,4.000000,4.000000,96.000000,96.000000,96.000000,96.000000,96.000000,5.0,96.4499,89.0364,385.7994,393.2129,PENDING_AG03,FALSE,NOT_FOR_ENFORCEMENT,462.9593,8409.6566,482.2493,462.9593,19.2900,0.04972464,0.04773565,19.2900,462.9593,0.04773565,19.2900,19.2900,19.2900,19.2900,19.2900,462.9593,0.04773565,96.4499,89.0364,385.7994,393.2129,0.03977971,0.04054411,0.00198899,9.5834,8.6562,0.4765,37.0961,1.0599,746.0305,77.8462,,9.5834,8.0113,10.5412,10.5412,12.6494,13.8722,21.0824,9.1708,0.0,1.315999,2.0,0.909138,29,128,28,2,0E-8,0.04972464,,0E-8,0.000000,0.903248,0.001976,,2026-03-31,2026-05-23,13,455,234,54,0.240741,,,0.000000,,,,,,,,GLOBAL_BASELINE_NO_ENTITY_RANKING,,,NOT_APPLICABLE_GLOBAL_BASELINE,HF9g-P5,,,,X 全窗基线 · 不参与实体赏罚,8392969,840,A168_HF9F_20260827_0900,2026-08-27 09:00:00
2026-04-01,147318574,2220,0,10.5411844075,10.0141251871,10.0141251871,1.0000000,1,1,0.50665070000000000,0.506650700000,0.9867858985152569,0.9867858985152569,0.9867858985152569,0E-17,ELIGIBLE,R03b_20260811_FULL_v1,L1_ELIGIBILITY,v2026-08-11,2026-03-21..2026-08-06,baccarat_bet02_101_all_pairs_incl_sentinel,round_win = game_pnl > 0 (decisive only),COMPATIBILITY_ONLY_NOT_PRODUCTION,9698.3969,8760.0589,482.2493,1012,1012,-0.04972464,,-0.04972464,-0.04972464,-482.2493,9698.3969,OK,0.0000,19.2900,4.0000,96.0000,AG03-UNRESOLVED,ALL5_LEVELS_bet23_to_bet27,19.2900,19.2900,19.2900,19.2900,19.2900,4.000000,4.000000,4.000000,4.000000,4.000000,96.000000,96.000000,96.000000,96.000000,96.000000,5.0,96.4499,89.0364,385.7994,393.2129,PENDING_AG03,FALSE,NOT_FOR_ENFORCEMENT,462.9593,8409.6566,482.2493,462.9593,19.2900,0.04972464,0.04773565,19.2900,462.9593,0.04773565,19.2900,19.2900,19.2900,19.2900,19.2900,462.9593,0.04773565,96.4499,89.0364,385.7994,393.2129,0.03977971,0.04054411,0.00198899,9.5834,8.6562,0.4765,37.0961,1.0599,746.0305,77.8462,,9.5834,8.0113,10.5412,10.5412,12.6494,13.8722,21.0824,9.1708,0.0,1.315999,2.0,0.909138,29,128,28,2,0E-8,0.04972464,,0E-8,0.000000,0.903248,0.001976,,2026-03-31,2026-05-23,13,455,234,54,0.240741,,,0.000000,,,,,,,,GLOBAL_BASELINE_NO_ENTITY_RANKING,,,NOT_APPLICABLE_GLOBAL_BASELINE,HF9g-P5,,,,X 全窗基线 · 不参与实体赏罚,8392970,840,A168_HF9F_20260827_0900,2026-08-27 09:00:00
2026-04-01,147318574,2244,0,56.9223958005,-3.4785908545,-3.4785908545,0.5000000,6,6,0.50441650000000000,0.504416500000,-0.02163718700157003,-0.02163718700157003,-0.02163718700157003,0E-17,ELIGIBLE,R03b_20260811_FULL_v1,L1_ELIGIBILITY,v2026-08-11,2026-03-21..2026-08-06,baccarat_bet02_101_all_pairs_incl_sentinel,round_win = game_pnl > 0 (decisive only),COMPATIBILITY_ONLY_NOT_PRODUCTION,9698.3969,8760.0589,482.2493,1012,1012,-0.04972464,,-0.04972464,-0.04972464,-482.2493,9698.3969,OK,0.0000,19.2900,4.0000,96.0000,AG03-UNRESOLVED,ALL5_LEVELS_bet23_to_bet27,19.2900,19.2900,19.2900,19.2900,19.2900,4.000000,4.000000,4.000000,4.000000,4.000000,96.000000,96.000000,96.000000,96.000000,96.000000,5.0,96.4499,89.0364,385.7994,393.2129,PENDING_AG03,FALSE,NOT_FOR_ENFORCEMENT,462.9593,8409.6566,482.2493,462.9593,19.2900,0.04972464,0.04773565,19.2900,462.9593,0.04773565,19.2900,19.2900,19.2900,19.2900,19.2900,462.9593,0.04773565,96.4499,89.0364,385.7994,393.2129,0.03977971,0.04054411,0.00198899,9.5834,8.6562,0.4765,37.0961,1.0599,746.0305,77.8462,,9.5834,8.0113,10.5412,10.5412,12.6494,13.8722,21.0824,9.1708,0.0,1.315999,2.0,0.909138,29,128,28,2,0E-8,0.04972464,,0E-8,0.000000,0.903248,0.001976,,2026-03-31,2026-05-23,13,455,234,54,0.240741,,,0.000000,,,,,,,,GLOBAL_BASELINE_NO_ENTITY_RANKING,,,NOT_APPLICABLE_GLOBAL_BASELINE,HF9g-P5,,,,X 全窗基线 · 不参与实体赏罚,8392971,840,A168_HF9F_20260827_0900,2026-08-27 09:00:00
2026-04-01,147318574,2251,0,10.5411844075,10.0141251871,10.0141251871,1.0000000,1,1,0.50665070000000000,0.506650700000,0.9867858985152569,0.9867858985152569,0.9867858985152569,0E-17,ELIGIBLE,R03b_20260811_FULL_v1,L1_ELIGIBILITY,v2026-08-11,2026-03-21..2026-08-06,baccarat_bet02_101_all_pairs_incl_sentinel,round_win = game_pnl > 0 (decisive only),COMPATIBILITY_ONLY_NOT_PRODUCTION,9698.3969,8760.0589,482.2493,1012,1012,-0.04972464,,-0.04972464,-0.04972464,-482.2493,9698.3969,OK,0.0000,19.2900,4.0000,96.0000,AG03-UNRESOLVED,ALL5_LEVELS_bet23_to_bet27,19.2900,19.2900,19.2900,19.2900,19.2900,4.000000,4.000000,4.000000,4.000000,4.000000,96.000000,96.000000,96.000000,96.000000,96.000000,5.0,96.4499,89.0364,385.7994,393.2129,PENDING_AG03,FALSE,NOT_FOR_ENFORCEMENT,462.9593,8409.6566,482.2493,462.9593,19.2900,0.04972464,0.04773565,19.2900,462.9593,0.04773565,19.2900,19.2900,19.2900,19.2900,19.2900,462.9593,0.04773565,96.4499,89.0364,385.7994,393.2129,0.03977971,0.04054411,0.00198899,9.5834,8.6562,0.4765,37.0961,1.0599,746.0305,77.8462,,9.5834,8.0113,10.5412,10.5412,12.6494,13.8722,21.0824,9.1708,0.0,1.315999,2.0,0.909138,29,128,28,2,0E-8,0.04972464,,0E-8,0.000000,0.903248,0.001976,,2026-03-31,2026-05-23,13,455,234,54,0.240741,,,0.000000,,,,,,,,GLOBAL_BASELINE_NO_ENTITY_RANKING,,,NOT_APPLICABLE_GLOBAL_BASELINE,HF9g-P5,,,,X 全窗基线 · 不参与实体赏罚,8392972,840,A168_HF9F_20260827_0900,2026-08-27 09:00:00
2026-04-01,147318574,2256,0,8.4329475260,8.0113001497,8.0113001497,1.0000000,1,1,0.50665070000000000,0.506650700000,0.9867858985152569,0.9867858985152569,0.9867858985152569,0E-17,ELIGIBLE,R03b_20260811_FULL_v1,L1_ELIGIBILITY,v2026-08-11,2026-03-21..2026-08-06,baccarat_bet02_101_all_pairs_incl_sentinel,round_win = game_pnl > 0 (decisive only),COMPATIBILITY_ONLY_NOT_PRODUCTION,9698.3969,8760.0589,482.2493,1012,1012,-0.04972464,,-0.04972464,-0.04972464,-482.2493,9698.3969,OK,0.0000,19.2900,4.0000,96.0000,AG03-UNRESOLVED,ALL5_LEVELS_bet23_to_bet27,19.2900,19.2900,19.2900,19.2900,19.2900,4.000000,4.000000,4.000000,4.000000,4.000000,96.000000,96.000000,96.000000,96.000000,96.000000,5.0,96.4499,89.0364,385.7994,393.2129,PENDING_AG03,FALSE,NOT_FOR_ENFORCEMENT,462.9593,8409.6566,482.2493,462.9593,19.2900,0.04972464,0.04773565,19.2900,462.9593,0.04773565,19.2900,19.2900,19.2900,19.2900,19.2900,462.9593,0.04773565,96.4499,89.0364,385.7994,393.2129,0.03977971,0.04054411,0.00198899,9.5834,8.6562,0.4765,37.0961,1.0599,746.0305,77.8462,,9.5834,8.0113,10.5412,10.5412,12.6494,13.8722,21.0824,9.1708,0.0,1.315999,2.0,0.909138,29,128,28,2,0E-8,0.04972464,,0E-8,0.000000,0.903248,0.001976,,2026-03-31,2026-05-23,13,455,234,54,0.240741,,,0.000000,,,,,,,,GLOBAL_BASELINE_NO_ENTITY_RANKING,,,NOT_APPLICABLE_GLOBAL_BASELINE,HF9g-P5,,,,X 全窗基线 · 不参与实体赏罚,8392973,840,A168_HF9F_20260827_0900,2026-08-27 09:00:00
2026-04-01,147318574,2258,0,50.1760377797,-13.1764805094,-13.1764805094,0.4000000,5,5,0.50665070000000000,0.506650700000,-0.4769986289884125,-0.4769986289884125,-0.4769986289884125,0E-17,ELIGIBLE,R03b_20260811_FULL_v1,L1_ELIGIBILITY,v2026-08-11,2026-03-21..2026-08-06,baccarat_bet02_101_all_pairs_incl_sentinel,round_win = game_pnl > 0 (decisive only),COMPATIBILITY_ONLY_NOT_PRODUCTION,9698.3969,8760.0589,482.2493,1012,1012,-0.04972464,,-0.04972464,-0.04972464,-482.2493,9698.3969,OK,0.0000,19.2900,4.0000,96.0000,AG03-UNRESOLVED,ALL5_LEVELS_bet23_to_bet27,19.2900,19.2900,19.2900,19.2900,19.2900,4.000000,4.000000,4.000000,4.000000,4.000000,96.000000,96.000000,96.000000,96.000000,96.000000,5.0,96.4499,89.0364,385.7994,393.2129,PENDING_AG03,FALSE,NOT_FOR_ENFORCEMENT,462.9593,8409.6566,482.2493,462.9593,19.2900,0.04972464,0.04773565,19.2900,462.9593,0.04773565,19.2900,19.2900,19.2900,19.2900,19.2900,462.9593,0.04773565,96.4499,89.0364,385.7994,393.2129,0.03977971,0.04054411,0.00198899,9.5834,8.6562,0.4765,37.0961,1.0599,746.0305,77.8462,,9.5834,8.0113,10.5412,10.5412,12.6494,13.8722,21.0824,9.1708,0.0,1.315999,2.0,0.909138,29,128,28,2,0E-8,0.04972464,,0E-8,0.000000,0.903248,0.001976,,2026-03-31,2026-05-23,13,455,234,54,0.240741,,,0.000000,,,,,,,,GLOBAL_BASELINE_NO_ENTITY_RANKING,,,NOT_APPLICABLE_GLOBAL_BASELINE,HF9g-P5,,,,X 全窗基线 · 不参与实体赏罚,8392974,840,A168_HF9F_20260827_0900,2026-08-27 09:00:00
2026-04-01,147318574,2266,0,18.9741319335,10.0141251871,10.0141251871,1.0000000,2,2,0.50665070000000000,0.506650700000,0.9867858985152569,0.9867858985152569,0.9867858985152569,0E-17,ELIGIBLE,R03b_20260811_FULL_v1,L1_ELIGIBILITY,v2026-08-11,2026-03-21..2026-08-06,baccarat_bet02_101_all_pairs_incl_sentinel,round_win = game_pnl > 0 (decisive only),COMPATIBILITY_ONLY_NOT_PRODUCTION,9698.3969,8760.0589,482.2493,1012,1012,-0.04972464,,-0.04972464,-0.04972464,-482.2493,9698.3969,OK,0.0000,19.2900,4.0000,96.0000,AG03-UNRESOLVED,ALL5_LEVELS_bet23_to_bet27,19.2900,19.2900,19.2900,19.2900,19.2900,4.000000,4.000000,4.000000,4.000000,4.000000,96.000000,96.000000,96.000000,96.000000,96.000000,5.0,96.4499,89.0364,385.7994,393.2129,PENDING_AG03,FALSE,NOT_FOR_ENFORCEMENT,462.9593,8409.6566,482.2493,462.9593,19.2900,0.04972464,0.04773565,19.2900,462.9593,0.04773565,19.2900,19.2900,19.2900,19.2900,19.2900,462.9593,0.04773565,96.4499,89.0364,385.7994,393.2129,0.03977971,0.04054411,0.00198899,9.5834,8.6562,0.4765,37.0961,1.0599,746.0305,77.8462,,9.5834,8.0113,10.5412,10.5412,12.6494,13.8722,21.0824,9.1708,0.0,1.315999,2.0,0.909138,29,128,28,2,0E-8,0.04972464,,0E-8,0.000000,0.903248,0.001976,,2026-03-31,2026-05-23,13,455,234,54,0.240741,,,0.000000,,,,,,,,GLOBAL_BASELINE_NO_ENTITY_RANKING,,,NOT_APPLICABLE_GLOBAL_BASELINE,HF9g-P5,,,,X 全窗基线 · 不参与实体赏罚,8392975,840,A168_HF9F_20260827_0900,2026-08-27 09:00:00
2026-04-01,147318574,462,0,25.2988425780,-25.2988425780,-25.2988425780,0E-7,2,2,0.49994810000000000,0.499948100000,-1.4140667746232096,-1.4140667746232096,-1.4140667746232096,0E-17,ELIGIBLE,R03b_20260811_FULL_v1,L1_ELIGIBILITY,v2026-08-11,2026-03-21..2026-08-06,baccarat_bet02_101_all_pairs_incl_sentinel,round_win = game_pnl > 0 (decisive only),COMPATIBILITY_ONLY_NOT_PRODUCTION,9698.3969,8760.0589,482.2493,1012,1012,-0.04972464,,-0.04972464,-0.04972464,-482.2493,9698.3969,OK,0.0000,19.2900,4.0000,96.0000,AG03-UNRESOLVED,ALL5_LEVELS_bet23_to_bet27,19.2900,19.2900,19.2900,19.2900,19.2900,4.000000,4.000000,4.000000,4.000000,4.000000,96.000000,96.000000,96.000000,96.000000,96.000000,5.0,96.4499,89.0364,385.7994,393.2129,PENDING_AG03,FALSE,NOT_FOR_ENFORCEMENT,462.9593,8409.6566,482.2493,462.9593,19.2900,0.04972464,0.04773565,19.2900,462.9593,0.04773565,19.2900,19.2900,19.2900,19.2900,19.2900,462.9593,0.04773565,96.4499,89.0364,385.7994,393.2129,0.03977971,0.04054411,0.00198899,9.5834,8.6562,0.4765,37.0961,1.0599,746.0305,77.8462,,9.5834,8.0113,10.5412,10.5412,12.6494,13.8722,21.0824,9.1708,0.0,1.315999,2.0,0.909138,29,128,28,2,0E-8,0.04972464,,0E-8,0.000000,0.903248,0.001976,,2026-03-31,2026-05-23,13,455,234,54,0.240741,,,0.000000,,,,,,,,GLOBAL_BASELINE_NO_ENTITY_RANKING,,,NOT_APPLICABLE_GLOBAL_BASELINE,HF9g-P5,,,,X 全窗基线 · 不参与实体赏罚,8392976,840,A168_HF9F_20260827_0900,2026-08-27 09:00:00
2026-04-01,147318574,526,0,10.5411844075,10.5411844075,10.5411844075,1.0000000,1,1,0.49324550000000000,0.493245500000,1.01360149184955,1.01360149184955,1.01360149184955,0E-17,ELIGIBLE,R03b_20260811_FULL_v1,L1_ELIGIBILITY,v2026-08-11,2026-03-21..2026-08-06,baccarat_bet02_101_all_pairs_incl_sentinel,round_win = game_pnl > 0 (decisive only),COMPATIBILITY_ONLY_NOT_PRODUCTION,9698.3969,8760.0589,482.2493,1012,1012,-0.04972464,,-0.04972464,-0.04972464,-482.2493,9698.3969,OK,0.0000,19.2900,4.0000,96.0000,AG03-UNRESOLVED,ALL5_LEVELS_bet23_to_bet27,19.2900,19.2900,19.2900,19.2900,19.2900,4.000000,4.000000,4.000000,4.000000,4.000000,96.000000,96.000000,96.000000,96.000000,96.000000,5.0,96.4499,89.0364,385.7994,393.2129,PENDING_AG03,FALSE,NOT_FOR_ENFORCEMENT,462.9593,8409.6566,482.2493,462.9593,19.2900,0.04972464,0.04773565,19.2900,462.9593,0.04773565,19.2900,19.2900,19.2900,19.2900,19.2900,462.9593,0.04773565,96.4499,89.0364,385.7994,393.2129,0.03977971,0.04054411,0.00198899,9.5834,8.6562,0.4765,37.0961,1.0599,746.0305,77.8462,,9.5834,8.0113,10.5412,10.5412,12.6494,13.8722,21.0824,9.1708,0.0,1.315999,2.0,0.909138,29,128,28,2,0E-8,0.04972464,,0E-8,0.000000,0.903248,0.001976,,2026-03-31,2026-05-23,13,455,234,54,0.240741,,,0.000000,,,,,,,,GLOBAL_BASELINE_NO_ENTITY_RANKING,,,NOT_APPLICABLE_GLOBAL_BASELINE,HF9g-P5,,,,X 全窗基线 · 不参与实体赏罚,8392977,840,A168_HF9F_20260827_0900,2026-08-27 09:00:00
2026-04-01,147318574,994,0,8.4329475260,-8.4329475260,-8.4329475260,0E-7,1,1,0.49324550000000000,0.493245500000,-0.9865810262130424,-0.9865810262130424,-0.9865810262130424,0E-17,ELIGIBLE,R03b_20260811_FULL_v1,L1_ELIGIBILITY,v2026-08-11,2026-03-21..2026-08-06,baccarat_bet02_101_all_pairs_incl_sentinel,round_win = game_pnl > 0 (decisive only),COMPATIBILITY_ONLY_NOT_PRODUCTION,9698.3969,8760.0589,482.2493,1012,1012,-0.04972464,,-0.04972464,-0.04972464,-482.2493,9698.3969,OK,0.0000,19.2900,4.0000,96.0000,AG03-UNRESOLVED,ALL5_LEVELS_bet23_to_bet27,19.2900,19.2900,19.2900,19.2900,19.2900,4.000000,4.000000,4.000000,4.000000,4.000000,96.000000,96.000000,96.000000,96.000000,96.000000,5.0,96.4499,89.0364,385.7994,393.2129,PENDING_AG03,FALSE,NOT_FOR_ENFORCEMENT,462.9593,8409.6566,482.2493,462.9593,19.2900,0.04972464,0.04773565,19.2900,462.9593,0.04773565,19.2900,19.2900,19.2900,19.2900,19.2900,462.9593,0.04773565,96.4499,89.0364,385.7994,393.2129,0.03977971,0.04054411,0.00198899,9.5834,8.6562,0.4765,37.0961,1.0599,746.0305,77.8462,,9.5834,8.0113,10.5412,10.5412,12.6494,13.8722,21.0824,9.1708,0.0,1.315999,2.0,0.909138,29,128,28,2,0E-8,0.04972464,,0E-8,0.000000,0.903248,0.001976,,2026-03-31,2026-05-23,13,455,234,54,0.240741,,,0.000000,,,,,,,,GLOBAL_BASELINE_NO_ENTITY_RANKING,,,NOT_APPLICABLE_GLOBAL_BASELINE,HF9g-P5,,,,X 全窗基线 · 不参与实体赏罚,8392978,840,A168_HF9F_20260827_0900,2026-08-27 09:00:00
2026-04-02,147318574,-1,1,81.5887673140,8.5383593701,8.5383593701,0.5555556,10,10,0.50396966000000000,0.503969660000,0.3095251286051437,0.30952512860514364,0.3095251286051437,0E-17,SENTINEL_DEALER,R03b_20260811_FULL_v1,L1_ELIGIBILITY,v2026-08-11,2026-03-21..2026-08-06,baccarat_bet02_101_all_pairs_incl_sentinel,round_win = game_pnl > 0 (decisive only),COMPATIBILITY_ONLY_NOT_PRODUCTION,9698.3969,8760.0589,482.2493,1012,1012,-0.04972464,,-0.04972464,-0.04972464,-482.2493,9698.3969,OK,0.0000,19.2900,4.0000,96.0000,AG03-UNRESOLVED,ALL5_LEVELS_bet23_to_bet27,19.2900,19.2900,19.2900,19.2900,19.2900,4.000000,4.000000,4.000000,4.000000,4.000000,96.000000,96.000000,96.000000,96.000000,96.000000,5.0,96.4499,89.0364,385.7994,393.2129,PENDING_AG03,FALSE,NOT_FOR_ENFORCEMENT,462.9593,8409.6566,482.2493,462.9593,19.2900,0.04972464,0.04773565,19.2900,462.9593,0.04773565,19.2900,19.2900,19.2900,19.2900,19.2900,462.9593,0.04773565,96.4499,89.0364,385.7994,393.2129,0.03977971,0.04054411,0.00198899,9.5834,8.6562,0.4765,37.0961,1.0599,746.0305,77.8462,,9.5834,8.0113,10.5412,10.5412,12.6494,13.8722,21.0824,9.1708,0.0,1.315999,2.0,0.909138,29,128,28,2,0E-8,0.04972464,,0E-8,0.000000,0.903248,0.001976,,2026-03-31,2026-05-23,13,455,234,54,0.240741,,,0.000000,,,,,,,,GLOBAL_BASELINE_NO_ENTITY_RANKING,,,NOT_APPLICABLE_GLOBAL_BASELINE,HF9g-P5,,,,X 全窗基线 · 不参与实体赏罚,8392979,840,A168_HF9F_20260827_0900,2026-08-27 09:00:00
2026-04-02,147318574,1115,0,12.6494212890,-0.3162355322,-0.3162355322,0.5000000,2,2,0.50665070000000000,0.506650700000,-0.018812684590367487,-0.018812684590367487,-0.018812684590367487,0E-17,ELIGIBLE,R03b_20260811_FULL_v1,L1_ELIGIBILITY,v2026-08-11,2026-03-21..2026-08-06,baccarat_bet02_101_all_pairs_incl_sentinel,round_win = game_pnl > 0 (decisive only),COMPATIBILITY_ONLY_NOT_PRODUCTION,9698.3969,8760.0589,482.2493,1012,1012,-0.04972464,,-0.04972464,-0.04972464,-482.2493,9698.3969,OK,0.0000,19.2900,4.0000,96.0000,AG03-UNRESOLVED,ALL5_LEVELS_bet23_to_bet27,19.2900,19.2900,19.2900,19.2900,19.2900,4.000000,4.000000,4.000000,4.000000,4.000000,96.000000,96.000000,96.000000,96.000000,96.000000,5.0,96.4499,89.0364,385.7994,393.2129,PENDING_AG03,FALSE,NOT_FOR_ENFORCEMENT,462.9593,8409.6566,482.2493,462.9593,19.2900,0.04972464,0.04773565,19.2900,462.9593,0.04773565,19.2900,19.2900,19.2900,19.2900,19.2900,462.9593,0.04773565,96.4499,89.0364,385.7994,393.2129,0.03977971,0.04054411,0.00198899,9.5834,8.6562,0.4765,37.0961,1.0599,746.0305,77.8462,,9.5834,8.0113,10.5412,10.5412,12.6494,13.8722,21.0824,9.1708,0.0,1.315999,2.0,0.909138,29,128,28,2,0E-8,0.04972464,,0E-8,0.000000,0.903248,0.001976,,2026-03-31,2026-05-23,13,455,234,54,0.240741,,,0.000000,,,,,,,,GLOBAL_BASELINE_NO_ENTITY_RANKING,,,NOT_APPLICABLE_GLOBAL_BASELINE,HF9g-P5,,,,X 全窗基线 · 不参与实体赏罚,8392980,840,A168_HF9F_20260827_0900,2026-08-27 09:00:00
2026-04-02,147318574,1306,0,20.0282503742,5.8714397150,5.8714397150,0.6666667,3,3,0.50665070000000000,0.506650700000,0.5543606114942035,0.5543606114942035,0.5543606114942035,0E-17,ELIGIBLE,R03b_20260811_FULL_v1,L1_ELIGIBILITY,v2026-08-11,2026-03-21..2026-08-06,baccarat_bet02_101_all_pairs_incl_sentinel,round_win = game_pnl > 0 (decisive only),COMPATIBILITY_ONLY_NOT_PRODUCTION,9698.3969,8760.0589,482.2493,1012,1012,-0.04972464,,-0.04972464,-0.04972464,-482.2493,9698.3969,OK,0.0000,19.2900,4.0000,96.0000,AG03-UNRESOLVED,ALL5_LEVELS_bet23_to_bet27,19.2900,19.2900,19.2900,19.2900,19.2900,4.000000,4.000000,4.000000,4.000000,4.000000,96.000000,96.000000,96.000000,96.000000,96.000000,5.0,96.4499,89.0364,385.7994,393.2129,PENDING_AG03,FALSE,NOT_FOR_ENFORCEMENT,462.9593,8409.6566,482.2493,462.9593,19.2900,0.04972464,0.04773565,19.2900,462.9593,0.04773565,19.2900,19.2900,19.2900,19.2900,19.2900,462.9593,0.04773565,96.4499,89.0364,385.7994,393.2129,0.03977971,0.04054411,0.00198899,9.5834,8.6562,0.4765,37.0961,1.0599,746.0305,77.8462,,9.5834,8.0113,10.5412,10.5412,12.6494,13.8722,21.0824,9.1708,0.0,1.315999,2.0,0.909138,29,128,28,2,0E-8,0.04972464,,0E-8,0.000000,0.903248,0.001976,,2026-03-31,2026-05-23,13,455,234,54,0.240741,,,0.000000,,,,,,,,GLOBAL_BASELINE_NO_ENTITY_RANKING,,,NOT_APPLICABLE_GLOBAL_BASELINE,HF9g-P5,,,,X 全窗基线 · 不参与实体赏罚,8392981,840,A168_HF9F_20260827_0900,2026-08-27 09:00:00
2026-04-02,147318574,1654,0,26.5637847069,5.4814158919,5.4814158919,0.5000000,2,2,0.49324550000000000,0.493245500000,0.01910635448239258,0.01910635448239258,0.01910635448239258,0E-17,ELIGIBLE,R03b_20260811_FULL_v1,L1_ELIGIBILITY,v2026-08-11,2026-03-21..2026-08-06,baccarat_bet02_101_all_pairs_incl_sentinel,round_win = game_pnl > 0 (decisive only),COMPATIBILITY_ONLY_NOT_PRODUCTION,9698.3969,8760.0589,482.2493,1012,1012,-0.04972464,,-0.04972464,-0.04972464,-482.2493,9698.3969,OK,0.0000,19.2900,4.0000,96.0000,AG03-UNRESOLVED,ALL5_LEVELS_bet23_to_bet27,19.2900,19.2900,19.2900,19.2900,19.2900,4.000000,4.000000,4.000000,4.000000,4.000000,96.000000,96.000000,96.000000,96.000000,96.000000,5.0,96.4499,89.0364,385.7994,393.2129,PENDING_AG03,FALSE,NOT_FOR_ENFORCEMENT,462.9593,8409.6566,482.2493,462.9593,19.2900,0.04972464,0.04773565,19.2900,462.9593,0.04773565,19.2900,19.2900,19.2900,19.2900,19.2900,462.9593,0.04773565,96.4499,89.0364,385.7994,393.2129,0.03977971,0.04054411,0.00198899,9.5834,8.6562,0.4765,37.0961,1.0599,746.0305,77.8462,,9.5834,8.0113,10.5412,10.5412,12.6494,13.8722,21.0824,9.1708,0.0,1.315999,2.0,0.909138,29,128,28,2,0E-8,0.04972464,,0E-8,0.000000,0.903248,0.001976,,2026-03-31,2026-05-23,13,455,234,54,0.240741,,,0.000000,,,,,,,,GLOBAL_BASELINE_NO_ENTITY_RANKING,,,NOT_APPLICABLE_GLOBAL_BASELINE,HF9g-P5,,,,X 全窗基线 · 不参与实体赏罚,8392982,840,A168_HF9F_20260827_0900,2026-08-27 09:00:00
2026-04-02,147318574,1966,0,33.7317901040,-0.3162355322,-0.3162355322,0.5000000,4,4,0.49659680000000000,0.496596800000,0.013613115331600182,0.013613115331600183,0.013613115331600182,0E-17,ELIGIBLE,R03b_20260811_FULL_v1,L1_ELIGIBILITY,v2026-08-11,2026-03-21..2026-08-06,baccarat_bet02_101_all_pairs_incl_sentinel,round_win = game_pnl > 0 (decisive only),COMPATIBILITY_ONLY_NOT_PRODUCTION,9698.3969,8760.0589,482.2493,1012,1012,-0.04972464,,-0.04972464,-0.04972464,-482.2493,9698.3969,OK,0.0000,19.2900,4.0000,96.0000,AG03-UNRESOLVED,ALL5_LEVELS_bet23_to_bet27,19.2900,19.2900,19.2900,19.2900,19.2900,4.000000,4.000000,4.000000,4.000000,4.000000,96.000000,96.000000,96.000000,96.000000,96.000000,5.0,96.4499,89.0364,385.7994,393.2129,PENDING_AG03,FALSE,NOT_FOR_ENFORCEMENT,462.9593,8409.6566,482.2493,462.9593,19.2900,0.04972464,0.04773565,19.2900,462.9593,0.04773565,19.2900,19.2900,19.2900,19.2900,19.2900,462.9593,0.04773565,96.4499,89.0364,385.7994,393.2129,0.03977971,0.04054411,0.00198899,9.5834,8.6562,0.4765,37.0961,1.0599,746.0305,77.8462,,9.5834,8.0113,10.5412,10.5412,12.6494,13.8722,21.0824,9.1708,0.0,1.315999,2.0,0.909138,29,128,28,2,0E-8,0.04972464,,0E-8,0.000000,0.903248,0.001976,,2026-03-31,2026-05-23,13,455,234,54,0.240741,,,0.000000,,,,,,,,GLOBAL_BASELINE_NO_ENTITY_RANKING,,,NOT_APPLICABLE_GLOBAL_BASELINE,HF9g-P5,,,,X 全窗基线 · 不参与实体赏罚,8392983,840,A168_HF9F_20260827_0900,2026-08-27 09:00:00
2026-04-02,147318574,2171,0,31.2019058462,-31.2019058462,-31.2019058462,0E-7,3,3,0.50665070000000000,0.506650700000,-1.7552447903592512,-1.7552447903592512,-1.7552447903592512,0E-17,ELIGIBLE,R03b_20260811_FULL_v1,L1_ELIGIBILITY,v2026-08-11,2026-03-21..2026-08-06,baccarat_bet02_101_all_pairs_incl_sentinel,round_win = game_pnl > 0 (decisive only),COMPATIBILITY_ONLY_NOT_PRODUCTION,9698.3969,8760.0589,482.2493,1012,1012,-0.04972464,,-0.04972464,-0.04972464,-482.2493,9698.3969,OK,0.0000,19.2900,4.0000,96.0000,AG03-UNRESOLVED,ALL5_LEVELS_bet23_to_bet27,19.2900,19.2900,19.2900,19.2900,19.2900,4.000000,4.000000,4.000000,4.000000,4.000000,96.000000,96.000000,96.000000,96.000000,96.000000,5.0,96.4499,89.0364,385.7994,393.2129,PENDING_AG03,FALSE,NOT_FOR_ENFORCEMENT,462.9593,8409.6566,482.2493,462.9593,19.2900,0.04972464,0.04773565,19.2900,462.9593,0.04773565,19.2900,19.2900,19.2900,19.2900,19.2900,462.9593,0.04773565,96.4499,89.0364,385.7994,393.2129,0.03977971,0.04054411,0.00198899,9.5834,8.6562,0.4765,37.0961,1.0599,746.0305,77.8462,,9.5834,8.0113,10.5412,10.5412,12.6494,13.8722,21.0824,9.1708,0.0,1.315999,2.0,0.909138,29,128,28,2,0E-8,0.04972464,,0E-8,0.000000,0.903248,0.001976,,2026-03-31,2026-05-23,13,455,234,54,0.240741,,,0.000000,,,,,,,,GLOBAL_BASELINE_NO_ENTITY_RANKING,,,NOT_APPLICABLE_GLOBAL_BASELINE,HF9g-P5,,,,X 全窗基线 · 不参与实体赏罚,8392984,840,A168_HF9F_20260827_0900,2026-08-27 09:00:00
2026-04-02,147318574,2175,0,10.5411844075,0E-10,0E-10,,1,1,0.50665070000000000,0.506650700000,,,,0E-17,NO_DECISIVE_ROUND,R03b_20260811_FULL_v1,L1_ELIGIBILITY,v2026-08-11,2026-03-21..2026-08-06,baccarat_bet02_101_all_pairs_incl_sentinel,round_win = game_pnl > 0 (decisive only),COMPATIBILITY_ONLY_NOT_PRODUCTION,9698.3969,8760.0589,482.2493,1012,1012,-0.04972464,,-0.04972464,-0.04972464,-482.2493,9698.3969,OK,0.0000,19.2900,4.0000,96.0000,AG03-UNRESOLVED,ALL5_LEVELS_bet23_to_bet27,19.2900,19.2900,19.2900,19.2900,19.2900,4.000000,4.000000,4.000000,4.000000,4.000000,96.000000,96.000000,96.000000,96.000000,96.000000,5.0,96.4499,89.0364,385.7994,393.2129,PENDING_AG03,FALSE,NOT_FOR_ENFORCEMENT,462.9593,8409.6566,482.2493,462.9593,19.2900,0.04972464,0.04773565,19.2900,462.9593,0.04773565,19.2900,19.2900,19.2900,19.2900,19.2900,462.9593,0.04773565,96.4499,89.0364,385.7994,393.2129,0.03977971,0.04054411,0.00198899,9.5834,8.6562,0.4765,37.0961,1.0599,746.0305,77.8462,,9.5834,8.0113,10.5412,10.5412,12.6494,13.8722,21.0824,9.1708,0.0,1.315999,2.0,0.909138,29,128,28,2,0E-8,0.04972464,,0E-8,0.000000,0.903248,0.001976,,2026-03-31,2026-05-23,13,455,234,54,0.240741,,,0.000000,,,,,,,,GLOBAL_BASELINE_NO_ENTITY_RANKING,,,NOT_APPLICABLE_GLOBAL_BASELINE,HF9g-P5,,,,X 全窗基线 · 不参与实体赏罚,8392985,840,A168_HF9F_20260827_0900,2026-08-27 09:00:00
2026-04-02,147318574,2223,0,10.5411844075,0E-10,0E-10,,1,1,0.49324550000000000,0.493245500000,,,,0E-17,NO_DECISIVE_ROUND,R03b_20260811_FULL_v1,L1_ELIGIBILITY,v2026-08-11,2026-03-21..2026-08-06,baccarat_bet02_101_all_pairs_incl_sentinel,round_win = game_pnl > 0 (decisive only),COMPATIBILITY_ONLY_NOT_PRODUCTION,9698.3969,8760.0589,482.2493,1012,1012,-0.04972464,,-0.04972464,-0.04972464,-482.2493,9698.3969,OK,0.0000,19.2900,4.0000,96.0000,AG03-UNRESOLVED,ALL5_LEVELS_bet23_to_bet27,19.2900,19.2900,19.2900,19.2900,19.2900,4.000000,4.000000,4.000000,4.000000,4.000000,96.000000,96.000000,96.000000,96.000000,96.000000,5.0,96.4499,89.0364,385.7994,393.2129,PENDING_AG03,FALSE,NOT_FOR_ENFORCEMENT,462.9593,8409.6566,482.2493,462.9593,19.2900,0.04972464,0.04773565,19.2900,462.9593,0.04773565,19.2900,19.2900,19.2900,19.2900,19.2900,462.9593,0.04773565,96.4499,89.0364,385.7994,393.2129,0.03977971,0.04054411,0.00198899,9.5834,8.6562,0.4765,37.0961,1.0599,746.0305,77.8462,,9.5834,8.0113,10.5412,10.5412,12.6494,13.8722,21.0824,9.1708,0.0,1.315999,2.0,0.909138,29,128,28,2,0E-8,0.04972464,,0E-8,0.000000,0.903248,0.001976,,2026-03-31,2026-05-23,13,455,234,54,0.240741,,,0.000000,,,,,,,,GLOBAL_BASELINE_NO_ENTITY_RANKING,,,NOT_APPLICABLE_GLOBAL_BASELINE,HF9g-P5,,,,X 全窗基线 · 不参与实体赏罚,8392986,840,A168_HF9F_20260827_0900,2026-08-27 09:00:00
2026-04-02,147318574,2250,0,34.5750848566,-27.4070794595,-27.4070794595,0E-7,4,4,0.50329940000000000,0.503299400000,-1.743518224870635,-1.743518224870635,-1.743518224870635,0E-17,ELIGIBLE,R03b_20260811_FULL_v1,L1_ELIGIBILITY,v2026-08-11,2026-03-21..2026-08-06,baccarat_bet02_101_all_pairs_incl_sentinel,round_win = game_pnl > 0 (decisive only),COMPATIBILITY_ONLY_NOT_PRODUCTION,9698.3969,8760.0589,482.2493,1012,1012,-0.04972464,,-0.04972464,-0.04972464,-482.2493,9698.3969,OK,0.0000,19.2900,4.0000,96.0000,AG03-UNRESOLVED,ALL5_LEVELS_bet23_to_bet27,19.2900,19.2900,19.2900,19.2900,19.2900,4.000000,4.000000,4.000000,4.000000,4.000000,96.000000,96.000000,96.000000,96.000000,96.000000,5.0,96.4499,89.0364,385.7994,393.2129,PENDING_AG03,FALSE,NOT_FOR_ENFORCEMENT,462.9593,8409.6566,482.2493,462.9593,19.2900,0.04972464,0.04773565,19.2900,462.9593,0.04773565,19.2900,19.2900,19.2900,19.2900,19.2900,462.9593,0.04773565,96.4499,89.0364,385.7994,393.2129,0.03977971,0.04054411,0.00198899,9.5834,8.6562,0.4765,37.0961,1.0599,746.0305,77.8462,,9.5834,8.0113,10.5412,10.5412,12.6494,13.8722,21.0824,9.1708,0.0,1.315999,2.0,0.909138,29,128,28,2,0E-8,0.04972464,,0E-8,0.000000,0.903248,0.001976,,2026-03-31,2026-05-23,13,455,234,54,0.240741,,,0.000000,,,,,,,,GLOBAL_BASELINE_NO_ENTITY_RANKING,,,NOT_APPLICABLE_GLOBAL_BASELINE,HF9g-P5,,,,X 全窗基线 · 不参与实体赏罚,8392987,840,A168_HF9F_20260827_0900,2026-08-27 09:00:00
2026-04-02,147318574,2258,0,10.5411844075,-10.5411844075,-10.5411844075,0E-7,1,1,0.50665070000000000,0.506650700000,-1.013391052207602,-1.013391052207602,-1.013391052207602,0E-17,ELIGIBLE,R03b_20260811_FULL_v1,L1_ELIGIBILITY,v2026-08-11,2026-03-21..2026-08-06,baccarat_bet02_101_all_pairs_incl_sentinel,round_win = game_pnl > 0 (decisive only),COMPATIBILITY_ONLY_NOT_PRODUCTION,9698.3969,8760.0589,482.2493,1012,1012,-0.04972464,,-0.04972464,-0.04972464,-482.2493,9698.3969,OK,0.0000,19.2900,4.0000,96.0000,AG03-UNRESOLVED,ALL5_LEVELS_bet23_to_bet27,19.2900,19.2900,19.2900,19.2900,19.2900,4.000000,4.000000,4.000000,4.000000,4.000000,96.000000,96.000000,96.000000,96.000000,96.000000,5.0,96.4499,89.0364,385.7994,393.2129,PENDING_AG03,FALSE,NOT_FOR_ENFORCEMENT,462.9593,8409.6566,482.2493,462.9593,19.2900,0.04972464,0.04773565,19.2900,462.9593,0.04773565,19.2900,19.2900,19.2900,19.2900,19.2900,462.9593,0.04773565,96.4499,89.0364,385.7994,393.2129,0.03977971,0.04054411,0.00198899,9.5834,8.6562,0.4765,37.0961,1.0599,746.0305,77.8462,,9.5834,8.0113,10.5412,10.5412,12.6494,13.8722,21.0824,9.1708,0.0,1.315999,2.0,0.909138,29,128,28,2,0E-8,0.04972464,,0E-8,0.000000,0.903248,0.001976,,2026-03-31,2026-05-23,13,455,234,54,0.240741,,,0.000000,,,,,,,,GLOBAL_BASELINE_NO_ENTITY_RANKING,,,NOT_APPLICABLE_GLOBAL_BASELINE,HF9g-P5,,,,X 全窗基线 · 不参与实体赏罚,8392988,840,A168_HF9F_20260827_0900,2026-08-27 09:00:00
2026-04-02,147318574,2266,0,16.8658950520,6.0084751123,6.0084751123,1.0000000,2,2,0.50665070000000000,0.506650700000,0.9867858985152569,0.9867858985152569,0.9867858985152569,0E-17,ELIGIBLE,R03b_20260811_FULL_v1,L1_ELIGIBILITY,v2026-08-11,2026-03-21..2026-08-06,baccarat_bet02_101_all_pairs_incl_sentinel,round_win = game_pnl > 0 (decisive only),COMPATIBILITY_ONLY_NOT_PRODUCTION,9698.3969,8760.0589,482.2493,1012,1012,-0.04972464,,-0.04972464,-0.04972464,-482.2493,9698.3969,OK,0.0000,19.2900,4.0000,96.0000,AG03-UNRESOLVED,ALL5_LEVELS_bet23_to_bet27,19.2900,19.2900,19.2900,19.2900,19.2900,4.000000,4.000000,4.000000,4.000000,4.000000,96.000000,96.000000,96.000000,96.000000,96.000000,5.0,96.4499,89.0364,385.7994,393.2129,PENDING_AG03,FALSE,NOT_FOR_ENFORCEMENT,462.9593,8409.6566,482.2493,462.9593,19.2900,0.04972464,0.04773565,19.2900,462.9593,0.04773565,19.2900,19.2900,19.2900,19.2900,19.2900,462.9593,0.04773565,96.4499,89.0364,385.7994,393.2129,0.03977971,0.04054411,0.00198899,9.5834,8.6562,0.4765,37.0961,1.0599,746.0305,77.8462,,9.5834,8.0113,10.5412,10.5412,12.6494,13.8722,21.0824,9.1708,0.0,1.315999,2.0,0.909138,29,128,28,2,0E-8,0.04972464,,0E-8,0.000000,0.903248,0.001976,,2026-03-31,2026-05-23,13,455,234,54,0.240741,,,0.000000,,,,,,,,GLOBAL_BASELINE_NO_ENTITY_RANKING,,,NOT_APPLICABLE_GLOBAL_BASELINE,HF9g-P5,,,,X 全窗基线 · 不参与实体赏罚,8392989,840,A168_HF9F_20260827_0900,2026-08-27 09:00:00
2026-04-02,147318574,550,0,6.3247106445,6.0084751123,6.0084751123,1.0000000,1,1,0.50665070000000000,0.506650700000,0.9867858985152569,0.9867858985152569,0.9867858985152569,0E-17,ELIGIBLE,R03b_20260811_FULL_v1,L1_ELIGIBILITY,v2026-08-11,2026-03-21..2026-08-06,baccarat_bet02_101_all_pairs_incl_sentinel,round_win = game_pnl > 0 (decisive only),COMPATIBILITY_ONLY_NOT_PRODUCTION,9698.3969,8760.0589,482.2493,1012,1012,-0.04972464,,-0.04972464,-0.04972464,-482.2493,9698.3969,OK,0.0000,19.2900,4.0000,96.0000,AG03-UNRESOLVED,ALL5_LEVELS_bet23_to_bet27,19.2900,19.2900,19.2900,19.2900,19.2900,4.000000,4.000000,4.000000,4.000000,4.000000,96.000000,96.000000,96.000000,96.000000,96.000000,5.0,96.4499,89.0364,385.7994,393.2129,PENDING_AG03,FALSE,NOT_FOR_ENFORCEMENT,462.9593,8409.6566,482.2493,462.9593,19.2900,0.04972464,0.04773565,19.2900,462.9593,0.04773565,19.2900,19.2900,19.2900,19.2900,19.2900,462.9593,0.04773565,96.4499,89.0364,385.7994,393.2129,0.03977971,0.04054411,0.00198899,9.5834,8.6562,0.4765,37.0961,1.0599,746.0305,77.8462,,9.5834,8.0113,10.5412,10.5412,12.6494,13.8722,21.0824,9.1708,0.0,1.315999,2.0,0.909138,29,128,28,2,0E-8,0.04972464,,0E-8,0.000000,0.903248,0.001976,,2026-03-31,2026-05-23,13,455,234,54,0.240741,,,0.000000,,,,,,,,GLOBAL_BASELINE_NO_ENTITY_RANKING,,,NOT_APPLICABLE_GLOBAL_BASELINE,HF9g-P5,,,,X 全窗基线 · 不参与实体赏罚,8392990,840,A168_HF9F_20260827_0900,2026-08-27 09:00:00
2026-04-02,147318574,752,0,10.5411844075,10.5411844075,10.5411844075,1.0000000,1,1,0.49324550000000000,0.493245500000,1.01360149184955,1.01360149184955,1.01360149184955,0E-17,ELIGIBLE,R03b_20260811_FULL_v1,L1_ELIGIBILITY,v2026-08-11,2026-03-21..2026-08-06,baccarat_bet02_101_all_pairs_incl_sentinel,round_win = game_pnl > 0 (decisive only),COMPATIBILITY_ONLY_NOT_PRODUCTION,9698.3969,8760.0589,482.2493,1012,1012,-0.04972464,,-0.04972464,-0.04972464,-482.2493,9698.3969,OK,0.0000,19.2900,4.0000,96.0000,AG03-UNRESOLVED,ALL5_LEVELS_bet23_to_bet27,19.2900,19.2900,19.2900,19.2900,19.2900,4.000000,4.000000,4.000000,4.000000,4.000000,96.000000,96.000000,96.000000,96.000000,96.000000,5.0,96.4499,89.0364,385.7994,393.2129,PENDING_AG03,FALSE,NOT_FOR_ENFORCEMENT,462.9593,8409.6566,482.2493,462.9593,19.2900,0.04972464,0.04773565,19.2900,462.9593,0.04773565,19.2900,19.2900,19.2900,19.2900,19.2900,462.9593,0.04773565,96.4499,89.0364,385.7994,393.2129,0.03977971,0.04054411,0.00198899,9.5834,8.6562,0.4765,37.0961,1.0599,746.0305,77.8462,,9.5834,8.0113,10.5412,10.5412,12.6494,13.8722,21.0824,9.1708,0.0,1.315999,2.0,0.909138,29,128,28,2,0E-8,0.04972464,,0E-8,0.000000,0.903248,0.001976,,2026-03-31,2026-05-23,13,455,234,54,0.240741,,,0.000000,,,,,,,,GLOBAL_BASELINE_NO_ENTITY_RANKING,,,NOT_APPLICABLE_GLOBAL_BASELINE,HF9g-P5,,,,X 全窗基线 · 不参与实体赏罚,8392991,840,A168_HF9F_20260827_0900,2026-08-27 09:00:00
2026-04-02,147318574,948,0,6.3247106445,0E-10,0E-10,,1,1,0.49324550000000000,0.493245500000,,,,0E-17,NO_DECISIVE_ROUND,R03b_20260811_FULL_v1,L1_ELIGIBILITY,v2026-08-11,2026-03-21..2026-08-06,baccarat_bet02_101_all_pairs_incl_sentinel,round_win = game_pnl > 0 (decisive only),COMPATIBILITY_ONLY_NOT_PRODUCTION,9698.3969,8760.0589,482.2493,1012,1012,-0.04972464,,-0.04972464,-0.04972464,-482.2493,9698.3969,OK,0.0000,19.2900,4.0000,96.0000,AG03-UNRESOLVED,ALL5_LEVELS_bet23_to_bet27,19.2900,19.2900,19.2900,19.2900,19.2900,4.000000,4.000000,4.000000,4.000000,4.000000,96.000000,96.000000,96.000000,96.000000,96.000000,5.0,96.4499,89.0364,385.7994,393.2129,PENDING_AG03,FALSE,NOT_FOR_ENFORCEMENT,462.9593,8409.6566,482.2493,462.9593,19.2900,0.04972464,0.04773565,19.2900,462.9593,0.04773565,19.2900,19.2900,19.2900,19.2900,19.2900,462.9593,0.04773565,96.4499,89.0364,385.7994,393.2129,0.03977971,0.04054411,0.00198899,9.5834,8.6562,0.4765,37.0961,1.0599,746.0305,77.8462,,9.5834,8.0113,10.5412,10.5412,12.6494,13.8722,21.0824,9.1708,0.0,1.315999,2.0,0.909138,29,128,28,2,0E-8,0.04972464,,0E-8,0.000000,0.903248,0.001976,,2026-03-31,2026-05-23,13,455,234,54,0.240741,,,0.000000,,,,,,,,GLOBAL_BASELINE_NO_ENTITY_RANKING,,,NOT_APPLICABLE_GLOBAL_BASELINE,HF9g-P5,,,,X 全窗基线 · 不参与实体赏罚,8392992,840,A168_HF9F_20260827_0900,2026-08-27 09:00:00
2026-04-10,147318574,-1,1,404.3598338716,-83.5915923516,-83.5915923516,0.4000000,35,35,0.50090561428571429,0.500905614286,-1.1053674355714955,-1.1053674355746266,-1.1053674355714955,-2.8571E-13,SENTINEL_DEALER,R03b_20260811_FULL_v1,L1_ELIGIBILITY,v2026-08-11,2026-03-21..2026-08-06,baccarat_bet02_101_all_pairs_incl_sentinel,round_win = game_pnl > 0 (decisive only),COMPATIBILITY_ONLY_NOT_PRODUCTION,9698.3969,8760.0589,482.2493,1012,1012,-0.04972464,,-0.04972464,-0.04972464,-482.2493,9698.3969,OK,0.0000,19.2900,4.0000,96.0000,AG03-UNRESOLVED,ALL5_LEVELS_bet23_to_bet27,19.2900,19.2900,19.2900,19.2900,19.2900,4.000000,4.000000,4.000000,4.000000,4.000000,96.000000,96.000000,96.000000,96.000000,96.000000,5.0,96.4499,89.0364,385.7994,393.2129,PENDING_AG03,FALSE,NOT_FOR_ENFORCEMENT,462.9593,8409.6566,482.2493,462.9593,19.2900,0.04972464,0.04773565,19.2900,462.9593,0.04773565,19.2900,19.2900,19.2900,19.2900,19.2900,462.9593,0.04773565,96.4499,89.0364,385.7994,393.2129,0.03977971,0.04054411,0.00198899,9.5834,8.6562,0.4765,37.0961,1.0599,746.0305,77.8462,,9.5834,8.0113,10.5412,10.5412,12.6494,13.8722,21.0824,9.1708,0.0,1.315999,2.0,0.909138,29,128,28,2,0E-8,0.04972464,,0E-8,0.000000,0.903248,0.001976,,2026-03-31,2026-05-23,13,455,234,54,0.240741,,,0.000000,,,,,,,,GLOBAL_BASELINE_NO_ENTITY_RANKING,,,NOT_APPLICABLE_GLOBAL_BASELINE,HF9g-P5,,,,X 全窗基线 · 不参与实体赏罚,8392993,840,A168_HF9F_20260827_0900,2026-08-27 09:00:00
2026-04-10,147318574,1004,0,55.8682773597,-30.5694347817,-30.5694347817,0.2000000,5,5,0.49860758000000000,0.498607580000,-1.3354188732730328,-1.3354188732730328,-1.3354188732730328,0E-17,ELIGIBLE,R03b_20260811_FULL_v1,L1_ELIGIBILITY,v2026-08-11,2026-03-21..2026-08-06,baccarat_bet02_101_all_pairs_incl_sentinel,round_win = game_pnl > 0 (decisive only),COMPATIBILITY_ONLY_NOT_PRODUCTION,9698.3969,8760.0589,482.2493,1012,1012,-0.04972464,,-0.04972464,-0.04972464,-482.2493,9698.3969,OK,0.0000,19.2900,4.0000,96.0000,AG03-UNRESOLVED,ALL5_LEVELS_bet23_to_bet27,19.2900,19.2900,19.2900,19.2900,19.2900,4.000000,4.000000,4.000000,4.000000,4.000000,96.000000,96.000000,96.000000,96.000000,96.000000,5.0,96.4499,89.0364,385.7994,393.2129,PENDING_AG03,FALSE,NOT_FOR_ENFORCEMENT,462.9593,8409.6566,482.2493,462.9593,19.2900,0.04972464,0.04773565,19.2900,462.9593,0.04773565,19.2900,19.2900,19.2900,19.2900,19.2900,462.9593,0.04773565,96.4499,89.0364,385.7994,393.2129,0.03977971,0.04054411,0.00198899,9.5834,8.6562,0.4765,37.0961,1.0599,746.0305,77.8462,,9.5834,8.0113,10.5412,10.5412,12.6494,13.8722,21.0824,9.1708,0.0,1.315999,2.0,0.909138,29,128,28,2,0E-8,0.04972464,,0E-8,0.000000,0.903248,0.001976,,2026-03-31,2026-05-23,13,455,234,54,0.240741,,,0.000000,,,,,,,,GLOBAL_BASELINE_NO_ENTITY_RANKING,,,NOT_APPLICABLE_GLOBAL_BASELINE,HF9g-P5,,,,X 全窗基线 · 不参与实体赏罚,8392994,840,A168_HF9F_20260827_0900,2026-08-27 09:00:00
2026-04-10,147318574,1151,0,52.7059220375,-11.5953028483,-11.5953028483,0.4000000,5,5,0.50396966000000000,0.503969660000,-0.4649811094771361,-0.4649811094771361,-0.4649811094771361,0E-17,ELIGIBLE,R03b_20260811_FULL_v1,L1_ELIGIBILITY,v2026-08-11,2026-03-21..2026-08-06,baccarat_bet02_101_all_pairs_incl_sentinel,round_win = game_pnl > 0 (decisive only),COMPATIBILITY_ONLY_NOT_PRODUCTION,9698.3969,8760.0589,482.2493,1012,1012,-0.04972464,,-0.04972464,-0.04972464,-482.2493,9698.3969,OK,0.0000,19.2900,4.0000,96.0000,AG03-UNRESOLVED,ALL5_LEVELS_bet23_to_bet27,19.2900,19.2900,19.2900,19.2900,19.2900,4.000000,4.000000,4.000000,4.000000,4.000000,96.000000,96.000000,96.000000,96.000000,96.000000,5.0,96.4499,89.0364,385.7994,393.2129,PENDING_AG03,FALSE,NOT_FOR_ENFORCEMENT,462.9593,8409.6566,482.2493,462.9593,19.2900,0.04972464,0.04773565,19.2900,462.9593,0.04773565,19.2900,19.2900,19.2900,19.2900,19.2900,462.9593,0.04773565,96.4499,89.0364,385.7994,393.2129,0.03977971,0.04054411,0.00198899,9.5834,8.6562,0.4765,37.0961,1.0599,746.0305,77.8462,,9.5834,8.0113,10.5412,10.5412,12.6494,13.8722,21.0824,9.1708,0.0,1.315999,2.0,0.909138,29,128,28,2,0E-8,0.04972464,,0E-8,0.000000,0.903248,0.001976,,2026-03-31,2026-05-23,13,455,234,54,0.240741,,,0.000000,,,,,,,,GLOBAL_BASELINE_NO_ENTITY_RANKING,,,NOT_APPLICABLE_GLOBAL_BASELINE,HF9g-P5,,,,X 全窗基线 · 不参与实体赏罚,8392995,840,A168_HF9F_20260827_0900,2026-08-27 09:00:00
2026-04-10,147318574,1302,0,35.2075559210,3.5840026985,3.5840026985,0.5000000,3,3,0.49324550000000000,0.493245500000,0.01910635448239258,0.01910635448239258,0.01910635448239258,0E-17,ELIGIBLE,R03b_20260811_FULL_v1,L1_ELIGIBILITY,v2026-08-11,2026-03-21..2026-08-06,baccarat_bet02_101_all_pairs_incl_sentinel,round_win = game_pnl > 0 (decisive only),COMPATIBILITY_ONLY_NOT_PRODUCTION,9698.3969,8760.0589,482.2493,1012,1012,-0.04972464,,-0.04972464,-0.04972464,-482.2493,9698.3969,OK,0.0000,19.2900,4.0000,96.0000,AG03-UNRESOLVED,ALL5_LEVELS_bet23_to_bet27,19.2900,19.2900,19.2900,19.2900,19.2900,4.000000,4.000000,4.000000,4.000000,4.000000,96.000000,96.000000,96.000000,96.000000,96.000000,5.0,96.4499,89.0364,385.7994,393.2129,PENDING_AG03,FALSE,NOT_FOR_ENFORCEMENT,462.9593,8409.6566,482.2493,462.9593,19.2900,0.04972464,0.04773565,19.2900,462.9593,0.04773565,19.2900,19.2900,19.2900,19.2900,19.2900,462.9593,0.04773565,96.4499,89.0364,385.7994,393.2129,0.03977971,0.04054411,0.00198899,9.5834,8.6562,0.4765,37.0961,1.0599,746.0305,77.8462,,9.5834,8.0113,10.5412,10.5412,12.6494,13.8722,21.0824,9.1708,0.0,1.315999,2.0,0.909138,29,128,28,2,0E-8,0.04972464,,0E-8,0.000000,0.903248,0.001976,,2026-03-31,2026-05-23,13,455,234,54,0.240741,,,0.000000,,,,,,,,GLOBAL_BASELINE_NO_ENTITY_RANKING,,,NOT_APPLICABLE_GLOBAL_BASELINE,HF9g-P5,,,,X 全窗基线 · 不参与实体赏罚,8392996,840,A168_HF9F_20260827_0900,2026-08-27 09:00:00
2026-04-10,147318574,1396,0,11.3844791601,10.8152552021,10.8152552021,1.0000000,1,1,0.50665070000000000,0.506650700000,0.9867858985152569,0.9867858985152569,0.9867858985152569,0E-17,ELIGIBLE,R03b_20260811_FULL_v1,L1_ELIGIBILITY,v2026-08-11,2026-03-21..2026-08-06,baccarat_bet02_101_all_pairs_incl_sentinel,round_win = game_pnl > 0 (decisive only),COMPATIBILITY_ONLY_NOT_PRODUCTION,9698.3969,8760.0589,482.2493,1012,1012,-0.04972464,,-0.04972464,-0.04972464,-482.2493,9698.3969,OK,0.0000,19.2900,4.0000,96.0000,AG03-UNRESOLVED,ALL5_LEVELS_bet23_to_bet27,19.2900,19.2900,19.2900,19.2900,19.2900,4.000000,4.000000,4.000000,4.000000,4.000000,96.000000,96.000000,96.000000,96.000000,96.000000,5.0,96.4499,89.0364,385.7994,393.2129,PENDING_AG03,FALSE,NOT_FOR_ENFORCEMENT,462.9593,8409.6566,482.2493,462.9593,19.2900,0.04972464,0.04773565,19.2900,462.9593,0.04773565,19.2900,19.2900,19.2900,19.2900,19.2900,462.9593,0.04773565,96.4499,89.0364,385.7994,393.2129,0.03977971,0.04054411,0.00198899,9.5834,8.6562,0.4765,37.0961,1.0599,746.0305,77.8462,,9.5834,8.0113,10.5412,10.5412,12.6494,13.8722,21.0824,9.1708,0.0,1.315999,2.0,0.909138,29,128,28,2,0E-8,0.04972464,,0E-8,0.000000,0.903248,0.001976,,2026-03-31,2026-05-23,13,455,234,54,0.240741,,,0.000000,,,,,,,,GLOBAL_BASELINE_NO_ENTITY_RANKING,,,NOT_APPLICABLE_GLOBAL_BASELINE,HF9g-P5,,,,X 全窗基线 · 不参与实体赏罚,8392997,840,A168_HF9F_20260827_0900,2026-08-27 09:00:00
2026-04-10,147318574,1645,0,57.5548668649,-28.0395505239,-28.0395505239,0.2000000,5,5,0.49324550000000000,0.493245500000,-1.3115534243649334,-1.3115534243649334,-1.3115534243649334,0E-17,ELIGIBLE,R03b_20260811_FULL_v1,L1_ELIGIBILITY,v2026-08-11,2026-03-21..2026-08-06,baccarat_bet02_101_all_pairs_incl_sentinel,round_win = game_pnl > 0 (decisive only),COMPATIBILITY_ONLY_NOT_PRODUCTION,9698.3969,8760.0589,482.2493,1012,1012,-0.04972464,,-0.04972464,-0.04972464,-482.2493,9698.3969,OK,0.0000,19.2900,4.0000,96.0000,AG03-UNRESOLVED,ALL5_LEVELS_bet23_to_bet27,19.2900,19.2900,19.2900,19.2900,19.2900,4.000000,4.000000,4.000000,4.000000,4.000000,96.000000,96.000000,96.000000,96.000000,96.000000,5.0,96.4499,89.0364,385.7994,393.2129,PENDING_AG03,FALSE,NOT_FOR_ENFORCEMENT,462.9593,8409.6566,482.2493,462.9593,19.2900,0.04972464,0.04773565,19.2900,462.9593,0.04773565,19.2900,19.2900,19.2900,19.2900,19.2900,462.9593,0.04773565,96.4499,89.0364,385.7994,393.2129,0.03977971,0.04054411,0.00198899,9.5834,8.6562,0.4765,37.0961,1.0599,746.0305,77.8462,,9.5834,8.0113,10.5412,10.5412,12.6494,13.8722,21.0824,9.1708,0.0,1.315999,2.0,0.909138,29,128,28,2,0E-8,0.04972464,,0E-8,0.000000,0.903248,0.001976,,2026-03-31,2026-05-23,13,455,234,54,0.240741,,,0.000000,,,,,,,,GLOBAL_BASELINE_NO_ENTITY_RANKING,,,NOT_APPLICABLE_GLOBAL_BASELINE,HF9g-P5,,,,X 全窗基线 · 不参与实体赏罚,8392998,840,A168_HF9F_20260827_0900,2026-08-27 09:00:00
2026-04-10,147318574,1654,0,21.0823688150,-0.5270592204,-0.5270592204,0.5000000,2,2,0.50665070000000000,0.506650700000,-0.018812684590367487,-0.018812684590367487,-0.018812684590367487,0E-17,ELIGIBLE,R03b_20260811_FULL_v1,L1_ELIGIBILITY,v2026-08-11,2026-03-21..2026-08-06,baccarat_bet02_101_all_pairs_incl_sentinel,round_win = game_pnl > 0 (decisive only),COMPATIBILITY_ONLY_NOT_PRODUCTION,9698.3969,8760.0589,482.2493,1012,1012,-0.04972464,,-0.04972464,-0.04972464,-482.2493,9698.3969,OK,0.0000,19.2900,4.0000,96.0000,AG03-UNRESOLVED,ALL5_LEVELS_bet23_to_bet27,19.2900,19.2900,19.2900,19.2900,19.2900,4.000000,4.000000,4.000000,4.000000,4.000000,96.000000,96.000000,96.000000,96.000000,96.000000,5.0,96.4499,89.0364,385.7994,393.2129,PENDING_AG03,FALSE,NOT_FOR_ENFORCEMENT,462.9593,8409.6566,482.2493,462.9593,19.2900,0.04972464,0.04773565,19.2900,462.9593,0.04773565,19.2900,19.2900,19.2900,19.2900,19.2900,462.9593,0.04773565,96.4499,89.0364,385.7994,393.2129,0.03977971,0.04054411,0.00198899,9.5834,8.6562,0.4765,37.0961,1.0599,746.0305,77.8462,,9.5834,8.0113,10.5412,10.5412,12.6494,13.8722,21.0824,9.1708,0.0,1.315999,2.0,0.909138,29,128,28,2,0E-8,0.04972464,,0E-8,0.000000,0.903248,0.001976,,2026-03-31,2026-05-23,13,455,234,54,0.240741,,,0.000000,,,,,,,,GLOBAL_BASELINE_NO_ENTITY_RANKING,,,NOT_APPLICABLE_GLOBAL_BASELINE,HF9g-P5,,,,X 全窗基线 · 不参与实体赏罚,8392999,840,A168_HF9F_20260827_0900,2026-08-27 09:00:00
2026-04-10,147318574,1750,0,33.7317901040,-12.6494212890,-12.6494212890,0.3333333,3,3,0.49324550000000000,0.493245500000,-0.5540025479526107,-0.5540025479526106,-0.5540025479526107,0E-17,ELIGIBLE,R03b_20260811_FULL_v1,L1_ELIGIBILITY,v2026-08-11,2026-03-21..2026-08-06,baccarat_bet02_101_all_pairs_incl_sentinel,round_win = game_pnl > 0 (decisive only),COMPATIBILITY_ONLY_NOT_PRODUCTION,9698.3969,8760.0589,482.2493,1012,1012,-0.04972464,,-0.04972464,-0.04972464,-482.2493,9698.3969,OK,0.0000,19.2900,4.0000,96.0000,AG03-UNRESOLVED,ALL5_LEVELS_bet23_to_bet27,19.2900,19.2900,19.2900,19.2900,19.2900,4.000000,4.000000,4.000000,4.000000,4.000000,96.000000,96.000000,96.000000,96.000000,96.000000,5.0,96.4499,89.0364,385.7994,393.2129,PENDING_AG03,FALSE,NOT_FOR_ENFORCEMENT,462.9593,8409.6566,482.2493,462.9593,19.2900,0.04972464,0.04773565,19.2900,462.9593,0.04773565,19.2900,19.2900,19.2900,19.2900,19.2900,462.9593,0.04773565,96.4499,89.0364,385.7994,393.2129,0.03977971,0.04054411,0.00198899,9.5834,8.6562,0.4765,37.0961,1.0599,746.0305,77.8462,,9.5834,8.0113,10.5412,10.5412,12.6494,13.8722,21.0824,9.1708,0.0,1.315999,2.0,0.909138,29,128,28,2,0E-8,0.04972464,,0E-8,0.000000,0.903248,0.001976,,2026-03-31,2026-05-23,13,455,234,54,0.240741,,,0.000000,,,,,,,,GLOBAL_BASELINE_NO_ENTITY_RANKING,,,NOT_APPLICABLE_GLOBAL_BASELINE,HF9g-P5,,,,X 全窗基线 · 不参与实体赏罚,8393000,840,A168_HF9F_20260827_0900,2026-08-27 09:00:00
2026-04-10,147318574,1985,0,91.4974806571,-56.1845128920,-56.1845128920,0.1428571,8,8,0.50162375000000000,0.501623750000,-1.898424453090589,-1.898424453090589,-1.898424453090589,0E-17,ELIGIBLE,R03b_20260811_FULL_v1,L1_ELIGIBILITY,v2026-08-11,2026-03-21..2026-08-06,baccarat_bet02_101_all_pairs_incl_sentinel,round_win = game_pnl > 0 (decisive only),COMPATIBILITY_ONLY_NOT_PRODUCTION,9698.3969,8760.0589,482.2493,1012,1012,-0.04972464,,-0.04972464,-0.04972464,-482.2493,9698.3969,OK,0.0000,19.2900,4.0000,96.0000,AG03-UNRESOLVED,ALL5_LEVELS_bet23_to_bet27,19.2900,19.2900,19.2900,19.2900,19.2900,4.000000,4.000000,4.000000,4.000000,4.000000,96.000000,96.000000,96.000000,96.000000,96.000000,5.0,96.4499,89.0364,385.7994,393.2129,PENDING_AG03,FALSE,NOT_FOR_ENFORCEMENT,462.9593,8409.6566,482.2493,462.9593,19.2900,0.04972464,0.04773565,19.2900,462.9593,0.04773565,19.2900,19.2900,19.2900,19.2900,19.2900,462.9593,0.04773565,96.4499,89.0364,385.7994,393.2129,0.03977971,0.04054411,0.00198899,9.5834,8.6562,0.4765,37.0961,1.0599,746.0305,77.8462,,9.5834,8.0113,10.5412,10.5412,12.6494,13.8722,21.0824,9.1708,0.0,1.315999,2.0,0.909138,29,128,28,2,0E-8,0.04972464,,0E-8,0.000000,0.903248,0.001976,,2026-03-31,2026-05-23,13,455,234,54,0.240741,,,0.000000,,,,,,,,GLOBAL_BASELINE_NO_ENTITY_RANKING,,,NOT_APPLICABLE_GLOBAL_BASELINE,HF9g-P5,,,,X 全窗基线 · 不参与实体赏罚,8393001,840,A168_HF9F_20260827_0900,2026-08-27 09:00:00
2026-04-10,147318574,2093,0,10.5411844075,10.0141251871,10.0141251871,1.0000000,1,1,0.50665070000000000,0.506650700000,0.9867858985152569,0.9867858985152569,0.9867858985152569,0E-17,ELIGIBLE,R03b_20260811_FULL_v1,L1_ELIGIBILITY,v2026-08-11,2026-03-21..2026-08-06,baccarat_bet02_101_all_pairs_incl_sentinel,round_win = game_pnl > 0 (decisive only),COMPATIBILITY_ONLY_NOT_PRODUCTION,9698.3969,8760.0589,482.2493,1012,1012,-0.04972464,,-0.04972464,-0.04972464,-482.2493,9698.3969,OK,0.0000,19.2900,4.0000,96.0000,AG03-UNRESOLVED,ALL5_LEVELS_bet23_to_bet27,19.2900,19.2900,19.2900,19.2900,19.2900,4.000000,4.000000,4.000000,4.000000,4.000000,96.000000,96.000000,96.000000,96.000000,96.000000,5.0,96.4499,89.0364,385.7994,393.2129,PENDING_AG03,FALSE,NOT_FOR_ENFORCEMENT,462.9593,8409.6566,482.2493,462.9593,19.2900,0.04972464,0.04773565,19.2900,462.9593,0.04773565,19.2900,19.2900,19.2900,19.2900,19.2900,462.9593,0.04773565,96.4499,89.0364,385.7994,393.2129,0.03977971,0.04054411,0.00198899,9.5834,8.6562,0.4765,37.0961,1.0599,746.0305,77.8462,,9.5834,8.0113,10.5412,10.5412,12.6494,13.8722,21.0824,9.1708,0.0,1.315999,2.0,0.909138,29,128,28,2,0E-8,0.04972464,,0E-8,0.000000,0.903248,0.001976,,2026-03-31,2026-05-23,13,455,234,54,0.240741,,,0.000000,,,,,,,,GLOBAL_BASELINE_NO_ENTITY_RANKING,,,NOT_APPLICABLE_GLOBAL_BASELINE,HF9g-P5,,,,X 全窗基线 · 不参与实体赏罚,8393002,840,A168_HF9F_20260827_0900,2026-08-27 09:00:00
2026-04-10,147318574,2101,0,74.8424092932,-7.3788290852,-7.3788290852,0.4285714,7,7,0.49324550000000000,0.493245500000,-0.3422542494892156,-0.3422542494892157,-0.3422542494892156,0E-17,ELIGIBLE,R03b_20260811_FULL_v1,L1_ELIGIBILITY,v2026-08-11,2026-03-21..2026-08-06,baccarat_bet02_101_all_pairs_incl_sentinel,round_win = game_pnl > 0 (decisive only),COMPATIBILITY_ONLY_NOT_PRODUCTION,9698.3969,8760.0589,482.2493,1012,1012,-0.04972464,,-0.04972464,-0.04972464,-482.2493,9698.3969,OK,0.0000,19.2900,4.0000,96.0000,AG03-UNRESOLVED,ALL5_LEVELS_bet23_to_bet27,19.2900,19.2900,19.2900,19.2900,19.2900,4.000000,4.000000,4.000000,4.000000,4.000000,96.000000,96.000000,96.000000,96.000000,96.000000,5.0,96.4499,89.0364,385.7994,393.2129,PENDING_AG03,FALSE,NOT_FOR_ENFORCEMENT,462.9593,8409.6566,482.2493,462.9593,19.2900,0.04972464,0.04773565,19.2900,462.9593,0.04773565,19.2900,19.2900,19.2900,19.2900,19.2900,462.9593,0.04773565,96.4499,89.0364,385.7994,393.2129,0.03977971,0.04054411,0.00198899,9.5834,8.6562,0.4765,37.0961,1.0599,746.0305,77.8462,,9.5834,8.0113,10.5412,10.5412,12.6494,13.8722,21.0824,9.1708,0.0,1.315999,2.0,0.909138,29,128,28,2,0E-8,0.04972464,,0E-8,0.000000,0.903248,0.001976,,2026-03-31,2026-05-23,13,455,234,54,0.240741,,,0.000000,,,,,,,,GLOBAL_BASELINE_NO_ENTITY_RANKING,,,NOT_APPLICABLE_GLOBAL_BASELINE,HF9g-P5,,,,X 全窗基线 · 不参与实体赏罚,8393003,840,A168_HF9F_20260827_0900,2026-08-27 09:00:00
2026-04-10,147318574,2127,0,56.0791010479,-17.7091898046,-17.7091898046,0.2500000,5,5,0.50128862000000000,0.501288620000,-1.0051578182180947,-1.0051578182180947,-1.0051578182180947,0E-17,ELIGIBLE,R03b_20260811_FULL_v1,L1_ELIGIBILITY,v2026-08-11,2026-03-21..2026-08-06,baccarat_bet02_101_all_pairs_incl_sentinel,round_win = game_pnl > 0 (decisive only),COMPATIBILITY_ONLY_NOT_PRODUCTION,9698.3969,8760.0589,482.2493,1012,1012,-0.04972464,,-0.04972464,-0.04972464,-482.2493,9698.3969,OK,0.0000,19.2900,4.0000,96.0000,AG03-UNRESOLVED,ALL5_LEVELS_bet23_to_bet27,19.2900,19.2900,19.2900,19.2900,19.2900,4.000000,4.000000,4.000000,4.000000,4.000000,96.000000,96.000000,96.000000,96.000000,96.000000,5.0,96.4499,89.0364,385.7994,393.2129,PENDING_AG03,FALSE,NOT_FOR_ENFORCEMENT,462.9593,8409.6566,482.2493,462.9593,19.2900,0.04972464,0.04773565,19.2900,462.9593,0.04773565,19.2900,19.2900,19.2900,19.2900,19.2900,462.9593,0.04773565,96.4499,89.0364,385.7994,393.2129,0.03977971,0.04054411,0.00198899,9.5834,8.6562,0.4765,37.0961,1.0599,746.0305,77.8462,,9.5834,8.0113,10.5412,10.5412,12.6494,13.8722,21.0824,9.1708,0.0,1.315999,2.0,0.909138,29,128,28,2,0E-8,0.04972464,,0E-8,0.000000,0.903248,0.001976,,2026-03-31,2026-05-23,13,455,234,54,0.240741,,,0.000000,,,,,,,,GLOBAL_BASELINE_NO_ENTITY_RANKING,,,NOT_APPLICABLE_GLOBAL_BASELINE,HF9g-P5,,,,X 全窗基线 · 不参与实体赏罚,8393004,840,A168_HF9F_20260827_0900,2026-08-27 09:00:00
2026-04-10,147318574,2129,0,90.2325385282,-69.1501697132,-69.1501697132,0.1250000,8,8,0.49324550000000000,0.493245500000,-2.0833012242344795,-2.0833012242344795,-2.0833012242344795,0E-17,ELIGIBLE,R03b_20260811_FULL_v1,L1_ELIGIBILITY,v2026-08-11,2026-03-21..2026-08-06,baccarat_bet02_101_all_pairs_incl_sentinel,round_win = game_pnl > 0 (decisive only),COMPATIBILITY_ONLY_NOT_PRODUCTION,9698.3969,8760.0589,482.2493,1012,1012,-0.04972464,,-0.04972464,-0.04972464,-482.2493,9698.3969,OK,0.0000,19.2900,4.0000,96.0000,AG03-UNRESOLVED,ALL5_LEVELS_bet23_to_bet27,19.2900,19.2900,19.2900,19.2900,19.2900,4.000000,4.000000,4.000000,4.000000,4.000000,96.000000,96.000000,96.000000,96.000000,96.000000,5.0,96.4499,89.0364,385.7994,393.2129,PENDING_AG03,FALSE,NOT_FOR_ENFORCEMENT,462.9593,8409.6566,482.2493,462.9593,19.2900,0.04972464,0.04773565,19.2900,462.9593,0.04773565,19.2900,19.2900,19.2900,19.2900,19.2900,462.9593,0.04773565,96.4499,89.0364,385.7994,393.2129,0.03977971,0.04054411,0.00198899,9.5834,8.6562,0.4765,37.0961,1.0599,746.0305,77.8462,,9.5834,8.0113,10.5412,10.5412,12.6494,13.8722,21.0824,9.1708,0.0,1.315999,2.0,0.909138,29,128,28,2,0E-8,0.04972464,,0E-8,0.000000,0.903248,0.001976,,2026-03-31,2026-05-23,13,455,234,54,0.240741,,,0.000000,,,,,,,,GLOBAL_BASELINE_NO_ENTITY_RANKING,,,NOT_APPLICABLE_GLOBAL_BASELINE,HF9g-P5,,,,X 全窗基线 · 不参与实体赏罚,8393005,840,A168_HF9F_20260827_0900,2026-08-27 09:00:00
2026-04-10,147318574,2147,0,99.0871334305,-48.4894482745,-48.4894482745,0.2222222,9,9,0.49324550000000000,0.493245500000,-1.6262880665973993,-1.6262880665973993,-1.6262880665973993,0E-17,ELIGIBLE,R03b_20260811_FULL_v1,L1_ELIGIBILITY,v2026-08-11,2026-03-21..2026-08-06,baccarat_bet02_101_all_pairs_incl_sentinel,round_win = game_pnl > 0 (decisive only),COMPATIBILITY_ONLY_NOT_PRODUCTION,9698.3969,8760.0589,482.2493,1012,1012,-0.04972464,,-0.04972464,-0.04972464,-482.2493,9698.3969,OK,0.0000,19.2900,4.0000,96.0000,AG03-UNRESOLVED,ALL5_LEVELS_bet23_to_bet27,19.2900,19.2900,19.2900,19.2900,19.2900,4.000000,4.000000,4.000000,4.000000,4.000000,96.000000,96.000000,96.000000,96.000000,96.000000,5.0,96.4499,89.0364,385.7994,393.2129,PENDING_AG03,FALSE,NOT_FOR_ENFORCEMENT,462.9593,8409.6566,482.2493,462.9593,19.2900,0.04972464,0.04773565,19.2900,462.9593,0.04773565,19.2900,19.2900,19.2900,19.2900,19.2900,462.9593,0.04773565,96.4499,89.0364,385.7994,393.2129,0.03977971,0.04054411,0.00198899,9.5834,8.6562,0.4765,37.0961,1.0599,746.0305,77.8462,,9.5834,8.0113,10.5412,10.5412,12.6494,13.8722,21.0824,9.1708,0.0,1.315999,2.0,0.909138,29,128,28,2,0E-8,0.04972464,,0E-8,0.000000,0.903248,0.001976,,2026-03-31,2026-05-23,13,455,234,54,0.240741,,,0.000000,,,,,,,,GLOBAL_BASELINE_NO_ENTITY_RANKING,,,NOT_APPLICABLE_GLOBAL_BASELINE,HF9g-P5,,,,X 全窗基线 · 不参与实体赏罚,8393006,840,A168_HF9F_20260827_0900,2026-08-27 09:00:00
2026-04-10,147318574,2152,0,31.6235532225,10.5411844075,10.5411844075,0.6666667,3,3,0.49324550000000000,0.493245500000,0.6008033672792107,0.6008033672792106,0.6008033672792107,0E-17,ELIGIBLE,R03b_20260811_FULL_v1,L1_ELIGIBILITY,v2026-08-11,2026-03-21..2026-08-06,baccarat_bet02_101_all_pairs_incl_sentinel,round_win = game_pnl > 0 (decisive only),COMPATIBILITY_ONLY_NOT_PRODUCTION,9698.3969,8760.0589,482.2493,1012,1012,-0.04972464,,-0.04972464,-0.04972464,-482.2493,9698.3969,OK,0.0000,19.2900,4.0000,96.0000,AG03-UNRESOLVED,ALL5_LEVELS_bet23_to_bet27,19.2900,19.2900,19.2900,19.2900,19.2900,4.000000,4.000000,4.000000,4.000000,4.000000,96.000000,96.000000,96.000000,96.000000,96.000000,5.0,96.4499,89.0364,385.7994,393.2129,PENDING_AG03,FALSE,NOT_FOR_ENFORCEMENT,462.9593,8409.6566,482.2493,462.9593,19.2900,0.04972464,0.04773565,19.2900,462.9593,0.04773565,19.2900,19.2900,19.2900,19.2900,19.2900,462.9593,0.04773565,96.4499,89.0364,385.7994,393.2129,0.03977971,0.04054411,0.00198899,9.5834,8.6562,0.4765,37.0961,1.0599,746.0305,77.8462,,9.5834,8.0113,10.5412,10.5412,12.6494,13.8722,21.0824,9.1708,0.0,1.315999,2.0,0.909138,29,128,28,2,0E-8,0.04972464,,0E-8,0.000000,0.903248,0.001976,,2026-03-31,2026-05-23,13,455,234,54,0.240741,,,0.000000,,,,,,,,GLOBAL_BASELINE_NO_ENTITY_RANKING,,,NOT_APPLICABLE_GLOBAL_BASELINE,HF9g-P5,,,,X 全窗基线 · 不参与实体赏罚,8393007,840,A168_HF9F_20260827_0900,2026-08-27 09:00:00
2026-04-10,147318574,2169,0,10.5411844075,10.0141251871,10.0141251871,1.0000000,1,1,0.50665070000000000,0.506650700000,0.9867858985152569,0.9867858985152569,0.9867858985152569,0E-17,ELIGIBLE,R03b_20260811_FULL_v1,L1_ELIGIBILITY,v2026-08-11,2026-03-21..2026-08-06,baccarat_bet02_101_all_pairs_incl_sentinel,round_win = game_pnl > 0 (decisive only),COMPATIBILITY_ONLY_NOT_PRODUCTION,9698.3969,8760.0589,482.2493,1012,1012,-0.04972464,,-0.04972464,-0.04972464,-482.2493,9698.3969,OK,0.0000,19.2900,4.0000,96.0000,AG03-UNRESOLVED,ALL5_LEVELS_bet23_to_bet27,19.2900,19.2900,19.2900,19.2900,19.2900,4.000000,4.000000,4.000000,4.000000,4.000000,96.000000,96.000000,96.000000,96.000000,96.000000,5.0,96.4499,89.0364,385.7994,393.2129,PENDING_AG03,FALSE,NOT_FOR_ENFORCEMENT,462.9593,8409.6566,482.2493,462.9593,19.2900,0.04972464,0.04773565,19.2900,462.9593,0.04773565,19.2900,19.2900,19.2900,19.2900,19.2900,462.9593,0.04773565,96.4499,89.0364,385.7994,393.2129,0.03977971,0.04054411,0.00198899,9.5834,8.6562,0.4765,37.0961,1.0599,746.0305,77.8462,,9.5834,8.0113,10.5412,10.5412,12.6494,13.8722,21.0824,9.1708,0.0,1.315999,2.0,0.909138,29,128,28,2,0E-8,0.04972464,,0E-8,0.000000,0.903248,0.001976,,2026-03-31,2026-05-23,13,455,234,54,0.240741,,,0.000000,,,,,,,,GLOBAL_BASELINE_NO_ENTITY_RANKING,,,NOT_APPLICABLE_GLOBAL_BASELINE,HF9g-P5,,,,X 全窗基线 · 不参与实体赏罚,8393008,840,A168_HF9F_20260827_0900,2026-08-27 09:00:00
2026-04-10,147318574,2242,0,21.0823688150,-0.5270592204,-0.5270592204,0.5000000,2,2,0.49994810000000000,0.499948100000,0.00014679536856514622,0.00014679536856514622,0.00014679536856514622,0E-17,ELIGIBLE,R03b_20260811_FULL_v1,L1_ELIGIBILITY,v2026-08-11,2026-03-21..2026-08-06,baccarat_bet02_101_all_pairs_incl_sentinel,round_win = game_pnl > 0 (decisive only),COMPATIBILITY_ONLY_NOT_PRODUCTION,9698.3969,8760.0589,482.2493,1012,1012,-0.04972464,,-0.04972464,-0.04972464,-482.2493,9698.3969,OK,0.0000,19.2900,4.0000,96.0000,AG03-UNRESOLVED,ALL5_LEVELS_bet23_to_bet27,19.2900,19.2900,19.2900,19.2900,19.2900,4.000000,4.000000,4.000000,4.000000,4.000000,96.000000,96.000000,96.000000,96.000000,96.000000,5.0,96.4499,89.0364,385.7994,393.2129,PENDING_AG03,FALSE,NOT_FOR_ENFORCEMENT,462.9593,8409.6566,482.2493,462.9593,19.2900,0.04972464,0.04773565,19.2900,462.9593,0.04773565,19.2900,19.2900,19.2900,19.2900,19.2900,462.9593,0.04773565,96.4499,89.0364,385.7994,393.2129,0.03977971,0.04054411,0.00198899,9.5834,8.6562,0.4765,37.0961,1.0599,746.0305,77.8462,,9.5834,8.0113,10.5412,10.5412,12.6494,13.8722,21.0824,9.1708,0.0,1.315999,2.0,0.909138,29,128,28,2,0E-8,0.04972464,,0E-8,0.000000,0.903248,0.001976,,2026-03-31,2026-05-23,13,455,234,54,0.240741,,,0.000000,,,,,,,,GLOBAL_BASELINE_NO_ENTITY_RANKING,,,NOT_APPLICABLE_GLOBAL_BASELINE,HF9g-P5,,,,X 全窗基线 · 不参与实体赏罚,8393009,840,A168_HF9F_20260827_0900,2026-08-27 09:00:00
2026-04-10,147318574,2244,0,52.7059220375,-0.5270592204,-0.5270592204,0.5000000,5,5,0.49860758000000000,0.498607580000,0.005569701597489473,0.005569701597489473,0.005569701597489473,0E-17,ELIGIBLE,R03b_20260811_FULL_v1,L1_ELIGIBILITY,v2026-08-11,2026-03-21..2026-08-06,baccarat_bet02_101_all_pairs_incl_sentinel,round_win = game_pnl > 0 (decisive only),COMPATIBILITY_ONLY_NOT_PRODUCTION,9698.3969,8760.0589,482.2493,1012,1012,-0.04972464,,-0.04972464,-0.04972464,-482.2493,9698.3969,OK,0.0000,19.2900,4.0000,96.0000,AG03-UNRESOLVED,ALL5_LEVELS_bet23_to_bet27,19.2900,19.2900,19.2900,19.2900,19.2900,4.000000,4.000000,4.000000,4.000000,4.000000,96.000000,96.000000,96.000000,96.000000,96.000000,5.0,96.4499,89.0364,385.7994,393.2129,PENDING_AG03,FALSE,NOT_FOR_ENFORCEMENT,462.9593,8409.6566,482.2493,462.9593,19.2900,0.04972464,0.04773565,19.2900,462.9593,0.04773565,19.2900,19.2900,19.2900,19.2900,19.2900,462.9593,0.04773565,96.4499,89.0364,385.7994,393.2129,0.03977971,0.04054411,0.00198899,9.5834,8.6562,0.4765,37.0961,1.0599,746.0305,77.8462,,9.5834,8.0113,10.5412,10.5412,12.6494,13.8722,21.0824,9.1708,0.0,1.315999,2.0,0.909138,29,128,28,2,0E-8,0.04972464,,0E-8,0.000000,0.903248,0.001976,,2026-03-31,2026-05-23,13,455,234,54,0.240741,,,0.000000,,,,,,,,GLOBAL_BASELINE_NO_ENTITY_RANKING,,,NOT_APPLICABLE_GLOBAL_BASELINE,HF9g-P5,,,,X 全窗基线 · 不参与实体赏罚,8393010,840,A168_HF9F_20260827_0900,2026-08-27 09:00:00
2026-04-10,147318574,2251,0,10.5411844075,10.5411844075,10.5411844075,1.0000000,1,1,0.49324550000000000,0.493245500000,1.01360149184955,1.01360149184955,1.01360149184955,0E-17,ELIGIBLE,R03b_20260811_FULL_v1,L1_ELIGIBILITY,v2026-08-11,2026-03-21..2026-08-06,baccarat_bet02_101_all_pairs_incl_sentinel,round_win = game_pnl > 0 (decisive only),COMPATIBILITY_ONLY_NOT_PRODUCTION,9698.3969,8760.0589,482.2493,1012,1012,-0.04972464,,-0.04972464,-0.04972464,-482.2493,9698.3969,OK,0.0000,19.2900,4.0000,96.0000,AG03-UNRESOLVED,ALL5_LEVELS_bet23_to_bet27,19.2900,19.2900,19.2900,19.2900,19.2900,4.000000,4.000000,4.000000,4.000000,4.000000,96.000000,96.000000,96.000000,96.000000,96.000000,5.0,96.4499,89.0364,385.7994,393.2129,PENDING_AG03,FALSE,NOT_FOR_ENFORCEMENT,462.9593,8409.6566,482.2493,462.9593,19.2900,0.04972464,0.04773565,19.2900,462.9593,0.04773565,19.2900,19.2900,19.2900,19.2900,19.2900,462.9593,0.04773565,96.4499,89.0364,385.7994,393.2129,0.03977971,0.04054411,0.00198899,9.5834,8.6562,0.4765,37.0961,1.0599,746.0305,77.8462,,9.5834,8.0113,10.5412,10.5412,12.6494,13.8722,21.0824,9.1708,0.0,1.315999,2.0,0.909138,29,128,28,2,0E-8,0.04972464,,0E-8,0.000000,0.903248,0.001976,,2026-03-31,2026-05-23,13,455,234,54,0.240741,,,0.000000,,,,,,,,GLOBAL_BASELINE_NO_ENTITY_RANKING,,,NOT_APPLICABLE_GLOBAL_BASELINE,HF9g-P5,,,,X 全窗基线 · 不参与实体赏罚,8393011,840,A168_HF9F_20260827_0900,2026-08-27 09:00:00
2026-04-10,147318574,471,0,10.5411844075,10.5411844075,10.5411844075,1.0000000,1,1,0.49324550000000000,0.493245500000,1.01360149184955,1.01360149184955,1.01360149184955,0E-17,ELIGIBLE,R03b_20260811_FULL_v1,L1_ELIGIBILITY,v2026-08-11,2026-03-21..2026-08-06,baccarat_bet02_101_all_pairs_incl_sentinel,round_win = game_pnl > 0 (decisive only),COMPATIBILITY_ONLY_NOT_PRODUCTION,9698.3969,8760.0589,482.2493,1012,1012,-0.04972464,,-0.04972464,-0.04972464,-482.2493,9698.3969,OK,0.0000,19.2900,4.0000,96.0000,AG03-UNRESOLVED,ALL5_LEVELS_bet23_to_bet27,19.2900,19.2900,19.2900,19.2900,19.2900,4.000000,4.000000,4.000000,4.000000,4.000000,96.000000,96.000000,96.000000,96.000000,96.000000,5.0,96.4499,89.0364,385.7994,393.2129,PENDING_AG03,FALSE,NOT_FOR_ENFORCEMENT,462.9593,8409.6566,482.2493,462.9593,19.2900,0.04972464,0.04773565,19.2900,462.9593,0.04773565,19.2900,19.2900,19.2900,19.2900,19.2900,462.9593,0.04773565,96.4499,89.0364,385.7994,393.2129,0.03977971,0.04054411,0.00198899,9.5834,8.6562,0.4765,37.0961,1.0599,746.0305,77.8462,,9.5834,8.0113,10.5412,10.5412,12.6494,13.8722,21.0824,9.1708,0.0,1.315999,2.0,0.909138,29,128,28,2,0E-8,0.04972464,,0E-8,0.000000,0.903248,0.001976,,2026-03-31,2026-05-23,13,455,234,54,0.240741,,,0.000000,,,,,,,,GLOBAL_BASELINE_NO_ENTITY_RANKING,,,NOT_APPLICABLE_GLOBAL_BASELINE,HF9g-P5,,,,X 全窗基线 · 不参与实体赏罚,8393012,840,A168_HF9F_20260827_0900,2026-08-27 09:00:00
2026-04-10,147318574,526,0,21.0823688150,20.0282503742,20.0282503742,1.0000000,2,2,0.50665070000000000,0.506650700000,1.3955260008387969,1.3955260008387969,1.3955260008387969,0E-17,ELIGIBLE,R03b_20260811_FULL_v1,L1_ELIGIBILITY,v2026-08-11,2026-03-21..2026-08-06,baccarat_bet02_101_all_pairs_incl_sentinel,round_win = game_pnl > 0 (decisive only),COMPATIBILITY_ONLY_NOT_PRODUCTION,9698.3969,8760.0589,482.2493,1012,1012,-0.04972464,,-0.04972464,-0.04972464,-482.2493,9698.3969,OK,0.0000,19.2900,4.0000,96.0000,AG03-UNRESOLVED,ALL5_LEVELS_bet23_to_bet27,19.2900,19.2900,19.2900,19.2900,19.2900,4.000000,4.000000,4.000000,4.000000,4.000000,96.000000,96.000000,96.000000,96.000000,96.000000,5.0,96.4499,89.0364,385.7994,393.2129,PENDING_AG03,FALSE,NOT_FOR_ENFORCEMENT,462.9593,8409.6566,482.2493,462.9593,19.2900,0.04972464,0.04773565,19.2900,462.9593,0.04773565,19.2900,19.2900,19.2900,19.2900,19.2900,462.9593,0.04773565,96.4499,89.0364,385.7994,393.2129,0.03977971,0.04054411,0.00198899,9.5834,8.6562,0.4765,37.0961,1.0599,746.0305,77.8462,,9.5834,8.0113,10.5412,10.5412,12.6494,13.8722,21.0824,9.1708,0.0,1.315999,2.0,0.909138,29,128,28,2,0E-8,0.04972464,,0E-8,0.000000,0.903248,0.001976,,2026-03-31,2026-05-23,13,455,234,54,0.240741,,,0.000000,,,,,,,,GLOBAL_BASELINE_NO_ENTITY_RANKING,,,NOT_APPLICABLE_GLOBAL_BASELINE,HF9g-P5,,,,X 全窗基线 · 不参与实体赏罚,8393013,840,A168_HF9F_20260827_0900,2026-08-27 09:00:00
2026-04-10,147318574,583,0,52.7059220375,-31.6235532225,-31.6235532225,0.2000000,5,5,0.49324550000000000,0.493245500000,-1.3115534243649334,-1.3115534243649334,-1.3115534243649334,0E-17,ELIGIBLE,R03b_20260811_FULL_v1,L1_ELIGIBILITY,v2026-08-11,2026-03-21..2026-08-06,baccarat_bet02_101_all_pairs_incl_sentinel,round_win = game_pnl > 0 (decisive only),COMPATIBILITY_ONLY_NOT_PRODUCTION,9698.3969,8760.0589,482.2493,1012,1012,-0.04972464,,-0.04972464,-0.04972464,-482.2493,9698.3969,OK,0.0000,19.2900,4.0000,96.0000,AG03-UNRESOLVED,ALL5_LEVELS_bet23_to_bet27,19.2900,19.2900,19.2900,19.2900,19.2900,4.000000,4.000000,4.000000,4.000000,4.000000,96.000000,96.000000,96.000000,96.000000,96.000000,5.0,96.4499,89.0364,385.7994,393.2129,PENDING_AG03,FALSE,NOT_FOR_ENFORCEMENT,462.9593,8409.6566,482.2493,462.9593,19.2900,0.04972464,0.04773565,19.2900,462.9593,0.04773565,19.2900,19.2900,19.2900,19.2900,19.2900,462.9593,0.04773565,96.4499,89.0364,385.7994,393.2129,0.03977971,0.04054411,0.00198899,9.5834,8.6562,0.4765,37.0961,1.0599,746.0305,77.8462,,9.5834,8.0113,10.5412,10.5412,12.6494,13.8722,21.0824,9.1708,0.0,1.315999,2.0,0.909138,29,128,28,2,0E-8,0.04972464,,0E-8,0.000000,0.903248,0.001976,,2026-03-31,2026-05-23,13,455,234,54,0.240741,,,0.000000,,,,,,,,GLOBAL_BASELINE_NO_ENTITY_RANKING,,,NOT_APPLICABLE_GLOBAL_BASELINE,HF9g-P5,,,,X 全窗基线 · 不参与实体赏罚,8393014,840,A168_HF9F_20260827_0900,2026-08-27 09:00:00
2026-04-10,147318574,595,0,31.6235532225,10.0141251871,10.0141251871,0.6666667,3,3,0.49771390000000000,0.497713900000,0.5852756695216578,0.5852756695216578,0.5852756695216578,0E-17,ELIGIBLE,R03b_20260811_FULL_v1,L1_ELIGIBILITY,v2026-08-11,2026-03-21..2026-08-06,baccarat_bet02_101_all_pairs_incl_sentinel,round_win = game_pnl > 0 (decisive only),COMPATIBILITY_ONLY_NOT_PRODUCTION,9698.3969,8760.0589,482.2493,1012,1012,-0.04972464,,-0.04972464,-0.04972464,-482.2493,9698.3969,OK,0.0000,19.2900,4.0000,96.0000,AG03-UNRESOLVED,ALL5_LEVELS_bet23_to_bet27,19.2900,19.2900,19.2900,19.2900,19.2900,4.000000,4.000000,4.000000,4.000000,4.000000,96.000000,96.000000,96.000000,96.000000,96.000000,5.0,96.4499,89.0364,385.7994,393.2129,PENDING_AG03,FALSE,NOT_FOR_ENFORCEMENT,462.9593,8409.6566,482.2493,462.9593,19.2900,0.04972464,0.04773565,19.2900,462.9593,0.04773565,19.2900,19.2900,19.2900,19.2900,19.2900,462.9593,0.04773565,96.4499,89.0364,385.7994,393.2129,0.03977971,0.04054411,0.00198899,9.5834,8.6562,0.4765,37.0961,1.0599,746.0305,77.8462,,9.5834,8.0113,10.5412,10.5412,12.6494,13.8722,21.0824,9.1708,0.0,1.315999,2.0,0.909138,29,128,28,2,0E-8,0.04972464,,0E-8,0.000000,0.903248,0.001976,,2026-03-31,2026-05-23,13,455,234,54,0.240741,,,0.000000,,,,,,,,GLOBAL_BASELINE_NO_ENTITY_RANKING,,,NOT_APPLICABLE_GLOBAL_BASELINE,HF9g-P5,,,,X 全窗基线 · 不参与实体赏罚,8393015,840,A168_HF9F_20260827_0900,2026-08-27 09:00:00
2026-04-10,147318574,925,0,10.5411844075,10.0141251871,10.0141251871,1.0000000,1,1,0.50665070000000000,0.506650700000,0.9867858985152569,0.9867858985152569,0.9867858985152569,0E-17,ELIGIBLE,R03b_20260811_FULL_v1,L1_ELIGIBILITY,v2026-08-11,2026-03-21..2026-08-06,baccarat_bet02_101_all_pairs_incl_sentinel,round_win = game_pnl > 0 (decisive only),COMPATIBILITY_ONLY_NOT_PRODUCTION,9698.3969,8760.0589,482.2493,1012,1012,-0.04972464,,-0.04972464,-0.04972464,-482.2493,9698.3969,OK,0.0000,19.2900,4.0000,96.0000,AG03-UNRESOLVED,ALL5_LEVELS_bet23_to_bet27,19.2900,19.2900,19.2900,19.2900,19.2900,4.000000,4.000000,4.000000,4.000000,4.000000,96.000000,96.000000,96.000000,96.000000,96.000000,5.0,96.4499,89.0364,385.7994,393.2129,PENDING_AG03,FALSE,NOT_FOR_ENFORCEMENT,462.9593,8409.6566,482.2493,462.9593,19.2900,0.04972464,0.04773565,19.2900,462.9593,0.04773565,19.2900,19.2900,19.2900,19.2900,19.2900,462.9593,0.04773565,96.4499,89.0364,385.7994,393.2129,0.03977971,0.04054411,0.00198899,9.5834,8.6562,0.4765,37.0961,1.0599,746.0305,77.8462,,9.5834,8.0113,10.5412,10.5412,12.6494,13.8722,21.0824,9.1708,0.0,1.315999,2.0,0.909138,29,128,28,2,0E-8,0.04972464,,0E-8,0.000000,0.903248,0.001976,,2026-03-31,2026-05-23,13,455,234,54,0.240741,,,0.000000,,,,,,,,GLOBAL_BASELINE_NO_ENTITY_RANKING,,,NOT_APPLICABLE_GLOBAL_BASELINE,HF9g-P5,,,,X 全窗基线 · 不参与实体赏罚,8393016,840,A168_HF9F_20260827_0900,2026-08-27 09:00:00
2026-04-10,147318574,986,0,48.9110956508,-23.4225117535,-23.4225117535,0.2500000,4,4,0.49994810000000000,0.499948100000,-0.9997924053861017,-0.9997924053861017,-0.9997924053861017,0E-17,ELIGIBLE,R03b_20260811_FULL_v1,L1_ELIGIBILITY,v2026-08-11,2026-03-21..2026-08-06,baccarat_bet02_101_all_pairs_incl_sentinel,round_win = game_pnl > 0 (decisive only),COMPATIBILITY_ONLY_NOT_PRODUCTION,9698.3969,8760.0589,482.2493,1012,1012,-0.04972464,,-0.04972464,-0.04972464,-482.2493,9698.3969,OK,0.0000,19.2900,4.0000,96.0000,AG03-UNRESOLVED,ALL5_LEVELS_bet23_to_bet27,19.2900,19.2900,19.2900,19.2900,19.2900,4.000000,4.000000,4.000000,4.000000,4.000000,96.000000,96.000000,96.000000,96.000000,96.000000,5.0,96.4499,89.0364,385.7994,393.2129,PENDING_AG03,FALSE,NOT_FOR_ENFORCEMENT,462.9593,8409.6566,482.2493,462.9593,19.2900,0.04972464,0.04773565,19.2900,462.9593,0.04773565,19.2900,19.2900,19.2900,19.2900,19.2900,462.9593,0.04773565,96.4499,89.0364,385.7994,393.2129,0.03977971,0.04054411,0.00198899,9.5834,8.6562,0.4765,37.0961,1.0599,746.0305,77.8462,,9.5834,8.0113,10.5412,10.5412,12.6494,13.8722,21.0824,9.1708,0.0,1.315999,2.0,0.909138,29,128,28,2,0E-8,0.04972464,,0E-8,0.000000,0.903248,0.001976,,2026-03-31,2026-05-23,13,455,234,54,0.240741,,,0.000000,,,,,,,,GLOBAL_BASELINE_NO_ENTITY_RANKING,,,NOT_APPLICABLE_GLOBAL_BASELINE,HF9g-P5,,,,X 全窗基线 · 不参与实体赏罚,8393017,840,A168_HF9F_20260827_0900,2026-08-27 09:00:00
2026-04-11,147318574,-1,1,42.1647376300,0E-10,0E-10,0.5000000,4,4,0.49324550000000000,0.493245500000,0.027020465636507562,0.027020465636507562,0.027020465636507562,0E-17,SENTINEL_DEALER,R03b_20260811_FULL_v1,L1_ELIGIBILITY,v2026-08-11,2026-03-21..2026-08-06,baccarat_bet02_101_all_pairs_incl_sentinel,round_win = game_pnl > 0 (decisive only),COMPATIBILITY_ONLY_NOT_PRODUCTION,9698.3969,8760.0589,482.2493,1012,1012,-0.04972464,,-0.04972464,-0.04972464,-482.2493,9698.3969,OK,0.0000,19.2900,4.0000,96.0000,AG03-UNRESOLVED,ALL5_LEVELS_bet23_to_bet27,19.2900,19.2900,19.2900,19.2900,19.2900,4.000000,4.000000,4.000000,4.000000,4.000000,96.000000,96.000000,96.000000,96.000000,96.000000,5.0,96.4499,89.0364,385.7994,393.2129,PENDING_AG03,FALSE,NOT_FOR_ENFORCEMENT,462.9593,8409.6566,482.2493,462.9593,19.2900,0.04972464,0.04773565,19.2900,462.9593,0.04773565,19.2900,19.2900,19.2900,19.2900,19.2900,462.9593,0.04773565,96.4499,89.0364,385.7994,393.2129,0.03977971,0.04054411,0.00198899,9.5834,8.6562,0.4765,37.0961,1.0599,746.0305,77.8462,,9.5834,8.0113,10.5412,10.5412,12.6494,13.8722,21.0824,9.1708,0.0,1.315999,2.0,0.909138,29,128,28,2,0E-8,0.04972464,,0E-8,0.000000,0.903248,0.001976,,2026-03-31,2026-05-23,13,455,234,54,0.240741,,,0.000000,,,,,,,,GLOBAL_BASELINE_NO_ENTITY_RANKING,,,NOT_APPLICABLE_GLOBAL_BASELINE,HF9g-P5,,,,X 全窗基线 · 不参与实体赏罚,8393018,840,A168_HF9F_20260827_0900,2026-08-27 09:00:00
2026-04-11,147318574,1405,0,8.4329475260,8.0113001497,8.0113001497,1.0000000,1,1,0.50665070000000000,0.506650700000,0.9867858985152569,0.9867858985152569,0.9867858985152569,0E-17,ELIGIBLE,R03b_20260811_FULL_v1,L1_ELIGIBILITY,v2026-08-11,2026-03-21..2026-08-06,baccarat_bet02_101_all_pairs_incl_sentinel,round_win = game_pnl > 0 (decisive only),COMPATIBILITY_ONLY_NOT_PRODUCTION,9698.3969,8760.0589,482.2493,1012,1012,-0.04972464,,-0.04972464,-0.04972464,-482.2493,9698.3969,OK,0.0000,19.2900,4.0000,96.0000,AG03-UNRESOLVED,ALL5_LEVELS_bet23_to_bet27,19.2900,19.2900,19.2900,19.2900,19.2900,4.000000,4.000000,4.000000,4.000000,4.000000,96.000000,96.000000,96.000000,96.000000,96.000000,5.0,96.4499,89.0364,385.7994,393.2129,PENDING_AG03,FALSE,NOT_FOR_ENFORCEMENT,462.9593,8409.6566,482.2493,462.9593,19.2900,0.04972464,0.04773565,19.2900,462.9593,0.04773565,19.2900,19.2900,19.2900,19.2900,19.2900,462.9593,0.04773565,96.4499,89.0364,385.7994,393.2129,0.03977971,0.04054411,0.00198899,9.5834,8.6562,0.4765,37.0961,1.0599,746.0305,77.8462,,9.5834,8.0113,10.5412,10.5412,12.6494,13.8722,21.0824,9.1708,0.0,1.315999,2.0,0.909138,29,128,28,2,0E-8,0.04972464,,0E-8,0.000000,0.903248,0.001976,,2026-03-31,2026-05-23,13,455,234,54,0.240741,,,0.000000,,,,,,,,GLOBAL_BASELINE_NO_ENTITY_RANKING,,,NOT_APPLICABLE_GLOBAL_BASELINE,HF9g-P5,,,,X 全窗基线 · 不参与实体赏罚,8393019,840,A168_HF9F_20260827_0900,2026-08-27 09:00:00
2026-04-11,147318574,1940,0,40.0565007485,-18.9741319335,-18.9741319335,0.2500000,4,4,0.49994810000000000,0.499948100000,-0.9997924053861017,-0.9997924053861017,-0.9997924053861017,0E-17,ELIGIBLE,R03b_20260811_FULL_v1,L1_ELIGIBILITY,v2026-08-11,2026-03-21..2026-08-06,baccarat_bet02_101_all_pairs_incl_sentinel,round_win = game_pnl > 0 (decisive only),COMPATIBILITY_ONLY_NOT_PRODUCTION,9698.3969,8760.0589,482.2493,1012,1012,-0.04972464,,-0.04972464,-0.04972464,-482.2493,9698.3969,OK,0.0000,19.2900,4.0000,96.0000,AG03-UNRESOLVED,ALL5_LEVELS_bet23_to_bet27,19.2900,19.2900,19.2900,19.2900,19.2900,4.000000,4.000000,4.000000,4.000000,4.000000,96.000000,96.000000,96.000000,96.000000,96.000000,5.0,96.4499,89.0364,385.7994,393.2129,PENDING_AG03,FALSE,NOT_FOR_ENFORCEMENT,462.9593,8409.6566,482.2493,462.9593,19.2900,0.04972464,0.04773565,19.2900,462.9593,0.04773565,19.2900,19.2900,19.2900,19.2900,19.2900,462.9593,0.04773565,96.4499,89.0364,385.7994,393.2129,0.03977971,0.04054411,0.00198899,9.5834,8.6562,0.4765,37.0961,1.0599,746.0305,77.8462,,9.5834,8.0113,10.5412,10.5412,12.6494,13.8722,21.0824,9.1708,0.0,1.315999,2.0,0.909138,29,128,28,2,0E-8,0.04972464,,0E-8,0.000000,0.903248,0.001976,,2026-03-31,2026-05-23,13,455,234,54,0.240741,,,0.000000,,,,,,,,GLOBAL_BASELINE_NO_ENTITY_RANKING,,,NOT_APPLICABLE_GLOBAL_BASELINE,HF9g-P5,,,,X 全窗基线 · 不参与实体赏罚,8393020,840,A168_HF9F_20260827_0900,2026-08-27 09:00:00
2026-04-11,147318574,1951,0,10.5411844075,10.5411844075,10.5411844075,1.0000000,1,1,0.49324550000000000,0.493245500000,1.01360149184955,1.01360149184955,1.01360149184955,0E-17,ELIGIBLE,R03b_20260811_FULL_v1,L1_ELIGIBILITY,v2026-08-11,2026-03-21..2026-08-06,baccarat_bet02_101_all_pairs_incl_sentinel,round_win = game_pnl > 0 (decisive only),COMPATIBILITY_ONLY_NOT_PRODUCTION,9698.3969,8760.0589,482.2493,1012,1012,-0.04972464,,-0.04972464,-0.04972464,-482.2493,9698.3969,OK,0.0000,19.2900,4.0000,96.0000,AG03-UNRESOLVED,ALL5_LEVELS_bet23_to_bet27,19.2900,19.2900,19.2900,19.2900,19.2900,4.000000,4.000000,4.000000,4.000000,4.000000,96.000000,96.000000,96.000000,96.000000,96.000000,5.0,96.4499,89.0364,385.7994,393.2129,PENDING_AG03,FALSE,NOT_FOR_ENFORCEMENT,462.9593,8409.6566,482.2493,462.9593,19.2900,0.04972464,0.04773565,19.2900,462.9593,0.04773565,19.2900,19.2900,19.2900,19.2900,19.2900,462.9593,0.04773565,96.4499,89.0364,385.7994,393.2129,0.03977971,0.04054411,0.00198899,9.5834,8.6562,0.4765,37.0961,1.0599,746.0305,77.8462,,9.5834,8.0113,10.5412,10.5412,12.6494,13.8722,21.0824,9.1708,0.0,1.315999,2.0,0.909138,29,128,28,2,0E-8,0.04972464,,0E-8,0.000000,0.903248,0.001976,,2026-03-31,2026-05-23,13,455,234,54,0.240741,,,0.000000,,,,,,,,GLOBAL_BASELINE_NO_ENTITY_RANKING,,,NOT_APPLICABLE_GLOBAL_BASELINE,HF9g-P5,,,,X 全窗基线 · 不参与实体赏罚,8393021,840,A168_HF9F_20260827_0900,2026-08-27 09:00:00
2026-04-11,147318574,2177,0,10.5411844075,10.5411844075,10.5411844075,1.0000000,1,1,0.49324550000000000,0.493245500000,1.01360149184955,1.01360149184955,1.01360149184955,0E-17,ELIGIBLE,R03b_20260811_FULL_v1,L1_ELIGIBILITY,v2026-08-11,2026-03-21..2026-08-06,baccarat_bet02_101_all_pairs_incl_sentinel,round_win = game_pnl > 0 (decisive only),COMPATIBILITY_ONLY_NOT_PRODUCTION,9698.3969,8760.0589,482.2493,1012,1012,-0.04972464,,-0.04972464,-0.04972464,-482.2493,9698.3969,OK,0.0000,19.2900,4.0000,96.0000,AG03-UNRESOLVED,ALL5_LEVELS_bet23_to_bet27,19.2900,19.2900,19.2900,19.2900,19.2900,4.000000,4.000000,4.000000,4.000000,4.000000,96.000000,96.000000,96.000000,96.000000,96.000000,5.0,96.4499,89.0364,385.7994,393.2129,PENDING_AG03,FALSE,NOT_FOR_ENFORCEMENT,462.9593,8409.6566,482.2493,462.9593,19.2900,0.04972464,0.04773565,19.2900,462.9593,0.04773565,19.2900,19.2900,19.2900,19.2900,19.2900,462.9593,0.04773565,96.4499,89.0364,385.7994,393.2129,0.03977971,0.04054411,0.00198899,9.5834,8.6562,0.4765,37.0961,1.0599,746.0305,77.8462,,9.5834,8.0113,10.5412,10.5412,12.6494,13.8722,21.0824,9.1708,0.0,1.315999,2.0,0.909138,29,128,28,2,0E-8,0.04972464,,0E-8,0.000000,0.903248,0.001976,,2026-03-31,2026-05-23,13,455,234,54,0.240741,,,0.000000,,,,,,,,GLOBAL_BASELINE_NO_ENTITY_RANKING,,,NOT_APPLICABLE_GLOBAL_BASELINE,HF9g-P5,,,,X 全窗基线 · 不参与实体赏罚,8393022,840,A168_HF9F_20260827_0900,2026-08-27 09:00:00
2026-04-11,147318574,2209,0,44.2729745115,2.1082368815,2.1082368815,0.5000000,4,4,0.49324550000000000,0.493245500000,0.027020465636507562,0.027020465636507562,0.027020465636507562,0E-17,ELIGIBLE,R03b_20260811_FULL_v1,L1_ELIGIBILITY,v2026-08-11,2026-03-21..2026-08-06,baccarat_bet02_101_all_pairs_incl_sentinel,round_win = game_pnl > 0 (decisive only),COMPATIBILITY_ONLY_NOT_PRODUCTION,9698.3969,8760.0589,482.2493,1012,1012,-0.04972464,,-0.04972464,-0.04972464,-482.2493,9698.3969,OK,0.0000,19.2900,4.0000,96.0000,AG03-UNRESOLVED,ALL5_LEVELS_bet23_to_bet27,19.2900,19.2900,19.2900,19.2900,19.2900,4.000000,4.000000,4.000000,4.000000,4.000000,96.000000,96.000000,96.000000,96.000000,96.000000,5.0,96.4499,89.0364,385.7994,393.2129,PENDING_AG03,FALSE,NOT_FOR_ENFORCEMENT,462.9593,8409.6566,482.2493,462.9593,19.2900,0.04972464,0.04773565,19.2900,462.9593,0.04773565,19.2900,19.2900,19.2900,19.2900,19.2900,462.9593,0.04773565,96.4499,89.0364,385.7994,393.2129,0.03977971,0.04054411,0.00198899,9.5834,8.6562,0.4765,37.0961,1.0599,746.0305,77.8462,,9.5834,8.0113,10.5412,10.5412,12.6494,13.8722,21.0824,9.1708,0.0,1.315999,2.0,0.909138,29,128,28,2,0E-8,0.04972464,,0E-8,0.000000,0.903248,0.001976,,2026-03-31,2026-05-23,13,455,234,54,0.240741,,,0.000000,,,,,,,,GLOBAL_BASELINE_NO_ENTITY_RANKING,,,NOT_APPLICABLE_GLOBAL_BASELINE,HF9g-P5,,,,X 全窗基线 · 不参与实体赏罚,8393023,840,A168_HF9F_20260827_0900,2026-08-27 09:00:00
2026-04-11,147318574,2216,0,10.5411844075,10.5411844075,10.5411844075,1.0000000,1,1,0.49324550000000000,0.493245500000,1.01360149184955,1.01360149184955,1.01360149184955,0E-17,ELIGIBLE,R03b_20260811_FULL_v1,L1_ELIGIBILITY,v2026-08-11,2026-03-21..2026-08-06,baccarat_bet02_101_all_pairs_incl_sentinel,round_win = game_pnl > 0 (decisive only),COMPATIBILITY_ONLY_NOT_PRODUCTION,9698.3969,8760.0589,482.2493,1012,1012,-0.04972464,,-0.04972464,-0.04972464,-482.2493,9698.3969,OK,0.0000,19.2900,4.0000,96.0000,AG03-UNRESOLVED,ALL5_LEVELS_bet23_to_bet27,19.2900,19.2900,19.2900,19.2900,19.2900,4.000000,4.000000,4.000000,4.000000,4.000000,96.000000,96.000000,96.000000,96.000000,96.000000,5.0,96.4499,89.0364,385.7994,393.2129,PENDING_AG03,FALSE,NOT_FOR_ENFORCEMENT,462.9593,8409.6566,482.2493,462.9593,19.2900,0.04972464,0.04773565,19.2900,462.9593,0.04773565,19.2900,19.2900,19.2900,19.2900,19.2900,462.9593,0.04773565,96.4499,89.0364,385.7994,393.2129,0.03977971,0.04054411,0.00198899,9.5834,8.6562,0.4765,37.0961,1.0599,746.0305,77.8462,,9.5834,8.0113,10.5412,10.5412,12.6494,13.8722,21.0824,9.1708,0.0,1.315999,2.0,0.909138,29,128,28,2,0E-8,0.04972464,,0E-8,0.000000,0.903248,0.001976,,2026-03-31,2026-05-23,13,455,234,54,0.240741,,,0.000000,,,,,,,,GLOBAL_BASELINE_NO_ENTITY_RANKING,,,NOT_APPLICABLE_GLOBAL_BASELINE,HF9g-P5,,,,X 全窗基线 · 不参与实体赏罚,8393024,840,A168_HF9F_20260827_0900,2026-08-27 09:00:00
2026-04-12,147318574,-1,1,1055.5942065668,-29.3044926536,-29.3044926536,0.5000000,94,94,0.49966288297872340,0.499662882979,0.006179458476797177,0.006179458471727012,0.006179458476797177,-2.7660E-13,SENTINEL_DEALER,R03b_20260811_FULL_v1,L1_ELIGIBILITY,v2026-08-11,2026-03-21..2026-08-06,baccarat_bet02_101_all_pairs_incl_sentinel,round_win = game_pnl > 0 (decisive only),COMPATIBILITY_ONLY_NOT_PRODUCTION,9698.3969,8760.0589,482.2493,1012,1012,-0.04972464,,-0.04972464,-0.04972464,-482.2493,9698.3969,OK,0.0000,19.2900,4.0000,96.0000,AG03-UNRESOLVED,ALL5_LEVELS_bet23_to_bet27,19.2900,19.2900,19.2900,19.2900,19.2900,4.000000,4.000000,4.000000,4.000000,4.000000,96.000000,96.000000,96.000000,96.000000,96.000000,5.0,96.4499,89.0364,385.7994,393.2129,PENDING_AG03,FALSE,NOT_FOR_ENFORCEMENT,462.9593,8409.6566,482.2493,462.9593,19.2900,0.04972464,0.04773565,19.2900,462.9593,0.04773565,19.2900,19.2900,19.2900,19.2900,19.2900,462.9593,0.04773565,96.4499,89.0364,385.7994,393.2129,0.03977971,0.04054411,0.00198899,9.5834,8.6562,0.4765,37.0961,1.0599,746.0305,77.8462,,9.5834,8.0113,10.5412,10.5412,12.6494,13.8722,21.0824,9.1708,0.0,1.315999,2.0,0.909138,29,128,28,2,0E-8,0.04972464,,0E-8,0.000000,0.903248,0.001976,,2026-03-31,2026-05-23,13,455,234,54,0.240741,,,0.000000,,,,,,,,GLOBAL_BASELINE_NO_ENTITY_RANKING,,,NOT_APPLICABLE_GLOBAL_BASELINE,HF9g-P5,,,,X 全窗基线 · 不参与实体赏罚,8393025,840,A168_HF9F_20260827_0900,2026-08-27 09:00:00
2026-04-12,147318574,1004,0,54.8141589190,-13.1764805094,-13.1764805094,0.4000000,5,5,0.50396966000000000,0.503969660000,-0.4649811094771361,-0.4649811094771361,-0.4649811094771361,0E-17,ELIGIBLE,R03b_20260811_FULL_v1,L1_ELIGIBILITY,v2026-08-11,2026-03-21..2026-08-06,baccarat_bet02_101_all_pairs_incl_sentinel,round_win = game_pnl > 0 (decisive only),COMPATIBILITY_ONLY_NOT_PRODUCTION,9698.3969,8760.0589,482.2493,1012,1012,-0.04972464,,-0.04972464,-0.04972464,-482.2493,9698.3969,OK,0.0000,19.2900,4.0000,96.0000,AG03-UNRESOLVED,ALL5_LEVELS_bet23_to_bet27,19.2900,19.2900,19.2900,19.2900,19.2900,4.000000,4.000000,4.000000,4.000000,4.000000,96.000000,96.000000,96.000000,96.000000,96.000000,5.0,96.4499,89.0364,385.7994,393.2129,PENDING_AG03,FALSE,NOT_FOR_ENFORCEMENT,462.9593,8409.6566,482.2493,462.9593,19.2900,0.04972464,0.04773565,19.2900,462.9593,0.04773565,19.2900,19.2900,19.2900,19.2900,19.2900,462.9593,0.04773565,96.4499,89.0364,385.7994,393.2129,0.03977971,0.04054411,0.00198899,9.5834,8.6562,0.4765,37.0961,1.0599,746.0305,77.8462,,9.5834,8.0113,10.5412,10.5412,12.6494,13.8722,21.0824,9.1708,0.0,1.315999,2.0,0.909138,29,128,28,2,0E-8,0.04972464,,0E-8,0.000000,0.903248,0.001976,,2026-03-31,2026-05-23,13,455,234,54,0.240741,,,0.000000,,,,,,,,GLOBAL_BASELINE_NO_ENTITY_RANKING,,,NOT_APPLICABLE_GLOBAL_BASELINE,HF9g-P5,,,,X 全窗基线 · 不参与实体赏罚,8393026,840,A168_HF9F_20260827_0900,2026-08-27 09:00:00
2026-04-12,147318574,1094,0,31.6235532225,-10.5411844075,-10.5411844075,0.3333333,3,3,0.49324550000000000,0.493245500000,-0.5540025479526107,-0.5540025479526106,-0.5540025479526107,0E-17,ELIGIBLE,R03b_20260811_FULL_v1,L1_ELIGIBILITY,v2026-08-11,2026-03-21..2026-08-06,baccarat_bet02_101_all_pairs_incl_sentinel,round_win = game_pnl > 0 (decisive only),COMPATIBILITY_ONLY_NOT_PRODUCTION,9698.3969,8760.0589,482.2493,1012,1012,-0.04972464,,-0.04972464,-0.04972464,-482.2493,9698.3969,OK,0.0000,19.2900,4.0000,96.0000,AG03-UNRESOLVED,ALL5_LEVELS_bet23_to_bet27,19.2900,19.2900,19.2900,19.2900,19.2900,4.000000,4.000000,4.000000,4.000000,4.000000,96.000000,96.000000,96.000000,96.000000,96.000000,5.0,96.4499,89.0364,385.7994,393.2129,PENDING_AG03,FALSE,NOT_FOR_ENFORCEMENT,462.9593,8409.6566,482.2493,462.9593,19.2900,0.04972464,0.04773565,19.2900,462.9593,0.04773565,19.2900,19.2900,19.2900,19.2900,19.2900,462.9593,0.04773565,96.4499,89.0364,385.7994,393.2129,0.03977971,0.04054411,0.00198899,9.5834,8.6562,0.4765,37.0961,1.0599,746.0305,77.8462,,9.5834,8.0113,10.5412,10.5412,12.6494,13.8722,21.0824,9.1708,0.0,1.315999,2.0,0.909138,29,128,28,2,0E-8,0.04972464,,0E-8,0.000000,0.903248,0.001976,,2026-03-31,2026-05-23,13,455,234,54,0.240741,,,0.000000,,,,,,,,GLOBAL_BASELINE_NO_ENTITY_RANKING,,,NOT_APPLICABLE_GLOBAL_BASELINE,HF9g-P5,,,,X 全窗基线 · 不参与实体赏罚,8393027,840,A168_HF9F_20260827_0900,2026-08-27 09:00:00
2026-04-12,147318574,1109,0,42.1647376300,-1.0541184408,-1.0541184408,0.5000000,4,4,0.50329940000000000,0.503299400000,-0.01319788734859681,-0.01319788734859681,-0.01319788734859681,0E-17,ELIGIBLE,R03b_20260811_FULL_v1,L1_ELIGIBILITY,v2026-08-11,2026-03-21..2026-08-06,baccarat_bet02_101_all_pairs_incl_sentinel,round_win = game_pnl > 0 (decisive only),COMPATIBILITY_ONLY_NOT_PRODUCTION,9698.3969,8760.0589,482.2493,1012,1012,-0.04972464,,-0.04972464,-0.04972464,-482.2493,9698.3969,OK,0.0000,19.2900,4.0000,96.0000,AG03-UNRESOLVED,ALL5_LEVELS_bet23_to_bet27,19.2900,19.2900,19.2900,19.2900,19.2900,4.000000,4.000000,4.000000,4.000000,4.000000,96.000000,96.000000,96.000000,96.000000,96.000000,5.0,96.4499,89.0364,385.7994,393.2129,PENDING_AG03,FALSE,NOT_FOR_ENFORCEMENT,462.9593,8409.6566,482.2493,462.9593,19.2900,0.04972464,0.04773565,19.2900,462.9593,0.04773565,19.2900,19.2900,19.2900,19.2900,19.2900,462.9593,0.04773565,96.4499,89.0364,385.7994,393.2129,0.03977971,0.04054411,0.00198899,9.5834,8.6562,0.4765,37.0961,1.0599,746.0305,77.8462,,9.5834,8.0113,10.5412,10.5412,12.6494,13.8722,21.0824,9.1708,0.0,1.315999,2.0,0.909138,29,128,28,2,0E-8,0.04972464,,0E-8,0.000000,0.903248,0.001976,,2026-03-31,2026-05-23,13,455,234,54,0.240741,,,0.000000,,,,,,,,GLOBAL_BASELINE_NO_ENTITY_RANKING,,,NOT_APPLICABLE_GLOBAL_BASELINE,HF9g-P5,,,,X 全窗基线 · 不参与实体赏罚,8393028,840,A168_HF9F_20260827_0900,2026-08-27 09:00:00
2026-04-12,147318574,1205,0,8.4329475260,8.0113001497,8.0113001497,1.0000000,1,1,0.50665070000000000,0.506650700000,0.9867858985152569,0.9867858985152569,0.9867858985152569,0E-17,ELIGIBLE,R03b_20260811_FULL_v1,L1_ELIGIBILITY,v2026-08-11,2026-03-21..2026-08-06,baccarat_bet02_101_all_pairs_incl_sentinel,round_win = game_pnl > 0 (decisive only),COMPATIBILITY_ONLY_NOT_PRODUCTION,9698.3969,8760.0589,482.2493,1012,1012,-0.04972464,,-0.04972464,-0.04972464,-482.2493,9698.3969,OK,0.0000,19.2900,4.0000,96.0000,AG03-UNRESOLVED,ALL5_LEVELS_bet23_to_bet27,19.2900,19.2900,19.2900,19.2900,19.2900,4.000000,4.000000,4.000000,4.000000,4.000000,96.000000,96.000000,96.000000,96.000000,96.000000,5.0,96.4499,89.0364,385.7994,393.2129,PENDING_AG03,FALSE,NOT_FOR_ENFORCEMENT,462.9593,8409.6566,482.2493,462.9593,19.2900,0.04972464,0.04773565,19.2900,462.9593,0.04773565,19.2900,19.2900,19.2900,19.2900,19.2900,462.9593,0.04773565,96.4499,89.0364,385.7994,393.2129,0.03977971,0.04054411,0.00198899,9.5834,8.6562,0.4765,37.0961,1.0599,746.0305,77.8462,,9.5834,8.0113,10.5412,10.5412,12.6494,13.8722,21.0824,9.1708,0.0,1.315999,2.0,0.909138,29,128,28,2,0E-8,0.04972464,,0E-8,0.000000,0.903248,0.001976,,2026-03-31,2026-05-23,13,455,234,54,0.240741,,,0.000000,,,,,,,,GLOBAL_BASELINE_NO_ENTITY_RANKING,,,NOT_APPLICABLE_GLOBAL_BASELINE,HF9g-P5,,,,X 全窗基线 · 不参与实体赏罚,8393029,840,A168_HF9F_20260827_0900,2026-08-27 09:00:00
2026-04-12,147318574,1221,0,31.6235532225,31.0964940021,31.0964940021,1.0000000,3,3,0.49771390000000000,0.497713900000,1.739988277604938,1.739988277604938,1.739988277604938,0E-17,ELIGIBLE,R03b_20260811_FULL_v1,L1_ELIGIBILITY,v2026-08-11,2026-03-21..2026-08-06,baccarat_bet02_101_all_pairs_incl_sentinel,round_win = game_pnl > 0 (decisive only),COMPATIBILITY_ONLY_NOT_PRODUCTION,9698.3969,8760.0589,482.2493,1012,1012,-0.04972464,,-0.04972464,-0.04972464,-482.2493,9698.3969,OK,0.0000,19.2900,4.0000,96.0000,AG03-UNRESOLVED,ALL5_LEVELS_bet23_to_bet27,19.2900,19.2900,19.2900,19.2900,19.2900,4.000000,4.000000,4.000000,4.000000,4.000000,96.000000,96.000000,96.000000,96.000000,96.000000,5.0,96.4499,89.0364,385.7994,393.2129,PENDING_AG03,FALSE,NOT_FOR_ENFORCEMENT,462.9593,8409.6566,482.2493,462.9593,19.2900,0.04972464,0.04773565,19.2900,462.9593,0.04773565,19.2900,19.2900,19.2900,19.2900,19.2900,462.9593,0.04773565,96.4499,89.0364,385.7994,393.2129,0.03977971,0.04054411,0.00198899,9.5834,8.6562,0.4765,37.0961,1.0599,746.0305,77.8462,,9.5834,8.0113,10.5412,10.5412,12.6494,13.8722,21.0824,9.1708,0.0,1.315999,2.0,0.909138,29,128,28,2,0E-8,0.04972464,,0E-8,0.000000,0.903248,0.001976,,2026-03-31,2026-05-23,13,455,234,54,0.240741,,,0.000000,,,,,,,,GLOBAL_BASELINE_NO_ENTITY_RANKING,,,NOT_APPLICABLE_GLOBAL_BASELINE,HF9g-P5,,,,X 全窗基线 · 不参与实体赏罚,8393030,840,A168_HF9F_20260827_0900,2026-08-27 09:00:00
2026-04-12,147318574,1304,0,10.5411844075,-10.5411844075,-10.5411844075,0E-7,1,1,0.49324550000000000,0.493245500000,-0.9865810262130424,-0.9865810262130424,-0.9865810262130424,0E-17,ELIGIBLE,R03b_20260811_FULL_v1,L1_ELIGIBILITY,v2026-08-11,2026-03-21..2026-08-06,baccarat_bet02_101_all_pairs_incl_sentinel,round_win = game_pnl > 0 (decisive only),COMPATIBILITY_ONLY_NOT_PRODUCTION,9698.3969,8760.0589,482.2493,1012,1012,-0.04972464,,-0.04972464,-0.04972464,-482.2493,9698.3969,OK,0.0000,19.2900,4.0000,96.0000,AG03-UNRESOLVED,ALL5_LEVELS_bet23_to_bet27,19.2900,19.2900,19.2900,19.2900,19.2900,4.000000,4.000000,4.000000,4.000000,4.000000,96.000000,96.000000,96.000000,96.000000,96.000000,5.0,96.4499,89.0364,385.7994,393.2129,PENDING_AG03,FALSE,NOT_FOR_ENFORCEMENT,462.9593,8409.6566,482.2493,462.9593,19.2900,0.04972464,0.04773565,19.2900,462.9593,0.04773565,19.2900,19.2900,19.2900,19.2900,19.2900,462.9593,0.04773565,96.4499,89.0364,385.7994,393.2129,0.03977971,0.04054411,0.00198899,9.5834,8.6562,0.4765,37.0961,1.0599,746.0305,77.8462,,9.5834,8.0113,10.5412,10.5412,12.6494,13.8722,21.0824,9.1708,0.0,1.315999,2.0,0.909138,29,128,28,2,0E-8,0.04972464,,0E-8,0.000000,0.903248,0.001976,,2026-03-31,2026-05-23,13,455,234,54,0.240741,,,0.000000,,,,,,,,GLOBAL_BASELINE_NO_ENTITY_RANKING,,,NOT_APPLICABLE_GLOBAL_BASELINE,HF9g-P5,,,,X 全窗基线 · 不参与实体赏罚,8393031,840,A168_HF9F_20260827_0900,2026-08-27 09:00:00
2026-04-12,147318574,1307,0,47.4353298337,-12.1750679907,-12.1750679907,0.3333333,4,4,0.50329940000000000,0.503299400000,-0.5887925454369916,-0.5887925454369916,-0.5887925454369916,0E-17,ELIGIBLE,R03b_20260811_FULL_v1,L1_ELIGIBILITY,v2026-08-11,2026-03-21..2026-08-06,baccarat_bet02_101_all_pairs_incl_sentinel,round_win = game_pnl > 0 (decisive only),COMPATIBILITY_ONLY_NOT_PRODUCTION,9698.3969,8760.0589,482.2493,1012,1012,-0.04972464,,-0.04972464,-0.04972464,-482.2493,9698.3969,OK,0.0000,19.2900,4.0000,96.0000,AG03-UNRESOLVED,ALL5_LEVELS_bet23_to_bet27,19.2900,19.2900,19.2900,19.2900,19.2900,4.000000,4.000000,4.000000,4.000000,4.000000,96.000000,96.000000,96.000000,96.000000,96.000000,5.0,96.4499,89.0364,385.7994,393.2129,PENDING_AG03,FALSE,NOT_FOR_ENFORCEMENT,462.9593,8409.6566,482.2493,462.9593,19.2900,0.04972464,0.04773565,19.2900,462.9593,0.04773565,19.2900,19.2900,19.2900,19.2900,19.2900,462.9593,0.04773565,96.4499,89.0364,385.7994,393.2129,0.03977971,0.04054411,0.00198899,9.5834,8.6562,0.4765,37.0961,1.0599,746.0305,77.8462,,9.5834,8.0113,10.5412,10.5412,12.6494,13.8722,21.0824,9.1708,0.0,1.315999,2.0,0.909138,29,128,28,2,0E-8,0.04972464,,0E-8,0.000000,0.903248,0.001976,,2026-03-31,2026-05-23,13,455,234,54,0.240741,,,0.000000,,,,,,,,GLOBAL_BASELINE_NO_ENTITY_RANKING,,,NOT_APPLICABLE_GLOBAL_BASELINE,HF9g-P5,,,,X 全窗基线 · 不参与实体赏罚,8393032,840,A168_HF9F_20260827_0900,2026-08-27 09:00:00
2026-04-12,147318574,1382,0,65.9878143909,-45.4325047963,-45.4325047963,0.1666667,6,6,0.50665070000000000,0.506650700000,-1.6657221670529434,-1.6657221670529434,-1.6657221670529434,0E-17,ELIGIBLE,R03b_20260811_FULL_v1,L1_ELIGIBILITY,v2026-08-11,2026-03-21..2026-08-06,baccarat_bet02_101_all_pairs_incl_sentinel,round_win = game_pnl > 0 (decisive only),COMPATIBILITY_ONLY_NOT_PRODUCTION,9698.3969,8760.0589,482.2493,1012,1012,-0.04972464,,-0.04972464,-0.04972464,-482.2493,9698.3969,OK,0.0000,19.2900,4.0000,96.0000,AG03-UNRESOLVED,ALL5_LEVELS_bet23_to_bet27,19.2900,19.2900,19.2900,19.2900,19.2900,4.000000,4.000000,4.000000,4.000000,4.000000,96.000000,96.000000,96.000000,96.000000,96.000000,5.0,96.4499,89.0364,385.7994,393.2129,PENDING_AG03,FALSE,NOT_FOR_ENFORCEMENT,462.9593,8409.6566,482.2493,462.9593,19.2900,0.04972464,0.04773565,19.2900,462.9593,0.04773565,19.2900,19.2900,19.2900,19.2900,19.2900,462.9593,0.04773565,96.4499,89.0364,385.7994,393.2129,0.03977971,0.04054411,0.00198899,9.5834,8.6562,0.4765,37.0961,1.0599,746.0305,77.8462,,9.5834,8.0113,10.5412,10.5412,12.6494,13.8722,21.0824,9.1708,0.0,1.315999,2.0,0.909138,29,128,28,2,0E-8,0.04972464,,0E-8,0.000000,0.903248,0.001976,,2026-03-31,2026-05-23,13,455,234,54,0.240741,,,0.000000,,,,,,,,GLOBAL_BASELINE_NO_ENTITY_RANKING,,,NOT_APPLICABLE_GLOBAL_BASELINE,HF9g-P5,,,,X 全窗基线 · 不参与实体赏罚,8393033,840,A168_HF9F_20260827_0900,2026-08-27 09:00:00
2026-04-12,147318574,1402,0,10.5411844075,10.5411844075,10.5411844075,1.0000000,1,1,0.49324550000000000,0.493245500000,1.01360149184955,1.01360149184955,1.01360149184955,0E-17,ELIGIBLE,R03b_20260811_FULL_v1,L1_ELIGIBILITY,v2026-08-11,2026-03-21..2026-08-06,baccarat_bet02_101_all_pairs_incl_sentinel,round_win = game_pnl > 0 (decisive only),COMPATIBILITY_ONLY_NOT_PRODUCTION,9698.3969,8760.0589,482.2493,1012,1012,-0.04972464,,-0.04972464,-0.04972464,-482.2493,9698.3969,OK,0.0000,19.2900,4.0000,96.0000,AG03-UNRESOLVED,ALL5_LEVELS_bet23_to_bet27,19.2900,19.2900,19.2900,19.2900,19.2900,4.000000,4.000000,4.000000,4.000000,4.000000,96.000000,96.000000,96.000000,96.000000,96.000000,5.0,96.4499,89.0364,385.7994,393.2129,PENDING_AG03,FALSE,NOT_FOR_ENFORCEMENT,462.9593,8409.6566,482.2493,462.9593,19.2900,0.04972464,0.04773565,19.2900,462.9593,0.04773565,19.2900,19.2900,19.2900,19.2900,19.2900,462.9593,0.04773565,96.4499,89.0364,385.7994,393.2129,0.03977971,0.04054411,0.00198899,9.5834,8.6562,0.4765,37.0961,1.0599,746.0305,77.8462,,9.5834,8.0113,10.5412,10.5412,12.6494,13.8722,21.0824,9.1708,0.0,1.315999,2.0,0.909138,29,128,28,2,0E-8,0.04972464,,0E-8,0.000000,0.903248,0.001976,,2026-03-31,2026-05-23,13,455,234,54,0.240741,,,0.000000,,,,,,,,GLOBAL_BASELINE_NO_ENTITY_RANKING,,,NOT_APPLICABLE_GLOBAL_BASELINE,HF9g-P5,,,,X 全窗基线 · 不参与实体赏罚,8393034,840,A168_HF9F_20260827_0900,2026-08-27 09:00:00
2026-04-12,147318574,1491,0,109.6283178380,-49.1219193390,-49.1219193390,0.2500000,9,9,0.50516123333333333,0.505161233333,-1.4434868132908742,-1.4434868132889787,-1.4434868132908742,3.3333E-13,ELIGIBLE,R03b_20260811_FULL_v1,L1_ELIGIBILITY,v2026-08-11,2026-03-21..2026-08-06,baccarat_bet02_101_all_pairs_incl_sentinel,round_win = game_pnl > 0 (decisive only),COMPATIBILITY_ONLY_NOT_PRODUCTION,9698.3969,8760.0589,482.2493,1012,1012,-0.04972464,,-0.04972464,-0.04972464,-482.2493,9698.3969,OK,0.0000,19.2900,4.0000,96.0000,AG03-UNRESOLVED,ALL5_LEVELS_bet23_to_bet27,19.2900,19.2900,19.2900,19.2900,19.2900,4.000000,4.000000,4.000000,4.000000,4.000000,96.000000,96.000000,96.000000,96.000000,96.000000,5.0,96.4499,89.0364,385.7994,393.2129,PENDING_AG03,FALSE,NOT_FOR_ENFORCEMENT,462.9593,8409.6566,482.2493,462.9593,19.2900,0.04972464,0.04773565,19.2900,462.9593,0.04773565,19.2900,19.2900,19.2900,19.2900,19.2900,462.9593,0.04773565,96.4499,89.0364,385.7994,393.2129,0.03977971,0.04054411,0.00198899,9.5834,8.6562,0.4765,37.0961,1.0599,746.0305,77.8462,,9.5834,8.0113,10.5412,10.5412,12.6494,13.8722,21.0824,9.1708,0.0,1.315999,2.0,0.909138,29,128,28,2,0E-8,0.04972464,,0E-8,0.000000,0.903248,0.001976,,2026-03-31,2026-05-23,13,455,234,54,0.240741,,,0.000000,,,,,,,,GLOBAL_BASELINE_NO_ENTITY_RANKING,,,NOT_APPLICABLE_GLOBAL_BASELINE,HF9g-P5,,,,X 全窗基线 · 不参与实体赏罚,8393035,840,A168_HF9F_20260827_0900,2026-08-27 09:00:00
2026-04-12,147318574,1623,0,12.6494212890,12.6494212890,12.6494212890,1.0000000,1,1,0.49324550000000000,0.493245500000,1.01360149184955,1.01360149184955,1.01360149184955,0E-17,ELIGIBLE,R03b_20260811_FULL_v1,L1_ELIGIBILITY,v2026-08-11,2026-03-21..2026-08-06,baccarat_bet02_101_all_pairs_incl_sentinel,round_win = game_pnl > 0 (decisive only),COMPATIBILITY_ONLY_NOT_PRODUCTION,9698.3969,8760.0589,482.2493,1012,1012,-0.04972464,,-0.04972464,-0.04972464,-482.2493,9698.3969,OK,0.0000,19.2900,4.0000,96.0000,AG03-UNRESOLVED,ALL5_LEVELS_bet23_to_bet27,19.2900,19.2900,19.2900,19.2900,19.2900,4.000000,4.000000,4.000000,4.000000,4.000000,96.000000,96.000000,96.000000,96.000000,96.000000,5.0,96.4499,89.0364,385.7994,393.2129,PENDING_AG03,FALSE,NOT_FOR_ENFORCEMENT,462.9593,8409.6566,482.2493,462.9593,19.2900,0.04972464,0.04773565,19.2900,462.9593,0.04773565,19.2900,19.2900,19.2900,19.2900,19.2900,462.9593,0.04773565,96.4499,89.0364,385.7994,393.2129,0.03977971,0.04054411,0.00198899,9.5834,8.6562,0.4765,37.0961,1.0599,746.0305,77.8462,,9.5834,8.0113,10.5412,10.5412,12.6494,13.8722,21.0824,9.1708,0.0,1.315999,2.0,0.909138,29,128,28,2,0E-8,0.04972464,,0E-8,0.000000,0.903248,0.001976,,2026-03-31,2026-05-23,13,455,234,54,0.240741,,,0.000000,,,,,,,,GLOBAL_BASELINE_NO_ENTITY_RANKING,,,NOT_APPLICABLE_GLOBAL_BASELINE,HF9g-P5,,,,X 全窗基线 · 不参与实体赏罚,8393036,840,A168_HF9F_20260827_0900,2026-08-27 09:00:00
2026-04-12,147318574,1645,0,35.8400269855,22.6635464761,22.6635464761,1.0000000,3,3,0.49771390000000000,0.497713900000,1.4206944795187548,1.420694479518755,1.4206944795187548,0E-17,ELIGIBLE,R03b_20260811_FULL_v1,L1_ELIGIBILITY,v2026-08-11,2026-03-21..2026-08-06,baccarat_bet02_101_all_pairs_incl_sentinel,round_win = game_pnl > 0 (decisive only),COMPATIBILITY_ONLY_NOT_PRODUCTION,9698.3969,8760.0589,482.2493,1012,1012,-0.04972464,,-0.04972464,-0.04972464,-482.2493,9698.3969,OK,0.0000,19.2900,4.0000,96.0000,AG03-UNRESOLVED,ALL5_LEVELS_bet23_to_bet27,19.2900,19.2900,19.2900,19.2900,19.2900,4.000000,4.000000,4.000000,4.000000,4.000000,96.000000,96.000000,96.000000,96.000000,96.000000,5.0,96.4499,89.0364,385.7994,393.2129,PENDING_AG03,FALSE,NOT_FOR_ENFORCEMENT,462.9593,8409.6566,482.2493,462.9593,19.2900,0.04972464,0.04773565,19.2900,462.9593,0.04773565,19.2900,19.2900,19.2900,19.2900,19.2900,462.9593,0.04773565,96.4499,89.0364,385.7994,393.2129,0.03977971,0.04054411,0.00198899,9.5834,8.6562,0.4765,37.0961,1.0599,746.0305,77.8462,,9.5834,8.0113,10.5412,10.5412,12.6494,13.8722,21.0824,9.1708,0.0,1.315999,2.0,0.909138,29,128,28,2,0E-8,0.04972464,,0E-8,0.000000,0.903248,0.001976,,2026-03-31,2026-05-23,13,455,234,54,0.240741,,,0.000000,,,,,,,,GLOBAL_BASELINE_NO_ENTITY_RANKING,,,NOT_APPLICABLE_GLOBAL_BASELINE,HF9g-P5,,,,X 全窗基线 · 不参与实体赏罚,8393037,840,A168_HF9F_20260827_0900,2026-08-27 09:00:00
2026-04-12,147318574,1710,0,10.5411844075,10.5411844075,10.5411844075,1.0000000,1,1,0.49324550000000000,0.493245500000,1.01360149184955,1.01360149184955,1.01360149184955,0E-17,ELIGIBLE,R03b_20260811_FULL_v1,L1_ELIGIBILITY,v2026-08-11,2026-03-21..2026-08-06,baccarat_bet02_101_all_pairs_incl_sentinel,round_win = game_pnl > 0 (decisive only),COMPATIBILITY_ONLY_NOT_PRODUCTION,9698.3969,8760.0589,482.2493,1012,1012,-0.04972464,,-0.04972464,-0.04972464,-482.2493,9698.3969,OK,0.0000,19.2900,4.0000,96.0000,AG03-UNRESOLVED,ALL5_LEVELS_bet23_to_bet27,19.2900,19.2900,19.2900,19.2900,19.2900,4.000000,4.000000,4.000000,4.000000,4.000000,96.000000,96.000000,96.000000,96.000000,96.000000,5.0,96.4499,89.0364,385.7994,393.2129,PENDING_AG03,FALSE,NOT_FOR_ENFORCEMENT,462.9593,8409.6566,482.2493,462.9593,19.2900,0.04972464,0.04773565,19.2900,462.9593,0.04773565,19.2900,19.2900,19.2900,19.2900,19.2900,462.9593,0.04773565,96.4499,89.0364,385.7994,393.2129,0.03977971,0.04054411,0.00198899,9.5834,8.6562,0.4765,37.0961,1.0599,746.0305,77.8462,,9.5834,8.0113,10.5412,10.5412,12.6494,13.8722,21.0824,9.1708,0.0,1.315999,2.0,0.909138,29,128,28,2,0E-8,0.04972464,,0E-8,0.000000,0.903248,0.001976,,2026-03-31,2026-05-23,13,455,234,54,0.240741,,,0.000000,,,,,,,,GLOBAL_BASELINE_NO_ENTITY_RANKING,,,NOT_APPLICABLE_GLOBAL_BASELINE,HF9g-P5,,,,X 全窗基线 · 不参与实体赏罚,8393038,840,A168_HF9F_20260827_0900,2026-08-27 09:00:00
2026-04-12,147318574,1942,0,10.5411844075,10.5411844075,10.5411844075,1.0000000,1,1,0.49324550000000000,0.493245500000,1.01360149184955,1.01360149184955,1.01360149184955,0E-17,ELIGIBLE,R03b_20260811_FULL_v1,L1_ELIGIBILITY,v2026-08-11,2026-03-21..2026-08-06,baccarat_bet02_101_all_pairs_incl_sentinel,round_win = game_pnl > 0 (decisive only),COMPATIBILITY_ONLY_NOT_PRODUCTION,9698.3969,8760.0589,482.2493,1012,1012,-0.04972464,,-0.04972464,-0.04972464,-482.2493,9698.3969,OK,0.0000,19.2900,4.0000,96.0000,AG03-UNRESOLVED,ALL5_LEVELS_bet23_to_bet27,19.2900,19.2900,19.2900,19.2900,19.2900,4.000000,4.000000,4.000000,4.000000,4.000000,96.000000,96.000000,96.000000,96.000000,96.000000,5.0,96.4499,89.0364,385.7994,393.2129,PENDING_AG03,FALSE,NOT_FOR_ENFORCEMENT,462.9593,8409.6566,482.2493,462.9593,19.2900,0.04972464,0.04773565,19.2900,462.9593,0.04773565,19.2900,19.2900,19.2900,19.2900,19.2900,462.9593,0.04773565,96.4499,89.0364,385.7994,393.2129,0.03977971,0.04054411,0.00198899,9.5834,8.6562,0.4765,37.0961,1.0599,746.0305,77.8462,,9.5834,8.0113,10.5412,10.5412,12.6494,13.8722,21.0824,9.1708,0.0,1.315999,2.0,0.909138,29,128,28,2,0E-8,0.04972464,,0E-8,0.000000,0.903248,0.001976,,2026-03-31,2026-05-23,13,455,234,54,0.240741,,,0.000000,,,,,,,,GLOBAL_BASELINE_NO_ENTITY_RANKING,,,NOT_APPLICABLE_GLOBAL_BASELINE,HF9g-P5,,,,X 全窗基线 · 不参与实体赏罚,8393039,840,A168_HF9F_20260827_0900,2026-08-27 09:00:00
2026-04-12,147318574,1957,0,31.2019058462,-10.1195370312,-10.1195370312,0E-7,3,3,0.50665070000000000,0.506650700000,-1.013391052207602,-1.013391052207602,-1.013391052207602,0E-17,ELIGIBLE,R03b_20260811_FULL_v1,L1_ELIGIBILITY,v2026-08-11,2026-03-21..2026-08-06,baccarat_bet02_101_all_pairs_incl_sentinel,round_win = game_pnl > 0 (decisive only),COMPATIBILITY_ONLY_NOT_PRODUCTION,9698.3969,8760.0589,482.2493,1012,1012,-0.04972464,,-0.04972464,-0.04972464,-482.2493,9698.3969,OK,0.0000,19.2900,4.0000,96.0000,AG03-UNRESOLVED,ALL5_LEVELS_bet23_to_bet27,19.2900,19.2900,19.2900,19.2900,19.2900,4.000000,4.000000,4.000000,4.000000,4.000000,96.000000,96.000000,96.000000,96.000000,96.000000,5.0,96.4499,89.0364,385.7994,393.2129,PENDING_AG03,FALSE,NOT_FOR_ENFORCEMENT,462.9593,8409.6566,482.2493,462.9593,19.2900,0.04972464,0.04773565,19.2900,462.9593,0.04773565,19.2900,19.2900,19.2900,19.2900,19.2900,462.9593,0.04773565,96.4499,89.0364,385.7994,393.2129,0.03977971,0.04054411,0.00198899,9.5834,8.6562,0.4765,37.0961,1.0599,746.0305,77.8462,,9.5834,8.0113,10.5412,10.5412,12.6494,13.8722,21.0824,9.1708,0.0,1.315999,2.0,0.909138,29,128,28,2,0E-8,0.04972464,,0E-8,0.000000,0.903248,0.001976,,2026-03-31,2026-05-23,13,455,234,54,0.240741,,,0.000000,,,,,,,,GLOBAL_BASELINE_NO_ENTITY_RANKING,,,NOT_APPLICABLE_GLOBAL_BASELINE,HF9g-P5,,,,X 全窗基线 · 不参与实体赏罚,8393040,840,A168_HF9F_20260827_0900,2026-08-27 09:00:00
2026-04-12,147318574,1963,0,28.6720215883,27.7654797293,27.7654797293,1.0000000,3,3,0.50218230000000000,0.502182300000,1.724507524396475,1.7245075243964754,1.724507524396475,0E-17,ELIGIBLE,R03b_20260811_FULL_v1,L1_ELIGIBILITY,v2026-08-11,2026-03-21..2026-08-06,baccarat_bet02_101_all_pairs_incl_sentinel,round_win = game_pnl > 0 (decisive only),COMPATIBILITY_ONLY_NOT_PRODUCTION,9698.3969,8760.0589,482.2493,1012,1012,-0.04972464,,-0.04972464,-0.04972464,-482.2493,9698.3969,OK,0.0000,19.2900,4.0000,96.0000,AG03-UNRESOLVED,ALL5_LEVELS_bet23_to_bet27,19.2900,19.2900,19.2900,19.2900,19.2900,4.000000,4.000000,4.000000,4.000000,4.000000,96.000000,96.000000,96.000000,96.000000,96.000000,5.0,96.4499,89.0364,385.7994,393.2129,PENDING_AG03,FALSE,NOT_FOR_ENFORCEMENT,462.9593,8409.6566,482.2493,462.9593,19.2900,0.04972464,0.04773565,19.2900,462.9593,0.04773565,19.2900,19.2900,19.2900,19.2900,19.2900,462.9593,0.04773565,96.4499,89.0364,385.7994,393.2129,0.03977971,0.04054411,0.00198899,9.5834,8.6562,0.4765,37.0961,1.0599,746.0305,77.8462,,9.5834,8.0113,10.5412,10.5412,12.6494,13.8722,21.0824,9.1708,0.0,1.315999,2.0,0.909138,29,128,28,2,0E-8,0.04972464,,0E-8,0.000000,0.903248,0.001976,,2026-03-31,2026-05-23,13,455,234,54,0.240741,,,0.000000,,,,,,,,GLOBAL_BASELINE_NO_ENTITY_RANKING,,,NOT_APPLICABLE_GLOBAL_BASELINE,HF9g-P5,,,,X 全窗基线 · 不参与实体赏罚,8393041,840,A168_HF9F_20260827_0900,2026-08-27 09:00:00
2026-04-12,147318574,1985,0,59.0306326820,-25.8259017984,-25.8259017984,0.2500000,5,5,0.50396966000000000,0.503969660000,-1.01591065835228,-1.0159106583522801,-1.01591065835228,0E-17,ELIGIBLE,R03b_20260811_FULL_v1,L1_ELIGIBILITY,v2026-08-11,2026-03-21..2026-08-06,baccarat_bet02_101_all_pairs_incl_sentinel,round_win = game_pnl > 0 (decisive only),COMPATIBILITY_ONLY_NOT_PRODUCTION,9698.3969,8760.0589,482.2493,1012,1012,-0.04972464,,-0.04972464,-0.04972464,-482.2493,9698.3969,OK,0.0000,19.2900,4.0000,96.0000,AG03-UNRESOLVED,ALL5_LEVELS_bet23_to_bet27,19.2900,19.2900,19.2900,19.2900,19.2900,4.000000,4.000000,4.000000,4.000000,4.000000,96.000000,96.000000,96.000000,96.000000,96.000000,5.0,96.4499,89.0364,385.7994,393.2129,PENDING_AG03,FALSE,NOT_FOR_ENFORCEMENT,462.9593,8409.6566,482.2493,462.9593,19.2900,0.04972464,0.04773565,19.2900,462.9593,0.04773565,19.2900,19.2900,19.2900,19.2900,19.2900,462.9593,0.04773565,96.4499,89.0364,385.7994,393.2129,0.03977971,0.04054411,0.00198899,9.5834,8.6562,0.4765,37.0961,1.0599,746.0305,77.8462,,9.5834,8.0113,10.5412,10.5412,12.6494,13.8722,21.0824,9.1708,0.0,1.315999,2.0,0.909138,29,128,28,2,0E-8,0.04972464,,0E-8,0.000000,0.903248,0.001976,,2026-03-31,2026-05-23,13,455,234,54,0.240741,,,0.000000,,,,,,,,GLOBAL_BASELINE_NO_ENTITY_RANKING,,,NOT_APPLICABLE_GLOBAL_BASELINE,HF9g-P5,,,,X 全窗基线 · 不参与实体赏罚,8393042,840,A168_HF9F_20260827_0900,2026-08-27 09:00:00
2026-04-12,147318574,1994,0,10.5411844075,-10.5411844075,-10.5411844075,0E-7,1,1,0.50665070000000000,0.506650700000,-1.013391052207602,-1.013391052207602,-1.013391052207602,0E-17,ELIGIBLE,R03b_20260811_FULL_v1,L1_ELIGIBILITY,v2026-08-11,2026-03-21..2026-08-06,baccarat_bet02_101_all_pairs_incl_sentinel,round_win = game_pnl > 0 (decisive only),COMPATIBILITY_ONLY_NOT_PRODUCTION,9698.3969,8760.0589,482.2493,1012,1012,-0.04972464,,-0.04972464,-0.04972464,-482.2493,9698.3969,OK,0.0000,19.2900,4.0000,96.0000,AG03-UNRESOLVED,ALL5_LEVELS_bet23_to_bet27,19.2900,19.2900,19.2900,19.2900,19.2900,4.000000,4.000000,4.000000,4.000000,4.000000,96.000000,96.000000,96.000000,96.000000,96.000000,5.0,96.4499,89.0364,385.7994,393.2129,PENDING_AG03,FALSE,NOT_FOR_ENFORCEMENT,462.9593,8409.6566,482.2493,462.9593,19.2900,0.04972464,0.04773565,19.2900,462.9593,0.04773565,19.2900,19.2900,19.2900,19.2900,19.2900,462.9593,0.04773565,96.4499,89.0364,385.7994,393.2129,0.03977971,0.04054411,0.00198899,9.5834,8.6562,0.4765,37.0961,1.0599,746.0305,77.8462,,9.5834,8.0113,10.5412,10.5412,12.6494,13.8722,21.0824,9.1708,0.0,1.315999,2.0,0.909138,29,128,28,2,0E-8,0.04972464,,0E-8,0.000000,0.903248,0.001976,,2026-03-31,2026-05-23,13,455,234,54,0.240741,,,0.000000,,,,,,,,GLOBAL_BASELINE_NO_ENTITY_RANKING,,,NOT_APPLICABLE_GLOBAL_BASELINE,HF9g-P5,,,,X 全窗基线 · 不参与实体赏罚,8393043,840,A168_HF9F_20260827_0900,2026-08-27 09:00:00
2026-04-12,147318574,2093,0,92.7624227860,-33.7317901040,-33.7317901040,0.2857143,8,8,0.49659680000000000,0.496596800000,-1.1159112260582862,-1.1159112260582862,-1.1159112260582862,0E-17,ELIGIBLE,R03b_20260811_FULL_v1,L1_ELIGIBILITY,v2026-08-11,2026-03-21..2026-08-06,baccarat_bet02_101_all_pairs_incl_sentinel,round_win = game_pnl > 0 (decisive only),COMPATIBILITY_ONLY_NOT_PRODUCTION,9698.3969,8760.0589,482.2493,1012,1012,-0.04972464,,-0.04972464,-0.04972464,-482.2493,9698.3969,OK,0.0000,19.2900,4.0000,96.0000,AG03-UNRESOLVED,ALL5_LEVELS_bet23_to_bet27,19.2900,19.2900,19.2900,19.2900,19.2900,4.000000,4.000000,4.000000,4.000000,4.000000,96.000000,96.000000,96.000000,96.000000,96.000000,5.0,96.4499,89.0364,385.7994,393.2129,PENDING_AG03,FALSE,NOT_FOR_ENFORCEMENT,462.9593,8409.6566,482.2493,462.9593,19.2900,0.04972464,0.04773565,19.2900,462.9593,0.04773565,19.2900,19.2900,19.2900,19.2900,19.2900,462.9593,0.04773565,96.4499,89.0364,385.7994,393.2129,0.03977971,0.04054411,0.00198899,9.5834,8.6562,0.4765,37.0961,1.0599,746.0305,77.8462,,9.5834,8.0113,10.5412,10.5412,12.6494,13.8722,21.0824,9.1708,0.0,1.315999,2.0,0.909138,29,128,28,2,0E-8,0.04972464,,0E-8,0.000000,0.903248,0.001976,,2026-03-31,2026-05-23,13,455,234,54,0.240741,,,0.000000,,,,,,,,GLOBAL_BASELINE_NO_ENTITY_RANKING,,,NOT_APPLICABLE_GLOBAL_BASELINE,HF9g-P5,,,,X 全窗基线 · 不参与实体赏罚,8393044,840,A168_HF9F_20260827_0900,2026-08-27 09:00:00
2026-04-12,147318574,2101,0,31.6235532225,10.5411844075,10.5411844075,0.6666667,3,3,0.49324550000000000,0.493245500000,0.6008033672792107,0.6008033672792106,0.6008033672792107,0E-17,ELIGIBLE,R03b_20260811_FULL_v1,L1_ELIGIBILITY,v2026-08-11,2026-03-21..2026-08-06,baccarat_bet02_101_all_pairs_incl_sentinel,round_win = game_pnl > 0 (decisive only),COMPATIBILITY_ONLY_NOT_PRODUCTION,9698.3969,8760.0589,482.2493,1012,1012,-0.04972464,,-0.04972464,-0.04972464,-482.2493,9698.3969,OK,0.0000,19.2900,4.0000,96.0000,AG03-UNRESOLVED,ALL5_LEVELS_bet23_to_bet27,19.2900,19.2900,19.2900,19.2900,19.2900,4.000000,4.000000,4.000000,4.000000,4.000000,96.000000,96.000000,96.000000,96.000000,96.000000,5.0,96.4499,89.0364,385.7994,393.2129,PENDING_AG03,FALSE,NOT_FOR_ENFORCEMENT,462.9593,8409.6566,482.2493,462.9593,19.2900,0.04972464,0.04773565,19.2900,462.9593,0.04773565,19.2900,19.2900,19.2900,19.2900,19.2900,462.9593,0.04773565,96.4499,89.0364,385.7994,393.2129,0.03977971,0.04054411,0.00198899,9.5834,8.6562,0.4765,37.0961,1.0599,746.0305,77.8462,,9.5834,8.0113,10.5412,10.5412,12.6494,13.8722,21.0824,9.1708,0.0,1.315999,2.0,0.909138,29,128,28,2,0E-8,0.04972464,,0E-8,0.000000,0.903248,0.001976,,2026-03-31,2026-05-23,13,455,234,54,0.240741,,,0.000000,,,,,,,,GLOBAL_BASELINE_NO_ENTITY_RANKING,,,NOT_APPLICABLE_GLOBAL_BASELINE,HF9g-P5,,,,X 全窗基线 · 不参与实体赏罚,8393045,840,A168_HF9F_20260827_0900,2026-08-27 09:00:00
2026-04-12,147318574,2106,0,50.5976851560,0E-10,0E-10,0.5000000,4,4,0.49324550000000000,0.493245500000,0.027020465636507562,0.027020465636507562,0.027020465636507562,0E-17,ELIGIBLE,R03b_20260811_FULL_v1,L1_ELIGIBILITY,v2026-08-11,2026-03-21..2026-08-06,baccarat_bet02_101_all_pairs_incl_sentinel,round_win = game_pnl > 0 (decisive only),COMPATIBILITY_ONLY_NOT_PRODUCTION,9698.3969,8760.0589,482.2493,1012,1012,-0.04972464,,-0.04972464,-0.04972464,-482.2493,9698.3969,OK,0.0000,19.2900,4.0000,96.0000,AG03-UNRESOLVED,ALL5_LEVELS_bet23_to_bet27,19.2900,19.2900,19.2900,19.2900,19.2900,4.000000,4.000000,4.000000,4.000000,4.000000,96.000000,96.000000,96.000000,96.000000,96.000000,5.0,96.4499,89.0364,385.7994,393.2129,PENDING_AG03,FALSE,NOT_FOR_ENFORCEMENT,462.9593,8409.6566,482.2493,462.9593,19.2900,0.04972464,0.04773565,19.2900,462.9593,0.04773565,19.2900,19.2900,19.2900,19.2900,19.2900,462.9593,0.04773565,96.4499,89.0364,385.7994,393.2129,0.03977971,0.04054411,0.00198899,9.5834,8.6562,0.4765,37.0961,1.0599,746.0305,77.8462,,9.5834,8.0113,10.5412,10.5412,12.6494,13.8722,21.0824,9.1708,0.0,1.315999,2.0,0.909138,29,128,28,2,0E-8,0.04972464,,0E-8,0.000000,0.903248,0.001976,,2026-03-31,2026-05-23,13,455,234,54,0.240741,,,0.000000,,,,,,,,GLOBAL_BASELINE_NO_ENTITY_RANKING,,,NOT_APPLICABLE_GLOBAL_BASELINE,HF9g-P5,,,,X 全窗基线 · 不参与实体赏罚,8393046,840,A168_HF9F_20260827_0900,2026-08-27 09:00:00
2026-04-12,147318574,2129,0,31.6235532225,10.5411844075,10.5411844075,0.6666667,3,3,0.49324550000000000,0.493245500000,0.6008033672792107,0.6008033672792106,0.6008033672792107,0E-17,ELIGIBLE,R03b_20260811_FULL_v1,L1_ELIGIBILITY,v2026-08-11,2026-03-21..2026-08-06,baccarat_bet02_101_all_pairs_incl_sentinel,round_win = game_pnl > 0 (decisive only),COMPATIBILITY_ONLY_NOT_PRODUCTION,9698.3969,8760.0589,482.2493,1012,1012,-0.04972464,,-0.04972464,-0.04972464,-482.2493,9698.3969,OK,0.0000,19.2900,4.0000,96.0000,AG03-UNRESOLVED,ALL5_LEVELS_bet23_to_bet27,19.2900,19.2900,19.2900,19.2900,19.2900,4.000000,4.000000,4.000000,4.000000,4.000000,96.000000,96.000000,96.000000,96.000000,96.000000,5.0,96.4499,89.0364,385.7994,393.2129,PENDING_AG03,FALSE,NOT_FOR_ENFORCEMENT,462.9593,8409.6566,482.2493,462.9593,19.2900,0.04972464,0.04773565,19.2900,462.9593,0.04773565,19.2900,19.2900,19.2900,19.2900,19.2900,462.9593,0.04773565,96.4499,89.0364,385.7994,393.2129,0.03977971,0.04054411,0.00198899,9.5834,8.6562,0.4765,37.0961,1.0599,746.0305,77.8462,,9.5834,8.0113,10.5412,10.5412,12.6494,13.8722,21.0824,9.1708,0.0,1.315999,2.0,0.909138,29,128,28,2,0E-8,0.04972464,,0E-8,0.000000,0.903248,0.001976,,2026-03-31,2026-05-23,13,455,234,54,0.240741,,,0.000000,,,,,,,,GLOBAL_BASELINE_NO_ENTITY_RANKING,,,NOT_APPLICABLE_GLOBAL_BASELINE,HF9g-P5,,,,X 全窗基线 · 不参与实体赏罚,8393047,840,A168_HF9F_20260827_0900,2026-08-27 09:00:00
2026-04-12,147318574,2155,0,21.0823688150,-0.5270592204,-0.5270592204,0.5000000,2,2,0.50665070000000000,0.506650700000,-0.018812684590367487,-0.018812684590367487,-0.018812684590367487,0E-17,ELIGIBLE,R03b_20260811_FULL_v1,L1_ELIGIBILITY,v2026-08-11,2026-03-21..2026-08-06,baccarat_bet02_101_all_pairs_incl_sentinel,round_win = game_pnl > 0 (decisive only),COMPATIBILITY_ONLY_NOT_PRODUCTION,9698.3969,8760.0589,482.2493,1012,1012,-0.04972464,,-0.04972464,-0.04972464,-482.2493,9698.3969,OK,0.0000,19.2900,4.0000,96.0000,AG03-UNRESOLVED,ALL5_LEVELS_bet23_to_bet27,19.2900,19.2900,19.2900,19.2900,19.2900,4.000000,4.000000,4.000000,4.000000,4.000000,96.000000,96.000000,96.000000,96.000000,96.000000,5.0,96.4499,89.0364,385.7994,393.2129,PENDING_AG03,FALSE,NOT_FOR_ENFORCEMENT,462.9593,8409.6566,482.2493,462.9593,19.2900,0.04972464,0.04773565,19.2900,462.9593,0.04773565,19.2900,19.2900,19.2900,19.2900,19.2900,462.9593,0.04773565,96.4499,89.0364,385.7994,393.2129,0.03977971,0.04054411,0.00198899,9.5834,8.6562,0.4765,37.0961,1.0599,746.0305,77.8462,,9.5834,8.0113,10.5412,10.5412,12.6494,13.8722,21.0824,9.1708,0.0,1.315999,2.0,0.909138,29,128,28,2,0E-8,0.04972464,,0E-8,0.000000,0.903248,0.001976,,2026-03-31,2026-05-23,13,455,234,54,0.240741,,,0.000000,,,,,,,,GLOBAL_BASELINE_NO_ENTITY_RANKING,,,NOT_APPLICABLE_GLOBAL_BASELINE,HF9g-P5,,,,X 全窗基线 · 不参与实体赏罚,8393048,840,A168_HF9F_20260827_0900,2026-08-27 09:00:00
2026-04-12,147318574,2156,0,12.6494212890,0E-10,0E-10,,1,1,0.50665070000000000,0.506650700000,,,,0E-17,NO_DECISIVE_ROUND,R03b_20260811_FULL_v1,L1_ELIGIBILITY,v2026-08-11,2026-03-21..2026-08-06,baccarat_bet02_101_all_pairs_incl_sentinel,round_win = game_pnl > 0 (decisive only),COMPATIBILITY_ONLY_NOT_PRODUCTION,9698.3969,8760.0589,482.2493,1012,1012,-0.04972464,,-0.04972464,-0.04972464,-482.2493,9698.3969,OK,0.0000,19.2900,4.0000,96.0000,AG03-UNRESOLVED,ALL5_LEVELS_bet23_to_bet27,19.2900,19.2900,19.2900,19.2900,19.2900,4.000000,4.000000,4.000000,4.000000,4.000000,96.000000,96.000000,96.000000,96.000000,96.000000,5.0,96.4499,89.0364,385.7994,393.2129,PENDING_AG03,FALSE,NOT_FOR_ENFORCEMENT,462.9593,8409.6566,482.2493,462.9593,19.2900,0.04972464,0.04773565,19.2900,462.9593,0.04773565,19.2900,19.2900,19.2900,19.2900,19.2900,462.9593,0.04773565,96.4499,89.0364,385.7994,393.2129,0.03977971,0.04054411,0.00198899,9.5834,8.6562,0.4765,37.0961,1.0599,746.0305,77.8462,,9.5834,8.0113,10.5412,10.5412,12.6494,13.8722,21.0824,9.1708,0.0,1.315999,2.0,0.909138,29,128,28,2,0E-8,0.04972464,,0E-8,0.000000,0.903248,0.001976,,2026-03-31,2026-05-23,13,455,234,54,0.240741,,,0.000000,,,,,,,,GLOBAL_BASELINE_NO_ENTITY_RANKING,,,NOT_APPLICABLE_GLOBAL_BASELINE,HF9g-P5,,,,X 全窗基线 · 不参与实体赏罚,8393049,840,A168_HF9F_20260827_0900,2026-08-27 09:00:00
2026-04-12,147318574,2174,0,21.0823688150,-10.5411844075,-10.5411844075,0E-7,2,2,0.49994810000000000,0.499948100000,-0.9998962053866608,-0.9998962053866608,-0.9998962053866608,0E-17,ELIGIBLE,R03b_20260811_FULL_v1,L1_ELIGIBILITY,v2026-08-11,2026-03-21..2026-08-06,baccarat_bet02_101_all_pairs_incl_sentinel,round_win = game_pnl > 0 (decisive only),COMPATIBILITY_ONLY_NOT_PRODUCTION,9698.3969,8760.0589,482.2493,1012,1012,-0.04972464,,-0.04972464,-0.04972464,-482.2493,9698.3969,OK,0.0000,19.2900,4.0000,96.0000,AG03-UNRESOLVED,ALL5_LEVELS_bet23_to_bet27,19.2900,19.2900,19.2900,19.2900,19.2900,4.000000,4.000000,4.000000,4.000000,4.000000,96.000000,96.000000,96.000000,96.000000,96.000000,5.0,96.4499,89.0364,385.7994,393.2129,PENDING_AG03,FALSE,NOT_FOR_ENFORCEMENT,462.9593,8409.6566,482.2493,462.9593,19.2900,0.04972464,0.04773565,19.2900,462.9593,0.04773565,19.2900,19.2900,19.2900,19.2900,19.2900,462.9593,0.04773565,96.4499,89.0364,385.7994,393.2129,0.03977971,0.04054411,0.00198899,9.5834,8.6562,0.4765,37.0961,1.0599,746.0305,77.8462,,9.5834,8.0113,10.5412,10.5412,12.6494,13.8722,21.0824,9.1708,0.0,1.315999,2.0,0.909138,29,128,28,2,0E-8,0.04972464,,0E-8,0.000000,0.903248,0.001976,,2026-03-31,2026-05-23,13,455,234,54,0.240741,,,0.000000,,,,,,,,GLOBAL_BASELINE_NO_ENTITY_RANKING,,,NOT_APPLICABLE_GLOBAL_BASELINE,HF9g-P5,,,,X 全窗基线 · 不参与实体赏罚,8393050,840,A168_HF9F_20260827_0900,2026-08-27 09:00:00
2026-04-12,147318574,2175,0,6.3247106445,-6.3247106445,-6.3247106445,0E-7,1,1,0.49324550000000000,0.493245500000,-0.9865810262130424,-0.9865810262130424,-0.9865810262130424,0E-17,ELIGIBLE,R03b_20260811_FULL_v1,L1_ELIGIBILITY,v2026-08-11,2026-03-21..2026-08-06,baccarat_bet02_101_all_pairs_incl_sentinel,round_win = game_pnl > 0 (decisive only),COMPATIBILITY_ONLY_NOT_PRODUCTION,9698.3969,8760.0589,482.2493,1012,1012,-0.04972464,,-0.04972464,-0.04972464,-482.2493,9698.3969,OK,0.0000,19.2900,4.0000,96.0000,AG03-UNRESOLVED,ALL5_LEVELS_bet23_to_bet27,19.2900,19.2900,19.2900,19.2900,19.2900,4.000000,4.000000,4.000000,4.000000,4.000000,96.000000,96.000000,96.000000,96.000000,96.000000,5.0,96.4499,89.0364,385.7994,393.2129,PENDING_AG03,FALSE,NOT_FOR_ENFORCEMENT,462.9593,8409.6566,482.2493,462.9593,19.2900,0.04972464,0.04773565,19.2900,462.9593,0.04773565,19.2900,19.2900,19.2900,19.2900,19.2900,462.9593,0.04773565,96.4499,89.0364,385.7994,393.2129,0.03977971,0.04054411,0.00198899,9.5834,8.6562,0.4765,37.0961,1.0599,746.0305,77.8462,,9.5834,8.0113,10.5412,10.5412,12.6494,13.8722,21.0824,9.1708,0.0,1.315999,2.0,0.909138,29,128,28,2,0E-8,0.04972464,,0E-8,0.000000,0.903248,0.001976,,2026-03-31,2026-05-23,13,455,234,54,0.240741,,,0.000000,,,,,,,,GLOBAL_BASELINE_NO_ENTITY_RANKING,,,NOT_APPLICABLE_GLOBAL_BASELINE,HF9g-P5,,,,X 全窗基线 · 不参与实体赏罚,8393051,840,A168_HF9F_20260827_0900,2026-08-27 09:00:00
2026-04-12,147318574,2196,0,120.1695022455,-19.7120148421,-19.7120148421,0.4000000,10,10,0.49860758000000000,0.498607580000,-0.6236515130320585,-0.6236515130320585,-0.6236515130320585,0E-17,ELIGIBLE,R03b_20260811_FULL_v1,L1_ELIGIBILITY,v2026-08-11,2026-03-21..2026-08-06,baccarat_bet02_101_all_pairs_incl_sentinel,round_win = game_pnl > 0 (decisive only),COMPATIBILITY_ONLY_NOT_PRODUCTION,9698.3969,8760.0589,482.2493,1012,1012,-0.04972464,,-0.04972464,-0.04972464,-482.2493,9698.3969,OK,0.0000,19.2900,4.0000,96.0000,AG03-UNRESOLVED,ALL5_LEVELS_bet23_to_bet27,19.2900,19.2900,19.2900,19.2900,19.2900,4.000000,4.000000,4.000000,4.000000,4.000000,96.000000,96.000000,96.000000,96.000000,96.000000,5.0,96.4499,89.0364,385.7994,393.2129,PENDING_AG03,FALSE,NOT_FOR_ENFORCEMENT,462.9593,8409.6566,482.2493,462.9593,19.2900,0.04972464,0.04773565,19.2900,462.9593,0.04773565,19.2900,19.2900,19.2900,19.2900,19.2900,462.9593,0.04773565,96.4499,89.0364,385.7994,393.2129,0.03977971,0.04054411,0.00198899,9.5834,8.6562,0.4765,37.0961,1.0599,746.0305,77.8462,,9.5834,8.0113,10.5412,10.5412,12.6494,13.8722,21.0824,9.1708,0.0,1.315999,2.0,0.909138,29,128,28,2,0E-8,0.04972464,,0E-8,0.000000,0.903248,0.001976,,2026-03-31,2026-05-23,13,455,234,54,0.240741,,,0.000000,,,,,,,,GLOBAL_BASELINE_NO_ENTITY_RANKING,,,NOT_APPLICABLE_GLOBAL_BASELINE,HF9g-P5,,,,X 全窗基线 · 不参与实体赏罚,8393052,840,A168_HF9F_20260827_0900,2026-08-27 09:00:00
2026-04-12,147318574,2212,0,48.4894482745,26.8800202391,26.8800202391,0.8000000,5,5,0.49860758000000000,0.498607580000,1.3478731046594083,1.3478731046594083,1.3478731046594083,0E-17,ELIGIBLE,R03b_20260811_FULL_v1,L1_ELIGIBILITY,v2026-08-11,2026-03-21..2026-08-06,baccarat_bet02_101_all_pairs_incl_sentinel,round_win = game_pnl > 0 (decisive only),COMPATIBILITY_ONLY_NOT_PRODUCTION,9698.3969,8760.0589,482.2493,1012,1012,-0.04972464,,-0.04972464,-0.04972464,-482.2493,9698.3969,OK,0.0000,19.2900,4.0000,96.0000,AG03-UNRESOLVED,ALL5_LEVELS_bet23_to_bet27,19.2900,19.2900,19.2900,19.2900,19.2900,4.000000,4.000000,4.000000,4.000000,4.000000,96.000000,96.000000,96.000000,96.000000,96.000000,5.0,96.4499,89.0364,385.7994,393.2129,PENDING_AG03,FALSE,NOT_FOR_ENFORCEMENT,462.9593,8409.6566,482.2493,462.9593,19.2900,0.04972464,0.04773565,19.2900,462.9593,0.04773565,19.2900,19.2900,19.2900,19.2900,19.2900,462.9593,0.04773565,96.4499,89.0364,385.7994,393.2129,0.03977971,0.04054411,0.00198899,9.5834,8.6562,0.4765,37.0961,1.0599,746.0305,77.8462,,9.5834,8.0113,10.5412,10.5412,12.6494,13.8722,21.0824,9.1708,0.0,1.315999,2.0,0.909138,29,128,28,2,0E-8,0.04972464,,0E-8,0.000000,0.903248,0.001976,,2026-03-31,2026-05-23,13,455,234,54,0.240741,,,0.000000,,,,,,,,GLOBAL_BASELINE_NO_ENTITY_RANKING,,,NOT_APPLICABLE_GLOBAL_BASELINE,HF9g-P5,,,,X 全窗基线 · 不参与实体赏罚,8393053,840,A168_HF9F_20260827_0900,2026-08-27 09:00:00
2026-04-12,147318574,2214,0,7.8004764615,0E-10,0E-10,,1,1,0.50665070000000000,0.506650700000,,,,0E-17,NO_DECISIVE_ROUND,R03b_20260811_FULL_v1,L1_ELIGIBILITY,v2026-08-11,2026-03-21..2026-08-06,baccarat_bet02_101_all_pairs_incl_sentinel,round_win = game_pnl > 0 (decisive only),COMPATIBILITY_ONLY_NOT_PRODUCTION,9698.3969,8760.0589,482.2493,1012,1012,-0.04972464,,-0.04972464,-0.04972464,-482.2493,9698.3969,OK,0.0000,19.2900,4.0000,96.0000,AG03-UNRESOLVED,ALL5_LEVELS_bet23_to_bet27,19.2900,19.2900,19.2900,19.2900,19.2900,4.000000,4.000000,4.000000,4.000000,4.000000,96.000000,96.000000,96.000000,96.000000,96.000000,5.0,96.4499,89.0364,385.7994,393.2129,PENDING_AG03,FALSE,NOT_FOR_ENFORCEMENT,462.9593,8409.6566,482.2493,462.9593,19.2900,0.04972464,0.04773565,19.2900,462.9593,0.04773565,19.2900,19.2900,19.2900,19.2900,19.2900,462.9593,0.04773565,96.4499,89.0364,385.7994,393.2129,0.03977971,0.04054411,0.00198899,9.5834,8.6562,0.4765,37.0961,1.0599,746.0305,77.8462,,9.5834,8.0113,10.5412,10.5412,12.6494,13.8722,21.0824,9.1708,0.0,1.315999,2.0,0.909138,29,128,28,2,0E-8,0.04972464,,0E-8,0.000000,0.903248,0.001976,,2026-03-31,2026-05-23,13,455,234,54,0.240741,,,0.000000,,,,,,,,GLOBAL_BASELINE_NO_ENTITY_RANKING,,,NOT_APPLICABLE_GLOBAL_BASELINE,HF9g-P5,,,,X 全窗基线 · 不参与实体赏罚,8393054,840,A168_HF9F_20260827_0900,2026-08-27 09:00:00
2026-04-12,147318574,2220,0,21.0823688150,-10.5411844075,-10.5411844075,0E-7,2,2,0.49994810000000000,0.499948100000,-0.9998962053866608,-0.9998962053866608,-0.9998962053866608,0E-17,ELIGIBLE,R03b_20260811_FULL_v1,L1_ELIGIBILITY,v2026-08-11,2026-03-21..2026-08-06,baccarat_bet02_101_all_pairs_incl_sentinel,round_win = game_pnl > 0 (decisive only),COMPATIBILITY_ONLY_NOT_PRODUCTION,9698.3969,8760.0589,482.2493,1012,1012,-0.04972464,,-0.04972464,-0.04972464,-482.2493,9698.3969,OK,0.0000,19.2900,4.0000,96.0000,AG03-UNRESOLVED,ALL5_LEVELS_bet23_to_bet27,19.2900,19.2900,19.2900,19.2900,19.2900,4.000000,4.000000,4.000000,4.000000,4.000000,96.000000,96.000000,96.000000,96.000000,96.000000,5.0,96.4499,89.0364,385.7994,393.2129,PENDING_AG03,FALSE,NOT_FOR_ENFORCEMENT,462.9593,8409.6566,482.2493,462.9593,19.2900,0.04972464,0.04773565,19.2900,462.9593,0.04773565,19.2900,19.2900,19.2900,19.2900,19.2900,462.9593,0.04773565,96.4499,89.0364,385.7994,393.2129,0.03977971,0.04054411,0.00198899,9.5834,8.6562,0.4765,37.0961,1.0599,746.0305,77.8462,,9.5834,8.0113,10.5412,10.5412,12.6494,13.8722,21.0824,9.1708,0.0,1.315999,2.0,0.909138,29,128,28,2,0E-8,0.04972464,,0E-8,0.000000,0.903248,0.001976,,2026-03-31,2026-05-23,13,455,234,54,0.240741,,,0.000000,,,,,,,,GLOBAL_BASELINE_NO_ENTITY_RANKING,,,NOT_APPLICABLE_GLOBAL_BASELINE,HF9g-P5,,,,X 全窗基线 · 不参与实体赏罚,8393055,840,A168_HF9F_20260827_0900,2026-08-27 09:00:00
2026-04-12,147318574,2222,0,32.6776716632,-11.5953028482,-11.5953028482,0.3333333,3,3,0.49324550000000000,0.493245500000,-0.5540025479526107,-0.5540025479526106,-0.5540025479526107,0E-17,ELIGIBLE,R03b_20260811_FULL_v1,L1_ELIGIBILITY,v2026-08-11,2026-03-21..2026-08-06,baccarat_bet02_101_all_pairs_incl_sentinel,round_win = game_pnl > 0 (decisive only),COMPATIBILITY_ONLY_NOT_PRODUCTION,9698.3969,8760.0589,482.2493,1012,1012,-0.04972464,,-0.04972464,-0.04972464,-482.2493,9698.3969,OK,0.0000,19.2900,4.0000,96.0000,AG03-UNRESOLVED,ALL5_LEVELS_bet23_to_bet27,19.2900,19.2900,19.2900,19.2900,19.2900,4.000000,4.000000,4.000000,4.000000,4.000000,96.000000,96.000000,96.000000,96.000000,96.000000,5.0,96.4499,89.0364,385.7994,393.2129,PENDING_AG03,FALSE,NOT_FOR_ENFORCEMENT,462.9593,8409.6566,482.2493,462.9593,19.2900,0.04972464,0.04773565,19.2900,462.9593,0.04773565,19.2900,19.2900,19.2900,19.2900,19.2900,462.9593,0.04773565,96.4499,89.0364,385.7994,393.2129,0.03977971,0.04054411,0.00198899,9.5834,8.6562,0.4765,37.0961,1.0599,746.0305,77.8462,,9.5834,8.0113,10.5412,10.5412,12.6494,13.8722,21.0824,9.1708,0.0,1.315999,2.0,0.909138,29,128,28,2,0E-8,0.04972464,,0E-8,0.000000,0.903248,0.001976,,2026-03-31,2026-05-23,13,455,234,54,0.240741,,,0.000000,,,,,,,,GLOBAL_BASELINE_NO_ENTITY_RANKING,,,NOT_APPLICABLE_GLOBAL_BASELINE,HF9g-P5,,,,X 全窗基线 · 不参与实体赏罚,8393056,840,A168_HF9F_20260827_0900,2026-08-27 09:00:00
2026-04-12,147318574,2229,0,31.6235532225,-0.5270592204,-0.5270592204,0.5000000,3,3,0.50218230000000000,0.502182300000,-0.00617253530718887,-0.00617253530718887,-0.00617253530718887,0E-17,ELIGIBLE,R03b_20260811_FULL_v1,L1_ELIGIBILITY,v2026-08-11,2026-03-21..2026-08-06,baccarat_bet02_101_all_pairs_incl_sentinel,round_win = game_pnl > 0 (decisive only),COMPATIBILITY_ONLY_NOT_PRODUCTION,9698.3969,8760.0589,482.2493,1012,1012,-0.04972464,,-0.04972464,-0.04972464,-482.2493,9698.3969,OK,0.0000,19.2900,4.0000,96.0000,AG03-UNRESOLVED,ALL5_LEVELS_bet23_to_bet27,19.2900,19.2900,19.2900,19.2900,19.2900,4.000000,4.000000,4.000000,4.000000,4.000000,96.000000,96.000000,96.000000,96.000000,96.000000,5.0,96.4499,89.0364,385.7994,393.2129,PENDING_AG03,FALSE,NOT_FOR_ENFORCEMENT,462.9593,8409.6566,482.2493,462.9593,19.2900,0.04972464,0.04773565,19.2900,462.9593,0.04773565,19.2900,19.2900,19.2900,19.2900,19.2900,462.9593,0.04773565,96.4499,89.0364,385.7994,393.2129,0.03977971,0.04054411,0.00198899,9.5834,8.6562,0.4765,37.0961,1.0599,746.0305,77.8462,,9.5834,8.0113,10.5412,10.5412,12.6494,13.8722,21.0824,9.1708,0.0,1.315999,2.0,0.909138,29,128,28,2,0E-8,0.04972464,,0E-8,0.000000,0.903248,0.001976,,2026-03-31,2026-05-23,13,455,234,54,0.240741,,,0.000000,,,,,,,,GLOBAL_BASELINE_NO_ENTITY_RANKING,,,NOT_APPLICABLE_GLOBAL_BASELINE,HF9g-P5,,,,X 全窗基线 · 不参与实体赏罚,8393057,840,A168_HF9F_20260827_0900,2026-08-27 09:00:00
2026-04-12,147318574,2234,0,31.6235532225,-10.5411844075,-10.5411844075,0.3333333,3,3,0.49324550000000000,0.493245500000,-0.5540025479526107,-0.5540025479526106,-0.5540025479526107,0E-17,ELIGIBLE,R03b_20260811_FULL_v1,L1_ELIGIBILITY,v2026-08-11,2026-03-21..2026-08-06,baccarat_bet02_101_all_pairs_incl_sentinel,round_win = game_pnl > 0 (decisive only),COMPATIBILITY_ONLY_NOT_PRODUCTION,9698.3969,8760.0589,482.2493,1012,1012,-0.04972464,,-0.04972464,-0.04972464,-482.2493,9698.3969,OK,0.0000,19.2900,4.0000,96.0000,AG03-UNRESOLVED,ALL5_LEVELS_bet23_to_bet27,19.2900,19.2900,19.2900,19.2900,19.2900,4.000000,4.000000,4.000000,4.000000,4.000000,96.000000,96.000000,96.000000,96.000000,96.000000,5.0,96.4499,89.0364,385.7994,393.2129,PENDING_AG03,FALSE,NOT_FOR_ENFORCEMENT,462.9593,8409.6566,482.2493,462.9593,19.2900,0.04972464,0.04773565,19.2900,462.9593,0.04773565,19.2900,19.2900,19.2900,19.2900,19.2900,462.9593,0.04773565,96.4499,89.0364,385.7994,393.2129,0.03977971,0.04054411,0.00198899,9.5834,8.6562,0.4765,37.0961,1.0599,746.0305,77.8462,,9.5834,8.0113,10.5412,10.5412,12.6494,13.8722,21.0824,9.1708,0.0,1.315999,2.0,0.909138,29,128,28,2,0E-8,0.04972464,,0E-8,0.000000,0.903248,0.001976,,2026-03-31,2026-05-23,13,455,234,54,0.240741,,,0.000000,,,,,,,,GLOBAL_BASELINE_NO_ENTITY_RANKING,,,NOT_APPLICABLE_GLOBAL_BASELINE,HF9g-P5,,,,X 全窗基线 · 不参与实体赏罚,8393058,840,A168_HF9F_20260827_0900,2026-08-27 09:00:00
2026-04-12,147318574,2239,0,12.6494212890,-0.3162355322,-0.3162355322,0.5000000,2,2,0.50665070000000000,0.506650700000,-0.018812684590367487,-0.018812684590367487,-0.018812684590367487,0E-17,ELIGIBLE,R03b_20260811_FULL_v1,L1_ELIGIBILITY,v2026-08-11,2026-03-21..2026-08-06,baccarat_bet02_101_all_pairs_incl_sentinel,round_win = game_pnl > 0 (decisive only),COMPATIBILITY_ONLY_NOT_PRODUCTION,9698.3969,8760.0589,482.2493,1012,1012,-0.04972464,,-0.04972464,-0.04972464,-482.2493,9698.3969,OK,0.0000,19.2900,4.0000,96.0000,AG03-UNRESOLVED,ALL5_LEVELS_bet23_to_bet27,19.2900,19.2900,19.2900,19.2900,19.2900,4.000000,4.000000,4.000000,4.000000,4.000000,96.000000,96.000000,96.000000,96.000000,96.000000,5.0,96.4499,89.0364,385.7994,393.2129,PENDING_AG03,FALSE,NOT_FOR_ENFORCEMENT,462.9593,8409.6566,482.2493,462.9593,19.2900,0.04972464,0.04773565,19.2900,462.9593,0.04773565,19.2900,19.2900,19.2900,19.2900,19.2900,462.9593,0.04773565,96.4499,89.0364,385.7994,393.2129,0.03977971,0.04054411,0.00198899,9.5834,8.6562,0.4765,37.0961,1.0599,746.0305,77.8462,,9.5834,8.0113,10.5412,10.5412,12.6494,13.8722,21.0824,9.1708,0.0,1.315999,2.0,0.909138,29,128,28,2,0E-8,0.04972464,,0E-8,0.000000,0.903248,0.001976,,2026-03-31,2026-05-23,13,455,234,54,0.240741,,,0.000000,,,,,,,,GLOBAL_BASELINE_NO_ENTITY_RANKING,,,NOT_APPLICABLE_GLOBAL_BASELINE,HF9g-P5,,,,X 全窗基线 · 不参与实体赏罚,8393059,840,A168_HF9F_20260827_0900,2026-08-27 09:00:00
2026-04-12,147318574,2252,0,10.5411844075,10.5411844075,10.5411844075,1.0000000,1,1,0.49324550000000000,0.493245500000,1.01360149184955,1.01360149184955,1.01360149184955,0E-17,ELIGIBLE,R03b_20260811_FULL_v1,L1_ELIGIBILITY,v2026-08-11,2026-03-21..2026-08-06,baccarat_bet02_101_all_pairs_incl_sentinel,round_win = game_pnl > 0 (decisive only),COMPATIBILITY_ONLY_NOT_PRODUCTION,9698.3969,8760.0589,482.2493,1012,1012,-0.04972464,,-0.04972464,-0.04972464,-482.2493,9698.3969,OK,0.0000,19.2900,4.0000,96.0000,AG03-UNRESOLVED,ALL5_LEVELS_bet23_to_bet27,19.2900,19.2900,19.2900,19.2900,19.2900,4.000000,4.000000,4.000000,4.000000,4.000000,96.000000,96.000000,96.000000,96.000000,96.000000,5.0,96.4499,89.0364,385.7994,393.2129,PENDING_AG03,FALSE,NOT_FOR_ENFORCEMENT,462.9593,8409.6566,482.2493,462.9593,19.2900,0.04972464,0.04773565,19.2900,462.9593,0.04773565,19.2900,19.2900,19.2900,19.2900,19.2900,462.9593,0.04773565,96.4499,89.0364,385.7994,393.2129,0.03977971,0.04054411,0.00198899,9.5834,8.6562,0.4765,37.0961,1.0599,746.0305,77.8462,,9.5834,8.0113,10.5412,10.5412,12.6494,13.8722,21.0824,9.1708,0.0,1.315999,2.0,0.909138,29,128,28,2,0E-8,0.04972464,,0E-8,0.000000,0.903248,0.001976,,2026-03-31,2026-05-23,13,455,234,54,0.240741,,,0.000000,,,,,,,,GLOBAL_BASELINE_NO_ENTITY_RANKING,,,NOT_APPLICABLE_GLOBAL_BASELINE,HF9g-P5,,,,X 全窗基线 · 不参与实体赏罚,8393060,840,A168_HF9F_20260827_0900,2026-08-27 09:00:00
2026-04-12,147318574,2256,0,10.5411844075,10.0141251871,10.0141251871,1.0000000,1,1,0.50665070000000000,0.506650700000,0.9867858985152569,0.9867858985152569,0.9867858985152569,0E-17,ELIGIBLE,R03b_20260811_FULL_v1,L1_ELIGIBILITY,v2026-08-11,2026-03-21..2026-08-06,baccarat_bet02_101_all_pairs_incl_sentinel,round_win = game_pnl > 0 (decisive only),COMPATIBILITY_ONLY_NOT_PRODUCTION,9698.3969,8760.0589,482.2493,1012,1012,-0.04972464,,-0.04972464,-0.04972464,-482.2493,9698.3969,OK,0.0000,19.2900,4.0000,96.0000,AG03-UNRESOLVED,ALL5_LEVELS_bet23_to_bet27,19.2900,19.2900,19.2900,19.2900,19.2900,4.000000,4.000000,4.000000,4.000000,4.000000,96.000000,96.000000,96.000000,96.000000,96.000000,5.0,96.4499,89.0364,385.7994,393.2129,PENDING_AG03,FALSE,NOT_FOR_ENFORCEMENT,462.9593,8409.6566,482.2493,462.9593,19.2900,0.04972464,0.04773565,19.2900,462.9593,0.04773565,19.2900,19.2900,19.2900,19.2900,19.2900,462.9593,0.04773565,96.4499,89.0364,385.7994,393.2129,0.03977971,0.04054411,0.00198899,9.5834,8.6562,0.4765,37.0961,1.0599,746.0305,77.8462,,9.5834,8.0113,10.5412,10.5412,12.6494,13.8722,21.0824,9.1708,0.0,1.315999,2.0,0.909138,29,128,28,2,0E-8,0.04972464,,0E-8,0.000000,0.903248,0.001976,,2026-03-31,2026-05-23,13,455,234,54,0.240741,,,0.000000,,,,,,,,GLOBAL_BASELINE_NO_ENTITY_RANKING,,,NOT_APPLICABLE_GLOBAL_BASELINE,HF9g-P5,,,,X 全窗基线 · 不参与实体赏罚,8393061,840,A168_HF9F_20260827_0900,2026-08-27 09:00:00
2026-04-12,147318574,2258,0,138.9328104908,-50.3868614678,-50.3868614678,0.3000000,11,11,0.49324550000000000,0.493245500000,-1.222303391200897,-1.222303391200897,-1.222303391200897,0E-17,ELIGIBLE,R03b_20260811_FULL_v1,L1_ELIGIBILITY,v2026-08-11,2026-03-21..2026-08-06,baccarat_bet02_101_all_pairs_incl_sentinel,round_win = game_pnl > 0 (decisive only),COMPATIBILITY_ONLY_NOT_PRODUCTION,9698.3969,8760.0589,482.2493,1012,1012,-0.04972464,,-0.04972464,-0.04972464,-482.2493,9698.3969,OK,0.0000,19.2900,4.0000,96.0000,AG03-UNRESOLVED,ALL5_LEVELS_bet23_to_bet27,19.2900,19.2900,19.2900,19.2900,19.2900,4.000000,4.000000,4.000000,4.000000,4.000000,96.000000,96.000000,96.000000,96.000000,96.000000,5.0,96.4499,89.0364,385.7994,393.2129,PENDING_AG03,FALSE,NOT_FOR_ENFORCEMENT,462.9593,8409.6566,482.2493,462.9593,19.2900,0.04972464,0.04773565,19.2900,462.9593,0.04773565,19.2900,19.2900,19.2900,19.2900,19.2900,462.9593,0.04773565,96.4499,89.0364,385.7994,393.2129,0.03977971,0.04054411,0.00198899,9.5834,8.6562,0.4765,37.0961,1.0599,746.0305,77.8462,,9.5834,8.0113,10.5412,10.5412,12.6494,13.8722,21.0824,9.1708,0.0,1.315999,2.0,0.909138,29,128,28,2,0E-8,0.04972464,,0E-8,0.000000,0.903248,0.001976,,2026-03-31,2026-05-23,13,455,234,54,0.240741,,,0.000000,,,,,,,,GLOBAL_BASELINE_NO_ENTITY_RANKING,,,NOT_APPLICABLE_GLOBAL_BASELINE,HF9g-P5,,,,X 全窗基线 · 不参与实体赏罚,8393062,840,A168_HF9F_20260827_0900,2026-08-27 09:00:00
2026-04-12,147318574,462,0,21.0823688150,0E-10,0E-10,0.5000000,2,2,0.49324550000000000,0.493245500000,0.01910635448239258,0.01910635448239258,0.01910635448239258,0E-17,ELIGIBLE,R03b_20260811_FULL_v1,L1_ELIGIBILITY,v2026-08-11,2026-03-21..2026-08-06,baccarat_bet02_101_all_pairs_incl_sentinel,round_win = game_pnl > 0 (decisive only),COMPATIBILITY_ONLY_NOT_PRODUCTION,9698.3969,8760.0589,482.2493,1012,1012,-0.04972464,,-0.04972464,-0.04972464,-482.2493,9698.3969,OK,0.0000,19.2900,4.0000,96.0000,AG03-UNRESOLVED,ALL5_LEVELS_bet23_to_bet27,19.2900,19.2900,19.2900,19.2900,19.2900,4.000000,4.000000,4.000000,4.000000,4.000000,96.000000,96.000000,96.000000,96.000000,96.000000,5.0,96.4499,89.0364,385.7994,393.2129,PENDING_AG03,FALSE,NOT_FOR_ENFORCEMENT,462.9593,8409.6566,482.2493,462.9593,19.2900,0.04972464,0.04773565,19.2900,462.9593,0.04773565,19.2900,19.2900,19.2900,19.2900,19.2900,462.9593,0.04773565,96.4499,89.0364,385.7994,393.2129,0.03977971,0.04054411,0.00198899,9.5834,8.6562,0.4765,37.0961,1.0599,746.0305,77.8462,,9.5834,8.0113,10.5412,10.5412,12.6494,13.8722,21.0824,9.1708,0.0,1.315999,2.0,0.909138,29,128,28,2,0E-8,0.04972464,,0E-8,0.000000,0.903248,0.001976,,2026-03-31,2026-05-23,13,455,234,54,0.240741,,,0.000000,,,,,,,,GLOBAL_BASELINE_NO_ENTITY_RANKING,,,NOT_APPLICABLE_GLOBAL_BASELINE,HF9g-P5,,,,X 全窗基线 · 不参与实体赏罚,8393063,840,A168_HF9F_20260827_0900,2026-08-27 09:00:00
2026-04-12,147318574,471,0,53.3383931019,13.9881517087,13.9881517087,0.6666667,4,4,0.50665070000000000,0.506650700000,0.5543606114942035,0.5543606114942035,0.5543606114942035,0E-17,ELIGIBLE,R03b_20260811_FULL_v1,L1_ELIGIBILITY,v2026-08-11,2026-03-21..2026-08-06,baccarat_bet02_101_all_pairs_incl_sentinel,round_win = game_pnl > 0 (decisive only),COMPATIBILITY_ONLY_NOT_PRODUCTION,9698.3969,8760.0589,482.2493,1012,1012,-0.04972464,,-0.04972464,-0.04972464,-482.2493,9698.3969,OK,0.0000,19.2900,4.0000,96.0000,AG03-UNRESOLVED,ALL5_LEVELS_bet23_to_bet27,19.2900,19.2900,19.2900,19.2900,19.2900,4.000000,4.000000,4.000000,4.000000,4.000000,96.000000,96.000000,96.000000,96.000000,96.000000,5.0,96.4499,89.0364,385.7994,393.2129,PENDING_AG03,FALSE,NOT_FOR_ENFORCEMENT,462.9593,8409.6566,482.2493,462.9593,19.2900,0.04972464,0.04773565,19.2900,462.9593,0.04773565,19.2900,19.2900,19.2900,19.2900,19.2900,462.9593,0.04773565,96.4499,89.0364,385.7994,393.2129,0.03977971,0.04054411,0.00198899,9.5834,8.6562,0.4765,37.0961,1.0599,746.0305,77.8462,,9.5834,8.0113,10.5412,10.5412,12.6494,13.8722,21.0824,9.1708,0.0,1.315999,2.0,0.909138,29,128,28,2,0E-8,0.04972464,,0E-8,0.000000,0.903248,0.001976,,2026-03-31,2026-05-23,13,455,234,54,0.240741,,,0.000000,,,,,,,,GLOBAL_BASELINE_NO_ENTITY_RANKING,,,NOT_APPLICABLE_GLOBAL_BASELINE,HF9g-P5,,,,X 全窗基线 · 不参与实体赏罚,8393064,840,A168_HF9F_20260827_0900,2026-08-27 09:00:00
2026-04-12,147318574,583,0,10.5411844075,-10.5411844075,-10.5411844075,0E-7,1,1,0.50665070000000000,0.506650700000,-1.013391052207602,-1.013391052207602,-1.013391052207602,0E-17,ELIGIBLE,R03b_20260811_FULL_v1,L1_ELIGIBILITY,v2026-08-11,2026-03-21..2026-08-06,baccarat_bet02_101_all_pairs_incl_sentinel,round_win = game_pnl > 0 (decisive only),COMPATIBILITY_ONLY_NOT_PRODUCTION,9698.3969,8760.0589,482.2493,1012,1012,-0.04972464,,-0.04972464,-0.04972464,-482.2493,9698.3969,OK,0.0000,19.2900,4.0000,96.0000,AG03-UNRESOLVED,ALL5_LEVELS_bet23_to_bet27,19.2900,19.2900,19.2900,19.2900,19.2900,4.000000,4.000000,4.000000,4.000000,4.000000,96.000000,96.000000,96.000000,96.000000,96.000000,5.0,96.4499,89.0364,385.7994,393.2129,PENDING_AG03,FALSE,NOT_FOR_ENFORCEMENT,462.9593,8409.6566,482.2493,462.9593,19.2900,0.04972464,0.04773565,19.2900,462.9593,0.04773565,19.2900,19.2900,19.2900,19.2900,19.2900,462.9593,0.04773565,96.4499,89.0364,385.7994,393.2129,0.03977971,0.04054411,0.00198899,9.5834,8.6562,0.4765,37.0961,1.0599,746.0305,77.8462,,9.5834,8.0113,10.5412,10.5412,12.6494,13.8722,21.0824,9.1708,0.0,1.315999,2.0,0.909138,29,128,28,2,0E-8,0.04972464,,0E-8,0.000000,0.903248,0.001976,,2026-03-31,2026-05-23,13,455,234,54,0.240741,,,0.000000,,,,,,,,GLOBAL_BASELINE_NO_ENTITY_RANKING,,,NOT_APPLICABLE_GLOBAL_BASELINE,HF9g-P5,,,,X 全窗基线 · 不参与实体赏罚,8393065,840,A168_HF9F_20260827_0900,2026-08-27 09:00:00
2026-04-12,147318574,595,0,21.0823688150,10.0141251871,10.0141251871,1.0000000,2,2,0.50665070000000000,0.506650700000,0.9867858985152569,0.9867858985152569,0.9867858985152569,0E-17,ELIGIBLE,R03b_20260811_FULL_v1,L1_ELIGIBILITY,v2026-08-11,2026-03-21..2026-08-06,baccarat_bet02_101_all_pairs_incl_sentinel,round_win = game_pnl > 0 (decisive only),COMPATIBILITY_ONLY_NOT_PRODUCTION,9698.3969,8760.0589,482.2493,1012,1012,-0.04972464,,-0.04972464,-0.04972464,-482.2493,9698.3969,OK,0.0000,19.2900,4.0000,96.0000,AG03-UNRESOLVED,ALL5_LEVELS_bet23_to_bet27,19.2900,19.2900,19.2900,19.2900,19.2900,4.000000,4.000000,4.000000,4.000000,4.000000,96.000000,96.000000,96.000000,96.000000,96.000000,5.0,96.4499,89.0364,385.7994,393.2129,PENDING_AG03,FALSE,NOT_FOR_ENFORCEMENT,462.9593,8409.6566,482.2493,462.9593,19.2900,0.04972464,0.04773565,19.2900,462.9593,0.04773565,19.2900,19.2900,19.2900,19.2900,19.2900,462.9593,0.04773565,96.4499,89.0364,385.7994,393.2129,0.03977971,0.04054411,0.00198899,9.5834,8.6562,0.4765,37.0961,1.0599,746.0305,77.8462,,9.5834,8.0113,10.5412,10.5412,12.6494,13.8722,21.0824,9.1708,0.0,1.315999,2.0,0.909138,29,128,28,2,0E-8,0.04972464,,0E-8,0.000000,0.903248,0.001976,,2026-03-31,2026-05-23,13,455,234,54,0.240741,,,0.000000,,,,,,,,GLOBAL_BASELINE_NO_ENTITY_RANKING,,,NOT_APPLICABLE_GLOBAL_BASELINE,HF9g-P5,,,,X 全窗基线 · 不参与实体赏罚,8393066,840,A168_HF9F_20260827_0900,2026-08-27 09:00:00
2026-04-12,147318574,925,0,46.3812113930,19.3957793097,19.3957793097,0.7500000,4,4,0.50665070000000000,0.506650700000,0.9734833216690844,0.9734833216690844,0.9734833216690844,0E-17,ELIGIBLE,R03b_20260811_FULL_v1,L1_ELIGIBILITY,v2026-08-11,2026-03-21..2026-08-06,baccarat_bet02_101_all_pairs_incl_sentinel,round_win = game_pnl > 0 (decisive only),COMPATIBILITY_ONLY_NOT_PRODUCTION,9698.3969,8760.0589,482.2493,1012,1012,-0.04972464,,-0.04972464,-0.04972464,-482.2493,9698.3969,OK,0.0000,19.2900,4.0000,96.0000,AG03-UNRESOLVED,ALL5_LEVELS_bet23_to_bet27,19.2900,19.2900,19.2900,19.2900,19.2900,4.000000,4.000000,4.000000,4.000000,4.000000,96.000000,96.000000,96.000000,96.000000,96.000000,5.0,96.4499,89.0364,385.7994,393.2129,PENDING_AG03,FALSE,NOT_FOR_ENFORCEMENT,462.9593,8409.6566,482.2493,462.9593,19.2900,0.04972464,0.04773565,19.2900,462.9593,0.04773565,19.2900,19.2900,19.2900,19.2900,19.2900,462.9593,0.04773565,96.4499,89.0364,385.7994,393.2129,0.03977971,0.04054411,0.00198899,9.5834,8.6562,0.4765,37.0961,1.0599,746.0305,77.8462,,9.5834,8.0113,10.5412,10.5412,12.6494,13.8722,21.0824,9.1708,0.0,1.315999,2.0,0.909138,29,128,28,2,0E-8,0.04972464,,0E-8,0.000000,0.903248,0.001976,,2026-03-31,2026-05-23,13,455,234,54,0.240741,,,0.000000,,,,,,,,GLOBAL_BASELINE_NO_ENTITY_RANKING,,,NOT_APPLICABLE_GLOBAL_BASELINE,HF9g-P5,,,,X 全窗基线 · 不参与实体赏罚,8393067,840,A168_HF9F_20260827_0900,2026-08-27 09:00:00
2026-04-12,147318574,970,0,25.2988425780,-0.6324710645,-0.6324710645,0.5000000,2,2,0.49994810000000000,0.499948100000,0.00014679536856514622,0.00014679536856514622,0.00014679536856514622,0E-17,ELIGIBLE,R03b_20260811_FULL_v1,L1_ELIGIBILITY,v2026-08-11,2026-03-21..2026-08-06,baccarat_bet02_101_all_pairs_incl_sentinel,round_win = game_pnl > 0 (decisive only),COMPATIBILITY_ONLY_NOT_PRODUCTION,9698.3969,8760.0589,482.2493,1012,1012,-0.04972464,,-0.04972464,-0.04972464,-482.2493,9698.3969,OK,0.0000,19.2900,4.0000,96.0000,AG03-UNRESOLVED,ALL5_LEVELS_bet23_to_bet27,19.2900,19.2900,19.2900,19.2900,19.2900,4.000000,4.000000,4.000000,4.000000,4.000000,96.000000,96.000000,96.000000,96.000000,96.000000,5.0,96.4499,89.0364,385.7994,393.2129,PENDING_AG03,FALSE,NOT_FOR_ENFORCEMENT,462.9593,8409.6566,482.2493,462.9593,19.2900,0.04972464,0.04773565,19.2900,462.9593,0.04773565,19.2900,19.2900,19.2900,19.2900,19.2900,462.9593,0.04773565,96.4499,89.0364,385.7994,393.2129,0.03977971,0.04054411,0.00198899,9.5834,8.6562,0.4765,37.0961,1.0599,746.0305,77.8462,,9.5834,8.0113,10.5412,10.5412,12.6494,13.8722,21.0824,9.1708,0.0,1.315999,2.0,0.909138,29,128,28,2,0E-8,0.04972464,,0E-8,0.000000,0.903248,0.001976,,2026-03-31,2026-05-23,13,455,234,54,0.240741,,,0.000000,,,,,,,,GLOBAL_BASELINE_NO_ENTITY_RANKING,,,NOT_APPLICABLE_GLOBAL_BASELINE,HF9g-P5,,,,X 全窗基线 · 不参与实体赏罚,8393068,840,A168_HF9F_20260827_0900,2026-08-27 09:00:00
2026-04-13,147318574,-1,1,226.8462884493,8.0323825185,8.0323825185,0.5217391,28,28,0.49899058571428571,0.498990585714,0.21819682040953606,0.21819682041227678,0.21819682040953606,2.8571E-13,SENTINEL_DEALER,R03b_20260811_FULL_v1,L1_ELIGIBILITY,v2026-08-11,2026-03-21..2026-08-06,baccarat_bet02_101_all_pairs_incl_sentinel,round_win = game_pnl > 0 (decisive only),COMPATIBILITY_ONLY_NOT_PRODUCTION,9698.3969,8760.0589,482.2493,1012,1012,-0.04972464,,-0.04972464,-0.04972464,-482.2493,9698.3969,OK,0.0000,19.2900,4.0000,96.0000,AG03-UNRESOLVED,ALL5_LEVELS_bet23_to_bet27,19.2900,19.2900,19.2900,19.2900,19.2900,4.000000,4.000000,4.000000,4.000000,4.000000,96.000000,96.000000,96.000000,96.000000,96.000000,5.0,96.4499,89.0364,385.7994,393.2129,PENDING_AG03,FALSE,NOT_FOR_ENFORCEMENT,462.9593,8409.6566,482.2493,462.9593,19.2900,0.04972464,0.04773565,19.2900,462.9593,0.04773565,19.2900,19.2900,19.2900,19.2900,19.2900,462.9593,0.04773565,96.4499,89.0364,385.7994,393.2129,0.03977971,0.04054411,0.00198899,9.5834,8.6562,0.4765,37.0961,1.0599,746.0305,77.8462,,9.5834,8.0113,10.5412,10.5412,12.6494,13.8722,21.0824,9.1708,0.0,1.315999,2.0,0.909138,29,128,28,2,0E-8,0.04972464,,0E-8,0.000000,0.903248,0.001976,,2026-03-31,2026-05-23,13,455,234,54,0.240741,,,0.000000,,,,,,,,GLOBAL_BASELINE_NO_ENTITY_RANKING,,,NOT_APPLICABLE_GLOBAL_BASELINE,HF9g-P5,,,,X 全窗基线 · 不参与实体赏罚,8393069,840,A168_HF9F_20260827_0900,2026-08-27 09:00:00
2026-04-13,147318574,1004,0,27.8287268358,6.0084751123,6.0084751123,0.6666667,4,4,0.50329940000000000,0.503299400000,0.5659331339966515,0.5659331339966515,0.5659331339966515,0E-17,ELIGIBLE,R03b_20260811_FULL_v1,L1_ELIGIBILITY,v2026-08-11,2026-03-21..2026-08-06,baccarat_bet02_101_all_pairs_incl_sentinel,round_win = game_pnl > 0 (decisive only),COMPATIBILITY_ONLY_NOT_PRODUCTION,9698.3969,8760.0589,482.2493,1012,1012,-0.04972464,,-0.04972464,-0.04972464,-482.2493,9698.3969,OK,0.0000,19.2900,4.0000,96.0000,AG03-UNRESOLVED,ALL5_LEVELS_bet23_to_bet27,19.2900,19.2900,19.2900,19.2900,19.2900,4.000000,4.000000,4.000000,4.000000,4.000000,96.000000,96.000000,96.000000,96.000000,96.000000,5.0,96.4499,89.0364,385.7994,393.2129,PENDING_AG03,FALSE,NOT_FOR_ENFORCEMENT,462.9593,8409.6566,482.2493,462.9593,19.2900,0.04972464,0.04773565,19.2900,462.9593,0.04773565,19.2900,19.2900,19.2900,19.2900,19.2900,462.9593,0.04773565,96.4499,89.0364,385.7994,393.2129,0.03977971,0.04054411,0.00198899,9.5834,8.6562,0.4765,37.0961,1.0599,746.0305,77.8462,,9.5834,8.0113,10.5412,10.5412,12.6494,13.8722,21.0824,9.1708,0.0,1.315999,2.0,0.909138,29,128,28,2,0E-8,0.04972464,,0E-8,0.000000,0.903248,0.001976,,2026-03-31,2026-05-23,13,455,234,54,0.240741,,,0.000000,,,,,,,,GLOBAL_BASELINE_NO_ENTITY_RANKING,,,NOT_APPLICABLE_GLOBAL_BASELINE,HF9g-P5,,,,X 全窗基线 · 不参与实体赏罚,8393070,840,A168_HF9F_20260827_0900,2026-08-27 09:00:00
2026-04-13,147318574,1109,0,25.9313136424,13.2818923534,13.2818923534,0.6666667,3,3,0.49324550000000000,0.493245500000,0.6008033672792107,0.6008033672792106,0.6008033672792107,0E-17,ELIGIBLE,R03b_20260811_FULL_v1,L1_ELIGIBILITY,v2026-08-11,2026-03-21..2026-08-06,baccarat_bet02_101_all_pairs_incl_sentinel,round_win = game_pnl > 0 (decisive only),COMPATIBILITY_ONLY_NOT_PRODUCTION,9698.3969,8760.0589,482.2493,1012,1012,-0.04972464,,-0.04972464,-0.04972464,-482.2493,9698.3969,OK,0.0000,19.2900,4.0000,96.0000,AG03-UNRESOLVED,ALL5_LEVELS_bet23_to_bet27,19.2900,19.2900,19.2900,19.2900,19.2900,4.000000,4.000000,4.000000,4.000000,4.000000,96.000000,96.000000,96.000000,96.000000,96.000000,5.0,96.4499,89.0364,385.7994,393.2129,PENDING_AG03,FALSE,NOT_FOR_ENFORCEMENT,462.9593,8409.6566,482.2493,462.9593,19.2900,0.04972464,0.04773565,19.2900,462.9593,0.04773565,19.2900,19.2900,19.2900,19.2900,19.2900,462.9593,0.04773565,96.4499,89.0364,385.7994,393.2129,0.03977971,0.04054411,0.00198899,9.5834,8.6562,0.4765,37.0961,1.0599,746.0305,77.8462,,9.5834,8.0113,10.5412,10.5412,12.6494,13.8722,21.0824,9.1708,0.0,1.315999,2.0,0.909138,29,128,28,2,0E-8,0.04972464,,0E-8,0.000000,0.903248,0.001976,,2026-03-31,2026-05-23,13,455,234,54,0.240741,,,0.000000,,,,,,,,GLOBAL_BASELINE_NO_ENTITY_RANKING,,,NOT_APPLICABLE_GLOBAL_BASELINE,HF9g-P5,,,,X 全窗基线 · 不参与实体赏罚,8393071,840,A168_HF9F_20260827_0900,2026-08-27 09:00:00
2026-04-13,147318574,1205,0,16.8658950520,16.4442476757,16.4442476757,1.0000000,2,2,0.49994810000000000,0.499948100000,1.4143603653603398,1.4143603653603398,1.4143603653603398,0E-17,ELIGIBLE,R03b_20260811_FULL_v1,L1_ELIGIBILITY,v2026-08-11,2026-03-21..2026-08-06,baccarat_bet02_101_all_pairs_incl_sentinel,round_win = game_pnl > 0 (decisive only),COMPATIBILITY_ONLY_NOT_PRODUCTION,9698.3969,8760.0589,482.2493,1012,1012,-0.04972464,,-0.04972464,-0.04972464,-482.2493,9698.3969,OK,0.0000,19.2900,4.0000,96.0000,AG03-UNRESOLVED,ALL5_LEVELS_bet23_to_bet27,19.2900,19.2900,19.2900,19.2900,19.2900,4.000000,4.000000,4.000000,4.000000,4.000000,96.000000,96.000000,96.000000,96.000000,96.000000,5.0,96.4499,89.0364,385.7994,393.2129,PENDING_AG03,FALSE,NOT_FOR_ENFORCEMENT,462.9593,8409.6566,482.2493,462.9593,19.2900,0.04972464,0.04773565,19.2900,462.9593,0.04773565,19.2900,19.2900,19.2900,19.2900,19.2900,462.9593,0.04773565,96.4499,89.0364,385.7994,393.2129,0.03977971,0.04054411,0.00198899,9.5834,8.6562,0.4765,37.0961,1.0599,746.0305,77.8462,,9.5834,8.0113,10.5412,10.5412,12.6494,13.8722,21.0824,9.1708,0.0,1.315999,2.0,0.909138,29,128,28,2,0E-8,0.04972464,,0E-8,0.000000,0.903248,0.001976,,2026-03-31,2026-05-23,13,455,234,54,0.240741,,,0.000000,,,,,,,,GLOBAL_BASELINE_NO_ENTITY_RANKING,,,NOT_APPLICABLE_GLOBAL_BASELINE,HF9g-P5,,,,X 全窗基线 · 不参与实体赏罚,8393072,840,A168_HF9F_20260827_0900,2026-08-27 09:00:00
2026-04-13,147318574,1210,0,7.3788290852,7.3788290852,7.3788290852,1.0000000,1,1,0.49324550000000000,0.493245500000,1.01360149184955,1.01360149184955,1.01360149184955,0E-17,ELIGIBLE,R03b_20260811_FULL_v1,L1_ELIGIBILITY,v2026-08-11,2026-03-21..2026-08-06,baccarat_bet02_101_all_pairs_incl_sentinel,round_win = game_pnl > 0 (decisive only),COMPATIBILITY_ONLY_NOT_PRODUCTION,9698.3969,8760.0589,482.2493,1012,1012,-0.04972464,,-0.04972464,-0.04972464,-482.2493,9698.3969,OK,0.0000,19.2900,4.0000,96.0000,AG03-UNRESOLVED,ALL5_LEVELS_bet23_to_bet27,19.2900,19.2900,19.2900,19.2900,19.2900,4.000000,4.000000,4.000000,4.000000,4.000000,96.000000,96.000000,96.000000,96.000000,96.000000,5.0,96.4499,89.0364,385.7994,393.2129,PENDING_AG03,FALSE,NOT_FOR_ENFORCEMENT,462.9593,8409.6566,482.2493,462.9593,19.2900,0.04972464,0.04773565,19.2900,462.9593,0.04773565,19.2900,19.2900,19.2900,19.2900,19.2900,462.9593,0.04773565,96.4499,89.0364,385.7994,393.2129,0.03977971,0.04054411,0.00198899,9.5834,8.6562,0.4765,37.0961,1.0599,746.0305,77.8462,,9.5834,8.0113,10.5412,10.5412,12.6494,13.8722,21.0824,9.1708,0.0,1.315999,2.0,0.909138,29,128,28,2,0E-8,0.04972464,,0E-8,0.000000,0.903248,0.001976,,2026-03-31,2026-05-23,13,455,234,54,0.240741,,,0.000000,,,,,,,,GLOBAL_BASELINE_NO_ENTITY_RANKING,,,NOT_APPLICABLE_GLOBAL_BASELINE,HF9g-P5,,,,X 全窗基线 · 不参与实体赏罚,8393073,840,A168_HF9F_20260827_0900,2026-08-27 09:00:00
2026-04-13,147318574,1307,0,29.5153163410,-13.0710686653,-13.0710686653,0.3333333,3,3,0.50665070000000000,0.506650700000,-0.6004420894325239,-0.6004420894325239,-0.6004420894325239,0E-17,ELIGIBLE,R03b_20260811_FULL_v1,L1_ELIGIBILITY,v2026-08-11,2026-03-21..2026-08-06,baccarat_bet02_101_all_pairs_incl_sentinel,round_win = game_pnl > 0 (decisive only),COMPATIBILITY_ONLY_NOT_PRODUCTION,9698.3969,8760.0589,482.2493,1012,1012,-0.04972464,,-0.04972464,-0.04972464,-482.2493,9698.3969,OK,0.0000,19.2900,4.0000,96.0000,AG03-UNRESOLVED,ALL5_LEVELS_bet23_to_bet27,19.2900,19.2900,19.2900,19.2900,19.2900,4.000000,4.000000,4.000000,4.000000,4.000000,96.000000,96.000000,96.000000,96.000000,96.000000,5.0,96.4499,89.0364,385.7994,393.2129,PENDING_AG03,FALSE,NOT_FOR_ENFORCEMENT,462.9593,8409.6566,482.2493,462.9593,19.2900,0.04972464,0.04773565,19.2900,462.9593,0.04773565,19.2900,19.2900,19.2900,19.2900,19.2900,462.9593,0.04773565,96.4499,89.0364,385.7994,393.2129,0.03977971,0.04054411,0.00198899,9.5834,8.6562,0.4765,37.0961,1.0599,746.0305,77.8462,,9.5834,8.0113,10.5412,10.5412,12.6494,13.8722,21.0824,9.1708,0.0,1.315999,2.0,0.909138,29,128,28,2,0E-8,0.04972464,,0E-8,0.000000,0.903248,0.001976,,2026-03-31,2026-05-23,13,455,234,54,0.240741,,,0.000000,,,,,,,,GLOBAL_BASELINE_NO_ENTITY_RANKING,,,NOT_APPLICABLE_GLOBAL_BASELINE,HF9g-P5,,,,X 全窗基线 · 不参与实体赏罚,8393074,840,A168_HF9F_20260827_0900,2026-08-27 09:00:00
2026-04-13,147318574,1331,0,44.2729745115,-16.8658950520,-16.8658950520,0.2500000,5,5,0.49324550000000000,0.493245500000,-0.9730707933947887,-0.9730707933947887,-0.9730707933947887,0E-17,ELIGIBLE,R03b_20260811_FULL_v1,L1_ELIGIBILITY,v2026-08-11,2026-03-21..2026-08-06,baccarat_bet02_101_all_pairs_incl_sentinel,round_win = game_pnl > 0 (decisive only),COMPATIBILITY_ONLY_NOT_PRODUCTION,9698.3969,8760.0589,482.2493,1012,1012,-0.04972464,,-0.04972464,-0.04972464,-482.2493,9698.3969,OK,0.0000,19.2900,4.0000,96.0000,AG03-UNRESOLVED,ALL5_LEVELS_bet23_to_bet27,19.2900,19.2900,19.2900,19.2900,19.2900,4.000000,4.000000,4.000000,4.000000,4.000000,96.000000,96.000000,96.000000,96.000000,96.000000,5.0,96.4499,89.0364,385.7994,393.2129,PENDING_AG03,FALSE,NOT_FOR_ENFORCEMENT,462.9593,8409.6566,482.2493,462.9593,19.2900,0.04972464,0.04773565,19.2900,462.9593,0.04773565,19.2900,19.2900,19.2900,19.2900,19.2900,462.9593,0.04773565,96.4499,89.0364,385.7994,393.2129,0.03977971,0.04054411,0.00198899,9.5834,8.6562,0.4765,37.0961,1.0599,746.0305,77.8462,,9.5834,8.0113,10.5412,10.5412,12.6494,13.8722,21.0824,9.1708,0.0,1.315999,2.0,0.909138,29,128,28,2,0E-8,0.04972464,,0E-8,0.000000,0.903248,0.001976,,2026-03-31,2026-05-23,13,455,234,54,0.240741,,,0.000000,,,,,,,,GLOBAL_BASELINE_NO_ENTITY_RANKING,,,NOT_APPLICABLE_GLOBAL_BASELINE,HF9g-P5,,,,X 全窗基线 · 不参与实体赏罚,8393075,840,A168_HF9F_20260827_0900,2026-08-27 09:00:00
2026-04-13,147318574,1382,0,18.5524845572,2.5298842578,2.5298842578,0.5000000,2,2,0.49324550000000000,0.493245500000,0.01910635448239258,0.01910635448239258,0.01910635448239258,0E-17,ELIGIBLE,R03b_20260811_FULL_v1,L1_ELIGIBILITY,v2026-08-11,2026-03-21..2026-08-06,baccarat_bet02_101_all_pairs_incl_sentinel,round_win = game_pnl > 0 (decisive only),COMPATIBILITY_ONLY_NOT_PRODUCTION,9698.3969,8760.0589,482.2493,1012,1012,-0.04972464,,-0.04972464,-0.04972464,-482.2493,9698.3969,OK,0.0000,19.2900,4.0000,96.0000,AG03-UNRESOLVED,ALL5_LEVELS_bet23_to_bet27,19.2900,19.2900,19.2900,19.2900,19.2900,4.000000,4.000000,4.000000,4.000000,4.000000,96.000000,96.000000,96.000000,96.000000,96.000000,5.0,96.4499,89.0364,385.7994,393.2129,PENDING_AG03,FALSE,NOT_FOR_ENFORCEMENT,462.9593,8409.6566,482.2493,462.9593,19.2900,0.04972464,0.04773565,19.2900,462.9593,0.04773565,19.2900,19.2900,19.2900,19.2900,19.2900,462.9593,0.04773565,96.4499,89.0364,385.7994,393.2129,0.03977971,0.04054411,0.00198899,9.5834,8.6562,0.4765,37.0961,1.0599,746.0305,77.8462,,9.5834,8.0113,10.5412,10.5412,12.6494,13.8722,21.0824,9.1708,0.0,1.315999,2.0,0.909138,29,128,28,2,0E-8,0.04972464,,0E-8,0.000000,0.903248,0.001976,,2026-03-31,2026-05-23,13,455,234,54,0.240741,,,0.000000,,,,,,,,GLOBAL_BASELINE_NO_ENTITY_RANKING,,,NOT_APPLICABLE_GLOBAL_BASELINE,HF9g-P5,,,,X 全窗基线 · 不参与实体赏罚,8393076,840,A168_HF9F_20260827_0900,2026-08-27 09:00:00
2026-04-13,147318574,1405,0,10.5411844075,10.0141251871,10.0141251871,1.0000000,1,1,0.50665070000000000,0.506650700000,0.9867858985152569,0.9867858985152569,0.9867858985152569,0E-17,ELIGIBLE,R03b_20260811_FULL_v1,L1_ELIGIBILITY,v2026-08-11,2026-03-21..2026-08-06,baccarat_bet02_101_all_pairs_incl_sentinel,round_win = game_pnl > 0 (decisive only),COMPATIBILITY_ONLY_NOT_PRODUCTION,9698.3969,8760.0589,482.2493,1012,1012,-0.04972464,,-0.04972464,-0.04972464,-482.2493,9698.3969,OK,0.0000,19.2900,4.0000,96.0000,AG03-UNRESOLVED,ALL5_LEVELS_bet23_to_bet27,19.2900,19.2900,19.2900,19.2900,19.2900,4.000000,4.000000,4.000000,4.000000,4.000000,96.000000,96.000000,96.000000,96.000000,96.000000,5.0,96.4499,89.0364,385.7994,393.2129,PENDING_AG03,FALSE,NOT_FOR_ENFORCEMENT,462.9593,8409.6566,482.2493,462.9593,19.2900,0.04972464,0.04773565,19.2900,462.9593,0.04773565,19.2900,19.2900,19.2900,19.2900,19.2900,462.9593,0.04773565,96.4499,89.0364,385.7994,393.2129,0.03977971,0.04054411,0.00198899,9.5834,8.6562,0.4765,37.0961,1.0599,746.0305,77.8462,,9.5834,8.0113,10.5412,10.5412,12.6494,13.8722,21.0824,9.1708,0.0,1.315999,2.0,0.909138,29,128,28,2,0E-8,0.04972464,,0E-8,0.000000,0.903248,0.001976,,2026-03-31,2026-05-23,13,455,234,54,0.240741,,,0.000000,,,,,,,,GLOBAL_BASELINE_NO_ENTITY_RANKING,,,NOT_APPLICABLE_GLOBAL_BASELINE,HF9g-P5,,,,X 全窗基线 · 不参与实体赏罚,8393077,840,A168_HF9F_20260827_0900,2026-08-27 09:00:00
2026-04-13,147318574,1623,0,6.3247106445,6.3247106445,6.3247106445,1.0000000,1,1,0.49324550000000000,0.493245500000,1.01360149184955,1.01360149184955,1.01360149184955,0E-17,ELIGIBLE,R03b_20260811_FULL_v1,L1_ELIGIBILITY,v2026-08-11,2026-03-21..2026-08-06,baccarat_bet02_101_all_pairs_incl_sentinel,round_win = game_pnl > 0 (decisive only),COMPATIBILITY_ONLY_NOT_PRODUCTION,9698.3969,8760.0589,482.2493,1012,1012,-0.04972464,,-0.04972464,-0.04972464,-482.2493,9698.3969,OK,0.0000,19.2900,4.0000,96.0000,AG03-UNRESOLVED,ALL5_LEVELS_bet23_to_bet27,19.2900,19.2900,19.2900,19.2900,19.2900,4.000000,4.000000,4.000000,4.000000,4.000000,96.000000,96.000000,96.000000,96.000000,96.000000,5.0,96.4499,89.0364,385.7994,393.2129,PENDING_AG03,FALSE,NOT_FOR_ENFORCEMENT,462.9593,8409.6566,482.2493,462.9593,19.2900,0.04972464,0.04773565,19.2900,462.9593,0.04773565,19.2900,19.2900,19.2900,19.2900,19.2900,462.9593,0.04773565,96.4499,89.0364,385.7994,393.2129,0.03977971,0.04054411,0.00198899,9.5834,8.6562,0.4765,37.0961,1.0599,746.0305,77.8462,,9.5834,8.0113,10.5412,10.5412,12.6494,13.8722,21.0824,9.1708,0.0,1.315999,2.0,0.909138,29,128,28,2,0E-8,0.04972464,,0E-8,0.000000,0.903248,0.001976,,2026-03-31,2026-05-23,13,455,234,54,0.240741,,,0.000000,,,,,,,,GLOBAL_BASELINE_NO_ENTITY_RANKING,,,NOT_APPLICABLE_GLOBAL_BASELINE,HF9g-P5,,,,X 全窗基线 · 不参与实体赏罚,8393078,840,A168_HF9F_20260827_0900,2026-08-27 09:00:00
2026-04-13,147318574,1645,0,14.7576581705,1.6865895052,1.6865895052,0.5000000,2,2,0.50665070000000000,0.506650700000,-0.018812684590367487,-0.018812684590367487,-0.018812684590367487,0E-17,ELIGIBLE,R03b_20260811_FULL_v1,L1_ELIGIBILITY,v2026-08-11,2026-03-21..2026-08-06,baccarat_bet02_101_all_pairs_incl_sentinel,round_win = game_pnl > 0 (decisive only),COMPATIBILITY_ONLY_NOT_PRODUCTION,9698.3969,8760.0589,482.2493,1012,1012,-0.04972464,,-0.04972464,-0.04972464,-482.2493,9698.3969,OK,0.0000,19.2900,4.0000,96.0000,AG03-UNRESOLVED,ALL5_LEVELS_bet23_to_bet27,19.2900,19.2900,19.2900,19.2900,19.2900,4.000000,4.000000,4.000000,4.000000,4.000000,96.000000,96.000000,96.000000,96.000000,96.000000,5.0,96.4499,89.0364,385.7994,393.2129,PENDING_AG03,FALSE,NOT_FOR_ENFORCEMENT,462.9593,8409.6566,482.2493,462.9593,19.2900,0.04972464,0.04773565,19.2900,462.9593,0.04773565,19.2900,19.2900,19.2900,19.2900,19.2900,462.9593,0.04773565,96.4499,89.0364,385.7994,393.2129,0.03977971,0.04054411,0.00198899,9.5834,8.6562,0.4765,37.0961,1.0599,746.0305,77.8462,,9.5834,8.0113,10.5412,10.5412,12.6494,13.8722,21.0824,9.1708,0.0,1.315999,2.0,0.909138,29,128,28,2,0E-8,0.04972464,,0E-8,0.000000,0.903248,0.001976,,2026-03-31,2026-05-23,13,455,234,54,0.240741,,,0.000000,,,,,,,,GLOBAL_BASELINE_NO_ENTITY_RANKING,,,NOT_APPLICABLE_GLOBAL_BASELINE,HF9g-P5,,,,X 全窗基线 · 不参与实体赏罚,8393079,840,A168_HF9F_20260827_0900,2026-08-27 09:00:00
2026-04-13,147318574,1646,0,14.7576581705,2.1082368815,2.1082368815,0.5000000,2,2,0.49324550000000000,0.493245500000,0.01910635448239258,0.01910635448239258,0.01910635448239258,0E-17,ELIGIBLE,R03b_20260811_FULL_v1,L1_ELIGIBILITY,v2026-08-11,2026-03-21..2026-08-06,baccarat_bet02_101_all_pairs_incl_sentinel,round_win = game_pnl > 0 (decisive only),COMPATIBILITY_ONLY_NOT_PRODUCTION,9698.3969,8760.0589,482.2493,1012,1012,-0.04972464,,-0.04972464,-0.04972464,-482.2493,9698.3969,OK,0.0000,19.2900,4.0000,96.0000,AG03-UNRESOLVED,ALL5_LEVELS_bet23_to_bet27,19.2900,19.2900,19.2900,19.2900,19.2900,4.000000,4.000000,4.000000,4.000000,4.000000,96.000000,96.000000,96.000000,96.000000,96.000000,5.0,96.4499,89.0364,385.7994,393.2129,PENDING_AG03,FALSE,NOT_FOR_ENFORCEMENT,462.9593,8409.6566,482.2493,462.9593,19.2900,0.04972464,0.04773565,19.2900,462.9593,0.04773565,19.2900,19.2900,19.2900,19.2900,19.2900,462.9593,0.04773565,96.4499,89.0364,385.7994,393.2129,0.03977971,0.04054411,0.00198899,9.5834,8.6562,0.4765,37.0961,1.0599,746.0305,77.8462,,9.5834,8.0113,10.5412,10.5412,12.6494,13.8722,21.0824,9.1708,0.0,1.315999,2.0,0.909138,29,128,28,2,0E-8,0.04972464,,0E-8,0.000000,0.903248,0.001976,,2026-03-31,2026-05-23,13,455,234,54,0.240741,,,0.000000,,,,,,,,GLOBAL_BASELINE_NO_ENTITY_RANKING,,,NOT_APPLICABLE_GLOBAL_BASELINE,HF9g-P5,,,,X 全窗基线 · 不参与实体赏罚,8393080,840,A168_HF9F_20260827_0900,2026-08-27 09:00:00
2026-04-13,147318574,1941,0,35.8400269855,-25.2988425780,-25.2988425780,0E-7,4,4,0.50665070000000000,0.506650700000,-1.7552447903592512,-1.7552447903592512,-1.7552447903592512,0E-17,ELIGIBLE,R03b_20260811_FULL_v1,L1_ELIGIBILITY,v2026-08-11,2026-03-21..2026-08-06,baccarat_bet02_101_all_pairs_incl_sentinel,round_win = game_pnl > 0 (decisive only),COMPATIBILITY_ONLY_NOT_PRODUCTION,9698.3969,8760.0589,482.2493,1012,1012,-0.04972464,,-0.04972464,-0.04972464,-482.2493,9698.3969,OK,0.0000,19.2900,4.0000,96.0000,AG03-UNRESOLVED,ALL5_LEVELS_bet23_to_bet27,19.2900,19.2900,19.2900,19.2900,19.2900,4.000000,4.000000,4.000000,4.000000,4.000000,96.000000,96.000000,96.000000,96.000000,96.000000,5.0,96.4499,89.0364,385.7994,393.2129,PENDING_AG03,FALSE,NOT_FOR_ENFORCEMENT,462.9593,8409.6566,482.2493,462.9593,19.2900,0.04972464,0.04773565,19.2900,462.9593,0.04773565,19.2900,19.2900,19.2900,19.2900,19.2900,462.9593,0.04773565,96.4499,89.0364,385.7994,393.2129,0.03977971,0.04054411,0.00198899,9.5834,8.6562,0.4765,37.0961,1.0599,746.0305,77.8462,,9.5834,8.0113,10.5412,10.5412,12.6494,13.8722,21.0824,9.1708,0.0,1.315999,2.0,0.909138,29,128,28,2,0E-8,0.04972464,,0E-8,0.000000,0.903248,0.001976,,2026-03-31,2026-05-23,13,455,234,54,0.240741,,,0.000000,,,,,,,,GLOBAL_BASELINE_NO_ENTITY_RANKING,,,NOT_APPLICABLE_GLOBAL_BASELINE,HF9g-P5,,,,X 全窗基线 · 不参与实体赏罚,8393081,840,A168_HF9F_20260827_0900,2026-08-27 09:00:00
2026-04-13,147318574,1942,0,27.4070794595,-6.8517698649,-6.8517698649,0.3333333,3,3,0.50218230000000000,0.502182300000,-0.5849155494134425,-0.5849155494134426,-0.5849155494134425,0E-17,ELIGIBLE,R03b_20260811_FULL_v1,L1_ELIGIBILITY,v2026-08-11,2026-03-21..2026-08-06,baccarat_bet02_101_all_pairs_incl_sentinel,round_win = game_pnl > 0 (decisive only),COMPATIBILITY_ONLY_NOT_PRODUCTION,9698.3969,8760.0589,482.2493,1012,1012,-0.04972464,,-0.04972464,-0.04972464,-482.2493,9698.3969,OK,0.0000,19.2900,4.0000,96.0000,AG03-UNRESOLVED,ALL5_LEVELS_bet23_to_bet27,19.2900,19.2900,19.2900,19.2900,19.2900,4.000000,4.000000,4.000000,4.000000,4.000000,96.000000,96.000000,96.000000,96.000000,96.000000,5.0,96.4499,89.0364,385.7994,393.2129,PENDING_AG03,FALSE,NOT_FOR_ENFORCEMENT,462.9593,8409.6566,482.2493,462.9593,19.2900,0.04972464,0.04773565,19.2900,462.9593,0.04773565,19.2900,19.2900,19.2900,19.2900,19.2900,462.9593,0.04773565,96.4499,89.0364,385.7994,393.2129,0.03977971,0.04054411,0.00198899,9.5834,8.6562,0.4765,37.0961,1.0599,746.0305,77.8462,,9.5834,8.0113,10.5412,10.5412,12.6494,13.8722,21.0824,9.1708,0.0,1.315999,2.0,0.909138,29,128,28,2,0E-8,0.04972464,,0E-8,0.000000,0.903248,0.001976,,2026-03-31,2026-05-23,13,455,234,54,0.240741,,,0.000000,,,,,,,,GLOBAL_BASELINE_NO_ENTITY_RANKING,,,NOT_APPLICABLE_GLOBAL_BASELINE,HF9g-P5,,,,X 全窗基线 · 不参与实体赏罚,8393082,840,A168_HF9F_20260827_0900,2026-08-27 09:00:00
2026-04-13,147318574,1985,0,31.6235532225,-15.1793055468,-15.1793055468,0.2500000,4,4,0.50665070000000000,0.506650700000,-1.0266936290537745,-1.0266936290537745,-1.0266936290537745,0E-17,ELIGIBLE,R03b_20260811_FULL_v1,L1_ELIGIBILITY,v2026-08-11,2026-03-21..2026-08-06,baccarat_bet02_101_all_pairs_incl_sentinel,round_win = game_pnl > 0 (decisive only),COMPATIBILITY_ONLY_NOT_PRODUCTION,9698.3969,8760.0589,482.2493,1012,1012,-0.04972464,,-0.04972464,-0.04972464,-482.2493,9698.3969,OK,0.0000,19.2900,4.0000,96.0000,AG03-UNRESOLVED,ALL5_LEVELS_bet23_to_bet27,19.2900,19.2900,19.2900,19.2900,19.2900,4.000000,4.000000,4.000000,4.000000,4.000000,96.000000,96.000000,96.000000,96.000000,96.000000,5.0,96.4499,89.0364,385.7994,393.2129,PENDING_AG03,FALSE,NOT_FOR_ENFORCEMENT,462.9593,8409.6566,482.2493,462.9593,19.2900,0.04972464,0.04773565,19.2900,462.9593,0.04773565,19.2900,19.2900,19.2900,19.2900,19.2900,462.9593,0.04773565,96.4499,89.0364,385.7994,393.2129,0.03977971,0.04054411,0.00198899,9.5834,8.6562,0.4765,37.0961,1.0599,746.0305,77.8462,,9.5834,8.0113,10.5412,10.5412,12.6494,13.8722,21.0824,9.1708,0.0,1.315999,2.0,0.909138,29,128,28,2,0E-8,0.04972464,,0E-8,0.000000,0.903248,0.001976,,2026-03-31,2026-05-23,13,455,234,54,0.240741,,,0.000000,,,,,,,,GLOBAL_BASELINE_NO_ENTITY_RANKING,,,NOT_APPLICABLE_GLOBAL_BASELINE,HF9g-P5,,,,X 全窗基线 · 不参与实体赏罚,8393083,840,A168_HF9F_20260827_0900,2026-08-27 09:00:00
2026-04-13,147318574,2060,0,6.3247106445,6.3247106445,6.3247106445,1.0000000,1,1,0.49324550000000000,0.493245500000,1.01360149184955,1.01360149184955,1.01360149184955,0E-17,ELIGIBLE,R03b_20260811_FULL_v1,L1_ELIGIBILITY,v2026-08-11,2026-03-21..2026-08-06,baccarat_bet02_101_all_pairs_incl_sentinel,round_win = game_pnl > 0 (decisive only),COMPATIBILITY_ONLY_NOT_PRODUCTION,9698.3969,8760.0589,482.2493,1012,1012,-0.04972464,,-0.04972464,-0.04972464,-482.2493,9698.3969,OK,0.0000,19.2900,4.0000,96.0000,AG03-UNRESOLVED,ALL5_LEVELS_bet23_to_bet27,19.2900,19.2900,19.2900,19.2900,19.2900,4.000000,4.000000,4.000000,4.000000,4.000000,96.000000,96.000000,96.000000,96.000000,96.000000,5.0,96.4499,89.0364,385.7994,393.2129,PENDING_AG03,FALSE,NOT_FOR_ENFORCEMENT,462.9593,8409.6566,482.2493,462.9593,19.2900,0.04972464,0.04773565,19.2900,462.9593,0.04773565,19.2900,19.2900,19.2900,19.2900,19.2900,462.9593,0.04773565,96.4499,89.0364,385.7994,393.2129,0.03977971,0.04054411,0.00198899,9.5834,8.6562,0.4765,37.0961,1.0599,746.0305,77.8462,,9.5834,8.0113,10.5412,10.5412,12.6494,13.8722,21.0824,9.1708,0.0,1.315999,2.0,0.909138,29,128,28,2,0E-8,0.04972464,,0E-8,0.000000,0.903248,0.001976,,2026-03-31,2026-05-23,13,455,234,54,0.240741,,,0.000000,,,,,,,,GLOBAL_BASELINE_NO_ENTITY_RANKING,,,NOT_APPLICABLE_GLOBAL_BASELINE,HF9g-P5,,,,X 全窗基线 · 不参与实体赏罚,8393084,840,A168_HF9F_20260827_0900,2026-08-27 09:00:00
2026-04-13,147318574,2129,0,12.6494212890,12.3331857568,12.3331857568,1.0000000,2,2,0.49994810000000000,0.499948100000,1.4143603653603398,1.4143603653603398,1.4143603653603398,0E-17,ELIGIBLE,R03b_20260811_FULL_v1,L1_ELIGIBILITY,v2026-08-11,2026-03-21..2026-08-06,baccarat_bet02_101_all_pairs_incl_sentinel,round_win = game_pnl > 0 (decisive only),COMPATIBILITY_ONLY_NOT_PRODUCTION,9698.3969,8760.0589,482.2493,1012,1012,-0.04972464,,-0.04972464,-0.04972464,-482.2493,9698.3969,OK,0.0000,19.2900,4.0000,96.0000,AG03-UNRESOLVED,ALL5_LEVELS_bet23_to_bet27,19.2900,19.2900,19.2900,19.2900,19.2900,4.000000,4.000000,4.000000,4.000000,4.000000,96.000000,96.000000,96.000000,96.000000,96.000000,5.0,96.4499,89.0364,385.7994,393.2129,PENDING_AG03,FALSE,NOT_FOR_ENFORCEMENT,462.9593,8409.6566,482.2493,462.9593,19.2900,0.04972464,0.04773565,19.2900,462.9593,0.04773565,19.2900,19.2900,19.2900,19.2900,19.2900,462.9593,0.04773565,96.4499,89.0364,385.7994,393.2129,0.03977971,0.04054411,0.00198899,9.5834,8.6562,0.4765,37.0961,1.0599,746.0305,77.8462,,9.5834,8.0113,10.5412,10.5412,12.6494,13.8722,21.0824,9.1708,0.0,1.315999,2.0,0.909138,29,128,28,2,0E-8,0.04972464,,0E-8,0.000000,0.903248,0.001976,,2026-03-31,2026-05-23,13,455,234,54,0.240741,,,0.000000,,,,,,,,GLOBAL_BASELINE_NO_ENTITY_RANKING,,,NOT_APPLICABLE_GLOBAL_BASELINE,HF9g-P5,,,,X 全窗基线 · 不参与实体赏罚,8393085,840,A168_HF9F_20260827_0900,2026-08-27 09:00:00
2026-04-13,147318574,2134,0,8.4329475260,8.0113001497,8.0113001497,1.0000000,1,1,0.50665070000000000,0.506650700000,0.9867858985152569,0.9867858985152569,0.9867858985152569,0E-17,ELIGIBLE,R03b_20260811_FULL_v1,L1_ELIGIBILITY,v2026-08-11,2026-03-21..2026-08-06,baccarat_bet02_101_all_pairs_incl_sentinel,round_win = game_pnl > 0 (decisive only),COMPATIBILITY_ONLY_NOT_PRODUCTION,9698.3969,8760.0589,482.2493,1012,1012,-0.04972464,,-0.04972464,-0.04972464,-482.2493,9698.3969,OK,0.0000,19.2900,4.0000,96.0000,AG03-UNRESOLVED,ALL5_LEVELS_bet23_to_bet27,19.2900,19.2900,19.2900,19.2900,19.2900,4.000000,4.000000,4.000000,4.000000,4.000000,96.000000,96.000000,96.000000,96.000000,96.000000,5.0,96.4499,89.0364,385.7994,393.2129,PENDING_AG03,FALSE,NOT_FOR_ENFORCEMENT,462.9593,8409.6566,482.2493,462.9593,19.2900,0.04972464,0.04773565,19.2900,462.9593,0.04773565,19.2900,19.2900,19.2900,19.2900,19.2900,462.9593,0.04773565,96.4499,89.0364,385.7994,393.2129,0.03977971,0.04054411,0.00198899,9.5834,8.6562,0.4765,37.0961,1.0599,746.0305,77.8462,,9.5834,8.0113,10.5412,10.5412,12.6494,13.8722,21.0824,9.1708,0.0,1.315999,2.0,0.909138,29,128,28,2,0E-8,0.04972464,,0E-8,0.000000,0.903248,0.001976,,2026-03-31,2026-05-23,13,455,234,54,0.240741,,,0.000000,,,,,,,,GLOBAL_BASELINE_NO_ENTITY_RANKING,,,NOT_APPLICABLE_GLOBAL_BASELINE,HF9g-P5,,,,X 全窗基线 · 不参与实体赏罚,8393086,840,A168_HF9F_20260827_0900,2026-08-27 09:00:00
2026-04-13,147318574,2156,0,37.1049691142,6.8201463117,6.8201463117,0.6000000,5,5,0.50396966000000000,0.503969660000,0.4294742719815242,0.4294742719815242,0.4294742719815242,0E-17,ELIGIBLE,R03b_20260811_FULL_v1,L1_ELIGIBILITY,v2026-08-11,2026-03-21..2026-08-06,baccarat_bet02_101_all_pairs_incl_sentinel,round_win = game_pnl > 0 (decisive only),COMPATIBILITY_ONLY_NOT_PRODUCTION,9698.3969,8760.0589,482.2493,1012,1012,-0.04972464,,-0.04972464,-0.04972464,-482.2493,9698.3969,OK,0.0000,19.2900,4.0000,96.0000,AG03-UNRESOLVED,ALL5_LEVELS_bet23_to_bet27,19.2900,19.2900,19.2900,19.2900,19.2900,4.000000,4.000000,4.000000,4.000000,4.000000,96.000000,96.000000,96.000000,96.000000,96.000000,5.0,96.4499,89.0364,385.7994,393.2129,PENDING_AG03,FALSE,NOT_FOR_ENFORCEMENT,462.9593,8409.6566,482.2493,462.9593,19.2900,0.04972464,0.04773565,19.2900,462.9593,0.04773565,19.2900,19.2900,19.2900,19.2900,19.2900,462.9593,0.04773565,96.4499,89.0364,385.7994,393.2129,0.03977971,0.04054411,0.00198899,9.5834,8.6562,0.4765,37.0961,1.0599,746.0305,77.8462,,9.5834,8.0113,10.5412,10.5412,12.6494,13.8722,21.0824,9.1708,0.0,1.315999,2.0,0.909138,29,128,28,2,0E-8,0.04972464,,0E-8,0.000000,0.903248,0.001976,,2026-03-31,2026-05-23,13,455,234,54,0.240741,,,0.000000,,,,,,,,GLOBAL_BASELINE_NO_ENTITY_RANKING,,,NOT_APPLICABLE_GLOBAL_BASELINE,HF9g-P5,,,,X 全窗基线 · 不参与实体赏罚,8393087,840,A168_HF9F_20260827_0900,2026-08-27 09:00:00
2026-04-13,147318574,2160,0,6.3247106445,6.3247106445,6.3247106445,1.0000000,1,1,0.49324550000000000,0.493245500000,1.01360149184955,1.01360149184955,1.01360149184955,0E-17,ELIGIBLE,R03b_20260811_FULL_v1,L1_ELIGIBILITY,v2026-08-11,2026-03-21..2026-08-06,baccarat_bet02_101_all_pairs_incl_sentinel,round_win = game_pnl > 0 (decisive only),COMPATIBILITY_ONLY_NOT_PRODUCTION,9698.3969,8760.0589,482.2493,1012,1012,-0.04972464,,-0.04972464,-0.04972464,-482.2493,9698.3969,OK,0.0000,19.2900,4.0000,96.0000,AG03-UNRESOLVED,ALL5_LEVELS_bet23_to_bet27,19.2900,19.2900,19.2900,19.2900,19.2900,4.000000,4.000000,4.000000,4.000000,4.000000,96.000000,96.000000,96.000000,96.000000,96.000000,5.0,96.4499,89.0364,385.7994,393.2129,PENDING_AG03,FALSE,NOT_FOR_ENFORCEMENT,462.9593,8409.6566,482.2493,462.9593,19.2900,0.04972464,0.04773565,19.2900,462.9593,0.04773565,19.2900,19.2900,19.2900,19.2900,19.2900,462.9593,0.04773565,96.4499,89.0364,385.7994,393.2129,0.03977971,0.04054411,0.00198899,9.5834,8.6562,0.4765,37.0961,1.0599,746.0305,77.8462,,9.5834,8.0113,10.5412,10.5412,12.6494,13.8722,21.0824,9.1708,0.0,1.315999,2.0,0.909138,29,128,28,2,0E-8,0.04972464,,0E-8,0.000000,0.903248,0.001976,,2026-03-31,2026-05-23,13,455,234,54,0.240741,,,0.000000,,,,,,,,GLOBAL_BASELINE_NO_ENTITY_RANKING,,,NOT_APPLICABLE_GLOBAL_BASELINE,HF9g-P5,,,,X 全窗基线 · 不参与实体赏罚,8393088,840,A168_HF9F_20260827_0900,2026-08-27 09:00:00
2026-04-13,147318574,2167,0,13.2818923534,12.6177977358,12.6177977358,1.0000000,2,2,0.50665070000000000,0.506650700000,1.3955260008387969,1.3955260008387969,1.3955260008387969,0E-17,ELIGIBLE,R03b_20260811_FULL_v1,L1_ELIGIBILITY,v2026-08-11,2026-03-21..2026-08-06,baccarat_bet02_101_all_pairs_incl_sentinel,round_win = game_pnl > 0 (decisive only),COMPATIBILITY_ONLY_NOT_PRODUCTION,9698.3969,8760.0589,482.2493,1012,1012,-0.04972464,,-0.04972464,-0.04972464,-482.2493,9698.3969,OK,0.0000,19.2900,4.0000,96.0000,AG03-UNRESOLVED,ALL5_LEVELS_bet23_to_bet27,19.2900,19.2900,19.2900,19.2900,19.2900,4.000000,4.000000,4.000000,4.000000,4.000000,96.000000,96.000000,96.000000,96.000000,96.000000,5.0,96.4499,89.0364,385.7994,393.2129,PENDING_AG03,FALSE,NOT_FOR_ENFORCEMENT,462.9593,8409.6566,482.2493,462.9593,19.2900,0.04972464,0.04773565,19.2900,462.9593,0.04773565,19.2900,19.2900,19.2900,19.2900,19.2900,462.9593,0.04773565,96.4499,89.0364,385.7994,393.2129,0.03977971,0.04054411,0.00198899,9.5834,8.6562,0.4765,37.0961,1.0599,746.0305,77.8462,,9.5834,8.0113,10.5412,10.5412,12.6494,13.8722,21.0824,9.1708,0.0,1.315999,2.0,0.909138,29,128,28,2,0E-8,0.04972464,,0E-8,0.000000,0.903248,0.001976,,2026-03-31,2026-05-23,13,455,234,54,0.240741,,,0.000000,,,,,,,,GLOBAL_BASELINE_NO_ENTITY_RANKING,,,NOT_APPLICABLE_GLOBAL_BASELINE,HF9g-P5,,,,X 全窗基线 · 不参与实体赏罚,8393089,840,A168_HF9F_20260827_0900,2026-08-27 09:00:00
2026-04-13,147318574,2169,0,45.7487403284,-16.0331414838,-16.0331414838,0.3333333,4,4,0.50665070000000000,0.506650700000,-0.6004420894325239,-0.6004420894325239,-0.6004420894325239,0E-17,ELIGIBLE,R03b_20260811_FULL_v1,L1_ELIGIBILITY,v2026-08-11,2026-03-21..2026-08-06,baccarat_bet02_101_all_pairs_incl_sentinel,round_win = game_pnl > 0 (decisive only),COMPATIBILITY_ONLY_NOT_PRODUCTION,9698.3969,8760.0589,482.2493,1012,1012,-0.04972464,,-0.04972464,-0.04972464,-482.2493,9698.3969,OK,0.0000,19.2900,4.0000,96.0000,AG03-UNRESOLVED,ALL5_LEVELS_bet23_to_bet27,19.2900,19.2900,19.2900,19.2900,19.2900,4.000000,4.000000,4.000000,4.000000,4.000000,96.000000,96.000000,96.000000,96.000000,96.000000,5.0,96.4499,89.0364,385.7994,393.2129,PENDING_AG03,FALSE,NOT_FOR_ENFORCEMENT,462.9593,8409.6566,482.2493,462.9593,19.2900,0.04972464,0.04773565,19.2900,462.9593,0.04773565,19.2900,19.2900,19.2900,19.2900,19.2900,462.9593,0.04773565,96.4499,89.0364,385.7994,393.2129,0.03977971,0.04054411,0.00198899,9.5834,8.6562,0.4765,37.0961,1.0599,746.0305,77.8462,,9.5834,8.0113,10.5412,10.5412,12.6494,13.8722,21.0824,9.1708,0.0,1.315999,2.0,0.909138,29,128,28,2,0E-8,0.04972464,,0E-8,0.000000,0.903248,0.001976,,2026-03-31,2026-05-23,13,455,234,54,0.240741,,,0.000000,,,,,,,,GLOBAL_BASELINE_NO_ENTITY_RANKING,,,NOT_APPLICABLE_GLOBAL_BASELINE,HF9g-P5,,,,X 全窗基线 · 不参与实体赏罚,8393090,840,A168_HF9F_20260827_0900,2026-08-27 09:00:00
2026-04-13,147318574,2201,0,6.3247106445,6.0084751123,6.0084751123,1.0000000,1,1,0.50665070000000000,0.506650700000,0.9867858985152569,0.9867858985152569,0.9867858985152569,0E-17,ELIGIBLE,R03b_20260811_FULL_v1,L1_ELIGIBILITY,v2026-08-11,2026-03-21..2026-08-06,baccarat_bet02_101_all_pairs_incl_sentinel,round_win = game_pnl > 0 (decisive only),COMPATIBILITY_ONLY_NOT_PRODUCTION,9698.3969,8760.0589,482.2493,1012,1012,-0.04972464,,-0.04972464,-0.04972464,-482.2493,9698.3969,OK,0.0000,19.2900,4.0000,96.0000,AG03-UNRESOLVED,ALL5_LEVELS_bet23_to_bet27,19.2900,19.2900,19.2900,19.2900,19.2900,4.000000,4.000000,4.000000,4.000000,4.000000,96.000000,96.000000,96.000000,96.000000,96.000000,5.0,96.4499,89.0364,385.7994,393.2129,PENDING_AG03,FALSE,NOT_FOR_ENFORCEMENT,462.9593,8409.6566,482.2493,462.9593,19.2900,0.04972464,0.04773565,19.2900,462.9593,0.04773565,19.2900,19.2900,19.2900,19.2900,19.2900,462.9593,0.04773565,96.4499,89.0364,385.7994,393.2129,0.03977971,0.04054411,0.00198899,9.5834,8.6562,0.4765,37.0961,1.0599,746.0305,77.8462,,9.5834,8.0113,10.5412,10.5412,12.6494,13.8722,21.0824,9.1708,0.0,1.315999,2.0,0.909138,29,128,28,2,0E-8,0.04972464,,0E-8,0.000000,0.903248,0.001976,,2026-03-31,2026-05-23,13,455,234,54,0.240741,,,0.000000,,,,,,,,GLOBAL_BASELINE_NO_ENTITY_RANKING,,,NOT_APPLICABLE_GLOBAL_BASELINE,HF9g-P5,,,,X 全窗基线 · 不参与实体赏罚,8393091,840,A168_HF9F_20260827_0900,2026-08-27 09:00:00
2026-04-13,147318574,2212,0,17.7091898046,0E-10,0E-10,,2,2,0.49324550000000000,0.493245500000,,,,0E-17,NO_DECISIVE_ROUND,R03b_20260811_FULL_v1,L1_ELIGIBILITY,v2026-08-11,2026-03-21..2026-08-06,baccarat_bet02_101_all_pairs_incl_sentinel,round_win = game_pnl > 0 (decisive only),COMPATIBILITY_ONLY_NOT_PRODUCTION,9698.3969,8760.0589,482.2493,1012,1012,-0.04972464,,-0.04972464,-0.04972464,-482.2493,9698.3969,OK,0.0000,19.2900,4.0000,96.0000,AG03-UNRESOLVED,ALL5_LEVELS_bet23_to_bet27,19.2900,19.2900,19.2900,19.2900,19.2900,4.000000,4.000000,4.000000,4.000000,4.000000,96.000000,96.000000,96.000000,96.000000,96.000000,5.0,96.4499,89.0364,385.7994,393.2129,PENDING_AG03,FALSE,NOT_FOR_ENFORCEMENT,462.9593,8409.6566,482.2493,462.9593,19.2900,0.04972464,0.04773565,19.2900,462.9593,0.04773565,19.2900,19.2900,19.2900,19.2900,19.2900,462.9593,0.04773565,96.4499,89.0364,385.7994,393.2129,0.03977971,0.04054411,0.00198899,9.5834,8.6562,0.4765,37.0961,1.0599,746.0305,77.8462,,9.5834,8.0113,10.5412,10.5412,12.6494,13.8722,21.0824,9.1708,0.0,1.315999,2.0,0.909138,29,128,28,2,0E-8,0.04972464,,0E-8,0.000000,0.903248,0.001976,,2026-03-31,2026-05-23,13,455,234,54,0.240741,,,0.000000,,,,,,,,GLOBAL_BASELINE_NO_ENTITY_RANKING,,,NOT_APPLICABLE_GLOBAL_BASELINE,HF9g-P5,,,,X 全窗基线 · 不参与实体赏罚,8393092,840,A168_HF9F_20260827_0900,2026-08-27 09:00:00
2026-04-13,147318574,2220,0,56.5007484241,15.2847173909,15.2847173909,0.6000000,6,6,0.49547970000000000,0.495479700000,0.4674480948863271,0.4674480948863271,0.4674480948863271,0E-17,ELIGIBLE,R03b_20260811_FULL_v1,L1_ELIGIBILITY,v2026-08-11,2026-03-21..2026-08-06,baccarat_bet02_101_all_pairs_incl_sentinel,round_win = game_pnl > 0 (decisive only),COMPATIBILITY_ONLY_NOT_PRODUCTION,9698.3969,8760.0589,482.2493,1012,1012,-0.04972464,,-0.04972464,-0.04972464,-482.2493,9698.3969,OK,0.0000,19.2900,4.0000,96.0000,AG03-UNRESOLVED,ALL5_LEVELS_bet23_to_bet27,19.2900,19.2900,19.2900,19.2900,19.2900,4.000000,4.000000,4.000000,4.000000,4.000000,96.000000,96.000000,96.000000,96.000000,96.000000,5.0,96.4499,89.0364,385.7994,393.2129,PENDING_AG03,FALSE,NOT_FOR_ENFORCEMENT,462.9593,8409.6566,482.2493,462.9593,19.2900,0.04972464,0.04773565,19.2900,462.9593,0.04773565,19.2900,19.2900,19.2900,19.2900,19.2900,462.9593,0.04773565,96.4499,89.0364,385.7994,393.2129,0.03977971,0.04054411,0.00198899,9.5834,8.6562,0.4765,37.0961,1.0599,746.0305,77.8462,,9.5834,8.0113,10.5412,10.5412,12.6494,13.8722,21.0824,9.1708,0.0,1.315999,2.0,0.909138,29,128,28,2,0E-8,0.04972464,,0E-8,0.000000,0.903248,0.001976,,2026-03-31,2026-05-23,13,455,234,54,0.240741,,,0.000000,,,,,,,,GLOBAL_BASELINE_NO_ENTITY_RANKING,,,NOT_APPLICABLE_GLOBAL_BASELINE,HF9g-P5,,,,X 全窗基线 · 不参与实体赏罚,8393093,840,A168_HF9F_20260827_0900,2026-08-27 09:00:00
2026-04-13,147318574,2222,0,6.3247106445,6.3247106445,6.3247106445,1.0000000,1,1,0.49324550000000000,0.493245500000,1.01360149184955,1.01360149184955,1.01360149184955,0E-17,ELIGIBLE,R03b_20260811_FULL_v1,L1_ELIGIBILITY,v2026-08-11,2026-03-21..2026-08-06,baccarat_bet02_101_all_pairs_incl_sentinel,round_win = game_pnl > 0 (decisive only),COMPATIBILITY_ONLY_NOT_PRODUCTION,9698.3969,8760.0589,482.2493,1012,1012,-0.04972464,,-0.04972464,-0.04972464,-482.2493,9698.3969,OK,0.0000,19.2900,4.0000,96.0000,AG03-UNRESOLVED,ALL5_LEVELS_bet23_to_bet27,19.2900,19.2900,19.2900,19.2900,19.2900,4.000000,4.000000,4.000000,4.000000,4.000000,96.000000,96.000000,96.000000,96.000000,96.000000,5.0,96.4499,89.0364,385.7994,393.2129,PENDING_AG03,FALSE,NOT_FOR_ENFORCEMENT,462.9593,8409.6566,482.2493,462.9593,19.2900,0.04972464,0.04773565,19.2900,462.9593,0.04773565,19.2900,19.2900,19.2900,19.2900,19.2900,462.9593,0.04773565,96.4499,89.0364,385.7994,393.2129,0.03977971,0.04054411,0.00198899,9.5834,8.6562,0.4765,37.0961,1.0599,746.0305,77.8462,,9.5834,8.0113,10.5412,10.5412,12.6494,13.8722,21.0824,9.1708,0.0,1.315999,2.0,0.909138,29,128,28,2,0E-8,0.04972464,,0E-8,0.000000,0.903248,0.001976,,2026-03-31,2026-05-23,13,455,234,54,0.240741,,,0.000000,,,,,,,,GLOBAL_BASELINE_NO_ENTITY_RANKING,,,NOT_APPLICABLE_GLOBAL_BASELINE,HF9g-P5,,,,X 全窗基线 · 不参与实体赏罚,8393094,840,A168_HF9F_20260827_0900,2026-08-27 09:00:00
2026-04-13,147318574,2224,0,15.1793055468,1.6865895052,1.6865895052,0.5000000,2,2,0.49324550000000000,0.493245500000,0.01910635448239258,0.01910635448239258,0.01910635448239258,0E-17,ELIGIBLE,R03b_20260811_FULL_v1,L1_ELIGIBILITY,v2026-08-11,2026-03-21..2026-08-06,baccarat_bet02_101_all_pairs_incl_sentinel,round_win = game_pnl > 0 (decisive only),COMPATIBILITY_ONLY_NOT_PRODUCTION,9698.3969,8760.0589,482.2493,1012,1012,-0.04972464,,-0.04972464,-0.04972464,-482.2493,9698.3969,OK,0.0000,19.2900,4.0000,96.0000,AG03-UNRESOLVED,ALL5_LEVELS_bet23_to_bet27,19.2900,19.2900,19.2900,19.2900,19.2900,4.000000,4.000000,4.000000,4.000000,4.000000,96.000000,96.000000,96.000000,96.000000,96.000000,5.0,96.4499,89.0364,385.7994,393.2129,PENDING_AG03,FALSE,NOT_FOR_ENFORCEMENT,462.9593,8409.6566,482.2493,462.9593,19.2900,0.04972464,0.04773565,19.2900,462.9593,0.04773565,19.2900,19.2900,19.2900,19.2900,19.2900,462.9593,0.04773565,96.4499,89.0364,385.7994,393.2129,0.03977971,0.04054411,0.00198899,9.5834,8.6562,0.4765,37.0961,1.0599,746.0305,77.8462,,9.5834,8.0113,10.5412,10.5412,12.6494,13.8722,21.0824,9.1708,0.0,1.315999,2.0,0.909138,29,128,28,2,0E-8,0.04972464,,0E-8,0.000000,0.903248,0.001976,,2026-03-31,2026-05-23,13,455,234,54,0.240741,,,0.000000,,,,,,,,GLOBAL_BASELINE_NO_ENTITY_RANKING,,,NOT_APPLICABLE_GLOBAL_BASELINE,HF9g-P5,,,,X 全窗基线 · 不参与实体赏罚,8393095,840,A168_HF9F_20260827_0900,2026-08-27 09:00:00
2026-04-13,147318574,2234,0,25.2988425780,8.4329475260,8.4329475260,0.6666667,3,3,0.49324550000000000,0.493245500000,0.6008033672792107,0.6008033672792106,0.6008033672792107,0E-17,ELIGIBLE,R03b_20260811_FULL_v1,L1_ELIGIBILITY,v2026-08-11,2026-03-21..2026-08-06,baccarat_bet02_101_all_pairs_incl_sentinel,round_win = game_pnl > 0 (decisive only),COMPATIBILITY_ONLY_NOT_PRODUCTION,9698.3969,8760.0589,482.2493,1012,1012,-0.04972464,,-0.04972464,-0.04972464,-482.2493,9698.3969,OK,0.0000,19.2900,4.0000,96.0000,AG03-UNRESOLVED,ALL5_LEVELS_bet23_to_bet27,19.2900,19.2900,19.2900,19.2900,19.2900,4.000000,4.000000,4.000000,4.000000,4.000000,96.000000,96.000000,96.000000,96.000000,96.000000,5.0,96.4499,89.0364,385.7994,393.2129,PENDING_AG03,FALSE,NOT_FOR_ENFORCEMENT,462.9593,8409.6566,482.2493,462.9593,19.2900,0.04972464,0.04773565,19.2900,462.9593,0.04773565,19.2900,19.2900,19.2900,19.2900,19.2900,462.9593,0.04773565,96.4499,89.0364,385.7994,393.2129,0.03977971,0.04054411,0.00198899,9.5834,8.6562,0.4765,37.0961,1.0599,746.0305,77.8462,,9.5834,8.0113,10.5412,10.5412,12.6494,13.8722,21.0824,9.1708,0.0,1.315999,2.0,0.909138,29,128,28,2,0E-8,0.04972464,,0E-8,0.000000,0.903248,0.001976,,2026-03-31,2026-05-23,13,455,234,54,0.240741,,,0.000000,,,,,,,,GLOBAL_BASELINE_NO_ENTITY_RANKING,,,NOT_APPLICABLE_GLOBAL_BASELINE,HF9g-P5,,,,X 全窗基线 · 不参与实体赏罚,8393096,840,A168_HF9F_20260827_0900,2026-08-27 09:00:00
2026-04-13,147318574,2235,0,8.4329475260,8.4329475260,8.4329475260,1.0000000,1,1,0.49324550000000000,0.493245500000,1.01360149184955,1.01360149184955,1.01360149184955,0E-17,ELIGIBLE,R03b_20260811_FULL_v1,L1_ELIGIBILITY,v2026-08-11,2026-03-21..2026-08-06,baccarat_bet02_101_all_pairs_incl_sentinel,round_win = game_pnl > 0 (decisive only),COMPATIBILITY_ONLY_NOT_PRODUCTION,9698.3969,8760.0589,482.2493,1012,1012,-0.04972464,,-0.04972464,-0.04972464,-482.2493,9698.3969,OK,0.0000,19.2900,4.0000,96.0000,AG03-UNRESOLVED,ALL5_LEVELS_bet23_to_bet27,19.2900,19.2900,19.2900,19.2900,19.2900,4.000000,4.000000,4.000000,4.000000,4.000000,96.000000,96.000000,96.000000,96.000000,96.000000,5.0,96.4499,89.0364,385.7994,393.2129,PENDING_AG03,FALSE,NOT_FOR_ENFORCEMENT,462.9593,8409.6566,482.2493,462.9593,19.2900,0.04972464,0.04773565,19.2900,462.9593,0.04773565,19.2900,19.2900,19.2900,19.2900,19.2900,462.9593,0.04773565,96.4499,89.0364,385.7994,393.2129,0.03977971,0.04054411,0.00198899,9.5834,8.6562,0.4765,37.0961,1.0599,746.0305,77.8462,,9.5834,8.0113,10.5412,10.5412,12.6494,13.8722,21.0824,9.1708,0.0,1.315999,2.0,0.909138,29,128,28,2,0E-8,0.04972464,,0E-8,0.000000,0.903248,0.001976,,2026-03-31,2026-05-23,13,455,234,54,0.240741,,,0.000000,,,,,,,,GLOBAL_BASELINE_NO_ENTITY_RANKING,,,NOT_APPLICABLE_GLOBAL_BASELINE,HF9g-P5,,,,X 全窗基线 · 不参与实体赏罚,8393097,840,A168_HF9F_20260827_0900,2026-08-27 09:00:00
2026-04-13,147318574,2248,0,6.3247106445,6.0084751123,6.0084751123,1.0000000,1,1,0.50665070000000000,0.506650700000,0.9867858985152569,0.9867858985152569,0.9867858985152569,0E-17,ELIGIBLE,R03b_20260811_FULL_v1,L1_ELIGIBILITY,v2026-08-11,2026-03-21..2026-08-06,baccarat_bet02_101_all_pairs_incl_sentinel,round_win = game_pnl > 0 (decisive only),COMPATIBILITY_ONLY_NOT_PRODUCTION,9698.3969,8760.0589,482.2493,1012,1012,-0.04972464,,-0.04972464,-0.04972464,-482.2493,9698.3969,OK,0.0000,19.2900,4.0000,96.0000,AG03-UNRESOLVED,ALL5_LEVELS_bet23_to_bet27,19.2900,19.2900,19.2900,19.2900,19.2900,4.000000,4.000000,4.000000,4.000000,4.000000,96.000000,96.000000,96.000000,96.000000,96.000000,5.0,96.4499,89.0364,385.7994,393.2129,PENDING_AG03,FALSE,NOT_FOR_ENFORCEMENT,462.9593,8409.6566,482.2493,462.9593,19.2900,0.04972464,0.04773565,19.2900,462.9593,0.04773565,19.2900,19.2900,19.2900,19.2900,19.2900,462.9593,0.04773565,96.4499,89.0364,385.7994,393.2129,0.03977971,0.04054411,0.00198899,9.5834,8.6562,0.4765,37.0961,1.0599,746.0305,77.8462,,9.5834,8.0113,10.5412,10.5412,12.6494,13.8722,21.0824,9.1708,0.0,1.315999,2.0,0.909138,29,128,28,2,0E-8,0.04972464,,0E-8,0.000000,0.903248,0.001976,,2026-03-31,2026-05-23,13,455,234,54,0.240741,,,0.000000,,,,,,,,GLOBAL_BASELINE_NO_ENTITY_RANKING,,,NOT_APPLICABLE_GLOBAL_BASELINE,HF9g-P5,,,,X 全窗基线 · 不参与实体赏罚,8393098,840,A168_HF9F_20260827_0900,2026-08-27 09:00:00
2026-04-13,147318574,2258,0,17.0767187401,-0.2108236881,-0.2108236881,0.5000000,2,2,0.49324550000000000,0.493245500000,0.01910635448239258,0.01910635448239258,0.01910635448239258,0E-17,ELIGIBLE,R03b_20260811_FULL_v1,L1_ELIGIBILITY,v2026-08-11,2026-03-21..2026-08-06,baccarat_bet02_101_all_pairs_incl_sentinel,round_win = game_pnl > 0 (decisive only),COMPATIBILITY_ONLY_NOT_PRODUCTION,9698.3969,8760.0589,482.2493,1012,1012,-0.04972464,,-0.04972464,-0.04972464,-482.2493,9698.3969,OK,0.0000,19.2900,4.0000,96.0000,AG03-UNRESOLVED,ALL5_LEVELS_bet23_to_bet27,19.2900,19.2900,19.2900,19.2900,19.2900,4.000000,4.000000,4.000000,4.000000,4.000000,96.000000,96.000000,96.000000,96.000000,96.000000,5.0,96.4499,89.0364,385.7994,393.2129,PENDING_AG03,FALSE,NOT_FOR_ENFORCEMENT,462.9593,8409.6566,482.2493,462.9593,19.2900,0.04972464,0.04773565,19.2900,462.9593,0.04773565,19.2900,19.2900,19.2900,19.2900,19.2900,462.9593,0.04773565,96.4499,89.0364,385.7994,393.2129,0.03977971,0.04054411,0.00198899,9.5834,8.6562,0.4765,37.0961,1.0599,746.0305,77.8462,,9.5834,8.0113,10.5412,10.5412,12.6494,13.8722,21.0824,9.1708,0.0,1.315999,2.0,0.909138,29,128,28,2,0E-8,0.04972464,,0E-8,0.000000,0.903248,0.001976,,2026-03-31,2026-05-23,13,455,234,54,0.240741,,,0.000000,,,,,,,,GLOBAL_BASELINE_NO_ENTITY_RANKING,,,NOT_APPLICABLE_GLOBAL_BASELINE,HF9g-P5,,,,X 全窗基线 · 不参与实体赏罚,8393099,840,A168_HF9F_20260827_0900,2026-08-27 09:00:00
2026-04-13,147318574,462,0,16.8658950520,16.8658950520,16.8658950520,1.0000000,2,2,0.49324550000000000,0.493245500000,1.4334489766152358,1.4334489766152358,1.4334489766152358,0E-17,ELIGIBLE,R03b_20260811_FULL_v1,L1_ELIGIBILITY,v2026-08-11,2026-03-21..2026-08-06,baccarat_bet02_101_all_pairs_incl_sentinel,round_win = game_pnl > 0 (decisive only),COMPATIBILITY_ONLY_NOT_PRODUCTION,9698.3969,8760.0589,482.2493,1012,1012,-0.04972464,,-0.04972464,-0.04972464,-482.2493,9698.3969,OK,0.0000,19.2900,4.0000,96.0000,AG03-UNRESOLVED,ALL5_LEVELS_bet23_to_bet27,19.2900,19.2900,19.2900,19.2900,19.2900,4.000000,4.000000,4.000000,4.000000,4.000000,96.000000,96.000000,96.000000,96.000000,96.000000,5.0,96.4499,89.0364,385.7994,393.2129,PENDING_AG03,FALSE,NOT_FOR_ENFORCEMENT,462.9593,8409.6566,482.2493,462.9593,19.2900,0.04972464,0.04773565,19.2900,462.9593,0.04773565,19.2900,19.2900,19.2900,19.2900,19.2900,462.9593,0.04773565,96.4499,89.0364,385.7994,393.2129,0.03977971,0.04054411,0.00198899,9.5834,8.6562,0.4765,37.0961,1.0599,746.0305,77.8462,,9.5834,8.0113,10.5412,10.5412,12.6494,13.8722,21.0824,9.1708,0.0,1.315999,2.0,0.909138,29,128,28,2,0E-8,0.04972464,,0E-8,0.000000,0.903248,0.001976,,2026-03-31,2026-05-23,13,455,234,54,0.240741,,,0.000000,,,,,,,,GLOBAL_BASELINE_NO_ENTITY_RANKING,,,NOT_APPLICABLE_GLOBAL_BASELINE,HF9g-P5,,,,X 全窗基线 · 不参与实体赏罚,8393100,840,A168_HF9F_20260827_0900,2026-08-27 09:00:00
2026-04-13,147318574,526,0,18.9741319335,2.1082368815,2.1082368815,0.5000000,2,2,0.49324550000000000,0.493245500000,0.01910635448239258,0.01910635448239258,0.01910635448239258,0E-17,ELIGIBLE,R03b_20260811_FULL_v1,L1_ELIGIBILITY,v2026-08-11,2026-03-21..2026-08-06,baccarat_bet02_101_all_pairs_incl_sentinel,round_win = game_pnl > 0 (decisive only),COMPATIBILITY_ONLY_NOT_PRODUCTION,9698.3969,8760.0589,482.2493,1012,1012,-0.04972464,,-0.04972464,-0.04972464,-482.2493,9698.3969,OK,0.0000,19.2900,4.0000,96.0000,AG03-UNRESOLVED,ALL5_LEVELS_bet23_to_bet27,19.2900,19.2900,19.2900,19.2900,19.2900,4.000000,4.000000,4.000000,4.000000,4.000000,96.000000,96.000000,96.000000,96.000000,96.000000,5.0,96.4499,89.0364,385.7994,393.2129,PENDING_AG03,FALSE,NOT_FOR_ENFORCEMENT,462.9593,8409.6566,482.2493,462.9593,19.2900,0.04972464,0.04773565,19.2900,462.9593,0.04773565,19.2900,19.2900,19.2900,19.2900,19.2900,462.9593,0.04773565,96.4499,89.0364,385.7994,393.2129,0.03977971,0.04054411,0.00198899,9.5834,8.6562,0.4765,37.0961,1.0599,746.0305,77.8462,,9.5834,8.0113,10.5412,10.5412,12.6494,13.8722,21.0824,9.1708,0.0,1.315999,2.0,0.909138,29,128,28,2,0E-8,0.04972464,,0E-8,0.000000,0.903248,0.001976,,2026-03-31,2026-05-23,13,455,234,54,0.240741,,,0.000000,,,,,,,,GLOBAL_BASELINE_NO_ENTITY_RANKING,,,NOT_APPLICABLE_GLOBAL_BASELINE,HF9g-P5,,,,X 全窗基线 · 不参与实体赏罚,8393101,840,A168_HF9F_20260827_0900,2026-08-27 09:00:00
2026-04-13,147318574,550,0,6.3247106445,0E-10,0E-10,,1,1,0.49324550000000000,0.493245500000,,,,0E-17,NO_DECISIVE_ROUND,R03b_20260811_FULL_v1,L1_ELIGIBILITY,v2026-08-11,2026-03-21..2026-08-06,baccarat_bet02_101_all_pairs_incl_sentinel,round_win = game_pnl > 0 (decisive only),COMPATIBILITY_ONLY_NOT_PRODUCTION,9698.3969,8760.0589,482.2493,1012,1012,-0.04972464,,-0.04972464,-0.04972464,-482.2493,9698.3969,OK,0.0000,19.2900,4.0000,96.0000,AG03-UNRESOLVED,ALL5_LEVELS_bet23_to_bet27,19.2900,19.2900,19.2900,19.2900,19.2900,4.000000,4.000000,4.000000,4.000000,4.000000,96.000000,96.000000,96.000000,96.000000,96.000000,5.0,96.4499,89.0364,385.7994,393.2129,PENDING_AG03,FALSE,NOT_FOR_ENFORCEMENT,462.9593,8409.6566,482.2493,462.9593,19.2900,0.04972464,0.04773565,19.2900,462.9593,0.04773565,19.2900,19.2900,19.2900,19.2900,19.2900,462.9593,0.04773565,96.4499,89.0364,385.7994,393.2129,0.03977971,0.04054411,0.00198899,9.5834,8.6562,0.4765,37.0961,1.0599,746.0305,77.8462,,9.5834,8.0113,10.5412,10.5412,12.6494,13.8722,21.0824,9.1708,0.0,1.315999,2.0,0.909138,29,128,28,2,0E-8,0.04972464,,0E-8,0.000000,0.903248,0.001976,,2026-03-31,2026-05-23,13,455,234,54,0.240741,,,0.000000,,,,,,,,GLOBAL_BASELINE_NO_ENTITY_RANKING,,,NOT_APPLICABLE_GLOBAL_BASELINE,HF9g-P5,,,,X 全窗基线 · 不参与实体赏罚,8393102,840,A168_HF9F_20260827_0900,2026-08-27 09:00:00
2026-04-13,147318574,925,0,10.5411844075,10.0141251871,10.0141251871,1.0000000,1,1,0.50665070000000000,0.506650700000,0.9867858985152569,0.9867858985152569,0.9867858985152569,0E-17,ELIGIBLE,R03b_20260811_FULL_v1,L1_ELIGIBILITY,v2026-08-11,2026-03-21..2026-08-06,baccarat_bet02_101_all_pairs_incl_sentinel,round_win = game_pnl > 0 (decisive only),COMPATIBILITY_ONLY_NOT_PRODUCTION,9698.3969,8760.0589,482.2493,1012,1012,-0.04972464,,-0.04972464,-0.04972464,-482.2493,9698.3969,OK,0.0000,19.2900,4.0000,96.0000,AG03-UNRESOLVED,ALL5_LEVELS_bet23_to_bet27,19.2900,19.2900,19.2900,19.2900,19.2900,4.000000,4.000000,4.000000,4.000000,4.000000,96.000000,96.000000,96.000000,96.000000,96.000000,5.0,96.4499,89.0364,385.7994,393.2129,PENDING_AG03,FALSE,NOT_FOR_ENFORCEMENT,462.9593,8409.6566,482.2493,462.9593,19.2900,0.04972464,0.04773565,19.2900,462.9593,0.04773565,19.2900,19.2900,19.2900,19.2900,19.2900,462.9593,0.04773565,96.4499,89.0364,385.7994,393.2129,0.03977971,0.04054411,0.00198899,9.5834,8.6562,0.4765,37.0961,1.0599,746.0305,77.8462,,9.5834,8.0113,10.5412,10.5412,12.6494,13.8722,21.0824,9.1708,0.0,1.315999,2.0,0.909138,29,128,28,2,0E-8,0.04972464,,0E-8,0.000000,0.903248,0.001976,,2026-03-31,2026-05-23,13,455,234,54,0.240741,,,0.000000,,,,,,,,GLOBAL_BASELINE_NO_ENTITY_RANKING,,,NOT_APPLICABLE_GLOBAL_BASELINE,HF9g-P5,,,,X 全窗基线 · 不参与实体赏罚,8393103,840,A168_HF9F_20260827_0900,2026-08-27 09:00:00
2026-04-14,147318574,-1,1,94.8706596675,-44.6946218878,-44.6946218878,0.2222222,10,10,0.49994810000000000,0.499948100000,-1.6663552756436892,-1.6663552756436892,-1.6663552756436892,0E-17,SENTINEL_DEALER,R03b_20260811_FULL_v1,L1_ELIGIBILITY,v2026-08-11,2026-03-21..2026-08-06,baccarat_bet02_101_all_pairs_incl_sentinel,round_win = game_pnl > 0 (decisive only),COMPATIBILITY_ONLY_NOT_PRODUCTION,9698.3969,8760.0589,482.2493,1012,1012,-0.04972464,,-0.04972464,-0.04972464,-482.2493,9698.3969,OK,0.0000,19.2900,4.0000,96.0000,AG03-UNRESOLVED,ALL5_LEVELS_bet23_to_bet27,19.2900,19.2900,19.2900,19.2900,19.2900,4.000000,4.000000,4.000000,4.000000,4.000000,96.000000,96.000000,96.000000,96.000000,96.000000,5.0,96.4499,89.0364,385.7994,393.2129,PENDING_AG03,FALSE,NOT_FOR_ENFORCEMENT,462.9593,8409.6566,482.2493,462.9593,19.2900,0.04972464,0.04773565,19.2900,462.9593,0.04773565,19.2900,19.2900,19.2900,19.2900,19.2900,462.9593,0.04773565,96.4499,89.0364,385.7994,393.2129,0.03977971,0.04054411,0.00198899,9.5834,8.6562,0.4765,37.0961,1.0599,746.0305,77.8462,,9.5834,8.0113,10.5412,10.5412,12.6494,13.8722,21.0824,9.1708,0.0,1.315999,2.0,0.909138,29,128,28,2,0E-8,0.04972464,,0E-8,0.000000,0.903248,0.001976,,2026-03-31,2026-05-23,13,455,234,54,0.240741,,,0.000000,,,,,,,,GLOBAL_BASELINE_NO_ENTITY_RANKING,,,NOT_APPLICABLE_GLOBAL_BASELINE,HF9g-P5,,,,X 全窗基线 · 不参与实体赏罚,8393104,840,A168_HF9F_20260827_0900,2026-08-27 09:00:00
2026-04-14,147318574,1210,0,38.5807349314,-13.9143634179,-13.9143634179,0.2500000,4,4,0.50665070000000000,0.506650700000,-1.0266936290537745,-1.0266936290537745,-1.0266936290537745,0E-17,ELIGIBLE,R03b_20260811_FULL_v1,L1_ELIGIBILITY,v2026-08-11,2026-03-21..2026-08-06,baccarat_bet02_101_all_pairs_incl_sentinel,round_win = game_pnl > 0 (decisive only),COMPATIBILITY_ONLY_NOT_PRODUCTION,9698.3969,8760.0589,482.2493,1012,1012,-0.04972464,,-0.04972464,-0.04972464,-482.2493,9698.3969,OK,0.0000,19.2900,4.0000,96.0000,AG03-UNRESOLVED,ALL5_LEVELS_bet23_to_bet27,19.2900,19.2900,19.2900,19.2900,19.2900,4.000000,4.000000,4.000000,4.000000,4.000000,96.000000,96.000000,96.000000,96.000000,96.000000,5.0,96.4499,89.0364,385.7994,393.2129,PENDING_AG03,FALSE,NOT_FOR_ENFORCEMENT,462.9593,8409.6566,482.2493,462.9593,19.2900,0.04972464,0.04773565,19.2900,462.9593,0.04773565,19.2900,19.2900,19.2900,19.2900,19.2900,462.9593,0.04773565,96.4499,89.0364,385.7994,393.2129,0.03977971,0.04054411,0.00198899,9.5834,8.6562,0.4765,37.0961,1.0599,746.0305,77.8462,,9.5834,8.0113,10.5412,10.5412,12.6494,13.8722,21.0824,9.1708,0.0,1.315999,2.0,0.909138,29,128,28,2,0E-8,0.04972464,,0E-8,0.000000,0.903248,0.001976,,2026-03-31,2026-05-23,13,455,234,54,0.240741,,,0.000000,,,,,,,,GLOBAL_BASELINE_NO_ENTITY_RANKING,,,NOT_APPLICABLE_GLOBAL_BASELINE,HF9g-P5,,,,X 全窗基线 · 不参与实体赏罚,8393105,840,A168_HF9F_20260827_0900,2026-08-27 09:00:00
2026-04-14,147318574,1299,0,42.1647376300,-8.4329475260,-8.4329475260,0.3333333,4,4,0.49324550000000000,0.493245500000,-0.5540025479526107,-0.5540025479526106,-0.5540025479526107,0E-17,ELIGIBLE,R03b_20260811_FULL_v1,L1_ELIGIBILITY,v2026-08-11,2026-03-21..2026-08-06,baccarat_bet02_101_all_pairs_incl_sentinel,round_win = game_pnl > 0 (decisive only),COMPATIBILITY_ONLY_NOT_PRODUCTION,9698.3969,8760.0589,482.2493,1012,1012,-0.04972464,,-0.04972464,-0.04972464,-482.2493,9698.3969,OK,0.0000,19.2900,4.0000,96.0000,AG03-UNRESOLVED,ALL5_LEVELS_bet23_to_bet27,19.2900,19.2900,19.2900,19.2900,19.2900,4.000000,4.000000,4.000000,4.000000,4.000000,96.000000,96.000000,96.000000,96.000000,96.000000,5.0,96.4499,89.0364,385.7994,393.2129,PENDING_AG03,FALSE,NOT_FOR_ENFORCEMENT,462.9593,8409.6566,482.2493,462.9593,19.2900,0.04972464,0.04773565,19.2900,462.9593,0.04773565,19.2900,19.2900,19.2900,19.2900,19.2900,462.9593,0.04773565,96.4499,89.0364,385.7994,393.2129,0.03977971,0.04054411,0.00198899,9.5834,8.6562,0.4765,37.0961,1.0599,746.0305,77.8462,,9.5834,8.0113,10.5412,10.5412,12.6494,13.8722,21.0824,9.1708,0.0,1.315999,2.0,0.909138,29,128,28,2,0E-8,0.04972464,,0E-8,0.000000,0.903248,0.001976,,2026-03-31,2026-05-23,13,455,234,54,0.240741,,,0.000000,,,,,,,,GLOBAL_BASELINE_NO_ENTITY_RANKING,,,NOT_APPLICABLE_GLOBAL_BASELINE,HF9g-P5,,,,X 全窗基线 · 不参与实体赏罚,8393106,840,A168_HF9F_20260827_0900,2026-08-27 09:00:00
2026-04-14,147318574,1307,0,8.4329475260,8.0113001497,8.0113001497,1.0000000,1,1,0.50665070000000000,0.506650700000,0.9867858985152569,0.9867858985152569,0.9867858985152569,0E-17,ELIGIBLE,R03b_20260811_FULL_v1,L1_ELIGIBILITY,v2026-08-11,2026-03-21..2026-08-06,baccarat_bet02_101_all_pairs_incl_sentinel,round_win = game_pnl > 0 (decisive only),COMPATIBILITY_ONLY_NOT_PRODUCTION,9698.3969,8760.0589,482.2493,1012,1012,-0.04972464,,-0.04972464,-0.04972464,-482.2493,9698.3969,OK,0.0000,19.2900,4.0000,96.0000,AG03-UNRESOLVED,ALL5_LEVELS_bet23_to_bet27,19.2900,19.2900,19.2900,19.2900,19.2900,4.000000,4.000000,4.000000,4.000000,4.000000,96.000000,96.000000,96.000000,96.000000,96.000000,5.0,96.4499,89.0364,385.7994,393.2129,PENDING_AG03,FALSE,NOT_FOR_ENFORCEMENT,462.9593,8409.6566,482.2493,462.9593,19.2900,0.04972464,0.04773565,19.2900,462.9593,0.04773565,19.2900,19.2900,19.2900,19.2900,19.2900,462.9593,0.04773565,96.4499,89.0364,385.7994,393.2129,0.03977971,0.04054411,0.00198899,9.5834,8.6562,0.4765,37.0961,1.0599,746.0305,77.8462,,9.5834,8.0113,10.5412,10.5412,12.6494,13.8722,21.0824,9.1708,0.0,1.315999,2.0,0.909138,29,128,28,2,0E-8,0.04972464,,0E-8,0.000000,0.903248,0.001976,,2026-03-31,2026-05-23,13,455,234,54,0.240741,,,0.000000,,,,,,,,GLOBAL_BASELINE_NO_ENTITY_RANKING,,,NOT_APPLICABLE_GLOBAL_BASELINE,HF9g-P5,,,,X 全窗基线 · 不参与实体赏罚,8393107,840,A168_HF9F_20260827_0900,2026-08-27 09:00:00
2026-04-14,147318574,1711,0,8.4329475260,8.4329475260,8.4329475260,1.0000000,1,1,0.49324550000000000,0.493245500000,1.01360149184955,1.01360149184955,1.01360149184955,0E-17,ELIGIBLE,R03b_20260811_FULL_v1,L1_ELIGIBILITY,v2026-08-11,2026-03-21..2026-08-06,baccarat_bet02_101_all_pairs_incl_sentinel,round_win = game_pnl > 0 (decisive only),COMPATIBILITY_ONLY_NOT_PRODUCTION,9698.3969,8760.0589,482.2493,1012,1012,-0.04972464,,-0.04972464,-0.04972464,-482.2493,9698.3969,OK,0.0000,19.2900,4.0000,96.0000,AG03-UNRESOLVED,ALL5_LEVELS_bet23_to_bet27,19.2900,19.2900,19.2900,19.2900,19.2900,4.000000,4.000000,4.000000,4.000000,4.000000,96.000000,96.000000,96.000000,96.000000,96.000000,5.0,96.4499,89.0364,385.7994,393.2129,PENDING_AG03,FALSE,NOT_FOR_ENFORCEMENT,462.9593,8409.6566,482.2493,462.9593,19.2900,0.04972464,0.04773565,19.2900,462.9593,0.04773565,19.2900,19.2900,19.2900,19.2900,19.2900,462.9593,0.04773565,96.4499,89.0364,385.7994,393.2129,0.03977971,0.04054411,0.00198899,9.5834,8.6562,0.4765,37.0961,1.0599,746.0305,77.8462,,9.5834,8.0113,10.5412,10.5412,12.6494,13.8722,21.0824,9.1708,0.0,1.315999,2.0,0.909138,29,128,28,2,0E-8,0.04972464,,0E-8,0.000000,0.903248,0.001976,,2026-03-31,2026-05-23,13,455,234,54,0.240741,,,0.000000,,,,,,,,GLOBAL_BASELINE_NO_ENTITY_RANKING,,,NOT_APPLICABLE_GLOBAL_BASELINE,HF9g-P5,,,,X 全窗基线 · 不参与实体赏罚,8393108,840,A168_HF9F_20260827_0900,2026-08-27 09:00:00
2026-04-14,147318574,1963,0,27.4070794595,-6.3247106445,-6.3247106445,0.3333333,3,3,0.49324550000000000,0.493245500000,-0.5540025479526107,-0.5540025479526106,-0.5540025479526107,0E-17,ELIGIBLE,R03b_20260811_FULL_v1,L1_ELIGIBILITY,v2026-08-11,2026-03-21..2026-08-06,baccarat_bet02_101_all_pairs_incl_sentinel,round_win = game_pnl > 0 (decisive only),COMPATIBILITY_ONLY_NOT_PRODUCTION,9698.3969,8760.0589,482.2493,1012,1012,-0.04972464,,-0.04972464,-0.04972464,-482.2493,9698.3969,OK,0.0000,19.2900,4.0000,96.0000,AG03-UNRESOLVED,ALL5_LEVELS_bet23_to_bet27,19.2900,19.2900,19.2900,19.2900,19.2900,4.000000,4.000000,4.000000,4.000000,4.000000,96.000000,96.000000,96.000000,96.000000,96.000000,5.0,96.4499,89.0364,385.7994,393.2129,PENDING_AG03,FALSE,NOT_FOR_ENFORCEMENT,462.9593,8409.6566,482.2493,462.9593,19.2900,0.04972464,0.04773565,19.2900,462.9593,0.04773565,19.2900,19.2900,19.2900,19.2900,19.2900,462.9593,0.04773565,96.4499,89.0364,385.7994,393.2129,0.03977971,0.04054411,0.00198899,9.5834,8.6562,0.4765,37.0961,1.0599,746.0305,77.8462,,9.5834,8.0113,10.5412,10.5412,12.6494,13.8722,21.0824,9.1708,0.0,1.315999,2.0,0.909138,29,128,28,2,0E-8,0.04972464,,0E-8,0.000000,0.903248,0.001976,,2026-03-31,2026-05-23,13,455,234,54,0.240741,,,0.000000,,,,,,,,GLOBAL_BASELINE_NO_ENTITY_RANKING,,,NOT_APPLICABLE_GLOBAL_BASELINE,HF9g-P5,,,,X 全窗基线 · 不参与实体赏罚,8393109,840,A168_HF9F_20260827_0900,2026-08-27 09:00:00
2026-04-14,147318574,2107,0,31.2019058462,-10.5411844075,-10.5411844075,0E-7,3,3,0.49771390000000000,0.497713900000,-0.9954382048786059,-0.995438204878606,-0.9954382048786059,0E-17,ELIGIBLE,R03b_20260811_FULL_v1,L1_ELIGIBILITY,v2026-08-11,2026-03-21..2026-08-06,baccarat_bet02_101_all_pairs_incl_sentinel,round_win = game_pnl > 0 (decisive only),COMPATIBILITY_ONLY_NOT_PRODUCTION,9698.3969,8760.0589,482.2493,1012,1012,-0.04972464,,-0.04972464,-0.04972464,-482.2493,9698.3969,OK,0.0000,19.2900,4.0000,96.0000,AG03-UNRESOLVED,ALL5_LEVELS_bet23_to_bet27,19.2900,19.2900,19.2900,19.2900,19.2900,4.000000,4.000000,4.000000,4.000000,4.000000,96.000000,96.000000,96.000000,96.000000,96.000000,5.0,96.4499,89.0364,385.7994,393.2129,PENDING_AG03,FALSE,NOT_FOR_ENFORCEMENT,462.9593,8409.6566,482.2493,462.9593,19.2900,0.04972464,0.04773565,19.2900,462.9593,0.04773565,19.2900,19.2900,19.2900,19.2900,19.2900,462.9593,0.04773565,96.4499,89.0364,385.7994,393.2129,0.03977971,0.04054411,0.00198899,9.5834,8.6562,0.4765,37.0961,1.0599,746.0305,77.8462,,9.5834,8.0113,10.5412,10.5412,12.6494,13.8722,21.0824,9.1708,0.0,1.315999,2.0,0.909138,29,128,28,2,0E-8,0.04972464,,0E-8,0.000000,0.903248,0.001976,,2026-03-31,2026-05-23,13,455,234,54,0.240741,,,0.000000,,,,,,,,GLOBAL_BASELINE_NO_ENTITY_RANKING,,,NOT_APPLICABLE_GLOBAL_BASELINE,HF9g-P5,,,,X 全窗基线 · 不参与实体赏罚,8393110,840,A168_HF9F_20260827_0900,2026-08-27 09:00:00
2026-04-14,147318574,2115,0,18.9741319335,18.4470727131,18.4470727131,1.0000000,2,2,0.49994810000000000,0.499948100000,1.4143603653603398,1.4143603653603398,1.4143603653603398,0E-17,ELIGIBLE,R03b_20260811_FULL_v1,L1_ELIGIBILITY,v2026-08-11,2026-03-21..2026-08-06,baccarat_bet02_101_all_pairs_incl_sentinel,round_win = game_pnl > 0 (decisive only),COMPATIBILITY_ONLY_NOT_PRODUCTION,9698.3969,8760.0589,482.2493,1012,1012,-0.04972464,,-0.04972464,-0.04972464,-482.2493,9698.3969,OK,0.0000,19.2900,4.0000,96.0000,AG03-UNRESOLVED,ALL5_LEVELS_bet23_to_bet27,19.2900,19.2900,19.2900,19.2900,19.2900,4.000000,4.000000,4.000000,4.000000,4.000000,96.000000,96.000000,96.000000,96.000000,96.000000,5.0,96.4499,89.0364,385.7994,393.2129,PENDING_AG03,FALSE,NOT_FOR_ENFORCEMENT,462.9593,8409.6566,482.2493,462.9593,19.2900,0.04972464,0.04773565,19.2900,462.9593,0.04773565,19.2900,19.2900,19.2900,19.2900,19.2900,462.9593,0.04773565,96.4499,89.0364,385.7994,393.2129,0.03977971,0.04054411,0.00198899,9.5834,8.6562,0.4765,37.0961,1.0599,746.0305,77.8462,,9.5834,8.0113,10.5412,10.5412,12.6494,13.8722,21.0824,9.1708,0.0,1.315999,2.0,0.909138,29,128,28,2,0E-8,0.04972464,,0E-8,0.000000,0.903248,0.001976,,2026-03-31,2026-05-23,13,455,234,54,0.240741,,,0.000000,,,,,,,,GLOBAL_BASELINE_NO_ENTITY_RANKING,,,NOT_APPLICABLE_GLOBAL_BASELINE,HF9g-P5,,,,X 全窗基线 · 不参与实体赏罚,8393111,840,A168_HF9F_20260827_0900,2026-08-27 09:00:00
2026-04-14,147318574,2174,0,71.6800539710,-29.9369637173,-29.9369637173,0.3333333,7,7,0.50090561428571429,0.500905614286,-0.8209345132943034,-0.820934513295704,-0.8209345132943034,-2.8571E-13,ELIGIBLE,R03b_20260811_FULL_v1,L1_ELIGIBILITY,v2026-08-11,2026-03-21..2026-08-06,baccarat_bet02_101_all_pairs_incl_sentinel,round_win = game_pnl > 0 (decisive only),COMPATIBILITY_ONLY_NOT_PRODUCTION,9698.3969,8760.0589,482.2493,1012,1012,-0.04972464,,-0.04972464,-0.04972464,-482.2493,9698.3969,OK,0.0000,19.2900,4.0000,96.0000,AG03-UNRESOLVED,ALL5_LEVELS_bet23_to_bet27,19.2900,19.2900,19.2900,19.2900,19.2900,4.000000,4.000000,4.000000,4.000000,4.000000,96.000000,96.000000,96.000000,96.000000,96.000000,5.0,96.4499,89.0364,385.7994,393.2129,PENDING_AG03,FALSE,NOT_FOR_ENFORCEMENT,462.9593,8409.6566,482.2493,462.9593,19.2900,0.04972464,0.04773565,19.2900,462.9593,0.04773565,19.2900,19.2900,19.2900,19.2900,19.2900,462.9593,0.04773565,96.4499,89.0364,385.7994,393.2129,0.03977971,0.04054411,0.00198899,9.5834,8.6562,0.4765,37.0961,1.0599,746.0305,77.8462,,9.5834,8.0113,10.5412,10.5412,12.6494,13.8722,21.0824,9.1708,0.0,1.315999,2.0,0.909138,29,128,28,2,0E-8,0.04972464,,0E-8,0.000000,0.903248,0.001976,,2026-03-31,2026-05-23,13,455,234,54,0.240741,,,0.000000,,,,,,,,GLOBAL_BASELINE_NO_ENTITY_RANKING,,,NOT_APPLICABLE_GLOBAL_BASELINE,HF9g-P5,,,,X 全窗基线 · 不参与实体赏罚,8393112,840,A168_HF9F_20260827_0900,2026-08-27 09:00:00
2026-04-14,147318574,2212,0,8.4329475260,8.4329475260,8.4329475260,1.0000000,1,1,0.49324550000000000,0.493245500000,1.01360149184955,1.01360149184955,1.01360149184955,0E-17,ELIGIBLE,R03b_20260811_FULL_v1,L1_ELIGIBILITY,v2026-08-11,2026-03-21..2026-08-06,baccarat_bet02_101_all_pairs_incl_sentinel,round_win = game_pnl > 0 (decisive only),COMPATIBILITY_ONLY_NOT_PRODUCTION,9698.3969,8760.0589,482.2493,1012,1012,-0.04972464,,-0.04972464,-0.04972464,-482.2493,9698.3969,OK,0.0000,19.2900,4.0000,96.0000,AG03-UNRESOLVED,ALL5_LEVELS_bet23_to_bet27,19.2900,19.2900,19.2900,19.2900,19.2900,4.000000,4.000000,4.000000,4.000000,4.000000,96.000000,96.000000,96.000000,96.000000,96.000000,5.0,96.4499,89.0364,385.7994,393.2129,PENDING_AG03,FALSE,NOT_FOR_ENFORCEMENT,462.9593,8409.6566,482.2493,462.9593,19.2900,0.04972464,0.04773565,19.2900,462.9593,0.04773565,19.2900,19.2900,19.2900,19.2900,19.2900,462.9593,0.04773565,96.4499,89.0364,385.7994,393.2129,0.03977971,0.04054411,0.00198899,9.5834,8.6562,0.4765,37.0961,1.0599,746.0305,77.8462,,9.5834,8.0113,10.5412,10.5412,12.6494,13.8722,21.0824,9.1708,0.0,1.315999,2.0,0.909138,29,128,28,2,0E-8,0.04972464,,0E-8,0.000000,0.903248,0.001976,,2026-03-31,2026-05-23,13,455,234,54,0.240741,,,0.000000,,,,,,,,GLOBAL_BASELINE_NO_ENTITY_RANKING,,,NOT_APPLICABLE_GLOBAL_BASELINE,HF9g-P5,,,,X 全窗基线 · 不参与实体赏罚,8393113,840,A168_HF9F_20260827_0900,2026-08-27 09:00:00
2026-04-14,147318574,2218,0,25.5096662661,-5.7765690553,-5.7765690553,0.3333333,3,3,0.50665070000000000,0.506650700000,-0.6004420894325239,-0.6004420894325239,-0.6004420894325239,0E-17,ELIGIBLE,R03b_20260811_FULL_v1,L1_ELIGIBILITY,v2026-08-11,2026-03-21..2026-08-06,baccarat_bet02_101_all_pairs_incl_sentinel,round_win = game_pnl > 0 (decisive only),COMPATIBILITY_ONLY_NOT_PRODUCTION,9698.3969,8760.0589,482.2493,1012,1012,-0.04972464,,-0.04972464,-0.04972464,-482.2493,9698.3969,OK,0.0000,19.2900,4.0000,96.0000,AG03-UNRESOLVED,ALL5_LEVELS_bet23_to_bet27,19.2900,19.2900,19.2900,19.2900,19.2900,4.000000,4.000000,4.000000,4.000000,4.000000,96.000000,96.000000,96.000000,96.000000,96.000000,5.0,96.4499,89.0364,385.7994,393.2129,PENDING_AG03,FALSE,NOT_FOR_ENFORCEMENT,462.9593,8409.6566,482.2493,462.9593,19.2900,0.04972464,0.04773565,19.2900,462.9593,0.04773565,19.2900,19.2900,19.2900,19.2900,19.2900,462.9593,0.04773565,96.4499,89.0364,385.7994,393.2129,0.03977971,0.04054411,0.00198899,9.5834,8.6562,0.4765,37.0961,1.0599,746.0305,77.8462,,9.5834,8.0113,10.5412,10.5412,12.6494,13.8722,21.0824,9.1708,0.0,1.315999,2.0,0.909138,29,128,28,2,0E-8,0.04972464,,0E-8,0.000000,0.903248,0.001976,,2026-03-31,2026-05-23,13,455,234,54,0.240741,,,0.000000,,,,,,,,GLOBAL_BASELINE_NO_ENTITY_RANKING,,,NOT_APPLICABLE_GLOBAL_BASELINE,HF9g-P5,,,,X 全窗基线 · 不参与实体赏罚,8393114,840,A168_HF9F_20260827_0900,2026-08-27 09:00:00
2026-04-14,147318574,2251,0,8.4329475260,8.4329475260,8.4329475260,1.0000000,1,1,0.49324550000000000,0.493245500000,1.01360149184955,1.01360149184955,1.01360149184955,0E-17,ELIGIBLE,R03b_20260811_FULL_v1,L1_ELIGIBILITY,v2026-08-11,2026-03-21..2026-08-06,baccarat_bet02_101_all_pairs_incl_sentinel,round_win = game_pnl > 0 (decisive only),COMPATIBILITY_ONLY_NOT_PRODUCTION,9698.3969,8760.0589,482.2493,1012,1012,-0.04972464,,-0.04972464,-0.04972464,-482.2493,9698.3969,OK,0.0000,19.2900,4.0000,96.0000,AG03-UNRESOLVED,ALL5_LEVELS_bet23_to_bet27,19.2900,19.2900,19.2900,19.2900,19.2900,4.000000,4.000000,4.000000,4.000000,4.000000,96.000000,96.000000,96.000000,96.000000,96.000000,5.0,96.4499,89.0364,385.7994,393.2129,PENDING_AG03,FALSE,NOT_FOR_ENFORCEMENT,462.9593,8409.6566,482.2493,462.9593,19.2900,0.04972464,0.04773565,19.2900,462.9593,0.04773565,19.2900,19.2900,19.2900,19.2900,19.2900,462.9593,0.04773565,96.4499,89.0364,385.7994,393.2129,0.03977971,0.04054411,0.00198899,9.5834,8.6562,0.4765,37.0961,1.0599,746.0305,77.8462,,9.5834,8.0113,10.5412,10.5412,12.6494,13.8722,21.0824,9.1708,0.0,1.315999,2.0,0.909138,29,128,28,2,0E-8,0.04972464,,0E-8,0.000000,0.903248,0.001976,,2026-03-31,2026-05-23,13,455,234,54,0.240741,,,0.000000,,,,,,,,GLOBAL_BASELINE_NO_ENTITY_RANKING,,,NOT_APPLICABLE_GLOBAL_BASELINE,HF9g-P5,,,,X 全窗基线 · 不参与实体赏罚,8393115,840,A168_HF9F_20260827_0900,2026-08-27 09:00:00
2026-04-14,147318574,2258,0,16.8658950520,-0.4216473763,-0.4216473763,0.5000000,2,2,0.50665070000000000,0.506650700000,-0.018812684590367487,-0.018812684590367487,-0.018812684590367487,0E-17,ELIGIBLE,R03b_20260811_FULL_v1,L1_ELIGIBILITY,v2026-08-11,2026-03-21..2026-08-06,baccarat_bet02_101_all_pairs_incl_sentinel,round_win = game_pnl > 0 (decisive only),COMPATIBILITY_ONLY_NOT_PRODUCTION,9698.3969,8760.0589,482.2493,1012,1012,-0.04972464,,-0.04972464,-0.04972464,-482.2493,9698.3969,OK,0.0000,19.2900,4.0000,96.0000,AG03-UNRESOLVED,ALL5_LEVELS_bet23_to_bet27,19.2900,19.2900,19.2900,19.2900,19.2900,4.000000,4.000000,4.000000,4.000000,4.000000,96.000000,96.000000,96.000000,96.000000,96.000000,5.0,96.4499,89.0364,385.7994,393.2129,PENDING_AG03,FALSE,NOT_FOR_ENFORCEMENT,462.9593,8409.6566,482.2493,462.9593,19.2900,0.04972464,0.04773565,19.2900,462.9593,0.04773565,19.2900,19.2900,19.2900,19.2900,19.2900,462.9593,0.04773565,96.4499,89.0364,385.7994,393.2129,0.03977971,0.04054411,0.00198899,9.5834,8.6562,0.4765,37.0961,1.0599,746.0305,77.8462,,9.5834,8.0113,10.5412,10.5412,12.6494,13.8722,21.0824,9.1708,0.0,1.315999,2.0,0.909138,29,128,28,2,0E-8,0.04972464,,0E-8,0.000000,0.903248,0.001976,,2026-03-31,2026-05-23,13,455,234,54,0.240741,,,0.000000,,,,,,,,GLOBAL_BASELINE_NO_ENTITY_RANKING,,,NOT_APPLICABLE_GLOBAL_BASELINE,HF9g-P5,,,,X 全窗基线 · 不参与实体赏罚,8393116,840,A168_HF9F_20260827_0900,2026-08-27 09:00:00
2026-04-14,147318574,462,0,70.4151118421,-59.8739274346,-59.8739274346,0E-7,7,7,0.50665070000000000,0.506650700000,-2.4822909878107726,-2.4822909878107726,-2.4822909878107726,0E-17,ELIGIBLE,R03b_20260811_FULL_v1,L1_ELIGIBILITY,v2026-08-11,2026-03-21..2026-08-06,baccarat_bet02_101_all_pairs_incl_sentinel,round_win = game_pnl > 0 (decisive only),COMPATIBILITY_ONLY_NOT_PRODUCTION,9698.3969,8760.0589,482.2493,1012,1012,-0.04972464,,-0.04972464,-0.04972464,-482.2493,9698.3969,OK,0.0000,19.2900,4.0000,96.0000,AG03-UNRESOLVED,ALL5_LEVELS_bet23_to_bet27,19.2900,19.2900,19.2900,19.2900,19.2900,4.000000,4.000000,4.000000,4.000000,4.000000,96.000000,96.000000,96.000000,96.000000,96.000000,5.0,96.4499,89.0364,385.7994,393.2129,PENDING_AG03,FALSE,NOT_FOR_ENFORCEMENT,462.9593,8409.6566,482.2493,462.9593,19.2900,0.04972464,0.04773565,19.2900,462.9593,0.04773565,19.2900,19.2900,19.2900,19.2900,19.2900,462.9593,0.04773565,96.4499,89.0364,385.7994,393.2129,0.03977971,0.04054411,0.00198899,9.5834,8.6562,0.4765,37.0961,1.0599,746.0305,77.8462,,9.5834,8.0113,10.5412,10.5412,12.6494,13.8722,21.0824,9.1708,0.0,1.315999,2.0,0.909138,29,128,28,2,0E-8,0.04972464,,0E-8,0.000000,0.903248,0.001976,,2026-03-31,2026-05-23,13,455,234,54,0.240741,,,0.000000,,,,,,,,GLOBAL_BASELINE_NO_ENTITY_RANKING,,,NOT_APPLICABLE_GLOBAL_BASELINE,HF9g-P5,,,,X 全窗基线 · 不参与实体赏罚,8393117,840,A168_HF9F_20260827_0900,2026-08-27 09:00:00
2026-04-14,147318574,752,0,8.4329475260,-8.4329475260,-8.4329475260,0E-7,1,1,0.49324550000000000,0.493245500000,-0.9865810262130424,-0.9865810262130424,-0.9865810262130424,0E-17,ELIGIBLE,R03b_20260811_FULL_v1,L1_ELIGIBILITY,v2026-08-11,2026-03-21..2026-08-06,baccarat_bet02_101_all_pairs_incl_sentinel,round_win = game_pnl > 0 (decisive only),COMPATIBILITY_ONLY_NOT_PRODUCTION,9698.3969,8760.0589,482.2493,1012,1012,-0.04972464,,-0.04972464,-0.04972464,-482.2493,9698.3969,OK,0.0000,19.2900,4.0000,96.0000,AG03-UNRESOLVED,ALL5_LEVELS_bet23_to_bet27,19.2900,19.2900,19.2900,19.2900,19.2900,4.000000,4.000000,4.000000,4.000000,4.000000,96.000000,96.000000,96.000000,96.000000,96.000000,5.0,96.4499,89.0364,385.7994,393.2129,PENDING_AG03,FALSE,NOT_FOR_ENFORCEMENT,462.9593,8409.6566,482.2493,462.9593,19.2900,0.04972464,0.04773565,19.2900,462.9593,0.04773565,19.2900,19.2900,19.2900,19.2900,19.2900,462.9593,0.04773565,96.4499,89.0364,385.7994,393.2129,0.03977971,0.04054411,0.00198899,9.5834,8.6562,0.4765,37.0961,1.0599,746.0305,77.8462,,9.5834,8.0113,10.5412,10.5412,12.6494,13.8722,21.0824,9.1708,0.0,1.315999,2.0,0.909138,29,128,28,2,0E-8,0.04972464,,0E-8,0.000000,0.903248,0.001976,,2026-03-31,2026-05-23,13,455,234,54,0.240741,,,0.000000,,,,,,,,GLOBAL_BASELINE_NO_ENTITY_RANKING,,,NOT_APPLICABLE_GLOBAL_BASELINE,HF9g-P5,,,,X 全窗基线 · 不参与实体赏罚,8393118,840,A168_HF9F_20260827_0900,2026-08-27 09:00:00
2026-04-14,147318574,994,0,8.6437712141,8.2115826534,8.2115826534,1.0000000,1,1,0.50665070000000000,0.506650700000,0.9867858985152569,0.9867858985152569,0.9867858985152569,0E-17,ELIGIBLE,R03b_20260811_FULL_v1,L1_ELIGIBILITY,v2026-08-11,2026-03-21..2026-08-06,baccarat_bet02_101_all_pairs_incl_sentinel,round_win = game_pnl > 0 (decisive only),COMPATIBILITY_ONLY_NOT_PRODUCTION,9698.3969,8760.0589,482.2493,1012,1012,-0.04972464,,-0.04972464,-0.04972464,-482.2493,9698.3969,OK,0.0000,19.2900,4.0000,96.0000,AG03-UNRESOLVED,ALL5_LEVELS_bet23_to_bet27,19.2900,19.2900,19.2900,19.2900,19.2900,4.000000,4.000000,4.000000,4.000000,4.000000,96.000000,96.000000,96.000000,96.000000,96.000000,5.0,96.4499,89.0364,385.7994,393.2129,PENDING_AG03,FALSE,NOT_FOR_ENFORCEMENT,462.9593,8409.6566,482.2493,462.9593,19.2900,0.04972464,0.04773565,19.2900,462.9593,0.04773565,19.2900,19.2900,19.2900,19.2900,19.2900,462.9593,0.04773565,96.4499,89.0364,385.7994,393.2129,0.03977971,0.04054411,0.00198899,9.5834,8.6562,0.4765,37.0961,1.0599,746.0305,77.8462,,9.5834,8.0113,10.5412,10.5412,12.6494,13.8722,21.0824,9.1708,0.0,1.315999,2.0,0.909138,29,128,28,2,0E-8,0.04972464,,0E-8,0.000000,0.903248,0.001976,,2026-03-31,2026-05-23,13,455,234,54,0.240741,,,0.000000,,,,,,,,GLOBAL_BASELINE_NO_ENTITY_RANKING,,,NOT_APPLICABLE_GLOBAL_BASELINE,HF9g-P5,,,,X 全窗基线 · 不参与实体赏罚,8393119,840,A168_HF9F_20260827_0900,2026-08-27 09:00:00
2026-04-18,147318574,-1,1,40.8997955011,10.6044315138,10.6044315138,0.6250000,8,8,0.50329940000000000,0.503299400000,0.6884575455922034,0.6884575455922034,0.6884575455922034,0E-17,SENTINEL_DEALER,R03b_20260811_FULL_v1,L1_ELIGIBILITY,v2026-08-11,2026-03-21..2026-08-06,baccarat_bet02_101_all_pairs_incl_sentinel,round_win = game_pnl > 0 (decisive only),COMPATIBILITY_ONLY_NOT_PRODUCTION,9698.3969,8760.0589,482.2493,1012,1012,-0.04972464,,-0.04972464,-0.04972464,-482.2493,9698.3969,OK,0.0000,19.2900,4.0000,96.0000,AG03-UNRESOLVED,ALL5_LEVELS_bet23_to_bet27,19.2900,19.2900,19.2900,19.2900,19.2900,4.000000,4.000000,4.000000,4.000000,4.000000,96.000000,96.000000,96.000000,96.000000,96.000000,5.0,96.4499,89.0364,385.7994,393.2129,PENDING_AG03,FALSE,NOT_FOR_ENFORCEMENT,462.9593,8409.6566,482.2493,462.9593,19.2900,0.04972464,0.04773565,19.2900,462.9593,0.04773565,19.2900,19.2900,19.2900,19.2900,19.2900,462.9593,0.04773565,96.4499,89.0364,385.7994,393.2129,0.03977971,0.04054411,0.00198899,9.5834,8.6562,0.4765,37.0961,1.0599,746.0305,77.8462,,9.5834,8.0113,10.5412,10.5412,12.6494,13.8722,21.0824,9.1708,0.0,1.315999,2.0,0.909138,29,128,28,2,0E-8,0.04972464,,0E-8,0.000000,0.903248,0.001976,,2026-03-31,2026-05-23,13,455,234,54,0.240741,,,0.000000,,,,,,,,GLOBAL_BASELINE_NO_ENTITY_RANKING,,,NOT_APPLICABLE_GLOBAL_BASELINE,HF9g-P5,,,,X 全窗基线 · 不参与实体赏罚,8393120,840,A168_HF9F_20260827_0900,2026-08-27 09:00:00
2026-04-18,147318574,1109,0,4.2164737630,4.2164737630,4.2164737630,1.0000000,1,1,0.49324550000000000,0.493245500000,1.01360149184955,1.01360149184955,1.01360149184955,0E-17,ELIGIBLE,R03b_20260811_FULL_v1,L1_ELIGIBILITY,v2026-08-11,2026-03-21..2026-08-06,baccarat_bet02_101_all_pairs_incl_sentinel,round_win = game_pnl > 0 (decisive only),COMPATIBILITY_ONLY_NOT_PRODUCTION,9698.3969,8760.0589,482.2493,1012,1012,-0.04972464,,-0.04972464,-0.04972464,-482.2493,9698.3969,OK,0.0000,19.2900,4.0000,96.0000,AG03-UNRESOLVED,ALL5_LEVELS_bet23_to_bet27,19.2900,19.2900,19.2900,19.2900,19.2900,4.000000,4.000000,4.000000,4.000000,4.000000,96.000000,96.000000,96.000000,96.000000,96.000000,5.0,96.4499,89.0364,385.7994,393.2129,PENDING_AG03,FALSE,NOT_FOR_ENFORCEMENT,462.9593,8409.6566,482.2493,462.9593,19.2900,0.04972464,0.04773565,19.2900,462.9593,0.04773565,19.2900,19.2900,19.2900,19.2900,19.2900,462.9593,0.04773565,96.4499,89.0364,385.7994,393.2129,0.03977971,0.04054411,0.00198899,9.5834,8.6562,0.4765,37.0961,1.0599,746.0305,77.8462,,9.5834,8.0113,10.5412,10.5412,12.6494,13.8722,21.0824,9.1708,0.0,1.315999,2.0,0.909138,29,128,28,2,0E-8,0.04972464,,0E-8,0.000000,0.903248,0.001976,,2026-03-31,2026-05-23,13,455,234,54,0.240741,,,0.000000,,,,,,,,GLOBAL_BASELINE_NO_ENTITY_RANKING,,,NOT_APPLICABLE_GLOBAL_BASELINE,HF9g-P5,,,,X 全窗基线 · 不参与实体赏罚,8393121,840,A168_HF9F_20260827_0900,2026-08-27 09:00:00
2026-04-18,147318574,1302,0,4.2164737630,0E-10,0E-10,,1,1,0.50665070000000000,0.506650700000,,,,0E-17,NO_DECISIVE_ROUND,R03b_20260811_FULL_v1,L1_ELIGIBILITY,v2026-08-11,2026-03-21..2026-08-06,baccarat_bet02_101_all_pairs_incl_sentinel,round_win = game_pnl > 0 (decisive only),COMPATIBILITY_ONLY_NOT_PRODUCTION,9698.3969,8760.0589,482.2493,1012,1012,-0.04972464,,-0.04972464,-0.04972464,-482.2493,9698.3969,OK,0.0000,19.2900,4.0000,96.0000,AG03-UNRESOLVED,ALL5_LEVELS_bet23_to_bet27,19.2900,19.2900,19.2900,19.2900,19.2900,4.000000,4.000000,4.000000,4.000000,4.000000,96.000000,96.000000,96.000000,96.000000,96.000000,5.0,96.4499,89.0364,385.7994,393.2129,PENDING_AG03,FALSE,NOT_FOR_ENFORCEMENT,462.9593,8409.6566,482.2493,462.9593,19.2900,0.04972464,0.04773565,19.2900,462.9593,0.04773565,19.2900,19.2900,19.2900,19.2900,19.2900,462.9593,0.04773565,96.4499,89.0364,385.7994,393.2129,0.03977971,0.04054411,0.00198899,9.5834,8.6562,0.4765,37.0961,1.0599,746.0305,77.8462,,9.5834,8.0113,10.5412,10.5412,12.6494,13.8722,21.0824,9.1708,0.0,1.315999,2.0,0.909138,29,128,28,2,0E-8,0.04972464,,0E-8,0.000000,0.903248,0.001976,,2026-03-31,2026-05-23,13,455,234,54,0.240741,,,0.000000,,,,,,,,GLOBAL_BASELINE_NO_ENTITY_RANKING,,,NOT_APPLICABLE_GLOBAL_BASELINE,HF9g-P5,,,,X 全窗基线 · 不参与实体赏罚,8393122,840,A168_HF9F_20260827_0900,2026-08-27 09:00:00
2026-04-18,147318574,1307,0,4.2164737630,4.2164737630,4.2164737630,1.0000000,1,1,0.49324550000000000,0.493245500000,1.01360149184955,1.01360149184955,1.01360149184955,0E-17,ELIGIBLE,R03b_20260811_FULL_v1,L1_ELIGIBILITY,v2026-08-11,2026-03-21..2026-08-06,baccarat_bet02_101_all_pairs_incl_sentinel,round_win = game_pnl > 0 (decisive only),COMPATIBILITY_ONLY_NOT_PRODUCTION,9698.3969,8760.0589,482.2493,1012,1012,-0.04972464,,-0.04972464,-0.04972464,-482.2493,9698.3969,OK,0.0000,19.2900,4.0000,96.0000,AG03-UNRESOLVED,ALL5_LEVELS_bet23_to_bet27,19.2900,19.2900,19.2900,19.2900,19.2900,4.000000,4.000000,4.000000,4.000000,4.000000,96.000000,96.000000,96.000000,96.000000,96.000000,5.0,96.4499,89.0364,385.7994,393.2129,PENDING_AG03,FALSE,NOT_FOR_ENFORCEMENT,462.9593,8409.6566,482.2493,462.9593,19.2900,0.04972464,0.04773565,19.2900,462.9593,0.04773565,19.2900,19.2900,19.2900,19.2900,19.2900,462.9593,0.04773565,96.4499,89.0364,385.7994,393.2129,0.03977971,0.04054411,0.00198899,9.5834,8.6562,0.4765,37.0961,1.0599,746.0305,77.8462,,9.5834,8.0113,10.5412,10.5412,12.6494,13.8722,21.0824,9.1708,0.0,1.315999,2.0,0.909138,29,128,28,2,0E-8,0.04972464,,0E-8,0.000000,0.903248,0.001976,,2026-03-31,2026-05-23,13,455,234,54,0.240741,,,0.000000,,,,,,,,GLOBAL_BASELINE_NO_ENTITY_RANKING,,,NOT_APPLICABLE_GLOBAL_BASELINE,HF9g-P5,,,,X 全窗基线 · 不参与实体赏罚,8393123,840,A168_HF9F_20260827_0900,2026-08-27 09:00:00
2026-04-18,147318574,1374,0,20.8715451268,-6.3247106445,-6.3247106445,0E-7,3,3,0.50665070000000000,0.506650700000,-1.013391052207602,-1.013391052207602,-1.013391052207602,0E-17,ELIGIBLE,R03b_20260811_FULL_v1,L1_ELIGIBILITY,v2026-08-11,2026-03-21..2026-08-06,baccarat_bet02_101_all_pairs_incl_sentinel,round_win = game_pnl > 0 (decisive only),COMPATIBILITY_ONLY_NOT_PRODUCTION,9698.3969,8760.0589,482.2493,1012,1012,-0.04972464,,-0.04972464,-0.04972464,-482.2493,9698.3969,OK,0.0000,19.2900,4.0000,96.0000,AG03-UNRESOLVED,ALL5_LEVELS_bet23_to_bet27,19.2900,19.2900,19.2900,19.2900,19.2900,4.000000,4.000000,4.000000,4.000000,4.000000,96.000000,96.000000,96.000000,96.000000,96.000000,5.0,96.4499,89.0364,385.7994,393.2129,PENDING_AG03,FALSE,NOT_FOR_ENFORCEMENT,462.9593,8409.6566,482.2493,462.9593,19.2900,0.04972464,0.04773565,19.2900,462.9593,0.04773565,19.2900,19.2900,19.2900,19.2900,19.2900,462.9593,0.04773565,96.4499,89.0364,385.7994,393.2129,0.03977971,0.04054411,0.00198899,9.5834,8.6562,0.4765,37.0961,1.0599,746.0305,77.8462,,9.5834,8.0113,10.5412,10.5412,12.6494,13.8722,21.0824,9.1708,0.0,1.315999,2.0,0.909138,29,128,28,2,0E-8,0.04972464,,0E-8,0.000000,0.903248,0.001976,,2026-03-31,2026-05-23,13,455,234,54,0.240741,,,0.000000,,,,,,,,GLOBAL_BASELINE_NO_ENTITY_RANKING,,,NOT_APPLICABLE_GLOBAL_BASELINE,HF9g-P5,,,,X 全窗基线 · 不参与实体赏罚,8393124,840,A168_HF9F_20260827_0900,2026-08-27 09:00:00
2026-04-18,147318574,1400,0,4.2164737630,4.0056500748,4.0056500748,1.0000000,1,1,0.50665070000000000,0.506650700000,0.9867858985152569,0.9867858985152569,0.9867858985152569,0E-17,ELIGIBLE,R03b_20260811_FULL_v1,L1_ELIGIBILITY,v2026-08-11,2026-03-21..2026-08-06,baccarat_bet02_101_all_pairs_incl_sentinel,round_win = game_pnl > 0 (decisive only),COMPATIBILITY_ONLY_NOT_PRODUCTION,9698.3969,8760.0589,482.2493,1012,1012,-0.04972464,,-0.04972464,-0.04972464,-482.2493,9698.3969,OK,0.0000,19.2900,4.0000,96.0000,AG03-UNRESOLVED,ALL5_LEVELS_bet23_to_bet27,19.2900,19.2900,19.2900,19.2900,19.2900,4.000000,4.000000,4.000000,4.000000,4.000000,96.000000,96.000000,96.000000,96.000000,96.000000,5.0,96.4499,89.0364,385.7994,393.2129,PENDING_AG03,FALSE,NOT_FOR_ENFORCEMENT,462.9593,8409.6566,482.2493,462.9593,19.2900,0.04972464,0.04773565,19.2900,462.9593,0.04773565,19.2900,19.2900,19.2900,19.2900,19.2900,462.9593,0.04773565,96.4499,89.0364,385.7994,393.2129,0.03977971,0.04054411,0.00198899,9.5834,8.6562,0.4765,37.0961,1.0599,746.0305,77.8462,,9.5834,8.0113,10.5412,10.5412,12.6494,13.8722,21.0824,9.1708,0.0,1.315999,2.0,0.909138,29,128,28,2,0E-8,0.04972464,,0E-8,0.000000,0.903248,0.001976,,2026-03-31,2026-05-23,13,455,234,54,0.240741,,,0.000000,,,,,,,,GLOBAL_BASELINE_NO_ENTITY_RANKING,,,NOT_APPLICABLE_GLOBAL_BASELINE,HF9g-P5,,,,X 全窗基线 · 不参与实体赏罚,8393125,840,A168_HF9F_20260827_0900,2026-08-27 09:00:00
2026-04-18,147318574,1490,0,6.7463580208,6.4090401197,6.4090401197,1.0000000,1,1,0.50665070000000000,0.506650700000,0.9867858985152569,0.9867858985152569,0.9867858985152569,0E-17,ELIGIBLE,R03b_20260811_FULL_v1,L1_ELIGIBILITY,v2026-08-11,2026-03-21..2026-08-06,baccarat_bet02_101_all_pairs_incl_sentinel,round_win = game_pnl > 0 (decisive only),COMPATIBILITY_ONLY_NOT_PRODUCTION,9698.3969,8760.0589,482.2493,1012,1012,-0.04972464,,-0.04972464,-0.04972464,-482.2493,9698.3969,OK,0.0000,19.2900,4.0000,96.0000,AG03-UNRESOLVED,ALL5_LEVELS_bet23_to_bet27,19.2900,19.2900,19.2900,19.2900,19.2900,4.000000,4.000000,4.000000,4.000000,4.000000,96.000000,96.000000,96.000000,96.000000,96.000000,5.0,96.4499,89.0364,385.7994,393.2129,PENDING_AG03,FALSE,NOT_FOR_ENFORCEMENT,462.9593,8409.6566,482.2493,462.9593,19.2900,0.04972464,0.04773565,19.2900,462.9593,0.04773565,19.2900,19.2900,19.2900,19.2900,19.2900,462.9593,0.04773565,96.4499,89.0364,385.7994,393.2129,0.03977971,0.04054411,0.00198899,9.5834,8.6562,0.4765,37.0961,1.0599,746.0305,77.8462,,9.5834,8.0113,10.5412,10.5412,12.6494,13.8722,21.0824,9.1708,0.0,1.315999,2.0,0.909138,29,128,28,2,0E-8,0.04972464,,0E-8,0.000000,0.903248,0.001976,,2026-03-31,2026-05-23,13,455,234,54,0.240741,,,0.000000,,,,,,,,GLOBAL_BASELINE_NO_ENTITY_RANKING,,,NOT_APPLICABLE_GLOBAL_BASELINE,HF9g-P5,,,,X 全窗基线 · 不参与实体赏罚,8393126,840,A168_HF9F_20260827_0900,2026-08-27 09:00:00
2026-04-18,147318574,1654,0,4.2164737630,4.2164737630,4.2164737630,1.0000000,1,1,0.49324550000000000,0.493245500000,1.01360149184955,1.01360149184955,1.01360149184955,0E-17,ELIGIBLE,R03b_20260811_FULL_v1,L1_ELIGIBILITY,v2026-08-11,2026-03-21..2026-08-06,baccarat_bet02_101_all_pairs_incl_sentinel,round_win = game_pnl > 0 (decisive only),COMPATIBILITY_ONLY_NOT_PRODUCTION,9698.3969,8760.0589,482.2493,1012,1012,-0.04972464,,-0.04972464,-0.04972464,-482.2493,9698.3969,OK,0.0000,19.2900,4.0000,96.0000,AG03-UNRESOLVED,ALL5_LEVELS_bet23_to_bet27,19.2900,19.2900,19.2900,19.2900,19.2900,4.000000,4.000000,4.000000,4.000000,4.000000,96.000000,96.000000,96.000000,96.000000,96.000000,5.0,96.4499,89.0364,385.7994,393.2129,PENDING_AG03,FALSE,NOT_FOR_ENFORCEMENT,462.9593,8409.6566,482.2493,462.9593,19.2900,0.04972464,0.04773565,19.2900,462.9593,0.04773565,19.2900,19.2900,19.2900,19.2900,19.2900,462.9593,0.04773565,96.4499,89.0364,385.7994,393.2129,0.03977971,0.04054411,0.00198899,9.5834,8.6562,0.4765,37.0961,1.0599,746.0305,77.8462,,9.5834,8.0113,10.5412,10.5412,12.6494,13.8722,21.0824,9.1708,0.0,1.315999,2.0,0.909138,29,128,28,2,0E-8,0.04972464,,0E-8,0.000000,0.903248,0.001976,,2026-03-31,2026-05-23,13,455,234,54,0.240741,,,0.000000,,,,,,,,GLOBAL_BASELINE_NO_ENTITY_RANKING,,,NOT_APPLICABLE_GLOBAL_BASELINE,HF9g-P5,,,,X 全窗基线 · 不参与实体赏罚,8393127,840,A168_HF9F_20260827_0900,2026-08-27 09:00:00
2026-04-18,147318574,1957,0,8.4329475260,8.4329475260,8.4329475260,1.0000000,2,2,0.49324550000000000,0.493245500000,1.4334489766152358,1.4334489766152358,1.4334489766152358,0E-17,ELIGIBLE,R03b_20260811_FULL_v1,L1_ELIGIBILITY,v2026-08-11,2026-03-21..2026-08-06,baccarat_bet02_101_all_pairs_incl_sentinel,round_win = game_pnl > 0 (decisive only),COMPATIBILITY_ONLY_NOT_PRODUCTION,9698.3969,8760.0589,482.2493,1012,1012,-0.04972464,,-0.04972464,-0.04972464,-482.2493,9698.3969,OK,0.0000,19.2900,4.0000,96.0000,AG03-UNRESOLVED,ALL5_LEVELS_bet23_to_bet27,19.2900,19.2900,19.2900,19.2900,19.2900,4.000000,4.000000,4.000000,4.000000,4.000000,96.000000,96.000000,96.000000,96.000000,96.000000,5.0,96.4499,89.0364,385.7994,393.2129,PENDING_AG03,FALSE,NOT_FOR_ENFORCEMENT,462.9593,8409.6566,482.2493,462.9593,19.2900,0.04972464,0.04773565,19.2900,462.9593,0.04773565,19.2900,19.2900,19.2900,19.2900,19.2900,462.9593,0.04773565,96.4499,89.0364,385.7994,393.2129,0.03977971,0.04054411,0.00198899,9.5834,8.6562,0.4765,37.0961,1.0599,746.0305,77.8462,,9.5834,8.0113,10.5412,10.5412,12.6494,13.8722,21.0824,9.1708,0.0,1.315999,2.0,0.909138,29,128,28,2,0E-8,0.04972464,,0E-8,0.000000,0.903248,0.001976,,2026-03-31,2026-05-23,13,455,234,54,0.240741,,,0.000000,,,,,,,,GLOBAL_BASELINE_NO_ENTITY_RANKING,,,NOT_APPLICABLE_GLOBAL_BASELINE,HF9g-P5,,,,X 全窗基线 · 不参与实体赏罚,8393128,840,A168_HF9F_20260827_0900,2026-08-27 09:00:00
2026-04-18,147318574,2071,0,17.4983661164,-4.8489448274,-4.8489448274,0.3333333,3,3,0.49771390000000000,0.497713900000,-0.5694369385616226,-0.5694369385616226,-0.5694369385616226,0E-17,ELIGIBLE,R03b_20260811_FULL_v1,L1_ELIGIBILITY,v2026-08-11,2026-03-21..2026-08-06,baccarat_bet02_101_all_pairs_incl_sentinel,round_win = game_pnl > 0 (decisive only),COMPATIBILITY_ONLY_NOT_PRODUCTION,9698.3969,8760.0589,482.2493,1012,1012,-0.04972464,,-0.04972464,-0.04972464,-482.2493,9698.3969,OK,0.0000,19.2900,4.0000,96.0000,AG03-UNRESOLVED,ALL5_LEVELS_bet23_to_bet27,19.2900,19.2900,19.2900,19.2900,19.2900,4.000000,4.000000,4.000000,4.000000,4.000000,96.000000,96.000000,96.000000,96.000000,96.000000,5.0,96.4499,89.0364,385.7994,393.2129,PENDING_AG03,FALSE,NOT_FOR_ENFORCEMENT,462.9593,8409.6566,482.2493,462.9593,19.2900,0.04972464,0.04773565,19.2900,462.9593,0.04773565,19.2900,19.2900,19.2900,19.2900,19.2900,462.9593,0.04773565,96.4499,89.0364,385.7994,393.2129,0.03977971,0.04054411,0.00198899,9.5834,8.6562,0.4765,37.0961,1.0599,746.0305,77.8462,,9.5834,8.0113,10.5412,10.5412,12.6494,13.8722,21.0824,9.1708,0.0,1.315999,2.0,0.909138,29,128,28,2,0E-8,0.04972464,,0E-8,0.000000,0.903248,0.001976,,2026-03-31,2026-05-23,13,455,234,54,0.240741,,,0.000000,,,,,,,,GLOBAL_BASELINE_NO_ENTITY_RANKING,,,NOT_APPLICABLE_GLOBAL_BASELINE,HF9g-P5,,,,X 全窗基线 · 不参与实体赏罚,8393129,840,A168_HF9F_20260827_0900,2026-08-27 09:00:00
2026-04-18,147318574,2101,0,5.2705922037,5.2705922037,5.2705922037,1.0000000,1,1,0.49324550000000000,0.493245500000,1.01360149184955,1.01360149184955,1.01360149184955,0E-17,ELIGIBLE,R03b_20260811_FULL_v1,L1_ELIGIBILITY,v2026-08-11,2026-03-21..2026-08-06,baccarat_bet02_101_all_pairs_incl_sentinel,round_win = game_pnl > 0 (decisive only),COMPATIBILITY_ONLY_NOT_PRODUCTION,9698.3969,8760.0589,482.2493,1012,1012,-0.04972464,,-0.04972464,-0.04972464,-482.2493,9698.3969,OK,0.0000,19.2900,4.0000,96.0000,AG03-UNRESOLVED,ALL5_LEVELS_bet23_to_bet27,19.2900,19.2900,19.2900,19.2900,19.2900,4.000000,4.000000,4.000000,4.000000,4.000000,96.000000,96.000000,96.000000,96.000000,96.000000,5.0,96.4499,89.0364,385.7994,393.2129,PENDING_AG03,FALSE,NOT_FOR_ENFORCEMENT,462.9593,8409.6566,482.2493,462.9593,19.2900,0.04972464,0.04773565,19.2900,462.9593,0.04773565,19.2900,19.2900,19.2900,19.2900,19.2900,462.9593,0.04773565,96.4499,89.0364,385.7994,393.2129,0.03977971,0.04054411,0.00198899,9.5834,8.6562,0.4765,37.0961,1.0599,746.0305,77.8462,,9.5834,8.0113,10.5412,10.5412,12.6494,13.8722,21.0824,9.1708,0.0,1.315999,2.0,0.909138,29,128,28,2,0E-8,0.04972464,,0E-8,0.000000,0.903248,0.001976,,2026-03-31,2026-05-23,13,455,234,54,0.240741,,,0.000000,,,,,,,,GLOBAL_BASELINE_NO_ENTITY_RANKING,,,NOT_APPLICABLE_GLOBAL_BASELINE,HF9g-P5,,,,X 全窗基线 · 不参与实体赏罚,8393130,840,A168_HF9F_20260827_0900,2026-08-27 09:00:00
2026-04-18,147318574,2108,0,10.5411844075,1.7920013493,1.7920013493,0.5000000,2,2,0.50665070000000000,0.506650700000,-0.018812684590367487,-0.018812684590367487,-0.018812684590367487,0E-17,ELIGIBLE,R03b_20260811_FULL_v1,L1_ELIGIBILITY,v2026-08-11,2026-03-21..2026-08-06,baccarat_bet02_101_all_pairs_incl_sentinel,round_win = game_pnl > 0 (decisive only),COMPATIBILITY_ONLY_NOT_PRODUCTION,9698.3969,8760.0589,482.2493,1012,1012,-0.04972464,,-0.04972464,-0.04972464,-482.2493,9698.3969,OK,0.0000,19.2900,4.0000,96.0000,AG03-UNRESOLVED,ALL5_LEVELS_bet23_to_bet27,19.2900,19.2900,19.2900,19.2900,19.2900,4.000000,4.000000,4.000000,4.000000,4.000000,96.000000,96.000000,96.000000,96.000000,96.000000,5.0,96.4499,89.0364,385.7994,393.2129,PENDING_AG03,FALSE,NOT_FOR_ENFORCEMENT,462.9593,8409.6566,482.2493,462.9593,19.2900,0.04972464,0.04773565,19.2900,462.9593,0.04773565,19.2900,19.2900,19.2900,19.2900,19.2900,462.9593,0.04773565,96.4499,89.0364,385.7994,393.2129,0.03977971,0.04054411,0.00198899,9.5834,8.6562,0.4765,37.0961,1.0599,746.0305,77.8462,,9.5834,8.0113,10.5412,10.5412,12.6494,13.8722,21.0824,9.1708,0.0,1.315999,2.0,0.909138,29,128,28,2,0E-8,0.04972464,,0E-8,0.000000,0.903248,0.001976,,2026-03-31,2026-05-23,13,455,234,54,0.240741,,,0.000000,,,,,,,,GLOBAL_BASELINE_NO_ENTITY_RANKING,,,NOT_APPLICABLE_GLOBAL_BASELINE,HF9g-P5,,,,X 全窗基线 · 不参与实体赏罚,8393131,840,A168_HF9F_20260827_0900,2026-08-27 09:00:00
2026-04-18,147318574,2129,0,4.2164737630,4.0056500748,4.0056500748,1.0000000,1,1,0.50665070000000000,0.506650700000,0.9867858985152569,0.9867858985152569,0.9867858985152569,0E-17,ELIGIBLE,R03b_20260811_FULL_v1,L1_ELIGIBILITY,v2026-08-11,2026-03-21..2026-08-06,baccarat_bet02_101_all_pairs_incl_sentinel,round_win = game_pnl > 0 (decisive only),COMPATIBILITY_ONLY_NOT_PRODUCTION,9698.3969,8760.0589,482.2493,1012,1012,-0.04972464,,-0.04972464,-0.04972464,-482.2493,9698.3969,OK,0.0000,19.2900,4.0000,96.0000,AG03-UNRESOLVED,ALL5_LEVELS_bet23_to_bet27,19.2900,19.2900,19.2900,19.2900,19.2900,4.000000,4.000000,4.000000,4.000000,4.000000,96.000000,96.000000,96.000000,96.000000,96.000000,5.0,96.4499,89.0364,385.7994,393.2129,PENDING_AG03,FALSE,NOT_FOR_ENFORCEMENT,462.9593,8409.6566,482.2493,462.9593,19.2900,0.04972464,0.04773565,19.2900,462.9593,0.04773565,19.2900,19.2900,19.2900,19.2900,19.2900,462.9593,0.04773565,96.4499,89.0364,385.7994,393.2129,0.03977971,0.04054411,0.00198899,9.5834,8.6562,0.4765,37.0961,1.0599,746.0305,77.8462,,9.5834,8.0113,10.5412,10.5412,12.6494,13.8722,21.0824,9.1708,0.0,1.315999,2.0,0.909138,29,128,28,2,0E-8,0.04972464,,0E-8,0.000000,0.903248,0.001976,,2026-03-31,2026-05-23,13,455,234,54,0.240741,,,0.000000,,,,,,,,GLOBAL_BASELINE_NO_ENTITY_RANKING,,,NOT_APPLICABLE_GLOBAL_BASELINE,HF9g-P5,,,,X 全窗基线 · 不参与实体赏罚,8393132,840,A168_HF9F_20260827_0900,2026-08-27 09:00:00
2026-04-18,147318574,2145,0,11.1736554719,5.0597685156,5.0597685156,1.0000000,2,2,0.49994810000000000,0.499948100000,1.0001038053877793,1.0001038053877793,1.0001038053877793,0E-17,ELIGIBLE,R03b_20260811_FULL_v1,L1_ELIGIBILITY,v2026-08-11,2026-03-21..2026-08-06,baccarat_bet02_101_all_pairs_incl_sentinel,round_win = game_pnl > 0 (decisive only),COMPATIBILITY_ONLY_NOT_PRODUCTION,9698.3969,8760.0589,482.2493,1012,1012,-0.04972464,,-0.04972464,-0.04972464,-482.2493,9698.3969,OK,0.0000,19.2900,4.0000,96.0000,AG03-UNRESOLVED,ALL5_LEVELS_bet23_to_bet27,19.2900,19.2900,19.2900,19.2900,19.2900,4.000000,4.000000,4.000000,4.000000,4.000000,96.000000,96.000000,96.000000,96.000000,96.000000,5.0,96.4499,89.0364,385.7994,393.2129,PENDING_AG03,FALSE,NOT_FOR_ENFORCEMENT,462.9593,8409.6566,482.2493,462.9593,19.2900,0.04972464,0.04773565,19.2900,462.9593,0.04773565,19.2900,19.2900,19.2900,19.2900,19.2900,462.9593,0.04773565,96.4499,89.0364,385.7994,393.2129,0.03977971,0.04054411,0.00198899,9.5834,8.6562,0.4765,37.0961,1.0599,746.0305,77.8462,,9.5834,8.0113,10.5412,10.5412,12.6494,13.8722,21.0824,9.1708,0.0,1.315999,2.0,0.909138,29,128,28,2,0E-8,0.04972464,,0E-8,0.000000,0.903248,0.001976,,2026-03-31,2026-05-23,13,455,234,54,0.240741,,,0.000000,,,,,,,,GLOBAL_BASELINE_NO_ENTITY_RANKING,,,NOT_APPLICABLE_GLOBAL_BASELINE,HF9g-P5,,,,X 全窗基线 · 不参与实体赏罚,8393133,840,A168_HF9F_20260827_0900,2026-08-27 09:00:00
2026-04-18,147318574,2147,0,4.2164737630,-4.2164737630,-4.2164737630,0E-7,1,1,0.49324550000000000,0.493245500000,-0.9865810262130424,-0.9865810262130424,-0.9865810262130424,0E-17,ELIGIBLE,R03b_20260811_FULL_v1,L1_ELIGIBILITY,v2026-08-11,2026-03-21..2026-08-06,baccarat_bet02_101_all_pairs_incl_sentinel,round_win = game_pnl > 0 (decisive only),COMPATIBILITY_ONLY_NOT_PRODUCTION,9698.3969,8760.0589,482.2493,1012,1012,-0.04972464,,-0.04972464,-0.04972464,-482.2493,9698.3969,OK,0.0000,19.2900,4.0000,96.0000,AG03-UNRESOLVED,ALL5_LEVELS_bet23_to_bet27,19.2900,19.2900,19.2900,19.2900,19.2900,4.000000,4.000000,4.000000,4.000000,4.000000,96.000000,96.000000,96.000000,96.000000,96.000000,5.0,96.4499,89.0364,385.7994,393.2129,PENDING_AG03,FALSE,NOT_FOR_ENFORCEMENT,462.9593,8409.6566,482.2493,462.9593,19.2900,0.04972464,0.04773565,19.2900,462.9593,0.04773565,19.2900,19.2900,19.2900,19.2900,19.2900,462.9593,0.04773565,96.4499,89.0364,385.7994,393.2129,0.03977971,0.04054411,0.00198899,9.5834,8.6562,0.4765,37.0961,1.0599,746.0305,77.8462,,9.5834,8.0113,10.5412,10.5412,12.6494,13.8722,21.0824,9.1708,0.0,1.315999,2.0,0.909138,29,128,28,2,0E-8,0.04972464,,0E-8,0.000000,0.903248,0.001976,,2026-03-31,2026-05-23,13,455,234,54,0.240741,,,0.000000,,,,,,,,GLOBAL_BASELINE_NO_ENTITY_RANKING,,,NOT_APPLICABLE_GLOBAL_BASELINE,HF9g-P5,,,,X 全窗基线 · 不参与实体赏罚,8393134,840,A168_HF9F_20260827_0900,2026-08-27 09:00:00
2026-04-18,147318574,2201,0,12.6494212890,-6.3247106445,-6.3247106445,0E-7,2,2,0.49324550000000000,0.493245500000,-0.9865810262130424,-0.9865810262130424,-0.9865810262130424,0E-17,ELIGIBLE,R03b_20260811_FULL_v1,L1_ELIGIBILITY,v2026-08-11,2026-03-21..2026-08-06,baccarat_bet02_101_all_pairs_incl_sentinel,round_win = game_pnl > 0 (decisive only),COMPATIBILITY_ONLY_NOT_PRODUCTION,9698.3969,8760.0589,482.2493,1012,1012,-0.04972464,,-0.04972464,-0.04972464,-482.2493,9698.3969,OK,0.0000,19.2900,4.0000,96.0000,AG03-UNRESOLVED,ALL5_LEVELS_bet23_to_bet27,19.2900,19.2900,19.2900,19.2900,19.2900,4.000000,4.000000,4.000000,4.000000,4.000000,96.000000,96.000000,96.000000,96.000000,96.000000,5.0,96.4499,89.0364,385.7994,393.2129,PENDING_AG03,FALSE,NOT_FOR_ENFORCEMENT,462.9593,8409.6566,482.2493,462.9593,19.2900,0.04972464,0.04773565,19.2900,462.9593,0.04773565,19.2900,19.2900,19.2900,19.2900,19.2900,462.9593,0.04773565,96.4499,89.0364,385.7994,393.2129,0.03977971,0.04054411,0.00198899,9.5834,8.6562,0.4765,37.0961,1.0599,746.0305,77.8462,,9.5834,8.0113,10.5412,10.5412,12.6494,13.8722,21.0824,9.1708,0.0,1.315999,2.0,0.909138,29,128,28,2,0E-8,0.04972464,,0E-8,0.000000,0.903248,0.001976,,2026-03-31,2026-05-23,13,455,234,54,0.240741,,,0.000000,,,,,,,,GLOBAL_BASELINE_NO_ENTITY_RANKING,,,NOT_APPLICABLE_GLOBAL_BASELINE,HF9g-P5,,,,X 全窗基线 · 不参与实体赏罚,8393135,840,A168_HF9F_20260827_0900,2026-08-27 09:00:00
2026-04-18,147318574,2216,0,5.4814158919,5.2073450973,5.2073450973,1.0000000,1,1,0.50665070000000000,0.506650700000,0.9867858985152569,0.9867858985152569,0.9867858985152569,0E-17,ELIGIBLE,R03b_20260811_FULL_v1,L1_ELIGIBILITY,v2026-08-11,2026-03-21..2026-08-06,baccarat_bet02_101_all_pairs_incl_sentinel,round_win = game_pnl > 0 (decisive only),COMPATIBILITY_ONLY_NOT_PRODUCTION,9698.3969,8760.0589,482.2493,1012,1012,-0.04972464,,-0.04972464,-0.04972464,-482.2493,9698.3969,OK,0.0000,19.2900,4.0000,96.0000,AG03-UNRESOLVED,ALL5_LEVELS_bet23_to_bet27,19.2900,19.2900,19.2900,19.2900,19.2900,4.000000,4.000000,4.000000,4.000000,4.000000,96.000000,96.000000,96.000000,96.000000,96.000000,5.0,96.4499,89.0364,385.7994,393.2129,PENDING_AG03,FALSE,NOT_FOR_ENFORCEMENT,462.9593,8409.6566,482.2493,462.9593,19.2900,0.04972464,0.04773565,19.2900,462.9593,0.04773565,19.2900,19.2900,19.2900,19.2900,19.2900,462.9593,0.04773565,96.4499,89.0364,385.7994,393.2129,0.03977971,0.04054411,0.00198899,9.5834,8.6562,0.4765,37.0961,1.0599,746.0305,77.8462,,9.5834,8.0113,10.5412,10.5412,12.6494,13.8722,21.0824,9.1708,0.0,1.315999,2.0,0.909138,29,128,28,2,0E-8,0.04972464,,0E-8,0.000000,0.903248,0.001976,,2026-03-31,2026-05-23,13,455,234,54,0.240741,,,0.000000,,,,,,,,GLOBAL_BASELINE_NO_ENTITY_RANKING,,,NOT_APPLICABLE_GLOBAL_BASELINE,HF9g-P5,,,,X 全窗基线 · 不参与实体赏罚,8393136,840,A168_HF9F_20260827_0900,2026-08-27 09:00:00
2026-04-18,147318574,2220,0,8.2221238378,7.8110176459,7.8110176459,1.0000000,1,1,0.50665070000000000,0.506650700000,0.9867858985152569,0.9867858985152569,0.9867858985152569,0E-17,ELIGIBLE,R03b_20260811_FULL_v1,L1_ELIGIBILITY,v2026-08-11,2026-03-21..2026-08-06,baccarat_bet02_101_all_pairs_incl_sentinel,round_win = game_pnl > 0 (decisive only),COMPATIBILITY_ONLY_NOT_PRODUCTION,9698.3969,8760.0589,482.2493,1012,1012,-0.04972464,,-0.04972464,-0.04972464,-482.2493,9698.3969,OK,0.0000,19.2900,4.0000,96.0000,AG03-UNRESOLVED,ALL5_LEVELS_bet23_to_bet27,19.2900,19.2900,19.2900,19.2900,19.2900,4.000000,4.000000,4.000000,4.000000,4.000000,96.000000,96.000000,96.000000,96.000000,96.000000,5.0,96.4499,89.0364,385.7994,393.2129,PENDING_AG03,FALSE,NOT_FOR_ENFORCEMENT,462.9593,8409.6566,482.2493,462.9593,19.2900,0.04972464,0.04773565,19.2900,462.9593,0.04773565,19.2900,19.2900,19.2900,19.2900,19.2900,462.9593,0.04773565,96.4499,89.0364,385.7994,393.2129,0.03977971,0.04054411,0.00198899,9.5834,8.6562,0.4765,37.0961,1.0599,746.0305,77.8462,,9.5834,8.0113,10.5412,10.5412,12.6494,13.8722,21.0824,9.1708,0.0,1.315999,2.0,0.909138,29,128,28,2,0E-8,0.04972464,,0E-8,0.000000,0.903248,0.001976,,2026-03-31,2026-05-23,13,455,234,54,0.240741,,,0.000000,,,,,,,,GLOBAL_BASELINE_NO_ENTITY_RANKING,,,NOT_APPLICABLE_GLOBAL_BASELINE,HF9g-P5,,,,X 全窗基线 · 不参与实体赏罚,8393137,840,A168_HF9F_20260827_0900,2026-08-27 09:00:00
2026-04-18,147318574,2234,0,4.2164737630,4.2164737630,4.2164737630,1.0000000,1,1,0.49324550000000000,0.493245500000,1.01360149184955,1.01360149184955,1.01360149184955,0E-17,ELIGIBLE,R03b_20260811_FULL_v1,L1_ELIGIBILITY,v2026-08-11,2026-03-21..2026-08-06,baccarat_bet02_101_all_pairs_incl_sentinel,round_win = game_pnl > 0 (decisive only),COMPATIBILITY_ONLY_NOT_PRODUCTION,9698.3969,8760.0589,482.2493,1012,1012,-0.04972464,,-0.04972464,-0.04972464,-482.2493,9698.3969,OK,0.0000,19.2900,4.0000,96.0000,AG03-UNRESOLVED,ALL5_LEVELS_bet23_to_bet27,19.2900,19.2900,19.2900,19.2900,19.2900,4.000000,4.000000,4.000000,4.000000,4.000000,96.000000,96.000000,96.000000,96.000000,96.000000,5.0,96.4499,89.0364,385.7994,393.2129,PENDING_AG03,FALSE,NOT_FOR_ENFORCEMENT,462.9593,8409.6566,482.2493,462.9593,19.2900,0.04972464,0.04773565,19.2900,462.9593,0.04773565,19.2900,19.2900,19.2900,19.2900,19.2900,462.9593,0.04773565,96.4499,89.0364,385.7994,393.2129,0.03977971,0.04054411,0.00198899,9.5834,8.6562,0.4765,37.0961,1.0599,746.0305,77.8462,,9.5834,8.0113,10.5412,10.5412,12.6494,13.8722,21.0824,9.1708,0.0,1.315999,2.0,0.909138,29,128,28,2,0E-8,0.04972464,,0E-8,0.000000,0.903248,0.001976,,2026-03-31,2026-05-23,13,455,234,54,0.240741,,,0.000000,,,,,,,,GLOBAL_BASELINE_NO_ENTITY_RANKING,,,NOT_APPLICABLE_GLOBAL_BASELINE,HF9g-P5,,,,X 全窗基线 · 不参与实体赏罚,8393138,840,A168_HF9F_20260827_0900,2026-08-27 09:00:00
2026-04-18,147318574,2248,0,6.3247106445,6.3247106445,6.3247106445,1.0000000,1,1,0.49324550000000000,0.493245500000,1.01360149184955,1.01360149184955,1.01360149184955,0E-17,ELIGIBLE,R03b_20260811_FULL_v1,L1_ELIGIBILITY,v2026-08-11,2026-03-21..2026-08-06,baccarat_bet02_101_all_pairs_incl_sentinel,round_win = game_pnl > 0 (decisive only),COMPATIBILITY_ONLY_NOT_PRODUCTION,9698.3969,8760.0589,482.2493,1012,1012,-0.04972464,,-0.04972464,-0.04972464,-482.2493,9698.3969,OK,0.0000,19.2900,4.0000,96.0000,AG03-UNRESOLVED,ALL5_LEVELS_bet23_to_bet27,19.2900,19.2900,19.2900,19.2900,19.2900,4.000000,4.000000,4.000000,4.000000,4.000000,96.000000,96.000000,96.000000,96.000000,96.000000,5.0,96.4499,89.0364,385.7994,393.2129,PENDING_AG03,FALSE,NOT_FOR_ENFORCEMENT,462.9593,8409.6566,482.2493,462.9593,19.2900,0.04972464,0.04773565,19.2900,462.9593,0.04773565,19.2900,19.2900,19.2900,19.2900,19.2900,462.9593,0.04773565,96.4499,89.0364,385.7994,393.2129,0.03977971,0.04054411,0.00198899,9.5834,8.6562,0.4765,37.0961,1.0599,746.0305,77.8462,,9.5834,8.0113,10.5412,10.5412,12.6494,13.8722,21.0824,9.1708,0.0,1.315999,2.0,0.909138,29,128,28,2,0E-8,0.04972464,,0E-8,0.000000,0.903248,0.001976,,2026-03-31,2026-05-23,13,455,234,54,0.240741,,,0.000000,,,,,,,,GLOBAL_BASELINE_NO_ENTITY_RANKING,,,NOT_APPLICABLE_GLOBAL_BASELINE,HF9g-P5,,,,X 全窗基线 · 不参与实体赏罚,8393139,840,A168_HF9F_20260827_0900,2026-08-27 09:00:00
2026-04-18,147318574,462,0,10.5411844075,1.7920013493,1.7920013493,0.5000000,2,2,0.50665070000000000,0.506650700000,-0.018812684590367487,-0.018812684590367487,-0.018812684590367487,0E-17,ELIGIBLE,R03b_20260811_FULL_v1,L1_ELIGIBILITY,v2026-08-11,2026-03-21..2026-08-06,baccarat_bet02_101_all_pairs_incl_sentinel,round_win = game_pnl > 0 (decisive only),COMPATIBILITY_ONLY_NOT_PRODUCTION,9698.3969,8760.0589,482.2493,1012,1012,-0.04972464,,-0.04972464,-0.04972464,-482.2493,9698.3969,OK,0.0000,19.2900,4.0000,96.0000,AG03-UNRESOLVED,ALL5_LEVELS_bet23_to_bet27,19.2900,19.2900,19.2900,19.2900,19.2900,4.000000,4.000000,4.000000,4.000000,4.000000,96.000000,96.000000,96.000000,96.000000,96.000000,5.0,96.4499,89.0364,385.7994,393.2129,PENDING_AG03,FALSE,NOT_FOR_ENFORCEMENT,462.9593,8409.6566,482.2493,462.9593,19.2900,0.04972464,0.04773565,19.2900,462.9593,0.04773565,19.2900,19.2900,19.2900,19.2900,19.2900,462.9593,0.04773565,96.4499,89.0364,385.7994,393.2129,0.03977971,0.04054411,0.00198899,9.5834,8.6562,0.4765,37.0961,1.0599,746.0305,77.8462,,9.5834,8.0113,10.5412,10.5412,12.6494,13.8722,21.0824,9.1708,0.0,1.315999,2.0,0.909138,29,128,28,2,0E-8,0.04972464,,0E-8,0.000000,0.903248,0.001976,,2026-03-31,2026-05-23,13,455,234,54,0.240741,,,0.000000,,,,,,,,GLOBAL_BASELINE_NO_ENTITY_RANKING,,,NOT_APPLICABLE_GLOBAL_BASELINE,HF9g-P5,,,,X 全窗基线 · 不参与实体赏罚,8393140,840,A168_HF9F_20260827_0900,2026-08-27 09:00:00
2026-04-18,147318574,948,0,4.2164737630,4.0056500748,4.0056500748,1.0000000,1,1,0.50665070000000000,0.506650700000,0.9867858985152569,0.9867858985152569,0.9867858985152569,0E-17,ELIGIBLE,R03b_20260811_FULL_v1,L1_ELIGIBILITY,v2026-08-11,2026-03-21..2026-08-06,baccarat_bet02_101_all_pairs_incl_sentinel,round_win = game_pnl > 0 (decisive only),COMPATIBILITY_ONLY_NOT_PRODUCTION,9698.3969,8760.0589,482.2493,1012,1012,-0.04972464,,-0.04972464,-0.04972464,-482.2493,9698.3969,OK,0.0000,19.2900,4.0000,96.0000,AG03-UNRESOLVED,ALL5_LEVELS_bet23_to_bet27,19.2900,19.2900,19.2900,19.2900,19.2900,4.000000,4.000000,4.000000,4.000000,4.000000,96.000000,96.000000,96.000000,96.000000,96.000000,5.0,96.4499,89.0364,385.7994,393.2129,PENDING_AG03,FALSE,NOT_FOR_ENFORCEMENT,462.9593,8409.6566,482.2493,462.9593,19.2900,0.04972464,0.04773565,19.2900,462.9593,0.04773565,19.2900,19.2900,19.2900,19.2900,19.2900,462.9593,0.04773565,96.4499,89.0364,385.7994,393.2129,0.03977971,0.04054411,0.00198899,9.5834,8.6562,0.4765,37.0961,1.0599,746.0305,77.8462,,9.5834,8.0113,10.5412,10.5412,12.6494,13.8722,21.0824,9.1708,0.0,1.315999,2.0,0.909138,29,128,28,2,0E-8,0.04972464,,0E-8,0.000000,0.903248,0.001976,,2026-03-31,2026-05-23,13,455,234,54,0.240741,,,0.000000,,,,,,,,GLOBAL_BASELINE_NO_ENTITY_RANKING,,,NOT_APPLICABLE_GLOBAL_BASELINE,HF9g-P5,,,,X 全窗基线 · 不参与实体赏罚,8393141,840,A168_HF9F_20260827_0900,2026-08-27 09:00:00
2026-04-19,147318574,-1,1,355.2379145326,52.6532161154,52.6532161154,0.5945946,39,39,0.49908879230769231,0.499088792308,1.1618801605722169,1.1618801605684723,1.1618801605722169,-3.0769E-13,SENTINEL_DEALER,R03b_20260811_FULL_v1,L1_ELIGIBILITY,v2026-08-11,2026-03-21..2026-08-06,baccarat_bet02_101_all_pairs_incl_sentinel,round_win = game_pnl > 0 (decisive only),COMPATIBILITY_ONLY_NOT_PRODUCTION,9698.3969,8760.0589,482.2493,1012,1012,-0.04972464,,-0.04972464,-0.04972464,-482.2493,9698.3969,OK,0.0000,19.2900,4.0000,96.0000,AG03-UNRESOLVED,ALL5_LEVELS_bet23_to_bet27,19.2900,19.2900,19.2900,19.2900,19.2900,4.000000,4.000000,4.000000,4.000000,4.000000,96.000000,96.000000,96.000000,96.000000,96.000000,5.0,96.4499,89.0364,385.7994,393.2129,PENDING_AG03,FALSE,NOT_FOR_ENFORCEMENT,462.9593,8409.6566,482.2493,462.9593,19.2900,0.04972464,0.04773565,19.2900,462.9593,0.04773565,19.2900,19.2900,19.2900,19.2900,19.2900,462.9593,0.04773565,96.4499,89.0364,385.7994,393.2129,0.03977971,0.04054411,0.00198899,9.5834,8.6562,0.4765,37.0961,1.0599,746.0305,77.8462,,9.5834,8.0113,10.5412,10.5412,12.6494,13.8722,21.0824,9.1708,0.0,1.315999,2.0,0.909138,29,128,28,2,0E-8,0.04972464,,0E-8,0.000000,0.903248,0.001976,,2026-03-31,2026-05-23,13,455,234,54,0.240741,,,0.000000,,,,,,,,GLOBAL_BASELINE_NO_ENTITY_RANKING,,,NOT_APPLICABLE_GLOBAL_BASELINE,HF9g-P5,,,,X 全窗基线 · 不参与实体赏罚,8393142,840,A168_HF9F_20260827_0900,2026-08-27 09:00:00
2026-04-19,147318574,1094,0,48.9110956508,-15.1793055468,-15.1793055468,0.2500000,5,5,0.49324550000000000,0.493245500000,-0.9730707933947887,-0.9730707933947887,-0.9730707933947887,0E-17,ELIGIBLE,R03b_20260811_FULL_v1,L1_ELIGIBILITY,v2026-08-11,2026-03-21..2026-08-06,baccarat_bet02_101_all_pairs_incl_sentinel,round_win = game_pnl > 0 (decisive only),COMPATIBILITY_ONLY_NOT_PRODUCTION,9698.3969,8760.0589,482.2493,1012,1012,-0.04972464,,-0.04972464,-0.04972464,-482.2493,9698.3969,OK,0.0000,19.2900,4.0000,96.0000,AG03-UNRESOLVED,ALL5_LEVELS_bet23_to_bet27,19.2900,19.2900,19.2900,19.2900,19.2900,4.000000,4.000000,4.000000,4.000000,4.000000,96.000000,96.000000,96.000000,96.000000,96.000000,5.0,96.4499,89.0364,385.7994,393.2129,PENDING_AG03,FALSE,NOT_FOR_ENFORCEMENT,462.9593,8409.6566,482.2493,462.9593,19.2900,0.04972464,0.04773565,19.2900,462.9593,0.04773565,19.2900,19.2900,19.2900,19.2900,19.2900,462.9593,0.04773565,96.4499,89.0364,385.7994,393.2129,0.03977971,0.04054411,0.00198899,9.5834,8.6562,0.4765,37.0961,1.0599,746.0305,77.8462,,9.5834,8.0113,10.5412,10.5412,12.6494,13.8722,21.0824,9.1708,0.0,1.315999,2.0,0.909138,29,128,28,2,0E-8,0.04972464,,0E-8,0.000000,0.903248,0.001976,,2026-03-31,2026-05-23,13,455,234,54,0.240741,,,0.000000,,,,,,,,GLOBAL_BASELINE_NO_ENTITY_RANKING,,,NOT_APPLICABLE_GLOBAL_BASELINE,HF9g-P5,,,,X 全窗基线 · 不参与实体赏罚,8393143,840,A168_HF9F_20260827_0900,2026-08-27 09:00:00
2026-04-19,147318574,1202,0,42.1647376300,-13.1764805094,-13.1764805094,0.2500000,5,5,0.50665070000000000,0.506650700000,-1.0266936290537745,-1.0266936290537745,-1.0266936290537745,0E-17,ELIGIBLE,R03b_20260811_FULL_v1,L1_ELIGIBILITY,v2026-08-11,2026-03-21..2026-08-06,baccarat_bet02_101_all_pairs_incl_sentinel,round_win = game_pnl > 0 (decisive only),COMPATIBILITY_ONLY_NOT_PRODUCTION,9698.3969,8760.0589,482.2493,1012,1012,-0.04972464,,-0.04972464,-0.04972464,-482.2493,9698.3969,OK,0.0000,19.2900,4.0000,96.0000,AG03-UNRESOLVED,ALL5_LEVELS_bet23_to_bet27,19.2900,19.2900,19.2900,19.2900,19.2900,4.000000,4.000000,4.000000,4.000000,4.000000,96.000000,96.000000,96.000000,96.000000,96.000000,5.0,96.4499,89.0364,385.7994,393.2129,PENDING_AG03,FALSE,NOT_FOR_ENFORCEMENT,462.9593,8409.6566,482.2493,462.9593,19.2900,0.04972464,0.04773565,19.2900,462.9593,0.04773565,19.2900,19.2900,19.2900,19.2900,19.2900,462.9593,0.04773565,96.4499,89.0364,385.7994,393.2129,0.03977971,0.04054411,0.00198899,9.5834,8.6562,0.4765,37.0961,1.0599,746.0305,77.8462,,9.5834,8.0113,10.5412,10.5412,12.6494,13.8722,21.0824,9.1708,0.0,1.315999,2.0,0.909138,29,128,28,2,0E-8,0.04972464,,0E-8,0.000000,0.903248,0.001976,,2026-03-31,2026-05-23,13,455,234,54,0.240741,,,0.000000,,,,,,,,GLOBAL_BASELINE_NO_ENTITY_RANKING,,,NOT_APPLICABLE_GLOBAL_BASELINE,HF9g-P5,,,,X 全窗基线 · 不参与实体赏罚,8393144,840,A168_HF9F_20260827_0900,2026-08-27 09:00:00
2026-04-19,147318574,1302,0,32.8884953514,-18.1308371809,-18.1308371809,0E-7,3,3,0.50665070000000000,0.506650700000,-1.4331513700195317,-1.4331513700195317,-1.4331513700195317,0E-17,ELIGIBLE,R03b_20260811_FULL_v1,L1_ELIGIBILITY,v2026-08-11,2026-03-21..2026-08-06,baccarat_bet02_101_all_pairs_incl_sentinel,round_win = game_pnl > 0 (decisive only),COMPATIBILITY_ONLY_NOT_PRODUCTION,9698.3969,8760.0589,482.2493,1012,1012,-0.04972464,,-0.04972464,-0.04972464,-482.2493,9698.3969,OK,0.0000,19.2900,4.0000,96.0000,AG03-UNRESOLVED,ALL5_LEVELS_bet23_to_bet27,19.2900,19.2900,19.2900,19.2900,19.2900,4.000000,4.000000,4.000000,4.000000,4.000000,96.000000,96.000000,96.000000,96.000000,96.000000,5.0,96.4499,89.0364,385.7994,393.2129,PENDING_AG03,FALSE,NOT_FOR_ENFORCEMENT,462.9593,8409.6566,482.2493,462.9593,19.2900,0.04972464,0.04773565,19.2900,462.9593,0.04773565,19.2900,19.2900,19.2900,19.2900,19.2900,462.9593,0.04773565,96.4499,89.0364,385.7994,393.2129,0.03977971,0.04054411,0.00198899,9.5834,8.6562,0.4765,37.0961,1.0599,746.0305,77.8462,,9.5834,8.0113,10.5412,10.5412,12.6494,13.8722,21.0824,9.1708,0.0,1.315999,2.0,0.909138,29,128,28,2,0E-8,0.04972464,,0E-8,0.000000,0.903248,0.001976,,2026-03-31,2026-05-23,13,455,234,54,0.240741,,,0.000000,,,,,,,,GLOBAL_BASELINE_NO_ENTITY_RANKING,,,NOT_APPLICABLE_GLOBAL_BASELINE,HF9g-P5,,,,X 全窗基线 · 不参与实体赏罚,8393145,840,A168_HF9F_20260827_0900,2026-08-27 09:00:00
2026-04-19,147318574,1383,0,16.0226002994,2.8882845276,2.8882845276,0.5000000,2,2,0.49994810000000000,0.499948100000,0.00014679536856514622,0.00014679536856514622,0.00014679536856514622,0E-17,ELIGIBLE,R03b_20260811_FULL_v1,L1_ELIGIBILITY,v2026-08-11,2026-03-21..2026-08-06,baccarat_bet02_101_all_pairs_incl_sentinel,round_win = game_pnl > 0 (decisive only),COMPATIBILITY_ONLY_NOT_PRODUCTION,9698.3969,8760.0589,482.2493,1012,1012,-0.04972464,,-0.04972464,-0.04972464,-482.2493,9698.3969,OK,0.0000,19.2900,4.0000,96.0000,AG03-UNRESOLVED,ALL5_LEVELS_bet23_to_bet27,19.2900,19.2900,19.2900,19.2900,19.2900,4.000000,4.000000,4.000000,4.000000,4.000000,96.000000,96.000000,96.000000,96.000000,96.000000,5.0,96.4499,89.0364,385.7994,393.2129,PENDING_AG03,FALSE,NOT_FOR_ENFORCEMENT,462.9593,8409.6566,482.2493,462.9593,19.2900,0.04972464,0.04773565,19.2900,462.9593,0.04773565,19.2900,19.2900,19.2900,19.2900,19.2900,462.9593,0.04773565,96.4499,89.0364,385.7994,393.2129,0.03977971,0.04054411,0.00198899,9.5834,8.6562,0.4765,37.0961,1.0599,746.0305,77.8462,,9.5834,8.0113,10.5412,10.5412,12.6494,13.8722,21.0824,9.1708,0.0,1.315999,2.0,0.909138,29,128,28,2,0E-8,0.04972464,,0E-8,0.000000,0.903248,0.001976,,2026-03-31,2026-05-23,13,455,234,54,0.240741,,,0.000000,,,,,,,,GLOBAL_BASELINE_NO_ENTITY_RANKING,,,NOT_APPLICABLE_GLOBAL_BASELINE,HF9g-P5,,,,X 全窗基线 · 不参与实体赏罚,8393146,840,A168_HF9F_20260827_0900,2026-08-27 09:00:00
2026-04-19,147318574,1490,0,14.7576581705,1.6865895052,1.6865895052,0.5000000,2,2,0.50665070000000000,0.506650700000,-0.018812684590367487,-0.018812684590367487,-0.018812684590367487,0E-17,ELIGIBLE,R03b_20260811_FULL_v1,L1_ELIGIBILITY,v2026-08-11,2026-03-21..2026-08-06,baccarat_bet02_101_all_pairs_incl_sentinel,round_win = game_pnl > 0 (decisive only),COMPATIBILITY_ONLY_NOT_PRODUCTION,9698.3969,8760.0589,482.2493,1012,1012,-0.04972464,,-0.04972464,-0.04972464,-482.2493,9698.3969,OK,0.0000,19.2900,4.0000,96.0000,AG03-UNRESOLVED,ALL5_LEVELS_bet23_to_bet27,19.2900,19.2900,19.2900,19.2900,19.2900,4.000000,4.000000,4.000000,4.000000,4.000000,96.000000,96.000000,96.000000,96.000000,96.000000,5.0,96.4499,89.0364,385.7994,393.2129,PENDING_AG03,FALSE,NOT_FOR_ENFORCEMENT,462.9593,8409.6566,482.2493,462.9593,19.2900,0.04972464,0.04773565,19.2900,462.9593,0.04773565,19.2900,19.2900,19.2900,19.2900,19.2900,462.9593,0.04773565,96.4499,89.0364,385.7994,393.2129,0.03977971,0.04054411,0.00198899,9.5834,8.6562,0.4765,37.0961,1.0599,746.0305,77.8462,,9.5834,8.0113,10.5412,10.5412,12.6494,13.8722,21.0824,9.1708,0.0,1.315999,2.0,0.909138,29,128,28,2,0E-8,0.04972464,,0E-8,0.000000,0.903248,0.001976,,2026-03-31,2026-05-23,13,455,234,54,0.240741,,,0.000000,,,,,,,,GLOBAL_BASELINE_NO_ENTITY_RANKING,,,NOT_APPLICABLE_GLOBAL_BASELINE,HF9g-P5,,,,X 全窗基线 · 不参与实体赏罚,8393147,840,A168_HF9F_20260827_0900,2026-08-27 09:00:00
2026-04-19,147318574,1702,0,8.4329475260,8.4329475260,8.4329475260,1.0000000,1,1,0.49324550000000000,0.493245500000,1.01360149184955,1.01360149184955,1.01360149184955,0E-17,ELIGIBLE,R03b_20260811_FULL_v1,L1_ELIGIBILITY,v2026-08-11,2026-03-21..2026-08-06,baccarat_bet02_101_all_pairs_incl_sentinel,round_win = game_pnl > 0 (decisive only),COMPATIBILITY_ONLY_NOT_PRODUCTION,9698.3969,8760.0589,482.2493,1012,1012,-0.04972464,,-0.04972464,-0.04972464,-482.2493,9698.3969,OK,0.0000,19.2900,4.0000,96.0000,AG03-UNRESOLVED,ALL5_LEVELS_bet23_to_bet27,19.2900,19.2900,19.2900,19.2900,19.2900,4.000000,4.000000,4.000000,4.000000,4.000000,96.000000,96.000000,96.000000,96.000000,96.000000,5.0,96.4499,89.0364,385.7994,393.2129,PENDING_AG03,FALSE,NOT_FOR_ENFORCEMENT,462.9593,8409.6566,482.2493,462.9593,19.2900,0.04972464,0.04773565,19.2900,462.9593,0.04773565,19.2900,19.2900,19.2900,19.2900,19.2900,462.9593,0.04773565,96.4499,89.0364,385.7994,393.2129,0.03977971,0.04054411,0.00198899,9.5834,8.6562,0.4765,37.0961,1.0599,746.0305,77.8462,,9.5834,8.0113,10.5412,10.5412,12.6494,13.8722,21.0824,9.1708,0.0,1.315999,2.0,0.909138,29,128,28,2,0E-8,0.04972464,,0E-8,0.000000,0.903248,0.001976,,2026-03-31,2026-05-23,13,455,234,54,0.240741,,,0.000000,,,,,,,,GLOBAL_BASELINE_NO_ENTITY_RANKING,,,NOT_APPLICABLE_GLOBAL_BASELINE,HF9g-P5,,,,X 全窗基线 · 不参与实体赏罚,8393148,840,A168_HF9F_20260827_0900,2026-08-27 09:00:00
2026-04-19,147318574,1985,0,15.6009529231,-6.3247106445,-6.3247106445,0E-7,2,2,0.49324550000000000,0.493245500000,-0.9865810262130424,-0.9865810262130424,-0.9865810262130424,0E-17,ELIGIBLE,R03b_20260811_FULL_v1,L1_ELIGIBILITY,v2026-08-11,2026-03-21..2026-08-06,baccarat_bet02_101_all_pairs_incl_sentinel,round_win = game_pnl > 0 (decisive only),COMPATIBILITY_ONLY_NOT_PRODUCTION,9698.3969,8760.0589,482.2493,1012,1012,-0.04972464,,-0.04972464,-0.04972464,-482.2493,9698.3969,OK,0.0000,19.2900,4.0000,96.0000,AG03-UNRESOLVED,ALL5_LEVELS_bet23_to_bet27,19.2900,19.2900,19.2900,19.2900,19.2900,4.000000,4.000000,4.000000,4.000000,4.000000,96.000000,96.000000,96.000000,96.000000,96.000000,5.0,96.4499,89.0364,385.7994,393.2129,PENDING_AG03,FALSE,NOT_FOR_ENFORCEMENT,462.9593,8409.6566,482.2493,462.9593,19.2900,0.04972464,0.04773565,19.2900,462.9593,0.04773565,19.2900,19.2900,19.2900,19.2900,19.2900,462.9593,0.04773565,96.4499,89.0364,385.7994,393.2129,0.03977971,0.04054411,0.00198899,9.5834,8.6562,0.4765,37.0961,1.0599,746.0305,77.8462,,9.5834,8.0113,10.5412,10.5412,12.6494,13.8722,21.0824,9.1708,0.0,1.315999,2.0,0.909138,29,128,28,2,0E-8,0.04972464,,0E-8,0.000000,0.903248,0.001976,,2026-03-31,2026-05-23,13,455,234,54,0.240741,,,0.000000,,,,,,,,GLOBAL_BASELINE_NO_ENTITY_RANKING,,,NOT_APPLICABLE_GLOBAL_BASELINE,HF9g-P5,,,,X 全窗基线 · 不参与实体赏罚,8393149,840,A168_HF9F_20260827_0900,2026-08-27 09:00:00
2026-04-19,147318574,2077,0,12.6494212890,12.0169502246,12.0169502246,1.0000000,2,2,0.50665070000000000,0.506650700000,1.3955260008387969,1.3955260008387969,1.3955260008387969,0E-17,ELIGIBLE,R03b_20260811_FULL_v1,L1_ELIGIBILITY,v2026-08-11,2026-03-21..2026-08-06,baccarat_bet02_101_all_pairs_incl_sentinel,round_win = game_pnl > 0 (decisive only),COMPATIBILITY_ONLY_NOT_PRODUCTION,9698.3969,8760.0589,482.2493,1012,1012,-0.04972464,,-0.04972464,-0.04972464,-482.2493,9698.3969,OK,0.0000,19.2900,4.0000,96.0000,AG03-UNRESOLVED,ALL5_LEVELS_bet23_to_bet27,19.2900,19.2900,19.2900,19.2900,19.2900,4.000000,4.000000,4.000000,4.000000,4.000000,96.000000,96.000000,96.000000,96.000000,96.000000,5.0,96.4499,89.0364,385.7994,393.2129,PENDING_AG03,FALSE,NOT_FOR_ENFORCEMENT,462.9593,8409.6566,482.2493,462.9593,19.2900,0.04972464,0.04773565,19.2900,462.9593,0.04773565,19.2900,19.2900,19.2900,19.2900,19.2900,462.9593,0.04773565,96.4499,89.0364,385.7994,393.2129,0.03977971,0.04054411,0.00198899,9.5834,8.6562,0.4765,37.0961,1.0599,746.0305,77.8462,,9.5834,8.0113,10.5412,10.5412,12.6494,13.8722,21.0824,9.1708,0.0,1.315999,2.0,0.909138,29,128,28,2,0E-8,0.04972464,,0E-8,0.000000,0.903248,0.001976,,2026-03-31,2026-05-23,13,455,234,54,0.240741,,,0.000000,,,,,,,,GLOBAL_BASELINE_NO_ENTITY_RANKING,,,NOT_APPLICABLE_GLOBAL_BASELINE,HF9g-P5,,,,X 全窗基线 · 不参与实体赏罚,8393150,840,A168_HF9F_20260827_0900,2026-08-27 09:00:00
2026-04-19,147318574,2101,0,6.3247106445,6.0084751123,6.0084751123,1.0000000,1,1,0.50665070000000000,0.506650700000,0.9867858985152569,0.9867858985152569,0.9867858985152569,0E-17,ELIGIBLE,R03b_20260811_FULL_v1,L1_ELIGIBILITY,v2026-08-11,2026-03-21..2026-08-06,baccarat_bet02_101_all_pairs_incl_sentinel,round_win = game_pnl > 0 (decisive only),COMPATIBILITY_ONLY_NOT_PRODUCTION,9698.3969,8760.0589,482.2493,1012,1012,-0.04972464,,-0.04972464,-0.04972464,-482.2493,9698.3969,OK,0.0000,19.2900,4.0000,96.0000,AG03-UNRESOLVED,ALL5_LEVELS_bet23_to_bet27,19.2900,19.2900,19.2900,19.2900,19.2900,4.000000,4.000000,4.000000,4.000000,4.000000,96.000000,96.000000,96.000000,96.000000,96.000000,5.0,96.4499,89.0364,385.7994,393.2129,PENDING_AG03,FALSE,NOT_FOR_ENFORCEMENT,462.9593,8409.6566,482.2493,462.9593,19.2900,0.04972464,0.04773565,19.2900,462.9593,0.04773565,19.2900,19.2900,19.2900,19.2900,19.2900,462.9593,0.04773565,96.4499,89.0364,385.7994,393.2129,0.03977971,0.04054411,0.00198899,9.5834,8.6562,0.4765,37.0961,1.0599,746.0305,77.8462,,9.5834,8.0113,10.5412,10.5412,12.6494,13.8722,21.0824,9.1708,0.0,1.315999,2.0,0.909138,29,128,28,2,0E-8,0.04972464,,0E-8,0.000000,0.903248,0.001976,,2026-03-31,2026-05-23,13,455,234,54,0.240741,,,0.000000,,,,,,,,GLOBAL_BASELINE_NO_ENTITY_RANKING,,,NOT_APPLICABLE_GLOBAL_BASELINE,HF9g-P5,,,,X 全窗基线 · 不参与实体赏罚,8393151,840,A168_HF9F_20260827_0900,2026-08-27 09:00:00
2026-04-19,147318574,2122,0,40.0565007485,-7.1680053971,-7.1680053971,0.3333333,3,3,0.50665070000000000,0.506650700000,-0.6004420894325239,-0.6004420894325239,-0.6004420894325239,0E-17,ELIGIBLE,R03b_20260811_FULL_v1,L1_ELIGIBILITY,v2026-08-11,2026-03-21..2026-08-06,baccarat_bet02_101_all_pairs_incl_sentinel,round_win = game_pnl > 0 (decisive only),COMPATIBILITY_ONLY_NOT_PRODUCTION,9698.3969,8760.0589,482.2493,1012,1012,-0.04972464,,-0.04972464,-0.04972464,-482.2493,9698.3969,OK,0.0000,19.2900,4.0000,96.0000,AG03-UNRESOLVED,ALL5_LEVELS_bet23_to_bet27,19.2900,19.2900,19.2900,19.2900,19.2900,4.000000,4.000000,4.000000,4.000000,4.000000,96.000000,96.000000,96.000000,96.000000,96.000000,5.0,96.4499,89.0364,385.7994,393.2129,PENDING_AG03,FALSE,NOT_FOR_ENFORCEMENT,462.9593,8409.6566,482.2493,462.9593,19.2900,0.04972464,0.04773565,19.2900,462.9593,0.04773565,19.2900,19.2900,19.2900,19.2900,19.2900,462.9593,0.04773565,96.4499,89.0364,385.7994,393.2129,0.03977971,0.04054411,0.00198899,9.5834,8.6562,0.4765,37.0961,1.0599,746.0305,77.8462,,9.5834,8.0113,10.5412,10.5412,12.6494,13.8722,21.0824,9.1708,0.0,1.315999,2.0,0.909138,29,128,28,2,0E-8,0.04972464,,0E-8,0.000000,0.903248,0.001976,,2026-03-31,2026-05-23,13,455,234,54,0.240741,,,0.000000,,,,,,,,GLOBAL_BASELINE_NO_ENTITY_RANKING,,,NOT_APPLICABLE_GLOBAL_BASELINE,HF9g-P5,,,,X 全窗基线 · 不参与实体赏罚,8393152,840,A168_HF9F_20260827_0900,2026-08-27 09:00:00
2026-04-19,147318574,2127,0,8.4329475260,8.4329475260,8.4329475260,1.0000000,1,1,0.49324550000000000,0.493245500000,1.01360149184955,1.01360149184955,1.01360149184955,0E-17,ELIGIBLE,R03b_20260811_FULL_v1,L1_ELIGIBILITY,v2026-08-11,2026-03-21..2026-08-06,baccarat_bet02_101_all_pairs_incl_sentinel,round_win = game_pnl > 0 (decisive only),COMPATIBILITY_ONLY_NOT_PRODUCTION,9698.3969,8760.0589,482.2493,1012,1012,-0.04972464,,-0.04972464,-0.04972464,-482.2493,9698.3969,OK,0.0000,19.2900,4.0000,96.0000,AG03-UNRESOLVED,ALL5_LEVELS_bet23_to_bet27,19.2900,19.2900,19.2900,19.2900,19.2900,4.000000,4.000000,4.000000,4.000000,4.000000,96.000000,96.000000,96.000000,96.000000,96.000000,5.0,96.4499,89.0364,385.7994,393.2129,PENDING_AG03,FALSE,NOT_FOR_ENFORCEMENT,462.9593,8409.6566,482.2493,462.9593,19.2900,0.04972464,0.04773565,19.2900,462.9593,0.04773565,19.2900,19.2900,19.2900,19.2900,19.2900,462.9593,0.04773565,96.4499,89.0364,385.7994,393.2129,0.03977971,0.04054411,0.00198899,9.5834,8.6562,0.4765,37.0961,1.0599,746.0305,77.8462,,9.5834,8.0113,10.5412,10.5412,12.6494,13.8722,21.0824,9.1708,0.0,1.315999,2.0,0.909138,29,128,28,2,0E-8,0.04972464,,0E-8,0.000000,0.903248,0.001976,,2026-03-31,2026-05-23,13,455,234,54,0.240741,,,0.000000,,,,,,,,GLOBAL_BASELINE_NO_ENTITY_RANKING,,,NOT_APPLICABLE_GLOBAL_BASELINE,HF9g-P5,,,,X 全窗基线 · 不参与实体赏罚,8393153,840,A168_HF9F_20260827_0900,2026-08-27 09:00:00
2026-04-19,147318574,2134,0,4.2164737630,0E-10,0E-10,,1,1,0.49324550000000000,0.493245500000,,,,0E-17,NO_DECISIVE_ROUND,R03b_20260811_FULL_v1,L1_ELIGIBILITY,v2026-08-11,2026-03-21..2026-08-06,baccarat_bet02_101_all_pairs_incl_sentinel,round_win = game_pnl > 0 (decisive only),COMPATIBILITY_ONLY_NOT_PRODUCTION,9698.3969,8760.0589,482.2493,1012,1012,-0.04972464,,-0.04972464,-0.04972464,-482.2493,9698.3969,OK,0.0000,19.2900,4.0000,96.0000,AG03-UNRESOLVED,ALL5_LEVELS_bet23_to_bet27,19.2900,19.2900,19.2900,19.2900,19.2900,4.000000,4.000000,4.000000,4.000000,4.000000,96.000000,96.000000,96.000000,96.000000,96.000000,5.0,96.4499,89.0364,385.7994,393.2129,PENDING_AG03,FALSE,NOT_FOR_ENFORCEMENT,462.9593,8409.6566,482.2493,462.9593,19.2900,0.04972464,0.04773565,19.2900,462.9593,0.04773565,19.2900,19.2900,19.2900,19.2900,19.2900,462.9593,0.04773565,96.4499,89.0364,385.7994,393.2129,0.03977971,0.04054411,0.00198899,9.5834,8.6562,0.4765,37.0961,1.0599,746.0305,77.8462,,9.5834,8.0113,10.5412,10.5412,12.6494,13.8722,21.0824,9.1708,0.0,1.315999,2.0,0.909138,29,128,28,2,0E-8,0.04972464,,0E-8,0.000000,0.903248,0.001976,,2026-03-31,2026-05-23,13,455,234,54,0.240741,,,0.000000,,,,,,,,GLOBAL_BASELINE_NO_ENTITY_RANKING,,,NOT_APPLICABLE_GLOBAL_BASELINE,HF9g-P5,,,,X 全窗基线 · 不参与实体赏罚,8393154,840,A168_HF9F_20260827_0900,2026-08-27 09:00:00
2026-04-19,147318574,2153,0,21.2931925031,-13.0710686653,-13.0710686653,0E-7,3,3,0.50218230000000000,0.502182300000,-1.4203995680682369,-1.4203995680682369,-1.4203995680682369,0E-17,ELIGIBLE,R03b_20260811_FULL_v1,L1_ELIGIBILITY,v2026-08-11,2026-03-21..2026-08-06,baccarat_bet02_101_all_pairs_incl_sentinel,round_win = game_pnl > 0 (decisive only),COMPATIBILITY_ONLY_NOT_PRODUCTION,9698.3969,8760.0589,482.2493,1012,1012,-0.04972464,,-0.04972464,-0.04972464,-482.2493,9698.3969,OK,0.0000,19.2900,4.0000,96.0000,AG03-UNRESOLVED,ALL5_LEVELS_bet23_to_bet27,19.2900,19.2900,19.2900,19.2900,19.2900,4.000000,4.000000,4.000000,4.000000,4.000000,96.000000,96.000000,96.000000,96.000000,96.000000,5.0,96.4499,89.0364,385.7994,393.2129,PENDING_AG03,FALSE,NOT_FOR_ENFORCEMENT,462.9593,8409.6566,482.2493,462.9593,19.2900,0.04972464,0.04773565,19.2900,462.9593,0.04773565,19.2900,19.2900,19.2900,19.2900,19.2900,462.9593,0.04773565,96.4499,89.0364,385.7994,393.2129,0.03977971,0.04054411,0.00198899,9.5834,8.6562,0.4765,37.0961,1.0599,746.0305,77.8462,,9.5834,8.0113,10.5412,10.5412,12.6494,13.8722,21.0824,9.1708,0.0,1.315999,2.0,0.909138,29,128,28,2,0E-8,0.04972464,,0E-8,0.000000,0.903248,0.001976,,2026-03-31,2026-05-23,13,455,234,54,0.240741,,,0.000000,,,,,,,,GLOBAL_BASELINE_NO_ENTITY_RANKING,,,NOT_APPLICABLE_GLOBAL_BASELINE,HF9g-P5,,,,X 全窗基线 · 不参与实体赏罚,8393155,840,A168_HF9F_20260827_0900,2026-08-27 09:00:00
2026-04-19,147318574,2170,0,10.5411844075,10.5411844075,10.5411844075,1.0000000,1,1,0.49324550000000000,0.493245500000,1.01360149184955,1.01360149184955,1.01360149184955,0E-17,ELIGIBLE,R03b_20260811_FULL_v1,L1_ELIGIBILITY,v2026-08-11,2026-03-21..2026-08-06,baccarat_bet02_101_all_pairs_incl_sentinel,round_win = game_pnl > 0 (decisive only),COMPATIBILITY_ONLY_NOT_PRODUCTION,9698.3969,8760.0589,482.2493,1012,1012,-0.04972464,,-0.04972464,-0.04972464,-482.2493,9698.3969,OK,0.0000,19.2900,4.0000,96.0000,AG03-UNRESOLVED,ALL5_LEVELS_bet23_to_bet27,19.2900,19.2900,19.2900,19.2900,19.2900,4.000000,4.000000,4.000000,4.000000,4.000000,96.000000,96.000000,96.000000,96.000000,96.000000,5.0,96.4499,89.0364,385.7994,393.2129,PENDING_AG03,FALSE,NOT_FOR_ENFORCEMENT,462.9593,8409.6566,482.2493,462.9593,19.2900,0.04972464,0.04773565,19.2900,462.9593,0.04773565,19.2900,19.2900,19.2900,19.2900,19.2900,462.9593,0.04773565,96.4499,89.0364,385.7994,393.2129,0.03977971,0.04054411,0.00198899,9.5834,8.6562,0.4765,37.0961,1.0599,746.0305,77.8462,,9.5834,8.0113,10.5412,10.5412,12.6494,13.8722,21.0824,9.1708,0.0,1.315999,2.0,0.909138,29,128,28,2,0E-8,0.04972464,,0E-8,0.000000,0.903248,0.001976,,2026-03-31,2026-05-23,13,455,234,54,0.240741,,,0.000000,,,,,,,,GLOBAL_BASELINE_NO_ENTITY_RANKING,,,NOT_APPLICABLE_GLOBAL_BASELINE,HF9g-P5,,,,X 全窗基线 · 不参与实体赏罚,8393156,840,A168_HF9F_20260827_0900,2026-08-27 09:00:00
2026-04-19,147318574,2202,0,6.3247106445,6.0084751123,6.0084751123,1.0000000,1,1,0.50665070000000000,0.506650700000,0.9867858985152569,0.9867858985152569,0.9867858985152569,0E-17,ELIGIBLE,R03b_20260811_FULL_v1,L1_ELIGIBILITY,v2026-08-11,2026-03-21..2026-08-06,baccarat_bet02_101_all_pairs_incl_sentinel,round_win = game_pnl > 0 (decisive only),COMPATIBILITY_ONLY_NOT_PRODUCTION,9698.3969,8760.0589,482.2493,1012,1012,-0.04972464,,-0.04972464,-0.04972464,-482.2493,9698.3969,OK,0.0000,19.2900,4.0000,96.0000,AG03-UNRESOLVED,ALL5_LEVELS_bet23_to_bet27,19.2900,19.2900,19.2900,19.2900,19.2900,4.000000,4.000000,4.000000,4.000000,4.000000,96.000000,96.000000,96.000000,96.000000,96.000000,5.0,96.4499,89.0364,385.7994,393.2129,PENDING_AG03,FALSE,NOT_FOR_ENFORCEMENT,462.9593,8409.6566,482.2493,462.9593,19.2900,0.04972464,0.04773565,19.2900,462.9593,0.04773565,19.2900,19.2900,19.2900,19.2900,19.2900,462.9593,0.04773565,96.4499,89.0364,385.7994,393.2129,0.03977971,0.04054411,0.00198899,9.5834,8.6562,0.4765,37.0961,1.0599,746.0305,77.8462,,9.5834,8.0113,10.5412,10.5412,12.6494,13.8722,21.0824,9.1708,0.0,1.315999,2.0,0.909138,29,128,28,2,0E-8,0.04972464,,0E-8,0.000000,0.903248,0.001976,,2026-03-31,2026-05-23,13,455,234,54,0.240741,,,0.000000,,,,,,,,GLOBAL_BASELINE_NO_ENTITY_RANKING,,,NOT_APPLICABLE_GLOBAL_BASELINE,HF9g-P5,,,,X 全窗基线 · 不参与实体赏罚,8393157,840,A168_HF9F_20260827_0900,2026-08-27 09:00:00
2026-04-19,147318574,2212,0,16.4442476756,1.2333185757,1.2333185757,0.5000000,2,2,0.49994810000000000,0.499948100000,0.00014679536856514622,0.00014679536856514622,0.00014679536856514622,0E-17,ELIGIBLE,R03b_20260811_FULL_v1,L1_ELIGIBILITY,v2026-08-11,2026-03-21..2026-08-06,baccarat_bet02_101_all_pairs_incl_sentinel,round_win = game_pnl > 0 (decisive only),COMPATIBILITY_ONLY_NOT_PRODUCTION,9698.3969,8760.0589,482.2493,1012,1012,-0.04972464,,-0.04972464,-0.04972464,-482.2493,9698.3969,OK,0.0000,19.2900,4.0000,96.0000,AG03-UNRESOLVED,ALL5_LEVELS_bet23_to_bet27,19.2900,19.2900,19.2900,19.2900,19.2900,4.000000,4.000000,4.000000,4.000000,4.000000,96.000000,96.000000,96.000000,96.000000,96.000000,5.0,96.4499,89.0364,385.7994,393.2129,PENDING_AG03,FALSE,NOT_FOR_ENFORCEMENT,462.9593,8409.6566,482.2493,462.9593,19.2900,0.04972464,0.04773565,19.2900,462.9593,0.04773565,19.2900,19.2900,19.2900,19.2900,19.2900,462.9593,0.04773565,96.4499,89.0364,385.7994,393.2129,0.03977971,0.04054411,0.00198899,9.5834,8.6562,0.4765,37.0961,1.0599,746.0305,77.8462,,9.5834,8.0113,10.5412,10.5412,12.6494,13.8722,21.0824,9.1708,0.0,1.315999,2.0,0.909138,29,128,28,2,0E-8,0.04972464,,0E-8,0.000000,0.903248,0.001976,,2026-03-31,2026-05-23,13,455,234,54,0.240741,,,0.000000,,,,,,,,GLOBAL_BASELINE_NO_ENTITY_RANKING,,,NOT_APPLICABLE_GLOBAL_BASELINE,HF9g-P5,,,,X 全窗基线 · 不参与实体赏罚,8393158,840,A168_HF9F_20260827_0900,2026-08-27 09:00:00
2026-04-19,147318574,2239,0,6.3247106445,6.0084751123,6.0084751123,1.0000000,1,1,0.50665070000000000,0.506650700000,0.9867858985152569,0.9867858985152569,0.9867858985152569,0E-17,ELIGIBLE,R03b_20260811_FULL_v1,L1_ELIGIBILITY,v2026-08-11,2026-03-21..2026-08-06,baccarat_bet02_101_all_pairs_incl_sentinel,round_win = game_pnl > 0 (decisive only),COMPATIBILITY_ONLY_NOT_PRODUCTION,9698.3969,8760.0589,482.2493,1012,1012,-0.04972464,,-0.04972464,-0.04972464,-482.2493,9698.3969,OK,0.0000,19.2900,4.0000,96.0000,AG03-UNRESOLVED,ALL5_LEVELS_bet23_to_bet27,19.2900,19.2900,19.2900,19.2900,19.2900,4.000000,4.000000,4.000000,4.000000,4.000000,96.000000,96.000000,96.000000,96.000000,96.000000,5.0,96.4499,89.0364,385.7994,393.2129,PENDING_AG03,FALSE,NOT_FOR_ENFORCEMENT,462.9593,8409.6566,482.2493,462.9593,19.2900,0.04972464,0.04773565,19.2900,462.9593,0.04773565,19.2900,19.2900,19.2900,19.2900,19.2900,462.9593,0.04773565,96.4499,89.0364,385.7994,393.2129,0.03977971,0.04054411,0.00198899,9.5834,8.6562,0.4765,37.0961,1.0599,746.0305,77.8462,,9.5834,8.0113,10.5412,10.5412,12.6494,13.8722,21.0824,9.1708,0.0,1.315999,2.0,0.909138,29,128,28,2,0E-8,0.04972464,,0E-8,0.000000,0.903248,0.001976,,2026-03-31,2026-05-23,13,455,234,54,0.240741,,,0.000000,,,,,,,,GLOBAL_BASELINE_NO_ENTITY_RANKING,,,NOT_APPLICABLE_GLOBAL_BASELINE,HF9g-P5,,,,X 全窗基线 · 不参与实体赏罚,8393159,840,A168_HF9F_20260827_0900,2026-08-27 09:00:00
2026-04-19,147318574,2252,0,26.7746083950,13.4400101196,13.4400101196,0.7500000,4,4,0.50329940000000000,0.503299400000,0.9868238854431842,0.9868238854431842,0.9868238854431842,0E-17,ELIGIBLE,R03b_20260811_FULL_v1,L1_ELIGIBILITY,v2026-08-11,2026-03-21..2026-08-06,baccarat_bet02_101_all_pairs_incl_sentinel,round_win = game_pnl > 0 (decisive only),COMPATIBILITY_ONLY_NOT_PRODUCTION,9698.3969,8760.0589,482.2493,1012,1012,-0.04972464,,-0.04972464,-0.04972464,-482.2493,9698.3969,OK,0.0000,19.2900,4.0000,96.0000,AG03-UNRESOLVED,ALL5_LEVELS_bet23_to_bet27,19.2900,19.2900,19.2900,19.2900,19.2900,4.000000,4.000000,4.000000,4.000000,4.000000,96.000000,96.000000,96.000000,96.000000,96.000000,5.0,96.4499,89.0364,385.7994,393.2129,PENDING_AG03,FALSE,NOT_FOR_ENFORCEMENT,462.9593,8409.6566,482.2493,462.9593,19.2900,0.04972464,0.04773565,19.2900,462.9593,0.04773565,19.2900,19.2900,19.2900,19.2900,19.2900,462.9593,0.04773565,96.4499,89.0364,385.7994,393.2129,0.03977971,0.04054411,0.00198899,9.5834,8.6562,0.4765,37.0961,1.0599,746.0305,77.8462,,9.5834,8.0113,10.5412,10.5412,12.6494,13.8722,21.0824,9.1708,0.0,1.315999,2.0,0.909138,29,128,28,2,0E-8,0.04972464,,0E-8,0.000000,0.903248,0.001976,,2026-03-31,2026-05-23,13,455,234,54,0.240741,,,0.000000,,,,,,,,GLOBAL_BASELINE_NO_ENTITY_RANKING,,,NOT_APPLICABLE_GLOBAL_BASELINE,HF9g-P5,,,,X 全窗基线 · 不参与实体赏罚,8393160,840,A168_HF9F_20260827_0900,2026-08-27 09:00:00
2026-04-19,147318574,2254,0,8.4329475260,8.0113001497,8.0113001497,1.0000000,1,1,0.50665070000000000,0.506650700000,0.9867858985152569,0.9867858985152569,0.9867858985152569,0E-17,ELIGIBLE,R03b_20260811_FULL_v1,L1_ELIGIBILITY,v2026-08-11,2026-03-21..2026-08-06,baccarat_bet02_101_all_pairs_incl_sentinel,round_win = game_pnl > 0 (decisive only),COMPATIBILITY_ONLY_NOT_PRODUCTION,9698.3969,8760.0589,482.2493,1012,1012,-0.04972464,,-0.04972464,-0.04972464,-482.2493,9698.3969,OK,0.0000,19.2900,4.0000,96.0000,AG03-UNRESOLVED,ALL5_LEVELS_bet23_to_bet27,19.2900,19.2900,19.2900,19.2900,19.2900,4.000000,4.000000,4.000000,4.000000,4.000000,96.000000,96.000000,96.000000,96.000000,96.000000,5.0,96.4499,89.0364,385.7994,393.2129,PENDING_AG03,FALSE,NOT_FOR_ENFORCEMENT,462.9593,8409.6566,482.2493,462.9593,19.2900,0.04972464,0.04773565,19.2900,462.9593,0.04773565,19.2900,19.2900,19.2900,19.2900,19.2900,462.9593,0.04773565,96.4499,89.0364,385.7994,393.2129,0.03977971,0.04054411,0.00198899,9.5834,8.6562,0.4765,37.0961,1.0599,746.0305,77.8462,,9.5834,8.0113,10.5412,10.5412,12.6494,13.8722,21.0824,9.1708,0.0,1.315999,2.0,0.909138,29,128,28,2,0E-8,0.04972464,,0E-8,0.000000,0.903248,0.001976,,2026-03-31,2026-05-23,13,455,234,54,0.240741,,,0.000000,,,,,,,,GLOBAL_BASELINE_NO_ENTITY_RANKING,,,NOT_APPLICABLE_GLOBAL_BASELINE,HF9g-P5,,,,X 全窗基线 · 不参与实体赏罚,8393161,840,A168_HF9F_20260827_0900,2026-08-27 09:00:00
2026-04-19,147318574,2258,0,27.4070794595,0E-10,0E-10,0.5000000,3,3,0.49324550000000000,0.493245500000,0.01910635448239258,0.01910635448239258,0.01910635448239258,0E-17,ELIGIBLE,R03b_20260811_FULL_v1,L1_ELIGIBILITY,v2026-08-11,2026-03-21..2026-08-06,baccarat_bet02_101_all_pairs_incl_sentinel,round_win = game_pnl > 0 (decisive only),COMPATIBILITY_ONLY_NOT_PRODUCTION,9698.3969,8760.0589,482.2493,1012,1012,-0.04972464,,-0.04972464,-0.04972464,-482.2493,9698.3969,OK,0.0000,19.2900,4.0000,96.0000,AG03-UNRESOLVED,ALL5_LEVELS_bet23_to_bet27,19.2900,19.2900,19.2900,19.2900,19.2900,4.000000,4.000000,4.000000,4.000000,4.000000,96.000000,96.000000,96.000000,96.000000,96.000000,5.0,96.4499,89.0364,385.7994,393.2129,PENDING_AG03,FALSE,NOT_FOR_ENFORCEMENT,462.9593,8409.6566,482.2493,462.9593,19.2900,0.04972464,0.04773565,19.2900,462.9593,0.04773565,19.2900,19.2900,19.2900,19.2900,19.2900,462.9593,0.04773565,96.4499,89.0364,385.7994,393.2129,0.03977971,0.04054411,0.00198899,9.5834,8.6562,0.4765,37.0961,1.0599,746.0305,77.8462,,9.5834,8.0113,10.5412,10.5412,12.6494,13.8722,21.0824,9.1708,0.0,1.315999,2.0,0.909138,29,128,28,2,0E-8,0.04972464,,0E-8,0.000000,0.903248,0.001976,,2026-03-31,2026-05-23,13,455,234,54,0.240741,,,0.000000,,,,,,,,GLOBAL_BASELINE_NO_ENTITY_RANKING,,,NOT_APPLICABLE_GLOBAL_BASELINE,HF9g-P5,,,,X 全窗基线 · 不参与实体赏罚,8393162,840,A168_HF9F_20260827_0900,2026-08-27 09:00:00
2026-04-19,147318574,2267,0,13.4927160416,0.8432947526,0.8432947526,0.5000000,2,2,0.49324550000000000,0.493245500000,0.01910635448239258,0.01910635448239258,0.01910635448239258,0E-17,ELIGIBLE,R03b_20260811_FULL_v1,L1_ELIGIBILITY,v2026-08-11,2026-03-21..2026-08-06,baccarat_bet02_101_all_pairs_incl_sentinel,round_win = game_pnl > 0 (decisive only),COMPATIBILITY_ONLY_NOT_PRODUCTION,9698.3969,8760.0589,482.2493,1012,1012,-0.04972464,,-0.04972464,-0.04972464,-482.2493,9698.3969,OK,0.0000,19.2900,4.0000,96.0000,AG03-UNRESOLVED,ALL5_LEVELS_bet23_to_bet27,19.2900,19.2900,19.2900,19.2900,19.2900,4.000000,4.000000,4.000000,4.000000,4.000000,96.000000,96.000000,96.000000,96.000000,96.000000,5.0,96.4499,89.0364,385.7994,393.2129,PENDING_AG03,FALSE,NOT_FOR_ENFORCEMENT,462.9593,8409.6566,482.2493,462.9593,19.2900,0.04972464,0.04773565,19.2900,462.9593,0.04773565,19.2900,19.2900,19.2900,19.2900,19.2900,462.9593,0.04773565,96.4499,89.0364,385.7994,393.2129,0.03977971,0.04054411,0.00198899,9.5834,8.6562,0.4765,37.0961,1.0599,746.0305,77.8462,,9.5834,8.0113,10.5412,10.5412,12.6494,13.8722,21.0824,9.1708,0.0,1.315999,2.0,0.909138,29,128,28,2,0E-8,0.04972464,,0E-8,0.000000,0.903248,0.001976,,2026-03-31,2026-05-23,13,455,234,54,0.240741,,,0.000000,,,,,,,,GLOBAL_BASELINE_NO_ENTITY_RANKING,,,NOT_APPLICABLE_GLOBAL_BASELINE,HF9g-P5,,,,X 全窗基线 · 不参与实体赏罚,8393163,840,A168_HF9F_20260827_0900,2026-08-27 09:00:00
2026-04-19,147318574,948,0,76.9506461747,-64.3012248857,-64.3012248857,0E-7,7,7,0.49324550000000000,0.493245500000,-2.4166201041333495,-2.416620104133349,-2.4166201041333495,0E-17,ELIGIBLE,R03b_20260811_FULL_v1,L1_ELIGIBILITY,v2026-08-11,2026-03-21..2026-08-06,baccarat_bet02_101_all_pairs_incl_sentinel,round_win = game_pnl > 0 (decisive only),COMPATIBILITY_ONLY_NOT_PRODUCTION,9698.3969,8760.0589,482.2493,1012,1012,-0.04972464,,-0.04972464,-0.04972464,-482.2493,9698.3969,OK,0.0000,19.2900,4.0000,96.0000,AG03-UNRESOLVED,ALL5_LEVELS_bet23_to_bet27,19.2900,19.2900,19.2900,19.2900,19.2900,4.000000,4.000000,4.000000,4.000000,4.000000,96.000000,96.000000,96.000000,96.000000,96.000000,5.0,96.4499,89.0364,385.7994,393.2129,PENDING_AG03,FALSE,NOT_FOR_ENFORCEMENT,462.9593,8409.6566,482.2493,462.9593,19.2900,0.04972464,0.04773565,19.2900,462.9593,0.04773565,19.2900,19.2900,19.2900,19.2900,19.2900,462.9593,0.04773565,96.4499,89.0364,385.7994,393.2129,0.03977971,0.04054411,0.00198899,9.5834,8.6562,0.4765,37.0961,1.0599,746.0305,77.8462,,9.5834,8.0113,10.5412,10.5412,12.6494,13.8722,21.0824,9.1708,0.0,1.315999,2.0,0.909138,29,128,28,2,0E-8,0.04972464,,0E-8,0.000000,0.903248,0.001976,,2026-03-31,2026-05-23,13,455,234,54,0.240741,,,0.000000,,,,,,,,GLOBAL_BASELINE_NO_ENTITY_RANKING,,,NOT_APPLICABLE_GLOBAL_BASELINE,HF9g-P5,,,,X 全窗基线 · 不参与实体赏罚,8393164,840,A168_HF9F_20260827_0900,2026-08-27 09:00:00
2026-04-19,147318574,986,0,10.5411844075,-10.5411844075,-10.5411844075,0E-7,1,1,0.50665070000000000,0.506650700000,-1.013391052207602,-1.013391052207602,-1.013391052207602,0E-17,ELIGIBLE,R03b_20260811_FULL_v1,L1_ELIGIBILITY,v2026-08-11,2026-03-21..2026-08-06,baccarat_bet02_101_all_pairs_incl_sentinel,round_win = game_pnl > 0 (decisive only),COMPATIBILITY_ONLY_NOT_PRODUCTION,9698.3969,8760.0589,482.2493,1012,1012,-0.04972464,,-0.04972464,-0.04972464,-482.2493,9698.3969,OK,0.0000,19.2900,4.0000,96.0000,AG03-UNRESOLVED,ALL5_LEVELS_bet23_to_bet27,19.2900,19.2900,19.2900,19.2900,19.2900,4.000000,4.000000,4.000000,4.000000,4.000000,96.000000,96.000000,96.000000,96.000000,96.000000,5.0,96.4499,89.0364,385.7994,393.2129,PENDING_AG03,FALSE,NOT_FOR_ENFORCEMENT,462.9593,8409.6566,482.2493,462.9593,19.2900,0.04972464,0.04773565,19.2900,462.9593,0.04773565,19.2900,19.2900,19.2900,19.2900,19.2900,462.9593,0.04773565,96.4499,89.0364,385.7994,393.2129,0.03977971,0.04054411,0.00198899,9.5834,8.6562,0.4765,37.0961,1.0599,746.0305,77.8462,,9.5834,8.0113,10.5412,10.5412,12.6494,13.8722,21.0824,9.1708,0.0,1.315999,2.0,0.909138,29,128,28,2,0E-8,0.04972464,,0E-8,0.000000,0.903248,0.001976,,2026-03-31,2026-05-23,13,455,234,54,0.240741,,,0.000000,,,,,,,,GLOBAL_BASELINE_NO_ENTITY_RANKING,,,NOT_APPLICABLE_GLOBAL_BASELINE,HF9g-P5,,,,X 全窗基线 · 不参与实体赏罚,8393165,840,A168_HF9F_20260827_0900,2026-08-27 09:00:00
2026-04-19,147318574,994,0,81.5887673140,-41.5322665655,-41.5322665655,0.1666667,7,7,0.49324550000000000,0.493245500000,-1.6000490105185914,-1.600049010518591,-1.6000490105185914,0E-17,ELIGIBLE,R03b_20260811_FULL_v1,L1_ELIGIBILITY,v2026-08-11,2026-03-21..2026-08-06,baccarat_bet02_101_all_pairs_incl_sentinel,round_win = game_pnl > 0 (decisive only),COMPATIBILITY_ONLY_NOT_PRODUCTION,9698.3969,8760.0589,482.2493,1012,1012,-0.04972464,,-0.04972464,-0.04972464,-482.2493,9698.3969,OK,0.0000,19.2900,4.0000,96.0000,AG03-UNRESOLVED,ALL5_LEVELS_bet23_to_bet27,19.2900,19.2900,19.2900,19.2900,19.2900,4.000000,4.000000,4.000000,4.000000,4.000000,96.000000,96.000000,96.000000,96.000000,96.000000,5.0,96.4499,89.0364,385.7994,393.2129,PENDING_AG03,FALSE,NOT_FOR_ENFORCEMENT,462.9593,8409.6566,482.2493,462.9593,19.2900,0.04972464,0.04773565,19.2900,462.9593,0.04773565,19.2900,19.2900,19.2900,19.2900,19.2900,462.9593,0.04773565,96.4499,89.0364,385.7994,393.2129,0.03977971,0.04054411,0.00198899,9.5834,8.6562,0.4765,37.0961,1.0599,746.0305,77.8462,,9.5834,8.0113,10.5412,10.5412,12.6494,13.8722,21.0824,9.1708,0.0,1.315999,2.0,0.909138,29,128,28,2,0E-8,0.04972464,,0E-8,0.000000,0.903248,0.001976,,2026-03-31,2026-05-23,13,455,234,54,0.240741,,,0.000000,,,,,,,,GLOBAL_BASELINE_NO_ENTITY_RANKING,,,NOT_APPLICABLE_GLOBAL_BASELINE,HF9g-P5,,,,X 全窗基线 · 不参与实体赏罚,8393166,840,A168_HF9F_20260827_0900,2026-08-27 09:00:00
2026-04-23,147318574,-1,1,33.5209664158,11.7007146924,11.7007146924,0.6666667,6,6,0.49771390000000000,0.497713900000,0.8277047895645219,0.8277047895645219,0.8277047895645219,0E-17,SENTINEL_DEALER,R03b_20260811_FULL_v1,L1_ELIGIBILITY,v2026-08-11,2026-03-21..2026-08-06,baccarat_bet02_101_all_pairs_incl_sentinel,round_win = game_pnl > 0 (decisive only),COMPATIBILITY_ONLY_NOT_PRODUCTION,9698.3969,8760.0589,482.2493,1012,1012,-0.04972464,,-0.04972464,-0.04972464,-482.2493,9698.3969,OK,0.0000,19.2900,4.0000,96.0000,AG03-UNRESOLVED,ALL5_LEVELS_bet23_to_bet27,19.2900,19.2900,19.2900,19.2900,19.2900,4.000000,4.000000,4.000000,4.000000,4.000000,96.000000,96.000000,96.000000,96.000000,96.000000,5.0,96.4499,89.0364,385.7994,393.2129,PENDING_AG03,FALSE,NOT_FOR_ENFORCEMENT,462.9593,8409.6566,482.2493,462.9593,19.2900,0.04972464,0.04773565,19.2900,462.9593,0.04773565,19.2900,19.2900,19.2900,19.2900,19.2900,462.9593,0.04773565,96.4499,89.0364,385.7994,393.2129,0.03977971,0.04054411,0.00198899,9.5834,8.6562,0.4765,37.0961,1.0599,746.0305,77.8462,,9.5834,8.0113,10.5412,10.5412,12.6494,13.8722,21.0824,9.1708,0.0,1.315999,2.0,0.909138,29,128,28,2,0E-8,0.04972464,,0E-8,0.000000,0.903248,0.001976,,2026-03-31,2026-05-23,13,455,234,54,0.240741,,,0.000000,,,,,,,,GLOBAL_BASELINE_NO_ENTITY_RANKING,,,NOT_APPLICABLE_GLOBAL_BASELINE,HF9g-P5,,,,X 全窗基线 · 不参与实体赏罚,8393167,840,A168_HF9F_20260827_0900,2026-08-27 09:00:00
2026-04-23,147318574,1325,0,31.4127295343,-31.4127295343,-31.4127295343,0E-7,5,5,0.49860758000000000,0.498607580000,-2.2298495325838465,-2.2298495325838465,-2.2298495325838465,0E-17,ELIGIBLE,R03b_20260811_FULL_v1,L1_ELIGIBILITY,v2026-08-11,2026-03-21..2026-08-06,baccarat_bet02_101_all_pairs_incl_sentinel,round_win = game_pnl > 0 (decisive only),COMPATIBILITY_ONLY_NOT_PRODUCTION,9698.3969,8760.0589,482.2493,1012,1012,-0.04972464,,-0.04972464,-0.04972464,-482.2493,9698.3969,OK,0.0000,19.2900,4.0000,96.0000,AG03-UNRESOLVED,ALL5_LEVELS_bet23_to_bet27,19.2900,19.2900,19.2900,19.2900,19.2900,4.000000,4.000000,4.000000,4.000000,4.000000,96.000000,96.000000,96.000000,96.000000,96.000000,5.0,96.4499,89.0364,385.7994,393.2129,PENDING_AG03,FALSE,NOT_FOR_ENFORCEMENT,462.9593,8409.6566,482.2493,462.9593,19.2900,0.04972464,0.04773565,19.2900,462.9593,0.04773565,19.2900,19.2900,19.2900,19.2900,19.2900,462.9593,0.04773565,96.4499,89.0364,385.7994,393.2129,0.03977971,0.04054411,0.00198899,9.5834,8.6562,0.4765,37.0961,1.0599,746.0305,77.8462,,9.5834,8.0113,10.5412,10.5412,12.6494,13.8722,21.0824,9.1708,0.0,1.315999,2.0,0.909138,29,128,28,2,0E-8,0.04972464,,0E-8,0.000000,0.903248,0.001976,,2026-03-31,2026-05-23,13,455,234,54,0.240741,,,0.000000,,,,,,,,GLOBAL_BASELINE_NO_ENTITY_RANKING,,,NOT_APPLICABLE_GLOBAL_BASELINE,HF9g-P5,,,,X 全窗基线 · 不参与实体赏罚,8393168,840,A168_HF9F_20260827_0900,2026-08-27 09:00:00
2026-04-23,147318574,1491,0,6.3247106445,0E-10,0E-10,,1,1,0.49324550000000000,0.493245500000,,,,0E-17,NO_DECISIVE_ROUND,R03b_20260811_FULL_v1,L1_ELIGIBILITY,v2026-08-11,2026-03-21..2026-08-06,baccarat_bet02_101_all_pairs_incl_sentinel,round_win = game_pnl > 0 (decisive only),COMPATIBILITY_ONLY_NOT_PRODUCTION,9698.3969,8760.0589,482.2493,1012,1012,-0.04972464,,-0.04972464,-0.04972464,-482.2493,9698.3969,OK,0.0000,19.2900,4.0000,96.0000,AG03-UNRESOLVED,ALL5_LEVELS_bet23_to_bet27,19.2900,19.2900,19.2900,19.2900,19.2900,4.000000,4.000000,4.000000,4.000000,4.000000,96.000000,96.000000,96.000000,96.000000,96.000000,5.0,96.4499,89.0364,385.7994,393.2129,PENDING_AG03,FALSE,NOT_FOR_ENFORCEMENT,462.9593,8409.6566,482.2493,462.9593,19.2900,0.04972464,0.04773565,19.2900,462.9593,0.04773565,19.2900,19.2900,19.2900,19.2900,19.2900,462.9593,0.04773565,96.4499,89.0364,385.7994,393.2129,0.03977971,0.04054411,0.00198899,9.5834,8.6562,0.4765,37.0961,1.0599,746.0305,77.8462,,9.5834,8.0113,10.5412,10.5412,12.6494,13.8722,21.0824,9.1708,0.0,1.315999,2.0,0.909138,29,128,28,2,0E-8,0.04972464,,0E-8,0.000000,0.903248,0.001976,,2026-03-31,2026-05-23,13,455,234,54,0.240741,,,0.000000,,,,,,,,GLOBAL_BASELINE_NO_ENTITY_RANKING,,,NOT_APPLICABLE_GLOBAL_BASELINE,HF9g-P5,,,,X 全窗基线 · 不参与实体赏罚,8393169,840,A168_HF9F_20260827_0900,2026-08-27 09:00:00
2026-04-23,147318574,1509,0,5.2705922037,5.2705922037,5.2705922037,1.0000000,1,1,0.49324550000000000,0.493245500000,1.01360149184955,1.01360149184955,1.01360149184955,0E-17,ELIGIBLE,R03b_20260811_FULL_v1,L1_ELIGIBILITY,v2026-08-11,2026-03-21..2026-08-06,baccarat_bet02_101_all_pairs_incl_sentinel,round_win = game_pnl > 0 (decisive only),COMPATIBILITY_ONLY_NOT_PRODUCTION,9698.3969,8760.0589,482.2493,1012,1012,-0.04972464,,-0.04972464,-0.04972464,-482.2493,9698.3969,OK,0.0000,19.2900,4.0000,96.0000,AG03-UNRESOLVED,ALL5_LEVELS_bet23_to_bet27,19.2900,19.2900,19.2900,19.2900,19.2900,4.000000,4.000000,4.000000,4.000000,4.000000,96.000000,96.000000,96.000000,96.000000,96.000000,5.0,96.4499,89.0364,385.7994,393.2129,PENDING_AG03,FALSE,NOT_FOR_ENFORCEMENT,462.9593,8409.6566,482.2493,462.9593,19.2900,0.04972464,0.04773565,19.2900,462.9593,0.04773565,19.2900,19.2900,19.2900,19.2900,19.2900,462.9593,0.04773565,96.4499,89.0364,385.7994,393.2129,0.03977971,0.04054411,0.00198899,9.5834,8.6562,0.4765,37.0961,1.0599,746.0305,77.8462,,9.5834,8.0113,10.5412,10.5412,12.6494,13.8722,21.0824,9.1708,0.0,1.315999,2.0,0.909138,29,128,28,2,0E-8,0.04972464,,0E-8,0.000000,0.903248,0.001976,,2026-03-31,2026-05-23,13,455,234,54,0.240741,,,0.000000,,,,,,,,GLOBAL_BASELINE_NO_ENTITY_RANKING,,,NOT_APPLICABLE_GLOBAL_BASELINE,HF9g-P5,,,,X 全窗基线 · 不参与实体赏罚,8393170,840,A168_HF9F_20260827_0900,2026-08-27 09:00:00
2026-04-23,147318574,2103,0,6.3247106445,-6.3247106445,-6.3247106445,0E-7,1,1,0.49324550000000000,0.493245500000,-0.9865810262130424,-0.9865810262130424,-0.9865810262130424,0E-17,ELIGIBLE,R03b_20260811_FULL_v1,L1_ELIGIBILITY,v2026-08-11,2026-03-21..2026-08-06,baccarat_bet02_101_all_pairs_incl_sentinel,round_win = game_pnl > 0 (decisive only),COMPATIBILITY_ONLY_NOT_PRODUCTION,9698.3969,8760.0589,482.2493,1012,1012,-0.04972464,,-0.04972464,-0.04972464,-482.2493,9698.3969,OK,0.0000,19.2900,4.0000,96.0000,AG03-UNRESOLVED,ALL5_LEVELS_bet23_to_bet27,19.2900,19.2900,19.2900,19.2900,19.2900,4.000000,4.000000,4.000000,4.000000,4.000000,96.000000,96.000000,96.000000,96.000000,96.000000,5.0,96.4499,89.0364,385.7994,393.2129,PENDING_AG03,FALSE,NOT_FOR_ENFORCEMENT,462.9593,8409.6566,482.2493,462.9593,19.2900,0.04972464,0.04773565,19.2900,462.9593,0.04773565,19.2900,19.2900,19.2900,19.2900,19.2900,462.9593,0.04773565,96.4499,89.0364,385.7994,393.2129,0.03977971,0.04054411,0.00198899,9.5834,8.6562,0.4765,37.0961,1.0599,746.0305,77.8462,,9.5834,8.0113,10.5412,10.5412,12.6494,13.8722,21.0824,9.1708,0.0,1.315999,2.0,0.909138,29,128,28,2,0E-8,0.04972464,,0E-8,0.000000,0.903248,0.001976,,2026-03-31,2026-05-23,13,455,234,54,0.240741,,,0.000000,,,,,,,,GLOBAL_BASELINE_NO_ENTITY_RANKING,,,NOT_APPLICABLE_GLOBAL_BASELINE,HF9g-P5,,,,X 全窗基线 · 不参与实体赏罚,8393171,840,A168_HF9F_20260827_0900,2026-08-27 09:00:00
2026-04-23,147318574,2212,0,42.5863850063,-25.9313136425,-25.9313136425,0.2000000,6,6,0.50665070000000000,0.506650700000,-1.3715049547573244,-1.3715049547573244,-1.3715049547573244,0E-17,ELIGIBLE,R03b_20260811_FULL_v1,L1_ELIGIBILITY,v2026-08-11,2026-03-21..2026-08-06,baccarat_bet02_101_all_pairs_incl_sentinel,round_win = game_pnl > 0 (decisive only),COMPATIBILITY_ONLY_NOT_PRODUCTION,9698.3969,8760.0589,482.2493,1012,1012,-0.04972464,,-0.04972464,-0.04972464,-482.2493,9698.3969,OK,0.0000,19.2900,4.0000,96.0000,AG03-UNRESOLVED,ALL5_LEVELS_bet23_to_bet27,19.2900,19.2900,19.2900,19.2900,19.2900,4.000000,4.000000,4.000000,4.000000,4.000000,96.000000,96.000000,96.000000,96.000000,96.000000,5.0,96.4499,89.0364,385.7994,393.2129,PENDING_AG03,FALSE,NOT_FOR_ENFORCEMENT,462.9593,8409.6566,482.2493,462.9593,19.2900,0.04972464,0.04773565,19.2900,462.9593,0.04773565,19.2900,19.2900,19.2900,19.2900,19.2900,462.9593,0.04773565,96.4499,89.0364,385.7994,393.2129,0.03977971,0.04054411,0.00198899,9.5834,8.6562,0.4765,37.0961,1.0599,746.0305,77.8462,,9.5834,8.0113,10.5412,10.5412,12.6494,13.8722,21.0824,9.1708,0.0,1.315999,2.0,0.909138,29,128,28,2,0E-8,0.04972464,,0E-8,0.000000,0.903248,0.001976,,2026-03-31,2026-05-23,13,455,234,54,0.240741,,,0.000000,,,,,,,,GLOBAL_BASELINE_NO_ENTITY_RANKING,,,NOT_APPLICABLE_GLOBAL_BASELINE,HF9g-P5,,,,X 全窗基线 · 不参与实体赏罚,8393172,840,A168_HF9F_20260827_0900,2026-08-27 09:00:00
2026-04-24,147318574,-1,1,347.4374380709,-4.9438154870,-4.9438154870,0.4878049,45,45,0.50009704666666667,0.500097046667,-0.1574165685807129,-0.15741656858498163,-0.1574165685807129,-3.3333E-13,SENTINEL_DEALER,R03b_20260811_FULL_v1,L1_ELIGIBILITY,v2026-08-11,2026-03-21..2026-08-06,baccarat_bet02_101_all_pairs_incl_sentinel,round_win = game_pnl > 0 (decisive only),COMPATIBILITY_ONLY_NOT_PRODUCTION,9698.3969,8760.0589,482.2493,1012,1012,-0.04972464,,-0.04972464,-0.04972464,-482.2493,9698.3969,OK,0.0000,19.2900,4.0000,96.0000,AG03-UNRESOLVED,ALL5_LEVELS_bet23_to_bet27,19.2900,19.2900,19.2900,19.2900,19.2900,4.000000,4.000000,4.000000,4.000000,4.000000,96.000000,96.000000,96.000000,96.000000,96.000000,5.0,96.4499,89.0364,385.7994,393.2129,PENDING_AG03,FALSE,NOT_FOR_ENFORCEMENT,462.9593,8409.6566,482.2493,462.9593,19.2900,0.04972464,0.04773565,19.2900,462.9593,0.04773565,19.2900,19.2900,19.2900,19.2900,19.2900,462.9593,0.04773565,96.4499,89.0364,385.7994,393.2129,0.03977971,0.04054411,0.00198899,9.5834,8.6562,0.4765,37.0961,1.0599,746.0305,77.8462,,9.5834,8.0113,10.5412,10.5412,12.6494,13.8722,21.0824,9.1708,0.0,1.315999,2.0,0.909138,29,128,28,2,0E-8,0.04972464,,0E-8,0.000000,0.903248,0.001976,,2026-03-31,2026-05-23,13,455,234,54,0.240741,,,0.000000,,,,,,,,GLOBAL_BASELINE_NO_ENTITY_RANKING,,,NOT_APPLICABLE_GLOBAL_BASELINE,HF9g-P5,,,,X 全窗基线 · 不参与实体赏罚,8393173,840,A168_HF9F_20260827_0900,2026-08-27 09:00:00
2026-04-24,147318574,1115,0,33.7317901040,20.0282503743,20.0282503743,0.8000000,5,5,0.50396966000000000,0.503969660000,1.3239296534401845,1.3239296534401845,1.3239296534401845,0E-17,ELIGIBLE,R03b_20260811_FULL_v1,L1_ELIGIBILITY,v2026-08-11,2026-03-21..2026-08-06,baccarat_bet02_101_all_pairs_incl_sentinel,round_win = game_pnl > 0 (decisive only),COMPATIBILITY_ONLY_NOT_PRODUCTION,9698.3969,8760.0589,482.2493,1012,1012,-0.04972464,,-0.04972464,-0.04972464,-482.2493,9698.3969,OK,0.0000,19.2900,4.0000,96.0000,AG03-UNRESOLVED,ALL5_LEVELS_bet23_to_bet27,19.2900,19.2900,19.2900,19.2900,19.2900,4.000000,4.000000,4.000000,4.000000,4.000000,96.000000,96.000000,96.000000,96.000000,96.000000,5.0,96.4499,89.0364,385.7994,393.2129,PENDING_AG03,FALSE,NOT_FOR_ENFORCEMENT,462.9593,8409.6566,482.2493,462.9593,19.2900,0.04972464,0.04773565,19.2900,462.9593,0.04773565,19.2900,19.2900,19.2900,19.2900,19.2900,462.9593,0.04773565,96.4499,89.0364,385.7994,393.2129,0.03977971,0.04054411,0.00198899,9.5834,8.6562,0.4765,37.0961,1.0599,746.0305,77.8462,,9.5834,8.0113,10.5412,10.5412,12.6494,13.8722,21.0824,9.1708,0.0,1.315999,2.0,0.909138,29,128,28,2,0E-8,0.04972464,,0E-8,0.000000,0.903248,0.001976,,2026-03-31,2026-05-23,13,455,234,54,0.240741,,,0.000000,,,,,,,,GLOBAL_BASELINE_NO_ENTITY_RANKING,,,NOT_APPLICABLE_GLOBAL_BASELINE,HF9g-P5,,,,X 全窗基线 · 不参与实体赏罚,8393174,840,A168_HF9F_20260827_0900,2026-08-27 09:00:00
2026-04-24,147318574,1304,0,41.9539139418,-20.8715451268,-20.8715451268,0.2000000,5,5,0.49324550000000000,0.493245500000,-1.3115534243649334,-1.3115534243649334,-1.3115534243649334,0E-17,ELIGIBLE,R03b_20260811_FULL_v1,L1_ELIGIBILITY,v2026-08-11,2026-03-21..2026-08-06,baccarat_bet02_101_all_pairs_incl_sentinel,round_win = game_pnl > 0 (decisive only),COMPATIBILITY_ONLY_NOT_PRODUCTION,9698.3969,8760.0589,482.2493,1012,1012,-0.04972464,,-0.04972464,-0.04972464,-482.2493,9698.3969,OK,0.0000,19.2900,4.0000,96.0000,AG03-UNRESOLVED,ALL5_LEVELS_bet23_to_bet27,19.2900,19.2900,19.2900,19.2900,19.2900,4.000000,4.000000,4.000000,4.000000,4.000000,96.000000,96.000000,96.000000,96.000000,96.000000,5.0,96.4499,89.0364,385.7994,393.2129,PENDING_AG03,FALSE,NOT_FOR_ENFORCEMENT,462.9593,8409.6566,482.2493,462.9593,19.2900,0.04972464,0.04773565,19.2900,462.9593,0.04773565,19.2900,19.2900,19.2900,19.2900,19.2900,462.9593,0.04773565,96.4499,89.0364,385.7994,393.2129,0.03977971,0.04054411,0.00198899,9.5834,8.6562,0.4765,37.0961,1.0599,746.0305,77.8462,,9.5834,8.0113,10.5412,10.5412,12.6494,13.8722,21.0824,9.1708,0.0,1.315999,2.0,0.909138,29,128,28,2,0E-8,0.04972464,,0E-8,0.000000,0.903248,0.001976,,2026-03-31,2026-05-23,13,455,234,54,0.240741,,,0.000000,,,,,,,,GLOBAL_BASELINE_NO_ENTITY_RANKING,,,NOT_APPLICABLE_GLOBAL_BASELINE,HF9g-P5,,,,X 全窗基线 · 不参与实体赏罚,8393175,840,A168_HF9F_20260827_0900,2026-08-27 09:00:00
2026-04-24,147318574,1318,0,50.8085088441,-22.0310754116,-22.0310754116,0.2857143,7,7,0.50473567142857143,0.504735671429,-1.159004222986255,-1.1590042229885325,-1.159004222986255,-4.2857E-13,ELIGIBLE,R03b_20260811_FULL_v1,L1_ELIGIBILITY,v2026-08-11,2026-03-21..2026-08-06,baccarat_bet02_101_all_pairs_incl_sentinel,round_win = game_pnl > 0 (decisive only),COMPATIBILITY_ONLY_NOT_PRODUCTION,9698.3969,8760.0589,482.2493,1012,1012,-0.04972464,,-0.04972464,-0.04972464,-482.2493,9698.3969,OK,0.0000,19.2900,4.0000,96.0000,AG03-UNRESOLVED,ALL5_LEVELS_bet23_to_bet27,19.2900,19.2900,19.2900,19.2900,19.2900,4.000000,4.000000,4.000000,4.000000,4.000000,96.000000,96.000000,96.000000,96.000000,96.000000,5.0,96.4499,89.0364,385.7994,393.2129,PENDING_AG03,FALSE,NOT_FOR_ENFORCEMENT,462.9593,8409.6566,482.2493,462.9593,19.2900,0.04972464,0.04773565,19.2900,462.9593,0.04773565,19.2900,19.2900,19.2900,19.2900,19.2900,462.9593,0.04773565,96.4499,89.0364,385.7994,393.2129,0.03977971,0.04054411,0.00198899,9.5834,8.6562,0.4765,37.0961,1.0599,746.0305,77.8462,,9.5834,8.0113,10.5412,10.5412,12.6494,13.8722,21.0824,9.1708,0.0,1.315999,2.0,0.909138,29,128,28,2,0E-8,0.04972464,,0E-8,0.000000,0.903248,0.001976,,2026-03-31,2026-05-23,13,455,234,54,0.240741,,,0.000000,,,,,,,,GLOBAL_BASELINE_NO_ENTITY_RANKING,,,NOT_APPLICABLE_GLOBAL_BASELINE,HF9g-P5,,,,X 全窗基线 · 不参与实体赏罚,8393176,840,A168_HF9F_20260827_0900,2026-08-27 09:00:00
2026-04-24,147318574,1400,0,70.2042881539,-19.3219910190,-19.3219910190,0.3750000,8,8,0.49994810000000000,0.499948100000,-0.7068131942587571,-0.7068131942587571,-0.7068131942587571,0E-17,ELIGIBLE,R03b_20260811_FULL_v1,L1_ELIGIBILITY,v2026-08-11,2026-03-21..2026-08-06,baccarat_bet02_101_all_pairs_incl_sentinel,round_win = game_pnl > 0 (decisive only),COMPATIBILITY_ONLY_NOT_PRODUCTION,9698.3969,8760.0589,482.2493,1012,1012,-0.04972464,,-0.04972464,-0.04972464,-482.2493,9698.3969,OK,0.0000,19.2900,4.0000,96.0000,AG03-UNRESOLVED,ALL5_LEVELS_bet23_to_bet27,19.2900,19.2900,19.2900,19.2900,19.2900,4.000000,4.000000,4.000000,4.000000,4.000000,96.000000,96.000000,96.000000,96.000000,96.000000,5.0,96.4499,89.0364,385.7994,393.2129,PENDING_AG03,FALSE,NOT_FOR_ENFORCEMENT,462.9593,8409.6566,482.2493,462.9593,19.2900,0.04972464,0.04773565,19.2900,462.9593,0.04773565,19.2900,19.2900,19.2900,19.2900,19.2900,462.9593,0.04773565,96.4499,89.0364,385.7994,393.2129,0.03977971,0.04054411,0.00198899,9.5834,8.6562,0.4765,37.0961,1.0599,746.0305,77.8462,,9.5834,8.0113,10.5412,10.5412,12.6494,13.8722,21.0824,9.1708,0.0,1.315999,2.0,0.909138,29,128,28,2,0E-8,0.04972464,,0E-8,0.000000,0.903248,0.001976,,2026-03-31,2026-05-23,13,455,234,54,0.240741,,,0.000000,,,,,,,,GLOBAL_BASELINE_NO_ENTITY_RANKING,,,NOT_APPLICABLE_GLOBAL_BASELINE,HF9g-P5,,,,X 全窗基线 · 不参与实体赏罚,8393177,840,A168_HF9F_20260827_0900,2026-08-27 09:00:00
2026-04-24,147318574,1505,0,33.7317901040,-4.2164737630,-4.2164737630,0.4000000,5,5,0.49592654000000000,0.495926540000,-0.42901076602576227,-0.42901076602576227,-0.42901076602576227,0E-17,ELIGIBLE,R03b_20260811_FULL_v1,L1_ELIGIBILITY,v2026-08-11,2026-03-21..2026-08-06,baccarat_bet02_101_all_pairs_incl_sentinel,round_win = game_pnl > 0 (decisive only),COMPATIBILITY_ONLY_NOT_PRODUCTION,9698.3969,8760.0589,482.2493,1012,1012,-0.04972464,,-0.04972464,-0.04972464,-482.2493,9698.3969,OK,0.0000,19.2900,4.0000,96.0000,AG03-UNRESOLVED,ALL5_LEVELS_bet23_to_bet27,19.2900,19.2900,19.2900,19.2900,19.2900,4.000000,4.000000,4.000000,4.000000,4.000000,96.000000,96.000000,96.000000,96.000000,96.000000,5.0,96.4499,89.0364,385.7994,393.2129,PENDING_AG03,FALSE,NOT_FOR_ENFORCEMENT,462.9593,8409.6566,482.2493,462.9593,19.2900,0.04972464,0.04773565,19.2900,462.9593,0.04773565,19.2900,19.2900,19.2900,19.2900,19.2900,462.9593,0.04773565,96.4499,89.0364,385.7994,393.2129,0.03977971,0.04054411,0.00198899,9.5834,8.6562,0.4765,37.0961,1.0599,746.0305,77.8462,,9.5834,8.0113,10.5412,10.5412,12.6494,13.8722,21.0824,9.1708,0.0,1.315999,2.0,0.909138,29,128,28,2,0E-8,0.04972464,,0E-8,0.000000,0.903248,0.001976,,2026-03-31,2026-05-23,13,455,234,54,0.240741,,,0.000000,,,,,,,,GLOBAL_BASELINE_NO_ENTITY_RANKING,,,NOT_APPLICABLE_GLOBAL_BASELINE,HF9g-P5,,,,X 全窗基线 · 不参与实体赏罚,8393178,840,A168_HF9F_20260827_0900,2026-08-27 09:00:00
2026-04-24,147318574,1507,0,16.8658950520,0E-10,0E-10,0.5000000,2,2,0.49324550000000000,0.493245500000,0.01910635448239258,0.01910635448239258,0.01910635448239258,0E-17,ELIGIBLE,R03b_20260811_FULL_v1,L1_ELIGIBILITY,v2026-08-11,2026-03-21..2026-08-06,baccarat_bet02_101_all_pairs_incl_sentinel,round_win = game_pnl > 0 (decisive only),COMPATIBILITY_ONLY_NOT_PRODUCTION,9698.3969,8760.0589,482.2493,1012,1012,-0.04972464,,-0.04972464,-0.04972464,-482.2493,9698.3969,OK,0.0000,19.2900,4.0000,96.0000,AG03-UNRESOLVED,ALL5_LEVELS_bet23_to_bet27,19.2900,19.2900,19.2900,19.2900,19.2900,4.000000,4.000000,4.000000,4.000000,4.000000,96.000000,96.000000,96.000000,96.000000,96.000000,5.0,96.4499,89.0364,385.7994,393.2129,PENDING_AG03,FALSE,NOT_FOR_ENFORCEMENT,462.9593,8409.6566,482.2493,462.9593,19.2900,0.04972464,0.04773565,19.2900,462.9593,0.04773565,19.2900,19.2900,19.2900,19.2900,19.2900,462.9593,0.04773565,96.4499,89.0364,385.7994,393.2129,0.03977971,0.04054411,0.00198899,9.5834,8.6562,0.4765,37.0961,1.0599,746.0305,77.8462,,9.5834,8.0113,10.5412,10.5412,12.6494,13.8722,21.0824,9.1708,0.0,1.315999,2.0,0.909138,29,128,28,2,0E-8,0.04972464,,0E-8,0.000000,0.903248,0.001976,,2026-03-31,2026-05-23,13,455,234,54,0.240741,,,0.000000,,,,,,,,GLOBAL_BASELINE_NO_ENTITY_RANKING,,,NOT_APPLICABLE_GLOBAL_BASELINE,HF9g-P5,,,,X 全窗基线 · 不参与实体赏罚,8393179,840,A168_HF9F_20260827_0900,2026-08-27 09:00:00
2026-04-24,147318574,1509,0,29.7261400291,-0.5376004048,-0.5376004048,0.5000000,4,4,0.50665070000000000,0.506650700000,-0.02660515369234503,-0.02660515369234503,-0.02660515369234503,0E-17,ELIGIBLE,R03b_20260811_FULL_v1,L1_ELIGIBILITY,v2026-08-11,2026-03-21..2026-08-06,baccarat_bet02_101_all_pairs_incl_sentinel,round_win = game_pnl > 0 (decisive only),COMPATIBILITY_ONLY_NOT_PRODUCTION,9698.3969,8760.0589,482.2493,1012,1012,-0.04972464,,-0.04972464,-0.04972464,-482.2493,9698.3969,OK,0.0000,19.2900,4.0000,96.0000,AG03-UNRESOLVED,ALL5_LEVELS_bet23_to_bet27,19.2900,19.2900,19.2900,19.2900,19.2900,4.000000,4.000000,4.000000,4.000000,4.000000,96.000000,96.000000,96.000000,96.000000,96.000000,5.0,96.4499,89.0364,385.7994,393.2129,PENDING_AG03,FALSE,NOT_FOR_ENFORCEMENT,462.9593,8409.6566,482.2493,462.9593,19.2900,0.04972464,0.04773565,19.2900,462.9593,0.04773565,19.2900,19.2900,19.2900,19.2900,19.2900,462.9593,0.04773565,96.4499,89.0364,385.7994,393.2129,0.03977971,0.04054411,0.00198899,9.5834,8.6562,0.4765,37.0961,1.0599,746.0305,77.8462,,9.5834,8.0113,10.5412,10.5412,12.6494,13.8722,21.0824,9.1708,0.0,1.315999,2.0,0.909138,29,128,28,2,0E-8,0.04972464,,0E-8,0.000000,0.903248,0.001976,,2026-03-31,2026-05-23,13,455,234,54,0.240741,,,0.000000,,,,,,,,GLOBAL_BASELINE_NO_ENTITY_RANKING,,,NOT_APPLICABLE_GLOBAL_BASELINE,HF9g-P5,,,,X 全窗基线 · 不参与实体赏罚,8393180,840,A168_HF9F_20260827_0900,2026-08-27 09:00:00
2026-04-24,147318574,1646,0,14.1251871060,7.4104526385,7.4104526385,1.0000000,2,2,0.50665070000000000,0.506650700000,0.9867858985152569,0.9867858985152569,0.9867858985152569,0E-17,ELIGIBLE,R03b_20260811_FULL_v1,L1_ELIGIBILITY,v2026-08-11,2026-03-21..2026-08-06,baccarat_bet02_101_all_pairs_incl_sentinel,round_win = game_pnl > 0 (decisive only),COMPATIBILITY_ONLY_NOT_PRODUCTION,9698.3969,8760.0589,482.2493,1012,1012,-0.04972464,,-0.04972464,-0.04972464,-482.2493,9698.3969,OK,0.0000,19.2900,4.0000,96.0000,AG03-UNRESOLVED,ALL5_LEVELS_bet23_to_bet27,19.2900,19.2900,19.2900,19.2900,19.2900,4.000000,4.000000,4.000000,4.000000,4.000000,96.000000,96.000000,96.000000,96.000000,96.000000,5.0,96.4499,89.0364,385.7994,393.2129,PENDING_AG03,FALSE,NOT_FOR_ENFORCEMENT,462.9593,8409.6566,482.2493,462.9593,19.2900,0.04972464,0.04773565,19.2900,462.9593,0.04773565,19.2900,19.2900,19.2900,19.2900,19.2900,462.9593,0.04773565,96.4499,89.0364,385.7994,393.2129,0.03977971,0.04054411,0.00198899,9.5834,8.6562,0.4765,37.0961,1.0599,746.0305,77.8462,,9.5834,8.0113,10.5412,10.5412,12.6494,13.8722,21.0824,9.1708,0.0,1.315999,2.0,0.909138,29,128,28,2,0E-8,0.04972464,,0E-8,0.000000,0.903248,0.001976,,2026-03-31,2026-05-23,13,455,234,54,0.240741,,,0.000000,,,,,,,,GLOBAL_BASELINE_NO_ENTITY_RANKING,,,NOT_APPLICABLE_GLOBAL_BASELINE,HF9g-P5,,,,X 全窗基线 · 不参与实体赏罚,8393181,840,A168_HF9F_20260827_0900,2026-08-27 09:00:00
2026-04-24,147318574,1750,0,8.4329475260,8.4329475260,8.4329475260,1.0000000,1,1,0.49324550000000000,0.493245500000,1.01360149184955,1.01360149184955,1.01360149184955,0E-17,ELIGIBLE,R03b_20260811_FULL_v1,L1_ELIGIBILITY,v2026-08-11,2026-03-21..2026-08-06,baccarat_bet02_101_all_pairs_incl_sentinel,round_win = game_pnl > 0 (decisive only),COMPATIBILITY_ONLY_NOT_PRODUCTION,9698.3969,8760.0589,482.2493,1012,1012,-0.04972464,,-0.04972464,-0.04972464,-482.2493,9698.3969,OK,0.0000,19.2900,4.0000,96.0000,AG03-UNRESOLVED,ALL5_LEVELS_bet23_to_bet27,19.2900,19.2900,19.2900,19.2900,19.2900,4.000000,4.000000,4.000000,4.000000,4.000000,96.000000,96.000000,96.000000,96.000000,96.000000,5.0,96.4499,89.0364,385.7994,393.2129,PENDING_AG03,FALSE,NOT_FOR_ENFORCEMENT,462.9593,8409.6566,482.2493,462.9593,19.2900,0.04972464,0.04773565,19.2900,462.9593,0.04773565,19.2900,19.2900,19.2900,19.2900,19.2900,462.9593,0.04773565,96.4499,89.0364,385.7994,393.2129,0.03977971,0.04054411,0.00198899,9.5834,8.6562,0.4765,37.0961,1.0599,746.0305,77.8462,,9.5834,8.0113,10.5412,10.5412,12.6494,13.8722,21.0824,9.1708,0.0,1.315999,2.0,0.909138,29,128,28,2,0E-8,0.04972464,,0E-8,0.000000,0.903248,0.001976,,2026-03-31,2026-05-23,13,455,234,54,0.240741,,,0.000000,,,,,,,,GLOBAL_BASELINE_NO_ENTITY_RANKING,,,NOT_APPLICABLE_GLOBAL_BASELINE,HF9g-P5,,,,X 全窗基线 · 不参与实体赏罚,8393182,840,A168_HF9F_20260827_0900,2026-08-27 09:00:00
2026-04-24,147318574,1957,0,12.6494212890,12.3331857568,12.3331857568,1.0000000,2,2,0.49994810000000000,0.499948100000,1.4143603653603398,1.4143603653603398,1.4143603653603398,0E-17,ELIGIBLE,R03b_20260811_FULL_v1,L1_ELIGIBILITY,v2026-08-11,2026-03-21..2026-08-06,baccarat_bet02_101_all_pairs_incl_sentinel,round_win = game_pnl > 0 (decisive only),COMPATIBILITY_ONLY_NOT_PRODUCTION,9698.3969,8760.0589,482.2493,1012,1012,-0.04972464,,-0.04972464,-0.04972464,-482.2493,9698.3969,OK,0.0000,19.2900,4.0000,96.0000,AG03-UNRESOLVED,ALL5_LEVELS_bet23_to_bet27,19.2900,19.2900,19.2900,19.2900,19.2900,4.000000,4.000000,4.000000,4.000000,4.000000,96.000000,96.000000,96.000000,96.000000,96.000000,5.0,96.4499,89.0364,385.7994,393.2129,PENDING_AG03,FALSE,NOT_FOR_ENFORCEMENT,462.9593,8409.6566,482.2493,462.9593,19.2900,0.04972464,0.04773565,19.2900,462.9593,0.04773565,19.2900,19.2900,19.2900,19.2900,19.2900,462.9593,0.04773565,96.4499,89.0364,385.7994,393.2129,0.03977971,0.04054411,0.00198899,9.5834,8.6562,0.4765,37.0961,1.0599,746.0305,77.8462,,9.5834,8.0113,10.5412,10.5412,12.6494,13.8722,21.0824,9.1708,0.0,1.315999,2.0,0.909138,29,128,28,2,0E-8,0.04972464,,0E-8,0.000000,0.903248,0.001976,,2026-03-31,2026-05-23,13,455,234,54,0.240741,,,0.000000,,,,,,,,GLOBAL_BASELINE_NO_ENTITY_RANKING,,,NOT_APPLICABLE_GLOBAL_BASELINE,HF9g-P5,,,,X 全窗基线 · 不参与实体赏罚,8393183,840,A168_HF9F_20260827_0900,2026-08-27 09:00:00
2026-04-24,147318574,2093,0,29.9369637173,-12.2277739127,-12.2277739127,0.2500000,4,4,0.49324550000000000,0.493245500000,-0.9730707933947887,-0.9730707933947887,-0.9730707933947887,0E-17,ELIGIBLE,R03b_20260811_FULL_v1,L1_ELIGIBILITY,v2026-08-11,2026-03-21..2026-08-06,baccarat_bet02_101_all_pairs_incl_sentinel,round_win = game_pnl > 0 (decisive only),COMPATIBILITY_ONLY_NOT_PRODUCTION,9698.3969,8760.0589,482.2493,1012,1012,-0.04972464,,-0.04972464,-0.04972464,-482.2493,9698.3969,OK,0.0000,19.2900,4.0000,96.0000,AG03-UNRESOLVED,ALL5_LEVELS_bet23_to_bet27,19.2900,19.2900,19.2900,19.2900,19.2900,4.000000,4.000000,4.000000,4.000000,4.000000,96.000000,96.000000,96.000000,96.000000,96.000000,5.0,96.4499,89.0364,385.7994,393.2129,PENDING_AG03,FALSE,NOT_FOR_ENFORCEMENT,462.9593,8409.6566,482.2493,462.9593,19.2900,0.04972464,0.04773565,19.2900,462.9593,0.04773565,19.2900,19.2900,19.2900,19.2900,19.2900,462.9593,0.04773565,96.4499,89.0364,385.7994,393.2129,0.03977971,0.04054411,0.00198899,9.5834,8.6562,0.4765,37.0961,1.0599,746.0305,77.8462,,9.5834,8.0113,10.5412,10.5412,12.6494,13.8722,21.0824,9.1708,0.0,1.315999,2.0,0.909138,29,128,28,2,0E-8,0.04972464,,0E-8,0.000000,0.903248,0.001976,,2026-03-31,2026-05-23,13,455,234,54,0.240741,,,0.000000,,,,,,,,GLOBAL_BASELINE_NO_ENTITY_RANKING,,,NOT_APPLICABLE_GLOBAL_BASELINE,HF9g-P5,,,,X 全窗基线 · 不参与实体赏罚,8393184,840,A168_HF9F_20260827_0900,2026-08-27 09:00:00
2026-04-24,147318574,2121,0,14.7576581705,1.6865895052,1.6865895052,0.5000000,2,2,0.50665070000000000,0.506650700000,-0.018812684590367487,-0.018812684590367487,-0.018812684590367487,0E-17,ELIGIBLE,R03b_20260811_FULL_v1,L1_ELIGIBILITY,v2026-08-11,2026-03-21..2026-08-06,baccarat_bet02_101_all_pairs_incl_sentinel,round_win = game_pnl > 0 (decisive only),COMPATIBILITY_ONLY_NOT_PRODUCTION,9698.3969,8760.0589,482.2493,1012,1012,-0.04972464,,-0.04972464,-0.04972464,-482.2493,9698.3969,OK,0.0000,19.2900,4.0000,96.0000,AG03-UNRESOLVED,ALL5_LEVELS_bet23_to_bet27,19.2900,19.2900,19.2900,19.2900,19.2900,4.000000,4.000000,4.000000,4.000000,4.000000,96.000000,96.000000,96.000000,96.000000,96.000000,5.0,96.4499,89.0364,385.7994,393.2129,PENDING_AG03,FALSE,NOT_FOR_ENFORCEMENT,462.9593,8409.6566,482.2493,462.9593,19.2900,0.04972464,0.04773565,19.2900,462.9593,0.04773565,19.2900,19.2900,19.2900,19.2900,19.2900,462.9593,0.04773565,96.4499,89.0364,385.7994,393.2129,0.03977971,0.04054411,0.00198899,9.5834,8.6562,0.4765,37.0961,1.0599,746.0305,77.8462,,9.5834,8.0113,10.5412,10.5412,12.6494,13.8722,21.0824,9.1708,0.0,1.315999,2.0,0.909138,29,128,28,2,0E-8,0.04972464,,0E-8,0.000000,0.903248,0.001976,,2026-03-31,2026-05-23,13,455,234,54,0.240741,,,0.000000,,,,,,,,GLOBAL_BASELINE_NO_ENTITY_RANKING,,,NOT_APPLICABLE_GLOBAL_BASELINE,HF9g-P5,,,,X 全窗基线 · 不参与实体赏罚,8393185,840,A168_HF9F_20260827_0900,2026-08-27 09:00:00
2026-04-24,147318574,2141,0,35.8400269855,-2.5298842578,-2.5298842578,0.4000000,5,5,0.50128862000000000,0.501288620000,-0.4529779837142727,-0.4529779837142727,-0.4529779837142727,0E-17,ELIGIBLE,R03b_20260811_FULL_v1,L1_ELIGIBILITY,v2026-08-11,2026-03-21..2026-08-06,baccarat_bet02_101_all_pairs_incl_sentinel,round_win = game_pnl > 0 (decisive only),COMPATIBILITY_ONLY_NOT_PRODUCTION,9698.3969,8760.0589,482.2493,1012,1012,-0.04972464,,-0.04972464,-0.04972464,-482.2493,9698.3969,OK,0.0000,19.2900,4.0000,96.0000,AG03-UNRESOLVED,ALL5_LEVELS_bet23_to_bet27,19.2900,19.2900,19.2900,19.2900,19.2900,4.000000,4.000000,4.000000,4.000000,4.000000,96.000000,96.000000,96.000000,96.000000,96.000000,5.0,96.4499,89.0364,385.7994,393.2129,PENDING_AG03,FALSE,NOT_FOR_ENFORCEMENT,462.9593,8409.6566,482.2493,462.9593,19.2900,0.04972464,0.04773565,19.2900,462.9593,0.04773565,19.2900,19.2900,19.2900,19.2900,19.2900,462.9593,0.04773565,96.4499,89.0364,385.7994,393.2129,0.03977971,0.04054411,0.00198899,9.5834,8.6562,0.4765,37.0961,1.0599,746.0305,77.8462,,9.5834,8.0113,10.5412,10.5412,12.6494,13.8722,21.0824,9.1708,0.0,1.315999,2.0,0.909138,29,128,28,2,0E-8,0.04972464,,0E-8,0.000000,0.903248,0.001976,,2026-03-31,2026-05-23,13,455,234,54,0.240741,,,0.000000,,,,,,,,GLOBAL_BASELINE_NO_ENTITY_RANKING,,,NOT_APPLICABLE_GLOBAL_BASELINE,HF9g-P5,,,,X 全窗基线 · 不参与实体赏罚,8393186,840,A168_HF9F_20260827_0900,2026-08-27 09:00:00
2026-04-24,147318574,2145,0,12.6494212890,12.6494212890,12.6494212890,1.0000000,2,2,0.49324550000000000,0.493245500000,1.4334489766152358,1.4334489766152358,1.4334489766152358,0E-17,ELIGIBLE,R03b_20260811_FULL_v1,L1_ELIGIBILITY,v2026-08-11,2026-03-21..2026-08-06,baccarat_bet02_101_all_pairs_incl_sentinel,round_win = game_pnl > 0 (decisive only),COMPATIBILITY_ONLY_NOT_PRODUCTION,9698.3969,8760.0589,482.2493,1012,1012,-0.04972464,,-0.04972464,-0.04972464,-482.2493,9698.3969,OK,0.0000,19.2900,4.0000,96.0000,AG03-UNRESOLVED,ALL5_LEVELS_bet23_to_bet27,19.2900,19.2900,19.2900,19.2900,19.2900,4.000000,4.000000,4.000000,4.000000,4.000000,96.000000,96.000000,96.000000,96.000000,96.000000,5.0,96.4499,89.0364,385.7994,393.2129,PENDING_AG03,FALSE,NOT_FOR_ENFORCEMENT,462.9593,8409.6566,482.2493,462.9593,19.2900,0.04972464,0.04773565,19.2900,462.9593,0.04773565,19.2900,19.2900,19.2900,19.2900,19.2900,462.9593,0.04773565,96.4499,89.0364,385.7994,393.2129,0.03977971,0.04054411,0.00198899,9.5834,8.6562,0.4765,37.0961,1.0599,746.0305,77.8462,,9.5834,8.0113,10.5412,10.5412,12.6494,13.8722,21.0824,9.1708,0.0,1.315999,2.0,0.909138,29,128,28,2,0E-8,0.04972464,,0E-8,0.000000,0.903248,0.001976,,2026-03-31,2026-05-23,13,455,234,54,0.240741,,,0.000000,,,,,,,,GLOBAL_BASELINE_NO_ENTITY_RANKING,,,NOT_APPLICABLE_GLOBAL_BASELINE,HF9g-P5,,,,X 全窗基线 · 不参与实体赏罚,8393187,840,A168_HF9F_20260827_0900,2026-08-27 09:00:00
2026-04-24,147318574,2153,0,6.9571817089,6.9571817089,6.9571817089,1.0000000,1,1,0.49324550000000000,0.493245500000,1.01360149184955,1.01360149184955,1.01360149184955,0E-17,ELIGIBLE,R03b_20260811_FULL_v1,L1_ELIGIBILITY,v2026-08-11,2026-03-21..2026-08-06,baccarat_bet02_101_all_pairs_incl_sentinel,round_win = game_pnl > 0 (decisive only),COMPATIBILITY_ONLY_NOT_PRODUCTION,9698.3969,8760.0589,482.2493,1012,1012,-0.04972464,,-0.04972464,-0.04972464,-482.2493,9698.3969,OK,0.0000,19.2900,4.0000,96.0000,AG03-UNRESOLVED,ALL5_LEVELS_bet23_to_bet27,19.2900,19.2900,19.2900,19.2900,19.2900,4.000000,4.000000,4.000000,4.000000,4.000000,96.000000,96.000000,96.000000,96.000000,96.000000,5.0,96.4499,89.0364,385.7994,393.2129,PENDING_AG03,FALSE,NOT_FOR_ENFORCEMENT,462.9593,8409.6566,482.2493,462.9593,19.2900,0.04972464,0.04773565,19.2900,462.9593,0.04773565,19.2900,19.2900,19.2900,19.2900,19.2900,462.9593,0.04773565,96.4499,89.0364,385.7994,393.2129,0.03977971,0.04054411,0.00198899,9.5834,8.6562,0.4765,37.0961,1.0599,746.0305,77.8462,,9.5834,8.0113,10.5412,10.5412,12.6494,13.8722,21.0824,9.1708,0.0,1.315999,2.0,0.909138,29,128,28,2,0E-8,0.04972464,,0E-8,0.000000,0.903248,0.001976,,2026-03-31,2026-05-23,13,455,234,54,0.240741,,,0.000000,,,,,,,,GLOBAL_BASELINE_NO_ENTITY_RANKING,,,NOT_APPLICABLE_GLOBAL_BASELINE,HF9g-P5,,,,X 全窗基线 · 不参与实体赏罚,8393188,840,A168_HF9F_20260827_0900,2026-08-27 09:00:00
2026-04-24,147318574,2156,0,26.9854320832,-6.4301224886,-6.4301224886,0.3333333,3,3,0.50665070000000000,0.506650700000,-0.6004420894325239,-0.6004420894325239,-0.6004420894325239,0E-17,ELIGIBLE,R03b_20260811_FULL_v1,L1_ELIGIBILITY,v2026-08-11,2026-03-21..2026-08-06,baccarat_bet02_101_all_pairs_incl_sentinel,round_win = game_pnl > 0 (decisive only),COMPATIBILITY_ONLY_NOT_PRODUCTION,9698.3969,8760.0589,482.2493,1012,1012,-0.04972464,,-0.04972464,-0.04972464,-482.2493,9698.3969,OK,0.0000,19.2900,4.0000,96.0000,AG03-UNRESOLVED,ALL5_LEVELS_bet23_to_bet27,19.2900,19.2900,19.2900,19.2900,19.2900,4.000000,4.000000,4.000000,4.000000,4.000000,96.000000,96.000000,96.000000,96.000000,96.000000,5.0,96.4499,89.0364,385.7994,393.2129,PENDING_AG03,FALSE,NOT_FOR_ENFORCEMENT,462.9593,8409.6566,482.2493,462.9593,19.2900,0.04972464,0.04773565,19.2900,462.9593,0.04773565,19.2900,19.2900,19.2900,19.2900,19.2900,462.9593,0.04773565,96.4499,89.0364,385.7994,393.2129,0.03977971,0.04054411,0.00198899,9.5834,8.6562,0.4765,37.0961,1.0599,746.0305,77.8462,,9.5834,8.0113,10.5412,10.5412,12.6494,13.8722,21.0824,9.1708,0.0,1.315999,2.0,0.909138,29,128,28,2,0E-8,0.04972464,,0E-8,0.000000,0.903248,0.001976,,2026-03-31,2026-05-23,13,455,234,54,0.240741,,,0.000000,,,,,,,,GLOBAL_BASELINE_NO_ENTITY_RANKING,,,NOT_APPLICABLE_GLOBAL_BASELINE,HF9g-P5,,,,X 全窗基线 · 不参与实体赏罚,8393189,840,A168_HF9F_20260827_0900,2026-08-27 09:00:00
2026-04-24,147318574,2188,0,38.5807349314,-18.8476377206,-18.8476377206,0.2000000,5,5,0.50665070000000000,0.506650700000,-1.3715049547573244,-1.3715049547573244,-1.3715049547573244,0E-17,ELIGIBLE,R03b_20260811_FULL_v1,L1_ELIGIBILITY,v2026-08-11,2026-03-21..2026-08-06,baccarat_bet02_101_all_pairs_incl_sentinel,round_win = game_pnl > 0 (decisive only),COMPATIBILITY_ONLY_NOT_PRODUCTION,9698.3969,8760.0589,482.2493,1012,1012,-0.04972464,,-0.04972464,-0.04972464,-482.2493,9698.3969,OK,0.0000,19.2900,4.0000,96.0000,AG03-UNRESOLVED,ALL5_LEVELS_bet23_to_bet27,19.2900,19.2900,19.2900,19.2900,19.2900,4.000000,4.000000,4.000000,4.000000,4.000000,96.000000,96.000000,96.000000,96.000000,96.000000,5.0,96.4499,89.0364,385.7994,393.2129,PENDING_AG03,FALSE,NOT_FOR_ENFORCEMENT,462.9593,8409.6566,482.2493,462.9593,19.2900,0.04972464,0.04773565,19.2900,462.9593,0.04773565,19.2900,19.2900,19.2900,19.2900,19.2900,462.9593,0.04773565,96.4499,89.0364,385.7994,393.2129,0.03977971,0.04054411,0.00198899,9.5834,8.6562,0.4765,37.0961,1.0599,746.0305,77.8462,,9.5834,8.0113,10.5412,10.5412,12.6494,13.8722,21.0824,9.1708,0.0,1.315999,2.0,0.909138,29,128,28,2,0E-8,0.04972464,,0E-8,0.000000,0.903248,0.001976,,2026-03-31,2026-05-23,13,455,234,54,0.240741,,,0.000000,,,,,,,,GLOBAL_BASELINE_NO_ENTITY_RANKING,,,NOT_APPLICABLE_GLOBAL_BASELINE,HF9g-P5,,,,X 全窗基线 · 不参与实体赏罚,8393190,840,A168_HF9F_20260827_0900,2026-08-27 09:00:00
2026-04-24,147318574,2201,0,39.6348533722,-14.7576581705,-14.7576581705,0E-7,5,5,0.49324550000000000,0.493245500000,-1.3952362676504506,-1.3952362676504506,-1.3952362676504506,0E-17,ELIGIBLE,R03b_20260811_FULL_v1,L1_ELIGIBILITY,v2026-08-11,2026-03-21..2026-08-06,baccarat_bet02_101_all_pairs_incl_sentinel,round_win = game_pnl > 0 (decisive only),COMPATIBILITY_ONLY_NOT_PRODUCTION,9698.3969,8760.0589,482.2493,1012,1012,-0.04972464,,-0.04972464,-0.04972464,-482.2493,9698.3969,OK,0.0000,19.2900,4.0000,96.0000,AG03-UNRESOLVED,ALL5_LEVELS_bet23_to_bet27,19.2900,19.2900,19.2900,19.2900,19.2900,4.000000,4.000000,4.000000,4.000000,4.000000,96.000000,96.000000,96.000000,96.000000,96.000000,5.0,96.4499,89.0364,385.7994,393.2129,PENDING_AG03,FALSE,NOT_FOR_ENFORCEMENT,462.9593,8409.6566,482.2493,462.9593,19.2900,0.04972464,0.04773565,19.2900,462.9593,0.04773565,19.2900,19.2900,19.2900,19.2900,19.2900,462.9593,0.04773565,96.4499,89.0364,385.7994,393.2129,0.03977971,0.04054411,0.00198899,9.5834,8.6562,0.4765,37.0961,1.0599,746.0305,77.8462,,9.5834,8.0113,10.5412,10.5412,12.6494,13.8722,21.0824,9.1708,0.0,1.315999,2.0,0.909138,29,128,28,2,0E-8,0.04972464,,0E-8,0.000000,0.903248,0.001976,,2026-03-31,2026-05-23,13,455,234,54,0.240741,,,0.000000,,,,,,,,GLOBAL_BASELINE_NO_ENTITY_RANKING,,,NOT_APPLICABLE_GLOBAL_BASELINE,HF9g-P5,,,,X 全窗基线 · 不参与实体赏罚,8393191,840,A168_HF9F_20260827_0900,2026-08-27 09:00:00
2026-04-24,147318574,2216,0,12.6494212890,6.3247106445,6.3247106445,1.0000000,2,2,0.49324550000000000,0.493245500000,1.01360149184955,1.01360149184955,1.01360149184955,0E-17,ELIGIBLE,R03b_20260811_FULL_v1,L1_ELIGIBILITY,v2026-08-11,2026-03-21..2026-08-06,baccarat_bet02_101_all_pairs_incl_sentinel,round_win = game_pnl > 0 (decisive only),COMPATIBILITY_ONLY_NOT_PRODUCTION,9698.3969,8760.0589,482.2493,1012,1012,-0.04972464,,-0.04972464,-0.04972464,-482.2493,9698.3969,OK,0.0000,19.2900,4.0000,96.0000,AG03-UNRESOLVED,ALL5_LEVELS_bet23_to_bet27,19.2900,19.2900,19.2900,19.2900,19.2900,4.000000,4.000000,4.000000,4.000000,4.000000,96.000000,96.000000,96.000000,96.000000,96.000000,5.0,96.4499,89.0364,385.7994,393.2129,PENDING_AG03,FALSE,NOT_FOR_ENFORCEMENT,462.9593,8409.6566,482.2493,462.9593,19.2900,0.04972464,0.04773565,19.2900,462.9593,0.04773565,19.2900,19.2900,19.2900,19.2900,19.2900,462.9593,0.04773565,96.4499,89.0364,385.7994,393.2129,0.03977971,0.04054411,0.00198899,9.5834,8.6562,0.4765,37.0961,1.0599,746.0305,77.8462,,9.5834,8.0113,10.5412,10.5412,12.6494,13.8722,21.0824,9.1708,0.0,1.315999,2.0,0.909138,29,128,28,2,0E-8,0.04972464,,0E-8,0.000000,0.903248,0.001976,,2026-03-31,2026-05-23,13,455,234,54,0.240741,,,0.000000,,,,,,,,GLOBAL_BASELINE_NO_ENTITY_RANKING,,,NOT_APPLICABLE_GLOBAL_BASELINE,HF9g-P5,,,,X 全窗基线 · 不参与实体赏罚,8393192,840,A168_HF9F_20260827_0900,2026-08-27 09:00:00
2026-04-24,147318574,2218,0,6.3247106445,6.0084751123,6.0084751123,1.0000000,1,1,0.50665070000000000,0.506650700000,0.9867858985152569,0.9867858985152569,0.9867858985152569,0E-17,ELIGIBLE,R03b_20260811_FULL_v1,L1_ELIGIBILITY,v2026-08-11,2026-03-21..2026-08-06,baccarat_bet02_101_all_pairs_incl_sentinel,round_win = game_pnl > 0 (decisive only),COMPATIBILITY_ONLY_NOT_PRODUCTION,9698.3969,8760.0589,482.2493,1012,1012,-0.04972464,,-0.04972464,-0.04972464,-482.2493,9698.3969,OK,0.0000,19.2900,4.0000,96.0000,AG03-UNRESOLVED,ALL5_LEVELS_bet23_to_bet27,19.2900,19.2900,19.2900,19.2900,19.2900,4.000000,4.000000,4.000000,4.000000,4.000000,96.000000,96.000000,96.000000,96.000000,96.000000,5.0,96.4499,89.0364,385.7994,393.2129,PENDING_AG03,FALSE,NOT_FOR_ENFORCEMENT,462.9593,8409.6566,482.2493,462.9593,19.2900,0.04972464,0.04773565,19.2900,462.9593,0.04773565,19.2900,19.2900,19.2900,19.2900,19.2900,462.9593,0.04773565,96.4499,89.0364,385.7994,393.2129,0.03977971,0.04054411,0.00198899,9.5834,8.6562,0.4765,37.0961,1.0599,746.0305,77.8462,,9.5834,8.0113,10.5412,10.5412,12.6494,13.8722,21.0824,9.1708,0.0,1.315999,2.0,0.909138,29,128,28,2,0E-8,0.04972464,,0E-8,0.000000,0.903248,0.001976,,2026-03-31,2026-05-23,13,455,234,54,0.240741,,,0.000000,,,,,,,,GLOBAL_BASELINE_NO_ENTITY_RANKING,,,NOT_APPLICABLE_GLOBAL_BASELINE,HF9g-P5,,,,X 全窗基线 · 不参与实体赏罚,8393193,840,A168_HF9F_20260827_0900,2026-08-27 09:00:00
2026-04-24,147318574,2224,0,21.5040161913,14.4203402694,14.4203402694,1.0000000,3,3,0.50665070000000000,0.506650700000,1.3955260008387969,1.3955260008387969,1.3955260008387969,0E-17,ELIGIBLE,R03b_20260811_FULL_v1,L1_ELIGIBILITY,v2026-08-11,2026-03-21..2026-08-06,baccarat_bet02_101_all_pairs_incl_sentinel,round_win = game_pnl > 0 (decisive only),COMPATIBILITY_ONLY_NOT_PRODUCTION,9698.3969,8760.0589,482.2493,1012,1012,-0.04972464,,-0.04972464,-0.04972464,-482.2493,9698.3969,OK,0.0000,19.2900,4.0000,96.0000,AG03-UNRESOLVED,ALL5_LEVELS_bet23_to_bet27,19.2900,19.2900,19.2900,19.2900,19.2900,4.000000,4.000000,4.000000,4.000000,4.000000,96.000000,96.000000,96.000000,96.000000,96.000000,5.0,96.4499,89.0364,385.7994,393.2129,PENDING_AG03,FALSE,NOT_FOR_ENFORCEMENT,462.9593,8409.6566,482.2493,462.9593,19.2900,0.04972464,0.04773565,19.2900,462.9593,0.04773565,19.2900,19.2900,19.2900,19.2900,19.2900,462.9593,0.04773565,96.4499,89.0364,385.7994,393.2129,0.03977971,0.04054411,0.00198899,9.5834,8.6562,0.4765,37.0961,1.0599,746.0305,77.8462,,9.5834,8.0113,10.5412,10.5412,12.6494,13.8722,21.0824,9.1708,0.0,1.315999,2.0,0.909138,29,128,28,2,0E-8,0.04972464,,0E-8,0.000000,0.903248,0.001976,,2026-03-31,2026-05-23,13,455,234,54,0.240741,,,0.000000,,,,,,,,GLOBAL_BASELINE_NO_ENTITY_RANKING,,,NOT_APPLICABLE_GLOBAL_BASELINE,HF9g-P5,,,,X 全窗基线 · 不参与实体赏罚,8393194,840,A168_HF9F_20260827_0900,2026-08-27 09:00:00
2026-04-24,147318574,2229,0,36.6833217380,10.1933253221,10.1933253221,0.6000000,5,5,0.50396966000000000,0.503969660000,0.4294742719815242,0.4294742719815242,0.4294742719815242,0E-17,ELIGIBLE,R03b_20260811_FULL_v1,L1_ELIGIBILITY,v2026-08-11,2026-03-21..2026-08-06,baccarat_bet02_101_all_pairs_incl_sentinel,round_win = game_pnl > 0 (decisive only),COMPATIBILITY_ONLY_NOT_PRODUCTION,9698.3969,8760.0589,482.2493,1012,1012,-0.04972464,,-0.04972464,-0.04972464,-482.2493,9698.3969,OK,0.0000,19.2900,4.0000,96.0000,AG03-UNRESOLVED,ALL5_LEVELS_bet23_to_bet27,19.2900,19.2900,19.2900,19.2900,19.2900,4.000000,4.000000,4.000000,4.000000,4.000000,96.000000,96.000000,96.000000,96.000000,96.000000,5.0,96.4499,89.0364,385.7994,393.2129,PENDING_AG03,FALSE,NOT_FOR_ENFORCEMENT,462.9593,8409.6566,482.2493,462.9593,19.2900,0.04972464,0.04773565,19.2900,462.9593,0.04773565,19.2900,19.2900,19.2900,19.2900,19.2900,462.9593,0.04773565,96.4499,89.0364,385.7994,393.2129,0.03977971,0.04054411,0.00198899,9.5834,8.6562,0.4765,37.0961,1.0599,746.0305,77.8462,,9.5834,8.0113,10.5412,10.5412,12.6494,13.8722,21.0824,9.1708,0.0,1.315999,2.0,0.909138,29,128,28,2,0E-8,0.04972464,,0E-8,0.000000,0.903248,0.001976,,2026-03-31,2026-05-23,13,455,234,54,0.240741,,,0.000000,,,,,,,,GLOBAL_BASELINE_NO_ENTITY_RANKING,,,NOT_APPLICABLE_GLOBAL_BASELINE,HF9g-P5,,,,X 全窗基线 · 不参与实体赏罚,8393195,840,A168_HF9F_20260827_0900,2026-08-27 09:00:00
2026-04-24,147318574,2234,0,13.9143634179,13.2186452470,13.2186452470,1.0000000,2,2,0.50665070000000000,0.506650700000,1.3955260008387969,1.3955260008387969,1.3955260008387969,0E-17,ELIGIBLE,R03b_20260811_FULL_v1,L1_ELIGIBILITY,v2026-08-11,2026-03-21..2026-08-06,baccarat_bet02_101_all_pairs_incl_sentinel,round_win = game_pnl > 0 (decisive only),COMPATIBILITY_ONLY_NOT_PRODUCTION,9698.3969,8760.0589,482.2493,1012,1012,-0.04972464,,-0.04972464,-0.04972464,-482.2493,9698.3969,OK,0.0000,19.2900,4.0000,96.0000,AG03-UNRESOLVED,ALL5_LEVELS_bet23_to_bet27,19.2900,19.2900,19.2900,19.2900,19.2900,4.000000,4.000000,4.000000,4.000000,4.000000,96.000000,96.000000,96.000000,96.000000,96.000000,5.0,96.4499,89.0364,385.7994,393.2129,PENDING_AG03,FALSE,NOT_FOR_ENFORCEMENT,462.9593,8409.6566,482.2493,462.9593,19.2900,0.04972464,0.04773565,19.2900,462.9593,0.04773565,19.2900,19.2900,19.2900,19.2900,19.2900,462.9593,0.04773565,96.4499,89.0364,385.7994,393.2129,0.03977971,0.04054411,0.00198899,9.5834,8.6562,0.4765,37.0961,1.0599,746.0305,77.8462,,9.5834,8.0113,10.5412,10.5412,12.6494,13.8722,21.0824,9.1708,0.0,1.315999,2.0,0.909138,29,128,28,2,0E-8,0.04972464,,0E-8,0.000000,0.903248,0.001976,,2026-03-31,2026-05-23,13,455,234,54,0.240741,,,0.000000,,,,,,,,GLOBAL_BASELINE_NO_ENTITY_RANKING,,,NOT_APPLICABLE_GLOBAL_BASELINE,HF9g-P5,,,,X 全窗基线 · 不参与实体赏罚,8393196,840,A168_HF9F_20260827_0900,2026-08-27 09:00:00
2026-04-24,147318574,2254,0,12.6494212890,12.3331857568,12.3331857568,1.0000000,2,2,0.49994810000000000,0.499948100000,1.4143603653603398,1.4143603653603398,1.4143603653603398,0E-17,ELIGIBLE,R03b_20260811_FULL_v1,L1_ELIGIBILITY,v2026-08-11,2026-03-21..2026-08-06,baccarat_bet02_101_all_pairs_incl_sentinel,round_win = game_pnl > 0 (decisive only),COMPATIBILITY_ONLY_NOT_PRODUCTION,9698.3969,8760.0589,482.2493,1012,1012,-0.04972464,,-0.04972464,-0.04972464,-482.2493,9698.3969,OK,0.0000,19.2900,4.0000,96.0000,AG03-UNRESOLVED,ALL5_LEVELS_bet23_to_bet27,19.2900,19.2900,19.2900,19.2900,19.2900,4.000000,4.000000,4.000000,4.000000,4.000000,96.000000,96.000000,96.000000,96.000000,96.000000,5.0,96.4499,89.0364,385.7994,393.2129,PENDING_AG03,FALSE,NOT_FOR_ENFORCEMENT,462.9593,8409.6566,482.2493,462.9593,19.2900,0.04972464,0.04773565,19.2900,462.9593,0.04773565,19.2900,19.2900,19.2900,19.2900,19.2900,462.9593,0.04773565,96.4499,89.0364,385.7994,393.2129,0.03977971,0.04054411,0.00198899,9.5834,8.6562,0.4765,37.0961,1.0599,746.0305,77.8462,,9.5834,8.0113,10.5412,10.5412,12.6494,13.8722,21.0824,9.1708,0.0,1.315999,2.0,0.909138,29,128,28,2,0E-8,0.04972464,,0E-8,0.000000,0.903248,0.001976,,2026-03-31,2026-05-23,13,455,234,54,0.240741,,,0.000000,,,,,,,,GLOBAL_BASELINE_NO_ENTITY_RANKING,,,NOT_APPLICABLE_GLOBAL_BASELINE,HF9g-P5,,,,X 全窗基线 · 不参与实体赏罚,8393197,840,A168_HF9F_20260827_0900,2026-08-27 09:00:00
2026-04-24,147318574,2258,0,23.8230767609,-6.9571817089,-6.9571817089,0.3333333,3,3,0.49771390000000000,0.497713900000,-0.5694369385616226,-0.5694369385616226,-0.5694369385616226,0E-17,ELIGIBLE,R03b_20260811_FULL_v1,L1_ELIGIBILITY,v2026-08-11,2026-03-21..2026-08-06,baccarat_bet02_101_all_pairs_incl_sentinel,round_win = game_pnl > 0 (decisive only),COMPATIBILITY_ONLY_NOT_PRODUCTION,9698.3969,8760.0589,482.2493,1012,1012,-0.04972464,,-0.04972464,-0.04972464,-482.2493,9698.3969,OK,0.0000,19.2900,4.0000,96.0000,AG03-UNRESOLVED,ALL5_LEVELS_bet23_to_bet27,19.2900,19.2900,19.2900,19.2900,19.2900,4.000000,4.000000,4.000000,4.000000,4.000000,96.000000,96.000000,96.000000,96.000000,96.000000,5.0,96.4499,89.0364,385.7994,393.2129,PENDING_AG03,FALSE,NOT_FOR_ENFORCEMENT,462.9593,8409.6566,482.2493,462.9593,19.2900,0.04972464,0.04773565,19.2900,462.9593,0.04773565,19.2900,19.2900,19.2900,19.2900,19.2900,462.9593,0.04773565,96.4499,89.0364,385.7994,393.2129,0.03977971,0.04054411,0.00198899,9.5834,8.6562,0.4765,37.0961,1.0599,746.0305,77.8462,,9.5834,8.0113,10.5412,10.5412,12.6494,13.8722,21.0824,9.1708,0.0,1.315999,2.0,0.909138,29,128,28,2,0E-8,0.04972464,,0E-8,0.000000,0.903248,0.001976,,2026-03-31,2026-05-23,13,455,234,54,0.240741,,,0.000000,,,,,,,,GLOBAL_BASELINE_NO_ENTITY_RANKING,,,NOT_APPLICABLE_GLOBAL_BASELINE,HF9g-P5,,,,X 全窗基线 · 不参与实体赏罚,8393198,840,A168_HF9F_20260827_0900,2026-08-27 09:00:00
2026-04-24,147318574,752,0,16.0226002994,2.8882845276,2.8882845276,0.5000000,2,2,0.50665070000000000,0.506650700000,-0.018812684590367487,-0.018812684590367487,-0.018812684590367487,0E-17,ELIGIBLE,R03b_20260811_FULL_v1,L1_ELIGIBILITY,v2026-08-11,2026-03-21..2026-08-06,baccarat_bet02_101_all_pairs_incl_sentinel,round_win = game_pnl > 0 (decisive only),COMPATIBILITY_ONLY_NOT_PRODUCTION,9698.3969,8760.0589,482.2493,1012,1012,-0.04972464,,-0.04972464,-0.04972464,-482.2493,9698.3969,OK,0.0000,19.2900,4.0000,96.0000,AG03-UNRESOLVED,ALL5_LEVELS_bet23_to_bet27,19.2900,19.2900,19.2900,19.2900,19.2900,4.000000,4.000000,4.000000,4.000000,4.000000,96.000000,96.000000,96.000000,96.000000,96.000000,5.0,96.4499,89.0364,385.7994,393.2129,PENDING_AG03,FALSE,NOT_FOR_ENFORCEMENT,462.9593,8409.6566,482.2493,462.9593,19.2900,0.04972464,0.04773565,19.2900,462.9593,0.04773565,19.2900,19.2900,19.2900,19.2900,19.2900,462.9593,0.04773565,96.4499,89.0364,385.7994,393.2129,0.03977971,0.04054411,0.00198899,9.5834,8.6562,0.4765,37.0961,1.0599,746.0305,77.8462,,9.5834,8.0113,10.5412,10.5412,12.6494,13.8722,21.0824,9.1708,0.0,1.315999,2.0,0.909138,29,128,28,2,0E-8,0.04972464,,0E-8,0.000000,0.903248,0.001976,,2026-03-31,2026-05-23,13,455,234,54,0.240741,,,0.000000,,,,,,,,GLOBAL_BASELINE_NO_ENTITY_RANKING,,,NOT_APPLICABLE_GLOBAL_BASELINE,HF9g-P5,,,,X 全窗基线 · 不参与实体赏罚,8393199,840,A168_HF9F_20260827_0900,2026-08-27 09:00:00
2026-04-24,147318574,789,0,6.3247106445,6.3247106445,6.3247106445,1.0000000,1,1,0.49324550000000000,0.493245500000,1.01360149184955,1.01360149184955,1.01360149184955,0E-17,ELIGIBLE,R03b_20260811_FULL_v1,L1_ELIGIBILITY,v2026-08-11,2026-03-21..2026-08-06,baccarat_bet02_101_all_pairs_incl_sentinel,round_win = game_pnl > 0 (decisive only),COMPATIBILITY_ONLY_NOT_PRODUCTION,9698.3969,8760.0589,482.2493,1012,1012,-0.04972464,,-0.04972464,-0.04972464,-482.2493,9698.3969,OK,0.0000,19.2900,4.0000,96.0000,AG03-UNRESOLVED,ALL5_LEVELS_bet23_to_bet27,19.2900,19.2900,19.2900,19.2900,19.2900,4.000000,4.000000,4.000000,4.000000,4.000000,96.000000,96.000000,96.000000,96.000000,96.000000,5.0,96.4499,89.0364,385.7994,393.2129,PENDING_AG03,FALSE,NOT_FOR_ENFORCEMENT,462.9593,8409.6566,482.2493,462.9593,19.2900,0.04972464,0.04773565,19.2900,462.9593,0.04773565,19.2900,19.2900,19.2900,19.2900,19.2900,462.9593,0.04773565,96.4499,89.0364,385.7994,393.2129,0.03977971,0.04054411,0.00198899,9.5834,8.6562,0.4765,37.0961,1.0599,746.0305,77.8462,,9.5834,8.0113,10.5412,10.5412,12.6494,13.8722,21.0824,9.1708,0.0,1.315999,2.0,0.909138,29,128,28,2,0E-8,0.04972464,,0E-8,0.000000,0.903248,0.001976,,2026-03-31,2026-05-23,13,455,234,54,0.240741,,,0.000000,,,,,,,,GLOBAL_BASELINE_NO_ENTITY_RANKING,,,NOT_APPLICABLE_GLOBAL_BASELINE,HF9g-P5,,,,X 全窗基线 · 不参与实体赏罚,8393200,840,A168_HF9F_20260827_0900,2026-08-27 09:00:00
2026-04-24,147318574,925,0,6.3247106445,6.0084751123,6.0084751123,1.0000000,1,1,0.50665070000000000,0.506650700000,0.9867858985152569,0.9867858985152569,0.9867858985152569,0E-17,ELIGIBLE,R03b_20260811_FULL_v1,L1_ELIGIBILITY,v2026-08-11,2026-03-21..2026-08-06,baccarat_bet02_101_all_pairs_incl_sentinel,round_win = game_pnl > 0 (decisive only),COMPATIBILITY_ONLY_NOT_PRODUCTION,9698.3969,8760.0589,482.2493,1012,1012,-0.04972464,,-0.04972464,-0.04972464,-482.2493,9698.3969,OK,0.0000,19.2900,4.0000,96.0000,AG03-UNRESOLVED,ALL5_LEVELS_bet23_to_bet27,19.2900,19.2900,19.2900,19.2900,19.2900,4.000000,4.000000,4.000000,4.000000,4.000000,96.000000,96.000000,96.000000,96.000000,96.000000,5.0,96.4499,89.0364,385.7994,393.2129,PENDING_AG03,FALSE,NOT_FOR_ENFORCEMENT,462.9593,8409.6566,482.2493,462.9593,19.2900,0.04972464,0.04773565,19.2900,462.9593,0.04773565,19.2900,19.2900,19.2900,19.2900,19.2900,462.9593,0.04773565,96.4499,89.0364,385.7994,393.2129,0.03977971,0.04054411,0.00198899,9.5834,8.6562,0.4765,37.0961,1.0599,746.0305,77.8462,,9.5834,8.0113,10.5412,10.5412,12.6494,13.8722,21.0824,9.1708,0.0,1.315999,2.0,0.909138,29,128,28,2,0E-8,0.04972464,,0E-8,0.000000,0.903248,0.001976,,2026-03-31,2026-05-23,13,455,234,54,0.240741,,,0.000000,,,,,,,,GLOBAL_BASELINE_NO_ENTITY_RANKING,,,NOT_APPLICABLE_GLOBAL_BASELINE,HF9g-P5,,,,X 全窗基线 · 不参与实体赏罚,8393201,840,A168_HF9F_20260827_0900,2026-08-27 09:00:00
2026-05-23,147318574,-1,1,6.3018590484,6.3018590484,6.3018590484,1.0000000,1,1,0.49324550000000000,0.493245500000,1.01360149184955,1.01360149184955,1.01360149184955,0E-17,SENTINEL_DEALER,R03b_20260811_FULL_v1,L1_ELIGIBILITY,v2026-08-11,2026-03-21..2026-08-06,baccarat_bet02_101_all_pairs_incl_sentinel,round_win = game_pnl > 0 (decisive only),COMPATIBILITY_ONLY_NOT_PRODUCTION,9698.3969,8760.0589,482.2493,1012,1012,-0.04972464,,-0.04972464,-0.04972464,-482.2493,9698.3969,OK,0.0000,19.2900,4.0000,96.0000,AG03-UNRESOLVED,ALL5_LEVELS_bet23_to_bet27,19.2900,19.2900,19.2900,19.2900,19.2900,4.000000,4.000000,4.000000,4.000000,4.000000,96.000000,96.000000,96.000000,96.000000,96.000000,5.0,96.4499,89.0364,385.7994,393.2129,PENDING_AG03,FALSE,NOT_FOR_ENFORCEMENT,462.9593,8409.6566,482.2493,462.9593,19.2900,0.04972464,0.04773565,19.2900,462.9593,0.04773565,19.2900,19.2900,19.2900,19.2900,19.2900,462.9593,0.04773565,96.4499,89.0364,385.7994,393.2129,0.03977971,0.04054411,0.00198899,9.5834,8.6562,0.4765,37.0961,1.0599,746.0305,77.8462,,9.5834,8.0113,10.5412,10.5412,12.6494,13.8722,21.0824,9.1708,0.0,1.315999,2.0,0.909138,29,128,28,2,0E-8,0.04972464,,0E-8,0.000000,0.903248,0.001976,,2026-03-31,2026-05-23,13,455,234,54,0.240741,,,0.000000,,,,,,,,GLOBAL_BASELINE_NO_ENTITY_RANKING,,,NOT_APPLICABLE_GLOBAL_BASELINE,HF9g-P5,,,,X 全窗基线 · 不参与实体赏罚,8393202,840,A168_HF9F_20260827_0900,2026-08-27 09:00:00
2026-05-23,147318574,2229,0,14.7043377796,1.6804957463,1.6804957463,0.5000000,2,2,0.50665070000000000,0.506650700000,-0.018812684590367487,-0.018812684590367487,-0.018812684590367487,0E-17,ELIGIBLE,R03b_20260811_FULL_v1,L1_ELIGIBILITY,v2026-08-11,2026-03-21..2026-08-06,baccarat_bet02_101_all_pairs_incl_sentinel,round_win = game_pnl > 0 (decisive only),COMPATIBILITY_ONLY_NOT_PRODUCTION,9698.3969,8760.0589,482.2493,1012,1012,-0.04972464,,-0.04972464,-0.04972464,-482.2493,9698.3969,OK,0.0000,19.2900,4.0000,96.0000,AG03-UNRESOLVED,ALL5_LEVELS_bet23_to_bet27,19.2900,19.2900,19.2900,19.2900,19.2900,4.000000,4.000000,4.000000,4.000000,4.000000,96.000000,96.000000,96.000000,96.000000,96.000000,5.0,96.4499,89.0364,385.7994,393.2129,PENDING_AG03,FALSE,NOT_FOR_ENFORCEMENT,462.9593,8409.6566,482.2493,462.9593,19.2900,0.04972464,0.04773565,19.2900,462.9593,0.04773565,19.2900,19.2900,19.2900,19.2900,19.2900,462.9593,0.04773565,96.4499,89.0364,385.7994,393.2129,0.03977971,0.04054411,0.00198899,9.5834,8.6562,0.4765,37.0961,1.0599,746.0305,77.8462,,9.5834,8.0113,10.5412,10.5412,12.6494,13.8722,21.0824,9.1708,0.0,1.315999,2.0,0.909138,29,128,28,2,0E-8,0.04972464,,0E-8,0.000000,0.903248,0.001976,,2026-03-31,2026-05-23,13,455,234,54,0.240741,,,0.000000,,,,,,,,GLOBAL_BASELINE_NO_ENTITY_RANKING,,,NOT_APPLICABLE_GLOBAL_BASELINE,HF9g-P5,,,,X 全窗基线 · 不参与实体赏罚,8393203,840,A168_HF9F_20260827_0900,2026-08-27 09:00:00
2026-05-23,147318574,2256,0,14.7043377796,2.1006196828,2.1006196828,0.5000000,2,2,0.49324550000000000,0.493245500000,0.01910635448239258,0.01910635448239258,0.01910635448239258,0E-17,ELIGIBLE,R03b_20260811_FULL_v1,L1_ELIGIBILITY,v2026-08-11,2026-03-21..2026-08-06,baccarat_bet02_101_all_pairs_incl_sentinel,round_win = game_pnl > 0 (decisive only),COMPATIBILITY_ONLY_NOT_PRODUCTION,9698.3969,8760.0589,482.2493,1012,1012,-0.04972464,,-0.04972464,-0.04972464,-482.2493,9698.3969,OK,0.0000,19.2900,4.0000,96.0000,AG03-UNRESOLVED,ALL5_LEVELS_bet23_to_bet27,19.2900,19.2900,19.2900,19.2900,19.2900,4.000000,4.000000,4.000000,4.000000,4.000000,96.000000,96.000000,96.000000,96.000000,96.000000,5.0,96.4499,89.0364,385.7994,393.2129,PENDING_AG03,FALSE,NOT_FOR_ENFORCEMENT,462.9593,8409.6566,482.2493,462.9593,19.2900,0.04972464,0.04773565,19.2900,462.9593,0.04773565,19.2900,19.2900,19.2900,19.2900,19.2900,462.9593,0.04773565,96.4499,89.0364,385.7994,393.2129,0.03977971,0.04054411,0.00198899,9.5834,8.6562,0.4765,37.0961,1.0599,746.0305,77.8462,,9.5834,8.0113,10.5412,10.5412,12.6494,13.8722,21.0824,9.1708,0.0,1.315999,2.0,0.909138,29,128,28,2,0E-8,0.04972464,,0E-8,0.000000,0.903248,0.001976,,2026-03-31,2026-05-23,13,455,234,54,0.240741,,,0.000000,,,,,,,,GLOBAL_BASELINE_NO_ENTITY_RANKING,,,NOT_APPLICABLE_GLOBAL_BASELINE,HF9g-P5,,,,X 全窗基线 · 不参与实体赏罚,8393204,840,A168_HF9F_20260827_0900,2026-08-27 09:00:00
2026-07-19,145712498,2169,0,400.0000000000,-200.0000000000,-200.0000000000,0.3333333,3,3,0.49771390000000000,0.497713900000,-0.5694369385616226,-0.5694369385616226,-0.5694369385616226,0E-17,ELIGIBLE,R03b_20260811_FULL_v1,L1_ELIGIBILITY,v2026-08-11,2026-03-21..2026-08-06,baccarat_bet02_101_all_pairs_incl_sentinel,round_win = game_pnl > 0 (decisive only),COMPATIBILITY_ONLY_NOT_PRODUCTION,7851.0000,7035.0000,477.3000,101,101,-0.06079480,-0.06079480,,-0.06079480,-477.3000,7851.0000,OK,0.0000,14.3190,3.0000,97.0000,AG03-UNRESOLVED,ALL5_LEVELS_bet23_to_bet27,14.3190,14.3190,14.3190,14.3190,14.3190,3.000000,3.000000,3.000000,3.000000,3.000000,97.000000,97.000000,97.000000,97.000000,97.000000,5.0,71.5950,67.4262,405.7050,409.8738,PENDING_AG03,FALSE,NOT_FOR_ENFORCEMENT,462.9810,6823.9500,477.3000,462.9810,14.3190,0.06079480,0.05897096,14.3190,462.9810,0.05897096,14.3190,14.3190,14.3190,14.3190,14.3190,462.9810,0.05897096,71.5950,67.4262,405.7050,409.8738,0.05167558,0.05220657,0.00182384,77.7327,69.6535,4.7257,53.0333,15.3968,872.3333,11.2222,77.7327,,50.0,58.0,100.0,136.0,200.0,210.9,50.0,0.0,3.448276,3.636207,1.340219,11,26,12,4,1.00000000,0.06079480,0.06079480,0E-8,0.000000,0.896064,0.009901,,2026-07-19,2026-08-06,9,31,28,19,0.473684,,1.000000,3.333333,,,,,,,,GLOBAL_BASELINE_NO_ENTITY_RANKING,,,NOT_APPLICABLE_GLOBAL_BASELINE,HF9g-P5,,,,X 全窗基线 · 不参与实体赏罚,8393205,840,A168_HF9F_20260827_0900,2026-08-27 09:00:00
2026-07-19,145712498,2251,0,751.0000000000,341.0000000000,341.0000000000,0.6666667,9,9,0.49622443333333333,0.496224433333,1.02268255689827,1.022682556900275,1.02268255689827,3.3333E-13,ELIGIBLE,R03b_20260811_FULL_v1,L1_ELIGIBILITY,v2026-08-11,2026-03-21..2026-08-06,baccarat_bet02_101_all_pairs_incl_sentinel,round_win = game_pnl > 0 (decisive only),COMPATIBILITY_ONLY_NOT_PRODUCTION,7851.0000,7035.0000,477.3000,101,101,-0.06079480,-0.06079480,,-0.06079480,-477.3000,7851.0000,OK,0.0000,14.3190,3.0000,97.0000,AG03-UNRESOLVED,ALL5_LEVELS_bet23_to_bet27,14.3190,14.3190,14.3190,14.3190,14.3190,3.000000,3.000000,3.000000,3.000000,3.000000,97.000000,97.000000,97.000000,97.000000,97.000000,5.0,71.5950,67.4262,405.7050,409.8738,PENDING_AG03,FALSE,NOT_FOR_ENFORCEMENT,462.9810,6823.9500,477.3000,462.9810,14.3190,0.06079480,0.05897096,14.3190,462.9810,0.05897096,14.3190,14.3190,14.3190,14.3190,14.3190,462.9810,0.05897096,71.5950,67.4262,405.7050,409.8738,0.05167558,0.05220657,0.00182384,77.7327,69.6535,4.7257,53.0333,15.3968,872.3333,11.2222,77.7327,,50.0,58.0,100.0,136.0,200.0,210.9,50.0,0.0,3.448276,3.636207,1.340219,11,26,12,4,1.00000000,0.06079480,0.06079480,0E-8,0.000000,0.896064,0.009901,,2026-07-19,2026-08-06,9,31,28,19,0.473684,,1.000000,3.333333,,,,,,,,GLOBAL_BASELINE_NO_ENTITY_RANKING,,,NOT_APPLICABLE_GLOBAL_BASELINE,HF9g-P5,,,,X 全窗基线 · 不参与实体赏罚,8393206,840,A168_HF9F_20260827_0900,2026-08-27 09:00:00
2026-07-20,145712498,986,0,150.0000000000,-150.0000000000,-150.0000000000,0E-7,2,2,0.49324550000000000,0.493245500000,-1.3952362676504506,-1.3952362676504506,-1.3952362676504506,0E-17,ELIGIBLE,R03b_20260811_FULL_v1,L1_ELIGIBILITY,v2026-08-11,2026-03-21..2026-08-06,baccarat_bet02_101_all_pairs_incl_sentinel,round_win = game_pnl > 0 (decisive only),COMPATIBILITY_ONLY_NOT_PRODUCTION,7851.0000,7035.0000,477.3000,101,101,-0.06079480,-0.06079480,,-0.06079480,-477.3000,7851.0000,OK,0.0000,14.3190,3.0000,97.0000,AG03-UNRESOLVED,ALL5_LEVELS_bet23_to_bet27,14.3190,14.3190,14.3190,14.3190,14.3190,3.000000,3.000000,3.000000,3.000000,3.000000,97.000000,97.000000,97.000000,97.000000,97.000000,5.0,71.5950,67.4262,405.7050,409.8738,PENDING_AG03,FALSE,NOT_FOR_ENFORCEMENT,462.9810,6823.9500,477.3000,462.9810,14.3190,0.06079480,0.05897096,14.3190,462.9810,0.05897096,14.3190,14.3190,14.3190,14.3190,14.3190,462.9810,0.05897096,71.5950,67.4262,405.7050,409.8738,0.05167558,0.05220657,0.00182384,77.7327,69.6535,4.7257,53.0333,15.3968,872.3333,11.2222,77.7327,,50.0,58.0,100.0,136.0,200.0,210.9,50.0,0.0,3.448276,3.636207,1.340219,11,26,12,4,1.00000000,0.06079480,0.06079480,0E-8,0.000000,0.896064,0.009901,,2026-07-19,2026-08-06,9,31,28,19,0.473684,,1.000000,3.333333,,,,,,,,GLOBAL_BASELINE_NO_ENTITY_RANKING,,,NOT_APPLICABLE_GLOBAL_BASELINE,HF9g-P5,,,,X 全窗基线 · 不参与实体赏罚,8393207,840,A168_HF9F_20260827_0900,2026-08-27 09:00:00
2026-07-21,145712498,2123,0,356.0000000000,-79.5000000000,-79.5000000000,0.2857143,8,8,0.39531432500000000,0.395314325000,-0.5930941134342117,-0.5930941134342117,-0.5930941134342117,0E-17,ELIGIBLE,R03b_20260811_FULL_v1,L1_ELIGIBILITY,v2026-08-11,2026-03-21..2026-08-06,baccarat_bet02_101_all_pairs_incl_sentinel,round_win = game_pnl > 0 (decisive only),COMPATIBILITY_ONLY_NOT_PRODUCTION,7851.0000,7035.0000,477.3000,101,101,-0.06079480,-0.06079480,,-0.06079480,-477.3000,7851.0000,OK,0.0000,14.3190,3.0000,97.0000,AG03-UNRESOLVED,ALL5_LEVELS_bet23_to_bet27,14.3190,14.3190,14.3190,14.3190,14.3190,3.000000,3.000000,3.000000,3.000000,3.000000,97.000000,97.000000,97.000000,97.000000,97.000000,5.0,71.5950,67.4262,405.7050,409.8738,PENDING_AG03,FALSE,NOT_FOR_ENFORCEMENT,462.9810,6823.9500,477.3000,462.9810,14.3190,0.06079480,0.05897096,14.3190,462.9810,0.05897096,14.3190,14.3190,14.3190,14.3190,14.3190,462.9810,0.05897096,71.5950,67.4262,405.7050,409.8738,0.05167558,0.05220657,0.00182384,77.7327,69.6535,4.7257,53.0333,15.3968,872.3333,11.2222,77.7327,,50.0,58.0,100.0,136.0,200.0,210.9,50.0,0.0,3.448276,3.636207,1.340219,11,26,12,4,1.00000000,0.06079480,0.06079480,0E-8,0.000000,0.896064,0.009901,,2026-07-19,2026-08-06,9,31,28,19,0.473684,,1.000000,3.333333,,,,,,,,GLOBAL_BASELINE_NO_ENTITY_RANKING,,,NOT_APPLICABLE_GLOBAL_BASELINE,HF9g-P5,,,,X 全窗基线 · 不参与实体赏罚,8393208,840,A168_HF9F_20260827_0900,2026-08-27 09:00:00
2026-07-25,145712498,2093,0,150.0000000000,50.0000000000,50.0000000000,0.6666667,3,3,0.49324550000000000,0.493245500000,0.6008033672792107,0.6008033672792106,0.6008033672792107,0E-17,ELIGIBLE,R03b_20260811_FULL_v1,L1_ELIGIBILITY,v2026-08-11,2026-03-21..2026-08-06,baccarat_bet02_101_all_pairs_incl_sentinel,round_win = game_pnl > 0 (decisive only),COMPATIBILITY_ONLY_NOT_PRODUCTION,7851.0000,7035.0000,477.3000,101,101,-0.06079480,-0.06079480,,-0.06079480,-477.3000,7851.0000,OK,0.0000,14.3190,3.0000,97.0000,AG03-UNRESOLVED,ALL5_LEVELS_bet23_to_bet27,14.3190,14.3190,14.3190,14.3190,14.3190,3.000000,3.000000,3.000000,3.000000,3.000000,97.000000,97.000000,97.000000,97.000000,97.000000,5.0,71.5950,67.4262,405.7050,409.8738,PENDING_AG03,FALSE,NOT_FOR_ENFORCEMENT,462.9810,6823.9500,477.3000,462.9810,14.3190,0.06079480,0.05897096,14.3190,462.9810,0.05897096,14.3190,14.3190,14.3190,14.3190,14.3190,462.9810,0.05897096,71.5950,67.4262,405.7050,409.8738,0.05167558,0.05220657,0.00182384,77.7327,69.6535,4.7257,53.0333,15.3968,872.3333,11.2222,77.7327,,50.0,58.0,100.0,136.0,200.0,210.9,50.0,0.0,3.448276,3.636207,1.340219,11,26,12,4,1.00000000,0.06079480,0.06079480,0E-8,0.000000,0.896064,0.009901,,2026-07-19,2026-08-06,9,31,28,19,0.473684,,1.000000,3.333333,,,,,,,,GLOBAL_BASELINE_NO_ENTITY_RANKING,,,NOT_APPLICABLE_GLOBAL_BASELINE,HF9g-P5,,,,X 全窗基线 · 不参与实体赏罚,8393209,840,A168_HF9F_20260827_0900,2026-08-27 09:00:00
2026-07-25,145712498,2251,0,192.0000000000,-92.0000000000,-92.0000000000,0.3333333,4,4,0.49324550000000000,0.493245500000,-0.5540025479526107,-0.5540025479526106,-0.5540025479526107,0E-17,ELIGIBLE,R03b_20260811_FULL_v1,L1_ELIGIBILITY,v2026-08-11,2026-03-21..2026-08-06,baccarat_bet02_101_all_pairs_incl_sentinel,round_win = game_pnl > 0 (decisive only),COMPATIBILITY_ONLY_NOT_PRODUCTION,7851.0000,7035.0000,477.3000,101,101,-0.06079480,-0.06079480,,-0.06079480,-477.3000,7851.0000,OK,0.0000,14.3190,3.0000,97.0000,AG03-UNRESOLVED,ALL5_LEVELS_bet23_to_bet27,14.3190,14.3190,14.3190,14.3190,14.3190,3.000000,3.000000,3.000000,3.000000,3.000000,97.000000,97.000000,97.000000,97.000000,97.000000,5.0,71.5950,67.4262,405.7050,409.8738,PENDING_AG03,FALSE,NOT_FOR_ENFORCEMENT,462.9810,6823.9500,477.3000,462.9810,14.3190,0.06079480,0.05897096,14.3190,462.9810,0.05897096,14.3190,14.3190,14.3190,14.3190,14.3190,462.9810,0.05897096,71.5950,67.4262,405.7050,409.8738,0.05167558,0.05220657,0.00182384,77.7327,69.6535,4.7257,53.0333,15.3968,872.3333,11.2222,77.7327,,50.0,58.0,100.0,136.0,200.0,210.9,50.0,0.0,3.448276,3.636207,1.340219,11,26,12,4,1.00000000,0.06079480,0.06079480,0E-8,0.000000,0.896064,0.009901,,2026-07-19,2026-08-06,9,31,28,19,0.473684,,1.000000,3.333333,,,,,,,,GLOBAL_BASELINE_NO_ENTITY_RANKING,,,NOT_APPLICABLE_GLOBAL_BASELINE,HF9g-P5,,,,X 全窗基线 · 不参与实体赏罚,8393210,840,A168_HF9F_20260827_0900,2026-08-27 09:00:00
2026-07-30,145712498,1205,0,100.0000000000,-100.0000000000,-100.0000000000,0E-7,1,1,0.49324550000000000,0.493245500000,-0.9865810262130424,-0.9865810262130424,-0.9865810262130424,0E-17,ELIGIBLE,R03b_20260811_FULL_v1,L1_ELIGIBILITY,v2026-08-11,2026-03-21..2026-08-06,baccarat_bet02_101_all_pairs_incl_sentinel,round_win = game_pnl > 0 (decisive only),COMPATIBILITY_ONLY_NOT_PRODUCTION,7851.0000,7035.0000,477.3000,101,101,-0.06079480,-0.06079480,,-0.06079480,-477.3000,7851.0000,OK,0.0000,14.3190,3.0000,97.0000,AG03-UNRESOLVED,ALL5_LEVELS_bet23_to_bet27,14.3190,14.3190,14.3190,14.3190,14.3190,3.000000,3.000000,3.000000,3.000000,3.000000,97.000000,97.000000,97.000000,97.000000,97.000000,5.0,71.5950,67.4262,405.7050,409.8738,PENDING_AG03,FALSE,NOT_FOR_ENFORCEMENT,462.9810,6823.9500,477.3000,462.9810,14.3190,0.06079480,0.05897096,14.3190,462.9810,0.05897096,14.3190,14.3190,14.3190,14.3190,14.3190,462.9810,0.05897096,71.5950,67.4262,405.7050,409.8738,0.05167558,0.05220657,0.00182384,77.7327,69.6535,4.7257,53.0333,15.3968,872.3333,11.2222,77.7327,,50.0,58.0,100.0,136.0,200.0,210.9,50.0,0.0,3.448276,3.636207,1.340219,11,26,12,4,1.00000000,0.06079480,0.06079480,0E-8,0.000000,0.896064,0.009901,,2026-07-19,2026-08-06,9,31,28,19,0.473684,,1.000000,3.333333,,,,,,,,GLOBAL_BASELINE_NO_ENTITY_RANKING,,,NOT_APPLICABLE_GLOBAL_BASELINE,HF9g-P5,,,,X 全窗基线 · 不参与实体赏罚,8393211,840,A168_HF9F_20260827_0900,2026-08-27 09:00:00
2026-07-30,145712498,1318,0,93.0000000000,93.0000000000,93.0000000000,1.0000000,1,1,0.49324550000000000,0.493245500000,1.01360149184955,1.01360149184955,1.01360149184955,0E-17,ELIGIBLE,R03b_20260811_FULL_v1,L1_ELIGIBILITY,v2026-08-11,2026-03-21..2026-08-06,baccarat_bet02_101_all_pairs_incl_sentinel,round_win = game_pnl > 0 (decisive only),COMPATIBILITY_ONLY_NOT_PRODUCTION,7851.0000,7035.0000,477.3000,101,101,-0.06079480,-0.06079480,,-0.06079480,-477.3000,7851.0000,OK,0.0000,14.3190,3.0000,97.0000,AG03-UNRESOLVED,ALL5_LEVELS_bet23_to_bet27,14.3190,14.3190,14.3190,14.3190,14.3190,3.000000,3.000000,3.000000,3.000000,3.000000,97.000000,97.000000,97.000000,97.000000,97.000000,5.0,71.5950,67.4262,405.7050,409.8738,PENDING_AG03,FALSE,NOT_FOR_ENFORCEMENT,462.9810,6823.9500,477.3000,462.9810,14.3190,0.06079480,0.05897096,14.3190,462.9810,0.05897096,14.3190,14.3190,14.3190,14.3190,14.3190,462.9810,0.05897096,71.5950,67.4262,405.7050,409.8738,0.05167558,0.05220657,0.00182384,77.7327,69.6535,4.7257,53.0333,15.3968,872.3333,11.2222,77.7327,,50.0,58.0,100.0,136.0,200.0,210.9,50.0,0.0,3.448276,3.636207,1.340219,11,26,12,4,1.00000000,0.06079480,0.06079480,0E-8,0.000000,0.896064,0.009901,,2026-07-19,2026-08-06,9,31,28,19,0.473684,,1.000000,3.333333,,,,,,,,GLOBAL_BASELINE_NO_ENTITY_RANKING,,,NOT_APPLICABLE_GLOBAL_BASELINE,HF9g-P5,,,,X 全窗基线 · 不参与实体赏罚,8393212,840,A168_HF9F_20260827_0900,2026-08-27 09:00:00
2026-07-30,145712498,1505,0,746.0000000000,-188.0000000000,-188.0000000000,0.2000000,8,8,0.49827245000000000,0.498272450000,-1.333922910051016,-1.333922910051016,-1.333922910051016,0E-17,ELIGIBLE,R03b_20260811_FULL_v1,L1_ELIGIBILITY,v2026-08-11,2026-03-21..2026-08-06,baccarat_bet02_101_all_pairs_incl_sentinel,round_win = game_pnl > 0 (decisive only),COMPATIBILITY_ONLY_NOT_PRODUCTION,7851.0000,7035.0000,477.3000,101,101,-0.06079480,-0.06079480,,-0.06079480,-477.3000,7851.0000,OK,0.0000,14.3190,3.0000,97.0000,AG03-UNRESOLVED,ALL5_LEVELS_bet23_to_bet27,14.3190,14.3190,14.3190,14.3190,14.3190,3.000000,3.000000,3.000000,3.000000,3.000000,97.000000,97.000000,97.000000,97.000000,97.000000,5.0,71.5950,67.4262,405.7050,409.8738,PENDING_AG03,FALSE,NOT_FOR_ENFORCEMENT,462.9810,6823.9500,477.3000,462.9810,14.3190,0.06079480,0.05897096,14.3190,462.9810,0.05897096,14.3190,14.3190,14.3190,14.3190,14.3190,462.9810,0.05897096,71.5950,67.4262,405.7050,409.8738,0.05167558,0.05220657,0.00182384,77.7327,69.6535,4.7257,53.0333,15.3968,872.3333,11.2222,77.7327,,50.0,58.0,100.0,136.0,200.0,210.9,50.0,0.0,3.448276,3.636207,1.340219,11,26,12,4,1.00000000,0.06079480,0.06079480,0E-8,0.000000,0.896064,0.009901,,2026-07-19,2026-08-06,9,31,28,19,0.473684,,1.000000,3.333333,,,,,,,,GLOBAL_BASELINE_NO_ENTITY_RANKING,,,NOT_APPLICABLE_GLOBAL_BASELINE,HF9g-P5,,,,X 全窗基线 · 不参与实体赏罚,8393213,840,A168_HF9F_20260827_0900,2026-08-27 09:00:00
2026-07-30,145712498,1646,0,47.0000000000,47.0000000000,47.0000000000,1.0000000,1,1,0.49324550000000000,0.493245500000,1.01360149184955,1.01360149184955,1.01360149184955,0E-17,ELIGIBLE,R03b_20260811_FULL_v1,L1_ELIGIBILITY,v2026-08-11,2026-03-21..2026-08-06,baccarat_bet02_101_all_pairs_incl_sentinel,round_win = game_pnl > 0 (decisive only),COMPATIBILITY_ONLY_NOT_PRODUCTION,7851.0000,7035.0000,477.3000,101,101,-0.06079480,-0.06079480,,-0.06079480,-477.3000,7851.0000,OK,0.0000,14.3190,3.0000,97.0000,AG03-UNRESOLVED,ALL5_LEVELS_bet23_to_bet27,14.3190,14.3190,14.3190,14.3190,14.3190,3.000000,3.000000,3.000000,3.000000,3.000000,97.000000,97.000000,97.000000,97.000000,97.000000,5.0,71.5950,67.4262,405.7050,409.8738,PENDING_AG03,FALSE,NOT_FOR_ENFORCEMENT,462.9810,6823.9500,477.3000,462.9810,14.3190,0.06079480,0.05897096,14.3190,462.9810,0.05897096,14.3190,14.3190,14.3190,14.3190,14.3190,462.9810,0.05897096,71.5950,67.4262,405.7050,409.8738,0.05167558,0.05220657,0.00182384,77.7327,69.6535,4.7257,53.0333,15.3968,872.3333,11.2222,77.7327,,50.0,58.0,100.0,136.0,200.0,210.9,50.0,0.0,3.448276,3.636207,1.340219,11,26,12,4,1.00000000,0.06079480,0.06079480,0E-8,0.000000,0.896064,0.009901,,2026-07-19,2026-08-06,9,31,28,19,0.473684,,1.000000,3.333333,,,,,,,,GLOBAL_BASELINE_NO_ENTITY_RANKING,,,NOT_APPLICABLE_GLOBAL_BASELINE,HF9g-P5,,,,X 全窗基线 · 不参与实体赏罚,8393214,840,A168_HF9F_20260827_0900,2026-08-27 09:00:00
2026-07-30,145712498,1951,0,600.0000000000,-100.0000000000,-100.0000000000,0.3333333,4,4,0.49994810000000000,0.499948100000,-0.5771704854251445,-0.5771704854251445,-0.5771704854251445,0E-17,ELIGIBLE,R03b_20260811_FULL_v1,L1_ELIGIBILITY,v2026-08-11,2026-03-21..2026-08-06,baccarat_bet02_101_all_pairs_incl_sentinel,round_win = game_pnl > 0 (decisive only),COMPATIBILITY_ONLY_NOT_PRODUCTION,7851.0000,7035.0000,477.3000,101,101,-0.06079480,-0.06079480,,-0.06079480,-477.3000,7851.0000,OK,0.0000,14.3190,3.0000,97.0000,AG03-UNRESOLVED,ALL5_LEVELS_bet23_to_bet27,14.3190,14.3190,14.3190,14.3190,14.3190,3.000000,3.000000,3.000000,3.000000,3.000000,97.000000,97.000000,97.000000,97.000000,97.000000,5.0,71.5950,67.4262,405.7050,409.8738,PENDING_AG03,FALSE,NOT_FOR_ENFORCEMENT,462.9810,6823.9500,477.3000,462.9810,14.3190,0.06079480,0.05897096,14.3190,462.9810,0.05897096,14.3190,14.3190,14.3190,14.3190,14.3190,462.9810,0.05897096,71.5950,67.4262,405.7050,409.8738,0.05167558,0.05220657,0.00182384,77.7327,69.6535,4.7257,53.0333,15.3968,872.3333,11.2222,77.7327,,50.0,58.0,100.0,136.0,200.0,210.9,50.0,0.0,3.448276,3.636207,1.340219,11,26,12,4,1.00000000,0.06079480,0.06079480,0E-8,0.000000,0.896064,0.009901,,2026-07-19,2026-08-06,9,31,28,19,0.473684,,1.000000,3.333333,,,,,,,,GLOBAL_BASELINE_NO_ENTITY_RANKING,,,NOT_APPLICABLE_GLOBAL_BASELINE,HF9g-P5,,,,X 全窗基线 · 不参与实体赏罚,8393215,840,A168_HF9F_20260827_0900,2026-08-27 09:00:00
2026-07-30,145712498,1990,0,350.0000000000,-155.0000000000,-155.0000000000,0.3333333,3,3,0.50665070000000000,0.506650700000,-0.6004420894325239,-0.6004420894325239,-0.6004420894325239,0E-17,ELIGIBLE,R03b_20260811_FULL_v1,L1_ELIGIBILITY,v2026-08-11,2026-03-21..2026-08-06,baccarat_bet02_101_all_pairs_incl_sentinel,round_win = game_pnl > 0 (decisive only),COMPATIBILITY_ONLY_NOT_PRODUCTION,7851.0000,7035.0000,477.3000,101,101,-0.06079480,-0.06079480,,-0.06079480,-477.3000,7851.0000,OK,0.0000,14.3190,3.0000,97.0000,AG03-UNRESOLVED,ALL5_LEVELS_bet23_to_bet27,14.3190,14.3190,14.3190,14.3190,14.3190,3.000000,3.000000,3.000000,3.000000,3.000000,97.000000,97.000000,97.000000,97.000000,97.000000,5.0,71.5950,67.4262,405.7050,409.8738,PENDING_AG03,FALSE,NOT_FOR_ENFORCEMENT,462.9810,6823.9500,477.3000,462.9810,14.3190,0.06079480,0.05897096,14.3190,462.9810,0.05897096,14.3190,14.3190,14.3190,14.3190,14.3190,462.9810,0.05897096,71.5950,67.4262,405.7050,409.8738,0.05167558,0.05220657,0.00182384,77.7327,69.6535,4.7257,53.0333,15.3968,872.3333,11.2222,77.7327,,50.0,58.0,100.0,136.0,200.0,210.9,50.0,0.0,3.448276,3.636207,1.340219,11,26,12,4,1.00000000,0.06079480,0.06079480,0E-8,0.000000,0.896064,0.009901,,2026-07-19,2026-08-06,9,31,28,19,0.473684,,1.000000,3.333333,,,,,,,,GLOBAL_BASELINE_NO_ENTITY_RANKING,,,NOT_APPLICABLE_GLOBAL_BASELINE,HF9g-P5,,,,X 全窗基线 · 不参与实体赏罚,8393216,840,A168_HF9F_20260827_0900,2026-08-27 09:00:00
2026-07-30,145712498,2167,0,50.0000000000,-50.0000000000,-50.0000000000,0E-7,1,1,0.07471040000000000,0.074710400000,-0.2841526367669771,-0.2841526367669771,-0.2841526367669771,0E-17,ELIGIBLE,R03b_20260811_FULL_v1,L1_ELIGIBILITY,v2026-08-11,2026-03-21..2026-08-06,baccarat_bet02_101_all_pairs_incl_sentinel,round_win = game_pnl > 0 (decisive only),COMPATIBILITY_ONLY_NOT_PRODUCTION,7851.0000,7035.0000,477.3000,101,101,-0.06079480,-0.06079480,,-0.06079480,-477.3000,7851.0000,OK,0.0000,14.3190,3.0000,97.0000,AG03-UNRESOLVED,ALL5_LEVELS_bet23_to_bet27,14.3190,14.3190,14.3190,14.3190,14.3190,3.000000,3.000000,3.000000,3.000000,3.000000,97.000000,97.000000,97.000000,97.000000,97.000000,5.0,71.5950,67.4262,405.7050,409.8738,PENDING_AG03,FALSE,NOT_FOR_ENFORCEMENT,462.9810,6823.9500,477.3000,462.9810,14.3190,0.06079480,0.05897096,14.3190,462.9810,0.05897096,14.3190,14.3190,14.3190,14.3190,14.3190,462.9810,0.05897096,71.5950,67.4262,405.7050,409.8738,0.05167558,0.05220657,0.00182384,77.7327,69.6535,4.7257,53.0333,15.3968,872.3333,11.2222,77.7327,,50.0,58.0,100.0,136.0,200.0,210.9,50.0,0.0,3.448276,3.636207,1.340219,11,26,12,4,1.00000000,0.06079480,0.06079480,0E-8,0.000000,0.896064,0.009901,,2026-07-19,2026-08-06,9,31,28,19,0.473684,,1.000000,3.333333,,,,,,,,GLOBAL_BASELINE_NO_ENTITY_RANKING,,,NOT_APPLICABLE_GLOBAL_BASELINE,HF9g-P5,,,,X 全窗基线 · 不参与实体赏罚,8393217,840,A168_HF9F_20260827_0900,2026-08-27 09:00:00
2026-07-30,145712498,2174,0,136.0000000000,136.0000000000,136.0000000000,1.0000000,1,1,0.49324550000000000,0.493245500000,1.01360149184955,1.01360149184955,1.01360149184955,0E-17,ELIGIBLE,R03b_20260811_FULL_v1,L1_ELIGIBILITY,v2026-08-11,2026-03-21..2026-08-06,baccarat_bet02_101_all_pairs_incl_sentinel,round_win = game_pnl > 0 (decisive only),COMPATIBILITY_ONLY_NOT_PRODUCTION,7851.0000,7035.0000,477.3000,101,101,-0.06079480,-0.06079480,,-0.06079480,-477.3000,7851.0000,OK,0.0000,14.3190,3.0000,97.0000,AG03-UNRESOLVED,ALL5_LEVELS_bet23_to_bet27,14.3190,14.3190,14.3190,14.3190,14.3190,3.000000,3.000000,3.000000,3.000000,3.000000,97.000000,97.000000,97.000000,97.000000,97.000000,5.0,71.5950,67.4262,405.7050,409.8738,PENDING_AG03,FALSE,NOT_FOR_ENFORCEMENT,462.9810,6823.9500,477.3000,462.9810,14.3190,0.06079480,0.05897096,14.3190,462.9810,0.05897096,14.3190,14.3190,14.3190,14.3190,14.3190,462.9810,0.05897096,71.5950,67.4262,405.7050,409.8738,0.05167558,0.05220657,0.00182384,77.7327,69.6535,4.7257,53.0333,15.3968,872.3333,11.2222,77.7327,,50.0,58.0,100.0,136.0,200.0,210.9,50.0,0.0,3.448276,3.636207,1.340219,11,26,12,4,1.00000000,0.06079480,0.06079480,0E-8,0.000000,0.896064,0.009901,,2026-07-19,2026-08-06,9,31,28,19,0.473684,,1.000000,3.333333,,,,,,,,GLOBAL_BASELINE_NO_ENTITY_RANKING,,,NOT_APPLICABLE_GLOBAL_BASELINE,HF9g-P5,,,,X 全窗基线 · 不参与实体赏罚,8393218,840,A168_HF9F_20260827_0900,2026-08-27 09:00:00
2026-07-30,145712498,550,0,200.0000000000,200.0000000000,200.0000000000,1.0000000,2,2,0.49324550000000000,0.493245500000,1.4334489766152358,1.4334489766152358,1.4334489766152358,0E-17,ELIGIBLE,R03b_20260811_FULL_v1,L1_ELIGIBILITY,v2026-08-11,2026-03-21..2026-08-06,baccarat_bet02_101_all_pairs_incl_sentinel,round_win = game_pnl > 0 (decisive only),COMPATIBILITY_ONLY_NOT_PRODUCTION,7851.0000,7035.0000,477.3000,101,101,-0.06079480,-0.06079480,,-0.06079480,-477.3000,7851.0000,OK,0.0000,14.3190,3.0000,97.0000,AG03-UNRESOLVED,ALL5_LEVELS_bet23_to_bet27,14.3190,14.3190,14.3190,14.3190,14.3190,3.000000,3.000000,3.000000,3.000000,3.000000,97.000000,97.000000,97.000000,97.000000,97.000000,5.0,71.5950,67.4262,405.7050,409.8738,PENDING_AG03,FALSE,NOT_FOR_ENFORCEMENT,462.9810,6823.9500,477.3000,462.9810,14.3190,0.06079480,0.05897096,14.3190,462.9810,0.05897096,14.3190,14.3190,14.3190,14.3190,14.3190,462.9810,0.05897096,71.5950,67.4262,405.7050,409.8738,0.05167558,0.05220657,0.00182384,77.7327,69.6535,4.7257,53.0333,15.3968,872.3333,11.2222,77.7327,,50.0,58.0,100.0,136.0,200.0,210.9,50.0,0.0,3.448276,3.636207,1.340219,11,26,12,4,1.00000000,0.06079480,0.06079480,0E-8,0.000000,0.896064,0.009901,,2026-07-19,2026-08-06,9,31,28,19,0.473684,,1.000000,3.333333,,,,,,,,GLOBAL_BASELINE_NO_ENTITY_RANKING,,,NOT_APPLICABLE_GLOBAL_BASELINE,HF9g-P5,,,,X 全窗基线 · 不参与实体赏罚,8393219,840,A168_HF9F_20260827_0900,2026-08-27 09:00:00
2026-07-30,145712498,919,0,174.0000000000,-174.0000000000,-174.0000000000,0E-7,1,1,0.49324550000000000,0.493245500000,-0.9865810262130424,-0.9865810262130424,-0.9865810262130424,0E-17,ELIGIBLE,R03b_20260811_FULL_v1,L1_ELIGIBILITY,v2026-08-11,2026-03-21..2026-08-06,baccarat_bet02_101_all_pairs_incl_sentinel,round_win = game_pnl > 0 (decisive only),COMPATIBILITY_ONLY_NOT_PRODUCTION,7851.0000,7035.0000,477.3000,101,101,-0.06079480,-0.06079480,,-0.06079480,-477.3000,7851.0000,OK,0.0000,14.3190,3.0000,97.0000,AG03-UNRESOLVED,ALL5_LEVELS_bet23_to_bet27,14.3190,14.3190,14.3190,14.3190,14.3190,3.000000,3.000000,3.000000,3.000000,3.000000,97.000000,97.000000,97.000000,97.000000,97.000000,5.0,71.5950,67.4262,405.7050,409.8738,PENDING_AG03,FALSE,NOT_FOR_ENFORCEMENT,462.9810,6823.9500,477.3000,462.9810,14.3190,0.06079480,0.05897096,14.3190,462.9810,0.05897096,14.3190,14.3190,14.3190,14.3190,14.3190,462.9810,0.05897096,71.5950,67.4262,405.7050,409.8738,0.05167558,0.05220657,0.00182384,77.7327,69.6535,4.7257,53.0333,15.3968,872.3333,11.2222,77.7327,,50.0,58.0,100.0,136.0,200.0,210.9,50.0,0.0,3.448276,3.636207,1.340219,11,26,12,4,1.00000000,0.06079480,0.06079480,0E-8,0.000000,0.896064,0.009901,,2026-07-19,2026-08-06,9,31,28,19,0.473684,,1.000000,3.333333,,,,,,,,GLOBAL_BASELINE_NO_ENTITY_RANKING,,,NOT_APPLICABLE_GLOBAL_BASELINE,HF9g-P5,,,,X 全窗基线 · 不参与实体赏罚,8393220,840,A168_HF9F_20260827_0900,2026-08-27 09:00:00
2026-07-30,145712498,948,0,570.0000000000,230.0000000000,230.0000000000,0.6666667,9,9,0.44823106666666667,0.448231066667,1.3176955381654043,1.3176955381633018,1.3176955381654043,-3.3333E-13,ELIGIBLE,R03b_20260811_FULL_v1,L1_ELIGIBILITY,v2026-08-11,2026-03-21..2026-08-06,baccarat_bet02_101_all_pairs_incl_sentinel,round_win = game_pnl > 0 (decisive only),COMPATIBILITY_ONLY_NOT_PRODUCTION,7851.0000,7035.0000,477.3000,101,101,-0.06079480,-0.06079480,,-0.06079480,-477.3000,7851.0000,OK,0.0000,14.3190,3.0000,97.0000,AG03-UNRESOLVED,ALL5_LEVELS_bet23_to_bet27,14.3190,14.3190,14.3190,14.3190,14.3190,3.000000,3.000000,3.000000,3.000000,3.000000,97.000000,97.000000,97.000000,97.000000,97.000000,5.0,71.5950,67.4262,405.7050,409.8738,PENDING_AG03,FALSE,NOT_FOR_ENFORCEMENT,462.9810,6823.9500,477.3000,462.9810,14.3190,0.06079480,0.05897096,14.3190,462.9810,0.05897096,14.3190,14.3190,14.3190,14.3190,14.3190,462.9810,0.05897096,71.5950,67.4262,405.7050,409.8738,0.05167558,0.05220657,0.00182384,77.7327,69.6535,4.7257,53.0333,15.3968,872.3333,11.2222,77.7327,,50.0,58.0,100.0,136.0,200.0,210.9,50.0,0.0,3.448276,3.636207,1.340219,11,26,12,4,1.00000000,0.06079480,0.06079480,0E-8,0.000000,0.896064,0.009901,,2026-07-19,2026-08-06,9,31,28,19,0.473684,,1.000000,3.333333,,,,,,,,GLOBAL_BASELINE_NO_ENTITY_RANKING,,,NOT_APPLICABLE_GLOBAL_BASELINE,HF9g-P5,,,,X 全窗基线 · 不参与实体赏罚,8393221,840,A168_HF9F_20260827_0900,2026-08-27 09:00:00
2026-08-01,145712498,1400,0,44.0000000000,-44.0000000000,-44.0000000000,0E-7,1,1,0.49324550000000000,0.493245500000,-0.9865810262130424,-0.9865810262130424,-0.9865810262130424,0E-17,ELIGIBLE,R03b_20260811_FULL_v1,L1_ELIGIBILITY,v2026-08-11,2026-03-21..2026-08-06,baccarat_bet02_101_all_pairs_incl_sentinel,round_win = game_pnl > 0 (decisive only),COMPATIBILITY_ONLY_NOT_PRODUCTION,7851.0000,7035.0000,477.3000,101,101,-0.06079480,-0.06079480,,-0.06079480,-477.3000,7851.0000,OK,0.0000,14.3190,3.0000,97.0000,AG03-UNRESOLVED,ALL5_LEVELS_bet23_to_bet27,14.3190,14.3190,14.3190,14.3190,14.3190,3.000000,3.000000,3.000000,3.000000,3.000000,97.000000,97.000000,97.000000,97.000000,97.000000,5.0,71.5950,67.4262,405.7050,409.8738,PENDING_AG03,FALSE,NOT_FOR_ENFORCEMENT,462.9810,6823.9500,477.3000,462.9810,14.3190,0.06079480,0.05897096,14.3190,462.9810,0.05897096,14.3190,14.3190,14.3190,14.3190,14.3190,462.9810,0.05897096,71.5950,67.4262,405.7050,409.8738,0.05167558,0.05220657,0.00182384,77.7327,69.6535,4.7257,53.0333,15.3968,872.3333,11.2222,77.7327,,50.0,58.0,100.0,136.0,200.0,210.9,50.0,0.0,3.448276,3.636207,1.340219,11,26,12,4,1.00000000,0.06079480,0.06079480,0E-8,0.000000,0.896064,0.009901,,2026-07-19,2026-08-06,9,31,28,19,0.473684,,1.000000,3.333333,,,,,,,,GLOBAL_BASELINE_NO_ENTITY_RANKING,,,NOT_APPLICABLE_GLOBAL_BASELINE,HF9g-P5,,,,X 全窗基线 · 不参与实体赏罚,8393222,840,A168_HF9F_20260827_0900,2026-08-27 09:00:00
2026-08-01,145712498,1402,0,232.0000000000,-116.0000000000,-116.0000000000,0E-7,2,2,0.50665070000000000,0.506650700000,-1.013391052207602,-1.013391052207602,-1.013391052207602,0E-17,ELIGIBLE,R03b_20260811_FULL_v1,L1_ELIGIBILITY,v2026-08-11,2026-03-21..2026-08-06,baccarat_bet02_101_all_pairs_incl_sentinel,round_win = game_pnl > 0 (decisive only),COMPATIBILITY_ONLY_NOT_PRODUCTION,7851.0000,7035.0000,477.3000,101,101,-0.06079480,-0.06079480,,-0.06079480,-477.3000,7851.0000,OK,0.0000,14.3190,3.0000,97.0000,AG03-UNRESOLVED,ALL5_LEVELS_bet23_to_bet27,14.3190,14.3190,14.3190,14.3190,14.3190,3.000000,3.000000,3.000000,3.000000,3.000000,97.000000,97.000000,97.000000,97.000000,97.000000,5.0,71.5950,67.4262,405.7050,409.8738,PENDING_AG03,FALSE,NOT_FOR_ENFORCEMENT,462.9810,6823.9500,477.3000,462.9810,14.3190,0.06079480,0.05897096,14.3190,462.9810,0.05897096,14.3190,14.3190,14.3190,14.3190,14.3190,462.9810,0.05897096,71.5950,67.4262,405.7050,409.8738,0.05167558,0.05220657,0.00182384,77.7327,69.6535,4.7257,53.0333,15.3968,872.3333,11.2222,77.7327,,50.0,58.0,100.0,136.0,200.0,210.9,50.0,0.0,3.448276,3.636207,1.340219,11,26,12,4,1.00000000,0.06079480,0.06079480,0E-8,0.000000,0.896064,0.009901,,2026-07-19,2026-08-06,9,31,28,19,0.473684,,1.000000,3.333333,,,,,,,,GLOBAL_BASELINE_NO_ENTITY_RANKING,,,NOT_APPLICABLE_GLOBAL_BASELINE,HF9g-P5,,,,X 全窗基线 · 不参与实体赏罚,8393223,840,A168_HF9F_20260827_0900,2026-08-27 09:00:00
2026-08-01,145712498,1505,0,290.0000000000,155.0000000000,155.0000000000,0.6666667,7,7,0.44012660000000000,0.440126600000,1.1178587319220403,1.1178587319220405,1.1178587319220403,0E-17,ELIGIBLE,R03b_20260811_FULL_v1,L1_ELIGIBILITY,v2026-08-11,2026-03-21..2026-08-06,baccarat_bet02_101_all_pairs_incl_sentinel,round_win = game_pnl > 0 (decisive only),COMPATIBILITY_ONLY_NOT_PRODUCTION,7851.0000,7035.0000,477.3000,101,101,-0.06079480,-0.06079480,,-0.06079480,-477.3000,7851.0000,OK,0.0000,14.3190,3.0000,97.0000,AG03-UNRESOLVED,ALL5_LEVELS_bet23_to_bet27,14.3190,14.3190,14.3190,14.3190,14.3190,3.000000,3.000000,3.000000,3.000000,3.000000,97.000000,97.000000,97.000000,97.000000,97.000000,5.0,71.5950,67.4262,405.7050,409.8738,PENDING_AG03,FALSE,NOT_FOR_ENFORCEMENT,462.9810,6823.9500,477.3000,462.9810,14.3190,0.06079480,0.05897096,14.3190,462.9810,0.05897096,14.3190,14.3190,14.3190,14.3190,14.3190,462.9810,0.05897096,71.5950,67.4262,405.7050,409.8738,0.05167558,0.05220657,0.00182384,77.7327,69.6535,4.7257,53.0333,15.3968,872.3333,11.2222,77.7327,,50.0,58.0,100.0,136.0,200.0,210.9,50.0,0.0,3.448276,3.636207,1.340219,11,26,12,4,1.00000000,0.06079480,0.06079480,0E-8,0.000000,0.896064,0.009901,,2026-07-19,2026-08-06,9,31,28,19,0.473684,,1.000000,3.333333,,,,,,,,GLOBAL_BASELINE_NO_ENTITY_RANKING,,,NOT_APPLICABLE_GLOBAL_BASELINE,HF9g-P5,,,,X 全窗基线 · 不参与实体赏罚,8393224,840,A168_HF9F_20260827_0900,2026-08-27 09:00:00
2026-08-01,145712498,1646,0,220.0000000000,-25.0000000000,-25.0000000000,0.3333333,3,3,0.49771390000000000,0.497713900000,-0.5694369385616226,-0.5694369385616226,-0.5694369385616226,0E-17,ELIGIBLE,R03b_20260811_FULL_v1,L1_ELIGIBILITY,v2026-08-11,2026-03-21..2026-08-06,baccarat_bet02_101_all_pairs_incl_sentinel,round_win = game_pnl > 0 (decisive only),COMPATIBILITY_ONLY_NOT_PRODUCTION,7851.0000,7035.0000,477.3000,101,101,-0.06079480,-0.06079480,,-0.06079480,-477.3000,7851.0000,OK,0.0000,14.3190,3.0000,97.0000,AG03-UNRESOLVED,ALL5_LEVELS_bet23_to_bet27,14.3190,14.3190,14.3190,14.3190,14.3190,3.000000,3.000000,3.000000,3.000000,3.000000,97.000000,97.000000,97.000000,97.000000,97.000000,5.0,71.5950,67.4262,405.7050,409.8738,PENDING_AG03,FALSE,NOT_FOR_ENFORCEMENT,462.9810,6823.9500,477.3000,462.9810,14.3190,0.06079480,0.05897096,14.3190,462.9810,0.05897096,14.3190,14.3190,14.3190,14.3190,14.3190,462.9810,0.05897096,71.5950,67.4262,405.7050,409.8738,0.05167558,0.05220657,0.00182384,77.7327,69.6535,4.7257,53.0333,15.3968,872.3333,11.2222,77.7327,,50.0,58.0,100.0,136.0,200.0,210.9,50.0,0.0,3.448276,3.636207,1.340219,11,26,12,4,1.00000000,0.06079480,0.06079480,0E-8,0.000000,0.896064,0.009901,,2026-07-19,2026-08-06,9,31,28,19,0.473684,,1.000000,3.333333,,,,,,,,GLOBAL_BASELINE_NO_ENTITY_RANKING,,,NOT_APPLICABLE_GLOBAL_BASELINE,HF9g-P5,,,,X 全窗基线 · 不参与实体赏罚,8393225,840,A168_HF9F_20260827_0900,2026-08-27 09:00:00
2026-08-01,145712498,2103,0,178.0000000000,78.0000000000,78.0000000000,1.0000000,3,3,0.49771390000000000,0.497713900000,1.4206944795187548,1.420694479518755,1.4206944795187548,0E-17,ELIGIBLE,R03b_20260811_FULL_v1,L1_ELIGIBILITY,v2026-08-11,2026-03-21..2026-08-06,baccarat_bet02_101_all_pairs_incl_sentinel,round_win = game_pnl > 0 (decisive only),COMPATIBILITY_ONLY_NOT_PRODUCTION,7851.0000,7035.0000,477.3000,101,101,-0.06079480,-0.06079480,,-0.06079480,-477.3000,7851.0000,OK,0.0000,14.3190,3.0000,97.0000,AG03-UNRESOLVED,ALL5_LEVELS_bet23_to_bet27,14.3190,14.3190,14.3190,14.3190,14.3190,3.000000,3.000000,3.000000,3.000000,3.000000,97.000000,97.000000,97.000000,97.000000,97.000000,5.0,71.5950,67.4262,405.7050,409.8738,PENDING_AG03,FALSE,NOT_FOR_ENFORCEMENT,462.9810,6823.9500,477.3000,462.9810,14.3190,0.06079480,0.05897096,14.3190,462.9810,0.05897096,14.3190,14.3190,14.3190,14.3190,14.3190,462.9810,0.05897096,71.5950,67.4262,405.7050,409.8738,0.05167558,0.05220657,0.00182384,77.7327,69.6535,4.7257,53.0333,15.3968,872.3333,11.2222,77.7327,,50.0,58.0,100.0,136.0,200.0,210.9,50.0,0.0,3.448276,3.636207,1.340219,11,26,12,4,1.00000000,0.06079480,0.06079480,0E-8,0.000000,0.896064,0.009901,,2026-07-19,2026-08-06,9,31,28,19,0.473684,,1.000000,3.333333,,,,,,,,GLOBAL_BASELINE_NO_ENTITY_RANKING,,,NOT_APPLICABLE_GLOBAL_BASELINE,HF9g-P5,,,,X 全窗基线 · 不参与实体赏罚,8393226,840,A168_HF9F_20260827_0900,2026-08-27 09:00:00
2026-08-01,145712498,2250,0,100.0000000000,-100.0000000000,-100.0000000000,0E-7,1,1,0.49324550000000000,0.493245500000,-0.9865810262130424,-0.9865810262130424,-0.9865810262130424,0E-17,ELIGIBLE,R03b_20260811_FULL_v1,L1_ELIGIBILITY,v2026-08-11,2026-03-21..2026-08-06,baccarat_bet02_101_all_pairs_incl_sentinel,round_win = game_pnl > 0 (decisive only),COMPATIBILITY_ONLY_NOT_PRODUCTION,7851.0000,7035.0000,477.3000,101,101,-0.06079480,-0.06079480,,-0.06079480,-477.3000,7851.0000,OK,0.0000,14.3190,3.0000,97.0000,AG03-UNRESOLVED,ALL5_LEVELS_bet23_to_bet27,14.3190,14.3190,14.3190,14.3190,14.3190,3.000000,3.000000,3.000000,3.000000,3.000000,97.000000,97.000000,97.000000,97.000000,97.000000,5.0,71.5950,67.4262,405.7050,409.8738,PENDING_AG03,FALSE,NOT_FOR_ENFORCEMENT,462.9810,6823.9500,477.3000,462.9810,14.3190,0.06079480,0.05897096,14.3190,462.9810,0.05897096,14.3190,14.3190,14.3190,14.3190,14.3190,462.9810,0.05897096,71.5950,67.4262,405.7050,409.8738,0.05167558,0.05220657,0.00182384,77.7327,69.6535,4.7257,53.0333,15.3968,872.3333,11.2222,77.7327,,50.0,58.0,100.0,136.0,200.0,210.9,50.0,0.0,3.448276,3.636207,1.340219,11,26,12,4,1.00000000,0.06079480,0.06079480,0E-8,0.000000,0.896064,0.009901,,2026-07-19,2026-08-06,9,31,28,19,0.473684,,1.000000,3.333333,,,,,,,,GLOBAL_BASELINE_NO_ENTITY_RANKING,,,NOT_APPLICABLE_GLOBAL_BASELINE,HF9g-P5,,,,X 全窗基线 · 不参与实体赏罚,8393227,840,A168_HF9F_20260827_0900,2026-08-27 09:00:00
2026-08-02,145712498,2093,0,52.0000000000,-52.0000000000,-52.0000000000,0E-7,1,1,0.49324550000000000,0.493245500000,-0.9865810262130424,-0.9865810262130424,-0.9865810262130424,0E-17,ELIGIBLE,R03b_20260811_FULL_v1,L1_ELIGIBILITY,v2026-08-11,2026-03-21..2026-08-06,baccarat_bet02_101_all_pairs_incl_sentinel,round_win = game_pnl > 0 (decisive only),COMPATIBILITY_ONLY_NOT_PRODUCTION,7851.0000,7035.0000,477.3000,101,101,-0.06079480,-0.06079480,,-0.06079480,-477.3000,7851.0000,OK,0.0000,14.3190,3.0000,97.0000,AG03-UNRESOLVED,ALL5_LEVELS_bet23_to_bet27,14.3190,14.3190,14.3190,14.3190,14.3190,3.000000,3.000000,3.000000,3.000000,3.000000,97.000000,97.000000,97.000000,97.000000,97.000000,5.0,71.5950,67.4262,405.7050,409.8738,PENDING_AG03,FALSE,NOT_FOR_ENFORCEMENT,462.9810,6823.9500,477.3000,462.9810,14.3190,0.06079480,0.05897096,14.3190,462.9810,0.05897096,14.3190,14.3190,14.3190,14.3190,14.3190,462.9810,0.05897096,71.5950,67.4262,405.7050,409.8738,0.05167558,0.05220657,0.00182384,77.7327,69.6535,4.7257,53.0333,15.3968,872.3333,11.2222,77.7327,,50.0,58.0,100.0,136.0,200.0,210.9,50.0,0.0,3.448276,3.636207,1.340219,11,26,12,4,1.00000000,0.06079480,0.06079480,0E-8,0.000000,0.896064,0.009901,,2026-07-19,2026-08-06,9,31,28,19,0.473684,,1.000000,3.333333,,,,,,,,GLOBAL_BASELINE_NO_ENTITY_RANKING,,,NOT_APPLICABLE_GLOBAL_BASELINE,HF9g-P5,,,,X 全窗基线 · 不参与实体赏罚,8393228,840,A168_HF9F_20260827_0900,2026-08-27 09:00:00
2026-08-04,145712498,1400,0,92.0000000000,-92.0000000000,-92.0000000000,0E-7,1,1,0.50665070000000000,0.506650700000,-1.013391052207602,-1.013391052207602,-1.013391052207602,0E-17,ELIGIBLE,R03b_20260811_FULL_v1,L1_ELIGIBILITY,v2026-08-11,2026-03-21..2026-08-06,baccarat_bet02_101_all_pairs_incl_sentinel,round_win = game_pnl > 0 (decisive only),COMPATIBILITY_ONLY_NOT_PRODUCTION,7851.0000,7035.0000,477.3000,101,101,-0.06079480,-0.06079480,,-0.06079480,-477.3000,7851.0000,OK,0.0000,14.3190,3.0000,97.0000,AG03-UNRESOLVED,ALL5_LEVELS_bet23_to_bet27,14.3190,14.3190,14.3190,14.3190,14.3190,3.000000,3.000000,3.000000,3.000000,3.000000,97.000000,97.000000,97.000000,97.000000,97.000000,5.0,71.5950,67.4262,405.7050,409.8738,PENDING_AG03,FALSE,NOT_FOR_ENFORCEMENT,462.9810,6823.9500,477.3000,462.9810,14.3190,0.06079480,0.05897096,14.3190,462.9810,0.05897096,14.3190,14.3190,14.3190,14.3190,14.3190,462.9810,0.05897096,71.5950,67.4262,405.7050,409.8738,0.05167558,0.05220657,0.00182384,77.7327,69.6535,4.7257,53.0333,15.3968,872.3333,11.2222,77.7327,,50.0,58.0,100.0,136.0,200.0,210.9,50.0,0.0,3.448276,3.636207,1.340219,11,26,12,4,1.00000000,0.06079480,0.06079480,0E-8,0.000000,0.896064,0.009901,,2026-07-19,2026-08-06,9,31,28,19,0.473684,,1.000000,3.333333,,,,,,,,GLOBAL_BASELINE_NO_ENTITY_RANKING,,,NOT_APPLICABLE_GLOBAL_BASELINE,HF9g-P5,,,,X 全窗基线 · 不参与实体赏罚,8393229,840,A168_HF9F_20260827_0900,2026-08-27 09:00:00
2026-08-04,145712498,1402,0,140.0000000000,16.0000000000,16.0000000000,0.6666667,3,3,0.50665070000000000,0.506650700000,0.5543606114942035,0.5543606114942035,0.5543606114942035,0E-17,ELIGIBLE,R03b_20260811_FULL_v1,L1_ELIGIBILITY,v2026-08-11,2026-03-21..2026-08-06,baccarat_bet02_101_all_pairs_incl_sentinel,round_win = game_pnl > 0 (decisive only),COMPATIBILITY_ONLY_NOT_PRODUCTION,7851.0000,7035.0000,477.3000,101,101,-0.06079480,-0.06079480,,-0.06079480,-477.3000,7851.0000,OK,0.0000,14.3190,3.0000,97.0000,AG03-UNRESOLVED,ALL5_LEVELS_bet23_to_bet27,14.3190,14.3190,14.3190,14.3190,14.3190,3.000000,3.000000,3.000000,3.000000,3.000000,97.000000,97.000000,97.000000,97.000000,97.000000,5.0,71.5950,67.4262,405.7050,409.8738,PENDING_AG03,FALSE,NOT_FOR_ENFORCEMENT,462.9810,6823.9500,477.3000,462.9810,14.3190,0.06079480,0.05897096,14.3190,462.9810,0.05897096,14.3190,14.3190,14.3190,14.3190,14.3190,462.9810,0.05897096,71.5950,67.4262,405.7050,409.8738,0.05167558,0.05220657,0.00182384,77.7327,69.6535,4.7257,53.0333,15.3968,872.3333,11.2222,77.7327,,50.0,58.0,100.0,136.0,200.0,210.9,50.0,0.0,3.448276,3.636207,1.340219,11,26,12,4,1.00000000,0.06079480,0.06079480,0E-8,0.000000,0.896064,0.009901,,2026-07-19,2026-08-06,9,31,28,19,0.473684,,1.000000,3.333333,,,,,,,,GLOBAL_BASELINE_NO_ENTITY_RANKING,,,NOT_APPLICABLE_GLOBAL_BASELINE,HF9g-P5,,,,X 全窗基线 · 不参与实体赏罚,8393230,840,A168_HF9F_20260827_0900,2026-08-27 09:00:00
2026-08-04,145712498,2196,0,556.0000000000,40.7000000000,40.7000000000,0.2857143,7,7,0.44204162857142857,0.442041628571,-0.832820644089154,-0.8328206440869549,-0.832820644089154,4.2857E-13,ELIGIBLE,R03b_20260811_FULL_v1,L1_ELIGIBILITY,v2026-08-11,2026-03-21..2026-08-06,baccarat_bet02_101_all_pairs_incl_sentinel,round_win = game_pnl > 0 (decisive only),COMPATIBILITY_ONLY_NOT_PRODUCTION,7851.0000,7035.0000,477.3000,101,101,-0.06079480,-0.06079480,,-0.06079480,-477.3000,7851.0000,OK,0.0000,14.3190,3.0000,97.0000,AG03-UNRESOLVED,ALL5_LEVELS_bet23_to_bet27,14.3190,14.3190,14.3190,14.3190,14.3190,3.000000,3.000000,3.000000,3.000000,3.000000,97.000000,97.000000,97.000000,97.000000,97.000000,5.0,71.5950,67.4262,405.7050,409.8738,PENDING_AG03,FALSE,NOT_FOR_ENFORCEMENT,462.9810,6823.9500,477.3000,462.9810,14.3190,0.06079480,0.05897096,14.3190,462.9810,0.05897096,14.3190,14.3190,14.3190,14.3190,14.3190,462.9810,0.05897096,71.5950,67.4262,405.7050,409.8738,0.05167558,0.05220657,0.00182384,77.7327,69.6535,4.7257,53.0333,15.3968,872.3333,11.2222,77.7327,,50.0,58.0,100.0,136.0,200.0,210.9,50.0,0.0,3.448276,3.636207,1.340219,11,26,12,4,1.00000000,0.06079480,0.06079480,0E-8,0.000000,0.896064,0.009901,,2026-07-19,2026-08-06,9,31,28,19,0.473684,,1.000000,3.333333,,,,,,,,GLOBAL_BASELINE_NO_ENTITY_RANKING,,,NOT_APPLICABLE_GLOBAL_BASELINE,HF9g-P5,,,,X 全窗基线 · 不参与实体赏罚,8393231,840,A168_HF9F_20260827_0900,2026-08-27 09:00:00
2026-08-04,145712498,2235,0,216.0000000000,-216.0000000000,-216.0000000000,0E-7,1,1,0.49324550000000000,0.493245500000,-0.9865810262130424,-0.9865810262130424,-0.9865810262130424,0E-17,ELIGIBLE,R03b_20260811_FULL_v1,L1_ELIGIBILITY,v2026-08-11,2026-03-21..2026-08-06,baccarat_bet02_101_all_pairs_incl_sentinel,round_win = game_pnl > 0 (decisive only),COMPATIBILITY_ONLY_NOT_PRODUCTION,7851.0000,7035.0000,477.3000,101,101,-0.06079480,-0.06079480,,-0.06079480,-477.3000,7851.0000,OK,0.0000,14.3190,3.0000,97.0000,AG03-UNRESOLVED,ALL5_LEVELS_bet23_to_bet27,14.3190,14.3190,14.3190,14.3190,14.3190,3.000000,3.000000,3.000000,3.000000,3.000000,97.000000,97.000000,97.000000,97.000000,97.000000,5.0,71.5950,67.4262,405.7050,409.8738,PENDING_AG03,FALSE,NOT_FOR_ENFORCEMENT,462.9810,6823.9500,477.3000,462.9810,14.3190,0.06079480,0.05897096,14.3190,462.9810,0.05897096,14.3190,14.3190,14.3190,14.3190,14.3190,462.9810,0.05897096,71.5950,67.4262,405.7050,409.8738,0.05167558,0.05220657,0.00182384,77.7327,69.6535,4.7257,53.0333,15.3968,872.3333,11.2222,77.7327,,50.0,58.0,100.0,136.0,200.0,210.9,50.0,0.0,3.448276,3.636207,1.340219,11,26,12,4,1.00000000,0.06079480,0.06079480,0E-8,0.000000,0.896064,0.009901,,2026-07-19,2026-08-06,9,31,28,19,0.473684,,1.000000,3.333333,,,,,,,,GLOBAL_BASELINE_NO_ENTITY_RANKING,,,NOT_APPLICABLE_GLOBAL_BASELINE,HF9g-P5,,,,X 全窗基线 · 不参与实体赏罚,8393232,840,A168_HF9F_20260827_0900,2026-08-27 09:00:00
2026-08-04,145712498,2252,0,100.0000000000,-50.0000000000,-50.0000000000,0E-7,2,2,0.49324550000000000,0.493245500000,-0.9865810262130424,-0.9865810262130424,-0.9865810262130424,0E-17,ELIGIBLE,R03b_20260811_FULL_v1,L1_ELIGIBILITY,v2026-08-11,2026-03-21..2026-08-06,baccarat_bet02_101_all_pairs_incl_sentinel,round_win = game_pnl > 0 (decisive only),COMPATIBILITY_ONLY_NOT_PRODUCTION,7851.0000,7035.0000,477.3000,101,101,-0.06079480,-0.06079480,,-0.06079480,-477.3000,7851.0000,OK,0.0000,14.3190,3.0000,97.0000,AG03-UNRESOLVED,ALL5_LEVELS_bet23_to_bet27,14.3190,14.3190,14.3190,14.3190,14.3190,3.000000,3.000000,3.000000,3.000000,3.000000,97.000000,97.000000,97.000000,97.000000,97.000000,5.0,71.5950,67.4262,405.7050,409.8738,PENDING_AG03,FALSE,NOT_FOR_ENFORCEMENT,462.9810,6823.9500,477.3000,462.9810,14.3190,0.06079480,0.05897096,14.3190,462.9810,0.05897096,14.3190,14.3190,14.3190,14.3190,14.3190,462.9810,0.05897096,71.5950,67.4262,405.7050,409.8738,0.05167558,0.05220657,0.00182384,77.7327,69.6535,4.7257,53.0333,15.3968,872.3333,11.2222,77.7327,,50.0,58.0,100.0,136.0,200.0,210.9,50.0,0.0,3.448276,3.636207,1.340219,11,26,12,4,1.00000000,0.06079480,0.06079480,0E-8,0.000000,0.896064,0.009901,,2026-07-19,2026-08-06,9,31,28,19,0.473684,,1.000000,3.333333,,,,,,,,GLOBAL_BASELINE_NO_ENTITY_RANKING,,,NOT_APPLICABLE_GLOBAL_BASELINE,HF9g-P5,,,,X 全窗基线 · 不参与实体赏罚,8393233,840,A168_HF9F_20260827_0900,2026-08-27 09:00:00
2026-08-06,145712498,1306,0,120.0000000000,117.5000000000,117.5000000000,1.0000000,3,3,0.49771390000000000,0.497713900000,1.739988277604938,1.739988277604938,1.739988277604938,0E-17,ELIGIBLE,R03b_20260811_FULL_v1,L1_ELIGIBILITY,v2026-08-11,2026-03-21..2026-08-06,baccarat_bet02_101_all_pairs_incl_sentinel,round_win = game_pnl > 0 (decisive only),COMPATIBILITY_ONLY_NOT_PRODUCTION,7851.0000,7035.0000,477.3000,101,101,-0.06079480,-0.06079480,,-0.06079480,-477.3000,7851.0000,OK,0.0000,14.3190,3.0000,97.0000,AG03-UNRESOLVED,ALL5_LEVELS_bet23_to_bet27,14.3190,14.3190,14.3190,14.3190,14.3190,3.000000,3.000000,3.000000,3.000000,3.000000,97.000000,97.000000,97.000000,97.000000,97.000000,5.0,71.5950,67.4262,405.7050,409.8738,PENDING_AG03,FALSE,NOT_FOR_ENFORCEMENT,462.9810,6823.9500,477.3000,462.9810,14.3190,0.06079480,0.05897096,14.3190,462.9810,0.05897096,14.3190,14.3190,14.3190,14.3190,14.3190,462.9810,0.05897096,71.5950,67.4262,405.7050,409.8738,0.05167558,0.05220657,0.00182384,77.7327,69.6535,4.7257,53.0333,15.3968,872.3333,11.2222,77.7327,,50.0,58.0,100.0,136.0,200.0,210.9,50.0,0.0,3.448276,3.636207,1.340219,11,26,12,4,1.00000000,0.06079480,0.06079480,0E-8,0.000000,0.896064,0.009901,,2026-07-19,2026-08-06,9,31,28,19,0.473684,,1.000000,3.333333,,,,,,,,GLOBAL_BASELINE_NO_ENTITY_RANKING,,,NOT_APPLICABLE_GLOBAL_BASELINE,HF9g-P5,,,,X 全窗基线 · 不参与实体赏罚,8393234,840,A168_HF9F_20260827_0900,2026-08-27 09:00:00
2026-08-06,145712498,1505,0,151.0000000000,151.0000000000,151.0000000000,1.0000000,2,2,0.49324550000000000,0.493245500000,1.4334489766152358,1.4334489766152358,1.4334489766152358,0E-17,ELIGIBLE,R03b_20260811_FULL_v1,L1_ELIGIBILITY,v2026-08-11,2026-03-21..2026-08-06,baccarat_bet02_101_all_pairs_incl_sentinel,round_win = game_pnl > 0 (decisive only),COMPATIBILITY_ONLY_NOT_PRODUCTION,7851.0000,7035.0000,477.3000,101,101,-0.06079480,-0.06079480,,-0.06079480,-477.3000,7851.0000,OK,0.0000,14.3190,3.0000,97.0000,AG03-UNRESOLVED,ALL5_LEVELS_bet23_to_bet27,14.3190,14.3190,14.3190,14.3190,14.3190,3.000000,3.000000,3.000000,3.000000,3.000000,97.000000,97.000000,97.000000,97.000000,97.000000,5.0,71.5950,67.4262,405.7050,409.8738,PENDING_AG03,FALSE,NOT_FOR_ENFORCEMENT,462.9810,6823.9500,477.3000,462.9810,14.3190,0.06079480,0.05897096,14.3190,462.9810,0.05897096,14.3190,14.3190,14.3190,14.3190,14.3190,462.9810,0.05897096,71.5950,67.4262,405.7050,409.8738,0.05167558,0.05220657,0.00182384,77.7327,69.6535,4.7257,53.0333,15.3968,872.3333,11.2222,77.7327,,50.0,58.0,100.0,136.0,200.0,210.9,50.0,0.0,3.448276,3.636207,1.340219,11,26,12,4,1.00000000,0.06079480,0.06079480,0E-8,0.000000,0.896064,0.009901,,2026-07-19,2026-08-06,9,31,28,19,0.473684,,1.000000,3.333333,,,,,,,,GLOBAL_BASELINE_NO_ENTITY_RANKING,,,NOT_APPLICABLE_GLOBAL_BASELINE,HF9g-P5,,,,X 全窗基线 · 不参与实体赏罚,8393235,840,A168_HF9F_20260827_0900,2026-08-27 09:00:00
2026-08-06,145712498,1985,0,76.0000000000,-76.0000000000,-76.0000000000,0E-7,1,1,0.50665070000000000,0.506650700000,-1.013391052207602,-1.013391052207602,-1.013391052207602,0E-17,ELIGIBLE,R03b_20260811_FULL_v1,L1_ELIGIBILITY,v2026-08-11,2026-03-21..2026-08-06,baccarat_bet02_101_all_pairs_incl_sentinel,round_win = game_pnl > 0 (decisive only),COMPATIBILITY_ONLY_NOT_PRODUCTION,7851.0000,7035.0000,477.3000,101,101,-0.06079480,-0.06079480,,-0.06079480,-477.3000,7851.0000,OK,0.0000,14.3190,3.0000,97.0000,AG03-UNRESOLVED,ALL5_LEVELS_bet23_to_bet27,14.3190,14.3190,14.3190,14.3190,14.3190,3.000000,3.000000,3.000000,3.000000,3.000000,97.000000,97.000000,97.000000,97.000000,97.000000,5.0,71.5950,67.4262,405.7050,409.8738,PENDING_AG03,FALSE,NOT_FOR_ENFORCEMENT,462.9810,6823.9500,477.3000,462.9810,14.3190,0.06079480,0.05897096,14.3190,462.9810,0.05897096,14.3190,14.3190,14.3190,14.3190,14.3190,462.9810,0.05897096,71.5950,67.4262,405.7050,409.8738,0.05167558,0.05220657,0.00182384,77.7327,69.6535,4.7257,53.0333,15.3968,872.3333,11.2222,77.7327,,50.0,58.0,100.0,136.0,200.0,210.9,50.0,0.0,3.448276,3.636207,1.340219,11,26,12,4,1.00000000,0.06079480,0.06079480,0E-8,0.000000,0.896064,0.009901,,2026-07-19,2026-08-06,9,31,28,19,0.473684,,1.000000,3.333333,,,,,,,,GLOBAL_BASELINE_NO_ENTITY_RANKING,,,NOT_APPLICABLE_GLOBAL_BASELINE,HF9g-P5,,,,X 全窗基线 · 不参与实体赏罚,8393236,840,A168_HF9F_20260827_0900,2026-08-27 09:00:00
2026-08-06,145712498,2171,0,219.0000000000,-73.0000000000,-73.0000000000,0.5000000,2,2,0.49324550000000000,0.493245500000,0.01910635448239258,0.01910635448239258,0.01910635448239258,0E-17,ELIGIBLE,R03b_20260811_FULL_v1,L1_ELIGIBILITY,v2026-08-11,2026-03-21..2026-08-06,baccarat_bet02_101_all_pairs_incl_sentinel,round_win = game_pnl > 0 (decisive only),COMPATIBILITY_ONLY_NOT_PRODUCTION,7851.0000,7035.0000,477.3000,101,101,-0.06079480,-0.06079480,,-0.06079480,-477.3000,7851.0000,OK,0.0000,14.3190,3.0000,97.0000,AG03-UNRESOLVED,ALL5_LEVELS_bet23_to_bet27,14.3190,14.3190,14.3190,14.3190,14.3190,3.000000,3.000000,3.000000,3.000000,3.000000,97.000000,97.000000,97.000000,97.000000,97.000000,5.0,71.5950,67.4262,405.7050,409.8738,PENDING_AG03,FALSE,NOT_FOR_ENFORCEMENT,462.9810,6823.9500,477.3000,462.9810,14.3190,0.06079480,0.05897096,14.3190,462.9810,0.05897096,14.3190,14.3190,14.3190,14.3190,14.3190,462.9810,0.05897096,71.5950,67.4262,405.7050,409.8738,0.05167558,0.05220657,0.00182384,77.7327,69.6535,4.7257,53.0333,15.3968,872.3333,11.2222,77.7327,,50.0,58.0,100.0,136.0,200.0,210.9,50.0,0.0,3.448276,3.636207,1.340219,11,26,12,4,1.00000000,0.06079480,0.06079480,0E-8,0.000000,0.896064,0.009901,,2026-07-19,2026-08-06,9,31,28,19,0.473684,,1.000000,3.333333,,,,,,,,GLOBAL_BASELINE_NO_ENTITY_RANKING,,,NOT_APPLICABLE_GLOBAL_BASELINE,HF9g-P5,,,,X 全窗基线 · 不参与实体赏罚,8393237,840,A168_HF9F_20260827_0900,2026-08-27 09:00:00
2026-07-22,152649534,772,0,129.0888906101,-129.0888906101,-129.0888906101,0E-7,1,1,0.49324550000000000,0.493245500000,-0.9865810262130424,-0.9865810262130424,-0.9865810262130424,0E-17,ELIGIBLE,R03b_20260811_FULL_v1,L1_ELIGIBILITY,v2026-08-11,2026-03-21..2026-08-06,baccarat_bet02_101_all_pairs_incl_sentinel,round_win = game_pnl > 0 (decisive only),COMPATIBILITY_ONLY_NOT_PRODUCTION,955.7741,904.1386,482.2761,9,9,-0.50459211,-0.50459211,,-0.50459211,-482.2761,955.7741,THIN_EXPOSURE,0.0000,19.2910,4.0000,96.0000,AG03-UNRESOLVED,ALL5_LEVELS_bet23_to_bet27,19.2910,19.2910,19.2910,19.2910,19.2910,4.000000,4.000000,4.000000,4.000000,4.000000,96.000000,96.000000,96.000000,96.000000,96.000000,5.0,96.4552,89.0413,385.8209,393.2348,PENDING_AG03,FALSE,NOT_FOR_ENFORCEMENT,462.9851,867.9730,482.2761,462.9851,19.2910,0.50459211,0.48440843,19.2910,462.9851,0.48440843,19.2910,19.2910,19.2910,19.2910,19.2910,462.9851,0.48440843,96.4552,89.0413,385.8209,393.2348,0.40367369,0.41143063,0.02018368,106.1971,100.4598,53.5862,160.7587,160.7587,318.5914,3.0000,106.1971,,45.1811,77.4533,149.5495,275.5273,318.5914,318.5914,77.4533,-51.6356,4.113333,4.113333,1.371111,3,3,1,2,1.00000000,0.50459211,0.50459211,0E-8,0.000000,0.945975,0.888889,,2026-07-22,2026-07-24,3,3,3,3,1.000000,,1.000000,3.333333,,,,,,,,GLOBAL_BASELINE_NO_ENTITY_RANKING,,,NOT_APPLICABLE_GLOBAL_BASELINE,HF9g-P5,,,,X 全窗基线 · 不参与实体赏罚,8393238,840,A168_HF9F_20260827_0900,2026-08-27 09:00:00
2026-07-23,152649534,987,0,813.5181886246,-340.0201378668,-340.0201378668,0.1666667,7,7,0.50473567142857143,0.504735671429,-1.6562674095404992,-1.6562674095426126,-1.6562674095404992,-4.2857E-13,ELIGIBLE,R03b_20260811_FULL_v1,L1_ELIGIBILITY,v2026-08-11,2026-03-21..2026-08-06,baccarat_bet02_101_all_pairs_incl_sentinel,round_win = game_pnl > 0 (decisive only),COMPATIBILITY_ONLY_NOT_PRODUCTION,955.7741,904.1386,482.2761,9,9,-0.50459211,-0.50459211,,-0.50459211,-482.2761,955.7741,THIN_EXPOSURE,0.0000,19.2910,4.0000,96.0000,AG03-UNRESOLVED,ALL5_LEVELS_bet23_to_bet27,19.2910,19.2910,19.2910,19.2910,19.2910,4.000000,4.000000,4.000000,4.000000,4.000000,96.000000,96.000000,96.000000,96.000000,96.000000,5.0,96.4552,89.0413,385.8209,393.2348,PENDING_AG03,FALSE,NOT_FOR_ENFORCEMENT,462.9851,867.9730,482.2761,462.9851,19.2910,0.50459211,0.48440843,19.2910,462.9851,0.48440843,19.2910,19.2910,19.2910,19.2910,19.2910,462.9851,0.48440843,96.4552,89.0413,385.8209,393.2348,0.40367369,0.41143063,0.02018368,106.1971,100.4598,53.5862,160.7587,160.7587,318.5914,3.0000,106.1971,,45.1811,77.4533,149.5495,275.5273,318.5914,318.5914,77.4533,-51.6356,4.113333,4.113333,1.371111,3,3,1,2,1.00000000,0.50459211,0.50459211,0E-8,0.000000,0.945975,0.888889,,2026-07-22,2026-07-24,3,3,3,3,1.000000,,1.000000,3.333333,,,,,,,,GLOBAL_BASELINE_NO_ENTITY_RANKING,,,NOT_APPLICABLE_GLOBAL_BASELINE,HF9g-P5,,,,X 全窗基线 · 不参与实体赏罚,8393239,840,A168_HF9F_20260827_0900,2026-08-27 09:00:00
2026-07-24,152649534,1210,0,13.1670668422,-13.1670668422,-13.1670668422,0E-7,1,1,0.50665070000000000,0.506650700000,-1.013391052207602,-1.013391052207602,-1.013391052207602,0E-17,ELIGIBLE,R03b_20260811_FULL_v1,L1_ELIGIBILITY,v2026-08-11,2026-03-21..2026-08-06,baccarat_bet02_101_all_pairs_incl_sentinel,round_win = game_pnl > 0 (decisive only),COMPATIBILITY_ONLY_NOT_PRODUCTION,955.7741,904.1386,482.2761,9,9,-0.50459211,-0.50459211,,-0.50459211,-482.2761,955.7741,THIN_EXPOSURE,0.0000,19.2910,4.0000,96.0000,AG03-UNRESOLVED,ALL5_LEVELS_bet23_to_bet27,19.2910,19.2910,19.2910,19.2910,19.2910,4.000000,4.000000,4.000000,4.000000,4.000000,96.000000,96.000000,96.000000,96.000000,96.000000,5.0,96.4552,89.0413,385.8209,393.2348,PENDING_AG03,FALSE,NOT_FOR_ENFORCEMENT,462.9851,867.9730,482.2761,462.9851,19.2910,0.50459211,0.48440843,19.2910,462.9851,0.48440843,19.2910,19.2910,19.2910,19.2910,19.2910,462.9851,0.48440843,96.4552,89.0413,385.8209,393.2348,0.40367369,0.41143063,0.02018368,106.1971,100.4598,53.5862,160.7587,160.7587,318.5914,3.0000,106.1971,,45.1811,77.4533,149.5495,275.5273,318.5914,318.5914,77.4533,-51.6356,4.113333,4.113333,1.371111,3,3,1,2,1.00000000,0.50459211,0.50459211,0E-8,0.000000,0.945975,0.888889,,2026-07-22,2026-07-24,3,3,3,3,1.000000,,1.000000,3.333333,,,,,,,,GLOBAL_BASELINE_NO_ENTITY_RANKING,,,NOT_APPLICABLE_GLOBAL_BASELINE,HF9g-P5,,,,X 全窗基线 · 不参与实体赏罚,8393240,840,A168_HF9F_20260827_0900,2026-08-27 09:00:00
2026-04-07,134133983,2117,0,69.0131124913,-40.5959485243,-40.5959485243,0E-7,5,2,0.40446649652795811,0.251625658334,-1.165475571068421,-0.8200361827790134,-1.165475571068421,0.15284083819395811,ELIGIBLE,R03b_20260811_FULL_v1,L1_ELIGIBILITY,v2026-08-11,2026-03-21..2026-08-06,baccarat_bet02_101_all_pairs_incl_sentinel,round_win = game_pnl > 0 (decisive only),COMPATIBILITY_ONLY_NOT_PRODUCTION,1440.4258,1363.8598,482.2772,108,43,-0.33481571,-1.00000000,-0.28616777,-0.33481571,-482.2772,1440.4258,OK,0.0000,19.2911,4.0000,96.0000,AG03-UNRESOLVED,ALL5_LEVELS_bet23_to_bet27,19.2911,19.2911,24.1139,28.9366,28.9366,4.000000,4.000000,5.000000,6.000000,6.000000,96.000000,96.000000,95.000000,94.000000,94.000000,5.0,120.5693,109.183,361.7079,373.0942,PENDING_AG03,FALSE,NOT_FOR_ENFORCEMENT,462.9861,1309.3054,482.2772,462.9861,19.2911,0.33481571,0.32142308,19.2911,462.9861,0.32142308,19.2911,19.2911,24.1139,28.9366,28.9366,462.9861,0.32142308,120.5693,109.183,361.7079,373.0942,0.25111178,0.2590166,0.01339263,13.3373,31.7177,11.2157,40.1898,24.1139,120.0355,3.5833,14.0237,13.2897,3.9463,7.8927,24.0178,31.5706,36.3292,62.3105,7.547,-4.0596,4.602916,7.894737,1.689833,13,16,14,8,0.06815037,0.33481571,1.00000000,0E-8,0.000000,0.946845,0.000000,-0.71383223,2026-04-07,2026-07-25,12,20,20,110,0.109091,1.055227,1.051463,0.227168,,,,,,,,GLOBAL_BASELINE_NO_ENTITY_RANKING,,,NOT_APPLICABLE_GLOBAL_BASELINE,HF9g-P5,,,,X 全窗基线 · 不参与实体赏罚,8393241,840,A168_HF9F_20260827_0900,2026-08-27 09:00:00
2026-04-26,134133983,-1,1,61.7058417569,19.4860552917,19.4860552917,0.5000000,3,2,0.46032810961560984,0.396936125000,0.1125639297465916,0.29790616794075786,0.1125639297465916,0.06339198461560984,SENTINEL_DEALER,R03b_20260811_FULL_v1,L1_ELIGIBILITY,v2026-08-11,2026-03-21..2026-08-06,baccarat_bet02_101_all_pairs_incl_sentinel,round_win = game_pnl > 0 (decisive only),COMPATIBILITY_ONLY_NOT_PRODUCTION,1440.4258,1363.8598,482.2772,108,43,-0.33481571,-1.00000000,-0.28616777,-0.33481571,-482.2772,1440.4258,OK,0.0000,19.2911,4.0000,96.0000,AG03-UNRESOLVED,ALL5_LEVELS_bet23_to_bet27,19.2911,19.2911,24.1139,28.9366,28.9366,4.000000,4.000000,5.000000,6.000000,6.000000,96.000000,96.000000,95.000000,94.000000,94.000000,5.0,120.5693,109.183,361.7079,373.0942,PENDING_AG03,FALSE,NOT_FOR_ENFORCEMENT,462.9861,1309.3054,482.2772,462.9861,19.2911,0.33481571,0.32142308,19.2911,462.9861,0.32142308,19.2911,19.2911,24.1139,28.9366,28.9366,462.9861,0.32142308,120.5693,109.183,361.7079,373.0942,0.25111178,0.2590166,0.01339263,13.3373,31.7177,11.2157,40.1898,24.1139,120.0355,3.5833,14.0237,13.2897,3.9463,7.8927,24.0178,31.5706,36.3292,62.3105,7.547,-4.0596,4.602916,7.894737,1.689833,13,16,14,8,0.06815037,0.33481571,1.00000000,0E-8,0.000000,0.946845,0.000000,-0.71383223,2026-04-07,2026-07-25,12,20,20,110,0.109091,1.055227,1.051463,0.227168,,,,,,,,GLOBAL_BASELINE_NO_ENTITY_RANKING,,,NOT_APPLICABLE_GLOBAL_BASELINE,HF9g-P5,,,,X 全窗基线 · 不参与实体赏罚,8393242,840,A168_HF9F_20260827_0900,2026-08-27 09:00:00
2026-04-26,134133983,1384,0,32.4767588195,-32.4767588195,-32.4767588195,0E-7,2,1,0.39033099999968311,0.287416500000,-0.8001464185168132,-0.6350939377956173,-0.8001464185168132,0.10291449999968311,ELIGIBLE,R03b_20260811_FULL_v1,L1_ELIGIBILITY,v2026-08-11,2026-03-21..2026-08-06,baccarat_bet02_101_all_pairs_incl_sentinel,round_win = game_pnl > 0 (decisive only),COMPATIBILITY_ONLY_NOT_PRODUCTION,1440.4258,1363.8598,482.2772,108,43,-0.33481571,-1.00000000,-0.28616777,-0.33481571,-482.2772,1440.4258,OK,0.0000,19.2911,4.0000,96.0000,AG03-UNRESOLVED,ALL5_LEVELS_bet23_to_bet27,19.2911,19.2911,24.1139,28.9366,28.9366,4.000000,4.000000,5.000000,6.000000,6.000000,96.000000,96.000000,95.000000,94.000000,94.000000,5.0,120.5693,109.183,361.7079,373.0942,PENDING_AG03,FALSE,NOT_FOR_ENFORCEMENT,462.9861,1309.3054,482.2772,462.9861,19.2911,0.33481571,0.32142308,19.2911,462.9861,0.32142308,19.2911,19.2911,24.1139,28.9366,28.9366,462.9861,0.32142308,120.5693,109.183,361.7079,373.0942,0.25111178,0.2590166,0.01339263,13.3373,31.7177,11.2157,40.1898,24.1139,120.0355,3.5833,14.0237,13.2897,3.9463,7.8927,24.0178,31.5706,36.3292,62.3105,7.547,-4.0596,4.602916,7.894737,1.689833,13,16,14,8,0.06815037,0.33481571,1.00000000,0E-8,0.000000,0.946845,0.000000,-0.71383223,2026-04-07,2026-07-25,12,20,20,110,0.109091,1.055227,1.051463,0.227168,,,,,,,,GLOBAL_BASELINE_NO_ENTITY_RANKING,,,NOT_APPLICABLE_GLOBAL_BASELINE,HF9g-P5,,,,X 全窗基线 · 不参与实体赏罚,8393243,840,A168_HF9F_20260827_0900,2026-08-27 09:00:00
2026-04-26,134133983,2145,0,60.8939227865,-13.3966630130,-13.3966630130,0.5000000,4,2,0.42785217777780641,0.352270000000,0.2062230597563151,0.43736986829523256,0.2062230597563151,0.07558217777780641,ELIGIBLE,R03b_20260811_FULL_v1,L1_ELIGIBILITY,v2026-08-11,2026-03-21..2026-08-06,baccarat_bet02_101_all_pairs_incl_sentinel,round_win = game_pnl > 0 (decisive only),COMPATIBILITY_ONLY_NOT_PRODUCTION,1440.4258,1363.8598,482.2772,108,43,-0.33481571,-1.00000000,-0.28616777,-0.33481571,-482.2772,1440.4258,OK,0.0000,19.2911,4.0000,96.0000,AG03-UNRESOLVED,ALL5_LEVELS_bet23_to_bet27,19.2911,19.2911,24.1139,28.9366,28.9366,4.000000,4.000000,5.000000,6.000000,6.000000,96.000000,96.000000,95.000000,94.000000,94.000000,5.0,120.5693,109.183,361.7079,373.0942,PENDING_AG03,FALSE,NOT_FOR_ENFORCEMENT,462.9861,1309.3054,482.2772,462.9861,19.2911,0.33481571,0.32142308,19.2911,462.9861,0.32142308,19.2911,19.2911,24.1139,28.9366,28.9366,462.9861,0.32142308,120.5693,109.183,361.7079,373.0942,0.25111178,0.2590166,0.01339263,13.3373,31.7177,11.2157,40.1898,24.1139,120.0355,3.5833,14.0237,13.2897,3.9463,7.8927,24.0178,31.5706,36.3292,62.3105,7.547,-4.0596,4.602916,7.894737,1.689833,13,16,14,8,0.06815037,0.33481571,1.00000000,0E-8,0.000000,0.946845,0.000000,-0.71383223,2026-04-07,2026-07-25,12,20,20,110,0.109091,1.055227,1.051463,0.227168,,,,,,,,GLOBAL_BASELINE_NO_ENTITY_RANKING,,,NOT_APPLICABLE_GLOBAL_BASELINE,HF9g-P5,,,,X 全窗基线 · 不参与实体赏罚,8393244,840,A168_HF9F_20260827_0900,2026-08-27 09:00:00
2026-04-26,134133983,2251,0,133.9666301303,101.4898713109,101.4898713109,1.0000000,7,4,0.44937228888896791,0.374263191667,2.21388921148474,2.58605220952272,2.21388921148474,0.07510909722196791,ELIGIBLE,R03b_20260811_FULL_v1,L1_ELIGIBILITY,v2026-08-11,2026-03-21..2026-08-06,baccarat_bet02_101_all_pairs_incl_sentinel,round_win = game_pnl > 0 (decisive only),COMPATIBILITY_ONLY_NOT_PRODUCTION,1440.4258,1363.8598,482.2772,108,43,-0.33481571,-1.00000000,-0.28616777,-0.33481571,-482.2772,1440.4258,OK,0.0000,19.2911,4.0000,96.0000,AG03-UNRESOLVED,ALL5_LEVELS_bet23_to_bet27,19.2911,19.2911,24.1139,28.9366,28.9366,4.000000,4.000000,5.000000,6.000000,6.000000,96.000000,96.000000,95.000000,94.000000,94.000000,5.0,120.5693,109.183,361.7079,373.0942,PENDING_AG03,FALSE,NOT_FOR_ENFORCEMENT,462.9861,1309.3054,482.2772,462.9861,19.2911,0.33481571,0.32142308,19.2911,462.9861,0.32142308,19.2911,19.2911,24.1139,28.9366,28.9366,462.9861,0.32142308,120.5693,109.183,361.7079,373.0942,0.25111178,0.2590166,0.01339263,13.3373,31.7177,11.2157,40.1898,24.1139,120.0355,3.5833,14.0237,13.2897,3.9463,7.8927,24.0178,31.5706,36.3292,62.3105,7.547,-4.0596,4.602916,7.894737,1.689833,13,16,14,8,0.06815037,0.33481571,1.00000000,0E-8,0.000000,0.946845,0.000000,-0.71383223,2026-04-07,2026-07-25,12,20,20,110,0.109091,1.055227,1.051463,0.227168,,,,,,,,GLOBAL_BASELINE_NO_ENTITY_RANKING,,,NOT_APPLICABLE_GLOBAL_BASELINE,HF9g-P5,,,,X 全窗基线 · 不参与实体赏罚,8393245,840,A168_HF9F_20260827_0900,2026-08-27 09:00:00
2026-04-26,134133983,919,0,117.7282507204,104.1286079652,104.1286079652,0.8000000,12,5,0.38053755266733734,0.285806846667,1.9318430336772154,2.544878990116025,1.9318430336772154,0.09473070600033734,ELIGIBLE,R03b_20260811_FULL_v1,L1_ELIGIBILITY,v2026-08-11,2026-03-21..2026-08-06,baccarat_bet02_101_all_pairs_incl_sentinel,round_win = game_pnl > 0 (decisive only),COMPATIBILITY_ONLY_NOT_PRODUCTION,1440.4258,1363.8598,482.2772,108,43,-0.33481571,-1.00000000,-0.28616777,-0.33481571,-482.2772,1440.4258,OK,0.0000,19.2911,4.0000,96.0000,AG03-UNRESOLVED,ALL5_LEVELS_bet23_to_bet27,19.2911,19.2911,24.1139,28.9366,28.9366,4.000000,4.000000,5.000000,6.000000,6.000000,96.000000,96.000000,95.000000,94.000000,94.000000,5.0,120.5693,109.183,361.7079,373.0942,PENDING_AG03,FALSE,NOT_FOR_ENFORCEMENT,462.9861,1309.3054,482.2772,462.9861,19.2911,0.33481571,0.32142308,19.2911,462.9861,0.32142308,19.2911,19.2911,24.1139,28.9366,28.9366,462.9861,0.32142308,120.5693,109.183,361.7079,373.0942,0.25111178,0.2590166,0.01339263,13.3373,31.7177,11.2157,40.1898,24.1139,120.0355,3.5833,14.0237,13.2897,3.9463,7.8927,24.0178,31.5706,36.3292,62.3105,7.547,-4.0596,4.602916,7.894737,1.689833,13,16,14,8,0.06815037,0.33481571,1.00000000,0E-8,0.000000,0.946845,0.000000,-0.71383223,2026-04-07,2026-07-25,12,20,20,110,0.109091,1.055227,1.051463,0.227168,,,,,,,,GLOBAL_BASELINE_NO_ENTITY_RANKING,,,NOT_APPLICABLE_GLOBAL_BASELINE,HF9g-P5,,,,X 全窗基线 · 不参与实体赏罚,8393246,840,A168_HF9F_20260827_0900,2026-08-27 09:00:00
2026-04-27,134133983,529,0,16.2383794097,-16.2383794097,-16.2383794097,0E-7,2,1,0.39033100000063377,0.287416500000,-0.8001464185184114,-0.6350939377956173,-0.8001464185184114,0.10291450000063377,ELIGIBLE,R03b_20260811_FULL_v1,L1_ELIGIBILITY,v2026-08-11,2026-03-21..2026-08-06,baccarat_bet02_101_all_pairs_incl_sentinel,round_win = game_pnl > 0 (decisive only),COMPATIBILITY_ONLY_NOT_PRODUCTION,1440.4258,1363.8598,482.2772,108,43,-0.33481571,-1.00000000,-0.28616777,-0.33481571,-482.2772,1440.4258,OK,0.0000,19.2911,4.0000,96.0000,AG03-UNRESOLVED,ALL5_LEVELS_bet23_to_bet27,19.2911,19.2911,24.1139,28.9366,28.9366,4.000000,4.000000,5.000000,6.000000,6.000000,96.000000,96.000000,95.000000,94.000000,94.000000,5.0,120.5693,109.183,361.7079,373.0942,PENDING_AG03,FALSE,NOT_FOR_ENFORCEMENT,462.9861,1309.3054,482.2772,462.9861,19.2911,0.33481571,0.32142308,19.2911,462.9861,0.32142308,19.2911,19.2911,24.1139,28.9366,28.9366,462.9861,0.32142308,120.5693,109.183,361.7079,373.0942,0.25111178,0.2590166,0.01339263,13.3373,31.7177,11.2157,40.1898,24.1139,120.0355,3.5833,14.0237,13.2897,3.9463,7.8927,24.0178,31.5706,36.3292,62.3105,7.547,-4.0596,4.602916,7.894737,1.689833,13,16,14,8,0.06815037,0.33481571,1.00000000,0E-8,0.000000,0.946845,0.000000,-0.71383223,2026-04-07,2026-07-25,12,20,20,110,0.109091,1.055227,1.051463,0.227168,,,,,,,,GLOBAL_BASELINE_NO_ENTITY_RANKING,,,NOT_APPLICABLE_GLOBAL_BASELINE,HF9g-P5,,,,X 全窗基线 · 不参与实体赏罚,8393247,840,A168_HF9F_20260827_0900,2026-08-27 09:00:00
2026-04-27,134133983,550,0,60.8939227864,-32.4767588194,-32.4767588194,0E-7,5,2,0.40963825357199437,0.255280883334,-1.1780294464946253,-0.8279953422210616,-1.1780294464946253,0.15435737023799437,ELIGIBLE,R03b_20260811_FULL_v1,L1_ELIGIBILITY,v2026-08-11,2026-03-21..2026-08-06,baccarat_bet02_101_all_pairs_incl_sentinel,round_win = game_pnl > 0 (decisive only),COMPATIBILITY_ONLY_NOT_PRODUCTION,1440.4258,1363.8598,482.2772,108,43,-0.33481571,-1.00000000,-0.28616777,-0.33481571,-482.2772,1440.4258,OK,0.0000,19.2911,4.0000,96.0000,AG03-UNRESOLVED,ALL5_LEVELS_bet23_to_bet27,19.2911,19.2911,24.1139,28.9366,28.9366,4.000000,4.000000,5.000000,6.000000,6.000000,96.000000,96.000000,95.000000,94.000000,94.000000,5.0,120.5693,109.183,361.7079,373.0942,PENDING_AG03,FALSE,NOT_FOR_ENFORCEMENT,462.9861,1309.3054,482.2772,462.9861,19.2911,0.33481571,0.32142308,19.2911,462.9861,0.32142308,19.2911,19.2911,24.1139,28.9366,28.9366,462.9861,0.32142308,120.5693,109.183,361.7079,373.0942,0.25111178,0.2590166,0.01339263,13.3373,31.7177,11.2157,40.1898,24.1139,120.0355,3.5833,14.0237,13.2897,3.9463,7.8927,24.0178,31.5706,36.3292,62.3105,7.547,-4.0596,4.602916,7.894737,1.689833,13,16,14,8,0.06815037,0.33481571,1.00000000,0E-8,0.000000,0.946845,0.000000,-0.71383223,2026-04-07,2026-07-25,12,20,20,110,0.109091,1.055227,1.051463,0.227168,,,,,,,,GLOBAL_BASELINE_NO_ENTITY_RANKING,,,NOT_APPLICABLE_GLOBAL_BASELINE,HF9g-P5,,,,X 全窗基线 · 不参与实体赏罚,8393248,840,A168_HF9F_20260827_0900,2026-08-27 09:00:00
2026-05-01,134133983,-1,1,35.5169692187,-35.5169692187,-35.5169692187,0E-7,3,1,0.34905365555514958,0.197889300000,-0.7322738055326073,-0.4966998184331015,-0.7322738055326073,0.15116435555514958,SENTINEL_DEALER,R03b_20260811_FULL_v1,L1_ELIGIBILITY,v2026-08-11,2026-03-21..2026-08-06,baccarat_bet02_101_all_pairs_incl_sentinel,round_win = game_pnl > 0 (decisive only),COMPATIBILITY_ONLY_NOT_PRODUCTION,1440.4258,1363.8598,482.2772,108,43,-0.33481571,-1.00000000,-0.28616777,-0.33481571,-482.2772,1440.4258,OK,0.0000,19.2911,4.0000,96.0000,AG03-UNRESOLVED,ALL5_LEVELS_bet23_to_bet27,19.2911,19.2911,24.1139,28.9366,28.9366,4.000000,4.000000,5.000000,6.000000,6.000000,96.000000,96.000000,95.000000,94.000000,94.000000,5.0,120.5693,109.183,361.7079,373.0942,PENDING_AG03,FALSE,NOT_FOR_ENFORCEMENT,462.9861,1309.3054,482.2772,462.9861,19.2911,0.33481571,0.32142308,19.2911,462.9861,0.32142308,19.2911,19.2911,24.1139,28.9366,28.9366,462.9861,0.32142308,120.5693,109.183,361.7079,373.0942,0.25111178,0.2590166,0.01339263,13.3373,31.7177,11.2157,40.1898,24.1139,120.0355,3.5833,14.0237,13.2897,3.9463,7.8927,24.0178,31.5706,36.3292,62.3105,7.547,-4.0596,4.602916,7.894737,1.689833,13,16,14,8,0.06815037,0.33481571,1.00000000,0E-8,0.000000,0.946845,0.000000,-0.71383223,2026-04-07,2026-07-25,12,20,20,110,0.109091,1.055227,1.051463,0.227168,,,,,,,,GLOBAL_BASELINE_NO_ENTITY_RANKING,,,NOT_APPLICABLE_GLOBAL_BASELINE,HF9g-P5,,,,X 全窗基线 · 不参与实体赏罚,8393249,840,A168_HF9F_20260827_0900,2026-08-27 09:00:00
2026-05-01,134133983,1947,0,47.3559589583,-47.3559589583,-47.3559589583,0E-7,7,2,0.21845096666646067,0.126993050000,-0.7476767366233474,-0.5393815962025136,-0.7476767366233474,0.09145791666646067,ELIGIBLE,R03b_20260811_FULL_v1,L1_ELIGIBILITY,v2026-08-11,2026-03-21..2026-08-06,baccarat_bet02_101_all_pairs_incl_sentinel,round_win = game_pnl > 0 (decisive only),COMPATIBILITY_ONLY_NOT_PRODUCTION,1440.4258,1363.8598,482.2772,108,43,-0.33481571,-1.00000000,-0.28616777,-0.33481571,-482.2772,1440.4258,OK,0.0000,19.2911,4.0000,96.0000,AG03-UNRESOLVED,ALL5_LEVELS_bet23_to_bet27,19.2911,19.2911,24.1139,28.9366,28.9366,4.000000,4.000000,5.000000,6.000000,6.000000,96.000000,96.000000,95.000000,94.000000,94.000000,5.0,120.5693,109.183,361.7079,373.0942,PENDING_AG03,FALSE,NOT_FOR_ENFORCEMENT,462.9861,1309.3054,482.2772,462.9861,19.2911,0.33481571,0.32142308,19.2911,462.9861,0.32142308,19.2911,19.2911,24.1139,28.9366,28.9366,462.9861,0.32142308,120.5693,109.183,361.7079,373.0942,0.25111178,0.2590166,0.01339263,13.3373,31.7177,11.2157,40.1898,24.1139,120.0355,3.5833,14.0237,13.2897,3.9463,7.8927,24.0178,31.5706,36.3292,62.3105,7.547,-4.0596,4.602916,7.894737,1.689833,13,16,14,8,0.06815037,0.33481571,1.00000000,0E-8,0.000000,0.946845,0.000000,-0.71383223,2026-04-07,2026-07-25,12,20,20,110,0.109091,1.055227,1.051463,0.227168,,,,,,,,GLOBAL_BASELINE_NO_ENTITY_RANKING,,,NOT_APPLICABLE_GLOBAL_BASELINE,HF9g-P5,,,,X 全窗基线 · 不参与实体赏罚,8393250,840,A168_HF9F_20260827_0900,2026-08-27 09:00:00
2026-05-03,134133983,-1,1,124.3093922653,-47.3559589583,-47.3559589583,0.3333333,8,3,0.42514036590886661,0.294130408333,-0.32165440212567487,0.1490208030923833,-0.32165440212567487,0.13100995757586661,SENTINEL_DEALER,R03b_20260811_FULL_v1,L1_ELIGIBILITY,v2026-08-11,2026-03-21..2026-08-06,baccarat_bet02_101_all_pairs_incl_sentinel,round_win = game_pnl > 0 (decisive only),COMPATIBILITY_ONLY_NOT_PRODUCTION,1440.4258,1363.8598,482.2772,108,43,-0.33481571,-1.00000000,-0.28616777,-0.33481571,-482.2772,1440.4258,OK,0.0000,19.2911,4.0000,96.0000,AG03-UNRESOLVED,ALL5_LEVELS_bet23_to_bet27,19.2911,19.2911,24.1139,28.9366,28.9366,4.000000,4.000000,5.000000,6.000000,6.000000,96.000000,96.000000,95.000000,94.000000,94.000000,5.0,120.5693,109.183,361.7079,373.0942,PENDING_AG03,FALSE,NOT_FOR_ENFORCEMENT,462.9861,1309.3054,482.2772,462.9861,19.2911,0.33481571,0.32142308,19.2911,462.9861,0.32142308,19.2911,19.2911,24.1139,28.9366,28.9366,462.9861,0.32142308,120.5693,109.183,361.7079,373.0942,0.25111178,0.2590166,0.01339263,13.3373,31.7177,11.2157,40.1898,24.1139,120.0355,3.5833,14.0237,13.2897,3.9463,7.8927,24.0178,31.5706,36.3292,62.3105,7.547,-4.0596,4.602916,7.894737,1.689833,13,16,14,8,0.06815037,0.33481571,1.00000000,0E-8,0.000000,0.946845,0.000000,-0.71383223,2026-04-07,2026-07-25,12,20,20,110,0.109091,1.055227,1.051463,0.227168,,,,,,,,GLOBAL_BASELINE_NO_ENTITY_RANKING,,,NOT_APPLICABLE_GLOBAL_BASELINE,HF9g-P5,,,,X 全窗基线 · 不参与实体赏罚,8393251,840,A168_HF9F_20260827_0900,2026-08-27 09:00:00
2026-05-03,134133983,970,0,78.9265982638,-78.9265982638,-78.9265982638,0E-7,7,2,0.37055174999967211,0.194151945834,-1.0850741490823335,-0.6941595306347869,-1.0850741490823335,0.17639980416567211,ELIGIBLE,R03b_20260811_FULL_v1,L1_ELIGIBILITY,v2026-08-11,2026-03-21..2026-08-06,baccarat_bet02_101_all_pairs_incl_sentinel,round_win = game_pnl > 0 (decisive only),COMPATIBILITY_ONLY_NOT_PRODUCTION,1440.4258,1363.8598,482.2772,108,43,-0.33481571,-1.00000000,-0.28616777,-0.33481571,-482.2772,1440.4258,OK,0.0000,19.2911,4.0000,96.0000,AG03-UNRESOLVED,ALL5_LEVELS_bet23_to_bet27,19.2911,19.2911,24.1139,28.9366,28.9366,4.000000,4.000000,5.000000,6.000000,6.000000,96.000000,96.000000,95.000000,94.000000,94.000000,5.0,120.5693,109.183,361.7079,373.0942,PENDING_AG03,FALSE,NOT_FOR_ENFORCEMENT,462.9861,1309.3054,482.2772,462.9861,19.2911,0.33481571,0.32142308,19.2911,462.9861,0.32142308,19.2911,19.2911,24.1139,28.9366,28.9366,462.9861,0.32142308,120.5693,109.183,361.7079,373.0942,0.25111178,0.2590166,0.01339263,13.3373,31.7177,11.2157,40.1898,24.1139,120.0355,3.5833,14.0237,13.2897,3.9463,7.8927,24.0178,31.5706,36.3292,62.3105,7.547,-4.0596,4.602916,7.894737,1.689833,13,16,14,8,0.06815037,0.33481571,1.00000000,0E-8,0.000000,0.946845,0.000000,-0.71383223,2026-04-07,2026-07-25,12,20,20,110,0.109091,1.055227,1.051463,0.227168,,,,,,,,GLOBAL_BASELINE_NO_ENTITY_RANKING,,,NOT_APPLICABLE_GLOBAL_BASELINE,HF9g-P5,,,,X 全窗基线 · 不参与实体赏罚,8393252,840,A168_HF9F_20260827_0900,2026-08-27 09:00:00
2026-05-09,134133983,2123,0,153.1176006315,-39.4632991320,-39.4632991320,0.4000000,12,5,0.37642444446118435,0.259370485000,0.10880866635616285,0.717464961469959,0.10880866635616285,0.11705395946118435,ELIGIBLE,R03b_20260811_FULL_v1,L1_ELIGIBILITY,v2026-08-11,2026-03-21..2026-08-06,baccarat_bet02_101_all_pairs_incl_sentinel,round_win = game_pnl > 0 (decisive only),COMPATIBILITY_ONLY_NOT_PRODUCTION,1440.4258,1363.8598,482.2772,108,43,-0.33481571,-1.00000000,-0.28616777,-0.33481571,-482.2772,1440.4258,OK,0.0000,19.2911,4.0000,96.0000,AG03-UNRESOLVED,ALL5_LEVELS_bet23_to_bet27,19.2911,19.2911,24.1139,28.9366,28.9366,4.000000,4.000000,5.000000,6.000000,6.000000,96.000000,96.000000,95.000000,94.000000,94.000000,5.0,120.5693,109.183,361.7079,373.0942,PENDING_AG03,FALSE,NOT_FOR_ENFORCEMENT,462.9861,1309.3054,482.2772,462.9861,19.2911,0.33481571,0.32142308,19.2911,462.9861,0.32142308,19.2911,19.2911,24.1139,28.9366,28.9366,462.9861,0.32142308,120.5693,109.183,361.7079,373.0942,0.25111178,0.2590166,0.01339263,13.3373,31.7177,11.2157,40.1898,24.1139,120.0355,3.5833,14.0237,13.2897,3.9463,7.8927,24.0178,31.5706,36.3292,62.3105,7.547,-4.0596,4.602916,7.894737,1.689833,13,16,14,8,0.06815037,0.33481571,1.00000000,0E-8,0.000000,0.946845,0.000000,-0.71383223,2026-04-07,2026-07-25,12,20,20,110,0.109091,1.055227,1.051463,0.227168,,,,,,,,GLOBAL_BASELINE_NO_ENTITY_RANKING,,,NOT_APPLICABLE_GLOBAL_BASELINE,HF9g-P5,,,,X 全窗基线 · 不参与实体赏罚,8393253,840,A168_HF9F_20260827_0900,2026-08-27 09:00:00
2026-05-09,134133983,2175,0,158.6424625101,-33.9384372535,-33.9384372535,0.6666667,9,3,0.39740142828021841,0.226292247222,0.9530422564234587,1.8228855363806247,0.9530422564234587,0.17110918105821841,ELIGIBLE,R03b_20260811_FULL_v1,L1_ELIGIBILITY,v2026-08-11,2026-03-21..2026-08-06,baccarat_bet02_101_all_pairs_incl_sentinel,round_win = game_pnl > 0 (decisive only),COMPATIBILITY_ONLY_NOT_PRODUCTION,1440.4258,1363.8598,482.2772,108,43,-0.33481571,-1.00000000,-0.28616777,-0.33481571,-482.2772,1440.4258,OK,0.0000,19.2911,4.0000,96.0000,AG03-UNRESOLVED,ALL5_LEVELS_bet23_to_bet27,19.2911,19.2911,24.1139,28.9366,28.9366,4.000000,4.000000,5.000000,6.000000,6.000000,96.000000,96.000000,95.000000,94.000000,94.000000,5.0,120.5693,109.183,361.7079,373.0942,PENDING_AG03,FALSE,NOT_FOR_ENFORCEMENT,462.9861,1309.3054,482.2772,462.9861,19.2911,0.33481571,0.32142308,19.2911,462.9861,0.32142308,19.2911,19.2911,24.1139,28.9366,28.9366,462.9861,0.32142308,120.5693,109.183,361.7079,373.0942,0.25111178,0.2590166,0.01339263,13.3373,31.7177,11.2157,40.1898,24.1139,120.0355,3.5833,14.0237,13.2897,3.9463,7.8927,24.0178,31.5706,36.3292,62.3105,7.547,-4.0596,4.602916,7.894737,1.689833,13,16,14,8,0.06815037,0.33481571,1.00000000,0E-8,0.000000,0.946845,0.000000,-0.71383223,2026-04-07,2026-07-25,12,20,20,110,0.109091,1.055227,1.051463,0.227168,,,,,,,,GLOBAL_BASELINE_NO_ENTITY_RANKING,,,NOT_APPLICABLE_GLOBAL_BASELINE,HF9g-P5,,,,X 全窗基线 · 不参与实体赏罚,8393254,840,A168_HF9F_20260827_0900,2026-08-27 09:00:00
2026-05-11,134133983,2123,0,39.4632991318,-39.4632991318,-39.4632991318,0E-7,2,1,0.41091389999958274,0.287416500000,-0.8351914284994136,-0.6350939377956173,-0.8351914284994136,0.12349739999958274,ELIGIBLE,R03b_20260811_FULL_v1,L1_ELIGIBILITY,v2026-08-11,2026-03-21..2026-08-06,baccarat_bet02_101_all_pairs_incl_sentinel,round_win = game_pnl > 0 (decisive only),COMPATIBILITY_ONLY_NOT_PRODUCTION,1440.4258,1363.8598,482.2772,108,43,-0.33481571,-1.00000000,-0.28616777,-0.33481571,-482.2772,1440.4258,OK,0.0000,19.2911,4.0000,96.0000,AG03-UNRESOLVED,ALL5_LEVELS_bet23_to_bet27,19.2911,19.2911,24.1139,28.9366,28.9366,4.000000,4.000000,5.000000,6.000000,6.000000,96.000000,96.000000,95.000000,94.000000,94.000000,5.0,120.5693,109.183,361.7079,373.0942,PENDING_AG03,FALSE,NOT_FOR_ENFORCEMENT,462.9861,1309.3054,482.2772,462.9861,19.2911,0.33481571,0.32142308,19.2911,462.9861,0.32142308,19.2911,19.2911,24.1139,28.9366,28.9366,462.9861,0.32142308,120.5693,109.183,361.7079,373.0942,0.25111178,0.2590166,0.01339263,13.3373,31.7177,11.2157,40.1898,24.1139,120.0355,3.5833,14.0237,13.2897,3.9463,7.8927,24.0178,31.5706,36.3292,62.3105,7.547,-4.0596,4.602916,7.894737,1.689833,13,16,14,8,0.06815037,0.33481571,1.00000000,0E-8,0.000000,0.946845,0.000000,-0.71383223,2026-04-07,2026-07-25,12,20,20,110,0.109091,1.055227,1.051463,0.227168,,,,,,,,GLOBAL_BASELINE_NO_ENTITY_RANKING,,,NOT_APPLICABLE_GLOBAL_BASELINE,HF9g-P5,,,,X 全窗基线 · 不参与实体赏罚,8393255,840,A168_HF9F_20260827_0900,2026-08-27 09:00:00
2026-05-16,134133983,2129,0,35.1223362273,-35.1223362273,-35.1223362273,0E-7,2,1,0.40073808426918883,0.287416500000,-0.8177526679442554,-0.6350939377956173,-0.8177526679442554,0.11332158426918883,ELIGIBLE,R03b_20260811_FULL_v1,L1_ELIGIBILITY,v2026-08-11,2026-03-21..2026-08-06,baccarat_bet02_101_all_pairs_incl_sentinel,round_win = game_pnl > 0 (decisive only),COMPATIBILITY_ONLY_NOT_PRODUCTION,1440.4258,1363.8598,482.2772,108,43,-0.33481571,-1.00000000,-0.28616777,-0.33481571,-482.2772,1440.4258,OK,0.0000,19.2911,4.0000,96.0000,AG03-UNRESOLVED,ALL5_LEVELS_bet23_to_bet27,19.2911,19.2911,24.1139,28.9366,28.9366,4.000000,4.000000,5.000000,6.000000,6.000000,96.000000,96.000000,95.000000,94.000000,94.000000,5.0,120.5693,109.183,361.7079,373.0942,PENDING_AG03,FALSE,NOT_FOR_ENFORCEMENT,462.9861,1309.3054,482.2772,462.9861,19.2911,0.33481571,0.32142308,19.2911,462.9861,0.32142308,19.2911,19.2911,24.1139,28.9366,28.9366,462.9861,0.32142308,120.5693,109.183,361.7079,373.0942,0.25111178,0.2590166,0.01339263,13.3373,31.7177,11.2157,40.1898,24.1139,120.0355,3.5833,14.0237,13.2897,3.9463,7.8927,24.0178,31.5706,36.3292,62.3105,7.547,-4.0596,4.602916,7.894737,1.689833,13,16,14,8,0.06815037,0.33481571,1.00000000,0E-8,0.000000,0.946845,0.000000,-0.71383223,2026-04-07,2026-07-25,12,20,20,110,0.109091,1.055227,1.051463,0.227168,,,,,,,,GLOBAL_BASELINE_NO_ENTITY_RANKING,,,NOT_APPLICABLE_GLOBAL_BASELINE,HF9g-P5,,,,X 全窗基线 · 不参与实体赏罚,8393256,840,A168_HF9F_20260827_0900,2026-08-27 09:00:00
2026-05-17,134133983,595,0,39.4632991319,-39.4632991319,-39.4632991319,0E-7,5,2,0.41457508124972958,0.329202062500,-1.190093252646193,-0.9907188181688115,-1.190093252646193,0.08537301874972958,ELIGIBLE,R03b_20260811_FULL_v1,L1_ELIGIBILITY,v2026-08-11,2026-03-21..2026-08-06,baccarat_bet02_101_all_pairs_incl_sentinel,round_win = game_pnl > 0 (decisive only),COMPATIBILITY_ONLY_NOT_PRODUCTION,1440.4258,1363.8598,482.2772,108,43,-0.33481571,-1.00000000,-0.28616777,-0.33481571,-482.2772,1440.4258,OK,0.0000,19.2911,4.0000,96.0000,AG03-UNRESOLVED,ALL5_LEVELS_bet23_to_bet27,19.2911,19.2911,24.1139,28.9366,28.9366,4.000000,4.000000,5.000000,6.000000,6.000000,96.000000,96.000000,95.000000,94.000000,94.000000,5.0,120.5693,109.183,361.7079,373.0942,PENDING_AG03,FALSE,NOT_FOR_ENFORCEMENT,462.9861,1309.3054,482.2772,462.9861,19.2911,0.33481571,0.32142308,19.2911,462.9861,0.32142308,19.2911,19.2911,24.1139,28.9366,28.9366,462.9861,0.32142308,120.5693,109.183,361.7079,373.0942,0.25111178,0.2590166,0.01339263,13.3373,31.7177,11.2157,40.1898,24.1139,120.0355,3.5833,14.0237,13.2897,3.9463,7.8927,24.0178,31.5706,36.3292,62.3105,7.547,-4.0596,4.602916,7.894737,1.689833,13,16,14,8,0.06815037,0.33481571,1.00000000,0E-8,0.000000,0.946845,0.000000,-0.71383223,2026-04-07,2026-07-25,12,20,20,110,0.109091,1.055227,1.051463,0.227168,,,,,,,,GLOBAL_BASELINE_NO_ENTITY_RANKING,,,NOT_APPLICABLE_GLOBAL_BASELINE,HF9g-P5,,,,X 全窗基线 · 不参与实体赏罚,8393257,840,A168_HF9F_20260827_0900,2026-08-27 09:00:00
2026-05-26,134133983,1205,0,39.4632991318,-39.4632991318,-39.4632991318,0E-7,3,1,0.40463863999955094,0.197889300000,-0.8244101949667586,-0.4966998184331015,-0.8244101949667586,0.20674933999955094,ELIGIBLE,R03b_20260811_FULL_v1,L1_ELIGIBILITY,v2026-08-11,2026-03-21..2026-08-06,baccarat_bet02_101_all_pairs_incl_sentinel,round_win = game_pnl > 0 (decisive only),COMPATIBILITY_ONLY_NOT_PRODUCTION,1440.4258,1363.8598,482.2772,108,43,-0.33481571,-1.00000000,-0.28616777,-0.33481571,-482.2772,1440.4258,OK,0.0000,19.2911,4.0000,96.0000,AG03-UNRESOLVED,ALL5_LEVELS_bet23_to_bet27,19.2911,19.2911,24.1139,28.9366,28.9366,4.000000,4.000000,5.000000,6.000000,6.000000,96.000000,96.000000,95.000000,94.000000,94.000000,5.0,120.5693,109.183,361.7079,373.0942,PENDING_AG03,FALSE,NOT_FOR_ENFORCEMENT,462.9861,1309.3054,482.2772,462.9861,19.2911,0.33481571,0.32142308,19.2911,462.9861,0.32142308,19.2911,19.2911,24.1139,28.9366,28.9366,462.9861,0.32142308,120.5693,109.183,361.7079,373.0942,0.25111178,0.2590166,0.01339263,13.3373,31.7177,11.2157,40.1898,24.1139,120.0355,3.5833,14.0237,13.2897,3.9463,7.8927,24.0178,31.5706,36.3292,62.3105,7.547,-4.0596,4.602916,7.894737,1.689833,13,16,14,8,0.06815037,0.33481571,1.00000000,0E-8,0.000000,0.946845,0.000000,-0.71383223,2026-04-07,2026-07-25,12,20,20,110,0.109091,1.055227,1.051463,0.227168,,,,,,,,GLOBAL_BASELINE_NO_ENTITY_RANKING,,,NOT_APPLICABLE_GLOBAL_BASELINE,HF9g-P5,,,,X 全窗基线 · 不参与实体赏罚,8393258,840,A168_HF9F_20260827_0900,2026-08-27 09:00:00
2026-06-03,134133983,-1,1,37.9621896591,-37.9621896591,-37.9621896591,0E-7,3,1,0.40811129000022426,0.209464800000,-0.8303654613149117,-0.514748298204155,-0.8303654613149117,0.19864649000022426,SENTINEL_DEALER,R03b_20260811_FULL_v1,L1_ELIGIBILITY,v2026-08-11,2026-03-21..2026-08-06,baccarat_bet02_101_all_pairs_incl_sentinel,round_win = game_pnl > 0 (decisive only),COMPATIBILITY_ONLY_NOT_PRODUCTION,1440.4258,1363.8598,482.2772,108,43,-0.33481571,-1.00000000,-0.28616777,-0.33481571,-482.2772,1440.4258,OK,0.0000,19.2911,4.0000,96.0000,AG03-UNRESOLVED,ALL5_LEVELS_bet23_to_bet27,19.2911,19.2911,24.1139,28.9366,28.9366,4.000000,4.000000,5.000000,6.000000,6.000000,96.000000,96.000000,95.000000,94.000000,94.000000,5.0,120.5693,109.183,361.7079,373.0942,PENDING_AG03,FALSE,NOT_FOR_ENFORCEMENT,462.9861,1309.3054,482.2772,462.9861,19.2911,0.33481571,0.32142308,19.2911,462.9861,0.32142308,19.2911,19.2911,24.1139,28.9366,28.9366,462.9861,0.32142308,120.5693,109.183,361.7079,373.0942,0.25111178,0.2590166,0.01339263,13.3373,31.7177,11.2157,40.1898,24.1139,120.0355,3.5833,14.0237,13.2897,3.9463,7.8927,24.0178,31.5706,36.3292,62.3105,7.547,-4.0596,4.602916,7.894737,1.689833,13,16,14,8,0.06815037,0.33481571,1.00000000,0E-8,0.000000,0.946845,0.000000,-0.71383223,2026-04-07,2026-07-25,12,20,20,110,0.109091,1.055227,1.051463,0.227168,,,,,,,,GLOBAL_BASELINE_NO_ENTITY_RANKING,,,NOT_APPLICABLE_GLOBAL_BASELINE,HF9g-P5,,,,X 全窗基线 · 不参与实体赏罚,8393259,840,A168_HF9F_20260827_0900,2026-08-27 09:00:00
2026-07-25,134133983,1646,0,98.1655548819,-98.1655548819,-98.1655548819,0E-7,7,2,0.43144869791634946,0.314667958334,-1.23195473167604,-0.9582762847604517,-1.23195473167604,0.11678073958234946,ELIGIBLE,R03b_20260811_FULL_v1,L1_ELIGIBILITY,v2026-08-11,2026-03-21..2026-08-06,baccarat_bet02_101_all_pairs_incl_sentinel,round_win = game_pnl > 0 (decisive only),COMPATIBILITY_ONLY_NOT_PRODUCTION,1440.4258,1363.8598,482.2772,108,43,-0.33481571,-1.00000000,-0.28616777,-0.33481571,-482.2772,1440.4258,OK,0.0000,19.2911,4.0000,96.0000,AG03-UNRESOLVED,ALL5_LEVELS_bet23_to_bet27,19.2911,19.2911,24.1139,28.9366,28.9366,4.000000,4.000000,5.000000,6.000000,6.000000,96.000000,96.000000,95.000000,94.000000,94.000000,5.0,120.5693,109.183,361.7079,373.0942,PENDING_AG03,FALSE,NOT_FOR_ENFORCEMENT,462.9861,1309.3054,482.2772,462.9861,19.2911,0.33481571,0.32142308,19.2911,462.9861,0.32142308,19.2911,19.2911,24.1139,28.9366,28.9366,462.9861,0.32142308,120.5693,109.183,361.7079,373.0942,0.25111178,0.2590166,0.01339263,13.3373,31.7177,11.2157,40.1898,24.1139,120.0355,3.5833,14.0237,13.2897,3.9463,7.8927,24.0178,31.5706,36.3292,62.3105,7.547,-4.0596,4.602916,7.894737,1.689833,13,16,14,8,0.06815037,0.33481571,1.00000000,0E-8,0.000000,0.946845,0.000000,-0.71383223,2026-04-07,2026-07-25,12,20,20,110,0.109091,1.055227,1.051463,0.227168,,,,,,,,GLOBAL_BASELINE_NO_ENTITY_RANKING,,,NOT_APPLICABLE_GLOBAL_BASELINE,HF9g-P5,,,,X 全窗基线 · 不参与实体赏罚,8393260,840,A168_HF9F_20260827_0900,2026-08-27 09:00:00
2026-04-09,148413282,1507,0,321.9642436458,308.4836269403,308.4836269403,1.0000000,3,3,0.50218230000000000,0.502182300000,1.724507524396475,1.7245075243964754,1.724507524396475,0E-17,ELIGIBLE,R03b_20260811_FULL_v1,L1_ELIGIBILITY,v2026-08-11,2026-03-21..2026-08-06,baccarat_bet02_101_all_pairs_incl_sentinel,round_win = game_pnl > 0 (decisive only),COMPATIBILITY_ONLY_NOT_PRODUCTION,2223.1723,2223.1723,482.2861,20,20,-0.21693598,,-0.21693598,-0.21693598,-482.2861,2223.1723,THIN_EXPOSURE,0.0000,19.2914,4.0000,96.0000,AG03-UNRESOLVED,ALL5_LEVELS_bet23_to_bet27,19.2914,19.2914,19.2914,24.1143,24.1143,4.000000,4.000000,4.000000,5.000000,5.000000,96.000000,96.000000,96.000000,95.000000,95.000000,5.0,106.1029,97.1931,376.1831,385.093,PENDING_AG03,FALSE,NOT_FOR_ENFORCEMENT,462.9946,2134.2454,482.2861,462.9946,19.2914,0.21693598,0.20825854,19.2914,462.9946,0.20825854,19.2914,19.2914,19.2914,24.1143,24.1143,462.9946,0.20825854,106.1029,97.1931,376.1831,385.093,0.16921006,0.17321779,0.00867744,111.1586,111.1586,24.1143,241.1430,53.5873,1111.5862,10.0000,,111.1586,78.5279,106.0126,158.1505,160.8636,173.7214,185.1519,106.0126,-78.5279,1.638686,1.746508,1.048541,9,10,2,2,0E-8,0.21693598,,0E-8,0.000000,1.000000,0.000000,,2026-04-09,2026-06-02,2,9,9,55,0.036364,,,0.000000,,,,,,,,GLOBAL_BASELINE_NO_ENTITY_RANKING,,,NOT_APPLICABLE_GLOBAL_BASELINE,HF9g-P5,,,,X 全窗基线 · 不参与实体赏罚,8393261,840,A168_HF9F_20260827_0900,2026-08-27 09:00:00
2026-04-09,148413282,2201,0,261.7595476796,-261.7595476796,-261.7595476796,0E-7,3,3,0.49324550000000000,0.493245500000,-1.708808463184432,-1.7088084631844318,-1.708808463184432,0E-17,ELIGIBLE,R03b_20260811_FULL_v1,L1_ELIGIBILITY,v2026-08-11,2026-03-21..2026-08-06,baccarat_bet02_101_all_pairs_incl_sentinel,round_win = game_pnl > 0 (decisive only),COMPATIBILITY_ONLY_NOT_PRODUCTION,2223.1723,2223.1723,482.2861,20,20,-0.21693598,,-0.21693598,-0.21693598,-482.2861,2223.1723,THIN_EXPOSURE,0.0000,19.2914,4.0000,96.0000,AG03-UNRESOLVED,ALL5_LEVELS_bet23_to_bet27,19.2914,19.2914,19.2914,24.1143,24.1143,4.000000,4.000000,4.000000,5.000000,5.000000,96.000000,96.000000,96.000000,95.000000,95.000000,5.0,106.1029,97.1931,376.1831,385.093,PENDING_AG03,FALSE,NOT_FOR_ENFORCEMENT,462.9946,2134.2454,482.2861,462.9946,19.2914,0.21693598,0.20825854,19.2914,462.9946,0.20825854,19.2914,19.2914,19.2914,24.1143,24.1143,462.9946,0.20825854,106.1029,97.1931,376.1831,385.093,0.16921006,0.17321779,0.00867744,111.1586,111.1586,24.1143,241.1430,53.5873,1111.5862,10.0000,,111.1586,78.5279,106.0126,158.1505,160.8636,173.7214,185.1519,106.0126,-78.5279,1.638686,1.746508,1.048541,9,10,2,2,0E-8,0.21693598,,0E-8,0.000000,1.000000,0.000000,,2026-04-09,2026-06-02,2,9,9,55,0.036364,,,0.000000,,,,,,,,GLOBAL_BASELINE_NO_ENTITY_RANKING,,,NOT_APPLICABLE_GLOBAL_BASELINE,HF9g-P5,,,,X 全窗基线 · 不参与实体赏罚,8393262,840,A168_HF9F_20260827_0900,2026-08-27 09:00:00
2026-04-09,148413282,2209,0,130.8797738398,-26.1759547680,-26.1759547680,0.5000000,2,2,0.49324550000000000,0.493245500000,0.01910635448239258,0.01910635448239258,0.01910635448239258,0E-17,ELIGIBLE,R03b_20260811_FULL_v1,L1_ELIGIBILITY,v2026-08-11,2026-03-21..2026-08-06,baccarat_bet02_101_all_pairs_incl_sentinel,round_win = game_pnl > 0 (decisive only),COMPATIBILITY_ONLY_NOT_PRODUCTION,2223.1723,2223.1723,482.2861,20,20,-0.21693598,,-0.21693598,-0.21693598,-482.2861,2223.1723,THIN_EXPOSURE,0.0000,19.2914,4.0000,96.0000,AG03-UNRESOLVED,ALL5_LEVELS_bet23_to_bet27,19.2914,19.2914,19.2914,24.1143,24.1143,4.000000,4.000000,4.000000,5.000000,5.000000,96.000000,96.000000,96.000000,95.000000,95.000000,5.0,106.1029,97.1931,376.1831,385.093,PENDING_AG03,FALSE,NOT_FOR_ENFORCEMENT,462.9946,2134.2454,482.2861,462.9946,19.2914,0.21693598,0.20825854,19.2914,462.9946,0.20825854,19.2914,19.2914,19.2914,24.1143,24.1143,462.9946,0.20825854,106.1029,97.1931,376.1831,385.093,0.16921006,0.17321779,0.00867744,111.1586,111.1586,24.1143,241.1430,53.5873,1111.5862,10.0000,,111.1586,78.5279,106.0126,158.1505,160.8636,173.7214,185.1519,106.0126,-78.5279,1.638686,1.746508,1.048541,9,10,2,2,0E-8,0.21693598,,0E-8,0.000000,1.000000,0.000000,,2026-04-09,2026-06-02,2,9,9,55,0.036364,,,0.000000,,,,,,,,GLOBAL_BASELINE_NO_ENTITY_RANKING,,,NOT_APPLICABLE_GLOBAL_BASELINE,HF9g-P5,,,,X 全窗基线 · 不参与实体赏罚,8393263,840,A168_HF9F_20260827_0900,2026-08-27 09:00:00
2026-04-09,148413282,2224,0,78.5278643039,-78.5278643039,-78.5278643039,0E-7,1,1,0.49324550000000000,0.493245500000,-0.9865810262130424,-0.9865810262130424,-0.9865810262130424,0E-17,ELIGIBLE,R03b_20260811_FULL_v1,L1_ELIGIBILITY,v2026-08-11,2026-03-21..2026-08-06,baccarat_bet02_101_all_pairs_incl_sentinel,round_win = game_pnl > 0 (decisive only),COMPATIBILITY_ONLY_NOT_PRODUCTION,2223.1723,2223.1723,482.2861,20,20,-0.21693598,,-0.21693598,-0.21693598,-482.2861,2223.1723,THIN_EXPOSURE,0.0000,19.2914,4.0000,96.0000,AG03-UNRESOLVED,ALL5_LEVELS_bet23_to_bet27,19.2914,19.2914,19.2914,24.1143,24.1143,4.000000,4.000000,4.000000,5.000000,5.000000,96.000000,96.000000,96.000000,95.000000,95.000000,5.0,106.1029,97.1931,376.1831,385.093,PENDING_AG03,FALSE,NOT_FOR_ENFORCEMENT,462.9946,2134.2454,482.2861,462.9946,19.2914,0.21693598,0.20825854,19.2914,462.9946,0.20825854,19.2914,19.2914,19.2914,24.1143,24.1143,462.9946,0.20825854,106.1029,97.1931,376.1831,385.093,0.16921006,0.17321779,0.00867744,111.1586,111.1586,24.1143,241.1430,53.5873,1111.5862,10.0000,,111.1586,78.5279,106.0126,158.1505,160.8636,173.7214,185.1519,106.0126,-78.5279,1.638686,1.746508,1.048541,9,10,2,2,0E-8,0.21693598,,0E-8,0.000000,1.000000,0.000000,,2026-04-09,2026-06-02,2,9,9,55,0.036364,,,0.000000,,,,,,,,GLOBAL_BASELINE_NO_ENTITY_RANKING,,,NOT_APPLICABLE_GLOBAL_BASELINE,HF9g-P5,,,,X 全窗基线 · 不参与实体赏罚,8393264,840,A168_HF9F_20260827_0900,2026-08-27 09:00:00
2026-06-02,148413282,1325,0,159.4363154782,-159.4363154782,-159.4363154782,0E-7,1,1,0.50665070000000000,0.506650700000,-1.013391052207602,-1.013391052207602,-1.013391052207602,0E-17,ELIGIBLE,R03b_20260811_FULL_v1,L1_ELIGIBILITY,v2026-08-11,2026-03-21..2026-08-06,baccarat_bet02_101_all_pairs_incl_sentinel,round_win = game_pnl > 0 (decisive only),COMPATIBILITY_ONLY_NOT_PRODUCTION,2223.1723,2223.1723,482.2861,20,20,-0.21693598,,-0.21693598,-0.21693598,-482.2861,2223.1723,THIN_EXPOSURE,0.0000,19.2914,4.0000,96.0000,AG03-UNRESOLVED,ALL5_LEVELS_bet23_to_bet27,19.2914,19.2914,19.2914,24.1143,24.1143,4.000000,4.000000,4.000000,5.000000,5.000000,96.000000,96.000000,96.000000,95.000000,95.000000,5.0,106.1029,97.1931,376.1831,385.093,PENDING_AG03,FALSE,NOT_FOR_ENFORCEMENT,462.9946,2134.2454,482.2861,462.9946,19.2914,0.21693598,0.20825854,19.2914,462.9946,0.20825854,19.2914,19.2914,19.2914,24.1143,24.1143,462.9946,0.20825854,106.1029,97.1931,376.1831,385.093,0.16921006,0.17321779,0.00867744,111.1586,111.1586,24.1143,241.1430,53.5873,1111.5862,10.0000,,111.1586,78.5279,106.0126,158.1505,160.8636,173.7214,185.1519,106.0126,-78.5279,1.638686,1.746508,1.048541,9,10,2,2,0E-8,0.21693598,,0E-8,0.000000,1.000000,0.000000,,2026-04-09,2026-06-02,2,9,9,55,0.036364,,,0.000000,,,,,,,,GLOBAL_BASELINE_NO_ENTITY_RANKING,,,NOT_APPLICABLE_GLOBAL_BASELINE,HF9g-P5,,,,X 全窗基线 · 不参与实体赏罚,8393265,840,A168_HF9F_20260827_0900,2026-08-27 09:00:00
2026-06-02,148413282,1330,0,159.4363154782,-159.4363154782,-159.4363154782,0E-7,1,1,0.50665070000000000,0.506650700000,-1.013391052207602,-1.013391052207602,-1.013391052207602,0E-17,ELIGIBLE,R03b_20260811_FULL_v1,L1_ELIGIBILITY,v2026-08-11,2026-03-21..2026-08-06,baccarat_bet02_101_all_pairs_incl_sentinel,round_win = game_pnl > 0 (decisive only),COMPATIBILITY_ONLY_NOT_PRODUCTION,2223.1723,2223.1723,482.2861,20,20,-0.21693598,,-0.21693598,-0.21693598,-482.2861,2223.1723,THIN_EXPOSURE,0.0000,19.2914,4.0000,96.0000,AG03-UNRESOLVED,ALL5_LEVELS_bet23_to_bet27,19.2914,19.2914,19.2914,24.1143,24.1143,4.000000,4.000000,4.000000,5.000000,5.000000,96.000000,96.000000,96.000000,95.000000,95.000000,5.0,106.1029,97.1931,376.1831,385.093,PENDING_AG03,FALSE,NOT_FOR_ENFORCEMENT,462.9946,2134.2454,482.2861,462.9946,19.2914,0.21693598,0.20825854,19.2914,462.9946,0.20825854,19.2914,19.2914,19.2914,24.1143,24.1143,462.9946,0.20825854,106.1029,97.1931,376.1831,385.093,0.16921006,0.17321779,0.00867744,111.1586,111.1586,24.1143,241.1430,53.5873,1111.5862,10.0000,,111.1586,78.5279,106.0126,158.1505,160.8636,173.7214,185.1519,106.0126,-78.5279,1.638686,1.746508,1.048541,9,10,2,2,0E-8,0.21693598,,0E-8,0.000000,1.000000,0.000000,,2026-04-09,2026-06-02,2,9,9,55,0.036364,,,0.000000,,,,,,,,GLOBAL_BASELINE_NO_ENTITY_RANKING,,,NOT_APPLICABLE_GLOBAL_BASELINE,HF9g-P5,,,,X 全窗基线 · 不参与实体赏罚,8393266,840,A168_HF9F_20260827_0900,2026-08-27 09:00:00
2026-06-02,148413282,1385,0,635.4308637848,59.4028852830,59.4028852830,0.6666667,6,6,0.49771390000000000,0.497713900000,0.8277047895645219,0.8277047895645219,0.8277047895645219,0E-17,ELIGIBLE,R03b_20260811_FULL_v1,L1_ELIGIBILITY,v2026-08-11,2026-03-21..2026-08-06,baccarat_bet02_101_all_pairs_incl_sentinel,round_win = game_pnl > 0 (decisive only),COMPATIBILITY_ONLY_NOT_PRODUCTION,2223.1723,2223.1723,482.2861,20,20,-0.21693598,,-0.21693598,-0.21693598,-482.2861,2223.1723,THIN_EXPOSURE,0.0000,19.2914,4.0000,96.0000,AG03-UNRESOLVED,ALL5_LEVELS_bet23_to_bet27,19.2914,19.2914,19.2914,24.1143,24.1143,4.000000,4.000000,4.000000,5.000000,5.000000,96.000000,96.000000,96.000000,95.000000,95.000000,5.0,106.1029,97.1931,376.1831,385.093,PENDING_AG03,FALSE,NOT_FOR_ENFORCEMENT,462.9946,2134.2454,482.2861,462.9946,19.2914,0.21693598,0.20825854,19.2914,462.9946,0.20825854,19.2914,19.2914,19.2914,24.1143,24.1143,462.9946,0.20825854,106.1029,97.1931,376.1831,385.093,0.16921006,0.17321779,0.00867744,111.1586,111.1586,24.1143,241.1430,53.5873,1111.5862,10.0000,,111.1586,78.5279,106.0126,158.1505,160.8636,173.7214,185.1519,106.0126,-78.5279,1.638686,1.746508,1.048541,9,10,2,2,0E-8,0.21693598,,0E-8,0.000000,1.000000,0.000000,,2026-04-09,2026-06-02,2,9,9,55,0.036364,,,0.000000,,,,,,,,GLOBAL_BASELINE_NO_ENTITY_RANKING,,,NOT_APPLICABLE_GLOBAL_BASELINE,HF9g-P5,,,,X 全窗基线 · 不参与实体赏罚,8393267,840,A168_HF9F_20260827_0900,2026-08-27 09:00:00
2026-06-02,148413282,1951,0,131.1492272482,-131.1492272482,-131.1492272482,0E-7,1,1,0.50665070000000000,0.506650700000,-1.013391052207602,-1.013391052207602,-1.013391052207602,0E-17,ELIGIBLE,R03b_20260811_FULL_v1,L1_ELIGIBILITY,v2026-08-11,2026-03-21..2026-08-06,baccarat_bet02_101_all_pairs_incl_sentinel,round_win = game_pnl > 0 (decisive only),COMPATIBILITY_ONLY_NOT_PRODUCTION,2223.1723,2223.1723,482.2861,20,20,-0.21693598,,-0.21693598,-0.21693598,-482.2861,2223.1723,THIN_EXPOSURE,0.0000,19.2914,4.0000,96.0000,AG03-UNRESOLVED,ALL5_LEVELS_bet23_to_bet27,19.2914,19.2914,19.2914,24.1143,24.1143,4.000000,4.000000,4.000000,5.000000,5.000000,96.000000,96.000000,96.000000,95.000000,95.000000,5.0,106.1029,97.1931,376.1831,385.093,PENDING_AG03,FALSE,NOT_FOR_ENFORCEMENT,462.9946,2134.2454,482.2861,462.9946,19.2914,0.21693598,0.20825854,19.2914,462.9946,0.20825854,19.2914,19.2914,19.2914,24.1143,24.1143,462.9946,0.20825854,106.1029,97.1931,376.1831,385.093,0.16921006,0.17321779,0.00867744,111.1586,111.1586,24.1143,241.1430,53.5873,1111.5862,10.0000,,111.1586,78.5279,106.0126,158.1505,160.8636,173.7214,185.1519,106.0126,-78.5279,1.638686,1.746508,1.048541,9,10,2,2,0E-8,0.21693598,,0E-8,0.000000,1.000000,0.000000,,2026-04-09,2026-06-02,2,9,9,55,0.036364,,,0.000000,,,,,,,,GLOBAL_BASELINE_NO_ENTITY_RANKING,,,NOT_APPLICABLE_GLOBAL_BASELINE,HF9g-P5,,,,X 全窗基线 · 不参与实体赏罚,8393268,840,A168_HF9F_20260827_0900,2026-08-27 09:00:00
2026-06-02,148413282,2169,0,185.1518502327,-185.1518502327,-185.1518502327,0E-7,1,1,0.50665070000000000,0.506650700000,-1.013391052207602,-1.013391052207602,-1.013391052207602,0E-17,ELIGIBLE,R03b_20260811_FULL_v1,L1_ELIGIBILITY,v2026-08-11,2026-03-21..2026-08-06,baccarat_bet02_101_all_pairs_incl_sentinel,round_win = game_pnl > 0 (decisive only),COMPATIBILITY_ONLY_NOT_PRODUCTION,2223.1723,2223.1723,482.2861,20,20,-0.21693598,,-0.21693598,-0.21693598,-482.2861,2223.1723,THIN_EXPOSURE,0.0000,19.2914,4.0000,96.0000,AG03-UNRESOLVED,ALL5_LEVELS_bet23_to_bet27,19.2914,19.2914,19.2914,24.1143,24.1143,4.000000,4.000000,4.000000,5.000000,5.000000,96.000000,96.000000,96.000000,95.000000,95.000000,5.0,106.1029,97.1931,376.1831,385.093,PENDING_AG03,FALSE,NOT_FOR_ENFORCEMENT,462.9946,2134.2454,482.2861,462.9946,19.2914,0.21693598,0.20825854,19.2914,462.9946,0.20825854,19.2914,19.2914,19.2914,24.1143,24.1143,462.9946,0.20825854,106.1029,97.1931,376.1831,385.093,0.16921006,0.17321779,0.00867744,111.1586,111.1586,24.1143,241.1430,53.5873,1111.5862,10.0000,,111.1586,78.5279,106.0126,158.1505,160.8636,173.7214,185.1519,106.0126,-78.5279,1.638686,1.746508,1.048541,9,10,2,2,0E-8,0.21693598,,0E-8,0.000000,1.000000,0.000000,,2026-04-09,2026-06-02,2,9,9,55,0.036364,,,0.000000,,,,,,,,GLOBAL_BASELINE_NO_ENTITY_RANKING,,,NOT_APPLICABLE_GLOBAL_BASELINE,HF9g-P5,,,,X 全窗基线 · 不参与实体赏罚,8393269,840,A168_HF9F_20260827_0900,2026-08-27 09:00:00
2026-06-02,148413282,2171,0,159.4363154782,151.4644997043,151.4644997043,1.0000000,1,1,0.50665070000000000,0.506650700000,0.9867858985152569,0.9867858985152569,0.9867858985152569,0E-17,ELIGIBLE,R03b_20260811_FULL_v1,L1_ELIGIBILITY,v2026-08-11,2026-03-21..2026-08-06,baccarat_bet02_101_all_pairs_incl_sentinel,round_win = game_pnl > 0 (decisive only),COMPATIBILITY_ONLY_NOT_PRODUCTION,2223.1723,2223.1723,482.2861,20,20,-0.21693598,,-0.21693598,-0.21693598,-482.2861,2223.1723,THIN_EXPOSURE,0.0000,19.2914,4.0000,96.0000,AG03-UNRESOLVED,ALL5_LEVELS_bet23_to_bet27,19.2914,19.2914,19.2914,24.1143,24.1143,4.000000,4.000000,4.000000,5.000000,5.000000,96.000000,96.000000,96.000000,95.000000,95.000000,5.0,106.1029,97.1931,376.1831,385.093,PENDING_AG03,FALSE,NOT_FOR_ENFORCEMENT,462.9946,2134.2454,482.2861,462.9946,19.2914,0.21693598,0.20825854,19.2914,462.9946,0.20825854,19.2914,19.2914,19.2914,24.1143,24.1143,462.9946,0.20825854,106.1029,97.1931,376.1831,385.093,0.16921006,0.17321779,0.00867744,111.1586,111.1586,24.1143,241.1430,53.5873,1111.5862,10.0000,,111.1586,78.5279,106.0126,158.1505,160.8636,173.7214,185.1519,106.0126,-78.5279,1.638686,1.746508,1.048541,9,10,2,2,0E-8,0.21693598,,0E-8,0.000000,1.000000,0.000000,,2026-04-09,2026-06-02,2,9,9,55,0.036364,,,0.000000,,,,,,,,GLOBAL_BASELINE_NO_ENTITY_RANKING,,,NOT_APPLICABLE_GLOBAL_BASELINE,HF9g-P5,,,,X 全窗基线 · 不参与实体赏罚,8393270,840,A168_HF9F_20260827_0900,2026-08-27 09:00:00
2026-05-03,149505041,2134,0,18.9055771452,-4.4113013339,-4.4113013339,0.3333333,4,4,0.29402162500000000,0.294021625000,0.14945044359445836,0.14945044359445836,0.14945044359445836,0E-17,ELIGIBLE,R03b_20260811_FULL_v1,L1_ELIGIBILITY,v2026-08-11,2026-03-21..2026-08-06,baccarat_bet02_101_all_pairs_incl_sentinel,round_win = game_pnl > 0 (decisive only),COMPATIBILITY_ONLY_NOT_PRODUCTION,1763.3220,1651.0698,482.2882,263,138,-0.27351111,0.12154696,-0.37840051,-0.27351111,-482.2882,1763.3220,OK,0.0000,19.2915,4.0000,96.0000,AG03-UNRESOLVED,ALL5_LEVELS_bet23_to_bet27,19.2915,19.2915,21.7030,21.7030,21.7030,4.000000,4.000000,4.500000,4.500000,4.500000,96.000000,96.000000,95.500000,95.500000,95.500000,5.0,103.6920,95.1561,378.5962,387.1321,PENDING_AG03,FALSE,NOT_FOR_ENFORCEMENT,462.9966,1585.0270,482.2882,462.9966,19.2915,0.27351111,0.26257066,19.2915,462.9966,0.26257066,19.2915,19.2915,21.7030,21.7030,21.7030,462.9966,0.26257066,103.6920,95.1561,378.5962,387.1321,0.21470622,0.21954702,0.01094044,6.7046,11.9643,3.4948,25.3836,16.6306,92.8064,7.2632,9.0231,6.2765,2.1006,4.2012,10.2195,12.6037,20.439,21.0062,4.2012,-4.0878,4.865,5.0,1.595873,12,32,12,8,0.20980085,0.27351111,-0.12154696,0E-8,0.000000,0.936341,0.000000,0.49994748,2026-05-03,2026-07-23,19,29,30,82,0.231707,1.437606,1.345796,0.699336,,,,,,,,GLOBAL_BASELINE_NO_ENTITY_RANKING,,,NOT_APPLICABLE_GLOBAL_BASELINE,HF9g-P5,,,,X 全窗基线 · 不参与实体赏罚,8393271,840,A168_HF9F_20260827_0900,2026-08-27 09:00:00
2026-05-03,149505041,2175,0,18.9055771452,-18.9055771452,-18.9055771452,0E-7,6,2,0.19504343928571429,0.125991587500,-0.6961365696625051,-0.5369427286374427,-0.6961365696625051,0.06905185178571429,ELIGIBLE,R03b_20260811_FULL_v1,L1_ELIGIBILITY,v2026-08-11,2026-03-21..2026-08-06,baccarat_bet02_101_all_pairs_incl_sentinel,round_win = game_pnl > 0 (decisive only),COMPATIBILITY_ONLY_NOT_PRODUCTION,1763.3220,1651.0698,482.2882,263,138,-0.27351111,0.12154696,-0.37840051,-0.27351111,-482.2882,1763.3220,OK,0.0000,19.2915,4.0000,96.0000,AG03-UNRESOLVED,ALL5_LEVELS_bet23_to_bet27,19.2915,19.2915,21.7030,21.7030,21.7030,4.000000,4.000000,4.500000,4.500000,4.500000,96.000000,96.000000,95.500000,95.500000,95.500000,5.0,103.6920,95.1561,378.5962,387.1321,PENDING_AG03,FALSE,NOT_FOR_ENFORCEMENT,462.9966,1585.0270,482.2882,462.9966,19.2915,0.27351111,0.26257066,19.2915,462.9966,0.26257066,19.2915,19.2915,21.7030,21.7030,21.7030,462.9966,0.26257066,103.6920,95.1561,378.5962,387.1321,0.21470622,0.21954702,0.01094044,6.7046,11.9643,3.4948,25.3836,16.6306,92.8064,7.2632,9.0231,6.2765,2.1006,4.2012,10.2195,12.6037,20.439,21.0062,4.2012,-4.0878,4.865,5.0,1.595873,12,32,12,8,0.20980085,0.27351111,-0.12154696,0E-8,0.000000,0.936341,0.000000,0.49994748,2026-05-03,2026-07-23,19,29,30,82,0.231707,1.437606,1.345796,0.699336,,,,,,,,GLOBAL_BASELINE_NO_ENTITY_RANKING,,,NOT_APPLICABLE_GLOBAL_BASELINE,HF9g-P5,,,,X 全窗基线 · 不参与实体赏罚,8393272,840,A168_HF9F_20260827_0900,2026-08-27 09:00:00
2026-05-09,149505041,772,0,31.5092952420,-14.9143997479,-14.9143997479,0.2857143,9,7,0.36647527380952381,0.356673892857,-0.44345189988351813,-0.39193042051014704,-0.44345189988351813,0.00980138095252381,ELIGIBLE,R03b_20260811_FULL_v1,L1_ELIGIBILITY,v2026-08-11,2026-03-21..2026-08-06,baccarat_bet02_101_all_pairs_incl_sentinel,round_win = game_pnl > 0 (decisive only),COMPATIBILITY_ONLY_NOT_PRODUCTION,1763.3220,1651.0698,482.2882,263,138,-0.27351111,0.12154696,-0.37840051,-0.27351111,-482.2882,1763.3220,OK,0.0000,19.2915,4.0000,96.0000,AG03-UNRESOLVED,ALL5_LEVELS_bet23_to_bet27,19.2915,19.2915,21.7030,21.7030,21.7030,4.000000,4.000000,4.500000,4.500000,4.500000,96.000000,96.000000,95.500000,95.500000,95.500000,5.0,103.6920,95.1561,378.5962,387.1321,PENDING_AG03,FALSE,NOT_FOR_ENFORCEMENT,462.9966,1585.0270,482.2882,462.9966,19.2915,0.27351111,0.26257066,19.2915,462.9966,0.26257066,19.2915,19.2915,21.7030,21.7030,21.7030,462.9966,0.26257066,103.6920,95.1561,378.5962,387.1321,0.21470622,0.21954702,0.01094044,6.7046,11.9643,3.4948,25.3836,16.6306,92.8064,7.2632,9.0231,6.2765,2.1006,4.2012,10.2195,12.6037,20.439,21.0062,4.2012,-4.0878,4.865,5.0,1.595873,12,32,12,8,0.20980085,0.27351111,-0.12154696,0E-8,0.000000,0.936341,0.000000,0.49994748,2026-05-03,2026-07-23,19,29,30,82,0.231707,1.437606,1.345796,0.699336,,,,,,,,GLOBAL_BASELINE_NO_ENTITY_RANKING,,,NOT_APPLICABLE_GLOBAL_BASELINE,HF9g-P5,,,,X 全窗基线 · 不参与实体赏罚,8393273,840,A168_HF9F_20260827_0900,2026-08-27 09:00:00
2026-05-11,149505041,1353,0,4.2012393656,-4.2012393656,-4.2012393656,0E-7,1,1,0.08158750000000000,0.081587500000,-0.29805260355172214,-0.2980526035517222,-0.29805260355172214,0E-17,ELIGIBLE,R03b_20260811_FULL_v1,L1_ELIGIBILITY,v2026-08-11,2026-03-21..2026-08-06,baccarat_bet02_101_all_pairs_incl_sentinel,round_win = game_pnl > 0 (decisive only),COMPATIBILITY_ONLY_NOT_PRODUCTION,1763.3220,1651.0698,482.2882,263,138,-0.27351111,0.12154696,-0.37840051,-0.27351111,-482.2882,1763.3220,OK,0.0000,19.2915,4.0000,96.0000,AG03-UNRESOLVED,ALL5_LEVELS_bet23_to_bet27,19.2915,19.2915,21.7030,21.7030,21.7030,4.000000,4.000000,4.500000,4.500000,4.500000,96.000000,96.000000,95.500000,95.500000,95.500000,5.0,103.6920,95.1561,378.5962,387.1321,PENDING_AG03,FALSE,NOT_FOR_ENFORCEMENT,462.9966,1585.0270,482.2882,462.9966,19.2915,0.27351111,0.26257066,19.2915,462.9966,0.26257066,19.2915,19.2915,21.7030,21.7030,21.7030,462.9966,0.26257066,103.6920,95.1561,378.5962,387.1321,0.21470622,0.21954702,0.01094044,6.7046,11.9643,3.4948,25.3836,16.6306,92.8064,7.2632,9.0231,6.2765,2.1006,4.2012,10.2195,12.6037,20.439,21.0062,4.2012,-4.0878,4.865,5.0,1.595873,12,32,12,8,0.20980085,0.27351111,-0.12154696,0E-8,0.000000,0.936341,0.000000,0.49994748,2026-05-03,2026-07-23,19,29,30,82,0.231707,1.437606,1.345796,0.699336,,,,,,,,GLOBAL_BASELINE_NO_ENTITY_RANKING,,,NOT_APPLICABLE_GLOBAL_BASELINE,HF9g-P5,,,,X 全窗基线 · 不参与实体赏罚,8393274,840,A168_HF9F_20260827_0900,2026-08-27 09:00:00
2026-05-11,149505041,1505,0,18.9055771452,-18.9055771452,-18.9055771452,0E-7,3,1,0.40907820000000000,0.213933200000,-0.8320284222653506,-0.5216862217126026,-0.8320284222653506,0.19514500000000000,ELIGIBLE,R03b_20260811_FULL_v1,L1_ELIGIBILITY,v2026-08-11,2026-03-21..2026-08-06,baccarat_bet02_101_all_pairs_incl_sentinel,round_win = game_pnl > 0 (decisive only),COMPATIBILITY_ONLY_NOT_PRODUCTION,1763.3220,1651.0698,482.2882,263,138,-0.27351111,0.12154696,-0.37840051,-0.27351111,-482.2882,1763.3220,OK,0.0000,19.2915,4.0000,96.0000,AG03-UNRESOLVED,ALL5_LEVELS_bet23_to_bet27,19.2915,19.2915,21.7030,21.7030,21.7030,4.000000,4.000000,4.500000,4.500000,4.500000,96.000000,96.000000,95.500000,95.500000,95.500000,5.0,103.6920,95.1561,378.5962,387.1321,PENDING_AG03,FALSE,NOT_FOR_ENFORCEMENT,462.9966,1585.0270,482.2882,462.9966,19.2915,0.27351111,0.26257066,19.2915,462.9966,0.26257066,19.2915,19.2915,21.7030,21.7030,21.7030,462.9966,0.26257066,103.6920,95.1561,378.5962,387.1321,0.21470622,0.21954702,0.01094044,6.7046,11.9643,3.4948,25.3836,16.6306,92.8064,7.2632,9.0231,6.2765,2.1006,4.2012,10.2195,12.6037,20.439,21.0062,4.2012,-4.0878,4.865,5.0,1.595873,12,32,12,8,0.20980085,0.27351111,-0.12154696,0E-8,0.000000,0.936341,0.000000,0.49994748,2026-05-03,2026-07-23,19,29,30,82,0.231707,1.437606,1.345796,0.699336,,,,,,,,GLOBAL_BASELINE_NO_ENTITY_RANKING,,,NOT_APPLICABLE_GLOBAL_BASELINE,HF9g-P5,,,,X 全窗基线 · 不参与实体赏罚,8393275,840,A168_HF9F_20260827_0900,2026-08-27 09:00:00
2026-05-11,149505041,2169,0,132.3390400166,-4.2012393654,-4.2012393654,0.4285714,17,7,0.37663990947444305,0.261448648810,0.28356157596135007,1.006238943318104,0.28356157596135007,0.11519126066444305,ELIGIBLE,R03b_20260811_FULL_v1,L1_ELIGIBILITY,v2026-08-11,2026-03-21..2026-08-06,baccarat_bet02_101_all_pairs_incl_sentinel,round_win = game_pnl > 0 (decisive only),COMPATIBILITY_ONLY_NOT_PRODUCTION,1763.3220,1651.0698,482.2882,263,138,-0.27351111,0.12154696,-0.37840051,-0.27351111,-482.2882,1763.3220,OK,0.0000,19.2915,4.0000,96.0000,AG03-UNRESOLVED,ALL5_LEVELS_bet23_to_bet27,19.2915,19.2915,21.7030,21.7030,21.7030,4.000000,4.000000,4.500000,4.500000,4.500000,96.000000,96.000000,95.500000,95.500000,95.500000,5.0,103.6920,95.1561,378.5962,387.1321,PENDING_AG03,FALSE,NOT_FOR_ENFORCEMENT,462.9966,1585.0270,482.2882,462.9966,19.2915,0.27351111,0.26257066,19.2915,462.9966,0.26257066,19.2915,19.2915,21.7030,21.7030,21.7030,462.9966,0.26257066,103.6920,95.1561,378.5962,387.1321,0.21470622,0.21954702,0.01094044,6.7046,11.9643,3.4948,25.3836,16.6306,92.8064,7.2632,9.0231,6.2765,2.1006,4.2012,10.2195,12.6037,20.439,21.0062,4.2012,-4.0878,4.865,5.0,1.595873,12,32,12,8,0.20980085,0.27351111,-0.12154696,0E-8,0.000000,0.936341,0.000000,0.49994748,2026-05-03,2026-07-23,19,29,30,82,0.231707,1.437606,1.345796,0.699336,,,,,,,,GLOBAL_BASELINE_NO_ENTITY_RANKING,,,NOT_APPLICABLE_GLOBAL_BASELINE,HF9g-P5,,,,X 全窗基线 · 不参与实体赏罚,8393276,840,A168_HF9F_20260827_0900,2026-08-27 09:00:00
2026-05-12,149505041,2220,0,75.6223085808,-39.9117739731,-39.9117739731,0.1666667,15,6,0.29187653303571429,0.220177679167,-0.6746213700308876,-0.3163255835941477,-0.6746213700308876,0.07169885386871429,ELIGIBLE,R03b_20260811_FULL_v1,L1_ELIGIBILITY,v2026-08-11,2026-03-21..2026-08-06,baccarat_bet02_101_all_pairs_incl_sentinel,round_win = game_pnl > 0 (decisive only),COMPATIBILITY_ONLY_NOT_PRODUCTION,1763.3220,1651.0698,482.2882,263,138,-0.27351111,0.12154696,-0.37840051,-0.27351111,-482.2882,1763.3220,OK,0.0000,19.2915,4.0000,96.0000,AG03-UNRESOLVED,ALL5_LEVELS_bet23_to_bet27,19.2915,19.2915,21.7030,21.7030,21.7030,4.000000,4.000000,4.500000,4.500000,4.500000,96.000000,96.000000,95.500000,95.500000,95.500000,5.0,103.6920,95.1561,378.5962,387.1321,PENDING_AG03,FALSE,NOT_FOR_ENFORCEMENT,462.9966,1585.0270,482.2882,462.9966,19.2915,0.27351111,0.26257066,19.2915,462.9966,0.26257066,19.2915,19.2915,21.7030,21.7030,21.7030,462.9966,0.26257066,103.6920,95.1561,378.5962,387.1321,0.21470622,0.21954702,0.01094044,6.7046,11.9643,3.4948,25.3836,16.6306,92.8064,7.2632,9.0231,6.2765,2.1006,4.2012,10.2195,12.6037,20.439,21.0062,4.2012,-4.0878,4.865,5.0,1.595873,12,32,12,8,0.20980085,0.27351111,-0.12154696,0E-8,0.000000,0.936341,0.000000,0.49994748,2026-05-03,2026-07-23,19,29,30,82,0.231707,1.437606,1.345796,0.699336,,,,,,,,GLOBAL_BASELINE_NO_ENTITY_RANKING,,,NOT_APPLICABLE_GLOBAL_BASELINE,HF9g-P5,,,,X 全窗基线 · 不参与实体赏罚,8393277,840,A168_HF9F_20260827_0900,2026-08-27 09:00:00
2026-05-14,149505041,1210,0,75.6223085808,-8.4024787311,-8.4024787311,0.5714286,19,7,0.27527979773500309,0.199243897381,1.7542302852731244,2.4652721123526735,1.7542302852731244,0.07603590035400309,ELIGIBLE,R03b_20260811_FULL_v1,L1_ELIGIBILITY,v2026-08-11,2026-03-21..2026-08-06,baccarat_bet02_101_all_pairs_incl_sentinel,round_win = game_pnl > 0 (decisive only),COMPATIBILITY_ONLY_NOT_PRODUCTION,1763.3220,1651.0698,482.2882,263,138,-0.27351111,0.12154696,-0.37840051,-0.27351111,-482.2882,1763.3220,OK,0.0000,19.2915,4.0000,96.0000,AG03-UNRESOLVED,ALL5_LEVELS_bet23_to_bet27,19.2915,19.2915,21.7030,21.7030,21.7030,4.000000,4.000000,4.500000,4.500000,4.500000,96.000000,96.000000,95.500000,95.500000,95.500000,5.0,103.6920,95.1561,378.5962,387.1321,PENDING_AG03,FALSE,NOT_FOR_ENFORCEMENT,462.9966,1585.0270,482.2882,462.9966,19.2915,0.27351111,0.26257066,19.2915,462.9966,0.26257066,19.2915,19.2915,21.7030,21.7030,21.7030,462.9966,0.26257066,103.6920,95.1561,378.5962,387.1321,0.21470622,0.21954702,0.01094044,6.7046,11.9643,3.4948,25.3836,16.6306,92.8064,7.2632,9.0231,6.2765,2.1006,4.2012,10.2195,12.6037,20.439,21.0062,4.2012,-4.0878,4.865,5.0,1.595873,12,32,12,8,0.20980085,0.27351111,-0.12154696,0E-8,0.000000,0.936341,0.000000,0.49994748,2026-05-03,2026-07-23,19,29,30,82,0.231707,1.437606,1.345796,0.699336,,,,,,,,GLOBAL_BASELINE_NO_ENTITY_RANKING,,,NOT_APPLICABLE_GLOBAL_BASELINE,HF9g-P5,,,,X 全窗基线 · 不参与实体赏罚,8393278,840,A168_HF9F_20260827_0900,2026-08-27 09:00:00
2026-05-14,149505041,1401,0,39.9117739732,-25.2074361936,-25.2074361936,0.2500000,12,4,0.24996784166666667,0.178744930000,0.00014853934883689676,0.37195454414128126,0.00014853934883689676,0.07122291166666667,ELIGIBLE,R03b_20260811_FULL_v1,L1_ELIGIBILITY,v2026-08-11,2026-03-21..2026-08-06,baccarat_bet02_101_all_pairs_incl_sentinel,round_win = game_pnl > 0 (decisive only),COMPATIBILITY_ONLY_NOT_PRODUCTION,1763.3220,1651.0698,482.2882,263,138,-0.27351111,0.12154696,-0.37840051,-0.27351111,-482.2882,1763.3220,OK,0.0000,19.2915,4.0000,96.0000,AG03-UNRESOLVED,ALL5_LEVELS_bet23_to_bet27,19.2915,19.2915,21.7030,21.7030,21.7030,4.000000,4.000000,4.500000,4.500000,4.500000,96.000000,96.000000,95.500000,95.500000,95.500000,5.0,103.6920,95.1561,378.5962,387.1321,PENDING_AG03,FALSE,NOT_FOR_ENFORCEMENT,462.9966,1585.0270,482.2882,462.9966,19.2915,0.27351111,0.26257066,19.2915,462.9966,0.26257066,19.2915,19.2915,21.7030,21.7030,21.7030,462.9966,0.26257066,103.6920,95.1561,378.5962,387.1321,0.21470622,0.21954702,0.01094044,6.7046,11.9643,3.4948,25.3836,16.6306,92.8064,7.2632,9.0231,6.2765,2.1006,4.2012,10.2195,12.6037,20.439,21.0062,4.2012,-4.0878,4.865,5.0,1.595873,12,32,12,8,0.20980085,0.27351111,-0.12154696,0E-8,0.000000,0.936341,0.000000,0.49994748,2026-05-03,2026-07-23,19,29,30,82,0.231707,1.437606,1.345796,0.699336,,,,,,,,GLOBAL_BASELINE_NO_ENTITY_RANKING,,,NOT_APPLICABLE_GLOBAL_BASELINE,HF9g-P5,,,,X 全窗基线 · 不参与实体赏罚,8393279,840,A168_HF9F_20260827_0900,2026-08-27 09:00:00
2026-05-16,149505041,550,0,8.4024787312,-8.4024787312,-8.4024787312,0E-7,1,1,0.08158750000000000,0.081587500000,-0.29805260355172214,-0.2980526035517222,-0.29805260355172214,0E-17,ELIGIBLE,R03b_20260811_FULL_v1,L1_ELIGIBILITY,v2026-08-11,2026-03-21..2026-08-06,baccarat_bet02_101_all_pairs_incl_sentinel,round_win = game_pnl > 0 (decisive only),COMPATIBILITY_ONLY_NOT_PRODUCTION,1763.3220,1651.0698,482.2882,263,138,-0.27351111,0.12154696,-0.37840051,-0.27351111,-482.2882,1763.3220,OK,0.0000,19.2915,4.0000,96.0000,AG03-UNRESOLVED,ALL5_LEVELS_bet23_to_bet27,19.2915,19.2915,21.7030,21.7030,21.7030,4.000000,4.000000,4.500000,4.500000,4.500000,96.000000,96.000000,95.500000,95.500000,95.500000,5.0,103.6920,95.1561,378.5962,387.1321,PENDING_AG03,FALSE,NOT_FOR_ENFORCEMENT,462.9966,1585.0270,482.2882,462.9966,19.2915,0.27351111,0.26257066,19.2915,462.9966,0.26257066,19.2915,19.2915,21.7030,21.7030,21.7030,462.9966,0.26257066,103.6920,95.1561,378.5962,387.1321,0.21470622,0.21954702,0.01094044,6.7046,11.9643,3.4948,25.3836,16.6306,92.8064,7.2632,9.0231,6.2765,2.1006,4.2012,10.2195,12.6037,20.439,21.0062,4.2012,-4.0878,4.865,5.0,1.595873,12,32,12,8,0.20980085,0.27351111,-0.12154696,0E-8,0.000000,0.936341,0.000000,0.49994748,2026-05-03,2026-07-23,19,29,30,82,0.231707,1.437606,1.345796,0.699336,,,,,,,,GLOBAL_BASELINE_NO_ENTITY_RANKING,,,NOT_APPLICABLE_GLOBAL_BASELINE,HF9g-P5,,,,X 全窗基线 · 不参与实体赏罚,8393280,840,A168_HF9F_20260827_0900,2026-08-27 09:00:00
2026-05-16,149505041,925,0,10.5030984140,-10.5030984140,-10.5030984140,0E-7,1,1,0.49324550000000000,0.493245500000,-0.9865810262130424,-0.9865810262130424,-0.9865810262130424,0E-17,ELIGIBLE,R03b_20260811_FULL_v1,L1_ELIGIBILITY,v2026-08-11,2026-03-21..2026-08-06,baccarat_bet02_101_all_pairs_incl_sentinel,round_win = game_pnl > 0 (decisive only),COMPATIBILITY_ONLY_NOT_PRODUCTION,1763.3220,1651.0698,482.2882,263,138,-0.27351111,0.12154696,-0.37840051,-0.27351111,-482.2882,1763.3220,OK,0.0000,19.2915,4.0000,96.0000,AG03-UNRESOLVED,ALL5_LEVELS_bet23_to_bet27,19.2915,19.2915,21.7030,21.7030,21.7030,4.000000,4.000000,4.500000,4.500000,4.500000,96.000000,96.000000,95.500000,95.500000,95.500000,5.0,103.6920,95.1561,378.5962,387.1321,PENDING_AG03,FALSE,NOT_FOR_ENFORCEMENT,462.9966,1585.0270,482.2882,462.9966,19.2915,0.27351111,0.26257066,19.2915,462.9966,0.26257066,19.2915,19.2915,21.7030,21.7030,21.7030,462.9966,0.26257066,103.6920,95.1561,378.5962,387.1321,0.21470622,0.21954702,0.01094044,6.7046,11.9643,3.4948,25.3836,16.6306,92.8064,7.2632,9.0231,6.2765,2.1006,4.2012,10.2195,12.6037,20.439,21.0062,4.2012,-4.0878,4.865,5.0,1.595873,12,32,12,8,0.20980085,0.27351111,-0.12154696,0E-8,0.000000,0.936341,0.000000,0.49994748,2026-05-03,2026-07-23,19,29,30,82,0.231707,1.437606,1.345796,0.699336,,,,,,,,GLOBAL_BASELINE_NO_ENTITY_RANKING,,,NOT_APPLICABLE_GLOBAL_BASELINE,HF9g-P5,,,,X 全窗基线 · 不参与实体赏罚,8393281,840,A168_HF9F_20260827_0900,2026-08-27 09:00:00
2026-05-17,149505041,1363,0,12.6037180968,11.9735321920,11.9735321920,1.0000000,1,1,0.50665070000000000,0.506650700000,0.9867858985152569,0.9867858985152569,0.9867858985152569,0E-17,ELIGIBLE,R03b_20260811_FULL_v1,L1_ELIGIBILITY,v2026-08-11,2026-03-21..2026-08-06,baccarat_bet02_101_all_pairs_incl_sentinel,round_win = game_pnl > 0 (decisive only),COMPATIBILITY_ONLY_NOT_PRODUCTION,1763.3220,1651.0698,482.2882,263,138,-0.27351111,0.12154696,-0.37840051,-0.27351111,-482.2882,1763.3220,OK,0.0000,19.2915,4.0000,96.0000,AG03-UNRESOLVED,ALL5_LEVELS_bet23_to_bet27,19.2915,19.2915,21.7030,21.7030,21.7030,4.000000,4.000000,4.500000,4.500000,4.500000,96.000000,96.000000,95.500000,95.500000,95.500000,5.0,103.6920,95.1561,378.5962,387.1321,PENDING_AG03,FALSE,NOT_FOR_ENFORCEMENT,462.9966,1585.0270,482.2882,462.9966,19.2915,0.27351111,0.26257066,19.2915,462.9966,0.26257066,19.2915,19.2915,21.7030,21.7030,21.7030,462.9966,0.26257066,103.6920,95.1561,378.5962,387.1321,0.21470622,0.21954702,0.01094044,6.7046,11.9643,3.4948,25.3836,16.6306,92.8064,7.2632,9.0231,6.2765,2.1006,4.2012,10.2195,12.6037,20.439,21.0062,4.2012,-4.0878,4.865,5.0,1.595873,12,32,12,8,0.20980085,0.27351111,-0.12154696,0E-8,0.000000,0.936341,0.000000,0.49994748,2026-05-03,2026-07-23,19,29,30,82,0.231707,1.437606,1.345796,0.699336,,,,,,,,GLOBAL_BASELINE_NO_ENTITY_RANKING,,,NOT_APPLICABLE_GLOBAL_BASELINE,HF9g-P5,,,,X 全窗基线 · 不参与实体赏罚,8393282,840,A168_HF9F_20260827_0900,2026-08-27 09:00:00
2026-05-17,149505041,1710,0,53.9859258480,-53.9859258480,-53.9859258480,0E-7,9,6,0.31587614722222222,0.286137916667,-1.6644343685667438,-1.5508013594394336,-1.6644343685667438,0.02973823055522222,ELIGIBLE,R03b_20260811_FULL_v1,L1_ELIGIBILITY,v2026-08-11,2026-03-21..2026-08-06,baccarat_bet02_101_all_pairs_incl_sentinel,round_win = game_pnl > 0 (decisive only),COMPATIBILITY_ONLY_NOT_PRODUCTION,1763.3220,1651.0698,482.2882,263,138,-0.27351111,0.12154696,-0.37840051,-0.27351111,-482.2882,1763.3220,OK,0.0000,19.2915,4.0000,96.0000,AG03-UNRESOLVED,ALL5_LEVELS_bet23_to_bet27,19.2915,19.2915,21.7030,21.7030,21.7030,4.000000,4.000000,4.500000,4.500000,4.500000,96.000000,96.000000,95.500000,95.500000,95.500000,5.0,103.6920,95.1561,378.5962,387.1321,PENDING_AG03,FALSE,NOT_FOR_ENFORCEMENT,462.9966,1585.0270,482.2882,462.9966,19.2915,0.27351111,0.26257066,19.2915,462.9966,0.26257066,19.2915,19.2915,21.7030,21.7030,21.7030,462.9966,0.26257066,103.6920,95.1561,378.5962,387.1321,0.21470622,0.21954702,0.01094044,6.7046,11.9643,3.4948,25.3836,16.6306,92.8064,7.2632,9.0231,6.2765,2.1006,4.2012,10.2195,12.6037,20.439,21.0062,4.2012,-4.0878,4.865,5.0,1.595873,12,32,12,8,0.20980085,0.27351111,-0.12154696,0E-8,0.000000,0.936341,0.000000,0.49994748,2026-05-03,2026-07-23,19,29,30,82,0.231707,1.437606,1.345796,0.699336,,,,,,,,GLOBAL_BASELINE_NO_ENTITY_RANKING,,,NOT_APPLICABLE_GLOBAL_BASELINE,HF9g-P5,,,,X 全窗基线 · 不参与实体赏罚,8393283,840,A168_HF9F_20260827_0900,2026-08-27 09:00:00
2026-05-18,149505041,1384,0,14.7043377796,-14.7043377796,-14.7043377796,0E-7,2,1,0.37719661428571429,0.280106050000,-0.7782307922112318,-0.6237735893609975,-0.7782307922112318,0.09709056428571429,ELIGIBLE,R03b_20260811_FULL_v1,L1_ELIGIBILITY,v2026-08-11,2026-03-21..2026-08-06,baccarat_bet02_101_all_pairs_incl_sentinel,round_win = game_pnl > 0 (decisive only),COMPATIBILITY_ONLY_NOT_PRODUCTION,1763.3220,1651.0698,482.2882,263,138,-0.27351111,0.12154696,-0.37840051,-0.27351111,-482.2882,1763.3220,OK,0.0000,19.2915,4.0000,96.0000,AG03-UNRESOLVED,ALL5_LEVELS_bet23_to_bet27,19.2915,19.2915,21.7030,21.7030,21.7030,4.000000,4.000000,4.500000,4.500000,4.500000,96.000000,96.000000,95.500000,95.500000,95.500000,5.0,103.6920,95.1561,378.5962,387.1321,PENDING_AG03,FALSE,NOT_FOR_ENFORCEMENT,462.9966,1585.0270,482.2882,462.9966,19.2915,0.27351111,0.26257066,19.2915,462.9966,0.26257066,19.2915,19.2915,21.7030,21.7030,21.7030,462.9966,0.26257066,103.6920,95.1561,378.5962,387.1321,0.21470622,0.21954702,0.01094044,6.7046,11.9643,3.4948,25.3836,16.6306,92.8064,7.2632,9.0231,6.2765,2.1006,4.2012,10.2195,12.6037,20.439,21.0062,4.2012,-4.0878,4.865,5.0,1.595873,12,32,12,8,0.20980085,0.27351111,-0.12154696,0E-8,0.000000,0.936341,0.000000,0.49994748,2026-05-03,2026-07-23,19,29,30,82,0.231707,1.437606,1.345796,0.699336,,,,,,,,GLOBAL_BASELINE_NO_ENTITY_RANKING,,,NOT_APPLICABLE_GLOBAL_BASELINE,HF9g-P5,,,,X 全窗基线 · 不参与实体赏罚,8393284,840,A168_HF9F_20260827_0900,2026-08-27 09:00:00
2026-05-21,149505041,986,0,27.3080558764,-10.9232223505,-10.9232223505,0.3333333,6,3,0.31308878888888889,0.287917161111,0.07561092919266095,0.17372892006545668,0.07561092919266095,0.02517162777788889,ELIGIBLE,R03b_20260811_FULL_v1,L1_ELIGIBILITY,v2026-08-11,2026-03-21..2026-08-06,baccarat_bet02_101_all_pairs_incl_sentinel,round_win = game_pnl > 0 (decisive only),COMPATIBILITY_ONLY_NOT_PRODUCTION,1763.3220,1651.0698,482.2882,263,138,-0.27351111,0.12154696,-0.37840051,-0.27351111,-482.2882,1763.3220,OK,0.0000,19.2915,4.0000,96.0000,AG03-UNRESOLVED,ALL5_LEVELS_bet23_to_bet27,19.2915,19.2915,21.7030,21.7030,21.7030,4.000000,4.000000,4.500000,4.500000,4.500000,96.000000,96.000000,95.500000,95.500000,95.500000,5.0,103.6920,95.1561,378.5962,387.1321,PENDING_AG03,FALSE,NOT_FOR_ENFORCEMENT,462.9966,1585.0270,482.2882,462.9966,19.2915,0.27351111,0.26257066,19.2915,462.9966,0.26257066,19.2915,19.2915,21.7030,21.7030,21.7030,462.9966,0.26257066,103.6920,95.1561,378.5962,387.1321,0.21470622,0.21954702,0.01094044,6.7046,11.9643,3.4948,25.3836,16.6306,92.8064,7.2632,9.0231,6.2765,2.1006,4.2012,10.2195,12.6037,20.439,21.0062,4.2012,-4.0878,4.865,5.0,1.595873,12,32,12,8,0.20980085,0.27351111,-0.12154696,0E-8,0.000000,0.936341,0.000000,0.49994748,2026-05-03,2026-07-23,19,29,30,82,0.231707,1.437606,1.345796,0.699336,,,,,,,,GLOBAL_BASELINE_NO_ENTITY_RANKING,,,NOT_APPLICABLE_GLOBAL_BASELINE,HF9g-P5,,,,X 全窗基线 · 不参与实体赏罚,8393285,840,A168_HF9F_20260827_0900,2026-08-27 09:00:00
2026-05-22,149505041,1957,0,159.6470958933,-76.4625564540,-76.4625564540,0.2857143,15,8,0.43764851736127721,0.372692229167,-0.8102853760983669,-0.4759295299847457,-0.8102853760983669,0.06495628819427721,ELIGIBLE,R03b_20260811_FULL_v1,L1_ELIGIBILITY,v2026-08-11,2026-03-21..2026-08-06,baccarat_bet02_101_all_pairs_incl_sentinel,round_win = game_pnl > 0 (decisive only),COMPATIBILITY_ONLY_NOT_PRODUCTION,1763.3220,1651.0698,482.2882,263,138,-0.27351111,0.12154696,-0.37840051,-0.27351111,-482.2882,1763.3220,OK,0.0000,19.2915,4.0000,96.0000,AG03-UNRESOLVED,ALL5_LEVELS_bet23_to_bet27,19.2915,19.2915,21.7030,21.7030,21.7030,4.000000,4.000000,4.500000,4.500000,4.500000,96.000000,96.000000,95.500000,95.500000,95.500000,5.0,103.6920,95.1561,378.5962,387.1321,PENDING_AG03,FALSE,NOT_FOR_ENFORCEMENT,462.9966,1585.0270,482.2882,462.9966,19.2915,0.27351111,0.26257066,19.2915,462.9966,0.26257066,19.2915,19.2915,21.7030,21.7030,21.7030,462.9966,0.26257066,103.6920,95.1561,378.5962,387.1321,0.21470622,0.21954702,0.01094044,6.7046,11.9643,3.4948,25.3836,16.6306,92.8064,7.2632,9.0231,6.2765,2.1006,4.2012,10.2195,12.6037,20.439,21.0062,4.2012,-4.0878,4.865,5.0,1.595873,12,32,12,8,0.20980085,0.27351111,-0.12154696,0E-8,0.000000,0.936341,0.000000,0.49994748,2026-05-03,2026-07-23,19,29,30,82,0.231707,1.437606,1.345796,0.699336,,,,,,,,GLOBAL_BASELINE_NO_ENTITY_RANKING,,,NOT_APPLICABLE_GLOBAL_BASELINE,HF9g-P5,,,,X 全窗基线 · 不参与实体赏罚,8393286,840,A168_HF9F_20260827_0900,2026-08-27 09:00:00
2026-05-22,149505041,1985,0,42.0123936560,-42.0123936560,-42.0123936560,0E-7,5,4,0.39196001250000000,0.391960012500,-1.6057754222337404,-1.6057754222337404,-1.6057754222337404,0E-17,ELIGIBLE,R03b_20260811_FULL_v1,L1_ELIGIBILITY,v2026-08-11,2026-03-21..2026-08-06,baccarat_bet02_101_all_pairs_incl_sentinel,round_win = game_pnl > 0 (decisive only),COMPATIBILITY_ONLY_NOT_PRODUCTION,1763.3220,1651.0698,482.2882,263,138,-0.27351111,0.12154696,-0.37840051,-0.27351111,-482.2882,1763.3220,OK,0.0000,19.2915,4.0000,96.0000,AG03-UNRESOLVED,ALL5_LEVELS_bet23_to_bet27,19.2915,19.2915,21.7030,21.7030,21.7030,4.000000,4.000000,4.500000,4.500000,4.500000,96.000000,96.000000,95.500000,95.500000,95.500000,5.0,103.6920,95.1561,378.5962,387.1321,PENDING_AG03,FALSE,NOT_FOR_ENFORCEMENT,462.9966,1585.0270,482.2882,462.9966,19.2915,0.27351111,0.26257066,19.2915,462.9966,0.26257066,19.2915,19.2915,21.7030,21.7030,21.7030,462.9966,0.26257066,103.6920,95.1561,378.5962,387.1321,0.21470622,0.21954702,0.01094044,6.7046,11.9643,3.4948,25.3836,16.6306,92.8064,7.2632,9.0231,6.2765,2.1006,4.2012,10.2195,12.6037,20.439,21.0062,4.2012,-4.0878,4.865,5.0,1.595873,12,32,12,8,0.20980085,0.27351111,-0.12154696,0E-8,0.000000,0.936341,0.000000,0.49994748,2026-05-03,2026-07-23,19,29,30,82,0.231707,1.437606,1.345796,0.699336,,,,,,,,GLOBAL_BASELINE_NO_ENTITY_RANKING,,,NOT_APPLICABLE_GLOBAL_BASELINE,HF9g-P5,,,,X 全窗基线 · 不参与实体赏罚,8393287,840,A168_HF9F_20260827_0900,2026-08-27 09:00:00
2026-05-23,149505041,1304,0,16.8049574624,-8.6125406995,-8.6125406995,0E-7,4,2,0.15013498333333334,0.150134983334,-0.5944029711434325,-0.5944029711449853,-0.5944029711434325,-6.6666E-13,ELIGIBLE,R03b_20260811_FULL_v1,L1_ELIGIBILITY,v2026-08-11,2026-03-21..2026-08-06,baccarat_bet02_101_all_pairs_incl_sentinel,round_win = game_pnl > 0 (decisive only),COMPATIBILITY_ONLY_NOT_PRODUCTION,1763.3220,1651.0698,482.2882,263,138,-0.27351111,0.12154696,-0.37840051,-0.27351111,-482.2882,1763.3220,OK,0.0000,19.2915,4.0000,96.0000,AG03-UNRESOLVED,ALL5_LEVELS_bet23_to_bet27,19.2915,19.2915,21.7030,21.7030,21.7030,4.000000,4.000000,4.500000,4.500000,4.500000,96.000000,96.000000,95.500000,95.500000,95.500000,5.0,103.6920,95.1561,378.5962,387.1321,PENDING_AG03,FALSE,NOT_FOR_ENFORCEMENT,462.9966,1585.0270,482.2882,462.9966,19.2915,0.27351111,0.26257066,19.2915,462.9966,0.26257066,19.2915,19.2915,21.7030,21.7030,21.7030,462.9966,0.26257066,103.6920,95.1561,378.5962,387.1321,0.21470622,0.21954702,0.01094044,6.7046,11.9643,3.4948,25.3836,16.6306,92.8064,7.2632,9.0231,6.2765,2.1006,4.2012,10.2195,12.6037,20.439,21.0062,4.2012,-4.0878,4.865,5.0,1.595873,12,32,12,8,0.20980085,0.27351111,-0.12154696,0E-8,0.000000,0.936341,0.000000,0.49994748,2026-05-03,2026-07-23,19,29,30,82,0.231707,1.437606,1.345796,0.699336,,,,,,,,GLOBAL_BASELINE_NO_ENTITY_RANKING,,,NOT_APPLICABLE_GLOBAL_BASELINE,HF9g-P5,,,,X 全窗基线 · 不参与实体赏罚,8393288,840,A168_HF9F_20260827_0900,2026-08-27 09:00:00
2026-05-23,149505041,1941,0,52.5154920702,-52.5154920702,-52.5154920702,0E-7,3,3,0.08158750000000000,0.081587500000,-0.5162422526797669,-0.5162422526797669,-0.5162422526797669,0E-17,ELIGIBLE,R03b_20260811_FULL_v1,L1_ELIGIBILITY,v2026-08-11,2026-03-21..2026-08-06,baccarat_bet02_101_all_pairs_incl_sentinel,round_win = game_pnl > 0 (decisive only),COMPATIBILITY_ONLY_NOT_PRODUCTION,1763.3220,1651.0698,482.2882,263,138,-0.27351111,0.12154696,-0.37840051,-0.27351111,-482.2882,1763.3220,OK,0.0000,19.2915,4.0000,96.0000,AG03-UNRESOLVED,ALL5_LEVELS_bet23_to_bet27,19.2915,19.2915,21.7030,21.7030,21.7030,4.000000,4.000000,4.500000,4.500000,4.500000,96.000000,96.000000,95.500000,95.500000,95.500000,5.0,103.6920,95.1561,378.5962,387.1321,PENDING_AG03,FALSE,NOT_FOR_ENFORCEMENT,462.9966,1585.0270,482.2882,462.9966,19.2915,0.27351111,0.26257066,19.2915,462.9966,0.26257066,19.2915,19.2915,21.7030,21.7030,21.7030,462.9966,0.26257066,103.6920,95.1561,378.5962,387.1321,0.21470622,0.21954702,0.01094044,6.7046,11.9643,3.4948,25.3836,16.6306,92.8064,7.2632,9.0231,6.2765,2.1006,4.2012,10.2195,12.6037,20.439,21.0062,4.2012,-4.0878,4.865,5.0,1.595873,12,32,12,8,0.20980085,0.27351111,-0.12154696,0E-8,0.000000,0.936341,0.000000,0.49994748,2026-05-03,2026-07-23,19,29,30,82,0.231707,1.437606,1.345796,0.699336,,,,,,,,GLOBAL_BASELINE_NO_ENTITY_RANKING,,,NOT_APPLICABLE_GLOBAL_BASELINE,HF9g-P5,,,,X 全窗基线 · 不参与实体赏罚,8393289,840,A168_HF9F_20260827_0900,2026-08-27 09:00:00
2026-05-23,149505041,2218,0,12.6037180968,-12.6037180968,-12.6037180968,0E-7,2,1,0.42463583333333333,0.287416500000,-0.859086539674708,-0.6350939377956173,-0.859086539674708,0.13721933333333333,ELIGIBLE,R03b_20260811_FULL_v1,L1_ELIGIBILITY,v2026-08-11,2026-03-21..2026-08-06,baccarat_bet02_101_all_pairs_incl_sentinel,round_win = game_pnl > 0 (decisive only),COMPATIBILITY_ONLY_NOT_PRODUCTION,1763.3220,1651.0698,482.2882,263,138,-0.27351111,0.12154696,-0.37840051,-0.27351111,-482.2882,1763.3220,OK,0.0000,19.2915,4.0000,96.0000,AG03-UNRESOLVED,ALL5_LEVELS_bet23_to_bet27,19.2915,19.2915,21.7030,21.7030,21.7030,4.000000,4.000000,4.500000,4.500000,4.500000,96.000000,96.000000,95.500000,95.500000,95.500000,5.0,103.6920,95.1561,378.5962,387.1321,PENDING_AG03,FALSE,NOT_FOR_ENFORCEMENT,462.9966,1585.0270,482.2882,462.9966,19.2915,0.27351111,0.26257066,19.2915,462.9966,0.26257066,19.2915,19.2915,21.7030,21.7030,21.7030,462.9966,0.26257066,103.6920,95.1561,378.5962,387.1321,0.21470622,0.21954702,0.01094044,6.7046,11.9643,3.4948,25.3836,16.6306,92.8064,7.2632,9.0231,6.2765,2.1006,4.2012,10.2195,12.6037,20.439,21.0062,4.2012,-4.0878,4.865,5.0,1.595873,12,32,12,8,0.20980085,0.27351111,-0.12154696,0E-8,0.000000,0.936341,0.000000,0.49994748,2026-05-03,2026-07-23,19,29,30,82,0.231707,1.437606,1.345796,0.699336,,,,,,,,GLOBAL_BASELINE_NO_ENTITY_RANKING,,,NOT_APPLICABLE_GLOBAL_BASELINE,HF9g-P5,,,,X 全窗基线 · 不参与实体赏罚,8393290,840,A168_HF9F_20260827_0900,2026-08-27 09:00:00
2026-06-02,149505041,2187,0,54.0057744638,-29.7031759551,-29.7031759551,0.2500000,8,4,0.36810993541566563,0.288031812500,-0.489786594845555,-0.16796797866777893,-0.489786594845555,0.08007812291566563,ELIGIBLE,R03b_20260811_FULL_v1,L1_ELIGIBILITY,v2026-08-11,2026-03-21..2026-08-06,baccarat_bet02_101_all_pairs_incl_sentinel,round_win = game_pnl > 0 (decisive only),COMPATIBILITY_ONLY_NOT_PRODUCTION,1763.3220,1651.0698,482.2882,263,138,-0.27351111,0.12154696,-0.37840051,-0.27351111,-482.2882,1763.3220,OK,0.0000,19.2915,4.0000,96.0000,AG03-UNRESOLVED,ALL5_LEVELS_bet23_to_bet27,19.2915,19.2915,21.7030,21.7030,21.7030,4.000000,4.000000,4.500000,4.500000,4.500000,96.000000,96.000000,95.500000,95.500000,95.500000,5.0,103.6920,95.1561,378.5962,387.1321,PENDING_AG03,FALSE,NOT_FOR_ENFORCEMENT,462.9966,1585.0270,482.2882,462.9966,19.2915,0.27351111,0.26257066,19.2915,462.9966,0.26257066,19.2915,19.2915,21.7030,21.7030,21.7030,462.9966,0.26257066,103.6920,95.1561,378.5962,387.1321,0.21470622,0.21954702,0.01094044,6.7046,11.9643,3.4948,25.3836,16.6306,92.8064,7.2632,9.0231,6.2765,2.1006,4.2012,10.2195,12.6037,20.439,21.0062,4.2012,-4.0878,4.865,5.0,1.595873,12,32,12,8,0.20980085,0.27351111,-0.12154696,0E-8,0.000000,0.936341,0.000000,0.49994748,2026-05-03,2026-07-23,19,29,30,82,0.231707,1.437606,1.345796,0.699336,,,,,,,,GLOBAL_BASELINE_NO_ENTITY_RANKING,,,NOT_APPLICABLE_GLOBAL_BASELINE,HF9g-P5,,,,X 全窗基线 · 不参与实体赏罚,8393291,840,A168_HF9F_20260827_0900,2026-08-27 09:00:00
2026-06-02,149505041,471,0,2.0771451717,-2.0771451717,-2.0771451717,0E-7,1,1,0.49324550000000000,0.493245500000,-0.9865810262130424,-0.9865810262130424,-0.9865810262130424,0E-17,ELIGIBLE,R03b_20260811_FULL_v1,L1_ELIGIBILITY,v2026-08-11,2026-03-21..2026-08-06,baccarat_bet02_101_all_pairs_incl_sentinel,round_win = game_pnl > 0 (decisive only),COMPATIBILITY_ONLY_NOT_PRODUCTION,1763.3220,1651.0698,482.2882,263,138,-0.27351111,0.12154696,-0.37840051,-0.27351111,-482.2882,1763.3220,OK,0.0000,19.2915,4.0000,96.0000,AG03-UNRESOLVED,ALL5_LEVELS_bet23_to_bet27,19.2915,19.2915,21.7030,21.7030,21.7030,4.000000,4.000000,4.500000,4.500000,4.500000,96.000000,96.000000,95.500000,95.500000,95.500000,5.0,103.6920,95.1561,378.5962,387.1321,PENDING_AG03,FALSE,NOT_FOR_ENFORCEMENT,462.9966,1585.0270,482.2882,462.9966,19.2915,0.27351111,0.26257066,19.2915,462.9966,0.26257066,19.2915,19.2915,21.7030,21.7030,21.7030,462.9966,0.26257066,103.6920,95.1561,378.5962,387.1321,0.21470622,0.21954702,0.01094044,6.7046,11.9643,3.4948,25.3836,16.6306,92.8064,7.2632,9.0231,6.2765,2.1006,4.2012,10.2195,12.6037,20.439,21.0062,4.2012,-4.0878,4.865,5.0,1.595873,12,32,12,8,0.20980085,0.27351111,-0.12154696,0E-8,0.000000,0.936341,0.000000,0.49994748,2026-05-03,2026-07-23,19,29,30,82,0.231707,1.437606,1.345796,0.699336,,,,,,,,GLOBAL_BASELINE_NO_ENTITY_RANKING,,,NOT_APPLICABLE_GLOBAL_BASELINE,HF9g-P5,,,,X 全窗基线 · 不参与实体赏罚,8393292,840,A168_HF9F_20260827_0900,2026-08-27 09:00:00
2026-06-03,149505041,-1,1,31.1571775752,-31.1571775752,-31.1571775752,0E-7,2,1,0.35602616666666667,0.287416500000,-0.7435442999339231,-0.6350939377956173,-0.7435442999339231,0.06860966666666667,SENTINEL_DEALER,R03b_20260811_FULL_v1,L1_ELIGIBILITY,v2026-08-11,2026-03-21..2026-08-06,baccarat_bet02_101_all_pairs_incl_sentinel,round_win = game_pnl > 0 (decisive only),COMPATIBILITY_ONLY_NOT_PRODUCTION,1763.3220,1651.0698,482.2882,263,138,-0.27351111,0.12154696,-0.37840051,-0.27351111,-482.2882,1763.3220,OK,0.0000,19.2915,4.0000,96.0000,AG03-UNRESOLVED,ALL5_LEVELS_bet23_to_bet27,19.2915,19.2915,21.7030,21.7030,21.7030,4.000000,4.000000,4.500000,4.500000,4.500000,96.000000,96.000000,95.500000,95.500000,95.500000,5.0,103.6920,95.1561,378.5962,387.1321,PENDING_AG03,FALSE,NOT_FOR_ENFORCEMENT,462.9966,1585.0270,482.2882,462.9966,19.2915,0.27351111,0.26257066,19.2915,462.9966,0.26257066,19.2915,19.2915,21.7030,21.7030,21.7030,462.9966,0.26257066,103.6920,95.1561,378.5962,387.1321,0.21470622,0.21954702,0.01094044,6.7046,11.9643,3.4948,25.3836,16.6306,92.8064,7.2632,9.0231,6.2765,2.1006,4.2012,10.2195,12.6037,20.439,21.0062,4.2012,-4.0878,4.865,5.0,1.595873,12,32,12,8,0.20980085,0.27351111,-0.12154696,0E-8,0.000000,0.936341,0.000000,0.49994748,2026-05-03,2026-07-23,19,29,30,82,0.231707,1.437606,1.345796,0.699336,,,,,,,,GLOBAL_BASELINE_NO_ENTITY_RANKING,,,NOT_APPLICABLE_GLOBAL_BASELINE,HF9g-P5,,,,X 全窗基线 · 不参与实体赏罚,8393293,840,A168_HF9F_20260827_0900,2026-08-27 09:00:00
2026-06-10,149505041,1325,0,8.3085806868,0E-10,0E-10,,3,2,0.39703360000000000,0.397033600000,,,,0E-17,NO_DECISIVE_ROUND,R03b_20260811_FULL_v1,L1_ELIGIBILITY,v2026-08-11,2026-03-21..2026-08-06,baccarat_bet02_101_all_pairs_incl_sentinel,round_win = game_pnl > 0 (decisive only),COMPATIBILITY_ONLY_NOT_PRODUCTION,1763.3220,1651.0698,482.2882,263,138,-0.27351111,0.12154696,-0.37840051,-0.27351111,-482.2882,1763.3220,OK,0.0000,19.2915,4.0000,96.0000,AG03-UNRESOLVED,ALL5_LEVELS_bet23_to_bet27,19.2915,19.2915,21.7030,21.7030,21.7030,4.000000,4.000000,4.500000,4.500000,4.500000,96.000000,96.000000,95.500000,95.500000,95.500000,5.0,103.6920,95.1561,378.5962,387.1321,PENDING_AG03,FALSE,NOT_FOR_ENFORCEMENT,462.9966,1585.0270,482.2882,462.9966,19.2915,0.27351111,0.26257066,19.2915,462.9966,0.26257066,19.2915,19.2915,21.7030,21.7030,21.7030,462.9966,0.26257066,103.6920,95.1561,378.5962,387.1321,0.21470622,0.21954702,0.01094044,6.7046,11.9643,3.4948,25.3836,16.6306,92.8064,7.2632,9.0231,6.2765,2.1006,4.2012,10.2195,12.6037,20.439,21.0062,4.2012,-4.0878,4.865,5.0,1.595873,12,32,12,8,0.20980085,0.27351111,-0.12154696,0E-8,0.000000,0.936341,0.000000,0.49994748,2026-05-03,2026-07-23,19,29,30,82,0.231707,1.437606,1.345796,0.699336,,,,,,,,GLOBAL_BASELINE_NO_ENTITY_RANKING,,,NOT_APPLICABLE_GLOBAL_BASELINE,HF9g-P5,,,,X 全窗基线 · 不参与实体赏罚,8393294,840,A168_HF9F_20260827_0900,2026-08-27 09:00:00
2026-06-10,149505041,2251,0,16.6171613736,6.2314355149,6.2314355149,0.5000000,7,4,0.34466541875000000,0.327784154167,0.6536838388608861,0.7337612187147972,0.6536838388608861,0.01688126458300000,ELIGIBLE,R03b_20260811_FULL_v1,L1_ELIGIBILITY,v2026-08-11,2026-03-21..2026-08-06,baccarat_bet02_101_all_pairs_incl_sentinel,round_win = game_pnl > 0 (decisive only),COMPATIBILITY_ONLY_NOT_PRODUCTION,1763.3220,1651.0698,482.2882,263,138,-0.27351111,0.12154696,-0.37840051,-0.27351111,-482.2882,1763.3220,OK,0.0000,19.2915,4.0000,96.0000,AG03-UNRESOLVED,ALL5_LEVELS_bet23_to_bet27,19.2915,19.2915,21.7030,21.7030,21.7030,4.000000,4.000000,4.500000,4.500000,4.500000,96.000000,96.000000,95.500000,95.500000,95.500000,5.0,103.6920,95.1561,378.5962,387.1321,PENDING_AG03,FALSE,NOT_FOR_ENFORCEMENT,462.9966,1585.0270,482.2882,462.9966,19.2915,0.27351111,0.26257066,19.2915,462.9966,0.26257066,19.2915,19.2915,21.7030,21.7030,21.7030,462.9966,0.26257066,103.6920,95.1561,378.5962,387.1321,0.21470622,0.21954702,0.01094044,6.7046,11.9643,3.4948,25.3836,16.6306,92.8064,7.2632,9.0231,6.2765,2.1006,4.2012,10.2195,12.6037,20.439,21.0062,4.2012,-4.0878,4.865,5.0,1.595873,12,32,12,8,0.20980085,0.27351111,-0.12154696,0E-8,0.000000,0.936341,0.000000,0.49994748,2026-05-03,2026-07-23,19,29,30,82,0.231707,1.437606,1.345796,0.699336,,,,,,,,GLOBAL_BASELINE_NO_ENTITY_RANKING,,,NOT_APPLICABLE_GLOBAL_BASELINE,HF9g-P5,,,,X 全窗基线 · 不参与实体赏罚,8393295,840,A168_HF9F_20260827_0900,2026-08-27 09:00:00
2026-06-10,149505041,994,0,20.7714517170,-12.4628710302,-12.4628710302,0.2000000,8,5,0.20894012666666667,0.193837150000,-0.04917145616702936,0.03486074798498974,-0.04917145616702936,0.01510297666666667,ELIGIBLE,R03b_20260811_FULL_v1,L1_ELIGIBILITY,v2026-08-11,2026-03-21..2026-08-06,baccarat_bet02_101_all_pairs_incl_sentinel,round_win = game_pnl > 0 (decisive only),COMPATIBILITY_ONLY_NOT_PRODUCTION,1763.3220,1651.0698,482.2882,263,138,-0.27351111,0.12154696,-0.37840051,-0.27351111,-482.2882,1763.3220,OK,0.0000,19.2915,4.0000,96.0000,AG03-UNRESOLVED,ALL5_LEVELS_bet23_to_bet27,19.2915,19.2915,21.7030,21.7030,21.7030,4.000000,4.000000,4.500000,4.500000,4.500000,96.000000,96.000000,95.500000,95.500000,95.500000,5.0,103.6920,95.1561,378.5962,387.1321,PENDING_AG03,FALSE,NOT_FOR_ENFORCEMENT,462.9966,1585.0270,482.2882,462.9966,19.2915,0.27351111,0.26257066,19.2915,462.9966,0.26257066,19.2915,19.2915,21.7030,21.7030,21.7030,462.9966,0.26257066,103.6920,95.1561,378.5962,387.1321,0.21470622,0.21954702,0.01094044,6.7046,11.9643,3.4948,25.3836,16.6306,92.8064,7.2632,9.0231,6.2765,2.1006,4.2012,10.2195,12.6037,20.439,21.0062,4.2012,-4.0878,4.865,5.0,1.595873,12,32,12,8,0.20980085,0.27351111,-0.12154696,0E-8,0.000000,0.936341,0.000000,0.49994748,2026-05-03,2026-07-23,19,29,30,82,0.231707,1.437606,1.345796,0.699336,,,,,,,,GLOBAL_BASELINE_NO_ENTITY_RANKING,,,NOT_APPLICABLE_GLOBAL_BASELINE,HF9g-P5,,,,X 全窗基线 · 不参与实体赏罚,8393296,840,A168_HF9F_20260827_0900,2026-08-27 09:00:00
2026-06-11,149505041,1325,0,81.0086616956,-51.9286292922,-51.9286292922,0.2222222,17,9,0.34449381925876815,0.300064744444,-0.7719118832361747,-0.5095675145169444,-0.7719118832361747,0.04442907481476815,ELIGIBLE,R03b_20260811_FULL_v1,L1_ELIGIBILITY,v2026-08-11,2026-03-21..2026-08-06,baccarat_bet02_101_all_pairs_incl_sentinel,round_win = game_pnl > 0 (decisive only),COMPATIBILITY_ONLY_NOT_PRODUCTION,1763.3220,1651.0698,482.2882,263,138,-0.27351111,0.12154696,-0.37840051,-0.27351111,-482.2882,1763.3220,OK,0.0000,19.2915,4.0000,96.0000,AG03-UNRESOLVED,ALL5_LEVELS_bet23_to_bet27,19.2915,19.2915,21.7030,21.7030,21.7030,4.000000,4.000000,4.500000,4.500000,4.500000,96.000000,96.000000,95.500000,95.500000,95.500000,5.0,103.6920,95.1561,378.5962,387.1321,PENDING_AG03,FALSE,NOT_FOR_ENFORCEMENT,462.9966,1585.0270,482.2882,462.9966,19.2915,0.27351111,0.26257066,19.2915,462.9966,0.26257066,19.2915,19.2915,21.7030,21.7030,21.7030,462.9966,0.26257066,103.6920,95.1561,378.5962,387.1321,0.21470622,0.21954702,0.01094044,6.7046,11.9643,3.4948,25.3836,16.6306,92.8064,7.2632,9.0231,6.2765,2.1006,4.2012,10.2195,12.6037,20.439,21.0062,4.2012,-4.0878,4.865,5.0,1.595873,12,32,12,8,0.20980085,0.27351111,-0.12154696,0E-8,0.000000,0.936341,0.000000,0.49994748,2026-05-03,2026-07-23,19,29,30,82,0.231707,1.437606,1.345796,0.699336,,,,,,,,GLOBAL_BASELINE_NO_ENTITY_RANKING,,,NOT_APPLICABLE_GLOBAL_BASELINE,HF9g-P5,,,,X 全窗基线 · 不参与实体赏罚,8393297,840,A168_HF9F_20260827_0900,2026-08-27 09:00:00
2026-06-11,149505041,1490,0,43.6200486053,-31.1571775753,-31.1571775753,0.2000000,7,5,0.35421480571380684,0.328339160000,-0.7209973628253559,-0.6110937459407877,-0.7209973628253559,0.02587564571380684,ELIGIBLE,R03b_20260811_FULL_v1,L1_ELIGIBILITY,v2026-08-11,2026-03-21..2026-08-06,baccarat_bet02_101_all_pairs_incl_sentinel,round_win = game_pnl > 0 (decisive only),COMPATIBILITY_ONLY_NOT_PRODUCTION,1763.3220,1651.0698,482.2882,263,138,-0.27351111,0.12154696,-0.37840051,-0.27351111,-482.2882,1763.3220,OK,0.0000,19.2915,4.0000,96.0000,AG03-UNRESOLVED,ALL5_LEVELS_bet23_to_bet27,19.2915,19.2915,21.7030,21.7030,21.7030,4.000000,4.000000,4.500000,4.500000,4.500000,96.000000,96.000000,95.500000,95.500000,95.500000,5.0,103.6920,95.1561,378.5962,387.1321,PENDING_AG03,FALSE,NOT_FOR_ENFORCEMENT,462.9966,1585.0270,482.2882,462.9966,19.2915,0.27351111,0.26257066,19.2915,462.9966,0.26257066,19.2915,19.2915,21.7030,21.7030,21.7030,462.9966,0.26257066,103.6920,95.1561,378.5962,387.1321,0.21470622,0.21954702,0.01094044,6.7046,11.9643,3.4948,25.3836,16.6306,92.8064,7.2632,9.0231,6.2765,2.1006,4.2012,10.2195,12.6037,20.439,21.0062,4.2012,-4.0878,4.865,5.0,1.595873,12,32,12,8,0.20980085,0.27351111,-0.12154696,0E-8,0.000000,0.936341,0.000000,0.49994748,2026-05-03,2026-07-23,19,29,30,82,0.231707,1.437606,1.345796,0.699336,,,,,,,,GLOBAL_BASELINE_NO_ENTITY_RANKING,,,NOT_APPLICABLE_GLOBAL_BASELINE,HF9g-P5,,,,X 全窗基线 · 不参与实体赏罚,8393298,840,A168_HF9F_20260827_0900,2026-08-27 09:00:00
2026-06-11,149505041,1710,0,10.3857258585,6.0237209979,6.0237209979,1.0000000,3,2,0.43018823333333334,0.395308300000,1.6276140900316098,1.7490975646205589,1.6276140900316098,0.03487993333333334,ELIGIBLE,R03b_20260811_FULL_v1,L1_ELIGIBILITY,v2026-08-11,2026-03-21..2026-08-06,baccarat_bet02_101_all_pairs_incl_sentinel,round_win = game_pnl > 0 (decisive only),COMPATIBILITY_ONLY_NOT_PRODUCTION,1763.3220,1651.0698,482.2882,263,138,-0.27351111,0.12154696,-0.37840051,-0.27351111,-482.2882,1763.3220,OK,0.0000,19.2915,4.0000,96.0000,AG03-UNRESOLVED,ALL5_LEVELS_bet23_to_bet27,19.2915,19.2915,21.7030,21.7030,21.7030,4.000000,4.000000,4.500000,4.500000,4.500000,96.000000,96.000000,95.500000,95.500000,95.500000,5.0,103.6920,95.1561,378.5962,387.1321,PENDING_AG03,FALSE,NOT_FOR_ENFORCEMENT,462.9966,1585.0270,482.2882,462.9966,19.2915,0.27351111,0.26257066,19.2915,462.9966,0.26257066,19.2915,19.2915,21.7030,21.7030,21.7030,462.9966,0.26257066,103.6920,95.1561,378.5962,387.1321,0.21470622,0.21954702,0.01094044,6.7046,11.9643,3.4948,25.3836,16.6306,92.8064,7.2632,9.0231,6.2765,2.1006,4.2012,10.2195,12.6037,20.439,21.0062,4.2012,-4.0878,4.865,5.0,1.595873,12,32,12,8,0.20980085,0.27351111,-0.12154696,0E-8,0.000000,0.936341,0.000000,0.49994748,2026-05-03,2026-07-23,19,29,30,82,0.231707,1.437606,1.345796,0.699336,,,,,,,,GLOBAL_BASELINE_NO_ENTITY_RANKING,,,NOT_APPLICABLE_GLOBAL_BASELINE,HF9g-P5,,,,X 全窗基线 · 不参与实体赏罚,8393299,840,A168_HF9F_20260827_0900,2026-08-27 09:00:00
2026-07-03,149505041,1401,0,14.3073212607,58.7622123207,58.7622123207,1.0000000,2,1,0.37719661428526188,0.280106050000,1.2849658610392496,1.6031457840727341,1.2849658610392496,0.09709056428526188,ELIGIBLE,R03b_20260811_FULL_v1,L1_ELIGIBILITY,v2026-08-11,2026-03-21..2026-08-06,baccarat_bet02_101_all_pairs_incl_sentinel,round_win = game_pnl > 0 (decisive only),COMPATIBILITY_ONLY_NOT_PRODUCTION,1763.3220,1651.0698,482.2882,263,138,-0.27351111,0.12154696,-0.37840051,-0.27351111,-482.2882,1763.3220,OK,0.0000,19.2915,4.0000,96.0000,AG03-UNRESOLVED,ALL5_LEVELS_bet23_to_bet27,19.2915,19.2915,21.7030,21.7030,21.7030,4.000000,4.000000,4.500000,4.500000,4.500000,96.000000,96.000000,95.500000,95.500000,95.500000,5.0,103.6920,95.1561,378.5962,387.1321,PENDING_AG03,FALSE,NOT_FOR_ENFORCEMENT,462.9966,1585.0270,482.2882,462.9966,19.2915,0.27351111,0.26257066,19.2915,462.9966,0.26257066,19.2915,19.2915,21.7030,21.7030,21.7030,462.9966,0.26257066,103.6920,95.1561,378.5962,387.1321,0.21470622,0.21954702,0.01094044,6.7046,11.9643,3.4948,25.3836,16.6306,92.8064,7.2632,9.0231,6.2765,2.1006,4.2012,10.2195,12.6037,20.439,21.0062,4.2012,-4.0878,4.865,5.0,1.595873,12,32,12,8,0.20980085,0.27351111,-0.12154696,0E-8,0.000000,0.936341,0.000000,0.49994748,2026-05-03,2026-07-23,19,29,30,82,0.231707,1.437606,1.345796,0.699336,,,,,,,,GLOBAL_BASELINE_NO_ENTITY_RANKING,,,NOT_APPLICABLE_GLOBAL_BASELINE,HF9g-P5,,,,X 全窗基线 · 不参与实体赏罚,8393300,840,A168_HF9F_20260827_0900,2026-08-27 09:00:00
2026-07-03,149505041,2093,0,284.1025221767,-21.9719576506,-21.9719576506,0.2000000,29,10,0.30755246008317781,0.250033819000,-0.7369996941612085,-0.365378876547214,-0.7369996941612085,0.05751864108317781,ELIGIBLE,R03b_20260811_FULL_v1,L1_ELIGIBILITY,v2026-08-11,2026-03-21..2026-08-06,baccarat_bet02_101_all_pairs_incl_sentinel,round_win = game_pnl > 0 (decisive only),COMPATIBILITY_ONLY_NOT_PRODUCTION,1763.3220,1651.0698,482.2882,263,138,-0.27351111,0.12154696,-0.37840051,-0.27351111,-482.2882,1763.3220,OK,0.0000,19.2915,4.0000,96.0000,AG03-UNRESOLVED,ALL5_LEVELS_bet23_to_bet27,19.2915,19.2915,21.7030,21.7030,21.7030,4.000000,4.000000,4.500000,4.500000,4.500000,96.000000,96.000000,95.500000,95.500000,95.500000,5.0,103.6920,95.1561,378.5962,387.1321,PENDING_AG03,FALSE,NOT_FOR_ENFORCEMENT,462.9966,1585.0270,482.2882,462.9966,19.2915,0.27351111,0.26257066,19.2915,462.9966,0.26257066,19.2915,19.2915,21.7030,21.7030,21.7030,462.9966,0.26257066,103.6920,95.1561,378.5962,387.1321,0.21470622,0.21954702,0.01094044,6.7046,11.9643,3.4948,25.3836,16.6306,92.8064,7.2632,9.0231,6.2765,2.1006,4.2012,10.2195,12.6037,20.439,21.0062,4.2012,-4.0878,4.865,5.0,1.595873,12,32,12,8,0.20980085,0.27351111,-0.12154696,0E-8,0.000000,0.936341,0.000000,0.49994748,2026-05-03,2026-07-23,19,29,30,82,0.231707,1.437606,1.345796,0.699336,,,,,,,,GLOBAL_BASELINE_NO_ENTITY_RANKING,,,NOT_APPLICABLE_GLOBAL_BASELINE,HF9g-P5,,,,X 全窗基线 · 不参与实体赏罚,8393301,840,A168_HF9F_20260827_0900,2026-08-27 09:00:00
2026-07-13,149505041,1654,0,4.0878060745,-4.0878060745,-4.0878060745,0E-7,1,1,0.09460280000000000,0.094602800000,-0.32324545095860213,-0.32324545095860213,-0.32324545095860213,0E-17,ELIGIBLE,R03b_20260811_FULL_v1,L1_ELIGIBILITY,v2026-08-11,2026-03-21..2026-08-06,baccarat_bet02_101_all_pairs_incl_sentinel,round_win = game_pnl > 0 (decisive only),COMPATIBILITY_ONLY_NOT_PRODUCTION,1763.3220,1651.0698,482.2882,263,138,-0.27351111,0.12154696,-0.37840051,-0.27351111,-482.2882,1763.3220,OK,0.0000,19.2915,4.0000,96.0000,AG03-UNRESOLVED,ALL5_LEVELS_bet23_to_bet27,19.2915,19.2915,21.7030,21.7030,21.7030,4.000000,4.000000,4.500000,4.500000,4.500000,96.000000,96.000000,95.500000,95.500000,95.500000,5.0,103.6920,95.1561,378.5962,387.1321,PENDING_AG03,FALSE,NOT_FOR_ENFORCEMENT,462.9966,1585.0270,482.2882,462.9966,19.2915,0.27351111,0.26257066,19.2915,462.9966,0.26257066,19.2915,19.2915,21.7030,21.7030,21.7030,462.9966,0.26257066,103.6920,95.1561,378.5962,387.1321,0.21470622,0.21954702,0.01094044,6.7046,11.9643,3.4948,25.3836,16.6306,92.8064,7.2632,9.0231,6.2765,2.1006,4.2012,10.2195,12.6037,20.439,21.0062,4.2012,-4.0878,4.865,5.0,1.595873,12,32,12,8,0.20980085,0.27351111,-0.12154696,0E-8,0.000000,0.936341,0.000000,0.49994748,2026-05-03,2026-07-23,19,29,30,82,0.231707,1.437606,1.345796,0.699336,,,,,,,,GLOBAL_BASELINE_NO_ENTITY_RANKING,,,NOT_APPLICABLE_GLOBAL_BASELINE,HF9g-P5,,,,X 全窗基线 · 不参与实体赏罚,8393302,840,A168_HF9F_20260827_0900,2026-08-27 09:00:00
2026-07-13,149505041,1940,0,67.4488002290,-7.1536606304,-7.1536606304,0.6666667,7,3,0.39566088174564482,0.259721127778,0.9599249465691495,1.6074800878142221,0.9599249465691495,0.13593975396764482,ELIGIBLE,R03b_20260811_FULL_v1,L1_ELIGIBILITY,v2026-08-11,2026-03-21..2026-08-06,baccarat_bet02_101_all_pairs_incl_sentinel,round_win = game_pnl > 0 (decisive only),COMPATIBILITY_ONLY_NOT_PRODUCTION,1763.3220,1651.0698,482.2882,263,138,-0.27351111,0.12154696,-0.37840051,-0.27351111,-482.2882,1763.3220,OK,0.0000,19.2915,4.0000,96.0000,AG03-UNRESOLVED,ALL5_LEVELS_bet23_to_bet27,19.2915,19.2915,21.7030,21.7030,21.7030,4.000000,4.000000,4.500000,4.500000,4.500000,96.000000,96.000000,95.500000,95.500000,95.500000,5.0,103.6920,95.1561,378.5962,387.1321,PENDING_AG03,FALSE,NOT_FOR_ENFORCEMENT,462.9966,1585.0270,482.2882,462.9966,19.2915,0.27351111,0.26257066,19.2915,462.9966,0.26257066,19.2915,19.2915,21.7030,21.7030,21.7030,462.9966,0.26257066,103.6920,95.1561,378.5962,387.1321,0.21470622,0.21954702,0.01094044,6.7046,11.9643,3.4948,25.3836,16.6306,92.8064,7.2632,9.0231,6.2765,2.1006,4.2012,10.2195,12.6037,20.439,21.0062,4.2012,-4.0878,4.865,5.0,1.595873,12,32,12,8,0.20980085,0.27351111,-0.12154696,0E-8,0.000000,0.936341,0.000000,0.49994748,2026-05-03,2026-07-23,19,29,30,82,0.231707,1.437606,1.345796,0.699336,,,,,,,,GLOBAL_BASELINE_NO_ENTITY_RANKING,,,NOT_APPLICABLE_GLOBAL_BASELINE,HF9g-P5,,,,X 全窗基线 · 不参与实体赏罚,8393303,840,A168_HF9F_20260827_0900,2026-08-27 09:00:00
2026-07-13,149505041,2160,0,167.6000490537,31.6804970771,31.6804970771,0.6000000,15,11,0.46352808961025022,0.434796742424,0.8654296071010272,1.0538362606648612,0.8654296071010272,0.02873134718625022,ELIGIBLE,R03b_20260811_FULL_v1,L1_ELIGIBILITY,v2026-08-11,2026-03-21..2026-08-06,baccarat_bet02_101_all_pairs_incl_sentinel,round_win = game_pnl > 0 (decisive only),COMPATIBILITY_ONLY_NOT_PRODUCTION,1763.3220,1651.0698,482.2882,263,138,-0.27351111,0.12154696,-0.37840051,-0.27351111,-482.2882,1763.3220,OK,0.0000,19.2915,4.0000,96.0000,AG03-UNRESOLVED,ALL5_LEVELS_bet23_to_bet27,19.2915,19.2915,21.7030,21.7030,21.7030,4.000000,4.000000,4.500000,4.500000,4.500000,96.000000,96.000000,95.500000,95.500000,95.500000,5.0,103.6920,95.1561,378.5962,387.1321,PENDING_AG03,FALSE,NOT_FOR_ENFORCEMENT,462.9966,1585.0270,482.2882,462.9966,19.2915,0.27351111,0.26257066,19.2915,462.9966,0.26257066,19.2915,19.2915,21.7030,21.7030,21.7030,462.9966,0.26257066,103.6920,95.1561,378.5962,387.1321,0.21470622,0.21954702,0.01094044,6.7046,11.9643,3.4948,25.3836,16.6306,92.8064,7.2632,9.0231,6.2765,2.1006,4.2012,10.2195,12.6037,20.439,21.0062,4.2012,-4.0878,4.865,5.0,1.595873,12,32,12,8,0.20980085,0.27351111,-0.12154696,0E-8,0.000000,0.936341,0.000000,0.49994748,2026-05-03,2026-07-23,19,29,30,82,0.231707,1.437606,1.345796,0.699336,,,,,,,,GLOBAL_BASELINE_NO_ENTITY_RANKING,,,NOT_APPLICABLE_GLOBAL_BASELINE,HF9g-P5,,,,X 全窗基线 · 不参与实体赏罚,8393304,840,A168_HF9F_20260827_0900,2026-08-27 09:00:00
2026-07-22,149505041,1353,0,40.8780607449,57.2292850426,57.2292850426,0.3333333,6,3,0.36719095555534575,0.282542866667,-0.12165634253119606,0.19539015525446246,-0.12165634253119606,0.08464808888834575,ELIGIBLE,R03b_20260811_FULL_v1,L1_ELIGIBILITY,v2026-08-11,2026-03-21..2026-08-06,baccarat_bet02_101_all_pairs_incl_sentinel,round_win = game_pnl > 0 (decisive only),COMPATIBILITY_ONLY_NOT_PRODUCTION,1763.3220,1651.0698,482.2882,263,138,-0.27351111,0.12154696,-0.37840051,-0.27351111,-482.2882,1763.3220,OK,0.0000,19.2915,4.0000,96.0000,AG03-UNRESOLVED,ALL5_LEVELS_bet23_to_bet27,19.2915,19.2915,21.7030,21.7030,21.7030,4.000000,4.000000,4.500000,4.500000,4.500000,96.000000,96.000000,95.500000,95.500000,95.500000,5.0,103.6920,95.1561,378.5962,387.1321,PENDING_AG03,FALSE,NOT_FOR_ENFORCEMENT,462.9966,1585.0270,482.2882,462.9966,19.2915,0.27351111,0.26257066,19.2915,462.9966,0.26257066,19.2915,19.2915,21.7030,21.7030,21.7030,462.9966,0.26257066,103.6920,95.1561,378.5962,387.1321,0.21470622,0.21954702,0.01094044,6.7046,11.9643,3.4948,25.3836,16.6306,92.8064,7.2632,9.0231,6.2765,2.1006,4.2012,10.2195,12.6037,20.439,21.0062,4.2012,-4.0878,4.865,5.0,1.595873,12,32,12,8,0.20980085,0.27351111,-0.12154696,0E-8,0.000000,0.936341,0.000000,0.49994748,2026-05-03,2026-07-23,19,29,30,82,0.231707,1.437606,1.345796,0.699336,,,,,,,,GLOBAL_BASELINE_NO_ENTITY_RANKING,,,NOT_APPLICABLE_GLOBAL_BASELINE,HF9g-P5,,,,X 全窗基线 · 不参与实体赏罚,8393305,840,A168_HF9F_20260827_0900,2026-08-27 09:00:00
2026-07-22,149505041,2267,0,69.4927032664,-12.2634182236,-12.2634182236,0.4000000,11,5,0.19105221238087018,0.159687793333,1.1884652777609275,1.4669139465036907,1.1884652777609275,0.03136441904787018,ELIGIBLE,R03b_20260811_FULL_v1,L1_ELIGIBILITY,v2026-08-11,2026-03-21..2026-08-06,baccarat_bet02_101_all_pairs_incl_sentinel,round_win = game_pnl > 0 (decisive only),COMPATIBILITY_ONLY_NOT_PRODUCTION,1763.3220,1651.0698,482.2882,263,138,-0.27351111,0.12154696,-0.37840051,-0.27351111,-482.2882,1763.3220,OK,0.0000,19.2915,4.0000,96.0000,AG03-UNRESOLVED,ALL5_LEVELS_bet23_to_bet27,19.2915,19.2915,21.7030,21.7030,21.7030,4.000000,4.000000,4.500000,4.500000,4.500000,96.000000,96.000000,95.500000,95.500000,95.500000,5.0,103.6920,95.1561,378.5962,387.1321,PENDING_AG03,FALSE,NOT_FOR_ENFORCEMENT,462.9966,1585.0270,482.2882,462.9966,19.2915,0.27351111,0.26257066,19.2915,462.9966,0.26257066,19.2915,19.2915,21.7030,21.7030,21.7030,462.9966,0.26257066,103.6920,95.1561,378.5962,387.1321,0.21470622,0.21954702,0.01094044,6.7046,11.9643,3.4948,25.3836,16.6306,92.8064,7.2632,9.0231,6.2765,2.1006,4.2012,10.2195,12.6037,20.439,21.0062,4.2012,-4.0878,4.865,5.0,1.595873,12,32,12,8,0.20980085,0.27351111,-0.12154696,0E-8,0.000000,0.936341,0.000000,0.49994748,2026-05-03,2026-07-23,19,29,30,82,0.231707,1.437606,1.345796,0.699336,,,,,,,,GLOBAL_BASELINE_NO_ENTITY_RANKING,,,NOT_APPLICABLE_GLOBAL_BASELINE,HF9g-P5,,,,X 全窗基线 · 不参与实体赏罚,8393306,840,A168_HF9F_20260827_0900,2026-08-27 09:00:00
2026-07-23,149505041,2267,0,20.4390303724,-20.4390303724,-20.4390303724,0E-7,1,1,0.49324550000000000,0.493245500000,-0.9865810262130424,-0.9865810262130424,-0.9865810262130424,0E-17,ELIGIBLE,R03b_20260811_FULL_v1,L1_ELIGIBILITY,v2026-08-11,2026-03-21..2026-08-06,baccarat_bet02_101_all_pairs_incl_sentinel,round_win = game_pnl > 0 (decisive only),COMPATIBILITY_ONLY_NOT_PRODUCTION,1763.3220,1651.0698,482.2882,263,138,-0.27351111,0.12154696,-0.37840051,-0.27351111,-482.2882,1763.3220,OK,0.0000,19.2915,4.0000,96.0000,AG03-UNRESOLVED,ALL5_LEVELS_bet23_to_bet27,19.2915,19.2915,21.7030,21.7030,21.7030,4.000000,4.000000,4.500000,4.500000,4.500000,96.000000,96.000000,95.500000,95.500000,95.500000,5.0,103.6920,95.1561,378.5962,387.1321,PENDING_AG03,FALSE,NOT_FOR_ENFORCEMENT,462.9966,1585.0270,482.2882,462.9966,19.2915,0.27351111,0.26257066,19.2915,462.9966,0.26257066,19.2915,19.2915,21.7030,21.7030,21.7030,462.9966,0.26257066,103.6920,95.1561,378.5962,387.1321,0.21470622,0.21954702,0.01094044,6.7046,11.9643,3.4948,25.3836,16.6306,92.8064,7.2632,9.0231,6.2765,2.1006,4.2012,10.2195,12.6037,20.439,21.0062,4.2012,-4.0878,4.865,5.0,1.595873,12,32,12,8,0.20980085,0.27351111,-0.12154696,0E-8,0.000000,0.936341,0.000000,0.49994748,2026-05-03,2026-07-23,19,29,30,82,0.231707,1.437606,1.345796,0.699336,,,,,,,,GLOBAL_BASELINE_NO_ENTITY_RANKING,,,NOT_APPLICABLE_GLOBAL_BASELINE,HF9g-P5,,,,X 全窗基线 · 不参与实体赏罚,8393307,840,A168_HF9F_20260827_0900,2026-08-27 09:00:00
2026-03-25,114552612,1205,0,220.0897966370,-220.0897966370,-220.0897966370,0E-7,2,2,0.50665070000000000,0.506650700000,-1.4331513700195317,-1.4331513700195317,-1.4331513700195317,0E-17,ELIGIBLE,R03b_20260811_FULL_v1,L1_ELIGIBILITY,v2026-08-11,2026-03-21..2026-08-06,baccarat_bet02_101_all_pairs_incl_sentinel,round_win = game_pnl > 0 (decisive only),COMPATIBILITY_ONLY_NOT_PRODUCTION,1073.9581,938.2319,482.2893,23,23,-0.44907645,,-0.44907645,-0.44907645,-482.2893,1073.9581,THIN_EXPOSURE,0.0000,19.2916,4.0000,96.0000,AG03-UNRESOLVED,ALL5_LEVELS_bet23_to_bet27,19.2916,19.2916,19.2916,28.9374,28.9374,4.000000,4.000000,4.000000,6.000000,6.000000,96.000000,96.000000,96.000000,94.000000,94.000000,5.0,115.7494,105.2583,366.5399,377.031,PENDING_AG03,FALSE,NOT_FOR_ENFORCEMENT,462.9977,900.7026,482.2893,462.9977,19.2916,0.44907645,0.43111339,19.2916,462.9977,0.43111339,19.2916,19.2916,19.2916,28.9374,28.9374,462.9977,0.43111339,115.7494,105.2583,366.5399,377.031,0.34129810,0.35106674,0.01796306,46.6938,40.7927,20.9691,241.1447,160.7631,536.9791,11.5000,,46.6938,21.0824,44.018,66.0269,81.1691,110.0449,110.0449,22.1365,-21.0824,2.5,2.5,1.06079,3,3,2,2,0E-8,0.44907645,,0E-8,0.000000,0.873621,0.000000,,2026-03-25,2026-04-17,2,3,3,24,0.083333,,,0.000000,,,,,,,,GLOBAL_BASELINE_NO_ENTITY_RANKING,,,NOT_APPLICABLE_GLOBAL_BASELINE,HF9g-P5,,,,X 全窗基线 · 不参与实体赏罚,8393308,840,A168_HF9F_20260827_0900,2026-08-27 09:00:00
2026-03-25,114552612,1750,0,596.6634386829,-220.0347741878,-220.0347741878,0.3333333,10,10,0.50262914000000000,0.502629140000,-1.015788883128781,-1.015788883128781,-1.015788883128781,0E-17,ELIGIBLE,R03b_20260811_FULL_v1,L1_ELIGIBILITY,v2026-08-11,2026-03-21..2026-08-06,baccarat_bet02_101_all_pairs_incl_sentinel,round_win = game_pnl > 0 (decisive only),COMPATIBILITY_ONLY_NOT_PRODUCTION,1073.9581,938.2319,482.2893,23,23,-0.44907645,,-0.44907645,-0.44907645,-482.2893,1073.9581,THIN_EXPOSURE,0.0000,19.2916,4.0000,96.0000,AG03-UNRESOLVED,ALL5_LEVELS_bet23_to_bet27,19.2916,19.2916,19.2916,28.9374,28.9374,4.000000,4.000000,4.000000,6.000000,6.000000,96.000000,96.000000,96.000000,94.000000,94.000000,5.0,115.7494,105.2583,366.5399,377.031,PENDING_AG03,FALSE,NOT_FOR_ENFORCEMENT,462.9977,900.7026,482.2893,462.9977,19.2916,0.44907645,0.43111339,19.2916,462.9977,0.43111339,19.2916,19.2916,19.2916,28.9374,28.9374,462.9977,0.43111339,115.7494,105.2583,366.5399,377.031,0.34129810,0.35106674,0.01796306,46.6938,40.7927,20.9691,241.1447,160.7631,536.9791,11.5000,,46.6938,21.0824,44.018,66.0269,81.1691,110.0449,110.0449,22.1365,-21.0824,2.5,2.5,1.06079,3,3,2,2,0E-8,0.44907645,,0E-8,0.000000,0.873621,0.000000,,2026-03-25,2026-04-17,2,3,3,24,0.083333,,,0.000000,,,,,,,,GLOBAL_BASELINE_NO_ENTITY_RANKING,,,NOT_APPLICABLE_GLOBAL_BASELINE,HF9g-P5,,,,X 全窗基线 · 不参与实体赏罚,8393309,840,A168_HF9F_20260827_0900,2026-08-27 09:00:00
2026-04-17,114552612,772,0,257.2048995428,-42.1647376301,-42.1647376301,0.3750000,11,11,0.50177608181818182,0.501776081818,-0.7171583416855551,-0.7171583416845259,-0.7171583416855551,1.8182E-13,ELIGIBLE,R03b_20260811_FULL_v1,L1_ELIGIBILITY,v2026-08-11,2026-03-21..2026-08-06,baccarat_bet02_101_all_pairs_incl_sentinel,round_win = game_pnl > 0 (decisive only),COMPATIBILITY_ONLY_NOT_PRODUCTION,1073.9581,938.2319,482.2893,23,23,-0.44907645,,-0.44907645,-0.44907645,-482.2893,1073.9581,THIN_EXPOSURE,0.0000,19.2916,4.0000,96.0000,AG03-UNRESOLVED,ALL5_LEVELS_bet23_to_bet27,19.2916,19.2916,19.2916,28.9374,28.9374,4.000000,4.000000,4.000000,6.000000,6.000000,96.000000,96.000000,96.000000,94.000000,94.000000,5.0,115.7494,105.2583,366.5399,377.031,PENDING_AG03,FALSE,NOT_FOR_ENFORCEMENT,462.9977,900.7026,482.2893,462.9977,19.2916,0.44907645,0.43111339,19.2916,462.9977,0.43111339,19.2916,19.2916,19.2916,28.9374,28.9374,462.9977,0.43111339,115.7494,105.2583,366.5399,377.031,0.34129810,0.35106674,0.01796306,46.6938,40.7927,20.9691,241.1447,160.7631,536.9791,11.5000,,46.6938,21.0824,44.018,66.0269,81.1691,110.0449,110.0449,22.1365,-21.0824,2.5,2.5,1.06079,3,3,2,2,0E-8,0.44907645,,0E-8,0.000000,0.873621,0.000000,,2026-03-25,2026-04-17,2,3,3,24,0.083333,,,0.000000,,,,,,,,GLOBAL_BASELINE_NO_ENTITY_RANKING,,,NOT_APPLICABLE_GLOBAL_BASELINE,HF9g-P5,,,,X 全窗基线 · 不参与实体赏罚,8393310,840,A168_HF9F_20260827_0900,2026-08-27 09:00:00
2026-03-22,97284850,1384,0,163.2876998641,-163.2876998641,-163.2876998641,0E-7,1,1,0.49324550000000000,0.493245500000,-0.9865810262130424,-0.9865810262130424,-0.9865810262130424,0E-17,ELIGIBLE,R03b_20260811_FULL_v1,L1_ELIGIBILITY,v2026-08-11,2026-03-21..2026-08-06,baccarat_bet02_101_all_pairs_incl_sentinel,round_win = game_pnl > 0 (decisive only),COMPATIBILITY_ONLY_NOT_PRODUCTION,18421.3072,16785.3789,482.2964,300,285,-0.02618144,-0.00901077,-0.03175496,-0.02618144,-482.2964,18421.3072,OK,0.0000,19.2919,4.0000,96.0000,AG03-UNRESOLVED,ALL5_LEVELS_bet23_to_bet27,19.2919,19.2919,19.2919,19.2919,19.2919,4.000000,4.000000,4.000000,4.000000,4.000000,96.000000,96.000000,96.000000,96.000000,96.000000,5.0,96.4593,89.0451,385.8371,393.2513,PENDING_AG03,FALSE,NOT_FOR_ENFORCEMENT,463.0045,16113.9638,482.2964,463.0045,19.2919,0.02618144,0.02513418,19.2919,463.0045,0.02513418,19.2919,19.2919,19.2919,19.2919,19.2919,463.0045,0.02513418,96.4593,89.0451,385.8371,393.2513,0.02094515,0.02134763,0.00104726,61.4044,58.8961,1.6923,3.9211,2.3412,149.7667,2.3171,62.6970,60.9962,41.8926,42.3384,83.4468,160.8553,162.3351,164.1988,42.3384,-2.2539,3.834227,3.878245,1.450322,20,49,61,3,0.24505223,0.02618144,0.00901077,0E-8,0.000000,0.911194,0.000000,0.02274419,2026-03-22,2026-08-06,123,206,194,138,0.891304,1.027884,1.021051,0.816841,,,,,,,,GLOBAL_BASELINE_NO_ENTITY_RANKING,,,NOT_APPLICABLE_GLOBAL_BASELINE,HF9g-P5,,,,X 全窗基线 · 不参与实体赏罚,8393311,840,A168_HF9F_20260827_0900,2026-08-27 09:00:00
2026-03-22,97284850,2101,0,84.0605078901,79.8574824956,79.8574824956,1.0000000,1,1,0.50665070000000000,0.506650700000,0.9867858985152569,0.9867858985152569,0.9867858985152569,0E-17,ELIGIBLE,R03b_20260811_FULL_v1,L1_ELIGIBILITY,v2026-08-11,2026-03-21..2026-08-06,baccarat_bet02_101_all_pairs_incl_sentinel,round_win = game_pnl > 0 (decisive only),COMPATIBILITY_ONLY_NOT_PRODUCTION,18421.3072,16785.3789,482.2964,300,285,-0.02618144,-0.00901077,-0.03175496,-0.02618144,-482.2964,18421.3072,OK,0.0000,19.2919,4.0000,96.0000,AG03-UNRESOLVED,ALL5_LEVELS_bet23_to_bet27,19.2919,19.2919,19.2919,19.2919,19.2919,4.000000,4.000000,4.000000,4.000000,4.000000,96.000000,96.000000,96.000000,96.000000,96.000000,5.0,96.4593,89.0451,385.8371,393.2513,PENDING_AG03,FALSE,NOT_FOR_ENFORCEMENT,463.0045,16113.9638,482.2964,463.0045,19.2919,0.02618144,0.02513418,19.2919,463.0045,0.02513418,19.2919,19.2919,19.2919,19.2919,19.2919,463.0045,0.02513418,96.4593,89.0451,385.8371,393.2513,0.02094515,0.02134763,0.00104726,61.4044,58.8961,1.6923,3.9211,2.3412,149.7667,2.3171,62.6970,60.9962,41.8926,42.3384,83.4468,160.8553,162.3351,164.1988,42.3384,-2.2539,3.834227,3.878245,1.450322,20,49,61,3,0.24505223,0.02618144,0.00901077,0E-8,0.000000,0.911194,0.000000,0.02274419,2026-03-22,2026-08-06,123,206,194,138,0.891304,1.027884,1.021051,0.816841,,,,,,,,GLOBAL_BASELINE_NO_ENTITY_RANKING,,,NOT_APPLICABLE_GLOBAL_BASELINE,HF9g-P5,,,,X 全窗基线 · 不参与实体赏罚,8393312,840,A168_HF9F_20260827_0900,2026-08-27 09:00:00
2026-03-22,97284850,2169,0,43.1079527641,40.9525551259,40.9525551259,1.0000000,1,1,0.50665070000000000,0.506650700000,0.9867858985152569,0.9867858985152569,0.9867858985152569,0E-17,ELIGIBLE,R03b_20260811_FULL_v1,L1_ELIGIBILITY,v2026-08-11,2026-03-21..2026-08-06,baccarat_bet02_101_all_pairs_incl_sentinel,round_win = game_pnl > 0 (decisive only),COMPATIBILITY_ONLY_NOT_PRODUCTION,18421.3072,16785.3789,482.2964,300,285,-0.02618144,-0.00901077,-0.03175496,-0.02618144,-482.2964,18421.3072,OK,0.0000,19.2919,4.0000,96.0000,AG03-UNRESOLVED,ALL5_LEVELS_bet23_to_bet27,19.2919,19.2919,19.2919,19.2919,19.2919,4.000000,4.000000,4.000000,4.000000,4.000000,96.000000,96.000000,96.000000,96.000000,96.000000,5.0,96.4593,89.0451,385.8371,393.2513,PENDING_AG03,FALSE,NOT_FOR_ENFORCEMENT,463.0045,16113.9638,482.2964,463.0045,19.2919,0.02618144,0.02513418,19.2919,463.0045,0.02513418,19.2919,19.2919,19.2919,19.2919,19.2919,463.0045,0.02513418,96.4593,89.0451,385.8371,393.2513,0.02094515,0.02134763,0.00104726,61.4044,58.8961,1.6923,3.9211,2.3412,149.7667,2.3171,62.6970,60.9962,41.8926,42.3384,83.4468,160.8553,162.3351,164.1988,42.3384,-2.2539,3.834227,3.878245,1.450322,20,49,61,3,0.24505223,0.02618144,0.00901077,0E-8,0.000000,0.911194,0.000000,0.02274419,2026-03-22,2026-08-06,123,206,194,138,0.891304,1.027884,1.021051,0.816841,,,,,,,,GLOBAL_BASELINE_NO_ENTITY_RANKING,,,NOT_APPLICABLE_GLOBAL_BASELINE,HF9g-P5,,,,X 全窗基线 · 不参与实体赏罚,8393313,840,A168_HF9F_20260827_0900,2026-08-27 09:00:00
2026-03-23,97284850,986,0,43.0850924862,-43.0850924862,-43.0850924862,0E-7,1,1,0.50665070000000000,0.506650700000,-1.013391052207602,-1.013391052207602,-1.013391052207602,0E-17,ELIGIBLE,R03b_20260811_FULL_v1,L1_ELIGIBILITY,v2026-08-11,2026-03-21..2026-08-06,baccarat_bet02_101_all_pairs_incl_sentinel,round_win = game_pnl > 0 (decisive only),COMPATIBILITY_ONLY_NOT_PRODUCTION,18421.3072,16785.3789,482.2964,300,285,-0.02618144,-0.00901077,-0.03175496,-0.02618144,-482.2964,18421.3072,OK,0.0000,19.2919,4.0000,96.0000,AG03-UNRESOLVED,ALL5_LEVELS_bet23_to_bet27,19.2919,19.2919,19.2919,19.2919,19.2919,4.000000,4.000000,4.000000,4.000000,4.000000,96.000000,96.000000,96.000000,96.000000,96.000000,5.0,96.4593,89.0451,385.8371,393.2513,PENDING_AG03,FALSE,NOT_FOR_ENFORCEMENT,463.0045,16113.9638,482.2964,463.0045,19.2919,0.02618144,0.02513418,19.2919,463.0045,0.02513418,19.2919,19.2919,19.2919,19.2919,19.2919,463.0045,0.02513418,96.4593,89.0451,385.8371,393.2513,0.02094515,0.02134763,0.00104726,61.4044,58.8961,1.6923,3.9211,2.3412,149.7667,2.3171,62.6970,60.9962,41.8926,42.3384,83.4468,160.8553,162.3351,164.1988,42.3384,-2.2539,3.834227,3.878245,1.450322,20,49,61,3,0.24505223,0.02618144,0.00901077,0E-8,0.000000,0.911194,0.000000,0.02274419,2026-03-22,2026-08-06,123,206,194,138,0.891304,1.027884,1.021051,0.816841,,,,,,,,GLOBAL_BASELINE_NO_ENTITY_RANKING,,,NOT_APPLICABLE_GLOBAL_BASELINE,HF9g-P5,,,,X 全窗基线 · 不参与实体赏罚,8393314,840,A168_HF9F_20260827_0900,2026-08-27 09:00:00
2026-03-25,97284850,1318,0,42.4548019647,-42.4548019647,-42.4548019647,0E-7,1,1,0.49324550000000000,0.493245500000,-0.9865810262130424,-0.9865810262130424,-0.9865810262130424,0E-17,ELIGIBLE,R03b_20260811_FULL_v1,L1_ELIGIBILITY,v2026-08-11,2026-03-21..2026-08-06,baccarat_bet02_101_all_pairs_incl_sentinel,round_win = game_pnl > 0 (decisive only),COMPATIBILITY_ONLY_NOT_PRODUCTION,18421.3072,16785.3789,482.2964,300,285,-0.02618144,-0.00901077,-0.03175496,-0.02618144,-482.2964,18421.3072,OK,0.0000,19.2919,4.0000,96.0000,AG03-UNRESOLVED,ALL5_LEVELS_bet23_to_bet27,19.2919,19.2919,19.2919,19.2919,19.2919,4.000000,4.000000,4.000000,4.000000,4.000000,96.000000,96.000000,96.000000,96.000000,96.000000,5.0,96.4593,89.0451,385.8371,393.2513,PENDING_AG03,FALSE,NOT_FOR_ENFORCEMENT,463.0045,16113.9638,482.2964,463.0045,19.2919,0.02618144,0.02513418,19.2919,463.0045,0.02513418,19.2919,19.2919,19.2919,19.2919,19.2919,463.0045,0.02513418,96.4593,89.0451,385.8371,393.2513,0.02094515,0.02134763,0.00104726,61.4044,58.8961,1.6923,3.9211,2.3412,149.7667,2.3171,62.6970,60.9962,41.8926,42.3384,83.4468,160.8553,162.3351,164.1988,42.3384,-2.2539,3.834227,3.878245,1.450322,20,49,61,3,0.24505223,0.02618144,0.00901077,0E-8,0.000000,0.911194,0.000000,0.02274419,2026-03-22,2026-08-06,123,206,194,138,0.891304,1.027884,1.021051,0.816841,,,,,,,,GLOBAL_BASELINE_NO_ENTITY_RANKING,,,NOT_APPLICABLE_GLOBAL_BASELINE,HF9g-P5,,,,X 全窗基线 · 不参与实体赏罚,8393315,840,A168_HF9F_20260827_0900,2026-08-27 09:00:00
2026-03-26,97284850,1384,0,163.2876998641,163.2876998641,163.2876998641,1.0000000,1,1,0.49324550000000000,0.493245500000,1.01360149184955,1.01360149184955,1.01360149184955,0E-17,ELIGIBLE,R03b_20260811_FULL_v1,L1_ELIGIBILITY,v2026-08-11,2026-03-21..2026-08-06,baccarat_bet02_101_all_pairs_incl_sentinel,round_win = game_pnl > 0 (decisive only),COMPATIBILITY_ONLY_NOT_PRODUCTION,18421.3072,16785.3789,482.2964,300,285,-0.02618144,-0.00901077,-0.03175496,-0.02618144,-482.2964,18421.3072,OK,0.0000,19.2919,4.0000,96.0000,AG03-UNRESOLVED,ALL5_LEVELS_bet23_to_bet27,19.2919,19.2919,19.2919,19.2919,19.2919,4.000000,4.000000,4.000000,4.000000,4.000000,96.000000,96.000000,96.000000,96.000000,96.000000,5.0,96.4593,89.0451,385.8371,393.2513,PENDING_AG03,FALSE,NOT_FOR_ENFORCEMENT,463.0045,16113.9638,482.2964,463.0045,19.2919,0.02618144,0.02513418,19.2919,463.0045,0.02513418,19.2919,19.2919,19.2919,19.2919,19.2919,463.0045,0.02513418,96.4593,89.0451,385.8371,393.2513,0.02094515,0.02134763,0.00104726,61.4044,58.8961,1.6923,3.9211,2.3412,149.7667,2.3171,62.6970,60.9962,41.8926,42.3384,83.4468,160.8553,162.3351,164.1988,42.3384,-2.2539,3.834227,3.878245,1.450322,20,49,61,3,0.24505223,0.02618144,0.00901077,0E-8,0.000000,0.911194,0.000000,0.02274419,2026-03-22,2026-08-06,123,206,194,138,0.891304,1.027884,1.021051,0.816841,,,,,,,,GLOBAL_BASELINE_NO_ENTITY_RANKING,,,NOT_APPLICABLE_GLOBAL_BASELINE,HF9g-P5,,,,X 全窗基线 · 不参与实体赏罚,8393316,840,A168_HF9F_20260827_0900,2026-08-27 09:00:00
2026-03-26,97284850,1949,0,6.5315079946,-6.5315079946,-6.5315079946,0E-7,1,1,0.09460280000000000,0.094602800000,-0.32324545095860213,-0.32324545095860213,-0.32324545095860213,0E-17,ELIGIBLE,R03b_20260811_FULL_v1,L1_ELIGIBILITY,v2026-08-11,2026-03-21..2026-08-06,baccarat_bet02_101_all_pairs_incl_sentinel,round_win = game_pnl > 0 (decisive only),COMPATIBILITY_ONLY_NOT_PRODUCTION,18421.3072,16785.3789,482.2964,300,285,-0.02618144,-0.00901077,-0.03175496,-0.02618144,-482.2964,18421.3072,OK,0.0000,19.2919,4.0000,96.0000,AG03-UNRESOLVED,ALL5_LEVELS_bet23_to_bet27,19.2919,19.2919,19.2919,19.2919,19.2919,4.000000,4.000000,4.000000,4.000000,4.000000,96.000000,96.000000,96.000000,96.000000,96.000000,5.0,96.4593,89.0451,385.8371,393.2513,PENDING_AG03,FALSE,NOT_FOR_ENFORCEMENT,463.0045,16113.9638,482.2964,463.0045,19.2919,0.02618144,0.02513418,19.2919,463.0045,0.02513418,19.2919,19.2919,19.2919,19.2919,19.2919,463.0045,0.02513418,96.4593,89.0451,385.8371,393.2513,0.02094515,0.02134763,0.00104726,61.4044,58.8961,1.6923,3.9211,2.3412,149.7667,2.3171,62.6970,60.9962,41.8926,42.3384,83.4468,160.8553,162.3351,164.1988,42.3384,-2.2539,3.834227,3.878245,1.450322,20,49,61,3,0.24505223,0.02618144,0.00901077,0E-8,0.000000,0.911194,0.000000,0.02274419,2026-03-22,2026-08-06,123,206,194,138,0.891304,1.027884,1.021051,0.816841,,,,,,,,GLOBAL_BASELINE_NO_ENTITY_RANKING,,,NOT_APPLICABLE_GLOBAL_BASELINE,HF9g-P5,,,,X 全窗基线 · 不参与实体赏罚,8393317,840,A168_HF9F_20260827_0900,2026-08-27 09:00:00
2026-03-26,97284850,2093,0,42.4548019647,42.4548019647,42.4548019647,1.0000000,1,1,0.49324550000000000,0.493245500000,1.01360149184955,1.01360149184955,1.01360149184955,0E-17,ELIGIBLE,R03b_20260811_FULL_v1,L1_ELIGIBILITY,v2026-08-11,2026-03-21..2026-08-06,baccarat_bet02_101_all_pairs_incl_sentinel,round_win = game_pnl > 0 (decisive only),COMPATIBILITY_ONLY_NOT_PRODUCTION,18421.3072,16785.3789,482.2964,300,285,-0.02618144,-0.00901077,-0.03175496,-0.02618144,-482.2964,18421.3072,OK,0.0000,19.2919,4.0000,96.0000,AG03-UNRESOLVED,ALL5_LEVELS_bet23_to_bet27,19.2919,19.2919,19.2919,19.2919,19.2919,4.000000,4.000000,4.000000,4.000000,4.000000,96.000000,96.000000,96.000000,96.000000,96.000000,5.0,96.4593,89.0451,385.8371,393.2513,PENDING_AG03,FALSE,NOT_FOR_ENFORCEMENT,463.0045,16113.9638,482.2964,463.0045,19.2919,0.02618144,0.02513418,19.2919,463.0045,0.02513418,19.2919,19.2919,19.2919,19.2919,19.2919,463.0045,0.02513418,96.4593,89.0451,385.8371,393.2513,0.02094515,0.02134763,0.00104726,61.4044,58.8961,1.6923,3.9211,2.3412,149.7667,2.3171,62.6970,60.9962,41.8926,42.3384,83.4468,160.8553,162.3351,164.1988,42.3384,-2.2539,3.834227,3.878245,1.450322,20,49,61,3,0.24505223,0.02618144,0.00901077,0E-8,0.000000,0.911194,0.000000,0.02274419,2026-03-22,2026-08-06,123,206,194,138,0.891304,1.027884,1.021051,0.816841,,,,,,,,GLOBAL_BASELINE_NO_ENTITY_RANKING,,,NOT_APPLICABLE_GLOBAL_BASELINE,HF9g-P5,,,,X 全窗基线 · 不参与实体赏罚,8393318,840,A168_HF9F_20260827_0900,2026-08-27 09:00:00
2026-03-26,97284850,2171,0,84.9096039294,84.9096039294,84.9096039294,1.0000000,1,1,0.49324550000000000,0.493245500000,1.01360149184955,1.01360149184955,1.01360149184955,0E-17,ELIGIBLE,R03b_20260811_FULL_v1,L1_ELIGIBILITY,v2026-08-11,2026-03-21..2026-08-06,baccarat_bet02_101_all_pairs_incl_sentinel,round_win = game_pnl > 0 (decisive only),COMPATIBILITY_ONLY_NOT_PRODUCTION,18421.3072,16785.3789,482.2964,300,285,-0.02618144,-0.00901077,-0.03175496,-0.02618144,-482.2964,18421.3072,OK,0.0000,19.2919,4.0000,96.0000,AG03-UNRESOLVED,ALL5_LEVELS_bet23_to_bet27,19.2919,19.2919,19.2919,19.2919,19.2919,4.000000,4.000000,4.000000,4.000000,4.000000,96.000000,96.000000,96.000000,96.000000,96.000000,5.0,96.4593,89.0451,385.8371,393.2513,PENDING_AG03,FALSE,NOT_FOR_ENFORCEMENT,463.0045,16113.9638,482.2964,463.0045,19.2919,0.02618144,0.02513418,19.2919,463.0045,0.02513418,19.2919,19.2919,19.2919,19.2919,19.2919,463.0045,0.02513418,96.4593,89.0451,385.8371,393.2513,0.02094515,0.02134763,0.00104726,61.4044,58.8961,1.6923,3.9211,2.3412,149.7667,2.3171,62.6970,60.9962,41.8926,42.3384,83.4468,160.8553,162.3351,164.1988,42.3384,-2.2539,3.834227,3.878245,1.450322,20,49,61,3,0.24505223,0.02618144,0.00901077,0E-8,0.000000,0.911194,0.000000,0.02274419,2026-03-22,2026-08-06,123,206,194,138,0.891304,1.027884,1.021051,0.816841,,,,,,,,GLOBAL_BASELINE_NO_ENTITY_RANKING,,,NOT_APPLICABLE_GLOBAL_BASELINE,HF9g-P5,,,,X 全窗基线 · 不参与实体赏罚,8393319,840,A168_HF9F_20260827_0900,2026-08-27 09:00:00
2026-03-27,97284850,2093,0,42.4548019647,-42.4548019647,-42.4548019647,0E-7,1,1,0.49324550000000000,0.493245500000,-0.9865810262130424,-0.9865810262130424,-0.9865810262130424,0E-17,ELIGIBLE,R03b_20260811_FULL_v1,L1_ELIGIBILITY,v2026-08-11,2026-03-21..2026-08-06,baccarat_bet02_101_all_pairs_incl_sentinel,round_win = game_pnl > 0 (decisive only),COMPATIBILITY_ONLY_NOT_PRODUCTION,18421.3072,16785.3789,482.2964,300,285,-0.02618144,-0.00901077,-0.03175496,-0.02618144,-482.2964,18421.3072,OK,0.0000,19.2919,4.0000,96.0000,AG03-UNRESOLVED,ALL5_LEVELS_bet23_to_bet27,19.2919,19.2919,19.2919,19.2919,19.2919,4.000000,4.000000,4.000000,4.000000,4.000000,96.000000,96.000000,96.000000,96.000000,96.000000,5.0,96.4593,89.0451,385.8371,393.2513,PENDING_AG03,FALSE,NOT_FOR_ENFORCEMENT,463.0045,16113.9638,482.2964,463.0045,19.2919,0.02618144,0.02513418,19.2919,463.0045,0.02513418,19.2919,19.2919,19.2919,19.2919,19.2919,463.0045,0.02513418,96.4593,89.0451,385.8371,393.2513,0.02094515,0.02134763,0.00104726,61.4044,58.8961,1.6923,3.9211,2.3412,149.7667,2.3171,62.6970,60.9962,41.8926,42.3384,83.4468,160.8553,162.3351,164.1988,42.3384,-2.2539,3.834227,3.878245,1.450322,20,49,61,3,0.24505223,0.02618144,0.00901077,0E-8,0.000000,0.911194,0.000000,0.02274419,2026-03-22,2026-08-06,123,206,194,138,0.891304,1.027884,1.021051,0.816841,,,,,,,,GLOBAL_BASELINE_NO_ENTITY_RANKING,,,NOT_APPLICABLE_GLOBAL_BASELINE,HF9g-P5,,,,X 全窗基线 · 不参与实体赏罚,8393320,840,A168_HF9F_20260827_0900,2026-08-27 09:00:00
2026-03-28,97284850,1325,0,42.4548019647,-42.4548019647,-42.4548019647,0E-7,1,1,0.49324550000000000,0.493245500000,-0.9865810262130424,-0.9865810262130424,-0.9865810262130424,0E-17,ELIGIBLE,R03b_20260811_FULL_v1,L1_ELIGIBILITY,v2026-08-11,2026-03-21..2026-08-06,baccarat_bet02_101_all_pairs_incl_sentinel,round_win = game_pnl > 0 (decisive only),COMPATIBILITY_ONLY_NOT_PRODUCTION,18421.3072,16785.3789,482.2964,300,285,-0.02618144,-0.00901077,-0.03175496,-0.02618144,-482.2964,18421.3072,OK,0.0000,19.2919,4.0000,96.0000,AG03-UNRESOLVED,ALL5_LEVELS_bet23_to_bet27,19.2919,19.2919,19.2919,19.2919,19.2919,4.000000,4.000000,4.000000,4.000000,4.000000,96.000000,96.000000,96.000000,96.000000,96.000000,5.0,96.4593,89.0451,385.8371,393.2513,PENDING_AG03,FALSE,NOT_FOR_ENFORCEMENT,463.0045,16113.9638,482.2964,463.0045,19.2919,0.02618144,0.02513418,19.2919,463.0045,0.02513418,19.2919,19.2919,19.2919,19.2919,19.2919,463.0045,0.02513418,96.4593,89.0451,385.8371,393.2513,0.02094515,0.02134763,0.00104726,61.4044,58.8961,1.6923,3.9211,2.3412,149.7667,2.3171,62.6970,60.9962,41.8926,42.3384,83.4468,160.8553,162.3351,164.1988,42.3384,-2.2539,3.834227,3.878245,1.450322,20,49,61,3,0.24505223,0.02618144,0.00901077,0E-8,0.000000,0.911194,0.000000,0.02274419,2026-03-22,2026-08-06,123,206,194,138,0.891304,1.027884,1.021051,0.816841,,,,,,,,GLOBAL_BASELINE_NO_ENTITY_RANKING,,,NOT_APPLICABLE_GLOBAL_BASELINE,HF9g-P5,,,,X 全窗基线 · 不参与实体赏罚,8393321,840,A168_HF9F_20260827_0900,2026-08-27 09:00:00
2026-03-29,97284850,1331,0,42.4548019647,40.3320618664,40.3320618664,1.0000000,1,1,0.50665070000000000,0.506650700000,0.9867858985152569,0.9867858985152569,0.9867858985152569,0E-17,ELIGIBLE,R03b_20260811_FULL_v1,L1_ELIGIBILITY,v2026-08-11,2026-03-21..2026-08-06,baccarat_bet02_101_all_pairs_incl_sentinel,round_win = game_pnl > 0 (decisive only),COMPATIBILITY_ONLY_NOT_PRODUCTION,18421.3072,16785.3789,482.2964,300,285,-0.02618144,-0.00901077,-0.03175496,-0.02618144,-482.2964,18421.3072,OK,0.0000,19.2919,4.0000,96.0000,AG03-UNRESOLVED,ALL5_LEVELS_bet23_to_bet27,19.2919,19.2919,19.2919,19.2919,19.2919,4.000000,4.000000,4.000000,4.000000,4.000000,96.000000,96.000000,96.000000,96.000000,96.000000,5.0,96.4593,89.0451,385.8371,393.2513,PENDING_AG03,FALSE,NOT_FOR_ENFORCEMENT,463.0045,16113.9638,482.2964,463.0045,19.2919,0.02618144,0.02513418,19.2919,463.0045,0.02513418,19.2919,19.2919,19.2919,19.2919,19.2919,463.0045,0.02513418,96.4593,89.0451,385.8371,393.2513,0.02094515,0.02134763,0.00104726,61.4044,58.8961,1.6923,3.9211,2.3412,149.7667,2.3171,62.6970,60.9962,41.8926,42.3384,83.4468,160.8553,162.3351,164.1988,42.3384,-2.2539,3.834227,3.878245,1.450322,20,49,61,3,0.24505223,0.02618144,0.00901077,0E-8,0.000000,0.911194,0.000000,0.02274419,2026-03-22,2026-08-06,123,206,194,138,0.891304,1.027884,1.021051,0.816841,,,,,,,,GLOBAL_BASELINE_NO_ENTITY_RANKING,,,NOT_APPLICABLE_GLOBAL_BASELINE,HF9g-P5,,,,X 全窗基线 · 不参与实体赏罚,8393322,840,A168_HF9F_20260827_0900,2026-08-27 09:00:00
2026-03-29,97284850,2171,0,82.7868638311,82.7868638311,82.7868638311,1.0000000,1,1,0.49324550000000000,0.493245500000,1.01360149184955,1.01360149184955,1.01360149184955,0E-17,ELIGIBLE,R03b_20260811_FULL_v1,L1_ELIGIBILITY,v2026-08-11,2026-03-21..2026-08-06,baccarat_bet02_101_all_pairs_incl_sentinel,round_win = game_pnl > 0 (decisive only),COMPATIBILITY_ONLY_NOT_PRODUCTION,18421.3072,16785.3789,482.2964,300,285,-0.02618144,-0.00901077,-0.03175496,-0.02618144,-482.2964,18421.3072,OK,0.0000,19.2919,4.0000,96.0000,AG03-UNRESOLVED,ALL5_LEVELS_bet23_to_bet27,19.2919,19.2919,19.2919,19.2919,19.2919,4.000000,4.000000,4.000000,4.000000,4.000000,96.000000,96.000000,96.000000,96.000000,96.000000,5.0,96.4593,89.0451,385.8371,393.2513,PENDING_AG03,FALSE,NOT_FOR_ENFORCEMENT,463.0045,16113.9638,482.2964,463.0045,19.2919,0.02618144,0.02513418,19.2919,463.0045,0.02513418,19.2919,19.2919,19.2919,19.2919,19.2919,463.0045,0.02513418,96.4593,89.0451,385.8371,393.2513,0.02094515,0.02134763,0.00104726,61.4044,58.8961,1.6923,3.9211,2.3412,149.7667,2.3171,62.6970,60.9962,41.8926,42.3384,83.4468,160.8553,162.3351,164.1988,42.3384,-2.2539,3.834227,3.878245,1.450322,20,49,61,3,0.24505223,0.02618144,0.00901077,0E-8,0.000000,0.911194,0.000000,0.02274419,2026-03-22,2026-08-06,123,206,194,138,0.891304,1.027884,1.021051,0.816841,,,,,,,,GLOBAL_BASELINE_NO_ENTITY_RANKING,,,NOT_APPLICABLE_GLOBAL_BASELINE,HF9g-P5,,,,X 全窗基线 · 不参与实体赏罚,8393323,840,A168_HF9F_20260827_0900,2026-08-27 09:00:00
2026-03-29,97284850,2202,0,165.5737276622,161.0016720660,161.0016720660,1.0000000,2,1,0.48774155739644353,0.293924150000,1.0248249311898678,1.549915577879723,1.0248249311898678,0.19381740739644353,ELIGIBLE,R03b_20260811_FULL_v1,L1_ELIGIBILITY,v2026-08-11,2026-03-21..2026-08-06,baccarat_bet02_101_all_pairs_incl_sentinel,round_win = game_pnl > 0 (decisive only),COMPATIBILITY_ONLY_NOT_PRODUCTION,18421.3072,16785.3789,482.2964,300,285,-0.02618144,-0.00901077,-0.03175496,-0.02618144,-482.2964,18421.3072,OK,0.0000,19.2919,4.0000,96.0000,AG03-UNRESOLVED,ALL5_LEVELS_bet23_to_bet27,19.2919,19.2919,19.2919,19.2919,19.2919,4.000000,4.000000,4.000000,4.000000,4.000000,96.000000,96.000000,96.000000,96.000000,96.000000,5.0,96.4593,89.0451,385.8371,393.2513,PENDING_AG03,FALSE,NOT_FOR_ENFORCEMENT,463.0045,16113.9638,482.2964,463.0045,19.2919,0.02618144,0.02513418,19.2919,463.0045,0.02513418,19.2919,19.2919,19.2919,19.2919,19.2919,463.0045,0.02513418,96.4593,89.0451,385.8371,393.2513,0.02094515,0.02134763,0.00104726,61.4044,58.8961,1.6923,3.9211,2.3412,149.7667,2.3171,62.6970,60.9962,41.8926,42.3384,83.4468,160.8553,162.3351,164.1988,42.3384,-2.2539,3.834227,3.878245,1.450322,20,49,61,3,0.24505223,0.02618144,0.00901077,0E-8,0.000000,0.911194,0.000000,0.02274419,2026-03-22,2026-08-06,123,206,194,138,0.891304,1.027884,1.021051,0.816841,,,,,,,,GLOBAL_BASELINE_NO_ENTITY_RANKING,,,NOT_APPLICABLE_GLOBAL_BASELINE,HF9g-P5,,,,X 全窗基线 · 不参与实体赏罚,8393324,840,A168_HF9F_20260827_0900,2026-08-27 09:00:00
2026-03-30,97284850,1396,0,42.4548019647,-42.4548019647,-42.4548019647,0E-7,1,1,0.49324550000000000,0.493245500000,-0.9865810262130424,-0.9865810262130424,-0.9865810262130424,0E-17,ELIGIBLE,R03b_20260811_FULL_v1,L1_ELIGIBILITY,v2026-08-11,2026-03-21..2026-08-06,baccarat_bet02_101_all_pairs_incl_sentinel,round_win = game_pnl > 0 (decisive only),COMPATIBILITY_ONLY_NOT_PRODUCTION,18421.3072,16785.3789,482.2964,300,285,-0.02618144,-0.00901077,-0.03175496,-0.02618144,-482.2964,18421.3072,OK,0.0000,19.2919,4.0000,96.0000,AG03-UNRESOLVED,ALL5_LEVELS_bet23_to_bet27,19.2919,19.2919,19.2919,19.2919,19.2919,4.000000,4.000000,4.000000,4.000000,4.000000,96.000000,96.000000,96.000000,96.000000,96.000000,5.0,96.4593,89.0451,385.8371,393.2513,PENDING_AG03,FALSE,NOT_FOR_ENFORCEMENT,463.0045,16113.9638,482.2964,463.0045,19.2919,0.02618144,0.02513418,19.2919,463.0045,0.02513418,19.2919,19.2919,19.2919,19.2919,19.2919,463.0045,0.02513418,96.4593,89.0451,385.8371,393.2513,0.02094515,0.02134763,0.00104726,61.4044,58.8961,1.6923,3.9211,2.3412,149.7667,2.3171,62.6970,60.9962,41.8926,42.3384,83.4468,160.8553,162.3351,164.1988,42.3384,-2.2539,3.834227,3.878245,1.450322,20,49,61,3,0.24505223,0.02618144,0.00901077,0E-8,0.000000,0.911194,0.000000,0.02274419,2026-03-22,2026-08-06,123,206,194,138,0.891304,1.027884,1.021051,0.816841,,,,,,,,GLOBAL_BASELINE_NO_ENTITY_RANKING,,,NOT_APPLICABLE_GLOBAL_BASELINE,HF9g-P5,,,,X 全窗基线 · 不参与实体赏罚,8393325,840,A168_HF9F_20260827_0900,2026-08-27 09:00:00
2026-03-31,97284850,2223,0,42.4548019647,-42.4548019647,-42.4548019647,0E-7,1,1,0.49324550000000000,0.493245500000,-0.9865810262130424,-0.9865810262130424,-0.9865810262130424,0E-17,ELIGIBLE,R03b_20260811_FULL_v1,L1_ELIGIBILITY,v2026-08-11,2026-03-21..2026-08-06,baccarat_bet02_101_all_pairs_incl_sentinel,round_win = game_pnl > 0 (decisive only),COMPATIBILITY_ONLY_NOT_PRODUCTION,18421.3072,16785.3789,482.2964,300,285,-0.02618144,-0.00901077,-0.03175496,-0.02618144,-482.2964,18421.3072,OK,0.0000,19.2919,4.0000,96.0000,AG03-UNRESOLVED,ALL5_LEVELS_bet23_to_bet27,19.2919,19.2919,19.2919,19.2919,19.2919,4.000000,4.000000,4.000000,4.000000,4.000000,96.000000,96.000000,96.000000,96.000000,96.000000,5.0,96.4593,89.0451,385.8371,393.2513,PENDING_AG03,FALSE,NOT_FOR_ENFORCEMENT,463.0045,16113.9638,482.2964,463.0045,19.2919,0.02618144,0.02513418,19.2919,463.0045,0.02513418,19.2919,19.2919,19.2919,19.2919,19.2919,463.0045,0.02513418,96.4593,89.0451,385.8371,393.2513,0.02094515,0.02134763,0.00104726,61.4044,58.8961,1.6923,3.9211,2.3412,149.7667,2.3171,62.6970,60.9962,41.8926,42.3384,83.4468,160.8553,162.3351,164.1988,42.3384,-2.2539,3.834227,3.878245,1.450322,20,49,61,3,0.24505223,0.02618144,0.00901077,0E-8,0.000000,0.911194,0.000000,0.02274419,2026-03-22,2026-08-06,123,206,194,138,0.891304,1.027884,1.021051,0.816841,,,,,,,,GLOBAL_BASELINE_NO_ENTITY_RANKING,,,NOT_APPLICABLE_GLOBAL_BASELINE,HF9g-P5,,,,X 全窗基线 · 不参与实体赏罚,8393326,840,A168_HF9F_20260827_0900,2026-08-27 09:00:00
2026-04-01,97284850,2171,0,125.9404483940,-42.6916774217,-42.6916774217,0.5000000,2,2,0.50665070000000000,0.506650700000,-0.018812684590367487,-0.018812684590367487,-0.018812684590367487,0E-17,ELIGIBLE,R03b_20260811_FULL_v1,L1_ELIGIBILITY,v2026-08-11,2026-03-21..2026-08-06,baccarat_bet02_101_all_pairs_incl_sentinel,round_win = game_pnl > 0 (decisive only),COMPATIBILITY_ONLY_NOT_PRODUCTION,18421.3072,16785.3789,482.2964,300,285,-0.02618144,-0.00901077,-0.03175496,-0.02618144,-482.2964,18421.3072,OK,0.0000,19.2919,4.0000,96.0000,AG03-UNRESOLVED,ALL5_LEVELS_bet23_to_bet27,19.2919,19.2919,19.2919,19.2919,19.2919,4.000000,4.000000,4.000000,4.000000,4.000000,96.000000,96.000000,96.000000,96.000000,96.000000,5.0,96.4593,89.0451,385.8371,393.2513,PENDING_AG03,FALSE,NOT_FOR_ENFORCEMENT,463.0045,16113.9638,482.2964,463.0045,19.2919,0.02618144,0.02513418,19.2919,463.0045,0.02513418,19.2919,19.2919,19.2919,19.2919,19.2919,463.0045,0.02513418,96.4593,89.0451,385.8371,393.2513,0.02094515,0.02134763,0.00104726,61.4044,58.8961,1.6923,3.9211,2.3412,149.7667,2.3171,62.6970,60.9962,41.8926,42.3384,83.4468,160.8553,162.3351,164.1988,42.3384,-2.2539,3.834227,3.878245,1.450322,20,49,61,3,0.24505223,0.02618144,0.00901077,0E-8,0.000000,0.911194,0.000000,0.02274419,2026-03-22,2026-08-06,123,206,194,138,0.891304,1.027884,1.021051,0.816841,,,,,,,,GLOBAL_BASELINE_NO_ENTITY_RANKING,,,NOT_APPLICABLE_GLOBAL_BASELINE,HF9g-P5,,,,X 全窗基线 · 不参与实体赏罚,8393327,840,A168_HF9F_20260827_0900,2026-08-27 09:00:00
2026-04-02,97284850,2103,0,125.9404483940,-42.6916774217,-42.6916774217,0.5000000,2,2,0.49994810000000000,0.499948100000,0.00014679536856514622,0.00014679536856514622,0.00014679536856514622,0E-17,ELIGIBLE,R03b_20260811_FULL_v1,L1_ELIGIBILITY,v2026-08-11,2026-03-21..2026-08-06,baccarat_bet02_101_all_pairs_incl_sentinel,round_win = game_pnl > 0 (decisive only),COMPATIBILITY_ONLY_NOT_PRODUCTION,18421.3072,16785.3789,482.2964,300,285,-0.02618144,-0.00901077,-0.03175496,-0.02618144,-482.2964,18421.3072,OK,0.0000,19.2919,4.0000,96.0000,AG03-UNRESOLVED,ALL5_LEVELS_bet23_to_bet27,19.2919,19.2919,19.2919,19.2919,19.2919,4.000000,4.000000,4.000000,4.000000,4.000000,96.000000,96.000000,96.000000,96.000000,96.000000,5.0,96.4593,89.0451,385.8371,393.2513,PENDING_AG03,FALSE,NOT_FOR_ENFORCEMENT,463.0045,16113.9638,482.2964,463.0045,19.2919,0.02618144,0.02513418,19.2919,463.0045,0.02513418,19.2919,19.2919,19.2919,19.2919,19.2919,463.0045,0.02513418,96.4593,89.0451,385.8371,393.2513,0.02094515,0.02134763,0.00104726,61.4044,58.8961,1.6923,3.9211,2.3412,149.7667,2.3171,62.6970,60.9962,41.8926,42.3384,83.4468,160.8553,162.3351,164.1988,42.3384,-2.2539,3.834227,3.878245,1.450322,20,49,61,3,0.24505223,0.02618144,0.00901077,0E-8,0.000000,0.911194,0.000000,0.02274419,2026-03-22,2026-08-06,123,206,194,138,0.891304,1.027884,1.021051,0.816841,,,,,,,,GLOBAL_BASELINE_NO_ENTITY_RANKING,,,NOT_APPLICABLE_GLOBAL_BASELINE,HF9g-P5,,,,X 全窗基线 · 不参与实体赏罚,8393328,840,A168_HF9F_20260827_0900,2026-08-27 09:00:00
2026-04-02,97284850,994,0,42.6916774217,-42.6916774217,-42.6916774217,0E-7,1,1,0.49324550000000000,0.493245500000,-0.9865810262130424,-0.9865810262130424,-0.9865810262130424,0E-17,ELIGIBLE,R03b_20260811_FULL_v1,L1_ELIGIBILITY,v2026-08-11,2026-03-21..2026-08-06,baccarat_bet02_101_all_pairs_incl_sentinel,round_win = game_pnl > 0 (decisive only),COMPATIBILITY_ONLY_NOT_PRODUCTION,18421.3072,16785.3789,482.2964,300,285,-0.02618144,-0.00901077,-0.03175496,-0.02618144,-482.2964,18421.3072,OK,0.0000,19.2919,4.0000,96.0000,AG03-UNRESOLVED,ALL5_LEVELS_bet23_to_bet27,19.2919,19.2919,19.2919,19.2919,19.2919,4.000000,4.000000,4.000000,4.000000,4.000000,96.000000,96.000000,96.000000,96.000000,96.000000,5.0,96.4593,89.0451,385.8371,393.2513,PENDING_AG03,FALSE,NOT_FOR_ENFORCEMENT,463.0045,16113.9638,482.2964,463.0045,19.2919,0.02618144,0.02513418,19.2919,463.0045,0.02513418,19.2919,19.2919,19.2919,19.2919,19.2919,463.0045,0.02513418,96.4593,89.0451,385.8371,393.2513,0.02094515,0.02134763,0.00104726,61.4044,58.8961,1.6923,3.9211,2.3412,149.7667,2.3171,62.6970,60.9962,41.8926,42.3384,83.4468,160.8553,162.3351,164.1988,42.3384,-2.2539,3.834227,3.878245,1.450322,20,49,61,3,0.24505223,0.02618144,0.00901077,0E-8,0.000000,0.911194,0.000000,0.02274419,2026-03-22,2026-08-06,123,206,194,138,0.891304,1.027884,1.021051,0.816841,,,,,,,,GLOBAL_BASELINE_NO_ENTITY_RANKING,,,NOT_APPLICABLE_GLOBAL_BASELINE,HF9g-P5,,,,X 全窗基线 · 不参与实体赏罚,8393329,840,A168_HF9F_20260827_0900,2026-08-27 09:00:00
2026-04-04,97284850,2170,0,42.6916774217,-42.6916774217,-42.6916774217,0E-7,1,1,0.50665070000000000,0.506650700000,-1.013391052207602,-1.013391052207602,-1.013391052207602,0E-17,ELIGIBLE,R03b_20260811_FULL_v1,L1_ELIGIBILITY,v2026-08-11,2026-03-21..2026-08-06,baccarat_bet02_101_all_pairs_incl_sentinel,round_win = game_pnl > 0 (decisive only),COMPATIBILITY_ONLY_NOT_PRODUCTION,18421.3072,16785.3789,482.2964,300,285,-0.02618144,-0.00901077,-0.03175496,-0.02618144,-482.2964,18421.3072,OK,0.0000,19.2919,4.0000,96.0000,AG03-UNRESOLVED,ALL5_LEVELS_bet23_to_bet27,19.2919,19.2919,19.2919,19.2919,19.2919,4.000000,4.000000,4.000000,4.000000,4.000000,96.000000,96.000000,96.000000,96.000000,96.000000,5.0,96.4593,89.0451,385.8371,393.2513,PENDING_AG03,FALSE,NOT_FOR_ENFORCEMENT,463.0045,16113.9638,482.2964,463.0045,19.2919,0.02618144,0.02513418,19.2919,463.0045,0.02513418,19.2919,19.2919,19.2919,19.2919,19.2919,463.0045,0.02513418,96.4593,89.0451,385.8371,393.2513,0.02094515,0.02134763,0.00104726,61.4044,58.8961,1.6923,3.9211,2.3412,149.7667,2.3171,62.6970,60.9962,41.8926,42.3384,83.4468,160.8553,162.3351,164.1988,42.3384,-2.2539,3.834227,3.878245,1.450322,20,49,61,3,0.24505223,0.02618144,0.00901077,0E-8,0.000000,0.911194,0.000000,0.02274419,2026-03-22,2026-08-06,123,206,194,138,0.891304,1.027884,1.021051,0.816841,,,,,,,,GLOBAL_BASELINE_NO_ENTITY_RANKING,,,NOT_APPLICABLE_GLOBAL_BASELINE,HF9g-P5,,,,X 全窗基线 · 不参与实体赏罚,8393330,840,A168_HF9F_20260827_0900,2026-08-27 09:00:00
2026-04-04,97284850,2252,0,42.6916774217,-42.6916774217,-42.6916774217,0E-7,1,1,0.50665070000000000,0.506650700000,-1.013391052207602,-1.013391052207602,-1.013391052207602,0E-17,ELIGIBLE,R03b_20260811_FULL_v1,L1_ELIGIBILITY,v2026-08-11,2026-03-21..2026-08-06,baccarat_bet02_101_all_pairs_incl_sentinel,round_win = game_pnl > 0 (decisive only),COMPATIBILITY_ONLY_NOT_PRODUCTION,18421.3072,16785.3789,482.2964,300,285,-0.02618144,-0.00901077,-0.03175496,-0.02618144,-482.2964,18421.3072,OK,0.0000,19.2919,4.0000,96.0000,AG03-UNRESOLVED,ALL5_LEVELS_bet23_to_bet27,19.2919,19.2919,19.2919,19.2919,19.2919,4.000000,4.000000,4.000000,4.000000,4.000000,96.000000,96.000000,96.000000,96.000000,96.000000,5.0,96.4593,89.0451,385.8371,393.2513,PENDING_AG03,FALSE,NOT_FOR_ENFORCEMENT,463.0045,16113.9638,482.2964,463.0045,19.2919,0.02618144,0.02513418,19.2919,463.0045,0.02513418,19.2919,19.2919,19.2919,19.2919,19.2919,463.0045,0.02513418,96.4593,89.0451,385.8371,393.2513,0.02094515,0.02134763,0.00104726,61.4044,58.8961,1.6923,3.9211,2.3412,149.7667,2.3171,62.6970,60.9962,41.8926,42.3384,83.4468,160.8553,162.3351,164.1988,42.3384,-2.2539,3.834227,3.878245,1.450322,20,49,61,3,0.24505223,0.02618144,0.00901077,0E-8,0.000000,0.911194,0.000000,0.02274419,2026-03-22,2026-08-06,123,206,194,138,0.891304,1.027884,1.021051,0.816841,,,,,,,,GLOBAL_BASELINE_NO_ENTITY_RANKING,,,NOT_APPLICABLE_GLOBAL_BASELINE,HF9g-P5,,,,X 全窗基线 · 不参与实体赏罚,8393331,840,A168_HF9F_20260827_0900,2026-08-27 09:00:00
2026-04-06,97284850,986,0,294.5725742097,285.7058412067,285.7058412067,1.0000000,4,3,0.49587925246548229,0.431273450000,1.7463848059507232,1.9890056526381874,1.7463848059507232,0.06460580246548229,ELIGIBLE,R03b_20260811_FULL_v1,L1_ELIGIBILITY,v2026-08-11,2026-03-21..2026-08-06,baccarat_bet02_101_all_pairs_incl_sentinel,round_win = game_pnl > 0 (decisive only),COMPATIBILITY_ONLY_NOT_PRODUCTION,18421.3072,16785.3789,482.2964,300,285,-0.02618144,-0.00901077,-0.03175496,-0.02618144,-482.2964,18421.3072,OK,0.0000,19.2919,4.0000,96.0000,AG03-UNRESOLVED,ALL5_LEVELS_bet23_to_bet27,19.2919,19.2919,19.2919,19.2919,19.2919,4.000000,4.000000,4.000000,4.000000,4.000000,96.000000,96.000000,96.000000,96.000000,96.000000,5.0,96.4593,89.0451,385.8371,393.2513,PENDING_AG03,FALSE,NOT_FOR_ENFORCEMENT,463.0045,16113.9638,482.2964,463.0045,19.2919,0.02618144,0.02513418,19.2919,463.0045,0.02513418,19.2919,19.2919,19.2919,19.2919,19.2919,463.0045,0.02513418,96.4593,89.0451,385.8371,393.2513,0.02094515,0.02134763,0.00104726,61.4044,58.8961,1.6923,3.9211,2.3412,149.7667,2.3171,62.6970,60.9962,41.8926,42.3384,83.4468,160.8553,162.3351,164.1988,42.3384,-2.2539,3.834227,3.878245,1.450322,20,49,61,3,0.24505223,0.02618144,0.00901077,0E-8,0.000000,0.911194,0.000000,0.02274419,2026-03-22,2026-08-06,123,206,194,138,0.891304,1.027884,1.021051,0.816841,,,,,,,,GLOBAL_BASELINE_NO_ENTITY_RANKING,,,NOT_APPLICABLE_GLOBAL_BASELINE,HF9g-P5,,,,X 全窗基线 · 不参与实体赏罚,8393332,840,A168_HF9F_20260827_0900,2026-08-27 09:00:00
2026-04-07,97284850,2169,0,85.3833548434,-42.6916774217,-42.6916774217,0E-7,2,2,0.50665070000000000,0.506650700000,-1.013391052207602,-1.013391052207602,-1.013391052207602,0E-17,ELIGIBLE,R03b_20260811_FULL_v1,L1_ELIGIBILITY,v2026-08-11,2026-03-21..2026-08-06,baccarat_bet02_101_all_pairs_incl_sentinel,round_win = game_pnl > 0 (decisive only),COMPATIBILITY_ONLY_NOT_PRODUCTION,18421.3072,16785.3789,482.2964,300,285,-0.02618144,-0.00901077,-0.03175496,-0.02618144,-482.2964,18421.3072,OK,0.0000,19.2919,4.0000,96.0000,AG03-UNRESOLVED,ALL5_LEVELS_bet23_to_bet27,19.2919,19.2919,19.2919,19.2919,19.2919,4.000000,4.000000,4.000000,4.000000,4.000000,96.000000,96.000000,96.000000,96.000000,96.000000,5.0,96.4593,89.0451,385.8371,393.2513,PENDING_AG03,FALSE,NOT_FOR_ENFORCEMENT,463.0045,16113.9638,482.2964,463.0045,19.2919,0.02618144,0.02513418,19.2919,463.0045,0.02513418,19.2919,19.2919,19.2919,19.2919,19.2919,463.0045,0.02513418,96.4593,89.0451,385.8371,393.2513,0.02094515,0.02134763,0.00104726,61.4044,58.8961,1.6923,3.9211,2.3412,149.7667,2.3171,62.6970,60.9962,41.8926,42.3384,83.4468,160.8553,162.3351,164.1988,42.3384,-2.2539,3.834227,3.878245,1.450322,20,49,61,3,0.24505223,0.02618144,0.00901077,0E-8,0.000000,0.911194,0.000000,0.02274419,2026-03-22,2026-08-06,123,206,194,138,0.891304,1.027884,1.021051,0.816841,,,,,,,,GLOBAL_BASELINE_NO_ENTITY_RANKING,,,NOT_APPLICABLE_GLOBAL_BASELINE,HF9g-P5,,,,X 全窗基线 · 不参与实体赏罚,8393333,840,A168_HF9F_20260827_0900,2026-08-27 09:00:00
2026-04-08,97284850,1307,0,42.6916774217,-42.6916774217,-42.6916774217,0E-7,1,1,0.49324550000000000,0.493245500000,-0.9865810262130424,-0.9865810262130424,-0.9865810262130424,0E-17,ELIGIBLE,R03b_20260811_FULL_v1,L1_ELIGIBILITY,v2026-08-11,2026-03-21..2026-08-06,baccarat_bet02_101_all_pairs_incl_sentinel,round_win = game_pnl > 0 (decisive only),COMPATIBILITY_ONLY_NOT_PRODUCTION,18421.3072,16785.3789,482.2964,300,285,-0.02618144,-0.00901077,-0.03175496,-0.02618144,-482.2964,18421.3072,OK,0.0000,19.2919,4.0000,96.0000,AG03-UNRESOLVED,ALL5_LEVELS_bet23_to_bet27,19.2919,19.2919,19.2919,19.2919,19.2919,4.000000,4.000000,4.000000,4.000000,4.000000,96.000000,96.000000,96.000000,96.000000,96.000000,5.0,96.4593,89.0451,385.8371,393.2513,PENDING_AG03,FALSE,NOT_FOR_ENFORCEMENT,463.0045,16113.9638,482.2964,463.0045,19.2919,0.02618144,0.02513418,19.2919,463.0045,0.02513418,19.2919,19.2919,19.2919,19.2919,19.2919,463.0045,0.02513418,96.4593,89.0451,385.8371,393.2513,0.02094515,0.02134763,0.00104726,61.4044,58.8961,1.6923,3.9211,2.3412,149.7667,2.3171,62.6970,60.9962,41.8926,42.3384,83.4468,160.8553,162.3351,164.1988,42.3384,-2.2539,3.834227,3.878245,1.450322,20,49,61,3,0.24505223,0.02618144,0.00901077,0E-8,0.000000,0.911194,0.000000,0.02274419,2026-03-22,2026-08-06,123,206,194,138,0.891304,1.027884,1.021051,0.816841,,,,,,,,GLOBAL_BASELINE_NO_ENTITY_RANKING,,,NOT_APPLICABLE_GLOBAL_BASELINE,HF9g-P5,,,,X 全窗基线 · 不参与实体赏罚,8393334,840,A168_HF9F_20260827_0900,2026-08-27 09:00:00
2026-04-09,97284850,1210,0,85.3833548434,-42.6916774217,-42.6916774217,0E-7,2,2,0.49324550000000000,0.493245500000,-0.9865810262130424,-0.9865810262130424,-0.9865810262130424,0E-17,ELIGIBLE,R03b_20260811_FULL_v1,L1_ELIGIBILITY,v2026-08-11,2026-03-21..2026-08-06,baccarat_bet02_101_all_pairs_incl_sentinel,round_win = game_pnl > 0 (decisive only),COMPATIBILITY_ONLY_NOT_PRODUCTION,18421.3072,16785.3789,482.2964,300,285,-0.02618144,-0.00901077,-0.03175496,-0.02618144,-482.2964,18421.3072,OK,0.0000,19.2919,4.0000,96.0000,AG03-UNRESOLVED,ALL5_LEVELS_bet23_to_bet27,19.2919,19.2919,19.2919,19.2919,19.2919,4.000000,4.000000,4.000000,4.000000,4.000000,96.000000,96.000000,96.000000,96.000000,96.000000,5.0,96.4593,89.0451,385.8371,393.2513,PENDING_AG03,FALSE,NOT_FOR_ENFORCEMENT,463.0045,16113.9638,482.2964,463.0045,19.2919,0.02618144,0.02513418,19.2919,463.0045,0.02513418,19.2919,19.2919,19.2919,19.2919,19.2919,463.0045,0.02513418,96.4593,89.0451,385.8371,393.2513,0.02094515,0.02134763,0.00104726,61.4044,58.8961,1.6923,3.9211,2.3412,149.7667,2.3171,62.6970,60.9962,41.8926,42.3384,83.4468,160.8553,162.3351,164.1988,42.3384,-2.2539,3.834227,3.878245,1.450322,20,49,61,3,0.24505223,0.02618144,0.00901077,0E-8,0.000000,0.911194,0.000000,0.02274419,2026-03-22,2026-08-06,123,206,194,138,0.891304,1.027884,1.021051,0.816841,,,,,,,,GLOBAL_BASELINE_NO_ENTITY_RANKING,,,NOT_APPLICABLE_GLOBAL_BASELINE,HF9g-P5,,,,X 全窗基线 · 不参与实体赏罚,8393335,840,A168_HF9F_20260827_0900,2026-08-27 09:00:00
2026-04-09,97284850,2246,0,42.6916774217,-42.6916774217,-42.6916774217,0E-7,1,1,0.50665070000000000,0.506650700000,-1.013391052207602,-1.013391052207602,-1.013391052207602,0E-17,ELIGIBLE,R03b_20260811_FULL_v1,L1_ELIGIBILITY,v2026-08-11,2026-03-21..2026-08-06,baccarat_bet02_101_all_pairs_incl_sentinel,round_win = game_pnl > 0 (decisive only),COMPATIBILITY_ONLY_NOT_PRODUCTION,18421.3072,16785.3789,482.2964,300,285,-0.02618144,-0.00901077,-0.03175496,-0.02618144,-482.2964,18421.3072,OK,0.0000,19.2919,4.0000,96.0000,AG03-UNRESOLVED,ALL5_LEVELS_bet23_to_bet27,19.2919,19.2919,19.2919,19.2919,19.2919,4.000000,4.000000,4.000000,4.000000,4.000000,96.000000,96.000000,96.000000,96.000000,96.000000,5.0,96.4593,89.0451,385.8371,393.2513,PENDING_AG03,FALSE,NOT_FOR_ENFORCEMENT,463.0045,16113.9638,482.2964,463.0045,19.2919,0.02618144,0.02513418,19.2919,463.0045,0.02513418,19.2919,19.2919,19.2919,19.2919,19.2919,463.0045,0.02513418,96.4593,89.0451,385.8371,393.2513,0.02094515,0.02134763,0.00104726,61.4044,58.8961,1.6923,3.9211,2.3412,149.7667,2.3171,62.6970,60.9962,41.8926,42.3384,83.4468,160.8553,162.3351,164.1988,42.3384,-2.2539,3.834227,3.878245,1.450322,20,49,61,3,0.24505223,0.02618144,0.00901077,0E-8,0.000000,0.911194,0.000000,0.02274419,2026-03-22,2026-08-06,123,206,194,138,0.891304,1.027884,1.021051,0.816841,,,,,,,,GLOBAL_BASELINE_NO_ENTITY_RANKING,,,NOT_APPLICABLE_GLOBAL_BASELINE,HF9g-P5,,,,X 全窗基线 · 不参与实体赏罚,8393336,840,A168_HF9F_20260827_0900,2026-08-27 09:00:00
2026-04-11,97284850,2174,0,42.6916774217,42.6916774217,42.6916774217,1.0000000,1,1,0.49324550000000000,0.493245500000,1.01360149184955,1.01360149184955,1.01360149184955,0E-17,ELIGIBLE,R03b_20260811_FULL_v1,L1_ELIGIBILITY,v2026-08-11,2026-03-21..2026-08-06,baccarat_bet02_101_all_pairs_incl_sentinel,round_win = game_pnl > 0 (decisive only),COMPATIBILITY_ONLY_NOT_PRODUCTION,18421.3072,16785.3789,482.2964,300,285,-0.02618144,-0.00901077,-0.03175496,-0.02618144,-482.2964,18421.3072,OK,0.0000,19.2919,4.0000,96.0000,AG03-UNRESOLVED,ALL5_LEVELS_bet23_to_bet27,19.2919,19.2919,19.2919,19.2919,19.2919,4.000000,4.000000,4.000000,4.000000,4.000000,96.000000,96.000000,96.000000,96.000000,96.000000,5.0,96.4593,89.0451,385.8371,393.2513,PENDING_AG03,FALSE,NOT_FOR_ENFORCEMENT,463.0045,16113.9638,482.2964,463.0045,19.2919,0.02618144,0.02513418,19.2919,463.0045,0.02513418,19.2919,19.2919,19.2919,19.2919,19.2919,463.0045,0.02513418,96.4593,89.0451,385.8371,393.2513,0.02094515,0.02134763,0.00104726,61.4044,58.8961,1.6923,3.9211,2.3412,149.7667,2.3171,62.6970,60.9962,41.8926,42.3384,83.4468,160.8553,162.3351,164.1988,42.3384,-2.2539,3.834227,3.878245,1.450322,20,49,61,3,0.24505223,0.02618144,0.00901077,0E-8,0.000000,0.911194,0.000000,0.02274419,2026-03-22,2026-08-06,123,206,194,138,0.891304,1.027884,1.021051,0.816841,,,,,,,,GLOBAL_BASELINE_NO_ENTITY_RANKING,,,NOT_APPLICABLE_GLOBAL_BASELINE,HF9g-P5,,,,X 全窗基线 · 不参与实体赏罚,8393337,840,A168_HF9F_20260827_0900,2026-08-27 09:00:00
2026-04-11,97284850,2196,0,85.3833548434,81.1141871012,81.1141871012,1.0000000,1,1,0.50665070000000000,0.506650700000,0.9867858985152569,0.9867858985152569,0.9867858985152569,0E-17,ELIGIBLE,R03b_20260811_FULL_v1,L1_ELIGIBILITY,v2026-08-11,2026-03-21..2026-08-06,baccarat_bet02_101_all_pairs_incl_sentinel,round_win = game_pnl > 0 (decisive only),COMPATIBILITY_ONLY_NOT_PRODUCTION,18421.3072,16785.3789,482.2964,300,285,-0.02618144,-0.00901077,-0.03175496,-0.02618144,-482.2964,18421.3072,OK,0.0000,19.2919,4.0000,96.0000,AG03-UNRESOLVED,ALL5_LEVELS_bet23_to_bet27,19.2919,19.2919,19.2919,19.2919,19.2919,4.000000,4.000000,4.000000,4.000000,4.000000,96.000000,96.000000,96.000000,96.000000,96.000000,5.0,96.4593,89.0451,385.8371,393.2513,PENDING_AG03,FALSE,NOT_FOR_ENFORCEMENT,463.0045,16113.9638,482.2964,463.0045,19.2919,0.02618144,0.02513418,19.2919,463.0045,0.02513418,19.2919,19.2919,19.2919,19.2919,19.2919,463.0045,0.02513418,96.4593,89.0451,385.8371,393.2513,0.02094515,0.02134763,0.00104726,61.4044,58.8961,1.6923,3.9211,2.3412,149.7667,2.3171,62.6970,60.9962,41.8926,42.3384,83.4468,160.8553,162.3351,164.1988,42.3384,-2.2539,3.834227,3.878245,1.450322,20,49,61,3,0.24505223,0.02618144,0.00901077,0E-8,0.000000,0.911194,0.000000,0.02274419,2026-03-22,2026-08-06,123,206,194,138,0.891304,1.027884,1.021051,0.816841,,,,,,,,GLOBAL_BASELINE_NO_ENTITY_RANKING,,,NOT_APPLICABLE_GLOBAL_BASELINE,HF9g-P5,,,,X 全窗基线 · 不参与实体赏罚,8393338,840,A168_HF9F_20260827_0900,2026-08-27 09:00:00
2026-04-11,97284850,970,0,166.4975419446,-166.4975419446,-166.4975419446,0E-7,2,1,0.48774155739644687,0.293924150000,-0.9757764175769628,-0.6451964315166089,-0.9757764175769628,0.19381740739644687,ELIGIBLE,R03b_20260811_FULL_v1,L1_ELIGIBILITY,v2026-08-11,2026-03-21..2026-08-06,baccarat_bet02_101_all_pairs_incl_sentinel,round_win = game_pnl > 0 (decisive only),COMPATIBILITY_ONLY_NOT_PRODUCTION,18421.3072,16785.3789,482.2964,300,285,-0.02618144,-0.00901077,-0.03175496,-0.02618144,-482.2964,18421.3072,OK,0.0000,19.2919,4.0000,96.0000,AG03-UNRESOLVED,ALL5_LEVELS_bet23_to_bet27,19.2919,19.2919,19.2919,19.2919,19.2919,4.000000,4.000000,4.000000,4.000000,4.000000,96.000000,96.000000,96.000000,96.000000,96.000000,5.0,96.4593,89.0451,385.8371,393.2513,PENDING_AG03,FALSE,NOT_FOR_ENFORCEMENT,463.0045,16113.9638,482.2964,463.0045,19.2919,0.02618144,0.02513418,19.2919,463.0045,0.02513418,19.2919,19.2919,19.2919,19.2919,19.2919,463.0045,0.02513418,96.4593,89.0451,385.8371,393.2513,0.02094515,0.02134763,0.00104726,61.4044,58.8961,1.6923,3.9211,2.3412,149.7667,2.3171,62.6970,60.9962,41.8926,42.3384,83.4468,160.8553,162.3351,164.1988,42.3384,-2.2539,3.834227,3.878245,1.450322,20,49,61,3,0.24505223,0.02618144,0.00901077,0E-8,0.000000,0.911194,0.000000,0.02274419,2026-03-22,2026-08-06,123,206,194,138,0.891304,1.027884,1.021051,0.816841,,,,,,,,GLOBAL_BASELINE_NO_ENTITY_RANKING,,,NOT_APPLICABLE_GLOBAL_BASELINE,HF9g-P5,,,,X 全窗基线 · 不参与实体赏罚,8393339,840,A168_HF9F_20260827_0900,2026-08-27 09:00:00
2026-04-12,97284850,970,0,42.6916774217,-42.6916774217,-42.6916774217,0E-7,1,1,0.49324550000000000,0.493245500000,-0.9865810262130424,-0.9865810262130424,-0.9865810262130424,0E-17,ELIGIBLE,R03b_20260811_FULL_v1,L1_ELIGIBILITY,v2026-08-11,2026-03-21..2026-08-06,baccarat_bet02_101_all_pairs_incl_sentinel,round_win = game_pnl > 0 (decisive only),COMPATIBILITY_ONLY_NOT_PRODUCTION,18421.3072,16785.3789,482.2964,300,285,-0.02618144,-0.00901077,-0.03175496,-0.02618144,-482.2964,18421.3072,OK,0.0000,19.2919,4.0000,96.0000,AG03-UNRESOLVED,ALL5_LEVELS_bet23_to_bet27,19.2919,19.2919,19.2919,19.2919,19.2919,4.000000,4.000000,4.000000,4.000000,4.000000,96.000000,96.000000,96.000000,96.000000,96.000000,5.0,96.4593,89.0451,385.8371,393.2513,PENDING_AG03,FALSE,NOT_FOR_ENFORCEMENT,463.0045,16113.9638,482.2964,463.0045,19.2919,0.02618144,0.02513418,19.2919,463.0045,0.02513418,19.2919,19.2919,19.2919,19.2919,19.2919,463.0045,0.02513418,96.4593,89.0451,385.8371,393.2513,0.02094515,0.02134763,0.00104726,61.4044,58.8961,1.6923,3.9211,2.3412,149.7667,2.3171,62.6970,60.9962,41.8926,42.3384,83.4468,160.8553,162.3351,164.1988,42.3384,-2.2539,3.834227,3.878245,1.450322,20,49,61,3,0.24505223,0.02618144,0.00901077,0E-8,0.000000,0.911194,0.000000,0.02274419,2026-03-22,2026-08-06,123,206,194,138,0.891304,1.027884,1.021051,0.816841,,,,,,,,GLOBAL_BASELINE_NO_ENTITY_RANKING,,,NOT_APPLICABLE_GLOBAL_BASELINE,HF9g-P5,,,,X 全窗基线 · 不参与实体赏罚,8393340,840,A168_HF9F_20260827_0900,2026-08-27 09:00:00
2026-04-14,97284850,2174,0,250.1830816167,241.9485138371,241.9485138371,0.7500000,4,4,0.40028742500000000,0.400287425000,1.4275249038962121,1.4275249038962121,1.4275249038962121,0E-17,ELIGIBLE,R03b_20260811_FULL_v1,L1_ELIGIBILITY,v2026-08-11,2026-03-21..2026-08-06,baccarat_bet02_101_all_pairs_incl_sentinel,round_win = game_pnl > 0 (decisive only),COMPATIBILITY_ONLY_NOT_PRODUCTION,18421.3072,16785.3789,482.2964,300,285,-0.02618144,-0.00901077,-0.03175496,-0.02618144,-482.2964,18421.3072,OK,0.0000,19.2919,4.0000,96.0000,AG03-UNRESOLVED,ALL5_LEVELS_bet23_to_bet27,19.2919,19.2919,19.2919,19.2919,19.2919,4.000000,4.000000,4.000000,4.000000,4.000000,96.000000,96.000000,96.000000,96.000000,96.000000,5.0,96.4593,89.0451,385.8371,393.2513,PENDING_AG03,FALSE,NOT_FOR_ENFORCEMENT,463.0045,16113.9638,482.2964,463.0045,19.2919,0.02618144,0.02513418,19.2919,463.0045,0.02513418,19.2919,19.2919,19.2919,19.2919,19.2919,463.0045,0.02513418,96.4593,89.0451,385.8371,393.2513,0.02094515,0.02134763,0.00104726,61.4044,58.8961,1.6923,3.9211,2.3412,149.7667,2.3171,62.6970,60.9962,41.8926,42.3384,83.4468,160.8553,162.3351,164.1988,42.3384,-2.2539,3.834227,3.878245,1.450322,20,49,61,3,0.24505223,0.02618144,0.00901077,0E-8,0.000000,0.911194,0.000000,0.02274419,2026-03-22,2026-08-06,123,206,194,138,0.891304,1.027884,1.021051,0.816841,,,,,,,,GLOBAL_BASELINE_NO_ENTITY_RANKING,,,NOT_APPLICABLE_GLOBAL_BASELINE,HF9g-P5,,,,X 全窗基线 · 不参与实体赏罚,8393341,840,A168_HF9F_20260827_0900,2026-08-27 09:00:00
2026-04-14,97284850,2251,0,42.6916774217,40.5570935506,40.5570935506,1.0000000,1,1,0.50665070000000000,0.506650700000,0.9867858985152569,0.9867858985152569,0.9867858985152569,0E-17,ELIGIBLE,R03b_20260811_FULL_v1,L1_ELIGIBILITY,v2026-08-11,2026-03-21..2026-08-06,baccarat_bet02_101_all_pairs_incl_sentinel,round_win = game_pnl > 0 (decisive only),COMPATIBILITY_ONLY_NOT_PRODUCTION,18421.3072,16785.3789,482.2964,300,285,-0.02618144,-0.00901077,-0.03175496,-0.02618144,-482.2964,18421.3072,OK,0.0000,19.2919,4.0000,96.0000,AG03-UNRESOLVED,ALL5_LEVELS_bet23_to_bet27,19.2919,19.2919,19.2919,19.2919,19.2919,4.000000,4.000000,4.000000,4.000000,4.000000,96.000000,96.000000,96.000000,96.000000,96.000000,5.0,96.4593,89.0451,385.8371,393.2513,PENDING_AG03,FALSE,NOT_FOR_ENFORCEMENT,463.0045,16113.9638,482.2964,463.0045,19.2919,0.02618144,0.02513418,19.2919,463.0045,0.02513418,19.2919,19.2919,19.2919,19.2919,19.2919,463.0045,0.02513418,96.4593,89.0451,385.8371,393.2513,0.02094515,0.02134763,0.00104726,61.4044,58.8961,1.6923,3.9211,2.3412,149.7667,2.3171,62.6970,60.9962,41.8926,42.3384,83.4468,160.8553,162.3351,164.1988,42.3384,-2.2539,3.834227,3.878245,1.450322,20,49,61,3,0.24505223,0.02618144,0.00901077,0E-8,0.000000,0.911194,0.000000,0.02274419,2026-03-22,2026-08-06,123,206,194,138,0.891304,1.027884,1.021051,0.816841,,,,,,,,GLOBAL_BASELINE_NO_ENTITY_RANKING,,,NOT_APPLICABLE_GLOBAL_BASELINE,HF9g-P5,,,,X 全窗基线 · 不参与实体赏罚,8393342,840,A168_HF9F_20260827_0900,2026-08-27 09:00:00
2026-04-15,97284850,1400,0,85.5541215531,-85.5541215531,-85.5541215531,0E-7,1,1,0.50665070000000000,0.506650700000,-1.013391052207602,-1.013391052207602,-1.013391052207602,0E-17,ELIGIBLE,R03b_20260811_FULL_v1,L1_ELIGIBILITY,v2026-08-11,2026-03-21..2026-08-06,baccarat_bet02_101_all_pairs_incl_sentinel,round_win = game_pnl > 0 (decisive only),COMPATIBILITY_ONLY_NOT_PRODUCTION,18421.3072,16785.3789,482.2964,300,285,-0.02618144,-0.00901077,-0.03175496,-0.02618144,-482.2964,18421.3072,OK,0.0000,19.2919,4.0000,96.0000,AG03-UNRESOLVED,ALL5_LEVELS_bet23_to_bet27,19.2919,19.2919,19.2919,19.2919,19.2919,4.000000,4.000000,4.000000,4.000000,4.000000,96.000000,96.000000,96.000000,96.000000,96.000000,5.0,96.4593,89.0451,385.8371,393.2513,PENDING_AG03,FALSE,NOT_FOR_ENFORCEMENT,463.0045,16113.9638,482.2964,463.0045,19.2919,0.02618144,0.02513418,19.2919,463.0045,0.02513418,19.2919,19.2919,19.2919,19.2919,19.2919,463.0045,0.02513418,96.4593,89.0451,385.8371,393.2513,0.02094515,0.02134763,0.00104726,61.4044,58.8961,1.6923,3.9211,2.3412,149.7667,2.3171,62.6970,60.9962,41.8926,42.3384,83.4468,160.8553,162.3351,164.1988,42.3384,-2.2539,3.834227,3.878245,1.450322,20,49,61,3,0.24505223,0.02618144,0.00901077,0E-8,0.000000,0.911194,0.000000,0.02274419,2026-03-22,2026-08-06,123,206,194,138,0.891304,1.027884,1.021051,0.816841,,,,,,,,GLOBAL_BASELINE_NO_ENTITY_RANKING,,,NOT_APPLICABLE_GLOBAL_BASELINE,HF9g-P5,,,,X 全窗基线 · 不参与实体赏罚,8393343,840,A168_HF9F_20260827_0900,2026-08-27 09:00:00
2026-04-15,97284850,2196,0,42.7770607765,42.7770607765,42.7770607765,1.0000000,1,1,0.49324550000000000,0.493245500000,1.01360149184955,1.01360149184955,1.01360149184955,0E-17,ELIGIBLE,R03b_20260811_FULL_v1,L1_ELIGIBILITY,v2026-08-11,2026-03-21..2026-08-06,baccarat_bet02_101_all_pairs_incl_sentinel,round_win = game_pnl > 0 (decisive only),COMPATIBILITY_ONLY_NOT_PRODUCTION,18421.3072,16785.3789,482.2964,300,285,-0.02618144,-0.00901077,-0.03175496,-0.02618144,-482.2964,18421.3072,OK,0.0000,19.2919,4.0000,96.0000,AG03-UNRESOLVED,ALL5_LEVELS_bet23_to_bet27,19.2919,19.2919,19.2919,19.2919,19.2919,4.000000,4.000000,4.000000,4.000000,4.000000,96.000000,96.000000,96.000000,96.000000,96.000000,5.0,96.4593,89.0451,385.8371,393.2513,PENDING_AG03,FALSE,NOT_FOR_ENFORCEMENT,463.0045,16113.9638,482.2964,463.0045,19.2919,0.02618144,0.02513418,19.2919,463.0045,0.02513418,19.2919,19.2919,19.2919,19.2919,19.2919,463.0045,0.02513418,96.4593,89.0451,385.8371,393.2513,0.02094515,0.02134763,0.00104726,61.4044,58.8961,1.6923,3.9211,2.3412,149.7667,2.3171,62.6970,60.9962,41.8926,42.3384,83.4468,160.8553,162.3351,164.1988,42.3384,-2.2539,3.834227,3.878245,1.450322,20,49,61,3,0.24505223,0.02618144,0.00901077,0E-8,0.000000,0.911194,0.000000,0.02274419,2026-03-22,2026-08-06,123,206,194,138,0.891304,1.027884,1.021051,0.816841,,,,,,,,GLOBAL_BASELINE_NO_ENTITY_RANKING,,,NOT_APPLICABLE_GLOBAL_BASELINE,HF9g-P5,,,,X 全窗基线 · 不参与实体赏罚,8393344,840,A168_HF9F_20260827_0900,2026-08-27 09:00:00
2026-04-16,97284850,1318,0,42.6916774217,-42.6916774217,-42.6916774217,0E-7,1,1,0.50665070000000000,0.506650700000,-1.013391052207602,-1.013391052207602,-1.013391052207602,0E-17,ELIGIBLE,R03b_20260811_FULL_v1,L1_ELIGIBILITY,v2026-08-11,2026-03-21..2026-08-06,baccarat_bet02_101_all_pairs_incl_sentinel,round_win = game_pnl > 0 (decisive only),COMPATIBILITY_ONLY_NOT_PRODUCTION,18421.3072,16785.3789,482.2964,300,285,-0.02618144,-0.00901077,-0.03175496,-0.02618144,-482.2964,18421.3072,OK,0.0000,19.2919,4.0000,96.0000,AG03-UNRESOLVED,ALL5_LEVELS_bet23_to_bet27,19.2919,19.2919,19.2919,19.2919,19.2919,4.000000,4.000000,4.000000,4.000000,4.000000,96.000000,96.000000,96.000000,96.000000,96.000000,5.0,96.4593,89.0451,385.8371,393.2513,PENDING_AG03,FALSE,NOT_FOR_ENFORCEMENT,463.0045,16113.9638,482.2964,463.0045,19.2919,0.02618144,0.02513418,19.2919,463.0045,0.02513418,19.2919,19.2919,19.2919,19.2919,19.2919,463.0045,0.02513418,96.4593,89.0451,385.8371,393.2513,0.02094515,0.02134763,0.00104726,61.4044,58.8961,1.6923,3.9211,2.3412,149.7667,2.3171,62.6970,60.9962,41.8926,42.3384,83.4468,160.8553,162.3351,164.1988,42.3384,-2.2539,3.834227,3.878245,1.450322,20,49,61,3,0.24505223,0.02618144,0.00901077,0E-8,0.000000,0.911194,0.000000,0.02274419,2026-03-22,2026-08-06,123,206,194,138,0.891304,1.027884,1.021051,0.816841,,,,,,,,GLOBAL_BASELINE_NO_ENTITY_RANKING,,,NOT_APPLICABLE_GLOBAL_BASELINE,HF9g-P5,,,,X 全窗基线 · 不参与实体赏罚,8393345,840,A168_HF9F_20260827_0900,2026-08-27 09:00:00
2026-04-16,97284850,2196,0,42.6916774217,-42.6916774217,-42.6916774217,0E-7,1,1,0.50665070000000000,0.506650700000,-1.013391052207602,-1.013391052207602,-1.013391052207602,0E-17,ELIGIBLE,R03b_20260811_FULL_v1,L1_ELIGIBILITY,v2026-08-11,2026-03-21..2026-08-06,baccarat_bet02_101_all_pairs_incl_sentinel,round_win = game_pnl > 0 (decisive only),COMPATIBILITY_ONLY_NOT_PRODUCTION,18421.3072,16785.3789,482.2964,300,285,-0.02618144,-0.00901077,-0.03175496,-0.02618144,-482.2964,18421.3072,OK,0.0000,19.2919,4.0000,96.0000,AG03-UNRESOLVED,ALL5_LEVELS_bet23_to_bet27,19.2919,19.2919,19.2919,19.2919,19.2919,4.000000,4.000000,4.000000,4.000000,4.000000,96.000000,96.000000,96.000000,96.000000,96.000000,5.0,96.4593,89.0451,385.8371,393.2513,PENDING_AG03,FALSE,NOT_FOR_ENFORCEMENT,463.0045,16113.9638,482.2964,463.0045,19.2919,0.02618144,0.02513418,19.2919,463.0045,0.02513418,19.2919,19.2919,19.2919,19.2919,19.2919,463.0045,0.02513418,96.4593,89.0451,385.8371,393.2513,0.02094515,0.02134763,0.00104726,61.4044,58.8961,1.6923,3.9211,2.3412,149.7667,2.3171,62.6970,60.9962,41.8926,42.3384,83.4468,160.8553,162.3351,164.1988,42.3384,-2.2539,3.834227,3.878245,1.450322,20,49,61,3,0.24505223,0.02618144,0.00901077,0E-8,0.000000,0.911194,0.000000,0.02274419,2026-03-22,2026-08-06,123,206,194,138,0.891304,1.027884,1.021051,0.816841,,,,,,,,GLOBAL_BASELINE_NO_ENTITY_RANKING,,,NOT_APPLICABLE_GLOBAL_BASELINE,HF9g-P5,,,,X 全窗基线 · 不参与实体赏罚,8393346,840,A168_HF9F_20260827_0900,2026-08-27 09:00:00
2026-04-18,97284850,1307,0,125.9404483940,119.6434259743,119.6434259743,1.0000000,2,2,0.50665070000000000,0.506650700000,1.3955260008387969,1.3955260008387969,1.3955260008387969,0E-17,ELIGIBLE,R03b_20260811_FULL_v1,L1_ELIGIBILITY,v2026-08-11,2026-03-21..2026-08-06,baccarat_bet02_101_all_pairs_incl_sentinel,round_win = game_pnl > 0 (decisive only),COMPATIBILITY_ONLY_NOT_PRODUCTION,18421.3072,16785.3789,482.2964,300,285,-0.02618144,-0.00901077,-0.03175496,-0.02618144,-482.2964,18421.3072,OK,0.0000,19.2919,4.0000,96.0000,AG03-UNRESOLVED,ALL5_LEVELS_bet23_to_bet27,19.2919,19.2919,19.2919,19.2919,19.2919,4.000000,4.000000,4.000000,4.000000,4.000000,96.000000,96.000000,96.000000,96.000000,96.000000,5.0,96.4593,89.0451,385.8371,393.2513,PENDING_AG03,FALSE,NOT_FOR_ENFORCEMENT,463.0045,16113.9638,482.2964,463.0045,19.2919,0.02618144,0.02513418,19.2919,463.0045,0.02513418,19.2919,19.2919,19.2919,19.2919,19.2919,463.0045,0.02513418,96.4593,89.0451,385.8371,393.2513,0.02094515,0.02134763,0.00104726,61.4044,58.8961,1.6923,3.9211,2.3412,149.7667,2.3171,62.6970,60.9962,41.8926,42.3384,83.4468,160.8553,162.3351,164.1988,42.3384,-2.2539,3.834227,3.878245,1.450322,20,49,61,3,0.24505223,0.02618144,0.00901077,0E-8,0.000000,0.911194,0.000000,0.02274419,2026-03-22,2026-08-06,123,206,194,138,0.891304,1.027884,1.021051,0.816841,,,,,,,,GLOBAL_BASELINE_NO_ENTITY_RANKING,,,NOT_APPLICABLE_GLOBAL_BASELINE,HF9g-P5,,,,X 全窗基线 · 不参与实体赏罚,8393347,840,A168_HF9F_20260827_0900,2026-08-27 09:00:00
2026-04-18,97284850,1401,0,162.3334614084,-162.3334614084,-162.3334614084,0E-7,1,1,0.49324550000000000,0.493245500000,-0.9865810262130424,-0.9865810262130424,-0.9865810262130424,0E-17,ELIGIBLE,R03b_20260811_FULL_v1,L1_ELIGIBILITY,v2026-08-11,2026-03-21..2026-08-06,baccarat_bet02_101_all_pairs_incl_sentinel,round_win = game_pnl > 0 (decisive only),COMPATIBILITY_ONLY_NOT_PRODUCTION,18421.3072,16785.3789,482.2964,300,285,-0.02618144,-0.00901077,-0.03175496,-0.02618144,-482.2964,18421.3072,OK,0.0000,19.2919,4.0000,96.0000,AG03-UNRESOLVED,ALL5_LEVELS_bet23_to_bet27,19.2919,19.2919,19.2919,19.2919,19.2919,4.000000,4.000000,4.000000,4.000000,4.000000,96.000000,96.000000,96.000000,96.000000,96.000000,5.0,96.4593,89.0451,385.8371,393.2513,PENDING_AG03,FALSE,NOT_FOR_ENFORCEMENT,463.0045,16113.9638,482.2964,463.0045,19.2919,0.02618144,0.02513418,19.2919,463.0045,0.02513418,19.2919,19.2919,19.2919,19.2919,19.2919,463.0045,0.02513418,96.4593,89.0451,385.8371,393.2513,0.02094515,0.02134763,0.00104726,61.4044,58.8961,1.6923,3.9211,2.3412,149.7667,2.3171,62.6970,60.9962,41.8926,42.3384,83.4468,160.8553,162.3351,164.1988,42.3384,-2.2539,3.834227,3.878245,1.450322,20,49,61,3,0.24505223,0.02618144,0.00901077,0E-8,0.000000,0.911194,0.000000,0.02274419,2026-03-22,2026-08-06,123,206,194,138,0.891304,1.027884,1.021051,0.816841,,,,,,,,GLOBAL_BASELINE_NO_ENTITY_RANKING,,,NOT_APPLICABLE_GLOBAL_BASELINE,HF9g-P5,,,,X 全窗基线 · 不参与实体赏罚,8393348,840,A168_HF9F_20260827_0900,2026-08-27 09:00:00
2026-04-18,97284850,2145,0,42.6916774217,-42.6916774217,-42.6916774217,0E-7,1,1,0.50665070000000000,0.506650700000,-1.013391052207602,-1.013391052207602,-1.013391052207602,0E-17,ELIGIBLE,R03b_20260811_FULL_v1,L1_ELIGIBILITY,v2026-08-11,2026-03-21..2026-08-06,baccarat_bet02_101_all_pairs_incl_sentinel,round_win = game_pnl > 0 (decisive only),COMPATIBILITY_ONLY_NOT_PRODUCTION,18421.3072,16785.3789,482.2964,300,285,-0.02618144,-0.00901077,-0.03175496,-0.02618144,-482.2964,18421.3072,OK,0.0000,19.2919,4.0000,96.0000,AG03-UNRESOLVED,ALL5_LEVELS_bet23_to_bet27,19.2919,19.2919,19.2919,19.2919,19.2919,4.000000,4.000000,4.000000,4.000000,4.000000,96.000000,96.000000,96.000000,96.000000,96.000000,5.0,96.4593,89.0451,385.8371,393.2513,PENDING_AG03,FALSE,NOT_FOR_ENFORCEMENT,463.0045,16113.9638,482.2964,463.0045,19.2919,0.02618144,0.02513418,19.2919,463.0045,0.02513418,19.2919,19.2919,19.2919,19.2919,19.2919,463.0045,0.02513418,96.4593,89.0451,385.8371,393.2513,0.02094515,0.02134763,0.00104726,61.4044,58.8961,1.6923,3.9211,2.3412,149.7667,2.3171,62.6970,60.9962,41.8926,42.3384,83.4468,160.8553,162.3351,164.1988,42.3384,-2.2539,3.834227,3.878245,1.450322,20,49,61,3,0.24505223,0.02618144,0.00901077,0E-8,0.000000,0.911194,0.000000,0.02274419,2026-03-22,2026-08-06,123,206,194,138,0.891304,1.027884,1.021051,0.816841,,,,,,,,GLOBAL_BASELINE_NO_ENTITY_RANKING,,,NOT_APPLICABLE_GLOBAL_BASELINE,HF9g-P5,,,,X 全窗基线 · 不参与实体赏罚,8393349,840,A168_HF9F_20260827_0900,2026-08-27 09:00:00
2026-04-20,97284850,1400,0,42.6916774217,-42.6916774217,-42.6916774217,0E-7,1,1,0.50665070000000000,0.506650700000,-1.013391052207602,-1.013391052207602,-1.013391052207602,0E-17,ELIGIBLE,R03b_20260811_FULL_v1,L1_ELIGIBILITY,v2026-08-11,2026-03-21..2026-08-06,baccarat_bet02_101_all_pairs_incl_sentinel,round_win = game_pnl > 0 (decisive only),COMPATIBILITY_ONLY_NOT_PRODUCTION,18421.3072,16785.3789,482.2964,300,285,-0.02618144,-0.00901077,-0.03175496,-0.02618144,-482.2964,18421.3072,OK,0.0000,19.2919,4.0000,96.0000,AG03-UNRESOLVED,ALL5_LEVELS_bet23_to_bet27,19.2919,19.2919,19.2919,19.2919,19.2919,4.000000,4.000000,4.000000,4.000000,4.000000,96.000000,96.000000,96.000000,96.000000,96.000000,5.0,96.4593,89.0451,385.8371,393.2513,PENDING_AG03,FALSE,NOT_FOR_ENFORCEMENT,463.0045,16113.9638,482.2964,463.0045,19.2919,0.02618144,0.02513418,19.2919,463.0045,0.02513418,19.2919,19.2919,19.2919,19.2919,19.2919,463.0045,0.02513418,96.4593,89.0451,385.8371,393.2513,0.02094515,0.02134763,0.00104726,61.4044,58.8961,1.6923,3.9211,2.3412,149.7667,2.3171,62.6970,60.9962,41.8926,42.3384,83.4468,160.8553,162.3351,164.1988,42.3384,-2.2539,3.834227,3.878245,1.450322,20,49,61,3,0.24505223,0.02618144,0.00901077,0E-8,0.000000,0.911194,0.000000,0.02274419,2026-03-22,2026-08-06,123,206,194,138,0.891304,1.027884,1.021051,0.816841,,,,,,,,GLOBAL_BASELINE_NO_ENTITY_RANKING,,,NOT_APPLICABLE_GLOBAL_BASELINE,HF9g-P5,,,,X 全窗基线 · 不参与实体赏罚,8393350,840,A168_HF9F_20260827_0900,2026-08-27 09:00:00
2026-04-21,97284850,2235,0,166.4975419446,-166.4975419446,-166.4975419446,0E-7,2,2,0.30062675000000000,0.300626750000,-0.9272018728036208,-0.9272018728036208,-0.9272018728036208,0E-17,ELIGIBLE,R03b_20260811_FULL_v1,L1_ELIGIBILITY,v2026-08-11,2026-03-21..2026-08-06,baccarat_bet02_101_all_pairs_incl_sentinel,round_win = game_pnl > 0 (decisive only),COMPATIBILITY_ONLY_NOT_PRODUCTION,18421.3072,16785.3789,482.2964,300,285,-0.02618144,-0.00901077,-0.03175496,-0.02618144,-482.2964,18421.3072,OK,0.0000,19.2919,4.0000,96.0000,AG03-UNRESOLVED,ALL5_LEVELS_bet23_to_bet27,19.2919,19.2919,19.2919,19.2919,19.2919,4.000000,4.000000,4.000000,4.000000,4.000000,96.000000,96.000000,96.000000,96.000000,96.000000,5.0,96.4593,89.0451,385.8371,393.2513,PENDING_AG03,FALSE,NOT_FOR_ENFORCEMENT,463.0045,16113.9638,482.2964,463.0045,19.2919,0.02618144,0.02513418,19.2919,463.0045,0.02513418,19.2919,19.2919,19.2919,19.2919,19.2919,463.0045,0.02513418,96.4593,89.0451,385.8371,393.2513,0.02094515,0.02134763,0.00104726,61.4044,58.8961,1.6923,3.9211,2.3412,149.7667,2.3171,62.6970,60.9962,41.8926,42.3384,83.4468,160.8553,162.3351,164.1988,42.3384,-2.2539,3.834227,3.878245,1.450322,20,49,61,3,0.24505223,0.02618144,0.00901077,0E-8,0.000000,0.911194,0.000000,0.02274419,2026-03-22,2026-08-06,123,206,194,138,0.891304,1.027884,1.021051,0.816841,,,,,,,,GLOBAL_BASELINE_NO_ENTITY_RANKING,,,NOT_APPLICABLE_GLOBAL_BASELINE,HF9g-P5,,,,X 全窗基线 · 不参与实体赏罚,8393351,840,A168_HF9F_20260827_0900,2026-08-27 09:00:00
2026-04-21,97284850,2252,0,125.9404483940,123.8058645229,123.8058645229,1.0000000,2,2,0.49994810000000000,0.499948100000,1.4143603653603398,1.4143603653603398,1.4143603653603398,0E-17,ELIGIBLE,R03b_20260811_FULL_v1,L1_ELIGIBILITY,v2026-08-11,2026-03-21..2026-08-06,baccarat_bet02_101_all_pairs_incl_sentinel,round_win = game_pnl > 0 (decisive only),COMPATIBILITY_ONLY_NOT_PRODUCTION,18421.3072,16785.3789,482.2964,300,285,-0.02618144,-0.00901077,-0.03175496,-0.02618144,-482.2964,18421.3072,OK,0.0000,19.2919,4.0000,96.0000,AG03-UNRESOLVED,ALL5_LEVELS_bet23_to_bet27,19.2919,19.2919,19.2919,19.2919,19.2919,4.000000,4.000000,4.000000,4.000000,4.000000,96.000000,96.000000,96.000000,96.000000,96.000000,5.0,96.4593,89.0451,385.8371,393.2513,PENDING_AG03,FALSE,NOT_FOR_ENFORCEMENT,463.0045,16113.9638,482.2964,463.0045,19.2919,0.02618144,0.02513418,19.2919,463.0045,0.02513418,19.2919,19.2919,19.2919,19.2919,19.2919,463.0045,0.02513418,96.4593,89.0451,385.8371,393.2513,0.02094515,0.02134763,0.00104726,61.4044,58.8961,1.6923,3.9211,2.3412,149.7667,2.3171,62.6970,60.9962,41.8926,42.3384,83.4468,160.8553,162.3351,164.1988,42.3384,-2.2539,3.834227,3.878245,1.450322,20,49,61,3,0.24505223,0.02618144,0.00901077,0E-8,0.000000,0.911194,0.000000,0.02274419,2026-03-22,2026-08-06,123,206,194,138,0.891304,1.027884,1.021051,0.816841,,,,,,,,GLOBAL_BASELINE_NO_ENTITY_RANKING,,,NOT_APPLICABLE_GLOBAL_BASELINE,HF9g-P5,,,,X 全窗基线 · 不参与实体赏罚,8393352,840,A168_HF9F_20260827_0900,2026-08-27 09:00:00
2026-04-22,97284850,2235,0,42.6916774217,-42.6916774217,-42.6916774217,0E-7,1,1,0.49324550000000000,0.493245500000,-0.9865810262130424,-0.9865810262130424,-0.9865810262130424,0E-17,ELIGIBLE,R03b_20260811_FULL_v1,L1_ELIGIBILITY,v2026-08-11,2026-03-21..2026-08-06,baccarat_bet02_101_all_pairs_incl_sentinel,round_win = game_pnl > 0 (decisive only),COMPATIBILITY_ONLY_NOT_PRODUCTION,18421.3072,16785.3789,482.2964,300,285,-0.02618144,-0.00901077,-0.03175496,-0.02618144,-482.2964,18421.3072,OK,0.0000,19.2919,4.0000,96.0000,AG03-UNRESOLVED,ALL5_LEVELS_bet23_to_bet27,19.2919,19.2919,19.2919,19.2919,19.2919,4.000000,4.000000,4.000000,4.000000,4.000000,96.000000,96.000000,96.000000,96.000000,96.000000,5.0,96.4593,89.0451,385.8371,393.2513,PENDING_AG03,FALSE,NOT_FOR_ENFORCEMENT,463.0045,16113.9638,482.2964,463.0045,19.2919,0.02618144,0.02513418,19.2919,463.0045,0.02513418,19.2919,19.2919,19.2919,19.2919,19.2919,463.0045,0.02513418,96.4593,89.0451,385.8371,393.2513,0.02094515,0.02134763,0.00104726,61.4044,58.8961,1.6923,3.9211,2.3412,149.7667,2.3171,62.6970,60.9962,41.8926,42.3384,83.4468,160.8553,162.3351,164.1988,42.3384,-2.2539,3.834227,3.878245,1.450322,20,49,61,3,0.24505223,0.02618144,0.00901077,0E-8,0.000000,0.911194,0.000000,0.02274419,2026-03-22,2026-08-06,123,206,194,138,0.891304,1.027884,1.021051,0.816841,,,,,,,,GLOBAL_BASELINE_NO_ENTITY_RANKING,,,NOT_APPLICABLE_GLOBAL_BASELINE,HF9g-P5,,,,X 全窗基线 · 不参与实体赏罚,8393353,840,A168_HF9F_20260827_0900,2026-08-27 09:00:00
2026-04-23,97284850,1318,0,85.3833548434,-85.3833548434,-85.3833548434,0E-7,1,1,0.49324550000000000,0.493245500000,-0.9865810262130424,-0.9865810262130424,-0.9865810262130424,0E-17,ELIGIBLE,R03b_20260811_FULL_v1,L1_ELIGIBILITY,v2026-08-11,2026-03-21..2026-08-06,baccarat_bet02_101_all_pairs_incl_sentinel,round_win = game_pnl > 0 (decisive only),COMPATIBILITY_ONLY_NOT_PRODUCTION,18421.3072,16785.3789,482.2964,300,285,-0.02618144,-0.00901077,-0.03175496,-0.02618144,-482.2964,18421.3072,OK,0.0000,19.2919,4.0000,96.0000,AG03-UNRESOLVED,ALL5_LEVELS_bet23_to_bet27,19.2919,19.2919,19.2919,19.2919,19.2919,4.000000,4.000000,4.000000,4.000000,4.000000,96.000000,96.000000,96.000000,96.000000,96.000000,5.0,96.4593,89.0451,385.8371,393.2513,PENDING_AG03,FALSE,NOT_FOR_ENFORCEMENT,463.0045,16113.9638,482.2964,463.0045,19.2919,0.02618144,0.02513418,19.2919,463.0045,0.02513418,19.2919,19.2919,19.2919,19.2919,19.2919,463.0045,0.02513418,96.4593,89.0451,385.8371,393.2513,0.02094515,0.02134763,0.00104726,61.4044,58.8961,1.6923,3.9211,2.3412,149.7667,2.3171,62.6970,60.9962,41.8926,42.3384,83.4468,160.8553,162.3351,164.1988,42.3384,-2.2539,3.834227,3.878245,1.450322,20,49,61,3,0.24505223,0.02618144,0.00901077,0E-8,0.000000,0.911194,0.000000,0.02274419,2026-03-22,2026-08-06,123,206,194,138,0.891304,1.027884,1.021051,0.816841,,,,,,,,GLOBAL_BASELINE_NO_ENTITY_RANKING,,,NOT_APPLICABLE_GLOBAL_BASELINE,HF9g-P5,,,,X 全窗基线 · 不参与实体赏罚,8393354,840,A168_HF9F_20260827_0900,2026-08-27 09:00:00
2026-04-23,97284850,2235,0,42.6916774217,42.6916774217,42.6916774217,1.0000000,1,1,0.49324550000000000,0.493245500000,1.01360149184955,1.01360149184955,1.01360149184955,0E-17,ELIGIBLE,R03b_20260811_FULL_v1,L1_ELIGIBILITY,v2026-08-11,2026-03-21..2026-08-06,baccarat_bet02_101_all_pairs_incl_sentinel,round_win = game_pnl > 0 (decisive only),COMPATIBILITY_ONLY_NOT_PRODUCTION,18421.3072,16785.3789,482.2964,300,285,-0.02618144,-0.00901077,-0.03175496,-0.02618144,-482.2964,18421.3072,OK,0.0000,19.2919,4.0000,96.0000,AG03-UNRESOLVED,ALL5_LEVELS_bet23_to_bet27,19.2919,19.2919,19.2919,19.2919,19.2919,4.000000,4.000000,4.000000,4.000000,4.000000,96.000000,96.000000,96.000000,96.000000,96.000000,5.0,96.4593,89.0451,385.8371,393.2513,PENDING_AG03,FALSE,NOT_FOR_ENFORCEMENT,463.0045,16113.9638,482.2964,463.0045,19.2919,0.02618144,0.02513418,19.2919,463.0045,0.02513418,19.2919,19.2919,19.2919,19.2919,19.2919,463.0045,0.02513418,96.4593,89.0451,385.8371,393.2513,0.02094515,0.02134763,0.00104726,61.4044,58.8961,1.6923,3.9211,2.3412,149.7667,2.3171,62.6970,60.9962,41.8926,42.3384,83.4468,160.8553,162.3351,164.1988,42.3384,-2.2539,3.834227,3.878245,1.450322,20,49,61,3,0.24505223,0.02618144,0.00901077,0E-8,0.000000,0.911194,0.000000,0.02274419,2026-03-22,2026-08-06,123,206,194,138,0.891304,1.027884,1.021051,0.816841,,,,,,,,GLOBAL_BASELINE_NO_ENTITY_RANKING,,,NOT_APPLICABLE_GLOBAL_BASELINE,HF9g-P5,,,,X 全窗基线 · 不参与实体赏罚,8393355,840,A168_HF9F_20260827_0900,2026-08-27 09:00:00
2026-04-24,97284850,1318,0,42.6916774217,42.6916774217,42.6916774217,1.0000000,1,1,0.49324550000000000,0.493245500000,1.01360149184955,1.01360149184955,1.01360149184955,0E-17,ELIGIBLE,R03b_20260811_FULL_v1,L1_ELIGIBILITY,v2026-08-11,2026-03-21..2026-08-06,baccarat_bet02_101_all_pairs_incl_sentinel,round_win = game_pnl > 0 (decisive only),COMPATIBILITY_ONLY_NOT_PRODUCTION,18421.3072,16785.3789,482.2964,300,285,-0.02618144,-0.00901077,-0.03175496,-0.02618144,-482.2964,18421.3072,OK,0.0000,19.2919,4.0000,96.0000,AG03-UNRESOLVED,ALL5_LEVELS_bet23_to_bet27,19.2919,19.2919,19.2919,19.2919,19.2919,4.000000,4.000000,4.000000,4.000000,4.000000,96.000000,96.000000,96.000000,96.000000,96.000000,5.0,96.4593,89.0451,385.8371,393.2513,PENDING_AG03,FALSE,NOT_FOR_ENFORCEMENT,463.0045,16113.9638,482.2964,463.0045,19.2919,0.02618144,0.02513418,19.2919,463.0045,0.02513418,19.2919,19.2919,19.2919,19.2919,19.2919,463.0045,0.02513418,96.4593,89.0451,385.8371,393.2513,0.02094515,0.02134763,0.00104726,61.4044,58.8961,1.6923,3.9211,2.3412,149.7667,2.3171,62.6970,60.9962,41.8926,42.3384,83.4468,160.8553,162.3351,164.1988,42.3384,-2.2539,3.834227,3.878245,1.450322,20,49,61,3,0.24505223,0.02618144,0.00901077,0E-8,0.000000,0.911194,0.000000,0.02274419,2026-03-22,2026-08-06,123,206,194,138,0.891304,1.027884,1.021051,0.816841,,,,,,,,GLOBAL_BASELINE_NO_ENTITY_RANKING,,,NOT_APPLICABLE_GLOBAL_BASELINE,HF9g-P5,,,,X 全窗基线 · 不参与实体赏罚,8393356,840,A168_HF9F_20260827_0900,2026-08-27 09:00:00
2026-04-24,97284850,1505,0,251.8808967880,-251.8808967880,-251.8808967880,0E-7,3,2,0.49049352869822344,0.393584825000,-1.387576022558436,-1.1393289695942557,-1.387576022558436,0.09690870369822344,ELIGIBLE,R03b_20260811_FULL_v1,L1_ELIGIBILITY,v2026-08-11,2026-03-21..2026-08-06,baccarat_bet02_101_all_pairs_incl_sentinel,round_win = game_pnl > 0 (decisive only),COMPATIBILITY_ONLY_NOT_PRODUCTION,18421.3072,16785.3789,482.2964,300,285,-0.02618144,-0.00901077,-0.03175496,-0.02618144,-482.2964,18421.3072,OK,0.0000,19.2919,4.0000,96.0000,AG03-UNRESOLVED,ALL5_LEVELS_bet23_to_bet27,19.2919,19.2919,19.2919,19.2919,19.2919,4.000000,4.000000,4.000000,4.000000,4.000000,96.000000,96.000000,96.000000,96.000000,96.000000,5.0,96.4593,89.0451,385.8371,393.2513,PENDING_AG03,FALSE,NOT_FOR_ENFORCEMENT,463.0045,16113.9638,482.2964,463.0045,19.2919,0.02618144,0.02513418,19.2919,463.0045,0.02513418,19.2919,19.2919,19.2919,19.2919,19.2919,463.0045,0.02513418,96.4593,89.0451,385.8371,393.2513,0.02094515,0.02134763,0.00104726,61.4044,58.8961,1.6923,3.9211,2.3412,149.7667,2.3171,62.6970,60.9962,41.8926,42.3384,83.4468,160.8553,162.3351,164.1988,42.3384,-2.2539,3.834227,3.878245,1.450322,20,49,61,3,0.24505223,0.02618144,0.00901077,0E-8,0.000000,0.911194,0.000000,0.02274419,2026-03-22,2026-08-06,123,206,194,138,0.891304,1.027884,1.021051,0.816841,,,,,,,,GLOBAL_BASELINE_NO_ENTITY_RANKING,,,NOT_APPLICABLE_GLOBAL_BASELINE,HF9g-P5,,,,X 全窗基线 · 不参与实体赏罚,8393357,840,A168_HF9F_20260827_0900,2026-08-27 09:00:00
2026-04-24,97284850,2141,0,85.3833548434,81.1141871012,81.1141871012,1.0000000,1,1,0.50665070000000000,0.506650700000,0.9867858985152569,0.9867858985152569,0.9867858985152569,0E-17,ELIGIBLE,R03b_20260811_FULL_v1,L1_ELIGIBILITY,v2026-08-11,2026-03-21..2026-08-06,baccarat_bet02_101_all_pairs_incl_sentinel,round_win = game_pnl > 0 (decisive only),COMPATIBILITY_ONLY_NOT_PRODUCTION,18421.3072,16785.3789,482.2964,300,285,-0.02618144,-0.00901077,-0.03175496,-0.02618144,-482.2964,18421.3072,OK,0.0000,19.2919,4.0000,96.0000,AG03-UNRESOLVED,ALL5_LEVELS_bet23_to_bet27,19.2919,19.2919,19.2919,19.2919,19.2919,4.000000,4.000000,4.000000,4.000000,4.000000,96.000000,96.000000,96.000000,96.000000,96.000000,5.0,96.4593,89.0451,385.8371,393.2513,PENDING_AG03,FALSE,NOT_FOR_ENFORCEMENT,463.0045,16113.9638,482.2964,463.0045,19.2919,0.02618144,0.02513418,19.2919,463.0045,0.02513418,19.2919,19.2919,19.2919,19.2919,19.2919,463.0045,0.02513418,96.4593,89.0451,385.8371,393.2513,0.02094515,0.02134763,0.00104726,61.4044,58.8961,1.6923,3.9211,2.3412,149.7667,2.3171,62.6970,60.9962,41.8926,42.3384,83.4468,160.8553,162.3351,164.1988,42.3384,-2.2539,3.834227,3.878245,1.450322,20,49,61,3,0.24505223,0.02618144,0.00901077,0E-8,0.000000,0.911194,0.000000,0.02274419,2026-03-22,2026-08-06,123,206,194,138,0.891304,1.027884,1.021051,0.816841,,,,,,,,GLOBAL_BASELINE_NO_ENTITY_RANKING,,,NOT_APPLICABLE_GLOBAL_BASELINE,HF9g-P5,,,,X 全窗基线 · 不参与实体赏罚,8393358,840,A168_HF9F_20260827_0900,2026-08-27 09:00:00
2026-04-24,97284850,2145,0,42.6916774217,42.6916774217,42.6916774217,1.0000000,1,1,0.49324550000000000,0.493245500000,1.01360149184955,1.01360149184955,1.01360149184955,0E-17,ELIGIBLE,R03b_20260811_FULL_v1,L1_ELIGIBILITY,v2026-08-11,2026-03-21..2026-08-06,baccarat_bet02_101_all_pairs_incl_sentinel,round_win = game_pnl > 0 (decisive only),COMPATIBILITY_ONLY_NOT_PRODUCTION,18421.3072,16785.3789,482.2964,300,285,-0.02618144,-0.00901077,-0.03175496,-0.02618144,-482.2964,18421.3072,OK,0.0000,19.2919,4.0000,96.0000,AG03-UNRESOLVED,ALL5_LEVELS_bet23_to_bet27,19.2919,19.2919,19.2919,19.2919,19.2919,4.000000,4.000000,4.000000,4.000000,4.000000,96.000000,96.000000,96.000000,96.000000,96.000000,5.0,96.4593,89.0451,385.8371,393.2513,PENDING_AG03,FALSE,NOT_FOR_ENFORCEMENT,463.0045,16113.9638,482.2964,463.0045,19.2919,0.02618144,0.02513418,19.2919,463.0045,0.02513418,19.2919,19.2919,19.2919,19.2919,19.2919,463.0045,0.02513418,96.4593,89.0451,385.8371,393.2513,0.02094515,0.02134763,0.00104726,61.4044,58.8961,1.6923,3.9211,2.3412,149.7667,2.3171,62.6970,60.9962,41.8926,42.3384,83.4468,160.8553,162.3351,164.1988,42.3384,-2.2539,3.834227,3.878245,1.450322,20,49,61,3,0.24505223,0.02618144,0.00901077,0E-8,0.000000,0.911194,0.000000,0.02274419,2026-03-22,2026-08-06,123,206,194,138,0.891304,1.027884,1.021051,0.816841,,,,,,,,GLOBAL_BASELINE_NO_ENTITY_RANKING,,,NOT_APPLICABLE_GLOBAL_BASELINE,HF9g-P5,,,,X 全窗基线 · 不参与实体赏罚,8393359,840,A168_HF9F_20260827_0900,2026-08-27 09:00:00
2026-04-25,97284850,1318,0,42.6916774217,-42.6916774217,-42.6916774217,0E-7,1,1,0.49324550000000000,0.493245500000,-0.9865810262130424,-0.9865810262130424,-0.9865810262130424,0E-17,ELIGIBLE,R03b_20260811_FULL_v1,L1_ELIGIBILITY,v2026-08-11,2026-03-21..2026-08-06,baccarat_bet02_101_all_pairs_incl_sentinel,round_win = game_pnl > 0 (decisive only),COMPATIBILITY_ONLY_NOT_PRODUCTION,18421.3072,16785.3789,482.2964,300,285,-0.02618144,-0.00901077,-0.03175496,-0.02618144,-482.2964,18421.3072,OK,0.0000,19.2919,4.0000,96.0000,AG03-UNRESOLVED,ALL5_LEVELS_bet23_to_bet27,19.2919,19.2919,19.2919,19.2919,19.2919,4.000000,4.000000,4.000000,4.000000,4.000000,96.000000,96.000000,96.000000,96.000000,96.000000,5.0,96.4593,89.0451,385.8371,393.2513,PENDING_AG03,FALSE,NOT_FOR_ENFORCEMENT,463.0045,16113.9638,482.2964,463.0045,19.2919,0.02618144,0.02513418,19.2919,463.0045,0.02513418,19.2919,19.2919,19.2919,19.2919,19.2919,463.0045,0.02513418,96.4593,89.0451,385.8371,393.2513,0.02094515,0.02134763,0.00104726,61.4044,58.8961,1.6923,3.9211,2.3412,149.7667,2.3171,62.6970,60.9962,41.8926,42.3384,83.4468,160.8553,162.3351,164.1988,42.3384,-2.2539,3.834227,3.878245,1.450322,20,49,61,3,0.24505223,0.02618144,0.00901077,0E-8,0.000000,0.911194,0.000000,0.02274419,2026-03-22,2026-08-06,123,206,194,138,0.891304,1.027884,1.021051,0.816841,,,,,,,,GLOBAL_BASELINE_NO_ENTITY_RANKING,,,NOT_APPLICABLE_GLOBAL_BASELINE,HF9g-P5,,,,X 全窗基线 · 不参与实体赏罚,8393360,840,A168_HF9F_20260827_0900,2026-08-27 09:00:00
2026-04-26,97284850,1331,0,42.6916774217,-42.6916774217,-42.6916774217,0E-7,1,1,0.50665070000000000,0.506650700000,-1.013391052207602,-1.013391052207602,-1.013391052207602,0E-17,ELIGIBLE,R03b_20260811_FULL_v1,L1_ELIGIBILITY,v2026-08-11,2026-03-21..2026-08-06,baccarat_bet02_101_all_pairs_incl_sentinel,round_win = game_pnl > 0 (decisive only),COMPATIBILITY_ONLY_NOT_PRODUCTION,18421.3072,16785.3789,482.2964,300,285,-0.02618144,-0.00901077,-0.03175496,-0.02618144,-482.2964,18421.3072,OK,0.0000,19.2919,4.0000,96.0000,AG03-UNRESOLVED,ALL5_LEVELS_bet23_to_bet27,19.2919,19.2919,19.2919,19.2919,19.2919,4.000000,4.000000,4.000000,4.000000,4.000000,96.000000,96.000000,96.000000,96.000000,96.000000,5.0,96.4593,89.0451,385.8371,393.2513,PENDING_AG03,FALSE,NOT_FOR_ENFORCEMENT,463.0045,16113.9638,482.2964,463.0045,19.2919,0.02618144,0.02513418,19.2919,463.0045,0.02513418,19.2919,19.2919,19.2919,19.2919,19.2919,463.0045,0.02513418,96.4593,89.0451,385.8371,393.2513,0.02094515,0.02134763,0.00104726,61.4044,58.8961,1.6923,3.9211,2.3412,149.7667,2.3171,62.6970,60.9962,41.8926,42.3384,83.4468,160.8553,162.3351,164.1988,42.3384,-2.2539,3.834227,3.878245,1.450322,20,49,61,3,0.24505223,0.02618144,0.00901077,0E-8,0.000000,0.911194,0.000000,0.02274419,2026-03-22,2026-08-06,123,206,194,138,0.891304,1.027884,1.021051,0.816841,,,,,,,,GLOBAL_BASELINE_NO_ENTITY_RANKING,,,NOT_APPLICABLE_GLOBAL_BASELINE,HF9g-P5,,,,X 全窗基线 · 不参与实体赏罚,8393361,840,A168_HF9F_20260827_0900,2026-08-27 09:00:00
2026-04-26,97284850,1505,0,65.6795037256,-32.8397518628,-32.8397518628,0E-7,2,2,0.49324550000000000,0.493245500000,-0.9865810262130424,-0.9865810262130424,-0.9865810262130424,0E-17,ELIGIBLE,R03b_20260811_FULL_v1,L1_ELIGIBILITY,v2026-08-11,2026-03-21..2026-08-06,baccarat_bet02_101_all_pairs_incl_sentinel,round_win = game_pnl > 0 (decisive only),COMPATIBILITY_ONLY_NOT_PRODUCTION,18421.3072,16785.3789,482.2964,300,285,-0.02618144,-0.00901077,-0.03175496,-0.02618144,-482.2964,18421.3072,OK,0.0000,19.2919,4.0000,96.0000,AG03-UNRESOLVED,ALL5_LEVELS_bet23_to_bet27,19.2919,19.2919,19.2919,19.2919,19.2919,4.000000,4.000000,4.000000,4.000000,4.000000,96.000000,96.000000,96.000000,96.000000,96.000000,5.0,96.4593,89.0451,385.8371,393.2513,PENDING_AG03,FALSE,NOT_FOR_ENFORCEMENT,463.0045,16113.9638,482.2964,463.0045,19.2919,0.02618144,0.02513418,19.2919,463.0045,0.02513418,19.2919,19.2919,19.2919,19.2919,19.2919,463.0045,0.02513418,96.4593,89.0451,385.8371,393.2513,0.02094515,0.02134763,0.00104726,61.4044,58.8961,1.6923,3.9211,2.3412,149.7667,2.3171,62.6970,60.9962,41.8926,42.3384,83.4468,160.8553,162.3351,164.1988,42.3384,-2.2539,3.834227,3.878245,1.450322,20,49,61,3,0.24505223,0.02618144,0.00901077,0E-8,0.000000,0.911194,0.000000,0.02274419,2026-03-22,2026-08-06,123,206,194,138,0.891304,1.027884,1.021051,0.816841,,,,,,,,GLOBAL_BASELINE_NO_ENTITY_RANKING,,,NOT_APPLICABLE_GLOBAL_BASELINE,HF9g-P5,,,,X 全窗基线 · 不参与实体赏罚,8393362,840,A168_HF9F_20260827_0900,2026-08-27 09:00:00
2026-04-28,97284850,1505,0,165.8407469073,154.3468337554,154.3468337554,1.0000000,2,1,0.50257101782188550,0.300626750000,0.9948711169032554,1.5252488199758223,0.9948711169032554,0.20194426782188550,ELIGIBLE,R03b_20260811_FULL_v1,L1_ELIGIBILITY,v2026-08-11,2026-03-21..2026-08-06,baccarat_bet02_101_all_pairs_incl_sentinel,round_win = game_pnl > 0 (decisive only),COMPATIBILITY_ONLY_NOT_PRODUCTION,18421.3072,16785.3789,482.2964,300,285,-0.02618144,-0.00901077,-0.03175496,-0.02618144,-482.2964,18421.3072,OK,0.0000,19.2919,4.0000,96.0000,AG03-UNRESOLVED,ALL5_LEVELS_bet23_to_bet27,19.2919,19.2919,19.2919,19.2919,19.2919,4.000000,4.000000,4.000000,4.000000,4.000000,96.000000,96.000000,96.000000,96.000000,96.000000,5.0,96.4593,89.0451,385.8371,393.2513,PENDING_AG03,FALSE,NOT_FOR_ENFORCEMENT,463.0045,16113.9638,482.2964,463.0045,19.2919,0.02618144,0.02513418,19.2919,463.0045,0.02513418,19.2919,19.2919,19.2919,19.2919,19.2919,463.0045,0.02513418,96.4593,89.0451,385.8371,393.2513,0.02094515,0.02134763,0.00104726,61.4044,58.8961,1.6923,3.9211,2.3412,149.7667,2.3171,62.6970,60.9962,41.8926,42.3384,83.4468,160.8553,162.3351,164.1988,42.3384,-2.2539,3.834227,3.878245,1.450322,20,49,61,3,0.24505223,0.02618144,0.00901077,0E-8,0.000000,0.911194,0.000000,0.02274419,2026-03-22,2026-08-06,123,206,194,138,0.891304,1.027884,1.021051,0.816841,,,,,,,,GLOBAL_BASELINE_NO_ENTITY_RANKING,,,NOT_APPLICABLE_GLOBAL_BASELINE,HF9g-P5,,,,X 全窗基线 · 不参与实体赏罚,8393363,840,A168_HF9F_20260827_0900,2026-08-27 09:00:00
2026-04-28,97284850,2103,0,42.6916774217,40.5570935506,40.5570935506,1.0000000,1,1,0.50665070000000000,0.506650700000,0.9867858985152569,0.9867858985152569,0.9867858985152569,0E-17,ELIGIBLE,R03b_20260811_FULL_v1,L1_ELIGIBILITY,v2026-08-11,2026-03-21..2026-08-06,baccarat_bet02_101_all_pairs_incl_sentinel,round_win = game_pnl > 0 (decisive only),COMPATIBILITY_ONLY_NOT_PRODUCTION,18421.3072,16785.3789,482.2964,300,285,-0.02618144,-0.00901077,-0.03175496,-0.02618144,-482.2964,18421.3072,OK,0.0000,19.2919,4.0000,96.0000,AG03-UNRESOLVED,ALL5_LEVELS_bet23_to_bet27,19.2919,19.2919,19.2919,19.2919,19.2919,4.000000,4.000000,4.000000,4.000000,4.000000,96.000000,96.000000,96.000000,96.000000,96.000000,5.0,96.4593,89.0451,385.8371,393.2513,PENDING_AG03,FALSE,NOT_FOR_ENFORCEMENT,463.0045,16113.9638,482.2964,463.0045,19.2919,0.02618144,0.02513418,19.2919,463.0045,0.02513418,19.2919,19.2919,19.2919,19.2919,19.2919,463.0045,0.02513418,96.4593,89.0451,385.8371,393.2513,0.02094515,0.02134763,0.00104726,61.4044,58.8961,1.6923,3.9211,2.3412,149.7667,2.3171,62.6970,60.9962,41.8926,42.3384,83.4468,160.8553,162.3351,164.1988,42.3384,-2.2539,3.834227,3.878245,1.450322,20,49,61,3,0.24505223,0.02618144,0.00901077,0E-8,0.000000,0.911194,0.000000,0.02274419,2026-03-22,2026-08-06,123,206,194,138,0.891304,1.027884,1.021051,0.816841,,,,,,,,GLOBAL_BASELINE_NO_ENTITY_RANKING,,,NOT_APPLICABLE_GLOBAL_BASELINE,HF9g-P5,,,,X 全窗基线 · 不参与实体赏罚,8393364,840,A168_HF9F_20260827_0900,2026-08-27 09:00:00
2026-04-28,97284850,2251,0,211.3238032374,44.8262612928,44.8262612928,0.6666667,3,3,0.49771390000000000,0.497713900000,0.5852756695216578,0.5852756695216578,0.5852756695216578,0E-17,ELIGIBLE,R03b_20260811_FULL_v1,L1_ELIGIBILITY,v2026-08-11,2026-03-21..2026-08-06,baccarat_bet02_101_all_pairs_incl_sentinel,round_win = game_pnl > 0 (decisive only),COMPATIBILITY_ONLY_NOT_PRODUCTION,18421.3072,16785.3789,482.2964,300,285,-0.02618144,-0.00901077,-0.03175496,-0.02618144,-482.2964,18421.3072,OK,0.0000,19.2919,4.0000,96.0000,AG03-UNRESOLVED,ALL5_LEVELS_bet23_to_bet27,19.2919,19.2919,19.2919,19.2919,19.2919,4.000000,4.000000,4.000000,4.000000,4.000000,96.000000,96.000000,96.000000,96.000000,96.000000,5.0,96.4593,89.0451,385.8371,393.2513,PENDING_AG03,FALSE,NOT_FOR_ENFORCEMENT,463.0045,16113.9638,482.2964,463.0045,19.2919,0.02618144,0.02513418,19.2919,463.0045,0.02513418,19.2919,19.2919,19.2919,19.2919,19.2919,463.0045,0.02513418,96.4593,89.0451,385.8371,393.2513,0.02094515,0.02134763,0.00104726,61.4044,58.8961,1.6923,3.9211,2.3412,149.7667,2.3171,62.6970,60.9962,41.8926,42.3384,83.4468,160.8553,162.3351,164.1988,42.3384,-2.2539,3.834227,3.878245,1.450322,20,49,61,3,0.24505223,0.02618144,0.00901077,0E-8,0.000000,0.911194,0.000000,0.02274419,2026-03-22,2026-08-06,123,206,194,138,0.891304,1.027884,1.021051,0.816841,,,,,,,,GLOBAL_BASELINE_NO_ENTITY_RANKING,,,NOT_APPLICABLE_GLOBAL_BASELINE,HF9g-P5,,,,X 全窗基线 · 不参与实体赏罚,8393365,840,A168_HF9F_20260827_0900,2026-08-27 09:00:00
2026-04-29,97284850,1318,0,65.6795037256,-32.8397518628,-32.8397518628,0E-7,2,2,0.49324550000000000,0.493245500000,-0.9865810262130424,-0.9865810262130424,-0.9865810262130424,0E-17,ELIGIBLE,R03b_20260811_FULL_v1,L1_ELIGIBILITY,v2026-08-11,2026-03-21..2026-08-06,baccarat_bet02_101_all_pairs_incl_sentinel,round_win = game_pnl > 0 (decisive only),COMPATIBILITY_ONLY_NOT_PRODUCTION,18421.3072,16785.3789,482.2964,300,285,-0.02618144,-0.00901077,-0.03175496,-0.02618144,-482.2964,18421.3072,OK,0.0000,19.2919,4.0000,96.0000,AG03-UNRESOLVED,ALL5_LEVELS_bet23_to_bet27,19.2919,19.2919,19.2919,19.2919,19.2919,4.000000,4.000000,4.000000,4.000000,4.000000,96.000000,96.000000,96.000000,96.000000,96.000000,5.0,96.4593,89.0451,385.8371,393.2513,PENDING_AG03,FALSE,NOT_FOR_ENFORCEMENT,463.0045,16113.9638,482.2964,463.0045,19.2919,0.02618144,0.02513418,19.2919,463.0045,0.02513418,19.2919,19.2919,19.2919,19.2919,19.2919,463.0045,0.02513418,96.4593,89.0451,385.8371,393.2513,0.02094515,0.02134763,0.00104726,61.4044,58.8961,1.6923,3.9211,2.3412,149.7667,2.3171,62.6970,60.9962,41.8926,42.3384,83.4468,160.8553,162.3351,164.1988,42.3384,-2.2539,3.834227,3.878245,1.450322,20,49,61,3,0.24505223,0.02618144,0.00901077,0E-8,0.000000,0.911194,0.000000,0.02274419,2026-03-22,2026-08-06,123,206,194,138,0.891304,1.027884,1.021051,0.816841,,,,,,,,GLOBAL_BASELINE_NO_ENTITY_RANKING,,,NOT_APPLICABLE_GLOBAL_BASELINE,HF9g-P5,,,,X 全窗基线 · 不参与实体赏罚,8393366,840,A168_HF9F_20260827_0900,2026-08-27 09:00:00
2026-04-29,97284850,2145,0,42.6916774217,-42.6916774217,-42.6916774217,0E-7,1,1,0.50665070000000000,0.506650700000,-1.013391052207602,-1.013391052207602,-1.013391052207602,0E-17,ELIGIBLE,R03b_20260811_FULL_v1,L1_ELIGIBILITY,v2026-08-11,2026-03-21..2026-08-06,baccarat_bet02_101_all_pairs_incl_sentinel,round_win = game_pnl > 0 (decisive only),COMPATIBILITY_ONLY_NOT_PRODUCTION,18421.3072,16785.3789,482.2964,300,285,-0.02618144,-0.00901077,-0.03175496,-0.02618144,-482.2964,18421.3072,OK,0.0000,19.2919,4.0000,96.0000,AG03-UNRESOLVED,ALL5_LEVELS_bet23_to_bet27,19.2919,19.2919,19.2919,19.2919,19.2919,4.000000,4.000000,4.000000,4.000000,4.000000,96.000000,96.000000,96.000000,96.000000,96.000000,5.0,96.4593,89.0451,385.8371,393.2513,PENDING_AG03,FALSE,NOT_FOR_ENFORCEMENT,463.0045,16113.9638,482.2964,463.0045,19.2919,0.02618144,0.02513418,19.2919,463.0045,0.02513418,19.2919,19.2919,19.2919,19.2919,19.2919,463.0045,0.02513418,96.4593,89.0451,385.8371,393.2513,0.02094515,0.02134763,0.00104726,61.4044,58.8961,1.6923,3.9211,2.3412,149.7667,2.3171,62.6970,60.9962,41.8926,42.3384,83.4468,160.8553,162.3351,164.1988,42.3384,-2.2539,3.834227,3.878245,1.450322,20,49,61,3,0.24505223,0.02618144,0.00901077,0E-8,0.000000,0.911194,0.000000,0.02274419,2026-03-22,2026-08-06,123,206,194,138,0.891304,1.027884,1.021051,0.816841,,,,,,,,GLOBAL_BASELINE_NO_ENTITY_RANKING,,,NOT_APPLICABLE_GLOBAL_BASELINE,HF9g-P5,,,,X 全窗基线 · 不参与实体赏罚,8393367,840,A168_HF9F_20260827_0900,2026-08-27 09:00:00
2026-04-30,97284850,2123,0,229.8782630398,-32.8397518628,-32.8397518628,0.6666667,3,3,0.49324550000000000,0.493245500000,0.6008033672792107,0.6008033672792106,0.6008033672792107,0E-17,ELIGIBLE,R03b_20260811_FULL_v1,L1_ELIGIBILITY,v2026-08-11,2026-03-21..2026-08-06,baccarat_bet02_101_all_pairs_incl_sentinel,round_win = game_pnl > 0 (decisive only),COMPATIBILITY_ONLY_NOT_PRODUCTION,18421.3072,16785.3789,482.2964,300,285,-0.02618144,-0.00901077,-0.03175496,-0.02618144,-482.2964,18421.3072,OK,0.0000,19.2919,4.0000,96.0000,AG03-UNRESOLVED,ALL5_LEVELS_bet23_to_bet27,19.2919,19.2919,19.2919,19.2919,19.2919,4.000000,4.000000,4.000000,4.000000,4.000000,96.000000,96.000000,96.000000,96.000000,96.000000,5.0,96.4593,89.0451,385.8371,393.2513,PENDING_AG03,FALSE,NOT_FOR_ENFORCEMENT,463.0045,16113.9638,482.2964,463.0045,19.2919,0.02618144,0.02513418,19.2919,463.0045,0.02513418,19.2919,19.2919,19.2919,19.2919,19.2919,463.0045,0.02513418,96.4593,89.0451,385.8371,393.2513,0.02094515,0.02134763,0.00104726,61.4044,58.8961,1.6923,3.9211,2.3412,149.7667,2.3171,62.6970,60.9962,41.8926,42.3384,83.4468,160.8553,162.3351,164.1988,42.3384,-2.2539,3.834227,3.878245,1.450322,20,49,61,3,0.24505223,0.02618144,0.00901077,0E-8,0.000000,0.911194,0.000000,0.02274419,2026-03-22,2026-08-06,123,206,194,138,0.891304,1.027884,1.021051,0.816841,,,,,,,,GLOBAL_BASELINE_NO_ENTITY_RANKING,,,NOT_APPLICABLE_GLOBAL_BASELINE,HF9g-P5,,,,X 全窗基线 · 不参与实体赏罚,8393368,840,A168_HF9F_20260827_0900,2026-08-27 09:00:00
2026-04-30,97284850,986,0,294.5725742097,285.7058412067,285.7058412067,1.0000000,4,3,0.49587925246548229,0.431273450000,1.7463848059507232,1.9890056526381874,1.7463848059507232,0.06460580246548229,ELIGIBLE,R03b_20260811_FULL_v1,L1_ELIGIBILITY,v2026-08-11,2026-03-21..2026-08-06,baccarat_bet02_101_all_pairs_incl_sentinel,round_win = game_pnl > 0 (decisive only),COMPATIBILITY_ONLY_NOT_PRODUCTION,18421.3072,16785.3789,482.2964,300,285,-0.02618144,-0.00901077,-0.03175496,-0.02618144,-482.2964,18421.3072,OK,0.0000,19.2919,4.0000,96.0000,AG03-UNRESOLVED,ALL5_LEVELS_bet23_to_bet27,19.2919,19.2919,19.2919,19.2919,19.2919,4.000000,4.000000,4.000000,4.000000,4.000000,96.000000,96.000000,96.000000,96.000000,96.000000,5.0,96.4593,89.0451,385.8371,393.2513,PENDING_AG03,FALSE,NOT_FOR_ENFORCEMENT,463.0045,16113.9638,482.2964,463.0045,19.2919,0.02618144,0.02513418,19.2919,463.0045,0.02513418,19.2919,19.2919,19.2919,19.2919,19.2919,463.0045,0.02513418,96.4593,89.0451,385.8371,393.2513,0.02094515,0.02134763,0.00104726,61.4044,58.8961,1.6923,3.9211,2.3412,149.7667,2.3171,62.6970,60.9962,41.8926,42.3384,83.4468,160.8553,162.3351,164.1988,42.3384,-2.2539,3.834227,3.878245,1.450322,20,49,61,3,0.24505223,0.02618144,0.00901077,0E-8,0.000000,0.911194,0.000000,0.02274419,2026-03-22,2026-08-06,123,206,194,138,0.891304,1.027884,1.021051,0.816841,,,,,,,,GLOBAL_BASELINE_NO_ENTITY_RANKING,,,NOT_APPLICABLE_GLOBAL_BASELINE,HF9g-P5,,,,X 全窗基线 · 不参与实体赏罚,8393369,840,A168_HF9F_20260827_0900,2026-08-27 09:00:00
2026-05-02,97284850,1306,0,84.6768454748,-42.3384227374,-42.3384227374,0E-7,2,2,0.50665070000000000,0.506650700000,-1.013391052207602,-1.013391052207602,-1.013391052207602,0E-17,ELIGIBLE,R03b_20260811_FULL_v1,L1_ELIGIBILITY,v2026-08-11,2026-03-21..2026-08-06,baccarat_bet02_101_all_pairs_incl_sentinel,round_win = game_pnl > 0 (decisive only),COMPATIBILITY_ONLY_NOT_PRODUCTION,18421.3072,16785.3789,482.2964,300,285,-0.02618144,-0.00901077,-0.03175496,-0.02618144,-482.2964,18421.3072,OK,0.0000,19.2919,4.0000,96.0000,AG03-UNRESOLVED,ALL5_LEVELS_bet23_to_bet27,19.2919,19.2919,19.2919,19.2919,19.2919,4.000000,4.000000,4.000000,4.000000,4.000000,96.000000,96.000000,96.000000,96.000000,96.000000,5.0,96.4593,89.0451,385.8371,393.2513,PENDING_AG03,FALSE,NOT_FOR_ENFORCEMENT,463.0045,16113.9638,482.2964,463.0045,19.2919,0.02618144,0.02513418,19.2919,463.0045,0.02513418,19.2919,19.2919,19.2919,19.2919,19.2919,463.0045,0.02513418,96.4593,89.0451,385.8371,393.2513,0.02094515,0.02134763,0.00104726,61.4044,58.8961,1.6923,3.9211,2.3412,149.7667,2.3171,62.6970,60.9962,41.8926,42.3384,83.4468,160.8553,162.3351,164.1988,42.3384,-2.2539,3.834227,3.878245,1.450322,20,49,61,3,0.24505223,0.02618144,0.00901077,0E-8,0.000000,0.911194,0.000000,0.02274419,2026-03-22,2026-08-06,123,206,194,138,0.891304,1.027884,1.021051,0.816841,,,,,,,,GLOBAL_BASELINE_NO_ENTITY_RANKING,,,NOT_APPLICABLE_GLOBAL_BASELINE,HF9g-P5,,,,X 全窗基线 · 不参与实体赏罚,8393370,840,A168_HF9F_20260827_0900,2026-08-27 09:00:00
2026-05-02,97284850,1374,0,84.6768454748,-84.6768454748,-84.6768454748,0E-7,2,2,0.50665070000000000,0.506650700000,-1.4331513700195317,-1.4331513700195317,-1.4331513700195317,0E-17,ELIGIBLE,R03b_20260811_FULL_v1,L1_ELIGIBILITY,v2026-08-11,2026-03-21..2026-08-06,baccarat_bet02_101_all_pairs_incl_sentinel,round_win = game_pnl > 0 (decisive only),COMPATIBILITY_ONLY_NOT_PRODUCTION,18421.3072,16785.3789,482.2964,300,285,-0.02618144,-0.00901077,-0.03175496,-0.02618144,-482.2964,18421.3072,OK,0.0000,19.2919,4.0000,96.0000,AG03-UNRESOLVED,ALL5_LEVELS_bet23_to_bet27,19.2919,19.2919,19.2919,19.2919,19.2919,4.000000,4.000000,4.000000,4.000000,4.000000,96.000000,96.000000,96.000000,96.000000,96.000000,5.0,96.4593,89.0451,385.8371,393.2513,PENDING_AG03,FALSE,NOT_FOR_ENFORCEMENT,463.0045,16113.9638,482.2964,463.0045,19.2919,0.02618144,0.02513418,19.2919,463.0045,0.02513418,19.2919,19.2919,19.2919,19.2919,19.2919,463.0045,0.02513418,96.4593,89.0451,385.8371,393.2513,0.02094515,0.02134763,0.00104726,61.4044,58.8961,1.6923,3.9211,2.3412,149.7667,2.3171,62.6970,60.9962,41.8926,42.3384,83.4468,160.8553,162.3351,164.1988,42.3384,-2.2539,3.834227,3.878245,1.450322,20,49,61,3,0.24505223,0.02618144,0.00901077,0E-8,0.000000,0.911194,0.000000,0.02274419,2026-03-22,2026-08-06,123,206,194,138,0.891304,1.027884,1.021051,0.816841,,,,,,,,GLOBAL_BASELINE_NO_ENTITY_RANKING,,,NOT_APPLICABLE_GLOBAL_BASELINE,HF9g-P5,,,,X 全窗基线 · 不参与实体赏罚,8393371,840,A168_HF9F_20260827_0900,2026-08-27 09:00:00
2026-05-02,97284850,2218,0,84.6768454748,-42.3384227374,-42.3384227374,0E-7,2,2,0.49324550000000000,0.493245500000,-0.9865810262130424,-0.9865810262130424,-0.9865810262130424,0E-17,ELIGIBLE,R03b_20260811_FULL_v1,L1_ELIGIBILITY,v2026-08-11,2026-03-21..2026-08-06,baccarat_bet02_101_all_pairs_incl_sentinel,round_win = game_pnl > 0 (decisive only),COMPATIBILITY_ONLY_NOT_PRODUCTION,18421.3072,16785.3789,482.2964,300,285,-0.02618144,-0.00901077,-0.03175496,-0.02618144,-482.2964,18421.3072,OK,0.0000,19.2919,4.0000,96.0000,AG03-UNRESOLVED,ALL5_LEVELS_bet23_to_bet27,19.2919,19.2919,19.2919,19.2919,19.2919,4.000000,4.000000,4.000000,4.000000,4.000000,96.000000,96.000000,96.000000,96.000000,96.000000,5.0,96.4593,89.0451,385.8371,393.2513,PENDING_AG03,FALSE,NOT_FOR_ENFORCEMENT,463.0045,16113.9638,482.2964,463.0045,19.2919,0.02618144,0.02513418,19.2919,463.0045,0.02513418,19.2919,19.2919,19.2919,19.2919,19.2919,463.0045,0.02513418,96.4593,89.0451,385.8371,393.2513,0.02094515,0.02134763,0.00104726,61.4044,58.8961,1.6923,3.9211,2.3412,149.7667,2.3171,62.6970,60.9962,41.8926,42.3384,83.4468,160.8553,162.3351,164.1988,42.3384,-2.2539,3.834227,3.878245,1.450322,20,49,61,3,0.24505223,0.02618144,0.00901077,0E-8,0.000000,0.911194,0.000000,0.02274419,2026-03-22,2026-08-06,123,206,194,138,0.891304,1.027884,1.021051,0.816841,,,,,,,,GLOBAL_BASELINE_NO_ENTITY_RANKING,,,NOT_APPLICABLE_GLOBAL_BASELINE,HF9g-P5,,,,X 全窗基线 · 不参与实体赏罚,8393372,840,A168_HF9F_20260827_0900,2026-08-27 09:00:00
2026-05-04,97284850,1505,0,42.3384227374,-42.3384227374,-42.3384227374,0E-7,1,1,0.49324550000000000,0.493245500000,-0.9865810262130424,-0.9865810262130424,-0.9865810262130424,0E-17,ELIGIBLE,R03b_20260811_FULL_v1,L1_ELIGIBILITY,v2026-08-11,2026-03-21..2026-08-06,baccarat_bet02_101_all_pairs_incl_sentinel,round_win = game_pnl > 0 (decisive only),COMPATIBILITY_ONLY_NOT_PRODUCTION,18421.3072,16785.3789,482.2964,300,285,-0.02618144,-0.00901077,-0.03175496,-0.02618144,-482.2964,18421.3072,OK,0.0000,19.2919,4.0000,96.0000,AG03-UNRESOLVED,ALL5_LEVELS_bet23_to_bet27,19.2919,19.2919,19.2919,19.2919,19.2919,4.000000,4.000000,4.000000,4.000000,4.000000,96.000000,96.000000,96.000000,96.000000,96.000000,5.0,96.4593,89.0451,385.8371,393.2513,PENDING_AG03,FALSE,NOT_FOR_ENFORCEMENT,463.0045,16113.9638,482.2964,463.0045,19.2919,0.02618144,0.02513418,19.2919,463.0045,0.02513418,19.2919,19.2919,19.2919,19.2919,19.2919,463.0045,0.02513418,96.4593,89.0451,385.8371,393.2513,0.02094515,0.02134763,0.00104726,61.4044,58.8961,1.6923,3.9211,2.3412,149.7667,2.3171,62.6970,60.9962,41.8926,42.3384,83.4468,160.8553,162.3351,164.1988,42.3384,-2.2539,3.834227,3.878245,1.450322,20,49,61,3,0.24505223,0.02618144,0.00901077,0E-8,0.000000,0.911194,0.000000,0.02274419,2026-03-22,2026-08-06,123,206,194,138,0.891304,1.027884,1.021051,0.816841,,,,,,,,GLOBAL_BASELINE_NO_ENTITY_RANKING,,,NOT_APPLICABLE_GLOBAL_BASELINE,HF9g-P5,,,,X 全窗基线 · 不参与实体赏罚,8393373,840,A168_HF9F_20260827_0900,2026-08-27 09:00:00
2026-05-05,97284850,2251,0,42.3384227374,0E-10,0E-10,,1,1,0.49324550000000000,0.493245500000,,,,0E-17,NO_DECISIVE_ROUND,R03b_20260811_FULL_v1,L1_ELIGIBILITY,v2026-08-11,2026-03-21..2026-08-06,baccarat_bet02_101_all_pairs_incl_sentinel,round_win = game_pnl > 0 (decisive only),COMPATIBILITY_ONLY_NOT_PRODUCTION,18421.3072,16785.3789,482.2964,300,285,-0.02618144,-0.00901077,-0.03175496,-0.02618144,-482.2964,18421.3072,OK,0.0000,19.2919,4.0000,96.0000,AG03-UNRESOLVED,ALL5_LEVELS_bet23_to_bet27,19.2919,19.2919,19.2919,19.2919,19.2919,4.000000,4.000000,4.000000,4.000000,4.000000,96.000000,96.000000,96.000000,96.000000,96.000000,5.0,96.4593,89.0451,385.8371,393.2513,PENDING_AG03,FALSE,NOT_FOR_ENFORCEMENT,463.0045,16113.9638,482.2964,463.0045,19.2919,0.02618144,0.02513418,19.2919,463.0045,0.02513418,19.2919,19.2919,19.2919,19.2919,19.2919,463.0045,0.02513418,96.4593,89.0451,385.8371,393.2513,0.02094515,0.02134763,0.00104726,61.4044,58.8961,1.6923,3.9211,2.3412,149.7667,2.3171,62.6970,60.9962,41.8926,42.3384,83.4468,160.8553,162.3351,164.1988,42.3384,-2.2539,3.834227,3.878245,1.450322,20,49,61,3,0.24505223,0.02618144,0.00901077,0E-8,0.000000,0.911194,0.000000,0.02274419,2026-03-22,2026-08-06,123,206,194,138,0.891304,1.027884,1.021051,0.816841,,,,,,,,GLOBAL_BASELINE_NO_ENTITY_RANKING,,,NOT_APPLICABLE_GLOBAL_BASELINE,HF9g-P5,,,,X 全窗基线 · 不参与实体赏罚,8393374,840,A168_HF9F_20260827_0900,2026-08-27 09:00:00
2026-05-05,97284850,994,0,42.3384227374,-42.3384227374,-42.3384227374,0E-7,1,1,0.49324550000000000,0.493245500000,-0.9865810262130424,-0.9865810262130424,-0.9865810262130424,0E-17,ELIGIBLE,R03b_20260811_FULL_v1,L1_ELIGIBILITY,v2026-08-11,2026-03-21..2026-08-06,baccarat_bet02_101_all_pairs_incl_sentinel,round_win = game_pnl > 0 (decisive only),COMPATIBILITY_ONLY_NOT_PRODUCTION,18421.3072,16785.3789,482.2964,300,285,-0.02618144,-0.00901077,-0.03175496,-0.02618144,-482.2964,18421.3072,OK,0.0000,19.2919,4.0000,96.0000,AG03-UNRESOLVED,ALL5_LEVELS_bet23_to_bet27,19.2919,19.2919,19.2919,19.2919,19.2919,4.000000,4.000000,4.000000,4.000000,4.000000,96.000000,96.000000,96.000000,96.000000,96.000000,5.0,96.4593,89.0451,385.8371,393.2513,PENDING_AG03,FALSE,NOT_FOR_ENFORCEMENT,463.0045,16113.9638,482.2964,463.0045,19.2919,0.02618144,0.02513418,19.2919,463.0045,0.02513418,19.2919,19.2919,19.2919,19.2919,19.2919,463.0045,0.02513418,96.4593,89.0451,385.8371,393.2513,0.02094515,0.02134763,0.00104726,61.4044,58.8961,1.6923,3.9211,2.3412,149.7667,2.3171,62.6970,60.9962,41.8926,42.3384,83.4468,160.8553,162.3351,164.1988,42.3384,-2.2539,3.834227,3.878245,1.450322,20,49,61,3,0.24505223,0.02618144,0.00901077,0E-8,0.000000,0.911194,0.000000,0.02274419,2026-03-22,2026-08-06,123,206,194,138,0.891304,1.027884,1.021051,0.816841,,,,,,,,GLOBAL_BASELINE_NO_ENTITY_RANKING,,,NOT_APPLICABLE_GLOBAL_BASELINE,HF9g-P5,,,,X 全窗基线 · 不参与实体赏罚,8393375,840,A168_HF9F_20260827_0900,2026-08-27 09:00:00
2026-05-06,97284850,-1,1,42.3384227374,42.3384227374,42.3384227374,1.0000000,1,1,0.49324550000000000,0.493245500000,1.01360149184955,1.01360149184955,1.01360149184955,0E-17,SENTINEL_DEALER,R03b_20260811_FULL_v1,L1_ELIGIBILITY,v2026-08-11,2026-03-21..2026-08-06,baccarat_bet02_101_all_pairs_incl_sentinel,round_win = game_pnl > 0 (decisive only),COMPATIBILITY_ONLY_NOT_PRODUCTION,18421.3072,16785.3789,482.2964,300,285,-0.02618144,-0.00901077,-0.03175496,-0.02618144,-482.2964,18421.3072,OK,0.0000,19.2919,4.0000,96.0000,AG03-UNRESOLVED,ALL5_LEVELS_bet23_to_bet27,19.2919,19.2919,19.2919,19.2919,19.2919,4.000000,4.000000,4.000000,4.000000,4.000000,96.000000,96.000000,96.000000,96.000000,96.000000,5.0,96.4593,89.0451,385.8371,393.2513,PENDING_AG03,FALSE,NOT_FOR_ENFORCEMENT,463.0045,16113.9638,482.2964,463.0045,19.2919,0.02618144,0.02513418,19.2919,463.0045,0.02513418,19.2919,19.2919,19.2919,19.2919,19.2919,463.0045,0.02513418,96.4593,89.0451,385.8371,393.2513,0.02094515,0.02134763,0.00104726,61.4044,58.8961,1.6923,3.9211,2.3412,149.7667,2.3171,62.6970,60.9962,41.8926,42.3384,83.4468,160.8553,162.3351,164.1988,42.3384,-2.2539,3.834227,3.878245,1.450322,20,49,61,3,0.24505223,0.02618144,0.00901077,0E-8,0.000000,0.911194,0.000000,0.02274419,2026-03-22,2026-08-06,123,206,194,138,0.891304,1.027884,1.021051,0.816841,,,,,,,,GLOBAL_BASELINE_NO_ENTITY_RANKING,,,NOT_APPLICABLE_GLOBAL_BASELINE,HF9g-P5,,,,X 全窗基线 · 不参与实体赏罚,8393376,840,A168_HF9F_20260827_0900,2026-08-27 09:00:00
2026-05-06,97284850,2103,0,84.6768454749,-84.6768454749,-84.6768454749,0E-7,1,1,0.50665070000000000,0.506650700000,-1.013391052207602,-1.013391052207602,-1.013391052207602,0E-17,ELIGIBLE,R03b_20260811_FULL_v1,L1_ELIGIBILITY,v2026-08-11,2026-03-21..2026-08-06,baccarat_bet02_101_all_pairs_incl_sentinel,round_win = game_pnl > 0 (decisive only),COMPATIBILITY_ONLY_NOT_PRODUCTION,18421.3072,16785.3789,482.2964,300,285,-0.02618144,-0.00901077,-0.03175496,-0.02618144,-482.2964,18421.3072,OK,0.0000,19.2919,4.0000,96.0000,AG03-UNRESOLVED,ALL5_LEVELS_bet23_to_bet27,19.2919,19.2919,19.2919,19.2919,19.2919,4.000000,4.000000,4.000000,4.000000,4.000000,96.000000,96.000000,96.000000,96.000000,96.000000,5.0,96.4593,89.0451,385.8371,393.2513,PENDING_AG03,FALSE,NOT_FOR_ENFORCEMENT,463.0045,16113.9638,482.2964,463.0045,19.2919,0.02618144,0.02513418,19.2919,463.0045,0.02513418,19.2919,19.2919,19.2919,19.2919,19.2919,463.0045,0.02513418,96.4593,89.0451,385.8371,393.2513,0.02094515,0.02134763,0.00104726,61.4044,58.8961,1.6923,3.9211,2.3412,149.7667,2.3171,62.6970,60.9962,41.8926,42.3384,83.4468,160.8553,162.3351,164.1988,42.3384,-2.2539,3.834227,3.878245,1.450322,20,49,61,3,0.24505223,0.02618144,0.00901077,0E-8,0.000000,0.911194,0.000000,0.02274419,2026-03-22,2026-08-06,123,206,194,138,0.891304,1.027884,1.021051,0.816841,,,,,,,,GLOBAL_BASELINE_NO_ENTITY_RANKING,,,NOT_APPLICABLE_GLOBAL_BASELINE,HF9g-P5,,,,X 全窗基线 · 不参与实体赏罚,8393377,840,A168_HF9F_20260827_0900,2026-08-27 09:00:00
2026-05-07,97284850,1402,0,42.3384227374,-42.3384227374,-42.3384227374,0E-7,1,1,0.50665070000000000,0.506650700000,-1.013391052207602,-1.013391052207602,-1.013391052207602,0E-17,ELIGIBLE,R03b_20260811_FULL_v1,L1_ELIGIBILITY,v2026-08-11,2026-03-21..2026-08-06,baccarat_bet02_101_all_pairs_incl_sentinel,round_win = game_pnl > 0 (decisive only),COMPATIBILITY_ONLY_NOT_PRODUCTION,18421.3072,16785.3789,482.2964,300,285,-0.02618144,-0.00901077,-0.03175496,-0.02618144,-482.2964,18421.3072,OK,0.0000,19.2919,4.0000,96.0000,AG03-UNRESOLVED,ALL5_LEVELS_bet23_to_bet27,19.2919,19.2919,19.2919,19.2919,19.2919,4.000000,4.000000,4.000000,4.000000,4.000000,96.000000,96.000000,96.000000,96.000000,96.000000,5.0,96.4593,89.0451,385.8371,393.2513,PENDING_AG03,FALSE,NOT_FOR_ENFORCEMENT,463.0045,16113.9638,482.2964,463.0045,19.2919,0.02618144,0.02513418,19.2919,463.0045,0.02513418,19.2919,19.2919,19.2919,19.2919,19.2919,463.0045,0.02513418,96.4593,89.0451,385.8371,393.2513,0.02094515,0.02134763,0.00104726,61.4044,58.8961,1.6923,3.9211,2.3412,149.7667,2.3171,62.6970,60.9962,41.8926,42.3384,83.4468,160.8553,162.3351,164.1988,42.3384,-2.2539,3.834227,3.878245,1.450322,20,49,61,3,0.24505223,0.02618144,0.00901077,0E-8,0.000000,0.911194,0.000000,0.02274419,2026-03-22,2026-08-06,123,206,194,138,0.891304,1.027884,1.021051,0.816841,,,,,,,,GLOBAL_BASELINE_NO_ENTITY_RANKING,,,NOT_APPLICABLE_GLOBAL_BASELINE,HF9g-P5,,,,X 全窗基线 · 不参与实体赏罚,8393378,840,A168_HF9F_20260827_0900,2026-08-27 09:00:00
2026-05-08,97284850,1402,0,84.6768454749,-84.6768454749,-84.6768454749,0E-7,1,1,0.50665070000000000,0.506650700000,-1.013391052207602,-1.013391052207602,-1.013391052207602,0E-17,ELIGIBLE,R03b_20260811_FULL_v1,L1_ELIGIBILITY,v2026-08-11,2026-03-21..2026-08-06,baccarat_bet02_101_all_pairs_incl_sentinel,round_win = game_pnl > 0 (decisive only),COMPATIBILITY_ONLY_NOT_PRODUCTION,18421.3072,16785.3789,482.2964,300,285,-0.02618144,-0.00901077,-0.03175496,-0.02618144,-482.2964,18421.3072,OK,0.0000,19.2919,4.0000,96.0000,AG03-UNRESOLVED,ALL5_LEVELS_bet23_to_bet27,19.2919,19.2919,19.2919,19.2919,19.2919,4.000000,4.000000,4.000000,4.000000,4.000000,96.000000,96.000000,96.000000,96.000000,96.000000,5.0,96.4593,89.0451,385.8371,393.2513,PENDING_AG03,FALSE,NOT_FOR_ENFORCEMENT,463.0045,16113.9638,482.2964,463.0045,19.2919,0.02618144,0.02513418,19.2919,463.0045,0.02513418,19.2919,19.2919,19.2919,19.2919,19.2919,463.0045,0.02513418,96.4593,89.0451,385.8371,393.2513,0.02094515,0.02134763,0.00104726,61.4044,58.8961,1.6923,3.9211,2.3412,149.7667,2.3171,62.6970,60.9962,41.8926,42.3384,83.4468,160.8553,162.3351,164.1988,42.3384,-2.2539,3.834227,3.878245,1.450322,20,49,61,3,0.24505223,0.02618144,0.00901077,0E-8,0.000000,0.911194,0.000000,0.02274419,2026-03-22,2026-08-06,123,206,194,138,0.891304,1.027884,1.021051,0.816841,,,,,,,,GLOBAL_BASELINE_NO_ENTITY_RANKING,,,NOT_APPLICABLE_GLOBAL_BASELINE,HF9g-P5,,,,X 全窗基线 · 不参与实体赏罚,8393379,840,A168_HF9F_20260827_0900,2026-08-27 09:00:00
2026-05-09,97284850,1318,0,42.3384227374,42.3384227374,42.3384227374,1.0000000,1,1,0.49324550000000000,0.493245500000,1.01360149184955,1.01360149184955,1.01360149184955,0E-17,ELIGIBLE,R03b_20260811_FULL_v1,L1_ELIGIBILITY,v2026-08-11,2026-03-21..2026-08-06,baccarat_bet02_101_all_pairs_incl_sentinel,round_win = game_pnl > 0 (decisive only),COMPATIBILITY_ONLY_NOT_PRODUCTION,18421.3072,16785.3789,482.2964,300,285,-0.02618144,-0.00901077,-0.03175496,-0.02618144,-482.2964,18421.3072,OK,0.0000,19.2919,4.0000,96.0000,AG03-UNRESOLVED,ALL5_LEVELS_bet23_to_bet27,19.2919,19.2919,19.2919,19.2919,19.2919,4.000000,4.000000,4.000000,4.000000,4.000000,96.000000,96.000000,96.000000,96.000000,96.000000,5.0,96.4593,89.0451,385.8371,393.2513,PENDING_AG03,FALSE,NOT_FOR_ENFORCEMENT,463.0045,16113.9638,482.2964,463.0045,19.2919,0.02618144,0.02513418,19.2919,463.0045,0.02513418,19.2919,19.2919,19.2919,19.2919,19.2919,463.0045,0.02513418,96.4593,89.0451,385.8371,393.2513,0.02094515,0.02134763,0.00104726,61.4044,58.8961,1.6923,3.9211,2.3412,149.7667,2.3171,62.6970,60.9962,41.8926,42.3384,83.4468,160.8553,162.3351,164.1988,42.3384,-2.2539,3.834227,3.878245,1.450322,20,49,61,3,0.24505223,0.02618144,0.00901077,0E-8,0.000000,0.911194,0.000000,0.02274419,2026-03-22,2026-08-06,123,206,194,138,0.891304,1.027884,1.021051,0.816841,,,,,,,,GLOBAL_BASELINE_NO_ENTITY_RANKING,,,NOT_APPLICABLE_GLOBAL_BASELINE,HF9g-P5,,,,X 全窗基线 · 不参与实体赏罚,8393380,840,A168_HF9F_20260827_0900,2026-08-27 09:00:00
2026-05-09,97284850,2142,0,84.6768454749,-84.6768454749,-84.6768454749,0E-7,1,1,0.50665070000000000,0.506650700000,-1.013391052207602,-1.013391052207602,-1.013391052207602,0E-17,ELIGIBLE,R03b_20260811_FULL_v1,L1_ELIGIBILITY,v2026-08-11,2026-03-21..2026-08-06,baccarat_bet02_101_all_pairs_incl_sentinel,round_win = game_pnl > 0 (decisive only),COMPATIBILITY_ONLY_NOT_PRODUCTION,18421.3072,16785.3789,482.2964,300,285,-0.02618144,-0.00901077,-0.03175496,-0.02618144,-482.2964,18421.3072,OK,0.0000,19.2919,4.0000,96.0000,AG03-UNRESOLVED,ALL5_LEVELS_bet23_to_bet27,19.2919,19.2919,19.2919,19.2919,19.2919,4.000000,4.000000,4.000000,4.000000,4.000000,96.000000,96.000000,96.000000,96.000000,96.000000,5.0,96.4593,89.0451,385.8371,393.2513,PENDING_AG03,FALSE,NOT_FOR_ENFORCEMENT,463.0045,16113.9638,482.2964,463.0045,19.2919,0.02618144,0.02513418,19.2919,463.0045,0.02513418,19.2919,19.2919,19.2919,19.2919,19.2919,463.0045,0.02513418,96.4593,89.0451,385.8371,393.2513,0.02094515,0.02134763,0.00104726,61.4044,58.8961,1.6923,3.9211,2.3412,149.7667,2.3171,62.6970,60.9962,41.8926,42.3384,83.4468,160.8553,162.3351,164.1988,42.3384,-2.2539,3.834227,3.878245,1.450322,20,49,61,3,0.24505223,0.02618144,0.00901077,0E-8,0.000000,0.911194,0.000000,0.02274419,2026-03-22,2026-08-06,123,206,194,138,0.891304,1.027884,1.021051,0.816841,,,,,,,,GLOBAL_BASELINE_NO_ENTITY_RANKING,,,NOT_APPLICABLE_GLOBAL_BASELINE,HF9g-P5,,,,X 全窗基线 · 不参与实体赏罚,8393381,840,A168_HF9F_20260827_0900,2026-08-27 09:00:00
2026-05-10,97284850,2142,0,42.3384227374,-42.3384227374,-42.3384227374,0E-7,1,1,0.50665070000000000,0.506650700000,-1.013391052207602,-1.013391052207602,-1.013391052207602,0E-17,ELIGIBLE,R03b_20260811_FULL_v1,L1_ELIGIBILITY,v2026-08-11,2026-03-21..2026-08-06,baccarat_bet02_101_all_pairs_incl_sentinel,round_win = game_pnl > 0 (decisive only),COMPATIBILITY_ONLY_NOT_PRODUCTION,18421.3072,16785.3789,482.2964,300,285,-0.02618144,-0.00901077,-0.03175496,-0.02618144,-482.2964,18421.3072,OK,0.0000,19.2919,4.0000,96.0000,AG03-UNRESOLVED,ALL5_LEVELS_bet23_to_bet27,19.2919,19.2919,19.2919,19.2919,19.2919,4.000000,4.000000,4.000000,4.000000,4.000000,96.000000,96.000000,96.000000,96.000000,96.000000,5.0,96.4593,89.0451,385.8371,393.2513,PENDING_AG03,FALSE,NOT_FOR_ENFORCEMENT,463.0045,16113.9638,482.2964,463.0045,19.2919,0.02618144,0.02513418,19.2919,463.0045,0.02513418,19.2919,19.2919,19.2919,19.2919,19.2919,463.0045,0.02513418,96.4593,89.0451,385.8371,393.2513,0.02094515,0.02134763,0.00104726,61.4044,58.8961,1.6923,3.9211,2.3412,149.7667,2.3171,62.6970,60.9962,41.8926,42.3384,83.4468,160.8553,162.3351,164.1988,42.3384,-2.2539,3.834227,3.878245,1.450322,20,49,61,3,0.24505223,0.02618144,0.00901077,0E-8,0.000000,0.911194,0.000000,0.02274419,2026-03-22,2026-08-06,123,206,194,138,0.891304,1.027884,1.021051,0.816841,,,,,,,,GLOBAL_BASELINE_NO_ENTITY_RANKING,,,NOT_APPLICABLE_GLOBAL_BASELINE,HF9g-P5,,,,X 全窗基线 · 不参与实体赏罚,8393382,840,A168_HF9F_20260827_0900,2026-08-27 09:00:00
2026-05-11,97284850,2145,0,42.3384227374,-42.3384227374,-42.3384227374,0E-7,1,1,0.49324550000000000,0.493245500000,-0.9865810262130424,-0.9865810262130424,-0.9865810262130424,0E-17,ELIGIBLE,R03b_20260811_FULL_v1,L1_ELIGIBILITY,v2026-08-11,2026-03-21..2026-08-06,baccarat_bet02_101_all_pairs_incl_sentinel,round_win = game_pnl > 0 (decisive only),COMPATIBILITY_ONLY_NOT_PRODUCTION,18421.3072,16785.3789,482.2964,300,285,-0.02618144,-0.00901077,-0.03175496,-0.02618144,-482.2964,18421.3072,OK,0.0000,19.2919,4.0000,96.0000,AG03-UNRESOLVED,ALL5_LEVELS_bet23_to_bet27,19.2919,19.2919,19.2919,19.2919,19.2919,4.000000,4.000000,4.000000,4.000000,4.000000,96.000000,96.000000,96.000000,96.000000,96.000000,5.0,96.4593,89.0451,385.8371,393.2513,PENDING_AG03,FALSE,NOT_FOR_ENFORCEMENT,463.0045,16113.9638,482.2964,463.0045,19.2919,0.02618144,0.02513418,19.2919,463.0045,0.02513418,19.2919,19.2919,19.2919,19.2919,19.2919,463.0045,0.02513418,96.4593,89.0451,385.8371,393.2513,0.02094515,0.02134763,0.00104726,61.4044,58.8961,1.6923,3.9211,2.3412,149.7667,2.3171,62.6970,60.9962,41.8926,42.3384,83.4468,160.8553,162.3351,164.1988,42.3384,-2.2539,3.834227,3.878245,1.450322,20,49,61,3,0.24505223,0.02618144,0.00901077,0E-8,0.000000,0.911194,0.000000,0.02274419,2026-03-22,2026-08-06,123,206,194,138,0.891304,1.027884,1.021051,0.816841,,,,,,,,GLOBAL_BASELINE_NO_ENTITY_RANKING,,,NOT_APPLICABLE_GLOBAL_BASELINE,HF9g-P5,,,,X 全窗基线 · 不参与实体赏罚,8393383,840,A168_HF9F_20260827_0900,2026-08-27 09:00:00
2026-05-12,97284850,1384,0,42.3384227374,-42.3384227374,-42.3384227374,0E-7,1,1,0.50665070000000000,0.506650700000,-1.013391052207602,-1.013391052207602,-1.013391052207602,0E-17,ELIGIBLE,R03b_20260811_FULL_v1,L1_ELIGIBILITY,v2026-08-11,2026-03-21..2026-08-06,baccarat_bet02_101_all_pairs_incl_sentinel,round_win = game_pnl > 0 (decisive only),COMPATIBILITY_ONLY_NOT_PRODUCTION,18421.3072,16785.3789,482.2964,300,285,-0.02618144,-0.00901077,-0.03175496,-0.02618144,-482.2964,18421.3072,OK,0.0000,19.2919,4.0000,96.0000,AG03-UNRESOLVED,ALL5_LEVELS_bet23_to_bet27,19.2919,19.2919,19.2919,19.2919,19.2919,4.000000,4.000000,4.000000,4.000000,4.000000,96.000000,96.000000,96.000000,96.000000,96.000000,5.0,96.4593,89.0451,385.8371,393.2513,PENDING_AG03,FALSE,NOT_FOR_ENFORCEMENT,463.0045,16113.9638,482.2964,463.0045,19.2919,0.02618144,0.02513418,19.2919,463.0045,0.02513418,19.2919,19.2919,19.2919,19.2919,19.2919,463.0045,0.02513418,96.4593,89.0451,385.8371,393.2513,0.02094515,0.02134763,0.00104726,61.4044,58.8961,1.6923,3.9211,2.3412,149.7667,2.3171,62.6970,60.9962,41.8926,42.3384,83.4468,160.8553,162.3351,164.1988,42.3384,-2.2539,3.834227,3.878245,1.450322,20,49,61,3,0.24505223,0.02618144,0.00901077,0E-8,0.000000,0.911194,0.000000,0.02274419,2026-03-22,2026-08-06,123,206,194,138,0.891304,1.027884,1.021051,0.816841,,,,,,,,GLOBAL_BASELINE_NO_ENTITY_RANKING,,,NOT_APPLICABLE_GLOBAL_BASELINE,HF9g-P5,,,,X 全窗基线 · 不参与实体赏罚,8393384,840,A168_HF9F_20260827_0900,2026-08-27 09:00:00
2026-05-13,97284850,2123,0,42.3384227374,-42.3384227374,-42.3384227374,0E-7,1,1,0.49324550000000000,0.493245500000,-0.9865810262130424,-0.9865810262130424,-0.9865810262130424,0E-17,ELIGIBLE,R03b_20260811_FULL_v1,L1_ELIGIBILITY,v2026-08-11,2026-03-21..2026-08-06,baccarat_bet02_101_all_pairs_incl_sentinel,round_win = game_pnl > 0 (decisive only),COMPATIBILITY_ONLY_NOT_PRODUCTION,18421.3072,16785.3789,482.2964,300,285,-0.02618144,-0.00901077,-0.03175496,-0.02618144,-482.2964,18421.3072,OK,0.0000,19.2919,4.0000,96.0000,AG03-UNRESOLVED,ALL5_LEVELS_bet23_to_bet27,19.2919,19.2919,19.2919,19.2919,19.2919,4.000000,4.000000,4.000000,4.000000,4.000000,96.000000,96.000000,96.000000,96.000000,96.000000,5.0,96.4593,89.0451,385.8371,393.2513,PENDING_AG03,FALSE,NOT_FOR_ENFORCEMENT,463.0045,16113.9638,482.2964,463.0045,19.2919,0.02618144,0.02513418,19.2919,463.0045,0.02513418,19.2919,19.2919,19.2919,19.2919,19.2919,463.0045,0.02513418,96.4593,89.0451,385.8371,393.2513,0.02094515,0.02134763,0.00104726,61.4044,58.8961,1.6923,3.9211,2.3412,149.7667,2.3171,62.6970,60.9962,41.8926,42.3384,83.4468,160.8553,162.3351,164.1988,42.3384,-2.2539,3.834227,3.878245,1.450322,20,49,61,3,0.24505223,0.02618144,0.00901077,0E-8,0.000000,0.911194,0.000000,0.02274419,2026-03-22,2026-08-06,123,206,194,138,0.891304,1.027884,1.021051,0.816841,,,,,,,,GLOBAL_BASELINE_NO_ENTITY_RANKING,,,NOT_APPLICABLE_GLOBAL_BASELINE,HF9g-P5,,,,X 全窗基线 · 不参与实体赏罚,8393385,840,A168_HF9F_20260827_0900,2026-08-27 09:00:00
2026-05-14,97284850,1318,0,42.3384227374,-42.3384227374,-42.3384227374,0E-7,1,1,0.49324550000000000,0.493245500000,-0.9865810262130424,-0.9865810262130424,-0.9865810262130424,0E-17,ELIGIBLE,R03b_20260811_FULL_v1,L1_ELIGIBILITY,v2026-08-11,2026-03-21..2026-08-06,baccarat_bet02_101_all_pairs_incl_sentinel,round_win = game_pnl > 0 (decisive only),COMPATIBILITY_ONLY_NOT_PRODUCTION,18421.3072,16785.3789,482.2964,300,285,-0.02618144,-0.00901077,-0.03175496,-0.02618144,-482.2964,18421.3072,OK,0.0000,19.2919,4.0000,96.0000,AG03-UNRESOLVED,ALL5_LEVELS_bet23_to_bet27,19.2919,19.2919,19.2919,19.2919,19.2919,4.000000,4.000000,4.000000,4.000000,4.000000,96.000000,96.000000,96.000000,96.000000,96.000000,5.0,96.4593,89.0451,385.8371,393.2513,PENDING_AG03,FALSE,NOT_FOR_ENFORCEMENT,463.0045,16113.9638,482.2964,463.0045,19.2919,0.02618144,0.02513418,19.2919,463.0045,0.02513418,19.2919,19.2919,19.2919,19.2919,19.2919,463.0045,0.02513418,96.4593,89.0451,385.8371,393.2513,0.02094515,0.02134763,0.00104726,61.4044,58.8961,1.6923,3.9211,2.3412,149.7667,2.3171,62.6970,60.9962,41.8926,42.3384,83.4468,160.8553,162.3351,164.1988,42.3384,-2.2539,3.834227,3.878245,1.450322,20,49,61,3,0.24505223,0.02618144,0.00901077,0E-8,0.000000,0.911194,0.000000,0.02274419,2026-03-22,2026-08-06,123,206,194,138,0.891304,1.027884,1.021051,0.816841,,,,,,,,GLOBAL_BASELINE_NO_ENTITY_RANKING,,,NOT_APPLICABLE_GLOBAL_BASELINE,HF9g-P5,,,,X 全窗基线 · 不参与实体赏罚,8393386,840,A168_HF9F_20260827_0900,2026-08-27 09:00:00
2026-05-15,97284850,-1,1,42.3384227374,-42.3384227374,-42.3384227374,0E-7,1,1,0.50665070000000000,0.506650700000,-1.013391052207602,-1.013391052207602,-1.013391052207602,0E-17,SENTINEL_DEALER,R03b_20260811_FULL_v1,L1_ELIGIBILITY,v2026-08-11,2026-03-21..2026-08-06,baccarat_bet02_101_all_pairs_incl_sentinel,round_win = game_pnl > 0 (decisive only),COMPATIBILITY_ONLY_NOT_PRODUCTION,18421.3072,16785.3789,482.2964,300,285,-0.02618144,-0.00901077,-0.03175496,-0.02618144,-482.2964,18421.3072,OK,0.0000,19.2919,4.0000,96.0000,AG03-UNRESOLVED,ALL5_LEVELS_bet23_to_bet27,19.2919,19.2919,19.2919,19.2919,19.2919,4.000000,4.000000,4.000000,4.000000,4.000000,96.000000,96.000000,96.000000,96.000000,96.000000,5.0,96.4593,89.0451,385.8371,393.2513,PENDING_AG03,FALSE,NOT_FOR_ENFORCEMENT,463.0045,16113.9638,482.2964,463.0045,19.2919,0.02618144,0.02513418,19.2919,463.0045,0.02513418,19.2919,19.2919,19.2919,19.2919,19.2919,463.0045,0.02513418,96.4593,89.0451,385.8371,393.2513,0.02094515,0.02134763,0.00104726,61.4044,58.8961,1.6923,3.9211,2.3412,149.7667,2.3171,62.6970,60.9962,41.8926,42.3384,83.4468,160.8553,162.3351,164.1988,42.3384,-2.2539,3.834227,3.878245,1.450322,20,49,61,3,0.24505223,0.02618144,0.00901077,0E-8,0.000000,0.911194,0.000000,0.02274419,2026-03-22,2026-08-06,123,206,194,138,0.891304,1.027884,1.021051,0.816841,,,,,,,,GLOBAL_BASELINE_NO_ENTITY_RANKING,,,NOT_APPLICABLE_GLOBAL_BASELINE,HF9g-P5,,,,X 全窗基线 · 不参与实体赏罚,8393387,840,A168_HF9F_20260827_0900,2026-08-27 09:00:00
2026-05-16,97284850,2174,0,42.3384227374,-42.3384227374,-42.3384227374,0E-7,1,1,0.49324550000000000,0.493245500000,-0.9865810262130424,-0.9865810262130424,-0.9865810262130424,0E-17,ELIGIBLE,R03b_20260811_FULL_v1,L1_ELIGIBILITY,v2026-08-11,2026-03-21..2026-08-06,baccarat_bet02_101_all_pairs_incl_sentinel,round_win = game_pnl > 0 (decisive only),COMPATIBILITY_ONLY_NOT_PRODUCTION,18421.3072,16785.3789,482.2964,300,285,-0.02618144,-0.00901077,-0.03175496,-0.02618144,-482.2964,18421.3072,OK,0.0000,19.2919,4.0000,96.0000,AG03-UNRESOLVED,ALL5_LEVELS_bet23_to_bet27,19.2919,19.2919,19.2919,19.2919,19.2919,4.000000,4.000000,4.000000,4.000000,4.000000,96.000000,96.000000,96.000000,96.000000,96.000000,5.0,96.4593,89.0451,385.8371,393.2513,PENDING_AG03,FALSE,NOT_FOR_ENFORCEMENT,463.0045,16113.9638,482.2964,463.0045,19.2919,0.02618144,0.02513418,19.2919,463.0045,0.02513418,19.2919,19.2919,19.2919,19.2919,19.2919,463.0045,0.02513418,96.4593,89.0451,385.8371,393.2513,0.02094515,0.02134763,0.00104726,61.4044,58.8961,1.6923,3.9211,2.3412,149.7667,2.3171,62.6970,60.9962,41.8926,42.3384,83.4468,160.8553,162.3351,164.1988,42.3384,-2.2539,3.834227,3.878245,1.450322,20,49,61,3,0.24505223,0.02618144,0.00901077,0E-8,0.000000,0.911194,0.000000,0.02274419,2026-03-22,2026-08-06,123,206,194,138,0.891304,1.027884,1.021051,0.816841,,,,,,,,GLOBAL_BASELINE_NO_ENTITY_RANKING,,,NOT_APPLICABLE_GLOBAL_BASELINE,HF9g-P5,,,,X 全窗基线 · 不参与实体赏罚,8393388,840,A168_HF9F_20260827_0900,2026-08-27 09:00:00
2026-05-18,97284850,1384,0,42.3384227374,-42.3384227374,-42.3384227374,0E-7,1,1,0.49324550000000000,0.493245500000,-0.9865810262130424,-0.9865810262130424,-0.9865810262130424,0E-17,ELIGIBLE,R03b_20260811_FULL_v1,L1_ELIGIBILITY,v2026-08-11,2026-03-21..2026-08-06,baccarat_bet02_101_all_pairs_incl_sentinel,round_win = game_pnl > 0 (decisive only),COMPATIBILITY_ONLY_NOT_PRODUCTION,18421.3072,16785.3789,482.2964,300,285,-0.02618144,-0.00901077,-0.03175496,-0.02618144,-482.2964,18421.3072,OK,0.0000,19.2919,4.0000,96.0000,AG03-UNRESOLVED,ALL5_LEVELS_bet23_to_bet27,19.2919,19.2919,19.2919,19.2919,19.2919,4.000000,4.000000,4.000000,4.000000,4.000000,96.000000,96.000000,96.000000,96.000000,96.000000,5.0,96.4593,89.0451,385.8371,393.2513,PENDING_AG03,FALSE,NOT_FOR_ENFORCEMENT,463.0045,16113.9638,482.2964,463.0045,19.2919,0.02618144,0.02513418,19.2919,463.0045,0.02513418,19.2919,19.2919,19.2919,19.2919,19.2919,463.0045,0.02513418,96.4593,89.0451,385.8371,393.2513,0.02094515,0.02134763,0.00104726,61.4044,58.8961,1.6923,3.9211,2.3412,149.7667,2.3171,62.6970,60.9962,41.8926,42.3384,83.4468,160.8553,162.3351,164.1988,42.3384,-2.2539,3.834227,3.878245,1.450322,20,49,61,3,0.24505223,0.02618144,0.00901077,0E-8,0.000000,0.911194,0.000000,0.02274419,2026-03-22,2026-08-06,123,206,194,138,0.891304,1.027884,1.021051,0.816841,,,,,,,,GLOBAL_BASELINE_NO_ENTITY_RANKING,,,NOT_APPLICABLE_GLOBAL_BASELINE,HF9g-P5,,,,X 全窗基线 · 不参与实体赏罚,8393389,840,A168_HF9F_20260827_0900,2026-08-27 09:00:00
2026-05-18,97284850,2174,0,42.3384227374,-42.3384227374,-42.3384227374,0E-7,1,1,0.49324550000000000,0.493245500000,-0.9865810262130424,-0.9865810262130424,-0.9865810262130424,0E-17,ELIGIBLE,R03b_20260811_FULL_v1,L1_ELIGIBILITY,v2026-08-11,2026-03-21..2026-08-06,baccarat_bet02_101_all_pairs_incl_sentinel,round_win = game_pnl > 0 (decisive only),COMPATIBILITY_ONLY_NOT_PRODUCTION,18421.3072,16785.3789,482.2964,300,285,-0.02618144,-0.00901077,-0.03175496,-0.02618144,-482.2964,18421.3072,OK,0.0000,19.2919,4.0000,96.0000,AG03-UNRESOLVED,ALL5_LEVELS_bet23_to_bet27,19.2919,19.2919,19.2919,19.2919,19.2919,4.000000,4.000000,4.000000,4.000000,4.000000,96.000000,96.000000,96.000000,96.000000,96.000000,5.0,96.4593,89.0451,385.8371,393.2513,PENDING_AG03,FALSE,NOT_FOR_ENFORCEMENT,463.0045,16113.9638,482.2964,463.0045,19.2919,0.02618144,0.02513418,19.2919,463.0045,0.02513418,19.2919,19.2919,19.2919,19.2919,19.2919,463.0045,0.02513418,96.4593,89.0451,385.8371,393.2513,0.02094515,0.02134763,0.00104726,61.4044,58.8961,1.6923,3.9211,2.3412,149.7667,2.3171,62.6970,60.9962,41.8926,42.3384,83.4468,160.8553,162.3351,164.1988,42.3384,-2.2539,3.834227,3.878245,1.450322,20,49,61,3,0.24505223,0.02618144,0.00901077,0E-8,0.000000,0.911194,0.000000,0.02274419,2026-03-22,2026-08-06,123,206,194,138,0.891304,1.027884,1.021051,0.816841,,,,,,,,GLOBAL_BASELINE_NO_ENTITY_RANKING,,,NOT_APPLICABLE_GLOBAL_BASELINE,HF9g-P5,,,,X 全窗基线 · 不参与实体赏罚,8393390,840,A168_HF9F_20260827_0900,2026-08-27 09:00:00
2026-05-19,97284850,2101,0,32.5680174903,-32.5680174903,-32.5680174903,0E-7,1,1,0.49324550000000000,0.493245500000,-0.9865810262130424,-0.9865810262130424,-0.9865810262130424,0E-17,ELIGIBLE,R03b_20260811_FULL_v1,L1_ELIGIBILITY,v2026-08-11,2026-03-21..2026-08-06,baccarat_bet02_101_all_pairs_incl_sentinel,round_win = game_pnl > 0 (decisive only),COMPATIBILITY_ONLY_NOT_PRODUCTION,18421.3072,16785.3789,482.2964,300,285,-0.02618144,-0.00901077,-0.03175496,-0.02618144,-482.2964,18421.3072,OK,0.0000,19.2919,4.0000,96.0000,AG03-UNRESOLVED,ALL5_LEVELS_bet23_to_bet27,19.2919,19.2919,19.2919,19.2919,19.2919,4.000000,4.000000,4.000000,4.000000,4.000000,96.000000,96.000000,96.000000,96.000000,96.000000,5.0,96.4593,89.0451,385.8371,393.2513,PENDING_AG03,FALSE,NOT_FOR_ENFORCEMENT,463.0045,16113.9638,482.2964,463.0045,19.2919,0.02618144,0.02513418,19.2919,463.0045,0.02513418,19.2919,19.2919,19.2919,19.2919,19.2919,463.0045,0.02513418,96.4593,89.0451,385.8371,393.2513,0.02094515,0.02134763,0.00104726,61.4044,58.8961,1.6923,3.9211,2.3412,149.7667,2.3171,62.6970,60.9962,41.8926,42.3384,83.4468,160.8553,162.3351,164.1988,42.3384,-2.2539,3.834227,3.878245,1.450322,20,49,61,3,0.24505223,0.02618144,0.00901077,0E-8,0.000000,0.911194,0.000000,0.02274419,2026-03-22,2026-08-06,123,206,194,138,0.891304,1.027884,1.021051,0.816841,,,,,,,,GLOBAL_BASELINE_NO_ENTITY_RANKING,,,NOT_APPLICABLE_GLOBAL_BASELINE,HF9g-P5,,,,X 全窗基线 · 不参与实体赏罚,8393391,840,A168_HF9F_20260827_0900,2026-08-27 09:00:00
2026-05-20,97284850,1400,0,374.6950412261,283.3417521659,283.3417521659,1.0000000,6,5,0.50018783147930061,0.461424350000,1.7314002624079665,1.87125825803561,1.7314002624079665,0.03876348147930061,ELIGIBLE,R03b_20260811_FULL_v1,L1_ELIGIBILITY,v2026-08-11,2026-03-21..2026-08-06,baccarat_bet02_101_all_pairs_incl_sentinel,round_win = game_pnl > 0 (decisive only),COMPATIBILITY_ONLY_NOT_PRODUCTION,18421.3072,16785.3789,482.2964,300,285,-0.02618144,-0.00901077,-0.03175496,-0.02618144,-482.2964,18421.3072,OK,0.0000,19.2919,4.0000,96.0000,AG03-UNRESOLVED,ALL5_LEVELS_bet23_to_bet27,19.2919,19.2919,19.2919,19.2919,19.2919,4.000000,4.000000,4.000000,4.000000,4.000000,96.000000,96.000000,96.000000,96.000000,96.000000,5.0,96.4593,89.0451,385.8371,393.2513,PENDING_AG03,FALSE,NOT_FOR_ENFORCEMENT,463.0045,16113.9638,482.2964,463.0045,19.2919,0.02618144,0.02513418,19.2919,463.0045,0.02513418,19.2919,19.2919,19.2919,19.2919,19.2919,463.0045,0.02513418,96.4593,89.0451,385.8371,393.2513,0.02094515,0.02134763,0.00104726,61.4044,58.8961,1.6923,3.9211,2.3412,149.7667,2.3171,62.6970,60.9962,41.8926,42.3384,83.4468,160.8553,162.3351,164.1988,42.3384,-2.2539,3.834227,3.878245,1.450322,20,49,61,3,0.24505223,0.02618144,0.00901077,0E-8,0.000000,0.911194,0.000000,0.02274419,2026-03-22,2026-08-06,123,206,194,138,0.891304,1.027884,1.021051,0.816841,,,,,,,,GLOBAL_BASELINE_NO_ENTITY_RANKING,,,NOT_APPLICABLE_GLOBAL_BASELINE,HF9g-P5,,,,X 全窗基线 · 不参与实体赏罚,8393392,840,A168_HF9F_20260827_0900,2026-08-27 09:00:00
2026-05-21,97284850,1374,0,42.3384227374,42.3384227374,42.3384227374,1.0000000,1,1,0.49324550000000000,0.493245500000,1.01360149184955,1.01360149184955,1.01360149184955,0E-17,ELIGIBLE,R03b_20260811_FULL_v1,L1_ELIGIBILITY,v2026-08-11,2026-03-21..2026-08-06,baccarat_bet02_101_all_pairs_incl_sentinel,round_win = game_pnl > 0 (decisive only),COMPATIBILITY_ONLY_NOT_PRODUCTION,18421.3072,16785.3789,482.2964,300,285,-0.02618144,-0.00901077,-0.03175496,-0.02618144,-482.2964,18421.3072,OK,0.0000,19.2919,4.0000,96.0000,AG03-UNRESOLVED,ALL5_LEVELS_bet23_to_bet27,19.2919,19.2919,19.2919,19.2919,19.2919,4.000000,4.000000,4.000000,4.000000,4.000000,96.000000,96.000000,96.000000,96.000000,96.000000,5.0,96.4593,89.0451,385.8371,393.2513,PENDING_AG03,FALSE,NOT_FOR_ENFORCEMENT,463.0045,16113.9638,482.2964,463.0045,19.2919,0.02618144,0.02513418,19.2919,463.0045,0.02513418,19.2919,19.2919,19.2919,19.2919,19.2919,463.0045,0.02513418,96.4593,89.0451,385.8371,393.2513,0.02094515,0.02134763,0.00104726,61.4044,58.8961,1.6923,3.9211,2.3412,149.7667,2.3171,62.6970,60.9962,41.8926,42.3384,83.4468,160.8553,162.3351,164.1988,42.3384,-2.2539,3.834227,3.878245,1.450322,20,49,61,3,0.24505223,0.02618144,0.00901077,0E-8,0.000000,0.911194,0.000000,0.02274419,2026-03-22,2026-08-06,123,206,194,138,0.891304,1.027884,1.021051,0.816841,,,,,,,,GLOBAL_BASELINE_NO_ENTITY_RANKING,,,NOT_APPLICABLE_GLOBAL_BASELINE,HF9g-P5,,,,X 全窗基线 · 不参与实体赏罚,8393393,840,A168_HF9F_20260827_0900,2026-08-27 09:00:00
2026-05-21,97284850,2177,0,162.8400874516,154.6980830791,154.6980830791,1.0000000,1,1,0.50665070000000000,0.506650700000,0.9867858985152569,0.9867858985152569,0.9867858985152569,0E-17,ELIGIBLE,R03b_20260811_FULL_v1,L1_ELIGIBILITY,v2026-08-11,2026-03-21..2026-08-06,baccarat_bet02_101_all_pairs_incl_sentinel,round_win = game_pnl > 0 (decisive only),COMPATIBILITY_ONLY_NOT_PRODUCTION,18421.3072,16785.3789,482.2964,300,285,-0.02618144,-0.00901077,-0.03175496,-0.02618144,-482.2964,18421.3072,OK,0.0000,19.2919,4.0000,96.0000,AG03-UNRESOLVED,ALL5_LEVELS_bet23_to_bet27,19.2919,19.2919,19.2919,19.2919,19.2919,4.000000,4.000000,4.000000,4.000000,4.000000,96.000000,96.000000,96.000000,96.000000,96.000000,5.0,96.4593,89.0451,385.8371,393.2513,PENDING_AG03,FALSE,NOT_FOR_ENFORCEMENT,463.0045,16113.9638,482.2964,463.0045,19.2919,0.02618144,0.02513418,19.2919,463.0045,0.02513418,19.2919,19.2919,19.2919,19.2919,19.2919,463.0045,0.02513418,96.4593,89.0451,385.8371,393.2513,0.02094515,0.02134763,0.00104726,61.4044,58.8961,1.6923,3.9211,2.3412,149.7667,2.3171,62.6970,60.9962,41.8926,42.3384,83.4468,160.8553,162.3351,164.1988,42.3384,-2.2539,3.834227,3.878245,1.450322,20,49,61,3,0.24505223,0.02618144,0.00901077,0E-8,0.000000,0.911194,0.000000,0.02274419,2026-03-22,2026-08-06,123,206,194,138,0.891304,1.027884,1.021051,0.816841,,,,,,,,GLOBAL_BASELINE_NO_ENTITY_RANKING,,,NOT_APPLICABLE_GLOBAL_BASELINE,HF9g-P5,,,,X 全窗基线 · 不参与实体赏罚,8393394,840,A168_HF9F_20260827_0900,2026-08-27 09:00:00
2026-05-21,97284850,986,0,84.6768454749,80.4430032011,80.4430032011,1.0000000,1,1,0.50665070000000000,0.506650700000,0.9867858985152569,0.9867858985152569,0.9867858985152569,0E-17,ELIGIBLE,R03b_20260811_FULL_v1,L1_ELIGIBILITY,v2026-08-11,2026-03-21..2026-08-06,baccarat_bet02_101_all_pairs_incl_sentinel,round_win = game_pnl > 0 (decisive only),COMPATIBILITY_ONLY_NOT_PRODUCTION,18421.3072,16785.3789,482.2964,300,285,-0.02618144,-0.00901077,-0.03175496,-0.02618144,-482.2964,18421.3072,OK,0.0000,19.2919,4.0000,96.0000,AG03-UNRESOLVED,ALL5_LEVELS_bet23_to_bet27,19.2919,19.2919,19.2919,19.2919,19.2919,4.000000,4.000000,4.000000,4.000000,4.000000,96.000000,96.000000,96.000000,96.000000,96.000000,5.0,96.4593,89.0451,385.8371,393.2513,PENDING_AG03,FALSE,NOT_FOR_ENFORCEMENT,463.0045,16113.9638,482.2964,463.0045,19.2919,0.02618144,0.02513418,19.2919,463.0045,0.02513418,19.2919,19.2919,19.2919,19.2919,19.2919,463.0045,0.02513418,96.4593,89.0451,385.8371,393.2513,0.02094515,0.02134763,0.00104726,61.4044,58.8961,1.6923,3.9211,2.3412,149.7667,2.3171,62.6970,60.9962,41.8926,42.3384,83.4468,160.8553,162.3351,164.1988,42.3384,-2.2539,3.834227,3.878245,1.450322,20,49,61,3,0.24505223,0.02618144,0.00901077,0E-8,0.000000,0.911194,0.000000,0.02274419,2026-03-22,2026-08-06,123,206,194,138,0.891304,1.027884,1.021051,0.816841,,,,,,,,GLOBAL_BASELINE_NO_ENTITY_RANKING,,,NOT_APPLICABLE_GLOBAL_BASELINE,HF9g-P5,,,,X 全窗基线 · 不参与实体赏罚,8393395,840,A168_HF9F_20260827_0900,2026-08-27 09:00:00
2026-05-22,97284850,2170,0,42.9897830872,40.8402939329,40.8402939329,1.0000000,1,1,0.50665070000000000,0.506650700000,0.9867858985152569,0.9867858985152569,0.9867858985152569,0E-17,ELIGIBLE,R03b_20260811_FULL_v1,L1_ELIGIBILITY,v2026-08-11,2026-03-21..2026-08-06,baccarat_bet02_101_all_pairs_incl_sentinel,round_win = game_pnl > 0 (decisive only),COMPATIBILITY_ONLY_NOT_PRODUCTION,18421.3072,16785.3789,482.2964,300,285,-0.02618144,-0.00901077,-0.03175496,-0.02618144,-482.2964,18421.3072,OK,0.0000,19.2919,4.0000,96.0000,AG03-UNRESOLVED,ALL5_LEVELS_bet23_to_bet27,19.2919,19.2919,19.2919,19.2919,19.2919,4.000000,4.000000,4.000000,4.000000,4.000000,96.000000,96.000000,96.000000,96.000000,96.000000,5.0,96.4593,89.0451,385.8371,393.2513,PENDING_AG03,FALSE,NOT_FOR_ENFORCEMENT,463.0045,16113.9638,482.2964,463.0045,19.2919,0.02618144,0.02513418,19.2919,463.0045,0.02513418,19.2919,19.2919,19.2919,19.2919,19.2919,463.0045,0.02513418,96.4593,89.0451,385.8371,393.2513,0.02094515,0.02134763,0.00104726,61.4044,58.8961,1.6923,3.9211,2.3412,149.7667,2.3171,62.6970,60.9962,41.8926,42.3384,83.4468,160.8553,162.3351,164.1988,42.3384,-2.2539,3.834227,3.878245,1.450322,20,49,61,3,0.24505223,0.02618144,0.00901077,0E-8,0.000000,0.911194,0.000000,0.02274419,2026-03-22,2026-08-06,123,206,194,138,0.891304,1.027884,1.021051,0.816841,,,,,,,,GLOBAL_BASELINE_NO_ENTITY_RANKING,,,NOT_APPLICABLE_GLOBAL_BASELINE,HF9g-P5,,,,X 全窗基线 · 不参与实体赏罚,8393396,840,A168_HF9F_20260827_0900,2026-08-27 09:00:00
2026-05-22,97284850,2196,0,251.4902310603,-83.8300770201,-83.8300770201,0.3333333,3,3,0.36483300000000000,0.364833000000,-0.11333800532433627,-0.11333800532433629,-0.11333800532433627,0E-17,ELIGIBLE,R03b_20260811_FULL_v1,L1_ELIGIBILITY,v2026-08-11,2026-03-21..2026-08-06,baccarat_bet02_101_all_pairs_incl_sentinel,round_win = game_pnl > 0 (decisive only),COMPATIBILITY_ONLY_NOT_PRODUCTION,18421.3072,16785.3789,482.2964,300,285,-0.02618144,-0.00901077,-0.03175496,-0.02618144,-482.2964,18421.3072,OK,0.0000,19.2919,4.0000,96.0000,AG03-UNRESOLVED,ALL5_LEVELS_bet23_to_bet27,19.2919,19.2919,19.2919,19.2919,19.2919,4.000000,4.000000,4.000000,4.000000,4.000000,96.000000,96.000000,96.000000,96.000000,96.000000,5.0,96.4593,89.0451,385.8371,393.2513,PENDING_AG03,FALSE,NOT_FOR_ENFORCEMENT,463.0045,16113.9638,482.2964,463.0045,19.2919,0.02618144,0.02513418,19.2919,463.0045,0.02513418,19.2919,19.2919,19.2919,19.2919,19.2919,463.0045,0.02513418,96.4593,89.0451,385.8371,393.2513,0.02094515,0.02134763,0.00104726,61.4044,58.8961,1.6923,3.9211,2.3412,149.7667,2.3171,62.6970,60.9962,41.8926,42.3384,83.4468,160.8553,162.3351,164.1988,42.3384,-2.2539,3.834227,3.878245,1.450322,20,49,61,3,0.24505223,0.02618144,0.00901077,0E-8,0.000000,0.911194,0.000000,0.02274419,2026-03-22,2026-08-06,123,206,194,138,0.891304,1.027884,1.021051,0.816841,,,,,,,,GLOBAL_BASELINE_NO_ENTITY_RANKING,,,NOT_APPLICABLE_GLOBAL_BASELINE,HF9g-P5,,,,X 全窗基线 · 不参与实体赏罚,8393397,840,A168_HF9F_20260827_0900,2026-08-27 09:00:00
2026-05-23,97284850,2141,0,42.3384227374,-42.3384227374,-42.3384227374,0E-7,1,1,0.49324550000000000,0.493245500000,-0.9865810262130424,-0.9865810262130424,-0.9865810262130424,0E-17,ELIGIBLE,R03b_20260811_FULL_v1,L1_ELIGIBILITY,v2026-08-11,2026-03-21..2026-08-06,baccarat_bet02_101_all_pairs_incl_sentinel,round_win = game_pnl > 0 (decisive only),COMPATIBILITY_ONLY_NOT_PRODUCTION,18421.3072,16785.3789,482.2964,300,285,-0.02618144,-0.00901077,-0.03175496,-0.02618144,-482.2964,18421.3072,OK,0.0000,19.2919,4.0000,96.0000,AG03-UNRESOLVED,ALL5_LEVELS_bet23_to_bet27,19.2919,19.2919,19.2919,19.2919,19.2919,4.000000,4.000000,4.000000,4.000000,4.000000,96.000000,96.000000,96.000000,96.000000,96.000000,5.0,96.4593,89.0451,385.8371,393.2513,PENDING_AG03,FALSE,NOT_FOR_ENFORCEMENT,463.0045,16113.9638,482.2964,463.0045,19.2919,0.02618144,0.02513418,19.2919,463.0045,0.02513418,19.2919,19.2919,19.2919,19.2919,19.2919,463.0045,0.02513418,96.4593,89.0451,385.8371,393.2513,0.02094515,0.02134763,0.00104726,61.4044,58.8961,1.6923,3.9211,2.3412,149.7667,2.3171,62.6970,60.9962,41.8926,42.3384,83.4468,160.8553,162.3351,164.1988,42.3384,-2.2539,3.834227,3.878245,1.450322,20,49,61,3,0.24505223,0.02618144,0.00901077,0E-8,0.000000,0.911194,0.000000,0.02274419,2026-03-22,2026-08-06,123,206,194,138,0.891304,1.027884,1.021051,0.816841,,,,,,,,GLOBAL_BASELINE_NO_ENTITY_RANKING,,,NOT_APPLICABLE_GLOBAL_BASELINE,HF9g-P5,,,,X 全窗基线 · 不参与实体赏罚,8393398,840,A168_HF9F_20260827_0900,2026-08-27 09:00:00
2026-05-24,97284850,2088,0,42.3384227374,-42.3384227374,-42.3384227374,0E-7,1,1,0.50665070000000000,0.506650700000,-1.013391052207602,-1.013391052207602,-1.013391052207602,0E-17,ELIGIBLE,R03b_20260811_FULL_v1,L1_ELIGIBILITY,v2026-08-11,2026-03-21..2026-08-06,baccarat_bet02_101_all_pairs_incl_sentinel,round_win = game_pnl > 0 (decisive only),COMPATIBILITY_ONLY_NOT_PRODUCTION,18421.3072,16785.3789,482.2964,300,285,-0.02618144,-0.00901077,-0.03175496,-0.02618144,-482.2964,18421.3072,OK,0.0000,19.2919,4.0000,96.0000,AG03-UNRESOLVED,ALL5_LEVELS_bet23_to_bet27,19.2919,19.2919,19.2919,19.2919,19.2919,4.000000,4.000000,4.000000,4.000000,4.000000,96.000000,96.000000,96.000000,96.000000,96.000000,5.0,96.4593,89.0451,385.8371,393.2513,PENDING_AG03,FALSE,NOT_FOR_ENFORCEMENT,463.0045,16113.9638,482.2964,463.0045,19.2919,0.02618144,0.02513418,19.2919,463.0045,0.02513418,19.2919,19.2919,19.2919,19.2919,19.2919,463.0045,0.02513418,96.4593,89.0451,385.8371,393.2513,0.02094515,0.02134763,0.00104726,61.4044,58.8961,1.6923,3.9211,2.3412,149.7667,2.3171,62.6970,60.9962,41.8926,42.3384,83.4468,160.8553,162.3351,164.1988,42.3384,-2.2539,3.834227,3.878245,1.450322,20,49,61,3,0.24505223,0.02618144,0.00901077,0E-8,0.000000,0.911194,0.000000,0.02274419,2026-03-22,2026-08-06,123,206,194,138,0.891304,1.027884,1.021051,0.816841,,,,,,,,GLOBAL_BASELINE_NO_ENTITY_RANKING,,,NOT_APPLICABLE_GLOBAL_BASELINE,HF9g-P5,,,,X 全窗基线 · 不参与实体赏罚,8393399,840,A168_HF9F_20260827_0900,2026-08-27 09:00:00
2026-05-25,97284850,2177,0,42.3384227374,-42.3384227374,-42.3384227374,0E-7,1,1,0.50665070000000000,0.506650700000,-1.013391052207602,-1.013391052207602,-1.013391052207602,0E-17,ELIGIBLE,R03b_20260811_FULL_v1,L1_ELIGIBILITY,v2026-08-11,2026-03-21..2026-08-06,baccarat_bet02_101_all_pairs_incl_sentinel,round_win = game_pnl > 0 (decisive only),COMPATIBILITY_ONLY_NOT_PRODUCTION,18421.3072,16785.3789,482.2964,300,285,-0.02618144,-0.00901077,-0.03175496,-0.02618144,-482.2964,18421.3072,OK,0.0000,19.2919,4.0000,96.0000,AG03-UNRESOLVED,ALL5_LEVELS_bet23_to_bet27,19.2919,19.2919,19.2919,19.2919,19.2919,4.000000,4.000000,4.000000,4.000000,4.000000,96.000000,96.000000,96.000000,96.000000,96.000000,5.0,96.4593,89.0451,385.8371,393.2513,PENDING_AG03,FALSE,NOT_FOR_ENFORCEMENT,463.0045,16113.9638,482.2964,463.0045,19.2919,0.02618144,0.02513418,19.2919,463.0045,0.02513418,19.2919,19.2919,19.2919,19.2919,19.2919,463.0045,0.02513418,96.4593,89.0451,385.8371,393.2513,0.02094515,0.02134763,0.00104726,61.4044,58.8961,1.6923,3.9211,2.3412,149.7667,2.3171,62.6970,60.9962,41.8926,42.3384,83.4468,160.8553,162.3351,164.1988,42.3384,-2.2539,3.834227,3.878245,1.450322,20,49,61,3,0.24505223,0.02618144,0.00901077,0E-8,0.000000,0.911194,0.000000,0.02274419,2026-03-22,2026-08-06,123,206,194,138,0.891304,1.027884,1.021051,0.816841,,,,,,,,GLOBAL_BASELINE_NO_ENTITY_RANKING,,,NOT_APPLICABLE_GLOBAL_BASELINE,HF9g-P5,,,,X 全窗基线 · 不参与实体赏罚,8393400,840,A168_HF9F_20260827_0900,2026-08-27 09:00:00
2026-05-26,97284850,1374,0,42.3384227374,42.3384227374,42.3384227374,1.0000000,1,1,0.49324550000000000,0.493245500000,1.01360149184955,1.01360149184955,1.01360149184955,0E-17,ELIGIBLE,R03b_20260811_FULL_v1,L1_ELIGIBILITY,v2026-08-11,2026-03-21..2026-08-06,baccarat_bet02_101_all_pairs_incl_sentinel,round_win = game_pnl > 0 (decisive only),COMPATIBILITY_ONLY_NOT_PRODUCTION,18421.3072,16785.3789,482.2964,300,285,-0.02618144,-0.00901077,-0.03175496,-0.02618144,-482.2964,18421.3072,OK,0.0000,19.2919,4.0000,96.0000,AG03-UNRESOLVED,ALL5_LEVELS_bet23_to_bet27,19.2919,19.2919,19.2919,19.2919,19.2919,4.000000,4.000000,4.000000,4.000000,4.000000,96.000000,96.000000,96.000000,96.000000,96.000000,5.0,96.4593,89.0451,385.8371,393.2513,PENDING_AG03,FALSE,NOT_FOR_ENFORCEMENT,463.0045,16113.9638,482.2964,463.0045,19.2919,0.02618144,0.02513418,19.2919,463.0045,0.02513418,19.2919,19.2919,19.2919,19.2919,19.2919,463.0045,0.02513418,96.4593,89.0451,385.8371,393.2513,0.02094515,0.02134763,0.00104726,61.4044,58.8961,1.6923,3.9211,2.3412,149.7667,2.3171,62.6970,60.9962,41.8926,42.3384,83.4468,160.8553,162.3351,164.1988,42.3384,-2.2539,3.834227,3.878245,1.450322,20,49,61,3,0.24505223,0.02618144,0.00901077,0E-8,0.000000,0.911194,0.000000,0.02274419,2026-03-22,2026-08-06,123,206,194,138,0.891304,1.027884,1.021051,0.816841,,,,,,,,GLOBAL_BASELINE_NO_ENTITY_RANKING,,,NOT_APPLICABLE_GLOBAL_BASELINE,HF9g-P5,,,,X 全窗基线 · 不参与实体赏罚,8393401,840,A168_HF9F_20260827_0900,2026-08-27 09:00:00
2026-05-26,97284850,2101,0,162.8400874516,154.6980830791,154.6980830791,1.0000000,1,1,0.50665070000000000,0.506650700000,0.9867858985152569,0.9867858985152569,0.9867858985152569,0E-17,ELIGIBLE,R03b_20260811_FULL_v1,L1_ELIGIBILITY,v2026-08-11,2026-03-21..2026-08-06,baccarat_bet02_101_all_pairs_incl_sentinel,round_win = game_pnl > 0 (decisive only),COMPATIBILITY_ONLY_NOT_PRODUCTION,18421.3072,16785.3789,482.2964,300,285,-0.02618144,-0.00901077,-0.03175496,-0.02618144,-482.2964,18421.3072,OK,0.0000,19.2919,4.0000,96.0000,AG03-UNRESOLVED,ALL5_LEVELS_bet23_to_bet27,19.2919,19.2919,19.2919,19.2919,19.2919,4.000000,4.000000,4.000000,4.000000,4.000000,96.000000,96.000000,96.000000,96.000000,96.000000,5.0,96.4593,89.0451,385.8371,393.2513,PENDING_AG03,FALSE,NOT_FOR_ENFORCEMENT,463.0045,16113.9638,482.2964,463.0045,19.2919,0.02618144,0.02513418,19.2919,463.0045,0.02513418,19.2919,19.2919,19.2919,19.2919,19.2919,463.0045,0.02513418,96.4593,89.0451,385.8371,393.2513,0.02094515,0.02134763,0.00104726,61.4044,58.8961,1.6923,3.9211,2.3412,149.7667,2.3171,62.6970,60.9962,41.8926,42.3384,83.4468,160.8553,162.3351,164.1988,42.3384,-2.2539,3.834227,3.878245,1.450322,20,49,61,3,0.24505223,0.02618144,0.00901077,0E-8,0.000000,0.911194,0.000000,0.02274419,2026-03-22,2026-08-06,123,206,194,138,0.891304,1.027884,1.021051,0.816841,,,,,,,,GLOBAL_BASELINE_NO_ENTITY_RANKING,,,NOT_APPLICABLE_GLOBAL_BASELINE,HF9g-P5,,,,X 全窗基线 · 不参与实体赏罚,8393402,840,A168_HF9F_20260827_0900,2026-08-27 09:00:00
2026-05-26,97284850,2196,0,84.6768454749,80.4430032011,80.4430032011,1.0000000,1,1,0.50665070000000000,0.506650700000,0.9867858985152569,0.9867858985152569,0.9867858985152569,0E-17,ELIGIBLE,R03b_20260811_FULL_v1,L1_ELIGIBILITY,v2026-08-11,2026-03-21..2026-08-06,baccarat_bet02_101_all_pairs_incl_sentinel,round_win = game_pnl > 0 (decisive only),COMPATIBILITY_ONLY_NOT_PRODUCTION,18421.3072,16785.3789,482.2964,300,285,-0.02618144,-0.00901077,-0.03175496,-0.02618144,-482.2964,18421.3072,OK,0.0000,19.2919,4.0000,96.0000,AG03-UNRESOLVED,ALL5_LEVELS_bet23_to_bet27,19.2919,19.2919,19.2919,19.2919,19.2919,4.000000,4.000000,4.000000,4.000000,4.000000,96.000000,96.000000,96.000000,96.000000,96.000000,5.0,96.4593,89.0451,385.8371,393.2513,PENDING_AG03,FALSE,NOT_FOR_ENFORCEMENT,463.0045,16113.9638,482.2964,463.0045,19.2919,0.02618144,0.02513418,19.2919,463.0045,0.02513418,19.2919,19.2919,19.2919,19.2919,19.2919,463.0045,0.02513418,96.4593,89.0451,385.8371,393.2513,0.02094515,0.02134763,0.00104726,61.4044,58.8961,1.6923,3.9211,2.3412,149.7667,2.3171,62.6970,60.9962,41.8926,42.3384,83.4468,160.8553,162.3351,164.1988,42.3384,-2.2539,3.834227,3.878245,1.450322,20,49,61,3,0.24505223,0.02618144,0.00901077,0E-8,0.000000,0.911194,0.000000,0.02274419,2026-03-22,2026-08-06,123,206,194,138,0.891304,1.027884,1.021051,0.816841,,,,,,,,GLOBAL_BASELINE_NO_ENTITY_RANKING,,,NOT_APPLICABLE_GLOBAL_BASELINE,HF9g-P5,,,,X 全窗基线 · 不参与实体赏罚,8393403,840,A168_HF9F_20260827_0900,2026-08-27 09:00:00
2026-05-27,97284850,2170,0,64.7777867883,-64.7777867883,-64.7777867883,0E-7,1,1,0.50665070000000000,0.506650700000,-1.013391052207602,-1.013391052207602,-1.013391052207602,0E-17,ELIGIBLE,R03b_20260811_FULL_v1,L1_ELIGIBILITY,v2026-08-11,2026-03-21..2026-08-06,baccarat_bet02_101_all_pairs_incl_sentinel,round_win = game_pnl > 0 (decisive only),COMPATIBILITY_ONLY_NOT_PRODUCTION,18421.3072,16785.3789,482.2964,300,285,-0.02618144,-0.00901077,-0.03175496,-0.02618144,-482.2964,18421.3072,OK,0.0000,19.2919,4.0000,96.0000,AG03-UNRESOLVED,ALL5_LEVELS_bet23_to_bet27,19.2919,19.2919,19.2919,19.2919,19.2919,4.000000,4.000000,4.000000,4.000000,4.000000,96.000000,96.000000,96.000000,96.000000,96.000000,5.0,96.4593,89.0451,385.8371,393.2513,PENDING_AG03,FALSE,NOT_FOR_ENFORCEMENT,463.0045,16113.9638,482.2964,463.0045,19.2919,0.02618144,0.02513418,19.2919,463.0045,0.02513418,19.2919,19.2919,19.2919,19.2919,19.2919,463.0045,0.02513418,96.4593,89.0451,385.8371,393.2513,0.02094515,0.02134763,0.00104726,61.4044,58.8961,1.6923,3.9211,2.3412,149.7667,2.3171,62.6970,60.9962,41.8926,42.3384,83.4468,160.8553,162.3351,164.1988,42.3384,-2.2539,3.834227,3.878245,1.450322,20,49,61,3,0.24505223,0.02618144,0.00901077,0E-8,0.000000,0.911194,0.000000,0.02274419,2026-03-22,2026-08-06,123,206,194,138,0.891304,1.027884,1.021051,0.816841,,,,,,,,GLOBAL_BASELINE_NO_ENTITY_RANKING,,,NOT_APPLICABLE_GLOBAL_BASELINE,HF9g-P5,,,,X 全窗基线 · 不参与实体赏罚,8393404,840,A168_HF9F_20260827_0900,2026-08-27 09:00:00
2026-05-27,97284850,2252,0,33.2193778401,31.5584089481,31.5584089481,1.0000000,1,1,0.50665070000000000,0.506650700000,0.9867858985152569,0.9867858985152569,0.9867858985152569,0E-17,ELIGIBLE,R03b_20260811_FULL_v1,L1_ELIGIBILITY,v2026-08-11,2026-03-21..2026-08-06,baccarat_bet02_101_all_pairs_incl_sentinel,round_win = game_pnl > 0 (decisive only),COMPATIBILITY_ONLY_NOT_PRODUCTION,18421.3072,16785.3789,482.2964,300,285,-0.02618144,-0.00901077,-0.03175496,-0.02618144,-482.2964,18421.3072,OK,0.0000,19.2919,4.0000,96.0000,AG03-UNRESOLVED,ALL5_LEVELS_bet23_to_bet27,19.2919,19.2919,19.2919,19.2919,19.2919,4.000000,4.000000,4.000000,4.000000,4.000000,96.000000,96.000000,96.000000,96.000000,96.000000,5.0,96.4593,89.0451,385.8371,393.2513,PENDING_AG03,FALSE,NOT_FOR_ENFORCEMENT,463.0045,16113.9638,482.2964,463.0045,19.2919,0.02618144,0.02513418,19.2919,463.0045,0.02513418,19.2919,19.2919,19.2919,19.2919,19.2919,463.0045,0.02513418,96.4593,89.0451,385.8371,393.2513,0.02094515,0.02134763,0.00104726,61.4044,58.8961,1.6923,3.9211,2.3412,149.7667,2.3171,62.6970,60.9962,41.8926,42.3384,83.4468,160.8553,162.3351,164.1988,42.3384,-2.2539,3.834227,3.878245,1.450322,20,49,61,3,0.24505223,0.02618144,0.00901077,0E-8,0.000000,0.911194,0.000000,0.02274419,2026-03-22,2026-08-06,123,206,194,138,0.891304,1.027884,1.021051,0.816841,,,,,,,,GLOBAL_BASELINE_NO_ENTITY_RANKING,,,NOT_APPLICABLE_GLOBAL_BASELINE,HF9g-P5,,,,X 全窗基线 · 不参与实体赏罚,8393405,840,A168_HF9F_20260827_0900,2026-08-27 09:00:00
2026-05-28,97284850,2177,0,42.3384227374,42.3384227374,42.3384227374,1.0000000,1,1,0.49324550000000000,0.493245500000,1.01360149184955,1.01360149184955,1.01360149184955,0E-17,ELIGIBLE,R03b_20260811_FULL_v1,L1_ELIGIBILITY,v2026-08-11,2026-03-21..2026-08-06,baccarat_bet02_101_all_pairs_incl_sentinel,round_win = game_pnl > 0 (decisive only),COMPATIBILITY_ONLY_NOT_PRODUCTION,18421.3072,16785.3789,482.2964,300,285,-0.02618144,-0.00901077,-0.03175496,-0.02618144,-482.2964,18421.3072,OK,0.0000,19.2919,4.0000,96.0000,AG03-UNRESOLVED,ALL5_LEVELS_bet23_to_bet27,19.2919,19.2919,19.2919,19.2919,19.2919,4.000000,4.000000,4.000000,4.000000,4.000000,96.000000,96.000000,96.000000,96.000000,96.000000,5.0,96.4593,89.0451,385.8371,393.2513,PENDING_AG03,FALSE,NOT_FOR_ENFORCEMENT,463.0045,16113.9638,482.2964,463.0045,19.2919,0.02618144,0.02513418,19.2919,463.0045,0.02513418,19.2919,19.2919,19.2919,19.2919,19.2919,463.0045,0.02513418,96.4593,89.0451,385.8371,393.2513,0.02094515,0.02134763,0.00104726,61.4044,58.8961,1.6923,3.9211,2.3412,149.7667,2.3171,62.6970,60.9962,41.8926,42.3384,83.4468,160.8553,162.3351,164.1988,42.3384,-2.2539,3.834227,3.878245,1.450322,20,49,61,3,0.24505223,0.02618144,0.00901077,0E-8,0.000000,0.911194,0.000000,0.02274419,2026-03-22,2026-08-06,123,206,194,138,0.891304,1.027884,1.021051,0.816841,,,,,,,,GLOBAL_BASELINE_NO_ENTITY_RANKING,,,NOT_APPLICABLE_GLOBAL_BASELINE,HF9g-P5,,,,X 全窗基线 · 不参与实体赏罚,8393406,840,A168_HF9F_20260827_0900,2026-08-27 09:00:00
2026-05-28,97284850,2223,0,164.4684883261,153.0696822046,153.0696822046,0.5000000,2,2,0.30062675000000000,0.300626750000,0.6149128471998733,0.6149128471998733,0.6149128471998733,0E-17,ELIGIBLE,R03b_20260811_FULL_v1,L1_ELIGIBILITY,v2026-08-11,2026-03-21..2026-08-06,baccarat_bet02_101_all_pairs_incl_sentinel,round_win = game_pnl > 0 (decisive only),COMPATIBILITY_ONLY_NOT_PRODUCTION,18421.3072,16785.3789,482.2964,300,285,-0.02618144,-0.00901077,-0.03175496,-0.02618144,-482.2964,18421.3072,OK,0.0000,19.2919,4.0000,96.0000,AG03-UNRESOLVED,ALL5_LEVELS_bet23_to_bet27,19.2919,19.2919,19.2919,19.2919,19.2919,4.000000,4.000000,4.000000,4.000000,4.000000,96.000000,96.000000,96.000000,96.000000,96.000000,5.0,96.4593,89.0451,385.8371,393.2513,PENDING_AG03,FALSE,NOT_FOR_ENFORCEMENT,463.0045,16113.9638,482.2964,463.0045,19.2919,0.02618144,0.02513418,19.2919,463.0045,0.02513418,19.2919,19.2919,19.2919,19.2919,19.2919,463.0045,0.02513418,96.4593,89.0451,385.8371,393.2513,0.02094515,0.02134763,0.00104726,61.4044,58.8961,1.6923,3.9211,2.3412,149.7667,2.3171,62.6970,60.9962,41.8926,42.3384,83.4468,160.8553,162.3351,164.1988,42.3384,-2.2539,3.834227,3.878245,1.450322,20,49,61,3,0.24505223,0.02618144,0.00901077,0E-8,0.000000,0.911194,0.000000,0.02274419,2026-03-22,2026-08-06,123,206,194,138,0.891304,1.027884,1.021051,0.816841,,,,,,,,GLOBAL_BASELINE_NO_ENTITY_RANKING,,,NOT_APPLICABLE_GLOBAL_BASELINE,HF9g-P5,,,,X 全窗基线 · 不参与实体赏罚,8393407,840,A168_HF9F_20260827_0900,2026-08-27 09:00:00
2026-05-28,97284850,994,0,84.6768454749,84.6768454749,84.6768454749,1.0000000,1,1,0.49324550000000000,0.493245500000,1.01360149184955,1.01360149184955,1.01360149184955,0E-17,ELIGIBLE,R03b_20260811_FULL_v1,L1_ELIGIBILITY,v2026-08-11,2026-03-21..2026-08-06,baccarat_bet02_101_all_pairs_incl_sentinel,round_win = game_pnl > 0 (decisive only),COMPATIBILITY_ONLY_NOT_PRODUCTION,18421.3072,16785.3789,482.2964,300,285,-0.02618144,-0.00901077,-0.03175496,-0.02618144,-482.2964,18421.3072,OK,0.0000,19.2919,4.0000,96.0000,AG03-UNRESOLVED,ALL5_LEVELS_bet23_to_bet27,19.2919,19.2919,19.2919,19.2919,19.2919,4.000000,4.000000,4.000000,4.000000,4.000000,96.000000,96.000000,96.000000,96.000000,96.000000,5.0,96.4593,89.0451,385.8371,393.2513,PENDING_AG03,FALSE,NOT_FOR_ENFORCEMENT,463.0045,16113.9638,482.2964,463.0045,19.2919,0.02618144,0.02513418,19.2919,463.0045,0.02513418,19.2919,19.2919,19.2919,19.2919,19.2919,463.0045,0.02513418,96.4593,89.0451,385.8371,393.2513,0.02094515,0.02134763,0.00104726,61.4044,58.8961,1.6923,3.9211,2.3412,149.7667,2.3171,62.6970,60.9962,41.8926,42.3384,83.4468,160.8553,162.3351,164.1988,42.3384,-2.2539,3.834227,3.878245,1.450322,20,49,61,3,0.24505223,0.02618144,0.00901077,0E-8,0.000000,0.911194,0.000000,0.02274419,2026-03-22,2026-08-06,123,206,194,138,0.891304,1.027884,1.021051,0.816841,,,,,,,,GLOBAL_BASELINE_NO_ENTITY_RANKING,,,NOT_APPLICABLE_GLOBAL_BASELINE,HF9g-P5,,,,X 全窗基线 · 不参与实体赏罚,8393408,840,A168_HF9F_20260827_0900,2026-08-27 09:00:00
2026-05-29,97284850,1318,0,42.3384227374,-42.3384227374,-42.3384227374,0E-7,1,1,0.49324550000000000,0.493245500000,-0.9865810262130424,-0.9865810262130424,-0.9865810262130424,0E-17,ELIGIBLE,R03b_20260811_FULL_v1,L1_ELIGIBILITY,v2026-08-11,2026-03-21..2026-08-06,baccarat_bet02_101_all_pairs_incl_sentinel,round_win = game_pnl > 0 (decisive only),COMPATIBILITY_ONLY_NOT_PRODUCTION,18421.3072,16785.3789,482.2964,300,285,-0.02618144,-0.00901077,-0.03175496,-0.02618144,-482.2964,18421.3072,OK,0.0000,19.2919,4.0000,96.0000,AG03-UNRESOLVED,ALL5_LEVELS_bet23_to_bet27,19.2919,19.2919,19.2919,19.2919,19.2919,4.000000,4.000000,4.000000,4.000000,4.000000,96.000000,96.000000,96.000000,96.000000,96.000000,5.0,96.4593,89.0451,385.8371,393.2513,PENDING_AG03,FALSE,NOT_FOR_ENFORCEMENT,463.0045,16113.9638,482.2964,463.0045,19.2919,0.02618144,0.02513418,19.2919,463.0045,0.02513418,19.2919,19.2919,19.2919,19.2919,19.2919,463.0045,0.02513418,96.4593,89.0451,385.8371,393.2513,0.02094515,0.02134763,0.00104726,61.4044,58.8961,1.6923,3.9211,2.3412,149.7667,2.3171,62.6970,60.9962,41.8926,42.3384,83.4468,160.8553,162.3351,164.1988,42.3384,-2.2539,3.834227,3.878245,1.450322,20,49,61,3,0.24505223,0.02618144,0.00901077,0E-8,0.000000,0.911194,0.000000,0.02274419,2026-03-22,2026-08-06,123,206,194,138,0.891304,1.027884,1.021051,0.816841,,,,,,,,GLOBAL_BASELINE_NO_ENTITY_RANKING,,,NOT_APPLICABLE_GLOBAL_BASELINE,HF9g-P5,,,,X 全窗基线 · 不参与实体赏罚,8393409,840,A168_HF9F_20260827_0900,2026-08-27 09:00:00
2026-05-30,97284850,1330,0,84.6768454749,-84.6768454749,-84.6768454749,0E-7,1,1,0.49324550000000000,0.493245500000,-0.9865810262130424,-0.9865810262130424,-0.9865810262130424,0E-17,ELIGIBLE,R03b_20260811_FULL_v1,L1_ELIGIBILITY,v2026-08-11,2026-03-21..2026-08-06,baccarat_bet02_101_all_pairs_incl_sentinel,round_win = game_pnl > 0 (decisive only),COMPATIBILITY_ONLY_NOT_PRODUCTION,18421.3072,16785.3789,482.2964,300,285,-0.02618144,-0.00901077,-0.03175496,-0.02618144,-482.2964,18421.3072,OK,0.0000,19.2919,4.0000,96.0000,AG03-UNRESOLVED,ALL5_LEVELS_bet23_to_bet27,19.2919,19.2919,19.2919,19.2919,19.2919,4.000000,4.000000,4.000000,4.000000,4.000000,96.000000,96.000000,96.000000,96.000000,96.000000,5.0,96.4593,89.0451,385.8371,393.2513,PENDING_AG03,FALSE,NOT_FOR_ENFORCEMENT,463.0045,16113.9638,482.2964,463.0045,19.2919,0.02618144,0.02513418,19.2919,463.0045,0.02513418,19.2919,19.2919,19.2919,19.2919,19.2919,463.0045,0.02513418,96.4593,89.0451,385.8371,393.2513,0.02094515,0.02134763,0.00104726,61.4044,58.8961,1.6923,3.9211,2.3412,149.7667,2.3171,62.6970,60.9962,41.8926,42.3384,83.4468,160.8553,162.3351,164.1988,42.3384,-2.2539,3.834227,3.878245,1.450322,20,49,61,3,0.24505223,0.02618144,0.00901077,0E-8,0.000000,0.911194,0.000000,0.02274419,2026-03-22,2026-08-06,123,206,194,138,0.891304,1.027884,1.021051,0.816841,,,,,,,,GLOBAL_BASELINE_NO_ENTITY_RANKING,,,NOT_APPLICABLE_GLOBAL_BASELINE,HF9g-P5,,,,X 全窗基线 · 不参与实体赏罚,8393410,840,A168_HF9F_20260827_0900,2026-08-27 09:00:00
2026-05-30,97284850,2223,0,42.3384227374,42.3384227374,42.3384227374,1.0000000,1,1,0.49324550000000000,0.493245500000,1.01360149184955,1.01360149184955,1.01360149184955,0E-17,ELIGIBLE,R03b_20260811_FULL_v1,L1_ELIGIBILITY,v2026-08-11,2026-03-21..2026-08-06,baccarat_bet02_101_all_pairs_incl_sentinel,round_win = game_pnl > 0 (decisive only),COMPATIBILITY_ONLY_NOT_PRODUCTION,18421.3072,16785.3789,482.2964,300,285,-0.02618144,-0.00901077,-0.03175496,-0.02618144,-482.2964,18421.3072,OK,0.0000,19.2919,4.0000,96.0000,AG03-UNRESOLVED,ALL5_LEVELS_bet23_to_bet27,19.2919,19.2919,19.2919,19.2919,19.2919,4.000000,4.000000,4.000000,4.000000,4.000000,96.000000,96.000000,96.000000,96.000000,96.000000,5.0,96.4593,89.0451,385.8371,393.2513,PENDING_AG03,FALSE,NOT_FOR_ENFORCEMENT,463.0045,16113.9638,482.2964,463.0045,19.2919,0.02618144,0.02513418,19.2919,463.0045,0.02513418,19.2919,19.2919,19.2919,19.2919,19.2919,463.0045,0.02513418,96.4593,89.0451,385.8371,393.2513,0.02094515,0.02134763,0.00104726,61.4044,58.8961,1.6923,3.9211,2.3412,149.7667,2.3171,62.6970,60.9962,41.8926,42.3384,83.4468,160.8553,162.3351,164.1988,42.3384,-2.2539,3.834227,3.878245,1.450322,20,49,61,3,0.24505223,0.02618144,0.00901077,0E-8,0.000000,0.911194,0.000000,0.02274419,2026-03-22,2026-08-06,123,206,194,138,0.891304,1.027884,1.021051,0.816841,,,,,,,,GLOBAL_BASELINE_NO_ENTITY_RANKING,,,NOT_APPLICABLE_GLOBAL_BASELINE,HF9g-P5,,,,X 全窗基线 · 不参与实体赏罚,8393411,840,A168_HF9F_20260827_0900,2026-08-27 09:00:00
2026-05-31,97284850,-1,1,84.6768454749,-84.6768454749,-84.6768454749,0E-7,1,1,0.50665070000000000,0.506650700000,-1.013391052207602,-1.013391052207602,-1.013391052207602,0E-17,SENTINEL_DEALER,R03b_20260811_FULL_v1,L1_ELIGIBILITY,v2026-08-11,2026-03-21..2026-08-06,baccarat_bet02_101_all_pairs_incl_sentinel,round_win = game_pnl > 0 (decisive only),COMPATIBILITY_ONLY_NOT_PRODUCTION,18421.3072,16785.3789,482.2964,300,285,-0.02618144,-0.00901077,-0.03175496,-0.02618144,-482.2964,18421.3072,OK,0.0000,19.2919,4.0000,96.0000,AG03-UNRESOLVED,ALL5_LEVELS_bet23_to_bet27,19.2919,19.2919,19.2919,19.2919,19.2919,4.000000,4.000000,4.000000,4.000000,4.000000,96.000000,96.000000,96.000000,96.000000,96.000000,5.0,96.4593,89.0451,385.8371,393.2513,PENDING_AG03,FALSE,NOT_FOR_ENFORCEMENT,463.0045,16113.9638,482.2964,463.0045,19.2919,0.02618144,0.02513418,19.2919,463.0045,0.02513418,19.2919,19.2919,19.2919,19.2919,19.2919,463.0045,0.02513418,96.4593,89.0451,385.8371,393.2513,0.02094515,0.02134763,0.00104726,61.4044,58.8961,1.6923,3.9211,2.3412,149.7667,2.3171,62.6970,60.9962,41.8926,42.3384,83.4468,160.8553,162.3351,164.1988,42.3384,-2.2539,3.834227,3.878245,1.450322,20,49,61,3,0.24505223,0.02618144,0.00901077,0E-8,0.000000,0.911194,0.000000,0.02274419,2026-03-22,2026-08-06,123,206,194,138,0.891304,1.027884,1.021051,0.816841,,,,,,,,GLOBAL_BASELINE_NO_ENTITY_RANKING,,,NOT_APPLICABLE_GLOBAL_BASELINE,HF9g-P5,,,,X 全窗基线 · 不参与实体赏罚,8393412,840,A168_HF9F_20260827_0900,2026-08-27 09:00:00
2026-05-31,97284850,1318,0,42.3384227374,42.3384227374,42.3384227374,1.0000000,1,1,0.49324550000000000,0.493245500000,1.01360149184955,1.01360149184955,1.01360149184955,0E-17,ELIGIBLE,R03b_20260811_FULL_v1,L1_ELIGIBILITY,v2026-08-11,2026-03-21..2026-08-06,baccarat_bet02_101_all_pairs_incl_sentinel,round_win = game_pnl > 0 (decisive only),COMPATIBILITY_ONLY_NOT_PRODUCTION,18421.3072,16785.3789,482.2964,300,285,-0.02618144,-0.00901077,-0.03175496,-0.02618144,-482.2964,18421.3072,OK,0.0000,19.2919,4.0000,96.0000,AG03-UNRESOLVED,ALL5_LEVELS_bet23_to_bet27,19.2919,19.2919,19.2919,19.2919,19.2919,4.000000,4.000000,4.000000,4.000000,4.000000,96.000000,96.000000,96.000000,96.000000,96.000000,5.0,96.4593,89.0451,385.8371,393.2513,PENDING_AG03,FALSE,NOT_FOR_ENFORCEMENT,463.0045,16113.9638,482.2964,463.0045,19.2919,0.02618144,0.02513418,19.2919,463.0045,0.02513418,19.2919,19.2919,19.2919,19.2919,19.2919,463.0045,0.02513418,96.4593,89.0451,385.8371,393.2513,0.02094515,0.02134763,0.00104726,61.4044,58.8961,1.6923,3.9211,2.3412,149.7667,2.3171,62.6970,60.9962,41.8926,42.3384,83.4468,160.8553,162.3351,164.1988,42.3384,-2.2539,3.834227,3.878245,1.450322,20,49,61,3,0.24505223,0.02618144,0.00901077,0E-8,0.000000,0.911194,0.000000,0.02274419,2026-03-22,2026-08-06,123,206,194,138,0.891304,1.027884,1.021051,0.816841,,,,,,,,GLOBAL_BASELINE_NO_ENTITY_RANKING,,,NOT_APPLICABLE_GLOBAL_BASELINE,HF9g-P5,,,,X 全窗基线 · 不参与实体赏罚,8393413,840,A168_HF9F_20260827_0900,2026-08-27 09:00:00
2026-06-01,97284850,1318,0,41.8926182629,39.7979873497,39.7979873497,1.0000000,1,1,0.50665070000000000,0.506650700000,0.9867858985152569,0.9867858985152569,0.9867858985152569,0E-17,ELIGIBLE,R03b_20260811_FULL_v1,L1_ELIGIBILITY,v2026-08-11,2026-03-21..2026-08-06,baccarat_bet02_101_all_pairs_incl_sentinel,round_win = game_pnl > 0 (decisive only),COMPATIBILITY_ONLY_NOT_PRODUCTION,18421.3072,16785.3789,482.2964,300,285,-0.02618144,-0.00901077,-0.03175496,-0.02618144,-482.2964,18421.3072,OK,0.0000,19.2919,4.0000,96.0000,AG03-UNRESOLVED,ALL5_LEVELS_bet23_to_bet27,19.2919,19.2919,19.2919,19.2919,19.2919,4.000000,4.000000,4.000000,4.000000,4.000000,96.000000,96.000000,96.000000,96.000000,96.000000,5.0,96.4593,89.0451,385.8371,393.2513,PENDING_AG03,FALSE,NOT_FOR_ENFORCEMENT,463.0045,16113.9638,482.2964,463.0045,19.2919,0.02618144,0.02513418,19.2919,463.0045,0.02513418,19.2919,19.2919,19.2919,19.2919,19.2919,463.0045,0.02513418,96.4593,89.0451,385.8371,393.2513,0.02094515,0.02134763,0.00104726,61.4044,58.8961,1.6923,3.9211,2.3412,149.7667,2.3171,62.6970,60.9962,41.8926,42.3384,83.4468,160.8553,162.3351,164.1988,42.3384,-2.2539,3.834227,3.878245,1.450322,20,49,61,3,0.24505223,0.02618144,0.00901077,0E-8,0.000000,0.911194,0.000000,0.02274419,2026-03-22,2026-08-06,123,206,194,138,0.891304,1.027884,1.021051,0.816841,,,,,,,,GLOBAL_BASELINE_NO_ENTITY_RANKING,,,NOT_APPLICABLE_GLOBAL_BASELINE,HF9g-P5,,,,X 全窗基线 · 不参与实体赏罚,8393414,840,A168_HF9F_20260827_0900,2026-08-27 09:00:00
2026-06-01,97284850,1330,0,242.8160604698,234.7597877269,234.7597877269,1.0000000,2,2,0.49994810000000000,0.499948100000,1.4143603653603398,1.4143603653603398,1.4143603653603398,0E-17,ELIGIBLE,R03b_20260811_FULL_v1,L1_ELIGIBILITY,v2026-08-11,2026-03-21..2026-08-06,baccarat_bet02_101_all_pairs_incl_sentinel,round_win = game_pnl > 0 (decisive only),COMPATIBILITY_ONLY_NOT_PRODUCTION,18421.3072,16785.3789,482.2964,300,285,-0.02618144,-0.00901077,-0.03175496,-0.02618144,-482.2964,18421.3072,OK,0.0000,19.2919,4.0000,96.0000,AG03-UNRESOLVED,ALL5_LEVELS_bet23_to_bet27,19.2919,19.2919,19.2919,19.2919,19.2919,4.000000,4.000000,4.000000,4.000000,4.000000,96.000000,96.000000,96.000000,96.000000,96.000000,5.0,96.4593,89.0451,385.8371,393.2513,PENDING_AG03,FALSE,NOT_FOR_ENFORCEMENT,463.0045,16113.9638,482.2964,463.0045,19.2919,0.02618144,0.02513418,19.2919,463.0045,0.02513418,19.2919,19.2919,19.2919,19.2919,19.2919,463.0045,0.02513418,96.4593,89.0451,385.8371,393.2513,0.02094515,0.02134763,0.00104726,61.4044,58.8961,1.6923,3.9211,2.3412,149.7667,2.3171,62.6970,60.9962,41.8926,42.3384,83.4468,160.8553,162.3351,164.1988,42.3384,-2.2539,3.834227,3.878245,1.450322,20,49,61,3,0.24505223,0.02618144,0.00901077,0E-8,0.000000,0.911194,0.000000,0.02274419,2026-03-22,2026-08-06,123,206,194,138,0.891304,1.027884,1.021051,0.816841,,,,,,,,GLOBAL_BASELINE_NO_ENTITY_RANKING,,,NOT_APPLICABLE_GLOBAL_BASELINE,HF9g-P5,,,,X 全窗基线 · 不参与实体赏罚,8393415,840,A168_HF9F_20260827_0900,2026-08-27 09:00:00
2026-06-02,97284850,1330,0,41.8926182629,-41.8926182629,-41.8926182629,0E-7,1,1,0.50665070000000000,0.506650700000,-1.013391052207602,-1.013391052207602,-1.013391052207602,0E-17,ELIGIBLE,R03b_20260811_FULL_v1,L1_ELIGIBILITY,v2026-08-11,2026-03-21..2026-08-06,baccarat_bet02_101_all_pairs_incl_sentinel,round_win = game_pnl > 0 (decisive only),COMPATIBILITY_ONLY_NOT_PRODUCTION,18421.3072,16785.3789,482.2964,300,285,-0.02618144,-0.00901077,-0.03175496,-0.02618144,-482.2964,18421.3072,OK,0.0000,19.2919,4.0000,96.0000,AG03-UNRESOLVED,ALL5_LEVELS_bet23_to_bet27,19.2919,19.2919,19.2919,19.2919,19.2919,4.000000,4.000000,4.000000,4.000000,4.000000,96.000000,96.000000,96.000000,96.000000,96.000000,5.0,96.4593,89.0451,385.8371,393.2513,PENDING_AG03,FALSE,NOT_FOR_ENFORCEMENT,463.0045,16113.9638,482.2964,463.0045,19.2919,0.02618144,0.02513418,19.2919,463.0045,0.02513418,19.2919,19.2919,19.2919,19.2919,19.2919,463.0045,0.02513418,96.4593,89.0451,385.8371,393.2513,0.02094515,0.02134763,0.00104726,61.4044,58.8961,1.6923,3.9211,2.3412,149.7667,2.3171,62.6970,60.9962,41.8926,42.3384,83.4468,160.8553,162.3351,164.1988,42.3384,-2.2539,3.834227,3.878245,1.450322,20,49,61,3,0.24505223,0.02618144,0.00901077,0E-8,0.000000,0.911194,0.000000,0.02274419,2026-03-22,2026-08-06,123,206,194,138,0.891304,1.027884,1.021051,0.816841,,,,,,,,GLOBAL_BASELINE_NO_ENTITY_RANKING,,,NOT_APPLICABLE_GLOBAL_BASELINE,HF9g-P5,,,,X 全窗基线 · 不参与实体赏罚,8393416,840,A168_HF9F_20260827_0900,2026-08-27 09:00:00
2026-06-03,97284850,2202,0,41.8926182629,-41.8926182629,-41.8926182629,0E-7,1,1,0.50665070000000000,0.506650700000,-1.013391052207602,-1.013391052207602,-1.013391052207602,0E-17,ELIGIBLE,R03b_20260811_FULL_v1,L1_ELIGIBILITY,v2026-08-11,2026-03-21..2026-08-06,baccarat_bet02_101_all_pairs_incl_sentinel,round_win = game_pnl > 0 (decisive only),COMPATIBILITY_ONLY_NOT_PRODUCTION,18421.3072,16785.3789,482.2964,300,285,-0.02618144,-0.00901077,-0.03175496,-0.02618144,-482.2964,18421.3072,OK,0.0000,19.2919,4.0000,96.0000,AG03-UNRESOLVED,ALL5_LEVELS_bet23_to_bet27,19.2919,19.2919,19.2919,19.2919,19.2919,4.000000,4.000000,4.000000,4.000000,4.000000,96.000000,96.000000,96.000000,96.000000,96.000000,5.0,96.4593,89.0451,385.8371,393.2513,PENDING_AG03,FALSE,NOT_FOR_ENFORCEMENT,463.0045,16113.9638,482.2964,463.0045,19.2919,0.02618144,0.02513418,19.2919,463.0045,0.02513418,19.2919,19.2919,19.2919,19.2919,19.2919,463.0045,0.02513418,96.4593,89.0451,385.8371,393.2513,0.02094515,0.02134763,0.00104726,61.4044,58.8961,1.6923,3.9211,2.3412,149.7667,2.3171,62.6970,60.9962,41.8926,42.3384,83.4468,160.8553,162.3351,164.1988,42.3384,-2.2539,3.834227,3.878245,1.450322,20,49,61,3,0.24505223,0.02618144,0.00901077,0E-8,0.000000,0.911194,0.000000,0.02274419,2026-03-22,2026-08-06,123,206,194,138,0.891304,1.027884,1.021051,0.816841,,,,,,,,GLOBAL_BASELINE_NO_ENTITY_RANKING,,,NOT_APPLICABLE_GLOBAL_BASELINE,HF9g-P5,,,,X 全窗基线 · 不参与实体赏罚,8393417,840,A168_HF9F_20260827_0900,2026-08-27 09:00:00
2026-06-04,97284850,1307,0,83.7852365257,-83.7852365257,-83.7852365257,0E-7,1,1,0.50665070000000000,0.506650700000,-1.013391052207602,-1.013391052207602,-1.013391052207602,0E-17,ELIGIBLE,R03b_20260811_FULL_v1,L1_ELIGIBILITY,v2026-08-11,2026-03-21..2026-08-06,baccarat_bet02_101_all_pairs_incl_sentinel,round_win = game_pnl > 0 (decisive only),COMPATIBILITY_ONLY_NOT_PRODUCTION,18421.3072,16785.3789,482.2964,300,285,-0.02618144,-0.00901077,-0.03175496,-0.02618144,-482.2964,18421.3072,OK,0.0000,19.2919,4.0000,96.0000,AG03-UNRESOLVED,ALL5_LEVELS_bet23_to_bet27,19.2919,19.2919,19.2919,19.2919,19.2919,4.000000,4.000000,4.000000,4.000000,4.000000,96.000000,96.000000,96.000000,96.000000,96.000000,5.0,96.4593,89.0451,385.8371,393.2513,PENDING_AG03,FALSE,NOT_FOR_ENFORCEMENT,463.0045,16113.9638,482.2964,463.0045,19.2919,0.02618144,0.02513418,19.2919,463.0045,0.02513418,19.2919,19.2919,19.2919,19.2919,19.2919,463.0045,0.02513418,96.4593,89.0451,385.8371,393.2513,0.02094515,0.02134763,0.00104726,61.4044,58.8961,1.6923,3.9211,2.3412,149.7667,2.3171,62.6970,60.9962,41.8926,42.3384,83.4468,160.8553,162.3351,164.1988,42.3384,-2.2539,3.834227,3.878245,1.450322,20,49,61,3,0.24505223,0.02618144,0.00901077,0E-8,0.000000,0.911194,0.000000,0.02274419,2026-03-22,2026-08-06,123,206,194,138,0.891304,1.027884,1.021051,0.816841,,,,,,,,GLOBAL_BASELINE_NO_ENTITY_RANKING,,,NOT_APPLICABLE_GLOBAL_BASELINE,HF9g-P5,,,,X 全窗基线 · 不参与实体赏罚,8393418,840,A168_HF9F_20260827_0900,2026-08-27 09:00:00
2026-06-04,97284850,1331,0,41.8926182629,41.8926182629,41.8926182629,1.0000000,1,1,0.49324550000000000,0.493245500000,1.01360149184955,1.01360149184955,1.01360149184955,0E-17,ELIGIBLE,R03b_20260811_FULL_v1,L1_ELIGIBILITY,v2026-08-11,2026-03-21..2026-08-06,baccarat_bet02_101_all_pairs_incl_sentinel,round_win = game_pnl > 0 (decisive only),COMPATIBILITY_ONLY_NOT_PRODUCTION,18421.3072,16785.3789,482.2964,300,285,-0.02618144,-0.00901077,-0.03175496,-0.02618144,-482.2964,18421.3072,OK,0.0000,19.2919,4.0000,96.0000,AG03-UNRESOLVED,ALL5_LEVELS_bet23_to_bet27,19.2919,19.2919,19.2919,19.2919,19.2919,4.000000,4.000000,4.000000,4.000000,4.000000,96.000000,96.000000,96.000000,96.000000,96.000000,5.0,96.4593,89.0451,385.8371,393.2513,PENDING_AG03,FALSE,NOT_FOR_ENFORCEMENT,463.0045,16113.9638,482.2964,463.0045,19.2919,0.02618144,0.02513418,19.2919,463.0045,0.02513418,19.2919,19.2919,19.2919,19.2919,19.2919,463.0045,0.02513418,96.4593,89.0451,385.8371,393.2513,0.02094515,0.02134763,0.00104726,61.4044,58.8961,1.6923,3.9211,2.3412,149.7667,2.3171,62.6970,60.9962,41.8926,42.3384,83.4468,160.8553,162.3351,164.1988,42.3384,-2.2539,3.834227,3.878245,1.450322,20,49,61,3,0.24505223,0.02618144,0.00901077,0E-8,0.000000,0.911194,0.000000,0.02274419,2026-03-22,2026-08-06,123,206,194,138,0.891304,1.027884,1.021051,0.816841,,,,,,,,GLOBAL_BASELINE_NO_ENTITY_RANKING,,,NOT_APPLICABLE_GLOBAL_BASELINE,HF9g-P5,,,,X 全窗基线 · 不参与实体赏罚,8393419,840,A168_HF9F_20260827_0900,2026-08-27 09:00:00
2026-06-05,97284850,1505,0,41.8926182629,39.7979873497,39.7979873497,1.0000000,1,1,0.50665070000000000,0.506650700000,0.9867858985152569,0.9867858985152569,0.9867858985152569,0E-17,ELIGIBLE,R03b_20260811_FULL_v1,L1_ELIGIBILITY,v2026-08-11,2026-03-21..2026-08-06,baccarat_bet02_101_all_pairs_incl_sentinel,round_win = game_pnl > 0 (decisive only),COMPATIBILITY_ONLY_NOT_PRODUCTION,18421.3072,16785.3789,482.2964,300,285,-0.02618144,-0.00901077,-0.03175496,-0.02618144,-482.2964,18421.3072,OK,0.0000,19.2919,4.0000,96.0000,AG03-UNRESOLVED,ALL5_LEVELS_bet23_to_bet27,19.2919,19.2919,19.2919,19.2919,19.2919,4.000000,4.000000,4.000000,4.000000,4.000000,96.000000,96.000000,96.000000,96.000000,96.000000,5.0,96.4593,89.0451,385.8371,393.2513,PENDING_AG03,FALSE,NOT_FOR_ENFORCEMENT,463.0045,16113.9638,482.2964,463.0045,19.2919,0.02618144,0.02513418,19.2919,463.0045,0.02513418,19.2919,19.2919,19.2919,19.2919,19.2919,463.0045,0.02513418,96.4593,89.0451,385.8371,393.2513,0.02094515,0.02134763,0.00104726,61.4044,58.8961,1.6923,3.9211,2.3412,149.7667,2.3171,62.6970,60.9962,41.8926,42.3384,83.4468,160.8553,162.3351,164.1988,42.3384,-2.2539,3.834227,3.878245,1.450322,20,49,61,3,0.24505223,0.02618144,0.00901077,0E-8,0.000000,0.911194,0.000000,0.02274419,2026-03-22,2026-08-06,123,206,194,138,0.891304,1.027884,1.021051,0.816841,,,,,,,,GLOBAL_BASELINE_NO_ENTITY_RANKING,,,NOT_APPLICABLE_GLOBAL_BASELINE,HF9g-P5,,,,X 全窗基线 · 不参与实体赏罚,8393420,840,A168_HF9F_20260827_0900,2026-08-27 09:00:00
2026-06-05,97284850,2196,0,81.6906056126,-81.6906056126,-81.6906056126,0E-7,1,1,0.49324550000000000,0.493245500000,-0.9865810262130424,-0.9865810262130424,-0.9865810262130424,0E-17,ELIGIBLE,R03b_20260811_FULL_v1,L1_ELIGIBILITY,v2026-08-11,2026-03-21..2026-08-06,baccarat_bet02_101_all_pairs_incl_sentinel,round_win = game_pnl > 0 (decisive only),COMPATIBILITY_ONLY_NOT_PRODUCTION,18421.3072,16785.3789,482.2964,300,285,-0.02618144,-0.00901077,-0.03175496,-0.02618144,-482.2964,18421.3072,OK,0.0000,19.2919,4.0000,96.0000,AG03-UNRESOLVED,ALL5_LEVELS_bet23_to_bet27,19.2919,19.2919,19.2919,19.2919,19.2919,4.000000,4.000000,4.000000,4.000000,4.000000,96.000000,96.000000,96.000000,96.000000,96.000000,5.0,96.4593,89.0451,385.8371,393.2513,PENDING_AG03,FALSE,NOT_FOR_ENFORCEMENT,463.0045,16113.9638,482.2964,463.0045,19.2919,0.02618144,0.02513418,19.2919,463.0045,0.02513418,19.2919,19.2919,19.2919,19.2919,19.2919,463.0045,0.02513418,96.4593,89.0451,385.8371,393.2513,0.02094515,0.02134763,0.00104726,61.4044,58.8961,1.6923,3.9211,2.3412,149.7667,2.3171,62.6970,60.9962,41.8926,42.3384,83.4468,160.8553,162.3351,164.1988,42.3384,-2.2539,3.834227,3.878245,1.450322,20,49,61,3,0.24505223,0.02618144,0.00901077,0E-8,0.000000,0.911194,0.000000,0.02274419,2026-03-22,2026-08-06,123,206,194,138,0.891304,1.027884,1.021051,0.816841,,,,,,,,GLOBAL_BASELINE_NO_ENTITY_RANKING,,,NOT_APPLICABLE_GLOBAL_BASELINE,HF9g-P5,,,,X 全窗基线 · 不参与实体赏罚,8393421,840,A168_HF9F_20260827_0900,2026-08-27 09:00:00
2026-06-06,97284850,2235,0,205.2738294881,-41.8926182629,-41.8926182629,0.5000000,3,3,0.49771390000000000,0.497713900000,0.006466134837551399,0.0064661348375514,0.006466134837551399,0E-17,ELIGIBLE,R03b_20260811_FULL_v1,L1_ELIGIBILITY,v2026-08-11,2026-03-21..2026-08-06,baccarat_bet02_101_all_pairs_incl_sentinel,round_win = game_pnl > 0 (decisive only),COMPATIBILITY_ONLY_NOT_PRODUCTION,18421.3072,16785.3789,482.2964,300,285,-0.02618144,-0.00901077,-0.03175496,-0.02618144,-482.2964,18421.3072,OK,0.0000,19.2919,4.0000,96.0000,AG03-UNRESOLVED,ALL5_LEVELS_bet23_to_bet27,19.2919,19.2919,19.2919,19.2919,19.2919,4.000000,4.000000,4.000000,4.000000,4.000000,96.000000,96.000000,96.000000,96.000000,96.000000,5.0,96.4593,89.0451,385.8371,393.2513,PENDING_AG03,FALSE,NOT_FOR_ENFORCEMENT,463.0045,16113.9638,482.2964,463.0045,19.2919,0.02618144,0.02513418,19.2919,463.0045,0.02513418,19.2919,19.2919,19.2919,19.2919,19.2919,463.0045,0.02513418,96.4593,89.0451,385.8371,393.2513,0.02094515,0.02134763,0.00104726,61.4044,58.8961,1.6923,3.9211,2.3412,149.7667,2.3171,62.6970,60.9962,41.8926,42.3384,83.4468,160.8553,162.3351,164.1988,42.3384,-2.2539,3.834227,3.878245,1.450322,20,49,61,3,0.24505223,0.02618144,0.00901077,0E-8,0.000000,0.911194,0.000000,0.02274419,2026-03-22,2026-08-06,123,206,194,138,0.891304,1.027884,1.021051,0.816841,,,,,,,,GLOBAL_BASELINE_NO_ENTITY_RANKING,,,NOT_APPLICABLE_GLOBAL_BASELINE,HF9g-P5,,,,X 全窗基线 · 不参与实体赏罚,8393422,840,A168_HF9F_20260827_0900,2026-08-27 09:00:00
2026-06-07,97284850,1318,0,81.6906056126,77.6060753320,77.6060753320,1.0000000,1,1,0.50665070000000000,0.506650700000,0.9867858985152569,0.9867858985152569,0.9867858985152569,0E-17,ELIGIBLE,R03b_20260811_FULL_v1,L1_ELIGIBILITY,v2026-08-11,2026-03-21..2026-08-06,baccarat_bet02_101_all_pairs_incl_sentinel,round_win = game_pnl > 0 (decisive only),COMPATIBILITY_ONLY_NOT_PRODUCTION,18421.3072,16785.3789,482.2964,300,285,-0.02618144,-0.00901077,-0.03175496,-0.02618144,-482.2964,18421.3072,OK,0.0000,19.2919,4.0000,96.0000,AG03-UNRESOLVED,ALL5_LEVELS_bet23_to_bet27,19.2919,19.2919,19.2919,19.2919,19.2919,4.000000,4.000000,4.000000,4.000000,4.000000,96.000000,96.000000,96.000000,96.000000,96.000000,5.0,96.4593,89.0451,385.8371,393.2513,PENDING_AG03,FALSE,NOT_FOR_ENFORCEMENT,463.0045,16113.9638,482.2964,463.0045,19.2919,0.02618144,0.02513418,19.2919,463.0045,0.02513418,19.2919,19.2919,19.2919,19.2919,19.2919,463.0045,0.02513418,96.4593,89.0451,385.8371,393.2513,0.02094515,0.02134763,0.00104726,61.4044,58.8961,1.6923,3.9211,2.3412,149.7667,2.3171,62.6970,60.9962,41.8926,42.3384,83.4468,160.8553,162.3351,164.1988,42.3384,-2.2539,3.834227,3.878245,1.450322,20,49,61,3,0.24505223,0.02618144,0.00901077,0E-8,0.000000,0.911194,0.000000,0.02274419,2026-03-22,2026-08-06,123,206,194,138,0.891304,1.027884,1.021051,0.816841,,,,,,,,GLOBAL_BASELINE_NO_ENTITY_RANKING,,,NOT_APPLICABLE_GLOBAL_BASELINE,HF9g-P5,,,,X 全窗基线 · 不参与实体赏罚,8393423,840,A168_HF9F_20260827_0900,2026-08-27 09:00:00
2026-06-07,97284850,1331,0,41.8926182629,39.7979873497,39.7979873497,1.0000000,1,1,0.50665070000000000,0.506650700000,0.9867858985152569,0.9867858985152569,0.9867858985152569,0E-17,ELIGIBLE,R03b_20260811_FULL_v1,L1_ELIGIBILITY,v2026-08-11,2026-03-21..2026-08-06,baccarat_bet02_101_all_pairs_incl_sentinel,round_win = game_pnl > 0 (decisive only),COMPATIBILITY_ONLY_NOT_PRODUCTION,18421.3072,16785.3789,482.2964,300,285,-0.02618144,-0.00901077,-0.03175496,-0.02618144,-482.2964,18421.3072,OK,0.0000,19.2919,4.0000,96.0000,AG03-UNRESOLVED,ALL5_LEVELS_bet23_to_bet27,19.2919,19.2919,19.2919,19.2919,19.2919,4.000000,4.000000,4.000000,4.000000,4.000000,96.000000,96.000000,96.000000,96.000000,96.000000,5.0,96.4593,89.0451,385.8371,393.2513,PENDING_AG03,FALSE,NOT_FOR_ENFORCEMENT,463.0045,16113.9638,482.2964,463.0045,19.2919,0.02618144,0.02513418,19.2919,463.0045,0.02513418,19.2919,19.2919,19.2919,19.2919,19.2919,463.0045,0.02513418,96.4593,89.0451,385.8371,393.2513,0.02094515,0.02134763,0.00104726,61.4044,58.8961,1.6923,3.9211,2.3412,149.7667,2.3171,62.6970,60.9962,41.8926,42.3384,83.4468,160.8553,162.3351,164.1988,42.3384,-2.2539,3.834227,3.878245,1.450322,20,49,61,3,0.24505223,0.02618144,0.00901077,0E-8,0.000000,0.911194,0.000000,0.02274419,2026-03-22,2026-08-06,123,206,194,138,0.891304,1.027884,1.021051,0.816841,,,,,,,,GLOBAL_BASELINE_NO_ENTITY_RANKING,,,NOT_APPLICABLE_GLOBAL_BASELINE,HF9g-P5,,,,X 全窗基线 · 不参与实体赏罚,8393424,840,A168_HF9F_20260827_0900,2026-08-27 09:00:00
2026-06-07,97284850,2196,0,159.2982921991,-159.2982921991,-159.2982921991,0E-7,1,1,0.49324550000000000,0.493245500000,-0.9865810262130424,-0.9865810262130424,-0.9865810262130424,0E-17,ELIGIBLE,R03b_20260811_FULL_v1,L1_ELIGIBILITY,v2026-08-11,2026-03-21..2026-08-06,baccarat_bet02_101_all_pairs_incl_sentinel,round_win = game_pnl > 0 (decisive only),COMPATIBILITY_ONLY_NOT_PRODUCTION,18421.3072,16785.3789,482.2964,300,285,-0.02618144,-0.00901077,-0.03175496,-0.02618144,-482.2964,18421.3072,OK,0.0000,19.2919,4.0000,96.0000,AG03-UNRESOLVED,ALL5_LEVELS_bet23_to_bet27,19.2919,19.2919,19.2919,19.2919,19.2919,4.000000,4.000000,4.000000,4.000000,4.000000,96.000000,96.000000,96.000000,96.000000,96.000000,5.0,96.4593,89.0451,385.8371,393.2513,PENDING_AG03,FALSE,NOT_FOR_ENFORCEMENT,463.0045,16113.9638,482.2964,463.0045,19.2919,0.02618144,0.02513418,19.2919,463.0045,0.02513418,19.2919,19.2919,19.2919,19.2919,19.2919,463.0045,0.02513418,96.4593,89.0451,385.8371,393.2513,0.02094515,0.02134763,0.00104726,61.4044,58.8961,1.6923,3.9211,2.3412,149.7667,2.3171,62.6970,60.9962,41.8926,42.3384,83.4468,160.8553,162.3351,164.1988,42.3384,-2.2539,3.834227,3.878245,1.450322,20,49,61,3,0.24505223,0.02618144,0.00901077,0E-8,0.000000,0.911194,0.000000,0.02274419,2026-03-22,2026-08-06,123,206,194,138,0.891304,1.027884,1.021051,0.816841,,,,,,,,GLOBAL_BASELINE_NO_ENTITY_RANKING,,,NOT_APPLICABLE_GLOBAL_BASELINE,HF9g-P5,,,,X 全窗基线 · 不参与实体赏罚,8393425,840,A168_HF9F_20260827_0900,2026-08-27 09:00:00
2026-06-09,97284850,2177,0,41.8926182629,-41.8926182629,-41.8926182629,0E-7,1,1,0.50665070000000000,0.506650700000,-1.013391052207602,-1.013391052207602,-1.013391052207602,0E-17,ELIGIBLE,R03b_20260811_FULL_v1,L1_ELIGIBILITY,v2026-08-11,2026-03-21..2026-08-06,baccarat_bet02_101_all_pairs_incl_sentinel,round_win = game_pnl > 0 (decisive only),COMPATIBILITY_ONLY_NOT_PRODUCTION,18421.3072,16785.3789,482.2964,300,285,-0.02618144,-0.00901077,-0.03175496,-0.02618144,-482.2964,18421.3072,OK,0.0000,19.2919,4.0000,96.0000,AG03-UNRESOLVED,ALL5_LEVELS_bet23_to_bet27,19.2919,19.2919,19.2919,19.2919,19.2919,4.000000,4.000000,4.000000,4.000000,4.000000,96.000000,96.000000,96.000000,96.000000,96.000000,5.0,96.4593,89.0451,385.8371,393.2513,PENDING_AG03,FALSE,NOT_FOR_ENFORCEMENT,463.0045,16113.9638,482.2964,463.0045,19.2919,0.02618144,0.02513418,19.2919,463.0045,0.02513418,19.2919,19.2919,19.2919,19.2919,19.2919,463.0045,0.02513418,96.4593,89.0451,385.8371,393.2513,0.02094515,0.02134763,0.00104726,61.4044,58.8961,1.6923,3.9211,2.3412,149.7667,2.3171,62.6970,60.9962,41.8926,42.3384,83.4468,160.8553,162.3351,164.1988,42.3384,-2.2539,3.834227,3.878245,1.450322,20,49,61,3,0.24505223,0.02618144,0.00901077,0E-8,0.000000,0.911194,0.000000,0.02274419,2026-03-22,2026-08-06,123,206,194,138,0.891304,1.027884,1.021051,0.816841,,,,,,,,GLOBAL_BASELINE_NO_ENTITY_RANKING,,,NOT_APPLICABLE_GLOBAL_BASELINE,HF9g-P5,,,,X 全窗基线 · 不参与实体赏罚,8393426,840,A168_HF9F_20260827_0900,2026-08-27 09:00:00
2026-06-10,97284850,1307,0,41.8926182629,-41.8926182629,-41.8926182629,0E-7,1,1,0.50665070000000000,0.506650700000,-1.013391052207602,-1.013391052207602,-1.013391052207602,0E-17,ELIGIBLE,R03b_20260811_FULL_v1,L1_ELIGIBILITY,v2026-08-11,2026-03-21..2026-08-06,baccarat_bet02_101_all_pairs_incl_sentinel,round_win = game_pnl > 0 (decisive only),COMPATIBILITY_ONLY_NOT_PRODUCTION,18421.3072,16785.3789,482.2964,300,285,-0.02618144,-0.00901077,-0.03175496,-0.02618144,-482.2964,18421.3072,OK,0.0000,19.2919,4.0000,96.0000,AG03-UNRESOLVED,ALL5_LEVELS_bet23_to_bet27,19.2919,19.2919,19.2919,19.2919,19.2919,4.000000,4.000000,4.000000,4.000000,4.000000,96.000000,96.000000,96.000000,96.000000,96.000000,5.0,96.4593,89.0451,385.8371,393.2513,PENDING_AG03,FALSE,NOT_FOR_ENFORCEMENT,463.0045,16113.9638,482.2964,463.0045,19.2919,0.02618144,0.02513418,19.2919,463.0045,0.02513418,19.2919,19.2919,19.2919,19.2919,19.2919,463.0045,0.02513418,96.4593,89.0451,385.8371,393.2513,0.02094515,0.02134763,0.00104726,61.4044,58.8961,1.6923,3.9211,2.3412,149.7667,2.3171,62.6970,60.9962,41.8926,42.3384,83.4468,160.8553,162.3351,164.1988,42.3384,-2.2539,3.834227,3.878245,1.450322,20,49,61,3,0.24505223,0.02618144,0.00901077,0E-8,0.000000,0.911194,0.000000,0.02274419,2026-03-22,2026-08-06,123,206,194,138,0.891304,1.027884,1.021051,0.816841,,,,,,,,GLOBAL_BASELINE_NO_ENTITY_RANKING,,,NOT_APPLICABLE_GLOBAL_BASELINE,HF9g-P5,,,,X 全窗基线 · 不参与实体赏罚,8393427,840,A168_HF9F_20260827_0900,2026-08-27 09:00:00
2026-06-11,97284850,2103,0,83.7852365257,-83.7852365257,-83.7852365257,0E-7,1,1,0.50665070000000000,0.506650700000,-1.013391052207602,-1.013391052207602,-1.013391052207602,0E-17,ELIGIBLE,R03b_20260811_FULL_v1,L1_ELIGIBILITY,v2026-08-11,2026-03-21..2026-08-06,baccarat_bet02_101_all_pairs_incl_sentinel,round_win = game_pnl > 0 (decisive only),COMPATIBILITY_ONLY_NOT_PRODUCTION,18421.3072,16785.3789,482.2964,300,285,-0.02618144,-0.00901077,-0.03175496,-0.02618144,-482.2964,18421.3072,OK,0.0000,19.2919,4.0000,96.0000,AG03-UNRESOLVED,ALL5_LEVELS_bet23_to_bet27,19.2919,19.2919,19.2919,19.2919,19.2919,4.000000,4.000000,4.000000,4.000000,4.000000,96.000000,96.000000,96.000000,96.000000,96.000000,5.0,96.4593,89.0451,385.8371,393.2513,PENDING_AG03,FALSE,NOT_FOR_ENFORCEMENT,463.0045,16113.9638,482.2964,463.0045,19.2919,0.02618144,0.02513418,19.2919,463.0045,0.02513418,19.2919,19.2919,19.2919,19.2919,19.2919,463.0045,0.02513418,96.4593,89.0451,385.8371,393.2513,0.02094515,0.02134763,0.00104726,61.4044,58.8961,1.6923,3.9211,2.3412,149.7667,2.3171,62.6970,60.9962,41.8926,42.3384,83.4468,160.8553,162.3351,164.1988,42.3384,-2.2539,3.834227,3.878245,1.450322,20,49,61,3,0.24505223,0.02618144,0.00901077,0E-8,0.000000,0.911194,0.000000,0.02274419,2026-03-22,2026-08-06,123,206,194,138,0.891304,1.027884,1.021051,0.816841,,,,,,,,GLOBAL_BASELINE_NO_ENTITY_RANKING,,,NOT_APPLICABLE_GLOBAL_BASELINE,HF9g-P5,,,,X 全窗基线 · 不参与实体赏罚,8393428,840,A168_HF9F_20260827_0900,2026-08-27 09:00:00
2026-06-11,97284850,970,0,41.8926182629,41.8926182629,41.8926182629,1.0000000,1,1,0.49324550000000000,0.493245500000,1.01360149184955,1.01360149184955,1.01360149184955,0E-17,ELIGIBLE,R03b_20260811_FULL_v1,L1_ELIGIBILITY,v2026-08-11,2026-03-21..2026-08-06,baccarat_bet02_101_all_pairs_incl_sentinel,round_win = game_pnl > 0 (decisive only),COMPATIBILITY_ONLY_NOT_PRODUCTION,18421.3072,16785.3789,482.2964,300,285,-0.02618144,-0.00901077,-0.03175496,-0.02618144,-482.2964,18421.3072,OK,0.0000,19.2919,4.0000,96.0000,AG03-UNRESOLVED,ALL5_LEVELS_bet23_to_bet27,19.2919,19.2919,19.2919,19.2919,19.2919,4.000000,4.000000,4.000000,4.000000,4.000000,96.000000,96.000000,96.000000,96.000000,96.000000,5.0,96.4593,89.0451,385.8371,393.2513,PENDING_AG03,FALSE,NOT_FOR_ENFORCEMENT,463.0045,16113.9638,482.2964,463.0045,19.2919,0.02618144,0.02513418,19.2919,463.0045,0.02513418,19.2919,19.2919,19.2919,19.2919,19.2919,463.0045,0.02513418,96.4593,89.0451,385.8371,393.2513,0.02094515,0.02134763,0.00104726,61.4044,58.8961,1.6923,3.9211,2.3412,149.7667,2.3171,62.6970,60.9962,41.8926,42.3384,83.4468,160.8553,162.3351,164.1988,42.3384,-2.2539,3.834227,3.878245,1.450322,20,49,61,3,0.24505223,0.02618144,0.00901077,0E-8,0.000000,0.911194,0.000000,0.02274419,2026-03-22,2026-08-06,123,206,194,138,0.891304,1.027884,1.021051,0.816841,,,,,,,,GLOBAL_BASELINE_NO_ENTITY_RANKING,,,NOT_APPLICABLE_GLOBAL_BASELINE,HF9g-P5,,,,X 全窗基线 · 不参与实体赏罚,8393429,840,A168_HF9F_20260827_0900,2026-08-27 09:00:00
2026-06-12,97284850,2103,0,41.8926182629,39.7979873497,39.7979873497,1.0000000,1,1,0.50665070000000000,0.506650700000,0.9867858985152569,0.9867858985152569,0.9867858985152569,0E-17,ELIGIBLE,R03b_20260811_FULL_v1,L1_ELIGIBILITY,v2026-08-11,2026-03-21..2026-08-06,baccarat_bet02_101_all_pairs_incl_sentinel,round_win = game_pnl > 0 (decisive only),COMPATIBILITY_ONLY_NOT_PRODUCTION,18421.3072,16785.3789,482.2964,300,285,-0.02618144,-0.00901077,-0.03175496,-0.02618144,-482.2964,18421.3072,OK,0.0000,19.2919,4.0000,96.0000,AG03-UNRESOLVED,ALL5_LEVELS_bet23_to_bet27,19.2919,19.2919,19.2919,19.2919,19.2919,4.000000,4.000000,4.000000,4.000000,4.000000,96.000000,96.000000,96.000000,96.000000,96.000000,5.0,96.4593,89.0451,385.8371,393.2513,PENDING_AG03,FALSE,NOT_FOR_ENFORCEMENT,463.0045,16113.9638,482.2964,463.0045,19.2919,0.02618144,0.02513418,19.2919,463.0045,0.02513418,19.2919,19.2919,19.2919,19.2919,19.2919,463.0045,0.02513418,96.4593,89.0451,385.8371,393.2513,0.02094515,0.02134763,0.00104726,61.4044,58.8961,1.6923,3.9211,2.3412,149.7667,2.3171,62.6970,60.9962,41.8926,42.3384,83.4468,160.8553,162.3351,164.1988,42.3384,-2.2539,3.834227,3.878245,1.450322,20,49,61,3,0.24505223,0.02618144,0.00901077,0E-8,0.000000,0.911194,0.000000,0.02274419,2026-03-22,2026-08-06,123,206,194,138,0.891304,1.027884,1.021051,0.816841,,,,,,,,GLOBAL_BASELINE_NO_ENTITY_RANKING,,,NOT_APPLICABLE_GLOBAL_BASELINE,HF9g-P5,,,,X 全窗基线 · 不参与实体赏罚,8393430,840,A168_HF9F_20260827_0900,2026-08-27 09:00:00
2026-06-12,97284850,2145,0,81.6906056126,-81.6906056126,-81.6906056126,0E-7,1,1,0.49324550000000000,0.493245500000,-0.9865810262130424,-0.9865810262130424,-0.9865810262130424,0E-17,ELIGIBLE,R03b_20260811_FULL_v1,L1_ELIGIBILITY,v2026-08-11,2026-03-21..2026-08-06,baccarat_bet02_101_all_pairs_incl_sentinel,round_win = game_pnl > 0 (decisive only),COMPATIBILITY_ONLY_NOT_PRODUCTION,18421.3072,16785.3789,482.2964,300,285,-0.02618144,-0.00901077,-0.03175496,-0.02618144,-482.2964,18421.3072,OK,0.0000,19.2919,4.0000,96.0000,AG03-UNRESOLVED,ALL5_LEVELS_bet23_to_bet27,19.2919,19.2919,19.2919,19.2919,19.2919,4.000000,4.000000,4.000000,4.000000,4.000000,96.000000,96.000000,96.000000,96.000000,96.000000,5.0,96.4593,89.0451,385.8371,393.2513,PENDING_AG03,FALSE,NOT_FOR_ENFORCEMENT,463.0045,16113.9638,482.2964,463.0045,19.2919,0.02618144,0.02513418,19.2919,463.0045,0.02513418,19.2919,19.2919,19.2919,19.2919,19.2919,463.0045,0.02513418,96.4593,89.0451,385.8371,393.2513,0.02094515,0.02134763,0.00104726,61.4044,58.8961,1.6923,3.9211,2.3412,149.7667,2.3171,62.6970,60.9962,41.8926,42.3384,83.4468,160.8553,162.3351,164.1988,42.3384,-2.2539,3.834227,3.878245,1.450322,20,49,61,3,0.24505223,0.02618144,0.00901077,0E-8,0.000000,0.911194,0.000000,0.02274419,2026-03-22,2026-08-06,123,206,194,138,0.891304,1.027884,1.021051,0.816841,,,,,,,,GLOBAL_BASELINE_NO_ENTITY_RANKING,,,NOT_APPLICABLE_GLOBAL_BASELINE,HF9g-P5,,,,X 全窗基线 · 不参与实体赏罚,8393431,840,A168_HF9F_20260827_0900,2026-08-27 09:00:00
2026-06-13,97284850,2088,0,41.8926182629,41.8926182629,41.8926182629,1.0000000,1,1,0.49324550000000000,0.493245500000,1.01360149184955,1.01360149184955,1.01360149184955,0E-17,ELIGIBLE,R03b_20260811_FULL_v1,L1_ELIGIBILITY,v2026-08-11,2026-03-21..2026-08-06,baccarat_bet02_101_all_pairs_incl_sentinel,round_win = game_pnl > 0 (decisive only),COMPATIBILITY_ONLY_NOT_PRODUCTION,18421.3072,16785.3789,482.2964,300,285,-0.02618144,-0.00901077,-0.03175496,-0.02618144,-482.2964,18421.3072,OK,0.0000,19.2919,4.0000,96.0000,AG03-UNRESOLVED,ALL5_LEVELS_bet23_to_bet27,19.2919,19.2919,19.2919,19.2919,19.2919,4.000000,4.000000,4.000000,4.000000,4.000000,96.000000,96.000000,96.000000,96.000000,96.000000,5.0,96.4593,89.0451,385.8371,393.2513,PENDING_AG03,FALSE,NOT_FOR_ENFORCEMENT,463.0045,16113.9638,482.2964,463.0045,19.2919,0.02618144,0.02513418,19.2919,463.0045,0.02513418,19.2919,19.2919,19.2919,19.2919,19.2919,463.0045,0.02513418,96.4593,89.0451,385.8371,393.2513,0.02094515,0.02134763,0.00104726,61.4044,58.8961,1.6923,3.9211,2.3412,149.7667,2.3171,62.6970,60.9962,41.8926,42.3384,83.4468,160.8553,162.3351,164.1988,42.3384,-2.2539,3.834227,3.878245,1.450322,20,49,61,3,0.24505223,0.02618144,0.00901077,0E-8,0.000000,0.911194,0.000000,0.02274419,2026-03-22,2026-08-06,123,206,194,138,0.891304,1.027884,1.021051,0.816841,,,,,,,,GLOBAL_BASELINE_NO_ENTITY_RANKING,,,NOT_APPLICABLE_GLOBAL_BASELINE,HF9g-P5,,,,X 全窗基线 · 不参与实体赏罚,8393432,840,A168_HF9F_20260827_0900,2026-08-27 09:00:00
2026-06-13,97284850,986,0,251.3557095771,-83.7852365257,-83.7852365257,0E-7,3,3,0.50665070000000000,0.506650700000,-1.013391052207602,-1.013391052207602,-1.013391052207602,0E-17,ELIGIBLE,R03b_20260811_FULL_v1,L1_ELIGIBILITY,v2026-08-11,2026-03-21..2026-08-06,baccarat_bet02_101_all_pairs_incl_sentinel,round_win = game_pnl > 0 (decisive only),COMPATIBILITY_ONLY_NOT_PRODUCTION,18421.3072,16785.3789,482.2964,300,285,-0.02618144,-0.00901077,-0.03175496,-0.02618144,-482.2964,18421.3072,OK,0.0000,19.2919,4.0000,96.0000,AG03-UNRESOLVED,ALL5_LEVELS_bet23_to_bet27,19.2919,19.2919,19.2919,19.2919,19.2919,4.000000,4.000000,4.000000,4.000000,4.000000,96.000000,96.000000,96.000000,96.000000,96.000000,5.0,96.4593,89.0451,385.8371,393.2513,PENDING_AG03,FALSE,NOT_FOR_ENFORCEMENT,463.0045,16113.9638,482.2964,463.0045,19.2919,0.02618144,0.02513418,19.2919,463.0045,0.02513418,19.2919,19.2919,19.2919,19.2919,19.2919,463.0045,0.02513418,96.4593,89.0451,385.8371,393.2513,0.02094515,0.02134763,0.00104726,61.4044,58.8961,1.6923,3.9211,2.3412,149.7667,2.3171,62.6970,60.9962,41.8926,42.3384,83.4468,160.8553,162.3351,164.1988,42.3384,-2.2539,3.834227,3.878245,1.450322,20,49,61,3,0.24505223,0.02618144,0.00901077,0E-8,0.000000,0.911194,0.000000,0.02274419,2026-03-22,2026-08-06,123,206,194,138,0.891304,1.027884,1.021051,0.816841,,,,,,,,GLOBAL_BASELINE_NO_ENTITY_RANKING,,,NOT_APPLICABLE_GLOBAL_BASELINE,HF9g-P5,,,,X 全窗基线 · 不参与实体赏罚,8393433,840,A168_HF9F_20260827_0900,2026-08-27 09:00:00
2026-06-14,97284850,-1,1,41.8926182629,39.7979873497,39.7979873497,1.0000000,1,1,0.50665070000000000,0.506650700000,0.9867858985152569,0.9867858985152569,0.9867858985152569,0E-17,SENTINEL_DEALER,R03b_20260811_FULL_v1,L1_ELIGIBILITY,v2026-08-11,2026-03-21..2026-08-06,baccarat_bet02_101_all_pairs_incl_sentinel,round_win = game_pnl > 0 (decisive only),COMPATIBILITY_ONLY_NOT_PRODUCTION,18421.3072,16785.3789,482.2964,300,285,-0.02618144,-0.00901077,-0.03175496,-0.02618144,-482.2964,18421.3072,OK,0.0000,19.2919,4.0000,96.0000,AG03-UNRESOLVED,ALL5_LEVELS_bet23_to_bet27,19.2919,19.2919,19.2919,19.2919,19.2919,4.000000,4.000000,4.000000,4.000000,4.000000,96.000000,96.000000,96.000000,96.000000,96.000000,5.0,96.4593,89.0451,385.8371,393.2513,PENDING_AG03,FALSE,NOT_FOR_ENFORCEMENT,463.0045,16113.9638,482.2964,463.0045,19.2919,0.02618144,0.02513418,19.2919,463.0045,0.02513418,19.2919,19.2919,19.2919,19.2919,19.2919,463.0045,0.02513418,96.4593,89.0451,385.8371,393.2513,0.02094515,0.02134763,0.00104726,61.4044,58.8961,1.6923,3.9211,2.3412,149.7667,2.3171,62.6970,60.9962,41.8926,42.3384,83.4468,160.8553,162.3351,164.1988,42.3384,-2.2539,3.834227,3.878245,1.450322,20,49,61,3,0.24505223,0.02618144,0.00901077,0E-8,0.000000,0.911194,0.000000,0.02274419,2026-03-22,2026-08-06,123,206,194,138,0.891304,1.027884,1.021051,0.816841,,,,,,,,GLOBAL_BASELINE_NO_ENTITY_RANKING,,,NOT_APPLICABLE_GLOBAL_BASELINE,HF9g-P5,,,,X 全窗基线 · 不参与实体赏罚,8393434,840,A168_HF9F_20260827_0900,2026-08-27 09:00:00
2026-06-14,97284850,2088,0,245.0718168378,240.5603041018,240.5603041018,1.0000000,3,2,0.49049352869822582,0.393584825000,1.4413624677027475,1.7554192453407476,1.4413624677027475,0.09690870369822582,ELIGIBLE,R03b_20260811_FULL_v1,L1_ELIGIBILITY,v2026-08-11,2026-03-21..2026-08-06,baccarat_bet02_101_all_pairs_incl_sentinel,round_win = game_pnl > 0 (decisive only),COMPATIBILITY_ONLY_NOT_PRODUCTION,18421.3072,16785.3789,482.2964,300,285,-0.02618144,-0.00901077,-0.03175496,-0.02618144,-482.2964,18421.3072,OK,0.0000,19.2919,4.0000,96.0000,AG03-UNRESOLVED,ALL5_LEVELS_bet23_to_bet27,19.2919,19.2919,19.2919,19.2919,19.2919,4.000000,4.000000,4.000000,4.000000,4.000000,96.000000,96.000000,96.000000,96.000000,96.000000,5.0,96.4593,89.0451,385.8371,393.2513,PENDING_AG03,FALSE,NOT_FOR_ENFORCEMENT,463.0045,16113.9638,482.2964,463.0045,19.2919,0.02618144,0.02513418,19.2919,463.0045,0.02513418,19.2919,19.2919,19.2919,19.2919,19.2919,463.0045,0.02513418,96.4593,89.0451,385.8371,393.2513,0.02094515,0.02134763,0.00104726,61.4044,58.8961,1.6923,3.9211,2.3412,149.7667,2.3171,62.6970,60.9962,41.8926,42.3384,83.4468,160.8553,162.3351,164.1988,42.3384,-2.2539,3.834227,3.878245,1.450322,20,49,61,3,0.24505223,0.02618144,0.00901077,0E-8,0.000000,0.911194,0.000000,0.02274419,2026-03-22,2026-08-06,123,206,194,138,0.891304,1.027884,1.021051,0.816841,,,,,,,,GLOBAL_BASELINE_NO_ENTITY_RANKING,,,NOT_APPLICABLE_GLOBAL_BASELINE,HF9g-P5,,,,X 全窗基线 · 不参与实体赏罚,8393435,840,A168_HF9F_20260827_0900,2026-08-27 09:00:00
2026-06-15,97284850,2145,0,41.8926182629,-41.8926182629,-41.8926182629,0E-7,1,1,0.49324550000000000,0.493245500000,-0.9865810262130424,-0.9865810262130424,-0.9865810262130424,0E-17,ELIGIBLE,R03b_20260811_FULL_v1,L1_ELIGIBILITY,v2026-08-11,2026-03-21..2026-08-06,baccarat_bet02_101_all_pairs_incl_sentinel,round_win = game_pnl > 0 (decisive only),COMPATIBILITY_ONLY_NOT_PRODUCTION,18421.3072,16785.3789,482.2964,300,285,-0.02618144,-0.00901077,-0.03175496,-0.02618144,-482.2964,18421.3072,OK,0.0000,19.2919,4.0000,96.0000,AG03-UNRESOLVED,ALL5_LEVELS_bet23_to_bet27,19.2919,19.2919,19.2919,19.2919,19.2919,4.000000,4.000000,4.000000,4.000000,4.000000,96.000000,96.000000,96.000000,96.000000,96.000000,5.0,96.4593,89.0451,385.8371,393.2513,PENDING_AG03,FALSE,NOT_FOR_ENFORCEMENT,463.0045,16113.9638,482.2964,463.0045,19.2919,0.02618144,0.02513418,19.2919,463.0045,0.02513418,19.2919,19.2919,19.2919,19.2919,19.2919,463.0045,0.02513418,96.4593,89.0451,385.8371,393.2513,0.02094515,0.02134763,0.00104726,61.4044,58.8961,1.6923,3.9211,2.3412,149.7667,2.3171,62.6970,60.9962,41.8926,42.3384,83.4468,160.8553,162.3351,164.1988,42.3384,-2.2539,3.834227,3.878245,1.450322,20,49,61,3,0.24505223,0.02618144,0.00901077,0E-8,0.000000,0.911194,0.000000,0.02274419,2026-03-22,2026-08-06,123,206,194,138,0.891304,1.027884,1.021051,0.816841,,,,,,,,GLOBAL_BASELINE_NO_ENTITY_RANKING,,,NOT_APPLICABLE_GLOBAL_BASELINE,HF9g-P5,,,,X 全窗基线 · 不参与实体赏罚,8393436,840,A168_HF9F_20260827_0900,2026-08-27 09:00:00
2026-06-16,97284850,2145,0,41.8926182629,-41.8926182629,-41.8926182629,0E-7,1,1,0.50665070000000000,0.506650700000,-1.013391052207602,-1.013391052207602,-1.013391052207602,0E-17,ELIGIBLE,R03b_20260811_FULL_v1,L1_ELIGIBILITY,v2026-08-11,2026-03-21..2026-08-06,baccarat_bet02_101_all_pairs_incl_sentinel,round_win = game_pnl > 0 (decisive only),COMPATIBILITY_ONLY_NOT_PRODUCTION,18421.3072,16785.3789,482.2964,300,285,-0.02618144,-0.00901077,-0.03175496,-0.02618144,-482.2964,18421.3072,OK,0.0000,19.2919,4.0000,96.0000,AG03-UNRESOLVED,ALL5_LEVELS_bet23_to_bet27,19.2919,19.2919,19.2919,19.2919,19.2919,4.000000,4.000000,4.000000,4.000000,4.000000,96.000000,96.000000,96.000000,96.000000,96.000000,5.0,96.4593,89.0451,385.8371,393.2513,PENDING_AG03,FALSE,NOT_FOR_ENFORCEMENT,463.0045,16113.9638,482.2964,463.0045,19.2919,0.02618144,0.02513418,19.2919,463.0045,0.02513418,19.2919,19.2919,19.2919,19.2919,19.2919,463.0045,0.02513418,96.4593,89.0451,385.8371,393.2513,0.02094515,0.02134763,0.00104726,61.4044,58.8961,1.6923,3.9211,2.3412,149.7667,2.3171,62.6970,60.9962,41.8926,42.3384,83.4468,160.8553,162.3351,164.1988,42.3384,-2.2539,3.834227,3.878245,1.450322,20,49,61,3,0.24505223,0.02618144,0.00901077,0E-8,0.000000,0.911194,0.000000,0.02274419,2026-03-22,2026-08-06,123,206,194,138,0.891304,1.027884,1.021051,0.816841,,,,,,,,GLOBAL_BASELINE_NO_ENTITY_RANKING,,,NOT_APPLICABLE_GLOBAL_BASELINE,HF9g-P5,,,,X 全窗基线 · 不参与实体赏罚,8393437,840,A168_HF9F_20260827_0900,2026-08-27 09:00:00
2026-06-17,97284850,1402,0,41.8926182629,39.7979873497,39.7979873497,1.0000000,1,1,0.50665070000000000,0.506650700000,0.9867858985152569,0.9867858985152569,0.9867858985152569,0E-17,ELIGIBLE,R03b_20260811_FULL_v1,L1_ELIGIBILITY,v2026-08-11,2026-03-21..2026-08-06,baccarat_bet02_101_all_pairs_incl_sentinel,round_win = game_pnl > 0 (decisive only),COMPATIBILITY_ONLY_NOT_PRODUCTION,18421.3072,16785.3789,482.2964,300,285,-0.02618144,-0.00901077,-0.03175496,-0.02618144,-482.2964,18421.3072,OK,0.0000,19.2919,4.0000,96.0000,AG03-UNRESOLVED,ALL5_LEVELS_bet23_to_bet27,19.2919,19.2919,19.2919,19.2919,19.2919,4.000000,4.000000,4.000000,4.000000,4.000000,96.000000,96.000000,96.000000,96.000000,96.000000,5.0,96.4593,89.0451,385.8371,393.2513,PENDING_AG03,FALSE,NOT_FOR_ENFORCEMENT,463.0045,16113.9638,482.2964,463.0045,19.2919,0.02618144,0.02513418,19.2919,463.0045,0.02513418,19.2919,19.2919,19.2919,19.2919,19.2919,463.0045,0.02513418,96.4593,89.0451,385.8371,393.2513,0.02094515,0.02134763,0.00104726,61.4044,58.8961,1.6923,3.9211,2.3412,149.7667,2.3171,62.6970,60.9962,41.8926,42.3384,83.4468,160.8553,162.3351,164.1988,42.3384,-2.2539,3.834227,3.878245,1.450322,20,49,61,3,0.24505223,0.02618144,0.00901077,0E-8,0.000000,0.911194,0.000000,0.02274419,2026-03-22,2026-08-06,123,206,194,138,0.891304,1.027884,1.021051,0.816841,,,,,,,,GLOBAL_BASELINE_NO_ENTITY_RANKING,,,NOT_APPLICABLE_GLOBAL_BASELINE,HF9g-P5,,,,X 全窗基线 · 不参与实体赏罚,8393438,840,A168_HF9F_20260827_0900,2026-08-27 09:00:00
2026-06-17,97284850,2281,0,81.6906056126,-81.6906056126,-81.6906056126,0E-7,1,1,0.49324550000000000,0.493245500000,-0.9865810262130424,-0.9865810262130424,-0.9865810262130424,0E-17,ELIGIBLE,R03b_20260811_FULL_v1,L1_ELIGIBILITY,v2026-08-11,2026-03-21..2026-08-06,baccarat_bet02_101_all_pairs_incl_sentinel,round_win = game_pnl > 0 (decisive only),COMPATIBILITY_ONLY_NOT_PRODUCTION,18421.3072,16785.3789,482.2964,300,285,-0.02618144,-0.00901077,-0.03175496,-0.02618144,-482.2964,18421.3072,OK,0.0000,19.2919,4.0000,96.0000,AG03-UNRESOLVED,ALL5_LEVELS_bet23_to_bet27,19.2919,19.2919,19.2919,19.2919,19.2919,4.000000,4.000000,4.000000,4.000000,4.000000,96.000000,96.000000,96.000000,96.000000,96.000000,5.0,96.4593,89.0451,385.8371,393.2513,PENDING_AG03,FALSE,NOT_FOR_ENFORCEMENT,463.0045,16113.9638,482.2964,463.0045,19.2919,0.02618144,0.02513418,19.2919,463.0045,0.02513418,19.2919,19.2919,19.2919,19.2919,19.2919,463.0045,0.02513418,96.4593,89.0451,385.8371,393.2513,0.02094515,0.02134763,0.00104726,61.4044,58.8961,1.6923,3.9211,2.3412,149.7667,2.3171,62.6970,60.9962,41.8926,42.3384,83.4468,160.8553,162.3351,164.1988,42.3384,-2.2539,3.834227,3.878245,1.450322,20,49,61,3,0.24505223,0.02618144,0.00901077,0E-8,0.000000,0.911194,0.000000,0.02274419,2026-03-22,2026-08-06,123,206,194,138,0.891304,1.027884,1.021051,0.816841,,,,,,,,GLOBAL_BASELINE_NO_ENTITY_RANKING,,,NOT_APPLICABLE_GLOBAL_BASELINE,HF9g-P5,,,,X 全窗基线 · 不参与实体赏罚,8393439,840,A168_HF9F_20260827_0900,2026-08-27 09:00:00
2026-06-18,97284850,2251,0,41.8926182629,41.8926182629,41.8926182629,1.0000000,1,1,0.49324550000000000,0.493245500000,1.01360149184955,1.01360149184955,1.01360149184955,0E-17,ELIGIBLE,R03b_20260811_FULL_v1,L1_ELIGIBILITY,v2026-08-11,2026-03-21..2026-08-06,baccarat_bet02_101_all_pairs_incl_sentinel,round_win = game_pnl > 0 (decisive only),COMPATIBILITY_ONLY_NOT_PRODUCTION,18421.3072,16785.3789,482.2964,300,285,-0.02618144,-0.00901077,-0.03175496,-0.02618144,-482.2964,18421.3072,OK,0.0000,19.2919,4.0000,96.0000,AG03-UNRESOLVED,ALL5_LEVELS_bet23_to_bet27,19.2919,19.2919,19.2919,19.2919,19.2919,4.000000,4.000000,4.000000,4.000000,4.000000,96.000000,96.000000,96.000000,96.000000,96.000000,5.0,96.4593,89.0451,385.8371,393.2513,PENDING_AG03,FALSE,NOT_FOR_ENFORCEMENT,463.0045,16113.9638,482.2964,463.0045,19.2919,0.02618144,0.02513418,19.2919,463.0045,0.02513418,19.2919,19.2919,19.2919,19.2919,19.2919,463.0045,0.02513418,96.4593,89.0451,385.8371,393.2513,0.02094515,0.02134763,0.00104726,61.4044,58.8961,1.6923,3.9211,2.3412,149.7667,2.3171,62.6970,60.9962,41.8926,42.3384,83.4468,160.8553,162.3351,164.1988,42.3384,-2.2539,3.834227,3.878245,1.450322,20,49,61,3,0.24505223,0.02618144,0.00901077,0E-8,0.000000,0.911194,0.000000,0.02274419,2026-03-22,2026-08-06,123,206,194,138,0.891304,1.027884,1.021051,0.816841,,,,,,,,GLOBAL_BASELINE_NO_ENTITY_RANKING,,,NOT_APPLICABLE_GLOBAL_BASELINE,HF9g-P5,,,,X 全窗基线 · 不参与实体赏罚,8393440,840,A168_HF9F_20260827_0900,2026-08-27 09:00:00
2026-06-19,97284850,1396,0,83.7852365257,-83.7852365257,-83.7852365257,0E-7,1,1,0.50665070000000000,0.506650700000,-1.013391052207602,-1.013391052207602,-1.013391052207602,0E-17,ELIGIBLE,R03b_20260811_FULL_v1,L1_ELIGIBILITY,v2026-08-11,2026-03-21..2026-08-06,baccarat_bet02_101_all_pairs_incl_sentinel,round_win = game_pnl > 0 (decisive only),COMPATIBILITY_ONLY_NOT_PRODUCTION,18421.3072,16785.3789,482.2964,300,285,-0.02618144,-0.00901077,-0.03175496,-0.02618144,-482.2964,18421.3072,OK,0.0000,19.2919,4.0000,96.0000,AG03-UNRESOLVED,ALL5_LEVELS_bet23_to_bet27,19.2919,19.2919,19.2919,19.2919,19.2919,4.000000,4.000000,4.000000,4.000000,4.000000,96.000000,96.000000,96.000000,96.000000,96.000000,5.0,96.4593,89.0451,385.8371,393.2513,PENDING_AG03,FALSE,NOT_FOR_ENFORCEMENT,463.0045,16113.9638,482.2964,463.0045,19.2919,0.02618144,0.02513418,19.2919,463.0045,0.02513418,19.2919,19.2919,19.2919,19.2919,19.2919,463.0045,0.02513418,96.4593,89.0451,385.8371,393.2513,0.02094515,0.02134763,0.00104726,61.4044,58.8961,1.6923,3.9211,2.3412,149.7667,2.3171,62.6970,60.9962,41.8926,42.3384,83.4468,160.8553,162.3351,164.1988,42.3384,-2.2539,3.834227,3.878245,1.450322,20,49,61,3,0.24505223,0.02618144,0.00901077,0E-8,0.000000,0.911194,0.000000,0.02274419,2026-03-22,2026-08-06,123,206,194,138,0.891304,1.027884,1.021051,0.816841,,,,,,,,GLOBAL_BASELINE_NO_ENTITY_RANKING,,,NOT_APPLICABLE_GLOBAL_BASELINE,HF9g-P5,,,,X 全窗基线 · 不参与实体赏罚,8393441,840,A168_HF9F_20260827_0900,2026-08-27 09:00:00
2026-06-20,97284850,-1,1,83.7852365258,-41.8926182629,-41.8926182629,0E-7,2,2,0.50665070000000000,0.506650700000,-1.013391052207602,-1.013391052207602,-1.013391052207602,0E-17,SENTINEL_DEALER,R03b_20260811_FULL_v1,L1_ELIGIBILITY,v2026-08-11,2026-03-21..2026-08-06,baccarat_bet02_101_all_pairs_incl_sentinel,round_win = game_pnl > 0 (decisive only),COMPATIBILITY_ONLY_NOT_PRODUCTION,18421.3072,16785.3789,482.2964,300,285,-0.02618144,-0.00901077,-0.03175496,-0.02618144,-482.2964,18421.3072,OK,0.0000,19.2919,4.0000,96.0000,AG03-UNRESOLVED,ALL5_LEVELS_bet23_to_bet27,19.2919,19.2919,19.2919,19.2919,19.2919,4.000000,4.000000,4.000000,4.000000,4.000000,96.000000,96.000000,96.000000,96.000000,96.000000,5.0,96.4593,89.0451,385.8371,393.2513,PENDING_AG03,FALSE,NOT_FOR_ENFORCEMENT,463.0045,16113.9638,482.2964,463.0045,19.2919,0.02618144,0.02513418,19.2919,463.0045,0.02513418,19.2919,19.2919,19.2919,19.2919,19.2919,463.0045,0.02513418,96.4593,89.0451,385.8371,393.2513,0.02094515,0.02134763,0.00104726,61.4044,58.8961,1.6923,3.9211,2.3412,149.7667,2.3171,62.6970,60.9962,41.8926,42.3384,83.4468,160.8553,162.3351,164.1988,42.3384,-2.2539,3.834227,3.878245,1.450322,20,49,61,3,0.24505223,0.02618144,0.00901077,0E-8,0.000000,0.911194,0.000000,0.02274419,2026-03-22,2026-08-06,123,206,194,138,0.891304,1.027884,1.021051,0.816841,,,,,,,,GLOBAL_BASELINE_NO_ENTITY_RANKING,,,NOT_APPLICABLE_GLOBAL_BASELINE,HF9g-P5,,,,X 全窗基线 · 不参与实体赏罚,8393442,840,A168_HF9F_20260827_0900,2026-08-27 09:00:00
2026-06-21,97284850,1384,0,41.8926182629,-41.8926182629,-41.8926182629,0E-7,1,1,0.50665070000000000,0.506650700000,-1.013391052207602,-1.013391052207602,-1.013391052207602,0E-17,ELIGIBLE,R03b_20260811_FULL_v1,L1_ELIGIBILITY,v2026-08-11,2026-03-21..2026-08-06,baccarat_bet02_101_all_pairs_incl_sentinel,round_win = game_pnl > 0 (decisive only),COMPATIBILITY_ONLY_NOT_PRODUCTION,18421.3072,16785.3789,482.2964,300,285,-0.02618144,-0.00901077,-0.03175496,-0.02618144,-482.2964,18421.3072,OK,0.0000,19.2919,4.0000,96.0000,AG03-UNRESOLVED,ALL5_LEVELS_bet23_to_bet27,19.2919,19.2919,19.2919,19.2919,19.2919,4.000000,4.000000,4.000000,4.000000,4.000000,96.000000,96.000000,96.000000,96.000000,96.000000,5.0,96.4593,89.0451,385.8371,393.2513,PENDING_AG03,FALSE,NOT_FOR_ENFORCEMENT,463.0045,16113.9638,482.2964,463.0045,19.2919,0.02618144,0.02513418,19.2919,463.0045,0.02513418,19.2919,19.2919,19.2919,19.2919,19.2919,463.0045,0.02513418,96.4593,89.0451,385.8371,393.2513,0.02094515,0.02134763,0.00104726,61.4044,58.8961,1.6923,3.9211,2.3412,149.7667,2.3171,62.6970,60.9962,41.8926,42.3384,83.4468,160.8553,162.3351,164.1988,42.3384,-2.2539,3.834227,3.878245,1.450322,20,49,61,3,0.24505223,0.02618144,0.00901077,0E-8,0.000000,0.911194,0.000000,0.02274419,2026-03-22,2026-08-06,123,206,194,138,0.891304,1.027884,1.021051,0.816841,,,,,,,,GLOBAL_BASELINE_NO_ENTITY_RANKING,,,NOT_APPLICABLE_GLOBAL_BASELINE,HF9g-P5,,,,X 全窗基线 · 不参与实体赏罚,8393443,840,A168_HF9F_20260827_0900,2026-08-27 09:00:00
2026-06-21,97284850,2251,0,41.8926182629,-41.8926182629,-41.8926182629,0E-7,1,1,0.50665070000000000,0.506650700000,-1.013391052207602,-1.013391052207602,-1.013391052207602,0E-17,ELIGIBLE,R03b_20260811_FULL_v1,L1_ELIGIBILITY,v2026-08-11,2026-03-21..2026-08-06,baccarat_bet02_101_all_pairs_incl_sentinel,round_win = game_pnl > 0 (decisive only),COMPATIBILITY_ONLY_NOT_PRODUCTION,18421.3072,16785.3789,482.2964,300,285,-0.02618144,-0.00901077,-0.03175496,-0.02618144,-482.2964,18421.3072,OK,0.0000,19.2919,4.0000,96.0000,AG03-UNRESOLVED,ALL5_LEVELS_bet23_to_bet27,19.2919,19.2919,19.2919,19.2919,19.2919,4.000000,4.000000,4.000000,4.000000,4.000000,96.000000,96.000000,96.000000,96.000000,96.000000,5.0,96.4593,89.0451,385.8371,393.2513,PENDING_AG03,FALSE,NOT_FOR_ENFORCEMENT,463.0045,16113.9638,482.2964,463.0045,19.2919,0.02618144,0.02513418,19.2919,463.0045,0.02513418,19.2919,19.2919,19.2919,19.2919,19.2919,463.0045,0.02513418,96.4593,89.0451,385.8371,393.2513,0.02094515,0.02134763,0.00104726,61.4044,58.8961,1.6923,3.9211,2.3412,149.7667,2.3171,62.6970,60.9962,41.8926,42.3384,83.4468,160.8553,162.3351,164.1988,42.3384,-2.2539,3.834227,3.878245,1.450322,20,49,61,3,0.24505223,0.02618144,0.00901077,0E-8,0.000000,0.911194,0.000000,0.02274419,2026-03-22,2026-08-06,123,206,194,138,0.891304,1.027884,1.021051,0.816841,,,,,,,,GLOBAL_BASELINE_NO_ENTITY_RANKING,,,NOT_APPLICABLE_GLOBAL_BASELINE,HF9g-P5,,,,X 全窗基线 · 不参与实体赏罚,8393444,840,A168_HF9F_20260827_0900,2026-08-27 09:00:00
2026-06-23,97284850,1384,0,41.8926182629,-41.8926182629,-41.8926182629,0E-7,1,1,0.50665070000000000,0.506650700000,-1.013391052207602,-1.013391052207602,-1.013391052207602,0E-17,ELIGIBLE,R03b_20260811_FULL_v1,L1_ELIGIBILITY,v2026-08-11,2026-03-21..2026-08-06,baccarat_bet02_101_all_pairs_incl_sentinel,round_win = game_pnl > 0 (decisive only),COMPATIBILITY_ONLY_NOT_PRODUCTION,18421.3072,16785.3789,482.2964,300,285,-0.02618144,-0.00901077,-0.03175496,-0.02618144,-482.2964,18421.3072,OK,0.0000,19.2919,4.0000,96.0000,AG03-UNRESOLVED,ALL5_LEVELS_bet23_to_bet27,19.2919,19.2919,19.2919,19.2919,19.2919,4.000000,4.000000,4.000000,4.000000,4.000000,96.000000,96.000000,96.000000,96.000000,96.000000,5.0,96.4593,89.0451,385.8371,393.2513,PENDING_AG03,FALSE,NOT_FOR_ENFORCEMENT,463.0045,16113.9638,482.2964,463.0045,19.2919,0.02618144,0.02513418,19.2919,463.0045,0.02513418,19.2919,19.2919,19.2919,19.2919,19.2919,463.0045,0.02513418,96.4593,89.0451,385.8371,393.2513,0.02094515,0.02134763,0.00104726,61.4044,58.8961,1.6923,3.9211,2.3412,149.7667,2.3171,62.6970,60.9962,41.8926,42.3384,83.4468,160.8553,162.3351,164.1988,42.3384,-2.2539,3.834227,3.878245,1.450322,20,49,61,3,0.24505223,0.02618144,0.00901077,0E-8,0.000000,0.911194,0.000000,0.02274419,2026-03-22,2026-08-06,123,206,194,138,0.891304,1.027884,1.021051,0.816841,,,,,,,,GLOBAL_BASELINE_NO_ENTITY_RANKING,,,NOT_APPLICABLE_GLOBAL_BASELINE,HF9g-P5,,,,X 全窗基线 · 不参与实体赏罚,8393445,840,A168_HF9F_20260827_0900,2026-08-27 09:00:00
2026-06-24,97284850,-1,1,83.7852365257,83.7852365257,83.7852365257,1.0000000,1,1,0.49324550000000000,0.493245500000,1.01360149184955,1.01360149184955,1.01360149184955,0E-17,SENTINEL_DEALER,R03b_20260811_FULL_v1,L1_ELIGIBILITY,v2026-08-11,2026-03-21..2026-08-06,baccarat_bet02_101_all_pairs_incl_sentinel,round_win = game_pnl > 0 (decisive only),COMPATIBILITY_ONLY_NOT_PRODUCTION,18421.3072,16785.3789,482.2964,300,285,-0.02618144,-0.00901077,-0.03175496,-0.02618144,-482.2964,18421.3072,OK,0.0000,19.2919,4.0000,96.0000,AG03-UNRESOLVED,ALL5_LEVELS_bet23_to_bet27,19.2919,19.2919,19.2919,19.2919,19.2919,4.000000,4.000000,4.000000,4.000000,4.000000,96.000000,96.000000,96.000000,96.000000,96.000000,5.0,96.4593,89.0451,385.8371,393.2513,PENDING_AG03,FALSE,NOT_FOR_ENFORCEMENT,463.0045,16113.9638,482.2964,463.0045,19.2919,0.02618144,0.02513418,19.2919,463.0045,0.02513418,19.2919,19.2919,19.2919,19.2919,19.2919,463.0045,0.02513418,96.4593,89.0451,385.8371,393.2513,0.02094515,0.02134763,0.00104726,61.4044,58.8961,1.6923,3.9211,2.3412,149.7667,2.3171,62.6970,60.9962,41.8926,42.3384,83.4468,160.8553,162.3351,164.1988,42.3384,-2.2539,3.834227,3.878245,1.450322,20,49,61,3,0.24505223,0.02618144,0.00901077,0E-8,0.000000,0.911194,0.000000,0.02274419,2026-03-22,2026-08-06,123,206,194,138,0.891304,1.027884,1.021051,0.816841,,,,,,,,GLOBAL_BASELINE_NO_ENTITY_RANKING,,,NOT_APPLICABLE_GLOBAL_BASELINE,HF9g-P5,,,,X 全窗基线 · 不参与实体赏罚,8393446,840,A168_HF9F_20260827_0900,2026-08-27 09:00:00
2026-06-24,97284850,2101,0,299.6933460343,-299.6933460343,-299.6933460343,0E-7,5,5,0.33646946000000000,0.336469460000,-1.5923090717488708,-1.5923090717488708,-1.5923090717488708,0E-17,ELIGIBLE,R03b_20260811_FULL_v1,L1_ELIGIBILITY,v2026-08-11,2026-03-21..2026-08-06,baccarat_bet02_101_all_pairs_incl_sentinel,round_win = game_pnl > 0 (decisive only),COMPATIBILITY_ONLY_NOT_PRODUCTION,18421.3072,16785.3789,482.2964,300,285,-0.02618144,-0.00901077,-0.03175496,-0.02618144,-482.2964,18421.3072,OK,0.0000,19.2919,4.0000,96.0000,AG03-UNRESOLVED,ALL5_LEVELS_bet23_to_bet27,19.2919,19.2919,19.2919,19.2919,19.2919,4.000000,4.000000,4.000000,4.000000,4.000000,96.000000,96.000000,96.000000,96.000000,96.000000,5.0,96.4593,89.0451,385.8371,393.2513,PENDING_AG03,FALSE,NOT_FOR_ENFORCEMENT,463.0045,16113.9638,482.2964,463.0045,19.2919,0.02618144,0.02513418,19.2919,463.0045,0.02513418,19.2919,19.2919,19.2919,19.2919,19.2919,463.0045,0.02513418,96.4593,89.0451,385.8371,393.2513,0.02094515,0.02134763,0.00104726,61.4044,58.8961,1.6923,3.9211,2.3412,149.7667,2.3171,62.6970,60.9962,41.8926,42.3384,83.4468,160.8553,162.3351,164.1988,42.3384,-2.2539,3.834227,3.878245,1.450322,20,49,61,3,0.24505223,0.02618144,0.00901077,0E-8,0.000000,0.911194,0.000000,0.02274419,2026-03-22,2026-08-06,123,206,194,138,0.891304,1.027884,1.021051,0.816841,,,,,,,,GLOBAL_BASELINE_NO_ENTITY_RANKING,,,NOT_APPLICABLE_GLOBAL_BASELINE,HF9g-P5,,,,X 全窗基线 · 不参与实体赏罚,8393447,840,A168_HF9F_20260827_0900,2026-08-27 09:00:00
2026-06-24,97284850,2123,0,190.1280367315,190.1280367315,190.1280367315,1.0000000,3,3,0.49324550000000000,0.493245500000,1.755609282511032,1.7556092825110319,1.755609282511032,0E-17,ELIGIBLE,R03b_20260811_FULL_v1,L1_ELIGIBILITY,v2026-08-11,2026-03-21..2026-08-06,baccarat_bet02_101_all_pairs_incl_sentinel,round_win = game_pnl > 0 (decisive only),COMPATIBILITY_ONLY_NOT_PRODUCTION,18421.3072,16785.3789,482.2964,300,285,-0.02618144,-0.00901077,-0.03175496,-0.02618144,-482.2964,18421.3072,OK,0.0000,19.2919,4.0000,96.0000,AG03-UNRESOLVED,ALL5_LEVELS_bet23_to_bet27,19.2919,19.2919,19.2919,19.2919,19.2919,4.000000,4.000000,4.000000,4.000000,4.000000,96.000000,96.000000,96.000000,96.000000,96.000000,5.0,96.4593,89.0451,385.8371,393.2513,PENDING_AG03,FALSE,NOT_FOR_ENFORCEMENT,463.0045,16113.9638,482.2964,463.0045,19.2919,0.02618144,0.02513418,19.2919,463.0045,0.02513418,19.2919,19.2919,19.2919,19.2919,19.2919,463.0045,0.02513418,96.4593,89.0451,385.8371,393.2513,0.02094515,0.02134763,0.00104726,61.4044,58.8961,1.6923,3.9211,2.3412,149.7667,2.3171,62.6970,60.9962,41.8926,42.3384,83.4468,160.8553,162.3351,164.1988,42.3384,-2.2539,3.834227,3.878245,1.450322,20,49,61,3,0.24505223,0.02618144,0.00901077,0E-8,0.000000,0.911194,0.000000,0.02274419,2026-03-22,2026-08-06,123,206,194,138,0.891304,1.027884,1.021051,0.816841,,,,,,,,GLOBAL_BASELINE_NO_ENTITY_RANKING,,,NOT_APPLICABLE_GLOBAL_BASELINE,HF9g-P5,,,,X 全窗基线 · 不参与实体赏罚,8393448,840,A168_HF9F_20260827_0900,2026-08-27 09:00:00
2026-06-24,97284850,2141,0,505.4505518868,306.2994896835,306.2994896835,0.6666667,12,9,0.41500655765008514,0.388469283333,1.5322606783587616,1.7123274358527412,1.5322606783587616,0.02653727431708514,ELIGIBLE,R03b_20260811_FULL_v1,L1_ELIGIBILITY,v2026-08-11,2026-03-21..2026-08-06,baccarat_bet02_101_all_pairs_incl_sentinel,round_win = game_pnl > 0 (decisive only),COMPATIBILITY_ONLY_NOT_PRODUCTION,18421.3072,16785.3789,482.2964,300,285,-0.02618144,-0.00901077,-0.03175496,-0.02618144,-482.2964,18421.3072,OK,0.0000,19.2919,4.0000,96.0000,AG03-UNRESOLVED,ALL5_LEVELS_bet23_to_bet27,19.2919,19.2919,19.2919,19.2919,19.2919,4.000000,4.000000,4.000000,4.000000,4.000000,96.000000,96.000000,96.000000,96.000000,96.000000,5.0,96.4593,89.0451,385.8371,393.2513,PENDING_AG03,FALSE,NOT_FOR_ENFORCEMENT,463.0045,16113.9638,482.2964,463.0045,19.2919,0.02618144,0.02513418,19.2919,463.0045,0.02513418,19.2919,19.2919,19.2919,19.2919,19.2919,463.0045,0.02513418,96.4593,89.0451,385.8371,393.2513,0.02094515,0.02134763,0.00104726,61.4044,58.8961,1.6923,3.9211,2.3412,149.7667,2.3171,62.6970,60.9962,41.8926,42.3384,83.4468,160.8553,162.3351,164.1988,42.3384,-2.2539,3.834227,3.878245,1.450322,20,49,61,3,0.24505223,0.02618144,0.00901077,0E-8,0.000000,0.911194,0.000000,0.02274419,2026-03-22,2026-08-06,123,206,194,138,0.891304,1.027884,1.021051,0.816841,,,,,,,,GLOBAL_BASELINE_NO_ENTITY_RANKING,,,NOT_APPLICABLE_GLOBAL_BASELINE,HF9g-P5,,,,X 全窗基线 · 不参与实体赏罚,8393449,840,A168_HF9F_20260827_0900,2026-08-27 09:00:00
2026-06-25,97284850,1402,0,82.0031889950,77.9030295453,77.9030295453,1.0000000,1,1,0.50665070000000000,0.506650700000,0.9867858985152569,0.9867858985152569,0.9867858985152569,0E-17,ELIGIBLE,R03b_20260811_FULL_v1,L1_ELIGIBILITY,v2026-08-11,2026-03-21..2026-08-06,baccarat_bet02_101_all_pairs_incl_sentinel,round_win = game_pnl > 0 (decisive only),COMPATIBILITY_ONLY_NOT_PRODUCTION,18421.3072,16785.3789,482.2964,300,285,-0.02618144,-0.00901077,-0.03175496,-0.02618144,-482.2964,18421.3072,OK,0.0000,19.2919,4.0000,96.0000,AG03-UNRESOLVED,ALL5_LEVELS_bet23_to_bet27,19.2919,19.2919,19.2919,19.2919,19.2919,4.000000,4.000000,4.000000,4.000000,4.000000,96.000000,96.000000,96.000000,96.000000,96.000000,5.0,96.4593,89.0451,385.8371,393.2513,PENDING_AG03,FALSE,NOT_FOR_ENFORCEMENT,463.0045,16113.9638,482.2964,463.0045,19.2919,0.02618144,0.02513418,19.2919,463.0045,0.02513418,19.2919,19.2919,19.2919,19.2919,19.2919,463.0045,0.02513418,96.4593,89.0451,385.8371,393.2513,0.02094515,0.02134763,0.00104726,61.4044,58.8961,1.6923,3.9211,2.3412,149.7667,2.3171,62.6970,60.9962,41.8926,42.3384,83.4468,160.8553,162.3351,164.1988,42.3384,-2.2539,3.834227,3.878245,1.450322,20,49,61,3,0.24505223,0.02618144,0.00901077,0E-8,0.000000,0.911194,0.000000,0.02274419,2026-03-22,2026-08-06,123,206,194,138,0.891304,1.027884,1.021051,0.816841,,,,,,,,GLOBAL_BASELINE_NO_ENTITY_RANKING,,,NOT_APPLICABLE_GLOBAL_BASELINE,HF9g-P5,,,,X 全窗基线 · 不参与实体赏罚,8393450,840,A168_HF9F_20260827_0900,2026-08-27 09:00:00
2026-06-25,97284850,2235,0,159.9073464184,-159.9073464184,-159.9073464184,0E-7,1,1,0.49324550000000000,0.493245500000,-0.9865810262130424,-0.9865810262130424,-0.9865810262130424,0E-17,ELIGIBLE,R03b_20260811_FULL_v1,L1_ELIGIBILITY,v2026-08-11,2026-03-21..2026-08-06,baccarat_bet02_101_all_pairs_incl_sentinel,round_win = game_pnl > 0 (decisive only),COMPATIBILITY_ONLY_NOT_PRODUCTION,18421.3072,16785.3789,482.2964,300,285,-0.02618144,-0.00901077,-0.03175496,-0.02618144,-482.2964,18421.3072,OK,0.0000,19.2919,4.0000,96.0000,AG03-UNRESOLVED,ALL5_LEVELS_bet23_to_bet27,19.2919,19.2919,19.2919,19.2919,19.2919,4.000000,4.000000,4.000000,4.000000,4.000000,96.000000,96.000000,96.000000,96.000000,96.000000,5.0,96.4593,89.0451,385.8371,393.2513,PENDING_AG03,FALSE,NOT_FOR_ENFORCEMENT,463.0045,16113.9638,482.2964,463.0045,19.2919,0.02618144,0.02513418,19.2919,463.0045,0.02513418,19.2919,19.2919,19.2919,19.2919,19.2919,463.0045,0.02513418,96.4593,89.0451,385.8371,393.2513,0.02094515,0.02134763,0.00104726,61.4044,58.8961,1.6923,3.9211,2.3412,149.7667,2.3171,62.6970,60.9962,41.8926,42.3384,83.4468,160.8553,162.3351,164.1988,42.3384,-2.2539,3.834227,3.878245,1.450322,20,49,61,3,0.24505223,0.02618144,0.00901077,0E-8,0.000000,0.911194,0.000000,0.02274419,2026-03-22,2026-08-06,123,206,194,138,0.891304,1.027884,1.021051,0.816841,,,,,,,,GLOBAL_BASELINE_NO_ENTITY_RANKING,,,NOT_APPLICABLE_GLOBAL_BASELINE,HF9g-P5,,,,X 全窗基线 · 不参与实体赏罚,8393451,840,A168_HF9F_20260827_0900,2026-08-27 09:00:00
2026-06-25,97284850,2246,0,42.0537437177,39.9510565318,39.9510565318,1.0000000,1,1,0.50665070000000000,0.506650700000,0.9867858985152569,0.9867858985152569,0.9867858985152569,0E-17,ELIGIBLE,R03b_20260811_FULL_v1,L1_ELIGIBILITY,v2026-08-11,2026-03-21..2026-08-06,baccarat_bet02_101_all_pairs_incl_sentinel,round_win = game_pnl > 0 (decisive only),COMPATIBILITY_ONLY_NOT_PRODUCTION,18421.3072,16785.3789,482.2964,300,285,-0.02618144,-0.00901077,-0.03175496,-0.02618144,-482.2964,18421.3072,OK,0.0000,19.2919,4.0000,96.0000,AG03-UNRESOLVED,ALL5_LEVELS_bet23_to_bet27,19.2919,19.2919,19.2919,19.2919,19.2919,4.000000,4.000000,4.000000,4.000000,4.000000,96.000000,96.000000,96.000000,96.000000,96.000000,5.0,96.4593,89.0451,385.8371,393.2513,PENDING_AG03,FALSE,NOT_FOR_ENFORCEMENT,463.0045,16113.9638,482.2964,463.0045,19.2919,0.02618144,0.02513418,19.2919,463.0045,0.02513418,19.2919,19.2919,19.2919,19.2919,19.2919,463.0045,0.02513418,96.4593,89.0451,385.8371,393.2513,0.02094515,0.02134763,0.00104726,61.4044,58.8961,1.6923,3.9211,2.3412,149.7667,2.3171,62.6970,60.9962,41.8926,42.3384,83.4468,160.8553,162.3351,164.1988,42.3384,-2.2539,3.834227,3.878245,1.450322,20,49,61,3,0.24505223,0.02618144,0.00901077,0E-8,0.000000,0.911194,0.000000,0.02274419,2026-03-22,2026-08-06,123,206,194,138,0.891304,1.027884,1.021051,0.816841,,,,,,,,GLOBAL_BASELINE_NO_ENTITY_RANKING,,,NOT_APPLICABLE_GLOBAL_BASELINE,HF9g-P5,,,,X 全窗基线 · 不参与实体赏罚,8393452,840,A168_HF9F_20260827_0900,2026-08-27 09:00:00
2026-06-26,97284850,1384,0,81.6906056126,-81.6906056126,-81.6906056126,0E-7,1,1,0.50665070000000000,0.506650700000,-1.013391052207602,-1.013391052207602,-1.013391052207602,0E-17,ELIGIBLE,R03b_20260811_FULL_v1,L1_ELIGIBILITY,v2026-08-11,2026-03-21..2026-08-06,baccarat_bet02_101_all_pairs_incl_sentinel,round_win = game_pnl > 0 (decisive only),COMPATIBILITY_ONLY_NOT_PRODUCTION,18421.3072,16785.3789,482.2964,300,285,-0.02618144,-0.00901077,-0.03175496,-0.02618144,-482.2964,18421.3072,OK,0.0000,19.2919,4.0000,96.0000,AG03-UNRESOLVED,ALL5_LEVELS_bet23_to_bet27,19.2919,19.2919,19.2919,19.2919,19.2919,4.000000,4.000000,4.000000,4.000000,4.000000,96.000000,96.000000,96.000000,96.000000,96.000000,5.0,96.4593,89.0451,385.8371,393.2513,PENDING_AG03,FALSE,NOT_FOR_ENFORCEMENT,463.0045,16113.9638,482.2964,463.0045,19.2919,0.02618144,0.02513418,19.2919,463.0045,0.02513418,19.2919,19.2919,19.2919,19.2919,19.2919,463.0045,0.02513418,96.4593,89.0451,385.8371,393.2513,0.02094515,0.02134763,0.00104726,61.4044,58.8961,1.6923,3.9211,2.3412,149.7667,2.3171,62.6970,60.9962,41.8926,42.3384,83.4468,160.8553,162.3351,164.1988,42.3384,-2.2539,3.834227,3.878245,1.450322,20,49,61,3,0.24505223,0.02618144,0.00901077,0E-8,0.000000,0.911194,0.000000,0.02274419,2026-03-22,2026-08-06,123,206,194,138,0.891304,1.027884,1.021051,0.816841,,,,,,,,GLOBAL_BASELINE_NO_ENTITY_RANKING,,,NOT_APPLICABLE_GLOBAL_BASELINE,HF9g-P5,,,,X 全窗基线 · 不参与实体赏罚,8393453,840,A168_HF9F_20260827_0900,2026-08-27 09:00:00
2026-06-26,97284850,2177,0,41.8926182629,39.7979873497,39.7979873497,1.0000000,1,1,0.50665070000000000,0.506650700000,0.9867858985152569,0.9867858985152569,0.9867858985152569,0E-17,ELIGIBLE,R03b_20260811_FULL_v1,L1_ELIGIBILITY,v2026-08-11,2026-03-21..2026-08-06,baccarat_bet02_101_all_pairs_incl_sentinel,round_win = game_pnl > 0 (decisive only),COMPATIBILITY_ONLY_NOT_PRODUCTION,18421.3072,16785.3789,482.2964,300,285,-0.02618144,-0.00901077,-0.03175496,-0.02618144,-482.2964,18421.3072,OK,0.0000,19.2919,4.0000,96.0000,AG03-UNRESOLVED,ALL5_LEVELS_bet23_to_bet27,19.2919,19.2919,19.2919,19.2919,19.2919,4.000000,4.000000,4.000000,4.000000,4.000000,96.000000,96.000000,96.000000,96.000000,96.000000,5.0,96.4593,89.0451,385.8371,393.2513,PENDING_AG03,FALSE,NOT_FOR_ENFORCEMENT,463.0045,16113.9638,482.2964,463.0045,19.2919,0.02618144,0.02513418,19.2919,463.0045,0.02513418,19.2919,19.2919,19.2919,19.2919,19.2919,463.0045,0.02513418,96.4593,89.0451,385.8371,393.2513,0.02094515,0.02134763,0.00104726,61.4044,58.8961,1.6923,3.9211,2.3412,149.7667,2.3171,62.6970,60.9962,41.8926,42.3384,83.4468,160.8553,162.3351,164.1988,42.3384,-2.2539,3.834227,3.878245,1.450322,20,49,61,3,0.24505223,0.02618144,0.00901077,0E-8,0.000000,0.911194,0.000000,0.02274419,2026-03-22,2026-08-06,123,206,194,138,0.891304,1.027884,1.021051,0.816841,,,,,,,,GLOBAL_BASELINE_NO_ENTITY_RANKING,,,NOT_APPLICABLE_GLOBAL_BASELINE,HF9g-P5,,,,X 全窗基线 · 不参与实体赏罚,8393454,840,A168_HF9F_20260827_0900,2026-08-27 09:00:00
2026-06-27,97284850,1400,0,41.8926182629,-41.8926182629,-41.8926182629,0E-7,1,1,0.49324550000000000,0.493245500000,-0.9865810262130424,-0.9865810262130424,-0.9865810262130424,0E-17,ELIGIBLE,R03b_20260811_FULL_v1,L1_ELIGIBILITY,v2026-08-11,2026-03-21..2026-08-06,baccarat_bet02_101_all_pairs_incl_sentinel,round_win = game_pnl > 0 (decisive only),COMPATIBILITY_ONLY_NOT_PRODUCTION,18421.3072,16785.3789,482.2964,300,285,-0.02618144,-0.00901077,-0.03175496,-0.02618144,-482.2964,18421.3072,OK,0.0000,19.2919,4.0000,96.0000,AG03-UNRESOLVED,ALL5_LEVELS_bet23_to_bet27,19.2919,19.2919,19.2919,19.2919,19.2919,4.000000,4.000000,4.000000,4.000000,4.000000,96.000000,96.000000,96.000000,96.000000,96.000000,5.0,96.4593,89.0451,385.8371,393.2513,PENDING_AG03,FALSE,NOT_FOR_ENFORCEMENT,463.0045,16113.9638,482.2964,463.0045,19.2919,0.02618144,0.02513418,19.2919,463.0045,0.02513418,19.2919,19.2919,19.2919,19.2919,19.2919,463.0045,0.02513418,96.4593,89.0451,385.8371,393.2513,0.02094515,0.02134763,0.00104726,61.4044,58.8961,1.6923,3.9211,2.3412,149.7667,2.3171,62.6970,60.9962,41.8926,42.3384,83.4468,160.8553,162.3351,164.1988,42.3384,-2.2539,3.834227,3.878245,1.450322,20,49,61,3,0.24505223,0.02618144,0.00901077,0E-8,0.000000,0.911194,0.000000,0.02274419,2026-03-22,2026-08-06,123,206,194,138,0.891304,1.027884,1.021051,0.816841,,,,,,,,GLOBAL_BASELINE_NO_ENTITY_RANKING,,,NOT_APPLICABLE_GLOBAL_BASELINE,HF9g-P5,,,,X 全窗基线 · 不参与实体赏罚,8393455,840,A168_HF9F_20260827_0900,2026-08-27 09:00:00
2026-06-28,97284850,2123,0,41.8926182629,-41.8926182629,-41.8926182629,0E-7,1,1,0.49324550000000000,0.493245500000,-0.9865810262130424,-0.9865810262130424,-0.9865810262130424,0E-17,ELIGIBLE,R03b_20260811_FULL_v1,L1_ELIGIBILITY,v2026-08-11,2026-03-21..2026-08-06,baccarat_bet02_101_all_pairs_incl_sentinel,round_win = game_pnl > 0 (decisive only),COMPATIBILITY_ONLY_NOT_PRODUCTION,18421.3072,16785.3789,482.2964,300,285,-0.02618144,-0.00901077,-0.03175496,-0.02618144,-482.2964,18421.3072,OK,0.0000,19.2919,4.0000,96.0000,AG03-UNRESOLVED,ALL5_LEVELS_bet23_to_bet27,19.2919,19.2919,19.2919,19.2919,19.2919,4.000000,4.000000,4.000000,4.000000,4.000000,96.000000,96.000000,96.000000,96.000000,96.000000,5.0,96.4593,89.0451,385.8371,393.2513,PENDING_AG03,FALSE,NOT_FOR_ENFORCEMENT,463.0045,16113.9638,482.2964,463.0045,19.2919,0.02618144,0.02513418,19.2919,463.0045,0.02513418,19.2919,19.2919,19.2919,19.2919,19.2919,463.0045,0.02513418,96.4593,89.0451,385.8371,393.2513,0.02094515,0.02134763,0.00104726,61.4044,58.8961,1.6923,3.9211,2.3412,149.7667,2.3171,62.6970,60.9962,41.8926,42.3384,83.4468,160.8553,162.3351,164.1988,42.3384,-2.2539,3.834227,3.878245,1.450322,20,49,61,3,0.24505223,0.02618144,0.00901077,0E-8,0.000000,0.911194,0.000000,0.02274419,2026-03-22,2026-08-06,123,206,194,138,0.891304,1.027884,1.021051,0.816841,,,,,,,,GLOBAL_BASELINE_NO_ENTITY_RANKING,,,NOT_APPLICABLE_GLOBAL_BASELINE,HF9g-P5,,,,X 全窗基线 · 不参与实体赏罚,8393456,840,A168_HF9F_20260827_0900,2026-08-27 09:00:00
2026-06-29,97284850,1396,0,41.8926182629,41.8926182629,41.8926182629,1.0000000,1,1,0.49324550000000000,0.493245500000,1.01360149184955,1.01360149184955,1.01360149184955,0E-17,ELIGIBLE,R03b_20260811_FULL_v1,L1_ELIGIBILITY,v2026-08-11,2026-03-21..2026-08-06,baccarat_bet02_101_all_pairs_incl_sentinel,round_win = game_pnl > 0 (decisive only),COMPATIBILITY_ONLY_NOT_PRODUCTION,18421.3072,16785.3789,482.2964,300,285,-0.02618144,-0.00901077,-0.03175496,-0.02618144,-482.2964,18421.3072,OK,0.0000,19.2919,4.0000,96.0000,AG03-UNRESOLVED,ALL5_LEVELS_bet23_to_bet27,19.2919,19.2919,19.2919,19.2919,19.2919,4.000000,4.000000,4.000000,4.000000,4.000000,96.000000,96.000000,96.000000,96.000000,96.000000,5.0,96.4593,89.0451,385.8371,393.2513,PENDING_AG03,FALSE,NOT_FOR_ENFORCEMENT,463.0045,16113.9638,482.2964,463.0045,19.2919,0.02618144,0.02513418,19.2919,463.0045,0.02513418,19.2919,19.2919,19.2919,19.2919,19.2919,463.0045,0.02513418,96.4593,89.0451,385.8371,393.2513,0.02094515,0.02134763,0.00104726,61.4044,58.8961,1.6923,3.9211,2.3412,149.7667,2.3171,62.6970,60.9962,41.8926,42.3384,83.4468,160.8553,162.3351,164.1988,42.3384,-2.2539,3.834227,3.878245,1.450322,20,49,61,3,0.24505223,0.02618144,0.00901077,0E-8,0.000000,0.911194,0.000000,0.02274419,2026-03-22,2026-08-06,123,206,194,138,0.891304,1.027884,1.021051,0.816841,,,,,,,,GLOBAL_BASELINE_NO_ENTITY_RANKING,,,NOT_APPLICABLE_GLOBAL_BASELINE,HF9g-P5,,,,X 全窗基线 · 不参与实体赏罚,8393457,840,A168_HF9F_20260827_0900,2026-08-27 09:00:00
2026-06-29,97284850,1400,0,83.7852365257,79.5959746994,79.5959746994,1.0000000,1,1,0.50665070000000000,0.506650700000,0.9867858985152569,0.9867858985152569,0.9867858985152569,0E-17,ELIGIBLE,R03b_20260811_FULL_v1,L1_ELIGIBILITY,v2026-08-11,2026-03-21..2026-08-06,baccarat_bet02_101_all_pairs_incl_sentinel,round_win = game_pnl > 0 (decisive only),COMPATIBILITY_ONLY_NOT_PRODUCTION,18421.3072,16785.3789,482.2964,300,285,-0.02618144,-0.00901077,-0.03175496,-0.02618144,-482.2964,18421.3072,OK,0.0000,19.2919,4.0000,96.0000,AG03-UNRESOLVED,ALL5_LEVELS_bet23_to_bet27,19.2919,19.2919,19.2919,19.2919,19.2919,4.000000,4.000000,4.000000,4.000000,4.000000,96.000000,96.000000,96.000000,96.000000,96.000000,5.0,96.4593,89.0451,385.8371,393.2513,PENDING_AG03,FALSE,NOT_FOR_ENFORCEMENT,463.0045,16113.9638,482.2964,463.0045,19.2919,0.02618144,0.02513418,19.2919,463.0045,0.02513418,19.2919,19.2919,19.2919,19.2919,19.2919,463.0045,0.02513418,96.4593,89.0451,385.8371,393.2513,0.02094515,0.02134763,0.00104726,61.4044,58.8961,1.6923,3.9211,2.3412,149.7667,2.3171,62.6970,60.9962,41.8926,42.3384,83.4468,160.8553,162.3351,164.1988,42.3384,-2.2539,3.834227,3.878245,1.450322,20,49,61,3,0.24505223,0.02618144,0.00901077,0E-8,0.000000,0.911194,0.000000,0.02274419,2026-03-22,2026-08-06,123,206,194,138,0.891304,1.027884,1.021051,0.816841,,,,,,,,GLOBAL_BASELINE_NO_ENTITY_RANKING,,,NOT_APPLICABLE_GLOBAL_BASELINE,HF9g-P5,,,,X 全窗基线 · 不参与实体赏罚,8393458,840,A168_HF9F_20260827_0900,2026-08-27 09:00:00
2026-06-29,97284850,2101,0,2.2557563680,-2.2557563680,-2.2557563680,0E-7,1,1,0.09460280000000000,0.094602800000,-0.32324545095860213,-0.32324545095860213,-0.32324545095860213,0E-17,ELIGIBLE,R03b_20260811_FULL_v1,L1_ELIGIBILITY,v2026-08-11,2026-03-21..2026-08-06,baccarat_bet02_101_all_pairs_incl_sentinel,round_win = game_pnl > 0 (decisive only),COMPATIBILITY_ONLY_NOT_PRODUCTION,18421.3072,16785.3789,482.2964,300,285,-0.02618144,-0.00901077,-0.03175496,-0.02618144,-482.2964,18421.3072,OK,0.0000,19.2919,4.0000,96.0000,AG03-UNRESOLVED,ALL5_LEVELS_bet23_to_bet27,19.2919,19.2919,19.2919,19.2919,19.2919,4.000000,4.000000,4.000000,4.000000,4.000000,96.000000,96.000000,96.000000,96.000000,96.000000,5.0,96.4593,89.0451,385.8371,393.2513,PENDING_AG03,FALSE,NOT_FOR_ENFORCEMENT,463.0045,16113.9638,482.2964,463.0045,19.2919,0.02618144,0.02513418,19.2919,463.0045,0.02513418,19.2919,19.2919,19.2919,19.2919,19.2919,463.0045,0.02513418,96.4593,89.0451,385.8371,393.2513,0.02094515,0.02134763,0.00104726,61.4044,58.8961,1.6923,3.9211,2.3412,149.7667,2.3171,62.6970,60.9962,41.8926,42.3384,83.4468,160.8553,162.3351,164.1988,42.3384,-2.2539,3.834227,3.878245,1.450322,20,49,61,3,0.24505223,0.02618144,0.00901077,0E-8,0.000000,0.911194,0.000000,0.02274419,2026-03-22,2026-08-06,123,206,194,138,0.891304,1.027884,1.021051,0.816841,,,,,,,,GLOBAL_BASELINE_NO_ENTITY_RANKING,,,NOT_APPLICABLE_GLOBAL_BASELINE,HF9g-P5,,,,X 全窗基线 · 不参与实体赏罚,8393459,840,A168_HF9F_20260827_0900,2026-08-27 09:00:00
2026-06-29,97284850,2170,0,161.1254548572,-161.1254548572,-161.1254548572,0E-7,1,1,0.50665070000000000,0.506650700000,-1.013391052207602,-1.013391052207602,-1.013391052207602,0E-17,ELIGIBLE,R03b_20260811_FULL_v1,L1_ELIGIBILITY,v2026-08-11,2026-03-21..2026-08-06,baccarat_bet02_101_all_pairs_incl_sentinel,round_win = game_pnl > 0 (decisive only),COMPATIBILITY_ONLY_NOT_PRODUCTION,18421.3072,16785.3789,482.2964,300,285,-0.02618144,-0.00901077,-0.03175496,-0.02618144,-482.2964,18421.3072,OK,0.0000,19.2919,4.0000,96.0000,AG03-UNRESOLVED,ALL5_LEVELS_bet23_to_bet27,19.2919,19.2919,19.2919,19.2919,19.2919,4.000000,4.000000,4.000000,4.000000,4.000000,96.000000,96.000000,96.000000,96.000000,96.000000,5.0,96.4593,89.0451,385.8371,393.2513,PENDING_AG03,FALSE,NOT_FOR_ENFORCEMENT,463.0045,16113.9638,482.2964,463.0045,19.2919,0.02618144,0.02513418,19.2919,463.0045,0.02513418,19.2919,19.2919,19.2919,19.2919,19.2919,463.0045,0.02513418,96.4593,89.0451,385.8371,393.2513,0.02094515,0.02134763,0.00104726,61.4044,58.8961,1.6923,3.9211,2.3412,149.7667,2.3171,62.6970,60.9962,41.8926,42.3384,83.4468,160.8553,162.3351,164.1988,42.3384,-2.2539,3.834227,3.878245,1.450322,20,49,61,3,0.24505223,0.02618144,0.00901077,0E-8,0.000000,0.911194,0.000000,0.02274419,2026-03-22,2026-08-06,123,206,194,138,0.891304,1.027884,1.021051,0.816841,,,,,,,,GLOBAL_BASELINE_NO_ENTITY_RANKING,,,NOT_APPLICABLE_GLOBAL_BASELINE,HF9g-P5,,,,X 全窗基线 · 不参与实体赏罚,8393460,840,A168_HF9F_20260827_0900,2026-08-27 09:00:00
2026-06-30,97284850,2251,0,41.8926182629,-41.8926182629,-41.8926182629,0E-7,1,1,0.49324550000000000,0.493245500000,-0.9865810262130424,-0.9865810262130424,-0.9865810262130424,0E-17,ELIGIBLE,R03b_20260811_FULL_v1,L1_ELIGIBILITY,v2026-08-11,2026-03-21..2026-08-06,baccarat_bet02_101_all_pairs_incl_sentinel,round_win = game_pnl > 0 (decisive only),COMPATIBILITY_ONLY_NOT_PRODUCTION,18421.3072,16785.3789,482.2964,300,285,-0.02618144,-0.00901077,-0.03175496,-0.02618144,-482.2964,18421.3072,OK,0.0000,19.2919,4.0000,96.0000,AG03-UNRESOLVED,ALL5_LEVELS_bet23_to_bet27,19.2919,19.2919,19.2919,19.2919,19.2919,4.000000,4.000000,4.000000,4.000000,4.000000,96.000000,96.000000,96.000000,96.000000,96.000000,5.0,96.4593,89.0451,385.8371,393.2513,PENDING_AG03,FALSE,NOT_FOR_ENFORCEMENT,463.0045,16113.9638,482.2964,463.0045,19.2919,0.02618144,0.02513418,19.2919,463.0045,0.02513418,19.2919,19.2919,19.2919,19.2919,19.2919,463.0045,0.02513418,96.4593,89.0451,385.8371,393.2513,0.02094515,0.02134763,0.00104726,61.4044,58.8961,1.6923,3.9211,2.3412,149.7667,2.3171,62.6970,60.9962,41.8926,42.3384,83.4468,160.8553,162.3351,164.1988,42.3384,-2.2539,3.834227,3.878245,1.450322,20,49,61,3,0.24505223,0.02618144,0.00901077,0E-8,0.000000,0.911194,0.000000,0.02274419,2026-03-22,2026-08-06,123,206,194,138,0.891304,1.027884,1.021051,0.816841,,,,,,,,GLOBAL_BASELINE_NO_ENTITY_RANKING,,,NOT_APPLICABLE_GLOBAL_BASELINE,HF9g-P5,,,,X 全窗基线 · 不参与实体赏罚,8393461,840,A168_HF9F_20260827_0900,2026-08-27 09:00:00
2026-07-01,97284850,2196,0,42.0680525178,-42.0680525178,-42.0680525178,0E-7,1,1,0.49324550000000000,0.493245500000,-0.9865810262130424,-0.9865810262130424,-0.9865810262130424,0E-17,ELIGIBLE,R03b_20260811_FULL_v1,L1_ELIGIBILITY,v2026-08-11,2026-03-21..2026-08-06,baccarat_bet02_101_all_pairs_incl_sentinel,round_win = game_pnl > 0 (decisive only),COMPATIBILITY_ONLY_NOT_PRODUCTION,18421.3072,16785.3789,482.2964,300,285,-0.02618144,-0.00901077,-0.03175496,-0.02618144,-482.2964,18421.3072,OK,0.0000,19.2919,4.0000,96.0000,AG03-UNRESOLVED,ALL5_LEVELS_bet23_to_bet27,19.2919,19.2919,19.2919,19.2919,19.2919,4.000000,4.000000,4.000000,4.000000,4.000000,96.000000,96.000000,96.000000,96.000000,96.000000,5.0,96.4593,89.0451,385.8371,393.2513,PENDING_AG03,FALSE,NOT_FOR_ENFORCEMENT,463.0045,16113.9638,482.2964,463.0045,19.2919,0.02618144,0.02513418,19.2919,463.0045,0.02513418,19.2919,19.2919,19.2919,19.2919,19.2919,463.0045,0.02513418,96.4593,89.0451,385.8371,393.2513,0.02094515,0.02134763,0.00104726,61.4044,58.8961,1.6923,3.9211,2.3412,149.7667,2.3171,62.6970,60.9962,41.8926,42.3384,83.4468,160.8553,162.3351,164.1988,42.3384,-2.2539,3.834227,3.878245,1.450322,20,49,61,3,0.24505223,0.02618144,0.00901077,0E-8,0.000000,0.911194,0.000000,0.02274419,2026-03-22,2026-08-06,123,206,194,138,0.891304,1.027884,1.021051,0.816841,,,,,,,,GLOBAL_BASELINE_NO_ENTITY_RANKING,,,NOT_APPLICABLE_GLOBAL_BASELINE,HF9g-P5,,,,X 全窗基线 · 不参与实体赏罚,8393462,840,A168_HF9F_20260827_0900,2026-08-27 09:00:00
2026-07-02,97284850,1318,0,168.2722100710,-84.1361050355,-84.1361050355,0E-7,2,2,0.50665070000000000,0.506650700000,-1.013391052207602,-1.013391052207602,-1.013391052207602,0E-17,ELIGIBLE,R03b_20260811_FULL_v1,L1_ELIGIBILITY,v2026-08-11,2026-03-21..2026-08-06,baccarat_bet02_101_all_pairs_incl_sentinel,round_win = game_pnl > 0 (decisive only),COMPATIBILITY_ONLY_NOT_PRODUCTION,18421.3072,16785.3789,482.2964,300,285,-0.02618144,-0.00901077,-0.03175496,-0.02618144,-482.2964,18421.3072,OK,0.0000,19.2919,4.0000,96.0000,AG03-UNRESOLVED,ALL5_LEVELS_bet23_to_bet27,19.2919,19.2919,19.2919,19.2919,19.2919,4.000000,4.000000,4.000000,4.000000,4.000000,96.000000,96.000000,96.000000,96.000000,96.000000,5.0,96.4593,89.0451,385.8371,393.2513,PENDING_AG03,FALSE,NOT_FOR_ENFORCEMENT,463.0045,16113.9638,482.2964,463.0045,19.2919,0.02618144,0.02513418,19.2919,463.0045,0.02513418,19.2919,19.2919,19.2919,19.2919,19.2919,463.0045,0.02513418,96.4593,89.0451,385.8371,393.2513,0.02094515,0.02134763,0.00104726,61.4044,58.8961,1.6923,3.9211,2.3412,149.7667,2.3171,62.6970,60.9962,41.8926,42.3384,83.4468,160.8553,162.3351,164.1988,42.3384,-2.2539,3.834227,3.878245,1.450322,20,49,61,3,0.24505223,0.02618144,0.00901077,0E-8,0.000000,0.911194,0.000000,0.02274419,2026-03-22,2026-08-06,123,206,194,138,0.891304,1.027884,1.021051,0.816841,,,,,,,,GLOBAL_BASELINE_NO_ENTITY_RANKING,,,NOT_APPLICABLE_GLOBAL_BASELINE,HF9g-P5,,,,X 全窗基线 · 不参与实体赏罚,8393463,840,A168_HF9F_20260827_0900,2026-08-27 09:00:00
2026-07-02,97284850,2174,0,42.0680525178,42.0680525178,42.0680525178,1.0000000,1,1,0.49324550000000000,0.493245500000,1.01360149184955,1.01360149184955,1.01360149184955,0E-17,ELIGIBLE,R03b_20260811_FULL_v1,L1_ELIGIBILITY,v2026-08-11,2026-03-21..2026-08-06,baccarat_bet02_101_all_pairs_incl_sentinel,round_win = game_pnl > 0 (decisive only),COMPATIBILITY_ONLY_NOT_PRODUCTION,18421.3072,16785.3789,482.2964,300,285,-0.02618144,-0.00901077,-0.03175496,-0.02618144,-482.2964,18421.3072,OK,0.0000,19.2919,4.0000,96.0000,AG03-UNRESOLVED,ALL5_LEVELS_bet23_to_bet27,19.2919,19.2919,19.2919,19.2919,19.2919,4.000000,4.000000,4.000000,4.000000,4.000000,96.000000,96.000000,96.000000,96.000000,96.000000,5.0,96.4593,89.0451,385.8371,393.2513,PENDING_AG03,FALSE,NOT_FOR_ENFORCEMENT,463.0045,16113.9638,482.2964,463.0045,19.2919,0.02618144,0.02513418,19.2919,463.0045,0.02513418,19.2919,19.2919,19.2919,19.2919,19.2919,463.0045,0.02513418,96.4593,89.0451,385.8371,393.2513,0.02094515,0.02134763,0.00104726,61.4044,58.8961,1.6923,3.9211,2.3412,149.7667,2.3171,62.6970,60.9962,41.8926,42.3384,83.4468,160.8553,162.3351,164.1988,42.3384,-2.2539,3.834227,3.878245,1.450322,20,49,61,3,0.24505223,0.02618144,0.00901077,0E-8,0.000000,0.911194,0.000000,0.02274419,2026-03-22,2026-08-06,123,206,194,138,0.891304,1.027884,1.021051,0.816841,,,,,,,,GLOBAL_BASELINE_NO_ENTITY_RANKING,,,NOT_APPLICABLE_GLOBAL_BASELINE,HF9g-P5,,,,X 全窗基线 · 不参与实体赏罚,8393464,840,A168_HF9F_20260827_0900,2026-08-27 09:00:00
2026-07-03,97284850,2174,0,42.0680525178,-42.0680525178,-42.0680525178,0E-7,1,1,0.50665070000000000,0.506650700000,-1.013391052207602,-1.013391052207602,-1.013391052207602,0E-17,ELIGIBLE,R03b_20260811_FULL_v1,L1_ELIGIBILITY,v2026-08-11,2026-03-21..2026-08-06,baccarat_bet02_101_all_pairs_incl_sentinel,round_win = game_pnl > 0 (decisive only),COMPATIBILITY_ONLY_NOT_PRODUCTION,18421.3072,16785.3789,482.2964,300,285,-0.02618144,-0.00901077,-0.03175496,-0.02618144,-482.2964,18421.3072,OK,0.0000,19.2919,4.0000,96.0000,AG03-UNRESOLVED,ALL5_LEVELS_bet23_to_bet27,19.2919,19.2919,19.2919,19.2919,19.2919,4.000000,4.000000,4.000000,4.000000,4.000000,96.000000,96.000000,96.000000,96.000000,96.000000,5.0,96.4593,89.0451,385.8371,393.2513,PENDING_AG03,FALSE,NOT_FOR_ENFORCEMENT,463.0045,16113.9638,482.2964,463.0045,19.2919,0.02618144,0.02513418,19.2919,463.0045,0.02513418,19.2919,19.2919,19.2919,19.2919,19.2919,463.0045,0.02513418,96.4593,89.0451,385.8371,393.2513,0.02094515,0.02134763,0.00104726,61.4044,58.8961,1.6923,3.9211,2.3412,149.7667,2.3171,62.6970,60.9962,41.8926,42.3384,83.4468,160.8553,162.3351,164.1988,42.3384,-2.2539,3.834227,3.878245,1.450322,20,49,61,3,0.24505223,0.02618144,0.00901077,0E-8,0.000000,0.911194,0.000000,0.02274419,2026-03-22,2026-08-06,123,206,194,138,0.891304,1.027884,1.021051,0.816841,,,,,,,,GLOBAL_BASELINE_NO_ENTITY_RANKING,,,NOT_APPLICABLE_GLOBAL_BASELINE,HF9g-P5,,,,X 全窗基线 · 不参与实体赏罚,8393465,840,A168_HF9F_20260827_0900,2026-08-27 09:00:00
2026-07-04,97284850,1505,0,42.0680525178,-42.0680525178,-42.0680525178,0E-7,1,1,0.50665070000000000,0.506650700000,-1.013391052207602,-1.013391052207602,-1.013391052207602,0E-17,ELIGIBLE,R03b_20260811_FULL_v1,L1_ELIGIBILITY,v2026-08-11,2026-03-21..2026-08-06,baccarat_bet02_101_all_pairs_incl_sentinel,round_win = game_pnl > 0 (decisive only),COMPATIBILITY_ONLY_NOT_PRODUCTION,18421.3072,16785.3789,482.2964,300,285,-0.02618144,-0.00901077,-0.03175496,-0.02618144,-482.2964,18421.3072,OK,0.0000,19.2919,4.0000,96.0000,AG03-UNRESOLVED,ALL5_LEVELS_bet23_to_bet27,19.2919,19.2919,19.2919,19.2919,19.2919,4.000000,4.000000,4.000000,4.000000,4.000000,96.000000,96.000000,96.000000,96.000000,96.000000,5.0,96.4593,89.0451,385.8371,393.2513,PENDING_AG03,FALSE,NOT_FOR_ENFORCEMENT,463.0045,16113.9638,482.2964,463.0045,19.2919,0.02618144,0.02513418,19.2919,463.0045,0.02513418,19.2919,19.2919,19.2919,19.2919,19.2919,463.0045,0.02513418,96.4593,89.0451,385.8371,393.2513,0.02094515,0.02134763,0.00104726,61.4044,58.8961,1.6923,3.9211,2.3412,149.7667,2.3171,62.6970,60.9962,41.8926,42.3384,83.4468,160.8553,162.3351,164.1988,42.3384,-2.2539,3.834227,3.878245,1.450322,20,49,61,3,0.24505223,0.02618144,0.00901077,0E-8,0.000000,0.911194,0.000000,0.02274419,2026-03-22,2026-08-06,123,206,194,138,0.891304,1.027884,1.021051,0.816841,,,,,,,,GLOBAL_BASELINE_NO_ENTITY_RANKING,,,NOT_APPLICABLE_GLOBAL_BASELINE,HF9g-P5,,,,X 全窗基线 · 不参与实体赏罚,8393466,840,A168_HF9F_20260827_0900,2026-08-27 09:00:00
2026-07-04,97284850,2235,0,42.0680525178,39.9646498919,39.9646498919,1.0000000,1,1,0.50665070000000000,0.506650700000,0.9867858985152569,0.9867858985152569,0.9867858985152569,0E-17,ELIGIBLE,R03b_20260811_FULL_v1,L1_ELIGIBILITY,v2026-08-11,2026-03-21..2026-08-06,baccarat_bet02_101_all_pairs_incl_sentinel,round_win = game_pnl > 0 (decisive only),COMPATIBILITY_ONLY_NOT_PRODUCTION,18421.3072,16785.3789,482.2964,300,285,-0.02618144,-0.00901077,-0.03175496,-0.02618144,-482.2964,18421.3072,OK,0.0000,19.2919,4.0000,96.0000,AG03-UNRESOLVED,ALL5_LEVELS_bet23_to_bet27,19.2919,19.2919,19.2919,19.2919,19.2919,4.000000,4.000000,4.000000,4.000000,4.000000,96.000000,96.000000,96.000000,96.000000,96.000000,5.0,96.4593,89.0451,385.8371,393.2513,PENDING_AG03,FALSE,NOT_FOR_ENFORCEMENT,463.0045,16113.9638,482.2964,463.0045,19.2919,0.02618144,0.02513418,19.2919,463.0045,0.02513418,19.2919,19.2919,19.2919,19.2919,19.2919,463.0045,0.02513418,96.4593,89.0451,385.8371,393.2513,0.02094515,0.02134763,0.00104726,61.4044,58.8961,1.6923,3.9211,2.3412,149.7667,2.3171,62.6970,60.9962,41.8926,42.3384,83.4468,160.8553,162.3351,164.1988,42.3384,-2.2539,3.834227,3.878245,1.450322,20,49,61,3,0.24505223,0.02618144,0.00901077,0E-8,0.000000,0.911194,0.000000,0.02274419,2026-03-22,2026-08-06,123,206,194,138,0.891304,1.027884,1.021051,0.816841,,,,,,,,GLOBAL_BASELINE_NO_ENTITY_RANKING,,,NOT_APPLICABLE_GLOBAL_BASELINE,HF9g-P5,,,,X 全窗基线 · 不参与实体赏罚,8393467,840,A168_HF9F_20260827_0900,2026-08-27 09:00:00
2026-07-05,97284850,2088,0,82.0327024096,-82.0327024096,-82.0327024096,0E-7,1,1,0.49324550000000000,0.493245500000,-0.9865810262130424,-0.9865810262130424,-0.9865810262130424,0E-17,ELIGIBLE,R03b_20260811_FULL_v1,L1_ELIGIBILITY,v2026-08-11,2026-03-21..2026-08-06,baccarat_bet02_101_all_pairs_incl_sentinel,round_win = game_pnl > 0 (decisive only),COMPATIBILITY_ONLY_NOT_PRODUCTION,18421.3072,16785.3789,482.2964,300,285,-0.02618144,-0.00901077,-0.03175496,-0.02618144,-482.2964,18421.3072,OK,0.0000,19.2919,4.0000,96.0000,AG03-UNRESOLVED,ALL5_LEVELS_bet23_to_bet27,19.2919,19.2919,19.2919,19.2919,19.2919,4.000000,4.000000,4.000000,4.000000,4.000000,96.000000,96.000000,96.000000,96.000000,96.000000,5.0,96.4593,89.0451,385.8371,393.2513,PENDING_AG03,FALSE,NOT_FOR_ENFORCEMENT,463.0045,16113.9638,482.2964,463.0045,19.2919,0.02618144,0.02513418,19.2919,463.0045,0.02513418,19.2919,19.2919,19.2919,19.2919,19.2919,463.0045,0.02513418,96.4593,89.0451,385.8371,393.2513,0.02094515,0.02134763,0.00104726,61.4044,58.8961,1.6923,3.9211,2.3412,149.7667,2.3171,62.6970,60.9962,41.8926,42.3384,83.4468,160.8553,162.3351,164.1988,42.3384,-2.2539,3.834227,3.878245,1.450322,20,49,61,3,0.24505223,0.02618144,0.00901077,0E-8,0.000000,0.911194,0.000000,0.02274419,2026-03-22,2026-08-06,123,206,194,138,0.891304,1.027884,1.021051,0.816841,,,,,,,,GLOBAL_BASELINE_NO_ENTITY_RANKING,,,NOT_APPLICABLE_GLOBAL_BASELINE,HF9g-P5,,,,X 全窗基线 · 不参与实体赏罚,8393468,840,A168_HF9F_20260827_0900,2026-08-27 09:00:00
2026-07-06,97284850,-1,1,42.0680525178,-42.0680525178,-42.0680525178,0E-7,1,1,0.49324550000000000,0.493245500000,-0.9865810262130424,-0.9865810262130424,-0.9865810262130424,0E-17,SENTINEL_DEALER,R03b_20260811_FULL_v1,L1_ELIGIBILITY,v2026-08-11,2026-03-21..2026-08-06,baccarat_bet02_101_all_pairs_incl_sentinel,round_win = game_pnl > 0 (decisive only),COMPATIBILITY_ONLY_NOT_PRODUCTION,18421.3072,16785.3789,482.2964,300,285,-0.02618144,-0.00901077,-0.03175496,-0.02618144,-482.2964,18421.3072,OK,0.0000,19.2919,4.0000,96.0000,AG03-UNRESOLVED,ALL5_LEVELS_bet23_to_bet27,19.2919,19.2919,19.2919,19.2919,19.2919,4.000000,4.000000,4.000000,4.000000,4.000000,96.000000,96.000000,96.000000,96.000000,96.000000,5.0,96.4593,89.0451,385.8371,393.2513,PENDING_AG03,FALSE,NOT_FOR_ENFORCEMENT,463.0045,16113.9638,482.2964,463.0045,19.2919,0.02618144,0.02513418,19.2919,463.0045,0.02513418,19.2919,19.2919,19.2919,19.2919,19.2919,463.0045,0.02513418,96.4593,89.0451,385.8371,393.2513,0.02094515,0.02134763,0.00104726,61.4044,58.8961,1.6923,3.9211,2.3412,149.7667,2.3171,62.6970,60.9962,41.8926,42.3384,83.4468,160.8553,162.3351,164.1988,42.3384,-2.2539,3.834227,3.878245,1.450322,20,49,61,3,0.24505223,0.02618144,0.00901077,0E-8,0.000000,0.911194,0.000000,0.02274419,2026-03-22,2026-08-06,123,206,194,138,0.891304,1.027884,1.021051,0.816841,,,,,,,,GLOBAL_BASELINE_NO_ENTITY_RANKING,,,NOT_APPLICABLE_GLOBAL_BASELINE,HF9g-P5,,,,X 全窗基线 · 不参与实体赏罚,8393469,840,A168_HF9F_20260827_0900,2026-08-27 09:00:00
2026-07-07,97284850,-1,1,42.0680525178,-42.0680525178,-42.0680525178,0E-7,1,1,0.49324550000000000,0.493245500000,-0.9865810262130424,-0.9865810262130424,-0.9865810262130424,0E-17,SENTINEL_DEALER,R03b_20260811_FULL_v1,L1_ELIGIBILITY,v2026-08-11,2026-03-21..2026-08-06,baccarat_bet02_101_all_pairs_incl_sentinel,round_win = game_pnl > 0 (decisive only),COMPATIBILITY_ONLY_NOT_PRODUCTION,18421.3072,16785.3789,482.2964,300,285,-0.02618144,-0.00901077,-0.03175496,-0.02618144,-482.2964,18421.3072,OK,0.0000,19.2919,4.0000,96.0000,AG03-UNRESOLVED,ALL5_LEVELS_bet23_to_bet27,19.2919,19.2919,19.2919,19.2919,19.2919,4.000000,4.000000,4.000000,4.000000,4.000000,96.000000,96.000000,96.000000,96.000000,96.000000,5.0,96.4593,89.0451,385.8371,393.2513,PENDING_AG03,FALSE,NOT_FOR_ENFORCEMENT,463.0045,16113.9638,482.2964,463.0045,19.2919,0.02618144,0.02513418,19.2919,463.0045,0.02513418,19.2919,19.2919,19.2919,19.2919,19.2919,463.0045,0.02513418,96.4593,89.0451,385.8371,393.2513,0.02094515,0.02134763,0.00104726,61.4044,58.8961,1.6923,3.9211,2.3412,149.7667,2.3171,62.6970,60.9962,41.8926,42.3384,83.4468,160.8553,162.3351,164.1988,42.3384,-2.2539,3.834227,3.878245,1.450322,20,49,61,3,0.24505223,0.02618144,0.00901077,0E-8,0.000000,0.911194,0.000000,0.02274419,2026-03-22,2026-08-06,123,206,194,138,0.891304,1.027884,1.021051,0.816841,,,,,,,,GLOBAL_BASELINE_NO_ENTITY_RANKING,,,NOT_APPLICABLE_GLOBAL_BASELINE,HF9g-P5,,,,X 全窗基线 · 不参与实体赏罚,8393470,840,A168_HF9F_20260827_0900,2026-08-27 09:00:00
2026-07-07,97284850,1396,0,126.2041575533,121.9973523015,121.9973523015,1.0000000,2,2,0.49994810000000000,0.499948100000,1.4143603653603398,1.4143603653603398,1.4143603653603398,0E-17,ELIGIBLE,R03b_20260811_FULL_v1,L1_ELIGIBILITY,v2026-08-11,2026-03-21..2026-08-06,baccarat_bet02_101_all_pairs_incl_sentinel,round_win = game_pnl > 0 (decisive only),COMPATIBILITY_ONLY_NOT_PRODUCTION,18421.3072,16785.3789,482.2964,300,285,-0.02618144,-0.00901077,-0.03175496,-0.02618144,-482.2964,18421.3072,OK,0.0000,19.2919,4.0000,96.0000,AG03-UNRESOLVED,ALL5_LEVELS_bet23_to_bet27,19.2919,19.2919,19.2919,19.2919,19.2919,4.000000,4.000000,4.000000,4.000000,4.000000,96.000000,96.000000,96.000000,96.000000,96.000000,5.0,96.4593,89.0451,385.8371,393.2513,PENDING_AG03,FALSE,NOT_FOR_ENFORCEMENT,463.0045,16113.9638,482.2964,463.0045,19.2919,0.02618144,0.02513418,19.2919,463.0045,0.02513418,19.2919,19.2919,19.2919,19.2919,19.2919,463.0045,0.02513418,96.4593,89.0451,385.8371,393.2513,0.02094515,0.02134763,0.00104726,61.4044,58.8961,1.6923,3.9211,2.3412,149.7667,2.3171,62.6970,60.9962,41.8926,42.3384,83.4468,160.8553,162.3351,164.1988,42.3384,-2.2539,3.834227,3.878245,1.450322,20,49,61,3,0.24505223,0.02618144,0.00901077,0E-8,0.000000,0.911194,0.000000,0.02274419,2026-03-22,2026-08-06,123,206,194,138,0.891304,1.027884,1.021051,0.816841,,,,,,,,GLOBAL_BASELINE_NO_ENTITY_RANKING,,,NOT_APPLICABLE_GLOBAL_BASELINE,HF9g-P5,,,,X 全窗基线 · 不参与实体赏罚,8393471,840,A168_HF9F_20260827_0900,2026-08-27 09:00:00
2026-07-07,97284850,2123,0,164.0654048193,-164.0654048193,-164.0654048193,0E-7,2,2,0.30062675000000000,0.300626750000,-0.9272018728036208,-0.9272018728036208,-0.9272018728036208,0E-17,ELIGIBLE,R03b_20260811_FULL_v1,L1_ELIGIBILITY,v2026-08-11,2026-03-21..2026-08-06,baccarat_bet02_101_all_pairs_incl_sentinel,round_win = game_pnl > 0 (decisive only),COMPATIBILITY_ONLY_NOT_PRODUCTION,18421.3072,16785.3789,482.2964,300,285,-0.02618144,-0.00901077,-0.03175496,-0.02618144,-482.2964,18421.3072,OK,0.0000,19.2919,4.0000,96.0000,AG03-UNRESOLVED,ALL5_LEVELS_bet23_to_bet27,19.2919,19.2919,19.2919,19.2919,19.2919,4.000000,4.000000,4.000000,4.000000,4.000000,96.000000,96.000000,96.000000,96.000000,96.000000,5.0,96.4593,89.0451,385.8371,393.2513,PENDING_AG03,FALSE,NOT_FOR_ENFORCEMENT,463.0045,16113.9638,482.2964,463.0045,19.2919,0.02618144,0.02513418,19.2919,463.0045,0.02513418,19.2919,19.2919,19.2919,19.2919,19.2919,463.0045,0.02513418,96.4593,89.0451,385.8371,393.2513,0.02094515,0.02134763,0.00104726,61.4044,58.8961,1.6923,3.9211,2.3412,149.7667,2.3171,62.6970,60.9962,41.8926,42.3384,83.4468,160.8553,162.3351,164.1988,42.3384,-2.2539,3.834227,3.878245,1.450322,20,49,61,3,0.24505223,0.02618144,0.00901077,0E-8,0.000000,0.911194,0.000000,0.02274419,2026-03-22,2026-08-06,123,206,194,138,0.891304,1.027884,1.021051,0.816841,,,,,,,,GLOBAL_BASELINE_NO_ENTITY_RANKING,,,NOT_APPLICABLE_GLOBAL_BASELINE,HF9g-P5,,,,X 全窗基线 · 不参与实体赏罚,8393472,840,A168_HF9F_20260827_0900,2026-08-27 09:00:00
2026-07-08,97284850,2142,0,42.0680525178,-42.0680525178,-42.0680525178,0E-7,1,1,0.50665070000000000,0.506650700000,-1.013391052207602,-1.013391052207602,-1.013391052207602,0E-17,ELIGIBLE,R03b_20260811_FULL_v1,L1_ELIGIBILITY,v2026-08-11,2026-03-21..2026-08-06,baccarat_bet02_101_all_pairs_incl_sentinel,round_win = game_pnl > 0 (decisive only),COMPATIBILITY_ONLY_NOT_PRODUCTION,18421.3072,16785.3789,482.2964,300,285,-0.02618144,-0.00901077,-0.03175496,-0.02618144,-482.2964,18421.3072,OK,0.0000,19.2919,4.0000,96.0000,AG03-UNRESOLVED,ALL5_LEVELS_bet23_to_bet27,19.2919,19.2919,19.2919,19.2919,19.2919,4.000000,4.000000,4.000000,4.000000,4.000000,96.000000,96.000000,96.000000,96.000000,96.000000,5.0,96.4593,89.0451,385.8371,393.2513,PENDING_AG03,FALSE,NOT_FOR_ENFORCEMENT,463.0045,16113.9638,482.2964,463.0045,19.2919,0.02618144,0.02513418,19.2919,463.0045,0.02513418,19.2919,19.2919,19.2919,19.2919,19.2919,463.0045,0.02513418,96.4593,89.0451,385.8371,393.2513,0.02094515,0.02134763,0.00104726,61.4044,58.8961,1.6923,3.9211,2.3412,149.7667,2.3171,62.6970,60.9962,41.8926,42.3384,83.4468,160.8553,162.3351,164.1988,42.3384,-2.2539,3.834227,3.878245,1.450322,20,49,61,3,0.24505223,0.02618144,0.00901077,0E-8,0.000000,0.911194,0.000000,0.02274419,2026-03-22,2026-08-06,123,206,194,138,0.891304,1.027884,1.021051,0.816841,,,,,,,,GLOBAL_BASELINE_NO_ENTITY_RANKING,,,NOT_APPLICABLE_GLOBAL_BASELINE,HF9g-P5,,,,X 全窗基线 · 不参与实体赏罚,8393473,840,A168_HF9F_20260827_0900,2026-08-27 09:00:00
2026-07-09,97284850,2170,0,32.3600403983,32.3600403983,32.3600403983,1.0000000,1,1,0.49324550000000000,0.493245500000,1.01360149184955,1.01360149184955,1.01360149184955,0E-17,ELIGIBLE,R03b_20260811_FULL_v1,L1_ELIGIBILITY,v2026-08-11,2026-03-21..2026-08-06,baccarat_bet02_101_all_pairs_incl_sentinel,round_win = game_pnl > 0 (decisive only),COMPATIBILITY_ONLY_NOT_PRODUCTION,18421.3072,16785.3789,482.2964,300,285,-0.02618144,-0.00901077,-0.03175496,-0.02618144,-482.2964,18421.3072,OK,0.0000,19.2919,4.0000,96.0000,AG03-UNRESOLVED,ALL5_LEVELS_bet23_to_bet27,19.2919,19.2919,19.2919,19.2919,19.2919,4.000000,4.000000,4.000000,4.000000,4.000000,96.000000,96.000000,96.000000,96.000000,96.000000,5.0,96.4593,89.0451,385.8371,393.2513,PENDING_AG03,FALSE,NOT_FOR_ENFORCEMENT,463.0045,16113.9638,482.2964,463.0045,19.2919,0.02618144,0.02513418,19.2919,463.0045,0.02513418,19.2919,19.2919,19.2919,19.2919,19.2919,463.0045,0.02513418,96.4593,89.0451,385.8371,393.2513,0.02094515,0.02134763,0.00104726,61.4044,58.8961,1.6923,3.9211,2.3412,149.7667,2.3171,62.6970,60.9962,41.8926,42.3384,83.4468,160.8553,162.3351,164.1988,42.3384,-2.2539,3.834227,3.878245,1.450322,20,49,61,3,0.24505223,0.02618144,0.00901077,0E-8,0.000000,0.911194,0.000000,0.02274419,2026-03-22,2026-08-06,123,206,194,138,0.891304,1.027884,1.021051,0.816841,,,,,,,,GLOBAL_BASELINE_NO_ENTITY_RANKING,,,NOT_APPLICABLE_GLOBAL_BASELINE,HF9g-P5,,,,X 全窗基线 · 不参与实体赏罚,8393474,840,A168_HF9F_20260827_0900,2026-08-27 09:00:00
2026-07-09,97284850,2201,0,64.7200807965,-64.7200807965,-64.7200807965,0E-7,1,1,0.49324550000000000,0.493245500000,-0.9865810262130424,-0.9865810262130424,-0.9865810262130424,0E-17,ELIGIBLE,R03b_20260811_FULL_v1,L1_ELIGIBILITY,v2026-08-11,2026-03-21..2026-08-06,baccarat_bet02_101_all_pairs_incl_sentinel,round_win = game_pnl > 0 (decisive only),COMPATIBILITY_ONLY_NOT_PRODUCTION,18421.3072,16785.3789,482.2964,300,285,-0.02618144,-0.00901077,-0.03175496,-0.02618144,-482.2964,18421.3072,OK,0.0000,19.2919,4.0000,96.0000,AG03-UNRESOLVED,ALL5_LEVELS_bet23_to_bet27,19.2919,19.2919,19.2919,19.2919,19.2919,4.000000,4.000000,4.000000,4.000000,4.000000,96.000000,96.000000,96.000000,96.000000,96.000000,5.0,96.4593,89.0451,385.8371,393.2513,PENDING_AG03,FALSE,NOT_FOR_ENFORCEMENT,463.0045,16113.9638,482.2964,463.0045,19.2919,0.02618144,0.02513418,19.2919,463.0045,0.02513418,19.2919,19.2919,19.2919,19.2919,19.2919,463.0045,0.02513418,96.4593,89.0451,385.8371,393.2513,0.02094515,0.02134763,0.00104726,61.4044,58.8961,1.6923,3.9211,2.3412,149.7667,2.3171,62.6970,60.9962,41.8926,42.3384,83.4468,160.8553,162.3351,164.1988,42.3384,-2.2539,3.834227,3.878245,1.450322,20,49,61,3,0.24505223,0.02618144,0.00901077,0E-8,0.000000,0.911194,0.000000,0.02274419,2026-03-22,2026-08-06,123,206,194,138,0.891304,1.027884,1.021051,0.816841,,,,,,,,GLOBAL_BASELINE_NO_ENTITY_RANKING,,,NOT_APPLICABLE_GLOBAL_BASELINE,HF9g-P5,,,,X 全窗基线 · 不参与实体赏罚,8393475,840,A168_HF9F_20260827_0900,2026-08-27 09:00:00
2026-07-10,97284850,2142,0,42.0680525178,-42.0680525178,-42.0680525178,0E-7,1,1,0.49324550000000000,0.493245500000,-0.9865810262130424,-0.9865810262130424,-0.9865810262130424,0E-17,ELIGIBLE,R03b_20260811_FULL_v1,L1_ELIGIBILITY,v2026-08-11,2026-03-21..2026-08-06,baccarat_bet02_101_all_pairs_incl_sentinel,round_win = game_pnl > 0 (decisive only),COMPATIBILITY_ONLY_NOT_PRODUCTION,18421.3072,16785.3789,482.2964,300,285,-0.02618144,-0.00901077,-0.03175496,-0.02618144,-482.2964,18421.3072,OK,0.0000,19.2919,4.0000,96.0000,AG03-UNRESOLVED,ALL5_LEVELS_bet23_to_bet27,19.2919,19.2919,19.2919,19.2919,19.2919,4.000000,4.000000,4.000000,4.000000,4.000000,96.000000,96.000000,96.000000,96.000000,96.000000,5.0,96.4593,89.0451,385.8371,393.2513,PENDING_AG03,FALSE,NOT_FOR_ENFORCEMENT,463.0045,16113.9638,482.2964,463.0045,19.2919,0.02618144,0.02513418,19.2919,463.0045,0.02513418,19.2919,19.2919,19.2919,19.2919,19.2919,463.0045,0.02513418,96.4593,89.0451,385.8371,393.2513,0.02094515,0.02134763,0.00104726,61.4044,58.8961,1.6923,3.9211,2.3412,149.7667,2.3171,62.6970,60.9962,41.8926,42.3384,83.4468,160.8553,162.3351,164.1988,42.3384,-2.2539,3.834227,3.878245,1.450322,20,49,61,3,0.24505223,0.02618144,0.00901077,0E-8,0.000000,0.911194,0.000000,0.02274419,2026-03-22,2026-08-06,123,206,194,138,0.891304,1.027884,1.021051,0.816841,,,,,,,,GLOBAL_BASELINE_NO_ENTITY_RANKING,,,NOT_APPLICABLE_GLOBAL_BASELINE,HF9g-P5,,,,X 全窗基线 · 不参与实体赏罚,8393476,840,A168_HF9F_20260827_0900,2026-08-27 09:00:00
2026-07-11,97284850,2170,0,42.0680525178,39.9646498919,39.9646498919,1.0000000,1,1,0.50665070000000000,0.506650700000,0.9867858985152569,0.9867858985152569,0.9867858985152569,0E-17,ELIGIBLE,R03b_20260811_FULL_v1,L1_ELIGIBILITY,v2026-08-11,2026-03-21..2026-08-06,baccarat_bet02_101_all_pairs_incl_sentinel,round_win = game_pnl > 0 (decisive only),COMPATIBILITY_ONLY_NOT_PRODUCTION,18421.3072,16785.3789,482.2964,300,285,-0.02618144,-0.00901077,-0.03175496,-0.02618144,-482.2964,18421.3072,OK,0.0000,19.2919,4.0000,96.0000,AG03-UNRESOLVED,ALL5_LEVELS_bet23_to_bet27,19.2919,19.2919,19.2919,19.2919,19.2919,4.000000,4.000000,4.000000,4.000000,4.000000,96.000000,96.000000,96.000000,96.000000,96.000000,5.0,96.4593,89.0451,385.8371,393.2513,PENDING_AG03,FALSE,NOT_FOR_ENFORCEMENT,463.0045,16113.9638,482.2964,463.0045,19.2919,0.02618144,0.02513418,19.2919,463.0045,0.02513418,19.2919,19.2919,19.2919,19.2919,19.2919,463.0045,0.02513418,96.4593,89.0451,385.8371,393.2513,0.02094515,0.02134763,0.00104726,61.4044,58.8961,1.6923,3.9211,2.3412,149.7667,2.3171,62.6970,60.9962,41.8926,42.3384,83.4468,160.8553,162.3351,164.1988,42.3384,-2.2539,3.834227,3.878245,1.450322,20,49,61,3,0.24505223,0.02618144,0.00901077,0E-8,0.000000,0.911194,0.000000,0.02274419,2026-03-22,2026-08-06,123,206,194,138,0.891304,1.027884,1.021051,0.816841,,,,,,,,GLOBAL_BASELINE_NO_ENTITY_RANKING,,,NOT_APPLICABLE_GLOBAL_BASELINE,HF9g-P5,,,,X 全窗基线 · 不参与实体赏罚,8393477,840,A168_HF9F_20260827_0900,2026-08-27 09:00:00
2026-07-11,97284850,2196,0,64.7200807965,64.7200807965,64.7200807965,1.0000000,1,1,0.49324550000000000,0.493245500000,1.01360149184955,1.01360149184955,1.01360149184955,0E-17,ELIGIBLE,R03b_20260811_FULL_v1,L1_ELIGIBILITY,v2026-08-11,2026-03-21..2026-08-06,baccarat_bet02_101_all_pairs_incl_sentinel,round_win = game_pnl > 0 (decisive only),COMPATIBILITY_ONLY_NOT_PRODUCTION,18421.3072,16785.3789,482.2964,300,285,-0.02618144,-0.00901077,-0.03175496,-0.02618144,-482.2964,18421.3072,OK,0.0000,19.2919,4.0000,96.0000,AG03-UNRESOLVED,ALL5_LEVELS_bet23_to_bet27,19.2919,19.2919,19.2919,19.2919,19.2919,4.000000,4.000000,4.000000,4.000000,4.000000,96.000000,96.000000,96.000000,96.000000,96.000000,5.0,96.4593,89.0451,385.8371,393.2513,PENDING_AG03,FALSE,NOT_FOR_ENFORCEMENT,463.0045,16113.9638,482.2964,463.0045,19.2919,0.02618144,0.02513418,19.2919,463.0045,0.02513418,19.2919,19.2919,19.2919,19.2919,19.2919,463.0045,0.02513418,96.4593,89.0451,385.8371,393.2513,0.02094515,0.02134763,0.00104726,61.4044,58.8961,1.6923,3.9211,2.3412,149.7667,2.3171,62.6970,60.9962,41.8926,42.3384,83.4468,160.8553,162.3351,164.1988,42.3384,-2.2539,3.834227,3.878245,1.450322,20,49,61,3,0.24505223,0.02618144,0.00901077,0E-8,0.000000,0.911194,0.000000,0.02274419,2026-03-22,2026-08-06,123,206,194,138,0.891304,1.027884,1.021051,0.816841,,,,,,,,GLOBAL_BASELINE_NO_ENTITY_RANKING,,,NOT_APPLICABLE_GLOBAL_BASELINE,HF9g-P5,,,,X 全窗基线 · 不参与实体赏罚,8393478,840,A168_HF9F_20260827_0900,2026-08-27 09:00:00
2026-07-11,97284850,2281,0,243.8329044010,243.8329044010,243.8329044010,1.0000000,3,3,0.49324550000000000,0.493245500000,1.755609282511032,1.7556092825110319,1.755609282511032,0E-17,ELIGIBLE,R03b_20260811_FULL_v1,L1_ELIGIBILITY,v2026-08-11,2026-03-21..2026-08-06,baccarat_bet02_101_all_pairs_incl_sentinel,round_win = game_pnl > 0 (decisive only),COMPATIBILITY_ONLY_NOT_PRODUCTION,18421.3072,16785.3789,482.2964,300,285,-0.02618144,-0.00901077,-0.03175496,-0.02618144,-482.2964,18421.3072,OK,0.0000,19.2919,4.0000,96.0000,AG03-UNRESOLVED,ALL5_LEVELS_bet23_to_bet27,19.2919,19.2919,19.2919,19.2919,19.2919,4.000000,4.000000,4.000000,4.000000,4.000000,96.000000,96.000000,96.000000,96.000000,96.000000,5.0,96.4593,89.0451,385.8371,393.2513,PENDING_AG03,FALSE,NOT_FOR_ENFORCEMENT,463.0045,16113.9638,482.2964,463.0045,19.2919,0.02618144,0.02513418,19.2919,463.0045,0.02513418,19.2919,19.2919,19.2919,19.2919,19.2919,463.0045,0.02513418,96.4593,89.0451,385.8371,393.2513,0.02094515,0.02134763,0.00104726,61.4044,58.8961,1.6923,3.9211,2.3412,149.7667,2.3171,62.6970,60.9962,41.8926,42.3384,83.4468,160.8553,162.3351,164.1988,42.3384,-2.2539,3.834227,3.878245,1.450322,20,49,61,3,0.24505223,0.02618144,0.00901077,0E-8,0.000000,0.911194,0.000000,0.02274419,2026-03-22,2026-08-06,123,206,194,138,0.891304,1.027884,1.021051,0.816841,,,,,,,,GLOBAL_BASELINE_NO_ENTITY_RANKING,,,NOT_APPLICABLE_GLOBAL_BASELINE,HF9g-P5,,,,X 全窗基线 · 不参与实体赏罚,8393479,840,A168_HF9F_20260827_0900,2026-08-27 09:00:00
2026-07-12,97284850,2281,0,161.8002019914,153.7101918918,153.7101918918,1.0000000,1,1,0.50665070000000000,0.506650700000,0.9867858985152569,0.9867858985152569,0.9867858985152569,0E-17,ELIGIBLE,R03b_20260811_FULL_v1,L1_ELIGIBILITY,v2026-08-11,2026-03-21..2026-08-06,baccarat_bet02_101_all_pairs_incl_sentinel,round_win = game_pnl > 0 (decisive only),COMPATIBILITY_ONLY_NOT_PRODUCTION,18421.3072,16785.3789,482.2964,300,285,-0.02618144,-0.00901077,-0.03175496,-0.02618144,-482.2964,18421.3072,OK,0.0000,19.2919,4.0000,96.0000,AG03-UNRESOLVED,ALL5_LEVELS_bet23_to_bet27,19.2919,19.2919,19.2919,19.2919,19.2919,4.000000,4.000000,4.000000,4.000000,4.000000,96.000000,96.000000,96.000000,96.000000,96.000000,5.0,96.4593,89.0451,385.8371,393.2513,PENDING_AG03,FALSE,NOT_FOR_ENFORCEMENT,463.0045,16113.9638,482.2964,463.0045,19.2919,0.02618144,0.02513418,19.2919,463.0045,0.02513418,19.2919,19.2919,19.2919,19.2919,19.2919,463.0045,0.02513418,96.4593,89.0451,385.8371,393.2513,0.02094515,0.02134763,0.00104726,61.4044,58.8961,1.6923,3.9211,2.3412,149.7667,2.3171,62.6970,60.9962,41.8926,42.3384,83.4468,160.8553,162.3351,164.1988,42.3384,-2.2539,3.834227,3.878245,1.450322,20,49,61,3,0.24505223,0.02618144,0.00901077,0E-8,0.000000,0.911194,0.000000,0.02274419,2026-03-22,2026-08-06,123,206,194,138,0.891304,1.027884,1.021051,0.816841,,,,,,,,GLOBAL_BASELINE_NO_ENTITY_RANKING,,,NOT_APPLICABLE_GLOBAL_BASELINE,HF9g-P5,,,,X 全窗基线 · 不参与实体赏罚,8393480,840,A168_HF9F_20260827_0900,2026-08-27 09:00:00
2026-07-13,97284850,2103,0,124.7479557353,39.3174490839,39.3174490839,0.5000000,2,2,0.49994810000000000,0.499948100000,0.00014679536856514622,0.00014679536856514622,0.00014679536856514622,0E-17,ELIGIBLE,R03b_20260811_FULL_v1,L1_ELIGIBILITY,v2026-08-11,2026-03-21..2026-08-06,baccarat_bet02_101_all_pairs_incl_sentinel,round_win = game_pnl > 0 (decisive only),COMPATIBILITY_ONLY_NOT_PRODUCTION,18421.3072,16785.3789,482.2964,300,285,-0.02618144,-0.00901077,-0.03175496,-0.02618144,-482.2964,18421.3072,OK,0.0000,19.2919,4.0000,96.0000,AG03-UNRESOLVED,ALL5_LEVELS_bet23_to_bet27,19.2919,19.2919,19.2919,19.2919,19.2919,4.000000,4.000000,4.000000,4.000000,4.000000,96.000000,96.000000,96.000000,96.000000,96.000000,5.0,96.4593,89.0451,385.8371,393.2513,PENDING_AG03,FALSE,NOT_FOR_ENFORCEMENT,463.0045,16113.9638,482.2964,463.0045,19.2919,0.02618144,0.02513418,19.2919,463.0045,0.02513418,19.2919,19.2919,19.2919,19.2919,19.2919,463.0045,0.02513418,96.4593,89.0451,385.8371,393.2513,0.02094515,0.02134763,0.00104726,61.4044,58.8961,1.6923,3.9211,2.3412,149.7667,2.3171,62.6970,60.9962,41.8926,42.3384,83.4468,160.8553,162.3351,164.1988,42.3384,-2.2539,3.834227,3.878245,1.450322,20,49,61,3,0.24505223,0.02618144,0.00901077,0E-8,0.000000,0.911194,0.000000,0.02274419,2026-03-22,2026-08-06,123,206,194,138,0.891304,1.027884,1.021051,0.816841,,,,,,,,GLOBAL_BASELINE_NO_ENTITY_RANKING,,,NOT_APPLICABLE_GLOBAL_BASELINE,HF9g-P5,,,,X 全窗基线 · 不参与实体赏罚,8393481,840,A168_HF9F_20260827_0900,2026-08-27 09:00:00
2026-07-13,97284850,2223,0,164.0654048193,-164.0654048193,-164.0654048193,0E-7,2,2,0.30062675000000000,0.300626750000,-0.9272018728036208,-0.9272018728036208,-0.9272018728036208,0E-17,ELIGIBLE,R03b_20260811_FULL_v1,L1_ELIGIBILITY,v2026-08-11,2026-03-21..2026-08-06,baccarat_bet02_101_all_pairs_incl_sentinel,round_win = game_pnl > 0 (decisive only),COMPATIBILITY_ONLY_NOT_PRODUCTION,18421.3072,16785.3789,482.2964,300,285,-0.02618144,-0.00901077,-0.03175496,-0.02618144,-482.2964,18421.3072,OK,0.0000,19.2919,4.0000,96.0000,AG03-UNRESOLVED,ALL5_LEVELS_bet23_to_bet27,19.2919,19.2919,19.2919,19.2919,19.2919,4.000000,4.000000,4.000000,4.000000,4.000000,96.000000,96.000000,96.000000,96.000000,96.000000,5.0,96.4593,89.0451,385.8371,393.2513,PENDING_AG03,FALSE,NOT_FOR_ENFORCEMENT,463.0045,16113.9638,482.2964,463.0045,19.2919,0.02618144,0.02513418,19.2919,463.0045,0.02513418,19.2919,19.2919,19.2919,19.2919,19.2919,463.0045,0.02513418,96.4593,89.0451,385.8371,393.2513,0.02094515,0.02134763,0.00104726,61.4044,58.8961,1.6923,3.9211,2.3412,149.7667,2.3171,62.6970,60.9962,41.8926,42.3384,83.4468,160.8553,162.3351,164.1988,42.3384,-2.2539,3.834227,3.878245,1.450322,20,49,61,3,0.24505223,0.02618144,0.00901077,0E-8,0.000000,0.911194,0.000000,0.02274419,2026-03-22,2026-08-06,123,206,194,138,0.891304,1.027884,1.021051,0.816841,,,,,,,,GLOBAL_BASELINE_NO_ENTITY_RANKING,,,NOT_APPLICABLE_GLOBAL_BASELINE,HF9g-P5,,,,X 全窗基线 · 不参与实体赏罚,8393482,840,A168_HF9F_20260827_0900,2026-08-27 09:00:00
2026-07-13,97284850,2252,0,42.0680525178,39.9646498919,39.9646498919,1.0000000,1,1,0.50665070000000000,0.506650700000,0.9867858985152569,0.9867858985152569,0.9867858985152569,0E-17,ELIGIBLE,R03b_20260811_FULL_v1,L1_ELIGIBILITY,v2026-08-11,2026-03-21..2026-08-06,baccarat_bet02_101_all_pairs_incl_sentinel,round_win = game_pnl > 0 (decisive only),COMPATIBILITY_ONLY_NOT_PRODUCTION,18421.3072,16785.3789,482.2964,300,285,-0.02618144,-0.00901077,-0.03175496,-0.02618144,-482.2964,18421.3072,OK,0.0000,19.2919,4.0000,96.0000,AG03-UNRESOLVED,ALL5_LEVELS_bet23_to_bet27,19.2919,19.2919,19.2919,19.2919,19.2919,4.000000,4.000000,4.000000,4.000000,4.000000,96.000000,96.000000,96.000000,96.000000,96.000000,5.0,96.4593,89.0451,385.8371,393.2513,PENDING_AG03,FALSE,NOT_FOR_ENFORCEMENT,463.0045,16113.9638,482.2964,463.0045,19.2919,0.02618144,0.02513418,19.2919,463.0045,0.02513418,19.2919,19.2919,19.2919,19.2919,19.2919,463.0045,0.02513418,96.4593,89.0451,385.8371,393.2513,0.02094515,0.02134763,0.00104726,61.4044,58.8961,1.6923,3.9211,2.3412,149.7667,2.3171,62.6970,60.9962,41.8926,42.3384,83.4468,160.8553,162.3351,164.1988,42.3384,-2.2539,3.834227,3.878245,1.450322,20,49,61,3,0.24505223,0.02618144,0.00901077,0E-8,0.000000,0.911194,0.000000,0.02274419,2026-03-22,2026-08-06,123,206,194,138,0.891304,1.027884,1.021051,0.816841,,,,,,,,GLOBAL_BASELINE_NO_ENTITY_RANKING,,,NOT_APPLICABLE_GLOBAL_BASELINE,HF9g-P5,,,,X 全窗基线 · 不参与实体赏罚,8393483,840,A168_HF9F_20260827_0900,2026-08-27 09:00:00
2026-07-14,97284850,1374,0,64.7200807966,-32.3600403983,-32.3600403983,0E-7,2,2,0.49324550000000000,0.493245500000,-0.9865810262130424,-0.9865810262130424,-0.9865810262130424,0E-17,ELIGIBLE,R03b_20260811_FULL_v1,L1_ELIGIBILITY,v2026-08-11,2026-03-21..2026-08-06,baccarat_bet02_101_all_pairs_incl_sentinel,round_win = game_pnl > 0 (decisive only),COMPATIBILITY_ONLY_NOT_PRODUCTION,18421.3072,16785.3789,482.2964,300,285,-0.02618144,-0.00901077,-0.03175496,-0.02618144,-482.2964,18421.3072,OK,0.0000,19.2919,4.0000,96.0000,AG03-UNRESOLVED,ALL5_LEVELS_bet23_to_bet27,19.2919,19.2919,19.2919,19.2919,19.2919,4.000000,4.000000,4.000000,4.000000,4.000000,96.000000,96.000000,96.000000,96.000000,96.000000,5.0,96.4593,89.0451,385.8371,393.2513,PENDING_AG03,FALSE,NOT_FOR_ENFORCEMENT,463.0045,16113.9638,482.2964,463.0045,19.2919,0.02618144,0.02513418,19.2919,463.0045,0.02513418,19.2919,19.2919,19.2919,19.2919,19.2919,463.0045,0.02513418,96.4593,89.0451,385.8371,393.2513,0.02094515,0.02134763,0.00104726,61.4044,58.8961,1.6923,3.9211,2.3412,149.7667,2.3171,62.6970,60.9962,41.8926,42.3384,83.4468,160.8553,162.3351,164.1988,42.3384,-2.2539,3.834227,3.878245,1.450322,20,49,61,3,0.24505223,0.02618144,0.00901077,0E-8,0.000000,0.911194,0.000000,0.02274419,2026-03-22,2026-08-06,123,206,194,138,0.891304,1.027884,1.021051,0.816841,,,,,,,,GLOBAL_BASELINE_NO_ENTITY_RANKING,,,NOT_APPLICABLE_GLOBAL_BASELINE,HF9g-P5,,,,X 全窗基线 · 不参与实体赏罚,8393484,840,A168_HF9F_20260827_0900,2026-08-27 09:00:00
2026-07-15,97284850,2223,0,84.1361050355,-84.1361050355,-84.1361050355,0E-7,1,1,0.50665070000000000,0.506650700000,-1.013391052207602,-1.013391052207602,-1.013391052207602,0E-17,ELIGIBLE,R03b_20260811_FULL_v1,L1_ELIGIBILITY,v2026-08-11,2026-03-21..2026-08-06,baccarat_bet02_101_all_pairs_incl_sentinel,round_win = game_pnl > 0 (decisive only),COMPATIBILITY_ONLY_NOT_PRODUCTION,18421.3072,16785.3789,482.2964,300,285,-0.02618144,-0.00901077,-0.03175496,-0.02618144,-482.2964,18421.3072,OK,0.0000,19.2919,4.0000,96.0000,AG03-UNRESOLVED,ALL5_LEVELS_bet23_to_bet27,19.2919,19.2919,19.2919,19.2919,19.2919,4.000000,4.000000,4.000000,4.000000,4.000000,96.000000,96.000000,96.000000,96.000000,96.000000,5.0,96.4593,89.0451,385.8371,393.2513,PENDING_AG03,FALSE,NOT_FOR_ENFORCEMENT,463.0045,16113.9638,482.2964,463.0045,19.2919,0.02618144,0.02513418,19.2919,463.0045,0.02513418,19.2919,19.2919,19.2919,19.2919,19.2919,463.0045,0.02513418,96.4593,89.0451,385.8371,393.2513,0.02094515,0.02134763,0.00104726,61.4044,58.8961,1.6923,3.9211,2.3412,149.7667,2.3171,62.6970,60.9962,41.8926,42.3384,83.4468,160.8553,162.3351,164.1988,42.3384,-2.2539,3.834227,3.878245,1.450322,20,49,61,3,0.24505223,0.02618144,0.00901077,0E-8,0.000000,0.911194,0.000000,0.02274419,2026-03-22,2026-08-06,123,206,194,138,0.891304,1.027884,1.021051,0.816841,,,,,,,,GLOBAL_BASELINE_NO_ENTITY_RANKING,,,NOT_APPLICABLE_GLOBAL_BASELINE,HF9g-P5,,,,X 全窗基线 · 不参与实体赏罚,8393485,840,A168_HF9F_20260827_0900,2026-08-27 09:00:00
2026-07-15,97284850,994,0,42.0680525178,42.0680525178,42.0680525178,1.0000000,1,1,0.49324550000000000,0.493245500000,1.01360149184955,1.01360149184955,1.01360149184955,0E-17,ELIGIBLE,R03b_20260811_FULL_v1,L1_ELIGIBILITY,v2026-08-11,2026-03-21..2026-08-06,baccarat_bet02_101_all_pairs_incl_sentinel,round_win = game_pnl > 0 (decisive only),COMPATIBILITY_ONLY_NOT_PRODUCTION,18421.3072,16785.3789,482.2964,300,285,-0.02618144,-0.00901077,-0.03175496,-0.02618144,-482.2964,18421.3072,OK,0.0000,19.2919,4.0000,96.0000,AG03-UNRESOLVED,ALL5_LEVELS_bet23_to_bet27,19.2919,19.2919,19.2919,19.2919,19.2919,4.000000,4.000000,4.000000,4.000000,4.000000,96.000000,96.000000,96.000000,96.000000,96.000000,5.0,96.4593,89.0451,385.8371,393.2513,PENDING_AG03,FALSE,NOT_FOR_ENFORCEMENT,463.0045,16113.9638,482.2964,463.0045,19.2919,0.02618144,0.02513418,19.2919,463.0045,0.02513418,19.2919,19.2919,19.2919,19.2919,19.2919,463.0045,0.02513418,96.4593,89.0451,385.8371,393.2513,0.02094515,0.02134763,0.00104726,61.4044,58.8961,1.6923,3.9211,2.3412,149.7667,2.3171,62.6970,60.9962,41.8926,42.3384,83.4468,160.8553,162.3351,164.1988,42.3384,-2.2539,3.834227,3.878245,1.450322,20,49,61,3,0.24505223,0.02618144,0.00901077,0E-8,0.000000,0.911194,0.000000,0.02274419,2026-03-22,2026-08-06,123,206,194,138,0.891304,1.027884,1.021051,0.816841,,,,,,,,GLOBAL_BASELINE_NO_ENTITY_RANKING,,,NOT_APPLICABLE_GLOBAL_BASELINE,HF9g-P5,,,,X 全窗基线 · 不参与实体赏罚,8393486,840,A168_HF9F_20260827_0900,2026-08-27 09:00:00
2026-07-16,97284850,2103,0,84.1361050356,-42.0680525178,-42.0680525178,0E-7,2,2,0.49324550000000000,0.493245500000,-0.9865810262130424,-0.9865810262130424,-0.9865810262130424,0E-17,ELIGIBLE,R03b_20260811_FULL_v1,L1_ELIGIBILITY,v2026-08-11,2026-03-21..2026-08-06,baccarat_bet02_101_all_pairs_incl_sentinel,round_win = game_pnl > 0 (decisive only),COMPATIBILITY_ONLY_NOT_PRODUCTION,18421.3072,16785.3789,482.2964,300,285,-0.02618144,-0.00901077,-0.03175496,-0.02618144,-482.2964,18421.3072,OK,0.0000,19.2919,4.0000,96.0000,AG03-UNRESOLVED,ALL5_LEVELS_bet23_to_bet27,19.2919,19.2919,19.2919,19.2919,19.2919,4.000000,4.000000,4.000000,4.000000,4.000000,96.000000,96.000000,96.000000,96.000000,96.000000,5.0,96.4593,89.0451,385.8371,393.2513,PENDING_AG03,FALSE,NOT_FOR_ENFORCEMENT,463.0045,16113.9638,482.2964,463.0045,19.2919,0.02618144,0.02513418,19.2919,463.0045,0.02513418,19.2919,19.2919,19.2919,19.2919,19.2919,463.0045,0.02513418,96.4593,89.0451,385.8371,393.2513,0.02094515,0.02134763,0.00104726,61.4044,58.8961,1.6923,3.9211,2.3412,149.7667,2.3171,62.6970,60.9962,41.8926,42.3384,83.4468,160.8553,162.3351,164.1988,42.3384,-2.2539,3.834227,3.878245,1.450322,20,49,61,3,0.24505223,0.02618144,0.00901077,0E-8,0.000000,0.911194,0.000000,0.02274419,2026-03-22,2026-08-06,123,206,194,138,0.891304,1.027884,1.021051,0.816841,,,,,,,,GLOBAL_BASELINE_NO_ENTITY_RANKING,,,NOT_APPLICABLE_GLOBAL_BASELINE,HF9g-P5,,,,X 全窗基线 · 不参与实体赏罚,8393487,840,A168_HF9F_20260827_0900,2026-08-27 09:00:00
2026-07-17,97284850,-1,1,84.1361050356,-42.0680525178,-42.0680525178,0E-7,2,2,0.50665070000000000,0.506650700000,-1.013391052207602,-1.013391052207602,-1.013391052207602,0E-17,SENTINEL_DEALER,R03b_20260811_FULL_v1,L1_ELIGIBILITY,v2026-08-11,2026-03-21..2026-08-06,baccarat_bet02_101_all_pairs_incl_sentinel,round_win = game_pnl > 0 (decisive only),COMPATIBILITY_ONLY_NOT_PRODUCTION,18421.3072,16785.3789,482.2964,300,285,-0.02618144,-0.00901077,-0.03175496,-0.02618144,-482.2964,18421.3072,OK,0.0000,19.2919,4.0000,96.0000,AG03-UNRESOLVED,ALL5_LEVELS_bet23_to_bet27,19.2919,19.2919,19.2919,19.2919,19.2919,4.000000,4.000000,4.000000,4.000000,4.000000,96.000000,96.000000,96.000000,96.000000,96.000000,5.0,96.4593,89.0451,385.8371,393.2513,PENDING_AG03,FALSE,NOT_FOR_ENFORCEMENT,463.0045,16113.9638,482.2964,463.0045,19.2919,0.02618144,0.02513418,19.2919,463.0045,0.02513418,19.2919,19.2919,19.2919,19.2919,19.2919,463.0045,0.02513418,96.4593,89.0451,385.8371,393.2513,0.02094515,0.02134763,0.00104726,61.4044,58.8961,1.6923,3.9211,2.3412,149.7667,2.3171,62.6970,60.9962,41.8926,42.3384,83.4468,160.8553,162.3351,164.1988,42.3384,-2.2539,3.834227,3.878245,1.450322,20,49,61,3,0.24505223,0.02618144,0.00901077,0E-8,0.000000,0.911194,0.000000,0.02274419,2026-03-22,2026-08-06,123,206,194,138,0.891304,1.027884,1.021051,0.816841,,,,,,,,GLOBAL_BASELINE_NO_ENTITY_RANKING,,,NOT_APPLICABLE_GLOBAL_BASELINE,HF9g-P5,,,,X 全窗基线 · 不参与实体赏罚,8393488,840,A168_HF9F_20260827_0900,2026-08-27 09:00:00
2026-07-18,97284850,2152,0,42.0680525178,39.9646498919,39.9646498919,1.0000000,1,1,0.50665070000000000,0.506650700000,0.9867858985152569,0.9867858985152569,0.9867858985152569,0E-17,ELIGIBLE,R03b_20260811_FULL_v1,L1_ELIGIBILITY,v2026-08-11,2026-03-21..2026-08-06,baccarat_bet02_101_all_pairs_incl_sentinel,round_win = game_pnl > 0 (decisive only),COMPATIBILITY_ONLY_NOT_PRODUCTION,18421.3072,16785.3789,482.2964,300,285,-0.02618144,-0.00901077,-0.03175496,-0.02618144,-482.2964,18421.3072,OK,0.0000,19.2919,4.0000,96.0000,AG03-UNRESOLVED,ALL5_LEVELS_bet23_to_bet27,19.2919,19.2919,19.2919,19.2919,19.2919,4.000000,4.000000,4.000000,4.000000,4.000000,96.000000,96.000000,96.000000,96.000000,96.000000,5.0,96.4593,89.0451,385.8371,393.2513,PENDING_AG03,FALSE,NOT_FOR_ENFORCEMENT,463.0045,16113.9638,482.2964,463.0045,19.2919,0.02618144,0.02513418,19.2919,463.0045,0.02513418,19.2919,19.2919,19.2919,19.2919,19.2919,463.0045,0.02513418,96.4593,89.0451,385.8371,393.2513,0.02094515,0.02134763,0.00104726,61.4044,58.8961,1.6923,3.9211,2.3412,149.7667,2.3171,62.6970,60.9962,41.8926,42.3384,83.4468,160.8553,162.3351,164.1988,42.3384,-2.2539,3.834227,3.878245,1.450322,20,49,61,3,0.24505223,0.02618144,0.00901077,0E-8,0.000000,0.911194,0.000000,0.02274419,2026-03-22,2026-08-06,123,206,194,138,0.891304,1.027884,1.021051,0.816841,,,,,,,,GLOBAL_BASELINE_NO_ENTITY_RANKING,,,NOT_APPLICABLE_GLOBAL_BASELINE,HF9g-P5,,,,X 全窗基线 · 不参与实体赏罚,8393489,840,A168_HF9F_20260827_0900,2026-08-27 09:00:00
2026-07-18,97284850,2223,0,82.0327024096,82.0327024096,82.0327024096,1.0000000,1,1,0.49324550000000000,0.493245500000,1.01360149184955,1.01360149184955,1.01360149184955,0E-17,ELIGIBLE,R03b_20260811_FULL_v1,L1_ELIGIBILITY,v2026-08-11,2026-03-21..2026-08-06,baccarat_bet02_101_all_pairs_incl_sentinel,round_win = game_pnl > 0 (decisive only),COMPATIBILITY_ONLY_NOT_PRODUCTION,18421.3072,16785.3789,482.2964,300,285,-0.02618144,-0.00901077,-0.03175496,-0.02618144,-482.2964,18421.3072,OK,0.0000,19.2919,4.0000,96.0000,AG03-UNRESOLVED,ALL5_LEVELS_bet23_to_bet27,19.2919,19.2919,19.2919,19.2919,19.2919,4.000000,4.000000,4.000000,4.000000,4.000000,96.000000,96.000000,96.000000,96.000000,96.000000,5.0,96.4593,89.0451,385.8371,393.2513,PENDING_AG03,FALSE,NOT_FOR_ENFORCEMENT,463.0045,16113.9638,482.2964,463.0045,19.2919,0.02618144,0.02513418,19.2919,463.0045,0.02513418,19.2919,19.2919,19.2919,19.2919,19.2919,463.0045,0.02513418,96.4593,89.0451,385.8371,393.2513,0.02094515,0.02134763,0.00104726,61.4044,58.8961,1.6923,3.9211,2.3412,149.7667,2.3171,62.6970,60.9962,41.8926,42.3384,83.4468,160.8553,162.3351,164.1988,42.3384,-2.2539,3.834227,3.878245,1.450322,20,49,61,3,0.24505223,0.02618144,0.00901077,0E-8,0.000000,0.911194,0.000000,0.02274419,2026-03-22,2026-08-06,123,206,194,138,0.891304,1.027884,1.021051,0.816841,,,,,,,,GLOBAL_BASELINE_NO_ENTITY_RANKING,,,NOT_APPLICABLE_GLOBAL_BASELINE,HF9g-P5,,,,X 全窗基线 · 不参与实体赏罚,8393490,840,A168_HF9F_20260827_0900,2026-08-27 09:00:00
2026-07-18,97284850,2251,0,346.0906320596,159.6967993655,159.6967993655,1.0000000,4,2,0.46834671203155808,0.293924150000,1.5067649598636916,2.191911630770837,1.5067649598636916,0.17442256203155808,ELIGIBLE,R03b_20260811_FULL_v1,L1_ELIGIBILITY,v2026-08-11,2026-03-21..2026-08-06,baccarat_bet02_101_all_pairs_incl_sentinel,round_win = game_pnl > 0 (decisive only),COMPATIBILITY_ONLY_NOT_PRODUCTION,18421.3072,16785.3789,482.2964,300,285,-0.02618144,-0.00901077,-0.03175496,-0.02618144,-482.2964,18421.3072,OK,0.0000,19.2919,4.0000,96.0000,AG03-UNRESOLVED,ALL5_LEVELS_bet23_to_bet27,19.2919,19.2919,19.2919,19.2919,19.2919,4.000000,4.000000,4.000000,4.000000,4.000000,96.000000,96.000000,96.000000,96.000000,96.000000,5.0,96.4593,89.0451,385.8371,393.2513,PENDING_AG03,FALSE,NOT_FOR_ENFORCEMENT,463.0045,16113.9638,482.2964,463.0045,19.2919,0.02618144,0.02513418,19.2919,463.0045,0.02513418,19.2919,19.2919,19.2919,19.2919,19.2919,463.0045,0.02513418,96.4593,89.0451,385.8371,393.2513,0.02094515,0.02134763,0.00104726,61.4044,58.8961,1.6923,3.9211,2.3412,149.7667,2.3171,62.6970,60.9962,41.8926,42.3384,83.4468,160.8553,162.3351,164.1988,42.3384,-2.2539,3.834227,3.878245,1.450322,20,49,61,3,0.24505223,0.02618144,0.00901077,0E-8,0.000000,0.911194,0.000000,0.02274419,2026-03-22,2026-08-06,123,206,194,138,0.891304,1.027884,1.021051,0.816841,,,,,,,,GLOBAL_BASELINE_NO_ENTITY_RANKING,,,NOT_APPLICABLE_GLOBAL_BASELINE,HF9g-P5,,,,X 全窗基线 · 不参与实体赏罚,8393491,840,A168_HF9F_20260827_0900,2026-08-27 09:00:00
2026-07-19,97284850,2141,0,126.2041575533,-42.0680525177,-42.0680525177,0.5000000,2,2,0.49994810000000000,0.499948100000,0.00014679536856514622,0.00014679536856514622,0.00014679536856514622,0E-17,ELIGIBLE,R03b_20260811_FULL_v1,L1_ELIGIBILITY,v2026-08-11,2026-03-21..2026-08-06,baccarat_bet02_101_all_pairs_incl_sentinel,round_win = game_pnl > 0 (decisive only),COMPATIBILITY_ONLY_NOT_PRODUCTION,18421.3072,16785.3789,482.2964,300,285,-0.02618144,-0.00901077,-0.03175496,-0.02618144,-482.2964,18421.3072,OK,0.0000,19.2919,4.0000,96.0000,AG03-UNRESOLVED,ALL5_LEVELS_bet23_to_bet27,19.2919,19.2919,19.2919,19.2919,19.2919,4.000000,4.000000,4.000000,4.000000,4.000000,96.000000,96.000000,96.000000,96.000000,96.000000,5.0,96.4593,89.0451,385.8371,393.2513,PENDING_AG03,FALSE,NOT_FOR_ENFORCEMENT,463.0045,16113.9638,482.2964,463.0045,19.2919,0.02618144,0.02513418,19.2919,463.0045,0.02513418,19.2919,19.2919,19.2919,19.2919,19.2919,463.0045,0.02513418,96.4593,89.0451,385.8371,393.2513,0.02094515,0.02134763,0.00104726,61.4044,58.8961,1.6923,3.9211,2.3412,149.7667,2.3171,62.6970,60.9962,41.8926,42.3384,83.4468,160.8553,162.3351,164.1988,42.3384,-2.2539,3.834227,3.878245,1.450322,20,49,61,3,0.24505223,0.02618144,0.00901077,0E-8,0.000000,0.911194,0.000000,0.02274419,2026-03-22,2026-08-06,123,206,194,138,0.891304,1.027884,1.021051,0.816841,,,,,,,,GLOBAL_BASELINE_NO_ENTITY_RANKING,,,NOT_APPLICABLE_GLOBAL_BASELINE,HF9g-P5,,,,X 全窗基线 · 不参与实体赏罚,8393492,840,A168_HF9F_20260827_0900,2026-08-27 09:00:00
2026-07-20,97284850,2141,0,42.0680525178,-42.0680525178,-42.0680525178,0E-7,1,1,0.50665070000000000,0.506650700000,-1.013391052207602,-1.013391052207602,-1.013391052207602,0E-17,ELIGIBLE,R03b_20260811_FULL_v1,L1_ELIGIBILITY,v2026-08-11,2026-03-21..2026-08-06,baccarat_bet02_101_all_pairs_incl_sentinel,round_win = game_pnl > 0 (decisive only),COMPATIBILITY_ONLY_NOT_PRODUCTION,18421.3072,16785.3789,482.2964,300,285,-0.02618144,-0.00901077,-0.03175496,-0.02618144,-482.2964,18421.3072,OK,0.0000,19.2919,4.0000,96.0000,AG03-UNRESOLVED,ALL5_LEVELS_bet23_to_bet27,19.2919,19.2919,19.2919,19.2919,19.2919,4.000000,4.000000,4.000000,4.000000,4.000000,96.000000,96.000000,96.000000,96.000000,96.000000,5.0,96.4593,89.0451,385.8371,393.2513,PENDING_AG03,FALSE,NOT_FOR_ENFORCEMENT,463.0045,16113.9638,482.2964,463.0045,19.2919,0.02618144,0.02513418,19.2919,463.0045,0.02513418,19.2919,19.2919,19.2919,19.2919,19.2919,463.0045,0.02513418,96.4593,89.0451,385.8371,393.2513,0.02094515,0.02134763,0.00104726,61.4044,58.8961,1.6923,3.9211,2.3412,149.7667,2.3171,62.6970,60.9962,41.8926,42.3384,83.4468,160.8553,162.3351,164.1988,42.3384,-2.2539,3.834227,3.878245,1.450322,20,49,61,3,0.24505223,0.02618144,0.00901077,0E-8,0.000000,0.911194,0.000000,0.02274419,2026-03-22,2026-08-06,123,206,194,138,0.891304,1.027884,1.021051,0.816841,,,,,,,,GLOBAL_BASELINE_NO_ENTITY_RANKING,,,NOT_APPLICABLE_GLOBAL_BASELINE,HF9g-P5,,,,X 全窗基线 · 不参与实体赏罚,8393493,840,A168_HF9F_20260827_0900,2026-08-27 09:00:00
2026-07-21,97284850,1330,0,184.2904300682,-163.9036046173,-163.9036046173,0.3333333,3,3,0.23195210000000000,0.231952100000,0.41603023122019933,0.41603023122019933,0.41603023122019933,0E-17,ELIGIBLE,R03b_20260811_FULL_v1,L1_ELIGIBILITY,v2026-08-11,2026-03-21..2026-08-06,baccarat_bet02_101_all_pairs_incl_sentinel,round_win = game_pnl > 0 (decisive only),COMPATIBILITY_ONLY_NOT_PRODUCTION,18421.3072,16785.3789,482.2964,300,285,-0.02618144,-0.00901077,-0.03175496,-0.02618144,-482.2964,18421.3072,OK,0.0000,19.2919,4.0000,96.0000,AG03-UNRESOLVED,ALL5_LEVELS_bet23_to_bet27,19.2919,19.2919,19.2919,19.2919,19.2919,4.000000,4.000000,4.000000,4.000000,4.000000,96.000000,96.000000,96.000000,96.000000,96.000000,5.0,96.4593,89.0451,385.8371,393.2513,PENDING_AG03,FALSE,NOT_FOR_ENFORCEMENT,463.0045,16113.9638,482.2964,463.0045,19.2919,0.02618144,0.02513418,19.2919,463.0045,0.02513418,19.2919,19.2919,19.2919,19.2919,19.2919,463.0045,0.02513418,96.4593,89.0451,385.8371,393.2513,0.02094515,0.02134763,0.00104726,61.4044,58.8961,1.6923,3.9211,2.3412,149.7667,2.3171,62.6970,60.9962,41.8926,42.3384,83.4468,160.8553,162.3351,164.1988,42.3384,-2.2539,3.834227,3.878245,1.450322,20,49,61,3,0.24505223,0.02618144,0.00901077,0E-8,0.000000,0.911194,0.000000,0.02274419,2026-03-22,2026-08-06,123,206,194,138,0.891304,1.027884,1.021051,0.816841,,,,,,,,GLOBAL_BASELINE_NO_ENTITY_RANKING,,,NOT_APPLICABLE_GLOBAL_BASELINE,HF9g-P5,,,,X 全窗基线 · 不参与实体赏罚,8393494,840,A168_HF9F_20260827_0900,2026-08-27 09:00:00
2026-07-21,97284850,2101,0,168.2722100711,121.9973523015,121.9973523015,1.0000000,3,3,0.49771390000000000,0.497713900000,1.4206944795187548,1.420694479518755,1.4206944795187548,0E-17,ELIGIBLE,R03b_20260811_FULL_v1,L1_ELIGIBILITY,v2026-08-11,2026-03-21..2026-08-06,baccarat_bet02_101_all_pairs_incl_sentinel,round_win = game_pnl > 0 (decisive only),COMPATIBILITY_ONLY_NOT_PRODUCTION,18421.3072,16785.3789,482.2964,300,285,-0.02618144,-0.00901077,-0.03175496,-0.02618144,-482.2964,18421.3072,OK,0.0000,19.2919,4.0000,96.0000,AG03-UNRESOLVED,ALL5_LEVELS_bet23_to_bet27,19.2919,19.2919,19.2919,19.2919,19.2919,4.000000,4.000000,4.000000,4.000000,4.000000,96.000000,96.000000,96.000000,96.000000,96.000000,5.0,96.4593,89.0451,385.8371,393.2513,PENDING_AG03,FALSE,NOT_FOR_ENFORCEMENT,463.0045,16113.9638,482.2964,463.0045,19.2919,0.02618144,0.02513418,19.2919,463.0045,0.02513418,19.2919,19.2919,19.2919,19.2919,19.2919,463.0045,0.02513418,96.4593,89.0451,385.8371,393.2513,0.02094515,0.02134763,0.00104726,61.4044,58.8961,1.6923,3.9211,2.3412,149.7667,2.3171,62.6970,60.9962,41.8926,42.3384,83.4468,160.8553,162.3351,164.1988,42.3384,-2.2539,3.834227,3.878245,1.450322,20,49,61,3,0.24505223,0.02618144,0.00901077,0E-8,0.000000,0.911194,0.000000,0.02274419,2026-03-22,2026-08-06,123,206,194,138,0.891304,1.027884,1.021051,0.816841,,,,,,,,GLOBAL_BASELINE_NO_ENTITY_RANKING,,,NOT_APPLICABLE_GLOBAL_BASELINE,HF9g-P5,,,,X 全窗基线 · 不参与实体赏罚,8393495,840,A168_HF9F_20260827_0900,2026-08-27 09:00:00
2026-07-21,97284850,994,0,84.1361050356,-42.0680525178,-42.0680525178,0E-7,2,2,0.49324550000000000,0.493245500000,-0.9865810262130424,-0.9865810262130424,-0.9865810262130424,0E-17,ELIGIBLE,R03b_20260811_FULL_v1,L1_ELIGIBILITY,v2026-08-11,2026-03-21..2026-08-06,baccarat_bet02_101_all_pairs_incl_sentinel,round_win = game_pnl > 0 (decisive only),COMPATIBILITY_ONLY_NOT_PRODUCTION,18421.3072,16785.3789,482.2964,300,285,-0.02618144,-0.00901077,-0.03175496,-0.02618144,-482.2964,18421.3072,OK,0.0000,19.2919,4.0000,96.0000,AG03-UNRESOLVED,ALL5_LEVELS_bet23_to_bet27,19.2919,19.2919,19.2919,19.2919,19.2919,4.000000,4.000000,4.000000,4.000000,4.000000,96.000000,96.000000,96.000000,96.000000,96.000000,5.0,96.4593,89.0451,385.8371,393.2513,PENDING_AG03,FALSE,NOT_FOR_ENFORCEMENT,463.0045,16113.9638,482.2964,463.0045,19.2919,0.02618144,0.02513418,19.2919,463.0045,0.02513418,19.2919,19.2919,19.2919,19.2919,19.2919,463.0045,0.02513418,96.4593,89.0451,385.8371,393.2513,0.02094515,0.02134763,0.00104726,61.4044,58.8961,1.6923,3.9211,2.3412,149.7667,2.3171,62.6970,60.9962,41.8926,42.3384,83.4468,160.8553,162.3351,164.1988,42.3384,-2.2539,3.834227,3.878245,1.450322,20,49,61,3,0.24505223,0.02618144,0.00901077,0E-8,0.000000,0.911194,0.000000,0.02274419,2026-03-22,2026-08-06,123,206,194,138,0.891304,1.027884,1.021051,0.816841,,,,,,,,GLOBAL_BASELINE_NO_ENTITY_RANKING,,,NOT_APPLICABLE_GLOBAL_BASELINE,HF9g-P5,,,,X 全窗基线 · 不参与实体赏罚,8393496,840,A168_HF9F_20260827_0900,2026-08-27 09:00:00
2026-07-22,97284850,2252,0,32.5218406003,-32.5218406003,-32.5218406003,0E-7,1,1,0.49324550000000000,0.493245500000,-0.9865810262130424,-0.9865810262130424,-0.9865810262130424,0E-17,ELIGIBLE,R03b_20260811_FULL_v1,L1_ELIGIBILITY,v2026-08-11,2026-03-21..2026-08-06,baccarat_bet02_101_all_pairs_incl_sentinel,round_win = game_pnl > 0 (decisive only),COMPATIBILITY_ONLY_NOT_PRODUCTION,18421.3072,16785.3789,482.2964,300,285,-0.02618144,-0.00901077,-0.03175496,-0.02618144,-482.2964,18421.3072,OK,0.0000,19.2919,4.0000,96.0000,AG03-UNRESOLVED,ALL5_LEVELS_bet23_to_bet27,19.2919,19.2919,19.2919,19.2919,19.2919,4.000000,4.000000,4.000000,4.000000,4.000000,96.000000,96.000000,96.000000,96.000000,96.000000,5.0,96.4593,89.0451,385.8371,393.2513,PENDING_AG03,FALSE,NOT_FOR_ENFORCEMENT,463.0045,16113.9638,482.2964,463.0045,19.2919,0.02618144,0.02513418,19.2919,463.0045,0.02513418,19.2919,19.2919,19.2919,19.2919,19.2919,463.0045,0.02513418,96.4593,89.0451,385.8371,393.2513,0.02094515,0.02134763,0.00104726,61.4044,58.8961,1.6923,3.9211,2.3412,149.7667,2.3171,62.6970,60.9962,41.8926,42.3384,83.4468,160.8553,162.3351,164.1988,42.3384,-2.2539,3.834227,3.878245,1.450322,20,49,61,3,0.24505223,0.02618144,0.00901077,0E-8,0.000000,0.911194,0.000000,0.02274419,2026-03-22,2026-08-06,123,206,194,138,0.891304,1.027884,1.021051,0.816841,,,,,,,,GLOBAL_BASELINE_NO_ENTITY_RANKING,,,NOT_APPLICABLE_GLOBAL_BASELINE,HF9g-P5,,,,X 全窗基线 · 不参与实体赏罚,8393497,840,A168_HF9F_20260827_0900,2026-08-27 09:00:00
2026-07-23,97284850,2209,0,42.0680525178,-42.0680525178,-42.0680525178,0E-7,1,1,0.50665070000000000,0.506650700000,-1.013391052207602,-1.013391052207602,-1.013391052207602,0E-17,ELIGIBLE,R03b_20260811_FULL_v1,L1_ELIGIBILITY,v2026-08-11,2026-03-21..2026-08-06,baccarat_bet02_101_all_pairs_incl_sentinel,round_win = game_pnl > 0 (decisive only),COMPATIBILITY_ONLY_NOT_PRODUCTION,18421.3072,16785.3789,482.2964,300,285,-0.02618144,-0.00901077,-0.03175496,-0.02618144,-482.2964,18421.3072,OK,0.0000,19.2919,4.0000,96.0000,AG03-UNRESOLVED,ALL5_LEVELS_bet23_to_bet27,19.2919,19.2919,19.2919,19.2919,19.2919,4.000000,4.000000,4.000000,4.000000,4.000000,96.000000,96.000000,96.000000,96.000000,96.000000,5.0,96.4593,89.0451,385.8371,393.2513,PENDING_AG03,FALSE,NOT_FOR_ENFORCEMENT,463.0045,16113.9638,482.2964,463.0045,19.2919,0.02618144,0.02513418,19.2919,463.0045,0.02513418,19.2919,19.2919,19.2919,19.2919,19.2919,463.0045,0.02513418,96.4593,89.0451,385.8371,393.2513,0.02094515,0.02134763,0.00104726,61.4044,58.8961,1.6923,3.9211,2.3412,149.7667,2.3171,62.6970,60.9962,41.8926,42.3384,83.4468,160.8553,162.3351,164.1988,42.3384,-2.2539,3.834227,3.878245,1.450322,20,49,61,3,0.24505223,0.02618144,0.00901077,0E-8,0.000000,0.911194,0.000000,0.02274419,2026-03-22,2026-08-06,123,206,194,138,0.891304,1.027884,1.021051,0.816841,,,,,,,,GLOBAL_BASELINE_NO_ENTITY_RANKING,,,NOT_APPLICABLE_GLOBAL_BASELINE,HF9g-P5,,,,X 全窗基线 · 不参与实体赏罚,8393498,840,A168_HF9F_20260827_0900,2026-08-27 09:00:00
2026-07-24,97284850,-1,1,82.0327024096,82.0327024096,82.0327024096,1.0000000,1,1,0.49324550000000000,0.493245500000,1.01360149184955,1.01360149184955,1.01360149184955,0E-17,SENTINEL_DEALER,R03b_20260811_FULL_v1,L1_ELIGIBILITY,v2026-08-11,2026-03-21..2026-08-06,baccarat_bet02_101_all_pairs_incl_sentinel,round_win = game_pnl > 0 (decisive only),COMPATIBILITY_ONLY_NOT_PRODUCTION,18421.3072,16785.3789,482.2964,300,285,-0.02618144,-0.00901077,-0.03175496,-0.02618144,-482.2964,18421.3072,OK,0.0000,19.2919,4.0000,96.0000,AG03-UNRESOLVED,ALL5_LEVELS_bet23_to_bet27,19.2919,19.2919,19.2919,19.2919,19.2919,4.000000,4.000000,4.000000,4.000000,4.000000,96.000000,96.000000,96.000000,96.000000,96.000000,5.0,96.4593,89.0451,385.8371,393.2513,PENDING_AG03,FALSE,NOT_FOR_ENFORCEMENT,463.0045,16113.9638,482.2964,463.0045,19.2919,0.02618144,0.02513418,19.2919,463.0045,0.02513418,19.2919,19.2919,19.2919,19.2919,19.2919,463.0045,0.02513418,96.4593,89.0451,385.8371,393.2513,0.02094515,0.02134763,0.00104726,61.4044,58.8961,1.6923,3.9211,2.3412,149.7667,2.3171,62.6970,60.9962,41.8926,42.3384,83.4468,160.8553,162.3351,164.1988,42.3384,-2.2539,3.834227,3.878245,1.450322,20,49,61,3,0.24505223,0.02618144,0.00901077,0E-8,0.000000,0.911194,0.000000,0.02274419,2026-03-22,2026-08-06,123,206,194,138,0.891304,1.027884,1.021051,0.816841,,,,,,,,GLOBAL_BASELINE_NO_ENTITY_RANKING,,,NOT_APPLICABLE_GLOBAL_BASELINE,HF9g-P5,,,,X 全窗基线 · 不参与实体赏罚,8393499,840,A168_HF9F_20260827_0900,2026-08-27 09:00:00
2026-07-24,97284850,2093,0,206.1334573371,199.4996490554,199.4996490554,1.0000000,3,2,0.49719612869820041,0.400287425000,1.4221664694691907,1.731014086397502,1.4221664694691907,0.09690870369820041,ELIGIBLE,R03b_20260811_FULL_v1,L1_ELIGIBILITY,v2026-08-11,2026-03-21..2026-08-06,baccarat_bet02_101_all_pairs_incl_sentinel,round_win = game_pnl > 0 (decisive only),COMPATIBILITY_ONLY_NOT_PRODUCTION,18421.3072,16785.3789,482.2964,300,285,-0.02618144,-0.00901077,-0.03175496,-0.02618144,-482.2964,18421.3072,OK,0.0000,19.2919,4.0000,96.0000,AG03-UNRESOLVED,ALL5_LEVELS_bet23_to_bet27,19.2919,19.2919,19.2919,19.2919,19.2919,4.000000,4.000000,4.000000,4.000000,4.000000,96.000000,96.000000,96.000000,96.000000,96.000000,5.0,96.4593,89.0451,385.8371,393.2513,PENDING_AG03,FALSE,NOT_FOR_ENFORCEMENT,463.0045,16113.9638,482.2964,463.0045,19.2919,0.02618144,0.02513418,19.2919,463.0045,0.02513418,19.2919,19.2919,19.2919,19.2919,19.2919,463.0045,0.02513418,96.4593,89.0451,385.8371,393.2513,0.02094515,0.02134763,0.00104726,61.4044,58.8961,1.6923,3.9211,2.3412,149.7667,2.3171,62.6970,60.9962,41.8926,42.3384,83.4468,160.8553,162.3351,164.1988,42.3384,-2.2539,3.834227,3.878245,1.450322,20,49,61,3,0.24505223,0.02618144,0.00901077,0E-8,0.000000,0.911194,0.000000,0.02274419,2026-03-22,2026-08-06,123,206,194,138,0.891304,1.027884,1.021051,0.816841,,,,,,,,GLOBAL_BASELINE_NO_ENTITY_RANKING,,,NOT_APPLICABLE_GLOBAL_BASELINE,HF9g-P5,,,,X 全窗基线 · 不参与实体赏罚,8393500,840,A168_HF9F_20260827_0900,2026-08-27 09:00:00
2026-07-25,97284850,2103,0,42.0680525178,-42.0680525178,-42.0680525178,0E-7,1,1,0.50665070000000000,0.506650700000,-1.013391052207602,-1.013391052207602,-1.013391052207602,0E-17,ELIGIBLE,R03b_20260811_FULL_v1,L1_ELIGIBILITY,v2026-08-11,2026-03-21..2026-08-06,baccarat_bet02_101_all_pairs_incl_sentinel,round_win = game_pnl > 0 (decisive only),COMPATIBILITY_ONLY_NOT_PRODUCTION,18421.3072,16785.3789,482.2964,300,285,-0.02618144,-0.00901077,-0.03175496,-0.02618144,-482.2964,18421.3072,OK,0.0000,19.2919,4.0000,96.0000,AG03-UNRESOLVED,ALL5_LEVELS_bet23_to_bet27,19.2919,19.2919,19.2919,19.2919,19.2919,4.000000,4.000000,4.000000,4.000000,4.000000,96.000000,96.000000,96.000000,96.000000,96.000000,5.0,96.4593,89.0451,385.8371,393.2513,PENDING_AG03,FALSE,NOT_FOR_ENFORCEMENT,463.0045,16113.9638,482.2964,463.0045,19.2919,0.02618144,0.02513418,19.2919,463.0045,0.02513418,19.2919,19.2919,19.2919,19.2919,19.2919,463.0045,0.02513418,96.4593,89.0451,385.8371,393.2513,0.02094515,0.02134763,0.00104726,61.4044,58.8961,1.6923,3.9211,2.3412,149.7667,2.3171,62.6970,60.9962,41.8926,42.3384,83.4468,160.8553,162.3351,164.1988,42.3384,-2.2539,3.834227,3.878245,1.450322,20,49,61,3,0.24505223,0.02618144,0.00901077,0E-8,0.000000,0.911194,0.000000,0.02274419,2026-03-22,2026-08-06,123,206,194,138,0.891304,1.027884,1.021051,0.816841,,,,,,,,GLOBAL_BASELINE_NO_ENTITY_RANKING,,,NOT_APPLICABLE_GLOBAL_BASELINE,HF9g-P5,,,,X 全窗基线 · 不参与实体赏罚,8393501,840,A168_HF9F_20260827_0900,2026-08-27 09:00:00
2026-07-26,97284850,-1,1,42.0680525178,-42.0680525178,-42.0680525178,0E-7,1,1,0.50665070000000000,0.506650700000,-1.013391052207602,-1.013391052207602,-1.013391052207602,0E-17,SENTINEL_DEALER,R03b_20260811_FULL_v1,L1_ELIGIBILITY,v2026-08-11,2026-03-21..2026-08-06,baccarat_bet02_101_all_pairs_incl_sentinel,round_win = game_pnl > 0 (decisive only),COMPATIBILITY_ONLY_NOT_PRODUCTION,18421.3072,16785.3789,482.2964,300,285,-0.02618144,-0.00901077,-0.03175496,-0.02618144,-482.2964,18421.3072,OK,0.0000,19.2919,4.0000,96.0000,AG03-UNRESOLVED,ALL5_LEVELS_bet23_to_bet27,19.2919,19.2919,19.2919,19.2919,19.2919,4.000000,4.000000,4.000000,4.000000,4.000000,96.000000,96.000000,96.000000,96.000000,96.000000,5.0,96.4593,89.0451,385.8371,393.2513,PENDING_AG03,FALSE,NOT_FOR_ENFORCEMENT,463.0045,16113.9638,482.2964,463.0045,19.2919,0.02618144,0.02513418,19.2919,463.0045,0.02513418,19.2919,19.2919,19.2919,19.2919,19.2919,463.0045,0.02513418,96.4593,89.0451,385.8371,393.2513,0.02094515,0.02134763,0.00104726,61.4044,58.8961,1.6923,3.9211,2.3412,149.7667,2.3171,62.6970,60.9962,41.8926,42.3384,83.4468,160.8553,162.3351,164.1988,42.3384,-2.2539,3.834227,3.878245,1.450322,20,49,61,3,0.24505223,0.02618144,0.00901077,0E-8,0.000000,0.911194,0.000000,0.02274419,2026-03-22,2026-08-06,123,206,194,138,0.891304,1.027884,1.021051,0.816841,,,,,,,,GLOBAL_BASELINE_NO_ENTITY_RANKING,,,NOT_APPLICABLE_GLOBAL_BASELINE,HF9g-P5,,,,X 全窗基线 · 不参与实体赏罚,8393502,840,A168_HF9F_20260827_0900,2026-08-27 09:00:00
2026-07-27,97284850,1384,0,42.0680525178,-42.0680525178,-42.0680525178,0E-7,1,1,0.49324550000000000,0.493245500000,-0.9865810262130424,-0.9865810262130424,-0.9865810262130424,0E-17,ELIGIBLE,R03b_20260811_FULL_v1,L1_ELIGIBILITY,v2026-08-11,2026-03-21..2026-08-06,baccarat_bet02_101_all_pairs_incl_sentinel,round_win = game_pnl > 0 (decisive only),COMPATIBILITY_ONLY_NOT_PRODUCTION,18421.3072,16785.3789,482.2964,300,285,-0.02618144,-0.00901077,-0.03175496,-0.02618144,-482.2964,18421.3072,OK,0.0000,19.2919,4.0000,96.0000,AG03-UNRESOLVED,ALL5_LEVELS_bet23_to_bet27,19.2919,19.2919,19.2919,19.2919,19.2919,4.000000,4.000000,4.000000,4.000000,4.000000,96.000000,96.000000,96.000000,96.000000,96.000000,5.0,96.4593,89.0451,385.8371,393.2513,PENDING_AG03,FALSE,NOT_FOR_ENFORCEMENT,463.0045,16113.9638,482.2964,463.0045,19.2919,0.02618144,0.02513418,19.2919,463.0045,0.02513418,19.2919,19.2919,19.2919,19.2919,19.2919,463.0045,0.02513418,96.4593,89.0451,385.8371,393.2513,0.02094515,0.02134763,0.00104726,61.4044,58.8961,1.6923,3.9211,2.3412,149.7667,2.3171,62.6970,60.9962,41.8926,42.3384,83.4468,160.8553,162.3351,164.1988,42.3384,-2.2539,3.834227,3.878245,1.450322,20,49,61,3,0.24505223,0.02618144,0.00901077,0E-8,0.000000,0.911194,0.000000,0.02274419,2026-03-22,2026-08-06,123,206,194,138,0.891304,1.027884,1.021051,0.816841,,,,,,,,GLOBAL_BASELINE_NO_ENTITY_RANKING,,,NOT_APPLICABLE_GLOBAL_BASELINE,HF9g-P5,,,,X 全窗基线 · 不参与实体赏罚,8393503,840,A168_HF9F_20260827_0900,2026-08-27 09:00:00
2026-07-28,97284850,1994,0,164.0654048193,-164.0654048193,-164.0654048193,0E-7,2,2,0.30062675000000000,0.300626750000,-0.9272018728036208,-0.9272018728036208,-0.9272018728036208,0E-17,ELIGIBLE,R03b_20260811_FULL_v1,L1_ELIGIBILITY,v2026-08-11,2026-03-21..2026-08-06,baccarat_bet02_101_all_pairs_incl_sentinel,round_win = game_pnl > 0 (decisive only),COMPATIBILITY_ONLY_NOT_PRODUCTION,18421.3072,16785.3789,482.2964,300,285,-0.02618144,-0.00901077,-0.03175496,-0.02618144,-482.2964,18421.3072,OK,0.0000,19.2919,4.0000,96.0000,AG03-UNRESOLVED,ALL5_LEVELS_bet23_to_bet27,19.2919,19.2919,19.2919,19.2919,19.2919,4.000000,4.000000,4.000000,4.000000,4.000000,96.000000,96.000000,96.000000,96.000000,96.000000,5.0,96.4593,89.0451,385.8371,393.2513,PENDING_AG03,FALSE,NOT_FOR_ENFORCEMENT,463.0045,16113.9638,482.2964,463.0045,19.2919,0.02618144,0.02513418,19.2919,463.0045,0.02513418,19.2919,19.2919,19.2919,19.2919,19.2919,463.0045,0.02513418,96.4593,89.0451,385.8371,393.2513,0.02094515,0.02134763,0.00104726,61.4044,58.8961,1.6923,3.9211,2.3412,149.7667,2.3171,62.6970,60.9962,41.8926,42.3384,83.4468,160.8553,162.3351,164.1988,42.3384,-2.2539,3.834227,3.878245,1.450322,20,49,61,3,0.24505223,0.02618144,0.00901077,0E-8,0.000000,0.911194,0.000000,0.02274419,2026-03-22,2026-08-06,123,206,194,138,0.891304,1.027884,1.021051,0.816841,,,,,,,,GLOBAL_BASELINE_NO_ENTITY_RANKING,,,NOT_APPLICABLE_GLOBAL_BASELINE,HF9g-P5,,,,X 全窗基线 · 不参与实体赏罚,8393504,840,A168_HF9F_20260827_0900,2026-08-27 09:00:00
2026-07-28,97284850,2209,0,84.1361050355,79.9292997837,79.9292997837,1.0000000,1,1,0.50665070000000000,0.506650700000,0.9867858985152569,0.9867858985152569,0.9867858985152569,0E-17,ELIGIBLE,R03b_20260811_FULL_v1,L1_ELIGIBILITY,v2026-08-11,2026-03-21..2026-08-06,baccarat_bet02_101_all_pairs_incl_sentinel,round_win = game_pnl > 0 (decisive only),COMPATIBILITY_ONLY_NOT_PRODUCTION,18421.3072,16785.3789,482.2964,300,285,-0.02618144,-0.00901077,-0.03175496,-0.02618144,-482.2964,18421.3072,OK,0.0000,19.2919,4.0000,96.0000,AG03-UNRESOLVED,ALL5_LEVELS_bet23_to_bet27,19.2919,19.2919,19.2919,19.2919,19.2919,4.000000,4.000000,4.000000,4.000000,4.000000,96.000000,96.000000,96.000000,96.000000,96.000000,5.0,96.4593,89.0451,385.8371,393.2513,PENDING_AG03,FALSE,NOT_FOR_ENFORCEMENT,463.0045,16113.9638,482.2964,463.0045,19.2919,0.02618144,0.02513418,19.2919,463.0045,0.02513418,19.2919,19.2919,19.2919,19.2919,19.2919,463.0045,0.02513418,96.4593,89.0451,385.8371,393.2513,0.02094515,0.02134763,0.00104726,61.4044,58.8961,1.6923,3.9211,2.3412,149.7667,2.3171,62.6970,60.9962,41.8926,42.3384,83.4468,160.8553,162.3351,164.1988,42.3384,-2.2539,3.834227,3.878245,1.450322,20,49,61,3,0.24505223,0.02618144,0.00901077,0E-8,0.000000,0.911194,0.000000,0.02274419,2026-03-22,2026-08-06,123,206,194,138,0.891304,1.027884,1.021051,0.816841,,,,,,,,GLOBAL_BASELINE_NO_ENTITY_RANKING,,,NOT_APPLICABLE_GLOBAL_BASELINE,HF9g-P5,,,,X 全窗基线 · 不参与实体赏罚,8393505,840,A168_HF9F_20260827_0900,2026-08-27 09:00:00
2026-07-28,97284850,2239,0,42.0680525178,42.0680525178,42.0680525178,1.0000000,1,1,0.49324550000000000,0.493245500000,1.01360149184955,1.01360149184955,1.01360149184955,0E-17,ELIGIBLE,R03b_20260811_FULL_v1,L1_ELIGIBILITY,v2026-08-11,2026-03-21..2026-08-06,baccarat_bet02_101_all_pairs_incl_sentinel,round_win = game_pnl > 0 (decisive only),COMPATIBILITY_ONLY_NOT_PRODUCTION,18421.3072,16785.3789,482.2964,300,285,-0.02618144,-0.00901077,-0.03175496,-0.02618144,-482.2964,18421.3072,OK,0.0000,19.2919,4.0000,96.0000,AG03-UNRESOLVED,ALL5_LEVELS_bet23_to_bet27,19.2919,19.2919,19.2919,19.2919,19.2919,4.000000,4.000000,4.000000,4.000000,4.000000,96.000000,96.000000,96.000000,96.000000,96.000000,5.0,96.4593,89.0451,385.8371,393.2513,PENDING_AG03,FALSE,NOT_FOR_ENFORCEMENT,463.0045,16113.9638,482.2964,463.0045,19.2919,0.02618144,0.02513418,19.2919,463.0045,0.02513418,19.2919,19.2919,19.2919,19.2919,19.2919,463.0045,0.02513418,96.4593,89.0451,385.8371,393.2513,0.02094515,0.02134763,0.00104726,61.4044,58.8961,1.6923,3.9211,2.3412,149.7667,2.3171,62.6970,60.9962,41.8926,42.3384,83.4468,160.8553,162.3351,164.1988,42.3384,-2.2539,3.834227,3.878245,1.450322,20,49,61,3,0.24505223,0.02618144,0.00901077,0E-8,0.000000,0.911194,0.000000,0.02274419,2026-03-22,2026-08-06,123,206,194,138,0.891304,1.027884,1.021051,0.816841,,,,,,,,GLOBAL_BASELINE_NO_ENTITY_RANKING,,,NOT_APPLICABLE_GLOBAL_BASELINE,HF9g-P5,,,,X 全窗基线 · 不参与实体赏罚,8393506,840,A168_HF9F_20260827_0900,2026-08-27 09:00:00
2026-07-28,97284850,2251,0,42.0680525178,0E-10,0E-10,,1,1,0.49324550000000000,0.493245500000,,,,0E-17,NO_DECISIVE_ROUND,R03b_20260811_FULL_v1,L1_ELIGIBILITY,v2026-08-11,2026-03-21..2026-08-06,baccarat_bet02_101_all_pairs_incl_sentinel,round_win = game_pnl > 0 (decisive only),COMPATIBILITY_ONLY_NOT_PRODUCTION,18421.3072,16785.3789,482.2964,300,285,-0.02618144,-0.00901077,-0.03175496,-0.02618144,-482.2964,18421.3072,OK,0.0000,19.2919,4.0000,96.0000,AG03-UNRESOLVED,ALL5_LEVELS_bet23_to_bet27,19.2919,19.2919,19.2919,19.2919,19.2919,4.000000,4.000000,4.000000,4.000000,4.000000,96.000000,96.000000,96.000000,96.000000,96.000000,5.0,96.4593,89.0451,385.8371,393.2513,PENDING_AG03,FALSE,NOT_FOR_ENFORCEMENT,463.0045,16113.9638,482.2964,463.0045,19.2919,0.02618144,0.02513418,19.2919,463.0045,0.02513418,19.2919,19.2919,19.2919,19.2919,19.2919,463.0045,0.02513418,96.4593,89.0451,385.8371,393.2513,0.02094515,0.02134763,0.00104726,61.4044,58.8961,1.6923,3.9211,2.3412,149.7667,2.3171,62.6970,60.9962,41.8926,42.3384,83.4468,160.8553,162.3351,164.1988,42.3384,-2.2539,3.834227,3.878245,1.450322,20,49,61,3,0.24505223,0.02618144,0.00901077,0E-8,0.000000,0.911194,0.000000,0.02274419,2026-03-22,2026-08-06,123,206,194,138,0.891304,1.027884,1.021051,0.816841,,,,,,,,GLOBAL_BASELINE_NO_ENTITY_RANKING,,,NOT_APPLICABLE_GLOBAL_BASELINE,HF9g-P5,,,,X 全窗基线 · 不参与实体赏罚,8393507,840,A168_HF9F_20260827_0900,2026-08-27 09:00:00
2026-07-29,97284850,2287,0,42.0680525178,-42.0680525178,-42.0680525178,0E-7,1,1,0.49324550000000000,0.493245500000,-0.9865810262130424,-0.9865810262130424,-0.9865810262130424,0E-17,ELIGIBLE,R03b_20260811_FULL_v1,L1_ELIGIBILITY,v2026-08-11,2026-03-21..2026-08-06,baccarat_bet02_101_all_pairs_incl_sentinel,round_win = game_pnl > 0 (decisive only),COMPATIBILITY_ONLY_NOT_PRODUCTION,18421.3072,16785.3789,482.2964,300,285,-0.02618144,-0.00901077,-0.03175496,-0.02618144,-482.2964,18421.3072,OK,0.0000,19.2919,4.0000,96.0000,AG03-UNRESOLVED,ALL5_LEVELS_bet23_to_bet27,19.2919,19.2919,19.2919,19.2919,19.2919,4.000000,4.000000,4.000000,4.000000,4.000000,96.000000,96.000000,96.000000,96.000000,96.000000,5.0,96.4593,89.0451,385.8371,393.2513,PENDING_AG03,FALSE,NOT_FOR_ENFORCEMENT,463.0045,16113.9638,482.2964,463.0045,19.2919,0.02618144,0.02513418,19.2919,463.0045,0.02513418,19.2919,19.2919,19.2919,19.2919,19.2919,463.0045,0.02513418,96.4593,89.0451,385.8371,393.2513,0.02094515,0.02134763,0.00104726,61.4044,58.8961,1.6923,3.9211,2.3412,149.7667,2.3171,62.6970,60.9962,41.8926,42.3384,83.4468,160.8553,162.3351,164.1988,42.3384,-2.2539,3.834227,3.878245,1.450322,20,49,61,3,0.24505223,0.02618144,0.00901077,0E-8,0.000000,0.911194,0.000000,0.02274419,2026-03-22,2026-08-06,123,206,194,138,0.891304,1.027884,1.021051,0.816841,,,,,,,,GLOBAL_BASELINE_NO_ENTITY_RANKING,,,NOT_APPLICABLE_GLOBAL_BASELINE,HF9g-P5,,,,X 全窗基线 · 不参与实体赏罚,8393508,840,A168_HF9F_20260827_0900,2026-08-27 09:00:00
2026-07-30,97284850,-1,1,82.0327024096,77.9310672891,77.9310672891,1.0000000,1,1,0.50665070000000000,0.506650700000,0.9867858985152569,0.9867858985152569,0.9867858985152569,0E-17,SENTINEL_DEALER,R03b_20260811_FULL_v1,L1_ELIGIBILITY,v2026-08-11,2026-03-21..2026-08-06,baccarat_bet02_101_all_pairs_incl_sentinel,round_win = game_pnl > 0 (decisive only),COMPATIBILITY_ONLY_NOT_PRODUCTION,18421.3072,16785.3789,482.2964,300,285,-0.02618144,-0.00901077,-0.03175496,-0.02618144,-482.2964,18421.3072,OK,0.0000,19.2919,4.0000,96.0000,AG03-UNRESOLVED,ALL5_LEVELS_bet23_to_bet27,19.2919,19.2919,19.2919,19.2919,19.2919,4.000000,4.000000,4.000000,4.000000,4.000000,96.000000,96.000000,96.000000,96.000000,96.000000,5.0,96.4593,89.0451,385.8371,393.2513,PENDING_AG03,FALSE,NOT_FOR_ENFORCEMENT,463.0045,16113.9638,482.2964,463.0045,19.2919,0.02618144,0.02513418,19.2919,463.0045,0.02513418,19.2919,19.2919,19.2919,19.2919,19.2919,463.0045,0.02513418,96.4593,89.0451,385.8371,393.2513,0.02094515,0.02134763,0.00104726,61.4044,58.8961,1.6923,3.9211,2.3412,149.7667,2.3171,62.6970,60.9962,41.8926,42.3384,83.4468,160.8553,162.3351,164.1988,42.3384,-2.2539,3.834227,3.878245,1.450322,20,49,61,3,0.24505223,0.02618144,0.00901077,0E-8,0.000000,0.911194,0.000000,0.02274419,2026-03-22,2026-08-06,123,206,194,138,0.891304,1.027884,1.021051,0.816841,,,,,,,,GLOBAL_BASELINE_NO_ENTITY_RANKING,,,NOT_APPLICABLE_GLOBAL_BASELINE,HF9g-P5,,,,X 全窗基线 · 不参与实体赏罚,8393509,840,A168_HF9F_20260827_0900,2026-08-27 09:00:00
2026-07-30,97284850,1331,0,202.0302042146,-119.9975018049,-119.9975018049,0.5000000,2,2,0.49994810000000000,0.499948100000,0.00014679536856514622,0.00014679536856514622,0.00014679536856514622,0E-17,ELIGIBLE,R03b_20260811_FULL_v1,L1_ELIGIBILITY,v2026-08-11,2026-03-21..2026-08-06,baccarat_bet02_101_all_pairs_incl_sentinel,round_win = game_pnl > 0 (decisive only),COMPATIBILITY_ONLY_NOT_PRODUCTION,18421.3072,16785.3789,482.2964,300,285,-0.02618144,-0.00901077,-0.03175496,-0.02618144,-482.2964,18421.3072,OK,0.0000,19.2919,4.0000,96.0000,AG03-UNRESOLVED,ALL5_LEVELS_bet23_to_bet27,19.2919,19.2919,19.2919,19.2919,19.2919,4.000000,4.000000,4.000000,4.000000,4.000000,96.000000,96.000000,96.000000,96.000000,96.000000,5.0,96.4593,89.0451,385.8371,393.2513,PENDING_AG03,FALSE,NOT_FOR_ENFORCEMENT,463.0045,16113.9638,482.2964,463.0045,19.2919,0.02618144,0.02513418,19.2919,463.0045,0.02513418,19.2919,19.2919,19.2919,19.2919,19.2919,463.0045,0.02513418,96.4593,89.0451,385.8371,393.2513,0.02094515,0.02134763,0.00104726,61.4044,58.8961,1.6923,3.9211,2.3412,149.7667,2.3171,62.6970,60.9962,41.8926,42.3384,83.4468,160.8553,162.3351,164.1988,42.3384,-2.2539,3.834227,3.878245,1.450322,20,49,61,3,0.24505223,0.02618144,0.00901077,0E-8,0.000000,0.911194,0.000000,0.02274419,2026-03-22,2026-08-06,123,206,194,138,0.891304,1.027884,1.021051,0.816841,,,,,,,,GLOBAL_BASELINE_NO_ENTITY_RANKING,,,NOT_APPLICABLE_GLOBAL_BASELINE,HF9g-P5,,,,X 全窗基线 · 不参与实体赏罚,8393510,840,A168_HF9F_20260827_0900,2026-08-27 09:00:00
2026-07-31,97284850,1331,0,84.1361050356,-42.0680525178,-42.0680525178,0E-7,2,2,0.50665070000000000,0.506650700000,-1.013391052207602,-1.013391052207602,-1.013391052207602,0E-17,ELIGIBLE,R03b_20260811_FULL_v1,L1_ELIGIBILITY,v2026-08-11,2026-03-21..2026-08-06,baccarat_bet02_101_all_pairs_incl_sentinel,round_win = game_pnl > 0 (decisive only),COMPATIBILITY_ONLY_NOT_PRODUCTION,18421.3072,16785.3789,482.2964,300,285,-0.02618144,-0.00901077,-0.03175496,-0.02618144,-482.2964,18421.3072,OK,0.0000,19.2919,4.0000,96.0000,AG03-UNRESOLVED,ALL5_LEVELS_bet23_to_bet27,19.2919,19.2919,19.2919,19.2919,19.2919,4.000000,4.000000,4.000000,4.000000,4.000000,96.000000,96.000000,96.000000,96.000000,96.000000,5.0,96.4593,89.0451,385.8371,393.2513,PENDING_AG03,FALSE,NOT_FOR_ENFORCEMENT,463.0045,16113.9638,482.2964,463.0045,19.2919,0.02618144,0.02513418,19.2919,463.0045,0.02513418,19.2919,19.2919,19.2919,19.2919,19.2919,463.0045,0.02513418,96.4593,89.0451,385.8371,393.2513,0.02094515,0.02134763,0.00104726,61.4044,58.8961,1.6923,3.9211,2.3412,149.7667,2.3171,62.6970,60.9962,41.8926,42.3384,83.4468,160.8553,162.3351,164.1988,42.3384,-2.2539,3.834227,3.878245,1.450322,20,49,61,3,0.24505223,0.02618144,0.00901077,0E-8,0.000000,0.911194,0.000000,0.02274419,2026-03-22,2026-08-06,123,206,194,138,0.891304,1.027884,1.021051,0.816841,,,,,,,,GLOBAL_BASELINE_NO_ENTITY_RANKING,,,NOT_APPLICABLE_GLOBAL_BASELINE,HF9g-P5,,,,X 全窗基线 · 不参与实体赏罚,8393511,840,A168_HF9F_20260827_0900,2026-08-27 09:00:00
2026-08-01,97284850,-1,1,41.8223745843,-41.8223745843,-41.8223745843,0E-7,1,1,0.49324550000000000,0.493245500000,-0.9865810262130424,-0.9865810262130424,-0.9865810262130424,0E-17,SENTINEL_DEALER,R03b_20260811_FULL_v1,L1_ELIGIBILITY,v2026-08-11,2026-03-21..2026-08-06,baccarat_bet02_101_all_pairs_incl_sentinel,round_win = game_pnl > 0 (decisive only),COMPATIBILITY_ONLY_NOT_PRODUCTION,18421.3072,16785.3789,482.2964,300,285,-0.02618144,-0.00901077,-0.03175496,-0.02618144,-482.2964,18421.3072,OK,0.0000,19.2919,4.0000,96.0000,AG03-UNRESOLVED,ALL5_LEVELS_bet23_to_bet27,19.2919,19.2919,19.2919,19.2919,19.2919,4.000000,4.000000,4.000000,4.000000,4.000000,96.000000,96.000000,96.000000,96.000000,96.000000,5.0,96.4593,89.0451,385.8371,393.2513,PENDING_AG03,FALSE,NOT_FOR_ENFORCEMENT,463.0045,16113.9638,482.2964,463.0045,19.2919,0.02618144,0.02513418,19.2919,463.0045,0.02513418,19.2919,19.2919,19.2919,19.2919,19.2919,463.0045,0.02513418,96.4593,89.0451,385.8371,393.2513,0.02094515,0.02134763,0.00104726,61.4044,58.8961,1.6923,3.9211,2.3412,149.7667,2.3171,62.6970,60.9962,41.8926,42.3384,83.4468,160.8553,162.3351,164.1988,42.3384,-2.2539,3.834227,3.878245,1.450322,20,49,61,3,0.24505223,0.02618144,0.00901077,0E-8,0.000000,0.911194,0.000000,0.02274419,2026-03-22,2026-08-06,123,206,194,138,0.891304,1.027884,1.021051,0.816841,,,,,,,,GLOBAL_BASELINE_NO_ENTITY_RANKING,,,NOT_APPLICABLE_GLOBAL_BASELINE,HF9g-P5,,,,X 全窗基线 · 不参与实体赏罚,8393512,840,A168_HF9F_20260827_0900,2026-08-27 09:00:00
2026-08-01,97284850,1307,0,41.8223745843,-41.8223745843,-41.8223745843,0E-7,1,1,0.50665070000000000,0.506650700000,-1.013391052207602,-1.013391052207602,-1.013391052207602,0E-17,ELIGIBLE,R03b_20260811_FULL_v1,L1_ELIGIBILITY,v2026-08-11,2026-03-21..2026-08-06,baccarat_bet02_101_all_pairs_incl_sentinel,round_win = game_pnl > 0 (decisive only),COMPATIBILITY_ONLY_NOT_PRODUCTION,18421.3072,16785.3789,482.2964,300,285,-0.02618144,-0.00901077,-0.03175496,-0.02618144,-482.2964,18421.3072,OK,0.0000,19.2919,4.0000,96.0000,AG03-UNRESOLVED,ALL5_LEVELS_bet23_to_bet27,19.2919,19.2919,19.2919,19.2919,19.2919,4.000000,4.000000,4.000000,4.000000,4.000000,96.000000,96.000000,96.000000,96.000000,96.000000,5.0,96.4593,89.0451,385.8371,393.2513,PENDING_AG03,FALSE,NOT_FOR_ENFORCEMENT,463.0045,16113.9638,482.2964,463.0045,19.2919,0.02618144,0.02513418,19.2919,463.0045,0.02513418,19.2919,19.2919,19.2919,19.2919,19.2919,463.0045,0.02513418,96.4593,89.0451,385.8371,393.2513,0.02094515,0.02134763,0.00104726,61.4044,58.8961,1.6923,3.9211,2.3412,149.7667,2.3171,62.6970,60.9962,41.8926,42.3384,83.4468,160.8553,162.3351,164.1988,42.3384,-2.2539,3.834227,3.878245,1.450322,20,49,61,3,0.24505223,0.02618144,0.00901077,0E-8,0.000000,0.911194,0.000000,0.02274419,2026-03-22,2026-08-06,123,206,194,138,0.891304,1.027884,1.021051,0.816841,,,,,,,,GLOBAL_BASELINE_NO_ENTITY_RANKING,,,NOT_APPLICABLE_GLOBAL_BASELINE,HF9g-P5,,,,X 全窗基线 · 不参与实体赏罚,8393513,840,A168_HF9F_20260827_0900,2026-08-27 09:00:00
2026-08-03,97284850,1307,0,323.9625477419,-163.1072608790,-163.1072608790,0E-7,3,2,0.49049352869820147,0.393584825000,-0.9811644149628848,-0.8056272404023801,-0.9811644149628848,0.09690870369820147,ELIGIBLE,R03b_20260811_FULL_v1,L1_ELIGIBILITY,v2026-08-11,2026-03-21..2026-08-06,baccarat_bet02_101_all_pairs_incl_sentinel,round_win = game_pnl > 0 (decisive only),COMPATIBILITY_ONLY_NOT_PRODUCTION,18421.3072,16785.3789,482.2964,300,285,-0.02618144,-0.00901077,-0.03175496,-0.02618144,-482.2964,18421.3072,OK,0.0000,19.2919,4.0000,96.0000,AG03-UNRESOLVED,ALL5_LEVELS_bet23_to_bet27,19.2919,19.2919,19.2919,19.2919,19.2919,4.000000,4.000000,4.000000,4.000000,4.000000,96.000000,96.000000,96.000000,96.000000,96.000000,5.0,96.4593,89.0451,385.8371,393.2513,PENDING_AG03,FALSE,NOT_FOR_ENFORCEMENT,463.0045,16113.9638,482.2964,463.0045,19.2919,0.02618144,0.02513418,19.2919,463.0045,0.02513418,19.2919,19.2919,19.2919,19.2919,19.2919,463.0045,0.02513418,96.4593,89.0451,385.8371,393.2513,0.02094515,0.02134763,0.00104726,61.4044,58.8961,1.6923,3.9211,2.3412,149.7667,2.3171,62.6970,60.9962,41.8926,42.3384,83.4468,160.8553,162.3351,164.1988,42.3384,-2.2539,3.834227,3.878245,1.450322,20,49,61,3,0.24505223,0.02618144,0.00901077,0E-8,0.000000,0.911194,0.000000,0.02274419,2026-03-22,2026-08-06,123,206,194,138,0.891304,1.027884,1.021051,0.816841,,,,,,,,GLOBAL_BASELINE_NO_ENTITY_RANKING,,,NOT_APPLICABLE_GLOBAL_BASELINE,HF9g-P5,,,,X 全窗基线 · 不参与实体赏罚,8393514,840,A168_HF9F_20260827_0900,2026-08-27 09:00:00
2026-08-03,97284850,2288,0,123.3760050238,121.2848862946,121.2848862946,1.0000000,2,2,0.49994810000000000,0.499948100000,1.4143603653603398,1.4143603653603398,1.4143603653603398,0E-17,ELIGIBLE,R03b_20260811_FULL_v1,L1_ELIGIBILITY,v2026-08-11,2026-03-21..2026-08-06,baccarat_bet02_101_all_pairs_incl_sentinel,round_win = game_pnl > 0 (decisive only),COMPATIBILITY_ONLY_NOT_PRODUCTION,18421.3072,16785.3789,482.2964,300,285,-0.02618144,-0.00901077,-0.03175496,-0.02618144,-482.2964,18421.3072,OK,0.0000,19.2919,4.0000,96.0000,AG03-UNRESOLVED,ALL5_LEVELS_bet23_to_bet27,19.2919,19.2919,19.2919,19.2919,19.2919,4.000000,4.000000,4.000000,4.000000,4.000000,96.000000,96.000000,96.000000,96.000000,96.000000,5.0,96.4593,89.0451,385.8371,393.2513,PENDING_AG03,FALSE,NOT_FOR_ENFORCEMENT,463.0045,16113.9638,482.2964,463.0045,19.2919,0.02618144,0.02513418,19.2919,463.0045,0.02513418,19.2919,19.2919,19.2919,19.2919,19.2919,463.0045,0.02513418,96.4593,89.0451,385.8371,393.2513,0.02094515,0.02134763,0.00104726,61.4044,58.8961,1.6923,3.9211,2.3412,149.7667,2.3171,62.6970,60.9962,41.8926,42.3384,83.4468,160.8553,162.3351,164.1988,42.3384,-2.2539,3.834227,3.878245,1.450322,20,49,61,3,0.24505223,0.02618144,0.00901077,0E-8,0.000000,0.911194,0.000000,0.02274419,2026-03-22,2026-08-06,123,206,194,138,0.891304,1.027884,1.021051,0.816841,,,,,,,,GLOBAL_BASELINE_NO_ENTITY_RANKING,,,NOT_APPLICABLE_GLOBAL_BASELINE,HF9g-P5,,,,X 全窗基线 · 不参与实体赏罚,8393515,840,A168_HF9F_20260827_0900,2026-08-27 09:00:00
2026-08-05,97284850,-1,1,41.8223745843,0E-10,0E-10,,1,1,0.50665070000000000,0.506650700000,,,,0E-17,SENTINEL_DEALER,R03b_20260811_FULL_v1,L1_ELIGIBILITY,v2026-08-11,2026-03-21..2026-08-06,baccarat_bet02_101_all_pairs_incl_sentinel,round_win = game_pnl > 0 (decisive only),COMPATIBILITY_ONLY_NOT_PRODUCTION,18421.3072,16785.3789,482.2964,300,285,-0.02618144,-0.00901077,-0.03175496,-0.02618144,-482.2964,18421.3072,OK,0.0000,19.2919,4.0000,96.0000,AG03-UNRESOLVED,ALL5_LEVELS_bet23_to_bet27,19.2919,19.2919,19.2919,19.2919,19.2919,4.000000,4.000000,4.000000,4.000000,4.000000,96.000000,96.000000,96.000000,96.000000,96.000000,5.0,96.4593,89.0451,385.8371,393.2513,PENDING_AG03,FALSE,NOT_FOR_ENFORCEMENT,463.0045,16113.9638,482.2964,463.0045,19.2919,0.02618144,0.02513418,19.2919,463.0045,0.02513418,19.2919,19.2919,19.2919,19.2919,19.2919,463.0045,0.02513418,96.4593,89.0451,385.8371,393.2513,0.02094515,0.02134763,0.00104726,61.4044,58.8961,1.6923,3.9211,2.3412,149.7667,2.3171,62.6970,60.9962,41.8926,42.3384,83.4468,160.8553,162.3351,164.1988,42.3384,-2.2539,3.834227,3.878245,1.450322,20,49,61,3,0.24505223,0.02618144,0.00901077,0E-8,0.000000,0.911194,0.000000,0.02274419,2026-03-22,2026-08-06,123,206,194,138,0.891304,1.027884,1.021051,0.816841,,,,,,,,GLOBAL_BASELINE_NO_ENTITY_RANKING,,,NOT_APPLICABLE_GLOBAL_BASELINE,HF9g-P5,,,,X 全窗基线 · 不参与实体赏罚,8393516,840,A168_HF9F_20260827_0900,2026-08-27 09:00:00
2026-08-05,97284850,1205,0,41.8223745843,-41.8223745843,-41.8223745843,0E-7,1,1,0.50665070000000000,0.506650700000,-1.013391052207602,-1.013391052207602,-1.013391052207602,0E-17,ELIGIBLE,R03b_20260811_FULL_v1,L1_ELIGIBILITY,v2026-08-11,2026-03-21..2026-08-06,baccarat_bet02_101_all_pairs_incl_sentinel,round_win = game_pnl > 0 (decisive only),COMPATIBILITY_ONLY_NOT_PRODUCTION,18421.3072,16785.3789,482.2964,300,285,-0.02618144,-0.00901077,-0.03175496,-0.02618144,-482.2964,18421.3072,OK,0.0000,19.2919,4.0000,96.0000,AG03-UNRESOLVED,ALL5_LEVELS_bet23_to_bet27,19.2919,19.2919,19.2919,19.2919,19.2919,4.000000,4.000000,4.000000,4.000000,4.000000,96.000000,96.000000,96.000000,96.000000,96.000000,5.0,96.4593,89.0451,385.8371,393.2513,PENDING_AG03,FALSE,NOT_FOR_ENFORCEMENT,463.0045,16113.9638,482.2964,463.0045,19.2919,0.02618144,0.02513418,19.2919,463.0045,0.02513418,19.2919,19.2919,19.2919,19.2919,19.2919,463.0045,0.02513418,96.4593,89.0451,385.8371,393.2513,0.02094515,0.02134763,0.00104726,61.4044,58.8961,1.6923,3.9211,2.3412,149.7667,2.3171,62.6970,60.9962,41.8926,42.3384,83.4468,160.8553,162.3351,164.1988,42.3384,-2.2539,3.834227,3.878245,1.450322,20,49,61,3,0.24505223,0.02618144,0.00901077,0E-8,0.000000,0.911194,0.000000,0.02274419,2026-03-22,2026-08-06,123,206,194,138,0.891304,1.027884,1.021051,0.816841,,,,,,,,GLOBAL_BASELINE_NO_ENTITY_RANKING,,,NOT_APPLICABLE_GLOBAL_BASELINE,HF9g-P5,,,,X 全窗基线 · 不参与实体赏罚,8393517,840,A168_HF9F_20260827_0900,2026-08-27 09:00:00
2026-08-06,97284850,-1,1,41.8223745843,41.8223745843,41.8223745843,1.0000000,1,1,0.49324550000000000,0.493245500000,1.01360149184955,1.01360149184955,1.01360149184955,0E-17,SENTINEL_DEALER,R03b_20260811_FULL_v1,L1_ELIGIBILITY,v2026-08-11,2026-03-21..2026-08-06,baccarat_bet02_101_all_pairs_incl_sentinel,round_win = game_pnl > 0 (decisive only),COMPATIBILITY_ONLY_NOT_PRODUCTION,18421.3072,16785.3789,482.2964,300,285,-0.02618144,-0.00901077,-0.03175496,-0.02618144,-482.2964,18421.3072,OK,0.0000,19.2919,4.0000,96.0000,AG03-UNRESOLVED,ALL5_LEVELS_bet23_to_bet27,19.2919,19.2919,19.2919,19.2919,19.2919,4.000000,4.000000,4.000000,4.000000,4.000000,96.000000,96.000000,96.000000,96.000000,96.000000,5.0,96.4593,89.0451,385.8371,393.2513,PENDING_AG03,FALSE,NOT_FOR_ENFORCEMENT,463.0045,16113.9638,482.2964,463.0045,19.2919,0.02618144,0.02513418,19.2919,463.0045,0.02513418,19.2919,19.2919,19.2919,19.2919,19.2919,463.0045,0.02513418,96.4593,89.0451,385.8371,393.2513,0.02094515,0.02134763,0.00104726,61.4044,58.8961,1.6923,3.9211,2.3412,149.7667,2.3171,62.6970,60.9962,41.8926,42.3384,83.4468,160.8553,162.3351,164.1988,42.3384,-2.2539,3.834227,3.878245,1.450322,20,49,61,3,0.24505223,0.02618144,0.00901077,0E-8,0.000000,0.911194,0.000000,0.02274419,2026-03-22,2026-08-06,123,206,194,138,0.891304,1.027884,1.021051,0.816841,,,,,,,,GLOBAL_BASELINE_NO_ENTITY_RANKING,,,NOT_APPLICABLE_GLOBAL_BASELINE,HF9g-P5,,,,X 全窗基线 · 不参与实体赏罚,8393518,840,A168_HF9F_20260827_0900,2026-08-27 09:00:00
2026-08-06,97284850,2123,0,167.2894983374,-83.6447491687,-83.6447491687,0E-7,2,2,0.49324550000000000,0.493245500000,-0.9865810262130424,-0.9865810262130424,-0.9865810262130424,0E-17,ELIGIBLE,R03b_20260811_FULL_v1,L1_ELIGIBILITY,v2026-08-11,2026-03-21..2026-08-06,baccarat_bet02_101_all_pairs_incl_sentinel,round_win = game_pnl > 0 (decisive only),COMPATIBILITY_ONLY_NOT_PRODUCTION,18421.3072,16785.3789,482.2964,300,285,-0.02618144,-0.00901077,-0.03175496,-0.02618144,-482.2964,18421.3072,OK,0.0000,19.2919,4.0000,96.0000,AG03-UNRESOLVED,ALL5_LEVELS_bet23_to_bet27,19.2919,19.2919,19.2919,19.2919,19.2919,4.000000,4.000000,4.000000,4.000000,4.000000,96.000000,96.000000,96.000000,96.000000,96.000000,5.0,96.4593,89.0451,385.8371,393.2513,PENDING_AG03,FALSE,NOT_FOR_ENFORCEMENT,463.0045,16113.9638,482.2964,463.0045,19.2919,0.02618144,0.02513418,19.2919,463.0045,0.02513418,19.2919,19.2919,19.2919,19.2919,19.2919,463.0045,0.02513418,96.4593,89.0451,385.8371,393.2513,0.02094515,0.02134763,0.00104726,61.4044,58.8961,1.6923,3.9211,2.3412,149.7667,2.3171,62.6970,60.9962,41.8926,42.3384,83.4468,160.8553,162.3351,164.1988,42.3384,-2.2539,3.834227,3.878245,1.450322,20,49,61,3,0.24505223,0.02618144,0.00901077,0E-8,0.000000,0.911194,0.000000,0.02274419,2026-03-22,2026-08-06,123,206,194,138,0.891304,1.027884,1.021051,0.816841,,,,,,,,GLOBAL_BASELINE_NO_ENTITY_RANKING,,,NOT_APPLICABLE_GLOBAL_BASELINE,HF9g-P5,,,,X 全窗基线 · 不参与实体赏罚,8393519,840,A168_HF9F_20260827_0900,2026-08-27 09:00:00
2026-03-22,145613033,1004,0,439.7398425363,269.1102509413,269.1102509413,0.7142857,7,7,0.50282064285714286,0.502820642857,1.1189857854549734,1.1189857854557275,1.1189857854549734,1.4286E-13,ELIGIBLE,R03b_20260811_FULL_v1,L1_ELIGIBILITY,v2026-08-11,2026-03-21..2026-08-06,baccarat_bet02_101_all_pairs_incl_sentinel,round_win = game_pnl > 0 (decisive only),COMPATIBILITY_ONLY_NOT_PRODUCTION,36307.0055,32588.7024,482.3135,544,541,-0.01328431,-0.00682849,-0.01448415,-0.01328431,-482.3135,36307.0055,OK,0.0000,19.2925,4.0000,96.0000,AG03-UNRESOLVED,ALL5_LEVELS_bet23_to_bet27,19.2925,19.2925,24.1157,24.1157,24.1157,4.000000,4.000000,5.000000,5.000000,5.000000,96.000000,96.000000,95.000000,95.000000,95.000000,5.0,110.9321,101.2102,371.3814,381.1033,PENDING_AG03,FALSE,NOT_FOR_ENFORCEMENT,463.0210,31285.1543,482.3135,463.0210,19.2925,0.01328431,0.01275294,19.2925,463.0210,0.01275294,19.2925,19.2925,24.1157,24.1157,24.1157,463.0210,0.01275294,110.9321,101.2102,371.3814,381.1033,0.01022892,0.01049669,0.00053137,66.7408,60.2379,0.8915,19.2925,2.0970,1452.2802,21.6400,82.4672,64.4564,51.4311,63.5556,77.8372,103.2711,130.8798,158.4328,54.3647,0.0,2.059297,2.492824,1.050118,28,101,29,4,0.15672563,0.01328431,0.00682849,0E-8,0.000000,0.897587,0.000000,0.00765565,2026-03-22,2026-07-16,25,230,165,117,0.213675,1.279427,1.235634,0.522419,,,,,,,,GLOBAL_BASELINE_NO_ENTITY_RANKING,,,NOT_APPLICABLE_GLOBAL_BASELINE,HF9g-P5,,,,X 全窗基线 · 不参与实体赏罚,8393520,840,A168_HF9F_20260827_0900,2026-08-27 09:00:00
2026-03-22,145613033,2141,0,78.9951812939,-78.9951812939,-78.9951812939,0E-7,1,1,0.50665070000000000,0.506650700000,-1.013391052207602,-1.013391052207602,-1.013391052207602,0E-17,ELIGIBLE,R03b_20260811_FULL_v1,L1_ELIGIBILITY,v2026-08-11,2026-03-21..2026-08-06,baccarat_bet02_101_all_pairs_incl_sentinel,round_win = game_pnl > 0 (decisive only),COMPATIBILITY_ONLY_NOT_PRODUCTION,36307.0055,32588.7024,482.3135,544,541,-0.01328431,-0.00682849,-0.01448415,-0.01328431,-482.3135,36307.0055,OK,0.0000,19.2925,4.0000,96.0000,AG03-UNRESOLVED,ALL5_LEVELS_bet23_to_bet27,19.2925,19.2925,24.1157,24.1157,24.1157,4.000000,4.000000,5.000000,5.000000,5.000000,96.000000,96.000000,95.000000,95.000000,95.000000,5.0,110.9321,101.2102,371.3814,381.1033,PENDING_AG03,FALSE,NOT_FOR_ENFORCEMENT,463.0210,31285.1543,482.3135,463.0210,19.2925,0.01328431,0.01275294,19.2925,463.0210,0.01275294,19.2925,19.2925,24.1157,24.1157,24.1157,463.0210,0.01275294,110.9321,101.2102,371.3814,381.1033,0.01022892,0.01049669,0.00053137,66.7408,60.2379,0.8915,19.2925,2.0970,1452.2802,21.6400,82.4672,64.4564,51.4311,63.5556,77.8372,103.2711,130.8798,158.4328,54.3647,0.0,2.059297,2.492824,1.050118,28,101,29,4,0.15672563,0.01328431,0.00682849,0E-8,0.000000,0.897587,0.000000,0.00765565,2026-03-22,2026-07-16,25,230,165,117,0.213675,1.279427,1.235634,0.522419,,,,,,,,GLOBAL_BASELINE_NO_ENTITY_RANKING,,,NOT_APPLICABLE_GLOBAL_BASELINE,HF9g-P5,,,,X 全窗基线 · 不参与实体赏罚,8393521,840,A168_HF9F_20260827_0900,2026-08-27 09:00:00
2026-03-22,145613033,2175,0,26.3317270980,-26.3317270980,-26.3317270980,0E-7,1,1,0.50665070000000000,0.506650700000,-1.013391052207602,-1.013391052207602,-1.013391052207602,0E-17,ELIGIBLE,R03b_20260811_FULL_v1,L1_ELIGIBILITY,v2026-08-11,2026-03-21..2026-08-06,baccarat_bet02_101_all_pairs_incl_sentinel,round_win = game_pnl > 0 (decisive only),COMPATIBILITY_ONLY_NOT_PRODUCTION,36307.0055,32588.7024,482.3135,544,541,-0.01328431,-0.00682849,-0.01448415,-0.01328431,-482.3135,36307.0055,OK,0.0000,19.2925,4.0000,96.0000,AG03-UNRESOLVED,ALL5_LEVELS_bet23_to_bet27,19.2925,19.2925,24.1157,24.1157,24.1157,4.000000,4.000000,5.000000,5.000000,5.000000,96.000000,96.000000,95.000000,95.000000,95.000000,5.0,110.9321,101.2102,371.3814,381.1033,PENDING_AG03,FALSE,NOT_FOR_ENFORCEMENT,463.0210,31285.1543,482.3135,463.0210,19.2925,0.01328431,0.01275294,19.2925,463.0210,0.01275294,19.2925,19.2925,24.1157,24.1157,24.1157,463.0210,0.01275294,110.9321,101.2102,371.3814,381.1033,0.01022892,0.01049669,0.00053137,66.7408,60.2379,0.8915,19.2925,2.0970,1452.2802,21.6400,82.4672,64.4564,51.4311,63.5556,77.8372,103.2711,130.8798,158.4328,54.3647,0.0,2.059297,2.492824,1.050118,28,101,29,4,0.15672563,0.01328431,0.00682849,0E-8,0.000000,0.897587,0.000000,0.00765565,2026-03-22,2026-07-16,25,230,165,117,0.213675,1.279427,1.235634,0.522419,,,,,,,,GLOBAL_BASELINE_NO_ENTITY_RANKING,,,NOT_APPLICABLE_GLOBAL_BASELINE,HF9g-P5,,,,X 全窗基线 · 不参与实体赏罚,8393522,840,A168_HF9F_20260827_0900,2026-08-27 09:00:00
2026-03-22,145613033,2188,0,110.5932538116,-5.2663454196,-5.2663454196,0.5000000,2,2,0.49994810000000000,0.499948100000,0.00014679536856514622,0.00014679536856514622,0.00014679536856514622,0E-17,ELIGIBLE,R03b_20260811_FULL_v1,L1_ELIGIBILITY,v2026-08-11,2026-03-21..2026-08-06,baccarat_bet02_101_all_pairs_incl_sentinel,round_win = game_pnl > 0 (decisive only),COMPATIBILITY_ONLY_NOT_PRODUCTION,36307.0055,32588.7024,482.3135,544,541,-0.01328431,-0.00682849,-0.01448415,-0.01328431,-482.3135,36307.0055,OK,0.0000,19.2925,4.0000,96.0000,AG03-UNRESOLVED,ALL5_LEVELS_bet23_to_bet27,19.2925,19.2925,24.1157,24.1157,24.1157,4.000000,4.000000,5.000000,5.000000,5.000000,96.000000,96.000000,95.000000,95.000000,95.000000,5.0,110.9321,101.2102,371.3814,381.1033,PENDING_AG03,FALSE,NOT_FOR_ENFORCEMENT,463.0210,31285.1543,482.3135,463.0210,19.2925,0.01328431,0.01275294,19.2925,463.0210,0.01275294,19.2925,19.2925,24.1157,24.1157,24.1157,463.0210,0.01275294,110.9321,101.2102,371.3814,381.1033,0.01022892,0.01049669,0.00053137,66.7408,60.2379,0.8915,19.2925,2.0970,1452.2802,21.6400,82.4672,64.4564,51.4311,63.5556,77.8372,103.2711,130.8798,158.4328,54.3647,0.0,2.059297,2.492824,1.050118,28,101,29,4,0.15672563,0.01328431,0.00682849,0E-8,0.000000,0.897587,0.000000,0.00765565,2026-03-22,2026-07-16,25,230,165,117,0.213675,1.279427,1.235634,0.522419,,,,,,,,GLOBAL_BASELINE_NO_ENTITY_RANKING,,,NOT_APPLICABLE_GLOBAL_BASELINE,HF9g-P5,,,,X 全窗基线 · 不参与实体赏罚,8393523,840,A168_HF9F_20260827_0900,2026-08-27 09:00:00
2026-03-22,145613033,2212,0,26.3317270980,0E-10,0E-10,,1,1,0.50665070000000000,0.506650700000,,,,0E-17,NO_DECISIVE_ROUND,R03b_20260811_FULL_v1,L1_ELIGIBILITY,v2026-08-11,2026-03-21..2026-08-06,baccarat_bet02_101_all_pairs_incl_sentinel,round_win = game_pnl > 0 (decisive only),COMPATIBILITY_ONLY_NOT_PRODUCTION,36307.0055,32588.7024,482.3135,544,541,-0.01328431,-0.00682849,-0.01448415,-0.01328431,-482.3135,36307.0055,OK,0.0000,19.2925,4.0000,96.0000,AG03-UNRESOLVED,ALL5_LEVELS_bet23_to_bet27,19.2925,19.2925,24.1157,24.1157,24.1157,4.000000,4.000000,5.000000,5.000000,5.000000,96.000000,96.000000,95.000000,95.000000,95.000000,5.0,110.9321,101.2102,371.3814,381.1033,PENDING_AG03,FALSE,NOT_FOR_ENFORCEMENT,463.0210,31285.1543,482.3135,463.0210,19.2925,0.01328431,0.01275294,19.2925,463.0210,0.01275294,19.2925,19.2925,24.1157,24.1157,24.1157,463.0210,0.01275294,110.9321,101.2102,371.3814,381.1033,0.01022892,0.01049669,0.00053137,66.7408,60.2379,0.8915,19.2925,2.0970,1452.2802,21.6400,82.4672,64.4564,51.4311,63.5556,77.8372,103.2711,130.8798,158.4328,54.3647,0.0,2.059297,2.492824,1.050118,28,101,29,4,0.15672563,0.01328431,0.00682849,0E-8,0.000000,0.897587,0.000000,0.00765565,2026-03-22,2026-07-16,25,230,165,117,0.213675,1.279427,1.235634,0.522419,,,,,,,,GLOBAL_BASELINE_NO_ENTITY_RANKING,,,NOT_APPLICABLE_GLOBAL_BASELINE,HF9g-P5,,,,X 全窗基线 · 不参与实体赏罚,8393524,840,A168_HF9F_20260827_0900,2026-08-27 09:00:00
2026-03-23,145613033,-1,1,53.1900887379,0E-10,0E-10,,1,1,0.49324550000000000,0.493245500000,,,,0E-17,SENTINEL_DEALER,R03b_20260811_FULL_v1,L1_ELIGIBILITY,v2026-08-11,2026-03-21..2026-08-06,baccarat_bet02_101_all_pairs_incl_sentinel,round_win = game_pnl > 0 (decisive only),COMPATIBILITY_ONLY_NOT_PRODUCTION,36307.0055,32588.7024,482.3135,544,541,-0.01328431,-0.00682849,-0.01448415,-0.01328431,-482.3135,36307.0055,OK,0.0000,19.2925,4.0000,96.0000,AG03-UNRESOLVED,ALL5_LEVELS_bet23_to_bet27,19.2925,19.2925,24.1157,24.1157,24.1157,4.000000,4.000000,5.000000,5.000000,5.000000,96.000000,96.000000,95.000000,95.000000,95.000000,5.0,110.9321,101.2102,371.3814,381.1033,PENDING_AG03,FALSE,NOT_FOR_ENFORCEMENT,463.0210,31285.1543,482.3135,463.0210,19.2925,0.01328431,0.01275294,19.2925,463.0210,0.01275294,19.2925,19.2925,24.1157,24.1157,24.1157,463.0210,0.01275294,110.9321,101.2102,371.3814,381.1033,0.01022892,0.01049669,0.00053137,66.7408,60.2379,0.8915,19.2925,2.0970,1452.2802,21.6400,82.4672,64.4564,51.4311,63.5556,77.8372,103.2711,130.8798,158.4328,54.3647,0.0,2.059297,2.492824,1.050118,28,101,29,4,0.15672563,0.01328431,0.00682849,0E-8,0.000000,0.897587,0.000000,0.00765565,2026-03-22,2026-07-16,25,230,165,117,0.213675,1.279427,1.235634,0.522419,,,,,,,,GLOBAL_BASELINE_NO_ENTITY_RANKING,,,NOT_APPLICABLE_GLOBAL_BASELINE,HF9g-P5,,,,X 全窗基线 · 不参与实体赏罚,8393525,840,A168_HF9F_20260827_0900,2026-08-27 09:00:00
2026-03-23,145613033,1151,0,436.0534007428,104.1946441267,104.1946441267,0.6250000,9,9,0.50367176666666667,0.503671766667,0.6863546392532456,0.6863546392513633,0.6863546392532456,-3.3333E-13,ELIGIBLE,R03b_20260811_FULL_v1,L1_ELIGIBILITY,v2026-08-11,2026-03-21..2026-08-06,baccarat_bet02_101_all_pairs_incl_sentinel,round_win = game_pnl > 0 (decisive only),COMPATIBILITY_ONLY_NOT_PRODUCTION,36307.0055,32588.7024,482.3135,544,541,-0.01328431,-0.00682849,-0.01448415,-0.01328431,-482.3135,36307.0055,OK,0.0000,19.2925,4.0000,96.0000,AG03-UNRESOLVED,ALL5_LEVELS_bet23_to_bet27,19.2925,19.2925,24.1157,24.1157,24.1157,4.000000,4.000000,5.000000,5.000000,5.000000,96.000000,96.000000,95.000000,95.000000,95.000000,5.0,110.9321,101.2102,371.3814,381.1033,PENDING_AG03,FALSE,NOT_FOR_ENFORCEMENT,463.0210,31285.1543,482.3135,463.0210,19.2925,0.01328431,0.01275294,19.2925,463.0210,0.01275294,19.2925,19.2925,24.1157,24.1157,24.1157,463.0210,0.01275294,110.9321,101.2102,371.3814,381.1033,0.01022892,0.01049669,0.00053137,66.7408,60.2379,0.8915,19.2925,2.0970,1452.2802,21.6400,82.4672,64.4564,51.4311,63.5556,77.8372,103.2711,130.8798,158.4328,54.3647,0.0,2.059297,2.492824,1.050118,28,101,29,4,0.15672563,0.01328431,0.00682849,0E-8,0.000000,0.897587,0.000000,0.00765565,2026-03-22,2026-07-16,25,230,165,117,0.213675,1.279427,1.235634,0.522419,,,,,,,,GLOBAL_BASELINE_NO_ENTITY_RANKING,,,NOT_APPLICABLE_GLOBAL_BASELINE,HF9g-P5,,,,X 全窗基线 · 不参与实体赏罚,8393526,840,A168_HF9F_20260827_0900,2026-08-27 09:00:00
2026-03-23,145613033,1304,0,78.9951812939,75.0454222292,75.0454222292,1.0000000,1,1,0.50665070000000000,0.506650700000,0.9867858985152569,0.9867858985152569,0.9867858985152569,0E-17,ELIGIBLE,R03b_20260811_FULL_v1,L1_ELIGIBILITY,v2026-08-11,2026-03-21..2026-08-06,baccarat_bet02_101_all_pairs_incl_sentinel,round_win = game_pnl > 0 (decisive only),COMPATIBILITY_ONLY_NOT_PRODUCTION,36307.0055,32588.7024,482.3135,544,541,-0.01328431,-0.00682849,-0.01448415,-0.01328431,-482.3135,36307.0055,OK,0.0000,19.2925,4.0000,96.0000,AG03-UNRESOLVED,ALL5_LEVELS_bet23_to_bet27,19.2925,19.2925,24.1157,24.1157,24.1157,4.000000,4.000000,5.000000,5.000000,5.000000,96.000000,96.000000,95.000000,95.000000,95.000000,5.0,110.9321,101.2102,371.3814,381.1033,PENDING_AG03,FALSE,NOT_FOR_ENFORCEMENT,463.0210,31285.1543,482.3135,463.0210,19.2925,0.01328431,0.01275294,19.2925,463.0210,0.01275294,19.2925,19.2925,24.1157,24.1157,24.1157,463.0210,0.01275294,110.9321,101.2102,371.3814,381.1033,0.01022892,0.01049669,0.00053137,66.7408,60.2379,0.8915,19.2925,2.0970,1452.2802,21.6400,82.4672,64.4564,51.4311,63.5556,77.8372,103.2711,130.8798,158.4328,54.3647,0.0,2.059297,2.492824,1.050118,28,101,29,4,0.15672563,0.01328431,0.00682849,0E-8,0.000000,0.897587,0.000000,0.00765565,2026-03-22,2026-07-16,25,230,165,117,0.213675,1.279427,1.235634,0.522419,,,,,,,,GLOBAL_BASELINE_NO_ENTITY_RANKING,,,NOT_APPLICABLE_GLOBAL_BASELINE,HF9g-P5,,,,X 全窗基线 · 不参与实体赏罚,8393527,840,A168_HF9F_20260827_0900,2026-08-27 09:00:00
2026-03-23,145613033,1306,0,110.5932538115,-110.5932538115,-110.5932538115,0E-7,2,2,0.49324550000000000,0.493245500000,-1.3952362676504506,-1.3952362676504506,-1.3952362676504506,0E-17,ELIGIBLE,R03b_20260811_FULL_v1,L1_ELIGIBILITY,v2026-08-11,2026-03-21..2026-08-06,baccarat_bet02_101_all_pairs_incl_sentinel,round_win = game_pnl > 0 (decisive only),COMPATIBILITY_ONLY_NOT_PRODUCTION,36307.0055,32588.7024,482.3135,544,541,-0.01328431,-0.00682849,-0.01448415,-0.01328431,-482.3135,36307.0055,OK,0.0000,19.2925,4.0000,96.0000,AG03-UNRESOLVED,ALL5_LEVELS_bet23_to_bet27,19.2925,19.2925,24.1157,24.1157,24.1157,4.000000,4.000000,5.000000,5.000000,5.000000,96.000000,96.000000,95.000000,95.000000,95.000000,5.0,110.9321,101.2102,371.3814,381.1033,PENDING_AG03,FALSE,NOT_FOR_ENFORCEMENT,463.0210,31285.1543,482.3135,463.0210,19.2925,0.01328431,0.01275294,19.2925,463.0210,0.01275294,19.2925,19.2925,24.1157,24.1157,24.1157,463.0210,0.01275294,110.9321,101.2102,371.3814,381.1033,0.01022892,0.01049669,0.00053137,66.7408,60.2379,0.8915,19.2925,2.0970,1452.2802,21.6400,82.4672,64.4564,51.4311,63.5556,77.8372,103.2711,130.8798,158.4328,54.3647,0.0,2.059297,2.492824,1.050118,28,101,29,4,0.15672563,0.01328431,0.00682849,0E-8,0.000000,0.897587,0.000000,0.00765565,2026-03-22,2026-07-16,25,230,165,117,0.213675,1.279427,1.235634,0.522419,,,,,,,,GLOBAL_BASELINE_NO_ENTITY_RANKING,,,NOT_APPLICABLE_GLOBAL_BASELINE,HF9g-P5,,,,X 全窗基线 · 不参与实体赏罚,8393528,840,A168_HF9F_20260827_0900,2026-08-27 09:00:00
2026-03-23,145613033,1401,0,92.1610448429,-92.1610448429,-92.1610448429,0E-7,1,1,0.50665070000000000,0.506650700000,-1.013391052207602,-1.013391052207602,-1.013391052207602,0E-17,ELIGIBLE,R03b_20260811_FULL_v1,L1_ELIGIBILITY,v2026-08-11,2026-03-21..2026-08-06,baccarat_bet02_101_all_pairs_incl_sentinel,round_win = game_pnl > 0 (decisive only),COMPATIBILITY_ONLY_NOT_PRODUCTION,36307.0055,32588.7024,482.3135,544,541,-0.01328431,-0.00682849,-0.01448415,-0.01328431,-482.3135,36307.0055,OK,0.0000,19.2925,4.0000,96.0000,AG03-UNRESOLVED,ALL5_LEVELS_bet23_to_bet27,19.2925,19.2925,24.1157,24.1157,24.1157,4.000000,4.000000,5.000000,5.000000,5.000000,96.000000,96.000000,95.000000,95.000000,95.000000,5.0,110.9321,101.2102,371.3814,381.1033,PENDING_AG03,FALSE,NOT_FOR_ENFORCEMENT,463.0210,31285.1543,482.3135,463.0210,19.2925,0.01328431,0.01275294,19.2925,463.0210,0.01275294,19.2925,19.2925,24.1157,24.1157,24.1157,463.0210,0.01275294,110.9321,101.2102,371.3814,381.1033,0.01022892,0.01049669,0.00053137,66.7408,60.2379,0.8915,19.2925,2.0970,1452.2802,21.6400,82.4672,64.4564,51.4311,63.5556,77.8372,103.2711,130.8798,158.4328,54.3647,0.0,2.059297,2.492824,1.050118,28,101,29,4,0.15672563,0.01328431,0.00682849,0E-8,0.000000,0.897587,0.000000,0.00765565,2026-03-22,2026-07-16,25,230,165,117,0.213675,1.279427,1.235634,0.522419,,,,,,,,GLOBAL_BASELINE_NO_ENTITY_RANKING,,,NOT_APPLICABLE_GLOBAL_BASELINE,HF9g-P5,,,,X 全窗基线 · 不参与实体赏罚,8393529,840,A168_HF9F_20260827_0900,2026-08-27 09:00:00
2026-03-23,145613033,1942,0,52.6634541960,-52.6634541960,-52.6634541960,0E-7,1,1,0.50665070000000000,0.506650700000,-1.013391052207602,-1.013391052207602,-1.013391052207602,0E-17,ELIGIBLE,R03b_20260811_FULL_v1,L1_ELIGIBILITY,v2026-08-11,2026-03-21..2026-08-06,baccarat_bet02_101_all_pairs_incl_sentinel,round_win = game_pnl > 0 (decisive only),COMPATIBILITY_ONLY_NOT_PRODUCTION,36307.0055,32588.7024,482.3135,544,541,-0.01328431,-0.00682849,-0.01448415,-0.01328431,-482.3135,36307.0055,OK,0.0000,19.2925,4.0000,96.0000,AG03-UNRESOLVED,ALL5_LEVELS_bet23_to_bet27,19.2925,19.2925,24.1157,24.1157,24.1157,4.000000,4.000000,5.000000,5.000000,5.000000,96.000000,96.000000,95.000000,95.000000,95.000000,5.0,110.9321,101.2102,371.3814,381.1033,PENDING_AG03,FALSE,NOT_FOR_ENFORCEMENT,463.0210,31285.1543,482.3135,463.0210,19.2925,0.01328431,0.01275294,19.2925,463.0210,0.01275294,19.2925,19.2925,24.1157,24.1157,24.1157,463.0210,0.01275294,110.9321,101.2102,371.3814,381.1033,0.01022892,0.01049669,0.00053137,66.7408,60.2379,0.8915,19.2925,2.0970,1452.2802,21.6400,82.4672,64.4564,51.4311,63.5556,77.8372,103.2711,130.8798,158.4328,54.3647,0.0,2.059297,2.492824,1.050118,28,101,29,4,0.15672563,0.01328431,0.00682849,0E-8,0.000000,0.897587,0.000000,0.00765565,2026-03-22,2026-07-16,25,230,165,117,0.213675,1.279427,1.235634,0.522419,,,,,,,,GLOBAL_BASELINE_NO_ENTITY_RANKING,,,NOT_APPLICABLE_GLOBAL_BASELINE,HF9g-P5,,,,X 全窗基线 · 不参与实体赏罚,8393530,840,A168_HF9F_20260827_0900,2026-08-27 09:00:00
2026-03-23,145613033,2155,0,105.3269083920,-105.3269083920,-105.3269083920,0E-7,2,2,0.50665070000000000,0.506650700000,-1.4331513700195317,-1.4331513700195317,-1.4331513700195317,0E-17,ELIGIBLE,R03b_20260811_FULL_v1,L1_ELIGIBILITY,v2026-08-11,2026-03-21..2026-08-06,baccarat_bet02_101_all_pairs_incl_sentinel,round_win = game_pnl > 0 (decisive only),COMPATIBILITY_ONLY_NOT_PRODUCTION,36307.0055,32588.7024,482.3135,544,541,-0.01328431,-0.00682849,-0.01448415,-0.01328431,-482.3135,36307.0055,OK,0.0000,19.2925,4.0000,96.0000,AG03-UNRESOLVED,ALL5_LEVELS_bet23_to_bet27,19.2925,19.2925,24.1157,24.1157,24.1157,4.000000,4.000000,5.000000,5.000000,5.000000,96.000000,96.000000,95.000000,95.000000,95.000000,5.0,110.9321,101.2102,371.3814,381.1033,PENDING_AG03,FALSE,NOT_FOR_ENFORCEMENT,463.0210,31285.1543,482.3135,463.0210,19.2925,0.01328431,0.01275294,19.2925,463.0210,0.01275294,19.2925,19.2925,24.1157,24.1157,24.1157,463.0210,0.01275294,110.9321,101.2102,371.3814,381.1033,0.01022892,0.01049669,0.00053137,66.7408,60.2379,0.8915,19.2925,2.0970,1452.2802,21.6400,82.4672,64.4564,51.4311,63.5556,77.8372,103.2711,130.8798,158.4328,54.3647,0.0,2.059297,2.492824,1.050118,28,101,29,4,0.15672563,0.01328431,0.00682849,0E-8,0.000000,0.897587,0.000000,0.00765565,2026-03-22,2026-07-16,25,230,165,117,0.213675,1.279427,1.235634,0.522419,,,,,,,,GLOBAL_BASELINE_NO_ENTITY_RANKING,,,NOT_APPLICABLE_GLOBAL_BASELINE,HF9g-P5,,,,X 全窗基线 · 不参与实体赏罚,8393531,840,A168_HF9F_20260827_0900,2026-08-27 09:00:00
2026-03-23,145613033,2202,0,53.1900887379,-53.1900887379,-53.1900887379,0E-7,1,1,0.50665070000000000,0.506650700000,-1.013391052207602,-1.013391052207602,-1.013391052207602,0E-17,ELIGIBLE,R03b_20260811_FULL_v1,L1_ELIGIBILITY,v2026-08-11,2026-03-21..2026-08-06,baccarat_bet02_101_all_pairs_incl_sentinel,round_win = game_pnl > 0 (decisive only),COMPATIBILITY_ONLY_NOT_PRODUCTION,36307.0055,32588.7024,482.3135,544,541,-0.01328431,-0.00682849,-0.01448415,-0.01328431,-482.3135,36307.0055,OK,0.0000,19.2925,4.0000,96.0000,AG03-UNRESOLVED,ALL5_LEVELS_bet23_to_bet27,19.2925,19.2925,24.1157,24.1157,24.1157,4.000000,4.000000,5.000000,5.000000,5.000000,96.000000,96.000000,95.000000,95.000000,95.000000,5.0,110.9321,101.2102,371.3814,381.1033,PENDING_AG03,FALSE,NOT_FOR_ENFORCEMENT,463.0210,31285.1543,482.3135,463.0210,19.2925,0.01328431,0.01275294,19.2925,463.0210,0.01275294,19.2925,19.2925,24.1157,24.1157,24.1157,463.0210,0.01275294,110.9321,101.2102,371.3814,381.1033,0.01022892,0.01049669,0.00053137,66.7408,60.2379,0.8915,19.2925,2.0970,1452.2802,21.6400,82.4672,64.4564,51.4311,63.5556,77.8372,103.2711,130.8798,158.4328,54.3647,0.0,2.059297,2.492824,1.050118,28,101,29,4,0.15672563,0.01328431,0.00682849,0E-8,0.000000,0.897587,0.000000,0.00765565,2026-03-22,2026-07-16,25,230,165,117,0.213675,1.279427,1.235634,0.522419,,,,,,,,GLOBAL_BASELINE_NO_ENTITY_RANKING,,,NOT_APPLICABLE_GLOBAL_BASELINE,HF9g-P5,,,,X 全窗基线 · 不参与实体赏罚,8393532,840,A168_HF9F_20260827_0900,2026-08-27 09:00:00
2026-03-23,145613033,2246,0,429.2071516970,115.8595992310,115.8595992310,0.6666667,6,6,0.49994810000000000,0.499948100000,0.8167508423630434,0.8167508423630434,0.8167508423630434,0E-17,ELIGIBLE,R03b_20260811_FULL_v1,L1_ELIGIBILITY,v2026-08-11,2026-03-21..2026-08-06,baccarat_bet02_101_all_pairs_incl_sentinel,round_win = game_pnl > 0 (decisive only),COMPATIBILITY_ONLY_NOT_PRODUCTION,36307.0055,32588.7024,482.3135,544,541,-0.01328431,-0.00682849,-0.01448415,-0.01328431,-482.3135,36307.0055,OK,0.0000,19.2925,4.0000,96.0000,AG03-UNRESOLVED,ALL5_LEVELS_bet23_to_bet27,19.2925,19.2925,24.1157,24.1157,24.1157,4.000000,4.000000,5.000000,5.000000,5.000000,96.000000,96.000000,95.000000,95.000000,95.000000,5.0,110.9321,101.2102,371.3814,381.1033,PENDING_AG03,FALSE,NOT_FOR_ENFORCEMENT,463.0210,31285.1543,482.3135,463.0210,19.2925,0.01328431,0.01275294,19.2925,463.0210,0.01275294,19.2925,19.2925,24.1157,24.1157,24.1157,463.0210,0.01275294,110.9321,101.2102,371.3814,381.1033,0.01022892,0.01049669,0.00053137,66.7408,60.2379,0.8915,19.2925,2.0970,1452.2802,21.6400,82.4672,64.4564,51.4311,63.5556,77.8372,103.2711,130.8798,158.4328,54.3647,0.0,2.059297,2.492824,1.050118,28,101,29,4,0.15672563,0.01328431,0.00682849,0E-8,0.000000,0.897587,0.000000,0.00765565,2026-03-22,2026-07-16,25,230,165,117,0.213675,1.279427,1.235634,0.522419,,,,,,,,GLOBAL_BASELINE_NO_ENTITY_RANKING,,,NOT_APPLICABLE_GLOBAL_BASELINE,HF9g-P5,,,,X 全窗基线 · 不参与实体赏罚,8393533,840,A168_HF9F_20260827_0900,2026-08-27 09:00:00
2026-03-24,145613033,-1,1,52.6634541960,-52.6634541960,-52.6634541960,0E-7,1,1,0.50665070000000000,0.506650700000,-1.013391052207602,-1.013391052207602,-1.013391052207602,0E-17,SENTINEL_DEALER,R03b_20260811_FULL_v1,L1_ELIGIBILITY,v2026-08-11,2026-03-21..2026-08-06,baccarat_bet02_101_all_pairs_incl_sentinel,round_win = game_pnl > 0 (decisive only),COMPATIBILITY_ONLY_NOT_PRODUCTION,36307.0055,32588.7024,482.3135,544,541,-0.01328431,-0.00682849,-0.01448415,-0.01328431,-482.3135,36307.0055,OK,0.0000,19.2925,4.0000,96.0000,AG03-UNRESOLVED,ALL5_LEVELS_bet23_to_bet27,19.2925,19.2925,24.1157,24.1157,24.1157,4.000000,4.000000,5.000000,5.000000,5.000000,96.000000,96.000000,95.000000,95.000000,95.000000,5.0,110.9321,101.2102,371.3814,381.1033,PENDING_AG03,FALSE,NOT_FOR_ENFORCEMENT,463.0210,31285.1543,482.3135,463.0210,19.2925,0.01328431,0.01275294,19.2925,463.0210,0.01275294,19.2925,19.2925,24.1157,24.1157,24.1157,463.0210,0.01275294,110.9321,101.2102,371.3814,381.1033,0.01022892,0.01049669,0.00053137,66.7408,60.2379,0.8915,19.2925,2.0970,1452.2802,21.6400,82.4672,64.4564,51.4311,63.5556,77.8372,103.2711,130.8798,158.4328,54.3647,0.0,2.059297,2.492824,1.050118,28,101,29,4,0.15672563,0.01328431,0.00682849,0E-8,0.000000,0.897587,0.000000,0.00765565,2026-03-22,2026-07-16,25,230,165,117,0.213675,1.279427,1.235634,0.522419,,,,,,,,GLOBAL_BASELINE_NO_ENTITY_RANKING,,,NOT_APPLICABLE_GLOBAL_BASELINE,HF9g-P5,,,,X 全窗基线 · 不参与实体赏罚,8393534,840,A168_HF9F_20260827_0900,2026-08-27 09:00:00
2026-03-24,145613033,2202,0,39.4975906470,-39.4975906470,-39.4975906470,0E-7,1,1,0.50665070000000000,0.506650700000,-1.013391052207602,-1.013391052207602,-1.013391052207602,0E-17,ELIGIBLE,R03b_20260811_FULL_v1,L1_ELIGIBILITY,v2026-08-11,2026-03-21..2026-08-06,baccarat_bet02_101_all_pairs_incl_sentinel,round_win = game_pnl > 0 (decisive only),COMPATIBILITY_ONLY_NOT_PRODUCTION,36307.0055,32588.7024,482.3135,544,541,-0.01328431,-0.00682849,-0.01448415,-0.01328431,-482.3135,36307.0055,OK,0.0000,19.2925,4.0000,96.0000,AG03-UNRESOLVED,ALL5_LEVELS_bet23_to_bet27,19.2925,19.2925,24.1157,24.1157,24.1157,4.000000,4.000000,5.000000,5.000000,5.000000,96.000000,96.000000,95.000000,95.000000,95.000000,5.0,110.9321,101.2102,371.3814,381.1033,PENDING_AG03,FALSE,NOT_FOR_ENFORCEMENT,463.0210,31285.1543,482.3135,463.0210,19.2925,0.01328431,0.01275294,19.2925,463.0210,0.01275294,19.2925,19.2925,24.1157,24.1157,24.1157,463.0210,0.01275294,110.9321,101.2102,371.3814,381.1033,0.01022892,0.01049669,0.00053137,66.7408,60.2379,0.8915,19.2925,2.0970,1452.2802,21.6400,82.4672,64.4564,51.4311,63.5556,77.8372,103.2711,130.8798,158.4328,54.3647,0.0,2.059297,2.492824,1.050118,28,101,29,4,0.15672563,0.01328431,0.00682849,0E-8,0.000000,0.897587,0.000000,0.00765565,2026-03-22,2026-07-16,25,230,165,117,0.213675,1.279427,1.235634,0.522419,,,,,,,,GLOBAL_BASELINE_NO_ENTITY_RANKING,,,NOT_APPLICABLE_GLOBAL_BASELINE,HF9g-P5,,,,X 全窗基线 · 不参与实体赏罚,8393535,840,A168_HF9F_20260827_0900,2026-08-27 09:00:00
2026-04-01,145613033,1401,0,5.4969505013,-5.4969505013,-5.4969505013,0E-7,1,1,0.49324550000000000,0.493245500000,-0.9865810262130424,-0.9865810262130424,-0.9865810262130424,0E-17,ELIGIBLE,R03b_20260811_FULL_v1,L1_ELIGIBILITY,v2026-08-11,2026-03-21..2026-08-06,baccarat_bet02_101_all_pairs_incl_sentinel,round_win = game_pnl > 0 (decisive only),COMPATIBILITY_ONLY_NOT_PRODUCTION,36307.0055,32588.7024,482.3135,544,541,-0.01328431,-0.00682849,-0.01448415,-0.01328431,-482.3135,36307.0055,OK,0.0000,19.2925,4.0000,96.0000,AG03-UNRESOLVED,ALL5_LEVELS_bet23_to_bet27,19.2925,19.2925,24.1157,24.1157,24.1157,4.000000,4.000000,5.000000,5.000000,5.000000,96.000000,96.000000,95.000000,95.000000,95.000000,5.0,110.9321,101.2102,371.3814,381.1033,PENDING_AG03,FALSE,NOT_FOR_ENFORCEMENT,463.0210,31285.1543,482.3135,463.0210,19.2925,0.01328431,0.01275294,19.2925,463.0210,0.01275294,19.2925,19.2925,24.1157,24.1157,24.1157,463.0210,0.01275294,110.9321,101.2102,371.3814,381.1033,0.01022892,0.01049669,0.00053137,66.7408,60.2379,0.8915,19.2925,2.0970,1452.2802,21.6400,82.4672,64.4564,51.4311,63.5556,77.8372,103.2711,130.8798,158.4328,54.3647,0.0,2.059297,2.492824,1.050118,28,101,29,4,0.15672563,0.01328431,0.00682849,0E-8,0.000000,0.897587,0.000000,0.00765565,2026-03-22,2026-07-16,25,230,165,117,0.213675,1.279427,1.235634,0.522419,,,,,,,,GLOBAL_BASELINE_NO_ENTITY_RANKING,,,NOT_APPLICABLE_GLOBAL_BASELINE,HF9g-P5,,,,X 全窗基线 · 不参与实体赏罚,8393536,840,A168_HF9F_20260827_0900,2026-08-27 09:00:00
2026-04-01,145613033,1402,0,494.7255451143,37.9551344135,37.9551344135,0.5000000,4,4,0.49994810000000000,0.499948100000,0.00020760000111838688,0.00020760000111838688,0.00020760000111838688,0E-17,ELIGIBLE,R03b_20260811_FULL_v1,L1_ELIGIBILITY,v2026-08-11,2026-03-21..2026-08-06,baccarat_bet02_101_all_pairs_incl_sentinel,round_win = game_pnl > 0 (decisive only),COMPATIBILITY_ONLY_NOT_PRODUCTION,36307.0055,32588.7024,482.3135,544,541,-0.01328431,-0.00682849,-0.01448415,-0.01328431,-482.3135,36307.0055,OK,0.0000,19.2925,4.0000,96.0000,AG03-UNRESOLVED,ALL5_LEVELS_bet23_to_bet27,19.2925,19.2925,24.1157,24.1157,24.1157,4.000000,4.000000,5.000000,5.000000,5.000000,96.000000,96.000000,95.000000,95.000000,95.000000,5.0,110.9321,101.2102,371.3814,381.1033,PENDING_AG03,FALSE,NOT_FOR_ENFORCEMENT,463.0210,31285.1543,482.3135,463.0210,19.2925,0.01328431,0.01275294,19.2925,463.0210,0.01275294,19.2925,19.2925,24.1157,24.1157,24.1157,463.0210,0.01275294,110.9321,101.2102,371.3814,381.1033,0.01022892,0.01049669,0.00053137,66.7408,60.2379,0.8915,19.2925,2.0970,1452.2802,21.6400,82.4672,64.4564,51.4311,63.5556,77.8372,103.2711,130.8798,158.4328,54.3647,0.0,2.059297,2.492824,1.050118,28,101,29,4,0.15672563,0.01328431,0.00682849,0E-8,0.000000,0.897587,0.000000,0.00765565,2026-03-22,2026-07-16,25,230,165,117,0.213675,1.279427,1.235634,0.522419,,,,,,,,GLOBAL_BASELINE_NO_ENTITY_RANKING,,,NOT_APPLICABLE_GLOBAL_BASELINE,HF9g-P5,,,,X 全窗基线 · 不参与实体赏罚,8393537,840,A168_HF9F_20260827_0900,2026-08-27 09:00:00
2026-04-01,145613033,1509,0,157.0557286077,-157.0557286077,-157.0557286077,0E-7,1,1,0.49324550000000000,0.493245500000,-0.9865810262130424,-0.9865810262130424,-0.9865810262130424,0E-17,ELIGIBLE,R03b_20260811_FULL_v1,L1_ELIGIBILITY,v2026-08-11,2026-03-21..2026-08-06,baccarat_bet02_101_all_pairs_incl_sentinel,round_win = game_pnl > 0 (decisive only),COMPATIBILITY_ONLY_NOT_PRODUCTION,36307.0055,32588.7024,482.3135,544,541,-0.01328431,-0.00682849,-0.01448415,-0.01328431,-482.3135,36307.0055,OK,0.0000,19.2925,4.0000,96.0000,AG03-UNRESOLVED,ALL5_LEVELS_bet23_to_bet27,19.2925,19.2925,24.1157,24.1157,24.1157,4.000000,4.000000,5.000000,5.000000,5.000000,96.000000,96.000000,95.000000,95.000000,95.000000,5.0,110.9321,101.2102,371.3814,381.1033,PENDING_AG03,FALSE,NOT_FOR_ENFORCEMENT,463.0210,31285.1543,482.3135,463.0210,19.2925,0.01328431,0.01275294,19.2925,463.0210,0.01275294,19.2925,19.2925,24.1157,24.1157,24.1157,463.0210,0.01275294,110.9321,101.2102,371.3814,381.1033,0.01022892,0.01049669,0.00053137,66.7408,60.2379,0.8915,19.2925,2.0970,1452.2802,21.6400,82.4672,64.4564,51.4311,63.5556,77.8372,103.2711,130.8798,158.4328,54.3647,0.0,2.059297,2.492824,1.050118,28,101,29,4,0.15672563,0.01328431,0.00682849,0E-8,0.000000,0.897587,0.000000,0.00765565,2026-03-22,2026-07-16,25,230,165,117,0.213675,1.279427,1.235634,0.522419,,,,,,,,GLOBAL_BASELINE_NO_ENTITY_RANKING,,,NOT_APPLICABLE_GLOBAL_BASELINE,HF9g-P5,,,,X 全窗基线 · 不参与实体赏罚,8393538,840,A168_HF9F_20260827_0900,2026-08-27 09:00:00
2026-04-01,145613033,1645,0,306.2586707850,-51.0431117974,-51.0431117974,0.3333333,3,3,0.49771390000000000,0.497713900000,-0.5694369385616226,-0.5694369385616226,-0.5694369385616226,0E-17,ELIGIBLE,R03b_20260811_FULL_v1,L1_ELIGIBILITY,v2026-08-11,2026-03-21..2026-08-06,baccarat_bet02_101_all_pairs_incl_sentinel,round_win = game_pnl > 0 (decisive only),COMPATIBILITY_ONLY_NOT_PRODUCTION,36307.0055,32588.7024,482.3135,544,541,-0.01328431,-0.00682849,-0.01448415,-0.01328431,-482.3135,36307.0055,OK,0.0000,19.2925,4.0000,96.0000,AG03-UNRESOLVED,ALL5_LEVELS_bet23_to_bet27,19.2925,19.2925,24.1157,24.1157,24.1157,4.000000,4.000000,5.000000,5.000000,5.000000,96.000000,96.000000,95.000000,95.000000,95.000000,5.0,110.9321,101.2102,371.3814,381.1033,PENDING_AG03,FALSE,NOT_FOR_ENFORCEMENT,463.0210,31285.1543,482.3135,463.0210,19.2925,0.01328431,0.01275294,19.2925,463.0210,0.01275294,19.2925,19.2925,24.1157,24.1157,24.1157,463.0210,0.01275294,110.9321,101.2102,371.3814,381.1033,0.01022892,0.01049669,0.00053137,66.7408,60.2379,0.8915,19.2925,2.0970,1452.2802,21.6400,82.4672,64.4564,51.4311,63.5556,77.8372,103.2711,130.8798,158.4328,54.3647,0.0,2.059297,2.492824,1.050118,28,101,29,4,0.15672563,0.01328431,0.00682849,0E-8,0.000000,0.897587,0.000000,0.00765565,2026-03-22,2026-07-16,25,230,165,117,0.213675,1.279427,1.235634,0.522419,,,,,,,,GLOBAL_BASELINE_NO_ENTITY_RANKING,,,NOT_APPLICABLE_GLOBAL_BASELINE,HF9g-P5,,,,X 全窗基线 · 不参与实体赏罚,8393539,840,A168_HF9F_20260827_0900,2026-08-27 09:00:00
2026-04-01,145613033,1985,0,157.0557286077,-52.3519095359,-52.3519095359,0.5000000,2,2,0.49324550000000000,0.493245500000,0.01910635448239258,0.01910635448239258,0.01910635448239258,0E-17,ELIGIBLE,R03b_20260811_FULL_v1,L1_ELIGIBILITY,v2026-08-11,2026-03-21..2026-08-06,baccarat_bet02_101_all_pairs_incl_sentinel,round_win = game_pnl > 0 (decisive only),COMPATIBILITY_ONLY_NOT_PRODUCTION,36307.0055,32588.7024,482.3135,544,541,-0.01328431,-0.00682849,-0.01448415,-0.01328431,-482.3135,36307.0055,OK,0.0000,19.2925,4.0000,96.0000,AG03-UNRESOLVED,ALL5_LEVELS_bet23_to_bet27,19.2925,19.2925,24.1157,24.1157,24.1157,4.000000,4.000000,5.000000,5.000000,5.000000,96.000000,96.000000,95.000000,95.000000,95.000000,5.0,110.9321,101.2102,371.3814,381.1033,PENDING_AG03,FALSE,NOT_FOR_ENFORCEMENT,463.0210,31285.1543,482.3135,463.0210,19.2925,0.01328431,0.01275294,19.2925,463.0210,0.01275294,19.2925,19.2925,24.1157,24.1157,24.1157,463.0210,0.01275294,110.9321,101.2102,371.3814,381.1033,0.01022892,0.01049669,0.00053137,66.7408,60.2379,0.8915,19.2925,2.0970,1452.2802,21.6400,82.4672,64.4564,51.4311,63.5556,77.8372,103.2711,130.8798,158.4328,54.3647,0.0,2.059297,2.492824,1.050118,28,101,29,4,0.15672563,0.01328431,0.00682849,0E-8,0.000000,0.897587,0.000000,0.00765565,2026-03-22,2026-07-16,25,230,165,117,0.213675,1.279427,1.235634,0.522419,,,,,,,,GLOBAL_BASELINE_NO_ENTITY_RANKING,,,NOT_APPLICABLE_GLOBAL_BASELINE,HF9g-P5,,,,X 全窗基线 · 不参与实体赏罚,8393540,840,A168_HF9F_20260827_0900,2026-08-27 09:00:00
2026-04-01,145613033,2103,0,130.8797738398,-130.8797738398,-130.8797738398,0E-7,1,1,0.49324550000000000,0.493245500000,-0.9865810262130424,-0.9865810262130424,-0.9865810262130424,0E-17,ELIGIBLE,R03b_20260811_FULL_v1,L1_ELIGIBILITY,v2026-08-11,2026-03-21..2026-08-06,baccarat_bet02_101_all_pairs_incl_sentinel,round_win = game_pnl > 0 (decisive only),COMPATIBILITY_ONLY_NOT_PRODUCTION,36307.0055,32588.7024,482.3135,544,541,-0.01328431,-0.00682849,-0.01448415,-0.01328431,-482.3135,36307.0055,OK,0.0000,19.2925,4.0000,96.0000,AG03-UNRESOLVED,ALL5_LEVELS_bet23_to_bet27,19.2925,19.2925,24.1157,24.1157,24.1157,4.000000,4.000000,5.000000,5.000000,5.000000,96.000000,96.000000,95.000000,95.000000,95.000000,5.0,110.9321,101.2102,371.3814,381.1033,PENDING_AG03,FALSE,NOT_FOR_ENFORCEMENT,463.0210,31285.1543,482.3135,463.0210,19.2925,0.01328431,0.01275294,19.2925,463.0210,0.01275294,19.2925,19.2925,24.1157,24.1157,24.1157,463.0210,0.01275294,110.9321,101.2102,371.3814,381.1033,0.01022892,0.01049669,0.00053137,66.7408,60.2379,0.8915,19.2925,2.0970,1452.2802,21.6400,82.4672,64.4564,51.4311,63.5556,77.8372,103.2711,130.8798,158.4328,54.3647,0.0,2.059297,2.492824,1.050118,28,101,29,4,0.15672563,0.01328431,0.00682849,0E-8,0.000000,0.897587,0.000000,0.00765565,2026-03-22,2026-07-16,25,230,165,117,0.213675,1.279427,1.235634,0.522419,,,,,,,,GLOBAL_BASELINE_NO_ENTITY_RANKING,,,NOT_APPLICABLE_GLOBAL_BASELINE,HF9g-P5,,,,X 全窗基线 · 不参与实体赏罚,8393541,840,A168_HF9F_20260827_0900,2026-08-27 09:00:00
2026-04-01,145613033,2152,0,790.5138339921,367.9030442637,367.9030442637,0.8000000,6,6,0.49994810000000000,0.499948100000,1.3418728975849028,1.3418728975849028,1.3418728975849028,0E-17,ELIGIBLE,R03b_20260811_FULL_v1,L1_ELIGIBILITY,v2026-08-11,2026-03-21..2026-08-06,baccarat_bet02_101_all_pairs_incl_sentinel,round_win = game_pnl > 0 (decisive only),COMPATIBILITY_ONLY_NOT_PRODUCTION,36307.0055,32588.7024,482.3135,544,541,-0.01328431,-0.00682849,-0.01448415,-0.01328431,-482.3135,36307.0055,OK,0.0000,19.2925,4.0000,96.0000,AG03-UNRESOLVED,ALL5_LEVELS_bet23_to_bet27,19.2925,19.2925,24.1157,24.1157,24.1157,4.000000,4.000000,5.000000,5.000000,5.000000,96.000000,96.000000,95.000000,95.000000,95.000000,5.0,110.9321,101.2102,371.3814,381.1033,PENDING_AG03,FALSE,NOT_FOR_ENFORCEMENT,463.0210,31285.1543,482.3135,463.0210,19.2925,0.01328431,0.01275294,19.2925,463.0210,0.01275294,19.2925,19.2925,24.1157,24.1157,24.1157,463.0210,0.01275294,110.9321,101.2102,371.3814,381.1033,0.01022892,0.01049669,0.00053137,66.7408,60.2379,0.8915,19.2925,2.0970,1452.2802,21.6400,82.4672,64.4564,51.4311,63.5556,77.8372,103.2711,130.8798,158.4328,54.3647,0.0,2.059297,2.492824,1.050118,28,101,29,4,0.15672563,0.01328431,0.00682849,0E-8,0.000000,0.897587,0.000000,0.00765565,2026-03-22,2026-07-16,25,230,165,117,0.213675,1.279427,1.235634,0.522419,,,,,,,,GLOBAL_BASELINE_NO_ENTITY_RANKING,,,NOT_APPLICABLE_GLOBAL_BASELINE,HF9g-P5,,,,X 全窗基线 · 不参与实体赏罚,8393542,840,A168_HF9F_20260827_0900,2026-08-27 09:00:00
2026-04-01,145613033,2220,0,688.4276103970,-145.5383085098,-145.5383085098,0.5000000,4,4,0.50329940000000000,0.503299400000,-0.01319788734859681,-0.01319788734859681,-0.01319788734859681,0E-17,ELIGIBLE,R03b_20260811_FULL_v1,L1_ELIGIBILITY,v2026-08-11,2026-03-21..2026-08-06,baccarat_bet02_101_all_pairs_incl_sentinel,round_win = game_pnl > 0 (decisive only),COMPATIBILITY_ONLY_NOT_PRODUCTION,36307.0055,32588.7024,482.3135,544,541,-0.01328431,-0.00682849,-0.01448415,-0.01328431,-482.3135,36307.0055,OK,0.0000,19.2925,4.0000,96.0000,AG03-UNRESOLVED,ALL5_LEVELS_bet23_to_bet27,19.2925,19.2925,24.1157,24.1157,24.1157,4.000000,4.000000,5.000000,5.000000,5.000000,96.000000,96.000000,95.000000,95.000000,95.000000,5.0,110.9321,101.2102,371.3814,381.1033,PENDING_AG03,FALSE,NOT_FOR_ENFORCEMENT,463.0210,31285.1543,482.3135,463.0210,19.2925,0.01328431,0.01275294,19.2925,463.0210,0.01275294,19.2925,19.2925,24.1157,24.1157,24.1157,463.0210,0.01275294,110.9321,101.2102,371.3814,381.1033,0.01022892,0.01049669,0.00053137,66.7408,60.2379,0.8915,19.2925,2.0970,1452.2802,21.6400,82.4672,64.4564,51.4311,63.5556,77.8372,103.2711,130.8798,158.4328,54.3647,0.0,2.059297,2.492824,1.050118,28,101,29,4,0.15672563,0.01328431,0.00682849,0E-8,0.000000,0.897587,0.000000,0.00765565,2026-03-22,2026-07-16,25,230,165,117,0.213675,1.279427,1.235634,0.522419,,,,,,,,GLOBAL_BASELINE_NO_ENTITY_RANKING,,,NOT_APPLICABLE_GLOBAL_BASELINE,HF9g-P5,,,,X 全窗基线 · 不参与实体赏罚,8393543,840,A168_HF9F_20260827_0900,2026-08-27 09:00:00
2026-04-01,145613033,595,0,306.2586707850,0E-10,0E-10,0.5000000,2,2,0.50665070000000000,0.506650700000,-0.018812684590367487,-0.018812684590367487,-0.018812684590367487,0E-17,ELIGIBLE,R03b_20260811_FULL_v1,L1_ELIGIBILITY,v2026-08-11,2026-03-21..2026-08-06,baccarat_bet02_101_all_pairs_incl_sentinel,round_win = game_pnl > 0 (decisive only),COMPATIBILITY_ONLY_NOT_PRODUCTION,36307.0055,32588.7024,482.3135,544,541,-0.01328431,-0.00682849,-0.01448415,-0.01328431,-482.3135,36307.0055,OK,0.0000,19.2925,4.0000,96.0000,AG03-UNRESOLVED,ALL5_LEVELS_bet23_to_bet27,19.2925,19.2925,24.1157,24.1157,24.1157,4.000000,4.000000,5.000000,5.000000,5.000000,96.000000,96.000000,95.000000,95.000000,95.000000,5.0,110.9321,101.2102,371.3814,381.1033,PENDING_AG03,FALSE,NOT_FOR_ENFORCEMENT,463.0210,31285.1543,482.3135,463.0210,19.2925,0.01328431,0.01275294,19.2925,463.0210,0.01275294,19.2925,19.2925,24.1157,24.1157,24.1157,463.0210,0.01275294,110.9321,101.2102,371.3814,381.1033,0.01022892,0.01049669,0.00053137,66.7408,60.2379,0.8915,19.2925,2.0970,1452.2802,21.6400,82.4672,64.4564,51.4311,63.5556,77.8372,103.2711,130.8798,158.4328,54.3647,0.0,2.059297,2.492824,1.050118,28,101,29,4,0.15672563,0.01328431,0.00682849,0E-8,0.000000,0.897587,0.000000,0.00765565,2026-03-22,2026-07-16,25,230,165,117,0.213675,1.279427,1.235634,0.522419,,,,,,,,GLOBAL_BASELINE_NO_ENTITY_RANKING,,,NOT_APPLICABLE_GLOBAL_BASELINE,HF9g-P5,,,,X 全窗基线 · 不参与实体赏罚,8393544,840,A168_HF9F_20260827_0900,2026-08-27 09:00:00
2026-04-13,145613033,-1,1,209.4076381436,151.8205376541,151.8205376541,1.0000000,4,4,0.50329940000000000,0.503299400000,1.7206588134302945,1.7206588134302945,1.7206588134302945,0E-17,SENTINEL_DEALER,R03b_20260811_FULL_v1,L1_ELIGIBILITY,v2026-08-11,2026-03-21..2026-08-06,baccarat_bet02_101_all_pairs_incl_sentinel,round_win = game_pnl > 0 (decisive only),COMPATIBILITY_ONLY_NOT_PRODUCTION,36307.0055,32588.7024,482.3135,544,541,-0.01328431,-0.00682849,-0.01448415,-0.01328431,-482.3135,36307.0055,OK,0.0000,19.2925,4.0000,96.0000,AG03-UNRESOLVED,ALL5_LEVELS_bet23_to_bet27,19.2925,19.2925,24.1157,24.1157,24.1157,4.000000,4.000000,5.000000,5.000000,5.000000,96.000000,96.000000,95.000000,95.000000,95.000000,5.0,110.9321,101.2102,371.3814,381.1033,PENDING_AG03,FALSE,NOT_FOR_ENFORCEMENT,463.0210,31285.1543,482.3135,463.0210,19.2925,0.01328431,0.01275294,19.2925,463.0210,0.01275294,19.2925,19.2925,24.1157,24.1157,24.1157,463.0210,0.01275294,110.9321,101.2102,371.3814,381.1033,0.01022892,0.01049669,0.00053137,66.7408,60.2379,0.8915,19.2925,2.0970,1452.2802,21.6400,82.4672,64.4564,51.4311,63.5556,77.8372,103.2711,130.8798,158.4328,54.3647,0.0,2.059297,2.492824,1.050118,28,101,29,4,0.15672563,0.01328431,0.00682849,0E-8,0.000000,0.897587,0.000000,0.00765565,2026-03-22,2026-07-16,25,230,165,117,0.213675,1.279427,1.235634,0.522419,,,,,,,,GLOBAL_BASELINE_NO_ENTITY_RANKING,,,NOT_APPLICABLE_GLOBAL_BASELINE,HF9g-P5,,,,X 全窗基线 · 不参与实体赏罚,8393545,840,A168_HF9F_20260827_0900,2026-08-27 09:00:00
2026-04-13,145613033,1109,0,143.9677512238,-143.9677512238,-143.9677512238,0E-7,2,2,0.50665070000000000,0.506650700000,-1.4331513700195317,-1.4331513700195317,-1.4331513700195317,0E-17,ELIGIBLE,R03b_20260811_FULL_v1,L1_ELIGIBILITY,v2026-08-11,2026-03-21..2026-08-06,baccarat_bet02_101_all_pairs_incl_sentinel,round_win = game_pnl > 0 (decisive only),COMPATIBILITY_ONLY_NOT_PRODUCTION,36307.0055,32588.7024,482.3135,544,541,-0.01328431,-0.00682849,-0.01448415,-0.01328431,-482.3135,36307.0055,OK,0.0000,19.2925,4.0000,96.0000,AG03-UNRESOLVED,ALL5_LEVELS_bet23_to_bet27,19.2925,19.2925,24.1157,24.1157,24.1157,4.000000,4.000000,5.000000,5.000000,5.000000,96.000000,96.000000,95.000000,95.000000,95.000000,5.0,110.9321,101.2102,371.3814,381.1033,PENDING_AG03,FALSE,NOT_FOR_ENFORCEMENT,463.0210,31285.1543,482.3135,463.0210,19.2925,0.01328431,0.01275294,19.2925,463.0210,0.01275294,19.2925,19.2925,24.1157,24.1157,24.1157,463.0210,0.01275294,110.9321,101.2102,371.3814,381.1033,0.01022892,0.01049669,0.00053137,66.7408,60.2379,0.8915,19.2925,2.0970,1452.2802,21.6400,82.4672,64.4564,51.4311,63.5556,77.8372,103.2711,130.8798,158.4328,54.3647,0.0,2.059297,2.492824,1.050118,28,101,29,4,0.15672563,0.01328431,0.00682849,0E-8,0.000000,0.897587,0.000000,0.00765565,2026-03-22,2026-07-16,25,230,165,117,0.213675,1.279427,1.235634,0.522419,,,,,,,,GLOBAL_BASELINE_NO_ENTITY_RANKING,,,NOT_APPLICABLE_GLOBAL_BASELINE,HF9g-P5,,,,X 全窗基线 · 不参与实体赏罚,8393546,840,A168_HF9F_20260827_0900,2026-08-27 09:00:00
2026-04-13,145613033,1331,0,112.5566055022,-10.4703819072,-10.4703819072,0.5000000,2,2,0.50665070000000000,0.506650700000,-0.018812684590367487,-0.018812684590367487,-0.018812684590367487,0E-17,ELIGIBLE,R03b_20260811_FULL_v1,L1_ELIGIBILITY,v2026-08-11,2026-03-21..2026-08-06,baccarat_bet02_101_all_pairs_incl_sentinel,round_win = game_pnl > 0 (decisive only),COMPATIBILITY_ONLY_NOT_PRODUCTION,36307.0055,32588.7024,482.3135,544,541,-0.01328431,-0.00682849,-0.01448415,-0.01328431,-482.3135,36307.0055,OK,0.0000,19.2925,4.0000,96.0000,AG03-UNRESOLVED,ALL5_LEVELS_bet23_to_bet27,19.2925,19.2925,24.1157,24.1157,24.1157,4.000000,4.000000,5.000000,5.000000,5.000000,96.000000,96.000000,95.000000,95.000000,95.000000,5.0,110.9321,101.2102,371.3814,381.1033,PENDING_AG03,FALSE,NOT_FOR_ENFORCEMENT,463.0210,31285.1543,482.3135,463.0210,19.2925,0.01328431,0.01275294,19.2925,463.0210,0.01275294,19.2925,19.2925,24.1157,24.1157,24.1157,463.0210,0.01275294,110.9321,101.2102,371.3814,381.1033,0.01022892,0.01049669,0.00053137,66.7408,60.2379,0.8915,19.2925,2.0970,1452.2802,21.6400,82.4672,64.4564,51.4311,63.5556,77.8372,103.2711,130.8798,158.4328,54.3647,0.0,2.059297,2.492824,1.050118,28,101,29,4,0.15672563,0.01328431,0.00682849,0E-8,0.000000,0.897587,0.000000,0.00765565,2026-03-22,2026-07-16,25,230,165,117,0.213675,1.279427,1.235634,0.522419,,,,,,,,GLOBAL_BASELINE_NO_ENTITY_RANKING,,,NOT_APPLICABLE_GLOBAL_BASELINE,HF9g-P5,,,,X 全窗基线 · 不参与实体赏罚,8393547,840,A168_HF9F_20260827_0900,2026-08-27 09:00:00
2026-04-13,145613033,1396,0,73.2926733503,0E-10,0E-10,,1,1,0.50665070000000000,0.506650700000,,,,0E-17,NO_DECISIVE_ROUND,R03b_20260811_FULL_v1,L1_ELIGIBILITY,v2026-08-11,2026-03-21..2026-08-06,baccarat_bet02_101_all_pairs_incl_sentinel,round_win = game_pnl > 0 (decisive only),COMPATIBILITY_ONLY_NOT_PRODUCTION,36307.0055,32588.7024,482.3135,544,541,-0.01328431,-0.00682849,-0.01448415,-0.01328431,-482.3135,36307.0055,OK,0.0000,19.2925,4.0000,96.0000,AG03-UNRESOLVED,ALL5_LEVELS_bet23_to_bet27,19.2925,19.2925,24.1157,24.1157,24.1157,4.000000,4.000000,5.000000,5.000000,5.000000,96.000000,96.000000,95.000000,95.000000,95.000000,5.0,110.9321,101.2102,371.3814,381.1033,PENDING_AG03,FALSE,NOT_FOR_ENFORCEMENT,463.0210,31285.1543,482.3135,463.0210,19.2925,0.01328431,0.01275294,19.2925,463.0210,0.01275294,19.2925,19.2925,24.1157,24.1157,24.1157,463.0210,0.01275294,110.9321,101.2102,371.3814,381.1033,0.01022892,0.01049669,0.00053137,66.7408,60.2379,0.8915,19.2925,2.0970,1452.2802,21.6400,82.4672,64.4564,51.4311,63.5556,77.8372,103.2711,130.8798,158.4328,54.3647,0.0,2.059297,2.492824,1.050118,28,101,29,4,0.15672563,0.01328431,0.00682849,0E-8,0.000000,0.897587,0.000000,0.00765565,2026-03-22,2026-07-16,25,230,165,117,0.213675,1.279427,1.235634,0.522419,,,,,,,,GLOBAL_BASELINE_NO_ENTITY_RANKING,,,NOT_APPLICABLE_GLOBAL_BASELINE,HF9g-P5,,,,X 全窗基线 · 不参与实体赏罚,8393548,840,A168_HF9F_20260827_0900,2026-08-27 09:00:00
2026-04-13,145613033,1645,0,209.4076381436,-5.2351909536,-5.2351909536,0.5000000,4,4,0.50665070000000000,0.506650700000,-0.02660515369234503,-0.02660515369234503,-0.02660515369234503,0E-17,ELIGIBLE,R03b_20260811_FULL_v1,L1_ELIGIBILITY,v2026-08-11,2026-03-21..2026-08-06,baccarat_bet02_101_all_pairs_incl_sentinel,round_win = game_pnl > 0 (decisive only),COMPATIBILITY_ONLY_NOT_PRODUCTION,36307.0055,32588.7024,482.3135,544,541,-0.01328431,-0.00682849,-0.01448415,-0.01328431,-482.3135,36307.0055,OK,0.0000,19.2925,4.0000,96.0000,AG03-UNRESOLVED,ALL5_LEVELS_bet23_to_bet27,19.2925,19.2925,24.1157,24.1157,24.1157,4.000000,4.000000,5.000000,5.000000,5.000000,96.000000,96.000000,95.000000,95.000000,95.000000,5.0,110.9321,101.2102,371.3814,381.1033,PENDING_AG03,FALSE,NOT_FOR_ENFORCEMENT,463.0210,31285.1543,482.3135,463.0210,19.2925,0.01328431,0.01275294,19.2925,463.0210,0.01275294,19.2925,19.2925,24.1157,24.1157,24.1157,463.0210,0.01275294,110.9321,101.2102,371.3814,381.1033,0.01022892,0.01049669,0.00053137,66.7408,60.2379,0.8915,19.2925,2.0970,1452.2802,21.6400,82.4672,64.4564,51.4311,63.5556,77.8372,103.2711,130.8798,158.4328,54.3647,0.0,2.059297,2.492824,1.050118,28,101,29,4,0.15672563,0.01328431,0.00682849,0E-8,0.000000,0.897587,0.000000,0.00765565,2026-03-22,2026-07-16,25,230,165,117,0.213675,1.279427,1.235634,0.522419,,,,,,,,GLOBAL_BASELINE_NO_ENTITY_RANKING,,,NOT_APPLICABLE_GLOBAL_BASELINE,HF9g-P5,,,,X 全窗基线 · 不参与实体赏罚,8393549,840,A168_HF9F_20260827_0900,2026-08-27 09:00:00
2026-04-14,145613033,-1,1,301.0234798319,128.3930581370,128.3930581370,0.7692308,15,15,0.50218230000000000,0.502182300000,1.9257322401214227,1.925732240121423,1.9257322401214227,0E-17,SENTINEL_DEALER,R03b_20260811_FULL_v1,L1_ELIGIBILITY,v2026-08-11,2026-03-21..2026-08-06,baccarat_bet02_101_all_pairs_incl_sentinel,round_win = game_pnl > 0 (decisive only),COMPATIBILITY_ONLY_NOT_PRODUCTION,36307.0055,32588.7024,482.3135,544,541,-0.01328431,-0.00682849,-0.01448415,-0.01328431,-482.3135,36307.0055,OK,0.0000,19.2925,4.0000,96.0000,AG03-UNRESOLVED,ALL5_LEVELS_bet23_to_bet27,19.2925,19.2925,24.1157,24.1157,24.1157,4.000000,4.000000,5.000000,5.000000,5.000000,96.000000,96.000000,95.000000,95.000000,95.000000,5.0,110.9321,101.2102,371.3814,381.1033,PENDING_AG03,FALSE,NOT_FOR_ENFORCEMENT,463.0210,31285.1543,482.3135,463.0210,19.2925,0.01328431,0.01275294,19.2925,463.0210,0.01275294,19.2925,19.2925,24.1157,24.1157,24.1157,463.0210,0.01275294,110.9321,101.2102,371.3814,381.1033,0.01022892,0.01049669,0.00053137,66.7408,60.2379,0.8915,19.2925,2.0970,1452.2802,21.6400,82.4672,64.4564,51.4311,63.5556,77.8372,103.2711,130.8798,158.4328,54.3647,0.0,2.059297,2.492824,1.050118,28,101,29,4,0.15672563,0.01328431,0.00682849,0E-8,0.000000,0.897587,0.000000,0.00765565,2026-03-22,2026-07-16,25,230,165,117,0.213675,1.279427,1.235634,0.522419,,,,,,,,GLOBAL_BASELINE_NO_ENTITY_RANKING,,,NOT_APPLICABLE_GLOBAL_BASELINE,HF9g-P5,,,,X 全窗基线 · 不参与实体赏罚,8393550,840,A168_HF9F_20260827_0900,2026-08-27 09:00:00
2026-04-14,145613033,1115,0,60.2046959663,0E-10,0E-10,,2,2,0.49994810000000000,0.499948100000,,,,0E-17,NO_DECISIVE_ROUND,R03b_20260811_FULL_v1,L1_ELIGIBILITY,v2026-08-11,2026-03-21..2026-08-06,baccarat_bet02_101_all_pairs_incl_sentinel,round_win = game_pnl > 0 (decisive only),COMPATIBILITY_ONLY_NOT_PRODUCTION,36307.0055,32588.7024,482.3135,544,541,-0.01328431,-0.00682849,-0.01448415,-0.01328431,-482.3135,36307.0055,OK,0.0000,19.2925,4.0000,96.0000,AG03-UNRESOLVED,ALL5_LEVELS_bet23_to_bet27,19.2925,19.2925,24.1157,24.1157,24.1157,4.000000,4.000000,5.000000,5.000000,5.000000,96.000000,96.000000,95.000000,95.000000,95.000000,5.0,110.9321,101.2102,371.3814,381.1033,PENDING_AG03,FALSE,NOT_FOR_ENFORCEMENT,463.0210,31285.1543,482.3135,463.0210,19.2925,0.01328431,0.01275294,19.2925,463.0210,0.01275294,19.2925,19.2925,24.1157,24.1157,24.1157,463.0210,0.01275294,110.9321,101.2102,371.3814,381.1033,0.01022892,0.01049669,0.00053137,66.7408,60.2379,0.8915,19.2925,2.0970,1452.2802,21.6400,82.4672,64.4564,51.4311,63.5556,77.8372,103.2711,130.8798,158.4328,54.3647,0.0,2.059297,2.492824,1.050118,28,101,29,4,0.15672563,0.01328431,0.00682849,0E-8,0.000000,0.897587,0.000000,0.00765565,2026-03-22,2026-07-16,25,230,165,117,0.213675,1.279427,1.235634,0.522419,,,,,,,,GLOBAL_BASELINE_NO_ENTITY_RANKING,,,NOT_APPLICABLE_GLOBAL_BASELINE,HF9g-P5,,,,X 全窗基线 · 不参与实体赏罚,8393551,840,A168_HF9F_20260827_0900,2026-08-27 09:00:00
2026-04-14,145613033,1323,0,13.0879773840,12.4335785148,12.4335785148,1.0000000,1,1,0.50665070000000000,0.506650700000,0.9867858985152569,0.9867858985152569,0.9867858985152569,0E-17,ELIGIBLE,R03b_20260811_FULL_v1,L1_ELIGIBILITY,v2026-08-11,2026-03-21..2026-08-06,baccarat_bet02_101_all_pairs_incl_sentinel,round_win = game_pnl > 0 (decisive only),COMPATIBILITY_ONLY_NOT_PRODUCTION,36307.0055,32588.7024,482.3135,544,541,-0.01328431,-0.00682849,-0.01448415,-0.01328431,-482.3135,36307.0055,OK,0.0000,19.2925,4.0000,96.0000,AG03-UNRESOLVED,ALL5_LEVELS_bet23_to_bet27,19.2925,19.2925,24.1157,24.1157,24.1157,4.000000,4.000000,5.000000,5.000000,5.000000,96.000000,96.000000,95.000000,95.000000,95.000000,5.0,110.9321,101.2102,371.3814,381.1033,PENDING_AG03,FALSE,NOT_FOR_ENFORCEMENT,463.0210,31285.1543,482.3135,463.0210,19.2925,0.01328431,0.01275294,19.2925,463.0210,0.01275294,19.2925,19.2925,24.1157,24.1157,24.1157,463.0210,0.01275294,110.9321,101.2102,371.3814,381.1033,0.01022892,0.01049669,0.00053137,66.7408,60.2379,0.8915,19.2925,2.0970,1452.2802,21.6400,82.4672,64.4564,51.4311,63.5556,77.8372,103.2711,130.8798,158.4328,54.3647,0.0,2.059297,2.492824,1.050118,28,101,29,4,0.15672563,0.01328431,0.00682849,0E-8,0.000000,0.897587,0.000000,0.00765565,2026-03-22,2026-07-16,25,230,165,117,0.213675,1.279427,1.235634,0.522419,,,,,,,,GLOBAL_BASELINE_NO_ENTITY_RANKING,,,NOT_APPLICABLE_GLOBAL_BASELINE,HF9g-P5,,,,X 全窗基线 · 不参与实体赏罚,8393552,840,A168_HF9F_20260827_0900,2026-08-27 09:00:00
2026-04-14,145613033,2134,0,18.3231683376,-18.3231683376,-18.3231683376,0E-7,1,1,0.50665070000000000,0.506650700000,-1.013391052207602,-1.013391052207602,-1.013391052207602,0E-17,ELIGIBLE,R03b_20260811_FULL_v1,L1_ELIGIBILITY,v2026-08-11,2026-03-21..2026-08-06,baccarat_bet02_101_all_pairs_incl_sentinel,round_win = game_pnl > 0 (decisive only),COMPATIBILITY_ONLY_NOT_PRODUCTION,36307.0055,32588.7024,482.3135,544,541,-0.01328431,-0.00682849,-0.01448415,-0.01328431,-482.3135,36307.0055,OK,0.0000,19.2925,4.0000,96.0000,AG03-UNRESOLVED,ALL5_LEVELS_bet23_to_bet27,19.2925,19.2925,24.1157,24.1157,24.1157,4.000000,4.000000,5.000000,5.000000,5.000000,96.000000,96.000000,95.000000,95.000000,95.000000,5.0,110.9321,101.2102,371.3814,381.1033,PENDING_AG03,FALSE,NOT_FOR_ENFORCEMENT,463.0210,31285.1543,482.3135,463.0210,19.2925,0.01328431,0.01275294,19.2925,463.0210,0.01275294,19.2925,19.2925,24.1157,24.1157,24.1157,463.0210,0.01275294,110.9321,101.2102,371.3814,381.1033,0.01022892,0.01049669,0.00053137,66.7408,60.2379,0.8915,19.2925,2.0970,1452.2802,21.6400,82.4672,64.4564,51.4311,63.5556,77.8372,103.2711,130.8798,158.4328,54.3647,0.0,2.059297,2.492824,1.050118,28,101,29,4,0.15672563,0.01328431,0.00682849,0E-8,0.000000,0.897587,0.000000,0.00765565,2026-03-22,2026-07-16,25,230,165,117,0.213675,1.279427,1.235634,0.522419,,,,,,,,GLOBAL_BASELINE_NO_ENTITY_RANKING,,,NOT_APPLICABLE_GLOBAL_BASELINE,HF9g-P5,,,,X 全窗基线 · 不参与实体赏罚,8393553,840,A168_HF9F_20260827_0900,2026-08-27 09:00:00
2026-04-14,145613033,2205,0,26.1759547680,-26.1759547680,-26.1759547680,0E-7,1,1,0.50665070000000000,0.506650700000,-1.013391052207602,-1.013391052207602,-1.013391052207602,0E-17,ELIGIBLE,R03b_20260811_FULL_v1,L1_ELIGIBILITY,v2026-08-11,2026-03-21..2026-08-06,baccarat_bet02_101_all_pairs_incl_sentinel,round_win = game_pnl > 0 (decisive only),COMPATIBILITY_ONLY_NOT_PRODUCTION,36307.0055,32588.7024,482.3135,544,541,-0.01328431,-0.00682849,-0.01448415,-0.01328431,-482.3135,36307.0055,OK,0.0000,19.2925,4.0000,96.0000,AG03-UNRESOLVED,ALL5_LEVELS_bet23_to_bet27,19.2925,19.2925,24.1157,24.1157,24.1157,4.000000,4.000000,5.000000,5.000000,5.000000,96.000000,96.000000,95.000000,95.000000,95.000000,5.0,110.9321,101.2102,371.3814,381.1033,PENDING_AG03,FALSE,NOT_FOR_ENFORCEMENT,463.0210,31285.1543,482.3135,463.0210,19.2925,0.01328431,0.01275294,19.2925,463.0210,0.01275294,19.2925,19.2925,24.1157,24.1157,24.1157,463.0210,0.01275294,110.9321,101.2102,371.3814,381.1033,0.01022892,0.01049669,0.00053137,66.7408,60.2379,0.8915,19.2925,2.0970,1452.2802,21.6400,82.4672,64.4564,51.4311,63.5556,77.8372,103.2711,130.8798,158.4328,54.3647,0.0,2.059297,2.492824,1.050118,28,101,29,4,0.15672563,0.01328431,0.00682849,0E-8,0.000000,0.897587,0.000000,0.00765565,2026-03-22,2026-07-16,25,230,165,117,0.213675,1.279427,1.235634,0.522419,,,,,,,,GLOBAL_BASELINE_NO_ENTITY_RANKING,,,NOT_APPLICABLE_GLOBAL_BASELINE,HF9g-P5,,,,X 全窗基线 · 不参与实体赏罚,8393554,840,A168_HF9F_20260827_0900,2026-08-27 09:00:00
2026-04-14,145613033,2233,0,13.0879773840,-13.0879773840,-13.0879773840,0E-7,1,1,0.49324550000000000,0.493245500000,-0.9865810262130424,-0.9865810262130424,-0.9865810262130424,0E-17,ELIGIBLE,R03b_20260811_FULL_v1,L1_ELIGIBILITY,v2026-08-11,2026-03-21..2026-08-06,baccarat_bet02_101_all_pairs_incl_sentinel,round_win = game_pnl > 0 (decisive only),COMPATIBILITY_ONLY_NOT_PRODUCTION,36307.0055,32588.7024,482.3135,544,541,-0.01328431,-0.00682849,-0.01448415,-0.01328431,-482.3135,36307.0055,OK,0.0000,19.2925,4.0000,96.0000,AG03-UNRESOLVED,ALL5_LEVELS_bet23_to_bet27,19.2925,19.2925,24.1157,24.1157,24.1157,4.000000,4.000000,5.000000,5.000000,5.000000,96.000000,96.000000,95.000000,95.000000,95.000000,5.0,110.9321,101.2102,371.3814,381.1033,PENDING_AG03,FALSE,NOT_FOR_ENFORCEMENT,463.0210,31285.1543,482.3135,463.0210,19.2925,0.01328431,0.01275294,19.2925,463.0210,0.01275294,19.2925,19.2925,24.1157,24.1157,24.1157,463.0210,0.01275294,110.9321,101.2102,371.3814,381.1033,0.01022892,0.01049669,0.00053137,66.7408,60.2379,0.8915,19.2925,2.0970,1452.2802,21.6400,82.4672,64.4564,51.4311,63.5556,77.8372,103.2711,130.8798,158.4328,54.3647,0.0,2.059297,2.492824,1.050118,28,101,29,4,0.15672563,0.01328431,0.00682849,0E-8,0.000000,0.897587,0.000000,0.00765565,2026-03-22,2026-07-16,25,230,165,117,0.213675,1.279427,1.235634,0.522419,,,,,,,,GLOBAL_BASELINE_NO_ENTITY_RANKING,,,NOT_APPLICABLE_GLOBAL_BASELINE,HF9g-P5,,,,X 全窗基线 · 不参与实体赏罚,8393555,840,A168_HF9F_20260827_0900,2026-08-27 09:00:00
2026-04-15,145613033,-1,1,418.8152762871,-200.9004528440,-200.9004528440,0.2000000,6,6,0.50441650000000000,0.504416500000,-1.3614450872398682,-1.3614450872398682,-1.3614450872398682,0E-17,SENTINEL_DEALER,R03b_20260811_FULL_v1,L1_ELIGIBILITY,v2026-08-11,2026-03-21..2026-08-06,baccarat_bet02_101_all_pairs_incl_sentinel,round_win = game_pnl > 0 (decisive only),COMPATIBILITY_ONLY_NOT_PRODUCTION,36307.0055,32588.7024,482.3135,544,541,-0.01328431,-0.00682849,-0.01448415,-0.01328431,-482.3135,36307.0055,OK,0.0000,19.2925,4.0000,96.0000,AG03-UNRESOLVED,ALL5_LEVELS_bet23_to_bet27,19.2925,19.2925,24.1157,24.1157,24.1157,4.000000,4.000000,5.000000,5.000000,5.000000,96.000000,96.000000,95.000000,95.000000,95.000000,5.0,110.9321,101.2102,371.3814,381.1033,PENDING_AG03,FALSE,NOT_FOR_ENFORCEMENT,463.0210,31285.1543,482.3135,463.0210,19.2925,0.01328431,0.01275294,19.2925,463.0210,0.01275294,19.2925,19.2925,24.1157,24.1157,24.1157,463.0210,0.01275294,110.9321,101.2102,371.3814,381.1033,0.01022892,0.01049669,0.00053137,66.7408,60.2379,0.8915,19.2925,2.0970,1452.2802,21.6400,82.4672,64.4564,51.4311,63.5556,77.8372,103.2711,130.8798,158.4328,54.3647,0.0,2.059297,2.492824,1.050118,28,101,29,4,0.15672563,0.01328431,0.00682849,0E-8,0.000000,0.897587,0.000000,0.00765565,2026-03-22,2026-07-16,25,230,165,117,0.213675,1.279427,1.235634,0.522419,,,,,,,,GLOBAL_BASELINE_NO_ENTITY_RANKING,,,NOT_APPLICABLE_GLOBAL_BASELINE,HF9g-P5,,,,X 全窗基线 · 不参与实体赏罚,8393556,840,A168_HF9F_20260827_0900,2026-08-27 09:00:00
2026-04-15,145613033,2145,0,52.3519095359,-52.3519095359,-52.3519095359,0E-7,1,1,0.49324550000000000,0.493245500000,-0.9865810262130424,-0.9865810262130424,-0.9865810262130424,0E-17,ELIGIBLE,R03b_20260811_FULL_v1,L1_ELIGIBILITY,v2026-08-11,2026-03-21..2026-08-06,baccarat_bet02_101_all_pairs_incl_sentinel,round_win = game_pnl > 0 (decisive only),COMPATIBILITY_ONLY_NOT_PRODUCTION,36307.0055,32588.7024,482.3135,544,541,-0.01328431,-0.00682849,-0.01448415,-0.01328431,-482.3135,36307.0055,OK,0.0000,19.2925,4.0000,96.0000,AG03-UNRESOLVED,ALL5_LEVELS_bet23_to_bet27,19.2925,19.2925,24.1157,24.1157,24.1157,4.000000,4.000000,5.000000,5.000000,5.000000,96.000000,96.000000,95.000000,95.000000,95.000000,5.0,110.9321,101.2102,371.3814,381.1033,PENDING_AG03,FALSE,NOT_FOR_ENFORCEMENT,463.0210,31285.1543,482.3135,463.0210,19.2925,0.01328431,0.01275294,19.2925,463.0210,0.01275294,19.2925,19.2925,24.1157,24.1157,24.1157,463.0210,0.01275294,110.9321,101.2102,371.3814,381.1033,0.01022892,0.01049669,0.00053137,66.7408,60.2379,0.8915,19.2925,2.0970,1452.2802,21.6400,82.4672,64.4564,51.4311,63.5556,77.8372,103.2711,130.8798,158.4328,54.3647,0.0,2.059297,2.492824,1.050118,28,101,29,4,0.15672563,0.01328431,0.00682849,0E-8,0.000000,0.897587,0.000000,0.00765565,2026-03-22,2026-07-16,25,230,165,117,0.213675,1.279427,1.235634,0.522419,,,,,,,,GLOBAL_BASELINE_NO_ENTITY_RANKING,,,NOT_APPLICABLE_GLOBAL_BASELINE,HF9g-P5,,,,X 全窗基线 · 不参与实体赏罚,8393557,840,A168_HF9F_20260827_0900,2026-08-27 09:00:00
2026-04-15,145613033,2202,0,57.5871004895,13.8732560270,13.8732560270,0.5000000,2,2,0.50665070000000000,0.506650700000,-0.018812684590367487,-0.018812684590367487,-0.018812684590367487,0E-17,ELIGIBLE,R03b_20260811_FULL_v1,L1_ELIGIBILITY,v2026-08-11,2026-03-21..2026-08-06,baccarat_bet02_101_all_pairs_incl_sentinel,round_win = game_pnl > 0 (decisive only),COMPATIBILITY_ONLY_NOT_PRODUCTION,36307.0055,32588.7024,482.3135,544,541,-0.01328431,-0.00682849,-0.01448415,-0.01328431,-482.3135,36307.0055,OK,0.0000,19.2925,4.0000,96.0000,AG03-UNRESOLVED,ALL5_LEVELS_bet23_to_bet27,19.2925,19.2925,24.1157,24.1157,24.1157,4.000000,4.000000,5.000000,5.000000,5.000000,96.000000,96.000000,95.000000,95.000000,95.000000,5.0,110.9321,101.2102,371.3814,381.1033,PENDING_AG03,FALSE,NOT_FOR_ENFORCEMENT,463.0210,31285.1543,482.3135,463.0210,19.2925,0.01328431,0.01275294,19.2925,463.0210,0.01275294,19.2925,19.2925,24.1157,24.1157,24.1157,463.0210,0.01275294,110.9321,101.2102,371.3814,381.1033,0.01022892,0.01049669,0.00053137,66.7408,60.2379,0.8915,19.2925,2.0970,1452.2802,21.6400,82.4672,64.4564,51.4311,63.5556,77.8372,103.2711,130.8798,158.4328,54.3647,0.0,2.059297,2.492824,1.050118,28,101,29,4,0.15672563,0.01328431,0.00682849,0E-8,0.000000,0.897587,0.000000,0.00765565,2026-03-22,2026-07-16,25,230,165,117,0.213675,1.279427,1.235634,0.522419,,,,,,,,GLOBAL_BASELINE_NO_ENTITY_RANKING,,,NOT_APPLICABLE_GLOBAL_BASELINE,HF9g-P5,,,,X 全窗基线 · 不参与实体赏罚,8393558,840,A168_HF9F_20260827_0900,2026-08-27 09:00:00
2026-04-15,145613033,2251,0,39.2639321519,37.3007355443,37.3007355443,1.0000000,1,1,0.50665070000000000,0.506650700000,0.9867858985152569,0.9867858985152569,0.9867858985152569,0E-17,ELIGIBLE,R03b_20260811_FULL_v1,L1_ELIGIBILITY,v2026-08-11,2026-03-21..2026-08-06,baccarat_bet02_101_all_pairs_incl_sentinel,round_win = game_pnl > 0 (decisive only),COMPATIBILITY_ONLY_NOT_PRODUCTION,36307.0055,32588.7024,482.3135,544,541,-0.01328431,-0.00682849,-0.01448415,-0.01328431,-482.3135,36307.0055,OK,0.0000,19.2925,4.0000,96.0000,AG03-UNRESOLVED,ALL5_LEVELS_bet23_to_bet27,19.2925,19.2925,24.1157,24.1157,24.1157,4.000000,4.000000,5.000000,5.000000,5.000000,96.000000,96.000000,95.000000,95.000000,95.000000,5.0,110.9321,101.2102,371.3814,381.1033,PENDING_AG03,FALSE,NOT_FOR_ENFORCEMENT,463.0210,31285.1543,482.3135,463.0210,19.2925,0.01328431,0.01275294,19.2925,463.0210,0.01275294,19.2925,19.2925,24.1157,24.1157,24.1157,463.0210,0.01275294,110.9321,101.2102,371.3814,381.1033,0.01022892,0.01049669,0.00053137,66.7408,60.2379,0.8915,19.2925,2.0970,1452.2802,21.6400,82.4672,64.4564,51.4311,63.5556,77.8372,103.2711,130.8798,158.4328,54.3647,0.0,2.059297,2.492824,1.050118,28,101,29,4,0.15672563,0.01328431,0.00682849,0E-8,0.000000,0.897587,0.000000,0.00765565,2026-03-22,2026-07-16,25,230,165,117,0.213675,1.279427,1.235634,0.522419,,,,,,,,GLOBAL_BASELINE_NO_ENTITY_RANKING,,,NOT_APPLICABLE_GLOBAL_BASELINE,HF9g-P5,,,,X 全窗基线 · 不参与实体赏罚,8393559,840,A168_HF9F_20260827_0900,2026-08-27 09:00:00
2026-04-18,145613033,-1,1,170.1437059918,85.0718529958,85.0718529958,0.3333333,3,3,0.50665070000000000,0.506650700000,-0.6004420894325239,-0.6004420894325239,-0.6004420894325239,0E-17,SENTINEL_DEALER,R03b_20260811_FULL_v1,L1_ELIGIBILITY,v2026-08-11,2026-03-21..2026-08-06,baccarat_bet02_101_all_pairs_incl_sentinel,round_win = game_pnl > 0 (decisive only),COMPATIBILITY_ONLY_NOT_PRODUCTION,36307.0055,32588.7024,482.3135,544,541,-0.01328431,-0.00682849,-0.01448415,-0.01328431,-482.3135,36307.0055,OK,0.0000,19.2925,4.0000,96.0000,AG03-UNRESOLVED,ALL5_LEVELS_bet23_to_bet27,19.2925,19.2925,24.1157,24.1157,24.1157,4.000000,4.000000,5.000000,5.000000,5.000000,96.000000,96.000000,95.000000,95.000000,95.000000,5.0,110.9321,101.2102,371.3814,381.1033,PENDING_AG03,FALSE,NOT_FOR_ENFORCEMENT,463.0210,31285.1543,482.3135,463.0210,19.2925,0.01328431,0.01275294,19.2925,463.0210,0.01275294,19.2925,19.2925,24.1157,24.1157,24.1157,463.0210,0.01275294,110.9321,101.2102,371.3814,381.1033,0.01022892,0.01049669,0.00053137,66.7408,60.2379,0.8915,19.2925,2.0970,1452.2802,21.6400,82.4672,64.4564,51.4311,63.5556,77.8372,103.2711,130.8798,158.4328,54.3647,0.0,2.059297,2.492824,1.050118,28,101,29,4,0.15672563,0.01328431,0.00682849,0E-8,0.000000,0.897587,0.000000,0.00765565,2026-03-22,2026-07-16,25,230,165,117,0.213675,1.279427,1.235634,0.522419,,,,,,,,GLOBAL_BASELINE_NO_ENTITY_RANKING,,,NOT_APPLICABLE_GLOBAL_BASELINE,HF9g-P5,,,,X 全窗基线 · 不参与实体赏罚,8393560,840,A168_HF9F_20260827_0900,2026-08-27 09:00:00
2026-04-18,145613033,1323,0,52.3519095360,-52.3519095360,-52.3519095360,0E-7,2,2,0.50665070000000000,0.506650700000,-1.4331513700195317,-1.4331513700195317,-1.4331513700195317,0E-17,ELIGIBLE,R03b_20260811_FULL_v1,L1_ELIGIBILITY,v2026-08-11,2026-03-21..2026-08-06,baccarat_bet02_101_all_pairs_incl_sentinel,round_win = game_pnl > 0 (decisive only),COMPATIBILITY_ONLY_NOT_PRODUCTION,36307.0055,32588.7024,482.3135,544,541,-0.01328431,-0.00682849,-0.01448415,-0.01328431,-482.3135,36307.0055,OK,0.0000,19.2925,4.0000,96.0000,AG03-UNRESOLVED,ALL5_LEVELS_bet23_to_bet27,19.2925,19.2925,24.1157,24.1157,24.1157,4.000000,4.000000,5.000000,5.000000,5.000000,96.000000,96.000000,95.000000,95.000000,95.000000,5.0,110.9321,101.2102,371.3814,381.1033,PENDING_AG03,FALSE,NOT_FOR_ENFORCEMENT,463.0210,31285.1543,482.3135,463.0210,19.2925,0.01328431,0.01275294,19.2925,463.0210,0.01275294,19.2925,19.2925,24.1157,24.1157,24.1157,463.0210,0.01275294,110.9321,101.2102,371.3814,381.1033,0.01022892,0.01049669,0.00053137,66.7408,60.2379,0.8915,19.2925,2.0970,1452.2802,21.6400,82.4672,64.4564,51.4311,63.5556,77.8372,103.2711,130.8798,158.4328,54.3647,0.0,2.059297,2.492824,1.050118,28,101,29,4,0.15672563,0.01328431,0.00682849,0E-8,0.000000,0.897587,0.000000,0.00765565,2026-03-22,2026-07-16,25,230,165,117,0.213675,1.279427,1.235634,0.522419,,,,,,,,GLOBAL_BASELINE_NO_ENTITY_RANKING,,,NOT_APPLICABLE_GLOBAL_BASELINE,HF9g-P5,,,,X 全窗基线 · 不参与实体赏罚,8393561,840,A168_HF9F_20260827_0900,2026-08-27 09:00:00
2026-04-18,145613033,1374,0,26.1759547680,-26.1759547680,-26.1759547680,0E-7,1,1,0.49324550000000000,0.493245500000,-0.9865810262130424,-0.9865810262130424,-0.9865810262130424,0E-17,ELIGIBLE,R03b_20260811_FULL_v1,L1_ELIGIBILITY,v2026-08-11,2026-03-21..2026-08-06,baccarat_bet02_101_all_pairs_incl_sentinel,round_win = game_pnl > 0 (decisive only),COMPATIBILITY_ONLY_NOT_PRODUCTION,36307.0055,32588.7024,482.3135,544,541,-0.01328431,-0.00682849,-0.01448415,-0.01328431,-482.3135,36307.0055,OK,0.0000,19.2925,4.0000,96.0000,AG03-UNRESOLVED,ALL5_LEVELS_bet23_to_bet27,19.2925,19.2925,24.1157,24.1157,24.1157,4.000000,4.000000,5.000000,5.000000,5.000000,96.000000,96.000000,95.000000,95.000000,95.000000,5.0,110.9321,101.2102,371.3814,381.1033,PENDING_AG03,FALSE,NOT_FOR_ENFORCEMENT,463.0210,31285.1543,482.3135,463.0210,19.2925,0.01328431,0.01275294,19.2925,463.0210,0.01275294,19.2925,19.2925,24.1157,24.1157,24.1157,463.0210,0.01275294,110.9321,101.2102,371.3814,381.1033,0.01022892,0.01049669,0.00053137,66.7408,60.2379,0.8915,19.2925,2.0970,1452.2802,21.6400,82.4672,64.4564,51.4311,63.5556,77.8372,103.2711,130.8798,158.4328,54.3647,0.0,2.059297,2.492824,1.050118,28,101,29,4,0.15672563,0.01328431,0.00682849,0E-8,0.000000,0.897587,0.000000,0.00765565,2026-03-22,2026-07-16,25,230,165,117,0.213675,1.279427,1.235634,0.522419,,,,,,,,GLOBAL_BASELINE_NO_ENTITY_RANKING,,,NOT_APPLICABLE_GLOBAL_BASELINE,HF9g-P5,,,,X 全窗基线 · 不参与实体赏罚,8393562,840,A168_HF9F_20260827_0900,2026-08-27 09:00:00
2026-04-18,145613033,1750,0,78.5278643039,-78.5278643039,-78.5278643039,0E-7,1,1,0.50665070000000000,0.506650700000,-1.013391052207602,-1.013391052207602,-1.013391052207602,0E-17,ELIGIBLE,R03b_20260811_FULL_v1,L1_ELIGIBILITY,v2026-08-11,2026-03-21..2026-08-06,baccarat_bet02_101_all_pairs_incl_sentinel,round_win = game_pnl > 0 (decisive only),COMPATIBILITY_ONLY_NOT_PRODUCTION,36307.0055,32588.7024,482.3135,544,541,-0.01328431,-0.00682849,-0.01448415,-0.01328431,-482.3135,36307.0055,OK,0.0000,19.2925,4.0000,96.0000,AG03-UNRESOLVED,ALL5_LEVELS_bet23_to_bet27,19.2925,19.2925,24.1157,24.1157,24.1157,4.000000,4.000000,5.000000,5.000000,5.000000,96.000000,96.000000,95.000000,95.000000,95.000000,5.0,110.9321,101.2102,371.3814,381.1033,PENDING_AG03,FALSE,NOT_FOR_ENFORCEMENT,463.0210,31285.1543,482.3135,463.0210,19.2925,0.01328431,0.01275294,19.2925,463.0210,0.01275294,19.2925,19.2925,24.1157,24.1157,24.1157,463.0210,0.01275294,110.9321,101.2102,371.3814,381.1033,0.01022892,0.01049669,0.00053137,66.7408,60.2379,0.8915,19.2925,2.0970,1452.2802,21.6400,82.4672,64.4564,51.4311,63.5556,77.8372,103.2711,130.8798,158.4328,54.3647,0.0,2.059297,2.492824,1.050118,28,101,29,4,0.15672563,0.01328431,0.00682849,0E-8,0.000000,0.897587,0.000000,0.00765565,2026-03-22,2026-07-16,25,230,165,117,0.213675,1.279427,1.235634,0.522419,,,,,,,,GLOBAL_BASELINE_NO_ENTITY_RANKING,,,NOT_APPLICABLE_GLOBAL_BASELINE,HF9g-P5,,,,X 全窗基线 · 不参与实体赏罚,8393563,840,A168_HF9F_20260827_0900,2026-08-27 09:00:00
2026-04-18,145613033,1941,0,141.3501557470,74.6014710887,74.6014710887,1.0000000,2,2,0.49994810000000000,0.499948100000,1.0001038053877793,1.0001038053877793,1.0001038053877793,0E-17,ELIGIBLE,R03b_20260811_FULL_v1,L1_ELIGIBILITY,v2026-08-11,2026-03-21..2026-08-06,baccarat_bet02_101_all_pairs_incl_sentinel,round_win = game_pnl > 0 (decisive only),COMPATIBILITY_ONLY_NOT_PRODUCTION,36307.0055,32588.7024,482.3135,544,541,-0.01328431,-0.00682849,-0.01448415,-0.01328431,-482.3135,36307.0055,OK,0.0000,19.2925,4.0000,96.0000,AG03-UNRESOLVED,ALL5_LEVELS_bet23_to_bet27,19.2925,19.2925,24.1157,24.1157,24.1157,4.000000,4.000000,5.000000,5.000000,5.000000,96.000000,96.000000,95.000000,95.000000,95.000000,5.0,110.9321,101.2102,371.3814,381.1033,PENDING_AG03,FALSE,NOT_FOR_ENFORCEMENT,463.0210,31285.1543,482.3135,463.0210,19.2925,0.01328431,0.01275294,19.2925,463.0210,0.01275294,19.2925,19.2925,24.1157,24.1157,24.1157,463.0210,0.01275294,110.9321,101.2102,371.3814,381.1033,0.01022892,0.01049669,0.00053137,66.7408,60.2379,0.8915,19.2925,2.0970,1452.2802,21.6400,82.4672,64.4564,51.4311,63.5556,77.8372,103.2711,130.8798,158.4328,54.3647,0.0,2.059297,2.492824,1.050118,28,101,29,4,0.15672563,0.01328431,0.00682849,0E-8,0.000000,0.897587,0.000000,0.00765565,2026-03-22,2026-07-16,25,230,165,117,0.213675,1.279427,1.235634,0.522419,,,,,,,,GLOBAL_BASELINE_NO_ENTITY_RANKING,,,NOT_APPLICABLE_GLOBAL_BASELINE,HF9g-P5,,,,X 全窗基线 · 不参与实体赏罚,8393564,840,A168_HF9F_20260827_0900,2026-08-27 09:00:00
2026-04-18,145613033,1966,0,68.0574823967,-68.0574823967,-68.0574823967,0E-7,1,1,0.50665070000000000,0.506650700000,-1.013391052207602,-1.013391052207602,-1.013391052207602,0E-17,ELIGIBLE,R03b_20260811_FULL_v1,L1_ELIGIBILITY,v2026-08-11,2026-03-21..2026-08-06,baccarat_bet02_101_all_pairs_incl_sentinel,round_win = game_pnl > 0 (decisive only),COMPATIBILITY_ONLY_NOT_PRODUCTION,36307.0055,32588.7024,482.3135,544,541,-0.01328431,-0.00682849,-0.01448415,-0.01328431,-482.3135,36307.0055,OK,0.0000,19.2925,4.0000,96.0000,AG03-UNRESOLVED,ALL5_LEVELS_bet23_to_bet27,19.2925,19.2925,24.1157,24.1157,24.1157,4.000000,4.000000,5.000000,5.000000,5.000000,96.000000,96.000000,95.000000,95.000000,95.000000,5.0,110.9321,101.2102,371.3814,381.1033,PENDING_AG03,FALSE,NOT_FOR_ENFORCEMENT,463.0210,31285.1543,482.3135,463.0210,19.2925,0.01328431,0.01275294,19.2925,463.0210,0.01275294,19.2925,19.2925,24.1157,24.1157,24.1157,463.0210,0.01275294,110.9321,101.2102,371.3814,381.1033,0.01022892,0.01049669,0.00053137,66.7408,60.2379,0.8915,19.2925,2.0970,1452.2802,21.6400,82.4672,64.4564,51.4311,63.5556,77.8372,103.2711,130.8798,158.4328,54.3647,0.0,2.059297,2.492824,1.050118,28,101,29,4,0.15672563,0.01328431,0.00682849,0E-8,0.000000,0.897587,0.000000,0.00765565,2026-03-22,2026-07-16,25,230,165,117,0.213675,1.279427,1.235634,0.522419,,,,,,,,GLOBAL_BASELINE_NO_ENTITY_RANKING,,,NOT_APPLICABLE_GLOBAL_BASELINE,HF9g-P5,,,,X 全窗基线 · 不参与实体赏罚,8393565,840,A168_HF9F_20260827_0900,2026-08-27 09:00:00
2026-04-18,145613033,2145,0,78.5278643039,-78.5278643039,-78.5278643039,0E-7,1,1,0.50665070000000000,0.506650700000,-1.013391052207602,-1.013391052207602,-1.013391052207602,0E-17,ELIGIBLE,R03b_20260811_FULL_v1,L1_ELIGIBILITY,v2026-08-11,2026-03-21..2026-08-06,baccarat_bet02_101_all_pairs_incl_sentinel,round_win = game_pnl > 0 (decisive only),COMPATIBILITY_ONLY_NOT_PRODUCTION,36307.0055,32588.7024,482.3135,544,541,-0.01328431,-0.00682849,-0.01448415,-0.01328431,-482.3135,36307.0055,OK,0.0000,19.2925,4.0000,96.0000,AG03-UNRESOLVED,ALL5_LEVELS_bet23_to_bet27,19.2925,19.2925,24.1157,24.1157,24.1157,4.000000,4.000000,5.000000,5.000000,5.000000,96.000000,96.000000,95.000000,95.000000,95.000000,5.0,110.9321,101.2102,371.3814,381.1033,PENDING_AG03,FALSE,NOT_FOR_ENFORCEMENT,463.0210,31285.1543,482.3135,463.0210,19.2925,0.01328431,0.01275294,19.2925,463.0210,0.01275294,19.2925,19.2925,24.1157,24.1157,24.1157,463.0210,0.01275294,110.9321,101.2102,371.3814,381.1033,0.01022892,0.01049669,0.00053137,66.7408,60.2379,0.8915,19.2925,2.0970,1452.2802,21.6400,82.4672,64.4564,51.4311,63.5556,77.8372,103.2711,130.8798,158.4328,54.3647,0.0,2.059297,2.492824,1.050118,28,101,29,4,0.15672563,0.01328431,0.00682849,0E-8,0.000000,0.897587,0.000000,0.00765565,2026-03-22,2026-07-16,25,230,165,117,0.213675,1.279427,1.235634,0.522419,,,,,,,,GLOBAL_BASELINE_NO_ENTITY_RANKING,,,NOT_APPLICABLE_GLOBAL_BASELINE,HF9g-P5,,,,X 全窗基线 · 不参与实体赏罚,8393566,840,A168_HF9F_20260827_0900,2026-08-27 09:00:00
2026-04-18,145613033,2155,0,70.6750778735,-70.6750778735,-70.6750778735,0E-7,1,1,0.49324550000000000,0.493245500000,-0.9865810262130424,-0.9865810262130424,-0.9865810262130424,0E-17,ELIGIBLE,R03b_20260811_FULL_v1,L1_ELIGIBILITY,v2026-08-11,2026-03-21..2026-08-06,baccarat_bet02_101_all_pairs_incl_sentinel,round_win = game_pnl > 0 (decisive only),COMPATIBILITY_ONLY_NOT_PRODUCTION,36307.0055,32588.7024,482.3135,544,541,-0.01328431,-0.00682849,-0.01448415,-0.01328431,-482.3135,36307.0055,OK,0.0000,19.2925,4.0000,96.0000,AG03-UNRESOLVED,ALL5_LEVELS_bet23_to_bet27,19.2925,19.2925,24.1157,24.1157,24.1157,4.000000,4.000000,5.000000,5.000000,5.000000,96.000000,96.000000,95.000000,95.000000,95.000000,5.0,110.9321,101.2102,371.3814,381.1033,PENDING_AG03,FALSE,NOT_FOR_ENFORCEMENT,463.0210,31285.1543,482.3135,463.0210,19.2925,0.01328431,0.01275294,19.2925,463.0210,0.01275294,19.2925,19.2925,24.1157,24.1157,24.1157,463.0210,0.01275294,110.9321,101.2102,371.3814,381.1033,0.01022892,0.01049669,0.00053137,66.7408,60.2379,0.8915,19.2925,2.0970,1452.2802,21.6400,82.4672,64.4564,51.4311,63.5556,77.8372,103.2711,130.8798,158.4328,54.3647,0.0,2.059297,2.492824,1.050118,28,101,29,4,0.15672563,0.01328431,0.00682849,0E-8,0.000000,0.897587,0.000000,0.00765565,2026-03-22,2026-07-16,25,230,165,117,0.213675,1.279427,1.235634,0.522419,,,,,,,,GLOBAL_BASELINE_NO_ENTITY_RANKING,,,NOT_APPLICABLE_GLOBAL_BASELINE,HF9g-P5,,,,X 全窗基线 · 不参与实体赏罚,8393567,840,A168_HF9F_20260827_0900,2026-08-27 09:00:00
2026-04-18,145613033,763,0,26.1759547680,0E-10,0E-10,,1,1,0.50665070000000000,0.506650700000,,,,0E-17,NO_DECISIVE_ROUND,R03b_20260811_FULL_v1,L1_ELIGIBILITY,v2026-08-11,2026-03-21..2026-08-06,baccarat_bet02_101_all_pairs_incl_sentinel,round_win = game_pnl > 0 (decisive only),COMPATIBILITY_ONLY_NOT_PRODUCTION,36307.0055,32588.7024,482.3135,544,541,-0.01328431,-0.00682849,-0.01448415,-0.01328431,-482.3135,36307.0055,OK,0.0000,19.2925,4.0000,96.0000,AG03-UNRESOLVED,ALL5_LEVELS_bet23_to_bet27,19.2925,19.2925,24.1157,24.1157,24.1157,4.000000,4.000000,5.000000,5.000000,5.000000,96.000000,96.000000,95.000000,95.000000,95.000000,5.0,110.9321,101.2102,371.3814,381.1033,PENDING_AG03,FALSE,NOT_FOR_ENFORCEMENT,463.0210,31285.1543,482.3135,463.0210,19.2925,0.01328431,0.01275294,19.2925,463.0210,0.01275294,19.2925,19.2925,24.1157,24.1157,24.1157,463.0210,0.01275294,110.9321,101.2102,371.3814,381.1033,0.01022892,0.01049669,0.00053137,66.7408,60.2379,0.8915,19.2925,2.0970,1452.2802,21.6400,82.4672,64.4564,51.4311,63.5556,77.8372,103.2711,130.8798,158.4328,54.3647,0.0,2.059297,2.492824,1.050118,28,101,29,4,0.15672563,0.01328431,0.00682849,0E-8,0.000000,0.897587,0.000000,0.00765565,2026-03-22,2026-07-16,25,230,165,117,0.213675,1.279427,1.235634,0.522419,,,,,,,,GLOBAL_BASELINE_NO_ENTITY_RANKING,,,NOT_APPLICABLE_GLOBAL_BASELINE,HF9g-P5,,,,X 全窗基线 · 不参与实体赏罚,8393568,840,A168_HF9F_20260827_0900,2026-08-27 09:00:00
2026-04-19,145613033,2267,0,26.1759547680,-26.1759547680,-26.1759547680,0E-7,1,1,0.49324550000000000,0.493245500000,-0.9865810262130424,-0.9865810262130424,-0.9865810262130424,0E-17,ELIGIBLE,R03b_20260811_FULL_v1,L1_ELIGIBILITY,v2026-08-11,2026-03-21..2026-08-06,baccarat_bet02_101_all_pairs_incl_sentinel,round_win = game_pnl > 0 (decisive only),COMPATIBILITY_ONLY_NOT_PRODUCTION,36307.0055,32588.7024,482.3135,544,541,-0.01328431,-0.00682849,-0.01448415,-0.01328431,-482.3135,36307.0055,OK,0.0000,19.2925,4.0000,96.0000,AG03-UNRESOLVED,ALL5_LEVELS_bet23_to_bet27,19.2925,19.2925,24.1157,24.1157,24.1157,4.000000,4.000000,5.000000,5.000000,5.000000,96.000000,96.000000,95.000000,95.000000,95.000000,5.0,110.9321,101.2102,371.3814,381.1033,PENDING_AG03,FALSE,NOT_FOR_ENFORCEMENT,463.0210,31285.1543,482.3135,463.0210,19.2925,0.01328431,0.01275294,19.2925,463.0210,0.01275294,19.2925,19.2925,24.1157,24.1157,24.1157,463.0210,0.01275294,110.9321,101.2102,371.3814,381.1033,0.01022892,0.01049669,0.00053137,66.7408,60.2379,0.8915,19.2925,2.0970,1452.2802,21.6400,82.4672,64.4564,51.4311,63.5556,77.8372,103.2711,130.8798,158.4328,54.3647,0.0,2.059297,2.492824,1.050118,28,101,29,4,0.15672563,0.01328431,0.00682849,0E-8,0.000000,0.897587,0.000000,0.00765565,2026-03-22,2026-07-16,25,230,165,117,0.213675,1.279427,1.235634,0.522419,,,,,,,,GLOBAL_BASELINE_NO_ENTITY_RANKING,,,NOT_APPLICABLE_GLOBAL_BASELINE,HF9g-P5,,,,X 全窗基线 · 不参与实体赏罚,8393569,840,A168_HF9F_20260827_0900,2026-08-27 09:00:00
2026-04-29,145613033,1490,0,29.0553097924,-4.3452084914,-4.3452084914,0.6666667,3,3,0.50218230000000000,0.502182300000,0.5697959874915163,0.5697959874915164,0.5697959874915163,0E-17,ELIGIBLE,R03b_20260811_FULL_v1,L1_ELIGIBILITY,v2026-08-11,2026-03-21..2026-08-06,baccarat_bet02_101_all_pairs_incl_sentinel,round_win = game_pnl > 0 (decisive only),COMPATIBILITY_ONLY_NOT_PRODUCTION,36307.0055,32588.7024,482.3135,544,541,-0.01328431,-0.00682849,-0.01448415,-0.01328431,-482.3135,36307.0055,OK,0.0000,19.2925,4.0000,96.0000,AG03-UNRESOLVED,ALL5_LEVELS_bet23_to_bet27,19.2925,19.2925,24.1157,24.1157,24.1157,4.000000,4.000000,5.000000,5.000000,5.000000,96.000000,96.000000,95.000000,95.000000,95.000000,5.0,110.9321,101.2102,371.3814,381.1033,PENDING_AG03,FALSE,NOT_FOR_ENFORCEMENT,463.0210,31285.1543,482.3135,463.0210,19.2925,0.01328431,0.01275294,19.2925,463.0210,0.01275294,19.2925,19.2925,24.1157,24.1157,24.1157,463.0210,0.01275294,110.9321,101.2102,371.3814,381.1033,0.01022892,0.01049669,0.00053137,66.7408,60.2379,0.8915,19.2925,2.0970,1452.2802,21.6400,82.4672,64.4564,51.4311,63.5556,77.8372,103.2711,130.8798,158.4328,54.3647,0.0,2.059297,2.492824,1.050118,28,101,29,4,0.15672563,0.01328431,0.00682849,0E-8,0.000000,0.897587,0.000000,0.00765565,2026-03-22,2026-07-16,25,230,165,117,0.213675,1.279427,1.235634,0.522419,,,,,,,,GLOBAL_BASELINE_NO_ENTITY_RANKING,,,NOT_APPLICABLE_GLOBAL_BASELINE,HF9g-P5,,,,X 全窗基线 · 不参与实体赏罚,8393570,840,A168_HF9F_20260827_0900,2026-08-27 09:00:00
2026-04-30,145613033,-1,1,123.0269874094,-123.0269874094,-123.0269874094,0E-7,2,2,0.50665070000000000,0.506650700000,-1.4331513700195317,-1.4331513700195317,-1.4331513700195317,0E-17,SENTINEL_DEALER,R03b_20260811_FULL_v1,L1_ELIGIBILITY,v2026-08-11,2026-03-21..2026-08-06,baccarat_bet02_101_all_pairs_incl_sentinel,round_win = game_pnl > 0 (decisive only),COMPATIBILITY_ONLY_NOT_PRODUCTION,36307.0055,32588.7024,482.3135,544,541,-0.01328431,-0.00682849,-0.01448415,-0.01328431,-482.3135,36307.0055,OK,0.0000,19.2925,4.0000,96.0000,AG03-UNRESOLVED,ALL5_LEVELS_bet23_to_bet27,19.2925,19.2925,24.1157,24.1157,24.1157,4.000000,4.000000,5.000000,5.000000,5.000000,96.000000,96.000000,95.000000,95.000000,95.000000,5.0,110.9321,101.2102,371.3814,381.1033,PENDING_AG03,FALSE,NOT_FOR_ENFORCEMENT,463.0210,31285.1543,482.3135,463.0210,19.2925,0.01328431,0.01275294,19.2925,463.0210,0.01275294,19.2925,19.2925,24.1157,24.1157,24.1157,463.0210,0.01275294,110.9321,101.2102,371.3814,381.1033,0.01022892,0.01049669,0.00053137,66.7408,60.2379,0.8915,19.2925,2.0970,1452.2802,21.6400,82.4672,64.4564,51.4311,63.5556,77.8372,103.2711,130.8798,158.4328,54.3647,0.0,2.059297,2.492824,1.050118,28,101,29,4,0.15672563,0.01328431,0.00682849,0E-8,0.000000,0.897587,0.000000,0.00765565,2026-03-22,2026-07-16,25,230,165,117,0.213675,1.279427,1.235634,0.522419,,,,,,,,GLOBAL_BASELINE_NO_ENTITY_RANKING,,,NOT_APPLICABLE_GLOBAL_BASELINE,HF9g-P5,,,,X 全窗基线 · 不参与实体赏罚,8393571,840,A168_HF9F_20260827_0900,2026-08-27 09:00:00
2026-04-30,145613033,1109,0,175.3788969453,78.5278643039,78.5278643039,0.6666667,3,3,0.49771390000000000,0.497713900000,0.5852756695216578,0.5852756695216578,0.5852756695216578,0E-17,ELIGIBLE,R03b_20260811_FULL_v1,L1_ELIGIBILITY,v2026-08-11,2026-03-21..2026-08-06,baccarat_bet02_101_all_pairs_incl_sentinel,round_win = game_pnl > 0 (decisive only),COMPATIBILITY_ONLY_NOT_PRODUCTION,36307.0055,32588.7024,482.3135,544,541,-0.01328431,-0.00682849,-0.01448415,-0.01328431,-482.3135,36307.0055,OK,0.0000,19.2925,4.0000,96.0000,AG03-UNRESOLVED,ALL5_LEVELS_bet23_to_bet27,19.2925,19.2925,24.1157,24.1157,24.1157,4.000000,4.000000,5.000000,5.000000,5.000000,96.000000,96.000000,95.000000,95.000000,95.000000,5.0,110.9321,101.2102,371.3814,381.1033,PENDING_AG03,FALSE,NOT_FOR_ENFORCEMENT,463.0210,31285.1543,482.3135,463.0210,19.2925,0.01328431,0.01275294,19.2925,463.0210,0.01275294,19.2925,19.2925,24.1157,24.1157,24.1157,463.0210,0.01275294,110.9321,101.2102,371.3814,381.1033,0.01022892,0.01049669,0.00053137,66.7408,60.2379,0.8915,19.2925,2.0970,1452.2802,21.6400,82.4672,64.4564,51.4311,63.5556,77.8372,103.2711,130.8798,158.4328,54.3647,0.0,2.059297,2.492824,1.050118,28,101,29,4,0.15672563,0.01328431,0.00682849,0E-8,0.000000,0.897587,0.000000,0.00765565,2026-03-22,2026-07-16,25,230,165,117,0.213675,1.279427,1.235634,0.522419,,,,,,,,GLOBAL_BASELINE_NO_ENTITY_RANKING,,,NOT_APPLICABLE_GLOBAL_BASELINE,HF9g-P5,,,,X 全窗基线 · 不参与实体赏罚,8393572,840,A168_HF9F_20260827_0900,2026-08-27 09:00:00
2026-04-30,145613033,1302,0,26.1759547680,26.1759547680,26.1759547680,1.0000000,1,1,0.49324550000000000,0.493245500000,1.01360149184955,1.01360149184955,1.01360149184955,0E-17,ELIGIBLE,R03b_20260811_FULL_v1,L1_ELIGIBILITY,v2026-08-11,2026-03-21..2026-08-06,baccarat_bet02_101_all_pairs_incl_sentinel,round_win = game_pnl > 0 (decisive only),COMPATIBILITY_ONLY_NOT_PRODUCTION,36307.0055,32588.7024,482.3135,544,541,-0.01328431,-0.00682849,-0.01448415,-0.01328431,-482.3135,36307.0055,OK,0.0000,19.2925,4.0000,96.0000,AG03-UNRESOLVED,ALL5_LEVELS_bet23_to_bet27,19.2925,19.2925,24.1157,24.1157,24.1157,4.000000,4.000000,5.000000,5.000000,5.000000,96.000000,96.000000,95.000000,95.000000,95.000000,5.0,110.9321,101.2102,371.3814,381.1033,PENDING_AG03,FALSE,NOT_FOR_ENFORCEMENT,463.0210,31285.1543,482.3135,463.0210,19.2925,0.01328431,0.01275294,19.2925,463.0210,0.01275294,19.2925,19.2925,24.1157,24.1157,24.1157,463.0210,0.01275294,110.9321,101.2102,371.3814,381.1033,0.01022892,0.01049669,0.00053137,66.7408,60.2379,0.8915,19.2925,2.0970,1452.2802,21.6400,82.4672,64.4564,51.4311,63.5556,77.8372,103.2711,130.8798,158.4328,54.3647,0.0,2.059297,2.492824,1.050118,28,101,29,4,0.15672563,0.01328431,0.00682849,0E-8,0.000000,0.897587,0.000000,0.00765565,2026-03-22,2026-07-16,25,230,165,117,0.213675,1.279427,1.235634,0.522419,,,,,,,,GLOBAL_BASELINE_NO_ENTITY_RANKING,,,NOT_APPLICABLE_GLOBAL_BASELINE,HF9g-P5,,,,X 全窗基线 · 不参与实体赏罚,8393573,840,A168_HF9F_20260827_0900,2026-08-27 09:00:00
2026-04-30,145613033,1382,0,26.1759547680,-26.1759547680,-26.1759547680,0E-7,1,1,0.50665070000000000,0.506650700000,-1.013391052207602,-1.013391052207602,-1.013391052207602,0E-17,ELIGIBLE,R03b_20260811_FULL_v1,L1_ELIGIBILITY,v2026-08-11,2026-03-21..2026-08-06,baccarat_bet02_101_all_pairs_incl_sentinel,round_win = game_pnl > 0 (decisive only),COMPATIBILITY_ONLY_NOT_PRODUCTION,36307.0055,32588.7024,482.3135,544,541,-0.01328431,-0.00682849,-0.01448415,-0.01328431,-482.3135,36307.0055,OK,0.0000,19.2925,4.0000,96.0000,AG03-UNRESOLVED,ALL5_LEVELS_bet23_to_bet27,19.2925,19.2925,24.1157,24.1157,24.1157,4.000000,4.000000,5.000000,5.000000,5.000000,96.000000,96.000000,95.000000,95.000000,95.000000,5.0,110.9321,101.2102,371.3814,381.1033,PENDING_AG03,FALSE,NOT_FOR_ENFORCEMENT,463.0210,31285.1543,482.3135,463.0210,19.2925,0.01328431,0.01275294,19.2925,463.0210,0.01275294,19.2925,19.2925,24.1157,24.1157,24.1157,463.0210,0.01275294,110.9321,101.2102,371.3814,381.1033,0.01022892,0.01049669,0.00053137,66.7408,60.2379,0.8915,19.2925,2.0970,1452.2802,21.6400,82.4672,64.4564,51.4311,63.5556,77.8372,103.2711,130.8798,158.4328,54.3647,0.0,2.059297,2.492824,1.050118,28,101,29,4,0.15672563,0.01328431,0.00682849,0E-8,0.000000,0.897587,0.000000,0.00765565,2026-03-22,2026-07-16,25,230,165,117,0.213675,1.279427,1.235634,0.522419,,,,,,,,GLOBAL_BASELINE_NO_ENTITY_RANKING,,,NOT_APPLICABLE_GLOBAL_BASELINE,HF9g-P5,,,,X 全窗基线 · 不参与实体赏罚,8393574,840,A168_HF9F_20260827_0900,2026-08-27 09:00:00
2026-04-30,145613033,1402,0,78.5278643039,-78.5278643039,-78.5278643039,0E-7,1,1,0.50665070000000000,0.506650700000,-1.013391052207602,-1.013391052207602,-1.013391052207602,0E-17,ELIGIBLE,R03b_20260811_FULL_v1,L1_ELIGIBILITY,v2026-08-11,2026-03-21..2026-08-06,baccarat_bet02_101_all_pairs_incl_sentinel,round_win = game_pnl > 0 (decisive only),COMPATIBILITY_ONLY_NOT_PRODUCTION,36307.0055,32588.7024,482.3135,544,541,-0.01328431,-0.00682849,-0.01448415,-0.01328431,-482.3135,36307.0055,OK,0.0000,19.2925,4.0000,96.0000,AG03-UNRESOLVED,ALL5_LEVELS_bet23_to_bet27,19.2925,19.2925,24.1157,24.1157,24.1157,4.000000,4.000000,5.000000,5.000000,5.000000,96.000000,96.000000,95.000000,95.000000,95.000000,5.0,110.9321,101.2102,371.3814,381.1033,PENDING_AG03,FALSE,NOT_FOR_ENFORCEMENT,463.0210,31285.1543,482.3135,463.0210,19.2925,0.01328431,0.01275294,19.2925,463.0210,0.01275294,19.2925,19.2925,24.1157,24.1157,24.1157,463.0210,0.01275294,110.9321,101.2102,371.3814,381.1033,0.01022892,0.01049669,0.00053137,66.7408,60.2379,0.8915,19.2925,2.0970,1452.2802,21.6400,82.4672,64.4564,51.4311,63.5556,77.8372,103.2711,130.8798,158.4328,54.3647,0.0,2.059297,2.492824,1.050118,28,101,29,4,0.15672563,0.01328431,0.00682849,0E-8,0.000000,0.897587,0.000000,0.00765565,2026-03-22,2026-07-16,25,230,165,117,0.213675,1.279427,1.235634,0.522419,,,,,,,,GLOBAL_BASELINE_NO_ENTITY_RANKING,,,NOT_APPLICABLE_GLOBAL_BASELINE,HF9g-P5,,,,X 全窗基线 · 不参与实体赏罚,8393575,840,A168_HF9F_20260827_0900,2026-08-27 09:00:00
2026-04-30,145613033,1985,0,52.3519095359,-52.3519095359,-52.3519095359,0E-7,1,1,0.50665070000000000,0.506650700000,-1.013391052207602,-1.013391052207602,-1.013391052207602,0E-17,ELIGIBLE,R03b_20260811_FULL_v1,L1_ELIGIBILITY,v2026-08-11,2026-03-21..2026-08-06,baccarat_bet02_101_all_pairs_incl_sentinel,round_win = game_pnl > 0 (decisive only),COMPATIBILITY_ONLY_NOT_PRODUCTION,36307.0055,32588.7024,482.3135,544,541,-0.01328431,-0.00682849,-0.01448415,-0.01328431,-482.3135,36307.0055,OK,0.0000,19.2925,4.0000,96.0000,AG03-UNRESOLVED,ALL5_LEVELS_bet23_to_bet27,19.2925,19.2925,24.1157,24.1157,24.1157,4.000000,4.000000,5.000000,5.000000,5.000000,96.000000,96.000000,95.000000,95.000000,95.000000,5.0,110.9321,101.2102,371.3814,381.1033,PENDING_AG03,FALSE,NOT_FOR_ENFORCEMENT,463.0210,31285.1543,482.3135,463.0210,19.2925,0.01328431,0.01275294,19.2925,463.0210,0.01275294,19.2925,19.2925,24.1157,24.1157,24.1157,463.0210,0.01275294,110.9321,101.2102,371.3814,381.1033,0.01022892,0.01049669,0.00053137,66.7408,60.2379,0.8915,19.2925,2.0970,1452.2802,21.6400,82.4672,64.4564,51.4311,63.5556,77.8372,103.2711,130.8798,158.4328,54.3647,0.0,2.059297,2.492824,1.050118,28,101,29,4,0.15672563,0.01328431,0.00682849,0E-8,0.000000,0.897587,0.000000,0.00765565,2026-03-22,2026-07-16,25,230,165,117,0.213675,1.279427,1.235634,0.522419,,,,,,,,GLOBAL_BASELINE_NO_ENTITY_RANKING,,,NOT_APPLICABLE_GLOBAL_BASELINE,HF9g-P5,,,,X 全窗基线 · 不参与实体赏罚,8393576,840,A168_HF9F_20260827_0900,2026-08-27 09:00:00
2026-04-30,145613033,2142,0,52.3519095359,-52.3519095359,-52.3519095359,0E-7,1,1,0.50665070000000000,0.506650700000,-1.013391052207602,-1.013391052207602,-1.013391052207602,0E-17,ELIGIBLE,R03b_20260811_FULL_v1,L1_ELIGIBILITY,v2026-08-11,2026-03-21..2026-08-06,baccarat_bet02_101_all_pairs_incl_sentinel,round_win = game_pnl > 0 (decisive only),COMPATIBILITY_ONLY_NOT_PRODUCTION,36307.0055,32588.7024,482.3135,544,541,-0.01328431,-0.00682849,-0.01448415,-0.01328431,-482.3135,36307.0055,OK,0.0000,19.2925,4.0000,96.0000,AG03-UNRESOLVED,ALL5_LEVELS_bet23_to_bet27,19.2925,19.2925,24.1157,24.1157,24.1157,4.000000,4.000000,5.000000,5.000000,5.000000,96.000000,96.000000,95.000000,95.000000,95.000000,5.0,110.9321,101.2102,371.3814,381.1033,PENDING_AG03,FALSE,NOT_FOR_ENFORCEMENT,463.0210,31285.1543,482.3135,463.0210,19.2925,0.01328431,0.01275294,19.2925,463.0210,0.01275294,19.2925,19.2925,24.1157,24.1157,24.1157,463.0210,0.01275294,110.9321,101.2102,371.3814,381.1033,0.01022892,0.01049669,0.00053137,66.7408,60.2379,0.8915,19.2925,2.0970,1452.2802,21.6400,82.4672,64.4564,51.4311,63.5556,77.8372,103.2711,130.8798,158.4328,54.3647,0.0,2.059297,2.492824,1.050118,28,101,29,4,0.15672563,0.01328431,0.00682849,0E-8,0.000000,0.897587,0.000000,0.00765565,2026-03-22,2026-07-16,25,230,165,117,0.213675,1.279427,1.235634,0.522419,,,,,,,,GLOBAL_BASELINE_NO_ENTITY_RANKING,,,NOT_APPLICABLE_GLOBAL_BASELINE,HF9g-P5,,,,X 全窗基线 · 不参与实体赏罚,8393577,840,A168_HF9F_20260827_0900,2026-08-27 09:00:00
2026-04-30,145613033,2145,0,105.2273381672,-105.2273381672,-105.2273381672,0E-7,1,1,0.49324550000000000,0.493245500000,-0.9865810262130424,-0.9865810262130424,-0.9865810262130424,0E-17,ELIGIBLE,R03b_20260811_FULL_v1,L1_ELIGIBILITY,v2026-08-11,2026-03-21..2026-08-06,baccarat_bet02_101_all_pairs_incl_sentinel,round_win = game_pnl > 0 (decisive only),COMPATIBILITY_ONLY_NOT_PRODUCTION,36307.0055,32588.7024,482.3135,544,541,-0.01328431,-0.00682849,-0.01448415,-0.01328431,-482.3135,36307.0055,OK,0.0000,19.2925,4.0000,96.0000,AG03-UNRESOLVED,ALL5_LEVELS_bet23_to_bet27,19.2925,19.2925,24.1157,24.1157,24.1157,4.000000,4.000000,5.000000,5.000000,5.000000,96.000000,96.000000,95.000000,95.000000,95.000000,5.0,110.9321,101.2102,371.3814,381.1033,PENDING_AG03,FALSE,NOT_FOR_ENFORCEMENT,463.0210,31285.1543,482.3135,463.0210,19.2925,0.01328431,0.01275294,19.2925,463.0210,0.01275294,19.2925,19.2925,24.1157,24.1157,24.1157,463.0210,0.01275294,110.9321,101.2102,371.3814,381.1033,0.01022892,0.01049669,0.00053137,66.7408,60.2379,0.8915,19.2925,2.0970,1452.2802,21.6400,82.4672,64.4564,51.4311,63.5556,77.8372,103.2711,130.8798,158.4328,54.3647,0.0,2.059297,2.492824,1.050118,28,101,29,4,0.15672563,0.01328431,0.00682849,0E-8,0.000000,0.897587,0.000000,0.00765565,2026-03-22,2026-07-16,25,230,165,117,0.213675,1.279427,1.235634,0.522419,,,,,,,,GLOBAL_BASELINE_NO_ENTITY_RANKING,,,NOT_APPLICABLE_GLOBAL_BASELINE,HF9g-P5,,,,X 全窗基线 · 不参与实体赏罚,8393578,840,A168_HF9F_20260827_0900,2026-08-27 09:00:00
2026-04-30,145613033,2160,0,157.0557286078,0E-10,0E-10,0.5000000,2,2,0.49994810000000000,0.499948100000,0.00014679536856514622,0.00014679536856514622,0.00014679536856514622,0E-17,ELIGIBLE,R03b_20260811_FULL_v1,L1_ELIGIBILITY,v2026-08-11,2026-03-21..2026-08-06,baccarat_bet02_101_all_pairs_incl_sentinel,round_win = game_pnl > 0 (decisive only),COMPATIBILITY_ONLY_NOT_PRODUCTION,36307.0055,32588.7024,482.3135,544,541,-0.01328431,-0.00682849,-0.01448415,-0.01328431,-482.3135,36307.0055,OK,0.0000,19.2925,4.0000,96.0000,AG03-UNRESOLVED,ALL5_LEVELS_bet23_to_bet27,19.2925,19.2925,24.1157,24.1157,24.1157,4.000000,4.000000,5.000000,5.000000,5.000000,96.000000,96.000000,95.000000,95.000000,95.000000,5.0,110.9321,101.2102,371.3814,381.1033,PENDING_AG03,FALSE,NOT_FOR_ENFORCEMENT,463.0210,31285.1543,482.3135,463.0210,19.2925,0.01328431,0.01275294,19.2925,463.0210,0.01275294,19.2925,19.2925,24.1157,24.1157,24.1157,463.0210,0.01275294,110.9321,101.2102,371.3814,381.1033,0.01022892,0.01049669,0.00053137,66.7408,60.2379,0.8915,19.2925,2.0970,1452.2802,21.6400,82.4672,64.4564,51.4311,63.5556,77.8372,103.2711,130.8798,158.4328,54.3647,0.0,2.059297,2.492824,1.050118,28,101,29,4,0.15672563,0.01328431,0.00682849,0E-8,0.000000,0.897587,0.000000,0.00765565,2026-03-22,2026-07-16,25,230,165,117,0.213675,1.279427,1.235634,0.522419,,,,,,,,GLOBAL_BASELINE_NO_ENTITY_RANKING,,,NOT_APPLICABLE_GLOBAL_BASELINE,HF9g-P5,,,,X 全窗基线 · 不参与实体赏罚,8393579,840,A168_HF9F_20260827_0900,2026-08-27 09:00:00
2026-04-30,145613033,2201,0,75.9102688270,0.6543988692,0.6543988692,0.5000000,2,2,0.50665070000000000,0.506650700000,-0.018812684590367487,-0.018812684590367487,-0.018812684590367487,0E-17,ELIGIBLE,R03b_20260811_FULL_v1,L1_ELIGIBILITY,v2026-08-11,2026-03-21..2026-08-06,baccarat_bet02_101_all_pairs_incl_sentinel,round_win = game_pnl > 0 (decisive only),COMPATIBILITY_ONLY_NOT_PRODUCTION,36307.0055,32588.7024,482.3135,544,541,-0.01328431,-0.00682849,-0.01448415,-0.01328431,-482.3135,36307.0055,OK,0.0000,19.2925,4.0000,96.0000,AG03-UNRESOLVED,ALL5_LEVELS_bet23_to_bet27,19.2925,19.2925,24.1157,24.1157,24.1157,4.000000,4.000000,5.000000,5.000000,5.000000,96.000000,96.000000,95.000000,95.000000,95.000000,5.0,110.9321,101.2102,371.3814,381.1033,PENDING_AG03,FALSE,NOT_FOR_ENFORCEMENT,463.0210,31285.1543,482.3135,463.0210,19.2925,0.01328431,0.01275294,19.2925,463.0210,0.01275294,19.2925,19.2925,24.1157,24.1157,24.1157,463.0210,0.01275294,110.9321,101.2102,371.3814,381.1033,0.01022892,0.01049669,0.00053137,66.7408,60.2379,0.8915,19.2925,2.0970,1452.2802,21.6400,82.4672,64.4564,51.4311,63.5556,77.8372,103.2711,130.8798,158.4328,54.3647,0.0,2.059297,2.492824,1.050118,28,101,29,4,0.15672563,0.01328431,0.00682849,0E-8,0.000000,0.897587,0.000000,0.00765565,2026-03-22,2026-07-16,25,230,165,117,0.213675,1.279427,1.235634,0.522419,,,,,,,,GLOBAL_BASELINE_NO_ENTITY_RANKING,,,NOT_APPLICABLE_GLOBAL_BASELINE,HF9g-P5,,,,X 全窗基线 · 不参与实体赏罚,8393580,840,A168_HF9F_20260827_0900,2026-08-27 09:00:00
2026-04-30,145613033,2224,0,39.2639321519,37.3007355443,37.3007355443,1.0000000,1,1,0.50665070000000000,0.506650700000,0.9867858985152569,0.9867858985152569,0.9867858985152569,0E-17,ELIGIBLE,R03b_20260811_FULL_v1,L1_ELIGIBILITY,v2026-08-11,2026-03-21..2026-08-06,baccarat_bet02_101_all_pairs_incl_sentinel,round_win = game_pnl > 0 (decisive only),COMPATIBILITY_ONLY_NOT_PRODUCTION,36307.0055,32588.7024,482.3135,544,541,-0.01328431,-0.00682849,-0.01448415,-0.01328431,-482.3135,36307.0055,OK,0.0000,19.2925,4.0000,96.0000,AG03-UNRESOLVED,ALL5_LEVELS_bet23_to_bet27,19.2925,19.2925,24.1157,24.1157,24.1157,4.000000,4.000000,5.000000,5.000000,5.000000,96.000000,96.000000,95.000000,95.000000,95.000000,5.0,110.9321,101.2102,371.3814,381.1033,PENDING_AG03,FALSE,NOT_FOR_ENFORCEMENT,463.0210,31285.1543,482.3135,463.0210,19.2925,0.01328431,0.01275294,19.2925,463.0210,0.01275294,19.2925,19.2925,24.1157,24.1157,24.1157,463.0210,0.01275294,110.9321,101.2102,371.3814,381.1033,0.01022892,0.01049669,0.00053137,66.7408,60.2379,0.8915,19.2925,2.0970,1452.2802,21.6400,82.4672,64.4564,51.4311,63.5556,77.8372,103.2711,130.8798,158.4328,54.3647,0.0,2.059297,2.492824,1.050118,28,101,29,4,0.15672563,0.01328431,0.00682849,0E-8,0.000000,0.897587,0.000000,0.00765565,2026-03-22,2026-07-16,25,230,165,117,0.213675,1.279427,1.235634,0.522419,,,,,,,,GLOBAL_BASELINE_NO_ENTITY_RANKING,,,NOT_APPLICABLE_GLOBAL_BASELINE,HF9g-P5,,,,X 全窗基线 · 不参与实体赏罚,8393581,840,A168_HF9F_20260827_0900,2026-08-27 09:00:00
2026-04-30,145613033,2254,0,52.3519095359,-52.3519095359,-52.3519095359,0E-7,1,1,0.50665070000000000,0.506650700000,-1.013391052207602,-1.013391052207602,-1.013391052207602,0E-17,ELIGIBLE,R03b_20260811_FULL_v1,L1_ELIGIBILITY,v2026-08-11,2026-03-21..2026-08-06,baccarat_bet02_101_all_pairs_incl_sentinel,round_win = game_pnl > 0 (decisive only),COMPATIBILITY_ONLY_NOT_PRODUCTION,36307.0055,32588.7024,482.3135,544,541,-0.01328431,-0.00682849,-0.01448415,-0.01328431,-482.3135,36307.0055,OK,0.0000,19.2925,4.0000,96.0000,AG03-UNRESOLVED,ALL5_LEVELS_bet23_to_bet27,19.2925,19.2925,24.1157,24.1157,24.1157,4.000000,4.000000,5.000000,5.000000,5.000000,96.000000,96.000000,95.000000,95.000000,95.000000,5.0,110.9321,101.2102,371.3814,381.1033,PENDING_AG03,FALSE,NOT_FOR_ENFORCEMENT,463.0210,31285.1543,482.3135,463.0210,19.2925,0.01328431,0.01275294,19.2925,463.0210,0.01275294,19.2925,19.2925,24.1157,24.1157,24.1157,463.0210,0.01275294,110.9321,101.2102,371.3814,381.1033,0.01022892,0.01049669,0.00053137,66.7408,60.2379,0.8915,19.2925,2.0970,1452.2802,21.6400,82.4672,64.4564,51.4311,63.5556,77.8372,103.2711,130.8798,158.4328,54.3647,0.0,2.059297,2.492824,1.050118,28,101,29,4,0.15672563,0.01328431,0.00682849,0E-8,0.000000,0.897587,0.000000,0.00765565,2026-03-22,2026-07-16,25,230,165,117,0.213675,1.279427,1.235634,0.522419,,,,,,,,GLOBAL_BASELINE_NO_ENTITY_RANKING,,,NOT_APPLICABLE_GLOBAL_BASELINE,HF9g-P5,,,,X 全窗基线 · 不参与实体赏罚,8393582,840,A168_HF9F_20260827_0900,2026-08-27 09:00:00
2026-05-04,145613033,-1,1,134.9177520627,132.9718229464,132.9718229464,1.0000000,3,3,0.49771390000000000,0.497713900000,1.739988277604938,1.739988277604938,1.739988277604938,0E-17,SENTINEL_DEALER,R03b_20260811_FULL_v1,L1_ELIGIBILITY,v2026-08-11,2026-03-21..2026-08-06,baccarat_bet02_101_all_pairs_incl_sentinel,round_win = game_pnl > 0 (decisive only),COMPATIBILITY_ONLY_NOT_PRODUCTION,36307.0055,32588.7024,482.3135,544,541,-0.01328431,-0.00682849,-0.01448415,-0.01328431,-482.3135,36307.0055,OK,0.0000,19.2925,4.0000,96.0000,AG03-UNRESOLVED,ALL5_LEVELS_bet23_to_bet27,19.2925,19.2925,24.1157,24.1157,24.1157,4.000000,4.000000,5.000000,5.000000,5.000000,96.000000,96.000000,95.000000,95.000000,95.000000,5.0,110.9321,101.2102,371.3814,381.1033,PENDING_AG03,FALSE,NOT_FOR_ENFORCEMENT,463.0210,31285.1543,482.3135,463.0210,19.2925,0.01328431,0.01275294,19.2925,463.0210,0.01275294,19.2925,19.2925,24.1157,24.1157,24.1157,463.0210,0.01275294,110.9321,101.2102,371.3814,381.1033,0.01022892,0.01049669,0.00053137,66.7408,60.2379,0.8915,19.2925,2.0970,1452.2802,21.6400,82.4672,64.4564,51.4311,63.5556,77.8372,103.2711,130.8798,158.4328,54.3647,0.0,2.059297,2.492824,1.050118,28,101,29,4,0.15672563,0.01328431,0.00682849,0E-8,0.000000,0.897587,0.000000,0.00765565,2026-03-22,2026-07-16,25,230,165,117,0.213675,1.279427,1.235634,0.522419,,,,,,,,GLOBAL_BASELINE_NO_ENTITY_RANKING,,,NOT_APPLICABLE_GLOBAL_BASELINE,HF9g-P5,,,,X 全窗基线 · 不参与实体赏罚,8393583,840,A168_HF9F_20260827_0900,2026-08-27 09:00:00
2026-05-04,145613033,2252,0,77.8371646516,0E-10,0E-10,0.5000000,2,2,0.49994810000000000,0.499948100000,0.00014679536856514622,0.00014679536856514622,0.00014679536856514622,0E-17,ELIGIBLE,R03b_20260811_FULL_v1,L1_ELIGIBILITY,v2026-08-11,2026-03-21..2026-08-06,baccarat_bet02_101_all_pairs_incl_sentinel,round_win = game_pnl > 0 (decisive only),COMPATIBILITY_ONLY_NOT_PRODUCTION,36307.0055,32588.7024,482.3135,544,541,-0.01328431,-0.00682849,-0.01448415,-0.01328431,-482.3135,36307.0055,OK,0.0000,19.2925,4.0000,96.0000,AG03-UNRESOLVED,ALL5_LEVELS_bet23_to_bet27,19.2925,19.2925,24.1157,24.1157,24.1157,4.000000,4.000000,5.000000,5.000000,5.000000,96.000000,96.000000,95.000000,95.000000,95.000000,5.0,110.9321,101.2102,371.3814,381.1033,PENDING_AG03,FALSE,NOT_FOR_ENFORCEMENT,463.0210,31285.1543,482.3135,463.0210,19.2925,0.01328431,0.01275294,19.2925,463.0210,0.01275294,19.2925,19.2925,24.1157,24.1157,24.1157,463.0210,0.01275294,110.9321,101.2102,371.3814,381.1033,0.01022892,0.01049669,0.00053137,66.7408,60.2379,0.8915,19.2925,2.0970,1452.2802,21.6400,82.4672,64.4564,51.4311,63.5556,77.8372,103.2711,130.8798,158.4328,54.3647,0.0,2.059297,2.492824,1.050118,28,101,29,4,0.15672563,0.01328431,0.00682849,0E-8,0.000000,0.897587,0.000000,0.00765565,2026-03-22,2026-07-16,25,230,165,117,0.213675,1.279427,1.235634,0.522419,,,,,,,,GLOBAL_BASELINE_NO_ENTITY_RANKING,,,NOT_APPLICABLE_GLOBAL_BASELINE,HF9g-P5,,,,X 全窗基线 · 不参与实体赏罚,8393584,840,A168_HF9F_20260827_0900,2026-08-27 09:00:00
2026-05-04,145613033,2271,0,158.2689014582,154.6365004411,154.6365004411,1.0000000,4,4,0.49994810000000000,0.499948100000,2.0002076107755586,2.0002076107755586,2.0002076107755586,0E-17,ELIGIBLE,R03b_20260811_FULL_v1,L1_ELIGIBILITY,v2026-08-11,2026-03-21..2026-08-06,baccarat_bet02_101_all_pairs_incl_sentinel,round_win = game_pnl > 0 (decisive only),COMPATIBILITY_ONLY_NOT_PRODUCTION,36307.0055,32588.7024,482.3135,544,541,-0.01328431,-0.00682849,-0.01448415,-0.01328431,-482.3135,36307.0055,OK,0.0000,19.2925,4.0000,96.0000,AG03-UNRESOLVED,ALL5_LEVELS_bet23_to_bet27,19.2925,19.2925,24.1157,24.1157,24.1157,4.000000,4.000000,5.000000,5.000000,5.000000,96.000000,96.000000,95.000000,95.000000,95.000000,5.0,110.9321,101.2102,371.3814,381.1033,PENDING_AG03,FALSE,NOT_FOR_ENFORCEMENT,463.0210,31285.1543,482.3135,463.0210,19.2925,0.01328431,0.01275294,19.2925,463.0210,0.01275294,19.2925,19.2925,24.1157,24.1157,24.1157,463.0210,0.01275294,110.9321,101.2102,371.3814,381.1033,0.01022892,0.01049669,0.00053137,66.7408,60.2379,0.8915,19.2925,2.0970,1452.2802,21.6400,82.4672,64.4564,51.4311,63.5556,77.8372,103.2711,130.8798,158.4328,54.3647,0.0,2.059297,2.492824,1.050118,28,101,29,4,0.15672563,0.01328431,0.00682849,0E-8,0.000000,0.897587,0.000000,0.00765565,2026-03-22,2026-07-16,25,230,165,117,0.213675,1.279427,1.235634,0.522419,,,,,,,,GLOBAL_BASELINE_NO_ENTITY_RANKING,,,NOT_APPLICABLE_GLOBAL_BASELINE,HF9g-P5,,,,X 全窗基线 · 不参与实体赏罚,8393585,840,A168_HF9F_20260827_0900,2026-08-27 09:00:00
2026-05-06,145613033,1942,0,51.8914431010,-51.8914431010,-51.8914431010,0E-7,1,1,0.49324550000000000,0.493245500000,-0.9865810262130424,-0.9865810262130424,-0.9865810262130424,0E-17,ELIGIBLE,R03b_20260811_FULL_v1,L1_ELIGIBILITY,v2026-08-11,2026-03-21..2026-08-06,baccarat_bet02_101_all_pairs_incl_sentinel,round_win = game_pnl > 0 (decisive only),COMPATIBILITY_ONLY_NOT_PRODUCTION,36307.0055,32588.7024,482.3135,544,541,-0.01328431,-0.00682849,-0.01448415,-0.01328431,-482.3135,36307.0055,OK,0.0000,19.2925,4.0000,96.0000,AG03-UNRESOLVED,ALL5_LEVELS_bet23_to_bet27,19.2925,19.2925,24.1157,24.1157,24.1157,4.000000,4.000000,5.000000,5.000000,5.000000,96.000000,96.000000,95.000000,95.000000,95.000000,5.0,110.9321,101.2102,371.3814,381.1033,PENDING_AG03,FALSE,NOT_FOR_ENFORCEMENT,463.0210,31285.1543,482.3135,463.0210,19.2925,0.01328431,0.01275294,19.2925,463.0210,0.01275294,19.2925,19.2925,24.1157,24.1157,24.1157,463.0210,0.01275294,110.9321,101.2102,371.3814,381.1033,0.01022892,0.01049669,0.00053137,66.7408,60.2379,0.8915,19.2925,2.0970,1452.2802,21.6400,82.4672,64.4564,51.4311,63.5556,77.8372,103.2711,130.8798,158.4328,54.3647,0.0,2.059297,2.492824,1.050118,28,101,29,4,0.15672563,0.01328431,0.00682849,0E-8,0.000000,0.897587,0.000000,0.00765565,2026-03-22,2026-07-16,25,230,165,117,0.213675,1.279427,1.235634,0.522419,,,,,,,,GLOBAL_BASELINE_NO_ENTITY_RANKING,,,NOT_APPLICABLE_GLOBAL_BASELINE,HF9g-P5,,,,X 全窗基线 · 不参与实体赏罚,8393586,840,A168_HF9F_20260827_0900,2026-08-27 09:00:00
2026-05-12,145613033,-1,1,3155.7781121883,-543.6925950900,-543.6925950900,0.4166667,50,50,0.50209293200000000,0.502092932000,-1.1837114250856409,-1.183711425085641,-1.1837114250856409,0E-17,SENTINEL_DEALER,R03b_20260811_FULL_v1,L1_ELIGIBILITY,v2026-08-11,2026-03-21..2026-08-06,baccarat_bet02_101_all_pairs_incl_sentinel,round_win = game_pnl > 0 (decisive only),COMPATIBILITY_ONLY_NOT_PRODUCTION,36307.0055,32588.7024,482.3135,544,541,-0.01328431,-0.00682849,-0.01448415,-0.01328431,-482.3135,36307.0055,OK,0.0000,19.2925,4.0000,96.0000,AG03-UNRESOLVED,ALL5_LEVELS_bet23_to_bet27,19.2925,19.2925,24.1157,24.1157,24.1157,4.000000,4.000000,5.000000,5.000000,5.000000,96.000000,96.000000,95.000000,95.000000,95.000000,5.0,110.9321,101.2102,371.3814,381.1033,PENDING_AG03,FALSE,NOT_FOR_ENFORCEMENT,463.0210,31285.1543,482.3135,463.0210,19.2925,0.01328431,0.01275294,19.2925,463.0210,0.01275294,19.2925,19.2925,24.1157,24.1157,24.1157,463.0210,0.01275294,110.9321,101.2102,371.3814,381.1033,0.01022892,0.01049669,0.00053137,66.7408,60.2379,0.8915,19.2925,2.0970,1452.2802,21.6400,82.4672,64.4564,51.4311,63.5556,77.8372,103.2711,130.8798,158.4328,54.3647,0.0,2.059297,2.492824,1.050118,28,101,29,4,0.15672563,0.01328431,0.00682849,0E-8,0.000000,0.897587,0.000000,0.00765565,2026-03-22,2026-07-16,25,230,165,117,0.213675,1.279427,1.235634,0.522419,,,,,,,,GLOBAL_BASELINE_NO_ENTITY_RANKING,,,NOT_APPLICABLE_GLOBAL_BASELINE,HF9g-P5,,,,X 全窗基线 · 不参与实体赏罚,8393587,840,A168_HF9F_20260827_0900,2026-08-27 09:00:00
2026-05-12,145613033,1210,0,539.6710082504,380.1048207149,380.1048207149,1.0000000,8,8,0.49659680000000000,0.496596800000,2.466219076795515,2.466219076795515,2.466219076795515,0E-17,ELIGIBLE,R03b_20260811_FULL_v1,L1_ELIGIBILITY,v2026-08-11,2026-03-21..2026-08-06,baccarat_bet02_101_all_pairs_incl_sentinel,round_win = game_pnl > 0 (decisive only),COMPATIBILITY_ONLY_NOT_PRODUCTION,36307.0055,32588.7024,482.3135,544,541,-0.01328431,-0.00682849,-0.01448415,-0.01328431,-482.3135,36307.0055,OK,0.0000,19.2925,4.0000,96.0000,AG03-UNRESOLVED,ALL5_LEVELS_bet23_to_bet27,19.2925,19.2925,24.1157,24.1157,24.1157,4.000000,4.000000,5.000000,5.000000,5.000000,96.000000,96.000000,95.000000,95.000000,95.000000,5.0,110.9321,101.2102,371.3814,381.1033,PENDING_AG03,FALSE,NOT_FOR_ENFORCEMENT,463.0210,31285.1543,482.3135,463.0210,19.2925,0.01328431,0.01275294,19.2925,463.0210,0.01275294,19.2925,19.2925,24.1157,24.1157,24.1157,463.0210,0.01275294,110.9321,101.2102,371.3814,381.1033,0.01022892,0.01049669,0.00053137,66.7408,60.2379,0.8915,19.2925,2.0970,1452.2802,21.6400,82.4672,64.4564,51.4311,63.5556,77.8372,103.2711,130.8798,158.4328,54.3647,0.0,2.059297,2.492824,1.050118,28,101,29,4,0.15672563,0.01328431,0.00682849,0E-8,0.000000,0.897587,0.000000,0.00765565,2026-03-22,2026-07-16,25,230,165,117,0.213675,1.279427,1.235634,0.522419,,,,,,,,GLOBAL_BASELINE_NO_ENTITY_RANKING,,,NOT_APPLICABLE_GLOBAL_BASELINE,HF9g-P5,,,,X 全窗基线 · 不参与实体赏罚,8393588,840,A168_HF9F_20260827_0900,2026-08-27 09:00:00
2026-05-12,145613033,1299,0,345.0780966219,194.7226402367,194.7226402367,0.8000000,5,5,0.50128862000000000,0.501288620000,1.335882339249048,1.335882339249048,1.335882339249048,0E-17,ELIGIBLE,R03b_20260811_FULL_v1,L1_ELIGIBILITY,v2026-08-11,2026-03-21..2026-08-06,baccarat_bet02_101_all_pairs_incl_sentinel,round_win = game_pnl > 0 (decisive only),COMPATIBILITY_ONLY_NOT_PRODUCTION,36307.0055,32588.7024,482.3135,544,541,-0.01328431,-0.00682849,-0.01448415,-0.01328431,-482.3135,36307.0055,OK,0.0000,19.2925,4.0000,96.0000,AG03-UNRESOLVED,ALL5_LEVELS_bet23_to_bet27,19.2925,19.2925,24.1157,24.1157,24.1157,4.000000,4.000000,5.000000,5.000000,5.000000,96.000000,96.000000,95.000000,95.000000,95.000000,5.0,110.9321,101.2102,371.3814,381.1033,PENDING_AG03,FALSE,NOT_FOR_ENFORCEMENT,463.0210,31285.1543,482.3135,463.0210,19.2925,0.01328431,0.01275294,19.2925,463.0210,0.01275294,19.2925,19.2925,24.1157,24.1157,24.1157,463.0210,0.01275294,110.9321,101.2102,371.3814,381.1033,0.01022892,0.01049669,0.00053137,66.7408,60.2379,0.8915,19.2925,2.0970,1452.2802,21.6400,82.4672,64.4564,51.4311,63.5556,77.8372,103.2711,130.8798,158.4328,54.3647,0.0,2.059297,2.492824,1.050118,28,101,29,4,0.15672563,0.01328431,0.00682849,0E-8,0.000000,0.897587,0.000000,0.00765565,2026-03-22,2026-07-16,25,230,165,117,0.213675,1.279427,1.235634,0.522419,,,,,,,,GLOBAL_BASELINE_NO_ENTITY_RANKING,,,NOT_APPLICABLE_GLOBAL_BASELINE,HF9g-P5,,,,X 全窗基线 · 不参与实体赏罚,8393589,840,A168_HF9F_20260827_0900,2026-08-27 09:00:00
2026-05-12,145613033,1304,0,196.1496549219,-91.9256914534,-91.9256914534,0.2500000,4,4,0.50329940000000000,0.503299400000,-1.013219660140378,-1.013219660140378,-1.013219660140378,0E-17,ELIGIBLE,R03b_20260811_FULL_v1,L1_ELIGIBILITY,v2026-08-11,2026-03-21..2026-08-06,baccarat_bet02_101_all_pairs_incl_sentinel,round_win = game_pnl > 0 (decisive only),COMPATIBILITY_ONLY_NOT_PRODUCTION,36307.0055,32588.7024,482.3135,544,541,-0.01328431,-0.00682849,-0.01448415,-0.01328431,-482.3135,36307.0055,OK,0.0000,19.2925,4.0000,96.0000,AG03-UNRESOLVED,ALL5_LEVELS_bet23_to_bet27,19.2925,19.2925,24.1157,24.1157,24.1157,4.000000,4.000000,5.000000,5.000000,5.000000,96.000000,96.000000,95.000000,95.000000,95.000000,5.0,110.9321,101.2102,371.3814,381.1033,PENDING_AG03,FALSE,NOT_FOR_ENFORCEMENT,463.0210,31285.1543,482.3135,463.0210,19.2925,0.01328431,0.01275294,19.2925,463.0210,0.01275294,19.2925,19.2925,24.1157,24.1157,24.1157,463.0210,0.01275294,110.9321,101.2102,371.3814,381.1033,0.01022892,0.01049669,0.00053137,66.7408,60.2379,0.8915,19.2925,2.0970,1452.2802,21.6400,82.4672,64.4564,51.4311,63.5556,77.8372,103.2711,130.8798,158.4328,54.3647,0.0,2.059297,2.492824,1.050118,28,101,29,4,0.15672563,0.01328431,0.00682849,0E-8,0.000000,0.897587,0.000000,0.00765565,2026-03-22,2026-07-16,25,230,165,117,0.213675,1.279427,1.235634,0.522419,,,,,,,,GLOBAL_BASELINE_NO_ENTITY_RANKING,,,NOT_APPLICABLE_GLOBAL_BASELINE,HF9g-P5,,,,X 全窗基线 · 不参与实体赏罚,8393590,840,A168_HF9F_20260827_0900,2026-08-27 09:00:00
2026-05-12,145613033,1306,0,435.8881220487,-81.7290228841,-81.7290228841,0.4285714,7,7,0.50282064285714286,0.502820642857,-0.39289616391791987,-0.3928961639171632,-0.39289616391791987,1.4286E-13,ELIGIBLE,R03b_20260811_FULL_v1,L1_ELIGIBILITY,v2026-08-11,2026-03-21..2026-08-06,baccarat_bet02_101_all_pairs_incl_sentinel,round_win = game_pnl > 0 (decisive only),COMPATIBILITY_ONLY_NOT_PRODUCTION,36307.0055,32588.7024,482.3135,544,541,-0.01328431,-0.00682849,-0.01448415,-0.01328431,-482.3135,36307.0055,OK,0.0000,19.2925,4.0000,96.0000,AG03-UNRESOLVED,ALL5_LEVELS_bet23_to_bet27,19.2925,19.2925,24.1157,24.1157,24.1157,4.000000,4.000000,5.000000,5.000000,5.000000,96.000000,96.000000,95.000000,95.000000,95.000000,5.0,110.9321,101.2102,371.3814,381.1033,PENDING_AG03,FALSE,NOT_FOR_ENFORCEMENT,463.0210,31285.1543,482.3135,463.0210,19.2925,0.01328431,0.01275294,19.2925,463.0210,0.01275294,19.2925,19.2925,24.1157,24.1157,24.1157,463.0210,0.01275294,110.9321,101.2102,371.3814,381.1033,0.01022892,0.01049669,0.00053137,66.7408,60.2379,0.8915,19.2925,2.0970,1452.2802,21.6400,82.4672,64.4564,51.4311,63.5556,77.8372,103.2711,130.8798,158.4328,54.3647,0.0,2.059297,2.492824,1.050118,28,101,29,4,0.15672563,0.01328431,0.00682849,0E-8,0.000000,0.897587,0.000000,0.00765565,2026-03-22,2026-07-16,25,230,165,117,0.213675,1.279427,1.235634,0.522419,,,,,,,,GLOBAL_BASELINE_NO_ENTITY_RANKING,,,NOT_APPLICABLE_GLOBAL_BASELINE,HF9g-P5,,,,X 全窗基线 · 不参与实体赏罚,8393591,840,A168_HF9F_20260827_0900,2026-08-27 09:00:00
2026-05-12,145613033,1490,0,64.8643038763,0E-10,0E-10,,1,1,0.49324550000000000,0.493245500000,,,,0E-17,NO_DECISIVE_ROUND,R03b_20260811_FULL_v1,L1_ELIGIBILITY,v2026-08-11,2026-03-21..2026-08-06,baccarat_bet02_101_all_pairs_incl_sentinel,round_win = game_pnl > 0 (decisive only),COMPATIBILITY_ONLY_NOT_PRODUCTION,36307.0055,32588.7024,482.3135,544,541,-0.01328431,-0.00682849,-0.01448415,-0.01328431,-482.3135,36307.0055,OK,0.0000,19.2925,4.0000,96.0000,AG03-UNRESOLVED,ALL5_LEVELS_bet23_to_bet27,19.2925,19.2925,24.1157,24.1157,24.1157,4.000000,4.000000,5.000000,5.000000,5.000000,96.000000,96.000000,95.000000,95.000000,95.000000,5.0,110.9321,101.2102,371.3814,381.1033,PENDING_AG03,FALSE,NOT_FOR_ENFORCEMENT,463.0210,31285.1543,482.3135,463.0210,19.2925,0.01328431,0.01275294,19.2925,463.0210,0.01275294,19.2925,19.2925,24.1157,24.1157,24.1157,463.0210,0.01275294,110.9321,101.2102,371.3814,381.1033,0.01022892,0.01049669,0.00053137,66.7408,60.2379,0.8915,19.2925,2.0970,1452.2802,21.6400,82.4672,64.4564,51.4311,63.5556,77.8372,103.2711,130.8798,158.4328,54.3647,0.0,2.059297,2.492824,1.050118,28,101,29,4,0.15672563,0.01328431,0.00682849,0E-8,0.000000,0.897587,0.000000,0.00765565,2026-03-22,2026-07-16,25,230,165,117,0.213675,1.279427,1.235634,0.522419,,,,,,,,GLOBAL_BASELINE_NO_ENTITY_RANKING,,,NOT_APPLICABLE_GLOBAL_BASELINE,HF9g-P5,,,,X 全窗基线 · 不参与实体赏罚,8393592,840,A168_HF9F_20260827_0900,2026-08-27 09:00:00
2026-05-12,145613033,1507,0,428.1044055833,-92.6262259352,-92.6262259352,0.4000000,6,6,0.50218230000000000,0.502182300000,-0.4569774904649096,-0.4569774904649096,-0.4569774904649096,0E-17,ELIGIBLE,R03b_20260811_FULL_v1,L1_ELIGIBILITY,v2026-08-11,2026-03-21..2026-08-06,baccarat_bet02_101_all_pairs_incl_sentinel,round_win = game_pnl > 0 (decisive only),COMPATIBILITY_ONLY_NOT_PRODUCTION,36307.0055,32588.7024,482.3135,544,541,-0.01328431,-0.00682849,-0.01448415,-0.01328431,-482.3135,36307.0055,OK,0.0000,19.2925,4.0000,96.0000,AG03-UNRESOLVED,ALL5_LEVELS_bet23_to_bet27,19.2925,19.2925,24.1157,24.1157,24.1157,4.000000,4.000000,5.000000,5.000000,5.000000,96.000000,96.000000,95.000000,95.000000,95.000000,5.0,110.9321,101.2102,371.3814,381.1033,PENDING_AG03,FALSE,NOT_FOR_ENFORCEMENT,463.0210,31285.1543,482.3135,463.0210,19.2925,0.01328431,0.01275294,19.2925,463.0210,0.01275294,19.2925,19.2925,24.1157,24.1157,24.1157,463.0210,0.01275294,110.9321,101.2102,371.3814,381.1033,0.01022892,0.01049669,0.00053137,66.7408,60.2379,0.8915,19.2925,2.0970,1452.2802,21.6400,82.4672,64.4564,51.4311,63.5556,77.8372,103.2711,130.8798,158.4328,54.3647,0.0,2.059297,2.492824,1.050118,28,101,29,4,0.15672563,0.01328431,0.00682849,0E-8,0.000000,0.897587,0.000000,0.00765565,2026-03-22,2026-07-16,25,230,165,117,0.213675,1.279427,1.235634,0.522419,,,,,,,,GLOBAL_BASELINE_NO_ENTITY_RANKING,,,NOT_APPLICABLE_GLOBAL_BASELINE,HF9g-P5,,,,X 全窗基线 · 不参与实体赏罚,8393593,840,A168_HF9F_20260827_0900,2026-08-27 09:00:00
2026-05-12,145613033,1645,0,168.6471900783,0E-10,0E-10,0.5000000,3,3,0.49771390000000000,0.497713900000,0.006466134837551399,0.0064661348375514,0.006466134837551399,0E-17,ELIGIBLE,R03b_20260811_FULL_v1,L1_ELIGIBILITY,v2026-08-11,2026-03-21..2026-08-06,baccarat_bet02_101_all_pairs_incl_sentinel,round_win = game_pnl > 0 (decisive only),COMPATIBILITY_ONLY_NOT_PRODUCTION,36307.0055,32588.7024,482.3135,544,541,-0.01328431,-0.00682849,-0.01448415,-0.01328431,-482.3135,36307.0055,OK,0.0000,19.2925,4.0000,96.0000,AG03-UNRESOLVED,ALL5_LEVELS_bet23_to_bet27,19.2925,19.2925,24.1157,24.1157,24.1157,4.000000,4.000000,5.000000,5.000000,5.000000,96.000000,96.000000,95.000000,95.000000,95.000000,5.0,110.9321,101.2102,371.3814,381.1033,PENDING_AG03,FALSE,NOT_FOR_ENFORCEMENT,463.0210,31285.1543,482.3135,463.0210,19.2925,0.01328431,0.01275294,19.2925,463.0210,0.01275294,19.2925,19.2925,24.1157,24.1157,24.1157,463.0210,0.01275294,110.9321,101.2102,371.3814,381.1033,0.01022892,0.01049669,0.00053137,66.7408,60.2379,0.8915,19.2925,2.0970,1452.2802,21.6400,82.4672,64.4564,51.4311,63.5556,77.8372,103.2711,130.8798,158.4328,54.3647,0.0,2.059297,2.492824,1.050118,28,101,29,4,0.15672563,0.01328431,0.00682849,0E-8,0.000000,0.897587,0.000000,0.00765565,2026-03-22,2026-07-16,25,230,165,117,0.213675,1.279427,1.235634,0.522419,,,,,,,,GLOBAL_BASELINE_NO_ENTITY_RANKING,,,NOT_APPLICABLE_GLOBAL_BASELINE,HF9g-P5,,,,X 全窗基线 · 不参与实体赏罚,8393594,840,A168_HF9F_20260827_0900,2026-08-27 09:00:00
2026-05-12,145613033,1704,0,337.2943801566,225.3385916663,225.3385916663,0.8333333,6,6,0.50218230000000000,0.502182300000,1.6223175713561095,1.6223175713561095,1.6223175713561095,0E-17,ELIGIBLE,R03b_20260811_FULL_v1,L1_ELIGIBILITY,v2026-08-11,2026-03-21..2026-08-06,baccarat_bet02_101_all_pairs_incl_sentinel,round_win = game_pnl > 0 (decisive only),COMPATIBILITY_ONLY_NOT_PRODUCTION,36307.0055,32588.7024,482.3135,544,541,-0.01328431,-0.00682849,-0.01448415,-0.01328431,-482.3135,36307.0055,OK,0.0000,19.2925,4.0000,96.0000,AG03-UNRESOLVED,ALL5_LEVELS_bet23_to_bet27,19.2925,19.2925,24.1157,24.1157,24.1157,4.000000,4.000000,5.000000,5.000000,5.000000,96.000000,96.000000,95.000000,95.000000,95.000000,5.0,110.9321,101.2102,371.3814,381.1033,PENDING_AG03,FALSE,NOT_FOR_ENFORCEMENT,463.0210,31285.1543,482.3135,463.0210,19.2925,0.01328431,0.01275294,19.2925,463.0210,0.01275294,19.2925,19.2925,24.1157,24.1157,24.1157,463.0210,0.01275294,110.9321,101.2102,371.3814,381.1033,0.01022892,0.01049669,0.00053137,66.7408,60.2379,0.8915,19.2925,2.0970,1452.2802,21.6400,82.4672,64.4564,51.4311,63.5556,77.8372,103.2711,130.8798,158.4328,54.3647,0.0,2.059297,2.492824,1.050118,28,101,29,4,0.15672563,0.01328431,0.00682849,0E-8,0.000000,0.897587,0.000000,0.00765565,2026-03-22,2026-07-16,25,230,165,117,0.213675,1.279427,1.235634,0.522419,,,,,,,,GLOBAL_BASELINE_NO_ENTITY_RANKING,,,NOT_APPLICABLE_GLOBAL_BASELINE,HF9g-P5,,,,X 全窗基线 · 不参与实体赏罚,8393595,840,A168_HF9F_20260827_0900,2026-08-27 09:00:00
2026-05-12,145613033,1935,0,38.9185823258,-38.9185823258,-38.9185823258,0E-7,1,1,0.50665070000000000,0.506650700000,-1.013391052207602,-1.013391052207602,-1.013391052207602,0E-17,ELIGIBLE,R03b_20260811_FULL_v1,L1_ELIGIBILITY,v2026-08-11,2026-03-21..2026-08-06,baccarat_bet02_101_all_pairs_incl_sentinel,round_win = game_pnl > 0 (decisive only),COMPATIBILITY_ONLY_NOT_PRODUCTION,36307.0055,32588.7024,482.3135,544,541,-0.01328431,-0.00682849,-0.01448415,-0.01328431,-482.3135,36307.0055,OK,0.0000,19.2925,4.0000,96.0000,AG03-UNRESOLVED,ALL5_LEVELS_bet23_to_bet27,19.2925,19.2925,24.1157,24.1157,24.1157,4.000000,4.000000,5.000000,5.000000,5.000000,96.000000,96.000000,95.000000,95.000000,95.000000,5.0,110.9321,101.2102,371.3814,381.1033,PENDING_AG03,FALSE,NOT_FOR_ENFORCEMENT,463.0210,31285.1543,482.3135,463.0210,19.2925,0.01328431,0.01275294,19.2925,463.0210,0.01275294,19.2925,19.2925,24.1157,24.1157,24.1157,463.0210,0.01275294,110.9321,101.2102,371.3814,381.1033,0.01022892,0.01049669,0.00053137,66.7408,60.2379,0.8915,19.2925,2.0970,1452.2802,21.6400,82.4672,64.4564,51.4311,63.5556,77.8372,103.2711,130.8798,158.4328,54.3647,0.0,2.059297,2.492824,1.050118,28,101,29,4,0.15672563,0.01328431,0.00682849,0E-8,0.000000,0.897587,0.000000,0.00765565,2026-03-22,2026-07-16,25,230,165,117,0.213675,1.279427,1.235634,0.522419,,,,,,,,GLOBAL_BASELINE_NO_ENTITY_RANKING,,,NOT_APPLICABLE_GLOBAL_BASELINE,HF9g-P5,,,,X 全窗基线 · 不参与实体赏罚,8393596,840,A168_HF9F_20260827_0900,2026-08-27 09:00:00
2026-05-12,145613033,1940,0,51.8914431010,-51.8914431010,-51.8914431010,0E-7,1,1,0.49324550000000000,0.493245500000,-0.9865810262130424,-0.9865810262130424,-0.9865810262130424,0E-17,ELIGIBLE,R03b_20260811_FULL_v1,L1_ELIGIBILITY,v2026-08-11,2026-03-21..2026-08-06,baccarat_bet02_101_all_pairs_incl_sentinel,round_win = game_pnl > 0 (decisive only),COMPATIBILITY_ONLY_NOT_PRODUCTION,36307.0055,32588.7024,482.3135,544,541,-0.01328431,-0.00682849,-0.01448415,-0.01328431,-482.3135,36307.0055,OK,0.0000,19.2925,4.0000,96.0000,AG03-UNRESOLVED,ALL5_LEVELS_bet23_to_bet27,19.2925,19.2925,24.1157,24.1157,24.1157,4.000000,4.000000,5.000000,5.000000,5.000000,96.000000,96.000000,95.000000,95.000000,95.000000,5.0,110.9321,101.2102,371.3814,381.1033,PENDING_AG03,FALSE,NOT_FOR_ENFORCEMENT,463.0210,31285.1543,482.3135,463.0210,19.2925,0.01328431,0.01275294,19.2925,463.0210,0.01275294,19.2925,19.2925,24.1157,24.1157,24.1157,463.0210,0.01275294,110.9321,101.2102,371.3814,381.1033,0.01022892,0.01049669,0.00053137,66.7408,60.2379,0.8915,19.2925,2.0970,1452.2802,21.6400,82.4672,64.4564,51.4311,63.5556,77.8372,103.2711,130.8798,158.4328,54.3647,0.0,2.059297,2.492824,1.050118,28,101,29,4,0.15672563,0.01328431,0.00682849,0E-8,0.000000,0.897587,0.000000,0.00765565,2026-03-22,2026-07-16,25,230,165,117,0.213675,1.279427,1.235634,0.522419,,,,,,,,GLOBAL_BASELINE_NO_ENTITY_RANKING,,,NOT_APPLICABLE_GLOBAL_BASELINE,HF9g-P5,,,,X 全窗基线 · 不参与实体赏罚,8393597,840,A168_HF9F_20260827_0900,2026-08-27 09:00:00
2026-05-12,145613033,1951,0,116.7557469773,12.9728607753,12.9728607753,0.5000000,2,2,0.49994810000000000,0.499948100000,0.00014679536856514622,0.00014679536856514622,0.00014679536856514622,0E-17,ELIGIBLE,R03b_20260811_FULL_v1,L1_ELIGIBILITY,v2026-08-11,2026-03-21..2026-08-06,baccarat_bet02_101_all_pairs_incl_sentinel,round_win = game_pnl > 0 (decisive only),COMPATIBILITY_ONLY_NOT_PRODUCTION,36307.0055,32588.7024,482.3135,544,541,-0.01328431,-0.00682849,-0.01448415,-0.01328431,-482.3135,36307.0055,OK,0.0000,19.2925,4.0000,96.0000,AG03-UNRESOLVED,ALL5_LEVELS_bet23_to_bet27,19.2925,19.2925,24.1157,24.1157,24.1157,4.000000,4.000000,5.000000,5.000000,5.000000,96.000000,96.000000,95.000000,95.000000,95.000000,5.0,110.9321,101.2102,371.3814,381.1033,PENDING_AG03,FALSE,NOT_FOR_ENFORCEMENT,463.0210,31285.1543,482.3135,463.0210,19.2925,0.01328431,0.01275294,19.2925,463.0210,0.01275294,19.2925,19.2925,24.1157,24.1157,24.1157,463.0210,0.01275294,110.9321,101.2102,371.3814,381.1033,0.01022892,0.01049669,0.00053137,66.7408,60.2379,0.8915,19.2925,2.0970,1452.2802,21.6400,82.4672,64.4564,51.4311,63.5556,77.8372,103.2711,130.8798,158.4328,54.3647,0.0,2.059297,2.492824,1.050118,28,101,29,4,0.15672563,0.01328431,0.00682849,0E-8,0.000000,0.897587,0.000000,0.00765565,2026-03-22,2026-07-16,25,230,165,117,0.213675,1.279427,1.235634,0.522419,,,,,,,,GLOBAL_BASELINE_NO_ENTITY_RANKING,,,NOT_APPLICABLE_GLOBAL_BASELINE,HF9g-P5,,,,X 全窗基线 · 不参与实体赏罚,8393598,840,A168_HF9F_20260827_0900,2026-08-27 09:00:00
2026-05-12,145613033,1990,0,25.9457215505,-25.9457215505,-25.9457215505,0E-7,1,1,0.50665070000000000,0.506650700000,-1.013391052207602,-1.013391052207602,-1.013391052207602,0E-17,ELIGIBLE,R03b_20260811_FULL_v1,L1_ELIGIBILITY,v2026-08-11,2026-03-21..2026-08-06,baccarat_bet02_101_all_pairs_incl_sentinel,round_win = game_pnl > 0 (decisive only),COMPATIBILITY_ONLY_NOT_PRODUCTION,36307.0055,32588.7024,482.3135,544,541,-0.01328431,-0.00682849,-0.01448415,-0.01328431,-482.3135,36307.0055,OK,0.0000,19.2925,4.0000,96.0000,AG03-UNRESOLVED,ALL5_LEVELS_bet23_to_bet27,19.2925,19.2925,24.1157,24.1157,24.1157,4.000000,4.000000,5.000000,5.000000,5.000000,96.000000,96.000000,95.000000,95.000000,95.000000,5.0,110.9321,101.2102,371.3814,381.1033,PENDING_AG03,FALSE,NOT_FOR_ENFORCEMENT,463.0210,31285.1543,482.3135,463.0210,19.2925,0.01328431,0.01275294,19.2925,463.0210,0.01275294,19.2925,19.2925,24.1157,24.1157,24.1157,463.0210,0.01275294,110.9321,101.2102,371.3814,381.1033,0.01022892,0.01049669,0.00053137,66.7408,60.2379,0.8915,19.2925,2.0970,1452.2802,21.6400,82.4672,64.4564,51.4311,63.5556,77.8372,103.2711,130.8798,158.4328,54.3647,0.0,2.059297,2.492824,1.050118,28,101,29,4,0.15672563,0.01328431,0.00682849,0E-8,0.000000,0.897587,0.000000,0.00765565,2026-03-22,2026-07-16,25,230,165,117,0.213675,1.279427,1.235634,0.522419,,,,,,,,GLOBAL_BASELINE_NO_ENTITY_RANKING,,,NOT_APPLICABLE_GLOBAL_BASELINE,HF9g-P5,,,,X 全窗基线 · 不参与实体赏罚,8393599,840,A168_HF9F_20260827_0900,2026-08-27 09:00:00
2026-05-12,145613033,2103,0,769.5501011880,260.1058585441,260.1058585441,0.5833333,12,12,0.50218230000000000,0.502182300000,0.5622362065305533,0.5622362065305534,0.5622362065305533,0E-17,ELIGIBLE,R03b_20260811_FULL_v1,L1_ELIGIBILITY,v2026-08-11,2026-03-21..2026-08-06,baccarat_bet02_101_all_pairs_incl_sentinel,round_win = game_pnl > 0 (decisive only),COMPATIBILITY_ONLY_NOT_PRODUCTION,36307.0055,32588.7024,482.3135,544,541,-0.01328431,-0.00682849,-0.01448415,-0.01328431,-482.3135,36307.0055,OK,0.0000,19.2925,4.0000,96.0000,AG03-UNRESOLVED,ALL5_LEVELS_bet23_to_bet27,19.2925,19.2925,24.1157,24.1157,24.1157,4.000000,4.000000,5.000000,5.000000,5.000000,96.000000,96.000000,95.000000,95.000000,95.000000,5.0,110.9321,101.2102,371.3814,381.1033,PENDING_AG03,FALSE,NOT_FOR_ENFORCEMENT,463.0210,31285.1543,482.3135,463.0210,19.2925,0.01328431,0.01275294,19.2925,463.0210,0.01275294,19.2925,19.2925,24.1157,24.1157,24.1157,463.0210,0.01275294,110.9321,101.2102,371.3814,381.1033,0.01022892,0.01049669,0.00053137,66.7408,60.2379,0.8915,19.2925,2.0970,1452.2802,21.6400,82.4672,64.4564,51.4311,63.5556,77.8372,103.2711,130.8798,158.4328,54.3647,0.0,2.059297,2.492824,1.050118,28,101,29,4,0.15672563,0.01328431,0.00682849,0E-8,0.000000,0.897587,0.000000,0.00765565,2026-03-22,2026-07-16,25,230,165,117,0.213675,1.279427,1.235634,0.522419,,,,,,,,GLOBAL_BASELINE_NO_ENTITY_RANKING,,,NOT_APPLICABLE_GLOBAL_BASELINE,HF9g-P5,,,,X 全窗基线 · 不参与实体赏罚,8393600,840,A168_HF9F_20260827_0900,2026-08-27 09:00:00
2026-05-12,145613033,2121,0,129.7286077525,-77.8371646515,-77.8371646515,0E-7,2,2,0.50665070000000000,0.506650700000,-1.013391052207602,-1.013391052207602,-1.013391052207602,0E-17,ELIGIBLE,R03b_20260811_FULL_v1,L1_ELIGIBILITY,v2026-08-11,2026-03-21..2026-08-06,baccarat_bet02_101_all_pairs_incl_sentinel,round_win = game_pnl > 0 (decisive only),COMPATIBILITY_ONLY_NOT_PRODUCTION,36307.0055,32588.7024,482.3135,544,541,-0.01328431,-0.00682849,-0.01448415,-0.01328431,-482.3135,36307.0055,OK,0.0000,19.2925,4.0000,96.0000,AG03-UNRESOLVED,ALL5_LEVELS_bet23_to_bet27,19.2925,19.2925,24.1157,24.1157,24.1157,4.000000,4.000000,5.000000,5.000000,5.000000,96.000000,96.000000,95.000000,95.000000,95.000000,5.0,110.9321,101.2102,371.3814,381.1033,PENDING_AG03,FALSE,NOT_FOR_ENFORCEMENT,463.0210,31285.1543,482.3135,463.0210,19.2925,0.01328431,0.01275294,19.2925,463.0210,0.01275294,19.2925,19.2925,24.1157,24.1157,24.1157,463.0210,0.01275294,110.9321,101.2102,371.3814,381.1033,0.01022892,0.01049669,0.00053137,66.7408,60.2379,0.8915,19.2925,2.0970,1452.2802,21.6400,82.4672,64.4564,51.4311,63.5556,77.8372,103.2711,130.8798,158.4328,54.3647,0.0,2.059297,2.492824,1.050118,28,101,29,4,0.15672563,0.01328431,0.00682849,0E-8,0.000000,0.897587,0.000000,0.00765565,2026-03-22,2026-07-16,25,230,165,117,0.213675,1.279427,1.235634,0.522419,,,,,,,,GLOBAL_BASELINE_NO_ENTITY_RANKING,,,NOT_APPLICABLE_GLOBAL_BASELINE,HF9g-P5,,,,X 全窗基线 · 不参与实体赏罚,8393601,840,A168_HF9F_20260827_0900,2026-08-27 09:00:00
2026-05-12,145613033,2141,0,155.6743293030,-155.6743293030,-155.6743293030,0E-7,3,3,0.50218230000000000,0.502182300000,-1.7396270863184011,-1.7396270863184016,-1.7396270863184011,0E-17,ELIGIBLE,R03b_20260811_FULL_v1,L1_ELIGIBILITY,v2026-08-11,2026-03-21..2026-08-06,baccarat_bet02_101_all_pairs_incl_sentinel,round_win = game_pnl > 0 (decisive only),COMPATIBILITY_ONLY_NOT_PRODUCTION,36307.0055,32588.7024,482.3135,544,541,-0.01328431,-0.00682849,-0.01448415,-0.01328431,-482.3135,36307.0055,OK,0.0000,19.2925,4.0000,96.0000,AG03-UNRESOLVED,ALL5_LEVELS_bet23_to_bet27,19.2925,19.2925,24.1157,24.1157,24.1157,4.000000,4.000000,5.000000,5.000000,5.000000,96.000000,96.000000,95.000000,95.000000,95.000000,5.0,110.9321,101.2102,371.3814,381.1033,PENDING_AG03,FALSE,NOT_FOR_ENFORCEMENT,463.0210,31285.1543,482.3135,463.0210,19.2925,0.01328431,0.01275294,19.2925,463.0210,0.01275294,19.2925,19.2925,24.1157,24.1157,24.1157,463.0210,0.01275294,110.9321,101.2102,371.3814,381.1033,0.01022892,0.01049669,0.00053137,66.7408,60.2379,0.8915,19.2925,2.0970,1452.2802,21.6400,82.4672,64.4564,51.4311,63.5556,77.8372,103.2711,130.8798,158.4328,54.3647,0.0,2.059297,2.492824,1.050118,28,101,29,4,0.15672563,0.01328431,0.00682849,0E-8,0.000000,0.897587,0.000000,0.00765565,2026-03-22,2026-07-16,25,230,165,117,0.213675,1.279427,1.235634,0.522419,,,,,,,,GLOBAL_BASELINE_NO_ENTITY_RANKING,,,NOT_APPLICABLE_GLOBAL_BASELINE,HF9g-P5,,,,X 全窗基线 · 不参与实体赏罚,8393602,840,A168_HF9F_20260827_0900,2026-08-27 09:00:00
2026-05-12,145613033,2152,0,140.1068963727,11.6755746978,11.6755746978,0.5000000,2,2,0.50665070000000000,0.506650700000,-0.018812684590367487,-0.018812684590367487,-0.018812684590367487,0E-17,ELIGIBLE,R03b_20260811_FULL_v1,L1_ELIGIBILITY,v2026-08-11,2026-03-21..2026-08-06,baccarat_bet02_101_all_pairs_incl_sentinel,round_win = game_pnl > 0 (decisive only),COMPATIBILITY_ONLY_NOT_PRODUCTION,36307.0055,32588.7024,482.3135,544,541,-0.01328431,-0.00682849,-0.01448415,-0.01328431,-482.3135,36307.0055,OK,0.0000,19.2925,4.0000,96.0000,AG03-UNRESOLVED,ALL5_LEVELS_bet23_to_bet27,19.2925,19.2925,24.1157,24.1157,24.1157,4.000000,4.000000,5.000000,5.000000,5.000000,96.000000,96.000000,95.000000,95.000000,95.000000,5.0,110.9321,101.2102,371.3814,381.1033,PENDING_AG03,FALSE,NOT_FOR_ENFORCEMENT,463.0210,31285.1543,482.3135,463.0210,19.2925,0.01328431,0.01275294,19.2925,463.0210,0.01275294,19.2925,19.2925,24.1157,24.1157,24.1157,463.0210,0.01275294,110.9321,101.2102,371.3814,381.1033,0.01022892,0.01049669,0.00053137,66.7408,60.2379,0.8915,19.2925,2.0970,1452.2802,21.6400,82.4672,64.4564,51.4311,63.5556,77.8372,103.2711,130.8798,158.4328,54.3647,0.0,2.059297,2.492824,1.050118,28,101,29,4,0.15672563,0.01328431,0.00682849,0E-8,0.000000,0.897587,0.000000,0.00765565,2026-03-22,2026-07-16,25,230,165,117,0.213675,1.279427,1.235634,0.522419,,,,,,,,GLOBAL_BASELINE_NO_ENTITY_RANKING,,,NOT_APPLICABLE_GLOBAL_BASELINE,HF9g-P5,,,,X 全窗基线 · 不参与实体赏罚,8393603,840,A168_HF9F_20260827_0900,2026-08-27 09:00:00
2026-05-12,145613033,2155,0,90.8100254268,-90.8100254268,-90.8100254268,0E-7,1,1,0.50665070000000000,0.506650700000,-1.013391052207602,-1.013391052207602,-1.013391052207602,0E-17,ELIGIBLE,R03b_20260811_FULL_v1,L1_ELIGIBILITY,v2026-08-11,2026-03-21..2026-08-06,baccarat_bet02_101_all_pairs_incl_sentinel,round_win = game_pnl > 0 (decisive only),COMPATIBILITY_ONLY_NOT_PRODUCTION,36307.0055,32588.7024,482.3135,544,541,-0.01328431,-0.00682849,-0.01448415,-0.01328431,-482.3135,36307.0055,OK,0.0000,19.2925,4.0000,96.0000,AG03-UNRESOLVED,ALL5_LEVELS_bet23_to_bet27,19.2925,19.2925,24.1157,24.1157,24.1157,4.000000,4.000000,5.000000,5.000000,5.000000,96.000000,96.000000,95.000000,95.000000,95.000000,5.0,110.9321,101.2102,371.3814,381.1033,PENDING_AG03,FALSE,NOT_FOR_ENFORCEMENT,463.0210,31285.1543,482.3135,463.0210,19.2925,0.01328431,0.01275294,19.2925,463.0210,0.01275294,19.2925,19.2925,24.1157,24.1157,24.1157,463.0210,0.01275294,110.9321,101.2102,371.3814,381.1033,0.01022892,0.01049669,0.00053137,66.7408,60.2379,0.8915,19.2925,2.0970,1452.2802,21.6400,82.4672,64.4564,51.4311,63.5556,77.8372,103.2711,130.8798,158.4328,54.3647,0.0,2.059297,2.492824,1.050118,28,101,29,4,0.15672563,0.01328431,0.00682849,0E-8,0.000000,0.897587,0.000000,0.00765565,2026-03-22,2026-07-16,25,230,165,117,0.213675,1.279427,1.235634,0.522419,,,,,,,,GLOBAL_BASELINE_NO_ENTITY_RANKING,,,NOT_APPLICABLE_GLOBAL_BASELINE,HF9g-P5,,,,X 全窗基线 · 不参与实体赏罚,8393604,840,A168_HF9F_20260827_0900,2026-08-27 09:00:00
2026-05-12,145613033,2196,0,67.4588760313,0E-10,0E-10,,1,1,0.50665070000000000,0.506650700000,,,,0E-17,NO_DECISIVE_ROUND,R03b_20260811_FULL_v1,L1_ELIGIBILITY,v2026-08-11,2026-03-21..2026-08-06,baccarat_bet02_101_all_pairs_incl_sentinel,round_win = game_pnl > 0 (decisive only),COMPATIBILITY_ONLY_NOT_PRODUCTION,36307.0055,32588.7024,482.3135,544,541,-0.01328431,-0.00682849,-0.01448415,-0.01328431,-482.3135,36307.0055,OK,0.0000,19.2925,4.0000,96.0000,AG03-UNRESOLVED,ALL5_LEVELS_bet23_to_bet27,19.2925,19.2925,24.1157,24.1157,24.1157,4.000000,4.000000,5.000000,5.000000,5.000000,96.000000,96.000000,95.000000,95.000000,95.000000,5.0,110.9321,101.2102,371.3814,381.1033,PENDING_AG03,FALSE,NOT_FOR_ENFORCEMENT,463.0210,31285.1543,482.3135,463.0210,19.2925,0.01328431,0.01275294,19.2925,463.0210,0.01275294,19.2925,19.2925,24.1157,24.1157,24.1157,463.0210,0.01275294,110.9321,101.2102,371.3814,381.1033,0.01022892,0.01049669,0.00053137,66.7408,60.2379,0.8915,19.2925,2.0970,1452.2802,21.6400,82.4672,64.4564,51.4311,63.5556,77.8372,103.2711,130.8798,158.4328,54.3647,0.0,2.059297,2.492824,1.050118,28,101,29,4,0.15672563,0.01328431,0.00682849,0E-8,0.000000,0.897587,0.000000,0.00765565,2026-03-22,2026-07-16,25,230,165,117,0.213675,1.279427,1.235634,0.522419,,,,,,,,GLOBAL_BASELINE_NO_ENTITY_RANKING,,,NOT_APPLICABLE_GLOBAL_BASELINE,HF9g-P5,,,,X 全窗基线 · 不参与实体赏罚,8393605,840,A168_HF9F_20260827_0900,2026-08-27 09:00:00
2026-05-12,145613033,2205,0,186.8091951636,-23.3511493954,-23.3511493954,0.5000000,3,3,0.49771390000000000,0.497713900000,0.006466134837551399,0.0064661348375514,0.006466134837551399,0E-17,ELIGIBLE,R03b_20260811_FULL_v1,L1_ELIGIBILITY,v2026-08-11,2026-03-21..2026-08-06,baccarat_bet02_101_all_pairs_incl_sentinel,round_win = game_pnl > 0 (decisive only),COMPATIBILITY_ONLY_NOT_PRODUCTION,36307.0055,32588.7024,482.3135,544,541,-0.01328431,-0.00682849,-0.01448415,-0.01328431,-482.3135,36307.0055,OK,0.0000,19.2925,4.0000,96.0000,AG03-UNRESOLVED,ALL5_LEVELS_bet23_to_bet27,19.2925,19.2925,24.1157,24.1157,24.1157,4.000000,4.000000,5.000000,5.000000,5.000000,96.000000,96.000000,95.000000,95.000000,95.000000,5.0,110.9321,101.2102,371.3814,381.1033,PENDING_AG03,FALSE,NOT_FOR_ENFORCEMENT,463.0210,31285.1543,482.3135,463.0210,19.2925,0.01328431,0.01275294,19.2925,463.0210,0.01275294,19.2925,19.2925,24.1157,24.1157,24.1157,463.0210,0.01275294,110.9321,101.2102,371.3814,381.1033,0.01022892,0.01049669,0.00053137,66.7408,60.2379,0.8915,19.2925,2.0970,1452.2802,21.6400,82.4672,64.4564,51.4311,63.5556,77.8372,103.2711,130.8798,158.4328,54.3647,0.0,2.059297,2.492824,1.050118,28,101,29,4,0.15672563,0.01328431,0.00682849,0E-8,0.000000,0.897587,0.000000,0.00765565,2026-03-22,2026-07-16,25,230,165,117,0.213675,1.279427,1.235634,0.522419,,,,,,,,GLOBAL_BASELINE_NO_ENTITY_RANKING,,,NOT_APPLICABLE_GLOBAL_BASELINE,HF9g-P5,,,,X 全窗基线 · 不参与实体赏罚,8393606,840,A168_HF9F_20260827_0900,2026-08-27 09:00:00
2026-05-12,145613033,2209,0,285.4029370555,-129.7286077525,-129.7286077525,0.2500000,4,4,0.49994810000000000,0.499948100000,-0.9997924053861017,-0.9997924053861017,-0.9997924053861017,0E-17,ELIGIBLE,R03b_20260811_FULL_v1,L1_ELIGIBILITY,v2026-08-11,2026-03-21..2026-08-06,baccarat_bet02_101_all_pairs_incl_sentinel,round_win = game_pnl > 0 (decisive only),COMPATIBILITY_ONLY_NOT_PRODUCTION,36307.0055,32588.7024,482.3135,544,541,-0.01328431,-0.00682849,-0.01448415,-0.01328431,-482.3135,36307.0055,OK,0.0000,19.2925,4.0000,96.0000,AG03-UNRESOLVED,ALL5_LEVELS_bet23_to_bet27,19.2925,19.2925,24.1157,24.1157,24.1157,4.000000,4.000000,5.000000,5.000000,5.000000,96.000000,96.000000,95.000000,95.000000,95.000000,5.0,110.9321,101.2102,371.3814,381.1033,PENDING_AG03,FALSE,NOT_FOR_ENFORCEMENT,463.0210,31285.1543,482.3135,463.0210,19.2925,0.01328431,0.01275294,19.2925,463.0210,0.01275294,19.2925,19.2925,24.1157,24.1157,24.1157,463.0210,0.01275294,110.9321,101.2102,371.3814,381.1033,0.01022892,0.01049669,0.00053137,66.7408,60.2379,0.8915,19.2925,2.0970,1452.2802,21.6400,82.4672,64.4564,51.4311,63.5556,77.8372,103.2711,130.8798,158.4328,54.3647,0.0,2.059297,2.492824,1.050118,28,101,29,4,0.15672563,0.01328431,0.00682849,0E-8,0.000000,0.897587,0.000000,0.00765565,2026-03-22,2026-07-16,25,230,165,117,0.213675,1.279427,1.235634,0.522419,,,,,,,,GLOBAL_BASELINE_NO_ENTITY_RANKING,,,NOT_APPLICABLE_GLOBAL_BASELINE,HF9g-P5,,,,X 全窗基线 · 不参与实体赏罚,8393607,840,A168_HF9F_20260827_0900,2026-08-27 09:00:00
2026-05-12,145613033,2220,0,1385.5015307975,591.8219085676,591.8219085676,0.6875000,18,18,0.50069283333333333,0.500692833333,1.4944587680683232,1.4944587680709884,1.4944587680683232,3.3333E-13,ELIGIBLE,R03b_20260811_FULL_v1,L1_ELIGIBILITY,v2026-08-11,2026-03-21..2026-08-06,baccarat_bet02_101_all_pairs_incl_sentinel,round_win = game_pnl > 0 (decisive only),COMPATIBILITY_ONLY_NOT_PRODUCTION,36307.0055,32588.7024,482.3135,544,541,-0.01328431,-0.00682849,-0.01448415,-0.01328431,-482.3135,36307.0055,OK,0.0000,19.2925,4.0000,96.0000,AG03-UNRESOLVED,ALL5_LEVELS_bet23_to_bet27,19.2925,19.2925,24.1157,24.1157,24.1157,4.000000,4.000000,5.000000,5.000000,5.000000,96.000000,96.000000,95.000000,95.000000,95.000000,5.0,110.9321,101.2102,371.3814,381.1033,PENDING_AG03,FALSE,NOT_FOR_ENFORCEMENT,463.0210,31285.1543,482.3135,463.0210,19.2925,0.01328431,0.01275294,19.2925,463.0210,0.01275294,19.2925,19.2925,24.1157,24.1157,24.1157,463.0210,0.01275294,110.9321,101.2102,371.3814,381.1033,0.01022892,0.01049669,0.00053137,66.7408,60.2379,0.8915,19.2925,2.0970,1452.2802,21.6400,82.4672,64.4564,51.4311,63.5556,77.8372,103.2711,130.8798,158.4328,54.3647,0.0,2.059297,2.492824,1.050118,28,101,29,4,0.15672563,0.01328431,0.00682849,0E-8,0.000000,0.897587,0.000000,0.00765565,2026-03-22,2026-07-16,25,230,165,117,0.213675,1.279427,1.235634,0.522419,,,,,,,,GLOBAL_BASELINE_NO_ENTITY_RANKING,,,NOT_APPLICABLE_GLOBAL_BASELINE,HF9g-P5,,,,X 全窗基线 · 不参与实体赏罚,8393608,840,A168_HF9F_20260827_0900,2026-08-27 09:00:00
2026-05-12,145613033,2223,0,1074.9312438377,-204.9712002490,-204.9712002490,0.3846154,15,15,0.49950126000000000,0.499501260000,-0.8284542411937427,-0.8284542411937428,-0.8284542411937427,0E-17,ELIGIBLE,R03b_20260811_FULL_v1,L1_ELIGIBILITY,v2026-08-11,2026-03-21..2026-08-06,baccarat_bet02_101_all_pairs_incl_sentinel,round_win = game_pnl > 0 (decisive only),COMPATIBILITY_ONLY_NOT_PRODUCTION,36307.0055,32588.7024,482.3135,544,541,-0.01328431,-0.00682849,-0.01448415,-0.01328431,-482.3135,36307.0055,OK,0.0000,19.2925,4.0000,96.0000,AG03-UNRESOLVED,ALL5_LEVELS_bet23_to_bet27,19.2925,19.2925,24.1157,24.1157,24.1157,4.000000,4.000000,5.000000,5.000000,5.000000,96.000000,96.000000,95.000000,95.000000,95.000000,5.0,110.9321,101.2102,371.3814,381.1033,PENDING_AG03,FALSE,NOT_FOR_ENFORCEMENT,463.0210,31285.1543,482.3135,463.0210,19.2925,0.01328431,0.01275294,19.2925,463.0210,0.01275294,19.2925,19.2925,24.1157,24.1157,24.1157,463.0210,0.01275294,110.9321,101.2102,371.3814,381.1033,0.01022892,0.01049669,0.00053137,66.7408,60.2379,0.8915,19.2925,2.0970,1452.2802,21.6400,82.4672,64.4564,51.4311,63.5556,77.8372,103.2711,130.8798,158.4328,54.3647,0.0,2.059297,2.492824,1.050118,28,101,29,4,0.15672563,0.01328431,0.00682849,0E-8,0.000000,0.897587,0.000000,0.00765565,2026-03-22,2026-07-16,25,230,165,117,0.213675,1.279427,1.235634,0.522419,,,,,,,,GLOBAL_BASELINE_NO_ENTITY_RANKING,,,NOT_APPLICABLE_GLOBAL_BASELINE,HF9g-P5,,,,X 全窗基线 · 不参与实体赏罚,8393609,840,A168_HF9F_20260827_0900,2026-08-27 09:00:00
2026-05-12,145613033,2233,0,1076.7474443460,219.1116184942,219.1116184942,0.6000000,16,16,0.50162375000000000,0.501623750000,0.7620231740811003,0.7620231740811003,0.7620231740811003,0E-17,ELIGIBLE,R03b_20260811_FULL_v1,L1_ELIGIBILITY,v2026-08-11,2026-03-21..2026-08-06,baccarat_bet02_101_all_pairs_incl_sentinel,round_win = game_pnl > 0 (decisive only),COMPATIBILITY_ONLY_NOT_PRODUCTION,36307.0055,32588.7024,482.3135,544,541,-0.01328431,-0.00682849,-0.01448415,-0.01328431,-482.3135,36307.0055,OK,0.0000,19.2925,4.0000,96.0000,AG03-UNRESOLVED,ALL5_LEVELS_bet23_to_bet27,19.2925,19.2925,24.1157,24.1157,24.1157,4.000000,4.000000,5.000000,5.000000,5.000000,96.000000,96.000000,95.000000,95.000000,95.000000,5.0,110.9321,101.2102,371.3814,381.1033,PENDING_AG03,FALSE,NOT_FOR_ENFORCEMENT,463.0210,31285.1543,482.3135,463.0210,19.2925,0.01328431,0.01275294,19.2925,463.0210,0.01275294,19.2925,19.2925,24.1157,24.1157,24.1157,463.0210,0.01275294,110.9321,101.2102,371.3814,381.1033,0.01022892,0.01049669,0.00053137,66.7408,60.2379,0.8915,19.2925,2.0970,1452.2802,21.6400,82.4672,64.4564,51.4311,63.5556,77.8372,103.2711,130.8798,158.4328,54.3647,0.0,2.059297,2.492824,1.050118,28,101,29,4,0.15672563,0.01328431,0.00682849,0E-8,0.000000,0.897587,0.000000,0.00765565,2026-03-22,2026-07-16,25,230,165,117,0.213675,1.279427,1.235634,0.522419,,,,,,,,GLOBAL_BASELINE_NO_ENTITY_RANKING,,,NOT_APPLICABLE_GLOBAL_BASELINE,HF9g-P5,,,,X 全窗基线 · 不参与实体赏罚,8393610,840,A168_HF9F_20260827_0900,2026-08-27 09:00:00
2026-05-12,145613033,2256,0,127.1340355975,-127.1340355975,-127.1340355975,0E-7,2,2,0.49994810000000000,0.499948100000,-1.4140667746232096,-1.4140667746232096,-1.4140667746232096,0E-17,ELIGIBLE,R03b_20260811_FULL_v1,L1_ELIGIBILITY,v2026-08-11,2026-03-21..2026-08-06,baccarat_bet02_101_all_pairs_incl_sentinel,round_win = game_pnl > 0 (decisive only),COMPATIBILITY_ONLY_NOT_PRODUCTION,36307.0055,32588.7024,482.3135,544,541,-0.01328431,-0.00682849,-0.01448415,-0.01328431,-482.3135,36307.0055,OK,0.0000,19.2925,4.0000,96.0000,AG03-UNRESOLVED,ALL5_LEVELS_bet23_to_bet27,19.2925,19.2925,24.1157,24.1157,24.1157,4.000000,4.000000,5.000000,5.000000,5.000000,96.000000,96.000000,95.000000,95.000000,95.000000,5.0,110.9321,101.2102,371.3814,381.1033,PENDING_AG03,FALSE,NOT_FOR_ENFORCEMENT,463.0210,31285.1543,482.3135,463.0210,19.2925,0.01328431,0.01275294,19.2925,463.0210,0.01275294,19.2925,19.2925,24.1157,24.1157,24.1157,463.0210,0.01275294,110.9321,101.2102,371.3814,381.1033,0.01022892,0.01049669,0.00053137,66.7408,60.2379,0.8915,19.2925,2.0970,1452.2802,21.6400,82.4672,64.4564,51.4311,63.5556,77.8372,103.2711,130.8798,158.4328,54.3647,0.0,2.059297,2.492824,1.050118,28,101,29,4,0.15672563,0.01328431,0.00682849,0E-8,0.000000,0.897587,0.000000,0.00765565,2026-03-22,2026-07-16,25,230,165,117,0.213675,1.279427,1.235634,0.522419,,,,,,,,GLOBAL_BASELINE_NO_ENTITY_RANKING,,,NOT_APPLICABLE_GLOBAL_BASELINE,HF9g-P5,,,,X 全窗基线 · 不参与实体赏罚,8393611,840,A168_HF9F_20260827_0900,2026-08-27 09:00:00
2026-05-12,145613033,2258,0,189.4037673187,-54.4860152561,-54.4860152561,0.3333333,4,4,0.49994810000000000,0.499948100000,-0.5771704854251445,-0.5771704854251445,-0.5771704854251445,0E-17,ELIGIBLE,R03b_20260811_FULL_v1,L1_ELIGIBILITY,v2026-08-11,2026-03-21..2026-08-06,baccarat_bet02_101_all_pairs_incl_sentinel,round_win = game_pnl > 0 (decisive only),COMPATIBILITY_ONLY_NOT_PRODUCTION,36307.0055,32588.7024,482.3135,544,541,-0.01328431,-0.00682849,-0.01448415,-0.01328431,-482.3135,36307.0055,OK,0.0000,19.2925,4.0000,96.0000,AG03-UNRESOLVED,ALL5_LEVELS_bet23_to_bet27,19.2925,19.2925,24.1157,24.1157,24.1157,4.000000,4.000000,5.000000,5.000000,5.000000,96.000000,96.000000,95.000000,95.000000,95.000000,5.0,110.9321,101.2102,371.3814,381.1033,PENDING_AG03,FALSE,NOT_FOR_ENFORCEMENT,463.0210,31285.1543,482.3135,463.0210,19.2925,0.01328431,0.01275294,19.2925,463.0210,0.01275294,19.2925,19.2925,24.1157,24.1157,24.1157,463.0210,0.01275294,110.9321,101.2102,371.3814,381.1033,0.01022892,0.01049669,0.00053137,66.7408,60.2379,0.8915,19.2925,2.0970,1452.2802,21.6400,82.4672,64.4564,51.4311,63.5556,77.8372,103.2711,130.8798,158.4328,54.3647,0.0,2.059297,2.492824,1.050118,28,101,29,4,0.15672563,0.01328431,0.00682849,0E-8,0.000000,0.897587,0.000000,0.00765565,2026-03-22,2026-07-16,25,230,165,117,0.213675,1.279427,1.235634,0.522419,,,,,,,,GLOBAL_BASELINE_NO_ENTITY_RANKING,,,NOT_APPLICABLE_GLOBAL_BASELINE,HF9g-P5,,,,X 全窗基线 · 不参与实体赏罚,8393612,840,A168_HF9F_20260827_0900,2026-08-27 09:00:00
2026-05-12,145613033,529,0,387.6290799645,-27.4116548180,-27.4116548180,0.5000000,7,7,0.50090561428571429,0.500905614286,-0.00443659308478647,-0.004436593086186165,-0.00443659308478647,-2.8571E-13,ELIGIBLE,R03b_20260811_FULL_v1,L1_ELIGIBILITY,v2026-08-11,2026-03-21..2026-08-06,baccarat_bet02_101_all_pairs_incl_sentinel,round_win = game_pnl > 0 (decisive only),COMPATIBILITY_ONLY_NOT_PRODUCTION,36307.0055,32588.7024,482.3135,544,541,-0.01328431,-0.00682849,-0.01448415,-0.01328431,-482.3135,36307.0055,OK,0.0000,19.2925,4.0000,96.0000,AG03-UNRESOLVED,ALL5_LEVELS_bet23_to_bet27,19.2925,19.2925,24.1157,24.1157,24.1157,4.000000,4.000000,5.000000,5.000000,5.000000,96.000000,96.000000,95.000000,95.000000,95.000000,5.0,110.9321,101.2102,371.3814,381.1033,PENDING_AG03,FALSE,NOT_FOR_ENFORCEMENT,463.0210,31285.1543,482.3135,463.0210,19.2925,0.01328431,0.01275294,19.2925,463.0210,0.01275294,19.2925,19.2925,24.1157,24.1157,24.1157,463.0210,0.01275294,110.9321,101.2102,371.3814,381.1033,0.01022892,0.01049669,0.00053137,66.7408,60.2379,0.8915,19.2925,2.0970,1452.2802,21.6400,82.4672,64.4564,51.4311,63.5556,77.8372,103.2711,130.8798,158.4328,54.3647,0.0,2.059297,2.492824,1.050118,28,101,29,4,0.15672563,0.01328431,0.00682849,0E-8,0.000000,0.897587,0.000000,0.00765565,2026-03-22,2026-07-16,25,230,165,117,0.213675,1.279427,1.235634,0.522419,,,,,,,,GLOBAL_BASELINE_NO_ENTITY_RANKING,,,NOT_APPLICABLE_GLOBAL_BASELINE,HF9g-P5,,,,X 全窗基线 · 不参与实体赏罚,8393613,840,A168_HF9F_20260827_0900,2026-08-27 09:00:00
2026-05-12,145613033,752,0,202.3766280941,192.2577966894,192.2577966894,1.0000000,2,2,0.50665070000000000,0.506650700000,1.3955260008387969,1.3955260008387969,1.3955260008387969,0E-17,ELIGIBLE,R03b_20260811_FULL_v1,L1_ELIGIBILITY,v2026-08-11,2026-03-21..2026-08-06,baccarat_bet02_101_all_pairs_incl_sentinel,round_win = game_pnl > 0 (decisive only),COMPATIBILITY_ONLY_NOT_PRODUCTION,36307.0055,32588.7024,482.3135,544,541,-0.01328431,-0.00682849,-0.01448415,-0.01328431,-482.3135,36307.0055,OK,0.0000,19.2925,4.0000,96.0000,AG03-UNRESOLVED,ALL5_LEVELS_bet23_to_bet27,19.2925,19.2925,24.1157,24.1157,24.1157,4.000000,4.000000,5.000000,5.000000,5.000000,96.000000,96.000000,95.000000,95.000000,95.000000,5.0,110.9321,101.2102,371.3814,381.1033,PENDING_AG03,FALSE,NOT_FOR_ENFORCEMENT,463.0210,31285.1543,482.3135,463.0210,19.2925,0.01328431,0.01275294,19.2925,463.0210,0.01275294,19.2925,19.2925,24.1157,24.1157,24.1157,463.0210,0.01275294,110.9321,101.2102,371.3814,381.1033,0.01022892,0.01049669,0.00053137,66.7408,60.2379,0.8915,19.2925,2.0970,1452.2802,21.6400,82.4672,64.4564,51.4311,63.5556,77.8372,103.2711,130.8798,158.4328,54.3647,0.0,2.059297,2.492824,1.050118,28,101,29,4,0.15672563,0.01328431,0.00682849,0E-8,0.000000,0.897587,0.000000,0.00765565,2026-03-22,2026-07-16,25,230,165,117,0.213675,1.279427,1.235634,0.522419,,,,,,,,GLOBAL_BASELINE_NO_ENTITY_RANKING,,,NOT_APPLICABLE_GLOBAL_BASELINE,HF9g-P5,,,,X 全窗基线 · 不参与实体赏罚,8393614,840,A168_HF9F_20260827_0900,2026-08-27 09:00:00
2026-05-12,145613033,772,0,168.6471900784,-42.1617975196,-42.1617975196,0.5000000,2,2,0.50665070000000000,0.506650700000,-0.018812684590367487,-0.018812684590367487,-0.018812684590367487,0E-17,ELIGIBLE,R03b_20260811_FULL_v1,L1_ELIGIBILITY,v2026-08-11,2026-03-21..2026-08-06,baccarat_bet02_101_all_pairs_incl_sentinel,round_win = game_pnl > 0 (decisive only),COMPATIBILITY_ONLY_NOT_PRODUCTION,36307.0055,32588.7024,482.3135,544,541,-0.01328431,-0.00682849,-0.01448415,-0.01328431,-482.3135,36307.0055,OK,0.0000,19.2925,4.0000,96.0000,AG03-UNRESOLVED,ALL5_LEVELS_bet23_to_bet27,19.2925,19.2925,24.1157,24.1157,24.1157,4.000000,4.000000,5.000000,5.000000,5.000000,96.000000,96.000000,95.000000,95.000000,95.000000,5.0,110.9321,101.2102,371.3814,381.1033,PENDING_AG03,FALSE,NOT_FOR_ENFORCEMENT,463.0210,31285.1543,482.3135,463.0210,19.2925,0.01328431,0.01275294,19.2925,463.0210,0.01275294,19.2925,19.2925,24.1157,24.1157,24.1157,463.0210,0.01275294,110.9321,101.2102,371.3814,381.1033,0.01022892,0.01049669,0.00053137,66.7408,60.2379,0.8915,19.2925,2.0970,1452.2802,21.6400,82.4672,64.4564,51.4311,63.5556,77.8372,103.2711,130.8798,158.4328,54.3647,0.0,2.059297,2.492824,1.050118,28,101,29,4,0.15672563,0.01328431,0.00682849,0E-8,0.000000,0.897587,0.000000,0.00765565,2026-03-22,2026-07-16,25,230,165,117,0.213675,1.279427,1.235634,0.522419,,,,,,,,GLOBAL_BASELINE_NO_ENTITY_RANKING,,,NOT_APPLICABLE_GLOBAL_BASELINE,HF9g-P5,,,,X 全窗基线 · 不参与实体赏罚,8393615,840,A168_HF9F_20260827_0900,2026-08-27 09:00:00
2026-05-12,145613033,919,0,433.2935498935,15.5674329303,15.5674329303,0.5714286,8,7,0.49424483928571429,0.470516107143,0.4084449788428229,0.534909372593283,0.4084449788428229,0.02372873214271429,ELIGIBLE,R03b_20260811_FULL_v1,L1_ELIGIBILITY,v2026-08-11,2026-03-21..2026-08-06,baccarat_bet02_101_all_pairs_incl_sentinel,round_win = game_pnl > 0 (decisive only),COMPATIBILITY_ONLY_NOT_PRODUCTION,36307.0055,32588.7024,482.3135,544,541,-0.01328431,-0.00682849,-0.01448415,-0.01328431,-482.3135,36307.0055,OK,0.0000,19.2925,4.0000,96.0000,AG03-UNRESOLVED,ALL5_LEVELS_bet23_to_bet27,19.2925,19.2925,24.1157,24.1157,24.1157,4.000000,4.000000,5.000000,5.000000,5.000000,96.000000,96.000000,95.000000,95.000000,95.000000,5.0,110.9321,101.2102,371.3814,381.1033,PENDING_AG03,FALSE,NOT_FOR_ENFORCEMENT,463.0210,31285.1543,482.3135,463.0210,19.2925,0.01328431,0.01275294,19.2925,463.0210,0.01275294,19.2925,19.2925,24.1157,24.1157,24.1157,463.0210,0.01275294,110.9321,101.2102,371.3814,381.1033,0.01022892,0.01049669,0.00053137,66.7408,60.2379,0.8915,19.2925,2.0970,1452.2802,21.6400,82.4672,64.4564,51.4311,63.5556,77.8372,103.2711,130.8798,158.4328,54.3647,0.0,2.059297,2.492824,1.050118,28,101,29,4,0.15672563,0.01328431,0.00682849,0E-8,0.000000,0.897587,0.000000,0.00765565,2026-03-22,2026-07-16,25,230,165,117,0.213675,1.279427,1.235634,0.522419,,,,,,,,GLOBAL_BASELINE_NO_ENTITY_RANKING,,,NOT_APPLICABLE_GLOBAL_BASELINE,HF9g-P5,,,,X 全窗基线 · 不参与实体赏罚,8393616,840,A168_HF9F_20260827_0900,2026-08-27 09:00:00
2026-05-12,145613033,948,0,422.9152612733,203.2847283484,203.2847283484,0.8000000,6,6,0.50218230000000000,0.502182300000,1.3318939303776811,1.3318939303776811,1.3318939303776811,0E-17,ELIGIBLE,R03b_20260811_FULL_v1,L1_ELIGIBILITY,v2026-08-11,2026-03-21..2026-08-06,baccarat_bet02_101_all_pairs_incl_sentinel,round_win = game_pnl > 0 (decisive only),COMPATIBILITY_ONLY_NOT_PRODUCTION,36307.0055,32588.7024,482.3135,544,541,-0.01328431,-0.00682849,-0.01448415,-0.01328431,-482.3135,36307.0055,OK,0.0000,19.2925,4.0000,96.0000,AG03-UNRESOLVED,ALL5_LEVELS_bet23_to_bet27,19.2925,19.2925,24.1157,24.1157,24.1157,4.000000,4.000000,5.000000,5.000000,5.000000,96.000000,96.000000,95.000000,95.000000,95.000000,5.0,110.9321,101.2102,371.3814,381.1033,PENDING_AG03,FALSE,NOT_FOR_ENFORCEMENT,463.0210,31285.1543,482.3135,463.0210,19.2925,0.01328431,0.01275294,19.2925,463.0210,0.01275294,19.2925,19.2925,24.1157,24.1157,24.1157,463.0210,0.01275294,110.9321,101.2102,371.3814,381.1033,0.01022892,0.01049669,0.00053137,66.7408,60.2379,0.8915,19.2925,2.0970,1452.2802,21.6400,82.4672,64.4564,51.4311,63.5556,77.8372,103.2711,130.8798,158.4328,54.3647,0.0,2.059297,2.492824,1.050118,28,101,29,4,0.15672563,0.01328431,0.00682849,0E-8,0.000000,0.897587,0.000000,0.00765565,2026-03-22,2026-07-16,25,230,165,117,0.213675,1.279427,1.235634,0.522419,,,,,,,,GLOBAL_BASELINE_NO_ENTITY_RANKING,,,NOT_APPLICABLE_GLOBAL_BASELINE,HF9g-P5,,,,X 全窗基线 · 不参与实体赏罚,8393617,840,A168_HF9F_20260827_0900,2026-08-27 09:00:00
2026-05-12,145613033,987,0,583.7787348865,-183.1767941464,-183.1767941464,0.3636364,11,11,0.50055742727272727,0.500557427273,-0.9082321523777308,-0.9082321523795404,-0.9082321523777308,-2.7273E-13,ELIGIBLE,R03b_20260811_FULL_v1,L1_ELIGIBILITY,v2026-08-11,2026-03-21..2026-08-06,baccarat_bet02_101_all_pairs_incl_sentinel,round_win = game_pnl > 0 (decisive only),COMPATIBILITY_ONLY_NOT_PRODUCTION,36307.0055,32588.7024,482.3135,544,541,-0.01328431,-0.00682849,-0.01448415,-0.01328431,-482.3135,36307.0055,OK,0.0000,19.2925,4.0000,96.0000,AG03-UNRESOLVED,ALL5_LEVELS_bet23_to_bet27,19.2925,19.2925,24.1157,24.1157,24.1157,4.000000,4.000000,5.000000,5.000000,5.000000,96.000000,96.000000,95.000000,95.000000,95.000000,5.0,110.9321,101.2102,371.3814,381.1033,PENDING_AG03,FALSE,NOT_FOR_ENFORCEMENT,463.0210,31285.1543,482.3135,463.0210,19.2925,0.01328431,0.01275294,19.2925,463.0210,0.01275294,19.2925,19.2925,24.1157,24.1157,24.1157,463.0210,0.01275294,110.9321,101.2102,371.3814,381.1033,0.01022892,0.01049669,0.00053137,66.7408,60.2379,0.8915,19.2925,2.0970,1452.2802,21.6400,82.4672,64.4564,51.4311,63.5556,77.8372,103.2711,130.8798,158.4328,54.3647,0.0,2.059297,2.492824,1.050118,28,101,29,4,0.15672563,0.01328431,0.00682849,0E-8,0.000000,0.897587,0.000000,0.00765565,2026-03-22,2026-07-16,25,230,165,117,0.213675,1.279427,1.235634,0.522419,,,,,,,,GLOBAL_BASELINE_NO_ENTITY_RANKING,,,NOT_APPLICABLE_GLOBAL_BASELINE,HF9g-P5,,,,X 全窗基线 · 不参与实体赏罚,8393618,840,A168_HF9F_20260827_0900,2026-08-27 09:00:00
2026-05-21,145613033,2145,0,77.8371646515,0E-10,0E-10,,1,1,0.50665070000000000,0.506650700000,,,,0E-17,NO_DECISIVE_ROUND,R03b_20260811_FULL_v1,L1_ELIGIBILITY,v2026-08-11,2026-03-21..2026-08-06,baccarat_bet02_101_all_pairs_incl_sentinel,round_win = game_pnl > 0 (decisive only),COMPATIBILITY_ONLY_NOT_PRODUCTION,36307.0055,32588.7024,482.3135,544,541,-0.01328431,-0.00682849,-0.01448415,-0.01328431,-482.3135,36307.0055,OK,0.0000,19.2925,4.0000,96.0000,AG03-UNRESOLVED,ALL5_LEVELS_bet23_to_bet27,19.2925,19.2925,24.1157,24.1157,24.1157,4.000000,4.000000,5.000000,5.000000,5.000000,96.000000,96.000000,95.000000,95.000000,95.000000,5.0,110.9321,101.2102,371.3814,381.1033,PENDING_AG03,FALSE,NOT_FOR_ENFORCEMENT,463.0210,31285.1543,482.3135,463.0210,19.2925,0.01328431,0.01275294,19.2925,463.0210,0.01275294,19.2925,19.2925,24.1157,24.1157,24.1157,463.0210,0.01275294,110.9321,101.2102,371.3814,381.1033,0.01022892,0.01049669,0.00053137,66.7408,60.2379,0.8915,19.2925,2.0970,1452.2802,21.6400,82.4672,64.4564,51.4311,63.5556,77.8372,103.2711,130.8798,158.4328,54.3647,0.0,2.059297,2.492824,1.050118,28,101,29,4,0.15672563,0.01328431,0.00682849,0E-8,0.000000,0.897587,0.000000,0.00765565,2026-03-22,2026-07-16,25,230,165,117,0.213675,1.279427,1.235634,0.522419,,,,,,,,GLOBAL_BASELINE_NO_ENTITY_RANKING,,,NOT_APPLICABLE_GLOBAL_BASELINE,HF9g-P5,,,,X 全窗基线 · 不参与实体赏罚,8393619,840,A168_HF9F_20260827_0900,2026-08-27 09:00:00
2026-06-21,145613033,1109,0,102.8621390182,-102.8621390182,-102.8621390182,0E-7,1,1,0.50665070000000000,0.506650700000,-1.013391052207602,-1.013391052207602,-1.013391052207602,0E-17,ELIGIBLE,R03b_20260811_FULL_v1,L1_ELIGIBILITY,v2026-08-11,2026-03-21..2026-08-06,baccarat_bet02_101_all_pairs_incl_sentinel,round_win = game_pnl > 0 (decisive only),COMPATIBILITY_ONLY_NOT_PRODUCTION,36307.0055,32588.7024,482.3135,544,541,-0.01328431,-0.00682849,-0.01448415,-0.01328431,-482.3135,36307.0055,OK,0.0000,19.2925,4.0000,96.0000,AG03-UNRESOLVED,ALL5_LEVELS_bet23_to_bet27,19.2925,19.2925,24.1157,24.1157,24.1157,4.000000,4.000000,5.000000,5.000000,5.000000,96.000000,96.000000,95.000000,95.000000,95.000000,5.0,110.9321,101.2102,371.3814,381.1033,PENDING_AG03,FALSE,NOT_FOR_ENFORCEMENT,463.0210,31285.1543,482.3135,463.0210,19.2925,0.01328431,0.01275294,19.2925,463.0210,0.01275294,19.2925,19.2925,24.1157,24.1157,24.1157,463.0210,0.01275294,110.9321,101.2102,371.3814,381.1033,0.01022892,0.01049669,0.00053137,66.7408,60.2379,0.8915,19.2925,2.0970,1452.2802,21.6400,82.4672,64.4564,51.4311,63.5556,77.8372,103.2711,130.8798,158.4328,54.3647,0.0,2.059297,2.492824,1.050118,28,101,29,4,0.15672563,0.01328431,0.00682849,0E-8,0.000000,0.897587,0.000000,0.00765565,2026-03-22,2026-07-16,25,230,165,117,0.213675,1.279427,1.235634,0.522419,,,,,,,,GLOBAL_BASELINE_NO_ENTITY_RANKING,,,NOT_APPLICABLE_GLOBAL_BASELINE,HF9g-P5,,,,X 全窗基线 · 不参与实体赏罚,8393620,840,A168_HF9F_20260827_0900,2026-08-27 09:00:00
2026-06-21,145613033,1157,0,275.1562218736,-18.0008743282,-18.0008743282,0.5000000,3,2,0.46564326666671114,0.397033600000,0.09740574112873428,0.2976119324806302,0.09740574112873428,0.06860966666671114,ELIGIBLE,R03b_20260811_FULL_v1,L1_ELIGIBILITY,v2026-08-11,2026-03-21..2026-08-06,baccarat_bet02_101_all_pairs_incl_sentinel,round_win = game_pnl > 0 (decisive only),COMPATIBILITY_ONLY_NOT_PRODUCTION,36307.0055,32588.7024,482.3135,544,541,-0.01328431,-0.00682849,-0.01448415,-0.01328431,-482.3135,36307.0055,OK,0.0000,19.2925,4.0000,96.0000,AG03-UNRESOLVED,ALL5_LEVELS_bet23_to_bet27,19.2925,19.2925,24.1157,24.1157,24.1157,4.000000,4.000000,5.000000,5.000000,5.000000,96.000000,96.000000,95.000000,95.000000,95.000000,5.0,110.9321,101.2102,371.3814,381.1033,PENDING_AG03,FALSE,NOT_FOR_ENFORCEMENT,463.0210,31285.1543,482.3135,463.0210,19.2925,0.01328431,0.01275294,19.2925,463.0210,0.01275294,19.2925,19.2925,24.1157,24.1157,24.1157,463.0210,0.01275294,110.9321,101.2102,371.3814,381.1033,0.01022892,0.01049669,0.00053137,66.7408,60.2379,0.8915,19.2925,2.0970,1452.2802,21.6400,82.4672,64.4564,51.4311,63.5556,77.8372,103.2711,130.8798,158.4328,54.3647,0.0,2.059297,2.492824,1.050118,28,101,29,4,0.15672563,0.01328431,0.00682849,0E-8,0.000000,0.897587,0.000000,0.00765565,2026-03-22,2026-07-16,25,230,165,117,0.213675,1.279427,1.235634,0.522419,,,,,,,,GLOBAL_BASELINE_NO_ENTITY_RANKING,,,NOT_APPLICABLE_GLOBAL_BASELINE,HF9g-P5,,,,X 全窗基线 · 不参与实体赏罚,8393621,840,A168_HF9F_20260827_0900,2026-08-27 09:00:00
2026-06-21,145613033,1383,0,205.7242780364,-5.1431069509,-5.1431069509,0.5000000,2,2,0.50665070000000000,0.506650700000,-0.018812684590367487,-0.018812684590367487,-0.018812684590367487,0E-17,ELIGIBLE,R03b_20260811_FULL_v1,L1_ELIGIBILITY,v2026-08-11,2026-03-21..2026-08-06,baccarat_bet02_101_all_pairs_incl_sentinel,round_win = game_pnl > 0 (decisive only),COMPATIBILITY_ONLY_NOT_PRODUCTION,36307.0055,32588.7024,482.3135,544,541,-0.01328431,-0.00682849,-0.01448415,-0.01328431,-482.3135,36307.0055,OK,0.0000,19.2925,4.0000,96.0000,AG03-UNRESOLVED,ALL5_LEVELS_bet23_to_bet27,19.2925,19.2925,24.1157,24.1157,24.1157,4.000000,4.000000,5.000000,5.000000,5.000000,96.000000,96.000000,95.000000,95.000000,95.000000,5.0,110.9321,101.2102,371.3814,381.1033,PENDING_AG03,FALSE,NOT_FOR_ENFORCEMENT,463.0210,31285.1543,482.3135,463.0210,19.2925,0.01328431,0.01275294,19.2925,463.0210,0.01275294,19.2925,19.2925,24.1157,24.1157,24.1157,463.0210,0.01275294,110.9321,101.2102,371.3814,381.1033,0.01022892,0.01049669,0.00053137,66.7408,60.2379,0.8915,19.2925,2.0970,1452.2802,21.6400,82.4672,64.4564,51.4311,63.5556,77.8372,103.2711,130.8798,158.4328,54.3647,0.0,2.059297,2.492824,1.050118,28,101,29,4,0.15672563,0.01328431,0.00682849,0E-8,0.000000,0.897587,0.000000,0.00765565,2026-03-22,2026-07-16,25,230,165,117,0.213675,1.279427,1.235634,0.522419,,,,,,,,GLOBAL_BASELINE_NO_ENTITY_RANKING,,,NOT_APPLICABLE_GLOBAL_BASELINE,HF9g-P5,,,,X 全窗基线 · 不参与实体赏罚,8393622,840,A168_HF9F_20260827_0900,2026-08-27 09:00:00
2026-06-21,145613033,1507,0,77.1466042636,73.2892740505,73.2892740505,1.0000000,1,1,0.50665070000000000,0.506650700000,0.9867858985152569,0.9867858985152569,0.9867858985152569,0E-17,ELIGIBLE,R03b_20260811_FULL_v1,L1_ELIGIBILITY,v2026-08-11,2026-03-21..2026-08-06,baccarat_bet02_101_all_pairs_incl_sentinel,round_win = game_pnl > 0 (decisive only),COMPATIBILITY_ONLY_NOT_PRODUCTION,36307.0055,32588.7024,482.3135,544,541,-0.01328431,-0.00682849,-0.01448415,-0.01328431,-482.3135,36307.0055,OK,0.0000,19.2925,4.0000,96.0000,AG03-UNRESOLVED,ALL5_LEVELS_bet23_to_bet27,19.2925,19.2925,24.1157,24.1157,24.1157,4.000000,4.000000,5.000000,5.000000,5.000000,96.000000,96.000000,95.000000,95.000000,95.000000,5.0,110.9321,101.2102,371.3814,381.1033,PENDING_AG03,FALSE,NOT_FOR_ENFORCEMENT,463.0210,31285.1543,482.3135,463.0210,19.2925,0.01328431,0.01275294,19.2925,463.0210,0.01275294,19.2925,19.2925,24.1157,24.1157,24.1157,463.0210,0.01275294,110.9321,101.2102,371.3814,381.1033,0.01022892,0.01049669,0.00053137,66.7408,60.2379,0.8915,19.2925,2.0970,1452.2802,21.6400,82.4672,64.4564,51.4311,63.5556,77.8372,103.2711,130.8798,158.4328,54.3647,0.0,2.059297,2.492824,1.050118,28,101,29,4,0.15672563,0.01328431,0.00682849,0E-8,0.000000,0.897587,0.000000,0.00765565,2026-03-22,2026-07-16,25,230,165,117,0.213675,1.279427,1.235634,0.522419,,,,,,,,GLOBAL_BASELINE_NO_ENTITY_RANKING,,,NOT_APPLICABLE_GLOBAL_BASELINE,HF9g-P5,,,,X 全窗基线 · 不参与实体赏罚,8393623,840,A168_HF9F_20260827_0900,2026-08-27 09:00:00
2026-06-21,145613033,1990,0,180.0087432818,-180.0087432818,-180.0087432818,0E-7,1,1,0.50665070000000000,0.506650700000,-1.013391052207602,-1.013391052207602,-1.013391052207602,0E-17,ELIGIBLE,R03b_20260811_FULL_v1,L1_ELIGIBILITY,v2026-08-11,2026-03-21..2026-08-06,baccarat_bet02_101_all_pairs_incl_sentinel,round_win = game_pnl > 0 (decisive only),COMPATIBILITY_ONLY_NOT_PRODUCTION,36307.0055,32588.7024,482.3135,544,541,-0.01328431,-0.00682849,-0.01448415,-0.01328431,-482.3135,36307.0055,OK,0.0000,19.2925,4.0000,96.0000,AG03-UNRESOLVED,ALL5_LEVELS_bet23_to_bet27,19.2925,19.2925,24.1157,24.1157,24.1157,4.000000,4.000000,5.000000,5.000000,5.000000,96.000000,96.000000,95.000000,95.000000,95.000000,5.0,110.9321,101.2102,371.3814,381.1033,PENDING_AG03,FALSE,NOT_FOR_ENFORCEMENT,463.0210,31285.1543,482.3135,463.0210,19.2925,0.01328431,0.01275294,19.2925,463.0210,0.01275294,19.2925,19.2925,24.1157,24.1157,24.1157,463.0210,0.01275294,110.9321,101.2102,371.3814,381.1033,0.01022892,0.01049669,0.00053137,66.7408,60.2379,0.8915,19.2925,2.0970,1452.2802,21.6400,82.4672,64.4564,51.4311,63.5556,77.8372,103.2711,130.8798,158.4328,54.3647,0.0,2.059297,2.492824,1.050118,28,101,29,4,0.15672563,0.01328431,0.00682849,0E-8,0.000000,0.897587,0.000000,0.00765565,2026-03-22,2026-07-16,25,230,165,117,0.213675,1.279427,1.235634,0.522419,,,,,,,,GLOBAL_BASELINE_NO_ENTITY_RANKING,,,NOT_APPLICABLE_GLOBAL_BASELINE,HF9g-P5,,,,X 全窗基线 · 不参与实体赏罚,8393624,840,A168_HF9F_20260827_0900,2026-08-27 09:00:00
2026-06-21,145613033,2156,0,406.3054491217,-155.5789852649,-155.5789852649,0.2500000,4,4,0.50329940000000000,0.503299400000,-1.013219660140378,-1.013219660140378,-1.013219660140378,0E-17,ELIGIBLE,R03b_20260811_FULL_v1,L1_ELIGIBILITY,v2026-08-11,2026-03-21..2026-08-06,baccarat_bet02_101_all_pairs_incl_sentinel,round_win = game_pnl > 0 (decisive only),COMPATIBILITY_ONLY_NOT_PRODUCTION,36307.0055,32588.7024,482.3135,544,541,-0.01328431,-0.00682849,-0.01448415,-0.01328431,-482.3135,36307.0055,OK,0.0000,19.2925,4.0000,96.0000,AG03-UNRESOLVED,ALL5_LEVELS_bet23_to_bet27,19.2925,19.2925,24.1157,24.1157,24.1157,4.000000,4.000000,5.000000,5.000000,5.000000,96.000000,96.000000,95.000000,95.000000,95.000000,5.0,110.9321,101.2102,371.3814,381.1033,PENDING_AG03,FALSE,NOT_FOR_ENFORCEMENT,463.0210,31285.1543,482.3135,463.0210,19.2925,0.01328431,0.01275294,19.2925,463.0210,0.01275294,19.2925,19.2925,24.1157,24.1157,24.1157,463.0210,0.01275294,110.9321,101.2102,371.3814,381.1033,0.01022892,0.01049669,0.00053137,66.7408,60.2379,0.8915,19.2925,2.0970,1452.2802,21.6400,82.4672,64.4564,51.4311,63.5556,77.8372,103.2711,130.8798,158.4328,54.3647,0.0,2.059297,2.492824,1.050118,28,101,29,4,0.15672563,0.01328431,0.00682849,0E-8,0.000000,0.897587,0.000000,0.00765565,2026-03-22,2026-07-16,25,230,165,117,0.213675,1.279427,1.235634,0.522419,,,,,,,,GLOBAL_BASELINE_NO_ENTITY_RANKING,,,NOT_APPLICABLE_GLOBAL_BASELINE,HF9g-P5,,,,X 全窗基线 · 不参与实体赏罚,8393625,840,A168_HF9F_20260827_0900,2026-08-27 09:00:00
2026-06-21,145613033,2160,0,77.1466042636,0E-10,0E-10,,1,1,0.50665070000000000,0.506650700000,,,,0E-17,NO_DECISIVE_ROUND,R03b_20260811_FULL_v1,L1_ELIGIBILITY,v2026-08-11,2026-03-21..2026-08-06,baccarat_bet02_101_all_pairs_incl_sentinel,round_win = game_pnl > 0 (decisive only),COMPATIBILITY_ONLY_NOT_PRODUCTION,36307.0055,32588.7024,482.3135,544,541,-0.01328431,-0.00682849,-0.01448415,-0.01328431,-482.3135,36307.0055,OK,0.0000,19.2925,4.0000,96.0000,AG03-UNRESOLVED,ALL5_LEVELS_bet23_to_bet27,19.2925,19.2925,24.1157,24.1157,24.1157,4.000000,4.000000,5.000000,5.000000,5.000000,96.000000,96.000000,95.000000,95.000000,95.000000,5.0,110.9321,101.2102,371.3814,381.1033,PENDING_AG03,FALSE,NOT_FOR_ENFORCEMENT,463.0210,31285.1543,482.3135,463.0210,19.2925,0.01328431,0.01275294,19.2925,463.0210,0.01275294,19.2925,19.2925,24.1157,24.1157,24.1157,463.0210,0.01275294,110.9321,101.2102,371.3814,381.1033,0.01022892,0.01049669,0.00053137,66.7408,60.2379,0.8915,19.2925,2.0970,1452.2802,21.6400,82.4672,64.4564,51.4311,63.5556,77.8372,103.2711,130.8798,158.4328,54.3647,0.0,2.059297,2.492824,1.050118,28,101,29,4,0.15672563,0.01328431,0.00682849,0E-8,0.000000,0.897587,0.000000,0.00765565,2026-03-22,2026-07-16,25,230,165,117,0.213675,1.279427,1.235634,0.522419,,,,,,,,GLOBAL_BASELINE_NO_ENTITY_RANKING,,,NOT_APPLICABLE_GLOBAL_BASELINE,HF9g-P5,,,,X 全窗基线 · 不参与实体赏罚,8393626,840,A168_HF9F_20260827_0900,2026-08-27 09:00:00
2026-06-21,145613033,2167,0,90.0043716409,-90.0043716409,-90.0043716409,0E-7,1,1,0.50665070000000000,0.506650700000,-1.013391052207602,-1.013391052207602,-1.013391052207602,0E-17,ELIGIBLE,R03b_20260811_FULL_v1,L1_ELIGIBILITY,v2026-08-11,2026-03-21..2026-08-06,baccarat_bet02_101_all_pairs_incl_sentinel,round_win = game_pnl > 0 (decisive only),COMPATIBILITY_ONLY_NOT_PRODUCTION,36307.0055,32588.7024,482.3135,544,541,-0.01328431,-0.00682849,-0.01448415,-0.01328431,-482.3135,36307.0055,OK,0.0000,19.2925,4.0000,96.0000,AG03-UNRESOLVED,ALL5_LEVELS_bet23_to_bet27,19.2925,19.2925,24.1157,24.1157,24.1157,4.000000,4.000000,5.000000,5.000000,5.000000,96.000000,96.000000,95.000000,95.000000,95.000000,5.0,110.9321,101.2102,371.3814,381.1033,PENDING_AG03,FALSE,NOT_FOR_ENFORCEMENT,463.0210,31285.1543,482.3135,463.0210,19.2925,0.01328431,0.01275294,19.2925,463.0210,0.01275294,19.2925,19.2925,24.1157,24.1157,24.1157,463.0210,0.01275294,110.9321,101.2102,371.3814,381.1033,0.01022892,0.01049669,0.00053137,66.7408,60.2379,0.8915,19.2925,2.0970,1452.2802,21.6400,82.4672,64.4564,51.4311,63.5556,77.8372,103.2711,130.8798,158.4328,54.3647,0.0,2.059297,2.492824,1.050118,28,101,29,4,0.15672563,0.01328431,0.00682849,0E-8,0.000000,0.897587,0.000000,0.00765565,2026-03-22,2026-07-16,25,230,165,117,0.213675,1.279427,1.235634,0.522419,,,,,,,,GLOBAL_BASELINE_NO_ENTITY_RANKING,,,NOT_APPLICABLE_GLOBAL_BASELINE,HF9g-P5,,,,X 全窗基线 · 不参与实体赏罚,8393627,840,A168_HF9F_20260827_0900,2026-08-27 09:00:00
2026-06-21,145613033,2212,0,293.1570962019,82.8040219096,82.8040219096,0.6666667,3,3,0.50218230000000000,0.502182300000,0.5697959874915163,0.5697959874915164,0.5697959874915163,0E-17,ELIGIBLE,R03b_20260811_FULL_v1,L1_ELIGIBILITY,v2026-08-11,2026-03-21..2026-08-06,baccarat_bet02_101_all_pairs_incl_sentinel,round_win = game_pnl > 0 (decisive only),COMPATIBILITY_ONLY_NOT_PRODUCTION,36307.0055,32588.7024,482.3135,544,541,-0.01328431,-0.00682849,-0.01448415,-0.01328431,-482.3135,36307.0055,OK,0.0000,19.2925,4.0000,96.0000,AG03-UNRESOLVED,ALL5_LEVELS_bet23_to_bet27,19.2925,19.2925,24.1157,24.1157,24.1157,4.000000,4.000000,5.000000,5.000000,5.000000,96.000000,96.000000,95.000000,95.000000,95.000000,5.0,110.9321,101.2102,371.3814,381.1033,PENDING_AG03,FALSE,NOT_FOR_ENFORCEMENT,463.0210,31285.1543,482.3135,463.0210,19.2925,0.01328431,0.01275294,19.2925,463.0210,0.01275294,19.2925,19.2925,24.1157,24.1157,24.1157,463.0210,0.01275294,110.9321,101.2102,371.3814,381.1033,0.01022892,0.01049669,0.00053137,66.7408,60.2379,0.8915,19.2925,2.0970,1452.2802,21.6400,82.4672,64.4564,51.4311,63.5556,77.8372,103.2711,130.8798,158.4328,54.3647,0.0,2.059297,2.492824,1.050118,28,101,29,4,0.15672563,0.01328431,0.00682849,0E-8,0.000000,0.897587,0.000000,0.00765565,2026-03-22,2026-07-16,25,230,165,117,0.213675,1.279427,1.235634,0.522419,,,,,,,,GLOBAL_BASELINE_NO_ENTITY_RANKING,,,NOT_APPLICABLE_GLOBAL_BASELINE,HF9g-P5,,,,X 全窗基线 · 不参与实体赏罚,8393628,840,A168_HF9F_20260827_0900,2026-08-27 09:00:00
2026-06-21,145613033,2241,0,493.7382672873,200.5811710856,200.5811710856,0.7500000,5,5,0.50396966000000000,0.503969660000,0.9841523774297893,0.9841523774297894,0.9841523774297893,0E-17,ELIGIBLE,R03b_20260811_FULL_v1,L1_ELIGIBILITY,v2026-08-11,2026-03-21..2026-08-06,baccarat_bet02_101_all_pairs_incl_sentinel,round_win = game_pnl > 0 (decisive only),COMPATIBILITY_ONLY_NOT_PRODUCTION,36307.0055,32588.7024,482.3135,544,541,-0.01328431,-0.00682849,-0.01448415,-0.01328431,-482.3135,36307.0055,OK,0.0000,19.2925,4.0000,96.0000,AG03-UNRESOLVED,ALL5_LEVELS_bet23_to_bet27,19.2925,19.2925,24.1157,24.1157,24.1157,4.000000,4.000000,5.000000,5.000000,5.000000,96.000000,96.000000,95.000000,95.000000,95.000000,5.0,110.9321,101.2102,371.3814,381.1033,PENDING_AG03,FALSE,NOT_FOR_ENFORCEMENT,463.0210,31285.1543,482.3135,463.0210,19.2925,0.01328431,0.01275294,19.2925,463.0210,0.01275294,19.2925,19.2925,24.1157,24.1157,24.1157,463.0210,0.01275294,110.9321,101.2102,371.3814,381.1033,0.01022892,0.01049669,0.00053137,66.7408,60.2379,0.8915,19.2925,2.0970,1452.2802,21.6400,82.4672,64.4564,51.4311,63.5556,77.8372,103.2711,130.8798,158.4328,54.3647,0.0,2.059297,2.492824,1.050118,28,101,29,4,0.15672563,0.01328431,0.00682849,0E-8,0.000000,0.897587,0.000000,0.00765565,2026-03-22,2026-07-16,25,230,165,117,0.213675,1.279427,1.235634,0.522419,,,,,,,,GLOBAL_BASELINE_NO_ENTITY_RANKING,,,NOT_APPLICABLE_GLOBAL_BASELINE,HF9g-P5,,,,X 全窗基线 · 不参与实体赏罚,8393629,840,A168_HF9F_20260827_0900,2026-08-27 09:00:00
2026-06-21,145613033,2248,0,87.4328181655,-87.4328181655,-87.4328181655,0E-7,1,1,0.50665070000000000,0.506650700000,-1.013391052207602,-1.013391052207602,-1.013391052207602,0E-17,ELIGIBLE,R03b_20260811_FULL_v1,L1_ELIGIBILITY,v2026-08-11,2026-03-21..2026-08-06,baccarat_bet02_101_all_pairs_incl_sentinel,round_win = game_pnl > 0 (decisive only),COMPATIBILITY_ONLY_NOT_PRODUCTION,36307.0055,32588.7024,482.3135,544,541,-0.01328431,-0.00682849,-0.01448415,-0.01328431,-482.3135,36307.0055,OK,0.0000,19.2925,4.0000,96.0000,AG03-UNRESOLVED,ALL5_LEVELS_bet23_to_bet27,19.2925,19.2925,24.1157,24.1157,24.1157,4.000000,4.000000,5.000000,5.000000,5.000000,96.000000,96.000000,95.000000,95.000000,95.000000,5.0,110.9321,101.2102,371.3814,381.1033,PENDING_AG03,FALSE,NOT_FOR_ENFORCEMENT,463.0210,31285.1543,482.3135,463.0210,19.2925,0.01328431,0.01275294,19.2925,463.0210,0.01275294,19.2925,19.2925,24.1157,24.1157,24.1157,463.0210,0.01275294,110.9321,101.2102,371.3814,381.1033,0.01022892,0.01049669,0.00053137,66.7408,60.2379,0.8915,19.2925,2.0970,1452.2802,21.6400,82.4672,64.4564,51.4311,63.5556,77.8372,103.2711,130.8798,158.4328,54.3647,0.0,2.059297,2.492824,1.050118,28,101,29,4,0.15672563,0.01328431,0.00682849,0E-8,0.000000,0.897587,0.000000,0.00765565,2026-03-22,2026-07-16,25,230,165,117,0.213675,1.279427,1.235634,0.522419,,,,,,,,GLOBAL_BASELINE_NO_ENTITY_RANKING,,,NOT_APPLICABLE_GLOBAL_BASELINE,HF9g-P5,,,,X 全窗基线 · 不参与实体赏罚,8393630,840,A168_HF9F_20260827_0900,2026-08-27 09:00:00
2026-06-21,145613033,2261,0,180.0087432818,0E-10,0E-10,,1,1,0.50665070000000000,0.506650700000,,,,0E-17,NO_DECISIVE_ROUND,R03b_20260811_FULL_v1,L1_ELIGIBILITY,v2026-08-11,2026-03-21..2026-08-06,baccarat_bet02_101_all_pairs_incl_sentinel,round_win = game_pnl > 0 (decisive only),COMPATIBILITY_ONLY_NOT_PRODUCTION,36307.0055,32588.7024,482.3135,544,541,-0.01328431,-0.00682849,-0.01448415,-0.01328431,-482.3135,36307.0055,OK,0.0000,19.2925,4.0000,96.0000,AG03-UNRESOLVED,ALL5_LEVELS_bet23_to_bet27,19.2925,19.2925,24.1157,24.1157,24.1157,4.000000,4.000000,5.000000,5.000000,5.000000,96.000000,96.000000,95.000000,95.000000,95.000000,5.0,110.9321,101.2102,371.3814,381.1033,PENDING_AG03,FALSE,NOT_FOR_ENFORCEMENT,463.0210,31285.1543,482.3135,463.0210,19.2925,0.01328431,0.01275294,19.2925,463.0210,0.01275294,19.2925,19.2925,24.1157,24.1157,24.1157,463.0210,0.01275294,110.9321,101.2102,371.3814,381.1033,0.01022892,0.01049669,0.00053137,66.7408,60.2379,0.8915,19.2925,2.0970,1452.2802,21.6400,82.4672,64.4564,51.4311,63.5556,77.8372,103.2711,130.8798,158.4328,54.3647,0.0,2.059297,2.492824,1.050118,28,101,29,4,0.15672563,0.01328431,0.00682849,0E-8,0.000000,0.897587,0.000000,0.00765565,2026-03-22,2026-07-16,25,230,165,117,0.213675,1.279427,1.235634,0.522419,,,,,,,,GLOBAL_BASELINE_NO_ENTITY_RANKING,,,NOT_APPLICABLE_GLOBAL_BASELINE,HF9g-P5,,,,X 全窗基线 · 不参与实体赏罚,8393631,840,A168_HF9F_20260827_0900,2026-08-27 09:00:00
2026-06-21,145613033,2266,0,231.4398127909,-231.4398127909,-231.4398127909,0E-7,2,2,0.49994810000000000,0.499948100000,-1.4140667746232096,-1.4140667746232096,-1.4140667746232096,0E-17,ELIGIBLE,R03b_20260811_FULL_v1,L1_ELIGIBILITY,v2026-08-11,2026-03-21..2026-08-06,baccarat_bet02_101_all_pairs_incl_sentinel,round_win = game_pnl > 0 (decisive only),COMPATIBILITY_ONLY_NOT_PRODUCTION,36307.0055,32588.7024,482.3135,544,541,-0.01328431,-0.00682849,-0.01448415,-0.01328431,-482.3135,36307.0055,OK,0.0000,19.2925,4.0000,96.0000,AG03-UNRESOLVED,ALL5_LEVELS_bet23_to_bet27,19.2925,19.2925,24.1157,24.1157,24.1157,4.000000,4.000000,5.000000,5.000000,5.000000,96.000000,96.000000,95.000000,95.000000,95.000000,5.0,110.9321,101.2102,371.3814,381.1033,PENDING_AG03,FALSE,NOT_FOR_ENFORCEMENT,463.0210,31285.1543,482.3135,463.0210,19.2925,0.01328431,0.01275294,19.2925,463.0210,0.01275294,19.2925,19.2925,24.1157,24.1157,24.1157,463.0210,0.01275294,110.9321,101.2102,371.3814,381.1033,0.01022892,0.01049669,0.00053137,66.7408,60.2379,0.8915,19.2925,2.0970,1452.2802,21.6400,82.4672,64.4564,51.4311,63.5556,77.8372,103.2711,130.8798,158.4328,54.3647,0.0,2.059297,2.492824,1.050118,28,101,29,4,0.15672563,0.01328431,0.00682849,0E-8,0.000000,0.897587,0.000000,0.00765565,2026-03-22,2026-07-16,25,230,165,117,0.213675,1.279427,1.235634,0.522419,,,,,,,,GLOBAL_BASELINE_NO_ENTITY_RANKING,,,NOT_APPLICABLE_GLOBAL_BASELINE,HF9g-P5,,,,X 全窗基线 · 不参与实体赏罚,8393632,840,A168_HF9F_20260827_0900,2026-08-27 09:00:00
2026-06-24,145613033,-1,1,77.1466042636,0E-10,0E-10,,1,1,0.49324550000000000,0.493245500000,,,,0E-17,SENTINEL_DEALER,R03b_20260811_FULL_v1,L1_ELIGIBILITY,v2026-08-11,2026-03-21..2026-08-06,baccarat_bet02_101_all_pairs_incl_sentinel,round_win = game_pnl > 0 (decisive only),COMPATIBILITY_ONLY_NOT_PRODUCTION,36307.0055,32588.7024,482.3135,544,541,-0.01328431,-0.00682849,-0.01448415,-0.01328431,-482.3135,36307.0055,OK,0.0000,19.2925,4.0000,96.0000,AG03-UNRESOLVED,ALL5_LEVELS_bet23_to_bet27,19.2925,19.2925,24.1157,24.1157,24.1157,4.000000,4.000000,5.000000,5.000000,5.000000,96.000000,96.000000,95.000000,95.000000,95.000000,5.0,110.9321,101.2102,371.3814,381.1033,PENDING_AG03,FALSE,NOT_FOR_ENFORCEMENT,463.0210,31285.1543,482.3135,463.0210,19.2925,0.01328431,0.01275294,19.2925,463.0210,0.01275294,19.2925,19.2925,24.1157,24.1157,24.1157,463.0210,0.01275294,110.9321,101.2102,371.3814,381.1033,0.01022892,0.01049669,0.00053137,66.7408,60.2379,0.8915,19.2925,2.0970,1452.2802,21.6400,82.4672,64.4564,51.4311,63.5556,77.8372,103.2711,130.8798,158.4328,54.3647,0.0,2.059297,2.492824,1.050118,28,101,29,4,0.15672563,0.01328431,0.00682849,0E-8,0.000000,0.897587,0.000000,0.00765565,2026-03-22,2026-07-16,25,230,165,117,0.213675,1.279427,1.235634,0.522419,,,,,,,,GLOBAL_BASELINE_NO_ENTITY_RANKING,,,NOT_APPLICABLE_GLOBAL_BASELINE,HF9g-P5,,,,X 全窗基线 · 不参与实体赏罚,8393633,840,A168_HF9F_20260827_0900,2026-08-27 09:00:00
2026-06-24,145613033,1115,0,349.7312726617,45.0021858205,45.0021858205,0.6000000,5,5,0.50128862000000000,0.501288620000,0.4414521777673877,0.4414521777673877,0.4414521777673877,0E-17,ELIGIBLE,R03b_20260811_FULL_v1,L1_ELIGIBILITY,v2026-08-11,2026-03-21..2026-08-06,baccarat_bet02_101_all_pairs_incl_sentinel,round_win = game_pnl > 0 (decisive only),COMPATIBILITY_ONLY_NOT_PRODUCTION,36307.0055,32588.7024,482.3135,544,541,-0.01328431,-0.00682849,-0.01448415,-0.01328431,-482.3135,36307.0055,OK,0.0000,19.2925,4.0000,96.0000,AG03-UNRESOLVED,ALL5_LEVELS_bet23_to_bet27,19.2925,19.2925,24.1157,24.1157,24.1157,4.000000,4.000000,5.000000,5.000000,5.000000,96.000000,96.000000,95.000000,95.000000,95.000000,5.0,110.9321,101.2102,371.3814,381.1033,PENDING_AG03,FALSE,NOT_FOR_ENFORCEMENT,463.0210,31285.1543,482.3135,463.0210,19.2925,0.01328431,0.01275294,19.2925,463.0210,0.01275294,19.2925,19.2925,24.1157,24.1157,24.1157,463.0210,0.01275294,110.9321,101.2102,371.3814,381.1033,0.01022892,0.01049669,0.00053137,66.7408,60.2379,0.8915,19.2925,2.0970,1452.2802,21.6400,82.4672,64.4564,51.4311,63.5556,77.8372,103.2711,130.8798,158.4328,54.3647,0.0,2.059297,2.492824,1.050118,28,101,29,4,0.15672563,0.01328431,0.00682849,0E-8,0.000000,0.897587,0.000000,0.00765565,2026-03-22,2026-07-16,25,230,165,117,0.213675,1.279427,1.235634,0.522419,,,,,,,,GLOBAL_BASELINE_NO_ENTITY_RANKING,,,NOT_APPLICABLE_GLOBAL_BASELINE,HF9g-P5,,,,X 全窗基线 · 不参与实体赏罚,8393634,840,A168_HF9F_20260827_0900,2026-08-27 09:00:00
2026-06-24,145613033,1210,0,282.8708822999,-102.8621390181,-102.8621390181,0.3333333,4,4,0.50329940000000000,0.503299400000,-0.5887925454369916,-0.5887925454369916,-0.5887925454369916,0E-17,ELIGIBLE,R03b_20260811_FULL_v1,L1_ELIGIBILITY,v2026-08-11,2026-03-21..2026-08-06,baccarat_bet02_101_all_pairs_incl_sentinel,round_win = game_pnl > 0 (decisive only),COMPATIBILITY_ONLY_NOT_PRODUCTION,36307.0055,32588.7024,482.3135,544,541,-0.01328431,-0.00682849,-0.01448415,-0.01328431,-482.3135,36307.0055,OK,0.0000,19.2925,4.0000,96.0000,AG03-UNRESOLVED,ALL5_LEVELS_bet23_to_bet27,19.2925,19.2925,24.1157,24.1157,24.1157,4.000000,4.000000,5.000000,5.000000,5.000000,96.000000,96.000000,95.000000,95.000000,95.000000,5.0,110.9321,101.2102,371.3814,381.1033,PENDING_AG03,FALSE,NOT_FOR_ENFORCEMENT,463.0210,31285.1543,482.3135,463.0210,19.2925,0.01328431,0.01275294,19.2925,463.0210,0.01275294,19.2925,19.2925,24.1157,24.1157,24.1157,463.0210,0.01275294,110.9321,101.2102,371.3814,381.1033,0.01022892,0.01049669,0.00053137,66.7408,60.2379,0.8915,19.2925,2.0970,1452.2802,21.6400,82.4672,64.4564,51.4311,63.5556,77.8372,103.2711,130.8798,158.4328,54.3647,0.0,2.059297,2.492824,1.050118,28,101,29,4,0.15672563,0.01328431,0.00682849,0E-8,0.000000,0.897587,0.000000,0.00765565,2026-03-22,2026-07-16,25,230,165,117,0.213675,1.279427,1.235634,0.522419,,,,,,,,GLOBAL_BASELINE_NO_ENTITY_RANKING,,,NOT_APPLICABLE_GLOBAL_BASELINE,HF9g-P5,,,,X 全窗基线 · 不参与实体赏罚,8393635,840,A168_HF9F_20260827_0900,2026-08-27 09:00:00
2026-06-24,145613033,1490,0,164.5794224291,-12.8577673773,-12.8577673773,0.5000000,3,3,0.50665070000000000,0.506650700000,-0.018812684590367487,-0.018812684590367487,-0.018812684590367487,0E-17,ELIGIBLE,R03b_20260811_FULL_v1,L1_ELIGIBILITY,v2026-08-11,2026-03-21..2026-08-06,baccarat_bet02_101_all_pairs_incl_sentinel,round_win = game_pnl > 0 (decisive only),COMPATIBILITY_ONLY_NOT_PRODUCTION,36307.0055,32588.7024,482.3135,544,541,-0.01328431,-0.00682849,-0.01448415,-0.01328431,-482.3135,36307.0055,OK,0.0000,19.2925,4.0000,96.0000,AG03-UNRESOLVED,ALL5_LEVELS_bet23_to_bet27,19.2925,19.2925,24.1157,24.1157,24.1157,4.000000,4.000000,5.000000,5.000000,5.000000,96.000000,96.000000,95.000000,95.000000,95.000000,5.0,110.9321,101.2102,371.3814,381.1033,PENDING_AG03,FALSE,NOT_FOR_ENFORCEMENT,463.0210,31285.1543,482.3135,463.0210,19.2925,0.01328431,0.01275294,19.2925,463.0210,0.01275294,19.2925,19.2925,24.1157,24.1157,24.1157,463.0210,0.01275294,110.9321,101.2102,371.3814,381.1033,0.01022892,0.01049669,0.00053137,66.7408,60.2379,0.8915,19.2925,2.0970,1452.2802,21.6400,82.4672,64.4564,51.4311,63.5556,77.8372,103.2711,130.8798,158.4328,54.3647,0.0,2.059297,2.492824,1.050118,28,101,29,4,0.15672563,0.01328431,0.00682849,0E-8,0.000000,0.897587,0.000000,0.00765565,2026-03-22,2026-07-16,25,230,165,117,0.213675,1.279427,1.235634,0.522419,,,,,,,,GLOBAL_BASELINE_NO_ENTITY_RANKING,,,NOT_APPLICABLE_GLOBAL_BASELINE,HF9g-P5,,,,X 全窗基线 · 不参与实体赏罚,8393636,840,A168_HF9F_20260827_0900,2026-08-27 09:00:00
2026-06-24,145613033,1750,0,871.7566281793,234.9114099826,234.9114099826,0.6470588,17,17,0.50113091176470588,0.501130911765,1.2033554659577594,1.2033554659553358,1.2033554659577594,-2.9412E-13,ELIGIBLE,R03b_20260811_FULL_v1,L1_ELIGIBILITY,v2026-08-11,2026-03-21..2026-08-06,baccarat_bet02_101_all_pairs_incl_sentinel,round_win = game_pnl > 0 (decisive only),COMPATIBILITY_ONLY_NOT_PRODUCTION,36307.0055,32588.7024,482.3135,544,541,-0.01328431,-0.00682849,-0.01448415,-0.01328431,-482.3135,36307.0055,OK,0.0000,19.2925,4.0000,96.0000,AG03-UNRESOLVED,ALL5_LEVELS_bet23_to_bet27,19.2925,19.2925,24.1157,24.1157,24.1157,4.000000,4.000000,5.000000,5.000000,5.000000,96.000000,96.000000,95.000000,95.000000,95.000000,5.0,110.9321,101.2102,371.3814,381.1033,PENDING_AG03,FALSE,NOT_FOR_ENFORCEMENT,463.0210,31285.1543,482.3135,463.0210,19.2925,0.01328431,0.01275294,19.2925,463.0210,0.01275294,19.2925,19.2925,24.1157,24.1157,24.1157,463.0210,0.01275294,110.9321,101.2102,371.3814,381.1033,0.01022892,0.01049669,0.00053137,66.7408,60.2379,0.8915,19.2925,2.0970,1452.2802,21.6400,82.4672,64.4564,51.4311,63.5556,77.8372,103.2711,130.8798,158.4328,54.3647,0.0,2.059297,2.492824,1.050118,28,101,29,4,0.15672563,0.01328431,0.00682849,0E-8,0.000000,0.897587,0.000000,0.00765565,2026-03-22,2026-07-16,25,230,165,117,0.213675,1.279427,1.235634,0.522419,,,,,,,,GLOBAL_BASELINE_NO_ENTITY_RANKING,,,NOT_APPLICABLE_GLOBAL_BASELINE,HF9g-P5,,,,X 全窗基线 · 不参与实体赏罚,8393637,840,A168_HF9F_20260827_0900,2026-08-27 09:00:00
2026-06-24,145613033,2088,0,38.5733021318,-38.5733021318,-38.5733021318,0E-7,1,1,0.50665070000000000,0.506650700000,-1.013391052207602,-1.013391052207602,-1.013391052207602,0E-17,ELIGIBLE,R03b_20260811_FULL_v1,L1_ELIGIBILITY,v2026-08-11,2026-03-21..2026-08-06,baccarat_bet02_101_all_pairs_incl_sentinel,round_win = game_pnl > 0 (decisive only),COMPATIBILITY_ONLY_NOT_PRODUCTION,36307.0055,32588.7024,482.3135,544,541,-0.01328431,-0.00682849,-0.01448415,-0.01328431,-482.3135,36307.0055,OK,0.0000,19.2925,4.0000,96.0000,AG03-UNRESOLVED,ALL5_LEVELS_bet23_to_bet27,19.2925,19.2925,24.1157,24.1157,24.1157,4.000000,4.000000,5.000000,5.000000,5.000000,96.000000,96.000000,95.000000,95.000000,95.000000,5.0,110.9321,101.2102,371.3814,381.1033,PENDING_AG03,FALSE,NOT_FOR_ENFORCEMENT,463.0210,31285.1543,482.3135,463.0210,19.2925,0.01328431,0.01275294,19.2925,463.0210,0.01275294,19.2925,19.2925,24.1157,24.1157,24.1157,463.0210,0.01275294,110.9321,101.2102,371.3814,381.1033,0.01022892,0.01049669,0.00053137,66.7408,60.2379,0.8915,19.2925,2.0970,1452.2802,21.6400,82.4672,64.4564,51.4311,63.5556,77.8372,103.2711,130.8798,158.4328,54.3647,0.0,2.059297,2.492824,1.050118,28,101,29,4,0.15672563,0.01328431,0.00682849,0E-8,0.000000,0.897587,0.000000,0.00765565,2026-03-22,2026-07-16,25,230,165,117,0.213675,1.279427,1.235634,0.522419,,,,,,,,GLOBAL_BASELINE_NO_ENTITY_RANKING,,,NOT_APPLICABLE_GLOBAL_BASELINE,HF9g-P5,,,,X 全窗基线 · 不参与实体赏罚,8393638,840,A168_HF9F_20260827_0900,2026-08-27 09:00:00
2026-06-24,145613033,2115,0,90.0043716409,0E-10,0E-10,,1,1,0.50665070000000000,0.506650700000,,,,0E-17,NO_DECISIVE_ROUND,R03b_20260811_FULL_v1,L1_ELIGIBILITY,v2026-08-11,2026-03-21..2026-08-06,baccarat_bet02_101_all_pairs_incl_sentinel,round_win = game_pnl > 0 (decisive only),COMPATIBILITY_ONLY_NOT_PRODUCTION,36307.0055,32588.7024,482.3135,544,541,-0.01328431,-0.00682849,-0.01448415,-0.01328431,-482.3135,36307.0055,OK,0.0000,19.2925,4.0000,96.0000,AG03-UNRESOLVED,ALL5_LEVELS_bet23_to_bet27,19.2925,19.2925,24.1157,24.1157,24.1157,4.000000,4.000000,5.000000,5.000000,5.000000,96.000000,96.000000,95.000000,95.000000,95.000000,5.0,110.9321,101.2102,371.3814,381.1033,PENDING_AG03,FALSE,NOT_FOR_ENFORCEMENT,463.0210,31285.1543,482.3135,463.0210,19.2925,0.01328431,0.01275294,19.2925,463.0210,0.01275294,19.2925,19.2925,24.1157,24.1157,24.1157,463.0210,0.01275294,110.9321,101.2102,371.3814,381.1033,0.01022892,0.01049669,0.00053137,66.7408,60.2379,0.8915,19.2925,2.0970,1452.2802,21.6400,82.4672,64.4564,51.4311,63.5556,77.8372,103.2711,130.8798,158.4328,54.3647,0.0,2.059297,2.492824,1.050118,28,101,29,4,0.15672563,0.01328431,0.00682849,0E-8,0.000000,0.897587,0.000000,0.00765565,2026-03-22,2026-07-16,25,230,165,117,0.213675,1.279427,1.235634,0.522419,,,,,,,,GLOBAL_BASELINE_NO_ENTITY_RANKING,,,NOT_APPLICABLE_GLOBAL_BASELINE,HF9g-P5,,,,X 全窗基线 · 不参与实体赏罚,8393639,840,A168_HF9F_20260827_0900,2026-08-27 09:00:00
2026-06-24,145613033,2155,0,308.5864170546,-30.2157533367,-30.2157533367,0.5000000,6,6,0.49994810000000000,0.499948100000,0.00025425703667063243,0.00025425703667063243,0.00025425703667063243,0E-17,ELIGIBLE,R03b_20260811_FULL_v1,L1_ELIGIBILITY,v2026-08-11,2026-03-21..2026-08-06,baccarat_bet02_101_all_pairs_incl_sentinel,round_win = game_pnl > 0 (decisive only),COMPATIBILITY_ONLY_NOT_PRODUCTION,36307.0055,32588.7024,482.3135,544,541,-0.01328431,-0.00682849,-0.01448415,-0.01328431,-482.3135,36307.0055,OK,0.0000,19.2925,4.0000,96.0000,AG03-UNRESOLVED,ALL5_LEVELS_bet23_to_bet27,19.2925,19.2925,24.1157,24.1157,24.1157,4.000000,4.000000,5.000000,5.000000,5.000000,96.000000,96.000000,95.000000,95.000000,95.000000,5.0,110.9321,101.2102,371.3814,381.1033,PENDING_AG03,FALSE,NOT_FOR_ENFORCEMENT,463.0210,31285.1543,482.3135,463.0210,19.2925,0.01328431,0.01275294,19.2925,463.0210,0.01275294,19.2925,19.2925,24.1157,24.1157,24.1157,463.0210,0.01275294,110.9321,101.2102,371.3814,381.1033,0.01022892,0.01049669,0.00053137,66.7408,60.2379,0.8915,19.2925,2.0970,1452.2802,21.6400,82.4672,64.4564,51.4311,63.5556,77.8372,103.2711,130.8798,158.4328,54.3647,0.0,2.059297,2.492824,1.050118,28,101,29,4,0.15672563,0.01328431,0.00682849,0E-8,0.000000,0.897587,0.000000,0.00765565,2026-03-22,2026-07-16,25,230,165,117,0.213675,1.279427,1.235634,0.522419,,,,,,,,GLOBAL_BASELINE_NO_ENTITY_RANKING,,,NOT_APPLICABLE_GLOBAL_BASELINE,HF9g-P5,,,,X 全窗基线 · 不参与实体赏罚,8393640,840,A168_HF9F_20260827_0900,2026-08-27 09:00:00
2026-06-24,145613033,2174,0,102.8621390182,38.5733021318,38.5733021318,1.0000000,2,2,0.49994810000000000,0.499948100000,1.0001038053877793,1.0001038053877793,1.0001038053877793,0E-17,ELIGIBLE,R03b_20260811_FULL_v1,L1_ELIGIBILITY,v2026-08-11,2026-03-21..2026-08-06,baccarat_bet02_101_all_pairs_incl_sentinel,round_win = game_pnl > 0 (decisive only),COMPATIBILITY_ONLY_NOT_PRODUCTION,36307.0055,32588.7024,482.3135,544,541,-0.01328431,-0.00682849,-0.01448415,-0.01328431,-482.3135,36307.0055,OK,0.0000,19.2925,4.0000,96.0000,AG03-UNRESOLVED,ALL5_LEVELS_bet23_to_bet27,19.2925,19.2925,24.1157,24.1157,24.1157,4.000000,4.000000,5.000000,5.000000,5.000000,96.000000,96.000000,95.000000,95.000000,95.000000,5.0,110.9321,101.2102,371.3814,381.1033,PENDING_AG03,FALSE,NOT_FOR_ENFORCEMENT,463.0210,31285.1543,482.3135,463.0210,19.2925,0.01328431,0.01275294,19.2925,463.0210,0.01275294,19.2925,19.2925,24.1157,24.1157,24.1157,463.0210,0.01275294,110.9321,101.2102,371.3814,381.1033,0.01022892,0.01049669,0.00053137,66.7408,60.2379,0.8915,19.2925,2.0970,1452.2802,21.6400,82.4672,64.4564,51.4311,63.5556,77.8372,103.2711,130.8798,158.4328,54.3647,0.0,2.059297,2.492824,1.050118,28,101,29,4,0.15672563,0.01328431,0.00682849,0E-8,0.000000,0.897587,0.000000,0.00765565,2026-03-22,2026-07-16,25,230,165,117,0.213675,1.279427,1.235634,0.522419,,,,,,,,GLOBAL_BASELINE_NO_ENTITY_RANKING,,,NOT_APPLICABLE_GLOBAL_BASELINE,HF9g-P5,,,,X 全窗基线 · 不参与实体赏罚,8393641,840,A168_HF9F_20260827_0900,2026-08-27 09:00:00
2026-06-24,145613033,2222,0,390.8761282691,30.8586417054,30.8586417054,0.6666667,8,7,0.49935886043956132,0.499948100000,0.5795717182540927,0.5775300591747329,0.5795717182540927,-0.00058923956043868,ELIGIBLE,R03b_20260811_FULL_v1,L1_ELIGIBILITY,v2026-08-11,2026-03-21..2026-08-06,baccarat_bet02_101_all_pairs_incl_sentinel,round_win = game_pnl > 0 (decisive only),COMPATIBILITY_ONLY_NOT_PRODUCTION,36307.0055,32588.7024,482.3135,544,541,-0.01328431,-0.00682849,-0.01448415,-0.01328431,-482.3135,36307.0055,OK,0.0000,19.2925,4.0000,96.0000,AG03-UNRESOLVED,ALL5_LEVELS_bet23_to_bet27,19.2925,19.2925,24.1157,24.1157,24.1157,4.000000,4.000000,5.000000,5.000000,5.000000,96.000000,96.000000,95.000000,95.000000,95.000000,5.0,110.9321,101.2102,371.3814,381.1033,PENDING_AG03,FALSE,NOT_FOR_ENFORCEMENT,463.0210,31285.1543,482.3135,463.0210,19.2925,0.01328431,0.01275294,19.2925,463.0210,0.01275294,19.2925,19.2925,24.1157,24.1157,24.1157,463.0210,0.01275294,110.9321,101.2102,371.3814,381.1033,0.01022892,0.01049669,0.00053137,66.7408,60.2379,0.8915,19.2925,2.0970,1452.2802,21.6400,82.4672,64.4564,51.4311,63.5556,77.8372,103.2711,130.8798,158.4328,54.3647,0.0,2.059297,2.492824,1.050118,28,101,29,4,0.15672563,0.01328431,0.00682849,0E-8,0.000000,0.897587,0.000000,0.00765565,2026-03-22,2026-07-16,25,230,165,117,0.213675,1.279427,1.235634,0.522419,,,,,,,,GLOBAL_BASELINE_NO_ENTITY_RANKING,,,NOT_APPLICABLE_GLOBAL_BASELINE,HF9g-P5,,,,X 全窗基线 · 不参与实体赏罚,8393642,840,A168_HF9F_20260827_0900,2026-08-27 09:00:00
2026-06-24,145613033,2224,0,41.1448556073,-41.1448556073,-41.1448556073,0E-7,1,1,0.50665070000000000,0.506650700000,-1.013391052207602,-1.013391052207602,-1.013391052207602,0E-17,ELIGIBLE,R03b_20260811_FULL_v1,L1_ELIGIBILITY,v2026-08-11,2026-03-21..2026-08-06,baccarat_bet02_101_all_pairs_incl_sentinel,round_win = game_pnl > 0 (decisive only),COMPATIBILITY_ONLY_NOT_PRODUCTION,36307.0055,32588.7024,482.3135,544,541,-0.01328431,-0.00682849,-0.01448415,-0.01328431,-482.3135,36307.0055,OK,0.0000,19.2925,4.0000,96.0000,AG03-UNRESOLVED,ALL5_LEVELS_bet23_to_bet27,19.2925,19.2925,24.1157,24.1157,24.1157,4.000000,4.000000,5.000000,5.000000,5.000000,96.000000,96.000000,95.000000,95.000000,95.000000,5.0,110.9321,101.2102,371.3814,381.1033,PENDING_AG03,FALSE,NOT_FOR_ENFORCEMENT,463.0210,31285.1543,482.3135,463.0210,19.2925,0.01328431,0.01275294,19.2925,463.0210,0.01275294,19.2925,19.2925,24.1157,24.1157,24.1157,463.0210,0.01275294,110.9321,101.2102,371.3814,381.1033,0.01022892,0.01049669,0.00053137,66.7408,60.2379,0.8915,19.2925,2.0970,1452.2802,21.6400,82.4672,64.4564,51.4311,63.5556,77.8372,103.2711,130.8798,158.4328,54.3647,0.0,2.059297,2.492824,1.050118,28,101,29,4,0.15672563,0.01328431,0.00682849,0E-8,0.000000,0.897587,0.000000,0.00765565,2026-03-22,2026-07-16,25,230,165,117,0.213675,1.279427,1.235634,0.522419,,,,,,,,GLOBAL_BASELINE_NO_ENTITY_RANKING,,,NOT_APPLICABLE_GLOBAL_BASELINE,HF9g-P5,,,,X 全窗基线 · 不参与实体赏罚,8393643,840,A168_HF9F_20260827_0900,2026-08-27 09:00:00
2026-06-24,145613033,2229,0,280.2993288245,-129.8634505104,-129.8634505104,0.2500000,4,4,0.49994810000000000,0.499948100000,-0.9997924053861017,-0.9997924053861017,-0.9997924053861017,0E-17,ELIGIBLE,R03b_20260811_FULL_v1,L1_ELIGIBILITY,v2026-08-11,2026-03-21..2026-08-06,baccarat_bet02_101_all_pairs_incl_sentinel,round_win = game_pnl > 0 (decisive only),COMPATIBILITY_ONLY_NOT_PRODUCTION,36307.0055,32588.7024,482.3135,544,541,-0.01328431,-0.00682849,-0.01448415,-0.01328431,-482.3135,36307.0055,OK,0.0000,19.2925,4.0000,96.0000,AG03-UNRESOLVED,ALL5_LEVELS_bet23_to_bet27,19.2925,19.2925,24.1157,24.1157,24.1157,4.000000,4.000000,5.000000,5.000000,5.000000,96.000000,96.000000,95.000000,95.000000,95.000000,5.0,110.9321,101.2102,371.3814,381.1033,PENDING_AG03,FALSE,NOT_FOR_ENFORCEMENT,463.0210,31285.1543,482.3135,463.0210,19.2925,0.01328431,0.01275294,19.2925,463.0210,0.01275294,19.2925,19.2925,24.1157,24.1157,24.1157,463.0210,0.01275294,110.9321,101.2102,371.3814,381.1033,0.01022892,0.01049669,0.00053137,66.7408,60.2379,0.8915,19.2925,2.0970,1452.2802,21.6400,82.4672,64.4564,51.4311,63.5556,77.8372,103.2711,130.8798,158.4328,54.3647,0.0,2.059297,2.492824,1.050118,28,101,29,4,0.15672563,0.01328431,0.00682849,0E-8,0.000000,0.897587,0.000000,0.00765565,2026-03-22,2026-07-16,25,230,165,117,0.213675,1.279427,1.235634,0.522419,,,,,,,,GLOBAL_BASELINE_NO_ENTITY_RANKING,,,NOT_APPLICABLE_GLOBAL_BASELINE,HF9g-P5,,,,X 全窗基线 · 不参与实体赏罚,8393644,840,A168_HF9F_20260827_0900,2026-08-27 09:00:00
2026-06-24,145613033,2267,0,64.2888368864,-64.2888368864,-64.2888368864,0E-7,1,1,0.50665070000000000,0.506650700000,-1.013391052207602,-1.013391052207602,-1.013391052207602,0E-17,ELIGIBLE,R03b_20260811_FULL_v1,L1_ELIGIBILITY,v2026-08-11,2026-03-21..2026-08-06,baccarat_bet02_101_all_pairs_incl_sentinel,round_win = game_pnl > 0 (decisive only),COMPATIBILITY_ONLY_NOT_PRODUCTION,36307.0055,32588.7024,482.3135,544,541,-0.01328431,-0.00682849,-0.01448415,-0.01328431,-482.3135,36307.0055,OK,0.0000,19.2925,4.0000,96.0000,AG03-UNRESOLVED,ALL5_LEVELS_bet23_to_bet27,19.2925,19.2925,24.1157,24.1157,24.1157,4.000000,4.000000,5.000000,5.000000,5.000000,96.000000,96.000000,95.000000,95.000000,95.000000,5.0,110.9321,101.2102,371.3814,381.1033,PENDING_AG03,FALSE,NOT_FOR_ENFORCEMENT,463.0210,31285.1543,482.3135,463.0210,19.2925,0.01328431,0.01275294,19.2925,463.0210,0.01275294,19.2925,19.2925,24.1157,24.1157,24.1157,463.0210,0.01275294,110.9321,101.2102,371.3814,381.1033,0.01022892,0.01049669,0.00053137,66.7408,60.2379,0.8915,19.2925,2.0970,1452.2802,21.6400,82.4672,64.4564,51.4311,63.5556,77.8372,103.2711,130.8798,158.4328,54.3647,0.0,2.059297,2.492824,1.050118,28,101,29,4,0.15672563,0.01328431,0.00682849,0E-8,0.000000,0.897587,0.000000,0.00765565,2026-03-22,2026-07-16,25,230,165,117,0.213675,1.279427,1.235634,0.522419,,,,,,,,GLOBAL_BASELINE_NO_ENTITY_RANKING,,,NOT_APPLICABLE_GLOBAL_BASELINE,HF9g-P5,,,,X 全窗基线 · 不参与实体赏罚,8393645,840,A168_HF9F_20260827_0900,2026-08-27 09:00:00
2026-06-24,145613033,462,0,74.5750507882,70.8462982488,70.8462982488,1.0000000,1,1,0.50665070000000000,0.506650700000,0.9867858985152569,0.9867858985152569,0.9867858985152569,0E-17,ELIGIBLE,R03b_20260811_FULL_v1,L1_ELIGIBILITY,v2026-08-11,2026-03-21..2026-08-06,baccarat_bet02_101_all_pairs_incl_sentinel,round_win = game_pnl > 0 (decisive only),COMPATIBILITY_ONLY_NOT_PRODUCTION,36307.0055,32588.7024,482.3135,544,541,-0.01328431,-0.00682849,-0.01448415,-0.01328431,-482.3135,36307.0055,OK,0.0000,19.2925,4.0000,96.0000,AG03-UNRESOLVED,ALL5_LEVELS_bet23_to_bet27,19.2925,19.2925,24.1157,24.1157,24.1157,4.000000,4.000000,5.000000,5.000000,5.000000,96.000000,96.000000,95.000000,95.000000,95.000000,5.0,110.9321,101.2102,371.3814,381.1033,PENDING_AG03,FALSE,NOT_FOR_ENFORCEMENT,463.0210,31285.1543,482.3135,463.0210,19.2925,0.01328431,0.01275294,19.2925,463.0210,0.01275294,19.2925,19.2925,24.1157,24.1157,24.1157,463.0210,0.01275294,110.9321,101.2102,371.3814,381.1033,0.01022892,0.01049669,0.00053137,66.7408,60.2379,0.8915,19.2925,2.0970,1452.2802,21.6400,82.4672,64.4564,51.4311,63.5556,77.8372,103.2711,130.8798,158.4328,54.3647,0.0,2.059297,2.492824,1.050118,28,101,29,4,0.15672563,0.01328431,0.00682849,0E-8,0.000000,0.897587,0.000000,0.00765565,2026-03-22,2026-07-16,25,230,165,117,0.213675,1.279427,1.235634,0.522419,,,,,,,,GLOBAL_BASELINE_NO_ENTITY_RANKING,,,NOT_APPLICABLE_GLOBAL_BASELINE,HF9g-P5,,,,X 全窗基线 · 不参与实体赏罚,8393646,840,A168_HF9F_20260827_0900,2026-08-27 09:00:00
2026-06-27,145613033,2252,0,102.8621390182,-102.8621390182,-102.8621390182,0E-7,1,1,0.50665070000000000,0.506650700000,-1.013391052207602,-1.013391052207602,-1.013391052207602,0E-17,ELIGIBLE,R03b_20260811_FULL_v1,L1_ELIGIBILITY,v2026-08-11,2026-03-21..2026-08-06,baccarat_bet02_101_all_pairs_incl_sentinel,round_win = game_pnl > 0 (decisive only),COMPATIBILITY_ONLY_NOT_PRODUCTION,36307.0055,32588.7024,482.3135,544,541,-0.01328431,-0.00682849,-0.01448415,-0.01328431,-482.3135,36307.0055,OK,0.0000,19.2925,4.0000,96.0000,AG03-UNRESOLVED,ALL5_LEVELS_bet23_to_bet27,19.2925,19.2925,24.1157,24.1157,24.1157,4.000000,4.000000,5.000000,5.000000,5.000000,96.000000,96.000000,95.000000,95.000000,95.000000,5.0,110.9321,101.2102,371.3814,381.1033,PENDING_AG03,FALSE,NOT_FOR_ENFORCEMENT,463.0210,31285.1543,482.3135,463.0210,19.2925,0.01328431,0.01275294,19.2925,463.0210,0.01275294,19.2925,19.2925,24.1157,24.1157,24.1157,463.0210,0.01275294,110.9321,101.2102,371.3814,381.1033,0.01022892,0.01049669,0.00053137,66.7408,60.2379,0.8915,19.2925,2.0970,1452.2802,21.6400,82.4672,64.4564,51.4311,63.5556,77.8372,103.2711,130.8798,158.4328,54.3647,0.0,2.059297,2.492824,1.050118,28,101,29,4,0.15672563,0.01328431,0.00682849,0E-8,0.000000,0.897587,0.000000,0.00765565,2026-03-22,2026-07-16,25,230,165,117,0.213675,1.279427,1.235634,0.522419,,,,,,,,GLOBAL_BASELINE_NO_ENTITY_RANKING,,,NOT_APPLICABLE_GLOBAL_BASELINE,HF9g-P5,,,,X 全窗基线 · 不参与实体赏罚,8393647,840,A168_HF9F_20260827_0900,2026-08-27 09:00:00
2026-06-30,145613033,-1,1,255.5960034078,38.0812227300,38.0812227300,0.6666667,4,4,0.49994810000000000,0.499948100000,0.5775300591747329,0.5775300591747329,0.5775300591747329,0E-17,SENTINEL_DEALER,R03b_20260811_FULL_v1,L1_ELIGIBILITY,v2026-08-11,2026-03-21..2026-08-06,baccarat_bet02_101_all_pairs_incl_sentinel,round_win = game_pnl > 0 (decisive only),COMPATIBILITY_ONLY_NOT_PRODUCTION,36307.0055,32588.7024,482.3135,544,541,-0.01328431,-0.00682849,-0.01448415,-0.01328431,-482.3135,36307.0055,OK,0.0000,19.2925,4.0000,96.0000,AG03-UNRESOLVED,ALL5_LEVELS_bet23_to_bet27,19.2925,19.2925,24.1157,24.1157,24.1157,4.000000,4.000000,5.000000,5.000000,5.000000,96.000000,96.000000,95.000000,95.000000,95.000000,5.0,110.9321,101.2102,371.3814,381.1033,PENDING_AG03,FALSE,NOT_FOR_ENFORCEMENT,463.0210,31285.1543,482.3135,463.0210,19.2925,0.01328431,0.01275294,19.2925,463.0210,0.01275294,19.2925,19.2925,24.1157,24.1157,24.1157,463.0210,0.01275294,110.9321,101.2102,371.3814,381.1033,0.01022892,0.01049669,0.00053137,66.7408,60.2379,0.8915,19.2925,2.0970,1452.2802,21.6400,82.4672,64.4564,51.4311,63.5556,77.8372,103.2711,130.8798,158.4328,54.3647,0.0,2.059297,2.492824,1.050118,28,101,29,4,0.15672563,0.01328431,0.00682849,0E-8,0.000000,0.897587,0.000000,0.00765565,2026-03-22,2026-07-16,25,230,165,117,0.213675,1.279427,1.235634,0.522419,,,,,,,,GLOBAL_BASELINE_NO_ENTITY_RANKING,,,NOT_APPLICABLE_GLOBAL_BASELINE,HF9g-P5,,,,X 全窗基线 · 不参与实体赏罚,8393648,840,A168_HF9F_20260827_0900,2026-08-27 09:00:00
2026-07-03,145613033,-1,1,369.1942271447,157.4884465443,157.4884465443,0.6666667,6,6,0.49771390000000000,0.497713900000,0.8277047895645219,0.8277047895645219,0.8277047895645219,0E-17,SENTINEL_DEALER,R03b_20260811_FULL_v1,L1_ELIGIBILITY,v2026-08-11,2026-03-21..2026-08-06,baccarat_bet02_101_all_pairs_incl_sentinel,round_win = game_pnl > 0 (decisive only),COMPATIBILITY_ONLY_NOT_PRODUCTION,36307.0055,32588.7024,482.3135,544,541,-0.01328431,-0.00682849,-0.01448415,-0.01328431,-482.3135,36307.0055,OK,0.0000,19.2925,4.0000,96.0000,AG03-UNRESOLVED,ALL5_LEVELS_bet23_to_bet27,19.2925,19.2925,24.1157,24.1157,24.1157,4.000000,4.000000,5.000000,5.000000,5.000000,96.000000,96.000000,95.000000,95.000000,95.000000,5.0,110.9321,101.2102,371.3814,381.1033,PENDING_AG03,FALSE,NOT_FOR_ENFORCEMENT,463.0210,31285.1543,482.3135,463.0210,19.2925,0.01328431,0.01275294,19.2925,463.0210,0.01275294,19.2925,19.2925,24.1157,24.1157,24.1157,463.0210,0.01275294,110.9321,101.2102,371.3814,381.1033,0.01022892,0.01049669,0.00053137,66.7408,60.2379,0.8915,19.2925,2.0970,1452.2802,21.6400,82.4672,64.4564,51.4311,63.5556,77.8372,103.2711,130.8798,158.4328,54.3647,0.0,2.059297,2.492824,1.050118,28,101,29,4,0.15672563,0.01328431,0.00682849,0E-8,0.000000,0.897587,0.000000,0.00765565,2026-03-22,2026-07-16,25,230,165,117,0.213675,1.279427,1.235634,0.522419,,,,,,,,GLOBAL_BASELINE_NO_ENTITY_RANKING,,,NOT_APPLICABLE_GLOBAL_BASELINE,HF9g-P5,,,,X 全窗基线 · 不参与实体赏罚,8393649,840,A168_HF9F_20260827_0900,2026-08-27 09:00:00
2026-07-03,145613033,1094,0,247.8506699712,238.1690031756,238.1690031756,1.0000000,4,4,0.50329940000000000,0.503299400000,1.9868456582349654,1.9868456582349654,1.9868456582349654,0E-17,ELIGIBLE,R03b_20260811_FULL_v1,L1_ELIGIBILITY,v2026-08-11,2026-03-21..2026-08-06,baccarat_bet02_101_all_pairs_incl_sentinel,round_win = game_pnl > 0 (decisive only),COMPATIBILITY_ONLY_NOT_PRODUCTION,36307.0055,32588.7024,482.3135,544,541,-0.01328431,-0.00682849,-0.01448415,-0.01328431,-482.3135,36307.0055,OK,0.0000,19.2925,4.0000,96.0000,AG03-UNRESOLVED,ALL5_LEVELS_bet23_to_bet27,19.2925,19.2925,24.1157,24.1157,24.1157,4.000000,4.000000,5.000000,5.000000,5.000000,96.000000,96.000000,95.000000,95.000000,95.000000,5.0,110.9321,101.2102,371.3814,381.1033,PENDING_AG03,FALSE,NOT_FOR_ENFORCEMENT,463.0210,31285.1543,482.3135,463.0210,19.2925,0.01328431,0.01275294,19.2925,463.0210,0.01275294,19.2925,19.2925,24.1157,24.1157,24.1157,463.0210,0.01275294,110.9321,101.2102,371.3814,381.1033,0.01022892,0.01049669,0.00053137,66.7408,60.2379,0.8915,19.2925,2.0970,1452.2802,21.6400,82.4672,64.4564,51.4311,63.5556,77.8372,103.2711,130.8798,158.4328,54.3647,0.0,2.059297,2.492824,1.050118,28,101,29,4,0.15672563,0.01328431,0.00682849,0E-8,0.000000,0.897587,0.000000,0.00765565,2026-03-22,2026-07-16,25,230,165,117,0.213675,1.279427,1.235634,0.522419,,,,,,,,GLOBAL_BASELINE_NO_ENTITY_RANKING,,,NOT_APPLICABLE_GLOBAL_BASELINE,HF9g-P5,,,,X 全窗基线 · 不参与实体赏罚,8393650,840,A168_HF9F_20260827_0900,2026-08-27 09:00:00
2026-07-03,145613033,1331,0,38.7266671830,-38.7266671830,-38.7266671830,0E-7,1,1,0.49324550000000000,0.493245500000,-0.9865810262130424,-0.9865810262130424,-0.9865810262130424,0E-17,ELIGIBLE,R03b_20260811_FULL_v1,L1_ELIGIBILITY,v2026-08-11,2026-03-21..2026-08-06,baccarat_bet02_101_all_pairs_incl_sentinel,round_win = game_pnl > 0 (decisive only),COMPATIBILITY_ONLY_NOT_PRODUCTION,36307.0055,32588.7024,482.3135,544,541,-0.01328431,-0.00682849,-0.01448415,-0.01328431,-482.3135,36307.0055,OK,0.0000,19.2925,4.0000,96.0000,AG03-UNRESOLVED,ALL5_LEVELS_bet23_to_bet27,19.2925,19.2925,24.1157,24.1157,24.1157,4.000000,4.000000,5.000000,5.000000,5.000000,96.000000,96.000000,95.000000,95.000000,95.000000,5.0,110.9321,101.2102,371.3814,381.1033,PENDING_AG03,FALSE,NOT_FOR_ENFORCEMENT,463.0210,31285.1543,482.3135,463.0210,19.2925,0.01328431,0.01275294,19.2925,463.0210,0.01275294,19.2925,19.2925,24.1157,24.1157,24.1157,463.0210,0.01275294,110.9321,101.2102,371.3814,381.1033,0.01022892,0.01049669,0.00053137,66.7408,60.2379,0.8915,19.2925,2.0970,1452.2802,21.6400,82.4672,64.4564,51.4311,63.5556,77.8372,103.2711,130.8798,158.4328,54.3647,0.0,2.059297,2.492824,1.050118,28,101,29,4,0.15672563,0.01328431,0.00682849,0E-8,0.000000,0.897587,0.000000,0.00765565,2026-03-22,2026-07-16,25,230,165,117,0.213675,1.279427,1.235634,0.522419,,,,,,,,GLOBAL_BASELINE_NO_ENTITY_RANKING,,,NOT_APPLICABLE_GLOBAL_BASELINE,HF9g-P5,,,,X 全窗基线 · 不参与实体赏罚,8393651,840,A168_HF9F_20260827_0900,2026-08-27 09:00:00
2026-07-03,145613033,1646,0,41.3084449952,0E-10,0E-10,,1,1,0.50665070000000000,0.506650700000,,,,0E-17,NO_DECISIVE_ROUND,R03b_20260811_FULL_v1,L1_ELIGIBILITY,v2026-08-11,2026-03-21..2026-08-06,baccarat_bet02_101_all_pairs_incl_sentinel,round_win = game_pnl > 0 (decisive only),COMPATIBILITY_ONLY_NOT_PRODUCTION,36307.0055,32588.7024,482.3135,544,541,-0.01328431,-0.00682849,-0.01448415,-0.01328431,-482.3135,36307.0055,OK,0.0000,19.2925,4.0000,96.0000,AG03-UNRESOLVED,ALL5_LEVELS_bet23_to_bet27,19.2925,19.2925,24.1157,24.1157,24.1157,4.000000,4.000000,5.000000,5.000000,5.000000,96.000000,96.000000,95.000000,95.000000,95.000000,5.0,110.9321,101.2102,371.3814,381.1033,PENDING_AG03,FALSE,NOT_FOR_ENFORCEMENT,463.0210,31285.1543,482.3135,463.0210,19.2925,0.01328431,0.01275294,19.2925,463.0210,0.01275294,19.2925,19.2925,24.1157,24.1157,24.1157,463.0210,0.01275294,110.9321,101.2102,371.3814,381.1033,0.01022892,0.01049669,0.00053137,66.7408,60.2379,0.8915,19.2925,2.0970,1452.2802,21.6400,82.4672,64.4564,51.4311,63.5556,77.8372,103.2711,130.8798,158.4328,54.3647,0.0,2.059297,2.492824,1.050118,28,101,29,4,0.15672563,0.01328431,0.00682849,0E-8,0.000000,0.897587,0.000000,0.00765565,2026-03-22,2026-07-16,25,230,165,117,0.213675,1.279427,1.235634,0.522419,,,,,,,,GLOBAL_BASELINE_NO_ENTITY_RANKING,,,NOT_APPLICABLE_GLOBAL_BASELINE,HF9g-P5,,,,X 全窗基线 · 不参与实体赏罚,8393652,840,A168_HF9F_20260827_0900,2026-08-27 09:00:00
2026-07-03,145613033,2115,0,67.1262231172,67.1262231172,67.1262231172,1.0000000,1,1,0.49324550000000000,0.493245500000,1.01360149184955,1.01360149184955,1.01360149184955,0E-17,ELIGIBLE,R03b_20260811_FULL_v1,L1_ELIGIBILITY,v2026-08-11,2026-03-21..2026-08-06,baccarat_bet02_101_all_pairs_incl_sentinel,round_win = game_pnl > 0 (decisive only),COMPATIBILITY_ONLY_NOT_PRODUCTION,36307.0055,32588.7024,482.3135,544,541,-0.01328431,-0.00682849,-0.01448415,-0.01328431,-482.3135,36307.0055,OK,0.0000,19.2925,4.0000,96.0000,AG03-UNRESOLVED,ALL5_LEVELS_bet23_to_bet27,19.2925,19.2925,24.1157,24.1157,24.1157,4.000000,4.000000,5.000000,5.000000,5.000000,96.000000,96.000000,95.000000,95.000000,95.000000,5.0,110.9321,101.2102,371.3814,381.1033,PENDING_AG03,FALSE,NOT_FOR_ENFORCEMENT,463.0210,31285.1543,482.3135,463.0210,19.2925,0.01328431,0.01275294,19.2925,463.0210,0.01275294,19.2925,19.2925,24.1157,24.1157,24.1157,463.0210,0.01275294,110.9321,101.2102,371.3814,381.1033,0.01022892,0.01049669,0.00053137,66.7408,60.2379,0.8915,19.2925,2.0970,1452.2802,21.6400,82.4672,64.4564,51.4311,63.5556,77.8372,103.2711,130.8798,158.4328,54.3647,0.0,2.059297,2.492824,1.050118,28,101,29,4,0.15672563,0.01328431,0.00682849,0E-8,0.000000,0.897587,0.000000,0.00765565,2026-03-22,2026-07-16,25,230,165,117,0.213675,1.279427,1.235634,0.522419,,,,,,,,GLOBAL_BASELINE_NO_ENTITY_RANKING,,,NOT_APPLICABLE_GLOBAL_BASELINE,HF9g-P5,,,,X 全窗基线 · 不参与实体赏罚,8393653,840,A168_HF9F_20260827_0900,2026-08-27 09:00:00
2026-07-03,145613033,2271,0,77.4533343660,-77.4533343660,-77.4533343660,0E-7,1,1,0.50665070000000000,0.506650700000,-1.013391052207602,-1.013391052207602,-1.013391052207602,0E-17,ELIGIBLE,R03b_20260811_FULL_v1,L1_ELIGIBILITY,v2026-08-11,2026-03-21..2026-08-06,baccarat_bet02_101_all_pairs_incl_sentinel,round_win = game_pnl > 0 (decisive only),COMPATIBILITY_ONLY_NOT_PRODUCTION,36307.0055,32588.7024,482.3135,544,541,-0.01328431,-0.00682849,-0.01448415,-0.01328431,-482.3135,36307.0055,OK,0.0000,19.2925,4.0000,96.0000,AG03-UNRESOLVED,ALL5_LEVELS_bet23_to_bet27,19.2925,19.2925,24.1157,24.1157,24.1157,4.000000,4.000000,5.000000,5.000000,5.000000,96.000000,96.000000,95.000000,95.000000,95.000000,5.0,110.9321,101.2102,371.3814,381.1033,PENDING_AG03,FALSE,NOT_FOR_ENFORCEMENT,463.0210,31285.1543,482.3135,463.0210,19.2925,0.01328431,0.01275294,19.2925,463.0210,0.01275294,19.2925,19.2925,24.1157,24.1157,24.1157,463.0210,0.01275294,110.9321,101.2102,371.3814,381.1033,0.01022892,0.01049669,0.00053137,66.7408,60.2379,0.8915,19.2925,2.0970,1452.2802,21.6400,82.4672,64.4564,51.4311,63.5556,77.8372,103.2711,130.8798,158.4328,54.3647,0.0,2.059297,2.492824,1.050118,28,101,29,4,0.15672563,0.01328431,0.00682849,0E-8,0.000000,0.897587,0.000000,0.00765565,2026-03-22,2026-07-16,25,230,165,117,0.213675,1.279427,1.235634,0.522419,,,,,,,,GLOBAL_BASELINE_NO_ENTITY_RANKING,,,NOT_APPLICABLE_GLOBAL_BASELINE,HF9g-P5,,,,X 全窗基线 · 不参与实体赏罚,8393654,840,A168_HF9F_20260827_0900,2026-08-27 09:00:00
2026-07-03,145613033,2288,0,364.0306715202,285.9318927013,285.9318927013,1.0000000,5,5,0.50396966000000000,0.503969660000,1.9841838953208242,1.9841838953208244,1.9841838953208242,0E-17,ELIGIBLE,R03b_20260811_FULL_v1,L1_ELIGIBILITY,v2026-08-11,2026-03-21..2026-08-06,baccarat_bet02_101_all_pairs_incl_sentinel,round_win = game_pnl > 0 (decisive only),COMPATIBILITY_ONLY_NOT_PRODUCTION,36307.0055,32588.7024,482.3135,544,541,-0.01328431,-0.00682849,-0.01448415,-0.01328431,-482.3135,36307.0055,OK,0.0000,19.2925,4.0000,96.0000,AG03-UNRESOLVED,ALL5_LEVELS_bet23_to_bet27,19.2925,19.2925,24.1157,24.1157,24.1157,4.000000,4.000000,5.000000,5.000000,5.000000,96.000000,96.000000,95.000000,95.000000,95.000000,5.0,110.9321,101.2102,371.3814,381.1033,PENDING_AG03,FALSE,NOT_FOR_ENFORCEMENT,463.0210,31285.1543,482.3135,463.0210,19.2925,0.01328431,0.01275294,19.2925,463.0210,0.01275294,19.2925,19.2925,24.1157,24.1157,24.1157,463.0210,0.01275294,110.9321,101.2102,371.3814,381.1033,0.01022892,0.01049669,0.00053137,66.7408,60.2379,0.8915,19.2925,2.0970,1452.2802,21.6400,82.4672,64.4564,51.4311,63.5556,77.8372,103.2711,130.8798,158.4328,54.3647,0.0,2.059297,2.492824,1.050118,28,101,29,4,0.15672563,0.01328431,0.00682849,0E-8,0.000000,0.897587,0.000000,0.00765565,2026-03-22,2026-07-16,25,230,165,117,0.213675,1.279427,1.235634,0.522419,,,,,,,,GLOBAL_BASELINE_NO_ENTITY_RANKING,,,NOT_APPLICABLE_GLOBAL_BASELINE,HF9g-P5,,,,X 全窗基线 · 不参与实体赏罚,8393655,840,A168_HF9F_20260827_0900,2026-08-27 09:00:00
2026-07-03,145613033,462,0,116.1800015490,-5.4217334056,-5.4217334056,0.5000000,2,2,0.50665070000000000,0.506650700000,-0.018812684590367487,-0.018812684590367487,-0.018812684590367487,0E-17,ELIGIBLE,R03b_20260811_FULL_v1,L1_ELIGIBILITY,v2026-08-11,2026-03-21..2026-08-06,baccarat_bet02_101_all_pairs_incl_sentinel,round_win = game_pnl > 0 (decisive only),COMPATIBILITY_ONLY_NOT_PRODUCTION,36307.0055,32588.7024,482.3135,544,541,-0.01328431,-0.00682849,-0.01448415,-0.01328431,-482.3135,36307.0055,OK,0.0000,19.2925,4.0000,96.0000,AG03-UNRESOLVED,ALL5_LEVELS_bet23_to_bet27,19.2925,19.2925,24.1157,24.1157,24.1157,4.000000,4.000000,5.000000,5.000000,5.000000,96.000000,96.000000,95.000000,95.000000,95.000000,5.0,110.9321,101.2102,371.3814,381.1033,PENDING_AG03,FALSE,NOT_FOR_ENFORCEMENT,463.0210,31285.1543,482.3135,463.0210,19.2925,0.01328431,0.01275294,19.2925,463.0210,0.01275294,19.2925,19.2925,24.1157,24.1157,24.1157,463.0210,0.01275294,110.9321,101.2102,371.3814,381.1033,0.01022892,0.01049669,0.00053137,66.7408,60.2379,0.8915,19.2925,2.0970,1452.2802,21.6400,82.4672,64.4564,51.4311,63.5556,77.8372,103.2711,130.8798,158.4328,54.3647,0.0,2.059297,2.492824,1.050118,28,101,29,4,0.15672563,0.01328431,0.00682849,0E-8,0.000000,0.897587,0.000000,0.00765565,2026-03-22,2026-07-16,25,230,165,117,0.213675,1.279427,1.235634,0.522419,,,,,,,,GLOBAL_BASELINE_NO_ENTITY_RANKING,,,NOT_APPLICABLE_GLOBAL_BASELINE,HF9g-P5,,,,X 全窗基线 · 不参与实体赏罚,8393656,840,A168_HF9F_20260827_0900,2026-08-27 09:00:00
2026-07-03,145613033,948,0,113.5982237368,-83.3914233341,-83.3914233341,0.3333333,3,3,0.50218230000000000,0.502182300000,-0.5849155494134425,-0.5849155494134426,-0.5849155494134425,0E-17,ELIGIBLE,R03b_20260811_FULL_v1,L1_ELIGIBILITY,v2026-08-11,2026-03-21..2026-08-06,baccarat_bet02_101_all_pairs_incl_sentinel,round_win = game_pnl > 0 (decisive only),COMPATIBILITY_ONLY_NOT_PRODUCTION,36307.0055,32588.7024,482.3135,544,541,-0.01328431,-0.00682849,-0.01448415,-0.01328431,-482.3135,36307.0055,OK,0.0000,19.2925,4.0000,96.0000,AG03-UNRESOLVED,ALL5_LEVELS_bet23_to_bet27,19.2925,19.2925,24.1157,24.1157,24.1157,4.000000,4.000000,5.000000,5.000000,5.000000,96.000000,96.000000,95.000000,95.000000,95.000000,5.0,110.9321,101.2102,371.3814,381.1033,PENDING_AG03,FALSE,NOT_FOR_ENFORCEMENT,463.0210,31285.1543,482.3135,463.0210,19.2925,0.01328431,0.01275294,19.2925,463.0210,0.01275294,19.2925,19.2925,24.1157,24.1157,24.1157,463.0210,0.01275294,110.9321,101.2102,371.3814,381.1033,0.01022892,0.01049669,0.00053137,66.7408,60.2379,0.8915,19.2925,2.0970,1452.2802,21.6400,82.4672,64.4564,51.4311,63.5556,77.8372,103.2711,130.8798,158.4328,54.3647,0.0,2.059297,2.492824,1.050118,28,101,29,4,0.15672563,0.01328431,0.00682849,0E-8,0.000000,0.897587,0.000000,0.00765565,2026-03-22,2026-07-16,25,230,165,117,0.213675,1.279427,1.235634,0.522419,,,,,,,,GLOBAL_BASELINE_NO_ENTITY_RANKING,,,NOT_APPLICABLE_GLOBAL_BASELINE,HF9g-P5,,,,X 全窗基线 · 不参与实体赏罚,8393657,840,A168_HF9F_20260827_0900,2026-08-27 09:00:00
2026-07-08,145613033,-1,1,619.6266749285,150.7758242327,150.7758242327,0.5714286,7,7,0.50282064285714286,0.502820642857,0.36304481076852674,0.3630448107692821,0.36304481076852674,1.4286E-13,SENTINEL_DEALER,R03b_20260811_FULL_v1,L1_ELIGIBILITY,v2026-08-11,2026-03-21..2026-08-06,baccarat_bet02_101_all_pairs_incl_sentinel,round_win = game_pnl > 0 (decisive only),COMPATIBILITY_ONLY_NOT_PRODUCTION,36307.0055,32588.7024,482.3135,544,541,-0.01328431,-0.00682849,-0.01448415,-0.01328431,-482.3135,36307.0055,OK,0.0000,19.2925,4.0000,96.0000,AG03-UNRESOLVED,ALL5_LEVELS_bet23_to_bet27,19.2925,19.2925,24.1157,24.1157,24.1157,4.000000,4.000000,5.000000,5.000000,5.000000,96.000000,96.000000,95.000000,95.000000,95.000000,5.0,110.9321,101.2102,371.3814,381.1033,PENDING_AG03,FALSE,NOT_FOR_ENFORCEMENT,463.0210,31285.1543,482.3135,463.0210,19.2925,0.01328431,0.01275294,19.2925,463.0210,0.01275294,19.2925,19.2925,24.1157,24.1157,24.1157,463.0210,0.01275294,110.9321,101.2102,371.3814,381.1033,0.01022892,0.01049669,0.00053137,66.7408,60.2379,0.8915,19.2925,2.0970,1452.2802,21.6400,82.4672,64.4564,51.4311,63.5556,77.8372,103.2711,130.8798,158.4328,54.3647,0.0,2.059297,2.492824,1.050118,28,101,29,4,0.15672563,0.01328431,0.00682849,0E-8,0.000000,0.897587,0.000000,0.00765565,2026-03-22,2026-07-16,25,230,165,117,0.213675,1.279427,1.235634,0.522419,,,,,,,,GLOBAL_BASELINE_NO_ENTITY_RANKING,,,NOT_APPLICABLE_GLOBAL_BASELINE,HF9g-P5,,,,X 全窗基线 · 不参与实体赏罚,8393658,840,A168_HF9F_20260827_0900,2026-08-27 09:00:00
2026-07-08,145613033,1087,0,627.3720083651,128.0561794853,128.0561794853,0.5714286,7,7,0.50090561428571429,0.500905614286,0.3731730247484194,0.373173024746908,0.3731730247484194,-2.8571E-13,ELIGIBLE,R03b_20260811_FULL_v1,L1_ELIGIBILITY,v2026-08-11,2026-03-21..2026-08-06,baccarat_bet02_101_all_pairs_incl_sentinel,round_win = game_pnl > 0 (decisive only),COMPATIBILITY_ONLY_NOT_PRODUCTION,36307.0055,32588.7024,482.3135,544,541,-0.01328431,-0.00682849,-0.01448415,-0.01328431,-482.3135,36307.0055,OK,0.0000,19.2925,4.0000,96.0000,AG03-UNRESOLVED,ALL5_LEVELS_bet23_to_bet27,19.2925,19.2925,24.1157,24.1157,24.1157,4.000000,4.000000,5.000000,5.000000,5.000000,96.000000,96.000000,95.000000,95.000000,95.000000,5.0,110.9321,101.2102,371.3814,381.1033,PENDING_AG03,FALSE,NOT_FOR_ENFORCEMENT,463.0210,31285.1543,482.3135,463.0210,19.2925,0.01328431,0.01275294,19.2925,463.0210,0.01275294,19.2925,19.2925,24.1157,24.1157,24.1157,463.0210,0.01275294,110.9321,101.2102,371.3814,381.1033,0.01022892,0.01049669,0.00053137,66.7408,60.2379,0.8915,19.2925,2.0970,1452.2802,21.6400,82.4672,64.4564,51.4311,63.5556,77.8372,103.2711,130.8798,158.4328,54.3647,0.0,2.059297,2.492824,1.050118,28,101,29,4,0.15672563,0.01328431,0.00682849,0E-8,0.000000,0.897587,0.000000,0.00765565,2026-03-22,2026-07-16,25,230,165,117,0.213675,1.279427,1.235634,0.522419,,,,,,,,GLOBAL_BASELINE_NO_ENTITY_RANKING,,,NOT_APPLICABLE_GLOBAL_BASELINE,HF9g-P5,,,,X 全窗基线 · 不参与实体赏罚,8393659,840,A168_HF9F_20260827_0900,2026-08-27 09:00:00
2026-07-08,145613033,1323,0,129.0888906101,-129.0888906101,-129.0888906101,0E-7,1,1,0.50665070000000000,0.506650700000,-1.013391052207602,-1.013391052207602,-1.013391052207602,0E-17,ELIGIBLE,R03b_20260811_FULL_v1,L1_ELIGIBILITY,v2026-08-11,2026-03-21..2026-08-06,baccarat_bet02_101_all_pairs_incl_sentinel,round_win = game_pnl > 0 (decisive only),COMPATIBILITY_ONLY_NOT_PRODUCTION,36307.0055,32588.7024,482.3135,544,541,-0.01328431,-0.00682849,-0.01448415,-0.01328431,-482.3135,36307.0055,OK,0.0000,19.2925,4.0000,96.0000,AG03-UNRESOLVED,ALL5_LEVELS_bet23_to_bet27,19.2925,19.2925,24.1157,24.1157,24.1157,4.000000,4.000000,5.000000,5.000000,5.000000,96.000000,96.000000,95.000000,95.000000,95.000000,5.0,110.9321,101.2102,371.3814,381.1033,PENDING_AG03,FALSE,NOT_FOR_ENFORCEMENT,463.0210,31285.1543,482.3135,463.0210,19.2925,0.01328431,0.01275294,19.2925,463.0210,0.01275294,19.2925,19.2925,24.1157,24.1157,24.1157,463.0210,0.01275294,110.9321,101.2102,371.3814,381.1033,0.01022892,0.01049669,0.00053137,66.7408,60.2379,0.8915,19.2925,2.0970,1452.2802,21.6400,82.4672,64.4564,51.4311,63.5556,77.8372,103.2711,130.8798,158.4328,54.3647,0.0,2.059297,2.492824,1.050118,28,101,29,4,0.15672563,0.01328431,0.00682849,0E-8,0.000000,0.897587,0.000000,0.00765565,2026-03-22,2026-07-16,25,230,165,117,0.213675,1.279427,1.235634,0.522419,,,,,,,,GLOBAL_BASELINE_NO_ENTITY_RANKING,,,NOT_APPLICABLE_GLOBAL_BASELINE,HF9g-P5,,,,X 全窗基线 · 不参与实体赏罚,8393660,840,A168_HF9F_20260827_0900,2026-08-27 09:00:00
2026-07-08,145613033,1325,0,389.8484496423,82.8750677718,82.8750677718,0.6000000,5,5,0.50128862000000000,0.501288620000,0.4414521777673877,0.4414521777673877,0.4414521777673877,0E-17,ELIGIBLE,R03b_20260811_FULL_v1,L1_ELIGIBILITY,v2026-08-11,2026-03-21..2026-08-06,baccarat_bet02_101_all_pairs_incl_sentinel,round_win = game_pnl > 0 (decisive only),COMPATIBILITY_ONLY_NOT_PRODUCTION,36307.0055,32588.7024,482.3135,544,541,-0.01328431,-0.00682849,-0.01448415,-0.01328431,-482.3135,36307.0055,OK,0.0000,19.2925,4.0000,96.0000,AG03-UNRESOLVED,ALL5_LEVELS_bet23_to_bet27,19.2925,19.2925,24.1157,24.1157,24.1157,4.000000,4.000000,5.000000,5.000000,5.000000,96.000000,96.000000,95.000000,95.000000,95.000000,5.0,110.9321,101.2102,371.3814,381.1033,PENDING_AG03,FALSE,NOT_FOR_ENFORCEMENT,463.0210,31285.1543,482.3135,463.0210,19.2925,0.01328431,0.01275294,19.2925,463.0210,0.01275294,19.2925,19.2925,24.1157,24.1157,24.1157,463.0210,0.01275294,110.9321,101.2102,371.3814,381.1033,0.01022892,0.01049669,0.00053137,66.7408,60.2379,0.8915,19.2925,2.0970,1452.2802,21.6400,82.4672,64.4564,51.4311,63.5556,77.8372,103.2711,130.8798,158.4328,54.3647,0.0,2.059297,2.492824,1.050118,28,101,29,4,0.15672563,0.01328431,0.00682849,0E-8,0.000000,0.897587,0.000000,0.00765565,2026-03-22,2026-07-16,25,230,165,117,0.213675,1.279427,1.235634,0.522419,,,,,,,,GLOBAL_BASELINE_NO_ENTITY_RANKING,,,NOT_APPLICABLE_GLOBAL_BASELINE,HF9g-P5,,,,X 全窗基线 · 不参与实体赏罚,8393661,840,A168_HF9F_20260827_0900,2026-08-27 09:00:00
2026-07-08,145613033,1401,0,180.7244468541,-25.8177781221,-25.8177781221,0.5000000,2,2,0.49994810000000000,0.499948100000,0.00014679536856514622,0.00014679536856514622,0.00014679536856514622,0E-17,ELIGIBLE,R03b_20260811_FULL_v1,L1_ELIGIBILITY,v2026-08-11,2026-03-21..2026-08-06,baccarat_bet02_101_all_pairs_incl_sentinel,round_win = game_pnl > 0 (decisive only),COMPATIBILITY_ONLY_NOT_PRODUCTION,36307.0055,32588.7024,482.3135,544,541,-0.01328431,-0.00682849,-0.01448415,-0.01328431,-482.3135,36307.0055,OK,0.0000,19.2925,4.0000,96.0000,AG03-UNRESOLVED,ALL5_LEVELS_bet23_to_bet27,19.2925,19.2925,24.1157,24.1157,24.1157,4.000000,4.000000,5.000000,5.000000,5.000000,96.000000,96.000000,95.000000,95.000000,95.000000,5.0,110.9321,101.2102,371.3814,381.1033,PENDING_AG03,FALSE,NOT_FOR_ENFORCEMENT,463.0210,31285.1543,482.3135,463.0210,19.2925,0.01328431,0.01275294,19.2925,463.0210,0.01275294,19.2925,19.2925,24.1157,24.1157,24.1157,463.0210,0.01275294,110.9321,101.2102,371.3814,381.1033,0.01022892,0.01049669,0.00053137,66.7408,60.2379,0.8915,19.2925,2.0970,1452.2802,21.6400,82.4672,64.4564,51.4311,63.5556,77.8372,103.2711,130.8798,158.4328,54.3647,0.0,2.059297,2.492824,1.050118,28,101,29,4,0.15672563,0.01328431,0.00682849,0E-8,0.000000,0.897587,0.000000,0.00765565,2026-03-22,2026-07-16,25,230,165,117,0.213675,1.279427,1.235634,0.522419,,,,,,,,GLOBAL_BASELINE_NO_ENTITY_RANKING,,,NOT_APPLICABLE_GLOBAL_BASELINE,HF9g-P5,,,,X 全窗基线 · 不参与实体赏罚,8393662,840,A168_HF9F_20260827_0900,2026-08-27 09:00:00
2026-07-08,145613033,1485,0,77.4533343660,0E-10,0E-10,,1,1,0.49324550000000000,0.493245500000,,,,0E-17,NO_DECISIVE_ROUND,R03b_20260811_FULL_v1,L1_ELIGIBILITY,v2026-08-11,2026-03-21..2026-08-06,baccarat_bet02_101_all_pairs_incl_sentinel,round_win = game_pnl > 0 (decisive only),COMPATIBILITY_ONLY_NOT_PRODUCTION,36307.0055,32588.7024,482.3135,544,541,-0.01328431,-0.00682849,-0.01448415,-0.01328431,-482.3135,36307.0055,OK,0.0000,19.2925,4.0000,96.0000,AG03-UNRESOLVED,ALL5_LEVELS_bet23_to_bet27,19.2925,19.2925,24.1157,24.1157,24.1157,4.000000,4.000000,5.000000,5.000000,5.000000,96.000000,96.000000,95.000000,95.000000,95.000000,5.0,110.9321,101.2102,371.3814,381.1033,PENDING_AG03,FALSE,NOT_FOR_ENFORCEMENT,463.0210,31285.1543,482.3135,463.0210,19.2925,0.01328431,0.01275294,19.2925,463.0210,0.01275294,19.2925,19.2925,24.1157,24.1157,24.1157,463.0210,0.01275294,110.9321,101.2102,371.3814,381.1033,0.01022892,0.01049669,0.00053137,66.7408,60.2379,0.8915,19.2925,2.0970,1452.2802,21.6400,82.4672,64.4564,51.4311,63.5556,77.8372,103.2711,130.8798,158.4328,54.3647,0.0,2.059297,2.492824,1.050118,28,101,29,4,0.15672563,0.01328431,0.00682849,0E-8,0.000000,0.897587,0.000000,0.00765565,2026-03-22,2026-07-16,25,230,165,117,0.213675,1.279427,1.235634,0.522419,,,,,,,,GLOBAL_BASELINE_NO_ENTITY_RANKING,,,NOT_APPLICABLE_GLOBAL_BASELINE,HF9g-P5,,,,X 全窗基线 · 不参与实体赏罚,8393663,840,A168_HF9F_20260827_0900,2026-08-27 09:00:00
2026-07-08,145613033,1704,0,116.1800015491,-116.1800015491,-116.1800015491,0E-7,1,1,0.50665070000000000,0.506650700000,-1.013391052207602,-1.013391052207602,-1.013391052207602,0E-17,ELIGIBLE,R03b_20260811_FULL_v1,L1_ELIGIBILITY,v2026-08-11,2026-03-21..2026-08-06,baccarat_bet02_101_all_pairs_incl_sentinel,round_win = game_pnl > 0 (decisive only),COMPATIBILITY_ONLY_NOT_PRODUCTION,36307.0055,32588.7024,482.3135,544,541,-0.01328431,-0.00682849,-0.01448415,-0.01328431,-482.3135,36307.0055,OK,0.0000,19.2925,4.0000,96.0000,AG03-UNRESOLVED,ALL5_LEVELS_bet23_to_bet27,19.2925,19.2925,24.1157,24.1157,24.1157,4.000000,4.000000,5.000000,5.000000,5.000000,96.000000,96.000000,95.000000,95.000000,95.000000,5.0,110.9321,101.2102,371.3814,381.1033,PENDING_AG03,FALSE,NOT_FOR_ENFORCEMENT,463.0210,31285.1543,482.3135,463.0210,19.2925,0.01328431,0.01275294,19.2925,463.0210,0.01275294,19.2925,19.2925,24.1157,24.1157,24.1157,463.0210,0.01275294,110.9321,101.2102,371.3814,381.1033,0.01022892,0.01049669,0.00053137,66.7408,60.2379,0.8915,19.2925,2.0970,1452.2802,21.6400,82.4672,64.4564,51.4311,63.5556,77.8372,103.2711,130.8798,158.4328,54.3647,0.0,2.059297,2.492824,1.050118,28,101,29,4,0.15672563,0.01328431,0.00682849,0E-8,0.000000,0.897587,0.000000,0.00765565,2026-03-22,2026-07-16,25,230,165,117,0.213675,1.279427,1.235634,0.522419,,,,,,,,GLOBAL_BASELINE_NO_ENTITY_RANKING,,,NOT_APPLICABLE_GLOBAL_BASELINE,HF9g-P5,,,,X 全窗基线 · 不参与实体赏罚,8393664,840,A168_HF9F_20260827_0900,2026-08-27 09:00:00
2026-07-08,145613033,1947,0,77.4533343660,0E-10,0E-10,,1,1,0.49324550000000000,0.493245500000,,,,0E-17,NO_DECISIVE_ROUND,R03b_20260811_FULL_v1,L1_ELIGIBILITY,v2026-08-11,2026-03-21..2026-08-06,baccarat_bet02_101_all_pairs_incl_sentinel,round_win = game_pnl > 0 (decisive only),COMPATIBILITY_ONLY_NOT_PRODUCTION,36307.0055,32588.7024,482.3135,544,541,-0.01328431,-0.00682849,-0.01448415,-0.01328431,-482.3135,36307.0055,OK,0.0000,19.2925,4.0000,96.0000,AG03-UNRESOLVED,ALL5_LEVELS_bet23_to_bet27,19.2925,19.2925,24.1157,24.1157,24.1157,4.000000,4.000000,5.000000,5.000000,5.000000,96.000000,96.000000,95.000000,95.000000,95.000000,5.0,110.9321,101.2102,371.3814,381.1033,PENDING_AG03,FALSE,NOT_FOR_ENFORCEMENT,463.0210,31285.1543,482.3135,463.0210,19.2925,0.01328431,0.01275294,19.2925,463.0210,0.01275294,19.2925,19.2925,24.1157,24.1157,24.1157,463.0210,0.01275294,110.9321,101.2102,371.3814,381.1033,0.01022892,0.01049669,0.00053137,66.7408,60.2379,0.8915,19.2925,2.0970,1452.2802,21.6400,82.4672,64.4564,51.4311,63.5556,77.8372,103.2711,130.8798,158.4328,54.3647,0.0,2.059297,2.492824,1.050118,28,101,29,4,0.15672563,0.01328431,0.00682849,0E-8,0.000000,0.897587,0.000000,0.00765565,2026-03-22,2026-07-16,25,230,165,117,0.213675,1.279427,1.235634,0.522419,,,,,,,,GLOBAL_BASELINE_NO_ENTITY_RANKING,,,NOT_APPLICABLE_GLOBAL_BASELINE,HF9g-P5,,,,X 全窗基线 · 不参与实体赏罚,8393665,840,A168_HF9F_20260827_0900,2026-08-27 09:00:00
2026-07-08,145613033,2093,0,129.0888906101,0E-10,0E-10,,1,1,0.50665070000000000,0.506650700000,,,,0E-17,NO_DECISIVE_ROUND,R03b_20260811_FULL_v1,L1_ELIGIBILITY,v2026-08-11,2026-03-21..2026-08-06,baccarat_bet02_101_all_pairs_incl_sentinel,round_win = game_pnl > 0 (decisive only),COMPATIBILITY_ONLY_NOT_PRODUCTION,36307.0055,32588.7024,482.3135,544,541,-0.01328431,-0.00682849,-0.01448415,-0.01328431,-482.3135,36307.0055,OK,0.0000,19.2925,4.0000,96.0000,AG03-UNRESOLVED,ALL5_LEVELS_bet23_to_bet27,19.2925,19.2925,24.1157,24.1157,24.1157,4.000000,4.000000,5.000000,5.000000,5.000000,96.000000,96.000000,95.000000,95.000000,95.000000,5.0,110.9321,101.2102,371.3814,381.1033,PENDING_AG03,FALSE,NOT_FOR_ENFORCEMENT,463.0210,31285.1543,482.3135,463.0210,19.2925,0.01328431,0.01275294,19.2925,463.0210,0.01275294,19.2925,19.2925,24.1157,24.1157,24.1157,463.0210,0.01275294,110.9321,101.2102,371.3814,381.1033,0.01022892,0.01049669,0.00053137,66.7408,60.2379,0.8915,19.2925,2.0970,1452.2802,21.6400,82.4672,64.4564,51.4311,63.5556,77.8372,103.2711,130.8798,158.4328,54.3647,0.0,2.059297,2.492824,1.050118,28,101,29,4,0.15672563,0.01328431,0.00682849,0E-8,0.000000,0.897587,0.000000,0.00765565,2026-03-22,2026-07-16,25,230,165,117,0.213675,1.279427,1.235634,0.522419,,,,,,,,GLOBAL_BASELINE_NO_ENTITY_RANKING,,,NOT_APPLICABLE_GLOBAL_BASELINE,HF9g-P5,,,,X 全窗基线 · 不参与实体赏罚,8393666,840,A168_HF9F_20260827_0900,2026-08-27 09:00:00
2026-07-08,145613033,2108,0,77.4533343660,-77.4533343660,-77.4533343660,0E-7,1,1,0.49324550000000000,0.493245500000,-0.9865810262130424,-0.9865810262130424,-0.9865810262130424,0E-17,ELIGIBLE,R03b_20260811_FULL_v1,L1_ELIGIBILITY,v2026-08-11,2026-03-21..2026-08-06,baccarat_bet02_101_all_pairs_incl_sentinel,round_win = game_pnl > 0 (decisive only),COMPATIBILITY_ONLY_NOT_PRODUCTION,36307.0055,32588.7024,482.3135,544,541,-0.01328431,-0.00682849,-0.01448415,-0.01328431,-482.3135,36307.0055,OK,0.0000,19.2925,4.0000,96.0000,AG03-UNRESOLVED,ALL5_LEVELS_bet23_to_bet27,19.2925,19.2925,24.1157,24.1157,24.1157,4.000000,4.000000,5.000000,5.000000,5.000000,96.000000,96.000000,95.000000,95.000000,95.000000,5.0,110.9321,101.2102,371.3814,381.1033,PENDING_AG03,FALSE,NOT_FOR_ENFORCEMENT,463.0210,31285.1543,482.3135,463.0210,19.2925,0.01328431,0.01275294,19.2925,463.0210,0.01275294,19.2925,19.2925,24.1157,24.1157,24.1157,463.0210,0.01275294,110.9321,101.2102,371.3814,381.1033,0.01022892,0.01049669,0.00053137,66.7408,60.2379,0.8915,19.2925,2.0970,1452.2802,21.6400,82.4672,64.4564,51.4311,63.5556,77.8372,103.2711,130.8798,158.4328,54.3647,0.0,2.059297,2.492824,1.050118,28,101,29,4,0.15672563,0.01328431,0.00682849,0E-8,0.000000,0.897587,0.000000,0.00765565,2026-03-22,2026-07-16,25,230,165,117,0.213675,1.279427,1.235634,0.522419,,,,,,,,GLOBAL_BASELINE_NO_ENTITY_RANKING,,,NOT_APPLICABLE_GLOBAL_BASELINE,HF9g-P5,,,,X 全窗基线 · 不参与实体赏罚,8393667,840,A168_HF9F_20260827_0900,2026-08-27 09:00:00
2026-07-08,145613033,2121,0,116.1800015491,0E-10,0E-10,,1,1,0.50665070000000000,0.506650700000,,,,0E-17,NO_DECISIVE_ROUND,R03b_20260811_FULL_v1,L1_ELIGIBILITY,v2026-08-11,2026-03-21..2026-08-06,baccarat_bet02_101_all_pairs_incl_sentinel,round_win = game_pnl > 0 (decisive only),COMPATIBILITY_ONLY_NOT_PRODUCTION,36307.0055,32588.7024,482.3135,544,541,-0.01328431,-0.00682849,-0.01448415,-0.01328431,-482.3135,36307.0055,OK,0.0000,19.2925,4.0000,96.0000,AG03-UNRESOLVED,ALL5_LEVELS_bet23_to_bet27,19.2925,19.2925,24.1157,24.1157,24.1157,4.000000,4.000000,5.000000,5.000000,5.000000,96.000000,96.000000,95.000000,95.000000,95.000000,5.0,110.9321,101.2102,371.3814,381.1033,PENDING_AG03,FALSE,NOT_FOR_ENFORCEMENT,463.0210,31285.1543,482.3135,463.0210,19.2925,0.01328431,0.01275294,19.2925,463.0210,0.01275294,19.2925,19.2925,24.1157,24.1157,24.1157,463.0210,0.01275294,110.9321,101.2102,371.3814,381.1033,0.01022892,0.01049669,0.00053137,66.7408,60.2379,0.8915,19.2925,2.0970,1452.2802,21.6400,82.4672,64.4564,51.4311,63.5556,77.8372,103.2711,130.8798,158.4328,54.3647,0.0,2.059297,2.492824,1.050118,28,101,29,4,0.15672563,0.01328431,0.00682849,0E-8,0.000000,0.897587,0.000000,0.00765565,2026-03-22,2026-07-16,25,230,165,117,0.213675,1.279427,1.235634,0.522419,,,,,,,,GLOBAL_BASELINE_NO_ENTITY_RANKING,,,NOT_APPLICABLE_GLOBAL_BASELINE,HF9g-P5,,,,X 全窗基线 · 不参与实体赏罚,8393668,840,A168_HF9F_20260827_0900,2026-08-27 09:00:00
2026-07-08,145613033,2141,0,188.4697802908,85.8441122557,85.8441122557,1.0000000,2,2,0.49994810000000000,0.499948100000,1.0001038053877793,1.0001038053877793,1.0001038053877793,0E-17,ELIGIBLE,R03b_20260811_FULL_v1,L1_ELIGIBILITY,v2026-08-11,2026-03-21..2026-08-06,baccarat_bet02_101_all_pairs_incl_sentinel,round_win = game_pnl > 0 (decisive only),COMPATIBILITY_ONLY_NOT_PRODUCTION,36307.0055,32588.7024,482.3135,544,541,-0.01328431,-0.00682849,-0.01448415,-0.01328431,-482.3135,36307.0055,OK,0.0000,19.2925,4.0000,96.0000,AG03-UNRESOLVED,ALL5_LEVELS_bet23_to_bet27,19.2925,19.2925,24.1157,24.1157,24.1157,4.000000,4.000000,5.000000,5.000000,5.000000,96.000000,96.000000,95.000000,95.000000,95.000000,5.0,110.9321,101.2102,371.3814,381.1033,PENDING_AG03,FALSE,NOT_FOR_ENFORCEMENT,463.0210,31285.1543,482.3135,463.0210,19.2925,0.01328431,0.01275294,19.2925,463.0210,0.01275294,19.2925,19.2925,24.1157,24.1157,24.1157,463.0210,0.01275294,110.9321,101.2102,371.3814,381.1033,0.01022892,0.01049669,0.00053137,66.7408,60.2379,0.8915,19.2925,2.0970,1452.2802,21.6400,82.4672,64.4564,51.4311,63.5556,77.8372,103.2711,130.8798,158.4328,54.3647,0.0,2.059297,2.492824,1.050118,28,101,29,4,0.15672563,0.01328431,0.00682849,0E-8,0.000000,0.897587,0.000000,0.00765565,2026-03-22,2026-07-16,25,230,165,117,0.213675,1.279427,1.235634,0.522419,,,,,,,,GLOBAL_BASELINE_NO_ENTITY_RANKING,,,NOT_APPLICABLE_GLOBAL_BASELINE,HF9g-P5,,,,X 全窗基线 · 不参与实体赏罚,8393669,840,A168_HF9F_20260827_0900,2026-08-27 09:00:00
2026-07-08,145613033,2147,0,129.0888906101,-129.0888906101,-129.0888906101,0E-7,1,1,0.50665070000000000,0.506650700000,-1.013391052207602,-1.013391052207602,-1.013391052207602,0E-17,ELIGIBLE,R03b_20260811_FULL_v1,L1_ELIGIBILITY,v2026-08-11,2026-03-21..2026-08-06,baccarat_bet02_101_all_pairs_incl_sentinel,round_win = game_pnl > 0 (decisive only),COMPATIBILITY_ONLY_NOT_PRODUCTION,36307.0055,32588.7024,482.3135,544,541,-0.01328431,-0.00682849,-0.01448415,-0.01328431,-482.3135,36307.0055,OK,0.0000,19.2925,4.0000,96.0000,AG03-UNRESOLVED,ALL5_LEVELS_bet23_to_bet27,19.2925,19.2925,24.1157,24.1157,24.1157,4.000000,4.000000,5.000000,5.000000,5.000000,96.000000,96.000000,95.000000,95.000000,95.000000,5.0,110.9321,101.2102,371.3814,381.1033,PENDING_AG03,FALSE,NOT_FOR_ENFORCEMENT,463.0210,31285.1543,482.3135,463.0210,19.2925,0.01328431,0.01275294,19.2925,463.0210,0.01275294,19.2925,19.2925,24.1157,24.1157,24.1157,463.0210,0.01275294,110.9321,101.2102,371.3814,381.1033,0.01022892,0.01049669,0.00053137,66.7408,60.2379,0.8915,19.2925,2.0970,1452.2802,21.6400,82.4672,64.4564,51.4311,63.5556,77.8372,103.2711,130.8798,158.4328,54.3647,0.0,2.059297,2.492824,1.050118,28,101,29,4,0.15672563,0.01328431,0.00682849,0E-8,0.000000,0.897587,0.000000,0.00765565,2026-03-22,2026-07-16,25,230,165,117,0.213675,1.279427,1.235634,0.522419,,,,,,,,GLOBAL_BASELINE_NO_ENTITY_RANKING,,,NOT_APPLICABLE_GLOBAL_BASELINE,HF9g-P5,,,,X 全窗基线 · 不参与实体赏罚,8393670,840,A168_HF9F_20260827_0900,2026-08-27 09:00:00
2026-07-08,145613033,2177,0,265.9231146568,-14.1997779671,-14.1997779671,0.5000000,2,2,0.50665070000000000,0.506650700000,-0.018812684590367487,-0.018812684590367487,-0.018812684590367487,0E-17,ELIGIBLE,R03b_20260811_FULL_v1,L1_ELIGIBILITY,v2026-08-11,2026-03-21..2026-08-06,baccarat_bet02_101_all_pairs_incl_sentinel,round_win = game_pnl > 0 (decisive only),COMPATIBILITY_ONLY_NOT_PRODUCTION,36307.0055,32588.7024,482.3135,544,541,-0.01328431,-0.00682849,-0.01448415,-0.01328431,-482.3135,36307.0055,OK,0.0000,19.2925,4.0000,96.0000,AG03-UNRESOLVED,ALL5_LEVELS_bet23_to_bet27,19.2925,19.2925,24.1157,24.1157,24.1157,4.000000,4.000000,5.000000,5.000000,5.000000,96.000000,96.000000,95.000000,95.000000,95.000000,5.0,110.9321,101.2102,371.3814,381.1033,PENDING_AG03,FALSE,NOT_FOR_ENFORCEMENT,463.0210,31285.1543,482.3135,463.0210,19.2925,0.01328431,0.01275294,19.2925,463.0210,0.01275294,19.2925,19.2925,24.1157,24.1157,24.1157,463.0210,0.01275294,110.9321,101.2102,371.3814,381.1033,0.01022892,0.01049669,0.00053137,66.7408,60.2379,0.8915,19.2925,2.0970,1452.2802,21.6400,82.4672,64.4564,51.4311,63.5556,77.8372,103.2711,130.8798,158.4328,54.3647,0.0,2.059297,2.492824,1.050118,28,101,29,4,0.15672563,0.01328431,0.00682849,0E-8,0.000000,0.897587,0.000000,0.00765565,2026-03-22,2026-07-16,25,230,165,117,0.213675,1.279427,1.235634,0.522419,,,,,,,,GLOBAL_BASELINE_NO_ENTITY_RANKING,,,NOT_APPLICABLE_GLOBAL_BASELINE,HF9g-P5,,,,X 全窗基线 · 不参与实体赏罚,8393671,840,A168_HF9F_20260827_0900,2026-08-27 09:00:00
2026-07-08,145613033,2258,0,286.5773371542,121.2144682829,121.2144682829,0.7500000,4,4,0.50329940000000000,0.503299400000,0.9868238854431842,0.9868238854431842,0.9868238854431842,0E-17,ELIGIBLE,R03b_20260811_FULL_v1,L1_ELIGIBILITY,v2026-08-11,2026-03-21..2026-08-06,baccarat_bet02_101_all_pairs_incl_sentinel,round_win = game_pnl > 0 (decisive only),COMPATIBILITY_ONLY_NOT_PRODUCTION,36307.0055,32588.7024,482.3135,544,541,-0.01328431,-0.00682849,-0.01448415,-0.01328431,-482.3135,36307.0055,OK,0.0000,19.2925,4.0000,96.0000,AG03-UNRESOLVED,ALL5_LEVELS_bet23_to_bet27,19.2925,19.2925,24.1157,24.1157,24.1157,4.000000,4.000000,5.000000,5.000000,5.000000,96.000000,96.000000,95.000000,95.000000,95.000000,5.0,110.9321,101.2102,371.3814,381.1033,PENDING_AG03,FALSE,NOT_FOR_ENFORCEMENT,463.0210,31285.1543,482.3135,463.0210,19.2925,0.01328431,0.01275294,19.2925,463.0210,0.01275294,19.2925,19.2925,24.1157,24.1157,24.1157,463.0210,0.01275294,110.9321,101.2102,371.3814,381.1033,0.01022892,0.01049669,0.00053137,66.7408,60.2379,0.8915,19.2925,2.0970,1452.2802,21.6400,82.4672,64.4564,51.4311,63.5556,77.8372,103.2711,130.8798,158.4328,54.3647,0.0,2.059297,2.492824,1.050118,28,101,29,4,0.15672563,0.01328431,0.00682849,0E-8,0.000000,0.897587,0.000000,0.00765565,2026-03-22,2026-07-16,25,230,165,117,0.213675,1.279427,1.235634,0.522419,,,,,,,,GLOBAL_BASELINE_NO_ENTITY_RANKING,,,NOT_APPLICABLE_GLOBAL_BASELINE,HF9g-P5,,,,X 全窗基线 · 不参与实体赏罚,8393672,840,A168_HF9F_20260827_0900,2026-08-27 09:00:00
2026-07-08,145613033,583,0,51.6355562440,0E-10,0E-10,,1,1,0.50665070000000000,0.506650700000,,,,0E-17,NO_DECISIVE_ROUND,R03b_20260811_FULL_v1,L1_ELIGIBILITY,v2026-08-11,2026-03-21..2026-08-06,baccarat_bet02_101_all_pairs_incl_sentinel,round_win = game_pnl > 0 (decisive only),COMPATIBILITY_ONLY_NOT_PRODUCTION,36307.0055,32588.7024,482.3135,544,541,-0.01328431,-0.00682849,-0.01448415,-0.01328431,-482.3135,36307.0055,OK,0.0000,19.2925,4.0000,96.0000,AG03-UNRESOLVED,ALL5_LEVELS_bet23_to_bet27,19.2925,19.2925,24.1157,24.1157,24.1157,4.000000,4.000000,5.000000,5.000000,5.000000,96.000000,96.000000,95.000000,95.000000,95.000000,5.0,110.9321,101.2102,371.3814,381.1033,PENDING_AG03,FALSE,NOT_FOR_ENFORCEMENT,463.0210,31285.1543,482.3135,463.0210,19.2925,0.01328431,0.01275294,19.2925,463.0210,0.01275294,19.2925,19.2925,24.1157,24.1157,24.1157,463.0210,0.01275294,110.9321,101.2102,371.3814,381.1033,0.01022892,0.01049669,0.00053137,66.7408,60.2379,0.8915,19.2925,2.0970,1452.2802,21.6400,82.4672,64.4564,51.4311,63.5556,77.8372,103.2711,130.8798,158.4328,54.3647,0.0,2.059297,2.492824,1.050118,28,101,29,4,0.15672563,0.01328431,0.00682849,0E-8,0.000000,0.897587,0.000000,0.00765565,2026-03-22,2026-07-16,25,230,165,117,0.213675,1.279427,1.235634,0.522419,,,,,,,,GLOBAL_BASELINE_NO_ENTITY_RANKING,,,NOT_APPLICABLE_GLOBAL_BASELINE,HF9g-P5,,,,X 全窗基线 · 不参与实体赏罚,8393673,840,A168_HF9F_20260827_0900,2026-08-27 09:00:00
2026-07-09,145613033,2108,0,154.9066687321,-154.9066687321,-154.9066687321,0E-7,1,1,0.50665070000000000,0.506650700000,-1.013391052207602,-1.013391052207602,-1.013391052207602,0E-17,ELIGIBLE,R03b_20260811_FULL_v1,L1_ELIGIBILITY,v2026-08-11,2026-03-21..2026-08-06,baccarat_bet02_101_all_pairs_incl_sentinel,round_win = game_pnl > 0 (decisive only),COMPATIBILITY_ONLY_NOT_PRODUCTION,36307.0055,32588.7024,482.3135,544,541,-0.01328431,-0.00682849,-0.01448415,-0.01328431,-482.3135,36307.0055,OK,0.0000,19.2925,4.0000,96.0000,AG03-UNRESOLVED,ALL5_LEVELS_bet23_to_bet27,19.2925,19.2925,24.1157,24.1157,24.1157,4.000000,4.000000,5.000000,5.000000,5.000000,96.000000,96.000000,95.000000,95.000000,95.000000,5.0,110.9321,101.2102,371.3814,381.1033,PENDING_AG03,FALSE,NOT_FOR_ENFORCEMENT,463.0210,31285.1543,482.3135,463.0210,19.2925,0.01328431,0.01275294,19.2925,463.0210,0.01275294,19.2925,19.2925,24.1157,24.1157,24.1157,463.0210,0.01275294,110.9321,101.2102,371.3814,381.1033,0.01022892,0.01049669,0.00053137,66.7408,60.2379,0.8915,19.2925,2.0970,1452.2802,21.6400,82.4672,64.4564,51.4311,63.5556,77.8372,103.2711,130.8798,158.4328,54.3647,0.0,2.059297,2.492824,1.050118,28,101,29,4,0.15672563,0.01328431,0.00682849,0E-8,0.000000,0.897587,0.000000,0.00765565,2026-03-22,2026-07-16,25,230,165,117,0.213675,1.279427,1.235634,0.522419,,,,,,,,GLOBAL_BASELINE_NO_ENTITY_RANKING,,,NOT_APPLICABLE_GLOBAL_BASELINE,HF9g-P5,,,,X 全窗基线 · 不参与实体赏罚,8393674,840,A168_HF9F_20260827_0900,2026-08-27 09:00:00
2026-07-09,145613033,2117,0,451.8111171352,440.1931169803,440.1931169803,1.0000000,2,2,0.49994810000000000,0.499948100000,1.4143603653603398,1.4143603653603398,1.4143603653603398,0E-17,ELIGIBLE,R03b_20260811_FULL_v1,L1_ELIGIBILITY,v2026-08-11,2026-03-21..2026-08-06,baccarat_bet02_101_all_pairs_incl_sentinel,round_win = game_pnl > 0 (decisive only),COMPATIBILITY_ONLY_NOT_PRODUCTION,36307.0055,32588.7024,482.3135,544,541,-0.01328431,-0.00682849,-0.01448415,-0.01328431,-482.3135,36307.0055,OK,0.0000,19.2925,4.0000,96.0000,AG03-UNRESOLVED,ALL5_LEVELS_bet23_to_bet27,19.2925,19.2925,24.1157,24.1157,24.1157,4.000000,4.000000,5.000000,5.000000,5.000000,96.000000,96.000000,95.000000,95.000000,95.000000,5.0,110.9321,101.2102,371.3814,381.1033,PENDING_AG03,FALSE,NOT_FOR_ENFORCEMENT,463.0210,31285.1543,482.3135,463.0210,19.2925,0.01328431,0.01275294,19.2925,463.0210,0.01275294,19.2925,19.2925,24.1157,24.1157,24.1157,463.0210,0.01275294,110.9321,101.2102,371.3814,381.1033,0.01022892,0.01049669,0.00053137,66.7408,60.2379,0.8915,19.2925,2.0970,1452.2802,21.6400,82.4672,64.4564,51.4311,63.5556,77.8372,103.2711,130.8798,158.4328,54.3647,0.0,2.059297,2.492824,1.050118,28,101,29,4,0.15672563,0.01328431,0.00682849,0E-8,0.000000,0.897587,0.000000,0.00765565,2026-03-22,2026-07-16,25,230,165,117,0.213675,1.279427,1.235634,0.522419,,,,,,,,GLOBAL_BASELINE_NO_ENTITY_RANKING,,,NOT_APPLICABLE_GLOBAL_BASELINE,HF9g-P5,,,,X 全窗基线 · 不参与实体赏罚,8393675,840,A168_HF9F_20260827_0900,2026-08-27 09:00:00
2026-07-09,145613033,2220,0,144.5795574833,0E-10,0E-10,,1,1,0.50665070000000000,0.506650700000,,,,0E-17,NO_DECISIVE_ROUND,R03b_20260811_FULL_v1,L1_ELIGIBILITY,v2026-08-11,2026-03-21..2026-08-06,baccarat_bet02_101_all_pairs_incl_sentinel,round_win = game_pnl > 0 (decisive only),COMPATIBILITY_ONLY_NOT_PRODUCTION,36307.0055,32588.7024,482.3135,544,541,-0.01328431,-0.00682849,-0.01448415,-0.01328431,-482.3135,36307.0055,OK,0.0000,19.2925,4.0000,96.0000,AG03-UNRESOLVED,ALL5_LEVELS_bet23_to_bet27,19.2925,19.2925,24.1157,24.1157,24.1157,4.000000,4.000000,5.000000,5.000000,5.000000,96.000000,96.000000,95.000000,95.000000,95.000000,5.0,110.9321,101.2102,371.3814,381.1033,PENDING_AG03,FALSE,NOT_FOR_ENFORCEMENT,463.0210,31285.1543,482.3135,463.0210,19.2925,0.01328431,0.01275294,19.2925,463.0210,0.01275294,19.2925,19.2925,24.1157,24.1157,24.1157,463.0210,0.01275294,110.9321,101.2102,371.3814,381.1033,0.01022892,0.01049669,0.00053137,66.7408,60.2379,0.8915,19.2925,2.0970,1452.2802,21.6400,82.4672,64.4564,51.4311,63.5556,77.8372,103.2711,130.8798,158.4328,54.3647,0.0,2.059297,2.492824,1.050118,28,101,29,4,0.15672563,0.01328431,0.00682849,0E-8,0.000000,0.897587,0.000000,0.00765565,2026-03-22,2026-07-16,25,230,165,117,0.213675,1.279427,1.235634,0.522419,,,,,,,,GLOBAL_BASELINE_NO_ENTITY_RANKING,,,NOT_APPLICABLE_GLOBAL_BASELINE,HF9g-P5,,,,X 全窗基线 · 不参与实体赏罚,8393676,840,A168_HF9F_20260827_0900,2026-08-27 09:00:00
2026-07-09,145613033,2258,0,144.5795574833,-144.5795574833,-144.5795574833,0E-7,1,1,0.49324550000000000,0.493245500000,-0.9865810262130424,-0.9865810262130424,-0.9865810262130424,0E-17,ELIGIBLE,R03b_20260811_FULL_v1,L1_ELIGIBILITY,v2026-08-11,2026-03-21..2026-08-06,baccarat_bet02_101_all_pairs_incl_sentinel,round_win = game_pnl > 0 (decisive only),COMPATIBILITY_ONLY_NOT_PRODUCTION,36307.0055,32588.7024,482.3135,544,541,-0.01328431,-0.00682849,-0.01448415,-0.01328431,-482.3135,36307.0055,OK,0.0000,19.2925,4.0000,96.0000,AG03-UNRESOLVED,ALL5_LEVELS_bet23_to_bet27,19.2925,19.2925,24.1157,24.1157,24.1157,4.000000,4.000000,5.000000,5.000000,5.000000,96.000000,96.000000,95.000000,95.000000,95.000000,5.0,110.9321,101.2102,371.3814,381.1033,PENDING_AG03,FALSE,NOT_FOR_ENFORCEMENT,463.0210,31285.1543,482.3135,463.0210,19.2925,0.01328431,0.01275294,19.2925,463.0210,0.01275294,19.2925,19.2925,24.1157,24.1157,24.1157,463.0210,0.01275294,110.9321,101.2102,371.3814,381.1033,0.01022892,0.01049669,0.00053137,66.7408,60.2379,0.8915,19.2925,2.0970,1452.2802,21.6400,82.4672,64.4564,51.4311,63.5556,77.8372,103.2711,130.8798,158.4328,54.3647,0.0,2.059297,2.492824,1.050118,28,101,29,4,0.15672563,0.01328431,0.00682849,0E-8,0.000000,0.897587,0.000000,0.00765565,2026-03-22,2026-07-16,25,230,165,117,0.213675,1.279427,1.235634,0.522419,,,,,,,,GLOBAL_BASELINE_NO_ENTITY_RANKING,,,NOT_APPLICABLE_GLOBAL_BASELINE,HF9g-P5,,,,X 全窗基线 · 不参与实体赏罚,8393677,840,A168_HF9F_20260827_0900,2026-08-27 09:00:00
2026-07-14,145613033,1306,0,103.2711124881,-103.2711124881,-103.2711124881,0E-7,1,1,0.50665070000000000,0.506650700000,-1.013391052207602,-1.013391052207602,-1.013391052207602,0E-17,ELIGIBLE,R03b_20260811_FULL_v1,L1_ELIGIBILITY,v2026-08-11,2026-03-21..2026-08-06,baccarat_bet02_101_all_pairs_incl_sentinel,round_win = game_pnl > 0 (decisive only),COMPATIBILITY_ONLY_NOT_PRODUCTION,36307.0055,32588.7024,482.3135,544,541,-0.01328431,-0.00682849,-0.01448415,-0.01328431,-482.3135,36307.0055,OK,0.0000,19.2925,4.0000,96.0000,AG03-UNRESOLVED,ALL5_LEVELS_bet23_to_bet27,19.2925,19.2925,24.1157,24.1157,24.1157,4.000000,4.000000,5.000000,5.000000,5.000000,96.000000,96.000000,95.000000,95.000000,95.000000,5.0,110.9321,101.2102,371.3814,381.1033,PENDING_AG03,FALSE,NOT_FOR_ENFORCEMENT,463.0210,31285.1543,482.3135,463.0210,19.2925,0.01328431,0.01275294,19.2925,463.0210,0.01275294,19.2925,19.2925,24.1157,24.1157,24.1157,463.0210,0.01275294,110.9321,101.2102,371.3814,381.1033,0.01022892,0.01049669,0.00053137,66.7408,60.2379,0.8915,19.2925,2.0970,1452.2802,21.6400,82.4672,64.4564,51.4311,63.5556,77.8372,103.2711,130.8798,158.4328,54.3647,0.0,2.059297,2.492824,1.050118,28,101,29,4,0.15672563,0.01328431,0.00682849,0E-8,0.000000,0.897587,0.000000,0.00765565,2026-03-22,2026-07-16,25,230,165,117,0.213675,1.279427,1.235634,0.522419,,,,,,,,GLOBAL_BASELINE_NO_ENTITY_RANKING,,,NOT_APPLICABLE_GLOBAL_BASELINE,HF9g-P5,,,,X 全窗基线 · 不参与实体赏罚,8393678,840,A168_HF9F_20260827_0900,2026-08-27 09:00:00
2026-07-14,145613033,2167,0,51.6355562440,0E-10,0E-10,,1,1,0.49324550000000000,0.493245500000,,,,0E-17,NO_DECISIVE_ROUND,R03b_20260811_FULL_v1,L1_ELIGIBILITY,v2026-08-11,2026-03-21..2026-08-06,baccarat_bet02_101_all_pairs_incl_sentinel,round_win = game_pnl > 0 (decisive only),COMPATIBILITY_ONLY_NOT_PRODUCTION,36307.0055,32588.7024,482.3135,544,541,-0.01328431,-0.00682849,-0.01448415,-0.01328431,-482.3135,36307.0055,OK,0.0000,19.2925,4.0000,96.0000,AG03-UNRESOLVED,ALL5_LEVELS_bet23_to_bet27,19.2925,19.2925,24.1157,24.1157,24.1157,4.000000,4.000000,5.000000,5.000000,5.000000,96.000000,96.000000,95.000000,95.000000,95.000000,5.0,110.9321,101.2102,371.3814,381.1033,PENDING_AG03,FALSE,NOT_FOR_ENFORCEMENT,463.0210,31285.1543,482.3135,463.0210,19.2925,0.01328431,0.01275294,19.2925,463.0210,0.01275294,19.2925,19.2925,24.1157,24.1157,24.1157,463.0210,0.01275294,110.9321,101.2102,371.3814,381.1033,0.01022892,0.01049669,0.00053137,66.7408,60.2379,0.8915,19.2925,2.0970,1452.2802,21.6400,82.4672,64.4564,51.4311,63.5556,77.8372,103.2711,130.8798,158.4328,54.3647,0.0,2.059297,2.492824,1.050118,28,101,29,4,0.15672563,0.01328431,0.00682849,0E-8,0.000000,0.897587,0.000000,0.00765565,2026-03-22,2026-07-16,25,230,165,117,0.213675,1.279427,1.235634,0.522419,,,,,,,,GLOBAL_BASELINE_NO_ENTITY_RANKING,,,NOT_APPLICABLE_GLOBAL_BASELINE,HF9g-P5,,,,X 全窗基线 · 不参与实体赏罚,8393679,840,A168_HF9F_20260827_0900,2026-08-27 09:00:00
2026-07-15,145613033,1485,0,25.8177781220,0E-10,0E-10,,1,1,0.49324550000000000,0.493245500000,,,,0E-17,NO_DECISIVE_ROUND,R03b_20260811_FULL_v1,L1_ELIGIBILITY,v2026-08-11,2026-03-21..2026-08-06,baccarat_bet02_101_all_pairs_incl_sentinel,round_win = game_pnl > 0 (decisive only),COMPATIBILITY_ONLY_NOT_PRODUCTION,36307.0055,32588.7024,482.3135,544,541,-0.01328431,-0.00682849,-0.01448415,-0.01328431,-482.3135,36307.0055,OK,0.0000,19.2925,4.0000,96.0000,AG03-UNRESOLVED,ALL5_LEVELS_bet23_to_bet27,19.2925,19.2925,24.1157,24.1157,24.1157,4.000000,4.000000,5.000000,5.000000,5.000000,96.000000,96.000000,95.000000,95.000000,95.000000,5.0,110.9321,101.2102,371.3814,381.1033,PENDING_AG03,FALSE,NOT_FOR_ENFORCEMENT,463.0210,31285.1543,482.3135,463.0210,19.2925,0.01328431,0.01275294,19.2925,463.0210,0.01275294,19.2925,19.2925,24.1157,24.1157,24.1157,463.0210,0.01275294,110.9321,101.2102,371.3814,381.1033,0.01022892,0.01049669,0.00053137,66.7408,60.2379,0.8915,19.2925,2.0970,1452.2802,21.6400,82.4672,64.4564,51.4311,63.5556,77.8372,103.2711,130.8798,158.4328,54.3647,0.0,2.059297,2.492824,1.050118,28,101,29,4,0.15672563,0.01328431,0.00682849,0E-8,0.000000,0.897587,0.000000,0.00765565,2026-03-22,2026-07-16,25,230,165,117,0.213675,1.279427,1.235634,0.522419,,,,,,,,GLOBAL_BASELINE_NO_ENTITY_RANKING,,,NOT_APPLICABLE_GLOBAL_BASELINE,HF9g-P5,,,,X 全窗基线 · 不参与实体赏罚,8393680,840,A168_HF9F_20260827_0900,2026-08-27 09:00:00
2026-07-15,145613033,2153,0,129.0888906100,24.5268892159,24.5268892159,0.6000000,5,5,0.49860758000000000,0.498607580000,0.4534424453485946,0.4534424453485946,0.4534424453485946,0E-17,ELIGIBLE,R03b_20260811_FULL_v1,L1_ELIGIBILITY,v2026-08-11,2026-03-21..2026-08-06,baccarat_bet02_101_all_pairs_incl_sentinel,round_win = game_pnl > 0 (decisive only),COMPATIBILITY_ONLY_NOT_PRODUCTION,36307.0055,32588.7024,482.3135,544,541,-0.01328431,-0.00682849,-0.01448415,-0.01328431,-482.3135,36307.0055,OK,0.0000,19.2925,4.0000,96.0000,AG03-UNRESOLVED,ALL5_LEVELS_bet23_to_bet27,19.2925,19.2925,24.1157,24.1157,24.1157,4.000000,4.000000,5.000000,5.000000,5.000000,96.000000,96.000000,95.000000,95.000000,95.000000,5.0,110.9321,101.2102,371.3814,381.1033,PENDING_AG03,FALSE,NOT_FOR_ENFORCEMENT,463.0210,31285.1543,482.3135,463.0210,19.2925,0.01328431,0.01275294,19.2925,463.0210,0.01275294,19.2925,19.2925,24.1157,24.1157,24.1157,463.0210,0.01275294,110.9321,101.2102,371.3814,381.1033,0.01022892,0.01049669,0.00053137,66.7408,60.2379,0.8915,19.2925,2.0970,1452.2802,21.6400,82.4672,64.4564,51.4311,63.5556,77.8372,103.2711,130.8798,158.4328,54.3647,0.0,2.059297,2.492824,1.050118,28,101,29,4,0.15672563,0.01328431,0.00682849,0E-8,0.000000,0.897587,0.000000,0.00765565,2026-03-22,2026-07-16,25,230,165,117,0.213675,1.279427,1.235634,0.522419,,,,,,,,GLOBAL_BASELINE_NO_ENTITY_RANKING,,,NOT_APPLICABLE_GLOBAL_BASELINE,HF9g-P5,,,,X 全窗基线 · 不参与实体赏罚,8393681,840,A168_HF9F_20260827_0900,2026-08-27 09:00:00
2026-07-15,145613033,2216,0,25.8177781220,-25.8177781220,-25.8177781220,0E-7,1,1,0.50665070000000000,0.506650700000,-1.013391052207602,-1.013391052207602,-1.013391052207602,0E-17,ELIGIBLE,R03b_20260811_FULL_v1,L1_ELIGIBILITY,v2026-08-11,2026-03-21..2026-08-06,baccarat_bet02_101_all_pairs_incl_sentinel,round_win = game_pnl > 0 (decisive only),COMPATIBILITY_ONLY_NOT_PRODUCTION,36307.0055,32588.7024,482.3135,544,541,-0.01328431,-0.00682849,-0.01448415,-0.01328431,-482.3135,36307.0055,OK,0.0000,19.2925,4.0000,96.0000,AG03-UNRESOLVED,ALL5_LEVELS_bet23_to_bet27,19.2925,19.2925,24.1157,24.1157,24.1157,4.000000,4.000000,5.000000,5.000000,5.000000,96.000000,96.000000,95.000000,95.000000,95.000000,5.0,110.9321,101.2102,371.3814,381.1033,PENDING_AG03,FALSE,NOT_FOR_ENFORCEMENT,463.0210,31285.1543,482.3135,463.0210,19.2925,0.01328431,0.01275294,19.2925,463.0210,0.01275294,19.2925,19.2925,24.1157,24.1157,24.1157,463.0210,0.01275294,110.9321,101.2102,371.3814,381.1033,0.01022892,0.01049669,0.00053137,66.7408,60.2379,0.8915,19.2925,2.0970,1452.2802,21.6400,82.4672,64.4564,51.4311,63.5556,77.8372,103.2711,130.8798,158.4328,54.3647,0.0,2.059297,2.492824,1.050118,28,101,29,4,0.15672563,0.01328431,0.00682849,0E-8,0.000000,0.897587,0.000000,0.00765565,2026-03-22,2026-07-16,25,230,165,117,0.213675,1.279427,1.235634,0.522419,,,,,,,,GLOBAL_BASELINE_NO_ENTITY_RANKING,,,NOT_APPLICABLE_GLOBAL_BASELINE,HF9g-P5,,,,X 全窗基线 · 不参与实体赏罚,8393682,840,A168_HF9F_20260827_0900,2026-08-27 09:00:00
2026-07-15,145613033,2250,0,118.7617793612,27.2377559188,27.2377559188,0.6666667,3,3,0.50665070000000000,0.506650700000,0.5543606114942035,0.5543606114942035,0.5543606114942035,0E-17,ELIGIBLE,R03b_20260811_FULL_v1,L1_ELIGIBILITY,v2026-08-11,2026-03-21..2026-08-06,baccarat_bet02_101_all_pairs_incl_sentinel,round_win = game_pnl > 0 (decisive only),COMPATIBILITY_ONLY_NOT_PRODUCTION,36307.0055,32588.7024,482.3135,544,541,-0.01328431,-0.00682849,-0.01448415,-0.01328431,-482.3135,36307.0055,OK,0.0000,19.2925,4.0000,96.0000,AG03-UNRESOLVED,ALL5_LEVELS_bet23_to_bet27,19.2925,19.2925,24.1157,24.1157,24.1157,4.000000,4.000000,5.000000,5.000000,5.000000,96.000000,96.000000,95.000000,95.000000,95.000000,5.0,110.9321,101.2102,371.3814,381.1033,PENDING_AG03,FALSE,NOT_FOR_ENFORCEMENT,463.0210,31285.1543,482.3135,463.0210,19.2925,0.01328431,0.01275294,19.2925,463.0210,0.01275294,19.2925,19.2925,24.1157,24.1157,24.1157,463.0210,0.01275294,110.9321,101.2102,371.3814,381.1033,0.01022892,0.01049669,0.00053137,66.7408,60.2379,0.8915,19.2925,2.0970,1452.2802,21.6400,82.4672,64.4564,51.4311,63.5556,77.8372,103.2711,130.8798,158.4328,54.3647,0.0,2.059297,2.492824,1.050118,28,101,29,4,0.15672563,0.01328431,0.00682849,0E-8,0.000000,0.897587,0.000000,0.00765565,2026-03-22,2026-07-16,25,230,165,117,0.213675,1.279427,1.235634,0.522419,,,,,,,,GLOBAL_BASELINE_NO_ENTITY_RANKING,,,NOT_APPLICABLE_GLOBAL_BASELINE,HF9g-P5,,,,X 全窗基线 · 不参与实体赏罚,8393683,840,A168_HF9F_20260827_0900,2026-08-27 09:00:00
2026-07-15,145613033,462,0,25.8177781220,-25.8177781220,-25.8177781220,0E-7,1,1,0.49324550000000000,0.493245500000,-0.9865810262130424,-0.9865810262130424,-0.9865810262130424,0E-17,ELIGIBLE,R03b_20260811_FULL_v1,L1_ELIGIBILITY,v2026-08-11,2026-03-21..2026-08-06,baccarat_bet02_101_all_pairs_incl_sentinel,round_win = game_pnl > 0 (decisive only),COMPATIBILITY_ONLY_NOT_PRODUCTION,36307.0055,32588.7024,482.3135,544,541,-0.01328431,-0.00682849,-0.01448415,-0.01328431,-482.3135,36307.0055,OK,0.0000,19.2925,4.0000,96.0000,AG03-UNRESOLVED,ALL5_LEVELS_bet23_to_bet27,19.2925,19.2925,24.1157,24.1157,24.1157,4.000000,4.000000,5.000000,5.000000,5.000000,96.000000,96.000000,95.000000,95.000000,95.000000,5.0,110.9321,101.2102,371.3814,381.1033,PENDING_AG03,FALSE,NOT_FOR_ENFORCEMENT,463.0210,31285.1543,482.3135,463.0210,19.2925,0.01328431,0.01275294,19.2925,463.0210,0.01275294,19.2925,19.2925,24.1157,24.1157,24.1157,463.0210,0.01275294,110.9321,101.2102,371.3814,381.1033,0.01022892,0.01049669,0.00053137,66.7408,60.2379,0.8915,19.2925,2.0970,1452.2802,21.6400,82.4672,64.4564,51.4311,63.5556,77.8372,103.2711,130.8798,158.4328,54.3647,0.0,2.059297,2.492824,1.050118,28,101,29,4,0.15672563,0.01328431,0.00682849,0E-8,0.000000,0.897587,0.000000,0.00765565,2026-03-22,2026-07-16,25,230,165,117,0.213675,1.279427,1.235634,0.522419,,,,,,,,GLOBAL_BASELINE_NO_ENTITY_RANKING,,,NOT_APPLICABLE_GLOBAL_BASELINE,HF9g-P5,,,,X 全窗基线 · 不参与实体赏罚,8393684,840,A168_HF9F_20260827_0900,2026-08-27 09:00:00
2026-07-16,145613033,-1,1,180.7244468540,-77.4533343660,-77.4533343660,0.2500000,4,4,0.49994810000000000,0.499948100000,-0.9997924053861017,-0.9997924053861017,-0.9997924053861017,0E-17,SENTINEL_DEALER,R03b_20260811_FULL_v1,L1_ELIGIBILITY,v2026-08-11,2026-03-21..2026-08-06,baccarat_bet02_101_all_pairs_incl_sentinel,round_win = game_pnl > 0 (decisive only),COMPATIBILITY_ONLY_NOT_PRODUCTION,36307.0055,32588.7024,482.3135,544,541,-0.01328431,-0.00682849,-0.01448415,-0.01328431,-482.3135,36307.0055,OK,0.0000,19.2925,4.0000,96.0000,AG03-UNRESOLVED,ALL5_LEVELS_bet23_to_bet27,19.2925,19.2925,24.1157,24.1157,24.1157,4.000000,4.000000,5.000000,5.000000,5.000000,96.000000,96.000000,95.000000,95.000000,95.000000,5.0,110.9321,101.2102,371.3814,381.1033,PENDING_AG03,FALSE,NOT_FOR_ENFORCEMENT,463.0210,31285.1543,482.3135,463.0210,19.2925,0.01328431,0.01275294,19.2925,463.0210,0.01275294,19.2925,19.2925,24.1157,24.1157,24.1157,463.0210,0.01275294,110.9321,101.2102,371.3814,381.1033,0.01022892,0.01049669,0.00053137,66.7408,60.2379,0.8915,19.2925,2.0970,1452.2802,21.6400,82.4672,64.4564,51.4311,63.5556,77.8372,103.2711,130.8798,158.4328,54.3647,0.0,2.059297,2.492824,1.050118,28,101,29,4,0.15672563,0.01328431,0.00682849,0E-8,0.000000,0.897587,0.000000,0.00765565,2026-03-22,2026-07-16,25,230,165,117,0.213675,1.279427,1.235634,0.522419,,,,,,,,GLOBAL_BASELINE_NO_ENTITY_RANKING,,,NOT_APPLICABLE_GLOBAL_BASELINE,HF9g-P5,,,,X 全窗基线 · 不参与实体赏罚,8393685,840,A168_HF9F_20260827_0900,2026-08-27 09:00:00
2026-07-16,145613033,1157,0,51.6355562440,0E-10,0E-10,,1,1,0.50665070000000000,0.506650700000,,,,0E-17,NO_DECISIVE_ROUND,R03b_20260811_FULL_v1,L1_ELIGIBILITY,v2026-08-11,2026-03-21..2026-08-06,baccarat_bet02_101_all_pairs_incl_sentinel,round_win = game_pnl > 0 (decisive only),COMPATIBILITY_ONLY_NOT_PRODUCTION,36307.0055,32588.7024,482.3135,544,541,-0.01328431,-0.00682849,-0.01448415,-0.01328431,-482.3135,36307.0055,OK,0.0000,19.2925,4.0000,96.0000,AG03-UNRESOLVED,ALL5_LEVELS_bet23_to_bet27,19.2925,19.2925,24.1157,24.1157,24.1157,4.000000,4.000000,5.000000,5.000000,5.000000,96.000000,96.000000,95.000000,95.000000,95.000000,5.0,110.9321,101.2102,371.3814,381.1033,PENDING_AG03,FALSE,NOT_FOR_ENFORCEMENT,463.0210,31285.1543,482.3135,463.0210,19.2925,0.01328431,0.01275294,19.2925,463.0210,0.01275294,19.2925,19.2925,24.1157,24.1157,24.1157,463.0210,0.01275294,110.9321,101.2102,371.3814,381.1033,0.01022892,0.01049669,0.00053137,66.7408,60.2379,0.8915,19.2925,2.0970,1452.2802,21.6400,82.4672,64.4564,51.4311,63.5556,77.8372,103.2711,130.8798,158.4328,54.3647,0.0,2.059297,2.492824,1.050118,28,101,29,4,0.15672563,0.01328431,0.00682849,0E-8,0.000000,0.897587,0.000000,0.00765565,2026-03-22,2026-07-16,25,230,165,117,0.213675,1.279427,1.235634,0.522419,,,,,,,,GLOBAL_BASELINE_NO_ENTITY_RANKING,,,NOT_APPLICABLE_GLOBAL_BASELINE,HF9g-P5,,,,X 全窗基线 · 不参与实体赏罚,8393686,840,A168_HF9F_20260827_0900,2026-08-27 09:00:00
2026-07-16,145613033,1318,0,77.4533343660,-77.4533343660,-77.4533343660,0E-7,1,1,0.49324550000000000,0.493245500000,-0.9865810262130424,-0.9865810262130424,-0.9865810262130424,0E-17,ELIGIBLE,R03b_20260811_FULL_v1,L1_ELIGIBILITY,v2026-08-11,2026-03-21..2026-08-06,baccarat_bet02_101_all_pairs_incl_sentinel,round_win = game_pnl > 0 (decisive only),COMPATIBILITY_ONLY_NOT_PRODUCTION,36307.0055,32588.7024,482.3135,544,541,-0.01328431,-0.00682849,-0.01448415,-0.01328431,-482.3135,36307.0055,OK,0.0000,19.2925,4.0000,96.0000,AG03-UNRESOLVED,ALL5_LEVELS_bet23_to_bet27,19.2925,19.2925,24.1157,24.1157,24.1157,4.000000,4.000000,5.000000,5.000000,5.000000,96.000000,96.000000,95.000000,95.000000,95.000000,5.0,110.9321,101.2102,371.3814,381.1033,PENDING_AG03,FALSE,NOT_FOR_ENFORCEMENT,463.0210,31285.1543,482.3135,463.0210,19.2925,0.01328431,0.01275294,19.2925,463.0210,0.01275294,19.2925,19.2925,24.1157,24.1157,24.1157,463.0210,0.01275294,110.9321,101.2102,371.3814,381.1033,0.01022892,0.01049669,0.00053137,66.7408,60.2379,0.8915,19.2925,2.0970,1452.2802,21.6400,82.4672,64.4564,51.4311,63.5556,77.8372,103.2711,130.8798,158.4328,54.3647,0.0,2.059297,2.492824,1.050118,28,101,29,4,0.15672563,0.01328431,0.00682849,0E-8,0.000000,0.897587,0.000000,0.00765565,2026-03-22,2026-07-16,25,230,165,117,0.213675,1.279427,1.235634,0.522419,,,,,,,,GLOBAL_BASELINE_NO_ENTITY_RANKING,,,NOT_APPLICABLE_GLOBAL_BASELINE,HF9g-P5,,,,X 全窗基线 · 不参与实体赏罚,8393687,840,A168_HF9F_20260827_0900,2026-08-27 09:00:00
2026-07-16,145613033,1485,0,77.4533343660,-77.4533343660,-77.4533343660,0E-7,1,1,0.50665070000000000,0.506650700000,-1.013391052207602,-1.013391052207602,-1.013391052207602,0E-17,ELIGIBLE,R03b_20260811_FULL_v1,L1_ELIGIBILITY,v2026-08-11,2026-03-21..2026-08-06,baccarat_bet02_101_all_pairs_incl_sentinel,round_win = game_pnl > 0 (decisive only),COMPATIBILITY_ONLY_NOT_PRODUCTION,36307.0055,32588.7024,482.3135,544,541,-0.01328431,-0.00682849,-0.01448415,-0.01328431,-482.3135,36307.0055,OK,0.0000,19.2925,4.0000,96.0000,AG03-UNRESOLVED,ALL5_LEVELS_bet23_to_bet27,19.2925,19.2925,24.1157,24.1157,24.1157,4.000000,4.000000,5.000000,5.000000,5.000000,96.000000,96.000000,95.000000,95.000000,95.000000,5.0,110.9321,101.2102,371.3814,381.1033,PENDING_AG03,FALSE,NOT_FOR_ENFORCEMENT,463.0210,31285.1543,482.3135,463.0210,19.2925,0.01328431,0.01275294,19.2925,463.0210,0.01275294,19.2925,19.2925,24.1157,24.1157,24.1157,463.0210,0.01275294,110.9321,101.2102,371.3814,381.1033,0.01022892,0.01049669,0.00053137,66.7408,60.2379,0.8915,19.2925,2.0970,1452.2802,21.6400,82.4672,64.4564,51.4311,63.5556,77.8372,103.2711,130.8798,158.4328,54.3647,0.0,2.059297,2.492824,1.050118,28,101,29,4,0.15672563,0.01328431,0.00682849,0E-8,0.000000,0.897587,0.000000,0.00765565,2026-03-22,2026-07-16,25,230,165,117,0.213675,1.279427,1.235634,0.522419,,,,,,,,GLOBAL_BASELINE_NO_ENTITY_RANKING,,,NOT_APPLICABLE_GLOBAL_BASELINE,HF9g-P5,,,,X 全窗基线 · 不参与实体赏罚,8393688,840,A168_HF9F_20260827_0900,2026-08-27 09:00:00
2026-07-16,145613033,2106,0,103.2711124881,-103.2711124881,-103.2711124881,0E-7,1,1,0.50665070000000000,0.506650700000,-1.013391052207602,-1.013391052207602,-1.013391052207602,0E-17,ELIGIBLE,R03b_20260811_FULL_v1,L1_ELIGIBILITY,v2026-08-11,2026-03-21..2026-08-06,baccarat_bet02_101_all_pairs_incl_sentinel,round_win = game_pnl > 0 (decisive only),COMPATIBILITY_ONLY_NOT_PRODUCTION,36307.0055,32588.7024,482.3135,544,541,-0.01328431,-0.00682849,-0.01448415,-0.01328431,-482.3135,36307.0055,OK,0.0000,19.2925,4.0000,96.0000,AG03-UNRESOLVED,ALL5_LEVELS_bet23_to_bet27,19.2925,19.2925,24.1157,24.1157,24.1157,4.000000,4.000000,5.000000,5.000000,5.000000,96.000000,96.000000,95.000000,95.000000,95.000000,5.0,110.9321,101.2102,371.3814,381.1033,PENDING_AG03,FALSE,NOT_FOR_ENFORCEMENT,463.0210,31285.1543,482.3135,463.0210,19.2925,0.01328431,0.01275294,19.2925,463.0210,0.01275294,19.2925,19.2925,24.1157,24.1157,24.1157,463.0210,0.01275294,110.9321,101.2102,371.3814,381.1033,0.01022892,0.01049669,0.00053137,66.7408,60.2379,0.8915,19.2925,2.0970,1452.2802,21.6400,82.4672,64.4564,51.4311,63.5556,77.8372,103.2711,130.8798,158.4328,54.3647,0.0,2.059297,2.492824,1.050118,28,101,29,4,0.15672563,0.01328431,0.00682849,0E-8,0.000000,0.897587,0.000000,0.00765565,2026-03-22,2026-07-16,25,230,165,117,0.213675,1.279427,1.235634,0.522419,,,,,,,,GLOBAL_BASELINE_NO_ENTITY_RANKING,,,NOT_APPLICABLE_GLOBAL_BASELINE,HF9g-P5,,,,X 全窗基线 · 不参与实体赏罚,8393689,840,A168_HF9F_20260827_0900,2026-08-27 09:00:00
2026-07-16,145613033,2251,0,227.1964474738,215.8366251001,215.8366251001,1.0000000,2,2,0.50665070000000000,0.506650700000,1.3955260008387969,1.3955260008387969,1.3955260008387969,0E-17,ELIGIBLE,R03b_20260811_FULL_v1,L1_ELIGIBILITY,v2026-08-11,2026-03-21..2026-08-06,baccarat_bet02_101_all_pairs_incl_sentinel,round_win = game_pnl > 0 (decisive only),COMPATIBILITY_ONLY_NOT_PRODUCTION,36307.0055,32588.7024,482.3135,544,541,-0.01328431,-0.00682849,-0.01448415,-0.01328431,-482.3135,36307.0055,OK,0.0000,19.2925,4.0000,96.0000,AG03-UNRESOLVED,ALL5_LEVELS_bet23_to_bet27,19.2925,19.2925,24.1157,24.1157,24.1157,4.000000,4.000000,5.000000,5.000000,5.000000,96.000000,96.000000,95.000000,95.000000,95.000000,5.0,110.9321,101.2102,371.3814,381.1033,PENDING_AG03,FALSE,NOT_FOR_ENFORCEMENT,463.0210,31285.1543,482.3135,463.0210,19.2925,0.01328431,0.01275294,19.2925,463.0210,0.01275294,19.2925,19.2925,24.1157,24.1157,24.1157,463.0210,0.01275294,110.9321,101.2102,371.3814,381.1033,0.01022892,0.01049669,0.00053137,66.7408,60.2379,0.8915,19.2925,2.0970,1452.2802,21.6400,82.4672,64.4564,51.4311,63.5556,77.8372,103.2711,130.8798,158.4328,54.3647,0.0,2.059297,2.492824,1.050118,28,101,29,4,0.15672563,0.01328431,0.00682849,0E-8,0.000000,0.897587,0.000000,0.00765565,2026-03-22,2026-07-16,25,230,165,117,0.213675,1.279427,1.235634,0.522419,,,,,,,,GLOBAL_BASELINE_NO_ENTITY_RANKING,,,NOT_APPLICABLE_GLOBAL_BASELINE,HF9g-P5,,,,X 全窗基线 · 不参与实体赏罚,8393690,840,A168_HF9F_20260827_0900,2026-08-27 09:00:00
2026-07-16,145613033,2266,0,25.8177781220,-25.8177781220,-25.8177781220,0E-7,1,1,0.50665070000000000,0.506650700000,-1.013391052207602,-1.013391052207602,-1.013391052207602,0E-17,ELIGIBLE,R03b_20260811_FULL_v1,L1_ELIGIBILITY,v2026-08-11,2026-03-21..2026-08-06,baccarat_bet02_101_all_pairs_incl_sentinel,round_win = game_pnl > 0 (decisive only),COMPATIBILITY_ONLY_NOT_PRODUCTION,36307.0055,32588.7024,482.3135,544,541,-0.01328431,-0.00682849,-0.01448415,-0.01328431,-482.3135,36307.0055,OK,0.0000,19.2925,4.0000,96.0000,AG03-UNRESOLVED,ALL5_LEVELS_bet23_to_bet27,19.2925,19.2925,24.1157,24.1157,24.1157,4.000000,4.000000,5.000000,5.000000,5.000000,96.000000,96.000000,95.000000,95.000000,95.000000,5.0,110.9321,101.2102,371.3814,381.1033,PENDING_AG03,FALSE,NOT_FOR_ENFORCEMENT,463.0210,31285.1543,482.3135,463.0210,19.2925,0.01328431,0.01275294,19.2925,463.0210,0.01275294,19.2925,19.2925,24.1157,24.1157,24.1157,463.0210,0.01275294,110.9321,101.2102,371.3814,381.1033,0.01022892,0.01049669,0.00053137,66.7408,60.2379,0.8915,19.2925,2.0970,1452.2802,21.6400,82.4672,64.4564,51.4311,63.5556,77.8372,103.2711,130.8798,158.4328,54.3647,0.0,2.059297,2.492824,1.050118,28,101,29,4,0.15672563,0.01328431,0.00682849,0E-8,0.000000,0.897587,0.000000,0.00765565,2026-03-22,2026-07-16,25,230,165,117,0.213675,1.279427,1.235634,0.522419,,,,,,,,GLOBAL_BASELINE_NO_ENTITY_RANKING,,,NOT_APPLICABLE_GLOBAL_BASELINE,HF9g-P5,,,,X 全窗基线 · 不参与实体赏罚,8393691,840,A168_HF9F_20260827_0900,2026-08-27 09:00:00
2026-07-16,145613033,925,0,108.4346681124,-7.7453334366,-7.7453334366,0.5000000,2,2,0.49994810000000000,0.499948100000,0.00014679536856514622,0.00014679536856514622,0.00014679536856514622,0E-17,ELIGIBLE,R03b_20260811_FULL_v1,L1_ELIGIBILITY,v2026-08-11,2026-03-21..2026-08-06,baccarat_bet02_101_all_pairs_incl_sentinel,round_win = game_pnl > 0 (decisive only),COMPATIBILITY_ONLY_NOT_PRODUCTION,36307.0055,32588.7024,482.3135,544,541,-0.01328431,-0.00682849,-0.01448415,-0.01328431,-482.3135,36307.0055,OK,0.0000,19.2925,4.0000,96.0000,AG03-UNRESOLVED,ALL5_LEVELS_bet23_to_bet27,19.2925,19.2925,24.1157,24.1157,24.1157,4.000000,4.000000,5.000000,5.000000,5.000000,96.000000,96.000000,95.000000,95.000000,95.000000,5.0,110.9321,101.2102,371.3814,381.1033,PENDING_AG03,FALSE,NOT_FOR_ENFORCEMENT,463.0210,31285.1543,482.3135,463.0210,19.2925,0.01328431,0.01275294,19.2925,463.0210,0.01275294,19.2925,19.2925,24.1157,24.1157,24.1157,463.0210,0.01275294,110.9321,101.2102,371.3814,381.1033,0.01022892,0.01049669,0.00053137,66.7408,60.2379,0.8915,19.2925,2.0970,1452.2802,21.6400,82.4672,64.4564,51.4311,63.5556,77.8372,103.2711,130.8798,158.4328,54.3647,0.0,2.059297,2.492824,1.050118,28,101,29,4,0.15672563,0.01328431,0.00682849,0E-8,0.000000,0.897587,0.000000,0.00765565,2026-03-22,2026-07-16,25,230,165,117,0.213675,1.279427,1.235634,0.522419,,,,,,,,GLOBAL_BASELINE_NO_ENTITY_RANKING,,,NOT_APPLICABLE_GLOBAL_BASELINE,HF9g-P5,,,,X 全窗基线 · 不参与实体赏罚,8393692,840,A168_HF9F_20260827_0900,2026-08-27 09:00:00
2026-06-01,150873154,-1,1,61.4601280634,-61.4601280634,-61.4601280634,0E-7,1,1,0.49324550000000000,0.493245500000,-0.9865810262130424,-0.9865810262130424,-0.9865810262130424,0E-17,SENTINEL_DEALER,R03b_20260811_FULL_v1,L1_ELIGIBILITY,v2026-08-11,2026-03-21..2026-08-06,baccarat_bet02_101_all_pairs_incl_sentinel,round_win = game_pnl > 0 (decisive only),COMPATIBILITY_ONLY_NOT_PRODUCTION,1952.8377,1810.3736,482.3206,22,22,-0.24698446,,-0.24698446,-0.24698446,-482.3206,1952.8377,THIN_EXPOSURE,0.0000,19.2928,4.0000,96.0000,AG03-UNRESOLVED,ALL5_LEVELS_bet23_to_bet27,19.2928,19.2928,24.1160,24.1160,24.1160,4.000000,4.000000,5.000000,5.000000,5.000000,96.000000,96.000000,95.000000,95.000000,95.000000,5.0,110.9337,101.2117,371.3868,381.1089,PENDING_AG03,FALSE,NOT_FOR_ENFORCEMENT,463.0277,1737.9587,482.3206,463.0277,19.2928,0.24698446,0.23710508,19.2928,463.0277,0.23710508,19.2928,19.2928,24.1160,24.1160,24.1160,463.0277,0.23710508,110.9337,101.2117,371.3868,381.1089,0.19017804,0.19515645,0.00987938,88.7654,82.2897,21.9237,120.5801,37.1016,488.2094,5.5000,,88.7654,38.5733,51.6882,128.5777,257.1553,257.1553,257.1553,50.0167,0.0,4.975124,4.975124,1.717322,11,11,3,2,0E-8,0.24698446,,0E-8,0.000000,0.927048,0.000000,,2026-06-01,2026-06-15,4,13,13,15,0.266667,,,0.000000,,,,,,,,GLOBAL_BASELINE_NO_ENTITY_RANKING,,,NOT_APPLICABLE_GLOBAL_BASELINE,HF9g-P5,,,,X 全窗基线 · 不参与实体赏罚,8393693,840,A168_HF9F_20260827_0900,2026-08-27 09:00:00
2026-06-02,150873154,1505,0,75.8608275259,-25.7155347546,-25.7155347546,0.5000000,2,2,0.50665070000000000,0.506650700000,-0.018812684590367487,-0.018812684590367487,-0.018812684590367487,0E-17,ELIGIBLE,R03b_20260811_FULL_v1,L1_ELIGIBILITY,v2026-08-11,2026-03-21..2026-08-06,baccarat_bet02_101_all_pairs_incl_sentinel,round_win = game_pnl > 0 (decisive only),COMPATIBILITY_ONLY_NOT_PRODUCTION,1952.8377,1810.3736,482.3206,22,22,-0.24698446,,-0.24698446,-0.24698446,-482.3206,1952.8377,THIN_EXPOSURE,0.0000,19.2928,4.0000,96.0000,AG03-UNRESOLVED,ALL5_LEVELS_bet23_to_bet27,19.2928,19.2928,24.1160,24.1160,24.1160,4.000000,4.000000,5.000000,5.000000,5.000000,96.000000,96.000000,95.000000,95.000000,95.000000,5.0,110.9337,101.2117,371.3868,381.1089,PENDING_AG03,FALSE,NOT_FOR_ENFORCEMENT,463.0277,1737.9587,482.3206,463.0277,19.2928,0.24698446,0.23710508,19.2928,463.0277,0.23710508,19.2928,19.2928,24.1160,24.1160,24.1160,463.0277,0.23710508,110.9337,101.2117,371.3868,381.1089,0.19017804,0.19515645,0.00987938,88.7654,82.2897,21.9237,120.5801,37.1016,488.2094,5.5000,,88.7654,38.5733,51.6882,128.5777,257.1553,257.1553,257.1553,50.0167,0.0,4.975124,4.975124,1.717322,11,11,3,2,0E-8,0.24698446,,0E-8,0.000000,0.927048,0.000000,,2026-06-01,2026-06-15,4,13,13,15,0.266667,,,0.000000,,,,,,,,GLOBAL_BASELINE_NO_ENTITY_RANKING,,,NOT_APPLICABLE_GLOBAL_BASELINE,HF9g-P5,,,,X 全窗基线 · 不参与实体赏罚,8393694,840,A168_HF9F_20260827_0900,2026-08-27 09:00:00
2026-06-05,150873154,-1,1,51.4310695091,-51.4310695091,-51.4310695091,0E-7,1,1,0.50665070000000000,0.506650700000,-1.013391052207602,-1.013391052207602,-1.013391052207602,0E-17,SENTINEL_DEALER,R03b_20260811_FULL_v1,L1_ELIGIBILITY,v2026-08-11,2026-03-21..2026-08-06,baccarat_bet02_101_all_pairs_incl_sentinel,round_win = game_pnl > 0 (decisive only),COMPATIBILITY_ONLY_NOT_PRODUCTION,1952.8377,1810.3736,482.3206,22,22,-0.24698446,,-0.24698446,-0.24698446,-482.3206,1952.8377,THIN_EXPOSURE,0.0000,19.2928,4.0000,96.0000,AG03-UNRESOLVED,ALL5_LEVELS_bet23_to_bet27,19.2928,19.2928,24.1160,24.1160,24.1160,4.000000,4.000000,5.000000,5.000000,5.000000,96.000000,96.000000,95.000000,95.000000,95.000000,5.0,110.9337,101.2117,371.3868,381.1089,PENDING_AG03,FALSE,NOT_FOR_ENFORCEMENT,463.0277,1737.9587,482.3206,463.0277,19.2928,0.24698446,0.23710508,19.2928,463.0277,0.23710508,19.2928,19.2928,24.1160,24.1160,24.1160,463.0277,0.23710508,110.9337,101.2117,371.3868,381.1089,0.19017804,0.19515645,0.00987938,88.7654,82.2897,21.9237,120.5801,37.1016,488.2094,5.5000,,88.7654,38.5733,51.6882,128.5777,257.1553,257.1553,257.1553,50.0167,0.0,4.975124,4.975124,1.717322,11,11,3,2,0E-8,0.24698446,,0E-8,0.000000,0.927048,0.000000,,2026-06-01,2026-06-15,4,13,13,15,0.266667,,,0.000000,,,,,,,,GLOBAL_BASELINE_NO_ENTITY_RANKING,,,NOT_APPLICABLE_GLOBAL_BASELINE,HF9g-P5,,,,X 全窗基线 · 不参与实体赏罚,8393695,840,A168_HF9F_20260827_0900,2026-08-27 09:00:00
2026-06-05,150873154,2129,0,38.5733021318,-38.5733021318,-38.5733021318,0E-7,1,1,0.49324550000000000,0.493245500000,-0.9865810262130424,-0.9865810262130424,-0.9865810262130424,0E-17,ELIGIBLE,R03b_20260811_FULL_v1,L1_ELIGIBILITY,v2026-08-11,2026-03-21..2026-08-06,baccarat_bet02_101_all_pairs_incl_sentinel,round_win = game_pnl > 0 (decisive only),COMPATIBILITY_ONLY_NOT_PRODUCTION,1952.8377,1810.3736,482.3206,22,22,-0.24698446,,-0.24698446,-0.24698446,-482.3206,1952.8377,THIN_EXPOSURE,0.0000,19.2928,4.0000,96.0000,AG03-UNRESOLVED,ALL5_LEVELS_bet23_to_bet27,19.2928,19.2928,24.1160,24.1160,24.1160,4.000000,4.000000,5.000000,5.000000,5.000000,96.000000,96.000000,95.000000,95.000000,95.000000,5.0,110.9337,101.2117,371.3868,381.1089,PENDING_AG03,FALSE,NOT_FOR_ENFORCEMENT,463.0277,1737.9587,482.3206,463.0277,19.2928,0.24698446,0.23710508,19.2928,463.0277,0.23710508,19.2928,19.2928,24.1160,24.1160,24.1160,463.0277,0.23710508,110.9337,101.2117,371.3868,381.1089,0.19017804,0.19515645,0.00987938,88.7654,82.2897,21.9237,120.5801,37.1016,488.2094,5.5000,,88.7654,38.5733,51.6882,128.5777,257.1553,257.1553,257.1553,50.0167,0.0,4.975124,4.975124,1.717322,11,11,3,2,0E-8,0.24698446,,0E-8,0.000000,0.927048,0.000000,,2026-06-01,2026-06-15,4,13,13,15,0.266667,,,0.000000,,,,,,,,GLOBAL_BASELINE_NO_ENTITY_RANKING,,,NOT_APPLICABLE_GLOBAL_BASELINE,HF9g-P5,,,,X 全窗基线 · 不参与实体赏罚,8393696,840,A168_HF9F_20260827_0900,2026-08-27 09:00:00
2026-06-05,150873154,2142,0,155.8361406126,49.3481111940,49.3481111940,1.0000000,3,3,0.50665070000000000,0.506650700000,0.9867858985152569,0.9867858985152569,0.9867858985152569,0E-17,ELIGIBLE,R03b_20260811_FULL_v1,L1_ELIGIBILITY,v2026-08-11,2026-03-21..2026-08-06,baccarat_bet02_101_all_pairs_incl_sentinel,round_win = game_pnl > 0 (decisive only),COMPATIBILITY_ONLY_NOT_PRODUCTION,1952.8377,1810.3736,482.3206,22,22,-0.24698446,,-0.24698446,-0.24698446,-482.3206,1952.8377,THIN_EXPOSURE,0.0000,19.2928,4.0000,96.0000,AG03-UNRESOLVED,ALL5_LEVELS_bet23_to_bet27,19.2928,19.2928,24.1160,24.1160,24.1160,4.000000,4.000000,5.000000,5.000000,5.000000,96.000000,96.000000,95.000000,95.000000,95.000000,5.0,110.9337,101.2117,371.3868,381.1089,PENDING_AG03,FALSE,NOT_FOR_ENFORCEMENT,463.0277,1737.9587,482.3206,463.0277,19.2928,0.24698446,0.23710508,19.2928,463.0277,0.23710508,19.2928,19.2928,24.1160,24.1160,24.1160,463.0277,0.23710508,110.9337,101.2117,371.3868,381.1089,0.19017804,0.19515645,0.00987938,88.7654,82.2897,21.9237,120.5801,37.1016,488.2094,5.5000,,88.7654,38.5733,51.6882,128.5777,257.1553,257.1553,257.1553,50.0167,0.0,4.975124,4.975124,1.717322,11,11,3,2,0E-8,0.24698446,,0E-8,0.000000,0.927048,0.000000,,2026-06-01,2026-06-15,4,13,13,15,0.266667,,,0.000000,,,,,,,,GLOBAL_BASELINE_NO_ENTITY_RANKING,,,NOT_APPLICABLE_GLOBAL_BASELINE,HF9g-P5,,,,X 全窗基线 · 不参与实体赏罚,8393697,840,A168_HF9F_20260827_0900,2026-08-27 09:00:00
2026-06-05,150873154,2169,0,127.0347416875,127.0347416875,127.0347416875,1.0000000,3,3,0.49324550000000000,0.493245500000,1.755609282511032,1.7556092825110319,1.755609282511032,0E-17,ELIGIBLE,R03b_20260811_FULL_v1,L1_ELIGIBILITY,v2026-08-11,2026-03-21..2026-08-06,baccarat_bet02_101_all_pairs_incl_sentinel,round_win = game_pnl > 0 (decisive only),COMPATIBILITY_ONLY_NOT_PRODUCTION,1952.8377,1810.3736,482.3206,22,22,-0.24698446,,-0.24698446,-0.24698446,-482.3206,1952.8377,THIN_EXPOSURE,0.0000,19.2928,4.0000,96.0000,AG03-UNRESOLVED,ALL5_LEVELS_bet23_to_bet27,19.2928,19.2928,24.1160,24.1160,24.1160,4.000000,4.000000,5.000000,5.000000,5.000000,96.000000,96.000000,95.000000,95.000000,95.000000,5.0,110.9337,101.2117,371.3868,381.1089,PENDING_AG03,FALSE,NOT_FOR_ENFORCEMENT,463.0277,1737.9587,482.3206,463.0277,19.2928,0.24698446,0.23710508,19.2928,463.0277,0.23710508,19.2928,19.2928,24.1160,24.1160,24.1160,463.0277,0.23710508,110.9337,101.2117,371.3868,381.1089,0.19017804,0.19515645,0.00987938,88.7654,82.2897,21.9237,120.5801,37.1016,488.2094,5.5000,,88.7654,38.5733,51.6882,128.5777,257.1553,257.1553,257.1553,50.0167,0.0,4.975124,4.975124,1.717322,11,11,3,2,0E-8,0.24698446,,0E-8,0.000000,0.927048,0.000000,,2026-06-01,2026-06-15,4,13,13,15,0.266667,,,0.000000,,,,,,,,GLOBAL_BASELINE_NO_ENTITY_RANKING,,,NOT_APPLICABLE_GLOBAL_BASELINE,HF9g-P5,,,,X 全窗基线 · 不参与实体赏罚,8393698,840,A168_HF9F_20260827_0900,2026-08-27 09:00:00
2026-06-05,150873154,2196,0,77.1466042636,-1.9286651066,-1.9286651066,0.5000000,2,2,0.50665070000000000,0.506650700000,-0.018812684590367487,-0.018812684590367487,-0.018812684590367487,0E-17,ELIGIBLE,R03b_20260811_FULL_v1,L1_ELIGIBILITY,v2026-08-11,2026-03-21..2026-08-06,baccarat_bet02_101_all_pairs_incl_sentinel,round_win = game_pnl > 0 (decisive only),COMPATIBILITY_ONLY_NOT_PRODUCTION,1952.8377,1810.3736,482.3206,22,22,-0.24698446,,-0.24698446,-0.24698446,-482.3206,1952.8377,THIN_EXPOSURE,0.0000,19.2928,4.0000,96.0000,AG03-UNRESOLVED,ALL5_LEVELS_bet23_to_bet27,19.2928,19.2928,24.1160,24.1160,24.1160,4.000000,4.000000,5.000000,5.000000,5.000000,96.000000,96.000000,95.000000,95.000000,95.000000,5.0,110.9337,101.2117,371.3868,381.1089,PENDING_AG03,FALSE,NOT_FOR_ENFORCEMENT,463.0277,1737.9587,482.3206,463.0277,19.2928,0.24698446,0.23710508,19.2928,463.0277,0.23710508,19.2928,19.2928,24.1160,24.1160,24.1160,463.0277,0.23710508,110.9337,101.2117,371.3868,381.1089,0.19017804,0.19515645,0.00987938,88.7654,82.2897,21.9237,120.5801,37.1016,488.2094,5.5000,,88.7654,38.5733,51.6882,128.5777,257.1553,257.1553,257.1553,50.0167,0.0,4.975124,4.975124,1.717322,11,11,3,2,0E-8,0.24698446,,0E-8,0.000000,0.927048,0.000000,,2026-06-01,2026-06-15,4,13,13,15,0.266667,,,0.000000,,,,,,,,GLOBAL_BASELINE_NO_ENTITY_RANKING,,,NOT_APPLICABLE_GLOBAL_BASELINE,HF9g-P5,,,,X 全窗基线 · 不参与实体赏罚,8393699,840,A168_HF9F_20260827_0900,2026-08-27 09:00:00
2026-06-05,150873154,2244,0,38.5733021318,0E-10,0E-10,,1,1,0.49324550000000000,0.493245500000,,,,0E-17,NO_DECISIVE_ROUND,R03b_20260811_FULL_v1,L1_ELIGIBILITY,v2026-08-11,2026-03-21..2026-08-06,baccarat_bet02_101_all_pairs_incl_sentinel,round_win = game_pnl > 0 (decisive only),COMPATIBILITY_ONLY_NOT_PRODUCTION,1952.8377,1810.3736,482.3206,22,22,-0.24698446,,-0.24698446,-0.24698446,-482.3206,1952.8377,THIN_EXPOSURE,0.0000,19.2928,4.0000,96.0000,AG03-UNRESOLVED,ALL5_LEVELS_bet23_to_bet27,19.2928,19.2928,24.1160,24.1160,24.1160,4.000000,4.000000,5.000000,5.000000,5.000000,96.000000,96.000000,95.000000,95.000000,95.000000,5.0,110.9337,101.2117,371.3868,381.1089,PENDING_AG03,FALSE,NOT_FOR_ENFORCEMENT,463.0277,1737.9587,482.3206,463.0277,19.2928,0.24698446,0.23710508,19.2928,463.0277,0.23710508,19.2928,19.2928,24.1160,24.1160,24.1160,463.0277,0.23710508,110.9337,101.2117,371.3868,381.1089,0.19017804,0.19515645,0.00987938,88.7654,82.2897,21.9237,120.5801,37.1016,488.2094,5.5000,,88.7654,38.5733,51.6882,128.5777,257.1553,257.1553,257.1553,50.0167,0.0,4.975124,4.975124,1.717322,11,11,3,2,0E-8,0.24698446,,0E-8,0.000000,0.927048,0.000000,,2026-06-01,2026-06-15,4,13,13,15,0.266667,,,0.000000,,,,,,,,GLOBAL_BASELINE_NO_ENTITY_RANKING,,,NOT_APPLICABLE_GLOBAL_BASELINE,HF9g-P5,,,,X 全窗基线 · 不参与实体赏罚,8393700,840,A168_HF9F_20260827_0900,2026-08-27 09:00:00
2026-06-05,150873154,789,0,41.1448556073,41.1448556073,41.1448556073,1.0000000,1,1,0.49324550000000000,0.493245500000,1.01360149184955,1.01360149184955,1.01360149184955,0E-17,ELIGIBLE,R03b_20260811_FULL_v1,L1_ELIGIBILITY,v2026-08-11,2026-03-21..2026-08-06,baccarat_bet02_101_all_pairs_incl_sentinel,round_win = game_pnl > 0 (decisive only),COMPATIBILITY_ONLY_NOT_PRODUCTION,1952.8377,1810.3736,482.3206,22,22,-0.24698446,,-0.24698446,-0.24698446,-482.3206,1952.8377,THIN_EXPOSURE,0.0000,19.2928,4.0000,96.0000,AG03-UNRESOLVED,ALL5_LEVELS_bet23_to_bet27,19.2928,19.2928,24.1160,24.1160,24.1160,4.000000,4.000000,5.000000,5.000000,5.000000,96.000000,96.000000,95.000000,95.000000,95.000000,5.0,110.9337,101.2117,371.3868,381.1089,PENDING_AG03,FALSE,NOT_FOR_ENFORCEMENT,463.0277,1737.9587,482.3206,463.0277,19.2928,0.24698446,0.23710508,19.2928,463.0277,0.23710508,19.2928,19.2928,24.1160,24.1160,24.1160,463.0277,0.23710508,110.9337,101.2117,371.3868,381.1089,0.19017804,0.19515645,0.00987938,88.7654,82.2897,21.9237,120.5801,37.1016,488.2094,5.5000,,88.7654,38.5733,51.6882,128.5777,257.1553,257.1553,257.1553,50.0167,0.0,4.975124,4.975124,1.717322,11,11,3,2,0E-8,0.24698446,,0E-8,0.000000,0.927048,0.000000,,2026-06-01,2026-06-15,4,13,13,15,0.266667,,,0.000000,,,,,,,,GLOBAL_BASELINE_NO_ENTITY_RANKING,,,NOT_APPLICABLE_GLOBAL_BASELINE,HF9g-P5,,,,X 全窗基线 · 不参与实体赏罚,8393701,840,A168_HF9F_20260827_0900,2026-08-27 09:00:00
2026-06-15,150873154,-1,1,385.7330213182,-385.7330213182,-385.7330213182,0E-7,2,2,0.49994810000000000,0.499948100000,-1.4140667746232096,-1.4140667746232096,-1.4140667746232096,0E-17,SENTINEL_DEALER,R03b_20260811_FULL_v1,L1_ELIGIBILITY,v2026-08-11,2026-03-21..2026-08-06,baccarat_bet02_101_all_pairs_incl_sentinel,round_win = game_pnl > 0 (decisive only),COMPATIBILITY_ONLY_NOT_PRODUCTION,1952.8377,1810.3736,482.3206,22,22,-0.24698446,,-0.24698446,-0.24698446,-482.3206,1952.8377,THIN_EXPOSURE,0.0000,19.2928,4.0000,96.0000,AG03-UNRESOLVED,ALL5_LEVELS_bet23_to_bet27,19.2928,19.2928,24.1160,24.1160,24.1160,4.000000,4.000000,5.000000,5.000000,5.000000,96.000000,96.000000,95.000000,95.000000,95.000000,5.0,110.9337,101.2117,371.3868,381.1089,PENDING_AG03,FALSE,NOT_FOR_ENFORCEMENT,463.0277,1737.9587,482.3206,463.0277,19.2928,0.24698446,0.23710508,19.2928,463.0277,0.23710508,19.2928,19.2928,24.1160,24.1160,24.1160,463.0277,0.23710508,110.9337,101.2117,371.3868,381.1089,0.19017804,0.19515645,0.00987938,88.7654,82.2897,21.9237,120.5801,37.1016,488.2094,5.5000,,88.7654,38.5733,51.6882,128.5777,257.1553,257.1553,257.1553,50.0167,0.0,4.975124,4.975124,1.717322,11,11,3,2,0E-8,0.24698446,,0E-8,0.000000,0.927048,0.000000,,2026-06-01,2026-06-15,4,13,13,15,0.266667,,,0.000000,,,,,,,,GLOBAL_BASELINE_NO_ENTITY_RANKING,,,NOT_APPLICABLE_GLOBAL_BASELINE,HF9g-P5,,,,X 全窗基线 · 不参与实体赏罚,8393702,840,A168_HF9F_20260827_0900,2026-08-27 09:00:00
2026-06-15,150873154,2101,0,385.7330213182,128.5776737728,128.5776737728,0.5000000,2,2,0.49324550000000000,0.493245500000,0.01910635448239258,0.01910635448239258,0.01910635448239258,0E-17,ELIGIBLE,R03b_20260811_FULL_v1,L1_ELIGIBILITY,v2026-08-11,2026-03-21..2026-08-06,baccarat_bet02_101_all_pairs_incl_sentinel,round_win = game_pnl > 0 (decisive only),COMPATIBILITY_ONLY_NOT_PRODUCTION,1952.8377,1810.3736,482.3206,22,22,-0.24698446,,-0.24698446,-0.24698446,-482.3206,1952.8377,THIN_EXPOSURE,0.0000,19.2928,4.0000,96.0000,AG03-UNRESOLVED,ALL5_LEVELS_bet23_to_bet27,19.2928,19.2928,24.1160,24.1160,24.1160,4.000000,4.000000,5.000000,5.000000,5.000000,96.000000,96.000000,95.000000,95.000000,95.000000,5.0,110.9337,101.2117,371.3868,381.1089,PENDING_AG03,FALSE,NOT_FOR_ENFORCEMENT,463.0277,1737.9587,482.3206,463.0277,19.2928,0.24698446,0.23710508,19.2928,463.0277,0.23710508,19.2928,19.2928,24.1160,24.1160,24.1160,463.0277,0.23710508,110.9337,101.2117,371.3868,381.1089,0.19017804,0.19515645,0.00987938,88.7654,82.2897,21.9237,120.5801,37.1016,488.2094,5.5000,,88.7654,38.5733,51.6882,128.5777,257.1553,257.1553,257.1553,50.0167,0.0,4.975124,4.975124,1.717322,11,11,3,2,0E-8,0.24698446,,0E-8,0.000000,0.927048,0.000000,,2026-06-01,2026-06-15,4,13,13,15,0.266667,,,0.000000,,,,,,,,GLOBAL_BASELINE_NO_ENTITY_RANKING,,,NOT_APPLICABLE_GLOBAL_BASELINE,HF9g-P5,,,,X 全窗基线 · 不参与实体赏罚,8393703,840,A168_HF9F_20260827_0900,2026-08-27 09:00:00
2026-06-15,150873154,2177,0,257.1553475454,-6.4288836886,-6.4288836886,0.5000000,2,2,0.50665070000000000,0.506650700000,-0.018812684590367487,-0.018812684590367487,-0.018812684590367487,0E-17,ELIGIBLE,R03b_20260811_FULL_v1,L1_ELIGIBILITY,v2026-08-11,2026-03-21..2026-08-06,baccarat_bet02_101_all_pairs_incl_sentinel,round_win = game_pnl > 0 (decisive only),COMPATIBILITY_ONLY_NOT_PRODUCTION,1952.8377,1810.3736,482.3206,22,22,-0.24698446,,-0.24698446,-0.24698446,-482.3206,1952.8377,THIN_EXPOSURE,0.0000,19.2928,4.0000,96.0000,AG03-UNRESOLVED,ALL5_LEVELS_bet23_to_bet27,19.2928,19.2928,24.1160,24.1160,24.1160,4.000000,4.000000,5.000000,5.000000,5.000000,96.000000,96.000000,95.000000,95.000000,95.000000,5.0,110.9337,101.2117,371.3868,381.1089,PENDING_AG03,FALSE,NOT_FOR_ENFORCEMENT,463.0277,1737.9587,482.3206,463.0277,19.2928,0.24698446,0.23710508,19.2928,463.0277,0.23710508,19.2928,19.2928,24.1160,24.1160,24.1160,463.0277,0.23710508,110.9337,101.2117,371.3868,381.1089,0.19017804,0.19515645,0.00987938,88.7654,82.2897,21.9237,120.5801,37.1016,488.2094,5.5000,,88.7654,38.5733,51.6882,128.5777,257.1553,257.1553,257.1553,50.0167,0.0,4.975124,4.975124,1.717322,11,11,3,2,0E-8,0.24698446,,0E-8,0.000000,0.927048,0.000000,,2026-06-01,2026-06-15,4,13,13,15,0.266667,,,0.000000,,,,,,,,GLOBAL_BASELINE_NO_ENTITY_RANKING,,,NOT_APPLICABLE_GLOBAL_BASELINE,HF9g-P5,,,,X 全窗基线 · 不参与实体赏罚,8393704,840,A168_HF9F_20260827_0900,2026-08-27 09:00:00
2026-06-15,150873154,2222,0,257.1553475455,-257.1553475455,-257.1553475455,0E-7,1,1,0.50665070000000000,0.506650700000,-1.013391052207602,-1.013391052207602,-1.013391052207602,0E-17,ELIGIBLE,R03b_20260811_FULL_v1,L1_ELIGIBILITY,v2026-08-11,2026-03-21..2026-08-06,baccarat_bet02_101_all_pairs_incl_sentinel,round_win = game_pnl > 0 (decisive only),COMPATIBILITY_ONLY_NOT_PRODUCTION,1952.8377,1810.3736,482.3206,22,22,-0.24698446,,-0.24698446,-0.24698446,-482.3206,1952.8377,THIN_EXPOSURE,0.0000,19.2928,4.0000,96.0000,AG03-UNRESOLVED,ALL5_LEVELS_bet23_to_bet27,19.2928,19.2928,24.1160,24.1160,24.1160,4.000000,4.000000,5.000000,5.000000,5.000000,96.000000,96.000000,95.000000,95.000000,95.000000,5.0,110.9337,101.2117,371.3868,381.1089,PENDING_AG03,FALSE,NOT_FOR_ENFORCEMENT,463.0277,1737.9587,482.3206,463.0277,19.2928,0.24698446,0.23710508,19.2928,463.0277,0.23710508,19.2928,19.2928,24.1160,24.1160,24.1160,463.0277,0.23710508,110.9337,101.2117,371.3868,381.1089,0.19017804,0.19515645,0.00987938,88.7654,82.2897,21.9237,120.5801,37.1016,488.2094,5.5000,,88.7654,38.5733,51.6882,128.5777,257.1553,257.1553,257.1553,50.0167,0.0,4.975124,4.975124,1.717322,11,11,3,2,0E-8,0.24698446,,0E-8,0.000000,0.927048,0.000000,,2026-06-01,2026-06-15,4,13,13,15,0.266667,,,0.000000,,,,,,,,GLOBAL_BASELINE_NO_ENTITY_RANKING,,,NOT_APPLICABLE_GLOBAL_BASELINE,HF9g-P5,,,,X 全窗基线 · 不参与实体赏罚,8393705,840,A168_HF9F_20260827_0900,2026-08-27 09:00:00
2026-07-16,139282778,2156,0,815.2173913044,-74.7282608696,-74.7282608696,0.5000000,9,9,0.50069283333333333,0.500692833333,-0.003394179545452848,-0.0033941795438198656,-0.003394179545452848,3.3333E-13,ELIGIBLE,R03b_20260811_FULL_v1,L1_ELIGIBILITY,v2026-08-11,2026-03-21..2026-08-06,baccarat_bet02_101_all_pairs_incl_sentinel,round_win = game_pnl > 0 (decisive only),COMPATIBILITY_ONLY_NOT_PRODUCTION,1630.4348,1426.6304,482.3370,20,20,-0.29583333,-0.29583333,,-0.29583333,-482.3370,1630.4348,THIN_EXPOSURE,0.0000,19.2935,4.0000,96.0000,AG03-UNRESOLVED,ALL5_LEVELS_bet23_to_bet27,19.2935,19.2935,19.2935,24.1168,24.1168,4.000000,4.000000,4.000000,5.000000,5.000000,96.000000,96.000000,96.000000,95.000000,95.000000,5.0,106.1141,97.2033,376.2228,385.1336,PENDING_AG03,FALSE,NOT_FOR_ENFORCEMENT,463.0435,1369.5652,482.3370,463.0435,19.2935,0.29583333,0.28400000,19.2935,463.0435,0.28400000,19.2935,19.2935,19.2935,24.1168,24.1168,463.0435,0.28400000,106.1141,97.2033,376.2228,385.1336,0.23075000,0.2362153,0.01183333,81.5217,71.3315,24.1168,482.3370,241.1685,1630.4348,20.0000,81.5217,,67.9348,67.9348,67.9348,135.8696,135.8696,135.8696,67.9348,-67.9348,2.0,2.0,1.2,2,3,1,2,1.00000000,0.29583333,0.29583333,0E-8,0.000000,0.875000,0.000000,,2026-07-16,2026-07-16,1,2,2,1,1.000000,,1.000000,3.333333,,,,,,,,GLOBAL_BASELINE_NO_ENTITY_RANKING,,,NOT_APPLICABLE_GLOBAL_BASELINE,HF9g-P5,,,,X 全窗基线 · 不参与实体赏罚,8393706,840,A168_HF9F_20260827_0900,2026-08-27 09:00:00
2026-07-16,139282778,2248,0,611.4130434783,-203.8043478261,-203.8043478261,0.2500000,8,8,0.49827245000000000,0.498272450000,-1.404449446798726,-1.404449446798726,-1.404449446798726,0E-17,ELIGIBLE,R03b_20260811_FULL_v1,L1_ELIGIBILITY,v2026-08-11,2026-03-21..2026-08-06,baccarat_bet02_101_all_pairs_incl_sentinel,round_win = game_pnl > 0 (decisive only),COMPATIBILITY_ONLY_NOT_PRODUCTION,1630.4348,1426.6304,482.3370,20,20,-0.29583333,-0.29583333,,-0.29583333,-482.3370,1630.4348,THIN_EXPOSURE,0.0000,19.2935,4.0000,96.0000,AG03-UNRESOLVED,ALL5_LEVELS_bet23_to_bet27,19.2935,19.2935,19.2935,24.1168,24.1168,4.000000,4.000000,4.000000,5.000000,5.000000,96.000000,96.000000,96.000000,95.000000,95.000000,5.0,106.1141,97.2033,376.2228,385.1336,PENDING_AG03,FALSE,NOT_FOR_ENFORCEMENT,463.0435,1369.5652,482.3370,463.0435,19.2935,0.29583333,0.28400000,19.2935,463.0435,0.28400000,19.2935,19.2935,19.2935,24.1168,24.1168,463.0435,0.28400000,106.1141,97.2033,376.2228,385.1336,0.23075000,0.2362153,0.01183333,81.5217,71.3315,24.1168,482.3370,241.1685,1630.4348,20.0000,81.5217,,67.9348,67.9348,67.9348,135.8696,135.8696,135.8696,67.9348,-67.9348,2.0,2.0,1.2,2,3,1,2,1.00000000,0.29583333,0.29583333,0E-8,0.000000,0.875000,0.000000,,2026-07-16,2026-07-16,1,2,2,1,1.000000,,1.000000,3.333333,,,,,,,,GLOBAL_BASELINE_NO_ENTITY_RANKING,,,NOT_APPLICABLE_GLOBAL_BASELINE,HF9g-P5,,,,X 全窗基线 · 不参与实体赏罚,8393707,840,A168_HF9F_20260827_0900,2026-08-27 09:00:00
2026-07-16,139282778,925,0,203.8043478261,-203.8043478261,-203.8043478261,0E-7,3,3,0.49771390000000000,0.497713900000,-1.724149546644903,-1.724149546644903,-1.724149546644903,0E-17,ELIGIBLE,R03b_20260811_FULL_v1,L1_ELIGIBILITY,v2026-08-11,2026-03-21..2026-08-06,baccarat_bet02_101_all_pairs_incl_sentinel,round_win = game_pnl > 0 (decisive only),COMPATIBILITY_ONLY_NOT_PRODUCTION,1630.4348,1426.6304,482.3370,20,20,-0.29583333,-0.29583333,,-0.29583333,-482.3370,1630.4348,THIN_EXPOSURE,0.0000,19.2935,4.0000,96.0000,AG03-UNRESOLVED,ALL5_LEVELS_bet23_to_bet27,19.2935,19.2935,19.2935,24.1168,24.1168,4.000000,4.000000,4.000000,5.000000,5.000000,96.000000,96.000000,96.000000,95.000000,95.000000,5.0,106.1141,97.2033,376.2228,385.1336,PENDING_AG03,FALSE,NOT_FOR_ENFORCEMENT,463.0435,1369.5652,482.3370,463.0435,19.2935,0.29583333,0.28400000,19.2935,463.0435,0.28400000,19.2935,19.2935,19.2935,24.1168,24.1168,463.0435,0.28400000,106.1141,97.2033,376.2228,385.1336,0.23075000,0.2362153,0.01183333,81.5217,71.3315,24.1168,482.3370,241.1685,1630.4348,20.0000,81.5217,,67.9348,67.9348,67.9348,135.8696,135.8696,135.8696,67.9348,-67.9348,2.0,2.0,1.2,2,3,1,2,1.00000000,0.29583333,0.29583333,0E-8,0.000000,0.875000,0.000000,,2026-07-16,2026-07-16,1,2,2,1,1.000000,,1.000000,3.333333,,,,,,,,GLOBAL_BASELINE_NO_ENTITY_RANKING,,,NOT_APPLICABLE_GLOBAL_BASELINE,HF9g-P5,,,,X 全窗基线 · 不参与实体赏罚,8393708,840,A168_HF9F_20260827_0900,2026-08-27 09:00:00
2026-05-11,149872741,1396,0,68.9061154177,1E-10,1E-10,0.3333333,3,3,0.22748370000000000,0.227483700000,0.43734182986708897,0.43734182986708897,0.43734182986708897,0E-17,ELIGIBLE,R03b_20260811_FULL_v1,L1_ELIGIBILITY,v2026-08-11,2026-03-21..2026-08-06,baccarat_bet02_101_all_pairs_incl_sentinel,round_win = game_pnl > 0 (decisive only),COMPATIBILITY_ONLY_NOT_PRODUCTION,585.7020,585.7020,482.3428,18,18,-0.82352941,,-0.82352941,-0.82352941,-482.3428,585.7020,THIN_EXPOSURE,0.0000,19.2937,4.0000,96.0000,AG03-UNRESOLVED,ALL5_LEVELS_bet23_to_bet27,19.2937,19.2937,24.1171,0.0000,0.0000,4.000000,4.000000,5.000000,0.000000,0.000000,96.000000,96.000000,95.000000,100.000000,100.000000,5.0,62.7046,60.042,419.6382,422.3008,PENDING_AG03,FALSE,NOT_FOR_ENFORCEMENT,463.0491,562.2739,482.3428,463.0491,19.2937,0.82352941,0.79058824,19.2937,463.0491,0.79058824,19.2937,19.2937,24.1171,0.0000,0.0000,463.0491,0.79058824,62.7046,60.042,419.6382,422.3008,0.71647059,0.72101647,0.03294118,32.5390,32.5390,26.7968,241.1714,96.4686,292.8510,9.0000,,32.5390,17.2265,25.8398,34.4531,75.7967,86.1326,86.1326,25.8398,-17.2265,3.333333,3.333333,1.259259,4,5,1,3,0E-8,0.82352941,,0E-8,0.000000,1.000000,0.000000,,2026-05-11,2026-05-12,2,5,5,2,1.000000,,,0.000000,,,,,,,,GLOBAL_BASELINE_NO_ENTITY_RANKING,,,NOT_APPLICABLE_GLOBAL_BASELINE,HF9g-P5,,,,X 全窗基线 · 不参与实体赏罚,8393709,840,A168_HF9F_20260827_0900,2026-08-27 09:00:00
2026-05-11,149872741,2123,0,51.6795865633,-51.6795865633,-51.6795865633,0E-7,2,2,0.30062675000000000,0.300626750000,-0.9272018728036208,-0.9272018728036208,-0.9272018728036208,0E-17,ELIGIBLE,R03b_20260811_FULL_v1,L1_ELIGIBILITY,v2026-08-11,2026-03-21..2026-08-06,baccarat_bet02_101_all_pairs_incl_sentinel,round_win = game_pnl > 0 (decisive only),COMPATIBILITY_ONLY_NOT_PRODUCTION,585.7020,585.7020,482.3428,18,18,-0.82352941,,-0.82352941,-0.82352941,-482.3428,585.7020,THIN_EXPOSURE,0.0000,19.2937,4.0000,96.0000,AG03-UNRESOLVED,ALL5_LEVELS_bet23_to_bet27,19.2937,19.2937,24.1171,0.0000,0.0000,4.000000,4.000000,5.000000,0.000000,0.000000,96.000000,96.000000,95.000000,100.000000,100.000000,5.0,62.7046,60.042,419.6382,422.3008,PENDING_AG03,FALSE,NOT_FOR_ENFORCEMENT,463.0491,562.2739,482.3428,463.0491,19.2937,0.82352941,0.79058824,19.2937,463.0491,0.79058824,19.2937,19.2937,24.1171,0.0000,0.0000,463.0491,0.79058824,62.7046,60.042,419.6382,422.3008,0.71647059,0.72101647,0.03294118,32.5390,32.5390,26.7968,241.1714,96.4686,292.8510,9.0000,,32.5390,17.2265,25.8398,34.4531,75.7967,86.1326,86.1326,25.8398,-17.2265,3.333333,3.333333,1.259259,4,5,1,3,0E-8,0.82352941,,0E-8,0.000000,1.000000,0.000000,,2026-05-11,2026-05-12,2,5,5,2,1.000000,,,0.000000,,,,,,,,GLOBAL_BASELINE_NO_ENTITY_RANKING,,,NOT_APPLICABLE_GLOBAL_BASELINE,HF9g-P5,,,,X 全窗基线 · 不参与实体赏罚,8393710,840,A168_HF9F_20260827_0900,2026-08-27 09:00:00
2026-05-11,149872741,462,0,86.1326442722,-86.1326442722,-86.1326442722,0E-7,3,3,0.36930140000000000,0.369301400000,-1.3253792617742453,-1.3253792617742453,-1.3253792617742453,0E-17,ELIGIBLE,R03b_20260811_FULL_v1,L1_ELIGIBILITY,v2026-08-11,2026-03-21..2026-08-06,baccarat_bet02_101_all_pairs_incl_sentinel,round_win = game_pnl > 0 (decisive only),COMPATIBILITY_ONLY_NOT_PRODUCTION,585.7020,585.7020,482.3428,18,18,-0.82352941,,-0.82352941,-0.82352941,-482.3428,585.7020,THIN_EXPOSURE,0.0000,19.2937,4.0000,96.0000,AG03-UNRESOLVED,ALL5_LEVELS_bet23_to_bet27,19.2937,19.2937,24.1171,0.0000,0.0000,4.000000,4.000000,5.000000,0.000000,0.000000,96.000000,96.000000,95.000000,100.000000,100.000000,5.0,62.7046,60.042,419.6382,422.3008,PENDING_AG03,FALSE,NOT_FOR_ENFORCEMENT,463.0491,562.2739,482.3428,463.0491,19.2937,0.82352941,0.79058824,19.2937,463.0491,0.79058824,19.2937,19.2937,24.1171,0.0000,0.0000,463.0491,0.79058824,62.7046,60.042,419.6382,422.3008,0.71647059,0.72101647,0.03294118,32.5390,32.5390,26.7968,241.1714,96.4686,292.8510,9.0000,,32.5390,17.2265,25.8398,34.4531,75.7967,86.1326,86.1326,25.8398,-17.2265,3.333333,3.333333,1.259259,4,5,1,3,0E-8,0.82352941,,0E-8,0.000000,1.000000,0.000000,,2026-05-11,2026-05-12,2,5,5,2,1.000000,,,0.000000,,,,,,,,GLOBAL_BASELINE_NO_ENTITY_RANKING,,,NOT_APPLICABLE_GLOBAL_BASELINE,HF9g-P5,,,,X 全窗基线 · 不参与实体赏罚,8393711,840,A168_HF9F_20260827_0900,2026-08-27 09:00:00
2026-05-11,149872741,948,0,120.5857019810,-86.1326442722,-86.1326442722,0.2000000,5,5,0.25405988000000000,0.254059880000,-0.27767709177816613,-0.27767709177816613,-0.27767709177816613,0E-17,ELIGIBLE,R03b_20260811_FULL_v1,L1_ELIGIBILITY,v2026-08-11,2026-03-21..2026-08-06,baccarat_bet02_101_all_pairs_incl_sentinel,round_win = game_pnl > 0 (decisive only),COMPATIBILITY_ONLY_NOT_PRODUCTION,585.7020,585.7020,482.3428,18,18,-0.82352941,,-0.82352941,-0.82352941,-482.3428,585.7020,THIN_EXPOSURE,0.0000,19.2937,4.0000,96.0000,AG03-UNRESOLVED,ALL5_LEVELS_bet23_to_bet27,19.2937,19.2937,24.1171,0.0000,0.0000,4.000000,4.000000,5.000000,0.000000,0.000000,96.000000,96.000000,95.000000,100.000000,100.000000,5.0,62.7046,60.042,419.6382,422.3008,PENDING_AG03,FALSE,NOT_FOR_ENFORCEMENT,463.0491,562.2739,482.3428,463.0491,19.2937,0.82352941,0.79058824,19.2937,463.0491,0.79058824,19.2937,19.2937,24.1171,0.0000,0.0000,463.0491,0.79058824,62.7046,60.042,419.6382,422.3008,0.71647059,0.72101647,0.03294118,32.5390,32.5390,26.7968,241.1714,96.4686,292.8510,9.0000,,32.5390,17.2265,25.8398,34.4531,75.7967,86.1326,86.1326,25.8398,-17.2265,3.333333,3.333333,1.259259,4,5,1,3,0E-8,0.82352941,,0E-8,0.000000,1.000000,0.000000,,2026-05-11,2026-05-12,2,5,5,2,1.000000,,,0.000000,,,,,,,,GLOBAL_BASELINE_NO_ENTITY_RANKING,,,NOT_APPLICABLE_GLOBAL_BASELINE,HF9g-P5,,,,X 全窗基线 · 不参与实体赏罚,8393712,840,A168_HF9F_20260827_0900,2026-08-27 09:00:00
2026-05-12,149872741,1384,0,86.1326442721,-86.1326442721,-86.1326442721,0E-7,3,3,0.36036460000000000,0.360364600000,-1.300066126134627,-1.300066126134627,-1.300066126134627,0E-17,ELIGIBLE,R03b_20260811_FULL_v1,L1_ELIGIBILITY,v2026-08-11,2026-03-21..2026-08-06,baccarat_bet02_101_all_pairs_incl_sentinel,round_win = game_pnl > 0 (decisive only),COMPATIBILITY_ONLY_NOT_PRODUCTION,585.7020,585.7020,482.3428,18,18,-0.82352941,,-0.82352941,-0.82352941,-482.3428,585.7020,THIN_EXPOSURE,0.0000,19.2937,4.0000,96.0000,AG03-UNRESOLVED,ALL5_LEVELS_bet23_to_bet27,19.2937,19.2937,24.1171,0.0000,0.0000,4.000000,4.000000,5.000000,0.000000,0.000000,96.000000,96.000000,95.000000,100.000000,100.000000,5.0,62.7046,60.042,419.6382,422.3008,PENDING_AG03,FALSE,NOT_FOR_ENFORCEMENT,463.0491,562.2739,482.3428,463.0491,19.2937,0.82352941,0.79058824,19.2937,463.0491,0.79058824,19.2937,19.2937,24.1171,0.0000,0.0000,463.0491,0.79058824,62.7046,60.042,419.6382,422.3008,0.71647059,0.72101647,0.03294118,32.5390,32.5390,26.7968,241.1714,96.4686,292.8510,9.0000,,32.5390,17.2265,25.8398,34.4531,75.7967,86.1326,86.1326,25.8398,-17.2265,3.333333,3.333333,1.259259,4,5,1,3,0E-8,0.82352941,,0E-8,0.000000,1.000000,0.000000,,2026-05-11,2026-05-12,2,5,5,2,1.000000,,,0.000000,,,,,,,,GLOBAL_BASELINE_NO_ENTITY_RANKING,,,NOT_APPLICABLE_GLOBAL_BASELINE,HF9g-P5,,,,X 全窗基线 · 不参与实体赏罚,8393713,840,A168_HF9F_20260827_0900,2026-08-27 09:00:00
2026-05-12,149872741,1396,0,172.2652885444,-172.2652885444,-172.2652885444,0E-7,2,2,0.50665070000000000,0.506650700000,-1.4331513700195317,-1.4331513700195317,-1.4331513700195317,0E-17,ELIGIBLE,R03b_20260811_FULL_v1,L1_ELIGIBILITY,v2026-08-11,2026-03-21..2026-08-06,baccarat_bet02_101_all_pairs_incl_sentinel,round_win = game_pnl > 0 (decisive only),COMPATIBILITY_ONLY_NOT_PRODUCTION,585.7020,585.7020,482.3428,18,18,-0.82352941,,-0.82352941,-0.82352941,-482.3428,585.7020,THIN_EXPOSURE,0.0000,19.2937,4.0000,96.0000,AG03-UNRESOLVED,ALL5_LEVELS_bet23_to_bet27,19.2937,19.2937,24.1171,0.0000,0.0000,4.000000,4.000000,5.000000,0.000000,0.000000,96.000000,96.000000,95.000000,100.000000,100.000000,5.0,62.7046,60.042,419.6382,422.3008,PENDING_AG03,FALSE,NOT_FOR_ENFORCEMENT,463.0491,562.2739,482.3428,463.0491,19.2937,0.82352941,0.79058824,19.2937,463.0491,0.79058824,19.2937,19.2937,24.1171,0.0000,0.0000,463.0491,0.79058824,62.7046,60.042,419.6382,422.3008,0.71647059,0.72101647,0.03294118,32.5390,32.5390,26.7968,241.1714,96.4686,292.8510,9.0000,,32.5390,17.2265,25.8398,34.4531,75.7967,86.1326,86.1326,25.8398,-17.2265,3.333333,3.333333,1.259259,4,5,1,3,0E-8,0.82352941,,0E-8,0.000000,1.000000,0.000000,,2026-05-11,2026-05-12,2,5,5,2,1.000000,,,0.000000,,,,,,,,GLOBAL_BASELINE_NO_ENTITY_RANKING,,,NOT_APPLICABLE_GLOBAL_BASELINE,HF9g-P5,,,,X 全窗基线 · 不参与实体赏罚,8393714,840,A168_HF9F_20260827_0900,2026-08-27 09:00:00
2026-03-24,145480229,2244,0,440.1795932741,-440.1795932741,-440.1795932741,0E-7,1,1,0.49324550000000000,0.493245500000,-0.9865810262130424,-0.9865810262130424,-0.9865810262130424,0E-17,ELIGIBLE,R03b_20260811_FULL_v1,L1_ELIGIBILITY,v2026-08-11,2026-03-21..2026-08-06,baccarat_bet02_101_all_pairs_incl_sentinel,round_win = game_pnl > 0 (decisive only),COMPATIBILITY_ONLY_NOT_PRODUCTION,566.6738,566.6738,482.3443,3,3,-0.85118515,,-0.85118515,-0.85118515,-482.3443,566.6738,THIN_EXPOSURE,0.0000,19.2938,4.0000,96.0000,AG03-UNRESOLVED,ALL5_LEVELS_bet23_to_bet27,19.2938,19.2938,19.2938,19.2938,19.2938,4.000000,4.000000,4.000000,4.000000,4.000000,96.000000,96.000000,96.000000,96.000000,96.000000,5.0,96.4689,89.0539,385.8755,393.2904,PENDING_AG03,FALSE,NOT_FOR_ENFORCEMENT,463.0506,544.0069,482.3443,463.0506,19.2938,0.85118515,0.81713775,19.2938,463.0506,0.81713775,19.2938,19.2938,19.2938,19.2938,19.2938,463.0506,0.81713775,96.4689,89.0539,385.8755,393.2904,0.68094812,0.69403314,0.03404741,188.8913,188.8913,160.7814,241.1722,241.1722,283.3369,1.5000,,188.8913,52.7059,84.3295,351.2171,440.1796,440.1796,440.1796,84.3295,-84.3295,5.21976,5.21976,2.23992,1,2,2,2,0E-8,0.85118515,,0E-8,0.000000,1.000000,1.000000,,2026-03-24,2026-03-31,2,2,2,8,0.250000,,,0.000000,,,,,,,,GLOBAL_BASELINE_NO_ENTITY_RANKING,,,NOT_APPLICABLE_GLOBAL_BASELINE,HF9g-P5,,,,X 全窗基线 · 不参与实体赏罚,8393715,840,A168_HF9F_20260827_0900,2026-08-27 09:00:00
2026-03-31,145480229,1935,0,126.4942128897,-42.1647376299,-42.1647376299,0.5000000,2,2,0.49994810000000000,0.499948100000,0.00014679536856514622,0.00014679536856514622,0.00014679536856514622,0E-17,ELIGIBLE,R03b_20260811_FULL_v1,L1_ELIGIBILITY,v2026-08-11,2026-03-21..2026-08-06,baccarat_bet02_101_all_pairs_incl_sentinel,round_win = game_pnl > 0 (decisive only),COMPATIBILITY_ONLY_NOT_PRODUCTION,566.6738,566.6738,482.3443,3,3,-0.85118515,,-0.85118515,-0.85118515,-482.3443,566.6738,THIN_EXPOSURE,0.0000,19.2938,4.0000,96.0000,AG03-UNRESOLVED,ALL5_LEVELS_bet23_to_bet27,19.2938,19.2938,19.2938,19.2938,19.2938,4.000000,4.000000,4.000000,4.000000,4.000000,96.000000,96.000000,96.000000,96.000000,96.000000,5.0,96.4689,89.0539,385.8755,393.2904,PENDING_AG03,FALSE,NOT_FOR_ENFORCEMENT,463.0506,544.0069,482.3443,463.0506,19.2938,0.85118515,0.81713775,19.2938,463.0506,0.81713775,19.2938,19.2938,19.2938,19.2938,19.2938,463.0506,0.81713775,96.4689,89.0539,385.8755,393.2904,0.68094812,0.69403314,0.03404741,188.8913,188.8913,160.7814,241.1722,241.1722,283.3369,1.5000,,188.8913,52.7059,84.3295,351.2171,440.1796,440.1796,440.1796,84.3295,-84.3295,5.21976,5.21976,2.23992,1,2,2,2,0E-8,0.85118515,,0E-8,0.000000,1.000000,1.000000,,2026-03-24,2026-03-31,2,2,2,8,0.250000,,,0.000000,,,,,,,,GLOBAL_BASELINE_NO_ENTITY_RANKING,,,NOT_APPLICABLE_GLOBAL_BASELINE,HF9g-P5,,,,X 全窗基线 · 不参与实体赏罚,8393716,840,A168_HF9F_20260827_0900,2026-08-27 09:00:00
2026-05-02,149030196,1402,0,477.4012765295,-477.4012765295,-477.4012765295,0E-7,2,2,0.49324550000000000,0.493245500000,-1.3952362676504506,-1.3952362676504506,-1.3952362676504506,0E-17,ELIGIBLE,R03b_20260811_FULL_v1,L1_ELIGIBILITY,v2026-08-11,2026-03-21..2026-08-06,baccarat_bet02_101_all_pairs_incl_sentinel,round_win = game_pnl > 0 (decisive only),COMPATIBILITY_ONLY_NOT_PRODUCTION,477.4013,477.4013,477.4013,2,2,-1.00000000,,-1.00000000,-1.00000000,-477.4013,477.4013,THIN_EXPOSURE,0.0000,14.3220,3.0000,97.0000,AG03-UNRESOLVED,ALL5_LEVELS_bet23_to_bet27,14.3220,14.3220,14.3220,19.0961,19.0961,3.000000,3.000000,3.000000,4.000000,4.000000,97.000000,97.000000,97.000000,96.000000,96.000000,5.0,81.1582,75.8498,396.2431,401.5515,PENDING_AG03,FALSE,NOT_FOR_ENFORCEMENT,463.0792,463.0792,477.4013,463.0792,14.3220,1.00000000,0.97000000,14.3220,463.0792,0.97000000,14.3220,14.3220,14.3220,19.0961,19.0961,463.0792,0.97000000,81.1582,75.8498,396.2431,401.5515,0.83000000,0.84111944,0.03000000,238.7006,238.7006,238.7006,477.4013,477.4013,477.4013,2.0000,,238.7006,217.9441,238.7006,259.4572,259.4572,259.4572,259.4572,238.7006,-238.7006,1.086957,1.086957,1.0,1,1,1,1,0E-8,1.00000000,,0E-8,0.000000,1.000000,0.000000,,2026-05-02,2026-05-02,1,1,1,1,1.000000,,,0.000000,,,,,,,,GLOBAL_BASELINE_NO_ENTITY_RANKING,,,NOT_APPLICABLE_GLOBAL_BASELINE,HF9g-P5,,,,X 全窗基线 · 不参与实体赏罚,8393717,840,A168_HF9F_20260827_0900,2026-08-27 09:00:00
2026-04-20,134576327,1094,0,187.6330824532,-124.9130352286,-124.9130352286,0.2857143,7,7,0.49899058571428571,0.498990585714,-1.1285544004973334,-1.1285544004958228,-1.1285544004973334,2.8571E-13,ELIGIBLE,R03b_20260811_FULL_v1,L1_ELIGIBILITY,v2026-08-11,2026-03-21..2026-08-06,baccarat_bet02_101_all_pairs_incl_sentinel,round_win = game_pnl > 0 (decisive only),COMPATIBILITY_ONLY_NOT_PRODUCTION,856.4757,831.2301,482.3992,45,34,-0.56323754,,-0.56323754,-0.56323754,-482.3992,856.4757,OK,0.0000,19.2960,4.0000,96.0000,AG03-UNRESOLVED,ALL5_LEVELS_bet23_to_bet27,19.2960,19.2960,21.7080,21.7080,21.7080,4.000000,4.000000,4.500000,4.500000,4.500000,96.000000,96.000000,95.500000,95.500000,95.500000,5.0,103.7158,95.178,378.6834,387.2213,PENDING_AG03,FALSE,NOT_FOR_ENFORCEMENT,463.1033,797.9809,482.3992,463.1033,19.2960,0.56323754,0.54070804,19.2960,463.1033,0.54070804,19.2960,19.2960,21.7080,21.7080,21.7080,463.1033,0.54070804,103.7158,95.178,378.6834,387.2213,0.44214147,0.45211007,0.02252950,19.0328,24.4479,14.1882,96.4798,96.4798,171.2951,6.8000,,19.0328,10.5031,12.6494,21.0824,42.1647,43.2189,73.5217,12.6494,-10.5031,3.416667,5.812257,1.504637,4,5,7,3,0E-8,0.56323754,,0E-8,0.000000,0.970524,0.000000,,2026-04-20,2026-05-28,5,5,5,39,0.128205,,,0.000000,,,,,,,,GLOBAL_BASELINE_NO_ENTITY_RANKING,,,NOT_APPLICABLE_GLOBAL_BASELINE,HF9g-P5,,,,X 全窗基线 · 不参与实体赏罚,8393718,840,A168_HF9F_20260827_0900,2026-08-27 09:00:00
2026-04-30,134576327,2145,0,234.0142938463,-105.4118440749,-105.4118440749,0.2857143,13,7,0.39201963952376724,0.324313657143,-0.5761100740412614,-0.2181594666585515,-0.5761100740412614,0.06770598238076724,ELIGIBLE,R03b_20260811_FULL_v1,L1_ELIGIBILITY,v2026-08-11,2026-03-21..2026-08-06,baccarat_bet02_101_all_pairs_incl_sentinel,round_win = game_pnl > 0 (decisive only),COMPATIBILITY_ONLY_NOT_PRODUCTION,856.4757,831.2301,482.3992,45,34,-0.56323754,,-0.56323754,-0.56323754,-482.3992,856.4757,OK,0.0000,19.2960,4.0000,96.0000,AG03-UNRESOLVED,ALL5_LEVELS_bet23_to_bet27,19.2960,19.2960,21.7080,21.7080,21.7080,4.000000,4.000000,4.500000,4.500000,4.500000,96.000000,96.000000,95.500000,95.500000,95.500000,5.0,103.7158,95.178,378.6834,387.2213,PENDING_AG03,FALSE,NOT_FOR_ENFORCEMENT,463.1033,797.9809,482.3992,463.1033,19.2960,0.56323754,0.54070804,19.2960,463.1033,0.54070804,19.2960,19.2960,21.7080,21.7080,21.7080,463.1033,0.54070804,103.7158,95.178,378.6834,387.2213,0.44214147,0.45211007,0.02252950,19.0328,24.4479,14.1882,96.4798,96.4798,171.2951,6.8000,,19.0328,10.5031,12.6494,21.0824,42.1647,43.2189,73.5217,12.6494,-10.5031,3.416667,5.812257,1.504637,4,5,7,3,0E-8,0.56323754,,0E-8,0.000000,0.970524,0.000000,,2026-04-20,2026-05-28,5,5,5,39,0.128205,,,0.000000,,,,,,,,GLOBAL_BASELINE_NO_ENTITY_RANKING,,,NOT_APPLICABLE_GLOBAL_BASELINE,HF9g-P5,,,,X 全窗基线 · 不参与实体赏罚,8393719,840,A168_HF9F_20260827_0900,2026-08-27 09:00:00
2026-05-04,134576327,1291,0,140.7415187480,-84.0247873122,-84.0247873122,0.2000000,9,7,0.41324797857152774,0.384135157143,-0.9683609305080851,-0.8465195339118651,-0.9683609305080851,0.02911282142852774,ELIGIBLE,R03b_20260811_FULL_v1,L1_ELIGIBILITY,v2026-08-11,2026-03-21..2026-08-06,baccarat_bet02_101_all_pairs_incl_sentinel,round_win = game_pnl > 0 (decisive only),COMPATIBILITY_ONLY_NOT_PRODUCTION,856.4757,831.2301,482.3992,45,34,-0.56323754,,-0.56323754,-0.56323754,-482.3992,856.4757,OK,0.0000,19.2960,4.0000,96.0000,AG03-UNRESOLVED,ALL5_LEVELS_bet23_to_bet27,19.2960,19.2960,21.7080,21.7080,21.7080,4.000000,4.000000,4.500000,4.500000,4.500000,96.000000,96.000000,95.500000,95.500000,95.500000,5.0,103.7158,95.178,378.6834,387.2213,PENDING_AG03,FALSE,NOT_FOR_ENFORCEMENT,463.1033,797.9809,482.3992,463.1033,19.2960,0.56323754,0.54070804,19.2960,463.1033,0.54070804,19.2960,19.2960,21.7080,21.7080,21.7080,463.1033,0.54070804,103.7158,95.178,378.6834,387.2213,0.44214147,0.45211007,0.02252950,19.0328,24.4479,14.1882,96.4798,96.4798,171.2951,6.8000,,19.0328,10.5031,12.6494,21.0824,42.1647,43.2189,73.5217,12.6494,-10.5031,3.416667,5.812257,1.504637,4,5,7,3,0E-8,0.56323754,,0E-8,0.000000,0.970524,0.000000,,2026-04-20,2026-05-28,5,5,5,39,0.128205,,,0.000000,,,,,,,,GLOBAL_BASELINE_NO_ENTITY_RANKING,,,NOT_APPLICABLE_GLOBAL_BASELINE,HF9g-P5,,,,X 全窗基线 · 不参与实体赏罚,8393720,840,A168_HF9F_20260827_0900,2026-08-27 09:00:00
2026-05-08,134576327,1405,0,252.0743619367,-126.0371809683,-126.0371809683,0.4000000,12,10,0.48033645625005403,0.458743310000,-0.5084857310029357,-0.372796566166499,-0.5084857310029357,0.02159314625005403,ELIGIBLE,R03b_20260811_FULL_v1,L1_ELIGIBILITY,v2026-08-11,2026-03-21..2026-08-06,baccarat_bet02_101_all_pairs_incl_sentinel,round_win = game_pnl > 0 (decisive only),COMPATIBILITY_ONLY_NOT_PRODUCTION,856.4757,831.2301,482.3992,45,34,-0.56323754,,-0.56323754,-0.56323754,-482.3992,856.4757,OK,0.0000,19.2960,4.0000,96.0000,AG03-UNRESOLVED,ALL5_LEVELS_bet23_to_bet27,19.2960,19.2960,21.7080,21.7080,21.7080,4.000000,4.000000,4.500000,4.500000,4.500000,96.000000,96.000000,95.500000,95.500000,95.500000,5.0,103.7158,95.178,378.6834,387.2213,PENDING_AG03,FALSE,NOT_FOR_ENFORCEMENT,463.1033,797.9809,482.3992,463.1033,19.2960,0.56323754,0.54070804,19.2960,463.1033,0.54070804,19.2960,19.2960,21.7080,21.7080,21.7080,463.1033,0.54070804,103.7158,95.178,378.6834,387.2213,0.44214147,0.45211007,0.02252950,19.0328,24.4479,14.1882,96.4798,96.4798,171.2951,6.8000,,19.0328,10.5031,12.6494,21.0824,42.1647,43.2189,73.5217,12.6494,-10.5031,3.416667,5.812257,1.504637,4,5,7,3,0E-8,0.56323754,,0E-8,0.000000,0.970524,0.000000,,2026-04-20,2026-05-28,5,5,5,39,0.128205,,,0.000000,,,,,,,,GLOBAL_BASELINE_NO_ENTITY_RANKING,,,NOT_APPLICABLE_GLOBAL_BASELINE,HF9g-P5,,,,X 全窗基线 · 不参与实体赏罚,8393721,840,A168_HF9F_20260827_0900,2026-08-27 09:00:00
2026-05-28,134576327,994,0,42.0123936561,-42.0123936561,-42.0123936561,0E-7,4,3,0.45342026666680724,0.431273450000,-1.5775543450786524,-1.5082913394543875,-1.5775543450786524,0.02214681666680724,ELIGIBLE,R03b_20260811_FULL_v1,L1_ELIGIBILITY,v2026-08-11,2026-03-21..2026-08-06,baccarat_bet02_101_all_pairs_incl_sentinel,round_win = game_pnl > 0 (decisive only),COMPATIBILITY_ONLY_NOT_PRODUCTION,856.4757,831.2301,482.3992,45,34,-0.56323754,,-0.56323754,-0.56323754,-482.3992,856.4757,OK,0.0000,19.2960,4.0000,96.0000,AG03-UNRESOLVED,ALL5_LEVELS_bet23_to_bet27,19.2960,19.2960,21.7080,21.7080,21.7080,4.000000,4.000000,4.500000,4.500000,4.500000,96.000000,96.000000,95.500000,95.500000,95.500000,5.0,103.7158,95.178,378.6834,387.2213,PENDING_AG03,FALSE,NOT_FOR_ENFORCEMENT,463.1033,797.9809,482.3992,463.1033,19.2960,0.56323754,0.54070804,19.2960,463.1033,0.54070804,19.2960,19.2960,21.7080,21.7080,21.7080,463.1033,0.54070804,103.7158,95.178,378.6834,387.2213,0.44214147,0.45211007,0.02252950,19.0328,24.4479,14.1882,96.4798,96.4798,171.2951,6.8000,,19.0328,10.5031,12.6494,21.0824,42.1647,43.2189,73.5217,12.6494,-10.5031,3.416667,5.812257,1.504637,4,5,7,3,0E-8,0.56323754,,0E-8,0.000000,0.970524,0.000000,,2026-04-20,2026-05-28,5,5,5,39,0.128205,,,0.000000,,,,,,,,GLOBAL_BASELINE_NO_ENTITY_RANKING,,,NOT_APPLICABLE_GLOBAL_BASELINE,HF9g-P5,,,,X 全窗基线 · 不参与实体赏罚,8393722,840,A168_HF9F_20260827_0900,2026-08-27 09:00:00
2026-07-06,152633003,-1,1,51.6355562440,0E-10,0E-10,,1,1,0.49324550000000000,0.493245500000,,,,0E-17,SENTINEL_DEALER,R03b_20260811_FULL_v1,L1_ELIGIBILITY,v2026-08-11,2026-03-21..2026-08-06,baccarat_bet02_101_all_pairs_incl_sentinel,round_win = game_pnl > 0 (decisive only),COMPATIBILITY_ONLY_NOT_PRODUCTION,1430.3049,1275.3982,482.4052,25,25,-0.33727437,,-0.33727437,-0.33727437,-482.4052,1430.3049,THIN_EXPOSURE,0.0000,19.2962,4.0000,96.0000,AG03-UNRESOLVED,ALL5_LEVELS_bet23_to_bet27,19.2962,19.2962,19.2962,19.2962,19.2962,4.000000,4.000000,4.000000,4.000000,4.000000,96.000000,96.000000,96.000000,96.000000,96.000000,5.0,96.4810,89.0652,385.9241,393.34,PENDING_AG03,FALSE,NOT_FOR_ENFORCEMENT,463.1090,1224.3823,482.4052,463.1090,19.2962,0.33727437,0.32378339,19.2962,463.1090,0.32378339,19.2962,19.2962,19.2962,19.2962,19.2962,463.1090,0.32378339,96.4810,89.0652,385.9241,393.34,0.26981949,0.27500431,0.01349097,57.2122,51.0159,19.2962,241.2026,34.4575,715.1525,12.5000,,57.2122,51.6356,51.6356,70.9989,77.4533,100.0439,129.0889,51.6356,-25.8178,1.9375,2.5,1.108,13,13,3,2,0E-8,0.33727437,,0E-8,0.000000,0.891697,0.000000,,2026-07-06,2026-07-07,2,14,14,2,1.000000,,,0.000000,,,,,,,,GLOBAL_BASELINE_NO_ENTITY_RANKING,,,NOT_APPLICABLE_GLOBAL_BASELINE,HF9g-P5,,,,X 全窗基线 · 不参与实体赏罚,8393723,840,A168_HF9F_20260827_0900,2026-08-27 09:00:00
2026-07-06,152633003,1157,0,283.9955593420,72.2897787416,72.2897787416,0.6000000,6,6,0.49771390000000000,0.497713900000,0.4574421269484404,0.45744212694844033,0.4574421269484404,0E-17,ELIGIBLE,R03b_20260811_FULL_v1,L1_ELIGIBILITY,v2026-08-11,2026-03-21..2026-08-06,baccarat_bet02_101_all_pairs_incl_sentinel,round_win = game_pnl > 0 (decisive only),COMPATIBILITY_ONLY_NOT_PRODUCTION,1430.3049,1275.3982,482.4052,25,25,-0.33727437,,-0.33727437,-0.33727437,-482.4052,1430.3049,THIN_EXPOSURE,0.0000,19.2962,4.0000,96.0000,AG03-UNRESOLVED,ALL5_LEVELS_bet23_to_bet27,19.2962,19.2962,19.2962,19.2962,19.2962,4.000000,4.000000,4.000000,4.000000,4.000000,96.000000,96.000000,96.000000,96.000000,96.000000,5.0,96.4810,89.0652,385.9241,393.34,PENDING_AG03,FALSE,NOT_FOR_ENFORCEMENT,463.1090,1224.3823,482.4052,463.1090,19.2962,0.33727437,0.32378339,19.2962,463.1090,0.32378339,19.2962,19.2962,19.2962,19.2962,19.2962,463.1090,0.32378339,96.4810,89.0652,385.9241,393.34,0.26981949,0.27500431,0.01349097,57.2122,51.0159,19.2962,241.2026,34.4575,715.1525,12.5000,,57.2122,51.6356,51.6356,70.9989,77.4533,100.0439,129.0889,51.6356,-25.8178,1.9375,2.5,1.108,13,13,3,2,0E-8,0.33727437,,0E-8,0.000000,0.891697,0.000000,,2026-07-06,2026-07-07,2,14,14,2,1.000000,,,0.000000,,,,,,,,GLOBAL_BASELINE_NO_ENTITY_RANKING,,,NOT_APPLICABLE_GLOBAL_BASELINE,HF9g-P5,,,,X 全窗基线 · 不参与实体赏罚,8393724,840,A168_HF9F_20260827_0900,2026-08-27 09:00:00
2026-07-06,152633003,2088,0,54.2173340562,-54.2173340562,-54.2173340562,0E-7,1,1,0.50665070000000000,0.506650700000,-1.013391052207602,-1.013391052207602,-1.013391052207602,0E-17,ELIGIBLE,R03b_20260811_FULL_v1,L1_ELIGIBILITY,v2026-08-11,2026-03-21..2026-08-06,baccarat_bet02_101_all_pairs_incl_sentinel,round_win = game_pnl > 0 (decisive only),COMPATIBILITY_ONLY_NOT_PRODUCTION,1430.3049,1275.3982,482.4052,25,25,-0.33727437,,-0.33727437,-0.33727437,-482.4052,1430.3049,THIN_EXPOSURE,0.0000,19.2962,4.0000,96.0000,AG03-UNRESOLVED,ALL5_LEVELS_bet23_to_bet27,19.2962,19.2962,19.2962,19.2962,19.2962,4.000000,4.000000,4.000000,4.000000,4.000000,96.000000,96.000000,96.000000,96.000000,96.000000,5.0,96.4810,89.0652,385.9241,393.34,PENDING_AG03,FALSE,NOT_FOR_ENFORCEMENT,463.1090,1224.3823,482.4052,463.1090,19.2962,0.33727437,0.32378339,19.2962,463.1090,0.32378339,19.2962,19.2962,19.2962,19.2962,19.2962,463.1090,0.32378339,96.4810,89.0652,385.9241,393.34,0.26981949,0.27500431,0.01349097,57.2122,51.0159,19.2962,241.2026,34.4575,715.1525,12.5000,,57.2122,51.6356,51.6356,70.9989,77.4533,100.0439,129.0889,51.6356,-25.8178,1.9375,2.5,1.108,13,13,3,2,0E-8,0.33727437,,0E-8,0.000000,0.891697,0.000000,,2026-07-06,2026-07-07,2,14,14,2,1.000000,,,0.000000,,,,,,,,GLOBAL_BASELINE_NO_ENTITY_RANKING,,,NOT_APPLICABLE_GLOBAL_BASELINE,HF9g-P5,,,,X 全窗基线 · 不参与实体赏罚,8393725,840,A168_HF9F_20260827_0900,2026-08-27 09:00:00
2026-07-06,152633003,2142,0,147.1613352954,3.8726667183,3.8726667183,0.5000000,2,2,0.50665070000000000,0.506650700000,-0.018812684590367487,-0.018812684590367487,-0.018812684590367487,0E-17,ELIGIBLE,R03b_20260811_FULL_v1,L1_ELIGIBILITY,v2026-08-11,2026-03-21..2026-08-06,baccarat_bet02_101_all_pairs_incl_sentinel,round_win = game_pnl > 0 (decisive only),COMPATIBILITY_ONLY_NOT_PRODUCTION,1430.3049,1275.3982,482.4052,25,25,-0.33727437,,-0.33727437,-0.33727437,-482.4052,1430.3049,THIN_EXPOSURE,0.0000,19.2962,4.0000,96.0000,AG03-UNRESOLVED,ALL5_LEVELS_bet23_to_bet27,19.2962,19.2962,19.2962,19.2962,19.2962,4.000000,4.000000,4.000000,4.000000,4.000000,96.000000,96.000000,96.000000,96.000000,96.000000,5.0,96.4810,89.0652,385.9241,393.34,PENDING_AG03,FALSE,NOT_FOR_ENFORCEMENT,463.1090,1224.3823,482.4052,463.1090,19.2962,0.33727437,0.32378339,19.2962,463.1090,0.32378339,19.2962,19.2962,19.2962,19.2962,19.2962,463.1090,0.32378339,96.4810,89.0652,385.9241,393.34,0.26981949,0.27500431,0.01349097,57.2122,51.0159,19.2962,241.2026,34.4575,715.1525,12.5000,,57.2122,51.6356,51.6356,70.9989,77.4533,100.0439,129.0889,51.6356,-25.8178,1.9375,2.5,1.108,13,13,3,2,0E-8,0.33727437,,0E-8,0.000000,0.891697,0.000000,,2026-07-06,2026-07-07,2,14,14,2,1.000000,,,0.000000,,,,,,,,GLOBAL_BASELINE_NO_ENTITY_RANKING,,,NOT_APPLICABLE_GLOBAL_BASELINE,HF9g-P5,,,,X 全窗基线 · 不参与实体赏罚,8393726,840,A168_HF9F_20260827_0900,2026-08-27 09:00:00
2026-07-06,152633003,2153,0,77.4533343660,-77.4533343660,-77.4533343660,0E-7,1,1,0.49324550000000000,0.493245500000,-0.9865810262130424,-0.9865810262130424,-0.9865810262130424,0E-17,ELIGIBLE,R03b_20260811_FULL_v1,L1_ELIGIBILITY,v2026-08-11,2026-03-21..2026-08-06,baccarat_bet02_101_all_pairs_incl_sentinel,round_win = game_pnl > 0 (decisive only),COMPATIBILITY_ONLY_NOT_PRODUCTION,1430.3049,1275.3982,482.4052,25,25,-0.33727437,,-0.33727437,-0.33727437,-482.4052,1430.3049,THIN_EXPOSURE,0.0000,19.2962,4.0000,96.0000,AG03-UNRESOLVED,ALL5_LEVELS_bet23_to_bet27,19.2962,19.2962,19.2962,19.2962,19.2962,4.000000,4.000000,4.000000,4.000000,4.000000,96.000000,96.000000,96.000000,96.000000,96.000000,5.0,96.4810,89.0652,385.9241,393.34,PENDING_AG03,FALSE,NOT_FOR_ENFORCEMENT,463.1090,1224.3823,482.4052,463.1090,19.2962,0.33727437,0.32378339,19.2962,463.1090,0.32378339,19.2962,19.2962,19.2962,19.2962,19.2962,463.1090,0.32378339,96.4810,89.0652,385.9241,393.34,0.26981949,0.27500431,0.01349097,57.2122,51.0159,19.2962,241.2026,34.4575,715.1525,12.5000,,57.2122,51.6356,51.6356,70.9989,77.4533,100.0439,129.0889,51.6356,-25.8178,1.9375,2.5,1.108,13,13,3,2,0E-8,0.33727437,,0E-8,0.000000,0.891697,0.000000,,2026-07-06,2026-07-07,2,14,14,2,1.000000,,,0.000000,,,,,,,,GLOBAL_BASELINE_NO_ENTITY_RANKING,,,NOT_APPLICABLE_GLOBAL_BASELINE,HF9g-P5,,,,X 全窗基线 · 不参与实体赏罚,8393727,840,A168_HF9F_20260827_0900,2026-08-27 09:00:00
2026-07-06,152633003,2196,0,74.8715565538,-74.8715565538,-74.8715565538,0E-7,1,1,0.49324550000000000,0.493245500000,-0.9865810262130424,-0.9865810262130424,-0.9865810262130424,0E-17,ELIGIBLE,R03b_20260811_FULL_v1,L1_ELIGIBILITY,v2026-08-11,2026-03-21..2026-08-06,baccarat_bet02_101_all_pairs_incl_sentinel,round_win = game_pnl > 0 (decisive only),COMPATIBILITY_ONLY_NOT_PRODUCTION,1430.3049,1275.3982,482.4052,25,25,-0.33727437,,-0.33727437,-0.33727437,-482.4052,1430.3049,THIN_EXPOSURE,0.0000,19.2962,4.0000,96.0000,AG03-UNRESOLVED,ALL5_LEVELS_bet23_to_bet27,19.2962,19.2962,19.2962,19.2962,19.2962,4.000000,4.000000,4.000000,4.000000,4.000000,96.000000,96.000000,96.000000,96.000000,96.000000,5.0,96.4810,89.0652,385.9241,393.34,PENDING_AG03,FALSE,NOT_FOR_ENFORCEMENT,463.1090,1224.3823,482.4052,463.1090,19.2962,0.33727437,0.32378339,19.2962,463.1090,0.32378339,19.2962,19.2962,19.2962,19.2962,19.2962,463.1090,0.32378339,96.4810,89.0652,385.9241,393.34,0.26981949,0.27500431,0.01349097,57.2122,51.0159,19.2962,241.2026,34.4575,715.1525,12.5000,,57.2122,51.6356,51.6356,70.9989,77.4533,100.0439,129.0889,51.6356,-25.8178,1.9375,2.5,1.108,13,13,3,2,0E-8,0.33727437,,0E-8,0.000000,0.891697,0.000000,,2026-07-06,2026-07-07,2,14,14,2,1.000000,,,0.000000,,,,,,,,GLOBAL_BASELINE_NO_ENTITY_RANKING,,,NOT_APPLICABLE_GLOBAL_BASELINE,HF9g-P5,,,,X 全窗基线 · 不参与实体赏罚,8393728,840,A168_HF9F_20260827_0900,2026-08-27 09:00:00
2026-07-06,152633003,2235,0,129.0888906101,-129.0888906101,-129.0888906101,0E-7,1,1,0.49324550000000000,0.493245500000,-0.9865810262130424,-0.9865810262130424,-0.9865810262130424,0E-17,ELIGIBLE,R03b_20260811_FULL_v1,L1_ELIGIBILITY,v2026-08-11,2026-03-21..2026-08-06,baccarat_bet02_101_all_pairs_incl_sentinel,round_win = game_pnl > 0 (decisive only),COMPATIBILITY_ONLY_NOT_PRODUCTION,1430.3049,1275.3982,482.4052,25,25,-0.33727437,,-0.33727437,-0.33727437,-482.4052,1430.3049,THIN_EXPOSURE,0.0000,19.2962,4.0000,96.0000,AG03-UNRESOLVED,ALL5_LEVELS_bet23_to_bet27,19.2962,19.2962,19.2962,19.2962,19.2962,4.000000,4.000000,4.000000,4.000000,4.000000,96.000000,96.000000,96.000000,96.000000,96.000000,5.0,96.4810,89.0652,385.9241,393.34,PENDING_AG03,FALSE,NOT_FOR_ENFORCEMENT,463.1090,1224.3823,482.4052,463.1090,19.2962,0.33727437,0.32378339,19.2962,463.1090,0.32378339,19.2962,19.2962,19.2962,19.2962,19.2962,463.1090,0.32378339,96.4810,89.0652,385.9241,393.34,0.26981949,0.27500431,0.01349097,57.2122,51.0159,19.2962,241.2026,34.4575,715.1525,12.5000,,57.2122,51.6356,51.6356,70.9989,77.4533,100.0439,129.0889,51.6356,-25.8178,1.9375,2.5,1.108,13,13,3,2,0E-8,0.33727437,,0E-8,0.000000,0.891697,0.000000,,2026-07-06,2026-07-07,2,14,14,2,1.000000,,,0.000000,,,,,,,,GLOBAL_BASELINE_NO_ENTITY_RANKING,,,NOT_APPLICABLE_GLOBAL_BASELINE,HF9g-P5,,,,X 全窗基线 · 不参与实体赏罚,8393729,840,A168_HF9F_20260827_0900,2026-08-27 09:00:00
2026-07-07,152633003,-1,1,51.6355562440,-51.6355562440,-51.6355562440,0E-7,1,1,0.50665070000000000,0.506650700000,-1.013391052207602,-1.013391052207602,-1.013391052207602,0E-17,SENTINEL_DEALER,R03b_20260811_FULL_v1,L1_ELIGIBILITY,v2026-08-11,2026-03-21..2026-08-06,baccarat_bet02_101_all_pairs_incl_sentinel,round_win = game_pnl > 0 (decisive only),COMPATIBILITY_ONLY_NOT_PRODUCTION,1430.3049,1275.3982,482.4052,25,25,-0.33727437,,-0.33727437,-0.33727437,-482.4052,1430.3049,THIN_EXPOSURE,0.0000,19.2962,4.0000,96.0000,AG03-UNRESOLVED,ALL5_LEVELS_bet23_to_bet27,19.2962,19.2962,19.2962,19.2962,19.2962,4.000000,4.000000,4.000000,4.000000,4.000000,96.000000,96.000000,96.000000,96.000000,96.000000,5.0,96.4810,89.0652,385.9241,393.34,PENDING_AG03,FALSE,NOT_FOR_ENFORCEMENT,463.1090,1224.3823,482.4052,463.1090,19.2962,0.33727437,0.32378339,19.2962,463.1090,0.32378339,19.2962,19.2962,19.2962,19.2962,19.2962,463.1090,0.32378339,96.4810,89.0652,385.9241,393.34,0.26981949,0.27500431,0.01349097,57.2122,51.0159,19.2962,241.2026,34.4575,715.1525,12.5000,,57.2122,51.6356,51.6356,70.9989,77.4533,100.0439,129.0889,51.6356,-25.8178,1.9375,2.5,1.108,13,13,3,2,0E-8,0.33727437,,0E-8,0.000000,0.891697,0.000000,,2026-07-06,2026-07-07,2,14,14,2,1.000000,,,0.000000,,,,,,,,GLOBAL_BASELINE_NO_ENTITY_RANKING,,,NOT_APPLICABLE_GLOBAL_BASELINE,HF9g-P5,,,,X 全窗基线 · 不参与实体赏罚,8393730,840,A168_HF9F_20260827_0900,2026-08-27 09:00:00
2026-07-07,152633003,1396,0,77.4533343660,-77.4533343660,-77.4533343660,0E-7,1,1,0.50665070000000000,0.506650700000,-1.013391052207602,-1.013391052207602,-1.013391052207602,0E-17,ELIGIBLE,R03b_20260811_FULL_v1,L1_ELIGIBILITY,v2026-08-11,2026-03-21..2026-08-06,baccarat_bet02_101_all_pairs_incl_sentinel,round_win = game_pnl > 0 (decisive only),COMPATIBILITY_ONLY_NOT_PRODUCTION,1430.3049,1275.3982,482.4052,25,25,-0.33727437,,-0.33727437,-0.33727437,-482.4052,1430.3049,THIN_EXPOSURE,0.0000,19.2962,4.0000,96.0000,AG03-UNRESOLVED,ALL5_LEVELS_bet23_to_bet27,19.2962,19.2962,19.2962,19.2962,19.2962,4.000000,4.000000,4.000000,4.000000,4.000000,96.000000,96.000000,96.000000,96.000000,96.000000,5.0,96.4810,89.0652,385.9241,393.34,PENDING_AG03,FALSE,NOT_FOR_ENFORCEMENT,463.1090,1224.3823,482.4052,463.1090,19.2962,0.33727437,0.32378339,19.2962,463.1090,0.32378339,19.2962,19.2962,19.2962,19.2962,19.2962,463.1090,0.32378339,96.4810,89.0652,385.9241,393.34,0.26981949,0.27500431,0.01349097,57.2122,51.0159,19.2962,241.2026,34.4575,715.1525,12.5000,,57.2122,51.6356,51.6356,70.9989,77.4533,100.0439,129.0889,51.6356,-25.8178,1.9375,2.5,1.108,13,13,3,2,0E-8,0.33727437,,0E-8,0.000000,0.891697,0.000000,,2026-07-06,2026-07-07,2,14,14,2,1.000000,,,0.000000,,,,,,,,GLOBAL_BASELINE_NO_ENTITY_RANKING,,,NOT_APPLICABLE_GLOBAL_BASELINE,HF9g-P5,,,,X 全窗基线 · 不参与实体赏罚,8393731,840,A168_HF9F_20260827_0900,2026-08-27 09:00:00
2026-07-07,152633003,2106,0,154.9066687320,-2.5817778122,-2.5817778122,0.5000000,3,3,0.50218230000000000,0.502182300000,-0.00617253530718887,-0.00617253530718887,-0.00617253530718887,0E-17,ELIGIBLE,R03b_20260811_FULL_v1,L1_ELIGIBILITY,v2026-08-11,2026-03-21..2026-08-06,baccarat_bet02_101_all_pairs_incl_sentinel,round_win = game_pnl > 0 (decisive only),COMPATIBILITY_ONLY_NOT_PRODUCTION,1430.3049,1275.3982,482.4052,25,25,-0.33727437,,-0.33727437,-0.33727437,-482.4052,1430.3049,THIN_EXPOSURE,0.0000,19.2962,4.0000,96.0000,AG03-UNRESOLVED,ALL5_LEVELS_bet23_to_bet27,19.2962,19.2962,19.2962,19.2962,19.2962,4.000000,4.000000,4.000000,4.000000,4.000000,96.000000,96.000000,96.000000,96.000000,96.000000,5.0,96.4810,89.0652,385.9241,393.34,PENDING_AG03,FALSE,NOT_FOR_ENFORCEMENT,463.1090,1224.3823,482.4052,463.1090,19.2962,0.33727437,0.32378339,19.2962,463.1090,0.32378339,19.2962,19.2962,19.2962,19.2962,19.2962,463.1090,0.32378339,96.4810,89.0652,385.9241,393.34,0.26981949,0.27500431,0.01349097,57.2122,51.0159,19.2962,241.2026,34.4575,715.1525,12.5000,,57.2122,51.6356,51.6356,70.9989,77.4533,100.0439,129.0889,51.6356,-25.8178,1.9375,2.5,1.108,13,13,3,2,0E-8,0.33727437,,0E-8,0.000000,0.891697,0.000000,,2026-07-06,2026-07-07,2,14,14,2,1.000000,,,0.000000,,,,,,,,GLOBAL_BASELINE_NO_ENTITY_RANKING,,,NOT_APPLICABLE_GLOBAL_BASELINE,HF9g-P5,,,,X 全窗基线 · 不参与实体赏罚,8393732,840,A168_HF9F_20260827_0900,2026-08-27 09:00:00
2026-07-07,152633003,2117,0,147.1613352954,89.4586011928,89.4586011928,0.6666667,3,3,0.50218230000000000,0.502182300000,0.5697959874915163,0.5697959874915164,0.5697959874915163,0E-17,ELIGIBLE,R03b_20260811_FULL_v1,L1_ELIGIBILITY,v2026-08-11,2026-03-21..2026-08-06,baccarat_bet02_101_all_pairs_incl_sentinel,round_win = game_pnl > 0 (decisive only),COMPATIBILITY_ONLY_NOT_PRODUCTION,1430.3049,1275.3982,482.4052,25,25,-0.33727437,,-0.33727437,-0.33727437,-482.4052,1430.3049,THIN_EXPOSURE,0.0000,19.2962,4.0000,96.0000,AG03-UNRESOLVED,ALL5_LEVELS_bet23_to_bet27,19.2962,19.2962,19.2962,19.2962,19.2962,4.000000,4.000000,4.000000,4.000000,4.000000,96.000000,96.000000,96.000000,96.000000,96.000000,5.0,96.4810,89.0652,385.9241,393.34,PENDING_AG03,FALSE,NOT_FOR_ENFORCEMENT,463.1090,1224.3823,482.4052,463.1090,19.2962,0.33727437,0.32378339,19.2962,463.1090,0.32378339,19.2962,19.2962,19.2962,19.2962,19.2962,463.1090,0.32378339,96.4810,89.0652,385.9241,393.34,0.26981949,0.27500431,0.01349097,57.2122,51.0159,19.2962,241.2026,34.4575,715.1525,12.5000,,57.2122,51.6356,51.6356,70.9989,77.4533,100.0439,129.0889,51.6356,-25.8178,1.9375,2.5,1.108,13,13,3,2,0E-8,0.33727437,,0E-8,0.000000,0.891697,0.000000,,2026-07-06,2026-07-07,2,14,14,2,1.000000,,,0.000000,,,,,,,,GLOBAL_BASELINE_NO_ENTITY_RANKING,,,NOT_APPLICABLE_GLOBAL_BASELINE,HF9g-P5,,,,X 全窗基线 · 不参与实体赏罚,8393733,840,A168_HF9F_20260827_0900,2026-08-27 09:00:00
2026-07-07,152633003,2153,0,90.3622234271,-90.3622234271,-90.3622234271,0E-7,1,1,0.50665070000000000,0.506650700000,-1.013391052207602,-1.013391052207602,-1.013391052207602,0E-17,ELIGIBLE,R03b_20260811_FULL_v1,L1_ELIGIBILITY,v2026-08-11,2026-03-21..2026-08-06,baccarat_bet02_101_all_pairs_incl_sentinel,round_win = game_pnl > 0 (decisive only),COMPATIBILITY_ONLY_NOT_PRODUCTION,1430.3049,1275.3982,482.4052,25,25,-0.33727437,,-0.33727437,-0.33727437,-482.4052,1430.3049,THIN_EXPOSURE,0.0000,19.2962,4.0000,96.0000,AG03-UNRESOLVED,ALL5_LEVELS_bet23_to_bet27,19.2962,19.2962,19.2962,19.2962,19.2962,4.000000,4.000000,4.000000,4.000000,4.000000,96.000000,96.000000,96.000000,96.000000,96.000000,5.0,96.4810,89.0652,385.9241,393.34,PENDING_AG03,FALSE,NOT_FOR_ENFORCEMENT,463.1090,1224.3823,482.4052,463.1090,19.2962,0.33727437,0.32378339,19.2962,463.1090,0.32378339,19.2962,19.2962,19.2962,19.2962,19.2962,463.1090,0.32378339,96.4810,89.0652,385.9241,393.34,0.26981949,0.27500431,0.01349097,57.2122,51.0159,19.2962,241.2026,34.4575,715.1525,12.5000,,57.2122,51.6356,51.6356,70.9989,77.4533,100.0439,129.0889,51.6356,-25.8178,1.9375,2.5,1.108,13,13,3,2,0E-8,0.33727437,,0E-8,0.000000,0.891697,0.000000,,2026-07-06,2026-07-07,2,14,14,2,1.000000,,,0.000000,,,,,,,,GLOBAL_BASELINE_NO_ENTITY_RANKING,,,NOT_APPLICABLE_GLOBAL_BASELINE,HF9g-P5,,,,X 全窗基线 · 不参与实体赏罚,8393734,840,A168_HF9F_20260827_0900,2026-08-27 09:00:00
2026-07-07,152633003,2212,0,38.7266671830,-38.7266671830,-38.7266671830,0E-7,1,1,0.50665070000000000,0.506650700000,-1.013391052207602,-1.013391052207602,-1.013391052207602,0E-17,ELIGIBLE,R03b_20260811_FULL_v1,L1_ELIGIBILITY,v2026-08-11,2026-03-21..2026-08-06,baccarat_bet02_101_all_pairs_incl_sentinel,round_win = game_pnl > 0 (decisive only),COMPATIBILITY_ONLY_NOT_PRODUCTION,1430.3049,1275.3982,482.4052,25,25,-0.33727437,,-0.33727437,-0.33727437,-482.4052,1430.3049,THIN_EXPOSURE,0.0000,19.2962,4.0000,96.0000,AG03-UNRESOLVED,ALL5_LEVELS_bet23_to_bet27,19.2962,19.2962,19.2962,19.2962,19.2962,4.000000,4.000000,4.000000,4.000000,4.000000,96.000000,96.000000,96.000000,96.000000,96.000000,5.0,96.4810,89.0652,385.9241,393.34,PENDING_AG03,FALSE,NOT_FOR_ENFORCEMENT,463.1090,1224.3823,482.4052,463.1090,19.2962,0.33727437,0.32378339,19.2962,463.1090,0.32378339,19.2962,19.2962,19.2962,19.2962,19.2962,463.1090,0.32378339,96.4810,89.0652,385.9241,393.34,0.26981949,0.27500431,0.01349097,57.2122,51.0159,19.2962,241.2026,34.4575,715.1525,12.5000,,57.2122,51.6356,51.6356,70.9989,77.4533,100.0439,129.0889,51.6356,-25.8178,1.9375,2.5,1.108,13,13,3,2,0E-8,0.33727437,,0E-8,0.000000,0.891697,0.000000,,2026-07-06,2026-07-07,2,14,14,2,1.000000,,,0.000000,,,,,,,,GLOBAL_BASELINE_NO_ENTITY_RANKING,,,NOT_APPLICABLE_GLOBAL_BASELINE,HF9g-P5,,,,X 全窗基线 · 不参与实体赏罚,8393735,840,A168_HF9F_20260827_0900,2026-08-27 09:00:00
2026-07-07,152633003,789,0,25.8177781220,-25.8177781220,-25.8177781220,0E-7,1,1,0.49324550000000000,0.493245500000,-0.9865810262130424,-0.9865810262130424,-0.9865810262130424,0E-17,ELIGIBLE,R03b_20260811_FULL_v1,L1_ELIGIBILITY,v2026-08-11,2026-03-21..2026-08-06,baccarat_bet02_101_all_pairs_incl_sentinel,round_win = game_pnl > 0 (decisive only),COMPATIBILITY_ONLY_NOT_PRODUCTION,1430.3049,1275.3982,482.4052,25,25,-0.33727437,,-0.33727437,-0.33727437,-482.4052,1430.3049,THIN_EXPOSURE,0.0000,19.2962,4.0000,96.0000,AG03-UNRESOLVED,ALL5_LEVELS_bet23_to_bet27,19.2962,19.2962,19.2962,19.2962,19.2962,4.000000,4.000000,4.000000,4.000000,4.000000,96.000000,96.000000,96.000000,96.000000,96.000000,5.0,96.4810,89.0652,385.9241,393.34,PENDING_AG03,FALSE,NOT_FOR_ENFORCEMENT,463.1090,1224.3823,482.4052,463.1090,19.2962,0.33727437,0.32378339,19.2962,463.1090,0.32378339,19.2962,19.2962,19.2962,19.2962,19.2962,463.1090,0.32378339,96.4810,89.0652,385.9241,393.34,0.26981949,0.27500431,0.01349097,57.2122,51.0159,19.2962,241.2026,34.4575,715.1525,12.5000,,57.2122,51.6356,51.6356,70.9989,77.4533,100.0439,129.0889,51.6356,-25.8178,1.9375,2.5,1.108,13,13,3,2,0E-8,0.33727437,,0E-8,0.000000,0.891697,0.000000,,2026-07-06,2026-07-07,2,14,14,2,1.000000,,,0.000000,,,,,,,,GLOBAL_BASELINE_NO_ENTITY_RANKING,,,NOT_APPLICABLE_GLOBAL_BASELINE,HF9g-P5,,,,X 全窗基线 · 不参与实体赏罚,8393736,840,A168_HF9F_20260827_0900,2026-08-27 09:00:00
2026-07-07,152633003,987,0,25.8177781220,-25.8177781220,-25.8177781220,0E-7,1,1,0.50665070000000000,0.506650700000,-1.013391052207602,-1.013391052207602,-1.013391052207602,0E-17,ELIGIBLE,R03b_20260811_FULL_v1,L1_ELIGIBILITY,v2026-08-11,2026-03-21..2026-08-06,baccarat_bet02_101_all_pairs_incl_sentinel,round_win = game_pnl > 0 (decisive only),COMPATIBILITY_ONLY_NOT_PRODUCTION,1430.3049,1275.3982,482.4052,25,25,-0.33727437,,-0.33727437,-0.33727437,-482.4052,1430.3049,THIN_EXPOSURE,0.0000,19.2962,4.0000,96.0000,AG03-UNRESOLVED,ALL5_LEVELS_bet23_to_bet27,19.2962,19.2962,19.2962,19.2962,19.2962,4.000000,4.000000,4.000000,4.000000,4.000000,96.000000,96.000000,96.000000,96.000000,96.000000,5.0,96.4810,89.0652,385.9241,393.34,PENDING_AG03,FALSE,NOT_FOR_ENFORCEMENT,463.1090,1224.3823,482.4052,463.1090,19.2962,0.33727437,0.32378339,19.2962,463.1090,0.32378339,19.2962,19.2962,19.2962,19.2962,19.2962,463.1090,0.32378339,96.4810,89.0652,385.9241,393.34,0.26981949,0.27500431,0.01349097,57.2122,51.0159,19.2962,241.2026,34.4575,715.1525,12.5000,,57.2122,51.6356,51.6356,70.9989,77.4533,100.0439,129.0889,51.6356,-25.8178,1.9375,2.5,1.108,13,13,3,2,0E-8,0.33727437,,0E-8,0.000000,0.891697,0.000000,,2026-07-06,2026-07-07,2,14,14,2,1.000000,,,0.000000,,,,,,,,GLOBAL_BASELINE_NO_ENTITY_RANKING,,,NOT_APPLICABLE_GLOBAL_BASELINE,HF9g-P5,,,,X 全窗基线 · 不参与实体赏罚,8393737,840,A168_HF9F_20260827_0900,2026-08-27 09:00:00
2026-04-10,148471472,-1,1,952.8047535537,-275.7636834804,-275.7636834804,0.5000000,10,10,0.49726706000000000,0.497267060000,0.015460074195716421,0.015460074195716421,0.015460074195716421,0E-17,SENTINEL_DEALER,R03b_20260811_FULL_v1,L1_ELIGIBILITY,v2026-08-11,2026-03-21..2026-08-06,baccarat_bet02_101_all_pairs_incl_sentinel,round_win = game_pnl > 0 (decisive only),COMPATIBILITY_ONLY_NOT_PRODUCTION,3165.3389,2702.2232,482.4106,52,52,-0.15240410,,-0.15240410,-0.15240410,-482.4106,3165.3389,OK,0.0000,19.2964,4.0000,96.0000,AG03-UNRESOLVED,ALL5_LEVELS_bet23_to_bet27,19.2964,19.2964,19.2964,24.1205,24.1205,4.000000,4.000000,4.000000,5.000000,5.000000,96.000000,96.000000,96.000000,95.000000,95.000000,5.0,106.1303,97.2182,376.2803,385.1925,PENDING_AG03,FALSE,NOT_FOR_ENFORCEMENT,463.1142,2594.1343,482.4106,463.1142,19.2964,0.15240410,0.14630794,19.2964,463.1142,0.14630794,19.2964,19.2964,19.2964,24.1205,24.1205,463.1142,0.14630794,106.1303,97.2182,376.2803,385.1925,0.11887520,0.12169075,0.00609616,60.8719,51.9658,9.2771,96.4821,13.7832,633.0678,10.4000,,60.8719,26.176,41.8815,71.6385,130.8798,135.5914,261.7596,31.542,0.0,3.2375,6.25,1.453431,20,24,5,2,0E-8,0.15240410,,0E-8,0.000000,0.853692,0.000000,,2026-04-10,2026-06-28,5,35,24,80,0.062500,,,0.000000,,,,,,,,GLOBAL_BASELINE_NO_ENTITY_RANKING,,,NOT_APPLICABLE_GLOBAL_BASELINE,HF9g-P5,,,,X 全窗基线 · 不参与实体赏罚,8393738,840,A168_HF9F_20260827_0900,2026-08-27 09:00:00
2026-04-10,148471472,1017,0,83.7630552576,17.0143705992,17.0143705992,0.6666667,4,4,0.49994810000000000,0.499948100000,0.5775300591747329,0.5775300591747329,0.5775300591747329,0E-17,ELIGIBLE,R03b_20260811_FULL_v1,L1_ELIGIBILITY,v2026-08-11,2026-03-21..2026-08-06,baccarat_bet02_101_all_pairs_incl_sentinel,round_win = game_pnl > 0 (decisive only),COMPATIBILITY_ONLY_NOT_PRODUCTION,3165.3389,2702.2232,482.4106,52,52,-0.15240410,,-0.15240410,-0.15240410,-482.4106,3165.3389,OK,0.0000,19.2964,4.0000,96.0000,AG03-UNRESOLVED,ALL5_LEVELS_bet23_to_bet27,19.2964,19.2964,19.2964,24.1205,24.1205,4.000000,4.000000,4.000000,5.000000,5.000000,96.000000,96.000000,96.000000,95.000000,95.000000,5.0,106.1303,97.2182,376.2803,385.1925,PENDING_AG03,FALSE,NOT_FOR_ENFORCEMENT,463.1142,2594.1343,482.4106,463.1142,19.2964,0.15240410,0.14630794,19.2964,463.1142,0.14630794,19.2964,19.2964,19.2964,24.1205,24.1205,463.1142,0.14630794,106.1303,97.2182,376.2803,385.1925,0.11887520,0.12169075,0.00609616,60.8719,51.9658,9.2771,96.4821,13.7832,633.0678,10.4000,,60.8719,26.176,41.8815,71.6385,130.8798,135.5914,261.7596,31.542,0.0,3.2375,6.25,1.453431,20,24,5,2,0E-8,0.15240410,,0E-8,0.000000,0.853692,0.000000,,2026-04-10,2026-06-28,5,35,24,80,0.062500,,,0.000000,,,,,,,,GLOBAL_BASELINE_NO_ENTITY_RANKING,,,NOT_APPLICABLE_GLOBAL_BASELINE,HF9g-P5,,,,X 全窗基线 · 不参与实体赏罚,8393739,840,A168_HF9F_20260827_0900,2026-08-27 09:00:00
2026-04-10,148471472,1205,0,70.6750778735,-18.3231683375,-18.3231683375,0.5000000,2,2,0.49994810000000000,0.499948100000,0.00014679536856514622,0.00014679536856514622,0.00014679536856514622,0E-17,ELIGIBLE,R03b_20260811_FULL_v1,L1_ELIGIBILITY,v2026-08-11,2026-03-21..2026-08-06,baccarat_bet02_101_all_pairs_incl_sentinel,round_win = game_pnl > 0 (decisive only),COMPATIBILITY_ONLY_NOT_PRODUCTION,3165.3389,2702.2232,482.4106,52,52,-0.15240410,,-0.15240410,-0.15240410,-482.4106,3165.3389,OK,0.0000,19.2964,4.0000,96.0000,AG03-UNRESOLVED,ALL5_LEVELS_bet23_to_bet27,19.2964,19.2964,19.2964,24.1205,24.1205,4.000000,4.000000,4.000000,5.000000,5.000000,96.000000,96.000000,96.000000,95.000000,95.000000,5.0,106.1303,97.2182,376.2803,385.1925,PENDING_AG03,FALSE,NOT_FOR_ENFORCEMENT,463.1142,2594.1343,482.4106,463.1142,19.2964,0.15240410,0.14630794,19.2964,463.1142,0.14630794,19.2964,19.2964,19.2964,24.1205,24.1205,463.1142,0.14630794,106.1303,97.2182,376.2803,385.1925,0.11887520,0.12169075,0.00609616,60.8719,51.9658,9.2771,96.4821,13.7832,633.0678,10.4000,,60.8719,26.176,41.8815,71.6385,130.8798,135.5914,261.7596,31.542,0.0,3.2375,6.25,1.453431,20,24,5,2,0E-8,0.15240410,,0E-8,0.000000,0.853692,0.000000,,2026-04-10,2026-06-28,5,35,24,80,0.062500,,,0.000000,,,,,,,,GLOBAL_BASELINE_NO_ENTITY_RANKING,,,NOT_APPLICABLE_GLOBAL_BASELINE,HF9g-P5,,,,X 全窗基线 · 不参与实体赏罚,8393740,840,A168_HF9F_20260827_0900,2026-08-27 09:00:00
2026-04-10,148471472,1623,0,115.6977200743,-13.6114964793,-13.6114964793,0.5000000,2,2,0.50665070000000000,0.506650700000,-0.018812684590367487,-0.018812684590367487,-0.018812684590367487,0E-17,ELIGIBLE,R03b_20260811_FULL_v1,L1_ELIGIBILITY,v2026-08-11,2026-03-21..2026-08-06,baccarat_bet02_101_all_pairs_incl_sentinel,round_win = game_pnl > 0 (decisive only),COMPATIBILITY_ONLY_NOT_PRODUCTION,3165.3389,2702.2232,482.4106,52,52,-0.15240410,,-0.15240410,-0.15240410,-482.4106,3165.3389,OK,0.0000,19.2964,4.0000,96.0000,AG03-UNRESOLVED,ALL5_LEVELS_bet23_to_bet27,19.2964,19.2964,19.2964,24.1205,24.1205,4.000000,4.000000,4.000000,5.000000,5.000000,96.000000,96.000000,96.000000,95.000000,95.000000,5.0,106.1303,97.2182,376.2803,385.1925,PENDING_AG03,FALSE,NOT_FOR_ENFORCEMENT,463.1142,2594.1343,482.4106,463.1142,19.2964,0.15240410,0.14630794,19.2964,463.1142,0.14630794,19.2964,19.2964,19.2964,24.1205,24.1205,463.1142,0.14630794,106.1303,97.2182,376.2803,385.1925,0.11887520,0.12169075,0.00609616,60.8719,51.9658,9.2771,96.4821,13.7832,633.0678,10.4000,,60.8719,26.176,41.8815,71.6385,130.8798,135.5914,261.7596,31.542,0.0,3.2375,6.25,1.453431,20,24,5,2,0E-8,0.15240410,,0E-8,0.000000,0.853692,0.000000,,2026-04-10,2026-06-28,5,35,24,80,0.062500,,,0.000000,,,,,,,,GLOBAL_BASELINE_NO_ENTITY_RANKING,,,NOT_APPLICABLE_GLOBAL_BASELINE,HF9g-P5,,,,X 全窗基线 · 不参与实体赏罚,8393741,840,A168_HF9F_20260827_0900,2026-08-27 09:00:00
2026-04-10,148471472,1645,0,39.2639321519,39.2639321519,39.2639321519,1.0000000,1,1,0.49324550000000000,0.493245500000,1.01360149184955,1.01360149184955,1.01360149184955,0E-17,ELIGIBLE,R03b_20260811_FULL_v1,L1_ELIGIBILITY,v2026-08-11,2026-03-21..2026-08-06,baccarat_bet02_101_all_pairs_incl_sentinel,round_win = game_pnl > 0 (decisive only),COMPATIBILITY_ONLY_NOT_PRODUCTION,3165.3389,2702.2232,482.4106,52,52,-0.15240410,,-0.15240410,-0.15240410,-482.4106,3165.3389,OK,0.0000,19.2964,4.0000,96.0000,AG03-UNRESOLVED,ALL5_LEVELS_bet23_to_bet27,19.2964,19.2964,19.2964,24.1205,24.1205,4.000000,4.000000,4.000000,5.000000,5.000000,96.000000,96.000000,96.000000,95.000000,95.000000,5.0,106.1303,97.2182,376.2803,385.1925,PENDING_AG03,FALSE,NOT_FOR_ENFORCEMENT,463.1142,2594.1343,482.4106,463.1142,19.2964,0.15240410,0.14630794,19.2964,463.1142,0.14630794,19.2964,19.2964,19.2964,24.1205,24.1205,463.1142,0.14630794,106.1303,97.2182,376.2803,385.1925,0.11887520,0.12169075,0.00609616,60.8719,51.9658,9.2771,96.4821,13.7832,633.0678,10.4000,,60.8719,26.176,41.8815,71.6385,130.8798,135.5914,261.7596,31.542,0.0,3.2375,6.25,1.453431,20,24,5,2,0E-8,0.15240410,,0E-8,0.000000,0.853692,0.000000,,2026-04-10,2026-06-28,5,35,24,80,0.062500,,,0.000000,,,,,,,,GLOBAL_BASELINE_NO_ENTITY_RANKING,,,NOT_APPLICABLE_GLOBAL_BASELINE,HF9g-P5,,,,X 全窗基线 · 不参与实体赏罚,8393742,840,A168_HF9F_20260827_0900,2026-08-27 09:00:00
2026-04-10,148471472,1654,0,277.9886396356,-246.3419103212,-246.3419103212,0.5000000,2,2,0.49994810000000000,0.499948100000,0.00014679536856514622,0.00014679536856514622,0.00014679536856514622,0E-17,ELIGIBLE,R03b_20260811_FULL_v1,L1_ELIGIBILITY,v2026-08-11,2026-03-21..2026-08-06,baccarat_bet02_101_all_pairs_incl_sentinel,round_win = game_pnl > 0 (decisive only),COMPATIBILITY_ONLY_NOT_PRODUCTION,3165.3389,2702.2232,482.4106,52,52,-0.15240410,,-0.15240410,-0.15240410,-482.4106,3165.3389,OK,0.0000,19.2964,4.0000,96.0000,AG03-UNRESOLVED,ALL5_LEVELS_bet23_to_bet27,19.2964,19.2964,19.2964,24.1205,24.1205,4.000000,4.000000,4.000000,5.000000,5.000000,96.000000,96.000000,96.000000,95.000000,95.000000,5.0,106.1303,97.2182,376.2803,385.1925,PENDING_AG03,FALSE,NOT_FOR_ENFORCEMENT,463.1142,2594.1343,482.4106,463.1142,19.2964,0.15240410,0.14630794,19.2964,463.1142,0.14630794,19.2964,19.2964,19.2964,24.1205,24.1205,463.1142,0.14630794,106.1303,97.2182,376.2803,385.1925,0.11887520,0.12169075,0.00609616,60.8719,51.9658,9.2771,96.4821,13.7832,633.0678,10.4000,,60.8719,26.176,41.8815,71.6385,130.8798,135.5914,261.7596,31.542,0.0,3.2375,6.25,1.453431,20,24,5,2,0E-8,0.15240410,,0E-8,0.000000,0.853692,0.000000,,2026-04-10,2026-06-28,5,35,24,80,0.062500,,,0.000000,,,,,,,,GLOBAL_BASELINE_NO_ENTITY_RANKING,,,NOT_APPLICABLE_GLOBAL_BASELINE,HF9g-P5,,,,X 全窗基线 · 不参与实体赏罚,8393743,840,A168_HF9F_20260827_0900,2026-08-27 09:00:00
2026-04-10,148471472,1985,0,52.3519095359,49.7343140591,49.7343140591,1.0000000,1,1,0.50665070000000000,0.506650700000,0.9867858985152569,0.9867858985152569,0.9867858985152569,0E-17,ELIGIBLE,R03b_20260811_FULL_v1,L1_ELIGIBILITY,v2026-08-11,2026-03-21..2026-08-06,baccarat_bet02_101_all_pairs_incl_sentinel,round_win = game_pnl > 0 (decisive only),COMPATIBILITY_ONLY_NOT_PRODUCTION,3165.3389,2702.2232,482.4106,52,52,-0.15240410,,-0.15240410,-0.15240410,-482.4106,3165.3389,OK,0.0000,19.2964,4.0000,96.0000,AG03-UNRESOLVED,ALL5_LEVELS_bet23_to_bet27,19.2964,19.2964,19.2964,24.1205,24.1205,4.000000,4.000000,4.000000,5.000000,5.000000,96.000000,96.000000,96.000000,95.000000,95.000000,5.0,106.1303,97.2182,376.2803,385.1925,PENDING_AG03,FALSE,NOT_FOR_ENFORCEMENT,463.1142,2594.1343,482.4106,463.1142,19.2964,0.15240410,0.14630794,19.2964,463.1142,0.14630794,19.2964,19.2964,19.2964,24.1205,24.1205,463.1142,0.14630794,106.1303,97.2182,376.2803,385.1925,0.11887520,0.12169075,0.00609616,60.8719,51.9658,9.2771,96.4821,13.7832,633.0678,10.4000,,60.8719,26.176,41.8815,71.6385,130.8798,135.5914,261.7596,31.542,0.0,3.2375,6.25,1.453431,20,24,5,2,0E-8,0.15240410,,0E-8,0.000000,0.853692,0.000000,,2026-04-10,2026-06-28,5,35,24,80,0.062500,,,0.000000,,,,,,,,GLOBAL_BASELINE_NO_ENTITY_RANKING,,,NOT_APPLICABLE_GLOBAL_BASELINE,HF9g-P5,,,,X 全窗基线 · 不参与实体赏罚,8393744,840,A168_HF9F_20260827_0900,2026-08-27 09:00:00
2026-04-10,148471472,2156,0,28.7935502447,28.7935502447,28.7935502447,1.0000000,1,1,0.49324550000000000,0.493245500000,1.01360149184955,1.01360149184955,1.01360149184955,0E-17,ELIGIBLE,R03b_20260811_FULL_v1,L1_ELIGIBILITY,v2026-08-11,2026-03-21..2026-08-06,baccarat_bet02_101_all_pairs_incl_sentinel,round_win = game_pnl > 0 (decisive only),COMPATIBILITY_ONLY_NOT_PRODUCTION,3165.3389,2702.2232,482.4106,52,52,-0.15240410,,-0.15240410,-0.15240410,-482.4106,3165.3389,OK,0.0000,19.2964,4.0000,96.0000,AG03-UNRESOLVED,ALL5_LEVELS_bet23_to_bet27,19.2964,19.2964,19.2964,24.1205,24.1205,4.000000,4.000000,4.000000,5.000000,5.000000,96.000000,96.000000,96.000000,95.000000,95.000000,5.0,106.1303,97.2182,376.2803,385.1925,PENDING_AG03,FALSE,NOT_FOR_ENFORCEMENT,463.1142,2594.1343,482.4106,463.1142,19.2964,0.15240410,0.14630794,19.2964,463.1142,0.14630794,19.2964,19.2964,19.2964,24.1205,24.1205,463.1142,0.14630794,106.1303,97.2182,376.2803,385.1925,0.11887520,0.12169075,0.00609616,60.8719,51.9658,9.2771,96.4821,13.7832,633.0678,10.4000,,60.8719,26.176,41.8815,71.6385,130.8798,135.5914,261.7596,31.542,0.0,3.2375,6.25,1.453431,20,24,5,2,0E-8,0.15240410,,0E-8,0.000000,0.853692,0.000000,,2026-04-10,2026-06-28,5,35,24,80,0.062500,,,0.000000,,,,,,,,GLOBAL_BASELINE_NO_ENTITY_RANKING,,,NOT_APPLICABLE_GLOBAL_BASELINE,HF9g-P5,,,,X 全窗基线 · 不参与实体赏罚,8393745,840,A168_HF9F_20260827_0900,2026-08-27 09:00:00
2026-04-10,148471472,2169,0,70.6750778735,16.0982121822,16.0982121822,0.5000000,2,2,0.50665070000000000,0.506650700000,-0.018812684590367487,-0.018812684590367487,-0.018812684590367487,0E-17,ELIGIBLE,R03b_20260811_FULL_v1,L1_ELIGIBILITY,v2026-08-11,2026-03-21..2026-08-06,baccarat_bet02_101_all_pairs_incl_sentinel,round_win = game_pnl > 0 (decisive only),COMPATIBILITY_ONLY_NOT_PRODUCTION,3165.3389,2702.2232,482.4106,52,52,-0.15240410,,-0.15240410,-0.15240410,-482.4106,3165.3389,OK,0.0000,19.2964,4.0000,96.0000,AG03-UNRESOLVED,ALL5_LEVELS_bet23_to_bet27,19.2964,19.2964,19.2964,24.1205,24.1205,4.000000,4.000000,4.000000,5.000000,5.000000,96.000000,96.000000,96.000000,95.000000,95.000000,5.0,106.1303,97.2182,376.2803,385.1925,PENDING_AG03,FALSE,NOT_FOR_ENFORCEMENT,463.1142,2594.1343,482.4106,463.1142,19.2964,0.15240410,0.14630794,19.2964,463.1142,0.14630794,19.2964,19.2964,19.2964,24.1205,24.1205,463.1142,0.14630794,106.1303,97.2182,376.2803,385.1925,0.11887520,0.12169075,0.00609616,60.8719,51.9658,9.2771,96.4821,13.7832,633.0678,10.4000,,60.8719,26.176,41.8815,71.6385,130.8798,135.5914,261.7596,31.542,0.0,3.2375,6.25,1.453431,20,24,5,2,0E-8,0.15240410,,0E-8,0.000000,0.853692,0.000000,,2026-04-10,2026-06-28,5,35,24,80,0.062500,,,0.000000,,,,,,,,GLOBAL_BASELINE_NO_ENTITY_RANKING,,,NOT_APPLICABLE_GLOBAL_BASELINE,HF9g-P5,,,,X 全窗基线 · 不参与实体赏罚,8393746,840,A168_HF9F_20260827_0900,2026-08-27 09:00:00
2026-04-10,148471472,2177,0,141.8736748423,-141.8736748423,-141.8736748423,0E-7,2,2,0.49324550000000000,0.493245500000,-1.3952362676504506,-1.3952362676504506,-1.3952362676504506,0E-17,ELIGIBLE,R03b_20260811_FULL_v1,L1_ELIGIBILITY,v2026-08-11,2026-03-21..2026-08-06,baccarat_bet02_101_all_pairs_incl_sentinel,round_win = game_pnl > 0 (decisive only),COMPATIBILITY_ONLY_NOT_PRODUCTION,3165.3389,2702.2232,482.4106,52,52,-0.15240410,,-0.15240410,-0.15240410,-482.4106,3165.3389,OK,0.0000,19.2964,4.0000,96.0000,AG03-UNRESOLVED,ALL5_LEVELS_bet23_to_bet27,19.2964,19.2964,19.2964,24.1205,24.1205,4.000000,4.000000,4.000000,5.000000,5.000000,96.000000,96.000000,96.000000,95.000000,95.000000,5.0,106.1303,97.2182,376.2803,385.1925,PENDING_AG03,FALSE,NOT_FOR_ENFORCEMENT,463.1142,2594.1343,482.4106,463.1142,19.2964,0.15240410,0.14630794,19.2964,463.1142,0.14630794,19.2964,19.2964,19.2964,24.1205,24.1205,463.1142,0.14630794,106.1303,97.2182,376.2803,385.1925,0.11887520,0.12169075,0.00609616,60.8719,51.9658,9.2771,96.4821,13.7832,633.0678,10.4000,,60.8719,26.176,41.8815,71.6385,130.8798,135.5914,261.7596,31.542,0.0,3.2375,6.25,1.453431,20,24,5,2,0E-8,0.15240410,,0E-8,0.000000,0.853692,0.000000,,2026-04-10,2026-06-28,5,35,24,80,0.062500,,,0.000000,,,,,,,,GLOBAL_BASELINE_NO_ENTITY_RANKING,,,NOT_APPLICABLE_GLOBAL_BASELINE,HF9g-P5,,,,X 全窗基线 · 不参与实体赏罚,8393747,840,A168_HF9F_20260827_0900,2026-08-27 09:00:00
2026-04-10,148471472,2229,0,117.7917964558,-15.7055728608,-15.7055728608,0.3333333,3,3,0.49771390000000000,0.497713900000,-0.5694369385616226,-0.5694369385616226,-0.5694369385616226,0E-17,ELIGIBLE,R03b_20260811_FULL_v1,L1_ELIGIBILITY,v2026-08-11,2026-03-21..2026-08-06,baccarat_bet02_101_all_pairs_incl_sentinel,round_win = game_pnl > 0 (decisive only),COMPATIBILITY_ONLY_NOT_PRODUCTION,3165.3389,2702.2232,482.4106,52,52,-0.15240410,,-0.15240410,-0.15240410,-482.4106,3165.3389,OK,0.0000,19.2964,4.0000,96.0000,AG03-UNRESOLVED,ALL5_LEVELS_bet23_to_bet27,19.2964,19.2964,19.2964,24.1205,24.1205,4.000000,4.000000,4.000000,5.000000,5.000000,96.000000,96.000000,96.000000,95.000000,95.000000,5.0,106.1303,97.2182,376.2803,385.1925,PENDING_AG03,FALSE,NOT_FOR_ENFORCEMENT,463.1142,2594.1343,482.4106,463.1142,19.2964,0.15240410,0.14630794,19.2964,463.1142,0.14630794,19.2964,19.2964,19.2964,24.1205,24.1205,463.1142,0.14630794,106.1303,97.2182,376.2803,385.1925,0.11887520,0.12169075,0.00609616,60.8719,51.9658,9.2771,96.4821,13.7832,633.0678,10.4000,,60.8719,26.176,41.8815,71.6385,130.8798,135.5914,261.7596,31.542,0.0,3.2375,6.25,1.453431,20,24,5,2,0E-8,0.15240410,,0E-8,0.000000,0.853692,0.000000,,2026-04-10,2026-06-28,5,35,24,80,0.062500,,,0.000000,,,,,,,,GLOBAL_BASELINE_NO_ENTITY_RANKING,,,NOT_APPLICABLE_GLOBAL_BASELINE,HF9g-P5,,,,X 全窗基线 · 不参与实体赏罚,8393748,840,A168_HF9F_20260827_0900,2026-08-27 09:00:00
2026-04-10,148471472,2232,0,52.3519095359,52.3519095359,52.3519095359,1.0000000,1,1,0.49324550000000000,0.493245500000,1.01360149184955,1.01360149184955,1.01360149184955,0E-17,ELIGIBLE,R03b_20260811_FULL_v1,L1_ELIGIBILITY,v2026-08-11,2026-03-21..2026-08-06,baccarat_bet02_101_all_pairs_incl_sentinel,round_win = game_pnl > 0 (decisive only),COMPATIBILITY_ONLY_NOT_PRODUCTION,3165.3389,2702.2232,482.4106,52,52,-0.15240410,,-0.15240410,-0.15240410,-482.4106,3165.3389,OK,0.0000,19.2964,4.0000,96.0000,AG03-UNRESOLVED,ALL5_LEVELS_bet23_to_bet27,19.2964,19.2964,19.2964,24.1205,24.1205,4.000000,4.000000,4.000000,5.000000,5.000000,96.000000,96.000000,96.000000,95.000000,95.000000,5.0,106.1303,97.2182,376.2803,385.1925,PENDING_AG03,FALSE,NOT_FOR_ENFORCEMENT,463.1142,2594.1343,482.4106,463.1142,19.2964,0.15240410,0.14630794,19.2964,463.1142,0.14630794,19.2964,19.2964,19.2964,24.1205,24.1205,463.1142,0.14630794,106.1303,97.2182,376.2803,385.1925,0.11887520,0.12169075,0.00609616,60.8719,51.9658,9.2771,96.4821,13.7832,633.0678,10.4000,,60.8719,26.176,41.8815,71.6385,130.8798,135.5914,261.7596,31.542,0.0,3.2375,6.25,1.453431,20,24,5,2,0E-8,0.15240410,,0E-8,0.000000,0.853692,0.000000,,2026-04-10,2026-06-28,5,35,24,80,0.062500,,,0.000000,,,,,,,,GLOBAL_BASELINE_NO_ENTITY_RANKING,,,NOT_APPLICABLE_GLOBAL_BASELINE,HF9g-P5,,,,X 全窗基线 · 不参与实体赏罚,8393749,840,A168_HF9F_20260827_0900,2026-08-27 09:00:00
2026-04-10,148471472,2241,0,52.3519095360,0E-10,0E-10,0.5000000,2,2,0.49324550000000000,0.493245500000,0.01910635448239258,0.01910635448239258,0.01910635448239258,0E-17,ELIGIBLE,R03b_20260811_FULL_v1,L1_ELIGIBILITY,v2026-08-11,2026-03-21..2026-08-06,baccarat_bet02_101_all_pairs_incl_sentinel,round_win = game_pnl > 0 (decisive only),COMPATIBILITY_ONLY_NOT_PRODUCTION,3165.3389,2702.2232,482.4106,52,52,-0.15240410,,-0.15240410,-0.15240410,-482.4106,3165.3389,OK,0.0000,19.2964,4.0000,96.0000,AG03-UNRESOLVED,ALL5_LEVELS_bet23_to_bet27,19.2964,19.2964,19.2964,24.1205,24.1205,4.000000,4.000000,4.000000,5.000000,5.000000,96.000000,96.000000,96.000000,95.000000,95.000000,5.0,106.1303,97.2182,376.2803,385.1925,PENDING_AG03,FALSE,NOT_FOR_ENFORCEMENT,463.1142,2594.1343,482.4106,463.1142,19.2964,0.15240410,0.14630794,19.2964,463.1142,0.14630794,19.2964,19.2964,19.2964,24.1205,24.1205,463.1142,0.14630794,106.1303,97.2182,376.2803,385.1925,0.11887520,0.12169075,0.00609616,60.8719,51.9658,9.2771,96.4821,13.7832,633.0678,10.4000,,60.8719,26.176,41.8815,71.6385,130.8798,135.5914,261.7596,31.542,0.0,3.2375,6.25,1.453431,20,24,5,2,0E-8,0.15240410,,0E-8,0.000000,0.853692,0.000000,,2026-04-10,2026-06-28,5,35,24,80,0.062500,,,0.000000,,,,,,,,GLOBAL_BASELINE_NO_ENTITY_RANKING,,,NOT_APPLICABLE_GLOBAL_BASELINE,HF9g-P5,,,,X 全窗基线 · 不参与实体赏罚,8393750,840,A168_HF9F_20260827_0900,2026-08-27 09:00:00
2026-04-10,148471472,2250,0,28.7935502447,-28.7935502447,-28.7935502447,0E-7,1,1,0.49324550000000000,0.493245500000,-0.9865810262130424,-0.9865810262130424,-0.9865810262130424,0E-17,ELIGIBLE,R03b_20260811_FULL_v1,L1_ELIGIBILITY,v2026-08-11,2026-03-21..2026-08-06,baccarat_bet02_101_all_pairs_incl_sentinel,round_win = game_pnl > 0 (decisive only),COMPATIBILITY_ONLY_NOT_PRODUCTION,3165.3389,2702.2232,482.4106,52,52,-0.15240410,,-0.15240410,-0.15240410,-482.4106,3165.3389,OK,0.0000,19.2964,4.0000,96.0000,AG03-UNRESOLVED,ALL5_LEVELS_bet23_to_bet27,19.2964,19.2964,19.2964,24.1205,24.1205,4.000000,4.000000,4.000000,5.000000,5.000000,96.000000,96.000000,96.000000,95.000000,95.000000,5.0,106.1303,97.2182,376.2803,385.1925,PENDING_AG03,FALSE,NOT_FOR_ENFORCEMENT,463.1142,2594.1343,482.4106,463.1142,19.2964,0.15240410,0.14630794,19.2964,463.1142,0.14630794,19.2964,19.2964,19.2964,24.1205,24.1205,463.1142,0.14630794,106.1303,97.2182,376.2803,385.1925,0.11887520,0.12169075,0.00609616,60.8719,51.9658,9.2771,96.4821,13.7832,633.0678,10.4000,,60.8719,26.176,41.8815,71.6385,130.8798,135.5914,261.7596,31.542,0.0,3.2375,6.25,1.453431,20,24,5,2,0E-8,0.15240410,,0E-8,0.000000,0.853692,0.000000,,2026-04-10,2026-06-28,5,35,24,80,0.062500,,,0.000000,,,,,,,,GLOBAL_BASELINE_NO_ENTITY_RANKING,,,NOT_APPLICABLE_GLOBAL_BASELINE,HF9g-P5,,,,X 全窗基线 · 不参与实体赏罚,8393751,840,A168_HF9F_20260827_0900,2026-08-27 09:00:00
2026-04-10,148471472,2251,0,266.9947386331,-1.5705572861,-1.5705572861,0.5000000,2,2,0.50665070000000000,0.506650700000,-0.018812684590367487,-0.018812684590367487,-0.018812684590367487,0E-17,ELIGIBLE,R03b_20260811_FULL_v1,L1_ELIGIBILITY,v2026-08-11,2026-03-21..2026-08-06,baccarat_bet02_101_all_pairs_incl_sentinel,round_win = game_pnl > 0 (decisive only),COMPATIBILITY_ONLY_NOT_PRODUCTION,3165.3389,2702.2232,482.4106,52,52,-0.15240410,,-0.15240410,-0.15240410,-482.4106,3165.3389,OK,0.0000,19.2964,4.0000,96.0000,AG03-UNRESOLVED,ALL5_LEVELS_bet23_to_bet27,19.2964,19.2964,19.2964,24.1205,24.1205,4.000000,4.000000,4.000000,5.000000,5.000000,96.000000,96.000000,96.000000,95.000000,95.000000,5.0,106.1303,97.2182,376.2803,385.1925,PENDING_AG03,FALSE,NOT_FOR_ENFORCEMENT,463.1142,2594.1343,482.4106,463.1142,19.2964,0.15240410,0.14630794,19.2964,463.1142,0.14630794,19.2964,19.2964,19.2964,24.1205,24.1205,463.1142,0.14630794,106.1303,97.2182,376.2803,385.1925,0.11887520,0.12169075,0.00609616,60.8719,51.9658,9.2771,96.4821,13.7832,633.0678,10.4000,,60.8719,26.176,41.8815,71.6385,130.8798,135.5914,261.7596,31.542,0.0,3.2375,6.25,1.453431,20,24,5,2,0E-8,0.15240410,,0E-8,0.000000,0.853692,0.000000,,2026-04-10,2026-06-28,5,35,24,80,0.062500,,,0.000000,,,,,,,,GLOBAL_BASELINE_NO_ENTITY_RANKING,,,NOT_APPLICABLE_GLOBAL_BASELINE,HF9g-P5,,,,X 全窗基线 · 不参与实体赏罚,8393752,840,A168_HF9F_20260827_0900,2026-08-27 09:00:00
2026-04-10,148471472,2258,0,157.0557286078,-78.5278643039,-78.5278643039,0E-7,2,2,0.49324550000000000,0.493245500000,-0.9865810262130424,-0.9865810262130424,-0.9865810262130424,0E-17,ELIGIBLE,R03b_20260811_FULL_v1,L1_ELIGIBILITY,v2026-08-11,2026-03-21..2026-08-06,baccarat_bet02_101_all_pairs_incl_sentinel,round_win = game_pnl > 0 (decisive only),COMPATIBILITY_ONLY_NOT_PRODUCTION,3165.3389,2702.2232,482.4106,52,52,-0.15240410,,-0.15240410,-0.15240410,-482.4106,3165.3389,OK,0.0000,19.2964,4.0000,96.0000,AG03-UNRESOLVED,ALL5_LEVELS_bet23_to_bet27,19.2964,19.2964,19.2964,24.1205,24.1205,4.000000,4.000000,4.000000,5.000000,5.000000,96.000000,96.000000,96.000000,95.000000,95.000000,5.0,106.1303,97.2182,376.2803,385.1925,PENDING_AG03,FALSE,NOT_FOR_ENFORCEMENT,463.1142,2594.1343,482.4106,463.1142,19.2964,0.15240410,0.14630794,19.2964,463.1142,0.14630794,19.2964,19.2964,19.2964,24.1205,24.1205,463.1142,0.14630794,106.1303,97.2182,376.2803,385.1925,0.11887520,0.12169075,0.00609616,60.8719,51.9658,9.2771,96.4821,13.7832,633.0678,10.4000,,60.8719,26.176,41.8815,71.6385,130.8798,135.5914,261.7596,31.542,0.0,3.2375,6.25,1.453431,20,24,5,2,0E-8,0.15240410,,0E-8,0.000000,0.853692,0.000000,,2026-04-10,2026-06-28,5,35,24,80,0.062500,,,0.000000,,,,,,,,GLOBAL_BASELINE_NO_ENTITY_RANKING,,,NOT_APPLICABLE_GLOBAL_BASELINE,HF9g-P5,,,,X 全窗基线 · 不参与实体赏罚,8393753,840,A168_HF9F_20260827_0900,2026-08-27 09:00:00
2026-04-10,148471472,471,0,31.6729052692,30.0892600058,30.0892600058,1.0000000,1,1,0.50665070000000000,0.506650700000,0.9867858985152569,0.9867858985152569,0.9867858985152569,0E-17,ELIGIBLE,R03b_20260811_FULL_v1,L1_ELIGIBILITY,v2026-08-11,2026-03-21..2026-08-06,baccarat_bet02_101_all_pairs_incl_sentinel,round_win = game_pnl > 0 (decisive only),COMPATIBILITY_ONLY_NOT_PRODUCTION,3165.3389,2702.2232,482.4106,52,52,-0.15240410,,-0.15240410,-0.15240410,-482.4106,3165.3389,OK,0.0000,19.2964,4.0000,96.0000,AG03-UNRESOLVED,ALL5_LEVELS_bet23_to_bet27,19.2964,19.2964,19.2964,24.1205,24.1205,4.000000,4.000000,4.000000,5.000000,5.000000,96.000000,96.000000,96.000000,95.000000,95.000000,5.0,106.1303,97.2182,376.2803,385.1925,PENDING_AG03,FALSE,NOT_FOR_ENFORCEMENT,463.1142,2594.1343,482.4106,463.1142,19.2964,0.15240410,0.14630794,19.2964,463.1142,0.14630794,19.2964,19.2964,19.2964,24.1205,24.1205,463.1142,0.14630794,106.1303,97.2182,376.2803,385.1925,0.11887520,0.12169075,0.00609616,60.8719,51.9658,9.2771,96.4821,13.7832,633.0678,10.4000,,60.8719,26.176,41.8815,71.6385,130.8798,135.5914,261.7596,31.542,0.0,3.2375,6.25,1.453431,20,24,5,2,0E-8,0.15240410,,0E-8,0.000000,0.853692,0.000000,,2026-04-10,2026-06-28,5,35,24,80,0.062500,,,0.000000,,,,,,,,GLOBAL_BASELINE_NO_ENTITY_RANKING,,,NOT_APPLICABLE_GLOBAL_BASELINE,HF9g-P5,,,,X 全窗基线 · 不参与实体赏罚,8393754,840,A168_HF9F_20260827_0900,2026-08-27 09:00:00
2026-04-10,148471472,526,0,65.4398869199,-65.4398869199,-65.4398869199,0E-7,1,1,0.50665070000000000,0.506650700000,-1.013391052207602,-1.013391052207602,-1.013391052207602,0E-17,ELIGIBLE,R03b_20260811_FULL_v1,L1_ELIGIBILITY,v2026-08-11,2026-03-21..2026-08-06,baccarat_bet02_101_all_pairs_incl_sentinel,round_win = game_pnl > 0 (decisive only),COMPATIBILITY_ONLY_NOT_PRODUCTION,3165.3389,2702.2232,482.4106,52,52,-0.15240410,,-0.15240410,-0.15240410,-482.4106,3165.3389,OK,0.0000,19.2964,4.0000,96.0000,AG03-UNRESOLVED,ALL5_LEVELS_bet23_to_bet27,19.2964,19.2964,19.2964,24.1205,24.1205,4.000000,4.000000,4.000000,5.000000,5.000000,96.000000,96.000000,96.000000,95.000000,95.000000,5.0,106.1303,97.2182,376.2803,385.1925,PENDING_AG03,FALSE,NOT_FOR_ENFORCEMENT,463.1142,2594.1343,482.4106,463.1142,19.2964,0.15240410,0.14630794,19.2964,463.1142,0.14630794,19.2964,19.2964,19.2964,24.1205,24.1205,463.1142,0.14630794,106.1303,97.2182,376.2803,385.1925,0.11887520,0.12169075,0.00609616,60.8719,51.9658,9.2771,96.4821,13.7832,633.0678,10.4000,,60.8719,26.176,41.8815,71.6385,130.8798,135.5914,261.7596,31.542,0.0,3.2375,6.25,1.453431,20,24,5,2,0E-8,0.15240410,,0E-8,0.000000,0.853692,0.000000,,2026-04-10,2026-06-28,5,35,24,80,0.062500,,,0.000000,,,,,,,,GLOBAL_BASELINE_NO_ENTITY_RANKING,,,NOT_APPLICABLE_GLOBAL_BASELINE,HF9g-P5,,,,X 全窗基线 · 不参与实体赏罚,8393755,840,A168_HF9F_20260827_0900,2026-08-27 09:00:00
2026-04-10,148471472,583,0,26.1759547680,0E-10,0E-10,,1,1,0.49324550000000000,0.493245500000,,,,0E-17,NO_DECISIVE_ROUND,R03b_20260811_FULL_v1,L1_ELIGIBILITY,v2026-08-11,2026-03-21..2026-08-06,baccarat_bet02_101_all_pairs_incl_sentinel,round_win = game_pnl > 0 (decisive only),COMPATIBILITY_ONLY_NOT_PRODUCTION,3165.3389,2702.2232,482.4106,52,52,-0.15240410,,-0.15240410,-0.15240410,-482.4106,3165.3389,OK,0.0000,19.2964,4.0000,96.0000,AG03-UNRESOLVED,ALL5_LEVELS_bet23_to_bet27,19.2964,19.2964,19.2964,24.1205,24.1205,4.000000,4.000000,4.000000,5.000000,5.000000,96.000000,96.000000,96.000000,95.000000,95.000000,5.0,106.1303,97.2182,376.2803,385.1925,PENDING_AG03,FALSE,NOT_FOR_ENFORCEMENT,463.1142,2594.1343,482.4106,463.1142,19.2964,0.15240410,0.14630794,19.2964,463.1142,0.14630794,19.2964,19.2964,19.2964,24.1205,24.1205,463.1142,0.14630794,106.1303,97.2182,376.2803,385.1925,0.11887520,0.12169075,0.00609616,60.8719,51.9658,9.2771,96.4821,13.7832,633.0678,10.4000,,60.8719,26.176,41.8815,71.6385,130.8798,135.5914,261.7596,31.542,0.0,3.2375,6.25,1.453431,20,24,5,2,0E-8,0.15240410,,0E-8,0.000000,0.853692,0.000000,,2026-04-10,2026-06-28,5,35,24,80,0.062500,,,0.000000,,,,,,,,GLOBAL_BASELINE_NO_ENTITY_RANKING,,,NOT_APPLICABLE_GLOBAL_BASELINE,HF9g-P5,,,,X 全窗基线 · 不参与实体赏罚,8393756,840,A168_HF9F_20260827_0900,2026-08-27 09:00:00
2026-04-10,148471472,970,0,91.6158416878,87.0350496034,87.0350496034,1.0000000,2,2,0.50665070000000000,0.506650700000,1.3955260008387969,1.3955260008387969,1.3955260008387969,0E-17,ELIGIBLE,R03b_20260811_FULL_v1,L1_ELIGIBILITY,v2026-08-11,2026-03-21..2026-08-06,baccarat_bet02_101_all_pairs_incl_sentinel,round_win = game_pnl > 0 (decisive only),COMPATIBILITY_ONLY_NOT_PRODUCTION,3165.3389,2702.2232,482.4106,52,52,-0.15240410,,-0.15240410,-0.15240410,-482.4106,3165.3389,OK,0.0000,19.2964,4.0000,96.0000,AG03-UNRESOLVED,ALL5_LEVELS_bet23_to_bet27,19.2964,19.2964,19.2964,24.1205,24.1205,4.000000,4.000000,4.000000,5.000000,5.000000,96.000000,96.000000,96.000000,95.000000,95.000000,5.0,106.1303,97.2182,376.2803,385.1925,PENDING_AG03,FALSE,NOT_FOR_ENFORCEMENT,463.1142,2594.1343,482.4106,463.1142,19.2964,0.15240410,0.14630794,19.2964,463.1142,0.14630794,19.2964,19.2964,19.2964,24.1205,24.1205,463.1142,0.14630794,106.1303,97.2182,376.2803,385.1925,0.11887520,0.12169075,0.00609616,60.8719,51.9658,9.2771,96.4821,13.7832,633.0678,10.4000,,60.8719,26.176,41.8815,71.6385,130.8798,135.5914,261.7596,31.542,0.0,3.2375,6.25,1.453431,20,24,5,2,0E-8,0.15240410,,0E-8,0.000000,0.853692,0.000000,,2026-04-10,2026-06-28,5,35,24,80,0.062500,,,0.000000,,,,,,,,GLOBAL_BASELINE_NO_ENTITY_RANKING,,,NOT_APPLICABLE_GLOBAL_BASELINE,HF9g-P5,,,,X 全窗基线 · 不参与实体赏罚,8393757,840,A168_HF9F_20260827_0900,2026-08-27 09:00:00
2026-04-10,148471472,986,0,252.0744444153,220.4015391461,220.4015391461,1.0000000,4,4,0.49324550000000000,0.493245500000,1.755609282511032,1.7556092825110319,1.755609282511032,0E-17,ELIGIBLE,R03b_20260811_FULL_v1,L1_ELIGIBILITY,v2026-08-11,2026-03-21..2026-08-06,baccarat_bet02_101_all_pairs_incl_sentinel,round_win = game_pnl > 0 (decisive only),COMPATIBILITY_ONLY_NOT_PRODUCTION,3165.3389,2702.2232,482.4106,52,52,-0.15240410,,-0.15240410,-0.15240410,-482.4106,3165.3389,OK,0.0000,19.2964,4.0000,96.0000,AG03-UNRESOLVED,ALL5_LEVELS_bet23_to_bet27,19.2964,19.2964,19.2964,24.1205,24.1205,4.000000,4.000000,4.000000,5.000000,5.000000,96.000000,96.000000,96.000000,95.000000,95.000000,5.0,106.1303,97.2182,376.2803,385.1925,PENDING_AG03,FALSE,NOT_FOR_ENFORCEMENT,463.1142,2594.1343,482.4106,463.1142,19.2964,0.15240410,0.14630794,19.2964,463.1142,0.14630794,19.2964,19.2964,19.2964,24.1205,24.1205,463.1142,0.14630794,106.1303,97.2182,376.2803,385.1925,0.11887520,0.12169075,0.00609616,60.8719,51.9658,9.2771,96.4821,13.7832,633.0678,10.4000,,60.8719,26.176,41.8815,71.6385,130.8798,135.5914,261.7596,31.542,0.0,3.2375,6.25,1.453431,20,24,5,2,0E-8,0.15240410,,0E-8,0.000000,0.853692,0.000000,,2026-04-10,2026-06-28,5,35,24,80,0.062500,,,0.000000,,,,,,,,GLOBAL_BASELINE_NO_ENTITY_RANKING,,,NOT_APPLICABLE_GLOBAL_BASELINE,HF9g-P5,,,,X 全窗基线 · 不参与实体赏罚,8393758,840,A168_HF9F_20260827_0900,2026-08-27 09:00:00
2026-04-24,148471472,-1,1,29.3170693401,-29.3170693401,-29.3170693401,0E-7,1,1,0.49324550000000000,0.493245500000,-0.9865810262130424,-0.9865810262130424,-0.9865810262130424,0E-17,SENTINEL_DEALER,R03b_20260811_FULL_v1,L1_ELIGIBILITY,v2026-08-11,2026-03-21..2026-08-06,baccarat_bet02_101_all_pairs_incl_sentinel,round_win = game_pnl > 0 (decisive only),COMPATIBILITY_ONLY_NOT_PRODUCTION,3165.3389,2702.2232,482.4106,52,52,-0.15240410,,-0.15240410,-0.15240410,-482.4106,3165.3389,OK,0.0000,19.2964,4.0000,96.0000,AG03-UNRESOLVED,ALL5_LEVELS_bet23_to_bet27,19.2964,19.2964,19.2964,24.1205,24.1205,4.000000,4.000000,4.000000,5.000000,5.000000,96.000000,96.000000,96.000000,95.000000,95.000000,5.0,106.1303,97.2182,376.2803,385.1925,PENDING_AG03,FALSE,NOT_FOR_ENFORCEMENT,463.1142,2594.1343,482.4106,463.1142,19.2964,0.15240410,0.14630794,19.2964,463.1142,0.14630794,19.2964,19.2964,19.2964,24.1205,24.1205,463.1142,0.14630794,106.1303,97.2182,376.2803,385.1925,0.11887520,0.12169075,0.00609616,60.8719,51.9658,9.2771,96.4821,13.7832,633.0678,10.4000,,60.8719,26.176,41.8815,71.6385,130.8798,135.5914,261.7596,31.542,0.0,3.2375,6.25,1.453431,20,24,5,2,0E-8,0.15240410,,0E-8,0.000000,0.853692,0.000000,,2026-04-10,2026-06-28,5,35,24,80,0.062500,,,0.000000,,,,,,,,GLOBAL_BASELINE_NO_ENTITY_RANKING,,,NOT_APPLICABLE_GLOBAL_BASELINE,HF9g-P5,,,,X 全窗基线 · 不参与实体赏罚,8393759,840,A168_HF9F_20260827_0900,2026-08-27 09:00:00
2026-05-09,148471472,2235,0,51.8914431010,0E-10,0E-10,,1,1,0.49324550000000000,0.493245500000,,,,0E-17,NO_DECISIVE_ROUND,R03b_20260811_FULL_v1,L1_ELIGIBILITY,v2026-08-11,2026-03-21..2026-08-06,baccarat_bet02_101_all_pairs_incl_sentinel,round_win = game_pnl > 0 (decisive only),COMPATIBILITY_ONLY_NOT_PRODUCTION,3165.3389,2702.2232,482.4106,52,52,-0.15240410,,-0.15240410,-0.15240410,-482.4106,3165.3389,OK,0.0000,19.2964,4.0000,96.0000,AG03-UNRESOLVED,ALL5_LEVELS_bet23_to_bet27,19.2964,19.2964,19.2964,24.1205,24.1205,4.000000,4.000000,4.000000,5.000000,5.000000,96.000000,96.000000,96.000000,95.000000,95.000000,5.0,106.1303,97.2182,376.2803,385.1925,PENDING_AG03,FALSE,NOT_FOR_ENFORCEMENT,463.1142,2594.1343,482.4106,463.1142,19.2964,0.15240410,0.14630794,19.2964,463.1142,0.14630794,19.2964,19.2964,19.2964,24.1205,24.1205,463.1142,0.14630794,106.1303,97.2182,376.2803,385.1925,0.11887520,0.12169075,0.00609616,60.8719,51.9658,9.2771,96.4821,13.7832,633.0678,10.4000,,60.8719,26.176,41.8815,71.6385,130.8798,135.5914,261.7596,31.542,0.0,3.2375,6.25,1.453431,20,24,5,2,0E-8,0.15240410,,0E-8,0.000000,0.853692,0.000000,,2026-04-10,2026-06-28,5,35,24,80,0.062500,,,0.000000,,,,,,,,GLOBAL_BASELINE_NO_ENTITY_RANKING,,,NOT_APPLICABLE_GLOBAL_BASELINE,HF9g-P5,,,,X 全窗基线 · 不参与实体赏罚,8393760,840,A168_HF9F_20260827_0900,2026-08-27 09:00:00
2026-05-09,148471472,2250,0,77.8371646515,-77.8371646515,-77.8371646515,0E-7,1,1,0.49324550000000000,0.493245500000,-0.9865810262130424,-0.9865810262130424,-0.9865810262130424,0E-17,ELIGIBLE,R03b_20260811_FULL_v1,L1_ELIGIBILITY,v2026-08-11,2026-03-21..2026-08-06,baccarat_bet02_101_all_pairs_incl_sentinel,round_win = game_pnl > 0 (decisive only),COMPATIBILITY_ONLY_NOT_PRODUCTION,3165.3389,2702.2232,482.4106,52,52,-0.15240410,,-0.15240410,-0.15240410,-482.4106,3165.3389,OK,0.0000,19.2964,4.0000,96.0000,AG03-UNRESOLVED,ALL5_LEVELS_bet23_to_bet27,19.2964,19.2964,19.2964,24.1205,24.1205,4.000000,4.000000,4.000000,5.000000,5.000000,96.000000,96.000000,96.000000,95.000000,95.000000,5.0,106.1303,97.2182,376.2803,385.1925,PENDING_AG03,FALSE,NOT_FOR_ENFORCEMENT,463.1142,2594.1343,482.4106,463.1142,19.2964,0.15240410,0.14630794,19.2964,463.1142,0.14630794,19.2964,19.2964,19.2964,24.1205,24.1205,463.1142,0.14630794,106.1303,97.2182,376.2803,385.1925,0.11887520,0.12169075,0.00609616,60.8719,51.9658,9.2771,96.4821,13.7832,633.0678,10.4000,,60.8719,26.176,41.8815,71.6385,130.8798,135.5914,261.7596,31.542,0.0,3.2375,6.25,1.453431,20,24,5,2,0E-8,0.15240410,,0E-8,0.000000,0.853692,0.000000,,2026-04-10,2026-06-28,5,35,24,80,0.062500,,,0.000000,,,,,,,,GLOBAL_BASELINE_NO_ENTITY_RANKING,,,NOT_APPLICABLE_GLOBAL_BASELINE,HF9g-P5,,,,X 全窗基线 · 不参与实体赏罚,8393761,840,A168_HF9F_20260827_0900,2026-08-27 09:00:00
2026-06-22,148471472,2141,0,16.4579422429,-16.4579422429,-16.4579422429,0E-7,1,1,0.50665070000000000,0.506650700000,-1.013391052207602,-1.013391052207602,-1.013391052207602,0E-17,ELIGIBLE,R03b_20260811_FULL_v1,L1_ELIGIBILITY,v2026-08-11,2026-03-21..2026-08-06,baccarat_bet02_101_all_pairs_incl_sentinel,round_win = game_pnl > 0 (decisive only),COMPATIBILITY_ONLY_NOT_PRODUCTION,3165.3389,2702.2232,482.4106,52,52,-0.15240410,,-0.15240410,-0.15240410,-482.4106,3165.3389,OK,0.0000,19.2964,4.0000,96.0000,AG03-UNRESOLVED,ALL5_LEVELS_bet23_to_bet27,19.2964,19.2964,19.2964,24.1205,24.1205,4.000000,4.000000,4.000000,5.000000,5.000000,96.000000,96.000000,96.000000,95.000000,95.000000,5.0,106.1303,97.2182,376.2803,385.1925,PENDING_AG03,FALSE,NOT_FOR_ENFORCEMENT,463.1142,2594.1343,482.4106,463.1142,19.2964,0.15240410,0.14630794,19.2964,463.1142,0.14630794,19.2964,19.2964,19.2964,24.1205,24.1205,463.1142,0.14630794,106.1303,97.2182,376.2803,385.1925,0.11887520,0.12169075,0.00609616,60.8719,51.9658,9.2771,96.4821,13.7832,633.0678,10.4000,,60.8719,26.176,41.8815,71.6385,130.8798,135.5914,261.7596,31.542,0.0,3.2375,6.25,1.453431,20,24,5,2,0E-8,0.15240410,,0E-8,0.000000,0.853692,0.000000,,2026-04-10,2026-06-28,5,35,24,80,0.062500,,,0.000000,,,,,,,,GLOBAL_BASELINE_NO_ENTITY_RANKING,,,NOT_APPLICABLE_GLOBAL_BASELINE,HF9g-P5,,,,X 全窗基线 · 不参与实体赏罚,8393762,840,A168_HF9F_20260827_0900,2026-08-27 09:00:00
2026-06-28,148471472,1383,0,13.6292334199,-13.6292334199,-13.6292334199,0E-7,1,1,0.50665070000000000,0.506650700000,-1.013391052207602,-1.013391052207602,-1.013391052207602,0E-17,ELIGIBLE,R03b_20260811_FULL_v1,L1_ELIGIBILITY,v2026-08-11,2026-03-21..2026-08-06,baccarat_bet02_101_all_pairs_incl_sentinel,round_win = game_pnl > 0 (decisive only),COMPATIBILITY_ONLY_NOT_PRODUCTION,3165.3389,2702.2232,482.4106,52,52,-0.15240410,,-0.15240410,-0.15240410,-482.4106,3165.3389,OK,0.0000,19.2964,4.0000,96.0000,AG03-UNRESOLVED,ALL5_LEVELS_bet23_to_bet27,19.2964,19.2964,19.2964,24.1205,24.1205,4.000000,4.000000,4.000000,5.000000,5.000000,96.000000,96.000000,96.000000,95.000000,95.000000,5.0,106.1303,97.2182,376.2803,385.1925,PENDING_AG03,FALSE,NOT_FOR_ENFORCEMENT,463.1142,2594.1343,482.4106,463.1142,19.2964,0.15240410,0.14630794,19.2964,463.1142,0.14630794,19.2964,19.2964,19.2964,24.1205,24.1205,463.1142,0.14630794,106.1303,97.2182,376.2803,385.1925,0.11887520,0.12169075,0.00609616,60.8719,51.9658,9.2771,96.4821,13.7832,633.0678,10.4000,,60.8719,26.176,41.8815,71.6385,130.8798,135.5914,261.7596,31.542,0.0,3.2375,6.25,1.453431,20,24,5,2,0E-8,0.15240410,,0E-8,0.000000,0.853692,0.000000,,2026-04-10,2026-06-28,5,35,24,80,0.062500,,,0.000000,,,,,,,,GLOBAL_BASELINE_NO_ENTITY_RANKING,,,NOT_APPLICABLE_GLOBAL_BASELINE,HF9g-P5,,,,X 全窗基线 · 不参与实体赏罚,8393763,840,A168_HF9F_20260827_0900,2026-08-27 09:00:00
2026-03-25,43948123,-1,1,88.0359186548,-88.0359186548,-88.0359186548,0E-7,1,1,0.49324550000000000,0.493245500000,-0.9865810262130424,-0.9865810262130424,-0.9865810262130424,0E-17,SENTINEL_DEALER,R03b_20260811_FULL_v1,L1_ELIGIBILITY,v2026-08-11,2026-03-21..2026-08-06,baccarat_bet02_101_all_pairs_incl_sentinel,round_win = game_pnl > 0 (decisive only),COMPATIBILITY_ONLY_NOT_PRODUCTION,3433.4985,3218.3429,482.4350,44,44,-0.14050829,,-0.14050829,-0.14050829,-482.4350,3433.4985,OK,0.0000,19.2974,4.0000,96.0000,AG03-UNRESOLVED,ALL5_LEVELS_bet23_to_bet27,19.2974,19.2974,19.2974,0.0000,0.0000,4.000000,4.000000,4.000000,0.000000,0.000000,96.000000,96.000000,96.000000,100.000000,100.000000,5.0,57.8922,55.6074,424.5428,426.8276,PENDING_AG03,FALSE,NOT_FOR_ENFORCEMENT,463.1376,3089.6092,482.4350,463.1376,19.2974,0.14050829,0.13488796,19.2974,463.1376,0.13488796,19.2974,19.2974,19.2974,0.0000,0.0000,463.1376,0.13488796,57.8922,55.6074,424.5428,426.8276,0.12364729,0.12431274,0.00562033,78.0341,73.1442,10.9644,43.8577,16.6357,312.1362,4.0000,,78.0341,22.009,53.3801,118.7763,210.062,210.062,210.062,44.128,0.0,3.935214,3.935214,1.461858,12,22,17,2,0E-8,0.14050829,,0E-8,0.000000,0.937336,0.545455,,2026-03-25,2026-06-09,11,29,26,77,0.142857,,,0.000000,,,,,,,,GLOBAL_BASELINE_NO_ENTITY_RANKING,,,NOT_APPLICABLE_GLOBAL_BASELINE,HF9g-P5,,,,X 全窗基线 · 不参与实体赏罚,8393764,840,A168_HF9F_20260827_0900,2026-08-27 09:00:00
2026-03-25,43948123,2212,0,44.0179593274,44.0179593274,44.0179593274,1.0000000,1,1,0.49324550000000000,0.493245500000,1.01360149184955,1.01360149184955,1.01360149184955,0E-17,ELIGIBLE,R03b_20260811_FULL_v1,L1_ELIGIBILITY,v2026-08-11,2026-03-21..2026-08-06,baccarat_bet02_101_all_pairs_incl_sentinel,round_win = game_pnl > 0 (decisive only),COMPATIBILITY_ONLY_NOT_PRODUCTION,3433.4985,3218.3429,482.4350,44,44,-0.14050829,,-0.14050829,-0.14050829,-482.4350,3433.4985,OK,0.0000,19.2974,4.0000,96.0000,AG03-UNRESOLVED,ALL5_LEVELS_bet23_to_bet27,19.2974,19.2974,19.2974,0.0000,0.0000,4.000000,4.000000,4.000000,0.000000,0.000000,96.000000,96.000000,96.000000,100.000000,100.000000,5.0,57.8922,55.6074,424.5428,426.8276,PENDING_AG03,FALSE,NOT_FOR_ENFORCEMENT,463.1376,3089.6092,482.4350,463.1376,19.2974,0.14050829,0.13488796,19.2974,463.1376,0.13488796,19.2974,19.2974,19.2974,0.0000,0.0000,463.1376,0.13488796,57.8922,55.6074,424.5428,426.8276,0.12364729,0.12431274,0.00562033,78.0341,73.1442,10.9644,43.8577,16.6357,312.1362,4.0000,,78.0341,22.009,53.3801,118.7763,210.062,210.062,210.062,44.128,0.0,3.935214,3.935214,1.461858,12,22,17,2,0E-8,0.14050829,,0E-8,0.000000,0.937336,0.545455,,2026-03-25,2026-06-09,11,29,26,77,0.142857,,,0.000000,,,,,,,,GLOBAL_BASELINE_NO_ENTITY_RANKING,,,NOT_APPLICABLE_GLOBAL_BASELINE,HF9g-P5,,,,X 全窗基线 · 不参与实体赏罚,8393765,840,A168_HF9F_20260827_0900,2026-08-27 09:00:00
2026-03-28,43948123,1405,0,110.0448983185,110.0448983185,110.0448983185,1.0000000,1,1,0.50665070000000000,0.506650700000,0.9867858985152569,0.9867858985152569,0.9867858985152569,0E-17,ELIGIBLE,R03b_20260811_FULL_v1,L1_ELIGIBILITY,v2026-08-11,2026-03-21..2026-08-06,baccarat_bet02_101_all_pairs_incl_sentinel,round_win = game_pnl > 0 (decisive only),COMPATIBILITY_ONLY_NOT_PRODUCTION,3433.4985,3218.3429,482.4350,44,44,-0.14050829,,-0.14050829,-0.14050829,-482.4350,3433.4985,OK,0.0000,19.2974,4.0000,96.0000,AG03-UNRESOLVED,ALL5_LEVELS_bet23_to_bet27,19.2974,19.2974,19.2974,0.0000,0.0000,4.000000,4.000000,4.000000,0.000000,0.000000,96.000000,96.000000,96.000000,100.000000,100.000000,5.0,57.8922,55.6074,424.5428,426.8276,PENDING_AG03,FALSE,NOT_FOR_ENFORCEMENT,463.1376,3089.6092,482.4350,463.1376,19.2974,0.14050829,0.13488796,19.2974,463.1376,0.13488796,19.2974,19.2974,19.2974,0.0000,0.0000,463.1376,0.13488796,57.8922,55.6074,424.5428,426.8276,0.12364729,0.12431274,0.00562033,78.0341,73.1442,10.9644,43.8577,16.6357,312.1362,4.0000,,78.0341,22.009,53.3801,118.7763,210.062,210.062,210.062,44.128,0.0,3.935214,3.935214,1.461858,12,22,17,2,0E-8,0.14050829,,0E-8,0.000000,0.937336,0.545455,,2026-03-25,2026-06-09,11,29,26,77,0.142857,,,0.000000,,,,,,,,GLOBAL_BASELINE_NO_ENTITY_RANKING,,,NOT_APPLICABLE_GLOBAL_BASELINE,HF9g-P5,,,,X 全窗基线 · 不参与实体赏罚,8393766,840,A168_HF9F_20260827_0900,2026-08-27 09:00:00
2026-03-28,43948123,1991,0,88.0359186548,-88.0359186548,-88.0359186548,0E-7,1,1,0.49324550000000000,0.493245500000,-0.9865810262130424,-0.9865810262130424,-0.9865810262130424,0E-17,ELIGIBLE,R03b_20260811_FULL_v1,L1_ELIGIBILITY,v2026-08-11,2026-03-21..2026-08-06,baccarat_bet02_101_all_pairs_incl_sentinel,round_win = game_pnl > 0 (decisive only),COMPATIBILITY_ONLY_NOT_PRODUCTION,3433.4985,3218.3429,482.4350,44,44,-0.14050829,,-0.14050829,-0.14050829,-482.4350,3433.4985,OK,0.0000,19.2974,4.0000,96.0000,AG03-UNRESOLVED,ALL5_LEVELS_bet23_to_bet27,19.2974,19.2974,19.2974,0.0000,0.0000,4.000000,4.000000,4.000000,0.000000,0.000000,96.000000,96.000000,96.000000,100.000000,100.000000,5.0,57.8922,55.6074,424.5428,426.8276,PENDING_AG03,FALSE,NOT_FOR_ENFORCEMENT,463.1376,3089.6092,482.4350,463.1376,19.2974,0.14050829,0.13488796,19.2974,463.1376,0.13488796,19.2974,19.2974,19.2974,0.0000,0.0000,463.1376,0.13488796,57.8922,55.6074,424.5428,426.8276,0.12364729,0.12431274,0.00562033,78.0341,73.1442,10.9644,43.8577,16.6357,312.1362,4.0000,,78.0341,22.009,53.3801,118.7763,210.062,210.062,210.062,44.128,0.0,3.935214,3.935214,1.461858,12,22,17,2,0E-8,0.14050829,,0E-8,0.000000,0.937336,0.545455,,2026-03-25,2026-06-09,11,29,26,77,0.142857,,,0.000000,,,,,,,,GLOBAL_BASELINE_NO_ENTITY_RANKING,,,NOT_APPLICABLE_GLOBAL_BASELINE,HF9g-P5,,,,X 全窗基线 · 不参与实体赏罚,8393767,840,A168_HF9F_20260827_0900,2026-08-27 09:00:00
2026-03-28,43948123,2108,0,88.0359186548,-88.0359186548,-88.0359186548,0E-7,1,1,0.49324550000000000,0.493245500000,-0.9865810262130424,-0.9865810262130424,-0.9865810262130424,0E-17,ELIGIBLE,R03b_20260811_FULL_v1,L1_ELIGIBILITY,v2026-08-11,2026-03-21..2026-08-06,baccarat_bet02_101_all_pairs_incl_sentinel,round_win = game_pnl > 0 (decisive only),COMPATIBILITY_ONLY_NOT_PRODUCTION,3433.4985,3218.3429,482.4350,44,44,-0.14050829,,-0.14050829,-0.14050829,-482.4350,3433.4985,OK,0.0000,19.2974,4.0000,96.0000,AG03-UNRESOLVED,ALL5_LEVELS_bet23_to_bet27,19.2974,19.2974,19.2974,0.0000,0.0000,4.000000,4.000000,4.000000,0.000000,0.000000,96.000000,96.000000,96.000000,100.000000,100.000000,5.0,57.8922,55.6074,424.5428,426.8276,PENDING_AG03,FALSE,NOT_FOR_ENFORCEMENT,463.1376,3089.6092,482.4350,463.1376,19.2974,0.14050829,0.13488796,19.2974,463.1376,0.13488796,19.2974,19.2974,19.2974,0.0000,0.0000,463.1376,0.13488796,57.8922,55.6074,424.5428,426.8276,0.12364729,0.12431274,0.00562033,78.0341,73.1442,10.9644,43.8577,16.6357,312.1362,4.0000,,78.0341,22.009,53.3801,118.7763,210.062,210.062,210.062,44.128,0.0,3.935214,3.935214,1.461858,12,22,17,2,0E-8,0.14050829,,0E-8,0.000000,0.937336,0.545455,,2026-03-25,2026-06-09,11,29,26,77,0.142857,,,0.000000,,,,,,,,GLOBAL_BASELINE_NO_ENTITY_RANKING,,,NOT_APPLICABLE_GLOBAL_BASELINE,HF9g-P5,,,,X 全窗基线 · 不参与实体赏罚,8393768,840,A168_HF9F_20260827_0900,2026-08-27 09:00:00
2026-03-28,43948123,2170,0,220.3098864337,88.2560084515,88.2560084515,0.5000000,2,2,0.49994810000000000,0.499948100000,0.00014679536856514622,0.00014679536856514622,0.00014679536856514622,0E-17,ELIGIBLE,R03b_20260811_FULL_v1,L1_ELIGIBILITY,v2026-08-11,2026-03-21..2026-08-06,baccarat_bet02_101_all_pairs_incl_sentinel,round_win = game_pnl > 0 (decisive only),COMPATIBILITY_ONLY_NOT_PRODUCTION,3433.4985,3218.3429,482.4350,44,44,-0.14050829,,-0.14050829,-0.14050829,-482.4350,3433.4985,OK,0.0000,19.2974,4.0000,96.0000,AG03-UNRESOLVED,ALL5_LEVELS_bet23_to_bet27,19.2974,19.2974,19.2974,0.0000,0.0000,4.000000,4.000000,4.000000,0.000000,0.000000,96.000000,96.000000,96.000000,100.000000,100.000000,5.0,57.8922,55.6074,424.5428,426.8276,PENDING_AG03,FALSE,NOT_FOR_ENFORCEMENT,463.1376,3089.6092,482.4350,463.1376,19.2974,0.14050829,0.13488796,19.2974,463.1376,0.13488796,19.2974,19.2974,19.2974,0.0000,0.0000,463.1376,0.13488796,57.8922,55.6074,424.5428,426.8276,0.12364729,0.12431274,0.00562033,78.0341,73.1442,10.9644,43.8577,16.6357,312.1362,4.0000,,78.0341,22.009,53.3801,118.7763,210.062,210.062,210.062,44.128,0.0,3.935214,3.935214,1.461858,12,22,17,2,0E-8,0.14050829,,0E-8,0.000000,0.937336,0.545455,,2026-03-25,2026-06-09,11,29,26,77,0.142857,,,0.000000,,,,,,,,GLOBAL_BASELINE_NO_ENTITY_RANKING,,,NOT_APPLICABLE_GLOBAL_BASELINE,HF9g-P5,,,,X 全窗基线 · 不参与实体赏罚,8393769,840,A168_HF9F_20260827_0900,2026-08-27 09:00:00
2026-03-28,43948123,2216,0,44.2380491240,-44.2380491240,-44.2380491240,0E-7,1,1,0.49324550000000000,0.493245500000,-0.9865810262130424,-0.9865810262130424,-0.9865810262130424,0E-17,ELIGIBLE,R03b_20260811_FULL_v1,L1_ELIGIBILITY,v2026-08-11,2026-03-21..2026-08-06,baccarat_bet02_101_all_pairs_incl_sentinel,round_win = game_pnl > 0 (decisive only),COMPATIBILITY_ONLY_NOT_PRODUCTION,3433.4985,3218.3429,482.4350,44,44,-0.14050829,,-0.14050829,-0.14050829,-482.4350,3433.4985,OK,0.0000,19.2974,4.0000,96.0000,AG03-UNRESOLVED,ALL5_LEVELS_bet23_to_bet27,19.2974,19.2974,19.2974,0.0000,0.0000,4.000000,4.000000,4.000000,0.000000,0.000000,96.000000,96.000000,96.000000,100.000000,100.000000,5.0,57.8922,55.6074,424.5428,426.8276,PENDING_AG03,FALSE,NOT_FOR_ENFORCEMENT,463.1376,3089.6092,482.4350,463.1376,19.2974,0.14050829,0.13488796,19.2974,463.1376,0.13488796,19.2974,19.2974,19.2974,0.0000,0.0000,463.1376,0.13488796,57.8922,55.6074,424.5428,426.8276,0.12364729,0.12431274,0.00562033,78.0341,73.1442,10.9644,43.8577,16.6357,312.1362,4.0000,,78.0341,22.009,53.3801,118.7763,210.062,210.062,210.062,44.128,0.0,3.935214,3.935214,1.461858,12,22,17,2,0E-8,0.14050829,,0E-8,0.000000,0.937336,0.545455,,2026-03-25,2026-06-09,11,29,26,77,0.142857,,,0.000000,,,,,,,,GLOBAL_BASELINE_NO_ENTITY_RANKING,,,NOT_APPLICABLE_GLOBAL_BASELINE,HF9g-P5,,,,X 全窗基线 · 不参与实体赏罚,8393770,840,A168_HF9F_20260827_0900,2026-08-27 09:00:00
2026-03-28,43948123,2232,0,294.9203274936,-294.9203274936,-294.9203274936,0E-7,3,3,0.49771390000000000,0.497713900000,-1.724149546644903,-1.724149546644903,-1.724149546644903,0E-17,ELIGIBLE,R03b_20260811_FULL_v1,L1_ELIGIBILITY,v2026-08-11,2026-03-21..2026-08-06,baccarat_bet02_101_all_pairs_incl_sentinel,round_win = game_pnl > 0 (decisive only),COMPATIBILITY_ONLY_NOT_PRODUCTION,3433.4985,3218.3429,482.4350,44,44,-0.14050829,,-0.14050829,-0.14050829,-482.4350,3433.4985,OK,0.0000,19.2974,4.0000,96.0000,AG03-UNRESOLVED,ALL5_LEVELS_bet23_to_bet27,19.2974,19.2974,19.2974,0.0000,0.0000,4.000000,4.000000,4.000000,0.000000,0.000000,96.000000,96.000000,96.000000,100.000000,100.000000,5.0,57.8922,55.6074,424.5428,426.8276,PENDING_AG03,FALSE,NOT_FOR_ENFORCEMENT,463.1376,3089.6092,482.4350,463.1376,19.2974,0.14050829,0.13488796,19.2974,463.1376,0.13488796,19.2974,19.2974,19.2974,0.0000,0.0000,463.1376,0.13488796,57.8922,55.6074,424.5428,426.8276,0.12364729,0.12431274,0.00562033,78.0341,73.1442,10.9644,43.8577,16.6357,312.1362,4.0000,,78.0341,22.009,53.3801,118.7763,210.062,210.062,210.062,44.128,0.0,3.935214,3.935214,1.461858,12,22,17,2,0E-8,0.14050829,,0E-8,0.000000,0.937336,0.545455,,2026-03-25,2026-06-09,11,29,26,77,0.142857,,,0.000000,,,,,,,,GLOBAL_BASELINE_NO_ENTITY_RANKING,,,NOT_APPLICABLE_GLOBAL_BASELINE,HF9g-P5,,,,X 全窗基线 · 不参与实体赏罚,8393771,840,A168_HF9F_20260827_0900,2026-08-27 09:00:00
2026-03-29,43948123,-1,1,88.0359186548,0E-10,0E-10,0.5000000,4,4,0.49324550000000000,0.493245500000,0.01910635448239258,0.01910635448239258,0.01910635448239258,0E-17,SENTINEL_DEALER,R03b_20260811_FULL_v1,L1_ELIGIBILITY,v2026-08-11,2026-03-21..2026-08-06,baccarat_bet02_101_all_pairs_incl_sentinel,round_win = game_pnl > 0 (decisive only),COMPATIBILITY_ONLY_NOT_PRODUCTION,3433.4985,3218.3429,482.4350,44,44,-0.14050829,,-0.14050829,-0.14050829,-482.4350,3433.4985,OK,0.0000,19.2974,4.0000,96.0000,AG03-UNRESOLVED,ALL5_LEVELS_bet23_to_bet27,19.2974,19.2974,19.2974,0.0000,0.0000,4.000000,4.000000,4.000000,0.000000,0.000000,96.000000,96.000000,96.000000,100.000000,100.000000,5.0,57.8922,55.6074,424.5428,426.8276,PENDING_AG03,FALSE,NOT_FOR_ENFORCEMENT,463.1376,3089.6092,482.4350,463.1376,19.2974,0.14050829,0.13488796,19.2974,463.1376,0.13488796,19.2974,19.2974,19.2974,0.0000,0.0000,463.1376,0.13488796,57.8922,55.6074,424.5428,426.8276,0.12364729,0.12431274,0.00562033,78.0341,73.1442,10.9644,43.8577,16.6357,312.1362,4.0000,,78.0341,22.009,53.3801,118.7763,210.062,210.062,210.062,44.128,0.0,3.935214,3.935214,1.461858,12,22,17,2,0E-8,0.14050829,,0E-8,0.000000,0.937336,0.545455,,2026-03-25,2026-06-09,11,29,26,77,0.142857,,,0.000000,,,,,,,,GLOBAL_BASELINE_NO_ENTITY_RANKING,,,NOT_APPLICABLE_GLOBAL_BASELINE,HF9g-P5,,,,X 全窗基线 · 不参与实体赏罚,8393772,840,A168_HF9F_20260827_0900,2026-08-27 09:00:00
2026-03-29,43948123,2216,0,22.0089796637,22.0089796637,22.0089796637,1.0000000,1,1,0.50665070000000000,0.506650700000,0.9867858985152569,0.9867858985152569,0.9867858985152569,0E-17,ELIGIBLE,R03b_20260811_FULL_v1,L1_ELIGIBILITY,v2026-08-11,2026-03-21..2026-08-06,baccarat_bet02_101_all_pairs_incl_sentinel,round_win = game_pnl > 0 (decisive only),COMPATIBILITY_ONLY_NOT_PRODUCTION,3433.4985,3218.3429,482.4350,44,44,-0.14050829,,-0.14050829,-0.14050829,-482.4350,3433.4985,OK,0.0000,19.2974,4.0000,96.0000,AG03-UNRESOLVED,ALL5_LEVELS_bet23_to_bet27,19.2974,19.2974,19.2974,0.0000,0.0000,4.000000,4.000000,4.000000,0.000000,0.000000,96.000000,96.000000,96.000000,100.000000,100.000000,5.0,57.8922,55.6074,424.5428,426.8276,PENDING_AG03,FALSE,NOT_FOR_ENFORCEMENT,463.1376,3089.6092,482.4350,463.1376,19.2974,0.14050829,0.13488796,19.2974,463.1376,0.13488796,19.2974,19.2974,19.2974,0.0000,0.0000,463.1376,0.13488796,57.8922,55.6074,424.5428,426.8276,0.12364729,0.12431274,0.00562033,78.0341,73.1442,10.9644,43.8577,16.6357,312.1362,4.0000,,78.0341,22.009,53.3801,118.7763,210.062,210.062,210.062,44.128,0.0,3.935214,3.935214,1.461858,12,22,17,2,0E-8,0.14050829,,0E-8,0.000000,0.937336,0.545455,,2026-03-25,2026-06-09,11,29,26,77,0.142857,,,0.000000,,,,,,,,GLOBAL_BASELINE_NO_ENTITY_RANKING,,,NOT_APPLICABLE_GLOBAL_BASELINE,HF9g-P5,,,,X 全窗基线 · 不参与实体赏罚,8393773,840,A168_HF9F_20260827_0900,2026-08-27 09:00:00
2026-03-29,43948123,2244,0,44.0179593274,44.0179593274,44.0179593274,1.0000000,1,1,0.50665070000000000,0.506650700000,0.9867858985152569,0.9867858985152569,0.9867858985152569,0E-17,ELIGIBLE,R03b_20260811_FULL_v1,L1_ELIGIBILITY,v2026-08-11,2026-03-21..2026-08-06,baccarat_bet02_101_all_pairs_incl_sentinel,round_win = game_pnl > 0 (decisive only),COMPATIBILITY_ONLY_NOT_PRODUCTION,3433.4985,3218.3429,482.4350,44,44,-0.14050829,,-0.14050829,-0.14050829,-482.4350,3433.4985,OK,0.0000,19.2974,4.0000,96.0000,AG03-UNRESOLVED,ALL5_LEVELS_bet23_to_bet27,19.2974,19.2974,19.2974,0.0000,0.0000,4.000000,4.000000,4.000000,0.000000,0.000000,96.000000,96.000000,96.000000,100.000000,100.000000,5.0,57.8922,55.6074,424.5428,426.8276,PENDING_AG03,FALSE,NOT_FOR_ENFORCEMENT,463.1376,3089.6092,482.4350,463.1376,19.2974,0.14050829,0.13488796,19.2974,463.1376,0.13488796,19.2974,19.2974,19.2974,0.0000,0.0000,463.1376,0.13488796,57.8922,55.6074,424.5428,426.8276,0.12364729,0.12431274,0.00562033,78.0341,73.1442,10.9644,43.8577,16.6357,312.1362,4.0000,,78.0341,22.009,53.3801,118.7763,210.062,210.062,210.062,44.128,0.0,3.935214,3.935214,1.461858,12,22,17,2,0E-8,0.14050829,,0E-8,0.000000,0.937336,0.545455,,2026-03-25,2026-06-09,11,29,26,77,0.142857,,,0.000000,,,,,,,,GLOBAL_BASELINE_NO_ENTITY_RANKING,,,NOT_APPLICABLE_GLOBAL_BASELINE,HF9g-P5,,,,X 全窗基线 · 不参与实体赏罚,8393774,840,A168_HF9F_20260827_0900,2026-08-27 09:00:00
2026-03-30,43948123,1711,0,66.2470287877,-66.2470287877,-66.2470287877,0E-7,1,1,0.49324550000000000,0.493245500000,-0.9865810262130424,-0.9865810262130424,-0.9865810262130424,0E-17,ELIGIBLE,R03b_20260811_FULL_v1,L1_ELIGIBILITY,v2026-08-11,2026-03-21..2026-08-06,baccarat_bet02_101_all_pairs_incl_sentinel,round_win = game_pnl > 0 (decisive only),COMPATIBILITY_ONLY_NOT_PRODUCTION,3433.4985,3218.3429,482.4350,44,44,-0.14050829,,-0.14050829,-0.14050829,-482.4350,3433.4985,OK,0.0000,19.2974,4.0000,96.0000,AG03-UNRESOLVED,ALL5_LEVELS_bet23_to_bet27,19.2974,19.2974,19.2974,0.0000,0.0000,4.000000,4.000000,4.000000,0.000000,0.000000,96.000000,96.000000,96.000000,100.000000,100.000000,5.0,57.8922,55.6074,424.5428,426.8276,PENDING_AG03,FALSE,NOT_FOR_ENFORCEMENT,463.1376,3089.6092,482.4350,463.1376,19.2974,0.14050829,0.13488796,19.2974,463.1376,0.13488796,19.2974,19.2974,19.2974,0.0000,0.0000,463.1376,0.13488796,57.8922,55.6074,424.5428,426.8276,0.12364729,0.12431274,0.00562033,78.0341,73.1442,10.9644,43.8577,16.6357,312.1362,4.0000,,78.0341,22.009,53.3801,118.7763,210.062,210.062,210.062,44.128,0.0,3.935214,3.935214,1.461858,12,22,17,2,0E-8,0.14050829,,0E-8,0.000000,0.937336,0.545455,,2026-03-25,2026-06-09,11,29,26,77,0.142857,,,0.000000,,,,,,,,GLOBAL_BASELINE_NO_ENTITY_RANKING,,,NOT_APPLICABLE_GLOBAL_BASELINE,HF9g-P5,,,,X 全窗基线 · 不参与实体赏罚,8393775,840,A168_HF9F_20260827_0900,2026-08-27 09:00:00
2026-03-30,43948123,2209,0,37.8554450216,-37.8554450216,-37.8554450216,0E-7,1,1,0.49324550000000000,0.493245500000,-0.9865810262130424,-0.9865810262130424,-0.9865810262130424,0E-17,ELIGIBLE,R03b_20260811_FULL_v1,L1_ELIGIBILITY,v2026-08-11,2026-03-21..2026-08-06,baccarat_bet02_101_all_pairs_incl_sentinel,round_win = game_pnl > 0 (decisive only),COMPATIBILITY_ONLY_NOT_PRODUCTION,3433.4985,3218.3429,482.4350,44,44,-0.14050829,,-0.14050829,-0.14050829,-482.4350,3433.4985,OK,0.0000,19.2974,4.0000,96.0000,AG03-UNRESOLVED,ALL5_LEVELS_bet23_to_bet27,19.2974,19.2974,19.2974,0.0000,0.0000,4.000000,4.000000,4.000000,0.000000,0.000000,96.000000,96.000000,96.000000,100.000000,100.000000,5.0,57.8922,55.6074,424.5428,426.8276,PENDING_AG03,FALSE,NOT_FOR_ENFORCEMENT,463.1376,3089.6092,482.4350,463.1376,19.2974,0.14050829,0.13488796,19.2974,463.1376,0.13488796,19.2974,19.2974,19.2974,0.0000,0.0000,463.1376,0.13488796,57.8922,55.6074,424.5428,426.8276,0.12364729,0.12431274,0.00562033,78.0341,73.1442,10.9644,43.8577,16.6357,312.1362,4.0000,,78.0341,22.009,53.3801,118.7763,210.062,210.062,210.062,44.128,0.0,3.935214,3.935214,1.461858,12,22,17,2,0E-8,0.14050829,,0E-8,0.000000,0.937336,0.545455,,2026-03-25,2026-06-09,11,29,26,77,0.142857,,,0.000000,,,,,,,,GLOBAL_BASELINE_NO_ENTITY_RANKING,,,NOT_APPLICABLE_GLOBAL_BASELINE,HF9g-P5,,,,X 全窗基线 · 不参与实体赏罚,8393776,840,A168_HF9F_20260827_0900,2026-08-27 09:00:00
2026-04-18,43948123,2254,0,63.2471064449,-63.2471064449,-63.2471064449,0E-7,1,1,0.50665070000000000,0.506650700000,-1.013391052207602,-1.013391052207602,-1.013391052207602,0E-17,ELIGIBLE,R03b_20260811_FULL_v1,L1_ELIGIBILITY,v2026-08-11,2026-03-21..2026-08-06,baccarat_bet02_101_all_pairs_incl_sentinel,round_win = game_pnl > 0 (decisive only),COMPATIBILITY_ONLY_NOT_PRODUCTION,3433.4985,3218.3429,482.4350,44,44,-0.14050829,,-0.14050829,-0.14050829,-482.4350,3433.4985,OK,0.0000,19.2974,4.0000,96.0000,AG03-UNRESOLVED,ALL5_LEVELS_bet23_to_bet27,19.2974,19.2974,19.2974,0.0000,0.0000,4.000000,4.000000,4.000000,0.000000,0.000000,96.000000,96.000000,96.000000,100.000000,100.000000,5.0,57.8922,55.6074,424.5428,426.8276,PENDING_AG03,FALSE,NOT_FOR_ENFORCEMENT,463.1376,3089.6092,482.4350,463.1376,19.2974,0.14050829,0.13488796,19.2974,463.1376,0.13488796,19.2974,19.2974,19.2974,0.0000,0.0000,463.1376,0.13488796,57.8922,55.6074,424.5428,426.8276,0.12364729,0.12431274,0.00562033,78.0341,73.1442,10.9644,43.8577,16.6357,312.1362,4.0000,,78.0341,22.009,53.3801,118.7763,210.062,210.062,210.062,44.128,0.0,3.935214,3.935214,1.461858,12,22,17,2,0E-8,0.14050829,,0E-8,0.000000,0.937336,0.545455,,2026-03-25,2026-06-09,11,29,26,77,0.142857,,,0.000000,,,,,,,,GLOBAL_BASELINE_NO_ENTITY_RANKING,,,NOT_APPLICABLE_GLOBAL_BASELINE,HF9g-P5,,,,X 全窗基线 · 不参与实体赏罚,8393777,840,A168_HF9F_20260827_0900,2026-08-27 09:00:00
2026-04-20,43948123,1302,0,84.3294752598,-84.3294752598,-84.3294752598,0E-7,1,1,0.50665070000000000,0.506650700000,-1.013391052207602,-1.013391052207602,-1.013391052207602,0E-17,ELIGIBLE,R03b_20260811_FULL_v1,L1_ELIGIBILITY,v2026-08-11,2026-03-21..2026-08-06,baccarat_bet02_101_all_pairs_incl_sentinel,round_win = game_pnl > 0 (decisive only),COMPATIBILITY_ONLY_NOT_PRODUCTION,3433.4985,3218.3429,482.4350,44,44,-0.14050829,,-0.14050829,-0.14050829,-482.4350,3433.4985,OK,0.0000,19.2974,4.0000,96.0000,AG03-UNRESOLVED,ALL5_LEVELS_bet23_to_bet27,19.2974,19.2974,19.2974,0.0000,0.0000,4.000000,4.000000,4.000000,0.000000,0.000000,96.000000,96.000000,96.000000,100.000000,100.000000,5.0,57.8922,55.6074,424.5428,426.8276,PENDING_AG03,FALSE,NOT_FOR_ENFORCEMENT,463.1376,3089.6092,482.4350,463.1376,19.2974,0.14050829,0.13488796,19.2974,463.1376,0.13488796,19.2974,19.2974,19.2974,0.0000,0.0000,463.1376,0.13488796,57.8922,55.6074,424.5428,426.8276,0.12364729,0.12431274,0.00562033,78.0341,73.1442,10.9644,43.8577,16.6357,312.1362,4.0000,,78.0341,22.009,53.3801,118.7763,210.062,210.062,210.062,44.128,0.0,3.935214,3.935214,1.461858,12,22,17,2,0E-8,0.14050829,,0E-8,0.000000,0.937336,0.545455,,2026-03-25,2026-06-09,11,29,26,77,0.142857,,,0.000000,,,,,,,,GLOBAL_BASELINE_NO_ENTITY_RANKING,,,NOT_APPLICABLE_GLOBAL_BASELINE,HF9g-P5,,,,X 全窗基线 · 不参与实体赏罚,8393778,840,A168_HF9F_20260827_0900,2026-08-27 09:00:00
2026-05-01,43948123,1507,0,17.0150194307,16.1642684592,16.1642684592,1.0000000,1,1,0.50665070000000000,0.506650700000,0.9867858985152569,0.9867858985152569,0.9867858985152569,0E-17,ELIGIBLE,R03b_20260811_FULL_v1,L1_ELIGIBILITY,v2026-08-11,2026-03-21..2026-08-06,baccarat_bet02_101_all_pairs_incl_sentinel,round_win = game_pnl > 0 (decisive only),COMPATIBILITY_ONLY_NOT_PRODUCTION,3433.4985,3218.3429,482.4350,44,44,-0.14050829,,-0.14050829,-0.14050829,-482.4350,3433.4985,OK,0.0000,19.2974,4.0000,96.0000,AG03-UNRESOLVED,ALL5_LEVELS_bet23_to_bet27,19.2974,19.2974,19.2974,0.0000,0.0000,4.000000,4.000000,4.000000,0.000000,0.000000,96.000000,96.000000,96.000000,100.000000,100.000000,5.0,57.8922,55.6074,424.5428,426.8276,PENDING_AG03,FALSE,NOT_FOR_ENFORCEMENT,463.1376,3089.6092,482.4350,463.1376,19.2974,0.14050829,0.13488796,19.2974,463.1376,0.13488796,19.2974,19.2974,19.2974,0.0000,0.0000,463.1376,0.13488796,57.8922,55.6074,424.5428,426.8276,0.12364729,0.12431274,0.00562033,78.0341,73.1442,10.9644,43.8577,16.6357,312.1362,4.0000,,78.0341,22.009,53.3801,118.7763,210.062,210.062,210.062,44.128,0.0,3.935214,3.935214,1.461858,12,22,17,2,0E-8,0.14050829,,0E-8,0.000000,0.937336,0.545455,,2026-03-25,2026-06-09,11,29,26,77,0.142857,,,0.000000,,,,,,,,GLOBAL_BASELINE_NO_ENTITY_RANKING,,,NOT_APPLICABLE_GLOBAL_BASELINE,HF9g-P5,,,,X 全窗基线 · 不参与实体赏罚,8393779,840,A168_HF9F_20260827_0900,2026-08-27 09:00:00
2026-05-01,43948123,1645,0,28.1483037496,13.3704442811,13.3704442811,1.0000000,2,2,0.50665070000000000,0.506650700000,0.9867858985152569,0.9867858985152569,0.9867858985152569,0E-17,ELIGIBLE,R03b_20260811_FULL_v1,L1_ELIGIBILITY,v2026-08-11,2026-03-21..2026-08-06,baccarat_bet02_101_all_pairs_incl_sentinel,round_win = game_pnl > 0 (decisive only),COMPATIBILITY_ONLY_NOT_PRODUCTION,3433.4985,3218.3429,482.4350,44,44,-0.14050829,,-0.14050829,-0.14050829,-482.4350,3433.4985,OK,0.0000,19.2974,4.0000,96.0000,AG03-UNRESOLVED,ALL5_LEVELS_bet23_to_bet27,19.2974,19.2974,19.2974,0.0000,0.0000,4.000000,4.000000,4.000000,0.000000,0.000000,96.000000,96.000000,96.000000,100.000000,100.000000,5.0,57.8922,55.6074,424.5428,426.8276,PENDING_AG03,FALSE,NOT_FOR_ENFORCEMENT,463.1376,3089.6092,482.4350,463.1376,19.2974,0.14050829,0.13488796,19.2974,463.1376,0.13488796,19.2974,19.2974,19.2974,0.0000,0.0000,463.1376,0.13488796,57.8922,55.6074,424.5428,426.8276,0.12364729,0.12431274,0.00562033,78.0341,73.1442,10.9644,43.8577,16.6357,312.1362,4.0000,,78.0341,22.009,53.3801,118.7763,210.062,210.062,210.062,44.128,0.0,3.935214,3.935214,1.461858,12,22,17,2,0E-8,0.14050829,,0E-8,0.000000,0.937336,0.545455,,2026-03-25,2026-06-09,11,29,26,77,0.142857,,,0.000000,,,,,,,,GLOBAL_BASELINE_NO_ENTITY_RANKING,,,NOT_APPLICABLE_GLOBAL_BASELINE,HF9g-P5,,,,X 全窗基线 · 不参与实体赏罚,8393780,840,A168_HF9F_20260827_0900,2026-08-27 09:00:00
2026-05-03,43948123,2258,0,42.0123936561,42.0123936561,42.0123936561,1.0000000,1,1,0.49324550000000000,0.493245500000,1.01360149184955,1.01360149184955,1.01360149184955,0E-17,ELIGIBLE,R03b_20260811_FULL_v1,L1_ELIGIBILITY,v2026-08-11,2026-03-21..2026-08-06,baccarat_bet02_101_all_pairs_incl_sentinel,round_win = game_pnl > 0 (decisive only),COMPATIBILITY_ONLY_NOT_PRODUCTION,3433.4985,3218.3429,482.4350,44,44,-0.14050829,,-0.14050829,-0.14050829,-482.4350,3433.4985,OK,0.0000,19.2974,4.0000,96.0000,AG03-UNRESOLVED,ALL5_LEVELS_bet23_to_bet27,19.2974,19.2974,19.2974,0.0000,0.0000,4.000000,4.000000,4.000000,0.000000,0.000000,96.000000,96.000000,96.000000,100.000000,100.000000,5.0,57.8922,55.6074,424.5428,426.8276,PENDING_AG03,FALSE,NOT_FOR_ENFORCEMENT,463.1376,3089.6092,482.4350,463.1376,19.2974,0.14050829,0.13488796,19.2974,463.1376,0.13488796,19.2974,19.2974,19.2974,0.0000,0.0000,463.1376,0.13488796,57.8922,55.6074,424.5428,426.8276,0.12364729,0.12431274,0.00562033,78.0341,73.1442,10.9644,43.8577,16.6357,312.1362,4.0000,,78.0341,22.009,53.3801,118.7763,210.062,210.062,210.062,44.128,0.0,3.935214,3.935214,1.461858,12,22,17,2,0E-8,0.14050829,,0E-8,0.000000,0.937336,0.545455,,2026-03-25,2026-06-09,11,29,26,77,0.142857,,,0.000000,,,,,,,,GLOBAL_BASELINE_NO_ENTITY_RANKING,,,NOT_APPLICABLE_GLOBAL_BASELINE,HF9g-P5,,,,X 全窗基线 · 不参与实体赏罚,8393781,840,A168_HF9F_20260827_0900,2026-08-27 09:00:00
2026-05-23,43948123,-1,1,27.3080558765,27.3080558765,27.3080558765,1.0000000,1,1,0.49324550000000000,0.493245500000,1.01360149184955,1.01360149184955,1.01360149184955,0E-17,SENTINEL_DEALER,R03b_20260811_FULL_v1,L1_ELIGIBILITY,v2026-08-11,2026-03-21..2026-08-06,baccarat_bet02_101_all_pairs_incl_sentinel,round_win = game_pnl > 0 (decisive only),COMPATIBILITY_ONLY_NOT_PRODUCTION,3433.4985,3218.3429,482.4350,44,44,-0.14050829,,-0.14050829,-0.14050829,-482.4350,3433.4985,OK,0.0000,19.2974,4.0000,96.0000,AG03-UNRESOLVED,ALL5_LEVELS_bet23_to_bet27,19.2974,19.2974,19.2974,0.0000,0.0000,4.000000,4.000000,4.000000,0.000000,0.000000,96.000000,96.000000,96.000000,100.000000,100.000000,5.0,57.8922,55.6074,424.5428,426.8276,PENDING_AG03,FALSE,NOT_FOR_ENFORCEMENT,463.1376,3089.6092,482.4350,463.1376,19.2974,0.14050829,0.13488796,19.2974,463.1376,0.13488796,19.2974,19.2974,19.2974,0.0000,0.0000,463.1376,0.13488796,57.8922,55.6074,424.5428,426.8276,0.12364729,0.12431274,0.00562033,78.0341,73.1442,10.9644,43.8577,16.6357,312.1362,4.0000,,78.0341,22.009,53.3801,118.7763,210.062,210.062,210.062,44.128,0.0,3.935214,3.935214,1.461858,12,22,17,2,0E-8,0.14050829,,0E-8,0.000000,0.937336,0.545455,,2026-03-25,2026-06-09,11,29,26,77,0.142857,,,0.000000,,,,,,,,GLOBAL_BASELINE_NO_ENTITY_RANKING,,,NOT_APPLICABLE_GLOBAL_BASELINE,HF9g-P5,,,,X 全窗基线 · 不参与实体赏罚,8393782,840,A168_HF9F_20260827_0900,2026-08-27 09:00:00
2026-05-23,43948123,2205,0,35.7105346077,33.9250078773,33.9250078773,1.0000000,1,1,0.50665070000000000,0.506650700000,0.9867858985152569,0.9867858985152569,0.9867858985152569,0E-17,ELIGIBLE,R03b_20260811_FULL_v1,L1_ELIGIBILITY,v2026-08-11,2026-03-21..2026-08-06,baccarat_bet02_101_all_pairs_incl_sentinel,round_win = game_pnl > 0 (decisive only),COMPATIBILITY_ONLY_NOT_PRODUCTION,3433.4985,3218.3429,482.4350,44,44,-0.14050829,,-0.14050829,-0.14050829,-482.4350,3433.4985,OK,0.0000,19.2974,4.0000,96.0000,AG03-UNRESOLVED,ALL5_LEVELS_bet23_to_bet27,19.2974,19.2974,19.2974,0.0000,0.0000,4.000000,4.000000,4.000000,0.000000,0.000000,96.000000,96.000000,96.000000,100.000000,100.000000,5.0,57.8922,55.6074,424.5428,426.8276,PENDING_AG03,FALSE,NOT_FOR_ENFORCEMENT,463.1376,3089.6092,482.4350,463.1376,19.2974,0.14050829,0.13488796,19.2974,463.1376,0.13488796,19.2974,19.2974,19.2974,0.0000,0.0000,463.1376,0.13488796,57.8922,55.6074,424.5428,426.8276,0.12364729,0.12431274,0.00562033,78.0341,73.1442,10.9644,43.8577,16.6357,312.1362,4.0000,,78.0341,22.009,53.3801,118.7763,210.062,210.062,210.062,44.128,0.0,3.935214,3.935214,1.461858,12,22,17,2,0E-8,0.14050829,,0E-8,0.000000,0.937336,0.545455,,2026-03-25,2026-06-09,11,29,26,77,0.142857,,,0.000000,,,,,,,,GLOBAL_BASELINE_NO_ENTITY_RANKING,,,NOT_APPLICABLE_GLOBAL_BASELINE,HF9g-P5,,,,X 全窗基线 · 不参与实体赏罚,8393783,840,A168_HF9F_20260827_0900,2026-08-27 09:00:00
2026-05-23,43948123,2252,0,18.0653292721,18.0653292721,18.0653292721,1.0000000,1,1,0.49324550000000000,0.493245500000,1.01360149184955,1.01360149184955,1.01360149184955,0E-17,ELIGIBLE,R03b_20260811_FULL_v1,L1_ELIGIBILITY,v2026-08-11,2026-03-21..2026-08-06,baccarat_bet02_101_all_pairs_incl_sentinel,round_win = game_pnl > 0 (decisive only),COMPATIBILITY_ONLY_NOT_PRODUCTION,3433.4985,3218.3429,482.4350,44,44,-0.14050829,,-0.14050829,-0.14050829,-482.4350,3433.4985,OK,0.0000,19.2974,4.0000,96.0000,AG03-UNRESOLVED,ALL5_LEVELS_bet23_to_bet27,19.2974,19.2974,19.2974,0.0000,0.0000,4.000000,4.000000,4.000000,0.000000,0.000000,96.000000,96.000000,96.000000,100.000000,100.000000,5.0,57.8922,55.6074,424.5428,426.8276,PENDING_AG03,FALSE,NOT_FOR_ENFORCEMENT,463.1376,3089.6092,482.4350,463.1376,19.2974,0.14050829,0.13488796,19.2974,463.1376,0.13488796,19.2974,19.2974,19.2974,0.0000,0.0000,463.1376,0.13488796,57.8922,55.6074,424.5428,426.8276,0.12364729,0.12431274,0.00562033,78.0341,73.1442,10.9644,43.8577,16.6357,312.1362,4.0000,,78.0341,22.009,53.3801,118.7763,210.062,210.062,210.062,44.128,0.0,3.935214,3.935214,1.461858,12,22,17,2,0E-8,0.14050829,,0E-8,0.000000,0.937336,0.545455,,2026-03-25,2026-06-09,11,29,26,77,0.142857,,,0.000000,,,,,,,,GLOBAL_BASELINE_NO_ENTITY_RANKING,,,NOT_APPLICABLE_GLOBAL_BASELINE,HF9g-P5,,,,X 全窗基线 · 不参与实体赏罚,8393784,840,A168_HF9F_20260827_0900,2026-08-27 09:00:00
2026-05-23,43948123,2254,0,19.5357630501,19.5357630501,19.5357630501,1.0000000,1,1,0.50665070000000000,0.506650700000,0.9867858985152569,0.9867858985152569,0.9867858985152569,0E-17,ELIGIBLE,R03b_20260811_FULL_v1,L1_ELIGIBILITY,v2026-08-11,2026-03-21..2026-08-06,baccarat_bet02_101_all_pairs_incl_sentinel,round_win = game_pnl > 0 (decisive only),COMPATIBILITY_ONLY_NOT_PRODUCTION,3433.4985,3218.3429,482.4350,44,44,-0.14050829,,-0.14050829,-0.14050829,-482.4350,3433.4985,OK,0.0000,19.2974,4.0000,96.0000,AG03-UNRESOLVED,ALL5_LEVELS_bet23_to_bet27,19.2974,19.2974,19.2974,0.0000,0.0000,4.000000,4.000000,4.000000,0.000000,0.000000,96.000000,96.000000,96.000000,100.000000,100.000000,5.0,57.8922,55.6074,424.5428,426.8276,PENDING_AG03,FALSE,NOT_FOR_ENFORCEMENT,463.1376,3089.6092,482.4350,463.1376,19.2974,0.14050829,0.13488796,19.2974,463.1376,0.13488796,19.2974,19.2974,19.2974,0.0000,0.0000,463.1376,0.13488796,57.8922,55.6074,424.5428,426.8276,0.12364729,0.12431274,0.00562033,78.0341,73.1442,10.9644,43.8577,16.6357,312.1362,4.0000,,78.0341,22.009,53.3801,118.7763,210.062,210.062,210.062,44.128,0.0,3.935214,3.935214,1.461858,12,22,17,2,0E-8,0.14050829,,0E-8,0.000000,0.937336,0.545455,,2026-03-25,2026-06-09,11,29,26,77,0.142857,,,0.000000,,,,,,,,GLOBAL_BASELINE_NO_ENTITY_RANKING,,,NOT_APPLICABLE_GLOBAL_BASELINE,HF9g-P5,,,,X 全窗基线 · 不参与实体赏罚,8393785,840,A168_HF9F_20260827_0900,2026-08-27 09:00:00
2026-05-26,43948123,2088,0,210.0619682806,-210.0619682806,-210.0619682806,0E-7,1,1,0.50665070000000000,0.506650700000,-1.013391052207602,-1.013391052207602,-1.013391052207602,0E-17,ELIGIBLE,R03b_20260811_FULL_v1,L1_ELIGIBILITY,v2026-08-11,2026-03-21..2026-08-06,baccarat_bet02_101_all_pairs_incl_sentinel,round_win = game_pnl > 0 (decisive only),COMPATIBILITY_ONLY_NOT_PRODUCTION,3433.4985,3218.3429,482.4350,44,44,-0.14050829,,-0.14050829,-0.14050829,-482.4350,3433.4985,OK,0.0000,19.2974,4.0000,96.0000,AG03-UNRESOLVED,ALL5_LEVELS_bet23_to_bet27,19.2974,19.2974,19.2974,0.0000,0.0000,4.000000,4.000000,4.000000,0.000000,0.000000,96.000000,96.000000,96.000000,100.000000,100.000000,5.0,57.8922,55.6074,424.5428,426.8276,PENDING_AG03,FALSE,NOT_FOR_ENFORCEMENT,463.1376,3089.6092,482.4350,463.1376,19.2974,0.14050829,0.13488796,19.2974,463.1376,0.13488796,19.2974,19.2974,19.2974,0.0000,0.0000,463.1376,0.13488796,57.8922,55.6074,424.5428,426.8276,0.12364729,0.12431274,0.00562033,78.0341,73.1442,10.9644,43.8577,16.6357,312.1362,4.0000,,78.0341,22.009,53.3801,118.7763,210.062,210.062,210.062,44.128,0.0,3.935214,3.935214,1.461858,12,22,17,2,0E-8,0.14050829,,0E-8,0.000000,0.937336,0.545455,,2026-03-25,2026-06-09,11,29,26,77,0.142857,,,0.000000,,,,,,,,GLOBAL_BASELINE_NO_ENTITY_RANKING,,,NOT_APPLICABLE_GLOBAL_BASELINE,HF9g-P5,,,,X 全窗基线 · 不参与实体赏罚,8393786,840,A168_HF9F_20260827_0900,2026-08-27 09:00:00
2026-05-26,43948123,2177,0,525.1549207015,210.0619682806,210.0619682806,0.6666667,3,3,0.50665070000000000,0.506650700000,0.5543606114942035,0.5543606114942035,0.5543606114942035,0E-17,ELIGIBLE,R03b_20260811_FULL_v1,L1_ELIGIBILITY,v2026-08-11,2026-03-21..2026-08-06,baccarat_bet02_101_all_pairs_incl_sentinel,round_win = game_pnl > 0 (decisive only),COMPATIBILITY_ONLY_NOT_PRODUCTION,3433.4985,3218.3429,482.4350,44,44,-0.14050829,,-0.14050829,-0.14050829,-482.4350,3433.4985,OK,0.0000,19.2974,4.0000,96.0000,AG03-UNRESOLVED,ALL5_LEVELS_bet23_to_bet27,19.2974,19.2974,19.2974,0.0000,0.0000,4.000000,4.000000,4.000000,0.000000,0.000000,96.000000,96.000000,96.000000,100.000000,100.000000,5.0,57.8922,55.6074,424.5428,426.8276,PENDING_AG03,FALSE,NOT_FOR_ENFORCEMENT,463.1376,3089.6092,482.4350,463.1376,19.2974,0.14050829,0.13488796,19.2974,463.1376,0.13488796,19.2974,19.2974,19.2974,0.0000,0.0000,463.1376,0.13488796,57.8922,55.6074,424.5428,426.8276,0.12364729,0.12431274,0.00562033,78.0341,73.1442,10.9644,43.8577,16.6357,312.1362,4.0000,,78.0341,22.009,53.3801,118.7763,210.062,210.062,210.062,44.128,0.0,3.935214,3.935214,1.461858,12,22,17,2,0E-8,0.14050829,,0E-8,0.000000,0.937336,0.545455,,2026-03-25,2026-06-09,11,29,26,77,0.142857,,,0.000000,,,,,,,,GLOBAL_BASELINE_NO_ENTITY_RANKING,,,NOT_APPLICABLE_GLOBAL_BASELINE,HF9g-P5,,,,X 全窗基线 · 不参与实体赏罚,8393787,840,A168_HF9F_20260827_0900,2026-08-27 09:00:00
2026-05-26,43948123,2212,0,274.5509925428,274.5509925428,274.5509925428,1.0000000,2,2,0.49994810000000000,0.499948100000,1.4143603653603398,1.4143603653603398,1.4143603653603398,0E-17,ELIGIBLE,R03b_20260811_FULL_v1,L1_ELIGIBILITY,v2026-08-11,2026-03-21..2026-08-06,baccarat_bet02_101_all_pairs_incl_sentinel,round_win = game_pnl > 0 (decisive only),COMPATIBILITY_ONLY_NOT_PRODUCTION,3433.4985,3218.3429,482.4350,44,44,-0.14050829,,-0.14050829,-0.14050829,-482.4350,3433.4985,OK,0.0000,19.2974,4.0000,96.0000,AG03-UNRESOLVED,ALL5_LEVELS_bet23_to_bet27,19.2974,19.2974,19.2974,0.0000,0.0000,4.000000,4.000000,4.000000,0.000000,0.000000,96.000000,96.000000,96.000000,100.000000,100.000000,5.0,57.8922,55.6074,424.5428,426.8276,PENDING_AG03,FALSE,NOT_FOR_ENFORCEMENT,463.1376,3089.6092,482.4350,463.1376,19.2974,0.14050829,0.13488796,19.2974,463.1376,0.13488796,19.2974,19.2974,19.2974,0.0000,0.0000,463.1376,0.13488796,57.8922,55.6074,424.5428,426.8276,0.12364729,0.12431274,0.00562033,78.0341,73.1442,10.9644,43.8577,16.6357,312.1362,4.0000,,78.0341,22.009,53.3801,118.7763,210.062,210.062,210.062,44.128,0.0,3.935214,3.935214,1.461858,12,22,17,2,0E-8,0.14050829,,0E-8,0.000000,0.937336,0.545455,,2026-03-25,2026-06-09,11,29,26,77,0.142857,,,0.000000,,,,,,,,GLOBAL_BASELINE_NO_ENTITY_RANKING,,,NOT_APPLICABLE_GLOBAL_BASELINE,HF9g-P5,,,,X 全窗基线 · 不参与实体赏罚,8393788,840,A168_HF9F_20260827_0900,2026-08-27 09:00:00
2026-05-26,43948123,2222,0,696.1453628819,-402.0586072891,-402.0586072891,0.2500000,4,4,0.50665070000000000,0.506650700000,-1.0266936290537745,-1.0266936290537745,-1.0266936290537745,0E-17,ELIGIBLE,R03b_20260811_FULL_v1,L1_ELIGIBILITY,v2026-08-11,2026-03-21..2026-08-06,baccarat_bet02_101_all_pairs_incl_sentinel,round_win = game_pnl > 0 (decisive only),COMPATIBILITY_ONLY_NOT_PRODUCTION,3433.4985,3218.3429,482.4350,44,44,-0.14050829,,-0.14050829,-0.14050829,-482.4350,3433.4985,OK,0.0000,19.2974,4.0000,96.0000,AG03-UNRESOLVED,ALL5_LEVELS_bet23_to_bet27,19.2974,19.2974,19.2974,0.0000,0.0000,4.000000,4.000000,4.000000,0.000000,0.000000,96.000000,96.000000,96.000000,100.000000,100.000000,5.0,57.8922,55.6074,424.5428,426.8276,PENDING_AG03,FALSE,NOT_FOR_ENFORCEMENT,463.1376,3089.6092,482.4350,463.1376,19.2974,0.14050829,0.13488796,19.2974,463.1376,0.13488796,19.2974,19.2974,19.2974,0.0000,0.0000,463.1376,0.13488796,57.8922,55.6074,424.5428,426.8276,0.12364729,0.12431274,0.00562033,78.0341,73.1442,10.9644,43.8577,16.6357,312.1362,4.0000,,78.0341,22.009,53.3801,118.7763,210.062,210.062,210.062,44.128,0.0,3.935214,3.935214,1.461858,12,22,17,2,0E-8,0.14050829,,0E-8,0.000000,0.937336,0.545455,,2026-03-25,2026-06-09,11,29,26,77,0.142857,,,0.000000,,,,,,,,GLOBAL_BASELINE_NO_ENTITY_RANKING,,,NOT_APPLICABLE_GLOBAL_BASELINE,HF9g-P5,,,,X 全窗基线 · 不参与实体赏罚,8393789,840,A168_HF9F_20260827_0900,2026-08-27 09:00:00
2026-06-09,43948123,1507,0,94.0946762769,62.8336414432,62.8336414432,1.0000000,2,2,0.50665070000000000,0.506650700000,1.3955260008387969,1.3955260008387969,1.3955260008387969,0E-17,ELIGIBLE,R03b_20260811_FULL_v1,L1_ELIGIBILITY,v2026-08-11,2026-03-21..2026-08-06,baccarat_bet02_101_all_pairs_incl_sentinel,round_win = game_pnl > 0 (decisive only),COMPATIBILITY_ONLY_NOT_PRODUCTION,3433.4985,3218.3429,482.4350,44,44,-0.14050829,,-0.14050829,-0.14050829,-482.4350,3433.4985,OK,0.0000,19.2974,4.0000,96.0000,AG03-UNRESOLVED,ALL5_LEVELS_bet23_to_bet27,19.2974,19.2974,19.2974,0.0000,0.0000,4.000000,4.000000,4.000000,0.000000,0.000000,96.000000,96.000000,96.000000,100.000000,100.000000,5.0,57.8922,55.6074,424.5428,426.8276,PENDING_AG03,FALSE,NOT_FOR_ENFORCEMENT,463.1376,3089.6092,482.4350,463.1376,19.2974,0.14050829,0.13488796,19.2974,463.1376,0.13488796,19.2974,19.2974,19.2974,0.0000,0.0000,463.1376,0.13488796,57.8922,55.6074,424.5428,426.8276,0.12364729,0.12431274,0.00562033,78.0341,73.1442,10.9644,43.8577,16.6357,312.1362,4.0000,,78.0341,22.009,53.3801,118.7763,210.062,210.062,210.062,44.128,0.0,3.935214,3.935214,1.461858,12,22,17,2,0E-8,0.14050829,,0E-8,0.000000,0.937336,0.545455,,2026-03-25,2026-06-09,11,29,26,77,0.142857,,,0.000000,,,,,,,,GLOBAL_BASELINE_NO_ENTITY_RANKING,,,NOT_APPLICABLE_GLOBAL_BASELINE,HF9g-P5,,,,X 全窗基线 · 不参与实体赏罚,8393790,840,A168_HF9F_20260827_0900,2026-08-27 09:00:00
2026-06-09,43948123,2174,0,20.7714517168,-20.7714517168,-20.7714517168,0E-7,1,1,0.50665070000000000,0.506650700000,-1.013391052207602,-1.013391052207602,-1.013391052207602,0E-17,ELIGIBLE,R03b_20260811_FULL_v1,L1_ELIGIBILITY,v2026-08-11,2026-03-21..2026-08-06,baccarat_bet02_101_all_pairs_incl_sentinel,round_win = game_pnl > 0 (decisive only),COMPATIBILITY_ONLY_NOT_PRODUCTION,3433.4985,3218.3429,482.4350,44,44,-0.14050829,,-0.14050829,-0.14050829,-482.4350,3433.4985,OK,0.0000,19.2974,4.0000,96.0000,AG03-UNRESOLVED,ALL5_LEVELS_bet23_to_bet27,19.2974,19.2974,19.2974,0.0000,0.0000,4.000000,4.000000,4.000000,0.000000,0.000000,96.000000,96.000000,96.000000,100.000000,100.000000,5.0,57.8922,55.6074,424.5428,426.8276,PENDING_AG03,FALSE,NOT_FOR_ENFORCEMENT,463.1376,3089.6092,482.4350,463.1376,19.2974,0.14050829,0.13488796,19.2974,463.1376,0.13488796,19.2974,19.2974,19.2974,0.0000,0.0000,463.1376,0.13488796,57.8922,55.6074,424.5428,426.8276,0.12364729,0.12431274,0.00562033,78.0341,73.1442,10.9644,43.8577,16.6357,312.1362,4.0000,,78.0341,22.009,53.3801,118.7763,210.062,210.062,210.062,44.128,0.0,3.935214,3.935214,1.461858,12,22,17,2,0E-8,0.14050829,,0E-8,0.000000,0.937336,0.545455,,2026-03-25,2026-06-09,11,29,26,77,0.142857,,,0.000000,,,,,,,,GLOBAL_BASELINE_NO_ENTITY_RANKING,,,NOT_APPLICABLE_GLOBAL_BASELINE,HF9g-P5,,,,X 全窗基线 · 不参与实体赏罚,8393791,840,A168_HF9F_20260827_0900,2026-08-27 09:00:00
2026-06-09,43948123,2205,0,20.7714517168,-20.7714517168,-20.7714517168,0E-7,1,1,0.50665070000000000,0.506650700000,-1.013391052207602,-1.013391052207602,-1.013391052207602,0E-17,ELIGIBLE,R03b_20260811_FULL_v1,L1_ELIGIBILITY,v2026-08-11,2026-03-21..2026-08-06,baccarat_bet02_101_all_pairs_incl_sentinel,round_win = game_pnl > 0 (decisive only),COMPATIBILITY_ONLY_NOT_PRODUCTION,3433.4985,3218.3429,482.4350,44,44,-0.14050829,,-0.14050829,-0.14050829,-482.4350,3433.4985,OK,0.0000,19.2974,4.0000,96.0000,AG03-UNRESOLVED,ALL5_LEVELS_bet23_to_bet27,19.2974,19.2974,19.2974,0.0000,0.0000,4.000000,4.000000,4.000000,0.000000,0.000000,96.000000,96.000000,96.000000,100.000000,100.000000,5.0,57.8922,55.6074,424.5428,426.8276,PENDING_AG03,FALSE,NOT_FOR_ENFORCEMENT,463.1376,3089.6092,482.4350,463.1376,19.2974,0.14050829,0.13488796,19.2974,463.1376,0.13488796,19.2974,19.2974,19.2974,0.0000,0.0000,463.1376,0.13488796,57.8922,55.6074,424.5428,426.8276,0.12364729,0.12431274,0.00562033,78.0341,73.1442,10.9644,43.8577,16.6357,312.1362,4.0000,,78.0341,22.009,53.3801,118.7763,210.062,210.062,210.062,44.128,0.0,3.935214,3.935214,1.461858,12,22,17,2,0E-8,0.14050829,,0E-8,0.000000,0.937336,0.545455,,2026-03-25,2026-06-09,11,29,26,77,0.142857,,,0.000000,,,,,,,,GLOBAL_BASELINE_NO_ENTITY_RANKING,,,NOT_APPLICABLE_GLOBAL_BASELINE,HF9g-P5,,,,X 全窗基线 · 不参与实体赏罚,8393792,840,A168_HF9F_20260827_0900,2026-08-27 09:00:00
2026-06-09,43948123,2252,0,20.7714517168,0E-10,0E-10,,1,1,0.49324550000000000,0.493245500000,,,,0E-17,NO_DECISIVE_ROUND,R03b_20260811_FULL_v1,L1_ELIGIBILITY,v2026-08-11,2026-03-21..2026-08-06,baccarat_bet02_101_all_pairs_incl_sentinel,round_win = game_pnl > 0 (decisive only),COMPATIBILITY_ONLY_NOT_PRODUCTION,3433.4985,3218.3429,482.4350,44,44,-0.14050829,,-0.14050829,-0.14050829,-482.4350,3433.4985,OK,0.0000,19.2974,4.0000,96.0000,AG03-UNRESOLVED,ALL5_LEVELS_bet23_to_bet27,19.2974,19.2974,19.2974,0.0000,0.0000,4.000000,4.000000,4.000000,0.000000,0.000000,96.000000,96.000000,96.000000,100.000000,100.000000,5.0,57.8922,55.6074,424.5428,426.8276,PENDING_AG03,FALSE,NOT_FOR_ENFORCEMENT,463.1376,3089.6092,482.4350,463.1376,19.2974,0.14050829,0.13488796,19.2974,463.1376,0.13488796,19.2974,19.2974,19.2974,0.0000,0.0000,463.1376,0.13488796,57.8922,55.6074,424.5428,426.8276,0.12364729,0.12431274,0.00562033,78.0341,73.1442,10.9644,43.8577,16.6357,312.1362,4.0000,,78.0341,22.009,53.3801,118.7763,210.062,210.062,210.062,44.128,0.0,3.935214,3.935214,1.461858,12,22,17,2,0E-8,0.14050829,,0E-8,0.000000,0.937336,0.545455,,2026-03-25,2026-06-09,11,29,26,77,0.142857,,,0.000000,,,,,,,,GLOBAL_BASELINE_NO_ENTITY_RANKING,,,NOT_APPLICABLE_GLOBAL_BASELINE,HF9g-P5,,,,X 全窗基线 · 不参与实体赏罚,8393793,840,A168_HF9F_20260827_0900,2026-08-27 09:00:00
2026-03-28,14237801,-1,1,194.8547805252,-31.5980725176,-31.5980725176,0.3333333,12,3,0.34462776067821068,0.173402541667,-0.04116287437949979,0.7316745550998225,-0.04116287437949979,0.17122521901121068,SENTINEL_DEALER,R03b_20260811_FULL_v1,L1_ELIGIBILITY,v2026-08-11,2026-03-21..2026-08-06,baccarat_bet02_101_all_pairs_incl_sentinel,round_win = game_pnl > 0 (decisive only),COMPATIBILITY_ONLY_NOT_PRODUCTION,1078.7697,968.1765,482.4449,69,19,-0.44721768,,-0.44721768,-0.44721768,-482.4449,1078.7697,OK,0.0000,19.2978,4.0000,96.0000,AG03-UNRESOLVED,ALL5_LEVELS_bet23_to_bet27,19.2978,19.2978,19.2978,0.0000,0.0000,4.000000,4.000000,4.000000,0.000000,0.000000,96.000000,96.000000,96.000000,100.000000,100.000000,5.0,57.8934,55.6085,424.5515,426.8364,PENDING_AG03,FALSE,NOT_FOR_ENFORCEMENT,463.1471,929.4494,482.4449,463.1471,19.2978,0.44721768,0.42932897,19.2978,463.1471,0.42932897,19.2978,19.2978,19.2978,0.0000,0.0000,463.1471,0.42932897,57.8934,55.6085,424.5515,426.8364,0.39355156,0.39566958,0.01788871,15.6343,50.9567,25.3918,120.6112,60.3056,269.6924,4.7500,,15.6343,5.2663,10.4704,17.1156,40.4859,47.9066,66.794,10.2862,-5.2663,4.575436,6.37933,1.493197,5,7,5,8,0E-8,0.44721768,,0E-8,0.000000,0.897482,0.000000,,2026-03-28,2026-06-06,4,8,7,71,0.056338,,,0.000000,,,,,,,,GLOBAL_BASELINE_NO_ENTITY_RANKING,,,NOT_APPLICABLE_GLOBAL_BASELINE,HF9g-P5,,,,X 全窗基线 · 不参与实体赏罚,8393794,840,A168_HF9F_20260827_0900,2026-08-27 09:00:00
2026-03-28,14237801,1505,0,73.7288358744,-73.7288358744,-73.7288358744,0E-7,4,2,0.39030675111111111,0.287323225000,-1.13152026514179,-0.8979539413465346,-1.13152026514179,0.10298352611111111,ELIGIBLE,R03b_20260811_FULL_v1,L1_ELIGIBILITY,v2026-08-11,2026-03-21..2026-08-06,baccarat_bet02_101_all_pairs_incl_sentinel,round_win = game_pnl > 0 (decisive only),COMPATIBILITY_ONLY_NOT_PRODUCTION,1078.7697,968.1765,482.4449,69,19,-0.44721768,,-0.44721768,-0.44721768,-482.4449,1078.7697,OK,0.0000,19.2978,4.0000,96.0000,AG03-UNRESOLVED,ALL5_LEVELS_bet23_to_bet27,19.2978,19.2978,19.2978,0.0000,0.0000,4.000000,4.000000,4.000000,0.000000,0.000000,96.000000,96.000000,96.000000,100.000000,100.000000,5.0,57.8934,55.6085,424.5515,426.8364,PENDING_AG03,FALSE,NOT_FOR_ENFORCEMENT,463.1471,929.4494,482.4449,463.1471,19.2978,0.44721768,0.42932897,19.2978,463.1471,0.42932897,19.2978,19.2978,19.2978,0.0000,0.0000,463.1471,0.42932897,57.8934,55.6085,424.5515,426.8364,0.39355156,0.39566958,0.01788871,15.6343,50.9567,25.3918,120.6112,60.3056,269.6924,4.7500,,15.6343,5.2663,10.4704,17.1156,40.4859,47.9066,66.794,10.2862,-5.2663,4.575436,6.37933,1.493197,5,7,5,8,0E-8,0.44721768,,0E-8,0.000000,0.897482,0.000000,,2026-03-28,2026-06-06,4,8,7,71,0.056338,,,0.000000,,,,,,,,GLOBAL_BASELINE_NO_ENTITY_RANKING,,,NOT_APPLICABLE_GLOBAL_BASELINE,HF9g-P5,,,,X 全窗基线 · 不参与实体赏罚,8393795,840,A168_HF9F_20260827_0900,2026-08-27 09:00:00
2026-03-28,14237801,1994,0,189.5884351055,-106.9068120178,-106.9068120178,0E-7,11,3,0.38056293265852496,0.273361473333,-1.1084845525921052,-0.8674100322485653,-1.1084845525921052,0.10720145932552496,ELIGIBLE,R03b_20260811_FULL_v1,L1_ELIGIBILITY,v2026-08-11,2026-03-21..2026-08-06,baccarat_bet02_101_all_pairs_incl_sentinel,round_win = game_pnl > 0 (decisive only),COMPATIBILITY_ONLY_NOT_PRODUCTION,1078.7697,968.1765,482.4449,69,19,-0.44721768,,-0.44721768,-0.44721768,-482.4449,1078.7697,OK,0.0000,19.2978,4.0000,96.0000,AG03-UNRESOLVED,ALL5_LEVELS_bet23_to_bet27,19.2978,19.2978,19.2978,0.0000,0.0000,4.000000,4.000000,4.000000,0.000000,0.000000,96.000000,96.000000,96.000000,100.000000,100.000000,5.0,57.8934,55.6085,424.5515,426.8364,PENDING_AG03,FALSE,NOT_FOR_ENFORCEMENT,463.1471,929.4494,482.4449,463.1471,19.2978,0.44721768,0.42932897,19.2978,463.1471,0.42932897,19.2978,19.2978,19.2978,0.0000,0.0000,463.1471,0.42932897,57.8934,55.6085,424.5515,426.8364,0.39355156,0.39566958,0.01788871,15.6343,50.9567,25.3918,120.6112,60.3056,269.6924,4.7500,,15.6343,5.2663,10.4704,17.1156,40.4859,47.9066,66.794,10.2862,-5.2663,4.575436,6.37933,1.493197,5,7,5,8,0E-8,0.44721768,,0E-8,0.000000,0.897482,0.000000,,2026-03-28,2026-06-06,4,8,7,71,0.056338,,,0.000000,,,,,,,,GLOBAL_BASELINE_NO_ENTITY_RANKING,,,NOT_APPLICABLE_GLOBAL_BASELINE,HF9g-P5,,,,X 全窗基线 · 不参与实体赏罚,8393796,840,A168_HF9F_20260827_0900,2026-08-27 09:00:00
2026-03-28,14237801,2170,0,123.7591173606,-72.4122495195,-72.4122495195,0.3333333,9,3,0.40933517290448343,0.293630462222,-0.2677161954222713,0.15099619581725143,-0.2677161954222713,0.11570471068248343,ELIGIBLE,R03b_20260811_FULL_v1,L1_ELIGIBILITY,v2026-08-11,2026-03-21..2026-08-06,baccarat_bet02_101_all_pairs_incl_sentinel,round_win = game_pnl > 0 (decisive only),COMPATIBILITY_ONLY_NOT_PRODUCTION,1078.7697,968.1765,482.4449,69,19,-0.44721768,,-0.44721768,-0.44721768,-482.4449,1078.7697,OK,0.0000,19.2978,4.0000,96.0000,AG03-UNRESOLVED,ALL5_LEVELS_bet23_to_bet27,19.2978,19.2978,19.2978,0.0000,0.0000,4.000000,4.000000,4.000000,0.000000,0.000000,96.000000,96.000000,96.000000,100.000000,100.000000,5.0,57.8934,55.6085,424.5515,426.8364,PENDING_AG03,FALSE,NOT_FOR_ENFORCEMENT,463.1471,929.4494,482.4449,463.1471,19.2978,0.44721768,0.42932897,19.2978,463.1471,0.42932897,19.2978,19.2978,19.2978,0.0000,0.0000,463.1471,0.42932897,57.8934,55.6085,424.5515,426.8364,0.39355156,0.39566958,0.01788871,15.6343,50.9567,25.3918,120.6112,60.3056,269.6924,4.7500,,15.6343,5.2663,10.4704,17.1156,40.4859,47.9066,66.794,10.2862,-5.2663,4.575436,6.37933,1.493197,5,7,5,8,0E-8,0.44721768,,0E-8,0.000000,0.897482,0.000000,,2026-03-28,2026-06-06,4,8,7,71,0.056338,,,0.000000,,,,,,,,GLOBAL_BASELINE_NO_ENTITY_RANKING,,,NOT_APPLICABLE_GLOBAL_BASELINE,HF9g-P5,,,,X 全窗基线 · 不参与实体赏罚,8393797,840,A168_HF9F_20260827_0900,2026-08-27 09:00:00
2026-03-28,14237801,2256,0,21.0653816784,10.5326908392,10.5326908392,1.0000000,2,1,0.39358482500000000,0.293924150000,1.2412688522058144,1.549915577879723,1.2412688522058144,0.09966067500000000,ELIGIBLE,R03b_20260811_FULL_v1,L1_ELIGIBILITY,v2026-08-11,2026-03-21..2026-08-06,baccarat_bet02_101_all_pairs_incl_sentinel,round_win = game_pnl > 0 (decisive only),COMPATIBILITY_ONLY_NOT_PRODUCTION,1078.7697,968.1765,482.4449,69,19,-0.44721768,,-0.44721768,-0.44721768,-482.4449,1078.7697,OK,0.0000,19.2978,4.0000,96.0000,AG03-UNRESOLVED,ALL5_LEVELS_bet23_to_bet27,19.2978,19.2978,19.2978,0.0000,0.0000,4.000000,4.000000,4.000000,0.000000,0.000000,96.000000,96.000000,96.000000,100.000000,100.000000,5.0,57.8934,55.6085,424.5515,426.8364,PENDING_AG03,FALSE,NOT_FOR_ENFORCEMENT,463.1471,929.4494,482.4449,463.1471,19.2978,0.44721768,0.42932897,19.2978,463.1471,0.42932897,19.2978,19.2978,19.2978,0.0000,0.0000,463.1471,0.42932897,57.8934,55.6085,424.5515,426.8364,0.39355156,0.39566958,0.01788871,15.6343,50.9567,25.3918,120.6112,60.3056,269.6924,4.7500,,15.6343,5.2663,10.4704,17.1156,40.4859,47.9066,66.794,10.2862,-5.2663,4.575436,6.37933,1.493197,5,7,5,8,0E-8,0.44721768,,0E-8,0.000000,0.897482,0.000000,,2026-03-28,2026-06-06,4,8,7,71,0.056338,,,0.000000,,,,,,,,GLOBAL_BASELINE_NO_ENTITY_RANKING,,,NOT_APPLICABLE_GLOBAL_BASELINE,HF9g-P5,,,,X 全窗基线 · 不参与实体赏罚,8393798,840,A168_HF9F_20260827_0900,2026-08-27 09:00:00
2026-04-05,14237801,2093,0,85.8571316389,-85.8571316389,-85.8571316389,0E-7,4,1,0.36307202439003164,0.167088550000,-0.7550074395363282,-0.447892643068413,-0.7550074395363282,0.19598347439003164,ELIGIBLE,R03b_20260811_FULL_v1,L1_ELIGIBILITY,v2026-08-11,2026-03-21..2026-08-06,baccarat_bet02_101_all_pairs_incl_sentinel,round_win = game_pnl > 0 (decisive only),COMPATIBILITY_ONLY_NOT_PRODUCTION,1078.7697,968.1765,482.4449,69,19,-0.44721768,,-0.44721768,-0.44721768,-482.4449,1078.7697,OK,0.0000,19.2978,4.0000,96.0000,AG03-UNRESOLVED,ALL5_LEVELS_bet23_to_bet27,19.2978,19.2978,19.2978,0.0000,0.0000,4.000000,4.000000,4.000000,0.000000,0.000000,96.000000,96.000000,96.000000,100.000000,100.000000,5.0,57.8934,55.6085,424.5515,426.8364,PENDING_AG03,FALSE,NOT_FOR_ENFORCEMENT,463.1471,929.4494,482.4449,463.1471,19.2978,0.44721768,0.42932897,19.2978,463.1471,0.42932897,19.2978,19.2978,19.2978,0.0000,0.0000,463.1471,0.42932897,57.8934,55.6085,424.5515,426.8364,0.39355156,0.39566958,0.01788871,15.6343,50.9567,25.3918,120.6112,60.3056,269.6924,4.7500,,15.6343,5.2663,10.4704,17.1156,40.4859,47.9066,66.794,10.2862,-5.2663,4.575436,6.37933,1.493197,5,7,5,8,0E-8,0.44721768,,0E-8,0.000000,0.897482,0.000000,,2026-03-28,2026-06-06,4,8,7,71,0.056338,,,0.000000,,,,,,,,GLOBAL_BASELINE_NO_ENTITY_RANKING,,,NOT_APPLICABLE_GLOBAL_BASELINE,HF9g-P5,,,,X 全窗基线 · 不参与实体赏罚,8393799,840,A168_HF9F_20260827_0900,2026-08-27 09:00:00
2026-04-25,14237801,1401,0,91.6158416879,-91.6158416879,-91.6158416879,0E-7,5,1,0.33537923142839912,0.148612920000,-0.7103643015624556,-0.4177964601561955,-0.7103643015624556,0.18676631142839912,ELIGIBLE,R03b_20260811_FULL_v1,L1_ELIGIBILITY,v2026-08-11,2026-03-21..2026-08-06,baccarat_bet02_101_all_pairs_incl_sentinel,round_win = game_pnl > 0 (decisive only),COMPATIBILITY_ONLY_NOT_PRODUCTION,1078.7697,968.1765,482.4449,69,19,-0.44721768,,-0.44721768,-0.44721768,-482.4449,1078.7697,OK,0.0000,19.2978,4.0000,96.0000,AG03-UNRESOLVED,ALL5_LEVELS_bet23_to_bet27,19.2978,19.2978,19.2978,0.0000,0.0000,4.000000,4.000000,4.000000,0.000000,0.000000,96.000000,96.000000,96.000000,100.000000,100.000000,5.0,57.8934,55.6085,424.5515,426.8364,PENDING_AG03,FALSE,NOT_FOR_ENFORCEMENT,463.1471,929.4494,482.4449,463.1471,19.2978,0.44721768,0.42932897,19.2978,463.1471,0.42932897,19.2978,19.2978,19.2978,0.0000,0.0000,463.1471,0.42932897,57.8934,55.6085,424.5515,426.8364,0.39355156,0.39566958,0.01788871,15.6343,50.9567,25.3918,120.6112,60.3056,269.6924,4.7500,,15.6343,5.2663,10.4704,17.1156,40.4859,47.9066,66.794,10.2862,-5.2663,4.575436,6.37933,1.493197,5,7,5,8,0E-8,0.44721768,,0E-8,0.000000,0.897482,0.000000,,2026-03-28,2026-06-06,4,8,7,71,0.056338,,,0.000000,,,,,,,,GLOBAL_BASELINE_NO_ENTITY_RANKING,,,NOT_APPLICABLE_GLOBAL_BASELINE,HF9g-P5,,,,X 全窗基线 · 不参与实体赏罚,8393800,840,A168_HF9F_20260827_0900,2026-08-27 09:00:00
2026-06-06,14237801,-1,1,298.3002031527,-30.8586417053,-30.8586417053,0.4000000,22,5,0.31661707566809889,0.185650623333,0.4008324712621986,1.2326893307576468,0.4008324712621986,0.13096645233509889,SENTINEL_DEALER,R03b_20260811_FULL_v1,L1_ELIGIBILITY,v2026-08-11,2026-03-21..2026-08-06,baccarat_bet02_101_all_pairs_incl_sentinel,round_win = game_pnl > 0 (decisive only),COMPATIBILITY_ONLY_NOT_PRODUCTION,1078.7697,968.1765,482.4449,69,19,-0.44721768,,-0.44721768,-0.44721768,-482.4449,1078.7697,OK,0.0000,19.2978,4.0000,96.0000,AG03-UNRESOLVED,ALL5_LEVELS_bet23_to_bet27,19.2978,19.2978,19.2978,0.0000,0.0000,4.000000,4.000000,4.000000,0.000000,0.000000,96.000000,96.000000,96.000000,100.000000,100.000000,5.0,57.8934,55.6085,424.5515,426.8364,PENDING_AG03,FALSE,NOT_FOR_ENFORCEMENT,463.1471,929.4494,482.4449,463.1471,19.2978,0.44721768,0.42932897,19.2978,463.1471,0.42932897,19.2978,19.2978,19.2978,0.0000,0.0000,463.1471,0.42932897,57.8934,55.6085,424.5515,426.8364,0.39355156,0.39566958,0.01788871,15.6343,50.9567,25.3918,120.6112,60.3056,269.6924,4.7500,,15.6343,5.2663,10.4704,17.1156,40.4859,47.9066,66.794,10.2862,-5.2663,4.575436,6.37933,1.493197,5,7,5,8,0E-8,0.44721768,,0E-8,0.000000,0.897482,0.000000,,2026-03-28,2026-06-06,4,8,7,71,0.056338,,,0.000000,,,,,,,,GLOBAL_BASELINE_NO_ENTITY_RANKING,,,NOT_APPLICABLE_GLOBAL_BASELINE,HF9g-P5,,,,X 全窗基线 · 不参与实体赏罚,8393801,840,A168_HF9F_20260827_0900,2026-08-27 09:00:00
2026-05-03,145433030,-1,1,200.0000000000,97.5000000000,97.5000000000,0.7500000,4,4,0.49659680000000000,0.496596800000,1.0136362796769356,1.0136362796769358,1.0136362796769356,0E-17,SENTINEL_DEALER,R03b_20260811_FULL_v1,L1_ELIGIBILITY,v2026-08-11,2026-03-21..2026-08-06,baccarat_bet02_101_all_pairs_incl_sentinel,round_win = game_pnl > 0 (decisive only),COMPATIBILITY_ONLY_NOT_PRODUCTION,4180.0000,3930.0000,477.5000,53,53,-0.11423445,,-0.11423445,-0.11423445,-477.5000,4180.0000,OK,0.0000,14.3250,3.0000,97.0000,AG03-UNRESOLVED,ALL5_LEVELS_bet23_to_bet27,14.3250,14.3250,14.3250,14.3250,14.3250,3.000000,3.000000,3.000000,3.000000,3.000000,97.000000,97.000000,97.000000,97.000000,97.000000,5.0,71.6250,67.4545,405.8750,410.0455,PENDING_AG03,FALSE,NOT_FOR_ENFORCEMENT,463.1750,3812.1000,477.5000,463.1750,14.3250,0.11423445,0.11080742,14.3250,463.1750,0.11080742,14.3250,14.3250,14.3250,14.3250,14.3250,463.1750,0.11080742,71.6250,67.4545,405.8750,410.0455,0.09709928,0.09809701,0.00342703,78.8679,74.1509,9.0094,79.5833,47.7500,696.6667,8.8333,,78.8679,50.0,50.0,100.0,109.9998,150.0,200.0,50.0,-50.0,3.0,4.0,1.577358,7,1,7,2,0E-8,0.11423445,,0E-8,0.000000,0.940191,0.000000,,2026-05-03,2026-05-15,6,10,10,13,0.461539,,,0.000000,,,,,,,,GLOBAL_BASELINE_NO_ENTITY_RANKING,,,NOT_APPLICABLE_GLOBAL_BASELINE,HF9g-P5,,,,X 全窗基线 · 不参与实体赏罚,8393802,840,A168_HF9F_20260827_0900,2026-08-27 09:00:00
2026-05-05,145433030,-1,1,1000.0000000000,182.5000000000,182.5000000000,0.5000000,14,14,0.49899058571428571,0.498990585714,0.007553780230284921,0.007553780232422992,0.007553780230284921,2.8571E-13,SENTINEL_DEALER,R03b_20260811_FULL_v1,L1_ELIGIBILITY,v2026-08-11,2026-03-21..2026-08-06,baccarat_bet02_101_all_pairs_incl_sentinel,round_win = game_pnl > 0 (decisive only),COMPATIBILITY_ONLY_NOT_PRODUCTION,4180.0000,3930.0000,477.5000,53,53,-0.11423445,,-0.11423445,-0.11423445,-477.5000,4180.0000,OK,0.0000,14.3250,3.0000,97.0000,AG03-UNRESOLVED,ALL5_LEVELS_bet23_to_bet27,14.3250,14.3250,14.3250,14.3250,14.3250,3.000000,3.000000,3.000000,3.000000,3.000000,97.000000,97.000000,97.000000,97.000000,97.000000,5.0,71.6250,67.4545,405.8750,410.0455,PENDING_AG03,FALSE,NOT_FOR_ENFORCEMENT,463.1750,3812.1000,477.5000,463.1750,14.3250,0.11423445,0.11080742,14.3250,463.1750,0.11080742,14.3250,14.3250,14.3250,14.3250,14.3250,463.1750,0.11080742,71.6250,67.4545,405.8750,410.0455,0.09709928,0.09809701,0.00342703,78.8679,74.1509,9.0094,79.5833,47.7500,696.6667,8.8333,,78.8679,50.0,50.0,100.0,109.9998,150.0,200.0,50.0,-50.0,3.0,4.0,1.577358,7,1,7,2,0E-8,0.11423445,,0E-8,0.000000,0.940191,0.000000,,2026-05-03,2026-05-15,6,10,10,13,0.461539,,,0.000000,,,,,,,,GLOBAL_BASELINE_NO_ENTITY_RANKING,,,NOT_APPLICABLE_GLOBAL_BASELINE,HF9g-P5,,,,X 全窗基线 · 不参与实体赏罚,8393803,840,A168_HF9F_20260827_0900,2026-08-27 09:00:00
2026-05-06,145433030,-1,1,2480.0000000000,-750.0000000000,-750.0000000000,0.2916667,26,26,0.49943251538461538,0.499432515385,-2.0356825724789496,-2.035682572482716,-2.0356825724789496,-3.8462E-13,SENTINEL_DEALER,R03b_20260811_FULL_v1,L1_ELIGIBILITY,v2026-08-11,2026-03-21..2026-08-06,baccarat_bet02_101_all_pairs_incl_sentinel,round_win = game_pnl > 0 (decisive only),COMPATIBILITY_ONLY_NOT_PRODUCTION,4180.0000,3930.0000,477.5000,53,53,-0.11423445,,-0.11423445,-0.11423445,-477.5000,4180.0000,OK,0.0000,14.3250,3.0000,97.0000,AG03-UNRESOLVED,ALL5_LEVELS_bet23_to_bet27,14.3250,14.3250,14.3250,14.3250,14.3250,3.000000,3.000000,3.000000,3.000000,3.000000,97.000000,97.000000,97.000000,97.000000,97.000000,5.0,71.6250,67.4545,405.8750,410.0455,PENDING_AG03,FALSE,NOT_FOR_ENFORCEMENT,463.1750,3812.1000,477.5000,463.1750,14.3250,0.11423445,0.11080742,14.3250,463.1750,0.11080742,14.3250,14.3250,14.3250,14.3250,14.3250,463.1750,0.11080742,71.6250,67.4545,405.8750,410.0455,0.09709928,0.09809701,0.00342703,78.8679,74.1509,9.0094,79.5833,47.7500,696.6667,8.8333,,78.8679,50.0,50.0,100.0,109.9998,150.0,200.0,50.0,-50.0,3.0,4.0,1.577358,7,1,7,2,0E-8,0.11423445,,0E-8,0.000000,0.940191,0.000000,,2026-05-03,2026-05-15,6,10,10,13,0.461539,,,0.000000,,,,,,,,GLOBAL_BASELINE_NO_ENTITY_RANKING,,,NOT_APPLICABLE_GLOBAL_BASELINE,HF9g-P5,,,,X 全窗基线 · 不参与实体赏罚,8393804,840,A168_HF9F_20260827_0900,2026-08-27 09:00:00
2026-05-08,145433030,-1,1,50.0000000000,47.5000000000,47.5000000000,1.0000000,1,1,0.50665070000000000,0.506650700000,0.9867858985152569,0.9867858985152569,0.9867858985152569,0E-17,SENTINEL_DEALER,R03b_20260811_FULL_v1,L1_ELIGIBILITY,v2026-08-11,2026-03-21..2026-08-06,baccarat_bet02_101_all_pairs_incl_sentinel,round_win = game_pnl > 0 (decisive only),COMPATIBILITY_ONLY_NOT_PRODUCTION,4180.0000,3930.0000,477.5000,53,53,-0.11423445,,-0.11423445,-0.11423445,-477.5000,4180.0000,OK,0.0000,14.3250,3.0000,97.0000,AG03-UNRESOLVED,ALL5_LEVELS_bet23_to_bet27,14.3250,14.3250,14.3250,14.3250,14.3250,3.000000,3.000000,3.000000,3.000000,3.000000,97.000000,97.000000,97.000000,97.000000,97.000000,5.0,71.6250,67.4545,405.8750,410.0455,PENDING_AG03,FALSE,NOT_FOR_ENFORCEMENT,463.1750,3812.1000,477.5000,463.1750,14.3250,0.11423445,0.11080742,14.3250,463.1750,0.11080742,14.3250,14.3250,14.3250,14.3250,14.3250,463.1750,0.11080742,71.6250,67.4545,405.8750,410.0455,0.09709928,0.09809701,0.00342703,78.8679,74.1509,9.0094,79.5833,47.7500,696.6667,8.8333,,78.8679,50.0,50.0,100.0,109.9998,150.0,200.0,50.0,-50.0,3.0,4.0,1.577358,7,1,7,2,0E-8,0.11423445,,0E-8,0.000000,0.940191,0.000000,,2026-05-03,2026-05-15,6,10,10,13,0.461539,,,0.000000,,,,,,,,GLOBAL_BASELINE_NO_ENTITY_RANKING,,,NOT_APPLICABLE_GLOBAL_BASELINE,HF9g-P5,,,,X 全窗基线 · 不参与实体赏罚,8393805,840,A168_HF9F_20260827_0900,2026-08-27 09:00:00
2026-05-11,145433030,-1,1,50.0000000000,47.5000000000,47.5000000000,1.0000000,1,1,0.50665070000000000,0.506650700000,0.9867858985152569,0.9867858985152569,0.9867858985152569,0E-17,SENTINEL_DEALER,R03b_20260811_FULL_v1,L1_ELIGIBILITY,v2026-08-11,2026-03-21..2026-08-06,baccarat_bet02_101_all_pairs_incl_sentinel,round_win = game_pnl > 0 (decisive only),COMPATIBILITY_ONLY_NOT_PRODUCTION,4180.0000,3930.0000,477.5000,53,53,-0.11423445,,-0.11423445,-0.11423445,-477.5000,4180.0000,OK,0.0000,14.3250,3.0000,97.0000,AG03-UNRESOLVED,ALL5_LEVELS_bet23_to_bet27,14.3250,14.3250,14.3250,14.3250,14.3250,3.000000,3.000000,3.000000,3.000000,3.000000,97.000000,97.000000,97.000000,97.000000,97.000000,5.0,71.6250,67.4545,405.8750,410.0455,PENDING_AG03,FALSE,NOT_FOR_ENFORCEMENT,463.1750,3812.1000,477.5000,463.1750,14.3250,0.11423445,0.11080742,14.3250,463.1750,0.11080742,14.3250,14.3250,14.3250,14.3250,14.3250,463.1750,0.11080742,71.6250,67.4545,405.8750,410.0455,0.09709928,0.09809701,0.00342703,78.8679,74.1509,9.0094,79.5833,47.7500,696.6667,8.8333,,78.8679,50.0,50.0,100.0,109.9998,150.0,200.0,50.0,-50.0,3.0,4.0,1.577358,7,1,7,2,0E-8,0.11423445,,0E-8,0.000000,0.940191,0.000000,,2026-05-03,2026-05-15,6,10,10,13,0.461539,,,0.000000,,,,,,,,GLOBAL_BASELINE_NO_ENTITY_RANKING,,,NOT_APPLICABLE_GLOBAL_BASELINE,HF9g-P5,,,,X 全窗基线 · 不参与实体赏罚,8393806,840,A168_HF9F_20260827_0900,2026-08-27 09:00:00
2026-05-15,145433030,-1,1,400.0000000000,-102.5000000000,-102.5000000000,0.4285714,7,7,0.50090561428571429,0.500905614286,-0.38275716120403624,-0.38275716120554854,-0.38275716120403624,-2.8571E-13,SENTINEL_DEALER,R03b_20260811_FULL_v1,L1_ELIGIBILITY,v2026-08-11,2026-03-21..2026-08-06,baccarat_bet02_101_all_pairs_incl_sentinel,round_win = game_pnl > 0 (decisive only),COMPATIBILITY_ONLY_NOT_PRODUCTION,4180.0000,3930.0000,477.5000,53,53,-0.11423445,,-0.11423445,-0.11423445,-477.5000,4180.0000,OK,0.0000,14.3250,3.0000,97.0000,AG03-UNRESOLVED,ALL5_LEVELS_bet23_to_bet27,14.3250,14.3250,14.3250,14.3250,14.3250,3.000000,3.000000,3.000000,3.000000,3.000000,97.000000,97.000000,97.000000,97.000000,97.000000,5.0,71.6250,67.4545,405.8750,410.0455,PENDING_AG03,FALSE,NOT_FOR_ENFORCEMENT,463.1750,3812.1000,477.5000,463.1750,14.3250,0.11423445,0.11080742,14.3250,463.1750,0.11080742,14.3250,14.3250,14.3250,14.3250,14.3250,463.1750,0.11080742,71.6250,67.4545,405.8750,410.0455,0.09709928,0.09809701,0.00342703,78.8679,74.1509,9.0094,79.5833,47.7500,696.6667,8.8333,,78.8679,50.0,50.0,100.0,109.9998,150.0,200.0,50.0,-50.0,3.0,4.0,1.577358,7,1,7,2,0E-8,0.11423445,,0E-8,0.000000,0.940191,0.000000,,2026-05-03,2026-05-15,6,10,10,13,0.461539,,,0.000000,,,,,,,,GLOBAL_BASELINE_NO_ENTITY_RANKING,,,NOT_APPLICABLE_GLOBAL_BASELINE,HF9g-P5,,,,X 全窗基线 · 不参与实体赏罚,8393807,840,A168_HF9F_20260827_0900,2026-08-27 09:00:00
2026-07-07,152688224,-1,1,600.0000000000,-149.5000000000,-149.5000000000,0.2777778,18,18,0.50367176666666667,0.503671766667,-1.9168257419608437,-1.9168257419636816,-1.9168257419608437,-3.3333E-13,SENTINEL_DEALER,R03b_20260811_FULL_v1,L1_ELIGIBILITY,v2026-08-11,2026-03-21..2026-08-06,baccarat_bet02_101_all_pairs_incl_sentinel,round_win = game_pnl > 0 (decisive only),COMPATIBILITY_ONLY_NOT_PRODUCTION,4009.0000,3719.0000,482.5000,143,142,-0.12035420,-0.32010870,-0.06086112,-0.12035420,-482.5000,4009.0000,OK,0.0000,19.3000,4.0000,96.0000,AG03-UNRESOLVED,ALL5_LEVELS_bet23_to_bet27,19.3000,19.3000,19.3000,21.7125,21.7125,4.000000,4.000000,4.000000,4.500000,4.500000,96.000000,96.000000,96.000000,95.500000,95.500000,5.0,101.3250,93.1701,381.1750,389.3299,PENDING_AG03,FALSE,NOT_FOR_ENFORCEMENT,463.2000,3570.2400,482.5000,463.2000,19.3000,0.12035420,0.11554003,19.3000,463.2000,0.11554003,19.3000,19.3000,19.3000,21.7125,21.7125,463.2000,0.11554003,101.3250,93.1701,381.1750,389.3299,0.09507982,0.09711397,0.00481417,28.0350,26.1901,3.3979,241.2500,14.1912,2004.5000,71.0000,27.0588,28.3394,10.0,20.0,40.0,50.0,50.0,70.7001,20.0,-10.0,2.5,3.535004,1.401748,18,27,1,3,0.22948366,0.12035420,0.32010870,0E-8,0.000000,0.927663,0.000000,-0.25924758,2026-07-07,2026-07-13,2,34,21,7,0.285714,0.954811,0.965181,0.764946,,,,,,,,GLOBAL_BASELINE_NO_ENTITY_RANKING,,,NOT_APPLICABLE_GLOBAL_BASELINE,HF9g-P5,,,,X 全窗基线 · 不参与实体赏罚,8393808,840,A168_HF9F_20260827_0900,2026-08-27 09:00:00
2026-07-07,152688224,1151,0,129.0000000000,-32.0000000000,-32.0000000000,0.4000000,5,5,0.49592654000000000,0.495926540000,-0.42901076602576227,-0.42901076602576227,-0.42901076602576227,0E-17,ELIGIBLE,R03b_20260811_FULL_v1,L1_ELIGIBILITY,v2026-08-11,2026-03-21..2026-08-06,baccarat_bet02_101_all_pairs_incl_sentinel,round_win = game_pnl > 0 (decisive only),COMPATIBILITY_ONLY_NOT_PRODUCTION,4009.0000,3719.0000,482.5000,143,142,-0.12035420,-0.32010870,-0.06086112,-0.12035420,-482.5000,4009.0000,OK,0.0000,19.3000,4.0000,96.0000,AG03-UNRESOLVED,ALL5_LEVELS_bet23_to_bet27,19.3000,19.3000,19.3000,21.7125,21.7125,4.000000,4.000000,4.000000,4.500000,4.500000,96.000000,96.000000,96.000000,95.500000,95.500000,5.0,101.3250,93.1701,381.1750,389.3299,PENDING_AG03,FALSE,NOT_FOR_ENFORCEMENT,463.2000,3570.2400,482.5000,463.2000,19.3000,0.12035420,0.11554003,19.3000,463.2000,0.11554003,19.3000,19.3000,19.3000,21.7125,21.7125,463.2000,0.11554003,101.3250,93.1701,381.1750,389.3299,0.09507982,0.09711397,0.00481417,28.0350,26.1901,3.3979,241.2500,14.1912,2004.5000,71.0000,27.0588,28.3394,10.0,20.0,40.0,50.0,50.0,70.7001,20.0,-10.0,2.5,3.535004,1.401748,18,27,1,3,0.22948366,0.12035420,0.32010870,0E-8,0.000000,0.927663,0.000000,-0.25924758,2026-07-07,2026-07-13,2,34,21,7,0.285714,0.954811,0.965181,0.764946,,,,,,,,GLOBAL_BASELINE_NO_ENTITY_RANKING,,,NOT_APPLICABLE_GLOBAL_BASELINE,HF9g-P5,,,,X 全窗基线 · 不参与实体赏罚,8393809,840,A168_HF9F_20260827_0900,2026-08-27 09:00:00
2026-07-07,152688224,1221,0,20.0000000000,20.0000000000,20.0000000000,1.0000000,1,1,0.49324550000000000,0.493245500000,1.01360149184955,1.01360149184955,1.01360149184955,0E-17,ELIGIBLE,R03b_20260811_FULL_v1,L1_ELIGIBILITY,v2026-08-11,2026-03-21..2026-08-06,baccarat_bet02_101_all_pairs_incl_sentinel,round_win = game_pnl > 0 (decisive only),COMPATIBILITY_ONLY_NOT_PRODUCTION,4009.0000,3719.0000,482.5000,143,142,-0.12035420,-0.32010870,-0.06086112,-0.12035420,-482.5000,4009.0000,OK,0.0000,19.3000,4.0000,96.0000,AG03-UNRESOLVED,ALL5_LEVELS_bet23_to_bet27,19.3000,19.3000,19.3000,21.7125,21.7125,4.000000,4.000000,4.000000,4.500000,4.500000,96.000000,96.000000,96.000000,95.500000,95.500000,5.0,101.3250,93.1701,381.1750,389.3299,PENDING_AG03,FALSE,NOT_FOR_ENFORCEMENT,463.2000,3570.2400,482.5000,463.2000,19.3000,0.12035420,0.11554003,19.3000,463.2000,0.11554003,19.3000,19.3000,19.3000,21.7125,21.7125,463.2000,0.11554003,101.3250,93.1701,381.1750,389.3299,0.09507982,0.09711397,0.00481417,28.0350,26.1901,3.3979,241.2500,14.1912,2004.5000,71.0000,27.0588,28.3394,10.0,20.0,40.0,50.0,50.0,70.7001,20.0,-10.0,2.5,3.535004,1.401748,18,27,1,3,0.22948366,0.12035420,0.32010870,0E-8,0.000000,0.927663,0.000000,-0.25924758,2026-07-07,2026-07-13,2,34,21,7,0.285714,0.954811,0.965181,0.764946,,,,,,,,GLOBAL_BASELINE_NO_ENTITY_RANKING,,,NOT_APPLICABLE_GLOBAL_BASELINE,HF9g-P5,,,,X 全窗基线 · 不参与实体赏罚,8393810,840,A168_HF9F_20260827_0900,2026-08-27 09:00:00
2026-07-07,152688224,1353,0,20.0000000000,19.0000000000,19.0000000000,1.0000000,1,1,0.50665070000000000,0.506650700000,0.9867858985152569,0.9867858985152569,0.9867858985152569,0E-17,ELIGIBLE,R03b_20260811_FULL_v1,L1_ELIGIBILITY,v2026-08-11,2026-03-21..2026-08-06,baccarat_bet02_101_all_pairs_incl_sentinel,round_win = game_pnl > 0 (decisive only),COMPATIBILITY_ONLY_NOT_PRODUCTION,4009.0000,3719.0000,482.5000,143,142,-0.12035420,-0.32010870,-0.06086112,-0.12035420,-482.5000,4009.0000,OK,0.0000,19.3000,4.0000,96.0000,AG03-UNRESOLVED,ALL5_LEVELS_bet23_to_bet27,19.3000,19.3000,19.3000,21.7125,21.7125,4.000000,4.000000,4.000000,4.500000,4.500000,96.000000,96.000000,96.000000,95.500000,95.500000,5.0,101.3250,93.1701,381.1750,389.3299,PENDING_AG03,FALSE,NOT_FOR_ENFORCEMENT,463.2000,3570.2400,482.5000,463.2000,19.3000,0.12035420,0.11554003,19.3000,463.2000,0.11554003,19.3000,19.3000,19.3000,21.7125,21.7125,463.2000,0.11554003,101.3250,93.1701,381.1750,389.3299,0.09507982,0.09711397,0.00481417,28.0350,26.1901,3.3979,241.2500,14.1912,2004.5000,71.0000,27.0588,28.3394,10.0,20.0,40.0,50.0,50.0,70.7001,20.0,-10.0,2.5,3.535004,1.401748,18,27,1,3,0.22948366,0.12035420,0.32010870,0E-8,0.000000,0.927663,0.000000,-0.25924758,2026-07-07,2026-07-13,2,34,21,7,0.285714,0.954811,0.965181,0.764946,,,,,,,,GLOBAL_BASELINE_NO_ENTITY_RANKING,,,NOT_APPLICABLE_GLOBAL_BASELINE,HF9g-P5,,,,X 全窗基线 · 不参与实体赏罚,8393811,840,A168_HF9F_20260827_0900,2026-08-27 09:00:00
2026-07-07,152688224,1396,0,200.0000000000,57.0000000000,57.0000000000,0.5000000,7,7,0.50090561428571429,0.500905614286,-0.00443659308478647,-0.004436593086186165,-0.00443659308478647,-2.8571E-13,ELIGIBLE,R03b_20260811_FULL_v1,L1_ELIGIBILITY,v2026-08-11,2026-03-21..2026-08-06,baccarat_bet02_101_all_pairs_incl_sentinel,round_win = game_pnl > 0 (decisive only),COMPATIBILITY_ONLY_NOT_PRODUCTION,4009.0000,3719.0000,482.5000,143,142,-0.12035420,-0.32010870,-0.06086112,-0.12035420,-482.5000,4009.0000,OK,0.0000,19.3000,4.0000,96.0000,AG03-UNRESOLVED,ALL5_LEVELS_bet23_to_bet27,19.3000,19.3000,19.3000,21.7125,21.7125,4.000000,4.000000,4.000000,4.500000,4.500000,96.000000,96.000000,96.000000,95.500000,95.500000,5.0,101.3250,93.1701,381.1750,389.3299,PENDING_AG03,FALSE,NOT_FOR_ENFORCEMENT,463.2000,3570.2400,482.5000,463.2000,19.3000,0.12035420,0.11554003,19.3000,463.2000,0.11554003,19.3000,19.3000,19.3000,21.7125,21.7125,463.2000,0.11554003,101.3250,93.1701,381.1750,389.3299,0.09507982,0.09711397,0.00481417,28.0350,26.1901,3.3979,241.2500,14.1912,2004.5000,71.0000,27.0588,28.3394,10.0,20.0,40.0,50.0,50.0,70.7001,20.0,-10.0,2.5,3.535004,1.401748,18,27,1,3,0.22948366,0.12035420,0.32010870,0E-8,0.000000,0.927663,0.000000,-0.25924758,2026-07-07,2026-07-13,2,34,21,7,0.285714,0.954811,0.965181,0.764946,,,,,,,,GLOBAL_BASELINE_NO_ENTITY_RANKING,,,NOT_APPLICABLE_GLOBAL_BASELINE,HF9g-P5,,,,X 全窗基线 · 不参与实体赏罚,8393812,840,A168_HF9F_20260827_0900,2026-08-27 09:00:00
2026-07-07,152688224,1490,0,160.0000000000,-2.5000000000,-2.5000000000,0.6000000,5,5,0.49860758000000000,0.498607580000,0.4534424453485946,0.4534424453485946,0.4534424453485946,0E-17,ELIGIBLE,R03b_20260811_FULL_v1,L1_ELIGIBILITY,v2026-08-11,2026-03-21..2026-08-06,baccarat_bet02_101_all_pairs_incl_sentinel,round_win = game_pnl > 0 (decisive only),COMPATIBILITY_ONLY_NOT_PRODUCTION,4009.0000,3719.0000,482.5000,143,142,-0.12035420,-0.32010870,-0.06086112,-0.12035420,-482.5000,4009.0000,OK,0.0000,19.3000,4.0000,96.0000,AG03-UNRESOLVED,ALL5_LEVELS_bet23_to_bet27,19.3000,19.3000,19.3000,21.7125,21.7125,4.000000,4.000000,4.000000,4.500000,4.500000,96.000000,96.000000,96.000000,95.500000,95.500000,5.0,101.3250,93.1701,381.1750,389.3299,PENDING_AG03,FALSE,NOT_FOR_ENFORCEMENT,463.2000,3570.2400,482.5000,463.2000,19.3000,0.12035420,0.11554003,19.3000,463.2000,0.11554003,19.3000,19.3000,19.3000,21.7125,21.7125,463.2000,0.11554003,101.3250,93.1701,381.1750,389.3299,0.09507982,0.09711397,0.00481417,28.0350,26.1901,3.3979,241.2500,14.1912,2004.5000,71.0000,27.0588,28.3394,10.0,20.0,40.0,50.0,50.0,70.7001,20.0,-10.0,2.5,3.535004,1.401748,18,27,1,3,0.22948366,0.12035420,0.32010870,0E-8,0.000000,0.927663,0.000000,-0.25924758,2026-07-07,2026-07-13,2,34,21,7,0.285714,0.954811,0.965181,0.764946,,,,,,,,GLOBAL_BASELINE_NO_ENTITY_RANKING,,,NOT_APPLICABLE_GLOBAL_BASELINE,HF9g-P5,,,,X 全窗基线 · 不参与实体赏罚,8393813,840,A168_HF9F_20260827_0900,2026-08-27 09:00:00
2026-07-07,152688224,1940,0,60.0000000000,0E-10,0E-10,0.5000000,2,2,0.49324550000000000,0.493245500000,0.01910635448239258,0.01910635448239258,0.01910635448239258,0E-17,ELIGIBLE,R03b_20260811_FULL_v1,L1_ELIGIBILITY,v2026-08-11,2026-03-21..2026-08-06,baccarat_bet02_101_all_pairs_incl_sentinel,round_win = game_pnl > 0 (decisive only),COMPATIBILITY_ONLY_NOT_PRODUCTION,4009.0000,3719.0000,482.5000,143,142,-0.12035420,-0.32010870,-0.06086112,-0.12035420,-482.5000,4009.0000,OK,0.0000,19.3000,4.0000,96.0000,AG03-UNRESOLVED,ALL5_LEVELS_bet23_to_bet27,19.3000,19.3000,19.3000,21.7125,21.7125,4.000000,4.000000,4.000000,4.500000,4.500000,96.000000,96.000000,96.000000,95.500000,95.500000,5.0,101.3250,93.1701,381.1750,389.3299,PENDING_AG03,FALSE,NOT_FOR_ENFORCEMENT,463.2000,3570.2400,482.5000,463.2000,19.3000,0.12035420,0.11554003,19.3000,463.2000,0.11554003,19.3000,19.3000,19.3000,21.7125,21.7125,463.2000,0.11554003,101.3250,93.1701,381.1750,389.3299,0.09507982,0.09711397,0.00481417,28.0350,26.1901,3.3979,241.2500,14.1912,2004.5000,71.0000,27.0588,28.3394,10.0,20.0,40.0,50.0,50.0,70.7001,20.0,-10.0,2.5,3.535004,1.401748,18,27,1,3,0.22948366,0.12035420,0.32010870,0E-8,0.000000,0.927663,0.000000,-0.25924758,2026-07-07,2026-07-13,2,34,21,7,0.285714,0.954811,0.965181,0.764946,,,,,,,,GLOBAL_BASELINE_NO_ENTITY_RANKING,,,NOT_APPLICABLE_GLOBAL_BASELINE,HF9g-P5,,,,X 全窗基线 · 不参与实体赏罚,8393814,840,A168_HF9F_20260827_0900,2026-08-27 09:00:00
2026-07-07,152688224,1951,0,113.0000000000,0.3500000000,0.3500000000,0.5000000,3,3,0.50218230000000000,0.502182300000,-0.00617253530718887,-0.00617253530718887,-0.00617253530718887,0E-17,ELIGIBLE,R03b_20260811_FULL_v1,L1_ELIGIBILITY,v2026-08-11,2026-03-21..2026-08-06,baccarat_bet02_101_all_pairs_incl_sentinel,round_win = game_pnl > 0 (decisive only),COMPATIBILITY_ONLY_NOT_PRODUCTION,4009.0000,3719.0000,482.5000,143,142,-0.12035420,-0.32010870,-0.06086112,-0.12035420,-482.5000,4009.0000,OK,0.0000,19.3000,4.0000,96.0000,AG03-UNRESOLVED,ALL5_LEVELS_bet23_to_bet27,19.3000,19.3000,19.3000,21.7125,21.7125,4.000000,4.000000,4.000000,4.500000,4.500000,96.000000,96.000000,96.000000,95.500000,95.500000,5.0,101.3250,93.1701,381.1750,389.3299,PENDING_AG03,FALSE,NOT_FOR_ENFORCEMENT,463.2000,3570.2400,482.5000,463.2000,19.3000,0.12035420,0.11554003,19.3000,463.2000,0.11554003,19.3000,19.3000,19.3000,21.7125,21.7125,463.2000,0.11554003,101.3250,93.1701,381.1750,389.3299,0.09507982,0.09711397,0.00481417,28.0350,26.1901,3.3979,241.2500,14.1912,2004.5000,71.0000,27.0588,28.3394,10.0,20.0,40.0,50.0,50.0,70.7001,20.0,-10.0,2.5,3.535004,1.401748,18,27,1,3,0.22948366,0.12035420,0.32010870,0E-8,0.000000,0.927663,0.000000,-0.25924758,2026-07-07,2026-07-13,2,34,21,7,0.285714,0.954811,0.965181,0.764946,,,,,,,,GLOBAL_BASELINE_NO_ENTITY_RANKING,,,NOT_APPLICABLE_GLOBAL_BASELINE,HF9g-P5,,,,X 全窗基线 · 不参与实体赏罚,8393815,840,A168_HF9F_20260827_0900,2026-08-27 09:00:00
2026-07-07,152688224,1985,0,230.0000000000,-82.0000000000,-82.0000000000,0.2500000,6,6,0.50665070000000000,0.506650700000,-1.0266936290537745,-1.0266936290537745,-1.0266936290537745,0E-17,ELIGIBLE,R03b_20260811_FULL_v1,L1_ELIGIBILITY,v2026-08-11,2026-03-21..2026-08-06,baccarat_bet02_101_all_pairs_incl_sentinel,round_win = game_pnl > 0 (decisive only),COMPATIBILITY_ONLY_NOT_PRODUCTION,4009.0000,3719.0000,482.5000,143,142,-0.12035420,-0.32010870,-0.06086112,-0.12035420,-482.5000,4009.0000,OK,0.0000,19.3000,4.0000,96.0000,AG03-UNRESOLVED,ALL5_LEVELS_bet23_to_bet27,19.3000,19.3000,19.3000,21.7125,21.7125,4.000000,4.000000,4.000000,4.500000,4.500000,96.000000,96.000000,96.000000,95.500000,95.500000,5.0,101.3250,93.1701,381.1750,389.3299,PENDING_AG03,FALSE,NOT_FOR_ENFORCEMENT,463.2000,3570.2400,482.5000,463.2000,19.3000,0.12035420,0.11554003,19.3000,463.2000,0.11554003,19.3000,19.3000,19.3000,21.7125,21.7125,463.2000,0.11554003,101.3250,93.1701,381.1750,389.3299,0.09507982,0.09711397,0.00481417,28.0350,26.1901,3.3979,241.2500,14.1912,2004.5000,71.0000,27.0588,28.3394,10.0,20.0,40.0,50.0,50.0,70.7001,20.0,-10.0,2.5,3.535004,1.401748,18,27,1,3,0.22948366,0.12035420,0.32010870,0E-8,0.000000,0.927663,0.000000,-0.25924758,2026-07-07,2026-07-13,2,34,21,7,0.285714,0.954811,0.965181,0.764946,,,,,,,,GLOBAL_BASELINE_NO_ENTITY_RANKING,,,NOT_APPLICABLE_GLOBAL_BASELINE,HF9g-P5,,,,X 全窗基线 · 不参与实体赏罚,8393816,840,A168_HF9F_20260827_0900,2026-08-27 09:00:00
2026-07-07,152688224,2088,0,30.0000000000,30.0000000000,30.0000000000,1.0000000,2,2,0.49324550000000000,0.493245500000,1.4334489766152358,1.4334489766152358,1.4334489766152358,0E-17,ELIGIBLE,R03b_20260811_FULL_v1,L1_ELIGIBILITY,v2026-08-11,2026-03-21..2026-08-06,baccarat_bet02_101_all_pairs_incl_sentinel,round_win = game_pnl > 0 (decisive only),COMPATIBILITY_ONLY_NOT_PRODUCTION,4009.0000,3719.0000,482.5000,143,142,-0.12035420,-0.32010870,-0.06086112,-0.12035420,-482.5000,4009.0000,OK,0.0000,19.3000,4.0000,96.0000,AG03-UNRESOLVED,ALL5_LEVELS_bet23_to_bet27,19.3000,19.3000,19.3000,21.7125,21.7125,4.000000,4.000000,4.000000,4.500000,4.500000,96.000000,96.000000,96.000000,95.500000,95.500000,5.0,101.3250,93.1701,381.1750,389.3299,PENDING_AG03,FALSE,NOT_FOR_ENFORCEMENT,463.2000,3570.2400,482.5000,463.2000,19.3000,0.12035420,0.11554003,19.3000,463.2000,0.11554003,19.3000,19.3000,19.3000,21.7125,21.7125,463.2000,0.11554003,101.3250,93.1701,381.1750,389.3299,0.09507982,0.09711397,0.00481417,28.0350,26.1901,3.3979,241.2500,14.1912,2004.5000,71.0000,27.0588,28.3394,10.0,20.0,40.0,50.0,50.0,70.7001,20.0,-10.0,2.5,3.535004,1.401748,18,27,1,3,0.22948366,0.12035420,0.32010870,0E-8,0.000000,0.927663,0.000000,-0.25924758,2026-07-07,2026-07-13,2,34,21,7,0.285714,0.954811,0.965181,0.764946,,,,,,,,GLOBAL_BASELINE_NO_ENTITY_RANKING,,,NOT_APPLICABLE_GLOBAL_BASELINE,HF9g-P5,,,,X 全窗基线 · 不参与实体赏罚,8393817,840,A168_HF9F_20260827_0900,2026-08-27 09:00:00
2026-07-07,152688224,2124,0,120.0000000000,16.5000000000,16.5000000000,0.3333333,3,3,0.50665070000000000,0.506650700000,-0.6004420894325239,-0.6004420894325239,-0.6004420894325239,0E-17,ELIGIBLE,R03b_20260811_FULL_v1,L1_ELIGIBILITY,v2026-08-11,2026-03-21..2026-08-06,baccarat_bet02_101_all_pairs_incl_sentinel,round_win = game_pnl > 0 (decisive only),COMPATIBILITY_ONLY_NOT_PRODUCTION,4009.0000,3719.0000,482.5000,143,142,-0.12035420,-0.32010870,-0.06086112,-0.12035420,-482.5000,4009.0000,OK,0.0000,19.3000,4.0000,96.0000,AG03-UNRESOLVED,ALL5_LEVELS_bet23_to_bet27,19.3000,19.3000,19.3000,21.7125,21.7125,4.000000,4.000000,4.000000,4.500000,4.500000,96.000000,96.000000,96.000000,95.500000,95.500000,5.0,101.3250,93.1701,381.1750,389.3299,PENDING_AG03,FALSE,NOT_FOR_ENFORCEMENT,463.2000,3570.2400,482.5000,463.2000,19.3000,0.12035420,0.11554003,19.3000,463.2000,0.11554003,19.3000,19.3000,19.3000,21.7125,21.7125,463.2000,0.11554003,101.3250,93.1701,381.1750,389.3299,0.09507982,0.09711397,0.00481417,28.0350,26.1901,3.3979,241.2500,14.1912,2004.5000,71.0000,27.0588,28.3394,10.0,20.0,40.0,50.0,50.0,70.7001,20.0,-10.0,2.5,3.535004,1.401748,18,27,1,3,0.22948366,0.12035420,0.32010870,0E-8,0.000000,0.927663,0.000000,-0.25924758,2026-07-07,2026-07-13,2,34,21,7,0.285714,0.954811,0.965181,0.764946,,,,,,,,GLOBAL_BASELINE_NO_ENTITY_RANKING,,,NOT_APPLICABLE_GLOBAL_BASELINE,HF9g-P5,,,,X 全窗基线 · 不参与实体赏罚,8393818,840,A168_HF9F_20260827_0900,2026-08-27 09:00:00
2026-07-07,152688224,2127,0,30.0000000000,-10.0000000000,-10.0000000000,0E-7,2,1,0.36267060000000000,0.290680550000,-0.7543522654270516,-0.6401578158977228,-0.7543522654270516,0.07199005000000000,ELIGIBLE,R03b_20260811_FULL_v1,L1_ELIGIBILITY,v2026-08-11,2026-03-21..2026-08-06,baccarat_bet02_101_all_pairs_incl_sentinel,round_win = game_pnl > 0 (decisive only),COMPATIBILITY_ONLY_NOT_PRODUCTION,4009.0000,3719.0000,482.5000,143,142,-0.12035420,-0.32010870,-0.06086112,-0.12035420,-482.5000,4009.0000,OK,0.0000,19.3000,4.0000,96.0000,AG03-UNRESOLVED,ALL5_LEVELS_bet23_to_bet27,19.3000,19.3000,19.3000,21.7125,21.7125,4.000000,4.000000,4.000000,4.500000,4.500000,96.000000,96.000000,96.000000,95.500000,95.500000,5.0,101.3250,93.1701,381.1750,389.3299,PENDING_AG03,FALSE,NOT_FOR_ENFORCEMENT,463.2000,3570.2400,482.5000,463.2000,19.3000,0.12035420,0.11554003,19.3000,463.2000,0.11554003,19.3000,19.3000,19.3000,21.7125,21.7125,463.2000,0.11554003,101.3250,93.1701,381.1750,389.3299,0.09507982,0.09711397,0.00481417,28.0350,26.1901,3.3979,241.2500,14.1912,2004.5000,71.0000,27.0588,28.3394,10.0,20.0,40.0,50.0,50.0,70.7001,20.0,-10.0,2.5,3.535004,1.401748,18,27,1,3,0.22948366,0.12035420,0.32010870,0E-8,0.000000,0.927663,0.000000,-0.25924758,2026-07-07,2026-07-13,2,34,21,7,0.285714,0.954811,0.965181,0.764946,,,,,,,,GLOBAL_BASELINE_NO_ENTITY_RANKING,,,NOT_APPLICABLE_GLOBAL_BASELINE,HF9g-P5,,,,X 全窗基线 · 不参与实体赏罚,8393819,840,A168_HF9F_20260827_0900,2026-08-27 09:00:00
2026-07-07,152688224,2169,0,240.0000000000,-52.5000000000,-52.5000000000,0.4444444,10,10,0.50262914000000000,0.502629140000,-0.3491129997681332,-0.34911299976813326,-0.3491129997681332,0E-17,ELIGIBLE,R03b_20260811_FULL_v1,L1_ELIGIBILITY,v2026-08-11,2026-03-21..2026-08-06,baccarat_bet02_101_all_pairs_incl_sentinel,round_win = game_pnl > 0 (decisive only),COMPATIBILITY_ONLY_NOT_PRODUCTION,4009.0000,3719.0000,482.5000,143,142,-0.12035420,-0.32010870,-0.06086112,-0.12035420,-482.5000,4009.0000,OK,0.0000,19.3000,4.0000,96.0000,AG03-UNRESOLVED,ALL5_LEVELS_bet23_to_bet27,19.3000,19.3000,19.3000,21.7125,21.7125,4.000000,4.000000,4.000000,4.500000,4.500000,96.000000,96.000000,96.000000,95.500000,95.500000,5.0,101.3250,93.1701,381.1750,389.3299,PENDING_AG03,FALSE,NOT_FOR_ENFORCEMENT,463.2000,3570.2400,482.5000,463.2000,19.3000,0.12035420,0.11554003,19.3000,463.2000,0.11554003,19.3000,19.3000,19.3000,21.7125,21.7125,463.2000,0.11554003,101.3250,93.1701,381.1750,389.3299,0.09507982,0.09711397,0.00481417,28.0350,26.1901,3.3979,241.2500,14.1912,2004.5000,71.0000,27.0588,28.3394,10.0,20.0,40.0,50.0,50.0,70.7001,20.0,-10.0,2.5,3.535004,1.401748,18,27,1,3,0.22948366,0.12035420,0.32010870,0E-8,0.000000,0.927663,0.000000,-0.25924758,2026-07-07,2026-07-13,2,34,21,7,0.285714,0.954811,0.965181,0.764946,,,,,,,,GLOBAL_BASELINE_NO_ENTITY_RANKING,,,NOT_APPLICABLE_GLOBAL_BASELINE,HF9g-P5,,,,X 全窗基线 · 不参与实体赏罚,8393820,840,A168_HF9F_20260827_0900,2026-08-27 09:00:00
2026-07-07,152688224,2223,0,326.0000000000,24.2000000000,24.2000000000,0.5000000,12,12,0.49659680000000000,0.496596800000,0.02357860740362636,0.02357860740362636,0.02357860740362636,0E-17,ELIGIBLE,R03b_20260811_FULL_v1,L1_ELIGIBILITY,v2026-08-11,2026-03-21..2026-08-06,baccarat_bet02_101_all_pairs_incl_sentinel,round_win = game_pnl > 0 (decisive only),COMPATIBILITY_ONLY_NOT_PRODUCTION,4009.0000,3719.0000,482.5000,143,142,-0.12035420,-0.32010870,-0.06086112,-0.12035420,-482.5000,4009.0000,OK,0.0000,19.3000,4.0000,96.0000,AG03-UNRESOLVED,ALL5_LEVELS_bet23_to_bet27,19.3000,19.3000,19.3000,21.7125,21.7125,4.000000,4.000000,4.000000,4.500000,4.500000,96.000000,96.000000,96.000000,95.500000,95.500000,5.0,101.3250,93.1701,381.1750,389.3299,PENDING_AG03,FALSE,NOT_FOR_ENFORCEMENT,463.2000,3570.2400,482.5000,463.2000,19.3000,0.12035420,0.11554003,19.3000,463.2000,0.11554003,19.3000,19.3000,19.3000,21.7125,21.7125,463.2000,0.11554003,101.3250,93.1701,381.1750,389.3299,0.09507982,0.09711397,0.00481417,28.0350,26.1901,3.3979,241.2500,14.1912,2004.5000,71.0000,27.0588,28.3394,10.0,20.0,40.0,50.0,50.0,70.7001,20.0,-10.0,2.5,3.535004,1.401748,18,27,1,3,0.22948366,0.12035420,0.32010870,0E-8,0.000000,0.927663,0.000000,-0.25924758,2026-07-07,2026-07-13,2,34,21,7,0.285714,0.954811,0.965181,0.764946,,,,,,,,GLOBAL_BASELINE_NO_ENTITY_RANKING,,,NOT_APPLICABLE_GLOBAL_BASELINE,HF9g-P5,,,,X 全窗基线 · 不参与实体赏罚,8393821,840,A168_HF9F_20260827_0900,2026-08-27 09:00:00
2026-07-07,152688224,2233,0,110.0000000000,8.0000000000,8.0000000000,0.5000000,6,6,0.49994810000000000,0.499948100000,0.00025425703667063243,0.00025425703667063243,0.00025425703667063243,0E-17,ELIGIBLE,R03b_20260811_FULL_v1,L1_ELIGIBILITY,v2026-08-11,2026-03-21..2026-08-06,baccarat_bet02_101_all_pairs_incl_sentinel,round_win = game_pnl > 0 (decisive only),COMPATIBILITY_ONLY_NOT_PRODUCTION,4009.0000,3719.0000,482.5000,143,142,-0.12035420,-0.32010870,-0.06086112,-0.12035420,-482.5000,4009.0000,OK,0.0000,19.3000,4.0000,96.0000,AG03-UNRESOLVED,ALL5_LEVELS_bet23_to_bet27,19.3000,19.3000,19.3000,21.7125,21.7125,4.000000,4.000000,4.000000,4.500000,4.500000,96.000000,96.000000,96.000000,95.500000,95.500000,5.0,101.3250,93.1701,381.1750,389.3299,PENDING_AG03,FALSE,NOT_FOR_ENFORCEMENT,463.2000,3570.2400,482.5000,463.2000,19.3000,0.12035420,0.11554003,19.3000,463.2000,0.11554003,19.3000,19.3000,19.3000,21.7125,21.7125,463.2000,0.11554003,101.3250,93.1701,381.1750,389.3299,0.09507982,0.09711397,0.00481417,28.0350,26.1901,3.3979,241.2500,14.1912,2004.5000,71.0000,27.0588,28.3394,10.0,20.0,40.0,50.0,50.0,70.7001,20.0,-10.0,2.5,3.535004,1.401748,18,27,1,3,0.22948366,0.12035420,0.32010870,0E-8,0.000000,0.927663,0.000000,-0.25924758,2026-07-07,2026-07-13,2,34,21,7,0.285714,0.954811,0.965181,0.764946,,,,,,,,GLOBAL_BASELINE_NO_ENTITY_RANKING,,,NOT_APPLICABLE_GLOBAL_BASELINE,HF9g-P5,,,,X 全窗基线 · 不参与实体赏罚,8393822,840,A168_HF9F_20260827_0900,2026-08-27 09:00:00
2026-07-07,152688224,2242,0,150.0000000000,-150.0000000000,-150.0000000000,0E-7,3,3,0.50665070000000000,0.506650700000,-1.7552447903592512,-1.7552447903592512,-1.7552447903592512,0E-17,ELIGIBLE,R03b_20260811_FULL_v1,L1_ELIGIBILITY,v2026-08-11,2026-03-21..2026-08-06,baccarat_bet02_101_all_pairs_incl_sentinel,round_win = game_pnl > 0 (decisive only),COMPATIBILITY_ONLY_NOT_PRODUCTION,4009.0000,3719.0000,482.5000,143,142,-0.12035420,-0.32010870,-0.06086112,-0.12035420,-482.5000,4009.0000,OK,0.0000,19.3000,4.0000,96.0000,AG03-UNRESOLVED,ALL5_LEVELS_bet23_to_bet27,19.3000,19.3000,19.3000,21.7125,21.7125,4.000000,4.000000,4.000000,4.500000,4.500000,96.000000,96.000000,96.000000,95.500000,95.500000,5.0,101.3250,93.1701,381.1750,389.3299,PENDING_AG03,FALSE,NOT_FOR_ENFORCEMENT,463.2000,3570.2400,482.5000,463.2000,19.3000,0.12035420,0.11554003,19.3000,463.2000,0.11554003,19.3000,19.3000,19.3000,21.7125,21.7125,463.2000,0.11554003,101.3250,93.1701,381.1750,389.3299,0.09507982,0.09711397,0.00481417,28.0350,26.1901,3.3979,241.2500,14.1912,2004.5000,71.0000,27.0588,28.3394,10.0,20.0,40.0,50.0,50.0,70.7001,20.0,-10.0,2.5,3.535004,1.401748,18,27,1,3,0.22948366,0.12035420,0.32010870,0E-8,0.000000,0.927663,0.000000,-0.25924758,2026-07-07,2026-07-13,2,34,21,7,0.285714,0.954811,0.965181,0.764946,,,,,,,,GLOBAL_BASELINE_NO_ENTITY_RANKING,,,NOT_APPLICABLE_GLOBAL_BASELINE,HF9g-P5,,,,X 全窗基线 · 不参与实体赏罚,8393823,840,A168_HF9F_20260827_0900,2026-08-27 09:00:00
2026-07-07,152688224,2251,0,20.0000000000,20.0000000000,20.0000000000,1.0000000,1,1,0.49324550000000000,0.493245500000,1.01360149184955,1.01360149184955,1.01360149184955,0E-17,ELIGIBLE,R03b_20260811_FULL_v1,L1_ELIGIBILITY,v2026-08-11,2026-03-21..2026-08-06,baccarat_bet02_101_all_pairs_incl_sentinel,round_win = game_pnl > 0 (decisive only),COMPATIBILITY_ONLY_NOT_PRODUCTION,4009.0000,3719.0000,482.5000,143,142,-0.12035420,-0.32010870,-0.06086112,-0.12035420,-482.5000,4009.0000,OK,0.0000,19.3000,4.0000,96.0000,AG03-UNRESOLVED,ALL5_LEVELS_bet23_to_bet27,19.3000,19.3000,19.3000,21.7125,21.7125,4.000000,4.000000,4.000000,4.500000,4.500000,96.000000,96.000000,96.000000,95.500000,95.500000,5.0,101.3250,93.1701,381.1750,389.3299,PENDING_AG03,FALSE,NOT_FOR_ENFORCEMENT,463.2000,3570.2400,482.5000,463.2000,19.3000,0.12035420,0.11554003,19.3000,463.2000,0.11554003,19.3000,19.3000,19.3000,21.7125,21.7125,463.2000,0.11554003,101.3250,93.1701,381.1750,389.3299,0.09507982,0.09711397,0.00481417,28.0350,26.1901,3.3979,241.2500,14.1912,2004.5000,71.0000,27.0588,28.3394,10.0,20.0,40.0,50.0,50.0,70.7001,20.0,-10.0,2.5,3.535004,1.401748,18,27,1,3,0.22948366,0.12035420,0.32010870,0E-8,0.000000,0.927663,0.000000,-0.25924758,2026-07-07,2026-07-13,2,34,21,7,0.285714,0.954811,0.965181,0.764946,,,,,,,,GLOBAL_BASELINE_NO_ENTITY_RANKING,,,NOT_APPLICABLE_GLOBAL_BASELINE,HF9g-P5,,,,X 全窗基线 · 不参与实体赏罚,8393824,840,A168_HF9F_20260827_0900,2026-08-27 09:00:00
2026-07-07,152688224,2267,0,130.0000000000,89.0000000000,89.0000000000,0.6666667,6,6,0.49547970000000000,0.495479700000,0.83867571210634,0.83867571210634,0.83867571210634,0E-17,ELIGIBLE,R03b_20260811_FULL_v1,L1_ELIGIBILITY,v2026-08-11,2026-03-21..2026-08-06,baccarat_bet02_101_all_pairs_incl_sentinel,round_win = game_pnl > 0 (decisive only),COMPATIBILITY_ONLY_NOT_PRODUCTION,4009.0000,3719.0000,482.5000,143,142,-0.12035420,-0.32010870,-0.06086112,-0.12035420,-482.5000,4009.0000,OK,0.0000,19.3000,4.0000,96.0000,AG03-UNRESOLVED,ALL5_LEVELS_bet23_to_bet27,19.3000,19.3000,19.3000,21.7125,21.7125,4.000000,4.000000,4.000000,4.500000,4.500000,96.000000,96.000000,96.000000,95.500000,95.500000,5.0,101.3250,93.1701,381.1750,389.3299,PENDING_AG03,FALSE,NOT_FOR_ENFORCEMENT,463.2000,3570.2400,482.5000,463.2000,19.3000,0.12035420,0.11554003,19.3000,463.2000,0.11554003,19.3000,19.3000,19.3000,21.7125,21.7125,463.2000,0.11554003,101.3250,93.1701,381.1750,389.3299,0.09507982,0.09711397,0.00481417,28.0350,26.1901,3.3979,241.2500,14.1912,2004.5000,71.0000,27.0588,28.3394,10.0,20.0,40.0,50.0,50.0,70.7001,20.0,-10.0,2.5,3.535004,1.401748,18,27,1,3,0.22948366,0.12035420,0.32010870,0E-8,0.000000,0.927663,0.000000,-0.25924758,2026-07-07,2026-07-13,2,34,21,7,0.285714,0.954811,0.965181,0.764946,,,,,,,,GLOBAL_BASELINE_NO_ENTITY_RANKING,,,NOT_APPLICABLE_GLOBAL_BASELINE,HF9g-P5,,,,X 全窗基线 · 不参与实体赏罚,8393825,840,A168_HF9F_20260827_0900,2026-08-27 09:00:00
2026-07-07,152688224,2271,0,181.0000000000,-20.0500000000,-20.0500000000,0.3750000,8,8,0.49659680000000000,0.496596800000,-0.6878713085241178,-0.6878713085241179,-0.6878713085241178,0E-17,ELIGIBLE,R03b_20260811_FULL_v1,L1_ELIGIBILITY,v2026-08-11,2026-03-21..2026-08-06,baccarat_bet02_101_all_pairs_incl_sentinel,round_win = game_pnl > 0 (decisive only),COMPATIBILITY_ONLY_NOT_PRODUCTION,4009.0000,3719.0000,482.5000,143,142,-0.12035420,-0.32010870,-0.06086112,-0.12035420,-482.5000,4009.0000,OK,0.0000,19.3000,4.0000,96.0000,AG03-UNRESOLVED,ALL5_LEVELS_bet23_to_bet27,19.3000,19.3000,19.3000,21.7125,21.7125,4.000000,4.000000,4.000000,4.500000,4.500000,96.000000,96.000000,96.000000,95.500000,95.500000,5.0,101.3250,93.1701,381.1750,389.3299,PENDING_AG03,FALSE,NOT_FOR_ENFORCEMENT,463.2000,3570.2400,482.5000,463.2000,19.3000,0.12035420,0.11554003,19.3000,463.2000,0.11554003,19.3000,19.3000,19.3000,21.7125,21.7125,463.2000,0.11554003,101.3250,93.1701,381.1750,389.3299,0.09507982,0.09711397,0.00481417,28.0350,26.1901,3.3979,241.2500,14.1912,2004.5000,71.0000,27.0588,28.3394,10.0,20.0,40.0,50.0,50.0,70.7001,20.0,-10.0,2.5,3.535004,1.401748,18,27,1,3,0.22948366,0.12035420,0.32010870,0E-8,0.000000,0.927663,0.000000,-0.25924758,2026-07-07,2026-07-13,2,34,21,7,0.285714,0.954811,0.965181,0.764946,,,,,,,,GLOBAL_BASELINE_NO_ENTITY_RANKING,,,NOT_APPLICABLE_GLOBAL_BASELINE,HF9g-P5,,,,X 全窗基线 · 不参与实体赏罚,8393826,840,A168_HF9F_20260827_0900,2026-08-27 09:00:00
2026-07-07,152688224,2281,0,30.0000000000,10.0000000000,10.0000000000,0.5000000,2,2,0.49324550000000000,0.493245500000,0.01910635448239258,0.01910635448239258,0.01910635448239258,0E-17,ELIGIBLE,R03b_20260811_FULL_v1,L1_ELIGIBILITY,v2026-08-11,2026-03-21..2026-08-06,baccarat_bet02_101_all_pairs_incl_sentinel,round_win = game_pnl > 0 (decisive only),COMPATIBILITY_ONLY_NOT_PRODUCTION,4009.0000,3719.0000,482.5000,143,142,-0.12035420,-0.32010870,-0.06086112,-0.12035420,-482.5000,4009.0000,OK,0.0000,19.3000,4.0000,96.0000,AG03-UNRESOLVED,ALL5_LEVELS_bet23_to_bet27,19.3000,19.3000,19.3000,21.7125,21.7125,4.000000,4.000000,4.000000,4.500000,4.500000,96.000000,96.000000,96.000000,95.500000,95.500000,5.0,101.3250,93.1701,381.1750,389.3299,PENDING_AG03,FALSE,NOT_FOR_ENFORCEMENT,463.2000,3570.2400,482.5000,463.2000,19.3000,0.12035420,0.11554003,19.3000,463.2000,0.11554003,19.3000,19.3000,19.3000,21.7125,21.7125,463.2000,0.11554003,101.3250,93.1701,381.1750,389.3299,0.09507982,0.09711397,0.00481417,28.0350,26.1901,3.3979,241.2500,14.1912,2004.5000,71.0000,27.0588,28.3394,10.0,20.0,40.0,50.0,50.0,70.7001,20.0,-10.0,2.5,3.535004,1.401748,18,27,1,3,0.22948366,0.12035420,0.32010870,0E-8,0.000000,0.927663,0.000000,-0.25924758,2026-07-07,2026-07-13,2,34,21,7,0.285714,0.954811,0.965181,0.764946,,,,,,,,GLOBAL_BASELINE_NO_ENTITY_RANKING,,,NOT_APPLICABLE_GLOBAL_BASELINE,HF9g-P5,,,,X 全窗基线 · 不参与实体赏罚,8393827,840,A168_HF9F_20260827_0900,2026-08-27 09:00:00
2026-07-07,152688224,2288,0,20.0000000000,19.0000000000,19.0000000000,1.0000000,1,1,0.50665070000000000,0.506650700000,0.9867858985152569,0.9867858985152569,0.9867858985152569,0E-17,ELIGIBLE,R03b_20260811_FULL_v1,L1_ELIGIBILITY,v2026-08-11,2026-03-21..2026-08-06,baccarat_bet02_101_all_pairs_incl_sentinel,round_win = game_pnl > 0 (decisive only),COMPATIBILITY_ONLY_NOT_PRODUCTION,4009.0000,3719.0000,482.5000,143,142,-0.12035420,-0.32010870,-0.06086112,-0.12035420,-482.5000,4009.0000,OK,0.0000,19.3000,4.0000,96.0000,AG03-UNRESOLVED,ALL5_LEVELS_bet23_to_bet27,19.3000,19.3000,19.3000,21.7125,21.7125,4.000000,4.000000,4.000000,4.500000,4.500000,96.000000,96.000000,96.000000,95.500000,95.500000,5.0,101.3250,93.1701,381.1750,389.3299,PENDING_AG03,FALSE,NOT_FOR_ENFORCEMENT,463.2000,3570.2400,482.5000,463.2000,19.3000,0.12035420,0.11554003,19.3000,463.2000,0.11554003,19.3000,19.3000,19.3000,21.7125,21.7125,463.2000,0.11554003,101.3250,93.1701,381.1750,389.3299,0.09507982,0.09711397,0.00481417,28.0350,26.1901,3.3979,241.2500,14.1912,2004.5000,71.0000,27.0588,28.3394,10.0,20.0,40.0,50.0,50.0,70.7001,20.0,-10.0,2.5,3.535004,1.401748,18,27,1,3,0.22948366,0.12035420,0.32010870,0E-8,0.000000,0.927663,0.000000,-0.25924758,2026-07-07,2026-07-13,2,34,21,7,0.285714,0.954811,0.965181,0.764946,,,,,,,,GLOBAL_BASELINE_NO_ENTITY_RANKING,,,NOT_APPLICABLE_GLOBAL_BASELINE,HF9g-P5,,,,X 全窗基线 · 不参与实体赏罚,8393828,840,A168_HF9F_20260827_0900,2026-08-27 09:00:00
2026-07-07,152688224,986,0,170.0000000000,-2.5000000000,-2.5000000000,0.5000000,5,5,0.50128862000000000,0.501288620000,-0.0051544971185412255,-0.0051544971185412255,-0.0051544971185412255,0E-17,ELIGIBLE,R03b_20260811_FULL_v1,L1_ELIGIBILITY,v2026-08-11,2026-03-21..2026-08-06,baccarat_bet02_101_all_pairs_incl_sentinel,round_win = game_pnl > 0 (decisive only),COMPATIBILITY_ONLY_NOT_PRODUCTION,4009.0000,3719.0000,482.5000,143,142,-0.12035420,-0.32010870,-0.06086112,-0.12035420,-482.5000,4009.0000,OK,0.0000,19.3000,4.0000,96.0000,AG03-UNRESOLVED,ALL5_LEVELS_bet23_to_bet27,19.3000,19.3000,19.3000,21.7125,21.7125,4.000000,4.000000,4.000000,4.500000,4.500000,96.000000,96.000000,96.000000,95.500000,95.500000,5.0,101.3250,93.1701,381.1750,389.3299,PENDING_AG03,FALSE,NOT_FOR_ENFORCEMENT,463.2000,3570.2400,482.5000,463.2000,19.3000,0.12035420,0.11554003,19.3000,463.2000,0.11554003,19.3000,19.3000,19.3000,21.7125,21.7125,463.2000,0.11554003,101.3250,93.1701,381.1750,389.3299,0.09507982,0.09711397,0.00481417,28.0350,26.1901,3.3979,241.2500,14.1912,2004.5000,71.0000,27.0588,28.3394,10.0,20.0,40.0,50.0,50.0,70.7001,20.0,-10.0,2.5,3.535004,1.401748,18,27,1,3,0.22948366,0.12035420,0.32010870,0E-8,0.000000,0.927663,0.000000,-0.25924758,2026-07-07,2026-07-13,2,34,21,7,0.285714,0.954811,0.965181,0.764946,,,,,,,,GLOBAL_BASELINE_NO_ENTITY_RANKING,,,NOT_APPLICABLE_GLOBAL_BASELINE,HF9g-P5,,,,X 全窗基线 · 不参与实体赏罚,8393829,840,A168_HF9F_20260827_0900,2026-08-27 09:00:00
2026-07-13,152688224,-1,1,120.0000000000,-120.0000000000,-120.0000000000,0E-7,3,3,0.50665070000000000,0.506650700000,-1.7552447903592512,-1.7552447903592512,-1.7552447903592512,0E-17,SENTINEL_DEALER,R03b_20260811_FULL_v1,L1_ELIGIBILITY,v2026-08-11,2026-03-21..2026-08-06,baccarat_bet02_101_all_pairs_incl_sentinel,round_win = game_pnl > 0 (decisive only),COMPATIBILITY_ONLY_NOT_PRODUCTION,4009.0000,3719.0000,482.5000,143,142,-0.12035420,-0.32010870,-0.06086112,-0.12035420,-482.5000,4009.0000,OK,0.0000,19.3000,4.0000,96.0000,AG03-UNRESOLVED,ALL5_LEVELS_bet23_to_bet27,19.3000,19.3000,19.3000,21.7125,21.7125,4.000000,4.000000,4.000000,4.500000,4.500000,96.000000,96.000000,96.000000,95.500000,95.500000,5.0,101.3250,93.1701,381.1750,389.3299,PENDING_AG03,FALSE,NOT_FOR_ENFORCEMENT,463.2000,3570.2400,482.5000,463.2000,19.3000,0.12035420,0.11554003,19.3000,463.2000,0.11554003,19.3000,19.3000,19.3000,21.7125,21.7125,463.2000,0.11554003,101.3250,93.1701,381.1750,389.3299,0.09507982,0.09711397,0.00481417,28.0350,26.1901,3.3979,241.2500,14.1912,2004.5000,71.0000,27.0588,28.3394,10.0,20.0,40.0,50.0,50.0,70.7001,20.0,-10.0,2.5,3.535004,1.401748,18,27,1,3,0.22948366,0.12035420,0.32010870,0E-8,0.000000,0.927663,0.000000,-0.25924758,2026-07-07,2026-07-13,2,34,21,7,0.285714,0.954811,0.965181,0.764946,,,,,,,,GLOBAL_BASELINE_NO_ENTITY_RANKING,,,NOT_APPLICABLE_GLOBAL_BASELINE,HF9g-P5,,,,X 全窗基线 · 不参与实体赏罚,8393830,840,A168_HF9F_20260827_0900,2026-08-27 09:00:00
2026-07-13,152688224,1115,0,120.0000000000,-80.0000000000,-80.0000000000,0E-7,3,3,0.49324550000000000,0.493245500000,-1.3952362676504506,-1.3952362676504506,-1.3952362676504506,0E-17,ELIGIBLE,R03b_20260811_FULL_v1,L1_ELIGIBILITY,v2026-08-11,2026-03-21..2026-08-06,baccarat_bet02_101_all_pairs_incl_sentinel,round_win = game_pnl > 0 (decisive only),COMPATIBILITY_ONLY_NOT_PRODUCTION,4009.0000,3719.0000,482.5000,143,142,-0.12035420,-0.32010870,-0.06086112,-0.12035420,-482.5000,4009.0000,OK,0.0000,19.3000,4.0000,96.0000,AG03-UNRESOLVED,ALL5_LEVELS_bet23_to_bet27,19.3000,19.3000,19.3000,21.7125,21.7125,4.000000,4.000000,4.000000,4.500000,4.500000,96.000000,96.000000,96.000000,95.500000,95.500000,5.0,101.3250,93.1701,381.1750,389.3299,PENDING_AG03,FALSE,NOT_FOR_ENFORCEMENT,463.2000,3570.2400,482.5000,463.2000,19.3000,0.12035420,0.11554003,19.3000,463.2000,0.11554003,19.3000,19.3000,19.3000,21.7125,21.7125,463.2000,0.11554003,101.3250,93.1701,381.1750,389.3299,0.09507982,0.09711397,0.00481417,28.0350,26.1901,3.3979,241.2500,14.1912,2004.5000,71.0000,27.0588,28.3394,10.0,20.0,40.0,50.0,50.0,70.7001,20.0,-10.0,2.5,3.535004,1.401748,18,27,1,3,0.22948366,0.12035420,0.32010870,0E-8,0.000000,0.927663,0.000000,-0.25924758,2026-07-07,2026-07-13,2,34,21,7,0.285714,0.954811,0.965181,0.764946,,,,,,,,GLOBAL_BASELINE_NO_ENTITY_RANKING,,,NOT_APPLICABLE_GLOBAL_BASELINE,HF9g-P5,,,,X 全窗基线 · 不参与实体赏罚,8393831,840,A168_HF9F_20260827_0900,2026-08-27 09:00:00
2026-07-13,152688224,1505,0,100.0000000000,-100.0000000000,-100.0000000000,0E-7,2,2,0.50665070000000000,0.506650700000,-1.4331513700195317,-1.4331513700195317,-1.4331513700195317,0E-17,ELIGIBLE,R03b_20260811_FULL_v1,L1_ELIGIBILITY,v2026-08-11,2026-03-21..2026-08-06,baccarat_bet02_101_all_pairs_incl_sentinel,round_win = game_pnl > 0 (decisive only),COMPATIBILITY_ONLY_NOT_PRODUCTION,4009.0000,3719.0000,482.5000,143,142,-0.12035420,-0.32010870,-0.06086112,-0.12035420,-482.5000,4009.0000,OK,0.0000,19.3000,4.0000,96.0000,AG03-UNRESOLVED,ALL5_LEVELS_bet23_to_bet27,19.3000,19.3000,19.3000,21.7125,21.7125,4.000000,4.000000,4.000000,4.500000,4.500000,96.000000,96.000000,96.000000,95.500000,95.500000,5.0,101.3250,93.1701,381.1750,389.3299,PENDING_AG03,FALSE,NOT_FOR_ENFORCEMENT,463.2000,3570.2400,482.5000,463.2000,19.3000,0.12035420,0.11554003,19.3000,463.2000,0.11554003,19.3000,19.3000,19.3000,21.7125,21.7125,463.2000,0.11554003,101.3250,93.1701,381.1750,389.3299,0.09507982,0.09711397,0.00481417,28.0350,26.1901,3.3979,241.2500,14.1912,2004.5000,71.0000,27.0588,28.3394,10.0,20.0,40.0,50.0,50.0,70.7001,20.0,-10.0,2.5,3.535004,1.401748,18,27,1,3,0.22948366,0.12035420,0.32010870,0E-8,0.000000,0.927663,0.000000,-0.25924758,2026-07-07,2026-07-13,2,34,21,7,0.285714,0.954811,0.965181,0.764946,,,,,,,,GLOBAL_BASELINE_NO_ENTITY_RANKING,,,NOT_APPLICABLE_GLOBAL_BASELINE,HF9g-P5,,,,X 全窗基线 · 不参与实体赏罚,8393832,840,A168_HF9F_20260827_0900,2026-08-27 09:00:00
2026-07-13,152688224,1994,0,80.0000000000,19.5000000000,19.5000000000,0.5000000,4,4,0.49994810000000000,0.499948100000,0.00020760000111838688,0.00020760000111838688,0.00020760000111838688,0E-17,ELIGIBLE,R03b_20260811_FULL_v1,L1_ELIGIBILITY,v2026-08-11,2026-03-21..2026-08-06,baccarat_bet02_101_all_pairs_incl_sentinel,round_win = game_pnl > 0 (decisive only),COMPATIBILITY_ONLY_NOT_PRODUCTION,4009.0000,3719.0000,482.5000,143,142,-0.12035420,-0.32010870,-0.06086112,-0.12035420,-482.5000,4009.0000,OK,0.0000,19.3000,4.0000,96.0000,AG03-UNRESOLVED,ALL5_LEVELS_bet23_to_bet27,19.3000,19.3000,19.3000,21.7125,21.7125,4.000000,4.000000,4.000000,4.500000,4.500000,96.000000,96.000000,96.000000,95.500000,95.500000,5.0,101.3250,93.1701,381.1750,389.3299,PENDING_AG03,FALSE,NOT_FOR_ENFORCEMENT,463.2000,3570.2400,482.5000,463.2000,19.3000,0.12035420,0.11554003,19.3000,463.2000,0.11554003,19.3000,19.3000,19.3000,21.7125,21.7125,463.2000,0.11554003,101.3250,93.1701,381.1750,389.3299,0.09507982,0.09711397,0.00481417,28.0350,26.1901,3.3979,241.2500,14.1912,2004.5000,71.0000,27.0588,28.3394,10.0,20.0,40.0,50.0,50.0,70.7001,20.0,-10.0,2.5,3.535004,1.401748,18,27,1,3,0.22948366,0.12035420,0.32010870,0E-8,0.000000,0.927663,0.000000,-0.25924758,2026-07-07,2026-07-13,2,34,21,7,0.285714,0.954811,0.965181,0.764946,,,,,,,,GLOBAL_BASELINE_NO_ENTITY_RANKING,,,NOT_APPLICABLE_GLOBAL_BASELINE,HF9g-P5,,,,X 全窗基线 · 不参与实体赏罚,8393833,840,A168_HF9F_20260827_0900,2026-08-27 09:00:00
2026-07-13,152688224,2142,0,360.0000000000,-43.0000000000,-43.0000000000,0.3846154,13,13,0.50149485384615385,0.501494853846,-0.8428336055012832,-0.8428336055001728,-0.8428336055012832,1.5385E-13,ELIGIBLE,R03b_20260811_FULL_v1,L1_ELIGIBILITY,v2026-08-11,2026-03-21..2026-08-06,baccarat_bet02_101_all_pairs_incl_sentinel,round_win = game_pnl > 0 (decisive only),COMPATIBILITY_ONLY_NOT_PRODUCTION,4009.0000,3719.0000,482.5000,143,142,-0.12035420,-0.32010870,-0.06086112,-0.12035420,-482.5000,4009.0000,OK,0.0000,19.3000,4.0000,96.0000,AG03-UNRESOLVED,ALL5_LEVELS_bet23_to_bet27,19.3000,19.3000,19.3000,21.7125,21.7125,4.000000,4.000000,4.000000,4.500000,4.500000,96.000000,96.000000,96.000000,95.500000,95.500000,5.0,101.3250,93.1701,381.1750,389.3299,PENDING_AG03,FALSE,NOT_FOR_ENFORCEMENT,463.2000,3570.2400,482.5000,463.2000,19.3000,0.12035420,0.11554003,19.3000,463.2000,0.11554003,19.3000,19.3000,19.3000,21.7125,21.7125,463.2000,0.11554003,101.3250,93.1701,381.1750,389.3299,0.09507982,0.09711397,0.00481417,28.0350,26.1901,3.3979,241.2500,14.1912,2004.5000,71.0000,27.0588,28.3394,10.0,20.0,40.0,50.0,50.0,70.7001,20.0,-10.0,2.5,3.535004,1.401748,18,27,1,3,0.22948366,0.12035420,0.32010870,0E-8,0.000000,0.927663,0.000000,-0.25924758,2026-07-07,2026-07-13,2,34,21,7,0.285714,0.954811,0.965181,0.764946,,,,,,,,GLOBAL_BASELINE_NO_ENTITY_RANKING,,,NOT_APPLICABLE_GLOBAL_BASELINE,HF9g-P5,,,,X 全窗基线 · 不参与实体赏罚,8393834,840,A168_HF9F_20260827_0900,2026-08-27 09:00:00
2026-07-13,152688224,763,0,140.0000000000,29.0000000000,29.0000000000,0.5000000,9,9,0.50218230000000000,0.502182300000,-0.01069114476356389,-0.01069114476356389,-0.01069114476356389,0E-17,ELIGIBLE,R03b_20260811_FULL_v1,L1_ELIGIBILITY,v2026-08-11,2026-03-21..2026-08-06,baccarat_bet02_101_all_pairs_incl_sentinel,round_win = game_pnl > 0 (decisive only),COMPATIBILITY_ONLY_NOT_PRODUCTION,4009.0000,3719.0000,482.5000,143,142,-0.12035420,-0.32010870,-0.06086112,-0.12035420,-482.5000,4009.0000,OK,0.0000,19.3000,4.0000,96.0000,AG03-UNRESOLVED,ALL5_LEVELS_bet23_to_bet27,19.3000,19.3000,19.3000,21.7125,21.7125,4.000000,4.000000,4.000000,4.500000,4.500000,96.000000,96.000000,96.000000,95.500000,95.500000,5.0,101.3250,93.1701,381.1750,389.3299,PENDING_AG03,FALSE,NOT_FOR_ENFORCEMENT,463.2000,3570.2400,482.5000,463.2000,19.3000,0.12035420,0.11554003,19.3000,463.2000,0.11554003,19.3000,19.3000,19.3000,21.7125,21.7125,463.2000,0.11554003,101.3250,93.1701,381.1750,389.3299,0.09507982,0.09711397,0.00481417,28.0350,26.1901,3.3979,241.2500,14.1912,2004.5000,71.0000,27.0588,28.3394,10.0,20.0,40.0,50.0,50.0,70.7001,20.0,-10.0,2.5,3.535004,1.401748,18,27,1,3,0.22948366,0.12035420,0.32010870,0E-8,0.000000,0.927663,0.000000,-0.25924758,2026-07-07,2026-07-13,2,34,21,7,0.285714,0.954811,0.965181,0.764946,,,,,,,,GLOBAL_BASELINE_NO_ENTITY_RANKING,,,NOT_APPLICABLE_GLOBAL_BASELINE,HF9g-P5,,,,X 全窗基线 · 不参与实体赏罚,8393835,840,A168_HF9F_20260827_0900,2026-08-27 09:00:00
2026-04-17,147355914,-1,1,1110.0000000000,-272.5000000000,-272.5000000000,0.4545455,12,12,0.50218230000000000,0.502182300000,-0.3159900949155774,-0.3159900949155774,-0.3159900949155774,0E-17,SENTINEL_DEALER,R03b_20260811_FULL_v1,L1_ELIGIBILITY,v2026-08-11,2026-03-21..2026-08-06,baccarat_bet02_101_all_pairs_incl_sentinel,round_win = game_pnl > 0 (decisive only),COMPATIBILITY_ONLY_NOT_PRODUCTION,2710.0000,2360.0000,480.0000,34,34,-0.17712177,,-0.17712177,-0.17712177,-480.0000,2710.0000,OK,0.0000,16.8000,3.5000,96.5000,AG03-UNRESOLVED,ALL5_LEVELS_bet23_to_bet27,16.8000,16.8000,19.2000,0.0000,0.0000,3.500000,3.500000,4.000000,0.000000,0.000000,96.500000,96.500000,96.000000,100.000000,100.000000,5.0,52.8000,50.8915,427.2000,429.1085,PENDING_AG03,FALSE,NOT_FOR_ENFORCEMENT,463.2000,2277.4000,480.0000,463.2000,16.8000,0.17712177,0.17092251,16.8000,463.2000,0.17092251,16.8000,16.8000,19.2000,0.0000,0.0000,463.2000,0.17092251,52.8000,50.8915,427.2000,429.1085,0.15763838,0.15834261,0.00619926,79.7059,69.4118,14.1176,480.0000,34.2857,2710.0000,34.0000,,79.7059,50.0,80.0,100.0,104.9999,150.0,150.0,50.0,-50.0,1.875,1.875,0.996324,14,8,1,2,0E-8,0.17712177,,0E-8,0.000000,0.870849,0.000000,,2026-04-17,2026-04-17,1,14,14,1,1.000000,,,0.000000,,,,,,,,GLOBAL_BASELINE_NO_ENTITY_RANKING,,,NOT_APPLICABLE_GLOBAL_BASELINE,HF9g-P5,,,,X 全窗基线 · 不参与实体赏罚,8393836,840,A168_HF9F_20260827_0900,2026-08-27 09:00:00
2026-04-17,147355914,1115,0,400.0000000000,45.0000000000,45.0000000000,0.6666667,4,4,0.50329940000000000,0.503299400000,0.5659331339966515,0.5659331339966515,0.5659331339966515,0E-17,ELIGIBLE,R03b_20260811_FULL_v1,L1_ELIGIBILITY,v2026-08-11,2026-03-21..2026-08-06,baccarat_bet02_101_all_pairs_incl_sentinel,round_win = game_pnl > 0 (decisive only),COMPATIBILITY_ONLY_NOT_PRODUCTION,2710.0000,2360.0000,480.0000,34,34,-0.17712177,,-0.17712177,-0.17712177,-480.0000,2710.0000,OK,0.0000,16.8000,3.5000,96.5000,AG03-UNRESOLVED,ALL5_LEVELS_bet23_to_bet27,16.8000,16.8000,19.2000,0.0000,0.0000,3.500000,3.500000,4.000000,0.000000,0.000000,96.500000,96.500000,96.000000,100.000000,100.000000,5.0,52.8000,50.8915,427.2000,429.1085,PENDING_AG03,FALSE,NOT_FOR_ENFORCEMENT,463.2000,2277.4000,480.0000,463.2000,16.8000,0.17712177,0.17092251,16.8000,463.2000,0.17092251,16.8000,16.8000,19.2000,0.0000,0.0000,463.2000,0.17092251,52.8000,50.8915,427.2000,429.1085,0.15763838,0.15834261,0.00619926,79.7059,69.4118,14.1176,480.0000,34.2857,2710.0000,34.0000,,79.7059,50.0,80.0,100.0,104.9999,150.0,150.0,50.0,-50.0,1.875,1.875,0.996324,14,8,1,2,0E-8,0.17712177,,0E-8,0.000000,0.870849,0.000000,,2026-04-17,2026-04-17,1,14,14,1,1.000000,,,0.000000,,,,,,,,GLOBAL_BASELINE_NO_ENTITY_RANKING,,,NOT_APPLICABLE_GLOBAL_BASELINE,HF9g-P5,,,,X 全窗基线 · 不参与实体赏罚,8393837,840,A168_HF9F_20260827_0900,2026-08-27 09:00:00
2026-04-17,147355914,1507,0,100.0000000000,-100.0000000000,-100.0000000000,0E-7,2,2,0.49994810000000000,0.499948100000,-1.4140667746232096,-1.4140667746232096,-1.4140667746232096,0E-17,ELIGIBLE,R03b_20260811_FULL_v1,L1_ELIGIBILITY,v2026-08-11,2026-03-21..2026-08-06,baccarat_bet02_101_all_pairs_incl_sentinel,round_win = game_pnl > 0 (decisive only),COMPATIBILITY_ONLY_NOT_PRODUCTION,2710.0000,2360.0000,480.0000,34,34,-0.17712177,,-0.17712177,-0.17712177,-480.0000,2710.0000,OK,0.0000,16.8000,3.5000,96.5000,AG03-UNRESOLVED,ALL5_LEVELS_bet23_to_bet27,16.8000,16.8000,19.2000,0.0000,0.0000,3.500000,3.500000,4.000000,0.000000,0.000000,96.500000,96.500000,96.000000,100.000000,100.000000,5.0,52.8000,50.8915,427.2000,429.1085,PENDING_AG03,FALSE,NOT_FOR_ENFORCEMENT,463.2000,2277.4000,480.0000,463.2000,16.8000,0.17712177,0.17092251,16.8000,463.2000,0.17092251,16.8000,16.8000,19.2000,0.0000,0.0000,463.2000,0.17092251,52.8000,50.8915,427.2000,429.1085,0.15763838,0.15834261,0.00619926,79.7059,69.4118,14.1176,480.0000,34.2857,2710.0000,34.0000,,79.7059,50.0,80.0,100.0,104.9999,150.0,150.0,50.0,-50.0,1.875,1.875,0.996324,14,8,1,2,0E-8,0.17712177,,0E-8,0.000000,0.870849,0.000000,,2026-04-17,2026-04-17,1,14,14,1,1.000000,,,0.000000,,,,,,,,GLOBAL_BASELINE_NO_ENTITY_RANKING,,,NOT_APPLICABLE_GLOBAL_BASELINE,HF9g-P5,,,,X 全窗基线 · 不参与实体赏罚,8393838,840,A168_HF9F_20260827_0900,2026-08-27 09:00:00
2026-04-17,147355914,1710,0,50.0000000000,-50.0000000000,-50.0000000000,0E-7,1,1,0.50665070000000000,0.506650700000,-1.013391052207602,-1.013391052207602,-1.013391052207602,0E-17,ELIGIBLE,R03b_20260811_FULL_v1,L1_ELIGIBILITY,v2026-08-11,2026-03-21..2026-08-06,baccarat_bet02_101_all_pairs_incl_sentinel,round_win = game_pnl > 0 (decisive only),COMPATIBILITY_ONLY_NOT_PRODUCTION,2710.0000,2360.0000,480.0000,34,34,-0.17712177,,-0.17712177,-0.17712177,-480.0000,2710.0000,OK,0.0000,16.8000,3.5000,96.5000,AG03-UNRESOLVED,ALL5_LEVELS_bet23_to_bet27,16.8000,16.8000,19.2000,0.0000,0.0000,3.500000,3.500000,4.000000,0.000000,0.000000,96.500000,96.500000,96.000000,100.000000,100.000000,5.0,52.8000,50.8915,427.2000,429.1085,PENDING_AG03,FALSE,NOT_FOR_ENFORCEMENT,463.2000,2277.4000,480.0000,463.2000,16.8000,0.17712177,0.17092251,16.8000,463.2000,0.17092251,16.8000,16.8000,19.2000,0.0000,0.0000,463.2000,0.17092251,52.8000,50.8915,427.2000,429.1085,0.15763838,0.15834261,0.00619926,79.7059,69.4118,14.1176,480.0000,34.2857,2710.0000,34.0000,,79.7059,50.0,80.0,100.0,104.9999,150.0,150.0,50.0,-50.0,1.875,1.875,0.996324,14,8,1,2,0E-8,0.17712177,,0E-8,0.000000,0.870849,0.000000,,2026-04-17,2026-04-17,1,14,14,1,1.000000,,,0.000000,,,,,,,,GLOBAL_BASELINE_NO_ENTITY_RANKING,,,NOT_APPLICABLE_GLOBAL_BASELINE,HF9g-P5,,,,X 全窗基线 · 不参与实体赏罚,8393839,840,A168_HF9F_20260827_0900,2026-08-27 09:00:00
2026-04-17,147355914,2167,0,300.0000000000,-50.0000000000,-50.0000000000,0.2500000,5,5,0.49860758000000000,0.498607580000,-0.9944341760919779,-0.9944341760919779,-0.9944341760919779,0E-17,ELIGIBLE,R03b_20260811_FULL_v1,L1_ELIGIBILITY,v2026-08-11,2026-03-21..2026-08-06,baccarat_bet02_101_all_pairs_incl_sentinel,round_win = game_pnl > 0 (decisive only),COMPATIBILITY_ONLY_NOT_PRODUCTION,2710.0000,2360.0000,480.0000,34,34,-0.17712177,,-0.17712177,-0.17712177,-480.0000,2710.0000,OK,0.0000,16.8000,3.5000,96.5000,AG03-UNRESOLVED,ALL5_LEVELS_bet23_to_bet27,16.8000,16.8000,19.2000,0.0000,0.0000,3.500000,3.500000,4.000000,0.000000,0.000000,96.500000,96.500000,96.000000,100.000000,100.000000,5.0,52.8000,50.8915,427.2000,429.1085,PENDING_AG03,FALSE,NOT_FOR_ENFORCEMENT,463.2000,2277.4000,480.0000,463.2000,16.8000,0.17712177,0.17092251,16.8000,463.2000,0.17092251,16.8000,16.8000,19.2000,0.0000,0.0000,463.2000,0.17092251,52.8000,50.8915,427.2000,429.1085,0.15763838,0.15834261,0.00619926,79.7059,69.4118,14.1176,480.0000,34.2857,2710.0000,34.0000,,79.7059,50.0,80.0,100.0,104.9999,150.0,150.0,50.0,-50.0,1.875,1.875,0.996324,14,8,1,2,0E-8,0.17712177,,0E-8,0.000000,0.870849,0.000000,,2026-04-17,2026-04-17,1,14,14,1,1.000000,,,0.000000,,,,,,,,GLOBAL_BASELINE_NO_ENTITY_RANKING,,,NOT_APPLICABLE_GLOBAL_BASELINE,HF9g-P5,,,,X 全窗基线 · 不参与实体赏罚,8393840,840,A168_HF9F_20260827_0900,2026-08-27 09:00:00
2026-04-17,147355914,2174,0,50.0000000000,-50.0000000000,-50.0000000000,0E-7,1,1,0.49324550000000000,0.493245500000,-0.9865810262130424,-0.9865810262130424,-0.9865810262130424,0E-17,ELIGIBLE,R03b_20260811_FULL_v1,L1_ELIGIBILITY,v2026-08-11,2026-03-21..2026-08-06,baccarat_bet02_101_all_pairs_incl_sentinel,round_win = game_pnl > 0 (decisive only),COMPATIBILITY_ONLY_NOT_PRODUCTION,2710.0000,2360.0000,480.0000,34,34,-0.17712177,,-0.17712177,-0.17712177,-480.0000,2710.0000,OK,0.0000,16.8000,3.5000,96.5000,AG03-UNRESOLVED,ALL5_LEVELS_bet23_to_bet27,16.8000,16.8000,19.2000,0.0000,0.0000,3.500000,3.500000,4.000000,0.000000,0.000000,96.500000,96.500000,96.000000,100.000000,100.000000,5.0,52.8000,50.8915,427.2000,429.1085,PENDING_AG03,FALSE,NOT_FOR_ENFORCEMENT,463.2000,2277.4000,480.0000,463.2000,16.8000,0.17712177,0.17092251,16.8000,463.2000,0.17092251,16.8000,16.8000,19.2000,0.0000,0.0000,463.2000,0.17092251,52.8000,50.8915,427.2000,429.1085,0.15763838,0.15834261,0.00619926,79.7059,69.4118,14.1176,480.0000,34.2857,2710.0000,34.0000,,79.7059,50.0,80.0,100.0,104.9999,150.0,150.0,50.0,-50.0,1.875,1.875,0.996324,14,8,1,2,0E-8,0.17712177,,0E-8,0.000000,0.870849,0.000000,,2026-04-17,2026-04-17,1,14,14,1,1.000000,,,0.000000,,,,,,,,GLOBAL_BASELINE_NO_ENTITY_RANKING,,,NOT_APPLICABLE_GLOBAL_BASELINE,HF9g-P5,,,,X 全窗基线 · 不参与实体赏罚,8393841,840,A168_HF9F_20260827_0900,2026-08-27 09:00:00
2026-04-17,147355914,2229,0,100.0000000000,-100.0000000000,-100.0000000000,0E-7,2,2,0.49994810000000000,0.499948100000,-1.4140667746232096,-1.4140667746232096,-1.4140667746232096,0E-17,ELIGIBLE,R03b_20260811_FULL_v1,L1_ELIGIBILITY,v2026-08-11,2026-03-21..2026-08-06,baccarat_bet02_101_all_pairs_incl_sentinel,round_win = game_pnl > 0 (decisive only),COMPATIBILITY_ONLY_NOT_PRODUCTION,2710.0000,2360.0000,480.0000,34,34,-0.17712177,,-0.17712177,-0.17712177,-480.0000,2710.0000,OK,0.0000,16.8000,3.5000,96.5000,AG03-UNRESOLVED,ALL5_LEVELS_bet23_to_bet27,16.8000,16.8000,19.2000,0.0000,0.0000,3.500000,3.500000,4.000000,0.000000,0.000000,96.500000,96.500000,96.000000,100.000000,100.000000,5.0,52.8000,50.8915,427.2000,429.1085,PENDING_AG03,FALSE,NOT_FOR_ENFORCEMENT,463.2000,2277.4000,480.0000,463.2000,16.8000,0.17712177,0.17092251,16.8000,463.2000,0.17092251,16.8000,16.8000,19.2000,0.0000,0.0000,463.2000,0.17092251,52.8000,50.8915,427.2000,429.1085,0.15763838,0.15834261,0.00619926,79.7059,69.4118,14.1176,480.0000,34.2857,2710.0000,34.0000,,79.7059,50.0,80.0,100.0,104.9999,150.0,150.0,50.0,-50.0,1.875,1.875,0.996324,14,8,1,2,0E-8,0.17712177,,0E-8,0.000000,0.870849,0.000000,,2026-04-17,2026-04-17,1,14,14,1,1.000000,,,0.000000,,,,,,,,GLOBAL_BASELINE_NO_ENTITY_RANKING,,,NOT_APPLICABLE_GLOBAL_BASELINE,HF9g-P5,,,,X 全窗基线 · 不参与实体赏罚,8393842,840,A168_HF9F_20260827_0900,2026-08-27 09:00:00
2026-04-17,147355914,948,0,600.0000000000,97.5000000000,97.5000000000,0.6000000,7,7,0.49899058571428571,0.498990585714,0.4517287539699235,0.45172875397120177,0.4517287539699235,2.8571E-13,ELIGIBLE,R03b_20260811_FULL_v1,L1_ELIGIBILITY,v2026-08-11,2026-03-21..2026-08-06,baccarat_bet02_101_all_pairs_incl_sentinel,round_win = game_pnl > 0 (decisive only),COMPATIBILITY_ONLY_NOT_PRODUCTION,2710.0000,2360.0000,480.0000,34,34,-0.17712177,,-0.17712177,-0.17712177,-480.0000,2710.0000,OK,0.0000,16.8000,3.5000,96.5000,AG03-UNRESOLVED,ALL5_LEVELS_bet23_to_bet27,16.8000,16.8000,19.2000,0.0000,0.0000,3.500000,3.500000,4.000000,0.000000,0.000000,96.500000,96.500000,96.000000,100.000000,100.000000,5.0,52.8000,50.8915,427.2000,429.1085,PENDING_AG03,FALSE,NOT_FOR_ENFORCEMENT,463.2000,2277.4000,480.0000,463.2000,16.8000,0.17712177,0.17092251,16.8000,463.2000,0.17092251,16.8000,16.8000,19.2000,0.0000,0.0000,463.2000,0.17092251,52.8000,50.8915,427.2000,429.1085,0.15763838,0.15834261,0.00619926,79.7059,69.4118,14.1176,480.0000,34.2857,2710.0000,34.0000,,79.7059,50.0,80.0,100.0,104.9999,150.0,150.0,50.0,-50.0,1.875,1.875,0.996324,14,8,1,2,0E-8,0.17712177,,0E-8,0.000000,0.870849,0.000000,,2026-04-17,2026-04-17,1,14,14,1,1.000000,,,0.000000,,,,,,,,GLOBAL_BASELINE_NO_ENTITY_RANKING,,,NOT_APPLICABLE_GLOBAL_BASELINE,HF9g-P5,,,,X 全窗基线 · 不参与实体赏罚,8393843,840,A168_HF9F_20260827_0900,2026-08-27 09:00:00
2026-04-22,149014958,2252,0,31.4127295343,-31.4127295343,-31.4127295343,0E-7,2,2,0.49994810000000000,0.499948100000,-1.4140667746232096,-1.4140667746232096,-1.4140667746232096,0E-17,ELIGIBLE,R03b_20260811_FULL_v1,L1_ELIGIBILITY,v2026-08-11,2026-03-21..2026-08-06,baccarat_bet02_101_all_pairs_incl_sentinel,round_win = game_pnl > 0 (decisive only),COMPATIBILITY_ONLY_NOT_PRODUCTION,5387.2562,4915.3190,482.5021,335,332,-0.08956361,-0.08422378,-1.00000000,-0.08956361,-482.5021,5387.2562,OK,0.0000,19.3001,4.0000,96.0000,AG03-UNRESOLVED,ALL5_LEVELS_bet23_to_bet27,19.3001,19.3001,19.3001,28.9501,28.9501,4.000000,4.000000,4.000000,6.000000,6.000000,96.000000,96.000000,96.000000,94.000000,94.000000,5.0,115.8005,105.3048,366.7016,377.1974,PENDING_AG03,FALSE,NOT_FOR_ENFORCEMENT,463.2020,4718.7063,482.5021,463.2020,19.3001,0.08956361,0.08598107,19.3001,463.2020,0.08598107,19.3001,19.3001,19.3001,28.9501,28.9501,463.2020,0.08598107,115.8005,105.3048,366.7016,377.1974,0.06806835,0.0700166,0.00358254,16.0814,14.8052,1.4533,96.5004,3.2383,1077.4512,66.4000,16.0836,15.7064,10.2195,14.3073,20.439,30.6585,30.6585,40.8781,12.2634,0.0,2.142857,2.857143,1.123995,29,71,8,4,0.99416907,0.08956361,0.08422378,0E-8,0.000000,0.912397,0.988060,0.91577622,2026-04-22,2026-07-19,5,149,91,89,0.056180,1.024019,1.000140,3.313897,,,,,,,,GLOBAL_BASELINE_NO_ENTITY_RANKING,,,NOT_APPLICABLE_GLOBAL_BASELINE,HF9g-P5,,,,X 全窗基线 · 不参与实体赏罚,8393844,840,A168_HF9F_20260827_0900,2026-08-27 09:00:00
2026-07-16,149014958,-1,1,635.6538445814,-112.4146670482,-112.4146670482,0.5142857,36,36,0.49994810000000000,0.499948100000,0.1696449409411037,0.1696449409411037,0.1696449409411037,0E-17,SENTINEL_DEALER,R03b_20260811_FULL_v1,L1_ELIGIBILITY,v2026-08-11,2026-03-21..2026-08-06,baccarat_bet02_101_all_pairs_incl_sentinel,round_win = game_pnl > 0 (decisive only),COMPATIBILITY_ONLY_NOT_PRODUCTION,5387.2562,4915.3190,482.5021,335,332,-0.08956361,-0.08422378,-1.00000000,-0.08956361,-482.5021,5387.2562,OK,0.0000,19.3001,4.0000,96.0000,AG03-UNRESOLVED,ALL5_LEVELS_bet23_to_bet27,19.3001,19.3001,19.3001,28.9501,28.9501,4.000000,4.000000,4.000000,6.000000,6.000000,96.000000,96.000000,96.000000,94.000000,94.000000,5.0,115.8005,105.3048,366.7016,377.1974,PENDING_AG03,FALSE,NOT_FOR_ENFORCEMENT,463.2020,4718.7063,482.5021,463.2020,19.3001,0.08956361,0.08598107,19.3001,463.2020,0.08598107,19.3001,19.3001,19.3001,28.9501,28.9501,463.2020,0.08598107,115.8005,105.3048,366.7016,377.1974,0.06806835,0.0700166,0.00358254,16.0814,14.8052,1.4533,96.5004,3.2383,1077.4512,66.4000,16.0836,15.7064,10.2195,14.3073,20.439,30.6585,30.6585,40.8781,12.2634,0.0,2.142857,2.857143,1.123995,29,71,8,4,0.99416907,0.08956361,0.08422378,0E-8,0.000000,0.912397,0.988060,0.91577622,2026-04-22,2026-07-19,5,149,91,89,0.056180,1.024019,1.000140,3.313897,,,,,,,,GLOBAL_BASELINE_NO_ENTITY_RANKING,,,NOT_APPLICABLE_GLOBAL_BASELINE,HF9g-P5,,,,X 全窗基线 · 不参与实体赏罚,8393845,840,A168_HF9F_20260827_0900,2026-08-27 09:00:00
2026-07-16,149014958,1148,0,26.5707394841,20.4390303724,20.4390303724,1.0000000,2,2,0.49324550000000000,0.493245500000,1.01360149184955,1.01360149184955,1.01360149184955,0E-17,ELIGIBLE,R03b_20260811_FULL_v1,L1_ELIGIBILITY,v2026-08-11,2026-03-21..2026-08-06,baccarat_bet02_101_all_pairs_incl_sentinel,round_win = game_pnl > 0 (decisive only),COMPATIBILITY_ONLY_NOT_PRODUCTION,5387.2562,4915.3190,482.5021,335,332,-0.08956361,-0.08422378,-1.00000000,-0.08956361,-482.5021,5387.2562,OK,0.0000,19.3001,4.0000,96.0000,AG03-UNRESOLVED,ALL5_LEVELS_bet23_to_bet27,19.3001,19.3001,19.3001,28.9501,28.9501,4.000000,4.000000,4.000000,6.000000,6.000000,96.000000,96.000000,96.000000,94.000000,94.000000,5.0,115.8005,105.3048,366.7016,377.1974,PENDING_AG03,FALSE,NOT_FOR_ENFORCEMENT,463.2020,4718.7063,482.5021,463.2020,19.3001,0.08956361,0.08598107,19.3001,463.2020,0.08598107,19.3001,19.3001,19.3001,28.9501,28.9501,463.2020,0.08598107,115.8005,105.3048,366.7016,377.1974,0.06806835,0.0700166,0.00358254,16.0814,14.8052,1.4533,96.5004,3.2383,1077.4512,66.4000,16.0836,15.7064,10.2195,14.3073,20.439,30.6585,30.6585,40.8781,12.2634,0.0,2.142857,2.857143,1.123995,29,71,8,4,0.99416907,0.08956361,0.08422378,0E-8,0.000000,0.912397,0.988060,0.91577622,2026-04-22,2026-07-19,5,149,91,89,0.056180,1.024019,1.000140,3.313897,,,,,,,,GLOBAL_BASELINE_NO_ENTITY_RANKING,,,NOT_APPLICABLE_GLOBAL_BASELINE,HF9g-P5,,,,X 全窗基线 · 不参与实体赏罚,8393846,840,A168_HF9F_20260827_0900,2026-08-27 09:00:00
2026-07-16,149014958,1318,0,108.3268609737,-14.3073212607,-14.3073212607,0.6000000,5,5,0.50396966000000000,0.503969660000,0.4294742719815242,0.4294742719815242,0.4294742719815242,0E-17,ELIGIBLE,R03b_20260811_FULL_v1,L1_ELIGIBILITY,v2026-08-11,2026-03-21..2026-08-06,baccarat_bet02_101_all_pairs_incl_sentinel,round_win = game_pnl > 0 (decisive only),COMPATIBILITY_ONLY_NOT_PRODUCTION,5387.2562,4915.3190,482.5021,335,332,-0.08956361,-0.08422378,-1.00000000,-0.08956361,-482.5021,5387.2562,OK,0.0000,19.3001,4.0000,96.0000,AG03-UNRESOLVED,ALL5_LEVELS_bet23_to_bet27,19.3001,19.3001,19.3001,28.9501,28.9501,4.000000,4.000000,4.000000,6.000000,6.000000,96.000000,96.000000,96.000000,94.000000,94.000000,5.0,115.8005,105.3048,366.7016,377.1974,PENDING_AG03,FALSE,NOT_FOR_ENFORCEMENT,463.2020,4718.7063,482.5021,463.2020,19.3001,0.08956361,0.08598107,19.3001,463.2020,0.08598107,19.3001,19.3001,19.3001,28.9501,28.9501,463.2020,0.08598107,115.8005,105.3048,366.7016,377.1974,0.06806835,0.0700166,0.00358254,16.0814,14.8052,1.4533,96.5004,3.2383,1077.4512,66.4000,16.0836,15.7064,10.2195,14.3073,20.439,30.6585,30.6585,40.8781,12.2634,0.0,2.142857,2.857143,1.123995,29,71,8,4,0.99416907,0.08956361,0.08422378,0E-8,0.000000,0.912397,0.988060,0.91577622,2026-04-22,2026-07-19,5,149,91,89,0.056180,1.024019,1.000140,3.313897,,,,,,,,GLOBAL_BASELINE_NO_ENTITY_RANKING,,,NOT_APPLICABLE_GLOBAL_BASELINE,HF9g-P5,,,,X 全窗基线 · 不参与实体赏罚,8393847,840,A168_HF9F_20260827_0900,2026-08-27 09:00:00
2026-07-16,149014958,1645,0,30.6585455586,-30.6585455586,-30.6585455586,0E-7,1,1,0.49324550000000000,0.493245500000,-0.9865810262130424,-0.9865810262130424,-0.9865810262130424,0E-17,ELIGIBLE,R03b_20260811_FULL_v1,L1_ELIGIBILITY,v2026-08-11,2026-03-21..2026-08-06,baccarat_bet02_101_all_pairs_incl_sentinel,round_win = game_pnl > 0 (decisive only),COMPATIBILITY_ONLY_NOT_PRODUCTION,5387.2562,4915.3190,482.5021,335,332,-0.08956361,-0.08422378,-1.00000000,-0.08956361,-482.5021,5387.2562,OK,0.0000,19.3001,4.0000,96.0000,AG03-UNRESOLVED,ALL5_LEVELS_bet23_to_bet27,19.3001,19.3001,19.3001,28.9501,28.9501,4.000000,4.000000,4.000000,6.000000,6.000000,96.000000,96.000000,96.000000,94.000000,94.000000,5.0,115.8005,105.3048,366.7016,377.1974,PENDING_AG03,FALSE,NOT_FOR_ENFORCEMENT,463.2020,4718.7063,482.5021,463.2020,19.3001,0.08956361,0.08598107,19.3001,463.2020,0.08598107,19.3001,19.3001,19.3001,28.9501,28.9501,463.2020,0.08598107,115.8005,105.3048,366.7016,377.1974,0.06806835,0.0700166,0.00358254,16.0814,14.8052,1.4533,96.5004,3.2383,1077.4512,66.4000,16.0836,15.7064,10.2195,14.3073,20.439,30.6585,30.6585,40.8781,12.2634,0.0,2.142857,2.857143,1.123995,29,71,8,4,0.99416907,0.08956361,0.08422378,0E-8,0.000000,0.912397,0.988060,0.91577622,2026-04-22,2026-07-19,5,149,91,89,0.056180,1.024019,1.000140,3.313897,,,,,,,,GLOBAL_BASELINE_NO_ENTITY_RANKING,,,NOT_APPLICABLE_GLOBAL_BASELINE,HF9g-P5,,,,X 全窗基线 · 不参与实体赏罚,8393848,840,A168_HF9F_20260827_0900,2026-08-27 09:00:00
2026-07-16,149014958,1646,0,20.4390303724,20.4390303724,20.4390303724,1.0000000,1,1,0.50665070000000000,0.506650700000,0.9867858985152569,0.9867858985152569,0.9867858985152569,0E-17,ELIGIBLE,R03b_20260811_FULL_v1,L1_ELIGIBILITY,v2026-08-11,2026-03-21..2026-08-06,baccarat_bet02_101_all_pairs_incl_sentinel,round_win = game_pnl > 0 (decisive only),COMPATIBILITY_ONLY_NOT_PRODUCTION,5387.2562,4915.3190,482.5021,335,332,-0.08956361,-0.08422378,-1.00000000,-0.08956361,-482.5021,5387.2562,OK,0.0000,19.3001,4.0000,96.0000,AG03-UNRESOLVED,ALL5_LEVELS_bet23_to_bet27,19.3001,19.3001,19.3001,28.9501,28.9501,4.000000,4.000000,4.000000,6.000000,6.000000,96.000000,96.000000,96.000000,94.000000,94.000000,5.0,115.8005,105.3048,366.7016,377.1974,PENDING_AG03,FALSE,NOT_FOR_ENFORCEMENT,463.2020,4718.7063,482.5021,463.2020,19.3001,0.08956361,0.08598107,19.3001,463.2020,0.08598107,19.3001,19.3001,19.3001,28.9501,28.9501,463.2020,0.08598107,115.8005,105.3048,366.7016,377.1974,0.06806835,0.0700166,0.00358254,16.0814,14.8052,1.4533,96.5004,3.2383,1077.4512,66.4000,16.0836,15.7064,10.2195,14.3073,20.439,30.6585,30.6585,40.8781,12.2634,0.0,2.142857,2.857143,1.123995,29,71,8,4,0.99416907,0.08956361,0.08422378,0E-8,0.000000,0.912397,0.988060,0.91577622,2026-04-22,2026-07-19,5,149,91,89,0.056180,1.024019,1.000140,3.313897,,,,,,,,GLOBAL_BASELINE_NO_ENTITY_RANKING,,,NOT_APPLICABLE_GLOBAL_BASELINE,HF9g-P5,,,,X 全窗基线 · 不参与实体赏罚,8393849,840,A168_HF9F_20260827_0900,2026-08-27 09:00:00
2026-07-16,149014958,1710,0,12.2634182234,-12.2634182234,-12.2634182234,0E-7,1,1,0.49324550000000000,0.493245500000,-0.9865810262130424,-0.9865810262130424,-0.9865810262130424,0E-17,ELIGIBLE,R03b_20260811_FULL_v1,L1_ELIGIBILITY,v2026-08-11,2026-03-21..2026-08-06,baccarat_bet02_101_all_pairs_incl_sentinel,round_win = game_pnl > 0 (decisive only),COMPATIBILITY_ONLY_NOT_PRODUCTION,5387.2562,4915.3190,482.5021,335,332,-0.08956361,-0.08422378,-1.00000000,-0.08956361,-482.5021,5387.2562,OK,0.0000,19.3001,4.0000,96.0000,AG03-UNRESOLVED,ALL5_LEVELS_bet23_to_bet27,19.3001,19.3001,19.3001,28.9501,28.9501,4.000000,4.000000,4.000000,6.000000,6.000000,96.000000,96.000000,96.000000,94.000000,94.000000,5.0,115.8005,105.3048,366.7016,377.1974,PENDING_AG03,FALSE,NOT_FOR_ENFORCEMENT,463.2020,4718.7063,482.5021,463.2020,19.3001,0.08956361,0.08598107,19.3001,463.2020,0.08598107,19.3001,19.3001,19.3001,28.9501,28.9501,463.2020,0.08598107,115.8005,105.3048,366.7016,377.1974,0.06806835,0.0700166,0.00358254,16.0814,14.8052,1.4533,96.5004,3.2383,1077.4512,66.4000,16.0836,15.7064,10.2195,14.3073,20.439,30.6585,30.6585,40.8781,12.2634,0.0,2.142857,2.857143,1.123995,29,71,8,4,0.99416907,0.08956361,0.08422378,0E-8,0.000000,0.912397,0.988060,0.91577622,2026-04-22,2026-07-19,5,149,91,89,0.056180,1.024019,1.000140,3.313897,,,,,,,,GLOBAL_BASELINE_NO_ENTITY_RANKING,,,NOT_APPLICABLE_GLOBAL_BASELINE,HF9g-P5,,,,X 全窗基线 · 不参与实体赏罚,8393850,840,A168_HF9F_20260827_0900,2026-08-27 09:00:00
2026-07-16,149014958,1951,0,51.0975759310,-20.4390303724,-20.4390303724,0E-7,2,2,0.50665070000000000,0.506650700000,-1.013391052207602,-1.013391052207602,-1.013391052207602,0E-17,ELIGIBLE,R03b_20260811_FULL_v1,L1_ELIGIBILITY,v2026-08-11,2026-03-21..2026-08-06,baccarat_bet02_101_all_pairs_incl_sentinel,round_win = game_pnl > 0 (decisive only),COMPATIBILITY_ONLY_NOT_PRODUCTION,5387.2562,4915.3190,482.5021,335,332,-0.08956361,-0.08422378,-1.00000000,-0.08956361,-482.5021,5387.2562,OK,0.0000,19.3001,4.0000,96.0000,AG03-UNRESOLVED,ALL5_LEVELS_bet23_to_bet27,19.3001,19.3001,19.3001,28.9501,28.9501,4.000000,4.000000,4.000000,6.000000,6.000000,96.000000,96.000000,96.000000,94.000000,94.000000,5.0,115.8005,105.3048,366.7016,377.1974,PENDING_AG03,FALSE,NOT_FOR_ENFORCEMENT,463.2020,4718.7063,482.5021,463.2020,19.3001,0.08956361,0.08598107,19.3001,463.2020,0.08598107,19.3001,19.3001,19.3001,28.9501,28.9501,463.2020,0.08598107,115.8005,105.3048,366.7016,377.1974,0.06806835,0.0700166,0.00358254,16.0814,14.8052,1.4533,96.5004,3.2383,1077.4512,66.4000,16.0836,15.7064,10.2195,14.3073,20.439,30.6585,30.6585,40.8781,12.2634,0.0,2.142857,2.857143,1.123995,29,71,8,4,0.99416907,0.08956361,0.08422378,0E-8,0.000000,0.912397,0.988060,0.91577622,2026-04-22,2026-07-19,5,149,91,89,0.056180,1.024019,1.000140,3.313897,,,,,,,,GLOBAL_BASELINE_NO_ENTITY_RANKING,,,NOT_APPLICABLE_GLOBAL_BASELINE,HF9g-P5,,,,X 全窗基线 · 不参与实体赏罚,8393851,840,A168_HF9F_20260827_0900,2026-08-27 09:00:00
2026-07-16,149014958,2103,0,44.9658668193,16.3512242979,16.3512242979,0.3333333,3,3,0.50665070000000000,0.506650700000,-0.6004420894325239,-0.6004420894325239,-0.6004420894325239,0E-17,ELIGIBLE,R03b_20260811_FULL_v1,L1_ELIGIBILITY,v2026-08-11,2026-03-21..2026-08-06,baccarat_bet02_101_all_pairs_incl_sentinel,round_win = game_pnl > 0 (decisive only),COMPATIBILITY_ONLY_NOT_PRODUCTION,5387.2562,4915.3190,482.5021,335,332,-0.08956361,-0.08422378,-1.00000000,-0.08956361,-482.5021,5387.2562,OK,0.0000,19.3001,4.0000,96.0000,AG03-UNRESOLVED,ALL5_LEVELS_bet23_to_bet27,19.3001,19.3001,19.3001,28.9501,28.9501,4.000000,4.000000,4.000000,6.000000,6.000000,96.000000,96.000000,96.000000,94.000000,94.000000,5.0,115.8005,105.3048,366.7016,377.1974,PENDING_AG03,FALSE,NOT_FOR_ENFORCEMENT,463.2020,4718.7063,482.5021,463.2020,19.3001,0.08956361,0.08598107,19.3001,463.2020,0.08598107,19.3001,19.3001,19.3001,28.9501,28.9501,463.2020,0.08598107,115.8005,105.3048,366.7016,377.1974,0.06806835,0.0700166,0.00358254,16.0814,14.8052,1.4533,96.5004,3.2383,1077.4512,66.4000,16.0836,15.7064,10.2195,14.3073,20.439,30.6585,30.6585,40.8781,12.2634,0.0,2.142857,2.857143,1.123995,29,71,8,4,0.99416907,0.08956361,0.08422378,0E-8,0.000000,0.912397,0.988060,0.91577622,2026-04-22,2026-07-19,5,149,91,89,0.056180,1.024019,1.000140,3.313897,,,,,,,,GLOBAL_BASELINE_NO_ENTITY_RANKING,,,NOT_APPLICABLE_GLOBAL_BASELINE,HF9g-P5,,,,X 全窗基线 · 不参与实体赏罚,8393852,840,A168_HF9F_20260827_0900,2026-08-27 09:00:00
2026-07-16,149014958,2115,0,6.1317091117,6.1317091117,6.1317091117,1.0000000,1,1,0.49324550000000000,0.493245500000,1.01360149184955,1.01360149184955,1.01360149184955,0E-17,ELIGIBLE,R03b_20260811_FULL_v1,L1_ELIGIBILITY,v2026-08-11,2026-03-21..2026-08-06,baccarat_bet02_101_all_pairs_incl_sentinel,round_win = game_pnl > 0 (decisive only),COMPATIBILITY_ONLY_NOT_PRODUCTION,5387.2562,4915.3190,482.5021,335,332,-0.08956361,-0.08422378,-1.00000000,-0.08956361,-482.5021,5387.2562,OK,0.0000,19.3001,4.0000,96.0000,AG03-UNRESOLVED,ALL5_LEVELS_bet23_to_bet27,19.3001,19.3001,19.3001,28.9501,28.9501,4.000000,4.000000,4.000000,6.000000,6.000000,96.000000,96.000000,96.000000,94.000000,94.000000,5.0,115.8005,105.3048,366.7016,377.1974,PENDING_AG03,FALSE,NOT_FOR_ENFORCEMENT,463.2020,4718.7063,482.5021,463.2020,19.3001,0.08956361,0.08598107,19.3001,463.2020,0.08598107,19.3001,19.3001,19.3001,28.9501,28.9501,463.2020,0.08598107,115.8005,105.3048,366.7016,377.1974,0.06806835,0.0700166,0.00358254,16.0814,14.8052,1.4533,96.5004,3.2383,1077.4512,66.4000,16.0836,15.7064,10.2195,14.3073,20.439,30.6585,30.6585,40.8781,12.2634,0.0,2.142857,2.857143,1.123995,29,71,8,4,0.99416907,0.08956361,0.08422378,0E-8,0.000000,0.912397,0.988060,0.91577622,2026-04-22,2026-07-19,5,149,91,89,0.056180,1.024019,1.000140,3.313897,,,,,,,,GLOBAL_BASELINE_NO_ENTITY_RANKING,,,NOT_APPLICABLE_GLOBAL_BASELINE,HF9g-P5,,,,X 全窗基线 · 不参与实体赏罚,8393853,840,A168_HF9F_20260827_0900,2026-08-27 09:00:00
2026-07-16,149014958,2145,0,47.0097698564,-2.0439030372,-2.0439030372,0.6000000,5,5,0.49860758000000000,0.498607580000,0.4534424453485946,0.4534424453485946,0.4534424453485946,0E-17,ELIGIBLE,R03b_20260811_FULL_v1,L1_ELIGIBILITY,v2026-08-11,2026-03-21..2026-08-06,baccarat_bet02_101_all_pairs_incl_sentinel,round_win = game_pnl > 0 (decisive only),COMPATIBILITY_ONLY_NOT_PRODUCTION,5387.2562,4915.3190,482.5021,335,332,-0.08956361,-0.08422378,-1.00000000,-0.08956361,-482.5021,5387.2562,OK,0.0000,19.3001,4.0000,96.0000,AG03-UNRESOLVED,ALL5_LEVELS_bet23_to_bet27,19.3001,19.3001,19.3001,28.9501,28.9501,4.000000,4.000000,4.000000,6.000000,6.000000,96.000000,96.000000,96.000000,94.000000,94.000000,5.0,115.8005,105.3048,366.7016,377.1974,PENDING_AG03,FALSE,NOT_FOR_ENFORCEMENT,463.2020,4718.7063,482.5021,463.2020,19.3001,0.08956361,0.08598107,19.3001,463.2020,0.08598107,19.3001,19.3001,19.3001,28.9501,28.9501,463.2020,0.08598107,115.8005,105.3048,366.7016,377.1974,0.06806835,0.0700166,0.00358254,16.0814,14.8052,1.4533,96.5004,3.2383,1077.4512,66.4000,16.0836,15.7064,10.2195,14.3073,20.439,30.6585,30.6585,40.8781,12.2634,0.0,2.142857,2.857143,1.123995,29,71,8,4,0.99416907,0.08956361,0.08422378,0E-8,0.000000,0.912397,0.988060,0.91577622,2026-04-22,2026-07-19,5,149,91,89,0.056180,1.024019,1.000140,3.313897,,,,,,,,GLOBAL_BASELINE_NO_ENTITY_RANKING,,,NOT_APPLICABLE_GLOBAL_BASELINE,HF9g-P5,,,,X 全窗基线 · 不参与实体赏罚,8393854,840,A168_HF9F_20260827_0900,2026-08-27 09:00:00
2026-07-16,149014958,2152,0,20.4390303724,-20.4390303724,-20.4390303724,0E-7,1,1,0.49324550000000000,0.493245500000,-0.9865810262130424,-0.9865810262130424,-0.9865810262130424,0E-17,ELIGIBLE,R03b_20260811_FULL_v1,L1_ELIGIBILITY,v2026-08-11,2026-03-21..2026-08-06,baccarat_bet02_101_all_pairs_incl_sentinel,round_win = game_pnl > 0 (decisive only),COMPATIBILITY_ONLY_NOT_PRODUCTION,5387.2562,4915.3190,482.5021,335,332,-0.08956361,-0.08422378,-1.00000000,-0.08956361,-482.5021,5387.2562,OK,0.0000,19.3001,4.0000,96.0000,AG03-UNRESOLVED,ALL5_LEVELS_bet23_to_bet27,19.3001,19.3001,19.3001,28.9501,28.9501,4.000000,4.000000,4.000000,6.000000,6.000000,96.000000,96.000000,96.000000,94.000000,94.000000,5.0,115.8005,105.3048,366.7016,377.1974,PENDING_AG03,FALSE,NOT_FOR_ENFORCEMENT,463.2020,4718.7063,482.5021,463.2020,19.3001,0.08956361,0.08598107,19.3001,463.2020,0.08598107,19.3001,19.3001,19.3001,28.9501,28.9501,463.2020,0.08598107,115.8005,105.3048,366.7016,377.1974,0.06806835,0.0700166,0.00358254,16.0814,14.8052,1.4533,96.5004,3.2383,1077.4512,66.4000,16.0836,15.7064,10.2195,14.3073,20.439,30.6585,30.6585,40.8781,12.2634,0.0,2.142857,2.857143,1.123995,29,71,8,4,0.99416907,0.08956361,0.08422378,0E-8,0.000000,0.912397,0.988060,0.91577622,2026-04-22,2026-07-19,5,149,91,89,0.056180,1.024019,1.000140,3.313897,,,,,,,,GLOBAL_BASELINE_NO_ENTITY_RANKING,,,NOT_APPLICABLE_GLOBAL_BASELINE,HF9g-P5,,,,X 全窗基线 · 不参与实体赏罚,8393855,840,A168_HF9F_20260827_0900,2026-08-27 09:00:00
2026-07-16,149014958,2155,0,6.1317091117,-6.1317091117,-6.1317091117,0E-7,1,1,0.49324550000000000,0.493245500000,-0.9865810262130424,-0.9865810262130424,-0.9865810262130424,0E-17,ELIGIBLE,R03b_20260811_FULL_v1,L1_ELIGIBILITY,v2026-08-11,2026-03-21..2026-08-06,baccarat_bet02_101_all_pairs_incl_sentinel,round_win = game_pnl > 0 (decisive only),COMPATIBILITY_ONLY_NOT_PRODUCTION,5387.2562,4915.3190,482.5021,335,332,-0.08956361,-0.08422378,-1.00000000,-0.08956361,-482.5021,5387.2562,OK,0.0000,19.3001,4.0000,96.0000,AG03-UNRESOLVED,ALL5_LEVELS_bet23_to_bet27,19.3001,19.3001,19.3001,28.9501,28.9501,4.000000,4.000000,4.000000,6.000000,6.000000,96.000000,96.000000,96.000000,94.000000,94.000000,5.0,115.8005,105.3048,366.7016,377.1974,PENDING_AG03,FALSE,NOT_FOR_ENFORCEMENT,463.2020,4718.7063,482.5021,463.2020,19.3001,0.08956361,0.08598107,19.3001,463.2020,0.08598107,19.3001,19.3001,19.3001,28.9501,28.9501,463.2020,0.08598107,115.8005,105.3048,366.7016,377.1974,0.06806835,0.0700166,0.00358254,16.0814,14.8052,1.4533,96.5004,3.2383,1077.4512,66.4000,16.0836,15.7064,10.2195,14.3073,20.439,30.6585,30.6585,40.8781,12.2634,0.0,2.142857,2.857143,1.123995,29,71,8,4,0.99416907,0.08956361,0.08422378,0E-8,0.000000,0.912397,0.988060,0.91577622,2026-04-22,2026-07-19,5,149,91,89,0.056180,1.024019,1.000140,3.313897,,,,,,,,GLOBAL_BASELINE_NO_ENTITY_RANKING,,,NOT_APPLICABLE_GLOBAL_BASELINE,HF9g-P5,,,,X 全窗基线 · 不参与实体赏罚,8393856,840,A168_HF9F_20260827_0900,2026-08-27 09:00:00
2026-07-16,149014958,2221,0,40.8780607448,0E-10,0E-10,0.5000000,2,2,0.50665070000000000,0.506650700000,-0.018812684590367487,-0.018812684590367487,-0.018812684590367487,0E-17,ELIGIBLE,R03b_20260811_FULL_v1,L1_ELIGIBILITY,v2026-08-11,2026-03-21..2026-08-06,baccarat_bet02_101_all_pairs_incl_sentinel,round_win = game_pnl > 0 (decisive only),COMPATIBILITY_ONLY_NOT_PRODUCTION,5387.2562,4915.3190,482.5021,335,332,-0.08956361,-0.08422378,-1.00000000,-0.08956361,-482.5021,5387.2562,OK,0.0000,19.3001,4.0000,96.0000,AG03-UNRESOLVED,ALL5_LEVELS_bet23_to_bet27,19.3001,19.3001,19.3001,28.9501,28.9501,4.000000,4.000000,4.000000,6.000000,6.000000,96.000000,96.000000,96.000000,94.000000,94.000000,5.0,115.8005,105.3048,366.7016,377.1974,PENDING_AG03,FALSE,NOT_FOR_ENFORCEMENT,463.2020,4718.7063,482.5021,463.2020,19.3001,0.08956361,0.08598107,19.3001,463.2020,0.08598107,19.3001,19.3001,19.3001,28.9501,28.9501,463.2020,0.08598107,115.8005,105.3048,366.7016,377.1974,0.06806835,0.0700166,0.00358254,16.0814,14.8052,1.4533,96.5004,3.2383,1077.4512,66.4000,16.0836,15.7064,10.2195,14.3073,20.439,30.6585,30.6585,40.8781,12.2634,0.0,2.142857,2.857143,1.123995,29,71,8,4,0.99416907,0.08956361,0.08422378,0E-8,0.000000,0.912397,0.988060,0.91577622,2026-04-22,2026-07-19,5,149,91,89,0.056180,1.024019,1.000140,3.313897,,,,,,,,GLOBAL_BASELINE_NO_ENTITY_RANKING,,,NOT_APPLICABLE_GLOBAL_BASELINE,HF9g-P5,,,,X 全窗基线 · 不参与实体赏罚,8393857,840,A168_HF9F_20260827_0900,2026-08-27 09:00:00
2026-07-16,149014958,2224,0,61.3170911172,0E-10,0E-10,0.5000000,2,2,0.50665070000000000,0.506650700000,-0.018812684590367487,-0.018812684590367487,-0.018812684590367487,0E-17,ELIGIBLE,R03b_20260811_FULL_v1,L1_ELIGIBILITY,v2026-08-11,2026-03-21..2026-08-06,baccarat_bet02_101_all_pairs_incl_sentinel,round_win = game_pnl > 0 (decisive only),COMPATIBILITY_ONLY_NOT_PRODUCTION,5387.2562,4915.3190,482.5021,335,332,-0.08956361,-0.08422378,-1.00000000,-0.08956361,-482.5021,5387.2562,OK,0.0000,19.3001,4.0000,96.0000,AG03-UNRESOLVED,ALL5_LEVELS_bet23_to_bet27,19.3001,19.3001,19.3001,28.9501,28.9501,4.000000,4.000000,4.000000,6.000000,6.000000,96.000000,96.000000,96.000000,94.000000,94.000000,5.0,115.8005,105.3048,366.7016,377.1974,PENDING_AG03,FALSE,NOT_FOR_ENFORCEMENT,463.2020,4718.7063,482.5021,463.2020,19.3001,0.08956361,0.08598107,19.3001,463.2020,0.08598107,19.3001,19.3001,19.3001,28.9501,28.9501,463.2020,0.08598107,115.8005,105.3048,366.7016,377.1974,0.06806835,0.0700166,0.00358254,16.0814,14.8052,1.4533,96.5004,3.2383,1077.4512,66.4000,16.0836,15.7064,10.2195,14.3073,20.439,30.6585,30.6585,40.8781,12.2634,0.0,2.142857,2.857143,1.123995,29,71,8,4,0.99416907,0.08956361,0.08422378,0E-8,0.000000,0.912397,0.988060,0.91577622,2026-04-22,2026-07-19,5,149,91,89,0.056180,1.024019,1.000140,3.313897,,,,,,,,GLOBAL_BASELINE_NO_ENTITY_RANKING,,,NOT_APPLICABLE_GLOBAL_BASELINE,HF9g-P5,,,,X 全窗基线 · 不参与实体赏罚,8393858,840,A168_HF9F_20260827_0900,2026-08-27 09:00:00
2026-07-16,149014958,2251,0,32.7024485958,32.7024485958,32.7024485958,1.0000000,2,2,0.49994810000000000,0.499948100000,1.4143603653603398,1.4143603653603398,1.4143603653603398,0E-17,ELIGIBLE,R03b_20260811_FULL_v1,L1_ELIGIBILITY,v2026-08-11,2026-03-21..2026-08-06,baccarat_bet02_101_all_pairs_incl_sentinel,round_win = game_pnl > 0 (decisive only),COMPATIBILITY_ONLY_NOT_PRODUCTION,5387.2562,4915.3190,482.5021,335,332,-0.08956361,-0.08422378,-1.00000000,-0.08956361,-482.5021,5387.2562,OK,0.0000,19.3001,4.0000,96.0000,AG03-UNRESOLVED,ALL5_LEVELS_bet23_to_bet27,19.3001,19.3001,19.3001,28.9501,28.9501,4.000000,4.000000,4.000000,6.000000,6.000000,96.000000,96.000000,96.000000,94.000000,94.000000,5.0,115.8005,105.3048,366.7016,377.1974,PENDING_AG03,FALSE,NOT_FOR_ENFORCEMENT,463.2020,4718.7063,482.5021,463.2020,19.3001,0.08956361,0.08598107,19.3001,463.2020,0.08598107,19.3001,19.3001,19.3001,28.9501,28.9501,463.2020,0.08598107,115.8005,105.3048,366.7016,377.1974,0.06806835,0.0700166,0.00358254,16.0814,14.8052,1.4533,96.5004,3.2383,1077.4512,66.4000,16.0836,15.7064,10.2195,14.3073,20.439,30.6585,30.6585,40.8781,12.2634,0.0,2.142857,2.857143,1.123995,29,71,8,4,0.99416907,0.08956361,0.08422378,0E-8,0.000000,0.912397,0.988060,0.91577622,2026-04-22,2026-07-19,5,149,91,89,0.056180,1.024019,1.000140,3.313897,,,,,,,,GLOBAL_BASELINE_NO_ENTITY_RANKING,,,NOT_APPLICABLE_GLOBAL_BASELINE,HF9g-P5,,,,X 全窗基线 · 不参与实体赏罚,8393859,840,A168_HF9F_20260827_0900,2026-08-27 09:00:00
2026-07-16,149014958,2257,0,10.2195151862,-10.2195151862,-10.2195151862,0E-7,1,1,0.50665070000000000,0.506650700000,-1.013391052207602,-1.013391052207602,-1.013391052207602,0E-17,ELIGIBLE,R03b_20260811_FULL_v1,L1_ELIGIBILITY,v2026-08-11,2026-03-21..2026-08-06,baccarat_bet02_101_all_pairs_incl_sentinel,round_win = game_pnl > 0 (decisive only),COMPATIBILITY_ONLY_NOT_PRODUCTION,5387.2562,4915.3190,482.5021,335,332,-0.08956361,-0.08422378,-1.00000000,-0.08956361,-482.5021,5387.2562,OK,0.0000,19.3001,4.0000,96.0000,AG03-UNRESOLVED,ALL5_LEVELS_bet23_to_bet27,19.3001,19.3001,19.3001,28.9501,28.9501,4.000000,4.000000,4.000000,6.000000,6.000000,96.000000,96.000000,96.000000,94.000000,94.000000,5.0,115.8005,105.3048,366.7016,377.1974,PENDING_AG03,FALSE,NOT_FOR_ENFORCEMENT,463.2020,4718.7063,482.5021,463.2020,19.3001,0.08956361,0.08598107,19.3001,463.2020,0.08598107,19.3001,19.3001,19.3001,28.9501,28.9501,463.2020,0.08598107,115.8005,105.3048,366.7016,377.1974,0.06806835,0.0700166,0.00358254,16.0814,14.8052,1.4533,96.5004,3.2383,1077.4512,66.4000,16.0836,15.7064,10.2195,14.3073,20.439,30.6585,30.6585,40.8781,12.2634,0.0,2.142857,2.857143,1.123995,29,71,8,4,0.99416907,0.08956361,0.08422378,0E-8,0.000000,0.912397,0.988060,0.91577622,2026-04-22,2026-07-19,5,149,91,89,0.056180,1.024019,1.000140,3.313897,,,,,,,,GLOBAL_BASELINE_NO_ENTITY_RANKING,,,NOT_APPLICABLE_GLOBAL_BASELINE,HF9g-P5,,,,X 全窗基线 · 不参与实体赏罚,8393860,840,A168_HF9F_20260827_0900,2026-08-27 09:00:00
2026-07-16,149014958,2266,0,51.0975759310,51.0975759310,51.0975759310,1.0000000,1,1,0.49324550000000000,0.493245500000,1.01360149184955,1.01360149184955,1.01360149184955,0E-17,ELIGIBLE,R03b_20260811_FULL_v1,L1_ELIGIBILITY,v2026-08-11,2026-03-21..2026-08-06,baccarat_bet02_101_all_pairs_incl_sentinel,round_win = game_pnl > 0 (decisive only),COMPATIBILITY_ONLY_NOT_PRODUCTION,5387.2562,4915.3190,482.5021,335,332,-0.08956361,-0.08422378,-1.00000000,-0.08956361,-482.5021,5387.2562,OK,0.0000,19.3001,4.0000,96.0000,AG03-UNRESOLVED,ALL5_LEVELS_bet23_to_bet27,19.3001,19.3001,19.3001,28.9501,28.9501,4.000000,4.000000,4.000000,6.000000,6.000000,96.000000,96.000000,96.000000,94.000000,94.000000,5.0,115.8005,105.3048,366.7016,377.1974,PENDING_AG03,FALSE,NOT_FOR_ENFORCEMENT,463.2020,4718.7063,482.5021,463.2020,19.3001,0.08956361,0.08598107,19.3001,463.2020,0.08598107,19.3001,19.3001,19.3001,28.9501,28.9501,463.2020,0.08598107,115.8005,105.3048,366.7016,377.1974,0.06806835,0.0700166,0.00358254,16.0814,14.8052,1.4533,96.5004,3.2383,1077.4512,66.4000,16.0836,15.7064,10.2195,14.3073,20.439,30.6585,30.6585,40.8781,12.2634,0.0,2.142857,2.857143,1.123995,29,71,8,4,0.99416907,0.08956361,0.08422378,0E-8,0.000000,0.912397,0.988060,0.91577622,2026-04-22,2026-07-19,5,149,91,89,0.056180,1.024019,1.000140,3.313897,,,,,,,,GLOBAL_BASELINE_NO_ENTITY_RANKING,,,NOT_APPLICABLE_GLOBAL_BASELINE,HF9g-P5,,,,X 全窗基线 · 不参与实体赏罚,8393861,840,A168_HF9F_20260827_0900,2026-08-27 09:00:00
2026-07-16,149014958,919,0,20.4390303724,20.4390303724,20.4390303724,1.0000000,1,1,0.50665070000000000,0.506650700000,0.9867858985152569,0.9867858985152569,0.9867858985152569,0E-17,ELIGIBLE,R03b_20260811_FULL_v1,L1_ELIGIBILITY,v2026-08-11,2026-03-21..2026-08-06,baccarat_bet02_101_all_pairs_incl_sentinel,round_win = game_pnl > 0 (decisive only),COMPATIBILITY_ONLY_NOT_PRODUCTION,5387.2562,4915.3190,482.5021,335,332,-0.08956361,-0.08422378,-1.00000000,-0.08956361,-482.5021,5387.2562,OK,0.0000,19.3001,4.0000,96.0000,AG03-UNRESOLVED,ALL5_LEVELS_bet23_to_bet27,19.3001,19.3001,19.3001,28.9501,28.9501,4.000000,4.000000,4.000000,6.000000,6.000000,96.000000,96.000000,96.000000,94.000000,94.000000,5.0,115.8005,105.3048,366.7016,377.1974,PENDING_AG03,FALSE,NOT_FOR_ENFORCEMENT,463.2020,4718.7063,482.5021,463.2020,19.3001,0.08956361,0.08598107,19.3001,463.2020,0.08598107,19.3001,19.3001,19.3001,28.9501,28.9501,463.2020,0.08598107,115.8005,105.3048,366.7016,377.1974,0.06806835,0.0700166,0.00358254,16.0814,14.8052,1.4533,96.5004,3.2383,1077.4512,66.4000,16.0836,15.7064,10.2195,14.3073,20.439,30.6585,30.6585,40.8781,12.2634,0.0,2.142857,2.857143,1.123995,29,71,8,4,0.99416907,0.08956361,0.08422378,0E-8,0.000000,0.912397,0.988060,0.91577622,2026-04-22,2026-07-19,5,149,91,89,0.056180,1.024019,1.000140,3.313897,,,,,,,,GLOBAL_BASELINE_NO_ENTITY_RANKING,,,NOT_APPLICABLE_GLOBAL_BASELINE,HF9g-P5,,,,X 全窗基线 · 不参与实体赏罚,8393862,840,A168_HF9F_20260827_0900,2026-08-27 09:00:00
2026-07-16,149014958,994,0,81.7561214896,20.4390303724,20.4390303724,0.7500000,4,4,0.49994810000000000,0.499948100000,1.0002076053883384,1.0002076053883384,1.0002076053883384,0E-17,ELIGIBLE,R03b_20260811_FULL_v1,L1_ELIGIBILITY,v2026-08-11,2026-03-21..2026-08-06,baccarat_bet02_101_all_pairs_incl_sentinel,round_win = game_pnl > 0 (decisive only),COMPATIBILITY_ONLY_NOT_PRODUCTION,5387.2562,4915.3190,482.5021,335,332,-0.08956361,-0.08422378,-1.00000000,-0.08956361,-482.5021,5387.2562,OK,0.0000,19.3001,4.0000,96.0000,AG03-UNRESOLVED,ALL5_LEVELS_bet23_to_bet27,19.3001,19.3001,19.3001,28.9501,28.9501,4.000000,4.000000,4.000000,6.000000,6.000000,96.000000,96.000000,96.000000,94.000000,94.000000,5.0,115.8005,105.3048,366.7016,377.1974,PENDING_AG03,FALSE,NOT_FOR_ENFORCEMENT,463.2020,4718.7063,482.5021,463.2020,19.3001,0.08956361,0.08598107,19.3001,463.2020,0.08598107,19.3001,19.3001,19.3001,28.9501,28.9501,463.2020,0.08598107,115.8005,105.3048,366.7016,377.1974,0.06806835,0.0700166,0.00358254,16.0814,14.8052,1.4533,96.5004,3.2383,1077.4512,66.4000,16.0836,15.7064,10.2195,14.3073,20.439,30.6585,30.6585,40.8781,12.2634,0.0,2.142857,2.857143,1.123995,29,71,8,4,0.99416907,0.08956361,0.08422378,0E-8,0.000000,0.912397,0.988060,0.91577622,2026-04-22,2026-07-19,5,149,91,89,0.056180,1.024019,1.000140,3.313897,,,,,,,,GLOBAL_BASELINE_NO_ENTITY_RANKING,,,NOT_APPLICABLE_GLOBAL_BASELINE,HF9g-P5,,,,X 全窗基线 · 不参与实体赏罚,8393863,840,A168_HF9F_20260827_0900,2026-08-27 09:00:00
2026-07-17,149014958,-1,1,932.0197849817,-62.3390426359,-62.3390426359,0.5000000,52,52,0.50046368461538462,0.500463684615,-0.00628972684390021,-0.006289726838682965,-0.00628972684390021,3.8462E-13,SENTINEL_DEALER,R03b_20260811_FULL_v1,L1_ELIGIBILITY,v2026-08-11,2026-03-21..2026-08-06,baccarat_bet02_101_all_pairs_incl_sentinel,round_win = game_pnl > 0 (decisive only),COMPATIBILITY_ONLY_NOT_PRODUCTION,5387.2562,4915.3190,482.5021,335,332,-0.08956361,-0.08422378,-1.00000000,-0.08956361,-482.5021,5387.2562,OK,0.0000,19.3001,4.0000,96.0000,AG03-UNRESOLVED,ALL5_LEVELS_bet23_to_bet27,19.3001,19.3001,19.3001,28.9501,28.9501,4.000000,4.000000,4.000000,6.000000,6.000000,96.000000,96.000000,96.000000,94.000000,94.000000,5.0,115.8005,105.3048,366.7016,377.1974,PENDING_AG03,FALSE,NOT_FOR_ENFORCEMENT,463.2020,4718.7063,482.5021,463.2020,19.3001,0.08956361,0.08598107,19.3001,463.2020,0.08598107,19.3001,19.3001,19.3001,28.9501,28.9501,463.2020,0.08598107,115.8005,105.3048,366.7016,377.1974,0.06806835,0.0700166,0.00358254,16.0814,14.8052,1.4533,96.5004,3.2383,1077.4512,66.4000,16.0836,15.7064,10.2195,14.3073,20.439,30.6585,30.6585,40.8781,12.2634,0.0,2.142857,2.857143,1.123995,29,71,8,4,0.99416907,0.08956361,0.08422378,0E-8,0.000000,0.912397,0.988060,0.91577622,2026-04-22,2026-07-19,5,149,91,89,0.056180,1.024019,1.000140,3.313897,,,,,,,,GLOBAL_BASELINE_NO_ENTITY_RANKING,,,NOT_APPLICABLE_GLOBAL_BASELINE,HF9g-P5,,,,X 全窗基线 · 不参与实体赏罚,8393864,840,A168_HF9F_20260827_0900,2026-08-27 09:00:00
2026-07-17,149014958,1007,0,8.1756121490,-8.1756121490,-8.1756121490,0E-7,1,1,0.50665070000000000,0.506650700000,-1.013391052207602,-1.013391052207602,-1.013391052207602,0E-17,ELIGIBLE,R03b_20260811_FULL_v1,L1_ELIGIBILITY,v2026-08-11,2026-03-21..2026-08-06,baccarat_bet02_101_all_pairs_incl_sentinel,round_win = game_pnl > 0 (decisive only),COMPATIBILITY_ONLY_NOT_PRODUCTION,5387.2562,4915.3190,482.5021,335,332,-0.08956361,-0.08422378,-1.00000000,-0.08956361,-482.5021,5387.2562,OK,0.0000,19.3001,4.0000,96.0000,AG03-UNRESOLVED,ALL5_LEVELS_bet23_to_bet27,19.3001,19.3001,19.3001,28.9501,28.9501,4.000000,4.000000,4.000000,6.000000,6.000000,96.000000,96.000000,96.000000,94.000000,94.000000,5.0,115.8005,105.3048,366.7016,377.1974,PENDING_AG03,FALSE,NOT_FOR_ENFORCEMENT,463.2020,4718.7063,482.5021,463.2020,19.3001,0.08956361,0.08598107,19.3001,463.2020,0.08598107,19.3001,19.3001,19.3001,28.9501,28.9501,463.2020,0.08598107,115.8005,105.3048,366.7016,377.1974,0.06806835,0.0700166,0.00358254,16.0814,14.8052,1.4533,96.5004,3.2383,1077.4512,66.4000,16.0836,15.7064,10.2195,14.3073,20.439,30.6585,30.6585,40.8781,12.2634,0.0,2.142857,2.857143,1.123995,29,71,8,4,0.99416907,0.08956361,0.08422378,0E-8,0.000000,0.912397,0.988060,0.91577622,2026-04-22,2026-07-19,5,149,91,89,0.056180,1.024019,1.000140,3.313897,,,,,,,,GLOBAL_BASELINE_NO_ENTITY_RANKING,,,NOT_APPLICABLE_GLOBAL_BASELINE,HF9g-P5,,,,X 全窗基线 · 不参与实体赏罚,8393865,840,A168_HF9F_20260827_0900,2026-08-27 09:00:00
2026-07-17,149014958,1221,0,16.3512242979,-4.0878060745,-4.0878060745,0.5000000,2,2,0.49994810000000000,0.499948100000,0.00014679536856514622,0.00014679536856514622,0.00014679536856514622,0E-17,ELIGIBLE,R03b_20260811_FULL_v1,L1_ELIGIBILITY,v2026-08-11,2026-03-21..2026-08-06,baccarat_bet02_101_all_pairs_incl_sentinel,round_win = game_pnl > 0 (decisive only),COMPATIBILITY_ONLY_NOT_PRODUCTION,5387.2562,4915.3190,482.5021,335,332,-0.08956361,-0.08422378,-1.00000000,-0.08956361,-482.5021,5387.2562,OK,0.0000,19.3001,4.0000,96.0000,AG03-UNRESOLVED,ALL5_LEVELS_bet23_to_bet27,19.3001,19.3001,19.3001,28.9501,28.9501,4.000000,4.000000,4.000000,6.000000,6.000000,96.000000,96.000000,96.000000,94.000000,94.000000,5.0,115.8005,105.3048,366.7016,377.1974,PENDING_AG03,FALSE,NOT_FOR_ENFORCEMENT,463.2020,4718.7063,482.5021,463.2020,19.3001,0.08956361,0.08598107,19.3001,463.2020,0.08598107,19.3001,19.3001,19.3001,28.9501,28.9501,463.2020,0.08598107,115.8005,105.3048,366.7016,377.1974,0.06806835,0.0700166,0.00358254,16.0814,14.8052,1.4533,96.5004,3.2383,1077.4512,66.4000,16.0836,15.7064,10.2195,14.3073,20.439,30.6585,30.6585,40.8781,12.2634,0.0,2.142857,2.857143,1.123995,29,71,8,4,0.99416907,0.08956361,0.08422378,0E-8,0.000000,0.912397,0.988060,0.91577622,2026-04-22,2026-07-19,5,149,91,89,0.056180,1.024019,1.000140,3.313897,,,,,,,,GLOBAL_BASELINE_NO_ENTITY_RANKING,,,NOT_APPLICABLE_GLOBAL_BASELINE,HF9g-P5,,,,X 全窗基线 · 不参与实体赏罚,8393866,840,A168_HF9F_20260827_0900,2026-08-27 09:00:00
2026-07-17,149014958,1302,0,20.4390303724,-20.4390303724,-20.4390303724,0E-7,1,1,0.50665070000000000,0.506650700000,-1.013391052207602,-1.013391052207602,-1.013391052207602,0E-17,ELIGIBLE,R03b_20260811_FULL_v1,L1_ELIGIBILITY,v2026-08-11,2026-03-21..2026-08-06,baccarat_bet02_101_all_pairs_incl_sentinel,round_win = game_pnl > 0 (decisive only),COMPATIBILITY_ONLY_NOT_PRODUCTION,5387.2562,4915.3190,482.5021,335,332,-0.08956361,-0.08422378,-1.00000000,-0.08956361,-482.5021,5387.2562,OK,0.0000,19.3001,4.0000,96.0000,AG03-UNRESOLVED,ALL5_LEVELS_bet23_to_bet27,19.3001,19.3001,19.3001,28.9501,28.9501,4.000000,4.000000,4.000000,6.000000,6.000000,96.000000,96.000000,96.000000,94.000000,94.000000,5.0,115.8005,105.3048,366.7016,377.1974,PENDING_AG03,FALSE,NOT_FOR_ENFORCEMENT,463.2020,4718.7063,482.5021,463.2020,19.3001,0.08956361,0.08598107,19.3001,463.2020,0.08598107,19.3001,19.3001,19.3001,28.9501,28.9501,463.2020,0.08598107,115.8005,105.3048,366.7016,377.1974,0.06806835,0.0700166,0.00358254,16.0814,14.8052,1.4533,96.5004,3.2383,1077.4512,66.4000,16.0836,15.7064,10.2195,14.3073,20.439,30.6585,30.6585,40.8781,12.2634,0.0,2.142857,2.857143,1.123995,29,71,8,4,0.99416907,0.08956361,0.08422378,0E-8,0.000000,0.912397,0.988060,0.91577622,2026-04-22,2026-07-19,5,149,91,89,0.056180,1.024019,1.000140,3.313897,,,,,,,,GLOBAL_BASELINE_NO_ENTITY_RANKING,,,NOT_APPLICABLE_GLOBAL_BASELINE,HF9g-P5,,,,X 全窗基线 · 不参与实体赏罚,8393867,840,A168_HF9F_20260827_0900,2026-08-27 09:00:00
2026-07-17,149014958,1306,0,81.7561214896,20.4390303724,20.4390303724,0.6666667,3,3,0.50218230000000000,0.502182300000,0.5697959874915163,0.5697959874915164,0.5697959874915163,0E-17,ELIGIBLE,R03b_20260811_FULL_v1,L1_ELIGIBILITY,v2026-08-11,2026-03-21..2026-08-06,baccarat_bet02_101_all_pairs_incl_sentinel,round_win = game_pnl > 0 (decisive only),COMPATIBILITY_ONLY_NOT_PRODUCTION,5387.2562,4915.3190,482.5021,335,332,-0.08956361,-0.08422378,-1.00000000,-0.08956361,-482.5021,5387.2562,OK,0.0000,19.3001,4.0000,96.0000,AG03-UNRESOLVED,ALL5_LEVELS_bet23_to_bet27,19.3001,19.3001,19.3001,28.9501,28.9501,4.000000,4.000000,4.000000,6.000000,6.000000,96.000000,96.000000,96.000000,94.000000,94.000000,5.0,115.8005,105.3048,366.7016,377.1974,PENDING_AG03,FALSE,NOT_FOR_ENFORCEMENT,463.2020,4718.7063,482.5021,463.2020,19.3001,0.08956361,0.08598107,19.3001,463.2020,0.08598107,19.3001,19.3001,19.3001,28.9501,28.9501,463.2020,0.08598107,115.8005,105.3048,366.7016,377.1974,0.06806835,0.0700166,0.00358254,16.0814,14.8052,1.4533,96.5004,3.2383,1077.4512,66.4000,16.0836,15.7064,10.2195,14.3073,20.439,30.6585,30.6585,40.8781,12.2634,0.0,2.142857,2.857143,1.123995,29,71,8,4,0.99416907,0.08956361,0.08422378,0E-8,0.000000,0.912397,0.988060,0.91577622,2026-04-22,2026-07-19,5,149,91,89,0.056180,1.024019,1.000140,3.313897,,,,,,,,GLOBAL_BASELINE_NO_ENTITY_RANKING,,,NOT_APPLICABLE_GLOBAL_BASELINE,HF9g-P5,,,,X 全窗基线 · 不参与实体赏罚,8393868,840,A168_HF9F_20260827_0900,2026-08-27 09:00:00
2026-07-17,149014958,1307,0,26.5707394841,-8.1756121490,-8.1756121490,0.3333333,3,3,0.50218230000000000,0.502182300000,-0.5849155494134425,-0.5849155494134426,-0.5849155494134425,0E-17,ELIGIBLE,R03b_20260811_FULL_v1,L1_ELIGIBILITY,v2026-08-11,2026-03-21..2026-08-06,baccarat_bet02_101_all_pairs_incl_sentinel,round_win = game_pnl > 0 (decisive only),COMPATIBILITY_ONLY_NOT_PRODUCTION,5387.2562,4915.3190,482.5021,335,332,-0.08956361,-0.08422378,-1.00000000,-0.08956361,-482.5021,5387.2562,OK,0.0000,19.3001,4.0000,96.0000,AG03-UNRESOLVED,ALL5_LEVELS_bet23_to_bet27,19.3001,19.3001,19.3001,28.9501,28.9501,4.000000,4.000000,4.000000,6.000000,6.000000,96.000000,96.000000,96.000000,94.000000,94.000000,5.0,115.8005,105.3048,366.7016,377.1974,PENDING_AG03,FALSE,NOT_FOR_ENFORCEMENT,463.2020,4718.7063,482.5021,463.2020,19.3001,0.08956361,0.08598107,19.3001,463.2020,0.08598107,19.3001,19.3001,19.3001,28.9501,28.9501,463.2020,0.08598107,115.8005,105.3048,366.7016,377.1974,0.06806835,0.0700166,0.00358254,16.0814,14.8052,1.4533,96.5004,3.2383,1077.4512,66.4000,16.0836,15.7064,10.2195,14.3073,20.439,30.6585,30.6585,40.8781,12.2634,0.0,2.142857,2.857143,1.123995,29,71,8,4,0.99416907,0.08956361,0.08422378,0E-8,0.000000,0.912397,0.988060,0.91577622,2026-04-22,2026-07-19,5,149,91,89,0.056180,1.024019,1.000140,3.313897,,,,,,,,GLOBAL_BASELINE_NO_ENTITY_RANKING,,,NOT_APPLICABLE_GLOBAL_BASELINE,HF9g-P5,,,,X 全窗基线 · 不参与实体赏罚,8393869,840,A168_HF9F_20260827_0900,2026-08-27 09:00:00
2026-07-17,149014958,1318,0,51.0975759310,-5.1097575931,-5.1097575931,0.5000000,2,2,0.49994810000000000,0.499948100000,0.00014679536856514622,0.00014679536856514622,0.00014679536856514622,0E-17,ELIGIBLE,R03b_20260811_FULL_v1,L1_ELIGIBILITY,v2026-08-11,2026-03-21..2026-08-06,baccarat_bet02_101_all_pairs_incl_sentinel,round_win = game_pnl > 0 (decisive only),COMPATIBILITY_ONLY_NOT_PRODUCTION,5387.2562,4915.3190,482.5021,335,332,-0.08956361,-0.08422378,-1.00000000,-0.08956361,-482.5021,5387.2562,OK,0.0000,19.3001,4.0000,96.0000,AG03-UNRESOLVED,ALL5_LEVELS_bet23_to_bet27,19.3001,19.3001,19.3001,28.9501,28.9501,4.000000,4.000000,4.000000,6.000000,6.000000,96.000000,96.000000,96.000000,94.000000,94.000000,5.0,115.8005,105.3048,366.7016,377.1974,PENDING_AG03,FALSE,NOT_FOR_ENFORCEMENT,463.2020,4718.7063,482.5021,463.2020,19.3001,0.08956361,0.08598107,19.3001,463.2020,0.08598107,19.3001,19.3001,19.3001,28.9501,28.9501,463.2020,0.08598107,115.8005,105.3048,366.7016,377.1974,0.06806835,0.0700166,0.00358254,16.0814,14.8052,1.4533,96.5004,3.2383,1077.4512,66.4000,16.0836,15.7064,10.2195,14.3073,20.439,30.6585,30.6585,40.8781,12.2634,0.0,2.142857,2.857143,1.123995,29,71,8,4,0.99416907,0.08956361,0.08422378,0E-8,0.000000,0.912397,0.988060,0.91577622,2026-04-22,2026-07-19,5,149,91,89,0.056180,1.024019,1.000140,3.313897,,,,,,,,GLOBAL_BASELINE_NO_ENTITY_RANKING,,,NOT_APPLICABLE_GLOBAL_BASELINE,HF9g-P5,,,,X 全窗基线 · 不参与实体赏罚,8393870,840,A168_HF9F_20260827_0900,2026-08-27 09:00:00
2026-07-17,149014958,1323,0,8.1756121490,8.1756121490,8.1756121490,1.0000000,1,1,0.50665070000000000,0.506650700000,0.9867858985152569,0.9867858985152569,0.9867858985152569,0E-17,ELIGIBLE,R03b_20260811_FULL_v1,L1_ELIGIBILITY,v2026-08-11,2026-03-21..2026-08-06,baccarat_bet02_101_all_pairs_incl_sentinel,round_win = game_pnl > 0 (decisive only),COMPATIBILITY_ONLY_NOT_PRODUCTION,5387.2562,4915.3190,482.5021,335,332,-0.08956361,-0.08422378,-1.00000000,-0.08956361,-482.5021,5387.2562,OK,0.0000,19.3001,4.0000,96.0000,AG03-UNRESOLVED,ALL5_LEVELS_bet23_to_bet27,19.3001,19.3001,19.3001,28.9501,28.9501,4.000000,4.000000,4.000000,6.000000,6.000000,96.000000,96.000000,96.000000,94.000000,94.000000,5.0,115.8005,105.3048,366.7016,377.1974,PENDING_AG03,FALSE,NOT_FOR_ENFORCEMENT,463.2020,4718.7063,482.5021,463.2020,19.3001,0.08956361,0.08598107,19.3001,463.2020,0.08598107,19.3001,19.3001,19.3001,28.9501,28.9501,463.2020,0.08598107,115.8005,105.3048,366.7016,377.1974,0.06806835,0.0700166,0.00358254,16.0814,14.8052,1.4533,96.5004,3.2383,1077.4512,66.4000,16.0836,15.7064,10.2195,14.3073,20.439,30.6585,30.6585,40.8781,12.2634,0.0,2.142857,2.857143,1.123995,29,71,8,4,0.99416907,0.08956361,0.08422378,0E-8,0.000000,0.912397,0.988060,0.91577622,2026-04-22,2026-07-19,5,149,91,89,0.056180,1.024019,1.000140,3.313897,,,,,,,,GLOBAL_BASELINE_NO_ENTITY_RANKING,,,NOT_APPLICABLE_GLOBAL_BASELINE,HF9g-P5,,,,X 全窗基线 · 不参与实体赏罚,8393871,840,A168_HF9F_20260827_0900,2026-08-27 09:00:00
2026-07-17,149014958,1402,0,151.2488247558,75.6244123778,75.6244123778,0.7142857,8,8,0.49994810000000000,0.499948100000,1.134168054123783,1.134168054123783,1.134168054123783,0E-17,ELIGIBLE,R03b_20260811_FULL_v1,L1_ELIGIBILITY,v2026-08-11,2026-03-21..2026-08-06,baccarat_bet02_101_all_pairs_incl_sentinel,round_win = game_pnl > 0 (decisive only),COMPATIBILITY_ONLY_NOT_PRODUCTION,5387.2562,4915.3190,482.5021,335,332,-0.08956361,-0.08422378,-1.00000000,-0.08956361,-482.5021,5387.2562,OK,0.0000,19.3001,4.0000,96.0000,AG03-UNRESOLVED,ALL5_LEVELS_bet23_to_bet27,19.3001,19.3001,19.3001,28.9501,28.9501,4.000000,4.000000,4.000000,6.000000,6.000000,96.000000,96.000000,96.000000,94.000000,94.000000,5.0,115.8005,105.3048,366.7016,377.1974,PENDING_AG03,FALSE,NOT_FOR_ENFORCEMENT,463.2020,4718.7063,482.5021,463.2020,19.3001,0.08956361,0.08598107,19.3001,463.2020,0.08598107,19.3001,19.3001,19.3001,28.9501,28.9501,463.2020,0.08598107,115.8005,105.3048,366.7016,377.1974,0.06806835,0.0700166,0.00358254,16.0814,14.8052,1.4533,96.5004,3.2383,1077.4512,66.4000,16.0836,15.7064,10.2195,14.3073,20.439,30.6585,30.6585,40.8781,12.2634,0.0,2.142857,2.857143,1.123995,29,71,8,4,0.99416907,0.08956361,0.08422378,0E-8,0.000000,0.912397,0.988060,0.91577622,2026-04-22,2026-07-19,5,149,91,89,0.056180,1.024019,1.000140,3.313897,,,,,,,,GLOBAL_BASELINE_NO_ENTITY_RANKING,,,NOT_APPLICABLE_GLOBAL_BASELINE,HF9g-P5,,,,X 全窗基线 · 不参与实体赏罚,8393872,840,A168_HF9F_20260827_0900,2026-08-27 09:00:00
2026-07-17,149014958,1490,0,20.4390303724,-20.4390303724,-20.4390303724,0E-7,1,1,0.50665070000000000,0.506650700000,-1.013391052207602,-1.013391052207602,-1.013391052207602,0E-17,ELIGIBLE,R03b_20260811_FULL_v1,L1_ELIGIBILITY,v2026-08-11,2026-03-21..2026-08-06,baccarat_bet02_101_all_pairs_incl_sentinel,round_win = game_pnl > 0 (decisive only),COMPATIBILITY_ONLY_NOT_PRODUCTION,5387.2562,4915.3190,482.5021,335,332,-0.08956361,-0.08422378,-1.00000000,-0.08956361,-482.5021,5387.2562,OK,0.0000,19.3001,4.0000,96.0000,AG03-UNRESOLVED,ALL5_LEVELS_bet23_to_bet27,19.3001,19.3001,19.3001,28.9501,28.9501,4.000000,4.000000,4.000000,6.000000,6.000000,96.000000,96.000000,96.000000,94.000000,94.000000,5.0,115.8005,105.3048,366.7016,377.1974,PENDING_AG03,FALSE,NOT_FOR_ENFORCEMENT,463.2020,4718.7063,482.5021,463.2020,19.3001,0.08956361,0.08598107,19.3001,463.2020,0.08598107,19.3001,19.3001,19.3001,28.9501,28.9501,463.2020,0.08598107,115.8005,105.3048,366.7016,377.1974,0.06806835,0.0700166,0.00358254,16.0814,14.8052,1.4533,96.5004,3.2383,1077.4512,66.4000,16.0836,15.7064,10.2195,14.3073,20.439,30.6585,30.6585,40.8781,12.2634,0.0,2.142857,2.857143,1.123995,29,71,8,4,0.99416907,0.08956361,0.08422378,0E-8,0.000000,0.912397,0.988060,0.91577622,2026-04-22,2026-07-19,5,149,91,89,0.056180,1.024019,1.000140,3.313897,,,,,,,,GLOBAL_BASELINE_NO_ENTITY_RANKING,,,NOT_APPLICABLE_GLOBAL_BASELINE,HF9g-P5,,,,X 全窗基线 · 不参与实体赏罚,8393873,840,A168_HF9F_20260827_0900,2026-08-27 09:00:00
2026-07-17,149014958,1645,0,20.4390303724,-20.4390303724,-20.4390303724,0E-7,1,1,0.50665070000000000,0.506650700000,-1.013391052207602,-1.013391052207602,-1.013391052207602,0E-17,ELIGIBLE,R03b_20260811_FULL_v1,L1_ELIGIBILITY,v2026-08-11,2026-03-21..2026-08-06,baccarat_bet02_101_all_pairs_incl_sentinel,round_win = game_pnl > 0 (decisive only),COMPATIBILITY_ONLY_NOT_PRODUCTION,5387.2562,4915.3190,482.5021,335,332,-0.08956361,-0.08422378,-1.00000000,-0.08956361,-482.5021,5387.2562,OK,0.0000,19.3001,4.0000,96.0000,AG03-UNRESOLVED,ALL5_LEVELS_bet23_to_bet27,19.3001,19.3001,19.3001,28.9501,28.9501,4.000000,4.000000,4.000000,6.000000,6.000000,96.000000,96.000000,96.000000,94.000000,94.000000,5.0,115.8005,105.3048,366.7016,377.1974,PENDING_AG03,FALSE,NOT_FOR_ENFORCEMENT,463.2020,4718.7063,482.5021,463.2020,19.3001,0.08956361,0.08598107,19.3001,463.2020,0.08598107,19.3001,19.3001,19.3001,28.9501,28.9501,463.2020,0.08598107,115.8005,105.3048,366.7016,377.1974,0.06806835,0.0700166,0.00358254,16.0814,14.8052,1.4533,96.5004,3.2383,1077.4512,66.4000,16.0836,15.7064,10.2195,14.3073,20.439,30.6585,30.6585,40.8781,12.2634,0.0,2.142857,2.857143,1.123995,29,71,8,4,0.99416907,0.08956361,0.08422378,0E-8,0.000000,0.912397,0.988060,0.91577622,2026-04-22,2026-07-19,5,149,91,89,0.056180,1.024019,1.000140,3.313897,,,,,,,,GLOBAL_BASELINE_NO_ENTITY_RANKING,,,NOT_APPLICABLE_GLOBAL_BASELINE,HF9g-P5,,,,X 全窗基线 · 不参与实体赏罚,8393874,840,A168_HF9F_20260827_0900,2026-08-27 09:00:00
2026-07-17,149014958,1750,0,8.1756121490,8.1756121490,8.1756121490,1.0000000,1,1,0.49324550000000000,0.493245500000,1.01360149184955,1.01360149184955,1.01360149184955,0E-17,ELIGIBLE,R03b_20260811_FULL_v1,L1_ELIGIBILITY,v2026-08-11,2026-03-21..2026-08-06,baccarat_bet02_101_all_pairs_incl_sentinel,round_win = game_pnl > 0 (decisive only),COMPATIBILITY_ONLY_NOT_PRODUCTION,5387.2562,4915.3190,482.5021,335,332,-0.08956361,-0.08422378,-1.00000000,-0.08956361,-482.5021,5387.2562,OK,0.0000,19.3001,4.0000,96.0000,AG03-UNRESOLVED,ALL5_LEVELS_bet23_to_bet27,19.3001,19.3001,19.3001,28.9501,28.9501,4.000000,4.000000,4.000000,6.000000,6.000000,96.000000,96.000000,96.000000,94.000000,94.000000,5.0,115.8005,105.3048,366.7016,377.1974,PENDING_AG03,FALSE,NOT_FOR_ENFORCEMENT,463.2020,4718.7063,482.5021,463.2020,19.3001,0.08956361,0.08598107,19.3001,463.2020,0.08598107,19.3001,19.3001,19.3001,28.9501,28.9501,463.2020,0.08598107,115.8005,105.3048,366.7016,377.1974,0.06806835,0.0700166,0.00358254,16.0814,14.8052,1.4533,96.5004,3.2383,1077.4512,66.4000,16.0836,15.7064,10.2195,14.3073,20.439,30.6585,30.6585,40.8781,12.2634,0.0,2.142857,2.857143,1.123995,29,71,8,4,0.99416907,0.08956361,0.08422378,0E-8,0.000000,0.912397,0.988060,0.91577622,2026-04-22,2026-07-19,5,149,91,89,0.056180,1.024019,1.000140,3.313897,,,,,,,,GLOBAL_BASELINE_NO_ENTITY_RANKING,,,NOT_APPLICABLE_GLOBAL_BASELINE,HF9g-P5,,,,X 全窗基线 · 不参与实体赏罚,8393875,840,A168_HF9F_20260827_0900,2026-08-27 09:00:00
2026-07-17,149014958,1963,0,30.6585455586,30.6585455586,30.6585455586,1.0000000,1,1,0.50665070000000000,0.506650700000,0.9867858985152569,0.9867858985152569,0.9867858985152569,0E-17,ELIGIBLE,R03b_20260811_FULL_v1,L1_ELIGIBILITY,v2026-08-11,2026-03-21..2026-08-06,baccarat_bet02_101_all_pairs_incl_sentinel,round_win = game_pnl > 0 (decisive only),COMPATIBILITY_ONLY_NOT_PRODUCTION,5387.2562,4915.3190,482.5021,335,332,-0.08956361,-0.08422378,-1.00000000,-0.08956361,-482.5021,5387.2562,OK,0.0000,19.3001,4.0000,96.0000,AG03-UNRESOLVED,ALL5_LEVELS_bet23_to_bet27,19.3001,19.3001,19.3001,28.9501,28.9501,4.000000,4.000000,4.000000,6.000000,6.000000,96.000000,96.000000,96.000000,94.000000,94.000000,5.0,115.8005,105.3048,366.7016,377.1974,PENDING_AG03,FALSE,NOT_FOR_ENFORCEMENT,463.2020,4718.7063,482.5021,463.2020,19.3001,0.08956361,0.08598107,19.3001,463.2020,0.08598107,19.3001,19.3001,19.3001,28.9501,28.9501,463.2020,0.08598107,115.8005,105.3048,366.7016,377.1974,0.06806835,0.0700166,0.00358254,16.0814,14.8052,1.4533,96.5004,3.2383,1077.4512,66.4000,16.0836,15.7064,10.2195,14.3073,20.439,30.6585,30.6585,40.8781,12.2634,0.0,2.142857,2.857143,1.123995,29,71,8,4,0.99416907,0.08956361,0.08422378,0E-8,0.000000,0.912397,0.988060,0.91577622,2026-04-22,2026-07-19,5,149,91,89,0.056180,1.024019,1.000140,3.313897,,,,,,,,GLOBAL_BASELINE_NO_ENTITY_RANKING,,,NOT_APPLICABLE_GLOBAL_BASELINE,HF9g-P5,,,,X 全窗基线 · 不参与实体赏罚,8393876,840,A168_HF9F_20260827_0900,2026-08-27 09:00:00
2026-07-17,149014958,1966,0,40.8780607448,-40.8780607448,-40.8780607448,0E-7,1,1,0.50665070000000000,0.506650700000,-1.013391052207602,-1.013391052207602,-1.013391052207602,0E-17,ELIGIBLE,R03b_20260811_FULL_v1,L1_ELIGIBILITY,v2026-08-11,2026-03-21..2026-08-06,baccarat_bet02_101_all_pairs_incl_sentinel,round_win = game_pnl > 0 (decisive only),COMPATIBILITY_ONLY_NOT_PRODUCTION,5387.2562,4915.3190,482.5021,335,332,-0.08956361,-0.08422378,-1.00000000,-0.08956361,-482.5021,5387.2562,OK,0.0000,19.3001,4.0000,96.0000,AG03-UNRESOLVED,ALL5_LEVELS_bet23_to_bet27,19.3001,19.3001,19.3001,28.9501,28.9501,4.000000,4.000000,4.000000,6.000000,6.000000,96.000000,96.000000,96.000000,94.000000,94.000000,5.0,115.8005,105.3048,366.7016,377.1974,PENDING_AG03,FALSE,NOT_FOR_ENFORCEMENT,463.2020,4718.7063,482.5021,463.2020,19.3001,0.08956361,0.08598107,19.3001,463.2020,0.08598107,19.3001,19.3001,19.3001,28.9501,28.9501,463.2020,0.08598107,115.8005,105.3048,366.7016,377.1974,0.06806835,0.0700166,0.00358254,16.0814,14.8052,1.4533,96.5004,3.2383,1077.4512,66.4000,16.0836,15.7064,10.2195,14.3073,20.439,30.6585,30.6585,40.8781,12.2634,0.0,2.142857,2.857143,1.123995,29,71,8,4,0.99416907,0.08956361,0.08422378,0E-8,0.000000,0.912397,0.988060,0.91577622,2026-04-22,2026-07-19,5,149,91,89,0.056180,1.024019,1.000140,3.313897,,,,,,,,GLOBAL_BASELINE_NO_ENTITY_RANKING,,,NOT_APPLICABLE_GLOBAL_BASELINE,HF9g-P5,,,,X 全窗基线 · 不参与实体赏罚,8393877,840,A168_HF9F_20260827_0900,2026-08-27 09:00:00
2026-07-17,149014958,1985,0,51.0975759311,-25.5487879655,-25.5487879655,0.4000000,5,5,0.50128862000000000,0.501288620000,-0.4529779837142727,-0.4529779837142727,-0.4529779837142727,0E-17,ELIGIBLE,R03b_20260811_FULL_v1,L1_ELIGIBILITY,v2026-08-11,2026-03-21..2026-08-06,baccarat_bet02_101_all_pairs_incl_sentinel,round_win = game_pnl > 0 (decisive only),COMPATIBILITY_ONLY_NOT_PRODUCTION,5387.2562,4915.3190,482.5021,335,332,-0.08956361,-0.08422378,-1.00000000,-0.08956361,-482.5021,5387.2562,OK,0.0000,19.3001,4.0000,96.0000,AG03-UNRESOLVED,ALL5_LEVELS_bet23_to_bet27,19.3001,19.3001,19.3001,28.9501,28.9501,4.000000,4.000000,4.000000,6.000000,6.000000,96.000000,96.000000,96.000000,94.000000,94.000000,5.0,115.8005,105.3048,366.7016,377.1974,PENDING_AG03,FALSE,NOT_FOR_ENFORCEMENT,463.2020,4718.7063,482.5021,463.2020,19.3001,0.08956361,0.08598107,19.3001,463.2020,0.08598107,19.3001,19.3001,19.3001,28.9501,28.9501,463.2020,0.08598107,115.8005,105.3048,366.7016,377.1974,0.06806835,0.0700166,0.00358254,16.0814,14.8052,1.4533,96.5004,3.2383,1077.4512,66.4000,16.0836,15.7064,10.2195,14.3073,20.439,30.6585,30.6585,40.8781,12.2634,0.0,2.142857,2.857143,1.123995,29,71,8,4,0.99416907,0.08956361,0.08422378,0E-8,0.000000,0.912397,0.988060,0.91577622,2026-04-22,2026-07-19,5,149,91,89,0.056180,1.024019,1.000140,3.313897,,,,,,,,GLOBAL_BASELINE_NO_ENTITY_RANKING,,,NOT_APPLICABLE_GLOBAL_BASELINE,HF9g-P5,,,,X 全窗基线 · 不参与实体赏罚,8393878,840,A168_HF9F_20260827_0900,2026-08-27 09:00:00
2026-07-17,149014958,1994,0,92.3844172833,7.2558557821,7.2558557821,0.6000000,5,5,0.50665070000000000,0.506650700000,0.4175076967804994,0.4175076967804994,0.4175076967804994,0E-17,ELIGIBLE,R03b_20260811_FULL_v1,L1_ELIGIBILITY,v2026-08-11,2026-03-21..2026-08-06,baccarat_bet02_101_all_pairs_incl_sentinel,round_win = game_pnl > 0 (decisive only),COMPATIBILITY_ONLY_NOT_PRODUCTION,5387.2562,4915.3190,482.5021,335,332,-0.08956361,-0.08422378,-1.00000000,-0.08956361,-482.5021,5387.2562,OK,0.0000,19.3001,4.0000,96.0000,AG03-UNRESOLVED,ALL5_LEVELS_bet23_to_bet27,19.3001,19.3001,19.3001,28.9501,28.9501,4.000000,4.000000,4.000000,6.000000,6.000000,96.000000,96.000000,96.000000,94.000000,94.000000,5.0,115.8005,105.3048,366.7016,377.1974,PENDING_AG03,FALSE,NOT_FOR_ENFORCEMENT,463.2020,4718.7063,482.5021,463.2020,19.3001,0.08956361,0.08598107,19.3001,463.2020,0.08598107,19.3001,19.3001,19.3001,28.9501,28.9501,463.2020,0.08598107,115.8005,105.3048,366.7016,377.1974,0.06806835,0.0700166,0.00358254,16.0814,14.8052,1.4533,96.5004,3.2383,1077.4512,66.4000,16.0836,15.7064,10.2195,14.3073,20.439,30.6585,30.6585,40.8781,12.2634,0.0,2.142857,2.857143,1.123995,29,71,8,4,0.99416907,0.08956361,0.08422378,0E-8,0.000000,0.912397,0.988060,0.91577622,2026-04-22,2026-07-19,5,149,91,89,0.056180,1.024019,1.000140,3.313897,,,,,,,,GLOBAL_BASELINE_NO_ENTITY_RANKING,,,NOT_APPLICABLE_GLOBAL_BASELINE,HF9g-P5,,,,X 全窗基线 · 不参与实体赏罚,8393879,840,A168_HF9F_20260827_0900,2026-08-27 09:00:00
2026-07-17,149014958,2075,0,67.4488002289,47.0097698565,47.0097698565,0.7500000,4,4,0.50329940000000000,0.503299400000,0.9868238854431842,0.9868238854431842,0.9868238854431842,0E-17,ELIGIBLE,R03b_20260811_FULL_v1,L1_ELIGIBILITY,v2026-08-11,2026-03-21..2026-08-06,baccarat_bet02_101_all_pairs_incl_sentinel,round_win = game_pnl > 0 (decisive only),COMPATIBILITY_ONLY_NOT_PRODUCTION,5387.2562,4915.3190,482.5021,335,332,-0.08956361,-0.08422378,-1.00000000,-0.08956361,-482.5021,5387.2562,OK,0.0000,19.3001,4.0000,96.0000,AG03-UNRESOLVED,ALL5_LEVELS_bet23_to_bet27,19.3001,19.3001,19.3001,28.9501,28.9501,4.000000,4.000000,4.000000,6.000000,6.000000,96.000000,96.000000,96.000000,94.000000,94.000000,5.0,115.8005,105.3048,366.7016,377.1974,PENDING_AG03,FALSE,NOT_FOR_ENFORCEMENT,463.2020,4718.7063,482.5021,463.2020,19.3001,0.08956361,0.08598107,19.3001,463.2020,0.08598107,19.3001,19.3001,19.3001,28.9501,28.9501,463.2020,0.08598107,115.8005,105.3048,366.7016,377.1974,0.06806835,0.0700166,0.00358254,16.0814,14.8052,1.4533,96.5004,3.2383,1077.4512,66.4000,16.0836,15.7064,10.2195,14.3073,20.439,30.6585,30.6585,40.8781,12.2634,0.0,2.142857,2.857143,1.123995,29,71,8,4,0.99416907,0.08956361,0.08422378,0E-8,0.000000,0.912397,0.988060,0.91577622,2026-04-22,2026-07-19,5,149,91,89,0.056180,1.024019,1.000140,3.313897,,,,,,,,GLOBAL_BASELINE_NO_ENTITY_RANKING,,,NOT_APPLICABLE_GLOBAL_BASELINE,HF9g-P5,,,,X 全窗基线 · 不参与实体赏罚,8393880,840,A168_HF9F_20260827_0900,2026-08-27 09:00:00
2026-07-17,149014958,2103,0,36.7902546704,28.6146425214,28.6146425214,1.0000000,3,3,0.49771390000000000,0.497713900000,1.4206944795187548,1.420694479518755,1.4206944795187548,0E-17,ELIGIBLE,R03b_20260811_FULL_v1,L1_ELIGIBILITY,v2026-08-11,2026-03-21..2026-08-06,baccarat_bet02_101_all_pairs_incl_sentinel,round_win = game_pnl > 0 (decisive only),COMPATIBILITY_ONLY_NOT_PRODUCTION,5387.2562,4915.3190,482.5021,335,332,-0.08956361,-0.08422378,-1.00000000,-0.08956361,-482.5021,5387.2562,OK,0.0000,19.3001,4.0000,96.0000,AG03-UNRESOLVED,ALL5_LEVELS_bet23_to_bet27,19.3001,19.3001,19.3001,28.9501,28.9501,4.000000,4.000000,4.000000,6.000000,6.000000,96.000000,96.000000,96.000000,94.000000,94.000000,5.0,115.8005,105.3048,366.7016,377.1974,PENDING_AG03,FALSE,NOT_FOR_ENFORCEMENT,463.2020,4718.7063,482.5021,463.2020,19.3001,0.08956361,0.08598107,19.3001,463.2020,0.08598107,19.3001,19.3001,19.3001,28.9501,28.9501,463.2020,0.08598107,115.8005,105.3048,366.7016,377.1974,0.06806835,0.0700166,0.00358254,16.0814,14.8052,1.4533,96.5004,3.2383,1077.4512,66.4000,16.0836,15.7064,10.2195,14.3073,20.439,30.6585,30.6585,40.8781,12.2634,0.0,2.142857,2.857143,1.123995,29,71,8,4,0.99416907,0.08956361,0.08422378,0E-8,0.000000,0.912397,0.988060,0.91577622,2026-04-22,2026-07-19,5,149,91,89,0.056180,1.024019,1.000140,3.313897,,,,,,,,GLOBAL_BASELINE_NO_ENTITY_RANKING,,,NOT_APPLICABLE_GLOBAL_BASELINE,HF9g-P5,,,,X 全窗基线 · 不参与实体赏罚,8393881,840,A168_HF9F_20260827_0900,2026-08-27 09:00:00
2026-07-17,149014958,2115,0,6.1317091117,6.1317091117,6.1317091117,1.0000000,1,1,0.49324550000000000,0.493245500000,1.01360149184955,1.01360149184955,1.01360149184955,0E-17,ELIGIBLE,R03b_20260811_FULL_v1,L1_ELIGIBILITY,v2026-08-11,2026-03-21..2026-08-06,baccarat_bet02_101_all_pairs_incl_sentinel,round_win = game_pnl > 0 (decisive only),COMPATIBILITY_ONLY_NOT_PRODUCTION,5387.2562,4915.3190,482.5021,335,332,-0.08956361,-0.08422378,-1.00000000,-0.08956361,-482.5021,5387.2562,OK,0.0000,19.3001,4.0000,96.0000,AG03-UNRESOLVED,ALL5_LEVELS_bet23_to_bet27,19.3001,19.3001,19.3001,28.9501,28.9501,4.000000,4.000000,4.000000,6.000000,6.000000,96.000000,96.000000,96.000000,94.000000,94.000000,5.0,115.8005,105.3048,366.7016,377.1974,PENDING_AG03,FALSE,NOT_FOR_ENFORCEMENT,463.2020,4718.7063,482.5021,463.2020,19.3001,0.08956361,0.08598107,19.3001,463.2020,0.08598107,19.3001,19.3001,19.3001,28.9501,28.9501,463.2020,0.08598107,115.8005,105.3048,366.7016,377.1974,0.06806835,0.0700166,0.00358254,16.0814,14.8052,1.4533,96.5004,3.2383,1077.4512,66.4000,16.0836,15.7064,10.2195,14.3073,20.439,30.6585,30.6585,40.8781,12.2634,0.0,2.142857,2.857143,1.123995,29,71,8,4,0.99416907,0.08956361,0.08422378,0E-8,0.000000,0.912397,0.988060,0.91577622,2026-04-22,2026-07-19,5,149,91,89,0.056180,1.024019,1.000140,3.313897,,,,,,,,GLOBAL_BASELINE_NO_ENTITY_RANKING,,,NOT_APPLICABLE_GLOBAL_BASELINE,HF9g-P5,,,,X 全窗基线 · 不参与实体赏罚,8393882,840,A168_HF9F_20260827_0900,2026-08-27 09:00:00
2026-07-17,149014958,2152,0,36.7902546702,-12.2634182234,-12.2634182234,0.5000000,4,4,0.49994810000000000,0.499948100000,0.00020760000111838688,0.00020760000111838688,0.00020760000111838688,0E-17,ELIGIBLE,R03b_20260811_FULL_v1,L1_ELIGIBILITY,v2026-08-11,2026-03-21..2026-08-06,baccarat_bet02_101_all_pairs_incl_sentinel,round_win = game_pnl > 0 (decisive only),COMPATIBILITY_ONLY_NOT_PRODUCTION,5387.2562,4915.3190,482.5021,335,332,-0.08956361,-0.08422378,-1.00000000,-0.08956361,-482.5021,5387.2562,OK,0.0000,19.3001,4.0000,96.0000,AG03-UNRESOLVED,ALL5_LEVELS_bet23_to_bet27,19.3001,19.3001,19.3001,28.9501,28.9501,4.000000,4.000000,4.000000,6.000000,6.000000,96.000000,96.000000,96.000000,94.000000,94.000000,5.0,115.8005,105.3048,366.7016,377.1974,PENDING_AG03,FALSE,NOT_FOR_ENFORCEMENT,463.2020,4718.7063,482.5021,463.2020,19.3001,0.08956361,0.08598107,19.3001,463.2020,0.08598107,19.3001,19.3001,19.3001,28.9501,28.9501,463.2020,0.08598107,115.8005,105.3048,366.7016,377.1974,0.06806835,0.0700166,0.00358254,16.0814,14.8052,1.4533,96.5004,3.2383,1077.4512,66.4000,16.0836,15.7064,10.2195,14.3073,20.439,30.6585,30.6585,40.8781,12.2634,0.0,2.142857,2.857143,1.123995,29,71,8,4,0.99416907,0.08956361,0.08422378,0E-8,0.000000,0.912397,0.988060,0.91577622,2026-04-22,2026-07-19,5,149,91,89,0.056180,1.024019,1.000140,3.313897,,,,,,,,GLOBAL_BASELINE_NO_ENTITY_RANKING,,,NOT_APPLICABLE_GLOBAL_BASELINE,HF9g-P5,,,,X 全窗基线 · 不参与实体赏罚,8393883,840,A168_HF9F_20260827_0900,2026-08-27 09:00:00
2026-07-17,149014958,2174,0,8.1756121490,-8.1756121490,-8.1756121490,0E-7,1,1,0.50665070000000000,0.506650700000,-1.013391052207602,-1.013391052207602,-1.013391052207602,0E-17,ELIGIBLE,R03b_20260811_FULL_v1,L1_ELIGIBILITY,v2026-08-11,2026-03-21..2026-08-06,baccarat_bet02_101_all_pairs_incl_sentinel,round_win = game_pnl > 0 (decisive only),COMPATIBILITY_ONLY_NOT_PRODUCTION,5387.2562,4915.3190,482.5021,335,332,-0.08956361,-0.08422378,-1.00000000,-0.08956361,-482.5021,5387.2562,OK,0.0000,19.3001,4.0000,96.0000,AG03-UNRESOLVED,ALL5_LEVELS_bet23_to_bet27,19.3001,19.3001,19.3001,28.9501,28.9501,4.000000,4.000000,4.000000,6.000000,6.000000,96.000000,96.000000,96.000000,94.000000,94.000000,5.0,115.8005,105.3048,366.7016,377.1974,PENDING_AG03,FALSE,NOT_FOR_ENFORCEMENT,463.2020,4718.7063,482.5021,463.2020,19.3001,0.08956361,0.08598107,19.3001,463.2020,0.08598107,19.3001,19.3001,19.3001,28.9501,28.9501,463.2020,0.08598107,115.8005,105.3048,366.7016,377.1974,0.06806835,0.0700166,0.00358254,16.0814,14.8052,1.4533,96.5004,3.2383,1077.4512,66.4000,16.0836,15.7064,10.2195,14.3073,20.439,30.6585,30.6585,40.8781,12.2634,0.0,2.142857,2.857143,1.123995,29,71,8,4,0.99416907,0.08956361,0.08422378,0E-8,0.000000,0.912397,0.988060,0.91577622,2026-04-22,2026-07-19,5,149,91,89,0.056180,1.024019,1.000140,3.313897,,,,,,,,GLOBAL_BASELINE_NO_ENTITY_RANKING,,,NOT_APPLICABLE_GLOBAL_BASELINE,HF9g-P5,,,,X 全窗基线 · 不参与实体赏罚,8393884,840,A168_HF9F_20260827_0900,2026-08-27 09:00:00
2026-07-17,149014958,2212,0,44.9658668193,24.5268364469,24.5268364469,0.5000000,2,2,0.49994810000000000,0.499948100000,0.00014679536856514622,0.00014679536856514622,0.00014679536856514622,0E-17,ELIGIBLE,R03b_20260811_FULL_v1,L1_ELIGIBILITY,v2026-08-11,2026-03-21..2026-08-06,baccarat_bet02_101_all_pairs_incl_sentinel,round_win = game_pnl > 0 (decisive only),COMPATIBILITY_ONLY_NOT_PRODUCTION,5387.2562,4915.3190,482.5021,335,332,-0.08956361,-0.08422378,-1.00000000,-0.08956361,-482.5021,5387.2562,OK,0.0000,19.3001,4.0000,96.0000,AG03-UNRESOLVED,ALL5_LEVELS_bet23_to_bet27,19.3001,19.3001,19.3001,28.9501,28.9501,4.000000,4.000000,4.000000,6.000000,6.000000,96.000000,96.000000,96.000000,94.000000,94.000000,5.0,115.8005,105.3048,366.7016,377.1974,PENDING_AG03,FALSE,NOT_FOR_ENFORCEMENT,463.2020,4718.7063,482.5021,463.2020,19.3001,0.08956361,0.08598107,19.3001,463.2020,0.08598107,19.3001,19.3001,19.3001,28.9501,28.9501,463.2020,0.08598107,115.8005,105.3048,366.7016,377.1974,0.06806835,0.0700166,0.00358254,16.0814,14.8052,1.4533,96.5004,3.2383,1077.4512,66.4000,16.0836,15.7064,10.2195,14.3073,20.439,30.6585,30.6585,40.8781,12.2634,0.0,2.142857,2.857143,1.123995,29,71,8,4,0.99416907,0.08956361,0.08422378,0E-8,0.000000,0.912397,0.988060,0.91577622,2026-04-22,2026-07-19,5,149,91,89,0.056180,1.024019,1.000140,3.313897,,,,,,,,GLOBAL_BASELINE_NO_ENTITY_RANKING,,,NOT_APPLICABLE_GLOBAL_BASELINE,HF9g-P5,,,,X 全窗基线 · 不参与实体赏罚,8393885,840,A168_HF9F_20260827_0900,2026-08-27 09:00:00
2026-07-17,149014958,2222,0,32.7024485959,-6.1317091117,-6.1317091117,0.3333333,4,4,0.50329940000000000,0.503299400000,-0.5887925454369916,-0.5887925454369916,-0.5887925454369916,0E-17,ELIGIBLE,R03b_20260811_FULL_v1,L1_ELIGIBILITY,v2026-08-11,2026-03-21..2026-08-06,baccarat_bet02_101_all_pairs_incl_sentinel,round_win = game_pnl > 0 (decisive only),COMPATIBILITY_ONLY_NOT_PRODUCTION,5387.2562,4915.3190,482.5021,335,332,-0.08956361,-0.08422378,-1.00000000,-0.08956361,-482.5021,5387.2562,OK,0.0000,19.3001,4.0000,96.0000,AG03-UNRESOLVED,ALL5_LEVELS_bet23_to_bet27,19.3001,19.3001,19.3001,28.9501,28.9501,4.000000,4.000000,4.000000,6.000000,6.000000,96.000000,96.000000,96.000000,94.000000,94.000000,5.0,115.8005,105.3048,366.7016,377.1974,PENDING_AG03,FALSE,NOT_FOR_ENFORCEMENT,463.2020,4718.7063,482.5021,463.2020,19.3001,0.08956361,0.08598107,19.3001,463.2020,0.08598107,19.3001,19.3001,19.3001,28.9501,28.9501,463.2020,0.08598107,115.8005,105.3048,366.7016,377.1974,0.06806835,0.0700166,0.00358254,16.0814,14.8052,1.4533,96.5004,3.2383,1077.4512,66.4000,16.0836,15.7064,10.2195,14.3073,20.439,30.6585,30.6585,40.8781,12.2634,0.0,2.142857,2.857143,1.123995,29,71,8,4,0.99416907,0.08956361,0.08422378,0E-8,0.000000,0.912397,0.988060,0.91577622,2026-04-22,2026-07-19,5,149,91,89,0.056180,1.024019,1.000140,3.313897,,,,,,,,GLOBAL_BASELINE_NO_ENTITY_RANKING,,,NOT_APPLICABLE_GLOBAL_BASELINE,HF9g-P5,,,,X 全窗基线 · 不参与实体赏罚,8393886,840,A168_HF9F_20260827_0900,2026-08-27 09:00:00
2026-07-17,149014958,2233,0,16.3512242979,-10.2195151862,-10.2195151862,0E-7,2,2,0.49994810000000000,0.499948100000,-0.9998962053866608,-0.9998962053866608,-0.9998962053866608,0E-17,ELIGIBLE,R03b_20260811_FULL_v1,L1_ELIGIBILITY,v2026-08-11,2026-03-21..2026-08-06,baccarat_bet02_101_all_pairs_incl_sentinel,round_win = game_pnl > 0 (decisive only),COMPATIBILITY_ONLY_NOT_PRODUCTION,5387.2562,4915.3190,482.5021,335,332,-0.08956361,-0.08422378,-1.00000000,-0.08956361,-482.5021,5387.2562,OK,0.0000,19.3001,4.0000,96.0000,AG03-UNRESOLVED,ALL5_LEVELS_bet23_to_bet27,19.3001,19.3001,19.3001,28.9501,28.9501,4.000000,4.000000,4.000000,6.000000,6.000000,96.000000,96.000000,96.000000,94.000000,94.000000,5.0,115.8005,105.3048,366.7016,377.1974,PENDING_AG03,FALSE,NOT_FOR_ENFORCEMENT,463.2020,4718.7063,482.5021,463.2020,19.3001,0.08956361,0.08598107,19.3001,463.2020,0.08598107,19.3001,19.3001,19.3001,28.9501,28.9501,463.2020,0.08598107,115.8005,105.3048,366.7016,377.1974,0.06806835,0.0700166,0.00358254,16.0814,14.8052,1.4533,96.5004,3.2383,1077.4512,66.4000,16.0836,15.7064,10.2195,14.3073,20.439,30.6585,30.6585,40.8781,12.2634,0.0,2.142857,2.857143,1.123995,29,71,8,4,0.99416907,0.08956361,0.08422378,0E-8,0.000000,0.912397,0.988060,0.91577622,2026-04-22,2026-07-19,5,149,91,89,0.056180,1.024019,1.000140,3.313897,,,,,,,,GLOBAL_BASELINE_NO_ENTITY_RANKING,,,NOT_APPLICABLE_GLOBAL_BASELINE,HF9g-P5,,,,X 全窗基线 · 不参与实体赏罚,8393887,840,A168_HF9F_20260827_0900,2026-08-27 09:00:00
2026-07-17,149014958,2242,0,83.8000245268,-47.0097698565,-47.0097698565,0E-7,3,3,0.49771390000000000,0.497713900000,-1.4077622098436522,-1.4077622098436524,-1.4077622098436522,0E-17,ELIGIBLE,R03b_20260811_FULL_v1,L1_ELIGIBILITY,v2026-08-11,2026-03-21..2026-08-06,baccarat_bet02_101_all_pairs_incl_sentinel,round_win = game_pnl > 0 (decisive only),COMPATIBILITY_ONLY_NOT_PRODUCTION,5387.2562,4915.3190,482.5021,335,332,-0.08956361,-0.08422378,-1.00000000,-0.08956361,-482.5021,5387.2562,OK,0.0000,19.3001,4.0000,96.0000,AG03-UNRESOLVED,ALL5_LEVELS_bet23_to_bet27,19.3001,19.3001,19.3001,28.9501,28.9501,4.000000,4.000000,4.000000,6.000000,6.000000,96.000000,96.000000,96.000000,94.000000,94.000000,5.0,115.8005,105.3048,366.7016,377.1974,PENDING_AG03,FALSE,NOT_FOR_ENFORCEMENT,463.2020,4718.7063,482.5021,463.2020,19.3001,0.08956361,0.08598107,19.3001,463.2020,0.08598107,19.3001,19.3001,19.3001,28.9501,28.9501,463.2020,0.08598107,115.8005,105.3048,366.7016,377.1974,0.06806835,0.0700166,0.00358254,16.0814,14.8052,1.4533,96.5004,3.2383,1077.4512,66.4000,16.0836,15.7064,10.2195,14.3073,20.439,30.6585,30.6585,40.8781,12.2634,0.0,2.142857,2.857143,1.123995,29,71,8,4,0.99416907,0.08956361,0.08422378,0E-8,0.000000,0.912397,0.988060,0.91577622,2026-04-22,2026-07-19,5,149,91,89,0.056180,1.024019,1.000140,3.313897,,,,,,,,GLOBAL_BASELINE_NO_ENTITY_RANKING,,,NOT_APPLICABLE_GLOBAL_BASELINE,HF9g-P5,,,,X 全窗基线 · 不参与实体赏罚,8393888,840,A168_HF9F_20260827_0900,2026-08-27 09:00:00
2026-07-17,149014958,2258,0,73.5805093406,-47.0097698565,-47.0097698565,0.3333333,4,4,0.50329940000000000,0.503299400000,-0.5887925454369916,-0.5887925454369916,-0.5887925454369916,0E-17,ELIGIBLE,R03b_20260811_FULL_v1,L1_ELIGIBILITY,v2026-08-11,2026-03-21..2026-08-06,baccarat_bet02_101_all_pairs_incl_sentinel,round_win = game_pnl > 0 (decisive only),COMPATIBILITY_ONLY_NOT_PRODUCTION,5387.2562,4915.3190,482.5021,335,332,-0.08956361,-0.08422378,-1.00000000,-0.08956361,-482.5021,5387.2562,OK,0.0000,19.3001,4.0000,96.0000,AG03-UNRESOLVED,ALL5_LEVELS_bet23_to_bet27,19.3001,19.3001,19.3001,28.9501,28.9501,4.000000,4.000000,4.000000,6.000000,6.000000,96.000000,96.000000,96.000000,94.000000,94.000000,5.0,115.8005,105.3048,366.7016,377.1974,PENDING_AG03,FALSE,NOT_FOR_ENFORCEMENT,463.2020,4718.7063,482.5021,463.2020,19.3001,0.08956361,0.08598107,19.3001,463.2020,0.08598107,19.3001,19.3001,19.3001,28.9501,28.9501,463.2020,0.08598107,115.8005,105.3048,366.7016,377.1974,0.06806835,0.0700166,0.00358254,16.0814,14.8052,1.4533,96.5004,3.2383,1077.4512,66.4000,16.0836,15.7064,10.2195,14.3073,20.439,30.6585,30.6585,40.8781,12.2634,0.0,2.142857,2.857143,1.123995,29,71,8,4,0.99416907,0.08956361,0.08422378,0E-8,0.000000,0.912397,0.988060,0.91577622,2026-04-22,2026-07-19,5,149,91,89,0.056180,1.024019,1.000140,3.313897,,,,,,,,GLOBAL_BASELINE_NO_ENTITY_RANKING,,,NOT_APPLICABLE_GLOBAL_BASELINE,HF9g-P5,,,,X 全窗基线 · 不参与实体赏罚,8393889,840,A168_HF9F_20260827_0900,2026-08-27 09:00:00
2026-07-17,149014958,2266,0,38.8341577076,-38.8341577076,-38.8341577076,0E-7,3,3,0.49771390000000000,0.497713900000,-1.724149546644903,-1.724149546644903,-1.724149546644903,0E-17,ELIGIBLE,R03b_20260811_FULL_v1,L1_ELIGIBILITY,v2026-08-11,2026-03-21..2026-08-06,baccarat_bet02_101_all_pairs_incl_sentinel,round_win = game_pnl > 0 (decisive only),COMPATIBILITY_ONLY_NOT_PRODUCTION,5387.2562,4915.3190,482.5021,335,332,-0.08956361,-0.08422378,-1.00000000,-0.08956361,-482.5021,5387.2562,OK,0.0000,19.3001,4.0000,96.0000,AG03-UNRESOLVED,ALL5_LEVELS_bet23_to_bet27,19.3001,19.3001,19.3001,28.9501,28.9501,4.000000,4.000000,4.000000,6.000000,6.000000,96.000000,96.000000,96.000000,94.000000,94.000000,5.0,115.8005,105.3048,366.7016,377.1974,PENDING_AG03,FALSE,NOT_FOR_ENFORCEMENT,463.2020,4718.7063,482.5021,463.2020,19.3001,0.08956361,0.08598107,19.3001,463.2020,0.08598107,19.3001,19.3001,19.3001,28.9501,28.9501,463.2020,0.08598107,115.8005,105.3048,366.7016,377.1974,0.06806835,0.0700166,0.00358254,16.0814,14.8052,1.4533,96.5004,3.2383,1077.4512,66.4000,16.0836,15.7064,10.2195,14.3073,20.439,30.6585,30.6585,40.8781,12.2634,0.0,2.142857,2.857143,1.123995,29,71,8,4,0.99416907,0.08956361,0.08422378,0E-8,0.000000,0.912397,0.988060,0.91577622,2026-04-22,2026-07-19,5,149,91,89,0.056180,1.024019,1.000140,3.313897,,,,,,,,GLOBAL_BASELINE_NO_ENTITY_RANKING,,,NOT_APPLICABLE_GLOBAL_BASELINE,HF9g-P5,,,,X 全窗基线 · 不参与实体赏罚,8393890,840,A168_HF9F_20260827_0900,2026-08-27 09:00:00
2026-07-17,149014958,2267,0,6.1317091117,6.1317091117,6.1317091117,1.0000000,1,1,0.49324550000000000,0.493245500000,1.01360149184955,1.01360149184955,1.01360149184955,0E-17,ELIGIBLE,R03b_20260811_FULL_v1,L1_ELIGIBILITY,v2026-08-11,2026-03-21..2026-08-06,baccarat_bet02_101_all_pairs_incl_sentinel,round_win = game_pnl > 0 (decisive only),COMPATIBILITY_ONLY_NOT_PRODUCTION,5387.2562,4915.3190,482.5021,335,332,-0.08956361,-0.08422378,-1.00000000,-0.08956361,-482.5021,5387.2562,OK,0.0000,19.3001,4.0000,96.0000,AG03-UNRESOLVED,ALL5_LEVELS_bet23_to_bet27,19.3001,19.3001,19.3001,28.9501,28.9501,4.000000,4.000000,4.000000,6.000000,6.000000,96.000000,96.000000,96.000000,94.000000,94.000000,5.0,115.8005,105.3048,366.7016,377.1974,PENDING_AG03,FALSE,NOT_FOR_ENFORCEMENT,463.2020,4718.7063,482.5021,463.2020,19.3001,0.08956361,0.08598107,19.3001,463.2020,0.08598107,19.3001,19.3001,19.3001,28.9501,28.9501,463.2020,0.08598107,115.8005,105.3048,366.7016,377.1974,0.06806835,0.0700166,0.00358254,16.0814,14.8052,1.4533,96.5004,3.2383,1077.4512,66.4000,16.0836,15.7064,10.2195,14.3073,20.439,30.6585,30.6585,40.8781,12.2634,0.0,2.142857,2.857143,1.123995,29,71,8,4,0.99416907,0.08956361,0.08422378,0E-8,0.000000,0.912397,0.988060,0.91577622,2026-04-22,2026-07-19,5,149,91,89,0.056180,1.024019,1.000140,3.313897,,,,,,,,GLOBAL_BASELINE_NO_ENTITY_RANKING,,,NOT_APPLICABLE_GLOBAL_BASELINE,HF9g-P5,,,,X 全窗基线 · 不参与实体赏罚,8393891,840,A168_HF9F_20260827_0900,2026-08-27 09:00:00
2026-07-17,149014958,2278,0,10.2195151862,10.2195151862,10.2195151862,1.0000000,1,1,0.49324550000000000,0.493245500000,1.01360149184955,1.01360149184955,1.01360149184955,0E-17,ELIGIBLE,R03b_20260811_FULL_v1,L1_ELIGIBILITY,v2026-08-11,2026-03-21..2026-08-06,baccarat_bet02_101_all_pairs_incl_sentinel,round_win = game_pnl > 0 (decisive only),COMPATIBILITY_ONLY_NOT_PRODUCTION,5387.2562,4915.3190,482.5021,335,332,-0.08956361,-0.08422378,-1.00000000,-0.08956361,-482.5021,5387.2562,OK,0.0000,19.3001,4.0000,96.0000,AG03-UNRESOLVED,ALL5_LEVELS_bet23_to_bet27,19.3001,19.3001,19.3001,28.9501,28.9501,4.000000,4.000000,4.000000,6.000000,6.000000,96.000000,96.000000,96.000000,94.000000,94.000000,5.0,115.8005,105.3048,366.7016,377.1974,PENDING_AG03,FALSE,NOT_FOR_ENFORCEMENT,463.2020,4718.7063,482.5021,463.2020,19.3001,0.08956361,0.08598107,19.3001,463.2020,0.08598107,19.3001,19.3001,19.3001,28.9501,28.9501,463.2020,0.08598107,115.8005,105.3048,366.7016,377.1974,0.06806835,0.0700166,0.00358254,16.0814,14.8052,1.4533,96.5004,3.2383,1077.4512,66.4000,16.0836,15.7064,10.2195,14.3073,20.439,30.6585,30.6585,40.8781,12.2634,0.0,2.142857,2.857143,1.123995,29,71,8,4,0.99416907,0.08956361,0.08422378,0E-8,0.000000,0.912397,0.988060,0.91577622,2026-04-22,2026-07-19,5,149,91,89,0.056180,1.024019,1.000140,3.313897,,,,,,,,GLOBAL_BASELINE_NO_ENTITY_RANKING,,,NOT_APPLICABLE_GLOBAL_BASELINE,HF9g-P5,,,,X 全窗基线 · 不参与实体赏罚,8393892,840,A168_HF9F_20260827_0900,2026-08-27 09:00:00
2026-07-17,149014958,2281,0,28.6146425214,0E-10,0E-10,0.6666667,3,3,0.49324550000000000,0.493245500000,0.6008033672792107,0.6008033672792106,0.6008033672792107,0E-17,ELIGIBLE,R03b_20260811_FULL_v1,L1_ELIGIBILITY,v2026-08-11,2026-03-21..2026-08-06,baccarat_bet02_101_all_pairs_incl_sentinel,round_win = game_pnl > 0 (decisive only),COMPATIBILITY_ONLY_NOT_PRODUCTION,5387.2562,4915.3190,482.5021,335,332,-0.08956361,-0.08422378,-1.00000000,-0.08956361,-482.5021,5387.2562,OK,0.0000,19.3001,4.0000,96.0000,AG03-UNRESOLVED,ALL5_LEVELS_bet23_to_bet27,19.3001,19.3001,19.3001,28.9501,28.9501,4.000000,4.000000,4.000000,6.000000,6.000000,96.000000,96.000000,96.000000,94.000000,94.000000,5.0,115.8005,105.3048,366.7016,377.1974,PENDING_AG03,FALSE,NOT_FOR_ENFORCEMENT,463.2020,4718.7063,482.5021,463.2020,19.3001,0.08956361,0.08598107,19.3001,463.2020,0.08598107,19.3001,19.3001,19.3001,28.9501,28.9501,463.2020,0.08598107,115.8005,105.3048,366.7016,377.1974,0.06806835,0.0700166,0.00358254,16.0814,14.8052,1.4533,96.5004,3.2383,1077.4512,66.4000,16.0836,15.7064,10.2195,14.3073,20.439,30.6585,30.6585,40.8781,12.2634,0.0,2.142857,2.857143,1.123995,29,71,8,4,0.99416907,0.08956361,0.08422378,0E-8,0.000000,0.912397,0.988060,0.91577622,2026-04-22,2026-07-19,5,149,91,89,0.056180,1.024019,1.000140,3.313897,,,,,,,,GLOBAL_BASELINE_NO_ENTITY_RANKING,,,NOT_APPLICABLE_GLOBAL_BASELINE,HF9g-P5,,,,X 全窗基线 · 不参与实体赏罚,8393893,840,A168_HF9F_20260827_0900,2026-08-27 09:00:00
2026-07-17,149014958,550,0,22.4829334096,16.3512242979,16.3512242979,1.0000000,2,2,0.49994810000000000,0.499948100000,1.4143603653603398,1.4143603653603398,1.4143603653603398,0E-17,ELIGIBLE,R03b_20260811_FULL_v1,L1_ELIGIBILITY,v2026-08-11,2026-03-21..2026-08-06,baccarat_bet02_101_all_pairs_incl_sentinel,round_win = game_pnl > 0 (decisive only),COMPATIBILITY_ONLY_NOT_PRODUCTION,5387.2562,4915.3190,482.5021,335,332,-0.08956361,-0.08422378,-1.00000000,-0.08956361,-482.5021,5387.2562,OK,0.0000,19.3001,4.0000,96.0000,AG03-UNRESOLVED,ALL5_LEVELS_bet23_to_bet27,19.3001,19.3001,19.3001,28.9501,28.9501,4.000000,4.000000,4.000000,6.000000,6.000000,96.000000,96.000000,96.000000,94.000000,94.000000,5.0,115.8005,105.3048,366.7016,377.1974,PENDING_AG03,FALSE,NOT_FOR_ENFORCEMENT,463.2020,4718.7063,482.5021,463.2020,19.3001,0.08956361,0.08598107,19.3001,463.2020,0.08598107,19.3001,19.3001,19.3001,28.9501,28.9501,463.2020,0.08598107,115.8005,105.3048,366.7016,377.1974,0.06806835,0.0700166,0.00358254,16.0814,14.8052,1.4533,96.5004,3.2383,1077.4512,66.4000,16.0836,15.7064,10.2195,14.3073,20.439,30.6585,30.6585,40.8781,12.2634,0.0,2.142857,2.857143,1.123995,29,71,8,4,0.99416907,0.08956361,0.08422378,0E-8,0.000000,0.912397,0.988060,0.91577622,2026-04-22,2026-07-19,5,149,91,89,0.056180,1.024019,1.000140,3.313897,,,,,,,,GLOBAL_BASELINE_NO_ENTITY_RANKING,,,NOT_APPLICABLE_GLOBAL_BASELINE,HF9g-P5,,,,X 全窗基线 · 不参与实体赏罚,8393894,840,A168_HF9F_20260827_0900,2026-08-27 09:00:00
2026-07-17,149014958,752,0,40.8780607448,-40.8780607448,-40.8780607448,0E-7,2,2,0.50665070000000000,0.506650700000,-1.4331513700195317,-1.4331513700195317,-1.4331513700195317,0E-17,ELIGIBLE,R03b_20260811_FULL_v1,L1_ELIGIBILITY,v2026-08-11,2026-03-21..2026-08-06,baccarat_bet02_101_all_pairs_incl_sentinel,round_win = game_pnl > 0 (decisive only),COMPATIBILITY_ONLY_NOT_PRODUCTION,5387.2562,4915.3190,482.5021,335,332,-0.08956361,-0.08422378,-1.00000000,-0.08956361,-482.5021,5387.2562,OK,0.0000,19.3001,4.0000,96.0000,AG03-UNRESOLVED,ALL5_LEVELS_bet23_to_bet27,19.3001,19.3001,19.3001,28.9501,28.9501,4.000000,4.000000,4.000000,6.000000,6.000000,96.000000,96.000000,96.000000,94.000000,94.000000,5.0,115.8005,105.3048,366.7016,377.1974,PENDING_AG03,FALSE,NOT_FOR_ENFORCEMENT,463.2020,4718.7063,482.5021,463.2020,19.3001,0.08956361,0.08598107,19.3001,463.2020,0.08598107,19.3001,19.3001,19.3001,28.9501,28.9501,463.2020,0.08598107,115.8005,105.3048,366.7016,377.1974,0.06806835,0.0700166,0.00358254,16.0814,14.8052,1.4533,96.5004,3.2383,1077.4512,66.4000,16.0836,15.7064,10.2195,14.3073,20.439,30.6585,30.6585,40.8781,12.2634,0.0,2.142857,2.857143,1.123995,29,71,8,4,0.99416907,0.08956361,0.08422378,0E-8,0.000000,0.912397,0.988060,0.91577622,2026-04-22,2026-07-19,5,149,91,89,0.056180,1.024019,1.000140,3.313897,,,,,,,,GLOBAL_BASELINE_NO_ENTITY_RANKING,,,NOT_APPLICABLE_GLOBAL_BASELINE,HF9g-P5,,,,X 全窗基线 · 不参与实体赏罚,8393895,840,A168_HF9F_20260827_0900,2026-08-27 09:00:00
2026-07-17,149014958,772,0,14.3073212607,-14.3073212607,-14.3073212607,0E-7,1,1,0.50665070000000000,0.506650700000,-1.013391052207602,-1.013391052207602,-1.013391052207602,0E-17,ELIGIBLE,R03b_20260811_FULL_v1,L1_ELIGIBILITY,v2026-08-11,2026-03-21..2026-08-06,baccarat_bet02_101_all_pairs_incl_sentinel,round_win = game_pnl > 0 (decisive only),COMPATIBILITY_ONLY_NOT_PRODUCTION,5387.2562,4915.3190,482.5021,335,332,-0.08956361,-0.08422378,-1.00000000,-0.08956361,-482.5021,5387.2562,OK,0.0000,19.3001,4.0000,96.0000,AG03-UNRESOLVED,ALL5_LEVELS_bet23_to_bet27,19.3001,19.3001,19.3001,28.9501,28.9501,4.000000,4.000000,4.000000,6.000000,6.000000,96.000000,96.000000,96.000000,94.000000,94.000000,5.0,115.8005,105.3048,366.7016,377.1974,PENDING_AG03,FALSE,NOT_FOR_ENFORCEMENT,463.2020,4718.7063,482.5021,463.2020,19.3001,0.08956361,0.08598107,19.3001,463.2020,0.08598107,19.3001,19.3001,19.3001,28.9501,28.9501,463.2020,0.08598107,115.8005,105.3048,366.7016,377.1974,0.06806835,0.0700166,0.00358254,16.0814,14.8052,1.4533,96.5004,3.2383,1077.4512,66.4000,16.0836,15.7064,10.2195,14.3073,20.439,30.6585,30.6585,40.8781,12.2634,0.0,2.142857,2.857143,1.123995,29,71,8,4,0.99416907,0.08956361,0.08422378,0E-8,0.000000,0.912397,0.988060,0.91577622,2026-04-22,2026-07-19,5,149,91,89,0.056180,1.024019,1.000140,3.313897,,,,,,,,GLOBAL_BASELINE_NO_ENTITY_RANKING,,,NOT_APPLICABLE_GLOBAL_BASELINE,HF9g-P5,,,,X 全窗基线 · 不参与实体赏罚,8393896,840,A168_HF9F_20260827_0900,2026-08-27 09:00:00
2026-07-17,149014958,919,0,6.1317091117,6.1317091117,6.1317091117,1.0000000,1,1,0.50665070000000000,0.506650700000,0.9867858985152569,0.9867858985152569,0.9867858985152569,0E-17,ELIGIBLE,R03b_20260811_FULL_v1,L1_ELIGIBILITY,v2026-08-11,2026-03-21..2026-08-06,baccarat_bet02_101_all_pairs_incl_sentinel,round_win = game_pnl > 0 (decisive only),COMPATIBILITY_ONLY_NOT_PRODUCTION,5387.2562,4915.3190,482.5021,335,332,-0.08956361,-0.08422378,-1.00000000,-0.08956361,-482.5021,5387.2562,OK,0.0000,19.3001,4.0000,96.0000,AG03-UNRESOLVED,ALL5_LEVELS_bet23_to_bet27,19.3001,19.3001,19.3001,28.9501,28.9501,4.000000,4.000000,4.000000,6.000000,6.000000,96.000000,96.000000,96.000000,94.000000,94.000000,5.0,115.8005,105.3048,366.7016,377.1974,PENDING_AG03,FALSE,NOT_FOR_ENFORCEMENT,463.2020,4718.7063,482.5021,463.2020,19.3001,0.08956361,0.08598107,19.3001,463.2020,0.08598107,19.3001,19.3001,19.3001,28.9501,28.9501,463.2020,0.08598107,115.8005,105.3048,366.7016,377.1974,0.06806835,0.0700166,0.00358254,16.0814,14.8052,1.4533,96.5004,3.2383,1077.4512,66.4000,16.0836,15.7064,10.2195,14.3073,20.439,30.6585,30.6585,40.8781,12.2634,0.0,2.142857,2.857143,1.123995,29,71,8,4,0.99416907,0.08956361,0.08422378,0E-8,0.000000,0.912397,0.988060,0.91577622,2026-04-22,2026-07-19,5,149,91,89,0.056180,1.024019,1.000140,3.313897,,,,,,,,GLOBAL_BASELINE_NO_ENTITY_RANKING,,,NOT_APPLICABLE_GLOBAL_BASELINE,HF9g-P5,,,,X 全窗基线 · 不参与实体赏罚,8393897,840,A168_HF9F_20260827_0900,2026-08-27 09:00:00
2026-07-17,149014958,994,0,65.4048971917,44.9658668193,44.9658668193,0.6666667,3,3,0.49771390000000000,0.497713900000,0.5852756695216578,0.5852756695216578,0.5852756695216578,0E-17,ELIGIBLE,R03b_20260811_FULL_v1,L1_ELIGIBILITY,v2026-08-11,2026-03-21..2026-08-06,baccarat_bet02_101_all_pairs_incl_sentinel,round_win = game_pnl > 0 (decisive only),COMPATIBILITY_ONLY_NOT_PRODUCTION,5387.2562,4915.3190,482.5021,335,332,-0.08956361,-0.08422378,-1.00000000,-0.08956361,-482.5021,5387.2562,OK,0.0000,19.3001,4.0000,96.0000,AG03-UNRESOLVED,ALL5_LEVELS_bet23_to_bet27,19.3001,19.3001,19.3001,28.9501,28.9501,4.000000,4.000000,4.000000,6.000000,6.000000,96.000000,96.000000,96.000000,94.000000,94.000000,5.0,115.8005,105.3048,366.7016,377.1974,PENDING_AG03,FALSE,NOT_FOR_ENFORCEMENT,463.2020,4718.7063,482.5021,463.2020,19.3001,0.08956361,0.08598107,19.3001,463.2020,0.08598107,19.3001,19.3001,19.3001,28.9501,28.9501,463.2020,0.08598107,115.8005,105.3048,366.7016,377.1974,0.06806835,0.0700166,0.00358254,16.0814,14.8052,1.4533,96.5004,3.2383,1077.4512,66.4000,16.0836,15.7064,10.2195,14.3073,20.439,30.6585,30.6585,40.8781,12.2634,0.0,2.142857,2.857143,1.123995,29,71,8,4,0.99416907,0.08956361,0.08422378,0E-8,0.000000,0.912397,0.988060,0.91577622,2026-04-22,2026-07-19,5,149,91,89,0.056180,1.024019,1.000140,3.313897,,,,,,,,GLOBAL_BASELINE_NO_ENTITY_RANKING,,,NOT_APPLICABLE_GLOBAL_BASELINE,HF9g-P5,,,,X 全窗基线 · 不参与实体赏罚,8393898,840,A168_HF9F_20260827_0900,2026-08-27 09:00:00
2026-07-18,149014958,-1,1,257.7361729959,-167.8044393573,-167.8044393573,0.2222222,18,18,0.50143756666666667,0.501437566667,-2.369230554130164,-2.369230554132997,-2.369230554130164,-3.3333E-13,SENTINEL_DEALER,R03b_20260811_FULL_v1,L1_ELIGIBILITY,v2026-08-11,2026-03-21..2026-08-06,baccarat_bet02_101_all_pairs_incl_sentinel,round_win = game_pnl > 0 (decisive only),COMPATIBILITY_ONLY_NOT_PRODUCTION,5387.2562,4915.3190,482.5021,335,332,-0.08956361,-0.08422378,-1.00000000,-0.08956361,-482.5021,5387.2562,OK,0.0000,19.3001,4.0000,96.0000,AG03-UNRESOLVED,ALL5_LEVELS_bet23_to_bet27,19.3001,19.3001,19.3001,28.9501,28.9501,4.000000,4.000000,4.000000,6.000000,6.000000,96.000000,96.000000,96.000000,94.000000,94.000000,5.0,115.8005,105.3048,366.7016,377.1974,PENDING_AG03,FALSE,NOT_FOR_ENFORCEMENT,463.2020,4718.7063,482.5021,463.2020,19.3001,0.08956361,0.08598107,19.3001,463.2020,0.08598107,19.3001,19.3001,19.3001,28.9501,28.9501,463.2020,0.08598107,115.8005,105.3048,366.7016,377.1974,0.06806835,0.0700166,0.00358254,16.0814,14.8052,1.4533,96.5004,3.2383,1077.4512,66.4000,16.0836,15.7064,10.2195,14.3073,20.439,30.6585,30.6585,40.8781,12.2634,0.0,2.142857,2.857143,1.123995,29,71,8,4,0.99416907,0.08956361,0.08422378,0E-8,0.000000,0.912397,0.988060,0.91577622,2026-04-22,2026-07-19,5,149,91,89,0.056180,1.024019,1.000140,3.313897,,,,,,,,GLOBAL_BASELINE_NO_ENTITY_RANKING,,,NOT_APPLICABLE_GLOBAL_BASELINE,HF9g-P5,,,,X 全窗基线 · 不参与实体赏罚,8393899,840,A168_HF9F_20260827_0900,2026-08-27 09:00:00
2026-07-18,149014958,1109,0,10.2195151862,10.2195151862,10.2195151862,1.0000000,1,1,0.50665070000000000,0.506650700000,0.9867858985152569,0.9867858985152569,0.9867858985152569,0E-17,ELIGIBLE,R03b_20260811_FULL_v1,L1_ELIGIBILITY,v2026-08-11,2026-03-21..2026-08-06,baccarat_bet02_101_all_pairs_incl_sentinel,round_win = game_pnl > 0 (decisive only),COMPATIBILITY_ONLY_NOT_PRODUCTION,5387.2562,4915.3190,482.5021,335,332,-0.08956361,-0.08422378,-1.00000000,-0.08956361,-482.5021,5387.2562,OK,0.0000,19.3001,4.0000,96.0000,AG03-UNRESOLVED,ALL5_LEVELS_bet23_to_bet27,19.3001,19.3001,19.3001,28.9501,28.9501,4.000000,4.000000,4.000000,6.000000,6.000000,96.000000,96.000000,96.000000,94.000000,94.000000,5.0,115.8005,105.3048,366.7016,377.1974,PENDING_AG03,FALSE,NOT_FOR_ENFORCEMENT,463.2020,4718.7063,482.5021,463.2020,19.3001,0.08956361,0.08598107,19.3001,463.2020,0.08598107,19.3001,19.3001,19.3001,28.9501,28.9501,463.2020,0.08598107,115.8005,105.3048,366.7016,377.1974,0.06806835,0.0700166,0.00358254,16.0814,14.8052,1.4533,96.5004,3.2383,1077.4512,66.4000,16.0836,15.7064,10.2195,14.3073,20.439,30.6585,30.6585,40.8781,12.2634,0.0,2.142857,2.857143,1.123995,29,71,8,4,0.99416907,0.08956361,0.08422378,0E-8,0.000000,0.912397,0.988060,0.91577622,2026-04-22,2026-07-19,5,149,91,89,0.056180,1.024019,1.000140,3.313897,,,,,,,,GLOBAL_BASELINE_NO_ENTITY_RANKING,,,NOT_APPLICABLE_GLOBAL_BASELINE,HF9g-P5,,,,X 全窗基线 · 不参与实体赏罚,8393900,840,A168_HF9F_20260827_0900,2026-08-27 09:00:00
2026-07-18,149014958,1299,0,6.1317091117,6.1317091117,6.1317091117,1.0000000,1,1,0.49324550000000000,0.493245500000,1.01360149184955,1.01360149184955,1.01360149184955,0E-17,ELIGIBLE,R03b_20260811_FULL_v1,L1_ELIGIBILITY,v2026-08-11,2026-03-21..2026-08-06,baccarat_bet02_101_all_pairs_incl_sentinel,round_win = game_pnl > 0 (decisive only),COMPATIBILITY_ONLY_NOT_PRODUCTION,5387.2562,4915.3190,482.5021,335,332,-0.08956361,-0.08422378,-1.00000000,-0.08956361,-482.5021,5387.2562,OK,0.0000,19.3001,4.0000,96.0000,AG03-UNRESOLVED,ALL5_LEVELS_bet23_to_bet27,19.3001,19.3001,19.3001,28.9501,28.9501,4.000000,4.000000,4.000000,6.000000,6.000000,96.000000,96.000000,96.000000,94.000000,94.000000,5.0,115.8005,105.3048,366.7016,377.1974,PENDING_AG03,FALSE,NOT_FOR_ENFORCEMENT,463.2020,4718.7063,482.5021,463.2020,19.3001,0.08956361,0.08598107,19.3001,463.2020,0.08598107,19.3001,19.3001,19.3001,28.9501,28.9501,463.2020,0.08598107,115.8005,105.3048,366.7016,377.1974,0.06806835,0.0700166,0.00358254,16.0814,14.8052,1.4533,96.5004,3.2383,1077.4512,66.4000,16.0836,15.7064,10.2195,14.3073,20.439,30.6585,30.6585,40.8781,12.2634,0.0,2.142857,2.857143,1.123995,29,71,8,4,0.99416907,0.08956361,0.08422378,0E-8,0.000000,0.912397,0.988060,0.91577622,2026-04-22,2026-07-19,5,149,91,89,0.056180,1.024019,1.000140,3.313897,,,,,,,,GLOBAL_BASELINE_NO_ENTITY_RANKING,,,NOT_APPLICABLE_GLOBAL_BASELINE,HF9g-P5,,,,X 全窗基线 · 不参与实体赏罚,8393901,840,A168_HF9F_20260827_0900,2026-08-27 09:00:00
2026-07-18,149014958,1304,0,14.3073212607,14.3073212607,14.3073212607,1.0000000,2,2,0.49994810000000000,0.499948100000,1.4143603653603398,1.4143603653603398,1.4143603653603398,0E-17,ELIGIBLE,R03b_20260811_FULL_v1,L1_ELIGIBILITY,v2026-08-11,2026-03-21..2026-08-06,baccarat_bet02_101_all_pairs_incl_sentinel,round_win = game_pnl > 0 (decisive only),COMPATIBILITY_ONLY_NOT_PRODUCTION,5387.2562,4915.3190,482.5021,335,332,-0.08956361,-0.08422378,-1.00000000,-0.08956361,-482.5021,5387.2562,OK,0.0000,19.3001,4.0000,96.0000,AG03-UNRESOLVED,ALL5_LEVELS_bet23_to_bet27,19.3001,19.3001,19.3001,28.9501,28.9501,4.000000,4.000000,4.000000,6.000000,6.000000,96.000000,96.000000,96.000000,94.000000,94.000000,5.0,115.8005,105.3048,366.7016,377.1974,PENDING_AG03,FALSE,NOT_FOR_ENFORCEMENT,463.2020,4718.7063,482.5021,463.2020,19.3001,0.08956361,0.08598107,19.3001,463.2020,0.08598107,19.3001,19.3001,19.3001,28.9501,28.9501,463.2020,0.08598107,115.8005,105.3048,366.7016,377.1974,0.06806835,0.0700166,0.00358254,16.0814,14.8052,1.4533,96.5004,3.2383,1077.4512,66.4000,16.0836,15.7064,10.2195,14.3073,20.439,30.6585,30.6585,40.8781,12.2634,0.0,2.142857,2.857143,1.123995,29,71,8,4,0.99416907,0.08956361,0.08422378,0E-8,0.000000,0.912397,0.988060,0.91577622,2026-04-22,2026-07-19,5,149,91,89,0.056180,1.024019,1.000140,3.313897,,,,,,,,GLOBAL_BASELINE_NO_ENTITY_RANKING,,,NOT_APPLICABLE_GLOBAL_BASELINE,HF9g-P5,,,,X 全窗基线 · 不参与实体赏罚,8393902,840,A168_HF9F_20260827_0900,2026-08-27 09:00:00
2026-07-18,149014958,1306,0,42.7175734783,-42.7175734783,-42.7175734783,0E-7,3,3,0.49771390000000000,0.497713900000,-1.724149546644903,-1.724149546644903,-1.724149546644903,0E-17,ELIGIBLE,R03b_20260811_FULL_v1,L1_ELIGIBILITY,v2026-08-11,2026-03-21..2026-08-06,baccarat_bet02_101_all_pairs_incl_sentinel,round_win = game_pnl > 0 (decisive only),COMPATIBILITY_ONLY_NOT_PRODUCTION,5387.2562,4915.3190,482.5021,335,332,-0.08956361,-0.08422378,-1.00000000,-0.08956361,-482.5021,5387.2562,OK,0.0000,19.3001,4.0000,96.0000,AG03-UNRESOLVED,ALL5_LEVELS_bet23_to_bet27,19.3001,19.3001,19.3001,28.9501,28.9501,4.000000,4.000000,4.000000,6.000000,6.000000,96.000000,96.000000,96.000000,94.000000,94.000000,5.0,115.8005,105.3048,366.7016,377.1974,PENDING_AG03,FALSE,NOT_FOR_ENFORCEMENT,463.2020,4718.7063,482.5021,463.2020,19.3001,0.08956361,0.08598107,19.3001,463.2020,0.08598107,19.3001,19.3001,19.3001,28.9501,28.9501,463.2020,0.08598107,115.8005,105.3048,366.7016,377.1974,0.06806835,0.0700166,0.00358254,16.0814,14.8052,1.4533,96.5004,3.2383,1077.4512,66.4000,16.0836,15.7064,10.2195,14.3073,20.439,30.6585,30.6585,40.8781,12.2634,0.0,2.142857,2.857143,1.123995,29,71,8,4,0.99416907,0.08956361,0.08422378,0E-8,0.000000,0.912397,0.988060,0.91577622,2026-04-22,2026-07-19,5,149,91,89,0.056180,1.024019,1.000140,3.313897,,,,,,,,GLOBAL_BASELINE_NO_ENTITY_RANKING,,,NOT_APPLICABLE_GLOBAL_BASELINE,HF9g-P5,,,,X 全窗基线 · 不参与实体赏罚,8393903,840,A168_HF9F_20260827_0900,2026-08-27 09:00:00
2026-07-18,149014958,1383,0,6.1317091117,-6.1317091117,-6.1317091117,0E-7,1,1,0.49324550000000000,0.493245500000,-0.9865810262130424,-0.9865810262130424,-0.9865810262130424,0E-17,ELIGIBLE,R03b_20260811_FULL_v1,L1_ELIGIBILITY,v2026-08-11,2026-03-21..2026-08-06,baccarat_bet02_101_all_pairs_incl_sentinel,round_win = game_pnl > 0 (decisive only),COMPATIBILITY_ONLY_NOT_PRODUCTION,5387.2562,4915.3190,482.5021,335,332,-0.08956361,-0.08422378,-1.00000000,-0.08956361,-482.5021,5387.2562,OK,0.0000,19.3001,4.0000,96.0000,AG03-UNRESOLVED,ALL5_LEVELS_bet23_to_bet27,19.3001,19.3001,19.3001,28.9501,28.9501,4.000000,4.000000,4.000000,6.000000,6.000000,96.000000,96.000000,96.000000,94.000000,94.000000,5.0,115.8005,105.3048,366.7016,377.1974,PENDING_AG03,FALSE,NOT_FOR_ENFORCEMENT,463.2020,4718.7063,482.5021,463.2020,19.3001,0.08956361,0.08598107,19.3001,463.2020,0.08598107,19.3001,19.3001,19.3001,28.9501,28.9501,463.2020,0.08598107,115.8005,105.3048,366.7016,377.1974,0.06806835,0.0700166,0.00358254,16.0814,14.8052,1.4533,96.5004,3.2383,1077.4512,66.4000,16.0836,15.7064,10.2195,14.3073,20.439,30.6585,30.6585,40.8781,12.2634,0.0,2.142857,2.857143,1.123995,29,71,8,4,0.99416907,0.08956361,0.08422378,0E-8,0.000000,0.912397,0.988060,0.91577622,2026-04-22,2026-07-19,5,149,91,89,0.056180,1.024019,1.000140,3.313897,,,,,,,,GLOBAL_BASELINE_NO_ENTITY_RANKING,,,NOT_APPLICABLE_GLOBAL_BASELINE,HF9g-P5,,,,X 全窗基线 · 不参与实体赏罚,8393904,840,A168_HF9F_20260827_0900,2026-08-27 09:00:00
2026-07-18,149014958,1396,0,130.6054040797,84.0044148306,84.0044148306,0.7777778,11,10,0.49160822300004032,0.483367265000,1.717259211087194,1.7674412650906508,1.717259211087194,0.00824095800004032,ELIGIBLE,R03b_20260811_FULL_v1,L1_ELIGIBILITY,v2026-08-11,2026-03-21..2026-08-06,baccarat_bet02_101_all_pairs_incl_sentinel,round_win = game_pnl > 0 (decisive only),COMPATIBILITY_ONLY_NOT_PRODUCTION,5387.2562,4915.3190,482.5021,335,332,-0.08956361,-0.08422378,-1.00000000,-0.08956361,-482.5021,5387.2562,OK,0.0000,19.3001,4.0000,96.0000,AG03-UNRESOLVED,ALL5_LEVELS_bet23_to_bet27,19.3001,19.3001,19.3001,28.9501,28.9501,4.000000,4.000000,4.000000,6.000000,6.000000,96.000000,96.000000,96.000000,94.000000,94.000000,5.0,115.8005,105.3048,366.7016,377.1974,PENDING_AG03,FALSE,NOT_FOR_ENFORCEMENT,463.2020,4718.7063,482.5021,463.2020,19.3001,0.08956361,0.08598107,19.3001,463.2020,0.08598107,19.3001,19.3001,19.3001,28.9501,28.9501,463.2020,0.08598107,115.8005,105.3048,366.7016,377.1974,0.06806835,0.0700166,0.00358254,16.0814,14.8052,1.4533,96.5004,3.2383,1077.4512,66.4000,16.0836,15.7064,10.2195,14.3073,20.439,30.6585,30.6585,40.8781,12.2634,0.0,2.142857,2.857143,1.123995,29,71,8,4,0.99416907,0.08956361,0.08422378,0E-8,0.000000,0.912397,0.988060,0.91577622,2026-04-22,2026-07-19,5,149,91,89,0.056180,1.024019,1.000140,3.313897,,,,,,,,GLOBAL_BASELINE_NO_ENTITY_RANKING,,,NOT_APPLICABLE_GLOBAL_BASELINE,HF9g-P5,,,,X 全窗基线 · 不参与实体赏罚,8393905,840,A168_HF9F_20260827_0900,2026-08-27 09:00:00
2026-07-18,149014958,1402,0,65.4048971917,-32.7024485959,-32.7024485959,0.3333333,5,4,0.45081369999987556,0.445090812500,-0.4089474650879813,-0.38949505829662284,-0.4089474650879813,0.00572288749987556,ELIGIBLE,R03b_20260811_FULL_v1,L1_ELIGIBILITY,v2026-08-11,2026-03-21..2026-08-06,baccarat_bet02_101_all_pairs_incl_sentinel,round_win = game_pnl > 0 (decisive only),COMPATIBILITY_ONLY_NOT_PRODUCTION,5387.2562,4915.3190,482.5021,335,332,-0.08956361,-0.08422378,-1.00000000,-0.08956361,-482.5021,5387.2562,OK,0.0000,19.3001,4.0000,96.0000,AG03-UNRESOLVED,ALL5_LEVELS_bet23_to_bet27,19.3001,19.3001,19.3001,28.9501,28.9501,4.000000,4.000000,4.000000,6.000000,6.000000,96.000000,96.000000,96.000000,94.000000,94.000000,5.0,115.8005,105.3048,366.7016,377.1974,PENDING_AG03,FALSE,NOT_FOR_ENFORCEMENT,463.2020,4718.7063,482.5021,463.2020,19.3001,0.08956361,0.08598107,19.3001,463.2020,0.08598107,19.3001,19.3001,19.3001,28.9501,28.9501,463.2020,0.08598107,115.8005,105.3048,366.7016,377.1974,0.06806835,0.0700166,0.00358254,16.0814,14.8052,1.4533,96.5004,3.2383,1077.4512,66.4000,16.0836,15.7064,10.2195,14.3073,20.439,30.6585,30.6585,40.8781,12.2634,0.0,2.142857,2.857143,1.123995,29,71,8,4,0.99416907,0.08956361,0.08422378,0E-8,0.000000,0.912397,0.988060,0.91577622,2026-04-22,2026-07-19,5,149,91,89,0.056180,1.024019,1.000140,3.313897,,,,,,,,GLOBAL_BASELINE_NO_ENTITY_RANKING,,,NOT_APPLICABLE_GLOBAL_BASELINE,HF9g-P5,,,,X 全窗基线 · 不参与实体赏罚,8393906,840,A168_HF9F_20260827_0900,2026-08-27 09:00:00
2026-07-18,149014958,1485,0,16.3512242979,-16.3512242979,-16.3512242979,0E-7,1,1,0.50665070000000000,0.506650700000,-1.013391052207602,-1.013391052207602,-1.013391052207602,0E-17,ELIGIBLE,R03b_20260811_FULL_v1,L1_ELIGIBILITY,v2026-08-11,2026-03-21..2026-08-06,baccarat_bet02_101_all_pairs_incl_sentinel,round_win = game_pnl > 0 (decisive only),COMPATIBILITY_ONLY_NOT_PRODUCTION,5387.2562,4915.3190,482.5021,335,332,-0.08956361,-0.08422378,-1.00000000,-0.08956361,-482.5021,5387.2562,OK,0.0000,19.3001,4.0000,96.0000,AG03-UNRESOLVED,ALL5_LEVELS_bet23_to_bet27,19.3001,19.3001,19.3001,28.9501,28.9501,4.000000,4.000000,4.000000,6.000000,6.000000,96.000000,96.000000,96.000000,94.000000,94.000000,5.0,115.8005,105.3048,366.7016,377.1974,PENDING_AG03,FALSE,NOT_FOR_ENFORCEMENT,463.2020,4718.7063,482.5021,463.2020,19.3001,0.08956361,0.08598107,19.3001,463.2020,0.08598107,19.3001,19.3001,19.3001,28.9501,28.9501,463.2020,0.08598107,115.8005,105.3048,366.7016,377.1974,0.06806835,0.0700166,0.00358254,16.0814,14.8052,1.4533,96.5004,3.2383,1077.4512,66.4000,16.0836,15.7064,10.2195,14.3073,20.439,30.6585,30.6585,40.8781,12.2634,0.0,2.142857,2.857143,1.123995,29,71,8,4,0.99416907,0.08956361,0.08422378,0E-8,0.000000,0.912397,0.988060,0.91577622,2026-04-22,2026-07-19,5,149,91,89,0.056180,1.024019,1.000140,3.313897,,,,,,,,GLOBAL_BASELINE_NO_ENTITY_RANKING,,,NOT_APPLICABLE_GLOBAL_BASELINE,HF9g-P5,,,,X 全窗基线 · 不参与实体赏罚,8393907,840,A168_HF9F_20260827_0900,2026-08-27 09:00:00
2026-07-18,149014958,1507,0,14.3073212607,-14.3073212607,-14.3073212607,0E-7,1,1,0.49324550000000000,0.493245500000,-0.9865810262130424,-0.9865810262130424,-0.9865810262130424,0E-17,ELIGIBLE,R03b_20260811_FULL_v1,L1_ELIGIBILITY,v2026-08-11,2026-03-21..2026-08-06,baccarat_bet02_101_all_pairs_incl_sentinel,round_win = game_pnl > 0 (decisive only),COMPATIBILITY_ONLY_NOT_PRODUCTION,5387.2562,4915.3190,482.5021,335,332,-0.08956361,-0.08422378,-1.00000000,-0.08956361,-482.5021,5387.2562,OK,0.0000,19.3001,4.0000,96.0000,AG03-UNRESOLVED,ALL5_LEVELS_bet23_to_bet27,19.3001,19.3001,19.3001,28.9501,28.9501,4.000000,4.000000,4.000000,6.000000,6.000000,96.000000,96.000000,96.000000,94.000000,94.000000,5.0,115.8005,105.3048,366.7016,377.1974,PENDING_AG03,FALSE,NOT_FOR_ENFORCEMENT,463.2020,4718.7063,482.5021,463.2020,19.3001,0.08956361,0.08598107,19.3001,463.2020,0.08598107,19.3001,19.3001,19.3001,28.9501,28.9501,463.2020,0.08598107,115.8005,105.3048,366.7016,377.1974,0.06806835,0.0700166,0.00358254,16.0814,14.8052,1.4533,96.5004,3.2383,1077.4512,66.4000,16.0836,15.7064,10.2195,14.3073,20.439,30.6585,30.6585,40.8781,12.2634,0.0,2.142857,2.857143,1.123995,29,71,8,4,0.99416907,0.08956361,0.08422378,0E-8,0.000000,0.912397,0.988060,0.91577622,2026-04-22,2026-07-19,5,149,91,89,0.056180,1.024019,1.000140,3.313897,,,,,,,,GLOBAL_BASELINE_NO_ENTITY_RANKING,,,NOT_APPLICABLE_GLOBAL_BASELINE,HF9g-P5,,,,X 全窗基线 · 不参与实体赏罚,8393908,840,A168_HF9F_20260827_0900,2026-08-27 09:00:00
2026-07-18,149014958,1623,0,6.1317091117,-6.1317091117,-6.1317091117,0E-7,1,1,0.50665070000000000,0.506650700000,-1.013391052207602,-1.013391052207602,-1.013391052207602,0E-17,ELIGIBLE,R03b_20260811_FULL_v1,L1_ELIGIBILITY,v2026-08-11,2026-03-21..2026-08-06,baccarat_bet02_101_all_pairs_incl_sentinel,round_win = game_pnl > 0 (decisive only),COMPATIBILITY_ONLY_NOT_PRODUCTION,5387.2562,4915.3190,482.5021,335,332,-0.08956361,-0.08422378,-1.00000000,-0.08956361,-482.5021,5387.2562,OK,0.0000,19.3001,4.0000,96.0000,AG03-UNRESOLVED,ALL5_LEVELS_bet23_to_bet27,19.3001,19.3001,19.3001,28.9501,28.9501,4.000000,4.000000,4.000000,6.000000,6.000000,96.000000,96.000000,96.000000,94.000000,94.000000,5.0,115.8005,105.3048,366.7016,377.1974,PENDING_AG03,FALSE,NOT_FOR_ENFORCEMENT,463.2020,4718.7063,482.5021,463.2020,19.3001,0.08956361,0.08598107,19.3001,463.2020,0.08598107,19.3001,19.3001,19.3001,28.9501,28.9501,463.2020,0.08598107,115.8005,105.3048,366.7016,377.1974,0.06806835,0.0700166,0.00358254,16.0814,14.8052,1.4533,96.5004,3.2383,1077.4512,66.4000,16.0836,15.7064,10.2195,14.3073,20.439,30.6585,30.6585,40.8781,12.2634,0.0,2.142857,2.857143,1.123995,29,71,8,4,0.99416907,0.08956361,0.08422378,0E-8,0.000000,0.912397,0.988060,0.91577622,2026-04-22,2026-07-19,5,149,91,89,0.056180,1.024019,1.000140,3.313897,,,,,,,,GLOBAL_BASELINE_NO_ENTITY_RANKING,,,NOT_APPLICABLE_GLOBAL_BASELINE,HF9g-P5,,,,X 全窗基线 · 不参与实体赏罚,8393909,840,A168_HF9F_20260827_0900,2026-08-27 09:00:00
2026-07-18,149014958,1935,0,79.7122184524,-34.7463516331,-34.7463516331,0.3333333,5,4,0.47244652142846361,0.449306862500,-0.4826356050588363,-0.40382494487564824,-0.4826356050588363,0.02313965892846361,ELIGIBLE,R03b_20260811_FULL_v1,L1_ELIGIBILITY,v2026-08-11,2026-03-21..2026-08-06,baccarat_bet02_101_all_pairs_incl_sentinel,round_win = game_pnl > 0 (decisive only),COMPATIBILITY_ONLY_NOT_PRODUCTION,5387.2562,4915.3190,482.5021,335,332,-0.08956361,-0.08422378,-1.00000000,-0.08956361,-482.5021,5387.2562,OK,0.0000,19.3001,4.0000,96.0000,AG03-UNRESOLVED,ALL5_LEVELS_bet23_to_bet27,19.3001,19.3001,19.3001,28.9501,28.9501,4.000000,4.000000,4.000000,6.000000,6.000000,96.000000,96.000000,96.000000,94.000000,94.000000,5.0,115.8005,105.3048,366.7016,377.1974,PENDING_AG03,FALSE,NOT_FOR_ENFORCEMENT,463.2020,4718.7063,482.5021,463.2020,19.3001,0.08956361,0.08598107,19.3001,463.2020,0.08598107,19.3001,19.3001,19.3001,28.9501,28.9501,463.2020,0.08598107,115.8005,105.3048,366.7016,377.1974,0.06806835,0.0700166,0.00358254,16.0814,14.8052,1.4533,96.5004,3.2383,1077.4512,66.4000,16.0836,15.7064,10.2195,14.3073,20.439,30.6585,30.6585,40.8781,12.2634,0.0,2.142857,2.857143,1.123995,29,71,8,4,0.99416907,0.08956361,0.08422378,0E-8,0.000000,0.912397,0.988060,0.91577622,2026-04-22,2026-07-19,5,149,91,89,0.056180,1.024019,1.000140,3.313897,,,,,,,,GLOBAL_BASELINE_NO_ENTITY_RANKING,,,NOT_APPLICABLE_GLOBAL_BASELINE,HF9g-P5,,,,X 全窗基线 · 不参与实体赏罚,8393910,840,A168_HF9F_20260827_0900,2026-08-27 09:00:00
2026-07-18,149014958,2106,0,6.1317091117,6.1317091117,6.1317091117,1.0000000,1,1,0.50665070000000000,0.506650700000,0.9867858985152569,0.9867858985152569,0.9867858985152569,0E-17,ELIGIBLE,R03b_20260811_FULL_v1,L1_ELIGIBILITY,v2026-08-11,2026-03-21..2026-08-06,baccarat_bet02_101_all_pairs_incl_sentinel,round_win = game_pnl > 0 (decisive only),COMPATIBILITY_ONLY_NOT_PRODUCTION,5387.2562,4915.3190,482.5021,335,332,-0.08956361,-0.08422378,-1.00000000,-0.08956361,-482.5021,5387.2562,OK,0.0000,19.3001,4.0000,96.0000,AG03-UNRESOLVED,ALL5_LEVELS_bet23_to_bet27,19.3001,19.3001,19.3001,28.9501,28.9501,4.000000,4.000000,4.000000,6.000000,6.000000,96.000000,96.000000,96.000000,94.000000,94.000000,5.0,115.8005,105.3048,366.7016,377.1974,PENDING_AG03,FALSE,NOT_FOR_ENFORCEMENT,463.2020,4718.7063,482.5021,463.2020,19.3001,0.08956361,0.08598107,19.3001,463.2020,0.08598107,19.3001,19.3001,19.3001,28.9501,28.9501,463.2020,0.08598107,115.8005,105.3048,366.7016,377.1974,0.06806835,0.0700166,0.00358254,16.0814,14.8052,1.4533,96.5004,3.2383,1077.4512,66.4000,16.0836,15.7064,10.2195,14.3073,20.439,30.6585,30.6585,40.8781,12.2634,0.0,2.142857,2.857143,1.123995,29,71,8,4,0.99416907,0.08956361,0.08422378,0E-8,0.000000,0.912397,0.988060,0.91577622,2026-04-22,2026-07-19,5,149,91,89,0.056180,1.024019,1.000140,3.313897,,,,,,,,GLOBAL_BASELINE_NO_ENTITY_RANKING,,,NOT_APPLICABLE_GLOBAL_BASELINE,HF9g-P5,,,,X 全窗基线 · 不参与实体赏罚,8393911,840,A168_HF9F_20260827_0900,2026-08-27 09:00:00
2026-07-18,149014958,2156,0,147.1610186813,-16.3512242980,-16.3512242980,0.5714286,8,8,0.49994810000000000,0.499948100000,0.37823910403297295,0.37823910403297295,0.37823910403297295,0E-17,ELIGIBLE,R03b_20260811_FULL_v1,L1_ELIGIBILITY,v2026-08-11,2026-03-21..2026-08-06,baccarat_bet02_101_all_pairs_incl_sentinel,round_win = game_pnl > 0 (decisive only),COMPATIBILITY_ONLY_NOT_PRODUCTION,5387.2562,4915.3190,482.5021,335,332,-0.08956361,-0.08422378,-1.00000000,-0.08956361,-482.5021,5387.2562,OK,0.0000,19.3001,4.0000,96.0000,AG03-UNRESOLVED,ALL5_LEVELS_bet23_to_bet27,19.3001,19.3001,19.3001,28.9501,28.9501,4.000000,4.000000,4.000000,6.000000,6.000000,96.000000,96.000000,96.000000,94.000000,94.000000,5.0,115.8005,105.3048,366.7016,377.1974,PENDING_AG03,FALSE,NOT_FOR_ENFORCEMENT,463.2020,4718.7063,482.5021,463.2020,19.3001,0.08956361,0.08598107,19.3001,463.2020,0.08598107,19.3001,19.3001,19.3001,28.9501,28.9501,463.2020,0.08598107,115.8005,105.3048,366.7016,377.1974,0.06806835,0.0700166,0.00358254,16.0814,14.8052,1.4533,96.5004,3.2383,1077.4512,66.4000,16.0836,15.7064,10.2195,14.3073,20.439,30.6585,30.6585,40.8781,12.2634,0.0,2.142857,2.857143,1.123995,29,71,8,4,0.99416907,0.08956361,0.08422378,0E-8,0.000000,0.912397,0.988060,0.91577622,2026-04-22,2026-07-19,5,149,91,89,0.056180,1.024019,1.000140,3.313897,,,,,,,,GLOBAL_BASELINE_NO_ENTITY_RANKING,,,NOT_APPLICABLE_GLOBAL_BASELINE,HF9g-P5,,,,X 全窗基线 · 不参与实体赏罚,8393912,840,A168_HF9F_20260827_0900,2026-08-27 09:00:00
2026-07-18,149014958,2160,0,126.1088173975,54.6744062462,54.6744062462,0.7000000,11,11,0.50299473636363636,0.502994736364,1.2459930377084214,1.2459930377061268,1.2459930377084214,-3.6364E-13,ELIGIBLE,R03b_20260811_FULL_v1,L1_ELIGIBILITY,v2026-08-11,2026-03-21..2026-08-06,baccarat_bet02_101_all_pairs_incl_sentinel,round_win = game_pnl > 0 (decisive only),COMPATIBILITY_ONLY_NOT_PRODUCTION,5387.2562,4915.3190,482.5021,335,332,-0.08956361,-0.08422378,-1.00000000,-0.08956361,-482.5021,5387.2562,OK,0.0000,19.3001,4.0000,96.0000,AG03-UNRESOLVED,ALL5_LEVELS_bet23_to_bet27,19.3001,19.3001,19.3001,28.9501,28.9501,4.000000,4.000000,4.000000,6.000000,6.000000,96.000000,96.000000,96.000000,94.000000,94.000000,5.0,115.8005,105.3048,366.7016,377.1974,PENDING_AG03,FALSE,NOT_FOR_ENFORCEMENT,463.2020,4718.7063,482.5021,463.2020,19.3001,0.08956361,0.08598107,19.3001,463.2020,0.08598107,19.3001,19.3001,19.3001,28.9501,28.9501,463.2020,0.08598107,115.8005,105.3048,366.7016,377.1974,0.06806835,0.0700166,0.00358254,16.0814,14.8052,1.4533,96.5004,3.2383,1077.4512,66.4000,16.0836,15.7064,10.2195,14.3073,20.439,30.6585,30.6585,40.8781,12.2634,0.0,2.142857,2.857143,1.123995,29,71,8,4,0.99416907,0.08956361,0.08422378,0E-8,0.000000,0.912397,0.988060,0.91577622,2026-04-22,2026-07-19,5,149,91,89,0.056180,1.024019,1.000140,3.313897,,,,,,,,GLOBAL_BASELINE_NO_ENTITY_RANKING,,,NOT_APPLICABLE_GLOBAL_BASELINE,HF9g-P5,,,,X 全窗基线 · 不参与实体赏罚,8393913,840,A168_HF9F_20260827_0900,2026-08-27 09:00:00
2026-07-18,149014958,2223,0,14.3073212607,-14.3073212607,-14.3073212607,0E-7,1,1,0.50665070000000000,0.506650700000,-1.013391052207602,-1.013391052207602,-1.013391052207602,0E-17,ELIGIBLE,R03b_20260811_FULL_v1,L1_ELIGIBILITY,v2026-08-11,2026-03-21..2026-08-06,baccarat_bet02_101_all_pairs_incl_sentinel,round_win = game_pnl > 0 (decisive only),COMPATIBILITY_ONLY_NOT_PRODUCTION,5387.2562,4915.3190,482.5021,335,332,-0.08956361,-0.08422378,-1.00000000,-0.08956361,-482.5021,5387.2562,OK,0.0000,19.3001,4.0000,96.0000,AG03-UNRESOLVED,ALL5_LEVELS_bet23_to_bet27,19.3001,19.3001,19.3001,28.9501,28.9501,4.000000,4.000000,4.000000,6.000000,6.000000,96.000000,96.000000,96.000000,94.000000,94.000000,5.0,115.8005,105.3048,366.7016,377.1974,PENDING_AG03,FALSE,NOT_FOR_ENFORCEMENT,463.2020,4718.7063,482.5021,463.2020,19.3001,0.08956361,0.08598107,19.3001,463.2020,0.08598107,19.3001,19.3001,19.3001,28.9501,28.9501,463.2020,0.08598107,115.8005,105.3048,366.7016,377.1974,0.06806835,0.0700166,0.00358254,16.0814,14.8052,1.4533,96.5004,3.2383,1077.4512,66.4000,16.0836,15.7064,10.2195,14.3073,20.439,30.6585,30.6585,40.8781,12.2634,0.0,2.142857,2.857143,1.123995,29,71,8,4,0.99416907,0.08956361,0.08422378,0E-8,0.000000,0.912397,0.988060,0.91577622,2026-04-22,2026-07-19,5,149,91,89,0.056180,1.024019,1.000140,3.313897,,,,,,,,GLOBAL_BASELINE_NO_ENTITY_RANKING,,,NOT_APPLICABLE_GLOBAL_BASELINE,HF9g-P5,,,,X 全窗基线 · 不参与实体赏罚,8393914,840,A168_HF9F_20260827_0900,2026-08-27 09:00:00
2026-07-18,149014958,2250,0,47.0097698565,-47.0097698565,-47.0097698565,0E-7,2,2,0.49324550000000000,0.493245500000,-1.3952362676504506,-1.3952362676504506,-1.3952362676504506,0E-17,ELIGIBLE,R03b_20260811_FULL_v1,L1_ELIGIBILITY,v2026-08-11,2026-03-21..2026-08-06,baccarat_bet02_101_all_pairs_incl_sentinel,round_win = game_pnl > 0 (decisive only),COMPATIBILITY_ONLY_NOT_PRODUCTION,5387.2562,4915.3190,482.5021,335,332,-0.08956361,-0.08422378,-1.00000000,-0.08956361,-482.5021,5387.2562,OK,0.0000,19.3001,4.0000,96.0000,AG03-UNRESOLVED,ALL5_LEVELS_bet23_to_bet27,19.3001,19.3001,19.3001,28.9501,28.9501,4.000000,4.000000,4.000000,6.000000,6.000000,96.000000,96.000000,96.000000,94.000000,94.000000,5.0,115.8005,105.3048,366.7016,377.1974,PENDING_AG03,FALSE,NOT_FOR_ENFORCEMENT,463.2020,4718.7063,482.5021,463.2020,19.3001,0.08956361,0.08598107,19.3001,463.2020,0.08598107,19.3001,19.3001,19.3001,28.9501,28.9501,463.2020,0.08598107,115.8005,105.3048,366.7016,377.1974,0.06806835,0.0700166,0.00358254,16.0814,14.8052,1.4533,96.5004,3.2383,1077.4512,66.4000,16.0836,15.7064,10.2195,14.3073,20.439,30.6585,30.6585,40.8781,12.2634,0.0,2.142857,2.857143,1.123995,29,71,8,4,0.99416907,0.08956361,0.08422378,0E-8,0.000000,0.912397,0.988060,0.91577622,2026-04-22,2026-07-19,5,149,91,89,0.056180,1.024019,1.000140,3.313897,,,,,,,,GLOBAL_BASELINE_NO_ENTITY_RANKING,,,NOT_APPLICABLE_GLOBAL_BASELINE,HF9g-P5,,,,X 全窗基线 · 不参与实体赏罚,8393915,840,A168_HF9F_20260827_0900,2026-08-27 09:00:00
2026-07-18,149014958,2251,0,75.6244123779,6.1317091117,6.1317091117,0.6000000,5,5,0.49860758000000000,0.498607580000,0.4534424453485946,0.4534424453485946,0.4534424453485946,0E-17,ELIGIBLE,R03b_20260811_FULL_v1,L1_ELIGIBILITY,v2026-08-11,2026-03-21..2026-08-06,baccarat_bet02_101_all_pairs_incl_sentinel,round_win = game_pnl > 0 (decisive only),COMPATIBILITY_ONLY_NOT_PRODUCTION,5387.2562,4915.3190,482.5021,335,332,-0.08956361,-0.08422378,-1.00000000,-0.08956361,-482.5021,5387.2562,OK,0.0000,19.3001,4.0000,96.0000,AG03-UNRESOLVED,ALL5_LEVELS_bet23_to_bet27,19.3001,19.3001,19.3001,28.9501,28.9501,4.000000,4.000000,4.000000,6.000000,6.000000,96.000000,96.000000,96.000000,94.000000,94.000000,5.0,115.8005,105.3048,366.7016,377.1974,PENDING_AG03,FALSE,NOT_FOR_ENFORCEMENT,463.2020,4718.7063,482.5021,463.2020,19.3001,0.08956361,0.08598107,19.3001,463.2020,0.08598107,19.3001,19.3001,19.3001,28.9501,28.9501,463.2020,0.08598107,115.8005,105.3048,366.7016,377.1974,0.06806835,0.0700166,0.00358254,16.0814,14.8052,1.4533,96.5004,3.2383,1077.4512,66.4000,16.0836,15.7064,10.2195,14.3073,20.439,30.6585,30.6585,40.8781,12.2634,0.0,2.142857,2.857143,1.123995,29,71,8,4,0.99416907,0.08956361,0.08422378,0E-8,0.000000,0.912397,0.988060,0.91577622,2026-04-22,2026-07-19,5,149,91,89,0.056180,1.024019,1.000140,3.313897,,,,,,,,GLOBAL_BASELINE_NO_ENTITY_RANKING,,,NOT_APPLICABLE_GLOBAL_BASELINE,HF9g-P5,,,,X 全窗基线 · 不参与实体赏罚,8393916,840,A168_HF9F_20260827_0900,2026-08-27 09:00:00
2026-07-18,149014958,2256,0,24.5268364469,12.2634182235,12.2634182235,0.5000000,2,2,0.49994810000000000,0.499948100000,0.00014679536856514622,0.00014679536856514622,0.00014679536856514622,0E-17,ELIGIBLE,R03b_20260811_FULL_v1,L1_ELIGIBILITY,v2026-08-11,2026-03-21..2026-08-06,baccarat_bet02_101_all_pairs_incl_sentinel,round_win = game_pnl > 0 (decisive only),COMPATIBILITY_ONLY_NOT_PRODUCTION,5387.2562,4915.3190,482.5021,335,332,-0.08956361,-0.08422378,-1.00000000,-0.08956361,-482.5021,5387.2562,OK,0.0000,19.3001,4.0000,96.0000,AG03-UNRESOLVED,ALL5_LEVELS_bet23_to_bet27,19.3001,19.3001,19.3001,28.9501,28.9501,4.000000,4.000000,4.000000,6.000000,6.000000,96.000000,96.000000,96.000000,94.000000,94.000000,5.0,115.8005,105.3048,366.7016,377.1974,PENDING_AG03,FALSE,NOT_FOR_ENFORCEMENT,463.2020,4718.7063,482.5021,463.2020,19.3001,0.08956361,0.08598107,19.3001,463.2020,0.08598107,19.3001,19.3001,19.3001,28.9501,28.9501,463.2020,0.08598107,115.8005,105.3048,366.7016,377.1974,0.06806835,0.0700166,0.00358254,16.0814,14.8052,1.4533,96.5004,3.2383,1077.4512,66.4000,16.0836,15.7064,10.2195,14.3073,20.439,30.6585,30.6585,40.8781,12.2634,0.0,2.142857,2.857143,1.123995,29,71,8,4,0.99416907,0.08956361,0.08422378,0E-8,0.000000,0.912397,0.988060,0.91577622,2026-04-22,2026-07-19,5,149,91,89,0.056180,1.024019,1.000140,3.313897,,,,,,,,GLOBAL_BASELINE_NO_ENTITY_RANKING,,,NOT_APPLICABLE_GLOBAL_BASELINE,HF9g-P5,,,,X 全窗基线 · 不参与实体赏罚,8393917,840,A168_HF9F_20260827_0900,2026-08-27 09:00:00
2026-07-18,149014958,2280,0,75.6244123778,18.3951273351,18.3951273351,0.7500000,5,5,0.50128862000000000,0.501288620000,0.9948488239810122,0.9948488239810122,0.9948488239810122,0E-17,ELIGIBLE,R03b_20260811_FULL_v1,L1_ELIGIBILITY,v2026-08-11,2026-03-21..2026-08-06,baccarat_bet02_101_all_pairs_incl_sentinel,round_win = game_pnl > 0 (decisive only),COMPATIBILITY_ONLY_NOT_PRODUCTION,5387.2562,4915.3190,482.5021,335,332,-0.08956361,-0.08422378,-1.00000000,-0.08956361,-482.5021,5387.2562,OK,0.0000,19.3001,4.0000,96.0000,AG03-UNRESOLVED,ALL5_LEVELS_bet23_to_bet27,19.3001,19.3001,19.3001,28.9501,28.9501,4.000000,4.000000,4.000000,6.000000,6.000000,96.000000,96.000000,96.000000,94.000000,94.000000,5.0,115.8005,105.3048,366.7016,377.1974,PENDING_AG03,FALSE,NOT_FOR_ENFORCEMENT,463.2020,4718.7063,482.5021,463.2020,19.3001,0.08956361,0.08598107,19.3001,463.2020,0.08598107,19.3001,19.3001,19.3001,28.9501,28.9501,463.2020,0.08598107,115.8005,105.3048,366.7016,377.1974,0.06806835,0.0700166,0.00358254,16.0814,14.8052,1.4533,96.5004,3.2383,1077.4512,66.4000,16.0836,15.7064,10.2195,14.3073,20.439,30.6585,30.6585,40.8781,12.2634,0.0,2.142857,2.857143,1.123995,29,71,8,4,0.99416907,0.08956361,0.08422378,0E-8,0.000000,0.912397,0.988060,0.91577622,2026-04-22,2026-07-19,5,149,91,89,0.056180,1.024019,1.000140,3.313897,,,,,,,,GLOBAL_BASELINE_NO_ENTITY_RANKING,,,NOT_APPLICABLE_GLOBAL_BASELINE,HF9g-P5,,,,X 全窗基线 · 不参与实体赏罚,8393918,840,A168_HF9F_20260827_0900,2026-08-27 09:00:00
2026-07-18,149014958,2289,0,14.3073212607,14.3073212607,14.3073212607,1.0000000,1,1,0.49324550000000000,0.493245500000,1.01360149184955,1.01360149184955,1.01360149184955,0E-17,ELIGIBLE,R03b_20260811_FULL_v1,L1_ELIGIBILITY,v2026-08-11,2026-03-21..2026-08-06,baccarat_bet02_101_all_pairs_incl_sentinel,round_win = game_pnl > 0 (decisive only),COMPATIBILITY_ONLY_NOT_PRODUCTION,5387.2562,4915.3190,482.5021,335,332,-0.08956361,-0.08422378,-1.00000000,-0.08956361,-482.5021,5387.2562,OK,0.0000,19.3001,4.0000,96.0000,AG03-UNRESOLVED,ALL5_LEVELS_bet23_to_bet27,19.3001,19.3001,19.3001,28.9501,28.9501,4.000000,4.000000,4.000000,6.000000,6.000000,96.000000,96.000000,96.000000,94.000000,94.000000,5.0,115.8005,105.3048,366.7016,377.1974,PENDING_AG03,FALSE,NOT_FOR_ENFORCEMENT,463.2020,4718.7063,482.5021,463.2020,19.3001,0.08956361,0.08598107,19.3001,463.2020,0.08598107,19.3001,19.3001,19.3001,28.9501,28.9501,463.2020,0.08598107,115.8005,105.3048,366.7016,377.1974,0.06806835,0.0700166,0.00358254,16.0814,14.8052,1.4533,96.5004,3.2383,1077.4512,66.4000,16.0836,15.7064,10.2195,14.3073,20.439,30.6585,30.6585,40.8781,12.2634,0.0,2.142857,2.857143,1.123995,29,71,8,4,0.99416907,0.08956361,0.08422378,0E-8,0.000000,0.912397,0.988060,0.91577622,2026-04-22,2026-07-19,5,149,91,89,0.056180,1.024019,1.000140,3.313897,,,,,,,,GLOBAL_BASELINE_NO_ENTITY_RANKING,,,NOT_APPLICABLE_GLOBAL_BASELINE,HF9g-P5,,,,X 全窗基线 · 不参与实体赏罚,8393919,840,A168_HF9F_20260827_0900,2026-08-27 09:00:00
2026-07-18,149014958,789,0,32.7024485959,-4.0878060745,-4.0878060745,0.5000000,2,2,0.49324550000000000,0.493245500000,0.01910635448239258,0.01910635448239258,0.01910635448239258,0E-17,ELIGIBLE,R03b_20260811_FULL_v1,L1_ELIGIBILITY,v2026-08-11,2026-03-21..2026-08-06,baccarat_bet02_101_all_pairs_incl_sentinel,round_win = game_pnl > 0 (decisive only),COMPATIBILITY_ONLY_NOT_PRODUCTION,5387.2562,4915.3190,482.5021,335,332,-0.08956361,-0.08422378,-1.00000000,-0.08956361,-482.5021,5387.2562,OK,0.0000,19.3001,4.0000,96.0000,AG03-UNRESOLVED,ALL5_LEVELS_bet23_to_bet27,19.3001,19.3001,19.3001,28.9501,28.9501,4.000000,4.000000,4.000000,6.000000,6.000000,96.000000,96.000000,96.000000,94.000000,94.000000,5.0,115.8005,105.3048,366.7016,377.1974,PENDING_AG03,FALSE,NOT_FOR_ENFORCEMENT,463.2020,4718.7063,482.5021,463.2020,19.3001,0.08956361,0.08598107,19.3001,463.2020,0.08598107,19.3001,19.3001,19.3001,28.9501,28.9501,463.2020,0.08598107,115.8005,105.3048,366.7016,377.1974,0.06806835,0.0700166,0.00358254,16.0814,14.8052,1.4533,96.5004,3.2383,1077.4512,66.4000,16.0836,15.7064,10.2195,14.3073,20.439,30.6585,30.6585,40.8781,12.2634,0.0,2.142857,2.857143,1.123995,29,71,8,4,0.99416907,0.08956361,0.08422378,0E-8,0.000000,0.912397,0.988060,0.91577622,2026-04-22,2026-07-19,5,149,91,89,0.056180,1.024019,1.000140,3.313897,,,,,,,,GLOBAL_BASELINE_NO_ENTITY_RANKING,,,NOT_APPLICABLE_GLOBAL_BASELINE,HF9g-P5,,,,X 全窗基线 · 不参与实体赏罚,8393920,840,A168_HF9F_20260827_0900,2026-08-27 09:00:00
2026-07-19,149014958,-1,1,167.6000490538,-16.3512242980,-16.3512242980,0.4444444,9,9,0.50069283333333333,0.500692833333,-0.33749065733668826,-0.337490657334688,-0.33749065733668826,3.3333E-13,SENTINEL_DEALER,R03b_20260811_FULL_v1,L1_ELIGIBILITY,v2026-08-11,2026-03-21..2026-08-06,baccarat_bet02_101_all_pairs_incl_sentinel,round_win = game_pnl > 0 (decisive only),COMPATIBILITY_ONLY_NOT_PRODUCTION,5387.2562,4915.3190,482.5021,335,332,-0.08956361,-0.08422378,-1.00000000,-0.08956361,-482.5021,5387.2562,OK,0.0000,19.3001,4.0000,96.0000,AG03-UNRESOLVED,ALL5_LEVELS_bet23_to_bet27,19.3001,19.3001,19.3001,28.9501,28.9501,4.000000,4.000000,4.000000,6.000000,6.000000,96.000000,96.000000,96.000000,94.000000,94.000000,5.0,115.8005,105.3048,366.7016,377.1974,PENDING_AG03,FALSE,NOT_FOR_ENFORCEMENT,463.2020,4718.7063,482.5021,463.2020,19.3001,0.08956361,0.08598107,19.3001,463.2020,0.08598107,19.3001,19.3001,19.3001,28.9501,28.9501,463.2020,0.08598107,115.8005,105.3048,366.7016,377.1974,0.06806835,0.0700166,0.00358254,16.0814,14.8052,1.4533,96.5004,3.2383,1077.4512,66.4000,16.0836,15.7064,10.2195,14.3073,20.439,30.6585,30.6585,40.8781,12.2634,0.0,2.142857,2.857143,1.123995,29,71,8,4,0.99416907,0.08956361,0.08422378,0E-8,0.000000,0.912397,0.988060,0.91577622,2026-04-22,2026-07-19,5,149,91,89,0.056180,1.024019,1.000140,3.313897,,,,,,,,GLOBAL_BASELINE_NO_ENTITY_RANKING,,,NOT_APPLICABLE_GLOBAL_BASELINE,HF9g-P5,,,,X 全窗基线 · 不参与实体赏罚,8393921,840,A168_HF9F_20260827_0900,2026-08-27 09:00:00
2026-07-19,149014958,1396,0,26.5707394841,14.3073212607,14.3073212607,0.5000000,2,2,0.50665070000000000,0.506650700000,-0.018812684590367487,-0.018812684590367487,-0.018812684590367487,0E-17,ELIGIBLE,R03b_20260811_FULL_v1,L1_ELIGIBILITY,v2026-08-11,2026-03-21..2026-08-06,baccarat_bet02_101_all_pairs_incl_sentinel,round_win = game_pnl > 0 (decisive only),COMPATIBILITY_ONLY_NOT_PRODUCTION,5387.2562,4915.3190,482.5021,335,332,-0.08956361,-0.08422378,-1.00000000,-0.08956361,-482.5021,5387.2562,OK,0.0000,19.3001,4.0000,96.0000,AG03-UNRESOLVED,ALL5_LEVELS_bet23_to_bet27,19.3001,19.3001,19.3001,28.9501,28.9501,4.000000,4.000000,4.000000,6.000000,6.000000,96.000000,96.000000,96.000000,94.000000,94.000000,5.0,115.8005,105.3048,366.7016,377.1974,PENDING_AG03,FALSE,NOT_FOR_ENFORCEMENT,463.2020,4718.7063,482.5021,463.2020,19.3001,0.08956361,0.08598107,19.3001,463.2020,0.08598107,19.3001,19.3001,19.3001,28.9501,28.9501,463.2020,0.08598107,115.8005,105.3048,366.7016,377.1974,0.06806835,0.0700166,0.00358254,16.0814,14.8052,1.4533,96.5004,3.2383,1077.4512,66.4000,16.0836,15.7064,10.2195,14.3073,20.439,30.6585,30.6585,40.8781,12.2634,0.0,2.142857,2.857143,1.123995,29,71,8,4,0.99416907,0.08956361,0.08422378,0E-8,0.000000,0.912397,0.988060,0.91577622,2026-04-22,2026-07-19,5,149,91,89,0.056180,1.024019,1.000140,3.313897,,,,,,,,GLOBAL_BASELINE_NO_ENTITY_RANKING,,,NOT_APPLICABLE_GLOBAL_BASELINE,HF9g-P5,,,,X 全窗基线 · 不参与实体赏罚,8393922,840,A168_HF9F_20260827_0900,2026-08-27 09:00:00
2026-07-19,149014958,1398,0,16.3512242979,-16.3512242979,-16.3512242979,0E-7,1,1,0.49324550000000000,0.493245500000,-0.9865810262130424,-0.9865810262130424,-0.9865810262130424,0E-17,ELIGIBLE,R03b_20260811_FULL_v1,L1_ELIGIBILITY,v2026-08-11,2026-03-21..2026-08-06,baccarat_bet02_101_all_pairs_incl_sentinel,round_win = game_pnl > 0 (decisive only),COMPATIBILITY_ONLY_NOT_PRODUCTION,5387.2562,4915.3190,482.5021,335,332,-0.08956361,-0.08422378,-1.00000000,-0.08956361,-482.5021,5387.2562,OK,0.0000,19.3001,4.0000,96.0000,AG03-UNRESOLVED,ALL5_LEVELS_bet23_to_bet27,19.3001,19.3001,19.3001,28.9501,28.9501,4.000000,4.000000,4.000000,6.000000,6.000000,96.000000,96.000000,96.000000,94.000000,94.000000,5.0,115.8005,105.3048,366.7016,377.1974,PENDING_AG03,FALSE,NOT_FOR_ENFORCEMENT,463.2020,4718.7063,482.5021,463.2020,19.3001,0.08956361,0.08598107,19.3001,463.2020,0.08598107,19.3001,19.3001,19.3001,28.9501,28.9501,463.2020,0.08598107,115.8005,105.3048,366.7016,377.1974,0.06806835,0.0700166,0.00358254,16.0814,14.8052,1.4533,96.5004,3.2383,1077.4512,66.4000,16.0836,15.7064,10.2195,14.3073,20.439,30.6585,30.6585,40.8781,12.2634,0.0,2.142857,2.857143,1.123995,29,71,8,4,0.99416907,0.08956361,0.08422378,0E-8,0.000000,0.912397,0.988060,0.91577622,2026-04-22,2026-07-19,5,149,91,89,0.056180,1.024019,1.000140,3.313897,,,,,,,,GLOBAL_BASELINE_NO_ENTITY_RANKING,,,NOT_APPLICABLE_GLOBAL_BASELINE,HF9g-P5,,,,X 全窗基线 · 不参与实体赏罚,8393923,840,A168_HF9F_20260827_0900,2026-08-27 09:00:00
2026-07-19,149014958,1507,0,16.5556146016,-16.5556146016,-16.5556146016,0E-7,1,1,0.50665070000000000,0.506650700000,-1.013391052207602,-1.013391052207602,-1.013391052207602,0E-17,ELIGIBLE,R03b_20260811_FULL_v1,L1_ELIGIBILITY,v2026-08-11,2026-03-21..2026-08-06,baccarat_bet02_101_all_pairs_incl_sentinel,round_win = game_pnl > 0 (decisive only),COMPATIBILITY_ONLY_NOT_PRODUCTION,5387.2562,4915.3190,482.5021,335,332,-0.08956361,-0.08422378,-1.00000000,-0.08956361,-482.5021,5387.2562,OK,0.0000,19.3001,4.0000,96.0000,AG03-UNRESOLVED,ALL5_LEVELS_bet23_to_bet27,19.3001,19.3001,19.3001,28.9501,28.9501,4.000000,4.000000,4.000000,6.000000,6.000000,96.000000,96.000000,96.000000,94.000000,94.000000,5.0,115.8005,105.3048,366.7016,377.1974,PENDING_AG03,FALSE,NOT_FOR_ENFORCEMENT,463.2020,4718.7063,482.5021,463.2020,19.3001,0.08956361,0.08598107,19.3001,463.2020,0.08598107,19.3001,19.3001,19.3001,28.9501,28.9501,463.2020,0.08598107,115.8005,105.3048,366.7016,377.1974,0.06806835,0.0700166,0.00358254,16.0814,14.8052,1.4533,96.5004,3.2383,1077.4512,66.4000,16.0836,15.7064,10.2195,14.3073,20.439,30.6585,30.6585,40.8781,12.2634,0.0,2.142857,2.857143,1.123995,29,71,8,4,0.99416907,0.08956361,0.08422378,0E-8,0.000000,0.912397,0.988060,0.91577622,2026-04-22,2026-07-19,5,149,91,89,0.056180,1.024019,1.000140,3.313897,,,,,,,,GLOBAL_BASELINE_NO_ENTITY_RANKING,,,NOT_APPLICABLE_GLOBAL_BASELINE,HF9g-P5,,,,X 全窗基线 · 不参与实体赏罚,8393924,840,A168_HF9F_20260827_0900,2026-08-27 09:00:00
2026-07-19,149014958,1645,0,10.2195151862,0E-10,0E-10,,1,1,0.50665070000000000,0.506650700000,,,,0E-17,NO_DECISIVE_ROUND,R03b_20260811_FULL_v1,L1_ELIGIBILITY,v2026-08-11,2026-03-21..2026-08-06,baccarat_bet02_101_all_pairs_incl_sentinel,round_win = game_pnl > 0 (decisive only),COMPATIBILITY_ONLY_NOT_PRODUCTION,5387.2562,4915.3190,482.5021,335,332,-0.08956361,-0.08422378,-1.00000000,-0.08956361,-482.5021,5387.2562,OK,0.0000,19.3001,4.0000,96.0000,AG03-UNRESOLVED,ALL5_LEVELS_bet23_to_bet27,19.3001,19.3001,19.3001,28.9501,28.9501,4.000000,4.000000,4.000000,6.000000,6.000000,96.000000,96.000000,96.000000,94.000000,94.000000,5.0,115.8005,105.3048,366.7016,377.1974,PENDING_AG03,FALSE,NOT_FOR_ENFORCEMENT,463.2020,4718.7063,482.5021,463.2020,19.3001,0.08956361,0.08598107,19.3001,463.2020,0.08598107,19.3001,19.3001,19.3001,28.9501,28.9501,463.2020,0.08598107,115.8005,105.3048,366.7016,377.1974,0.06806835,0.0700166,0.00358254,16.0814,14.8052,1.4533,96.5004,3.2383,1077.4512,66.4000,16.0836,15.7064,10.2195,14.3073,20.439,30.6585,30.6585,40.8781,12.2634,0.0,2.142857,2.857143,1.123995,29,71,8,4,0.99416907,0.08956361,0.08422378,0E-8,0.000000,0.912397,0.988060,0.91577622,2026-04-22,2026-07-19,5,149,91,89,0.056180,1.024019,1.000140,3.313897,,,,,,,,GLOBAL_BASELINE_NO_ENTITY_RANKING,,,NOT_APPLICABLE_GLOBAL_BASELINE,HF9g-P5,,,,X 全窗基线 · 不参与实体赏罚,8393925,840,A168_HF9F_20260827_0900,2026-08-27 09:00:00
2026-07-19,149014958,1966,0,40.8780607448,-2.0439030372,-2.0439030372,0.5000000,3,3,0.50665070000000000,0.506650700000,-0.018812684590367487,-0.018812684590367487,-0.018812684590367487,0E-17,ELIGIBLE,R03b_20260811_FULL_v1,L1_ELIGIBILITY,v2026-08-11,2026-03-21..2026-08-06,baccarat_bet02_101_all_pairs_incl_sentinel,round_win = game_pnl > 0 (decisive only),COMPATIBILITY_ONLY_NOT_PRODUCTION,5387.2562,4915.3190,482.5021,335,332,-0.08956361,-0.08422378,-1.00000000,-0.08956361,-482.5021,5387.2562,OK,0.0000,19.3001,4.0000,96.0000,AG03-UNRESOLVED,ALL5_LEVELS_bet23_to_bet27,19.3001,19.3001,19.3001,28.9501,28.9501,4.000000,4.000000,4.000000,6.000000,6.000000,96.000000,96.000000,96.000000,94.000000,94.000000,5.0,115.8005,105.3048,366.7016,377.1974,PENDING_AG03,FALSE,NOT_FOR_ENFORCEMENT,463.2020,4718.7063,482.5021,463.2020,19.3001,0.08956361,0.08598107,19.3001,463.2020,0.08598107,19.3001,19.3001,19.3001,28.9501,28.9501,463.2020,0.08598107,115.8005,105.3048,366.7016,377.1974,0.06806835,0.0700166,0.00358254,16.0814,14.8052,1.4533,96.5004,3.2383,1077.4512,66.4000,16.0836,15.7064,10.2195,14.3073,20.439,30.6585,30.6585,40.8781,12.2634,0.0,2.142857,2.857143,1.123995,29,71,8,4,0.99416907,0.08956361,0.08422378,0E-8,0.000000,0.912397,0.988060,0.91577622,2026-04-22,2026-07-19,5,149,91,89,0.056180,1.024019,1.000140,3.313897,,,,,,,,GLOBAL_BASELINE_NO_ENTITY_RANKING,,,NOT_APPLICABLE_GLOBAL_BASELINE,HF9g-P5,,,,X 全窗基线 · 不参与实体赏罚,8393926,840,A168_HF9F_20260827_0900,2026-08-27 09:00:00
2026-07-19,149014958,2101,0,51.0975759310,-51.0975759310,-51.0975759310,0E-7,4,4,0.49994810000000000,0.499948100000,-1.9997924107733216,-1.9997924107733216,-1.9997924107733216,0E-17,ELIGIBLE,R03b_20260811_FULL_v1,L1_ELIGIBILITY,v2026-08-11,2026-03-21..2026-08-06,baccarat_bet02_101_all_pairs_incl_sentinel,round_win = game_pnl > 0 (decisive only),COMPATIBILITY_ONLY_NOT_PRODUCTION,5387.2562,4915.3190,482.5021,335,332,-0.08956361,-0.08422378,-1.00000000,-0.08956361,-482.5021,5387.2562,OK,0.0000,19.3001,4.0000,96.0000,AG03-UNRESOLVED,ALL5_LEVELS_bet23_to_bet27,19.3001,19.3001,19.3001,28.9501,28.9501,4.000000,4.000000,4.000000,6.000000,6.000000,96.000000,96.000000,96.000000,94.000000,94.000000,5.0,115.8005,105.3048,366.7016,377.1974,PENDING_AG03,FALSE,NOT_FOR_ENFORCEMENT,463.2020,4718.7063,482.5021,463.2020,19.3001,0.08956361,0.08598107,19.3001,463.2020,0.08598107,19.3001,19.3001,19.3001,28.9501,28.9501,463.2020,0.08598107,115.8005,105.3048,366.7016,377.1974,0.06806835,0.0700166,0.00358254,16.0814,14.8052,1.4533,96.5004,3.2383,1077.4512,66.4000,16.0836,15.7064,10.2195,14.3073,20.439,30.6585,30.6585,40.8781,12.2634,0.0,2.142857,2.857143,1.123995,29,71,8,4,0.99416907,0.08956361,0.08422378,0E-8,0.000000,0.912397,0.988060,0.91577622,2026-04-22,2026-07-19,5,149,91,89,0.056180,1.024019,1.000140,3.313897,,,,,,,,GLOBAL_BASELINE_NO_ENTITY_RANKING,,,NOT_APPLICABLE_GLOBAL_BASELINE,HF9g-P5,,,,X 全窗基线 · 不参与实体赏罚,8393927,840,A168_HF9F_20260827_0900,2026-08-27 09:00:00
2026-07-19,149014958,2121,0,26.5707394841,-14.3073212607,-14.3073212607,0.5000000,2,2,0.49994810000000000,0.499948100000,0.00014679536856514622,0.00014679536856514622,0.00014679536856514622,0E-17,ELIGIBLE,R03b_20260811_FULL_v1,L1_ELIGIBILITY,v2026-08-11,2026-03-21..2026-08-06,baccarat_bet02_101_all_pairs_incl_sentinel,round_win = game_pnl > 0 (decisive only),COMPATIBILITY_ONLY_NOT_PRODUCTION,5387.2562,4915.3190,482.5021,335,332,-0.08956361,-0.08422378,-1.00000000,-0.08956361,-482.5021,5387.2562,OK,0.0000,19.3001,4.0000,96.0000,AG03-UNRESOLVED,ALL5_LEVELS_bet23_to_bet27,19.3001,19.3001,19.3001,28.9501,28.9501,4.000000,4.000000,4.000000,6.000000,6.000000,96.000000,96.000000,96.000000,94.000000,94.000000,5.0,115.8005,105.3048,366.7016,377.1974,PENDING_AG03,FALSE,NOT_FOR_ENFORCEMENT,463.2020,4718.7063,482.5021,463.2020,19.3001,0.08956361,0.08598107,19.3001,463.2020,0.08598107,19.3001,19.3001,19.3001,28.9501,28.9501,463.2020,0.08598107,115.8005,105.3048,366.7016,377.1974,0.06806835,0.0700166,0.00358254,16.0814,14.8052,1.4533,96.5004,3.2383,1077.4512,66.4000,16.0836,15.7064,10.2195,14.3073,20.439,30.6585,30.6585,40.8781,12.2634,0.0,2.142857,2.857143,1.123995,29,71,8,4,0.99416907,0.08956361,0.08422378,0E-8,0.000000,0.912397,0.988060,0.91577622,2026-04-22,2026-07-19,5,149,91,89,0.056180,1.024019,1.000140,3.313897,,,,,,,,GLOBAL_BASELINE_NO_ENTITY_RANKING,,,NOT_APPLICABLE_GLOBAL_BASELINE,HF9g-P5,,,,X 全窗基线 · 不参与实体赏罚,8393928,840,A168_HF9F_20260827_0900,2026-08-27 09:00:00
2026-07-19,149014958,2141,0,43.9439153007,43.9439153007,43.9439153007,1.0000000,3,3,0.50665070000000000,0.506650700000,1.7091633124209307,1.7091633124209307,1.7091633124209307,0E-17,ELIGIBLE,R03b_20260811_FULL_v1,L1_ELIGIBILITY,v2026-08-11,2026-03-21..2026-08-06,baccarat_bet02_101_all_pairs_incl_sentinel,round_win = game_pnl > 0 (decisive only),COMPATIBILITY_ONLY_NOT_PRODUCTION,5387.2562,4915.3190,482.5021,335,332,-0.08956361,-0.08422378,-1.00000000,-0.08956361,-482.5021,5387.2562,OK,0.0000,19.3001,4.0000,96.0000,AG03-UNRESOLVED,ALL5_LEVELS_bet23_to_bet27,19.3001,19.3001,19.3001,28.9501,28.9501,4.000000,4.000000,4.000000,6.000000,6.000000,96.000000,96.000000,96.000000,94.000000,94.000000,5.0,115.8005,105.3048,366.7016,377.1974,PENDING_AG03,FALSE,NOT_FOR_ENFORCEMENT,463.2020,4718.7063,482.5021,463.2020,19.3001,0.08956361,0.08598107,19.3001,463.2020,0.08598107,19.3001,19.3001,19.3001,28.9501,28.9501,463.2020,0.08598107,115.8005,105.3048,366.7016,377.1974,0.06806835,0.0700166,0.00358254,16.0814,14.8052,1.4533,96.5004,3.2383,1077.4512,66.4000,16.0836,15.7064,10.2195,14.3073,20.439,30.6585,30.6585,40.8781,12.2634,0.0,2.142857,2.857143,1.123995,29,71,8,4,0.99416907,0.08956361,0.08422378,0E-8,0.000000,0.912397,0.988060,0.91577622,2026-04-22,2026-07-19,5,149,91,89,0.056180,1.024019,1.000140,3.313897,,,,,,,,GLOBAL_BASELINE_NO_ENTITY_RANKING,,,NOT_APPLICABLE_GLOBAL_BASELINE,HF9g-P5,,,,X 全窗基线 · 不参与实体赏罚,8393929,840,A168_HF9F_20260827_0900,2026-08-27 09:00:00
2026-07-19,149014958,2169,0,102.1951518620,-20.4390303724,-20.4390303724,0.6000000,5,5,0.50128862000000000,0.501288620000,0.4414521777673877,0.4414521777673877,0.4414521777673877,0E-17,ELIGIBLE,R03b_20260811_FULL_v1,L1_ELIGIBILITY,v2026-08-11,2026-03-21..2026-08-06,baccarat_bet02_101_all_pairs_incl_sentinel,round_win = game_pnl > 0 (decisive only),COMPATIBILITY_ONLY_NOT_PRODUCTION,5387.2562,4915.3190,482.5021,335,332,-0.08956361,-0.08422378,-1.00000000,-0.08956361,-482.5021,5387.2562,OK,0.0000,19.3001,4.0000,96.0000,AG03-UNRESOLVED,ALL5_LEVELS_bet23_to_bet27,19.3001,19.3001,19.3001,28.9501,28.9501,4.000000,4.000000,4.000000,6.000000,6.000000,96.000000,96.000000,96.000000,94.000000,94.000000,5.0,115.8005,105.3048,366.7016,377.1974,PENDING_AG03,FALSE,NOT_FOR_ENFORCEMENT,463.2020,4718.7063,482.5021,463.2020,19.3001,0.08956361,0.08598107,19.3001,463.2020,0.08598107,19.3001,19.3001,19.3001,28.9501,28.9501,463.2020,0.08598107,115.8005,105.3048,366.7016,377.1974,0.06806835,0.0700166,0.00358254,16.0814,14.8052,1.4533,96.5004,3.2383,1077.4512,66.4000,16.0836,15.7064,10.2195,14.3073,20.439,30.6585,30.6585,40.8781,12.2634,0.0,2.142857,2.857143,1.123995,29,71,8,4,0.99416907,0.08956361,0.08422378,0E-8,0.000000,0.912397,0.988060,0.91577622,2026-04-22,2026-07-19,5,149,91,89,0.056180,1.024019,1.000140,3.313897,,,,,,,,GLOBAL_BASELINE_NO_ENTITY_RANKING,,,NOT_APPLICABLE_GLOBAL_BASELINE,HF9g-P5,,,,X 全窗基线 · 不参与实体赏罚,8393930,840,A168_HF9F_20260827_0900,2026-08-27 09:00:00
2026-07-19,149014958,2175,0,10.2195151862,-10.2195151862,-10.2195151862,0E-7,1,1,0.49324550000000000,0.493245500000,-0.9865810262130424,-0.9865810262130424,-0.9865810262130424,0E-17,ELIGIBLE,R03b_20260811_FULL_v1,L1_ELIGIBILITY,v2026-08-11,2026-03-21..2026-08-06,baccarat_bet02_101_all_pairs_incl_sentinel,round_win = game_pnl > 0 (decisive only),COMPATIBILITY_ONLY_NOT_PRODUCTION,5387.2562,4915.3190,482.5021,335,332,-0.08956361,-0.08422378,-1.00000000,-0.08956361,-482.5021,5387.2562,OK,0.0000,19.3001,4.0000,96.0000,AG03-UNRESOLVED,ALL5_LEVELS_bet23_to_bet27,19.3001,19.3001,19.3001,28.9501,28.9501,4.000000,4.000000,4.000000,6.000000,6.000000,96.000000,96.000000,96.000000,94.000000,94.000000,5.0,115.8005,105.3048,366.7016,377.1974,PENDING_AG03,FALSE,NOT_FOR_ENFORCEMENT,463.2020,4718.7063,482.5021,463.2020,19.3001,0.08956361,0.08598107,19.3001,463.2020,0.08598107,19.3001,19.3001,19.3001,28.9501,28.9501,463.2020,0.08598107,115.8005,105.3048,366.7016,377.1974,0.06806835,0.0700166,0.00358254,16.0814,14.8052,1.4533,96.5004,3.2383,1077.4512,66.4000,16.0836,15.7064,10.2195,14.3073,20.439,30.6585,30.6585,40.8781,12.2634,0.0,2.142857,2.857143,1.123995,29,71,8,4,0.99416907,0.08956361,0.08422378,0E-8,0.000000,0.912397,0.988060,0.91577622,2026-04-22,2026-07-19,5,149,91,89,0.056180,1.024019,1.000140,3.313897,,,,,,,,GLOBAL_BASELINE_NO_ENTITY_RANKING,,,NOT_APPLICABLE_GLOBAL_BASELINE,HF9g-P5,,,,X 全窗基线 · 不参与实体赏罚,8393931,840,A168_HF9F_20260827_0900,2026-08-27 09:00:00
2026-07-19,149014958,2241,0,25.5487879655,-25.5487879655,-25.5487879655,0E-7,1,1,0.50665070000000000,0.506650700000,-1.013391052207602,-1.013391052207602,-1.013391052207602,0E-17,ELIGIBLE,R03b_20260811_FULL_v1,L1_ELIGIBILITY,v2026-08-11,2026-03-21..2026-08-06,baccarat_bet02_101_all_pairs_incl_sentinel,round_win = game_pnl > 0 (decisive only),COMPATIBILITY_ONLY_NOT_PRODUCTION,5387.2562,4915.3190,482.5021,335,332,-0.08956361,-0.08422378,-1.00000000,-0.08956361,-482.5021,5387.2562,OK,0.0000,19.3001,4.0000,96.0000,AG03-UNRESOLVED,ALL5_LEVELS_bet23_to_bet27,19.3001,19.3001,19.3001,28.9501,28.9501,4.000000,4.000000,4.000000,6.000000,6.000000,96.000000,96.000000,96.000000,94.000000,94.000000,5.0,115.8005,105.3048,366.7016,377.1974,PENDING_AG03,FALSE,NOT_FOR_ENFORCEMENT,463.2020,4718.7063,482.5021,463.2020,19.3001,0.08956361,0.08598107,19.3001,463.2020,0.08598107,19.3001,19.3001,19.3001,28.9501,28.9501,463.2020,0.08598107,115.8005,105.3048,366.7016,377.1974,0.06806835,0.0700166,0.00358254,16.0814,14.8052,1.4533,96.5004,3.2383,1077.4512,66.4000,16.0836,15.7064,10.2195,14.3073,20.439,30.6585,30.6585,40.8781,12.2634,0.0,2.142857,2.857143,1.123995,29,71,8,4,0.99416907,0.08956361,0.08422378,0E-8,0.000000,0.912397,0.988060,0.91577622,2026-04-22,2026-07-19,5,149,91,89,0.056180,1.024019,1.000140,3.313897,,,,,,,,GLOBAL_BASELINE_NO_ENTITY_RANKING,,,NOT_APPLICABLE_GLOBAL_BASELINE,HF9g-P5,,,,X 全窗基线 · 不参与实体赏罚,8393932,840,A168_HF9F_20260827_0900,2026-08-27 09:00:00
2026-07-19,149014958,2242,0,14.3073212607,-14.3073212607,-14.3073212607,0E-7,1,1,0.50665070000000000,0.506650700000,-1.013391052207602,-1.013391052207602,-1.013391052207602,0E-17,ELIGIBLE,R03b_20260811_FULL_v1,L1_ELIGIBILITY,v2026-08-11,2026-03-21..2026-08-06,baccarat_bet02_101_all_pairs_incl_sentinel,round_win = game_pnl > 0 (decisive only),COMPATIBILITY_ONLY_NOT_PRODUCTION,5387.2562,4915.3190,482.5021,335,332,-0.08956361,-0.08422378,-1.00000000,-0.08956361,-482.5021,5387.2562,OK,0.0000,19.3001,4.0000,96.0000,AG03-UNRESOLVED,ALL5_LEVELS_bet23_to_bet27,19.3001,19.3001,19.3001,28.9501,28.9501,4.000000,4.000000,4.000000,6.000000,6.000000,96.000000,96.000000,96.000000,94.000000,94.000000,5.0,115.8005,105.3048,366.7016,377.1974,PENDING_AG03,FALSE,NOT_FOR_ENFORCEMENT,463.2020,4718.7063,482.5021,463.2020,19.3001,0.08956361,0.08598107,19.3001,463.2020,0.08598107,19.3001,19.3001,19.3001,28.9501,28.9501,463.2020,0.08598107,115.8005,105.3048,366.7016,377.1974,0.06806835,0.0700166,0.00358254,16.0814,14.8052,1.4533,96.5004,3.2383,1077.4512,66.4000,16.0836,15.7064,10.2195,14.3073,20.439,30.6585,30.6585,40.8781,12.2634,0.0,2.142857,2.857143,1.123995,29,71,8,4,0.99416907,0.08956361,0.08422378,0E-8,0.000000,0.912397,0.988060,0.91577622,2026-04-22,2026-07-19,5,149,91,89,0.056180,1.024019,1.000140,3.313897,,,,,,,,GLOBAL_BASELINE_NO_ENTITY_RANKING,,,NOT_APPLICABLE_GLOBAL_BASELINE,HF9g-P5,,,,X 全窗基线 · 不参与实体赏罚,8393933,840,A168_HF9F_20260827_0900,2026-08-27 09:00:00
2026-07-19,149014958,2251,0,6.1317091117,0E-10,0E-10,,1,1,0.50665070000000000,0.506650700000,,,,0E-17,NO_DECISIVE_ROUND,R03b_20260811_FULL_v1,L1_ELIGIBILITY,v2026-08-11,2026-03-21..2026-08-06,baccarat_bet02_101_all_pairs_incl_sentinel,round_win = game_pnl > 0 (decisive only),COMPATIBILITY_ONLY_NOT_PRODUCTION,5387.2562,4915.3190,482.5021,335,332,-0.08956361,-0.08422378,-1.00000000,-0.08956361,-482.5021,5387.2562,OK,0.0000,19.3001,4.0000,96.0000,AG03-UNRESOLVED,ALL5_LEVELS_bet23_to_bet27,19.3001,19.3001,19.3001,28.9501,28.9501,4.000000,4.000000,4.000000,6.000000,6.000000,96.000000,96.000000,96.000000,94.000000,94.000000,5.0,115.8005,105.3048,366.7016,377.1974,PENDING_AG03,FALSE,NOT_FOR_ENFORCEMENT,463.2020,4718.7063,482.5021,463.2020,19.3001,0.08956361,0.08598107,19.3001,463.2020,0.08598107,19.3001,19.3001,19.3001,28.9501,28.9501,463.2020,0.08598107,115.8005,105.3048,366.7016,377.1974,0.06806835,0.0700166,0.00358254,16.0814,14.8052,1.4533,96.5004,3.2383,1077.4512,66.4000,16.0836,15.7064,10.2195,14.3073,20.439,30.6585,30.6585,40.8781,12.2634,0.0,2.142857,2.857143,1.123995,29,71,8,4,0.99416907,0.08956361,0.08422378,0E-8,0.000000,0.912397,0.988060,0.91577622,2026-04-22,2026-07-19,5,149,91,89,0.056180,1.024019,1.000140,3.313897,,,,,,,,GLOBAL_BASELINE_NO_ENTITY_RANKING,,,NOT_APPLICABLE_GLOBAL_BASELINE,HF9g-P5,,,,X 全窗基线 · 不参与实体赏罚,8393934,840,A168_HF9F_20260827_0900,2026-08-27 09:00:00
2026-07-19,149014958,2267,0,14.3073212607,-14.3073212607,-14.3073212607,0E-7,1,1,0.50665070000000000,0.506650700000,-1.013391052207602,-1.013391052207602,-1.013391052207602,0E-17,ELIGIBLE,R03b_20260811_FULL_v1,L1_ELIGIBILITY,v2026-08-11,2026-03-21..2026-08-06,baccarat_bet02_101_all_pairs_incl_sentinel,round_win = game_pnl > 0 (decisive only),COMPATIBILITY_ONLY_NOT_PRODUCTION,5387.2562,4915.3190,482.5021,335,332,-0.08956361,-0.08422378,-1.00000000,-0.08956361,-482.5021,5387.2562,OK,0.0000,19.3001,4.0000,96.0000,AG03-UNRESOLVED,ALL5_LEVELS_bet23_to_bet27,19.3001,19.3001,19.3001,28.9501,28.9501,4.000000,4.000000,4.000000,6.000000,6.000000,96.000000,96.000000,96.000000,94.000000,94.000000,5.0,115.8005,105.3048,366.7016,377.1974,PENDING_AG03,FALSE,NOT_FOR_ENFORCEMENT,463.2020,4718.7063,482.5021,463.2020,19.3001,0.08956361,0.08598107,19.3001,463.2020,0.08598107,19.3001,19.3001,19.3001,28.9501,28.9501,463.2020,0.08598107,115.8005,105.3048,366.7016,377.1974,0.06806835,0.0700166,0.00358254,16.0814,14.8052,1.4533,96.5004,3.2383,1077.4512,66.4000,16.0836,15.7064,10.2195,14.3073,20.439,30.6585,30.6585,40.8781,12.2634,0.0,2.142857,2.857143,1.123995,29,71,8,4,0.99416907,0.08956361,0.08422378,0E-8,0.000000,0.912397,0.988060,0.91577622,2026-04-22,2026-07-19,5,149,91,89,0.056180,1.024019,1.000140,3.313897,,,,,,,,GLOBAL_BASELINE_NO_ENTITY_RANKING,,,NOT_APPLICABLE_GLOBAL_BASELINE,HF9g-P5,,,,X 全窗基线 · 不参与实体赏罚,8393935,840,A168_HF9F_20260827_0900,2026-08-27 09:00:00
2026-07-19,149014958,2289,0,6.1317091117,-6.1317091117,-6.1317091117,0E-7,1,1,0.49324550000000000,0.493245500000,-0.9865810262130424,-0.9865810262130424,-0.9865810262130424,0E-17,ELIGIBLE,R03b_20260811_FULL_v1,L1_ELIGIBILITY,v2026-08-11,2026-03-21..2026-08-06,baccarat_bet02_101_all_pairs_incl_sentinel,round_win = game_pnl > 0 (decisive only),COMPATIBILITY_ONLY_NOT_PRODUCTION,5387.2562,4915.3190,482.5021,335,332,-0.08956361,-0.08422378,-1.00000000,-0.08956361,-482.5021,5387.2562,OK,0.0000,19.3001,4.0000,96.0000,AG03-UNRESOLVED,ALL5_LEVELS_bet23_to_bet27,19.3001,19.3001,19.3001,28.9501,28.9501,4.000000,4.000000,4.000000,6.000000,6.000000,96.000000,96.000000,96.000000,94.000000,94.000000,5.0,115.8005,105.3048,366.7016,377.1974,PENDING_AG03,FALSE,NOT_FOR_ENFORCEMENT,463.2020,4718.7063,482.5021,463.2020,19.3001,0.08956361,0.08598107,19.3001,463.2020,0.08598107,19.3001,19.3001,19.3001,28.9501,28.9501,463.2020,0.08598107,115.8005,105.3048,366.7016,377.1974,0.06806835,0.0700166,0.00358254,16.0814,14.8052,1.4533,96.5004,3.2383,1077.4512,66.4000,16.0836,15.7064,10.2195,14.3073,20.439,30.6585,30.6585,40.8781,12.2634,0.0,2.142857,2.857143,1.123995,29,71,8,4,0.99416907,0.08956361,0.08422378,0E-8,0.000000,0.912397,0.988060,0.91577622,2026-04-22,2026-07-19,5,149,91,89,0.056180,1.024019,1.000140,3.313897,,,,,,,,GLOBAL_BASELINE_NO_ENTITY_RANKING,,,NOT_APPLICABLE_GLOBAL_BASELINE,HF9g-P5,,,,X 全窗基线 · 不参与实体赏罚,8393936,840,A168_HF9F_20260827_0900,2026-08-27 09:00:00
2026-07-19,149014958,994,0,56.2073335241,15.3292727793,15.3292727793,0.5000000,3,3,0.49771390000000000,0.497713900000,0.006466134837551399,0.0064661348375514,0.006466134837551399,0E-17,ELIGIBLE,R03b_20260811_FULL_v1,L1_ELIGIBILITY,v2026-08-11,2026-03-21..2026-08-06,baccarat_bet02_101_all_pairs_incl_sentinel,round_win = game_pnl > 0 (decisive only),COMPATIBILITY_ONLY_NOT_PRODUCTION,5387.2562,4915.3190,482.5021,335,332,-0.08956361,-0.08422378,-1.00000000,-0.08956361,-482.5021,5387.2562,OK,0.0000,19.3001,4.0000,96.0000,AG03-UNRESOLVED,ALL5_LEVELS_bet23_to_bet27,19.3001,19.3001,19.3001,28.9501,28.9501,4.000000,4.000000,4.000000,6.000000,6.000000,96.000000,96.000000,96.000000,94.000000,94.000000,5.0,115.8005,105.3048,366.7016,377.1974,PENDING_AG03,FALSE,NOT_FOR_ENFORCEMENT,463.2020,4718.7063,482.5021,463.2020,19.3001,0.08956361,0.08598107,19.3001,463.2020,0.08598107,19.3001,19.3001,19.3001,28.9501,28.9501,463.2020,0.08598107,115.8005,105.3048,366.7016,377.1974,0.06806835,0.0700166,0.00358254,16.0814,14.8052,1.4533,96.5004,3.2383,1077.4512,66.4000,16.0836,15.7064,10.2195,14.3073,20.439,30.6585,30.6585,40.8781,12.2634,0.0,2.142857,2.857143,1.123995,29,71,8,4,0.99416907,0.08956361,0.08422378,0E-8,0.000000,0.912397,0.988060,0.91577622,2026-04-22,2026-07-19,5,149,91,89,0.056180,1.024019,1.000140,3.313897,,,,,,,,GLOBAL_BASELINE_NO_ENTITY_RANKING,,,NOT_APPLICABLE_GLOBAL_BASELINE,HF9g-P5,,,,X 全窗基线 · 不参与实体赏罚,8393937,840,A168_HF9F_20260827_0900,2026-08-27 09:00:00
2026-04-11,139860604,2142,0,513.0487134522,265.6859408946,265.6859408946,0.3333333,10,9,0.35817343888888889,0.358173438889,-0.1554243860355497,-0.15542438603623424,-0.1554243860355497,-1.1111E-13,ELIGIBLE,R03b_20260811_FULL_v1,L1_ELIGIBILITY,v2026-08-11,2026-03-21..2026-08-06,baccarat_bet02_101_all_pairs_incl_sentinel,round_win = game_pnl > 0 (decisive only),COMPATIBILITY_ONLY_NOT_PRODUCTION,14959.2779,13993.6831,482.5433,379,317,-0.03225713,0.01336124,-0.03773523,-0.03225713,-482.5433,14959.2779,OK,0.0000,19.3017,4.0000,96.0000,AG03-UNRESOLVED,ALL5_LEVELS_bet23_to_bet27,19.3017,19.3017,19.3017,19.3017,19.3017,4.000000,4.000000,4.000000,4.000000,4.000000,96.000000,96.000000,96.000000,96.000000,96.000000,5.0,96.5087,89.0907,386.0346,393.4526,PENDING_AG03,FALSE,NOT_FOR_ENFORCEMENT,463.2416,13433.9358,482.5433,463.2416,19.3017,0.03225713,0.03096684,19.3017,463.2416,0.03096684,19.3017,19.3017,19.3017,19.3017,19.3017,463.2416,0.03096684,96.5087,89.0907,386.0346,393.4526,0.02580570,0.02630158,0.00129029,39.4704,44.1441,1.5222,13.7870,6.1865,427.4079,9.0571,27.1831,41.7359,12.8578,25.8178,26.176,129.4727,131.8163,261.7596,25.7155,-12.8578,5.105642,10.138733,1.528807,24,60,28,8,0.10721108,0.03225713,-0.01336124,0E-8,0.000000,0.935452,0.000000,0.05109647,2026-04-11,2026-07-26,35,78,74,107,0.327103,0.651312,0.688695,0.357370,,,,,,,,GLOBAL_BASELINE_NO_ENTITY_RANKING,,,NOT_APPLICABLE_GLOBAL_BASELINE,HF9g-P5,,,,X 全窗基线 · 不参与实体赏罚,8393938,840,A168_HF9F_20260827_0900,2026-08-27 09:00:00
2026-04-12,139860604,-1,1,130.8797738400,261.7595476795,261.7595476795,0.5000000,5,5,0.32582664000000000,0.325826640000,0.743246096511002,0.743246096511002,0.743246096511002,0E-17,SENTINEL_DEALER,R03b_20260811_FULL_v1,L1_ELIGIBILITY,v2026-08-11,2026-03-21..2026-08-06,baccarat_bet02_101_all_pairs_incl_sentinel,round_win = game_pnl > 0 (decisive only),COMPATIBILITY_ONLY_NOT_PRODUCTION,14959.2779,13993.6831,482.5433,379,317,-0.03225713,0.01336124,-0.03773523,-0.03225713,-482.5433,14959.2779,OK,0.0000,19.3017,4.0000,96.0000,AG03-UNRESOLVED,ALL5_LEVELS_bet23_to_bet27,19.3017,19.3017,19.3017,19.3017,19.3017,4.000000,4.000000,4.000000,4.000000,4.000000,96.000000,96.000000,96.000000,96.000000,96.000000,5.0,96.5087,89.0907,386.0346,393.4526,PENDING_AG03,FALSE,NOT_FOR_ENFORCEMENT,463.2416,13433.9358,482.5433,463.2416,19.3017,0.03225713,0.03096684,19.3017,463.2416,0.03096684,19.3017,19.3017,19.3017,19.3017,19.3017,463.2416,0.03096684,96.5087,89.0907,386.0346,393.4526,0.02580570,0.02630158,0.00129029,39.4704,44.1441,1.5222,13.7870,6.1865,427.4079,9.0571,27.1831,41.7359,12.8578,25.8178,26.176,129.4727,131.8163,261.7596,25.7155,-12.8578,5.105642,10.138733,1.528807,24,60,28,8,0.10721108,0.03225713,-0.01336124,0E-8,0.000000,0.935452,0.000000,0.05109647,2026-04-11,2026-07-26,35,78,74,107,0.327103,0.651312,0.688695,0.357370,,,,,,,,GLOBAL_BASELINE_NO_ENTITY_RANKING,,,NOT_APPLICABLE_GLOBAL_BASELINE,HF9g-P5,,,,X 全窗基线 · 不参与实体赏罚,8393939,840,A168_HF9F_20260827_0900,2026-08-27 09:00:00
2026-04-12,139860604,1109,0,222.4956155280,62.8222914432,62.8222914432,0.6666667,9,9,0.49771390000000000,0.497713900000,1.0137271960454026,1.0137271960454026,1.0137271960454026,0E-17,ELIGIBLE,R03b_20260811_FULL_v1,L1_ELIGIBILITY,v2026-08-11,2026-03-21..2026-08-06,baccarat_bet02_101_all_pairs_incl_sentinel,round_win = game_pnl > 0 (decisive only),COMPATIBILITY_ONLY_NOT_PRODUCTION,14959.2779,13993.6831,482.5433,379,317,-0.03225713,0.01336124,-0.03773523,-0.03225713,-482.5433,14959.2779,OK,0.0000,19.3017,4.0000,96.0000,AG03-UNRESOLVED,ALL5_LEVELS_bet23_to_bet27,19.3017,19.3017,19.3017,19.3017,19.3017,4.000000,4.000000,4.000000,4.000000,4.000000,96.000000,96.000000,96.000000,96.000000,96.000000,5.0,96.5087,89.0907,386.0346,393.4526,PENDING_AG03,FALSE,NOT_FOR_ENFORCEMENT,463.2416,13433.9358,482.5433,463.2416,19.3017,0.03225713,0.03096684,19.3017,463.2416,0.03096684,19.3017,19.3017,19.3017,19.3017,19.3017,463.2416,0.03096684,96.5087,89.0907,386.0346,393.4526,0.02580570,0.02630158,0.00129029,39.4704,44.1441,1.5222,13.7870,6.1865,427.4079,9.0571,27.1831,41.7359,12.8578,25.8178,26.176,129.4727,131.8163,261.7596,25.7155,-12.8578,5.105642,10.138733,1.528807,24,60,28,8,0.10721108,0.03225713,-0.01336124,0E-8,0.000000,0.935452,0.000000,0.05109647,2026-04-11,2026-07-26,35,78,74,107,0.327103,0.651312,0.688695,0.357370,,,,,,,,GLOBAL_BASELINE_NO_ENTITY_RANKING,,,NOT_APPLICABLE_GLOBAL_BASELINE,HF9g-P5,,,,X 全窗基线 · 不参与实体赏罚,8393940,840,A168_HF9F_20260827_0900,2026-08-27 09:00:00
2026-04-12,139860604,2147,0,183.2316833758,71.9838756118,71.9838756118,0.5000000,3,2,0.29067452500000000,0.290674525000,0.6519447895314049,0.6519447895314049,0.6519447895314049,0E-17,ELIGIBLE,R03b_20260811_FULL_v1,L1_ELIGIBILITY,v2026-08-11,2026-03-21..2026-08-06,baccarat_bet02_101_all_pairs_incl_sentinel,round_win = game_pnl > 0 (decisive only),COMPATIBILITY_ONLY_NOT_PRODUCTION,14959.2779,13993.6831,482.5433,379,317,-0.03225713,0.01336124,-0.03773523,-0.03225713,-482.5433,14959.2779,OK,0.0000,19.3017,4.0000,96.0000,AG03-UNRESOLVED,ALL5_LEVELS_bet23_to_bet27,19.3017,19.3017,19.3017,19.3017,19.3017,4.000000,4.000000,4.000000,4.000000,4.000000,96.000000,96.000000,96.000000,96.000000,96.000000,5.0,96.5087,89.0907,386.0346,393.4526,PENDING_AG03,FALSE,NOT_FOR_ENFORCEMENT,463.2416,13433.9358,482.5433,463.2416,19.3017,0.03225713,0.03096684,19.3017,463.2416,0.03096684,19.3017,19.3017,19.3017,19.3017,19.3017,463.2416,0.03096684,96.5087,89.0907,386.0346,393.4526,0.02580570,0.02630158,0.00129029,39.4704,44.1441,1.5222,13.7870,6.1865,427.4079,9.0571,27.1831,41.7359,12.8578,25.8178,26.176,129.4727,131.8163,261.7596,25.7155,-12.8578,5.105642,10.138733,1.528807,24,60,28,8,0.10721108,0.03225713,-0.01336124,0E-8,0.000000,0.935452,0.000000,0.05109647,2026-04-11,2026-07-26,35,78,74,107,0.327103,0.651312,0.688695,0.357370,,,,,,,,GLOBAL_BASELINE_NO_ENTITY_RANKING,,,NOT_APPLICABLE_GLOBAL_BASELINE,HF9g-P5,,,,X 全窗基线 · 不参与实体赏罚,8393941,840,A168_HF9F_20260827_0900,2026-08-27 09:00:00
2026-04-12,139860604,2155,0,235.5835929118,70.6750778734,70.6750778734,0.5000000,5,4,0.39266768750000000,0.392667687500,0.4395767418975098,0.4395767418975098,0.4395767418975098,0E-17,ELIGIBLE,R03b_20260811_FULL_v1,L1_ELIGIBILITY,v2026-08-11,2026-03-21..2026-08-06,baccarat_bet02_101_all_pairs_incl_sentinel,round_win = game_pnl > 0 (decisive only),COMPATIBILITY_ONLY_NOT_PRODUCTION,14959.2779,13993.6831,482.5433,379,317,-0.03225713,0.01336124,-0.03773523,-0.03225713,-482.5433,14959.2779,OK,0.0000,19.3017,4.0000,96.0000,AG03-UNRESOLVED,ALL5_LEVELS_bet23_to_bet27,19.3017,19.3017,19.3017,19.3017,19.3017,4.000000,4.000000,4.000000,4.000000,4.000000,96.000000,96.000000,96.000000,96.000000,96.000000,5.0,96.5087,89.0907,386.0346,393.4526,PENDING_AG03,FALSE,NOT_FOR_ENFORCEMENT,463.2416,13433.9358,482.5433,463.2416,19.3017,0.03225713,0.03096684,19.3017,463.2416,0.03096684,19.3017,19.3017,19.3017,19.3017,19.3017,463.2416,0.03096684,96.5087,89.0907,386.0346,393.4526,0.02580570,0.02630158,0.00129029,39.4704,44.1441,1.5222,13.7870,6.1865,427.4079,9.0571,27.1831,41.7359,12.8578,25.8178,26.176,129.4727,131.8163,261.7596,25.7155,-12.8578,5.105642,10.138733,1.528807,24,60,28,8,0.10721108,0.03225713,-0.01336124,0E-8,0.000000,0.935452,0.000000,0.05109647,2026-04-11,2026-07-26,35,78,74,107,0.327103,0.651312,0.688695,0.357370,,,,,,,,GLOBAL_BASELINE_NO_ENTITY_RANKING,,,NOT_APPLICABLE_GLOBAL_BASELINE,HF9g-P5,,,,X 全窗基线 · 不参与实体赏罚,8393942,840,A168_HF9F_20260827_0900,2026-08-27 09:00:00
2026-04-13,139860604,1940,0,200.2460539750,95.5422349030,95.5422349030,0.6666667,4,3,0.35372978333333333,0.353729783333,1.1336382612291496,1.1336382612305989,1.1336382612291496,3.3333E-13,ELIGIBLE,R03b_20260811_FULL_v1,L1_ELIGIBILITY,v2026-08-11,2026-03-21..2026-08-06,baccarat_bet02_101_all_pairs_incl_sentinel,round_win = game_pnl > 0 (decisive only),COMPATIBILITY_ONLY_NOT_PRODUCTION,14959.2779,13993.6831,482.5433,379,317,-0.03225713,0.01336124,-0.03773523,-0.03225713,-482.5433,14959.2779,OK,0.0000,19.3017,4.0000,96.0000,AG03-UNRESOLVED,ALL5_LEVELS_bet23_to_bet27,19.3017,19.3017,19.3017,19.3017,19.3017,4.000000,4.000000,4.000000,4.000000,4.000000,96.000000,96.000000,96.000000,96.000000,96.000000,5.0,96.5087,89.0907,386.0346,393.4526,PENDING_AG03,FALSE,NOT_FOR_ENFORCEMENT,463.2416,13433.9358,482.5433,463.2416,19.3017,0.03225713,0.03096684,19.3017,463.2416,0.03096684,19.3017,19.3017,19.3017,19.3017,19.3017,463.2416,0.03096684,96.5087,89.0907,386.0346,393.4526,0.02580570,0.02630158,0.00129029,39.4704,44.1441,1.5222,13.7870,6.1865,427.4079,9.0571,27.1831,41.7359,12.8578,25.8178,26.176,129.4727,131.8163,261.7596,25.7155,-12.8578,5.105642,10.138733,1.528807,24,60,28,8,0.10721108,0.03225713,-0.01336124,0E-8,0.000000,0.935452,0.000000,0.05109647,2026-04-11,2026-07-26,35,78,74,107,0.327103,0.651312,0.688695,0.357370,,,,,,,,GLOBAL_BASELINE_NO_ENTITY_RANKING,,,NOT_APPLICABLE_GLOBAL_BASELINE,HF9g-P5,,,,X 全窗基线 · 不参与实体赏罚,8393943,840,A168_HF9F_20260827_0900,2026-08-27 09:00:00
2026-04-13,139860604,2101,0,104.7038190718,-104.7038190718,-104.7038190718,0E-7,1,1,0.49324550000000000,0.493245500000,-0.9865810262130424,-0.9865810262130424,-0.9865810262130424,0E-17,ELIGIBLE,R03b_20260811_FULL_v1,L1_ELIGIBILITY,v2026-08-11,2026-03-21..2026-08-06,baccarat_bet02_101_all_pairs_incl_sentinel,round_win = game_pnl > 0 (decisive only),COMPATIBILITY_ONLY_NOT_PRODUCTION,14959.2779,13993.6831,482.5433,379,317,-0.03225713,0.01336124,-0.03773523,-0.03225713,-482.5433,14959.2779,OK,0.0000,19.3017,4.0000,96.0000,AG03-UNRESOLVED,ALL5_LEVELS_bet23_to_bet27,19.3017,19.3017,19.3017,19.3017,19.3017,4.000000,4.000000,4.000000,4.000000,4.000000,96.000000,96.000000,96.000000,96.000000,96.000000,5.0,96.5087,89.0907,386.0346,393.4526,PENDING_AG03,FALSE,NOT_FOR_ENFORCEMENT,463.2416,13433.9358,482.5433,463.2416,19.3017,0.03225713,0.03096684,19.3017,463.2416,0.03096684,19.3017,19.3017,19.3017,19.3017,19.3017,463.2416,0.03096684,96.5087,89.0907,386.0346,393.4526,0.02580570,0.02630158,0.00129029,39.4704,44.1441,1.5222,13.7870,6.1865,427.4079,9.0571,27.1831,41.7359,12.8578,25.8178,26.176,129.4727,131.8163,261.7596,25.7155,-12.8578,5.105642,10.138733,1.528807,24,60,28,8,0.10721108,0.03225713,-0.01336124,0E-8,0.000000,0.935452,0.000000,0.05109647,2026-04-11,2026-07-26,35,78,74,107,0.327103,0.651312,0.688695,0.357370,,,,,,,,GLOBAL_BASELINE_NO_ENTITY_RANKING,,,NOT_APPLICABLE_GLOBAL_BASELINE,HF9g-P5,,,,X 全窗基线 · 不参与实体赏罚,8393944,840,A168_HF9F_20260827_0900,2026-08-27 09:00:00
2026-04-13,139860604,2134,0,52.3519095360,-26.1759547680,-26.1759547680,0E-7,3,2,0.29067452500000000,0.290674525000,-0.6401484627940176,-0.6401484627940176,-0.6401484627940176,0E-17,ELIGIBLE,R03b_20260811_FULL_v1,L1_ELIGIBILITY,v2026-08-11,2026-03-21..2026-08-06,baccarat_bet02_101_all_pairs_incl_sentinel,round_win = game_pnl > 0 (decisive only),COMPATIBILITY_ONLY_NOT_PRODUCTION,14959.2779,13993.6831,482.5433,379,317,-0.03225713,0.01336124,-0.03773523,-0.03225713,-482.5433,14959.2779,OK,0.0000,19.3017,4.0000,96.0000,AG03-UNRESOLVED,ALL5_LEVELS_bet23_to_bet27,19.3017,19.3017,19.3017,19.3017,19.3017,4.000000,4.000000,4.000000,4.000000,4.000000,96.000000,96.000000,96.000000,96.000000,96.000000,5.0,96.5087,89.0907,386.0346,393.4526,PENDING_AG03,FALSE,NOT_FOR_ENFORCEMENT,463.2416,13433.9358,482.5433,463.2416,19.3017,0.03225713,0.03096684,19.3017,463.2416,0.03096684,19.3017,19.3017,19.3017,19.3017,19.3017,463.2416,0.03096684,96.5087,89.0907,386.0346,393.4526,0.02580570,0.02630158,0.00129029,39.4704,44.1441,1.5222,13.7870,6.1865,427.4079,9.0571,27.1831,41.7359,12.8578,25.8178,26.176,129.4727,131.8163,261.7596,25.7155,-12.8578,5.105642,10.138733,1.528807,24,60,28,8,0.10721108,0.03225713,-0.01336124,0E-8,0.000000,0.935452,0.000000,0.05109647,2026-04-11,2026-07-26,35,78,74,107,0.327103,0.651312,0.688695,0.357370,,,,,,,,GLOBAL_BASELINE_NO_ENTITY_RANKING,,,NOT_APPLICABLE_GLOBAL_BASELINE,HF9g-P5,,,,X 全窗基线 · 不参与实体赏罚,8393945,840,A168_HF9F_20260827_0900,2026-08-27 09:00:00
2026-04-13,139860604,2169,0,52.3519095359,52.3519095359,52.3519095359,1.0000000,1,1,0.49324550000000000,0.493245500000,1.01360149184955,1.01360149184955,1.01360149184955,0E-17,ELIGIBLE,R03b_20260811_FULL_v1,L1_ELIGIBILITY,v2026-08-11,2026-03-21..2026-08-06,baccarat_bet02_101_all_pairs_incl_sentinel,round_win = game_pnl > 0 (decisive only),COMPATIBILITY_ONLY_NOT_PRODUCTION,14959.2779,13993.6831,482.5433,379,317,-0.03225713,0.01336124,-0.03773523,-0.03225713,-482.5433,14959.2779,OK,0.0000,19.3017,4.0000,96.0000,AG03-UNRESOLVED,ALL5_LEVELS_bet23_to_bet27,19.3017,19.3017,19.3017,19.3017,19.3017,4.000000,4.000000,4.000000,4.000000,4.000000,96.000000,96.000000,96.000000,96.000000,96.000000,5.0,96.5087,89.0907,386.0346,393.4526,PENDING_AG03,FALSE,NOT_FOR_ENFORCEMENT,463.2416,13433.9358,482.5433,463.2416,19.3017,0.03225713,0.03096684,19.3017,463.2416,0.03096684,19.3017,19.3017,19.3017,19.3017,19.3017,463.2416,0.03096684,96.5087,89.0907,386.0346,393.4526,0.02580570,0.02630158,0.00129029,39.4704,44.1441,1.5222,13.7870,6.1865,427.4079,9.0571,27.1831,41.7359,12.8578,25.8178,26.176,129.4727,131.8163,261.7596,25.7155,-12.8578,5.105642,10.138733,1.528807,24,60,28,8,0.10721108,0.03225713,-0.01336124,0E-8,0.000000,0.935452,0.000000,0.05109647,2026-04-11,2026-07-26,35,78,74,107,0.327103,0.651312,0.688695,0.357370,,,,,,,,GLOBAL_BASELINE_NO_ENTITY_RANKING,,,NOT_APPLICABLE_GLOBAL_BASELINE,HF9g-P5,,,,X 全窗基线 · 不参与实体赏罚,8393946,840,A168_HF9F_20260827_0900,2026-08-27 09:00:00
2026-04-14,139860604,2088,0,261.7595476795,-261.7595476795,-261.7595476795,0E-7,1,1,0.50665070000000000,0.506650700000,-1.013391052207602,-1.013391052207602,-1.013391052207602,0E-17,ELIGIBLE,R03b_20260811_FULL_v1,L1_ELIGIBILITY,v2026-08-11,2026-03-21..2026-08-06,baccarat_bet02_101_all_pairs_incl_sentinel,round_win = game_pnl > 0 (decisive only),COMPATIBILITY_ONLY_NOT_PRODUCTION,14959.2779,13993.6831,482.5433,379,317,-0.03225713,0.01336124,-0.03773523,-0.03225713,-482.5433,14959.2779,OK,0.0000,19.3017,4.0000,96.0000,AG03-UNRESOLVED,ALL5_LEVELS_bet23_to_bet27,19.3017,19.3017,19.3017,19.3017,19.3017,4.000000,4.000000,4.000000,4.000000,4.000000,96.000000,96.000000,96.000000,96.000000,96.000000,5.0,96.5087,89.0907,386.0346,393.4526,PENDING_AG03,FALSE,NOT_FOR_ENFORCEMENT,463.2416,13433.9358,482.5433,463.2416,19.3017,0.03225713,0.03096684,19.3017,463.2416,0.03096684,19.3017,19.3017,19.3017,19.3017,19.3017,463.2416,0.03096684,96.5087,89.0907,386.0346,393.4526,0.02580570,0.02630158,0.00129029,39.4704,44.1441,1.5222,13.7870,6.1865,427.4079,9.0571,27.1831,41.7359,12.8578,25.8178,26.176,129.4727,131.8163,261.7596,25.7155,-12.8578,5.105642,10.138733,1.528807,24,60,28,8,0.10721108,0.03225713,-0.01336124,0E-8,0.000000,0.935452,0.000000,0.05109647,2026-04-11,2026-07-26,35,78,74,107,0.327103,0.651312,0.688695,0.357370,,,,,,,,GLOBAL_BASELINE_NO_ENTITY_RANKING,,,NOT_APPLICABLE_GLOBAL_BASELINE,HF9g-P5,,,,X 全窗基线 · 不参与实体赏罚,8393947,840,A168_HF9F_20260827_0900,2026-08-27 09:00:00
2026-04-14,139860604,2160,0,497.3431405913,130.8797738397,130.8797738397,0.5000000,6,6,0.49771390000000000,0.497713900000,0.011199674067230152,0.011199674067230152,0.011199674067230152,0E-17,ELIGIBLE,R03b_20260811_FULL_v1,L1_ELIGIBILITY,v2026-08-11,2026-03-21..2026-08-06,baccarat_bet02_101_all_pairs_incl_sentinel,round_win = game_pnl > 0 (decisive only),COMPATIBILITY_ONLY_NOT_PRODUCTION,14959.2779,13993.6831,482.5433,379,317,-0.03225713,0.01336124,-0.03773523,-0.03225713,-482.5433,14959.2779,OK,0.0000,19.3017,4.0000,96.0000,AG03-UNRESOLVED,ALL5_LEVELS_bet23_to_bet27,19.3017,19.3017,19.3017,19.3017,19.3017,4.000000,4.000000,4.000000,4.000000,4.000000,96.000000,96.000000,96.000000,96.000000,96.000000,5.0,96.5087,89.0907,386.0346,393.4526,PENDING_AG03,FALSE,NOT_FOR_ENFORCEMENT,463.2416,13433.9358,482.5433,463.2416,19.3017,0.03225713,0.03096684,19.3017,463.2416,0.03096684,19.3017,19.3017,19.3017,19.3017,19.3017,463.2416,0.03096684,96.5087,89.0907,386.0346,393.4526,0.02580570,0.02630158,0.00129029,39.4704,44.1441,1.5222,13.7870,6.1865,427.4079,9.0571,27.1831,41.7359,12.8578,25.8178,26.176,129.4727,131.8163,261.7596,25.7155,-12.8578,5.105642,10.138733,1.528807,24,60,28,8,0.10721108,0.03225713,-0.01336124,0E-8,0.000000,0.935452,0.000000,0.05109647,2026-04-11,2026-07-26,35,78,74,107,0.327103,0.651312,0.688695,0.357370,,,,,,,,GLOBAL_BASELINE_NO_ENTITY_RANKING,,,NOT_APPLICABLE_GLOBAL_BASELINE,HF9g-P5,,,,X 全窗基线 · 不参与实体赏罚,8393948,840,A168_HF9F_20260827_0900,2026-08-27 09:00:00
2026-04-16,139860604,2205,0,261.7595476798,-130.8797738400,-130.8797738400,0E-7,6,3,0.22089407222222222,0.220894072222,-0.7530239241396504,-0.7530239241391641,-0.7530239241396504,2.2222E-13,ELIGIBLE,R03b_20260811_FULL_v1,L1_ELIGIBILITY,v2026-08-11,2026-03-21..2026-08-06,baccarat_bet02_101_all_pairs_incl_sentinel,round_win = game_pnl > 0 (decisive only),COMPATIBILITY_ONLY_NOT_PRODUCTION,14959.2779,13993.6831,482.5433,379,317,-0.03225713,0.01336124,-0.03773523,-0.03225713,-482.5433,14959.2779,OK,0.0000,19.3017,4.0000,96.0000,AG03-UNRESOLVED,ALL5_LEVELS_bet23_to_bet27,19.3017,19.3017,19.3017,19.3017,19.3017,4.000000,4.000000,4.000000,4.000000,4.000000,96.000000,96.000000,96.000000,96.000000,96.000000,5.0,96.5087,89.0907,386.0346,393.4526,PENDING_AG03,FALSE,NOT_FOR_ENFORCEMENT,463.2416,13433.9358,482.5433,463.2416,19.3017,0.03225713,0.03096684,19.3017,463.2416,0.03096684,19.3017,19.3017,19.3017,19.3017,19.3017,463.2416,0.03096684,96.5087,89.0907,386.0346,393.4526,0.02580570,0.02630158,0.00129029,39.4704,44.1441,1.5222,13.7870,6.1865,427.4079,9.0571,27.1831,41.7359,12.8578,25.8178,26.176,129.4727,131.8163,261.7596,25.7155,-12.8578,5.105642,10.138733,1.528807,24,60,28,8,0.10721108,0.03225713,-0.01336124,0E-8,0.000000,0.935452,0.000000,0.05109647,2026-04-11,2026-07-26,35,78,74,107,0.327103,0.651312,0.688695,0.357370,,,,,,,,GLOBAL_BASELINE_NO_ENTITY_RANKING,,,NOT_APPLICABLE_GLOBAL_BASELINE,HF9g-P5,,,,X 全窗基线 · 不参与实体赏罚,8393949,840,A168_HF9F_20260827_0900,2026-08-27 09:00:00
2026-04-17,139860604,1942,0,857.2625186514,128.5893777973,128.5893777973,0.4705882,25,19,0.43562555000000000,0.428047438597,0.29072936360758284,0.35449011047986645,0.29072936360758284,0.00757811140300000,ELIGIBLE,R03b_20260811_FULL_v1,L1_ELIGIBILITY,v2026-08-11,2026-03-21..2026-08-06,baccarat_bet02_101_all_pairs_incl_sentinel,round_win = game_pnl > 0 (decisive only),COMPATIBILITY_ONLY_NOT_PRODUCTION,14959.2779,13993.6831,482.5433,379,317,-0.03225713,0.01336124,-0.03773523,-0.03225713,-482.5433,14959.2779,OK,0.0000,19.3017,4.0000,96.0000,AG03-UNRESOLVED,ALL5_LEVELS_bet23_to_bet27,19.3017,19.3017,19.3017,19.3017,19.3017,4.000000,4.000000,4.000000,4.000000,4.000000,96.000000,96.000000,96.000000,96.000000,96.000000,5.0,96.5087,89.0907,386.0346,393.4526,PENDING_AG03,FALSE,NOT_FOR_ENFORCEMENT,463.2416,13433.9358,482.5433,463.2416,19.3017,0.03225713,0.03096684,19.3017,463.2416,0.03096684,19.3017,19.3017,19.3017,19.3017,19.3017,463.2416,0.03096684,96.5087,89.0907,386.0346,393.4526,0.02580570,0.02630158,0.00129029,39.4704,44.1441,1.5222,13.7870,6.1865,427.4079,9.0571,27.1831,41.7359,12.8578,25.8178,26.176,129.4727,131.8163,261.7596,25.7155,-12.8578,5.105642,10.138733,1.528807,24,60,28,8,0.10721108,0.03225713,-0.01336124,0E-8,0.000000,0.935452,0.000000,0.05109647,2026-04-11,2026-07-26,35,78,74,107,0.327103,0.651312,0.688695,0.357370,,,,,,,,GLOBAL_BASELINE_NO_ENTITY_RANKING,,,NOT_APPLICABLE_GLOBAL_BASELINE,HF9g-P5,,,,X 全窗基线 · 不参与实体赏罚,8393950,840,A168_HF9F_20260827_0900,2026-08-27 09:00:00
2026-04-19,139860604,-1,1,17.7996492422,-17.7996492422,-17.7996492422,0E-7,2,2,0.08158750000000000,0.081587500000,-0.4215100342434568,-0.4215100342434569,-0.4215100342434568,0E-17,SENTINEL_DEALER,R03b_20260811_FULL_v1,L1_ELIGIBILITY,v2026-08-11,2026-03-21..2026-08-06,baccarat_bet02_101_all_pairs_incl_sentinel,round_win = game_pnl > 0 (decisive only),COMPATIBILITY_ONLY_NOT_PRODUCTION,14959.2779,13993.6831,482.5433,379,317,-0.03225713,0.01336124,-0.03773523,-0.03225713,-482.5433,14959.2779,OK,0.0000,19.3017,4.0000,96.0000,AG03-UNRESOLVED,ALL5_LEVELS_bet23_to_bet27,19.3017,19.3017,19.3017,19.3017,19.3017,4.000000,4.000000,4.000000,4.000000,4.000000,96.000000,96.000000,96.000000,96.000000,96.000000,5.0,96.5087,89.0907,386.0346,393.4526,PENDING_AG03,FALSE,NOT_FOR_ENFORCEMENT,463.2416,13433.9358,482.5433,463.2416,19.3017,0.03225713,0.03096684,19.3017,463.2416,0.03096684,19.3017,19.3017,19.3017,19.3017,19.3017,463.2416,0.03096684,96.5087,89.0907,386.0346,393.4526,0.02580570,0.02630158,0.00129029,39.4704,44.1441,1.5222,13.7870,6.1865,427.4079,9.0571,27.1831,41.7359,12.8578,25.8178,26.176,129.4727,131.8163,261.7596,25.7155,-12.8578,5.105642,10.138733,1.528807,24,60,28,8,0.10721108,0.03225713,-0.01336124,0E-8,0.000000,0.935452,0.000000,0.05109647,2026-04-11,2026-07-26,35,78,74,107,0.327103,0.651312,0.688695,0.357370,,,,,,,,GLOBAL_BASELINE_NO_ENTITY_RANKING,,,NOT_APPLICABLE_GLOBAL_BASELINE,HF9g-P5,,,,X 全窗基线 · 不参与实体赏罚,8393951,840,A168_HF9F_20260827_0900,2026-08-27 09:00:00
2026-04-19,139860604,2252,0,364.3692903700,154.6998926786,154.6998926786,0.6666667,4,4,0.49659680000000000,0.496596800000,0.5891529468324541,0.589152946832454,0.5891529468324541,0E-17,ELIGIBLE,R03b_20260811_FULL_v1,L1_ELIGIBILITY,v2026-08-11,2026-03-21..2026-08-06,baccarat_bet02_101_all_pairs_incl_sentinel,round_win = game_pnl > 0 (decisive only),COMPATIBILITY_ONLY_NOT_PRODUCTION,14959.2779,13993.6831,482.5433,379,317,-0.03225713,0.01336124,-0.03773523,-0.03225713,-482.5433,14959.2779,OK,0.0000,19.3017,4.0000,96.0000,AG03-UNRESOLVED,ALL5_LEVELS_bet23_to_bet27,19.3017,19.3017,19.3017,19.3017,19.3017,4.000000,4.000000,4.000000,4.000000,4.000000,96.000000,96.000000,96.000000,96.000000,96.000000,5.0,96.5087,89.0907,386.0346,393.4526,PENDING_AG03,FALSE,NOT_FOR_ENFORCEMENT,463.2416,13433.9358,482.5433,463.2416,19.3017,0.03225713,0.03096684,19.3017,463.2416,0.03096684,19.3017,19.3017,19.3017,19.3017,19.3017,463.2416,0.03096684,96.5087,89.0907,386.0346,393.4526,0.02580570,0.02630158,0.00129029,39.4704,44.1441,1.5222,13.7870,6.1865,427.4079,9.0571,27.1831,41.7359,12.8578,25.8178,26.176,129.4727,131.8163,261.7596,25.7155,-12.8578,5.105642,10.138733,1.528807,24,60,28,8,0.10721108,0.03225713,-0.01336124,0E-8,0.000000,0.935452,0.000000,0.05109647,2026-04-11,2026-07-26,35,78,74,107,0.327103,0.651312,0.688695,0.357370,,,,,,,,GLOBAL_BASELINE_NO_ENTITY_RANKING,,,NOT_APPLICABLE_GLOBAL_BASELINE,HF9g-P5,,,,X 全窗基线 · 不参与实体赏罚,8393952,840,A168_HF9F_20260827_0900,2026-08-27 09:00:00
2026-04-21,139860604,1384,0,2.6175954768,-2.6175954768,-2.6175954768,0E-7,1,1,0.09460280000000000,0.094602800000,-0.32324545095860213,-0.32324545095860213,-0.32324545095860213,0E-17,ELIGIBLE,R03b_20260811_FULL_v1,L1_ELIGIBILITY,v2026-08-11,2026-03-21..2026-08-06,baccarat_bet02_101_all_pairs_incl_sentinel,round_win = game_pnl > 0 (decisive only),COMPATIBILITY_ONLY_NOT_PRODUCTION,14959.2779,13993.6831,482.5433,379,317,-0.03225713,0.01336124,-0.03773523,-0.03225713,-482.5433,14959.2779,OK,0.0000,19.3017,4.0000,96.0000,AG03-UNRESOLVED,ALL5_LEVELS_bet23_to_bet27,19.3017,19.3017,19.3017,19.3017,19.3017,4.000000,4.000000,4.000000,4.000000,4.000000,96.000000,96.000000,96.000000,96.000000,96.000000,5.0,96.5087,89.0907,386.0346,393.4526,PENDING_AG03,FALSE,NOT_FOR_ENFORCEMENT,463.2416,13433.9358,482.5433,463.2416,19.3017,0.03225713,0.03096684,19.3017,463.2416,0.03096684,19.3017,19.3017,19.3017,19.3017,19.3017,463.2416,0.03096684,96.5087,89.0907,386.0346,393.4526,0.02580570,0.02630158,0.00129029,39.4704,44.1441,1.5222,13.7870,6.1865,427.4079,9.0571,27.1831,41.7359,12.8578,25.8178,26.176,129.4727,131.8163,261.7596,25.7155,-12.8578,5.105642,10.138733,1.528807,24,60,28,8,0.10721108,0.03225713,-0.01336124,0E-8,0.000000,0.935452,0.000000,0.05109647,2026-04-11,2026-07-26,35,78,74,107,0.327103,0.651312,0.688695,0.357370,,,,,,,,GLOBAL_BASELINE_NO_ENTITY_RANKING,,,NOT_APPLICABLE_GLOBAL_BASELINE,HF9g-P5,,,,X 全窗基线 · 不参与实体赏罚,8393953,840,A168_HF9F_20260827_0900,2026-08-27 09:00:00
2026-04-26,139860604,2218,0,3.9263932152,-3.9263932152,-3.9263932152,0E-7,1,1,0.08158750000000000,0.081587500000,-0.29805260355172214,-0.2980526035517222,-0.29805260355172214,0E-17,ELIGIBLE,R03b_20260811_FULL_v1,L1_ELIGIBILITY,v2026-08-11,2026-03-21..2026-08-06,baccarat_bet02_101_all_pairs_incl_sentinel,round_win = game_pnl > 0 (decisive only),COMPATIBILITY_ONLY_NOT_PRODUCTION,14959.2779,13993.6831,482.5433,379,317,-0.03225713,0.01336124,-0.03773523,-0.03225713,-482.5433,14959.2779,OK,0.0000,19.3017,4.0000,96.0000,AG03-UNRESOLVED,ALL5_LEVELS_bet23_to_bet27,19.3017,19.3017,19.3017,19.3017,19.3017,4.000000,4.000000,4.000000,4.000000,4.000000,96.000000,96.000000,96.000000,96.000000,96.000000,5.0,96.5087,89.0907,386.0346,393.4526,PENDING_AG03,FALSE,NOT_FOR_ENFORCEMENT,463.2416,13433.9358,482.5433,463.2416,19.3017,0.03225713,0.03096684,19.3017,463.2416,0.03096684,19.3017,19.3017,19.3017,19.3017,19.3017,463.2416,0.03096684,96.5087,89.0907,386.0346,393.4526,0.02580570,0.02630158,0.00129029,39.4704,44.1441,1.5222,13.7870,6.1865,427.4079,9.0571,27.1831,41.7359,12.8578,25.8178,26.176,129.4727,131.8163,261.7596,25.7155,-12.8578,5.105642,10.138733,1.528807,24,60,28,8,0.10721108,0.03225713,-0.01336124,0E-8,0.000000,0.935452,0.000000,0.05109647,2026-04-11,2026-07-26,35,78,74,107,0.327103,0.651312,0.688695,0.357370,,,,,,,,GLOBAL_BASELINE_NO_ENTITY_RANKING,,,NOT_APPLICABLE_GLOBAL_BASELINE,HF9g-P5,,,,X 全窗基线 · 不参与实体赏罚,8393954,840,A168_HF9F_20260827_0900,2026-08-27 09:00:00
2026-04-27,139860604,2106,0,41.8815276288,18.0614087898,18.0614087898,0.6250000,10,9,0.45120866111111111,0.451208661111,0.9878267544041154,0.9878267544047685,0.9878267544041154,1.1111E-13,ELIGIBLE,R03b_20260811_FULL_v1,L1_ELIGIBILITY,v2026-08-11,2026-03-21..2026-08-06,baccarat_bet02_101_all_pairs_incl_sentinel,round_win = game_pnl > 0 (decisive only),COMPATIBILITY_ONLY_NOT_PRODUCTION,14959.2779,13993.6831,482.5433,379,317,-0.03225713,0.01336124,-0.03773523,-0.03225713,-482.5433,14959.2779,OK,0.0000,19.3017,4.0000,96.0000,AG03-UNRESOLVED,ALL5_LEVELS_bet23_to_bet27,19.3017,19.3017,19.3017,19.3017,19.3017,4.000000,4.000000,4.000000,4.000000,4.000000,96.000000,96.000000,96.000000,96.000000,96.000000,5.0,96.5087,89.0907,386.0346,393.4526,PENDING_AG03,FALSE,NOT_FOR_ENFORCEMENT,463.2416,13433.9358,482.5433,463.2416,19.3017,0.03225713,0.03096684,19.3017,463.2416,0.03096684,19.3017,19.3017,19.3017,19.3017,19.3017,463.2416,0.03096684,96.5087,89.0907,386.0346,393.4526,0.02580570,0.02630158,0.00129029,39.4704,44.1441,1.5222,13.7870,6.1865,427.4079,9.0571,27.1831,41.7359,12.8578,25.8178,26.176,129.4727,131.8163,261.7596,25.7155,-12.8578,5.105642,10.138733,1.528807,24,60,28,8,0.10721108,0.03225713,-0.01336124,0E-8,0.000000,0.935452,0.000000,0.05109647,2026-04-11,2026-07-26,35,78,74,107,0.327103,0.651312,0.688695,0.357370,,,,,,,,GLOBAL_BASELINE_NO_ENTITY_RANKING,,,NOT_APPLICABLE_GLOBAL_BASELINE,HF9g-P5,,,,X 全窗基线 · 不参与实体赏罚,8393955,840,A168_HF9F_20260827_0900,2026-08-27 09:00:00
2026-04-27,139860604,2123,0,130.8797738398,130.8797738398,130.8797738398,1.0000000,1,1,0.49324550000000000,0.493245500000,1.01360149184955,1.01360149184955,1.01360149184955,0E-17,ELIGIBLE,R03b_20260811_FULL_v1,L1_ELIGIBILITY,v2026-08-11,2026-03-21..2026-08-06,baccarat_bet02_101_all_pairs_incl_sentinel,round_win = game_pnl > 0 (decisive only),COMPATIBILITY_ONLY_NOT_PRODUCTION,14959.2779,13993.6831,482.5433,379,317,-0.03225713,0.01336124,-0.03773523,-0.03225713,-482.5433,14959.2779,OK,0.0000,19.3017,4.0000,96.0000,AG03-UNRESOLVED,ALL5_LEVELS_bet23_to_bet27,19.3017,19.3017,19.3017,19.3017,19.3017,4.000000,4.000000,4.000000,4.000000,4.000000,96.000000,96.000000,96.000000,96.000000,96.000000,5.0,96.5087,89.0907,386.0346,393.4526,PENDING_AG03,FALSE,NOT_FOR_ENFORCEMENT,463.2416,13433.9358,482.5433,463.2416,19.3017,0.03225713,0.03096684,19.3017,463.2416,0.03096684,19.3017,19.3017,19.3017,19.3017,19.3017,463.2416,0.03096684,96.5087,89.0907,386.0346,393.4526,0.02580570,0.02630158,0.00129029,39.4704,44.1441,1.5222,13.7870,6.1865,427.4079,9.0571,27.1831,41.7359,12.8578,25.8178,26.176,129.4727,131.8163,261.7596,25.7155,-12.8578,5.105642,10.138733,1.528807,24,60,28,8,0.10721108,0.03225713,-0.01336124,0E-8,0.000000,0.935452,0.000000,0.05109647,2026-04-11,2026-07-26,35,78,74,107,0.327103,0.651312,0.688695,0.357370,,,,,,,,GLOBAL_BASELINE_NO_ENTITY_RANKING,,,NOT_APPLICABLE_GLOBAL_BASELINE,HF9g-P5,,,,X 全窗基线 · 不参与实体赏罚,8393956,840,A168_HF9F_20260827_0900,2026-08-27 09:00:00
2026-04-27,139860604,2141,0,78.5278643040,51.6975106668,51.6975106668,0.8333333,6,6,0.49771390000000000,0.497713900000,1.6442099050618135,1.6442099050618135,1.6442099050618135,0E-17,ELIGIBLE,R03b_20260811_FULL_v1,L1_ELIGIBILITY,v2026-08-11,2026-03-21..2026-08-06,baccarat_bet02_101_all_pairs_incl_sentinel,round_win = game_pnl > 0 (decisive only),COMPATIBILITY_ONLY_NOT_PRODUCTION,14959.2779,13993.6831,482.5433,379,317,-0.03225713,0.01336124,-0.03773523,-0.03225713,-482.5433,14959.2779,OK,0.0000,19.3017,4.0000,96.0000,AG03-UNRESOLVED,ALL5_LEVELS_bet23_to_bet27,19.3017,19.3017,19.3017,19.3017,19.3017,4.000000,4.000000,4.000000,4.000000,4.000000,96.000000,96.000000,96.000000,96.000000,96.000000,5.0,96.5087,89.0907,386.0346,393.4526,PENDING_AG03,FALSE,NOT_FOR_ENFORCEMENT,463.2416,13433.9358,482.5433,463.2416,19.3017,0.03225713,0.03096684,19.3017,463.2416,0.03096684,19.3017,19.3017,19.3017,19.3017,19.3017,463.2416,0.03096684,96.5087,89.0907,386.0346,393.4526,0.02580570,0.02630158,0.00129029,39.4704,44.1441,1.5222,13.7870,6.1865,427.4079,9.0571,27.1831,41.7359,12.8578,25.8178,26.176,129.4727,131.8163,261.7596,25.7155,-12.8578,5.105642,10.138733,1.528807,24,60,28,8,0.10721108,0.03225713,-0.01336124,0E-8,0.000000,0.935452,0.000000,0.05109647,2026-04-11,2026-07-26,35,78,74,107,0.327103,0.651312,0.688695,0.357370,,,,,,,,GLOBAL_BASELINE_NO_ENTITY_RANKING,,,NOT_APPLICABLE_GLOBAL_BASELINE,HF9g-P5,,,,X 全窗基线 · 不参与实体赏罚,8393957,840,A168_HF9F_20260827_0900,2026-08-27 09:00:00
2026-04-27,139860604,2188,0,299.4529225453,284.4802764181,284.4802764181,1.0000000,1,1,0.50665070000000000,0.506650700000,0.9867858985152569,0.9867858985152569,0.9867858985152569,0E-17,ELIGIBLE,R03b_20260811_FULL_v1,L1_ELIGIBILITY,v2026-08-11,2026-03-21..2026-08-06,baccarat_bet02_101_all_pairs_incl_sentinel,round_win = game_pnl > 0 (decisive only),COMPATIBILITY_ONLY_NOT_PRODUCTION,14959.2779,13993.6831,482.5433,379,317,-0.03225713,0.01336124,-0.03773523,-0.03225713,-482.5433,14959.2779,OK,0.0000,19.3017,4.0000,96.0000,AG03-UNRESOLVED,ALL5_LEVELS_bet23_to_bet27,19.3017,19.3017,19.3017,19.3017,19.3017,4.000000,4.000000,4.000000,4.000000,4.000000,96.000000,96.000000,96.000000,96.000000,96.000000,5.0,96.5087,89.0907,386.0346,393.4526,PENDING_AG03,FALSE,NOT_FOR_ENFORCEMENT,463.2416,13433.9358,482.5433,463.2416,19.3017,0.03225713,0.03096684,19.3017,463.2416,0.03096684,19.3017,19.3017,19.3017,19.3017,19.3017,463.2416,0.03096684,96.5087,89.0907,386.0346,393.4526,0.02580570,0.02630158,0.00129029,39.4704,44.1441,1.5222,13.7870,6.1865,427.4079,9.0571,27.1831,41.7359,12.8578,25.8178,26.176,129.4727,131.8163,261.7596,25.7155,-12.8578,5.105642,10.138733,1.528807,24,60,28,8,0.10721108,0.03225713,-0.01336124,0E-8,0.000000,0.935452,0.000000,0.05109647,2026-04-11,2026-07-26,35,78,74,107,0.327103,0.651312,0.688695,0.357370,,,,,,,,GLOBAL_BASELINE_NO_ENTITY_RANKING,,,NOT_APPLICABLE_GLOBAL_BASELINE,HF9g-P5,,,,X 全窗基线 · 不参与实体赏罚,8393958,840,A168_HF9F_20260827_0900,2026-08-27 09:00:00
2026-04-27,139860604,2246,0,104.7038190720,0E-10,0E-10,0.5714286,7,7,0.49516052857142857,0.495160528571,0.40359145382014583,0.40359145382241707,0.40359145382014583,4.2857E-13,ELIGIBLE,R03b_20260811_FULL_v1,L1_ELIGIBILITY,v2026-08-11,2026-03-21..2026-08-06,baccarat_bet02_101_all_pairs_incl_sentinel,round_win = game_pnl > 0 (decisive only),COMPATIBILITY_ONLY_NOT_PRODUCTION,14959.2779,13993.6831,482.5433,379,317,-0.03225713,0.01336124,-0.03773523,-0.03225713,-482.5433,14959.2779,OK,0.0000,19.3017,4.0000,96.0000,AG03-UNRESOLVED,ALL5_LEVELS_bet23_to_bet27,19.3017,19.3017,19.3017,19.3017,19.3017,4.000000,4.000000,4.000000,4.000000,4.000000,96.000000,96.000000,96.000000,96.000000,96.000000,5.0,96.5087,89.0907,386.0346,393.4526,PENDING_AG03,FALSE,NOT_FOR_ENFORCEMENT,463.2416,13433.9358,482.5433,463.2416,19.3017,0.03225713,0.03096684,19.3017,463.2416,0.03096684,19.3017,19.3017,19.3017,19.3017,19.3017,463.2416,0.03096684,96.5087,89.0907,386.0346,393.4526,0.02580570,0.02630158,0.00129029,39.4704,44.1441,1.5222,13.7870,6.1865,427.4079,9.0571,27.1831,41.7359,12.8578,25.8178,26.176,129.4727,131.8163,261.7596,25.7155,-12.8578,5.105642,10.138733,1.528807,24,60,28,8,0.10721108,0.03225713,-0.01336124,0E-8,0.000000,0.935452,0.000000,0.05109647,2026-04-11,2026-07-26,35,78,74,107,0.327103,0.651312,0.688695,0.357370,,,,,,,,GLOBAL_BASELINE_NO_ENTITY_RANKING,,,NOT_APPLICABLE_GLOBAL_BASELINE,HF9g-P5,,,,X 全窗基线 · 不参与实体赏罚,8393959,840,A168_HF9F_20260827_0900,2026-08-27 09:00:00
2026-04-27,139860604,2256,0,39.2639321520,12.4335785148,12.4335785148,0.6666667,3,3,0.49771390000000000,0.497713900000,0.5852756695216578,0.5852756695216578,0.5852756695216578,0E-17,ELIGIBLE,R03b_20260811_FULL_v1,L1_ELIGIBILITY,v2026-08-11,2026-03-21..2026-08-06,baccarat_bet02_101_all_pairs_incl_sentinel,round_win = game_pnl > 0 (decisive only),COMPATIBILITY_ONLY_NOT_PRODUCTION,14959.2779,13993.6831,482.5433,379,317,-0.03225713,0.01336124,-0.03773523,-0.03225713,-482.5433,14959.2779,OK,0.0000,19.3017,4.0000,96.0000,AG03-UNRESOLVED,ALL5_LEVELS_bet23_to_bet27,19.3017,19.3017,19.3017,19.3017,19.3017,4.000000,4.000000,4.000000,4.000000,4.000000,96.000000,96.000000,96.000000,96.000000,96.000000,5.0,96.5087,89.0907,386.0346,393.4526,PENDING_AG03,FALSE,NOT_FOR_ENFORCEMENT,463.2416,13433.9358,482.5433,463.2416,19.3017,0.03225713,0.03096684,19.3017,463.2416,0.03096684,19.3017,19.3017,19.3017,19.3017,19.3017,463.2416,0.03096684,96.5087,89.0907,386.0346,393.4526,0.02580570,0.02630158,0.00129029,39.4704,44.1441,1.5222,13.7870,6.1865,427.4079,9.0571,27.1831,41.7359,12.8578,25.8178,26.176,129.4727,131.8163,261.7596,25.7155,-12.8578,5.105642,10.138733,1.528807,24,60,28,8,0.10721108,0.03225713,-0.01336124,0E-8,0.000000,0.935452,0.000000,0.05109647,2026-04-11,2026-07-26,35,78,74,107,0.327103,0.651312,0.688695,0.357370,,,,,,,,GLOBAL_BASELINE_NO_ENTITY_RANKING,,,NOT_APPLICABLE_GLOBAL_BASELINE,HF9g-P5,,,,X 全窗基线 · 不参与实体赏罚,8393960,840,A168_HF9F_20260827_0900,2026-08-27 09:00:00
2026-04-28,139860604,1353,0,222.4956155276,-222.4956155276,-222.4956155276,0E-7,1,1,0.49324550000000000,0.493245500000,-0.9865810262130424,-0.9865810262130424,-0.9865810262130424,0E-17,ELIGIBLE,R03b_20260811_FULL_v1,L1_ELIGIBILITY,v2026-08-11,2026-03-21..2026-08-06,baccarat_bet02_101_all_pairs_incl_sentinel,round_win = game_pnl > 0 (decisive only),COMPATIBILITY_ONLY_NOT_PRODUCTION,14959.2779,13993.6831,482.5433,379,317,-0.03225713,0.01336124,-0.03773523,-0.03225713,-482.5433,14959.2779,OK,0.0000,19.3017,4.0000,96.0000,AG03-UNRESOLVED,ALL5_LEVELS_bet23_to_bet27,19.3017,19.3017,19.3017,19.3017,19.3017,4.000000,4.000000,4.000000,4.000000,4.000000,96.000000,96.000000,96.000000,96.000000,96.000000,5.0,96.5087,89.0907,386.0346,393.4526,PENDING_AG03,FALSE,NOT_FOR_ENFORCEMENT,463.2416,13433.9358,482.5433,463.2416,19.3017,0.03225713,0.03096684,19.3017,463.2416,0.03096684,19.3017,19.3017,19.3017,19.3017,19.3017,463.2416,0.03096684,96.5087,89.0907,386.0346,393.4526,0.02580570,0.02630158,0.00129029,39.4704,44.1441,1.5222,13.7870,6.1865,427.4079,9.0571,27.1831,41.7359,12.8578,25.8178,26.176,129.4727,131.8163,261.7596,25.7155,-12.8578,5.105642,10.138733,1.528807,24,60,28,8,0.10721108,0.03225713,-0.01336124,0E-8,0.000000,0.935452,0.000000,0.05109647,2026-04-11,2026-07-26,35,78,74,107,0.327103,0.651312,0.688695,0.357370,,,,,,,,GLOBAL_BASELINE_NO_ENTITY_RANKING,,,NOT_APPLICABLE_GLOBAL_BASELINE,HF9g-P5,,,,X 全窗基线 · 不参与实体赏罚,8393961,840,A168_HF9F_20260827_0900,2026-08-27 09:00:00
2026-04-28,139860604,2153,0,602.0469596632,202.8636494514,202.8636494514,0.3333333,9,7,0.37940568571428571,0.379405685714,-0.2325734840128144,-0.23257348401140618,-0.2325734840128144,2.8571E-13,ELIGIBLE,R03b_20260811_FULL_v1,L1_ELIGIBILITY,v2026-08-11,2026-03-21..2026-08-06,baccarat_bet02_101_all_pairs_incl_sentinel,round_win = game_pnl > 0 (decisive only),COMPATIBILITY_ONLY_NOT_PRODUCTION,14959.2779,13993.6831,482.5433,379,317,-0.03225713,0.01336124,-0.03773523,-0.03225713,-482.5433,14959.2779,OK,0.0000,19.3017,4.0000,96.0000,AG03-UNRESOLVED,ALL5_LEVELS_bet23_to_bet27,19.3017,19.3017,19.3017,19.3017,19.3017,4.000000,4.000000,4.000000,4.000000,4.000000,96.000000,96.000000,96.000000,96.000000,96.000000,5.0,96.5087,89.0907,386.0346,393.4526,PENDING_AG03,FALSE,NOT_FOR_ENFORCEMENT,463.2416,13433.9358,482.5433,463.2416,19.3017,0.03225713,0.03096684,19.3017,463.2416,0.03096684,19.3017,19.3017,19.3017,19.3017,19.3017,463.2416,0.03096684,96.5087,89.0907,386.0346,393.4526,0.02580570,0.02630158,0.00129029,39.4704,44.1441,1.5222,13.7870,6.1865,427.4079,9.0571,27.1831,41.7359,12.8578,25.8178,26.176,129.4727,131.8163,261.7596,25.7155,-12.8578,5.105642,10.138733,1.528807,24,60,28,8,0.10721108,0.03225713,-0.01336124,0E-8,0.000000,0.935452,0.000000,0.05109647,2026-04-11,2026-07-26,35,78,74,107,0.327103,0.651312,0.688695,0.357370,,,,,,,,GLOBAL_BASELINE_NO_ENTITY_RANKING,,,NOT_APPLICABLE_GLOBAL_BASELINE,HF9g-P5,,,,X 全窗基线 · 不参与实体赏罚,8393962,840,A168_HF9F_20260827_0900,2026-08-27 09:00:00
2026-04-28,139860604,2164,0,65.4398869200,37.9551344136,37.9551344136,0.8000000,5,5,0.50128862000000000,0.501288620000,1.335882339249048,1.335882339249048,1.335882339249048,0E-17,ELIGIBLE,R03b_20260811_FULL_v1,L1_ELIGIBILITY,v2026-08-11,2026-03-21..2026-08-06,baccarat_bet02_101_all_pairs_incl_sentinel,round_win = game_pnl > 0 (decisive only),COMPATIBILITY_ONLY_NOT_PRODUCTION,14959.2779,13993.6831,482.5433,379,317,-0.03225713,0.01336124,-0.03773523,-0.03225713,-482.5433,14959.2779,OK,0.0000,19.3017,4.0000,96.0000,AG03-UNRESOLVED,ALL5_LEVELS_bet23_to_bet27,19.3017,19.3017,19.3017,19.3017,19.3017,4.000000,4.000000,4.000000,4.000000,4.000000,96.000000,96.000000,96.000000,96.000000,96.000000,5.0,96.5087,89.0907,386.0346,393.4526,PENDING_AG03,FALSE,NOT_FOR_ENFORCEMENT,463.2416,13433.9358,482.5433,463.2416,19.3017,0.03225713,0.03096684,19.3017,463.2416,0.03096684,19.3017,19.3017,19.3017,19.3017,19.3017,463.2416,0.03096684,96.5087,89.0907,386.0346,393.4526,0.02580570,0.02630158,0.00129029,39.4704,44.1441,1.5222,13.7870,6.1865,427.4079,9.0571,27.1831,41.7359,12.8578,25.8178,26.176,129.4727,131.8163,261.7596,25.7155,-12.8578,5.105642,10.138733,1.528807,24,60,28,8,0.10721108,0.03225713,-0.01336124,0E-8,0.000000,0.935452,0.000000,0.05109647,2026-04-11,2026-07-26,35,78,74,107,0.327103,0.651312,0.688695,0.357370,,,,,,,,GLOBAL_BASELINE_NO_ENTITY_RANKING,,,NOT_APPLICABLE_GLOBAL_BASELINE,HF9g-P5,,,,X 全窗基线 · 不参与实体赏罚,8393963,840,A168_HF9F_20260827_0900,2026-08-27 09:00:00
2026-04-28,139860604,2222,0,796.2725440411,-527.1837290265,-527.1837290265,0.3333333,3,3,0.49324550000000000,0.493245500000,-0.5540025479526107,-0.5540025479526106,-0.5540025479526107,0E-17,ELIGIBLE,R03b_20260811_FULL_v1,L1_ELIGIBILITY,v2026-08-11,2026-03-21..2026-08-06,baccarat_bet02_101_all_pairs_incl_sentinel,round_win = game_pnl > 0 (decisive only),COMPATIBILITY_ONLY_NOT_PRODUCTION,14959.2779,13993.6831,482.5433,379,317,-0.03225713,0.01336124,-0.03773523,-0.03225713,-482.5433,14959.2779,OK,0.0000,19.3017,4.0000,96.0000,AG03-UNRESOLVED,ALL5_LEVELS_bet23_to_bet27,19.3017,19.3017,19.3017,19.3017,19.3017,4.000000,4.000000,4.000000,4.000000,4.000000,96.000000,96.000000,96.000000,96.000000,96.000000,5.0,96.5087,89.0907,386.0346,393.4526,PENDING_AG03,FALSE,NOT_FOR_ENFORCEMENT,463.2416,13433.9358,482.5433,463.2416,19.3017,0.03225713,0.03096684,19.3017,463.2416,0.03096684,19.3017,19.3017,19.3017,19.3017,19.3017,463.2416,0.03096684,96.5087,89.0907,386.0346,393.4526,0.02580570,0.02630158,0.00129029,39.4704,44.1441,1.5222,13.7870,6.1865,427.4079,9.0571,27.1831,41.7359,12.8578,25.8178,26.176,129.4727,131.8163,261.7596,25.7155,-12.8578,5.105642,10.138733,1.528807,24,60,28,8,0.10721108,0.03225713,-0.01336124,0E-8,0.000000,0.935452,0.000000,0.05109647,2026-04-11,2026-07-26,35,78,74,107,0.327103,0.651312,0.688695,0.357370,,,,,,,,GLOBAL_BASELINE_NO_ENTITY_RANKING,,,NOT_APPLICABLE_GLOBAL_BASELINE,HF9g-P5,,,,X 全窗基线 · 不参与实体赏罚,8393964,840,A168_HF9F_20260827_0900,2026-08-27 09:00:00
2026-04-29,139860604,986,0,13.6114964793,-13.6114964793,-13.6114964793,0E-7,1,1,0.50665070000000000,0.506650700000,-1.013391052207602,-1.013391052207602,-1.013391052207602,0E-17,ELIGIBLE,R03b_20260811_FULL_v1,L1_ELIGIBILITY,v2026-08-11,2026-03-21..2026-08-06,baccarat_bet02_101_all_pairs_incl_sentinel,round_win = game_pnl > 0 (decisive only),COMPATIBILITY_ONLY_NOT_PRODUCTION,14959.2779,13993.6831,482.5433,379,317,-0.03225713,0.01336124,-0.03773523,-0.03225713,-482.5433,14959.2779,OK,0.0000,19.3017,4.0000,96.0000,AG03-UNRESOLVED,ALL5_LEVELS_bet23_to_bet27,19.3017,19.3017,19.3017,19.3017,19.3017,4.000000,4.000000,4.000000,4.000000,4.000000,96.000000,96.000000,96.000000,96.000000,96.000000,5.0,96.5087,89.0907,386.0346,393.4526,PENDING_AG03,FALSE,NOT_FOR_ENFORCEMENT,463.2416,13433.9358,482.5433,463.2416,19.3017,0.03225713,0.03096684,19.3017,463.2416,0.03096684,19.3017,19.3017,19.3017,19.3017,19.3017,463.2416,0.03096684,96.5087,89.0907,386.0346,393.4526,0.02580570,0.02630158,0.00129029,39.4704,44.1441,1.5222,13.7870,6.1865,427.4079,9.0571,27.1831,41.7359,12.8578,25.8178,26.176,129.4727,131.8163,261.7596,25.7155,-12.8578,5.105642,10.138733,1.528807,24,60,28,8,0.10721108,0.03225713,-0.01336124,0E-8,0.000000,0.935452,0.000000,0.05109647,2026-04-11,2026-07-26,35,78,74,107,0.327103,0.651312,0.688695,0.357370,,,,,,,,GLOBAL_BASELINE_NO_ENTITY_RANKING,,,NOT_APPLICABLE_GLOBAL_BASELINE,HF9g-P5,,,,X 全窗基线 · 不参与实体赏罚,8393965,840,A168_HF9F_20260827_0900,2026-08-27 09:00:00
2026-05-01,139860604,1507,0,82.5073945306,-82.5073945306,-82.5073945306,0E-7,1,1,0.50665070000000000,0.506650700000,-1.013391052207602,-1.013391052207602,-1.013391052207602,0E-17,ELIGIBLE,R03b_20260811_FULL_v1,L1_ELIGIBILITY,v2026-08-11,2026-03-21..2026-08-06,baccarat_bet02_101_all_pairs_incl_sentinel,round_win = game_pnl > 0 (decisive only),COMPATIBILITY_ONLY_NOT_PRODUCTION,14959.2779,13993.6831,482.5433,379,317,-0.03225713,0.01336124,-0.03773523,-0.03225713,-482.5433,14959.2779,OK,0.0000,19.3017,4.0000,96.0000,AG03-UNRESOLVED,ALL5_LEVELS_bet23_to_bet27,19.3017,19.3017,19.3017,19.3017,19.3017,4.000000,4.000000,4.000000,4.000000,4.000000,96.000000,96.000000,96.000000,96.000000,96.000000,5.0,96.5087,89.0907,386.0346,393.4526,PENDING_AG03,FALSE,NOT_FOR_ENFORCEMENT,463.2416,13433.9358,482.5433,463.2416,19.3017,0.03225713,0.03096684,19.3017,463.2416,0.03096684,19.3017,19.3017,19.3017,19.3017,19.3017,463.2416,0.03096684,96.5087,89.0907,386.0346,393.4526,0.02580570,0.02630158,0.00129029,39.4704,44.1441,1.5222,13.7870,6.1865,427.4079,9.0571,27.1831,41.7359,12.8578,25.8178,26.176,129.4727,131.8163,261.7596,25.7155,-12.8578,5.105642,10.138733,1.528807,24,60,28,8,0.10721108,0.03225713,-0.01336124,0E-8,0.000000,0.935452,0.000000,0.05109647,2026-04-11,2026-07-26,35,78,74,107,0.327103,0.651312,0.688695,0.357370,,,,,,,,GLOBAL_BASELINE_NO_ENTITY_RANKING,,,NOT_APPLICABLE_GLOBAL_BASELINE,HF9g-P5,,,,X 全窗基线 · 不参与实体赏罚,8393966,840,A168_HF9F_20260827_0900,2026-08-27 09:00:00
2026-05-10,139860604,-1,1,220.7980903949,209.7581858751,209.7581858751,1.0000000,1,1,0.50665070000000000,0.506650700000,0.9867858985152569,0.9867858985152569,0.9867858985152569,0E-17,SENTINEL_DEALER,R03b_20260811_FULL_v1,L1_ELIGIBILITY,v2026-08-11,2026-03-21..2026-08-06,baccarat_bet02_101_all_pairs_incl_sentinel,round_win = game_pnl > 0 (decisive only),COMPATIBILITY_ONLY_NOT_PRODUCTION,14959.2779,13993.6831,482.5433,379,317,-0.03225713,0.01336124,-0.03773523,-0.03225713,-482.5433,14959.2779,OK,0.0000,19.3017,4.0000,96.0000,AG03-UNRESOLVED,ALL5_LEVELS_bet23_to_bet27,19.3017,19.3017,19.3017,19.3017,19.3017,4.000000,4.000000,4.000000,4.000000,4.000000,96.000000,96.000000,96.000000,96.000000,96.000000,5.0,96.5087,89.0907,386.0346,393.4526,PENDING_AG03,FALSE,NOT_FOR_ENFORCEMENT,463.2416,13433.9358,482.5433,463.2416,19.3017,0.03225713,0.03096684,19.3017,463.2416,0.03096684,19.3017,19.3017,19.3017,19.3017,19.3017,463.2416,0.03096684,96.5087,89.0907,386.0346,393.4526,0.02580570,0.02630158,0.00129029,39.4704,44.1441,1.5222,13.7870,6.1865,427.4079,9.0571,27.1831,41.7359,12.8578,25.8178,26.176,129.4727,131.8163,261.7596,25.7155,-12.8578,5.105642,10.138733,1.528807,24,60,28,8,0.10721108,0.03225713,-0.01336124,0E-8,0.000000,0.935452,0.000000,0.05109647,2026-04-11,2026-07-26,35,78,74,107,0.327103,0.651312,0.688695,0.357370,,,,,,,,GLOBAL_BASELINE_NO_ENTITY_RANKING,,,NOT_APPLICABLE_GLOBAL_BASELINE,HF9g-P5,,,,X 全窗基线 · 不参与实体赏罚,8393967,840,A168_HF9F_20260827_0900,2026-08-27 09:00:00
2026-05-10,139860604,2089,0,129.7286077526,123.2421773650,123.2421773650,1.0000000,1,1,0.50665070000000000,0.506650700000,0.9867858985152569,0.9867858985152569,0.9867858985152569,0E-17,ELIGIBLE,R03b_20260811_FULL_v1,L1_ELIGIBILITY,v2026-08-11,2026-03-21..2026-08-06,baccarat_bet02_101_all_pairs_incl_sentinel,round_win = game_pnl > 0 (decisive only),COMPATIBILITY_ONLY_NOT_PRODUCTION,14959.2779,13993.6831,482.5433,379,317,-0.03225713,0.01336124,-0.03773523,-0.03225713,-482.5433,14959.2779,OK,0.0000,19.3017,4.0000,96.0000,AG03-UNRESOLVED,ALL5_LEVELS_bet23_to_bet27,19.3017,19.3017,19.3017,19.3017,19.3017,4.000000,4.000000,4.000000,4.000000,4.000000,96.000000,96.000000,96.000000,96.000000,96.000000,5.0,96.5087,89.0907,386.0346,393.4526,PENDING_AG03,FALSE,NOT_FOR_ENFORCEMENT,463.2416,13433.9358,482.5433,463.2416,19.3017,0.03225713,0.03096684,19.3017,463.2416,0.03096684,19.3017,19.3017,19.3017,19.3017,19.3017,463.2416,0.03096684,96.5087,89.0907,386.0346,393.4526,0.02580570,0.02630158,0.00129029,39.4704,44.1441,1.5222,13.7870,6.1865,427.4079,9.0571,27.1831,41.7359,12.8578,25.8178,26.176,129.4727,131.8163,261.7596,25.7155,-12.8578,5.105642,10.138733,1.528807,24,60,28,8,0.10721108,0.03225713,-0.01336124,0E-8,0.000000,0.935452,0.000000,0.05109647,2026-04-11,2026-07-26,35,78,74,107,0.327103,0.651312,0.688695,0.357370,,,,,,,,GLOBAL_BASELINE_NO_ENTITY_RANKING,,,NOT_APPLICABLE_GLOBAL_BASELINE,HF9g-P5,,,,X 全窗基线 · 不参与实体赏罚,8393968,840,A168_HF9F_20260827_0900,2026-08-27 09:00:00
2026-05-10,139860604,2267,0,330.8079497691,-330.8079497691,-330.8079497691,0E-7,2,2,0.30062675000000000,0.300626750000,-0.9272018728036208,-0.9272018728036208,-0.9272018728036208,0E-17,ELIGIBLE,R03b_20260811_FULL_v1,L1_ELIGIBILITY,v2026-08-11,2026-03-21..2026-08-06,baccarat_bet02_101_all_pairs_incl_sentinel,round_win = game_pnl > 0 (decisive only),COMPATIBILITY_ONLY_NOT_PRODUCTION,14959.2779,13993.6831,482.5433,379,317,-0.03225713,0.01336124,-0.03773523,-0.03225713,-482.5433,14959.2779,OK,0.0000,19.3017,4.0000,96.0000,AG03-UNRESOLVED,ALL5_LEVELS_bet23_to_bet27,19.3017,19.3017,19.3017,19.3017,19.3017,4.000000,4.000000,4.000000,4.000000,4.000000,96.000000,96.000000,96.000000,96.000000,96.000000,5.0,96.5087,89.0907,386.0346,393.4526,PENDING_AG03,FALSE,NOT_FOR_ENFORCEMENT,463.2416,13433.9358,482.5433,463.2416,19.3017,0.03225713,0.03096684,19.3017,463.2416,0.03096684,19.3017,19.3017,19.3017,19.3017,19.3017,463.2416,0.03096684,96.5087,89.0907,386.0346,393.4526,0.02580570,0.02630158,0.00129029,39.4704,44.1441,1.5222,13.7870,6.1865,427.4079,9.0571,27.1831,41.7359,12.8578,25.8178,26.176,129.4727,131.8163,261.7596,25.7155,-12.8578,5.105642,10.138733,1.528807,24,60,28,8,0.10721108,0.03225713,-0.01336124,0E-8,0.000000,0.935452,0.000000,0.05109647,2026-04-11,2026-07-26,35,78,74,107,0.327103,0.651312,0.688695,0.357370,,,,,,,,GLOBAL_BASELINE_NO_ENTITY_RANKING,,,NOT_APPLICABLE_GLOBAL_BASELINE,HF9g-P5,,,,X 全窗基线 · 不参与实体赏罚,8393969,840,A168_HF9F_20260827_0900,2026-08-27 09:00:00
2026-05-10,139860604,919,0,129.7286077526,-129.7286077526,-129.7286077526,0E-7,1,1,0.49324550000000000,0.493245500000,-0.9865810262130424,-0.9865810262130424,-0.9865810262130424,0E-17,ELIGIBLE,R03b_20260811_FULL_v1,L1_ELIGIBILITY,v2026-08-11,2026-03-21..2026-08-06,baccarat_bet02_101_all_pairs_incl_sentinel,round_win = game_pnl > 0 (decisive only),COMPATIBILITY_ONLY_NOT_PRODUCTION,14959.2779,13993.6831,482.5433,379,317,-0.03225713,0.01336124,-0.03773523,-0.03225713,-482.5433,14959.2779,OK,0.0000,19.3017,4.0000,96.0000,AG03-UNRESOLVED,ALL5_LEVELS_bet23_to_bet27,19.3017,19.3017,19.3017,19.3017,19.3017,4.000000,4.000000,4.000000,4.000000,4.000000,96.000000,96.000000,96.000000,96.000000,96.000000,5.0,96.5087,89.0907,386.0346,393.4526,PENDING_AG03,FALSE,NOT_FOR_ENFORCEMENT,463.2416,13433.9358,482.5433,463.2416,19.3017,0.03225713,0.03096684,19.3017,463.2416,0.03096684,19.3017,19.3017,19.3017,19.3017,19.3017,463.2416,0.03096684,96.5087,89.0907,386.0346,393.4526,0.02580570,0.02630158,0.00129029,39.4704,44.1441,1.5222,13.7870,6.1865,427.4079,9.0571,27.1831,41.7359,12.8578,25.8178,26.176,129.4727,131.8163,261.7596,25.7155,-12.8578,5.105642,10.138733,1.528807,24,60,28,8,0.10721108,0.03225713,-0.01336124,0E-8,0.000000,0.935452,0.000000,0.05109647,2026-04-11,2026-07-26,35,78,74,107,0.327103,0.651312,0.688695,0.357370,,,,,,,,GLOBAL_BASELINE_NO_ENTITY_RANKING,,,NOT_APPLICABLE_GLOBAL_BASELINE,HF9g-P5,,,,X 全窗基线 · 不参与实体赏罚,8393970,840,A168_HF9F_20260827_0900,2026-08-27 09:00:00
2026-05-11,139860604,1205,0,4.1513154481,-4.1513154481,-4.1513154481,0E-7,1,1,0.07471040000000000,0.074710400000,-0.2841526367669771,-0.2841526367669771,-0.2841526367669771,0E-17,ELIGIBLE,R03b_20260811_FULL_v1,L1_ELIGIBILITY,v2026-08-11,2026-03-21..2026-08-06,baccarat_bet02_101_all_pairs_incl_sentinel,round_win = game_pnl > 0 (decisive only),COMPATIBILITY_ONLY_NOT_PRODUCTION,14959.2779,13993.6831,482.5433,379,317,-0.03225713,0.01336124,-0.03773523,-0.03225713,-482.5433,14959.2779,OK,0.0000,19.3017,4.0000,96.0000,AG03-UNRESOLVED,ALL5_LEVELS_bet23_to_bet27,19.3017,19.3017,19.3017,19.3017,19.3017,4.000000,4.000000,4.000000,4.000000,4.000000,96.000000,96.000000,96.000000,96.000000,96.000000,5.0,96.5087,89.0907,386.0346,393.4526,PENDING_AG03,FALSE,NOT_FOR_ENFORCEMENT,463.2416,13433.9358,482.5433,463.2416,19.3017,0.03225713,0.03096684,19.3017,463.2416,0.03096684,19.3017,19.3017,19.3017,19.3017,19.3017,463.2416,0.03096684,96.5087,89.0907,386.0346,393.4526,0.02580570,0.02630158,0.00129029,39.4704,44.1441,1.5222,13.7870,6.1865,427.4079,9.0571,27.1831,41.7359,12.8578,25.8178,26.176,129.4727,131.8163,261.7596,25.7155,-12.8578,5.105642,10.138733,1.528807,24,60,28,8,0.10721108,0.03225713,-0.01336124,0E-8,0.000000,0.935452,0.000000,0.05109647,2026-04-11,2026-07-26,35,78,74,107,0.327103,0.651312,0.688695,0.357370,,,,,,,,GLOBAL_BASELINE_NO_ENTITY_RANKING,,,NOT_APPLICABLE_GLOBAL_BASELINE,HF9g-P5,,,,X 全窗基线 · 不参与实体赏罚,8393971,840,A168_HF9F_20260827_0900,2026-08-27 09:00:00
2026-05-15,139860604,-1,1,1179.2330444711,128.4313216750,128.4313216750,0.4400000,31,26,0.46802739331498986,0.456160416026,-0.2808487151591315,-0.16222894191723322,-0.2808487151591315,0.01186697728898986,SENTINEL_DEALER,R03b_20260811_FULL_v1,L1_ELIGIBILITY,v2026-08-11,2026-03-21..2026-08-06,baccarat_bet02_101_all_pairs_incl_sentinel,round_win = game_pnl > 0 (decisive only),COMPATIBILITY_ONLY_NOT_PRODUCTION,14959.2779,13993.6831,482.5433,379,317,-0.03225713,0.01336124,-0.03773523,-0.03225713,-482.5433,14959.2779,OK,0.0000,19.3017,4.0000,96.0000,AG03-UNRESOLVED,ALL5_LEVELS_bet23_to_bet27,19.3017,19.3017,19.3017,19.3017,19.3017,4.000000,4.000000,4.000000,4.000000,4.000000,96.000000,96.000000,96.000000,96.000000,96.000000,5.0,96.5087,89.0907,386.0346,393.4526,PENDING_AG03,FALSE,NOT_FOR_ENFORCEMENT,463.2416,13433.9358,482.5433,463.2416,19.3017,0.03225713,0.03096684,19.3017,463.2416,0.03096684,19.3017,19.3017,19.3017,19.3017,19.3017,463.2416,0.03096684,96.5087,89.0907,386.0346,393.4526,0.02580570,0.02630158,0.00129029,39.4704,44.1441,1.5222,13.7870,6.1865,427.4079,9.0571,27.1831,41.7359,12.8578,25.8178,26.176,129.4727,131.8163,261.7596,25.7155,-12.8578,5.105642,10.138733,1.528807,24,60,28,8,0.10721108,0.03225713,-0.01336124,0E-8,0.000000,0.935452,0.000000,0.05109647,2026-04-11,2026-07-26,35,78,74,107,0.327103,0.651312,0.688695,0.357370,,,,,,,,GLOBAL_BASELINE_NO_ENTITY_RANKING,,,NOT_APPLICABLE_GLOBAL_BASELINE,HF9g-P5,,,,X 全窗基线 · 不参与实体赏罚,8393972,840,A168_HF9F_20260827_0900,2026-08-27 09:00:00
2026-05-15,139860604,1017,0,173.3174199574,-173.3174199574,-173.3174199574,0E-7,1,1,0.49324550000000000,0.493245500000,-0.9865810262130424,-0.9865810262130424,-0.9865810262130424,0E-17,ELIGIBLE,R03b_20260811_FULL_v1,L1_ELIGIBILITY,v2026-08-11,2026-03-21..2026-08-06,baccarat_bet02_101_all_pairs_incl_sentinel,round_win = game_pnl > 0 (decisive only),COMPATIBILITY_ONLY_NOT_PRODUCTION,14959.2779,13993.6831,482.5433,379,317,-0.03225713,0.01336124,-0.03773523,-0.03225713,-482.5433,14959.2779,OK,0.0000,19.3017,4.0000,96.0000,AG03-UNRESOLVED,ALL5_LEVELS_bet23_to_bet27,19.3017,19.3017,19.3017,19.3017,19.3017,4.000000,4.000000,4.000000,4.000000,4.000000,96.000000,96.000000,96.000000,96.000000,96.000000,5.0,96.5087,89.0907,386.0346,393.4526,PENDING_AG03,FALSE,NOT_FOR_ENFORCEMENT,463.2416,13433.9358,482.5433,463.2416,19.3017,0.03225713,0.03096684,19.3017,463.2416,0.03096684,19.3017,19.3017,19.3017,19.3017,19.3017,463.2416,0.03096684,96.5087,89.0907,386.0346,393.4526,0.02580570,0.02630158,0.00129029,39.4704,44.1441,1.5222,13.7870,6.1865,427.4079,9.0571,27.1831,41.7359,12.8578,25.8178,26.176,129.4727,131.8163,261.7596,25.7155,-12.8578,5.105642,10.138733,1.528807,24,60,28,8,0.10721108,0.03225713,-0.01336124,0E-8,0.000000,0.935452,0.000000,0.05109647,2026-04-11,2026-07-26,35,78,74,107,0.327103,0.651312,0.688695,0.357370,,,,,,,,GLOBAL_BASELINE_NO_ENTITY_RANKING,,,NOT_APPLICABLE_GLOBAL_BASELINE,HF9g-P5,,,,X 全窗基线 · 不参与实体赏罚,8393973,840,A168_HF9F_20260827_0900,2026-08-27 09:00:00
2026-05-15,139860604,2196,0,181.6200508536,181.6200508536,181.6200508536,1.0000000,1,1,0.49324550000000000,0.493245500000,1.01360149184955,1.01360149184955,1.01360149184955,0E-17,ELIGIBLE,R03b_20260811_FULL_v1,L1_ELIGIBILITY,v2026-08-11,2026-03-21..2026-08-06,baccarat_bet02_101_all_pairs_incl_sentinel,round_win = game_pnl > 0 (decisive only),COMPATIBILITY_ONLY_NOT_PRODUCTION,14959.2779,13993.6831,482.5433,379,317,-0.03225713,0.01336124,-0.03773523,-0.03225713,-482.5433,14959.2779,OK,0.0000,19.3017,4.0000,96.0000,AG03-UNRESOLVED,ALL5_LEVELS_bet23_to_bet27,19.3017,19.3017,19.3017,19.3017,19.3017,4.000000,4.000000,4.000000,4.000000,4.000000,96.000000,96.000000,96.000000,96.000000,96.000000,5.0,96.5087,89.0907,386.0346,393.4526,PENDING_AG03,FALSE,NOT_FOR_ENFORCEMENT,463.2416,13433.9358,482.5433,463.2416,19.3017,0.03225713,0.03096684,19.3017,463.2416,0.03096684,19.3017,19.3017,19.3017,19.3017,19.3017,463.2416,0.03096684,96.5087,89.0907,386.0346,393.4526,0.02580570,0.02630158,0.00129029,39.4704,44.1441,1.5222,13.7870,6.1865,427.4079,9.0571,27.1831,41.7359,12.8578,25.8178,26.176,129.4727,131.8163,261.7596,25.7155,-12.8578,5.105642,10.138733,1.528807,24,60,28,8,0.10721108,0.03225713,-0.01336124,0E-8,0.000000,0.935452,0.000000,0.05109647,2026-04-11,2026-07-26,35,78,74,107,0.327103,0.651312,0.688695,0.357370,,,,,,,,GLOBAL_BASELINE_NO_ENTITY_RANKING,,,NOT_APPLICABLE_GLOBAL_BASELINE,HF9g-P5,,,,X 全窗基线 · 不参与实体赏罚,8393974,840,A168_HF9F_20260827_0900,2026-08-27 09:00:00
2026-05-16,139860604,550,0,331.5863214157,-103.2639717710,-103.2639717710,0.4000000,15,15,0.46966124666666667,0.469661246667,-0.5405897749630213,-0.5405897749655861,-0.5405897749630213,-3.3333E-13,ELIGIBLE,R03b_20260811_FULL_v1,L1_ELIGIBILITY,v2026-08-11,2026-03-21..2026-08-06,baccarat_bet02_101_all_pairs_incl_sentinel,round_win = game_pnl > 0 (decisive only),COMPATIBILITY_ONLY_NOT_PRODUCTION,14959.2779,13993.6831,482.5433,379,317,-0.03225713,0.01336124,-0.03773523,-0.03225713,-482.5433,14959.2779,OK,0.0000,19.3017,4.0000,96.0000,AG03-UNRESOLVED,ALL5_LEVELS_bet23_to_bet27,19.3017,19.3017,19.3017,19.3017,19.3017,4.000000,4.000000,4.000000,4.000000,4.000000,96.000000,96.000000,96.000000,96.000000,96.000000,5.0,96.5087,89.0907,386.0346,393.4526,PENDING_AG03,FALSE,NOT_FOR_ENFORCEMENT,463.2416,13433.9358,482.5433,463.2416,19.3017,0.03225713,0.03096684,19.3017,463.2416,0.03096684,19.3017,19.3017,19.3017,19.3017,19.3017,463.2416,0.03096684,96.5087,89.0907,386.0346,393.4526,0.02580570,0.02630158,0.00129029,39.4704,44.1441,1.5222,13.7870,6.1865,427.4079,9.0571,27.1831,41.7359,12.8578,25.8178,26.176,129.4727,131.8163,261.7596,25.7155,-12.8578,5.105642,10.138733,1.528807,24,60,28,8,0.10721108,0.03225713,-0.01336124,0E-8,0.000000,0.935452,0.000000,0.05109647,2026-04-11,2026-07-26,35,78,74,107,0.327103,0.651312,0.688695,0.357370,,,,,,,,GLOBAL_BASELINE_NO_ENTITY_RANKING,,,NOT_APPLICABLE_GLOBAL_BASELINE,HF9g-P5,,,,X 全窗基线 · 不参与实体赏罚,8393975,840,A168_HF9F_20260827_0900,2026-08-27 09:00:00
2026-05-17,139860604,-1,1,57.8589590577,-57.8589590577,-57.8589590577,0E-7,1,1,0.09460280000000000,0.094602800000,-0.32324545095860213,-0.32324545095860213,-0.32324545095860213,0E-17,SENTINEL_DEALER,R03b_20260811_FULL_v1,L1_ELIGIBILITY,v2026-08-11,2026-03-21..2026-08-06,baccarat_bet02_101_all_pairs_incl_sentinel,round_win = game_pnl > 0 (decisive only),COMPATIBILITY_ONLY_NOT_PRODUCTION,14959.2779,13993.6831,482.5433,379,317,-0.03225713,0.01336124,-0.03773523,-0.03225713,-482.5433,14959.2779,OK,0.0000,19.3017,4.0000,96.0000,AG03-UNRESOLVED,ALL5_LEVELS_bet23_to_bet27,19.3017,19.3017,19.3017,19.3017,19.3017,4.000000,4.000000,4.000000,4.000000,4.000000,96.000000,96.000000,96.000000,96.000000,96.000000,5.0,96.5087,89.0907,386.0346,393.4526,PENDING_AG03,FALSE,NOT_FOR_ENFORCEMENT,463.2416,13433.9358,482.5433,463.2416,19.3017,0.03225713,0.03096684,19.3017,463.2416,0.03096684,19.3017,19.3017,19.3017,19.3017,19.3017,463.2416,0.03096684,96.5087,89.0907,386.0346,393.4526,0.02580570,0.02630158,0.00129029,39.4704,44.1441,1.5222,13.7870,6.1865,427.4079,9.0571,27.1831,41.7359,12.8578,25.8178,26.176,129.4727,131.8163,261.7596,25.7155,-12.8578,5.105642,10.138733,1.528807,24,60,28,8,0.10721108,0.03225713,-0.01336124,0E-8,0.000000,0.935452,0.000000,0.05109647,2026-04-11,2026-07-26,35,78,74,107,0.327103,0.651312,0.688695,0.357370,,,,,,,,GLOBAL_BASELINE_NO_ENTITY_RANKING,,,NOT_APPLICABLE_GLOBAL_BASELINE,HF9g-P5,,,,X 全窗基线 · 不参与实体赏罚,8393976,840,A168_HF9F_20260827_0900,2026-08-27 09:00:00
2026-05-17,139860604,1490,0,168.6471900783,109.6206735509,109.6206735509,0.5000000,2,2,0.49994810000000000,0.499948100000,0.00014679536856514622,0.00014679536856514622,0.00014679536856514622,0E-17,ELIGIBLE,R03b_20260811_FULL_v1,L1_ELIGIBILITY,v2026-08-11,2026-03-21..2026-08-06,baccarat_bet02_101_all_pairs_incl_sentinel,round_win = game_pnl > 0 (decisive only),COMPATIBILITY_ONLY_NOT_PRODUCTION,14959.2779,13993.6831,482.5433,379,317,-0.03225713,0.01336124,-0.03773523,-0.03225713,-482.5433,14959.2779,OK,0.0000,19.3017,4.0000,96.0000,AG03-UNRESOLVED,ALL5_LEVELS_bet23_to_bet27,19.3017,19.3017,19.3017,19.3017,19.3017,4.000000,4.000000,4.000000,4.000000,4.000000,96.000000,96.000000,96.000000,96.000000,96.000000,5.0,96.5087,89.0907,386.0346,393.4526,PENDING_AG03,FALSE,NOT_FOR_ENFORCEMENT,463.2416,13433.9358,482.5433,463.2416,19.3017,0.03225713,0.03096684,19.3017,463.2416,0.03096684,19.3017,19.3017,19.3017,19.3017,19.3017,463.2416,0.03096684,96.5087,89.0907,386.0346,393.4526,0.02580570,0.02630158,0.00129029,39.4704,44.1441,1.5222,13.7870,6.1865,427.4079,9.0571,27.1831,41.7359,12.8578,25.8178,26.176,129.4727,131.8163,261.7596,25.7155,-12.8578,5.105642,10.138733,1.528807,24,60,28,8,0.10721108,0.03225713,-0.01336124,0E-8,0.000000,0.935452,0.000000,0.05109647,2026-04-11,2026-07-26,35,78,74,107,0.327103,0.651312,0.688695,0.357370,,,,,,,,GLOBAL_BASELINE_NO_ENTITY_RANKING,,,NOT_APPLICABLE_GLOBAL_BASELINE,HF9g-P5,,,,X 全窗基线 · 不参与实体赏罚,8393977,840,A168_HF9F_20260827_0900,2026-08-27 09:00:00
2026-05-19,139860604,2153,0,520.9900887344,-262.4539463443,-262.4539463443,0.2500000,4,4,0.49659680000000000,0.496596800000,-0.9864100490137353,-0.9864100490137354,-0.9864100490137353,0E-17,ELIGIBLE,R03b_20260811_FULL_v1,L1_ELIGIBILITY,v2026-08-11,2026-03-21..2026-08-06,baccarat_bet02_101_all_pairs_incl_sentinel,round_win = game_pnl > 0 (decisive only),COMPATIBILITY_ONLY_NOT_PRODUCTION,14959.2779,13993.6831,482.5433,379,317,-0.03225713,0.01336124,-0.03773523,-0.03225713,-482.5433,14959.2779,OK,0.0000,19.3017,4.0000,96.0000,AG03-UNRESOLVED,ALL5_LEVELS_bet23_to_bet27,19.3017,19.3017,19.3017,19.3017,19.3017,4.000000,4.000000,4.000000,4.000000,4.000000,96.000000,96.000000,96.000000,96.000000,96.000000,5.0,96.5087,89.0907,386.0346,393.4526,PENDING_AG03,FALSE,NOT_FOR_ENFORCEMENT,463.2416,13433.9358,482.5433,463.2416,19.3017,0.03225713,0.03096684,19.3017,463.2416,0.03096684,19.3017,19.3017,19.3017,19.3017,19.3017,463.2416,0.03096684,96.5087,89.0907,386.0346,393.4526,0.02580570,0.02630158,0.00129029,39.4704,44.1441,1.5222,13.7870,6.1865,427.4079,9.0571,27.1831,41.7359,12.8578,25.8178,26.176,129.4727,131.8163,261.7596,25.7155,-12.8578,5.105642,10.138733,1.528807,24,60,28,8,0.10721108,0.03225713,-0.01336124,0E-8,0.000000,0.935452,0.000000,0.05109647,2026-04-11,2026-07-26,35,78,74,107,0.327103,0.651312,0.688695,0.357370,,,,,,,,GLOBAL_BASELINE_NO_ENTITY_RANKING,,,NOT_APPLICABLE_GLOBAL_BASELINE,HF9g-P5,,,,X 全窗基线 · 不参与实体赏罚,8393978,840,A168_HF9F_20260827_0900,2026-08-27 09:00:00
2026-05-26,139860604,1374,0,259.4572155052,-259.4572155052,-259.4572155052,0E-7,2,2,0.49994810000000000,0.499948100000,-1.4140667746232096,-1.4140667746232096,-1.4140667746232096,0E-17,ELIGIBLE,R03b_20260811_FULL_v1,L1_ELIGIBILITY,v2026-08-11,2026-03-21..2026-08-06,baccarat_bet02_101_all_pairs_incl_sentinel,round_win = game_pnl > 0 (decisive only),COMPATIBILITY_ONLY_NOT_PRODUCTION,14959.2779,13993.6831,482.5433,379,317,-0.03225713,0.01336124,-0.03773523,-0.03225713,-482.5433,14959.2779,OK,0.0000,19.3017,4.0000,96.0000,AG03-UNRESOLVED,ALL5_LEVELS_bet23_to_bet27,19.3017,19.3017,19.3017,19.3017,19.3017,4.000000,4.000000,4.000000,4.000000,4.000000,96.000000,96.000000,96.000000,96.000000,96.000000,5.0,96.5087,89.0907,386.0346,393.4526,PENDING_AG03,FALSE,NOT_FOR_ENFORCEMENT,463.2416,13433.9358,482.5433,463.2416,19.3017,0.03225713,0.03096684,19.3017,463.2416,0.03096684,19.3017,19.3017,19.3017,19.3017,19.3017,463.2416,0.03096684,96.5087,89.0907,386.0346,393.4526,0.02580570,0.02630158,0.00129029,39.4704,44.1441,1.5222,13.7870,6.1865,427.4079,9.0571,27.1831,41.7359,12.8578,25.8178,26.176,129.4727,131.8163,261.7596,25.7155,-12.8578,5.105642,10.138733,1.528807,24,60,28,8,0.10721108,0.03225713,-0.01336124,0E-8,0.000000,0.935452,0.000000,0.05109647,2026-04-11,2026-07-26,35,78,74,107,0.327103,0.651312,0.688695,0.357370,,,,,,,,GLOBAL_BASELINE_NO_ENTITY_RANKING,,,NOT_APPLICABLE_GLOBAL_BASELINE,HF9g-P5,,,,X 全窗基线 · 不参与实体赏罚,8393979,840,A168_HF9F_20260827_0900,2026-08-27 09:00:00
2026-05-26,139860604,2196,0,312.1270302527,43.5498936225,43.5498936225,0.5000000,2,2,0.50665070000000000,0.506650700000,-0.018812684590367487,-0.018812684590367487,-0.018812684590367487,0E-17,ELIGIBLE,R03b_20260811_FULL_v1,L1_ELIGIBILITY,v2026-08-11,2026-03-21..2026-08-06,baccarat_bet02_101_all_pairs_incl_sentinel,round_win = game_pnl > 0 (decisive only),COMPATIBILITY_ONLY_NOT_PRODUCTION,14959.2779,13993.6831,482.5433,379,317,-0.03225713,0.01336124,-0.03773523,-0.03225713,-482.5433,14959.2779,OK,0.0000,19.3017,4.0000,96.0000,AG03-UNRESOLVED,ALL5_LEVELS_bet23_to_bet27,19.3017,19.3017,19.3017,19.3017,19.3017,4.000000,4.000000,4.000000,4.000000,4.000000,96.000000,96.000000,96.000000,96.000000,96.000000,5.0,96.5087,89.0907,386.0346,393.4526,PENDING_AG03,FALSE,NOT_FOR_ENFORCEMENT,463.2416,13433.9358,482.5433,463.2416,19.3017,0.03225713,0.03096684,19.3017,463.2416,0.03096684,19.3017,19.3017,19.3017,19.3017,19.3017,463.2416,0.03096684,96.5087,89.0907,386.0346,393.4526,0.02580570,0.02630158,0.00129029,39.4704,44.1441,1.5222,13.7870,6.1865,427.4079,9.0571,27.1831,41.7359,12.8578,25.8178,26.176,129.4727,131.8163,261.7596,25.7155,-12.8578,5.105642,10.138733,1.528807,24,60,28,8,0.10721108,0.03225713,-0.01336124,0E-8,0.000000,0.935452,0.000000,0.05109647,2026-04-11,2026-07-26,35,78,74,107,0.327103,0.651312,0.688695,0.357370,,,,,,,,GLOBAL_BASELINE_NO_ENTITY_RANKING,,,NOT_APPLICABLE_GLOBAL_BASELINE,HF9g-P5,,,,X 全窗基线 · 不参与实体赏罚,8393980,840,A168_HF9F_20260827_0900,2026-08-27 09:00:00
2026-05-26,139860604,789,0,402.1586840329,59.6751595661,59.6751595661,0.5833333,15,14,0.46909436071428571,0.469094360714,0.7929871256716572,0.7929871256736687,0.7929871256716572,2.8571E-13,ELIGIBLE,R03b_20260811_FULL_v1,L1_ELIGIBILITY,v2026-08-11,2026-03-21..2026-08-06,baccarat_bet02_101_all_pairs_incl_sentinel,round_win = game_pnl > 0 (decisive only),COMPATIBILITY_ONLY_NOT_PRODUCTION,14959.2779,13993.6831,482.5433,379,317,-0.03225713,0.01336124,-0.03773523,-0.03225713,-482.5433,14959.2779,OK,0.0000,19.3017,4.0000,96.0000,AG03-UNRESOLVED,ALL5_LEVELS_bet23_to_bet27,19.3017,19.3017,19.3017,19.3017,19.3017,4.000000,4.000000,4.000000,4.000000,4.000000,96.000000,96.000000,96.000000,96.000000,96.000000,5.0,96.5087,89.0907,386.0346,393.4526,PENDING_AG03,FALSE,NOT_FOR_ENFORCEMENT,463.2416,13433.9358,482.5433,463.2416,19.3017,0.03225713,0.03096684,19.3017,463.2416,0.03096684,19.3017,19.3017,19.3017,19.3017,19.3017,463.2416,0.03096684,96.5087,89.0907,386.0346,393.4526,0.02580570,0.02630158,0.00129029,39.4704,44.1441,1.5222,13.7870,6.1865,427.4079,9.0571,27.1831,41.7359,12.8578,25.8178,26.176,129.4727,131.8163,261.7596,25.7155,-12.8578,5.105642,10.138733,1.528807,24,60,28,8,0.10721108,0.03225713,-0.01336124,0E-8,0.000000,0.935452,0.000000,0.05109647,2026-04-11,2026-07-26,35,78,74,107,0.327103,0.651312,0.688695,0.357370,,,,,,,,GLOBAL_BASELINE_NO_ENTITY_RANKING,,,NOT_APPLICABLE_GLOBAL_BASELINE,HF9g-P5,,,,X 全窗基线 · 不参与实体赏罚,8393981,840,A168_HF9F_20260827_0900,2026-08-27 09:00:00
2026-05-27,139860604,1307,0,259.4572155052,-259.4572155052,-259.4572155052,0E-7,1,1,0.49324550000000000,0.493245500000,-0.9865810262130424,-0.9865810262130424,-0.9865810262130424,0E-17,ELIGIBLE,R03b_20260811_FULL_v1,L1_ELIGIBILITY,v2026-08-11,2026-03-21..2026-08-06,baccarat_bet02_101_all_pairs_incl_sentinel,round_win = game_pnl > 0 (decisive only),COMPATIBILITY_ONLY_NOT_PRODUCTION,14959.2779,13993.6831,482.5433,379,317,-0.03225713,0.01336124,-0.03773523,-0.03225713,-482.5433,14959.2779,OK,0.0000,19.3017,4.0000,96.0000,AG03-UNRESOLVED,ALL5_LEVELS_bet23_to_bet27,19.3017,19.3017,19.3017,19.3017,19.3017,4.000000,4.000000,4.000000,4.000000,4.000000,96.000000,96.000000,96.000000,96.000000,96.000000,5.0,96.5087,89.0907,386.0346,393.4526,PENDING_AG03,FALSE,NOT_FOR_ENFORCEMENT,463.2416,13433.9358,482.5433,463.2416,19.3017,0.03225713,0.03096684,19.3017,463.2416,0.03096684,19.3017,19.3017,19.3017,19.3017,19.3017,463.2416,0.03096684,96.5087,89.0907,386.0346,393.4526,0.02580570,0.02630158,0.00129029,39.4704,44.1441,1.5222,13.7870,6.1865,427.4079,9.0571,27.1831,41.7359,12.8578,25.8178,26.176,129.4727,131.8163,261.7596,25.7155,-12.8578,5.105642,10.138733,1.528807,24,60,28,8,0.10721108,0.03225713,-0.01336124,0E-8,0.000000,0.935452,0.000000,0.05109647,2026-04-11,2026-07-26,35,78,74,107,0.327103,0.651312,0.688695,0.357370,,,,,,,,GLOBAL_BASELINE_NO_ENTITY_RANKING,,,NOT_APPLICABLE_GLOBAL_BASELINE,HF9g-P5,,,,X 全窗基线 · 不参与实体赏罚,8393982,840,A168_HF9F_20260827_0900,2026-08-27 09:00:00
2026-06-12,139860604,-1,1,25.7155347546,128.5776737727,128.5776737727,1.0000000,2,1,0.07469835000000000,0.074698350000,3.519542094853731,3.51954209485373,3.519542094853731,0E-17,SENTINEL_DEALER,R03b_20260811_FULL_v1,L1_ELIGIBILITY,v2026-08-11,2026-03-21..2026-08-06,baccarat_bet02_101_all_pairs_incl_sentinel,round_win = game_pnl > 0 (decisive only),COMPATIBILITY_ONLY_NOT_PRODUCTION,14959.2779,13993.6831,482.5433,379,317,-0.03225713,0.01336124,-0.03773523,-0.03225713,-482.5433,14959.2779,OK,0.0000,19.3017,4.0000,96.0000,AG03-UNRESOLVED,ALL5_LEVELS_bet23_to_bet27,19.3017,19.3017,19.3017,19.3017,19.3017,4.000000,4.000000,4.000000,4.000000,4.000000,96.000000,96.000000,96.000000,96.000000,96.000000,5.0,96.5087,89.0907,386.0346,393.4526,PENDING_AG03,FALSE,NOT_FOR_ENFORCEMENT,463.2416,13433.9358,482.5433,463.2416,19.3017,0.03225713,0.03096684,19.3017,463.2416,0.03096684,19.3017,19.3017,19.3017,19.3017,19.3017,463.2416,0.03096684,96.5087,89.0907,386.0346,393.4526,0.02580570,0.02630158,0.00129029,39.4704,44.1441,1.5222,13.7870,6.1865,427.4079,9.0571,27.1831,41.7359,12.8578,25.8178,26.176,129.4727,131.8163,261.7596,25.7155,-12.8578,5.105642,10.138733,1.528807,24,60,28,8,0.10721108,0.03225713,-0.01336124,0E-8,0.000000,0.935452,0.000000,0.05109647,2026-04-11,2026-07-26,35,78,74,107,0.327103,0.651312,0.688695,0.357370,,,,,,,,GLOBAL_BASELINE_NO_ENTITY_RANKING,,,NOT_APPLICABLE_GLOBAL_BASELINE,HF9g-P5,,,,X 全窗基线 · 不参与实体赏罚,8393983,840,A168_HF9F_20260827_0900,2026-08-27 09:00:00
2026-06-12,139860604,1221,0,12.8577673773,-12.8577673773,-12.8577673773,0E-7,1,1,0.50665070000000000,0.506650700000,-1.013391052207602,-1.013391052207602,-1.013391052207602,0E-17,ELIGIBLE,R03b_20260811_FULL_v1,L1_ELIGIBILITY,v2026-08-11,2026-03-21..2026-08-06,baccarat_bet02_101_all_pairs_incl_sentinel,round_win = game_pnl > 0 (decisive only),COMPATIBILITY_ONLY_NOT_PRODUCTION,14959.2779,13993.6831,482.5433,379,317,-0.03225713,0.01336124,-0.03773523,-0.03225713,-482.5433,14959.2779,OK,0.0000,19.3017,4.0000,96.0000,AG03-UNRESOLVED,ALL5_LEVELS_bet23_to_bet27,19.3017,19.3017,19.3017,19.3017,19.3017,4.000000,4.000000,4.000000,4.000000,4.000000,96.000000,96.000000,96.000000,96.000000,96.000000,5.0,96.5087,89.0907,386.0346,393.4526,PENDING_AG03,FALSE,NOT_FOR_ENFORCEMENT,463.2416,13433.9358,482.5433,463.2416,19.3017,0.03225713,0.03096684,19.3017,463.2416,0.03096684,19.3017,19.3017,19.3017,19.3017,19.3017,463.2416,0.03096684,96.5087,89.0907,386.0346,393.4526,0.02580570,0.02630158,0.00129029,39.4704,44.1441,1.5222,13.7870,6.1865,427.4079,9.0571,27.1831,41.7359,12.8578,25.8178,26.176,129.4727,131.8163,261.7596,25.7155,-12.8578,5.105642,10.138733,1.528807,24,60,28,8,0.10721108,0.03225713,-0.01336124,0E-8,0.000000,0.935452,0.000000,0.05109647,2026-04-11,2026-07-26,35,78,74,107,0.327103,0.651312,0.688695,0.357370,,,,,,,,GLOBAL_BASELINE_NO_ENTITY_RANKING,,,NOT_APPLICABLE_GLOBAL_BASELINE,HF9g-P5,,,,X 全窗基线 · 不参与实体赏罚,8393984,840,A168_HF9F_20260827_0900,2026-08-27 09:00:00
2026-06-12,139860604,1947,0,50.4024481189,-50.4024481189,-50.4024481189,0E-7,1,1,0.49324550000000000,0.493245500000,-0.9865810262130424,-0.9865810262130424,-0.9865810262130424,0E-17,ELIGIBLE,R03b_20260811_FULL_v1,L1_ELIGIBILITY,v2026-08-11,2026-03-21..2026-08-06,baccarat_bet02_101_all_pairs_incl_sentinel,round_win = game_pnl > 0 (decisive only),COMPATIBILITY_ONLY_NOT_PRODUCTION,14959.2779,13993.6831,482.5433,379,317,-0.03225713,0.01336124,-0.03773523,-0.03225713,-482.5433,14959.2779,OK,0.0000,19.3017,4.0000,96.0000,AG03-UNRESOLVED,ALL5_LEVELS_bet23_to_bet27,19.3017,19.3017,19.3017,19.3017,19.3017,4.000000,4.000000,4.000000,4.000000,4.000000,96.000000,96.000000,96.000000,96.000000,96.000000,5.0,96.5087,89.0907,386.0346,393.4526,PENDING_AG03,FALSE,NOT_FOR_ENFORCEMENT,463.2416,13433.9358,482.5433,463.2416,19.3017,0.03225713,0.03096684,19.3017,463.2416,0.03096684,19.3017,19.3017,19.3017,19.3017,19.3017,463.2416,0.03096684,96.5087,89.0907,386.0346,393.4526,0.02580570,0.02630158,0.00129029,39.4704,44.1441,1.5222,13.7870,6.1865,427.4079,9.0571,27.1831,41.7359,12.8578,25.8178,26.176,129.4727,131.8163,261.7596,25.7155,-12.8578,5.105642,10.138733,1.528807,24,60,28,8,0.10721108,0.03225713,-0.01336124,0E-8,0.000000,0.935452,0.000000,0.05109647,2026-04-11,2026-07-26,35,78,74,107,0.327103,0.651312,0.688695,0.357370,,,,,,,,GLOBAL_BASELINE_NO_ENTITY_RANKING,,,NOT_APPLICABLE_GLOBAL_BASELINE,HF9g-P5,,,,X 全窗基线 · 不参与实体赏罚,8393985,840,A168_HF9F_20260827_0900,2026-08-27 09:00:00
2026-06-12,139860604,2063,0,321.4441844324,126.0061202970,126.0061202970,0.5555556,24,19,0.42830849298245614,0.428308492982,1.0910001365242852,1.0910001365283422,1.0910001365242852,4.5614E-13,ELIGIBLE,R03b_20260811_FULL_v1,L1_ELIGIBILITY,v2026-08-11,2026-03-21..2026-08-06,baccarat_bet02_101_all_pairs_incl_sentinel,round_win = game_pnl > 0 (decisive only),COMPATIBILITY_ONLY_NOT_PRODUCTION,14959.2779,13993.6831,482.5433,379,317,-0.03225713,0.01336124,-0.03773523,-0.03225713,-482.5433,14959.2779,OK,0.0000,19.3017,4.0000,96.0000,AG03-UNRESOLVED,ALL5_LEVELS_bet23_to_bet27,19.3017,19.3017,19.3017,19.3017,19.3017,4.000000,4.000000,4.000000,4.000000,4.000000,96.000000,96.000000,96.000000,96.000000,96.000000,5.0,96.5087,89.0907,386.0346,393.4526,PENDING_AG03,FALSE,NOT_FOR_ENFORCEMENT,463.2416,13433.9358,482.5433,463.2416,19.3017,0.03225713,0.03096684,19.3017,463.2416,0.03096684,19.3017,19.3017,19.3017,19.3017,19.3017,463.2416,0.03096684,96.5087,89.0907,386.0346,393.4526,0.02580570,0.02630158,0.00129029,39.4704,44.1441,1.5222,13.7870,6.1865,427.4079,9.0571,27.1831,41.7359,12.8578,25.8178,26.176,129.4727,131.8163,261.7596,25.7155,-12.8578,5.105642,10.138733,1.528807,24,60,28,8,0.10721108,0.03225713,-0.01336124,0E-8,0.000000,0.935452,0.000000,0.05109647,2026-04-11,2026-07-26,35,78,74,107,0.327103,0.651312,0.688695,0.357370,,,,,,,,GLOBAL_BASELINE_NO_ENTITY_RANKING,,,NOT_APPLICABLE_GLOBAL_BASELINE,HF9g-P5,,,,X 全窗基线 · 不参与实体赏罚,8393986,840,A168_HF9F_20260827_0900,2026-08-27 09:00:00
2026-06-12,139860604,789,0,385.7330213181,-245.5833569057,-245.5833569057,0.3750000,15,10,0.28933400500000000,0.289334005000,0.5343440159140764,0.5343440159140764,0.5343440159140764,0E-17,ELIGIBLE,R03b_20260811_FULL_v1,L1_ELIGIBILITY,v2026-08-11,2026-03-21..2026-08-06,baccarat_bet02_101_all_pairs_incl_sentinel,round_win = game_pnl > 0 (decisive only),COMPATIBILITY_ONLY_NOT_PRODUCTION,14959.2779,13993.6831,482.5433,379,317,-0.03225713,0.01336124,-0.03773523,-0.03225713,-482.5433,14959.2779,OK,0.0000,19.3017,4.0000,96.0000,AG03-UNRESOLVED,ALL5_LEVELS_bet23_to_bet27,19.3017,19.3017,19.3017,19.3017,19.3017,4.000000,4.000000,4.000000,4.000000,4.000000,96.000000,96.000000,96.000000,96.000000,96.000000,5.0,96.5087,89.0907,386.0346,393.4526,PENDING_AG03,FALSE,NOT_FOR_ENFORCEMENT,463.2416,13433.9358,482.5433,463.2416,19.3017,0.03225713,0.03096684,19.3017,463.2416,0.03096684,19.3017,19.3017,19.3017,19.3017,19.3017,463.2416,0.03096684,96.5087,89.0907,386.0346,393.4526,0.02580570,0.02630158,0.00129029,39.4704,44.1441,1.5222,13.7870,6.1865,427.4079,9.0571,27.1831,41.7359,12.8578,25.8178,26.176,129.4727,131.8163,261.7596,25.7155,-12.8578,5.105642,10.138733,1.528807,24,60,28,8,0.10721108,0.03225713,-0.01336124,0E-8,0.000000,0.935452,0.000000,0.05109647,2026-04-11,2026-07-26,35,78,74,107,0.327103,0.651312,0.688695,0.357370,,,,,,,,GLOBAL_BASELINE_NO_ENTITY_RANKING,,,NOT_APPLICABLE_GLOBAL_BASELINE,HF9g-P5,,,,X 全窗基线 · 不参与实体赏罚,8393987,840,A168_HF9F_20260827_0900,2026-08-27 09:00:00
2026-06-13,139860604,1115,0,160.4649368684,80.2324684342,80.2324684342,1.0000000,2,2,0.49994810000000000,0.499948100000,1.0001038053877793,1.0001038053877793,1.0001038053877793,0E-17,ELIGIBLE,R03b_20260811_FULL_v1,L1_ELIGIBILITY,v2026-08-11,2026-03-21..2026-08-06,baccarat_bet02_101_all_pairs_incl_sentinel,round_win = game_pnl > 0 (decisive only),COMPATIBILITY_ONLY_NOT_PRODUCTION,14959.2779,13993.6831,482.5433,379,317,-0.03225713,0.01336124,-0.03773523,-0.03225713,-482.5433,14959.2779,OK,0.0000,19.3017,4.0000,96.0000,AG03-UNRESOLVED,ALL5_LEVELS_bet23_to_bet27,19.3017,19.3017,19.3017,19.3017,19.3017,4.000000,4.000000,4.000000,4.000000,4.000000,96.000000,96.000000,96.000000,96.000000,96.000000,5.0,96.5087,89.0907,386.0346,393.4526,PENDING_AG03,FALSE,NOT_FOR_ENFORCEMENT,463.2416,13433.9358,482.5433,463.2416,19.3017,0.03225713,0.03096684,19.3017,463.2416,0.03096684,19.3017,19.3017,19.3017,19.3017,19.3017,463.2416,0.03096684,96.5087,89.0907,386.0346,393.4526,0.02580570,0.02630158,0.00129029,39.4704,44.1441,1.5222,13.7870,6.1865,427.4079,9.0571,27.1831,41.7359,12.8578,25.8178,26.176,129.4727,131.8163,261.7596,25.7155,-12.8578,5.105642,10.138733,1.528807,24,60,28,8,0.10721108,0.03225713,-0.01336124,0E-8,0.000000,0.935452,0.000000,0.05109647,2026-04-11,2026-07-26,35,78,74,107,0.327103,0.651312,0.688695,0.357370,,,,,,,,GLOBAL_BASELINE_NO_ENTITY_RANKING,,,NOT_APPLICABLE_GLOBAL_BASELINE,HF9g-P5,,,,X 全窗基线 · 不参与实体赏罚,8393988,840,A168_HF9F_20260827_0900,2026-08-27 09:00:00
2026-06-13,139860604,471,0,113.1483529200,-113.1483529200,-113.1483529200,0E-7,1,1,0.49324550000000000,0.493245500000,-0.9865810262130424,-0.9865810262130424,-0.9865810262130424,0E-17,ELIGIBLE,R03b_20260811_FULL_v1,L1_ELIGIBILITY,v2026-08-11,2026-03-21..2026-08-06,baccarat_bet02_101_all_pairs_incl_sentinel,round_win = game_pnl > 0 (decisive only),COMPATIBILITY_ONLY_NOT_PRODUCTION,14959.2779,13993.6831,482.5433,379,317,-0.03225713,0.01336124,-0.03773523,-0.03225713,-482.5433,14959.2779,OK,0.0000,19.3017,4.0000,96.0000,AG03-UNRESOLVED,ALL5_LEVELS_bet23_to_bet27,19.3017,19.3017,19.3017,19.3017,19.3017,4.000000,4.000000,4.000000,4.000000,4.000000,96.000000,96.000000,96.000000,96.000000,96.000000,5.0,96.5087,89.0907,386.0346,393.4526,PENDING_AG03,FALSE,NOT_FOR_ENFORCEMENT,463.2416,13433.9358,482.5433,463.2416,19.3017,0.03225713,0.03096684,19.3017,463.2416,0.03096684,19.3017,19.3017,19.3017,19.3017,19.3017,463.2416,0.03096684,96.5087,89.0907,386.0346,393.4526,0.02580570,0.02630158,0.00129029,39.4704,44.1441,1.5222,13.7870,6.1865,427.4079,9.0571,27.1831,41.7359,12.8578,25.8178,26.176,129.4727,131.8163,261.7596,25.7155,-12.8578,5.105642,10.138733,1.528807,24,60,28,8,0.10721108,0.03225713,-0.01336124,0E-8,0.000000,0.935452,0.000000,0.05109647,2026-04-11,2026-07-26,35,78,74,107,0.327103,0.651312,0.688695,0.357370,,,,,,,,GLOBAL_BASELINE_NO_ENTITY_RANKING,,,NOT_APPLICABLE_GLOBAL_BASELINE,HF9g-P5,,,,X 全窗基线 · 不参与实体赏罚,8393989,840,A168_HF9F_20260827_0900,2026-08-27 09:00:00
2026-06-16,139860604,1947,0,130.1206058580,-130.1206058580,-130.1206058580,0E-7,2,2,0.50665070000000000,0.506650700000,-1.4331513700195317,-1.4331513700195317,-1.4331513700195317,0E-17,ELIGIBLE,R03b_20260811_FULL_v1,L1_ELIGIBILITY,v2026-08-11,2026-03-21..2026-08-06,baccarat_bet02_101_all_pairs_incl_sentinel,round_win = game_pnl > 0 (decisive only),COMPATIBILITY_ONLY_NOT_PRODUCTION,14959.2779,13993.6831,482.5433,379,317,-0.03225713,0.01336124,-0.03773523,-0.03225713,-482.5433,14959.2779,OK,0.0000,19.3017,4.0000,96.0000,AG03-UNRESOLVED,ALL5_LEVELS_bet23_to_bet27,19.3017,19.3017,19.3017,19.3017,19.3017,4.000000,4.000000,4.000000,4.000000,4.000000,96.000000,96.000000,96.000000,96.000000,96.000000,5.0,96.5087,89.0907,386.0346,393.4526,PENDING_AG03,FALSE,NOT_FOR_ENFORCEMENT,463.2416,13433.9358,482.5433,463.2416,19.3017,0.03225713,0.03096684,19.3017,463.2416,0.03096684,19.3017,19.3017,19.3017,19.3017,19.3017,463.2416,0.03096684,96.5087,89.0907,386.0346,393.4526,0.02580570,0.02630158,0.00129029,39.4704,44.1441,1.5222,13.7870,6.1865,427.4079,9.0571,27.1831,41.7359,12.8578,25.8178,26.176,129.4727,131.8163,261.7596,25.7155,-12.8578,5.105642,10.138733,1.528807,24,60,28,8,0.10721108,0.03225713,-0.01336124,0E-8,0.000000,0.935452,0.000000,0.05109647,2026-04-11,2026-07-26,35,78,74,107,0.327103,0.651312,0.688695,0.357370,,,,,,,,GLOBAL_BASELINE_NO_ENTITY_RANKING,,,NOT_APPLICABLE_GLOBAL_BASELINE,HF9g-P5,,,,X 全窗基线 · 不参与实体赏罚,8393990,840,A168_HF9F_20260827_0900,2026-08-27 09:00:00
2026-06-18,139860604,1405,0,480.6233445630,-119.2300768898,-119.2300768898,0.4705882,24,19,0.38804027105263158,0.388040271053,0.6984430603694424,0.6984430603662037,0.6984430603694424,-3.6842E-13,ELIGIBLE,R03b_20260811_FULL_v1,L1_ELIGIBILITY,v2026-08-11,2026-03-21..2026-08-06,baccarat_bet02_101_all_pairs_incl_sentinel,round_win = game_pnl > 0 (decisive only),COMPATIBILITY_ONLY_NOT_PRODUCTION,14959.2779,13993.6831,482.5433,379,317,-0.03225713,0.01336124,-0.03773523,-0.03225713,-482.5433,14959.2779,OK,0.0000,19.3017,4.0000,96.0000,AG03-UNRESOLVED,ALL5_LEVELS_bet23_to_bet27,19.3017,19.3017,19.3017,19.3017,19.3017,4.000000,4.000000,4.000000,4.000000,4.000000,96.000000,96.000000,96.000000,96.000000,96.000000,5.0,96.5087,89.0907,386.0346,393.4526,PENDING_AG03,FALSE,NOT_FOR_ENFORCEMENT,463.2416,13433.9358,482.5433,463.2416,19.3017,0.03225713,0.03096684,19.3017,463.2416,0.03096684,19.3017,19.3017,19.3017,19.3017,19.3017,463.2416,0.03096684,96.5087,89.0907,386.0346,393.4526,0.02580570,0.02630158,0.00129029,39.4704,44.1441,1.5222,13.7870,6.1865,427.4079,9.0571,27.1831,41.7359,12.8578,25.8178,26.176,129.4727,131.8163,261.7596,25.7155,-12.8578,5.105642,10.138733,1.528807,24,60,28,8,0.10721108,0.03225713,-0.01336124,0E-8,0.000000,0.935452,0.000000,0.05109647,2026-04-11,2026-07-26,35,78,74,107,0.327103,0.651312,0.688695,0.357370,,,,,,,,GLOBAL_BASELINE_NO_ENTITY_RANKING,,,NOT_APPLICABLE_GLOBAL_BASELINE,HF9g-P5,,,,X 全窗基线 · 不参与实体赏罚,8393991,840,A168_HF9F_20260827_0900,2026-08-27 09:00:00
2026-06-19,139860604,1509,0,4.8859516034,53.7454676370,53.7454676370,1.0000000,1,1,0.07468630000000000,0.074686300000,3.5198489263962482,3.5198489263962482,3.5198489263962482,0E-17,ELIGIBLE,R03b_20260811_FULL_v1,L1_ELIGIBILITY,v2026-08-11,2026-03-21..2026-08-06,baccarat_bet02_101_all_pairs_incl_sentinel,round_win = game_pnl > 0 (decisive only),COMPATIBILITY_ONLY_NOT_PRODUCTION,14959.2779,13993.6831,482.5433,379,317,-0.03225713,0.01336124,-0.03773523,-0.03225713,-482.5433,14959.2779,OK,0.0000,19.3017,4.0000,96.0000,AG03-UNRESOLVED,ALL5_LEVELS_bet23_to_bet27,19.3017,19.3017,19.3017,19.3017,19.3017,4.000000,4.000000,4.000000,4.000000,4.000000,96.000000,96.000000,96.000000,96.000000,96.000000,5.0,96.5087,89.0907,386.0346,393.4526,PENDING_AG03,FALSE,NOT_FOR_ENFORCEMENT,463.2416,13433.9358,482.5433,463.2416,19.3017,0.03225713,0.03096684,19.3017,463.2416,0.03096684,19.3017,19.3017,19.3017,19.3017,19.3017,463.2416,0.03096684,96.5087,89.0907,386.0346,393.4526,0.02580570,0.02630158,0.00129029,39.4704,44.1441,1.5222,13.7870,6.1865,427.4079,9.0571,27.1831,41.7359,12.8578,25.8178,26.176,129.4727,131.8163,261.7596,25.7155,-12.8578,5.105642,10.138733,1.528807,24,60,28,8,0.10721108,0.03225713,-0.01336124,0E-8,0.000000,0.935452,0.000000,0.05109647,2026-04-11,2026-07-26,35,78,74,107,0.327103,0.651312,0.688695,0.357370,,,,,,,,GLOBAL_BASELINE_NO_ENTITY_RANKING,,,NOT_APPLICABLE_GLOBAL_BASELINE,HF9g-P5,,,,X 全窗基线 · 不参与实体赏罚,8393992,840,A168_HF9F_20260827_0900,2026-08-27 09:00:00
2026-06-23,139860604,1396,0,131.1492272483,45.6450741892,45.6450741892,0.6250000,9,8,0.49290426874988698,0.475465306250,0.747321556838338,0.8469161867037235,0.747321556838338,0.01743896249988698,ELIGIBLE,R03b_20260811_FULL_v1,L1_ELIGIBILITY,v2026-08-11,2026-03-21..2026-08-06,baccarat_bet02_101_all_pairs_incl_sentinel,round_win = game_pnl > 0 (decisive only),COMPATIBILITY_ONLY_NOT_PRODUCTION,14959.2779,13993.6831,482.5433,379,317,-0.03225713,0.01336124,-0.03773523,-0.03225713,-482.5433,14959.2779,OK,0.0000,19.3017,4.0000,96.0000,AG03-UNRESOLVED,ALL5_LEVELS_bet23_to_bet27,19.3017,19.3017,19.3017,19.3017,19.3017,4.000000,4.000000,4.000000,4.000000,4.000000,96.000000,96.000000,96.000000,96.000000,96.000000,5.0,96.5087,89.0907,386.0346,393.4526,PENDING_AG03,FALSE,NOT_FOR_ENFORCEMENT,463.2416,13433.9358,482.5433,463.2416,19.3017,0.03225713,0.03096684,19.3017,463.2416,0.03096684,19.3017,19.3017,19.3017,19.3017,19.3017,463.2416,0.03096684,96.5087,89.0907,386.0346,393.4526,0.02580570,0.02630158,0.00129029,39.4704,44.1441,1.5222,13.7870,6.1865,427.4079,9.0571,27.1831,41.7359,12.8578,25.8178,26.176,129.4727,131.8163,261.7596,25.7155,-12.8578,5.105642,10.138733,1.528807,24,60,28,8,0.10721108,0.03225713,-0.01336124,0E-8,0.000000,0.935452,0.000000,0.05109647,2026-04-11,2026-07-26,35,78,74,107,0.327103,0.651312,0.688695,0.357370,,,,,,,,GLOBAL_BASELINE_NO_ENTITY_RANKING,,,NOT_APPLICABLE_GLOBAL_BASELINE,HF9g-P5,,,,X 全窗基线 · 不参与实体赏罚,8393993,840,A168_HF9F_20260827_0900,2026-08-27 09:00:00
2026-06-23,139860604,1505,0,197.2381515674,-197.2381515674,-197.2381515674,0E-7,4,4,0.49994810000000000,0.499948100000,-1.9997924107733216,-1.9997924107733216,-1.9997924107733216,0E-17,ELIGIBLE,R03b_20260811_FULL_v1,L1_ELIGIBILITY,v2026-08-11,2026-03-21..2026-08-06,baccarat_bet02_101_all_pairs_incl_sentinel,round_win = game_pnl > 0 (decisive only),COMPATIBILITY_ONLY_NOT_PRODUCTION,14959.2779,13993.6831,482.5433,379,317,-0.03225713,0.01336124,-0.03773523,-0.03225713,-482.5433,14959.2779,OK,0.0000,19.3017,4.0000,96.0000,AG03-UNRESOLVED,ALL5_LEVELS_bet23_to_bet27,19.3017,19.3017,19.3017,19.3017,19.3017,4.000000,4.000000,4.000000,4.000000,4.000000,96.000000,96.000000,96.000000,96.000000,96.000000,5.0,96.5087,89.0907,386.0346,393.4526,PENDING_AG03,FALSE,NOT_FOR_ENFORCEMENT,463.2416,13433.9358,482.5433,463.2416,19.3017,0.03225713,0.03096684,19.3017,463.2416,0.03096684,19.3017,19.3017,19.3017,19.3017,19.3017,463.2416,0.03096684,96.5087,89.0907,386.0346,393.4526,0.02580570,0.02630158,0.00129029,39.4704,44.1441,1.5222,13.7870,6.1865,427.4079,9.0571,27.1831,41.7359,12.8578,25.8178,26.176,129.4727,131.8163,261.7596,25.7155,-12.8578,5.105642,10.138733,1.528807,24,60,28,8,0.10721108,0.03225713,-0.01336124,0E-8,0.000000,0.935452,0.000000,0.05109647,2026-04-11,2026-07-26,35,78,74,107,0.327103,0.651312,0.688695,0.357370,,,,,,,,GLOBAL_BASELINE_NO_ENTITY_RANKING,,,NOT_APPLICABLE_GLOBAL_BASELINE,HF9g-P5,,,,X 全窗基线 · 不参与实体赏罚,8393994,840,A168_HF9F_20260827_0900,2026-08-27 09:00:00
2026-06-23,139860604,2152,0,72.0034973128,4.5002185821,4.5002185821,0.5000000,8,6,0.36043238333333333,0.360432383333,0.5813792445151517,0.5813792445166575,0.5813792445151517,3.3333E-13,ELIGIBLE,R03b_20260811_FULL_v1,L1_ELIGIBILITY,v2026-08-11,2026-03-21..2026-08-06,baccarat_bet02_101_all_pairs_incl_sentinel,round_win = game_pnl > 0 (decisive only),COMPATIBILITY_ONLY_NOT_PRODUCTION,14959.2779,13993.6831,482.5433,379,317,-0.03225713,0.01336124,-0.03773523,-0.03225713,-482.5433,14959.2779,OK,0.0000,19.3017,4.0000,96.0000,AG03-UNRESOLVED,ALL5_LEVELS_bet23_to_bet27,19.3017,19.3017,19.3017,19.3017,19.3017,4.000000,4.000000,4.000000,4.000000,4.000000,96.000000,96.000000,96.000000,96.000000,96.000000,5.0,96.5087,89.0907,386.0346,393.4526,PENDING_AG03,FALSE,NOT_FOR_ENFORCEMENT,463.2416,13433.9358,482.5433,463.2416,19.3017,0.03225713,0.03096684,19.3017,463.2416,0.03096684,19.3017,19.3017,19.3017,19.3017,19.3017,463.2416,0.03096684,96.5087,89.0907,386.0346,393.4526,0.02580570,0.02630158,0.00129029,39.4704,44.1441,1.5222,13.7870,6.1865,427.4079,9.0571,27.1831,41.7359,12.8578,25.8178,26.176,129.4727,131.8163,261.7596,25.7155,-12.8578,5.105642,10.138733,1.528807,24,60,28,8,0.10721108,0.03225713,-0.01336124,0E-8,0.000000,0.935452,0.000000,0.05109647,2026-04-11,2026-07-26,35,78,74,107,0.327103,0.651312,0.688695,0.357370,,,,,,,,GLOBAL_BASELINE_NO_ENTITY_RANKING,,,NOT_APPLICABLE_GLOBAL_BASELINE,HF9g-P5,,,,X 全窗基线 · 不参与实体赏罚,8393995,840,A168_HF9F_20260827_0900,2026-08-27 09:00:00
2026-06-23,139860604,2177,0,138.8638876744,41.1448556071,41.1448556071,0.5000000,8,7,0.43536807857142857,0.435368078571,0.31930938779271767,0.319309387794871,0.31930938779271767,4.2857E-13,ELIGIBLE,R03b_20260811_FULL_v1,L1_ELIGIBILITY,v2026-08-11,2026-03-21..2026-08-06,baccarat_bet02_101_all_pairs_incl_sentinel,round_win = game_pnl > 0 (decisive only),COMPATIBILITY_ONLY_NOT_PRODUCTION,14959.2779,13993.6831,482.5433,379,317,-0.03225713,0.01336124,-0.03773523,-0.03225713,-482.5433,14959.2779,OK,0.0000,19.3017,4.0000,96.0000,AG03-UNRESOLVED,ALL5_LEVELS_bet23_to_bet27,19.3017,19.3017,19.3017,19.3017,19.3017,4.000000,4.000000,4.000000,4.000000,4.000000,96.000000,96.000000,96.000000,96.000000,96.000000,5.0,96.5087,89.0907,386.0346,393.4526,PENDING_AG03,FALSE,NOT_FOR_ENFORCEMENT,463.2416,13433.9358,482.5433,463.2416,19.3017,0.03225713,0.03096684,19.3017,463.2416,0.03096684,19.3017,19.3017,19.3017,19.3017,19.3017,463.2416,0.03096684,96.5087,89.0907,386.0346,393.4526,0.02580570,0.02630158,0.00129029,39.4704,44.1441,1.5222,13.7870,6.1865,427.4079,9.0571,27.1831,41.7359,12.8578,25.8178,26.176,129.4727,131.8163,261.7596,25.7155,-12.8578,5.105642,10.138733,1.528807,24,60,28,8,0.10721108,0.03225713,-0.01336124,0E-8,0.000000,0.935452,0.000000,0.05109647,2026-04-11,2026-07-26,35,78,74,107,0.327103,0.651312,0.688695,0.357370,,,,,,,,GLOBAL_BASELINE_NO_ENTITY_RANKING,,,NOT_APPLICABLE_GLOBAL_BASELINE,HF9g-P5,,,,X 全窗基线 · 不参与实体赏罚,8393996,840,A168_HF9F_20260827_0900,2026-08-27 09:00:00
2026-06-25,139860604,2234,0,25.7155347545,-25.7155347545,-25.7155347545,0E-7,1,1,0.01883490000000000,0.018834900000,-0.1385513026636974,-0.1385513026636974,-0.1385513026636974,0E-17,ELIGIBLE,R03b_20260811_FULL_v1,L1_ELIGIBILITY,v2026-08-11,2026-03-21..2026-08-06,baccarat_bet02_101_all_pairs_incl_sentinel,round_win = game_pnl > 0 (decisive only),COMPATIBILITY_ONLY_NOT_PRODUCTION,14959.2779,13993.6831,482.5433,379,317,-0.03225713,0.01336124,-0.03773523,-0.03225713,-482.5433,14959.2779,OK,0.0000,19.3017,4.0000,96.0000,AG03-UNRESOLVED,ALL5_LEVELS_bet23_to_bet27,19.3017,19.3017,19.3017,19.3017,19.3017,4.000000,4.000000,4.000000,4.000000,4.000000,96.000000,96.000000,96.000000,96.000000,96.000000,5.0,96.5087,89.0907,386.0346,393.4526,PENDING_AG03,FALSE,NOT_FOR_ENFORCEMENT,463.2416,13433.9358,482.5433,463.2416,19.3017,0.03225713,0.03096684,19.3017,463.2416,0.03096684,19.3017,19.3017,19.3017,19.3017,19.3017,463.2416,0.03096684,96.5087,89.0907,386.0346,393.4526,0.02580570,0.02630158,0.00129029,39.4704,44.1441,1.5222,13.7870,6.1865,427.4079,9.0571,27.1831,41.7359,12.8578,25.8178,26.176,129.4727,131.8163,261.7596,25.7155,-12.8578,5.105642,10.138733,1.528807,24,60,28,8,0.10721108,0.03225713,-0.01336124,0E-8,0.000000,0.935452,0.000000,0.05109647,2026-04-11,2026-07-26,35,78,74,107,0.327103,0.651312,0.688695,0.357370,,,,,,,,GLOBAL_BASELINE_NO_ENTITY_RANKING,,,NOT_APPLICABLE_GLOBAL_BASELINE,HF9g-P5,,,,X 全窗基线 · 不参与实体赏罚,8393997,840,A168_HF9F_20260827_0900,2026-08-27 09:00:00
2026-06-26,139860604,-1,1,4.6287962558,-4.6287962558,-4.6287962558,0E-7,1,1,0.07468630000000000,0.074686300000,-0.284103102408954,-0.284103102408954,-0.284103102408954,0E-17,SENTINEL_DEALER,R03b_20260811_FULL_v1,L1_ELIGIBILITY,v2026-08-11,2026-03-21..2026-08-06,baccarat_bet02_101_all_pairs_incl_sentinel,round_win = game_pnl > 0 (decisive only),COMPATIBILITY_ONLY_NOT_PRODUCTION,14959.2779,13993.6831,482.5433,379,317,-0.03225713,0.01336124,-0.03773523,-0.03225713,-482.5433,14959.2779,OK,0.0000,19.3017,4.0000,96.0000,AG03-UNRESOLVED,ALL5_LEVELS_bet23_to_bet27,19.3017,19.3017,19.3017,19.3017,19.3017,4.000000,4.000000,4.000000,4.000000,4.000000,96.000000,96.000000,96.000000,96.000000,96.000000,5.0,96.5087,89.0907,386.0346,393.4526,PENDING_AG03,FALSE,NOT_FOR_ENFORCEMENT,463.2416,13433.9358,482.5433,463.2416,19.3017,0.03225713,0.03096684,19.3017,463.2416,0.03096684,19.3017,19.3017,19.3017,19.3017,19.3017,463.2416,0.03096684,96.5087,89.0907,386.0346,393.4526,0.02580570,0.02630158,0.00129029,39.4704,44.1441,1.5222,13.7870,6.1865,427.4079,9.0571,27.1831,41.7359,12.8578,25.8178,26.176,129.4727,131.8163,261.7596,25.7155,-12.8578,5.105642,10.138733,1.528807,24,60,28,8,0.10721108,0.03225713,-0.01336124,0E-8,0.000000,0.935452,0.000000,0.05109647,2026-04-11,2026-07-26,35,78,74,107,0.327103,0.651312,0.688695,0.357370,,,,,,,,GLOBAL_BASELINE_NO_ENTITY_RANKING,,,NOT_APPLICABLE_GLOBAL_BASELINE,HF9g-P5,,,,X 全窗基线 · 不参与实体赏罚,8393998,840,A168_HF9F_20260827_0900,2026-08-27 09:00:00
2026-07-11,139860604,1095,0,103.2711124880,464.7200061963,464.7200061963,0.5000000,4,2,0.35928340000000000,0.359283400000,0.41477136601709547,0.4147713660170955,0.41477136601709547,0E-17,ELIGIBLE,R03b_20260811_FULL_v1,L1_ELIGIBILITY,v2026-08-11,2026-03-21..2026-08-06,baccarat_bet02_101_all_pairs_incl_sentinel,round_win = game_pnl > 0 (decisive only),COMPATIBILITY_ONLY_NOT_PRODUCTION,14959.2779,13993.6831,482.5433,379,317,-0.03225713,0.01336124,-0.03773523,-0.03225713,-482.5433,14959.2779,OK,0.0000,19.3017,4.0000,96.0000,AG03-UNRESOLVED,ALL5_LEVELS_bet23_to_bet27,19.3017,19.3017,19.3017,19.3017,19.3017,4.000000,4.000000,4.000000,4.000000,4.000000,96.000000,96.000000,96.000000,96.000000,96.000000,5.0,96.5087,89.0907,386.0346,393.4526,PENDING_AG03,FALSE,NOT_FOR_ENFORCEMENT,463.2416,13433.9358,482.5433,463.2416,19.3017,0.03225713,0.03096684,19.3017,463.2416,0.03096684,19.3017,19.3017,19.3017,19.3017,19.3017,463.2416,0.03096684,96.5087,89.0907,386.0346,393.4526,0.02580570,0.02630158,0.00129029,39.4704,44.1441,1.5222,13.7870,6.1865,427.4079,9.0571,27.1831,41.7359,12.8578,25.8178,26.176,129.4727,131.8163,261.7596,25.7155,-12.8578,5.105642,10.138733,1.528807,24,60,28,8,0.10721108,0.03225713,-0.01336124,0E-8,0.000000,0.935452,0.000000,0.05109647,2026-04-11,2026-07-26,35,78,74,107,0.327103,0.651312,0.688695,0.357370,,,,,,,,GLOBAL_BASELINE_NO_ENTITY_RANKING,,,NOT_APPLICABLE_GLOBAL_BASELINE,HF9g-P5,,,,X 全窗基线 · 不参与实体赏罚,8393999,840,A168_HF9F_20260827_0900,2026-08-27 09:00:00
2026-07-11,139860604,2205,0,57.3154674309,252.4978700333,252.4978700333,1.0000000,2,1,0.07469715585585584,0.074698350000,3.519572498358019,3.51954209485373,3.519572498358019,-0.00000119414414416,ELIGIBLE,R03b_20260811_FULL_v1,L1_ELIGIBILITY,v2026-08-11,2026-03-21..2026-08-06,baccarat_bet02_101_all_pairs_incl_sentinel,round_win = game_pnl > 0 (decisive only),COMPATIBILITY_ONLY_NOT_PRODUCTION,14959.2779,13993.6831,482.5433,379,317,-0.03225713,0.01336124,-0.03773523,-0.03225713,-482.5433,14959.2779,OK,0.0000,19.3017,4.0000,96.0000,AG03-UNRESOLVED,ALL5_LEVELS_bet23_to_bet27,19.3017,19.3017,19.3017,19.3017,19.3017,4.000000,4.000000,4.000000,4.000000,4.000000,96.000000,96.000000,96.000000,96.000000,96.000000,5.0,96.5087,89.0907,386.0346,393.4526,PENDING_AG03,FALSE,NOT_FOR_ENFORCEMENT,463.2416,13433.9358,482.5433,463.2416,19.3017,0.03225713,0.03096684,19.3017,463.2416,0.03096684,19.3017,19.3017,19.3017,19.3017,19.3017,463.2416,0.03096684,96.5087,89.0907,386.0346,393.4526,0.02580570,0.02630158,0.00129029,39.4704,44.1441,1.5222,13.7870,6.1865,427.4079,9.0571,27.1831,41.7359,12.8578,25.8178,26.176,129.4727,131.8163,261.7596,25.7155,-12.8578,5.105642,10.138733,1.528807,24,60,28,8,0.10721108,0.03225713,-0.01336124,0E-8,0.000000,0.935452,0.000000,0.05109647,2026-04-11,2026-07-26,35,78,74,107,0.327103,0.651312,0.688695,0.357370,,,,,,,,GLOBAL_BASELINE_NO_ENTITY_RANKING,,,NOT_APPLICABLE_GLOBAL_BASELINE,HF9g-P5,,,,X 全窗基线 · 不参与实体赏罚,8394000,840,A168_HF9F_20260827_0900,2026-08-27 09:00:00
2026-07-12,139860604,-1,1,477.6288952571,90.3622234272,90.3622234272,0.2500000,15,10,0.33851016100000662,0.322565266667,-0.5290426447719568,-0.43906746642223443,-0.5290426447719568,0.01594489433300662,SENTINEL_DEALER,R03b_20260811_FULL_v1,L1_ELIGIBILITY,v2026-08-11,2026-03-21..2026-08-06,baccarat_bet02_101_all_pairs_incl_sentinel,round_win = game_pnl > 0 (decisive only),COMPATIBILITY_ONLY_NOT_PRODUCTION,14959.2779,13993.6831,482.5433,379,317,-0.03225713,0.01336124,-0.03773523,-0.03225713,-482.5433,14959.2779,OK,0.0000,19.3017,4.0000,96.0000,AG03-UNRESOLVED,ALL5_LEVELS_bet23_to_bet27,19.3017,19.3017,19.3017,19.3017,19.3017,4.000000,4.000000,4.000000,4.000000,4.000000,96.000000,96.000000,96.000000,96.000000,96.000000,5.0,96.5087,89.0907,386.0346,393.4526,PENDING_AG03,FALSE,NOT_FOR_ENFORCEMENT,463.2416,13433.9358,482.5433,463.2416,19.3017,0.03225713,0.03096684,19.3017,463.2416,0.03096684,19.3017,19.3017,19.3017,19.3017,19.3017,463.2416,0.03096684,96.5087,89.0907,386.0346,393.4526,0.02580570,0.02630158,0.00129029,39.4704,44.1441,1.5222,13.7870,6.1865,427.4079,9.0571,27.1831,41.7359,12.8578,25.8178,26.176,129.4727,131.8163,261.7596,25.7155,-12.8578,5.105642,10.138733,1.528807,24,60,28,8,0.10721108,0.03225713,-0.01336124,0E-8,0.000000,0.935452,0.000000,0.05109647,2026-04-11,2026-07-26,35,78,74,107,0.327103,0.651312,0.688695,0.357370,,,,,,,,GLOBAL_BASELINE_NO_ENTITY_RANKING,,,NOT_APPLICABLE_GLOBAL_BASELINE,HF9g-P5,,,,X 全窗基线 · 不参与实体赏罚,8394001,840,A168_HF9F_20260827_0900,2026-08-27 09:00:00
2026-07-12,139860604,1004,0,38.7266671830,-38.7266671830,-38.7266671830,0E-7,2,2,0.30062675000000000,0.300626750000,-0.9272018728036208,-0.9272018728036208,-0.9272018728036208,0E-17,ELIGIBLE,R03b_20260811_FULL_v1,L1_ELIGIBILITY,v2026-08-11,2026-03-21..2026-08-06,baccarat_bet02_101_all_pairs_incl_sentinel,round_win = game_pnl > 0 (decisive only),COMPATIBILITY_ONLY_NOT_PRODUCTION,14959.2779,13993.6831,482.5433,379,317,-0.03225713,0.01336124,-0.03773523,-0.03225713,-482.5433,14959.2779,OK,0.0000,19.3017,4.0000,96.0000,AG03-UNRESOLVED,ALL5_LEVELS_bet23_to_bet27,19.3017,19.3017,19.3017,19.3017,19.3017,4.000000,4.000000,4.000000,4.000000,4.000000,96.000000,96.000000,96.000000,96.000000,96.000000,5.0,96.5087,89.0907,386.0346,393.4526,PENDING_AG03,FALSE,NOT_FOR_ENFORCEMENT,463.2416,13433.9358,482.5433,463.2416,19.3017,0.03225713,0.03096684,19.3017,463.2416,0.03096684,19.3017,19.3017,19.3017,19.3017,19.3017,463.2416,0.03096684,96.5087,89.0907,386.0346,393.4526,0.02580570,0.02630158,0.00129029,39.4704,44.1441,1.5222,13.7870,6.1865,427.4079,9.0571,27.1831,41.7359,12.8578,25.8178,26.176,129.4727,131.8163,261.7596,25.7155,-12.8578,5.105642,10.138733,1.528807,24,60,28,8,0.10721108,0.03225713,-0.01336124,0E-8,0.000000,0.935452,0.000000,0.05109647,2026-04-11,2026-07-26,35,78,74,107,0.327103,0.651312,0.688695,0.357370,,,,,,,,GLOBAL_BASELINE_NO_ENTITY_RANKING,,,NOT_APPLICABLE_GLOBAL_BASELINE,HF9g-P5,,,,X 全窗基线 · 不参与实体赏罚,8394002,840,A168_HF9F_20260827_0900,2026-08-27 09:00:00
2026-07-12,139860604,1385,0,234.9417809102,-234.9417809102,-234.9417809102,0E-7,9,5,0.06352566000000000,0.063525660000,-0.5823869758705202,-0.5823869758705202,-0.5823869758705202,0E-17,ELIGIBLE,R03b_20260811_FULL_v1,L1_ELIGIBILITY,v2026-08-11,2026-03-21..2026-08-06,baccarat_bet02_101_all_pairs_incl_sentinel,round_win = game_pnl > 0 (decisive only),COMPATIBILITY_ONLY_NOT_PRODUCTION,14959.2779,13993.6831,482.5433,379,317,-0.03225713,0.01336124,-0.03773523,-0.03225713,-482.5433,14959.2779,OK,0.0000,19.3017,4.0000,96.0000,AG03-UNRESOLVED,ALL5_LEVELS_bet23_to_bet27,19.3017,19.3017,19.3017,19.3017,19.3017,4.000000,4.000000,4.000000,4.000000,4.000000,96.000000,96.000000,96.000000,96.000000,96.000000,5.0,96.5087,89.0907,386.0346,393.4526,PENDING_AG03,FALSE,NOT_FOR_ENFORCEMENT,463.2416,13433.9358,482.5433,463.2416,19.3017,0.03225713,0.03096684,19.3017,463.2416,0.03096684,19.3017,19.3017,19.3017,19.3017,19.3017,463.2416,0.03096684,96.5087,89.0907,386.0346,393.4526,0.02580570,0.02630158,0.00129029,39.4704,44.1441,1.5222,13.7870,6.1865,427.4079,9.0571,27.1831,41.7359,12.8578,25.8178,26.176,129.4727,131.8163,261.7596,25.7155,-12.8578,5.105642,10.138733,1.528807,24,60,28,8,0.10721108,0.03225713,-0.01336124,0E-8,0.000000,0.935452,0.000000,0.05109647,2026-04-11,2026-07-26,35,78,74,107,0.327103,0.651312,0.688695,0.357370,,,,,,,,GLOBAL_BASELINE_NO_ENTITY_RANKING,,,NOT_APPLICABLE_GLOBAL_BASELINE,HF9g-P5,,,,X 全窗基线 · 不参与实体赏罚,8394003,840,A168_HF9F_20260827_0900,2026-08-27 09:00:00
2026-07-12,139860604,1405,0,12.9088890610,-12.9088890610,-12.9088890610,0E-7,1,1,0.09460280000000000,0.094602800000,-0.32324545095860213,-0.32324545095860213,-0.32324545095860213,0E-17,ELIGIBLE,R03b_20260811_FULL_v1,L1_ELIGIBILITY,v2026-08-11,2026-03-21..2026-08-06,baccarat_bet02_101_all_pairs_incl_sentinel,round_win = game_pnl > 0 (decisive only),COMPATIBILITY_ONLY_NOT_PRODUCTION,14959.2779,13993.6831,482.5433,379,317,-0.03225713,0.01336124,-0.03773523,-0.03225713,-482.5433,14959.2779,OK,0.0000,19.3017,4.0000,96.0000,AG03-UNRESOLVED,ALL5_LEVELS_bet23_to_bet27,19.3017,19.3017,19.3017,19.3017,19.3017,4.000000,4.000000,4.000000,4.000000,4.000000,96.000000,96.000000,96.000000,96.000000,96.000000,5.0,96.5087,89.0907,386.0346,393.4526,PENDING_AG03,FALSE,NOT_FOR_ENFORCEMENT,463.2416,13433.9358,482.5433,463.2416,19.3017,0.03225713,0.03096684,19.3017,463.2416,0.03096684,19.3017,19.3017,19.3017,19.3017,19.3017,463.2416,0.03096684,96.5087,89.0907,386.0346,393.4526,0.02580570,0.02630158,0.00129029,39.4704,44.1441,1.5222,13.7870,6.1865,427.4079,9.0571,27.1831,41.7359,12.8578,25.8178,26.176,129.4727,131.8163,261.7596,25.7155,-12.8578,5.105642,10.138733,1.528807,24,60,28,8,0.10721108,0.03225713,-0.01336124,0E-8,0.000000,0.935452,0.000000,0.05109647,2026-04-11,2026-07-26,35,78,74,107,0.327103,0.651312,0.688695,0.357370,,,,,,,,GLOBAL_BASELINE_NO_ENTITY_RANKING,,,NOT_APPLICABLE_GLOBAL_BASELINE,HF9g-P5,,,,X 全窗基线 · 不参与实体赏罚,8394004,840,A168_HF9F_20260827_0900,2026-08-27 09:00:00
2026-07-12,139860604,2106,0,154.9066687321,-154.9066687321,-154.9066687321,0E-7,2,2,0.05671885000000000,0.056718850000,-0.3467832626700728,-0.3467832626700728,-0.3467832626700728,0E-17,ELIGIBLE,R03b_20260811_FULL_v1,L1_ELIGIBILITY,v2026-08-11,2026-03-21..2026-08-06,baccarat_bet02_101_all_pairs_incl_sentinel,round_win = game_pnl > 0 (decisive only),COMPATIBILITY_ONLY_NOT_PRODUCTION,14959.2779,13993.6831,482.5433,379,317,-0.03225713,0.01336124,-0.03773523,-0.03225713,-482.5433,14959.2779,OK,0.0000,19.3017,4.0000,96.0000,AG03-UNRESOLVED,ALL5_LEVELS_bet23_to_bet27,19.3017,19.3017,19.3017,19.3017,19.3017,4.000000,4.000000,4.000000,4.000000,4.000000,96.000000,96.000000,96.000000,96.000000,96.000000,5.0,96.5087,89.0907,386.0346,393.4526,PENDING_AG03,FALSE,NOT_FOR_ENFORCEMENT,463.2416,13433.9358,482.5433,463.2416,19.3017,0.03225713,0.03096684,19.3017,463.2416,0.03096684,19.3017,19.3017,19.3017,19.3017,19.3017,463.2416,0.03096684,96.5087,89.0907,386.0346,393.4526,0.02580570,0.02630158,0.00129029,39.4704,44.1441,1.5222,13.7870,6.1865,427.4079,9.0571,27.1831,41.7359,12.8578,25.8178,26.176,129.4727,131.8163,261.7596,25.7155,-12.8578,5.105642,10.138733,1.528807,24,60,28,8,0.10721108,0.03225713,-0.01336124,0E-8,0.000000,0.935452,0.000000,0.05109647,2026-04-11,2026-07-26,35,78,74,107,0.327103,0.651312,0.688695,0.357370,,,,,,,,GLOBAL_BASELINE_NO_ENTITY_RANKING,,,NOT_APPLICABLE_GLOBAL_BASELINE,HF9g-P5,,,,X 全窗基线 · 不参与实体赏罚,8394005,840,A168_HF9F_20260827_0900,2026-08-27 09:00:00
2026-07-12,139860604,2174,0,113.5982237368,-10.3271112488,-10.3271112488,0.5714286,10,7,0.37042365634920635,0.357136445238,1.1012404102217792,1.183256081940193,1.1012404102217792,0.01328721111120635,ELIGIBLE,R03b_20260811_FULL_v1,L1_ELIGIBILITY,v2026-08-11,2026-03-21..2026-08-06,baccarat_bet02_101_all_pairs_incl_sentinel,round_win = game_pnl > 0 (decisive only),COMPATIBILITY_ONLY_NOT_PRODUCTION,14959.2779,13993.6831,482.5433,379,317,-0.03225713,0.01336124,-0.03773523,-0.03225713,-482.5433,14959.2779,OK,0.0000,19.3017,4.0000,96.0000,AG03-UNRESOLVED,ALL5_LEVELS_bet23_to_bet27,19.3017,19.3017,19.3017,19.3017,19.3017,4.000000,4.000000,4.000000,4.000000,4.000000,96.000000,96.000000,96.000000,96.000000,96.000000,5.0,96.5087,89.0907,386.0346,393.4526,PENDING_AG03,FALSE,NOT_FOR_ENFORCEMENT,463.2416,13433.9358,482.5433,463.2416,19.3017,0.03225713,0.03096684,19.3017,463.2416,0.03096684,19.3017,19.3017,19.3017,19.3017,19.3017,463.2416,0.03096684,96.5087,89.0907,386.0346,393.4526,0.02580570,0.02630158,0.00129029,39.4704,44.1441,1.5222,13.7870,6.1865,427.4079,9.0571,27.1831,41.7359,12.8578,25.8178,26.176,129.4727,131.8163,261.7596,25.7155,-12.8578,5.105642,10.138733,1.528807,24,60,28,8,0.10721108,0.03225713,-0.01336124,0E-8,0.000000,0.935452,0.000000,0.05109647,2026-04-11,2026-07-26,35,78,74,107,0.327103,0.651312,0.688695,0.357370,,,,,,,,GLOBAL_BASELINE_NO_ENTITY_RANKING,,,NOT_APPLICABLE_GLOBAL_BASELINE,HF9g-P5,,,,X 全窗基线 · 不参与实体赏罚,8394006,840,A168_HF9F_20260827_0900,2026-08-27 09:00:00
2026-07-12,139860604,2216,0,103.2711124880,-103.2711124880,-103.2711124880,0E-7,4,1,0.06570860000000000,0.065708600000,-0.2651978088314466,-0.2651978088314466,-0.2651978088314466,0E-17,ELIGIBLE,R03b_20260811_FULL_v1,L1_ELIGIBILITY,v2026-08-11,2026-03-21..2026-08-06,baccarat_bet02_101_all_pairs_incl_sentinel,round_win = game_pnl > 0 (decisive only),COMPATIBILITY_ONLY_NOT_PRODUCTION,14959.2779,13993.6831,482.5433,379,317,-0.03225713,0.01336124,-0.03773523,-0.03225713,-482.5433,14959.2779,OK,0.0000,19.3017,4.0000,96.0000,AG03-UNRESOLVED,ALL5_LEVELS_bet23_to_bet27,19.3017,19.3017,19.3017,19.3017,19.3017,4.000000,4.000000,4.000000,4.000000,4.000000,96.000000,96.000000,96.000000,96.000000,96.000000,5.0,96.5087,89.0907,386.0346,393.4526,PENDING_AG03,FALSE,NOT_FOR_ENFORCEMENT,463.2416,13433.9358,482.5433,463.2416,19.3017,0.03225713,0.03096684,19.3017,463.2416,0.03096684,19.3017,19.3017,19.3017,19.3017,19.3017,463.2416,0.03096684,96.5087,89.0907,386.0346,393.4526,0.02580570,0.02630158,0.00129029,39.4704,44.1441,1.5222,13.7870,6.1865,427.4079,9.0571,27.1831,41.7359,12.8578,25.8178,26.176,129.4727,131.8163,261.7596,25.7155,-12.8578,5.105642,10.138733,1.528807,24,60,28,8,0.10721108,0.03225713,-0.01336124,0E-8,0.000000,0.935452,0.000000,0.05109647,2026-04-11,2026-07-26,35,78,74,107,0.327103,0.651312,0.688695,0.357370,,,,,,,,GLOBAL_BASELINE_NO_ENTITY_RANKING,,,NOT_APPLICABLE_GLOBAL_BASELINE,HF9g-P5,,,,X 全窗基线 · 不参与实体赏罚,8394007,840,A168_HF9F_20260827_0900,2026-08-27 09:00:00
2026-07-12,139860604,2281,0,51.6355562440,-51.6355562440,-51.6355562440,0E-7,2,2,0.50665070000000000,0.506650700000,-1.4331513700195317,-1.4331513700195317,-1.4331513700195317,0E-17,ELIGIBLE,R03b_20260811_FULL_v1,L1_ELIGIBILITY,v2026-08-11,2026-03-21..2026-08-06,baccarat_bet02_101_all_pairs_incl_sentinel,round_win = game_pnl > 0 (decisive only),COMPATIBILITY_ONLY_NOT_PRODUCTION,14959.2779,13993.6831,482.5433,379,317,-0.03225713,0.01336124,-0.03773523,-0.03225713,-482.5433,14959.2779,OK,0.0000,19.3017,4.0000,96.0000,AG03-UNRESOLVED,ALL5_LEVELS_bet23_to_bet27,19.3017,19.3017,19.3017,19.3017,19.3017,4.000000,4.000000,4.000000,4.000000,4.000000,96.000000,96.000000,96.000000,96.000000,96.000000,5.0,96.5087,89.0907,386.0346,393.4526,PENDING_AG03,FALSE,NOT_FOR_ENFORCEMENT,463.2416,13433.9358,482.5433,463.2416,19.3017,0.03225713,0.03096684,19.3017,463.2416,0.03096684,19.3017,19.3017,19.3017,19.3017,19.3017,463.2416,0.03096684,96.5087,89.0907,386.0346,393.4526,0.02580570,0.02630158,0.00129029,39.4704,44.1441,1.5222,13.7870,6.1865,427.4079,9.0571,27.1831,41.7359,12.8578,25.8178,26.176,129.4727,131.8163,261.7596,25.7155,-12.8578,5.105642,10.138733,1.528807,24,60,28,8,0.10721108,0.03225713,-0.01336124,0E-8,0.000000,0.935452,0.000000,0.05109647,2026-04-11,2026-07-26,35,78,74,107,0.327103,0.651312,0.688695,0.357370,,,,,,,,GLOBAL_BASELINE_NO_ENTITY_RANKING,,,NOT_APPLICABLE_GLOBAL_BASELINE,HF9g-P5,,,,X 全窗基线 · 不参与实体赏罚,8394008,840,A168_HF9F_20260827_0900,2026-08-27 09:00:00
2026-07-13,139860604,2258,0,38.7266671830,37.4357782769,37.4357782769,1.0000000,2,2,0.49994810000000000,0.499948100000,1.4143603653603398,1.4143603653603398,1.4143603653603398,0E-17,ELIGIBLE,R03b_20260811_FULL_v1,L1_ELIGIBILITY,v2026-08-11,2026-03-21..2026-08-06,baccarat_bet02_101_all_pairs_incl_sentinel,round_win = game_pnl > 0 (decisive only),COMPATIBILITY_ONLY_NOT_PRODUCTION,14959.2779,13993.6831,482.5433,379,317,-0.03225713,0.01336124,-0.03773523,-0.03225713,-482.5433,14959.2779,OK,0.0000,19.3017,4.0000,96.0000,AG03-UNRESOLVED,ALL5_LEVELS_bet23_to_bet27,19.3017,19.3017,19.3017,19.3017,19.3017,4.000000,4.000000,4.000000,4.000000,4.000000,96.000000,96.000000,96.000000,96.000000,96.000000,5.0,96.5087,89.0907,386.0346,393.4526,PENDING_AG03,FALSE,NOT_FOR_ENFORCEMENT,463.2416,13433.9358,482.5433,463.2416,19.3017,0.03225713,0.03096684,19.3017,463.2416,0.03096684,19.3017,19.3017,19.3017,19.3017,19.3017,463.2416,0.03096684,96.5087,89.0907,386.0346,393.4526,0.02580570,0.02630158,0.00129029,39.4704,44.1441,1.5222,13.7870,6.1865,427.4079,9.0571,27.1831,41.7359,12.8578,25.8178,26.176,129.4727,131.8163,261.7596,25.7155,-12.8578,5.105642,10.138733,1.528807,24,60,28,8,0.10721108,0.03225713,-0.01336124,0E-8,0.000000,0.935452,0.000000,0.05109647,2026-04-11,2026-07-26,35,78,74,107,0.327103,0.651312,0.688695,0.357370,,,,,,,,GLOBAL_BASELINE_NO_ENTITY_RANKING,,,NOT_APPLICABLE_GLOBAL_BASELINE,HF9g-P5,,,,X 全窗基线 · 不参与实体赏罚,8394009,840,A168_HF9F_20260827_0900,2026-08-27 09:00:00
2026-07-23,139860604,-1,1,107.9183125500,-107.9183125500,-107.9183125500,0E-7,2,1,0.07469886889952154,0.074698350000,-0.2841289368727279,-0.28412787034489473,-0.2841289368727279,5.1889952154E-7,SENTINEL_DEALER,R03b_20260811_FULL_v1,L1_ELIGIBILITY,v2026-08-11,2026-03-21..2026-08-06,baccarat_bet02_101_all_pairs_incl_sentinel,round_win = game_pnl > 0 (decisive only),COMPATIBILITY_ONLY_NOT_PRODUCTION,14959.2779,13993.6831,482.5433,379,317,-0.03225713,0.01336124,-0.03773523,-0.03225713,-482.5433,14959.2779,OK,0.0000,19.3017,4.0000,96.0000,AG03-UNRESOLVED,ALL5_LEVELS_bet23_to_bet27,19.3017,19.3017,19.3017,19.3017,19.3017,4.000000,4.000000,4.000000,4.000000,4.000000,96.000000,96.000000,96.000000,96.000000,96.000000,5.0,96.5087,89.0907,386.0346,393.4526,PENDING_AG03,FALSE,NOT_FOR_ENFORCEMENT,463.2416,13433.9358,482.5433,463.2416,19.3017,0.03225713,0.03096684,19.3017,463.2416,0.03096684,19.3017,19.3017,19.3017,19.3017,19.3017,463.2416,0.03096684,96.5087,89.0907,386.0346,393.4526,0.02580570,0.02630158,0.00129029,39.4704,44.1441,1.5222,13.7870,6.1865,427.4079,9.0571,27.1831,41.7359,12.8578,25.8178,26.176,129.4727,131.8163,261.7596,25.7155,-12.8578,5.105642,10.138733,1.528807,24,60,28,8,0.10721108,0.03225713,-0.01336124,0E-8,0.000000,0.935452,0.000000,0.05109647,2026-04-11,2026-07-26,35,78,74,107,0.327103,0.651312,0.688695,0.357370,,,,,,,,GLOBAL_BASELINE_NO_ENTITY_RANKING,,,NOT_APPLICABLE_GLOBAL_BASELINE,HF9g-P5,,,,X 全窗基线 · 不参与实体赏罚,8394010,840,A168_HF9F_20260827_0900,2026-08-27 09:00:00
2026-07-23,139860604,1094,0,79.7769343970,-79.7769343970,-79.7769343970,0E-7,1,1,0.50665070000000000,0.506650700000,-1.013391052207602,-1.013391052207602,-1.013391052207602,0E-17,ELIGIBLE,R03b_20260811_FULL_v1,L1_ELIGIBILITY,v2026-08-11,2026-03-21..2026-08-06,baccarat_bet02_101_all_pairs_incl_sentinel,round_win = game_pnl > 0 (decisive only),COMPATIBILITY_ONLY_NOT_PRODUCTION,14959.2779,13993.6831,482.5433,379,317,-0.03225713,0.01336124,-0.03773523,-0.03225713,-482.5433,14959.2779,OK,0.0000,19.3017,4.0000,96.0000,AG03-UNRESOLVED,ALL5_LEVELS_bet23_to_bet27,19.3017,19.3017,19.3017,19.3017,19.3017,4.000000,4.000000,4.000000,4.000000,4.000000,96.000000,96.000000,96.000000,96.000000,96.000000,5.0,96.5087,89.0907,386.0346,393.4526,PENDING_AG03,FALSE,NOT_FOR_ENFORCEMENT,463.2416,13433.9358,482.5433,463.2416,19.3017,0.03225713,0.03096684,19.3017,463.2416,0.03096684,19.3017,19.3017,19.3017,19.3017,19.3017,463.2416,0.03096684,96.5087,89.0907,386.0346,393.4526,0.02580570,0.02630158,0.00129029,39.4704,44.1441,1.5222,13.7870,6.1865,427.4079,9.0571,27.1831,41.7359,12.8578,25.8178,26.176,129.4727,131.8163,261.7596,25.7155,-12.8578,5.105642,10.138733,1.528807,24,60,28,8,0.10721108,0.03225713,-0.01336124,0E-8,0.000000,0.935452,0.000000,0.05109647,2026-04-11,2026-07-26,35,78,74,107,0.327103,0.651312,0.688695,0.357370,,,,,,,,GLOBAL_BASELINE_NO_ENTITY_RANKING,,,NOT_APPLICABLE_GLOBAL_BASELINE,HF9g-P5,,,,X 全窗基线 · 不参与实体赏罚,8394011,840,A168_HF9F_20260827_0900,2026-08-27 09:00:00
2026-07-23,139860604,2129,0,12.9088890610,-12.9088890610,-12.9088890610,0E-7,1,1,0.49324550000000000,0.493245500000,-0.9865810262130424,-0.9865810262130424,-0.9865810262130424,0E-17,ELIGIBLE,R03b_20260811_FULL_v1,L1_ELIGIBILITY,v2026-08-11,2026-03-21..2026-08-06,baccarat_bet02_101_all_pairs_incl_sentinel,round_win = game_pnl > 0 (decisive only),COMPATIBILITY_ONLY_NOT_PRODUCTION,14959.2779,13993.6831,482.5433,379,317,-0.03225713,0.01336124,-0.03773523,-0.03225713,-482.5433,14959.2779,OK,0.0000,19.3017,4.0000,96.0000,AG03-UNRESOLVED,ALL5_LEVELS_bet23_to_bet27,19.3017,19.3017,19.3017,19.3017,19.3017,4.000000,4.000000,4.000000,4.000000,4.000000,96.000000,96.000000,96.000000,96.000000,96.000000,5.0,96.5087,89.0907,386.0346,393.4526,PENDING_AG03,FALSE,NOT_FOR_ENFORCEMENT,463.2416,13433.9358,482.5433,463.2416,19.3017,0.03225713,0.03096684,19.3017,463.2416,0.03096684,19.3017,19.3017,19.3017,19.3017,19.3017,463.2416,0.03096684,96.5087,89.0907,386.0346,393.4526,0.02580570,0.02630158,0.00129029,39.4704,44.1441,1.5222,13.7870,6.1865,427.4079,9.0571,27.1831,41.7359,12.8578,25.8178,26.176,129.4727,131.8163,261.7596,25.7155,-12.8578,5.105642,10.138733,1.528807,24,60,28,8,0.10721108,0.03225713,-0.01336124,0E-8,0.000000,0.935452,0.000000,0.05109647,2026-04-11,2026-07-26,35,78,74,107,0.327103,0.651312,0.688695,0.357370,,,,,,,,GLOBAL_BASELINE_NO_ENTITY_RANKING,,,NOT_APPLICABLE_GLOBAL_BASELINE,HF9g-P5,,,,X 全窗基线 · 不参与实体赏罚,8394012,840,A168_HF9F_20260827_0900,2026-08-27 09:00:00
2026-07-24,139860604,2101,0,9.5525779051,-9.5525779051,-9.5525779051,0E-7,1,1,0.09460280000000000,0.094602800000,-0.32324545095860213,-0.32324545095860213,-0.32324545095860213,0E-17,ELIGIBLE,R03b_20260811_FULL_v1,L1_ELIGIBILITY,v2026-08-11,2026-03-21..2026-08-06,baccarat_bet02_101_all_pairs_incl_sentinel,round_win = game_pnl > 0 (decisive only),COMPATIBILITY_ONLY_NOT_PRODUCTION,14959.2779,13993.6831,482.5433,379,317,-0.03225713,0.01336124,-0.03773523,-0.03225713,-482.5433,14959.2779,OK,0.0000,19.3017,4.0000,96.0000,AG03-UNRESOLVED,ALL5_LEVELS_bet23_to_bet27,19.3017,19.3017,19.3017,19.3017,19.3017,4.000000,4.000000,4.000000,4.000000,4.000000,96.000000,96.000000,96.000000,96.000000,96.000000,5.0,96.5087,89.0907,386.0346,393.4526,PENDING_AG03,FALSE,NOT_FOR_ENFORCEMENT,463.2416,13433.9358,482.5433,463.2416,19.3017,0.03225713,0.03096684,19.3017,463.2416,0.03096684,19.3017,19.3017,19.3017,19.3017,19.3017,463.2416,0.03096684,96.5087,89.0907,386.0346,393.4526,0.02580570,0.02630158,0.00129029,39.4704,44.1441,1.5222,13.7870,6.1865,427.4079,9.0571,27.1831,41.7359,12.8578,25.8178,26.176,129.4727,131.8163,261.7596,25.7155,-12.8578,5.105642,10.138733,1.528807,24,60,28,8,0.10721108,0.03225713,-0.01336124,0E-8,0.000000,0.935452,0.000000,0.05109647,2026-04-11,2026-07-26,35,78,74,107,0.327103,0.651312,0.688695,0.357370,,,,,,,,GLOBAL_BASELINE_NO_ENTITY_RANKING,,,NOT_APPLICABLE_GLOBAL_BASELINE,HF9g-P5,,,,X 全窗基线 · 不参与实体赏罚,8394013,840,A168_HF9F_20260827_0900,2026-08-27 09:00:00
2026-07-26,139860604,2142,0,6.7126223117,-6.7126223117,-6.7126223117,0E-7,1,1,0.01883490000000000,0.018834900000,-0.1385513026636974,-0.1385513026636974,-0.1385513026636974,0E-17,ELIGIBLE,R03b_20260811_FULL_v1,L1_ELIGIBILITY,v2026-08-11,2026-03-21..2026-08-06,baccarat_bet02_101_all_pairs_incl_sentinel,round_win = game_pnl > 0 (decisive only),COMPATIBILITY_ONLY_NOT_PRODUCTION,14959.2779,13993.6831,482.5433,379,317,-0.03225713,0.01336124,-0.03773523,-0.03225713,-482.5433,14959.2779,OK,0.0000,19.3017,4.0000,96.0000,AG03-UNRESOLVED,ALL5_LEVELS_bet23_to_bet27,19.3017,19.3017,19.3017,19.3017,19.3017,4.000000,4.000000,4.000000,4.000000,4.000000,96.000000,96.000000,96.000000,96.000000,96.000000,5.0,96.5087,89.0907,386.0346,393.4526,PENDING_AG03,FALSE,NOT_FOR_ENFORCEMENT,463.2416,13433.9358,482.5433,463.2416,19.3017,0.03225713,0.03096684,19.3017,463.2416,0.03096684,19.3017,19.3017,19.3017,19.3017,19.3017,463.2416,0.03096684,96.5087,89.0907,386.0346,393.4526,0.02580570,0.02630158,0.00129029,39.4704,44.1441,1.5222,13.7870,6.1865,427.4079,9.0571,27.1831,41.7359,12.8578,25.8178,26.176,129.4727,131.8163,261.7596,25.7155,-12.8578,5.105642,10.138733,1.528807,24,60,28,8,0.10721108,0.03225713,-0.01336124,0E-8,0.000000,0.935452,0.000000,0.05109647,2026-04-11,2026-07-26,35,78,74,107,0.327103,0.651312,0.688695,0.357370,,,,,,,,GLOBAL_BASELINE_NO_ENTITY_RANKING,,,NOT_APPLICABLE_GLOBAL_BASELINE,HF9g-P5,,,,X 全窗基线 · 不参与实体赏罚,8394014,840,A168_HF9F_20260827_0900,2026-08-27 09:00:00
2026-06-06,150310820,2276,0,17.2681747539,-17.2681747539,-17.2681747539,0E-7,1,1,0.49324550000000000,0.493245500000,-0.9865810262130424,-0.9865810262130424,-0.9865810262130424,0E-17,ELIGIBLE,R03b_20260811_FULL_v1,L1_ELIGIBILITY,v2026-08-11,2026-03-21..2026-08-06,baccarat_bet02_101_all_pairs_incl_sentinel,round_win = game_pnl > 0 (decisive only),COMPATIBILITY_ONLY_NOT_PRODUCTION,1216.2745,1154.9594,482.5447,24,23,-0.39673999,-0.31944164,-1.00000000,-0.39673999,-482.5447,1216.2745,THIN_EXPOSURE,0.0000,19.3018,4.0000,96.0000,AG03-UNRESOLVED,ALL5_LEVELS_bet23_to_bet27,19.3018,19.3018,19.3018,19.3018,19.3018,4.000000,4.000000,4.000000,4.000000,4.000000,96.000000,96.000000,96.000000,96.000000,96.000000,5.0,96.5089,89.0909,386.0358,393.4538,PENDING_AG03,FALSE,NOT_FOR_ENFORCEMENT,463.2429,1108.7610,482.5447,463.2429,19.3018,0.39673999,0.38087039,19.3018,463.2429,0.38087039,19.3018,19.3018,19.3018,19.3018,19.3018,463.2429,0.38087039,96.5089,89.0909,386.0358,393.4538,0.31739199,0.32349095,0.01586960,50.6781,50.2156,20.9802,96.5089,43.8677,243.2549,4.6000,51.3395,46.0485,17.2973,30.6962,86.1475,129.2212,142.1433,172.295,30.6962,-17.2973,4.630644,5.612904,1.650955,9,11,1,2,0.88641923,0.39673999,0.31944164,0E-8,0.000000,0.949588,0.583333,0.68055836,2026-06-06,2026-08-03,5,11,11,59,0.084746,1.114901,1.013051,2.954731,,,,,,,,GLOBAL_BASELINE_NO_ENTITY_RANKING,,,NOT_APPLICABLE_GLOBAL_BASELINE,HF9g-P5,,,,X 全窗基线 · 不参与实体赏罚,8394015,840,A168_HF9F_20260827_0900,2026-08-27 09:00:00
2026-06-17,150310820,772,0,120.8772232775,-120.8772232775,-120.8772232775,0E-7,2,2,0.50665070000000000,0.506650700000,-1.4331513700195317,-1.4331513700195317,-1.4331513700195317,0E-17,ELIGIBLE,R03b_20260811_FULL_v1,L1_ELIGIBILITY,v2026-08-11,2026-03-21..2026-08-06,baccarat_bet02_101_all_pairs_incl_sentinel,round_win = game_pnl > 0 (decisive only),COMPATIBILITY_ONLY_NOT_PRODUCTION,1216.2745,1154.9594,482.5447,24,23,-0.39673999,-0.31944164,-1.00000000,-0.39673999,-482.5447,1216.2745,THIN_EXPOSURE,0.0000,19.3018,4.0000,96.0000,AG03-UNRESOLVED,ALL5_LEVELS_bet23_to_bet27,19.3018,19.3018,19.3018,19.3018,19.3018,4.000000,4.000000,4.000000,4.000000,4.000000,96.000000,96.000000,96.000000,96.000000,96.000000,5.0,96.5089,89.0909,386.0358,393.4538,PENDING_AG03,FALSE,NOT_FOR_ENFORCEMENT,463.2429,1108.7610,482.5447,463.2429,19.3018,0.39673999,0.38087039,19.3018,463.2429,0.38087039,19.3018,19.3018,19.3018,19.3018,19.3018,463.2429,0.38087039,96.5089,89.0909,386.0358,393.4538,0.31739199,0.32349095,0.01586960,50.6781,50.2156,20.9802,96.5089,43.8677,243.2549,4.6000,51.3395,46.0485,17.2973,30.6962,86.1475,129.2212,142.1433,172.295,30.6962,-17.2973,4.630644,5.612904,1.650955,9,11,1,2,0.88641923,0.39673999,0.31944164,0E-8,0.000000,0.949588,0.583333,0.68055836,2026-06-06,2026-08-03,5,11,11,59,0.084746,1.114901,1.013051,2.954731,,,,,,,,GLOBAL_BASELINE_NO_ENTITY_RANKING,,,NOT_APPLICABLE_GLOBAL_BASELINE,HF9g-P5,,,,X 全窗基线 · 不参与实体赏罚,8394016,840,A168_HF9F_20260827_0900,2026-08-27 09:00:00
2026-07-27,150310820,2103,0,114.3550203587,34.6530364723,34.6530364723,0.6000000,6,6,0.49547970000000000,0.495479700000,0.4674480948863271,0.4674480948863271,0.4674480948863271,0E-17,ELIGIBLE,R03b_20260811_FULL_v1,L1_ELIGIBILITY,v2026-08-11,2026-03-21..2026-08-06,baccarat_bet02_101_all_pairs_incl_sentinel,round_win = game_pnl > 0 (decisive only),COMPATIBILITY_ONLY_NOT_PRODUCTION,1216.2745,1154.9594,482.5447,24,23,-0.39673999,-0.31944164,-1.00000000,-0.39673999,-482.5447,1216.2745,THIN_EXPOSURE,0.0000,19.3018,4.0000,96.0000,AG03-UNRESOLVED,ALL5_LEVELS_bet23_to_bet27,19.3018,19.3018,19.3018,19.3018,19.3018,4.000000,4.000000,4.000000,4.000000,4.000000,96.000000,96.000000,96.000000,96.000000,96.000000,5.0,96.5089,89.0909,386.0358,393.4538,PENDING_AG03,FALSE,NOT_FOR_ENFORCEMENT,463.2429,1108.7610,482.5447,463.2429,19.3018,0.39673999,0.38087039,19.3018,463.2429,0.38087039,19.3018,19.3018,19.3018,19.3018,19.3018,463.2429,0.38087039,96.5089,89.0909,386.0358,393.4538,0.31739199,0.32349095,0.01586960,50.6781,50.2156,20.9802,96.5089,43.8677,243.2549,4.6000,51.3395,46.0485,17.2973,30.6962,86.1475,129.2212,142.1433,172.295,30.6962,-17.2973,4.630644,5.612904,1.650955,9,11,1,2,0.88641923,0.39673999,0.31944164,0E-8,0.000000,0.949588,0.583333,0.68055836,2026-06-06,2026-08-03,5,11,11,59,0.084746,1.114901,1.013051,2.954731,,,,,,,,GLOBAL_BASELINE_NO_ENTITY_RANKING,,,NOT_APPLICABLE_GLOBAL_BASELINE,HF9g-P5,,,,X 全窗基线 · 不参与实体赏罚,8394017,840,A168_HF9F_20260827_0900,2026-08-27 09:00:00
2026-07-28,150310820,-1,1,43.3162955904,-43.3162955904,-43.3162955904,0E-7,1,1,0.50665070000000000,0.506650700000,-1.013391052207602,-1.013391052207602,-1.013391052207602,0E-17,SENTINEL_DEALER,R03b_20260811_FULL_v1,L1_ELIGIBILITY,v2026-08-11,2026-03-21..2026-08-06,baccarat_bet02_101_all_pairs_incl_sentinel,round_win = game_pnl > 0 (decisive only),COMPATIBILITY_ONLY_NOT_PRODUCTION,1216.2745,1154.9594,482.5447,24,23,-0.39673999,-0.31944164,-1.00000000,-0.39673999,-482.5447,1216.2745,THIN_EXPOSURE,0.0000,19.3018,4.0000,96.0000,AG03-UNRESOLVED,ALL5_LEVELS_bet23_to_bet27,19.3018,19.3018,19.3018,19.3018,19.3018,4.000000,4.000000,4.000000,4.000000,4.000000,96.000000,96.000000,96.000000,96.000000,96.000000,5.0,96.5089,89.0909,386.0358,393.4538,PENDING_AG03,FALSE,NOT_FOR_ENFORCEMENT,463.2429,1108.7610,482.5447,463.2429,19.3018,0.39673999,0.38087039,19.3018,463.2429,0.38087039,19.3018,19.3018,19.3018,19.3018,19.3018,463.2429,0.38087039,96.5089,89.0909,386.0358,393.4538,0.31739199,0.32349095,0.01586960,50.6781,50.2156,20.9802,96.5089,43.8677,243.2549,4.6000,51.3395,46.0485,17.2973,30.6962,86.1475,129.2212,142.1433,172.295,30.6962,-17.2973,4.630644,5.612904,1.650955,9,11,1,2,0.88641923,0.39673999,0.31944164,0E-8,0.000000,0.949588,0.583333,0.68055836,2026-06-06,2026-08-03,5,11,11,59,0.084746,1.114901,1.013051,2.954731,,,,,,,,GLOBAL_BASELINE_NO_ENTITY_RANKING,,,NOT_APPLICABLE_GLOBAL_BASELINE,HF9g-P5,,,,X 全窗基线 · 不参与实体赏罚,8394018,840,A168_HF9F_20260827_0900,2026-08-27 09:00:00
2026-07-28,150310820,1307,0,53.7122065321,-32.9203846487,-32.9203846487,0.5000000,2,2,0.49994810000000000,0.499948100000,0.00014679536856514622,0.00014679536856514622,0.00014679536856514622,0E-17,ELIGIBLE,R03b_20260811_FULL_v1,L1_ELIGIBILITY,v2026-08-11,2026-03-21..2026-08-06,baccarat_bet02_101_all_pairs_incl_sentinel,round_win = game_pnl > 0 (decisive only),COMPATIBILITY_ONLY_NOT_PRODUCTION,1216.2745,1154.9594,482.5447,24,23,-0.39673999,-0.31944164,-1.00000000,-0.39673999,-482.5447,1216.2745,THIN_EXPOSURE,0.0000,19.3018,4.0000,96.0000,AG03-UNRESOLVED,ALL5_LEVELS_bet23_to_bet27,19.3018,19.3018,19.3018,19.3018,19.3018,4.000000,4.000000,4.000000,4.000000,4.000000,96.000000,96.000000,96.000000,96.000000,96.000000,5.0,96.5089,89.0909,386.0358,393.4538,PENDING_AG03,FALSE,NOT_FOR_ENFORCEMENT,463.2429,1108.7610,482.5447,463.2429,19.3018,0.39673999,0.38087039,19.3018,463.2429,0.38087039,19.3018,19.3018,19.3018,19.3018,19.3018,463.2429,0.38087039,96.5089,89.0909,386.0358,393.4538,0.31739199,0.32349095,0.01586960,50.6781,50.2156,20.9802,96.5089,43.8677,243.2549,4.6000,51.3395,46.0485,17.2973,30.6962,86.1475,129.2212,142.1433,172.295,30.6962,-17.2973,4.630644,5.612904,1.650955,9,11,1,2,0.88641923,0.39673999,0.31944164,0E-8,0.000000,0.949588,0.583333,0.68055836,2026-06-06,2026-08-03,5,11,11,59,0.084746,1.114901,1.013051,2.954731,,,,,,,,GLOBAL_BASELINE_NO_ENTITY_RANKING,,,NOT_APPLICABLE_GLOBAL_BASELINE,HF9g-P5,,,,X 全窗基线 · 不参与实体赏罚,8394019,840,A168_HF9F_20260827_0900,2026-08-27 09:00:00
2026-07-28,150310820,2115,0,9.5295850299,-9.5295850299,-9.5295850299,0E-7,1,1,0.49324550000000000,0.493245500000,-0.9865810262130424,-0.9865810262130424,-0.9865810262130424,0E-17,ELIGIBLE,R03b_20260811_FULL_v1,L1_ELIGIBILITY,v2026-08-11,2026-03-21..2026-08-06,baccarat_bet02_101_all_pairs_incl_sentinel,round_win = game_pnl > 0 (decisive only),COMPATIBILITY_ONLY_NOT_PRODUCTION,1216.2745,1154.9594,482.5447,24,23,-0.39673999,-0.31944164,-1.00000000,-0.39673999,-482.5447,1216.2745,THIN_EXPOSURE,0.0000,19.3018,4.0000,96.0000,AG03-UNRESOLVED,ALL5_LEVELS_bet23_to_bet27,19.3018,19.3018,19.3018,19.3018,19.3018,4.000000,4.000000,4.000000,4.000000,4.000000,96.000000,96.000000,96.000000,96.000000,96.000000,5.0,96.5089,89.0909,386.0358,393.4538,PENDING_AG03,FALSE,NOT_FOR_ENFORCEMENT,463.2429,1108.7610,482.5447,463.2429,19.3018,0.39673999,0.38087039,19.3018,463.2429,0.38087039,19.3018,19.3018,19.3018,19.3018,19.3018,463.2429,0.38087039,96.5089,89.0909,386.0358,393.4538,0.31739199,0.32349095,0.01586960,50.6781,50.2156,20.9802,96.5089,43.8677,243.2549,4.6000,51.3395,46.0485,17.2973,30.6962,86.1475,129.2212,142.1433,172.295,30.6962,-17.2973,4.630644,5.612904,1.650955,9,11,1,2,0.88641923,0.39673999,0.31944164,0E-8,0.000000,0.949588,0.583333,0.68055836,2026-06-06,2026-08-03,5,11,11,59,0.084746,1.114901,1.013051,2.954731,,,,,,,,GLOBAL_BASELINE_NO_ENTITY_RANKING,,,NOT_APPLICABLE_GLOBAL_BASELINE,HF9g-P5,,,,X 全窗基线 · 不参与实体赏罚,8394020,840,A168_HF9F_20260827_0900,2026-08-27 09:00:00
2026-07-28,150310820,2188,0,8.6632591181,8.2300961622,8.2300961622,1.0000000,1,1,0.50665070000000000,0.506650700000,0.9867858985152569,0.9867858985152569,0.9867858985152569,0E-17,ELIGIBLE,R03b_20260811_FULL_v1,L1_ELIGIBILITY,v2026-08-11,2026-03-21..2026-08-06,baccarat_bet02_101_all_pairs_incl_sentinel,round_win = game_pnl > 0 (decisive only),COMPATIBILITY_ONLY_NOT_PRODUCTION,1216.2745,1154.9594,482.5447,24,23,-0.39673999,-0.31944164,-1.00000000,-0.39673999,-482.5447,1216.2745,THIN_EXPOSURE,0.0000,19.3018,4.0000,96.0000,AG03-UNRESOLVED,ALL5_LEVELS_bet23_to_bet27,19.3018,19.3018,19.3018,19.3018,19.3018,4.000000,4.000000,4.000000,4.000000,4.000000,96.000000,96.000000,96.000000,96.000000,96.000000,5.0,96.5089,89.0909,386.0358,393.4538,PENDING_AG03,FALSE,NOT_FOR_ENFORCEMENT,463.2429,1108.7610,482.5447,463.2429,19.3018,0.39673999,0.38087039,19.3018,463.2429,0.38087039,19.3018,19.3018,19.3018,19.3018,19.3018,463.2429,0.38087039,96.5089,89.0909,386.0358,393.4538,0.31739199,0.32349095,0.01586960,50.6781,50.2156,20.9802,96.5089,43.8677,243.2549,4.6000,51.3395,46.0485,17.2973,30.6962,86.1475,129.2212,142.1433,172.295,30.6962,-17.2973,4.630644,5.612904,1.650955,9,11,1,2,0.88641923,0.39673999,0.31944164,0E-8,0.000000,0.949588,0.583333,0.68055836,2026-06-06,2026-08-03,5,11,11,59,0.084746,1.114901,1.013051,2.954731,,,,,,,,GLOBAL_BASELINE_NO_ENTITY_RANKING,,,NOT_APPLICABLE_GLOBAL_BASELINE,HF9g-P5,,,,X 全窗基线 · 不参与实体赏罚,8394021,840,A168_HF9F_20260827_0900,2026-08-27 09:00:00
2026-08-03,150310820,2093,0,43.0737422467,-43.0737422467,-43.0737422467,0E-7,1,1,0.49324550000000000,0.493245500000,-0.9865810262130424,-0.9865810262130424,-0.9865810262130424,0E-17,ELIGIBLE,R03b_20260811_FULL_v1,L1_ELIGIBILITY,v2026-08-11,2026-03-21..2026-08-06,baccarat_bet02_101_all_pairs_incl_sentinel,round_win = game_pnl > 0 (decisive only),COMPATIBILITY_ONLY_NOT_PRODUCTION,1216.2745,1154.9594,482.5447,24,23,-0.39673999,-0.31944164,-1.00000000,-0.39673999,-482.5447,1216.2745,THIN_EXPOSURE,0.0000,19.3018,4.0000,96.0000,AG03-UNRESOLVED,ALL5_LEVELS_bet23_to_bet27,19.3018,19.3018,19.3018,19.3018,19.3018,4.000000,4.000000,4.000000,4.000000,4.000000,96.000000,96.000000,96.000000,96.000000,96.000000,5.0,96.5089,89.0909,386.0358,393.4538,PENDING_AG03,FALSE,NOT_FOR_ENFORCEMENT,463.2429,1108.7610,482.5447,463.2429,19.3018,0.39673999,0.38087039,19.3018,463.2429,0.38087039,19.3018,19.3018,19.3018,19.3018,19.3018,463.2429,0.38087039,96.5089,89.0909,386.0358,393.4538,0.31739199,0.32349095,0.01586960,50.6781,50.2156,20.9802,96.5089,43.8677,243.2549,4.6000,51.3395,46.0485,17.2973,30.6962,86.1475,129.2212,142.1433,172.295,30.6962,-17.2973,4.630644,5.612904,1.650955,9,11,1,2,0.88641923,0.39673999,0.31944164,0E-8,0.000000,0.949588,0.583333,0.68055836,2026-06-06,2026-08-03,5,11,11,59,0.084746,1.114901,1.013051,2.954731,,,,,,,,GLOBAL_BASELINE_NO_ENTITY_RANKING,,,NOT_APPLICABLE_GLOBAL_BASELINE,HF9g-P5,,,,X 全窗基线 · 不参与实体赏罚,8394022,840,A168_HF9F_20260827_0900,2026-08-27 09:00:00
2026-08-03,150310820,2106,0,258.4424534804,86.1474844934,86.1474844934,0.5000000,2,2,0.49324550000000000,0.493245500000,0.01910635448239258,0.01910635448239258,0.01910635448239258,0E-17,ELIGIBLE,R03b_20260811_FULL_v1,L1_ELIGIBILITY,v2026-08-11,2026-03-21..2026-08-06,baccarat_bet02_101_all_pairs_incl_sentinel,round_win = game_pnl > 0 (decisive only),COMPATIBILITY_ONLY_NOT_PRODUCTION,1216.2745,1154.9594,482.5447,24,23,-0.39673999,-0.31944164,-1.00000000,-0.39673999,-482.5447,1216.2745,THIN_EXPOSURE,0.0000,19.3018,4.0000,96.0000,AG03-UNRESOLVED,ALL5_LEVELS_bet23_to_bet27,19.3018,19.3018,19.3018,19.3018,19.3018,4.000000,4.000000,4.000000,4.000000,4.000000,96.000000,96.000000,96.000000,96.000000,96.000000,5.0,96.5089,89.0909,386.0358,393.4538,PENDING_AG03,FALSE,NOT_FOR_ENFORCEMENT,463.2429,1108.7610,482.5447,463.2429,19.3018,0.39673999,0.38087039,19.3018,463.2429,0.38087039,19.3018,19.3018,19.3018,19.3018,19.3018,463.2429,0.38087039,96.5089,89.0909,386.0358,393.4538,0.31739199,0.32349095,0.01586960,50.6781,50.2156,20.9802,96.5089,43.8677,243.2549,4.6000,51.3395,46.0485,17.2973,30.6962,86.1475,129.2212,142.1433,172.295,30.6962,-17.2973,4.630644,5.612904,1.650955,9,11,1,2,0.88641923,0.39673999,0.31944164,0E-8,0.000000,0.949588,0.583333,0.68055836,2026-06-06,2026-08-03,5,11,11,59,0.084746,1.114901,1.013051,2.954731,,,,,,,,GLOBAL_BASELINE_NO_ENTITY_RANKING,,,NOT_APPLICABLE_GLOBAL_BASELINE,HF9g-P5,,,,X 全窗基线 · 不参与实体赏罚,8394023,840,A168_HF9F_20260827_0900,2026-08-27 09:00:00
2026-08-03,150310820,2152,0,417.8152997934,-215.3687112337,-215.3687112337,0.2000000,6,5,0.50248019333333256,0.502629140000,-1.3527491908753364,-1.3534173688164992,-1.3527491908753364,-0.00014894666666744,ELIGIBLE,R03b_20260811_FULL_v1,L1_ELIGIBILITY,v2026-08-11,2026-03-21..2026-08-06,baccarat_bet02_101_all_pairs_incl_sentinel,round_win = game_pnl > 0 (decisive only),COMPATIBILITY_ONLY_NOT_PRODUCTION,1216.2745,1154.9594,482.5447,24,23,-0.39673999,-0.31944164,-1.00000000,-0.39673999,-482.5447,1216.2745,THIN_EXPOSURE,0.0000,19.3018,4.0000,96.0000,AG03-UNRESOLVED,ALL5_LEVELS_bet23_to_bet27,19.3018,19.3018,19.3018,19.3018,19.3018,4.000000,4.000000,4.000000,4.000000,4.000000,96.000000,96.000000,96.000000,96.000000,96.000000,5.0,96.5089,89.0909,386.0358,393.4538,PENDING_AG03,FALSE,NOT_FOR_ENFORCEMENT,463.2429,1108.7610,482.5447,463.2429,19.3018,0.39673999,0.38087039,19.3018,463.2429,0.38087039,19.3018,19.3018,19.3018,19.3018,19.3018,463.2429,0.38087039,96.5089,89.0909,386.0358,393.4538,0.31739199,0.32349095,0.01586960,50.6781,50.2156,20.9802,96.5089,43.8677,243.2549,4.6000,51.3395,46.0485,17.2973,30.6962,86.1475,129.2212,142.1433,172.295,30.6962,-17.2973,4.630644,5.612904,1.650955,9,11,1,2,0.88641923,0.39673999,0.31944164,0E-8,0.000000,0.949588,0.583333,0.68055836,2026-06-06,2026-08-03,5,11,11,59,0.084746,1.114901,1.013051,2.954731,,,,,,,,GLOBAL_BASELINE_NO_ENTITY_RANKING,,,NOT_APPLICABLE_GLOBAL_BASELINE,HF9g-P5,,,,X 全窗基线 · 不参与实体赏罚,8394024,840,A168_HF9F_20260827_0900,2026-08-27 09:00:00
2026-08-03,150310820,2281,0,129.2212267402,-129.2212267402,-129.2212267402,0E-7,1,1,0.50665070000000000,0.506650700000,-1.013391052207602,-1.013391052207602,-1.013391052207602,0E-17,ELIGIBLE,R03b_20260811_FULL_v1,L1_ELIGIBILITY,v2026-08-11,2026-03-21..2026-08-06,baccarat_bet02_101_all_pairs_incl_sentinel,round_win = game_pnl > 0 (decisive only),COMPATIBILITY_ONLY_NOT_PRODUCTION,1216.2745,1154.9594,482.5447,24,23,-0.39673999,-0.31944164,-1.00000000,-0.39673999,-482.5447,1216.2745,THIN_EXPOSURE,0.0000,19.3018,4.0000,96.0000,AG03-UNRESOLVED,ALL5_LEVELS_bet23_to_bet27,19.3018,19.3018,19.3018,19.3018,19.3018,4.000000,4.000000,4.000000,4.000000,4.000000,96.000000,96.000000,96.000000,96.000000,96.000000,5.0,96.5089,89.0909,386.0358,393.4538,PENDING_AG03,FALSE,NOT_FOR_ENFORCEMENT,463.2429,1108.7610,482.5447,463.2429,19.3018,0.39673999,0.38087039,19.3018,463.2429,0.38087039,19.3018,19.3018,19.3018,19.3018,19.3018,463.2429,0.38087039,96.5089,89.0909,386.0358,393.4538,0.31739199,0.32349095,0.01586960,50.6781,50.2156,20.9802,96.5089,43.8677,243.2549,4.6000,51.3395,46.0485,17.2973,30.6962,86.1475,129.2212,142.1433,172.295,30.6962,-17.2973,4.630644,5.612904,1.650955,9,11,1,2,0.88641923,0.39673999,0.31944164,0E-8,0.000000,0.949588,0.583333,0.68055836,2026-06-06,2026-08-03,5,11,11,59,0.084746,1.114901,1.013051,2.954731,,,,,,,,GLOBAL_BASELINE_NO_ENTITY_RANKING,,,NOT_APPLICABLE_GLOBAL_BASELINE,HF9g-P5,,,,X 全窗基线 · 不参与实体赏罚,8394025,840,A168_HF9F_20260827_0900,2026-08-27 09:00:00
2026-03-22,147649678,1400,0,220.0897966370,-220.0897966370,-220.0897966370,0E-7,1,1,0.49324550000000000,0.493245500000,-0.9865810262130424,-0.9865810262130424,-0.9865810262130424,0E-17,ELIGIBLE,R03b_20260811_FULL_v1,L1_ELIGIBILITY,v2026-08-11,2026-03-21..2026-08-06,baccarat_bet02_101_all_pairs_incl_sentinel,round_win = game_pnl > 0 (decisive only),COMPATIBILITY_ONLY_NOT_PRODUCTION,3682.1023,3616.0754,482.5469,42,29,-0.13105200,,-0.13105200,-0.13105200,-482.5469,3682.1023,OK,0.0000,19.3019,4.0000,96.0000,AG03-UNRESOLVED,ALL5_LEVELS_bet23_to_bet27,19.3019,19.3019,19.3019,28.9528,28.9528,4.000000,4.000000,4.000000,6.000000,6.000000,96.000000,96.000000,96.000000,94.000000,94.000000,5.0,115.8113,105.3145,366.7356,377.2323,PENDING_AG03,FALSE,NOT_FOR_ENFORCEMENT,463.2450,3471.4323,482.5469,463.2450,19.3019,0.13105200,0.12580992,19.3019,463.2450,0.12580992,19.3019,19.3019,19.3019,28.9528,28.9528,463.2450,0.12580992,115.8113,105.3145,366.7356,377.2323,0.09959952,0.10245026,0.00524208,87.6691,124.6923,16.6395,482.5469,96.5094,3682.1023,29.0000,,87.6691,17.6072,88.0359,132.0539,182.6745,220.0898,220.0898,88.0359,-15.4063,2.5,2.5,0.995833,5,5,1,3,0E-8,0.13105200,,0E-8,0.000000,0.982068,0.000000,,2026-03-22,2026-03-22,1,5,5,1,1.000000,,,0.000000,,,,,,,,GLOBAL_BASELINE_NO_ENTITY_RANKING,,,NOT_APPLICABLE_GLOBAL_BASELINE,HF9g-P5,,,,X 全窗基线 · 不参与实体赏罚,8394026,840,A168_HF9F_20260827_0900,2026-08-27 09:00:00
2026-03-22,147649678,1623,0,1393.1684127124,308.6759397834,308.6759397834,0.8181818,19,11,0.45994498176581612,0.353159136364,2.3839362535762567,3.226907614267091,2.3839362535762567,0.10678584540181612,ELIGIBLE,R03b_20260811_FULL_v1,L1_ELIGIBILITY,v2026-08-11,2026-03-21..2026-08-06,baccarat_bet02_101_all_pairs_incl_sentinel,round_win = game_pnl > 0 (decisive only),COMPATIBILITY_ONLY_NOT_PRODUCTION,3682.1023,3616.0754,482.5469,42,29,-0.13105200,,-0.13105200,-0.13105200,-482.5469,3682.1023,OK,0.0000,19.3019,4.0000,96.0000,AG03-UNRESOLVED,ALL5_LEVELS_bet23_to_bet27,19.3019,19.3019,19.3019,28.9528,28.9528,4.000000,4.000000,4.000000,6.000000,6.000000,96.000000,96.000000,96.000000,94.000000,94.000000,5.0,115.8113,105.3145,366.7356,377.2323,PENDING_AG03,FALSE,NOT_FOR_ENFORCEMENT,463.2450,3471.4323,482.5469,463.2450,19.3019,0.13105200,0.12580992,19.3019,463.2450,0.12580992,19.3019,19.3019,19.3019,28.9528,28.9528,463.2450,0.12580992,115.8113,105.3145,366.7356,377.2323,0.09959952,0.10245026,0.00524208,87.6691,124.6923,16.6395,482.5469,96.5094,3682.1023,29.0000,,87.6691,17.6072,88.0359,132.0539,182.6745,220.0898,220.0898,88.0359,-15.4063,2.5,2.5,0.995833,5,5,1,3,0E-8,0.13105200,,0E-8,0.000000,0.982068,0.000000,,2026-03-22,2026-03-22,1,5,5,1,1.000000,,,0.000000,,,,,,,,GLOBAL_BASELINE_NO_ENTITY_RANKING,,,NOT_APPLICABLE_GLOBAL_BASELINE,HF9g-P5,,,,X 全窗基线 · 不参与实体赏罚,8394027,840,A168_HF9F_20260827_0900,2026-08-27 09:00:00
2026-03-22,147649678,1702,0,242.0987763007,-22.0089796637,-22.0089796637,0.5000000,2,2,0.49994810000000000,0.499948100000,0.00014679536856514622,0.00014679536856514622,0.00014679536856514622,0E-17,ELIGIBLE,R03b_20260811_FULL_v1,L1_ELIGIBILITY,v2026-08-11,2026-03-21..2026-08-06,baccarat_bet02_101_all_pairs_incl_sentinel,round_win = game_pnl > 0 (decisive only),COMPATIBILITY_ONLY_NOT_PRODUCTION,3682.1023,3616.0754,482.5469,42,29,-0.13105200,,-0.13105200,-0.13105200,-482.5469,3682.1023,OK,0.0000,19.3019,4.0000,96.0000,AG03-UNRESOLVED,ALL5_LEVELS_bet23_to_bet27,19.3019,19.3019,19.3019,28.9528,28.9528,4.000000,4.000000,4.000000,6.000000,6.000000,96.000000,96.000000,96.000000,94.000000,94.000000,5.0,115.8113,105.3145,366.7356,377.2323,PENDING_AG03,FALSE,NOT_FOR_ENFORCEMENT,463.2450,3471.4323,482.5469,463.2450,19.3019,0.13105200,0.12580992,19.3019,463.2450,0.12580992,19.3019,19.3019,19.3019,28.9528,28.9528,463.2450,0.12580992,115.8113,105.3145,366.7356,377.2323,0.09959952,0.10245026,0.00524208,87.6691,124.6923,16.6395,482.5469,96.5094,3682.1023,29.0000,,87.6691,17.6072,88.0359,132.0539,182.6745,220.0898,220.0898,88.0359,-15.4063,2.5,2.5,0.995833,5,5,1,3,0E-8,0.13105200,,0E-8,0.000000,0.982068,0.000000,,2026-03-22,2026-03-22,1,5,5,1,1.000000,,,0.000000,,,,,,,,GLOBAL_BASELINE_NO_ENTITY_RANKING,,,NOT_APPLICABLE_GLOBAL_BASELINE,HF9g-P5,,,,X 全窗基线 · 不参与实体赏罚,8394028,840,A168_HF9F_20260827_0900,2026-08-27 09:00:00
2026-03-22,147649678,1704,0,418.1706136103,-418.1706136103,-418.1706136103,0E-7,2,2,0.49994810000000000,0.499948100000,-1.4140667746232096,-1.4140667746232096,-1.4140667746232096,0E-17,ELIGIBLE,R03b_20260811_FULL_v1,L1_ELIGIBILITY,v2026-08-11,2026-03-21..2026-08-06,baccarat_bet02_101_all_pairs_incl_sentinel,round_win = game_pnl > 0 (decisive only),COMPATIBILITY_ONLY_NOT_PRODUCTION,3682.1023,3616.0754,482.5469,42,29,-0.13105200,,-0.13105200,-0.13105200,-482.5469,3682.1023,OK,0.0000,19.3019,4.0000,96.0000,AG03-UNRESOLVED,ALL5_LEVELS_bet23_to_bet27,19.3019,19.3019,19.3019,28.9528,28.9528,4.000000,4.000000,4.000000,6.000000,6.000000,96.000000,96.000000,96.000000,94.000000,94.000000,5.0,115.8113,105.3145,366.7356,377.2323,PENDING_AG03,FALSE,NOT_FOR_ENFORCEMENT,463.2450,3471.4323,482.5469,463.2450,19.3019,0.13105200,0.12580992,19.3019,463.2450,0.12580992,19.3019,19.3019,19.3019,28.9528,28.9528,463.2450,0.12580992,115.8113,105.3145,366.7356,377.2323,0.09959952,0.10245026,0.00524208,87.6691,124.6923,16.6395,482.5469,96.5094,3682.1023,29.0000,,87.6691,17.6072,88.0359,132.0539,182.6745,220.0898,220.0898,88.0359,-15.4063,2.5,2.5,0.995833,5,5,1,3,0E-8,0.13105200,,0E-8,0.000000,0.982068,0.000000,,2026-03-22,2026-03-22,1,5,5,1,1.000000,,,0.000000,,,,,,,,GLOBAL_BASELINE_NO_ENTITY_RANKING,,,NOT_APPLICABLE_GLOBAL_BASELINE,HF9g-P5,,,,X 全窗基线 · 不参与实体赏罚,8394029,840,A168_HF9F_20260827_0900,2026-08-27 09:00:00
2026-03-22,147649678,1940,0,1408.5746984769,-130.9534289990,-130.9534289990,0.5000000,18,13,0.44751318224279730,0.392105634615,0.3656596077861032,0.7655503993678571,0.3656596077861032,0.05540754762779730,ELIGIBLE,R03b_20260811_FULL_v1,L1_ELIGIBILITY,v2026-08-11,2026-03-21..2026-08-06,baccarat_bet02_101_all_pairs_incl_sentinel,round_win = game_pnl > 0 (decisive only),COMPATIBILITY_ONLY_NOT_PRODUCTION,3682.1023,3616.0754,482.5469,42,29,-0.13105200,,-0.13105200,-0.13105200,-482.5469,3682.1023,OK,0.0000,19.3019,4.0000,96.0000,AG03-UNRESOLVED,ALL5_LEVELS_bet23_to_bet27,19.3019,19.3019,19.3019,28.9528,28.9528,4.000000,4.000000,4.000000,6.000000,6.000000,96.000000,96.000000,96.000000,94.000000,94.000000,5.0,115.8113,105.3145,366.7356,377.2323,PENDING_AG03,FALSE,NOT_FOR_ENFORCEMENT,463.2450,3471.4323,482.5469,463.2450,19.3019,0.13105200,0.12580992,19.3019,463.2450,0.12580992,19.3019,19.3019,19.3019,28.9528,28.9528,463.2450,0.12580992,115.8113,105.3145,366.7356,377.2323,0.09959952,0.10245026,0.00524208,87.6691,124.6923,16.6395,482.5469,96.5094,3682.1023,29.0000,,87.6691,17.6072,88.0359,132.0539,182.6745,220.0898,220.0898,88.0359,-15.4063,2.5,2.5,0.995833,5,5,1,3,0E-8,0.13105200,,0E-8,0.000000,0.982068,0.000000,,2026-03-22,2026-03-22,1,5,5,1,1.000000,,,0.000000,,,,,,,,GLOBAL_BASELINE_NO_ENTITY_RANKING,,,NOT_APPLICABLE_GLOBAL_BASELINE,HF9g-P5,,,,X 全窗基线 · 不参与实体赏罚,8394030,840,A168_HF9F_20260827_0900,2026-08-27 09:00:00
2026-03-28,147882853,2196,0,5.2663454196,-5.2663454196,-5.2663454196,0E-7,1,1,0.49324550000000000,0.493245500000,-0.9865810262130424,-0.9865810262130424,-0.9865810262130424,0E-17,ELIGIBLE,R03b_20260811_FULL_v1,L1_ELIGIBILITY,v2026-08-11,2026-03-21..2026-08-06,baccarat_bet02_101_all_pairs_incl_sentinel,round_win = game_pnl > 0 (decisive only),COMPATIBILITY_ONLY_NOT_PRODUCTION,2021.4298,1893.9782,482.5524,72,62,-0.23871833,-0.09322917,-0.24237575,-0.23871833,-482.5524,2021.4298,OK,0.0000,19.3021,4.0000,96.0000,AG03-UNRESOLVED,ALL5_LEVELS_bet23_to_bet27,19.3021,24.1276,24.1276,24.1276,24.1276,4.000000,5.000000,5.000000,5.000000,5.000000,96.000000,95.000000,95.000000,95.000000,95.000000,5.0,115.8126,105.2321,366.7398,377.3202,PENDING_AG03,FALSE,NOT_FOR_ENFORCEMENT,463.2503,1818.2190,482.5524,463.2503,19.3021,0.23871833,0.22916960,19.3021,463.2503,0.22916960,19.3021,24.1276,24.1276,24.1276,24.1276,463.2503,0.22916960,115.8126,105.2321,366.7398,377.3202,0.18142593,0.18666007,0.00954873,28.0754,30.5480,7.7831,40.2127,9.4618,168.4525,5.1667,5.5078,31.2994,5.1994,10.3783,40.1559,77.1466,101.1677,179.8973,7.8995,-4.3788,9.748011,17.334006,2.705207,25,36,9,5,0.02452231,0.23871833,0.09322917,0E-8,0.000000,0.936950,0.000000,0.14914658,2026-03-28,2026-07-23,12,51,51,118,0.101695,0.175971,0.196178,0.081741,,,,,,,,GLOBAL_BASELINE_NO_ENTITY_RANKING,,,NOT_APPLICABLE_GLOBAL_BASELINE,HF9g-P5,,,,X 全窗基线 · 不参与实体赏罚,8394031,840,A168_HF9F_20260827_0900,2026-08-27 09:00:00
2026-03-29,147882853,-1,1,358.1114885327,-98.0856834400,-98.0856834400,0.5000000,4,4,0.49659680000000000,0.496596800000,0.013613115331600182,0.013613115331600183,0.013613115331600182,0E-17,SENTINEL_DEALER,R03b_20260811_FULL_v1,L1_ELIGIBILITY,v2026-08-11,2026-03-21..2026-08-06,baccarat_bet02_101_all_pairs_incl_sentinel,round_win = game_pnl > 0 (decisive only),COMPATIBILITY_ONLY_NOT_PRODUCTION,2021.4298,1893.9782,482.5524,72,62,-0.23871833,-0.09322917,-0.24237575,-0.23871833,-482.5524,2021.4298,OK,0.0000,19.3021,4.0000,96.0000,AG03-UNRESOLVED,ALL5_LEVELS_bet23_to_bet27,19.3021,24.1276,24.1276,24.1276,24.1276,4.000000,5.000000,5.000000,5.000000,5.000000,96.000000,95.000000,95.000000,95.000000,95.000000,5.0,115.8126,105.2321,366.7398,377.3202,PENDING_AG03,FALSE,NOT_FOR_ENFORCEMENT,463.2503,1818.2190,482.5524,463.2503,19.3021,0.23871833,0.22916960,19.3021,463.2503,0.22916960,19.3021,24.1276,24.1276,24.1276,24.1276,463.2503,0.22916960,115.8126,105.2321,366.7398,377.3202,0.18142593,0.18666007,0.00954873,28.0754,30.5480,7.7831,40.2127,9.4618,168.4525,5.1667,5.5078,31.2994,5.1994,10.3783,40.1559,77.1466,101.1677,179.8973,7.8995,-4.3788,9.748011,17.334006,2.705207,25,36,9,5,0.02452231,0.23871833,0.09322917,0E-8,0.000000,0.936950,0.000000,0.14914658,2026-03-28,2026-07-23,12,51,51,118,0.101695,0.175971,0.196178,0.081741,,,,,,,,GLOBAL_BASELINE_NO_ENTITY_RANKING,,,NOT_APPLICABLE_GLOBAL_BASELINE,HF9g-P5,,,,X 全窗基线 · 不参与实体赏罚,8394032,840,A168_HF9F_20260827_0900,2026-08-27 09:00:00
2026-03-29,147882853,1017,0,52.6634541960,-52.6634541960,-52.6634541960,0E-7,1,1,0.50665070000000000,0.506650700000,-1.013391052207602,-1.013391052207602,-1.013391052207602,0E-17,ELIGIBLE,R03b_20260811_FULL_v1,L1_ELIGIBILITY,v2026-08-11,2026-03-21..2026-08-06,baccarat_bet02_101_all_pairs_incl_sentinel,round_win = game_pnl > 0 (decisive only),COMPATIBILITY_ONLY_NOT_PRODUCTION,2021.4298,1893.9782,482.5524,72,62,-0.23871833,-0.09322917,-0.24237575,-0.23871833,-482.5524,2021.4298,OK,0.0000,19.3021,4.0000,96.0000,AG03-UNRESOLVED,ALL5_LEVELS_bet23_to_bet27,19.3021,24.1276,24.1276,24.1276,24.1276,4.000000,5.000000,5.000000,5.000000,5.000000,96.000000,95.000000,95.000000,95.000000,95.000000,5.0,115.8126,105.2321,366.7398,377.3202,PENDING_AG03,FALSE,NOT_FOR_ENFORCEMENT,463.2503,1818.2190,482.5524,463.2503,19.3021,0.23871833,0.22916960,19.3021,463.2503,0.22916960,19.3021,24.1276,24.1276,24.1276,24.1276,463.2503,0.22916960,115.8126,105.2321,366.7398,377.3202,0.18142593,0.18666007,0.00954873,28.0754,30.5480,7.7831,40.2127,9.4618,168.4525,5.1667,5.5078,31.2994,5.1994,10.3783,40.1559,77.1466,101.1677,179.8973,7.8995,-4.3788,9.748011,17.334006,2.705207,25,36,9,5,0.02452231,0.23871833,0.09322917,0E-8,0.000000,0.936950,0.000000,0.14914658,2026-03-28,2026-07-23,12,51,51,118,0.101695,0.175971,0.196178,0.081741,,,,,,,,GLOBAL_BASELINE_NO_ENTITY_RANKING,,,NOT_APPLICABLE_GLOBAL_BASELINE,HF9g-P5,,,,X 全窗基线 · 不参与实体赏罚,8394033,840,A168_HF9F_20260827_0900,2026-08-27 09:00:00
2026-03-29,147882853,1307,0,27.6483134529,26.2658977802,26.2658977802,1.0000000,1,1,0.50665070000000000,0.506650700000,0.9867858985152569,0.9867858985152569,0.9867858985152569,0E-17,ELIGIBLE,R03b_20260811_FULL_v1,L1_ELIGIBILITY,v2026-08-11,2026-03-21..2026-08-06,baccarat_bet02_101_all_pairs_incl_sentinel,round_win = game_pnl > 0 (decisive only),COMPATIBILITY_ONLY_NOT_PRODUCTION,2021.4298,1893.9782,482.5524,72,62,-0.23871833,-0.09322917,-0.24237575,-0.23871833,-482.5524,2021.4298,OK,0.0000,19.3021,4.0000,96.0000,AG03-UNRESOLVED,ALL5_LEVELS_bet23_to_bet27,19.3021,24.1276,24.1276,24.1276,24.1276,4.000000,5.000000,5.000000,5.000000,5.000000,96.000000,95.000000,95.000000,95.000000,95.000000,5.0,115.8126,105.2321,366.7398,377.3202,PENDING_AG03,FALSE,NOT_FOR_ENFORCEMENT,463.2503,1818.2190,482.5524,463.2503,19.3021,0.23871833,0.22916960,19.3021,463.2503,0.22916960,19.3021,24.1276,24.1276,24.1276,24.1276,463.2503,0.22916960,115.8126,105.2321,366.7398,377.3202,0.18142593,0.18666007,0.00954873,28.0754,30.5480,7.7831,40.2127,9.4618,168.4525,5.1667,5.5078,31.2994,5.1994,10.3783,40.1559,77.1466,101.1677,179.8973,7.8995,-4.3788,9.748011,17.334006,2.705207,25,36,9,5,0.02452231,0.23871833,0.09322917,0E-8,0.000000,0.936950,0.000000,0.14914658,2026-03-28,2026-07-23,12,51,51,118,0.101695,0.175971,0.196178,0.081741,,,,,,,,GLOBAL_BASELINE_NO_ENTITY_RANKING,,,NOT_APPLICABLE_GLOBAL_BASELINE,HF9g-P5,,,,X 全窗基线 · 不参与实体赏罚,8394034,840,A168_HF9F_20260827_0900,2026-08-27 09:00:00
2026-03-29,147882853,1505,0,60.5629723254,-60.5629723254,-60.5629723254,0E-7,1,1,0.49324550000000000,0.493245500000,-0.9865810262130424,-0.9865810262130424,-0.9865810262130424,0E-17,ELIGIBLE,R03b_20260811_FULL_v1,L1_ELIGIBILITY,v2026-08-11,2026-03-21..2026-08-06,baccarat_bet02_101_all_pairs_incl_sentinel,round_win = game_pnl > 0 (decisive only),COMPATIBILITY_ONLY_NOT_PRODUCTION,2021.4298,1893.9782,482.5524,72,62,-0.23871833,-0.09322917,-0.24237575,-0.23871833,-482.5524,2021.4298,OK,0.0000,19.3021,4.0000,96.0000,AG03-UNRESOLVED,ALL5_LEVELS_bet23_to_bet27,19.3021,24.1276,24.1276,24.1276,24.1276,4.000000,5.000000,5.000000,5.000000,5.000000,96.000000,95.000000,95.000000,95.000000,95.000000,5.0,115.8126,105.2321,366.7398,377.3202,PENDING_AG03,FALSE,NOT_FOR_ENFORCEMENT,463.2503,1818.2190,482.5524,463.2503,19.3021,0.23871833,0.22916960,19.3021,463.2503,0.22916960,19.3021,24.1276,24.1276,24.1276,24.1276,463.2503,0.22916960,115.8126,105.2321,366.7398,377.3202,0.18142593,0.18666007,0.00954873,28.0754,30.5480,7.7831,40.2127,9.4618,168.4525,5.1667,5.5078,31.2994,5.1994,10.3783,40.1559,77.1466,101.1677,179.8973,7.8995,-4.3788,9.748011,17.334006,2.705207,25,36,9,5,0.02452231,0.23871833,0.09322917,0E-8,0.000000,0.936950,0.000000,0.14914658,2026-03-28,2026-07-23,12,51,51,118,0.101695,0.175971,0.196178,0.081741,,,,,,,,GLOBAL_BASELINE_NO_ENTITY_RANKING,,,NOT_APPLICABLE_GLOBAL_BASELINE,HF9g-P5,,,,X 全窗基线 · 不参与实体赏罚,8394035,840,A168_HF9F_20260827_0900,2026-08-27 09:00:00
2026-03-29,147882853,1654,0,26.3317270980,-26.3317270980,-26.3317270980,0E-7,1,1,0.50665070000000000,0.506650700000,-1.013391052207602,-1.013391052207602,-1.013391052207602,0E-17,ELIGIBLE,R03b_20260811_FULL_v1,L1_ELIGIBILITY,v2026-08-11,2026-03-21..2026-08-06,baccarat_bet02_101_all_pairs_incl_sentinel,round_win = game_pnl > 0 (decisive only),COMPATIBILITY_ONLY_NOT_PRODUCTION,2021.4298,1893.9782,482.5524,72,62,-0.23871833,-0.09322917,-0.24237575,-0.23871833,-482.5524,2021.4298,OK,0.0000,19.3021,4.0000,96.0000,AG03-UNRESOLVED,ALL5_LEVELS_bet23_to_bet27,19.3021,24.1276,24.1276,24.1276,24.1276,4.000000,5.000000,5.000000,5.000000,5.000000,96.000000,95.000000,95.000000,95.000000,95.000000,5.0,115.8126,105.2321,366.7398,377.3202,PENDING_AG03,FALSE,NOT_FOR_ENFORCEMENT,463.2503,1818.2190,482.5524,463.2503,19.3021,0.23871833,0.22916960,19.3021,463.2503,0.22916960,19.3021,24.1276,24.1276,24.1276,24.1276,463.2503,0.22916960,115.8126,105.2321,366.7398,377.3202,0.18142593,0.18666007,0.00954873,28.0754,30.5480,7.7831,40.2127,9.4618,168.4525,5.1667,5.5078,31.2994,5.1994,10.3783,40.1559,77.1466,101.1677,179.8973,7.8995,-4.3788,9.748011,17.334006,2.705207,25,36,9,5,0.02452231,0.23871833,0.09322917,0E-8,0.000000,0.936950,0.000000,0.14914658,2026-03-28,2026-07-23,12,51,51,118,0.101695,0.175971,0.196178,0.081741,,,,,,,,GLOBAL_BASELINE_NO_ENTITY_RANKING,,,NOT_APPLICABLE_GLOBAL_BASELINE,HF9g-P5,,,,X 全窗基线 · 不参与实体赏罚,8394036,840,A168_HF9F_20260827_0900,2026-08-27 09:00:00
2026-03-29,147882853,1991,0,84.2615267135,0E-10,0E-10,,1,1,0.50665070000000000,0.506650700000,,,,0E-17,NO_DECISIVE_ROUND,R03b_20260811_FULL_v1,L1_ELIGIBILITY,v2026-08-11,2026-03-21..2026-08-06,baccarat_bet02_101_all_pairs_incl_sentinel,round_win = game_pnl > 0 (decisive only),COMPATIBILITY_ONLY_NOT_PRODUCTION,2021.4298,1893.9782,482.5524,72,62,-0.23871833,-0.09322917,-0.24237575,-0.23871833,-482.5524,2021.4298,OK,0.0000,19.3021,4.0000,96.0000,AG03-UNRESOLVED,ALL5_LEVELS_bet23_to_bet27,19.3021,24.1276,24.1276,24.1276,24.1276,4.000000,5.000000,5.000000,5.000000,5.000000,96.000000,95.000000,95.000000,95.000000,95.000000,5.0,115.8126,105.2321,366.7398,377.3202,PENDING_AG03,FALSE,NOT_FOR_ENFORCEMENT,463.2503,1818.2190,482.5524,463.2503,19.3021,0.23871833,0.22916960,19.3021,463.2503,0.22916960,19.3021,24.1276,24.1276,24.1276,24.1276,463.2503,0.22916960,115.8126,105.2321,366.7398,377.3202,0.18142593,0.18666007,0.00954873,28.0754,30.5480,7.7831,40.2127,9.4618,168.4525,5.1667,5.5078,31.2994,5.1994,10.3783,40.1559,77.1466,101.1677,179.8973,7.8995,-4.3788,9.748011,17.334006,2.705207,25,36,9,5,0.02452231,0.23871833,0.09322917,0E-8,0.000000,0.936950,0.000000,0.14914658,2026-03-28,2026-07-23,12,51,51,118,0.101695,0.175971,0.196178,0.081741,,,,,,,,GLOBAL_BASELINE_NO_ENTITY_RANKING,,,NOT_APPLICABLE_GLOBAL_BASELINE,HF9g-P5,,,,X 全窗基线 · 不参与实体赏罚,8394037,840,A168_HF9F_20260827_0900,2026-08-27 09:00:00
2026-03-29,147882853,2108,0,105.3269083919,-105.3269083919,-105.3269083919,0E-7,1,1,0.49324550000000000,0.493245500000,-0.9865810262130424,-0.9865810262130424,-0.9865810262130424,0E-17,ELIGIBLE,R03b_20260811_FULL_v1,L1_ELIGIBILITY,v2026-08-11,2026-03-21..2026-08-06,baccarat_bet02_101_all_pairs_incl_sentinel,round_win = game_pnl > 0 (decisive only),COMPATIBILITY_ONLY_NOT_PRODUCTION,2021.4298,1893.9782,482.5524,72,62,-0.23871833,-0.09322917,-0.24237575,-0.23871833,-482.5524,2021.4298,OK,0.0000,19.3021,4.0000,96.0000,AG03-UNRESOLVED,ALL5_LEVELS_bet23_to_bet27,19.3021,24.1276,24.1276,24.1276,24.1276,4.000000,5.000000,5.000000,5.000000,5.000000,96.000000,95.000000,95.000000,95.000000,95.000000,5.0,115.8126,105.2321,366.7398,377.3202,PENDING_AG03,FALSE,NOT_FOR_ENFORCEMENT,463.2503,1818.2190,482.5524,463.2503,19.3021,0.23871833,0.22916960,19.3021,463.2503,0.22916960,19.3021,24.1276,24.1276,24.1276,24.1276,463.2503,0.22916960,115.8126,105.2321,366.7398,377.3202,0.18142593,0.18666007,0.00954873,28.0754,30.5480,7.7831,40.2127,9.4618,168.4525,5.1667,5.5078,31.2994,5.1994,10.3783,40.1559,77.1466,101.1677,179.8973,7.8995,-4.3788,9.748011,17.334006,2.705207,25,36,9,5,0.02452231,0.23871833,0.09322917,0E-8,0.000000,0.936950,0.000000,0.14914658,2026-03-28,2026-07-23,12,51,51,118,0.101695,0.175971,0.196178,0.081741,,,,,,,,GLOBAL_BASELINE_NO_ENTITY_RANKING,,,NOT_APPLICABLE_GLOBAL_BASELINE,HF9g-P5,,,,X 全窗基线 · 不参与实体赏罚,8394038,840,A168_HF9F_20260827_0900,2026-08-27 09:00:00
2026-03-29,147882853,2239,0,65.8293177450,62.5378518577,62.5378518577,1.0000000,1,1,0.50665070000000000,0.506650700000,0.9867858985152569,0.9867858985152569,0.9867858985152569,0E-17,ELIGIBLE,R03b_20260811_FULL_v1,L1_ELIGIBILITY,v2026-08-11,2026-03-21..2026-08-06,baccarat_bet02_101_all_pairs_incl_sentinel,round_win = game_pnl > 0 (decisive only),COMPATIBILITY_ONLY_NOT_PRODUCTION,2021.4298,1893.9782,482.5524,72,62,-0.23871833,-0.09322917,-0.24237575,-0.23871833,-482.5524,2021.4298,OK,0.0000,19.3021,4.0000,96.0000,AG03-UNRESOLVED,ALL5_LEVELS_bet23_to_bet27,19.3021,24.1276,24.1276,24.1276,24.1276,4.000000,5.000000,5.000000,5.000000,5.000000,96.000000,95.000000,95.000000,95.000000,95.000000,5.0,115.8126,105.2321,366.7398,377.3202,PENDING_AG03,FALSE,NOT_FOR_ENFORCEMENT,463.2503,1818.2190,482.5524,463.2503,19.3021,0.23871833,0.22916960,19.3021,463.2503,0.22916960,19.3021,24.1276,24.1276,24.1276,24.1276,463.2503,0.22916960,115.8126,105.2321,366.7398,377.3202,0.18142593,0.18666007,0.00954873,28.0754,30.5480,7.7831,40.2127,9.4618,168.4525,5.1667,5.5078,31.2994,5.1994,10.3783,40.1559,77.1466,101.1677,179.8973,7.8995,-4.3788,9.748011,17.334006,2.705207,25,36,9,5,0.02452231,0.23871833,0.09322917,0E-8,0.000000,0.936950,0.000000,0.14914658,2026-03-28,2026-07-23,12,51,51,118,0.101695,0.175971,0.196178,0.081741,,,,,,,,GLOBAL_BASELINE_NO_ENTITY_RANKING,,,NOT_APPLICABLE_GLOBAL_BASELINE,HF9g-P5,,,,X 全窗基线 · 不参与实体赏罚,8394039,840,A168_HF9F_20260827_0900,2026-08-27 09:00:00
2026-03-29,147882853,526,0,129.0254627801,122.5741896411,122.5741896411,1.0000000,2,2,0.50665070000000000,0.506650700000,1.3955260008387969,1.3955260008387969,1.3955260008387969,0E-17,ELIGIBLE,R03b_20260811_FULL_v1,L1_ELIGIBILITY,v2026-08-11,2026-03-21..2026-08-06,baccarat_bet02_101_all_pairs_incl_sentinel,round_win = game_pnl > 0 (decisive only),COMPATIBILITY_ONLY_NOT_PRODUCTION,2021.4298,1893.9782,482.5524,72,62,-0.23871833,-0.09322917,-0.24237575,-0.23871833,-482.5524,2021.4298,OK,0.0000,19.3021,4.0000,96.0000,AG03-UNRESOLVED,ALL5_LEVELS_bet23_to_bet27,19.3021,24.1276,24.1276,24.1276,24.1276,4.000000,5.000000,5.000000,5.000000,5.000000,96.000000,95.000000,95.000000,95.000000,95.000000,5.0,115.8126,105.2321,366.7398,377.3202,PENDING_AG03,FALSE,NOT_FOR_ENFORCEMENT,463.2503,1818.2190,482.5524,463.2503,19.3021,0.23871833,0.22916960,19.3021,463.2503,0.22916960,19.3021,24.1276,24.1276,24.1276,24.1276,463.2503,0.22916960,115.8126,105.2321,366.7398,377.3202,0.18142593,0.18666007,0.00954873,28.0754,30.5480,7.7831,40.2127,9.4618,168.4525,5.1667,5.5078,31.2994,5.1994,10.3783,40.1559,77.1466,101.1677,179.8973,7.8995,-4.3788,9.748011,17.334006,2.705207,25,36,9,5,0.02452231,0.23871833,0.09322917,0E-8,0.000000,0.936950,0.000000,0.14914658,2026-03-28,2026-07-23,12,51,51,118,0.101695,0.175971,0.196178,0.081741,,,,,,,,GLOBAL_BASELINE_NO_ENTITY_RANKING,,,NOT_APPLICABLE_GLOBAL_BASELINE,HF9g-P5,,,,X 全窗基线 · 不参与实体赏罚,8394040,840,A168_HF9F_20260827_0900,2026-08-27 09:00:00
2026-03-29,147882853,986,0,27.6483134529,0E-10,0E-10,,1,1,0.49324550000000000,0.493245500000,,,,0E-17,NO_DECISIVE_ROUND,R03b_20260811_FULL_v1,L1_ELIGIBILITY,v2026-08-11,2026-03-21..2026-08-06,baccarat_bet02_101_all_pairs_incl_sentinel,round_win = game_pnl > 0 (decisive only),COMPATIBILITY_ONLY_NOT_PRODUCTION,2021.4298,1893.9782,482.5524,72,62,-0.23871833,-0.09322917,-0.24237575,-0.23871833,-482.5524,2021.4298,OK,0.0000,19.3021,4.0000,96.0000,AG03-UNRESOLVED,ALL5_LEVELS_bet23_to_bet27,19.3021,24.1276,24.1276,24.1276,24.1276,4.000000,5.000000,5.000000,5.000000,5.000000,96.000000,95.000000,95.000000,95.000000,95.000000,5.0,115.8126,105.2321,366.7398,377.3202,PENDING_AG03,FALSE,NOT_FOR_ENFORCEMENT,463.2503,1818.2190,482.5524,463.2503,19.3021,0.23871833,0.22916960,19.3021,463.2503,0.22916960,19.3021,24.1276,24.1276,24.1276,24.1276,463.2503,0.22916960,115.8126,105.2321,366.7398,377.3202,0.18142593,0.18666007,0.00954873,28.0754,30.5480,7.7831,40.2127,9.4618,168.4525,5.1667,5.5078,31.2994,5.1994,10.3783,40.1559,77.1466,101.1677,179.8973,7.8995,-4.3788,9.748011,17.334006,2.705207,25,36,9,5,0.02452231,0.23871833,0.09322917,0E-8,0.000000,0.936950,0.000000,0.14914658,2026-03-28,2026-07-23,12,51,51,118,0.101695,0.175971,0.196178,0.081741,,,,,,,,GLOBAL_BASELINE_NO_ENTITY_RANKING,,,NOT_APPLICABLE_GLOBAL_BASELINE,HF9g-P5,,,,X 全窗基线 · 不参与实体赏罚,8394041,840,A168_HF9F_20260827_0900,2026-08-27 09:00:00
2026-03-30,147882853,2153,0,13.1658635490,2.6331727098,2.6331727098,0.5000000,2,2,0.49994810000000000,0.499948100000,0.00014679536856514622,0.00014679536856514622,0.00014679536856514622,0E-17,ELIGIBLE,R03b_20260811_FULL_v1,L1_ELIGIBILITY,v2026-08-11,2026-03-21..2026-08-06,baccarat_bet02_101_all_pairs_incl_sentinel,round_win = game_pnl > 0 (decisive only),COMPATIBILITY_ONLY_NOT_PRODUCTION,2021.4298,1893.9782,482.5524,72,62,-0.23871833,-0.09322917,-0.24237575,-0.23871833,-482.5524,2021.4298,OK,0.0000,19.3021,4.0000,96.0000,AG03-UNRESOLVED,ALL5_LEVELS_bet23_to_bet27,19.3021,24.1276,24.1276,24.1276,24.1276,4.000000,5.000000,5.000000,5.000000,5.000000,96.000000,95.000000,95.000000,95.000000,95.000000,5.0,115.8126,105.2321,366.7398,377.3202,PENDING_AG03,FALSE,NOT_FOR_ENFORCEMENT,463.2503,1818.2190,482.5524,463.2503,19.3021,0.23871833,0.22916960,19.3021,463.2503,0.22916960,19.3021,24.1276,24.1276,24.1276,24.1276,463.2503,0.22916960,115.8126,105.2321,366.7398,377.3202,0.18142593,0.18666007,0.00954873,28.0754,30.5480,7.7831,40.2127,9.4618,168.4525,5.1667,5.5078,31.2994,5.1994,10.3783,40.1559,77.1466,101.1677,179.8973,7.8995,-4.3788,9.748011,17.334006,2.705207,25,36,9,5,0.02452231,0.23871833,0.09322917,0E-8,0.000000,0.936950,0.000000,0.14914658,2026-03-28,2026-07-23,12,51,51,118,0.101695,0.175971,0.196178,0.081741,,,,,,,,GLOBAL_BASELINE_NO_ENTITY_RANKING,,,NOT_APPLICABLE_GLOBAL_BASELINE,HF9g-P5,,,,X 全窗基线 · 不参与实体赏罚,8394042,840,A168_HF9F_20260827_0900,2026-08-27 09:00:00
2026-03-30,147882853,2169,0,10.5326908392,-10.5326908392,-10.5326908392,0E-7,1,1,0.49324550000000000,0.493245500000,-0.9865810262130424,-0.9865810262130424,-0.9865810262130424,0E-17,ELIGIBLE,R03b_20260811_FULL_v1,L1_ELIGIBILITY,v2026-08-11,2026-03-21..2026-08-06,baccarat_bet02_101_all_pairs_incl_sentinel,round_win = game_pnl > 0 (decisive only),COMPATIBILITY_ONLY_NOT_PRODUCTION,2021.4298,1893.9782,482.5524,72,62,-0.23871833,-0.09322917,-0.24237575,-0.23871833,-482.5524,2021.4298,OK,0.0000,19.3021,4.0000,96.0000,AG03-UNRESOLVED,ALL5_LEVELS_bet23_to_bet27,19.3021,24.1276,24.1276,24.1276,24.1276,4.000000,5.000000,5.000000,5.000000,5.000000,96.000000,95.000000,95.000000,95.000000,95.000000,5.0,115.8126,105.2321,366.7398,377.3202,PENDING_AG03,FALSE,NOT_FOR_ENFORCEMENT,463.2503,1818.2190,482.5524,463.2503,19.3021,0.23871833,0.22916960,19.3021,463.2503,0.22916960,19.3021,24.1276,24.1276,24.1276,24.1276,463.2503,0.22916960,115.8126,105.2321,366.7398,377.3202,0.18142593,0.18666007,0.00954873,28.0754,30.5480,7.7831,40.2127,9.4618,168.4525,5.1667,5.5078,31.2994,5.1994,10.3783,40.1559,77.1466,101.1677,179.8973,7.8995,-4.3788,9.748011,17.334006,2.705207,25,36,9,5,0.02452231,0.23871833,0.09322917,0E-8,0.000000,0.936950,0.000000,0.14914658,2026-03-28,2026-07-23,12,51,51,118,0.101695,0.175971,0.196178,0.081741,,,,,,,,GLOBAL_BASELINE_NO_ENTITY_RANKING,,,NOT_APPLICABLE_GLOBAL_BASELINE,HF9g-P5,,,,X 全窗基线 · 不参与实体赏罚,8394043,840,A168_HF9F_20260827_0900,2026-08-27 09:00:00
2026-03-30,147882853,2170,0,18.4322089686,-2.6331727098,-2.6331727098,0.5000000,2,2,0.49994810000000000,0.499948100000,0.00014679536856514622,0.00014679536856514622,0.00014679536856514622,0E-17,ELIGIBLE,R03b_20260811_FULL_v1,L1_ELIGIBILITY,v2026-08-11,2026-03-21..2026-08-06,baccarat_bet02_101_all_pairs_incl_sentinel,round_win = game_pnl > 0 (decisive only),COMPATIBILITY_ONLY_NOT_PRODUCTION,2021.4298,1893.9782,482.5524,72,62,-0.23871833,-0.09322917,-0.24237575,-0.23871833,-482.5524,2021.4298,OK,0.0000,19.3021,4.0000,96.0000,AG03-UNRESOLVED,ALL5_LEVELS_bet23_to_bet27,19.3021,24.1276,24.1276,24.1276,24.1276,4.000000,5.000000,5.000000,5.000000,5.000000,96.000000,95.000000,95.000000,95.000000,95.000000,5.0,115.8126,105.2321,366.7398,377.3202,PENDING_AG03,FALSE,NOT_FOR_ENFORCEMENT,463.2503,1818.2190,482.5524,463.2503,19.3021,0.23871833,0.22916960,19.3021,463.2503,0.22916960,19.3021,24.1276,24.1276,24.1276,24.1276,463.2503,0.22916960,115.8126,105.2321,366.7398,377.3202,0.18142593,0.18666007,0.00954873,28.0754,30.5480,7.7831,40.2127,9.4618,168.4525,5.1667,5.5078,31.2994,5.1994,10.3783,40.1559,77.1466,101.1677,179.8973,7.8995,-4.3788,9.748011,17.334006,2.705207,25,36,9,5,0.02452231,0.23871833,0.09322917,0E-8,0.000000,0.936950,0.000000,0.14914658,2026-03-28,2026-07-23,12,51,51,118,0.101695,0.175971,0.196178,0.081741,,,,,,,,GLOBAL_BASELINE_NO_ENTITY_RANKING,,,NOT_APPLICABLE_GLOBAL_BASELINE,HF9g-P5,,,,X 全窗基线 · 不参与实体赏罚,8394044,840,A168_HF9F_20260827_0900,2026-08-27 09:00:00
2026-03-30,147882853,2241,0,7.8995181294,-7.8995181294,-7.8995181294,0E-7,1,1,0.49324550000000000,0.493245500000,-0.9865810262130424,-0.9865810262130424,-0.9865810262130424,0E-17,ELIGIBLE,R03b_20260811_FULL_v1,L1_ELIGIBILITY,v2026-08-11,2026-03-21..2026-08-06,baccarat_bet02_101_all_pairs_incl_sentinel,round_win = game_pnl > 0 (decisive only),COMPATIBILITY_ONLY_NOT_PRODUCTION,2021.4298,1893.9782,482.5524,72,62,-0.23871833,-0.09322917,-0.24237575,-0.23871833,-482.5524,2021.4298,OK,0.0000,19.3021,4.0000,96.0000,AG03-UNRESOLVED,ALL5_LEVELS_bet23_to_bet27,19.3021,24.1276,24.1276,24.1276,24.1276,4.000000,5.000000,5.000000,5.000000,5.000000,96.000000,95.000000,95.000000,95.000000,95.000000,5.0,115.8126,105.2321,366.7398,377.3202,PENDING_AG03,FALSE,NOT_FOR_ENFORCEMENT,463.2503,1818.2190,482.5524,463.2503,19.3021,0.23871833,0.22916960,19.3021,463.2503,0.22916960,19.3021,24.1276,24.1276,24.1276,24.1276,463.2503,0.22916960,115.8126,105.2321,366.7398,377.3202,0.18142593,0.18666007,0.00954873,28.0754,30.5480,7.7831,40.2127,9.4618,168.4525,5.1667,5.5078,31.2994,5.1994,10.3783,40.1559,77.1466,101.1677,179.8973,7.8995,-4.3788,9.748011,17.334006,2.705207,25,36,9,5,0.02452231,0.23871833,0.09322917,0E-8,0.000000,0.936950,0.000000,0.14914658,2026-03-28,2026-07-23,12,51,51,118,0.101695,0.175971,0.196178,0.081741,,,,,,,,GLOBAL_BASELINE_NO_ENTITY_RANKING,,,NOT_APPLICABLE_GLOBAL_BASELINE,HF9g-P5,,,,X 全窗基线 · 不参与实体赏罚,8394045,840,A168_HF9F_20260827_0900,2026-08-27 09:00:00
2026-04-11,147882853,-1,1,7.8527864304,2.6175954768,2.6175954768,0.5000000,2,2,0.49994810000000000,0.499948100000,0.00014679536856514622,0.00014679536856514622,0.00014679536856514622,0E-17,SENTINEL_DEALER,R03b_20260811_FULL_v1,L1_ELIGIBILITY,v2026-08-11,2026-03-21..2026-08-06,baccarat_bet02_101_all_pairs_incl_sentinel,round_win = game_pnl > 0 (decisive only),COMPATIBILITY_ONLY_NOT_PRODUCTION,2021.4298,1893.9782,482.5524,72,62,-0.23871833,-0.09322917,-0.24237575,-0.23871833,-482.5524,2021.4298,OK,0.0000,19.3021,4.0000,96.0000,AG03-UNRESOLVED,ALL5_LEVELS_bet23_to_bet27,19.3021,24.1276,24.1276,24.1276,24.1276,4.000000,5.000000,5.000000,5.000000,5.000000,96.000000,95.000000,95.000000,95.000000,95.000000,5.0,115.8126,105.2321,366.7398,377.3202,PENDING_AG03,FALSE,NOT_FOR_ENFORCEMENT,463.2503,1818.2190,482.5524,463.2503,19.3021,0.23871833,0.22916960,19.3021,463.2503,0.22916960,19.3021,24.1276,24.1276,24.1276,24.1276,463.2503,0.22916960,115.8126,105.2321,366.7398,377.3202,0.18142593,0.18666007,0.00954873,28.0754,30.5480,7.7831,40.2127,9.4618,168.4525,5.1667,5.5078,31.2994,5.1994,10.3783,40.1559,77.1466,101.1677,179.8973,7.8995,-4.3788,9.748011,17.334006,2.705207,25,36,9,5,0.02452231,0.23871833,0.09322917,0E-8,0.000000,0.936950,0.000000,0.14914658,2026-03-28,2026-07-23,12,51,51,118,0.101695,0.175971,0.196178,0.081741,,,,,,,,GLOBAL_BASELINE_NO_ENTITY_RANKING,,,NOT_APPLICABLE_GLOBAL_BASELINE,HF9g-P5,,,,X 全窗基线 · 不参与实体赏罚,8394046,840,A168_HF9F_20260827_0900,2026-08-27 09:00:00
2026-04-11,147882853,1150,0,7.8527864304,-7.8527864304,-7.8527864304,0E-7,1,1,0.50665070000000000,0.506650700000,-1.013391052207602,-1.013391052207602,-1.013391052207602,0E-17,ELIGIBLE,R03b_20260811_FULL_v1,L1_ELIGIBILITY,v2026-08-11,2026-03-21..2026-08-06,baccarat_bet02_101_all_pairs_incl_sentinel,round_win = game_pnl > 0 (decisive only),COMPATIBILITY_ONLY_NOT_PRODUCTION,2021.4298,1893.9782,482.5524,72,62,-0.23871833,-0.09322917,-0.24237575,-0.23871833,-482.5524,2021.4298,OK,0.0000,19.3021,4.0000,96.0000,AG03-UNRESOLVED,ALL5_LEVELS_bet23_to_bet27,19.3021,24.1276,24.1276,24.1276,24.1276,4.000000,5.000000,5.000000,5.000000,5.000000,96.000000,95.000000,95.000000,95.000000,95.000000,5.0,115.8126,105.2321,366.7398,377.3202,PENDING_AG03,FALSE,NOT_FOR_ENFORCEMENT,463.2503,1818.2190,482.5524,463.2503,19.3021,0.23871833,0.22916960,19.3021,463.2503,0.22916960,19.3021,24.1276,24.1276,24.1276,24.1276,463.2503,0.22916960,115.8126,105.2321,366.7398,377.3202,0.18142593,0.18666007,0.00954873,28.0754,30.5480,7.7831,40.2127,9.4618,168.4525,5.1667,5.5078,31.2994,5.1994,10.3783,40.1559,77.1466,101.1677,179.8973,7.8995,-4.3788,9.748011,17.334006,2.705207,25,36,9,5,0.02452231,0.23871833,0.09322917,0E-8,0.000000,0.936950,0.000000,0.14914658,2026-03-28,2026-07-23,12,51,51,118,0.101695,0.175971,0.196178,0.081741,,,,,,,,GLOBAL_BASELINE_NO_ENTITY_RANKING,,,NOT_APPLICABLE_GLOBAL_BASELINE,HF9g-P5,,,,X 全窗基线 · 不参与实体赏罚,8394047,840,A168_HF9F_20260827_0900,2026-08-27 09:00:00
2026-04-11,147882853,2177,0,7.8527864304,-7.8527864304,-7.8527864304,0E-7,1,1,0.50665070000000000,0.506650700000,-1.013391052207602,-1.013391052207602,-1.013391052207602,0E-17,ELIGIBLE,R03b_20260811_FULL_v1,L1_ELIGIBILITY,v2026-08-11,2026-03-21..2026-08-06,baccarat_bet02_101_all_pairs_incl_sentinel,round_win = game_pnl > 0 (decisive only),COMPATIBILITY_ONLY_NOT_PRODUCTION,2021.4298,1893.9782,482.5524,72,62,-0.23871833,-0.09322917,-0.24237575,-0.23871833,-482.5524,2021.4298,OK,0.0000,19.3021,4.0000,96.0000,AG03-UNRESOLVED,ALL5_LEVELS_bet23_to_bet27,19.3021,24.1276,24.1276,24.1276,24.1276,4.000000,5.000000,5.000000,5.000000,5.000000,96.000000,95.000000,95.000000,95.000000,95.000000,5.0,115.8126,105.2321,366.7398,377.3202,PENDING_AG03,FALSE,NOT_FOR_ENFORCEMENT,463.2503,1818.2190,482.5524,463.2503,19.3021,0.23871833,0.22916960,19.3021,463.2503,0.22916960,19.3021,24.1276,24.1276,24.1276,24.1276,463.2503,0.22916960,115.8126,105.2321,366.7398,377.3202,0.18142593,0.18666007,0.00954873,28.0754,30.5480,7.7831,40.2127,9.4618,168.4525,5.1667,5.5078,31.2994,5.1994,10.3783,40.1559,77.1466,101.1677,179.8973,7.8995,-4.3788,9.748011,17.334006,2.705207,25,36,9,5,0.02452231,0.23871833,0.09322917,0E-8,0.000000,0.936950,0.000000,0.14914658,2026-03-28,2026-07-23,12,51,51,118,0.101695,0.175971,0.196178,0.081741,,,,,,,,GLOBAL_BASELINE_NO_ENTITY_RANKING,,,NOT_APPLICABLE_GLOBAL_BASELINE,HF9g-P5,,,,X 全窗基线 · 不参与实体赏罚,8394048,840,A168_HF9F_20260827_0900,2026-08-27 09:00:00
2026-04-17,147882853,1210,0,33.2434625553,-11.2949244824,-11.2949244824,0.5000000,2,2,0.49994810000000000,0.499948100000,0.00014679536856514622,0.00014679536856514622,0.00014679536856514622,0E-17,ELIGIBLE,R03b_20260811_FULL_v1,L1_ELIGIBILITY,v2026-08-11,2026-03-21..2026-08-06,baccarat_bet02_101_all_pairs_incl_sentinel,round_win = game_pnl > 0 (decisive only),COMPATIBILITY_ONLY_NOT_PRODUCTION,2021.4298,1893.9782,482.5524,72,62,-0.23871833,-0.09322917,-0.24237575,-0.23871833,-482.5524,2021.4298,OK,0.0000,19.3021,4.0000,96.0000,AG03-UNRESOLVED,ALL5_LEVELS_bet23_to_bet27,19.3021,24.1276,24.1276,24.1276,24.1276,4.000000,5.000000,5.000000,5.000000,5.000000,96.000000,95.000000,95.000000,95.000000,95.000000,5.0,115.8126,105.2321,366.7398,377.3202,PENDING_AG03,FALSE,NOT_FOR_ENFORCEMENT,463.2503,1818.2190,482.5524,463.2503,19.3021,0.23871833,0.22916960,19.3021,463.2503,0.22916960,19.3021,24.1276,24.1276,24.1276,24.1276,463.2503,0.22916960,115.8126,105.2321,366.7398,377.3202,0.18142593,0.18666007,0.00954873,28.0754,30.5480,7.7831,40.2127,9.4618,168.4525,5.1667,5.5078,31.2994,5.1994,10.3783,40.1559,77.1466,101.1677,179.8973,7.8995,-4.3788,9.748011,17.334006,2.705207,25,36,9,5,0.02452231,0.23871833,0.09322917,0E-8,0.000000,0.936950,0.000000,0.14914658,2026-03-28,2026-07-23,12,51,51,118,0.101695,0.175971,0.196178,0.081741,,,,,,,,GLOBAL_BASELINE_NO_ENTITY_RANKING,,,NOT_APPLICABLE_GLOBAL_BASELINE,HF9g-P5,,,,X 全窗基线 · 不参与实体赏罚,8394049,840,A168_HF9F_20260827_0900,2026-08-27 09:00:00
2026-04-17,147882853,2107,0,15.7055728608,14.9202942177,14.9202942177,1.0000000,1,1,0.50665070000000000,0.506650700000,0.9867858985152569,0.9867858985152569,0.9867858985152569,0E-17,ELIGIBLE,R03b_20260811_FULL_v1,L1_ELIGIBILITY,v2026-08-11,2026-03-21..2026-08-06,baccarat_bet02_101_all_pairs_incl_sentinel,round_win = game_pnl > 0 (decisive only),COMPATIBILITY_ONLY_NOT_PRODUCTION,2021.4298,1893.9782,482.5524,72,62,-0.23871833,-0.09322917,-0.24237575,-0.23871833,-482.5524,2021.4298,OK,0.0000,19.3021,4.0000,96.0000,AG03-UNRESOLVED,ALL5_LEVELS_bet23_to_bet27,19.3021,24.1276,24.1276,24.1276,24.1276,4.000000,5.000000,5.000000,5.000000,5.000000,96.000000,95.000000,95.000000,95.000000,95.000000,5.0,115.8126,105.2321,366.7398,377.3202,PENDING_AG03,FALSE,NOT_FOR_ENFORCEMENT,463.2503,1818.2190,482.5524,463.2503,19.3021,0.23871833,0.22916960,19.3021,463.2503,0.22916960,19.3021,24.1276,24.1276,24.1276,24.1276,463.2503,0.22916960,115.8126,105.2321,366.7398,377.3202,0.18142593,0.18666007,0.00954873,28.0754,30.5480,7.7831,40.2127,9.4618,168.4525,5.1667,5.5078,31.2994,5.1994,10.3783,40.1559,77.1466,101.1677,179.8973,7.8995,-4.3788,9.748011,17.334006,2.705207,25,36,9,5,0.02452231,0.23871833,0.09322917,0E-8,0.000000,0.936950,0.000000,0.14914658,2026-03-28,2026-07-23,12,51,51,118,0.101695,0.175971,0.196178,0.081741,,,,,,,,GLOBAL_BASELINE_NO_ENTITY_RANKING,,,NOT_APPLICABLE_GLOBAL_BASELINE,HF9g-P5,,,,X 全窗基线 · 不参与实体赏罚,8394050,840,A168_HF9F_20260827_0900,2026-08-27 09:00:00
2026-04-17,147882853,2147,0,7.8527864304,7.8527864304,7.8527864304,1.0000000,1,1,0.49324550000000000,0.493245500000,1.01360149184955,1.01360149184955,1.01360149184955,0E-17,ELIGIBLE,R03b_20260811_FULL_v1,L1_ELIGIBILITY,v2026-08-11,2026-03-21..2026-08-06,baccarat_bet02_101_all_pairs_incl_sentinel,round_win = game_pnl > 0 (decisive only),COMPATIBILITY_ONLY_NOT_PRODUCTION,2021.4298,1893.9782,482.5524,72,62,-0.23871833,-0.09322917,-0.24237575,-0.23871833,-482.5524,2021.4298,OK,0.0000,19.3021,4.0000,96.0000,AG03-UNRESOLVED,ALL5_LEVELS_bet23_to_bet27,19.3021,24.1276,24.1276,24.1276,24.1276,4.000000,5.000000,5.000000,5.000000,5.000000,96.000000,95.000000,95.000000,95.000000,95.000000,5.0,115.8126,105.2321,366.7398,377.3202,PENDING_AG03,FALSE,NOT_FOR_ENFORCEMENT,463.2503,1818.2190,482.5524,463.2503,19.3021,0.23871833,0.22916960,19.3021,463.2503,0.22916960,19.3021,24.1276,24.1276,24.1276,24.1276,463.2503,0.22916960,115.8126,105.2321,366.7398,377.3202,0.18142593,0.18666007,0.00954873,28.0754,30.5480,7.7831,40.2127,9.4618,168.4525,5.1667,5.5078,31.2994,5.1994,10.3783,40.1559,77.1466,101.1677,179.8973,7.8995,-4.3788,9.748011,17.334006,2.705207,25,36,9,5,0.02452231,0.23871833,0.09322917,0E-8,0.000000,0.936950,0.000000,0.14914658,2026-03-28,2026-07-23,12,51,51,118,0.101695,0.175971,0.196178,0.081741,,,,,,,,GLOBAL_BASELINE_NO_ENTITY_RANKING,,,NOT_APPLICABLE_GLOBAL_BASELINE,HF9g-P5,,,,X 全窗基线 · 不参与实体赏罚,8394051,840,A168_HF9F_20260827_0900,2026-08-27 09:00:00
2026-05-13,147882853,1306,0,12.9728607753,-12.9728607753,-12.9728607753,0E-7,1,1,0.50665070000000000,0.506650700000,-1.013391052207602,-1.013391052207602,-1.013391052207602,0E-17,ELIGIBLE,R03b_20260811_FULL_v1,L1_ELIGIBILITY,v2026-08-11,2026-03-21..2026-08-06,baccarat_bet02_101_all_pairs_incl_sentinel,round_win = game_pnl > 0 (decisive only),COMPATIBILITY_ONLY_NOT_PRODUCTION,2021.4298,1893.9782,482.5524,72,62,-0.23871833,-0.09322917,-0.24237575,-0.23871833,-482.5524,2021.4298,OK,0.0000,19.3021,4.0000,96.0000,AG03-UNRESOLVED,ALL5_LEVELS_bet23_to_bet27,19.3021,24.1276,24.1276,24.1276,24.1276,4.000000,5.000000,5.000000,5.000000,5.000000,96.000000,95.000000,95.000000,95.000000,95.000000,5.0,115.8126,105.2321,366.7398,377.3202,PENDING_AG03,FALSE,NOT_FOR_ENFORCEMENT,463.2503,1818.2190,482.5524,463.2503,19.3021,0.23871833,0.22916960,19.3021,463.2503,0.22916960,19.3021,24.1276,24.1276,24.1276,24.1276,463.2503,0.22916960,115.8126,105.2321,366.7398,377.3202,0.18142593,0.18666007,0.00954873,28.0754,30.5480,7.7831,40.2127,9.4618,168.4525,5.1667,5.5078,31.2994,5.1994,10.3783,40.1559,77.1466,101.1677,179.8973,7.8995,-4.3788,9.748011,17.334006,2.705207,25,36,9,5,0.02452231,0.23871833,0.09322917,0E-8,0.000000,0.936950,0.000000,0.14914658,2026-03-28,2026-07-23,12,51,51,118,0.101695,0.175971,0.196178,0.081741,,,,,,,,GLOBAL_BASELINE_NO_ENTITY_RANKING,,,NOT_APPLICABLE_GLOBAL_BASELINE,HF9g-P5,,,,X 全窗基线 · 不参与实体赏罚,8394052,840,A168_HF9F_20260827_0900,2026-08-27 09:00:00
2026-05-13,147882853,2152,0,10.6377458357,10.1058585439,10.1058585439,1.0000000,1,1,0.50665070000000000,0.506650700000,0.9867858985152569,0.9867858985152569,0.9867858985152569,0E-17,ELIGIBLE,R03b_20260811_FULL_v1,L1_ELIGIBILITY,v2026-08-11,2026-03-21..2026-08-06,baccarat_bet02_101_all_pairs_incl_sentinel,round_win = game_pnl > 0 (decisive only),COMPATIBILITY_ONLY_NOT_PRODUCTION,2021.4298,1893.9782,482.5524,72,62,-0.23871833,-0.09322917,-0.24237575,-0.23871833,-482.5524,2021.4298,OK,0.0000,19.3021,4.0000,96.0000,AG03-UNRESOLVED,ALL5_LEVELS_bet23_to_bet27,19.3021,24.1276,24.1276,24.1276,24.1276,4.000000,5.000000,5.000000,5.000000,5.000000,96.000000,95.000000,95.000000,95.000000,95.000000,5.0,115.8126,105.2321,366.7398,377.3202,PENDING_AG03,FALSE,NOT_FOR_ENFORCEMENT,463.2503,1818.2190,482.5524,463.2503,19.3021,0.23871833,0.22916960,19.3021,463.2503,0.22916960,19.3021,24.1276,24.1276,24.1276,24.1276,463.2503,0.22916960,115.8126,105.2321,366.7398,377.3202,0.18142593,0.18666007,0.00954873,28.0754,30.5480,7.7831,40.2127,9.4618,168.4525,5.1667,5.5078,31.2994,5.1994,10.3783,40.1559,77.1466,101.1677,179.8973,7.8995,-4.3788,9.748011,17.334006,2.705207,25,36,9,5,0.02452231,0.23871833,0.09322917,0E-8,0.000000,0.936950,0.000000,0.14914658,2026-03-28,2026-07-23,12,51,51,118,0.101695,0.175971,0.196178,0.081741,,,,,,,,GLOBAL_BASELINE_NO_ENTITY_RANKING,,,NOT_APPLICABLE_GLOBAL_BASELINE,HF9g-P5,,,,X 全窗基线 · 不参与实体赏罚,8394053,840,A168_HF9F_20260827_0900,2026-08-27 09:00:00
2026-05-13,147882853,2223,0,7.7837164652,-7.7837164652,-7.7837164652,0E-7,1,1,0.50665070000000000,0.506650700000,-1.013391052207602,-1.013391052207602,-1.013391052207602,0E-17,ELIGIBLE,R03b_20260811_FULL_v1,L1_ELIGIBILITY,v2026-08-11,2026-03-21..2026-08-06,baccarat_bet02_101_all_pairs_incl_sentinel,round_win = game_pnl > 0 (decisive only),COMPATIBILITY_ONLY_NOT_PRODUCTION,2021.4298,1893.9782,482.5524,72,62,-0.23871833,-0.09322917,-0.24237575,-0.23871833,-482.5524,2021.4298,OK,0.0000,19.3021,4.0000,96.0000,AG03-UNRESOLVED,ALL5_LEVELS_bet23_to_bet27,19.3021,24.1276,24.1276,24.1276,24.1276,4.000000,5.000000,5.000000,5.000000,5.000000,96.000000,95.000000,95.000000,95.000000,95.000000,5.0,115.8126,105.2321,366.7398,377.3202,PENDING_AG03,FALSE,NOT_FOR_ENFORCEMENT,463.2503,1818.2190,482.5524,463.2503,19.3021,0.23871833,0.22916960,19.3021,463.2503,0.22916960,19.3021,24.1276,24.1276,24.1276,24.1276,463.2503,0.22916960,115.8126,105.2321,366.7398,377.3202,0.18142593,0.18666007,0.00954873,28.0754,30.5480,7.7831,40.2127,9.4618,168.4525,5.1667,5.5078,31.2994,5.1994,10.3783,40.1559,77.1466,101.1677,179.8973,7.8995,-4.3788,9.748011,17.334006,2.705207,25,36,9,5,0.02452231,0.23871833,0.09322917,0E-8,0.000000,0.936950,0.000000,0.14914658,2026-03-28,2026-07-23,12,51,51,118,0.101695,0.175971,0.196178,0.081741,,,,,,,,GLOBAL_BASELINE_NO_ENTITY_RANKING,,,NOT_APPLICABLE_GLOBAL_BASELINE,HF9g-P5,,,,X 全窗基线 · 不参与实体赏罚,8394054,840,A168_HF9F_20260827_0900,2026-08-27 09:00:00
2026-05-16,147882853,-1,1,262.0517876603,-262.0517876603,-262.0517876603,0E-7,4,4,0.49994810000000000,0.499948100000,-1.9997924107733216,-1.9997924107733216,-1.9997924107733216,0E-17,SENTINEL_DEALER,R03b_20260811_FULL_v1,L1_ELIGIBILITY,v2026-08-11,2026-03-21..2026-08-06,baccarat_bet02_101_all_pairs_incl_sentinel,round_win = game_pnl > 0 (decisive only),COMPATIBILITY_ONLY_NOT_PRODUCTION,2021.4298,1893.9782,482.5524,72,62,-0.23871833,-0.09322917,-0.24237575,-0.23871833,-482.5524,2021.4298,OK,0.0000,19.3021,4.0000,96.0000,AG03-UNRESOLVED,ALL5_LEVELS_bet23_to_bet27,19.3021,24.1276,24.1276,24.1276,24.1276,4.000000,5.000000,5.000000,5.000000,5.000000,96.000000,95.000000,95.000000,95.000000,95.000000,5.0,115.8126,105.2321,366.7398,377.3202,PENDING_AG03,FALSE,NOT_FOR_ENFORCEMENT,463.2503,1818.2190,482.5524,463.2503,19.3021,0.23871833,0.22916960,19.3021,463.2503,0.22916960,19.3021,24.1276,24.1276,24.1276,24.1276,463.2503,0.22916960,115.8126,105.2321,366.7398,377.3202,0.18142593,0.18666007,0.00954873,28.0754,30.5480,7.7831,40.2127,9.4618,168.4525,5.1667,5.5078,31.2994,5.1994,10.3783,40.1559,77.1466,101.1677,179.8973,7.8995,-4.3788,9.748011,17.334006,2.705207,25,36,9,5,0.02452231,0.23871833,0.09322917,0E-8,0.000000,0.936950,0.000000,0.14914658,2026-03-28,2026-07-23,12,51,51,118,0.101695,0.175971,0.196178,0.081741,,,,,,,,GLOBAL_BASELINE_NO_ENTITY_RANKING,,,NOT_APPLICABLE_GLOBAL_BASELINE,HF9g-P5,,,,X 全窗基线 · 不参与实体赏罚,8394055,840,A168_HF9F_20260827_0900,2026-08-27 09:00:00
2026-05-16,147882853,1210,0,7.7837164652,7.3945306419,7.3945306419,1.0000000,1,1,0.50665070000000000,0.506650700000,0.9867858985152569,0.9867858985152569,0.9867858985152569,0E-17,ELIGIBLE,R03b_20260811_FULL_v1,L1_ELIGIBILITY,v2026-08-11,2026-03-21..2026-08-06,baccarat_bet02_101_all_pairs_incl_sentinel,round_win = game_pnl > 0 (decisive only),COMPATIBILITY_ONLY_NOT_PRODUCTION,2021.4298,1893.9782,482.5524,72,62,-0.23871833,-0.09322917,-0.24237575,-0.23871833,-482.5524,2021.4298,OK,0.0000,19.3021,4.0000,96.0000,AG03-UNRESOLVED,ALL5_LEVELS_bet23_to_bet27,19.3021,24.1276,24.1276,24.1276,24.1276,4.000000,5.000000,5.000000,5.000000,5.000000,96.000000,95.000000,95.000000,95.000000,95.000000,5.0,115.8126,105.2321,366.7398,377.3202,PENDING_AG03,FALSE,NOT_FOR_ENFORCEMENT,463.2503,1818.2190,482.5524,463.2503,19.3021,0.23871833,0.22916960,19.3021,463.2503,0.22916960,19.3021,24.1276,24.1276,24.1276,24.1276,463.2503,0.22916960,115.8126,105.2321,366.7398,377.3202,0.18142593,0.18666007,0.00954873,28.0754,30.5480,7.7831,40.2127,9.4618,168.4525,5.1667,5.5078,31.2994,5.1994,10.3783,40.1559,77.1466,101.1677,179.8973,7.8995,-4.3788,9.748011,17.334006,2.705207,25,36,9,5,0.02452231,0.23871833,0.09322917,0E-8,0.000000,0.936950,0.000000,0.14914658,2026-03-28,2026-07-23,12,51,51,118,0.101695,0.175971,0.196178,0.081741,,,,,,,,GLOBAL_BASELINE_NO_ENTITY_RANKING,,,NOT_APPLICABLE_GLOBAL_BASELINE,HF9g-P5,,,,X 全窗基线 · 不参与实体赏罚,8394056,840,A168_HF9F_20260827_0900,2026-08-27 09:00:00
2026-05-16,147882853,2224,0,10.3782886202,9.8593741892,9.8593741892,1.0000000,1,1,0.50665070000000000,0.506650700000,0.9867858985152569,0.9867858985152569,0.9867858985152569,0E-17,ELIGIBLE,R03b_20260811_FULL_v1,L1_ELIGIBILITY,v2026-08-11,2026-03-21..2026-08-06,baccarat_bet02_101_all_pairs_incl_sentinel,round_win = game_pnl > 0 (decisive only),COMPATIBILITY_ONLY_NOT_PRODUCTION,2021.4298,1893.9782,482.5524,72,62,-0.23871833,-0.09322917,-0.24237575,-0.23871833,-482.5524,2021.4298,OK,0.0000,19.3021,4.0000,96.0000,AG03-UNRESOLVED,ALL5_LEVELS_bet23_to_bet27,19.3021,24.1276,24.1276,24.1276,24.1276,4.000000,5.000000,5.000000,5.000000,5.000000,96.000000,95.000000,95.000000,95.000000,95.000000,5.0,115.8126,105.2321,366.7398,377.3202,PENDING_AG03,FALSE,NOT_FOR_ENFORCEMENT,463.2503,1818.2190,482.5524,463.2503,19.3021,0.23871833,0.22916960,19.3021,463.2503,0.22916960,19.3021,24.1276,24.1276,24.1276,24.1276,463.2503,0.22916960,115.8126,105.2321,366.7398,377.3202,0.18142593,0.18666007,0.00954873,28.0754,30.5480,7.7831,40.2127,9.4618,168.4525,5.1667,5.5078,31.2994,5.1994,10.3783,40.1559,77.1466,101.1677,179.8973,7.8995,-4.3788,9.748011,17.334006,2.705207,25,36,9,5,0.02452231,0.23871833,0.09322917,0E-8,0.000000,0.936950,0.000000,0.14914658,2026-03-28,2026-07-23,12,51,51,118,0.101695,0.175971,0.196178,0.081741,,,,,,,,GLOBAL_BASELINE_NO_ENTITY_RANKING,,,NOT_APPLICABLE_GLOBAL_BASELINE,HF9g-P5,,,,X 全窗基线 · 不参与实体赏罚,8394057,840,A168_HF9F_20260827_0900,2026-08-27 09:00:00
2026-05-16,147882853,986,0,23.3511493955,30.6159514296,30.6159514296,1.0000000,3,2,0.46008382999938542,0.400287425000,1.5320032269178612,1.731014086397502,1.5320032269178612,0.05979640499938542,ELIGIBLE,R03b_20260811_FULL_v1,L1_ELIGIBILITY,v2026-08-11,2026-03-21..2026-08-06,baccarat_bet02_101_all_pairs_incl_sentinel,round_win = game_pnl > 0 (decisive only),COMPATIBILITY_ONLY_NOT_PRODUCTION,2021.4298,1893.9782,482.5524,72,62,-0.23871833,-0.09322917,-0.24237575,-0.23871833,-482.5524,2021.4298,OK,0.0000,19.3021,4.0000,96.0000,AG03-UNRESOLVED,ALL5_LEVELS_bet23_to_bet27,19.3021,24.1276,24.1276,24.1276,24.1276,4.000000,5.000000,5.000000,5.000000,5.000000,96.000000,95.000000,95.000000,95.000000,95.000000,5.0,115.8126,105.2321,366.7398,377.3202,PENDING_AG03,FALSE,NOT_FOR_ENFORCEMENT,463.2503,1818.2190,482.5524,463.2503,19.3021,0.23871833,0.22916960,19.3021,463.2503,0.22916960,19.3021,24.1276,24.1276,24.1276,24.1276,463.2503,0.22916960,115.8126,105.2321,366.7398,377.3202,0.18142593,0.18666007,0.00954873,28.0754,30.5480,7.7831,40.2127,9.4618,168.4525,5.1667,5.5078,31.2994,5.1994,10.3783,40.1559,77.1466,101.1677,179.8973,7.8995,-4.3788,9.748011,17.334006,2.705207,25,36,9,5,0.02452231,0.23871833,0.09322917,0E-8,0.000000,0.936950,0.000000,0.14914658,2026-03-28,2026-07-23,12,51,51,118,0.101695,0.175971,0.196178,0.081741,,,,,,,,GLOBAL_BASELINE_NO_ENTITY_RANKING,,,NOT_APPLICABLE_GLOBAL_BASELINE,HF9g-P5,,,,X 全窗基线 · 不参与实体赏罚,8394058,840,A168_HF9F_20260827_0900,2026-08-27 09:00:00
2026-05-17,147882853,789,0,6.4864303876,-6.4864303876,-6.4864303876,0E-7,1,1,0.50665070000000000,0.506650700000,-1.013391052207602,-1.013391052207602,-1.013391052207602,0E-17,ELIGIBLE,R03b_20260811_FULL_v1,L1_ELIGIBILITY,v2026-08-11,2026-03-21..2026-08-06,baccarat_bet02_101_all_pairs_incl_sentinel,round_win = game_pnl > 0 (decisive only),COMPATIBILITY_ONLY_NOT_PRODUCTION,2021.4298,1893.9782,482.5524,72,62,-0.23871833,-0.09322917,-0.24237575,-0.23871833,-482.5524,2021.4298,OK,0.0000,19.3021,4.0000,96.0000,AG03-UNRESOLVED,ALL5_LEVELS_bet23_to_bet27,19.3021,24.1276,24.1276,24.1276,24.1276,4.000000,5.000000,5.000000,5.000000,5.000000,96.000000,95.000000,95.000000,95.000000,95.000000,5.0,115.8126,105.2321,366.7398,377.3202,PENDING_AG03,FALSE,NOT_FOR_ENFORCEMENT,463.2503,1818.2190,482.5524,463.2503,19.3021,0.23871833,0.22916960,19.3021,463.2503,0.22916960,19.3021,24.1276,24.1276,24.1276,24.1276,463.2503,0.22916960,115.8126,105.2321,366.7398,377.3202,0.18142593,0.18666007,0.00954873,28.0754,30.5480,7.7831,40.2127,9.4618,168.4525,5.1667,5.5078,31.2994,5.1994,10.3783,40.1559,77.1466,101.1677,179.8973,7.8995,-4.3788,9.748011,17.334006,2.705207,25,36,9,5,0.02452231,0.23871833,0.09322917,0E-8,0.000000,0.936950,0.000000,0.14914658,2026-03-28,2026-07-23,12,51,51,118,0.101695,0.175971,0.196178,0.081741,,,,,,,,GLOBAL_BASELINE_NO_ENTITY_RANKING,,,NOT_APPLICABLE_GLOBAL_BASELINE,HF9g-P5,,,,X 全窗基线 · 不参与实体赏罚,8394059,840,A168_HF9F_20260827_0900,2026-08-27 09:00:00
2026-05-18,147882853,2212,0,10.3782886202,-10.3782886202,-10.3782886202,0E-7,1,1,0.49324550000000000,0.493245500000,-0.9865810262130424,-0.9865810262130424,-0.9865810262130424,0E-17,ELIGIBLE,R03b_20260811_FULL_v1,L1_ELIGIBILITY,v2026-08-11,2026-03-21..2026-08-06,baccarat_bet02_101_all_pairs_incl_sentinel,round_win = game_pnl > 0 (decisive only),COMPATIBILITY_ONLY_NOT_PRODUCTION,2021.4298,1893.9782,482.5524,72,62,-0.23871833,-0.09322917,-0.24237575,-0.23871833,-482.5524,2021.4298,OK,0.0000,19.3021,4.0000,96.0000,AG03-UNRESOLVED,ALL5_LEVELS_bet23_to_bet27,19.3021,24.1276,24.1276,24.1276,24.1276,4.000000,5.000000,5.000000,5.000000,5.000000,96.000000,95.000000,95.000000,95.000000,95.000000,5.0,115.8126,105.2321,366.7398,377.3202,PENDING_AG03,FALSE,NOT_FOR_ENFORCEMENT,463.2503,1818.2190,482.5524,463.2503,19.3021,0.23871833,0.22916960,19.3021,463.2503,0.22916960,19.3021,24.1276,24.1276,24.1276,24.1276,463.2503,0.22916960,115.8126,105.2321,366.7398,377.3202,0.18142593,0.18666007,0.00954873,28.0754,30.5480,7.7831,40.2127,9.4618,168.4525,5.1667,5.5078,31.2994,5.1994,10.3783,40.1559,77.1466,101.1677,179.8973,7.8995,-4.3788,9.748011,17.334006,2.705207,25,36,9,5,0.02452231,0.23871833,0.09322917,0E-8,0.000000,0.936950,0.000000,0.14914658,2026-03-28,2026-07-23,12,51,51,118,0.101695,0.175971,0.196178,0.081741,,,,,,,,GLOBAL_BASELINE_NO_ENTITY_RANKING,,,NOT_APPLICABLE_GLOBAL_BASELINE,HF9g-P5,,,,X 全窗基线 · 不参与实体赏罚,8394060,840,A168_HF9F_20260827_0900,2026-08-27 09:00:00
2026-06-04,147882853,-1,1,128.5776737727,-77.1466042637,-77.1466042637,0.5000000,5,2,0.46235207500006007,0.338778375000,0.10678755669667922,0.48173358771022595,0.10678755669667922,0.12357370000006007,SENTINEL_DEALER,R03b_20260811_FULL_v1,L1_ELIGIBILITY,v2026-08-11,2026-03-21..2026-08-06,baccarat_bet02_101_all_pairs_incl_sentinel,round_win = game_pnl > 0 (decisive only),COMPATIBILITY_ONLY_NOT_PRODUCTION,2021.4298,1893.9782,482.5524,72,62,-0.23871833,-0.09322917,-0.24237575,-0.23871833,-482.5524,2021.4298,OK,0.0000,19.3021,4.0000,96.0000,AG03-UNRESOLVED,ALL5_LEVELS_bet23_to_bet27,19.3021,24.1276,24.1276,24.1276,24.1276,4.000000,5.000000,5.000000,5.000000,5.000000,96.000000,95.000000,95.000000,95.000000,95.000000,5.0,115.8126,105.2321,366.7398,377.3202,PENDING_AG03,FALSE,NOT_FOR_ENFORCEMENT,463.2503,1818.2190,482.5524,463.2503,19.3021,0.23871833,0.22916960,19.3021,463.2503,0.22916960,19.3021,24.1276,24.1276,24.1276,24.1276,463.2503,0.22916960,115.8126,105.2321,366.7398,377.3202,0.18142593,0.18666007,0.00954873,28.0754,30.5480,7.7831,40.2127,9.4618,168.4525,5.1667,5.5078,31.2994,5.1994,10.3783,40.1559,77.1466,101.1677,179.8973,7.8995,-4.3788,9.748011,17.334006,2.705207,25,36,9,5,0.02452231,0.23871833,0.09322917,0E-8,0.000000,0.936950,0.000000,0.14914658,2026-03-28,2026-07-23,12,51,51,118,0.101695,0.175971,0.196178,0.081741,,,,,,,,GLOBAL_BASELINE_NO_ENTITY_RANKING,,,NOT_APPLICABLE_GLOBAL_BASELINE,HF9g-P5,,,,X 全窗基线 · 不参与实体赏罚,8394061,840,A168_HF9F_20260827_0900,2026-08-27 09:00:00
2026-06-04,147882853,1205,0,27.5156221874,-27.5156221874,-27.5156221874,0E-7,1,1,0.49324550000000000,0.493245500000,-0.9865810262130424,-0.9865810262130424,-0.9865810262130424,0E-17,ELIGIBLE,R03b_20260811_FULL_v1,L1_ELIGIBILITY,v2026-08-11,2026-03-21..2026-08-06,baccarat_bet02_101_all_pairs_incl_sentinel,round_win = game_pnl > 0 (decisive only),COMPATIBILITY_ONLY_NOT_PRODUCTION,2021.4298,1893.9782,482.5524,72,62,-0.23871833,-0.09322917,-0.24237575,-0.23871833,-482.5524,2021.4298,OK,0.0000,19.3021,4.0000,96.0000,AG03-UNRESOLVED,ALL5_LEVELS_bet23_to_bet27,19.3021,24.1276,24.1276,24.1276,24.1276,4.000000,5.000000,5.000000,5.000000,5.000000,96.000000,95.000000,95.000000,95.000000,95.000000,5.0,115.8126,105.2321,366.7398,377.3202,PENDING_AG03,FALSE,NOT_FOR_ENFORCEMENT,463.2503,1818.2190,482.5524,463.2503,19.3021,0.23871833,0.22916960,19.3021,463.2503,0.22916960,19.3021,24.1276,24.1276,24.1276,24.1276,463.2503,0.22916960,115.8126,105.2321,366.7398,377.3202,0.18142593,0.18666007,0.00954873,28.0754,30.5480,7.7831,40.2127,9.4618,168.4525,5.1667,5.5078,31.2994,5.1994,10.3783,40.1559,77.1466,101.1677,179.8973,7.8995,-4.3788,9.748011,17.334006,2.705207,25,36,9,5,0.02452231,0.23871833,0.09322917,0E-8,0.000000,0.936950,0.000000,0.14914658,2026-03-28,2026-07-23,12,51,51,118,0.101695,0.175971,0.196178,0.081741,,,,,,,,GLOBAL_BASELINE_NO_ENTITY_RANKING,,,NOT_APPLICABLE_GLOBAL_BASELINE,HF9g-P5,,,,X 全窗基线 · 不参与实体赏罚,8394062,840,A168_HF9F_20260827_0900,2026-08-27 09:00:00
2026-06-04,147882853,1306,0,82.2897112145,73.1606963766,73.1606963766,1.0000000,3,2,0.49728597499983447,0.403638725000,1.4219109318527212,1.7189898101856425,1.4219109318527212,0.09364724999983447,ELIGIBLE,R03b_20260811_FULL_v1,L1_ELIGIBILITY,v2026-08-11,2026-03-21..2026-08-06,baccarat_bet02_101_all_pairs_incl_sentinel,round_win = game_pnl > 0 (decisive only),COMPATIBILITY_ONLY_NOT_PRODUCTION,2021.4298,1893.9782,482.5524,72,62,-0.23871833,-0.09322917,-0.24237575,-0.23871833,-482.5524,2021.4298,OK,0.0000,19.3021,4.0000,96.0000,AG03-UNRESOLVED,ALL5_LEVELS_bet23_to_bet27,19.3021,24.1276,24.1276,24.1276,24.1276,4.000000,5.000000,5.000000,5.000000,5.000000,96.000000,95.000000,95.000000,95.000000,95.000000,5.0,115.8126,105.2321,366.7398,377.3202,PENDING_AG03,FALSE,NOT_FOR_ENFORCEMENT,463.2503,1818.2190,482.5524,463.2503,19.3021,0.23871833,0.22916960,19.3021,463.2503,0.22916960,19.3021,24.1276,24.1276,24.1276,24.1276,463.2503,0.22916960,115.8126,105.2321,366.7398,377.3202,0.18142593,0.18666007,0.00954873,28.0754,30.5480,7.7831,40.2127,9.4618,168.4525,5.1667,5.5078,31.2994,5.1994,10.3783,40.1559,77.1466,101.1677,179.8973,7.8995,-4.3788,9.748011,17.334006,2.705207,25,36,9,5,0.02452231,0.23871833,0.09322917,0E-8,0.000000,0.936950,0.000000,0.14914658,2026-03-28,2026-07-23,12,51,51,118,0.101695,0.175971,0.196178,0.081741,,,,,,,,GLOBAL_BASELINE_NO_ENTITY_RANKING,,,NOT_APPLICABLE_GLOBAL_BASELINE,HF9g-P5,,,,X 全窗基线 · 不参与实体赏罚,8394063,840,A168_HF9F_20260827_0900,2026-08-27 09:00:00
2026-06-04,147882853,1402,0,84.8612646901,-84.8612646901,-84.8612646901,0E-7,4,1,0.45579892424180647,0.184311250000,-0.9151809046660176,-0.47535020548684115,-0.9151809046660176,0.27148767424180647,ELIGIBLE,R03b_20260811_FULL_v1,L1_ELIGIBILITY,v2026-08-11,2026-03-21..2026-08-06,baccarat_bet02_101_all_pairs_incl_sentinel,round_win = game_pnl > 0 (decisive only),COMPATIBILITY_ONLY_NOT_PRODUCTION,2021.4298,1893.9782,482.5524,72,62,-0.23871833,-0.09322917,-0.24237575,-0.23871833,-482.5524,2021.4298,OK,0.0000,19.3021,4.0000,96.0000,AG03-UNRESOLVED,ALL5_LEVELS_bet23_to_bet27,19.3021,24.1276,24.1276,24.1276,24.1276,4.000000,5.000000,5.000000,5.000000,5.000000,96.000000,95.000000,95.000000,95.000000,95.000000,5.0,115.8126,105.2321,366.7398,377.3202,PENDING_AG03,FALSE,NOT_FOR_ENFORCEMENT,463.2503,1818.2190,482.5524,463.2503,19.3021,0.23871833,0.22916960,19.3021,463.2503,0.22916960,19.3021,24.1276,24.1276,24.1276,24.1276,463.2503,0.22916960,115.8126,105.2321,366.7398,377.3202,0.18142593,0.18666007,0.00954873,28.0754,30.5480,7.7831,40.2127,9.4618,168.4525,5.1667,5.5078,31.2994,5.1994,10.3783,40.1559,77.1466,101.1677,179.8973,7.8995,-4.3788,9.748011,17.334006,2.705207,25,36,9,5,0.02452231,0.23871833,0.09322917,0E-8,0.000000,0.936950,0.000000,0.14914658,2026-03-28,2026-07-23,12,51,51,118,0.101695,0.175971,0.196178,0.081741,,,,,,,,GLOBAL_BASELINE_NO_ENTITY_RANKING,,,NOT_APPLICABLE_GLOBAL_BASELINE,HF9g-P5,,,,X 全窗基线 · 不参与实体赏罚,8394064,840,A168_HF9F_20260827_0900,2026-08-27 09:00:00
2026-06-04,147882853,2134,0,54.0026229845,-54.0026229845,-54.0026229845,0E-7,1,1,0.49324550000000000,0.493245500000,-0.9865810262130424,-0.9865810262130424,-0.9865810262130424,0E-17,ELIGIBLE,R03b_20260811_FULL_v1,L1_ELIGIBILITY,v2026-08-11,2026-03-21..2026-08-06,baccarat_bet02_101_all_pairs_incl_sentinel,round_win = game_pnl > 0 (decisive only),COMPATIBILITY_ONLY_NOT_PRODUCTION,2021.4298,1893.9782,482.5524,72,62,-0.23871833,-0.09322917,-0.24237575,-0.23871833,-482.5524,2021.4298,OK,0.0000,19.3021,4.0000,96.0000,AG03-UNRESOLVED,ALL5_LEVELS_bet23_to_bet27,19.3021,24.1276,24.1276,24.1276,24.1276,4.000000,5.000000,5.000000,5.000000,5.000000,96.000000,95.000000,95.000000,95.000000,95.000000,5.0,115.8126,105.2321,366.7398,377.3202,PENDING_AG03,FALSE,NOT_FOR_ENFORCEMENT,463.2503,1818.2190,482.5524,463.2503,19.3021,0.23871833,0.22916960,19.3021,463.2503,0.22916960,19.3021,24.1276,24.1276,24.1276,24.1276,463.2503,0.22916960,115.8126,105.2321,366.7398,377.3202,0.18142593,0.18666007,0.00954873,28.0754,30.5480,7.7831,40.2127,9.4618,168.4525,5.1667,5.5078,31.2994,5.1994,10.3783,40.1559,77.1466,101.1677,179.8973,7.8995,-4.3788,9.748011,17.334006,2.705207,25,36,9,5,0.02452231,0.23871833,0.09322917,0E-8,0.000000,0.936950,0.000000,0.14914658,2026-03-28,2026-07-23,12,51,51,118,0.101695,0.175971,0.196178,0.081741,,,,,,,,GLOBAL_BASELINE_NO_ENTITY_RANKING,,,NOT_APPLICABLE_GLOBAL_BASELINE,HF9g-P5,,,,X 全窗基线 · 不参与实体赏罚,8394065,840,A168_HF9F_20260827_0900,2026-08-27 09:00:00
2026-06-04,147882853,2145,0,77.1466042636,73.2892740505,73.2892740505,1.0000000,1,1,0.50665070000000000,0.506650700000,0.9867858985152569,0.9867858985152569,0.9867858985152569,0E-17,ELIGIBLE,R03b_20260811_FULL_v1,L1_ELIGIBILITY,v2026-08-11,2026-03-21..2026-08-06,baccarat_bet02_101_all_pairs_incl_sentinel,round_win = game_pnl > 0 (decisive only),COMPATIBILITY_ONLY_NOT_PRODUCTION,2021.4298,1893.9782,482.5524,72,62,-0.23871833,-0.09322917,-0.24237575,-0.23871833,-482.5524,2021.4298,OK,0.0000,19.3021,4.0000,96.0000,AG03-UNRESOLVED,ALL5_LEVELS_bet23_to_bet27,19.3021,24.1276,24.1276,24.1276,24.1276,4.000000,5.000000,5.000000,5.000000,5.000000,96.000000,95.000000,95.000000,95.000000,95.000000,5.0,115.8126,105.2321,366.7398,377.3202,PENDING_AG03,FALSE,NOT_FOR_ENFORCEMENT,463.2503,1818.2190,482.5524,463.2503,19.3021,0.23871833,0.22916960,19.3021,463.2503,0.22916960,19.3021,24.1276,24.1276,24.1276,24.1276,463.2503,0.22916960,115.8126,105.2321,366.7398,377.3202,0.18142593,0.18666007,0.00954873,28.0754,30.5480,7.7831,40.2127,9.4618,168.4525,5.1667,5.5078,31.2994,5.1994,10.3783,40.1559,77.1466,101.1677,179.8973,7.8995,-4.3788,9.748011,17.334006,2.705207,25,36,9,5,0.02452231,0.23871833,0.09322917,0E-8,0.000000,0.936950,0.000000,0.14914658,2026-03-28,2026-07-23,12,51,51,118,0.101695,0.175971,0.196178,0.081741,,,,,,,,GLOBAL_BASELINE_NO_ENTITY_RANKING,,,NOT_APPLICABLE_GLOBAL_BASELINE,HF9g-P5,,,,X 全窗基线 · 不参与实体赏罚,8394066,840,A168_HF9F_20260827_0900,2026-08-27 09:00:00
2026-06-04,147882853,2205,0,66.8603903618,43.4592537352,43.4592537352,1.0000000,3,1,0.44019649230779170,0.218682466667,1.1277024368882298,1.8901958406748056,1.1277024368882298,0.22151402564079170,ELIGIBLE,R03b_20260811_FULL_v1,L1_ELIGIBILITY,v2026-08-11,2026-03-21..2026-08-06,baccarat_bet02_101_all_pairs_incl_sentinel,round_win = game_pnl > 0 (decisive only),COMPATIBILITY_ONLY_NOT_PRODUCTION,2021.4298,1893.9782,482.5524,72,62,-0.23871833,-0.09322917,-0.24237575,-0.23871833,-482.5524,2021.4298,OK,0.0000,19.3021,4.0000,96.0000,AG03-UNRESOLVED,ALL5_LEVELS_bet23_to_bet27,19.3021,24.1276,24.1276,24.1276,24.1276,4.000000,5.000000,5.000000,5.000000,5.000000,96.000000,95.000000,95.000000,95.000000,95.000000,5.0,115.8126,105.2321,366.7398,377.3202,PENDING_AG03,FALSE,NOT_FOR_ENFORCEMENT,463.2503,1818.2190,482.5524,463.2503,19.3021,0.23871833,0.22916960,19.3021,463.2503,0.22916960,19.3021,24.1276,24.1276,24.1276,24.1276,463.2503,0.22916960,115.8126,105.2321,366.7398,377.3202,0.18142593,0.18666007,0.00954873,28.0754,30.5480,7.7831,40.2127,9.4618,168.4525,5.1667,5.5078,31.2994,5.1994,10.3783,40.1559,77.1466,101.1677,179.8973,7.8995,-4.3788,9.748011,17.334006,2.705207,25,36,9,5,0.02452231,0.23871833,0.09322917,0E-8,0.000000,0.936950,0.000000,0.14914658,2026-03-28,2026-07-23,12,51,51,118,0.101695,0.175971,0.196178,0.081741,,,,,,,,GLOBAL_BASELINE_NO_ENTITY_RANKING,,,NOT_APPLICABLE_GLOBAL_BASELINE,HF9g-P5,,,,X 全窗基线 · 不参与实体赏罚,8394067,840,A168_HF9F_20260827_0900,2026-08-27 09:00:00
2026-06-10,147882853,2239,0,12.8577673773,-12.8577673773,-12.8577673773,0E-7,1,1,0.49324550000000000,0.493245500000,-0.9865810262130424,-0.9865810262130424,-0.9865810262130424,0E-17,ELIGIBLE,R03b_20260811_FULL_v1,L1_ELIGIBILITY,v2026-08-11,2026-03-21..2026-08-06,baccarat_bet02_101_all_pairs_incl_sentinel,round_win = game_pnl > 0 (decisive only),COMPATIBILITY_ONLY_NOT_PRODUCTION,2021.4298,1893.9782,482.5524,72,62,-0.23871833,-0.09322917,-0.24237575,-0.23871833,-482.5524,2021.4298,OK,0.0000,19.3021,4.0000,96.0000,AG03-UNRESOLVED,ALL5_LEVELS_bet23_to_bet27,19.3021,24.1276,24.1276,24.1276,24.1276,4.000000,5.000000,5.000000,5.000000,5.000000,96.000000,95.000000,95.000000,95.000000,95.000000,5.0,115.8126,105.2321,366.7398,377.3202,PENDING_AG03,FALSE,NOT_FOR_ENFORCEMENT,463.2503,1818.2190,482.5524,463.2503,19.3021,0.23871833,0.22916960,19.3021,463.2503,0.22916960,19.3021,24.1276,24.1276,24.1276,24.1276,463.2503,0.22916960,115.8126,105.2321,366.7398,377.3202,0.18142593,0.18666007,0.00954873,28.0754,30.5480,7.7831,40.2127,9.4618,168.4525,5.1667,5.5078,31.2994,5.1994,10.3783,40.1559,77.1466,101.1677,179.8973,7.8995,-4.3788,9.748011,17.334006,2.705207,25,36,9,5,0.02452231,0.23871833,0.09322917,0E-8,0.000000,0.936950,0.000000,0.14914658,2026-03-28,2026-07-23,12,51,51,118,0.101695,0.175971,0.196178,0.081741,,,,,,,,GLOBAL_BASELINE_NO_ENTITY_RANKING,,,NOT_APPLICABLE_GLOBAL_BASELINE,HF9g-P5,,,,X 全窗基线 · 不参与实体赏罚,8394068,840,A168_HF9F_20260827_0900,2026-08-27 09:00:00
2026-06-10,147882853,2266,0,12.8577673773,-12.8577673773,-12.8577673773,0E-7,1,1,0.50665070000000000,0.506650700000,-1.013391052207602,-1.013391052207602,-1.013391052207602,0E-17,ELIGIBLE,R03b_20260811_FULL_v1,L1_ELIGIBILITY,v2026-08-11,2026-03-21..2026-08-06,baccarat_bet02_101_all_pairs_incl_sentinel,round_win = game_pnl > 0 (decisive only),COMPATIBILITY_ONLY_NOT_PRODUCTION,2021.4298,1893.9782,482.5524,72,62,-0.23871833,-0.09322917,-0.24237575,-0.23871833,-482.5524,2021.4298,OK,0.0000,19.3021,4.0000,96.0000,AG03-UNRESOLVED,ALL5_LEVELS_bet23_to_bet27,19.3021,24.1276,24.1276,24.1276,24.1276,4.000000,5.000000,5.000000,5.000000,5.000000,96.000000,95.000000,95.000000,95.000000,95.000000,5.0,115.8126,105.2321,366.7398,377.3202,PENDING_AG03,FALSE,NOT_FOR_ENFORCEMENT,463.2503,1818.2190,482.5524,463.2503,19.3021,0.23871833,0.22916960,19.3021,463.2503,0.22916960,19.3021,24.1276,24.1276,24.1276,24.1276,463.2503,0.22916960,115.8126,105.2321,366.7398,377.3202,0.18142593,0.18666007,0.00954873,28.0754,30.5480,7.7831,40.2127,9.4618,168.4525,5.1667,5.5078,31.2994,5.1994,10.3783,40.1559,77.1466,101.1677,179.8973,7.8995,-4.3788,9.748011,17.334006,2.705207,25,36,9,5,0.02452231,0.23871833,0.09322917,0E-8,0.000000,0.936950,0.000000,0.14914658,2026-03-28,2026-07-23,12,51,51,118,0.101695,0.175971,0.196178,0.081741,,,,,,,,GLOBAL_BASELINE_NO_ENTITY_RANKING,,,NOT_APPLICABLE_GLOBAL_BASELINE,HF9g-P5,,,,X 全窗基线 · 不参与实体赏罚,8394069,840,A168_HF9F_20260827_0900,2026-08-27 09:00:00
2026-07-23,147882853,-1,1,5.1635556244,-5.1635556244,-5.1635556244,0E-7,1,1,0.49324550000000000,0.493245500000,-0.9865810262130424,-0.9865810262130424,-0.9865810262130424,0E-17,SENTINEL_DEALER,R03b_20260811_FULL_v1,L1_ELIGIBILITY,v2026-08-11,2026-03-21..2026-08-06,baccarat_bet02_101_all_pairs_incl_sentinel,round_win = game_pnl > 0 (decisive only),COMPATIBILITY_ONLY_NOT_PRODUCTION,2021.4298,1893.9782,482.5524,72,62,-0.23871833,-0.09322917,-0.24237575,-0.23871833,-482.5524,2021.4298,OK,0.0000,19.3021,4.0000,96.0000,AG03-UNRESOLVED,ALL5_LEVELS_bet23_to_bet27,19.3021,24.1276,24.1276,24.1276,24.1276,4.000000,5.000000,5.000000,5.000000,5.000000,96.000000,95.000000,95.000000,95.000000,95.000000,5.0,115.8126,105.2321,366.7398,377.3202,PENDING_AG03,FALSE,NOT_FOR_ENFORCEMENT,463.2503,1818.2190,482.5524,463.2503,19.3021,0.23871833,0.22916960,19.3021,463.2503,0.22916960,19.3021,24.1276,24.1276,24.1276,24.1276,463.2503,0.22916960,115.8126,105.2321,366.7398,377.3202,0.18142593,0.18666007,0.00954873,28.0754,30.5480,7.7831,40.2127,9.4618,168.4525,5.1667,5.5078,31.2994,5.1994,10.3783,40.1559,77.1466,101.1677,179.8973,7.8995,-4.3788,9.748011,17.334006,2.705207,25,36,9,5,0.02452231,0.23871833,0.09322917,0E-8,0.000000,0.936950,0.000000,0.14914658,2026-03-28,2026-07-23,12,51,51,118,0.101695,0.175971,0.196178,0.081741,,,,,,,,GLOBAL_BASELINE_NO_ENTITY_RANKING,,,NOT_APPLICABLE_GLOBAL_BASELINE,HF9g-P5,,,,X 全窗基线 · 不参与实体赏罚,8394070,840,A168_HF9F_20260827_0900,2026-08-27 09:00:00
2026-07-23,147882853,1115,0,23.2360003098,2.3236000310,2.3236000310,0.6666667,4,4,0.49994810000000000,0.499948100000,0.5775300591747329,0.5775300591747329,0.5775300591747329,0E-17,ELIGIBLE,R03b_20260811_FULL_v1,L1_ELIGIBILITY,v2026-08-11,2026-03-21..2026-08-06,baccarat_bet02_101_all_pairs_incl_sentinel,round_win = game_pnl > 0 (decisive only),COMPATIBILITY_ONLY_NOT_PRODUCTION,2021.4298,1893.9782,482.5524,72,62,-0.23871833,-0.09322917,-0.24237575,-0.23871833,-482.5524,2021.4298,OK,0.0000,19.3021,4.0000,96.0000,AG03-UNRESOLVED,ALL5_LEVELS_bet23_to_bet27,19.3021,24.1276,24.1276,24.1276,24.1276,4.000000,5.000000,5.000000,5.000000,5.000000,96.000000,95.000000,95.000000,95.000000,95.000000,5.0,115.8126,105.2321,366.7398,377.3202,PENDING_AG03,FALSE,NOT_FOR_ENFORCEMENT,463.2503,1818.2190,482.5524,463.2503,19.3021,0.23871833,0.22916960,19.3021,463.2503,0.22916960,19.3021,24.1276,24.1276,24.1276,24.1276,463.2503,0.22916960,115.8126,105.2321,366.7398,377.3202,0.18142593,0.18666007,0.00954873,28.0754,30.5480,7.7831,40.2127,9.4618,168.4525,5.1667,5.5078,31.2994,5.1994,10.3783,40.1559,77.1466,101.1677,179.8973,7.8995,-4.3788,9.748011,17.334006,2.705207,25,36,9,5,0.02452231,0.23871833,0.09322917,0E-8,0.000000,0.936950,0.000000,0.14914658,2026-03-28,2026-07-23,12,51,51,118,0.101695,0.175971,0.196178,0.081741,,,,,,,,GLOBAL_BASELINE_NO_ENTITY_RANKING,,,NOT_APPLICABLE_GLOBAL_BASELINE,HF9g-P5,,,,X 全窗基线 · 不参与实体赏罚,8394071,840,A168_HF9F_20260827_0900,2026-08-27 09:00:00
2026-07-23,147882853,1157,0,4.6472000620,4.4148400589,4.4148400589,1.0000000,1,1,0.50665070000000000,0.506650700000,0.9867858985152569,0.9867858985152569,0.9867858985152569,0E-17,ELIGIBLE,R03b_20260811_FULL_v1,L1_ELIGIBILITY,v2026-08-11,2026-03-21..2026-08-06,baccarat_bet02_101_all_pairs_incl_sentinel,round_win = game_pnl > 0 (decisive only),COMPATIBILITY_ONLY_NOT_PRODUCTION,2021.4298,1893.9782,482.5524,72,62,-0.23871833,-0.09322917,-0.24237575,-0.23871833,-482.5524,2021.4298,OK,0.0000,19.3021,4.0000,96.0000,AG03-UNRESOLVED,ALL5_LEVELS_bet23_to_bet27,19.3021,24.1276,24.1276,24.1276,24.1276,4.000000,5.000000,5.000000,5.000000,5.000000,96.000000,95.000000,95.000000,95.000000,95.000000,5.0,115.8126,105.2321,366.7398,377.3202,PENDING_AG03,FALSE,NOT_FOR_ENFORCEMENT,463.2503,1818.2190,482.5524,463.2503,19.3021,0.23871833,0.22916960,19.3021,463.2503,0.22916960,19.3021,24.1276,24.1276,24.1276,24.1276,463.2503,0.22916960,115.8126,105.2321,366.7398,377.3202,0.18142593,0.18666007,0.00954873,28.0754,30.5480,7.7831,40.2127,9.4618,168.4525,5.1667,5.5078,31.2994,5.1994,10.3783,40.1559,77.1466,101.1677,179.8973,7.8995,-4.3788,9.748011,17.334006,2.705207,25,36,9,5,0.02452231,0.23871833,0.09322917,0E-8,0.000000,0.936950,0.000000,0.14914658,2026-03-28,2026-07-23,12,51,51,118,0.101695,0.175971,0.196178,0.081741,,,,,,,,GLOBAL_BASELINE_NO_ENTITY_RANKING,,,NOT_APPLICABLE_GLOBAL_BASELINE,HF9g-P5,,,,X 全窗基线 · 不参与实体赏罚,8394072,840,A168_HF9F_20260827_0900,2026-08-27 09:00:00
2026-07-23,147882853,1205,0,3.6144889371,-3.6144889371,-3.6144889371,0E-7,1,1,0.50665070000000000,0.506650700000,-1.013391052207602,-1.013391052207602,-1.013391052207602,0E-17,ELIGIBLE,R03b_20260811_FULL_v1,L1_ELIGIBILITY,v2026-08-11,2026-03-21..2026-08-06,baccarat_bet02_101_all_pairs_incl_sentinel,round_win = game_pnl > 0 (decisive only),COMPATIBILITY_ONLY_NOT_PRODUCTION,2021.4298,1893.9782,482.5524,72,62,-0.23871833,-0.09322917,-0.24237575,-0.23871833,-482.5524,2021.4298,OK,0.0000,19.3021,4.0000,96.0000,AG03-UNRESOLVED,ALL5_LEVELS_bet23_to_bet27,19.3021,24.1276,24.1276,24.1276,24.1276,4.000000,5.000000,5.000000,5.000000,5.000000,96.000000,95.000000,95.000000,95.000000,95.000000,5.0,115.8126,105.2321,366.7398,377.3202,PENDING_AG03,FALSE,NOT_FOR_ENFORCEMENT,463.2503,1818.2190,482.5524,463.2503,19.3021,0.23871833,0.22916960,19.3021,463.2503,0.22916960,19.3021,24.1276,24.1276,24.1276,24.1276,463.2503,0.22916960,115.8126,105.2321,366.7398,377.3202,0.18142593,0.18666007,0.00954873,28.0754,30.5480,7.7831,40.2127,9.4618,168.4525,5.1667,5.5078,31.2994,5.1994,10.3783,40.1559,77.1466,101.1677,179.8973,7.8995,-4.3788,9.748011,17.334006,2.705207,25,36,9,5,0.02452231,0.23871833,0.09322917,0E-8,0.000000,0.936950,0.000000,0.14914658,2026-03-28,2026-07-23,12,51,51,118,0.101695,0.175971,0.196178,0.081741,,,,,,,,GLOBAL_BASELINE_NO_ENTITY_RANKING,,,NOT_APPLICABLE_GLOBAL_BASELINE,HF9g-P5,,,,X 全窗基线 · 不参与实体赏罚,8394073,840,A168_HF9F_20260827_0900,2026-08-27 09:00:00
2026-07-23,147882853,2088,0,5.1635556244,5.1635556244,5.1635556244,1.0000000,1,1,0.49324550000000000,0.493245500000,1.01360149184955,1.01360149184955,1.01360149184955,0E-17,ELIGIBLE,R03b_20260811_FULL_v1,L1_ELIGIBILITY,v2026-08-11,2026-03-21..2026-08-06,baccarat_bet02_101_all_pairs_incl_sentinel,round_win = game_pnl > 0 (decisive only),COMPATIBILITY_ONLY_NOT_PRODUCTION,2021.4298,1893.9782,482.5524,72,62,-0.23871833,-0.09322917,-0.24237575,-0.23871833,-482.5524,2021.4298,OK,0.0000,19.3021,4.0000,96.0000,AG03-UNRESOLVED,ALL5_LEVELS_bet23_to_bet27,19.3021,24.1276,24.1276,24.1276,24.1276,4.000000,5.000000,5.000000,5.000000,5.000000,96.000000,95.000000,95.000000,95.000000,95.000000,5.0,115.8126,105.2321,366.7398,377.3202,PENDING_AG03,FALSE,NOT_FOR_ENFORCEMENT,463.2503,1818.2190,482.5524,463.2503,19.3021,0.23871833,0.22916960,19.3021,463.2503,0.22916960,19.3021,24.1276,24.1276,24.1276,24.1276,463.2503,0.22916960,115.8126,105.2321,366.7398,377.3202,0.18142593,0.18666007,0.00954873,28.0754,30.5480,7.7831,40.2127,9.4618,168.4525,5.1667,5.5078,31.2994,5.1994,10.3783,40.1559,77.1466,101.1677,179.8973,7.8995,-4.3788,9.748011,17.334006,2.705207,25,36,9,5,0.02452231,0.23871833,0.09322917,0E-8,0.000000,0.936950,0.000000,0.14914658,2026-03-28,2026-07-23,12,51,51,118,0.101695,0.175971,0.196178,0.081741,,,,,,,,GLOBAL_BASELINE_NO_ENTITY_RANKING,,,NOT_APPLICABLE_GLOBAL_BASELINE,HF9g-P5,,,,X 全窗基线 · 不参与实体赏罚,8394074,840,A168_HF9F_20260827_0900,2026-08-27 09:00:00
2026-07-23,147882853,2250,0,7.7453334366,-7.7453334366,-7.7453334366,0E-7,1,1,0.49324550000000000,0.493245500000,-0.9865810262130424,-0.9865810262130424,-0.9865810262130424,0E-17,ELIGIBLE,R03b_20260811_FULL_v1,L1_ELIGIBILITY,v2026-08-11,2026-03-21..2026-08-06,baccarat_bet02_101_all_pairs_incl_sentinel,round_win = game_pnl > 0 (decisive only),COMPATIBILITY_ONLY_NOT_PRODUCTION,2021.4298,1893.9782,482.5524,72,62,-0.23871833,-0.09322917,-0.24237575,-0.23871833,-482.5524,2021.4298,OK,0.0000,19.3021,4.0000,96.0000,AG03-UNRESOLVED,ALL5_LEVELS_bet23_to_bet27,19.3021,24.1276,24.1276,24.1276,24.1276,4.000000,5.000000,5.000000,5.000000,5.000000,96.000000,95.000000,95.000000,95.000000,95.000000,5.0,115.8126,105.2321,366.7398,377.3202,PENDING_AG03,FALSE,NOT_FOR_ENFORCEMENT,463.2503,1818.2190,482.5524,463.2503,19.3021,0.23871833,0.22916960,19.3021,463.2503,0.22916960,19.3021,24.1276,24.1276,24.1276,24.1276,463.2503,0.22916960,115.8126,105.2321,366.7398,377.3202,0.18142593,0.18666007,0.00954873,28.0754,30.5480,7.7831,40.2127,9.4618,168.4525,5.1667,5.5078,31.2994,5.1994,10.3783,40.1559,77.1466,101.1677,179.8973,7.8995,-4.3788,9.748011,17.334006,2.705207,25,36,9,5,0.02452231,0.23871833,0.09322917,0E-8,0.000000,0.936950,0.000000,0.14914658,2026-03-28,2026-07-23,12,51,51,118,0.101695,0.175971,0.196178,0.081741,,,,,,,,GLOBAL_BASELINE_NO_ENTITY_RANKING,,,NOT_APPLICABLE_GLOBAL_BASELINE,HF9g-P5,,,,X 全窗基线 · 不参与实体赏罚,8394075,840,A168_HF9F_20260827_0900,2026-08-27 09:00:00
2026-04-22,149034003,1109,0,16.8658950520,-8.4329475260,-8.4329475260,0.2000000,7,5,0.42999791333333333,0.416275980000,-1.0388132998698298,-0.9810673722506392,-1.0388132998698298,0.01372193333333333,ELIGIBLE,R03b_20260811_FULL_v1,L1_ELIGIBILITY,v2026-08-11,2026-03-21..2026-08-06,baccarat_bet02_101_all_pairs_incl_sentinel,round_win = game_pnl > 0 (decisive only),COMPATIBILITY_ONLY_NOT_PRODUCTION,11322.8439,10549.9444,482.5727,3807,1868,-0.04261939,,-0.04261939,-0.04261939,-482.5727,11322.8439,OK,0.0000,19.3029,4.0000,96.0000,AG03-UNRESOLVED,ALL5_LEVELS_bet23_to_bet27,19.3029,19.3029,19.3029,19.3029,19.3029,4.000000,4.000000,4.000000,4.000000,4.000000,96.000000,96.000000,96.000000,96.000000,96.000000,5.0,96.5145,89.0961,386.0582,393.4766,PENDING_AG03,FALSE,NOT_FOR_ENFORCEMENT,463.2698,10127.9466,482.5727,463.2698,19.3029,0.04261939,0.04091462,19.3029,463.2698,0.04091462,19.3029,19.3029,19.3029,19.3029,19.3029,463.2698,0.04091462,96.5145,89.0961,386.0582,393.4766,0.03409552,0.03475069,0.00170478,2.9742,5.6477,0.2583,24.1286,2.7576,566.1422,93.4000,,2.9742,2.1006,2.1082,4.2165,6.3247,6.3247,6.3247,2.1082,-2.1006,3.0,3.0,1.41076,12,81,14,8,0E-8,0.04261939,,0E-8,0.000000,0.931740,0.014447,,2026-04-22,2026-05-17,20,175,59,26,0.769231,,,0.000000,,,,,,,,GLOBAL_BASELINE_NO_ENTITY_RANKING,,,NOT_APPLICABLE_GLOBAL_BASELINE,HF9g-P5,,,,X 全窗基线 · 不参与实体赏罚,8394076,840,A168_HF9F_20260827_0900,2026-08-27 09:00:00
2026-04-22,149034003,1151,0,12.6494212890,-6.4301224886,-6.4301224886,0E-7,6,3,0.28497968333333333,0.284979683333,-1.0934738111897857,-1.093473811188891,-1.0934738111897857,3.3333E-13,ELIGIBLE,R03b_20260811_FULL_v1,L1_ELIGIBILITY,v2026-08-11,2026-03-21..2026-08-06,baccarat_bet02_101_all_pairs_incl_sentinel,round_win = game_pnl > 0 (decisive only),COMPATIBILITY_ONLY_NOT_PRODUCTION,11322.8439,10549.9444,482.5727,3807,1868,-0.04261939,,-0.04261939,-0.04261939,-482.5727,11322.8439,OK,0.0000,19.3029,4.0000,96.0000,AG03-UNRESOLVED,ALL5_LEVELS_bet23_to_bet27,19.3029,19.3029,19.3029,19.3029,19.3029,4.000000,4.000000,4.000000,4.000000,4.000000,96.000000,96.000000,96.000000,96.000000,96.000000,5.0,96.5145,89.0961,386.0582,393.4766,PENDING_AG03,FALSE,NOT_FOR_ENFORCEMENT,463.2698,10127.9466,482.5727,463.2698,19.3029,0.04261939,0.04091462,19.3029,463.2698,0.04091462,19.3029,19.3029,19.3029,19.3029,19.3029,463.2698,0.04091462,96.5145,89.0961,386.0582,393.4766,0.03409552,0.03475069,0.00170478,2.9742,5.6477,0.2583,24.1286,2.7576,566.1422,93.4000,,2.9742,2.1006,2.1082,4.2165,6.3247,6.3247,6.3247,2.1082,-2.1006,3.0,3.0,1.41076,12,81,14,8,0E-8,0.04261939,,0E-8,0.000000,0.931740,0.014447,,2026-04-22,2026-05-17,20,175,59,26,0.769231,,,0.000000,,,,,,,,GLOBAL_BASELINE_NO_ENTITY_RANKING,,,NOT_APPLICABLE_GLOBAL_BASELINE,HF9g-P5,,,,X 全窗基线 · 不参与实体赏罚,8394077,840,A168_HF9F_20260827_0900,2026-08-27 09:00:00
2026-04-22,149034003,1384,0,8.4329475260,-4.3218856071,-4.3218856071,0.3333333,4,3,0.43357263333333333,0.433572633333,-0.3503447448684136,-0.35034474486728023,-0.3503447448684136,3.3333E-13,ELIGIBLE,R03b_20260811_FULL_v1,L1_ELIGIBILITY,v2026-08-11,2026-03-21..2026-08-06,baccarat_bet02_101_all_pairs_incl_sentinel,round_win = game_pnl > 0 (decisive only),COMPATIBILITY_ONLY_NOT_PRODUCTION,11322.8439,10549.9444,482.5727,3807,1868,-0.04261939,,-0.04261939,-0.04261939,-482.5727,11322.8439,OK,0.0000,19.3029,4.0000,96.0000,AG03-UNRESOLVED,ALL5_LEVELS_bet23_to_bet27,19.3029,19.3029,19.3029,19.3029,19.3029,4.000000,4.000000,4.000000,4.000000,4.000000,96.000000,96.000000,96.000000,96.000000,96.000000,5.0,96.5145,89.0961,386.0582,393.4766,PENDING_AG03,FALSE,NOT_FOR_ENFORCEMENT,463.2698,10127.9466,482.5727,463.2698,19.3029,0.04261939,0.04091462,19.3029,463.2698,0.04091462,19.3029,19.3029,19.3029,19.3029,19.3029,463.2698,0.04091462,96.5145,89.0961,386.0582,393.4766,0.03409552,0.03475069,0.00170478,2.9742,5.6477,0.2583,24.1286,2.7576,566.1422,93.4000,,2.9742,2.1006,2.1082,4.2165,6.3247,6.3247,6.3247,2.1082,-2.1006,3.0,3.0,1.41076,12,81,14,8,0E-8,0.04261939,,0E-8,0.000000,0.931740,0.014447,,2026-04-22,2026-05-17,20,175,59,26,0.769231,,,0.000000,,,,,,,,GLOBAL_BASELINE_NO_ENTITY_RANKING,,,NOT_APPLICABLE_GLOBAL_BASELINE,HF9g-P5,,,,X 全窗基线 · 不参与实体赏罚,8394078,840,A168_HF9F_20260827_0900,2026-08-27 09:00:00
2026-04-23,149034003,-1,1,14.7576581705,6.2192988004,6.2192988004,0.7500000,4,4,0.49659680000000000,0.496596800000,1.0136362796769356,1.0136362796769358,1.0136362796769356,0E-17,SENTINEL_DEALER,R03b_20260811_FULL_v1,L1_ELIGIBILITY,v2026-08-11,2026-03-21..2026-08-06,baccarat_bet02_101_all_pairs_incl_sentinel,round_win = game_pnl > 0 (decisive only),COMPATIBILITY_ONLY_NOT_PRODUCTION,11322.8439,10549.9444,482.5727,3807,1868,-0.04261939,,-0.04261939,-0.04261939,-482.5727,11322.8439,OK,0.0000,19.3029,4.0000,96.0000,AG03-UNRESOLVED,ALL5_LEVELS_bet23_to_bet27,19.3029,19.3029,19.3029,19.3029,19.3029,4.000000,4.000000,4.000000,4.000000,4.000000,96.000000,96.000000,96.000000,96.000000,96.000000,5.0,96.5145,89.0961,386.0582,393.4766,PENDING_AG03,FALSE,NOT_FOR_ENFORCEMENT,463.2698,10127.9466,482.5727,463.2698,19.3029,0.04261939,0.04091462,19.3029,463.2698,0.04091462,19.3029,19.3029,19.3029,19.3029,19.3029,463.2698,0.04091462,96.5145,89.0961,386.0582,393.4766,0.03409552,0.03475069,0.00170478,2.9742,5.6477,0.2583,24.1286,2.7576,566.1422,93.4000,,2.9742,2.1006,2.1082,4.2165,6.3247,6.3247,6.3247,2.1082,-2.1006,3.0,3.0,1.41076,12,81,14,8,0E-8,0.04261939,,0E-8,0.000000,0.931740,0.014447,,2026-04-22,2026-05-17,20,175,59,26,0.769231,,,0.000000,,,,,,,,GLOBAL_BASELINE_NO_ENTITY_RANKING,,,NOT_APPLICABLE_GLOBAL_BASELINE,HF9g-P5,,,,X 全窗基线 · 不参与实体赏罚,8394079,840,A168_HF9F_20260827_0900,2026-08-27 09:00:00
2026-04-23,149034003,1078,0,35.8400269855,-2.5298842579,-2.5298842579,0.4000000,11,5,0.36891745200000000,0.303231813333,0.14404358768337683,0.47074538053367354,0.14404358768337683,0.06568563866700000,ELIGIBLE,R03b_20260811_FULL_v1,L1_ELIGIBILITY,v2026-08-11,2026-03-21..2026-08-06,baccarat_bet02_101_all_pairs_incl_sentinel,round_win = game_pnl > 0 (decisive only),COMPATIBILITY_ONLY_NOT_PRODUCTION,11322.8439,10549.9444,482.5727,3807,1868,-0.04261939,,-0.04261939,-0.04261939,-482.5727,11322.8439,OK,0.0000,19.3029,4.0000,96.0000,AG03-UNRESOLVED,ALL5_LEVELS_bet23_to_bet27,19.3029,19.3029,19.3029,19.3029,19.3029,4.000000,4.000000,4.000000,4.000000,4.000000,96.000000,96.000000,96.000000,96.000000,96.000000,5.0,96.5145,89.0961,386.0582,393.4766,PENDING_AG03,FALSE,NOT_FOR_ENFORCEMENT,463.2698,10127.9466,482.5727,463.2698,19.3029,0.04261939,0.04091462,19.3029,463.2698,0.04091462,19.3029,19.3029,19.3029,19.3029,19.3029,463.2698,0.04091462,96.5145,89.0961,386.0582,393.4766,0.03409552,0.03475069,0.00170478,2.9742,5.6477,0.2583,24.1286,2.7576,566.1422,93.4000,,2.9742,2.1006,2.1082,4.2165,6.3247,6.3247,6.3247,2.1082,-2.1006,3.0,3.0,1.41076,12,81,14,8,0E-8,0.04261939,,0E-8,0.000000,0.931740,0.014447,,2026-04-22,2026-05-17,20,175,59,26,0.769231,,,0.000000,,,,,,,,GLOBAL_BASELINE_NO_ENTITY_RANKING,,,NOT_APPLICABLE_GLOBAL_BASELINE,HF9g-P5,,,,X 全窗基线 · 不参与实体赏罚,8394080,840,A168_HF9F_20260827_0900,2026-08-27 09:00:00
2026-04-23,149034003,1109,0,75.8965277340,-17.6037779607,-17.6037779607,0.3125000,23,18,0.43111584444444444,0.431115844444,-0.9580623754451435,-0.9580623754416734,-0.9580623754451435,4.4444E-13,ELIGIBLE,R03b_20260811_FULL_v1,L1_ELIGIBILITY,v2026-08-11,2026-03-21..2026-08-06,baccarat_bet02_101_all_pairs_incl_sentinel,round_win = game_pnl > 0 (decisive only),COMPATIBILITY_ONLY_NOT_PRODUCTION,11322.8439,10549.9444,482.5727,3807,1868,-0.04261939,,-0.04261939,-0.04261939,-482.5727,11322.8439,OK,0.0000,19.3029,4.0000,96.0000,AG03-UNRESOLVED,ALL5_LEVELS_bet23_to_bet27,19.3029,19.3029,19.3029,19.3029,19.3029,4.000000,4.000000,4.000000,4.000000,4.000000,96.000000,96.000000,96.000000,96.000000,96.000000,5.0,96.5145,89.0961,386.0582,393.4766,PENDING_AG03,FALSE,NOT_FOR_ENFORCEMENT,463.2698,10127.9466,482.5727,463.2698,19.3029,0.04261939,0.04091462,19.3029,463.2698,0.04091462,19.3029,19.3029,19.3029,19.3029,19.3029,463.2698,0.04091462,96.5145,89.0961,386.0582,393.4766,0.03409552,0.03475069,0.00170478,2.9742,5.6477,0.2583,24.1286,2.7576,566.1422,93.4000,,2.9742,2.1006,2.1082,4.2165,6.3247,6.3247,6.3247,2.1082,-2.1006,3.0,3.0,1.41076,12,81,14,8,0E-8,0.04261939,,0E-8,0.000000,0.931740,0.014447,,2026-04-22,2026-05-17,20,175,59,26,0.769231,,,0.000000,,,,,,,,GLOBAL_BASELINE_NO_ENTITY_RANKING,,,NOT_APPLICABLE_GLOBAL_BASELINE,HF9g-P5,,,,X 全窗基线 · 不参与实体赏罚,8394081,840,A168_HF9F_20260827_0900,2026-08-27 09:00:00
2026-04-23,149034003,1151,0,137.8786920499,-51.7572154407,-51.7572154407,0.1500000,51,22,0.34984697812710523,0.299311642424,-1.8739833473522456,-1.4580902797923188,-1.8739833473522456,0.05053533570310523,ELIGIBLE,R03b_20260811_FULL_v1,L1_ELIGIBILITY,v2026-08-11,2026-03-21..2026-08-06,baccarat_bet02_101_all_pairs_incl_sentinel,round_win = game_pnl > 0 (decisive only),COMPATIBILITY_ONLY_NOT_PRODUCTION,11322.8439,10549.9444,482.5727,3807,1868,-0.04261939,,-0.04261939,-0.04261939,-482.5727,11322.8439,OK,0.0000,19.3029,4.0000,96.0000,AG03-UNRESOLVED,ALL5_LEVELS_bet23_to_bet27,19.3029,19.3029,19.3029,19.3029,19.3029,4.000000,4.000000,4.000000,4.000000,4.000000,96.000000,96.000000,96.000000,96.000000,96.000000,5.0,96.5145,89.0961,386.0582,393.4766,PENDING_AG03,FALSE,NOT_FOR_ENFORCEMENT,463.2698,10127.9466,482.5727,463.2698,19.3029,0.04261939,0.04091462,19.3029,463.2698,0.04091462,19.3029,19.3029,19.3029,19.3029,19.3029,463.2698,0.04091462,96.5145,89.0961,386.0582,393.4766,0.03409552,0.03475069,0.00170478,2.9742,5.6477,0.2583,24.1286,2.7576,566.1422,93.4000,,2.9742,2.1006,2.1082,4.2165,6.3247,6.3247,6.3247,2.1082,-2.1006,3.0,3.0,1.41076,12,81,14,8,0E-8,0.04261939,,0E-8,0.000000,0.931740,0.014447,,2026-04-22,2026-05-17,20,175,59,26,0.769231,,,0.000000,,,,,,,,GLOBAL_BASELINE_NO_ENTITY_RANKING,,,NOT_APPLICABLE_GLOBAL_BASELINE,HF9g-P5,,,,X 全窗基线 · 不参与实体赏罚,8394082,840,A168_HF9F_20260827_0900,2026-08-27 09:00:00
2026-04-23,149034003,1299,0,78.4264119917,12.0169502246,12.0169502246,0.3571429,30,14,0.31594132469316500,0.274297607143,0.3316099036464217,0.6947704578200818,0.3316099036464217,0.04164371755016500,ELIGIBLE,R03b_20260811_FULL_v1,L1_ELIGIBILITY,v2026-08-11,2026-03-21..2026-08-06,baccarat_bet02_101_all_pairs_incl_sentinel,round_win = game_pnl > 0 (decisive only),COMPATIBILITY_ONLY_NOT_PRODUCTION,11322.8439,10549.9444,482.5727,3807,1868,-0.04261939,,-0.04261939,-0.04261939,-482.5727,11322.8439,OK,0.0000,19.3029,4.0000,96.0000,AG03-UNRESOLVED,ALL5_LEVELS_bet23_to_bet27,19.3029,19.3029,19.3029,19.3029,19.3029,4.000000,4.000000,4.000000,4.000000,4.000000,96.000000,96.000000,96.000000,96.000000,96.000000,5.0,96.5145,89.0961,386.0582,393.4766,PENDING_AG03,FALSE,NOT_FOR_ENFORCEMENT,463.2698,10127.9466,482.5727,463.2698,19.3029,0.04261939,0.04091462,19.3029,463.2698,0.04091462,19.3029,19.3029,19.3029,19.3029,19.3029,463.2698,0.04091462,96.5145,89.0961,386.0582,393.4766,0.03409552,0.03475069,0.00170478,2.9742,5.6477,0.2583,24.1286,2.7576,566.1422,93.4000,,2.9742,2.1006,2.1082,4.2165,6.3247,6.3247,6.3247,2.1082,-2.1006,3.0,3.0,1.41076,12,81,14,8,0E-8,0.04261939,,0E-8,0.000000,0.931740,0.014447,,2026-04-22,2026-05-17,20,175,59,26,0.769231,,,0.000000,,,,,,,,GLOBAL_BASELINE_NO_ENTITY_RANKING,,,NOT_APPLICABLE_GLOBAL_BASELINE,HF9g-P5,,,,X 全窗基线 · 不参与实体赏罚,8394083,840,A168_HF9F_20260827_0900,2026-08-27 09:00:00
2026-04-23,149034003,1323,0,59.2414563701,-26.0367254866,-26.0367254866,0.3333333,20,9,0.34489877322608384,0.268175059259,-0.07299336403974853,0.4412432056285202,-0.07299336403974853,0.07672371396708384,ELIGIBLE,R03b_20260811_FULL_v1,L1_ELIGIBILITY,v2026-08-11,2026-03-21..2026-08-06,baccarat_bet02_101_all_pairs_incl_sentinel,round_win = game_pnl > 0 (decisive only),COMPATIBILITY_ONLY_NOT_PRODUCTION,11322.8439,10549.9444,482.5727,3807,1868,-0.04261939,,-0.04261939,-0.04261939,-482.5727,11322.8439,OK,0.0000,19.3029,4.0000,96.0000,AG03-UNRESOLVED,ALL5_LEVELS_bet23_to_bet27,19.3029,19.3029,19.3029,19.3029,19.3029,4.000000,4.000000,4.000000,4.000000,4.000000,96.000000,96.000000,96.000000,96.000000,96.000000,5.0,96.5145,89.0961,386.0582,393.4766,PENDING_AG03,FALSE,NOT_FOR_ENFORCEMENT,463.2698,10127.9466,482.5727,463.2698,19.3029,0.04261939,0.04091462,19.3029,463.2698,0.04091462,19.3029,19.3029,19.3029,19.3029,19.3029,463.2698,0.04091462,96.5145,89.0961,386.0582,393.4766,0.03409552,0.03475069,0.00170478,2.9742,5.6477,0.2583,24.1286,2.7576,566.1422,93.4000,,2.9742,2.1006,2.1082,4.2165,6.3247,6.3247,6.3247,2.1082,-2.1006,3.0,3.0,1.41076,12,81,14,8,0E-8,0.04261939,,0E-8,0.000000,0.931740,0.014447,,2026-04-22,2026-05-17,20,175,59,26,0.769231,,,0.000000,,,,,,,,GLOBAL_BASELINE_NO_ENTITY_RANKING,,,NOT_APPLICABLE_GLOBAL_BASELINE,HF9g-P5,,,,X 全窗基线 · 不参与实体赏罚,8394084,840,A168_HF9F_20260827_0900,2026-08-27 09:00:00
2026-04-23,149034003,1330,0,174.9836611645,23.8230767606,23.8230767606,0.5428571,50,42,0.45920560714285714,0.454222759524,0.9930892009574166,1.0531593635212073,0.9930892009574166,0.00498284761885714,ELIGIBLE,R03b_20260811_FULL_v1,L1_ELIGIBILITY,v2026-08-11,2026-03-21..2026-08-06,baccarat_bet02_101_all_pairs_incl_sentinel,round_win = game_pnl > 0 (decisive only),COMPATIBILITY_ONLY_NOT_PRODUCTION,11322.8439,10549.9444,482.5727,3807,1868,-0.04261939,,-0.04261939,-0.04261939,-482.5727,11322.8439,OK,0.0000,19.3029,4.0000,96.0000,AG03-UNRESOLVED,ALL5_LEVELS_bet23_to_bet27,19.3029,19.3029,19.3029,19.3029,19.3029,4.000000,4.000000,4.000000,4.000000,4.000000,96.000000,96.000000,96.000000,96.000000,96.000000,5.0,96.5145,89.0961,386.0582,393.4766,PENDING_AG03,FALSE,NOT_FOR_ENFORCEMENT,463.2698,10127.9466,482.5727,463.2698,19.3029,0.04261939,0.04091462,19.3029,463.2698,0.04091462,19.3029,19.3029,19.3029,19.3029,19.3029,463.2698,0.04091462,96.5145,89.0961,386.0582,393.4766,0.03409552,0.03475069,0.00170478,2.9742,5.6477,0.2583,24.1286,2.7576,566.1422,93.4000,,2.9742,2.1006,2.1082,4.2165,6.3247,6.3247,6.3247,2.1082,-2.1006,3.0,3.0,1.41076,12,81,14,8,0E-8,0.04261939,,0E-8,0.000000,0.931740,0.014447,,2026-04-22,2026-05-17,20,175,59,26,0.769231,,,0.000000,,,,,,,,GLOBAL_BASELINE_NO_ENTITY_RANKING,,,NOT_APPLICABLE_GLOBAL_BASELINE,HF9g-P5,,,,X 全窗基线 · 不参与实体赏罚,8394085,840,A168_HF9F_20260827_0900,2026-08-27 09:00:00
2026-04-23,149034003,1331,0,65.3553433265,22.2418990999,22.2418990999,0.5000000,17,6,0.34966458777777778,0.224814119444,0.7722223922333217,1.6146821844910502,0.7722223922333217,0.12485046833377778,ELIGIBLE,R03b_20260811_FULL_v1,L1_ELIGIBILITY,v2026-08-11,2026-03-21..2026-08-06,baccarat_bet02_101_all_pairs_incl_sentinel,round_win = game_pnl > 0 (decisive only),COMPATIBILITY_ONLY_NOT_PRODUCTION,11322.8439,10549.9444,482.5727,3807,1868,-0.04261939,,-0.04261939,-0.04261939,-482.5727,11322.8439,OK,0.0000,19.3029,4.0000,96.0000,AG03-UNRESOLVED,ALL5_LEVELS_bet23_to_bet27,19.3029,19.3029,19.3029,19.3029,19.3029,4.000000,4.000000,4.000000,4.000000,4.000000,96.000000,96.000000,96.000000,96.000000,96.000000,5.0,96.5145,89.0961,386.0582,393.4766,PENDING_AG03,FALSE,NOT_FOR_ENFORCEMENT,463.2698,10127.9466,482.5727,463.2698,19.3029,0.04261939,0.04091462,19.3029,463.2698,0.04091462,19.3029,19.3029,19.3029,19.3029,19.3029,463.2698,0.04091462,96.5145,89.0961,386.0582,393.4766,0.03409552,0.03475069,0.00170478,2.9742,5.6477,0.2583,24.1286,2.7576,566.1422,93.4000,,2.9742,2.1006,2.1082,4.2165,6.3247,6.3247,6.3247,2.1082,-2.1006,3.0,3.0,1.41076,12,81,14,8,0E-8,0.04261939,,0E-8,0.000000,0.931740,0.014447,,2026-04-22,2026-05-17,20,175,59,26,0.769231,,,0.000000,,,,,,,,GLOBAL_BASELINE_NO_ENTITY_RANKING,,,NOT_APPLICABLE_GLOBAL_BASELINE,HF9g-P5,,,,X 全窗基线 · 不参与实体赏罚,8394086,840,A168_HF9F_20260827_0900,2026-08-27 09:00:00
2026-04-23,149034003,1383,0,180.8867244323,3.5840026989,3.5840026989,0.5294118,59,17,0.32470636190698307,0.190675052941,1.8024450678884472,3.555316975557991,1.8024450678884472,0.13403130896598307,ELIGIBLE,R03b_20260811_FULL_v1,L1_ELIGIBILITY,v2026-08-11,2026-03-21..2026-08-06,baccarat_bet02_101_all_pairs_incl_sentinel,round_win = game_pnl > 0 (decisive only),COMPATIBILITY_ONLY_NOT_PRODUCTION,11322.8439,10549.9444,482.5727,3807,1868,-0.04261939,,-0.04261939,-0.04261939,-482.5727,11322.8439,OK,0.0000,19.3029,4.0000,96.0000,AG03-UNRESOLVED,ALL5_LEVELS_bet23_to_bet27,19.3029,19.3029,19.3029,19.3029,19.3029,4.000000,4.000000,4.000000,4.000000,4.000000,96.000000,96.000000,96.000000,96.000000,96.000000,5.0,96.5145,89.0961,386.0582,393.4766,PENDING_AG03,FALSE,NOT_FOR_ENFORCEMENT,463.2698,10127.9466,482.5727,463.2698,19.3029,0.04261939,0.04091462,19.3029,463.2698,0.04091462,19.3029,19.3029,19.3029,19.3029,19.3029,463.2698,0.04091462,96.5145,89.0961,386.0582,393.4766,0.03409552,0.03475069,0.00170478,2.9742,5.6477,0.2583,24.1286,2.7576,566.1422,93.4000,,2.9742,2.1006,2.1082,4.2165,6.3247,6.3247,6.3247,2.1082,-2.1006,3.0,3.0,1.41076,12,81,14,8,0E-8,0.04261939,,0E-8,0.000000,0.931740,0.014447,,2026-04-22,2026-05-17,20,175,59,26,0.769231,,,0.000000,,,,,,,,GLOBAL_BASELINE_NO_ENTITY_RANKING,,,NOT_APPLICABLE_GLOBAL_BASELINE,HF9g-P5,,,,X 全窗基线 · 不参与实体赏罚,8394087,840,A168_HF9F_20260827_0900,2026-08-27 09:00:00
2026-04-23,149034003,1384,0,101.4061940001,72.9449960999,72.9449960999,0.5294118,40,20,0.32648007958830559,0.302470057500,1.7843118345774263,2.037117859630056,1.7843118345774263,0.02401002208830559,ELIGIBLE,R03b_20260811_FULL_v1,L1_ELIGIBILITY,v2026-08-11,2026-03-21..2026-08-06,baccarat_bet02_101_all_pairs_incl_sentinel,round_win = game_pnl > 0 (decisive only),COMPATIBILITY_ONLY_NOT_PRODUCTION,11322.8439,10549.9444,482.5727,3807,1868,-0.04261939,,-0.04261939,-0.04261939,-482.5727,11322.8439,OK,0.0000,19.3029,4.0000,96.0000,AG03-UNRESOLVED,ALL5_LEVELS_bet23_to_bet27,19.3029,19.3029,19.3029,19.3029,19.3029,4.000000,4.000000,4.000000,4.000000,4.000000,96.000000,96.000000,96.000000,96.000000,96.000000,5.0,96.5145,89.0961,386.0582,393.4766,PENDING_AG03,FALSE,NOT_FOR_ENFORCEMENT,463.2698,10127.9466,482.5727,463.2698,19.3029,0.04261939,0.04091462,19.3029,463.2698,0.04091462,19.3029,19.3029,19.3029,19.3029,19.3029,463.2698,0.04091462,96.5145,89.0961,386.0582,393.4766,0.03409552,0.03475069,0.00170478,2.9742,5.6477,0.2583,24.1286,2.7576,566.1422,93.4000,,2.9742,2.1006,2.1082,4.2165,6.3247,6.3247,6.3247,2.1082,-2.1006,3.0,3.0,1.41076,12,81,14,8,0E-8,0.04261939,,0E-8,0.000000,0.931740,0.014447,,2026-04-22,2026-05-17,20,175,59,26,0.769231,,,0.000000,,,,,,,,GLOBAL_BASELINE_NO_ENTITY_RANKING,,,NOT_APPLICABLE_GLOBAL_BASELINE,HF9g-P5,,,,X 全窗基线 · 不参与实体赏罚,8394088,840,A168_HF9F_20260827_0900,2026-08-27 09:00:00
2026-04-23,149034003,1405,0,503.8686146775,33.7317901052,33.7317901052,0.5106383,159,47,0.33096645594072403,0.195330016312,2.6176586505987705,5.452440220760468,2.6176586505987705,0.13563643962872403,ELIGIBLE,R03b_20260811_FULL_v1,L1_ELIGIBILITY,v2026-08-11,2026-03-21..2026-08-06,baccarat_bet02_101_all_pairs_incl_sentinel,round_win = game_pnl > 0 (decisive only),COMPATIBILITY_ONLY_NOT_PRODUCTION,11322.8439,10549.9444,482.5727,3807,1868,-0.04261939,,-0.04261939,-0.04261939,-482.5727,11322.8439,OK,0.0000,19.3029,4.0000,96.0000,AG03-UNRESOLVED,ALL5_LEVELS_bet23_to_bet27,19.3029,19.3029,19.3029,19.3029,19.3029,4.000000,4.000000,4.000000,4.000000,4.000000,96.000000,96.000000,96.000000,96.000000,96.000000,5.0,96.5145,89.0961,386.0582,393.4766,PENDING_AG03,FALSE,NOT_FOR_ENFORCEMENT,463.2698,10127.9466,482.5727,463.2698,19.3029,0.04261939,0.04091462,19.3029,463.2698,0.04091462,19.3029,19.3029,19.3029,19.3029,19.3029,463.2698,0.04091462,96.5145,89.0961,386.0582,393.4766,0.03409552,0.03475069,0.00170478,2.9742,5.6477,0.2583,24.1286,2.7576,566.1422,93.4000,,2.9742,2.1006,2.1082,4.2165,6.3247,6.3247,6.3247,2.1082,-2.1006,3.0,3.0,1.41076,12,81,14,8,0E-8,0.04261939,,0E-8,0.000000,0.931740,0.014447,,2026-04-22,2026-05-17,20,175,59,26,0.769231,,,0.000000,,,,,,,,GLOBAL_BASELINE_NO_ENTITY_RANKING,,,NOT_APPLICABLE_GLOBAL_BASELINE,HF9g-P5,,,,X 全窗基线 · 不参与实体赏罚,8394089,840,A168_HF9F_20260827_0900,2026-08-27 09:00:00
2026-04-23,149034003,1491,0,21.2931925031,3.6894145427,3.6894145427,1.0000000,7,2,0.32540021254972255,0.189364691667,2.0362410183899278,2.926026488522491,2.0362410183899278,0.13603552088272255,ELIGIBLE,R03b_20260811_FULL_v1,L1_ELIGIBILITY,v2026-08-11,2026-03-21..2026-08-06,baccarat_bet02_101_all_pairs_incl_sentinel,round_win = game_pnl > 0 (decisive only),COMPATIBILITY_ONLY_NOT_PRODUCTION,11322.8439,10549.9444,482.5727,3807,1868,-0.04261939,,-0.04261939,-0.04261939,-482.5727,11322.8439,OK,0.0000,19.3029,4.0000,96.0000,AG03-UNRESOLVED,ALL5_LEVELS_bet23_to_bet27,19.3029,19.3029,19.3029,19.3029,19.3029,4.000000,4.000000,4.000000,4.000000,4.000000,96.000000,96.000000,96.000000,96.000000,96.000000,5.0,96.5145,89.0961,386.0582,393.4766,PENDING_AG03,FALSE,NOT_FOR_ENFORCEMENT,463.2698,10127.9466,482.5727,463.2698,19.3029,0.04261939,0.04091462,19.3029,463.2698,0.04091462,19.3029,19.3029,19.3029,19.3029,19.3029,463.2698,0.04091462,96.5145,89.0961,386.0582,393.4766,0.03409552,0.03475069,0.00170478,2.9742,5.6477,0.2583,24.1286,2.7576,566.1422,93.4000,,2.9742,2.1006,2.1082,4.2165,6.3247,6.3247,6.3247,2.1082,-2.1006,3.0,3.0,1.41076,12,81,14,8,0E-8,0.04261939,,0E-8,0.000000,0.931740,0.014447,,2026-04-22,2026-05-17,20,175,59,26,0.769231,,,0.000000,,,,,,,,GLOBAL_BASELINE_NO_ENTITY_RANKING,,,NOT_APPLICABLE_GLOBAL_BASELINE,HF9g-P5,,,,X 全窗基线 · 不参与实体赏罚,8394090,840,A168_HF9F_20260827_0900,2026-08-27 09:00:00
2026-04-23,149034003,1623,0,33.7317901040,-33.7317901040,-33.7317901040,0E-7,9,3,0.33947844222222222,0.211640833333,-1.241718722591304,-0.8974252773328121,-1.241718722591304,0.12783760888922222,ELIGIBLE,R03b_20260811_FULL_v1,L1_ELIGIBILITY,v2026-08-11,2026-03-21..2026-08-06,baccarat_bet02_101_all_pairs_incl_sentinel,round_win = game_pnl > 0 (decisive only),COMPATIBILITY_ONLY_NOT_PRODUCTION,11322.8439,10549.9444,482.5727,3807,1868,-0.04261939,,-0.04261939,-0.04261939,-482.5727,11322.8439,OK,0.0000,19.3029,4.0000,96.0000,AG03-UNRESOLVED,ALL5_LEVELS_bet23_to_bet27,19.3029,19.3029,19.3029,19.3029,19.3029,4.000000,4.000000,4.000000,4.000000,4.000000,96.000000,96.000000,96.000000,96.000000,96.000000,5.0,96.5145,89.0961,386.0582,393.4766,PENDING_AG03,FALSE,NOT_FOR_ENFORCEMENT,463.2698,10127.9466,482.5727,463.2698,19.3029,0.04261939,0.04091462,19.3029,463.2698,0.04091462,19.3029,19.3029,19.3029,19.3029,19.3029,463.2698,0.04091462,96.5145,89.0961,386.0582,393.4766,0.03409552,0.03475069,0.00170478,2.9742,5.6477,0.2583,24.1286,2.7576,566.1422,93.4000,,2.9742,2.1006,2.1082,4.2165,6.3247,6.3247,6.3247,2.1082,-2.1006,3.0,3.0,1.41076,12,81,14,8,0E-8,0.04261939,,0E-8,0.000000,0.931740,0.014447,,2026-04-22,2026-05-17,20,175,59,26,0.769231,,,0.000000,,,,,,,,GLOBAL_BASELINE_NO_ENTITY_RANKING,,,NOT_APPLICABLE_GLOBAL_BASELINE,HF9g-P5,,,,X 全窗基线 · 不参与实体赏罚,8394091,840,A168_HF9F_20260827_0900,2026-08-27 09:00:00
2026-04-23,149034003,1646,0,69.9934644657,-32.9939071953,-32.9939071953,0.4285714,22,7,0.33075779359984146,0.210202997619,0.5500494240643944,1.4179524930265157,0.5500494240643944,0.12055479598084146,ELIGIBLE,R03b_20260811_FULL_v1,L1_ELIGIBILITY,v2026-08-11,2026-03-21..2026-08-06,baccarat_bet02_101_all_pairs_incl_sentinel,round_win = game_pnl > 0 (decisive only),COMPATIBILITY_ONLY_NOT_PRODUCTION,11322.8439,10549.9444,482.5727,3807,1868,-0.04261939,,-0.04261939,-0.04261939,-482.5727,11322.8439,OK,0.0000,19.3029,4.0000,96.0000,AG03-UNRESOLVED,ALL5_LEVELS_bet23_to_bet27,19.3029,19.3029,19.3029,19.3029,19.3029,4.000000,4.000000,4.000000,4.000000,4.000000,96.000000,96.000000,96.000000,96.000000,96.000000,5.0,96.5145,89.0961,386.0582,393.4766,PENDING_AG03,FALSE,NOT_FOR_ENFORCEMENT,463.2698,10127.9466,482.5727,463.2698,19.3029,0.04261939,0.04091462,19.3029,463.2698,0.04091462,19.3029,19.3029,19.3029,19.3029,19.3029,463.2698,0.04091462,96.5145,89.0961,386.0582,393.4766,0.03409552,0.03475069,0.00170478,2.9742,5.6477,0.2583,24.1286,2.7576,566.1422,93.4000,,2.9742,2.1006,2.1082,4.2165,6.3247,6.3247,6.3247,2.1082,-2.1006,3.0,3.0,1.41076,12,81,14,8,0E-8,0.04261939,,0E-8,0.000000,0.931740,0.014447,,2026-04-22,2026-05-17,20,175,59,26,0.769231,,,0.000000,,,,,,,,GLOBAL_BASELINE_NO_ENTITY_RANKING,,,NOT_APPLICABLE_GLOBAL_BASELINE,HF9g-P5,,,,X 全窗基线 · 不参与实体赏罚,8394092,840,A168_HF9F_20260827_0900,2026-08-27 09:00:00
2026-04-23,149034003,1654,0,33.7317901040,79.6913541205,79.6913541205,0.8000000,10,5,0.38250017200000000,0.317571166667,1.92091021128463,2.317229465786964,1.92091021128463,0.06492900533300000,ELIGIBLE,R03b_20260811_FULL_v1,L1_ELIGIBILITY,v2026-08-11,2026-03-21..2026-08-06,baccarat_bet02_101_all_pairs_incl_sentinel,round_win = game_pnl > 0 (decisive only),COMPATIBILITY_ONLY_NOT_PRODUCTION,11322.8439,10549.9444,482.5727,3807,1868,-0.04261939,,-0.04261939,-0.04261939,-482.5727,11322.8439,OK,0.0000,19.3029,4.0000,96.0000,AG03-UNRESOLVED,ALL5_LEVELS_bet23_to_bet27,19.3029,19.3029,19.3029,19.3029,19.3029,4.000000,4.000000,4.000000,4.000000,4.000000,96.000000,96.000000,96.000000,96.000000,96.000000,5.0,96.5145,89.0961,386.0582,393.4766,PENDING_AG03,FALSE,NOT_FOR_ENFORCEMENT,463.2698,10127.9466,482.5727,463.2698,19.3029,0.04261939,0.04091462,19.3029,463.2698,0.04091462,19.3029,19.3029,19.3029,19.3029,19.3029,463.2698,0.04091462,96.5145,89.0961,386.0582,393.4766,0.03409552,0.03475069,0.00170478,2.9742,5.6477,0.2583,24.1286,2.7576,566.1422,93.4000,,2.9742,2.1006,2.1082,4.2165,6.3247,6.3247,6.3247,2.1082,-2.1006,3.0,3.0,1.41076,12,81,14,8,0E-8,0.04261939,,0E-8,0.000000,0.931740,0.014447,,2026-04-22,2026-05-17,20,175,59,26,0.769231,,,0.000000,,,,,,,,GLOBAL_BASELINE_NO_ENTITY_RANKING,,,NOT_APPLICABLE_GLOBAL_BASELINE,HF9g-P5,,,,X 全窗基线 · 不参与实体赏罚,8394093,840,A168_HF9F_20260827_0900,2026-08-27 09:00:00
2026-04-23,149034003,1710,0,19.1849556216,18.7633082454,18.7633082454,0.5000000,7,2,0.30327447254972255,0.189364691667,0.6052390301473254,1.1212528384950784,0.6052390301473254,0.11390978088272255,ELIGIBLE,R03b_20260811_FULL_v1,L1_ELIGIBILITY,v2026-08-11,2026-03-21..2026-08-06,baccarat_bet02_101_all_pairs_incl_sentinel,round_win = game_pnl > 0 (decisive only),COMPATIBILITY_ONLY_NOT_PRODUCTION,11322.8439,10549.9444,482.5727,3807,1868,-0.04261939,,-0.04261939,-0.04261939,-482.5727,11322.8439,OK,0.0000,19.3029,4.0000,96.0000,AG03-UNRESOLVED,ALL5_LEVELS_bet23_to_bet27,19.3029,19.3029,19.3029,19.3029,19.3029,4.000000,4.000000,4.000000,4.000000,4.000000,96.000000,96.000000,96.000000,96.000000,96.000000,5.0,96.5145,89.0961,386.0582,393.4766,PENDING_AG03,FALSE,NOT_FOR_ENFORCEMENT,463.2698,10127.9466,482.5727,463.2698,19.3029,0.04261939,0.04091462,19.3029,463.2698,0.04091462,19.3029,19.3029,19.3029,19.3029,19.3029,463.2698,0.04091462,96.5145,89.0961,386.0582,393.4766,0.03409552,0.03475069,0.00170478,2.9742,5.6477,0.2583,24.1286,2.7576,566.1422,93.4000,,2.9742,2.1006,2.1082,4.2165,6.3247,6.3247,6.3247,2.1082,-2.1006,3.0,3.0,1.41076,12,81,14,8,0E-8,0.04261939,,0E-8,0.000000,0.931740,0.014447,,2026-04-22,2026-05-17,20,175,59,26,0.769231,,,0.000000,,,,,,,,GLOBAL_BASELINE_NO_ENTITY_RANKING,,,NOT_APPLICABLE_GLOBAL_BASELINE,HF9g-P5,,,,X 全窗基线 · 不参与实体赏罚,8394094,840,A168_HF9F_20260827_0900,2026-08-27 09:00:00
2026-04-23,149034003,1750,0,70.4151118419,-49.8598022473,-49.8598022473,0.2857143,23,7,0.35411061314584741,0.228326652381,-0.3783844295036859,0.36171979816648,-0.3783844295036859,0.12578396076484741,ELIGIBLE,R03b_20260811_FULL_v1,L1_ELIGIBILITY,v2026-08-11,2026-03-21..2026-08-06,baccarat_bet02_101_all_pairs_incl_sentinel,round_win = game_pnl > 0 (decisive only),COMPATIBILITY_ONLY_NOT_PRODUCTION,11322.8439,10549.9444,482.5727,3807,1868,-0.04261939,,-0.04261939,-0.04261939,-482.5727,11322.8439,OK,0.0000,19.3029,4.0000,96.0000,AG03-UNRESOLVED,ALL5_LEVELS_bet23_to_bet27,19.3029,19.3029,19.3029,19.3029,19.3029,4.000000,4.000000,4.000000,4.000000,4.000000,96.000000,96.000000,96.000000,96.000000,96.000000,5.0,96.5145,89.0961,386.0582,393.4766,PENDING_AG03,FALSE,NOT_FOR_ENFORCEMENT,463.2698,10127.9466,482.5727,463.2698,19.3029,0.04261939,0.04091462,19.3029,463.2698,0.04091462,19.3029,19.3029,19.3029,19.3029,19.3029,463.2698,0.04091462,96.5145,89.0961,386.0582,393.4766,0.03409552,0.03475069,0.00170478,2.9742,5.6477,0.2583,24.1286,2.7576,566.1422,93.4000,,2.9742,2.1006,2.1082,4.2165,6.3247,6.3247,6.3247,2.1082,-2.1006,3.0,3.0,1.41076,12,81,14,8,0E-8,0.04261939,,0E-8,0.000000,0.931740,0.014447,,2026-04-22,2026-05-17,20,175,59,26,0.769231,,,0.000000,,,,,,,,GLOBAL_BASELINE_NO_ENTITY_RANKING,,,NOT_APPLICABLE_GLOBAL_BASELINE,HF9g-P5,,,,X 全窗基线 · 不参与实体赏罚,8394095,840,A168_HF9F_20260827_0900,2026-08-27 09:00:00
2026-04-23,149034003,1941,0,526.0051019335,6.6409461777,6.6409461777,0.5714286,155,49,0.34155410012247165,0.213343043265,3.3931181560592187,6.118611418383628,3.3931181560592187,0.12821105685747165,ELIGIBLE,R03b_20260811_FULL_v1,L1_ELIGIBILITY,v2026-08-11,2026-03-21..2026-08-06,baccarat_bet02_101_all_pairs_incl_sentinel,round_win = game_pnl > 0 (decisive only),COMPATIBILITY_ONLY_NOT_PRODUCTION,11322.8439,10549.9444,482.5727,3807,1868,-0.04261939,,-0.04261939,-0.04261939,-482.5727,11322.8439,OK,0.0000,19.3029,4.0000,96.0000,AG03-UNRESOLVED,ALL5_LEVELS_bet23_to_bet27,19.3029,19.3029,19.3029,19.3029,19.3029,4.000000,4.000000,4.000000,4.000000,4.000000,96.000000,96.000000,96.000000,96.000000,96.000000,5.0,96.5145,89.0961,386.0582,393.4766,PENDING_AG03,FALSE,NOT_FOR_ENFORCEMENT,463.2698,10127.9466,482.5727,463.2698,19.3029,0.04261939,0.04091462,19.3029,463.2698,0.04091462,19.3029,19.3029,19.3029,19.3029,19.3029,463.2698,0.04091462,96.5145,89.0961,386.0582,393.4766,0.03409552,0.03475069,0.00170478,2.9742,5.6477,0.2583,24.1286,2.7576,566.1422,93.4000,,2.9742,2.1006,2.1082,4.2165,6.3247,6.3247,6.3247,2.1082,-2.1006,3.0,3.0,1.41076,12,81,14,8,0E-8,0.04261939,,0E-8,0.000000,0.931740,0.014447,,2026-04-22,2026-05-17,20,175,59,26,0.769231,,,0.000000,,,,,,,,GLOBAL_BASELINE_NO_ENTITY_RANKING,,,NOT_APPLICABLE_GLOBAL_BASELINE,HF9g-P5,,,,X 全窗基线 · 不参与实体赏罚,8394096,840,A168_HF9F_20260827_0900,2026-08-27 09:00:00
2026-04-23,149034003,1942,0,29.5153163410,-29.5153163410,-29.5153163410,0E-7,4,2,0.40446021515151516,0.283965900000,-1.1654603747810006,-0.8905970261819115,-1.1654603747810006,0.12049431515151516,ELIGIBLE,R03b_20260811_FULL_v1,L1_ELIGIBILITY,v2026-08-11,2026-03-21..2026-08-06,baccarat_bet02_101_all_pairs_incl_sentinel,round_win = game_pnl > 0 (decisive only),COMPATIBILITY_ONLY_NOT_PRODUCTION,11322.8439,10549.9444,482.5727,3807,1868,-0.04261939,,-0.04261939,-0.04261939,-482.5727,11322.8439,OK,0.0000,19.3029,4.0000,96.0000,AG03-UNRESOLVED,ALL5_LEVELS_bet23_to_bet27,19.3029,19.3029,19.3029,19.3029,19.3029,4.000000,4.000000,4.000000,4.000000,4.000000,96.000000,96.000000,96.000000,96.000000,96.000000,5.0,96.5145,89.0961,386.0582,393.4766,PENDING_AG03,FALSE,NOT_FOR_ENFORCEMENT,463.2698,10127.9466,482.5727,463.2698,19.3029,0.04261939,0.04091462,19.3029,463.2698,0.04091462,19.3029,19.3029,19.3029,19.3029,19.3029,463.2698,0.04091462,96.5145,89.0961,386.0582,393.4766,0.03409552,0.03475069,0.00170478,2.9742,5.6477,0.2583,24.1286,2.7576,566.1422,93.4000,,2.9742,2.1006,2.1082,4.2165,6.3247,6.3247,6.3247,2.1082,-2.1006,3.0,3.0,1.41076,12,81,14,8,0E-8,0.04261939,,0E-8,0.000000,0.931740,0.014447,,2026-04-22,2026-05-17,20,175,59,26,0.769231,,,0.000000,,,,,,,,GLOBAL_BASELINE_NO_ENTITY_RANKING,,,NOT_APPLICABLE_GLOBAL_BASELINE,HF9g-P5,,,,X 全窗基线 · 不参与实体赏罚,8394097,840,A168_HF9F_20260827_0900,2026-08-27 09:00:00
2026-04-23,149034003,1951,0,402.8840680541,13.8089515746,13.8089515746,0.5128205,125,39,0.33092963709476595,0.209039262179,2.414012360404368,4.665539537874547,2.414012360404368,0.12189037491576595,ELIGIBLE,R03b_20260811_FULL_v1,L1_ELIGIBILITY,v2026-08-11,2026-03-21..2026-08-06,baccarat_bet02_101_all_pairs_incl_sentinel,round_win = game_pnl > 0 (decisive only),COMPATIBILITY_ONLY_NOT_PRODUCTION,11322.8439,10549.9444,482.5727,3807,1868,-0.04261939,,-0.04261939,-0.04261939,-482.5727,11322.8439,OK,0.0000,19.3029,4.0000,96.0000,AG03-UNRESOLVED,ALL5_LEVELS_bet23_to_bet27,19.3029,19.3029,19.3029,19.3029,19.3029,4.000000,4.000000,4.000000,4.000000,4.000000,96.000000,96.000000,96.000000,96.000000,96.000000,5.0,96.5145,89.0961,386.0582,393.4766,PENDING_AG03,FALSE,NOT_FOR_ENFORCEMENT,463.2698,10127.9466,482.5727,463.2698,19.3029,0.04261939,0.04091462,19.3029,463.2698,0.04091462,19.3029,19.3029,19.3029,19.3029,19.3029,463.2698,0.04091462,96.5145,89.0961,386.0582,393.4766,0.03409552,0.03475069,0.00170478,2.9742,5.6477,0.2583,24.1286,2.7576,566.1422,93.4000,,2.9742,2.1006,2.1082,4.2165,6.3247,6.3247,6.3247,2.1082,-2.1006,3.0,3.0,1.41076,12,81,14,8,0E-8,0.04261939,,0E-8,0.000000,0.931740,0.014447,,2026-04-22,2026-05-17,20,175,59,26,0.769231,,,0.000000,,,,,,,,GLOBAL_BASELINE_NO_ENTITY_RANKING,,,NOT_APPLICABLE_GLOBAL_BASELINE,HF9g-P5,,,,X 全窗基线 · 不参与实体赏罚,8394098,840,A168_HF9F_20260827_0900,2026-08-27 09:00:00
2026-04-23,149034003,2088,0,10.5411844075,-10.5411844075,-10.5411844075,0E-7,3,2,0.43466065000000000,0.398665625000,-1.2400395955113837,-1.1514931996934334,-1.2400395955113837,0.03599502500000000,ELIGIBLE,R03b_20260811_FULL_v1,L1_ELIGIBILITY,v2026-08-11,2026-03-21..2026-08-06,baccarat_bet02_101_all_pairs_incl_sentinel,round_win = game_pnl > 0 (decisive only),COMPATIBILITY_ONLY_NOT_PRODUCTION,11322.8439,10549.9444,482.5727,3807,1868,-0.04261939,,-0.04261939,-0.04261939,-482.5727,11322.8439,OK,0.0000,19.3029,4.0000,96.0000,AG03-UNRESOLVED,ALL5_LEVELS_bet23_to_bet27,19.3029,19.3029,19.3029,19.3029,19.3029,4.000000,4.000000,4.000000,4.000000,4.000000,96.000000,96.000000,96.000000,96.000000,96.000000,5.0,96.5145,89.0961,386.0582,393.4766,PENDING_AG03,FALSE,NOT_FOR_ENFORCEMENT,463.2698,10127.9466,482.5727,463.2698,19.3029,0.04261939,0.04091462,19.3029,463.2698,0.04091462,19.3029,19.3029,19.3029,19.3029,19.3029,463.2698,0.04091462,96.5145,89.0961,386.0582,393.4766,0.03409552,0.03475069,0.00170478,2.9742,5.6477,0.2583,24.1286,2.7576,566.1422,93.4000,,2.9742,2.1006,2.1082,4.2165,6.3247,6.3247,6.3247,2.1082,-2.1006,3.0,3.0,1.41076,12,81,14,8,0E-8,0.04261939,,0E-8,0.000000,0.931740,0.014447,,2026-04-22,2026-05-17,20,175,59,26,0.769231,,,0.000000,,,,,,,,GLOBAL_BASELINE_NO_ENTITY_RANKING,,,NOT_APPLICABLE_GLOBAL_BASELINE,HF9g-P5,,,,X 全窗基线 · 不参与实体赏罚,8394099,840,A168_HF9F_20260827_0900,2026-08-27 09:00:00
2026-04-23,149034003,2103,0,10.7520080956,-10.7520080956,-10.7520080956,0E-7,4,1,0.32115564509944510,0.167088550000,-0.687816634283506,-0.447892643068413,-0.687816634283506,0.15406709509944510,ELIGIBLE,R03b_20260811_FULL_v1,L1_ELIGIBILITY,v2026-08-11,2026-03-21..2026-08-06,baccarat_bet02_101_all_pairs_incl_sentinel,round_win = game_pnl > 0 (decisive only),COMPATIBILITY_ONLY_NOT_PRODUCTION,11322.8439,10549.9444,482.5727,3807,1868,-0.04261939,,-0.04261939,-0.04261939,-482.5727,11322.8439,OK,0.0000,19.3029,4.0000,96.0000,AG03-UNRESOLVED,ALL5_LEVELS_bet23_to_bet27,19.3029,19.3029,19.3029,19.3029,19.3029,4.000000,4.000000,4.000000,4.000000,4.000000,96.000000,96.000000,96.000000,96.000000,96.000000,5.0,96.5145,89.0961,386.0582,393.4766,PENDING_AG03,FALSE,NOT_FOR_ENFORCEMENT,463.2698,10127.9466,482.5727,463.2698,19.3029,0.04261939,0.04091462,19.3029,463.2698,0.04091462,19.3029,19.3029,19.3029,19.3029,19.3029,463.2698,0.04091462,96.5145,89.0961,386.0582,393.4766,0.03409552,0.03475069,0.00170478,2.9742,5.6477,0.2583,24.1286,2.7576,566.1422,93.4000,,2.9742,2.1006,2.1082,4.2165,6.3247,6.3247,6.3247,2.1082,-2.1006,3.0,3.0,1.41076,12,81,14,8,0E-8,0.04261939,,0E-8,0.000000,0.931740,0.014447,,2026-04-22,2026-05-17,20,175,59,26,0.769231,,,0.000000,,,,,,,,GLOBAL_BASELINE_NO_ENTITY_RANKING,,,NOT_APPLICABLE_GLOBAL_BASELINE,HF9g-P5,,,,X 全窗基线 · 不参与实体赏罚,8394100,840,A168_HF9F_20260827_0900,2026-08-27 09:00:00
2026-04-23,149034003,2109,0,10.5411844075,-10.5411844075,-10.5411844075,0E-7,3,1,0.32964478000000000,0.211640833333,-0.7012463337882254,-0.5181287254456737,-0.7012463337882254,0.11800394666700000,ELIGIBLE,R03b_20260811_FULL_v1,L1_ELIGIBILITY,v2026-08-11,2026-03-21..2026-08-06,baccarat_bet02_101_all_pairs_incl_sentinel,round_win = game_pnl > 0 (decisive only),COMPATIBILITY_ONLY_NOT_PRODUCTION,11322.8439,10549.9444,482.5727,3807,1868,-0.04261939,,-0.04261939,-0.04261939,-482.5727,11322.8439,OK,0.0000,19.3029,4.0000,96.0000,AG03-UNRESOLVED,ALL5_LEVELS_bet23_to_bet27,19.3029,19.3029,19.3029,19.3029,19.3029,4.000000,4.000000,4.000000,4.000000,4.000000,96.000000,96.000000,96.000000,96.000000,96.000000,5.0,96.5145,89.0961,386.0582,393.4766,PENDING_AG03,FALSE,NOT_FOR_ENFORCEMENT,463.2698,10127.9466,482.5727,463.2698,19.3029,0.04261939,0.04091462,19.3029,463.2698,0.04091462,19.3029,19.3029,19.3029,19.3029,19.3029,463.2698,0.04091462,96.5145,89.0961,386.0582,393.4766,0.03409552,0.03475069,0.00170478,2.9742,5.6477,0.2583,24.1286,2.7576,566.1422,93.4000,,2.9742,2.1006,2.1082,4.2165,6.3247,6.3247,6.3247,2.1082,-2.1006,3.0,3.0,1.41076,12,81,14,8,0E-8,0.04261939,,0E-8,0.000000,0.931740,0.014447,,2026-04-22,2026-05-17,20,175,59,26,0.769231,,,0.000000,,,,,,,,GLOBAL_BASELINE_NO_ENTITY_RANKING,,,NOT_APPLICABLE_GLOBAL_BASELINE,HF9g-P5,,,,X 全窗基线 · 不参与实体赏罚,8394101,840,A168_HF9F_20260827_0900,2026-08-27 09:00:00
2026-04-23,149034003,2121,0,430.9236185784,33.8372019481,33.8372019481,0.4576271,132,62,0.37127410651179216,0.316113421909,1.3728576013929343,2.337819483425396,1.3728576013929343,0.05516068460279216,ELIGIBLE,R03b_20260811_FULL_v1,L1_ELIGIBILITY,v2026-08-11,2026-03-21..2026-08-06,baccarat_bet02_101_all_pairs_incl_sentinel,round_win = game_pnl > 0 (decisive only),COMPATIBILITY_ONLY_NOT_PRODUCTION,11322.8439,10549.9444,482.5727,3807,1868,-0.04261939,,-0.04261939,-0.04261939,-482.5727,11322.8439,OK,0.0000,19.3029,4.0000,96.0000,AG03-UNRESOLVED,ALL5_LEVELS_bet23_to_bet27,19.3029,19.3029,19.3029,19.3029,19.3029,4.000000,4.000000,4.000000,4.000000,4.000000,96.000000,96.000000,96.000000,96.000000,96.000000,5.0,96.5145,89.0961,386.0582,393.4766,PENDING_AG03,FALSE,NOT_FOR_ENFORCEMENT,463.2698,10127.9466,482.5727,463.2698,19.3029,0.04261939,0.04091462,19.3029,463.2698,0.04091462,19.3029,19.3029,19.3029,19.3029,19.3029,463.2698,0.04091462,96.5145,89.0961,386.0582,393.4766,0.03409552,0.03475069,0.00170478,2.9742,5.6477,0.2583,24.1286,2.7576,566.1422,93.4000,,2.9742,2.1006,2.1082,4.2165,6.3247,6.3247,6.3247,2.1082,-2.1006,3.0,3.0,1.41076,12,81,14,8,0E-8,0.04261939,,0E-8,0.000000,0.931740,0.014447,,2026-04-22,2026-05-17,20,175,59,26,0.769231,,,0.000000,,,,,,,,GLOBAL_BASELINE_NO_ENTITY_RANKING,,,NOT_APPLICABLE_GLOBAL_BASELINE,HF9g-P5,,,,X 全窗基线 · 不参与实体赏罚,8394102,840,A168_HF9F_20260827_0900,2026-08-27 09:00:00
2026-04-23,149034003,2127,0,313.9164716550,12.6599624736,12.6599624736,0.4166667,93,36,0.36076787393023538,0.262145714815,0.6984100072808458,2.108055020185572,0.6984100072808458,0.09862215911523538,ELIGIBLE,R03b_20260811_FULL_v1,L1_ELIGIBILITY,v2026-08-11,2026-03-21..2026-08-06,baccarat_bet02_101_all_pairs_incl_sentinel,round_win = game_pnl > 0 (decisive only),COMPATIBILITY_ONLY_NOT_PRODUCTION,11322.8439,10549.9444,482.5727,3807,1868,-0.04261939,,-0.04261939,-0.04261939,-482.5727,11322.8439,OK,0.0000,19.3029,4.0000,96.0000,AG03-UNRESOLVED,ALL5_LEVELS_bet23_to_bet27,19.3029,19.3029,19.3029,19.3029,19.3029,4.000000,4.000000,4.000000,4.000000,4.000000,96.000000,96.000000,96.000000,96.000000,96.000000,5.0,96.5145,89.0961,386.0582,393.4766,PENDING_AG03,FALSE,NOT_FOR_ENFORCEMENT,463.2698,10127.9466,482.5727,463.2698,19.3029,0.04261939,0.04091462,19.3029,463.2698,0.04091462,19.3029,19.3029,19.3029,19.3029,19.3029,463.2698,0.04091462,96.5145,89.0961,386.0582,393.4766,0.03409552,0.03475069,0.00170478,2.9742,5.6477,0.2583,24.1286,2.7576,566.1422,93.4000,,2.9742,2.1006,2.1082,4.2165,6.3247,6.3247,6.3247,2.1082,-2.1006,3.0,3.0,1.41076,12,81,14,8,0E-8,0.04261939,,0E-8,0.000000,0.931740,0.014447,,2026-04-22,2026-05-17,20,175,59,26,0.769231,,,0.000000,,,,,,,,GLOBAL_BASELINE_NO_ENTITY_RANKING,,,NOT_APPLICABLE_GLOBAL_BASELINE,HF9g-P5,,,,X 全窗基线 · 不参与实体赏罚,8394103,840,A168_HF9F_20260827_0900,2026-08-27 09:00:00
2026-04-23,149034003,2130,0,137.6678683618,32.1506124429,32.1506124429,0.4375000,44,17,0.35189565849433050,0.261652122549,0.7170118982192776,1.6003113133565394,0.7170118982192776,0.09024353594533050,ELIGIBLE,R03b_20260811_FULL_v1,L1_ELIGIBILITY,v2026-08-11,2026-03-21..2026-08-06,baccarat_bet02_101_all_pairs_incl_sentinel,round_win = game_pnl > 0 (decisive only),COMPATIBILITY_ONLY_NOT_PRODUCTION,11322.8439,10549.9444,482.5727,3807,1868,-0.04261939,,-0.04261939,-0.04261939,-482.5727,11322.8439,OK,0.0000,19.3029,4.0000,96.0000,AG03-UNRESOLVED,ALL5_LEVELS_bet23_to_bet27,19.3029,19.3029,19.3029,19.3029,19.3029,4.000000,4.000000,4.000000,4.000000,4.000000,96.000000,96.000000,96.000000,96.000000,96.000000,5.0,96.5145,89.0961,386.0582,393.4766,PENDING_AG03,FALSE,NOT_FOR_ENFORCEMENT,463.2698,10127.9466,482.5727,463.2698,19.3029,0.04261939,0.04091462,19.3029,463.2698,0.04091462,19.3029,19.3029,19.3029,19.3029,19.3029,463.2698,0.04091462,96.5145,89.0961,386.0582,393.4766,0.03409552,0.03475069,0.00170478,2.9742,5.6477,0.2583,24.1286,2.7576,566.1422,93.4000,,2.9742,2.1006,2.1082,4.2165,6.3247,6.3247,6.3247,2.1082,-2.1006,3.0,3.0,1.41076,12,81,14,8,0E-8,0.04261939,,0E-8,0.000000,0.931740,0.014447,,2026-04-22,2026-05-17,20,175,59,26,0.769231,,,0.000000,,,,,,,,GLOBAL_BASELINE_NO_ENTITY_RANKING,,,NOT_APPLICABLE_GLOBAL_BASELINE,HF9g-P5,,,,X 全窗基线 · 不参与实体赏罚,8394104,840,A168_HF9F_20260827_0900,2026-08-27 09:00:00
2026-04-23,149034003,2147,0,59.6631037463,17.7091898048,17.7091898048,0.6666667,20,6,0.33090451588305588,0.202537977778,1.7478814245271053,2.828823164154986,1.7478814245271053,0.12836653810505588,ELIGIBLE,R03b_20260811_FULL_v1,L1_ELIGIBILITY,v2026-08-11,2026-03-21..2026-08-06,baccarat_bet02_101_all_pairs_incl_sentinel,round_win = game_pnl > 0 (decisive only),COMPATIBILITY_ONLY_NOT_PRODUCTION,11322.8439,10549.9444,482.5727,3807,1868,-0.04261939,,-0.04261939,-0.04261939,-482.5727,11322.8439,OK,0.0000,19.3029,4.0000,96.0000,AG03-UNRESOLVED,ALL5_LEVELS_bet23_to_bet27,19.3029,19.3029,19.3029,19.3029,19.3029,4.000000,4.000000,4.000000,4.000000,4.000000,96.000000,96.000000,96.000000,96.000000,96.000000,5.0,96.5145,89.0961,386.0582,393.4766,PENDING_AG03,FALSE,NOT_FOR_ENFORCEMENT,463.2698,10127.9466,482.5727,463.2698,19.3029,0.04261939,0.04091462,19.3029,463.2698,0.04091462,19.3029,19.3029,19.3029,19.3029,19.3029,463.2698,0.04091462,96.5145,89.0961,386.0582,393.4766,0.03409552,0.03475069,0.00170478,2.9742,5.6477,0.2583,24.1286,2.7576,566.1422,93.4000,,2.9742,2.1006,2.1082,4.2165,6.3247,6.3247,6.3247,2.1082,-2.1006,3.0,3.0,1.41076,12,81,14,8,0E-8,0.04261939,,0E-8,0.000000,0.931740,0.014447,,2026-04-22,2026-05-17,20,175,59,26,0.769231,,,0.000000,,,,,,,,GLOBAL_BASELINE_NO_ENTITY_RANKING,,,NOT_APPLICABLE_GLOBAL_BASELINE,HF9g-P5,,,,X 全窗基线 · 不参与实体赏罚,8394105,840,A168_HF9F_20260827_0900,2026-08-27 09:00:00
2026-04-23,149034003,2153,0,33.7317901040,-21.0823688150,-21.0823688150,0.3333333,10,3,0.31495841222222222,0.205131397222,0.06851742538992066,0.5499098145809136,0.06851742538992066,0.10982701500022222,ELIGIBLE,R03b_20260811_FULL_v1,L1_ELIGIBILITY,v2026-08-11,2026-03-21..2026-08-06,baccarat_bet02_101_all_pairs_incl_sentinel,round_win = game_pnl > 0 (decisive only),COMPATIBILITY_ONLY_NOT_PRODUCTION,11322.8439,10549.9444,482.5727,3807,1868,-0.04261939,,-0.04261939,-0.04261939,-482.5727,11322.8439,OK,0.0000,19.3029,4.0000,96.0000,AG03-UNRESOLVED,ALL5_LEVELS_bet23_to_bet27,19.3029,19.3029,19.3029,19.3029,19.3029,4.000000,4.000000,4.000000,4.000000,4.000000,96.000000,96.000000,96.000000,96.000000,96.000000,5.0,96.5145,89.0961,386.0582,393.4766,PENDING_AG03,FALSE,NOT_FOR_ENFORCEMENT,463.2698,10127.9466,482.5727,463.2698,19.3029,0.04261939,0.04091462,19.3029,463.2698,0.04091462,19.3029,19.3029,19.3029,19.3029,19.3029,463.2698,0.04091462,96.5145,89.0961,386.0582,393.4766,0.03409552,0.03475069,0.00170478,2.9742,5.6477,0.2583,24.1286,2.7576,566.1422,93.4000,,2.9742,2.1006,2.1082,4.2165,6.3247,6.3247,6.3247,2.1082,-2.1006,3.0,3.0,1.41076,12,81,14,8,0E-8,0.04261939,,0E-8,0.000000,0.931740,0.014447,,2026-04-22,2026-05-17,20,175,59,26,0.769231,,,0.000000,,,,,,,,GLOBAL_BASELINE_NO_ENTITY_RANKING,,,NOT_APPLICABLE_GLOBAL_BASELINE,HF9g-P5,,,,X 全窗基线 · 不参与实体赏罚,8394106,840,A168_HF9F_20260827_0900,2026-08-27 09:00:00
2026-04-23,149034003,2170,0,8.4329475260,0E-10,0E-10,0.5000000,2,2,0.49994810000000000,0.499948100000,0.00014679536856514622,0.00014679536856514622,0.00014679536856514622,0E-17,ELIGIBLE,R03b_20260811_FULL_v1,L1_ELIGIBILITY,v2026-08-11,2026-03-21..2026-08-06,baccarat_bet02_101_all_pairs_incl_sentinel,round_win = game_pnl > 0 (decisive only),COMPATIBILITY_ONLY_NOT_PRODUCTION,11322.8439,10549.9444,482.5727,3807,1868,-0.04261939,,-0.04261939,-0.04261939,-482.5727,11322.8439,OK,0.0000,19.3029,4.0000,96.0000,AG03-UNRESOLVED,ALL5_LEVELS_bet23_to_bet27,19.3029,19.3029,19.3029,19.3029,19.3029,4.000000,4.000000,4.000000,4.000000,4.000000,96.000000,96.000000,96.000000,96.000000,96.000000,5.0,96.5145,89.0961,386.0582,393.4766,PENDING_AG03,FALSE,NOT_FOR_ENFORCEMENT,463.2698,10127.9466,482.5727,463.2698,19.3029,0.04261939,0.04091462,19.3029,463.2698,0.04091462,19.3029,19.3029,19.3029,19.3029,19.3029,463.2698,0.04091462,96.5145,89.0961,386.0582,393.4766,0.03409552,0.03475069,0.00170478,2.9742,5.6477,0.2583,24.1286,2.7576,566.1422,93.4000,,2.9742,2.1006,2.1082,4.2165,6.3247,6.3247,6.3247,2.1082,-2.1006,3.0,3.0,1.41076,12,81,14,8,0E-8,0.04261939,,0E-8,0.000000,0.931740,0.014447,,2026-04-22,2026-05-17,20,175,59,26,0.769231,,,0.000000,,,,,,,,GLOBAL_BASELINE_NO_ENTITY_RANKING,,,NOT_APPLICABLE_GLOBAL_BASELINE,HF9g-P5,,,,X 全窗基线 · 不参与实体赏罚,8394107,840,A168_HF9F_20260827_0900,2026-08-27 09:00:00
2026-04-23,149034003,2174,0,14.7576581705,-6.5355343327,-6.5355343327,0.3333333,4,3,0.45865733333333333,0.434660650000,-0.43562678547050065,-0.3540441306738834,-0.43562678547050065,0.02399668333333333,ELIGIBLE,R03b_20260811_FULL_v1,L1_ELIGIBILITY,v2026-08-11,2026-03-21..2026-08-06,baccarat_bet02_101_all_pairs_incl_sentinel,round_win = game_pnl > 0 (decisive only),COMPATIBILITY_ONLY_NOT_PRODUCTION,11322.8439,10549.9444,482.5727,3807,1868,-0.04261939,,-0.04261939,-0.04261939,-482.5727,11322.8439,OK,0.0000,19.3029,4.0000,96.0000,AG03-UNRESOLVED,ALL5_LEVELS_bet23_to_bet27,19.3029,19.3029,19.3029,19.3029,19.3029,4.000000,4.000000,4.000000,4.000000,4.000000,96.000000,96.000000,96.000000,96.000000,96.000000,5.0,96.5145,89.0961,386.0582,393.4766,PENDING_AG03,FALSE,NOT_FOR_ENFORCEMENT,463.2698,10127.9466,482.5727,463.2698,19.3029,0.04261939,0.04091462,19.3029,463.2698,0.04091462,19.3029,19.3029,19.3029,19.3029,19.3029,463.2698,0.04091462,96.5145,89.0961,386.0582,393.4766,0.03409552,0.03475069,0.00170478,2.9742,5.6477,0.2583,24.1286,2.7576,566.1422,93.4000,,2.9742,2.1006,2.1082,4.2165,6.3247,6.3247,6.3247,2.1082,-2.1006,3.0,3.0,1.41076,12,81,14,8,0E-8,0.04261939,,0E-8,0.000000,0.931740,0.014447,,2026-04-22,2026-05-17,20,175,59,26,0.769231,,,0.000000,,,,,,,,GLOBAL_BASELINE_NO_ENTITY_RANKING,,,NOT_APPLICABLE_GLOBAL_BASELINE,HF9g-P5,,,,X 全窗基线 · 不参与实体赏罚,8394108,840,A168_HF9F_20260827_0900,2026-08-27 09:00:00
2026-04-23,149034003,2177,0,29.5153163410,33.5209664158,33.5209664158,0.8333333,8,6,0.45046392777777778,0.426838941667,1.8849428049076815,2.0130744097073,1.8849428049076815,0.02362498611077778,ELIGIBLE,R03b_20260811_FULL_v1,L1_ELIGIBILITY,v2026-08-11,2026-03-21..2026-08-06,baccarat_bet02_101_all_pairs_incl_sentinel,round_win = game_pnl > 0 (decisive only),COMPATIBILITY_ONLY_NOT_PRODUCTION,11322.8439,10549.9444,482.5727,3807,1868,-0.04261939,,-0.04261939,-0.04261939,-482.5727,11322.8439,OK,0.0000,19.3029,4.0000,96.0000,AG03-UNRESOLVED,ALL5_LEVELS_bet23_to_bet27,19.3029,19.3029,19.3029,19.3029,19.3029,4.000000,4.000000,4.000000,4.000000,4.000000,96.000000,96.000000,96.000000,96.000000,96.000000,5.0,96.5145,89.0961,386.0582,393.4766,PENDING_AG03,FALSE,NOT_FOR_ENFORCEMENT,463.2698,10127.9466,482.5727,463.2698,19.3029,0.04261939,0.04091462,19.3029,463.2698,0.04091462,19.3029,19.3029,19.3029,19.3029,19.3029,463.2698,0.04091462,96.5145,89.0961,386.0582,393.4766,0.03409552,0.03475069,0.00170478,2.9742,5.6477,0.2583,24.1286,2.7576,566.1422,93.4000,,2.9742,2.1006,2.1082,4.2165,6.3247,6.3247,6.3247,2.1082,-2.1006,3.0,3.0,1.41076,12,81,14,8,0E-8,0.04261939,,0E-8,0.000000,0.931740,0.014447,,2026-04-22,2026-05-17,20,175,59,26,0.769231,,,0.000000,,,,,,,,GLOBAL_BASELINE_NO_ENTITY_RANKING,,,NOT_APPLICABLE_GLOBAL_BASELINE,HF9g-P5,,,,X 全窗基线 · 不参与实体赏罚,8394109,840,A168_HF9F_20260827_0900,2026-08-27 09:00:00
2026-04-23,149034003,2233,0,10.5411844075,-10.5411844075,-10.5411844075,0E-7,3,1,0.32964478000000000,0.211640833333,-0.7012463337882254,-0.5181287254456737,-0.7012463337882254,0.11800394666700000,ELIGIBLE,R03b_20260811_FULL_v1,L1_ELIGIBILITY,v2026-08-11,2026-03-21..2026-08-06,baccarat_bet02_101_all_pairs_incl_sentinel,round_win = game_pnl > 0 (decisive only),COMPATIBILITY_ONLY_NOT_PRODUCTION,11322.8439,10549.9444,482.5727,3807,1868,-0.04261939,,-0.04261939,-0.04261939,-482.5727,11322.8439,OK,0.0000,19.3029,4.0000,96.0000,AG03-UNRESOLVED,ALL5_LEVELS_bet23_to_bet27,19.3029,19.3029,19.3029,19.3029,19.3029,4.000000,4.000000,4.000000,4.000000,4.000000,96.000000,96.000000,96.000000,96.000000,96.000000,5.0,96.5145,89.0961,386.0582,393.4766,PENDING_AG03,FALSE,NOT_FOR_ENFORCEMENT,463.2698,10127.9466,482.5727,463.2698,19.3029,0.04261939,0.04091462,19.3029,463.2698,0.04091462,19.3029,19.3029,19.3029,19.3029,19.3029,463.2698,0.04091462,96.5145,89.0961,386.0582,393.4766,0.03409552,0.03475069,0.00170478,2.9742,5.6477,0.2583,24.1286,2.7576,566.1422,93.4000,,2.9742,2.1006,2.1082,4.2165,6.3247,6.3247,6.3247,2.1082,-2.1006,3.0,3.0,1.41076,12,81,14,8,0E-8,0.04261939,,0E-8,0.000000,0.931740,0.014447,,2026-04-22,2026-05-17,20,175,59,26,0.769231,,,0.000000,,,,,,,,GLOBAL_BASELINE_NO_ENTITY_RANKING,,,NOT_APPLICABLE_GLOBAL_BASELINE,HF9g-P5,,,,X 全窗基线 · 不参与实体赏罚,8394110,840,A168_HF9F_20260827_0900,2026-08-27 09:00:00
2026-04-23,149034003,2235,0,10.7520080956,-10.7520080956,-10.7520080956,0E-7,4,1,0.32115564509944510,0.167088550000,-0.687816634283506,-0.447892643068413,-0.687816634283506,0.15406709509944510,ELIGIBLE,R03b_20260811_FULL_v1,L1_ELIGIBILITY,v2026-08-11,2026-03-21..2026-08-06,baccarat_bet02_101_all_pairs_incl_sentinel,round_win = game_pnl > 0 (decisive only),COMPATIBILITY_ONLY_NOT_PRODUCTION,11322.8439,10549.9444,482.5727,3807,1868,-0.04261939,,-0.04261939,-0.04261939,-482.5727,11322.8439,OK,0.0000,19.3029,4.0000,96.0000,AG03-UNRESOLVED,ALL5_LEVELS_bet23_to_bet27,19.3029,19.3029,19.3029,19.3029,19.3029,4.000000,4.000000,4.000000,4.000000,4.000000,96.000000,96.000000,96.000000,96.000000,96.000000,5.0,96.5145,89.0961,386.0582,393.4766,PENDING_AG03,FALSE,NOT_FOR_ENFORCEMENT,463.2698,10127.9466,482.5727,463.2698,19.3029,0.04261939,0.04091462,19.3029,463.2698,0.04091462,19.3029,19.3029,19.3029,19.3029,19.3029,463.2698,0.04091462,96.5145,89.0961,386.0582,393.4766,0.03409552,0.03475069,0.00170478,2.9742,5.6477,0.2583,24.1286,2.7576,566.1422,93.4000,,2.9742,2.1006,2.1082,4.2165,6.3247,6.3247,6.3247,2.1082,-2.1006,3.0,3.0,1.41076,12,81,14,8,0E-8,0.04261939,,0E-8,0.000000,0.931740,0.014447,,2026-04-22,2026-05-17,20,175,59,26,0.769231,,,0.000000,,,,,,,,GLOBAL_BASELINE_NO_ENTITY_RANKING,,,NOT_APPLICABLE_GLOBAL_BASELINE,HF9g-P5,,,,X 全窗基线 · 不参与实体赏罚,8394111,840,A168_HF9F_20260827_0900,2026-08-27 09:00:00
2026-04-23,149034003,2252,0,90.8650095926,-65.5661670146,-65.5661670146,0.2222222,28,9,0.31919367945549390,0.209832498148,-0.6240598547427383,0.09128237512181718,-0.6240598547427383,0.10936118130749390,ELIGIBLE,R03b_20260811_FULL_v1,L1_ELIGIBILITY,v2026-08-11,2026-03-21..2026-08-06,baccarat_bet02_101_all_pairs_incl_sentinel,round_win = game_pnl > 0 (decisive only),COMPATIBILITY_ONLY_NOT_PRODUCTION,11322.8439,10549.9444,482.5727,3807,1868,-0.04261939,,-0.04261939,-0.04261939,-482.5727,11322.8439,OK,0.0000,19.3029,4.0000,96.0000,AG03-UNRESOLVED,ALL5_LEVELS_bet23_to_bet27,19.3029,19.3029,19.3029,19.3029,19.3029,4.000000,4.000000,4.000000,4.000000,4.000000,96.000000,96.000000,96.000000,96.000000,96.000000,5.0,96.5145,89.0961,386.0582,393.4766,PENDING_AG03,FALSE,NOT_FOR_ENFORCEMENT,463.2698,10127.9466,482.5727,463.2698,19.3029,0.04261939,0.04091462,19.3029,463.2698,0.04091462,19.3029,19.3029,19.3029,19.3029,19.3029,463.2698,0.04091462,96.5145,89.0961,386.0582,393.4766,0.03409552,0.03475069,0.00170478,2.9742,5.6477,0.2583,24.1286,2.7576,566.1422,93.4000,,2.9742,2.1006,2.1082,4.2165,6.3247,6.3247,6.3247,2.1082,-2.1006,3.0,3.0,1.41076,12,81,14,8,0E-8,0.04261939,,0E-8,0.000000,0.931740,0.014447,,2026-04-22,2026-05-17,20,175,59,26,0.769231,,,0.000000,,,,,,,,GLOBAL_BASELINE_NO_ENTITY_RANKING,,,NOT_APPLICABLE_GLOBAL_BASELINE,HF9g-P5,,,,X 全窗基线 · 不参与实体赏罚,8394112,840,A168_HF9F_20260827_0900,2026-08-27 09:00:00
2026-04-23,149034003,2271,0,273.2274998421,-51.0193325318,-51.0193325318,0.5357143,84,28,0.33831933984273824,0.224616455952,2.207635715297861,3.944545063968459,2.207635715297861,0.11370288389073824,ELIGIBLE,R03b_20260811_FULL_v1,L1_ELIGIBILITY,v2026-08-11,2026-03-21..2026-08-06,baccarat_bet02_101_all_pairs_incl_sentinel,round_win = game_pnl > 0 (decisive only),COMPATIBILITY_ONLY_NOT_PRODUCTION,11322.8439,10549.9444,482.5727,3807,1868,-0.04261939,,-0.04261939,-0.04261939,-482.5727,11322.8439,OK,0.0000,19.3029,4.0000,96.0000,AG03-UNRESOLVED,ALL5_LEVELS_bet23_to_bet27,19.3029,19.3029,19.3029,19.3029,19.3029,4.000000,4.000000,4.000000,4.000000,4.000000,96.000000,96.000000,96.000000,96.000000,96.000000,5.0,96.5145,89.0961,386.0582,393.4766,PENDING_AG03,FALSE,NOT_FOR_ENFORCEMENT,463.2698,10127.9466,482.5727,463.2698,19.3029,0.04261939,0.04091462,19.3029,463.2698,0.04091462,19.3029,19.3029,19.3029,19.3029,19.3029,463.2698,0.04091462,96.5145,89.0961,386.0582,393.4766,0.03409552,0.03475069,0.00170478,2.9742,5.6477,0.2583,24.1286,2.7576,566.1422,93.4000,,2.9742,2.1006,2.1082,4.2165,6.3247,6.3247,6.3247,2.1082,-2.1006,3.0,3.0,1.41076,12,81,14,8,0E-8,0.04261939,,0E-8,0.000000,0.931740,0.014447,,2026-04-22,2026-05-17,20,175,59,26,0.769231,,,0.000000,,,,,,,,GLOBAL_BASELINE_NO_ENTITY_RANKING,,,NOT_APPLICABLE_GLOBAL_BASELINE,HF9g-P5,,,,X 全窗基线 · 不参与实体赏罚,8394113,840,A168_HF9F_20260827_0900,2026-08-27 09:00:00
2026-04-23,149034003,462,0,453.4817532096,82.6428857559,82.6428857559,0.5106383,148,47,0.34152948424181721,0.218842592198,2.444741269755363,4.838298091988098,2.444741269755363,0.12268689204381721,ELIGIBLE,R03b_20260811_FULL_v1,L1_ELIGIBILITY,v2026-08-11,2026-03-21..2026-08-06,baccarat_bet02_101_all_pairs_incl_sentinel,round_win = game_pnl > 0 (decisive only),COMPATIBILITY_ONLY_NOT_PRODUCTION,11322.8439,10549.9444,482.5727,3807,1868,-0.04261939,,-0.04261939,-0.04261939,-482.5727,11322.8439,OK,0.0000,19.3029,4.0000,96.0000,AG03-UNRESOLVED,ALL5_LEVELS_bet23_to_bet27,19.3029,19.3029,19.3029,19.3029,19.3029,4.000000,4.000000,4.000000,4.000000,4.000000,96.000000,96.000000,96.000000,96.000000,96.000000,5.0,96.5145,89.0961,386.0582,393.4766,PENDING_AG03,FALSE,NOT_FOR_ENFORCEMENT,463.2698,10127.9466,482.5727,463.2698,19.3029,0.04261939,0.04091462,19.3029,463.2698,0.04091462,19.3029,19.3029,19.3029,19.3029,19.3029,463.2698,0.04091462,96.5145,89.0961,386.0582,393.4766,0.03409552,0.03475069,0.00170478,2.9742,5.6477,0.2583,24.1286,2.7576,566.1422,93.4000,,2.9742,2.1006,2.1082,4.2165,6.3247,6.3247,6.3247,2.1082,-2.1006,3.0,3.0,1.41076,12,81,14,8,0E-8,0.04261939,,0E-8,0.000000,0.931740,0.014447,,2026-04-22,2026-05-17,20,175,59,26,0.769231,,,0.000000,,,,,,,,GLOBAL_BASELINE_NO_ENTITY_RANKING,,,NOT_APPLICABLE_GLOBAL_BASELINE,HF9g-P5,,,,X 全窗基线 · 不参与实体赏罚,8394114,840,A168_HF9F_20260827_0900,2026-08-27 09:00:00
2026-04-23,149034003,526,0,143.5709316301,11.5953028480,11.5953028480,0.3333333,49,20,0.33853731011389635,0.277068829167,-0.04665687604050374,0.5333698204030735,-0.04665687604050374,0.06146848094689635,ELIGIBLE,R03b_20260811_FULL_v1,L1_ELIGIBILITY,v2026-08-11,2026-03-21..2026-08-06,baccarat_bet02_101_all_pairs_incl_sentinel,round_win = game_pnl > 0 (decisive only),COMPATIBILITY_ONLY_NOT_PRODUCTION,11322.8439,10549.9444,482.5727,3807,1868,-0.04261939,,-0.04261939,-0.04261939,-482.5727,11322.8439,OK,0.0000,19.3029,4.0000,96.0000,AG03-UNRESOLVED,ALL5_LEVELS_bet23_to_bet27,19.3029,19.3029,19.3029,19.3029,19.3029,4.000000,4.000000,4.000000,4.000000,4.000000,96.000000,96.000000,96.000000,96.000000,96.000000,5.0,96.5145,89.0961,386.0582,393.4766,PENDING_AG03,FALSE,NOT_FOR_ENFORCEMENT,463.2698,10127.9466,482.5727,463.2698,19.3029,0.04261939,0.04091462,19.3029,463.2698,0.04091462,19.3029,19.3029,19.3029,19.3029,19.3029,463.2698,0.04091462,96.5145,89.0961,386.0582,393.4766,0.03409552,0.03475069,0.00170478,2.9742,5.6477,0.2583,24.1286,2.7576,566.1422,93.4000,,2.9742,2.1006,2.1082,4.2165,6.3247,6.3247,6.3247,2.1082,-2.1006,3.0,3.0,1.41076,12,81,14,8,0E-8,0.04261939,,0E-8,0.000000,0.931740,0.014447,,2026-04-22,2026-05-17,20,175,59,26,0.769231,,,0.000000,,,,,,,,GLOBAL_BASELINE_NO_ENTITY_RANKING,,,NOT_APPLICABLE_GLOBAL_BASELINE,HF9g-P5,,,,X 全窗基线 · 不参与实体赏罚,8394115,840,A168_HF9F_20260827_0900,2026-08-27 09:00:00
2026-04-23,149034003,529,0,10.5411844075,-10.5411844075,-10.5411844075,0E-7,3,1,0.32964478000000000,0.211640833333,-0.7012463337882254,-0.5181287254456737,-0.7012463337882254,0.11800394666700000,ELIGIBLE,R03b_20260811_FULL_v1,L1_ELIGIBILITY,v2026-08-11,2026-03-21..2026-08-06,baccarat_bet02_101_all_pairs_incl_sentinel,round_win = game_pnl > 0 (decisive only),COMPATIBILITY_ONLY_NOT_PRODUCTION,11322.8439,10549.9444,482.5727,3807,1868,-0.04261939,,-0.04261939,-0.04261939,-482.5727,11322.8439,OK,0.0000,19.3029,4.0000,96.0000,AG03-UNRESOLVED,ALL5_LEVELS_bet23_to_bet27,19.3029,19.3029,19.3029,19.3029,19.3029,4.000000,4.000000,4.000000,4.000000,4.000000,96.000000,96.000000,96.000000,96.000000,96.000000,5.0,96.5145,89.0961,386.0582,393.4766,PENDING_AG03,FALSE,NOT_FOR_ENFORCEMENT,463.2698,10127.9466,482.5727,463.2698,19.3029,0.04261939,0.04091462,19.3029,463.2698,0.04091462,19.3029,19.3029,19.3029,19.3029,19.3029,463.2698,0.04091462,96.5145,89.0961,386.0582,393.4766,0.03409552,0.03475069,0.00170478,2.9742,5.6477,0.2583,24.1286,2.7576,566.1422,93.4000,,2.9742,2.1006,2.1082,4.2165,6.3247,6.3247,6.3247,2.1082,-2.1006,3.0,3.0,1.41076,12,81,14,8,0E-8,0.04261939,,0E-8,0.000000,0.931740,0.014447,,2026-04-22,2026-05-17,20,175,59,26,0.769231,,,0.000000,,,,,,,,GLOBAL_BASELINE_NO_ENTITY_RANKING,,,NOT_APPLICABLE_GLOBAL_BASELINE,HF9g-P5,,,,X 全窗基线 · 不参与实体赏罚,8394116,840,A168_HF9F_20260827_0900,2026-08-27 09:00:00
2026-04-23,149034003,550,0,433.6643265237,72.1017013480,72.1017013480,0.5333333,138,45,0.33650651140886970,0.214318614444,2.794315683960916,5.215113920472905,2.794315683960916,0.12218789696486970,ELIGIBLE,R03b_20260811_FULL_v1,L1_ELIGIBILITY,v2026-08-11,2026-03-21..2026-08-06,baccarat_bet02_101_all_pairs_incl_sentinel,round_win = game_pnl > 0 (decisive only),COMPATIBILITY_ONLY_NOT_PRODUCTION,11322.8439,10549.9444,482.5727,3807,1868,-0.04261939,,-0.04261939,-0.04261939,-482.5727,11322.8439,OK,0.0000,19.3029,4.0000,96.0000,AG03-UNRESOLVED,ALL5_LEVELS_bet23_to_bet27,19.3029,19.3029,19.3029,19.3029,19.3029,4.000000,4.000000,4.000000,4.000000,4.000000,96.000000,96.000000,96.000000,96.000000,96.000000,5.0,96.5145,89.0961,386.0582,393.4766,PENDING_AG03,FALSE,NOT_FOR_ENFORCEMENT,463.2698,10127.9466,482.5727,463.2698,19.3029,0.04261939,0.04091462,19.3029,463.2698,0.04091462,19.3029,19.3029,19.3029,19.3029,19.3029,463.2698,0.04091462,96.5145,89.0961,386.0582,393.4766,0.03409552,0.03475069,0.00170478,2.9742,5.6477,0.2583,24.1286,2.7576,566.1422,93.4000,,2.9742,2.1006,2.1082,4.2165,6.3247,6.3247,6.3247,2.1082,-2.1006,3.0,3.0,1.41076,12,81,14,8,0E-8,0.04261939,,0E-8,0.000000,0.931740,0.014447,,2026-04-22,2026-05-17,20,175,59,26,0.769231,,,0.000000,,,,,,,,GLOBAL_BASELINE_NO_ENTITY_RANKING,,,NOT_APPLICABLE_GLOBAL_BASELINE,HF9g-P5,,,,X 全窗基线 · 不参与实体赏罚,8394117,840,A168_HF9F_20260827_0900,2026-08-27 09:00:00
2026-04-23,149034003,752,0,63.6687538212,5.2705922039,5.2705922039,0.6666667,20,6,0.32681506836648170,0.196790072222,1.7747889359617255,2.894964957900923,1.7747889359617255,0.13002499614448170,ELIGIBLE,R03b_20260811_FULL_v1,L1_ELIGIBILITY,v2026-08-11,2026-03-21..2026-08-06,baccarat_bet02_101_all_pairs_incl_sentinel,round_win = game_pnl > 0 (decisive only),COMPATIBILITY_ONLY_NOT_PRODUCTION,11322.8439,10549.9444,482.5727,3807,1868,-0.04261939,,-0.04261939,-0.04261939,-482.5727,11322.8439,OK,0.0000,19.3029,4.0000,96.0000,AG03-UNRESOLVED,ALL5_LEVELS_bet23_to_bet27,19.3029,19.3029,19.3029,19.3029,19.3029,4.000000,4.000000,4.000000,4.000000,4.000000,96.000000,96.000000,96.000000,96.000000,96.000000,5.0,96.5145,89.0961,386.0582,393.4766,PENDING_AG03,FALSE,NOT_FOR_ENFORCEMENT,463.2698,10127.9466,482.5727,463.2698,19.3029,0.04261939,0.04091462,19.3029,463.2698,0.04091462,19.3029,19.3029,19.3029,19.3029,19.3029,463.2698,0.04091462,96.5145,89.0961,386.0582,393.4766,0.03409552,0.03475069,0.00170478,2.9742,5.6477,0.2583,24.1286,2.7576,566.1422,93.4000,,2.9742,2.1006,2.1082,4.2165,6.3247,6.3247,6.3247,2.1082,-2.1006,3.0,3.0,1.41076,12,81,14,8,0E-8,0.04261939,,0E-8,0.000000,0.931740,0.014447,,2026-04-22,2026-05-17,20,175,59,26,0.769231,,,0.000000,,,,,,,,GLOBAL_BASELINE_NO_ENTITY_RANKING,,,NOT_APPLICABLE_GLOBAL_BASELINE,HF9g-P5,,,,X 全窗基线 · 不参与实体赏罚,8394118,840,A168_HF9F_20260827_0900,2026-08-27 09:00:00
2026-04-23,149034003,763,0,138.5111631142,-88.2297134904,-88.2297134904,0.3076923,46,13,0.32507370736123967,0.187651142308,-0.13379421210649323,1.1085492331051183,-0.13379421210649323,0.13742256505323967,ELIGIBLE,R03b_20260811_FULL_v1,L1_ELIGIBILITY,v2026-08-11,2026-03-21..2026-08-06,baccarat_bet02_101_all_pairs_incl_sentinel,round_win = game_pnl > 0 (decisive only),COMPATIBILITY_ONLY_NOT_PRODUCTION,11322.8439,10549.9444,482.5727,3807,1868,-0.04261939,,-0.04261939,-0.04261939,-482.5727,11322.8439,OK,0.0000,19.3029,4.0000,96.0000,AG03-UNRESOLVED,ALL5_LEVELS_bet23_to_bet27,19.3029,19.3029,19.3029,19.3029,19.3029,4.000000,4.000000,4.000000,4.000000,4.000000,96.000000,96.000000,96.000000,96.000000,96.000000,5.0,96.5145,89.0961,386.0582,393.4766,PENDING_AG03,FALSE,NOT_FOR_ENFORCEMENT,463.2698,10127.9466,482.5727,463.2698,19.3029,0.04261939,0.04091462,19.3029,463.2698,0.04091462,19.3029,19.3029,19.3029,19.3029,19.3029,463.2698,0.04091462,96.5145,89.0961,386.0582,393.4766,0.03409552,0.03475069,0.00170478,2.9742,5.6477,0.2583,24.1286,2.7576,566.1422,93.4000,,2.9742,2.1006,2.1082,4.2165,6.3247,6.3247,6.3247,2.1082,-2.1006,3.0,3.0,1.41076,12,81,14,8,0E-8,0.04261939,,0E-8,0.000000,0.931740,0.014447,,2026-04-22,2026-05-17,20,175,59,26,0.769231,,,0.000000,,,,,,,,GLOBAL_BASELINE_NO_ENTITY_RANKING,,,NOT_APPLICABLE_GLOBAL_BASELINE,HF9g-P5,,,,X 全窗基线 · 不参与实体赏罚,8394119,840,A168_HF9F_20260827_0900,2026-08-27 09:00:00
2026-04-23,149034003,789,0,182.5733139376,82.5374739111,82.5374739111,0.6470588,57,17,0.32838396689784337,0.195916498039,2.7978263736803473,4.686535964961329,2.7978263736803473,0.13246746885884337,ELIGIBLE,R03b_20260811_FULL_v1,L1_ELIGIBILITY,v2026-08-11,2026-03-21..2026-08-06,baccarat_bet02_101_all_pairs_incl_sentinel,round_win = game_pnl > 0 (decisive only),COMPATIBILITY_ONLY_NOT_PRODUCTION,11322.8439,10549.9444,482.5727,3807,1868,-0.04261939,,-0.04261939,-0.04261939,-482.5727,11322.8439,OK,0.0000,19.3029,4.0000,96.0000,AG03-UNRESOLVED,ALL5_LEVELS_bet23_to_bet27,19.3029,19.3029,19.3029,19.3029,19.3029,4.000000,4.000000,4.000000,4.000000,4.000000,96.000000,96.000000,96.000000,96.000000,96.000000,5.0,96.5145,89.0961,386.0582,393.4766,PENDING_AG03,FALSE,NOT_FOR_ENFORCEMENT,463.2698,10127.9466,482.5727,463.2698,19.3029,0.04261939,0.04091462,19.3029,463.2698,0.04091462,19.3029,19.3029,19.3029,19.3029,19.3029,463.2698,0.04091462,96.5145,89.0961,386.0582,393.4766,0.03409552,0.03475069,0.00170478,2.9742,5.6477,0.2583,24.1286,2.7576,566.1422,93.4000,,2.9742,2.1006,2.1082,4.2165,6.3247,6.3247,6.3247,2.1082,-2.1006,3.0,3.0,1.41076,12,81,14,8,0E-8,0.04261939,,0E-8,0.000000,0.931740,0.014447,,2026-04-22,2026-05-17,20,175,59,26,0.769231,,,0.000000,,,,,,,,GLOBAL_BASELINE_NO_ENTITY_RANKING,,,NOT_APPLICABLE_GLOBAL_BASELINE,HF9g-P5,,,,X 全窗基线 · 不参与实体赏罚,8394120,840,A168_HF9F_20260827_0900,2026-08-27 09:00:00
2026-04-23,149034003,919,0,83.0645331309,7.2734172414,7.2734172414,0.6250000,27,8,0.33246498754972255,0.199013525000,1.756357273190083,3.0177754176170875,1.756357273190083,0.13345146254972255,ELIGIBLE,R03b_20260811_FULL_v1,L1_ELIGIBILITY,v2026-08-11,2026-03-21..2026-08-06,baccarat_bet02_101_all_pairs_incl_sentinel,round_win = game_pnl > 0 (decisive only),COMPATIBILITY_ONLY_NOT_PRODUCTION,11322.8439,10549.9444,482.5727,3807,1868,-0.04261939,,-0.04261939,-0.04261939,-482.5727,11322.8439,OK,0.0000,19.3029,4.0000,96.0000,AG03-UNRESOLVED,ALL5_LEVELS_bet23_to_bet27,19.3029,19.3029,19.3029,19.3029,19.3029,4.000000,4.000000,4.000000,4.000000,4.000000,96.000000,96.000000,96.000000,96.000000,96.000000,5.0,96.5145,89.0961,386.0582,393.4766,PENDING_AG03,FALSE,NOT_FOR_ENFORCEMENT,463.2698,10127.9466,482.5727,463.2698,19.3029,0.04261939,0.04091462,19.3029,463.2698,0.04091462,19.3029,19.3029,19.3029,19.3029,19.3029,463.2698,0.04091462,96.5145,89.0961,386.0582,393.4766,0.03409552,0.03475069,0.00170478,2.9742,5.6477,0.2583,24.1286,2.7576,566.1422,93.4000,,2.9742,2.1006,2.1082,4.2165,6.3247,6.3247,6.3247,2.1082,-2.1006,3.0,3.0,1.41076,12,81,14,8,0E-8,0.04261939,,0E-8,0.000000,0.931740,0.014447,,2026-04-22,2026-05-17,20,175,59,26,0.769231,,,0.000000,,,,,,,,GLOBAL_BASELINE_NO_ENTITY_RANKING,,,NOT_APPLICABLE_GLOBAL_BASELINE,HF9g-P5,,,,X 全窗基线 · 不参与实体赏罚,8394121,840,A168_HF9F_20260827_0900,2026-08-27 09:00:00
2026-04-23,149034003,925,0,8.4329475260,-8.4329475260,-8.4329475260,0E-7,2,1,0.39866562500000000,0.290680550000,-0.8142286499934221,-0.6401578158977228,-0.8142286499934221,0.10798507500000000,ELIGIBLE,R03b_20260811_FULL_v1,L1_ELIGIBILITY,v2026-08-11,2026-03-21..2026-08-06,baccarat_bet02_101_all_pairs_incl_sentinel,round_win = game_pnl > 0 (decisive only),COMPATIBILITY_ONLY_NOT_PRODUCTION,11322.8439,10549.9444,482.5727,3807,1868,-0.04261939,,-0.04261939,-0.04261939,-482.5727,11322.8439,OK,0.0000,19.3029,4.0000,96.0000,AG03-UNRESOLVED,ALL5_LEVELS_bet23_to_bet27,19.3029,19.3029,19.3029,19.3029,19.3029,4.000000,4.000000,4.000000,4.000000,4.000000,96.000000,96.000000,96.000000,96.000000,96.000000,5.0,96.5145,89.0961,386.0582,393.4766,PENDING_AG03,FALSE,NOT_FOR_ENFORCEMENT,463.2698,10127.9466,482.5727,463.2698,19.3029,0.04261939,0.04091462,19.3029,463.2698,0.04091462,19.3029,19.3029,19.3029,19.3029,19.3029,463.2698,0.04091462,96.5145,89.0961,386.0582,393.4766,0.03409552,0.03475069,0.00170478,2.9742,5.6477,0.2583,24.1286,2.7576,566.1422,93.4000,,2.9742,2.1006,2.1082,4.2165,6.3247,6.3247,6.3247,2.1082,-2.1006,3.0,3.0,1.41076,12,81,14,8,0E-8,0.04261939,,0E-8,0.000000,0.931740,0.014447,,2026-04-22,2026-05-17,20,175,59,26,0.769231,,,0.000000,,,,,,,,GLOBAL_BASELINE_NO_ENTITY_RANKING,,,NOT_APPLICABLE_GLOBAL_BASELINE,HF9g-P5,,,,X 全窗基线 · 不参与实体赏罚,8394122,840,A168_HF9F_20260827_0900,2026-08-27 09:00:00
2026-04-23,149034003,994,0,57.1332194886,1.2649421288,1.2649421288,0.5555556,19,9,0.36316950692978754,0.291606298148,1.2001297903373223,1.7422316687842452,1.2001297903373223,0.07156320878178754,ELIGIBLE,R03b_20260811_FULL_v1,L1_ELIGIBILITY,v2026-08-11,2026-03-21..2026-08-06,baccarat_bet02_101_all_pairs_incl_sentinel,round_win = game_pnl > 0 (decisive only),COMPATIBILITY_ONLY_NOT_PRODUCTION,11322.8439,10549.9444,482.5727,3807,1868,-0.04261939,,-0.04261939,-0.04261939,-482.5727,11322.8439,OK,0.0000,19.3029,4.0000,96.0000,AG03-UNRESOLVED,ALL5_LEVELS_bet23_to_bet27,19.3029,19.3029,19.3029,19.3029,19.3029,4.000000,4.000000,4.000000,4.000000,4.000000,96.000000,96.000000,96.000000,96.000000,96.000000,5.0,96.5145,89.0961,386.0582,393.4766,PENDING_AG03,FALSE,NOT_FOR_ENFORCEMENT,463.2698,10127.9466,482.5727,463.2698,19.3029,0.04261939,0.04091462,19.3029,463.2698,0.04091462,19.3029,19.3029,19.3029,19.3029,19.3029,463.2698,0.04091462,96.5145,89.0961,386.0582,393.4766,0.03409552,0.03475069,0.00170478,2.9742,5.6477,0.2583,24.1286,2.7576,566.1422,93.4000,,2.9742,2.1006,2.1082,4.2165,6.3247,6.3247,6.3247,2.1082,-2.1006,3.0,3.0,1.41076,12,81,14,8,0E-8,0.04261939,,0E-8,0.000000,0.931740,0.014447,,2026-04-22,2026-05-17,20,175,59,26,0.769231,,,0.000000,,,,,,,,GLOBAL_BASELINE_NO_ENTITY_RANKING,,,NOT_APPLICABLE_GLOBAL_BASELINE,HF9g-P5,,,,X 全窗基线 · 不参与实体赏罚,8394123,840,A168_HF9F_20260827_0900,2026-08-27 09:00:00
2026-04-24,149034003,1004,0,37.9482638670,-21.0823688150,-21.0823688150,0.2857143,10,7,0.45533870380952381,0.429559347619,-0.901170257531171,-0.7688243973201011,-0.901170257531171,0.02577935619052381,ELIGIBLE,R03b_20260811_FULL_v1,L1_ELIGIBILITY,v2026-08-11,2026-03-21..2026-08-06,baccarat_bet02_101_all_pairs_incl_sentinel,round_win = game_pnl > 0 (decisive only),COMPATIBILITY_ONLY_NOT_PRODUCTION,11322.8439,10549.9444,482.5727,3807,1868,-0.04261939,,-0.04261939,-0.04261939,-482.5727,11322.8439,OK,0.0000,19.3029,4.0000,96.0000,AG03-UNRESOLVED,ALL5_LEVELS_bet23_to_bet27,19.3029,19.3029,19.3029,19.3029,19.3029,4.000000,4.000000,4.000000,4.000000,4.000000,96.000000,96.000000,96.000000,96.000000,96.000000,5.0,96.5145,89.0961,386.0582,393.4766,PENDING_AG03,FALSE,NOT_FOR_ENFORCEMENT,463.2698,10127.9466,482.5727,463.2698,19.3029,0.04261939,0.04091462,19.3029,463.2698,0.04091462,19.3029,19.3029,19.3029,19.3029,19.3029,463.2698,0.04091462,96.5145,89.0961,386.0582,393.4766,0.03409552,0.03475069,0.00170478,2.9742,5.6477,0.2583,24.1286,2.7576,566.1422,93.4000,,2.9742,2.1006,2.1082,4.2165,6.3247,6.3247,6.3247,2.1082,-2.1006,3.0,3.0,1.41076,12,81,14,8,0E-8,0.04261939,,0E-8,0.000000,0.931740,0.014447,,2026-04-22,2026-05-17,20,175,59,26,0.769231,,,0.000000,,,,,,,,GLOBAL_BASELINE_NO_ENTITY_RANKING,,,NOT_APPLICABLE_GLOBAL_BASELINE,HF9g-P5,,,,X 全窗基线 · 不参与实体赏罚,8394124,840,A168_HF9F_20260827_0900,2026-08-27 09:00:00
2026-04-24,149034003,1017,0,308.6458794514,-1.2649421285,-1.2649421285,0.6333333,92,30,0.33331486067992601,0.216384844444,3.48594794346588,5.5459787131204985,3.48594794346588,0.11693001623592601,ELIGIBLE,R03b_20260811_FULL_v1,L1_ELIGIBILITY,v2026-08-11,2026-03-21..2026-08-06,baccarat_bet02_101_all_pairs_incl_sentinel,round_win = game_pnl > 0 (decisive only),COMPATIBILITY_ONLY_NOT_PRODUCTION,11322.8439,10549.9444,482.5727,3807,1868,-0.04261939,,-0.04261939,-0.04261939,-482.5727,11322.8439,OK,0.0000,19.3029,4.0000,96.0000,AG03-UNRESOLVED,ALL5_LEVELS_bet23_to_bet27,19.3029,19.3029,19.3029,19.3029,19.3029,4.000000,4.000000,4.000000,4.000000,4.000000,96.000000,96.000000,96.000000,96.000000,96.000000,5.0,96.5145,89.0961,386.0582,393.4766,PENDING_AG03,FALSE,NOT_FOR_ENFORCEMENT,463.2698,10127.9466,482.5727,463.2698,19.3029,0.04261939,0.04091462,19.3029,463.2698,0.04091462,19.3029,19.3029,19.3029,19.3029,19.3029,463.2698,0.04091462,96.5145,89.0961,386.0582,393.4766,0.03409552,0.03475069,0.00170478,2.9742,5.6477,0.2583,24.1286,2.7576,566.1422,93.4000,,2.9742,2.1006,2.1082,4.2165,6.3247,6.3247,6.3247,2.1082,-2.1006,3.0,3.0,1.41076,12,81,14,8,0E-8,0.04261939,,0E-8,0.000000,0.931740,0.014447,,2026-04-22,2026-05-17,20,175,59,26,0.769231,,,0.000000,,,,,,,,GLOBAL_BASELINE_NO_ENTITY_RANKING,,,NOT_APPLICABLE_GLOBAL_BASELINE,HF9g-P5,,,,X 全窗基线 · 不参与实体赏罚,8394125,840,A168_HF9F_20260827_0900,2026-08-27 09:00:00
2026-04-24,149034003,1109,0,6.3247106445,-6.3247106445,-6.3247106445,0E-7,1,1,0.49324550000000000,0.493245500000,-0.9865810262130424,-0.9865810262130424,-0.9865810262130424,0E-17,ELIGIBLE,R03b_20260811_FULL_v1,L1_ELIGIBILITY,v2026-08-11,2026-03-21..2026-08-06,baccarat_bet02_101_all_pairs_incl_sentinel,round_win = game_pnl > 0 (decisive only),COMPATIBILITY_ONLY_NOT_PRODUCTION,11322.8439,10549.9444,482.5727,3807,1868,-0.04261939,,-0.04261939,-0.04261939,-482.5727,11322.8439,OK,0.0000,19.3029,4.0000,96.0000,AG03-UNRESOLVED,ALL5_LEVELS_bet23_to_bet27,19.3029,19.3029,19.3029,19.3029,19.3029,4.000000,4.000000,4.000000,4.000000,4.000000,96.000000,96.000000,96.000000,96.000000,96.000000,5.0,96.5145,89.0961,386.0582,393.4766,PENDING_AG03,FALSE,NOT_FOR_ENFORCEMENT,463.2698,10127.9466,482.5727,463.2698,19.3029,0.04261939,0.04091462,19.3029,463.2698,0.04091462,19.3029,19.3029,19.3029,19.3029,19.3029,463.2698,0.04091462,96.5145,89.0961,386.0582,393.4766,0.03409552,0.03475069,0.00170478,2.9742,5.6477,0.2583,24.1286,2.7576,566.1422,93.4000,,2.9742,2.1006,2.1082,4.2165,6.3247,6.3247,6.3247,2.1082,-2.1006,3.0,3.0,1.41076,12,81,14,8,0E-8,0.04261939,,0E-8,0.000000,0.931740,0.014447,,2026-04-22,2026-05-17,20,175,59,26,0.769231,,,0.000000,,,,,,,,GLOBAL_BASELINE_NO_ENTITY_RANKING,,,NOT_APPLICABLE_GLOBAL_BASELINE,HF9g-P5,,,,X 全窗基线 · 不参与实体赏罚,8394126,840,A168_HF9F_20260827_0900,2026-08-27 09:00:00
2026-04-24,149034003,1151,0,31.6235532225,-16.8658950520,-16.8658950520,0.2500000,9,4,0.35642550333333334,0.265884633333,-0.44441827552751434,-0.07190819930951638,-0.44441827552751434,0.09054087000033334,ELIGIBLE,R03b_20260811_FULL_v1,L1_ELIGIBILITY,v2026-08-11,2026-03-21..2026-08-06,baccarat_bet02_101_all_pairs_incl_sentinel,round_win = game_pnl > 0 (decisive only),COMPATIBILITY_ONLY_NOT_PRODUCTION,11322.8439,10549.9444,482.5727,3807,1868,-0.04261939,,-0.04261939,-0.04261939,-482.5727,11322.8439,OK,0.0000,19.3029,4.0000,96.0000,AG03-UNRESOLVED,ALL5_LEVELS_bet23_to_bet27,19.3029,19.3029,19.3029,19.3029,19.3029,4.000000,4.000000,4.000000,4.000000,4.000000,96.000000,96.000000,96.000000,96.000000,96.000000,5.0,96.5145,89.0961,386.0582,393.4766,PENDING_AG03,FALSE,NOT_FOR_ENFORCEMENT,463.2698,10127.9466,482.5727,463.2698,19.3029,0.04261939,0.04091462,19.3029,463.2698,0.04091462,19.3029,19.3029,19.3029,19.3029,19.3029,463.2698,0.04091462,96.5145,89.0961,386.0582,393.4766,0.03409552,0.03475069,0.00170478,2.9742,5.6477,0.2583,24.1286,2.7576,566.1422,93.4000,,2.9742,2.1006,2.1082,4.2165,6.3247,6.3247,6.3247,2.1082,-2.1006,3.0,3.0,1.41076,12,81,14,8,0E-8,0.04261939,,0E-8,0.000000,0.931740,0.014447,,2026-04-22,2026-05-17,20,175,59,26,0.769231,,,0.000000,,,,,,,,GLOBAL_BASELINE_NO_ENTITY_RANKING,,,NOT_APPLICABLE_GLOBAL_BASELINE,HF9g-P5,,,,X 全窗基线 · 不参与实体赏罚,8394127,840,A168_HF9F_20260827_0900,2026-08-27 09:00:00
2026-04-24,149034003,1299,0,298.1046950439,-88.8621845549,-88.8621845549,0.3928571,88,28,0.32852601310944454,0.207187707143,0.7247708469511793,2.424109610345602,0.7247708469511793,0.12133830596644454,ELIGIBLE,R03b_20260811_FULL_v1,L1_ELIGIBILITY,v2026-08-11,2026-03-21..2026-08-06,baccarat_bet02_101_all_pairs_incl_sentinel,round_win = game_pnl > 0 (decisive only),COMPATIBILITY_ONLY_NOT_PRODUCTION,11322.8439,10549.9444,482.5727,3807,1868,-0.04261939,,-0.04261939,-0.04261939,-482.5727,11322.8439,OK,0.0000,19.3029,4.0000,96.0000,AG03-UNRESOLVED,ALL5_LEVELS_bet23_to_bet27,19.3029,19.3029,19.3029,19.3029,19.3029,4.000000,4.000000,4.000000,4.000000,4.000000,96.000000,96.000000,96.000000,96.000000,96.000000,5.0,96.5145,89.0961,386.0582,393.4766,PENDING_AG03,FALSE,NOT_FOR_ENFORCEMENT,463.2698,10127.9466,482.5727,463.2698,19.3029,0.04261939,0.04091462,19.3029,463.2698,0.04091462,19.3029,19.3029,19.3029,19.3029,19.3029,463.2698,0.04091462,96.5145,89.0961,386.0582,393.4766,0.03409552,0.03475069,0.00170478,2.9742,5.6477,0.2583,24.1286,2.7576,566.1422,93.4000,,2.9742,2.1006,2.1082,4.2165,6.3247,6.3247,6.3247,2.1082,-2.1006,3.0,3.0,1.41076,12,81,14,8,0E-8,0.04261939,,0E-8,0.000000,0.931740,0.014447,,2026-04-22,2026-05-17,20,175,59,26,0.769231,,,0.000000,,,,,,,,GLOBAL_BASELINE_NO_ENTITY_RANKING,,,NOT_APPLICABLE_GLOBAL_BASELINE,HF9g-P5,,,,X 全窗基线 · 不参与实体赏罚,8394128,840,A168_HF9F_20260827_0900,2026-08-27 09:00:00
2026-04-24,149034003,1318,0,21.2931925031,3.6894145427,3.6894145427,1.0000000,7,2,0.32540021254972255,0.189364691667,2.0362410183899278,2.926026488522491,2.0362410183899278,0.13603552088272255,ELIGIBLE,R03b_20260811_FULL_v1,L1_ELIGIBILITY,v2026-08-11,2026-03-21..2026-08-06,baccarat_bet02_101_all_pairs_incl_sentinel,round_win = game_pnl > 0 (decisive only),COMPATIBILITY_ONLY_NOT_PRODUCTION,11322.8439,10549.9444,482.5727,3807,1868,-0.04261939,,-0.04261939,-0.04261939,-482.5727,11322.8439,OK,0.0000,19.3029,4.0000,96.0000,AG03-UNRESOLVED,ALL5_LEVELS_bet23_to_bet27,19.3029,19.3029,19.3029,19.3029,19.3029,4.000000,4.000000,4.000000,4.000000,4.000000,96.000000,96.000000,96.000000,96.000000,96.000000,5.0,96.5145,89.0961,386.0582,393.4766,PENDING_AG03,FALSE,NOT_FOR_ENFORCEMENT,463.2698,10127.9466,482.5727,463.2698,19.3029,0.04261939,0.04091462,19.3029,463.2698,0.04091462,19.3029,19.3029,19.3029,19.3029,19.3029,463.2698,0.04091462,96.5145,89.0961,386.0582,393.4766,0.03409552,0.03475069,0.00170478,2.9742,5.6477,0.2583,24.1286,2.7576,566.1422,93.4000,,2.9742,2.1006,2.1082,4.2165,6.3247,6.3247,6.3247,2.1082,-2.1006,3.0,3.0,1.41076,12,81,14,8,0E-8,0.04261939,,0E-8,0.000000,0.931740,0.014447,,2026-04-22,2026-05-17,20,175,59,26,0.769231,,,0.000000,,,,,,,,GLOBAL_BASELINE_NO_ENTITY_RANKING,,,NOT_APPLICABLE_GLOBAL_BASELINE,HF9g-P5,,,,X 全窗基线 · 不参与实体赏罚,8394129,840,A168_HF9F_20260827_0900,2026-08-27 09:00:00
2026-04-24,149034003,1325,0,10.5411844075,-10.5411844075,-10.5411844075,0E-7,3,1,0.32720206000000000,0.216506433333,-0.6973738979260079,-0.5256754382229565,-0.6973738979260079,0.11069562666700000,ELIGIBLE,R03b_20260811_FULL_v1,L1_ELIGIBILITY,v2026-08-11,2026-03-21..2026-08-06,baccarat_bet02_101_all_pairs_incl_sentinel,round_win = game_pnl > 0 (decisive only),COMPATIBILITY_ONLY_NOT_PRODUCTION,11322.8439,10549.9444,482.5727,3807,1868,-0.04261939,,-0.04261939,-0.04261939,-482.5727,11322.8439,OK,0.0000,19.3029,4.0000,96.0000,AG03-UNRESOLVED,ALL5_LEVELS_bet23_to_bet27,19.3029,19.3029,19.3029,19.3029,19.3029,4.000000,4.000000,4.000000,4.000000,4.000000,96.000000,96.000000,96.000000,96.000000,96.000000,5.0,96.5145,89.0961,386.0582,393.4766,PENDING_AG03,FALSE,NOT_FOR_ENFORCEMENT,463.2698,10127.9466,482.5727,463.2698,19.3029,0.04261939,0.04091462,19.3029,463.2698,0.04091462,19.3029,19.3029,19.3029,19.3029,19.3029,463.2698,0.04091462,96.5145,89.0961,386.0582,393.4766,0.03409552,0.03475069,0.00170478,2.9742,5.6477,0.2583,24.1286,2.7576,566.1422,93.4000,,2.9742,2.1006,2.1082,4.2165,6.3247,6.3247,6.3247,2.1082,-2.1006,3.0,3.0,1.41076,12,81,14,8,0E-8,0.04261939,,0E-8,0.000000,0.931740,0.014447,,2026-04-22,2026-05-17,20,175,59,26,0.769231,,,0.000000,,,,,,,,GLOBAL_BASELINE_NO_ENTITY_RANKING,,,NOT_APPLICABLE_GLOBAL_BASELINE,HF9g-P5,,,,X 全窗基线 · 不参与实体赏罚,8394130,840,A168_HF9F_20260827_0900,2026-08-27 09:00:00
2026-04-24,149034003,1382,0,17.7091898046,-10.9628317838,-10.9628317838,0.3333333,7,6,0.47371721666666667,0.461718875000,-0.6886898956121962,-0.630809685408393,-0.6886898956121962,0.01199834166666667,ELIGIBLE,R03b_20260811_FULL_v1,L1_ELIGIBILITY,v2026-08-11,2026-03-21..2026-08-06,baccarat_bet02_101_all_pairs_incl_sentinel,round_win = game_pnl > 0 (decisive only),COMPATIBILITY_ONLY_NOT_PRODUCTION,11322.8439,10549.9444,482.5727,3807,1868,-0.04261939,,-0.04261939,-0.04261939,-482.5727,11322.8439,OK,0.0000,19.3029,4.0000,96.0000,AG03-UNRESOLVED,ALL5_LEVELS_bet23_to_bet27,19.3029,19.3029,19.3029,19.3029,19.3029,4.000000,4.000000,4.000000,4.000000,4.000000,96.000000,96.000000,96.000000,96.000000,96.000000,5.0,96.5145,89.0961,386.0582,393.4766,PENDING_AG03,FALSE,NOT_FOR_ENFORCEMENT,463.2698,10127.9466,482.5727,463.2698,19.3029,0.04261939,0.04091462,19.3029,463.2698,0.04091462,19.3029,19.3029,19.3029,19.3029,19.3029,463.2698,0.04091462,96.5145,89.0961,386.0582,393.4766,0.03409552,0.03475069,0.00170478,2.9742,5.6477,0.2583,24.1286,2.7576,566.1422,93.4000,,2.9742,2.1006,2.1082,4.2165,6.3247,6.3247,6.3247,2.1082,-2.1006,3.0,3.0,1.41076,12,81,14,8,0E-8,0.04261939,,0E-8,0.000000,0.931740,0.014447,,2026-04-22,2026-05-17,20,175,59,26,0.769231,,,0.000000,,,,,,,,GLOBAL_BASELINE_NO_ENTITY_RANKING,,,NOT_APPLICABLE_GLOBAL_BASELINE,HF9g-P5,,,,X 全窗基线 · 不参与实体赏罚,8394131,840,A168_HF9F_20260827_0900,2026-08-27 09:00:00
2026-04-24,149034003,1405,0,10.5411844075,-10.5411844075,-10.5411844075,0E-7,3,1,0.32720206000000000,0.216506433333,-0.6973738979260079,-0.5256754382229565,-0.6973738979260079,0.11069562666700000,ELIGIBLE,R03b_20260811_FULL_v1,L1_ELIGIBILITY,v2026-08-11,2026-03-21..2026-08-06,baccarat_bet02_101_all_pairs_incl_sentinel,round_win = game_pnl > 0 (decisive only),COMPATIBILITY_ONLY_NOT_PRODUCTION,11322.8439,10549.9444,482.5727,3807,1868,-0.04261939,,-0.04261939,-0.04261939,-482.5727,11322.8439,OK,0.0000,19.3029,4.0000,96.0000,AG03-UNRESOLVED,ALL5_LEVELS_bet23_to_bet27,19.3029,19.3029,19.3029,19.3029,19.3029,4.000000,4.000000,4.000000,4.000000,4.000000,96.000000,96.000000,96.000000,96.000000,96.000000,5.0,96.5145,89.0961,386.0582,393.4766,PENDING_AG03,FALSE,NOT_FOR_ENFORCEMENT,463.2698,10127.9466,482.5727,463.2698,19.3029,0.04261939,0.04091462,19.3029,463.2698,0.04091462,19.3029,19.3029,19.3029,19.3029,19.3029,463.2698,0.04091462,96.5145,89.0961,386.0582,393.4766,0.03409552,0.03475069,0.00170478,2.9742,5.6477,0.2583,24.1286,2.7576,566.1422,93.4000,,2.9742,2.1006,2.1082,4.2165,6.3247,6.3247,6.3247,2.1082,-2.1006,3.0,3.0,1.41076,12,81,14,8,0E-8,0.04261939,,0E-8,0.000000,0.931740,0.014447,,2026-04-22,2026-05-17,20,175,59,26,0.769231,,,0.000000,,,,,,,,GLOBAL_BASELINE_NO_ENTITY_RANKING,,,NOT_APPLICABLE_GLOBAL_BASELINE,HF9g-P5,,,,X 全窗基线 · 不参与实体赏罚,8394132,840,A168_HF9F_20260827_0900,2026-08-27 09:00:00
2026-04-24,149034003,1750,0,34.9967322329,-11.8061265364,-11.8061265364,0.4000000,11,5,0.39678902000000000,0.328909980000,0.014676015463427462,0.33834886404947784,0.014676015463427462,0.06787904000000000,ELIGIBLE,R03b_20260811_FULL_v1,L1_ELIGIBILITY,v2026-08-11,2026-03-21..2026-08-06,baccarat_bet02_101_all_pairs_incl_sentinel,round_win = game_pnl > 0 (decisive only),COMPATIBILITY_ONLY_NOT_PRODUCTION,11322.8439,10549.9444,482.5727,3807,1868,-0.04261939,,-0.04261939,-0.04261939,-482.5727,11322.8439,OK,0.0000,19.3029,4.0000,96.0000,AG03-UNRESOLVED,ALL5_LEVELS_bet23_to_bet27,19.3029,19.3029,19.3029,19.3029,19.3029,4.000000,4.000000,4.000000,4.000000,4.000000,96.000000,96.000000,96.000000,96.000000,96.000000,5.0,96.5145,89.0961,386.0582,393.4766,PENDING_AG03,FALSE,NOT_FOR_ENFORCEMENT,463.2698,10127.9466,482.5727,463.2698,19.3029,0.04261939,0.04091462,19.3029,463.2698,0.04091462,19.3029,19.3029,19.3029,19.3029,19.3029,463.2698,0.04091462,96.5145,89.0961,386.0582,393.4766,0.03409552,0.03475069,0.00170478,2.9742,5.6477,0.2583,24.1286,2.7576,566.1422,93.4000,,2.9742,2.1006,2.1082,4.2165,6.3247,6.3247,6.3247,2.1082,-2.1006,3.0,3.0,1.41076,12,81,14,8,0E-8,0.04261939,,0E-8,0.000000,0.931740,0.014447,,2026-04-22,2026-05-17,20,175,59,26,0.769231,,,0.000000,,,,,,,,GLOBAL_BASELINE_NO_ENTITY_RANKING,,,NOT_APPLICABLE_GLOBAL_BASELINE,HF9g-P5,,,,X 全窗基线 · 不参与实体赏罚,8394133,840,A168_HF9F_20260827_0900,2026-08-27 09:00:00
2026-04-24,149034003,1941,0,31.6235532225,8.4329475260,8.4329475260,0.6666667,9,3,0.32720206000000000,0.216506433333,1.2531549868227914,1.8931047030450288,1.2531549868227914,0.11069562666700000,ELIGIBLE,R03b_20260811_FULL_v1,L1_ELIGIBILITY,v2026-08-11,2026-03-21..2026-08-06,baccarat_bet02_101_all_pairs_incl_sentinel,round_win = game_pnl > 0 (decisive only),COMPATIBILITY_ONLY_NOT_PRODUCTION,11322.8439,10549.9444,482.5727,3807,1868,-0.04261939,,-0.04261939,-0.04261939,-482.5727,11322.8439,OK,0.0000,19.3029,4.0000,96.0000,AG03-UNRESOLVED,ALL5_LEVELS_bet23_to_bet27,19.3029,19.3029,19.3029,19.3029,19.3029,4.000000,4.000000,4.000000,4.000000,4.000000,96.000000,96.000000,96.000000,96.000000,96.000000,5.0,96.5145,89.0961,386.0582,393.4766,PENDING_AG03,FALSE,NOT_FOR_ENFORCEMENT,463.2698,10127.9466,482.5727,463.2698,19.3029,0.04261939,0.04091462,19.3029,463.2698,0.04091462,19.3029,19.3029,19.3029,19.3029,19.3029,463.2698,0.04091462,96.5145,89.0961,386.0582,393.4766,0.03409552,0.03475069,0.00170478,2.9742,5.6477,0.2583,24.1286,2.7576,566.1422,93.4000,,2.9742,2.1006,2.1082,4.2165,6.3247,6.3247,6.3247,2.1082,-2.1006,3.0,3.0,1.41076,12,81,14,8,0E-8,0.04261939,,0E-8,0.000000,0.931740,0.014447,,2026-04-22,2026-05-17,20,175,59,26,0.769231,,,0.000000,,,,,,,,GLOBAL_BASELINE_NO_ENTITY_RANKING,,,NOT_APPLICABLE_GLOBAL_BASELINE,HF9g-P5,,,,X 全窗基线 · 不参与实体赏罚,8394134,840,A168_HF9F_20260827_0900,2026-08-27 09:00:00
2026-04-24,149034003,2093,0,10.5411844075,-10.5411844075,-10.5411844075,0E-7,3,1,0.32720206000000000,0.216506433333,-0.6973738979260079,-0.5256754382229565,-0.6973738979260079,0.11069562666700000,ELIGIBLE,R03b_20260811_FULL_v1,L1_ELIGIBILITY,v2026-08-11,2026-03-21..2026-08-06,baccarat_bet02_101_all_pairs_incl_sentinel,round_win = game_pnl > 0 (decisive only),COMPATIBILITY_ONLY_NOT_PRODUCTION,11322.8439,10549.9444,482.5727,3807,1868,-0.04261939,,-0.04261939,-0.04261939,-482.5727,11322.8439,OK,0.0000,19.3029,4.0000,96.0000,AG03-UNRESOLVED,ALL5_LEVELS_bet23_to_bet27,19.3029,19.3029,19.3029,19.3029,19.3029,4.000000,4.000000,4.000000,4.000000,4.000000,96.000000,96.000000,96.000000,96.000000,96.000000,5.0,96.5145,89.0961,386.0582,393.4766,PENDING_AG03,FALSE,NOT_FOR_ENFORCEMENT,463.2698,10127.9466,482.5727,463.2698,19.3029,0.04261939,0.04091462,19.3029,463.2698,0.04091462,19.3029,19.3029,19.3029,19.3029,19.3029,463.2698,0.04091462,96.5145,89.0961,386.0582,393.4766,0.03409552,0.03475069,0.00170478,2.9742,5.6477,0.2583,24.1286,2.7576,566.1422,93.4000,,2.9742,2.1006,2.1082,4.2165,6.3247,6.3247,6.3247,2.1082,-2.1006,3.0,3.0,1.41076,12,81,14,8,0E-8,0.04261939,,0E-8,0.000000,0.931740,0.014447,,2026-04-22,2026-05-17,20,175,59,26,0.769231,,,0.000000,,,,,,,,GLOBAL_BASELINE_NO_ENTITY_RANKING,,,NOT_APPLICABLE_GLOBAL_BASELINE,HF9g-P5,,,,X 全窗基线 · 不参与实体赏罚,8394135,840,A168_HF9F_20260827_0900,2026-08-27 09:00:00
2026-04-24,149034003,2121,0,61.7713406278,14.1251871062,14.1251871062,0.5000000,20,6,0.33481991254972255,0.202229802778,0.8573498133395894,1.8159143917011538,0.8573498133395894,0.13259010977172255,ELIGIBLE,R03b_20260811_FULL_v1,L1_ELIGIBILITY,v2026-08-11,2026-03-21..2026-08-06,baccarat_bet02_101_all_pairs_incl_sentinel,round_win = game_pnl > 0 (decisive only),COMPATIBILITY_ONLY_NOT_PRODUCTION,11322.8439,10549.9444,482.5727,3807,1868,-0.04261939,,-0.04261939,-0.04261939,-482.5727,11322.8439,OK,0.0000,19.3029,4.0000,96.0000,AG03-UNRESOLVED,ALL5_LEVELS_bet23_to_bet27,19.3029,19.3029,19.3029,19.3029,19.3029,4.000000,4.000000,4.000000,4.000000,4.000000,96.000000,96.000000,96.000000,96.000000,96.000000,5.0,96.5145,89.0961,386.0582,393.4766,PENDING_AG03,FALSE,NOT_FOR_ENFORCEMENT,463.2698,10127.9466,482.5727,463.2698,19.3029,0.04261939,0.04091462,19.3029,463.2698,0.04091462,19.3029,19.3029,19.3029,19.3029,19.3029,463.2698,0.04091462,96.5145,89.0961,386.0582,393.4766,0.03409552,0.03475069,0.00170478,2.9742,5.6477,0.2583,24.1286,2.7576,566.1422,93.4000,,2.9742,2.1006,2.1082,4.2165,6.3247,6.3247,6.3247,2.1082,-2.1006,3.0,3.0,1.41076,12,81,14,8,0E-8,0.04261939,,0E-8,0.000000,0.931740,0.014447,,2026-04-22,2026-05-17,20,175,59,26,0.769231,,,0.000000,,,,,,,,GLOBAL_BASELINE_NO_ENTITY_RANKING,,,NOT_APPLICABLE_GLOBAL_BASELINE,HF9g-P5,,,,X 全窗基线 · 不参与实体赏罚,8394136,840,A168_HF9F_20260827_0900,2026-08-27 09:00:00
2026-04-24,149034003,2155,0,10.5411844075,-10.5411844075,-10.5411844075,0E-7,3,1,0.32720206000000000,0.216506433333,-0.6973738979260079,-0.5256754382229565,-0.6973738979260079,0.11069562666700000,ELIGIBLE,R03b_20260811_FULL_v1,L1_ELIGIBILITY,v2026-08-11,2026-03-21..2026-08-06,baccarat_bet02_101_all_pairs_incl_sentinel,round_win = game_pnl > 0 (decisive only),COMPATIBILITY_ONLY_NOT_PRODUCTION,11322.8439,10549.9444,482.5727,3807,1868,-0.04261939,,-0.04261939,-0.04261939,-482.5727,11322.8439,OK,0.0000,19.3029,4.0000,96.0000,AG03-UNRESOLVED,ALL5_LEVELS_bet23_to_bet27,19.3029,19.3029,19.3029,19.3029,19.3029,4.000000,4.000000,4.000000,4.000000,4.000000,96.000000,96.000000,96.000000,96.000000,96.000000,5.0,96.5145,89.0961,386.0582,393.4766,PENDING_AG03,FALSE,NOT_FOR_ENFORCEMENT,463.2698,10127.9466,482.5727,463.2698,19.3029,0.04261939,0.04091462,19.3029,463.2698,0.04091462,19.3029,19.3029,19.3029,19.3029,19.3029,463.2698,0.04091462,96.5145,89.0961,386.0582,393.4766,0.03409552,0.03475069,0.00170478,2.9742,5.6477,0.2583,24.1286,2.7576,566.1422,93.4000,,2.9742,2.1006,2.1082,4.2165,6.3247,6.3247,6.3247,2.1082,-2.1006,3.0,3.0,1.41076,12,81,14,8,0E-8,0.04261939,,0E-8,0.000000,0.931740,0.014447,,2026-04-22,2026-05-17,20,175,59,26,0.769231,,,0.000000,,,,,,,,GLOBAL_BASELINE_NO_ENTITY_RANKING,,,NOT_APPLICABLE_GLOBAL_BASELINE,HF9g-P5,,,,X 全窗基线 · 不参与实体赏罚,8394137,840,A168_HF9F_20260827_0900,2026-08-27 09:00:00
2026-04-24,149034003,583,0,10.5411844075,16.8658950520,16.8658950520,1.0000000,3,1,0.32720206000000000,0.216506433333,1.433951002430695,1.902314483972269,1.433951002430695,0.11069562666700000,ELIGIBLE,R03b_20260811_FULL_v1,L1_ELIGIBILITY,v2026-08-11,2026-03-21..2026-08-06,baccarat_bet02_101_all_pairs_incl_sentinel,round_win = game_pnl > 0 (decisive only),COMPATIBILITY_ONLY_NOT_PRODUCTION,11322.8439,10549.9444,482.5727,3807,1868,-0.04261939,,-0.04261939,-0.04261939,-482.5727,11322.8439,OK,0.0000,19.3029,4.0000,96.0000,AG03-UNRESOLVED,ALL5_LEVELS_bet23_to_bet27,19.3029,19.3029,19.3029,19.3029,19.3029,4.000000,4.000000,4.000000,4.000000,4.000000,96.000000,96.000000,96.000000,96.000000,96.000000,5.0,96.5145,89.0961,386.0582,393.4766,PENDING_AG03,FALSE,NOT_FOR_ENFORCEMENT,463.2698,10127.9466,482.5727,463.2698,19.3029,0.04261939,0.04091462,19.3029,463.2698,0.04091462,19.3029,19.3029,19.3029,19.3029,19.3029,463.2698,0.04091462,96.5145,89.0961,386.0582,393.4766,0.03409552,0.03475069,0.00170478,2.9742,5.6477,0.2583,24.1286,2.7576,566.1422,93.4000,,2.9742,2.1006,2.1082,4.2165,6.3247,6.3247,6.3247,2.1082,-2.1006,3.0,3.0,1.41076,12,81,14,8,0E-8,0.04261939,,0E-8,0.000000,0.931740,0.014447,,2026-04-22,2026-05-17,20,175,59,26,0.769231,,,0.000000,,,,,,,,GLOBAL_BASELINE_NO_ENTITY_RANKING,,,NOT_APPLICABLE_GLOBAL_BASELINE,HF9g-P5,,,,X 全窗基线 · 不参与实体赏罚,8394138,840,A168_HF9F_20260827_0900,2026-08-27 09:00:00
2026-04-24,149034003,789,0,134.9271604160,-33.7317901040,-33.7317901040,0.3333333,40,18,0.35882938148148148,0.280582825926,-0.2255164978522322,0.498129143137805,-0.2255164978522322,0.07824655555548148,ELIGIBLE,R03b_20260811_FULL_v1,L1_ELIGIBILITY,v2026-08-11,2026-03-21..2026-08-06,baccarat_bet02_101_all_pairs_incl_sentinel,round_win = game_pnl > 0 (decisive only),COMPATIBILITY_ONLY_NOT_PRODUCTION,11322.8439,10549.9444,482.5727,3807,1868,-0.04261939,,-0.04261939,-0.04261939,-482.5727,11322.8439,OK,0.0000,19.3029,4.0000,96.0000,AG03-UNRESOLVED,ALL5_LEVELS_bet23_to_bet27,19.3029,19.3029,19.3029,19.3029,19.3029,4.000000,4.000000,4.000000,4.000000,4.000000,96.000000,96.000000,96.000000,96.000000,96.000000,5.0,96.5145,89.0961,386.0582,393.4766,PENDING_AG03,FALSE,NOT_FOR_ENFORCEMENT,463.2698,10127.9466,482.5727,463.2698,19.3029,0.04261939,0.04091462,19.3029,463.2698,0.04091462,19.3029,19.3029,19.3029,19.3029,19.3029,463.2698,0.04091462,96.5145,89.0961,386.0582,393.4766,0.03409552,0.03475069,0.00170478,2.9742,5.6477,0.2583,24.1286,2.7576,566.1422,93.4000,,2.9742,2.1006,2.1082,4.2165,6.3247,6.3247,6.3247,2.1082,-2.1006,3.0,3.0,1.41076,12,81,14,8,0E-8,0.04261939,,0E-8,0.000000,0.931740,0.014447,,2026-04-22,2026-05-17,20,175,59,26,0.769231,,,0.000000,,,,,,,,GLOBAL_BASELINE_NO_ENTITY_RANKING,,,NOT_APPLICABLE_GLOBAL_BASELINE,HF9g-P5,,,,X 全窗基线 · 不参与实体赏罚,8394139,840,A168_HF9F_20260827_0900,2026-08-27 09:00:00
2026-04-25,149034003,1094,0,88.5459490230,27.0908439273,27.0908439273,0.5833333,26,13,0.37619966717948718,0.307191735897,1.4811850177027315,2.073534005483832,1.4811850177027315,0.06900793128248718,ELIGIBLE,R03b_20260811_FULL_v1,L1_ELIGIBILITY,v2026-08-11,2026-03-21..2026-08-06,baccarat_bet02_101_all_pairs_incl_sentinel,round_win = game_pnl > 0 (decisive only),COMPATIBILITY_ONLY_NOT_PRODUCTION,11322.8439,10549.9444,482.5727,3807,1868,-0.04261939,,-0.04261939,-0.04261939,-482.5727,11322.8439,OK,0.0000,19.3029,4.0000,96.0000,AG03-UNRESOLVED,ALL5_LEVELS_bet23_to_bet27,19.3029,19.3029,19.3029,19.3029,19.3029,4.000000,4.000000,4.000000,4.000000,4.000000,96.000000,96.000000,96.000000,96.000000,96.000000,5.0,96.5145,89.0961,386.0582,393.4766,PENDING_AG03,FALSE,NOT_FOR_ENFORCEMENT,463.2698,10127.9466,482.5727,463.2698,19.3029,0.04261939,0.04091462,19.3029,463.2698,0.04091462,19.3029,19.3029,19.3029,19.3029,19.3029,463.2698,0.04091462,96.5145,89.0961,386.0582,393.4766,0.03409552,0.03475069,0.00170478,2.9742,5.6477,0.2583,24.1286,2.7576,566.1422,93.4000,,2.9742,2.1006,2.1082,4.2165,6.3247,6.3247,6.3247,2.1082,-2.1006,3.0,3.0,1.41076,12,81,14,8,0E-8,0.04261939,,0E-8,0.000000,0.931740,0.014447,,2026-04-22,2026-05-17,20,175,59,26,0.769231,,,0.000000,,,,,,,,GLOBAL_BASELINE_NO_ENTITY_RANKING,,,NOT_APPLICABLE_GLOBAL_BASELINE,HF9g-P5,,,,X 全窗基线 · 不参与实体赏罚,8394140,840,A168_HF9F_20260827_0900,2026-08-27 09:00:00
2026-04-25,149034003,1363,0,6.3247106445,2.1082368815,2.1082368815,1.0000000,2,1,0.35372576666666667,0.283965900000,1.3516836864338497,1.587938788024013,1.3516836864338497,0.06975986666666667,ELIGIBLE,R03b_20260811_FULL_v1,L1_ELIGIBILITY,v2026-08-11,2026-03-21..2026-08-06,baccarat_bet02_101_all_pairs_incl_sentinel,round_win = game_pnl > 0 (decisive only),COMPATIBILITY_ONLY_NOT_PRODUCTION,11322.8439,10549.9444,482.5727,3807,1868,-0.04261939,,-0.04261939,-0.04261939,-482.5727,11322.8439,OK,0.0000,19.3029,4.0000,96.0000,AG03-UNRESOLVED,ALL5_LEVELS_bet23_to_bet27,19.3029,19.3029,19.3029,19.3029,19.3029,4.000000,4.000000,4.000000,4.000000,4.000000,96.000000,96.000000,96.000000,96.000000,96.000000,5.0,96.5145,89.0961,386.0582,393.4766,PENDING_AG03,FALSE,NOT_FOR_ENFORCEMENT,463.2698,10127.9466,482.5727,463.2698,19.3029,0.04261939,0.04091462,19.3029,463.2698,0.04091462,19.3029,19.3029,19.3029,19.3029,19.3029,463.2698,0.04091462,96.5145,89.0961,386.0582,393.4766,0.03409552,0.03475069,0.00170478,2.9742,5.6477,0.2583,24.1286,2.7576,566.1422,93.4000,,2.9742,2.1006,2.1082,4.2165,6.3247,6.3247,6.3247,2.1082,-2.1006,3.0,3.0,1.41076,12,81,14,8,0E-8,0.04261939,,0E-8,0.000000,0.931740,0.014447,,2026-04-22,2026-05-17,20,175,59,26,0.769231,,,0.000000,,,,,,,,GLOBAL_BASELINE_NO_ENTITY_RANKING,,,NOT_APPLICABLE_GLOBAL_BASELINE,HF9g-P5,,,,X 全窗基线 · 不参与实体赏罚,8394141,840,A168_HF9F_20260827_0900,2026-08-27 09:00:00
2026-04-25,149034003,1951,0,33.7317901040,-25.5096662662,-25.5096662662,0.1666667,10,6,0.40544815555555556,0.358198183333,-1.1912797271028226,-0.9784839636179745,-1.1912797271028226,0.04724997222255556,ELIGIBLE,R03b_20260811_FULL_v1,L1_ELIGIBILITY,v2026-08-11,2026-03-21..2026-08-06,baccarat_bet02_101_all_pairs_incl_sentinel,round_win = game_pnl > 0 (decisive only),COMPATIBILITY_ONLY_NOT_PRODUCTION,11322.8439,10549.9444,482.5727,3807,1868,-0.04261939,,-0.04261939,-0.04261939,-482.5727,11322.8439,OK,0.0000,19.3029,4.0000,96.0000,AG03-UNRESOLVED,ALL5_LEVELS_bet23_to_bet27,19.3029,19.3029,19.3029,19.3029,19.3029,4.000000,4.000000,4.000000,4.000000,4.000000,96.000000,96.000000,96.000000,96.000000,96.000000,5.0,96.5145,89.0961,386.0582,393.4766,PENDING_AG03,FALSE,NOT_FOR_ENFORCEMENT,463.2698,10127.9466,482.5727,463.2698,19.3029,0.04261939,0.04091462,19.3029,463.2698,0.04091462,19.3029,19.3029,19.3029,19.3029,19.3029,463.2698,0.04091462,96.5145,89.0961,386.0582,393.4766,0.03409552,0.03475069,0.00170478,2.9742,5.6477,0.2583,24.1286,2.7576,566.1422,93.4000,,2.9742,2.1006,2.1082,4.2165,6.3247,6.3247,6.3247,2.1082,-2.1006,3.0,3.0,1.41076,12,81,14,8,0E-8,0.04261939,,0E-8,0.000000,0.931740,0.014447,,2026-04-22,2026-05-17,20,175,59,26,0.769231,,,0.000000,,,,,,,,GLOBAL_BASELINE_NO_ENTITY_RANKING,,,NOT_APPLICABLE_GLOBAL_BASELINE,HF9g-P5,,,,X 全窗基线 · 不参与实体赏罚,8394142,840,A168_HF9F_20260827_0900,2026-08-27 09:00:00
2026-04-25,149034003,2106,0,41.5322665655,-8.1272531782,-8.1272531782,0.6250000,14,8,0.40697230775641026,0.359274410417,1.2552688018137947,1.5664956580021507,1.2552688018137947,0.04769789733941026,ELIGIBLE,R03b_20260811_FULL_v1,L1_ELIGIBILITY,v2026-08-11,2026-03-21..2026-08-06,baccarat_bet02_101_all_pairs_incl_sentinel,round_win = game_pnl > 0 (decisive only),COMPATIBILITY_ONLY_NOT_PRODUCTION,11322.8439,10549.9444,482.5727,3807,1868,-0.04261939,,-0.04261939,-0.04261939,-482.5727,11322.8439,OK,0.0000,19.3029,4.0000,96.0000,AG03-UNRESOLVED,ALL5_LEVELS_bet23_to_bet27,19.3029,19.3029,19.3029,19.3029,19.3029,4.000000,4.000000,4.000000,4.000000,4.000000,96.000000,96.000000,96.000000,96.000000,96.000000,5.0,96.5145,89.0961,386.0582,393.4766,PENDING_AG03,FALSE,NOT_FOR_ENFORCEMENT,463.2698,10127.9466,482.5727,463.2698,19.3029,0.04261939,0.04091462,19.3029,463.2698,0.04091462,19.3029,19.3029,19.3029,19.3029,19.3029,463.2698,0.04091462,96.5145,89.0961,386.0582,393.4766,0.03409552,0.03475069,0.00170478,2.9742,5.6477,0.2583,24.1286,2.7576,566.1422,93.4000,,2.9742,2.1006,2.1082,4.2165,6.3247,6.3247,6.3247,2.1082,-2.1006,3.0,3.0,1.41076,12,81,14,8,0E-8,0.04261939,,0E-8,0.000000,0.931740,0.014447,,2026-04-22,2026-05-17,20,175,59,26,0.769231,,,0.000000,,,,,,,,GLOBAL_BASELINE_NO_ENTITY_RANKING,,,NOT_APPLICABLE_GLOBAL_BASELINE,HF9g-P5,,,,X 全窗基线 · 不参与实体赏罚,8394143,840,A168_HF9F_20260827_0900,2026-08-27 09:00:00
2026-04-25,149034003,2153,0,160.2260029940,70.3096999979,70.3096999979,0.5714286,47,21,0.35941414682539683,0.276402942857,2.0248310950586537,3.0230801692258313,2.0248310950586537,0.08301120396839683,ELIGIBLE,R03b_20260811_FULL_v1,L1_ELIGIBILITY,v2026-08-11,2026-03-21..2026-08-06,baccarat_bet02_101_all_pairs_incl_sentinel,round_win = game_pnl > 0 (decisive only),COMPATIBILITY_ONLY_NOT_PRODUCTION,11322.8439,10549.9444,482.5727,3807,1868,-0.04261939,,-0.04261939,-0.04261939,-482.5727,11322.8439,OK,0.0000,19.3029,4.0000,96.0000,AG03-UNRESOLVED,ALL5_LEVELS_bet23_to_bet27,19.3029,19.3029,19.3029,19.3029,19.3029,4.000000,4.000000,4.000000,4.000000,4.000000,96.000000,96.000000,96.000000,96.000000,96.000000,5.0,96.5145,89.0961,386.0582,393.4766,PENDING_AG03,FALSE,NOT_FOR_ENFORCEMENT,463.2698,10127.9466,482.5727,463.2698,19.3029,0.04261939,0.04091462,19.3029,463.2698,0.04091462,19.3029,19.3029,19.3029,19.3029,19.3029,463.2698,0.04091462,96.5145,89.0961,386.0582,393.4766,0.03409552,0.03475069,0.00170478,2.9742,5.6477,0.2583,24.1286,2.7576,566.1422,93.4000,,2.9742,2.1006,2.1082,4.2165,6.3247,6.3247,6.3247,2.1082,-2.1006,3.0,3.0,1.41076,12,81,14,8,0E-8,0.04261939,,0E-8,0.000000,0.931740,0.014447,,2026-04-22,2026-05-17,20,175,59,26,0.769231,,,0.000000,,,,,,,,GLOBAL_BASELINE_NO_ENTITY_RANKING,,,NOT_APPLICABLE_GLOBAL_BASELINE,HF9g-P5,,,,X 全窗基线 · 不参与实体赏罚,8394144,840,A168_HF9F_20260827_0900,2026-08-27 09:00:00
2026-04-25,149034003,2267,0,4.2164737630,-4.2164737630,-4.2164737630,0E-7,2,2,0.49324550000000000,0.493245500000,-1.3952362676504506,-1.3952362676504506,-1.3952362676504506,0E-17,ELIGIBLE,R03b_20260811_FULL_v1,L1_ELIGIBILITY,v2026-08-11,2026-03-21..2026-08-06,baccarat_bet02_101_all_pairs_incl_sentinel,round_win = game_pnl > 0 (decisive only),COMPATIBILITY_ONLY_NOT_PRODUCTION,11322.8439,10549.9444,482.5727,3807,1868,-0.04261939,,-0.04261939,-0.04261939,-482.5727,11322.8439,OK,0.0000,19.3029,4.0000,96.0000,AG03-UNRESOLVED,ALL5_LEVELS_bet23_to_bet27,19.3029,19.3029,19.3029,19.3029,19.3029,4.000000,4.000000,4.000000,4.000000,4.000000,96.000000,96.000000,96.000000,96.000000,96.000000,5.0,96.5145,89.0961,386.0582,393.4766,PENDING_AG03,FALSE,NOT_FOR_ENFORCEMENT,463.2698,10127.9466,482.5727,463.2698,19.3029,0.04261939,0.04091462,19.3029,463.2698,0.04091462,19.3029,19.3029,19.3029,19.3029,19.3029,463.2698,0.04091462,96.5145,89.0961,386.0582,393.4766,0.03409552,0.03475069,0.00170478,2.9742,5.6477,0.2583,24.1286,2.7576,566.1422,93.4000,,2.9742,2.1006,2.1082,4.2165,6.3247,6.3247,6.3247,2.1082,-2.1006,3.0,3.0,1.41076,12,81,14,8,0E-8,0.04261939,,0E-8,0.000000,0.931740,0.014447,,2026-04-22,2026-05-17,20,175,59,26,0.769231,,,0.000000,,,,,,,,GLOBAL_BASELINE_NO_ENTITY_RANKING,,,NOT_APPLICABLE_GLOBAL_BASELINE,HF9g-P5,,,,X 全窗基线 · 不参与实体赏罚,8394145,840,A168_HF9F_20260827_0900,2026-08-27 09:00:00
2026-04-25,149034003,471,0,35.8400269855,-27.4070794595,-27.4070794595,0.2000000,11,5,0.35020999200000000,0.271816936667,-0.7040978923012472,-0.3609552268097804,-0.7040978923012472,0.07839305533300000,ELIGIBLE,R03b_20260811_FULL_v1,L1_ELIGIBILITY,v2026-08-11,2026-03-21..2026-08-06,baccarat_bet02_101_all_pairs_incl_sentinel,round_win = game_pnl > 0 (decisive only),COMPATIBILITY_ONLY_NOT_PRODUCTION,11322.8439,10549.9444,482.5727,3807,1868,-0.04261939,,-0.04261939,-0.04261939,-482.5727,11322.8439,OK,0.0000,19.3029,4.0000,96.0000,AG03-UNRESOLVED,ALL5_LEVELS_bet23_to_bet27,19.3029,19.3029,19.3029,19.3029,19.3029,4.000000,4.000000,4.000000,4.000000,4.000000,96.000000,96.000000,96.000000,96.000000,96.000000,5.0,96.5145,89.0961,386.0582,393.4766,PENDING_AG03,FALSE,NOT_FOR_ENFORCEMENT,463.2698,10127.9466,482.5727,463.2698,19.3029,0.04261939,0.04091462,19.3029,463.2698,0.04091462,19.3029,19.3029,19.3029,19.3029,19.3029,463.2698,0.04091462,96.5145,89.0961,386.0582,393.4766,0.03409552,0.03475069,0.00170478,2.9742,5.6477,0.2583,24.1286,2.7576,566.1422,93.4000,,2.9742,2.1006,2.1082,4.2165,6.3247,6.3247,6.3247,2.1082,-2.1006,3.0,3.0,1.41076,12,81,14,8,0E-8,0.04261939,,0E-8,0.000000,0.931740,0.014447,,2026-04-22,2026-05-17,20,175,59,26,0.769231,,,0.000000,,,,,,,,GLOBAL_BASELINE_NO_ENTITY_RANKING,,,NOT_APPLICABLE_GLOBAL_BASELINE,HF9g-P5,,,,X 全窗基线 · 不参与实体赏罚,8394146,840,A168_HF9F_20260827_0900,2026-08-27 09:00:00
2026-04-25,149034003,583,0,25.2988425780,-25.2988425780,-25.2988425780,0E-7,7,3,0.35727797555555556,0.262629611111,-1.291374357984419,-1.033688360283574,-1.291374357984419,0.09464836444455556,ELIGIBLE,R03b_20260811_FULL_v1,L1_ELIGIBILITY,v2026-08-11,2026-03-21..2026-08-06,baccarat_bet02_101_all_pairs_incl_sentinel,round_win = game_pnl > 0 (decisive only),COMPATIBILITY_ONLY_NOT_PRODUCTION,11322.8439,10549.9444,482.5727,3807,1868,-0.04261939,,-0.04261939,-0.04261939,-482.5727,11322.8439,OK,0.0000,19.3029,4.0000,96.0000,AG03-UNRESOLVED,ALL5_LEVELS_bet23_to_bet27,19.3029,19.3029,19.3029,19.3029,19.3029,4.000000,4.000000,4.000000,4.000000,4.000000,96.000000,96.000000,96.000000,96.000000,96.000000,5.0,96.5145,89.0961,386.0582,393.4766,PENDING_AG03,FALSE,NOT_FOR_ENFORCEMENT,463.2698,10127.9466,482.5727,463.2698,19.3029,0.04261939,0.04091462,19.3029,463.2698,0.04091462,19.3029,19.3029,19.3029,19.3029,19.3029,463.2698,0.04091462,96.5145,89.0961,386.0582,393.4766,0.03409552,0.03475069,0.00170478,2.9742,5.6477,0.2583,24.1286,2.7576,566.1422,93.4000,,2.9742,2.1006,2.1082,4.2165,6.3247,6.3247,6.3247,2.1082,-2.1006,3.0,3.0,1.41076,12,81,14,8,0E-8,0.04261939,,0E-8,0.000000,0.931740,0.014447,,2026-04-22,2026-05-17,20,175,59,26,0.769231,,,0.000000,,,,,,,,GLOBAL_BASELINE_NO_ENTITY_RANKING,,,NOT_APPLICABLE_GLOBAL_BASELINE,HF9g-P5,,,,X 全窗基线 · 不参与实体赏罚,8394147,840,A168_HF9F_20260827_0900,2026-08-27 09:00:00
2026-04-25,149034003,789,0,23.1906056965,-14.7576581705,-14.7576581705,0.2500000,7,4,0.39195700000000000,0.339637100000,-0.5815679295069374,-0.3785462062875535,-0.5815679295069374,0.05231990000000000,ELIGIBLE,R03b_20260811_FULL_v1,L1_ELIGIBILITY,v2026-08-11,2026-03-21..2026-08-06,baccarat_bet02_101_all_pairs_incl_sentinel,round_win = game_pnl > 0 (decisive only),COMPATIBILITY_ONLY_NOT_PRODUCTION,11322.8439,10549.9444,482.5727,3807,1868,-0.04261939,,-0.04261939,-0.04261939,-482.5727,11322.8439,OK,0.0000,19.3029,4.0000,96.0000,AG03-UNRESOLVED,ALL5_LEVELS_bet23_to_bet27,19.3029,19.3029,19.3029,19.3029,19.3029,4.000000,4.000000,4.000000,4.000000,4.000000,96.000000,96.000000,96.000000,96.000000,96.000000,5.0,96.5145,89.0961,386.0582,393.4766,PENDING_AG03,FALSE,NOT_FOR_ENFORCEMENT,463.2698,10127.9466,482.5727,463.2698,19.3029,0.04261939,0.04091462,19.3029,463.2698,0.04091462,19.3029,19.3029,19.3029,19.3029,19.3029,463.2698,0.04091462,96.5145,89.0961,386.0582,393.4766,0.03409552,0.03475069,0.00170478,2.9742,5.6477,0.2583,24.1286,2.7576,566.1422,93.4000,,2.9742,2.1006,2.1082,4.2165,6.3247,6.3247,6.3247,2.1082,-2.1006,3.0,3.0,1.41076,12,81,14,8,0E-8,0.04261939,,0E-8,0.000000,0.931740,0.014447,,2026-04-22,2026-05-17,20,175,59,26,0.769231,,,0.000000,,,,,,,,GLOBAL_BASELINE_NO_ENTITY_RANKING,,,NOT_APPLICABLE_GLOBAL_BASELINE,HF9g-P5,,,,X 全窗基线 · 不参与实体赏罚,8394148,840,A168_HF9F_20260827_0900,2026-08-27 09:00:00
2026-04-26,149034003,1094,0,23.1906056965,-6.7463580209,-6.7463580209,0.5000000,7,4,0.39866562500000000,0.344673087500,0.4139275933518331,0.6536481198065204,0.4139275933518331,0.05399253750000000,ELIGIBLE,R03b_20260811_FULL_v1,L1_ELIGIBILITY,v2026-08-11,2026-03-21..2026-08-06,baccarat_bet02_101_all_pairs_incl_sentinel,round_win = game_pnl > 0 (decisive only),COMPATIBILITY_ONLY_NOT_PRODUCTION,11322.8439,10549.9444,482.5727,3807,1868,-0.04261939,,-0.04261939,-0.04261939,-482.5727,11322.8439,OK,0.0000,19.3029,4.0000,96.0000,AG03-UNRESOLVED,ALL5_LEVELS_bet23_to_bet27,19.3029,19.3029,19.3029,19.3029,19.3029,4.000000,4.000000,4.000000,4.000000,4.000000,96.000000,96.000000,96.000000,96.000000,96.000000,5.0,96.5145,89.0961,386.0582,393.4766,PENDING_AG03,FALSE,NOT_FOR_ENFORCEMENT,463.2698,10127.9466,482.5727,463.2698,19.3029,0.04261939,0.04091462,19.3029,463.2698,0.04091462,19.3029,19.3029,19.3029,19.3029,19.3029,463.2698,0.04091462,96.5145,89.0961,386.0582,393.4766,0.03409552,0.03475069,0.00170478,2.9742,5.6477,0.2583,24.1286,2.7576,566.1422,93.4000,,2.9742,2.1006,2.1082,4.2165,6.3247,6.3247,6.3247,2.1082,-2.1006,3.0,3.0,1.41076,12,81,14,8,0E-8,0.04261939,,0E-8,0.000000,0.931740,0.014447,,2026-04-22,2026-05-17,20,175,59,26,0.769231,,,0.000000,,,,,,,,GLOBAL_BASELINE_NO_ENTITY_RANKING,,,NOT_APPLICABLE_GLOBAL_BASELINE,HF9g-P5,,,,X 全窗基线 · 不参与实体赏罚,8394149,840,A168_HF9F_20260827_0900,2026-08-27 09:00:00
2026-04-27,149034003,1205,0,10.3303607193,-10.3303607193,-10.3303607193,0E-7,3,2,0.43466065000000000,0.398665625000,-1.2400395955113837,-1.1514931996934334,-1.2400395955113837,0.03599502500000000,ELIGIBLE,R03b_20260811_FULL_v1,L1_ELIGIBILITY,v2026-08-11,2026-03-21..2026-08-06,baccarat_bet02_101_all_pairs_incl_sentinel,round_win = game_pnl > 0 (decisive only),COMPATIBILITY_ONLY_NOT_PRODUCTION,11322.8439,10549.9444,482.5727,3807,1868,-0.04261939,,-0.04261939,-0.04261939,-482.5727,11322.8439,OK,0.0000,19.3029,4.0000,96.0000,AG03-UNRESOLVED,ALL5_LEVELS_bet23_to_bet27,19.3029,19.3029,19.3029,19.3029,19.3029,4.000000,4.000000,4.000000,4.000000,4.000000,96.000000,96.000000,96.000000,96.000000,96.000000,5.0,96.5145,89.0961,386.0582,393.4766,PENDING_AG03,FALSE,NOT_FOR_ENFORCEMENT,463.2698,10127.9466,482.5727,463.2698,19.3029,0.04261939,0.04091462,19.3029,463.2698,0.04091462,19.3029,19.3029,19.3029,19.3029,19.3029,463.2698,0.04091462,96.5145,89.0961,386.0582,393.4766,0.03409552,0.03475069,0.00170478,2.9742,5.6477,0.2583,24.1286,2.7576,566.1422,93.4000,,2.9742,2.1006,2.1082,4.2165,6.3247,6.3247,6.3247,2.1082,-2.1006,3.0,3.0,1.41076,12,81,14,8,0E-8,0.04261939,,0E-8,0.000000,0.931740,0.014447,,2026-04-22,2026-05-17,20,175,59,26,0.769231,,,0.000000,,,,,,,,GLOBAL_BASELINE_NO_ENTITY_RANKING,,,NOT_APPLICABLE_GLOBAL_BASELINE,HF9g-P5,,,,X 全窗基线 · 不参与实体赏罚,8394150,840,A168_HF9F_20260827_0900,2026-08-27 09:00:00
2026-04-27,149034003,1323,0,26.1421373305,-1.7920013494,-1.7920013494,0.6000000,9,5,0.39419171083696628,0.331188720000,0.9417302374720385,1.2771530006765341,0.9417302374720385,0.06300299083696628,ELIGIBLE,R03b_20260811_FULL_v1,L1_ELIGIBILITY,v2026-08-11,2026-03-21..2026-08-06,baccarat_bet02_101_all_pairs_incl_sentinel,round_win = game_pnl > 0 (decisive only),COMPATIBILITY_ONLY_NOT_PRODUCTION,11322.8439,10549.9444,482.5727,3807,1868,-0.04261939,,-0.04261939,-0.04261939,-482.5727,11322.8439,OK,0.0000,19.3029,4.0000,96.0000,AG03-UNRESOLVED,ALL5_LEVELS_bet23_to_bet27,19.3029,19.3029,19.3029,19.3029,19.3029,4.000000,4.000000,4.000000,4.000000,4.000000,96.000000,96.000000,96.000000,96.000000,96.000000,5.0,96.5145,89.0961,386.0582,393.4766,PENDING_AG03,FALSE,NOT_FOR_ENFORCEMENT,463.2698,10127.9466,482.5727,463.2698,19.3029,0.04261939,0.04091462,19.3029,463.2698,0.04091462,19.3029,19.3029,19.3029,19.3029,19.3029,463.2698,0.04091462,96.5145,89.0961,386.0582,393.4766,0.03409552,0.03475069,0.00170478,2.9742,5.6477,0.2583,24.1286,2.7576,566.1422,93.4000,,2.9742,2.1006,2.1082,4.2165,6.3247,6.3247,6.3247,2.1082,-2.1006,3.0,3.0,1.41076,12,81,14,8,0E-8,0.04261939,,0E-8,0.000000,0.931740,0.014447,,2026-04-22,2026-05-17,20,175,59,26,0.769231,,,0.000000,,,,,,,,GLOBAL_BASELINE_NO_ENTITY_RANKING,,,NOT_APPLICABLE_GLOBAL_BASELINE,HF9g-P5,,,,X 全窗基线 · 不参与实体赏罚,8394151,840,A168_HF9F_20260827_0900,2026-08-27 09:00:00
2026-04-27,149034003,1363,0,6.9571817089,-2.3190605697,-2.3190605697,0.3333333,4,3,0.35255885555555556,0.350208966667,-0.06969840044840815,-0.06127315178139552,-0.06969840044840815,0.00234988888855556,ELIGIBLE,R03b_20260811_FULL_v1,L1_ELIGIBILITY,v2026-08-11,2026-03-21..2026-08-06,baccarat_bet02_101_all_pairs_incl_sentinel,round_win = game_pnl > 0 (decisive only),COMPATIBILITY_ONLY_NOT_PRODUCTION,11322.8439,10549.9444,482.5727,3807,1868,-0.04261939,,-0.04261939,-0.04261939,-482.5727,11322.8439,OK,0.0000,19.3029,4.0000,96.0000,AG03-UNRESOLVED,ALL5_LEVELS_bet23_to_bet27,19.3029,19.3029,19.3029,19.3029,19.3029,4.000000,4.000000,4.000000,4.000000,4.000000,96.000000,96.000000,96.000000,96.000000,96.000000,5.0,96.5145,89.0961,386.0582,393.4766,PENDING_AG03,FALSE,NOT_FOR_ENFORCEMENT,463.2698,10127.9466,482.5727,463.2698,19.3029,0.04261939,0.04091462,19.3029,463.2698,0.04091462,19.3029,19.3029,19.3029,19.3029,19.3029,463.2698,0.04091462,96.5145,89.0961,386.0582,393.4766,0.03409552,0.03475069,0.00170478,2.9742,5.6477,0.2583,24.1286,2.7576,566.1422,93.4000,,2.9742,2.1006,2.1082,4.2165,6.3247,6.3247,6.3247,2.1082,-2.1006,3.0,3.0,1.41076,12,81,14,8,0E-8,0.04261939,,0E-8,0.000000,0.931740,0.014447,,2026-04-22,2026-05-17,20,175,59,26,0.769231,,,0.000000,,,,,,,,GLOBAL_BASELINE_NO_ENTITY_RANKING,,,NOT_APPLICABLE_GLOBAL_BASELINE,HF9g-P5,,,,X 全窗基线 · 不参与实体赏罚,8394152,840,A168_HF9F_20260827_0900,2026-08-27 09:00:00
2026-04-27,149034003,1383,0,46.3812113930,3.9002382308,3.9002382308,0.5000000,13,7,0.39395813238095238,0.338446004762,0.5315898061431181,0.8363074847583073,0.5315898061431181,0.05551212761895238,ELIGIBLE,R03b_20260811_FULL_v1,L1_ELIGIBILITY,v2026-08-11,2026-03-21..2026-08-06,baccarat_bet02_101_all_pairs_incl_sentinel,round_win = game_pnl > 0 (decisive only),COMPATIBILITY_ONLY_NOT_PRODUCTION,11322.8439,10549.9444,482.5727,3807,1868,-0.04261939,,-0.04261939,-0.04261939,-482.5727,11322.8439,OK,0.0000,19.3029,4.0000,96.0000,AG03-UNRESOLVED,ALL5_LEVELS_bet23_to_bet27,19.3029,19.3029,19.3029,19.3029,19.3029,4.000000,4.000000,4.000000,4.000000,4.000000,96.000000,96.000000,96.000000,96.000000,96.000000,5.0,96.5145,89.0961,386.0582,393.4766,PENDING_AG03,FALSE,NOT_FOR_ENFORCEMENT,463.2698,10127.9466,482.5727,463.2698,19.3029,0.04261939,0.04091462,19.3029,463.2698,0.04091462,19.3029,19.3029,19.3029,19.3029,19.3029,463.2698,0.04091462,96.5145,89.0961,386.0582,393.4766,0.03409552,0.03475069,0.00170478,2.9742,5.6477,0.2583,24.1286,2.7576,566.1422,93.4000,,2.9742,2.1006,2.1082,4.2165,6.3247,6.3247,6.3247,2.1082,-2.1006,3.0,3.0,1.41076,12,81,14,8,0E-8,0.04261939,,0E-8,0.000000,0.931740,0.014447,,2026-04-22,2026-05-17,20,175,59,26,0.769231,,,0.000000,,,,,,,,GLOBAL_BASELINE_NO_ENTITY_RANKING,,,NOT_APPLICABLE_GLOBAL_BASELINE,HF9g-P5,,,,X 全窗基线 · 不参与实体赏罚,8394153,840,A168_HF9F_20260827_0900,2026-08-27 09:00:00
2026-04-27,149034003,1485,0,84.3294752600,-23.6122530729,-23.6122530729,0.2727273,26,11,0.35271230651515152,0.274147886364,-0.5551956997668398,-0.010562234320146803,-0.5551956997668398,0.07856442015115152,ELIGIBLE,R03b_20260811_FULL_v1,L1_ELIGIBILITY,v2026-08-11,2026-03-21..2026-08-06,baccarat_bet02_101_all_pairs_incl_sentinel,round_win = game_pnl > 0 (decisive only),COMPATIBILITY_ONLY_NOT_PRODUCTION,11322.8439,10549.9444,482.5727,3807,1868,-0.04261939,,-0.04261939,-0.04261939,-482.5727,11322.8439,OK,0.0000,19.3029,4.0000,96.0000,AG03-UNRESOLVED,ALL5_LEVELS_bet23_to_bet27,19.3029,19.3029,19.3029,19.3029,19.3029,4.000000,4.000000,4.000000,4.000000,4.000000,96.000000,96.000000,96.000000,96.000000,96.000000,5.0,96.5145,89.0961,386.0582,393.4766,PENDING_AG03,FALSE,NOT_FOR_ENFORCEMENT,463.2698,10127.9466,482.5727,463.2698,19.3029,0.04261939,0.04091462,19.3029,463.2698,0.04091462,19.3029,19.3029,19.3029,19.3029,19.3029,463.2698,0.04091462,96.5145,89.0961,386.0582,393.4766,0.03409552,0.03475069,0.00170478,2.9742,5.6477,0.2583,24.1286,2.7576,566.1422,93.4000,,2.9742,2.1006,2.1082,4.2165,6.3247,6.3247,6.3247,2.1082,-2.1006,3.0,3.0,1.41076,12,81,14,8,0E-8,0.04261939,,0E-8,0.000000,0.931740,0.014447,,2026-04-22,2026-05-17,20,175,59,26,0.769231,,,0.000000,,,,,,,,GLOBAL_BASELINE_NO_ENTITY_RANKING,,,NOT_APPLICABLE_GLOBAL_BASELINE,HF9g-P5,,,,X 全窗基线 · 不参与实体赏罚,8394154,840,A168_HF9F_20260827_0900,2026-08-27 09:00:00
2026-04-27,149034003,2160,0,13.4927160416,-0.3373179011,-0.3373179011,0.5000000,5,4,0.38066811250000000,0.344673087500,0.49153170461055756,0.6536481198065204,0.49153170461055756,0.03599502500000000,ELIGIBLE,R03b_20260811_FULL_v1,L1_ELIGIBILITY,v2026-08-11,2026-03-21..2026-08-06,baccarat_bet02_101_all_pairs_incl_sentinel,round_win = game_pnl > 0 (decisive only),COMPATIBILITY_ONLY_NOT_PRODUCTION,11322.8439,10549.9444,482.5727,3807,1868,-0.04261939,,-0.04261939,-0.04261939,-482.5727,11322.8439,OK,0.0000,19.3029,4.0000,96.0000,AG03-UNRESOLVED,ALL5_LEVELS_bet23_to_bet27,19.3029,19.3029,19.3029,19.3029,19.3029,4.000000,4.000000,4.000000,4.000000,4.000000,96.000000,96.000000,96.000000,96.000000,96.000000,5.0,96.5145,89.0961,386.0582,393.4766,PENDING_AG03,FALSE,NOT_FOR_ENFORCEMENT,463.2698,10127.9466,482.5727,463.2698,19.3029,0.04261939,0.04091462,19.3029,463.2698,0.04091462,19.3029,19.3029,19.3029,19.3029,19.3029,463.2698,0.04091462,96.5145,89.0961,386.0582,393.4766,0.03409552,0.03475069,0.00170478,2.9742,5.6477,0.2583,24.1286,2.7576,566.1422,93.4000,,2.9742,2.1006,2.1082,4.2165,6.3247,6.3247,6.3247,2.1082,-2.1006,3.0,3.0,1.41076,12,81,14,8,0E-8,0.04261939,,0E-8,0.000000,0.931740,0.014447,,2026-04-22,2026-05-17,20,175,59,26,0.769231,,,0.000000,,,,,,,,GLOBAL_BASELINE_NO_ENTITY_RANKING,,,NOT_APPLICABLE_GLOBAL_BASELINE,HF9g-P5,,,,X 全窗基线 · 不参与实体赏罚,8394155,840,A168_HF9F_20260827_0900,2026-08-27 09:00:00
2026-04-28,149034003,1017,0,122.9102101914,-27.4070794598,-27.4070794598,0.5882353,38,17,0.35817249416902578,0.272448831372,1.9784067430852958,2.924446786029882,1.9784067430852958,0.08572366279702578,ELIGIBLE,R03b_20260811_FULL_v1,L1_ELIGIBILITY,v2026-08-11,2026-03-21..2026-08-06,baccarat_bet02_101_all_pairs_incl_sentinel,round_win = game_pnl > 0 (decisive only),COMPATIBILITY_ONLY_NOT_PRODUCTION,11322.8439,10549.9444,482.5727,3807,1868,-0.04261939,,-0.04261939,-0.04261939,-482.5727,11322.8439,OK,0.0000,19.3029,4.0000,96.0000,AG03-UNRESOLVED,ALL5_LEVELS_bet23_to_bet27,19.3029,19.3029,19.3029,19.3029,19.3029,4.000000,4.000000,4.000000,4.000000,4.000000,96.000000,96.000000,96.000000,96.000000,96.000000,5.0,96.5145,89.0961,386.0582,393.4766,PENDING_AG03,FALSE,NOT_FOR_ENFORCEMENT,463.2698,10127.9466,482.5727,463.2698,19.3029,0.04261939,0.04091462,19.3029,463.2698,0.04091462,19.3029,19.3029,19.3029,19.3029,19.3029,463.2698,0.04091462,96.5145,89.0961,386.0582,393.4766,0.03409552,0.03475069,0.00170478,2.9742,5.6477,0.2583,24.1286,2.7576,566.1422,93.4000,,2.9742,2.1006,2.1082,4.2165,6.3247,6.3247,6.3247,2.1082,-2.1006,3.0,3.0,1.41076,12,81,14,8,0E-8,0.04261939,,0E-8,0.000000,0.931740,0.014447,,2026-04-22,2026-05-17,20,175,59,26,0.769231,,,0.000000,,,,,,,,GLOBAL_BASELINE_NO_ENTITY_RANKING,,,NOT_APPLICABLE_GLOBAL_BASELINE,HF9g-P5,,,,X 全窗基线 · 不参与实体赏罚,8394156,840,A168_HF9F_20260827_0900,2026-08-27 09:00:00
2026-04-28,149034003,1078,0,128.6024497715,0.8432947523,0.8432947523,0.5000000,40,19,0.36091606947368421,0.288720205263,1.2286583872165673,1.9780414770412666,1.2286583872165673,0.07219586421068421,ELIGIBLE,R03b_20260811_FULL_v1,L1_ELIGIBILITY,v2026-08-11,2026-03-21..2026-08-06,baccarat_bet02_101_all_pairs_incl_sentinel,round_win = game_pnl > 0 (decisive only),COMPATIBILITY_ONLY_NOT_PRODUCTION,11322.8439,10549.9444,482.5727,3807,1868,-0.04261939,,-0.04261939,-0.04261939,-482.5727,11322.8439,OK,0.0000,19.3029,4.0000,96.0000,AG03-UNRESOLVED,ALL5_LEVELS_bet23_to_bet27,19.3029,19.3029,19.3029,19.3029,19.3029,4.000000,4.000000,4.000000,4.000000,4.000000,96.000000,96.000000,96.000000,96.000000,96.000000,5.0,96.5145,89.0961,386.0582,393.4766,PENDING_AG03,FALSE,NOT_FOR_ENFORCEMENT,463.2698,10127.9466,482.5727,463.2698,19.3029,0.04261939,0.04091462,19.3029,463.2698,0.04091462,19.3029,19.3029,19.3029,19.3029,19.3029,463.2698,0.04091462,96.5145,89.0961,386.0582,393.4766,0.03409552,0.03475069,0.00170478,2.9742,5.6477,0.2583,24.1286,2.7576,566.1422,93.4000,,2.9742,2.1006,2.1082,4.2165,6.3247,6.3247,6.3247,2.1082,-2.1006,3.0,3.0,1.41076,12,81,14,8,0E-8,0.04261939,,0E-8,0.000000,0.931740,0.014447,,2026-04-22,2026-05-17,20,175,59,26,0.769231,,,0.000000,,,,,,,,GLOBAL_BASELINE_NO_ENTITY_RANKING,,,NOT_APPLICABLE_GLOBAL_BASELINE,HF9g-P5,,,,X 全窗基线 · 不参与实体赏罚,8394157,840,A168_HF9F_20260827_0900,2026-08-27 09:00:00
2026-04-28,149034003,1151,0,35.8400269855,54.1816878544,54.1816878544,0.7500000,12,5,0.33003029333333333,0.258694853333,1.7862550714571086,2.24382461156334,1.7862550714571086,0.07133544000033333,ELIGIBLE,R03b_20260811_FULL_v1,L1_ELIGIBILITY,v2026-08-11,2026-03-21..2026-08-06,baccarat_bet02_101_all_pairs_incl_sentinel,round_win = game_pnl > 0 (decisive only),COMPATIBILITY_ONLY_NOT_PRODUCTION,11322.8439,10549.9444,482.5727,3807,1868,-0.04261939,,-0.04261939,-0.04261939,-482.5727,11322.8439,OK,0.0000,19.3029,4.0000,96.0000,AG03-UNRESOLVED,ALL5_LEVELS_bet23_to_bet27,19.3029,19.3029,19.3029,19.3029,19.3029,4.000000,4.000000,4.000000,4.000000,4.000000,96.000000,96.000000,96.000000,96.000000,96.000000,5.0,96.5145,89.0961,386.0582,393.4766,PENDING_AG03,FALSE,NOT_FOR_ENFORCEMENT,463.2698,10127.9466,482.5727,463.2698,19.3029,0.04261939,0.04091462,19.3029,463.2698,0.04091462,19.3029,19.3029,19.3029,19.3029,19.3029,463.2698,0.04091462,96.5145,89.0961,386.0582,393.4766,0.03409552,0.03475069,0.00170478,2.9742,5.6477,0.2583,24.1286,2.7576,566.1422,93.4000,,2.9742,2.1006,2.1082,4.2165,6.3247,6.3247,6.3247,2.1082,-2.1006,3.0,3.0,1.41076,12,81,14,8,0E-8,0.04261939,,0E-8,0.000000,0.931740,0.014447,,2026-04-22,2026-05-17,20,175,59,26,0.769231,,,0.000000,,,,,,,,GLOBAL_BASELINE_NO_ENTITY_RANKING,,,NOT_APPLICABLE_GLOBAL_BASELINE,HF9g-P5,,,,X 全窗基线 · 不参与实体赏罚,8394158,840,A168_HF9F_20260827_0900,2026-08-27 09:00:00
2026-04-28,149034003,1299,0,31.6235532225,27.1962557713,27.1962557713,0.5000000,9,4,0.36341290125000000,0.270920620833,0.5679506345530794,1.03087867190498,0.5679506345530794,0.09249228041700000,ELIGIBLE,R03b_20260811_FULL_v1,L1_ELIGIBILITY,v2026-08-11,2026-03-21..2026-08-06,baccarat_bet02_101_all_pairs_incl_sentinel,round_win = game_pnl > 0 (decisive only),COMPATIBILITY_ONLY_NOT_PRODUCTION,11322.8439,10549.9444,482.5727,3807,1868,-0.04261939,,-0.04261939,-0.04261939,-482.5727,11322.8439,OK,0.0000,19.3029,4.0000,96.0000,AG03-UNRESOLVED,ALL5_LEVELS_bet23_to_bet27,19.3029,19.3029,19.3029,19.3029,19.3029,4.000000,4.000000,4.000000,4.000000,4.000000,96.000000,96.000000,96.000000,96.000000,96.000000,5.0,96.5145,89.0961,386.0582,393.4766,PENDING_AG03,FALSE,NOT_FOR_ENFORCEMENT,463.2698,10127.9466,482.5727,463.2698,19.3029,0.04261939,0.04091462,19.3029,463.2698,0.04091462,19.3029,19.3029,19.3029,19.3029,19.3029,463.2698,0.04091462,96.5145,89.0961,386.0582,393.4766,0.03409552,0.03475069,0.00170478,2.9742,5.6477,0.2583,24.1286,2.7576,566.1422,93.4000,,2.9742,2.1006,2.1082,4.2165,6.3247,6.3247,6.3247,2.1082,-2.1006,3.0,3.0,1.41076,12,81,14,8,0E-8,0.04261939,,0E-8,0.000000,0.931740,0.014447,,2026-04-22,2026-05-17,20,175,59,26,0.769231,,,0.000000,,,,,,,,GLOBAL_BASELINE_NO_ENTITY_RANKING,,,NOT_APPLICABLE_GLOBAL_BASELINE,HF9g-P5,,,,X 全窗基线 · 不参与实体赏罚,8394159,840,A168_HF9F_20260827_0900,2026-08-27 09:00:00
2026-04-28,149034003,1363,0,50.5976851560,-33.9426137922,-33.9426137922,0.2857143,17,7,0.33267121666666667,0.261710207143,-0.2636763524641651,0.14448085298880792,-0.2636763524641651,0.07096100952366667,ELIGIBLE,R03b_20260811_FULL_v1,L1_ELIGIBILITY,v2026-08-11,2026-03-21..2026-08-06,baccarat_bet02_101_all_pairs_incl_sentinel,round_win = game_pnl > 0 (decisive only),COMPATIBILITY_ONLY_NOT_PRODUCTION,11322.8439,10549.9444,482.5727,3807,1868,-0.04261939,,-0.04261939,-0.04261939,-482.5727,11322.8439,OK,0.0000,19.3029,4.0000,96.0000,AG03-UNRESOLVED,ALL5_LEVELS_bet23_to_bet27,19.3029,19.3029,19.3029,19.3029,19.3029,4.000000,4.000000,4.000000,4.000000,4.000000,96.000000,96.000000,96.000000,96.000000,96.000000,5.0,96.5145,89.0961,386.0582,393.4766,PENDING_AG03,FALSE,NOT_FOR_ENFORCEMENT,463.2698,10127.9466,482.5727,463.2698,19.3029,0.04261939,0.04091462,19.3029,463.2698,0.04091462,19.3029,19.3029,19.3029,19.3029,19.3029,463.2698,0.04091462,96.5145,89.0961,386.0582,393.4766,0.03409552,0.03475069,0.00170478,2.9742,5.6477,0.2583,24.1286,2.7576,566.1422,93.4000,,2.9742,2.1006,2.1082,4.2165,6.3247,6.3247,6.3247,2.1082,-2.1006,3.0,3.0,1.41076,12,81,14,8,0E-8,0.04261939,,0E-8,0.000000,0.931740,0.014447,,2026-04-22,2026-05-17,20,175,59,26,0.769231,,,0.000000,,,,,,,,GLOBAL_BASELINE_NO_ENTITY_RANKING,,,NOT_APPLICABLE_GLOBAL_BASELINE,HF9g-P5,,,,X 全窗基线 · 不参与实体赏罚,8394160,840,A168_HF9F_20260827_0900,2026-08-27 09:00:00
2026-04-28,149034003,1383,0,27.4070794595,-23.1906056965,-23.1906056965,0E-7,9,5,0.30547910666666667,0.248779140000,-1.4829725099162516,-1.2867914416267658,-1.4829725099162516,0.05669996666666667,ELIGIBLE,R03b_20260811_FULL_v1,L1_ELIGIBILITY,v2026-08-11,2026-03-21..2026-08-06,baccarat_bet02_101_all_pairs_incl_sentinel,round_win = game_pnl > 0 (decisive only),COMPATIBILITY_ONLY_NOT_PRODUCTION,11322.8439,10549.9444,482.5727,3807,1868,-0.04261939,,-0.04261939,-0.04261939,-482.5727,11322.8439,OK,0.0000,19.3029,4.0000,96.0000,AG03-UNRESOLVED,ALL5_LEVELS_bet23_to_bet27,19.3029,19.3029,19.3029,19.3029,19.3029,4.000000,4.000000,4.000000,4.000000,4.000000,96.000000,96.000000,96.000000,96.000000,96.000000,5.0,96.5145,89.0961,386.0582,393.4766,PENDING_AG03,FALSE,NOT_FOR_ENFORCEMENT,463.2698,10127.9466,482.5727,463.2698,19.3029,0.04261939,0.04091462,19.3029,463.2698,0.04091462,19.3029,19.3029,19.3029,19.3029,19.3029,463.2698,0.04091462,96.5145,89.0961,386.0582,393.4766,0.03409552,0.03475069,0.00170478,2.9742,5.6477,0.2583,24.1286,2.7576,566.1422,93.4000,,2.9742,2.1006,2.1082,4.2165,6.3247,6.3247,6.3247,2.1082,-2.1006,3.0,3.0,1.41076,12,81,14,8,0E-8,0.04261939,,0E-8,0.000000,0.931740,0.014447,,2026-04-22,2026-05-17,20,175,59,26,0.769231,,,0.000000,,,,,,,,GLOBAL_BASELINE_NO_ENTITY_RANKING,,,NOT_APPLICABLE_GLOBAL_BASELINE,HF9g-P5,,,,X 全窗基线 · 不参与实体赏罚,8394161,840,A168_HF9F_20260827_0900,2026-08-27 09:00:00
2026-04-28,149034003,1714,0,33.7317901040,6.1138869563,6.1138869563,0.2000000,10,5,0.36986960500000000,0.290680550000,-0.7867941876331569,-0.4465501368350735,-0.7867941876331569,0.07918905500000000,ELIGIBLE,R03b_20260811_FULL_v1,L1_ELIGIBILITY,v2026-08-11,2026-03-21..2026-08-06,baccarat_bet02_101_all_pairs_incl_sentinel,round_win = game_pnl > 0 (decisive only),COMPATIBILITY_ONLY_NOT_PRODUCTION,11322.8439,10549.9444,482.5727,3807,1868,-0.04261939,,-0.04261939,-0.04261939,-482.5727,11322.8439,OK,0.0000,19.3029,4.0000,96.0000,AG03-UNRESOLVED,ALL5_LEVELS_bet23_to_bet27,19.3029,19.3029,19.3029,19.3029,19.3029,4.000000,4.000000,4.000000,4.000000,4.000000,96.000000,96.000000,96.000000,96.000000,96.000000,5.0,96.5145,89.0961,386.0582,393.4766,PENDING_AG03,FALSE,NOT_FOR_ENFORCEMENT,463.2698,10127.9466,482.5727,463.2698,19.3029,0.04261939,0.04091462,19.3029,463.2698,0.04091462,19.3029,19.3029,19.3029,19.3029,19.3029,463.2698,0.04091462,96.5145,89.0961,386.0582,393.4766,0.03409552,0.03475069,0.00170478,2.9742,5.6477,0.2583,24.1286,2.7576,566.1422,93.4000,,2.9742,2.1006,2.1082,4.2165,6.3247,6.3247,6.3247,2.1082,-2.1006,3.0,3.0,1.41076,12,81,14,8,0E-8,0.04261939,,0E-8,0.000000,0.931740,0.014447,,2026-04-22,2026-05-17,20,175,59,26,0.769231,,,0.000000,,,,,,,,GLOBAL_BASELINE_NO_ENTITY_RANKING,,,NOT_APPLICABLE_GLOBAL_BASELINE,HF9g-P5,,,,X 全窗基线 · 不参与实体赏罚,8394162,840,A168_HF9F_20260827_0900,2026-08-27 09:00:00
2026-04-28,149034003,2106,0,22.9797820083,17.2875424283,17.2875424283,0.6000000,8,5,0.43242857217468765,0.371706530000,0.756340783756195,1.0563239414436214,0.756340783756195,0.06072204217468765,ELIGIBLE,R03b_20260811_FULL_v1,L1_ELIGIBILITY,v2026-08-11,2026-03-21..2026-08-06,baccarat_bet02_101_all_pairs_incl_sentinel,round_win = game_pnl > 0 (decisive only),COMPATIBILITY_ONLY_NOT_PRODUCTION,11322.8439,10549.9444,482.5727,3807,1868,-0.04261939,,-0.04261939,-0.04261939,-482.5727,11322.8439,OK,0.0000,19.3029,4.0000,96.0000,AG03-UNRESOLVED,ALL5_LEVELS_bet23_to_bet27,19.3029,19.3029,19.3029,19.3029,19.3029,4.000000,4.000000,4.000000,4.000000,4.000000,96.000000,96.000000,96.000000,96.000000,96.000000,5.0,96.5145,89.0961,386.0582,393.4766,PENDING_AG03,FALSE,NOT_FOR_ENFORCEMENT,463.2698,10127.9466,482.5727,463.2698,19.3029,0.04261939,0.04091462,19.3029,463.2698,0.04091462,19.3029,19.3029,19.3029,19.3029,19.3029,463.2698,0.04091462,96.5145,89.0961,386.0582,393.4766,0.03409552,0.03475069,0.00170478,2.9742,5.6477,0.2583,24.1286,2.7576,566.1422,93.4000,,2.9742,2.1006,2.1082,4.2165,6.3247,6.3247,6.3247,2.1082,-2.1006,3.0,3.0,1.41076,12,81,14,8,0E-8,0.04261939,,0E-8,0.000000,0.931740,0.014447,,2026-04-22,2026-05-17,20,175,59,26,0.769231,,,0.000000,,,,,,,,GLOBAL_BASELINE_NO_ENTITY_RANKING,,,NOT_APPLICABLE_GLOBAL_BASELINE,HF9g-P5,,,,X 全窗基线 · 不参与实体赏罚,8394163,840,A168_HF9F_20260827_0900,2026-08-27 09:00:00
2026-04-28,149034003,2176,0,198.1742668610,-35.2075559214,-35.2075559214,0.4666667,62,31,0.36266784892473118,0.295040833871,1.1848178477018287,2.0612005073516193,1.1848178477018287,0.06762701505373118,ELIGIBLE,R03b_20260811_FULL_v1,L1_ELIGIBILITY,v2026-08-11,2026-03-21..2026-08-06,baccarat_bet02_101_all_pairs_incl_sentinel,round_win = game_pnl > 0 (decisive only),COMPATIBILITY_ONLY_NOT_PRODUCTION,11322.8439,10549.9444,482.5727,3807,1868,-0.04261939,,-0.04261939,-0.04261939,-482.5727,11322.8439,OK,0.0000,19.3029,4.0000,96.0000,AG03-UNRESOLVED,ALL5_LEVELS_bet23_to_bet27,19.3029,19.3029,19.3029,19.3029,19.3029,4.000000,4.000000,4.000000,4.000000,4.000000,96.000000,96.000000,96.000000,96.000000,96.000000,5.0,96.5145,89.0961,386.0582,393.4766,PENDING_AG03,FALSE,NOT_FOR_ENFORCEMENT,463.2698,10127.9466,482.5727,463.2698,19.3029,0.04261939,0.04091462,19.3029,463.2698,0.04091462,19.3029,19.3029,19.3029,19.3029,19.3029,463.2698,0.04091462,96.5145,89.0961,386.0582,393.4766,0.03409552,0.03475069,0.00170478,2.9742,5.6477,0.2583,24.1286,2.7576,566.1422,93.4000,,2.9742,2.1006,2.1082,4.2165,6.3247,6.3247,6.3247,2.1082,-2.1006,3.0,3.0,1.41076,12,81,14,8,0E-8,0.04261939,,0E-8,0.000000,0.931740,0.014447,,2026-04-22,2026-05-17,20,175,59,26,0.769231,,,0.000000,,,,,,,,GLOBAL_BASELINE_NO_ENTITY_RANKING,,,NOT_APPLICABLE_GLOBAL_BASELINE,HF9g-P5,,,,X 全窗基线 · 不参与实体赏罚,8394164,840,A168_HF9F_20260827_0900,2026-08-27 09:00:00
2026-04-28,149034003,2178,0,12.6494212890,-12.6494212890,-12.6494212890,0E-7,4,2,0.35914576666666667,0.285393300000,-1.0586947145714878,-0.8937238394407377,-1.0586947145714878,0.07375246666666667,ELIGIBLE,R03b_20260811_FULL_v1,L1_ELIGIBILITY,v2026-08-11,2026-03-21..2026-08-06,baccarat_bet02_101_all_pairs_incl_sentinel,round_win = game_pnl > 0 (decisive only),COMPATIBILITY_ONLY_NOT_PRODUCTION,11322.8439,10549.9444,482.5727,3807,1868,-0.04261939,,-0.04261939,-0.04261939,-482.5727,11322.8439,OK,0.0000,19.3029,4.0000,96.0000,AG03-UNRESOLVED,ALL5_LEVELS_bet23_to_bet27,19.3029,19.3029,19.3029,19.3029,19.3029,4.000000,4.000000,4.000000,4.000000,4.000000,96.000000,96.000000,96.000000,96.000000,96.000000,5.0,96.5145,89.0961,386.0582,393.4766,PENDING_AG03,FALSE,NOT_FOR_ENFORCEMENT,463.2698,10127.9466,482.5727,463.2698,19.3029,0.04261939,0.04091462,19.3029,463.2698,0.04091462,19.3029,19.3029,19.3029,19.3029,19.3029,463.2698,0.04091462,96.5145,89.0961,386.0582,393.4766,0.03409552,0.03475069,0.00170478,2.9742,5.6477,0.2583,24.1286,2.7576,566.1422,93.4000,,2.9742,2.1006,2.1082,4.2165,6.3247,6.3247,6.3247,2.1082,-2.1006,3.0,3.0,1.41076,12,81,14,8,0E-8,0.04261939,,0E-8,0.000000,0.931740,0.014447,,2026-04-22,2026-05-17,20,175,59,26,0.769231,,,0.000000,,,,,,,,GLOBAL_BASELINE_NO_ENTITY_RANKING,,,NOT_APPLICABLE_GLOBAL_BASELINE,HF9g-P5,,,,X 全窗基线 · 不参与实体赏罚,8394165,840,A168_HF9F_20260827_0900,2026-08-27 09:00:00
2026-04-28,149034003,595,0,37.9482638670,8.0113001496,8.0113001496,0.5000000,12,6,0.36117979444444445,0.289561441667,0.707908721626459,1.136494441086063,0.707908721626459,0.07161835277744445,ELIGIBLE,R03b_20260811_FULL_v1,L1_ELIGIBILITY,v2026-08-11,2026-03-21..2026-08-06,baccarat_bet02_101_all_pairs_incl_sentinel,round_win = game_pnl > 0 (decisive only),COMPATIBILITY_ONLY_NOT_PRODUCTION,11322.8439,10549.9444,482.5727,3807,1868,-0.04261939,,-0.04261939,-0.04261939,-482.5727,11322.8439,OK,0.0000,19.3029,4.0000,96.0000,AG03-UNRESOLVED,ALL5_LEVELS_bet23_to_bet27,19.3029,19.3029,19.3029,19.3029,19.3029,4.000000,4.000000,4.000000,4.000000,4.000000,96.000000,96.000000,96.000000,96.000000,96.000000,5.0,96.5145,89.0961,386.0582,393.4766,PENDING_AG03,FALSE,NOT_FOR_ENFORCEMENT,463.2698,10127.9466,482.5727,463.2698,19.3029,0.04261939,0.04091462,19.3029,463.2698,0.04091462,19.3029,19.3029,19.3029,19.3029,19.3029,463.2698,0.04091462,96.5145,89.0961,386.0582,393.4766,0.03409552,0.03475069,0.00170478,2.9742,5.6477,0.2583,24.1286,2.7576,566.1422,93.4000,,2.9742,2.1006,2.1082,4.2165,6.3247,6.3247,6.3247,2.1082,-2.1006,3.0,3.0,1.41076,12,81,14,8,0E-8,0.04261939,,0E-8,0.000000,0.931740,0.014447,,2026-04-22,2026-05-17,20,175,59,26,0.769231,,,0.000000,,,,,,,,GLOBAL_BASELINE_NO_ENTITY_RANKING,,,NOT_APPLICABLE_GLOBAL_BASELINE,HF9g-P5,,,,X 全窗基线 · 不参与实体赏罚,8394166,840,A168_HF9F_20260827_0900,2026-08-27 09:00:00
2026-04-28,149034003,948,0,66.4094617672,-33.0993190396,-33.0993190396,0.3333333,21,12,0.36188564805555556,0.317409381944,-0.2058244714734011,0.11850902608500612,-0.2058244714734011,0.04447626611155556,ELIGIBLE,R03b_20260811_FULL_v1,L1_ELIGIBILITY,v2026-08-11,2026-03-21..2026-08-06,baccarat_bet02_101_all_pairs_incl_sentinel,round_win = game_pnl > 0 (decisive only),COMPATIBILITY_ONLY_NOT_PRODUCTION,11322.8439,10549.9444,482.5727,3807,1868,-0.04261939,,-0.04261939,-0.04261939,-482.5727,11322.8439,OK,0.0000,19.3029,4.0000,96.0000,AG03-UNRESOLVED,ALL5_LEVELS_bet23_to_bet27,19.3029,19.3029,19.3029,19.3029,19.3029,4.000000,4.000000,4.000000,4.000000,4.000000,96.000000,96.000000,96.000000,96.000000,96.000000,5.0,96.5145,89.0961,386.0582,393.4766,PENDING_AG03,FALSE,NOT_FOR_ENFORCEMENT,463.2698,10127.9466,482.5727,463.2698,19.3029,0.04261939,0.04091462,19.3029,463.2698,0.04091462,19.3029,19.3029,19.3029,19.3029,19.3029,463.2698,0.04091462,96.5145,89.0961,386.0582,393.4766,0.03409552,0.03475069,0.00170478,2.9742,5.6477,0.2583,24.1286,2.7576,566.1422,93.4000,,2.9742,2.1006,2.1082,4.2165,6.3247,6.3247,6.3247,2.1082,-2.1006,3.0,3.0,1.41076,12,81,14,8,0E-8,0.04261939,,0E-8,0.000000,0.931740,0.014447,,2026-04-22,2026-05-17,20,175,59,26,0.769231,,,0.000000,,,,,,,,GLOBAL_BASELINE_NO_ENTITY_RANKING,,,NOT_APPLICABLE_GLOBAL_BASELINE,HF9g-P5,,,,X 全窗基线 · 不参与实体赏罚,8394167,840,A168_HF9F_20260827_0900,2026-08-27 09:00:00
2026-04-29,149034003,1017,0,31.6235532225,1.7920013492,1.7920013492,0.5714286,13,11,0.46356829090909091,0.457023740909,0.572264076038686,0.6076221277001527,0.572264076038686,0.00654455000009091,ELIGIBLE,R03b_20260811_FULL_v1,L1_ELIGIBILITY,v2026-08-11,2026-03-21..2026-08-06,baccarat_bet02_101_all_pairs_incl_sentinel,round_win = game_pnl > 0 (decisive only),COMPATIBILITY_ONLY_NOT_PRODUCTION,11322.8439,10549.9444,482.5727,3807,1868,-0.04261939,,-0.04261939,-0.04261939,-482.5727,11322.8439,OK,0.0000,19.3029,4.0000,96.0000,AG03-UNRESOLVED,ALL5_LEVELS_bet23_to_bet27,19.3029,19.3029,19.3029,19.3029,19.3029,4.000000,4.000000,4.000000,4.000000,4.000000,96.000000,96.000000,96.000000,96.000000,96.000000,5.0,96.5145,89.0961,386.0582,393.4766,PENDING_AG03,FALSE,NOT_FOR_ENFORCEMENT,463.2698,10127.9466,482.5727,463.2698,19.3029,0.04261939,0.04091462,19.3029,463.2698,0.04091462,19.3029,19.3029,19.3029,19.3029,19.3029,463.2698,0.04091462,96.5145,89.0961,386.0582,393.4766,0.03409552,0.03475069,0.00170478,2.9742,5.6477,0.2583,24.1286,2.7576,566.1422,93.4000,,2.9742,2.1006,2.1082,4.2165,6.3247,6.3247,6.3247,2.1082,-2.1006,3.0,3.0,1.41076,12,81,14,8,0E-8,0.04261939,,0E-8,0.000000,0.931740,0.014447,,2026-04-22,2026-05-17,20,175,59,26,0.769231,,,0.000000,,,,,,,,GLOBAL_BASELINE_NO_ENTITY_RANKING,,,NOT_APPLICABLE_GLOBAL_BASELINE,HF9g-P5,,,,X 全窗基线 · 不参与实体赏罚,8394168,840,A168_HF9F_20260827_0900,2026-08-27 09:00:00
2026-04-29,149034003,1109,0,12.6494212890,20.9769569709,20.9769569709,0.6000000,6,5,0.45943270000000000,0.459432700000,0.6307154482916392,0.6307154482916392,0.6307154482916392,0E-17,ELIGIBLE,R03b_20260811_FULL_v1,L1_ELIGIBILITY,v2026-08-11,2026-03-21..2026-08-06,baccarat_bet02_101_all_pairs_incl_sentinel,round_win = game_pnl > 0 (decisive only),COMPATIBILITY_ONLY_NOT_PRODUCTION,11322.8439,10549.9444,482.5727,3807,1868,-0.04261939,,-0.04261939,-0.04261939,-482.5727,11322.8439,OK,0.0000,19.3029,4.0000,96.0000,AG03-UNRESOLVED,ALL5_LEVELS_bet23_to_bet27,19.3029,19.3029,19.3029,19.3029,19.3029,4.000000,4.000000,4.000000,4.000000,4.000000,96.000000,96.000000,96.000000,96.000000,96.000000,5.0,96.5145,89.0961,386.0582,393.4766,PENDING_AG03,FALSE,NOT_FOR_ENFORCEMENT,463.2698,10127.9466,482.5727,463.2698,19.3029,0.04261939,0.04091462,19.3029,463.2698,0.04091462,19.3029,19.3029,19.3029,19.3029,19.3029,463.2698,0.04091462,96.5145,89.0961,386.0582,393.4766,0.03409552,0.03475069,0.00170478,2.9742,5.6477,0.2583,24.1286,2.7576,566.1422,93.4000,,2.9742,2.1006,2.1082,4.2165,6.3247,6.3247,6.3247,2.1082,-2.1006,3.0,3.0,1.41076,12,81,14,8,0E-8,0.04261939,,0E-8,0.000000,0.931740,0.014447,,2026-04-22,2026-05-17,20,175,59,26,0.769231,,,0.000000,,,,,,,,GLOBAL_BASELINE_NO_ENTITY_RANKING,,,NOT_APPLICABLE_GLOBAL_BASELINE,HF9g-P5,,,,X 全窗基线 · 不参与实体赏罚,8394169,840,A168_HF9F_20260827_0900,2026-08-27 09:00:00
2026-04-29,149034003,1304,0,38.7915586196,-10.4357725635,-10.4357725635,0.4444444,13,9,0.39389751111111111,0.361901933333,0.3103497607348643,0.5152995528515074,0.3103497607348643,0.03199557777811111,ELIGIBLE,R03b_20260811_FULL_v1,L1_ELIGIBILITY,v2026-08-11,2026-03-21..2026-08-06,baccarat_bet02_101_all_pairs_incl_sentinel,round_win = game_pnl > 0 (decisive only),COMPATIBILITY_ONLY_NOT_PRODUCTION,11322.8439,10549.9444,482.5727,3807,1868,-0.04261939,,-0.04261939,-0.04261939,-482.5727,11322.8439,OK,0.0000,19.3029,4.0000,96.0000,AG03-UNRESOLVED,ALL5_LEVELS_bet23_to_bet27,19.3029,19.3029,19.3029,19.3029,19.3029,4.000000,4.000000,4.000000,4.000000,4.000000,96.000000,96.000000,96.000000,96.000000,96.000000,5.0,96.5145,89.0961,386.0582,393.4766,PENDING_AG03,FALSE,NOT_FOR_ENFORCEMENT,463.2698,10127.9466,482.5727,463.2698,19.3029,0.04261939,0.04091462,19.3029,463.2698,0.04091462,19.3029,19.3029,19.3029,19.3029,19.3029,463.2698,0.04091462,96.5145,89.0961,386.0582,393.4766,0.03409552,0.03475069,0.00170478,2.9742,5.6477,0.2583,24.1286,2.7576,566.1422,93.4000,,2.9742,2.1006,2.1082,4.2165,6.3247,6.3247,6.3247,2.1082,-2.1006,3.0,3.0,1.41076,12,81,14,8,0E-8,0.04261939,,0E-8,0.000000,0.931740,0.014447,,2026-04-22,2026-05-17,20,175,59,26,0.769231,,,0.000000,,,,,,,,GLOBAL_BASELINE_NO_ENTITY_RANKING,,,NOT_APPLICABLE_GLOBAL_BASELINE,HF9g-P5,,,,X 全窗基线 · 不参与实体赏罚,8394170,840,A168_HF9F_20260827_0900,2026-08-27 09:00:00
2026-04-29,149034003,1353,0,2.1082368815,2.0028250374,2.0028250374,1.0000000,1,1,0.50665070000000000,0.506650700000,0.9867858985152569,0.9867858985152569,0.9867858985152569,0E-17,ELIGIBLE,R03b_20260811_FULL_v1,L1_ELIGIBILITY,v2026-08-11,2026-03-21..2026-08-06,baccarat_bet02_101_all_pairs_incl_sentinel,round_win = game_pnl > 0 (decisive only),COMPATIBILITY_ONLY_NOT_PRODUCTION,11322.8439,10549.9444,482.5727,3807,1868,-0.04261939,,-0.04261939,-0.04261939,-482.5727,11322.8439,OK,0.0000,19.3029,4.0000,96.0000,AG03-UNRESOLVED,ALL5_LEVELS_bet23_to_bet27,19.3029,19.3029,19.3029,19.3029,19.3029,4.000000,4.000000,4.000000,4.000000,4.000000,96.000000,96.000000,96.000000,96.000000,96.000000,5.0,96.5145,89.0961,386.0582,393.4766,PENDING_AG03,FALSE,NOT_FOR_ENFORCEMENT,463.2698,10127.9466,482.5727,463.2698,19.3029,0.04261939,0.04091462,19.3029,463.2698,0.04091462,19.3029,19.3029,19.3029,19.3029,19.3029,463.2698,0.04091462,96.5145,89.0961,386.0582,393.4766,0.03409552,0.03475069,0.00170478,2.9742,5.6477,0.2583,24.1286,2.7576,566.1422,93.4000,,2.9742,2.1006,2.1082,4.2165,6.3247,6.3247,6.3247,2.1082,-2.1006,3.0,3.0,1.41076,12,81,14,8,0E-8,0.04261939,,0E-8,0.000000,0.931740,0.014447,,2026-04-22,2026-05-17,20,175,59,26,0.769231,,,0.000000,,,,,,,,GLOBAL_BASELINE_NO_ENTITY_RANKING,,,NOT_APPLICABLE_GLOBAL_BASELINE,HF9g-P5,,,,X 全窗基线 · 不参与实体赏罚,8394171,840,A168_HF9F_20260827_0900,2026-08-27 09:00:00
2026-04-29,149034003,1485,0,25.2988425780,-10.5411844075,-10.5411844075,0.3750000,11,9,0.45846282222222222,0.450463927778,-0.47377469313760356,-0.42899900705093225,-0.47377469313760356,0.00799889444422222,ELIGIBLE,R03b_20260811_FULL_v1,L1_ELIGIBILITY,v2026-08-11,2026-03-21..2026-08-06,baccarat_bet02_101_all_pairs_incl_sentinel,round_win = game_pnl > 0 (decisive only),COMPATIBILITY_ONLY_NOT_PRODUCTION,11322.8439,10549.9444,482.5727,3807,1868,-0.04261939,,-0.04261939,-0.04261939,-482.5727,11322.8439,OK,0.0000,19.3029,4.0000,96.0000,AG03-UNRESOLVED,ALL5_LEVELS_bet23_to_bet27,19.3029,19.3029,19.3029,19.3029,19.3029,4.000000,4.000000,4.000000,4.000000,4.000000,96.000000,96.000000,96.000000,96.000000,96.000000,5.0,96.5145,89.0961,386.0582,393.4766,PENDING_AG03,FALSE,NOT_FOR_ENFORCEMENT,463.2698,10127.9466,482.5727,463.2698,19.3029,0.04261939,0.04091462,19.3029,463.2698,0.04091462,19.3029,19.3029,19.3029,19.3029,19.3029,463.2698,0.04091462,96.5145,89.0961,386.0582,393.4766,0.03409552,0.03475069,0.00170478,2.9742,5.6477,0.2583,24.1286,2.7576,566.1422,93.4000,,2.9742,2.1006,2.1082,4.2165,6.3247,6.3247,6.3247,2.1082,-2.1006,3.0,3.0,1.41076,12,81,14,8,0E-8,0.04261939,,0E-8,0.000000,0.931740,0.014447,,2026-04-22,2026-05-17,20,175,59,26,0.769231,,,0.000000,,,,,,,,GLOBAL_BASELINE_NO_ENTITY_RANKING,,,NOT_APPLICABLE_GLOBAL_BASELINE,HF9g-P5,,,,X 全窗基线 · 不参与实体赏罚,8394172,840,A168_HF9F_20260827_0900,2026-08-27 09:00:00
2026-04-29,149034003,1702,0,14.7576581705,-10.5411844075,-10.5411844075,0E-7,4,3,0.45418893333333333,0.430192250000,-1.2900665166220442,-1.2288025757500067,-1.2900665166220442,0.02399668333333333,ELIGIBLE,R03b_20260811_FULL_v1,L1_ELIGIBILITY,v2026-08-11,2026-03-21..2026-08-06,baccarat_bet02_101_all_pairs_incl_sentinel,round_win = game_pnl > 0 (decisive only),COMPATIBILITY_ONLY_NOT_PRODUCTION,11322.8439,10549.9444,482.5727,3807,1868,-0.04261939,,-0.04261939,-0.04261939,-482.5727,11322.8439,OK,0.0000,19.3029,4.0000,96.0000,AG03-UNRESOLVED,ALL5_LEVELS_bet23_to_bet27,19.3029,19.3029,19.3029,19.3029,19.3029,4.000000,4.000000,4.000000,4.000000,4.000000,96.000000,96.000000,96.000000,96.000000,96.000000,5.0,96.5145,89.0961,386.0582,393.4766,PENDING_AG03,FALSE,NOT_FOR_ENFORCEMENT,463.2698,10127.9466,482.5727,463.2698,19.3029,0.04261939,0.04091462,19.3029,463.2698,0.04091462,19.3029,19.3029,19.3029,19.3029,19.3029,463.2698,0.04091462,96.5145,89.0961,386.0582,393.4766,0.03409552,0.03475069,0.00170478,2.9742,5.6477,0.2583,24.1286,2.7576,566.1422,93.4000,,2.9742,2.1006,2.1082,4.2165,6.3247,6.3247,6.3247,2.1082,-2.1006,3.0,3.0,1.41076,12,81,14,8,0E-8,0.04261939,,0E-8,0.000000,0.931740,0.014447,,2026-04-22,2026-05-17,20,175,59,26,0.769231,,,0.000000,,,,,,,,GLOBAL_BASELINE_NO_ENTITY_RANKING,,,NOT_APPLICABLE_GLOBAL_BASELINE,HF9g-P5,,,,X 全窗基线 · 不参与实体赏罚,8394173,840,A168_HF9F_20260827_0900,2026-08-27 09:00:00
2026-04-29,149034003,1710,0,2.1082368815,-2.1082368815,-2.1082368815,0E-7,1,1,0.50665070000000000,0.506650700000,-1.013391052207602,-1.013391052207602,-1.013391052207602,0E-17,ELIGIBLE,R03b_20260811_FULL_v1,L1_ELIGIBILITY,v2026-08-11,2026-03-21..2026-08-06,baccarat_bet02_101_all_pairs_incl_sentinel,round_win = game_pnl > 0 (decisive only),COMPATIBILITY_ONLY_NOT_PRODUCTION,11322.8439,10549.9444,482.5727,3807,1868,-0.04261939,,-0.04261939,-0.04261939,-482.5727,11322.8439,OK,0.0000,19.3029,4.0000,96.0000,AG03-UNRESOLVED,ALL5_LEVELS_bet23_to_bet27,19.3029,19.3029,19.3029,19.3029,19.3029,4.000000,4.000000,4.000000,4.000000,4.000000,96.000000,96.000000,96.000000,96.000000,96.000000,5.0,96.5145,89.0961,386.0582,393.4766,PENDING_AG03,FALSE,NOT_FOR_ENFORCEMENT,463.2698,10127.9466,482.5727,463.2698,19.3029,0.04261939,0.04091462,19.3029,463.2698,0.04091462,19.3029,19.3029,19.3029,19.3029,19.3029,463.2698,0.04091462,96.5145,89.0961,386.0582,393.4766,0.03409552,0.03475069,0.00170478,2.9742,5.6477,0.2583,24.1286,2.7576,566.1422,93.4000,,2.9742,2.1006,2.1082,4.2165,6.3247,6.3247,6.3247,2.1082,-2.1006,3.0,3.0,1.41076,12,81,14,8,0E-8,0.04261939,,0E-8,0.000000,0.931740,0.014447,,2026-04-22,2026-05-17,20,175,59,26,0.769231,,,0.000000,,,,,,,,GLOBAL_BASELINE_NO_ENTITY_RANKING,,,NOT_APPLICABLE_GLOBAL_BASELINE,HF9g-P5,,,,X 全窗基线 · 不参与实体赏罚,8394174,840,A168_HF9F_20260827_0900,2026-08-27 09:00:00
2026-04-29,149034003,1940,0,27.4070794595,-2.1082368815,-2.1082368815,0.4000000,11,8,0.37812771250000000,0.369128956250,0.10085776788215071,0.14304640935193724,0.10085776788215071,0.00899875625000000,ELIGIBLE,R03b_20260811_FULL_v1,L1_ELIGIBILITY,v2026-08-11,2026-03-21..2026-08-06,baccarat_bet02_101_all_pairs_incl_sentinel,round_win = game_pnl > 0 (decisive only),COMPATIBILITY_ONLY_NOT_PRODUCTION,11322.8439,10549.9444,482.5727,3807,1868,-0.04261939,,-0.04261939,-0.04261939,-482.5727,11322.8439,OK,0.0000,19.3029,4.0000,96.0000,AG03-UNRESOLVED,ALL5_LEVELS_bet23_to_bet27,19.3029,19.3029,19.3029,19.3029,19.3029,4.000000,4.000000,4.000000,4.000000,4.000000,96.000000,96.000000,96.000000,96.000000,96.000000,5.0,96.5145,89.0961,386.0582,393.4766,PENDING_AG03,FALSE,NOT_FOR_ENFORCEMENT,463.2698,10127.9466,482.5727,463.2698,19.3029,0.04261939,0.04091462,19.3029,463.2698,0.04091462,19.3029,19.3029,19.3029,19.3029,19.3029,463.2698,0.04091462,96.5145,89.0961,386.0582,393.4766,0.03409552,0.03475069,0.00170478,2.9742,5.6477,0.2583,24.1286,2.7576,566.1422,93.4000,,2.9742,2.1006,2.1082,4.2165,6.3247,6.3247,6.3247,2.1082,-2.1006,3.0,3.0,1.41076,12,81,14,8,0E-8,0.04261939,,0E-8,0.000000,0.931740,0.014447,,2026-04-22,2026-05-17,20,175,59,26,0.769231,,,0.000000,,,,,,,,GLOBAL_BASELINE_NO_ENTITY_RANKING,,,NOT_APPLICABLE_GLOBAL_BASELINE,HF9g-P5,,,,X 全窗基线 · 不参与实体赏罚,8394175,840,A168_HF9F_20260827_0900,2026-08-27 09:00:00
2026-04-29,149034003,462,0,75.8965277340,-12.9656568213,-12.9656568213,0.3333333,29,21,0.40557009206349206,0.392070100000,-0.6741935782016726,-0.551329295136603,-0.6741935782016726,0.01349999206349206,ELIGIBLE,R03b_20260811_FULL_v1,L1_ELIGIBILITY,v2026-08-11,2026-03-21..2026-08-06,baccarat_bet02_101_all_pairs_incl_sentinel,round_win = game_pnl > 0 (decisive only),COMPATIBILITY_ONLY_NOT_PRODUCTION,11322.8439,10549.9444,482.5727,3807,1868,-0.04261939,,-0.04261939,-0.04261939,-482.5727,11322.8439,OK,0.0000,19.3029,4.0000,96.0000,AG03-UNRESOLVED,ALL5_LEVELS_bet23_to_bet27,19.3029,19.3029,19.3029,19.3029,19.3029,4.000000,4.000000,4.000000,4.000000,4.000000,96.000000,96.000000,96.000000,96.000000,96.000000,5.0,96.5145,89.0961,386.0582,393.4766,PENDING_AG03,FALSE,NOT_FOR_ENFORCEMENT,463.2698,10127.9466,482.5727,463.2698,19.3029,0.04261939,0.04091462,19.3029,463.2698,0.04091462,19.3029,19.3029,19.3029,19.3029,19.3029,463.2698,0.04091462,96.5145,89.0961,386.0582,393.4766,0.03409552,0.03475069,0.00170478,2.9742,5.6477,0.2583,24.1286,2.7576,566.1422,93.4000,,2.9742,2.1006,2.1082,4.2165,6.3247,6.3247,6.3247,2.1082,-2.1006,3.0,3.0,1.41076,12,81,14,8,0E-8,0.04261939,,0E-8,0.000000,0.931740,0.014447,,2026-04-22,2026-05-17,20,175,59,26,0.769231,,,0.000000,,,,,,,,GLOBAL_BASELINE_NO_ENTITY_RANKING,,,NOT_APPLICABLE_GLOBAL_BASELINE,HF9g-P5,,,,X 全窗基线 · 不参与实体赏罚,8394176,840,A168_HF9F_20260827_0900,2026-08-27 09:00:00
2026-04-29,149034003,529,0,16.8658950520,-8.4329475260,-8.4329475260,0.2500000,6,4,0.41412273750000000,0.396125225000,-0.6663937081227795,-0.5975379527071623,-0.6663937081227795,0.01799751250000000,ELIGIBLE,R03b_20260811_FULL_v1,L1_ELIGIBILITY,v2026-08-11,2026-03-21..2026-08-06,baccarat_bet02_101_all_pairs_incl_sentinel,round_win = game_pnl > 0 (decisive only),COMPATIBILITY_ONLY_NOT_PRODUCTION,11322.8439,10549.9444,482.5727,3807,1868,-0.04261939,,-0.04261939,-0.04261939,-482.5727,11322.8439,OK,0.0000,19.3029,4.0000,96.0000,AG03-UNRESOLVED,ALL5_LEVELS_bet23_to_bet27,19.3029,19.3029,19.3029,19.3029,19.3029,4.000000,4.000000,4.000000,4.000000,4.000000,96.000000,96.000000,96.000000,96.000000,96.000000,5.0,96.5145,89.0961,386.0582,393.4766,PENDING_AG03,FALSE,NOT_FOR_ENFORCEMENT,463.2698,10127.9466,482.5727,463.2698,19.3029,0.04261939,0.04091462,19.3029,463.2698,0.04091462,19.3029,19.3029,19.3029,19.3029,19.3029,463.2698,0.04091462,96.5145,89.0961,386.0582,393.4766,0.03409552,0.03475069,0.00170478,2.9742,5.6477,0.2583,24.1286,2.7576,566.1422,93.4000,,2.9742,2.1006,2.1082,4.2165,6.3247,6.3247,6.3247,2.1082,-2.1006,3.0,3.0,1.41076,12,81,14,8,0E-8,0.04261939,,0E-8,0.000000,0.931740,0.014447,,2026-04-22,2026-05-17,20,175,59,26,0.769231,,,0.000000,,,,,,,,GLOBAL_BASELINE_NO_ENTITY_RANKING,,,NOT_APPLICABLE_GLOBAL_BASELINE,HF9g-P5,,,,X 全窗基线 · 不参与实体赏罚,8394177,840,A168_HF9F_20260827_0900,2026-08-27 09:00:00
2026-04-29,149034003,772,0,75.8965277340,28.4611979000,28.4611979000,0.5652174,31,26,0.43092601730769231,0.428157169231,1.3005477803066225,1.328419978944054,1.3005477803066225,0.00276884807669231,ELIGIBLE,R03b_20260811_FULL_v1,L1_ELIGIBILITY,v2026-08-11,2026-03-21..2026-08-06,baccarat_bet02_101_all_pairs_incl_sentinel,round_win = game_pnl > 0 (decisive only),COMPATIBILITY_ONLY_NOT_PRODUCTION,11322.8439,10549.9444,482.5727,3807,1868,-0.04261939,,-0.04261939,-0.04261939,-482.5727,11322.8439,OK,0.0000,19.3029,4.0000,96.0000,AG03-UNRESOLVED,ALL5_LEVELS_bet23_to_bet27,19.3029,19.3029,19.3029,19.3029,19.3029,4.000000,4.000000,4.000000,4.000000,4.000000,96.000000,96.000000,96.000000,96.000000,96.000000,5.0,96.5145,89.0961,386.0582,393.4766,PENDING_AG03,FALSE,NOT_FOR_ENFORCEMENT,463.2698,10127.9466,482.5727,463.2698,19.3029,0.04261939,0.04091462,19.3029,463.2698,0.04091462,19.3029,19.3029,19.3029,19.3029,19.3029,463.2698,0.04091462,96.5145,89.0961,386.0582,393.4766,0.03409552,0.03475069,0.00170478,2.9742,5.6477,0.2583,24.1286,2.7576,566.1422,93.4000,,2.9742,2.1006,2.1082,4.2165,6.3247,6.3247,6.3247,2.1082,-2.1006,3.0,3.0,1.41076,12,81,14,8,0E-8,0.04261939,,0E-8,0.000000,0.931740,0.014447,,2026-04-22,2026-05-17,20,175,59,26,0.769231,,,0.000000,,,,,,,,GLOBAL_BASELINE_NO_ENTITY_RANKING,,,NOT_APPLICABLE_GLOBAL_BASELINE,HF9g-P5,,,,X 全窗基线 · 不参与实体赏罚,8394178,840,A168_HF9F_20260827_0900,2026-08-27 09:00:00
2026-05-01,149034003,1385,0,6.3018590484,-2.1006196828,-2.1006196828,0E-7,2,1,0.36267060000000000,0.290680550000,-0.7543522654270516,-0.6401578158977228,-0.7543522654270516,0.07199005000000000,ELIGIBLE,R03b_20260811_FULL_v1,L1_ELIGIBILITY,v2026-08-11,2026-03-21..2026-08-06,baccarat_bet02_101_all_pairs_incl_sentinel,round_win = game_pnl > 0 (decisive only),COMPATIBILITY_ONLY_NOT_PRODUCTION,11322.8439,10549.9444,482.5727,3807,1868,-0.04261939,,-0.04261939,-0.04261939,-482.5727,11322.8439,OK,0.0000,19.3029,4.0000,96.0000,AG03-UNRESOLVED,ALL5_LEVELS_bet23_to_bet27,19.3029,19.3029,19.3029,19.3029,19.3029,4.000000,4.000000,4.000000,4.000000,4.000000,96.000000,96.000000,96.000000,96.000000,96.000000,5.0,96.5145,89.0961,386.0582,393.4766,PENDING_AG03,FALSE,NOT_FOR_ENFORCEMENT,463.2698,10127.9466,482.5727,463.2698,19.3029,0.04261939,0.04091462,19.3029,463.2698,0.04091462,19.3029,19.3029,19.3029,19.3029,19.3029,463.2698,0.04091462,96.5145,89.0961,386.0582,393.4766,0.03409552,0.03475069,0.00170478,2.9742,5.6477,0.2583,24.1286,2.7576,566.1422,93.4000,,2.9742,2.1006,2.1082,4.2165,6.3247,6.3247,6.3247,2.1082,-2.1006,3.0,3.0,1.41076,12,81,14,8,0E-8,0.04261939,,0E-8,0.000000,0.931740,0.014447,,2026-04-22,2026-05-17,20,175,59,26,0.769231,,,0.000000,,,,,,,,GLOBAL_BASELINE_NO_ENTITY_RANKING,,,NOT_APPLICABLE_GLOBAL_BASELINE,HF9g-P5,,,,X 全窗基线 · 不参与实体赏罚,8394179,840,A168_HF9F_20260827_0900,2026-08-27 09:00:00
2026-05-01,149034003,1704,0,18.6955151769,-1.8905577145,-1.8905577145,0.5000000,7,6,0.33431838620705450,0.321088066667,0.8602734691681054,0.9386336727919016,0.8602734691681054,0.01323031954005450,ELIGIBLE,R03b_20260811_FULL_v1,L1_ELIGIBILITY,v2026-08-11,2026-03-21..2026-08-06,baccarat_bet02_101_all_pairs_incl_sentinel,round_win = game_pnl > 0 (decisive only),COMPATIBILITY_ONLY_NOT_PRODUCTION,11322.8439,10549.9444,482.5727,3807,1868,-0.04261939,,-0.04261939,-0.04261939,-482.5727,11322.8439,OK,0.0000,19.3029,4.0000,96.0000,AG03-UNRESOLVED,ALL5_LEVELS_bet23_to_bet27,19.3029,19.3029,19.3029,19.3029,19.3029,4.000000,4.000000,4.000000,4.000000,4.000000,96.000000,96.000000,96.000000,96.000000,96.000000,5.0,96.5145,89.0961,386.0582,393.4766,PENDING_AG03,FALSE,NOT_FOR_ENFORCEMENT,463.2698,10127.9466,482.5727,463.2698,19.3029,0.04261939,0.04091462,19.3029,463.2698,0.04091462,19.3029,19.3029,19.3029,19.3029,19.3029,463.2698,0.04091462,96.5145,89.0961,386.0582,393.4766,0.03409552,0.03475069,0.00170478,2.9742,5.6477,0.2583,24.1286,2.7576,566.1422,93.4000,,2.9742,2.1006,2.1082,4.2165,6.3247,6.3247,6.3247,2.1082,-2.1006,3.0,3.0,1.41076,12,81,14,8,0E-8,0.04261939,,0E-8,0.000000,0.931740,0.014447,,2026-04-22,2026-05-17,20,175,59,26,0.769231,,,0.000000,,,,,,,,GLOBAL_BASELINE_NO_ENTITY_RANKING,,,NOT_APPLICABLE_GLOBAL_BASELINE,HF9g-P5,,,,X 全窗基线 · 不参与实体赏罚,8394180,840,A168_HF9F_20260827_0900,2026-08-27 09:00:00
2026-05-01,149034003,2142,0,21.6363827328,-4.0962083815,-4.0962083815,0.3750000,11,11,0.42324148181818182,0.423241481818,-0.27616873530161684,-0.27616873530059177,-0.27616873530161684,1.8182E-13,ELIGIBLE,R03b_20260811_FULL_v1,L1_ELIGIBILITY,v2026-08-11,2026-03-21..2026-08-06,baccarat_bet02_101_all_pairs_incl_sentinel,round_win = game_pnl > 0 (decisive only),COMPATIBILITY_ONLY_NOT_PRODUCTION,11322.8439,10549.9444,482.5727,3807,1868,-0.04261939,,-0.04261939,-0.04261939,-482.5727,11322.8439,OK,0.0000,19.3029,4.0000,96.0000,AG03-UNRESOLVED,ALL5_LEVELS_bet23_to_bet27,19.3029,19.3029,19.3029,19.3029,19.3029,4.000000,4.000000,4.000000,4.000000,4.000000,96.000000,96.000000,96.000000,96.000000,96.000000,5.0,96.5145,89.0961,386.0582,393.4766,PENDING_AG03,FALSE,NOT_FOR_ENFORCEMENT,463.2698,10127.9466,482.5727,463.2698,19.3029,0.04261939,0.04091462,19.3029,463.2698,0.04091462,19.3029,19.3029,19.3029,19.3029,19.3029,463.2698,0.04091462,96.5145,89.0961,386.0582,393.4766,0.03409552,0.03475069,0.00170478,2.9742,5.6477,0.2583,24.1286,2.7576,566.1422,93.4000,,2.9742,2.1006,2.1082,4.2165,6.3247,6.3247,6.3247,2.1082,-2.1006,3.0,3.0,1.41076,12,81,14,8,0E-8,0.04261939,,0E-8,0.000000,0.931740,0.014447,,2026-04-22,2026-05-17,20,175,59,26,0.769231,,,0.000000,,,,,,,,GLOBAL_BASELINE_NO_ENTITY_RANKING,,,NOT_APPLICABLE_GLOBAL_BASELINE,HF9g-P5,,,,X 全窗基线 · 不参与实体赏罚,8394181,840,A168_HF9F_20260827_0900,2026-08-27 09:00:00
2026-05-03,149034003,1947,0,45.1633231802,-9.7678815250,-9.7678815250,0.5000000,16,12,0.45120933055555556,0.427398495833,0.3396526479042568,0.5083859089633287,0.3396526479042568,0.02381083472255556,ELIGIBLE,R03b_20260811_FULL_v1,L1_ELIGIBILITY,v2026-08-11,2026-03-21..2026-08-06,baccarat_bet02_101_all_pairs_incl_sentinel,round_win = game_pnl > 0 (decisive only),COMPATIBILITY_ONLY_NOT_PRODUCTION,11322.8439,10549.9444,482.5727,3807,1868,-0.04261939,,-0.04261939,-0.04261939,-482.5727,11322.8439,OK,0.0000,19.3029,4.0000,96.0000,AG03-UNRESOLVED,ALL5_LEVELS_bet23_to_bet27,19.3029,19.3029,19.3029,19.3029,19.3029,4.000000,4.000000,4.000000,4.000000,4.000000,96.000000,96.000000,96.000000,96.000000,96.000000,5.0,96.5145,89.0961,386.0582,393.4766,PENDING_AG03,FALSE,NOT_FOR_ENFORCEMENT,463.2698,10127.9466,482.5727,463.2698,19.3029,0.04261939,0.04091462,19.3029,463.2698,0.04091462,19.3029,19.3029,19.3029,19.3029,19.3029,463.2698,0.04091462,96.5145,89.0961,386.0582,393.4766,0.03409552,0.03475069,0.00170478,2.9742,5.6477,0.2583,24.1286,2.7576,566.1422,93.4000,,2.9742,2.1006,2.1082,4.2165,6.3247,6.3247,6.3247,2.1082,-2.1006,3.0,3.0,1.41076,12,81,14,8,0E-8,0.04261939,,0E-8,0.000000,0.931740,0.014447,,2026-04-22,2026-05-17,20,175,59,26,0.769231,,,0.000000,,,,,,,,GLOBAL_BASELINE_NO_ENTITY_RANKING,,,NOT_APPLICABLE_GLOBAL_BASELINE,HF9g-P5,,,,X 全窗基线 · 不参与实体赏罚,8394182,840,A168_HF9F_20260827_0900,2026-08-27 09:00:00
2026-05-03,149034003,2108,0,2.1006196828,-2.1006196828,-2.1006196828,0E-7,1,1,0.50665070000000000,0.506650700000,-1.013391052207602,-1.013391052207602,-1.013391052207602,0E-17,ELIGIBLE,R03b_20260811_FULL_v1,L1_ELIGIBILITY,v2026-08-11,2026-03-21..2026-08-06,baccarat_bet02_101_all_pairs_incl_sentinel,round_win = game_pnl > 0 (decisive only),COMPATIBILITY_ONLY_NOT_PRODUCTION,11322.8439,10549.9444,482.5727,3807,1868,-0.04261939,,-0.04261939,-0.04261939,-482.5727,11322.8439,OK,0.0000,19.3029,4.0000,96.0000,AG03-UNRESOLVED,ALL5_LEVELS_bet23_to_bet27,19.3029,19.3029,19.3029,19.3029,19.3029,4.000000,4.000000,4.000000,4.000000,4.000000,96.000000,96.000000,96.000000,96.000000,96.000000,5.0,96.5145,89.0961,386.0582,393.4766,PENDING_AG03,FALSE,NOT_FOR_ENFORCEMENT,463.2698,10127.9466,482.5727,463.2698,19.3029,0.04261939,0.04091462,19.3029,463.2698,0.04091462,19.3029,19.3029,19.3029,19.3029,19.3029,463.2698,0.04091462,96.5145,89.0961,386.0582,393.4766,0.03409552,0.03475069,0.00170478,2.9742,5.6477,0.2583,24.1286,2.7576,566.1422,93.4000,,2.9742,2.1006,2.1082,4.2165,6.3247,6.3247,6.3247,2.1082,-2.1006,3.0,3.0,1.41076,12,81,14,8,0E-8,0.04261939,,0E-8,0.000000,0.931740,0.014447,,2026-04-22,2026-05-17,20,175,59,26,0.769231,,,0.000000,,,,,,,,GLOBAL_BASELINE_NO_ENTITY_RANKING,,,NOT_APPLICABLE_GLOBAL_BASELINE,HF9g-P5,,,,X 全窗基线 · 不参与实体赏罚,8394183,840,A168_HF9F_20260827_0900,2026-08-27 09:00:00
2026-05-03,149034003,2267,0,71.4210692152,-21.7414137170,-21.7414137170,0.3333333,25,16,0.40333461458333333,0.380976859375,-0.5526541672925378,-0.3799677912606626,-0.5526541672925378,0.02235775520833333,ELIGIBLE,R03b_20260811_FULL_v1,L1_ELIGIBILITY,v2026-08-11,2026-03-21..2026-08-06,baccarat_bet02_101_all_pairs_incl_sentinel,round_win = game_pnl > 0 (decisive only),COMPATIBILITY_ONLY_NOT_PRODUCTION,11322.8439,10549.9444,482.5727,3807,1868,-0.04261939,,-0.04261939,-0.04261939,-482.5727,11322.8439,OK,0.0000,19.3029,4.0000,96.0000,AG03-UNRESOLVED,ALL5_LEVELS_bet23_to_bet27,19.3029,19.3029,19.3029,19.3029,19.3029,4.000000,4.000000,4.000000,4.000000,4.000000,96.000000,96.000000,96.000000,96.000000,96.000000,5.0,96.5145,89.0961,386.0582,393.4766,PENDING_AG03,FALSE,NOT_FOR_ENFORCEMENT,463.2698,10127.9466,482.5727,463.2698,19.3029,0.04261939,0.04091462,19.3029,463.2698,0.04091462,19.3029,19.3029,19.3029,19.3029,19.3029,463.2698,0.04091462,96.5145,89.0961,386.0582,393.4766,0.03409552,0.03475069,0.00170478,2.9742,5.6477,0.2583,24.1286,2.7576,566.1422,93.4000,,2.9742,2.1006,2.1082,4.2165,6.3247,6.3247,6.3247,2.1082,-2.1006,3.0,3.0,1.41076,12,81,14,8,0E-8,0.04261939,,0E-8,0.000000,0.931740,0.014447,,2026-04-22,2026-05-17,20,175,59,26,0.769231,,,0.000000,,,,,,,,GLOBAL_BASELINE_NO_ENTITY_RANKING,,,NOT_APPLICABLE_GLOBAL_BASELINE,HF9g-P5,,,,X 全窗基线 · 不参与实体赏罚,8394184,840,A168_HF9F_20260827_0900,2026-08-27 09:00:00
2026-05-03,149034003,948,0,8.4024787312,-8.4024787312,-8.4024787312,0E-7,3,1,0.28569120000000000,0.216506433333,-0.6324197604932724,-0.5256754382229565,-0.6324197604932724,0.06918476666700000,ELIGIBLE,R03b_20260811_FULL_v1,L1_ELIGIBILITY,v2026-08-11,2026-03-21..2026-08-06,baccarat_bet02_101_all_pairs_incl_sentinel,round_win = game_pnl > 0 (decisive only),COMPATIBILITY_ONLY_NOT_PRODUCTION,11322.8439,10549.9444,482.5727,3807,1868,-0.04261939,,-0.04261939,-0.04261939,-482.5727,11322.8439,OK,0.0000,19.3029,4.0000,96.0000,AG03-UNRESOLVED,ALL5_LEVELS_bet23_to_bet27,19.3029,19.3029,19.3029,19.3029,19.3029,4.000000,4.000000,4.000000,4.000000,4.000000,96.000000,96.000000,96.000000,96.000000,96.000000,5.0,96.5145,89.0961,386.0582,393.4766,PENDING_AG03,FALSE,NOT_FOR_ENFORCEMENT,463.2698,10127.9466,482.5727,463.2698,19.3029,0.04261939,0.04091462,19.3029,463.2698,0.04091462,19.3029,19.3029,19.3029,19.3029,19.3029,463.2698,0.04091462,96.5145,89.0961,386.0582,393.4766,0.03409552,0.03475069,0.00170478,2.9742,5.6477,0.2583,24.1286,2.7576,566.1422,93.4000,,2.9742,2.1006,2.1082,4.2165,6.3247,6.3247,6.3247,2.1082,-2.1006,3.0,3.0,1.41076,12,81,14,8,0E-8,0.04261939,,0E-8,0.000000,0.931740,0.014447,,2026-04-22,2026-05-17,20,175,59,26,0.769231,,,0.000000,,,,,,,,GLOBAL_BASELINE_NO_ENTITY_RANKING,,,NOT_APPLICABLE_GLOBAL_BASELINE,HF9g-P5,,,,X 全窗基线 · 不参与实体赏罚,8394185,840,A168_HF9F_20260827_0900,2026-08-27 09:00:00
2026-05-06,149034003,1151,0,48.3142527044,-4.7263942862,-4.7263942862,0.4117647,20,17,0.43879167352941176,0.438791673529,-0.22455903874731947,-0.22455903874392136,-0.22455903874731947,4.1176E-13,ELIGIBLE,R03b_20260811_FULL_v1,L1_ELIGIBILITY,v2026-08-11,2026-03-21..2026-08-06,baccarat_bet02_101_all_pairs_incl_sentinel,round_win = game_pnl > 0 (decisive only),COMPATIBILITY_ONLY_NOT_PRODUCTION,11322.8439,10549.9444,482.5727,3807,1868,-0.04261939,,-0.04261939,-0.04261939,-482.5727,11322.8439,OK,0.0000,19.3029,4.0000,96.0000,AG03-UNRESOLVED,ALL5_LEVELS_bet23_to_bet27,19.3029,19.3029,19.3029,19.3029,19.3029,4.000000,4.000000,4.000000,4.000000,4.000000,96.000000,96.000000,96.000000,96.000000,96.000000,5.0,96.5145,89.0961,386.0582,393.4766,PENDING_AG03,FALSE,NOT_FOR_ENFORCEMENT,463.2698,10127.9466,482.5727,463.2698,19.3029,0.04261939,0.04091462,19.3029,463.2698,0.04091462,19.3029,19.3029,19.3029,19.3029,19.3029,463.2698,0.04091462,96.5145,89.0961,386.0582,393.4766,0.03409552,0.03475069,0.00170478,2.9742,5.6477,0.2583,24.1286,2.7576,566.1422,93.4000,,2.9742,2.1006,2.1082,4.2165,6.3247,6.3247,6.3247,2.1082,-2.1006,3.0,3.0,1.41076,12,81,14,8,0E-8,0.04261939,,0E-8,0.000000,0.931740,0.014447,,2026-04-22,2026-05-17,20,175,59,26,0.769231,,,0.000000,,,,,,,,GLOBAL_BASELINE_NO_ENTITY_RANKING,,,NOT_APPLICABLE_GLOBAL_BASELINE,HF9g-P5,,,,X 全窗基线 · 不参与实体赏罚,8394186,840,A168_HF9F_20260827_0900,2026-08-27 09:00:00
2026-05-07,149034003,1004,0,100.8297447744,34.6602247664,34.6602247664,0.5384615,32,13,0.35370650551282051,0.286377523077,1.3932579764492146,2.0105425080314676,1.3932579764492146,0.06732898243582051,ELIGIBLE,R03b_20260811_FULL_v1,L1_ELIGIBILITY,v2026-08-11,2026-03-21..2026-08-06,baccarat_bet02_101_all_pairs_incl_sentinel,round_win = game_pnl > 0 (decisive only),COMPATIBILITY_ONLY_NOT_PRODUCTION,11322.8439,10549.9444,482.5727,3807,1868,-0.04261939,,-0.04261939,-0.04261939,-482.5727,11322.8439,OK,0.0000,19.3029,4.0000,96.0000,AG03-UNRESOLVED,ALL5_LEVELS_bet23_to_bet27,19.3029,19.3029,19.3029,19.3029,19.3029,4.000000,4.000000,4.000000,4.000000,4.000000,96.000000,96.000000,96.000000,96.000000,96.000000,5.0,96.5145,89.0961,386.0582,393.4766,PENDING_AG03,FALSE,NOT_FOR_ENFORCEMENT,463.2698,10127.9466,482.5727,463.2698,19.3029,0.04261939,0.04091462,19.3029,463.2698,0.04091462,19.3029,19.3029,19.3029,19.3029,19.3029,463.2698,0.04091462,96.5145,89.0961,386.0582,393.4766,0.03409552,0.03475069,0.00170478,2.9742,5.6477,0.2583,24.1286,2.7576,566.1422,93.4000,,2.9742,2.1006,2.1082,4.2165,6.3247,6.3247,6.3247,2.1082,-2.1006,3.0,3.0,1.41076,12,81,14,8,0E-8,0.04261939,,0E-8,0.000000,0.931740,0.014447,,2026-04-22,2026-05-17,20,175,59,26,0.769231,,,0.000000,,,,,,,,GLOBAL_BASELINE_NO_ENTITY_RANKING,,,NOT_APPLICABLE_GLOBAL_BASELINE,HF9g-P5,,,,X 全窗基线 · 不参与实体赏罚,8394187,840,A168_HF9F_20260827_0900,2026-08-27 09:00:00
2026-05-07,149034003,1109,0,2.1006196828,-2.1006196828,-2.1006196828,0E-7,1,1,0.50665070000000000,0.506650700000,-1.013391052207602,-1.013391052207602,-1.013391052207602,0E-17,ELIGIBLE,R03b_20260811_FULL_v1,L1_ELIGIBILITY,v2026-08-11,2026-03-21..2026-08-06,baccarat_bet02_101_all_pairs_incl_sentinel,round_win = game_pnl > 0 (decisive only),COMPATIBILITY_ONLY_NOT_PRODUCTION,11322.8439,10549.9444,482.5727,3807,1868,-0.04261939,,-0.04261939,-0.04261939,-482.5727,11322.8439,OK,0.0000,19.3029,4.0000,96.0000,AG03-UNRESOLVED,ALL5_LEVELS_bet23_to_bet27,19.3029,19.3029,19.3029,19.3029,19.3029,4.000000,4.000000,4.000000,4.000000,4.000000,96.000000,96.000000,96.000000,96.000000,96.000000,5.0,96.5145,89.0961,386.0582,393.4766,PENDING_AG03,FALSE,NOT_FOR_ENFORCEMENT,463.2698,10127.9466,482.5727,463.2698,19.3029,0.04261939,0.04091462,19.3029,463.2698,0.04091462,19.3029,19.3029,19.3029,19.3029,19.3029,463.2698,0.04091462,96.5145,89.0961,386.0582,393.4766,0.03409552,0.03475069,0.00170478,2.9742,5.6477,0.2583,24.1286,2.7576,566.1422,93.4000,,2.9742,2.1006,2.1082,4.2165,6.3247,6.3247,6.3247,2.1082,-2.1006,3.0,3.0,1.41076,12,81,14,8,0E-8,0.04261939,,0E-8,0.000000,0.931740,0.014447,,2026-04-22,2026-05-17,20,175,59,26,0.769231,,,0.000000,,,,,,,,GLOBAL_BASELINE_NO_ENTITY_RANKING,,,NOT_APPLICABLE_GLOBAL_BASELINE,HF9g-P5,,,,X 全窗基线 · 不参与实体赏罚,8394188,840,A168_HF9F_20260827_0900,2026-08-27 09:00:00
2026-05-07,149034003,1151,0,183.8042222450,11.7634702241,11.7634702241,0.4864865,67,46,0.43144870619565217,0.414398402899,0.6759465576222381,0.8901315193195384,0.6759465576222381,0.01705030329665217,ELIGIBLE,R03b_20260811_FULL_v1,L1_ELIGIBILITY,v2026-08-11,2026-03-21..2026-08-06,baccarat_bet02_101_all_pairs_incl_sentinel,round_win = game_pnl > 0 (decisive only),COMPATIBILITY_ONLY_NOT_PRODUCTION,11322.8439,10549.9444,482.5727,3807,1868,-0.04261939,,-0.04261939,-0.04261939,-482.5727,11322.8439,OK,0.0000,19.3029,4.0000,96.0000,AG03-UNRESOLVED,ALL5_LEVELS_bet23_to_bet27,19.3029,19.3029,19.3029,19.3029,19.3029,4.000000,4.000000,4.000000,4.000000,4.000000,96.000000,96.000000,96.000000,96.000000,96.000000,5.0,96.5145,89.0961,386.0582,393.4766,PENDING_AG03,FALSE,NOT_FOR_ENFORCEMENT,463.2698,10127.9466,482.5727,463.2698,19.3029,0.04261939,0.04091462,19.3029,463.2698,0.04091462,19.3029,19.3029,19.3029,19.3029,19.3029,463.2698,0.04091462,96.5145,89.0961,386.0582,393.4766,0.03409552,0.03475069,0.00170478,2.9742,5.6477,0.2583,24.1286,2.7576,566.1422,93.4000,,2.9742,2.1006,2.1082,4.2165,6.3247,6.3247,6.3247,2.1082,-2.1006,3.0,3.0,1.41076,12,81,14,8,0E-8,0.04261939,,0E-8,0.000000,0.931740,0.014447,,2026-04-22,2026-05-17,20,175,59,26,0.769231,,,0.000000,,,,,,,,GLOBAL_BASELINE_NO_ENTITY_RANKING,,,NOT_APPLICABLE_GLOBAL_BASELINE,HF9g-P5,,,,X 全窗基线 · 不参与实体赏罚,8394189,840,A168_HF9F_20260827_0900,2026-08-27 09:00:00
2026-05-07,149034003,1405,0,6.3018590484,2.1006196828,2.1006196828,0.6666667,3,3,0.49771390000000000,0.497713900000,0.5852756695216578,0.5852756695216578,0.5852756695216578,0E-17,ELIGIBLE,R03b_20260811_FULL_v1,L1_ELIGIBILITY,v2026-08-11,2026-03-21..2026-08-06,baccarat_bet02_101_all_pairs_incl_sentinel,round_win = game_pnl > 0 (decisive only),COMPATIBILITY_ONLY_NOT_PRODUCTION,11322.8439,10549.9444,482.5727,3807,1868,-0.04261939,,-0.04261939,-0.04261939,-482.5727,11322.8439,OK,0.0000,19.3029,4.0000,96.0000,AG03-UNRESOLVED,ALL5_LEVELS_bet23_to_bet27,19.3029,19.3029,19.3029,19.3029,19.3029,4.000000,4.000000,4.000000,4.000000,4.000000,96.000000,96.000000,96.000000,96.000000,96.000000,5.0,96.5145,89.0961,386.0582,393.4766,PENDING_AG03,FALSE,NOT_FOR_ENFORCEMENT,463.2698,10127.9466,482.5727,463.2698,19.3029,0.04261939,0.04091462,19.3029,463.2698,0.04091462,19.3029,19.3029,19.3029,19.3029,19.3029,463.2698,0.04091462,96.5145,89.0961,386.0582,393.4766,0.03409552,0.03475069,0.00170478,2.9742,5.6477,0.2583,24.1286,2.7576,566.1422,93.4000,,2.9742,2.1006,2.1082,4.2165,6.3247,6.3247,6.3247,2.1082,-2.1006,3.0,3.0,1.41076,12,81,14,8,0E-8,0.04261939,,0E-8,0.000000,0.931740,0.014447,,2026-04-22,2026-05-17,20,175,59,26,0.769231,,,0.000000,,,,,,,,GLOBAL_BASELINE_NO_ENTITY_RANKING,,,NOT_APPLICABLE_GLOBAL_BASELINE,HF9g-P5,,,,X 全窗基线 · 不参与实体赏罚,8394190,840,A168_HF9F_20260827_0900,2026-08-27 09:00:00
2026-05-07,149034003,1490,0,31.5092952420,1.4704337780,1.4704337780,0.5000000,12,9,0.44042400555555556,0.432425111111,0.3394308135392342,0.3858009516099594,0.3394308135392342,0.00799889444455556,ELIGIBLE,R03b_20260811_FULL_v1,L1_ELIGIBILITY,v2026-08-11,2026-03-21..2026-08-06,baccarat_bet02_101_all_pairs_incl_sentinel,round_win = game_pnl > 0 (decisive only),COMPATIBILITY_ONLY_NOT_PRODUCTION,11322.8439,10549.9444,482.5727,3807,1868,-0.04261939,,-0.04261939,-0.04261939,-482.5727,11322.8439,OK,0.0000,19.3029,4.0000,96.0000,AG03-UNRESOLVED,ALL5_LEVELS_bet23_to_bet27,19.3029,19.3029,19.3029,19.3029,19.3029,4.000000,4.000000,4.000000,4.000000,4.000000,96.000000,96.000000,96.000000,96.000000,96.000000,5.0,96.5145,89.0961,386.0582,393.4766,PENDING_AG03,FALSE,NOT_FOR_ENFORCEMENT,463.2698,10127.9466,482.5727,463.2698,19.3029,0.04261939,0.04091462,19.3029,463.2698,0.04091462,19.3029,19.3029,19.3029,19.3029,19.3029,463.2698,0.04091462,96.5145,89.0961,386.0582,393.4766,0.03409552,0.03475069,0.00170478,2.9742,5.6477,0.2583,24.1286,2.7576,566.1422,93.4000,,2.9742,2.1006,2.1082,4.2165,6.3247,6.3247,6.3247,2.1082,-2.1006,3.0,3.0,1.41076,12,81,14,8,0E-8,0.04261939,,0E-8,0.000000,0.931740,0.014447,,2026-04-22,2026-05-17,20,175,59,26,0.769231,,,0.000000,,,,,,,,GLOBAL_BASELINE_NO_ENTITY_RANKING,,,NOT_APPLICABLE_GLOBAL_BASELINE,HF9g-P5,,,,X 全窗基线 · 不参与实体赏罚,8394191,840,A168_HF9F_20260827_0900,2026-08-27 09:00:00
2026-05-07,149034003,1942,0,73.5216888980,-6.6169520007,-6.6169520007,0.5263158,26,19,0.42334428245614035,0.397643913158,0.9084242494022354,1.1460052661477436,0.9084242494022354,0.02570036929814035,ELIGIBLE,R03b_20260811_FULL_v1,L1_ELIGIBILITY,v2026-08-11,2026-03-21..2026-08-06,baccarat_bet02_101_all_pairs_incl_sentinel,round_win = game_pnl > 0 (decisive only),COMPATIBILITY_ONLY_NOT_PRODUCTION,11322.8439,10549.9444,482.5727,3807,1868,-0.04261939,,-0.04261939,-0.04261939,-482.5727,11322.8439,OK,0.0000,19.3029,4.0000,96.0000,AG03-UNRESOLVED,ALL5_LEVELS_bet23_to_bet27,19.3029,19.3029,19.3029,19.3029,19.3029,4.000000,4.000000,4.000000,4.000000,4.000000,96.000000,96.000000,96.000000,96.000000,96.000000,5.0,96.5145,89.0961,386.0582,393.4766,PENDING_AG03,FALSE,NOT_FOR_ENFORCEMENT,463.2698,10127.9466,482.5727,463.2698,19.3029,0.04261939,0.04091462,19.3029,463.2698,0.04091462,19.3029,19.3029,19.3029,19.3029,19.3029,463.2698,0.04091462,96.5145,89.0961,386.0582,393.4766,0.03409552,0.03475069,0.00170478,2.9742,5.6477,0.2583,24.1286,2.7576,566.1422,93.4000,,2.9742,2.1006,2.1082,4.2165,6.3247,6.3247,6.3247,2.1082,-2.1006,3.0,3.0,1.41076,12,81,14,8,0E-8,0.04261939,,0E-8,0.000000,0.931740,0.014447,,2026-04-22,2026-05-17,20,175,59,26,0.769231,,,0.000000,,,,,,,,GLOBAL_BASELINE_NO_ENTITY_RANKING,,,NOT_APPLICABLE_GLOBAL_BASELINE,HF9g-P5,,,,X 全窗基线 · 不参与实体赏罚,8394192,840,A168_HF9F_20260827_0900,2026-08-27 09:00:00
2026-05-07,149034003,1951,0,128.1378006508,8.0873857791,8.0873857791,0.3333333,51,31,0.34510085268817204,0.339475056989,-0.13557678154462507,-0.07103990187968032,-0.13557678154462507,0.00562579569917204,ELIGIBLE,R03b_20260811_FULL_v1,L1_ELIGIBILITY,v2026-08-11,2026-03-21..2026-08-06,baccarat_bet02_101_all_pairs_incl_sentinel,round_win = game_pnl > 0 (decisive only),COMPATIBILITY_ONLY_NOT_PRODUCTION,11322.8439,10549.9444,482.5727,3807,1868,-0.04261939,,-0.04261939,-0.04261939,-482.5727,11322.8439,OK,0.0000,19.3029,4.0000,96.0000,AG03-UNRESOLVED,ALL5_LEVELS_bet23_to_bet27,19.3029,19.3029,19.3029,19.3029,19.3029,4.000000,4.000000,4.000000,4.000000,4.000000,96.000000,96.000000,96.000000,96.000000,96.000000,5.0,96.5145,89.0961,386.0582,393.4766,PENDING_AG03,FALSE,NOT_FOR_ENFORCEMENT,463.2698,10127.9466,482.5727,463.2698,19.3029,0.04261939,0.04091462,19.3029,463.2698,0.04091462,19.3029,19.3029,19.3029,19.3029,19.3029,463.2698,0.04091462,96.5145,89.0961,386.0582,393.4766,0.03409552,0.03475069,0.00170478,2.9742,5.6477,0.2583,24.1286,2.7576,566.1422,93.4000,,2.9742,2.1006,2.1082,4.2165,6.3247,6.3247,6.3247,2.1082,-2.1006,3.0,3.0,1.41076,12,81,14,8,0E-8,0.04261939,,0E-8,0.000000,0.931740,0.014447,,2026-04-22,2026-05-17,20,175,59,26,0.769231,,,0.000000,,,,,,,,GLOBAL_BASELINE_NO_ENTITY_RANKING,,,NOT_APPLICABLE_GLOBAL_BASELINE,HF9g-P5,,,,X 全窗基线 · 不参与实体赏罚,8394193,840,A168_HF9F_20260827_0900,2026-08-27 09:00:00
2026-05-07,149034003,2106,0,126.0371809680,7.1421069217,7.1421069217,0.3846154,41,16,0.34211193125000000,0.273825090625,0.32302473452750474,0.8958105056102845,0.32302473452750474,0.06828684062500000,ELIGIBLE,R03b_20260811_FULL_v1,L1_ELIGIBILITY,v2026-08-11,2026-03-21..2026-08-06,baccarat_bet02_101_all_pairs_incl_sentinel,round_win = game_pnl > 0 (decisive only),COMPATIBILITY_ONLY_NOT_PRODUCTION,11322.8439,10549.9444,482.5727,3807,1868,-0.04261939,,-0.04261939,-0.04261939,-482.5727,11322.8439,OK,0.0000,19.3029,4.0000,96.0000,AG03-UNRESOLVED,ALL5_LEVELS_bet23_to_bet27,19.3029,19.3029,19.3029,19.3029,19.3029,4.000000,4.000000,4.000000,4.000000,4.000000,96.000000,96.000000,96.000000,96.000000,96.000000,5.0,96.5145,89.0961,386.0582,393.4766,PENDING_AG03,FALSE,NOT_FOR_ENFORCEMENT,463.2698,10127.9466,482.5727,463.2698,19.3029,0.04261939,0.04091462,19.3029,463.2698,0.04091462,19.3029,19.3029,19.3029,19.3029,19.3029,463.2698,0.04091462,96.5145,89.0961,386.0582,393.4766,0.03409552,0.03475069,0.00170478,2.9742,5.6477,0.2583,24.1286,2.7576,566.1422,93.4000,,2.9742,2.1006,2.1082,4.2165,6.3247,6.3247,6.3247,2.1082,-2.1006,3.0,3.0,1.41076,12,81,14,8,0E-8,0.04261939,,0E-8,0.000000,0.931740,0.014447,,2026-04-22,2026-05-17,20,175,59,26,0.769231,,,0.000000,,,,,,,,GLOBAL_BASELINE_NO_ENTITY_RANKING,,,NOT_APPLICABLE_GLOBAL_BASELINE,HF9g-P5,,,,X 全窗基线 · 不参与实体赏罚,8394194,840,A168_HF9F_20260827_0900,2026-08-27 09:00:00
2026-05-07,149034003,2121,0,14.0741518748,-9.8729125092,-9.8729125092,0.2000000,6,5,0.41221711000000000,0.412217110000,-0.9640374850992662,-0.9640374850992662,-0.9640374850992662,0E-17,ELIGIBLE,R03b_20260811_FULL_v1,L1_ELIGIBILITY,v2026-08-11,2026-03-21..2026-08-06,baccarat_bet02_101_all_pairs_incl_sentinel,round_win = game_pnl > 0 (decisive only),COMPATIBILITY_ONLY_NOT_PRODUCTION,11322.8439,10549.9444,482.5727,3807,1868,-0.04261939,,-0.04261939,-0.04261939,-482.5727,11322.8439,OK,0.0000,19.3029,4.0000,96.0000,AG03-UNRESOLVED,ALL5_LEVELS_bet23_to_bet27,19.3029,19.3029,19.3029,19.3029,19.3029,4.000000,4.000000,4.000000,4.000000,4.000000,96.000000,96.000000,96.000000,96.000000,96.000000,5.0,96.5145,89.0961,386.0582,393.4766,PENDING_AG03,FALSE,NOT_FOR_ENFORCEMENT,463.2698,10127.9466,482.5727,463.2698,19.3029,0.04261939,0.04091462,19.3029,463.2698,0.04091462,19.3029,19.3029,19.3029,19.3029,19.3029,463.2698,0.04091462,96.5145,89.0961,386.0582,393.4766,0.03409552,0.03475069,0.00170478,2.9742,5.6477,0.2583,24.1286,2.7576,566.1422,93.4000,,2.9742,2.1006,2.1082,4.2165,6.3247,6.3247,6.3247,2.1082,-2.1006,3.0,3.0,1.41076,12,81,14,8,0E-8,0.04261939,,0E-8,0.000000,0.931740,0.014447,,2026-04-22,2026-05-17,20,175,59,26,0.769231,,,0.000000,,,,,,,,GLOBAL_BASELINE_NO_ENTITY_RANKING,,,NOT_APPLICABLE_GLOBAL_BASELINE,HF9g-P5,,,,X 全窗基线 · 不参与实体赏罚,8394195,840,A168_HF9F_20260827_0900,2026-08-27 09:00:00
2026-05-07,149034003,2129,0,27.3080558764,-2.5207436192,-2.5207436192,0.5000000,13,11,0.40543471818181818,0.405434718182,0.5447741276146195,0.5447741276135333,0.5447741276146195,-1.8182E-13,ELIGIBLE,R03b_20260811_FULL_v1,L1_ELIGIBILITY,v2026-08-11,2026-03-21..2026-08-06,baccarat_bet02_101_all_pairs_incl_sentinel,round_win = game_pnl > 0 (decisive only),COMPATIBILITY_ONLY_NOT_PRODUCTION,11322.8439,10549.9444,482.5727,3807,1868,-0.04261939,,-0.04261939,-0.04261939,-482.5727,11322.8439,OK,0.0000,19.3029,4.0000,96.0000,AG03-UNRESOLVED,ALL5_LEVELS_bet23_to_bet27,19.3029,19.3029,19.3029,19.3029,19.3029,4.000000,4.000000,4.000000,4.000000,4.000000,96.000000,96.000000,96.000000,96.000000,96.000000,5.0,96.5145,89.0961,386.0582,393.4766,PENDING_AG03,FALSE,NOT_FOR_ENFORCEMENT,463.2698,10127.9466,482.5727,463.2698,19.3029,0.04261939,0.04091462,19.3029,463.2698,0.04091462,19.3029,19.3029,19.3029,19.3029,19.3029,463.2698,0.04091462,96.5145,89.0961,386.0582,393.4766,0.03409552,0.03475069,0.00170478,2.9742,5.6477,0.2583,24.1286,2.7576,566.1422,93.4000,,2.9742,2.1006,2.1082,4.2165,6.3247,6.3247,6.3247,2.1082,-2.1006,3.0,3.0,1.41076,12,81,14,8,0E-8,0.04261939,,0E-8,0.000000,0.931740,0.014447,,2026-04-22,2026-05-17,20,175,59,26,0.769231,,,0.000000,,,,,,,,GLOBAL_BASELINE_NO_ENTITY_RANKING,,,NOT_APPLICABLE_GLOBAL_BASELINE,HF9g-P5,,,,X 全窗基线 · 不参与实体赏罚,8394196,840,A168_HF9F_20260827_0900,2026-08-27 09:00:00
2026-05-07,149034003,2147,0,14.7043377796,-6.4068900325,-6.4068900325,0.6666667,3,3,0.50218230000000000,0.502182300000,0.5697959874915163,0.5697959874915164,0.5697959874915163,0E-17,ELIGIBLE,R03b_20260811_FULL_v1,L1_ELIGIBILITY,v2026-08-11,2026-03-21..2026-08-06,baccarat_bet02_101_all_pairs_incl_sentinel,round_win = game_pnl > 0 (decisive only),COMPATIBILITY_ONLY_NOT_PRODUCTION,11322.8439,10549.9444,482.5727,3807,1868,-0.04261939,,-0.04261939,-0.04261939,-482.5727,11322.8439,OK,0.0000,19.3029,4.0000,96.0000,AG03-UNRESOLVED,ALL5_LEVELS_bet23_to_bet27,19.3029,19.3029,19.3029,19.3029,19.3029,4.000000,4.000000,4.000000,4.000000,4.000000,96.000000,96.000000,96.000000,96.000000,96.000000,5.0,96.5145,89.0961,386.0582,393.4766,PENDING_AG03,FALSE,NOT_FOR_ENFORCEMENT,463.2698,10127.9466,482.5727,463.2698,19.3029,0.04261939,0.04091462,19.3029,463.2698,0.04091462,19.3029,19.3029,19.3029,19.3029,19.3029,463.2698,0.04091462,96.5145,89.0961,386.0582,393.4766,0.03409552,0.03475069,0.00170478,2.9742,5.6477,0.2583,24.1286,2.7576,566.1422,93.4000,,2.9742,2.1006,2.1082,4.2165,6.3247,6.3247,6.3247,2.1082,-2.1006,3.0,3.0,1.41076,12,81,14,8,0E-8,0.04261939,,0E-8,0.000000,0.931740,0.014447,,2026-04-22,2026-05-17,20,175,59,26,0.769231,,,0.000000,,,,,,,,GLOBAL_BASELINE_NO_ENTITY_RANKING,,,NOT_APPLICABLE_GLOBAL_BASELINE,HF9g-P5,,,,X 全窗基线 · 不参与实体赏罚,8394197,840,A168_HF9F_20260827_0900,2026-08-27 09:00:00
2026-05-07,149034003,2153,0,196.6180023100,-23.0017855261,-23.0017855261,0.3750000,78,47,0.39789605687943262,0.381744320567,-0.29584902177473094,-0.08780067421724115,-0.29584902177473094,0.01615173631243262,ELIGIBLE,R03b_20260811_FULL_v1,L1_ELIGIBILITY,v2026-08-11,2026-03-21..2026-08-06,baccarat_bet02_101_all_pairs_incl_sentinel,round_win = game_pnl > 0 (decisive only),COMPATIBILITY_ONLY_NOT_PRODUCTION,11322.8439,10549.9444,482.5727,3807,1868,-0.04261939,,-0.04261939,-0.04261939,-482.5727,11322.8439,OK,0.0000,19.3029,4.0000,96.0000,AG03-UNRESOLVED,ALL5_LEVELS_bet23_to_bet27,19.3029,19.3029,19.3029,19.3029,19.3029,4.000000,4.000000,4.000000,4.000000,4.000000,96.000000,96.000000,96.000000,96.000000,96.000000,5.0,96.5145,89.0961,386.0582,393.4766,PENDING_AG03,FALSE,NOT_FOR_ENFORCEMENT,463.2698,10127.9466,482.5727,463.2698,19.3029,0.04261939,0.04091462,19.3029,463.2698,0.04091462,19.3029,19.3029,19.3029,19.3029,19.3029,463.2698,0.04091462,96.5145,89.0961,386.0582,393.4766,0.03409552,0.03475069,0.00170478,2.9742,5.6477,0.2583,24.1286,2.7576,566.1422,93.4000,,2.9742,2.1006,2.1082,4.2165,6.3247,6.3247,6.3247,2.1082,-2.1006,3.0,3.0,1.41076,12,81,14,8,0E-8,0.04261939,,0E-8,0.000000,0.931740,0.014447,,2026-04-22,2026-05-17,20,175,59,26,0.769231,,,0.000000,,,,,,,,GLOBAL_BASELINE_NO_ENTITY_RANKING,,,NOT_APPLICABLE_GLOBAL_BASELINE,HF9g-P5,,,,X 全窗基线 · 不参与实体赏罚,8394198,840,A168_HF9F_20260827_0900,2026-08-27 09:00:00
2026-05-07,149034003,2155,0,66.5896439448,-6.9320449530,-6.9320449530,0.2666667,31,17,0.29825100735294118,0.285677950000,-0.2673841050385922,-0.16299402160280485,-0.2673841050385922,0.01257305735294118,ELIGIBLE,R03b_20260811_FULL_v1,L1_ELIGIBILITY,v2026-08-11,2026-03-21..2026-08-06,baccarat_bet02_101_all_pairs_incl_sentinel,round_win = game_pnl > 0 (decisive only),COMPATIBILITY_ONLY_NOT_PRODUCTION,11322.8439,10549.9444,482.5727,3807,1868,-0.04261939,,-0.04261939,-0.04261939,-482.5727,11322.8439,OK,0.0000,19.3029,4.0000,96.0000,AG03-UNRESOLVED,ALL5_LEVELS_bet23_to_bet27,19.3029,19.3029,19.3029,19.3029,19.3029,4.000000,4.000000,4.000000,4.000000,4.000000,96.000000,96.000000,96.000000,96.000000,96.000000,5.0,96.5145,89.0961,386.0582,393.4766,PENDING_AG03,FALSE,NOT_FOR_ENFORCEMENT,463.2698,10127.9466,482.5727,463.2698,19.3029,0.04261939,0.04091462,19.3029,463.2698,0.04091462,19.3029,19.3029,19.3029,19.3029,19.3029,463.2698,0.04091462,96.5145,89.0961,386.0582,393.4766,0.03409552,0.03475069,0.00170478,2.9742,5.6477,0.2583,24.1286,2.7576,566.1422,93.4000,,2.9742,2.1006,2.1082,4.2165,6.3247,6.3247,6.3247,2.1082,-2.1006,3.0,3.0,1.41076,12,81,14,8,0E-8,0.04261939,,0E-8,0.000000,0.931740,0.014447,,2026-04-22,2026-05-17,20,175,59,26,0.769231,,,0.000000,,,,,,,,GLOBAL_BASELINE_NO_ENTITY_RANKING,,,NOT_APPLICABLE_GLOBAL_BASELINE,HF9g-P5,,,,X 全窗基线 · 不参与实体赏罚,8394199,840,A168_HF9F_20260827_0900,2026-08-27 09:00:00
2026-05-07,149034003,462,0,86.7555928996,-27.5706333365,-27.5706333365,0.4285714,41,29,0.42947915459770115,0.426996600575,-0.009703468492886799,0.0168469518457437,-0.009703468492886799,0.00248255402270115,ELIGIBLE,R03b_20260811_FULL_v1,L1_ELIGIBILITY,v2026-08-11,2026-03-21..2026-08-06,baccarat_bet02_101_all_pairs_incl_sentinel,round_win = game_pnl > 0 (decisive only),COMPATIBILITY_ONLY_NOT_PRODUCTION,11322.8439,10549.9444,482.5727,3807,1868,-0.04261939,,-0.04261939,-0.04261939,-482.5727,11322.8439,OK,0.0000,19.3029,4.0000,96.0000,AG03-UNRESOLVED,ALL5_LEVELS_bet23_to_bet27,19.3029,19.3029,19.3029,19.3029,19.3029,4.000000,4.000000,4.000000,4.000000,4.000000,96.000000,96.000000,96.000000,96.000000,96.000000,5.0,96.5145,89.0961,386.0582,393.4766,PENDING_AG03,FALSE,NOT_FOR_ENFORCEMENT,463.2698,10127.9466,482.5727,463.2698,19.3029,0.04261939,0.04091462,19.3029,463.2698,0.04091462,19.3029,19.3029,19.3029,19.3029,19.3029,463.2698,0.04091462,96.5145,89.0961,386.0582,393.4766,0.03409552,0.03475069,0.00170478,2.9742,5.6477,0.2583,24.1286,2.7576,566.1422,93.4000,,2.9742,2.1006,2.1082,4.2165,6.3247,6.3247,6.3247,2.1082,-2.1006,3.0,3.0,1.41076,12,81,14,8,0E-8,0.04261939,,0E-8,0.000000,0.931740,0.014447,,2026-04-22,2026-05-17,20,175,59,26,0.769231,,,0.000000,,,,,,,,GLOBAL_BASELINE_NO_ENTITY_RANKING,,,NOT_APPLICABLE_GLOBAL_BASELINE,HF9g-P5,,,,X 全窗基线 · 不参与实体赏罚,8394200,840,A168_HF9F_20260827_0900,2026-08-27 09:00:00
2026-05-07,149034003,550,0,48.3142527044,7.7722928265,7.7722928265,0.4545455,18,12,0.41651491111111111,0.393076108333,0.2558578322553209,0.4173971657898449,0.2558578322553209,0.02343880277811111,ELIGIBLE,R03b_20260811_FULL_v1,L1_ELIGIBILITY,v2026-08-11,2026-03-21..2026-08-06,baccarat_bet02_101_all_pairs_incl_sentinel,round_win = game_pnl > 0 (decisive only),COMPATIBILITY_ONLY_NOT_PRODUCTION,11322.8439,10549.9444,482.5727,3807,1868,-0.04261939,,-0.04261939,-0.04261939,-482.5727,11322.8439,OK,0.0000,19.3029,4.0000,96.0000,AG03-UNRESOLVED,ALL5_LEVELS_bet23_to_bet27,19.3029,19.3029,19.3029,19.3029,19.3029,4.000000,4.000000,4.000000,4.000000,4.000000,96.000000,96.000000,96.000000,96.000000,96.000000,5.0,96.5145,89.0961,386.0582,393.4766,PENDING_AG03,FALSE,NOT_FOR_ENFORCEMENT,463.2698,10127.9466,482.5727,463.2698,19.3029,0.04261939,0.04091462,19.3029,463.2698,0.04091462,19.3029,19.3029,19.3029,19.3029,19.3029,463.2698,0.04091462,96.5145,89.0961,386.0582,393.4766,0.03409552,0.03475069,0.00170478,2.9742,5.6477,0.2583,24.1286,2.7576,566.1422,93.4000,,2.9742,2.1006,2.1082,4.2165,6.3247,6.3247,6.3247,2.1082,-2.1006,3.0,3.0,1.41076,12,81,14,8,0E-8,0.04261939,,0E-8,0.000000,0.931740,0.014447,,2026-04-22,2026-05-17,20,175,59,26,0.769231,,,0.000000,,,,,,,,GLOBAL_BASELINE_NO_ENTITY_RANKING,,,NOT_APPLICABLE_GLOBAL_BASELINE,HF9g-P5,,,,X 全窗基线 · 不参与实体赏罚,8394201,840,A168_HF9F_20260827_0900,2026-08-27 09:00:00
2026-05-07,149034003,595,0,25.2074361936,12.3936561287,12.3936561287,0.6000000,11,5,0.34469345166666667,0.330295040000,1.2011802585131262,1.2822749314135384,1.2011802585131262,0.01439841166666667,ELIGIBLE,R03b_20260811_FULL_v1,L1_ELIGIBILITY,v2026-08-11,2026-03-21..2026-08-06,baccarat_bet02_101_all_pairs_incl_sentinel,round_win = game_pnl > 0 (decisive only),COMPATIBILITY_ONLY_NOT_PRODUCTION,11322.8439,10549.9444,482.5727,3807,1868,-0.04261939,,-0.04261939,-0.04261939,-482.5727,11322.8439,OK,0.0000,19.3029,4.0000,96.0000,AG03-UNRESOLVED,ALL5_LEVELS_bet23_to_bet27,19.3029,19.3029,19.3029,19.3029,19.3029,4.000000,4.000000,4.000000,4.000000,4.000000,96.000000,96.000000,96.000000,96.000000,96.000000,5.0,96.5145,89.0961,386.0582,393.4766,PENDING_AG03,FALSE,NOT_FOR_ENFORCEMENT,463.2698,10127.9466,482.5727,463.2698,19.3029,0.04261939,0.04091462,19.3029,463.2698,0.04091462,19.3029,19.3029,19.3029,19.3029,19.3029,463.2698,0.04091462,96.5145,89.0961,386.0582,393.4766,0.03409552,0.03475069,0.00170478,2.9742,5.6477,0.2583,24.1286,2.7576,566.1422,93.4000,,2.9742,2.1006,2.1082,4.2165,6.3247,6.3247,6.3247,2.1082,-2.1006,3.0,3.0,1.41076,12,81,14,8,0E-8,0.04261939,,0E-8,0.000000,0.931740,0.014447,,2026-04-22,2026-05-17,20,175,59,26,0.769231,,,0.000000,,,,,,,,GLOBAL_BASELINE_NO_ENTITY_RANKING,,,NOT_APPLICABLE_GLOBAL_BASELINE,HF9g-P5,,,,X 全窗基线 · 不参与实体赏罚,8394202,840,A168_HF9F_20260827_0900,2026-08-27 09:00:00
2026-05-07,149034003,752,0,44.5331372754,-11.2383153029,-11.2383153029,0.3888889,22,20,0.44513763833333333,0.445137638333,-0.4801858212963533,-0.48018582129354326,-0.4801858212963533,3.3333E-13,ELIGIBLE,R03b_20260811_FULL_v1,L1_ELIGIBILITY,v2026-08-11,2026-03-21..2026-08-06,baccarat_bet02_101_all_pairs_incl_sentinel,round_win = game_pnl > 0 (decisive only),COMPATIBILITY_ONLY_NOT_PRODUCTION,11322.8439,10549.9444,482.5727,3807,1868,-0.04261939,,-0.04261939,-0.04261939,-482.5727,11322.8439,OK,0.0000,19.3029,4.0000,96.0000,AG03-UNRESOLVED,ALL5_LEVELS_bet23_to_bet27,19.3029,19.3029,19.3029,19.3029,19.3029,4.000000,4.000000,4.000000,4.000000,4.000000,96.000000,96.000000,96.000000,96.000000,96.000000,5.0,96.5145,89.0961,386.0582,393.4766,PENDING_AG03,FALSE,NOT_FOR_ENFORCEMENT,463.2698,10127.9466,482.5727,463.2698,19.3029,0.04261939,0.04091462,19.3029,463.2698,0.04091462,19.3029,19.3029,19.3029,19.3029,19.3029,463.2698,0.04091462,96.5145,89.0961,386.0582,393.4766,0.03409552,0.03475069,0.00170478,2.9742,5.6477,0.2583,24.1286,2.7576,566.1422,93.4000,,2.9742,2.1006,2.1082,4.2165,6.3247,6.3247,6.3247,2.1082,-2.1006,3.0,3.0,1.41076,12,81,14,8,0E-8,0.04261939,,0E-8,0.000000,0.931740,0.014447,,2026-04-22,2026-05-17,20,175,59,26,0.769231,,,0.000000,,,,,,,,GLOBAL_BASELINE_NO_ENTITY_RANKING,,,NOT_APPLICABLE_GLOBAL_BASELINE,HF9g-P5,,,,X 全窗基线 · 不参与实体赏罚,8394203,840,A168_HF9F_20260827_0900,2026-08-27 09:00:00
2026-05-08,149034003,1094,0,29.4086755592,4.0962083816,4.0962083816,0.2000000,13,5,0.28978084500000000,0.275382433334,-0.4425248493069602,-0.3773397946478149,-0.4425248493069602,0.01439841166600000,ELIGIBLE,R03b_20260811_FULL_v1,L1_ELIGIBILITY,v2026-08-11,2026-03-21..2026-08-06,baccarat_bet02_101_all_pairs_incl_sentinel,round_win = game_pnl > 0 (decisive only),COMPATIBILITY_ONLY_NOT_PRODUCTION,11322.8439,10549.9444,482.5727,3807,1868,-0.04261939,,-0.04261939,-0.04261939,-482.5727,11322.8439,OK,0.0000,19.3029,4.0000,96.0000,AG03-UNRESOLVED,ALL5_LEVELS_bet23_to_bet27,19.3029,19.3029,19.3029,19.3029,19.3029,4.000000,4.000000,4.000000,4.000000,4.000000,96.000000,96.000000,96.000000,96.000000,96.000000,5.0,96.5145,89.0961,386.0582,393.4766,PENDING_AG03,FALSE,NOT_FOR_ENFORCEMENT,463.2698,10127.9466,482.5727,463.2698,19.3029,0.04261939,0.04091462,19.3029,463.2698,0.04091462,19.3029,19.3029,19.3029,19.3029,19.3029,463.2698,0.04091462,96.5145,89.0961,386.0582,393.4766,0.03409552,0.03475069,0.00170478,2.9742,5.6477,0.2583,24.1286,2.7576,566.1422,93.4000,,2.9742,2.1006,2.1082,4.2165,6.3247,6.3247,6.3247,2.1082,-2.1006,3.0,3.0,1.41076,12,81,14,8,0E-8,0.04261939,,0E-8,0.000000,0.931740,0.014447,,2026-04-22,2026-05-17,20,175,59,26,0.769231,,,0.000000,,,,,,,,GLOBAL_BASELINE_NO_ENTITY_RANKING,,,NOT_APPLICABLE_GLOBAL_BASELINE,HF9g-P5,,,,X 全窗基线 · 不参与实体赏罚,8394204,840,A168_HF9F_20260827_0900,2026-08-27 09:00:00
2026-05-08,149034003,1157,0,10.5030984140,27.2030248924,27.2030248924,1.0000000,4,2,0.39531131250000000,0.360432383334,1.749086543158417,1.8838500412268924,1.749086543158417,0.03487892916600000,ELIGIBLE,R03b_20260811_FULL_v1,L1_ELIGIBILITY,v2026-08-11,2026-03-21..2026-08-06,baccarat_bet02_101_all_pairs_incl_sentinel,round_win = game_pnl > 0 (decisive only),COMPATIBILITY_ONLY_NOT_PRODUCTION,11322.8439,10549.9444,482.5727,3807,1868,-0.04261939,,-0.04261939,-0.04261939,-482.5727,11322.8439,OK,0.0000,19.3029,4.0000,96.0000,AG03-UNRESOLVED,ALL5_LEVELS_bet23_to_bet27,19.3029,19.3029,19.3029,19.3029,19.3029,4.000000,4.000000,4.000000,4.000000,4.000000,96.000000,96.000000,96.000000,96.000000,96.000000,5.0,96.5145,89.0961,386.0582,393.4766,PENDING_AG03,FALSE,NOT_FOR_ENFORCEMENT,463.2698,10127.9466,482.5727,463.2698,19.3029,0.04261939,0.04091462,19.3029,463.2698,0.04091462,19.3029,19.3029,19.3029,19.3029,19.3029,463.2698,0.04091462,96.5145,89.0961,386.0582,393.4766,0.03409552,0.03475069,0.00170478,2.9742,5.6477,0.2583,24.1286,2.7576,566.1422,93.4000,,2.9742,2.1006,2.1082,4.2165,6.3247,6.3247,6.3247,2.1082,-2.1006,3.0,3.0,1.41076,12,81,14,8,0E-8,0.04261939,,0E-8,0.000000,0.931740,0.014447,,2026-04-22,2026-05-17,20,175,59,26,0.769231,,,0.000000,,,,,,,,GLOBAL_BASELINE_NO_ENTITY_RANKING,,,NOT_APPLICABLE_GLOBAL_BASELINE,HF9g-P5,,,,X 全窗基线 · 不参与实体赏罚,8394205,840,A168_HF9F_20260827_0900,2026-08-27 09:00:00
2026-05-08,149034003,1353,0,15.3345236844,-9.9779434933,-9.9779434933,0.4000000,7,5,0.46077442500000000,0.446376013333,-0.2726317534169687,-0.2086029955595767,-0.2726317534169687,0.01439841166700000,ELIGIBLE,R03b_20260811_FULL_v1,L1_ELIGIBILITY,v2026-08-11,2026-03-21..2026-08-06,baccarat_bet02_101_all_pairs_incl_sentinel,round_win = game_pnl > 0 (decisive only),COMPATIBILITY_ONLY_NOT_PRODUCTION,11322.8439,10549.9444,482.5727,3807,1868,-0.04261939,,-0.04261939,-0.04261939,-482.5727,11322.8439,OK,0.0000,19.3029,4.0000,96.0000,AG03-UNRESOLVED,ALL5_LEVELS_bet23_to_bet27,19.3029,19.3029,19.3029,19.3029,19.3029,4.000000,4.000000,4.000000,4.000000,4.000000,96.000000,96.000000,96.000000,96.000000,96.000000,5.0,96.5145,89.0961,386.0582,393.4766,PENDING_AG03,FALSE,NOT_FOR_ENFORCEMENT,463.2698,10127.9466,482.5727,463.2698,19.3029,0.04261939,0.04091462,19.3029,463.2698,0.04091462,19.3029,19.3029,19.3029,19.3029,19.3029,463.2698,0.04091462,96.5145,89.0961,386.0582,393.4766,0.03409552,0.03475069,0.00170478,2.9742,5.6477,0.2583,24.1286,2.7576,566.1422,93.4000,,2.9742,2.1006,2.1082,4.2165,6.3247,6.3247,6.3247,2.1082,-2.1006,3.0,3.0,1.41076,12,81,14,8,0E-8,0.04261939,,0E-8,0.000000,0.931740,0.014447,,2026-04-22,2026-05-17,20,175,59,26,0.769231,,,0.000000,,,,,,,,GLOBAL_BASELINE_NO_ENTITY_RANKING,,,NOT_APPLICABLE_GLOBAL_BASELINE,HF9g-P5,,,,X 全窗基线 · 不参与实体赏罚,8394206,840,A168_HF9F_20260827_0900,2026-08-27 09:00:00
2026-05-08,149034003,1714,0,37.8111542904,-17.0150194307,-17.0150194307,0.3000000,14,10,0.44955365916666667,0.442354453333,-0.9507115727304164,-0.906372534658149,-0.9507115727304164,0.00719920583366667,ELIGIBLE,R03b_20260811_FULL_v1,L1_ELIGIBILITY,v2026-08-11,2026-03-21..2026-08-06,baccarat_bet02_101_all_pairs_incl_sentinel,round_win = game_pnl > 0 (decisive only),COMPATIBILITY_ONLY_NOT_PRODUCTION,11322.8439,10549.9444,482.5727,3807,1868,-0.04261939,,-0.04261939,-0.04261939,-482.5727,11322.8439,OK,0.0000,19.3029,4.0000,96.0000,AG03-UNRESOLVED,ALL5_LEVELS_bet23_to_bet27,19.3029,19.3029,19.3029,19.3029,19.3029,4.000000,4.000000,4.000000,4.000000,4.000000,96.000000,96.000000,96.000000,96.000000,96.000000,5.0,96.5145,89.0961,386.0582,393.4766,PENDING_AG03,FALSE,NOT_FOR_ENFORCEMENT,463.2698,10127.9466,482.5727,463.2698,19.3029,0.04261939,0.04091462,19.3029,463.2698,0.04091462,19.3029,19.3029,19.3029,19.3029,19.3029,463.2698,0.04091462,96.5145,89.0961,386.0582,393.4766,0.03409552,0.03475069,0.00170478,2.9742,5.6477,0.2583,24.1286,2.7576,566.1422,93.4000,,2.9742,2.1006,2.1082,4.2165,6.3247,6.3247,6.3247,2.1082,-2.1006,3.0,3.0,1.41076,12,81,14,8,0E-8,0.04261939,,0E-8,0.000000,0.931740,0.014447,,2026-04-22,2026-05-17,20,175,59,26,0.769231,,,0.000000,,,,,,,,GLOBAL_BASELINE_NO_ENTITY_RANKING,,,NOT_APPLICABLE_GLOBAL_BASELINE,HF9g-P5,,,,X 全窗基线 · 不参与实体赏罚,8394207,840,A168_HF9F_20260827_0900,2026-08-27 09:00:00
2026-05-08,149034003,2115,0,42.0123936560,-2.2056506668,-2.2056506668,0.2500000,17,9,0.38368500277777778,0.375685885185,-0.7775689374217781,-0.7340362121472053,-0.7775689374217781,0.00799911759277778,ELIGIBLE,R03b_20260811_FULL_v1,L1_ELIGIBILITY,v2026-08-11,2026-03-21..2026-08-06,baccarat_bet02_101_all_pairs_incl_sentinel,round_win = game_pnl > 0 (decisive only),COMPATIBILITY_ONLY_NOT_PRODUCTION,11322.8439,10549.9444,482.5727,3807,1868,-0.04261939,,-0.04261939,-0.04261939,-482.5727,11322.8439,OK,0.0000,19.3029,4.0000,96.0000,AG03-UNRESOLVED,ALL5_LEVELS_bet23_to_bet27,19.3029,19.3029,19.3029,19.3029,19.3029,4.000000,4.000000,4.000000,4.000000,4.000000,96.000000,96.000000,96.000000,96.000000,96.000000,5.0,96.5145,89.0961,386.0582,393.4766,PENDING_AG03,FALSE,NOT_FOR_ENFORCEMENT,463.2698,10127.9466,482.5727,463.2698,19.3029,0.04261939,0.04091462,19.3029,463.2698,0.04091462,19.3029,19.3029,19.3029,19.3029,19.3029,463.2698,0.04091462,96.5145,89.0961,386.0582,393.4766,0.03409552,0.03475069,0.00170478,2.9742,5.6477,0.2583,24.1286,2.7576,566.1422,93.4000,,2.9742,2.1006,2.1082,4.2165,6.3247,6.3247,6.3247,2.1082,-2.1006,3.0,3.0,1.41076,12,81,14,8,0E-8,0.04261939,,0E-8,0.000000,0.931740,0.014447,,2026-04-22,2026-05-17,20,175,59,26,0.769231,,,0.000000,,,,,,,,GLOBAL_BASELINE_NO_ENTITY_RANKING,,,NOT_APPLICABLE_GLOBAL_BASELINE,HF9g-P5,,,,X 全窗基线 · 不参与实体赏罚,8394208,840,A168_HF9F_20260827_0900,2026-08-27 09:00:00
2026-05-08,149034003,2121,0,65.1192101668,-36.2356895282,-36.2356895282,0E-7,27,9,0.24943771481481482,0.217689488889,-1.630544606178371,-1.4920182680684762,-1.630544606178371,0.03174822592581482,ELIGIBLE,R03b_20260811_FULL_v1,L1_ELIGIBILITY,v2026-08-11,2026-03-21..2026-08-06,baccarat_bet02_101_all_pairs_incl_sentinel,round_win = game_pnl > 0 (decisive only),COMPATIBILITY_ONLY_NOT_PRODUCTION,11322.8439,10549.9444,482.5727,3807,1868,-0.04261939,,-0.04261939,-0.04261939,-482.5727,11322.8439,OK,0.0000,19.3029,4.0000,96.0000,AG03-UNRESOLVED,ALL5_LEVELS_bet23_to_bet27,19.3029,19.3029,19.3029,19.3029,19.3029,4.000000,4.000000,4.000000,4.000000,4.000000,96.000000,96.000000,96.000000,96.000000,96.000000,5.0,96.5145,89.0961,386.0582,393.4766,PENDING_AG03,FALSE,NOT_FOR_ENFORCEMENT,463.2698,10127.9466,482.5727,463.2698,19.3029,0.04261939,0.04091462,19.3029,463.2698,0.04091462,19.3029,19.3029,19.3029,19.3029,19.3029,463.2698,0.04091462,96.5145,89.0961,386.0582,393.4766,0.03409552,0.03475069,0.00170478,2.9742,5.6477,0.2583,24.1286,2.7576,566.1422,93.4000,,2.9742,2.1006,2.1082,4.2165,6.3247,6.3247,6.3247,2.1082,-2.1006,3.0,3.0,1.41076,12,81,14,8,0E-8,0.04261939,,0E-8,0.000000,0.931740,0.014447,,2026-04-22,2026-05-17,20,175,59,26,0.769231,,,0.000000,,,,,,,,GLOBAL_BASELINE_NO_ENTITY_RANKING,,,NOT_APPLICABLE_GLOBAL_BASELINE,HF9g-P5,,,,X 全窗基线 · 不参与实体赏罚,8394209,840,A168_HF9F_20260827_0900,2026-08-27 09:00:00
2026-05-08,149034003,2130,0,75.6223085808,-2.4157126351,-2.4157126351,0.3750000,28,18,0.36303557268518519,0.354964864815,0.09952214468675635,0.16748190762685458,0.09952214468675635,0.00807070787018519,ELIGIBLE,R03b_20260811_FULL_v1,L1_ELIGIBILITY,v2026-08-11,2026-03-21..2026-08-06,baccarat_bet02_101_all_pairs_incl_sentinel,round_win = game_pnl > 0 (decisive only),COMPATIBILITY_ONLY_NOT_PRODUCTION,11322.8439,10549.9444,482.5727,3807,1868,-0.04261939,,-0.04261939,-0.04261939,-482.5727,11322.8439,OK,0.0000,19.3029,4.0000,96.0000,AG03-UNRESOLVED,ALL5_LEVELS_bet23_to_bet27,19.3029,19.3029,19.3029,19.3029,19.3029,4.000000,4.000000,4.000000,4.000000,4.000000,96.000000,96.000000,96.000000,96.000000,96.000000,5.0,96.5145,89.0961,386.0582,393.4766,PENDING_AG03,FALSE,NOT_FOR_ENFORCEMENT,463.2698,10127.9466,482.5727,463.2698,19.3029,0.04261939,0.04091462,19.3029,463.2698,0.04091462,19.3029,19.3029,19.3029,19.3029,19.3029,463.2698,0.04091462,96.5145,89.0961,386.0582,393.4766,0.03409552,0.03475069,0.00170478,2.9742,5.6477,0.2583,24.1286,2.7576,566.1422,93.4000,,2.9742,2.1006,2.1082,4.2165,6.3247,6.3247,6.3247,2.1082,-2.1006,3.0,3.0,1.41076,12,81,14,8,0E-8,0.04261939,,0E-8,0.000000,0.931740,0.014447,,2026-04-22,2026-05-17,20,175,59,26,0.769231,,,0.000000,,,,,,,,GLOBAL_BASELINE_NO_ENTITY_RANKING,,,NOT_APPLICABLE_GLOBAL_BASELINE,HF9g-P5,,,,X 全窗基线 · 不参与实体赏罚,8394210,840,A168_HF9F_20260827_0900,2026-08-27 09:00:00
2026-05-08,149034003,2134,0,142.8421384304,-0.6301859045,-0.6301859045,0.3703704,58,29,0.33701819367816092,0.322431450575,0.3666304960554394,0.5329356930057175,0.3666304960554394,0.01458674310316092,ELIGIBLE,R03b_20260811_FULL_v1,L1_ELIGIBILITY,v2026-08-11,2026-03-21..2026-08-06,baccarat_bet02_101_all_pairs_incl_sentinel,round_win = game_pnl > 0 (decisive only),COMPATIBILITY_ONLY_NOT_PRODUCTION,11322.8439,10549.9444,482.5727,3807,1868,-0.04261939,,-0.04261939,-0.04261939,-482.5727,11322.8439,OK,0.0000,19.3029,4.0000,96.0000,AG03-UNRESOLVED,ALL5_LEVELS_bet23_to_bet27,19.3029,19.3029,19.3029,19.3029,19.3029,4.000000,4.000000,4.000000,4.000000,4.000000,96.000000,96.000000,96.000000,96.000000,96.000000,5.0,96.5145,89.0961,386.0582,393.4766,PENDING_AG03,FALSE,NOT_FOR_ENFORCEMENT,463.2698,10127.9466,482.5727,463.2698,19.3029,0.04261939,0.04091462,19.3029,463.2698,0.04091462,19.3029,19.3029,19.3029,19.3029,19.3029,463.2698,0.04091462,96.5145,89.0961,386.0582,393.4766,0.03409552,0.03475069,0.00170478,2.9742,5.6477,0.2583,24.1286,2.7576,566.1422,93.4000,,2.9742,2.1006,2.1082,4.2165,6.3247,6.3247,6.3247,2.1082,-2.1006,3.0,3.0,1.41076,12,81,14,8,0E-8,0.04261939,,0E-8,0.000000,0.931740,0.014447,,2026-04-22,2026-05-17,20,175,59,26,0.769231,,,0.000000,,,,,,,,GLOBAL_BASELINE_NO_ENTITY_RANKING,,,NOT_APPLICABLE_GLOBAL_BASELINE,HF9g-P5,,,,X 全窗基线 · 不参与实体赏罚,8394211,840,A168_HF9F_20260827_0900,2026-08-27 09:00:00
2026-05-08,149034003,462,0,117.6347022368,-48.9444386092,-48.9444386092,0E-7,44,17,0.29253212107843137,0.246868989216,-2.318489284368684,-2.0642851120961048,-2.318489284368684,0.04566313186243137,ELIGIBLE,R03b_20260811_FULL_v1,L1_ELIGIBILITY,v2026-08-11,2026-03-21..2026-08-06,baccarat_bet02_101_all_pairs_incl_sentinel,round_win = game_pnl > 0 (decisive only),COMPATIBILITY_ONLY_NOT_PRODUCTION,11322.8439,10549.9444,482.5727,3807,1868,-0.04261939,,-0.04261939,-0.04261939,-482.5727,11322.8439,OK,0.0000,19.3029,4.0000,96.0000,AG03-UNRESOLVED,ALL5_LEVELS_bet23_to_bet27,19.3029,19.3029,19.3029,19.3029,19.3029,4.000000,4.000000,4.000000,4.000000,4.000000,96.000000,96.000000,96.000000,96.000000,96.000000,5.0,96.5145,89.0961,386.0582,393.4766,PENDING_AG03,FALSE,NOT_FOR_ENFORCEMENT,463.2698,10127.9466,482.5727,463.2698,19.3029,0.04261939,0.04091462,19.3029,463.2698,0.04091462,19.3029,19.3029,19.3029,19.3029,19.3029,463.2698,0.04091462,96.5145,89.0961,386.0582,393.4766,0.03409552,0.03475069,0.00170478,2.9742,5.6477,0.2583,24.1286,2.7576,566.1422,93.4000,,2.9742,2.1006,2.1082,4.2165,6.3247,6.3247,6.3247,2.1082,-2.1006,3.0,3.0,1.41076,12,81,14,8,0E-8,0.04261939,,0E-8,0.000000,0.931740,0.014447,,2026-04-22,2026-05-17,20,175,59,26,0.769231,,,0.000000,,,,,,,,GLOBAL_BASELINE_NO_ENTITY_RANKING,,,NOT_APPLICABLE_GLOBAL_BASELINE,HF9g-P5,,,,X 全窗基线 · 不参与实体赏罚,8394212,840,A168_HF9F_20260827_0900,2026-08-27 09:00:00
2026-05-08,149034003,471,0,2.1006196828,-2.1006196828,-2.1006196828,0E-7,1,1,0.49324550000000000,0.493245500000,-0.9865810262130424,-0.9865810262130424,-0.9865810262130424,0E-17,ELIGIBLE,R03b_20260811_FULL_v1,L1_ELIGIBILITY,v2026-08-11,2026-03-21..2026-08-06,baccarat_bet02_101_all_pairs_incl_sentinel,round_win = game_pnl > 0 (decisive only),COMPATIBILITY_ONLY_NOT_PRODUCTION,11322.8439,10549.9444,482.5727,3807,1868,-0.04261939,,-0.04261939,-0.04261939,-482.5727,11322.8439,OK,0.0000,19.3029,4.0000,96.0000,AG03-UNRESOLVED,ALL5_LEVELS_bet23_to_bet27,19.3029,19.3029,19.3029,19.3029,19.3029,4.000000,4.000000,4.000000,4.000000,4.000000,96.000000,96.000000,96.000000,96.000000,96.000000,5.0,96.5145,89.0961,386.0582,393.4766,PENDING_AG03,FALSE,NOT_FOR_ENFORCEMENT,463.2698,10127.9466,482.5727,463.2698,19.3029,0.04261939,0.04091462,19.3029,463.2698,0.04091462,19.3029,19.3029,19.3029,19.3029,19.3029,463.2698,0.04091462,96.5145,89.0961,386.0582,393.4766,0.03409552,0.03475069,0.00170478,2.9742,5.6477,0.2583,24.1286,2.7576,566.1422,93.4000,,2.9742,2.1006,2.1082,4.2165,6.3247,6.3247,6.3247,2.1082,-2.1006,3.0,3.0,1.41076,12,81,14,8,0E-8,0.04261939,,0E-8,0.000000,0.931740,0.014447,,2026-04-22,2026-05-17,20,175,59,26,0.769231,,,0.000000,,,,,,,,GLOBAL_BASELINE_NO_ENTITY_RANKING,,,NOT_APPLICABLE_GLOBAL_BASELINE,HF9g-P5,,,,X 全窗基线 · 不参与实体赏罚,8394213,840,A168_HF9F_20260827_0900,2026-08-27 09:00:00
2026-05-09,149034003,1299,0,2.1006196828,-2.1006196828,-2.1006196828,0E-7,1,1,0.50665070000000000,0.506650700000,-1.013391052207602,-1.013391052207602,-1.013391052207602,0E-17,ELIGIBLE,R03b_20260811_FULL_v1,L1_ELIGIBILITY,v2026-08-11,2026-03-21..2026-08-06,baccarat_bet02_101_all_pairs_incl_sentinel,round_win = game_pnl > 0 (decisive only),COMPATIBILITY_ONLY_NOT_PRODUCTION,11322.8439,10549.9444,482.5727,3807,1868,-0.04261939,,-0.04261939,-0.04261939,-482.5727,11322.8439,OK,0.0000,19.3029,4.0000,96.0000,AG03-UNRESOLVED,ALL5_LEVELS_bet23_to_bet27,19.3029,19.3029,19.3029,19.3029,19.3029,4.000000,4.000000,4.000000,4.000000,4.000000,96.000000,96.000000,96.000000,96.000000,96.000000,5.0,96.5145,89.0961,386.0582,393.4766,PENDING_AG03,FALSE,NOT_FOR_ENFORCEMENT,463.2698,10127.9466,482.5727,463.2698,19.3029,0.04261939,0.04091462,19.3029,463.2698,0.04091462,19.3029,19.3029,19.3029,19.3029,19.3029,463.2698,0.04091462,96.5145,89.0961,386.0582,393.4766,0.03409552,0.03475069,0.00170478,2.9742,5.6477,0.2583,24.1286,2.7576,566.1422,93.4000,,2.9742,2.1006,2.1082,4.2165,6.3247,6.3247,6.3247,2.1082,-2.1006,3.0,3.0,1.41076,12,81,14,8,0E-8,0.04261939,,0E-8,0.000000,0.931740,0.014447,,2026-04-22,2026-05-17,20,175,59,26,0.769231,,,0.000000,,,,,,,,GLOBAL_BASELINE_NO_ENTITY_RANKING,,,NOT_APPLICABLE_GLOBAL_BASELINE,HF9g-P5,,,,X 全窗基线 · 不参与实体赏罚,8394214,840,A168_HF9F_20260827_0900,2026-08-27 09:00:00
2026-05-09,149034003,1353,0,75.6223085808,-17.4351433669,-17.4351433669,0.3000000,34,23,0.38170718478260870,0.381707184783,-0.7521647521891532,-0.7521647521926078,-0.7521647521891532,-3.9130E-13,ELIGIBLE,R03b_20260811_FULL_v1,L1_ELIGIBILITY,v2026-08-11,2026-03-21..2026-08-06,baccarat_bet02_101_all_pairs_incl_sentinel,round_win = game_pnl > 0 (decisive only),COMPATIBILITY_ONLY_NOT_PRODUCTION,11322.8439,10549.9444,482.5727,3807,1868,-0.04261939,,-0.04261939,-0.04261939,-482.5727,11322.8439,OK,0.0000,19.3029,4.0000,96.0000,AG03-UNRESOLVED,ALL5_LEVELS_bet23_to_bet27,19.3029,19.3029,19.3029,19.3029,19.3029,4.000000,4.000000,4.000000,4.000000,4.000000,96.000000,96.000000,96.000000,96.000000,96.000000,5.0,96.5145,89.0961,386.0582,393.4766,PENDING_AG03,FALSE,NOT_FOR_ENFORCEMENT,463.2698,10127.9466,482.5727,463.2698,19.3029,0.04261939,0.04091462,19.3029,463.2698,0.04091462,19.3029,19.3029,19.3029,19.3029,19.3029,463.2698,0.04091462,96.5145,89.0961,386.0582,393.4766,0.03409552,0.03475069,0.00170478,2.9742,5.6477,0.2583,24.1286,2.7576,566.1422,93.4000,,2.9742,2.1006,2.1082,4.2165,6.3247,6.3247,6.3247,2.1082,-2.1006,3.0,3.0,1.41076,12,81,14,8,0E-8,0.04261939,,0E-8,0.000000,0.931740,0.014447,,2026-04-22,2026-05-17,20,175,59,26,0.769231,,,0.000000,,,,,,,,GLOBAL_BASELINE_NO_ENTITY_RANKING,,,NOT_APPLICABLE_GLOBAL_BASELINE,HF9g-P5,,,,X 全窗基线 · 不参与实体赏罚,8394215,840,A168_HF9F_20260827_0900,2026-08-27 09:00:00
2026-05-09,149034003,1363,0,90.3266463604,-13.1288730172,-13.1288730172,0.3333333,38,22,0.31778284325757576,0.309274690909,0.15304783343457476,0.23853707488278225,0.15304783343457476,0.00850815234857576,ELIGIBLE,R03b_20260811_FULL_v1,L1_ELIGIBILITY,v2026-08-11,2026-03-21..2026-08-06,baccarat_bet02_101_all_pairs_incl_sentinel,round_win = game_pnl > 0 (decisive only),COMPATIBILITY_ONLY_NOT_PRODUCTION,11322.8439,10549.9444,482.5727,3807,1868,-0.04261939,,-0.04261939,-0.04261939,-482.5727,11322.8439,OK,0.0000,19.3029,4.0000,96.0000,AG03-UNRESOLVED,ALL5_LEVELS_bet23_to_bet27,19.3029,19.3029,19.3029,19.3029,19.3029,4.000000,4.000000,4.000000,4.000000,4.000000,96.000000,96.000000,96.000000,96.000000,96.000000,5.0,96.5145,89.0961,386.0582,393.4766,PENDING_AG03,FALSE,NOT_FOR_ENFORCEMENT,463.2698,10127.9466,482.5727,463.2698,19.3029,0.04261939,0.04091462,19.3029,463.2698,0.04091462,19.3029,19.3029,19.3029,19.3029,19.3029,463.2698,0.04091462,96.5145,89.0961,386.0582,393.4766,0.03409552,0.03475069,0.00170478,2.9742,5.6477,0.2583,24.1286,2.7576,566.1422,93.4000,,2.9742,2.1006,2.1082,4.2165,6.3247,6.3247,6.3247,2.1082,-2.1006,3.0,3.0,1.41076,12,81,14,8,0E-8,0.04261939,,0E-8,0.000000,0.931740,0.014447,,2026-04-22,2026-05-17,20,175,59,26,0.769231,,,0.000000,,,,,,,,GLOBAL_BASELINE_NO_ENTITY_RANKING,,,NOT_APPLICABLE_GLOBAL_BASELINE,HF9g-P5,,,,X 全窗基线 · 不参与实体赏罚,8394216,840,A168_HF9F_20260827_0900,2026-08-27 09:00:00
2026-05-09,149034003,1940,0,37.8111542904,-6.7219829849,-6.7219829849,0.3000000,15,11,0.45185626060606061,0.438767160606,-0.9649066961838233,-0.8842969086838214,-0.9649066961838233,0.01308910000006061,ELIGIBLE,R03b_20260811_FULL_v1,L1_ELIGIBILITY,v2026-08-11,2026-03-21..2026-08-06,baccarat_bet02_101_all_pairs_incl_sentinel,round_win = game_pnl > 0 (decisive only),COMPATIBILITY_ONLY_NOT_PRODUCTION,11322.8439,10549.9444,482.5727,3807,1868,-0.04261939,,-0.04261939,-0.04261939,-482.5727,11322.8439,OK,0.0000,19.3029,4.0000,96.0000,AG03-UNRESOLVED,ALL5_LEVELS_bet23_to_bet27,19.3029,19.3029,19.3029,19.3029,19.3029,4.000000,4.000000,4.000000,4.000000,4.000000,96.000000,96.000000,96.000000,96.000000,96.000000,5.0,96.5145,89.0961,386.0582,393.4766,PENDING_AG03,FALSE,NOT_FOR_ENFORCEMENT,463.2698,10127.9466,482.5727,463.2698,19.3029,0.04261939,0.04091462,19.3029,463.2698,0.04091462,19.3029,19.3029,19.3029,19.3029,19.3029,463.2698,0.04091462,96.5145,89.0961,386.0582,393.4766,0.03409552,0.03475069,0.00170478,2.9742,5.6477,0.2583,24.1286,2.7576,566.1422,93.4000,,2.9742,2.1006,2.1082,4.2165,6.3247,6.3247,6.3247,2.1082,-2.1006,3.0,3.0,1.41076,12,81,14,8,0E-8,0.04261939,,0E-8,0.000000,0.931740,0.014447,,2026-04-22,2026-05-17,20,175,59,26,0.769231,,,0.000000,,,,,,,,GLOBAL_BASELINE_NO_ENTITY_RANKING,,,NOT_APPLICABLE_GLOBAL_BASELINE,HF9g-P5,,,,X 全窗基线 · 不参与实体赏罚,8394217,840,A168_HF9F_20260827_0900,2026-08-27 09:00:00
2026-05-09,149034003,1942,0,27.3080558764,1.9955886987,1.9955886987,0.6666667,9,7,0.46526430357142857,0.455298895238,0.9890556588842522,1.0396495437024305,0.9890556588842522,0.00996540833342857,ELIGIBLE,R03b_20260811_FULL_v1,L1_ELIGIBILITY,v2026-08-11,2026-03-21..2026-08-06,baccarat_bet02_101_all_pairs_incl_sentinel,round_win = game_pnl > 0 (decisive only),COMPATIBILITY_ONLY_NOT_PRODUCTION,11322.8439,10549.9444,482.5727,3807,1868,-0.04261939,,-0.04261939,-0.04261939,-482.5727,11322.8439,OK,0.0000,19.3029,4.0000,96.0000,AG03-UNRESOLVED,ALL5_LEVELS_bet23_to_bet27,19.3029,19.3029,19.3029,19.3029,19.3029,4.000000,4.000000,4.000000,4.000000,4.000000,96.000000,96.000000,96.000000,96.000000,96.000000,5.0,96.5145,89.0961,386.0582,393.4766,PENDING_AG03,FALSE,NOT_FOR_ENFORCEMENT,463.2698,10127.9466,482.5727,463.2698,19.3029,0.04261939,0.04091462,19.3029,463.2698,0.04091462,19.3029,19.3029,19.3029,19.3029,19.3029,463.2698,0.04091462,96.5145,89.0961,386.0582,393.4766,0.03409552,0.03475069,0.00170478,2.9742,5.6477,0.2583,24.1286,2.7576,566.1422,93.4000,,2.9742,2.1006,2.1082,4.2165,6.3247,6.3247,6.3247,2.1082,-2.1006,3.0,3.0,1.41076,12,81,14,8,0E-8,0.04261939,,0E-8,0.000000,0.931740,0.014447,,2026-04-22,2026-05-17,20,175,59,26,0.769231,,,0.000000,,,,,,,,GLOBAL_BASELINE_NO_ENTITY_RANKING,,,NOT_APPLICABLE_GLOBAL_BASELINE,HF9g-P5,,,,X 全窗基线 · 不参与实体赏罚,8394218,840,A168_HF9F_20260827_0900,2026-08-27 09:00:00
2026-05-09,149034003,2130,0,4.2012393656,2.1006196828,2.1006196828,1.0000000,2,2,0.50665070000000000,0.506650700000,0.9867858985152569,0.9867858985152569,0.9867858985152569,0E-17,ELIGIBLE,R03b_20260811_FULL_v1,L1_ELIGIBILITY,v2026-08-11,2026-03-21..2026-08-06,baccarat_bet02_101_all_pairs_incl_sentinel,round_win = game_pnl > 0 (decisive only),COMPATIBILITY_ONLY_NOT_PRODUCTION,11322.8439,10549.9444,482.5727,3807,1868,-0.04261939,,-0.04261939,-0.04261939,-482.5727,11322.8439,OK,0.0000,19.3029,4.0000,96.0000,AG03-UNRESOLVED,ALL5_LEVELS_bet23_to_bet27,19.3029,19.3029,19.3029,19.3029,19.3029,4.000000,4.000000,4.000000,4.000000,4.000000,96.000000,96.000000,96.000000,96.000000,96.000000,5.0,96.5145,89.0961,386.0582,393.4766,PENDING_AG03,FALSE,NOT_FOR_ENFORCEMENT,463.2698,10127.9466,482.5727,463.2698,19.3029,0.04261939,0.04091462,19.3029,463.2698,0.04091462,19.3029,19.3029,19.3029,19.3029,19.3029,463.2698,0.04091462,96.5145,89.0961,386.0582,393.4766,0.03409552,0.03475069,0.00170478,2.9742,5.6477,0.2583,24.1286,2.7576,566.1422,93.4000,,2.9742,2.1006,2.1082,4.2165,6.3247,6.3247,6.3247,2.1082,-2.1006,3.0,3.0,1.41076,12,81,14,8,0E-8,0.04261939,,0E-8,0.000000,0.931740,0.014447,,2026-04-22,2026-05-17,20,175,59,26,0.769231,,,0.000000,,,,,,,,GLOBAL_BASELINE_NO_ENTITY_RANKING,,,NOT_APPLICABLE_GLOBAL_BASELINE,HF9g-P5,,,,X 全窗基线 · 不参与实体赏罚,8394219,840,A168_HF9F_20260827_0900,2026-08-27 09:00:00
2026-05-09,149034003,2134,0,2.1006196828,2.1006196828,2.1006196828,1.0000000,1,1,0.49324550000000000,0.493245500000,1.01360149184955,1.01360149184955,1.01360149184955,0E-17,ELIGIBLE,R03b_20260811_FULL_v1,L1_ELIGIBILITY,v2026-08-11,2026-03-21..2026-08-06,baccarat_bet02_101_all_pairs_incl_sentinel,round_win = game_pnl > 0 (decisive only),COMPATIBILITY_ONLY_NOT_PRODUCTION,11322.8439,10549.9444,482.5727,3807,1868,-0.04261939,,-0.04261939,-0.04261939,-482.5727,11322.8439,OK,0.0000,19.3029,4.0000,96.0000,AG03-UNRESOLVED,ALL5_LEVELS_bet23_to_bet27,19.3029,19.3029,19.3029,19.3029,19.3029,4.000000,4.000000,4.000000,4.000000,4.000000,96.000000,96.000000,96.000000,96.000000,96.000000,5.0,96.5145,89.0961,386.0582,393.4766,PENDING_AG03,FALSE,NOT_FOR_ENFORCEMENT,463.2698,10127.9466,482.5727,463.2698,19.3029,0.04261939,0.04091462,19.3029,463.2698,0.04091462,19.3029,19.3029,19.3029,19.3029,19.3029,463.2698,0.04091462,96.5145,89.0961,386.0582,393.4766,0.03409552,0.03475069,0.00170478,2.9742,5.6477,0.2583,24.1286,2.7576,566.1422,93.4000,,2.9742,2.1006,2.1082,4.2165,6.3247,6.3247,6.3247,2.1082,-2.1006,3.0,3.0,1.41076,12,81,14,8,0E-8,0.04261939,,0E-8,0.000000,0.931740,0.014447,,2026-04-22,2026-05-17,20,175,59,26,0.769231,,,0.000000,,,,,,,,GLOBAL_BASELINE_NO_ENTITY_RANKING,,,NOT_APPLICABLE_GLOBAL_BASELINE,HF9g-P5,,,,X 全窗基线 · 不参与实体赏罚,8394220,840,A168_HF9F_20260827_0900,2026-08-27 09:00:00
2026-05-09,149034003,2155,0,27.3080558764,-6.6169520007,-6.6169520007,0.4000000,12,10,0.48237204250000000,0.475172836667,-0.521290617163539,-0.47602195472628195,-0.521290617163539,0.00719920583300000,ELIGIBLE,R03b_20260811_FULL_v1,L1_ELIGIBILITY,v2026-08-11,2026-03-21..2026-08-06,baccarat_bet02_101_all_pairs_incl_sentinel,round_win = game_pnl > 0 (decisive only),COMPATIBILITY_ONLY_NOT_PRODUCTION,11322.8439,10549.9444,482.5727,3807,1868,-0.04261939,,-0.04261939,-0.04261939,-482.5727,11322.8439,OK,0.0000,19.3029,4.0000,96.0000,AG03-UNRESOLVED,ALL5_LEVELS_bet23_to_bet27,19.3029,19.3029,19.3029,19.3029,19.3029,4.000000,4.000000,4.000000,4.000000,4.000000,96.000000,96.000000,96.000000,96.000000,96.000000,5.0,96.5145,89.0961,386.0582,393.4766,PENDING_AG03,FALSE,NOT_FOR_ENFORCEMENT,463.2698,10127.9466,482.5727,463.2698,19.3029,0.04261939,0.04091462,19.3029,463.2698,0.04091462,19.3029,19.3029,19.3029,19.3029,19.3029,463.2698,0.04091462,96.5145,89.0961,386.0582,393.4766,0.03409552,0.03475069,0.00170478,2.9742,5.6477,0.2583,24.1286,2.7576,566.1422,93.4000,,2.9742,2.1006,2.1082,4.2165,6.3247,6.3247,6.3247,2.1082,-2.1006,3.0,3.0,1.41076,12,81,14,8,0E-8,0.04261939,,0E-8,0.000000,0.931740,0.014447,,2026-04-22,2026-05-17,20,175,59,26,0.769231,,,0.000000,,,,,,,,GLOBAL_BASELINE_NO_ENTITY_RANKING,,,NOT_APPLICABLE_GLOBAL_BASELINE,HF9g-P5,,,,X 全窗基线 · 不参与实体赏罚,8394221,840,A168_HF9F_20260827_0900,2026-08-27 09:00:00
2026-05-09,149034003,2267,0,33.6099149248,-5.3565801911,-5.3565801911,0.6000000,15,12,0.46730286875000000,0.461489713889,0.8410506126139372,0.8786259219038789,0.8410506126139372,0.00581315486100000,ELIGIBLE,R03b_20260811_FULL_v1,L1_ELIGIBILITY,v2026-08-11,2026-03-21..2026-08-06,baccarat_bet02_101_all_pairs_incl_sentinel,round_win = game_pnl > 0 (decisive only),COMPATIBILITY_ONLY_NOT_PRODUCTION,11322.8439,10549.9444,482.5727,3807,1868,-0.04261939,,-0.04261939,-0.04261939,-482.5727,11322.8439,OK,0.0000,19.3029,4.0000,96.0000,AG03-UNRESOLVED,ALL5_LEVELS_bet23_to_bet27,19.3029,19.3029,19.3029,19.3029,19.3029,4.000000,4.000000,4.000000,4.000000,4.000000,96.000000,96.000000,96.000000,96.000000,96.000000,5.0,96.5145,89.0961,386.0582,393.4766,PENDING_AG03,FALSE,NOT_FOR_ENFORCEMENT,463.2698,10127.9466,482.5727,463.2698,19.3029,0.04261939,0.04091462,19.3029,463.2698,0.04091462,19.3029,19.3029,19.3029,19.3029,19.3029,463.2698,0.04091462,96.5145,89.0961,386.0582,393.4766,0.03409552,0.03475069,0.00170478,2.9742,5.6477,0.2583,24.1286,2.7576,566.1422,93.4000,,2.9742,2.1006,2.1082,4.2165,6.3247,6.3247,6.3247,2.1082,-2.1006,3.0,3.0,1.41076,12,81,14,8,0E-8,0.04261939,,0E-8,0.000000,0.931740,0.014447,,2026-04-22,2026-05-17,20,175,59,26,0.769231,,,0.000000,,,,,,,,GLOBAL_BASELINE_NO_ENTITY_RANKING,,,NOT_APPLICABLE_GLOBAL_BASELINE,HF9g-P5,,,,X 全窗基线 · 不参与实体赏罚,8394222,840,A168_HF9F_20260827_0900,2026-08-27 09:00:00
2026-05-09,149034003,529,0,14.7043377796,16.6999264784,16.6999264784,0.2500000,7,5,0.44905705333333333,0.449057053333,-0.8003933868496428,-0.8003933868483575,-0.8003933868496428,3.3333E-13,ELIGIBLE,R03b_20260811_FULL_v1,L1_ELIGIBILITY,v2026-08-11,2026-03-21..2026-08-06,baccarat_bet02_101_all_pairs_incl_sentinel,round_win = game_pnl > 0 (decisive only),COMPATIBILITY_ONLY_NOT_PRODUCTION,11322.8439,10549.9444,482.5727,3807,1868,-0.04261939,,-0.04261939,-0.04261939,-482.5727,11322.8439,OK,0.0000,19.3029,4.0000,96.0000,AG03-UNRESOLVED,ALL5_LEVELS_bet23_to_bet27,19.3029,19.3029,19.3029,19.3029,19.3029,4.000000,4.000000,4.000000,4.000000,4.000000,96.000000,96.000000,96.000000,96.000000,96.000000,5.0,96.5145,89.0961,386.0582,393.4766,PENDING_AG03,FALSE,NOT_FOR_ENFORCEMENT,463.2698,10127.9466,482.5727,463.2698,19.3029,0.04261939,0.04091462,19.3029,463.2698,0.04091462,19.3029,19.3029,19.3029,19.3029,19.3029,463.2698,0.04091462,96.5145,89.0961,386.0582,393.4766,0.03409552,0.03475069,0.00170478,2.9742,5.6477,0.2583,24.1286,2.7576,566.1422,93.4000,,2.9742,2.1006,2.1082,4.2165,6.3247,6.3247,6.3247,2.1082,-2.1006,3.0,3.0,1.41076,12,81,14,8,0E-8,0.04261939,,0E-8,0.000000,0.931740,0.014447,,2026-04-22,2026-05-17,20,175,59,26,0.769231,,,0.000000,,,,,,,,GLOBAL_BASELINE_NO_ENTITY_RANKING,,,NOT_APPLICABLE_GLOBAL_BASELINE,HF9g-P5,,,,X 全窗基线 · 不参与实体赏罚,8394223,840,A168_HF9F_20260827_0900,2026-08-27 09:00:00
2026-05-09,149034003,763,0,18.9055771452,-0.3150929524,-0.3150929524,0.4000000,8,6,0.45865599444444445,0.458655994445,-0.2632189796676425,-0.2632189796701112,-0.2632189796676425,-5.5555E-13,ELIGIBLE,R03b_20260811_FULL_v1,L1_ELIGIBILITY,v2026-08-11,2026-03-21..2026-08-06,baccarat_bet02_101_all_pairs_incl_sentinel,round_win = game_pnl > 0 (decisive only),COMPATIBILITY_ONLY_NOT_PRODUCTION,11322.8439,10549.9444,482.5727,3807,1868,-0.04261939,,-0.04261939,-0.04261939,-482.5727,11322.8439,OK,0.0000,19.3029,4.0000,96.0000,AG03-UNRESOLVED,ALL5_LEVELS_bet23_to_bet27,19.3029,19.3029,19.3029,19.3029,19.3029,4.000000,4.000000,4.000000,4.000000,4.000000,96.000000,96.000000,96.000000,96.000000,96.000000,5.0,96.5145,89.0961,386.0582,393.4766,PENDING_AG03,FALSE,NOT_FOR_ENFORCEMENT,463.2698,10127.9466,482.5727,463.2698,19.3029,0.04261939,0.04091462,19.3029,463.2698,0.04091462,19.3029,19.3029,19.3029,19.3029,19.3029,463.2698,0.04091462,96.5145,89.0961,386.0582,393.4766,0.03409552,0.03475069,0.00170478,2.9742,5.6477,0.2583,24.1286,2.7576,566.1422,93.4000,,2.9742,2.1006,2.1082,4.2165,6.3247,6.3247,6.3247,2.1082,-2.1006,3.0,3.0,1.41076,12,81,14,8,0E-8,0.04261939,,0E-8,0.000000,0.931740,0.014447,,2026-04-22,2026-05-17,20,175,59,26,0.769231,,,0.000000,,,,,,,,GLOBAL_BASELINE_NO_ENTITY_RANKING,,,NOT_APPLICABLE_GLOBAL_BASELINE,HF9g-P5,,,,X 全窗基线 · 不参与实体赏罚,8394224,840,A168_HF9F_20260827_0900,2026-08-27 09:00:00
2026-05-09,149034003,772,0,31.5092952420,-8.4024787312,-8.4024787312,0.3076923,14,14,0.49707555714285714,0.497075557143,-1.3656853930983834,-1.3656853930994113,-1.3656853930983834,-1.4286E-13,ELIGIBLE,R03b_20260811_FULL_v1,L1_ELIGIBILITY,v2026-08-11,2026-03-21..2026-08-06,baccarat_bet02_101_all_pairs_incl_sentinel,round_win = game_pnl > 0 (decisive only),COMPATIBILITY_ONLY_NOT_PRODUCTION,11322.8439,10549.9444,482.5727,3807,1868,-0.04261939,,-0.04261939,-0.04261939,-482.5727,11322.8439,OK,0.0000,19.3029,4.0000,96.0000,AG03-UNRESOLVED,ALL5_LEVELS_bet23_to_bet27,19.3029,19.3029,19.3029,19.3029,19.3029,4.000000,4.000000,4.000000,4.000000,4.000000,96.000000,96.000000,96.000000,96.000000,96.000000,5.0,96.5145,89.0961,386.0582,393.4766,PENDING_AG03,FALSE,NOT_FOR_ENFORCEMENT,463.2698,10127.9466,482.5727,463.2698,19.3029,0.04261939,0.04091462,19.3029,463.2698,0.04091462,19.3029,19.3029,19.3029,19.3029,19.3029,463.2698,0.04091462,96.5145,89.0961,386.0582,393.4766,0.03409552,0.03475069,0.00170478,2.9742,5.6477,0.2583,24.1286,2.7576,566.1422,93.4000,,2.9742,2.1006,2.1082,4.2165,6.3247,6.3247,6.3247,2.1082,-2.1006,3.0,3.0,1.41076,12,81,14,8,0E-8,0.04261939,,0E-8,0.000000,0.931740,0.014447,,2026-04-22,2026-05-17,20,175,59,26,0.769231,,,0.000000,,,,,,,,GLOBAL_BASELINE_NO_ENTITY_RANKING,,,NOT_APPLICABLE_GLOBAL_BASELINE,HF9g-P5,,,,X 全窗基线 · 不参与实体赏罚,8394225,840,A168_HF9F_20260827_0900,2026-08-27 09:00:00
2026-05-10,149034003,1004,0,4.2012393656,-2.1006196828,-2.1006196828,0E-7,2,2,0.49324550000000000,0.493245500000,-0.9865810262130424,-0.9865810262130424,-0.9865810262130424,0E-17,ELIGIBLE,R03b_20260811_FULL_v1,L1_ELIGIBILITY,v2026-08-11,2026-03-21..2026-08-06,baccarat_bet02_101_all_pairs_incl_sentinel,round_win = game_pnl > 0 (decisive only),COMPATIBILITY_ONLY_NOT_PRODUCTION,11322.8439,10549.9444,482.5727,3807,1868,-0.04261939,,-0.04261939,-0.04261939,-482.5727,11322.8439,OK,0.0000,19.3029,4.0000,96.0000,AG03-UNRESOLVED,ALL5_LEVELS_bet23_to_bet27,19.3029,19.3029,19.3029,19.3029,19.3029,4.000000,4.000000,4.000000,4.000000,4.000000,96.000000,96.000000,96.000000,96.000000,96.000000,5.0,96.5145,89.0961,386.0582,393.4766,PENDING_AG03,FALSE,NOT_FOR_ENFORCEMENT,463.2698,10127.9466,482.5727,463.2698,19.3029,0.04261939,0.04091462,19.3029,463.2698,0.04091462,19.3029,19.3029,19.3029,19.3029,19.3029,463.2698,0.04091462,96.5145,89.0961,386.0582,393.4766,0.03409552,0.03475069,0.00170478,2.9742,5.6477,0.2583,24.1286,2.7576,566.1422,93.4000,,2.9742,2.1006,2.1082,4.2165,6.3247,6.3247,6.3247,2.1082,-2.1006,3.0,3.0,1.41076,12,81,14,8,0E-8,0.04261939,,0E-8,0.000000,0.931740,0.014447,,2026-04-22,2026-05-17,20,175,59,26,0.769231,,,0.000000,,,,,,,,GLOBAL_BASELINE_NO_ENTITY_RANKING,,,NOT_APPLICABLE_GLOBAL_BASELINE,HF9g-P5,,,,X 全窗基线 · 不参与实体赏罚,8394226,840,A168_HF9F_20260827_0900,2026-08-27 09:00:00
2026-05-10,149034003,1353,0,48.3142527044,-0.5251549206,-0.5251549206,0.5454545,19,12,0.38256823750000000,0.364756573611,1.1115576283478694,1.2450246989941602,1.1115576283478694,0.01781166388900000,ELIGIBLE,R03b_20260811_FULL_v1,L1_ELIGIBILITY,v2026-08-11,2026-03-21..2026-08-06,baccarat_bet02_101_all_pairs_incl_sentinel,round_win = game_pnl > 0 (decisive only),COMPATIBILITY_ONLY_NOT_PRODUCTION,11322.8439,10549.9444,482.5727,3807,1868,-0.04261939,,-0.04261939,-0.04261939,-482.5727,11322.8439,OK,0.0000,19.3029,4.0000,96.0000,AG03-UNRESOLVED,ALL5_LEVELS_bet23_to_bet27,19.3029,19.3029,19.3029,19.3029,19.3029,4.000000,4.000000,4.000000,4.000000,4.000000,96.000000,96.000000,96.000000,96.000000,96.000000,5.0,96.5145,89.0961,386.0582,393.4766,PENDING_AG03,FALSE,NOT_FOR_ENFORCEMENT,463.2698,10127.9466,482.5727,463.2698,19.3029,0.04261939,0.04091462,19.3029,463.2698,0.04091462,19.3029,19.3029,19.3029,19.3029,19.3029,463.2698,0.04091462,96.5145,89.0961,386.0582,393.4766,0.03409552,0.03475069,0.00170478,2.9742,5.6477,0.2583,24.1286,2.7576,566.1422,93.4000,,2.9742,2.1006,2.1082,4.2165,6.3247,6.3247,6.3247,2.1082,-2.1006,3.0,3.0,1.41076,12,81,14,8,0E-8,0.04261939,,0E-8,0.000000,0.931740,0.014447,,2026-04-22,2026-05-17,20,175,59,26,0.769231,,,0.000000,,,,,,,,GLOBAL_BASELINE_NO_ENTITY_RANKING,,,NOT_APPLICABLE_GLOBAL_BASELINE,HF9g-P5,,,,X 全窗基线 · 不参与实体赏罚,8394227,840,A168_HF9F_20260827_0900,2026-08-27 09:00:00
2026-05-10,149034003,1363,0,12.6037180968,-8.5075097153,-8.5075097153,0E-7,6,2,0.21644826666666667,0.216448266667,-0.7432898736429282,-0.7432898736436587,-0.7432898736429282,-3.3333E-13,ELIGIBLE,R03b_20260811_FULL_v1,L1_ELIGIBILITY,v2026-08-11,2026-03-21..2026-08-06,baccarat_bet02_101_all_pairs_incl_sentinel,round_win = game_pnl > 0 (decisive only),COMPATIBILITY_ONLY_NOT_PRODUCTION,11322.8439,10549.9444,482.5727,3807,1868,-0.04261939,,-0.04261939,-0.04261939,-482.5727,11322.8439,OK,0.0000,19.3029,4.0000,96.0000,AG03-UNRESOLVED,ALL5_LEVELS_bet23_to_bet27,19.3029,19.3029,19.3029,19.3029,19.3029,4.000000,4.000000,4.000000,4.000000,4.000000,96.000000,96.000000,96.000000,96.000000,96.000000,5.0,96.5145,89.0961,386.0582,393.4766,PENDING_AG03,FALSE,NOT_FOR_ENFORCEMENT,463.2698,10127.9466,482.5727,463.2698,19.3029,0.04261939,0.04091462,19.3029,463.2698,0.04091462,19.3029,19.3029,19.3029,19.3029,19.3029,463.2698,0.04091462,96.5145,89.0961,386.0582,393.4766,0.03409552,0.03475069,0.00170478,2.9742,5.6477,0.2583,24.1286,2.7576,566.1422,93.4000,,2.9742,2.1006,2.1082,4.2165,6.3247,6.3247,6.3247,2.1082,-2.1006,3.0,3.0,1.41076,12,81,14,8,0E-8,0.04261939,,0E-8,0.000000,0.931740,0.014447,,2026-04-22,2026-05-17,20,175,59,26,0.769231,,,0.000000,,,,,,,,GLOBAL_BASELINE_NO_ENTITY_RANKING,,,NOT_APPLICABLE_GLOBAL_BASELINE,HF9g-P5,,,,X 全窗基线 · 不参与实体赏罚,8394228,840,A168_HF9F_20260827_0900,2026-08-27 09:00:00
2026-05-10,149034003,1405,0,14.7043377796,-2.3106816510,-2.3106816510,0.6000000,6,5,0.45874331000000000,0.458743310000,0.6338806827047159,0.6338806827047159,0.6338806827047159,0E-17,ELIGIBLE,R03b_20260811_FULL_v1,L1_ELIGIBILITY,v2026-08-11,2026-03-21..2026-08-06,baccarat_bet02_101_all_pairs_incl_sentinel,round_win = game_pnl > 0 (decisive only),COMPATIBILITY_ONLY_NOT_PRODUCTION,11322.8439,10549.9444,482.5727,3807,1868,-0.04261939,,-0.04261939,-0.04261939,-482.5727,11322.8439,OK,0.0000,19.3029,4.0000,96.0000,AG03-UNRESOLVED,ALL5_LEVELS_bet23_to_bet27,19.3029,19.3029,19.3029,19.3029,19.3029,4.000000,4.000000,4.000000,4.000000,4.000000,96.000000,96.000000,96.000000,96.000000,96.000000,5.0,96.5145,89.0961,386.0582,393.4766,PENDING_AG03,FALSE,NOT_FOR_ENFORCEMENT,463.2698,10127.9466,482.5727,463.2698,19.3029,0.04261939,0.04091462,19.3029,463.2698,0.04091462,19.3029,19.3029,19.3029,19.3029,19.3029,463.2698,0.04091462,96.5145,89.0961,386.0582,393.4766,0.03409552,0.03475069,0.00170478,2.9742,5.6477,0.2583,24.1286,2.7576,566.1422,93.4000,,2.9742,2.1006,2.1082,4.2165,6.3247,6.3247,6.3247,2.1082,-2.1006,3.0,3.0,1.41076,12,81,14,8,0E-8,0.04261939,,0E-8,0.000000,0.931740,0.014447,,2026-04-22,2026-05-17,20,175,59,26,0.769231,,,0.000000,,,,,,,,GLOBAL_BASELINE_NO_ENTITY_RANKING,,,NOT_APPLICABLE_GLOBAL_BASELINE,HF9g-P5,,,,X 全窗基线 · 不参与实体赏罚,8394229,840,A168_HF9F_20260827_0900,2026-08-27 09:00:00
2026-05-10,149034003,1942,0,4.2012393656,-2.1006196828,-2.1006196828,0E-7,2,2,0.50665070000000000,0.506650700000,-1.013391052207602,-1.013391052207602,-1.013391052207602,0E-17,ELIGIBLE,R03b_20260811_FULL_v1,L1_ELIGIBILITY,v2026-08-11,2026-03-21..2026-08-06,baccarat_bet02_101_all_pairs_incl_sentinel,round_win = game_pnl > 0 (decisive only),COMPATIBILITY_ONLY_NOT_PRODUCTION,11322.8439,10549.9444,482.5727,3807,1868,-0.04261939,,-0.04261939,-0.04261939,-482.5727,11322.8439,OK,0.0000,19.3029,4.0000,96.0000,AG03-UNRESOLVED,ALL5_LEVELS_bet23_to_bet27,19.3029,19.3029,19.3029,19.3029,19.3029,4.000000,4.000000,4.000000,4.000000,4.000000,96.000000,96.000000,96.000000,96.000000,96.000000,5.0,96.5145,89.0961,386.0582,393.4766,PENDING_AG03,FALSE,NOT_FOR_ENFORCEMENT,463.2698,10127.9466,482.5727,463.2698,19.3029,0.04261939,0.04091462,19.3029,463.2698,0.04091462,19.3029,19.3029,19.3029,19.3029,19.3029,463.2698,0.04091462,96.5145,89.0961,386.0582,393.4766,0.03409552,0.03475069,0.00170478,2.9742,5.6477,0.2583,24.1286,2.7576,566.1422,93.4000,,2.9742,2.1006,2.1082,4.2165,6.3247,6.3247,6.3247,2.1082,-2.1006,3.0,3.0,1.41076,12,81,14,8,0E-8,0.04261939,,0E-8,0.000000,0.931740,0.014447,,2026-04-22,2026-05-17,20,175,59,26,0.769231,,,0.000000,,,,,,,,GLOBAL_BASELINE_NO_ENTITY_RANKING,,,NOT_APPLICABLE_GLOBAL_BASELINE,HF9g-P5,,,,X 全窗基线 · 不参与实体赏罚,8394230,840,A168_HF9F_20260827_0900,2026-08-27 09:00:00
2026-05-10,149034003,2115,0,58.8173511184,-21.4263207644,-21.4263207644,0.3529412,25,21,0.45430286825396825,0.454302868254,-0.8393628360746322,-0.8393628360748903,-0.8393628360746322,-3.175E-14,ELIGIBLE,R03b_20260811_FULL_v1,L1_ELIGIBILITY,v2026-08-11,2026-03-21..2026-08-06,baccarat_bet02_101_all_pairs_incl_sentinel,round_win = game_pnl > 0 (decisive only),COMPATIBILITY_ONLY_NOT_PRODUCTION,11322.8439,10549.9444,482.5727,3807,1868,-0.04261939,,-0.04261939,-0.04261939,-482.5727,11322.8439,OK,0.0000,19.3029,4.0000,96.0000,AG03-UNRESOLVED,ALL5_LEVELS_bet23_to_bet27,19.3029,19.3029,19.3029,19.3029,19.3029,4.000000,4.000000,4.000000,4.000000,4.000000,96.000000,96.000000,96.000000,96.000000,96.000000,5.0,96.5145,89.0961,386.0582,393.4766,PENDING_AG03,FALSE,NOT_FOR_ENFORCEMENT,463.2698,10127.9466,482.5727,463.2698,19.3029,0.04261939,0.04091462,19.3029,463.2698,0.04091462,19.3029,19.3029,19.3029,19.3029,19.3029,463.2698,0.04091462,96.5145,89.0961,386.0582,393.4766,0.03409552,0.03475069,0.00170478,2.9742,5.6477,0.2583,24.1286,2.7576,566.1422,93.4000,,2.9742,2.1006,2.1082,4.2165,6.3247,6.3247,6.3247,2.1082,-2.1006,3.0,3.0,1.41076,12,81,14,8,0E-8,0.04261939,,0E-8,0.000000,0.931740,0.014447,,2026-04-22,2026-05-17,20,175,59,26,0.769231,,,0.000000,,,,,,,,GLOBAL_BASELINE_NO_ENTITY_RANKING,,,NOT_APPLICABLE_GLOBAL_BASELINE,HF9g-P5,,,,X 全窗基线 · 不参与实体赏罚,8394231,840,A168_HF9F_20260827_0900,2026-08-27 09:00:00
2026-05-10,149034003,2134,0,21.0061968280,4.0962083815,4.0962083815,0.5714286,9,7,0.45912895238095238,0.459128952381,0.596228999788472,0.5962289997882145,0.596228999788472,-4.762E-14,ELIGIBLE,R03b_20260811_FULL_v1,L1_ELIGIBILITY,v2026-08-11,2026-03-21..2026-08-06,baccarat_bet02_101_all_pairs_incl_sentinel,round_win = game_pnl > 0 (decisive only),COMPATIBILITY_ONLY_NOT_PRODUCTION,11322.8439,10549.9444,482.5727,3807,1868,-0.04261939,,-0.04261939,-0.04261939,-482.5727,11322.8439,OK,0.0000,19.3029,4.0000,96.0000,AG03-UNRESOLVED,ALL5_LEVELS_bet23_to_bet27,19.3029,19.3029,19.3029,19.3029,19.3029,4.000000,4.000000,4.000000,4.000000,4.000000,96.000000,96.000000,96.000000,96.000000,96.000000,5.0,96.5145,89.0961,386.0582,393.4766,PENDING_AG03,FALSE,NOT_FOR_ENFORCEMENT,463.2698,10127.9466,482.5727,463.2698,19.3029,0.04261939,0.04091462,19.3029,463.2698,0.04091462,19.3029,19.3029,19.3029,19.3029,19.3029,463.2698,0.04091462,96.5145,89.0961,386.0582,393.4766,0.03409552,0.03475069,0.00170478,2.9742,5.6477,0.2583,24.1286,2.7576,566.1422,93.4000,,2.9742,2.1006,2.1082,4.2165,6.3247,6.3247,6.3247,2.1082,-2.1006,3.0,3.0,1.41076,12,81,14,8,0E-8,0.04261939,,0E-8,0.000000,0.931740,0.014447,,2026-04-22,2026-05-17,20,175,59,26,0.769231,,,0.000000,,,,,,,,GLOBAL_BASELINE_NO_ENTITY_RANKING,,,NOT_APPLICABLE_GLOBAL_BASELINE,HF9g-P5,,,,X 全窗基线 · 不参与实体赏罚,8394232,840,A168_HF9F_20260827_0900,2026-08-27 09:00:00
2026-05-10,149034003,2155,0,8.4024787312,-4.3062703497,-4.3062703497,0.2500000,4,4,0.50665070000000000,0.506650700000,-1.0266936290537745,-1.0266936290537745,-1.0266936290537745,0E-17,ELIGIBLE,R03b_20260811_FULL_v1,L1_ELIGIBILITY,v2026-08-11,2026-03-21..2026-08-06,baccarat_bet02_101_all_pairs_incl_sentinel,round_win = game_pnl > 0 (decisive only),COMPATIBILITY_ONLY_NOT_PRODUCTION,11322.8439,10549.9444,482.5727,3807,1868,-0.04261939,,-0.04261939,-0.04261939,-482.5727,11322.8439,OK,0.0000,19.3029,4.0000,96.0000,AG03-UNRESOLVED,ALL5_LEVELS_bet23_to_bet27,19.3029,19.3029,19.3029,19.3029,19.3029,4.000000,4.000000,4.000000,4.000000,4.000000,96.000000,96.000000,96.000000,96.000000,96.000000,5.0,96.5145,89.0961,386.0582,393.4766,PENDING_AG03,FALSE,NOT_FOR_ENFORCEMENT,463.2698,10127.9466,482.5727,463.2698,19.3029,0.04261939,0.04091462,19.3029,463.2698,0.04091462,19.3029,19.3029,19.3029,19.3029,19.3029,463.2698,0.04091462,96.5145,89.0961,386.0582,393.4766,0.03409552,0.03475069,0.00170478,2.9742,5.6477,0.2583,24.1286,2.7576,566.1422,93.4000,,2.9742,2.1006,2.1082,4.2165,6.3247,6.3247,6.3247,2.1082,-2.1006,3.0,3.0,1.41076,12,81,14,8,0E-8,0.04261939,,0E-8,0.000000,0.931740,0.014447,,2026-04-22,2026-05-17,20,175,59,26,0.769231,,,0.000000,,,,,,,,GLOBAL_BASELINE_NO_ENTITY_RANKING,,,NOT_APPLICABLE_GLOBAL_BASELINE,HF9g-P5,,,,X 全窗基线 · 不参与实体赏罚,8394233,840,A168_HF9F_20260827_0900,2026-08-27 09:00:00
2026-05-10,149034003,526,0,100.8297447744,-3.4660224763,-3.4660224763,0.4583333,39,28,0.43538750357142857,0.430245213691,0.22672330569253482,0.2779241411490015,0.22672330569253482,0.00514228988042857,ELIGIBLE,R03b_20260811_FULL_v1,L1_ELIGIBILITY,v2026-08-11,2026-03-21..2026-08-06,baccarat_bet02_101_all_pairs_incl_sentinel,round_win = game_pnl > 0 (decisive only),COMPATIBILITY_ONLY_NOT_PRODUCTION,11322.8439,10549.9444,482.5727,3807,1868,-0.04261939,,-0.04261939,-0.04261939,-482.5727,11322.8439,OK,0.0000,19.3029,4.0000,96.0000,AG03-UNRESOLVED,ALL5_LEVELS_bet23_to_bet27,19.3029,19.3029,19.3029,19.3029,19.3029,4.000000,4.000000,4.000000,4.000000,4.000000,96.000000,96.000000,96.000000,96.000000,96.000000,5.0,96.5145,89.0961,386.0582,393.4766,PENDING_AG03,FALSE,NOT_FOR_ENFORCEMENT,463.2698,10127.9466,482.5727,463.2698,19.3029,0.04261939,0.04091462,19.3029,463.2698,0.04091462,19.3029,19.3029,19.3029,19.3029,19.3029,463.2698,0.04091462,96.5145,89.0961,386.0582,393.4766,0.03409552,0.03475069,0.00170478,2.9742,5.6477,0.2583,24.1286,2.7576,566.1422,93.4000,,2.9742,2.1006,2.1082,4.2165,6.3247,6.3247,6.3247,2.1082,-2.1006,3.0,3.0,1.41076,12,81,14,8,0E-8,0.04261939,,0E-8,0.000000,0.931740,0.014447,,2026-04-22,2026-05-17,20,175,59,26,0.769231,,,0.000000,,,,,,,,GLOBAL_BASELINE_NO_ENTITY_RANKING,,,NOT_APPLICABLE_GLOBAL_BASELINE,HF9g-P5,,,,X 全窗基线 · 不参与实体赏罚,8394234,840,A168_HF9F_20260827_0900,2026-08-27 09:00:00
2026-05-10,149034003,595,0,14.7043377796,-4.3062703497,-4.3062703497,0.4000000,7,5,0.44369497333333333,0.443694973333,-0.19666076962982076,-0.1966607696283355,-0.19666076962982076,3.3333E-13,ELIGIBLE,R03b_20260811_FULL_v1,L1_ELIGIBILITY,v2026-08-11,2026-03-21..2026-08-06,baccarat_bet02_101_all_pairs_incl_sentinel,round_win = game_pnl > 0 (decisive only),COMPATIBILITY_ONLY_NOT_PRODUCTION,11322.8439,10549.9444,482.5727,3807,1868,-0.04261939,,-0.04261939,-0.04261939,-482.5727,11322.8439,OK,0.0000,19.3029,4.0000,96.0000,AG03-UNRESOLVED,ALL5_LEVELS_bet23_to_bet27,19.3029,19.3029,19.3029,19.3029,19.3029,4.000000,4.000000,4.000000,4.000000,4.000000,96.000000,96.000000,96.000000,96.000000,96.000000,5.0,96.5145,89.0961,386.0582,393.4766,PENDING_AG03,FALSE,NOT_FOR_ENFORCEMENT,463.2698,10127.9466,482.5727,463.2698,19.3029,0.04261939,0.04091462,19.3029,463.2698,0.04091462,19.3029,19.3029,19.3029,19.3029,19.3029,463.2698,0.04091462,96.5145,89.0961,386.0582,393.4766,0.03409552,0.03475069,0.00170478,2.9742,5.6477,0.2583,24.1286,2.7576,566.1422,93.4000,,2.9742,2.1006,2.1082,4.2165,6.3247,6.3247,6.3247,2.1082,-2.1006,3.0,3.0,1.41076,12,81,14,8,0E-8,0.04261939,,0E-8,0.000000,0.931740,0.014447,,2026-04-22,2026-05-17,20,175,59,26,0.769231,,,0.000000,,,,,,,,GLOBAL_BASELINE_NO_ENTITY_RANKING,,,NOT_APPLICABLE_GLOBAL_BASELINE,HF9g-P5,,,,X 全窗基线 · 不参与实体赏罚,8394235,840,A168_HF9F_20260827_0900,2026-08-27 09:00:00
2026-05-10,149034003,789,0,4.2012393656,-4.2012393656,-4.2012393656,0E-7,1,1,0.50665070000000000,0.506650700000,-1.013391052207602,-1.013391052207602,-1.013391052207602,0E-17,ELIGIBLE,R03b_20260811_FULL_v1,L1_ELIGIBILITY,v2026-08-11,2026-03-21..2026-08-06,baccarat_bet02_101_all_pairs_incl_sentinel,round_win = game_pnl > 0 (decisive only),COMPATIBILITY_ONLY_NOT_PRODUCTION,11322.8439,10549.9444,482.5727,3807,1868,-0.04261939,,-0.04261939,-0.04261939,-482.5727,11322.8439,OK,0.0000,19.3029,4.0000,96.0000,AG03-UNRESOLVED,ALL5_LEVELS_bet23_to_bet27,19.3029,19.3029,19.3029,19.3029,19.3029,4.000000,4.000000,4.000000,4.000000,4.000000,96.000000,96.000000,96.000000,96.000000,96.000000,5.0,96.5145,89.0961,386.0582,393.4766,PENDING_AG03,FALSE,NOT_FOR_ENFORCEMENT,463.2698,10127.9466,482.5727,463.2698,19.3029,0.04261939,0.04091462,19.3029,463.2698,0.04091462,19.3029,19.3029,19.3029,19.3029,19.3029,463.2698,0.04091462,96.5145,89.0961,386.0582,393.4766,0.03409552,0.03475069,0.00170478,2.9742,5.6477,0.2583,24.1286,2.7576,566.1422,93.4000,,2.9742,2.1006,2.1082,4.2165,6.3247,6.3247,6.3247,2.1082,-2.1006,3.0,3.0,1.41076,12,81,14,8,0E-8,0.04261939,,0E-8,0.000000,0.931740,0.014447,,2026-04-22,2026-05-17,20,175,59,26,0.769231,,,0.000000,,,,,,,,GLOBAL_BASELINE_NO_ENTITY_RANKING,,,NOT_APPLICABLE_GLOBAL_BASELINE,HF9g-P5,,,,X 全窗基线 · 不参与实体赏罚,8394236,840,A168_HF9F_20260827_0900,2026-08-27 09:00:00
2026-05-10,149034003,919,0,33.6099149248,-4.7263942861,-4.7263942861,0.4285714,16,14,0.48033645476190476,0.480336454762,-0.38767389335738733,-0.38767389335809777,-0.38767389335738733,-9.524E-14,ELIGIBLE,R03b_20260811_FULL_v1,L1_ELIGIBILITY,v2026-08-11,2026-03-21..2026-08-06,baccarat_bet02_101_all_pairs_incl_sentinel,round_win = game_pnl > 0 (decisive only),COMPATIBILITY_ONLY_NOT_PRODUCTION,11322.8439,10549.9444,482.5727,3807,1868,-0.04261939,,-0.04261939,-0.04261939,-482.5727,11322.8439,OK,0.0000,19.3029,4.0000,96.0000,AG03-UNRESOLVED,ALL5_LEVELS_bet23_to_bet27,19.3029,19.3029,19.3029,19.3029,19.3029,4.000000,4.000000,4.000000,4.000000,4.000000,96.000000,96.000000,96.000000,96.000000,96.000000,5.0,96.5145,89.0961,386.0582,393.4766,PENDING_AG03,FALSE,NOT_FOR_ENFORCEMENT,463.2698,10127.9466,482.5727,463.2698,19.3029,0.04261939,0.04091462,19.3029,463.2698,0.04091462,19.3029,19.3029,19.3029,19.3029,19.3029,463.2698,0.04091462,96.5145,89.0961,386.0582,393.4766,0.03409552,0.03475069,0.00170478,2.9742,5.6477,0.2583,24.1286,2.7576,566.1422,93.4000,,2.9742,2.1006,2.1082,4.2165,6.3247,6.3247,6.3247,2.1082,-2.1006,3.0,3.0,1.41076,12,81,14,8,0E-8,0.04261939,,0E-8,0.000000,0.931740,0.014447,,2026-04-22,2026-05-17,20,175,59,26,0.769231,,,0.000000,,,,,,,,GLOBAL_BASELINE_NO_ENTITY_RANKING,,,NOT_APPLICABLE_GLOBAL_BASELINE,HF9g-P5,,,,X 全窗基线 · 不参与实体赏罚,8394237,840,A168_HF9F_20260827_0900,2026-08-27 09:00:00
2026-05-13,149034003,1941,0,2.1006196828,1.9955886987,1.9955886987,1.0000000,1,1,0.50665070000000000,0.506650700000,0.9867858985152569,0.9867858985152569,0.9867858985152569,0E-17,ELIGIBLE,R03b_20260811_FULL_v1,L1_ELIGIBILITY,v2026-08-11,2026-03-21..2026-08-06,baccarat_bet02_101_all_pairs_incl_sentinel,round_win = game_pnl > 0 (decisive only),COMPATIBILITY_ONLY_NOT_PRODUCTION,11322.8439,10549.9444,482.5727,3807,1868,-0.04261939,,-0.04261939,-0.04261939,-482.5727,11322.8439,OK,0.0000,19.3029,4.0000,96.0000,AG03-UNRESOLVED,ALL5_LEVELS_bet23_to_bet27,19.3029,19.3029,19.3029,19.3029,19.3029,4.000000,4.000000,4.000000,4.000000,4.000000,96.000000,96.000000,96.000000,96.000000,96.000000,5.0,96.5145,89.0961,386.0582,393.4766,PENDING_AG03,FALSE,NOT_FOR_ENFORCEMENT,463.2698,10127.9466,482.5727,463.2698,19.3029,0.04261939,0.04091462,19.3029,463.2698,0.04091462,19.3029,19.3029,19.3029,19.3029,19.3029,463.2698,0.04091462,96.5145,89.0961,386.0582,393.4766,0.03409552,0.03475069,0.00170478,2.9742,5.6477,0.2583,24.1286,2.7576,566.1422,93.4000,,2.9742,2.1006,2.1082,4.2165,6.3247,6.3247,6.3247,2.1082,-2.1006,3.0,3.0,1.41076,12,81,14,8,0E-8,0.04261939,,0E-8,0.000000,0.931740,0.014447,,2026-04-22,2026-05-17,20,175,59,26,0.769231,,,0.000000,,,,,,,,GLOBAL_BASELINE_NO_ENTITY_RANKING,,,NOT_APPLICABLE_GLOBAL_BASELINE,HF9g-P5,,,,X 全窗基线 · 不参与实体赏罚,8394238,840,A168_HF9F_20260827_0900,2026-08-27 09:00:00
2026-05-13,149034003,2106,0,42.0123936560,1.7855267305,1.7855267305,0.5833333,16,15,0.49124698444444444,0.486673006667,0.6380907223288772,0.6699203971797223,0.6380907223288772,0.00457397777744444,ELIGIBLE,R03b_20260811_FULL_v1,L1_ELIGIBILITY,v2026-08-11,2026-03-21..2026-08-06,baccarat_bet02_101_all_pairs_incl_sentinel,round_win = game_pnl > 0 (decisive only),COMPATIBILITY_ONLY_NOT_PRODUCTION,11322.8439,10549.9444,482.5727,3807,1868,-0.04261939,,-0.04261939,-0.04261939,-482.5727,11322.8439,OK,0.0000,19.3029,4.0000,96.0000,AG03-UNRESOLVED,ALL5_LEVELS_bet23_to_bet27,19.3029,19.3029,19.3029,19.3029,19.3029,4.000000,4.000000,4.000000,4.000000,4.000000,96.000000,96.000000,96.000000,96.000000,96.000000,5.0,96.5145,89.0961,386.0582,393.4766,PENDING_AG03,FALSE,NOT_FOR_ENFORCEMENT,463.2698,10127.9466,482.5727,463.2698,19.3029,0.04261939,0.04091462,19.3029,463.2698,0.04091462,19.3029,19.3029,19.3029,19.3029,19.3029,463.2698,0.04091462,96.5145,89.0961,386.0582,393.4766,0.03409552,0.03475069,0.00170478,2.9742,5.6477,0.2583,24.1286,2.7576,566.1422,93.4000,,2.9742,2.1006,2.1082,4.2165,6.3247,6.3247,6.3247,2.1082,-2.1006,3.0,3.0,1.41076,12,81,14,8,0E-8,0.04261939,,0E-8,0.000000,0.931740,0.014447,,2026-04-22,2026-05-17,20,175,59,26,0.769231,,,0.000000,,,,,,,,GLOBAL_BASELINE_NO_ENTITY_RANKING,,,NOT_APPLICABLE_GLOBAL_BASELINE,HF9g-P5,,,,X 全窗基线 · 不参与实体赏罚,8394239,840,A168_HF9F_20260827_0900,2026-08-27 09:00:00
2026-05-13,149034003,526,0,18.9055771452,-12.6037180968,-12.6037180968,0.2000000,8,6,0.46842047083333333,0.456421794445,-1.202814289134466,-1.1511336047977827,-1.202814289134466,0.01199867638833333,ELIGIBLE,R03b_20260811_FULL_v1,L1_ELIGIBILITY,v2026-08-11,2026-03-21..2026-08-06,baccarat_bet02_101_all_pairs_incl_sentinel,round_win = game_pnl > 0 (decisive only),COMPATIBILITY_ONLY_NOT_PRODUCTION,11322.8439,10549.9444,482.5727,3807,1868,-0.04261939,,-0.04261939,-0.04261939,-482.5727,11322.8439,OK,0.0000,19.3029,4.0000,96.0000,AG03-UNRESOLVED,ALL5_LEVELS_bet23_to_bet27,19.3029,19.3029,19.3029,19.3029,19.3029,4.000000,4.000000,4.000000,4.000000,4.000000,96.000000,96.000000,96.000000,96.000000,96.000000,5.0,96.5145,89.0961,386.0582,393.4766,PENDING_AG03,FALSE,NOT_FOR_ENFORCEMENT,463.2698,10127.9466,482.5727,463.2698,19.3029,0.04261939,0.04091462,19.3029,463.2698,0.04091462,19.3029,19.3029,19.3029,19.3029,19.3029,463.2698,0.04091462,96.5145,89.0961,386.0582,393.4766,0.03409552,0.03475069,0.00170478,2.9742,5.6477,0.2583,24.1286,2.7576,566.1422,93.4000,,2.9742,2.1006,2.1082,4.2165,6.3247,6.3247,6.3247,2.1082,-2.1006,3.0,3.0,1.41076,12,81,14,8,0E-8,0.04261939,,0E-8,0.000000,0.931740,0.014447,,2026-04-22,2026-05-17,20,175,59,26,0.769231,,,0.000000,,,,,,,,GLOBAL_BASELINE_NO_ENTITY_RANKING,,,NOT_APPLICABLE_GLOBAL_BASELINE,HF9g-P5,,,,X 全窗基线 · 不参与实体赏罚,8394240,840,A168_HF9F_20260827_0900,2026-08-27 09:00:00
2026-05-13,149034003,595,0,10.5030984140,3.8861464133,3.8861464133,0.7500000,5,5,0.50665070000000000,0.506650700000,0.9734833216690844,0.9734833216690844,0.9734833216690844,0E-17,ELIGIBLE,R03b_20260811_FULL_v1,L1_ELIGIBILITY,v2026-08-11,2026-03-21..2026-08-06,baccarat_bet02_101_all_pairs_incl_sentinel,round_win = game_pnl > 0 (decisive only),COMPATIBILITY_ONLY_NOT_PRODUCTION,11322.8439,10549.9444,482.5727,3807,1868,-0.04261939,,-0.04261939,-0.04261939,-482.5727,11322.8439,OK,0.0000,19.3029,4.0000,96.0000,AG03-UNRESOLVED,ALL5_LEVELS_bet23_to_bet27,19.3029,19.3029,19.3029,19.3029,19.3029,4.000000,4.000000,4.000000,4.000000,4.000000,96.000000,96.000000,96.000000,96.000000,96.000000,5.0,96.5145,89.0961,386.0582,393.4766,PENDING_AG03,FALSE,NOT_FOR_ENFORCEMENT,463.2698,10127.9466,482.5727,463.2698,19.3029,0.04261939,0.04091462,19.3029,463.2698,0.04091462,19.3029,19.3029,19.3029,19.3029,19.3029,463.2698,0.04091462,96.5145,89.0961,386.0582,393.4766,0.03409552,0.03475069,0.00170478,2.9742,5.6477,0.2583,24.1286,2.7576,566.1422,93.4000,,2.9742,2.1006,2.1082,4.2165,6.3247,6.3247,6.3247,2.1082,-2.1006,3.0,3.0,1.41076,12,81,14,8,0E-8,0.04261939,,0E-8,0.000000,0.931740,0.014447,,2026-04-22,2026-05-17,20,175,59,26,0.769231,,,0.000000,,,,,,,,GLOBAL_BASELINE_NO_ENTITY_RANKING,,,NOT_APPLICABLE_GLOBAL_BASELINE,HF9g-P5,,,,X 全窗基线 · 不参与实体赏罚,8394241,840,A168_HF9F_20260827_0900,2026-08-27 09:00:00
2026-05-14,149034003,-1,1,2.1006196828,-2.1006196828,-2.1006196828,0E-7,1,1,0.50665070000000000,0.506650700000,-1.013391052207602,-1.013391052207602,-1.013391052207602,0E-17,SENTINEL_DEALER,R03b_20260811_FULL_v1,L1_ELIGIBILITY,v2026-08-11,2026-03-21..2026-08-06,baccarat_bet02_101_all_pairs_incl_sentinel,round_win = game_pnl > 0 (decisive only),COMPATIBILITY_ONLY_NOT_PRODUCTION,11322.8439,10549.9444,482.5727,3807,1868,-0.04261939,,-0.04261939,-0.04261939,-482.5727,11322.8439,OK,0.0000,19.3029,4.0000,96.0000,AG03-UNRESOLVED,ALL5_LEVELS_bet23_to_bet27,19.3029,19.3029,19.3029,19.3029,19.3029,4.000000,4.000000,4.000000,4.000000,4.000000,96.000000,96.000000,96.000000,96.000000,96.000000,5.0,96.5145,89.0961,386.0582,393.4766,PENDING_AG03,FALSE,NOT_FOR_ENFORCEMENT,463.2698,10127.9466,482.5727,463.2698,19.3029,0.04261939,0.04091462,19.3029,463.2698,0.04091462,19.3029,19.3029,19.3029,19.3029,19.3029,463.2698,0.04091462,96.5145,89.0961,386.0582,393.4766,0.03409552,0.03475069,0.00170478,2.9742,5.6477,0.2583,24.1286,2.7576,566.1422,93.4000,,2.9742,2.1006,2.1082,4.2165,6.3247,6.3247,6.3247,2.1082,-2.1006,3.0,3.0,1.41076,12,81,14,8,0E-8,0.04261939,,0E-8,0.000000,0.931740,0.014447,,2026-04-22,2026-05-17,20,175,59,26,0.769231,,,0.000000,,,,,,,,GLOBAL_BASELINE_NO_ENTITY_RANKING,,,NOT_APPLICABLE_GLOBAL_BASELINE,HF9g-P5,,,,X 全窗基线 · 不参与实体赏罚,8394242,840,A168_HF9F_20260827_0900,2026-08-27 09:00:00
2026-05-14,149034003,2177,0,2.1006196828,-2.1006196828,-2.1006196828,0E-7,1,1,0.49324550000000000,0.493245500000,-0.9865810262130424,-0.9865810262130424,-0.9865810262130424,0E-17,ELIGIBLE,R03b_20260811_FULL_v1,L1_ELIGIBILITY,v2026-08-11,2026-03-21..2026-08-06,baccarat_bet02_101_all_pairs_incl_sentinel,round_win = game_pnl > 0 (decisive only),COMPATIBILITY_ONLY_NOT_PRODUCTION,11322.8439,10549.9444,482.5727,3807,1868,-0.04261939,,-0.04261939,-0.04261939,-482.5727,11322.8439,OK,0.0000,19.3029,4.0000,96.0000,AG03-UNRESOLVED,ALL5_LEVELS_bet23_to_bet27,19.3029,19.3029,19.3029,19.3029,19.3029,4.000000,4.000000,4.000000,4.000000,4.000000,96.000000,96.000000,96.000000,96.000000,96.000000,5.0,96.5145,89.0961,386.0582,393.4766,PENDING_AG03,FALSE,NOT_FOR_ENFORCEMENT,463.2698,10127.9466,482.5727,463.2698,19.3029,0.04261939,0.04091462,19.3029,463.2698,0.04091462,19.3029,19.3029,19.3029,19.3029,19.3029,463.2698,0.04091462,96.5145,89.0961,386.0582,393.4766,0.03409552,0.03475069,0.00170478,2.9742,5.6477,0.2583,24.1286,2.7576,566.1422,93.4000,,2.9742,2.1006,2.1082,4.2165,6.3247,6.3247,6.3247,2.1082,-2.1006,3.0,3.0,1.41076,12,81,14,8,0E-8,0.04261939,,0E-8,0.000000,0.931740,0.014447,,2026-04-22,2026-05-17,20,175,59,26,0.769231,,,0.000000,,,,,,,,GLOBAL_BASELINE_NO_ENTITY_RANKING,,,NOT_APPLICABLE_GLOBAL_BASELINE,HF9g-P5,,,,X 全窗基线 · 不参与实体赏罚,8394243,840,A168_HF9F_20260827_0900,2026-08-27 09:00:00
2026-05-15,149034003,1623,0,42.0123936560,-21.3212897803,-21.3212897803,0.3076923,17,15,0.48599652833333333,0.481197057778,-1.2862745890084821,-1.2520461826180915,-1.2862745890084821,0.00479947055533333,ELIGIBLE,R03b_20260811_FULL_v1,L1_ELIGIBILITY,v2026-08-11,2026-03-21..2026-08-06,baccarat_bet02_101_all_pairs_incl_sentinel,round_win = game_pnl > 0 (decisive only),COMPATIBILITY_ONLY_NOT_PRODUCTION,11322.8439,10549.9444,482.5727,3807,1868,-0.04261939,,-0.04261939,-0.04261939,-482.5727,11322.8439,OK,0.0000,19.3029,4.0000,96.0000,AG03-UNRESOLVED,ALL5_LEVELS_bet23_to_bet27,19.3029,19.3029,19.3029,19.3029,19.3029,4.000000,4.000000,4.000000,4.000000,4.000000,96.000000,96.000000,96.000000,96.000000,96.000000,5.0,96.5145,89.0961,386.0582,393.4766,PENDING_AG03,FALSE,NOT_FOR_ENFORCEMENT,463.2698,10127.9466,482.5727,463.2698,19.3029,0.04261939,0.04091462,19.3029,463.2698,0.04091462,19.3029,19.3029,19.3029,19.3029,19.3029,463.2698,0.04091462,96.5145,89.0961,386.0582,393.4766,0.03409552,0.03475069,0.00170478,2.9742,5.6477,0.2583,24.1286,2.7576,566.1422,93.4000,,2.9742,2.1006,2.1082,4.2165,6.3247,6.3247,6.3247,2.1082,-2.1006,3.0,3.0,1.41076,12,81,14,8,0E-8,0.04261939,,0E-8,0.000000,0.931740,0.014447,,2026-04-22,2026-05-17,20,175,59,26,0.769231,,,0.000000,,,,,,,,GLOBAL_BASELINE_NO_ENTITY_RANKING,,,NOT_APPLICABLE_GLOBAL_BASELINE,HF9g-P5,,,,X 全窗基线 · 不参与实体赏罚,8394244,840,A168_HF9F_20260827_0900,2026-08-27 09:00:00
2026-05-15,149034003,1710,0,16.8049574624,1.8905577146,1.8905577146,0.5714286,8,8,0.49827245000000000,0.498272450000,0.3871081189643771,0.3871081189643771,0.3871081189643771,0E-17,ELIGIBLE,R03b_20260811_FULL_v1,L1_ELIGIBILITY,v2026-08-11,2026-03-21..2026-08-06,baccarat_bet02_101_all_pairs_incl_sentinel,round_win = game_pnl > 0 (decisive only),COMPATIBILITY_ONLY_NOT_PRODUCTION,11322.8439,10549.9444,482.5727,3807,1868,-0.04261939,,-0.04261939,-0.04261939,-482.5727,11322.8439,OK,0.0000,19.3029,4.0000,96.0000,AG03-UNRESOLVED,ALL5_LEVELS_bet23_to_bet27,19.3029,19.3029,19.3029,19.3029,19.3029,4.000000,4.000000,4.000000,4.000000,4.000000,96.000000,96.000000,96.000000,96.000000,96.000000,5.0,96.5145,89.0961,386.0582,393.4766,PENDING_AG03,FALSE,NOT_FOR_ENFORCEMENT,463.2698,10127.9466,482.5727,463.2698,19.3029,0.04261939,0.04091462,19.3029,463.2698,0.04091462,19.3029,19.3029,19.3029,19.3029,19.3029,463.2698,0.04091462,96.5145,89.0961,386.0582,393.4766,0.03409552,0.03475069,0.00170478,2.9742,5.6477,0.2583,24.1286,2.7576,566.1422,93.4000,,2.9742,2.1006,2.1082,4.2165,6.3247,6.3247,6.3247,2.1082,-2.1006,3.0,3.0,1.41076,12,81,14,8,0E-8,0.04261939,,0E-8,0.000000,0.931740,0.014447,,2026-04-22,2026-05-17,20,175,59,26,0.769231,,,0.000000,,,,,,,,GLOBAL_BASELINE_NO_ENTITY_RANKING,,,NOT_APPLICABLE_GLOBAL_BASELINE,HF9g-P5,,,,X 全窗基线 · 不参与实体赏罚,8394245,840,A168_HF9F_20260827_0900,2026-08-27 09:00:00
2026-05-15,149034003,1942,0,31.5092952420,-21.0061968280,-21.0061968280,0.1428571,11,8,0.42230833437500000,0.413309327083,-1.496897656532128,-1.4531060743976734,-1.496897656532128,0.00899900729200000,ELIGIBLE,R03b_20260811_FULL_v1,L1_ELIGIBILITY,v2026-08-11,2026-03-21..2026-08-06,baccarat_bet02_101_all_pairs_incl_sentinel,round_win = game_pnl > 0 (decisive only),COMPATIBILITY_ONLY_NOT_PRODUCTION,11322.8439,10549.9444,482.5727,3807,1868,-0.04261939,,-0.04261939,-0.04261939,-482.5727,11322.8439,OK,0.0000,19.3029,4.0000,96.0000,AG03-UNRESOLVED,ALL5_LEVELS_bet23_to_bet27,19.3029,19.3029,19.3029,19.3029,19.3029,4.000000,4.000000,4.000000,4.000000,4.000000,96.000000,96.000000,96.000000,96.000000,96.000000,5.0,96.5145,89.0961,386.0582,393.4766,PENDING_AG03,FALSE,NOT_FOR_ENFORCEMENT,463.2698,10127.9466,482.5727,463.2698,19.3029,0.04261939,0.04091462,19.3029,463.2698,0.04091462,19.3029,19.3029,19.3029,19.3029,19.3029,463.2698,0.04091462,96.5145,89.0961,386.0582,393.4766,0.03409552,0.03475069,0.00170478,2.9742,5.6477,0.2583,24.1286,2.7576,566.1422,93.4000,,2.9742,2.1006,2.1082,4.2165,6.3247,6.3247,6.3247,2.1082,-2.1006,3.0,3.0,1.41076,12,81,14,8,0E-8,0.04261939,,0E-8,0.000000,0.931740,0.014447,,2026-04-22,2026-05-17,20,175,59,26,0.769231,,,0.000000,,,,,,,,GLOBAL_BASELINE_NO_ENTITY_RANKING,,,NOT_APPLICABLE_GLOBAL_BASELINE,HF9g-P5,,,,X 全窗基线 · 不参与实体赏罚,8394246,840,A168_HF9F_20260827_0900,2026-08-27 09:00:00
2026-05-16,149034003,1109,0,2.1006196828,1.9955886987,1.9955886987,1.0000000,1,1,0.50665070000000000,0.506650700000,0.9867858985152569,0.9867858985152569,0.9867858985152569,0E-17,ELIGIBLE,R03b_20260811_FULL_v1,L1_ELIGIBILITY,v2026-08-11,2026-03-21..2026-08-06,baccarat_bet02_101_all_pairs_incl_sentinel,round_win = game_pnl > 0 (decisive only),COMPATIBILITY_ONLY_NOT_PRODUCTION,11322.8439,10549.9444,482.5727,3807,1868,-0.04261939,,-0.04261939,-0.04261939,-482.5727,11322.8439,OK,0.0000,19.3029,4.0000,96.0000,AG03-UNRESOLVED,ALL5_LEVELS_bet23_to_bet27,19.3029,19.3029,19.3029,19.3029,19.3029,4.000000,4.000000,4.000000,4.000000,4.000000,96.000000,96.000000,96.000000,96.000000,96.000000,5.0,96.5145,89.0961,386.0582,393.4766,PENDING_AG03,FALSE,NOT_FOR_ENFORCEMENT,463.2698,10127.9466,482.5727,463.2698,19.3029,0.04261939,0.04091462,19.3029,463.2698,0.04091462,19.3029,19.3029,19.3029,19.3029,19.3029,463.2698,0.04091462,96.5145,89.0961,386.0582,393.4766,0.03409552,0.03475069,0.00170478,2.9742,5.6477,0.2583,24.1286,2.7576,566.1422,93.4000,,2.9742,2.1006,2.1082,4.2165,6.3247,6.3247,6.3247,2.1082,-2.1006,3.0,3.0,1.41076,12,81,14,8,0E-8,0.04261939,,0E-8,0.000000,0.931740,0.014447,,2026-04-22,2026-05-17,20,175,59,26,0.769231,,,0.000000,,,,,,,,GLOBAL_BASELINE_NO_ENTITY_RANKING,,,NOT_APPLICABLE_GLOBAL_BASELINE,HF9g-P5,,,,X 全窗基线 · 不参与实体赏罚,8394247,840,A168_HF9F_20260827_0900,2026-08-27 09:00:00
2026-05-16,149034003,1382,0,2.1006196828,2.1006196828,2.1006196828,1.0000000,1,1,0.49324550000000000,0.493245500000,1.01360149184955,1.01360149184955,1.01360149184955,0E-17,ELIGIBLE,R03b_20260811_FULL_v1,L1_ELIGIBILITY,v2026-08-11,2026-03-21..2026-08-06,baccarat_bet02_101_all_pairs_incl_sentinel,round_win = game_pnl > 0 (decisive only),COMPATIBILITY_ONLY_NOT_PRODUCTION,11322.8439,10549.9444,482.5727,3807,1868,-0.04261939,,-0.04261939,-0.04261939,-482.5727,11322.8439,OK,0.0000,19.3029,4.0000,96.0000,AG03-UNRESOLVED,ALL5_LEVELS_bet23_to_bet27,19.3029,19.3029,19.3029,19.3029,19.3029,4.000000,4.000000,4.000000,4.000000,4.000000,96.000000,96.000000,96.000000,96.000000,96.000000,5.0,96.5145,89.0961,386.0582,393.4766,PENDING_AG03,FALSE,NOT_FOR_ENFORCEMENT,463.2698,10127.9466,482.5727,463.2698,19.3029,0.04261939,0.04091462,19.3029,463.2698,0.04091462,19.3029,19.3029,19.3029,19.3029,19.3029,463.2698,0.04091462,96.5145,89.0961,386.0582,393.4766,0.03409552,0.03475069,0.00170478,2.9742,5.6477,0.2583,24.1286,2.7576,566.1422,93.4000,,2.9742,2.1006,2.1082,4.2165,6.3247,6.3247,6.3247,2.1082,-2.1006,3.0,3.0,1.41076,12,81,14,8,0E-8,0.04261939,,0E-8,0.000000,0.931740,0.014447,,2026-04-22,2026-05-17,20,175,59,26,0.769231,,,0.000000,,,,,,,,GLOBAL_BASELINE_NO_ENTITY_RANKING,,,NOT_APPLICABLE_GLOBAL_BASELINE,HF9g-P5,,,,X 全窗基线 · 不参与实体赏罚,8394248,840,A168_HF9F_20260827_0900,2026-08-27 09:00:00
2026-05-17,149034003,1323,0,60.9179708012,-19.1156391134,-19.1156391134,0.3000000,23,22,0.48031390227272727,0.480313902273,-1.6140280650365593,-1.614028065038966,-1.6140280650365593,-2.7273E-13,ELIGIBLE,R03b_20260811_FULL_v1,L1_ELIGIBILITY,v2026-08-11,2026-03-21..2026-08-06,baccarat_bet02_101_all_pairs_incl_sentinel,round_win = game_pnl > 0 (decisive only),COMPATIBILITY_ONLY_NOT_PRODUCTION,11322.8439,10549.9444,482.5727,3807,1868,-0.04261939,,-0.04261939,-0.04261939,-482.5727,11322.8439,OK,0.0000,19.3029,4.0000,96.0000,AG03-UNRESOLVED,ALL5_LEVELS_bet23_to_bet27,19.3029,19.3029,19.3029,19.3029,19.3029,4.000000,4.000000,4.000000,4.000000,4.000000,96.000000,96.000000,96.000000,96.000000,96.000000,5.0,96.5145,89.0961,386.0582,393.4766,PENDING_AG03,FALSE,NOT_FOR_ENFORCEMENT,463.2698,10127.9466,482.5727,463.2698,19.3029,0.04261939,0.04091462,19.3029,463.2698,0.04091462,19.3029,19.3029,19.3029,19.3029,19.3029,463.2698,0.04091462,96.5145,89.0961,386.0582,393.4766,0.03409552,0.03475069,0.00170478,2.9742,5.6477,0.2583,24.1286,2.7576,566.1422,93.4000,,2.9742,2.1006,2.1082,4.2165,6.3247,6.3247,6.3247,2.1082,-2.1006,3.0,3.0,1.41076,12,81,14,8,0E-8,0.04261939,,0E-8,0.000000,0.931740,0.014447,,2026-04-22,2026-05-17,20,175,59,26,0.769231,,,0.000000,,,,,,,,GLOBAL_BASELINE_NO_ENTITY_RANKING,,,NOT_APPLICABLE_GLOBAL_BASELINE,HF9g-P5,,,,X 全窗基线 · 不参与实体赏罚,8394249,840,A168_HF9F_20260827_0900,2026-08-27 09:00:00
2026-05-17,149034003,1947,0,8.4024787312,-2.2056506669,-2.2056506669,0.3333333,4,4,0.50329940000000000,0.503299400000,-0.5887925454369916,-0.5887925454369916,-0.5887925454369916,0E-17,ELIGIBLE,R03b_20260811_FULL_v1,L1_ELIGIBILITY,v2026-08-11,2026-03-21..2026-08-06,baccarat_bet02_101_all_pairs_incl_sentinel,round_win = game_pnl > 0 (decisive only),COMPATIBILITY_ONLY_NOT_PRODUCTION,11322.8439,10549.9444,482.5727,3807,1868,-0.04261939,,-0.04261939,-0.04261939,-482.5727,11322.8439,OK,0.0000,19.3029,4.0000,96.0000,AG03-UNRESOLVED,ALL5_LEVELS_bet23_to_bet27,19.3029,19.3029,19.3029,19.3029,19.3029,4.000000,4.000000,4.000000,4.000000,4.000000,96.000000,96.000000,96.000000,96.000000,96.000000,5.0,96.5145,89.0961,386.0582,393.4766,PENDING_AG03,FALSE,NOT_FOR_ENFORCEMENT,463.2698,10127.9466,482.5727,463.2698,19.3029,0.04261939,0.04091462,19.3029,463.2698,0.04091462,19.3029,19.3029,19.3029,19.3029,19.3029,463.2698,0.04091462,96.5145,89.0961,386.0582,393.4766,0.03409552,0.03475069,0.00170478,2.9742,5.6477,0.2583,24.1286,2.7576,566.1422,93.4000,,2.9742,2.1006,2.1082,4.2165,6.3247,6.3247,6.3247,2.1082,-2.1006,3.0,3.0,1.41076,12,81,14,8,0E-8,0.04261939,,0E-8,0.000000,0.931740,0.014447,,2026-04-22,2026-05-17,20,175,59,26,0.769231,,,0.000000,,,,,,,,GLOBAL_BASELINE_NO_ENTITY_RANKING,,,NOT_APPLICABLE_GLOBAL_BASELINE,HF9g-P5,,,,X 全窗基线 · 不参与实体赏罚,8394250,840,A168_HF9F_20260827_0900,2026-08-27 09:00:00
2026-04-30,148414649,1078,0,160.1968431799,-160.1968431799,-160.1968431799,0E-7,2,2,0.49324550000000000,0.493245500000,-1.3952362676504506,-1.3952362676504506,-1.3952362676504506,0E-17,ELIGIBLE,R03b_20260811_FULL_v1,L1_ELIGIBILITY,v2026-08-11,2026-03-21..2026-08-06,baccarat_bet02_101_all_pairs_incl_sentinel,round_win = game_pnl > 0 (decisive only),COMPATIBILITY_ONLY_NOT_PRODUCTION,2947.3298,2526.5944,482.5875,52,52,-0.16373719,,-0.16373719,-0.16373719,-482.5875,2947.3298,OK,0.0000,19.3035,4.0000,96.0000,AG03-UNRESOLVED,ALL5_LEVELS_bet23_to_bet27,19.3035,19.3035,19.3035,24.1294,24.1294,4.000000,4.000000,4.000000,5.000000,5.000000,96.000000,96.000000,96.000000,95.000000,95.000000,5.0,106.1692,97.2538,376.4182,385.3337,PENDING_AG03,FALSE,NOT_FOR_ENFORCEMENT,463.2840,2425.5306,482.5875,463.2840,19.3035,0.16373719,0.15718770,19.3035,463.2840,0.15718770,19.3035,19.3035,19.3035,24.1294,24.1294,463.2840,0.15718770,106.1692,97.2538,376.4182,385.3337,0.12771501,0.13073993,0.00654949,56.6794,48.5884,9.2805,241.2937,34.4705,1473.6649,26.0000,,56.6794,23.144,52.3519,78.5279,111.2674,130.8798,156.5636,51.4311,-15.4293,2.5,2.9906,1.082662,9,13,3,2,0E-8,0.16373719,,0E-8,0.000000,0.857249,0.000000,,2026-04-30,2026-06-10,2,14,13,42,0.047619,,,0.000000,,,,,,,,GLOBAL_BASELINE_NO_ENTITY_RANKING,,,NOT_APPLICABLE_GLOBAL_BASELINE,HF9g-P5,,,,X 全窗基线 · 不参与实体赏罚,8394251,840,A168_HF9F_20260827_0900,2026-08-27 09:00:00
2026-04-30,148414649,1304,0,130.8797738398,-130.8797738398,-130.8797738398,0E-7,1,1,0.50665070000000000,0.506650700000,-1.013391052207602,-1.013391052207602,-1.013391052207602,0E-17,ELIGIBLE,R03b_20260811_FULL_v1,L1_ELIGIBILITY,v2026-08-11,2026-03-21..2026-08-06,baccarat_bet02_101_all_pairs_incl_sentinel,round_win = game_pnl > 0 (decisive only),COMPATIBILITY_ONLY_NOT_PRODUCTION,2947.3298,2526.5944,482.5875,52,52,-0.16373719,,-0.16373719,-0.16373719,-482.5875,2947.3298,OK,0.0000,19.3035,4.0000,96.0000,AG03-UNRESOLVED,ALL5_LEVELS_bet23_to_bet27,19.3035,19.3035,19.3035,24.1294,24.1294,4.000000,4.000000,4.000000,5.000000,5.000000,96.000000,96.000000,96.000000,95.000000,95.000000,5.0,106.1692,97.2538,376.4182,385.3337,PENDING_AG03,FALSE,NOT_FOR_ENFORCEMENT,463.2840,2425.5306,482.5875,463.2840,19.3035,0.16373719,0.15718770,19.3035,463.2840,0.15718770,19.3035,19.3035,19.3035,24.1294,24.1294,463.2840,0.15718770,106.1692,97.2538,376.4182,385.3337,0.12771501,0.13073993,0.00654949,56.6794,48.5884,9.2805,241.2937,34.4705,1473.6649,26.0000,,56.6794,23.144,52.3519,78.5279,111.2674,130.8798,156.5636,51.4311,-15.4293,2.5,2.9906,1.082662,9,13,3,2,0E-8,0.16373719,,0E-8,0.000000,0.857249,0.000000,,2026-04-30,2026-06-10,2,14,13,42,0.047619,,,0.000000,,,,,,,,GLOBAL_BASELINE_NO_ENTITY_RANKING,,,NOT_APPLICABLE_GLOBAL_BASELINE,HF9g-P5,,,,X 全窗基线 · 不参与实体赏罚,8394252,840,A168_HF9F_20260827_0900,2026-08-27 09:00:00
2026-04-30,148414649,1318,0,368.0339240374,-103.1332617858,-103.1332617858,0.1666667,6,6,0.49324550000000000,0.493245500000,-1.6000490105185914,-1.600049010518591,-1.6000490105185914,0E-17,ELIGIBLE,R03b_20260811_FULL_v1,L1_ELIGIBILITY,v2026-08-11,2026-03-21..2026-08-06,baccarat_bet02_101_all_pairs_incl_sentinel,round_win = game_pnl > 0 (decisive only),COMPATIBILITY_ONLY_NOT_PRODUCTION,2947.3298,2526.5944,482.5875,52,52,-0.16373719,,-0.16373719,-0.16373719,-482.5875,2947.3298,OK,0.0000,19.3035,4.0000,96.0000,AG03-UNRESOLVED,ALL5_LEVELS_bet23_to_bet27,19.3035,19.3035,19.3035,24.1294,24.1294,4.000000,4.000000,4.000000,5.000000,5.000000,96.000000,96.000000,96.000000,95.000000,95.000000,5.0,106.1692,97.2538,376.4182,385.3337,PENDING_AG03,FALSE,NOT_FOR_ENFORCEMENT,463.2840,2425.5306,482.5875,463.2840,19.3035,0.16373719,0.15718770,19.3035,463.2840,0.15718770,19.3035,19.3035,19.3035,24.1294,24.1294,463.2840,0.15718770,106.1692,97.2538,376.4182,385.3337,0.12771501,0.13073993,0.00654949,56.6794,48.5884,9.2805,241.2937,34.4705,1473.6649,26.0000,,56.6794,23.144,52.3519,78.5279,111.2674,130.8798,156.5636,51.4311,-15.4293,2.5,2.9906,1.082662,9,13,3,2,0E-8,0.16373719,,0E-8,0.000000,0.857249,0.000000,,2026-04-30,2026-06-10,2,14,13,42,0.047619,,,0.000000,,,,,,,,GLOBAL_BASELINE_NO_ENTITY_RANKING,,,NOT_APPLICABLE_GLOBAL_BASELINE,HF9g-P5,,,,X 全窗基线 · 不参与实体赏罚,8394253,840,A168_HF9F_20260827_0900,2026-08-27 09:00:00
2026-04-30,148414649,1402,0,157.0557286078,-1E-10,-1E-10,0.3333333,4,4,0.49324550000000000,0.493245500000,-0.5540025479526107,-0.5540025479526106,-0.5540025479526107,0E-17,ELIGIBLE,R03b_20260811_FULL_v1,L1_ELIGIBILITY,v2026-08-11,2026-03-21..2026-08-06,baccarat_bet02_101_all_pairs_incl_sentinel,round_win = game_pnl > 0 (decisive only),COMPATIBILITY_ONLY_NOT_PRODUCTION,2947.3298,2526.5944,482.5875,52,52,-0.16373719,,-0.16373719,-0.16373719,-482.5875,2947.3298,OK,0.0000,19.3035,4.0000,96.0000,AG03-UNRESOLVED,ALL5_LEVELS_bet23_to_bet27,19.3035,19.3035,19.3035,24.1294,24.1294,4.000000,4.000000,4.000000,5.000000,5.000000,96.000000,96.000000,96.000000,95.000000,95.000000,5.0,106.1692,97.2538,376.4182,385.3337,PENDING_AG03,FALSE,NOT_FOR_ENFORCEMENT,463.2840,2425.5306,482.5875,463.2840,19.3035,0.16373719,0.15718770,19.3035,463.2840,0.15718770,19.3035,19.3035,19.3035,24.1294,24.1294,463.2840,0.15718770,106.1692,97.2538,376.4182,385.3337,0.12771501,0.13073993,0.00654949,56.6794,48.5884,9.2805,241.2937,34.4705,1473.6649,26.0000,,56.6794,23.144,52.3519,78.5279,111.2674,130.8798,156.5636,51.4311,-15.4293,2.5,2.9906,1.082662,9,13,3,2,0E-8,0.16373719,,0E-8,0.000000,0.857249,0.000000,,2026-04-30,2026-06-10,2,14,13,42,0.047619,,,0.000000,,,,,,,,GLOBAL_BASELINE_NO_ENTITY_RANKING,,,NOT_APPLICABLE_GLOBAL_BASELINE,HF9g-P5,,,,X 全窗基线 · 不参与实体赏罚,8394254,840,A168_HF9F_20260827_0900,2026-08-27 09:00:00
2026-04-30,148414649,2127,0,942.3343716464,134.1517681857,134.1517681857,0.5714286,10,10,0.50665070000000000,0.506650700000,0.34280260342128577,0.34280260342128577,0.34280260342128577,0E-17,ELIGIBLE,R03b_20260811_FULL_v1,L1_ELIGIBILITY,v2026-08-11,2026-03-21..2026-08-06,baccarat_bet02_101_all_pairs_incl_sentinel,round_win = game_pnl > 0 (decisive only),COMPATIBILITY_ONLY_NOT_PRODUCTION,2947.3298,2526.5944,482.5875,52,52,-0.16373719,,-0.16373719,-0.16373719,-482.5875,2947.3298,OK,0.0000,19.3035,4.0000,96.0000,AG03-UNRESOLVED,ALL5_LEVELS_bet23_to_bet27,19.3035,19.3035,19.3035,24.1294,24.1294,4.000000,4.000000,4.000000,5.000000,5.000000,96.000000,96.000000,96.000000,95.000000,95.000000,5.0,106.1692,97.2538,376.4182,385.3337,PENDING_AG03,FALSE,NOT_FOR_ENFORCEMENT,463.2840,2425.5306,482.5875,463.2840,19.3035,0.16373719,0.15718770,19.3035,463.2840,0.15718770,19.3035,19.3035,19.3035,24.1294,24.1294,463.2840,0.15718770,106.1692,97.2538,376.4182,385.3337,0.12771501,0.13073993,0.00654949,56.6794,48.5884,9.2805,241.2937,34.4705,1473.6649,26.0000,,56.6794,23.144,52.3519,78.5279,111.2674,130.8798,156.5636,51.4311,-15.4293,2.5,2.9906,1.082662,9,13,3,2,0E-8,0.16373719,,0E-8,0.000000,0.857249,0.000000,,2026-04-30,2026-06-10,2,14,13,42,0.047619,,,0.000000,,,,,,,,GLOBAL_BASELINE_NO_ENTITY_RANKING,,,NOT_APPLICABLE_GLOBAL_BASELINE,HF9g-P5,,,,X 全窗基线 · 不参与实体赏罚,8394255,840,A168_HF9F_20260827_0900,2026-08-27 09:00:00
2026-06-10,148414649,-1,1,268.2130274900,113.1097796179,113.1097796179,0.7142857,7,7,0.50090561428571429,0.500905614286,1.129103210700875,1.1291032106993646,1.129103210700875,-2.8571E-13,SENTINEL_DEALER,R03b_20260811_FULL_v1,L1_ELIGIBILITY,v2026-08-11,2026-03-21..2026-08-06,baccarat_bet02_101_all_pairs_incl_sentinel,round_win = game_pnl > 0 (decisive only),COMPATIBILITY_ONLY_NOT_PRODUCTION,2947.3298,2526.5944,482.5875,52,52,-0.16373719,,-0.16373719,-0.16373719,-482.5875,2947.3298,OK,0.0000,19.3035,4.0000,96.0000,AG03-UNRESOLVED,ALL5_LEVELS_bet23_to_bet27,19.3035,19.3035,19.3035,24.1294,24.1294,4.000000,4.000000,4.000000,5.000000,5.000000,96.000000,96.000000,96.000000,95.000000,95.000000,5.0,106.1692,97.2538,376.4182,385.3337,PENDING_AG03,FALSE,NOT_FOR_ENFORCEMENT,463.2840,2425.5306,482.5875,463.2840,19.3035,0.16373719,0.15718770,19.3035,463.2840,0.15718770,19.3035,19.3035,19.3035,24.1294,24.1294,463.2840,0.15718770,106.1692,97.2538,376.4182,385.3337,0.12771501,0.13073993,0.00654949,56.6794,48.5884,9.2805,241.2937,34.4705,1473.6649,26.0000,,56.6794,23.144,52.3519,78.5279,111.2674,130.8798,156.5636,51.4311,-15.4293,2.5,2.9906,1.082662,9,13,3,2,0E-8,0.16373719,,0E-8,0.000000,0.857249,0.000000,,2026-04-30,2026-06-10,2,14,13,42,0.047619,,,0.000000,,,,,,,,GLOBAL_BASELINE_NO_ENTITY_RANKING,,,NOT_APPLICABLE_GLOBAL_BASELINE,HF9g-P5,,,,X 全窗基线 · 不参与实体赏罚,8394256,840,A168_HF9F_20260827_0900,2026-08-27 09:00:00
2026-06-10,148414649,1109,0,206.2385887315,-52.5111219688,-52.5111219688,0.5000000,3,3,0.50665070000000000,0.506650700000,-0.018812684590367487,-0.018812684590367487,-0.018812684590367487,0E-17,ELIGIBLE,R03b_20260811_FULL_v1,L1_ELIGIBILITY,v2026-08-11,2026-03-21..2026-08-06,baccarat_bet02_101_all_pairs_incl_sentinel,round_win = game_pnl > 0 (decisive only),COMPATIBILITY_ONLY_NOT_PRODUCTION,2947.3298,2526.5944,482.5875,52,52,-0.16373719,,-0.16373719,-0.16373719,-482.5875,2947.3298,OK,0.0000,19.3035,4.0000,96.0000,AG03-UNRESOLVED,ALL5_LEVELS_bet23_to_bet27,19.3035,19.3035,19.3035,24.1294,24.1294,4.000000,4.000000,4.000000,5.000000,5.000000,96.000000,96.000000,96.000000,95.000000,95.000000,5.0,106.1692,97.2538,376.4182,385.3337,PENDING_AG03,FALSE,NOT_FOR_ENFORCEMENT,463.2840,2425.5306,482.5875,463.2840,19.3035,0.16373719,0.15718770,19.3035,463.2840,0.15718770,19.3035,19.3035,19.3035,24.1294,24.1294,463.2840,0.15718770,106.1692,97.2538,376.4182,385.3337,0.12771501,0.13073993,0.00654949,56.6794,48.5884,9.2805,241.2937,34.4705,1473.6649,26.0000,,56.6794,23.144,52.3519,78.5279,111.2674,130.8798,156.5636,51.4311,-15.4293,2.5,2.9906,1.082662,9,13,3,2,0E-8,0.16373719,,0E-8,0.000000,0.857249,0.000000,,2026-04-30,2026-06-10,2,14,13,42,0.047619,,,0.000000,,,,,,,,GLOBAL_BASELINE_NO_ENTITY_RANKING,,,NOT_APPLICABLE_GLOBAL_BASELINE,HF9g-P5,,,,X 全窗基线 · 不参与实体赏罚,8394257,840,A168_HF9F_20260827_0900,2026-08-27 09:00:00
2026-06-10,148414649,1221,0,25.7155347545,-25.7155347545,-25.7155347545,0E-7,1,1,0.50665070000000000,0.506650700000,-1.013391052207602,-1.013391052207602,-1.013391052207602,0E-17,ELIGIBLE,R03b_20260811_FULL_v1,L1_ELIGIBILITY,v2026-08-11,2026-03-21..2026-08-06,baccarat_bet02_101_all_pairs_incl_sentinel,round_win = game_pnl > 0 (decisive only),COMPATIBILITY_ONLY_NOT_PRODUCTION,2947.3298,2526.5944,482.5875,52,52,-0.16373719,,-0.16373719,-0.16373719,-482.5875,2947.3298,OK,0.0000,19.3035,4.0000,96.0000,AG03-UNRESOLVED,ALL5_LEVELS_bet23_to_bet27,19.3035,19.3035,19.3035,24.1294,24.1294,4.000000,4.000000,4.000000,5.000000,5.000000,96.000000,96.000000,96.000000,95.000000,95.000000,5.0,106.1692,97.2538,376.4182,385.3337,PENDING_AG03,FALSE,NOT_FOR_ENFORCEMENT,463.2840,2425.5306,482.5875,463.2840,19.3035,0.16373719,0.15718770,19.3035,463.2840,0.15718770,19.3035,19.3035,19.3035,24.1294,24.1294,463.2840,0.15718770,106.1692,97.2538,376.4182,385.3337,0.12771501,0.13073993,0.00654949,56.6794,48.5884,9.2805,241.2937,34.4705,1473.6649,26.0000,,56.6794,23.144,52.3519,78.5279,111.2674,130.8798,156.5636,51.4311,-15.4293,2.5,2.9906,1.082662,9,13,3,2,0E-8,0.16373719,,0E-8,0.000000,0.857249,0.000000,,2026-04-30,2026-06-10,2,14,13,42,0.047619,,,0.000000,,,,,,,,GLOBAL_BASELINE_NO_ENTITY_RANKING,,,NOT_APPLICABLE_GLOBAL_BASELINE,HF9g-P5,,,,X 全窗基线 · 不参与实体赏罚,8394258,840,A168_HF9F_20260827_0900,2026-08-27 09:00:00
2026-06-10,148414649,1318,0,15.4293208527,14.6578548101,14.6578548101,1.0000000,1,1,0.50665070000000000,0.506650700000,0.9867858985152569,0.9867858985152569,0.9867858985152569,0E-17,ELIGIBLE,R03b_20260811_FULL_v1,L1_ELIGIBILITY,v2026-08-11,2026-03-21..2026-08-06,baccarat_bet02_101_all_pairs_incl_sentinel,round_win = game_pnl > 0 (decisive only),COMPATIBILITY_ONLY_NOT_PRODUCTION,2947.3298,2526.5944,482.5875,52,52,-0.16373719,,-0.16373719,-0.16373719,-482.5875,2947.3298,OK,0.0000,19.3035,4.0000,96.0000,AG03-UNRESOLVED,ALL5_LEVELS_bet23_to_bet27,19.3035,19.3035,19.3035,24.1294,24.1294,4.000000,4.000000,4.000000,5.000000,5.000000,96.000000,96.000000,96.000000,95.000000,95.000000,5.0,106.1692,97.2538,376.4182,385.3337,PENDING_AG03,FALSE,NOT_FOR_ENFORCEMENT,463.2840,2425.5306,482.5875,463.2840,19.3035,0.16373719,0.15718770,19.3035,463.2840,0.15718770,19.3035,19.3035,19.3035,24.1294,24.1294,463.2840,0.15718770,106.1692,97.2538,376.4182,385.3337,0.12771501,0.13073993,0.00654949,56.6794,48.5884,9.2805,241.2937,34.4705,1473.6649,26.0000,,56.6794,23.144,52.3519,78.5279,111.2674,130.8798,156.5636,51.4311,-15.4293,2.5,2.9906,1.082662,9,13,3,2,0E-8,0.16373719,,0E-8,0.000000,0.857249,0.000000,,2026-04-30,2026-06-10,2,14,13,42,0.047619,,,0.000000,,,,,,,,GLOBAL_BASELINE_NO_ENTITY_RANKING,,,NOT_APPLICABLE_GLOBAL_BASELINE,HF9g-P5,,,,X 全窗基线 · 不参与实体赏罚,8394259,840,A168_HF9F_20260827_0900,2026-08-27 09:00:00
2026-06-10,148414649,2223,0,100.2905855426,7.7146604264,7.7146604264,0.5000000,6,6,0.49994810000000000,0.499948100000,0.00020760000111838688,0.00020760000111838688,0.00020760000111838688,0E-17,ELIGIBLE,R03b_20260811_FULL_v1,L1_ELIGIBILITY,v2026-08-11,2026-03-21..2026-08-06,baccarat_bet02_101_all_pairs_incl_sentinel,round_win = game_pnl > 0 (decisive only),COMPATIBILITY_ONLY_NOT_PRODUCTION,2947.3298,2526.5944,482.5875,52,52,-0.16373719,,-0.16373719,-0.16373719,-482.5875,2947.3298,OK,0.0000,19.3035,4.0000,96.0000,AG03-UNRESOLVED,ALL5_LEVELS_bet23_to_bet27,19.3035,19.3035,19.3035,24.1294,24.1294,4.000000,4.000000,4.000000,5.000000,5.000000,96.000000,96.000000,96.000000,95.000000,95.000000,5.0,106.1692,97.2538,376.4182,385.3337,PENDING_AG03,FALSE,NOT_FOR_ENFORCEMENT,463.2840,2425.5306,482.5875,463.2840,19.3035,0.16373719,0.15718770,19.3035,463.2840,0.15718770,19.3035,19.3035,19.3035,24.1294,24.1294,463.2840,0.15718770,106.1692,97.2538,376.4182,385.3337,0.12771501,0.13073993,0.00654949,56.6794,48.5884,9.2805,241.2937,34.4705,1473.6649,26.0000,,56.6794,23.144,52.3519,78.5279,111.2674,130.8798,156.5636,51.4311,-15.4293,2.5,2.9906,1.082662,9,13,3,2,0E-8,0.16373719,,0E-8,0.000000,0.857249,0.000000,,2026-04-30,2026-06-10,2,14,13,42,0.047619,,,0.000000,,,,,,,,GLOBAL_BASELINE_NO_ENTITY_RANKING,,,NOT_APPLICABLE_GLOBAL_BASELINE,HF9g-P5,,,,X 全窗基线 · 不参与实体赏罚,8394260,840,A168_HF9F_20260827_0900,2026-08-27 09:00:00
2026-06-10,148414649,2251,0,36.0017486564,0E-10,0E-10,0.5000000,2,2,0.49994810000000000,0.499948100000,0.00014679536856514622,0.00014679536856514622,0.00014679536856514622,0E-17,ELIGIBLE,R03b_20260811_FULL_v1,L1_ELIGIBILITY,v2026-08-11,2026-03-21..2026-08-06,baccarat_bet02_101_all_pairs_incl_sentinel,round_win = game_pnl > 0 (decisive only),COMPATIBILITY_ONLY_NOT_PRODUCTION,2947.3298,2526.5944,482.5875,52,52,-0.16373719,,-0.16373719,-0.16373719,-482.5875,2947.3298,OK,0.0000,19.3035,4.0000,96.0000,AG03-UNRESOLVED,ALL5_LEVELS_bet23_to_bet27,19.3035,19.3035,19.3035,24.1294,24.1294,4.000000,4.000000,4.000000,5.000000,5.000000,96.000000,96.000000,96.000000,95.000000,95.000000,5.0,106.1692,97.2538,376.4182,385.3337,PENDING_AG03,FALSE,NOT_FOR_ENFORCEMENT,463.2840,2425.5306,482.5875,463.2840,19.3035,0.16373719,0.15718770,19.3035,463.2840,0.15718770,19.3035,19.3035,19.3035,24.1294,24.1294,463.2840,0.15718770,106.1692,97.2538,376.4182,385.3337,0.12771501,0.13073993,0.00654949,56.6794,48.5884,9.2805,241.2937,34.4705,1473.6649,26.0000,,56.6794,23.144,52.3519,78.5279,111.2674,130.8798,156.5636,51.4311,-15.4293,2.5,2.9906,1.082662,9,13,3,2,0E-8,0.16373719,,0E-8,0.000000,0.857249,0.000000,,2026-04-30,2026-06-10,2,14,13,42,0.047619,,,0.000000,,,,,,,,GLOBAL_BASELINE_NO_ENTITY_RANKING,,,NOT_APPLICABLE_GLOBAL_BASELINE,HF9g-P5,,,,X 全窗基线 · 不参与实体赏罚,8394261,840,A168_HF9F_20260827_0900,2026-08-27 09:00:00
2026-06-10,148414649,2261,0,99.7762748476,-99.7762748476,-99.7762748476,0E-7,3,3,0.49324550000000000,0.493245500000,-1.708808463184432,-1.7088084631844318,-1.708808463184432,0E-17,ELIGIBLE,R03b_20260811_FULL_v1,L1_ELIGIBILITY,v2026-08-11,2026-03-21..2026-08-06,baccarat_bet02_101_all_pairs_incl_sentinel,round_win = game_pnl > 0 (decisive only),COMPATIBILITY_ONLY_NOT_PRODUCTION,2947.3298,2526.5944,482.5875,52,52,-0.16373719,,-0.16373719,-0.16373719,-482.5875,2947.3298,OK,0.0000,19.3035,4.0000,96.0000,AG03-UNRESOLVED,ALL5_LEVELS_bet23_to_bet27,19.3035,19.3035,19.3035,24.1294,24.1294,4.000000,4.000000,4.000000,5.000000,5.000000,96.000000,96.000000,96.000000,95.000000,95.000000,5.0,106.1692,97.2538,376.4182,385.3337,PENDING_AG03,FALSE,NOT_FOR_ENFORCEMENT,463.2840,2425.5306,482.5875,463.2840,19.3035,0.16373719,0.15718770,19.3035,463.2840,0.15718770,19.3035,19.3035,19.3035,24.1294,24.1294,463.2840,0.15718770,106.1692,97.2538,376.4182,385.3337,0.12771501,0.13073993,0.00654949,56.6794,48.5884,9.2805,241.2937,34.4705,1473.6649,26.0000,,56.6794,23.144,52.3519,78.5279,111.2674,130.8798,156.5636,51.4311,-15.4293,2.5,2.9906,1.082662,9,13,3,2,0E-8,0.16373719,,0E-8,0.000000,0.857249,0.000000,,2026-04-30,2026-06-10,2,14,13,42,0.047619,,,0.000000,,,,,,,,GLOBAL_BASELINE_NO_ENTITY_RANKING,,,NOT_APPLICABLE_GLOBAL_BASELINE,HF9g-P5,,,,X 全窗基线 · 不参与实体赏罚,8394262,840,A168_HF9F_20260827_0900,2026-08-27 09:00:00
2026-06-10,148414649,2266,0,360.0174865636,-102.8621390182,-102.8621390182,0.2500000,5,5,0.50128862000000000,0.501288620000,-1.0051578182180947,-1.0051578182180947,-1.0051578182180947,0E-17,ELIGIBLE,R03b_20260811_FULL_v1,L1_ELIGIBILITY,v2026-08-11,2026-03-21..2026-08-06,baccarat_bet02_101_all_pairs_incl_sentinel,round_win = game_pnl > 0 (decisive only),COMPATIBILITY_ONLY_NOT_PRODUCTION,2947.3298,2526.5944,482.5875,52,52,-0.16373719,,-0.16373719,-0.16373719,-482.5875,2947.3298,OK,0.0000,19.3035,4.0000,96.0000,AG03-UNRESOLVED,ALL5_LEVELS_bet23_to_bet27,19.3035,19.3035,19.3035,24.1294,24.1294,4.000000,4.000000,4.000000,5.000000,5.000000,96.000000,96.000000,96.000000,95.000000,95.000000,5.0,106.1692,97.2538,376.4182,385.3337,PENDING_AG03,FALSE,NOT_FOR_ENFORCEMENT,463.2840,2425.5306,482.5875,463.2840,19.3035,0.16373719,0.15718770,19.3035,463.2840,0.15718770,19.3035,19.3035,19.3035,24.1294,24.1294,463.2840,0.15718770,106.1692,97.2538,376.4182,385.3337,0.12771501,0.13073993,0.00654949,56.6794,48.5884,9.2805,241.2937,34.4705,1473.6649,26.0000,,56.6794,23.144,52.3519,78.5279,111.2674,130.8798,156.5636,51.4311,-15.4293,2.5,2.9906,1.082662,9,13,3,2,0E-8,0.16373719,,0E-8,0.000000,0.857249,0.000000,,2026-04-30,2026-06-10,2,14,13,42,0.047619,,,0.000000,,,,,,,,GLOBAL_BASELINE_NO_ENTITY_RANKING,,,NOT_APPLICABLE_GLOBAL_BASELINE,HF9g-P5,,,,X 全窗基线 · 不参与实体赏罚,8394263,840,A168_HF9F_20260827_0900,2026-08-27 09:00:00
2026-06-10,148414649,2276,0,77.1466042636,-77.1466042636,-77.1466042636,0E-7,1,1,0.50665070000000000,0.506650700000,-1.013391052207602,-1.013391052207602,-1.013391052207602,0E-17,ELIGIBLE,R03b_20260811_FULL_v1,L1_ELIGIBILITY,v2026-08-11,2026-03-21..2026-08-06,baccarat_bet02_101_all_pairs_incl_sentinel,round_win = game_pnl > 0 (decisive only),COMPATIBILITY_ONLY_NOT_PRODUCTION,2947.3298,2526.5944,482.5875,52,52,-0.16373719,,-0.16373719,-0.16373719,-482.5875,2947.3298,OK,0.0000,19.3035,4.0000,96.0000,AG03-UNRESOLVED,ALL5_LEVELS_bet23_to_bet27,19.3035,19.3035,19.3035,24.1294,24.1294,4.000000,4.000000,4.000000,5.000000,5.000000,96.000000,96.000000,96.000000,95.000000,95.000000,5.0,106.1692,97.2538,376.4182,385.3337,PENDING_AG03,FALSE,NOT_FOR_ENFORCEMENT,463.2840,2425.5306,482.5875,463.2840,19.3035,0.16373719,0.15718770,19.3035,463.2840,0.15718770,19.3035,19.3035,19.3035,24.1294,24.1294,463.2840,0.15718770,106.1692,97.2538,376.4182,385.3337,0.12771501,0.13073993,0.00654949,56.6794,48.5884,9.2805,241.2937,34.4705,1473.6649,26.0000,,56.6794,23.144,52.3519,78.5279,111.2674,130.8798,156.5636,51.4311,-15.4293,2.5,2.9906,1.082662,9,13,3,2,0E-8,0.16373719,,0E-8,0.000000,0.857249,0.000000,,2026-04-30,2026-06-10,2,14,13,42,0.047619,,,0.000000,,,,,,,,GLOBAL_BASELINE_NO_ENTITY_RANKING,,,NOT_APPLICABLE_GLOBAL_BASELINE,HF9g-P5,,,,X 全窗基线 · 不参与实体赏罚,8394264,840,A168_HF9F_20260827_0900,2026-08-27 09:00:00
2026-03-22,145513516,1702,0,118.4927719410,-105.3269083920,-105.3269083920,0E-7,9,3,0.40573786589371981,0.203330888889,-1.4311803623452153,-0.8750307549940459,-1.4311803623452153,0.20240697700471981,ELIGIBLE,R03b_20260811_FULL_v1,L1_ELIGIBILITY,v2026-08-11,2026-03-21..2026-08-06,baccarat_bet02_101_all_pairs_incl_sentinel,round_win = game_pnl > 0 (decisive only),COMPATIBILITY_ONLY_NOT_PRODUCTION,2263.3463,2063.0016,482.6159,134,65,-0.21323112,-0.09952696,-0.31915345,-0.21323112,-482.6159,2263.3463,OK,0.0000,19.3046,4.0000,96.0000,AG03-UNRESOLVED,ALL5_LEVELS_bet23_to_bet27,19.3046,19.3046,19.3046,24.1308,24.1308,4.000000,4.000000,4.000000,5.000000,5.000000,96.000000,96.000000,96.000000,95.000000,95.000000,5.0,106.1755,97.2595,376.4404,385.3563,PENDING_AG03,FALSE,NOT_FOR_ENFORCEMENT,463.3112,1980.4815,482.6159,463.3112,19.3046,0.21323112,0.20470187,19.3046,463.3112,0.20470187,19.3046,19.3046,19.3046,24.1308,24.1308,463.3112,0.20470187,106.1755,97.2595,376.4404,385.3563,0.16632027,0.17025955,0.00852924,16.8906,31.7385,7.4249,34.4726,25.4008,161.6676,4.6429,22.7412,13.6252,2.6176,5.1636,25.8178,51.6356,55.7647,80.8407,5.1636,-2.6254,10.799675,15.656015,3.271127,11,21,10,8,0.48228398,0.21323112,0.09952696,0E-8,0.000000,0.911483,0.000000,0.21962649,2026-03-22,2026-07-24,14,19,19,125,0.112000,1.669047,1.346376,1.607613,,,,,,,,GLOBAL_BASELINE_NO_ENTITY_RANKING,,,NOT_APPLICABLE_GLOBAL_BASELINE,HF9g-P5,,,,X 全窗基线 · 不参与实体赏罚,8394265,840,A168_HF9F_20260827_0900,2026-08-27 09:00:00
2026-03-22,145513516,2178,0,26.3317270980,25.6734339205,25.6734339205,1.0000000,2,2,0.49994810000000000,0.499948100000,1.4143603653603398,1.4143603653603398,1.4143603653603398,0E-17,ELIGIBLE,R03b_20260811_FULL_v1,L1_ELIGIBILITY,v2026-08-11,2026-03-21..2026-08-06,baccarat_bet02_101_all_pairs_incl_sentinel,round_win = game_pnl > 0 (decisive only),COMPATIBILITY_ONLY_NOT_PRODUCTION,2263.3463,2063.0016,482.6159,134,65,-0.21323112,-0.09952696,-0.31915345,-0.21323112,-482.6159,2263.3463,OK,0.0000,19.3046,4.0000,96.0000,AG03-UNRESOLVED,ALL5_LEVELS_bet23_to_bet27,19.3046,19.3046,19.3046,24.1308,24.1308,4.000000,4.000000,4.000000,5.000000,5.000000,96.000000,96.000000,96.000000,95.000000,95.000000,5.0,106.1755,97.2595,376.4404,385.3563,PENDING_AG03,FALSE,NOT_FOR_ENFORCEMENT,463.3112,1980.4815,482.6159,463.3112,19.3046,0.21323112,0.20470187,19.3046,463.3112,0.20470187,19.3046,19.3046,19.3046,24.1308,24.1308,463.3112,0.20470187,106.1755,97.2595,376.4404,385.3563,0.16632027,0.17025955,0.00852924,16.8906,31.7385,7.4249,34.4726,25.4008,161.6676,4.6429,22.7412,13.6252,2.6176,5.1636,25.8178,51.6356,55.7647,80.8407,5.1636,-2.6254,10.799675,15.656015,3.271127,11,21,10,8,0.48228398,0.21323112,0.09952696,0E-8,0.000000,0.911483,0.000000,0.21962649,2026-03-22,2026-07-24,14,19,19,125,0.112000,1.669047,1.346376,1.607613,,,,,,,,GLOBAL_BASELINE_NO_ENTITY_RANKING,,,NOT_APPLICABLE_GLOBAL_BASELINE,HF9g-P5,,,,X 全窗基线 · 不参与实体赏罚,8394266,840,A168_HF9F_20260827_0900,2026-08-27 09:00:00
2026-03-26,145513516,1115,0,20.5387471364,-20.5387471364,-20.5387471364,0E-7,1,1,0.50665070000000000,0.506650700000,-1.013391052207602,-1.013391052207602,-1.013391052207602,0E-17,ELIGIBLE,R03b_20260811_FULL_v1,L1_ELIGIBILITY,v2026-08-11,2026-03-21..2026-08-06,baccarat_bet02_101_all_pairs_incl_sentinel,round_win = game_pnl > 0 (decisive only),COMPATIBILITY_ONLY_NOT_PRODUCTION,2263.3463,2063.0016,482.6159,134,65,-0.21323112,-0.09952696,-0.31915345,-0.21323112,-482.6159,2263.3463,OK,0.0000,19.3046,4.0000,96.0000,AG03-UNRESOLVED,ALL5_LEVELS_bet23_to_bet27,19.3046,19.3046,19.3046,24.1308,24.1308,4.000000,4.000000,4.000000,5.000000,5.000000,96.000000,96.000000,96.000000,95.000000,95.000000,5.0,106.1755,97.2595,376.4404,385.3563,PENDING_AG03,FALSE,NOT_FOR_ENFORCEMENT,463.3112,1980.4815,482.6159,463.3112,19.3046,0.21323112,0.20470187,19.3046,463.3112,0.20470187,19.3046,19.3046,19.3046,24.1308,24.1308,463.3112,0.20470187,106.1755,97.2595,376.4404,385.3563,0.16632027,0.17025955,0.00852924,16.8906,31.7385,7.4249,34.4726,25.4008,161.6676,4.6429,22.7412,13.6252,2.6176,5.1636,25.8178,51.6356,55.7647,80.8407,5.1636,-2.6254,10.799675,15.656015,3.271127,11,21,10,8,0.48228398,0.21323112,0.09952696,0E-8,0.000000,0.911483,0.000000,0.21962649,2026-03-22,2026-07-24,14,19,19,125,0.112000,1.669047,1.346376,1.607613,,,,,,,,GLOBAL_BASELINE_NO_ENTITY_RANKING,,,NOT_APPLICABLE_GLOBAL_BASELINE,HF9g-P5,,,,X 全窗基线 · 不参与实体赏罚,8394267,840,A168_HF9F_20260827_0900,2026-08-27 09:00:00
2026-03-26,145513516,2209,0,13.1658635490,-13.1658635490,-13.1658635490,0E-7,1,1,0.50665070000000000,0.506650700000,-1.013391052207602,-1.013391052207602,-1.013391052207602,0E-17,ELIGIBLE,R03b_20260811_FULL_v1,L1_ELIGIBILITY,v2026-08-11,2026-03-21..2026-08-06,baccarat_bet02_101_all_pairs_incl_sentinel,round_win = game_pnl > 0 (decisive only),COMPATIBILITY_ONLY_NOT_PRODUCTION,2263.3463,2063.0016,482.6159,134,65,-0.21323112,-0.09952696,-0.31915345,-0.21323112,-482.6159,2263.3463,OK,0.0000,19.3046,4.0000,96.0000,AG03-UNRESOLVED,ALL5_LEVELS_bet23_to_bet27,19.3046,19.3046,19.3046,24.1308,24.1308,4.000000,4.000000,4.000000,5.000000,5.000000,96.000000,96.000000,96.000000,95.000000,95.000000,5.0,106.1755,97.2595,376.4404,385.3563,PENDING_AG03,FALSE,NOT_FOR_ENFORCEMENT,463.3112,1980.4815,482.6159,463.3112,19.3046,0.21323112,0.20470187,19.3046,463.3112,0.20470187,19.3046,19.3046,19.3046,24.1308,24.1308,463.3112,0.20470187,106.1755,97.2595,376.4404,385.3563,0.16632027,0.17025955,0.00852924,16.8906,31.7385,7.4249,34.4726,25.4008,161.6676,4.6429,22.7412,13.6252,2.6176,5.1636,25.8178,51.6356,55.7647,80.8407,5.1636,-2.6254,10.799675,15.656015,3.271127,11,21,10,8,0.48228398,0.21323112,0.09952696,0E-8,0.000000,0.911483,0.000000,0.21962649,2026-03-22,2026-07-24,14,19,19,125,0.112000,1.669047,1.346376,1.607613,,,,,,,,GLOBAL_BASELINE_NO_ENTITY_RANKING,,,NOT_APPLICABLE_GLOBAL_BASELINE,HF9g-P5,,,,X 全窗基线 · 不参与实体赏罚,8394268,840,A168_HF9F_20260827_0900,2026-08-27 09:00:00
2026-04-14,145513516,2152,0,78.7896238517,-52.6136690837,-52.6136690837,0.2500000,8,4,0.36467818957373228,0.258819637500,-0.4764957663815575,-0.04027357350677068,-0.4764957663815575,0.10585855207373228,ELIGIBLE,R03b_20260811_FULL_v1,L1_ELIGIBILITY,v2026-08-11,2026-03-21..2026-08-06,baccarat_bet02_101_all_pairs_incl_sentinel,round_win = game_pnl > 0 (decisive only),COMPATIBILITY_ONLY_NOT_PRODUCTION,2263.3463,2063.0016,482.6159,134,65,-0.21323112,-0.09952696,-0.31915345,-0.21323112,-482.6159,2263.3463,OK,0.0000,19.3046,4.0000,96.0000,AG03-UNRESOLVED,ALL5_LEVELS_bet23_to_bet27,19.3046,19.3046,19.3046,24.1308,24.1308,4.000000,4.000000,4.000000,5.000000,5.000000,96.000000,96.000000,96.000000,95.000000,95.000000,5.0,106.1755,97.2595,376.4404,385.3563,PENDING_AG03,FALSE,NOT_FOR_ENFORCEMENT,463.3112,1980.4815,482.6159,463.3112,19.3046,0.21323112,0.20470187,19.3046,463.3112,0.20470187,19.3046,19.3046,19.3046,24.1308,24.1308,463.3112,0.20470187,106.1755,97.2595,376.4404,385.3563,0.16632027,0.17025955,0.00852924,16.8906,31.7385,7.4249,34.4726,25.4008,161.6676,4.6429,22.7412,13.6252,2.6176,5.1636,25.8178,51.6356,55.7647,80.8407,5.1636,-2.6254,10.799675,15.656015,3.271127,11,21,10,8,0.48228398,0.21323112,0.09952696,0E-8,0.000000,0.911483,0.000000,0.21962649,2026-03-22,2026-07-24,14,19,19,125,0.112000,1.669047,1.346376,1.607613,,,,,,,,GLOBAL_BASELINE_NO_ENTITY_RANKING,,,NOT_APPLICABLE_GLOBAL_BASELINE,HF9g-P5,,,,X 全窗基线 · 不参与实体赏罚,8394269,840,A168_HF9F_20260827_0900,2026-08-27 09:00:00
2026-04-15,145513516,1490,0,172.7613014686,78.5278643038,78.5278643038,0.6000000,13,5,0.35074042807233046,0.183761906667,1.1679782423823213,2.4032040760565234,1.1679782423823213,0.16697852140533046,ELIGIBLE,R03b_20260811_FULL_v1,L1_ELIGIBILITY,v2026-08-11,2026-03-21..2026-08-06,baccarat_bet02_101_all_pairs_incl_sentinel,round_win = game_pnl > 0 (decisive only),COMPATIBILITY_ONLY_NOT_PRODUCTION,2263.3463,2063.0016,482.6159,134,65,-0.21323112,-0.09952696,-0.31915345,-0.21323112,-482.6159,2263.3463,OK,0.0000,19.3046,4.0000,96.0000,AG03-UNRESOLVED,ALL5_LEVELS_bet23_to_bet27,19.3046,19.3046,19.3046,24.1308,24.1308,4.000000,4.000000,4.000000,5.000000,5.000000,96.000000,96.000000,96.000000,95.000000,95.000000,5.0,106.1755,97.2595,376.4404,385.3563,PENDING_AG03,FALSE,NOT_FOR_ENFORCEMENT,463.3112,1980.4815,482.6159,463.3112,19.3046,0.21323112,0.20470187,19.3046,463.3112,0.20470187,19.3046,19.3046,19.3046,24.1308,24.1308,463.3112,0.20470187,106.1755,97.2595,376.4404,385.3563,0.16632027,0.17025955,0.00852924,16.8906,31.7385,7.4249,34.4726,25.4008,161.6676,4.6429,22.7412,13.6252,2.6176,5.1636,25.8178,51.6356,55.7647,80.8407,5.1636,-2.6254,10.799675,15.656015,3.271127,11,21,10,8,0.48228398,0.21323112,0.09952696,0E-8,0.000000,0.911483,0.000000,0.21962649,2026-03-22,2026-07-24,14,19,19,125,0.112000,1.669047,1.346376,1.607613,,,,,,,,GLOBAL_BASELINE_NO_ENTITY_RANKING,,,NOT_APPLICABLE_GLOBAL_BASELINE,HF9g-P5,,,,X 全窗基线 · 不参与实体赏罚,8394270,840,A168_HF9F_20260827_0900,2026-08-27 09:00:00
2026-04-16,145513516,1331,0,192.1315079970,-53.1371881790,-53.1371881790,0.3333333,17,6,0.35300707037008029,0.180725894445,-0.1008372557713113,0.9714635796269159,-0.1008372557713113,0.17228117592508029,ELIGIBLE,R03b_20260811_FULL_v1,L1_ELIGIBILITY,v2026-08-11,2026-03-21..2026-08-06,baccarat_bet02_101_all_pairs_incl_sentinel,round_win = game_pnl > 0 (decisive only),COMPATIBILITY_ONLY_NOT_PRODUCTION,2263.3463,2063.0016,482.6159,134,65,-0.21323112,-0.09952696,-0.31915345,-0.21323112,-482.6159,2263.3463,OK,0.0000,19.3046,4.0000,96.0000,AG03-UNRESOLVED,ALL5_LEVELS_bet23_to_bet27,19.3046,19.3046,19.3046,24.1308,24.1308,4.000000,4.000000,4.000000,5.000000,5.000000,96.000000,96.000000,96.000000,95.000000,95.000000,5.0,106.1755,97.2595,376.4404,385.3563,PENDING_AG03,FALSE,NOT_FOR_ENFORCEMENT,463.3112,1980.4815,482.6159,463.3112,19.3046,0.21323112,0.20470187,19.3046,463.3112,0.20470187,19.3046,19.3046,19.3046,24.1308,24.1308,463.3112,0.20470187,106.1755,97.2595,376.4404,385.3563,0.16632027,0.17025955,0.00852924,16.8906,31.7385,7.4249,34.4726,25.4008,161.6676,4.6429,22.7412,13.6252,2.6176,5.1636,25.8178,51.6356,55.7647,80.8407,5.1636,-2.6254,10.799675,15.656015,3.271127,11,21,10,8,0.48228398,0.21323112,0.09952696,0E-8,0.000000,0.911483,0.000000,0.21962649,2026-03-22,2026-07-24,14,19,19,125,0.112000,1.669047,1.346376,1.607613,,,,,,,,GLOBAL_BASELINE_NO_ENTITY_RANKING,,,NOT_APPLICABLE_GLOBAL_BASELINE,HF9g-P5,,,,X 全窗基线 · 不参与实体赏罚,8394271,840,A168_HF9F_20260827_0900,2026-08-27 09:00:00
2026-04-23,145513516,2170,0,73.2926733504,-73.2926733504,-73.2926733504,0E-7,6,2,0.37366060000000000,0.214214066667,-1.0923172327478048,-0.7383918011592371,-1.0923172327478048,0.15944653333300000,ELIGIBLE,R03b_20260811_FULL_v1,L1_ELIGIBILITY,v2026-08-11,2026-03-21..2026-08-06,baccarat_bet02_101_all_pairs_incl_sentinel,round_win = game_pnl > 0 (decisive only),COMPATIBILITY_ONLY_NOT_PRODUCTION,2263.3463,2063.0016,482.6159,134,65,-0.21323112,-0.09952696,-0.31915345,-0.21323112,-482.6159,2263.3463,OK,0.0000,19.3046,4.0000,96.0000,AG03-UNRESOLVED,ALL5_LEVELS_bet23_to_bet27,19.3046,19.3046,19.3046,24.1308,24.1308,4.000000,4.000000,4.000000,5.000000,5.000000,96.000000,96.000000,96.000000,95.000000,95.000000,5.0,106.1755,97.2595,376.4404,385.3563,PENDING_AG03,FALSE,NOT_FOR_ENFORCEMENT,463.3112,1980.4815,482.6159,463.3112,19.3046,0.21323112,0.20470187,19.3046,463.3112,0.20470187,19.3046,19.3046,19.3046,24.1308,24.1308,463.3112,0.20470187,106.1755,97.2595,376.4404,385.3563,0.16632027,0.17025955,0.00852924,16.8906,31.7385,7.4249,34.4726,25.4008,161.6676,4.6429,22.7412,13.6252,2.6176,5.1636,25.8178,51.6356,55.7647,80.8407,5.1636,-2.6254,10.799675,15.656015,3.271127,11,21,10,8,0.48228398,0.21323112,0.09952696,0E-8,0.000000,0.911483,0.000000,0.21962649,2026-03-22,2026-07-24,14,19,19,125,0.112000,1.669047,1.346376,1.607613,,,,,,,,GLOBAL_BASELINE_NO_ENTITY_RANKING,,,NOT_APPLICABLE_GLOBAL_BASELINE,HF9g-P5,,,,X 全窗基线 · 不参与实体赏罚,8394272,840,A168_HF9F_20260827_0900,2026-08-27 09:00:00
2026-06-10,145513516,2233,0,18.0008743283,7.7146604263,7.7146604263,1.0000000,3,1,0.37464304285582512,0.216506433333,1.2919781140226092,1.902314483972269,1.2919781140226092,0.15813660952282512,ELIGIBLE,R03b_20260811_FULL_v1,L1_ELIGIBILITY,v2026-08-11,2026-03-21..2026-08-06,baccarat_bet02_101_all_pairs_incl_sentinel,round_win = game_pnl > 0 (decisive only),COMPATIBILITY_ONLY_NOT_PRODUCTION,2263.3463,2063.0016,482.6159,134,65,-0.21323112,-0.09952696,-0.31915345,-0.21323112,-482.6159,2263.3463,OK,0.0000,19.3046,4.0000,96.0000,AG03-UNRESOLVED,ALL5_LEVELS_bet23_to_bet27,19.3046,19.3046,19.3046,24.1308,24.1308,4.000000,4.000000,4.000000,5.000000,5.000000,96.000000,96.000000,96.000000,95.000000,95.000000,5.0,106.1755,97.2595,376.4404,385.3563,PENDING_AG03,FALSE,NOT_FOR_ENFORCEMENT,463.3112,1980.4815,482.6159,463.3112,19.3046,0.21323112,0.20470187,19.3046,463.3112,0.20470187,19.3046,19.3046,19.3046,24.1308,24.1308,463.3112,0.20470187,106.1755,97.2595,376.4404,385.3563,0.16632027,0.17025955,0.00852924,16.8906,31.7385,7.4249,34.4726,25.4008,161.6676,4.6429,22.7412,13.6252,2.6176,5.1636,25.8178,51.6356,55.7647,80.8407,5.1636,-2.6254,10.799675,15.656015,3.271127,11,21,10,8,0.48228398,0.21323112,0.09952696,0E-8,0.000000,0.911483,0.000000,0.21962649,2026-03-22,2026-07-24,14,19,19,125,0.112000,1.669047,1.346376,1.607613,,,,,,,,GLOBAL_BASELINE_NO_ENTITY_RANKING,,,NOT_APPLICABLE_GLOBAL_BASELINE,HF9g-P5,,,,X 全窗基线 · 不参与实体赏罚,8394273,840,A168_HF9F_20260827_0900,2026-08-27 09:00:00
2026-07-06,145513516,1330,0,59.3808896806,-59.3808896806,-59.3808896806,0E-7,3,1,0.43682260434782609,0.197889300000,-0.8807039503165398,-0.4966998184331015,-0.8807039503165398,0.23893330434782609,ELIGIBLE,R03b_20260811_FULL_v1,L1_ELIGIBILITY,v2026-08-11,2026-03-21..2026-08-06,baccarat_bet02_101_all_pairs_incl_sentinel,round_win = game_pnl > 0 (decisive only),COMPATIBILITY_ONLY_NOT_PRODUCTION,2263.3463,2063.0016,482.6159,134,65,-0.21323112,-0.09952696,-0.31915345,-0.21323112,-482.6159,2263.3463,OK,0.0000,19.3046,4.0000,96.0000,AG03-UNRESOLVED,ALL5_LEVELS_bet23_to_bet27,19.3046,19.3046,19.3046,24.1308,24.1308,4.000000,4.000000,4.000000,5.000000,5.000000,96.000000,96.000000,96.000000,95.000000,95.000000,5.0,106.1755,97.2595,376.4404,385.3563,PENDING_AG03,FALSE,NOT_FOR_ENFORCEMENT,463.3112,1980.4815,482.6159,463.3112,19.3046,0.21323112,0.20470187,19.3046,463.3112,0.20470187,19.3046,19.3046,19.3046,24.1308,24.1308,463.3112,0.20470187,106.1755,97.2595,376.4404,385.3563,0.16632027,0.17025955,0.00852924,16.8906,31.7385,7.4249,34.4726,25.4008,161.6676,4.6429,22.7412,13.6252,2.6176,5.1636,25.8178,51.6356,55.7647,80.8407,5.1636,-2.6254,10.799675,15.656015,3.271127,11,21,10,8,0.48228398,0.21323112,0.09952696,0E-8,0.000000,0.911483,0.000000,0.21962649,2026-03-22,2026-07-24,14,19,19,125,0.112000,1.669047,1.346376,1.607613,,,,,,,,GLOBAL_BASELINE_NO_ENTITY_RANKING,,,NOT_APPLICABLE_GLOBAL_BASELINE,HF9g-P5,,,,X 全窗基线 · 不参与实体赏罚,8394274,840,A168_HF9F_20260827_0900,2026-08-27 09:00:00
2026-07-07,145513516,1304,0,178.1426690418,60.6717785867,60.6717785867,0.5000000,14,6,0.29066171532051282,0.208285883333,1.1292852875361818,1.7596202800495568,1.1292852875361818,0.08237583198751282,ELIGIBLE,R03b_20260811_FULL_v1,L1_ELIGIBILITY,v2026-08-11,2026-03-21..2026-08-06,baccarat_bet02_101_all_pairs_incl_sentinel,round_win = game_pnl > 0 (decisive only),COMPATIBILITY_ONLY_NOT_PRODUCTION,2263.3463,2063.0016,482.6159,134,65,-0.21323112,-0.09952696,-0.31915345,-0.21323112,-482.6159,2263.3463,OK,0.0000,19.3046,4.0000,96.0000,AG03-UNRESOLVED,ALL5_LEVELS_bet23_to_bet27,19.3046,19.3046,19.3046,24.1308,24.1308,4.000000,4.000000,4.000000,5.000000,5.000000,96.000000,96.000000,96.000000,95.000000,95.000000,5.0,106.1755,97.2595,376.4404,385.3563,PENDING_AG03,FALSE,NOT_FOR_ENFORCEMENT,463.3112,1980.4815,482.6159,463.3112,19.3046,0.21323112,0.20470187,19.3046,463.3112,0.20470187,19.3046,19.3046,19.3046,24.1308,24.1308,463.3112,0.20470187,106.1755,97.2595,376.4404,385.3563,0.16632027,0.17025955,0.00852924,16.8906,31.7385,7.4249,34.4726,25.4008,161.6676,4.6429,22.7412,13.6252,2.6176,5.1636,25.8178,51.6356,55.7647,80.8407,5.1636,-2.6254,10.799675,15.656015,3.271127,11,21,10,8,0.48228398,0.21323112,0.09952696,0E-8,0.000000,0.911483,0.000000,0.21962649,2026-03-22,2026-07-24,14,19,19,125,0.112000,1.669047,1.346376,1.607613,,,,,,,,GLOBAL_BASELINE_NO_ENTITY_RANKING,,,NOT_APPLICABLE_GLOBAL_BASELINE,HF9g-P5,,,,X 全窗基线 · 不参与实体赏罚,8394275,840,A168_HF9F_20260827_0900,2026-08-27 09:00:00
2026-07-07,145513516,2088,0,87.7804456148,-36.1448893708,-36.1448893708,0.5000000,6,2,0.44307056363636364,0.205911250000,0.1620747448324912,1.0285344676027932,0.1620747448324912,0.23715931363636364,ELIGIBLE,R03b_20260811_FULL_v1,L1_ELIGIBILITY,v2026-08-11,2026-03-21..2026-08-06,baccarat_bet02_101_all_pairs_incl_sentinel,round_win = game_pnl > 0 (decisive only),COMPATIBILITY_ONLY_NOT_PRODUCTION,2263.3463,2063.0016,482.6159,134,65,-0.21323112,-0.09952696,-0.31915345,-0.21323112,-482.6159,2263.3463,OK,0.0000,19.3046,4.0000,96.0000,AG03-UNRESOLVED,ALL5_LEVELS_bet23_to_bet27,19.3046,19.3046,19.3046,24.1308,24.1308,4.000000,4.000000,4.000000,5.000000,5.000000,96.000000,96.000000,96.000000,95.000000,95.000000,5.0,106.1755,97.2595,376.4404,385.3563,PENDING_AG03,FALSE,NOT_FOR_ENFORCEMENT,463.3112,1980.4815,482.6159,463.3112,19.3046,0.21323112,0.20470187,19.3046,463.3112,0.20470187,19.3046,19.3046,19.3046,24.1308,24.1308,463.3112,0.20470187,106.1755,97.2595,376.4404,385.3563,0.16632027,0.17025955,0.00852924,16.8906,31.7385,7.4249,34.4726,25.4008,161.6676,4.6429,22.7412,13.6252,2.6176,5.1636,25.8178,51.6356,55.7647,80.8407,5.1636,-2.6254,10.799675,15.656015,3.271127,11,21,10,8,0.48228398,0.21323112,0.09952696,0E-8,0.000000,0.911483,0.000000,0.21962649,2026-03-22,2026-07-24,14,19,19,125,0.112000,1.669047,1.346376,1.607613,,,,,,,,GLOBAL_BASELINE_NO_ENTITY_RANKING,,,NOT_APPLICABLE_GLOBAL_BASELINE,HF9g-P5,,,,X 全窗基线 · 不参与实体赏罚,8394276,840,A168_HF9F_20260827_0900,2026-08-27 09:00:00
2026-07-07,145513516,2124,0,56.7991118684,-56.7991118684,-56.7991118684,0E-7,2,1,0.46738120909090909,0.290668500000,-0.9367579374122614,-0.6401391097125458,-0.9367579374122614,0.17671270909090909,ELIGIBLE,R03b_20260811_FULL_v1,L1_ELIGIBILITY,v2026-08-11,2026-03-21..2026-08-06,baccarat_bet02_101_all_pairs_incl_sentinel,round_win = game_pnl > 0 (decisive only),COMPATIBILITY_ONLY_NOT_PRODUCTION,2263.3463,2063.0016,482.6159,134,65,-0.21323112,-0.09952696,-0.31915345,-0.21323112,-482.6159,2263.3463,OK,0.0000,19.3046,4.0000,96.0000,AG03-UNRESOLVED,ALL5_LEVELS_bet23_to_bet27,19.3046,19.3046,19.3046,24.1308,24.1308,4.000000,4.000000,4.000000,5.000000,5.000000,96.000000,96.000000,96.000000,95.000000,95.000000,5.0,106.1755,97.2595,376.4404,385.3563,PENDING_AG03,FALSE,NOT_FOR_ENFORCEMENT,463.3112,1980.4815,482.6159,463.3112,19.3046,0.21323112,0.20470187,19.3046,463.3112,0.20470187,19.3046,19.3046,19.3046,24.1308,24.1308,463.3112,0.20470187,106.1755,97.2595,376.4404,385.3563,0.16632027,0.17025955,0.00852924,16.8906,31.7385,7.4249,34.4726,25.4008,161.6676,4.6429,22.7412,13.6252,2.6176,5.1636,25.8178,51.6356,55.7647,80.8407,5.1636,-2.6254,10.799675,15.656015,3.271127,11,21,10,8,0.48228398,0.21323112,0.09952696,0E-8,0.000000,0.911483,0.000000,0.21962649,2026-03-22,2026-07-24,14,19,19,125,0.112000,1.669047,1.346376,1.607613,,,,,,,,GLOBAL_BASELINE_NO_ENTITY_RANKING,,,NOT_APPLICABLE_GLOBAL_BASELINE,HF9g-P5,,,,X 全窗基线 · 不参与实体赏罚,8394277,840,A168_HF9F_20260827_0900,2026-08-27 09:00:00
2026-07-07,145513516,2223,0,76.1624454599,-76.1624454599,-76.1624454599,0E-7,1,1,0.49324550000000000,0.493245500000,-0.9865810262130424,-0.9865810262130424,-0.9865810262130424,0E-17,ELIGIBLE,R03b_20260811_FULL_v1,L1_ELIGIBILITY,v2026-08-11,2026-03-21..2026-08-06,baccarat_bet02_101_all_pairs_incl_sentinel,round_win = game_pnl > 0 (decisive only),COMPATIBILITY_ONLY_NOT_PRODUCTION,2263.3463,2063.0016,482.6159,134,65,-0.21323112,-0.09952696,-0.31915345,-0.21323112,-482.6159,2263.3463,OK,0.0000,19.3046,4.0000,96.0000,AG03-UNRESOLVED,ALL5_LEVELS_bet23_to_bet27,19.3046,19.3046,19.3046,24.1308,24.1308,4.000000,4.000000,4.000000,5.000000,5.000000,96.000000,96.000000,96.000000,95.000000,95.000000,5.0,106.1755,97.2595,376.4404,385.3563,PENDING_AG03,FALSE,NOT_FOR_ENFORCEMENT,463.3112,1980.4815,482.6159,463.3112,19.3046,0.21323112,0.20470187,19.3046,463.3112,0.20470187,19.3046,19.3046,19.3046,24.1308,24.1308,463.3112,0.20470187,106.1755,97.2595,376.4404,385.3563,0.16632027,0.17025955,0.00852924,16.8906,31.7385,7.4249,34.4726,25.4008,161.6676,4.6429,22.7412,13.6252,2.6176,5.1636,25.8178,51.6356,55.7647,80.8407,5.1636,-2.6254,10.799675,15.656015,3.271127,11,21,10,8,0.48228398,0.21323112,0.09952696,0E-8,0.000000,0.911483,0.000000,0.21962649,2026-03-22,2026-07-24,14,19,19,125,0.112000,1.669047,1.346376,1.607613,,,,,,,,GLOBAL_BASELINE_NO_ENTITY_RANKING,,,NOT_APPLICABLE_GLOBAL_BASELINE,HF9g-P5,,,,X 全窗基线 · 不参与实体赏罚,8394278,840,A168_HF9F_20260827_0900,2026-08-27 09:00:00
2026-07-18,145513516,1205,0,283.9955593420,118.7617793612,118.7617793612,0.5714286,10,7,0.37431068246753247,0.321352192857,1.0776545786930707,1.4168009278919678,1.0776545786930707,0.05295848961053247,ELIGIBLE,R03b_20260811_FULL_v1,L1_ELIGIBILITY,v2026-08-11,2026-03-21..2026-08-06,baccarat_bet02_101_all_pairs_incl_sentinel,round_win = game_pnl > 0 (decisive only),COMPATIBILITY_ONLY_NOT_PRODUCTION,2263.3463,2063.0016,482.6159,134,65,-0.21323112,-0.09952696,-0.31915345,-0.21323112,-482.6159,2263.3463,OK,0.0000,19.3046,4.0000,96.0000,AG03-UNRESOLVED,ALL5_LEVELS_bet23_to_bet27,19.3046,19.3046,19.3046,24.1308,24.1308,4.000000,4.000000,4.000000,5.000000,5.000000,96.000000,96.000000,96.000000,95.000000,95.000000,5.0,106.1755,97.2595,376.4404,385.3563,PENDING_AG03,FALSE,NOT_FOR_ENFORCEMENT,463.3112,1980.4815,482.6159,463.3112,19.3046,0.21323112,0.20470187,19.3046,463.3112,0.20470187,19.3046,19.3046,19.3046,24.1308,24.1308,463.3112,0.20470187,106.1755,97.2595,376.4404,385.3563,0.16632027,0.17025955,0.00852924,16.8906,31.7385,7.4249,34.4726,25.4008,161.6676,4.6429,22.7412,13.6252,2.6176,5.1636,25.8178,51.6356,55.7647,80.8407,5.1636,-2.6254,10.799675,15.656015,3.271127,11,21,10,8,0.48228398,0.21323112,0.09952696,0E-8,0.000000,0.911483,0.000000,0.21962649,2026-03-22,2026-07-24,14,19,19,125,0.112000,1.669047,1.346376,1.607613,,,,,,,,GLOBAL_BASELINE_NO_ENTITY_RANKING,,,NOT_APPLICABLE_GLOBAL_BASELINE,HF9g-P5,,,,X 全窗基线 · 不参与实体赏罚,8394279,840,A168_HF9F_20260827_0900,2026-08-27 09:00:00
2026-07-18,145513516,1304,0,69.7080009294,149.7431131076,149.7431131076,0.3333333,5,3,0.20867606811594203,0.129031633333,0.5313305038539982,1.0555609601089841,0.5313305038539982,0.07964443478294203,ELIGIBLE,R03b_20260811_FULL_v1,L1_ELIGIBILITY,v2026-08-11,2026-03-21..2026-08-06,baccarat_bet02_101_all_pairs_incl_sentinel,round_win = game_pnl > 0 (decisive only),COMPATIBILITY_ONLY_NOT_PRODUCTION,2263.3463,2063.0016,482.6159,134,65,-0.21323112,-0.09952696,-0.31915345,-0.21323112,-482.6159,2263.3463,OK,0.0000,19.3046,4.0000,96.0000,AG03-UNRESOLVED,ALL5_LEVELS_bet23_to_bet27,19.3046,19.3046,19.3046,24.1308,24.1308,4.000000,4.000000,4.000000,5.000000,5.000000,96.000000,96.000000,96.000000,95.000000,95.000000,5.0,106.1755,97.2595,376.4404,385.3563,PENDING_AG03,FALSE,NOT_FOR_ENFORCEMENT,463.3112,1980.4815,482.6159,463.3112,19.3046,0.21323112,0.20470187,19.3046,463.3112,0.20470187,19.3046,19.3046,19.3046,24.1308,24.1308,463.3112,0.20470187,106.1755,97.2595,376.4404,385.3563,0.16632027,0.17025955,0.00852924,16.8906,31.7385,7.4249,34.4726,25.4008,161.6676,4.6429,22.7412,13.6252,2.6176,5.1636,25.8178,51.6356,55.7647,80.8407,5.1636,-2.6254,10.799675,15.656015,3.271127,11,21,10,8,0.48228398,0.21323112,0.09952696,0E-8,0.000000,0.911483,0.000000,0.21962649,2026-03-22,2026-07-24,14,19,19,125,0.112000,1.669047,1.346376,1.607613,,,,,,,,GLOBAL_BASELINE_NO_ENTITY_RANKING,,,NOT_APPLICABLE_GLOBAL_BASELINE,HF9g-P5,,,,X 全窗基线 · 不参与实体赏罚,8394280,840,A168_HF9F_20260827_0900,2026-08-27 09:00:00
2026-07-18,145513516,2147,0,30.9813337464,-30.9813337464,-30.9813337464,0E-7,2,1,0.42463583333333333,0.287416500000,-0.859086539674708,-0.6350939377956173,-0.859086539674708,0.13721933333333333,ELIGIBLE,R03b_20260811_FULL_v1,L1_ELIGIBILITY,v2026-08-11,2026-03-21..2026-08-06,baccarat_bet02_101_all_pairs_incl_sentinel,round_win = game_pnl > 0 (decisive only),COMPATIBILITY_ONLY_NOT_PRODUCTION,2263.3463,2063.0016,482.6159,134,65,-0.21323112,-0.09952696,-0.31915345,-0.21323112,-482.6159,2263.3463,OK,0.0000,19.3046,4.0000,96.0000,AG03-UNRESOLVED,ALL5_LEVELS_bet23_to_bet27,19.3046,19.3046,19.3046,24.1308,24.1308,4.000000,4.000000,4.000000,5.000000,5.000000,96.000000,96.000000,96.000000,95.000000,95.000000,5.0,106.1755,97.2595,376.4404,385.3563,PENDING_AG03,FALSE,NOT_FOR_ENFORCEMENT,463.3112,1980.4815,482.6159,463.3112,19.3046,0.21323112,0.20470187,19.3046,463.3112,0.20470187,19.3046,19.3046,19.3046,24.1308,24.1308,463.3112,0.20470187,106.1755,97.2595,376.4404,385.3563,0.16632027,0.17025955,0.00852924,16.8906,31.7385,7.4249,34.4726,25.4008,161.6676,4.6429,22.7412,13.6252,2.6176,5.1636,25.8178,51.6356,55.7647,80.8407,5.1636,-2.6254,10.799675,15.656015,3.271127,11,21,10,8,0.48228398,0.21323112,0.09952696,0E-8,0.000000,0.911483,0.000000,0.21962649,2026-03-22,2026-07-24,14,19,19,125,0.112000,1.669047,1.346376,1.607613,,,,,,,,GLOBAL_BASELINE_NO_ENTITY_RANKING,,,NOT_APPLICABLE_GLOBAL_BASELINE,HF9g-P5,,,,X 全窗基线 · 不参与实体赏罚,8394281,840,A168_HF9F_20260827_0900,2026-08-27 09:00:00
2026-07-19,145513516,1299,0,64.5444453050,-64.5444453050,-64.5444453050,0E-7,4,2,0.26571270217391305,0.146246050000,-0.8507229482270483,-0.5853164195366765,-0.8507229482270483,0.11946665217391305,ELIGIBLE,R03b_20260811_FULL_v1,L1_ELIGIBILITY,v2026-08-11,2026-03-21..2026-08-06,baccarat_bet02_101_all_pairs_incl_sentinel,round_win = game_pnl > 0 (decisive only),COMPATIBILITY_ONLY_NOT_PRODUCTION,2263.3463,2063.0016,482.6159,134,65,-0.21323112,-0.09952696,-0.31915345,-0.21323112,-482.6159,2263.3463,OK,0.0000,19.3046,4.0000,96.0000,AG03-UNRESOLVED,ALL5_LEVELS_bet23_to_bet27,19.3046,19.3046,19.3046,24.1308,24.1308,4.000000,4.000000,4.000000,5.000000,5.000000,96.000000,96.000000,96.000000,95.000000,95.000000,5.0,106.1755,97.2595,376.4404,385.3563,PENDING_AG03,FALSE,NOT_FOR_ENFORCEMENT,463.3112,1980.4815,482.6159,463.3112,19.3046,0.21323112,0.20470187,19.3046,463.3112,0.20470187,19.3046,19.3046,19.3046,24.1308,24.1308,463.3112,0.20470187,106.1755,97.2595,376.4404,385.3563,0.16632027,0.17025955,0.00852924,16.8906,31.7385,7.4249,34.4726,25.4008,161.6676,4.6429,22.7412,13.6252,2.6176,5.1636,25.8178,51.6356,55.7647,80.8407,5.1636,-2.6254,10.799675,15.656015,3.271127,11,21,10,8,0.48228398,0.21323112,0.09952696,0E-8,0.000000,0.911483,0.000000,0.21962649,2026-03-22,2026-07-24,14,19,19,125,0.112000,1.669047,1.346376,1.607613,,,,,,,,GLOBAL_BASELINE_NO_ENTITY_RANKING,,,NOT_APPLICABLE_GLOBAL_BASELINE,HF9g-P5,,,,X 全窗基线 · 不参与实体赏罚,8394282,840,A168_HF9F_20260827_0900,2026-08-27 09:00:00
2026-07-20,145513516,2288,0,113.5982237368,-113.5982237368,-113.5982237368,0E-7,8,3,0.29894953472222222,0.169198294445,-1.1310581340450159,-0.7816456730664855,-1.1310581340450159,0.12975124027722222,ELIGIBLE,R03b_20260811_FULL_v1,L1_ELIGIBILITY,v2026-08-11,2026-03-21..2026-08-06,baccarat_bet02_101_all_pairs_incl_sentinel,round_win = game_pnl > 0 (decisive only),COMPATIBILITY_ONLY_NOT_PRODUCTION,2263.3463,2063.0016,482.6159,134,65,-0.21323112,-0.09952696,-0.31915345,-0.21323112,-482.6159,2263.3463,OK,0.0000,19.3046,4.0000,96.0000,AG03-UNRESOLVED,ALL5_LEVELS_bet23_to_bet27,19.3046,19.3046,19.3046,24.1308,24.1308,4.000000,4.000000,4.000000,5.000000,5.000000,96.000000,96.000000,96.000000,95.000000,95.000000,5.0,106.1755,97.2595,376.4404,385.3563,PENDING_AG03,FALSE,NOT_FOR_ENFORCEMENT,463.3112,1980.4815,482.6159,463.3112,19.3046,0.21323112,0.20470187,19.3046,463.3112,0.20470187,19.3046,19.3046,19.3046,24.1308,24.1308,463.3112,0.20470187,106.1755,97.2595,376.4404,385.3563,0.16632027,0.17025955,0.00852924,16.8906,31.7385,7.4249,34.4726,25.4008,161.6676,4.6429,22.7412,13.6252,2.6176,5.1636,25.8178,51.6356,55.7647,80.8407,5.1636,-2.6254,10.799675,15.656015,3.271127,11,21,10,8,0.48228398,0.21323112,0.09952696,0E-8,0.000000,0.911483,0.000000,0.21962649,2026-03-22,2026-07-24,14,19,19,125,0.112000,1.669047,1.346376,1.607613,,,,,,,,GLOBAL_BASELINE_NO_ENTITY_RANKING,,,NOT_APPLICABLE_GLOBAL_BASELINE,HF9g-P5,,,,X 全窗基线 · 不参与实体赏罚,8394283,840,A168_HF9F_20260827_0900,2026-08-27 09:00:00
2026-07-20,145513516,987,0,100.6893346758,14.1997779671,14.1997779671,0.3333333,7,5,0.33118872000000000,0.331188720000,0.007892599509329032,0.007892599509329032,0.007892599509329032,0E-17,ELIGIBLE,R03b_20260811_FULL_v1,L1_ELIGIBILITY,v2026-08-11,2026-03-21..2026-08-06,baccarat_bet02_101_all_pairs_incl_sentinel,round_win = game_pnl > 0 (decisive only),COMPATIBILITY_ONLY_NOT_PRODUCTION,2263.3463,2063.0016,482.6159,134,65,-0.21323112,-0.09952696,-0.31915345,-0.21323112,-482.6159,2263.3463,OK,0.0000,19.3046,4.0000,96.0000,AG03-UNRESOLVED,ALL5_LEVELS_bet23_to_bet27,19.3046,19.3046,19.3046,24.1308,24.1308,4.000000,4.000000,4.000000,5.000000,5.000000,96.000000,96.000000,96.000000,95.000000,95.000000,5.0,106.1755,97.2595,376.4404,385.3563,PENDING_AG03,FALSE,NOT_FOR_ENFORCEMENT,463.3112,1980.4815,482.6159,463.3112,19.3046,0.21323112,0.20470187,19.3046,463.3112,0.20470187,19.3046,19.3046,19.3046,24.1308,24.1308,463.3112,0.20470187,106.1755,97.2595,376.4404,385.3563,0.16632027,0.17025955,0.00852924,16.8906,31.7385,7.4249,34.4726,25.4008,161.6676,4.6429,22.7412,13.6252,2.6176,5.1636,25.8178,51.6356,55.7647,80.8407,5.1636,-2.6254,10.799675,15.656015,3.271127,11,21,10,8,0.48228398,0.21323112,0.09952696,0E-8,0.000000,0.911483,0.000000,0.21962649,2026-03-22,2026-07-24,14,19,19,125,0.112000,1.669047,1.346376,1.607613,,,,,,,,GLOBAL_BASELINE_NO_ENTITY_RANKING,,,NOT_APPLICABLE_GLOBAL_BASELINE,HF9g-P5,,,,X 全窗基线 · 不参与实体赏罚,8394284,840,A168_HF9F_20260827_0900,2026-08-27 09:00:00
2026-07-21,145513516,1094,0,278.3156481552,-103.4776547130,-103.4776547130,0.4000000,6,6,0.50665070000000000,0.506650700000,-0.4769986289884125,-0.4769986289884125,-0.4769986289884125,0E-17,ELIGIBLE,R03b_20260811_FULL_v1,L1_ELIGIBILITY,v2026-08-11,2026-03-21..2026-08-06,baccarat_bet02_101_all_pairs_incl_sentinel,round_win = game_pnl > 0 (decisive only),COMPATIBILITY_ONLY_NOT_PRODUCTION,2263.3463,2063.0016,482.6159,134,65,-0.21323112,-0.09952696,-0.31915345,-0.21323112,-482.6159,2263.3463,OK,0.0000,19.3046,4.0000,96.0000,AG03-UNRESOLVED,ALL5_LEVELS_bet23_to_bet27,19.3046,19.3046,19.3046,24.1308,24.1308,4.000000,4.000000,4.000000,5.000000,5.000000,96.000000,96.000000,96.000000,95.000000,95.000000,5.0,106.1755,97.2595,376.4404,385.3563,PENDING_AG03,FALSE,NOT_FOR_ENFORCEMENT,463.3112,1980.4815,482.6159,463.3112,19.3046,0.21323112,0.20470187,19.3046,463.3112,0.20470187,19.3046,19.3046,19.3046,24.1308,24.1308,463.3112,0.20470187,106.1755,97.2595,376.4404,385.3563,0.16632027,0.17025955,0.00852924,16.8906,31.7385,7.4249,34.4726,25.4008,161.6676,4.6429,22.7412,13.6252,2.6176,5.1636,25.8178,51.6356,55.7647,80.8407,5.1636,-2.6254,10.799675,15.656015,3.271127,11,21,10,8,0.48228398,0.21323112,0.09952696,0E-8,0.000000,0.911483,0.000000,0.21962649,2026-03-22,2026-07-24,14,19,19,125,0.112000,1.669047,1.346376,1.607613,,,,,,,,GLOBAL_BASELINE_NO_ENTITY_RANKING,,,NOT_APPLICABLE_GLOBAL_BASELINE,HF9g-P5,,,,X 全窗基线 · 不参与实体赏罚,8394285,840,A168_HF9F_20260827_0900,2026-08-27 09:00:00
2026-07-24,145513516,2101,0,149.7431131076,-78.7442232721,-78.7442232721,0E-7,6,2,0.44837626435171386,0.197889300000,-1.2750136448062794,-0.702439619656346,-1.2750136448062794,0.25048696435171386,ELIGIBLE,R03b_20260811_FULL_v1,L1_ELIGIBILITY,v2026-08-11,2026-03-21..2026-08-06,baccarat_bet02_101_all_pairs_incl_sentinel,round_win = game_pnl > 0 (decisive only),COMPATIBILITY_ONLY_NOT_PRODUCTION,2263.3463,2063.0016,482.6159,134,65,-0.21323112,-0.09952696,-0.31915345,-0.21323112,-482.6159,2263.3463,OK,0.0000,19.3046,4.0000,96.0000,AG03-UNRESOLVED,ALL5_LEVELS_bet23_to_bet27,19.3046,19.3046,19.3046,24.1308,24.1308,4.000000,4.000000,4.000000,5.000000,5.000000,96.000000,96.000000,96.000000,95.000000,95.000000,5.0,106.1755,97.2595,376.4404,385.3563,PENDING_AG03,FALSE,NOT_FOR_ENFORCEMENT,463.3112,1980.4815,482.6159,463.3112,19.3046,0.21323112,0.20470187,19.3046,463.3112,0.20470187,19.3046,19.3046,19.3046,24.1308,24.1308,463.3112,0.20470187,106.1755,97.2595,376.4404,385.3563,0.16632027,0.17025955,0.00852924,16.8906,31.7385,7.4249,34.4726,25.4008,161.6676,4.6429,22.7412,13.6252,2.6176,5.1636,25.8178,51.6356,55.7647,80.8407,5.1636,-2.6254,10.799675,15.656015,3.271127,11,21,10,8,0.48228398,0.21323112,0.09952696,0E-8,0.000000,0.911483,0.000000,0.21962649,2026-03-22,2026-07-24,14,19,19,125,0.112000,1.669047,1.346376,1.607613,,,,,,,,GLOBAL_BASELINE_NO_ENTITY_RANKING,,,NOT_APPLICABLE_GLOBAL_BASELINE,HF9g-P5,,,,X 全窗基线 · 不参与实体赏罚,8394286,840,A168_HF9F_20260827_0900,2026-08-27 09:00:00
2026-04-24,142349479,1307,0,889.9824621103,-33.3743423291,-33.3743423291,0.5000000,7,7,0.49707555714285714,0.497075557143,0.014327030625969732,0.014327030625269827,0.014327030625969732,-1.4286E-13,ELIGIBLE,R03b_20260811_FULL_v1,L1_ELIGIBILITY,v2026-08-11,2026-03-21..2026-08-06,baccarat_bet02_101_all_pairs_incl_sentinel,round_win = game_pnl > 0 (decisive only),COMPATIBILITY_ONLY_NOT_PRODUCTION,2295.6312,1714.5250,477.7112,21,21,-0.20809578,,-0.20809578,-0.20809578,-477.7112,2295.6312,THIN_EXPOSURE,0.0000,14.3313,3.0000,97.0000,AG03-UNRESOLVED,ALL5_LEVELS_bet23_to_bet27,14.3313,14.3313,14.3313,19.1084,23.8856,3.000000,3.000000,3.000000,4.000000,5.000000,97.000000,97.000000,97.000000,96.000000,95.000000,5.0,85.9880,80.0846,391.7232,397.6266,PENDING_AG03,FALSE,NOT_FOR_ENFORCEMENT,463.3798,1663.0893,477.7112,463.3798,14.3313,0.20809578,0.20185291,14.3313,463.3798,0.20185291,14.3313,14.3313,14.3313,19.1084,23.8856,463.3798,0.20185291,85.9880,80.0846,391.7232,397.6266,0.17063854,0.17321014,0.00624287,109.3158,81.6440,22.7482,477.7112,159.2371,2295.6312,21.0000,,109.3158,73.2927,91.6158,145.931,212.0252,247.3627,261.7596,75.9103,0.0,2.699999,2.857143,1.193197,3,3,1,3,0E-8,0.20809578,,0E-8,0.000000,0.746864,0.000000,,2026-04-24,2026-04-24,1,3,3,1,1.000000,,,0.000000,,,,,,,,GLOBAL_BASELINE_NO_ENTITY_RANKING,,,NOT_APPLICABLE_GLOBAL_BASELINE,HF9g-P5,,,,X 全窗基线 · 不参与实体赏罚,8394287,840,A168_HF9F_20260827_0900,2026-08-27 09:00:00
2026-04-24,142349479,1750,0,1379.4728162711,-418.1608774180,-418.1608774180,0.4444444,13,13,0.49943251538461538,0.499432515385,-0.329928638140732,-0.32992863814303947,-0.329928638140732,-3.8462E-13,ELIGIBLE,R03b_20260811_FULL_v1,L1_ELIGIBILITY,v2026-08-11,2026-03-21..2026-08-06,baccarat_bet02_101_all_pairs_incl_sentinel,round_win = game_pnl > 0 (decisive only),COMPATIBILITY_ONLY_NOT_PRODUCTION,2295.6312,1714.5250,477.7112,21,21,-0.20809578,,-0.20809578,-0.20809578,-477.7112,2295.6312,THIN_EXPOSURE,0.0000,14.3313,3.0000,97.0000,AG03-UNRESOLVED,ALL5_LEVELS_bet23_to_bet27,14.3313,14.3313,14.3313,19.1084,23.8856,3.000000,3.000000,3.000000,4.000000,5.000000,97.000000,97.000000,97.000000,96.000000,95.000000,5.0,85.9880,80.0846,391.7232,397.6266,PENDING_AG03,FALSE,NOT_FOR_ENFORCEMENT,463.3798,1663.0893,477.7112,463.3798,14.3313,0.20809578,0.20185291,14.3313,463.3798,0.20185291,14.3313,14.3313,14.3313,19.1084,23.8856,463.3798,0.20185291,85.9880,80.0846,391.7232,397.6266,0.17063854,0.17321014,0.00624287,109.3158,81.6440,22.7482,477.7112,159.2371,2295.6312,21.0000,,109.3158,73.2927,91.6158,145.931,212.0252,247.3627,261.7596,75.9103,0.0,2.699999,2.857143,1.193197,3,3,1,3,0E-8,0.20809578,,0E-8,0.000000,0.746864,0.000000,,2026-04-24,2026-04-24,1,3,3,1,1.000000,,,0.000000,,,,,,,,GLOBAL_BASELINE_NO_ENTITY_RANKING,,,NOT_APPLICABLE_GLOBAL_BASELINE,HF9g-P5,,,,X 全窗基线 · 不参与实体赏罚,8394288,840,A168_HF9F_20260827_0900,2026-08-27 09:00:00
2026-04-24,142349479,2233,0,26.1759547680,-26.1759547680,-26.1759547680,0E-7,1,1,0.07471040000000000,0.074710400000,-0.2841526367669771,-0.2841526367669771,-0.2841526367669771,0E-17,ELIGIBLE,R03b_20260811_FULL_v1,L1_ELIGIBILITY,v2026-08-11,2026-03-21..2026-08-06,baccarat_bet02_101_all_pairs_incl_sentinel,round_win = game_pnl > 0 (decisive only),COMPATIBILITY_ONLY_NOT_PRODUCTION,2295.6312,1714.5250,477.7112,21,21,-0.20809578,,-0.20809578,-0.20809578,-477.7112,2295.6312,THIN_EXPOSURE,0.0000,14.3313,3.0000,97.0000,AG03-UNRESOLVED,ALL5_LEVELS_bet23_to_bet27,14.3313,14.3313,14.3313,19.1084,23.8856,3.000000,3.000000,3.000000,4.000000,5.000000,97.000000,97.000000,97.000000,96.000000,95.000000,5.0,85.9880,80.0846,391.7232,397.6266,PENDING_AG03,FALSE,NOT_FOR_ENFORCEMENT,463.3798,1663.0893,477.7112,463.3798,14.3313,0.20809578,0.20185291,14.3313,463.3798,0.20185291,14.3313,14.3313,14.3313,19.1084,23.8856,463.3798,0.20185291,85.9880,80.0846,391.7232,397.6266,0.17063854,0.17321014,0.00624287,109.3158,81.6440,22.7482,477.7112,159.2371,2295.6312,21.0000,,109.3158,73.2927,91.6158,145.931,212.0252,247.3627,261.7596,75.9103,0.0,2.699999,2.857143,1.193197,3,3,1,3,0E-8,0.20809578,,0E-8,0.000000,0.746864,0.000000,,2026-04-24,2026-04-24,1,3,3,1,1.000000,,,0.000000,,,,,,,,GLOBAL_BASELINE_NO_ENTITY_RANKING,,,NOT_APPLICABLE_GLOBAL_BASELINE,HF9g-P5,,,,X 全窗基线 · 不参与实体赏罚,8394289,840,A168_HF9F_20260827_0900,2026-08-27 09:00:00
2026-06-26,151022536,1490,0,21.5303793653,20.4538603970,20.4538603970,1.0000000,1,1,0.50665070000000000,0.506650700000,0.9867858985152569,0.9867858985152569,0.9867858985152569,0E-17,ELIGIBLE,R03b_20260811_FULL_v1,L1_ELIGIBILITY,v2026-08-11,2026-03-21..2026-08-06,baccarat_bet02_101_all_pairs_incl_sentinel,round_win = game_pnl > 0 (decisive only),COMPATIBILITY_ONLY_NOT_PRODUCTION,1453.5159,1302.8033,482.6896,22,22,-0.33208414,,-0.33208414,-0.33208414,-482.6896,1453.5159,THIN_EXPOSURE,0.0000,19.3076,4.0000,96.0000,AG03-UNRESOLVED,ALL5_LEVELS_bet23_to_bet27,19.3076,19.3076,19.3076,24.1345,24.1345,4.000000,4.000000,4.000000,5.000000,5.000000,96.000000,96.000000,96.000000,95.000000,95.000000,5.0,106.1917,97.2744,376.4979,385.4152,PENDING_AG03,FALSE,NOT_FOR_ENFORCEMENT,463.3820,1250.6911,482.6896,463.3820,19.3076,0.33208414,0.31880077,19.3076,463.3820,0.31880077,19.3076,19.3076,19.3076,24.1345,24.1345,463.3820,0.31880077,106.1917,97.2744,376.4979,385.4152,0.25902563,0.26516063,0.01328337,66.0689,59.2183,21.9404,482.6896,80.4483,1453.5159,22.0000,,66.0689,21.5304,60.931,86.1215,121.6466,180.8551,258.3646,50.1658,5.1135,2.968197,4.240283,1.084324,6,7,1,2,0E-8,0.33208414,,0E-8,0.000000,0.896312,0.000000,,2026-06-26,2026-06-26,1,6,6,1,1.000000,,,0.000000,,,,,,,,GLOBAL_BASELINE_NO_ENTITY_RANKING,,,NOT_APPLICABLE_GLOBAL_BASELINE,HF9g-P5,,,,X 全窗基线 · 不参与实体赏罚,8394290,840,A168_HF9F_20260827_0900,2026-08-27 09:00:00
2026-06-26,151022536,1507,0,495.4140291952,-267.3857813376,-267.3857813376,0.6250000,8,8,0.49827245000000000,0.498272450000,0.7168835587341966,0.7168835587341966,0.7168835587341966,0E-17,ELIGIBLE,R03b_20260811_FULL_v1,L1_ELIGIBILITY,v2026-08-11,2026-03-21..2026-08-06,baccarat_bet02_101_all_pairs_incl_sentinel,round_win = game_pnl > 0 (decisive only),COMPATIBILITY_ONLY_NOT_PRODUCTION,1453.5159,1302.8033,482.6896,22,22,-0.33208414,,-0.33208414,-0.33208414,-482.6896,1453.5159,THIN_EXPOSURE,0.0000,19.3076,4.0000,96.0000,AG03-UNRESOLVED,ALL5_LEVELS_bet23_to_bet27,19.3076,19.3076,19.3076,24.1345,24.1345,4.000000,4.000000,4.000000,5.000000,5.000000,96.000000,96.000000,96.000000,95.000000,95.000000,5.0,106.1917,97.2744,376.4979,385.4152,PENDING_AG03,FALSE,NOT_FOR_ENFORCEMENT,463.3820,1250.6911,482.6896,463.3820,19.3076,0.33208414,0.31880077,19.3076,463.3820,0.31880077,19.3076,19.3076,19.3076,24.1345,24.1345,463.3820,0.31880077,106.1917,97.2744,376.4979,385.4152,0.25902563,0.26516063,0.01328337,66.0689,59.2183,21.9404,482.6896,80.4483,1453.5159,22.0000,,66.0689,21.5304,60.931,86.1215,121.6466,180.8551,258.3646,50.1658,5.1135,2.968197,4.240283,1.084324,6,7,1,2,0E-8,0.33208414,,0E-8,0.000000,0.896312,0.000000,,2026-06-26,2026-06-26,1,6,6,1,1.000000,,,0.000000,,,,,,,,GLOBAL_BASELINE_NO_ENTITY_RANKING,,,NOT_APPLICABLE_GLOBAL_BASELINE,HF9g-P5,,,,X 全窗基线 · 不参与实体赏罚,8394291,840,A168_HF9F_20260827_0900,2026-08-27 09:00:00
2026-06-26,151022536,2141,0,204.5386039702,-204.5386039702,-204.5386039702,0E-7,2,2,0.49994810000000000,0.499948100000,-1.4140667746232096,-1.4140667746232096,-1.4140667746232096,0E-17,ELIGIBLE,R03b_20260811_FULL_v1,L1_ELIGIBILITY,v2026-08-11,2026-03-21..2026-08-06,baccarat_bet02_101_all_pairs_incl_sentinel,round_win = game_pnl > 0 (decisive only),COMPATIBILITY_ONLY_NOT_PRODUCTION,1453.5159,1302.8033,482.6896,22,22,-0.33208414,,-0.33208414,-0.33208414,-482.6896,1453.5159,THIN_EXPOSURE,0.0000,19.3076,4.0000,96.0000,AG03-UNRESOLVED,ALL5_LEVELS_bet23_to_bet27,19.3076,19.3076,19.3076,24.1345,24.1345,4.000000,4.000000,4.000000,5.000000,5.000000,96.000000,96.000000,96.000000,95.000000,95.000000,5.0,106.1917,97.2744,376.4979,385.4152,PENDING_AG03,FALSE,NOT_FOR_ENFORCEMENT,463.3820,1250.6911,482.6896,463.3820,19.3076,0.33208414,0.31880077,19.3076,463.3820,0.31880077,19.3076,19.3076,19.3076,24.1345,24.1345,463.3820,0.31880077,106.1917,97.2744,376.4979,385.4152,0.25902563,0.26516063,0.01328337,66.0689,59.2183,21.9404,482.6896,80.4483,1453.5159,22.0000,,66.0689,21.5304,60.931,86.1215,121.6466,180.8551,258.3646,50.1658,5.1135,2.968197,4.240283,1.084324,6,7,1,2,0E-8,0.33208414,,0E-8,0.000000,0.896312,0.000000,,2026-06-26,2026-06-26,1,6,6,1,1.000000,,,0.000000,,,,,,,,GLOBAL_BASELINE_NO_ENTITY_RANKING,,,NOT_APPLICABLE_GLOBAL_BASELINE,HF9g-P5,,,,X 全窗基线 · 不参与实体赏罚,8394292,840,A168_HF9F_20260827_0900,2026-08-27 09:00:00
2026-06-26,151022536,2177,0,366.0164492099,142.1005038108,142.1005038108,0.6666667,6,6,0.50218230000000000,0.502182300000,0.8058132132962729,0.8058132132962729,0.8058132132962729,0E-17,ELIGIBLE,R03b_20260811_FULL_v1,L1_ELIGIBILITY,v2026-08-11,2026-03-21..2026-08-06,baccarat_bet02_101_all_pairs_incl_sentinel,round_win = game_pnl > 0 (decisive only),COMPATIBILITY_ONLY_NOT_PRODUCTION,1453.5159,1302.8033,482.6896,22,22,-0.33208414,,-0.33208414,-0.33208414,-482.6896,1453.5159,THIN_EXPOSURE,0.0000,19.3076,4.0000,96.0000,AG03-UNRESOLVED,ALL5_LEVELS_bet23_to_bet27,19.3076,19.3076,19.3076,24.1345,24.1345,4.000000,4.000000,4.000000,5.000000,5.000000,96.000000,96.000000,96.000000,95.000000,95.000000,5.0,106.1917,97.2744,376.4979,385.4152,PENDING_AG03,FALSE,NOT_FOR_ENFORCEMENT,463.3820,1250.6911,482.6896,463.3820,19.3076,0.33208414,0.31880077,19.3076,463.3820,0.31880077,19.3076,19.3076,19.3076,24.1345,24.1345,463.3820,0.31880077,106.1917,97.2744,376.4979,385.4152,0.25902563,0.26516063,0.01328337,66.0689,59.2183,21.9404,482.6896,80.4483,1453.5159,22.0000,,66.0689,21.5304,60.931,86.1215,121.6466,180.8551,258.3646,50.1658,5.1135,2.968197,4.240283,1.084324,6,7,1,2,0E-8,0.33208414,,0E-8,0.000000,0.896312,0.000000,,2026-06-26,2026-06-26,1,6,6,1,1.000000,,,0.000000,,,,,,,,GLOBAL_BASELINE_NO_ENTITY_RANKING,,,NOT_APPLICABLE_GLOBAL_BASELINE,HF9g-P5,,,,X 全窗基线 · 不参与实体赏罚,8394293,840,A168_HF9F_20260827_0900,2026-08-27 09:00:00
2026-06-26,151022536,2201,0,21.5303793653,20.4538603970,20.4538603970,1.0000000,1,1,0.50665070000000000,0.506650700000,0.9867858985152569,0.9867858985152569,0.9867858985152569,0E-17,ELIGIBLE,R03b_20260811_FULL_v1,L1_ELIGIBILITY,v2026-08-11,2026-03-21..2026-08-06,baccarat_bet02_101_all_pairs_incl_sentinel,round_win = game_pnl > 0 (decisive only),COMPATIBILITY_ONLY_NOT_PRODUCTION,1453.5159,1302.8033,482.6896,22,22,-0.33208414,,-0.33208414,-0.33208414,-482.6896,1453.5159,THIN_EXPOSURE,0.0000,19.3076,4.0000,96.0000,AG03-UNRESOLVED,ALL5_LEVELS_bet23_to_bet27,19.3076,19.3076,19.3076,24.1345,24.1345,4.000000,4.000000,4.000000,5.000000,5.000000,96.000000,96.000000,96.000000,95.000000,95.000000,5.0,106.1917,97.2744,376.4979,385.4152,PENDING_AG03,FALSE,NOT_FOR_ENFORCEMENT,463.3820,1250.6911,482.6896,463.3820,19.3076,0.33208414,0.31880077,19.3076,463.3820,0.31880077,19.3076,19.3076,19.3076,24.1345,24.1345,463.3820,0.31880077,106.1917,97.2744,376.4979,385.4152,0.25902563,0.26516063,0.01328337,66.0689,59.2183,21.9404,482.6896,80.4483,1453.5159,22.0000,,66.0689,21.5304,60.931,86.1215,121.6466,180.8551,258.3646,50.1658,5.1135,2.968197,4.240283,1.084324,6,7,1,2,0E-8,0.33208414,,0E-8,0.000000,0.896312,0.000000,,2026-06-26,2026-06-26,1,6,6,1,1.000000,,,0.000000,,,,,,,,GLOBAL_BASELINE_NO_ENTITY_RANKING,,,NOT_APPLICABLE_GLOBAL_BASELINE,HF9g-P5,,,,X 全窗基线 · 不参与实体赏罚,8394294,840,A168_HF9F_20260827_0900,2026-08-27 09:00:00
2026-06-26,151022536,2229,0,301.4253111140,-193.7734142876,-193.7734142876,0E-7,3,3,0.49324550000000000,0.493245500000,-1.3952362676504506,-1.3952362676504506,-1.3952362676504506,0E-17,ELIGIBLE,R03b_20260811_FULL_v1,L1_ELIGIBILITY,v2026-08-11,2026-03-21..2026-08-06,baccarat_bet02_101_all_pairs_incl_sentinel,round_win = game_pnl > 0 (decisive only),COMPATIBILITY_ONLY_NOT_PRODUCTION,1453.5159,1302.8033,482.6896,22,22,-0.33208414,,-0.33208414,-0.33208414,-482.6896,1453.5159,THIN_EXPOSURE,0.0000,19.3076,4.0000,96.0000,AG03-UNRESOLVED,ALL5_LEVELS_bet23_to_bet27,19.3076,19.3076,19.3076,24.1345,24.1345,4.000000,4.000000,4.000000,5.000000,5.000000,96.000000,96.000000,96.000000,95.000000,95.000000,5.0,106.1917,97.2744,376.4979,385.4152,PENDING_AG03,FALSE,NOT_FOR_ENFORCEMENT,463.3820,1250.6911,482.6896,463.3820,19.3076,0.33208414,0.31880077,19.3076,463.3820,0.31880077,19.3076,19.3076,19.3076,24.1345,24.1345,463.3820,0.31880077,106.1917,97.2744,376.4979,385.4152,0.25902563,0.26516063,0.01328337,66.0689,59.2183,21.9404,482.6896,80.4483,1453.5159,22.0000,,66.0689,21.5304,60.931,86.1215,121.6466,180.8551,258.3646,50.1658,5.1135,2.968197,4.240283,1.084324,6,7,1,2,0E-8,0.33208414,,0E-8,0.000000,0.896312,0.000000,,2026-06-26,2026-06-26,1,6,6,1,1.000000,,,0.000000,,,,,,,,GLOBAL_BASELINE_NO_ENTITY_RANKING,,,NOT_APPLICABLE_GLOBAL_BASELINE,HF9g-P5,,,,X 全窗基线 · 不参与实体赏罚,8394295,840,A168_HF9F_20260827_0900,2026-08-27 09:00:00
2026-06-26,151022536,2280,0,43.0607587306,0E-10,0E-10,,1,1,0.50665070000000000,0.506650700000,,,,0E-17,NO_DECISIVE_ROUND,R03b_20260811_FULL_v1,L1_ELIGIBILITY,v2026-08-11,2026-03-21..2026-08-06,baccarat_bet02_101_all_pairs_incl_sentinel,round_win = game_pnl > 0 (decisive only),COMPATIBILITY_ONLY_NOT_PRODUCTION,1453.5159,1302.8033,482.6896,22,22,-0.33208414,,-0.33208414,-0.33208414,-482.6896,1453.5159,THIN_EXPOSURE,0.0000,19.3076,4.0000,96.0000,AG03-UNRESOLVED,ALL5_LEVELS_bet23_to_bet27,19.3076,19.3076,19.3076,24.1345,24.1345,4.000000,4.000000,4.000000,5.000000,5.000000,96.000000,96.000000,96.000000,95.000000,95.000000,5.0,106.1917,97.2744,376.4979,385.4152,PENDING_AG03,FALSE,NOT_FOR_ENFORCEMENT,463.3820,1250.6911,482.6896,463.3820,19.3076,0.33208414,0.31880077,19.3076,463.3820,0.31880077,19.3076,19.3076,19.3076,24.1345,24.1345,463.3820,0.31880077,106.1917,97.2744,376.4979,385.4152,0.25902563,0.26516063,0.01328337,66.0689,59.2183,21.9404,482.6896,80.4483,1453.5159,22.0000,,66.0689,21.5304,60.931,86.1215,121.6466,180.8551,258.3646,50.1658,5.1135,2.968197,4.240283,1.084324,6,7,1,2,0E-8,0.33208414,,0E-8,0.000000,0.896312,0.000000,,2026-06-26,2026-06-26,1,6,6,1,1.000000,,,0.000000,,,,,,,,GLOBAL_BASELINE_NO_ENTITY_RANKING,,,NOT_APPLICABLE_GLOBAL_BASELINE,HF9g-P5,,,,X 全窗基线 · 不参与实体赏罚,8394296,840,A168_HF9F_20260827_0900,2026-08-27 09:00:00
2026-06-09,151204283,-1,1,623.1435515028,0E-10,0E-10,0.5000000,4,4,0.49324550000000000,0.493245500000,0.027020465636507562,0.027020465636507562,0.027020465636507562,0E-17,SENTINEL_DEALER,R03b_20260811_FULL_v1,L1_ELIGIBILITY,v2026-08-11,2026-03-21..2026-08-06,baccarat_bet02_101_all_pairs_incl_sentinel,round_win = game_pnl > 0 (decisive only),COMPATIBILITY_ONLY_NOT_PRODUCTION,3385.7466,3385.7466,477.7434,22,22,-0.14110429,,-0.14110429,-0.14110429,-477.7434,3385.7466,THIN_EXPOSURE,0.0000,14.3323,3.0000,97.0000,AG03-UNRESOLVED,ALL5_LEVELS_bet23_to_bet27,14.3323,14.3323,14.3323,0.0000,0.0000,3.000000,3.000000,3.000000,0.000000,0.000000,97.000000,97.000000,97.000000,100.000000,100.000000,5.0,42.9969,41.7199,434.7465,436.0235,PENDING_AG03,FALSE,NOT_FOR_ENFORCEMENT,463.4111,3284.1742,477.7434,463.4111,14.3323,0.14110429,0.13687117,14.3323,463.4111,0.13687117,14.3323,14.3323,14.3323,0.0000,0.0000,463.4111,0.13687117,42.9969,41.7199,434.7465,436.0235,0.12840491,0.12878208,0.00423313,153.8976,153.8976,21.7156,477.7434,34.1245,3385.7466,22.0000,,153.8976,103.8573,155.7859,207.7145,207.7145,207.7145,207.7145,155.7859,-103.8573,1.333333,1.333333,0.987879,11,9,1,1,0E-8,0.14110429,,0E-8,0.000000,1.000000,0.000000,,2026-06-09,2026-06-09,1,14,11,1,1.000000,,,0.000000,,,,,,,,GLOBAL_BASELINE_NO_ENTITY_RANKING,,,NOT_APPLICABLE_GLOBAL_BASELINE,HF9g-P5,,,,X 全窗基线 · 不参与实体赏罚,8394297,840,A168_HF9F_20260827_0900,2026-08-27 09:00:00
2026-06-09,151204283,1109,0,415.4290343352,-415.4290343352,-415.4290343352,0E-7,2,2,0.49324550000000000,0.493245500000,-1.3952362676504506,-1.3952362676504506,-1.3952362676504506,0E-17,ELIGIBLE,R03b_20260811_FULL_v1,L1_ELIGIBILITY,v2026-08-11,2026-03-21..2026-08-06,baccarat_bet02_101_all_pairs_incl_sentinel,round_win = game_pnl > 0 (decisive only),COMPATIBILITY_ONLY_NOT_PRODUCTION,3385.7466,3385.7466,477.7434,22,22,-0.14110429,,-0.14110429,-0.14110429,-477.7434,3385.7466,THIN_EXPOSURE,0.0000,14.3323,3.0000,97.0000,AG03-UNRESOLVED,ALL5_LEVELS_bet23_to_bet27,14.3323,14.3323,14.3323,0.0000,0.0000,3.000000,3.000000,3.000000,0.000000,0.000000,97.000000,97.000000,97.000000,100.000000,100.000000,5.0,42.9969,41.7199,434.7465,436.0235,PENDING_AG03,FALSE,NOT_FOR_ENFORCEMENT,463.4111,3284.1742,477.7434,463.4111,14.3323,0.14110429,0.13687117,14.3323,463.4111,0.13687117,14.3323,14.3323,14.3323,0.0000,0.0000,463.4111,0.13687117,42.9969,41.7199,434.7465,436.0235,0.12840491,0.12878208,0.00423313,153.8976,153.8976,21.7156,477.7434,34.1245,3385.7466,22.0000,,153.8976,103.8573,155.7859,207.7145,207.7145,207.7145,207.7145,155.7859,-103.8573,1.333333,1.333333,0.987879,11,9,1,1,0E-8,0.14110429,,0E-8,0.000000,1.000000,0.000000,,2026-06-09,2026-06-09,1,14,11,1,1.000000,,,0.000000,,,,,,,,GLOBAL_BASELINE_NO_ENTITY_RANKING,,,NOT_APPLICABLE_GLOBAL_BASELINE,HF9g-P5,,,,X 全窗基线 · 不参与实体赏罚,8394298,840,A168_HF9F_20260827_0900,2026-08-27 09:00:00
2026-06-09,151204283,1318,0,311.5717757514,103.8572585838,103.8572585838,0.6666667,3,3,0.49324550000000000,0.493245500000,0.6008033672792107,0.6008033672792106,0.6008033672792107,0E-17,ELIGIBLE,R03b_20260811_FULL_v1,L1_ELIGIBILITY,v2026-08-11,2026-03-21..2026-08-06,baccarat_bet02_101_all_pairs_incl_sentinel,round_win = game_pnl > 0 (decisive only),COMPATIBILITY_ONLY_NOT_PRODUCTION,3385.7466,3385.7466,477.7434,22,22,-0.14110429,,-0.14110429,-0.14110429,-477.7434,3385.7466,THIN_EXPOSURE,0.0000,14.3323,3.0000,97.0000,AG03-UNRESOLVED,ALL5_LEVELS_bet23_to_bet27,14.3323,14.3323,14.3323,0.0000,0.0000,3.000000,3.000000,3.000000,0.000000,0.000000,97.000000,97.000000,97.000000,100.000000,100.000000,5.0,42.9969,41.7199,434.7465,436.0235,PENDING_AG03,FALSE,NOT_FOR_ENFORCEMENT,463.4111,3284.1742,477.7434,463.4111,14.3323,0.14110429,0.13687117,14.3323,463.4111,0.13687117,14.3323,14.3323,14.3323,0.0000,0.0000,463.4111,0.13687117,42.9969,41.7199,434.7465,436.0235,0.12840491,0.12878208,0.00423313,153.8976,153.8976,21.7156,477.7434,34.1245,3385.7466,22.0000,,153.8976,103.8573,155.7859,207.7145,207.7145,207.7145,207.7145,155.7859,-103.8573,1.333333,1.333333,0.987879,11,9,1,1,0E-8,0.14110429,,0E-8,0.000000,1.000000,0.000000,,2026-06-09,2026-06-09,1,14,11,1,1.000000,,,0.000000,,,,,,,,GLOBAL_BASELINE_NO_ENTITY_RANKING,,,NOT_APPLICABLE_GLOBAL_BASELINE,HF9g-P5,,,,X 全窗基线 · 不参与实体赏罚,8394299,840,A168_HF9F_20260827_0900,2026-08-27 09:00:00
2026-06-09,151204283,1363,0,62.3143551503,-62.3143551503,-62.3143551503,0E-7,1,1,0.49324550000000000,0.493245500000,-0.9865810262130424,-0.9865810262130424,-0.9865810262130424,0E-17,ELIGIBLE,R03b_20260811_FULL_v1,L1_ELIGIBILITY,v2026-08-11,2026-03-21..2026-08-06,baccarat_bet02_101_all_pairs_incl_sentinel,round_win = game_pnl > 0 (decisive only),COMPATIBILITY_ONLY_NOT_PRODUCTION,3385.7466,3385.7466,477.7434,22,22,-0.14110429,,-0.14110429,-0.14110429,-477.7434,3385.7466,THIN_EXPOSURE,0.0000,14.3323,3.0000,97.0000,AG03-UNRESOLVED,ALL5_LEVELS_bet23_to_bet27,14.3323,14.3323,14.3323,0.0000,0.0000,3.000000,3.000000,3.000000,0.000000,0.000000,97.000000,97.000000,97.000000,100.000000,100.000000,5.0,42.9969,41.7199,434.7465,436.0235,PENDING_AG03,FALSE,NOT_FOR_ENFORCEMENT,463.4111,3284.1742,477.7434,463.4111,14.3323,0.14110429,0.13687117,14.3323,463.4111,0.13687117,14.3323,14.3323,14.3323,0.0000,0.0000,463.4111,0.13687117,42.9969,41.7199,434.7465,436.0235,0.12840491,0.12878208,0.00423313,153.8976,153.8976,21.7156,477.7434,34.1245,3385.7466,22.0000,,153.8976,103.8573,155.7859,207.7145,207.7145,207.7145,207.7145,155.7859,-103.8573,1.333333,1.333333,0.987879,11,9,1,1,0E-8,0.14110429,,0E-8,0.000000,1.000000,0.000000,,2026-06-09,2026-06-09,1,14,11,1,1.000000,,,0.000000,,,,,,,,GLOBAL_BASELINE_NO_ENTITY_RANKING,,,NOT_APPLICABLE_GLOBAL_BASELINE,HF9g-P5,,,,X 全窗基线 · 不参与实体赏罚,8394300,840,A168_HF9F_20260827_0900,2026-08-27 09:00:00
2026-06-09,151204283,1957,0,207.7145171676,-207.7145171676,-207.7145171676,0E-7,1,1,0.49324550000000000,0.493245500000,-0.9865810262130424,-0.9865810262130424,-0.9865810262130424,0E-17,ELIGIBLE,R03b_20260811_FULL_v1,L1_ELIGIBILITY,v2026-08-11,2026-03-21..2026-08-06,baccarat_bet02_101_all_pairs_incl_sentinel,round_win = game_pnl > 0 (decisive only),COMPATIBILITY_ONLY_NOT_PRODUCTION,3385.7466,3385.7466,477.7434,22,22,-0.14110429,,-0.14110429,-0.14110429,-477.7434,3385.7466,THIN_EXPOSURE,0.0000,14.3323,3.0000,97.0000,AG03-UNRESOLVED,ALL5_LEVELS_bet23_to_bet27,14.3323,14.3323,14.3323,0.0000,0.0000,3.000000,3.000000,3.000000,0.000000,0.000000,97.000000,97.000000,97.000000,100.000000,100.000000,5.0,42.9969,41.7199,434.7465,436.0235,PENDING_AG03,FALSE,NOT_FOR_ENFORCEMENT,463.4111,3284.1742,477.7434,463.4111,14.3323,0.14110429,0.13687117,14.3323,463.4111,0.13687117,14.3323,14.3323,14.3323,0.0000,0.0000,463.4111,0.13687117,42.9969,41.7199,434.7465,436.0235,0.12840491,0.12878208,0.00423313,153.8976,153.8976,21.7156,477.7434,34.1245,3385.7466,22.0000,,153.8976,103.8573,155.7859,207.7145,207.7145,207.7145,207.7145,155.7859,-103.8573,1.333333,1.333333,0.987879,11,9,1,1,0E-8,0.14110429,,0E-8,0.000000,1.000000,0.000000,,2026-06-09,2026-06-09,1,14,11,1,1.000000,,,0.000000,,,,,,,,GLOBAL_BASELINE_NO_ENTITY_RANKING,,,NOT_APPLICABLE_GLOBAL_BASELINE,HF9g-P5,,,,X 全窗基线 · 不参与实体赏罚,8394301,840,A168_HF9F_20260827_0900,2026-08-27 09:00:00
2026-06-09,151204283,2103,0,311.5717757514,103.8572585838,103.8572585838,0.5000000,2,2,0.49324550000000000,0.493245500000,0.01910635448239258,0.01910635448239258,0.01910635448239258,0E-17,ELIGIBLE,R03b_20260811_FULL_v1,L1_ELIGIBILITY,v2026-08-11,2026-03-21..2026-08-06,baccarat_bet02_101_all_pairs_incl_sentinel,round_win = game_pnl > 0 (decisive only),COMPATIBILITY_ONLY_NOT_PRODUCTION,3385.7466,3385.7466,477.7434,22,22,-0.14110429,,-0.14110429,-0.14110429,-477.7434,3385.7466,THIN_EXPOSURE,0.0000,14.3323,3.0000,97.0000,AG03-UNRESOLVED,ALL5_LEVELS_bet23_to_bet27,14.3323,14.3323,14.3323,0.0000,0.0000,3.000000,3.000000,3.000000,0.000000,0.000000,97.000000,97.000000,97.000000,100.000000,100.000000,5.0,42.9969,41.7199,434.7465,436.0235,PENDING_AG03,FALSE,NOT_FOR_ENFORCEMENT,463.4111,3284.1742,477.7434,463.4111,14.3323,0.14110429,0.13687117,14.3323,463.4111,0.13687117,14.3323,14.3323,14.3323,0.0000,0.0000,463.4111,0.13687117,42.9969,41.7199,434.7465,436.0235,0.12840491,0.12878208,0.00423313,153.8976,153.8976,21.7156,477.7434,34.1245,3385.7466,22.0000,,153.8976,103.8573,155.7859,207.7145,207.7145,207.7145,207.7145,155.7859,-103.8573,1.333333,1.333333,0.987879,11,9,1,1,0E-8,0.14110429,,0E-8,0.000000,1.000000,0.000000,,2026-06-09,2026-06-09,1,14,11,1,1.000000,,,0.000000,,,,,,,,GLOBAL_BASELINE_NO_ENTITY_RANKING,,,NOT_APPLICABLE_GLOBAL_BASELINE,HF9g-P5,,,,X 全窗基线 · 不参与实体赏罚,8394302,840,A168_HF9F_20260827_0900,2026-08-27 09:00:00
2026-06-09,151204283,2130,0,103.8572585838,-103.8572585838,-103.8572585838,0E-7,1,1,0.49324550000000000,0.493245500000,-0.9865810262130424,-0.9865810262130424,-0.9865810262130424,0E-17,ELIGIBLE,R03b_20260811_FULL_v1,L1_ELIGIBILITY,v2026-08-11,2026-03-21..2026-08-06,baccarat_bet02_101_all_pairs_incl_sentinel,round_win = game_pnl > 0 (decisive only),COMPATIBILITY_ONLY_NOT_PRODUCTION,3385.7466,3385.7466,477.7434,22,22,-0.14110429,,-0.14110429,-0.14110429,-477.7434,3385.7466,THIN_EXPOSURE,0.0000,14.3323,3.0000,97.0000,AG03-UNRESOLVED,ALL5_LEVELS_bet23_to_bet27,14.3323,14.3323,14.3323,0.0000,0.0000,3.000000,3.000000,3.000000,0.000000,0.000000,97.000000,97.000000,97.000000,100.000000,100.000000,5.0,42.9969,41.7199,434.7465,436.0235,PENDING_AG03,FALSE,NOT_FOR_ENFORCEMENT,463.4111,3284.1742,477.7434,463.4111,14.3323,0.14110429,0.13687117,14.3323,463.4111,0.13687117,14.3323,14.3323,14.3323,0.0000,0.0000,463.4111,0.13687117,42.9969,41.7199,434.7465,436.0235,0.12840491,0.12878208,0.00423313,153.8976,153.8976,21.7156,477.7434,34.1245,3385.7466,22.0000,,153.8976,103.8573,155.7859,207.7145,207.7145,207.7145,207.7145,155.7859,-103.8573,1.333333,1.333333,0.987879,11,9,1,1,0E-8,0.14110429,,0E-8,0.000000,1.000000,0.000000,,2026-06-09,2026-06-09,1,14,11,1,1.000000,,,0.000000,,,,,,,,GLOBAL_BASELINE_NO_ENTITY_RANKING,,,NOT_APPLICABLE_GLOBAL_BASELINE,HF9g-P5,,,,X 全窗基线 · 不参与实体赏罚,8394303,840,A168_HF9F_20260827_0900,2026-08-27 09:00:00
2026-06-09,151204283,2171,0,727.0008100866,311.5717757514,311.5717757514,0.6000000,5,5,0.49324550000000000,0.493245500000,0.47746420675292983,0.47746420675292983,0.47746420675292983,0E-17,ELIGIBLE,R03b_20260811_FULL_v1,L1_ELIGIBILITY,v2026-08-11,2026-03-21..2026-08-06,baccarat_bet02_101_all_pairs_incl_sentinel,round_win = game_pnl > 0 (decisive only),COMPATIBILITY_ONLY_NOT_PRODUCTION,3385.7466,3385.7466,477.7434,22,22,-0.14110429,,-0.14110429,-0.14110429,-477.7434,3385.7466,THIN_EXPOSURE,0.0000,14.3323,3.0000,97.0000,AG03-UNRESOLVED,ALL5_LEVELS_bet23_to_bet27,14.3323,14.3323,14.3323,0.0000,0.0000,3.000000,3.000000,3.000000,0.000000,0.000000,97.000000,97.000000,97.000000,100.000000,100.000000,5.0,42.9969,41.7199,434.7465,436.0235,PENDING_AG03,FALSE,NOT_FOR_ENFORCEMENT,463.4111,3284.1742,477.7434,463.4111,14.3323,0.14110429,0.13687117,14.3323,463.4111,0.13687117,14.3323,14.3323,14.3323,0.0000,0.0000,463.4111,0.13687117,42.9969,41.7199,434.7465,436.0235,0.12840491,0.12878208,0.00423313,153.8976,153.8976,21.7156,477.7434,34.1245,3385.7466,22.0000,,153.8976,103.8573,155.7859,207.7145,207.7145,207.7145,207.7145,155.7859,-103.8573,1.333333,1.333333,0.987879,11,9,1,1,0E-8,0.14110429,,0E-8,0.000000,1.000000,0.000000,,2026-06-09,2026-06-09,1,14,11,1,1.000000,,,0.000000,,,,,,,,GLOBAL_BASELINE_NO_ENTITY_RANKING,,,NOT_APPLICABLE_GLOBAL_BASELINE,HF9g-P5,,,,X 全窗基线 · 不参与实体赏罚,8394304,840,A168_HF9F_20260827_0900,2026-08-27 09:00:00
2026-06-09,151204283,2234,0,623.1435515028,-207.7145171676,-207.7145171676,0.3333333,3,3,0.49324550000000000,0.493245500000,-0.5540025479526107,-0.5540025479526106,-0.5540025479526107,0E-17,ELIGIBLE,R03b_20260811_FULL_v1,L1_ELIGIBILITY,v2026-08-11,2026-03-21..2026-08-06,baccarat_bet02_101_all_pairs_incl_sentinel,round_win = game_pnl > 0 (decisive only),COMPATIBILITY_ONLY_NOT_PRODUCTION,3385.7466,3385.7466,477.7434,22,22,-0.14110429,,-0.14110429,-0.14110429,-477.7434,3385.7466,THIN_EXPOSURE,0.0000,14.3323,3.0000,97.0000,AG03-UNRESOLVED,ALL5_LEVELS_bet23_to_bet27,14.3323,14.3323,14.3323,0.0000,0.0000,3.000000,3.000000,3.000000,0.000000,0.000000,97.000000,97.000000,97.000000,100.000000,100.000000,5.0,42.9969,41.7199,434.7465,436.0235,PENDING_AG03,FALSE,NOT_FOR_ENFORCEMENT,463.4111,3284.1742,477.7434,463.4111,14.3323,0.14110429,0.13687117,14.3323,463.4111,0.13687117,14.3323,14.3323,14.3323,0.0000,0.0000,463.4111,0.13687117,42.9969,41.7199,434.7465,436.0235,0.12840491,0.12878208,0.00423313,153.8976,153.8976,21.7156,477.7434,34.1245,3385.7466,22.0000,,153.8976,103.8573,155.7859,207.7145,207.7145,207.7145,207.7145,155.7859,-103.8573,1.333333,1.333333,0.987879,11,9,1,1,0E-8,0.14110429,,0E-8,0.000000,1.000000,0.000000,,2026-06-09,2026-06-09,1,14,11,1,1.000000,,,0.000000,,,,,,,,GLOBAL_BASELINE_NO_ENTITY_RANKING,,,NOT_APPLICABLE_GLOBAL_BASELINE,HF9g-P5,,,,X 全窗基线 · 不参与实体赏罚,8394305,840,A168_HF9F_20260827_0900,2026-08-27 09:00:00
2026-07-15,153049910,1210,0,43.8562829607,-43.8562829607,-43.8562829607,0E-7,1,1,0.50665070000000000,0.506650700000,-1.013391052207602,-1.013391052207602,-1.013391052207602,0E-17,ELIGIBLE,R03b_20260811_FULL_v1,L1_ELIGIBILITY,v2026-08-11,2026-03-21..2026-08-06,baccarat_bet02_101_all_pairs_incl_sentinel,round_win = game_pnl > 0 (decisive only),COMPATIBILITY_ONLY_NOT_PRODUCTION,482.7261,482.7261,482.7261,4,4,-1.00000000,-1.00000000,,-1.00000000,-482.7261,482.7261,THIN_EXPOSURE,0.0000,19.3090,4.0000,96.0000,AG03-UNRESOLVED,ALL5_LEVELS_bet23_to_bet27,19.3090,19.3090,19.3090,19.3090,19.3090,4.000000,4.000000,4.000000,4.000000,4.000000,96.000000,96.000000,96.000000,96.000000,96.000000,5.0,96.5452,89.1244,386.1809,393.6017,PENDING_AG03,FALSE,NOT_FOR_ENFORCEMENT,463.4171,463.4171,482.7261,463.4171,19.3090,1.00000000,0.96000000,19.3090,463.4171,0.96000000,19.3090,19.3090,19.3090,19.3090,19.3090,463.4171,0.96000000,96.5452,89.1244,386.1809,393.6017,0.80000000,0.8153727,0.04000000,120.6815,120.6815,120.6815,482.7261,482.7261,482.7261,4.0000,120.6815,,65.9379,131.7224,175.4251,175.4251,175.4251,175.4251,131.7224,-131.7224,1.331779,1.331779,0.916181,1,2,1,2,1.00000000,1.00000000,1.00000000,0E-8,0.000000,1.000000,0.000000,,2026-07-15,2026-07-15,1,1,1,1,1.000000,,1.000000,3.333333,,,,,,,,GLOBAL_BASELINE_NO_ENTITY_RANKING,,,NOT_APPLICABLE_GLOBAL_BASELINE,HF9g-P5,,,,X 全窗基线 · 不参与实体赏罚,8394306,840,A168_HF9F_20260827_0900,2026-08-27 09:00:00
2026-07-15,153049910,2171,0,438.8698235882,-438.8698235882,-438.8698235882,0E-7,3,3,0.50218230000000000,0.502182300000,-1.7396270863184011,-1.7396270863184016,-1.7396270863184011,0E-17,ELIGIBLE,R03b_20260811_FULL_v1,L1_ELIGIBILITY,v2026-08-11,2026-03-21..2026-08-06,baccarat_bet02_101_all_pairs_incl_sentinel,round_win = game_pnl > 0 (decisive only),COMPATIBILITY_ONLY_NOT_PRODUCTION,482.7261,482.7261,482.7261,4,4,-1.00000000,-1.00000000,,-1.00000000,-482.7261,482.7261,THIN_EXPOSURE,0.0000,19.3090,4.0000,96.0000,AG03-UNRESOLVED,ALL5_LEVELS_bet23_to_bet27,19.3090,19.3090,19.3090,19.3090,19.3090,4.000000,4.000000,4.000000,4.000000,4.000000,96.000000,96.000000,96.000000,96.000000,96.000000,5.0,96.5452,89.1244,386.1809,393.6017,PENDING_AG03,FALSE,NOT_FOR_ENFORCEMENT,463.4171,463.4171,482.7261,463.4171,19.3090,1.00000000,0.96000000,19.3090,463.4171,0.96000000,19.3090,19.3090,19.3090,19.3090,19.3090,463.4171,0.96000000,96.5452,89.1244,386.1809,393.6017,0.80000000,0.8153727,0.04000000,120.6815,120.6815,120.6815,482.7261,482.7261,482.7261,4.0000,120.6815,,65.9379,131.7224,175.4251,175.4251,175.4251,175.4251,131.7224,-131.7224,1.331779,1.331779,0.916181,1,2,1,2,1.00000000,1.00000000,1.00000000,0E-8,0.000000,1.000000,0.000000,,2026-07-15,2026-07-15,1,1,1,1,1.000000,,1.000000,3.333333,,,,,,,,GLOBAL_BASELINE_NO_ENTITY_RANKING,,,NOT_APPLICABLE_GLOBAL_BASELINE,HF9g-P5,,,,X 全窗基线 · 不参与实体赏罚,8394307,840,A168_HF9F_20260827_0900,2026-08-27 09:00:00
2026-06-17,137626427,-1,1,62.3143551503,-62.3143551503,-62.3143551503,0E-7,2,1,0.46534155333301988,0.283965900000,-0.9329270842099749,-0.6297471965178028,-0.9329270842099749,0.18137565333301988,SENTINEL_DEALER,R03b_20260811_FULL_v1,L1_ELIGIBILITY,v2026-08-11,2026-03-21..2026-08-06,baccarat_bet02_101_all_pairs_incl_sentinel,round_win = game_pnl > 0 (decisive only),COMPATIBILITY_ONLY_NOT_PRODUCTION,6387.2214,6254.2841,482.7285,330,89,-0.07557724,,-0.07557724,-0.07557724,-482.7285,6387.2214,OK,0.0000,19.3091,4.0000,96.0000,AG03-UNRESOLVED,ALL5_LEVELS_bet23_to_bet27,19.3091,19.3091,19.3091,28.9637,28.9637,4.000000,4.000000,4.000000,6.000000,6.000000,96.000000,96.000000,96.000000,94.000000,94.000000,5.0,115.8548,105.3542,366.8737,377.3744,PENDING_AG03,FALSE,NOT_FOR_ENFORCEMENT,463.4194,6004.1127,482.7285,463.4194,19.3091,0.07557724,0.07255415,19.3091,463.4194,0.07255415,19.3091,19.3091,19.3091,28.9637,28.9637,463.4194,0.07255415,115.8548,105.3542,366.8737,377.3744,0.05743870,0.05908271,0.00302309,19.3552,70.2729,5.4239,241.3643,26.8183,3193.6107,44.5000,,19.3552,4.1543,4.1543,12.4629,64.3915,91.3944,168.6643,4.1543,-4.1543,22.0,40.600037,4.659091,13,14,3,8,0E-8,0.07557724,,0E-8,0.000000,0.979187,0.000000,,2026-06-17,2026-06-19,2,18,16,3,0.666667,,,0.000000,,,,,,,,GLOBAL_BASELINE_NO_ENTITY_RANKING,,,NOT_APPLICABLE_GLOBAL_BASELINE,HF9g-P5,,,,X 全窗基线 · 不参与实体赏罚,8394308,840,A168_HF9F_20260827_0900,2026-08-27 09:00:00
2026-06-17,137626427,1402,0,490.2062605156,-311.9872047858,-311.9872047858,0.2500000,14,4,0.43924729400839171,0.212579225000,-0.7626397500520243,0.18292747056786957,-0.7626397500520243,0.22666806900839171,ELIGIBLE,R03b_20260811_FULL_v1,L1_ELIGIBILITY,v2026-08-11,2026-03-21..2026-08-06,baccarat_bet02_101_all_pairs_incl_sentinel,round_win = game_pnl > 0 (decisive only),COMPATIBILITY_ONLY_NOT_PRODUCTION,6387.2214,6254.2841,482.7285,330,89,-0.07557724,,-0.07557724,-0.07557724,-482.7285,6387.2214,OK,0.0000,19.3091,4.0000,96.0000,AG03-UNRESOLVED,ALL5_LEVELS_bet23_to_bet27,19.3091,19.3091,19.3091,28.9637,28.9637,4.000000,4.000000,4.000000,6.000000,6.000000,96.000000,96.000000,96.000000,94.000000,94.000000,5.0,115.8548,105.3542,366.8737,377.3744,PENDING_AG03,FALSE,NOT_FOR_ENFORCEMENT,463.4194,6004.1127,482.7285,463.4194,19.3091,0.07557724,0.07255415,19.3091,463.4194,0.07255415,19.3091,19.3091,19.3091,28.9637,28.9637,463.4194,0.07255415,115.8548,105.3542,366.8737,377.3744,0.05743870,0.05908271,0.00302309,19.3552,70.2729,5.4239,241.3643,26.8183,3193.6107,44.5000,,19.3552,4.1543,4.1543,12.4629,64.3915,91.3944,168.6643,4.1543,-4.1543,22.0,40.600037,4.659091,13,14,3,8,0E-8,0.07557724,,0E-8,0.000000,0.979187,0.000000,,2026-06-17,2026-06-19,2,18,16,3,0.666667,,,0.000000,,,,,,,,GLOBAL_BASELINE_NO_ENTITY_RANKING,,,NOT_APPLICABLE_GLOBAL_BASELINE,HF9g-P5,,,,X 全窗基线 · 不参与实体赏罚,8394309,840,A168_HF9F_20260827_0900,2026-08-27 09:00:00
2026-06-17,137626427,1704,0,137.0915813308,90.5635294849,90.5635294849,0.6666667,5,3,0.48663819871783592,0.401724488889,0.623859711376273,0.9360455059128501,0.623859711376273,0.08491370982883592,ELIGIBLE,R03b_20260811_FULL_v1,L1_ELIGIBILITY,v2026-08-11,2026-03-21..2026-08-06,baccarat_bet02_101_all_pairs_incl_sentinel,round_win = game_pnl > 0 (decisive only),COMPATIBILITY_ONLY_NOT_PRODUCTION,6387.2214,6254.2841,482.7285,330,89,-0.07557724,,-0.07557724,-0.07557724,-482.7285,6387.2214,OK,0.0000,19.3091,4.0000,96.0000,AG03-UNRESOLVED,ALL5_LEVELS_bet23_to_bet27,19.3091,19.3091,19.3091,28.9637,28.9637,4.000000,4.000000,4.000000,6.000000,6.000000,96.000000,96.000000,96.000000,94.000000,94.000000,5.0,115.8548,105.3542,366.8737,377.3744,PENDING_AG03,FALSE,NOT_FOR_ENFORCEMENT,463.4194,6004.1127,482.7285,463.4194,19.3091,0.07557724,0.07255415,19.3091,463.4194,0.07255415,19.3091,19.3091,19.3091,28.9637,28.9637,463.4194,0.07255415,115.8548,105.3542,366.8737,377.3744,0.05743870,0.05908271,0.00302309,19.3552,70.2729,5.4239,241.3643,26.8183,3193.6107,44.5000,,19.3552,4.1543,4.1543,12.4629,64.3915,91.3944,168.6643,4.1543,-4.1543,22.0,40.600037,4.659091,13,14,3,8,0E-8,0.07557724,,0E-8,0.000000,0.979187,0.000000,,2026-06-17,2026-06-19,2,18,16,3,0.666667,,,0.000000,,,,,,,,GLOBAL_BASELINE_NO_ENTITY_RANKING,,,NOT_APPLICABLE_GLOBAL_BASELINE,HF9g-P5,,,,X 全窗基线 · 不参与实体赏罚,8394310,840,A168_HF9F_20260827_0900,2026-08-27 09:00:00
2026-06-17,137626427,2110,0,164.0944685626,93.8869617595,93.8869617595,0.6666667,10,3,0.41633034604978522,0.211572200000,0.8795932771631714,1.929976037650435,0.8795932771631714,0.20475814604978522,ELIGIBLE,R03b_20260811_FULL_v1,L1_ELIGIBILITY,v2026-08-11,2026-03-21..2026-08-06,baccarat_bet02_101_all_pairs_incl_sentinel,round_win = game_pnl > 0 (decisive only),COMPATIBILITY_ONLY_NOT_PRODUCTION,6387.2214,6254.2841,482.7285,330,89,-0.07557724,,-0.07557724,-0.07557724,-482.7285,6387.2214,OK,0.0000,19.3091,4.0000,96.0000,AG03-UNRESOLVED,ALL5_LEVELS_bet23_to_bet27,19.3091,19.3091,19.3091,28.9637,28.9637,4.000000,4.000000,4.000000,6.000000,6.000000,96.000000,96.000000,96.000000,94.000000,94.000000,5.0,115.8548,105.3542,366.8737,377.3744,PENDING_AG03,FALSE,NOT_FOR_ENFORCEMENT,463.4194,6004.1127,482.7285,463.4194,19.3091,0.07557724,0.07255415,19.3091,463.4194,0.07255415,19.3091,19.3091,19.3091,28.9637,28.9637,463.4194,0.07255415,115.8548,105.3542,366.8737,377.3744,0.05743870,0.05908271,0.00302309,19.3552,70.2729,5.4239,241.3643,26.8183,3193.6107,44.5000,,19.3552,4.1543,4.1543,12.4629,64.3915,91.3944,168.6643,4.1543,-4.1543,22.0,40.600037,4.659091,13,14,3,8,0E-8,0.07557724,,0E-8,0.000000,0.979187,0.000000,,2026-06-17,2026-06-19,2,18,16,3,0.666667,,,0.000000,,,,,,,,GLOBAL_BASELINE_NO_ENTITY_RANKING,,,NOT_APPLICABLE_GLOBAL_BASELINE,HF9g-P5,,,,X 全窗基线 · 不参与实体赏罚,8394311,840,A168_HF9F_20260827_0900,2026-08-27 09:00:00
2026-06-17,137626427,2196,0,1474.7730718909,222.0468188511,222.0468188511,0.5000000,62,18,0.42332225573837983,0.244119683333,0.6584206366437846,2.5272325989552757,0.6584206366437846,0.17920257240537983,ELIGIBLE,R03b_20260811_FULL_v1,L1_ELIGIBILITY,v2026-08-11,2026-03-21..2026-08-06,baccarat_bet02_101_all_pairs_incl_sentinel,round_win = game_pnl > 0 (decisive only),COMPATIBILITY_ONLY_NOT_PRODUCTION,6387.2214,6254.2841,482.7285,330,89,-0.07557724,,-0.07557724,-0.07557724,-482.7285,6387.2214,OK,0.0000,19.3091,4.0000,96.0000,AG03-UNRESOLVED,ALL5_LEVELS_bet23_to_bet27,19.3091,19.3091,19.3091,28.9637,28.9637,4.000000,4.000000,4.000000,6.000000,6.000000,96.000000,96.000000,96.000000,94.000000,94.000000,5.0,115.8548,105.3542,366.8737,377.3744,PENDING_AG03,FALSE,NOT_FOR_ENFORCEMENT,463.4194,6004.1127,482.7285,463.4194,19.3091,0.07557724,0.07255415,19.3091,463.4194,0.07255415,19.3091,19.3091,19.3091,28.9637,28.9637,463.4194,0.07255415,115.8548,105.3542,366.8737,377.3744,0.05743870,0.05908271,0.00302309,19.3552,70.2729,5.4239,241.3643,26.8183,3193.6107,44.5000,,19.3552,4.1543,4.1543,12.4629,64.3915,91.3944,168.6643,4.1543,-4.1543,22.0,40.600037,4.659091,13,14,3,8,0E-8,0.07557724,,0E-8,0.000000,0.979187,0.000000,,2026-06-17,2026-06-19,2,18,16,3,0.666667,,,0.000000,,,,,,,,GLOBAL_BASELINE_NO_ENTITY_RANKING,,,NOT_APPLICABLE_GLOBAL_BASELINE,HF9g-P5,,,,X 全窗基线 · 不参与实体赏罚,8394312,840,A168_HF9F_20260827_0900,2026-08-27 09:00:00
2026-06-17,137626427,2223,0,2970.3175955000,-547.3277527399,-547.3277527399,0.5000000,133,32,0.41134226502887771,0.189135832396,1.019197913289837,4.490396514152961,1.019197913289837,0.22220643263287771,ELIGIBLE,R03b_20260811_FULL_v1,L1_ELIGIBILITY,v2026-08-11,2026-03-21..2026-08-06,baccarat_bet02_101_all_pairs_incl_sentinel,round_win = game_pnl > 0 (decisive only),COMPATIBILITY_ONLY_NOT_PRODUCTION,6387.2214,6254.2841,482.7285,330,89,-0.07557724,,-0.07557724,-0.07557724,-482.7285,6387.2214,OK,0.0000,19.3091,4.0000,96.0000,AG03-UNRESOLVED,ALL5_LEVELS_bet23_to_bet27,19.3091,19.3091,19.3091,28.9637,28.9637,4.000000,4.000000,4.000000,6.000000,6.000000,96.000000,96.000000,96.000000,94.000000,94.000000,5.0,115.8548,105.3542,366.8737,377.3744,PENDING_AG03,FALSE,NOT_FOR_ENFORCEMENT,463.4194,6004.1127,482.7285,463.4194,19.3091,0.07557724,0.07255415,19.3091,463.4194,0.07255415,19.3091,19.3091,19.3091,28.9637,28.9637,463.4194,0.07255415,115.8548,105.3542,366.8737,377.3744,0.05743870,0.05908271,0.00302309,19.3552,70.2729,5.4239,241.3643,26.8183,3193.6107,44.5000,,19.3552,4.1543,4.1543,12.4629,64.3915,91.3944,168.6643,4.1543,-4.1543,22.0,40.600037,4.659091,13,14,3,8,0E-8,0.07557724,,0E-8,0.000000,0.979187,0.000000,,2026-06-17,2026-06-19,2,18,16,3,0.666667,,,0.000000,,,,,,,,GLOBAL_BASELINE_NO_ENTITY_RANKING,,,NOT_APPLICABLE_GLOBAL_BASELINE,HF9g-P5,,,,X 全窗基线 · 不参与实体赏罚,8394313,840,A168_HF9F_20260827_0900,2026-08-27 09:00:00
2026-06-17,137626427,583,0,132.9372909876,-51.9286292923,-51.9286292923,0.2500000,11,4,0.40274162499940655,0.280108845834,-0.622863696993998,-0.13409953535504948,-0.622863696993998,0.12263277916540655,ELIGIBLE,R03b_20260811_FULL_v1,L1_ELIGIBILITY,v2026-08-11,2026-03-21..2026-08-06,baccarat_bet02_101_all_pairs_incl_sentinel,round_win = game_pnl > 0 (decisive only),COMPATIBILITY_ONLY_NOT_PRODUCTION,6387.2214,6254.2841,482.7285,330,89,-0.07557724,,-0.07557724,-0.07557724,-482.7285,6387.2214,OK,0.0000,19.3091,4.0000,96.0000,AG03-UNRESOLVED,ALL5_LEVELS_bet23_to_bet27,19.3091,19.3091,19.3091,28.9637,28.9637,4.000000,4.000000,4.000000,6.000000,6.000000,96.000000,96.000000,96.000000,94.000000,94.000000,5.0,115.8548,105.3542,366.8737,377.3744,PENDING_AG03,FALSE,NOT_FOR_ENFORCEMENT,463.4194,6004.1127,482.7285,463.4194,19.3091,0.07557724,0.07255415,19.3091,463.4194,0.07255415,19.3091,19.3091,19.3091,28.9637,28.9637,463.4194,0.07255415,115.8548,105.3542,366.8737,377.3744,0.05743870,0.05908271,0.00302309,19.3552,70.2729,5.4239,241.3643,26.8183,3193.6107,44.5000,,19.3552,4.1543,4.1543,12.4629,64.3915,91.3944,168.6643,4.1543,-4.1543,22.0,40.600037,4.659091,13,14,3,8,0E-8,0.07557724,,0E-8,0.000000,0.979187,0.000000,,2026-06-17,2026-06-19,2,18,16,3,0.666667,,,0.000000,,,,,,,,GLOBAL_BASELINE_NO_ENTITY_RANKING,,,NOT_APPLICABLE_GLOBAL_BASELINE,HF9g-P5,,,,X 全窗基线 · 不参与实体赏罚,8394314,840,A168_HF9F_20260827_0900,2026-08-27 09:00:00
2026-06-19,137626427,-1,1,87.2400972107,18.0711629933,18.0711629933,0.6666667,10,3,0.36196340564418770,0.219763666667,1.0982029413459116,1.8693166144955626,1.0982029413459116,0.14219973897718770,SENTINEL_DEALER,R03b_20260811_FULL_v1,L1_ELIGIBILITY,v2026-08-11,2026-03-21..2026-08-06,baccarat_bet02_101_all_pairs_incl_sentinel,round_win = game_pnl > 0 (decisive only),COMPATIBILITY_ONLY_NOT_PRODUCTION,6387.2214,6254.2841,482.7285,330,89,-0.07557724,,-0.07557724,-0.07557724,-482.7285,6387.2214,OK,0.0000,19.3091,4.0000,96.0000,AG03-UNRESOLVED,ALL5_LEVELS_bet23_to_bet27,19.3091,19.3091,19.3091,28.9637,28.9637,4.000000,4.000000,4.000000,6.000000,6.000000,96.000000,96.000000,96.000000,94.000000,94.000000,5.0,115.8548,105.3542,366.8737,377.3744,PENDING_AG03,FALSE,NOT_FOR_ENFORCEMENT,463.4194,6004.1127,482.7285,463.4194,19.3091,0.07557724,0.07255415,19.3091,463.4194,0.07255415,19.3091,19.3091,19.3091,28.9637,28.9637,463.4194,0.07255415,115.8548,105.3542,366.8737,377.3744,0.05743870,0.05908271,0.00302309,19.3552,70.2729,5.4239,241.3643,26.8183,3193.6107,44.5000,,19.3552,4.1543,4.1543,12.4629,64.3915,91.3944,168.6643,4.1543,-4.1543,22.0,40.600037,4.659091,13,14,3,8,0E-8,0.07557724,,0E-8,0.000000,0.979187,0.000000,,2026-06-17,2026-06-19,2,18,16,3,0.666667,,,0.000000,,,,,,,,GLOBAL_BASELINE_NO_ENTITY_RANKING,,,NOT_APPLICABLE_GLOBAL_BASELINE,HF9g-P5,,,,X 全窗基线 · 不参与实体赏罚,8394315,840,A168_HF9F_20260827_0900,2026-08-27 09:00:00
2026-06-19,137626427,1109,0,16.6171613734,15.7863033047,15.7863033047,1.0000000,1,1,0.50665070000000000,0.506650700000,0.9867858985152569,0.9867858985152569,0.9867858985152569,0E-17,ELIGIBLE,R03b_20260811_FULL_v1,L1_ELIGIBILITY,v2026-08-11,2026-03-21..2026-08-06,baccarat_bet02_101_all_pairs_incl_sentinel,round_win = game_pnl > 0 (decisive only),COMPATIBILITY_ONLY_NOT_PRODUCTION,6387.2214,6254.2841,482.7285,330,89,-0.07557724,,-0.07557724,-0.07557724,-482.7285,6387.2214,OK,0.0000,19.3091,4.0000,96.0000,AG03-UNRESOLVED,ALL5_LEVELS_bet23_to_bet27,19.3091,19.3091,19.3091,28.9637,28.9637,4.000000,4.000000,4.000000,6.000000,6.000000,96.000000,96.000000,96.000000,94.000000,94.000000,5.0,115.8548,105.3542,366.8737,377.3744,PENDING_AG03,FALSE,NOT_FOR_ENFORCEMENT,463.4194,6004.1127,482.7285,463.4194,19.3091,0.07557724,0.07255415,19.3091,463.4194,0.07255415,19.3091,19.3091,19.3091,28.9637,28.9637,463.4194,0.07255415,115.8548,105.3542,366.8737,377.3744,0.05743870,0.05908271,0.00302309,19.3552,70.2729,5.4239,241.3643,26.8183,3193.6107,44.5000,,19.3552,4.1543,4.1543,12.4629,64.3915,91.3944,168.6643,4.1543,-4.1543,22.0,40.600037,4.659091,13,14,3,8,0E-8,0.07557724,,0E-8,0.000000,0.979187,0.000000,,2026-06-17,2026-06-19,2,18,16,3,0.666667,,,0.000000,,,,,,,,GLOBAL_BASELINE_NO_ENTITY_RANKING,,,NOT_APPLICABLE_GLOBAL_BASELINE,HF9g-P5,,,,X 全窗基线 · 不参与实体赏罚,8394316,840,A168_HF9F_20260827_0900,2026-08-27 09:00:00
2026-06-19,137626427,1710,0,153.7087427044,-54.0057744640,-54.0057744640,0.3333333,12,3,0.36781505277717304,0.185428350000,-0.12385476412918148,0.6591598128662776,-0.12385476412918148,0.18238670277717304,ELIGIBLE,R03b_20260811_FULL_v1,L1_ELIGIBILITY,v2026-08-11,2026-03-21..2026-08-06,baccarat_bet02_101_all_pairs_incl_sentinel,round_win = game_pnl > 0 (decisive only),COMPATIBILITY_ONLY_NOT_PRODUCTION,6387.2214,6254.2841,482.7285,330,89,-0.07557724,,-0.07557724,-0.07557724,-482.7285,6387.2214,OK,0.0000,19.3091,4.0000,96.0000,AG03-UNRESOLVED,ALL5_LEVELS_bet23_to_bet27,19.3091,19.3091,19.3091,28.9637,28.9637,4.000000,4.000000,4.000000,6.000000,6.000000,96.000000,96.000000,96.000000,94.000000,94.000000,5.0,115.8548,105.3542,366.8737,377.3744,PENDING_AG03,FALSE,NOT_FOR_ENFORCEMENT,463.4194,6004.1127,482.7285,463.4194,19.3091,0.07557724,0.07255415,19.3091,463.4194,0.07255415,19.3091,19.3091,19.3091,28.9637,28.9637,463.4194,0.07255415,115.8548,105.3542,366.8737,377.3744,0.05743870,0.05908271,0.00302309,19.3552,70.2729,5.4239,241.3643,26.8183,3193.6107,44.5000,,19.3552,4.1543,4.1543,12.4629,64.3915,91.3944,168.6643,4.1543,-4.1543,22.0,40.600037,4.659091,13,14,3,8,0E-8,0.07557724,,0E-8,0.000000,0.979187,0.000000,,2026-06-17,2026-06-19,2,18,16,3,0.666667,,,0.000000,,,,,,,,GLOBAL_BASELINE_NO_ENTITY_RANKING,,,NOT_APPLICABLE_GLOBAL_BASELINE,HF9g-P5,,,,X 全窗基线 · 不参与实体赏罚,8394317,840,A168_HF9F_20260827_0900,2026-08-27 09:00:00
2026-06-19,137626427,2220,0,99.7029682407,41.5429034334,41.5429034334,0.5000000,8,2,0.34796730444404430,0.184311250000,0.4513860023097917,1.1514257690445797,0.4513860023097917,0.16365605444404430,ELIGIBLE,R03b_20260811_FULL_v1,L1_ELIGIBILITY,v2026-08-11,2026-03-21..2026-08-06,baccarat_bet02_101_all_pairs_incl_sentinel,round_win = game_pnl > 0 (decisive only),COMPATIBILITY_ONLY_NOT_PRODUCTION,6387.2214,6254.2841,482.7285,330,89,-0.07557724,,-0.07557724,-0.07557724,-482.7285,6387.2214,OK,0.0000,19.3091,4.0000,96.0000,AG03-UNRESOLVED,ALL5_LEVELS_bet23_to_bet27,19.3091,19.3091,19.3091,28.9637,28.9637,4.000000,4.000000,4.000000,6.000000,6.000000,96.000000,96.000000,96.000000,94.000000,94.000000,5.0,115.8548,105.3542,366.8737,377.3744,PENDING_AG03,FALSE,NOT_FOR_ENFORCEMENT,463.4194,6004.1127,482.7285,463.4194,19.3091,0.07557724,0.07255415,19.3091,463.4194,0.07255415,19.3091,19.3091,19.3091,28.9637,28.9637,463.4194,0.07255415,115.8548,105.3542,366.8737,377.3744,0.05743870,0.05908271,0.00302309,19.3552,70.2729,5.4239,241.3643,26.8183,3193.6107,44.5000,,19.3552,4.1543,4.1543,12.4629,64.3915,91.3944,168.6643,4.1543,-4.1543,22.0,40.600037,4.659091,13,14,3,8,0E-8,0.07557724,,0E-8,0.000000,0.979187,0.000000,,2026-06-17,2026-06-19,2,18,16,3,0.666667,,,0.000000,,,,,,,,GLOBAL_BASELINE_NO_ENTITY_RANKING,,,NOT_APPLICABLE_GLOBAL_BASELINE,HF9g-P5,,,,X 全窗基线 · 不参与实体赏罚,8394318,840,A168_HF9F_20260827_0900,2026-08-27 09:00:00
2026-06-19,137626427,2234,0,124.6287103009,-58.1600648072,-58.1600648072,0.3333333,12,3,0.34957997326523027,0.186545450000,-0.05901385129054681,0.652667306804952,-0.05901385129054681,0.16303452326523027,ELIGIBLE,R03b_20260811_FULL_v1,L1_ELIGIBILITY,v2026-08-11,2026-03-21..2026-08-06,baccarat_bet02_101_all_pairs_incl_sentinel,round_win = game_pnl > 0 (decisive only),COMPATIBILITY_ONLY_NOT_PRODUCTION,6387.2214,6254.2841,482.7285,330,89,-0.07557724,,-0.07557724,-0.07557724,-482.7285,6387.2214,OK,0.0000,19.3091,4.0000,96.0000,AG03-UNRESOLVED,ALL5_LEVELS_bet23_to_bet27,19.3091,19.3091,19.3091,28.9637,28.9637,4.000000,4.000000,4.000000,6.000000,6.000000,96.000000,96.000000,96.000000,94.000000,94.000000,5.0,115.8548,105.3542,366.8737,377.3744,PENDING_AG03,FALSE,NOT_FOR_ENFORCEMENT,463.4194,6004.1127,482.7285,463.4194,19.3091,0.07557724,0.07255415,19.3091,463.4194,0.07255415,19.3091,19.3091,19.3091,28.9637,28.9637,463.4194,0.07255415,115.8548,105.3542,366.8737,377.3744,0.05743870,0.05908271,0.00302309,19.3552,70.2729,5.4239,241.3643,26.8183,3193.6107,44.5000,,19.3552,4.1543,4.1543,12.4629,64.3915,91.3944,168.6643,4.1543,-4.1543,22.0,40.600037,4.659091,13,14,3,8,0E-8,0.07557724,,0E-8,0.000000,0.979187,0.000000,,2026-06-17,2026-06-19,2,18,16,3,0.666667,,,0.000000,,,,,,,,GLOBAL_BASELINE_NO_ENTITY_RANKING,,,NOT_APPLICABLE_GLOBAL_BASELINE,HF9g-P5,,,,X 全窗基线 · 不参与实体赏罚,8394319,840,A168_HF9F_20260827_0900,2026-08-27 09:00:00
2026-06-19,137626427,2252,0,378.0404212459,61.4834970808,61.4834970808,0.6000000,42,10,0.37173687520663101,0.179787814667,1.4936441808066157,3.4603928552728793,1.4936441808066157,0.19194906053963101,ELIGIBLE,R03b_20260811_FULL_v1,L1_ELIGIBILITY,v2026-08-11,2026-03-21..2026-08-06,baccarat_bet02_101_all_pairs_incl_sentinel,round_win = game_pnl > 0 (decisive only),COMPATIBILITY_ONLY_NOT_PRODUCTION,6387.2214,6254.2841,482.7285,330,89,-0.07557724,,-0.07557724,-0.07557724,-482.7285,6387.2214,OK,0.0000,19.3091,4.0000,96.0000,AG03-UNRESOLVED,ALL5_LEVELS_bet23_to_bet27,19.3091,19.3091,19.3091,28.9637,28.9637,4.000000,4.000000,4.000000,6.000000,6.000000,96.000000,96.000000,96.000000,94.000000,94.000000,5.0,115.8548,105.3542,366.8737,377.3744,PENDING_AG03,FALSE,NOT_FOR_ENFORCEMENT,463.4194,6004.1127,482.7285,463.4194,19.3091,0.07557724,0.07255415,19.3091,463.4194,0.07255415,19.3091,19.3091,19.3091,28.9637,28.9637,463.4194,0.07255415,115.8548,105.3542,366.8737,377.3744,0.05743870,0.05908271,0.00302309,19.3552,70.2729,5.4239,241.3643,26.8183,3193.6107,44.5000,,19.3552,4.1543,4.1543,12.4629,64.3915,91.3944,168.6643,4.1543,-4.1543,22.0,40.600037,4.659091,13,14,3,8,0E-8,0.07557724,,0E-8,0.000000,0.979187,0.000000,,2026-06-17,2026-06-19,2,18,16,3,0.666667,,,0.000000,,,,,,,,GLOBAL_BASELINE_NO_ENTITY_RANKING,,,NOT_APPLICABLE_GLOBAL_BASELINE,HF9g-P5,,,,X 全窗基线 · 不参与实体赏罚,8394320,840,A168_HF9F_20260827_0900,2026-08-27 09:00:00
2026-06-19,137626427,2266,0,66.4686454938,38.8426147102,38.8426147102,1.0000000,4,1,0.42690366249928014,0.187662550000,1.1586409563518976,2.080556102057424,1.1586409563518976,0.23924111249928014,ELIGIBLE,R03b_20260811_FULL_v1,L1_ELIGIBILITY,v2026-08-11,2026-03-21..2026-08-06,baccarat_bet02_101_all_pairs_incl_sentinel,round_win = game_pnl > 0 (decisive only),COMPATIBILITY_ONLY_NOT_PRODUCTION,6387.2214,6254.2841,482.7285,330,89,-0.07557724,,-0.07557724,-0.07557724,-482.7285,6387.2214,OK,0.0000,19.3091,4.0000,96.0000,AG03-UNRESOLVED,ALL5_LEVELS_bet23_to_bet27,19.3091,19.3091,19.3091,28.9637,28.9637,4.000000,4.000000,4.000000,6.000000,6.000000,96.000000,96.000000,96.000000,94.000000,94.000000,5.0,115.8548,105.3542,366.8737,377.3744,PENDING_AG03,FALSE,NOT_FOR_ENFORCEMENT,463.4194,6004.1127,482.7285,463.4194,19.3091,0.07557724,0.07255415,19.3091,463.4194,0.07255415,19.3091,19.3091,19.3091,28.9637,28.9637,463.4194,0.07255415,115.8548,105.3542,366.8737,377.3744,0.05743870,0.05908271,0.00302309,19.3552,70.2729,5.4239,241.3643,26.8183,3193.6107,44.5000,,19.3552,4.1543,4.1543,12.4629,64.3915,91.3944,168.6643,4.1543,-4.1543,22.0,40.600037,4.659091,13,14,3,8,0E-8,0.07557724,,0E-8,0.000000,0.979187,0.000000,,2026-06-17,2026-06-19,2,18,16,3,0.666667,,,0.000000,,,,,,,,GLOBAL_BASELINE_NO_ENTITY_RANKING,,,NOT_APPLICABLE_GLOBAL_BASELINE,HF9g-P5,,,,X 全窗基线 · 不参与实体赏罚,8394321,840,A168_HF9F_20260827_0900,2026-08-27 09:00:00
2026-06-19,137626427,471,0,29.0800324036,20.7714517167,20.7714517167,1.0000000,4,1,0.31671164285592873,0.184311250000,1.468824797081333,2.103712144135556,1.468824797081333,0.13240039285592873,ELIGIBLE,R03b_20260811_FULL_v1,L1_ELIGIBILITY,v2026-08-11,2026-03-21..2026-08-06,baccarat_bet02_101_all_pairs_incl_sentinel,round_win = game_pnl > 0 (decisive only),COMPATIBILITY_ONLY_NOT_PRODUCTION,6387.2214,6254.2841,482.7285,330,89,-0.07557724,,-0.07557724,-0.07557724,-482.7285,6387.2214,OK,0.0000,19.3091,4.0000,96.0000,AG03-UNRESOLVED,ALL5_LEVELS_bet23_to_bet27,19.3091,19.3091,19.3091,28.9637,28.9637,4.000000,4.000000,4.000000,6.000000,6.000000,96.000000,96.000000,96.000000,94.000000,94.000000,5.0,115.8548,105.3542,366.8737,377.3744,PENDING_AG03,FALSE,NOT_FOR_ENFORCEMENT,463.4194,6004.1127,482.7285,463.4194,19.3091,0.07557724,0.07255415,19.3091,463.4194,0.07255415,19.3091,19.3091,19.3091,28.9637,28.9637,463.4194,0.07255415,115.8548,105.3542,366.8737,377.3744,0.05743870,0.05908271,0.00302309,19.3552,70.2729,5.4239,241.3643,26.8183,3193.6107,44.5000,,19.3552,4.1543,4.1543,12.4629,64.3915,91.3944,168.6643,4.1543,-4.1543,22.0,40.600037,4.659091,13,14,3,8,0E-8,0.07557724,,0E-8,0.000000,0.979187,0.000000,,2026-06-17,2026-06-19,2,18,16,3,0.666667,,,0.000000,,,,,,,,GLOBAL_BASELINE_NO_ENTITY_RANKING,,,NOT_APPLICABLE_GLOBAL_BASELINE,HF9g-P5,,,,X 全窗基线 · 不参与实体赏罚,8394322,840,A168_HF9F_20260827_0900,2026-08-27 09:00:00
2026-03-27,147441826,-1,1,2106.5381678400,106.6434947469,106.6434947469,0.5416667,80,80,0.50665070000000000,0.506650700000,0.5942932351723772,0.5942932351723772,0.5942932351723772,0E-17,SENTINEL_DEALER,R03b_20260811_FULL_v1,L1_ELIGIBILITY,v2026-08-11,2026-03-21..2026-08-06,baccarat_bet02_101_all_pairs_incl_sentinel,round_win = game_pnl > 0 (decisive only),COMPATIBILITY_ONLY_NOT_PRODUCTION,49116.4465,44138.1901,482.7433,1876,1876,-0.00982855,-0.04864130,-0.00569631,-0.00982855,-482.7433,49116.4465,OK,0.0000,19.3097,4.0000,96.0000,AG03-UNRESOLVED,ALL5_LEVELS_bet23_to_bet27,19.3097,19.3097,24.1372,24.1372,24.1372,4.000000,4.000000,5.000000,5.000000,5.000000,96.000000,96.000000,95.000000,95.000000,95.000000,5.0,111.0310,101.3004,371.7123,381.4429,PENDING_AG03,FALSE,NOT_FOR_ENFORCEMENT,463.4336,42372.6625,482.7433,463.4336,19.3097,0.00982855,0.00943540,19.3097,463.4336,0.00943540,19.3097,19.3097,24.1372,24.1372,24.1372,463.4336,0.00943540,111.0310,101.3004,371.7123,381.4429,0.00756798,0.00776609,0.00039314,26.1815,23.5278,0.2573,40.2286,1.0517,4093.0372,156.3333,25.8255,26.2200,25.9457,26.176,26.176,26.3317,26.3317,26.3317,26.176,0.0,1.005951,1.005951,1.000211,29,110,12,1,0.09622170,0.00982855,0.04864130,0E-8,0.000000,0.898644,0.000000,-0.04294500,2026-03-27,2026-08-03,12,459,262,130,0.092308,0.984956,0.986404,0.320739,,,,,,,,GLOBAL_BASELINE_NO_ENTITY_RANKING,,,NOT_APPLICABLE_GLOBAL_BASELINE,HF9g-P5,,,,X 全窗基线 · 不参与实体赏罚,8394323,840,A168_HF9F_20260827_0900,2026-08-27 09:00:00
2026-03-27,147441826,1210,0,289.6489980780,-31.5980725176,-31.5980725176,0.4444444,11,11,0.50665070000000000,0.506650700000,-0.373270555658994,-0.373270555658994,-0.373270555658994,0E-17,ELIGIBLE,R03b_20260811_FULL_v1,L1_ELIGIBILITY,v2026-08-11,2026-03-21..2026-08-06,baccarat_bet02_101_all_pairs_incl_sentinel,round_win = game_pnl > 0 (decisive only),COMPATIBILITY_ONLY_NOT_PRODUCTION,49116.4465,44138.1901,482.7433,1876,1876,-0.00982855,-0.04864130,-0.00569631,-0.00982855,-482.7433,49116.4465,OK,0.0000,19.3097,4.0000,96.0000,AG03-UNRESOLVED,ALL5_LEVELS_bet23_to_bet27,19.3097,19.3097,24.1372,24.1372,24.1372,4.000000,4.000000,5.000000,5.000000,5.000000,96.000000,96.000000,95.000000,95.000000,95.000000,5.0,111.0310,101.3004,371.7123,381.4429,PENDING_AG03,FALSE,NOT_FOR_ENFORCEMENT,463.4336,42372.6625,482.7433,463.4336,19.3097,0.00982855,0.00943540,19.3097,463.4336,0.00943540,19.3097,19.3097,24.1372,24.1372,24.1372,463.4336,0.00943540,111.0310,101.3004,371.7123,381.4429,0.00756798,0.00776609,0.00039314,26.1815,23.5278,0.2573,40.2286,1.0517,4093.0372,156.3333,25.8255,26.2200,25.9457,26.176,26.176,26.3317,26.3317,26.3317,26.176,0.0,1.005951,1.005951,1.000211,29,110,12,1,0.09622170,0.00982855,0.04864130,0E-8,0.000000,0.898644,0.000000,-0.04294500,2026-03-27,2026-08-03,12,459,262,130,0.092308,0.984956,0.986404,0.320739,,,,,,,,GLOBAL_BASELINE_NO_ENTITY_RANKING,,,NOT_APPLICABLE_GLOBAL_BASELINE,HF9g-P5,,,,X 全窗基线 · 不参与实体赏罚,8394324,840,A168_HF9F_20260827_0900,2026-08-27 09:00:00
2026-03-27,147441826,1401,0,210.6538167840,-3.9497590647,-3.9497590647,0.5000000,8,8,0.50665070000000000,0.506650700000,-0.032584525537284574,-0.032584525537284574,-0.032584525537284574,0E-17,ELIGIBLE,R03b_20260811_FULL_v1,L1_ELIGIBILITY,v2026-08-11,2026-03-21..2026-08-06,baccarat_bet02_101_all_pairs_incl_sentinel,round_win = game_pnl > 0 (decisive only),COMPATIBILITY_ONLY_NOT_PRODUCTION,49116.4465,44138.1901,482.7433,1876,1876,-0.00982855,-0.04864130,-0.00569631,-0.00982855,-482.7433,49116.4465,OK,0.0000,19.3097,4.0000,96.0000,AG03-UNRESOLVED,ALL5_LEVELS_bet23_to_bet27,19.3097,19.3097,24.1372,24.1372,24.1372,4.000000,4.000000,5.000000,5.000000,5.000000,96.000000,96.000000,95.000000,95.000000,95.000000,5.0,111.0310,101.3004,371.7123,381.4429,PENDING_AG03,FALSE,NOT_FOR_ENFORCEMENT,463.4336,42372.6625,482.7433,463.4336,19.3097,0.00982855,0.00943540,19.3097,463.4336,0.00943540,19.3097,19.3097,24.1372,24.1372,24.1372,463.4336,0.00943540,111.0310,101.3004,371.7123,381.4429,0.00756798,0.00776609,0.00039314,26.1815,23.5278,0.2573,40.2286,1.0517,4093.0372,156.3333,25.8255,26.2200,25.9457,26.176,26.176,26.3317,26.3317,26.3317,26.176,0.0,1.005951,1.005951,1.000211,29,110,12,1,0.09622170,0.00982855,0.04864130,0E-8,0.000000,0.898644,0.000000,-0.04294500,2026-03-27,2026-08-03,12,459,262,130,0.092308,0.984956,0.986404,0.320739,,,,,,,,GLOBAL_BASELINE_NO_ENTITY_RANKING,,,NOT_APPLICABLE_GLOBAL_BASELINE,HF9g-P5,,,,X 全窗基线 · 不参与实体赏罚,8394325,840,A168_HF9F_20260827_0900,2026-08-27 09:00:00
2026-03-27,147441826,1402,0,263.3172709800,-31.5980725176,-31.5980725176,0.4444444,10,10,0.50665070000000000,0.506650700000,-0.373270555658994,-0.373270555658994,-0.373270555658994,0E-17,ELIGIBLE,R03b_20260811_FULL_v1,L1_ELIGIBILITY,v2026-08-11,2026-03-21..2026-08-06,baccarat_bet02_101_all_pairs_incl_sentinel,round_win = game_pnl > 0 (decisive only),COMPATIBILITY_ONLY_NOT_PRODUCTION,49116.4465,44138.1901,482.7433,1876,1876,-0.00982855,-0.04864130,-0.00569631,-0.00982855,-482.7433,49116.4465,OK,0.0000,19.3097,4.0000,96.0000,AG03-UNRESOLVED,ALL5_LEVELS_bet23_to_bet27,19.3097,19.3097,24.1372,24.1372,24.1372,4.000000,4.000000,5.000000,5.000000,5.000000,96.000000,96.000000,95.000000,95.000000,95.000000,5.0,111.0310,101.3004,371.7123,381.4429,PENDING_AG03,FALSE,NOT_FOR_ENFORCEMENT,463.4336,42372.6625,482.7433,463.4336,19.3097,0.00982855,0.00943540,19.3097,463.4336,0.00943540,19.3097,19.3097,24.1372,24.1372,24.1372,463.4336,0.00943540,111.0310,101.3004,371.7123,381.4429,0.00756798,0.00776609,0.00039314,26.1815,23.5278,0.2573,40.2286,1.0517,4093.0372,156.3333,25.8255,26.2200,25.9457,26.176,26.176,26.3317,26.3317,26.3317,26.176,0.0,1.005951,1.005951,1.000211,29,110,12,1,0.09622170,0.00982855,0.04864130,0E-8,0.000000,0.898644,0.000000,-0.04294500,2026-03-27,2026-08-03,12,459,262,130,0.092308,0.984956,0.986404,0.320739,,,,,,,,GLOBAL_BASELINE_NO_ENTITY_RANKING,,,NOT_APPLICABLE_GLOBAL_BASELINE,HF9g-P5,,,,X 全窗基线 · 不参与实体赏罚,8394326,840,A168_HF9F_20260827_0900,2026-08-27 09:00:00
2026-03-27,147441826,1505,0,210.6538167840,-56.6132132607,-56.6132132607,0.3750000,8,8,0.50665070000000000,0.506650700000,-0.7447947118953172,-0.7447947118953172,-0.7447947118953172,0E-17,ELIGIBLE,R03b_20260811_FULL_v1,L1_ELIGIBILITY,v2026-08-11,2026-03-21..2026-08-06,baccarat_bet02_101_all_pairs_incl_sentinel,round_win = game_pnl > 0 (decisive only),COMPATIBILITY_ONLY_NOT_PRODUCTION,49116.4465,44138.1901,482.7433,1876,1876,-0.00982855,-0.04864130,-0.00569631,-0.00982855,-482.7433,49116.4465,OK,0.0000,19.3097,4.0000,96.0000,AG03-UNRESOLVED,ALL5_LEVELS_bet23_to_bet27,19.3097,19.3097,24.1372,24.1372,24.1372,4.000000,4.000000,5.000000,5.000000,5.000000,96.000000,96.000000,95.000000,95.000000,95.000000,5.0,111.0310,101.3004,371.7123,381.4429,PENDING_AG03,FALSE,NOT_FOR_ENFORCEMENT,463.4336,42372.6625,482.7433,463.4336,19.3097,0.00982855,0.00943540,19.3097,463.4336,0.00943540,19.3097,19.3097,24.1372,24.1372,24.1372,463.4336,0.00943540,111.0310,101.3004,371.7123,381.4429,0.00756798,0.00776609,0.00039314,26.1815,23.5278,0.2573,40.2286,1.0517,4093.0372,156.3333,25.8255,26.2200,25.9457,26.176,26.176,26.3317,26.3317,26.3317,26.176,0.0,1.005951,1.005951,1.000211,29,110,12,1,0.09622170,0.00982855,0.04864130,0E-8,0.000000,0.898644,0.000000,-0.04294500,2026-03-27,2026-08-03,12,459,262,130,0.092308,0.984956,0.986404,0.320739,,,,,,,,GLOBAL_BASELINE_NO_ENTITY_RANKING,,,NOT_APPLICABLE_GLOBAL_BASELINE,HF9g-P5,,,,X 全窗基线 · 不参与实体赏罚,8394327,840,A168_HF9F_20260827_0900,2026-08-27 09:00:00
2026-03-27,147441826,1984,0,131.6586354900,73.7288358744,73.7288358744,0.8000000,5,5,0.50665070000000000,0.506650700000,1.3120140225494112,1.3120140225494112,1.3120140225494112,0E-17,ELIGIBLE,R03b_20260811_FULL_v1,L1_ELIGIBILITY,v2026-08-11,2026-03-21..2026-08-06,baccarat_bet02_101_all_pairs_incl_sentinel,round_win = game_pnl > 0 (decisive only),COMPATIBILITY_ONLY_NOT_PRODUCTION,49116.4465,44138.1901,482.7433,1876,1876,-0.00982855,-0.04864130,-0.00569631,-0.00982855,-482.7433,49116.4465,OK,0.0000,19.3097,4.0000,96.0000,AG03-UNRESOLVED,ALL5_LEVELS_bet23_to_bet27,19.3097,19.3097,24.1372,24.1372,24.1372,4.000000,4.000000,5.000000,5.000000,5.000000,96.000000,96.000000,95.000000,95.000000,95.000000,5.0,111.0310,101.3004,371.7123,381.4429,PENDING_AG03,FALSE,NOT_FOR_ENFORCEMENT,463.4336,42372.6625,482.7433,463.4336,19.3097,0.00982855,0.00943540,19.3097,463.4336,0.00943540,19.3097,19.3097,24.1372,24.1372,24.1372,463.4336,0.00943540,111.0310,101.3004,371.7123,381.4429,0.00756798,0.00776609,0.00039314,26.1815,23.5278,0.2573,40.2286,1.0517,4093.0372,156.3333,25.8255,26.2200,25.9457,26.176,26.176,26.3317,26.3317,26.3317,26.176,0.0,1.005951,1.005951,1.000211,29,110,12,1,0.09622170,0.00982855,0.04864130,0E-8,0.000000,0.898644,0.000000,-0.04294500,2026-03-27,2026-08-03,12,459,262,130,0.092308,0.984956,0.986404,0.320739,,,,,,,,GLOBAL_BASELINE_NO_ENTITY_RANKING,,,NOT_APPLICABLE_GLOBAL_BASELINE,HF9g-P5,,,,X 全窗基线 · 不参与实体赏罚,8394328,840,A168_HF9F_20260827_0900,2026-08-27 09:00:00
2026-03-27,147441826,1996,0,78.9951812940,23.6985543882,23.6985543882,0.6666667,3,3,0.50665070000000000,0.506650700000,0.5543606114942035,0.5543606114942035,0.5543606114942035,0E-17,ELIGIBLE,R03b_20260811_FULL_v1,L1_ELIGIBILITY,v2026-08-11,2026-03-21..2026-08-06,baccarat_bet02_101_all_pairs_incl_sentinel,round_win = game_pnl > 0 (decisive only),COMPATIBILITY_ONLY_NOT_PRODUCTION,49116.4465,44138.1901,482.7433,1876,1876,-0.00982855,-0.04864130,-0.00569631,-0.00982855,-482.7433,49116.4465,OK,0.0000,19.3097,4.0000,96.0000,AG03-UNRESOLVED,ALL5_LEVELS_bet23_to_bet27,19.3097,19.3097,24.1372,24.1372,24.1372,4.000000,4.000000,5.000000,5.000000,5.000000,96.000000,96.000000,95.000000,95.000000,95.000000,5.0,111.0310,101.3004,371.7123,381.4429,PENDING_AG03,FALSE,NOT_FOR_ENFORCEMENT,463.4336,42372.6625,482.7433,463.4336,19.3097,0.00982855,0.00943540,19.3097,463.4336,0.00943540,19.3097,19.3097,24.1372,24.1372,24.1372,463.4336,0.00943540,111.0310,101.3004,371.7123,381.4429,0.00756798,0.00776609,0.00039314,26.1815,23.5278,0.2573,40.2286,1.0517,4093.0372,156.3333,25.8255,26.2200,25.9457,26.176,26.176,26.3317,26.3317,26.3317,26.176,0.0,1.005951,1.005951,1.000211,29,110,12,1,0.09622170,0.00982855,0.04864130,0E-8,0.000000,0.898644,0.000000,-0.04294500,2026-03-27,2026-08-03,12,459,262,130,0.092308,0.984956,0.986404,0.320739,,,,,,,,GLOBAL_BASELINE_NO_ENTITY_RANKING,,,NOT_APPLICABLE_GLOBAL_BASELINE,HF9g-P5,,,,X 全窗基线 · 不参与实体赏罚,8394329,840,A168_HF9F_20260827_0900,2026-08-27 09:00:00
2026-03-27,147441826,2106,0,26.3317270980,25.0151407431,25.0151407431,1.0000000,1,1,0.50665070000000000,0.506650700000,0.9867858985152569,0.9867858985152569,0.9867858985152569,0E-17,ELIGIBLE,R03b_20260811_FULL_v1,L1_ELIGIBILITY,v2026-08-11,2026-03-21..2026-08-06,baccarat_bet02_101_all_pairs_incl_sentinel,round_win = game_pnl > 0 (decisive only),COMPATIBILITY_ONLY_NOT_PRODUCTION,49116.4465,44138.1901,482.7433,1876,1876,-0.00982855,-0.04864130,-0.00569631,-0.00982855,-482.7433,49116.4465,OK,0.0000,19.3097,4.0000,96.0000,AG03-UNRESOLVED,ALL5_LEVELS_bet23_to_bet27,19.3097,19.3097,24.1372,24.1372,24.1372,4.000000,4.000000,5.000000,5.000000,5.000000,96.000000,96.000000,95.000000,95.000000,95.000000,5.0,111.0310,101.3004,371.7123,381.4429,PENDING_AG03,FALSE,NOT_FOR_ENFORCEMENT,463.4336,42372.6625,482.7433,463.4336,19.3097,0.00982855,0.00943540,19.3097,463.4336,0.00943540,19.3097,19.3097,24.1372,24.1372,24.1372,463.4336,0.00943540,111.0310,101.3004,371.7123,381.4429,0.00756798,0.00776609,0.00039314,26.1815,23.5278,0.2573,40.2286,1.0517,4093.0372,156.3333,25.8255,26.2200,25.9457,26.176,26.176,26.3317,26.3317,26.3317,26.176,0.0,1.005951,1.005951,1.000211,29,110,12,1,0.09622170,0.00982855,0.04864130,0E-8,0.000000,0.898644,0.000000,-0.04294500,2026-03-27,2026-08-03,12,459,262,130,0.092308,0.984956,0.986404,0.320739,,,,,,,,GLOBAL_BASELINE_NO_ENTITY_RANKING,,,NOT_APPLICABLE_GLOBAL_BASELINE,HF9g-P5,,,,X 全窗基线 · 不参与实体赏罚,8394330,840,A168_HF9F_20260827_0900,2026-08-27 09:00:00
2026-03-27,147441826,2196,0,289.6489980780,44.7639360666,44.7639360666,0.6000000,11,11,0.50665070000000000,0.506650700000,0.5904450471821361,0.5904450471821361,0.5904450471821361,0E-17,ELIGIBLE,R03b_20260811_FULL_v1,L1_ELIGIBILITY,v2026-08-11,2026-03-21..2026-08-06,baccarat_bet02_101_all_pairs_incl_sentinel,round_win = game_pnl > 0 (decisive only),COMPATIBILITY_ONLY_NOT_PRODUCTION,49116.4465,44138.1901,482.7433,1876,1876,-0.00982855,-0.04864130,-0.00569631,-0.00982855,-482.7433,49116.4465,OK,0.0000,19.3097,4.0000,96.0000,AG03-UNRESOLVED,ALL5_LEVELS_bet23_to_bet27,19.3097,19.3097,24.1372,24.1372,24.1372,4.000000,4.000000,5.000000,5.000000,5.000000,96.000000,96.000000,95.000000,95.000000,95.000000,5.0,111.0310,101.3004,371.7123,381.4429,PENDING_AG03,FALSE,NOT_FOR_ENFORCEMENT,463.4336,42372.6625,482.7433,463.4336,19.3097,0.00982855,0.00943540,19.3097,463.4336,0.00943540,19.3097,19.3097,24.1372,24.1372,24.1372,463.4336,0.00943540,111.0310,101.3004,371.7123,381.4429,0.00756798,0.00776609,0.00039314,26.1815,23.5278,0.2573,40.2286,1.0517,4093.0372,156.3333,25.8255,26.2200,25.9457,26.176,26.176,26.3317,26.3317,26.3317,26.176,0.0,1.005951,1.005951,1.000211,29,110,12,1,0.09622170,0.00982855,0.04864130,0E-8,0.000000,0.898644,0.000000,-0.04294500,2026-03-27,2026-08-03,12,459,262,130,0.092308,0.984956,0.986404,0.320739,,,,,,,,GLOBAL_BASELINE_NO_ENTITY_RANKING,,,NOT_APPLICABLE_GLOBAL_BASELINE,HF9g-P5,,,,X 全窗基线 · 不参与实体赏罚,8394331,840,A168_HF9F_20260827_0900,2026-08-27 09:00:00
2026-03-27,147441826,2201,0,78.9951812940,23.6985543882,23.6985543882,0.6666667,3,3,0.50665070000000000,0.506650700000,0.5543606114942035,0.5543606114942035,0.5543606114942035,0E-17,ELIGIBLE,R03b_20260811_FULL_v1,L1_ELIGIBILITY,v2026-08-11,2026-03-21..2026-08-06,baccarat_bet02_101_all_pairs_incl_sentinel,round_win = game_pnl > 0 (decisive only),COMPATIBILITY_ONLY_NOT_PRODUCTION,49116.4465,44138.1901,482.7433,1876,1876,-0.00982855,-0.04864130,-0.00569631,-0.00982855,-482.7433,49116.4465,OK,0.0000,19.3097,4.0000,96.0000,AG03-UNRESOLVED,ALL5_LEVELS_bet23_to_bet27,19.3097,19.3097,24.1372,24.1372,24.1372,4.000000,4.000000,5.000000,5.000000,5.000000,96.000000,96.000000,95.000000,95.000000,95.000000,5.0,111.0310,101.3004,371.7123,381.4429,PENDING_AG03,FALSE,NOT_FOR_ENFORCEMENT,463.4336,42372.6625,482.7433,463.4336,19.3097,0.00982855,0.00943540,19.3097,463.4336,0.00943540,19.3097,19.3097,24.1372,24.1372,24.1372,463.4336,0.00943540,111.0310,101.3004,371.7123,381.4429,0.00756798,0.00776609,0.00039314,26.1815,23.5278,0.2573,40.2286,1.0517,4093.0372,156.3333,25.8255,26.2200,25.9457,26.176,26.176,26.3317,26.3317,26.3317,26.176,0.0,1.005951,1.005951,1.000211,29,110,12,1,0.09622170,0.00982855,0.04864130,0E-8,0.000000,0.898644,0.000000,-0.04294500,2026-03-27,2026-08-03,12,459,262,130,0.092308,0.984956,0.986404,0.320739,,,,,,,,GLOBAL_BASELINE_NO_ENTITY_RANKING,,,NOT_APPLICABLE_GLOBAL_BASELINE,HF9g-P5,,,,X 全窗基线 · 不参与实体赏罚,8394332,840,A168_HF9F_20260827_0900,2026-08-27 09:00:00
2026-03-27,147441826,2220,0,105.3269083920,-2.6331727098,-2.6331727098,0.5000000,4,4,0.50665070000000000,0.506650700000,-0.02660515369234503,-0.02660515369234503,-0.02660515369234503,0E-17,ELIGIBLE,R03b_20260811_FULL_v1,L1_ELIGIBILITY,v2026-08-11,2026-03-21..2026-08-06,baccarat_bet02_101_all_pairs_incl_sentinel,round_win = game_pnl > 0 (decisive only),COMPATIBILITY_ONLY_NOT_PRODUCTION,49116.4465,44138.1901,482.7433,1876,1876,-0.00982855,-0.04864130,-0.00569631,-0.00982855,-482.7433,49116.4465,OK,0.0000,19.3097,4.0000,96.0000,AG03-UNRESOLVED,ALL5_LEVELS_bet23_to_bet27,19.3097,19.3097,24.1372,24.1372,24.1372,4.000000,4.000000,5.000000,5.000000,5.000000,96.000000,96.000000,95.000000,95.000000,95.000000,5.0,111.0310,101.3004,371.7123,381.4429,PENDING_AG03,FALSE,NOT_FOR_ENFORCEMENT,463.4336,42372.6625,482.7433,463.4336,19.3097,0.00982855,0.00943540,19.3097,463.4336,0.00943540,19.3097,19.3097,24.1372,24.1372,24.1372,463.4336,0.00943540,111.0310,101.3004,371.7123,381.4429,0.00756798,0.00776609,0.00039314,26.1815,23.5278,0.2573,40.2286,1.0517,4093.0372,156.3333,25.8255,26.2200,25.9457,26.176,26.176,26.3317,26.3317,26.3317,26.176,0.0,1.005951,1.005951,1.000211,29,110,12,1,0.09622170,0.00982855,0.04864130,0E-8,0.000000,0.898644,0.000000,-0.04294500,2026-03-27,2026-08-03,12,459,262,130,0.092308,0.984956,0.986404,0.320739,,,,,,,,GLOBAL_BASELINE_NO_ENTITY_RANKING,,,NOT_APPLICABLE_GLOBAL_BASELINE,HF9g-P5,,,,X 全窗基线 · 不参与实体赏罚,8394333,840,A168_HF9F_20260827_0900,2026-08-27 09:00:00
2026-03-27,147441826,2224,0,78.9951812940,23.6985543882,23.6985543882,0.6666667,3,3,0.50665070000000000,0.506650700000,0.5543606114942035,0.5543606114942035,0.5543606114942035,0E-17,ELIGIBLE,R03b_20260811_FULL_v1,L1_ELIGIBILITY,v2026-08-11,2026-03-21..2026-08-06,baccarat_bet02_101_all_pairs_incl_sentinel,round_win = game_pnl > 0 (decisive only),COMPATIBILITY_ONLY_NOT_PRODUCTION,49116.4465,44138.1901,482.7433,1876,1876,-0.00982855,-0.04864130,-0.00569631,-0.00982855,-482.7433,49116.4465,OK,0.0000,19.3097,4.0000,96.0000,AG03-UNRESOLVED,ALL5_LEVELS_bet23_to_bet27,19.3097,19.3097,24.1372,24.1372,24.1372,4.000000,4.000000,5.000000,5.000000,5.000000,96.000000,96.000000,95.000000,95.000000,95.000000,5.0,111.0310,101.3004,371.7123,381.4429,PENDING_AG03,FALSE,NOT_FOR_ENFORCEMENT,463.4336,42372.6625,482.7433,463.4336,19.3097,0.00982855,0.00943540,19.3097,463.4336,0.00943540,19.3097,19.3097,24.1372,24.1372,24.1372,463.4336,0.00943540,111.0310,101.3004,371.7123,381.4429,0.00756798,0.00776609,0.00039314,26.1815,23.5278,0.2573,40.2286,1.0517,4093.0372,156.3333,25.8255,26.2200,25.9457,26.176,26.176,26.3317,26.3317,26.3317,26.176,0.0,1.005951,1.005951,1.000211,29,110,12,1,0.09622170,0.00982855,0.04864130,0E-8,0.000000,0.898644,0.000000,-0.04294500,2026-03-27,2026-08-03,12,459,262,130,0.092308,0.984956,0.986404,0.320739,,,,,,,,GLOBAL_BASELINE_NO_ENTITY_RANKING,,,NOT_APPLICABLE_GLOBAL_BASELINE,HF9g-P5,,,,X 全窗基线 · 不参与实体赏罚,8394334,840,A168_HF9F_20260827_0900,2026-08-27 09:00:00
2026-03-27,147441826,2232,0,52.6634541960,-1.3165863549,-1.3165863549,0.5000000,2,2,0.50665070000000000,0.506650700000,-0.018812684590367487,-0.018812684590367487,-0.018812684590367487,0E-17,ELIGIBLE,R03b_20260811_FULL_v1,L1_ELIGIBILITY,v2026-08-11,2026-03-21..2026-08-06,baccarat_bet02_101_all_pairs_incl_sentinel,round_win = game_pnl > 0 (decisive only),COMPATIBILITY_ONLY_NOT_PRODUCTION,49116.4465,44138.1901,482.7433,1876,1876,-0.00982855,-0.04864130,-0.00569631,-0.00982855,-482.7433,49116.4465,OK,0.0000,19.3097,4.0000,96.0000,AG03-UNRESOLVED,ALL5_LEVELS_bet23_to_bet27,19.3097,19.3097,24.1372,24.1372,24.1372,4.000000,4.000000,5.000000,5.000000,5.000000,96.000000,96.000000,95.000000,95.000000,95.000000,5.0,111.0310,101.3004,371.7123,381.4429,PENDING_AG03,FALSE,NOT_FOR_ENFORCEMENT,463.4336,42372.6625,482.7433,463.4336,19.3097,0.00982855,0.00943540,19.3097,463.4336,0.00943540,19.3097,19.3097,24.1372,24.1372,24.1372,463.4336,0.00943540,111.0310,101.3004,371.7123,381.4429,0.00756798,0.00776609,0.00039314,26.1815,23.5278,0.2573,40.2286,1.0517,4093.0372,156.3333,25.8255,26.2200,25.9457,26.176,26.176,26.3317,26.3317,26.3317,26.176,0.0,1.005951,1.005951,1.000211,29,110,12,1,0.09622170,0.00982855,0.04864130,0E-8,0.000000,0.898644,0.000000,-0.04294500,2026-03-27,2026-08-03,12,459,262,130,0.092308,0.984956,0.986404,0.320739,,,,,,,,GLOBAL_BASELINE_NO_ENTITY_RANKING,,,NOT_APPLICABLE_GLOBAL_BASELINE,HF9g-P5,,,,X 全窗基线 · 不参与实体赏罚,8394335,840,A168_HF9F_20260827_0900,2026-08-27 09:00:00
2026-03-27,147441826,2233,0,184.3220896860,-81.6283540038,-81.6283540038,0.2857143,7,7,0.50665070000000000,0.506650700000,-1.169189050789051,-1.169189050789051,-1.169189050789051,0E-17,ELIGIBLE,R03b_20260811_FULL_v1,L1_ELIGIBILITY,v2026-08-11,2026-03-21..2026-08-06,baccarat_bet02_101_all_pairs_incl_sentinel,round_win = game_pnl > 0 (decisive only),COMPATIBILITY_ONLY_NOT_PRODUCTION,49116.4465,44138.1901,482.7433,1876,1876,-0.00982855,-0.04864130,-0.00569631,-0.00982855,-482.7433,49116.4465,OK,0.0000,19.3097,4.0000,96.0000,AG03-UNRESOLVED,ALL5_LEVELS_bet23_to_bet27,19.3097,19.3097,24.1372,24.1372,24.1372,4.000000,4.000000,5.000000,5.000000,5.000000,96.000000,96.000000,95.000000,95.000000,95.000000,5.0,111.0310,101.3004,371.7123,381.4429,PENDING_AG03,FALSE,NOT_FOR_ENFORCEMENT,463.4336,42372.6625,482.7433,463.4336,19.3097,0.00982855,0.00943540,19.3097,463.4336,0.00943540,19.3097,19.3097,24.1372,24.1372,24.1372,463.4336,0.00943540,111.0310,101.3004,371.7123,381.4429,0.00756798,0.00776609,0.00039314,26.1815,23.5278,0.2573,40.2286,1.0517,4093.0372,156.3333,25.8255,26.2200,25.9457,26.176,26.176,26.3317,26.3317,26.3317,26.176,0.0,1.005951,1.005951,1.000211,29,110,12,1,0.09622170,0.00982855,0.04864130,0E-8,0.000000,0.898644,0.000000,-0.04294500,2026-03-27,2026-08-03,12,459,262,130,0.092308,0.984956,0.986404,0.320739,,,,,,,,GLOBAL_BASELINE_NO_ENTITY_RANKING,,,NOT_APPLICABLE_GLOBAL_BASELINE,HF9g-P5,,,,X 全窗基线 · 不参与实体赏罚,8394336,840,A168_HF9F_20260827_0900,2026-08-27 09:00:00
2026-03-27,147441826,2239,0,131.6586354900,-80.3117676489,-80.3117676489,0.2000000,5,5,0.50665070000000000,0.506650700000,-1.3715049547573244,-1.3715049547573244,-1.3715049547573244,0E-17,ELIGIBLE,R03b_20260811_FULL_v1,L1_ELIGIBILITY,v2026-08-11,2026-03-21..2026-08-06,baccarat_bet02_101_all_pairs_incl_sentinel,round_win = game_pnl > 0 (decisive only),COMPATIBILITY_ONLY_NOT_PRODUCTION,49116.4465,44138.1901,482.7433,1876,1876,-0.00982855,-0.04864130,-0.00569631,-0.00982855,-482.7433,49116.4465,OK,0.0000,19.3097,4.0000,96.0000,AG03-UNRESOLVED,ALL5_LEVELS_bet23_to_bet27,19.3097,19.3097,24.1372,24.1372,24.1372,4.000000,4.000000,5.000000,5.000000,5.000000,96.000000,96.000000,95.000000,95.000000,95.000000,5.0,111.0310,101.3004,371.7123,381.4429,PENDING_AG03,FALSE,NOT_FOR_ENFORCEMENT,463.4336,42372.6625,482.7433,463.4336,19.3097,0.00982855,0.00943540,19.3097,463.4336,0.00943540,19.3097,19.3097,24.1372,24.1372,24.1372,463.4336,0.00943540,111.0310,101.3004,371.7123,381.4429,0.00756798,0.00776609,0.00039314,26.1815,23.5278,0.2573,40.2286,1.0517,4093.0372,156.3333,25.8255,26.2200,25.9457,26.176,26.176,26.3317,26.3317,26.3317,26.176,0.0,1.005951,1.005951,1.000211,29,110,12,1,0.09622170,0.00982855,0.04864130,0E-8,0.000000,0.898644,0.000000,-0.04294500,2026-03-27,2026-08-03,12,459,262,130,0.092308,0.984956,0.986404,0.320739,,,,,,,,GLOBAL_BASELINE_NO_ENTITY_RANKING,,,NOT_APPLICABLE_GLOBAL_BASELINE,HF9g-P5,,,,X 全窗基线 · 不参与实体赏罚,8394337,840,A168_HF9F_20260827_0900,2026-08-27 09:00:00
2026-03-27,147441826,2254,0,236.9855438820,-56.6132132607,-56.6132132607,0.3750000,9,9,0.50665070000000000,0.506650700000,-0.7447947118953172,-0.7447947118953172,-0.7447947118953172,0E-17,ELIGIBLE,R03b_20260811_FULL_v1,L1_ELIGIBILITY,v2026-08-11,2026-03-21..2026-08-06,baccarat_bet02_101_all_pairs_incl_sentinel,round_win = game_pnl > 0 (decisive only),COMPATIBILITY_ONLY_NOT_PRODUCTION,49116.4465,44138.1901,482.7433,1876,1876,-0.00982855,-0.04864130,-0.00569631,-0.00982855,-482.7433,49116.4465,OK,0.0000,19.3097,4.0000,96.0000,AG03-UNRESOLVED,ALL5_LEVELS_bet23_to_bet27,19.3097,19.3097,24.1372,24.1372,24.1372,4.000000,4.000000,5.000000,5.000000,5.000000,96.000000,96.000000,95.000000,95.000000,95.000000,5.0,111.0310,101.3004,371.7123,381.4429,PENDING_AG03,FALSE,NOT_FOR_ENFORCEMENT,463.4336,42372.6625,482.7433,463.4336,19.3097,0.00982855,0.00943540,19.3097,463.4336,0.00943540,19.3097,19.3097,24.1372,24.1372,24.1372,463.4336,0.00943540,111.0310,101.3004,371.7123,381.4429,0.00756798,0.00776609,0.00039314,26.1815,23.5278,0.2573,40.2286,1.0517,4093.0372,156.3333,25.8255,26.2200,25.9457,26.176,26.176,26.3317,26.3317,26.3317,26.176,0.0,1.005951,1.005951,1.000211,29,110,12,1,0.09622170,0.00982855,0.04864130,0E-8,0.000000,0.898644,0.000000,-0.04294500,2026-03-27,2026-08-03,12,459,262,130,0.092308,0.984956,0.986404,0.320739,,,,,,,,GLOBAL_BASELINE_NO_ENTITY_RANKING,,,NOT_APPLICABLE_GLOBAL_BASELINE,HF9g-P5,,,,X 全窗基线 · 不参与实体赏罚,8394338,840,A168_HF9F_20260827_0900,2026-08-27 09:00:00
2026-03-27,147441826,2256,0,131.6586354900,22.3819680333,22.3819680333,0.6000000,5,5,0.50665070000000000,0.506650700000,0.4175076967804994,0.4175076967804994,0.4175076967804994,0E-17,ELIGIBLE,R03b_20260811_FULL_v1,L1_ELIGIBILITY,v2026-08-11,2026-03-21..2026-08-06,baccarat_bet02_101_all_pairs_incl_sentinel,round_win = game_pnl > 0 (decisive only),COMPATIBILITY_ONLY_NOT_PRODUCTION,49116.4465,44138.1901,482.7433,1876,1876,-0.00982855,-0.04864130,-0.00569631,-0.00982855,-482.7433,49116.4465,OK,0.0000,19.3097,4.0000,96.0000,AG03-UNRESOLVED,ALL5_LEVELS_bet23_to_bet27,19.3097,19.3097,24.1372,24.1372,24.1372,4.000000,4.000000,5.000000,5.000000,5.000000,96.000000,96.000000,95.000000,95.000000,95.000000,5.0,111.0310,101.3004,371.7123,381.4429,PENDING_AG03,FALSE,NOT_FOR_ENFORCEMENT,463.4336,42372.6625,482.7433,463.4336,19.3097,0.00982855,0.00943540,19.3097,463.4336,0.00943540,19.3097,19.3097,24.1372,24.1372,24.1372,463.4336,0.00943540,111.0310,101.3004,371.7123,381.4429,0.00756798,0.00776609,0.00039314,26.1815,23.5278,0.2573,40.2286,1.0517,4093.0372,156.3333,25.8255,26.2200,25.9457,26.176,26.176,26.3317,26.3317,26.3317,26.176,0.0,1.005951,1.005951,1.000211,29,110,12,1,0.09622170,0.00982855,0.04864130,0E-8,0.000000,0.898644,0.000000,-0.04294500,2026-03-27,2026-08-03,12,459,262,130,0.092308,0.984956,0.986404,0.320739,,,,,,,,GLOBAL_BASELINE_NO_ENTITY_RANKING,,,NOT_APPLICABLE_GLOBAL_BASELINE,HF9g-P5,,,,X 全窗基线 · 不参与实体赏罚,8394339,840,A168_HF9F_20260827_0900,2026-08-27 09:00:00
2026-03-27,147441826,2258,0,26.3317270980,25.0151407431,25.0151407431,1.0000000,1,1,0.50665070000000000,0.506650700000,0.9867858985152569,0.9867858985152569,0.9867858985152569,0E-17,ELIGIBLE,R03b_20260811_FULL_v1,L1_ELIGIBILITY,v2026-08-11,2026-03-21..2026-08-06,baccarat_bet02_101_all_pairs_incl_sentinel,round_win = game_pnl > 0 (decisive only),COMPATIBILITY_ONLY_NOT_PRODUCTION,49116.4465,44138.1901,482.7433,1876,1876,-0.00982855,-0.04864130,-0.00569631,-0.00982855,-482.7433,49116.4465,OK,0.0000,19.3097,4.0000,96.0000,AG03-UNRESOLVED,ALL5_LEVELS_bet23_to_bet27,19.3097,19.3097,24.1372,24.1372,24.1372,4.000000,4.000000,5.000000,5.000000,5.000000,96.000000,96.000000,95.000000,95.000000,95.000000,5.0,111.0310,101.3004,371.7123,381.4429,PENDING_AG03,FALSE,NOT_FOR_ENFORCEMENT,463.4336,42372.6625,482.7433,463.4336,19.3097,0.00982855,0.00943540,19.3097,463.4336,0.00943540,19.3097,19.3097,24.1372,24.1372,24.1372,463.4336,0.00943540,111.0310,101.3004,371.7123,381.4429,0.00756798,0.00776609,0.00039314,26.1815,23.5278,0.2573,40.2286,1.0517,4093.0372,156.3333,25.8255,26.2200,25.9457,26.176,26.176,26.3317,26.3317,26.3317,26.176,0.0,1.005951,1.005951,1.000211,29,110,12,1,0.09622170,0.00982855,0.04864130,0E-8,0.000000,0.898644,0.000000,-0.04294500,2026-03-27,2026-08-03,12,459,262,130,0.092308,0.984956,0.986404,0.320739,,,,,,,,GLOBAL_BASELINE_NO_ENTITY_RANKING,,,NOT_APPLICABLE_GLOBAL_BASELINE,HF9g-P5,,,,X 全窗基线 · 不参与实体赏罚,8394340,840,A168_HF9F_20260827_0900,2026-08-27 09:00:00
2026-03-27,147441826,2264,0,263.3172709800,-30.2814861627,-30.2814861627,0.4285714,10,10,0.50665070000000000,0.506650700000,-0.4131932236838825,-0.4131932236838825,-0.4131932236838825,0E-17,ELIGIBLE,R03b_20260811_FULL_v1,L1_ELIGIBILITY,v2026-08-11,2026-03-21..2026-08-06,baccarat_bet02_101_all_pairs_incl_sentinel,round_win = game_pnl > 0 (decisive only),COMPATIBILITY_ONLY_NOT_PRODUCTION,49116.4465,44138.1901,482.7433,1876,1876,-0.00982855,-0.04864130,-0.00569631,-0.00982855,-482.7433,49116.4465,OK,0.0000,19.3097,4.0000,96.0000,AG03-UNRESOLVED,ALL5_LEVELS_bet23_to_bet27,19.3097,19.3097,24.1372,24.1372,24.1372,4.000000,4.000000,5.000000,5.000000,5.000000,96.000000,96.000000,95.000000,95.000000,95.000000,5.0,111.0310,101.3004,371.7123,381.4429,PENDING_AG03,FALSE,NOT_FOR_ENFORCEMENT,463.4336,42372.6625,482.7433,463.4336,19.3097,0.00982855,0.00943540,19.3097,463.4336,0.00943540,19.3097,19.3097,24.1372,24.1372,24.1372,463.4336,0.00943540,111.0310,101.3004,371.7123,381.4429,0.00756798,0.00776609,0.00039314,26.1815,23.5278,0.2573,40.2286,1.0517,4093.0372,156.3333,25.8255,26.2200,25.9457,26.176,26.176,26.3317,26.3317,26.3317,26.176,0.0,1.005951,1.005951,1.000211,29,110,12,1,0.09622170,0.00982855,0.04864130,0E-8,0.000000,0.898644,0.000000,-0.04294500,2026-03-27,2026-08-03,12,459,262,130,0.092308,0.984956,0.986404,0.320739,,,,,,,,GLOBAL_BASELINE_NO_ENTITY_RANKING,,,NOT_APPLICABLE_GLOBAL_BASELINE,HF9g-P5,,,,X 全窗基线 · 不参与实体赏罚,8394341,840,A168_HF9F_20260827_0900,2026-08-27 09:00:00
2026-03-27,147441826,2266,0,157.9903625880,-28.9648998078,-28.9648998078,0.4000000,6,6,0.50665070000000000,0.506650700000,-0.4769986289884125,-0.4769986289884125,-0.4769986289884125,0E-17,ELIGIBLE,R03b_20260811_FULL_v1,L1_ELIGIBILITY,v2026-08-11,2026-03-21..2026-08-06,baccarat_bet02_101_all_pairs_incl_sentinel,round_win = game_pnl > 0 (decisive only),COMPATIBILITY_ONLY_NOT_PRODUCTION,49116.4465,44138.1901,482.7433,1876,1876,-0.00982855,-0.04864130,-0.00569631,-0.00982855,-482.7433,49116.4465,OK,0.0000,19.3097,4.0000,96.0000,AG03-UNRESOLVED,ALL5_LEVELS_bet23_to_bet27,19.3097,19.3097,24.1372,24.1372,24.1372,4.000000,4.000000,5.000000,5.000000,5.000000,96.000000,96.000000,95.000000,95.000000,95.000000,5.0,111.0310,101.3004,371.7123,381.4429,PENDING_AG03,FALSE,NOT_FOR_ENFORCEMENT,463.4336,42372.6625,482.7433,463.4336,19.3097,0.00982855,0.00943540,19.3097,463.4336,0.00943540,19.3097,19.3097,24.1372,24.1372,24.1372,463.4336,0.00943540,111.0310,101.3004,371.7123,381.4429,0.00756798,0.00776609,0.00039314,26.1815,23.5278,0.2573,40.2286,1.0517,4093.0372,156.3333,25.8255,26.2200,25.9457,26.176,26.176,26.3317,26.3317,26.3317,26.176,0.0,1.005951,1.005951,1.000211,29,110,12,1,0.09622170,0.00982855,0.04864130,0E-8,0.000000,0.898644,0.000000,-0.04294500,2026-03-27,2026-08-03,12,459,262,130,0.092308,0.984956,0.986404,0.320739,,,,,,,,GLOBAL_BASELINE_NO_ENTITY_RANKING,,,NOT_APPLICABLE_GLOBAL_BASELINE,HF9g-P5,,,,X 全窗基线 · 不参与实体赏罚,8394342,840,A168_HF9F_20260827_0900,2026-08-27 09:00:00
2026-03-29,147441826,-1,1,2685.8361639960,376.5436975014,376.5436975014,0.5934066,102,102,0.50665070000000000,0.506650700000,1.655343397638684,1.655343397638684,1.655343397638684,0E-17,SENTINEL_DEALER,R03b_20260811_FULL_v1,L1_ELIGIBILITY,v2026-08-11,2026-03-21..2026-08-06,baccarat_bet02_101_all_pairs_incl_sentinel,round_win = game_pnl > 0 (decisive only),COMPATIBILITY_ONLY_NOT_PRODUCTION,49116.4465,44138.1901,482.7433,1876,1876,-0.00982855,-0.04864130,-0.00569631,-0.00982855,-482.7433,49116.4465,OK,0.0000,19.3097,4.0000,96.0000,AG03-UNRESOLVED,ALL5_LEVELS_bet23_to_bet27,19.3097,19.3097,24.1372,24.1372,24.1372,4.000000,4.000000,5.000000,5.000000,5.000000,96.000000,96.000000,95.000000,95.000000,95.000000,5.0,111.0310,101.3004,371.7123,381.4429,PENDING_AG03,FALSE,NOT_FOR_ENFORCEMENT,463.4336,42372.6625,482.7433,463.4336,19.3097,0.00982855,0.00943540,19.3097,463.4336,0.00943540,19.3097,19.3097,24.1372,24.1372,24.1372,463.4336,0.00943540,111.0310,101.3004,371.7123,381.4429,0.00756798,0.00776609,0.00039314,26.1815,23.5278,0.2573,40.2286,1.0517,4093.0372,156.3333,25.8255,26.2200,25.9457,26.176,26.176,26.3317,26.3317,26.3317,26.176,0.0,1.005951,1.005951,1.000211,29,110,12,1,0.09622170,0.00982855,0.04864130,0E-8,0.000000,0.898644,0.000000,-0.04294500,2026-03-27,2026-08-03,12,459,262,130,0.092308,0.984956,0.986404,0.320739,,,,,,,,GLOBAL_BASELINE_NO_ENTITY_RANKING,,,NOT_APPLICABLE_GLOBAL_BASELINE,HF9g-P5,,,,X 全窗基线 · 不参与实体赏罚,8394343,840,A168_HF9F_20260827_0900,2026-08-27 09:00:00
2026-03-29,147441826,1115,0,131.6586354900,75.0454222293,75.0454222293,1.0000000,5,5,0.50665070000000000,0.506650700000,1.7091633124209307,1.7091633124209307,1.7091633124209307,0E-17,ELIGIBLE,R03b_20260811_FULL_v1,L1_ELIGIBILITY,v2026-08-11,2026-03-21..2026-08-06,baccarat_bet02_101_all_pairs_incl_sentinel,round_win = game_pnl > 0 (decisive only),COMPATIBILITY_ONLY_NOT_PRODUCTION,49116.4465,44138.1901,482.7433,1876,1876,-0.00982855,-0.04864130,-0.00569631,-0.00982855,-482.7433,49116.4465,OK,0.0000,19.3097,4.0000,96.0000,AG03-UNRESOLVED,ALL5_LEVELS_bet23_to_bet27,19.3097,19.3097,24.1372,24.1372,24.1372,4.000000,4.000000,5.000000,5.000000,5.000000,96.000000,96.000000,95.000000,95.000000,95.000000,5.0,111.0310,101.3004,371.7123,381.4429,PENDING_AG03,FALSE,NOT_FOR_ENFORCEMENT,463.4336,42372.6625,482.7433,463.4336,19.3097,0.00982855,0.00943540,19.3097,463.4336,0.00943540,19.3097,19.3097,24.1372,24.1372,24.1372,463.4336,0.00943540,111.0310,101.3004,371.7123,381.4429,0.00756798,0.00776609,0.00039314,26.1815,23.5278,0.2573,40.2286,1.0517,4093.0372,156.3333,25.8255,26.2200,25.9457,26.176,26.176,26.3317,26.3317,26.3317,26.176,0.0,1.005951,1.005951,1.000211,29,110,12,1,0.09622170,0.00982855,0.04864130,0E-8,0.000000,0.898644,0.000000,-0.04294500,2026-03-27,2026-08-03,12,459,262,130,0.092308,0.984956,0.986404,0.320739,,,,,,,,GLOBAL_BASELINE_NO_ENTITY_RANKING,,,NOT_APPLICABLE_GLOBAL_BASELINE,HF9g-P5,,,,X 全窗基线 · 不参与实体赏罚,8394344,840,A168_HF9F_20260827_0900,2026-08-27 09:00:00
2026-03-29,147441826,1330,0,157.9903625880,-2.6331727098,-2.6331727098,0.5000000,6,6,0.50665070000000000,0.506650700000,-0.02660515369234503,-0.02660515369234503,-0.02660515369234503,0E-17,ELIGIBLE,R03b_20260811_FULL_v1,L1_ELIGIBILITY,v2026-08-11,2026-03-21..2026-08-06,baccarat_bet02_101_all_pairs_incl_sentinel,round_win = game_pnl > 0 (decisive only),COMPATIBILITY_ONLY_NOT_PRODUCTION,49116.4465,44138.1901,482.7433,1876,1876,-0.00982855,-0.04864130,-0.00569631,-0.00982855,-482.7433,49116.4465,OK,0.0000,19.3097,4.0000,96.0000,AG03-UNRESOLVED,ALL5_LEVELS_bet23_to_bet27,19.3097,19.3097,24.1372,24.1372,24.1372,4.000000,4.000000,5.000000,5.000000,5.000000,96.000000,96.000000,95.000000,95.000000,95.000000,5.0,111.0310,101.3004,371.7123,381.4429,PENDING_AG03,FALSE,NOT_FOR_ENFORCEMENT,463.4336,42372.6625,482.7433,463.4336,19.3097,0.00982855,0.00943540,19.3097,463.4336,0.00943540,19.3097,19.3097,24.1372,24.1372,24.1372,463.4336,0.00943540,111.0310,101.3004,371.7123,381.4429,0.00756798,0.00776609,0.00039314,26.1815,23.5278,0.2573,40.2286,1.0517,4093.0372,156.3333,25.8255,26.2200,25.9457,26.176,26.176,26.3317,26.3317,26.3317,26.176,0.0,1.005951,1.005951,1.000211,29,110,12,1,0.09622170,0.00982855,0.04864130,0E-8,0.000000,0.898644,0.000000,-0.04294500,2026-03-27,2026-08-03,12,459,262,130,0.092308,0.984956,0.986404,0.320739,,,,,,,,GLOBAL_BASELINE_NO_ENTITY_RANKING,,,NOT_APPLICABLE_GLOBAL_BASELINE,HF9g-P5,,,,X 全窗基线 · 不参与实体赏罚,8394345,840,A168_HF9F_20260827_0900,2026-08-27 09:00:00
2026-03-29,147441826,1354,0,52.6634541960,-1.3165863549,-1.3165863549,0.5000000,2,2,0.50665070000000000,0.506650700000,-0.018812684590367487,-0.018812684590367487,-0.018812684590367487,0E-17,ELIGIBLE,R03b_20260811_FULL_v1,L1_ELIGIBILITY,v2026-08-11,2026-03-21..2026-08-06,baccarat_bet02_101_all_pairs_incl_sentinel,round_win = game_pnl > 0 (decisive only),COMPATIBILITY_ONLY_NOT_PRODUCTION,49116.4465,44138.1901,482.7433,1876,1876,-0.00982855,-0.04864130,-0.00569631,-0.00982855,-482.7433,49116.4465,OK,0.0000,19.3097,4.0000,96.0000,AG03-UNRESOLVED,ALL5_LEVELS_bet23_to_bet27,19.3097,19.3097,24.1372,24.1372,24.1372,4.000000,4.000000,5.000000,5.000000,5.000000,96.000000,96.000000,95.000000,95.000000,95.000000,5.0,111.0310,101.3004,371.7123,381.4429,PENDING_AG03,FALSE,NOT_FOR_ENFORCEMENT,463.4336,42372.6625,482.7433,463.4336,19.3097,0.00982855,0.00943540,19.3097,463.4336,0.00943540,19.3097,19.3097,24.1372,24.1372,24.1372,463.4336,0.00943540,111.0310,101.3004,371.7123,381.4429,0.00756798,0.00776609,0.00039314,26.1815,23.5278,0.2573,40.2286,1.0517,4093.0372,156.3333,25.8255,26.2200,25.9457,26.176,26.176,26.3317,26.3317,26.3317,26.176,0.0,1.005951,1.005951,1.000211,29,110,12,1,0.09622170,0.00982855,0.04864130,0E-8,0.000000,0.898644,0.000000,-0.04294500,2026-03-27,2026-08-03,12,459,262,130,0.092308,0.984956,0.986404,0.320739,,,,,,,,GLOBAL_BASELINE_NO_ENTITY_RANKING,,,NOT_APPLICABLE_GLOBAL_BASELINE,HF9g-P5,,,,X 全窗基线 · 不参与实体赏罚,8394346,840,A168_HF9F_20260827_0900,2026-08-27 09:00:00
2026-03-29,147441826,1363,0,26.3317270980,-26.3317270980,-26.3317270980,0E-7,1,1,0.50665070000000000,0.506650700000,-1.013391052207602,-1.013391052207602,-1.013391052207602,0E-17,ELIGIBLE,R03b_20260811_FULL_v1,L1_ELIGIBILITY,v2026-08-11,2026-03-21..2026-08-06,baccarat_bet02_101_all_pairs_incl_sentinel,round_win = game_pnl > 0 (decisive only),COMPATIBILITY_ONLY_NOT_PRODUCTION,49116.4465,44138.1901,482.7433,1876,1876,-0.00982855,-0.04864130,-0.00569631,-0.00982855,-482.7433,49116.4465,OK,0.0000,19.3097,4.0000,96.0000,AG03-UNRESOLVED,ALL5_LEVELS_bet23_to_bet27,19.3097,19.3097,24.1372,24.1372,24.1372,4.000000,4.000000,5.000000,5.000000,5.000000,96.000000,96.000000,95.000000,95.000000,95.000000,5.0,111.0310,101.3004,371.7123,381.4429,PENDING_AG03,FALSE,NOT_FOR_ENFORCEMENT,463.4336,42372.6625,482.7433,463.4336,19.3097,0.00982855,0.00943540,19.3097,463.4336,0.00943540,19.3097,19.3097,24.1372,24.1372,24.1372,463.4336,0.00943540,111.0310,101.3004,371.7123,381.4429,0.00756798,0.00776609,0.00039314,26.1815,23.5278,0.2573,40.2286,1.0517,4093.0372,156.3333,25.8255,26.2200,25.9457,26.176,26.176,26.3317,26.3317,26.3317,26.176,0.0,1.005951,1.005951,1.000211,29,110,12,1,0.09622170,0.00982855,0.04864130,0E-8,0.000000,0.898644,0.000000,-0.04294500,2026-03-27,2026-08-03,12,459,262,130,0.092308,0.984956,0.986404,0.320739,,,,,,,,GLOBAL_BASELINE_NO_ENTITY_RANKING,,,NOT_APPLICABLE_GLOBAL_BASELINE,HF9g-P5,,,,X 全窗基线 · 不参与实体赏罚,8394347,840,A168_HF9F_20260827_0900,2026-08-27 09:00:00
2026-03-29,147441826,1374,0,131.6586354900,22.3819680333,22.3819680333,0.6000000,5,5,0.50665070000000000,0.506650700000,0.4175076967804994,0.4175076967804994,0.4175076967804994,0E-17,ELIGIBLE,R03b_20260811_FULL_v1,L1_ELIGIBILITY,v2026-08-11,2026-03-21..2026-08-06,baccarat_bet02_101_all_pairs_incl_sentinel,round_win = game_pnl > 0 (decisive only),COMPATIBILITY_ONLY_NOT_PRODUCTION,49116.4465,44138.1901,482.7433,1876,1876,-0.00982855,-0.04864130,-0.00569631,-0.00982855,-482.7433,49116.4465,OK,0.0000,19.3097,4.0000,96.0000,AG03-UNRESOLVED,ALL5_LEVELS_bet23_to_bet27,19.3097,19.3097,24.1372,24.1372,24.1372,4.000000,4.000000,5.000000,5.000000,5.000000,96.000000,96.000000,95.000000,95.000000,95.000000,5.0,111.0310,101.3004,371.7123,381.4429,PENDING_AG03,FALSE,NOT_FOR_ENFORCEMENT,463.4336,42372.6625,482.7433,463.4336,19.3097,0.00982855,0.00943540,19.3097,463.4336,0.00943540,19.3097,19.3097,24.1372,24.1372,24.1372,463.4336,0.00943540,111.0310,101.3004,371.7123,381.4429,0.00756798,0.00776609,0.00039314,26.1815,23.5278,0.2573,40.2286,1.0517,4093.0372,156.3333,25.8255,26.2200,25.9457,26.176,26.176,26.3317,26.3317,26.3317,26.176,0.0,1.005951,1.005951,1.000211,29,110,12,1,0.09622170,0.00982855,0.04864130,0E-8,0.000000,0.898644,0.000000,-0.04294500,2026-03-27,2026-08-03,12,459,262,130,0.092308,0.984956,0.986404,0.320739,,,,,,,,GLOBAL_BASELINE_NO_ENTITY_RANKING,,,NOT_APPLICABLE_GLOBAL_BASELINE,HF9g-P5,,,,X 全窗基线 · 不参与实体赏罚,8394348,840,A168_HF9F_20260827_0900,2026-08-27 09:00:00
2026-03-29,147441826,1399,0,184.3220896860,-81.6283540038,-81.6283540038,0.2857143,7,7,0.50665070000000000,0.506650700000,-1.169189050789051,-1.169189050789051,-1.169189050789051,0E-17,ELIGIBLE,R03b_20260811_FULL_v1,L1_ELIGIBILITY,v2026-08-11,2026-03-21..2026-08-06,baccarat_bet02_101_all_pairs_incl_sentinel,round_win = game_pnl > 0 (decisive only),COMPATIBILITY_ONLY_NOT_PRODUCTION,49116.4465,44138.1901,482.7433,1876,1876,-0.00982855,-0.04864130,-0.00569631,-0.00982855,-482.7433,49116.4465,OK,0.0000,19.3097,4.0000,96.0000,AG03-UNRESOLVED,ALL5_LEVELS_bet23_to_bet27,19.3097,19.3097,24.1372,24.1372,24.1372,4.000000,4.000000,5.000000,5.000000,5.000000,96.000000,96.000000,95.000000,95.000000,95.000000,5.0,111.0310,101.3004,371.7123,381.4429,PENDING_AG03,FALSE,NOT_FOR_ENFORCEMENT,463.4336,42372.6625,482.7433,463.4336,19.3097,0.00982855,0.00943540,19.3097,463.4336,0.00943540,19.3097,19.3097,24.1372,24.1372,24.1372,463.4336,0.00943540,111.0310,101.3004,371.7123,381.4429,0.00756798,0.00776609,0.00039314,26.1815,23.5278,0.2573,40.2286,1.0517,4093.0372,156.3333,25.8255,26.2200,25.9457,26.176,26.176,26.3317,26.3317,26.3317,26.176,0.0,1.005951,1.005951,1.000211,29,110,12,1,0.09622170,0.00982855,0.04864130,0E-8,0.000000,0.898644,0.000000,-0.04294500,2026-03-27,2026-08-03,12,459,262,130,0.092308,0.984956,0.986404,0.320739,,,,,,,,GLOBAL_BASELINE_NO_ENTITY_RANKING,,,NOT_APPLICABLE_GLOBAL_BASELINE,HF9g-P5,,,,X 全窗基线 · 不参与实体赏罚,8394349,840,A168_HF9F_20260827_0900,2026-08-27 09:00:00
2026-03-29,147441826,1400,0,236.9855438820,-82.9449403587,-82.9449403587,0.3333333,9,9,0.50665070000000000,0.506650700000,-1.0399962058999468,-1.0399962058999468,-1.0399962058999468,0E-17,ELIGIBLE,R03b_20260811_FULL_v1,L1_ELIGIBILITY,v2026-08-11,2026-03-21..2026-08-06,baccarat_bet02_101_all_pairs_incl_sentinel,round_win = game_pnl > 0 (decisive only),COMPATIBILITY_ONLY_NOT_PRODUCTION,49116.4465,44138.1901,482.7433,1876,1876,-0.00982855,-0.04864130,-0.00569631,-0.00982855,-482.7433,49116.4465,OK,0.0000,19.3097,4.0000,96.0000,AG03-UNRESOLVED,ALL5_LEVELS_bet23_to_bet27,19.3097,19.3097,24.1372,24.1372,24.1372,4.000000,4.000000,5.000000,5.000000,5.000000,96.000000,96.000000,95.000000,95.000000,95.000000,5.0,111.0310,101.3004,371.7123,381.4429,PENDING_AG03,FALSE,NOT_FOR_ENFORCEMENT,463.4336,42372.6625,482.7433,463.4336,19.3097,0.00982855,0.00943540,19.3097,463.4336,0.00943540,19.3097,19.3097,24.1372,24.1372,24.1372,463.4336,0.00943540,111.0310,101.3004,371.7123,381.4429,0.00756798,0.00776609,0.00039314,26.1815,23.5278,0.2573,40.2286,1.0517,4093.0372,156.3333,25.8255,26.2200,25.9457,26.176,26.176,26.3317,26.3317,26.3317,26.176,0.0,1.005951,1.005951,1.000211,29,110,12,1,0.09622170,0.00982855,0.04864130,0E-8,0.000000,0.898644,0.000000,-0.04294500,2026-03-27,2026-08-03,12,459,262,130,0.092308,0.984956,0.986404,0.320739,,,,,,,,GLOBAL_BASELINE_NO_ENTITY_RANKING,,,NOT_APPLICABLE_GLOBAL_BASELINE,HF9g-P5,,,,X 全窗基线 · 不参与实体赏罚,8394350,840,A168_HF9F_20260827_0900,2026-08-27 09:00:00
2026-03-29,147441826,1491,0,26.3317270980,25.0151407431,25.0151407431,1.0000000,1,1,0.50665070000000000,0.506650700000,0.9867858985152569,0.9867858985152569,0.9867858985152569,0E-17,ELIGIBLE,R03b_20260811_FULL_v1,L1_ELIGIBILITY,v2026-08-11,2026-03-21..2026-08-06,baccarat_bet02_101_all_pairs_incl_sentinel,round_win = game_pnl > 0 (decisive only),COMPATIBILITY_ONLY_NOT_PRODUCTION,49116.4465,44138.1901,482.7433,1876,1876,-0.00982855,-0.04864130,-0.00569631,-0.00982855,-482.7433,49116.4465,OK,0.0000,19.3097,4.0000,96.0000,AG03-UNRESOLVED,ALL5_LEVELS_bet23_to_bet27,19.3097,19.3097,24.1372,24.1372,24.1372,4.000000,4.000000,5.000000,5.000000,5.000000,96.000000,96.000000,95.000000,95.000000,95.000000,5.0,111.0310,101.3004,371.7123,381.4429,PENDING_AG03,FALSE,NOT_FOR_ENFORCEMENT,463.4336,42372.6625,482.7433,463.4336,19.3097,0.00982855,0.00943540,19.3097,463.4336,0.00943540,19.3097,19.3097,24.1372,24.1372,24.1372,463.4336,0.00943540,111.0310,101.3004,371.7123,381.4429,0.00756798,0.00776609,0.00039314,26.1815,23.5278,0.2573,40.2286,1.0517,4093.0372,156.3333,25.8255,26.2200,25.9457,26.176,26.176,26.3317,26.3317,26.3317,26.176,0.0,1.005951,1.005951,1.000211,29,110,12,1,0.09622170,0.00982855,0.04864130,0E-8,0.000000,0.898644,0.000000,-0.04294500,2026-03-27,2026-08-03,12,459,262,130,0.092308,0.984956,0.986404,0.320739,,,,,,,,GLOBAL_BASELINE_NO_ENTITY_RANKING,,,NOT_APPLICABLE_GLOBAL_BASELINE,HF9g-P5,,,,X 全窗基线 · 不参与实体赏罚,8394351,840,A168_HF9F_20260827_0900,2026-08-27 09:00:00
2026-03-29,147441826,1507,0,52.6634541960,-52.6634541960,-52.6634541960,0E-7,2,2,0.50665070000000000,0.506650700000,-1.4331513700195317,-1.4331513700195317,-1.4331513700195317,0E-17,ELIGIBLE,R03b_20260811_FULL_v1,L1_ELIGIBILITY,v2026-08-11,2026-03-21..2026-08-06,baccarat_bet02_101_all_pairs_incl_sentinel,round_win = game_pnl > 0 (decisive only),COMPATIBILITY_ONLY_NOT_PRODUCTION,49116.4465,44138.1901,482.7433,1876,1876,-0.00982855,-0.04864130,-0.00569631,-0.00982855,-482.7433,49116.4465,OK,0.0000,19.3097,4.0000,96.0000,AG03-UNRESOLVED,ALL5_LEVELS_bet23_to_bet27,19.3097,19.3097,24.1372,24.1372,24.1372,4.000000,4.000000,5.000000,5.000000,5.000000,96.000000,96.000000,95.000000,95.000000,95.000000,5.0,111.0310,101.3004,371.7123,381.4429,PENDING_AG03,FALSE,NOT_FOR_ENFORCEMENT,463.4336,42372.6625,482.7433,463.4336,19.3097,0.00982855,0.00943540,19.3097,463.4336,0.00943540,19.3097,19.3097,24.1372,24.1372,24.1372,463.4336,0.00943540,111.0310,101.3004,371.7123,381.4429,0.00756798,0.00776609,0.00039314,26.1815,23.5278,0.2573,40.2286,1.0517,4093.0372,156.3333,25.8255,26.2200,25.9457,26.176,26.176,26.3317,26.3317,26.3317,26.176,0.0,1.005951,1.005951,1.000211,29,110,12,1,0.09622170,0.00982855,0.04864130,0E-8,0.000000,0.898644,0.000000,-0.04294500,2026-03-27,2026-08-03,12,459,262,130,0.092308,0.984956,0.986404,0.320739,,,,,,,,GLOBAL_BASELINE_NO_ENTITY_RANKING,,,NOT_APPLICABLE_GLOBAL_BASELINE,HF9g-P5,,,,X 全窗基线 · 不参与实体赏罚,8394352,840,A168_HF9F_20260827_0900,2026-08-27 09:00:00
2026-03-29,147441826,1711,0,78.9951812940,23.6985543882,23.6985543882,0.6666667,3,3,0.50665070000000000,0.506650700000,0.5543606114942035,0.5543606114942035,0.5543606114942035,0E-17,ELIGIBLE,R03b_20260811_FULL_v1,L1_ELIGIBILITY,v2026-08-11,2026-03-21..2026-08-06,baccarat_bet02_101_all_pairs_incl_sentinel,round_win = game_pnl > 0 (decisive only),COMPATIBILITY_ONLY_NOT_PRODUCTION,49116.4465,44138.1901,482.7433,1876,1876,-0.00982855,-0.04864130,-0.00569631,-0.00982855,-482.7433,49116.4465,OK,0.0000,19.3097,4.0000,96.0000,AG03-UNRESOLVED,ALL5_LEVELS_bet23_to_bet27,19.3097,19.3097,24.1372,24.1372,24.1372,4.000000,4.000000,5.000000,5.000000,5.000000,96.000000,96.000000,95.000000,95.000000,95.000000,5.0,111.0310,101.3004,371.7123,381.4429,PENDING_AG03,FALSE,NOT_FOR_ENFORCEMENT,463.4336,42372.6625,482.7433,463.4336,19.3097,0.00982855,0.00943540,19.3097,463.4336,0.00943540,19.3097,19.3097,24.1372,24.1372,24.1372,463.4336,0.00943540,111.0310,101.3004,371.7123,381.4429,0.00756798,0.00776609,0.00039314,26.1815,23.5278,0.2573,40.2286,1.0517,4093.0372,156.3333,25.8255,26.2200,25.9457,26.176,26.176,26.3317,26.3317,26.3317,26.176,0.0,1.005951,1.005951,1.000211,29,110,12,1,0.09622170,0.00982855,0.04864130,0E-8,0.000000,0.898644,0.000000,-0.04294500,2026-03-27,2026-08-03,12,459,262,130,0.092308,0.984956,0.986404,0.320739,,,,,,,,GLOBAL_BASELINE_NO_ENTITY_RANKING,,,NOT_APPLICABLE_GLOBAL_BASELINE,HF9g-P5,,,,X 全窗基线 · 不参与实体赏罚,8394353,840,A168_HF9F_20260827_0900,2026-08-27 09:00:00
2026-03-29,147441826,1949,0,131.6586354900,-131.6586354900,-131.6586354900,0E-7,5,5,0.50665070000000000,0.506650700000,-2.266011280526236,-2.266011280526236,-2.266011280526236,0E-17,ELIGIBLE,R03b_20260811_FULL_v1,L1_ELIGIBILITY,v2026-08-11,2026-03-21..2026-08-06,baccarat_bet02_101_all_pairs_incl_sentinel,round_win = game_pnl > 0 (decisive only),COMPATIBILITY_ONLY_NOT_PRODUCTION,49116.4465,44138.1901,482.7433,1876,1876,-0.00982855,-0.04864130,-0.00569631,-0.00982855,-482.7433,49116.4465,OK,0.0000,19.3097,4.0000,96.0000,AG03-UNRESOLVED,ALL5_LEVELS_bet23_to_bet27,19.3097,19.3097,24.1372,24.1372,24.1372,4.000000,4.000000,5.000000,5.000000,5.000000,96.000000,96.000000,95.000000,95.000000,95.000000,5.0,111.0310,101.3004,371.7123,381.4429,PENDING_AG03,FALSE,NOT_FOR_ENFORCEMENT,463.4336,42372.6625,482.7433,463.4336,19.3097,0.00982855,0.00943540,19.3097,463.4336,0.00943540,19.3097,19.3097,24.1372,24.1372,24.1372,463.4336,0.00943540,111.0310,101.3004,371.7123,381.4429,0.00756798,0.00776609,0.00039314,26.1815,23.5278,0.2573,40.2286,1.0517,4093.0372,156.3333,25.8255,26.2200,25.9457,26.176,26.176,26.3317,26.3317,26.3317,26.176,0.0,1.005951,1.005951,1.000211,29,110,12,1,0.09622170,0.00982855,0.04864130,0E-8,0.000000,0.898644,0.000000,-0.04294500,2026-03-27,2026-08-03,12,459,262,130,0.092308,0.984956,0.986404,0.320739,,,,,,,,GLOBAL_BASELINE_NO_ENTITY_RANKING,,,NOT_APPLICABLE_GLOBAL_BASELINE,HF9g-P5,,,,X 全窗基线 · 不参与实体赏罚,8394354,840,A168_HF9F_20260827_0900,2026-08-27 09:00:00
2026-03-29,147441826,2123,0,131.6586354900,22.3819680333,22.3819680333,0.6000000,5,5,0.50665070000000000,0.506650700000,0.4175076967804994,0.4175076967804994,0.4175076967804994,0E-17,ELIGIBLE,R03b_20260811_FULL_v1,L1_ELIGIBILITY,v2026-08-11,2026-03-21..2026-08-06,baccarat_bet02_101_all_pairs_incl_sentinel,round_win = game_pnl > 0 (decisive only),COMPATIBILITY_ONLY_NOT_PRODUCTION,49116.4465,44138.1901,482.7433,1876,1876,-0.00982855,-0.04864130,-0.00569631,-0.00982855,-482.7433,49116.4465,OK,0.0000,19.3097,4.0000,96.0000,AG03-UNRESOLVED,ALL5_LEVELS_bet23_to_bet27,19.3097,19.3097,24.1372,24.1372,24.1372,4.000000,4.000000,5.000000,5.000000,5.000000,96.000000,96.000000,95.000000,95.000000,95.000000,5.0,111.0310,101.3004,371.7123,381.4429,PENDING_AG03,FALSE,NOT_FOR_ENFORCEMENT,463.4336,42372.6625,482.7433,463.4336,19.3097,0.00982855,0.00943540,19.3097,463.4336,0.00943540,19.3097,19.3097,24.1372,24.1372,24.1372,463.4336,0.00943540,111.0310,101.3004,371.7123,381.4429,0.00756798,0.00776609,0.00039314,26.1815,23.5278,0.2573,40.2286,1.0517,4093.0372,156.3333,25.8255,26.2200,25.9457,26.176,26.176,26.3317,26.3317,26.3317,26.176,0.0,1.005951,1.005951,1.000211,29,110,12,1,0.09622170,0.00982855,0.04864130,0E-8,0.000000,0.898644,0.000000,-0.04294500,2026-03-27,2026-08-03,12,459,262,130,0.092308,0.984956,0.986404,0.320739,,,,,,,,GLOBAL_BASELINE_NO_ENTITY_RANKING,,,NOT_APPLICABLE_GLOBAL_BASELINE,HF9g-P5,,,,X 全窗基线 · 不参与实体赏罚,8394355,840,A168_HF9F_20260827_0900,2026-08-27 09:00:00
2026-03-29,147441826,2169,0,263.3172709800,-30.2814861627,-30.2814861627,0.4285714,10,10,0.50665070000000000,0.506650700000,-0.4131932236838825,-0.4131932236838825,-0.4131932236838825,0E-17,ELIGIBLE,R03b_20260811_FULL_v1,L1_ELIGIBILITY,v2026-08-11,2026-03-21..2026-08-06,baccarat_bet02_101_all_pairs_incl_sentinel,round_win = game_pnl > 0 (decisive only),COMPATIBILITY_ONLY_NOT_PRODUCTION,49116.4465,44138.1901,482.7433,1876,1876,-0.00982855,-0.04864130,-0.00569631,-0.00982855,-482.7433,49116.4465,OK,0.0000,19.3097,4.0000,96.0000,AG03-UNRESOLVED,ALL5_LEVELS_bet23_to_bet27,19.3097,19.3097,24.1372,24.1372,24.1372,4.000000,4.000000,5.000000,5.000000,5.000000,96.000000,96.000000,95.000000,95.000000,95.000000,5.0,111.0310,101.3004,371.7123,381.4429,PENDING_AG03,FALSE,NOT_FOR_ENFORCEMENT,463.4336,42372.6625,482.7433,463.4336,19.3097,0.00982855,0.00943540,19.3097,463.4336,0.00943540,19.3097,19.3097,24.1372,24.1372,24.1372,463.4336,0.00943540,111.0310,101.3004,371.7123,381.4429,0.00756798,0.00776609,0.00039314,26.1815,23.5278,0.2573,40.2286,1.0517,4093.0372,156.3333,25.8255,26.2200,25.9457,26.176,26.176,26.3317,26.3317,26.3317,26.176,0.0,1.005951,1.005951,1.000211,29,110,12,1,0.09622170,0.00982855,0.04864130,0E-8,0.000000,0.898644,0.000000,-0.04294500,2026-03-27,2026-08-03,12,459,262,130,0.092308,0.984956,0.986404,0.320739,,,,,,,,GLOBAL_BASELINE_NO_ENTITY_RANKING,,,NOT_APPLICABLE_GLOBAL_BASELINE,HF9g-P5,,,,X 全窗基线 · 不参与实体赏罚,8394356,840,A168_HF9F_20260827_0900,2026-08-27 09:00:00
2026-03-29,147441826,2175,0,26.3317270980,25.0151407431,25.0151407431,1.0000000,1,1,0.50665070000000000,0.506650700000,0.9867858985152569,0.9867858985152569,0.9867858985152569,0E-17,ELIGIBLE,R03b_20260811_FULL_v1,L1_ELIGIBILITY,v2026-08-11,2026-03-21..2026-08-06,baccarat_bet02_101_all_pairs_incl_sentinel,round_win = game_pnl > 0 (decisive only),COMPATIBILITY_ONLY_NOT_PRODUCTION,49116.4465,44138.1901,482.7433,1876,1876,-0.00982855,-0.04864130,-0.00569631,-0.00982855,-482.7433,49116.4465,OK,0.0000,19.3097,4.0000,96.0000,AG03-UNRESOLVED,ALL5_LEVELS_bet23_to_bet27,19.3097,19.3097,24.1372,24.1372,24.1372,4.000000,4.000000,5.000000,5.000000,5.000000,96.000000,96.000000,95.000000,95.000000,95.000000,5.0,111.0310,101.3004,371.7123,381.4429,PENDING_AG03,FALSE,NOT_FOR_ENFORCEMENT,463.4336,42372.6625,482.7433,463.4336,19.3097,0.00982855,0.00943540,19.3097,463.4336,0.00943540,19.3097,19.3097,24.1372,24.1372,24.1372,463.4336,0.00943540,111.0310,101.3004,371.7123,381.4429,0.00756798,0.00776609,0.00039314,26.1815,23.5278,0.2573,40.2286,1.0517,4093.0372,156.3333,25.8255,26.2200,25.9457,26.176,26.176,26.3317,26.3317,26.3317,26.176,0.0,1.005951,1.005951,1.000211,29,110,12,1,0.09622170,0.00982855,0.04864130,0E-8,0.000000,0.898644,0.000000,-0.04294500,2026-03-27,2026-08-03,12,459,262,130,0.092308,0.984956,0.986404,0.320739,,,,,,,,GLOBAL_BASELINE_NO_ENTITY_RANKING,,,NOT_APPLICABLE_GLOBAL_BASELINE,HF9g-P5,,,,X 全窗基线 · 不参与实体赏罚,8394357,840,A168_HF9F_20260827_0900,2026-08-27 09:00:00
2026-03-29,147441826,2188,0,131.6586354900,22.3819680333,22.3819680333,0.6000000,5,5,0.50665070000000000,0.506650700000,0.4175076967804994,0.4175076967804994,0.4175076967804994,0E-17,ELIGIBLE,R03b_20260811_FULL_v1,L1_ELIGIBILITY,v2026-08-11,2026-03-21..2026-08-06,baccarat_bet02_101_all_pairs_incl_sentinel,round_win = game_pnl > 0 (decisive only),COMPATIBILITY_ONLY_NOT_PRODUCTION,49116.4465,44138.1901,482.7433,1876,1876,-0.00982855,-0.04864130,-0.00569631,-0.00982855,-482.7433,49116.4465,OK,0.0000,19.3097,4.0000,96.0000,AG03-UNRESOLVED,ALL5_LEVELS_bet23_to_bet27,19.3097,19.3097,24.1372,24.1372,24.1372,4.000000,4.000000,5.000000,5.000000,5.000000,96.000000,96.000000,95.000000,95.000000,95.000000,5.0,111.0310,101.3004,371.7123,381.4429,PENDING_AG03,FALSE,NOT_FOR_ENFORCEMENT,463.4336,42372.6625,482.7433,463.4336,19.3097,0.00982855,0.00943540,19.3097,463.4336,0.00943540,19.3097,19.3097,24.1372,24.1372,24.1372,463.4336,0.00943540,111.0310,101.3004,371.7123,381.4429,0.00756798,0.00776609,0.00039314,26.1815,23.5278,0.2573,40.2286,1.0517,4093.0372,156.3333,25.8255,26.2200,25.9457,26.176,26.176,26.3317,26.3317,26.3317,26.176,0.0,1.005951,1.005951,1.000211,29,110,12,1,0.09622170,0.00982855,0.04864130,0E-8,0.000000,0.898644,0.000000,-0.04294500,2026-03-27,2026-08-03,12,459,262,130,0.092308,0.984956,0.986404,0.320739,,,,,,,,GLOBAL_BASELINE_NO_ENTITY_RANKING,,,NOT_APPLICABLE_GLOBAL_BASELINE,HF9g-P5,,,,X 全窗基线 · 不参与实体赏罚,8394358,840,A168_HF9F_20260827_0900,2026-08-27 09:00:00
2026-03-29,147441826,2216,0,236.9855438820,122.4425310057,122.4425310057,0.7777778,9,9,0.50665070000000000,0.506650700000,1.6269063950638647,1.6269063950638647,1.6269063950638647,0E-17,ELIGIBLE,R03b_20260811_FULL_v1,L1_ELIGIBILITY,v2026-08-11,2026-03-21..2026-08-06,baccarat_bet02_101_all_pairs_incl_sentinel,round_win = game_pnl > 0 (decisive only),COMPATIBILITY_ONLY_NOT_PRODUCTION,49116.4465,44138.1901,482.7433,1876,1876,-0.00982855,-0.04864130,-0.00569631,-0.00982855,-482.7433,49116.4465,OK,0.0000,19.3097,4.0000,96.0000,AG03-UNRESOLVED,ALL5_LEVELS_bet23_to_bet27,19.3097,19.3097,24.1372,24.1372,24.1372,4.000000,4.000000,5.000000,5.000000,5.000000,96.000000,96.000000,95.000000,95.000000,95.000000,5.0,111.0310,101.3004,371.7123,381.4429,PENDING_AG03,FALSE,NOT_FOR_ENFORCEMENT,463.4336,42372.6625,482.7433,463.4336,19.3097,0.00982855,0.00943540,19.3097,463.4336,0.00943540,19.3097,19.3097,24.1372,24.1372,24.1372,463.4336,0.00943540,111.0310,101.3004,371.7123,381.4429,0.00756798,0.00776609,0.00039314,26.1815,23.5278,0.2573,40.2286,1.0517,4093.0372,156.3333,25.8255,26.2200,25.9457,26.176,26.176,26.3317,26.3317,26.3317,26.176,0.0,1.005951,1.005951,1.000211,29,110,12,1,0.09622170,0.00982855,0.04864130,0E-8,0.000000,0.898644,0.000000,-0.04294500,2026-03-27,2026-08-03,12,459,262,130,0.092308,0.984956,0.986404,0.320739,,,,,,,,GLOBAL_BASELINE_NO_ENTITY_RANKING,,,NOT_APPLICABLE_GLOBAL_BASELINE,HF9g-P5,,,,X 全窗基线 · 不参与实体赏罚,8394359,840,A168_HF9F_20260827_0900,2026-08-27 09:00:00
2026-03-29,147441826,2241,0,157.9903625880,-55.2966269058,-55.2966269058,0.3333333,6,6,0.50665070000000000,0.506650700000,-0.8491533462951141,-0.8491533462951141,-0.8491533462951141,0E-17,ELIGIBLE,R03b_20260811_FULL_v1,L1_ELIGIBILITY,v2026-08-11,2026-03-21..2026-08-06,baccarat_bet02_101_all_pairs_incl_sentinel,round_win = game_pnl > 0 (decisive only),COMPATIBILITY_ONLY_NOT_PRODUCTION,49116.4465,44138.1901,482.7433,1876,1876,-0.00982855,-0.04864130,-0.00569631,-0.00982855,-482.7433,49116.4465,OK,0.0000,19.3097,4.0000,96.0000,AG03-UNRESOLVED,ALL5_LEVELS_bet23_to_bet27,19.3097,19.3097,24.1372,24.1372,24.1372,4.000000,4.000000,5.000000,5.000000,5.000000,96.000000,96.000000,95.000000,95.000000,95.000000,5.0,111.0310,101.3004,371.7123,381.4429,PENDING_AG03,FALSE,NOT_FOR_ENFORCEMENT,463.4336,42372.6625,482.7433,463.4336,19.3097,0.00982855,0.00943540,19.3097,463.4336,0.00943540,19.3097,19.3097,24.1372,24.1372,24.1372,463.4336,0.00943540,111.0310,101.3004,371.7123,381.4429,0.00756798,0.00776609,0.00039314,26.1815,23.5278,0.2573,40.2286,1.0517,4093.0372,156.3333,25.8255,26.2200,25.9457,26.176,26.176,26.3317,26.3317,26.3317,26.176,0.0,1.005951,1.005951,1.000211,29,110,12,1,0.09622170,0.00982855,0.04864130,0E-8,0.000000,0.898644,0.000000,-0.04294500,2026-03-27,2026-08-03,12,459,262,130,0.092308,0.984956,0.986404,0.320739,,,,,,,,GLOBAL_BASELINE_NO_ENTITY_RANKING,,,NOT_APPLICABLE_GLOBAL_BASELINE,HF9g-P5,,,,X 全窗基线 · 不参与实体赏罚,8394360,840,A168_HF9F_20260827_0900,2026-08-27 09:00:00
2026-03-29,147441826,2248,0,78.9951812940,23.6985543882,23.6985543882,0.6666667,3,3,0.50665070000000000,0.506650700000,0.5543606114942035,0.5543606114942035,0.5543606114942035,0E-17,ELIGIBLE,R03b_20260811_FULL_v1,L1_ELIGIBILITY,v2026-08-11,2026-03-21..2026-08-06,baccarat_bet02_101_all_pairs_incl_sentinel,round_win = game_pnl > 0 (decisive only),COMPATIBILITY_ONLY_NOT_PRODUCTION,49116.4465,44138.1901,482.7433,1876,1876,-0.00982855,-0.04864130,-0.00569631,-0.00982855,-482.7433,49116.4465,OK,0.0000,19.3097,4.0000,96.0000,AG03-UNRESOLVED,ALL5_LEVELS_bet23_to_bet27,19.3097,19.3097,24.1372,24.1372,24.1372,4.000000,4.000000,5.000000,5.000000,5.000000,96.000000,96.000000,95.000000,95.000000,95.000000,5.0,111.0310,101.3004,371.7123,381.4429,PENDING_AG03,FALSE,NOT_FOR_ENFORCEMENT,463.4336,42372.6625,482.7433,463.4336,19.3097,0.00982855,0.00943540,19.3097,463.4336,0.00943540,19.3097,19.3097,24.1372,24.1372,24.1372,463.4336,0.00943540,111.0310,101.3004,371.7123,381.4429,0.00756798,0.00776609,0.00039314,26.1815,23.5278,0.2573,40.2286,1.0517,4093.0372,156.3333,25.8255,26.2200,25.9457,26.176,26.176,26.3317,26.3317,26.3317,26.176,0.0,1.005951,1.005951,1.000211,29,110,12,1,0.09622170,0.00982855,0.04864130,0E-8,0.000000,0.898644,0.000000,-0.04294500,2026-03-27,2026-08-03,12,459,262,130,0.092308,0.984956,0.986404,0.320739,,,,,,,,GLOBAL_BASELINE_NO_ENTITY_RANKING,,,NOT_APPLICABLE_GLOBAL_BASELINE,HF9g-P5,,,,X 全窗基线 · 不参与实体赏罚,8394361,840,A168_HF9F_20260827_0900,2026-08-27 09:00:00
2026-03-29,147441826,789,0,26.3317270980,-26.3317270980,-26.3317270980,0E-7,1,1,0.50665070000000000,0.506650700000,-1.013391052207602,-1.013391052207602,-1.013391052207602,0E-17,ELIGIBLE,R03b_20260811_FULL_v1,L1_ELIGIBILITY,v2026-08-11,2026-03-21..2026-08-06,baccarat_bet02_101_all_pairs_incl_sentinel,round_win = game_pnl > 0 (decisive only),COMPATIBILITY_ONLY_NOT_PRODUCTION,49116.4465,44138.1901,482.7433,1876,1876,-0.00982855,-0.04864130,-0.00569631,-0.00982855,-482.7433,49116.4465,OK,0.0000,19.3097,4.0000,96.0000,AG03-UNRESOLVED,ALL5_LEVELS_bet23_to_bet27,19.3097,19.3097,24.1372,24.1372,24.1372,4.000000,4.000000,5.000000,5.000000,5.000000,96.000000,96.000000,95.000000,95.000000,95.000000,5.0,111.0310,101.3004,371.7123,381.4429,PENDING_AG03,FALSE,NOT_FOR_ENFORCEMENT,463.4336,42372.6625,482.7433,463.4336,19.3097,0.00982855,0.00943540,19.3097,463.4336,0.00943540,19.3097,19.3097,24.1372,24.1372,24.1372,463.4336,0.00943540,111.0310,101.3004,371.7123,381.4429,0.00756798,0.00776609,0.00039314,26.1815,23.5278,0.2573,40.2286,1.0517,4093.0372,156.3333,25.8255,26.2200,25.9457,26.176,26.176,26.3317,26.3317,26.3317,26.176,0.0,1.005951,1.005951,1.000211,29,110,12,1,0.09622170,0.00982855,0.04864130,0E-8,0.000000,0.898644,0.000000,-0.04294500,2026-03-27,2026-08-03,12,459,262,130,0.092308,0.984956,0.986404,0.320739,,,,,,,,GLOBAL_BASELINE_NO_ENTITY_RANKING,,,NOT_APPLICABLE_GLOBAL_BASELINE,HF9g-P5,,,,X 全窗基线 · 不参与实体赏罚,8394362,840,A168_HF9F_20260827_0900,2026-08-27 09:00:00
2026-03-29,147441826,994,0,184.3220896860,21.0653816784,21.0653816784,0.5714286,7,7,0.50665070000000000,0.506650700000,0.34280260342128577,0.34280260342128577,0.34280260342128577,0E-17,ELIGIBLE,R03b_20260811_FULL_v1,L1_ELIGIBILITY,v2026-08-11,2026-03-21..2026-08-06,baccarat_bet02_101_all_pairs_incl_sentinel,round_win = game_pnl > 0 (decisive only),COMPATIBILITY_ONLY_NOT_PRODUCTION,49116.4465,44138.1901,482.7433,1876,1876,-0.00982855,-0.04864130,-0.00569631,-0.00982855,-482.7433,49116.4465,OK,0.0000,19.3097,4.0000,96.0000,AG03-UNRESOLVED,ALL5_LEVELS_bet23_to_bet27,19.3097,19.3097,24.1372,24.1372,24.1372,4.000000,4.000000,5.000000,5.000000,5.000000,96.000000,96.000000,95.000000,95.000000,95.000000,5.0,111.0310,101.3004,371.7123,381.4429,PENDING_AG03,FALSE,NOT_FOR_ENFORCEMENT,463.4336,42372.6625,482.7433,463.4336,19.3097,0.00982855,0.00943540,19.3097,463.4336,0.00943540,19.3097,19.3097,24.1372,24.1372,24.1372,463.4336,0.00943540,111.0310,101.3004,371.7123,381.4429,0.00756798,0.00776609,0.00039314,26.1815,23.5278,0.2573,40.2286,1.0517,4093.0372,156.3333,25.8255,26.2200,25.9457,26.176,26.176,26.3317,26.3317,26.3317,26.176,0.0,1.005951,1.005951,1.000211,29,110,12,1,0.09622170,0.00982855,0.04864130,0E-8,0.000000,0.898644,0.000000,-0.04294500,2026-03-27,2026-08-03,12,459,262,130,0.092308,0.984956,0.986404,0.320739,,,,,,,,GLOBAL_BASELINE_NO_ENTITY_RANKING,,,NOT_APPLICABLE_GLOBAL_BASELINE,HF9g-P5,,,,X 全窗基线 · 不参与实体赏罚,8394363,840,A168_HF9F_20260827_0900,2026-08-27 09:00:00
2026-04-06,147441826,-1,1,2408.1878386560,99.4686281184,99.4686281184,0.5365854,92,92,0.50665070000000000,0.506650700000,0.5421878225924137,0.5421878225924137,0.5421878225924137,0E-17,SENTINEL_DEALER,R03b_20260811_FULL_v1,L1_ELIGIBILITY,v2026-08-11,2026-03-21..2026-08-06,baccarat_bet02_101_all_pairs_incl_sentinel,round_win = game_pnl > 0 (decisive only),COMPATIBILITY_ONLY_NOT_PRODUCTION,49116.4465,44138.1901,482.7433,1876,1876,-0.00982855,-0.04864130,-0.00569631,-0.00982855,-482.7433,49116.4465,OK,0.0000,19.3097,4.0000,96.0000,AG03-UNRESOLVED,ALL5_LEVELS_bet23_to_bet27,19.3097,19.3097,24.1372,24.1372,24.1372,4.000000,4.000000,5.000000,5.000000,5.000000,96.000000,96.000000,95.000000,95.000000,95.000000,5.0,111.0310,101.3004,371.7123,381.4429,PENDING_AG03,FALSE,NOT_FOR_ENFORCEMENT,463.4336,42372.6625,482.7433,463.4336,19.3097,0.00982855,0.00943540,19.3097,463.4336,0.00943540,19.3097,19.3097,24.1372,24.1372,24.1372,463.4336,0.00943540,111.0310,101.3004,371.7123,381.4429,0.00756798,0.00776609,0.00039314,26.1815,23.5278,0.2573,40.2286,1.0517,4093.0372,156.3333,25.8255,26.2200,25.9457,26.176,26.176,26.3317,26.3317,26.3317,26.176,0.0,1.005951,1.005951,1.000211,29,110,12,1,0.09622170,0.00982855,0.04864130,0E-8,0.000000,0.898644,0.000000,-0.04294500,2026-03-27,2026-08-03,12,459,262,130,0.092308,0.984956,0.986404,0.320739,,,,,,,,GLOBAL_BASELINE_NO_ENTITY_RANKING,,,NOT_APPLICABLE_GLOBAL_BASELINE,HF9g-P5,,,,X 全窗基线 · 不参与实体赏罚,8394364,840,A168_HF9F_20260827_0900,2026-08-27 09:00:00
2026-04-06,147441826,1210,0,130.8797738400,99.4686281184,99.4686281184,1.0000000,5,5,0.50665070000000000,0.506650700000,1.9735717970305138,1.9735717970305138,1.9735717970305138,0E-17,ELIGIBLE,R03b_20260811_FULL_v1,L1_ELIGIBILITY,v2026-08-11,2026-03-21..2026-08-06,baccarat_bet02_101_all_pairs_incl_sentinel,round_win = game_pnl > 0 (decisive only),COMPATIBILITY_ONLY_NOT_PRODUCTION,49116.4465,44138.1901,482.7433,1876,1876,-0.00982855,-0.04864130,-0.00569631,-0.00982855,-482.7433,49116.4465,OK,0.0000,19.3097,4.0000,96.0000,AG03-UNRESOLVED,ALL5_LEVELS_bet23_to_bet27,19.3097,19.3097,24.1372,24.1372,24.1372,4.000000,4.000000,5.000000,5.000000,5.000000,96.000000,96.000000,95.000000,95.000000,95.000000,5.0,111.0310,101.3004,371.7123,381.4429,PENDING_AG03,FALSE,NOT_FOR_ENFORCEMENT,463.4336,42372.6625,482.7433,463.4336,19.3097,0.00982855,0.00943540,19.3097,463.4336,0.00943540,19.3097,19.3097,24.1372,24.1372,24.1372,463.4336,0.00943540,111.0310,101.3004,371.7123,381.4429,0.00756798,0.00776609,0.00039314,26.1815,23.5278,0.2573,40.2286,1.0517,4093.0372,156.3333,25.8255,26.2200,25.9457,26.176,26.176,26.3317,26.3317,26.3317,26.176,0.0,1.005951,1.005951,1.000211,29,110,12,1,0.09622170,0.00982855,0.04864130,0E-8,0.000000,0.898644,0.000000,-0.04294500,2026-03-27,2026-08-03,12,459,262,130,0.092308,0.984956,0.986404,0.320739,,,,,,,,GLOBAL_BASELINE_NO_ENTITY_RANKING,,,NOT_APPLICABLE_GLOBAL_BASELINE,HF9g-P5,,,,X 全窗基线 · 不参与实体赏罚,8394365,840,A168_HF9F_20260827_0900,2026-08-27 09:00:00
2026-04-06,147441826,1384,0,209.4076381440,47.1167185824,47.1167185824,0.6666667,8,8,0.50665070000000000,0.506650700000,0.7839842952205449,0.7839842952205449,0.7839842952205449,0E-17,ELIGIBLE,R03b_20260811_FULL_v1,L1_ELIGIBILITY,v2026-08-11,2026-03-21..2026-08-06,baccarat_bet02_101_all_pairs_incl_sentinel,round_win = game_pnl > 0 (decisive only),COMPATIBILITY_ONLY_NOT_PRODUCTION,49116.4465,44138.1901,482.7433,1876,1876,-0.00982855,-0.04864130,-0.00569631,-0.00982855,-482.7433,49116.4465,OK,0.0000,19.3097,4.0000,96.0000,AG03-UNRESOLVED,ALL5_LEVELS_bet23_to_bet27,19.3097,19.3097,24.1372,24.1372,24.1372,4.000000,4.000000,5.000000,5.000000,5.000000,96.000000,96.000000,95.000000,95.000000,95.000000,5.0,111.0310,101.3004,371.7123,381.4429,PENDING_AG03,FALSE,NOT_FOR_ENFORCEMENT,463.4336,42372.6625,482.7433,463.4336,19.3097,0.00982855,0.00943540,19.3097,463.4336,0.00943540,19.3097,19.3097,24.1372,24.1372,24.1372,463.4336,0.00943540,111.0310,101.3004,371.7123,381.4429,0.00756798,0.00776609,0.00039314,26.1815,23.5278,0.2573,40.2286,1.0517,4093.0372,156.3333,25.8255,26.2200,25.9457,26.176,26.176,26.3317,26.3317,26.3317,26.176,0.0,1.005951,1.005951,1.000211,29,110,12,1,0.09622170,0.00982855,0.04864130,0E-8,0.000000,0.898644,0.000000,-0.04294500,2026-03-27,2026-08-03,12,459,262,130,0.092308,0.984956,0.986404,0.320739,,,,,,,,GLOBAL_BASELINE_NO_ENTITY_RANKING,,,NOT_APPLICABLE_GLOBAL_BASELINE,HF9g-P5,,,,X 全窗基线 · 不参与实体赏罚,8394366,840,A168_HF9F_20260827_0900,2026-08-27 09:00:00
2026-04-06,147441826,1402,0,78.5278643040,-27.4847525064,-27.4847525064,0.3333333,3,3,0.50665070000000000,0.506650700000,-0.6004420894325239,-0.6004420894325239,-0.6004420894325239,0E-17,ELIGIBLE,R03b_20260811_FULL_v1,L1_ELIGIBILITY,v2026-08-11,2026-03-21..2026-08-06,baccarat_bet02_101_all_pairs_incl_sentinel,round_win = game_pnl > 0 (decisive only),COMPATIBILITY_ONLY_NOT_PRODUCTION,49116.4465,44138.1901,482.7433,1876,1876,-0.00982855,-0.04864130,-0.00569631,-0.00982855,-482.7433,49116.4465,OK,0.0000,19.3097,4.0000,96.0000,AG03-UNRESOLVED,ALL5_LEVELS_bet23_to_bet27,19.3097,19.3097,24.1372,24.1372,24.1372,4.000000,4.000000,5.000000,5.000000,5.000000,96.000000,96.000000,95.000000,95.000000,95.000000,5.0,111.0310,101.3004,371.7123,381.4429,PENDING_AG03,FALSE,NOT_FOR_ENFORCEMENT,463.4336,42372.6625,482.7433,463.4336,19.3097,0.00982855,0.00943540,19.3097,463.4336,0.00943540,19.3097,19.3097,24.1372,24.1372,24.1372,463.4336,0.00943540,111.0310,101.3004,371.7123,381.4429,0.00756798,0.00776609,0.00039314,26.1815,23.5278,0.2573,40.2286,1.0517,4093.0372,156.3333,25.8255,26.2200,25.9457,26.176,26.176,26.3317,26.3317,26.3317,26.176,0.0,1.005951,1.005951,1.000211,29,110,12,1,0.09622170,0.00982855,0.04864130,0E-8,0.000000,0.898644,0.000000,-0.04294500,2026-03-27,2026-08-03,12,459,262,130,0.092308,0.984956,0.986404,0.320739,,,,,,,,GLOBAL_BASELINE_NO_ENTITY_RANKING,,,NOT_APPLICABLE_GLOBAL_BASELINE,HF9g-P5,,,,X 全窗基线 · 不参与实体赏罚,8394367,840,A168_HF9F_20260827_0900,2026-08-27 09:00:00
2026-04-06,147441826,1507,0,130.8797738400,74.6014710888,74.6014710888,1.0000000,5,5,0.50665070000000000,0.506650700000,1.7091633124209307,1.7091633124209307,1.7091633124209307,0E-17,ELIGIBLE,R03b_20260811_FULL_v1,L1_ELIGIBILITY,v2026-08-11,2026-03-21..2026-08-06,baccarat_bet02_101_all_pairs_incl_sentinel,round_win = game_pnl > 0 (decisive only),COMPATIBILITY_ONLY_NOT_PRODUCTION,49116.4465,44138.1901,482.7433,1876,1876,-0.00982855,-0.04864130,-0.00569631,-0.00982855,-482.7433,49116.4465,OK,0.0000,19.3097,4.0000,96.0000,AG03-UNRESOLVED,ALL5_LEVELS_bet23_to_bet27,19.3097,19.3097,24.1372,24.1372,24.1372,4.000000,4.000000,5.000000,5.000000,5.000000,96.000000,96.000000,95.000000,95.000000,95.000000,5.0,111.0310,101.3004,371.7123,381.4429,PENDING_AG03,FALSE,NOT_FOR_ENFORCEMENT,463.4336,42372.6625,482.7433,463.4336,19.3097,0.00982855,0.00943540,19.3097,463.4336,0.00943540,19.3097,19.3097,24.1372,24.1372,24.1372,463.4336,0.00943540,111.0310,101.3004,371.7123,381.4429,0.00756798,0.00776609,0.00039314,26.1815,23.5278,0.2573,40.2286,1.0517,4093.0372,156.3333,25.8255,26.2200,25.9457,26.176,26.176,26.3317,26.3317,26.3317,26.176,0.0,1.005951,1.005951,1.000211,29,110,12,1,0.09622170,0.00982855,0.04864130,0E-8,0.000000,0.898644,0.000000,-0.04294500,2026-03-27,2026-08-03,12,459,262,130,0.092308,0.984956,0.986404,0.320739,,,,,,,,GLOBAL_BASELINE_NO_ENTITY_RANKING,,,NOT_APPLICABLE_GLOBAL_BASELINE,HF9g-P5,,,,X 全窗基线 · 不参与实体赏罚,8394368,840,A168_HF9F_20260827_0900,2026-08-27 09:00:00
2026-04-06,147441826,1623,0,26.1759547680,-26.1759547680,-26.1759547680,0E-7,1,1,0.50665070000000000,0.506650700000,-1.013391052207602,-1.013391052207602,-1.013391052207602,0E-17,ELIGIBLE,R03b_20260811_FULL_v1,L1_ELIGIBILITY,v2026-08-11,2026-03-21..2026-08-06,baccarat_bet02_101_all_pairs_incl_sentinel,round_win = game_pnl > 0 (decisive only),COMPATIBILITY_ONLY_NOT_PRODUCTION,49116.4465,44138.1901,482.7433,1876,1876,-0.00982855,-0.04864130,-0.00569631,-0.00982855,-482.7433,49116.4465,OK,0.0000,19.3097,4.0000,96.0000,AG03-UNRESOLVED,ALL5_LEVELS_bet23_to_bet27,19.3097,19.3097,24.1372,24.1372,24.1372,4.000000,4.000000,5.000000,5.000000,5.000000,96.000000,96.000000,95.000000,95.000000,95.000000,5.0,111.0310,101.3004,371.7123,381.4429,PENDING_AG03,FALSE,NOT_FOR_ENFORCEMENT,463.4336,42372.6625,482.7433,463.4336,19.3097,0.00982855,0.00943540,19.3097,463.4336,0.00943540,19.3097,19.3097,24.1372,24.1372,24.1372,463.4336,0.00943540,111.0310,101.3004,371.7123,381.4429,0.00756798,0.00776609,0.00039314,26.1815,23.5278,0.2573,40.2286,1.0517,4093.0372,156.3333,25.8255,26.2200,25.9457,26.176,26.176,26.3317,26.3317,26.3317,26.176,0.0,1.005951,1.005951,1.000211,29,110,12,1,0.09622170,0.00982855,0.04864130,0E-8,0.000000,0.898644,0.000000,-0.04294500,2026-03-27,2026-08-03,12,459,262,130,0.092308,0.984956,0.986404,0.320739,,,,,,,,GLOBAL_BASELINE_NO_ENTITY_RANKING,,,NOT_APPLICABLE_GLOBAL_BASELINE,HF9g-P5,,,,X 全窗基线 · 不参与实体赏罚,8394369,840,A168_HF9F_20260827_0900,2026-08-27 09:00:00
2026-04-06,147441826,1654,0,26.1759547680,-26.1759547680,-26.1759547680,0E-7,1,1,0.50665070000000000,0.506650700000,-1.013391052207602,-1.013391052207602,-1.013391052207602,0E-17,ELIGIBLE,R03b_20260811_FULL_v1,L1_ELIGIBILITY,v2026-08-11,2026-03-21..2026-08-06,baccarat_bet02_101_all_pairs_incl_sentinel,round_win = game_pnl > 0 (decisive only),COMPATIBILITY_ONLY_NOT_PRODUCTION,49116.4465,44138.1901,482.7433,1876,1876,-0.00982855,-0.04864130,-0.00569631,-0.00982855,-482.7433,49116.4465,OK,0.0000,19.3097,4.0000,96.0000,AG03-UNRESOLVED,ALL5_LEVELS_bet23_to_bet27,19.3097,19.3097,24.1372,24.1372,24.1372,4.000000,4.000000,5.000000,5.000000,5.000000,96.000000,96.000000,95.000000,95.000000,95.000000,5.0,111.0310,101.3004,371.7123,381.4429,PENDING_AG03,FALSE,NOT_FOR_ENFORCEMENT,463.4336,42372.6625,482.7433,463.4336,19.3097,0.00982855,0.00943540,19.3097,463.4336,0.00943540,19.3097,19.3097,24.1372,24.1372,24.1372,463.4336,0.00943540,111.0310,101.3004,371.7123,381.4429,0.00756798,0.00776609,0.00039314,26.1815,23.5278,0.2573,40.2286,1.0517,4093.0372,156.3333,25.8255,26.2200,25.9457,26.176,26.176,26.3317,26.3317,26.3317,26.176,0.0,1.005951,1.005951,1.000211,29,110,12,1,0.09622170,0.00982855,0.04864130,0E-8,0.000000,0.898644,0.000000,-0.04294500,2026-03-27,2026-08-03,12,459,262,130,0.092308,0.984956,0.986404,0.320739,,,,,,,,GLOBAL_BASELINE_NO_ENTITY_RANKING,,,NOT_APPLICABLE_GLOBAL_BASELINE,HF9g-P5,,,,X 全窗基线 · 不参与实体赏罚,8394370,840,A168_HF9F_20260827_0900,2026-08-27 09:00:00
2026-04-06,147441826,1947,0,26.1759547680,-26.1759547680,-26.1759547680,0E-7,1,1,0.50665070000000000,0.506650700000,-1.013391052207602,-1.013391052207602,-1.013391052207602,0E-17,ELIGIBLE,R03b_20260811_FULL_v1,L1_ELIGIBILITY,v2026-08-11,2026-03-21..2026-08-06,baccarat_bet02_101_all_pairs_incl_sentinel,round_win = game_pnl > 0 (decisive only),COMPATIBILITY_ONLY_NOT_PRODUCTION,49116.4465,44138.1901,482.7433,1876,1876,-0.00982855,-0.04864130,-0.00569631,-0.00982855,-482.7433,49116.4465,OK,0.0000,19.3097,4.0000,96.0000,AG03-UNRESOLVED,ALL5_LEVELS_bet23_to_bet27,19.3097,19.3097,24.1372,24.1372,24.1372,4.000000,4.000000,5.000000,5.000000,5.000000,96.000000,96.000000,95.000000,95.000000,95.000000,5.0,111.0310,101.3004,371.7123,381.4429,PENDING_AG03,FALSE,NOT_FOR_ENFORCEMENT,463.4336,42372.6625,482.7433,463.4336,19.3097,0.00982855,0.00943540,19.3097,463.4336,0.00943540,19.3097,19.3097,24.1372,24.1372,24.1372,463.4336,0.00943540,111.0310,101.3004,371.7123,381.4429,0.00756798,0.00776609,0.00039314,26.1815,23.5278,0.2573,40.2286,1.0517,4093.0372,156.3333,25.8255,26.2200,25.9457,26.176,26.176,26.3317,26.3317,26.3317,26.176,0.0,1.005951,1.005951,1.000211,29,110,12,1,0.09622170,0.00982855,0.04864130,0E-8,0.000000,0.898644,0.000000,-0.04294500,2026-03-27,2026-08-03,12,459,262,130,0.092308,0.984956,0.986404,0.320739,,,,,,,,GLOBAL_BASELINE_NO_ENTITY_RANKING,,,NOT_APPLICABLE_GLOBAL_BASELINE,HF9g-P5,,,,X 全窗基线 · 不参与实体赏罚,8394371,840,A168_HF9F_20260827_0900,2026-08-27 09:00:00
2026-04-06,147441826,1951,0,26.1759547680,24.8671570296,24.8671570296,1.0000000,1,1,0.50665070000000000,0.506650700000,0.9867858985152569,0.9867858985152569,0.9867858985152569,0E-17,ELIGIBLE,R03b_20260811_FULL_v1,L1_ELIGIBILITY,v2026-08-11,2026-03-21..2026-08-06,baccarat_bet02_101_all_pairs_incl_sentinel,round_win = game_pnl > 0 (decisive only),COMPATIBILITY_ONLY_NOT_PRODUCTION,49116.4465,44138.1901,482.7433,1876,1876,-0.00982855,-0.04864130,-0.00569631,-0.00982855,-482.7433,49116.4465,OK,0.0000,19.3097,4.0000,96.0000,AG03-UNRESOLVED,ALL5_LEVELS_bet23_to_bet27,19.3097,19.3097,24.1372,24.1372,24.1372,4.000000,4.000000,5.000000,5.000000,5.000000,96.000000,96.000000,95.000000,95.000000,95.000000,5.0,111.0310,101.3004,371.7123,381.4429,PENDING_AG03,FALSE,NOT_FOR_ENFORCEMENT,463.4336,42372.6625,482.7433,463.4336,19.3097,0.00982855,0.00943540,19.3097,463.4336,0.00943540,19.3097,19.3097,24.1372,24.1372,24.1372,463.4336,0.00943540,111.0310,101.3004,371.7123,381.4429,0.00756798,0.00776609,0.00039314,26.1815,23.5278,0.2573,40.2286,1.0517,4093.0372,156.3333,25.8255,26.2200,25.9457,26.176,26.176,26.3317,26.3317,26.3317,26.176,0.0,1.005951,1.005951,1.000211,29,110,12,1,0.09622170,0.00982855,0.04864130,0E-8,0.000000,0.898644,0.000000,-0.04294500,2026-03-27,2026-08-03,12,459,262,130,0.092308,0.984956,0.986404,0.320739,,,,,,,,GLOBAL_BASELINE_NO_ENTITY_RANKING,,,NOT_APPLICABLE_GLOBAL_BASELINE,HF9g-P5,,,,X 全窗基线 · 不参与实体赏罚,8394372,840,A168_HF9F_20260827_0900,2026-08-27 09:00:00
2026-04-06,147441826,1957,0,209.4076381440,20.9407638144,20.9407638144,0.5714286,8,8,0.50665070000000000,0.506650700000,0.34280260342128577,0.34280260342128577,0.34280260342128577,0E-17,ELIGIBLE,R03b_20260811_FULL_v1,L1_ELIGIBILITY,v2026-08-11,2026-03-21..2026-08-06,baccarat_bet02_101_all_pairs_incl_sentinel,round_win = game_pnl > 0 (decisive only),COMPATIBILITY_ONLY_NOT_PRODUCTION,49116.4465,44138.1901,482.7433,1876,1876,-0.00982855,-0.04864130,-0.00569631,-0.00982855,-482.7433,49116.4465,OK,0.0000,19.3097,4.0000,96.0000,AG03-UNRESOLVED,ALL5_LEVELS_bet23_to_bet27,19.3097,19.3097,24.1372,24.1372,24.1372,4.000000,4.000000,5.000000,5.000000,5.000000,96.000000,96.000000,95.000000,95.000000,95.000000,5.0,111.0310,101.3004,371.7123,381.4429,PENDING_AG03,FALSE,NOT_FOR_ENFORCEMENT,463.4336,42372.6625,482.7433,463.4336,19.3097,0.00982855,0.00943540,19.3097,463.4336,0.00943540,19.3097,19.3097,24.1372,24.1372,24.1372,463.4336,0.00943540,111.0310,101.3004,371.7123,381.4429,0.00756798,0.00776609,0.00039314,26.1815,23.5278,0.2573,40.2286,1.0517,4093.0372,156.3333,25.8255,26.2200,25.9457,26.176,26.176,26.3317,26.3317,26.3317,26.176,0.0,1.005951,1.005951,1.000211,29,110,12,1,0.09622170,0.00982855,0.04864130,0E-8,0.000000,0.898644,0.000000,-0.04294500,2026-03-27,2026-08-03,12,459,262,130,0.092308,0.984956,0.986404,0.320739,,,,,,,,GLOBAL_BASELINE_NO_ENTITY_RANKING,,,NOT_APPLICABLE_GLOBAL_BASELINE,HF9g-P5,,,,X 全窗基线 · 不参与实体赏罚,8394373,840,A168_HF9F_20260827_0900,2026-08-27 09:00:00
2026-04-06,147441826,1996,0,157.0557286080,47.1167185824,47.1167185824,0.6666667,6,6,0.50665070000000000,0.506650700000,0.7839842952205449,0.7839842952205449,0.7839842952205449,0E-17,ELIGIBLE,R03b_20260811_FULL_v1,L1_ELIGIBILITY,v2026-08-11,2026-03-21..2026-08-06,baccarat_bet02_101_all_pairs_incl_sentinel,round_win = game_pnl > 0 (decisive only),COMPATIBILITY_ONLY_NOT_PRODUCTION,49116.4465,44138.1901,482.7433,1876,1876,-0.00982855,-0.04864130,-0.00569631,-0.00982855,-482.7433,49116.4465,OK,0.0000,19.3097,4.0000,96.0000,AG03-UNRESOLVED,ALL5_LEVELS_bet23_to_bet27,19.3097,19.3097,24.1372,24.1372,24.1372,4.000000,4.000000,5.000000,5.000000,5.000000,96.000000,96.000000,95.000000,95.000000,95.000000,5.0,111.0310,101.3004,371.7123,381.4429,PENDING_AG03,FALSE,NOT_FOR_ENFORCEMENT,463.4336,42372.6625,482.7433,463.4336,19.3097,0.00982855,0.00943540,19.3097,463.4336,0.00943540,19.3097,19.3097,24.1372,24.1372,24.1372,463.4336,0.00943540,111.0310,101.3004,371.7123,381.4429,0.00756798,0.00776609,0.00039314,26.1815,23.5278,0.2573,40.2286,1.0517,4093.0372,156.3333,25.8255,26.2200,25.9457,26.176,26.176,26.3317,26.3317,26.3317,26.176,0.0,1.005951,1.005951,1.000211,29,110,12,1,0.09622170,0.00982855,0.04864130,0E-8,0.000000,0.898644,0.000000,-0.04294500,2026-03-27,2026-08-03,12,459,262,130,0.092308,0.984956,0.986404,0.320739,,,,,,,,GLOBAL_BASELINE_NO_ENTITY_RANKING,,,NOT_APPLICABLE_GLOBAL_BASELINE,HF9g-P5,,,,X 全窗基线 · 不参与实体赏罚,8394374,840,A168_HF9F_20260827_0900,2026-08-27 09:00:00
2026-04-06,147441826,2145,0,78.5278643040,-52.3519095360,-52.3519095360,0E-7,3,3,0.50665070000000000,0.506650700000,-1.4331513700195317,-1.4331513700195317,-1.4331513700195317,0E-17,ELIGIBLE,R03b_20260811_FULL_v1,L1_ELIGIBILITY,v2026-08-11,2026-03-21..2026-08-06,baccarat_bet02_101_all_pairs_incl_sentinel,round_win = game_pnl > 0 (decisive only),COMPATIBILITY_ONLY_NOT_PRODUCTION,49116.4465,44138.1901,482.7433,1876,1876,-0.00982855,-0.04864130,-0.00569631,-0.00982855,-482.7433,49116.4465,OK,0.0000,19.3097,4.0000,96.0000,AG03-UNRESOLVED,ALL5_LEVELS_bet23_to_bet27,19.3097,19.3097,24.1372,24.1372,24.1372,4.000000,4.000000,5.000000,5.000000,5.000000,96.000000,96.000000,95.000000,95.000000,95.000000,5.0,111.0310,101.3004,371.7123,381.4429,PENDING_AG03,FALSE,NOT_FOR_ENFORCEMENT,463.4336,42372.6625,482.7433,463.4336,19.3097,0.00982855,0.00943540,19.3097,463.4336,0.00943540,19.3097,19.3097,24.1372,24.1372,24.1372,463.4336,0.00943540,111.0310,101.3004,371.7123,381.4429,0.00756798,0.00776609,0.00039314,26.1815,23.5278,0.2573,40.2286,1.0517,4093.0372,156.3333,25.8255,26.2200,25.9457,26.176,26.176,26.3317,26.3317,26.3317,26.176,0.0,1.005951,1.005951,1.000211,29,110,12,1,0.09622170,0.00982855,0.04864130,0E-8,0.000000,0.898644,0.000000,-0.04294500,2026-03-27,2026-08-03,12,459,262,130,0.092308,0.984956,0.986404,0.320739,,,,,,,,GLOBAL_BASELINE_NO_ENTITY_RANKING,,,NOT_APPLICABLE_GLOBAL_BASELINE,HF9g-P5,,,,X 全窗基线 · 不参与实体赏罚,8394375,840,A168_HF9F_20260827_0900,2026-08-27 09:00:00
2026-04-06,147441826,2152,0,26.1759547680,-26.1759547680,-26.1759547680,0E-7,1,1,0.50665070000000000,0.506650700000,-1.013391052207602,-1.013391052207602,-1.013391052207602,0E-17,ELIGIBLE,R03b_20260811_FULL_v1,L1_ELIGIBILITY,v2026-08-11,2026-03-21..2026-08-06,baccarat_bet02_101_all_pairs_incl_sentinel,round_win = game_pnl > 0 (decisive only),COMPATIBILITY_ONLY_NOT_PRODUCTION,49116.4465,44138.1901,482.7433,1876,1876,-0.00982855,-0.04864130,-0.00569631,-0.00982855,-482.7433,49116.4465,OK,0.0000,19.3097,4.0000,96.0000,AG03-UNRESOLVED,ALL5_LEVELS_bet23_to_bet27,19.3097,19.3097,24.1372,24.1372,24.1372,4.000000,4.000000,5.000000,5.000000,5.000000,96.000000,96.000000,95.000000,95.000000,95.000000,5.0,111.0310,101.3004,371.7123,381.4429,PENDING_AG03,FALSE,NOT_FOR_ENFORCEMENT,463.4336,42372.6625,482.7433,463.4336,19.3097,0.00982855,0.00943540,19.3097,463.4336,0.00943540,19.3097,19.3097,24.1372,24.1372,24.1372,463.4336,0.00943540,111.0310,101.3004,371.7123,381.4429,0.00756798,0.00776609,0.00039314,26.1815,23.5278,0.2573,40.2286,1.0517,4093.0372,156.3333,25.8255,26.2200,25.9457,26.176,26.176,26.3317,26.3317,26.3317,26.176,0.0,1.005951,1.005951,1.000211,29,110,12,1,0.09622170,0.00982855,0.04864130,0E-8,0.000000,0.898644,0.000000,-0.04294500,2026-03-27,2026-08-03,12,459,262,130,0.092308,0.984956,0.986404,0.320739,,,,,,,,GLOBAL_BASELINE_NO_ENTITY_RANKING,,,NOT_APPLICABLE_GLOBAL_BASELINE,HF9g-P5,,,,X 全窗基线 · 不参与实体赏罚,8394376,840,A168_HF9F_20260827_0900,2026-08-27 09:00:00
2026-04-06,147441826,2201,0,287.9355024480,-134.8061670552,-134.8061670552,0.2727273,11,11,0.50665070000000000,0.506650700000,-1.5518097606583745,-1.5518097606583745,-1.5518097606583745,0E-17,ELIGIBLE,R03b_20260811_FULL_v1,L1_ELIGIBILITY,v2026-08-11,2026-03-21..2026-08-06,baccarat_bet02_101_all_pairs_incl_sentinel,round_win = game_pnl > 0 (decisive only),COMPATIBILITY_ONLY_NOT_PRODUCTION,49116.4465,44138.1901,482.7433,1876,1876,-0.00982855,-0.04864130,-0.00569631,-0.00982855,-482.7433,49116.4465,OK,0.0000,19.3097,4.0000,96.0000,AG03-UNRESOLVED,ALL5_LEVELS_bet23_to_bet27,19.3097,19.3097,24.1372,24.1372,24.1372,4.000000,4.000000,5.000000,5.000000,5.000000,96.000000,96.000000,95.000000,95.000000,95.000000,5.0,111.0310,101.3004,371.7123,381.4429,PENDING_AG03,FALSE,NOT_FOR_ENFORCEMENT,463.4336,42372.6625,482.7433,463.4336,19.3097,0.00982855,0.00943540,19.3097,463.4336,0.00943540,19.3097,19.3097,24.1372,24.1372,24.1372,463.4336,0.00943540,111.0310,101.3004,371.7123,381.4429,0.00756798,0.00776609,0.00039314,26.1815,23.5278,0.2573,40.2286,1.0517,4093.0372,156.3333,25.8255,26.2200,25.9457,26.176,26.176,26.3317,26.3317,26.3317,26.176,0.0,1.005951,1.005951,1.000211,29,110,12,1,0.09622170,0.00982855,0.04864130,0E-8,0.000000,0.898644,0.000000,-0.04294500,2026-03-27,2026-08-03,12,459,262,130,0.092308,0.984956,0.986404,0.320739,,,,,,,,GLOBAL_BASELINE_NO_ENTITY_RANKING,,,NOT_APPLICABLE_GLOBAL_BASELINE,HF9g-P5,,,,X 全窗基线 · 不参与实体赏罚,8394377,840,A168_HF9F_20260827_0900,2026-08-27 09:00:00
2026-04-06,147441826,2205,0,130.8797738400,-79.8366620424,-79.8366620424,0.2000000,5,5,0.50665070000000000,0.506650700000,-1.3715049547573244,-1.3715049547573244,-1.3715049547573244,0E-17,ELIGIBLE,R03b_20260811_FULL_v1,L1_ELIGIBILITY,v2026-08-11,2026-03-21..2026-08-06,baccarat_bet02_101_all_pairs_incl_sentinel,round_win = game_pnl > 0 (decisive only),COMPATIBILITY_ONLY_NOT_PRODUCTION,49116.4465,44138.1901,482.7433,1876,1876,-0.00982855,-0.04864130,-0.00569631,-0.00982855,-482.7433,49116.4465,OK,0.0000,19.3097,4.0000,96.0000,AG03-UNRESOLVED,ALL5_LEVELS_bet23_to_bet27,19.3097,19.3097,24.1372,24.1372,24.1372,4.000000,4.000000,5.000000,5.000000,5.000000,96.000000,96.000000,95.000000,95.000000,95.000000,5.0,111.0310,101.3004,371.7123,381.4429,PENDING_AG03,FALSE,NOT_FOR_ENFORCEMENT,463.4336,42372.6625,482.7433,463.4336,19.3097,0.00982855,0.00943540,19.3097,463.4336,0.00943540,19.3097,19.3097,24.1372,24.1372,24.1372,463.4336,0.00943540,111.0310,101.3004,371.7123,381.4429,0.00756798,0.00776609,0.00039314,26.1815,23.5278,0.2573,40.2286,1.0517,4093.0372,156.3333,25.8255,26.2200,25.9457,26.176,26.176,26.3317,26.3317,26.3317,26.176,0.0,1.005951,1.005951,1.000211,29,110,12,1,0.09622170,0.00982855,0.04864130,0E-8,0.000000,0.898644,0.000000,-0.04294500,2026-03-27,2026-08-03,12,459,262,130,0.092308,0.984956,0.986404,0.320739,,,,,,,,GLOBAL_BASELINE_NO_ENTITY_RANKING,,,NOT_APPLICABLE_GLOBAL_BASELINE,HF9g-P5,,,,X 全窗基线 · 不参与实体赏罚,8394378,840,A168_HF9F_20260827_0900,2026-08-27 09:00:00
2026-04-06,147441826,2209,0,104.7038190720,-104.7038190720,-104.7038190720,0E-7,4,4,0.50665070000000000,0.506650700000,-2.026782104415204,-2.026782104415204,-2.026782104415204,0E-17,ELIGIBLE,R03b_20260811_FULL_v1,L1_ELIGIBILITY,v2026-08-11,2026-03-21..2026-08-06,baccarat_bet02_101_all_pairs_incl_sentinel,round_win = game_pnl > 0 (decisive only),COMPATIBILITY_ONLY_NOT_PRODUCTION,49116.4465,44138.1901,482.7433,1876,1876,-0.00982855,-0.04864130,-0.00569631,-0.00982855,-482.7433,49116.4465,OK,0.0000,19.3097,4.0000,96.0000,AG03-UNRESOLVED,ALL5_LEVELS_bet23_to_bet27,19.3097,19.3097,24.1372,24.1372,24.1372,4.000000,4.000000,5.000000,5.000000,5.000000,96.000000,96.000000,95.000000,95.000000,95.000000,5.0,111.0310,101.3004,371.7123,381.4429,PENDING_AG03,FALSE,NOT_FOR_ENFORCEMENT,463.4336,42372.6625,482.7433,463.4336,19.3097,0.00982855,0.00943540,19.3097,463.4336,0.00943540,19.3097,19.3097,24.1372,24.1372,24.1372,463.4336,0.00943540,111.0310,101.3004,371.7123,381.4429,0.00756798,0.00776609,0.00039314,26.1815,23.5278,0.2573,40.2286,1.0517,4093.0372,156.3333,25.8255,26.2200,25.9457,26.176,26.176,26.3317,26.3317,26.3317,26.176,0.0,1.005951,1.005951,1.000211,29,110,12,1,0.09622170,0.00982855,0.04864130,0E-8,0.000000,0.898644,0.000000,-0.04294500,2026-03-27,2026-08-03,12,459,262,130,0.092308,0.984956,0.986404,0.320739,,,,,,,,GLOBAL_BASELINE_NO_ENTITY_RANKING,,,NOT_APPLICABLE_GLOBAL_BASELINE,HF9g-P5,,,,X 全窗基线 · 不参与实体赏罚,8394379,840,A168_HF9F_20260827_0900,2026-08-27 09:00:00
2026-04-06,147441826,2212,0,78.5278643040,23.5583592912,23.5583592912,0.6666667,3,3,0.50665070000000000,0.506650700000,0.5543606114942035,0.5543606114942035,0.5543606114942035,0E-17,ELIGIBLE,R03b_20260811_FULL_v1,L1_ELIGIBILITY,v2026-08-11,2026-03-21..2026-08-06,baccarat_bet02_101_all_pairs_incl_sentinel,round_win = game_pnl > 0 (decisive only),COMPATIBILITY_ONLY_NOT_PRODUCTION,49116.4465,44138.1901,482.7433,1876,1876,-0.00982855,-0.04864130,-0.00569631,-0.00982855,-482.7433,49116.4465,OK,0.0000,19.3097,4.0000,96.0000,AG03-UNRESOLVED,ALL5_LEVELS_bet23_to_bet27,19.3097,19.3097,24.1372,24.1372,24.1372,4.000000,4.000000,5.000000,5.000000,5.000000,96.000000,96.000000,95.000000,95.000000,95.000000,5.0,111.0310,101.3004,371.7123,381.4429,PENDING_AG03,FALSE,NOT_FOR_ENFORCEMENT,463.4336,42372.6625,482.7433,463.4336,19.3097,0.00982855,0.00943540,19.3097,463.4336,0.00943540,19.3097,19.3097,24.1372,24.1372,24.1372,463.4336,0.00943540,111.0310,101.3004,371.7123,381.4429,0.00756798,0.00776609,0.00039314,26.1815,23.5278,0.2573,40.2286,1.0517,4093.0372,156.3333,25.8255,26.2200,25.9457,26.176,26.176,26.3317,26.3317,26.3317,26.176,0.0,1.005951,1.005951,1.000211,29,110,12,1,0.09622170,0.00982855,0.04864130,0E-8,0.000000,0.898644,0.000000,-0.04294500,2026-03-27,2026-08-03,12,459,262,130,0.092308,0.984956,0.986404,0.320739,,,,,,,,GLOBAL_BASELINE_NO_ENTITY_RANKING,,,NOT_APPLICABLE_GLOBAL_BASELINE,HF9g-P5,,,,X 全窗基线 · 不参与实体赏罚,8394380,840,A168_HF9F_20260827_0900,2026-08-27 09:00:00
2026-04-06,147441826,2216,0,104.7038190720,23.5583592912,23.5583592912,0.6666667,4,4,0.50665070000000000,0.506650700000,0.5543606114942035,0.5543606114942035,0.5543606114942035,0E-17,ELIGIBLE,R03b_20260811_FULL_v1,L1_ELIGIBILITY,v2026-08-11,2026-03-21..2026-08-06,baccarat_bet02_101_all_pairs_incl_sentinel,round_win = game_pnl > 0 (decisive only),COMPATIBILITY_ONLY_NOT_PRODUCTION,49116.4465,44138.1901,482.7433,1876,1876,-0.00982855,-0.04864130,-0.00569631,-0.00982855,-482.7433,49116.4465,OK,0.0000,19.3097,4.0000,96.0000,AG03-UNRESOLVED,ALL5_LEVELS_bet23_to_bet27,19.3097,19.3097,24.1372,24.1372,24.1372,4.000000,4.000000,5.000000,5.000000,5.000000,96.000000,96.000000,95.000000,95.000000,95.000000,5.0,111.0310,101.3004,371.7123,381.4429,PENDING_AG03,FALSE,NOT_FOR_ENFORCEMENT,463.4336,42372.6625,482.7433,463.4336,19.3097,0.00982855,0.00943540,19.3097,463.4336,0.00943540,19.3097,19.3097,24.1372,24.1372,24.1372,463.4336,0.00943540,111.0310,101.3004,371.7123,381.4429,0.00756798,0.00776609,0.00039314,26.1815,23.5278,0.2573,40.2286,1.0517,4093.0372,156.3333,25.8255,26.2200,25.9457,26.176,26.176,26.3317,26.3317,26.3317,26.176,0.0,1.005951,1.005951,1.000211,29,110,12,1,0.09622170,0.00982855,0.04864130,0E-8,0.000000,0.898644,0.000000,-0.04294500,2026-03-27,2026-08-03,12,459,262,130,0.092308,0.984956,0.986404,0.320739,,,,,,,,GLOBAL_BASELINE_NO_ENTITY_RANKING,,,NOT_APPLICABLE_GLOBAL_BASELINE,HF9g-P5,,,,X 全窗基线 · 不参与实体赏罚,8394381,840,A168_HF9F_20260827_0900,2026-08-27 09:00:00
2026-04-06,147441826,2235,0,78.5278643040,23.5583592912,23.5583592912,0.6666667,3,3,0.50665070000000000,0.506650700000,0.5543606114942035,0.5543606114942035,0.5543606114942035,0E-17,ELIGIBLE,R03b_20260811_FULL_v1,L1_ELIGIBILITY,v2026-08-11,2026-03-21..2026-08-06,baccarat_bet02_101_all_pairs_incl_sentinel,round_win = game_pnl > 0 (decisive only),COMPATIBILITY_ONLY_NOT_PRODUCTION,49116.4465,44138.1901,482.7433,1876,1876,-0.00982855,-0.04864130,-0.00569631,-0.00982855,-482.7433,49116.4465,OK,0.0000,19.3097,4.0000,96.0000,AG03-UNRESOLVED,ALL5_LEVELS_bet23_to_bet27,19.3097,19.3097,24.1372,24.1372,24.1372,4.000000,4.000000,5.000000,5.000000,5.000000,96.000000,96.000000,95.000000,95.000000,95.000000,5.0,111.0310,101.3004,371.7123,381.4429,PENDING_AG03,FALSE,NOT_FOR_ENFORCEMENT,463.4336,42372.6625,482.7433,463.4336,19.3097,0.00982855,0.00943540,19.3097,463.4336,0.00943540,19.3097,19.3097,24.1372,24.1372,24.1372,463.4336,0.00943540,111.0310,101.3004,371.7123,381.4429,0.00756798,0.00776609,0.00039314,26.1815,23.5278,0.2573,40.2286,1.0517,4093.0372,156.3333,25.8255,26.2200,25.9457,26.176,26.176,26.3317,26.3317,26.3317,26.176,0.0,1.005951,1.005951,1.000211,29,110,12,1,0.09622170,0.00982855,0.04864130,0E-8,0.000000,0.898644,0.000000,-0.04294500,2026-03-27,2026-08-03,12,459,262,130,0.092308,0.984956,0.986404,0.320739,,,,,,,,GLOBAL_BASELINE_NO_ENTITY_RANKING,,,NOT_APPLICABLE_GLOBAL_BASELINE,HF9g-P5,,,,X 全窗基线 · 不参与实体赏罚,8394382,840,A168_HF9F_20260827_0900,2026-08-27 09:00:00
2026-04-06,147441826,2239,0,183.2316833760,-30.1023479832,-30.1023479832,0.4285714,7,7,0.50665070000000000,0.506650700000,-0.4131932236838825,-0.4131932236838825,-0.4131932236838825,0E-17,ELIGIBLE,R03b_20260811_FULL_v1,L1_ELIGIBILITY,v2026-08-11,2026-03-21..2026-08-06,baccarat_bet02_101_all_pairs_incl_sentinel,round_win = game_pnl > 0 (decisive only),COMPATIBILITY_ONLY_NOT_PRODUCTION,49116.4465,44138.1901,482.7433,1876,1876,-0.00982855,-0.04864130,-0.00569631,-0.00982855,-482.7433,49116.4465,OK,0.0000,19.3097,4.0000,96.0000,AG03-UNRESOLVED,ALL5_LEVELS_bet23_to_bet27,19.3097,19.3097,24.1372,24.1372,24.1372,4.000000,4.000000,5.000000,5.000000,5.000000,96.000000,96.000000,95.000000,95.000000,95.000000,5.0,111.0310,101.3004,371.7123,381.4429,PENDING_AG03,FALSE,NOT_FOR_ENFORCEMENT,463.4336,42372.6625,482.7433,463.4336,19.3097,0.00982855,0.00943540,19.3097,463.4336,0.00943540,19.3097,19.3097,24.1372,24.1372,24.1372,463.4336,0.00943540,111.0310,101.3004,371.7123,381.4429,0.00756798,0.00776609,0.00039314,26.1815,23.5278,0.2573,40.2286,1.0517,4093.0372,156.3333,25.8255,26.2200,25.9457,26.176,26.176,26.3317,26.3317,26.3317,26.176,0.0,1.005951,1.005951,1.000211,29,110,12,1,0.09622170,0.00982855,0.04864130,0E-8,0.000000,0.898644,0.000000,-0.04294500,2026-03-27,2026-08-03,12,459,262,130,0.092308,0.984956,0.986404,0.320739,,,,,,,,GLOBAL_BASELINE_NO_ENTITY_RANKING,,,NOT_APPLICABLE_GLOBAL_BASELINE,HF9g-P5,,,,X 全窗基线 · 不参与实体赏罚,8394383,840,A168_HF9F_20260827_0900,2026-08-27 09:00:00
2026-04-06,147441826,2246,0,235.5835929120,-82.4542575192,-82.4542575192,0.3333333,9,9,0.50665070000000000,0.506650700000,-1.0399962058999468,-1.0399962058999468,-1.0399962058999468,0E-17,ELIGIBLE,R03b_20260811_FULL_v1,L1_ELIGIBILITY,v2026-08-11,2026-03-21..2026-08-06,baccarat_bet02_101_all_pairs_incl_sentinel,round_win = game_pnl > 0 (decisive only),COMPATIBILITY_ONLY_NOT_PRODUCTION,49116.4465,44138.1901,482.7433,1876,1876,-0.00982855,-0.04864130,-0.00569631,-0.00982855,-482.7433,49116.4465,OK,0.0000,19.3097,4.0000,96.0000,AG03-UNRESOLVED,ALL5_LEVELS_bet23_to_bet27,19.3097,19.3097,24.1372,24.1372,24.1372,4.000000,4.000000,5.000000,5.000000,5.000000,96.000000,96.000000,95.000000,95.000000,95.000000,5.0,111.0310,101.3004,371.7123,381.4429,PENDING_AG03,FALSE,NOT_FOR_ENFORCEMENT,463.4336,42372.6625,482.7433,463.4336,19.3097,0.00982855,0.00943540,19.3097,463.4336,0.00943540,19.3097,19.3097,24.1372,24.1372,24.1372,463.4336,0.00943540,111.0310,101.3004,371.7123,381.4429,0.00756798,0.00776609,0.00039314,26.1815,23.5278,0.2573,40.2286,1.0517,4093.0372,156.3333,25.8255,26.2200,25.9457,26.176,26.176,26.3317,26.3317,26.3317,26.176,0.0,1.005951,1.005951,1.000211,29,110,12,1,0.09622170,0.00982855,0.04864130,0E-8,0.000000,0.898644,0.000000,-0.04294500,2026-03-27,2026-08-03,12,459,262,130,0.092308,0.984956,0.986404,0.320739,,,,,,,,GLOBAL_BASELINE_NO_ENTITY_RANKING,,,NOT_APPLICABLE_GLOBAL_BASELINE,HF9g-P5,,,,X 全窗基线 · 不参与实体赏罚,8394384,840,A168_HF9F_20260827_0900,2026-08-27 09:00:00
2026-04-06,147441826,529,0,26.1759547680,-26.1759547680,-26.1759547680,0E-7,1,1,0.50665070000000000,0.506650700000,-1.013391052207602,-1.013391052207602,-1.013391052207602,0E-17,ELIGIBLE,R03b_20260811_FULL_v1,L1_ELIGIBILITY,v2026-08-11,2026-03-21..2026-08-06,baccarat_bet02_101_all_pairs_incl_sentinel,round_win = game_pnl > 0 (decisive only),COMPATIBILITY_ONLY_NOT_PRODUCTION,49116.4465,44138.1901,482.7433,1876,1876,-0.00982855,-0.04864130,-0.00569631,-0.00982855,-482.7433,49116.4465,OK,0.0000,19.3097,4.0000,96.0000,AG03-UNRESOLVED,ALL5_LEVELS_bet23_to_bet27,19.3097,19.3097,24.1372,24.1372,24.1372,4.000000,4.000000,5.000000,5.000000,5.000000,96.000000,96.000000,95.000000,95.000000,95.000000,5.0,111.0310,101.3004,371.7123,381.4429,PENDING_AG03,FALSE,NOT_FOR_ENFORCEMENT,463.4336,42372.6625,482.7433,463.4336,19.3097,0.00982855,0.00943540,19.3097,463.4336,0.00943540,19.3097,19.3097,24.1372,24.1372,24.1372,463.4336,0.00943540,111.0310,101.3004,371.7123,381.4429,0.00756798,0.00776609,0.00039314,26.1815,23.5278,0.2573,40.2286,1.0517,4093.0372,156.3333,25.8255,26.2200,25.9457,26.176,26.176,26.3317,26.3317,26.3317,26.176,0.0,1.005951,1.005951,1.000211,29,110,12,1,0.09622170,0.00982855,0.04864130,0E-8,0.000000,0.898644,0.000000,-0.04294500,2026-03-27,2026-08-03,12,459,262,130,0.092308,0.984956,0.986404,0.320739,,,,,,,,GLOBAL_BASELINE_NO_ENTITY_RANKING,,,NOT_APPLICABLE_GLOBAL_BASELINE,HF9g-P5,,,,X 全窗基线 · 不参与实体赏罚,8394385,840,A168_HF9F_20260827_0900,2026-08-27 09:00:00
2026-04-06,147441826,969,0,157.0557286080,-3.9263932152,-3.9263932152,0.5000000,6,6,0.50665070000000000,0.506650700000,-0.032584525537284574,-0.032584525537284574,-0.032584525537284574,0E-17,ELIGIBLE,R03b_20260811_FULL_v1,L1_ELIGIBILITY,v2026-08-11,2026-03-21..2026-08-06,baccarat_bet02_101_all_pairs_incl_sentinel,round_win = game_pnl > 0 (decisive only),COMPATIBILITY_ONLY_NOT_PRODUCTION,49116.4465,44138.1901,482.7433,1876,1876,-0.00982855,-0.04864130,-0.00569631,-0.00982855,-482.7433,49116.4465,OK,0.0000,19.3097,4.0000,96.0000,AG03-UNRESOLVED,ALL5_LEVELS_bet23_to_bet27,19.3097,19.3097,24.1372,24.1372,24.1372,4.000000,4.000000,5.000000,5.000000,5.000000,96.000000,96.000000,95.000000,95.000000,95.000000,5.0,111.0310,101.3004,371.7123,381.4429,PENDING_AG03,FALSE,NOT_FOR_ENFORCEMENT,463.4336,42372.6625,482.7433,463.4336,19.3097,0.00982855,0.00943540,19.3097,463.4336,0.00943540,19.3097,19.3097,24.1372,24.1372,24.1372,463.4336,0.00943540,111.0310,101.3004,371.7123,381.4429,0.00756798,0.00776609,0.00039314,26.1815,23.5278,0.2573,40.2286,1.0517,4093.0372,156.3333,25.8255,26.2200,25.9457,26.176,26.176,26.3317,26.3317,26.3317,26.176,0.0,1.005951,1.005951,1.000211,29,110,12,1,0.09622170,0.00982855,0.04864130,0E-8,0.000000,0.898644,0.000000,-0.04294500,2026-03-27,2026-08-03,12,459,262,130,0.092308,0.984956,0.986404,0.320739,,,,,,,,GLOBAL_BASELINE_NO_ENTITY_RANKING,,,NOT_APPLICABLE_GLOBAL_BASELINE,HF9g-P5,,,,X 全窗基线 · 不参与实体赏罚,8394386,840,A168_HF9F_20260827_0900,2026-08-27 09:00:00
2026-04-07,147441826,-1,1,2434.3637934240,23.5583592912,23.5583592912,0.5185185,93,93,0.50665070000000000,0.506650700000,0.2136396335049238,0.2136396335049238,0.2136396335049238,0E-17,SENTINEL_DEALER,R03b_20260811_FULL_v1,L1_ELIGIBILITY,v2026-08-11,2026-03-21..2026-08-06,baccarat_bet02_101_all_pairs_incl_sentinel,round_win = game_pnl > 0 (decisive only),COMPATIBILITY_ONLY_NOT_PRODUCTION,49116.4465,44138.1901,482.7433,1876,1876,-0.00982855,-0.04864130,-0.00569631,-0.00982855,-482.7433,49116.4465,OK,0.0000,19.3097,4.0000,96.0000,AG03-UNRESOLVED,ALL5_LEVELS_bet23_to_bet27,19.3097,19.3097,24.1372,24.1372,24.1372,4.000000,4.000000,5.000000,5.000000,5.000000,96.000000,96.000000,95.000000,95.000000,95.000000,5.0,111.0310,101.3004,371.7123,381.4429,PENDING_AG03,FALSE,NOT_FOR_ENFORCEMENT,463.4336,42372.6625,482.7433,463.4336,19.3097,0.00982855,0.00943540,19.3097,463.4336,0.00943540,19.3097,19.3097,24.1372,24.1372,24.1372,463.4336,0.00943540,111.0310,101.3004,371.7123,381.4429,0.00756798,0.00776609,0.00039314,26.1815,23.5278,0.2573,40.2286,1.0517,4093.0372,156.3333,25.8255,26.2200,25.9457,26.176,26.176,26.3317,26.3317,26.3317,26.176,0.0,1.005951,1.005951,1.000211,29,110,12,1,0.09622170,0.00982855,0.04864130,0E-8,0.000000,0.898644,0.000000,-0.04294500,2026-03-27,2026-08-03,12,459,262,130,0.092308,0.984956,0.986404,0.320739,,,,,,,,GLOBAL_BASELINE_NO_ENTITY_RANKING,,,NOT_APPLICABLE_GLOBAL_BASELINE,HF9g-P5,,,,X 全窗基线 · 不参与实体赏罚,8394387,840,A168_HF9F_20260827_0900,2026-08-27 09:00:00
2026-04-07,147441826,1256,0,26.1759547680,-26.1759547680,-26.1759547680,0E-7,1,1,0.50665070000000000,0.506650700000,-1.013391052207602,-1.013391052207602,-1.013391052207602,0E-17,ELIGIBLE,R03b_20260811_FULL_v1,L1_ELIGIBILITY,v2026-08-11,2026-03-21..2026-08-06,baccarat_bet02_101_all_pairs_incl_sentinel,round_win = game_pnl > 0 (decisive only),COMPATIBILITY_ONLY_NOT_PRODUCTION,49116.4465,44138.1901,482.7433,1876,1876,-0.00982855,-0.04864130,-0.00569631,-0.00982855,-482.7433,49116.4465,OK,0.0000,19.3097,4.0000,96.0000,AG03-UNRESOLVED,ALL5_LEVELS_bet23_to_bet27,19.3097,19.3097,24.1372,24.1372,24.1372,4.000000,4.000000,5.000000,5.000000,5.000000,96.000000,96.000000,95.000000,95.000000,95.000000,5.0,111.0310,101.3004,371.7123,381.4429,PENDING_AG03,FALSE,NOT_FOR_ENFORCEMENT,463.4336,42372.6625,482.7433,463.4336,19.3097,0.00982855,0.00943540,19.3097,463.4336,0.00943540,19.3097,19.3097,24.1372,24.1372,24.1372,463.4336,0.00943540,111.0310,101.3004,371.7123,381.4429,0.00756798,0.00776609,0.00039314,26.1815,23.5278,0.2573,40.2286,1.0517,4093.0372,156.3333,25.8255,26.2200,25.9457,26.176,26.176,26.3317,26.3317,26.3317,26.176,0.0,1.005951,1.005951,1.000211,29,110,12,1,0.09622170,0.00982855,0.04864130,0E-8,0.000000,0.898644,0.000000,-0.04294500,2026-03-27,2026-08-03,12,459,262,130,0.092308,0.984956,0.986404,0.320739,,,,,,,,GLOBAL_BASELINE_NO_ENTITY_RANKING,,,NOT_APPLICABLE_GLOBAL_BASELINE,HF9g-P5,,,,X 全窗基线 · 不参与实体赏罚,8394388,840,A168_HF9F_20260827_0900,2026-08-27 09:00:00
2026-04-07,147441826,1299,0,26.1759547680,24.8671570296,24.8671570296,1.0000000,1,1,0.50665070000000000,0.506650700000,0.9867858985152569,0.9867858985152569,0.9867858985152569,0E-17,ELIGIBLE,R03b_20260811_FULL_v1,L1_ELIGIBILITY,v2026-08-11,2026-03-21..2026-08-06,baccarat_bet02_101_all_pairs_incl_sentinel,round_win = game_pnl > 0 (decisive only),COMPATIBILITY_ONLY_NOT_PRODUCTION,49116.4465,44138.1901,482.7433,1876,1876,-0.00982855,-0.04864130,-0.00569631,-0.00982855,-482.7433,49116.4465,OK,0.0000,19.3097,4.0000,96.0000,AG03-UNRESOLVED,ALL5_LEVELS_bet23_to_bet27,19.3097,19.3097,24.1372,24.1372,24.1372,4.000000,4.000000,5.000000,5.000000,5.000000,96.000000,96.000000,95.000000,95.000000,95.000000,5.0,111.0310,101.3004,371.7123,381.4429,PENDING_AG03,FALSE,NOT_FOR_ENFORCEMENT,463.4336,42372.6625,482.7433,463.4336,19.3097,0.00982855,0.00943540,19.3097,463.4336,0.00943540,19.3097,19.3097,24.1372,24.1372,24.1372,463.4336,0.00943540,111.0310,101.3004,371.7123,381.4429,0.00756798,0.00776609,0.00039314,26.1815,23.5278,0.2573,40.2286,1.0517,4093.0372,156.3333,25.8255,26.2200,25.9457,26.176,26.176,26.3317,26.3317,26.3317,26.176,0.0,1.005951,1.005951,1.000211,29,110,12,1,0.09622170,0.00982855,0.04864130,0E-8,0.000000,0.898644,0.000000,-0.04294500,2026-03-27,2026-08-03,12,459,262,130,0.092308,0.984956,0.986404,0.320739,,,,,,,,GLOBAL_BASELINE_NO_ENTITY_RANKING,,,NOT_APPLICABLE_GLOBAL_BASELINE,HF9g-P5,,,,X 全窗基线 · 不参与实体赏罚,8394389,840,A168_HF9F_20260827_0900,2026-08-27 09:00:00
2026-04-07,147441826,1306,0,183.2316833760,47.1167185824,47.1167185824,0.6666667,7,7,0.50665070000000000,0.506650700000,0.7839842952205449,0.7839842952205449,0.7839842952205449,0E-17,ELIGIBLE,R03b_20260811_FULL_v1,L1_ELIGIBILITY,v2026-08-11,2026-03-21..2026-08-06,baccarat_bet02_101_all_pairs_incl_sentinel,round_win = game_pnl > 0 (decisive only),COMPATIBILITY_ONLY_NOT_PRODUCTION,49116.4465,44138.1901,482.7433,1876,1876,-0.00982855,-0.04864130,-0.00569631,-0.00982855,-482.7433,49116.4465,OK,0.0000,19.3097,4.0000,96.0000,AG03-UNRESOLVED,ALL5_LEVELS_bet23_to_bet27,19.3097,19.3097,24.1372,24.1372,24.1372,4.000000,4.000000,5.000000,5.000000,5.000000,96.000000,96.000000,95.000000,95.000000,95.000000,5.0,111.0310,101.3004,371.7123,381.4429,PENDING_AG03,FALSE,NOT_FOR_ENFORCEMENT,463.4336,42372.6625,482.7433,463.4336,19.3097,0.00982855,0.00943540,19.3097,463.4336,0.00943540,19.3097,19.3097,24.1372,24.1372,24.1372,463.4336,0.00943540,111.0310,101.3004,371.7123,381.4429,0.00756798,0.00776609,0.00039314,26.1815,23.5278,0.2573,40.2286,1.0517,4093.0372,156.3333,25.8255,26.2200,25.9457,26.176,26.176,26.3317,26.3317,26.3317,26.176,0.0,1.005951,1.005951,1.000211,29,110,12,1,0.09622170,0.00982855,0.04864130,0E-8,0.000000,0.898644,0.000000,-0.04294500,2026-03-27,2026-08-03,12,459,262,130,0.092308,0.984956,0.986404,0.320739,,,,,,,,GLOBAL_BASELINE_NO_ENTITY_RANKING,,,NOT_APPLICABLE_GLOBAL_BASELINE,HF9g-P5,,,,X 全窗基线 · 不参与实体赏罚,8394390,840,A168_HF9F_20260827_0900,2026-08-27 09:00:00
2026-04-07,147441826,1318,0,183.2316833760,47.1167185824,47.1167185824,0.6666667,7,7,0.50665070000000000,0.506650700000,0.7839842952205449,0.7839842952205449,0.7839842952205449,0E-17,ELIGIBLE,R03b_20260811_FULL_v1,L1_ELIGIBILITY,v2026-08-11,2026-03-21..2026-08-06,baccarat_bet02_101_all_pairs_incl_sentinel,round_win = game_pnl > 0 (decisive only),COMPATIBILITY_ONLY_NOT_PRODUCTION,49116.4465,44138.1901,482.7433,1876,1876,-0.00982855,-0.04864130,-0.00569631,-0.00982855,-482.7433,49116.4465,OK,0.0000,19.3097,4.0000,96.0000,AG03-UNRESOLVED,ALL5_LEVELS_bet23_to_bet27,19.3097,19.3097,24.1372,24.1372,24.1372,4.000000,4.000000,5.000000,5.000000,5.000000,96.000000,96.000000,95.000000,95.000000,95.000000,5.0,111.0310,101.3004,371.7123,381.4429,PENDING_AG03,FALSE,NOT_FOR_ENFORCEMENT,463.4336,42372.6625,482.7433,463.4336,19.3097,0.00982855,0.00943540,19.3097,463.4336,0.00943540,19.3097,19.3097,24.1372,24.1372,24.1372,463.4336,0.00943540,111.0310,101.3004,371.7123,381.4429,0.00756798,0.00776609,0.00039314,26.1815,23.5278,0.2573,40.2286,1.0517,4093.0372,156.3333,25.8255,26.2200,25.9457,26.176,26.176,26.3317,26.3317,26.3317,26.176,0.0,1.005951,1.005951,1.000211,29,110,12,1,0.09622170,0.00982855,0.04864130,0E-8,0.000000,0.898644,0.000000,-0.04294500,2026-03-27,2026-08-03,12,459,262,130,0.092308,0.984956,0.986404,0.320739,,,,,,,,GLOBAL_BASELINE_NO_ENTITY_RANKING,,,NOT_APPLICABLE_GLOBAL_BASELINE,HF9g-P5,,,,X 全窗基线 · 不参与实体赏罚,8394391,840,A168_HF9F_20260827_0900,2026-08-27 09:00:00
2026-04-07,147441826,1401,0,183.2316833760,47.1167185824,47.1167185824,0.6666667,7,7,0.50665070000000000,0.506650700000,0.7839842952205449,0.7839842952205449,0.7839842952205449,0E-17,ELIGIBLE,R03b_20260811_FULL_v1,L1_ELIGIBILITY,v2026-08-11,2026-03-21..2026-08-06,baccarat_bet02_101_all_pairs_incl_sentinel,round_win = game_pnl > 0 (decisive only),COMPATIBILITY_ONLY_NOT_PRODUCTION,49116.4465,44138.1901,482.7433,1876,1876,-0.00982855,-0.04864130,-0.00569631,-0.00982855,-482.7433,49116.4465,OK,0.0000,19.3097,4.0000,96.0000,AG03-UNRESOLVED,ALL5_LEVELS_bet23_to_bet27,19.3097,19.3097,24.1372,24.1372,24.1372,4.000000,4.000000,5.000000,5.000000,5.000000,96.000000,96.000000,95.000000,95.000000,95.000000,5.0,111.0310,101.3004,371.7123,381.4429,PENDING_AG03,FALSE,NOT_FOR_ENFORCEMENT,463.4336,42372.6625,482.7433,463.4336,19.3097,0.00982855,0.00943540,19.3097,463.4336,0.00943540,19.3097,19.3097,24.1372,24.1372,24.1372,463.4336,0.00943540,111.0310,101.3004,371.7123,381.4429,0.00756798,0.00776609,0.00039314,26.1815,23.5278,0.2573,40.2286,1.0517,4093.0372,156.3333,25.8255,26.2200,25.9457,26.176,26.176,26.3317,26.3317,26.3317,26.176,0.0,1.005951,1.005951,1.000211,29,110,12,1,0.09622170,0.00982855,0.04864130,0E-8,0.000000,0.898644,0.000000,-0.04294500,2026-03-27,2026-08-03,12,459,262,130,0.092308,0.984956,0.986404,0.320739,,,,,,,,GLOBAL_BASELINE_NO_ENTITY_RANKING,,,NOT_APPLICABLE_GLOBAL_BASELINE,HF9g-P5,,,,X 全窗基线 · 不参与实体赏罚,8394392,840,A168_HF9F_20260827_0900,2026-08-27 09:00:00
2026-04-07,147441826,1963,0,26.1759547680,24.8671570296,24.8671570296,1.0000000,1,1,0.50665070000000000,0.506650700000,0.9867858985152569,0.9867858985152569,0.9867858985152569,0E-17,ELIGIBLE,R03b_20260811_FULL_v1,L1_ELIGIBILITY,v2026-08-11,2026-03-21..2026-08-06,baccarat_bet02_101_all_pairs_incl_sentinel,round_win = game_pnl > 0 (decisive only),COMPATIBILITY_ONLY_NOT_PRODUCTION,49116.4465,44138.1901,482.7433,1876,1876,-0.00982855,-0.04864130,-0.00569631,-0.00982855,-482.7433,49116.4465,OK,0.0000,19.3097,4.0000,96.0000,AG03-UNRESOLVED,ALL5_LEVELS_bet23_to_bet27,19.3097,19.3097,24.1372,24.1372,24.1372,4.000000,4.000000,5.000000,5.000000,5.000000,96.000000,96.000000,95.000000,95.000000,95.000000,5.0,111.0310,101.3004,371.7123,381.4429,PENDING_AG03,FALSE,NOT_FOR_ENFORCEMENT,463.4336,42372.6625,482.7433,463.4336,19.3097,0.00982855,0.00943540,19.3097,463.4336,0.00943540,19.3097,19.3097,24.1372,24.1372,24.1372,463.4336,0.00943540,111.0310,101.3004,371.7123,381.4429,0.00756798,0.00776609,0.00039314,26.1815,23.5278,0.2573,40.2286,1.0517,4093.0372,156.3333,25.8255,26.2200,25.9457,26.176,26.176,26.3317,26.3317,26.3317,26.176,0.0,1.005951,1.005951,1.000211,29,110,12,1,0.09622170,0.00982855,0.04864130,0E-8,0.000000,0.898644,0.000000,-0.04294500,2026-03-27,2026-08-03,12,459,262,130,0.092308,0.984956,0.986404,0.320739,,,,,,,,GLOBAL_BASELINE_NO_ENTITY_RANKING,,,NOT_APPLICABLE_GLOBAL_BASELINE,HF9g-P5,,,,X 全窗基线 · 不参与实体赏罚,8394393,840,A168_HF9F_20260827_0900,2026-08-27 09:00:00
2026-04-07,147441826,1966,0,104.7038190720,-53.6607072744,-53.6607072744,0.2500000,4,4,0.50665070000000000,0.506650700000,-1.0266936290537745,-1.0266936290537745,-1.0266936290537745,0E-17,ELIGIBLE,R03b_20260811_FULL_v1,L1_ELIGIBILITY,v2026-08-11,2026-03-21..2026-08-06,baccarat_bet02_101_all_pairs_incl_sentinel,round_win = game_pnl > 0 (decisive only),COMPATIBILITY_ONLY_NOT_PRODUCTION,49116.4465,44138.1901,482.7433,1876,1876,-0.00982855,-0.04864130,-0.00569631,-0.00982855,-482.7433,49116.4465,OK,0.0000,19.3097,4.0000,96.0000,AG03-UNRESOLVED,ALL5_LEVELS_bet23_to_bet27,19.3097,19.3097,24.1372,24.1372,24.1372,4.000000,4.000000,5.000000,5.000000,5.000000,96.000000,96.000000,95.000000,95.000000,95.000000,5.0,111.0310,101.3004,371.7123,381.4429,PENDING_AG03,FALSE,NOT_FOR_ENFORCEMENT,463.4336,42372.6625,482.7433,463.4336,19.3097,0.00982855,0.00943540,19.3097,463.4336,0.00943540,19.3097,19.3097,24.1372,24.1372,24.1372,463.4336,0.00943540,111.0310,101.3004,371.7123,381.4429,0.00756798,0.00776609,0.00039314,26.1815,23.5278,0.2573,40.2286,1.0517,4093.0372,156.3333,25.8255,26.2200,25.9457,26.176,26.176,26.3317,26.3317,26.3317,26.176,0.0,1.005951,1.005951,1.000211,29,110,12,1,0.09622170,0.00982855,0.04864130,0E-8,0.000000,0.898644,0.000000,-0.04294500,2026-03-27,2026-08-03,12,459,262,130,0.092308,0.984956,0.986404,0.320739,,,,,,,,GLOBAL_BASELINE_NO_ENTITY_RANKING,,,NOT_APPLICABLE_GLOBAL_BASELINE,HF9g-P5,,,,X 全窗基线 · 不参与实体赏罚,8394394,840,A168_HF9F_20260827_0900,2026-08-27 09:00:00
2026-04-07,147441826,2088,0,157.0557286080,48.4255163208,48.4255163208,0.7500000,6,6,0.50665070000000000,0.506650700000,0.9734833216690844,0.9734833216690844,0.9734833216690844,0E-17,ELIGIBLE,R03b_20260811_FULL_v1,L1_ELIGIBILITY,v2026-08-11,2026-03-21..2026-08-06,baccarat_bet02_101_all_pairs_incl_sentinel,round_win = game_pnl > 0 (decisive only),COMPATIBILITY_ONLY_NOT_PRODUCTION,49116.4465,44138.1901,482.7433,1876,1876,-0.00982855,-0.04864130,-0.00569631,-0.00982855,-482.7433,49116.4465,OK,0.0000,19.3097,4.0000,96.0000,AG03-UNRESOLVED,ALL5_LEVELS_bet23_to_bet27,19.3097,19.3097,24.1372,24.1372,24.1372,4.000000,4.000000,5.000000,5.000000,5.000000,96.000000,96.000000,95.000000,95.000000,95.000000,5.0,111.0310,101.3004,371.7123,381.4429,PENDING_AG03,FALSE,NOT_FOR_ENFORCEMENT,463.4336,42372.6625,482.7433,463.4336,19.3097,0.00982855,0.00943540,19.3097,463.4336,0.00943540,19.3097,19.3097,24.1372,24.1372,24.1372,463.4336,0.00943540,111.0310,101.3004,371.7123,381.4429,0.00756798,0.00776609,0.00039314,26.1815,23.5278,0.2573,40.2286,1.0517,4093.0372,156.3333,25.8255,26.2200,25.9457,26.176,26.176,26.3317,26.3317,26.3317,26.176,0.0,1.005951,1.005951,1.000211,29,110,12,1,0.09622170,0.00982855,0.04864130,0E-8,0.000000,0.898644,0.000000,-0.04294500,2026-03-27,2026-08-03,12,459,262,130,0.092308,0.984956,0.986404,0.320739,,,,,,,,GLOBAL_BASELINE_NO_ENTITY_RANKING,,,NOT_APPLICABLE_GLOBAL_BASELINE,HF9g-P5,,,,X 全窗基线 · 不参与实体赏罚,8394395,840,A168_HF9F_20260827_0900,2026-08-27 09:00:00
2026-04-07,147441826,2117,0,130.8797738400,23.5583592912,23.5583592912,0.6666667,5,5,0.50665070000000000,0.506650700000,0.5543606114942035,0.5543606114942035,0.5543606114942035,0E-17,ELIGIBLE,R03b_20260811_FULL_v1,L1_ELIGIBILITY,v2026-08-11,2026-03-21..2026-08-06,baccarat_bet02_101_all_pairs_incl_sentinel,round_win = game_pnl > 0 (decisive only),COMPATIBILITY_ONLY_NOT_PRODUCTION,49116.4465,44138.1901,482.7433,1876,1876,-0.00982855,-0.04864130,-0.00569631,-0.00982855,-482.7433,49116.4465,OK,0.0000,19.3097,4.0000,96.0000,AG03-UNRESOLVED,ALL5_LEVELS_bet23_to_bet27,19.3097,19.3097,24.1372,24.1372,24.1372,4.000000,4.000000,5.000000,5.000000,5.000000,96.000000,96.000000,95.000000,95.000000,95.000000,5.0,111.0310,101.3004,371.7123,381.4429,PENDING_AG03,FALSE,NOT_FOR_ENFORCEMENT,463.4336,42372.6625,482.7433,463.4336,19.3097,0.00982855,0.00943540,19.3097,463.4336,0.00943540,19.3097,19.3097,24.1372,24.1372,24.1372,463.4336,0.00943540,111.0310,101.3004,371.7123,381.4429,0.00756798,0.00776609,0.00039314,26.1815,23.5278,0.2573,40.2286,1.0517,4093.0372,156.3333,25.8255,26.2200,25.9457,26.176,26.176,26.3317,26.3317,26.3317,26.176,0.0,1.005951,1.005951,1.000211,29,110,12,1,0.09622170,0.00982855,0.04864130,0E-8,0.000000,0.898644,0.000000,-0.04294500,2026-03-27,2026-08-03,12,459,262,130,0.092308,0.984956,0.986404,0.320739,,,,,,,,GLOBAL_BASELINE_NO_ENTITY_RANKING,,,NOT_APPLICABLE_GLOBAL_BASELINE,HF9g-P5,,,,X 全窗基线 · 不参与实体赏罚,8394396,840,A168_HF9F_20260827_0900,2026-08-27 09:00:00
2026-04-07,147441826,2121,0,26.1759547680,24.8671570296,24.8671570296,1.0000000,1,1,0.50665070000000000,0.506650700000,0.9867858985152569,0.9867858985152569,0.9867858985152569,0E-17,ELIGIBLE,R03b_20260811_FULL_v1,L1_ELIGIBILITY,v2026-08-11,2026-03-21..2026-08-06,baccarat_bet02_101_all_pairs_incl_sentinel,round_win = game_pnl > 0 (decisive only),COMPATIBILITY_ONLY_NOT_PRODUCTION,49116.4465,44138.1901,482.7433,1876,1876,-0.00982855,-0.04864130,-0.00569631,-0.00982855,-482.7433,49116.4465,OK,0.0000,19.3097,4.0000,96.0000,AG03-UNRESOLVED,ALL5_LEVELS_bet23_to_bet27,19.3097,19.3097,24.1372,24.1372,24.1372,4.000000,4.000000,5.000000,5.000000,5.000000,96.000000,96.000000,95.000000,95.000000,95.000000,5.0,111.0310,101.3004,371.7123,381.4429,PENDING_AG03,FALSE,NOT_FOR_ENFORCEMENT,463.4336,42372.6625,482.7433,463.4336,19.3097,0.00982855,0.00943540,19.3097,463.4336,0.00943540,19.3097,19.3097,24.1372,24.1372,24.1372,463.4336,0.00943540,111.0310,101.3004,371.7123,381.4429,0.00756798,0.00776609,0.00039314,26.1815,23.5278,0.2573,40.2286,1.0517,4093.0372,156.3333,25.8255,26.2200,25.9457,26.176,26.176,26.3317,26.3317,26.3317,26.176,0.0,1.005951,1.005951,1.000211,29,110,12,1,0.09622170,0.00982855,0.04864130,0E-8,0.000000,0.898644,0.000000,-0.04294500,2026-03-27,2026-08-03,12,459,262,130,0.092308,0.984956,0.986404,0.320739,,,,,,,,GLOBAL_BASELINE_NO_ENTITY_RANKING,,,NOT_APPLICABLE_GLOBAL_BASELINE,HF9g-P5,,,,X 全窗基线 · 不参与实体赏罚,8394397,840,A168_HF9F_20260827_0900,2026-08-27 09:00:00
2026-04-07,147441826,2129,0,26.1759547680,24.8671570296,24.8671570296,1.0000000,1,1,0.50665070000000000,0.506650700000,0.9867858985152569,0.9867858985152569,0.9867858985152569,0E-17,ELIGIBLE,R03b_20260811_FULL_v1,L1_ELIGIBILITY,v2026-08-11,2026-03-21..2026-08-06,baccarat_bet02_101_all_pairs_incl_sentinel,round_win = game_pnl > 0 (decisive only),COMPATIBILITY_ONLY_NOT_PRODUCTION,49116.4465,44138.1901,482.7433,1876,1876,-0.00982855,-0.04864130,-0.00569631,-0.00982855,-482.7433,49116.4465,OK,0.0000,19.3097,4.0000,96.0000,AG03-UNRESOLVED,ALL5_LEVELS_bet23_to_bet27,19.3097,19.3097,24.1372,24.1372,24.1372,4.000000,4.000000,5.000000,5.000000,5.000000,96.000000,96.000000,95.000000,95.000000,95.000000,5.0,111.0310,101.3004,371.7123,381.4429,PENDING_AG03,FALSE,NOT_FOR_ENFORCEMENT,463.4336,42372.6625,482.7433,463.4336,19.3097,0.00982855,0.00943540,19.3097,463.4336,0.00943540,19.3097,19.3097,24.1372,24.1372,24.1372,463.4336,0.00943540,111.0310,101.3004,371.7123,381.4429,0.00756798,0.00776609,0.00039314,26.1815,23.5278,0.2573,40.2286,1.0517,4093.0372,156.3333,25.8255,26.2200,25.9457,26.176,26.176,26.3317,26.3317,26.3317,26.176,0.0,1.005951,1.005951,1.000211,29,110,12,1,0.09622170,0.00982855,0.04864130,0E-8,0.000000,0.898644,0.000000,-0.04294500,2026-03-27,2026-08-03,12,459,262,130,0.092308,0.984956,0.986404,0.320739,,,,,,,,GLOBAL_BASELINE_NO_ENTITY_RANKING,,,NOT_APPLICABLE_GLOBAL_BASELINE,HF9g-P5,,,,X 全窗基线 · 不参与实体赏罚,8394398,840,A168_HF9F_20260827_0900,2026-08-27 09:00:00
2026-04-07,147441826,2142,0,209.4076381440,71.9838756120,71.9838756120,0.7142857,8,8,0.50665070000000000,0.506650700000,1.098798430526454,1.098798430526454,1.098798430526454,0E-17,ELIGIBLE,R03b_20260811_FULL_v1,L1_ELIGIBILITY,v2026-08-11,2026-03-21..2026-08-06,baccarat_bet02_101_all_pairs_incl_sentinel,round_win = game_pnl > 0 (decisive only),COMPATIBILITY_ONLY_NOT_PRODUCTION,49116.4465,44138.1901,482.7433,1876,1876,-0.00982855,-0.04864130,-0.00569631,-0.00982855,-482.7433,49116.4465,OK,0.0000,19.3097,4.0000,96.0000,AG03-UNRESOLVED,ALL5_LEVELS_bet23_to_bet27,19.3097,19.3097,24.1372,24.1372,24.1372,4.000000,4.000000,5.000000,5.000000,5.000000,96.000000,96.000000,95.000000,95.000000,95.000000,5.0,111.0310,101.3004,371.7123,381.4429,PENDING_AG03,FALSE,NOT_FOR_ENFORCEMENT,463.4336,42372.6625,482.7433,463.4336,19.3097,0.00982855,0.00943540,19.3097,463.4336,0.00943540,19.3097,19.3097,24.1372,24.1372,24.1372,463.4336,0.00943540,111.0310,101.3004,371.7123,381.4429,0.00756798,0.00776609,0.00039314,26.1815,23.5278,0.2573,40.2286,1.0517,4093.0372,156.3333,25.8255,26.2200,25.9457,26.176,26.176,26.3317,26.3317,26.3317,26.176,0.0,1.005951,1.005951,1.000211,29,110,12,1,0.09622170,0.00982855,0.04864130,0E-8,0.000000,0.898644,0.000000,-0.04294500,2026-03-27,2026-08-03,12,459,262,130,0.092308,0.984956,0.986404,0.320739,,,,,,,,GLOBAL_BASELINE_NO_ENTITY_RANKING,,,NOT_APPLICABLE_GLOBAL_BASELINE,HF9g-P5,,,,X 全窗基线 · 不参与实体赏罚,8394399,840,A168_HF9F_20260827_0900,2026-08-27 09:00:00
2026-04-07,147441826,2175,0,130.8797738400,73.2926733504,73.2926733504,0.8000000,5,5,0.50665070000000000,0.506650700000,1.3120140225494112,1.3120140225494112,1.3120140225494112,0E-17,ELIGIBLE,R03b_20260811_FULL_v1,L1_ELIGIBILITY,v2026-08-11,2026-03-21..2026-08-06,baccarat_bet02_101_all_pairs_incl_sentinel,round_win = game_pnl > 0 (decisive only),COMPATIBILITY_ONLY_NOT_PRODUCTION,49116.4465,44138.1901,482.7433,1876,1876,-0.00982855,-0.04864130,-0.00569631,-0.00982855,-482.7433,49116.4465,OK,0.0000,19.3097,4.0000,96.0000,AG03-UNRESOLVED,ALL5_LEVELS_bet23_to_bet27,19.3097,19.3097,24.1372,24.1372,24.1372,4.000000,4.000000,5.000000,5.000000,5.000000,96.000000,96.000000,95.000000,95.000000,95.000000,5.0,111.0310,101.3004,371.7123,381.4429,PENDING_AG03,FALSE,NOT_FOR_ENFORCEMENT,463.4336,42372.6625,482.7433,463.4336,19.3097,0.00982855,0.00943540,19.3097,463.4336,0.00943540,19.3097,19.3097,24.1372,24.1372,24.1372,463.4336,0.00943540,111.0310,101.3004,371.7123,381.4429,0.00756798,0.00776609,0.00039314,26.1815,23.5278,0.2573,40.2286,1.0517,4093.0372,156.3333,25.8255,26.2200,25.9457,26.176,26.176,26.3317,26.3317,26.3317,26.176,0.0,1.005951,1.005951,1.000211,29,110,12,1,0.09622170,0.00982855,0.04864130,0E-8,0.000000,0.898644,0.000000,-0.04294500,2026-03-27,2026-08-03,12,459,262,130,0.092308,0.984956,0.986404,0.320739,,,,,,,,GLOBAL_BASELINE_NO_ENTITY_RANKING,,,NOT_APPLICABLE_GLOBAL_BASELINE,HF9g-P5,,,,X 全窗基线 · 不参与实体赏罚,8394400,840,A168_HF9F_20260827_0900,2026-08-27 09:00:00
2026-04-07,147441826,2187,0,52.3519095360,-1.3087977384,-1.3087977384,0.5000000,2,2,0.50665070000000000,0.506650700000,-0.018812684590367487,-0.018812684590367487,-0.018812684590367487,0E-17,ELIGIBLE,R03b_20260811_FULL_v1,L1_ELIGIBILITY,v2026-08-11,2026-03-21..2026-08-06,baccarat_bet02_101_all_pairs_incl_sentinel,round_win = game_pnl > 0 (decisive only),COMPATIBILITY_ONLY_NOT_PRODUCTION,49116.4465,44138.1901,482.7433,1876,1876,-0.00982855,-0.04864130,-0.00569631,-0.00982855,-482.7433,49116.4465,OK,0.0000,19.3097,4.0000,96.0000,AG03-UNRESOLVED,ALL5_LEVELS_bet23_to_bet27,19.3097,19.3097,24.1372,24.1372,24.1372,4.000000,4.000000,5.000000,5.000000,5.000000,96.000000,96.000000,95.000000,95.000000,95.000000,5.0,111.0310,101.3004,371.7123,381.4429,PENDING_AG03,FALSE,NOT_FOR_ENFORCEMENT,463.4336,42372.6625,482.7433,463.4336,19.3097,0.00982855,0.00943540,19.3097,463.4336,0.00943540,19.3097,19.3097,24.1372,24.1372,24.1372,463.4336,0.00943540,111.0310,101.3004,371.7123,381.4429,0.00756798,0.00776609,0.00039314,26.1815,23.5278,0.2573,40.2286,1.0517,4093.0372,156.3333,25.8255,26.2200,25.9457,26.176,26.176,26.3317,26.3317,26.3317,26.176,0.0,1.005951,1.005951,1.000211,29,110,12,1,0.09622170,0.00982855,0.04864130,0E-8,0.000000,0.898644,0.000000,-0.04294500,2026-03-27,2026-08-03,12,459,262,130,0.092308,0.984956,0.986404,0.320739,,,,,,,,GLOBAL_BASELINE_NO_ENTITY_RANKING,,,NOT_APPLICABLE_GLOBAL_BASELINE,HF9g-P5,,,,X 全窗基线 · 不参与实体赏罚,8394401,840,A168_HF9F_20260827_0900,2026-08-27 09:00:00
2026-04-07,147441826,2188,0,104.7038190720,-27.4847525064,-27.4847525064,0.3333333,4,4,0.50665070000000000,0.506650700000,-0.6004420894325239,-0.6004420894325239,-0.6004420894325239,0E-17,ELIGIBLE,R03b_20260811_FULL_v1,L1_ELIGIBILITY,v2026-08-11,2026-03-21..2026-08-06,baccarat_bet02_101_all_pairs_incl_sentinel,round_win = game_pnl > 0 (decisive only),COMPATIBILITY_ONLY_NOT_PRODUCTION,49116.4465,44138.1901,482.7433,1876,1876,-0.00982855,-0.04864130,-0.00569631,-0.00982855,-482.7433,49116.4465,OK,0.0000,19.3097,4.0000,96.0000,AG03-UNRESOLVED,ALL5_LEVELS_bet23_to_bet27,19.3097,19.3097,24.1372,24.1372,24.1372,4.000000,4.000000,5.000000,5.000000,5.000000,96.000000,96.000000,95.000000,95.000000,95.000000,5.0,111.0310,101.3004,371.7123,381.4429,PENDING_AG03,FALSE,NOT_FOR_ENFORCEMENT,463.4336,42372.6625,482.7433,463.4336,19.3097,0.00982855,0.00943540,19.3097,463.4336,0.00943540,19.3097,19.3097,24.1372,24.1372,24.1372,463.4336,0.00943540,111.0310,101.3004,371.7123,381.4429,0.00756798,0.00776609,0.00039314,26.1815,23.5278,0.2573,40.2286,1.0517,4093.0372,156.3333,25.8255,26.2200,25.9457,26.176,26.176,26.3317,26.3317,26.3317,26.176,0.0,1.005951,1.005951,1.000211,29,110,12,1,0.09622170,0.00982855,0.04864130,0E-8,0.000000,0.898644,0.000000,-0.04294500,2026-03-27,2026-08-03,12,459,262,130,0.092308,0.984956,0.986404,0.320739,,,,,,,,GLOBAL_BASELINE_NO_ENTITY_RANKING,,,NOT_APPLICABLE_GLOBAL_BASELINE,HF9g-P5,,,,X 全窗基线 · 不参与实体赏罚,8394402,840,A168_HF9F_20260827_0900,2026-08-27 09:00:00
2026-04-07,147441826,2222,0,52.3519095360,-52.3519095360,-52.3519095360,0E-7,2,2,0.50665070000000000,0.506650700000,-1.4331513700195317,-1.4331513700195317,-1.4331513700195317,0E-17,ELIGIBLE,R03b_20260811_FULL_v1,L1_ELIGIBILITY,v2026-08-11,2026-03-21..2026-08-06,baccarat_bet02_101_all_pairs_incl_sentinel,round_win = game_pnl > 0 (decisive only),COMPATIBILITY_ONLY_NOT_PRODUCTION,49116.4465,44138.1901,482.7433,1876,1876,-0.00982855,-0.04864130,-0.00569631,-0.00982855,-482.7433,49116.4465,OK,0.0000,19.3097,4.0000,96.0000,AG03-UNRESOLVED,ALL5_LEVELS_bet23_to_bet27,19.3097,19.3097,24.1372,24.1372,24.1372,4.000000,4.000000,5.000000,5.000000,5.000000,96.000000,96.000000,95.000000,95.000000,95.000000,5.0,111.0310,101.3004,371.7123,381.4429,PENDING_AG03,FALSE,NOT_FOR_ENFORCEMENT,463.4336,42372.6625,482.7433,463.4336,19.3097,0.00982855,0.00943540,19.3097,463.4336,0.00943540,19.3097,19.3097,24.1372,24.1372,24.1372,463.4336,0.00943540,111.0310,101.3004,371.7123,381.4429,0.00756798,0.00776609,0.00039314,26.1815,23.5278,0.2573,40.2286,1.0517,4093.0372,156.3333,25.8255,26.2200,25.9457,26.176,26.176,26.3317,26.3317,26.3317,26.176,0.0,1.005951,1.005951,1.000211,29,110,12,1,0.09622170,0.00982855,0.04864130,0E-8,0.000000,0.898644,0.000000,-0.04294500,2026-03-27,2026-08-03,12,459,262,130,0.092308,0.984956,0.986404,0.320739,,,,,,,,GLOBAL_BASELINE_NO_ENTITY_RANKING,,,NOT_APPLICABLE_GLOBAL_BASELINE,HF9g-P5,,,,X 全窗基线 · 不参与实体赏罚,8394403,840,A168_HF9F_20260827_0900,2026-08-27 09:00:00
2026-04-07,147441826,2229,0,209.4076381440,20.9407638144,20.9407638144,0.5714286,8,8,0.50665070000000000,0.506650700000,0.34280260342128577,0.34280260342128577,0.34280260342128577,0E-17,ELIGIBLE,R03b_20260811_FULL_v1,L1_ELIGIBILITY,v2026-08-11,2026-03-21..2026-08-06,baccarat_bet02_101_all_pairs_incl_sentinel,round_win = game_pnl > 0 (decisive only),COMPATIBILITY_ONLY_NOT_PRODUCTION,49116.4465,44138.1901,482.7433,1876,1876,-0.00982855,-0.04864130,-0.00569631,-0.00982855,-482.7433,49116.4465,OK,0.0000,19.3097,4.0000,96.0000,AG03-UNRESOLVED,ALL5_LEVELS_bet23_to_bet27,19.3097,19.3097,24.1372,24.1372,24.1372,4.000000,4.000000,5.000000,5.000000,5.000000,96.000000,96.000000,95.000000,95.000000,95.000000,5.0,111.0310,101.3004,371.7123,381.4429,PENDING_AG03,FALSE,NOT_FOR_ENFORCEMENT,463.4336,42372.6625,482.7433,463.4336,19.3097,0.00982855,0.00943540,19.3097,463.4336,0.00943540,19.3097,19.3097,24.1372,24.1372,24.1372,463.4336,0.00943540,111.0310,101.3004,371.7123,381.4429,0.00756798,0.00776609,0.00039314,26.1815,23.5278,0.2573,40.2286,1.0517,4093.0372,156.3333,25.8255,26.2200,25.9457,26.176,26.176,26.3317,26.3317,26.3317,26.176,0.0,1.005951,1.005951,1.000211,29,110,12,1,0.09622170,0.00982855,0.04864130,0E-8,0.000000,0.898644,0.000000,-0.04294500,2026-03-27,2026-08-03,12,459,262,130,0.092308,0.984956,0.986404,0.320739,,,,,,,,GLOBAL_BASELINE_NO_ENTITY_RANKING,,,NOT_APPLICABLE_GLOBAL_BASELINE,HF9g-P5,,,,X 全窗基线 · 不参与实体赏罚,8394404,840,A168_HF9F_20260827_0900,2026-08-27 09:00:00
2026-04-07,147441826,2242,0,209.4076381440,-56.2783027512,-56.2783027512,0.3750000,8,8,0.50665070000000000,0.506650700000,-0.7447947118953172,-0.7447947118953172,-0.7447947118953172,0E-17,ELIGIBLE,R03b_20260811_FULL_v1,L1_ELIGIBILITY,v2026-08-11,2026-03-21..2026-08-06,baccarat_bet02_101_all_pairs_incl_sentinel,round_win = game_pnl > 0 (decisive only),COMPATIBILITY_ONLY_NOT_PRODUCTION,49116.4465,44138.1901,482.7433,1876,1876,-0.00982855,-0.04864130,-0.00569631,-0.00982855,-482.7433,49116.4465,OK,0.0000,19.3097,4.0000,96.0000,AG03-UNRESOLVED,ALL5_LEVELS_bet23_to_bet27,19.3097,19.3097,24.1372,24.1372,24.1372,4.000000,4.000000,5.000000,5.000000,5.000000,96.000000,96.000000,95.000000,95.000000,95.000000,5.0,111.0310,101.3004,371.7123,381.4429,PENDING_AG03,FALSE,NOT_FOR_ENFORCEMENT,463.4336,42372.6625,482.7433,463.4336,19.3097,0.00982855,0.00943540,19.3097,463.4336,0.00943540,19.3097,19.3097,24.1372,24.1372,24.1372,463.4336,0.00943540,111.0310,101.3004,371.7123,381.4429,0.00756798,0.00776609,0.00039314,26.1815,23.5278,0.2573,40.2286,1.0517,4093.0372,156.3333,25.8255,26.2200,25.9457,26.176,26.176,26.3317,26.3317,26.3317,26.176,0.0,1.005951,1.005951,1.000211,29,110,12,1,0.09622170,0.00982855,0.04864130,0E-8,0.000000,0.898644,0.000000,-0.04294500,2026-03-27,2026-08-03,12,459,262,130,0.092308,0.984956,0.986404,0.320739,,,,,,,,GLOBAL_BASELINE_NO_ENTITY_RANKING,,,NOT_APPLICABLE_GLOBAL_BASELINE,HF9g-P5,,,,X 全窗基线 · 不参与实体赏罚,8394405,840,A168_HF9F_20260827_0900,2026-08-27 09:00:00
2026-04-07,147441826,2244,0,78.5278643040,-78.5278643040,-78.5278643040,0E-7,3,3,0.50665070000000000,0.506650700000,-1.7552447903592512,-1.7552447903592512,-1.7552447903592512,0E-17,ELIGIBLE,R03b_20260811_FULL_v1,L1_ELIGIBILITY,v2026-08-11,2026-03-21..2026-08-06,baccarat_bet02_101_all_pairs_incl_sentinel,round_win = game_pnl > 0 (decisive only),COMPATIBILITY_ONLY_NOT_PRODUCTION,49116.4465,44138.1901,482.7433,1876,1876,-0.00982855,-0.04864130,-0.00569631,-0.00982855,-482.7433,49116.4465,OK,0.0000,19.3097,4.0000,96.0000,AG03-UNRESOLVED,ALL5_LEVELS_bet23_to_bet27,19.3097,19.3097,24.1372,24.1372,24.1372,4.000000,4.000000,5.000000,5.000000,5.000000,96.000000,96.000000,95.000000,95.000000,95.000000,5.0,111.0310,101.3004,371.7123,381.4429,PENDING_AG03,FALSE,NOT_FOR_ENFORCEMENT,463.4336,42372.6625,482.7433,463.4336,19.3097,0.00982855,0.00943540,19.3097,463.4336,0.00943540,19.3097,19.3097,24.1372,24.1372,24.1372,463.4336,0.00943540,111.0310,101.3004,371.7123,381.4429,0.00756798,0.00776609,0.00039314,26.1815,23.5278,0.2573,40.2286,1.0517,4093.0372,156.3333,25.8255,26.2200,25.9457,26.176,26.176,26.3317,26.3317,26.3317,26.176,0.0,1.005951,1.005951,1.000211,29,110,12,1,0.09622170,0.00982855,0.04864130,0E-8,0.000000,0.898644,0.000000,-0.04294500,2026-03-27,2026-08-03,12,459,262,130,0.092308,0.984956,0.986404,0.320739,,,,,,,,GLOBAL_BASELINE_NO_ENTITY_RANKING,,,NOT_APPLICABLE_GLOBAL_BASELINE,HF9g-P5,,,,X 全窗基线 · 不参与实体赏罚,8394406,840,A168_HF9F_20260827_0900,2026-08-27 09:00:00
2026-04-07,147441826,2248,0,78.5278643040,49.7343140592,49.7343140592,1.0000000,3,3,0.50665070000000000,0.506650700000,1.3955260008387969,1.3955260008387969,1.3955260008387969,0E-17,ELIGIBLE,R03b_20260811_FULL_v1,L1_ELIGIBILITY,v2026-08-11,2026-03-21..2026-08-06,baccarat_bet02_101_all_pairs_incl_sentinel,round_win = game_pnl > 0 (decisive only),COMPATIBILITY_ONLY_NOT_PRODUCTION,49116.4465,44138.1901,482.7433,1876,1876,-0.00982855,-0.04864130,-0.00569631,-0.00982855,-482.7433,49116.4465,OK,0.0000,19.3097,4.0000,96.0000,AG03-UNRESOLVED,ALL5_LEVELS_bet23_to_bet27,19.3097,19.3097,24.1372,24.1372,24.1372,4.000000,4.000000,5.000000,5.000000,5.000000,96.000000,96.000000,95.000000,95.000000,95.000000,5.0,111.0310,101.3004,371.7123,381.4429,PENDING_AG03,FALSE,NOT_FOR_ENFORCEMENT,463.4336,42372.6625,482.7433,463.4336,19.3097,0.00982855,0.00943540,19.3097,463.4336,0.00943540,19.3097,19.3097,24.1372,24.1372,24.1372,463.4336,0.00943540,111.0310,101.3004,371.7123,381.4429,0.00756798,0.00776609,0.00039314,26.1815,23.5278,0.2573,40.2286,1.0517,4093.0372,156.3333,25.8255,26.2200,25.9457,26.176,26.176,26.3317,26.3317,26.3317,26.176,0.0,1.005951,1.005951,1.000211,29,110,12,1,0.09622170,0.00982855,0.04864130,0E-8,0.000000,0.898644,0.000000,-0.04294500,2026-03-27,2026-08-03,12,459,262,130,0.092308,0.984956,0.986404,0.320739,,,,,,,,GLOBAL_BASELINE_NO_ENTITY_RANKING,,,NOT_APPLICABLE_GLOBAL_BASELINE,HF9g-P5,,,,X 全窗基线 · 不参与实体赏罚,8394407,840,A168_HF9F_20260827_0900,2026-08-27 09:00:00
2026-04-07,147441826,2256,0,52.3519095360,49.7343140592,49.7343140592,1.0000000,2,2,0.50665070000000000,0.506650700000,1.3955260008387969,1.3955260008387969,1.3955260008387969,0E-17,ELIGIBLE,R03b_20260811_FULL_v1,L1_ELIGIBILITY,v2026-08-11,2026-03-21..2026-08-06,baccarat_bet02_101_all_pairs_incl_sentinel,round_win = game_pnl > 0 (decisive only),COMPATIBILITY_ONLY_NOT_PRODUCTION,49116.4465,44138.1901,482.7433,1876,1876,-0.00982855,-0.04864130,-0.00569631,-0.00982855,-482.7433,49116.4465,OK,0.0000,19.3097,4.0000,96.0000,AG03-UNRESOLVED,ALL5_LEVELS_bet23_to_bet27,19.3097,19.3097,24.1372,24.1372,24.1372,4.000000,4.000000,5.000000,5.000000,5.000000,96.000000,96.000000,95.000000,95.000000,95.000000,5.0,111.0310,101.3004,371.7123,381.4429,PENDING_AG03,FALSE,NOT_FOR_ENFORCEMENT,463.4336,42372.6625,482.7433,463.4336,19.3097,0.00982855,0.00943540,19.3097,463.4336,0.00943540,19.3097,19.3097,24.1372,24.1372,24.1372,463.4336,0.00943540,111.0310,101.3004,371.7123,381.4429,0.00756798,0.00776609,0.00039314,26.1815,23.5278,0.2573,40.2286,1.0517,4093.0372,156.3333,25.8255,26.2200,25.9457,26.176,26.176,26.3317,26.3317,26.3317,26.176,0.0,1.005951,1.005951,1.000211,29,110,12,1,0.09622170,0.00982855,0.04864130,0E-8,0.000000,0.898644,0.000000,-0.04294500,2026-03-27,2026-08-03,12,459,262,130,0.092308,0.984956,0.986404,0.320739,,,,,,,,GLOBAL_BASELINE_NO_ENTITY_RANKING,,,NOT_APPLICABLE_GLOBAL_BASELINE,HF9g-P5,,,,X 全窗基线 · 不参与实体赏罚,8394408,840,A168_HF9F_20260827_0900,2026-08-27 09:00:00
2026-04-07,147441826,526,0,26.1759547680,-26.1759547680,-26.1759547680,0E-7,1,1,0.50665070000000000,0.506650700000,-1.013391052207602,-1.013391052207602,-1.013391052207602,0E-17,ELIGIBLE,R03b_20260811_FULL_v1,L1_ELIGIBILITY,v2026-08-11,2026-03-21..2026-08-06,baccarat_bet02_101_all_pairs_incl_sentinel,round_win = game_pnl > 0 (decisive only),COMPATIBILITY_ONLY_NOT_PRODUCTION,49116.4465,44138.1901,482.7433,1876,1876,-0.00982855,-0.04864130,-0.00569631,-0.00982855,-482.7433,49116.4465,OK,0.0000,19.3097,4.0000,96.0000,AG03-UNRESOLVED,ALL5_LEVELS_bet23_to_bet27,19.3097,19.3097,24.1372,24.1372,24.1372,4.000000,4.000000,5.000000,5.000000,5.000000,96.000000,96.000000,95.000000,95.000000,95.000000,5.0,111.0310,101.3004,371.7123,381.4429,PENDING_AG03,FALSE,NOT_FOR_ENFORCEMENT,463.4336,42372.6625,482.7433,463.4336,19.3097,0.00982855,0.00943540,19.3097,463.4336,0.00943540,19.3097,19.3097,24.1372,24.1372,24.1372,463.4336,0.00943540,111.0310,101.3004,371.7123,381.4429,0.00756798,0.00776609,0.00039314,26.1815,23.5278,0.2573,40.2286,1.0517,4093.0372,156.3333,25.8255,26.2200,25.9457,26.176,26.176,26.3317,26.3317,26.3317,26.176,0.0,1.005951,1.005951,1.000211,29,110,12,1,0.09622170,0.00982855,0.04864130,0E-8,0.000000,0.898644,0.000000,-0.04294500,2026-03-27,2026-08-03,12,459,262,130,0.092308,0.984956,0.986404,0.320739,,,,,,,,GLOBAL_BASELINE_NO_ENTITY_RANKING,,,NOT_APPLICABLE_GLOBAL_BASELINE,HF9g-P5,,,,X 全窗基线 · 不参与实体赏罚,8394409,840,A168_HF9F_20260827_0900,2026-08-27 09:00:00
2026-04-07,147441826,994,0,130.8797738400,-28.7935502448,-28.7935502448,0.4000000,5,5,0.50665070000000000,0.506650700000,-0.4769986289884125,-0.4769986289884125,-0.4769986289884125,0E-17,ELIGIBLE,R03b_20260811_FULL_v1,L1_ELIGIBILITY,v2026-08-11,2026-03-21..2026-08-06,baccarat_bet02_101_all_pairs_incl_sentinel,round_win = game_pnl > 0 (decisive only),COMPATIBILITY_ONLY_NOT_PRODUCTION,49116.4465,44138.1901,482.7433,1876,1876,-0.00982855,-0.04864130,-0.00569631,-0.00982855,-482.7433,49116.4465,OK,0.0000,19.3097,4.0000,96.0000,AG03-UNRESOLVED,ALL5_LEVELS_bet23_to_bet27,19.3097,19.3097,24.1372,24.1372,24.1372,4.000000,4.000000,5.000000,5.000000,5.000000,96.000000,96.000000,95.000000,95.000000,95.000000,5.0,111.0310,101.3004,371.7123,381.4429,PENDING_AG03,FALSE,NOT_FOR_ENFORCEMENT,463.4336,42372.6625,482.7433,463.4336,19.3097,0.00982855,0.00943540,19.3097,463.4336,0.00943540,19.3097,19.3097,24.1372,24.1372,24.1372,463.4336,0.00943540,111.0310,101.3004,371.7123,381.4429,0.00756798,0.00776609,0.00039314,26.1815,23.5278,0.2573,40.2286,1.0517,4093.0372,156.3333,25.8255,26.2200,25.9457,26.176,26.176,26.3317,26.3317,26.3317,26.176,0.0,1.005951,1.005951,1.000211,29,110,12,1,0.09622170,0.00982855,0.04864130,0E-8,0.000000,0.898644,0.000000,-0.04294500,2026-03-27,2026-08-03,12,459,262,130,0.092308,0.984956,0.986404,0.320739,,,,,,,,GLOBAL_BASELINE_NO_ENTITY_RANKING,,,NOT_APPLICABLE_GLOBAL_BASELINE,HF9g-P5,,,,X 全窗基线 · 不参与实体赏罚,8394410,840,A168_HF9F_20260827_0900,2026-08-27 09:00:00
2026-04-12,147441826,-1,1,1675.2611051520,62.8222914432,62.8222914432,0.5333333,64,64,0.50665070000000000,0.506650700000,0.41340215080076326,0.4134021508007633,0.41340215080076326,0E-17,SENTINEL_DEALER,R03b_20260811_FULL_v1,L1_ELIGIBILITY,v2026-08-11,2026-03-21..2026-08-06,baccarat_bet02_101_all_pairs_incl_sentinel,round_win = game_pnl > 0 (decisive only),COMPATIBILITY_ONLY_NOT_PRODUCTION,49116.4465,44138.1901,482.7433,1876,1876,-0.00982855,-0.04864130,-0.00569631,-0.00982855,-482.7433,49116.4465,OK,0.0000,19.3097,4.0000,96.0000,AG03-UNRESOLVED,ALL5_LEVELS_bet23_to_bet27,19.3097,19.3097,24.1372,24.1372,24.1372,4.000000,4.000000,5.000000,5.000000,5.000000,96.000000,96.000000,95.000000,95.000000,95.000000,5.0,111.0310,101.3004,371.7123,381.4429,PENDING_AG03,FALSE,NOT_FOR_ENFORCEMENT,463.4336,42372.6625,482.7433,463.4336,19.3097,0.00982855,0.00943540,19.3097,463.4336,0.00943540,19.3097,19.3097,24.1372,24.1372,24.1372,463.4336,0.00943540,111.0310,101.3004,371.7123,381.4429,0.00756798,0.00776609,0.00039314,26.1815,23.5278,0.2573,40.2286,1.0517,4093.0372,156.3333,25.8255,26.2200,25.9457,26.176,26.176,26.3317,26.3317,26.3317,26.176,0.0,1.005951,1.005951,1.000211,29,110,12,1,0.09622170,0.00982855,0.04864130,0E-8,0.000000,0.898644,0.000000,-0.04294500,2026-03-27,2026-08-03,12,459,262,130,0.092308,0.984956,0.986404,0.320739,,,,,,,,GLOBAL_BASELINE_NO_ENTITY_RANKING,,,NOT_APPLICABLE_GLOBAL_BASELINE,HF9g-P5,,,,X 全窗基线 · 不参与实体赏罚,8394411,840,A168_HF9F_20260827_0900,2026-08-27 09:00:00
2026-04-12,147441826,1115,0,78.5278643040,23.5583592912,23.5583592912,0.6666667,3,3,0.50665070000000000,0.506650700000,0.5543606114942035,0.5543606114942035,0.5543606114942035,0E-17,ELIGIBLE,R03b_20260811_FULL_v1,L1_ELIGIBILITY,v2026-08-11,2026-03-21..2026-08-06,baccarat_bet02_101_all_pairs_incl_sentinel,round_win = game_pnl > 0 (decisive only),COMPATIBILITY_ONLY_NOT_PRODUCTION,49116.4465,44138.1901,482.7433,1876,1876,-0.00982855,-0.04864130,-0.00569631,-0.00982855,-482.7433,49116.4465,OK,0.0000,19.3097,4.0000,96.0000,AG03-UNRESOLVED,ALL5_LEVELS_bet23_to_bet27,19.3097,19.3097,24.1372,24.1372,24.1372,4.000000,4.000000,5.000000,5.000000,5.000000,96.000000,96.000000,95.000000,95.000000,95.000000,5.0,111.0310,101.3004,371.7123,381.4429,PENDING_AG03,FALSE,NOT_FOR_ENFORCEMENT,463.4336,42372.6625,482.7433,463.4336,19.3097,0.00982855,0.00943540,19.3097,463.4336,0.00943540,19.3097,19.3097,24.1372,24.1372,24.1372,463.4336,0.00943540,111.0310,101.3004,371.7123,381.4429,0.00756798,0.00776609,0.00039314,26.1815,23.5278,0.2573,40.2286,1.0517,4093.0372,156.3333,25.8255,26.2200,25.9457,26.176,26.176,26.3317,26.3317,26.3317,26.176,0.0,1.005951,1.005951,1.000211,29,110,12,1,0.09622170,0.00982855,0.04864130,0E-8,0.000000,0.898644,0.000000,-0.04294500,2026-03-27,2026-08-03,12,459,262,130,0.092308,0.984956,0.986404,0.320739,,,,,,,,GLOBAL_BASELINE_NO_ENTITY_RANKING,,,NOT_APPLICABLE_GLOBAL_BASELINE,HF9g-P5,,,,X 全窗基线 · 不参与实体赏罚,8394412,840,A168_HF9F_20260827_0900,2026-08-27 09:00:00
2026-04-12,147441826,1325,0,130.8797738400,22.2495615528,22.2495615528,0.6000000,5,5,0.50665070000000000,0.506650700000,0.4175076967804994,0.4175076967804994,0.4175076967804994,0E-17,ELIGIBLE,R03b_20260811_FULL_v1,L1_ELIGIBILITY,v2026-08-11,2026-03-21..2026-08-06,baccarat_bet02_101_all_pairs_incl_sentinel,round_win = game_pnl > 0 (decisive only),COMPATIBILITY_ONLY_NOT_PRODUCTION,49116.4465,44138.1901,482.7433,1876,1876,-0.00982855,-0.04864130,-0.00569631,-0.00982855,-482.7433,49116.4465,OK,0.0000,19.3097,4.0000,96.0000,AG03-UNRESOLVED,ALL5_LEVELS_bet23_to_bet27,19.3097,19.3097,24.1372,24.1372,24.1372,4.000000,4.000000,5.000000,5.000000,5.000000,96.000000,96.000000,95.000000,95.000000,95.000000,5.0,111.0310,101.3004,371.7123,381.4429,PENDING_AG03,FALSE,NOT_FOR_ENFORCEMENT,463.4336,42372.6625,482.7433,463.4336,19.3097,0.00982855,0.00943540,19.3097,463.4336,0.00943540,19.3097,19.3097,24.1372,24.1372,24.1372,463.4336,0.00943540,111.0310,101.3004,371.7123,381.4429,0.00756798,0.00776609,0.00039314,26.1815,23.5278,0.2573,40.2286,1.0517,4093.0372,156.3333,25.8255,26.2200,25.9457,26.176,26.176,26.3317,26.3317,26.3317,26.176,0.0,1.005951,1.005951,1.000211,29,110,12,1,0.09622170,0.00982855,0.04864130,0E-8,0.000000,0.898644,0.000000,-0.04294500,2026-03-27,2026-08-03,12,459,262,130,0.092308,0.984956,0.986404,0.320739,,,,,,,,GLOBAL_BASELINE_NO_ENTITY_RANKING,,,NOT_APPLICABLE_GLOBAL_BASELINE,HF9g-P5,,,,X 全窗基线 · 不参与实体赏罚,8394413,840,A168_HF9F_20260827_0900,2026-08-27 09:00:00
2026-04-12,147441826,1374,0,209.4076381440,-3.9263932152,-3.9263932152,0.5000000,8,8,0.50665070000000000,0.506650700000,-0.032584525537284574,-0.032584525537284574,-0.032584525537284574,0E-17,ELIGIBLE,R03b_20260811_FULL_v1,L1_ELIGIBILITY,v2026-08-11,2026-03-21..2026-08-06,baccarat_bet02_101_all_pairs_incl_sentinel,round_win = game_pnl > 0 (decisive only),COMPATIBILITY_ONLY_NOT_PRODUCTION,49116.4465,44138.1901,482.7433,1876,1876,-0.00982855,-0.04864130,-0.00569631,-0.00982855,-482.7433,49116.4465,OK,0.0000,19.3097,4.0000,96.0000,AG03-UNRESOLVED,ALL5_LEVELS_bet23_to_bet27,19.3097,19.3097,24.1372,24.1372,24.1372,4.000000,4.000000,5.000000,5.000000,5.000000,96.000000,96.000000,95.000000,95.000000,95.000000,5.0,111.0310,101.3004,371.7123,381.4429,PENDING_AG03,FALSE,NOT_FOR_ENFORCEMENT,463.4336,42372.6625,482.7433,463.4336,19.3097,0.00982855,0.00943540,19.3097,463.4336,0.00943540,19.3097,19.3097,24.1372,24.1372,24.1372,463.4336,0.00943540,111.0310,101.3004,371.7123,381.4429,0.00756798,0.00776609,0.00039314,26.1815,23.5278,0.2573,40.2286,1.0517,4093.0372,156.3333,25.8255,26.2200,25.9457,26.176,26.176,26.3317,26.3317,26.3317,26.176,0.0,1.005951,1.005951,1.000211,29,110,12,1,0.09622170,0.00982855,0.04864130,0E-8,0.000000,0.898644,0.000000,-0.04294500,2026-03-27,2026-08-03,12,459,262,130,0.092308,0.984956,0.986404,0.320739,,,,,,,,GLOBAL_BASELINE_NO_ENTITY_RANKING,,,NOT_APPLICABLE_GLOBAL_BASELINE,HF9g-P5,,,,X 全窗基线 · 不参与实体赏罚,8394414,840,A168_HF9F_20260827_0900,2026-08-27 09:00:00
2026-04-12,147441826,1402,0,26.1759547680,24.8671570296,24.8671570296,1.0000000,1,1,0.50665070000000000,0.506650700000,0.9867858985152569,0.9867858985152569,0.9867858985152569,0E-17,ELIGIBLE,R03b_20260811_FULL_v1,L1_ELIGIBILITY,v2026-08-11,2026-03-21..2026-08-06,baccarat_bet02_101_all_pairs_incl_sentinel,round_win = game_pnl > 0 (decisive only),COMPATIBILITY_ONLY_NOT_PRODUCTION,49116.4465,44138.1901,482.7433,1876,1876,-0.00982855,-0.04864130,-0.00569631,-0.00982855,-482.7433,49116.4465,OK,0.0000,19.3097,4.0000,96.0000,AG03-UNRESOLVED,ALL5_LEVELS_bet23_to_bet27,19.3097,19.3097,24.1372,24.1372,24.1372,4.000000,4.000000,5.000000,5.000000,5.000000,96.000000,96.000000,95.000000,95.000000,95.000000,5.0,111.0310,101.3004,371.7123,381.4429,PENDING_AG03,FALSE,NOT_FOR_ENFORCEMENT,463.4336,42372.6625,482.7433,463.4336,19.3097,0.00982855,0.00943540,19.3097,463.4336,0.00943540,19.3097,19.3097,24.1372,24.1372,24.1372,463.4336,0.00943540,111.0310,101.3004,371.7123,381.4429,0.00756798,0.00776609,0.00039314,26.1815,23.5278,0.2573,40.2286,1.0517,4093.0372,156.3333,25.8255,26.2200,25.9457,26.176,26.176,26.3317,26.3317,26.3317,26.176,0.0,1.005951,1.005951,1.000211,29,110,12,1,0.09622170,0.00982855,0.04864130,0E-8,0.000000,0.898644,0.000000,-0.04294500,2026-03-27,2026-08-03,12,459,262,130,0.092308,0.984956,0.986404,0.320739,,,,,,,,GLOBAL_BASELINE_NO_ENTITY_RANKING,,,NOT_APPLICABLE_GLOBAL_BASELINE,HF9g-P5,,,,X 全窗基线 · 不参与实体赏罚,8394415,840,A168_HF9F_20260827_0900,2026-08-27 09:00:00
2026-04-12,147441826,1507,0,78.5278643040,-1.3087977384,-1.3087977384,0.5000000,3,3,0.50665070000000000,0.506650700000,-0.018812684590367487,-0.018812684590367487,-0.018812684590367487,0E-17,ELIGIBLE,R03b_20260811_FULL_v1,L1_ELIGIBILITY,v2026-08-11,2026-03-21..2026-08-06,baccarat_bet02_101_all_pairs_incl_sentinel,round_win = game_pnl > 0 (decisive only),COMPATIBILITY_ONLY_NOT_PRODUCTION,49116.4465,44138.1901,482.7433,1876,1876,-0.00982855,-0.04864130,-0.00569631,-0.00982855,-482.7433,49116.4465,OK,0.0000,19.3097,4.0000,96.0000,AG03-UNRESOLVED,ALL5_LEVELS_bet23_to_bet27,19.3097,19.3097,24.1372,24.1372,24.1372,4.000000,4.000000,5.000000,5.000000,5.000000,96.000000,96.000000,95.000000,95.000000,95.000000,5.0,111.0310,101.3004,371.7123,381.4429,PENDING_AG03,FALSE,NOT_FOR_ENFORCEMENT,463.4336,42372.6625,482.7433,463.4336,19.3097,0.00982855,0.00943540,19.3097,463.4336,0.00943540,19.3097,19.3097,24.1372,24.1372,24.1372,463.4336,0.00943540,111.0310,101.3004,371.7123,381.4429,0.00756798,0.00776609,0.00039314,26.1815,23.5278,0.2573,40.2286,1.0517,4093.0372,156.3333,25.8255,26.2200,25.9457,26.176,26.176,26.3317,26.3317,26.3317,26.176,0.0,1.005951,1.005951,1.000211,29,110,12,1,0.09622170,0.00982855,0.04864130,0E-8,0.000000,0.898644,0.000000,-0.04294500,2026-03-27,2026-08-03,12,459,262,130,0.092308,0.984956,0.986404,0.320739,,,,,,,,GLOBAL_BASELINE_NO_ENTITY_RANKING,,,NOT_APPLICABLE_GLOBAL_BASELINE,HF9g-P5,,,,X 全窗基线 · 不参与实体赏罚,8394416,840,A168_HF9F_20260827_0900,2026-08-27 09:00:00
2026-04-12,147441826,1935,0,52.3519095360,-52.3519095360,-52.3519095360,0E-7,2,2,0.50665070000000000,0.506650700000,-1.4331513700195317,-1.4331513700195317,-1.4331513700195317,0E-17,ELIGIBLE,R03b_20260811_FULL_v1,L1_ELIGIBILITY,v2026-08-11,2026-03-21..2026-08-06,baccarat_bet02_101_all_pairs_incl_sentinel,round_win = game_pnl > 0 (decisive only),COMPATIBILITY_ONLY_NOT_PRODUCTION,49116.4465,44138.1901,482.7433,1876,1876,-0.00982855,-0.04864130,-0.00569631,-0.00982855,-482.7433,49116.4465,OK,0.0000,19.3097,4.0000,96.0000,AG03-UNRESOLVED,ALL5_LEVELS_bet23_to_bet27,19.3097,19.3097,24.1372,24.1372,24.1372,4.000000,4.000000,5.000000,5.000000,5.000000,96.000000,96.000000,95.000000,95.000000,95.000000,5.0,111.0310,101.3004,371.7123,381.4429,PENDING_AG03,FALSE,NOT_FOR_ENFORCEMENT,463.4336,42372.6625,482.7433,463.4336,19.3097,0.00982855,0.00943540,19.3097,463.4336,0.00943540,19.3097,19.3097,24.1372,24.1372,24.1372,463.4336,0.00943540,111.0310,101.3004,371.7123,381.4429,0.00756798,0.00776609,0.00039314,26.1815,23.5278,0.2573,40.2286,1.0517,4093.0372,156.3333,25.8255,26.2200,25.9457,26.176,26.176,26.3317,26.3317,26.3317,26.176,0.0,1.005951,1.005951,1.000211,29,110,12,1,0.09622170,0.00982855,0.04864130,0E-8,0.000000,0.898644,0.000000,-0.04294500,2026-03-27,2026-08-03,12,459,262,130,0.092308,0.984956,0.986404,0.320739,,,,,,,,GLOBAL_BASELINE_NO_ENTITY_RANKING,,,NOT_APPLICABLE_GLOBAL_BASELINE,HF9g-P5,,,,X 全窗基线 · 不参与实体赏罚,8394417,840,A168_HF9F_20260827_0900,2026-08-27 09:00:00
2026-04-12,147441826,1966,0,78.5278643040,23.5583592912,23.5583592912,0.6666667,3,3,0.50665070000000000,0.506650700000,0.5543606114942035,0.5543606114942035,0.5543606114942035,0E-17,ELIGIBLE,R03b_20260811_FULL_v1,L1_ELIGIBILITY,v2026-08-11,2026-03-21..2026-08-06,baccarat_bet02_101_all_pairs_incl_sentinel,round_win = game_pnl > 0 (decisive only),COMPATIBILITY_ONLY_NOT_PRODUCTION,49116.4465,44138.1901,482.7433,1876,1876,-0.00982855,-0.04864130,-0.00569631,-0.00982855,-482.7433,49116.4465,OK,0.0000,19.3097,4.0000,96.0000,AG03-UNRESOLVED,ALL5_LEVELS_bet23_to_bet27,19.3097,19.3097,24.1372,24.1372,24.1372,4.000000,4.000000,5.000000,5.000000,5.000000,96.000000,96.000000,95.000000,95.000000,95.000000,5.0,111.0310,101.3004,371.7123,381.4429,PENDING_AG03,FALSE,NOT_FOR_ENFORCEMENT,463.4336,42372.6625,482.7433,463.4336,19.3097,0.00982855,0.00943540,19.3097,463.4336,0.00943540,19.3097,19.3097,24.1372,24.1372,24.1372,463.4336,0.00943540,111.0310,101.3004,371.7123,381.4429,0.00756798,0.00776609,0.00039314,26.1815,23.5278,0.2573,40.2286,1.0517,4093.0372,156.3333,25.8255,26.2200,25.9457,26.176,26.176,26.3317,26.3317,26.3317,26.176,0.0,1.005951,1.005951,1.000211,29,110,12,1,0.09622170,0.00982855,0.04864130,0E-8,0.000000,0.898644,0.000000,-0.04294500,2026-03-27,2026-08-03,12,459,262,130,0.092308,0.984956,0.986404,0.320739,,,,,,,,GLOBAL_BASELINE_NO_ENTITY_RANKING,,,NOT_APPLICABLE_GLOBAL_BASELINE,HF9g-P5,,,,X 全窗基线 · 不参与实体赏罚,8394418,840,A168_HF9F_20260827_0900,2026-08-27 09:00:00
2026-04-12,147441826,2103,0,287.9355024480,-6.5439886920,-6.5439886920,0.5000000,11,11,0.50665070000000000,0.506650700000,-0.04206644158332448,-0.04206644158332448,-0.04206644158332448,0E-17,ELIGIBLE,R03b_20260811_FULL_v1,L1_ELIGIBILITY,v2026-08-11,2026-03-21..2026-08-06,baccarat_bet02_101_all_pairs_incl_sentinel,round_win = game_pnl > 0 (decisive only),COMPATIBILITY_ONLY_NOT_PRODUCTION,49116.4465,44138.1901,482.7433,1876,1876,-0.00982855,-0.04864130,-0.00569631,-0.00982855,-482.7433,49116.4465,OK,0.0000,19.3097,4.0000,96.0000,AG03-UNRESOLVED,ALL5_LEVELS_bet23_to_bet27,19.3097,19.3097,24.1372,24.1372,24.1372,4.000000,4.000000,5.000000,5.000000,5.000000,96.000000,96.000000,95.000000,95.000000,95.000000,5.0,111.0310,101.3004,371.7123,381.4429,PENDING_AG03,FALSE,NOT_FOR_ENFORCEMENT,463.4336,42372.6625,482.7433,463.4336,19.3097,0.00982855,0.00943540,19.3097,463.4336,0.00943540,19.3097,19.3097,24.1372,24.1372,24.1372,463.4336,0.00943540,111.0310,101.3004,371.7123,381.4429,0.00756798,0.00776609,0.00039314,26.1815,23.5278,0.2573,40.2286,1.0517,4093.0372,156.3333,25.8255,26.2200,25.9457,26.176,26.176,26.3317,26.3317,26.3317,26.176,0.0,1.005951,1.005951,1.000211,29,110,12,1,0.09622170,0.00982855,0.04864130,0E-8,0.000000,0.898644,0.000000,-0.04294500,2026-03-27,2026-08-03,12,459,262,130,0.092308,0.984956,0.986404,0.320739,,,,,,,,GLOBAL_BASELINE_NO_ENTITY_RANKING,,,NOT_APPLICABLE_GLOBAL_BASELINE,HF9g-P5,,,,X 全窗基线 · 不参与实体赏罚,8394419,840,A168_HF9F_20260827_0900,2026-08-27 09:00:00
2026-04-12,147441826,2142,0,104.7038190720,48.4255163208,48.4255163208,0.7500000,4,4,0.50665070000000000,0.506650700000,0.9734833216690844,0.9734833216690844,0.9734833216690844,0E-17,ELIGIBLE,R03b_20260811_FULL_v1,L1_ELIGIBILITY,v2026-08-11,2026-03-21..2026-08-06,baccarat_bet02_101_all_pairs_incl_sentinel,round_win = game_pnl > 0 (decisive only),COMPATIBILITY_ONLY_NOT_PRODUCTION,49116.4465,44138.1901,482.7433,1876,1876,-0.00982855,-0.04864130,-0.00569631,-0.00982855,-482.7433,49116.4465,OK,0.0000,19.3097,4.0000,96.0000,AG03-UNRESOLVED,ALL5_LEVELS_bet23_to_bet27,19.3097,19.3097,24.1372,24.1372,24.1372,4.000000,4.000000,5.000000,5.000000,5.000000,96.000000,96.000000,95.000000,95.000000,95.000000,5.0,111.0310,101.3004,371.7123,381.4429,PENDING_AG03,FALSE,NOT_FOR_ENFORCEMENT,463.4336,42372.6625,482.7433,463.4336,19.3097,0.00982855,0.00943540,19.3097,463.4336,0.00943540,19.3097,19.3097,24.1372,24.1372,24.1372,463.4336,0.00943540,111.0310,101.3004,371.7123,381.4429,0.00756798,0.00776609,0.00039314,26.1815,23.5278,0.2573,40.2286,1.0517,4093.0372,156.3333,25.8255,26.2200,25.9457,26.176,26.176,26.3317,26.3317,26.3317,26.176,0.0,1.005951,1.005951,1.000211,29,110,12,1,0.09622170,0.00982855,0.04864130,0E-8,0.000000,0.898644,0.000000,-0.04294500,2026-03-27,2026-08-03,12,459,262,130,0.092308,0.984956,0.986404,0.320739,,,,,,,,GLOBAL_BASELINE_NO_ENTITY_RANKING,,,NOT_APPLICABLE_GLOBAL_BASELINE,HF9g-P5,,,,X 全窗基线 · 不参与实体赏罚,8394420,840,A168_HF9F_20260827_0900,2026-08-27 09:00:00
2026-04-12,147441826,2145,0,130.8797738400,-130.8797738400,-130.8797738400,0E-7,5,5,0.50665070000000000,0.506650700000,-2.266011280526236,-2.266011280526236,-2.266011280526236,0E-17,ELIGIBLE,R03b_20260811_FULL_v1,L1_ELIGIBILITY,v2026-08-11,2026-03-21..2026-08-06,baccarat_bet02_101_all_pairs_incl_sentinel,round_win = game_pnl > 0 (decisive only),COMPATIBILITY_ONLY_NOT_PRODUCTION,49116.4465,44138.1901,482.7433,1876,1876,-0.00982855,-0.04864130,-0.00569631,-0.00982855,-482.7433,49116.4465,OK,0.0000,19.3097,4.0000,96.0000,AG03-UNRESOLVED,ALL5_LEVELS_bet23_to_bet27,19.3097,19.3097,24.1372,24.1372,24.1372,4.000000,4.000000,5.000000,5.000000,5.000000,96.000000,96.000000,95.000000,95.000000,95.000000,5.0,111.0310,101.3004,371.7123,381.4429,PENDING_AG03,FALSE,NOT_FOR_ENFORCEMENT,463.4336,42372.6625,482.7433,463.4336,19.3097,0.00982855,0.00943540,19.3097,463.4336,0.00943540,19.3097,19.3097,24.1372,24.1372,24.1372,463.4336,0.00943540,111.0310,101.3004,371.7123,381.4429,0.00756798,0.00776609,0.00039314,26.1815,23.5278,0.2573,40.2286,1.0517,4093.0372,156.3333,25.8255,26.2200,25.9457,26.176,26.176,26.3317,26.3317,26.3317,26.176,0.0,1.005951,1.005951,1.000211,29,110,12,1,0.09622170,0.00982855,0.04864130,0E-8,0.000000,0.898644,0.000000,-0.04294500,2026-03-27,2026-08-03,12,459,262,130,0.092308,0.984956,0.986404,0.320739,,,,,,,,GLOBAL_BASELINE_NO_ENTITY_RANKING,,,NOT_APPLICABLE_GLOBAL_BASELINE,HF9g-P5,,,,X 全窗基线 · 不参与实体赏罚,8394421,840,A168_HF9F_20260827_0900,2026-08-27 09:00:00
2026-04-12,147441826,2173,0,26.1759547680,-26.1759547680,-26.1759547680,0E-7,1,1,0.50665070000000000,0.506650700000,-1.013391052207602,-1.013391052207602,-1.013391052207602,0E-17,ELIGIBLE,R03b_20260811_FULL_v1,L1_ELIGIBILITY,v2026-08-11,2026-03-21..2026-08-06,baccarat_bet02_101_all_pairs_incl_sentinel,round_win = game_pnl > 0 (decisive only),COMPATIBILITY_ONLY_NOT_PRODUCTION,49116.4465,44138.1901,482.7433,1876,1876,-0.00982855,-0.04864130,-0.00569631,-0.00982855,-482.7433,49116.4465,OK,0.0000,19.3097,4.0000,96.0000,AG03-UNRESOLVED,ALL5_LEVELS_bet23_to_bet27,19.3097,19.3097,24.1372,24.1372,24.1372,4.000000,4.000000,5.000000,5.000000,5.000000,96.000000,96.000000,95.000000,95.000000,95.000000,5.0,111.0310,101.3004,371.7123,381.4429,PENDING_AG03,FALSE,NOT_FOR_ENFORCEMENT,463.4336,42372.6625,482.7433,463.4336,19.3097,0.00982855,0.00943540,19.3097,463.4336,0.00943540,19.3097,19.3097,24.1372,24.1372,24.1372,463.4336,0.00943540,111.0310,101.3004,371.7123,381.4429,0.00756798,0.00776609,0.00039314,26.1815,23.5278,0.2573,40.2286,1.0517,4093.0372,156.3333,25.8255,26.2200,25.9457,26.176,26.176,26.3317,26.3317,26.3317,26.176,0.0,1.005951,1.005951,1.000211,29,110,12,1,0.09622170,0.00982855,0.04864130,0E-8,0.000000,0.898644,0.000000,-0.04294500,2026-03-27,2026-08-03,12,459,262,130,0.092308,0.984956,0.986404,0.320739,,,,,,,,GLOBAL_BASELINE_NO_ENTITY_RANKING,,,NOT_APPLICABLE_GLOBAL_BASELINE,HF9g-P5,,,,X 全窗基线 · 不参与实体赏罚,8394422,840,A168_HF9F_20260827_0900,2026-08-27 09:00:00
2026-04-12,147441826,2175,0,52.3519095360,-1.3087977384,-1.3087977384,0.5000000,2,2,0.50665070000000000,0.506650700000,-0.018812684590367487,-0.018812684590367487,-0.018812684590367487,0E-17,ELIGIBLE,R03b_20260811_FULL_v1,L1_ELIGIBILITY,v2026-08-11,2026-03-21..2026-08-06,baccarat_bet02_101_all_pairs_incl_sentinel,round_win = game_pnl > 0 (decisive only),COMPATIBILITY_ONLY_NOT_PRODUCTION,49116.4465,44138.1901,482.7433,1876,1876,-0.00982855,-0.04864130,-0.00569631,-0.00982855,-482.7433,49116.4465,OK,0.0000,19.3097,4.0000,96.0000,AG03-UNRESOLVED,ALL5_LEVELS_bet23_to_bet27,19.3097,19.3097,24.1372,24.1372,24.1372,4.000000,4.000000,5.000000,5.000000,5.000000,96.000000,96.000000,95.000000,95.000000,95.000000,5.0,111.0310,101.3004,371.7123,381.4429,PENDING_AG03,FALSE,NOT_FOR_ENFORCEMENT,463.4336,42372.6625,482.7433,463.4336,19.3097,0.00982855,0.00943540,19.3097,463.4336,0.00943540,19.3097,19.3097,24.1372,24.1372,24.1372,463.4336,0.00943540,111.0310,101.3004,371.7123,381.4429,0.00756798,0.00776609,0.00039314,26.1815,23.5278,0.2573,40.2286,1.0517,4093.0372,156.3333,25.8255,26.2200,25.9457,26.176,26.176,26.3317,26.3317,26.3317,26.176,0.0,1.005951,1.005951,1.000211,29,110,12,1,0.09622170,0.00982855,0.04864130,0E-8,0.000000,0.898644,0.000000,-0.04294500,2026-03-27,2026-08-03,12,459,262,130,0.092308,0.984956,0.986404,0.320739,,,,,,,,GLOBAL_BASELINE_NO_ENTITY_RANKING,,,NOT_APPLICABLE_GLOBAL_BASELINE,HF9g-P5,,,,X 全窗基线 · 不参与实体赏罚,8394423,840,A168_HF9F_20260827_0900,2026-08-27 09:00:00
2026-04-12,147441826,2205,0,130.8797738400,22.2495615528,22.2495615528,0.6000000,5,5,0.50665070000000000,0.506650700000,0.4175076967804994,0.4175076967804994,0.4175076967804994,0E-17,ELIGIBLE,R03b_20260811_FULL_v1,L1_ELIGIBILITY,v2026-08-11,2026-03-21..2026-08-06,baccarat_bet02_101_all_pairs_incl_sentinel,round_win = game_pnl > 0 (decisive only),COMPATIBILITY_ONLY_NOT_PRODUCTION,49116.4465,44138.1901,482.7433,1876,1876,-0.00982855,-0.04864130,-0.00569631,-0.00982855,-482.7433,49116.4465,OK,0.0000,19.3097,4.0000,96.0000,AG03-UNRESOLVED,ALL5_LEVELS_bet23_to_bet27,19.3097,19.3097,24.1372,24.1372,24.1372,4.000000,4.000000,5.000000,5.000000,5.000000,96.000000,96.000000,95.000000,95.000000,95.000000,5.0,111.0310,101.3004,371.7123,381.4429,PENDING_AG03,FALSE,NOT_FOR_ENFORCEMENT,463.4336,42372.6625,482.7433,463.4336,19.3097,0.00982855,0.00943540,19.3097,463.4336,0.00943540,19.3097,19.3097,24.1372,24.1372,24.1372,463.4336,0.00943540,111.0310,101.3004,371.7123,381.4429,0.00756798,0.00776609,0.00039314,26.1815,23.5278,0.2573,40.2286,1.0517,4093.0372,156.3333,25.8255,26.2200,25.9457,26.176,26.176,26.3317,26.3317,26.3317,26.176,0.0,1.005951,1.005951,1.000211,29,110,12,1,0.09622170,0.00982855,0.04864130,0E-8,0.000000,0.898644,0.000000,-0.04294500,2026-03-27,2026-08-03,12,459,262,130,0.092308,0.984956,0.986404,0.320739,,,,,,,,GLOBAL_BASELINE_NO_ENTITY_RANKING,,,NOT_APPLICABLE_GLOBAL_BASELINE,HF9g-P5,,,,X 全窗基线 · 不参与实体赏罚,8394424,840,A168_HF9F_20260827_0900,2026-08-27 09:00:00
2026-04-12,147441826,2214,0,130.8797738400,22.2495615528,22.2495615528,0.6000000,5,5,0.50665070000000000,0.506650700000,0.4175076967804994,0.4175076967804994,0.4175076967804994,0E-17,ELIGIBLE,R03b_20260811_FULL_v1,L1_ELIGIBILITY,v2026-08-11,2026-03-21..2026-08-06,baccarat_bet02_101_all_pairs_incl_sentinel,round_win = game_pnl > 0 (decisive only),COMPATIBILITY_ONLY_NOT_PRODUCTION,49116.4465,44138.1901,482.7433,1876,1876,-0.00982855,-0.04864130,-0.00569631,-0.00982855,-482.7433,49116.4465,OK,0.0000,19.3097,4.0000,96.0000,AG03-UNRESOLVED,ALL5_LEVELS_bet23_to_bet27,19.3097,19.3097,24.1372,24.1372,24.1372,4.000000,4.000000,5.000000,5.000000,5.000000,96.000000,96.000000,95.000000,95.000000,95.000000,5.0,111.0310,101.3004,371.7123,381.4429,PENDING_AG03,FALSE,NOT_FOR_ENFORCEMENT,463.4336,42372.6625,482.7433,463.4336,19.3097,0.00982855,0.00943540,19.3097,463.4336,0.00943540,19.3097,19.3097,24.1372,24.1372,24.1372,463.4336,0.00943540,111.0310,101.3004,371.7123,381.4429,0.00756798,0.00776609,0.00039314,26.1815,23.5278,0.2573,40.2286,1.0517,4093.0372,156.3333,25.8255,26.2200,25.9457,26.176,26.176,26.3317,26.3317,26.3317,26.176,0.0,1.005951,1.005951,1.000211,29,110,12,1,0.09622170,0.00982855,0.04864130,0E-8,0.000000,0.898644,0.000000,-0.04294500,2026-03-27,2026-08-03,12,459,262,130,0.092308,0.984956,0.986404,0.320739,,,,,,,,GLOBAL_BASELINE_NO_ENTITY_RANKING,,,NOT_APPLICABLE_GLOBAL_BASELINE,HF9g-P5,,,,X 全窗基线 · 不参与实体赏罚,8394425,840,A168_HF9F_20260827_0900,2026-08-27 09:00:00
2026-04-12,147441826,2216,0,130.8797738400,22.2495615528,22.2495615528,0.6000000,5,5,0.50665070000000000,0.506650700000,0.4175076967804994,0.4175076967804994,0.4175076967804994,0E-17,ELIGIBLE,R03b_20260811_FULL_v1,L1_ELIGIBILITY,v2026-08-11,2026-03-21..2026-08-06,baccarat_bet02_101_all_pairs_incl_sentinel,round_win = game_pnl > 0 (decisive only),COMPATIBILITY_ONLY_NOT_PRODUCTION,49116.4465,44138.1901,482.7433,1876,1876,-0.00982855,-0.04864130,-0.00569631,-0.00982855,-482.7433,49116.4465,OK,0.0000,19.3097,4.0000,96.0000,AG03-UNRESOLVED,ALL5_LEVELS_bet23_to_bet27,19.3097,19.3097,24.1372,24.1372,24.1372,4.000000,4.000000,5.000000,5.000000,5.000000,96.000000,96.000000,95.000000,95.000000,95.000000,5.0,111.0310,101.3004,371.7123,381.4429,PENDING_AG03,FALSE,NOT_FOR_ENFORCEMENT,463.4336,42372.6625,482.7433,463.4336,19.3097,0.00982855,0.00943540,19.3097,463.4336,0.00943540,19.3097,19.3097,24.1372,24.1372,24.1372,463.4336,0.00943540,111.0310,101.3004,371.7123,381.4429,0.00756798,0.00776609,0.00039314,26.1815,23.5278,0.2573,40.2286,1.0517,4093.0372,156.3333,25.8255,26.2200,25.9457,26.176,26.176,26.3317,26.3317,26.3317,26.176,0.0,1.005951,1.005951,1.000211,29,110,12,1,0.09622170,0.00982855,0.04864130,0E-8,0.000000,0.898644,0.000000,-0.04294500,2026-03-27,2026-08-03,12,459,262,130,0.092308,0.984956,0.986404,0.320739,,,,,,,,GLOBAL_BASELINE_NO_ENTITY_RANKING,,,NOT_APPLICABLE_GLOBAL_BASELINE,HF9g-P5,,,,X 全窗基线 · 不参与实体赏罚,8394426,840,A168_HF9F_20260827_0900,2026-08-27 09:00:00
2026-04-12,147441826,2222,0,104.7038190720,48.4255163208,48.4255163208,0.7500000,4,4,0.50665070000000000,0.506650700000,0.9734833216690844,0.9734833216690844,0.9734833216690844,0E-17,ELIGIBLE,R03b_20260811_FULL_v1,L1_ELIGIBILITY,v2026-08-11,2026-03-21..2026-08-06,baccarat_bet02_101_all_pairs_incl_sentinel,round_win = game_pnl > 0 (decisive only),COMPATIBILITY_ONLY_NOT_PRODUCTION,49116.4465,44138.1901,482.7433,1876,1876,-0.00982855,-0.04864130,-0.00569631,-0.00982855,-482.7433,49116.4465,OK,0.0000,19.3097,4.0000,96.0000,AG03-UNRESOLVED,ALL5_LEVELS_bet23_to_bet27,19.3097,19.3097,24.1372,24.1372,24.1372,4.000000,4.000000,5.000000,5.000000,5.000000,96.000000,96.000000,95.000000,95.000000,95.000000,5.0,111.0310,101.3004,371.7123,381.4429,PENDING_AG03,FALSE,NOT_FOR_ENFORCEMENT,463.4336,42372.6625,482.7433,463.4336,19.3097,0.00982855,0.00943540,19.3097,463.4336,0.00943540,19.3097,19.3097,24.1372,24.1372,24.1372,463.4336,0.00943540,111.0310,101.3004,371.7123,381.4429,0.00756798,0.00776609,0.00039314,26.1815,23.5278,0.2573,40.2286,1.0517,4093.0372,156.3333,25.8255,26.2200,25.9457,26.176,26.176,26.3317,26.3317,26.3317,26.176,0.0,1.005951,1.005951,1.000211,29,110,12,1,0.09622170,0.00982855,0.04864130,0E-8,0.000000,0.898644,0.000000,-0.04294500,2026-03-27,2026-08-03,12,459,262,130,0.092308,0.984956,0.986404,0.320739,,,,,,,,GLOBAL_BASELINE_NO_ENTITY_RANKING,,,NOT_APPLICABLE_GLOBAL_BASELINE,HF9g-P5,,,,X 全窗基线 · 不参与实体赏罚,8394427,840,A168_HF9F_20260827_0900,2026-08-27 09:00:00
2026-04-12,147441826,2250,0,26.1759547680,-26.1759547680,-26.1759547680,0E-7,1,1,0.50665070000000000,0.506650700000,-1.013391052207602,-1.013391052207602,-1.013391052207602,0E-17,ELIGIBLE,R03b_20260811_FULL_v1,L1_ELIGIBILITY,v2026-08-11,2026-03-21..2026-08-06,baccarat_bet02_101_all_pairs_incl_sentinel,round_win = game_pnl > 0 (decisive only),COMPATIBILITY_ONLY_NOT_PRODUCTION,49116.4465,44138.1901,482.7433,1876,1876,-0.00982855,-0.04864130,-0.00569631,-0.00982855,-482.7433,49116.4465,OK,0.0000,19.3097,4.0000,96.0000,AG03-UNRESOLVED,ALL5_LEVELS_bet23_to_bet27,19.3097,19.3097,24.1372,24.1372,24.1372,4.000000,4.000000,5.000000,5.000000,5.000000,96.000000,96.000000,95.000000,95.000000,95.000000,5.0,111.0310,101.3004,371.7123,381.4429,PENDING_AG03,FALSE,NOT_FOR_ENFORCEMENT,463.4336,42372.6625,482.7433,463.4336,19.3097,0.00982855,0.00943540,19.3097,463.4336,0.00943540,19.3097,19.3097,24.1372,24.1372,24.1372,463.4336,0.00943540,111.0310,101.3004,371.7123,381.4429,0.00756798,0.00776609,0.00039314,26.1815,23.5278,0.2573,40.2286,1.0517,4093.0372,156.3333,25.8255,26.2200,25.9457,26.176,26.176,26.3317,26.3317,26.3317,26.176,0.0,1.005951,1.005951,1.000211,29,110,12,1,0.09622170,0.00982855,0.04864130,0E-8,0.000000,0.898644,0.000000,-0.04294500,2026-03-27,2026-08-03,12,459,262,130,0.092308,0.984956,0.986404,0.320739,,,,,,,,GLOBAL_BASELINE_NO_ENTITY_RANKING,,,NOT_APPLICABLE_GLOBAL_BASELINE,HF9g-P5,,,,X 全窗基线 · 不参与实体赏罚,8394428,840,A168_HF9F_20260827_0900,2026-08-27 09:00:00
2026-04-12,147441826,2256,0,104.7038190720,48.4255163208,48.4255163208,0.7500000,4,4,0.50665070000000000,0.506650700000,0.9734833216690844,0.9734833216690844,0.9734833216690844,0E-17,ELIGIBLE,R03b_20260811_FULL_v1,L1_ELIGIBILITY,v2026-08-11,2026-03-21..2026-08-06,baccarat_bet02_101_all_pairs_incl_sentinel,round_win = game_pnl > 0 (decisive only),COMPATIBILITY_ONLY_NOT_PRODUCTION,49116.4465,44138.1901,482.7433,1876,1876,-0.00982855,-0.04864130,-0.00569631,-0.00982855,-482.7433,49116.4465,OK,0.0000,19.3097,4.0000,96.0000,AG03-UNRESOLVED,ALL5_LEVELS_bet23_to_bet27,19.3097,19.3097,24.1372,24.1372,24.1372,4.000000,4.000000,5.000000,5.000000,5.000000,96.000000,96.000000,95.000000,95.000000,95.000000,5.0,111.0310,101.3004,371.7123,381.4429,PENDING_AG03,FALSE,NOT_FOR_ENFORCEMENT,463.4336,42372.6625,482.7433,463.4336,19.3097,0.00982855,0.00943540,19.3097,463.4336,0.00943540,19.3097,19.3097,24.1372,24.1372,24.1372,463.4336,0.00943540,111.0310,101.3004,371.7123,381.4429,0.00756798,0.00776609,0.00039314,26.1815,23.5278,0.2573,40.2286,1.0517,4093.0372,156.3333,25.8255,26.2200,25.9457,26.176,26.176,26.3317,26.3317,26.3317,26.176,0.0,1.005951,1.005951,1.000211,29,110,12,1,0.09622170,0.00982855,0.04864130,0E-8,0.000000,0.898644,0.000000,-0.04294500,2026-03-27,2026-08-03,12,459,262,130,0.092308,0.984956,0.986404,0.320739,,,,,,,,GLOBAL_BASELINE_NO_ENTITY_RANKING,,,NOT_APPLICABLE_GLOBAL_BASELINE,HF9g-P5,,,,X 全窗基线 · 不参与实体赏罚,8394429,840,A168_HF9F_20260827_0900,2026-08-27 09:00:00
2026-04-12,147441826,550,0,26.1759547680,-26.1759547680,-26.1759547680,0E-7,1,1,0.50665070000000000,0.506650700000,-1.013391052207602,-1.013391052207602,-1.013391052207602,0E-17,ELIGIBLE,R03b_20260811_FULL_v1,L1_ELIGIBILITY,v2026-08-11,2026-03-21..2026-08-06,baccarat_bet02_101_all_pairs_incl_sentinel,round_win = game_pnl > 0 (decisive only),COMPATIBILITY_ONLY_NOT_PRODUCTION,49116.4465,44138.1901,482.7433,1876,1876,-0.00982855,-0.04864130,-0.00569631,-0.00982855,-482.7433,49116.4465,OK,0.0000,19.3097,4.0000,96.0000,AG03-UNRESOLVED,ALL5_LEVELS_bet23_to_bet27,19.3097,19.3097,24.1372,24.1372,24.1372,4.000000,4.000000,5.000000,5.000000,5.000000,96.000000,96.000000,95.000000,95.000000,95.000000,5.0,111.0310,101.3004,371.7123,381.4429,PENDING_AG03,FALSE,NOT_FOR_ENFORCEMENT,463.4336,42372.6625,482.7433,463.4336,19.3097,0.00982855,0.00943540,19.3097,463.4336,0.00943540,19.3097,19.3097,24.1372,24.1372,24.1372,463.4336,0.00943540,111.0310,101.3004,371.7123,381.4429,0.00756798,0.00776609,0.00039314,26.1815,23.5278,0.2573,40.2286,1.0517,4093.0372,156.3333,25.8255,26.2200,25.9457,26.176,26.176,26.3317,26.3317,26.3317,26.176,0.0,1.005951,1.005951,1.000211,29,110,12,1,0.09622170,0.00982855,0.04864130,0E-8,0.000000,0.898644,0.000000,-0.04294500,2026-03-27,2026-08-03,12,459,262,130,0.092308,0.984956,0.986404,0.320739,,,,,,,,GLOBAL_BASELINE_NO_ENTITY_RANKING,,,NOT_APPLICABLE_GLOBAL_BASELINE,HF9g-P5,,,,X 全窗基线 · 不参与实体赏罚,8394430,840,A168_HF9F_20260827_0900,2026-08-27 09:00:00
2026-04-12,147441826,763,0,52.3519095360,49.7343140592,49.7343140592,1.0000000,2,2,0.50665070000000000,0.506650700000,1.3955260008387969,1.3955260008387969,1.3955260008387969,0E-17,ELIGIBLE,R03b_20260811_FULL_v1,L1_ELIGIBILITY,v2026-08-11,2026-03-21..2026-08-06,baccarat_bet02_101_all_pairs_incl_sentinel,round_win = game_pnl > 0 (decisive only),COMPATIBILITY_ONLY_NOT_PRODUCTION,49116.4465,44138.1901,482.7433,1876,1876,-0.00982855,-0.04864130,-0.00569631,-0.00982855,-482.7433,49116.4465,OK,0.0000,19.3097,4.0000,96.0000,AG03-UNRESOLVED,ALL5_LEVELS_bet23_to_bet27,19.3097,19.3097,24.1372,24.1372,24.1372,4.000000,4.000000,5.000000,5.000000,5.000000,96.000000,96.000000,95.000000,95.000000,95.000000,5.0,111.0310,101.3004,371.7123,381.4429,PENDING_AG03,FALSE,NOT_FOR_ENFORCEMENT,463.4336,42372.6625,482.7433,463.4336,19.3097,0.00982855,0.00943540,19.3097,463.4336,0.00943540,19.3097,19.3097,24.1372,24.1372,24.1372,463.4336,0.00943540,111.0310,101.3004,371.7123,381.4429,0.00756798,0.00776609,0.00039314,26.1815,23.5278,0.2573,40.2286,1.0517,4093.0372,156.3333,25.8255,26.2200,25.9457,26.176,26.176,26.3317,26.3317,26.3317,26.176,0.0,1.005951,1.005951,1.000211,29,110,12,1,0.09622170,0.00982855,0.04864130,0E-8,0.000000,0.898644,0.000000,-0.04294500,2026-03-27,2026-08-03,12,459,262,130,0.092308,0.984956,0.986404,0.320739,,,,,,,,GLOBAL_BASELINE_NO_ENTITY_RANKING,,,NOT_APPLICABLE_GLOBAL_BASELINE,HF9g-P5,,,,X 全窗基线 · 不参与实体赏罚,8394431,840,A168_HF9F_20260827_0900,2026-08-27 09:00:00
2026-04-13,147441826,-1,1,837.6305525760,-121.7181896712,-121.7181896712,0.4333333,32,32,0.50665070000000000,0.506650700000,-0.8032225707244853,-0.8032225707244853,-0.8032225707244853,0E-17,SENTINEL_DEALER,R03b_20260811_FULL_v1,L1_ELIGIBILITY,v2026-08-11,2026-03-21..2026-08-06,baccarat_bet02_101_all_pairs_incl_sentinel,round_win = game_pnl > 0 (decisive only),COMPATIBILITY_ONLY_NOT_PRODUCTION,49116.4465,44138.1901,482.7433,1876,1876,-0.00982855,-0.04864130,-0.00569631,-0.00982855,-482.7433,49116.4465,OK,0.0000,19.3097,4.0000,96.0000,AG03-UNRESOLVED,ALL5_LEVELS_bet23_to_bet27,19.3097,19.3097,24.1372,24.1372,24.1372,4.000000,4.000000,5.000000,5.000000,5.000000,96.000000,96.000000,95.000000,95.000000,95.000000,5.0,111.0310,101.3004,371.7123,381.4429,PENDING_AG03,FALSE,NOT_FOR_ENFORCEMENT,463.4336,42372.6625,482.7433,463.4336,19.3097,0.00982855,0.00943540,19.3097,463.4336,0.00943540,19.3097,19.3097,24.1372,24.1372,24.1372,463.4336,0.00943540,111.0310,101.3004,371.7123,381.4429,0.00756798,0.00776609,0.00039314,26.1815,23.5278,0.2573,40.2286,1.0517,4093.0372,156.3333,25.8255,26.2200,25.9457,26.176,26.176,26.3317,26.3317,26.3317,26.176,0.0,1.005951,1.005951,1.000211,29,110,12,1,0.09622170,0.00982855,0.04864130,0E-8,0.000000,0.898644,0.000000,-0.04294500,2026-03-27,2026-08-03,12,459,262,130,0.092308,0.984956,0.986404,0.320739,,,,,,,,GLOBAL_BASELINE_NO_ENTITY_RANKING,,,NOT_APPLICABLE_GLOBAL_BASELINE,HF9g-P5,,,,X 全窗基线 · 不参与实体赏罚,8394432,840,A168_HF9F_20260827_0900,2026-08-27 09:00:00
2026-04-13,147441826,1304,0,52.3519095360,-1.3087977384,-1.3087977384,0.5000000,2,2,0.50665070000000000,0.506650700000,-0.018812684590367487,-0.018812684590367487,-0.018812684590367487,0E-17,ELIGIBLE,R03b_20260811_FULL_v1,L1_ELIGIBILITY,v2026-08-11,2026-03-21..2026-08-06,baccarat_bet02_101_all_pairs_incl_sentinel,round_win = game_pnl > 0 (decisive only),COMPATIBILITY_ONLY_NOT_PRODUCTION,49116.4465,44138.1901,482.7433,1876,1876,-0.00982855,-0.04864130,-0.00569631,-0.00982855,-482.7433,49116.4465,OK,0.0000,19.3097,4.0000,96.0000,AG03-UNRESOLVED,ALL5_LEVELS_bet23_to_bet27,19.3097,19.3097,24.1372,24.1372,24.1372,4.000000,4.000000,5.000000,5.000000,5.000000,96.000000,96.000000,95.000000,95.000000,95.000000,5.0,111.0310,101.3004,371.7123,381.4429,PENDING_AG03,FALSE,NOT_FOR_ENFORCEMENT,463.4336,42372.6625,482.7433,463.4336,19.3097,0.00982855,0.00943540,19.3097,463.4336,0.00943540,19.3097,19.3097,24.1372,24.1372,24.1372,463.4336,0.00943540,111.0310,101.3004,371.7123,381.4429,0.00756798,0.00776609,0.00039314,26.1815,23.5278,0.2573,40.2286,1.0517,4093.0372,156.3333,25.8255,26.2200,25.9457,26.176,26.176,26.3317,26.3317,26.3317,26.176,0.0,1.005951,1.005951,1.000211,29,110,12,1,0.09622170,0.00982855,0.04864130,0E-8,0.000000,0.898644,0.000000,-0.04294500,2026-03-27,2026-08-03,12,459,262,130,0.092308,0.984956,0.986404,0.320739,,,,,,,,GLOBAL_BASELINE_NO_ENTITY_RANKING,,,NOT_APPLICABLE_GLOBAL_BASELINE,HF9g-P5,,,,X 全窗基线 · 不参与实体赏罚,8394433,840,A168_HF9F_20260827_0900,2026-08-27 09:00:00
2026-04-13,147441826,1374,0,26.1759547680,-26.1759547680,-26.1759547680,0E-7,1,1,0.50665070000000000,0.506650700000,-1.013391052207602,-1.013391052207602,-1.013391052207602,0E-17,ELIGIBLE,R03b_20260811_FULL_v1,L1_ELIGIBILITY,v2026-08-11,2026-03-21..2026-08-06,baccarat_bet02_101_all_pairs_incl_sentinel,round_win = game_pnl > 0 (decisive only),COMPATIBILITY_ONLY_NOT_PRODUCTION,49116.4465,44138.1901,482.7433,1876,1876,-0.00982855,-0.04864130,-0.00569631,-0.00982855,-482.7433,49116.4465,OK,0.0000,19.3097,4.0000,96.0000,AG03-UNRESOLVED,ALL5_LEVELS_bet23_to_bet27,19.3097,19.3097,24.1372,24.1372,24.1372,4.000000,4.000000,5.000000,5.000000,5.000000,96.000000,96.000000,95.000000,95.000000,95.000000,5.0,111.0310,101.3004,371.7123,381.4429,PENDING_AG03,FALSE,NOT_FOR_ENFORCEMENT,463.4336,42372.6625,482.7433,463.4336,19.3097,0.00982855,0.00943540,19.3097,463.4336,0.00943540,19.3097,19.3097,24.1372,24.1372,24.1372,463.4336,0.00943540,111.0310,101.3004,371.7123,381.4429,0.00756798,0.00776609,0.00039314,26.1815,23.5278,0.2573,40.2286,1.0517,4093.0372,156.3333,25.8255,26.2200,25.9457,26.176,26.176,26.3317,26.3317,26.3317,26.176,0.0,1.005951,1.005951,1.000211,29,110,12,1,0.09622170,0.00982855,0.04864130,0E-8,0.000000,0.898644,0.000000,-0.04294500,2026-03-27,2026-08-03,12,459,262,130,0.092308,0.984956,0.986404,0.320739,,,,,,,,GLOBAL_BASELINE_NO_ENTITY_RANKING,,,NOT_APPLICABLE_GLOBAL_BASELINE,HF9g-P5,,,,X 全窗基线 · 不参与实体赏罚,8394434,840,A168_HF9F_20260827_0900,2026-08-27 09:00:00
2026-04-13,147441826,1399,0,26.1759547680,-26.1759547680,-26.1759547680,0E-7,1,1,0.50665070000000000,0.506650700000,-1.013391052207602,-1.013391052207602,-1.013391052207602,0E-17,ELIGIBLE,R03b_20260811_FULL_v1,L1_ELIGIBILITY,v2026-08-11,2026-03-21..2026-08-06,baccarat_bet02_101_all_pairs_incl_sentinel,round_win = game_pnl > 0 (decisive only),COMPATIBILITY_ONLY_NOT_PRODUCTION,49116.4465,44138.1901,482.7433,1876,1876,-0.00982855,-0.04864130,-0.00569631,-0.00982855,-482.7433,49116.4465,OK,0.0000,19.3097,4.0000,96.0000,AG03-UNRESOLVED,ALL5_LEVELS_bet23_to_bet27,19.3097,19.3097,24.1372,24.1372,24.1372,4.000000,4.000000,5.000000,5.000000,5.000000,96.000000,96.000000,95.000000,95.000000,95.000000,5.0,111.0310,101.3004,371.7123,381.4429,PENDING_AG03,FALSE,NOT_FOR_ENFORCEMENT,463.4336,42372.6625,482.7433,463.4336,19.3097,0.00982855,0.00943540,19.3097,463.4336,0.00943540,19.3097,19.3097,24.1372,24.1372,24.1372,463.4336,0.00943540,111.0310,101.3004,371.7123,381.4429,0.00756798,0.00776609,0.00039314,26.1815,23.5278,0.2573,40.2286,1.0517,4093.0372,156.3333,25.8255,26.2200,25.9457,26.176,26.176,26.3317,26.3317,26.3317,26.176,0.0,1.005951,1.005951,1.000211,29,110,12,1,0.09622170,0.00982855,0.04864130,0E-8,0.000000,0.898644,0.000000,-0.04294500,2026-03-27,2026-08-03,12,459,262,130,0.092308,0.984956,0.986404,0.320739,,,,,,,,GLOBAL_BASELINE_NO_ENTITY_RANKING,,,NOT_APPLICABLE_GLOBAL_BASELINE,HF9g-P5,,,,X 全窗基线 · 不参与实体赏罚,8394435,840,A168_HF9F_20260827_0900,2026-08-27 09:00:00
2026-04-13,147441826,1402,0,104.7038190720,74.6014710888,74.6014710888,1.0000000,4,4,0.50665070000000000,0.506650700000,1.7091633124209307,1.7091633124209307,1.7091633124209307,0E-17,ELIGIBLE,R03b_20260811_FULL_v1,L1_ELIGIBILITY,v2026-08-11,2026-03-21..2026-08-06,baccarat_bet02_101_all_pairs_incl_sentinel,round_win = game_pnl > 0 (decisive only),COMPATIBILITY_ONLY_NOT_PRODUCTION,49116.4465,44138.1901,482.7433,1876,1876,-0.00982855,-0.04864130,-0.00569631,-0.00982855,-482.7433,49116.4465,OK,0.0000,19.3097,4.0000,96.0000,AG03-UNRESOLVED,ALL5_LEVELS_bet23_to_bet27,19.3097,19.3097,24.1372,24.1372,24.1372,4.000000,4.000000,5.000000,5.000000,5.000000,96.000000,96.000000,95.000000,95.000000,95.000000,5.0,111.0310,101.3004,371.7123,381.4429,PENDING_AG03,FALSE,NOT_FOR_ENFORCEMENT,463.4336,42372.6625,482.7433,463.4336,19.3097,0.00982855,0.00943540,19.3097,463.4336,0.00943540,19.3097,19.3097,24.1372,24.1372,24.1372,463.4336,0.00943540,111.0310,101.3004,371.7123,381.4429,0.00756798,0.00776609,0.00039314,26.1815,23.5278,0.2573,40.2286,1.0517,4093.0372,156.3333,25.8255,26.2200,25.9457,26.176,26.176,26.3317,26.3317,26.3317,26.176,0.0,1.005951,1.005951,1.000211,29,110,12,1,0.09622170,0.00982855,0.04864130,0E-8,0.000000,0.898644,0.000000,-0.04294500,2026-03-27,2026-08-03,12,459,262,130,0.092308,0.984956,0.986404,0.320739,,,,,,,,GLOBAL_BASELINE_NO_ENTITY_RANKING,,,NOT_APPLICABLE_GLOBAL_BASELINE,HF9g-P5,,,,X 全窗基线 · 不参与实体赏罚,8394436,840,A168_HF9F_20260827_0900,2026-08-27 09:00:00
2026-04-13,147441826,2145,0,52.3519095360,-26.1759547680,-26.1759547680,0E-7,2,2,0.50665070000000000,0.506650700000,-1.013391052207602,-1.013391052207602,-1.013391052207602,0E-17,ELIGIBLE,R03b_20260811_FULL_v1,L1_ELIGIBILITY,v2026-08-11,2026-03-21..2026-08-06,baccarat_bet02_101_all_pairs_incl_sentinel,round_win = game_pnl > 0 (decisive only),COMPATIBILITY_ONLY_NOT_PRODUCTION,49116.4465,44138.1901,482.7433,1876,1876,-0.00982855,-0.04864130,-0.00569631,-0.00982855,-482.7433,49116.4465,OK,0.0000,19.3097,4.0000,96.0000,AG03-UNRESOLVED,ALL5_LEVELS_bet23_to_bet27,19.3097,19.3097,24.1372,24.1372,24.1372,4.000000,4.000000,5.000000,5.000000,5.000000,96.000000,96.000000,95.000000,95.000000,95.000000,5.0,111.0310,101.3004,371.7123,381.4429,PENDING_AG03,FALSE,NOT_FOR_ENFORCEMENT,463.4336,42372.6625,482.7433,463.4336,19.3097,0.00982855,0.00943540,19.3097,463.4336,0.00943540,19.3097,19.3097,24.1372,24.1372,24.1372,463.4336,0.00943540,111.0310,101.3004,371.7123,381.4429,0.00756798,0.00776609,0.00039314,26.1815,23.5278,0.2573,40.2286,1.0517,4093.0372,156.3333,25.8255,26.2200,25.9457,26.176,26.176,26.3317,26.3317,26.3317,26.176,0.0,1.005951,1.005951,1.000211,29,110,12,1,0.09622170,0.00982855,0.04864130,0E-8,0.000000,0.898644,0.000000,-0.04294500,2026-03-27,2026-08-03,12,459,262,130,0.092308,0.984956,0.986404,0.320739,,,,,,,,GLOBAL_BASELINE_NO_ENTITY_RANKING,,,NOT_APPLICABLE_GLOBAL_BASELINE,HF9g-P5,,,,X 全窗基线 · 不参与实体赏罚,8394437,840,A168_HF9F_20260827_0900,2026-08-27 09:00:00
2026-04-13,147441826,2205,0,26.1759547680,-26.1759547680,-26.1759547680,0E-7,1,1,0.50665070000000000,0.506650700000,-1.013391052207602,-1.013391052207602,-1.013391052207602,0E-17,ELIGIBLE,R03b_20260811_FULL_v1,L1_ELIGIBILITY,v2026-08-11,2026-03-21..2026-08-06,baccarat_bet02_101_all_pairs_incl_sentinel,round_win = game_pnl > 0 (decisive only),COMPATIBILITY_ONLY_NOT_PRODUCTION,49116.4465,44138.1901,482.7433,1876,1876,-0.00982855,-0.04864130,-0.00569631,-0.00982855,-482.7433,49116.4465,OK,0.0000,19.3097,4.0000,96.0000,AG03-UNRESOLVED,ALL5_LEVELS_bet23_to_bet27,19.3097,19.3097,24.1372,24.1372,24.1372,4.000000,4.000000,5.000000,5.000000,5.000000,96.000000,96.000000,95.000000,95.000000,95.000000,5.0,111.0310,101.3004,371.7123,381.4429,PENDING_AG03,FALSE,NOT_FOR_ENFORCEMENT,463.4336,42372.6625,482.7433,463.4336,19.3097,0.00982855,0.00943540,19.3097,463.4336,0.00943540,19.3097,19.3097,24.1372,24.1372,24.1372,463.4336,0.00943540,111.0310,101.3004,371.7123,381.4429,0.00756798,0.00776609,0.00039314,26.1815,23.5278,0.2573,40.2286,1.0517,4093.0372,156.3333,25.8255,26.2200,25.9457,26.176,26.176,26.3317,26.3317,26.3317,26.176,0.0,1.005951,1.005951,1.000211,29,110,12,1,0.09622170,0.00982855,0.04864130,0E-8,0.000000,0.898644,0.000000,-0.04294500,2026-03-27,2026-08-03,12,459,262,130,0.092308,0.984956,0.986404,0.320739,,,,,,,,GLOBAL_BASELINE_NO_ENTITY_RANKING,,,NOT_APPLICABLE_GLOBAL_BASELINE,HF9g-P5,,,,X 全窗基线 · 不参与实体赏罚,8394438,840,A168_HF9F_20260827_0900,2026-08-27 09:00:00
2026-04-13,147441826,2214,0,26.1759547680,24.8671570296,24.8671570296,1.0000000,1,1,0.50665070000000000,0.506650700000,0.9867858985152569,0.9867858985152569,0.9867858985152569,0E-17,ELIGIBLE,R03b_20260811_FULL_v1,L1_ELIGIBILITY,v2026-08-11,2026-03-21..2026-08-06,baccarat_bet02_101_all_pairs_incl_sentinel,round_win = game_pnl > 0 (decisive only),COMPATIBILITY_ONLY_NOT_PRODUCTION,49116.4465,44138.1901,482.7433,1876,1876,-0.00982855,-0.04864130,-0.00569631,-0.00982855,-482.7433,49116.4465,OK,0.0000,19.3097,4.0000,96.0000,AG03-UNRESOLVED,ALL5_LEVELS_bet23_to_bet27,19.3097,19.3097,24.1372,24.1372,24.1372,4.000000,4.000000,5.000000,5.000000,5.000000,96.000000,96.000000,95.000000,95.000000,95.000000,5.0,111.0310,101.3004,371.7123,381.4429,PENDING_AG03,FALSE,NOT_FOR_ENFORCEMENT,463.4336,42372.6625,482.7433,463.4336,19.3097,0.00982855,0.00943540,19.3097,463.4336,0.00943540,19.3097,19.3097,24.1372,24.1372,24.1372,463.4336,0.00943540,111.0310,101.3004,371.7123,381.4429,0.00756798,0.00776609,0.00039314,26.1815,23.5278,0.2573,40.2286,1.0517,4093.0372,156.3333,25.8255,26.2200,25.9457,26.176,26.176,26.3317,26.3317,26.3317,26.176,0.0,1.005951,1.005951,1.000211,29,110,12,1,0.09622170,0.00982855,0.04864130,0E-8,0.000000,0.898644,0.000000,-0.04294500,2026-03-27,2026-08-03,12,459,262,130,0.092308,0.984956,0.986404,0.320739,,,,,,,,GLOBAL_BASELINE_NO_ENTITY_RANKING,,,NOT_APPLICABLE_GLOBAL_BASELINE,HF9g-P5,,,,X 全窗基线 · 不参与实体赏罚,8394439,840,A168_HF9F_20260827_0900,2026-08-27 09:00:00
2026-04-13,147441826,2222,0,78.5278643040,23.5583592912,23.5583592912,0.6666667,3,3,0.50665070000000000,0.506650700000,0.5543606114942035,0.5543606114942035,0.5543606114942035,0E-17,ELIGIBLE,R03b_20260811_FULL_v1,L1_ELIGIBILITY,v2026-08-11,2026-03-21..2026-08-06,baccarat_bet02_101_all_pairs_incl_sentinel,round_win = game_pnl > 0 (decisive only),COMPATIBILITY_ONLY_NOT_PRODUCTION,49116.4465,44138.1901,482.7433,1876,1876,-0.00982855,-0.04864130,-0.00569631,-0.00982855,-482.7433,49116.4465,OK,0.0000,19.3097,4.0000,96.0000,AG03-UNRESOLVED,ALL5_LEVELS_bet23_to_bet27,19.3097,19.3097,24.1372,24.1372,24.1372,4.000000,4.000000,5.000000,5.000000,5.000000,96.000000,96.000000,95.000000,95.000000,95.000000,5.0,111.0310,101.3004,371.7123,381.4429,PENDING_AG03,FALSE,NOT_FOR_ENFORCEMENT,463.4336,42372.6625,482.7433,463.4336,19.3097,0.00982855,0.00943540,19.3097,463.4336,0.00943540,19.3097,19.3097,24.1372,24.1372,24.1372,463.4336,0.00943540,111.0310,101.3004,371.7123,381.4429,0.00756798,0.00776609,0.00039314,26.1815,23.5278,0.2573,40.2286,1.0517,4093.0372,156.3333,25.8255,26.2200,25.9457,26.176,26.176,26.3317,26.3317,26.3317,26.176,0.0,1.005951,1.005951,1.000211,29,110,12,1,0.09622170,0.00982855,0.04864130,0E-8,0.000000,0.898644,0.000000,-0.04294500,2026-03-27,2026-08-03,12,459,262,130,0.092308,0.984956,0.986404,0.320739,,,,,,,,GLOBAL_BASELINE_NO_ENTITY_RANKING,,,NOT_APPLICABLE_GLOBAL_BASELINE,HF9g-P5,,,,X 全窗基线 · 不参与实体赏罚,8394440,840,A168_HF9F_20260827_0900,2026-08-27 09:00:00
2026-04-13,147441826,2250,0,130.8797738400,-2.6175954768,-2.6175954768,0.5000000,5,5,0.50665070000000000,0.506650700000,-0.02660515369234503,-0.02660515369234503,-0.02660515369234503,0E-17,ELIGIBLE,R03b_20260811_FULL_v1,L1_ELIGIBILITY,v2026-08-11,2026-03-21..2026-08-06,baccarat_bet02_101_all_pairs_incl_sentinel,round_win = game_pnl > 0 (decisive only),COMPATIBILITY_ONLY_NOT_PRODUCTION,49116.4465,44138.1901,482.7433,1876,1876,-0.00982855,-0.04864130,-0.00569631,-0.00982855,-482.7433,49116.4465,OK,0.0000,19.3097,4.0000,96.0000,AG03-UNRESOLVED,ALL5_LEVELS_bet23_to_bet27,19.3097,19.3097,24.1372,24.1372,24.1372,4.000000,4.000000,5.000000,5.000000,5.000000,96.000000,96.000000,95.000000,95.000000,95.000000,5.0,111.0310,101.3004,371.7123,381.4429,PENDING_AG03,FALSE,NOT_FOR_ENFORCEMENT,463.4336,42372.6625,482.7433,463.4336,19.3097,0.00982855,0.00943540,19.3097,463.4336,0.00943540,19.3097,19.3097,24.1372,24.1372,24.1372,463.4336,0.00943540,111.0310,101.3004,371.7123,381.4429,0.00756798,0.00776609,0.00039314,26.1815,23.5278,0.2573,40.2286,1.0517,4093.0372,156.3333,25.8255,26.2200,25.9457,26.176,26.176,26.3317,26.3317,26.3317,26.176,0.0,1.005951,1.005951,1.000211,29,110,12,1,0.09622170,0.00982855,0.04864130,0E-8,0.000000,0.898644,0.000000,-0.04294500,2026-03-27,2026-08-03,12,459,262,130,0.092308,0.984956,0.986404,0.320739,,,,,,,,GLOBAL_BASELINE_NO_ENTITY_RANKING,,,NOT_APPLICABLE_GLOBAL_BASELINE,HF9g-P5,,,,X 全窗基线 · 不参与实体赏罚,8394441,840,A168_HF9F_20260827_0900,2026-08-27 09:00:00
2026-04-13,147441826,2256,0,78.5278643040,23.5583592912,23.5583592912,0.6666667,3,3,0.50665070000000000,0.506650700000,0.5543606114942035,0.5543606114942035,0.5543606114942035,0E-17,ELIGIBLE,R03b_20260811_FULL_v1,L1_ELIGIBILITY,v2026-08-11,2026-03-21..2026-08-06,baccarat_bet02_101_all_pairs_incl_sentinel,round_win = game_pnl > 0 (decisive only),COMPATIBILITY_ONLY_NOT_PRODUCTION,49116.4465,44138.1901,482.7433,1876,1876,-0.00982855,-0.04864130,-0.00569631,-0.00982855,-482.7433,49116.4465,OK,0.0000,19.3097,4.0000,96.0000,AG03-UNRESOLVED,ALL5_LEVELS_bet23_to_bet27,19.3097,19.3097,24.1372,24.1372,24.1372,4.000000,4.000000,5.000000,5.000000,5.000000,96.000000,96.000000,95.000000,95.000000,95.000000,5.0,111.0310,101.3004,371.7123,381.4429,PENDING_AG03,FALSE,NOT_FOR_ENFORCEMENT,463.4336,42372.6625,482.7433,463.4336,19.3097,0.00982855,0.00943540,19.3097,463.4336,0.00943540,19.3097,19.3097,24.1372,24.1372,24.1372,463.4336,0.00943540,111.0310,101.3004,371.7123,381.4429,0.00756798,0.00776609,0.00039314,26.1815,23.5278,0.2573,40.2286,1.0517,4093.0372,156.3333,25.8255,26.2200,25.9457,26.176,26.176,26.3317,26.3317,26.3317,26.176,0.0,1.005951,1.005951,1.000211,29,110,12,1,0.09622170,0.00982855,0.04864130,0E-8,0.000000,0.898644,0.000000,-0.04294500,2026-03-27,2026-08-03,12,459,262,130,0.092308,0.984956,0.986404,0.320739,,,,,,,,GLOBAL_BASELINE_NO_ENTITY_RANKING,,,NOT_APPLICABLE_GLOBAL_BASELINE,HF9g-P5,,,,X 全窗基线 · 不参与实体赏罚,8394442,840,A168_HF9F_20260827_0900,2026-08-27 09:00:00
2026-04-17,147441826,-1,1,2382.0118838875,-107.3214145491,-107.3214145491,0.4691358,86,86,0.50665070000000000,0.506650700000,-0.67532790014968,-0.67532790014968,-0.67532790014968,0E-17,SENTINEL_DEALER,R03b_20260811_FULL_v1,L1_ELIGIBILITY,v2026-08-11,2026-03-21..2026-08-06,baccarat_bet02_101_all_pairs_incl_sentinel,round_win = game_pnl > 0 (decisive only),COMPATIBILITY_ONLY_NOT_PRODUCTION,49116.4465,44138.1901,482.7433,1876,1876,-0.00982855,-0.04864130,-0.00569631,-0.00982855,-482.7433,49116.4465,OK,0.0000,19.3097,4.0000,96.0000,AG03-UNRESOLVED,ALL5_LEVELS_bet23_to_bet27,19.3097,19.3097,24.1372,24.1372,24.1372,4.000000,4.000000,5.000000,5.000000,5.000000,96.000000,96.000000,95.000000,95.000000,95.000000,5.0,111.0310,101.3004,371.7123,381.4429,PENDING_AG03,FALSE,NOT_FOR_ENFORCEMENT,463.4336,42372.6625,482.7433,463.4336,19.3097,0.00982855,0.00943540,19.3097,463.4336,0.00943540,19.3097,19.3097,24.1372,24.1372,24.1372,463.4336,0.00943540,111.0310,101.3004,371.7123,381.4429,0.00756798,0.00776609,0.00039314,26.1815,23.5278,0.2573,40.2286,1.0517,4093.0372,156.3333,25.8255,26.2200,25.9457,26.176,26.176,26.3317,26.3317,26.3317,26.176,0.0,1.005951,1.005951,1.000211,29,110,12,1,0.09622170,0.00982855,0.04864130,0E-8,0.000000,0.898644,0.000000,-0.04294500,2026-03-27,2026-08-03,12,459,262,130,0.092308,0.984956,0.986404,0.320739,,,,,,,,GLOBAL_BASELINE_NO_ENTITY_RANKING,,,NOT_APPLICABLE_GLOBAL_BASELINE,HF9g-P5,,,,X 全窗基线 · 不参与实体赏罚,8394443,840,A168_HF9F_20260827_0900,2026-08-27 09:00:00
2026-04-17,147441826,1115,0,130.8797738400,124.3357851480,124.3357851480,1.0000000,5,5,0.50665070000000000,0.506650700000,2.2065203483183233,2.2065203483183233,2.2065203483183233,0E-17,ELIGIBLE,R03b_20260811_FULL_v1,L1_ELIGIBILITY,v2026-08-11,2026-03-21..2026-08-06,baccarat_bet02_101_all_pairs_incl_sentinel,round_win = game_pnl > 0 (decisive only),COMPATIBILITY_ONLY_NOT_PRODUCTION,49116.4465,44138.1901,482.7433,1876,1876,-0.00982855,-0.04864130,-0.00569631,-0.00982855,-482.7433,49116.4465,OK,0.0000,19.3097,4.0000,96.0000,AG03-UNRESOLVED,ALL5_LEVELS_bet23_to_bet27,19.3097,19.3097,24.1372,24.1372,24.1372,4.000000,4.000000,5.000000,5.000000,5.000000,96.000000,96.000000,95.000000,95.000000,95.000000,5.0,111.0310,101.3004,371.7123,381.4429,PENDING_AG03,FALSE,NOT_FOR_ENFORCEMENT,463.4336,42372.6625,482.7433,463.4336,19.3097,0.00982855,0.00943540,19.3097,463.4336,0.00943540,19.3097,19.3097,24.1372,24.1372,24.1372,463.4336,0.00943540,111.0310,101.3004,371.7123,381.4429,0.00756798,0.00776609,0.00039314,26.1815,23.5278,0.2573,40.2286,1.0517,4093.0372,156.3333,25.8255,26.2200,25.9457,26.176,26.176,26.3317,26.3317,26.3317,26.176,0.0,1.005951,1.005951,1.000211,29,110,12,1,0.09622170,0.00982855,0.04864130,0E-8,0.000000,0.898644,0.000000,-0.04294500,2026-03-27,2026-08-03,12,459,262,130,0.092308,0.984956,0.986404,0.320739,,,,,,,,GLOBAL_BASELINE_NO_ENTITY_RANKING,,,NOT_APPLICABLE_GLOBAL_BASELINE,HF9g-P5,,,,X 全窗基线 · 不参与实体赏罚,8394444,840,A168_HF9F_20260827_0900,2026-08-27 09:00:00
2026-04-17,147441826,1306,0,209.4076381440,71.9838756120,71.9838756120,0.7142857,8,8,0.50665070000000000,0.506650700000,1.098798430526454,1.098798430526454,1.098798430526454,0E-17,ELIGIBLE,R03b_20260811_FULL_v1,L1_ELIGIBILITY,v2026-08-11,2026-03-21..2026-08-06,baccarat_bet02_101_all_pairs_incl_sentinel,round_win = game_pnl > 0 (decisive only),COMPATIBILITY_ONLY_NOT_PRODUCTION,49116.4465,44138.1901,482.7433,1876,1876,-0.00982855,-0.04864130,-0.00569631,-0.00982855,-482.7433,49116.4465,OK,0.0000,19.3097,4.0000,96.0000,AG03-UNRESOLVED,ALL5_LEVELS_bet23_to_bet27,19.3097,19.3097,24.1372,24.1372,24.1372,4.000000,4.000000,5.000000,5.000000,5.000000,96.000000,96.000000,95.000000,95.000000,95.000000,5.0,111.0310,101.3004,371.7123,381.4429,PENDING_AG03,FALSE,NOT_FOR_ENFORCEMENT,463.4336,42372.6625,482.7433,463.4336,19.3097,0.00982855,0.00943540,19.3097,463.4336,0.00943540,19.3097,19.3097,24.1372,24.1372,24.1372,463.4336,0.00943540,111.0310,101.3004,371.7123,381.4429,0.00756798,0.00776609,0.00039314,26.1815,23.5278,0.2573,40.2286,1.0517,4093.0372,156.3333,25.8255,26.2200,25.9457,26.176,26.176,26.3317,26.3317,26.3317,26.176,0.0,1.005951,1.005951,1.000211,29,110,12,1,0.09622170,0.00982855,0.04864130,0E-8,0.000000,0.898644,0.000000,-0.04294500,2026-03-27,2026-08-03,12,459,262,130,0.092308,0.984956,0.986404,0.320739,,,,,,,,GLOBAL_BASELINE_NO_ENTITY_RANKING,,,NOT_APPLICABLE_GLOBAL_BASELINE,HF9g-P5,,,,X 全窗基线 · 不参与实体赏罚,8394445,840,A168_HF9F_20260827_0900,2026-08-27 09:00:00
2026-04-17,147441826,1384,0,261.7595476800,-5.2351909536,-5.2351909536,0.5000000,10,10,0.50665070000000000,0.506650700000,-0.037625369180734974,-0.037625369180734974,-0.037625369180734974,0E-17,ELIGIBLE,R03b_20260811_FULL_v1,L1_ELIGIBILITY,v2026-08-11,2026-03-21..2026-08-06,baccarat_bet02_101_all_pairs_incl_sentinel,round_win = game_pnl > 0 (decisive only),COMPATIBILITY_ONLY_NOT_PRODUCTION,49116.4465,44138.1901,482.7433,1876,1876,-0.00982855,-0.04864130,-0.00569631,-0.00982855,-482.7433,49116.4465,OK,0.0000,19.3097,4.0000,96.0000,AG03-UNRESOLVED,ALL5_LEVELS_bet23_to_bet27,19.3097,19.3097,24.1372,24.1372,24.1372,4.000000,4.000000,5.000000,5.000000,5.000000,96.000000,96.000000,95.000000,95.000000,95.000000,5.0,111.0310,101.3004,371.7123,381.4429,PENDING_AG03,FALSE,NOT_FOR_ENFORCEMENT,463.4336,42372.6625,482.7433,463.4336,19.3097,0.00982855,0.00943540,19.3097,463.4336,0.00943540,19.3097,19.3097,24.1372,24.1372,24.1372,463.4336,0.00943540,111.0310,101.3004,371.7123,381.4429,0.00756798,0.00776609,0.00039314,26.1815,23.5278,0.2573,40.2286,1.0517,4093.0372,156.3333,25.8255,26.2200,25.9457,26.176,26.176,26.3317,26.3317,26.3317,26.176,0.0,1.005951,1.005951,1.000211,29,110,12,1,0.09622170,0.00982855,0.04864130,0E-8,0.000000,0.898644,0.000000,-0.04294500,2026-03-27,2026-08-03,12,459,262,130,0.092308,0.984956,0.986404,0.320739,,,,,,,,GLOBAL_BASELINE_NO_ENTITY_RANKING,,,NOT_APPLICABLE_GLOBAL_BASELINE,HF9g-P5,,,,X 全窗基线 · 不参与实体赏罚,8394446,840,A168_HF9F_20260827_0900,2026-08-27 09:00:00
2026-04-17,147441826,1399,0,26.1759547680,24.8671570296,24.8671570296,1.0000000,1,1,0.50665070000000000,0.506650700000,0.9867858985152569,0.9867858985152569,0.9867858985152569,0E-17,ELIGIBLE,R03b_20260811_FULL_v1,L1_ELIGIBILITY,v2026-08-11,2026-03-21..2026-08-06,baccarat_bet02_101_all_pairs_incl_sentinel,round_win = game_pnl > 0 (decisive only),COMPATIBILITY_ONLY_NOT_PRODUCTION,49116.4465,44138.1901,482.7433,1876,1876,-0.00982855,-0.04864130,-0.00569631,-0.00982855,-482.7433,49116.4465,OK,0.0000,19.3097,4.0000,96.0000,AG03-UNRESOLVED,ALL5_LEVELS_bet23_to_bet27,19.3097,19.3097,24.1372,24.1372,24.1372,4.000000,4.000000,5.000000,5.000000,5.000000,96.000000,96.000000,95.000000,95.000000,95.000000,5.0,111.0310,101.3004,371.7123,381.4429,PENDING_AG03,FALSE,NOT_FOR_ENFORCEMENT,463.4336,42372.6625,482.7433,463.4336,19.3097,0.00982855,0.00943540,19.3097,463.4336,0.00943540,19.3097,19.3097,24.1372,24.1372,24.1372,463.4336,0.00943540,111.0310,101.3004,371.7123,381.4429,0.00756798,0.00776609,0.00039314,26.1815,23.5278,0.2573,40.2286,1.0517,4093.0372,156.3333,25.8255,26.2200,25.9457,26.176,26.176,26.3317,26.3317,26.3317,26.176,0.0,1.005951,1.005951,1.000211,29,110,12,1,0.09622170,0.00982855,0.04864130,0E-8,0.000000,0.898644,0.000000,-0.04294500,2026-03-27,2026-08-03,12,459,262,130,0.092308,0.984956,0.986404,0.320739,,,,,,,,GLOBAL_BASELINE_NO_ENTITY_RANKING,,,NOT_APPLICABLE_GLOBAL_BASELINE,HF9g-P5,,,,X 全窗基线 · 不参与实体赏罚,8394447,840,A168_HF9F_20260827_0900,2026-08-27 09:00:00
2026-04-17,147441826,1507,0,130.8797738400,-28.7935502448,-28.7935502448,0.4000000,5,5,0.50665070000000000,0.506650700000,-0.4769986289884125,-0.4769986289884125,-0.4769986289884125,0E-17,ELIGIBLE,R03b_20260811_FULL_v1,L1_ELIGIBILITY,v2026-08-11,2026-03-21..2026-08-06,baccarat_bet02_101_all_pairs_incl_sentinel,round_win = game_pnl > 0 (decisive only),COMPATIBILITY_ONLY_NOT_PRODUCTION,49116.4465,44138.1901,482.7433,1876,1876,-0.00982855,-0.04864130,-0.00569631,-0.00982855,-482.7433,49116.4465,OK,0.0000,19.3097,4.0000,96.0000,AG03-UNRESOLVED,ALL5_LEVELS_bet23_to_bet27,19.3097,19.3097,24.1372,24.1372,24.1372,4.000000,4.000000,5.000000,5.000000,5.000000,96.000000,96.000000,95.000000,95.000000,95.000000,5.0,111.0310,101.3004,371.7123,381.4429,PENDING_AG03,FALSE,NOT_FOR_ENFORCEMENT,463.4336,42372.6625,482.7433,463.4336,19.3097,0.00982855,0.00943540,19.3097,463.4336,0.00943540,19.3097,19.3097,24.1372,24.1372,24.1372,463.4336,0.00943540,111.0310,101.3004,371.7123,381.4429,0.00756798,0.00776609,0.00039314,26.1815,23.5278,0.2573,40.2286,1.0517,4093.0372,156.3333,25.8255,26.2200,25.9457,26.176,26.176,26.3317,26.3317,26.3317,26.176,0.0,1.005951,1.005951,1.000211,29,110,12,1,0.09622170,0.00982855,0.04864130,0E-8,0.000000,0.898644,0.000000,-0.04294500,2026-03-27,2026-08-03,12,459,262,130,0.092308,0.984956,0.986404,0.320739,,,,,,,,GLOBAL_BASELINE_NO_ENTITY_RANKING,,,NOT_APPLICABLE_GLOBAL_BASELINE,HF9g-P5,,,,X 全窗基线 · 不参与实体赏罚,8394448,840,A168_HF9F_20260827_0900,2026-08-27 09:00:00
2026-04-17,147441826,1963,0,78.5278643040,-78.5278643040,-78.5278643040,0E-7,3,3,0.50665070000000000,0.506650700000,-1.7552447903592512,-1.7552447903592512,-1.7552447903592512,0E-17,ELIGIBLE,R03b_20260811_FULL_v1,L1_ELIGIBILITY,v2026-08-11,2026-03-21..2026-08-06,baccarat_bet02_101_all_pairs_incl_sentinel,round_win = game_pnl > 0 (decisive only),COMPATIBILITY_ONLY_NOT_PRODUCTION,49116.4465,44138.1901,482.7433,1876,1876,-0.00982855,-0.04864130,-0.00569631,-0.00982855,-482.7433,49116.4465,OK,0.0000,19.3097,4.0000,96.0000,AG03-UNRESOLVED,ALL5_LEVELS_bet23_to_bet27,19.3097,19.3097,24.1372,24.1372,24.1372,4.000000,4.000000,5.000000,5.000000,5.000000,96.000000,96.000000,95.000000,95.000000,95.000000,5.0,111.0310,101.3004,371.7123,381.4429,PENDING_AG03,FALSE,NOT_FOR_ENFORCEMENT,463.4336,42372.6625,482.7433,463.4336,19.3097,0.00982855,0.00943540,19.3097,463.4336,0.00943540,19.3097,19.3097,24.1372,24.1372,24.1372,463.4336,0.00943540,111.0310,101.3004,371.7123,381.4429,0.00756798,0.00776609,0.00039314,26.1815,23.5278,0.2573,40.2286,1.0517,4093.0372,156.3333,25.8255,26.2200,25.9457,26.176,26.176,26.3317,26.3317,26.3317,26.176,0.0,1.005951,1.005951,1.000211,29,110,12,1,0.09622170,0.00982855,0.04864130,0E-8,0.000000,0.898644,0.000000,-0.04294500,2026-03-27,2026-08-03,12,459,262,130,0.092308,0.984956,0.986404,0.320739,,,,,,,,GLOBAL_BASELINE_NO_ENTITY_RANKING,,,NOT_APPLICABLE_GLOBAL_BASELINE,HF9g-P5,,,,X 全窗基线 · 不参与实体赏罚,8394449,840,A168_HF9F_20260827_0900,2026-08-27 09:00:00
2026-04-17,147441826,1966,0,130.8797738400,124.3357851480,124.3357851480,1.0000000,5,5,0.50665070000000000,0.506650700000,2.2065203483183233,2.2065203483183233,2.2065203483183233,0E-17,ELIGIBLE,R03b_20260811_FULL_v1,L1_ELIGIBILITY,v2026-08-11,2026-03-21..2026-08-06,baccarat_bet02_101_all_pairs_incl_sentinel,round_win = game_pnl > 0 (decisive only),COMPATIBILITY_ONLY_NOT_PRODUCTION,49116.4465,44138.1901,482.7433,1876,1876,-0.00982855,-0.04864130,-0.00569631,-0.00982855,-482.7433,49116.4465,OK,0.0000,19.3097,4.0000,96.0000,AG03-UNRESOLVED,ALL5_LEVELS_bet23_to_bet27,19.3097,19.3097,24.1372,24.1372,24.1372,4.000000,4.000000,5.000000,5.000000,5.000000,96.000000,96.000000,95.000000,95.000000,95.000000,5.0,111.0310,101.3004,371.7123,381.4429,PENDING_AG03,FALSE,NOT_FOR_ENFORCEMENT,463.4336,42372.6625,482.7433,463.4336,19.3097,0.00982855,0.00943540,19.3097,463.4336,0.00943540,19.3097,19.3097,24.1372,24.1372,24.1372,463.4336,0.00943540,111.0310,101.3004,371.7123,381.4429,0.00756798,0.00776609,0.00039314,26.1815,23.5278,0.2573,40.2286,1.0517,4093.0372,156.3333,25.8255,26.2200,25.9457,26.176,26.176,26.3317,26.3317,26.3317,26.176,0.0,1.005951,1.005951,1.000211,29,110,12,1,0.09622170,0.00982855,0.04864130,0E-8,0.000000,0.898644,0.000000,-0.04294500,2026-03-27,2026-08-03,12,459,262,130,0.092308,0.984956,0.986404,0.320739,,,,,,,,GLOBAL_BASELINE_NO_ENTITY_RANKING,,,NOT_APPLICABLE_GLOBAL_BASELINE,HF9g-P5,,,,X 全窗基线 · 不参与实体赏罚,8394450,840,A168_HF9F_20260827_0900,2026-08-27 09:00:00
2026-04-17,147441826,2117,0,157.0557286080,22.2495615528,22.2495615528,0.6000000,6,6,0.50665070000000000,0.506650700000,0.4175076967804994,0.4175076967804994,0.4175076967804994,0E-17,ELIGIBLE,R03b_20260811_FULL_v1,L1_ELIGIBILITY,v2026-08-11,2026-03-21..2026-08-06,baccarat_bet02_101_all_pairs_incl_sentinel,round_win = game_pnl > 0 (decisive only),COMPATIBILITY_ONLY_NOT_PRODUCTION,49116.4465,44138.1901,482.7433,1876,1876,-0.00982855,-0.04864130,-0.00569631,-0.00982855,-482.7433,49116.4465,OK,0.0000,19.3097,4.0000,96.0000,AG03-UNRESOLVED,ALL5_LEVELS_bet23_to_bet27,19.3097,19.3097,24.1372,24.1372,24.1372,4.000000,4.000000,5.000000,5.000000,5.000000,96.000000,96.000000,95.000000,95.000000,95.000000,5.0,111.0310,101.3004,371.7123,381.4429,PENDING_AG03,FALSE,NOT_FOR_ENFORCEMENT,463.4336,42372.6625,482.7433,463.4336,19.3097,0.00982855,0.00943540,19.3097,463.4336,0.00943540,19.3097,19.3097,24.1372,24.1372,24.1372,463.4336,0.00943540,111.0310,101.3004,371.7123,381.4429,0.00756798,0.00776609,0.00039314,26.1815,23.5278,0.2573,40.2286,1.0517,4093.0372,156.3333,25.8255,26.2200,25.9457,26.176,26.176,26.3317,26.3317,26.3317,26.176,0.0,1.005951,1.005951,1.000211,29,110,12,1,0.09622170,0.00982855,0.04864130,0E-8,0.000000,0.898644,0.000000,-0.04294500,2026-03-27,2026-08-03,12,459,262,130,0.092308,0.984956,0.986404,0.320739,,,,,,,,GLOBAL_BASELINE_NO_ENTITY_RANKING,,,NOT_APPLICABLE_GLOBAL_BASELINE,HF9g-P5,,,,X 全窗基线 · 不参与实体赏罚,8394451,840,A168_HF9F_20260827_0900,2026-08-27 09:00:00
2026-04-17,147441826,2141,0,157.0557286080,-3.9263932152,-3.9263932152,0.5000000,6,6,0.50665070000000000,0.506650700000,-0.032584525537284574,-0.032584525537284574,-0.032584525537284574,0E-17,ELIGIBLE,R03b_20260811_FULL_v1,L1_ELIGIBILITY,v2026-08-11,2026-03-21..2026-08-06,baccarat_bet02_101_all_pairs_incl_sentinel,round_win = game_pnl > 0 (decisive only),COMPATIBILITY_ONLY_NOT_PRODUCTION,49116.4465,44138.1901,482.7433,1876,1876,-0.00982855,-0.04864130,-0.00569631,-0.00982855,-482.7433,49116.4465,OK,0.0000,19.3097,4.0000,96.0000,AG03-UNRESOLVED,ALL5_LEVELS_bet23_to_bet27,19.3097,19.3097,24.1372,24.1372,24.1372,4.000000,4.000000,5.000000,5.000000,5.000000,96.000000,96.000000,95.000000,95.000000,95.000000,5.0,111.0310,101.3004,371.7123,381.4429,PENDING_AG03,FALSE,NOT_FOR_ENFORCEMENT,463.4336,42372.6625,482.7433,463.4336,19.3097,0.00982855,0.00943540,19.3097,463.4336,0.00943540,19.3097,19.3097,24.1372,24.1372,24.1372,463.4336,0.00943540,111.0310,101.3004,371.7123,381.4429,0.00756798,0.00776609,0.00039314,26.1815,23.5278,0.2573,40.2286,1.0517,4093.0372,156.3333,25.8255,26.2200,25.9457,26.176,26.176,26.3317,26.3317,26.3317,26.176,0.0,1.005951,1.005951,1.000211,29,110,12,1,0.09622170,0.00982855,0.04864130,0E-8,0.000000,0.898644,0.000000,-0.04294500,2026-03-27,2026-08-03,12,459,262,130,0.092308,0.984956,0.986404,0.320739,,,,,,,,GLOBAL_BASELINE_NO_ENTITY_RANKING,,,NOT_APPLICABLE_GLOBAL_BASELINE,HF9g-P5,,,,X 全窗基线 · 不参与实体赏罚,8394452,840,A168_HF9F_20260827_0900,2026-08-27 09:00:00
2026-04-17,147441826,2171,0,235.5835929120,45.8079208440,45.8079208440,0.6250000,9,9,0.50665070000000000,0.506650700000,0.6695439735338472,0.6695439735338472,0.6695439735338472,0E-17,ELIGIBLE,R03b_20260811_FULL_v1,L1_ELIGIBILITY,v2026-08-11,2026-03-21..2026-08-06,baccarat_bet02_101_all_pairs_incl_sentinel,round_win = game_pnl > 0 (decisive only),COMPATIBILITY_ONLY_NOT_PRODUCTION,49116.4465,44138.1901,482.7433,1876,1876,-0.00982855,-0.04864130,-0.00569631,-0.00982855,-482.7433,49116.4465,OK,0.0000,19.3097,4.0000,96.0000,AG03-UNRESOLVED,ALL5_LEVELS_bet23_to_bet27,19.3097,19.3097,24.1372,24.1372,24.1372,4.000000,4.000000,5.000000,5.000000,5.000000,96.000000,96.000000,95.000000,95.000000,95.000000,5.0,111.0310,101.3004,371.7123,381.4429,PENDING_AG03,FALSE,NOT_FOR_ENFORCEMENT,463.4336,42372.6625,482.7433,463.4336,19.3097,0.00982855,0.00943540,19.3097,463.4336,0.00943540,19.3097,19.3097,24.1372,24.1372,24.1372,463.4336,0.00943540,111.0310,101.3004,371.7123,381.4429,0.00756798,0.00776609,0.00039314,26.1815,23.5278,0.2573,40.2286,1.0517,4093.0372,156.3333,25.8255,26.2200,25.9457,26.176,26.176,26.3317,26.3317,26.3317,26.176,0.0,1.005951,1.005951,1.000211,29,110,12,1,0.09622170,0.00982855,0.04864130,0E-8,0.000000,0.898644,0.000000,-0.04294500,2026-03-27,2026-08-03,12,459,262,130,0.092308,0.984956,0.986404,0.320739,,,,,,,,GLOBAL_BASELINE_NO_ENTITY_RANKING,,,NOT_APPLICABLE_GLOBAL_BASELINE,HF9g-P5,,,,X 全窗基线 · 不参与实体赏罚,8394453,840,A168_HF9F_20260827_0900,2026-08-27 09:00:00
2026-04-17,147441826,2175,0,157.0557286080,-106.0126168104,-106.0126168104,0.1666667,6,6,0.50665070000000000,0.506650700000,-1.6657221670529434,-1.6657221670529434,-1.6657221670529434,0E-17,ELIGIBLE,R03b_20260811_FULL_v1,L1_ELIGIBILITY,v2026-08-11,2026-03-21..2026-08-06,baccarat_bet02_101_all_pairs_incl_sentinel,round_win = game_pnl > 0 (decisive only),COMPATIBILITY_ONLY_NOT_PRODUCTION,49116.4465,44138.1901,482.7433,1876,1876,-0.00982855,-0.04864130,-0.00569631,-0.00982855,-482.7433,49116.4465,OK,0.0000,19.3097,4.0000,96.0000,AG03-UNRESOLVED,ALL5_LEVELS_bet23_to_bet27,19.3097,19.3097,24.1372,24.1372,24.1372,4.000000,4.000000,5.000000,5.000000,5.000000,96.000000,96.000000,95.000000,95.000000,95.000000,5.0,111.0310,101.3004,371.7123,381.4429,PENDING_AG03,FALSE,NOT_FOR_ENFORCEMENT,463.4336,42372.6625,482.7433,463.4336,19.3097,0.00982855,0.00943540,19.3097,463.4336,0.00943540,19.3097,19.3097,24.1372,24.1372,24.1372,463.4336,0.00943540,111.0310,101.3004,371.7123,381.4429,0.00756798,0.00776609,0.00039314,26.1815,23.5278,0.2573,40.2286,1.0517,4093.0372,156.3333,25.8255,26.2200,25.9457,26.176,26.176,26.3317,26.3317,26.3317,26.176,0.0,1.005951,1.005951,1.000211,29,110,12,1,0.09622170,0.00982855,0.04864130,0E-8,0.000000,0.898644,0.000000,-0.04294500,2026-03-27,2026-08-03,12,459,262,130,0.092308,0.984956,0.986404,0.320739,,,,,,,,GLOBAL_BASELINE_NO_ENTITY_RANKING,,,NOT_APPLICABLE_GLOBAL_BASELINE,HF9g-P5,,,,X 全窗基线 · 不参与实体赏罚,8394454,840,A168_HF9F_20260827_0900,2026-08-27 09:00:00
2026-04-17,147441826,2177,0,183.2316833760,71.9838756120,71.9838756120,0.7142857,7,7,0.50665070000000000,0.506650700000,1.098798430526454,1.098798430526454,1.098798430526454,0E-17,ELIGIBLE,R03b_20260811_FULL_v1,L1_ELIGIBILITY,v2026-08-11,2026-03-21..2026-08-06,baccarat_bet02_101_all_pairs_incl_sentinel,round_win = game_pnl > 0 (decisive only),COMPATIBILITY_ONLY_NOT_PRODUCTION,49116.4465,44138.1901,482.7433,1876,1876,-0.00982855,-0.04864130,-0.00569631,-0.00982855,-482.7433,49116.4465,OK,0.0000,19.3097,4.0000,96.0000,AG03-UNRESOLVED,ALL5_LEVELS_bet23_to_bet27,19.3097,19.3097,24.1372,24.1372,24.1372,4.000000,4.000000,5.000000,5.000000,5.000000,96.000000,96.000000,95.000000,95.000000,95.000000,5.0,111.0310,101.3004,371.7123,381.4429,PENDING_AG03,FALSE,NOT_FOR_ENFORCEMENT,463.4336,42372.6625,482.7433,463.4336,19.3097,0.00982855,0.00943540,19.3097,463.4336,0.00943540,19.3097,19.3097,24.1372,24.1372,24.1372,463.4336,0.00943540,111.0310,101.3004,371.7123,381.4429,0.00756798,0.00776609,0.00039314,26.1815,23.5278,0.2573,40.2286,1.0517,4093.0372,156.3333,25.8255,26.2200,25.9457,26.176,26.176,26.3317,26.3317,26.3317,26.176,0.0,1.005951,1.005951,1.000211,29,110,12,1,0.09622170,0.00982855,0.04864130,0E-8,0.000000,0.898644,0.000000,-0.04294500,2026-03-27,2026-08-03,12,459,262,130,0.092308,0.984956,0.986404,0.320739,,,,,,,,GLOBAL_BASELINE_NO_ENTITY_RANKING,,,NOT_APPLICABLE_GLOBAL_BASELINE,HF9g-P5,,,,X 全窗基线 · 不参与实体赏罚,8394455,840,A168_HF9F_20260827_0900,2026-08-27 09:00:00
2026-04-17,147441826,2222,0,130.8797738400,22.2495615528,22.2495615528,0.6000000,5,5,0.50665070000000000,0.506650700000,0.4175076967804994,0.4175076967804994,0.4175076967804994,0E-17,ELIGIBLE,R03b_20260811_FULL_v1,L1_ELIGIBILITY,v2026-08-11,2026-03-21..2026-08-06,baccarat_bet02_101_all_pairs_incl_sentinel,round_win = game_pnl > 0 (decisive only),COMPATIBILITY_ONLY_NOT_PRODUCTION,49116.4465,44138.1901,482.7433,1876,1876,-0.00982855,-0.04864130,-0.00569631,-0.00982855,-482.7433,49116.4465,OK,0.0000,19.3097,4.0000,96.0000,AG03-UNRESOLVED,ALL5_LEVELS_bet23_to_bet27,19.3097,19.3097,24.1372,24.1372,24.1372,4.000000,4.000000,5.000000,5.000000,5.000000,96.000000,96.000000,95.000000,95.000000,95.000000,5.0,111.0310,101.3004,371.7123,381.4429,PENDING_AG03,FALSE,NOT_FOR_ENFORCEMENT,463.4336,42372.6625,482.7433,463.4336,19.3097,0.00982855,0.00943540,19.3097,463.4336,0.00943540,19.3097,19.3097,24.1372,24.1372,24.1372,463.4336,0.00943540,111.0310,101.3004,371.7123,381.4429,0.00756798,0.00776609,0.00039314,26.1815,23.5278,0.2573,40.2286,1.0517,4093.0372,156.3333,25.8255,26.2200,25.9457,26.176,26.176,26.3317,26.3317,26.3317,26.176,0.0,1.005951,1.005951,1.000211,29,110,12,1,0.09622170,0.00982855,0.04864130,0E-8,0.000000,0.898644,0.000000,-0.04294500,2026-03-27,2026-08-03,12,459,262,130,0.092308,0.984956,0.986404,0.320739,,,,,,,,GLOBAL_BASELINE_NO_ENTITY_RANKING,,,NOT_APPLICABLE_GLOBAL_BASELINE,HF9g-P5,,,,X 全窗基线 · 不参与实体赏罚,8394456,840,A168_HF9F_20260827_0900,2026-08-27 09:00:00
2026-04-17,147441826,2229,0,104.7038190720,-27.4847525064,-27.4847525064,0.3333333,4,4,0.50665070000000000,0.506650700000,-0.6004420894325239,-0.6004420894325239,-0.6004420894325239,0E-17,ELIGIBLE,R03b_20260811_FULL_v1,L1_ELIGIBILITY,v2026-08-11,2026-03-21..2026-08-06,baccarat_bet02_101_all_pairs_incl_sentinel,round_win = game_pnl > 0 (decisive only),COMPATIBILITY_ONLY_NOT_PRODUCTION,49116.4465,44138.1901,482.7433,1876,1876,-0.00982855,-0.04864130,-0.00569631,-0.00982855,-482.7433,49116.4465,OK,0.0000,19.3097,4.0000,96.0000,AG03-UNRESOLVED,ALL5_LEVELS_bet23_to_bet27,19.3097,19.3097,24.1372,24.1372,24.1372,4.000000,4.000000,5.000000,5.000000,5.000000,96.000000,96.000000,95.000000,95.000000,95.000000,5.0,111.0310,101.3004,371.7123,381.4429,PENDING_AG03,FALSE,NOT_FOR_ENFORCEMENT,463.4336,42372.6625,482.7433,463.4336,19.3097,0.00982855,0.00943540,19.3097,463.4336,0.00943540,19.3097,19.3097,24.1372,24.1372,24.1372,463.4336,0.00943540,111.0310,101.3004,371.7123,381.4429,0.00756798,0.00776609,0.00039314,26.1815,23.5278,0.2573,40.2286,1.0517,4093.0372,156.3333,25.8255,26.2200,25.9457,26.176,26.176,26.3317,26.3317,26.3317,26.176,0.0,1.005951,1.005951,1.000211,29,110,12,1,0.09622170,0.00982855,0.04864130,0E-8,0.000000,0.898644,0.000000,-0.04294500,2026-03-27,2026-08-03,12,459,262,130,0.092308,0.984956,0.986404,0.320739,,,,,,,,GLOBAL_BASELINE_NO_ENTITY_RANKING,,,NOT_APPLICABLE_GLOBAL_BASELINE,HF9g-P5,,,,X 全窗基线 · 不参与实体赏罚,8394457,840,A168_HF9F_20260827_0900,2026-08-27 09:00:00
2026-04-17,147441826,2241,0,183.2316833760,98.1598303800,98.1598303800,0.8333333,7,7,0.50665070000000000,0.506650700000,1.6005531159783741,1.6005531159783741,1.6005531159783741,0E-17,ELIGIBLE,R03b_20260811_FULL_v1,L1_ELIGIBILITY,v2026-08-11,2026-03-21..2026-08-06,baccarat_bet02_101_all_pairs_incl_sentinel,round_win = game_pnl > 0 (decisive only),COMPATIBILITY_ONLY_NOT_PRODUCTION,49116.4465,44138.1901,482.7433,1876,1876,-0.00982855,-0.04864130,-0.00569631,-0.00982855,-482.7433,49116.4465,OK,0.0000,19.3097,4.0000,96.0000,AG03-UNRESOLVED,ALL5_LEVELS_bet23_to_bet27,19.3097,19.3097,24.1372,24.1372,24.1372,4.000000,4.000000,5.000000,5.000000,5.000000,96.000000,96.000000,95.000000,95.000000,95.000000,5.0,111.0310,101.3004,371.7123,381.4429,PENDING_AG03,FALSE,NOT_FOR_ENFORCEMENT,463.4336,42372.6625,482.7433,463.4336,19.3097,0.00982855,0.00943540,19.3097,463.4336,0.00943540,19.3097,19.3097,24.1372,24.1372,24.1372,463.4336,0.00943540,111.0310,101.3004,371.7123,381.4429,0.00756798,0.00776609,0.00039314,26.1815,23.5278,0.2573,40.2286,1.0517,4093.0372,156.3333,25.8255,26.2200,25.9457,26.176,26.176,26.3317,26.3317,26.3317,26.176,0.0,1.005951,1.005951,1.000211,29,110,12,1,0.09622170,0.00982855,0.04864130,0E-8,0.000000,0.898644,0.000000,-0.04294500,2026-03-27,2026-08-03,12,459,262,130,0.092308,0.984956,0.986404,0.320739,,,,,,,,GLOBAL_BASELINE_NO_ENTITY_RANKING,,,NOT_APPLICABLE_GLOBAL_BASELINE,HF9g-P5,,,,X 全窗基线 · 不参与实体赏罚,8394458,840,A168_HF9F_20260827_0900,2026-08-27 09:00:00
2026-04-17,147441826,2242,0,130.8797738400,-104.7038190720,-104.7038190720,0E-7,5,5,0.50665070000000000,0.506650700000,-2.026782104415204,-2.026782104415204,-2.026782104415204,0E-17,ELIGIBLE,R03b_20260811_FULL_v1,L1_ELIGIBILITY,v2026-08-11,2026-03-21..2026-08-06,baccarat_bet02_101_all_pairs_incl_sentinel,round_win = game_pnl > 0 (decisive only),COMPATIBILITY_ONLY_NOT_PRODUCTION,49116.4465,44138.1901,482.7433,1876,1876,-0.00982855,-0.04864130,-0.00569631,-0.00982855,-482.7433,49116.4465,OK,0.0000,19.3097,4.0000,96.0000,AG03-UNRESOLVED,ALL5_LEVELS_bet23_to_bet27,19.3097,19.3097,24.1372,24.1372,24.1372,4.000000,4.000000,5.000000,5.000000,5.000000,96.000000,96.000000,95.000000,95.000000,95.000000,5.0,111.0310,101.3004,371.7123,381.4429,PENDING_AG03,FALSE,NOT_FOR_ENFORCEMENT,463.4336,42372.6625,482.7433,463.4336,19.3097,0.00982855,0.00943540,19.3097,463.4336,0.00943540,19.3097,19.3097,24.1372,24.1372,24.1372,463.4336,0.00943540,111.0310,101.3004,371.7123,381.4429,0.00756798,0.00776609,0.00039314,26.1815,23.5278,0.2573,40.2286,1.0517,4093.0372,156.3333,25.8255,26.2200,25.9457,26.176,26.176,26.3317,26.3317,26.3317,26.176,0.0,1.005951,1.005951,1.000211,29,110,12,1,0.09622170,0.00982855,0.04864130,0E-8,0.000000,0.898644,0.000000,-0.04294500,2026-03-27,2026-08-03,12,459,262,130,0.092308,0.984956,0.986404,0.320739,,,,,,,,GLOBAL_BASELINE_NO_ENTITY_RANKING,,,NOT_APPLICABLE_GLOBAL_BASELINE,HF9g-P5,,,,X 全窗基线 · 不参与实体赏罚,8394459,840,A168_HF9F_20260827_0900,2026-08-27 09:00:00
2026-04-17,147441826,2251,0,130.8797738400,-2.6175954768,-2.6175954768,0.5000000,5,5,0.50665070000000000,0.506650700000,-0.02660515369234503,-0.02660515369234503,-0.02660515369234503,0E-17,ELIGIBLE,R03b_20260811_FULL_v1,L1_ELIGIBILITY,v2026-08-11,2026-03-21..2026-08-06,baccarat_bet02_101_all_pairs_incl_sentinel,round_win = game_pnl > 0 (decisive only),COMPATIBILITY_ONLY_NOT_PRODUCTION,49116.4465,44138.1901,482.7433,1876,1876,-0.00982855,-0.04864130,-0.00569631,-0.00982855,-482.7433,49116.4465,OK,0.0000,19.3097,4.0000,96.0000,AG03-UNRESOLVED,ALL5_LEVELS_bet23_to_bet27,19.3097,19.3097,24.1372,24.1372,24.1372,4.000000,4.000000,5.000000,5.000000,5.000000,96.000000,96.000000,95.000000,95.000000,95.000000,5.0,111.0310,101.3004,371.7123,381.4429,PENDING_AG03,FALSE,NOT_FOR_ENFORCEMENT,463.4336,42372.6625,482.7433,463.4336,19.3097,0.00982855,0.00943540,19.3097,463.4336,0.00943540,19.3097,19.3097,24.1372,24.1372,24.1372,463.4336,0.00943540,111.0310,101.3004,371.7123,381.4429,0.00756798,0.00776609,0.00039314,26.1815,23.5278,0.2573,40.2286,1.0517,4093.0372,156.3333,25.8255,26.2200,25.9457,26.176,26.176,26.3317,26.3317,26.3317,26.176,0.0,1.005951,1.005951,1.000211,29,110,12,1,0.09622170,0.00982855,0.04864130,0E-8,0.000000,0.898644,0.000000,-0.04294500,2026-03-27,2026-08-03,12,459,262,130,0.092308,0.984956,0.986404,0.320739,,,,,,,,GLOBAL_BASELINE_NO_ENTITY_RANKING,,,NOT_APPLICABLE_GLOBAL_BASELINE,HF9g-P5,,,,X 全窗基线 · 不参与实体赏罚,8394460,840,A168_HF9F_20260827_0900,2026-08-27 09:00:00
2026-04-17,147441826,2256,0,26.1759547680,-26.1759547680,-26.1759547680,0E-7,1,1,0.50665070000000000,0.506650700000,-1.013391052207602,-1.013391052207602,-1.013391052207602,0E-17,ELIGIBLE,R03b_20260811_FULL_v1,L1_ELIGIBILITY,v2026-08-11,2026-03-21..2026-08-06,baccarat_bet02_101_all_pairs_incl_sentinel,round_win = game_pnl > 0 (decisive only),COMPATIBILITY_ONLY_NOT_PRODUCTION,49116.4465,44138.1901,482.7433,1876,1876,-0.00982855,-0.04864130,-0.00569631,-0.00982855,-482.7433,49116.4465,OK,0.0000,19.3097,4.0000,96.0000,AG03-UNRESOLVED,ALL5_LEVELS_bet23_to_bet27,19.3097,19.3097,24.1372,24.1372,24.1372,4.000000,4.000000,5.000000,5.000000,5.000000,96.000000,96.000000,95.000000,95.000000,95.000000,5.0,111.0310,101.3004,371.7123,381.4429,PENDING_AG03,FALSE,NOT_FOR_ENFORCEMENT,463.4336,42372.6625,482.7433,463.4336,19.3097,0.00982855,0.00943540,19.3097,463.4336,0.00943540,19.3097,19.3097,24.1372,24.1372,24.1372,463.4336,0.00943540,111.0310,101.3004,371.7123,381.4429,0.00756798,0.00776609,0.00039314,26.1815,23.5278,0.2573,40.2286,1.0517,4093.0372,156.3333,25.8255,26.2200,25.9457,26.176,26.176,26.3317,26.3317,26.3317,26.176,0.0,1.005951,1.005951,1.000211,29,110,12,1,0.09622170,0.00982855,0.04864130,0E-8,0.000000,0.898644,0.000000,-0.04294500,2026-03-27,2026-08-03,12,459,262,130,0.092308,0.984956,0.986404,0.320739,,,,,,,,GLOBAL_BASELINE_NO_ENTITY_RANKING,,,NOT_APPLICABLE_GLOBAL_BASELINE,HF9g-P5,,,,X 全窗基线 · 不参与实体赏罚,8394461,840,A168_HF9F_20260827_0900,2026-08-27 09:00:00
2026-04-20,147441826,-1,1,78.5278643040,23.5583592912,23.5583592912,0.6666667,3,3,0.50665070000000000,0.506650700000,0.5543606114942035,0.5543606114942035,0.5543606114942035,0E-17,SENTINEL_DEALER,R03b_20260811_FULL_v1,L1_ELIGIBILITY,v2026-08-11,2026-03-21..2026-08-06,baccarat_bet02_101_all_pairs_incl_sentinel,round_win = game_pnl > 0 (decisive only),COMPATIBILITY_ONLY_NOT_PRODUCTION,49116.4465,44138.1901,482.7433,1876,1876,-0.00982855,-0.04864130,-0.00569631,-0.00982855,-482.7433,49116.4465,OK,0.0000,19.3097,4.0000,96.0000,AG03-UNRESOLVED,ALL5_LEVELS_bet23_to_bet27,19.3097,19.3097,24.1372,24.1372,24.1372,4.000000,4.000000,5.000000,5.000000,5.000000,96.000000,96.000000,95.000000,95.000000,95.000000,5.0,111.0310,101.3004,371.7123,381.4429,PENDING_AG03,FALSE,NOT_FOR_ENFORCEMENT,463.4336,42372.6625,482.7433,463.4336,19.3097,0.00982855,0.00943540,19.3097,463.4336,0.00943540,19.3097,19.3097,24.1372,24.1372,24.1372,463.4336,0.00943540,111.0310,101.3004,371.7123,381.4429,0.00756798,0.00776609,0.00039314,26.1815,23.5278,0.2573,40.2286,1.0517,4093.0372,156.3333,25.8255,26.2200,25.9457,26.176,26.176,26.3317,26.3317,26.3317,26.176,0.0,1.005951,1.005951,1.000211,29,110,12,1,0.09622170,0.00982855,0.04864130,0E-8,0.000000,0.898644,0.000000,-0.04294500,2026-03-27,2026-08-03,12,459,262,130,0.092308,0.984956,0.986404,0.320739,,,,,,,,GLOBAL_BASELINE_NO_ENTITY_RANKING,,,NOT_APPLICABLE_GLOBAL_BASELINE,HF9g-P5,,,,X 全窗基线 · 不参与实体赏罚,8394462,840,A168_HF9F_20260827_0900,2026-08-27 09:00:00
2026-04-20,147441826,1302,0,26.1759547680,-26.1759547680,-26.1759547680,0E-7,1,1,0.50665070000000000,0.506650700000,-1.013391052207602,-1.013391052207602,-1.013391052207602,0E-17,ELIGIBLE,R03b_20260811_FULL_v1,L1_ELIGIBILITY,v2026-08-11,2026-03-21..2026-08-06,baccarat_bet02_101_all_pairs_incl_sentinel,round_win = game_pnl > 0 (decisive only),COMPATIBILITY_ONLY_NOT_PRODUCTION,49116.4465,44138.1901,482.7433,1876,1876,-0.00982855,-0.04864130,-0.00569631,-0.00982855,-482.7433,49116.4465,OK,0.0000,19.3097,4.0000,96.0000,AG03-UNRESOLVED,ALL5_LEVELS_bet23_to_bet27,19.3097,19.3097,24.1372,24.1372,24.1372,4.000000,4.000000,5.000000,5.000000,5.000000,96.000000,96.000000,95.000000,95.000000,95.000000,5.0,111.0310,101.3004,371.7123,381.4429,PENDING_AG03,FALSE,NOT_FOR_ENFORCEMENT,463.4336,42372.6625,482.7433,463.4336,19.3097,0.00982855,0.00943540,19.3097,463.4336,0.00943540,19.3097,19.3097,24.1372,24.1372,24.1372,463.4336,0.00943540,111.0310,101.3004,371.7123,381.4429,0.00756798,0.00776609,0.00039314,26.1815,23.5278,0.2573,40.2286,1.0517,4093.0372,156.3333,25.8255,26.2200,25.9457,26.176,26.176,26.3317,26.3317,26.3317,26.176,0.0,1.005951,1.005951,1.000211,29,110,12,1,0.09622170,0.00982855,0.04864130,0E-8,0.000000,0.898644,0.000000,-0.04294500,2026-03-27,2026-08-03,12,459,262,130,0.092308,0.984956,0.986404,0.320739,,,,,,,,GLOBAL_BASELINE_NO_ENTITY_RANKING,,,NOT_APPLICABLE_GLOBAL_BASELINE,HF9g-P5,,,,X 全窗基线 · 不参与实体赏罚,8394463,840,A168_HF9F_20260827_0900,2026-08-27 09:00:00
2026-04-20,147441826,1399,0,78.5278643040,-52.3519095360,-52.3519095360,0E-7,3,3,0.50665070000000000,0.506650700000,-1.4331513700195317,-1.4331513700195317,-1.4331513700195317,0E-17,ELIGIBLE,R03b_20260811_FULL_v1,L1_ELIGIBILITY,v2026-08-11,2026-03-21..2026-08-06,baccarat_bet02_101_all_pairs_incl_sentinel,round_win = game_pnl > 0 (decisive only),COMPATIBILITY_ONLY_NOT_PRODUCTION,49116.4465,44138.1901,482.7433,1876,1876,-0.00982855,-0.04864130,-0.00569631,-0.00982855,-482.7433,49116.4465,OK,0.0000,19.3097,4.0000,96.0000,AG03-UNRESOLVED,ALL5_LEVELS_bet23_to_bet27,19.3097,19.3097,24.1372,24.1372,24.1372,4.000000,4.000000,5.000000,5.000000,5.000000,96.000000,96.000000,95.000000,95.000000,95.000000,5.0,111.0310,101.3004,371.7123,381.4429,PENDING_AG03,FALSE,NOT_FOR_ENFORCEMENT,463.4336,42372.6625,482.7433,463.4336,19.3097,0.00982855,0.00943540,19.3097,463.4336,0.00943540,19.3097,19.3097,24.1372,24.1372,24.1372,463.4336,0.00943540,111.0310,101.3004,371.7123,381.4429,0.00756798,0.00776609,0.00039314,26.1815,23.5278,0.2573,40.2286,1.0517,4093.0372,156.3333,25.8255,26.2200,25.9457,26.176,26.176,26.3317,26.3317,26.3317,26.176,0.0,1.005951,1.005951,1.000211,29,110,12,1,0.09622170,0.00982855,0.04864130,0E-8,0.000000,0.898644,0.000000,-0.04294500,2026-03-27,2026-08-03,12,459,262,130,0.092308,0.984956,0.986404,0.320739,,,,,,,,GLOBAL_BASELINE_NO_ENTITY_RANKING,,,NOT_APPLICABLE_GLOBAL_BASELINE,HF9g-P5,,,,X 全窗基线 · 不参与实体赏罚,8394464,840,A168_HF9F_20260827_0900,2026-08-27 09:00:00
2026-04-20,147441826,2141,0,78.5278643040,-27.4847525064,-27.4847525064,0.3333333,3,3,0.50665070000000000,0.506650700000,-0.6004420894325239,-0.6004420894325239,-0.6004420894325239,0E-17,ELIGIBLE,R03b_20260811_FULL_v1,L1_ELIGIBILITY,v2026-08-11,2026-03-21..2026-08-06,baccarat_bet02_101_all_pairs_incl_sentinel,round_win = game_pnl > 0 (decisive only),COMPATIBILITY_ONLY_NOT_PRODUCTION,49116.4465,44138.1901,482.7433,1876,1876,-0.00982855,-0.04864130,-0.00569631,-0.00982855,-482.7433,49116.4465,OK,0.0000,19.3097,4.0000,96.0000,AG03-UNRESOLVED,ALL5_LEVELS_bet23_to_bet27,19.3097,19.3097,24.1372,24.1372,24.1372,4.000000,4.000000,5.000000,5.000000,5.000000,96.000000,96.000000,95.000000,95.000000,95.000000,5.0,111.0310,101.3004,371.7123,381.4429,PENDING_AG03,FALSE,NOT_FOR_ENFORCEMENT,463.4336,42372.6625,482.7433,463.4336,19.3097,0.00982855,0.00943540,19.3097,463.4336,0.00943540,19.3097,19.3097,24.1372,24.1372,24.1372,463.4336,0.00943540,111.0310,101.3004,371.7123,381.4429,0.00756798,0.00776609,0.00039314,26.1815,23.5278,0.2573,40.2286,1.0517,4093.0372,156.3333,25.8255,26.2200,25.9457,26.176,26.176,26.3317,26.3317,26.3317,26.176,0.0,1.005951,1.005951,1.000211,29,110,12,1,0.09622170,0.00982855,0.04864130,0E-8,0.000000,0.898644,0.000000,-0.04294500,2026-03-27,2026-08-03,12,459,262,130,0.092308,0.984956,0.986404,0.320739,,,,,,,,GLOBAL_BASELINE_NO_ENTITY_RANKING,,,NOT_APPLICABLE_GLOBAL_BASELINE,HF9g-P5,,,,X 全窗基线 · 不参与实体赏罚,8394465,840,A168_HF9F_20260827_0900,2026-08-27 09:00:00
2026-04-20,147441826,2145,0,52.3519095360,-26.1759547680,-26.1759547680,0E-7,2,2,0.50665070000000000,0.506650700000,-1.013391052207602,-1.013391052207602,-1.013391052207602,0E-17,ELIGIBLE,R03b_20260811_FULL_v1,L1_ELIGIBILITY,v2026-08-11,2026-03-21..2026-08-06,baccarat_bet02_101_all_pairs_incl_sentinel,round_win = game_pnl > 0 (decisive only),COMPATIBILITY_ONLY_NOT_PRODUCTION,49116.4465,44138.1901,482.7433,1876,1876,-0.00982855,-0.04864130,-0.00569631,-0.00982855,-482.7433,49116.4465,OK,0.0000,19.3097,4.0000,96.0000,AG03-UNRESOLVED,ALL5_LEVELS_bet23_to_bet27,19.3097,19.3097,24.1372,24.1372,24.1372,4.000000,4.000000,5.000000,5.000000,5.000000,96.000000,96.000000,95.000000,95.000000,95.000000,5.0,111.0310,101.3004,371.7123,381.4429,PENDING_AG03,FALSE,NOT_FOR_ENFORCEMENT,463.4336,42372.6625,482.7433,463.4336,19.3097,0.00982855,0.00943540,19.3097,463.4336,0.00943540,19.3097,19.3097,24.1372,24.1372,24.1372,463.4336,0.00943540,111.0310,101.3004,371.7123,381.4429,0.00756798,0.00776609,0.00039314,26.1815,23.5278,0.2573,40.2286,1.0517,4093.0372,156.3333,25.8255,26.2200,25.9457,26.176,26.176,26.3317,26.3317,26.3317,26.176,0.0,1.005951,1.005951,1.000211,29,110,12,1,0.09622170,0.00982855,0.04864130,0E-8,0.000000,0.898644,0.000000,-0.04294500,2026-03-27,2026-08-03,12,459,262,130,0.092308,0.984956,0.986404,0.320739,,,,,,,,GLOBAL_BASELINE_NO_ENTITY_RANKING,,,NOT_APPLICABLE_GLOBAL_BASELINE,HF9g-P5,,,,X 全窗基线 · 不参与实体赏罚,8394466,840,A168_HF9F_20260827_0900,2026-08-27 09:00:00
2026-04-20,147441826,2220,0,183.2316833759,71.9838756119,71.9838756119,0.6666667,6,6,0.50665070000000000,0.506650700000,0.7839842952205449,0.7839842952205449,0.7839842952205449,0E-17,ELIGIBLE,R03b_20260811_FULL_v1,L1_ELIGIBILITY,v2026-08-11,2026-03-21..2026-08-06,baccarat_bet02_101_all_pairs_incl_sentinel,round_win = game_pnl > 0 (decisive only),COMPATIBILITY_ONLY_NOT_PRODUCTION,49116.4465,44138.1901,482.7433,1876,1876,-0.00982855,-0.04864130,-0.00569631,-0.00982855,-482.7433,49116.4465,OK,0.0000,19.3097,4.0000,96.0000,AG03-UNRESOLVED,ALL5_LEVELS_bet23_to_bet27,19.3097,19.3097,24.1372,24.1372,24.1372,4.000000,4.000000,5.000000,5.000000,5.000000,96.000000,96.000000,95.000000,95.000000,95.000000,5.0,111.0310,101.3004,371.7123,381.4429,PENDING_AG03,FALSE,NOT_FOR_ENFORCEMENT,463.4336,42372.6625,482.7433,463.4336,19.3097,0.00982855,0.00943540,19.3097,463.4336,0.00943540,19.3097,19.3097,24.1372,24.1372,24.1372,463.4336,0.00943540,111.0310,101.3004,371.7123,381.4429,0.00756798,0.00776609,0.00039314,26.1815,23.5278,0.2573,40.2286,1.0517,4093.0372,156.3333,25.8255,26.2200,25.9457,26.176,26.176,26.3317,26.3317,26.3317,26.176,0.0,1.005951,1.005951,1.000211,29,110,12,1,0.09622170,0.00982855,0.04864130,0E-8,0.000000,0.898644,0.000000,-0.04294500,2026-03-27,2026-08-03,12,459,262,130,0.092308,0.984956,0.986404,0.320739,,,,,,,,GLOBAL_BASELINE_NO_ENTITY_RANKING,,,NOT_APPLICABLE_GLOBAL_BASELINE,HF9g-P5,,,,X 全窗基线 · 不参与实体赏罚,8394467,840,A168_HF9F_20260827_0900,2026-08-27 09:00:00
2026-04-20,147441826,2239,0,26.1759547680,24.8671570296,24.8671570296,1.0000000,1,1,0.50665070000000000,0.506650700000,0.9867858985152569,0.9867858985152569,0.9867858985152569,0E-17,ELIGIBLE,R03b_20260811_FULL_v1,L1_ELIGIBILITY,v2026-08-11,2026-03-21..2026-08-06,baccarat_bet02_101_all_pairs_incl_sentinel,round_win = game_pnl > 0 (decisive only),COMPATIBILITY_ONLY_NOT_PRODUCTION,49116.4465,44138.1901,482.7433,1876,1876,-0.00982855,-0.04864130,-0.00569631,-0.00982855,-482.7433,49116.4465,OK,0.0000,19.3097,4.0000,96.0000,AG03-UNRESOLVED,ALL5_LEVELS_bet23_to_bet27,19.3097,19.3097,24.1372,24.1372,24.1372,4.000000,4.000000,5.000000,5.000000,5.000000,96.000000,96.000000,95.000000,95.000000,95.000000,5.0,111.0310,101.3004,371.7123,381.4429,PENDING_AG03,FALSE,NOT_FOR_ENFORCEMENT,463.4336,42372.6625,482.7433,463.4336,19.3097,0.00982855,0.00943540,19.3097,463.4336,0.00943540,19.3097,19.3097,24.1372,24.1372,24.1372,463.4336,0.00943540,111.0310,101.3004,371.7123,381.4429,0.00756798,0.00776609,0.00039314,26.1815,23.5278,0.2573,40.2286,1.0517,4093.0372,156.3333,25.8255,26.2200,25.9457,26.176,26.176,26.3317,26.3317,26.3317,26.176,0.0,1.005951,1.005951,1.000211,29,110,12,1,0.09622170,0.00982855,0.04864130,0E-8,0.000000,0.898644,0.000000,-0.04294500,2026-03-27,2026-08-03,12,459,262,130,0.092308,0.984956,0.986404,0.320739,,,,,,,,GLOBAL_BASELINE_NO_ENTITY_RANKING,,,NOT_APPLICABLE_GLOBAL_BASELINE,HF9g-P5,,,,X 全窗基线 · 不参与实体赏罚,8394468,840,A168_HF9F_20260827_0900,2026-08-27 09:00:00
2026-05-04,147441826,-1,1,2231.3320533430,-380.1048207140,-380.1048207140,0.4177215,86,86,0.50665070000000000,0.506650700000,-1.5809795657901697,-1.5809795657901697,-1.5809795657901697,0E-17,SENTINEL_DEALER,R03b_20260811_FULL_v1,L1_ELIGIBILITY,v2026-08-11,2026-03-21..2026-08-06,baccarat_bet02_101_all_pairs_incl_sentinel,round_win = game_pnl > 0 (decisive only),COMPATIBILITY_ONLY_NOT_PRODUCTION,49116.4465,44138.1901,482.7433,1876,1876,-0.00982855,-0.04864130,-0.00569631,-0.00982855,-482.7433,49116.4465,OK,0.0000,19.3097,4.0000,96.0000,AG03-UNRESOLVED,ALL5_LEVELS_bet23_to_bet27,19.3097,19.3097,24.1372,24.1372,24.1372,4.000000,4.000000,5.000000,5.000000,5.000000,96.000000,96.000000,95.000000,95.000000,95.000000,5.0,111.0310,101.3004,371.7123,381.4429,PENDING_AG03,FALSE,NOT_FOR_ENFORCEMENT,463.4336,42372.6625,482.7433,463.4336,19.3097,0.00982855,0.00943540,19.3097,463.4336,0.00943540,19.3097,19.3097,24.1372,24.1372,24.1372,463.4336,0.00943540,111.0310,101.3004,371.7123,381.4429,0.00756798,0.00776609,0.00039314,26.1815,23.5278,0.2573,40.2286,1.0517,4093.0372,156.3333,25.8255,26.2200,25.9457,26.176,26.176,26.3317,26.3317,26.3317,26.176,0.0,1.005951,1.005951,1.000211,29,110,12,1,0.09622170,0.00982855,0.04864130,0E-8,0.000000,0.898644,0.000000,-0.04294500,2026-03-27,2026-08-03,12,459,262,130,0.092308,0.984956,0.986404,0.320739,,,,,,,,GLOBAL_BASELINE_NO_ENTITY_RANKING,,,NOT_APPLICABLE_GLOBAL_BASELINE,HF9g-P5,,,,X 全窗基线 · 不参与实体赏罚,8394469,840,A168_HF9F_20260827_0900,2026-08-27 09:00:00
2026-05-04,147441826,1210,0,363.2401017070,68.7561621090,68.7561621090,0.6363636,14,14,0.50665070000000000,0.506650700000,0.860494406565227,0.860494406565227,0.860494406565227,0E-17,ELIGIBLE,R03b_20260811_FULL_v1,L1_ELIGIBILITY,v2026-08-11,2026-03-21..2026-08-06,baccarat_bet02_101_all_pairs_incl_sentinel,round_win = game_pnl > 0 (decisive only),COMPATIBILITY_ONLY_NOT_PRODUCTION,49116.4465,44138.1901,482.7433,1876,1876,-0.00982855,-0.04864130,-0.00569631,-0.00982855,-482.7433,49116.4465,OK,0.0000,19.3097,4.0000,96.0000,AG03-UNRESOLVED,ALL5_LEVELS_bet23_to_bet27,19.3097,19.3097,24.1372,24.1372,24.1372,4.000000,4.000000,5.000000,5.000000,5.000000,96.000000,96.000000,95.000000,95.000000,95.000000,5.0,111.0310,101.3004,371.7123,381.4429,PENDING_AG03,FALSE,NOT_FOR_ENFORCEMENT,463.4336,42372.6625,482.7433,463.4336,19.3097,0.00982855,0.00943540,19.3097,463.4336,0.00943540,19.3097,19.3097,24.1372,24.1372,24.1372,463.4336,0.00943540,111.0310,101.3004,371.7123,381.4429,0.00756798,0.00776609,0.00039314,26.1815,23.5278,0.2573,40.2286,1.0517,4093.0372,156.3333,25.8255,26.2200,25.9457,26.176,26.176,26.3317,26.3317,26.3317,26.176,0.0,1.005951,1.005951,1.000211,29,110,12,1,0.09622170,0.00982855,0.04864130,0E-8,0.000000,0.898644,0.000000,-0.04294500,2026-03-27,2026-08-03,12,459,262,130,0.092308,0.984956,0.986404,0.320739,,,,,,,,GLOBAL_BASELINE_NO_ENTITY_RANKING,,,NOT_APPLICABLE_GLOBAL_BASELINE,HF9g-P5,,,,X 全窗基线 · 不参与实体赏罚,8394470,840,A168_HF9F_20260827_0900,2026-08-27 09:00:00
2026-05-04,147441826,1302,0,25.9457215505,-25.9457215505,-25.9457215505,0E-7,1,1,0.50665070000000000,0.506650700000,-1.013391052207602,-1.013391052207602,-1.013391052207602,0E-17,ELIGIBLE,R03b_20260811_FULL_v1,L1_ELIGIBILITY,v2026-08-11,2026-03-21..2026-08-06,baccarat_bet02_101_all_pairs_incl_sentinel,round_win = game_pnl > 0 (decisive only),COMPATIBILITY_ONLY_NOT_PRODUCTION,49116.4465,44138.1901,482.7433,1876,1876,-0.00982855,-0.04864130,-0.00569631,-0.00982855,-482.7433,49116.4465,OK,0.0000,19.3097,4.0000,96.0000,AG03-UNRESOLVED,ALL5_LEVELS_bet23_to_bet27,19.3097,19.3097,24.1372,24.1372,24.1372,4.000000,4.000000,5.000000,5.000000,5.000000,96.000000,96.000000,95.000000,95.000000,95.000000,5.0,111.0310,101.3004,371.7123,381.4429,PENDING_AG03,FALSE,NOT_FOR_ENFORCEMENT,463.4336,42372.6625,482.7433,463.4336,19.3097,0.00982855,0.00943540,19.3097,463.4336,0.00943540,19.3097,19.3097,24.1372,24.1372,24.1372,463.4336,0.00943540,111.0310,101.3004,371.7123,381.4429,0.00756798,0.00776609,0.00039314,26.1815,23.5278,0.2573,40.2286,1.0517,4093.0372,156.3333,25.8255,26.2200,25.9457,26.176,26.176,26.3317,26.3317,26.3317,26.176,0.0,1.005951,1.005951,1.000211,29,110,12,1,0.09622170,0.00982855,0.04864130,0E-8,0.000000,0.898644,0.000000,-0.04294500,2026-03-27,2026-08-03,12,459,262,130,0.092308,0.984956,0.986404,0.320739,,,,,,,,GLOBAL_BASELINE_NO_ENTITY_RANKING,,,NOT_APPLICABLE_GLOBAL_BASELINE,HF9g-P5,,,,X 全窗基线 · 不参与实体赏罚,8394471,840,A168_HF9F_20260827_0900,2026-08-27 09:00:00
2026-05-04,147441826,1330,0,285.4029370555,19.4592911630,19.4592911630,0.5555556,11,11,0.50665070000000000,0.506650700000,0.2934550945819589,0.2934550945819589,0.2934550945819589,0E-17,ELIGIBLE,R03b_20260811_FULL_v1,L1_ELIGIBILITY,v2026-08-11,2026-03-21..2026-08-06,baccarat_bet02_101_all_pairs_incl_sentinel,round_win = game_pnl > 0 (decisive only),COMPATIBILITY_ONLY_NOT_PRODUCTION,49116.4465,44138.1901,482.7433,1876,1876,-0.00982855,-0.04864130,-0.00569631,-0.00982855,-482.7433,49116.4465,OK,0.0000,19.3097,4.0000,96.0000,AG03-UNRESOLVED,ALL5_LEVELS_bet23_to_bet27,19.3097,19.3097,24.1372,24.1372,24.1372,4.000000,4.000000,5.000000,5.000000,5.000000,96.000000,96.000000,95.000000,95.000000,95.000000,5.0,111.0310,101.3004,371.7123,381.4429,PENDING_AG03,FALSE,NOT_FOR_ENFORCEMENT,463.4336,42372.6625,482.7433,463.4336,19.3097,0.00982855,0.00943540,19.3097,463.4336,0.00943540,19.3097,19.3097,24.1372,24.1372,24.1372,463.4336,0.00943540,111.0310,101.3004,371.7123,381.4429,0.00756798,0.00776609,0.00039314,26.1815,23.5278,0.2573,40.2286,1.0517,4093.0372,156.3333,25.8255,26.2200,25.9457,26.176,26.176,26.3317,26.3317,26.3317,26.176,0.0,1.005951,1.005951,1.000211,29,110,12,1,0.09622170,0.00982855,0.04864130,0E-8,0.000000,0.898644,0.000000,-0.04294500,2026-03-27,2026-08-03,12,459,262,130,0.092308,0.984956,0.986404,0.320739,,,,,,,,GLOBAL_BASELINE_NO_ENTITY_RANKING,,,NOT_APPLICABLE_GLOBAL_BASELINE,HF9g-P5,,,,X 全窗基线 · 不参与实体赏罚,8394472,840,A168_HF9F_20260827_0900,2026-08-27 09:00:00
2026-05-04,147441826,1401,0,103.7828862020,23.3511493955,23.3511493955,0.6666667,4,4,0.50665070000000000,0.506650700000,0.5543606114942035,0.5543606114942035,0.5543606114942035,0E-17,ELIGIBLE,R03b_20260811_FULL_v1,L1_ELIGIBILITY,v2026-08-11,2026-03-21..2026-08-06,baccarat_bet02_101_all_pairs_incl_sentinel,round_win = game_pnl > 0 (decisive only),COMPATIBILITY_ONLY_NOT_PRODUCTION,49116.4465,44138.1901,482.7433,1876,1876,-0.00982855,-0.04864130,-0.00569631,-0.00982855,-482.7433,49116.4465,OK,0.0000,19.3097,4.0000,96.0000,AG03-UNRESOLVED,ALL5_LEVELS_bet23_to_bet27,19.3097,19.3097,24.1372,24.1372,24.1372,4.000000,4.000000,5.000000,5.000000,5.000000,96.000000,96.000000,95.000000,95.000000,95.000000,5.0,111.0310,101.3004,371.7123,381.4429,PENDING_AG03,FALSE,NOT_FOR_ENFORCEMENT,463.4336,42372.6625,482.7433,463.4336,19.3097,0.00982855,0.00943540,19.3097,463.4336,0.00943540,19.3097,19.3097,24.1372,24.1372,24.1372,463.4336,0.00943540,111.0310,101.3004,371.7123,381.4429,0.00756798,0.00776609,0.00039314,26.1815,23.5278,0.2573,40.2286,1.0517,4093.0372,156.3333,25.8255,26.2200,25.9457,26.176,26.176,26.3317,26.3317,26.3317,26.176,0.0,1.005951,1.005951,1.000211,29,110,12,1,0.09622170,0.00982855,0.04864130,0E-8,0.000000,0.898644,0.000000,-0.04294500,2026-03-27,2026-08-03,12,459,262,130,0.092308,0.984956,0.986404,0.320739,,,,,,,,GLOBAL_BASELINE_NO_ENTITY_RANKING,,,NOT_APPLICABLE_GLOBAL_BASELINE,HF9g-P5,,,,X 全窗基线 · 不参与实体赏罚,8394473,840,A168_HF9F_20260827_0900,2026-08-27 09:00:00
2026-05-04,147441826,1505,0,25.9457215505,-25.9457215505,-25.9457215505,0E-7,1,1,0.50665070000000000,0.506650700000,-1.013391052207602,-1.013391052207602,-1.013391052207602,0E-17,ELIGIBLE,R03b_20260811_FULL_v1,L1_ELIGIBILITY,v2026-08-11,2026-03-21..2026-08-06,baccarat_bet02_101_all_pairs_incl_sentinel,round_win = game_pnl > 0 (decisive only),COMPATIBILITY_ONLY_NOT_PRODUCTION,49116.4465,44138.1901,482.7433,1876,1876,-0.00982855,-0.04864130,-0.00569631,-0.00982855,-482.7433,49116.4465,OK,0.0000,19.3097,4.0000,96.0000,AG03-UNRESOLVED,ALL5_LEVELS_bet23_to_bet27,19.3097,19.3097,24.1372,24.1372,24.1372,4.000000,4.000000,5.000000,5.000000,5.000000,96.000000,96.000000,95.000000,95.000000,95.000000,5.0,111.0310,101.3004,371.7123,381.4429,PENDING_AG03,FALSE,NOT_FOR_ENFORCEMENT,463.4336,42372.6625,482.7433,463.4336,19.3097,0.00982855,0.00943540,19.3097,463.4336,0.00943540,19.3097,19.3097,24.1372,24.1372,24.1372,463.4336,0.00943540,111.0310,101.3004,371.7123,381.4429,0.00756798,0.00776609,0.00039314,26.1815,23.5278,0.2573,40.2286,1.0517,4093.0372,156.3333,25.8255,26.2200,25.9457,26.176,26.176,26.3317,26.3317,26.3317,26.176,0.0,1.005951,1.005951,1.000211,29,110,12,1,0.09622170,0.00982855,0.04864130,0E-8,0.000000,0.898644,0.000000,-0.04294500,2026-03-27,2026-08-03,12,459,262,130,0.092308,0.984956,0.986404,0.320739,,,,,,,,GLOBAL_BASELINE_NO_ENTITY_RANKING,,,NOT_APPLICABLE_GLOBAL_BASELINE,HF9g-P5,,,,X 全窗基线 · 不参与实体赏罚,8394474,840,A168_HF9F_20260827_0900,2026-08-27 09:00:00
2026-05-04,147441826,1963,0,103.7828862020,-53.1887291785,-53.1887291785,0.2500000,4,4,0.50665070000000000,0.506650700000,-1.0266936290537745,-1.0266936290537745,-1.0266936290537745,0E-17,ELIGIBLE,R03b_20260811_FULL_v1,L1_ELIGIBILITY,v2026-08-11,2026-03-21..2026-08-06,baccarat_bet02_101_all_pairs_incl_sentinel,round_win = game_pnl > 0 (decisive only),COMPATIBILITY_ONLY_NOT_PRODUCTION,49116.4465,44138.1901,482.7433,1876,1876,-0.00982855,-0.04864130,-0.00569631,-0.00982855,-482.7433,49116.4465,OK,0.0000,19.3097,4.0000,96.0000,AG03-UNRESOLVED,ALL5_LEVELS_bet23_to_bet27,19.3097,19.3097,24.1372,24.1372,24.1372,4.000000,4.000000,5.000000,5.000000,5.000000,96.000000,96.000000,95.000000,95.000000,95.000000,5.0,111.0310,101.3004,371.7123,381.4429,PENDING_AG03,FALSE,NOT_FOR_ENFORCEMENT,463.4336,42372.6625,482.7433,463.4336,19.3097,0.00982855,0.00943540,19.3097,463.4336,0.00943540,19.3097,19.3097,24.1372,24.1372,24.1372,463.4336,0.00943540,111.0310,101.3004,371.7123,381.4429,0.00756798,0.00776609,0.00039314,26.1815,23.5278,0.2573,40.2286,1.0517,4093.0372,156.3333,25.8255,26.2200,25.9457,26.176,26.176,26.3317,26.3317,26.3317,26.176,0.0,1.005951,1.005951,1.000211,29,110,12,1,0.09622170,0.00982855,0.04864130,0E-8,0.000000,0.898644,0.000000,-0.04294500,2026-03-27,2026-08-03,12,459,262,130,0.092308,0.984956,0.986404,0.320739,,,,,,,,GLOBAL_BASELINE_NO_ENTITY_RANKING,,,NOT_APPLICABLE_GLOBAL_BASELINE,HF9g-P5,,,,X 全窗基线 · 不参与实体赏罚,8394475,840,A168_HF9F_20260827_0900,2026-08-27 09:00:00
2026-05-04,147441826,2145,0,25.9457215505,-25.9457215505,-25.9457215505,0E-7,1,1,0.50665070000000000,0.506650700000,-1.013391052207602,-1.013391052207602,-1.013391052207602,0E-17,ELIGIBLE,R03b_20260811_FULL_v1,L1_ELIGIBILITY,v2026-08-11,2026-03-21..2026-08-06,baccarat_bet02_101_all_pairs_incl_sentinel,round_win = game_pnl > 0 (decisive only),COMPATIBILITY_ONLY_NOT_PRODUCTION,49116.4465,44138.1901,482.7433,1876,1876,-0.00982855,-0.04864130,-0.00569631,-0.00982855,-482.7433,49116.4465,OK,0.0000,19.3097,4.0000,96.0000,AG03-UNRESOLVED,ALL5_LEVELS_bet23_to_bet27,19.3097,19.3097,24.1372,24.1372,24.1372,4.000000,4.000000,5.000000,5.000000,5.000000,96.000000,96.000000,95.000000,95.000000,95.000000,5.0,111.0310,101.3004,371.7123,381.4429,PENDING_AG03,FALSE,NOT_FOR_ENFORCEMENT,463.4336,42372.6625,482.7433,463.4336,19.3097,0.00982855,0.00943540,19.3097,463.4336,0.00943540,19.3097,19.3097,24.1372,24.1372,24.1372,463.4336,0.00943540,111.0310,101.3004,371.7123,381.4429,0.00756798,0.00776609,0.00039314,26.1815,23.5278,0.2573,40.2286,1.0517,4093.0372,156.3333,25.8255,26.2200,25.9457,26.176,26.176,26.3317,26.3317,26.3317,26.176,0.0,1.005951,1.005951,1.000211,29,110,12,1,0.09622170,0.00982855,0.04864130,0E-8,0.000000,0.898644,0.000000,-0.04294500,2026-03-27,2026-08-03,12,459,262,130,0.092308,0.984956,0.986404,0.320739,,,,,,,,GLOBAL_BASELINE_NO_ENTITY_RANKING,,,NOT_APPLICABLE_GLOBAL_BASELINE,HF9g-P5,,,,X 全窗基线 · 不参与实体赏罚,8394476,840,A168_HF9F_20260827_0900,2026-08-27 09:00:00
2026-05-04,147441826,2152,0,77.8371646515,23.3511493955,23.3511493955,0.6666667,3,3,0.50665070000000000,0.506650700000,0.5543606114942035,0.5543606114942035,0.5543606114942035,0E-17,ELIGIBLE,R03b_20260811_FULL_v1,L1_ELIGIBILITY,v2026-08-11,2026-03-21..2026-08-06,baccarat_bet02_101_all_pairs_incl_sentinel,round_win = game_pnl > 0 (decisive only),COMPATIBILITY_ONLY_NOT_PRODUCTION,49116.4465,44138.1901,482.7433,1876,1876,-0.00982855,-0.04864130,-0.00569631,-0.00982855,-482.7433,49116.4465,OK,0.0000,19.3097,4.0000,96.0000,AG03-UNRESOLVED,ALL5_LEVELS_bet23_to_bet27,19.3097,19.3097,24.1372,24.1372,24.1372,4.000000,4.000000,5.000000,5.000000,5.000000,96.000000,96.000000,95.000000,95.000000,95.000000,5.0,111.0310,101.3004,371.7123,381.4429,PENDING_AG03,FALSE,NOT_FOR_ENFORCEMENT,463.4336,42372.6625,482.7433,463.4336,19.3097,0.00982855,0.00943540,19.3097,463.4336,0.00943540,19.3097,19.3097,24.1372,24.1372,24.1372,463.4336,0.00943540,111.0310,101.3004,371.7123,381.4429,0.00756798,0.00776609,0.00039314,26.1815,23.5278,0.2573,40.2286,1.0517,4093.0372,156.3333,25.8255,26.2200,25.9457,26.176,26.176,26.3317,26.3317,26.3317,26.176,0.0,1.005951,1.005951,1.000211,29,110,12,1,0.09622170,0.00982855,0.04864130,0E-8,0.000000,0.898644,0.000000,-0.04294500,2026-03-27,2026-08-03,12,459,262,130,0.092308,0.984956,0.986404,0.320739,,,,,,,,GLOBAL_BASELINE_NO_ENTITY_RANKING,,,NOT_APPLICABLE_GLOBAL_BASELINE,HF9g-P5,,,,X 全窗基线 · 不参与实体赏罚,8394477,840,A168_HF9F_20260827_0900,2026-08-27 09:00:00
2026-05-04,147441826,2156,0,155.6743293030,-3.8918582325,-3.8918582325,0.5000000,6,6,0.50665070000000000,0.506650700000,-0.032584525537284574,-0.032584525537284574,-0.032584525537284574,0E-17,ELIGIBLE,R03b_20260811_FULL_v1,L1_ELIGIBILITY,v2026-08-11,2026-03-21..2026-08-06,baccarat_bet02_101_all_pairs_incl_sentinel,round_win = game_pnl > 0 (decisive only),COMPATIBILITY_ONLY_NOT_PRODUCTION,49116.4465,44138.1901,482.7433,1876,1876,-0.00982855,-0.04864130,-0.00569631,-0.00982855,-482.7433,49116.4465,OK,0.0000,19.3097,4.0000,96.0000,AG03-UNRESOLVED,ALL5_LEVELS_bet23_to_bet27,19.3097,19.3097,24.1372,24.1372,24.1372,4.000000,4.000000,5.000000,5.000000,5.000000,96.000000,96.000000,95.000000,95.000000,95.000000,5.0,111.0310,101.3004,371.7123,381.4429,PENDING_AG03,FALSE,NOT_FOR_ENFORCEMENT,463.4336,42372.6625,482.7433,463.4336,19.3097,0.00982855,0.00943540,19.3097,463.4336,0.00943540,19.3097,19.3097,24.1372,24.1372,24.1372,463.4336,0.00943540,111.0310,101.3004,371.7123,381.4429,0.00756798,0.00776609,0.00039314,26.1815,23.5278,0.2573,40.2286,1.0517,4093.0372,156.3333,25.8255,26.2200,25.9457,26.176,26.176,26.3317,26.3317,26.3317,26.176,0.0,1.005951,1.005951,1.000211,29,110,12,1,0.09622170,0.00982855,0.04864130,0E-8,0.000000,0.898644,0.000000,-0.04294500,2026-03-27,2026-08-03,12,459,262,130,0.092308,0.984956,0.986404,0.320739,,,,,,,,GLOBAL_BASELINE_NO_ENTITY_RANKING,,,NOT_APPLICABLE_GLOBAL_BASELINE,HF9g-P5,,,,X 全窗基线 · 不参与实体赏罚,8394478,840,A168_HF9F_20260827_0900,2026-08-27 09:00:00
2026-05-04,147441826,2170,0,155.6743293030,22.0538633180,22.0538633180,0.6000000,6,6,0.50665070000000000,0.506650700000,0.4175076967804994,0.4175076967804994,0.4175076967804994,0E-17,ELIGIBLE,R03b_20260811_FULL_v1,L1_ELIGIBILITY,v2026-08-11,2026-03-21..2026-08-06,baccarat_bet02_101_all_pairs_incl_sentinel,round_win = game_pnl > 0 (decisive only),COMPATIBILITY_ONLY_NOT_PRODUCTION,49116.4465,44138.1901,482.7433,1876,1876,-0.00982855,-0.04864130,-0.00569631,-0.00982855,-482.7433,49116.4465,OK,0.0000,19.3097,4.0000,96.0000,AG03-UNRESOLVED,ALL5_LEVELS_bet23_to_bet27,19.3097,19.3097,24.1372,24.1372,24.1372,4.000000,4.000000,5.000000,5.000000,5.000000,96.000000,96.000000,95.000000,95.000000,95.000000,5.0,111.0310,101.3004,371.7123,381.4429,PENDING_AG03,FALSE,NOT_FOR_ENFORCEMENT,463.4336,42372.6625,482.7433,463.4336,19.3097,0.00982855,0.00943540,19.3097,463.4336,0.00943540,19.3097,19.3097,24.1372,24.1372,24.1372,463.4336,0.00943540,111.0310,101.3004,371.7123,381.4429,0.00756798,0.00776609,0.00039314,26.1815,23.5278,0.2573,40.2286,1.0517,4093.0372,156.3333,25.8255,26.2200,25.9457,26.176,26.176,26.3317,26.3317,26.3317,26.176,0.0,1.005951,1.005951,1.000211,29,110,12,1,0.09622170,0.00982855,0.04864130,0E-8,0.000000,0.898644,0.000000,-0.04294500,2026-03-27,2026-08-03,12,459,262,130,0.092308,0.984956,0.986404,0.320739,,,,,,,,GLOBAL_BASELINE_NO_ENTITY_RANKING,,,NOT_APPLICABLE_GLOBAL_BASELINE,HF9g-P5,,,,X 全窗基线 · 不参与实体赏罚,8394479,840,A168_HF9F_20260827_0900,2026-08-27 09:00:00
2026-05-04,147441826,2201,0,155.6743293030,-105.0801722795,-105.0801722795,0.1666667,6,6,0.50665070000000000,0.506650700000,-1.6657221670529434,-1.6657221670529434,-1.6657221670529434,0E-17,ELIGIBLE,R03b_20260811_FULL_v1,L1_ELIGIBILITY,v2026-08-11,2026-03-21..2026-08-06,baccarat_bet02_101_all_pairs_incl_sentinel,round_win = game_pnl > 0 (decisive only),COMPATIBILITY_ONLY_NOT_PRODUCTION,49116.4465,44138.1901,482.7433,1876,1876,-0.00982855,-0.04864130,-0.00569631,-0.00982855,-482.7433,49116.4465,OK,0.0000,19.3097,4.0000,96.0000,AG03-UNRESOLVED,ALL5_LEVELS_bet23_to_bet27,19.3097,19.3097,24.1372,24.1372,24.1372,4.000000,4.000000,5.000000,5.000000,5.000000,96.000000,96.000000,95.000000,95.000000,95.000000,5.0,111.0310,101.3004,371.7123,381.4429,PENDING_AG03,FALSE,NOT_FOR_ENFORCEMENT,463.4336,42372.6625,482.7433,463.4336,19.3097,0.00982855,0.00943540,19.3097,463.4336,0.00943540,19.3097,19.3097,24.1372,24.1372,24.1372,463.4336,0.00943540,111.0310,101.3004,371.7123,381.4429,0.00756798,0.00776609,0.00039314,26.1815,23.5278,0.2573,40.2286,1.0517,4093.0372,156.3333,25.8255,26.2200,25.9457,26.176,26.176,26.3317,26.3317,26.3317,26.176,0.0,1.005951,1.005951,1.000211,29,110,12,1,0.09622170,0.00982855,0.04864130,0E-8,0.000000,0.898644,0.000000,-0.04294500,2026-03-27,2026-08-03,12,459,262,130,0.092308,0.984956,0.986404,0.320739,,,,,,,,GLOBAL_BASELINE_NO_ENTITY_RANKING,,,NOT_APPLICABLE_GLOBAL_BASELINE,HF9g-P5,,,,X 全窗基线 · 不参与实体赏罚,8394480,840,A168_HF9F_20260827_0900,2026-08-27 09:00:00
2026-05-04,147441826,2212,0,103.7828862020,24.6484354730,24.6484354730,1.0000000,4,4,0.50665070000000000,0.506650700000,0.9867858985152569,0.9867858985152569,0.9867858985152569,0E-17,ELIGIBLE,R03b_20260811_FULL_v1,L1_ELIGIBILITY,v2026-08-11,2026-03-21..2026-08-06,baccarat_bet02_101_all_pairs_incl_sentinel,round_win = game_pnl > 0 (decisive only),COMPATIBILITY_ONLY_NOT_PRODUCTION,49116.4465,44138.1901,482.7433,1876,1876,-0.00982855,-0.04864130,-0.00569631,-0.00982855,-482.7433,49116.4465,OK,0.0000,19.3097,4.0000,96.0000,AG03-UNRESOLVED,ALL5_LEVELS_bet23_to_bet27,19.3097,19.3097,24.1372,24.1372,24.1372,4.000000,4.000000,5.000000,5.000000,5.000000,96.000000,96.000000,95.000000,95.000000,95.000000,5.0,111.0310,101.3004,371.7123,381.4429,PENDING_AG03,FALSE,NOT_FOR_ENFORCEMENT,463.4336,42372.6625,482.7433,463.4336,19.3097,0.00982855,0.00943540,19.3097,463.4336,0.00943540,19.3097,19.3097,24.1372,24.1372,24.1372,463.4336,0.00943540,111.0310,101.3004,371.7123,381.4429,0.00756798,0.00776609,0.00039314,26.1815,23.5278,0.2573,40.2286,1.0517,4093.0372,156.3333,25.8255,26.2200,25.9457,26.176,26.176,26.3317,26.3317,26.3317,26.176,0.0,1.005951,1.005951,1.000211,29,110,12,1,0.09622170,0.00982855,0.04864130,0E-8,0.000000,0.898644,0.000000,-0.04294500,2026-03-27,2026-08-03,12,459,262,130,0.092308,0.984956,0.986404,0.320739,,,,,,,,GLOBAL_BASELINE_NO_ENTITY_RANKING,,,NOT_APPLICABLE_GLOBAL_BASELINE,HF9g-P5,,,,X 全窗基线 · 不参与实体赏罚,8394481,840,A168_HF9F_20260827_0900,2026-08-27 09:00:00
2026-05-04,147441826,2216,0,259.4572155050,-6.4864303875,-6.4864303875,0.5000000,10,10,0.50665070000000000,0.506650700000,-0.04206644158332448,-0.04206644158332448,-0.04206644158332448,0E-17,ELIGIBLE,R03b_20260811_FULL_v1,L1_ELIGIBILITY,v2026-08-11,2026-03-21..2026-08-06,baccarat_bet02_101_all_pairs_incl_sentinel,round_win = game_pnl > 0 (decisive only),COMPATIBILITY_ONLY_NOT_PRODUCTION,49116.4465,44138.1901,482.7433,1876,1876,-0.00982855,-0.04864130,-0.00569631,-0.00982855,-482.7433,49116.4465,OK,0.0000,19.3097,4.0000,96.0000,AG03-UNRESOLVED,ALL5_LEVELS_bet23_to_bet27,19.3097,19.3097,24.1372,24.1372,24.1372,4.000000,4.000000,5.000000,5.000000,5.000000,96.000000,96.000000,95.000000,95.000000,95.000000,5.0,111.0310,101.3004,371.7123,381.4429,PENDING_AG03,FALSE,NOT_FOR_ENFORCEMENT,463.4336,42372.6625,482.7433,463.4336,19.3097,0.00982855,0.00943540,19.3097,463.4336,0.00943540,19.3097,19.3097,24.1372,24.1372,24.1372,463.4336,0.00943540,111.0310,101.3004,371.7123,381.4429,0.00756798,0.00776609,0.00039314,26.1815,23.5278,0.2573,40.2286,1.0517,4093.0372,156.3333,25.8255,26.2200,25.9457,26.176,26.176,26.3317,26.3317,26.3317,26.176,0.0,1.005951,1.005951,1.000211,29,110,12,1,0.09622170,0.00982855,0.04864130,0E-8,0.000000,0.898644,0.000000,-0.04294500,2026-03-27,2026-08-03,12,459,262,130,0.092308,0.984956,0.986404,0.320739,,,,,,,,GLOBAL_BASELINE_NO_ENTITY_RANKING,,,NOT_APPLICABLE_GLOBAL_BASELINE,HF9g-P5,,,,X 全窗基线 · 不参与实体赏罚,8394482,840,A168_HF9F_20260827_0900,2026-08-27 09:00:00
2026-05-04,147441826,2224,0,129.7286077525,-28.5402937055,-28.5402937055,0.4000000,5,5,0.50665070000000000,0.506650700000,-0.4769986289884125,-0.4769986289884125,-0.4769986289884125,0E-17,ELIGIBLE,R03b_20260811_FULL_v1,L1_ELIGIBILITY,v2026-08-11,2026-03-21..2026-08-06,baccarat_bet02_101_all_pairs_incl_sentinel,round_win = game_pnl > 0 (decisive only),COMPATIBILITY_ONLY_NOT_PRODUCTION,49116.4465,44138.1901,482.7433,1876,1876,-0.00982855,-0.04864130,-0.00569631,-0.00982855,-482.7433,49116.4465,OK,0.0000,19.3097,4.0000,96.0000,AG03-UNRESOLVED,ALL5_LEVELS_bet23_to_bet27,19.3097,19.3097,24.1372,24.1372,24.1372,4.000000,4.000000,5.000000,5.000000,5.000000,96.000000,96.000000,95.000000,95.000000,95.000000,5.0,111.0310,101.3004,371.7123,381.4429,PENDING_AG03,FALSE,NOT_FOR_ENFORCEMENT,463.4336,42372.6625,482.7433,463.4336,19.3097,0.00982855,0.00943540,19.3097,463.4336,0.00943540,19.3097,19.3097,24.1372,24.1372,24.1372,463.4336,0.00943540,111.0310,101.3004,371.7123,381.4429,0.00756798,0.00776609,0.00039314,26.1815,23.5278,0.2573,40.2286,1.0517,4093.0372,156.3333,25.8255,26.2200,25.9457,26.176,26.176,26.3317,26.3317,26.3317,26.176,0.0,1.005951,1.005951,1.000211,29,110,12,1,0.09622170,0.00982855,0.04864130,0E-8,0.000000,0.898644,0.000000,-0.04294500,2026-03-27,2026-08-03,12,459,262,130,0.092308,0.984956,0.986404,0.320739,,,,,,,,GLOBAL_BASELINE_NO_ENTITY_RANKING,,,NOT_APPLICABLE_GLOBAL_BASELINE,HF9g-P5,,,,X 全窗基线 · 不参与实体赏罚,8394483,840,A168_HF9F_20260827_0900,2026-08-27 09:00:00
2026-05-04,147441826,2229,0,207.5657724040,-131.0258938300,-131.0258938300,0.1428571,8,8,0.50665070000000000,0.506650700000,-1.925184877894219,-1.925184877894219,-1.925184877894219,0E-17,ELIGIBLE,R03b_20260811_FULL_v1,L1_ELIGIBILITY,v2026-08-11,2026-03-21..2026-08-06,baccarat_bet02_101_all_pairs_incl_sentinel,round_win = game_pnl > 0 (decisive only),COMPATIBILITY_ONLY_NOT_PRODUCTION,49116.4465,44138.1901,482.7433,1876,1876,-0.00982855,-0.04864130,-0.00569631,-0.00982855,-482.7433,49116.4465,OK,0.0000,19.3097,4.0000,96.0000,AG03-UNRESOLVED,ALL5_LEVELS_bet23_to_bet27,19.3097,19.3097,24.1372,24.1372,24.1372,4.000000,4.000000,5.000000,5.000000,5.000000,96.000000,96.000000,95.000000,95.000000,95.000000,5.0,111.0310,101.3004,371.7123,381.4429,PENDING_AG03,FALSE,NOT_FOR_ENFORCEMENT,463.4336,42372.6625,482.7433,463.4336,19.3097,0.00982855,0.00943540,19.3097,463.4336,0.00943540,19.3097,19.3097,24.1372,24.1372,24.1372,463.4336,0.00943540,111.0310,101.3004,371.7123,381.4429,0.00756798,0.00776609,0.00039314,26.1815,23.5278,0.2573,40.2286,1.0517,4093.0372,156.3333,25.8255,26.2200,25.9457,26.176,26.176,26.3317,26.3317,26.3317,26.176,0.0,1.005951,1.005951,1.000211,29,110,12,1,0.09622170,0.00982855,0.04864130,0E-8,0.000000,0.898644,0.000000,-0.04294500,2026-03-27,2026-08-03,12,459,262,130,0.092308,0.984956,0.986404,0.320739,,,,,,,,GLOBAL_BASELINE_NO_ENTITY_RANKING,,,NOT_APPLICABLE_GLOBAL_BASELINE,HF9g-P5,,,,X 全窗基线 · 不参与实体赏罚,8394484,840,A168_HF9F_20260827_0900,2026-08-27 09:00:00
2026-05-04,147441826,2252,0,129.7286077525,-27.2430076280,-27.2430076280,0.3333333,5,5,0.50665070000000000,0.506650700000,-0.6004420894325239,-0.6004420894325239,-0.6004420894325239,0E-17,ELIGIBLE,R03b_20260811_FULL_v1,L1_ELIGIBILITY,v2026-08-11,2026-03-21..2026-08-06,baccarat_bet02_101_all_pairs_incl_sentinel,round_win = game_pnl > 0 (decisive only),COMPATIBILITY_ONLY_NOT_PRODUCTION,49116.4465,44138.1901,482.7433,1876,1876,-0.00982855,-0.04864130,-0.00569631,-0.00982855,-482.7433,49116.4465,OK,0.0000,19.3097,4.0000,96.0000,AG03-UNRESOLVED,ALL5_LEVELS_bet23_to_bet27,19.3097,19.3097,24.1372,24.1372,24.1372,4.000000,4.000000,5.000000,5.000000,5.000000,96.000000,96.000000,95.000000,95.000000,95.000000,5.0,111.0310,101.3004,371.7123,381.4429,PENDING_AG03,FALSE,NOT_FOR_ENFORCEMENT,463.4336,42372.6625,482.7433,463.4336,19.3097,0.00982855,0.00943540,19.3097,463.4336,0.00943540,19.3097,19.3097,24.1372,24.1372,24.1372,463.4336,0.00943540,111.0310,101.3004,371.7123,381.4429,0.00756798,0.00776609,0.00039314,26.1815,23.5278,0.2573,40.2286,1.0517,4093.0372,156.3333,25.8255,26.2200,25.9457,26.176,26.176,26.3317,26.3317,26.3317,26.176,0.0,1.005951,1.005951,1.000211,29,110,12,1,0.09622170,0.00982855,0.04864130,0E-8,0.000000,0.898644,0.000000,-0.04294500,2026-03-27,2026-08-03,12,459,262,130,0.092308,0.984956,0.986404,0.320739,,,,,,,,GLOBAL_BASELINE_NO_ENTITY_RANKING,,,NOT_APPLICABLE_GLOBAL_BASELINE,HF9g-P5,,,,X 全窗基线 · 不参与实体赏罚,8394485,840,A168_HF9F_20260827_0900,2026-08-27 09:00:00
2026-05-04,147441826,2254,0,77.8371646515,23.3511493955,23.3511493955,0.6666667,3,3,0.50665070000000000,0.506650700000,0.5543606114942035,0.5543606114942035,0.5543606114942035,0E-17,ELIGIBLE,R03b_20260811_FULL_v1,L1_ELIGIBILITY,v2026-08-11,2026-03-21..2026-08-06,baccarat_bet02_101_all_pairs_incl_sentinel,round_win = game_pnl > 0 (decisive only),COMPATIBILITY_ONLY_NOT_PRODUCTION,49116.4465,44138.1901,482.7433,1876,1876,-0.00982855,-0.04864130,-0.00569631,-0.00982855,-482.7433,49116.4465,OK,0.0000,19.3097,4.0000,96.0000,AG03-UNRESOLVED,ALL5_LEVELS_bet23_to_bet27,19.3097,19.3097,24.1372,24.1372,24.1372,4.000000,4.000000,5.000000,5.000000,5.000000,96.000000,96.000000,95.000000,95.000000,95.000000,5.0,111.0310,101.3004,371.7123,381.4429,PENDING_AG03,FALSE,NOT_FOR_ENFORCEMENT,463.4336,42372.6625,482.7433,463.4336,19.3097,0.00982855,0.00943540,19.3097,463.4336,0.00943540,19.3097,19.3097,24.1372,24.1372,24.1372,463.4336,0.00943540,111.0310,101.3004,371.7123,381.4429,0.00756798,0.00776609,0.00039314,26.1815,23.5278,0.2573,40.2286,1.0517,4093.0372,156.3333,25.8255,26.2200,25.9457,26.176,26.176,26.3317,26.3317,26.3317,26.176,0.0,1.005951,1.005951,1.000211,29,110,12,1,0.09622170,0.00982855,0.04864130,0E-8,0.000000,0.898644,0.000000,-0.04294500,2026-03-27,2026-08-03,12,459,262,130,0.092308,0.984956,0.986404,0.320739,,,,,,,,GLOBAL_BASELINE_NO_ENTITY_RANKING,,,NOT_APPLICABLE_GLOBAL_BASELINE,HF9g-P5,,,,X 全窗基线 · 不参与实体赏罚,8394486,840,A168_HF9F_20260827_0900,2026-08-27 09:00:00
2026-05-04,147441826,2258,0,285.4029370555,68.7561621090,68.7561621090,0.6363636,11,11,0.50665070000000000,0.506650700000,0.860494406565227,0.860494406565227,0.860494406565227,0E-17,ELIGIBLE,R03b_20260811_FULL_v1,L1_ELIGIBILITY,v2026-08-11,2026-03-21..2026-08-06,baccarat_bet02_101_all_pairs_incl_sentinel,round_win = game_pnl > 0 (decisive only),COMPATIBILITY_ONLY_NOT_PRODUCTION,49116.4465,44138.1901,482.7433,1876,1876,-0.00982855,-0.04864130,-0.00569631,-0.00982855,-482.7433,49116.4465,OK,0.0000,19.3097,4.0000,96.0000,AG03-UNRESOLVED,ALL5_LEVELS_bet23_to_bet27,19.3097,19.3097,24.1372,24.1372,24.1372,4.000000,4.000000,5.000000,5.000000,5.000000,96.000000,96.000000,95.000000,95.000000,95.000000,5.0,111.0310,101.3004,371.7123,381.4429,PENDING_AG03,FALSE,NOT_FOR_ENFORCEMENT,463.4336,42372.6625,482.7433,463.4336,19.3097,0.00982855,0.00943540,19.3097,463.4336,0.00943540,19.3097,19.3097,24.1372,24.1372,24.1372,463.4336,0.00943540,111.0310,101.3004,371.7123,381.4429,0.00756798,0.00776609,0.00039314,26.1815,23.5278,0.2573,40.2286,1.0517,4093.0372,156.3333,25.8255,26.2200,25.9457,26.176,26.176,26.3317,26.3317,26.3317,26.176,0.0,1.005951,1.005951,1.000211,29,110,12,1,0.09622170,0.00982855,0.04864130,0E-8,0.000000,0.898644,0.000000,-0.04294500,2026-03-27,2026-08-03,12,459,262,130,0.092308,0.984956,0.986404,0.320739,,,,,,,,GLOBAL_BASELINE_NO_ENTITY_RANKING,,,NOT_APPLICABLE_GLOBAL_BASELINE,HF9g-P5,,,,X 全窗基线 · 不参与实体赏罚,8394487,840,A168_HF9F_20260827_0900,2026-08-27 09:00:00
2026-05-04,147441826,925,0,25.9457215505,24.6484354730,24.6484354730,1.0000000,1,1,0.50665070000000000,0.506650700000,0.9867858985152569,0.9867858985152569,0.9867858985152569,0E-17,ELIGIBLE,R03b_20260811_FULL_v1,L1_ELIGIBILITY,v2026-08-11,2026-03-21..2026-08-06,baccarat_bet02_101_all_pairs_incl_sentinel,round_win = game_pnl > 0 (decisive only),COMPATIBILITY_ONLY_NOT_PRODUCTION,49116.4465,44138.1901,482.7433,1876,1876,-0.00982855,-0.04864130,-0.00569631,-0.00982855,-482.7433,49116.4465,OK,0.0000,19.3097,4.0000,96.0000,AG03-UNRESOLVED,ALL5_LEVELS_bet23_to_bet27,19.3097,19.3097,24.1372,24.1372,24.1372,4.000000,4.000000,5.000000,5.000000,5.000000,96.000000,96.000000,95.000000,95.000000,95.000000,5.0,111.0310,101.3004,371.7123,381.4429,PENDING_AG03,FALSE,NOT_FOR_ENFORCEMENT,463.4336,42372.6625,482.7433,463.4336,19.3097,0.00982855,0.00943540,19.3097,463.4336,0.00943540,19.3097,19.3097,24.1372,24.1372,24.1372,463.4336,0.00943540,111.0310,101.3004,371.7123,381.4429,0.00756798,0.00776609,0.00039314,26.1815,23.5278,0.2573,40.2286,1.0517,4093.0372,156.3333,25.8255,26.2200,25.9457,26.176,26.176,26.3317,26.3317,26.3317,26.176,0.0,1.005951,1.005951,1.000211,29,110,12,1,0.09622170,0.00982855,0.04864130,0E-8,0.000000,0.898644,0.000000,-0.04294500,2026-03-27,2026-08-03,12,459,262,130,0.092308,0.984956,0.986404,0.320739,,,,,,,,GLOBAL_BASELINE_NO_ENTITY_RANKING,,,NOT_APPLICABLE_GLOBAL_BASELINE,HF9g-P5,,,,X 全窗基线 · 不参与实体赏罚,8394488,840,A168_HF9F_20260827_0900,2026-08-27 09:00:00
2026-05-04,147441826,986,0,311.3486586060,18.1620050855,18.1620050855,0.5454545,12,12,0.50665070000000000,0.506650700000,0.25741836475932667,0.25741836475932667,0.25741836475932667,0E-17,ELIGIBLE,R03b_20260811_FULL_v1,L1_ELIGIBILITY,v2026-08-11,2026-03-21..2026-08-06,baccarat_bet02_101_all_pairs_incl_sentinel,round_win = game_pnl > 0 (decisive only),COMPATIBILITY_ONLY_NOT_PRODUCTION,49116.4465,44138.1901,482.7433,1876,1876,-0.00982855,-0.04864130,-0.00569631,-0.00982855,-482.7433,49116.4465,OK,0.0000,19.3097,4.0000,96.0000,AG03-UNRESOLVED,ALL5_LEVELS_bet23_to_bet27,19.3097,19.3097,24.1372,24.1372,24.1372,4.000000,4.000000,5.000000,5.000000,5.000000,96.000000,96.000000,95.000000,95.000000,95.000000,5.0,111.0310,101.3004,371.7123,381.4429,PENDING_AG03,FALSE,NOT_FOR_ENFORCEMENT,463.4336,42372.6625,482.7433,463.4336,19.3097,0.00982855,0.00943540,19.3097,463.4336,0.00943540,19.3097,19.3097,24.1372,24.1372,24.1372,463.4336,0.00943540,111.0310,101.3004,371.7123,381.4429,0.00756798,0.00776609,0.00039314,26.1815,23.5278,0.2573,40.2286,1.0517,4093.0372,156.3333,25.8255,26.2200,25.9457,26.176,26.176,26.3317,26.3317,26.3317,26.176,0.0,1.005951,1.005951,1.000211,29,110,12,1,0.09622170,0.00982855,0.04864130,0E-8,0.000000,0.898644,0.000000,-0.04294500,2026-03-27,2026-08-03,12,459,262,130,0.092308,0.984956,0.986404,0.320739,,,,,,,,GLOBAL_BASELINE_NO_ENTITY_RANKING,,,NOT_APPLICABLE_GLOBAL_BASELINE,HF9g-P5,,,,X 全窗基线 · 不参与实体赏罚,8394489,840,A168_HF9F_20260827_0900,2026-08-27 09:00:00
2026-05-07,147441826,-1,1,1816.2005085350,-63.5670177980,-63.5670177980,0.4915254,70,70,0.50665070000000000,0.506650700000,-0.23237946106945043,-0.23237946106945043,-0.23237946106945043,0E-17,SENTINEL_DEALER,R03b_20260811_FULL_v1,L1_ELIGIBILITY,v2026-08-11,2026-03-21..2026-08-06,baccarat_bet02_101_all_pairs_incl_sentinel,round_win = game_pnl > 0 (decisive only),COMPATIBILITY_ONLY_NOT_PRODUCTION,49116.4465,44138.1901,482.7433,1876,1876,-0.00982855,-0.04864130,-0.00569631,-0.00982855,-482.7433,49116.4465,OK,0.0000,19.3097,4.0000,96.0000,AG03-UNRESOLVED,ALL5_LEVELS_bet23_to_bet27,19.3097,19.3097,24.1372,24.1372,24.1372,4.000000,4.000000,5.000000,5.000000,5.000000,96.000000,96.000000,95.000000,95.000000,95.000000,5.0,111.0310,101.3004,371.7123,381.4429,PENDING_AG03,FALSE,NOT_FOR_ENFORCEMENT,463.4336,42372.6625,482.7433,463.4336,19.3097,0.00982855,0.00943540,19.3097,463.4336,0.00943540,19.3097,19.3097,24.1372,24.1372,24.1372,463.4336,0.00943540,111.0310,101.3004,371.7123,381.4429,0.00756798,0.00776609,0.00039314,26.1815,23.5278,0.2573,40.2286,1.0517,4093.0372,156.3333,25.8255,26.2200,25.9457,26.176,26.176,26.3317,26.3317,26.3317,26.176,0.0,1.005951,1.005951,1.000211,29,110,12,1,0.09622170,0.00982855,0.04864130,0E-8,0.000000,0.898644,0.000000,-0.04294500,2026-03-27,2026-08-03,12,459,262,130,0.092308,0.984956,0.986404,0.320739,,,,,,,,GLOBAL_BASELINE_NO_ENTITY_RANKING,,,NOT_APPLICABLE_GLOBAL_BASELINE,HF9g-P5,,,,X 全窗基线 · 不参与实体赏罚,8394490,840,A168_HF9F_20260827_0900,2026-08-27 09:00:00
2026-05-07,147441826,1330,0,233.5114939545,-5.1891443100,-5.1891443100,0.5000000,9,9,0.50665070000000000,0.506650700000,-0.037625369180734974,-0.037625369180734974,-0.037625369180734974,0E-17,ELIGIBLE,R03b_20260811_FULL_v1,L1_ELIGIBILITY,v2026-08-11,2026-03-21..2026-08-06,baccarat_bet02_101_all_pairs_incl_sentinel,round_win = game_pnl > 0 (decisive only),COMPATIBILITY_ONLY_NOT_PRODUCTION,49116.4465,44138.1901,482.7433,1876,1876,-0.00982855,-0.04864130,-0.00569631,-0.00982855,-482.7433,49116.4465,OK,0.0000,19.3097,4.0000,96.0000,AG03-UNRESOLVED,ALL5_LEVELS_bet23_to_bet27,19.3097,19.3097,24.1372,24.1372,24.1372,4.000000,4.000000,5.000000,5.000000,5.000000,96.000000,96.000000,95.000000,95.000000,95.000000,5.0,111.0310,101.3004,371.7123,381.4429,PENDING_AG03,FALSE,NOT_FOR_ENFORCEMENT,463.4336,42372.6625,482.7433,463.4336,19.3097,0.00982855,0.00943540,19.3097,463.4336,0.00943540,19.3097,19.3097,24.1372,24.1372,24.1372,463.4336,0.00943540,111.0310,101.3004,371.7123,381.4429,0.00756798,0.00776609,0.00039314,26.1815,23.5278,0.2573,40.2286,1.0517,4093.0372,156.3333,25.8255,26.2200,25.9457,26.176,26.176,26.3317,26.3317,26.3317,26.176,0.0,1.005951,1.005951,1.000211,29,110,12,1,0.09622170,0.00982855,0.04864130,0E-8,0.000000,0.898644,0.000000,-0.04294500,2026-03-27,2026-08-03,12,459,262,130,0.092308,0.984956,0.986404,0.320739,,,,,,,,GLOBAL_BASELINE_NO_ENTITY_RANKING,,,NOT_APPLICABLE_GLOBAL_BASELINE,HF9g-P5,,,,X 全窗基线 · 不参与实体赏罚,8394491,840,A168_HF9F_20260827_0900,2026-08-27 09:00:00
2026-05-07,147441826,1396,0,233.5114939545,-5.1891443100,-5.1891443100,0.5000000,9,9,0.50665070000000000,0.506650700000,-0.037625369180734974,-0.037625369180734974,-0.037625369180734974,0E-17,ELIGIBLE,R03b_20260811_FULL_v1,L1_ELIGIBILITY,v2026-08-11,2026-03-21..2026-08-06,baccarat_bet02_101_all_pairs_incl_sentinel,round_win = game_pnl > 0 (decisive only),COMPATIBILITY_ONLY_NOT_PRODUCTION,49116.4465,44138.1901,482.7433,1876,1876,-0.00982855,-0.04864130,-0.00569631,-0.00982855,-482.7433,49116.4465,OK,0.0000,19.3097,4.0000,96.0000,AG03-UNRESOLVED,ALL5_LEVELS_bet23_to_bet27,19.3097,19.3097,24.1372,24.1372,24.1372,4.000000,4.000000,5.000000,5.000000,5.000000,96.000000,96.000000,95.000000,95.000000,95.000000,5.0,111.0310,101.3004,371.7123,381.4429,PENDING_AG03,FALSE,NOT_FOR_ENFORCEMENT,463.4336,42372.6625,482.7433,463.4336,19.3097,0.00982855,0.00943540,19.3097,463.4336,0.00943540,19.3097,19.3097,24.1372,24.1372,24.1372,463.4336,0.00943540,111.0310,101.3004,371.7123,381.4429,0.00756798,0.00776609,0.00039314,26.1815,23.5278,0.2573,40.2286,1.0517,4093.0372,156.3333,25.8255,26.2200,25.9457,26.176,26.176,26.3317,26.3317,26.3317,26.176,0.0,1.005951,1.005951,1.000211,29,110,12,1,0.09622170,0.00982855,0.04864130,0E-8,0.000000,0.898644,0.000000,-0.04294500,2026-03-27,2026-08-03,12,459,262,130,0.092308,0.984956,0.986404,0.320739,,,,,,,,GLOBAL_BASELINE_NO_ENTITY_RANKING,,,NOT_APPLICABLE_GLOBAL_BASELINE,HF9g-P5,,,,X 全窗基线 · 不参与实体赏罚,8394492,840,A168_HF9F_20260827_0900,2026-08-27 09:00:00
2026-05-07,147441826,1401,0,259.4572155050,-80.4317368065,-80.4317368065,0.2857143,10,10,0.50665070000000000,0.506650700000,-1.169189050789051,-1.169189050789051,-1.169189050789051,0E-17,ELIGIBLE,R03b_20260811_FULL_v1,L1_ELIGIBILITY,v2026-08-11,2026-03-21..2026-08-06,baccarat_bet02_101_all_pairs_incl_sentinel,round_win = game_pnl > 0 (decisive only),COMPATIBILITY_ONLY_NOT_PRODUCTION,49116.4465,44138.1901,482.7433,1876,1876,-0.00982855,-0.04864130,-0.00569631,-0.00982855,-482.7433,49116.4465,OK,0.0000,19.3097,4.0000,96.0000,AG03-UNRESOLVED,ALL5_LEVELS_bet23_to_bet27,19.3097,19.3097,24.1372,24.1372,24.1372,4.000000,4.000000,5.000000,5.000000,5.000000,96.000000,96.000000,95.000000,95.000000,95.000000,5.0,111.0310,101.3004,371.7123,381.4429,PENDING_AG03,FALSE,NOT_FOR_ENFORCEMENT,463.4336,42372.6625,482.7433,463.4336,19.3097,0.00982855,0.00943540,19.3097,463.4336,0.00943540,19.3097,19.3097,24.1372,24.1372,24.1372,463.4336,0.00943540,111.0310,101.3004,371.7123,381.4429,0.00756798,0.00776609,0.00039314,26.1815,23.5278,0.2573,40.2286,1.0517,4093.0372,156.3333,25.8255,26.2200,25.9457,26.176,26.176,26.3317,26.3317,26.3317,26.176,0.0,1.005951,1.005951,1.000211,29,110,12,1,0.09622170,0.00982855,0.04864130,0E-8,0.000000,0.898644,0.000000,-0.04294500,2026-03-27,2026-08-03,12,459,262,130,0.092308,0.984956,0.986404,0.320739,,,,,,,,GLOBAL_BASELINE_NO_ENTITY_RANKING,,,NOT_APPLICABLE_GLOBAL_BASELINE,HF9g-P5,,,,X 全窗基线 · 不参与实体赏罚,8394493,840,A168_HF9F_20260827_0900,2026-08-27 09:00:00
2026-05-07,147441826,1507,0,207.5657724040,-29.8375797830,-29.8375797830,0.4285714,8,8,0.50665070000000000,0.506650700000,-0.4131932236838825,-0.4131932236838825,-0.4131932236838825,0E-17,ELIGIBLE,R03b_20260811_FULL_v1,L1_ELIGIBILITY,v2026-08-11,2026-03-21..2026-08-06,baccarat_bet02_101_all_pairs_incl_sentinel,round_win = game_pnl > 0 (decisive only),COMPATIBILITY_ONLY_NOT_PRODUCTION,49116.4465,44138.1901,482.7433,1876,1876,-0.00982855,-0.04864130,-0.00569631,-0.00982855,-482.7433,49116.4465,OK,0.0000,19.3097,4.0000,96.0000,AG03-UNRESOLVED,ALL5_LEVELS_bet23_to_bet27,19.3097,19.3097,24.1372,24.1372,24.1372,4.000000,4.000000,5.000000,5.000000,5.000000,96.000000,96.000000,95.000000,95.000000,95.000000,5.0,111.0310,101.3004,371.7123,381.4429,PENDING_AG03,FALSE,NOT_FOR_ENFORCEMENT,463.4336,42372.6625,482.7433,463.4336,19.3097,0.00982855,0.00943540,19.3097,463.4336,0.00943540,19.3097,19.3097,24.1372,24.1372,24.1372,463.4336,0.00943540,111.0310,101.3004,371.7123,381.4429,0.00756798,0.00776609,0.00039314,26.1815,23.5278,0.2573,40.2286,1.0517,4093.0372,156.3333,25.8255,26.2200,25.9457,26.176,26.176,26.3317,26.3317,26.3317,26.176,0.0,1.005951,1.005951,1.000211,29,110,12,1,0.09622170,0.00982855,0.04864130,0E-8,0.000000,0.898644,0.000000,-0.04294500,2026-03-27,2026-08-03,12,459,262,130,0.092308,0.984956,0.986404,0.320739,,,,,,,,GLOBAL_BASELINE_NO_ENTITY_RANKING,,,NOT_APPLICABLE_GLOBAL_BASELINE,HF9g-P5,,,,X 全窗基线 · 不参与实体赏罚,8394494,840,A168_HF9F_20260827_0900,2026-08-27 09:00:00
2026-05-07,147441826,1963,0,207.5657724040,-5.1891443100,-5.1891443100,0.5000000,8,8,0.50665070000000000,0.506650700000,-0.037625369180734974,-0.037625369180734974,-0.037625369180734974,0E-17,ELIGIBLE,R03b_20260811_FULL_v1,L1_ELIGIBILITY,v2026-08-11,2026-03-21..2026-08-06,baccarat_bet02_101_all_pairs_incl_sentinel,round_win = game_pnl > 0 (decisive only),COMPATIBILITY_ONLY_NOT_PRODUCTION,49116.4465,44138.1901,482.7433,1876,1876,-0.00982855,-0.04864130,-0.00569631,-0.00982855,-482.7433,49116.4465,OK,0.0000,19.3097,4.0000,96.0000,AG03-UNRESOLVED,ALL5_LEVELS_bet23_to_bet27,19.3097,19.3097,24.1372,24.1372,24.1372,4.000000,4.000000,5.000000,5.000000,5.000000,96.000000,96.000000,95.000000,95.000000,95.000000,5.0,111.0310,101.3004,371.7123,381.4429,PENDING_AG03,FALSE,NOT_FOR_ENFORCEMENT,463.4336,42372.6625,482.7433,463.4336,19.3097,0.00982855,0.00943540,19.3097,463.4336,0.00943540,19.3097,19.3097,24.1372,24.1372,24.1372,463.4336,0.00943540,111.0310,101.3004,371.7123,381.4429,0.00756798,0.00776609,0.00039314,26.1815,23.5278,0.2573,40.2286,1.0517,4093.0372,156.3333,25.8255,26.2200,25.9457,26.176,26.176,26.3317,26.3317,26.3317,26.176,0.0,1.005951,1.005951,1.000211,29,110,12,1,0.09622170,0.00982855,0.04864130,0E-8,0.000000,0.898644,0.000000,-0.04294500,2026-03-27,2026-08-03,12,459,262,130,0.092308,0.984956,0.986404,0.320739,,,,,,,,GLOBAL_BASELINE_NO_ENTITY_RANKING,,,NOT_APPLICABLE_GLOBAL_BASELINE,HF9g-P5,,,,X 全窗基线 · 不参与实体赏罚,8394495,840,A168_HF9F_20260827_0900,2026-08-27 09:00:00
2026-05-07,147441826,1996,0,103.7828862020,47.9995848685,47.9995848685,0.7500000,4,4,0.50665070000000000,0.506650700000,0.9734833216690844,0.9734833216690844,0.9734833216690844,0E-17,ELIGIBLE,R03b_20260811_FULL_v1,L1_ELIGIBILITY,v2026-08-11,2026-03-21..2026-08-06,baccarat_bet02_101_all_pairs_incl_sentinel,round_win = game_pnl > 0 (decisive only),COMPATIBILITY_ONLY_NOT_PRODUCTION,49116.4465,44138.1901,482.7433,1876,1876,-0.00982855,-0.04864130,-0.00569631,-0.00982855,-482.7433,49116.4465,OK,0.0000,19.3097,4.0000,96.0000,AG03-UNRESOLVED,ALL5_LEVELS_bet23_to_bet27,19.3097,19.3097,24.1372,24.1372,24.1372,4.000000,4.000000,5.000000,5.000000,5.000000,96.000000,96.000000,95.000000,95.000000,95.000000,5.0,111.0310,101.3004,371.7123,381.4429,PENDING_AG03,FALSE,NOT_FOR_ENFORCEMENT,463.4336,42372.6625,482.7433,463.4336,19.3097,0.00982855,0.00943540,19.3097,463.4336,0.00943540,19.3097,19.3097,24.1372,24.1372,24.1372,463.4336,0.00943540,111.0310,101.3004,371.7123,381.4429,0.00756798,0.00776609,0.00039314,26.1815,23.5278,0.2573,40.2286,1.0517,4093.0372,156.3333,25.8255,26.2200,25.9457,26.176,26.176,26.3317,26.3317,26.3317,26.176,0.0,1.005951,1.005951,1.000211,29,110,12,1,0.09622170,0.00982855,0.04864130,0E-8,0.000000,0.898644,0.000000,-0.04294500,2026-03-27,2026-08-03,12,459,262,130,0.092308,0.984956,0.986404,0.320739,,,,,,,,GLOBAL_BASELINE_NO_ENTITY_RANKING,,,NOT_APPLICABLE_GLOBAL_BASELINE,HF9g-P5,,,,X 全窗基线 · 不参与实体赏罚,8394496,840,A168_HF9F_20260827_0900,2026-08-27 09:00:00
2026-05-07,147441826,2064,0,25.9457215505,-25.9457215505,-25.9457215505,0E-7,1,1,0.50665070000000000,0.506650700000,-1.013391052207602,-1.013391052207602,-1.013391052207602,0E-17,ELIGIBLE,R03b_20260811_FULL_v1,L1_ELIGIBILITY,v2026-08-11,2026-03-21..2026-08-06,baccarat_bet02_101_all_pairs_incl_sentinel,round_win = game_pnl > 0 (decisive only),COMPATIBILITY_ONLY_NOT_PRODUCTION,49116.4465,44138.1901,482.7433,1876,1876,-0.00982855,-0.04864130,-0.00569631,-0.00982855,-482.7433,49116.4465,OK,0.0000,19.3097,4.0000,96.0000,AG03-UNRESOLVED,ALL5_LEVELS_bet23_to_bet27,19.3097,19.3097,24.1372,24.1372,24.1372,4.000000,4.000000,5.000000,5.000000,5.000000,96.000000,96.000000,95.000000,95.000000,95.000000,5.0,111.0310,101.3004,371.7123,381.4429,PENDING_AG03,FALSE,NOT_FOR_ENFORCEMENT,463.4336,42372.6625,482.7433,463.4336,19.3097,0.00982855,0.00943540,19.3097,463.4336,0.00943540,19.3097,19.3097,24.1372,24.1372,24.1372,463.4336,0.00943540,111.0310,101.3004,371.7123,381.4429,0.00756798,0.00776609,0.00039314,26.1815,23.5278,0.2573,40.2286,1.0517,4093.0372,156.3333,25.8255,26.2200,25.9457,26.176,26.176,26.3317,26.3317,26.3317,26.176,0.0,1.005951,1.005951,1.000211,29,110,12,1,0.09622170,0.00982855,0.04864130,0E-8,0.000000,0.898644,0.000000,-0.04294500,2026-03-27,2026-08-03,12,459,262,130,0.092308,0.984956,0.986404,0.320739,,,,,,,,GLOBAL_BASELINE_NO_ENTITY_RANKING,,,NOT_APPLICABLE_GLOBAL_BASELINE,HF9g-P5,,,,X 全窗基线 · 不参与实体赏罚,8394497,840,A168_HF9F_20260827_0900,2026-08-27 09:00:00
2026-05-07,147441826,2152,0,77.8371646515,-27.2430076280,-27.2430076280,0.3333333,3,3,0.50665070000000000,0.506650700000,-0.6004420894325239,-0.6004420894325239,-0.6004420894325239,0E-17,ELIGIBLE,R03b_20260811_FULL_v1,L1_ELIGIBILITY,v2026-08-11,2026-03-21..2026-08-06,baccarat_bet02_101_all_pairs_incl_sentinel,round_win = game_pnl > 0 (decisive only),COMPATIBILITY_ONLY_NOT_PRODUCTION,49116.4465,44138.1901,482.7433,1876,1876,-0.00982855,-0.04864130,-0.00569631,-0.00982855,-482.7433,49116.4465,OK,0.0000,19.3097,4.0000,96.0000,AG03-UNRESOLVED,ALL5_LEVELS_bet23_to_bet27,19.3097,19.3097,24.1372,24.1372,24.1372,4.000000,4.000000,5.000000,5.000000,5.000000,96.000000,96.000000,95.000000,95.000000,95.000000,5.0,111.0310,101.3004,371.7123,381.4429,PENDING_AG03,FALSE,NOT_FOR_ENFORCEMENT,463.4336,42372.6625,482.7433,463.4336,19.3097,0.00982855,0.00943540,19.3097,463.4336,0.00943540,19.3097,19.3097,24.1372,24.1372,24.1372,463.4336,0.00943540,111.0310,101.3004,371.7123,381.4429,0.00756798,0.00776609,0.00039314,26.1815,23.5278,0.2573,40.2286,1.0517,4093.0372,156.3333,25.8255,26.2200,25.9457,26.176,26.176,26.3317,26.3317,26.3317,26.176,0.0,1.005951,1.005951,1.000211,29,110,12,1,0.09622170,0.00982855,0.04864130,0E-8,0.000000,0.898644,0.000000,-0.04294500,2026-03-27,2026-08-03,12,459,262,130,0.092308,0.984956,0.986404,0.320739,,,,,,,,GLOBAL_BASELINE_NO_ENTITY_RANKING,,,NOT_APPLICABLE_GLOBAL_BASELINE,HF9g-P5,,,,X 全窗基线 · 不参与实体赏罚,8394498,840,A168_HF9F_20260827_0900,2026-08-27 09:00:00
2026-05-07,147441826,2196,0,103.7828862020,-27.2430076280,-27.2430076280,0.3333333,4,4,0.50665070000000000,0.506650700000,-0.6004420894325239,-0.6004420894325239,-0.6004420894325239,0E-17,ELIGIBLE,R03b_20260811_FULL_v1,L1_ELIGIBILITY,v2026-08-11,2026-03-21..2026-08-06,baccarat_bet02_101_all_pairs_incl_sentinel,round_win = game_pnl > 0 (decisive only),COMPATIBILITY_ONLY_NOT_PRODUCTION,49116.4465,44138.1901,482.7433,1876,1876,-0.00982855,-0.04864130,-0.00569631,-0.00982855,-482.7433,49116.4465,OK,0.0000,19.3097,4.0000,96.0000,AG03-UNRESOLVED,ALL5_LEVELS_bet23_to_bet27,19.3097,19.3097,24.1372,24.1372,24.1372,4.000000,4.000000,5.000000,5.000000,5.000000,96.000000,96.000000,95.000000,95.000000,95.000000,5.0,111.0310,101.3004,371.7123,381.4429,PENDING_AG03,FALSE,NOT_FOR_ENFORCEMENT,463.4336,42372.6625,482.7433,463.4336,19.3097,0.00982855,0.00943540,19.3097,463.4336,0.00943540,19.3097,19.3097,24.1372,24.1372,24.1372,463.4336,0.00943540,111.0310,101.3004,371.7123,381.4429,0.00756798,0.00776609,0.00039314,26.1815,23.5278,0.2573,40.2286,1.0517,4093.0372,156.3333,25.8255,26.2200,25.9457,26.176,26.176,26.3317,26.3317,26.3317,26.176,0.0,1.005951,1.005951,1.000211,29,110,12,1,0.09622170,0.00982855,0.04864130,0E-8,0.000000,0.898644,0.000000,-0.04294500,2026-03-27,2026-08-03,12,459,262,130,0.092308,0.984956,0.986404,0.320739,,,,,,,,GLOBAL_BASELINE_NO_ENTITY_RANKING,,,NOT_APPLICABLE_GLOBAL_BASELINE,HF9g-P5,,,,X 全窗基线 · 不参与实体赏罚,8394499,840,A168_HF9F_20260827_0900,2026-08-27 09:00:00
2026-05-07,147441826,2201,0,129.7286077525,-129.7286077525,-129.7286077525,0E-7,5,5,0.50665070000000000,0.506650700000,-2.266011280526236,-2.266011280526236,-2.266011280526236,0E-17,ELIGIBLE,R03b_20260811_FULL_v1,L1_ELIGIBILITY,v2026-08-11,2026-03-21..2026-08-06,baccarat_bet02_101_all_pairs_incl_sentinel,round_win = game_pnl > 0 (decisive only),COMPATIBILITY_ONLY_NOT_PRODUCTION,49116.4465,44138.1901,482.7433,1876,1876,-0.00982855,-0.04864130,-0.00569631,-0.00982855,-482.7433,49116.4465,OK,0.0000,19.3097,4.0000,96.0000,AG03-UNRESOLVED,ALL5_LEVELS_bet23_to_bet27,19.3097,19.3097,24.1372,24.1372,24.1372,4.000000,4.000000,5.000000,5.000000,5.000000,96.000000,96.000000,95.000000,95.000000,95.000000,5.0,111.0310,101.3004,371.7123,381.4429,PENDING_AG03,FALSE,NOT_FOR_ENFORCEMENT,463.4336,42372.6625,482.7433,463.4336,19.3097,0.00982855,0.00943540,19.3097,463.4336,0.00943540,19.3097,19.3097,24.1372,24.1372,24.1372,463.4336,0.00943540,111.0310,101.3004,371.7123,381.4429,0.00756798,0.00776609,0.00039314,26.1815,23.5278,0.2573,40.2286,1.0517,4093.0372,156.3333,25.8255,26.2200,25.9457,26.176,26.176,26.3317,26.3317,26.3317,26.176,0.0,1.005951,1.005951,1.000211,29,110,12,1,0.09622170,0.00982855,0.04864130,0E-8,0.000000,0.898644,0.000000,-0.04294500,2026-03-27,2026-08-03,12,459,262,130,0.092308,0.984956,0.986404,0.320739,,,,,,,,GLOBAL_BASELINE_NO_ENTITY_RANKING,,,NOT_APPLICABLE_GLOBAL_BASELINE,HF9g-P5,,,,X 全窗基线 · 不参与实体赏罚,8394500,840,A168_HF9F_20260827_0900,2026-08-27 09:00:00
2026-05-07,147441826,2202,0,155.6743293030,22.0538633180,22.0538633180,0.6000000,6,6,0.50665070000000000,0.506650700000,0.4175076967804994,0.4175076967804994,0.4175076967804994,0E-17,ELIGIBLE,R03b_20260811_FULL_v1,L1_ELIGIBILITY,v2026-08-11,2026-03-21..2026-08-06,baccarat_bet02_101_all_pairs_incl_sentinel,round_win = game_pnl > 0 (decisive only),COMPATIBILITY_ONLY_NOT_PRODUCTION,49116.4465,44138.1901,482.7433,1876,1876,-0.00982855,-0.04864130,-0.00569631,-0.00982855,-482.7433,49116.4465,OK,0.0000,19.3097,4.0000,96.0000,AG03-UNRESOLVED,ALL5_LEVELS_bet23_to_bet27,19.3097,19.3097,24.1372,24.1372,24.1372,4.000000,4.000000,5.000000,5.000000,5.000000,96.000000,96.000000,95.000000,95.000000,95.000000,5.0,111.0310,101.3004,371.7123,381.4429,PENDING_AG03,FALSE,NOT_FOR_ENFORCEMENT,463.4336,42372.6625,482.7433,463.4336,19.3097,0.00982855,0.00943540,19.3097,463.4336,0.00943540,19.3097,19.3097,24.1372,24.1372,24.1372,463.4336,0.00943540,111.0310,101.3004,371.7123,381.4429,0.00756798,0.00776609,0.00039314,26.1815,23.5278,0.2573,40.2286,1.0517,4093.0372,156.3333,25.8255,26.2200,25.9457,26.176,26.176,26.3317,26.3317,26.3317,26.176,0.0,1.005951,1.005951,1.000211,29,110,12,1,0.09622170,0.00982855,0.04864130,0E-8,0.000000,0.898644,0.000000,-0.04294500,2026-03-27,2026-08-03,12,459,262,130,0.092308,0.984956,0.986404,0.320739,,,,,,,,GLOBAL_BASELINE_NO_ENTITY_RANKING,,,NOT_APPLICABLE_GLOBAL_BASELINE,HF9g-P5,,,,X 全窗基线 · 不参与实体赏罚,8394501,840,A168_HF9F_20260827_0900,2026-08-27 09:00:00
2026-05-07,147441826,2209,0,129.7286077525,-2.5945721550,-2.5945721550,0.5000000,5,5,0.50665070000000000,0.506650700000,-0.02660515369234503,-0.02660515369234503,-0.02660515369234503,0E-17,ELIGIBLE,R03b_20260811_FULL_v1,L1_ELIGIBILITY,v2026-08-11,2026-03-21..2026-08-06,baccarat_bet02_101_all_pairs_incl_sentinel,round_win = game_pnl > 0 (decisive only),COMPATIBILITY_ONLY_NOT_PRODUCTION,49116.4465,44138.1901,482.7433,1876,1876,-0.00982855,-0.04864130,-0.00569631,-0.00982855,-482.7433,49116.4465,OK,0.0000,19.3097,4.0000,96.0000,AG03-UNRESOLVED,ALL5_LEVELS_bet23_to_bet27,19.3097,19.3097,24.1372,24.1372,24.1372,4.000000,4.000000,5.000000,5.000000,5.000000,96.000000,96.000000,95.000000,95.000000,95.000000,5.0,111.0310,101.3004,371.7123,381.4429,PENDING_AG03,FALSE,NOT_FOR_ENFORCEMENT,463.4336,42372.6625,482.7433,463.4336,19.3097,0.00982855,0.00943540,19.3097,463.4336,0.00943540,19.3097,19.3097,24.1372,24.1372,24.1372,463.4336,0.00943540,111.0310,101.3004,371.7123,381.4429,0.00756798,0.00776609,0.00039314,26.1815,23.5278,0.2573,40.2286,1.0517,4093.0372,156.3333,25.8255,26.2200,25.9457,26.176,26.176,26.3317,26.3317,26.3317,26.176,0.0,1.005951,1.005951,1.000211,29,110,12,1,0.09622170,0.00982855,0.04864130,0E-8,0.000000,0.898644,0.000000,-0.04294500,2026-03-27,2026-08-03,12,459,262,130,0.092308,0.984956,0.986404,0.320739,,,,,,,,GLOBAL_BASELINE_NO_ENTITY_RANKING,,,NOT_APPLICABLE_GLOBAL_BASELINE,HF9g-P5,,,,X 全窗基线 · 不参与实体赏罚,8394502,840,A168_HF9F_20260827_0900,2026-08-27 09:00:00
2026-05-07,147441826,2222,0,181.6200508535,22.0538633180,22.0538633180,0.6000000,7,7,0.50665070000000000,0.506650700000,0.4175076967804994,0.4175076967804994,0.4175076967804994,0E-17,ELIGIBLE,R03b_20260811_FULL_v1,L1_ELIGIBILITY,v2026-08-11,2026-03-21..2026-08-06,baccarat_bet02_101_all_pairs_incl_sentinel,round_win = game_pnl > 0 (decisive only),COMPATIBILITY_ONLY_NOT_PRODUCTION,49116.4465,44138.1901,482.7433,1876,1876,-0.00982855,-0.04864130,-0.00569631,-0.00982855,-482.7433,49116.4465,OK,0.0000,19.3097,4.0000,96.0000,AG03-UNRESOLVED,ALL5_LEVELS_bet23_to_bet27,19.3097,19.3097,24.1372,24.1372,24.1372,4.000000,4.000000,5.000000,5.000000,5.000000,96.000000,96.000000,95.000000,95.000000,95.000000,5.0,111.0310,101.3004,371.7123,381.4429,PENDING_AG03,FALSE,NOT_FOR_ENFORCEMENT,463.4336,42372.6625,482.7433,463.4336,19.3097,0.00982855,0.00943540,19.3097,463.4336,0.00943540,19.3097,19.3097,24.1372,24.1372,24.1372,463.4336,0.00943540,111.0310,101.3004,371.7123,381.4429,0.00756798,0.00776609,0.00039314,26.1815,23.5278,0.2573,40.2286,1.0517,4093.0372,156.3333,25.8255,26.2200,25.9457,26.176,26.176,26.3317,26.3317,26.3317,26.176,0.0,1.005951,1.005951,1.000211,29,110,12,1,0.09622170,0.00982855,0.04864130,0E-8,0.000000,0.898644,0.000000,-0.04294500,2026-03-27,2026-08-03,12,459,262,130,0.092308,0.984956,0.986404,0.320739,,,,,,,,GLOBAL_BASELINE_NO_ENTITY_RANKING,,,NOT_APPLICABLE_GLOBAL_BASELINE,HF9g-P5,,,,X 全窗基线 · 不参与实体赏罚,8394503,840,A168_HF9F_20260827_0900,2026-08-27 09:00:00
2026-05-07,147441826,2224,0,103.7828862020,-2.5945721550,-2.5945721550,0.5000000,4,4,0.50665070000000000,0.506650700000,-0.02660515369234503,-0.02660515369234503,-0.02660515369234503,0E-17,ELIGIBLE,R03b_20260811_FULL_v1,L1_ELIGIBILITY,v2026-08-11,2026-03-21..2026-08-06,baccarat_bet02_101_all_pairs_incl_sentinel,round_win = game_pnl > 0 (decisive only),COMPATIBILITY_ONLY_NOT_PRODUCTION,49116.4465,44138.1901,482.7433,1876,1876,-0.00982855,-0.04864130,-0.00569631,-0.00982855,-482.7433,49116.4465,OK,0.0000,19.3097,4.0000,96.0000,AG03-UNRESOLVED,ALL5_LEVELS_bet23_to_bet27,19.3097,19.3097,24.1372,24.1372,24.1372,4.000000,4.000000,5.000000,5.000000,5.000000,96.000000,96.000000,95.000000,95.000000,95.000000,5.0,111.0310,101.3004,371.7123,381.4429,PENDING_AG03,FALSE,NOT_FOR_ENFORCEMENT,463.4336,42372.6625,482.7433,463.4336,19.3097,0.00982855,0.00943540,19.3097,463.4336,0.00943540,19.3097,19.3097,24.1372,24.1372,24.1372,463.4336,0.00943540,111.0310,101.3004,371.7123,381.4429,0.00756798,0.00776609,0.00039314,26.1815,23.5278,0.2573,40.2286,1.0517,4093.0372,156.3333,25.8255,26.2200,25.9457,26.176,26.176,26.3317,26.3317,26.3317,26.176,0.0,1.005951,1.005951,1.000211,29,110,12,1,0.09622170,0.00982855,0.04864130,0E-8,0.000000,0.898644,0.000000,-0.04294500,2026-03-27,2026-08-03,12,459,262,130,0.092308,0.984956,0.986404,0.320739,,,,,,,,GLOBAL_BASELINE_NO_ENTITY_RANKING,,,NOT_APPLICABLE_GLOBAL_BASELINE,HF9g-P5,,,,X 全窗基线 · 不参与实体赏罚,8394504,840,A168_HF9F_20260827_0900,2026-08-27 09:00:00
2026-05-07,147441826,2234,0,311.3486586060,119.3503191325,119.3503191325,0.7272727,12,12,0.50665070000000000,0.506650700000,1.4635704483711276,1.4635704483711276,1.4635704483711276,0E-17,ELIGIBLE,R03b_20260811_FULL_v1,L1_ELIGIBILITY,v2026-08-11,2026-03-21..2026-08-06,baccarat_bet02_101_all_pairs_incl_sentinel,round_win = game_pnl > 0 (decisive only),COMPATIBILITY_ONLY_NOT_PRODUCTION,49116.4465,44138.1901,482.7433,1876,1876,-0.00982855,-0.04864130,-0.00569631,-0.00982855,-482.7433,49116.4465,OK,0.0000,19.3097,4.0000,96.0000,AG03-UNRESOLVED,ALL5_LEVELS_bet23_to_bet27,19.3097,19.3097,24.1372,24.1372,24.1372,4.000000,4.000000,5.000000,5.000000,5.000000,96.000000,96.000000,95.000000,95.000000,95.000000,5.0,111.0310,101.3004,371.7123,381.4429,PENDING_AG03,FALSE,NOT_FOR_ENFORCEMENT,463.4336,42372.6625,482.7433,463.4336,19.3097,0.00982855,0.00943540,19.3097,463.4336,0.00943540,19.3097,19.3097,24.1372,24.1372,24.1372,463.4336,0.00943540,111.0310,101.3004,371.7123,381.4429,0.00756798,0.00776609,0.00039314,26.1815,23.5278,0.2573,40.2286,1.0517,4093.0372,156.3333,25.8255,26.2200,25.9457,26.176,26.176,26.3317,26.3317,26.3317,26.176,0.0,1.005951,1.005951,1.000211,29,110,12,1,0.09622170,0.00982855,0.04864130,0E-8,0.000000,0.898644,0.000000,-0.04294500,2026-03-27,2026-08-03,12,459,262,130,0.092308,0.984956,0.986404,0.320739,,,,,,,,GLOBAL_BASELINE_NO_ENTITY_RANKING,,,NOT_APPLICABLE_GLOBAL_BASELINE,HF9g-P5,,,,X 全窗基线 · 不参与实体赏罚,8394505,840,A168_HF9F_20260827_0900,2026-08-27 09:00:00
2026-05-07,147441826,2242,0,129.7286077525,-28.5402937055,-28.5402937055,0.4000000,5,5,0.50665070000000000,0.506650700000,-0.4769986289884125,-0.4769986289884125,-0.4769986289884125,0E-17,ELIGIBLE,R03b_20260811_FULL_v1,L1_ELIGIBILITY,v2026-08-11,2026-03-21..2026-08-06,baccarat_bet02_101_all_pairs_incl_sentinel,round_win = game_pnl > 0 (decisive only),COMPATIBILITY_ONLY_NOT_PRODUCTION,49116.4465,44138.1901,482.7433,1876,1876,-0.00982855,-0.04864130,-0.00569631,-0.00982855,-482.7433,49116.4465,OK,0.0000,19.3097,4.0000,96.0000,AG03-UNRESOLVED,ALL5_LEVELS_bet23_to_bet27,19.3097,19.3097,24.1372,24.1372,24.1372,4.000000,4.000000,5.000000,5.000000,5.000000,96.000000,96.000000,95.000000,95.000000,95.000000,5.0,111.0310,101.3004,371.7123,381.4429,PENDING_AG03,FALSE,NOT_FOR_ENFORCEMENT,463.4336,42372.6625,482.7433,463.4336,19.3097,0.00982855,0.00943540,19.3097,463.4336,0.00943540,19.3097,19.3097,24.1372,24.1372,24.1372,463.4336,0.00943540,111.0310,101.3004,371.7123,381.4429,0.00756798,0.00776609,0.00039314,26.1815,23.5278,0.2573,40.2286,1.0517,4093.0372,156.3333,25.8255,26.2200,25.9457,26.176,26.176,26.3317,26.3317,26.3317,26.176,0.0,1.005951,1.005951,1.000211,29,110,12,1,0.09622170,0.00982855,0.04864130,0E-8,0.000000,0.898644,0.000000,-0.04294500,2026-03-27,2026-08-03,12,459,262,130,0.092308,0.984956,0.986404,0.320739,,,,,,,,GLOBAL_BASELINE_NO_ENTITY_RANKING,,,NOT_APPLICABLE_GLOBAL_BASELINE,HF9g-P5,,,,X 全窗基线 · 不参与实体赏罚,8394506,840,A168_HF9F_20260827_0900,2026-08-27 09:00:00
2026-05-07,147441826,986,0,311.3486586060,-83.0263089615,-83.0263089615,0.3636364,12,12,0.50665070000000000,0.506650700000,-0.9487337188524743,-0.9487337188524743,-0.9487337188524743,0E-17,ELIGIBLE,R03b_20260811_FULL_v1,L1_ELIGIBILITY,v2026-08-11,2026-03-21..2026-08-06,baccarat_bet02_101_all_pairs_incl_sentinel,round_win = game_pnl > 0 (decisive only),COMPATIBILITY_ONLY_NOT_PRODUCTION,49116.4465,44138.1901,482.7433,1876,1876,-0.00982855,-0.04864130,-0.00569631,-0.00982855,-482.7433,49116.4465,OK,0.0000,19.3097,4.0000,96.0000,AG03-UNRESOLVED,ALL5_LEVELS_bet23_to_bet27,19.3097,19.3097,24.1372,24.1372,24.1372,4.000000,4.000000,5.000000,5.000000,5.000000,96.000000,96.000000,95.000000,95.000000,95.000000,5.0,111.0310,101.3004,371.7123,381.4429,PENDING_AG03,FALSE,NOT_FOR_ENFORCEMENT,463.4336,42372.6625,482.7433,463.4336,19.3097,0.00982855,0.00943540,19.3097,463.4336,0.00943540,19.3097,19.3097,24.1372,24.1372,24.1372,463.4336,0.00943540,111.0310,101.3004,371.7123,381.4429,0.00756798,0.00776609,0.00039314,26.1815,23.5278,0.2573,40.2286,1.0517,4093.0372,156.3333,25.8255,26.2200,25.9457,26.176,26.176,26.3317,26.3317,26.3317,26.176,0.0,1.005951,1.005951,1.000211,29,110,12,1,0.09622170,0.00982855,0.04864130,0E-8,0.000000,0.898644,0.000000,-0.04294500,2026-03-27,2026-08-03,12,459,262,130,0.092308,0.984956,0.986404,0.320739,,,,,,,,GLOBAL_BASELINE_NO_ENTITY_RANKING,,,NOT_APPLICABLE_GLOBAL_BASELINE,HF9g-P5,,,,X 全窗基线 · 不参与实体赏罚,8394507,840,A168_HF9F_20260827_0900,2026-08-27 09:00:00
2026-07-05,147441826,-1,1,1574.8844654420,114.8891126429,114.8891126429,0.5535714,61,61,0.50665070000000000,0.506650700000,0.7023072940029771,0.7023072940029772,0.7023072940029771,0E-17,SENTINEL_DEALER,R03b_20260811_FULL_v1,L1_ELIGIBILITY,v2026-08-11,2026-03-21..2026-08-06,baccarat_bet02_101_all_pairs_incl_sentinel,round_win = game_pnl > 0 (decisive only),COMPATIBILITY_ONLY_NOT_PRODUCTION,49116.4465,44138.1901,482.7433,1876,1876,-0.00982855,-0.04864130,-0.00569631,-0.00982855,-482.7433,49116.4465,OK,0.0000,19.3097,4.0000,96.0000,AG03-UNRESOLVED,ALL5_LEVELS_bet23_to_bet27,19.3097,19.3097,24.1372,24.1372,24.1372,4.000000,4.000000,5.000000,5.000000,5.000000,96.000000,96.000000,95.000000,95.000000,95.000000,5.0,111.0310,101.3004,371.7123,381.4429,PENDING_AG03,FALSE,NOT_FOR_ENFORCEMENT,463.4336,42372.6625,482.7433,463.4336,19.3097,0.00982855,0.00943540,19.3097,463.4336,0.00943540,19.3097,19.3097,24.1372,24.1372,24.1372,463.4336,0.00943540,111.0310,101.3004,371.7123,381.4429,0.00756798,0.00776609,0.00039314,26.1815,23.5278,0.2573,40.2286,1.0517,4093.0372,156.3333,25.8255,26.2200,25.9457,26.176,26.176,26.3317,26.3317,26.3317,26.176,0.0,1.005951,1.005951,1.000211,29,110,12,1,0.09622170,0.00982855,0.04864130,0E-8,0.000000,0.898644,0.000000,-0.04294500,2026-03-27,2026-08-03,12,459,262,130,0.092308,0.984956,0.986404,0.320739,,,,,,,,GLOBAL_BASELINE_NO_ENTITY_RANKING,,,NOT_APPLICABLE_GLOBAL_BASELINE,HF9g-P5,,,,X 全窗基线 · 不参与实体赏罚,8394508,840,A168_HF9F_20260827_0900,2026-08-27 09:00:00
2026-07-05,147441826,1302,0,154.9066687320,46.4720006196,46.4720006196,0.6666667,6,6,0.50665070000000000,0.506650700000,0.7839842952205449,0.7839842952205449,0.7839842952205449,0E-17,ELIGIBLE,R03b_20260811_FULL_v1,L1_ELIGIBILITY,v2026-08-11,2026-03-21..2026-08-06,baccarat_bet02_101_all_pairs_incl_sentinel,round_win = game_pnl > 0 (decisive only),COMPATIBILITY_ONLY_NOT_PRODUCTION,49116.4465,44138.1901,482.7433,1876,1876,-0.00982855,-0.04864130,-0.00569631,-0.00982855,-482.7433,49116.4465,OK,0.0000,19.3097,4.0000,96.0000,AG03-UNRESOLVED,ALL5_LEVELS_bet23_to_bet27,19.3097,19.3097,24.1372,24.1372,24.1372,4.000000,4.000000,5.000000,5.000000,5.000000,96.000000,96.000000,95.000000,95.000000,95.000000,5.0,111.0310,101.3004,371.7123,381.4429,PENDING_AG03,FALSE,NOT_FOR_ENFORCEMENT,463.4336,42372.6625,482.7433,463.4336,19.3097,0.00982855,0.00943540,19.3097,463.4336,0.00943540,19.3097,19.3097,24.1372,24.1372,24.1372,463.4336,0.00943540,111.0310,101.3004,371.7123,381.4429,0.00756798,0.00776609,0.00039314,26.1815,23.5278,0.2573,40.2286,1.0517,4093.0372,156.3333,25.8255,26.2200,25.9457,26.176,26.176,26.3317,26.3317,26.3317,26.176,0.0,1.005951,1.005951,1.000211,29,110,12,1,0.09622170,0.00982855,0.04864130,0E-8,0.000000,0.898644,0.000000,-0.04294500,2026-03-27,2026-08-03,12,459,262,130,0.092308,0.984956,0.986404,0.320739,,,,,,,,GLOBAL_BASELINE_NO_ENTITY_RANKING,,,NOT_APPLICABLE_GLOBAL_BASELINE,HF9g-P5,,,,X 全窗基线 · 不参与实体赏罚,8394509,840,A168_HF9F_20260827_0900,2026-08-27 09:00:00
2026-07-05,147441826,1306,0,232.3600030980,69.7080009294,69.7080009294,0.6666667,9,9,0.50665070000000000,0.506650700000,0.9601807448229117,0.9601807448229117,0.9601807448229117,0E-17,ELIGIBLE,R03b_20260811_FULL_v1,L1_ELIGIBILITY,v2026-08-11,2026-03-21..2026-08-06,baccarat_bet02_101_all_pairs_incl_sentinel,round_win = game_pnl > 0 (decisive only),COMPATIBILITY_ONLY_NOT_PRODUCTION,49116.4465,44138.1901,482.7433,1876,1876,-0.00982855,-0.04864130,-0.00569631,-0.00982855,-482.7433,49116.4465,OK,0.0000,19.3097,4.0000,96.0000,AG03-UNRESOLVED,ALL5_LEVELS_bet23_to_bet27,19.3097,19.3097,24.1372,24.1372,24.1372,4.000000,4.000000,5.000000,5.000000,5.000000,96.000000,96.000000,95.000000,95.000000,95.000000,5.0,111.0310,101.3004,371.7123,381.4429,PENDING_AG03,FALSE,NOT_FOR_ENFORCEMENT,463.4336,42372.6625,482.7433,463.4336,19.3097,0.00982855,0.00943540,19.3097,463.4336,0.00943540,19.3097,19.3097,24.1372,24.1372,24.1372,463.4336,0.00943540,111.0310,101.3004,371.7123,381.4429,0.00756798,0.00776609,0.00039314,26.1815,23.5278,0.2573,40.2286,1.0517,4093.0372,156.3333,25.8255,26.2200,25.9457,26.176,26.176,26.3317,26.3317,26.3317,26.176,0.0,1.005951,1.005951,1.000211,29,110,12,1,0.09622170,0.00982855,0.04864130,0E-8,0.000000,0.898644,0.000000,-0.04294500,2026-03-27,2026-08-03,12,459,262,130,0.092308,0.984956,0.986404,0.320739,,,,,,,,GLOBAL_BASELINE_NO_ENTITY_RANKING,,,NOT_APPLICABLE_GLOBAL_BASELINE,HF9g-P5,,,,X 全窗基线 · 不参与实体赏罚,8394510,840,A168_HF9F_20260827_0900,2026-08-27 09:00:00
2026-07-05,147441826,1307,0,77.4533343660,73.5806676477,73.5806676477,1.0000000,3,3,0.50665070000000000,0.506650700000,1.7091633124209307,1.7091633124209307,1.7091633124209307,0E-17,ELIGIBLE,R03b_20260811_FULL_v1,L1_ELIGIBILITY,v2026-08-11,2026-03-21..2026-08-06,baccarat_bet02_101_all_pairs_incl_sentinel,round_win = game_pnl > 0 (decisive only),COMPATIBILITY_ONLY_NOT_PRODUCTION,49116.4465,44138.1901,482.7433,1876,1876,-0.00982855,-0.04864130,-0.00569631,-0.00982855,-482.7433,49116.4465,OK,0.0000,19.3097,4.0000,96.0000,AG03-UNRESOLVED,ALL5_LEVELS_bet23_to_bet27,19.3097,19.3097,24.1372,24.1372,24.1372,4.000000,4.000000,5.000000,5.000000,5.000000,96.000000,96.000000,95.000000,95.000000,95.000000,5.0,111.0310,101.3004,371.7123,381.4429,PENDING_AG03,FALSE,NOT_FOR_ENFORCEMENT,463.4336,42372.6625,482.7433,463.4336,19.3097,0.00982855,0.00943540,19.3097,463.4336,0.00943540,19.3097,19.3097,24.1372,24.1372,24.1372,463.4336,0.00943540,111.0310,101.3004,371.7123,381.4429,0.00756798,0.00776609,0.00039314,26.1815,23.5278,0.2573,40.2286,1.0517,4093.0372,156.3333,25.8255,26.2200,25.9457,26.176,26.176,26.3317,26.3317,26.3317,26.176,0.0,1.005951,1.005951,1.000211,29,110,12,1,0.09622170,0.00982855,0.04864130,0E-8,0.000000,0.898644,0.000000,-0.04294500,2026-03-27,2026-08-03,12,459,262,130,0.092308,0.984956,0.986404,0.320739,,,,,,,,GLOBAL_BASELINE_NO_ENTITY_RANKING,,,NOT_APPLICABLE_GLOBAL_BASELINE,HF9g-P5,,,,X 全窗基线 · 不参与实体赏罚,8394511,840,A168_HF9F_20260827_0900,2026-08-27 09:00:00
2026-07-05,147441826,1399,0,232.3600030980,-81.3260010843,-81.3260010843,0.3333333,9,9,0.50665070000000000,0.506650700000,-1.0399962058999468,-1.0399962058999468,-1.0399962058999468,0E-17,ELIGIBLE,R03b_20260811_FULL_v1,L1_ELIGIBILITY,v2026-08-11,2026-03-21..2026-08-06,baccarat_bet02_101_all_pairs_incl_sentinel,round_win = game_pnl > 0 (decisive only),COMPATIBILITY_ONLY_NOT_PRODUCTION,49116.4465,44138.1901,482.7433,1876,1876,-0.00982855,-0.04864130,-0.00569631,-0.00982855,-482.7433,49116.4465,OK,0.0000,19.3097,4.0000,96.0000,AG03-UNRESOLVED,ALL5_LEVELS_bet23_to_bet27,19.3097,19.3097,24.1372,24.1372,24.1372,4.000000,4.000000,5.000000,5.000000,5.000000,96.000000,96.000000,95.000000,95.000000,95.000000,5.0,111.0310,101.3004,371.7123,381.4429,PENDING_AG03,FALSE,NOT_FOR_ENFORCEMENT,463.4336,42372.6625,482.7433,463.4336,19.3097,0.00982855,0.00943540,19.3097,463.4336,0.00943540,19.3097,19.3097,24.1372,24.1372,24.1372,463.4336,0.00943540,111.0310,101.3004,371.7123,381.4429,0.00756798,0.00776609,0.00039314,26.1815,23.5278,0.2573,40.2286,1.0517,4093.0372,156.3333,25.8255,26.2200,25.9457,26.176,26.176,26.3317,26.3317,26.3317,26.176,0.0,1.005951,1.005951,1.000211,29,110,12,1,0.09622170,0.00982855,0.04864130,0E-8,0.000000,0.898644,0.000000,-0.04294500,2026-03-27,2026-08-03,12,459,262,130,0.092308,0.984956,0.986404,0.320739,,,,,,,,GLOBAL_BASELINE_NO_ENTITY_RANKING,,,NOT_APPLICABLE_GLOBAL_BASELINE,HF9g-P5,,,,X 全窗基线 · 不参与实体赏罚,8394512,840,A168_HF9F_20260827_0900,2026-08-27 09:00:00
2026-07-05,147441826,1490,0,25.8177781220,24.5268892159,24.5268892159,1.0000000,1,1,0.50665070000000000,0.506650700000,0.9867858985152569,0.9867858985152569,0.9867858985152569,0E-17,ELIGIBLE,R03b_20260811_FULL_v1,L1_ELIGIBILITY,v2026-08-11,2026-03-21..2026-08-06,baccarat_bet02_101_all_pairs_incl_sentinel,round_win = game_pnl > 0 (decisive only),COMPATIBILITY_ONLY_NOT_PRODUCTION,49116.4465,44138.1901,482.7433,1876,1876,-0.00982855,-0.04864130,-0.00569631,-0.00982855,-482.7433,49116.4465,OK,0.0000,19.3097,4.0000,96.0000,AG03-UNRESOLVED,ALL5_LEVELS_bet23_to_bet27,19.3097,19.3097,24.1372,24.1372,24.1372,4.000000,4.000000,5.000000,5.000000,5.000000,96.000000,96.000000,95.000000,95.000000,95.000000,5.0,111.0310,101.3004,371.7123,381.4429,PENDING_AG03,FALSE,NOT_FOR_ENFORCEMENT,463.4336,42372.6625,482.7433,463.4336,19.3097,0.00982855,0.00943540,19.3097,463.4336,0.00943540,19.3097,19.3097,24.1372,24.1372,24.1372,463.4336,0.00943540,111.0310,101.3004,371.7123,381.4429,0.00756798,0.00776609,0.00039314,26.1815,23.5278,0.2573,40.2286,1.0517,4093.0372,156.3333,25.8255,26.2200,25.9457,26.176,26.176,26.3317,26.3317,26.3317,26.176,0.0,1.005951,1.005951,1.000211,29,110,12,1,0.09622170,0.00982855,0.04864130,0E-8,0.000000,0.898644,0.000000,-0.04294500,2026-03-27,2026-08-03,12,459,262,130,0.092308,0.984956,0.986404,0.320739,,,,,,,,GLOBAL_BASELINE_NO_ENTITY_RANKING,,,NOT_APPLICABLE_GLOBAL_BASELINE,HF9g-P5,,,,X 全窗基线 · 不参与实体赏罚,8394513,840,A168_HF9F_20260827_0900,2026-08-27 09:00:00
2026-07-05,147441826,1509,0,129.0888906100,-78.7442232721,-78.7442232721,0.2000000,5,5,0.50665070000000000,0.506650700000,-1.3715049547573244,-1.3715049547573244,-1.3715049547573244,0E-17,ELIGIBLE,R03b_20260811_FULL_v1,L1_ELIGIBILITY,v2026-08-11,2026-03-21..2026-08-06,baccarat_bet02_101_all_pairs_incl_sentinel,round_win = game_pnl > 0 (decisive only),COMPATIBILITY_ONLY_NOT_PRODUCTION,49116.4465,44138.1901,482.7433,1876,1876,-0.00982855,-0.04864130,-0.00569631,-0.00982855,-482.7433,49116.4465,OK,0.0000,19.3097,4.0000,96.0000,AG03-UNRESOLVED,ALL5_LEVELS_bet23_to_bet27,19.3097,19.3097,24.1372,24.1372,24.1372,4.000000,4.000000,5.000000,5.000000,5.000000,96.000000,96.000000,95.000000,95.000000,95.000000,5.0,111.0310,101.3004,371.7123,381.4429,PENDING_AG03,FALSE,NOT_FOR_ENFORCEMENT,463.4336,42372.6625,482.7433,463.4336,19.3097,0.00982855,0.00943540,19.3097,463.4336,0.00943540,19.3097,19.3097,24.1372,24.1372,24.1372,463.4336,0.00943540,111.0310,101.3004,371.7123,381.4429,0.00756798,0.00776609,0.00039314,26.1815,23.5278,0.2573,40.2286,1.0517,4093.0372,156.3333,25.8255,26.2200,25.9457,26.176,26.176,26.3317,26.3317,26.3317,26.176,0.0,1.005951,1.005951,1.000211,29,110,12,1,0.09622170,0.00982855,0.04864130,0E-8,0.000000,0.898644,0.000000,-0.04294500,2026-03-27,2026-08-03,12,459,262,130,0.092308,0.984956,0.986404,0.320739,,,,,,,,GLOBAL_BASELINE_NO_ENTITY_RANKING,,,NOT_APPLICABLE_GLOBAL_BASELINE,HF9g-P5,,,,X 全窗基线 · 不参与实体赏罚,8394514,840,A168_HF9F_20260827_0900,2026-08-27 09:00:00
2026-07-05,147441826,1957,0,25.8177781220,24.5268892159,24.5268892159,1.0000000,1,1,0.50665070000000000,0.506650700000,0.9867858985152569,0.9867858985152569,0.9867858985152569,0E-17,ELIGIBLE,R03b_20260811_FULL_v1,L1_ELIGIBILITY,v2026-08-11,2026-03-21..2026-08-06,baccarat_bet02_101_all_pairs_incl_sentinel,round_win = game_pnl > 0 (decisive only),COMPATIBILITY_ONLY_NOT_PRODUCTION,49116.4465,44138.1901,482.7433,1876,1876,-0.00982855,-0.04864130,-0.00569631,-0.00982855,-482.7433,49116.4465,OK,0.0000,19.3097,4.0000,96.0000,AG03-UNRESOLVED,ALL5_LEVELS_bet23_to_bet27,19.3097,19.3097,24.1372,24.1372,24.1372,4.000000,4.000000,5.000000,5.000000,5.000000,96.000000,96.000000,95.000000,95.000000,95.000000,5.0,111.0310,101.3004,371.7123,381.4429,PENDING_AG03,FALSE,NOT_FOR_ENFORCEMENT,463.4336,42372.6625,482.7433,463.4336,19.3097,0.00982855,0.00943540,19.3097,463.4336,0.00943540,19.3097,19.3097,24.1372,24.1372,24.1372,463.4336,0.00943540,111.0310,101.3004,371.7123,381.4429,0.00756798,0.00776609,0.00039314,26.1815,23.5278,0.2573,40.2286,1.0517,4093.0372,156.3333,25.8255,26.2200,25.9457,26.176,26.176,26.3317,26.3317,26.3317,26.176,0.0,1.005951,1.005951,1.000211,29,110,12,1,0.09622170,0.00982855,0.04864130,0E-8,0.000000,0.898644,0.000000,-0.04294500,2026-03-27,2026-08-03,12,459,262,130,0.092308,0.984956,0.986404,0.320739,,,,,,,,GLOBAL_BASELINE_NO_ENTITY_RANKING,,,NOT_APPLICABLE_GLOBAL_BASELINE,HF9g-P5,,,,X 全窗基线 · 不参与实体赏罚,8394515,840,A168_HF9F_20260827_0900,2026-08-27 09:00:00
2026-07-05,147441826,2101,0,232.3600030980,70.9988898355,70.9988898355,0.7142857,9,9,0.50665070000000000,0.506650700000,1.098798430526454,1.098798430526454,1.098798430526454,0E-17,ELIGIBLE,R03b_20260811_FULL_v1,L1_ELIGIBILITY,v2026-08-11,2026-03-21..2026-08-06,baccarat_bet02_101_all_pairs_incl_sentinel,round_win = game_pnl > 0 (decisive only),COMPATIBILITY_ONLY_NOT_PRODUCTION,49116.4465,44138.1901,482.7433,1876,1876,-0.00982855,-0.04864130,-0.00569631,-0.00982855,-482.7433,49116.4465,OK,0.0000,19.3097,4.0000,96.0000,AG03-UNRESOLVED,ALL5_LEVELS_bet23_to_bet27,19.3097,19.3097,24.1372,24.1372,24.1372,4.000000,4.000000,5.000000,5.000000,5.000000,96.000000,96.000000,95.000000,95.000000,95.000000,5.0,111.0310,101.3004,371.7123,381.4429,PENDING_AG03,FALSE,NOT_FOR_ENFORCEMENT,463.4336,42372.6625,482.7433,463.4336,19.3097,0.00982855,0.00943540,19.3097,463.4336,0.00943540,19.3097,19.3097,24.1372,24.1372,24.1372,463.4336,0.00943540,111.0310,101.3004,371.7123,381.4429,0.00756798,0.00776609,0.00039314,26.1815,23.5278,0.2573,40.2286,1.0517,4093.0372,156.3333,25.8255,26.2200,25.9457,26.176,26.176,26.3317,26.3317,26.3317,26.176,0.0,1.005951,1.005951,1.000211,29,110,12,1,0.09622170,0.00982855,0.04864130,0E-8,0.000000,0.898644,0.000000,-0.04294500,2026-03-27,2026-08-03,12,459,262,130,0.092308,0.984956,0.986404,0.320739,,,,,,,,GLOBAL_BASELINE_NO_ENTITY_RANKING,,,NOT_APPLICABLE_GLOBAL_BASELINE,HF9g-P5,,,,X 全窗基线 · 不参与实体赏罚,8394516,840,A168_HF9F_20260827_0900,2026-08-27 09:00:00
2026-07-05,147441826,2103,0,180.7244468540,-54.2173340562,-54.2173340562,0.3333333,7,7,0.50665070000000000,0.506650700000,-0.8491533462951141,-0.8491533462951141,-0.8491533462951141,0E-17,ELIGIBLE,R03b_20260811_FULL_v1,L1_ELIGIBILITY,v2026-08-11,2026-03-21..2026-08-06,baccarat_bet02_101_all_pairs_incl_sentinel,round_win = game_pnl > 0 (decisive only),COMPATIBILITY_ONLY_NOT_PRODUCTION,49116.4465,44138.1901,482.7433,1876,1876,-0.00982855,-0.04864130,-0.00569631,-0.00982855,-482.7433,49116.4465,OK,0.0000,19.3097,4.0000,96.0000,AG03-UNRESOLVED,ALL5_LEVELS_bet23_to_bet27,19.3097,19.3097,24.1372,24.1372,24.1372,4.000000,4.000000,5.000000,5.000000,5.000000,96.000000,96.000000,95.000000,95.000000,95.000000,5.0,111.0310,101.3004,371.7123,381.4429,PENDING_AG03,FALSE,NOT_FOR_ENFORCEMENT,463.4336,42372.6625,482.7433,463.4336,19.3097,0.00982855,0.00943540,19.3097,463.4336,0.00943540,19.3097,19.3097,24.1372,24.1372,24.1372,463.4336,0.00943540,111.0310,101.3004,371.7123,381.4429,0.00756798,0.00776609,0.00039314,26.1815,23.5278,0.2573,40.2286,1.0517,4093.0372,156.3333,25.8255,26.2200,25.9457,26.176,26.176,26.3317,26.3317,26.3317,26.176,0.0,1.005951,1.005951,1.000211,29,110,12,1,0.09622170,0.00982855,0.04864130,0E-8,0.000000,0.898644,0.000000,-0.04294500,2026-03-27,2026-08-03,12,459,262,130,0.092308,0.984956,0.986404,0.320739,,,,,,,,GLOBAL_BASELINE_NO_ENTITY_RANKING,,,NOT_APPLICABLE_GLOBAL_BASELINE,HF9g-P5,,,,X 全窗基线 · 不参与实体赏罚,8394517,840,A168_HF9F_20260827_0900,2026-08-27 09:00:00
2026-07-05,147441826,2188,0,77.4533343660,24.5268892159,24.5268892159,1.0000000,3,3,0.50665070000000000,0.506650700000,0.9867858985152569,0.9867858985152569,0.9867858985152569,0E-17,ELIGIBLE,R03b_20260811_FULL_v1,L1_ELIGIBILITY,v2026-08-11,2026-03-21..2026-08-06,baccarat_bet02_101_all_pairs_incl_sentinel,round_win = game_pnl > 0 (decisive only),COMPATIBILITY_ONLY_NOT_PRODUCTION,49116.4465,44138.1901,482.7433,1876,1876,-0.00982855,-0.04864130,-0.00569631,-0.00982855,-482.7433,49116.4465,OK,0.0000,19.3097,4.0000,96.0000,AG03-UNRESOLVED,ALL5_LEVELS_bet23_to_bet27,19.3097,19.3097,24.1372,24.1372,24.1372,4.000000,4.000000,5.000000,5.000000,5.000000,96.000000,96.000000,95.000000,95.000000,95.000000,5.0,111.0310,101.3004,371.7123,381.4429,PENDING_AG03,FALSE,NOT_FOR_ENFORCEMENT,463.4336,42372.6625,482.7433,463.4336,19.3097,0.00982855,0.00943540,19.3097,463.4336,0.00943540,19.3097,19.3097,24.1372,24.1372,24.1372,463.4336,0.00943540,111.0310,101.3004,371.7123,381.4429,0.00756798,0.00776609,0.00039314,26.1815,23.5278,0.2573,40.2286,1.0517,4093.0372,156.3333,25.8255,26.2200,25.9457,26.176,26.176,26.3317,26.3317,26.3317,26.176,0.0,1.005951,1.005951,1.000211,29,110,12,1,0.09622170,0.00982855,0.04864130,0E-8,0.000000,0.898644,0.000000,-0.04294500,2026-03-27,2026-08-03,12,459,262,130,0.092308,0.984956,0.986404,0.320739,,,,,,,,GLOBAL_BASELINE_NO_ENTITY_RANKING,,,NOT_APPLICABLE_GLOBAL_BASELINE,HF9g-P5,,,,X 全窗基线 · 不参与实体赏罚,8394518,840,A168_HF9F_20260827_0900,2026-08-27 09:00:00
2026-07-05,147441826,2201,0,25.8177781220,-25.8177781220,-25.8177781220,0E-7,1,1,0.50665070000000000,0.506650700000,-1.013391052207602,-1.013391052207602,-1.013391052207602,0E-17,ELIGIBLE,R03b_20260811_FULL_v1,L1_ELIGIBILITY,v2026-08-11,2026-03-21..2026-08-06,baccarat_bet02_101_all_pairs_incl_sentinel,round_win = game_pnl > 0 (decisive only),COMPATIBILITY_ONLY_NOT_PRODUCTION,49116.4465,44138.1901,482.7433,1876,1876,-0.00982855,-0.04864130,-0.00569631,-0.00982855,-482.7433,49116.4465,OK,0.0000,19.3097,4.0000,96.0000,AG03-UNRESOLVED,ALL5_LEVELS_bet23_to_bet27,19.3097,19.3097,24.1372,24.1372,24.1372,4.000000,4.000000,5.000000,5.000000,5.000000,96.000000,96.000000,95.000000,95.000000,95.000000,5.0,111.0310,101.3004,371.7123,381.4429,PENDING_AG03,FALSE,NOT_FOR_ENFORCEMENT,463.4336,42372.6625,482.7433,463.4336,19.3097,0.00982855,0.00943540,19.3097,463.4336,0.00943540,19.3097,19.3097,24.1372,24.1372,24.1372,463.4336,0.00943540,111.0310,101.3004,371.7123,381.4429,0.00756798,0.00776609,0.00039314,26.1815,23.5278,0.2573,40.2286,1.0517,4093.0372,156.3333,25.8255,26.2200,25.9457,26.176,26.176,26.3317,26.3317,26.3317,26.176,0.0,1.005951,1.005951,1.000211,29,110,12,1,0.09622170,0.00982855,0.04864130,0E-8,0.000000,0.898644,0.000000,-0.04294500,2026-03-27,2026-08-03,12,459,262,130,0.092308,0.984956,0.986404,0.320739,,,,,,,,GLOBAL_BASELINE_NO_ENTITY_RANKING,,,NOT_APPLICABLE_GLOBAL_BASELINE,HF9g-P5,,,,X 全窗基线 · 不参与实体赏罚,8394519,840,A168_HF9F_20260827_0900,2026-08-27 09:00:00
2026-07-05,147441826,2205,0,51.6355562440,-51.6355562440,-51.6355562440,0E-7,2,2,0.50665070000000000,0.506650700000,-1.4331513700195317,-1.4331513700195317,-1.4331513700195317,0E-17,ELIGIBLE,R03b_20260811_FULL_v1,L1_ELIGIBILITY,v2026-08-11,2026-03-21..2026-08-06,baccarat_bet02_101_all_pairs_incl_sentinel,round_win = game_pnl > 0 (decisive only),COMPATIBILITY_ONLY_NOT_PRODUCTION,49116.4465,44138.1901,482.7433,1876,1876,-0.00982855,-0.04864130,-0.00569631,-0.00982855,-482.7433,49116.4465,OK,0.0000,19.3097,4.0000,96.0000,AG03-UNRESOLVED,ALL5_LEVELS_bet23_to_bet27,19.3097,19.3097,24.1372,24.1372,24.1372,4.000000,4.000000,5.000000,5.000000,5.000000,96.000000,96.000000,95.000000,95.000000,95.000000,5.0,111.0310,101.3004,371.7123,381.4429,PENDING_AG03,FALSE,NOT_FOR_ENFORCEMENT,463.4336,42372.6625,482.7433,463.4336,19.3097,0.00982855,0.00943540,19.3097,463.4336,0.00943540,19.3097,19.3097,24.1372,24.1372,24.1372,463.4336,0.00943540,111.0310,101.3004,371.7123,381.4429,0.00756798,0.00776609,0.00039314,26.1815,23.5278,0.2573,40.2286,1.0517,4093.0372,156.3333,25.8255,26.2200,25.9457,26.176,26.176,26.3317,26.3317,26.3317,26.176,0.0,1.005951,1.005951,1.000211,29,110,12,1,0.09622170,0.00982855,0.04864130,0E-8,0.000000,0.898644,0.000000,-0.04294500,2026-03-27,2026-08-03,12,459,262,130,0.092308,0.984956,0.986404,0.320739,,,,,,,,GLOBAL_BASELINE_NO_ENTITY_RANKING,,,NOT_APPLICABLE_GLOBAL_BASELINE,HF9g-P5,,,,X 全窗基线 · 不参与实体赏罚,8394520,840,A168_HF9F_20260827_0900,2026-08-27 09:00:00
2026-07-05,147441826,2216,0,77.4533343660,-1.2908889061,-1.2908889061,0.5000000,3,3,0.50665070000000000,0.506650700000,-0.018812684590367487,-0.018812684590367487,-0.018812684590367487,0E-17,ELIGIBLE,R03b_20260811_FULL_v1,L1_ELIGIBILITY,v2026-08-11,2026-03-21..2026-08-06,baccarat_bet02_101_all_pairs_incl_sentinel,round_win = game_pnl > 0 (decisive only),COMPATIBILITY_ONLY_NOT_PRODUCTION,49116.4465,44138.1901,482.7433,1876,1876,-0.00982855,-0.04864130,-0.00569631,-0.00982855,-482.7433,49116.4465,OK,0.0000,19.3097,4.0000,96.0000,AG03-UNRESOLVED,ALL5_LEVELS_bet23_to_bet27,19.3097,19.3097,24.1372,24.1372,24.1372,4.000000,4.000000,5.000000,5.000000,5.000000,96.000000,96.000000,95.000000,95.000000,95.000000,5.0,111.0310,101.3004,371.7123,381.4429,PENDING_AG03,FALSE,NOT_FOR_ENFORCEMENT,463.4336,42372.6625,482.7433,463.4336,19.3097,0.00982855,0.00943540,19.3097,463.4336,0.00943540,19.3097,19.3097,24.1372,24.1372,24.1372,463.4336,0.00943540,111.0310,101.3004,371.7123,381.4429,0.00756798,0.00776609,0.00039314,26.1815,23.5278,0.2573,40.2286,1.0517,4093.0372,156.3333,25.8255,26.2200,25.9457,26.176,26.176,26.3317,26.3317,26.3317,26.176,0.0,1.005951,1.005951,1.000211,29,110,12,1,0.09622170,0.00982855,0.04864130,0E-8,0.000000,0.898644,0.000000,-0.04294500,2026-03-27,2026-08-03,12,459,262,130,0.092308,0.984956,0.986404,0.320739,,,,,,,,GLOBAL_BASELINE_NO_ENTITY_RANKING,,,NOT_APPLICABLE_GLOBAL_BASELINE,HF9g-P5,,,,X 全窗基线 · 不参与实体赏罚,8394521,840,A168_HF9F_20260827_0900,2026-08-27 09:00:00
2026-07-05,147441826,2224,0,51.6355562440,-25.8177781220,-25.8177781220,0E-7,2,2,0.50665070000000000,0.506650700000,-1.013391052207602,-1.013391052207602,-1.013391052207602,0E-17,ELIGIBLE,R03b_20260811_FULL_v1,L1_ELIGIBILITY,v2026-08-11,2026-03-21..2026-08-06,baccarat_bet02_101_all_pairs_incl_sentinel,round_win = game_pnl > 0 (decisive only),COMPATIBILITY_ONLY_NOT_PRODUCTION,49116.4465,44138.1901,482.7433,1876,1876,-0.00982855,-0.04864130,-0.00569631,-0.00982855,-482.7433,49116.4465,OK,0.0000,19.3097,4.0000,96.0000,AG03-UNRESOLVED,ALL5_LEVELS_bet23_to_bet27,19.3097,19.3097,24.1372,24.1372,24.1372,4.000000,4.000000,5.000000,5.000000,5.000000,96.000000,96.000000,95.000000,95.000000,95.000000,5.0,111.0310,101.3004,371.7123,381.4429,PENDING_AG03,FALSE,NOT_FOR_ENFORCEMENT,463.4336,42372.6625,482.7433,463.4336,19.3097,0.00982855,0.00943540,19.3097,463.4336,0.00943540,19.3097,19.3097,24.1372,24.1372,24.1372,463.4336,0.00943540,111.0310,101.3004,371.7123,381.4429,0.00756798,0.00776609,0.00039314,26.1815,23.5278,0.2573,40.2286,1.0517,4093.0372,156.3333,25.8255,26.2200,25.9457,26.176,26.176,26.3317,26.3317,26.3317,26.176,0.0,1.005951,1.005951,1.000211,29,110,12,1,0.09622170,0.00982855,0.04864130,0E-8,0.000000,0.898644,0.000000,-0.04294500,2026-03-27,2026-08-03,12,459,262,130,0.092308,0.984956,0.986404,0.320739,,,,,,,,GLOBAL_BASELINE_NO_ENTITY_RANKING,,,NOT_APPLICABLE_GLOBAL_BASELINE,HF9g-P5,,,,X 全窗基线 · 不参与实体赏罚,8394522,840,A168_HF9F_20260827_0900,2026-08-27 09:00:00
2026-07-05,147441826,2229,0,51.6355562440,24.5268892159,24.5268892159,1.0000000,2,2,0.50665070000000000,0.506650700000,0.9867858985152569,0.9867858985152569,0.9867858985152569,0E-17,ELIGIBLE,R03b_20260811_FULL_v1,L1_ELIGIBILITY,v2026-08-11,2026-03-21..2026-08-06,baccarat_bet02_101_all_pairs_incl_sentinel,round_win = game_pnl > 0 (decisive only),COMPATIBILITY_ONLY_NOT_PRODUCTION,49116.4465,44138.1901,482.7433,1876,1876,-0.00982855,-0.04864130,-0.00569631,-0.00982855,-482.7433,49116.4465,OK,0.0000,19.3097,4.0000,96.0000,AG03-UNRESOLVED,ALL5_LEVELS_bet23_to_bet27,19.3097,19.3097,24.1372,24.1372,24.1372,4.000000,4.000000,5.000000,5.000000,5.000000,96.000000,96.000000,95.000000,95.000000,95.000000,5.0,111.0310,101.3004,371.7123,381.4429,PENDING_AG03,FALSE,NOT_FOR_ENFORCEMENT,463.4336,42372.6625,482.7433,463.4336,19.3097,0.00982855,0.00943540,19.3097,463.4336,0.00943540,19.3097,19.3097,24.1372,24.1372,24.1372,463.4336,0.00943540,111.0310,101.3004,371.7123,381.4429,0.00756798,0.00776609,0.00039314,26.1815,23.5278,0.2573,40.2286,1.0517,4093.0372,156.3333,25.8255,26.2200,25.9457,26.176,26.176,26.3317,26.3317,26.3317,26.176,0.0,1.005951,1.005951,1.000211,29,110,12,1,0.09622170,0.00982855,0.04864130,0E-8,0.000000,0.898644,0.000000,-0.04294500,2026-03-27,2026-08-03,12,459,262,130,0.092308,0.984956,0.986404,0.320739,,,,,,,,GLOBAL_BASELINE_NO_ENTITY_RANKING,,,NOT_APPLICABLE_GLOBAL_BASELINE,HF9g-P5,,,,X 全窗基线 · 不参与实体赏罚,8394523,840,A168_HF9F_20260827_0900,2026-08-27 09:00:00
2026-07-05,147441826,2233,0,206.5422249760,96.8166679575,96.8166679575,0.8333333,8,8,0.50665070000000000,0.506650700000,1.6005531159783741,1.6005531159783741,1.6005531159783741,0E-17,ELIGIBLE,R03b_20260811_FULL_v1,L1_ELIGIBILITY,v2026-08-11,2026-03-21..2026-08-06,baccarat_bet02_101_all_pairs_incl_sentinel,round_win = game_pnl > 0 (decisive only),COMPATIBILITY_ONLY_NOT_PRODUCTION,49116.4465,44138.1901,482.7433,1876,1876,-0.00982855,-0.04864130,-0.00569631,-0.00982855,-482.7433,49116.4465,OK,0.0000,19.3097,4.0000,96.0000,AG03-UNRESOLVED,ALL5_LEVELS_bet23_to_bet27,19.3097,19.3097,24.1372,24.1372,24.1372,4.000000,4.000000,5.000000,5.000000,5.000000,96.000000,96.000000,95.000000,95.000000,95.000000,5.0,111.0310,101.3004,371.7123,381.4429,PENDING_AG03,FALSE,NOT_FOR_ENFORCEMENT,463.4336,42372.6625,482.7433,463.4336,19.3097,0.00982855,0.00943540,19.3097,463.4336,0.00943540,19.3097,19.3097,24.1372,24.1372,24.1372,463.4336,0.00943540,111.0310,101.3004,371.7123,381.4429,0.00756798,0.00776609,0.00039314,26.1815,23.5278,0.2573,40.2286,1.0517,4093.0372,156.3333,25.8255,26.2200,25.9457,26.176,26.176,26.3317,26.3317,26.3317,26.176,0.0,1.005951,1.005951,1.000211,29,110,12,1,0.09622170,0.00982855,0.04864130,0E-8,0.000000,0.898644,0.000000,-0.04294500,2026-03-27,2026-08-03,12,459,262,130,0.092308,0.984956,0.986404,0.320739,,,,,,,,GLOBAL_BASELINE_NO_ENTITY_RANKING,,,NOT_APPLICABLE_GLOBAL_BASELINE,HF9g-P5,,,,X 全窗基线 · 不参与实体赏罚,8394524,840,A168_HF9F_20260827_0900,2026-08-27 09:00:00
2026-07-05,147441826,2241,0,180.7244468540,-54.2173340562,-54.2173340562,0.3333333,7,7,0.50665070000000000,0.506650700000,-0.8491533462951141,-0.8491533462951141,-0.8491533462951141,0E-17,ELIGIBLE,R03b_20260811_FULL_v1,L1_ELIGIBILITY,v2026-08-11,2026-03-21..2026-08-06,baccarat_bet02_101_all_pairs_incl_sentinel,round_win = game_pnl > 0 (decisive only),COMPATIBILITY_ONLY_NOT_PRODUCTION,49116.4465,44138.1901,482.7433,1876,1876,-0.00982855,-0.04864130,-0.00569631,-0.00982855,-482.7433,49116.4465,OK,0.0000,19.3097,4.0000,96.0000,AG03-UNRESOLVED,ALL5_LEVELS_bet23_to_bet27,19.3097,19.3097,24.1372,24.1372,24.1372,4.000000,4.000000,5.000000,5.000000,5.000000,96.000000,96.000000,95.000000,95.000000,95.000000,5.0,111.0310,101.3004,371.7123,381.4429,PENDING_AG03,FALSE,NOT_FOR_ENFORCEMENT,463.4336,42372.6625,482.7433,463.4336,19.3097,0.00982855,0.00943540,19.3097,463.4336,0.00943540,19.3097,19.3097,24.1372,24.1372,24.1372,463.4336,0.00943540,111.0310,101.3004,371.7123,381.4429,0.00756798,0.00776609,0.00039314,26.1815,23.5278,0.2573,40.2286,1.0517,4093.0372,156.3333,25.8255,26.2200,25.9457,26.176,26.176,26.3317,26.3317,26.3317,26.176,0.0,1.005951,1.005951,1.000211,29,110,12,1,0.09622170,0.00982855,0.04864130,0E-8,0.000000,0.898644,0.000000,-0.04294500,2026-03-27,2026-08-03,12,459,262,130,0.092308,0.984956,0.986404,0.320739,,,,,,,,GLOBAL_BASELINE_NO_ENTITY_RANKING,,,NOT_APPLICABLE_GLOBAL_BASELINE,HF9g-P5,,,,X 全窗基线 · 不参与实体赏罚,8394525,840,A168_HF9F_20260827_0900,2026-08-27 09:00:00
2026-07-05,147441826,2242,0,129.0888906100,-52.9264451501,-52.9264451501,0.2500000,5,5,0.50665070000000000,0.506650700000,-1.0266936290537745,-1.0266936290537745,-1.0266936290537745,0E-17,ELIGIBLE,R03b_20260811_FULL_v1,L1_ELIGIBILITY,v2026-08-11,2026-03-21..2026-08-06,baccarat_bet02_101_all_pairs_incl_sentinel,round_win = game_pnl > 0 (decisive only),COMPATIBILITY_ONLY_NOT_PRODUCTION,49116.4465,44138.1901,482.7433,1876,1876,-0.00982855,-0.04864130,-0.00569631,-0.00982855,-482.7433,49116.4465,OK,0.0000,19.3097,4.0000,96.0000,AG03-UNRESOLVED,ALL5_LEVELS_bet23_to_bet27,19.3097,19.3097,24.1372,24.1372,24.1372,4.000000,4.000000,5.000000,5.000000,5.000000,96.000000,96.000000,95.000000,95.000000,95.000000,5.0,111.0310,101.3004,371.7123,381.4429,PENDING_AG03,FALSE,NOT_FOR_ENFORCEMENT,463.4336,42372.6625,482.7433,463.4336,19.3097,0.00982855,0.00943540,19.3097,463.4336,0.00943540,19.3097,19.3097,24.1372,24.1372,24.1372,463.4336,0.00943540,111.0310,101.3004,371.7123,381.4429,0.00756798,0.00776609,0.00039314,26.1815,23.5278,0.2573,40.2286,1.0517,4093.0372,156.3333,25.8255,26.2200,25.9457,26.176,26.176,26.3317,26.3317,26.3317,26.176,0.0,1.005951,1.005951,1.000211,29,110,12,1,0.09622170,0.00982855,0.04864130,0E-8,0.000000,0.898644,0.000000,-0.04294500,2026-03-27,2026-08-03,12,459,262,130,0.092308,0.984956,0.986404,0.320739,,,,,,,,GLOBAL_BASELINE_NO_ENTITY_RANKING,,,NOT_APPLICABLE_GLOBAL_BASELINE,HF9g-P5,,,,X 全窗基线 · 不参与实体赏罚,8394526,840,A168_HF9F_20260827_0900,2026-08-27 09:00:00
2026-07-05,147441826,2251,0,77.4533343660,23.2360003098,23.2360003098,0.6666667,3,3,0.50665070000000000,0.506650700000,0.5543606114942035,0.5543606114942035,0.5543606114942035,0E-17,ELIGIBLE,R03b_20260811_FULL_v1,L1_ELIGIBILITY,v2026-08-11,2026-03-21..2026-08-06,baccarat_bet02_101_all_pairs_incl_sentinel,round_win = game_pnl > 0 (decisive only),COMPATIBILITY_ONLY_NOT_PRODUCTION,49116.4465,44138.1901,482.7433,1876,1876,-0.00982855,-0.04864130,-0.00569631,-0.00982855,-482.7433,49116.4465,OK,0.0000,19.3097,4.0000,96.0000,AG03-UNRESOLVED,ALL5_LEVELS_bet23_to_bet27,19.3097,19.3097,24.1372,24.1372,24.1372,4.000000,4.000000,5.000000,5.000000,5.000000,96.000000,96.000000,95.000000,95.000000,95.000000,5.0,111.0310,101.3004,371.7123,381.4429,PENDING_AG03,FALSE,NOT_FOR_ENFORCEMENT,463.4336,42372.6625,482.7433,463.4336,19.3097,0.00982855,0.00943540,19.3097,463.4336,0.00943540,19.3097,19.3097,24.1372,24.1372,24.1372,463.4336,0.00943540,111.0310,101.3004,371.7123,381.4429,0.00756798,0.00776609,0.00039314,26.1815,23.5278,0.2573,40.2286,1.0517,4093.0372,156.3333,25.8255,26.2200,25.9457,26.176,26.176,26.3317,26.3317,26.3317,26.176,0.0,1.005951,1.005951,1.000211,29,110,12,1,0.09622170,0.00982855,0.04864130,0E-8,0.000000,0.898644,0.000000,-0.04294500,2026-03-27,2026-08-03,12,459,262,130,0.092308,0.984956,0.986404,0.320739,,,,,,,,GLOBAL_BASELINE_NO_ENTITY_RANKING,,,NOT_APPLICABLE_GLOBAL_BASELINE,HF9g-P5,,,,X 全窗基线 · 不参与实体赏罚,8394527,840,A168_HF9F_20260827_0900,2026-08-27 09:00:00
2026-07-05,147441826,2278,0,129.0888906100,-103.2711124880,-103.2711124880,0E-7,5,5,0.50665070000000000,0.506650700000,-2.026782104415204,-2.026782104415204,-2.026782104415204,0E-17,ELIGIBLE,R03b_20260811_FULL_v1,L1_ELIGIBILITY,v2026-08-11,2026-03-21..2026-08-06,baccarat_bet02_101_all_pairs_incl_sentinel,round_win = game_pnl > 0 (decisive only),COMPATIBILITY_ONLY_NOT_PRODUCTION,49116.4465,44138.1901,482.7433,1876,1876,-0.00982855,-0.04864130,-0.00569631,-0.00982855,-482.7433,49116.4465,OK,0.0000,19.3097,4.0000,96.0000,AG03-UNRESOLVED,ALL5_LEVELS_bet23_to_bet27,19.3097,19.3097,24.1372,24.1372,24.1372,4.000000,4.000000,5.000000,5.000000,5.000000,96.000000,96.000000,95.000000,95.000000,95.000000,5.0,111.0310,101.3004,371.7123,381.4429,PENDING_AG03,FALSE,NOT_FOR_ENFORCEMENT,463.4336,42372.6625,482.7433,463.4336,19.3097,0.00982855,0.00943540,19.3097,463.4336,0.00943540,19.3097,19.3097,24.1372,24.1372,24.1372,463.4336,0.00943540,111.0310,101.3004,371.7123,381.4429,0.00756798,0.00776609,0.00039314,26.1815,23.5278,0.2573,40.2286,1.0517,4093.0372,156.3333,25.8255,26.2200,25.9457,26.176,26.176,26.3317,26.3317,26.3317,26.176,0.0,1.005951,1.005951,1.000211,29,110,12,1,0.09622170,0.00982855,0.04864130,0E-8,0.000000,0.898644,0.000000,-0.04294500,2026-03-27,2026-08-03,12,459,262,130,0.092308,0.984956,0.986404,0.320739,,,,,,,,GLOBAL_BASELINE_NO_ENTITY_RANKING,,,NOT_APPLICABLE_GLOBAL_BASELINE,HF9g-P5,,,,X 全窗基线 · 不参与实体赏罚,8394528,840,A168_HF9F_20260827_0900,2026-08-27 09:00:00
2026-08-03,147441826,-1,1,1849.3309018080,-267.1255747056,-267.1255747056,0.4307692,72,72,0.50665070000000000,0.506650700000,-1.2236601807150205,-1.2236601807150205,-1.2236601807150205,0E-17,SENTINEL_DEALER,R03b_20260811_FULL_v1,L1_ELIGIBILITY,v2026-08-11,2026-03-21..2026-08-06,baccarat_bet02_101_all_pairs_incl_sentinel,round_win = game_pnl > 0 (decisive only),COMPATIBILITY_ONLY_NOT_PRODUCTION,49116.4465,44138.1901,482.7433,1876,1876,-0.00982855,-0.04864130,-0.00569631,-0.00982855,-482.7433,49116.4465,OK,0.0000,19.3097,4.0000,96.0000,AG03-UNRESOLVED,ALL5_LEVELS_bet23_to_bet27,19.3097,19.3097,24.1372,24.1372,24.1372,4.000000,4.000000,5.000000,5.000000,5.000000,96.000000,96.000000,95.000000,95.000000,95.000000,5.0,111.0310,101.3004,371.7123,381.4429,PENDING_AG03,FALSE,NOT_FOR_ENFORCEMENT,463.4336,42372.6625,482.7433,463.4336,19.3097,0.00982855,0.00943540,19.3097,463.4336,0.00943540,19.3097,19.3097,24.1372,24.1372,24.1372,463.4336,0.00943540,111.0310,101.3004,371.7123,381.4429,0.00756798,0.00776609,0.00039314,26.1815,23.5278,0.2573,40.2286,1.0517,4093.0372,156.3333,25.8255,26.2200,25.9457,26.176,26.176,26.3317,26.3317,26.3317,26.176,0.0,1.005951,1.005951,1.000211,29,110,12,1,0.09622170,0.00982855,0.04864130,0E-8,0.000000,0.898644,0.000000,-0.04294500,2026-03-27,2026-08-03,12,459,262,130,0.092308,0.984956,0.986404,0.320739,,,,,,,,GLOBAL_BASELINE_NO_ENTITY_RANKING,,,NOT_APPLICABLE_GLOBAL_BASELINE,HF9g-P5,,,,X 全窗基线 · 不参与实体赏罚,8394529,840,A168_HF9F_20260827_0900,2026-08-27 09:00:00
2026-08-03,147441826,1307,0,102.7406056560,73.2026815299,73.2026815299,1.0000000,4,4,0.50665070000000000,0.506650700000,1.7091633124209307,1.7091633124209307,1.7091633124209307,0E-17,ELIGIBLE,R03b_20260811_FULL_v1,L1_ELIGIBILITY,v2026-08-11,2026-03-21..2026-08-06,baccarat_bet02_101_all_pairs_incl_sentinel,round_win = game_pnl > 0 (decisive only),COMPATIBILITY_ONLY_NOT_PRODUCTION,49116.4465,44138.1901,482.7433,1876,1876,-0.00982855,-0.04864130,-0.00569631,-0.00982855,-482.7433,49116.4465,OK,0.0000,19.3097,4.0000,96.0000,AG03-UNRESOLVED,ALL5_LEVELS_bet23_to_bet27,19.3097,19.3097,24.1372,24.1372,24.1372,4.000000,4.000000,5.000000,5.000000,5.000000,96.000000,96.000000,95.000000,95.000000,95.000000,5.0,111.0310,101.3004,371.7123,381.4429,PENDING_AG03,FALSE,NOT_FOR_ENFORCEMENT,463.4336,42372.6625,482.7433,463.4336,19.3097,0.00982855,0.00943540,19.3097,463.4336,0.00943540,19.3097,19.3097,24.1372,24.1372,24.1372,463.4336,0.00943540,111.0310,101.3004,371.7123,381.4429,0.00756798,0.00776609,0.00039314,26.1815,23.5278,0.2573,40.2286,1.0517,4093.0372,156.3333,25.8255,26.2200,25.9457,26.176,26.176,26.3317,26.3317,26.3317,26.176,0.0,1.005951,1.005951,1.000211,29,110,12,1,0.09622170,0.00982855,0.04864130,0E-8,0.000000,0.898644,0.000000,-0.04294500,2026-03-27,2026-08-03,12,459,262,130,0.092308,0.984956,0.986404,0.320739,,,,,,,,GLOBAL_BASELINE_NO_ENTITY_RANKING,,,NOT_APPLICABLE_GLOBAL_BASELINE,HF9g-P5,,,,X 全窗基线 · 不参与实体赏罚,8394530,840,A168_HF9F_20260827_0900,2026-08-27 09:00:00
2026-08-03,147441826,1325,0,102.7406056560,-51.3703028280,-51.3703028280,0E-7,4,4,0.50665070000000000,0.506650700000,-1.4331513700195317,-1.4331513700195317,-1.4331513700195317,0E-17,ELIGIBLE,R03b_20260811_FULL_v1,L1_ELIGIBILITY,v2026-08-11,2026-03-21..2026-08-06,baccarat_bet02_101_all_pairs_incl_sentinel,round_win = game_pnl > 0 (decisive only),COMPATIBILITY_ONLY_NOT_PRODUCTION,49116.4465,44138.1901,482.7433,1876,1876,-0.00982855,-0.04864130,-0.00569631,-0.00982855,-482.7433,49116.4465,OK,0.0000,19.3097,4.0000,96.0000,AG03-UNRESOLVED,ALL5_LEVELS_bet23_to_bet27,19.3097,19.3097,24.1372,24.1372,24.1372,4.000000,4.000000,5.000000,5.000000,5.000000,96.000000,96.000000,95.000000,95.000000,95.000000,5.0,111.0310,101.3004,371.7123,381.4429,PENDING_AG03,FALSE,NOT_FOR_ENFORCEMENT,463.4336,42372.6625,482.7433,463.4336,19.3097,0.00982855,0.00943540,19.3097,463.4336,0.00943540,19.3097,19.3097,24.1372,24.1372,24.1372,463.4336,0.00943540,111.0310,101.3004,371.7123,381.4429,0.00756798,0.00776609,0.00039314,26.1815,23.5278,0.2573,40.2286,1.0517,4093.0372,156.3333,25.8255,26.2200,25.9457,26.176,26.176,26.3317,26.3317,26.3317,26.176,0.0,1.005951,1.005951,1.000211,29,110,12,1,0.09622170,0.00982855,0.04864130,0E-8,0.000000,0.898644,0.000000,-0.04294500,2026-03-27,2026-08-03,12,459,262,130,0.092308,0.984956,0.986404,0.320739,,,,,,,,GLOBAL_BASELINE_NO_ENTITY_RANKING,,,NOT_APPLICABLE_GLOBAL_BASELINE,HF9g-P5,,,,X 全窗基线 · 不参与实体赏罚,8394531,840,A168_HF9F_20260827_0900,2026-08-27 09:00:00
2026-08-03,147441826,1399,0,102.7406056560,47.5175301159,47.5175301159,0.7500000,4,4,0.50665070000000000,0.506650700000,0.9734833216690844,0.9734833216690844,0.9734833216690844,0E-17,ELIGIBLE,R03b_20260811_FULL_v1,L1_ELIGIBILITY,v2026-08-11,2026-03-21..2026-08-06,baccarat_bet02_101_all_pairs_incl_sentinel,round_win = game_pnl > 0 (decisive only),COMPATIBILITY_ONLY_NOT_PRODUCTION,49116.4465,44138.1901,482.7433,1876,1876,-0.00982855,-0.04864130,-0.00569631,-0.00982855,-482.7433,49116.4465,OK,0.0000,19.3097,4.0000,96.0000,AG03-UNRESOLVED,ALL5_LEVELS_bet23_to_bet27,19.3097,19.3097,24.1372,24.1372,24.1372,4.000000,4.000000,5.000000,5.000000,5.000000,96.000000,96.000000,95.000000,95.000000,95.000000,5.0,111.0310,101.3004,371.7123,381.4429,PENDING_AG03,FALSE,NOT_FOR_ENFORCEMENT,463.4336,42372.6625,482.7433,463.4336,19.3097,0.00982855,0.00943540,19.3097,463.4336,0.00943540,19.3097,19.3097,24.1372,24.1372,24.1372,463.4336,0.00943540,111.0310,101.3004,371.7123,381.4429,0.00756798,0.00776609,0.00039314,26.1815,23.5278,0.2573,40.2286,1.0517,4093.0372,156.3333,25.8255,26.2200,25.9457,26.176,26.176,26.3317,26.3317,26.3317,26.176,0.0,1.005951,1.005951,1.000211,29,110,12,1,0.09622170,0.00982855,0.04864130,0E-8,0.000000,0.898644,0.000000,-0.04294500,2026-03-27,2026-08-03,12,459,262,130,0.092308,0.984956,0.986404,0.320739,,,,,,,,GLOBAL_BASELINE_NO_ENTITY_RANKING,,,NOT_APPLICABLE_GLOBAL_BASELINE,HF9g-P5,,,,X 全窗基线 · 不参与实体赏罚,8394532,840,A168_HF9F_20260827_0900,2026-08-27 09:00:00
2026-08-03,147441826,1402,0,128.4257570700,71.9184239592,71.9184239592,0.8000000,5,5,0.50665070000000000,0.506650700000,1.3120140225494112,1.3120140225494112,1.3120140225494112,0E-17,ELIGIBLE,R03b_20260811_FULL_v1,L1_ELIGIBILITY,v2026-08-11,2026-03-21..2026-08-06,baccarat_bet02_101_all_pairs_incl_sentinel,round_win = game_pnl > 0 (decisive only),COMPATIBILITY_ONLY_NOT_PRODUCTION,49116.4465,44138.1901,482.7433,1876,1876,-0.00982855,-0.04864130,-0.00569631,-0.00982855,-482.7433,49116.4465,OK,0.0000,19.3097,4.0000,96.0000,AG03-UNRESOLVED,ALL5_LEVELS_bet23_to_bet27,19.3097,19.3097,24.1372,24.1372,24.1372,4.000000,4.000000,5.000000,5.000000,5.000000,96.000000,96.000000,95.000000,95.000000,95.000000,5.0,111.0310,101.3004,371.7123,381.4429,PENDING_AG03,FALSE,NOT_FOR_ENFORCEMENT,463.4336,42372.6625,482.7433,463.4336,19.3097,0.00982855,0.00943540,19.3097,463.4336,0.00943540,19.3097,19.3097,24.1372,24.1372,24.1372,463.4336,0.00943540,111.0310,101.3004,371.7123,381.4429,0.00756798,0.00776609,0.00039314,26.1815,23.5278,0.2573,40.2286,1.0517,4093.0372,156.3333,25.8255,26.2200,25.9457,26.176,26.176,26.3317,26.3317,26.3317,26.176,0.0,1.005951,1.005951,1.000211,29,110,12,1,0.09622170,0.00982855,0.04864130,0E-8,0.000000,0.898644,0.000000,-0.04294500,2026-03-27,2026-08-03,12,459,262,130,0.092308,0.984956,0.986404,0.320739,,,,,,,,GLOBAL_BASELINE_NO_ENTITY_RANKING,,,NOT_APPLICABLE_GLOBAL_BASELINE,HF9g-P5,,,,X 全窗基线 · 不参与实体赏罚,8394533,840,A168_HF9F_20260827_0900,2026-08-27 09:00:00
2026-08-03,147441826,1507,0,25.6851514140,0E-10,0E-10,,1,1,0.50665070000000000,0.506650700000,,,,0E-17,NO_DECISIVE_ROUND,R03b_20260811_FULL_v1,L1_ELIGIBILITY,v2026-08-11,2026-03-21..2026-08-06,baccarat_bet02_101_all_pairs_incl_sentinel,round_win = game_pnl > 0 (decisive only),COMPATIBILITY_ONLY_NOT_PRODUCTION,49116.4465,44138.1901,482.7433,1876,1876,-0.00982855,-0.04864130,-0.00569631,-0.00982855,-482.7433,49116.4465,OK,0.0000,19.3097,4.0000,96.0000,AG03-UNRESOLVED,ALL5_LEVELS_bet23_to_bet27,19.3097,19.3097,24.1372,24.1372,24.1372,4.000000,4.000000,5.000000,5.000000,5.000000,96.000000,96.000000,95.000000,95.000000,95.000000,5.0,111.0310,101.3004,371.7123,381.4429,PENDING_AG03,FALSE,NOT_FOR_ENFORCEMENT,463.4336,42372.6625,482.7433,463.4336,19.3097,0.00982855,0.00943540,19.3097,463.4336,0.00943540,19.3097,19.3097,24.1372,24.1372,24.1372,463.4336,0.00943540,111.0310,101.3004,371.7123,381.4429,0.00756798,0.00776609,0.00039314,26.1815,23.5278,0.2573,40.2286,1.0517,4093.0372,156.3333,25.8255,26.2200,25.9457,26.176,26.176,26.3317,26.3317,26.3317,26.176,0.0,1.005951,1.005951,1.000211,29,110,12,1,0.09622170,0.00982855,0.04864130,0E-8,0.000000,0.898644,0.000000,-0.04294500,2026-03-27,2026-08-03,12,459,262,130,0.092308,0.984956,0.986404,0.320739,,,,,,,,GLOBAL_BASELINE_NO_ENTITY_RANKING,,,NOT_APPLICABLE_GLOBAL_BASELINE,HF9g-P5,,,,X 全窗基线 · 不参与实体赏罚,8394534,840,A168_HF9F_20260827_0900,2026-08-27 09:00:00
2026-08-03,147441826,1935,0,77.0554542420,23.1166362726,23.1166362726,0.6666667,3,3,0.50665070000000000,0.506650700000,0.5543606114942035,0.5543606114942035,0.5543606114942035,0E-17,ELIGIBLE,R03b_20260811_FULL_v1,L1_ELIGIBILITY,v2026-08-11,2026-03-21..2026-08-06,baccarat_bet02_101_all_pairs_incl_sentinel,round_win = game_pnl > 0 (decisive only),COMPATIBILITY_ONLY_NOT_PRODUCTION,49116.4465,44138.1901,482.7433,1876,1876,-0.00982855,-0.04864130,-0.00569631,-0.00982855,-482.7433,49116.4465,OK,0.0000,19.3097,4.0000,96.0000,AG03-UNRESOLVED,ALL5_LEVELS_bet23_to_bet27,19.3097,19.3097,24.1372,24.1372,24.1372,4.000000,4.000000,5.000000,5.000000,5.000000,96.000000,96.000000,95.000000,95.000000,95.000000,5.0,111.0310,101.3004,371.7123,381.4429,PENDING_AG03,FALSE,NOT_FOR_ENFORCEMENT,463.4336,42372.6625,482.7433,463.4336,19.3097,0.00982855,0.00943540,19.3097,463.4336,0.00943540,19.3097,19.3097,24.1372,24.1372,24.1372,463.4336,0.00943540,111.0310,101.3004,371.7123,381.4429,0.00756798,0.00776609,0.00039314,26.1815,23.5278,0.2573,40.2286,1.0517,4093.0372,156.3333,25.8255,26.2200,25.9457,26.176,26.176,26.3317,26.3317,26.3317,26.176,0.0,1.005951,1.005951,1.000211,29,110,12,1,0.09622170,0.00982855,0.04864130,0E-8,0.000000,0.898644,0.000000,-0.04294500,2026-03-27,2026-08-03,12,459,262,130,0.092308,0.984956,0.986404,0.320739,,,,,,,,GLOBAL_BASELINE_NO_ENTITY_RANKING,,,NOT_APPLICABLE_GLOBAL_BASELINE,HF9g-P5,,,,X 全窗基线 · 不参与实体赏罚,8394535,840,A168_HF9F_20260827_0900,2026-08-27 09:00:00
2026-08-03,147441826,2059,0,25.6851514140,24.4008938433,24.4008938433,1.0000000,1,1,0.50665070000000000,0.506650700000,0.9867858985152569,0.9867858985152569,0.9867858985152569,0E-17,ELIGIBLE,R03b_20260811_FULL_v1,L1_ELIGIBILITY,v2026-08-11,2026-03-21..2026-08-06,baccarat_bet02_101_all_pairs_incl_sentinel,round_win = game_pnl > 0 (decisive only),COMPATIBILITY_ONLY_NOT_PRODUCTION,49116.4465,44138.1901,482.7433,1876,1876,-0.00982855,-0.04864130,-0.00569631,-0.00982855,-482.7433,49116.4465,OK,0.0000,19.3097,4.0000,96.0000,AG03-UNRESOLVED,ALL5_LEVELS_bet23_to_bet27,19.3097,19.3097,24.1372,24.1372,24.1372,4.000000,4.000000,5.000000,5.000000,5.000000,96.000000,96.000000,95.000000,95.000000,95.000000,5.0,111.0310,101.3004,371.7123,381.4429,PENDING_AG03,FALSE,NOT_FOR_ENFORCEMENT,463.4336,42372.6625,482.7433,463.4336,19.3097,0.00982855,0.00943540,19.3097,463.4336,0.00943540,19.3097,19.3097,24.1372,24.1372,24.1372,463.4336,0.00943540,111.0310,101.3004,371.7123,381.4429,0.00756798,0.00776609,0.00039314,26.1815,23.5278,0.2573,40.2286,1.0517,4093.0372,156.3333,25.8255,26.2200,25.9457,26.176,26.176,26.3317,26.3317,26.3317,26.176,0.0,1.005951,1.005951,1.000211,29,110,12,1,0.09622170,0.00982855,0.04864130,0E-8,0.000000,0.898644,0.000000,-0.04294500,2026-03-27,2026-08-03,12,459,262,130,0.092308,0.984956,0.986404,0.320739,,,,,,,,GLOBAL_BASELINE_NO_ENTITY_RANKING,,,NOT_APPLICABLE_GLOBAL_BASELINE,HF9g-P5,,,,X 全窗基线 · 不参与实体赏罚,8394536,840,A168_HF9F_20260827_0900,2026-08-27 09:00:00
2026-08-03,147441826,2083,0,154.1109084840,71.9184239592,71.9184239592,0.8000000,6,6,0.50665070000000000,0.506650700000,1.3120140225494112,1.3120140225494112,1.3120140225494112,0E-17,ELIGIBLE,R03b_20260811_FULL_v1,L1_ELIGIBILITY,v2026-08-11,2026-03-21..2026-08-06,baccarat_bet02_101_all_pairs_incl_sentinel,round_win = game_pnl > 0 (decisive only),COMPATIBILITY_ONLY_NOT_PRODUCTION,49116.4465,44138.1901,482.7433,1876,1876,-0.00982855,-0.04864130,-0.00569631,-0.00982855,-482.7433,49116.4465,OK,0.0000,19.3097,4.0000,96.0000,AG03-UNRESOLVED,ALL5_LEVELS_bet23_to_bet27,19.3097,19.3097,24.1372,24.1372,24.1372,4.000000,4.000000,5.000000,5.000000,5.000000,96.000000,96.000000,95.000000,95.000000,95.000000,5.0,111.0310,101.3004,371.7123,381.4429,PENDING_AG03,FALSE,NOT_FOR_ENFORCEMENT,463.4336,42372.6625,482.7433,463.4336,19.3097,0.00982855,0.00943540,19.3097,463.4336,0.00943540,19.3097,19.3097,24.1372,24.1372,24.1372,463.4336,0.00943540,111.0310,101.3004,371.7123,381.4429,0.00756798,0.00776609,0.00039314,26.1815,23.5278,0.2573,40.2286,1.0517,4093.0372,156.3333,25.8255,26.2200,25.9457,26.176,26.176,26.3317,26.3317,26.3317,26.176,0.0,1.005951,1.005951,1.000211,29,110,12,1,0.09622170,0.00982855,0.04864130,0E-8,0.000000,0.898644,0.000000,-0.04294500,2026-03-27,2026-08-03,12,459,262,130,0.092308,0.984956,0.986404,0.320739,,,,,,,,GLOBAL_BASELINE_NO_ENTITY_RANKING,,,NOT_APPLICABLE_GLOBAL_BASELINE,HF9g-P5,,,,X 全窗基线 · 不参与实体赏罚,8394537,840,A168_HF9F_20260827_0900,2026-08-27 09:00:00
2026-08-03,147441826,2089,0,51.3703028280,-51.3703028280,-51.3703028280,0E-7,2,2,0.50665070000000000,0.506650700000,-1.4331513700195317,-1.4331513700195317,-1.4331513700195317,0E-17,ELIGIBLE,R03b_20260811_FULL_v1,L1_ELIGIBILITY,v2026-08-11,2026-03-21..2026-08-06,baccarat_bet02_101_all_pairs_incl_sentinel,round_win = game_pnl > 0 (decisive only),COMPATIBILITY_ONLY_NOT_PRODUCTION,49116.4465,44138.1901,482.7433,1876,1876,-0.00982855,-0.04864130,-0.00569631,-0.00982855,-482.7433,49116.4465,OK,0.0000,19.3097,4.0000,96.0000,AG03-UNRESOLVED,ALL5_LEVELS_bet23_to_bet27,19.3097,19.3097,24.1372,24.1372,24.1372,4.000000,4.000000,5.000000,5.000000,5.000000,96.000000,96.000000,95.000000,95.000000,95.000000,5.0,111.0310,101.3004,371.7123,381.4429,PENDING_AG03,FALSE,NOT_FOR_ENFORCEMENT,463.4336,42372.6625,482.7433,463.4336,19.3097,0.00982855,0.00943540,19.3097,463.4336,0.00943540,19.3097,19.3097,24.1372,24.1372,24.1372,463.4336,0.00943540,111.0310,101.3004,371.7123,381.4429,0.00756798,0.00776609,0.00039314,26.1815,23.5278,0.2573,40.2286,1.0517,4093.0372,156.3333,25.8255,26.2200,25.9457,26.176,26.176,26.3317,26.3317,26.3317,26.176,0.0,1.005951,1.005951,1.000211,29,110,12,1,0.09622170,0.00982855,0.04864130,0E-8,0.000000,0.898644,0.000000,-0.04294500,2026-03-27,2026-08-03,12,459,262,130,0.092308,0.984956,0.986404,0.320739,,,,,,,,GLOBAL_BASELINE_NO_ENTITY_RANKING,,,NOT_APPLICABLE_GLOBAL_BASELINE,HF9g-P5,,,,X 全窗基线 · 不参与实体赏罚,8394538,840,A168_HF9F_20260827_0900,2026-08-27 09:00:00
2026-08-03,147441826,2093,0,179.7960598980,21.8323787019,21.8323787019,0.6000000,7,7,0.50665070000000000,0.506650700000,0.4175076967804994,0.4175076967804994,0.4175076967804994,0E-17,ELIGIBLE,R03b_20260811_FULL_v1,L1_ELIGIBILITY,v2026-08-11,2026-03-21..2026-08-06,baccarat_bet02_101_all_pairs_incl_sentinel,round_win = game_pnl > 0 (decisive only),COMPATIBILITY_ONLY_NOT_PRODUCTION,49116.4465,44138.1901,482.7433,1876,1876,-0.00982855,-0.04864130,-0.00569631,-0.00982855,-482.7433,49116.4465,OK,0.0000,19.3097,4.0000,96.0000,AG03-UNRESOLVED,ALL5_LEVELS_bet23_to_bet27,19.3097,19.3097,24.1372,24.1372,24.1372,4.000000,4.000000,5.000000,5.000000,5.000000,96.000000,96.000000,95.000000,95.000000,95.000000,5.0,111.0310,101.3004,371.7123,381.4429,PENDING_AG03,FALSE,NOT_FOR_ENFORCEMENT,463.4336,42372.6625,482.7433,463.4336,19.3097,0.00982855,0.00943540,19.3097,463.4336,0.00943540,19.3097,19.3097,24.1372,24.1372,24.1372,463.4336,0.00943540,111.0310,101.3004,371.7123,381.4429,0.00756798,0.00776609,0.00039314,26.1815,23.5278,0.2573,40.2286,1.0517,4093.0372,156.3333,25.8255,26.2200,25.9457,26.176,26.176,26.3317,26.3317,26.3317,26.176,0.0,1.005951,1.005951,1.000211,29,110,12,1,0.09622170,0.00982855,0.04864130,0E-8,0.000000,0.898644,0.000000,-0.04294500,2026-03-27,2026-08-03,12,459,262,130,0.092308,0.984956,0.986404,0.320739,,,,,,,,GLOBAL_BASELINE_NO_ENTITY_RANKING,,,NOT_APPLICABLE_GLOBAL_BASELINE,HF9g-P5,,,,X 全窗基线 · 不参与实体赏罚,8394539,840,A168_HF9F_20260827_0900,2026-08-27 09:00:00
2026-08-03,147441826,2103,0,205.4812113120,44.9490149745,44.9490149745,0.6250000,8,8,0.50665070000000000,0.506650700000,0.6695439735338472,0.6695439735338472,0.6695439735338472,0E-17,ELIGIBLE,R03b_20260811_FULL_v1,L1_ELIGIBILITY,v2026-08-11,2026-03-21..2026-08-06,baccarat_bet02_101_all_pairs_incl_sentinel,round_win = game_pnl > 0 (decisive only),COMPATIBILITY_ONLY_NOT_PRODUCTION,49116.4465,44138.1901,482.7433,1876,1876,-0.00982855,-0.04864130,-0.00569631,-0.00982855,-482.7433,49116.4465,OK,0.0000,19.3097,4.0000,96.0000,AG03-UNRESOLVED,ALL5_LEVELS_bet23_to_bet27,19.3097,19.3097,24.1372,24.1372,24.1372,4.000000,4.000000,5.000000,5.000000,5.000000,96.000000,96.000000,95.000000,95.000000,95.000000,5.0,111.0310,101.3004,371.7123,381.4429,PENDING_AG03,FALSE,NOT_FOR_ENFORCEMENT,463.4336,42372.6625,482.7433,463.4336,19.3097,0.00982855,0.00943540,19.3097,463.4336,0.00943540,19.3097,19.3097,24.1372,24.1372,24.1372,463.4336,0.00943540,111.0310,101.3004,371.7123,381.4429,0.00756798,0.00776609,0.00039314,26.1815,23.5278,0.2573,40.2286,1.0517,4093.0372,156.3333,25.8255,26.2200,25.9457,26.176,26.176,26.3317,26.3317,26.3317,26.176,0.0,1.005951,1.005951,1.000211,29,110,12,1,0.09622170,0.00982855,0.04864130,0E-8,0.000000,0.898644,0.000000,-0.04294500,2026-03-27,2026-08-03,12,459,262,130,0.092308,0.984956,0.986404,0.320739,,,,,,,,GLOBAL_BASELINE_NO_ENTITY_RANKING,,,NOT_APPLICABLE_GLOBAL_BASELINE,HF9g-P5,,,,X 全窗基线 · 不参与实体赏罚,8394540,840,A168_HF9F_20260827_0900,2026-08-27 09:00:00
2026-08-03,147441826,2110,0,25.6851514140,0E-10,0E-10,,1,1,0.50665070000000000,0.506650700000,,,,0E-17,NO_DECISIVE_ROUND,R03b_20260811_FULL_v1,L1_ELIGIBILITY,v2026-08-11,2026-03-21..2026-08-06,baccarat_bet02_101_all_pairs_incl_sentinel,round_win = game_pnl > 0 (decisive only),COMPATIBILITY_ONLY_NOT_PRODUCTION,49116.4465,44138.1901,482.7433,1876,1876,-0.00982855,-0.04864130,-0.00569631,-0.00982855,-482.7433,49116.4465,OK,0.0000,19.3097,4.0000,96.0000,AG03-UNRESOLVED,ALL5_LEVELS_bet23_to_bet27,19.3097,19.3097,24.1372,24.1372,24.1372,4.000000,4.000000,5.000000,5.000000,5.000000,96.000000,96.000000,95.000000,95.000000,95.000000,5.0,111.0310,101.3004,371.7123,381.4429,PENDING_AG03,FALSE,NOT_FOR_ENFORCEMENT,463.4336,42372.6625,482.7433,463.4336,19.3097,0.00982855,0.00943540,19.3097,463.4336,0.00943540,19.3097,19.3097,24.1372,24.1372,24.1372,463.4336,0.00943540,111.0310,101.3004,371.7123,381.4429,0.00756798,0.00776609,0.00039314,26.1815,23.5278,0.2573,40.2286,1.0517,4093.0372,156.3333,25.8255,26.2200,25.9457,26.176,26.176,26.3317,26.3317,26.3317,26.176,0.0,1.005951,1.005951,1.000211,29,110,12,1,0.09622170,0.00982855,0.04864130,0E-8,0.000000,0.898644,0.000000,-0.04294500,2026-03-27,2026-08-03,12,459,262,130,0.092308,0.984956,0.986404,0.320739,,,,,,,,GLOBAL_BASELINE_NO_ENTITY_RANKING,,,NOT_APPLICABLE_GLOBAL_BASELINE,HF9g-P5,,,,X 全窗基线 · 不参与实体赏罚,8394541,840,A168_HF9F_20260827_0900,2026-08-27 09:00:00
2026-08-03,147441826,2117,0,154.1109084840,-53.9388179694,-53.9388179694,0.3333333,6,6,0.50665070000000000,0.506650700000,-0.8491533462951141,-0.8491533462951141,-0.8491533462951141,0E-17,ELIGIBLE,R03b_20260811_FULL_v1,L1_ELIGIBILITY,v2026-08-11,2026-03-21..2026-08-06,baccarat_bet02_101_all_pairs_incl_sentinel,round_win = game_pnl > 0 (decisive only),COMPATIBILITY_ONLY_NOT_PRODUCTION,49116.4465,44138.1901,482.7433,1876,1876,-0.00982855,-0.04864130,-0.00569631,-0.00982855,-482.7433,49116.4465,OK,0.0000,19.3097,4.0000,96.0000,AG03-UNRESOLVED,ALL5_LEVELS_bet23_to_bet27,19.3097,19.3097,24.1372,24.1372,24.1372,4.000000,4.000000,5.000000,5.000000,5.000000,96.000000,96.000000,95.000000,95.000000,95.000000,5.0,111.0310,101.3004,371.7123,381.4429,PENDING_AG03,FALSE,NOT_FOR_ENFORCEMENT,463.4336,42372.6625,482.7433,463.4336,19.3097,0.00982855,0.00943540,19.3097,463.4336,0.00943540,19.3097,19.3097,24.1372,24.1372,24.1372,463.4336,0.00943540,111.0310,101.3004,371.7123,381.4429,0.00756798,0.00776609,0.00039314,26.1815,23.5278,0.2573,40.2286,1.0517,4093.0372,156.3333,25.8255,26.2200,25.9457,26.176,26.176,26.3317,26.3317,26.3317,26.176,0.0,1.005951,1.005951,1.000211,29,110,12,1,0.09622170,0.00982855,0.04864130,0E-8,0.000000,0.898644,0.000000,-0.04294500,2026-03-27,2026-08-03,12,459,262,130,0.092308,0.984956,0.986404,0.320739,,,,,,,,GLOBAL_BASELINE_NO_ENTITY_RANKING,,,NOT_APPLICABLE_GLOBAL_BASELINE,HF9g-P5,,,,X 全窗基线 · 不参与实体赏罚,8394542,840,A168_HF9F_20260827_0900,2026-08-27 09:00:00
2026-08-03,147441826,2141,0,25.6851514140,-25.6851514140,-25.6851514140,0E-7,1,1,0.50665070000000000,0.506650700000,-1.013391052207602,-1.013391052207602,-1.013391052207602,0E-17,ELIGIBLE,R03b_20260811_FULL_v1,L1_ELIGIBILITY,v2026-08-11,2026-03-21..2026-08-06,baccarat_bet02_101_all_pairs_incl_sentinel,round_win = game_pnl > 0 (decisive only),COMPATIBILITY_ONLY_NOT_PRODUCTION,49116.4465,44138.1901,482.7433,1876,1876,-0.00982855,-0.04864130,-0.00569631,-0.00982855,-482.7433,49116.4465,OK,0.0000,19.3097,4.0000,96.0000,AG03-UNRESOLVED,ALL5_LEVELS_bet23_to_bet27,19.3097,19.3097,24.1372,24.1372,24.1372,4.000000,4.000000,5.000000,5.000000,5.000000,96.000000,96.000000,95.000000,95.000000,95.000000,5.0,111.0310,101.3004,371.7123,381.4429,PENDING_AG03,FALSE,NOT_FOR_ENFORCEMENT,463.4336,42372.6625,482.7433,463.4336,19.3097,0.00982855,0.00943540,19.3097,463.4336,0.00943540,19.3097,19.3097,24.1372,24.1372,24.1372,463.4336,0.00943540,111.0310,101.3004,371.7123,381.4429,0.00756798,0.00776609,0.00039314,26.1815,23.5278,0.2573,40.2286,1.0517,4093.0372,156.3333,25.8255,26.2200,25.9457,26.176,26.176,26.3317,26.3317,26.3317,26.176,0.0,1.005951,1.005951,1.000211,29,110,12,1,0.09622170,0.00982855,0.04864130,0E-8,0.000000,0.898644,0.000000,-0.04294500,2026-03-27,2026-08-03,12,459,262,130,0.092308,0.984956,0.986404,0.320739,,,,,,,,GLOBAL_BASELINE_NO_ENTITY_RANKING,,,NOT_APPLICABLE_GLOBAL_BASELINE,HF9g-P5,,,,X 全窗基线 · 不参与实体赏罚,8394543,840,A168_HF9F_20260827_0900,2026-08-27 09:00:00
2026-08-03,147441826,2152,0,154.1109084840,-26.9694089847,-26.9694089847,0.3333333,6,6,0.50665070000000000,0.506650700000,-0.6004420894325239,-0.6004420894325239,-0.6004420894325239,0E-17,ELIGIBLE,R03b_20260811_FULL_v1,L1_ELIGIBILITY,v2026-08-11,2026-03-21..2026-08-06,baccarat_bet02_101_all_pairs_incl_sentinel,round_win = game_pnl > 0 (decisive only),COMPATIBILITY_ONLY_NOT_PRODUCTION,49116.4465,44138.1901,482.7433,1876,1876,-0.00982855,-0.04864130,-0.00569631,-0.00982855,-482.7433,49116.4465,OK,0.0000,19.3097,4.0000,96.0000,AG03-UNRESOLVED,ALL5_LEVELS_bet23_to_bet27,19.3097,19.3097,24.1372,24.1372,24.1372,4.000000,4.000000,5.000000,5.000000,5.000000,96.000000,96.000000,95.000000,95.000000,95.000000,5.0,111.0310,101.3004,371.7123,381.4429,PENDING_AG03,FALSE,NOT_FOR_ENFORCEMENT,463.4336,42372.6625,482.7433,463.4336,19.3097,0.00982855,0.00943540,19.3097,463.4336,0.00943540,19.3097,19.3097,24.1372,24.1372,24.1372,463.4336,0.00943540,111.0310,101.3004,371.7123,381.4429,0.00756798,0.00776609,0.00039314,26.1815,23.5278,0.2573,40.2286,1.0517,4093.0372,156.3333,25.8255,26.2200,25.9457,26.176,26.176,26.3317,26.3317,26.3317,26.176,0.0,1.005951,1.005951,1.000211,29,110,12,1,0.09622170,0.00982855,0.04864130,0E-8,0.000000,0.898644,0.000000,-0.04294500,2026-03-27,2026-08-03,12,459,262,130,0.092308,0.984956,0.986404,0.320739,,,,,,,,GLOBAL_BASELINE_NO_ENTITY_RANKING,,,NOT_APPLICABLE_GLOBAL_BASELINE,HF9g-P5,,,,X 全窗基线 · 不参与实体赏罚,8394544,840,A168_HF9F_20260827_0900,2026-08-27 09:00:00
2026-08-03,147441826,2169,0,231.1663627260,-55.2230755401,-55.2230755401,0.3750000,9,9,0.50665070000000000,0.506650700000,-0.7447947118953172,-0.7447947118953172,-0.7447947118953172,0E-17,ELIGIBLE,R03b_20260811_FULL_v1,L1_ELIGIBILITY,v2026-08-11,2026-03-21..2026-08-06,baccarat_bet02_101_all_pairs_incl_sentinel,round_win = game_pnl > 0 (decisive only),COMPATIBILITY_ONLY_NOT_PRODUCTION,49116.4465,44138.1901,482.7433,1876,1876,-0.00982855,-0.04864130,-0.00569631,-0.00982855,-482.7433,49116.4465,OK,0.0000,19.3097,4.0000,96.0000,AG03-UNRESOLVED,ALL5_LEVELS_bet23_to_bet27,19.3097,19.3097,24.1372,24.1372,24.1372,4.000000,4.000000,5.000000,5.000000,5.000000,96.000000,96.000000,95.000000,95.000000,95.000000,5.0,111.0310,101.3004,371.7123,381.4429,PENDING_AG03,FALSE,NOT_FOR_ENFORCEMENT,463.4336,42372.6625,482.7433,463.4336,19.3097,0.00982855,0.00943540,19.3097,463.4336,0.00943540,19.3097,19.3097,24.1372,24.1372,24.1372,463.4336,0.00943540,111.0310,101.3004,371.7123,381.4429,0.00756798,0.00776609,0.00039314,26.1815,23.5278,0.2573,40.2286,1.0517,4093.0372,156.3333,25.8255,26.2200,25.9457,26.176,26.176,26.3317,26.3317,26.3317,26.176,0.0,1.005951,1.005951,1.000211,29,110,12,1,0.09622170,0.00982855,0.04864130,0E-8,0.000000,0.898644,0.000000,-0.04294500,2026-03-27,2026-08-03,12,459,262,130,0.092308,0.984956,0.986404,0.320739,,,,,,,,GLOBAL_BASELINE_NO_ENTITY_RANKING,,,NOT_APPLICABLE_GLOBAL_BASELINE,HF9g-P5,,,,X 全窗基线 · 不参与实体赏罚,8394545,840,A168_HF9F_20260827_0900,2026-08-27 09:00:00
2026-08-03,147441826,2170,0,25.6851514140,-25.6851514140,-25.6851514140,0E-7,1,1,0.50665070000000000,0.506650700000,-1.013391052207602,-1.013391052207602,-1.013391052207602,0E-17,ELIGIBLE,R03b_20260811_FULL_v1,L1_ELIGIBILITY,v2026-08-11,2026-03-21..2026-08-06,baccarat_bet02_101_all_pairs_incl_sentinel,round_win = game_pnl > 0 (decisive only),COMPATIBILITY_ONLY_NOT_PRODUCTION,49116.4465,44138.1901,482.7433,1876,1876,-0.00982855,-0.04864130,-0.00569631,-0.00982855,-482.7433,49116.4465,OK,0.0000,19.3097,4.0000,96.0000,AG03-UNRESOLVED,ALL5_LEVELS_bet23_to_bet27,19.3097,19.3097,24.1372,24.1372,24.1372,4.000000,4.000000,5.000000,5.000000,5.000000,96.000000,96.000000,95.000000,95.000000,95.000000,5.0,111.0310,101.3004,371.7123,381.4429,PENDING_AG03,FALSE,NOT_FOR_ENFORCEMENT,463.4336,42372.6625,482.7433,463.4336,19.3097,0.00982855,0.00943540,19.3097,463.4336,0.00943540,19.3097,19.3097,24.1372,24.1372,24.1372,463.4336,0.00943540,111.0310,101.3004,371.7123,381.4429,0.00756798,0.00776609,0.00039314,26.1815,23.5278,0.2573,40.2286,1.0517,4093.0372,156.3333,25.8255,26.2200,25.9457,26.176,26.176,26.3317,26.3317,26.3317,26.176,0.0,1.005951,1.005951,1.000211,29,110,12,1,0.09622170,0.00982855,0.04864130,0E-8,0.000000,0.898644,0.000000,-0.04294500,2026-03-27,2026-08-03,12,459,262,130,0.092308,0.984956,0.986404,0.320739,,,,,,,,GLOBAL_BASELINE_NO_ENTITY_RANKING,,,NOT_APPLICABLE_GLOBAL_BASELINE,HF9g-P5,,,,X 全窗基线 · 不参与实体赏罚,8394546,840,A168_HF9F_20260827_0900,2026-08-27 09:00:00
2026-08-03,147441826,2174,0,154.1109084840,46.2332725452,46.2332725452,0.6666667,6,6,0.50665070000000000,0.506650700000,0.7839842952205449,0.7839842952205449,0.7839842952205449,0E-17,ELIGIBLE,R03b_20260811_FULL_v1,L1_ELIGIBILITY,v2026-08-11,2026-03-21..2026-08-06,baccarat_bet02_101_all_pairs_incl_sentinel,round_win = game_pnl > 0 (decisive only),COMPATIBILITY_ONLY_NOT_PRODUCTION,49116.4465,44138.1901,482.7433,1876,1876,-0.00982855,-0.04864130,-0.00569631,-0.00982855,-482.7433,49116.4465,OK,0.0000,19.3097,4.0000,96.0000,AG03-UNRESOLVED,ALL5_LEVELS_bet23_to_bet27,19.3097,19.3097,24.1372,24.1372,24.1372,4.000000,4.000000,5.000000,5.000000,5.000000,96.000000,96.000000,95.000000,95.000000,95.000000,5.0,111.0310,101.3004,371.7123,381.4429,PENDING_AG03,FALSE,NOT_FOR_ENFORCEMENT,463.4336,42372.6625,482.7433,463.4336,19.3097,0.00982855,0.00943540,19.3097,463.4336,0.00943540,19.3097,19.3097,24.1372,24.1372,24.1372,463.4336,0.00943540,111.0310,101.3004,371.7123,381.4429,0.00756798,0.00776609,0.00039314,26.1815,23.5278,0.2573,40.2286,1.0517,4093.0372,156.3333,25.8255,26.2200,25.9457,26.176,26.176,26.3317,26.3317,26.3317,26.176,0.0,1.005951,1.005951,1.000211,29,110,12,1,0.09622170,0.00982855,0.04864130,0E-8,0.000000,0.898644,0.000000,-0.04294500,2026-03-27,2026-08-03,12,459,262,130,0.092308,0.984956,0.986404,0.320739,,,,,,,,GLOBAL_BASELINE_NO_ENTITY_RANKING,,,NOT_APPLICABLE_GLOBAL_BASELINE,HF9g-P5,,,,X 全窗基线 · 不参与实体赏罚,8394547,840,A168_HF9F_20260827_0900,2026-08-27 09:00:00
2026-08-03,147441826,2196,0,77.0554542420,23.1166362726,23.1166362726,0.6666667,3,3,0.50665070000000000,0.506650700000,0.5543606114942035,0.5543606114942035,0.5543606114942035,0E-17,ELIGIBLE,R03b_20260811_FULL_v1,L1_ELIGIBILITY,v2026-08-11,2026-03-21..2026-08-06,baccarat_bet02_101_all_pairs_incl_sentinel,round_win = game_pnl > 0 (decisive only),COMPATIBILITY_ONLY_NOT_PRODUCTION,49116.4465,44138.1901,482.7433,1876,1876,-0.00982855,-0.04864130,-0.00569631,-0.00982855,-482.7433,49116.4465,OK,0.0000,19.3097,4.0000,96.0000,AG03-UNRESOLVED,ALL5_LEVELS_bet23_to_bet27,19.3097,19.3097,24.1372,24.1372,24.1372,4.000000,4.000000,5.000000,5.000000,5.000000,96.000000,96.000000,95.000000,95.000000,95.000000,5.0,111.0310,101.3004,371.7123,381.4429,PENDING_AG03,FALSE,NOT_FOR_ENFORCEMENT,463.4336,42372.6625,482.7433,463.4336,19.3097,0.00982855,0.00943540,19.3097,463.4336,0.00943540,19.3097,19.3097,24.1372,24.1372,24.1372,463.4336,0.00943540,111.0310,101.3004,371.7123,381.4429,0.00756798,0.00776609,0.00039314,26.1815,23.5278,0.2573,40.2286,1.0517,4093.0372,156.3333,25.8255,26.2200,25.9457,26.176,26.176,26.3317,26.3317,26.3317,26.176,0.0,1.005951,1.005951,1.000211,29,110,12,1,0.09622170,0.00982855,0.04864130,0E-8,0.000000,0.898644,0.000000,-0.04294500,2026-03-27,2026-08-03,12,459,262,130,0.092308,0.984956,0.986404,0.320739,,,,,,,,GLOBAL_BASELINE_NO_ENTITY_RANKING,,,NOT_APPLICABLE_GLOBAL_BASELINE,HF9g-P5,,,,X 全窗基线 · 不参与实体赏罚,8394548,840,A168_HF9F_20260827_0900,2026-08-27 09:00:00
2026-08-03,147441826,2209,0,25.6851514140,-25.6851514140,-25.6851514140,0E-7,1,1,0.50665070000000000,0.506650700000,-1.013391052207602,-1.013391052207602,-1.013391052207602,0E-17,ELIGIBLE,R03b_20260811_FULL_v1,L1_ELIGIBILITY,v2026-08-11,2026-03-21..2026-08-06,baccarat_bet02_101_all_pairs_incl_sentinel,round_win = game_pnl > 0 (decisive only),COMPATIBILITY_ONLY_NOT_PRODUCTION,49116.4465,44138.1901,482.7433,1876,1876,-0.00982855,-0.04864130,-0.00569631,-0.00982855,-482.7433,49116.4465,OK,0.0000,19.3097,4.0000,96.0000,AG03-UNRESOLVED,ALL5_LEVELS_bet23_to_bet27,19.3097,19.3097,24.1372,24.1372,24.1372,4.000000,4.000000,5.000000,5.000000,5.000000,96.000000,96.000000,95.000000,95.000000,95.000000,5.0,111.0310,101.3004,371.7123,381.4429,PENDING_AG03,FALSE,NOT_FOR_ENFORCEMENT,463.4336,42372.6625,482.7433,463.4336,19.3097,0.00982855,0.00943540,19.3097,463.4336,0.00943540,19.3097,19.3097,24.1372,24.1372,24.1372,463.4336,0.00943540,111.0310,101.3004,371.7123,381.4429,0.00756798,0.00776609,0.00039314,26.1815,23.5278,0.2573,40.2286,1.0517,4093.0372,156.3333,25.8255,26.2200,25.9457,26.176,26.176,26.3317,26.3317,26.3317,26.176,0.0,1.005951,1.005951,1.000211,29,110,12,1,0.09622170,0.00982855,0.04864130,0E-8,0.000000,0.898644,0.000000,-0.04294500,2026-03-27,2026-08-03,12,459,262,130,0.092308,0.984956,0.986404,0.320739,,,,,,,,GLOBAL_BASELINE_NO_ENTITY_RANKING,,,NOT_APPLICABLE_GLOBAL_BASELINE,HF9g-P5,,,,X 全窗基线 · 不参与实体赏罚,8394549,840,A168_HF9F_20260827_0900,2026-08-27 09:00:00
2026-08-03,147441826,2210,0,51.3703028280,-1.2842575707,-1.2842575707,0.5000000,2,2,0.50665070000000000,0.506650700000,-0.018812684590367487,-0.018812684590367487,-0.018812684590367487,0E-17,ELIGIBLE,R03b_20260811_FULL_v1,L1_ELIGIBILITY,v2026-08-11,2026-03-21..2026-08-06,baccarat_bet02_101_all_pairs_incl_sentinel,round_win = game_pnl > 0 (decisive only),COMPATIBILITY_ONLY_NOT_PRODUCTION,49116.4465,44138.1901,482.7433,1876,1876,-0.00982855,-0.04864130,-0.00569631,-0.00982855,-482.7433,49116.4465,OK,0.0000,19.3097,4.0000,96.0000,AG03-UNRESOLVED,ALL5_LEVELS_bet23_to_bet27,19.3097,19.3097,24.1372,24.1372,24.1372,4.000000,4.000000,5.000000,5.000000,5.000000,96.000000,96.000000,95.000000,95.000000,95.000000,5.0,111.0310,101.3004,371.7123,381.4429,PENDING_AG03,FALSE,NOT_FOR_ENFORCEMENT,463.4336,42372.6625,482.7433,463.4336,19.3097,0.00982855,0.00943540,19.3097,463.4336,0.00943540,19.3097,19.3097,24.1372,24.1372,24.1372,463.4336,0.00943540,111.0310,101.3004,371.7123,381.4429,0.00756798,0.00776609,0.00039314,26.1815,23.5278,0.2573,40.2286,1.0517,4093.0372,156.3333,25.8255,26.2200,25.9457,26.176,26.176,26.3317,26.3317,26.3317,26.176,0.0,1.005951,1.005951,1.000211,29,110,12,1,0.09622170,0.00982855,0.04864130,0E-8,0.000000,0.898644,0.000000,-0.04294500,2026-03-27,2026-08-03,12,459,262,130,0.092308,0.984956,0.986404,0.320739,,,,,,,,GLOBAL_BASELINE_NO_ENTITY_RANKING,,,NOT_APPLICABLE_GLOBAL_BASELINE,HF9g-P5,,,,X 全窗基线 · 不参与实体赏罚,8394550,840,A168_HF9F_20260827_0900,2026-08-27 09:00:00
2026-08-03,147441826,2216,0,102.7406056560,73.2026815299,73.2026815299,1.0000000,4,4,0.50665070000000000,0.506650700000,1.7091633124209307,1.7091633124209307,1.7091633124209307,0E-17,ELIGIBLE,R03b_20260811_FULL_v1,L1_ELIGIBILITY,v2026-08-11,2026-03-21..2026-08-06,baccarat_bet02_101_all_pairs_incl_sentinel,round_win = game_pnl > 0 (decisive only),COMPATIBILITY_ONLY_NOT_PRODUCTION,49116.4465,44138.1901,482.7433,1876,1876,-0.00982855,-0.04864130,-0.00569631,-0.00982855,-482.7433,49116.4465,OK,0.0000,19.3097,4.0000,96.0000,AG03-UNRESOLVED,ALL5_LEVELS_bet23_to_bet27,19.3097,19.3097,24.1372,24.1372,24.1372,4.000000,4.000000,5.000000,5.000000,5.000000,96.000000,96.000000,95.000000,95.000000,95.000000,5.0,111.0310,101.3004,371.7123,381.4429,PENDING_AG03,FALSE,NOT_FOR_ENFORCEMENT,463.4336,42372.6625,482.7433,463.4336,19.3097,0.00982855,0.00943540,19.3097,463.4336,0.00943540,19.3097,19.3097,24.1372,24.1372,24.1372,463.4336,0.00943540,111.0310,101.3004,371.7123,381.4429,0.00756798,0.00776609,0.00039314,26.1815,23.5278,0.2573,40.2286,1.0517,4093.0372,156.3333,25.8255,26.2200,25.9457,26.176,26.176,26.3317,26.3317,26.3317,26.176,0.0,1.005951,1.005951,1.000211,29,110,12,1,0.09622170,0.00982855,0.04864130,0E-8,0.000000,0.898644,0.000000,-0.04294500,2026-03-27,2026-08-03,12,459,262,130,0.092308,0.984956,0.986404,0.320739,,,,,,,,GLOBAL_BASELINE_NO_ENTITY_RANKING,,,NOT_APPLICABLE_GLOBAL_BASELINE,HF9g-P5,,,,X 全窗基线 · 不参与实体赏罚,8394551,840,A168_HF9F_20260827_0900,2026-08-27 09:00:00
2026-08-03,147441826,2229,0,77.0554542420,-26.9694089847,-26.9694089847,0.3333333,3,3,0.50665070000000000,0.506650700000,-0.6004420894325239,-0.6004420894325239,-0.6004420894325239,0E-17,ELIGIBLE,R03b_20260811_FULL_v1,L1_ELIGIBILITY,v2026-08-11,2026-03-21..2026-08-06,baccarat_bet02_101_all_pairs_incl_sentinel,round_win = game_pnl > 0 (decisive only),COMPATIBILITY_ONLY_NOT_PRODUCTION,49116.4465,44138.1901,482.7433,1876,1876,-0.00982855,-0.04864130,-0.00569631,-0.00982855,-482.7433,49116.4465,OK,0.0000,19.3097,4.0000,96.0000,AG03-UNRESOLVED,ALL5_LEVELS_bet23_to_bet27,19.3097,19.3097,24.1372,24.1372,24.1372,4.000000,4.000000,5.000000,5.000000,5.000000,96.000000,96.000000,95.000000,95.000000,95.000000,5.0,111.0310,101.3004,371.7123,381.4429,PENDING_AG03,FALSE,NOT_FOR_ENFORCEMENT,463.4336,42372.6625,482.7433,463.4336,19.3097,0.00982855,0.00943540,19.3097,463.4336,0.00943540,19.3097,19.3097,24.1372,24.1372,24.1372,463.4336,0.00943540,111.0310,101.3004,371.7123,381.4429,0.00756798,0.00776609,0.00039314,26.1815,23.5278,0.2573,40.2286,1.0517,4093.0372,156.3333,25.8255,26.2200,25.9457,26.176,26.176,26.3317,26.3317,26.3317,26.176,0.0,1.005951,1.005951,1.000211,29,110,12,1,0.09622170,0.00982855,0.04864130,0E-8,0.000000,0.898644,0.000000,-0.04294500,2026-03-27,2026-08-03,12,459,262,130,0.092308,0.984956,0.986404,0.320739,,,,,,,,GLOBAL_BASELINE_NO_ENTITY_RANKING,,,NOT_APPLICABLE_GLOBAL_BASELINE,HF9g-P5,,,,X 全窗基线 · 不参与实体赏罚,8394552,840,A168_HF9F_20260827_0900,2026-08-27 09:00:00
2026-08-03,147441826,2239,0,51.3703028280,-51.3703028280,-51.3703028280,0E-7,2,2,0.50665070000000000,0.506650700000,-1.4331513700195317,-1.4331513700195317,-1.4331513700195317,0E-17,ELIGIBLE,R03b_20260811_FULL_v1,L1_ELIGIBILITY,v2026-08-11,2026-03-21..2026-08-06,baccarat_bet02_101_all_pairs_incl_sentinel,round_win = game_pnl > 0 (decisive only),COMPATIBILITY_ONLY_NOT_PRODUCTION,49116.4465,44138.1901,482.7433,1876,1876,-0.00982855,-0.04864130,-0.00569631,-0.00982855,-482.7433,49116.4465,OK,0.0000,19.3097,4.0000,96.0000,AG03-UNRESOLVED,ALL5_LEVELS_bet23_to_bet27,19.3097,19.3097,24.1372,24.1372,24.1372,4.000000,4.000000,5.000000,5.000000,5.000000,96.000000,96.000000,95.000000,95.000000,95.000000,5.0,111.0310,101.3004,371.7123,381.4429,PENDING_AG03,FALSE,NOT_FOR_ENFORCEMENT,463.4336,42372.6625,482.7433,463.4336,19.3097,0.00982855,0.00943540,19.3097,463.4336,0.00943540,19.3097,19.3097,24.1372,24.1372,24.1372,463.4336,0.00943540,111.0310,101.3004,371.7123,381.4429,0.00756798,0.00776609,0.00039314,26.1815,23.5278,0.2573,40.2286,1.0517,4093.0372,156.3333,25.8255,26.2200,25.9457,26.176,26.176,26.3317,26.3317,26.3317,26.176,0.0,1.005951,1.005951,1.000211,29,110,12,1,0.09622170,0.00982855,0.04864130,0E-8,0.000000,0.898644,0.000000,-0.04294500,2026-03-27,2026-08-03,12,459,262,130,0.092308,0.984956,0.986404,0.320739,,,,,,,,GLOBAL_BASELINE_NO_ENTITY_RANKING,,,NOT_APPLICABLE_GLOBAL_BASELINE,HF9g-P5,,,,X 全窗基线 · 不参与实体赏罚,8394553,840,A168_HF9F_20260827_0900,2026-08-27 09:00:00
2026-08-03,147441826,2241,0,102.7406056560,-77.0554542420,-77.0554542420,0E-7,4,4,0.50665070000000000,0.506650700000,-1.7552447903592512,-1.7552447903592512,-1.7552447903592512,0E-17,ELIGIBLE,R03b_20260811_FULL_v1,L1_ELIGIBILITY,v2026-08-11,2026-03-21..2026-08-06,baccarat_bet02_101_all_pairs_incl_sentinel,round_win = game_pnl > 0 (decisive only),COMPATIBILITY_ONLY_NOT_PRODUCTION,49116.4465,44138.1901,482.7433,1876,1876,-0.00982855,-0.04864130,-0.00569631,-0.00982855,-482.7433,49116.4465,OK,0.0000,19.3097,4.0000,96.0000,AG03-UNRESOLVED,ALL5_LEVELS_bet23_to_bet27,19.3097,19.3097,24.1372,24.1372,24.1372,4.000000,4.000000,5.000000,5.000000,5.000000,96.000000,96.000000,95.000000,95.000000,95.000000,5.0,111.0310,101.3004,371.7123,381.4429,PENDING_AG03,FALSE,NOT_FOR_ENFORCEMENT,463.4336,42372.6625,482.7433,463.4336,19.3097,0.00982855,0.00943540,19.3097,463.4336,0.00943540,19.3097,19.3097,24.1372,24.1372,24.1372,463.4336,0.00943540,111.0310,101.3004,371.7123,381.4429,0.00756798,0.00776609,0.00039314,26.1815,23.5278,0.2573,40.2286,1.0517,4093.0372,156.3333,25.8255,26.2200,25.9457,26.176,26.176,26.3317,26.3317,26.3317,26.176,0.0,1.005951,1.005951,1.000211,29,110,12,1,0.09622170,0.00982855,0.04864130,0E-8,0.000000,0.898644,0.000000,-0.04294500,2026-03-27,2026-08-03,12,459,262,130,0.092308,0.984956,0.986404,0.320739,,,,,,,,GLOBAL_BASELINE_NO_ENTITY_RANKING,,,NOT_APPLICABLE_GLOBAL_BASELINE,HF9g-P5,,,,X 全窗基线 · 不参与实体赏罚,8394554,840,A168_HF9F_20260827_0900,2026-08-27 09:00:00
2026-08-03,147441826,2280,0,77.0554542420,-26.9694089847,-26.9694089847,0.3333333,3,3,0.50665070000000000,0.506650700000,-0.6004420894325239,-0.6004420894325239,-0.6004420894325239,0E-17,ELIGIBLE,R03b_20260811_FULL_v1,L1_ELIGIBILITY,v2026-08-11,2026-03-21..2026-08-06,baccarat_bet02_101_all_pairs_incl_sentinel,round_win = game_pnl > 0 (decisive only),COMPATIBILITY_ONLY_NOT_PRODUCTION,49116.4465,44138.1901,482.7433,1876,1876,-0.00982855,-0.04864130,-0.00569631,-0.00982855,-482.7433,49116.4465,OK,0.0000,19.3097,4.0000,96.0000,AG03-UNRESOLVED,ALL5_LEVELS_bet23_to_bet27,19.3097,19.3097,24.1372,24.1372,24.1372,4.000000,4.000000,5.000000,5.000000,5.000000,96.000000,96.000000,95.000000,95.000000,95.000000,5.0,111.0310,101.3004,371.7123,381.4429,PENDING_AG03,FALSE,NOT_FOR_ENFORCEMENT,463.4336,42372.6625,482.7433,463.4336,19.3097,0.00982855,0.00943540,19.3097,463.4336,0.00943540,19.3097,19.3097,24.1372,24.1372,24.1372,463.4336,0.00943540,111.0310,101.3004,371.7123,381.4429,0.00756798,0.00776609,0.00039314,26.1815,23.5278,0.2573,40.2286,1.0517,4093.0372,156.3333,25.8255,26.2200,25.9457,26.176,26.176,26.3317,26.3317,26.3317,26.176,0.0,1.005951,1.005951,1.000211,29,110,12,1,0.09622170,0.00982855,0.04864130,0E-8,0.000000,0.898644,0.000000,-0.04294500,2026-03-27,2026-08-03,12,459,262,130,0.092308,0.984956,0.986404,0.320739,,,,,,,,GLOBAL_BASELINE_NO_ENTITY_RANKING,,,NOT_APPLICABLE_GLOBAL_BASELINE,HF9g-P5,,,,X 全窗基线 · 不参与实体赏罚,8394555,840,A168_HF9F_20260827_0900,2026-08-27 09:00:00
2026-08-03,147441826,2287,0,77.0554542420,-26.9694089847,-26.9694089847,0.3333333,3,3,0.50665070000000000,0.506650700000,-0.6004420894325239,-0.6004420894325239,-0.6004420894325239,0E-17,ELIGIBLE,R03b_20260811_FULL_v1,L1_ELIGIBILITY,v2026-08-11,2026-03-21..2026-08-06,baccarat_bet02_101_all_pairs_incl_sentinel,round_win = game_pnl > 0 (decisive only),COMPATIBILITY_ONLY_NOT_PRODUCTION,49116.4465,44138.1901,482.7433,1876,1876,-0.00982855,-0.04864130,-0.00569631,-0.00982855,-482.7433,49116.4465,OK,0.0000,19.3097,4.0000,96.0000,AG03-UNRESOLVED,ALL5_LEVELS_bet23_to_bet27,19.3097,19.3097,24.1372,24.1372,24.1372,4.000000,4.000000,5.000000,5.000000,5.000000,96.000000,96.000000,95.000000,95.000000,95.000000,5.0,111.0310,101.3004,371.7123,381.4429,PENDING_AG03,FALSE,NOT_FOR_ENFORCEMENT,463.4336,42372.6625,482.7433,463.4336,19.3097,0.00982855,0.00943540,19.3097,463.4336,0.00943540,19.3097,19.3097,24.1372,24.1372,24.1372,463.4336,0.00943540,111.0310,101.3004,371.7123,381.4429,0.00756798,0.00776609,0.00039314,26.1815,23.5278,0.2573,40.2286,1.0517,4093.0372,156.3333,25.8255,26.2200,25.9457,26.176,26.176,26.3317,26.3317,26.3317,26.176,0.0,1.005951,1.005951,1.000211,29,110,12,1,0.09622170,0.00982855,0.04864130,0E-8,0.000000,0.898644,0.000000,-0.04294500,2026-03-27,2026-08-03,12,459,262,130,0.092308,0.984956,0.986404,0.320739,,,,,,,,GLOBAL_BASELINE_NO_ENTITY_RANKING,,,NOT_APPLICABLE_GLOBAL_BASELINE,HF9g-P5,,,,X 全窗基线 · 不参与实体赏罚,8394556,840,A168_HF9F_20260827_0900,2026-08-27 09:00:00
2026-08-03,147441826,2288,0,282.5366655539,68.0656512470,68.0656512470,0.6000000,10,10,0.50665070000000000,0.506650700000,0.5904450471821361,0.5904450471821361,0.5904450471821361,0E-17,ELIGIBLE,R03b_20260811_FULL_v1,L1_ELIGIBILITY,v2026-08-11,2026-03-21..2026-08-06,baccarat_bet02_101_all_pairs_incl_sentinel,round_win = game_pnl > 0 (decisive only),COMPATIBILITY_ONLY_NOT_PRODUCTION,49116.4465,44138.1901,482.7433,1876,1876,-0.00982855,-0.04864130,-0.00569631,-0.00982855,-482.7433,49116.4465,OK,0.0000,19.3097,4.0000,96.0000,AG03-UNRESOLVED,ALL5_LEVELS_bet23_to_bet27,19.3097,19.3097,24.1372,24.1372,24.1372,4.000000,4.000000,5.000000,5.000000,5.000000,96.000000,96.000000,95.000000,95.000000,95.000000,5.0,111.0310,101.3004,371.7123,381.4429,PENDING_AG03,FALSE,NOT_FOR_ENFORCEMENT,463.4336,42372.6625,482.7433,463.4336,19.3097,0.00982855,0.00943540,19.3097,463.4336,0.00943540,19.3097,19.3097,24.1372,24.1372,24.1372,463.4336,0.00943540,111.0310,101.3004,371.7123,381.4429,0.00756798,0.00776609,0.00039314,26.1815,23.5278,0.2573,40.2286,1.0517,4093.0372,156.3333,25.8255,26.2200,25.9457,26.176,26.176,26.3317,26.3317,26.3317,26.176,0.0,1.005951,1.005951,1.000211,29,110,12,1,0.09622170,0.00982855,0.04864130,0E-8,0.000000,0.898644,0.000000,-0.04294500,2026-03-27,2026-08-03,12,459,262,130,0.092308,0.984956,0.986404,0.320739,,,,,,,,GLOBAL_BASELINE_NO_ENTITY_RANKING,,,NOT_APPLICABLE_GLOBAL_BASELINE,HF9g-P5,,,,X 全窗基线 · 不参与实体赏罚,8394557,840,A168_HF9F_20260827_0900,2026-08-27 09:00:00
2026-08-03,147441826,994,0,25.6851514140,-25.6851514140,-25.6851514140,0E-7,1,1,0.50665070000000000,0.506650700000,-1.013391052207602,-1.013391052207602,-1.013391052207602,0E-17,ELIGIBLE,R03b_20260811_FULL_v1,L1_ELIGIBILITY,v2026-08-11,2026-03-21..2026-08-06,baccarat_bet02_101_all_pairs_incl_sentinel,round_win = game_pnl > 0 (decisive only),COMPATIBILITY_ONLY_NOT_PRODUCTION,49116.4465,44138.1901,482.7433,1876,1876,-0.00982855,-0.04864130,-0.00569631,-0.00982855,-482.7433,49116.4465,OK,0.0000,19.3097,4.0000,96.0000,AG03-UNRESOLVED,ALL5_LEVELS_bet23_to_bet27,19.3097,19.3097,24.1372,24.1372,24.1372,4.000000,4.000000,5.000000,5.000000,5.000000,96.000000,96.000000,95.000000,95.000000,95.000000,5.0,111.0310,101.3004,371.7123,381.4429,PENDING_AG03,FALSE,NOT_FOR_ENFORCEMENT,463.4336,42372.6625,482.7433,463.4336,19.3097,0.00982855,0.00943540,19.3097,463.4336,0.00943540,19.3097,19.3097,24.1372,24.1372,24.1372,463.4336,0.00943540,111.0310,101.3004,371.7123,381.4429,0.00756798,0.00776609,0.00039314,26.1815,23.5278,0.2573,40.2286,1.0517,4093.0372,156.3333,25.8255,26.2200,25.9457,26.176,26.176,26.3317,26.3317,26.3317,26.176,0.0,1.005951,1.005951,1.000211,29,110,12,1,0.09622170,0.00982855,0.04864130,0E-8,0.000000,0.898644,0.000000,-0.04294500,2026-03-27,2026-08-03,12,459,262,130,0.092308,0.984956,0.986404,0.320739,,,,,,,,GLOBAL_BASELINE_NO_ENTITY_RANKING,,,NOT_APPLICABLE_GLOBAL_BASELINE,HF9g-P5,,,,X 全窗基线 · 不参与实体赏罚,8394558,840,A168_HF9F_20260827_0900,2026-08-27 09:00:00
2026-04-24,145919332,2121,0,1448.2758620690,-206.8965517242,-206.8965517242,0.5000000,6,6,0.49547970000000000,0.495479700000,0.022145762000773162,0.022145762000773162,0.022145762000773162,0E-17,ELIGIBLE,R03b_20260811_FULL_v1,L1_ELIGIBILITY,v2026-08-11,2026-03-21..2026-08-06,baccarat_bet02_101_all_pairs_incl_sentinel,round_win = game_pnl > 0 (decisive only),COMPATIBILITY_ONLY_NOT_PRODUCTION,1724.1379,1724.1379,482.7586,7,7,-0.28000000,,-0.28000000,-0.28000000,-482.7586,1724.1379,THIN_EXPOSURE,0.0000,19.3103,4.0000,96.0000,AG03-UNRESOLVED,ALL5_LEVELS_bet23_to_bet27,19.3103,19.3103,19.3103,19.3103,19.3103,4.000000,4.000000,4.000000,4.000000,4.000000,96.000000,96.000000,96.000000,96.000000,96.000000,5.0,96.5517,89.1304,386.2069,393.6282,PENDING_AG03,FALSE,NOT_FOR_ENFORCEMENT,463.4483,1655.1724,482.7586,463.4483,19.3103,0.28000000,0.26880000,19.3103,463.4483,0.26880000,19.3103,19.3103,19.3103,19.3103,19.3103,463.4483,0.26880000,96.5517,89.1304,386.2069,393.6282,0.22400000,0.22830436,0.01120000,246.3054,246.3054,68.9655,482.7586,241.3793,1724.1379,7.0000,,246.3054,155.1724,275.8621,275.8621,386.2068,413.7931,413.7931,275.8621,-137.931,1.5,1.5,0.892857,2,2,2,2,0E-8,0.28000000,,0E-8,0.000000,1.000000,0.000000,,2026-04-24,2026-04-24,1,2,2,1,1.000000,,,0.000000,,,,,,,,GLOBAL_BASELINE_NO_ENTITY_RANKING,,,NOT_APPLICABLE_GLOBAL_BASELINE,HF9g-P5,,,,X 全窗基线 · 不参与实体赏罚,8394559,840,A168_HF9F_20260827_0900,2026-08-27 09:00:00
2026-04-24,145919332,2229,0,275.8620689655,-275.8620689655,-275.8620689655,0E-7,1,1,0.50665070000000000,0.506650700000,-1.013391052207602,-1.013391052207602,-1.013391052207602,0E-17,ELIGIBLE,R03b_20260811_FULL_v1,L1_ELIGIBILITY,v2026-08-11,2026-03-21..2026-08-06,baccarat_bet02_101_all_pairs_incl_sentinel,round_win = game_pnl > 0 (decisive only),COMPATIBILITY_ONLY_NOT_PRODUCTION,1724.1379,1724.1379,482.7586,7,7,-0.28000000,,-0.28000000,-0.28000000,-482.7586,1724.1379,THIN_EXPOSURE,0.0000,19.3103,4.0000,96.0000,AG03-UNRESOLVED,ALL5_LEVELS_bet23_to_bet27,19.3103,19.3103,19.3103,19.3103,19.3103,4.000000,4.000000,4.000000,4.000000,4.000000,96.000000,96.000000,96.000000,96.000000,96.000000,5.0,96.5517,89.1304,386.2069,393.6282,PENDING_AG03,FALSE,NOT_FOR_ENFORCEMENT,463.4483,1655.1724,482.7586,463.4483,19.3103,0.28000000,0.26880000,19.3103,463.4483,0.26880000,19.3103,19.3103,19.3103,19.3103,19.3103,463.4483,0.26880000,96.5517,89.1304,386.2069,393.6282,0.22400000,0.22830436,0.01120000,246.3054,246.3054,68.9655,482.7586,241.3793,1724.1379,7.0000,,246.3054,155.1724,275.8621,275.8621,386.2068,413.7931,413.7931,275.8621,-137.931,1.5,1.5,0.892857,2,2,2,2,0E-8,0.28000000,,0E-8,0.000000,1.000000,0.000000,,2026-04-24,2026-04-24,1,2,2,1,1.000000,,,0.000000,,,,,,,,GLOBAL_BASELINE_NO_ENTITY_RANKING,,,NOT_APPLICABLE_GLOBAL_BASELINE,HF9g-P5,,,,X 全窗基线 · 不参与实体赏罚,8394560,840,A168_HF9F_20260827_0900,2026-08-27 09:00:00
2026-04-21,148977395,2109,0,482.7586206897,-482.7586206897,-482.7586206897,0E-7,2,2,0.49994810000000000,0.499948100000,-1.4140667746232096,-1.4140667746232096,-1.4140667746232096,0E-17,ELIGIBLE,R03b_20260811_FULL_v1,L1_ELIGIBILITY,v2026-08-11,2026-03-21..2026-08-06,baccarat_bet02_101_all_pairs_incl_sentinel,round_win = game_pnl > 0 (decisive only),COMPATIBILITY_ONLY_NOT_PRODUCTION,482.7586,482.7586,482.7586,2,2,-1.00000000,,-1.00000000,-1.00000000,-482.7586,482.7586,THIN_EXPOSURE,0.0000,19.3103,4.0000,96.0000,AG03-UNRESOLVED,ALL5_LEVELS_bet23_to_bet27,19.3103,19.3103,24.1379,24.1379,24.1379,4.000000,4.000000,5.000000,5.000000,5.000000,96.000000,96.000000,95.000000,95.000000,95.000000,5.0,111.0345,101.3036,371.7241,381.455,PENDING_AG03,FALSE,NOT_FOR_ENFORCEMENT,463.4483,463.4483,482.7586,463.4483,19.3103,1.00000000,0.96000000,19.3103,463.4483,0.96000000,19.3103,19.3103,24.1379,24.1379,24.1379,463.4483,0.96000000,111.0345,101.3036,371.7241,381.455,0.77000000,0.7901568,0.04000000,241.3793,241.3793,241.3793,482.7586,482.7586,482.7586,2.0000,,241.3793,137.931,241.3793,344.8276,344.8276,344.8276,344.8276,241.3793,-241.3793,1.428571,1.428571,1.0,1,1,1,2,0E-8,1.00000000,,0E-8,0.000000,1.000000,0.000000,,2026-04-21,2026-04-21,1,1,1,1,1.000000,,,0.000000,,,,,,,,GLOBAL_BASELINE_NO_ENTITY_RANKING,,,NOT_APPLICABLE_GLOBAL_BASELINE,HF9g-P5,,,,X 全窗基线 · 不参与实体赏罚,8394561,840,A168_HF9F_20260827_0900,2026-08-27 09:00:00
2026-03-30,143611676,-1,1,5.7929799616,-5.7929799616,-5.7929799616,0E-7,1,1,0.49324550000000000,0.493245500000,-0.9865810262130424,-0.9865810262130424,-0.9865810262130424,0E-17,SENTINEL_DEALER,R03b_20260811_FULL_v1,L1_ELIGIBILITY,v2026-08-11,2026-03-21..2026-08-06,baccarat_bet02_101_all_pairs_incl_sentinel,round_win = game_pnl > 0 (decisive only),COMPATIBILITY_ONLY_NOT_PRODUCTION,1503.5010,1248.4159,482.7607,77,56,-0.32109104,-1.00000000,-0.31497422,-0.32109104,-482.7607,1503.5010,OK,0.0000,19.3104,4.0000,96.0000,AG03-UNRESOLVED,ALL5_LEVELS_bet23_to_bet27,19.3104,19.3104,19.3104,24.1380,24.1380,4.000000,4.000000,4.000000,5.000000,5.000000,96.000000,96.000000,96.000000,95.000000,95.000000,5.0,106.2074,97.2887,376.5533,385.472,PENDING_AG03,FALSE,NOT_FOR_ENFORCEMENT,463.4503,1198.4793,482.7607,463.4503,19.3104,0.32109104,0.30824739,19.3104,463.4503,0.30824739,19.3104,19.3104,19.3104,24.1380,24.1380,463.4503,0.30824739,106.2074,97.2887,376.5533,385.472,0.25045101,0.25638292,0.01284364,19.5260,22.2931,8.6207,32.1840,13.0476,100.2334,3.7333,6.7126,19.8677,5.1431,13.1149,31.9159,38.901,39.2639,74.2874,12.8578,-2.6176,2.993836,5.664343,1.488837,20,23,15,2,0.00892932,0.32109104,1.00000000,0E-8,0.000000,0.830339,0.000000,-0.68502578,2026-03-30,2026-07-29,15,37,37,122,0.122951,0.337866,0.343779,0.029764,,,,,,,,GLOBAL_BASELINE_NO_ENTITY_RANKING,,,NOT_APPLICABLE_GLOBAL_BASELINE,HF9g-P5,,,,X 全窗基线 · 不参与实体赏罚,8394562,840,A168_HF9F_20260827_0900,2026-08-27 09:00:00
2026-04-06,143611676,-1,1,60.7282150616,55.4930241080,55.4930241080,1.0000000,3,2,0.47791308846149341,0.393584825000,1.4781276412122366,1.7554192453407476,1.4781276412122366,0.08432826346149341,SENTINEL_DEALER,R03b_20260811_FULL_v1,L1_ELIGIBILITY,v2026-08-11,2026-03-21..2026-08-06,baccarat_bet02_101_all_pairs_incl_sentinel,round_win = game_pnl > 0 (decisive only),COMPATIBILITY_ONLY_NOT_PRODUCTION,1503.5010,1248.4159,482.7607,77,56,-0.32109104,-1.00000000,-0.31497422,-0.32109104,-482.7607,1503.5010,OK,0.0000,19.3104,4.0000,96.0000,AG03-UNRESOLVED,ALL5_LEVELS_bet23_to_bet27,19.3104,19.3104,19.3104,24.1380,24.1380,4.000000,4.000000,4.000000,5.000000,5.000000,96.000000,96.000000,96.000000,95.000000,95.000000,5.0,106.2074,97.2887,376.5533,385.472,PENDING_AG03,FALSE,NOT_FOR_ENFORCEMENT,463.4503,1198.4793,482.7607,463.4503,19.3104,0.32109104,0.30824739,19.3104,463.4503,0.30824739,19.3104,19.3104,19.3104,24.1380,24.1380,463.4503,0.30824739,106.2074,97.2887,376.5533,385.472,0.25045101,0.25638292,0.01284364,19.5260,22.2931,8.6207,32.1840,13.0476,100.2334,3.7333,6.7126,19.8677,5.1431,13.1149,31.9159,38.901,39.2639,74.2874,12.8578,-2.6176,2.993836,5.664343,1.488837,20,23,15,2,0.00892932,0.32109104,1.00000000,0E-8,0.000000,0.830339,0.000000,-0.68502578,2026-03-30,2026-07-29,15,37,37,122,0.122951,0.337866,0.343779,0.029764,,,,,,,,GLOBAL_BASELINE_NO_ENTITY_RANKING,,,NOT_APPLICABLE_GLOBAL_BASELINE,HF9g-P5,,,,X 全窗基线 · 不参与实体赏罚,8394563,840,A168_HF9F_20260827_0900,2026-08-27 09:00:00
2026-04-06,143611676,1405,0,164.9085150381,-125.6445828862,-125.6445828862,0E-7,5,3,0.47332597229597477,0.360364600000,-1.3406771719075092,-1.0614995469688764,-1.3406771719075092,0.11296137229597477,ELIGIBLE,R03b_20260811_FULL_v1,L1_ELIGIBILITY,v2026-08-11,2026-03-21..2026-08-06,baccarat_bet02_101_all_pairs_incl_sentinel,round_win = game_pnl > 0 (decisive only),COMPATIBILITY_ONLY_NOT_PRODUCTION,1503.5010,1248.4159,482.7607,77,56,-0.32109104,-1.00000000,-0.31497422,-0.32109104,-482.7607,1503.5010,OK,0.0000,19.3104,4.0000,96.0000,AG03-UNRESOLVED,ALL5_LEVELS_bet23_to_bet27,19.3104,19.3104,19.3104,24.1380,24.1380,4.000000,4.000000,4.000000,5.000000,5.000000,96.000000,96.000000,96.000000,95.000000,95.000000,5.0,106.2074,97.2887,376.5533,385.472,PENDING_AG03,FALSE,NOT_FOR_ENFORCEMENT,463.4503,1198.4793,482.7607,463.4503,19.3104,0.32109104,0.30824739,19.3104,463.4503,0.30824739,19.3104,19.3104,19.3104,24.1380,24.1380,463.4503,0.30824739,106.2074,97.2887,376.5533,385.472,0.25045101,0.25638292,0.01284364,19.5260,22.2931,8.6207,32.1840,13.0476,100.2334,3.7333,6.7126,19.8677,5.1431,13.1149,31.9159,38.901,39.2639,74.2874,12.8578,-2.6176,2.993836,5.664343,1.488837,20,23,15,2,0.00892932,0.32109104,1.00000000,0E-8,0.000000,0.830339,0.000000,-0.68502578,2026-03-30,2026-07-29,15,37,37,122,0.122951,0.337866,0.343779,0.029764,,,,,,,,GLOBAL_BASELINE_NO_ENTITY_RANKING,,,NOT_APPLICABLE_GLOBAL_BASELINE,HF9g-P5,,,,X 全窗基线 · 不参与实体赏罚,8394564,840,A168_HF9F_20260827_0900,2026-08-27 09:00:00
2026-04-06,143611676,2235,0,65.4398869199,60.2046959663,60.2046959663,1.0000000,2,1,0.47729979199997563,0.293924150000,1.0464794729037998,1.549915577879723,1.0464794729037998,0.18337564199997563,ELIGIBLE,R03b_20260811_FULL_v1,L1_ELIGIBILITY,v2026-08-11,2026-03-21..2026-08-06,baccarat_bet02_101_all_pairs_incl_sentinel,round_win = game_pnl > 0 (decisive only),COMPATIBILITY_ONLY_NOT_PRODUCTION,1503.5010,1248.4159,482.7607,77,56,-0.32109104,-1.00000000,-0.31497422,-0.32109104,-482.7607,1503.5010,OK,0.0000,19.3104,4.0000,96.0000,AG03-UNRESOLVED,ALL5_LEVELS_bet23_to_bet27,19.3104,19.3104,19.3104,24.1380,24.1380,4.000000,4.000000,4.000000,5.000000,5.000000,96.000000,96.000000,96.000000,95.000000,95.000000,5.0,106.2074,97.2887,376.5533,385.472,PENDING_AG03,FALSE,NOT_FOR_ENFORCEMENT,463.4503,1198.4793,482.7607,463.4503,19.3104,0.32109104,0.30824739,19.3104,463.4503,0.30824739,19.3104,19.3104,19.3104,24.1380,24.1380,463.4503,0.30824739,106.2074,97.2887,376.5533,385.472,0.25045101,0.25638292,0.01284364,19.5260,22.2931,8.6207,32.1840,13.0476,100.2334,3.7333,6.7126,19.8677,5.1431,13.1149,31.9159,38.901,39.2639,74.2874,12.8578,-2.6176,2.993836,5.664343,1.488837,20,23,15,2,0.00892932,0.32109104,1.00000000,0E-8,0.000000,0.830339,0.000000,-0.68502578,2026-03-30,2026-07-29,15,37,37,122,0.122951,0.337866,0.343779,0.029764,,,,,,,,GLOBAL_BASELINE_NO_ENTITY_RANKING,,,NOT_APPLICABLE_GLOBAL_BASELINE,HF9g-P5,,,,X 全窗基线 · 不参与实体赏罚,8394565,840,A168_HF9F_20260827_0900,2026-08-27 09:00:00
2026-04-06,143611676,2239,0,92.6628798785,-31.4111457215,-31.4111457215,0.5000000,3,2,0.48030255519476667,0.393584825000,0.055756069495212494,0.308045137873246,0.055756069495212494,0.08671773019476667,ELIGIBLE,R03b_20260811_FULL_v1,L1_ELIGIBILITY,v2026-08-11,2026-03-21..2026-08-06,baccarat_bet02_101_all_pairs_incl_sentinel,round_win = game_pnl > 0 (decisive only),COMPATIBILITY_ONLY_NOT_PRODUCTION,1503.5010,1248.4159,482.7607,77,56,-0.32109104,-1.00000000,-0.31497422,-0.32109104,-482.7607,1503.5010,OK,0.0000,19.3104,4.0000,96.0000,AG03-UNRESOLVED,ALL5_LEVELS_bet23_to_bet27,19.3104,19.3104,19.3104,24.1380,24.1380,4.000000,4.000000,4.000000,5.000000,5.000000,96.000000,96.000000,96.000000,95.000000,95.000000,5.0,106.2074,97.2887,376.5533,385.472,PENDING_AG03,FALSE,NOT_FOR_ENFORCEMENT,463.4503,1198.4793,482.7607,463.4503,19.3104,0.32109104,0.30824739,19.3104,463.4503,0.30824739,19.3104,19.3104,19.3104,24.1380,24.1380,463.4503,0.30824739,106.2074,97.2887,376.5533,385.472,0.25045101,0.25638292,0.01284364,19.5260,22.2931,8.6207,32.1840,13.0476,100.2334,3.7333,6.7126,19.8677,5.1431,13.1149,31.9159,38.901,39.2639,74.2874,12.8578,-2.6176,2.993836,5.664343,1.488837,20,23,15,2,0.00892932,0.32109104,1.00000000,0E-8,0.000000,0.830339,0.000000,-0.68502578,2026-03-30,2026-07-29,15,37,37,122,0.122951,0.337866,0.343779,0.029764,,,,,,,,GLOBAL_BASELINE_NO_ENTITY_RANKING,,,NOT_APPLICABLE_GLOBAL_BASELINE,HF9g-P5,,,,X 全窗基线 · 不参与实体赏罚,8394566,840,A168_HF9F_20260827_0900,2026-08-27 09:00:00
2026-04-27,143611676,2141,0,4.4499123106,-4.4499123106,-4.4499123106,0E-7,1,1,0.49324550000000000,0.493245500000,-0.9865810262130424,-0.9865810262130424,-0.9865810262130424,0E-17,ELIGIBLE,R03b_20260811_FULL_v1,L1_ELIGIBILITY,v2026-08-11,2026-03-21..2026-08-06,baccarat_bet02_101_all_pairs_incl_sentinel,round_win = game_pnl > 0 (decisive only),COMPATIBILITY_ONLY_NOT_PRODUCTION,1503.5010,1248.4159,482.7607,77,56,-0.32109104,-1.00000000,-0.31497422,-0.32109104,-482.7607,1503.5010,OK,0.0000,19.3104,4.0000,96.0000,AG03-UNRESOLVED,ALL5_LEVELS_bet23_to_bet27,19.3104,19.3104,19.3104,24.1380,24.1380,4.000000,4.000000,4.000000,5.000000,5.000000,96.000000,96.000000,96.000000,95.000000,95.000000,5.0,106.2074,97.2887,376.5533,385.472,PENDING_AG03,FALSE,NOT_FOR_ENFORCEMENT,463.4503,1198.4793,482.7607,463.4503,19.3104,0.32109104,0.30824739,19.3104,463.4503,0.30824739,19.3104,19.3104,19.3104,24.1380,24.1380,463.4503,0.30824739,106.2074,97.2887,376.5533,385.472,0.25045101,0.25638292,0.01284364,19.5260,22.2931,8.6207,32.1840,13.0476,100.2334,3.7333,6.7126,19.8677,5.1431,13.1149,31.9159,38.901,39.2639,74.2874,12.8578,-2.6176,2.993836,5.664343,1.488837,20,23,15,2,0.00892932,0.32109104,1.00000000,0E-8,0.000000,0.830339,0.000000,-0.68502578,2026-03-30,2026-07-29,15,37,37,122,0.122951,0.337866,0.343779,0.029764,,,,,,,,GLOBAL_BASELINE_NO_ENTITY_RANKING,,,NOT_APPLICABLE_GLOBAL_BASELINE,HF9g-P5,,,,X 全窗基线 · 不参与实体赏罚,8394567,840,A168_HF9F_20260827_0900,2026-08-27 09:00:00
2026-04-28,143611676,1109,0,39.7874512473,-39.7874512473,-39.7874512473,0E-7,2,2,0.49324550000000000,0.493245500000,-1.3952362676504506,-1.3952362676504506,-1.3952362676504506,0E-17,ELIGIBLE,R03b_20260811_FULL_v1,L1_ELIGIBILITY,v2026-08-11,2026-03-21..2026-08-06,baccarat_bet02_101_all_pairs_incl_sentinel,round_win = game_pnl > 0 (decisive only),COMPATIBILITY_ONLY_NOT_PRODUCTION,1503.5010,1248.4159,482.7607,77,56,-0.32109104,-1.00000000,-0.31497422,-0.32109104,-482.7607,1503.5010,OK,0.0000,19.3104,4.0000,96.0000,AG03-UNRESOLVED,ALL5_LEVELS_bet23_to_bet27,19.3104,19.3104,19.3104,24.1380,24.1380,4.000000,4.000000,4.000000,5.000000,5.000000,96.000000,96.000000,96.000000,95.000000,95.000000,5.0,106.2074,97.2887,376.5533,385.472,PENDING_AG03,FALSE,NOT_FOR_ENFORCEMENT,463.4503,1198.4793,482.7607,463.4503,19.3104,0.32109104,0.30824739,19.3104,463.4503,0.30824739,19.3104,19.3104,19.3104,24.1380,24.1380,463.4503,0.30824739,106.2074,97.2887,376.5533,385.472,0.25045101,0.25638292,0.01284364,19.5260,22.2931,8.6207,32.1840,13.0476,100.2334,3.7333,6.7126,19.8677,5.1431,13.1149,31.9159,38.901,39.2639,74.2874,12.8578,-2.6176,2.993836,5.664343,1.488837,20,23,15,2,0.00892932,0.32109104,1.00000000,0E-8,0.000000,0.830339,0.000000,-0.68502578,2026-03-30,2026-07-29,15,37,37,122,0.122951,0.337866,0.343779,0.029764,,,,,,,,GLOBAL_BASELINE_NO_ENTITY_RANKING,,,NOT_APPLICABLE_GLOBAL_BASELINE,HF9g-P5,,,,X 全窗基线 · 不参与实体赏罚,8394568,840,A168_HF9F_20260827_0900,2026-08-27 09:00:00
2026-04-28,143611676,2153,0,39.2639321519,-39.2639321519,-39.2639321519,0E-7,2,1,0.46666931999993231,0.293924150000,-0.9354193327974196,-0.6451964315166089,-0.9354193327974196,0.17274516999993231,ELIGIBLE,R03b_20260811_FULL_v1,L1_ELIGIBILITY,v2026-08-11,2026-03-21..2026-08-06,baccarat_bet02_101_all_pairs_incl_sentinel,round_win = game_pnl > 0 (decisive only),COMPATIBILITY_ONLY_NOT_PRODUCTION,1503.5010,1248.4159,482.7607,77,56,-0.32109104,-1.00000000,-0.31497422,-0.32109104,-482.7607,1503.5010,OK,0.0000,19.3104,4.0000,96.0000,AG03-UNRESOLVED,ALL5_LEVELS_bet23_to_bet27,19.3104,19.3104,19.3104,24.1380,24.1380,4.000000,4.000000,4.000000,5.000000,5.000000,96.000000,96.000000,96.000000,95.000000,95.000000,5.0,106.2074,97.2887,376.5533,385.472,PENDING_AG03,FALSE,NOT_FOR_ENFORCEMENT,463.4503,1198.4793,482.7607,463.4503,19.3104,0.32109104,0.30824739,19.3104,463.4503,0.30824739,19.3104,19.3104,19.3104,24.1380,24.1380,463.4503,0.30824739,106.2074,97.2887,376.5533,385.472,0.25045101,0.25638292,0.01284364,19.5260,22.2931,8.6207,32.1840,13.0476,100.2334,3.7333,6.7126,19.8677,5.1431,13.1149,31.9159,38.901,39.2639,74.2874,12.8578,-2.6176,2.993836,5.664343,1.488837,20,23,15,2,0.00892932,0.32109104,1.00000000,0E-8,0.000000,0.830339,0.000000,-0.68502578,2026-03-30,2026-07-29,15,37,37,122,0.122951,0.337866,0.343779,0.029764,,,,,,,,GLOBAL_BASELINE_NO_ENTITY_RANKING,,,NOT_APPLICABLE_GLOBAL_BASELINE,HF9g-P5,,,,X 全窗基线 · 不参与实体赏罚,8394569,840,A168_HF9F_20260827_0900,2026-08-27 09:00:00
2026-04-28,143611676,2164,0,52.3519095359,-26.1759547679,-26.1759547679,0.5000000,2,2,0.49324550000000000,0.493245500000,0.01910635448239258,0.01910635448239258,0.01910635448239258,0E-17,ELIGIBLE,R03b_20260811_FULL_v1,L1_ELIGIBILITY,v2026-08-11,2026-03-21..2026-08-06,baccarat_bet02_101_all_pairs_incl_sentinel,round_win = game_pnl > 0 (decisive only),COMPATIBILITY_ONLY_NOT_PRODUCTION,1503.5010,1248.4159,482.7607,77,56,-0.32109104,-1.00000000,-0.31497422,-0.32109104,-482.7607,1503.5010,OK,0.0000,19.3104,4.0000,96.0000,AG03-UNRESOLVED,ALL5_LEVELS_bet23_to_bet27,19.3104,19.3104,19.3104,24.1380,24.1380,4.000000,4.000000,4.000000,5.000000,5.000000,96.000000,96.000000,96.000000,95.000000,95.000000,5.0,106.2074,97.2887,376.5533,385.472,PENDING_AG03,FALSE,NOT_FOR_ENFORCEMENT,463.4503,1198.4793,482.7607,463.4503,19.3104,0.32109104,0.30824739,19.3104,463.4503,0.30824739,19.3104,19.3104,19.3104,24.1380,24.1380,463.4503,0.30824739,106.2074,97.2887,376.5533,385.472,0.25045101,0.25638292,0.01284364,19.5260,22.2931,8.6207,32.1840,13.0476,100.2334,3.7333,6.7126,19.8677,5.1431,13.1149,31.9159,38.901,39.2639,74.2874,12.8578,-2.6176,2.993836,5.664343,1.488837,20,23,15,2,0.00892932,0.32109104,1.00000000,0E-8,0.000000,0.830339,0.000000,-0.68502578,2026-03-30,2026-07-29,15,37,37,122,0.122951,0.337866,0.343779,0.029764,,,,,,,,GLOBAL_BASELINE_NO_ENTITY_RANKING,,,NOT_APPLICABLE_GLOBAL_BASELINE,HF9g-P5,,,,X 全窗基线 · 不参与实体赏罚,8394570,840,A168_HF9F_20260827_0900,2026-08-27 09:00:00
2026-04-28,143611676,2188,0,39.2639321519,0E-10,0E-10,,1,1,0.49324550000000000,0.493245500000,,,,0E-17,NO_DECISIVE_ROUND,R03b_20260811_FULL_v1,L1_ELIGIBILITY,v2026-08-11,2026-03-21..2026-08-06,baccarat_bet02_101_all_pairs_incl_sentinel,round_win = game_pnl > 0 (decisive only),COMPATIBILITY_ONLY_NOT_PRODUCTION,1503.5010,1248.4159,482.7607,77,56,-0.32109104,-1.00000000,-0.31497422,-0.32109104,-482.7607,1503.5010,OK,0.0000,19.3104,4.0000,96.0000,AG03-UNRESOLVED,ALL5_LEVELS_bet23_to_bet27,19.3104,19.3104,19.3104,24.1380,24.1380,4.000000,4.000000,4.000000,5.000000,5.000000,96.000000,96.000000,96.000000,95.000000,95.000000,5.0,106.2074,97.2887,376.5533,385.472,PENDING_AG03,FALSE,NOT_FOR_ENFORCEMENT,463.4503,1198.4793,482.7607,463.4503,19.3104,0.32109104,0.30824739,19.3104,463.4503,0.30824739,19.3104,19.3104,19.3104,24.1380,24.1380,463.4503,0.30824739,106.2074,97.2887,376.5533,385.472,0.25045101,0.25638292,0.01284364,19.5260,22.2931,8.6207,32.1840,13.0476,100.2334,3.7333,6.7126,19.8677,5.1431,13.1149,31.9159,38.901,39.2639,74.2874,12.8578,-2.6176,2.993836,5.664343,1.488837,20,23,15,2,0.00892932,0.32109104,1.00000000,0E-8,0.000000,0.830339,0.000000,-0.68502578,2026-03-30,2026-07-29,15,37,37,122,0.122951,0.337866,0.343779,0.029764,,,,,,,,GLOBAL_BASELINE_NO_ENTITY_RANKING,,,NOT_APPLICABLE_GLOBAL_BASELINE,HF9g-P5,,,,X 全窗基线 · 不参与实体赏罚,8394571,840,A168_HF9F_20260827_0900,2026-08-27 09:00:00
2026-04-29,143611676,-1,1,13.0879773840,7.8527864304,7.8527864304,1.0000000,2,1,0.41351696000000000,0.293924150000,1.190915823262138,1.549915577879723,1.190915823262138,0.11959281000000000,SENTINEL_DEALER,R03b_20260811_FULL_v1,L1_ELIGIBILITY,v2026-08-11,2026-03-21..2026-08-06,baccarat_bet02_101_all_pairs_incl_sentinel,round_win = game_pnl > 0 (decisive only),COMPATIBILITY_ONLY_NOT_PRODUCTION,1503.5010,1248.4159,482.7607,77,56,-0.32109104,-1.00000000,-0.31497422,-0.32109104,-482.7607,1503.5010,OK,0.0000,19.3104,4.0000,96.0000,AG03-UNRESOLVED,ALL5_LEVELS_bet23_to_bet27,19.3104,19.3104,19.3104,24.1380,24.1380,4.000000,4.000000,4.000000,5.000000,5.000000,96.000000,96.000000,96.000000,95.000000,95.000000,5.0,106.2074,97.2887,376.5533,385.472,PENDING_AG03,FALSE,NOT_FOR_ENFORCEMENT,463.4503,1198.4793,482.7607,463.4503,19.3104,0.32109104,0.30824739,19.3104,463.4503,0.30824739,19.3104,19.3104,19.3104,24.1380,24.1380,463.4503,0.30824739,106.2074,97.2887,376.5533,385.472,0.25045101,0.25638292,0.01284364,19.5260,22.2931,8.6207,32.1840,13.0476,100.2334,3.7333,6.7126,19.8677,5.1431,13.1149,31.9159,38.901,39.2639,74.2874,12.8578,-2.6176,2.993836,5.664343,1.488837,20,23,15,2,0.00892932,0.32109104,1.00000000,0E-8,0.000000,0.830339,0.000000,-0.68502578,2026-03-30,2026-07-29,15,37,37,122,0.122951,0.337866,0.343779,0.029764,,,,,,,,GLOBAL_BASELINE_NO_ENTITY_RANKING,,,NOT_APPLICABLE_GLOBAL_BASELINE,HF9g-P5,,,,X 全窗基线 · 不参与实体赏罚,8394572,840,A168_HF9F_20260827_0900,2026-08-27 09:00:00
2026-04-29,143611676,2121,0,20.9407638144,-20.9407638144,-20.9407638144,0E-7,2,2,0.49324550000000000,0.493245500000,-1.3952362676504506,-1.3952362676504506,-1.3952362676504506,0E-17,ELIGIBLE,R03b_20260811_FULL_v1,L1_ELIGIBILITY,v2026-08-11,2026-03-21..2026-08-06,baccarat_bet02_101_all_pairs_incl_sentinel,round_win = game_pnl > 0 (decisive only),COMPATIBILITY_ONLY_NOT_PRODUCTION,1503.5010,1248.4159,482.7607,77,56,-0.32109104,-1.00000000,-0.31497422,-0.32109104,-482.7607,1503.5010,OK,0.0000,19.3104,4.0000,96.0000,AG03-UNRESOLVED,ALL5_LEVELS_bet23_to_bet27,19.3104,19.3104,19.3104,24.1380,24.1380,4.000000,4.000000,4.000000,5.000000,5.000000,96.000000,96.000000,96.000000,95.000000,95.000000,5.0,106.2074,97.2887,376.5533,385.472,PENDING_AG03,FALSE,NOT_FOR_ENFORCEMENT,463.4503,1198.4793,482.7607,463.4503,19.3104,0.32109104,0.30824739,19.3104,463.4503,0.30824739,19.3104,19.3104,19.3104,24.1380,24.1380,463.4503,0.30824739,106.2074,97.2887,376.5533,385.472,0.25045101,0.25638292,0.01284364,19.5260,22.2931,8.6207,32.1840,13.0476,100.2334,3.7333,6.7126,19.8677,5.1431,13.1149,31.9159,38.901,39.2639,74.2874,12.8578,-2.6176,2.993836,5.664343,1.488837,20,23,15,2,0.00892932,0.32109104,1.00000000,0E-8,0.000000,0.830339,0.000000,-0.68502578,2026-03-30,2026-07-29,15,37,37,122,0.122951,0.337866,0.343779,0.029764,,,,,,,,GLOBAL_BASELINE_NO_ENTITY_RANKING,,,NOT_APPLICABLE_GLOBAL_BASELINE,HF9g-P5,,,,X 全窗基线 · 不参与实体赏罚,8394573,840,A168_HF9F_20260827_0900,2026-08-27 09:00:00
2026-04-29,143611676,2202,0,7.8527864304,7.8527864304,7.8527864304,1.0000000,1,1,0.49324550000000000,0.493245500000,1.01360149184955,1.01360149184955,1.01360149184955,0E-17,ELIGIBLE,R03b_20260811_FULL_v1,L1_ELIGIBILITY,v2026-08-11,2026-03-21..2026-08-06,baccarat_bet02_101_all_pairs_incl_sentinel,round_win = game_pnl > 0 (decisive only),COMPATIBILITY_ONLY_NOT_PRODUCTION,1503.5010,1248.4159,482.7607,77,56,-0.32109104,-1.00000000,-0.31497422,-0.32109104,-482.7607,1503.5010,OK,0.0000,19.3104,4.0000,96.0000,AG03-UNRESOLVED,ALL5_LEVELS_bet23_to_bet27,19.3104,19.3104,19.3104,24.1380,24.1380,4.000000,4.000000,4.000000,5.000000,5.000000,96.000000,96.000000,96.000000,95.000000,95.000000,5.0,106.2074,97.2887,376.5533,385.472,PENDING_AG03,FALSE,NOT_FOR_ENFORCEMENT,463.4503,1198.4793,482.7607,463.4503,19.3104,0.32109104,0.30824739,19.3104,463.4503,0.30824739,19.3104,19.3104,19.3104,24.1380,24.1380,463.4503,0.30824739,106.2074,97.2887,376.5533,385.472,0.25045101,0.25638292,0.01284364,19.5260,22.2931,8.6207,32.1840,13.0476,100.2334,3.7333,6.7126,19.8677,5.1431,13.1149,31.9159,38.901,39.2639,74.2874,12.8578,-2.6176,2.993836,5.664343,1.488837,20,23,15,2,0.00892932,0.32109104,1.00000000,0E-8,0.000000,0.830339,0.000000,-0.68502578,2026-03-30,2026-07-29,15,37,37,122,0.122951,0.337866,0.343779,0.029764,,,,,,,,GLOBAL_BASELINE_NO_ENTITY_RANKING,,,NOT_APPLICABLE_GLOBAL_BASELINE,HF9g-P5,,,,X 全窗基线 · 不参与实体赏罚,8394574,840,A168_HF9F_20260827_0900,2026-08-27 09:00:00
2026-05-20,143611676,-1,1,101.4477712628,-39.1780395414,-39.1780395414,0.4000000,8,5,0.46644785183291463,0.373652690000,-0.29783515777540515,0.12178102319121696,-0.29783515777540515,0.09279516183291463,SENTINEL_DEALER,R03b_20260811_FULL_v1,L1_ELIGIBILITY,v2026-08-11,2026-03-21..2026-08-06,baccarat_bet02_101_all_pairs_incl_sentinel,round_win = game_pnl > 0 (decisive only),COMPATIBILITY_ONLY_NOT_PRODUCTION,1503.5010,1248.4159,482.7607,77,56,-0.32109104,-1.00000000,-0.31497422,-0.32109104,-482.7607,1503.5010,OK,0.0000,19.3104,4.0000,96.0000,AG03-UNRESOLVED,ALL5_LEVELS_bet23_to_bet27,19.3104,19.3104,19.3104,24.1380,24.1380,4.000000,4.000000,4.000000,5.000000,5.000000,96.000000,96.000000,96.000000,95.000000,95.000000,5.0,106.2074,97.2887,376.5533,385.472,PENDING_AG03,FALSE,NOT_FOR_ENFORCEMENT,463.4503,1198.4793,482.7607,463.4503,19.3104,0.32109104,0.30824739,19.3104,463.4503,0.30824739,19.3104,19.3104,19.3104,24.1380,24.1380,463.4503,0.30824739,106.2074,97.2887,376.5533,385.472,0.25045101,0.25638292,0.01284364,19.5260,22.2931,8.6207,32.1840,13.0476,100.2334,3.7333,6.7126,19.8677,5.1431,13.1149,31.9159,38.901,39.2639,74.2874,12.8578,-2.6176,2.993836,5.664343,1.488837,20,23,15,2,0.00892932,0.32109104,1.00000000,0E-8,0.000000,0.830339,0.000000,-0.68502578,2026-03-30,2026-07-29,15,37,37,122,0.122951,0.337866,0.343779,0.029764,,,,,,,,GLOBAL_BASELINE_NO_ENTITY_RANKING,,,NOT_APPLICABLE_GLOBAL_BASELINE,HF9g-P5,,,,X 全窗基线 · 不参与实体赏罚,8394575,840,A168_HF9F_20260827_0900,2026-08-27 09:00:00
2026-05-20,143611676,1399,0,12.9728607753,12.9728607753,12.9728607753,1.0000000,1,1,0.49324550000000000,0.493245500000,1.01360149184955,1.01360149184955,1.01360149184955,0E-17,ELIGIBLE,R03b_20260811_FULL_v1,L1_ELIGIBILITY,v2026-08-11,2026-03-21..2026-08-06,baccarat_bet02_101_all_pairs_incl_sentinel,round_win = game_pnl > 0 (decisive only),COMPATIBILITY_ONLY_NOT_PRODUCTION,1503.5010,1248.4159,482.7607,77,56,-0.32109104,-1.00000000,-0.31497422,-0.32109104,-482.7607,1503.5010,OK,0.0000,19.3104,4.0000,96.0000,AG03-UNRESOLVED,ALL5_LEVELS_bet23_to_bet27,19.3104,19.3104,19.3104,24.1380,24.1380,4.000000,4.000000,4.000000,5.000000,5.000000,96.000000,96.000000,96.000000,95.000000,95.000000,5.0,106.2074,97.2887,376.5533,385.472,PENDING_AG03,FALSE,NOT_FOR_ENFORCEMENT,463.4503,1198.4793,482.7607,463.4503,19.3104,0.32109104,0.30824739,19.3104,463.4503,0.30824739,19.3104,19.3104,19.3104,24.1380,24.1380,463.4503,0.30824739,106.2074,97.2887,376.5533,385.472,0.25045101,0.25638292,0.01284364,19.5260,22.2931,8.6207,32.1840,13.0476,100.2334,3.7333,6.7126,19.8677,5.1431,13.1149,31.9159,38.901,39.2639,74.2874,12.8578,-2.6176,2.993836,5.664343,1.488837,20,23,15,2,0.00892932,0.32109104,1.00000000,0E-8,0.000000,0.830339,0.000000,-0.68502578,2026-03-30,2026-07-29,15,37,37,122,0.122951,0.337866,0.343779,0.029764,,,,,,,,GLOBAL_BASELINE_NO_ENTITY_RANKING,,,NOT_APPLICABLE_GLOBAL_BASELINE,HF9g-P5,,,,X 全窗基线 · 不参与实体赏罚,8394576,840,A168_HF9F_20260827_0900,2026-08-27 09:00:00
2026-05-22,143611676,-1,1,28.5402937056,-28.5402937056,-28.5402937056,0E-7,2,1,0.45700525454481965,0.293924150000,-0.9174085499175445,-0.6451964315166089,-0.9174085499175445,0.16308110454481965,SENTINEL_DEALER,R03b_20260811_FULL_v1,L1_ELIGIBILITY,v2026-08-11,2026-03-21..2026-08-06,baccarat_bet02_101_all_pairs_incl_sentinel,round_win = game_pnl > 0 (decisive only),COMPATIBILITY_ONLY_NOT_PRODUCTION,1503.5010,1248.4159,482.7607,77,56,-0.32109104,-1.00000000,-0.31497422,-0.32109104,-482.7607,1503.5010,OK,0.0000,19.3104,4.0000,96.0000,AG03-UNRESOLVED,ALL5_LEVELS_bet23_to_bet27,19.3104,19.3104,19.3104,24.1380,24.1380,4.000000,4.000000,4.000000,5.000000,5.000000,96.000000,96.000000,96.000000,95.000000,95.000000,5.0,106.2074,97.2887,376.5533,385.472,PENDING_AG03,FALSE,NOT_FOR_ENFORCEMENT,463.4503,1198.4793,482.7607,463.4503,19.3104,0.32109104,0.30824739,19.3104,463.4503,0.30824739,19.3104,19.3104,19.3104,24.1380,24.1380,463.4503,0.30824739,106.2074,97.2887,376.5533,385.472,0.25045101,0.25638292,0.01284364,19.5260,22.2931,8.6207,32.1840,13.0476,100.2334,3.7333,6.7126,19.8677,5.1431,13.1149,31.9159,38.901,39.2639,74.2874,12.8578,-2.6176,2.993836,5.664343,1.488837,20,23,15,2,0.00892932,0.32109104,1.00000000,0E-8,0.000000,0.830339,0.000000,-0.68502578,2026-03-30,2026-07-29,15,37,37,122,0.122951,0.337866,0.343779,0.029764,,,,,,,,GLOBAL_BASELINE_NO_ENTITY_RANKING,,,NOT_APPLICABLE_GLOBAL_BASELINE,HF9g-P5,,,,X 全窗基线 · 不参与实体赏罚,8394577,840,A168_HF9F_20260827_0900,2026-08-27 09:00:00
2026-05-22,143611676,2127,0,25.9457215505,-25.9457215505,-25.9457215505,0E-7,1,1,0.49324550000000000,0.493245500000,-0.9865810262130424,-0.9865810262130424,-0.9865810262130424,0E-17,ELIGIBLE,R03b_20260811_FULL_v1,L1_ELIGIBILITY,v2026-08-11,2026-03-21..2026-08-06,baccarat_bet02_101_all_pairs_incl_sentinel,round_win = game_pnl > 0 (decisive only),COMPATIBILITY_ONLY_NOT_PRODUCTION,1503.5010,1248.4159,482.7607,77,56,-0.32109104,-1.00000000,-0.31497422,-0.32109104,-482.7607,1503.5010,OK,0.0000,19.3104,4.0000,96.0000,AG03-UNRESOLVED,ALL5_LEVELS_bet23_to_bet27,19.3104,19.3104,19.3104,24.1380,24.1380,4.000000,4.000000,4.000000,5.000000,5.000000,96.000000,96.000000,96.000000,95.000000,95.000000,5.0,106.2074,97.2887,376.5533,385.472,PENDING_AG03,FALSE,NOT_FOR_ENFORCEMENT,463.4503,1198.4793,482.7607,463.4503,19.3104,0.32109104,0.30824739,19.3104,463.4503,0.30824739,19.3104,19.3104,19.3104,24.1380,24.1380,463.4503,0.30824739,106.2074,97.2887,376.5533,385.472,0.25045101,0.25638292,0.01284364,19.5260,22.2931,8.6207,32.1840,13.0476,100.2334,3.7333,6.7126,19.8677,5.1431,13.1149,31.9159,38.901,39.2639,74.2874,12.8578,-2.6176,2.993836,5.664343,1.488837,20,23,15,2,0.00892932,0.32109104,1.00000000,0E-8,0.000000,0.830339,0.000000,-0.68502578,2026-03-30,2026-07-29,15,37,37,122,0.122951,0.337866,0.343779,0.029764,,,,,,,,GLOBAL_BASELINE_NO_ENTITY_RANKING,,,NOT_APPLICABLE_GLOBAL_BASELINE,HF9g-P5,,,,X 全窗基线 · 不参与实体赏罚,8394578,840,A168_HF9F_20260827_0900,2026-08-27 09:00:00
2026-05-22,143611676,2205,0,38.9185823258,38.9185823258,38.9185823258,1.0000000,1,1,0.49324550000000000,0.493245500000,1.01360149184955,1.01360149184955,1.01360149184955,0E-17,ELIGIBLE,R03b_20260811_FULL_v1,L1_ELIGIBILITY,v2026-08-11,2026-03-21..2026-08-06,baccarat_bet02_101_all_pairs_incl_sentinel,round_win = game_pnl > 0 (decisive only),COMPATIBILITY_ONLY_NOT_PRODUCTION,1503.5010,1248.4159,482.7607,77,56,-0.32109104,-1.00000000,-0.31497422,-0.32109104,-482.7607,1503.5010,OK,0.0000,19.3104,4.0000,96.0000,AG03-UNRESOLVED,ALL5_LEVELS_bet23_to_bet27,19.3104,19.3104,19.3104,24.1380,24.1380,4.000000,4.000000,4.000000,5.000000,5.000000,96.000000,96.000000,96.000000,95.000000,95.000000,5.0,106.2074,97.2887,376.5533,385.472,PENDING_AG03,FALSE,NOT_FOR_ENFORCEMENT,463.4503,1198.4793,482.7607,463.4503,19.3104,0.32109104,0.30824739,19.3104,463.4503,0.30824739,19.3104,19.3104,19.3104,24.1380,24.1380,463.4503,0.30824739,106.2074,97.2887,376.5533,385.472,0.25045101,0.25638292,0.01284364,19.5260,22.2931,8.6207,32.1840,13.0476,100.2334,3.7333,6.7126,19.8677,5.1431,13.1149,31.9159,38.901,39.2639,74.2874,12.8578,-2.6176,2.993836,5.664343,1.488837,20,23,15,2,0.00892932,0.32109104,1.00000000,0E-8,0.000000,0.830339,0.000000,-0.68502578,2026-03-30,2026-07-29,15,37,37,122,0.122951,0.337866,0.343779,0.029764,,,,,,,,GLOBAL_BASELINE_NO_ENTITY_RANKING,,,NOT_APPLICABLE_GLOBAL_BASELINE,HF9g-P5,,,,X 全窗基线 · 不参与实体赏罚,8394579,840,A168_HF9F_20260827_0900,2026-08-27 09:00:00
2026-05-30,143611676,-1,1,12.9728607753,12.9728607753,12.9728607753,1.0000000,1,1,0.49324550000000000,0.493245500000,1.01360149184955,1.01360149184955,1.01360149184955,0E-17,SENTINEL_DEALER,R03b_20260811_FULL_v1,L1_ELIGIBILITY,v2026-08-11,2026-03-21..2026-08-06,baccarat_bet02_101_all_pairs_incl_sentinel,round_win = game_pnl > 0 (decisive only),COMPATIBILITY_ONLY_NOT_PRODUCTION,1503.5010,1248.4159,482.7607,77,56,-0.32109104,-1.00000000,-0.31497422,-0.32109104,-482.7607,1503.5010,OK,0.0000,19.3104,4.0000,96.0000,AG03-UNRESOLVED,ALL5_LEVELS_bet23_to_bet27,19.3104,19.3104,19.3104,24.1380,24.1380,4.000000,4.000000,4.000000,5.000000,5.000000,96.000000,96.000000,96.000000,95.000000,95.000000,5.0,106.2074,97.2887,376.5533,385.472,PENDING_AG03,FALSE,NOT_FOR_ENFORCEMENT,463.4503,1198.4793,482.7607,463.4503,19.3104,0.32109104,0.30824739,19.3104,463.4503,0.30824739,19.3104,19.3104,19.3104,24.1380,24.1380,463.4503,0.30824739,106.2074,97.2887,376.5533,385.472,0.25045101,0.25638292,0.01284364,19.5260,22.2931,8.6207,32.1840,13.0476,100.2334,3.7333,6.7126,19.8677,5.1431,13.1149,31.9159,38.901,39.2639,74.2874,12.8578,-2.6176,2.993836,5.664343,1.488837,20,23,15,2,0.00892932,0.32109104,1.00000000,0E-8,0.000000,0.830339,0.000000,-0.68502578,2026-03-30,2026-07-29,15,37,37,122,0.122951,0.337866,0.343779,0.029764,,,,,,,,GLOBAL_BASELINE_NO_ENTITY_RANKING,,,NOT_APPLICABLE_GLOBAL_BASELINE,HF9g-P5,,,,X 全窗基线 · 不参与实体赏罚,8394580,840,A168_HF9F_20260827_0900,2026-08-27 09:00:00
2026-05-30,143611676,2220,0,15.5674329304,10.3782886202,10.3782886202,1.0000000,2,1,0.42680504999914642,0.293924150000,1.158874490235764,1.549915577879723,1.158874490235764,0.13288089999914642,ELIGIBLE,R03b_20260811_FULL_v1,L1_ELIGIBILITY,v2026-08-11,2026-03-21..2026-08-06,baccarat_bet02_101_all_pairs_incl_sentinel,round_win = game_pnl > 0 (decisive only),COMPATIBILITY_ONLY_NOT_PRODUCTION,1503.5010,1248.4159,482.7607,77,56,-0.32109104,-1.00000000,-0.31497422,-0.32109104,-482.7607,1503.5010,OK,0.0000,19.3104,4.0000,96.0000,AG03-UNRESOLVED,ALL5_LEVELS_bet23_to_bet27,19.3104,19.3104,19.3104,24.1380,24.1380,4.000000,4.000000,4.000000,5.000000,5.000000,96.000000,96.000000,96.000000,95.000000,95.000000,5.0,106.2074,97.2887,376.5533,385.472,PENDING_AG03,FALSE,NOT_FOR_ENFORCEMENT,463.4503,1198.4793,482.7607,463.4503,19.3104,0.32109104,0.30824739,19.3104,463.4503,0.30824739,19.3104,19.3104,19.3104,24.1380,24.1380,463.4503,0.30824739,106.2074,97.2887,376.5533,385.472,0.25045101,0.25638292,0.01284364,19.5260,22.2931,8.6207,32.1840,13.0476,100.2334,3.7333,6.7126,19.8677,5.1431,13.1149,31.9159,38.901,39.2639,74.2874,12.8578,-2.6176,2.993836,5.664343,1.488837,20,23,15,2,0.00892932,0.32109104,1.00000000,0E-8,0.000000,0.830339,0.000000,-0.68502578,2026-03-30,2026-07-29,15,37,37,122,0.122951,0.337866,0.343779,0.029764,,,,,,,,GLOBAL_BASELINE_NO_ENTITY_RANKING,,,NOT_APPLICABLE_GLOBAL_BASELINE,HF9g-P5,,,,X 全窗基线 · 不参与实体赏罚,8394581,840,A168_HF9F_20260827_0900,2026-08-27 09:00:00
2026-05-30,143611676,2222,0,54.4860152563,-54.4860152563,-54.4860152563,0E-7,6,3,0.43123441333243423,0.293924150000,-1.5081713179065444,-1.1175130002489002,-1.5081713179065444,0.13731026333243423,ELIGIBLE,R03b_20260811_FULL_v1,L1_ELIGIBILITY,v2026-08-11,2026-03-21..2026-08-06,baccarat_bet02_101_all_pairs_incl_sentinel,round_win = game_pnl > 0 (decisive only),COMPATIBILITY_ONLY_NOT_PRODUCTION,1503.5010,1248.4159,482.7607,77,56,-0.32109104,-1.00000000,-0.31497422,-0.32109104,-482.7607,1503.5010,OK,0.0000,19.3104,4.0000,96.0000,AG03-UNRESOLVED,ALL5_LEVELS_bet23_to_bet27,19.3104,19.3104,19.3104,24.1380,24.1380,4.000000,4.000000,4.000000,5.000000,5.000000,96.000000,96.000000,96.000000,95.000000,95.000000,5.0,106.2074,97.2887,376.5533,385.472,PENDING_AG03,FALSE,NOT_FOR_ENFORCEMENT,463.4503,1198.4793,482.7607,463.4503,19.3104,0.32109104,0.30824739,19.3104,463.4503,0.30824739,19.3104,19.3104,19.3104,24.1380,24.1380,463.4503,0.30824739,106.2074,97.2887,376.5533,385.472,0.25045101,0.25638292,0.01284364,19.5260,22.2931,8.6207,32.1840,13.0476,100.2334,3.7333,6.7126,19.8677,5.1431,13.1149,31.9159,38.901,39.2639,74.2874,12.8578,-2.6176,2.993836,5.664343,1.488837,20,23,15,2,0.00892932,0.32109104,1.00000000,0E-8,0.000000,0.830339,0.000000,-0.68502578,2026-03-30,2026-07-29,15,37,37,122,0.122951,0.337866,0.343779,0.029764,,,,,,,,GLOBAL_BASELINE_NO_ENTITY_RANKING,,,NOT_APPLICABLE_GLOBAL_BASELINE,HF9g-P5,,,,X 全窗基线 · 不参与实体赏罚,8394582,840,A168_HF9F_20260827_0900,2026-08-27 09:00:00
2026-05-30,143611676,2254,0,23.3511493955,18.1620050853,18.1620050853,1.0000000,2,1,0.44895186666590793,0.293924150000,1.107885496446148,1.549915577879723,1.107885496446148,0.15502771666590793,ELIGIBLE,R03b_20260811_FULL_v1,L1_ELIGIBILITY,v2026-08-11,2026-03-21..2026-08-06,baccarat_bet02_101_all_pairs_incl_sentinel,round_win = game_pnl > 0 (decisive only),COMPATIBILITY_ONLY_NOT_PRODUCTION,1503.5010,1248.4159,482.7607,77,56,-0.32109104,-1.00000000,-0.31497422,-0.32109104,-482.7607,1503.5010,OK,0.0000,19.3104,4.0000,96.0000,AG03-UNRESOLVED,ALL5_LEVELS_bet23_to_bet27,19.3104,19.3104,19.3104,24.1380,24.1380,4.000000,4.000000,4.000000,5.000000,5.000000,96.000000,96.000000,96.000000,95.000000,95.000000,5.0,106.2074,97.2887,376.5533,385.472,PENDING_AG03,FALSE,NOT_FOR_ENFORCEMENT,463.4503,1198.4793,482.7607,463.4503,19.3104,0.32109104,0.30824739,19.3104,463.4503,0.30824739,19.3104,19.3104,19.3104,24.1380,24.1380,463.4503,0.30824739,106.2074,97.2887,376.5533,385.472,0.25045101,0.25638292,0.01284364,19.5260,22.2931,8.6207,32.1840,13.0476,100.2334,3.7333,6.7126,19.8677,5.1431,13.1149,31.9159,38.901,39.2639,74.2874,12.8578,-2.6176,2.993836,5.664343,1.488837,20,23,15,2,0.00892932,0.32109104,1.00000000,0E-8,0.000000,0.830339,0.000000,-0.68502578,2026-03-30,2026-07-29,15,37,37,122,0.122951,0.337866,0.343779,0.029764,,,,,,,,GLOBAL_BASELINE_NO_ENTITY_RANKING,,,NOT_APPLICABLE_GLOBAL_BASELINE,HF9g-P5,,,,X 全窗基线 · 不参与实体赏罚,8394583,840,A168_HF9F_20260827_0900,2026-08-27 09:00:00
2026-06-03,143611676,-1,1,149.4072569239,-64.0316815388,-64.0316815388,0.4000000,6,5,0.48793026399991732,0.453381230000,-0.3933507173733534,-0.23977259314072347,-0.3933507173733534,0.03454903399991732,SENTINEL_DEALER,R03b_20260811_FULL_v1,L1_ELIGIBILITY,v2026-08-11,2026-03-21..2026-08-06,baccarat_bet02_101_all_pairs_incl_sentinel,round_win = game_pnl > 0 (decisive only),COMPATIBILITY_ONLY_NOT_PRODUCTION,1503.5010,1248.4159,482.7607,77,56,-0.32109104,-1.00000000,-0.31497422,-0.32109104,-482.7607,1503.5010,OK,0.0000,19.3104,4.0000,96.0000,AG03-UNRESOLVED,ALL5_LEVELS_bet23_to_bet27,19.3104,19.3104,19.3104,24.1380,24.1380,4.000000,4.000000,4.000000,5.000000,5.000000,96.000000,96.000000,96.000000,95.000000,95.000000,5.0,106.2074,97.2887,376.5533,385.472,PENDING_AG03,FALSE,NOT_FOR_ENFORCEMENT,463.4503,1198.4793,482.7607,463.4503,19.3104,0.32109104,0.30824739,19.3104,463.4503,0.30824739,19.3104,19.3104,19.3104,24.1380,24.1380,463.4503,0.30824739,106.2074,97.2887,376.5533,385.472,0.25045101,0.25638292,0.01284364,19.5260,22.2931,8.6207,32.1840,13.0476,100.2334,3.7333,6.7126,19.8677,5.1431,13.1149,31.9159,38.901,39.2639,74.2874,12.8578,-2.6176,2.993836,5.664343,1.488837,20,23,15,2,0.00892932,0.32109104,1.00000000,0E-8,0.000000,0.830339,0.000000,-0.68502578,2026-03-30,2026-07-29,15,37,37,122,0.122951,0.337866,0.343779,0.029764,,,,,,,,GLOBAL_BASELINE_NO_ENTITY_RANKING,,,NOT_APPLICABLE_GLOBAL_BASELINE,HF9g-P5,,,,X 全窗基线 · 不参与实体赏罚,8394584,840,A168_HF9F_20260827_0900,2026-08-27 09:00:00
2026-06-03,143611676,1323,0,25.7155347545,25.7155347545,25.7155347545,1.0000000,1,1,0.49324550000000000,0.493245500000,1.01360149184955,1.01360149184955,1.01360149184955,0E-17,ELIGIBLE,R03b_20260811_FULL_v1,L1_ELIGIBILITY,v2026-08-11,2026-03-21..2026-08-06,baccarat_bet02_101_all_pairs_incl_sentinel,round_win = game_pnl > 0 (decisive only),COMPATIBILITY_ONLY_NOT_PRODUCTION,1503.5010,1248.4159,482.7607,77,56,-0.32109104,-1.00000000,-0.31497422,-0.32109104,-482.7607,1503.5010,OK,0.0000,19.3104,4.0000,96.0000,AG03-UNRESOLVED,ALL5_LEVELS_bet23_to_bet27,19.3104,19.3104,19.3104,24.1380,24.1380,4.000000,4.000000,4.000000,5.000000,5.000000,96.000000,96.000000,96.000000,95.000000,95.000000,5.0,106.2074,97.2887,376.5533,385.472,PENDING_AG03,FALSE,NOT_FOR_ENFORCEMENT,463.4503,1198.4793,482.7607,463.4503,19.3104,0.32109104,0.30824739,19.3104,463.4503,0.30824739,19.3104,19.3104,19.3104,24.1380,24.1380,463.4503,0.30824739,106.2074,97.2887,376.5533,385.472,0.25045101,0.25638292,0.01284364,19.5260,22.2931,8.6207,32.1840,13.0476,100.2334,3.7333,6.7126,19.8677,5.1431,13.1149,31.9159,38.901,39.2639,74.2874,12.8578,-2.6176,2.993836,5.664343,1.488837,20,23,15,2,0.00892932,0.32109104,1.00000000,0E-8,0.000000,0.830339,0.000000,-0.68502578,2026-03-30,2026-07-29,15,37,37,122,0.122951,0.337866,0.343779,0.029764,,,,,,,,GLOBAL_BASELINE_NO_ENTITY_RANKING,,,NOT_APPLICABLE_GLOBAL_BASELINE,HF9g-P5,,,,X 全窗基线 · 不参与实体赏罚,8394585,840,A168_HF9F_20260827_0900,2026-08-27 09:00:00
2026-06-03,143611676,2147,0,20.5724278036,-20.5724278036,-20.5724278036,0E-7,1,1,0.49324550000000000,0.493245500000,-0.9865810262130424,-0.9865810262130424,-0.9865810262130424,0E-17,ELIGIBLE,R03b_20260811_FULL_v1,L1_ELIGIBILITY,v2026-08-11,2026-03-21..2026-08-06,baccarat_bet02_101_all_pairs_incl_sentinel,round_win = game_pnl > 0 (decisive only),COMPATIBILITY_ONLY_NOT_PRODUCTION,1503.5010,1248.4159,482.7607,77,56,-0.32109104,-1.00000000,-0.31497422,-0.32109104,-482.7607,1503.5010,OK,0.0000,19.3104,4.0000,96.0000,AG03-UNRESOLVED,ALL5_LEVELS_bet23_to_bet27,19.3104,19.3104,19.3104,24.1380,24.1380,4.000000,4.000000,4.000000,5.000000,5.000000,96.000000,96.000000,96.000000,95.000000,95.000000,5.0,106.2074,97.2887,376.5533,385.472,PENDING_AG03,FALSE,NOT_FOR_ENFORCEMENT,463.4503,1198.4793,482.7607,463.4503,19.3104,0.32109104,0.30824739,19.3104,463.4503,0.30824739,19.3104,19.3104,19.3104,24.1380,24.1380,463.4503,0.30824739,106.2074,97.2887,376.5533,385.472,0.25045101,0.25638292,0.01284364,19.5260,22.2931,8.6207,32.1840,13.0476,100.2334,3.7333,6.7126,19.8677,5.1431,13.1149,31.9159,38.901,39.2639,74.2874,12.8578,-2.6176,2.993836,5.664343,1.488837,20,23,15,2,0.00892932,0.32109104,1.00000000,0E-8,0.000000,0.830339,0.000000,-0.68502578,2026-03-30,2026-07-29,15,37,37,122,0.122951,0.337866,0.343779,0.029764,,,,,,,,GLOBAL_BASELINE_NO_ENTITY_RANKING,,,NOT_APPLICABLE_GLOBAL_BASELINE,HF9g-P5,,,,X 全窗基线 · 不参与实体赏罚,8394586,840,A168_HF9F_20260827_0900,2026-08-27 09:00:00
2026-06-03,143611676,2242,0,26.2298454496,-26.2298454496,-26.2298454496,0E-7,1,1,0.49324550000000000,0.493245500000,-0.9865810262130424,-0.9865810262130424,-0.9865810262130424,0E-17,ELIGIBLE,R03b_20260811_FULL_v1,L1_ELIGIBILITY,v2026-08-11,2026-03-21..2026-08-06,baccarat_bet02_101_all_pairs_incl_sentinel,round_win = game_pnl > 0 (decisive only),COMPATIBILITY_ONLY_NOT_PRODUCTION,1503.5010,1248.4159,482.7607,77,56,-0.32109104,-1.00000000,-0.31497422,-0.32109104,-482.7607,1503.5010,OK,0.0000,19.3104,4.0000,96.0000,AG03-UNRESOLVED,ALL5_LEVELS_bet23_to_bet27,19.3104,19.3104,19.3104,24.1380,24.1380,4.000000,4.000000,4.000000,5.000000,5.000000,96.000000,96.000000,96.000000,95.000000,95.000000,5.0,106.2074,97.2887,376.5533,385.472,PENDING_AG03,FALSE,NOT_FOR_ENFORCEMENT,463.4503,1198.4793,482.7607,463.4503,19.3104,0.32109104,0.30824739,19.3104,463.4503,0.30824739,19.3104,19.3104,19.3104,24.1380,24.1380,463.4503,0.30824739,106.2074,97.2887,376.5533,385.472,0.25045101,0.25638292,0.01284364,19.5260,22.2931,8.6207,32.1840,13.0476,100.2334,3.7333,6.7126,19.8677,5.1431,13.1149,31.9159,38.901,39.2639,74.2874,12.8578,-2.6176,2.993836,5.664343,1.488837,20,23,15,2,0.00892932,0.32109104,1.00000000,0E-8,0.000000,0.830339,0.000000,-0.68502578,2026-03-30,2026-07-29,15,37,37,122,0.122951,0.337866,0.343779,0.029764,,,,,,,,GLOBAL_BASELINE_NO_ENTITY_RANKING,,,NOT_APPLICABLE_GLOBAL_BASELINE,HF9g-P5,,,,X 全窗基线 · 不参与实体赏罚,8394587,840,A168_HF9F_20260827_0900,2026-08-27 09:00:00
2026-06-09,143611676,1221,0,77.1466042636,0E-10,0E-10,,2,2,0.49324550000000000,0.493245500000,,,,0E-17,NO_DECISIVE_ROUND,R03b_20260811_FULL_v1,L1_ELIGIBILITY,v2026-08-11,2026-03-21..2026-08-06,baccarat_bet02_101_all_pairs_incl_sentinel,round_win = game_pnl > 0 (decisive only),COMPATIBILITY_ONLY_NOT_PRODUCTION,1503.5010,1248.4159,482.7607,77,56,-0.32109104,-1.00000000,-0.31497422,-0.32109104,-482.7607,1503.5010,OK,0.0000,19.3104,4.0000,96.0000,AG03-UNRESOLVED,ALL5_LEVELS_bet23_to_bet27,19.3104,19.3104,19.3104,24.1380,24.1380,4.000000,4.000000,4.000000,5.000000,5.000000,96.000000,96.000000,96.000000,95.000000,95.000000,5.0,106.2074,97.2887,376.5533,385.472,PENDING_AG03,FALSE,NOT_FOR_ENFORCEMENT,463.4503,1198.4793,482.7607,463.4503,19.3104,0.32109104,0.30824739,19.3104,463.4503,0.30824739,19.3104,19.3104,19.3104,24.1380,24.1380,463.4503,0.30824739,106.2074,97.2887,376.5533,385.472,0.25045101,0.25638292,0.01284364,19.5260,22.2931,8.6207,32.1840,13.0476,100.2334,3.7333,6.7126,19.8677,5.1431,13.1149,31.9159,38.901,39.2639,74.2874,12.8578,-2.6176,2.993836,5.664343,1.488837,20,23,15,2,0.00892932,0.32109104,1.00000000,0E-8,0.000000,0.830339,0.000000,-0.68502578,2026-03-30,2026-07-29,15,37,37,122,0.122951,0.337866,0.343779,0.029764,,,,,,,,GLOBAL_BASELINE_NO_ENTITY_RANKING,,,NOT_APPLICABLE_GLOBAL_BASELINE,HF9g-P5,,,,X 全窗基线 · 不参与实体赏罚,8394588,840,A168_HF9F_20260827_0900,2026-08-27 09:00:00
2026-06-09,143611676,2129,0,175.1227916785,-97.9761874149,-97.9761874149,0.2500000,8,4,0.44704879330148157,0.293924150000,-0.79265263333461,-0.1928368583350518,-0.79265263333461,0.15312464330148157,ELIGIBLE,R03b_20260811_FULL_v1,L1_ELIGIBILITY,v2026-08-11,2026-03-21..2026-08-06,baccarat_bet02_101_all_pairs_incl_sentinel,round_win = game_pnl > 0 (decisive only),COMPATIBILITY_ONLY_NOT_PRODUCTION,1503.5010,1248.4159,482.7607,77,56,-0.32109104,-1.00000000,-0.31497422,-0.32109104,-482.7607,1503.5010,OK,0.0000,19.3104,4.0000,96.0000,AG03-UNRESOLVED,ALL5_LEVELS_bet23_to_bet27,19.3104,19.3104,19.3104,24.1380,24.1380,4.000000,4.000000,4.000000,5.000000,5.000000,96.000000,96.000000,96.000000,95.000000,95.000000,5.0,106.2074,97.2887,376.5533,385.472,PENDING_AG03,FALSE,NOT_FOR_ENFORCEMENT,463.4503,1198.4793,482.7607,463.4503,19.3104,0.32109104,0.30824739,19.3104,463.4503,0.30824739,19.3104,19.3104,19.3104,24.1380,24.1380,463.4503,0.30824739,106.2074,97.2887,376.5533,385.472,0.25045101,0.25638292,0.01284364,19.5260,22.2931,8.6207,32.1840,13.0476,100.2334,3.7333,6.7126,19.8677,5.1431,13.1149,31.9159,38.901,39.2639,74.2874,12.8578,-2.6176,2.993836,5.664343,1.488837,20,23,15,2,0.00892932,0.32109104,1.00000000,0E-8,0.000000,0.830339,0.000000,-0.68502578,2026-03-30,2026-07-29,15,37,37,122,0.122951,0.337866,0.343779,0.029764,,,,,,,,GLOBAL_BASELINE_NO_ENTITY_RANKING,,,NOT_APPLICABLE_GLOBAL_BASELINE,HF9g-P5,,,,X 全窗基线 · 不参与实体赏罚,8394589,840,A168_HF9F_20260827_0900,2026-08-27 09:00:00
2026-06-11,143611676,-1,1,30.8586417055,-30.8586417055,-30.8586417055,0E-7,2,2,0.49324550000000000,0.493245500000,-1.3952362676504506,-1.3952362676504506,-1.3952362676504506,0E-17,SENTINEL_DEALER,R03b_20260811_FULL_v1,L1_ELIGIBILITY,v2026-08-11,2026-03-21..2026-08-06,baccarat_bet02_101_all_pairs_incl_sentinel,round_win = game_pnl > 0 (decisive only),COMPATIBILITY_ONLY_NOT_PRODUCTION,1503.5010,1248.4159,482.7607,77,56,-0.32109104,-1.00000000,-0.31497422,-0.32109104,-482.7607,1503.5010,OK,0.0000,19.3104,4.0000,96.0000,AG03-UNRESOLVED,ALL5_LEVELS_bet23_to_bet27,19.3104,19.3104,19.3104,24.1380,24.1380,4.000000,4.000000,4.000000,5.000000,5.000000,96.000000,96.000000,96.000000,95.000000,95.000000,5.0,106.2074,97.2887,376.5533,385.472,PENDING_AG03,FALSE,NOT_FOR_ENFORCEMENT,463.4503,1198.4793,482.7607,463.4503,19.3104,0.32109104,0.30824739,19.3104,463.4503,0.30824739,19.3104,19.3104,19.3104,24.1380,24.1380,463.4503,0.30824739,106.2074,97.2887,376.5533,385.472,0.25045101,0.25638292,0.01284364,19.5260,22.2931,8.6207,32.1840,13.0476,100.2334,3.7333,6.7126,19.8677,5.1431,13.1149,31.9159,38.901,39.2639,74.2874,12.8578,-2.6176,2.993836,5.664343,1.488837,20,23,15,2,0.00892932,0.32109104,1.00000000,0E-8,0.000000,0.830339,0.000000,-0.68502578,2026-03-30,2026-07-29,15,37,37,122,0.122951,0.337866,0.343779,0.029764,,,,,,,,GLOBAL_BASELINE_NO_ENTITY_RANKING,,,NOT_APPLICABLE_GLOBAL_BASELINE,HF9g-P5,,,,X 全窗基线 · 不参与实体赏罚,8394590,840,A168_HF9F_20260827_0900,2026-08-27 09:00:00
2026-06-13,143611676,2196,0,12.8577673773,-12.8577673773,-12.8577673773,0E-7,1,1,0.49324550000000000,0.493245500000,-0.9865810262130424,-0.9865810262130424,-0.9865810262130424,0E-17,ELIGIBLE,R03b_20260811_FULL_v1,L1_ELIGIBILITY,v2026-08-11,2026-03-21..2026-08-06,baccarat_bet02_101_all_pairs_incl_sentinel,round_win = game_pnl > 0 (decisive only),COMPATIBILITY_ONLY_NOT_PRODUCTION,1503.5010,1248.4159,482.7607,77,56,-0.32109104,-1.00000000,-0.31497422,-0.32109104,-482.7607,1503.5010,OK,0.0000,19.3104,4.0000,96.0000,AG03-UNRESOLVED,ALL5_LEVELS_bet23_to_bet27,19.3104,19.3104,19.3104,24.1380,24.1380,4.000000,4.000000,4.000000,5.000000,5.000000,96.000000,96.000000,96.000000,95.000000,95.000000,5.0,106.2074,97.2887,376.5533,385.472,PENDING_AG03,FALSE,NOT_FOR_ENFORCEMENT,463.4503,1198.4793,482.7607,463.4503,19.3104,0.32109104,0.30824739,19.3104,463.4503,0.30824739,19.3104,19.3104,19.3104,24.1380,24.1380,463.4503,0.30824739,106.2074,97.2887,376.5533,385.472,0.25045101,0.25638292,0.01284364,19.5260,22.2931,8.6207,32.1840,13.0476,100.2334,3.7333,6.7126,19.8677,5.1431,13.1149,31.9159,38.901,39.2639,74.2874,12.8578,-2.6176,2.993836,5.664343,1.488837,20,23,15,2,0.00892932,0.32109104,1.00000000,0E-8,0.000000,0.830339,0.000000,-0.68502578,2026-03-30,2026-07-29,15,37,37,122,0.122951,0.337866,0.343779,0.029764,,,,,,,,GLOBAL_BASELINE_NO_ENTITY_RANKING,,,NOT_APPLICABLE_GLOBAL_BASELINE,HF9g-P5,,,,X 全窗基线 · 不参与实体赏罚,8394591,840,A168_HF9F_20260827_0900,2026-08-27 09:00:00
2026-06-15,143611676,-1,1,51.4310695090,-25.7155347545,-25.7155347545,0E-7,2,2,0.49324550000000000,0.493245500000,-0.9865810262130424,-0.9865810262130424,-0.9865810262130424,0E-17,SENTINEL_DEALER,R03b_20260811_FULL_v1,L1_ELIGIBILITY,v2026-08-11,2026-03-21..2026-08-06,baccarat_bet02_101_all_pairs_incl_sentinel,round_win = game_pnl > 0 (decisive only),COMPATIBILITY_ONLY_NOT_PRODUCTION,1503.5010,1248.4159,482.7607,77,56,-0.32109104,-1.00000000,-0.31497422,-0.32109104,-482.7607,1503.5010,OK,0.0000,19.3104,4.0000,96.0000,AG03-UNRESOLVED,ALL5_LEVELS_bet23_to_bet27,19.3104,19.3104,19.3104,24.1380,24.1380,4.000000,4.000000,4.000000,5.000000,5.000000,96.000000,96.000000,96.000000,95.000000,95.000000,5.0,106.2074,97.2887,376.5533,385.472,PENDING_AG03,FALSE,NOT_FOR_ENFORCEMENT,463.4503,1198.4793,482.7607,463.4503,19.3104,0.32109104,0.30824739,19.3104,463.4503,0.30824739,19.3104,19.3104,19.3104,24.1380,24.1380,463.4503,0.30824739,106.2074,97.2887,376.5533,385.472,0.25045101,0.25638292,0.01284364,19.5260,22.2931,8.6207,32.1840,13.0476,100.2334,3.7333,6.7126,19.8677,5.1431,13.1149,31.9159,38.901,39.2639,74.2874,12.8578,-2.6176,2.993836,5.664343,1.488837,20,23,15,2,0.00892932,0.32109104,1.00000000,0E-8,0.000000,0.830339,0.000000,-0.68502578,2026-03-30,2026-07-29,15,37,37,122,0.122951,0.337866,0.343779,0.029764,,,,,,,,GLOBAL_BASELINE_NO_ENTITY_RANKING,,,NOT_APPLICABLE_GLOBAL_BASELINE,HF9g-P5,,,,X 全窗基线 · 不参与实体赏罚,8394592,840,A168_HF9F_20260827_0900,2026-08-27 09:00:00
2026-07-11,143611676,-1,1,7.7453334366,-7.7453334366,-7.7453334366,0E-7,1,1,0.49324550000000000,0.493245500000,-0.9865810262130424,-0.9865810262130424,-0.9865810262130424,0E-17,SENTINEL_DEALER,R03b_20260811_FULL_v1,L1_ELIGIBILITY,v2026-08-11,2026-03-21..2026-08-06,baccarat_bet02_101_all_pairs_incl_sentinel,round_win = game_pnl > 0 (decisive only),COMPATIBILITY_ONLY_NOT_PRODUCTION,1503.5010,1248.4159,482.7607,77,56,-0.32109104,-1.00000000,-0.31497422,-0.32109104,-482.7607,1503.5010,OK,0.0000,19.3104,4.0000,96.0000,AG03-UNRESOLVED,ALL5_LEVELS_bet23_to_bet27,19.3104,19.3104,19.3104,24.1380,24.1380,4.000000,4.000000,4.000000,5.000000,5.000000,96.000000,96.000000,96.000000,95.000000,95.000000,5.0,106.2074,97.2887,376.5533,385.472,PENDING_AG03,FALSE,NOT_FOR_ENFORCEMENT,463.4503,1198.4793,482.7607,463.4503,19.3104,0.32109104,0.30824739,19.3104,463.4503,0.30824739,19.3104,19.3104,19.3104,24.1380,24.1380,463.4503,0.30824739,106.2074,97.2887,376.5533,385.472,0.25045101,0.25638292,0.01284364,19.5260,22.2931,8.6207,32.1840,13.0476,100.2334,3.7333,6.7126,19.8677,5.1431,13.1149,31.9159,38.901,39.2639,74.2874,12.8578,-2.6176,2.993836,5.664343,1.488837,20,23,15,2,0.00892932,0.32109104,1.00000000,0E-8,0.000000,0.830339,0.000000,-0.68502578,2026-03-30,2026-07-29,15,37,37,122,0.122951,0.337866,0.343779,0.029764,,,,,,,,GLOBAL_BASELINE_NO_ENTITY_RANKING,,,NOT_APPLICABLE_GLOBAL_BASELINE,HF9g-P5,,,,X 全窗基线 · 不参与实体赏罚,8394593,840,A168_HF9F_20260827_0900,2026-08-27 09:00:00
2026-07-29,143611676,-1,1,5.6799111868,-5.6799111868,-5.6799111868,0E-7,1,1,0.49324550000000000,0.493245500000,-0.9865810262130424,-0.9865810262130424,-0.9865810262130424,0E-17,SENTINEL_DEALER,R03b_20260811_FULL_v1,L1_ELIGIBILITY,v2026-08-11,2026-03-21..2026-08-06,baccarat_bet02_101_all_pairs_incl_sentinel,round_win = game_pnl > 0 (decisive only),COMPATIBILITY_ONLY_NOT_PRODUCTION,1503.5010,1248.4159,482.7607,77,56,-0.32109104,-1.00000000,-0.31497422,-0.32109104,-482.7607,1503.5010,OK,0.0000,19.3104,4.0000,96.0000,AG03-UNRESOLVED,ALL5_LEVELS_bet23_to_bet27,19.3104,19.3104,19.3104,24.1380,24.1380,4.000000,4.000000,4.000000,5.000000,5.000000,96.000000,96.000000,96.000000,95.000000,95.000000,5.0,106.2074,97.2887,376.5533,385.472,PENDING_AG03,FALSE,NOT_FOR_ENFORCEMENT,463.4503,1198.4793,482.7607,463.4503,19.3104,0.32109104,0.30824739,19.3104,463.4503,0.30824739,19.3104,19.3104,19.3104,24.1380,24.1380,463.4503,0.30824739,106.2074,97.2887,376.5533,385.472,0.25045101,0.25638292,0.01284364,19.5260,22.2931,8.6207,32.1840,13.0476,100.2334,3.7333,6.7126,19.8677,5.1431,13.1149,31.9159,38.901,39.2639,74.2874,12.8578,-2.6176,2.993836,5.664343,1.488837,20,23,15,2,0.00892932,0.32109104,1.00000000,0E-8,0.000000,0.830339,0.000000,-0.68502578,2026-03-30,2026-07-29,15,37,37,122,0.122951,0.337866,0.343779,0.029764,,,,,,,,GLOBAL_BASELINE_NO_ENTITY_RANKING,,,NOT_APPLICABLE_GLOBAL_BASELINE,HF9g-P5,,,,X 全窗基线 · 不参与实体赏罚,8394594,840,A168_HF9F_20260827_0900,2026-08-27 09:00:00
2026-08-05,153866378,-1,1,54.5498626149,8.9906255052,8.9906255052,0.5384615,13,13,0.50252602307692308,0.502526023077,0.25913799369159063,0.2591379936910361,0.25913799369159063,-7.692E-14,SENTINEL_DEALER,R03b_20260811_FULL_v1,L1_ELIGIBILITY,v2026-08-11,2026-03-21..2026-08-06,baccarat_bet02_101_all_pairs_incl_sentinel,round_win = game_pnl > 0 (decisive only),COMPATIBILITY_ONLY_NOT_PRODUCTION,1288.9930,1088.9769,482.7663,79,79,-0.37452978,-0.37452978,,-0.37452978,-482.7663,1288.9930,OK,0.0000,19.3107,4.0000,96.0000,AG03-UNRESOLVED,ALL5_LEVELS_bet23_to_bet27,19.3107,19.3107,19.3107,19.3107,19.3107,4.000000,4.000000,4.000000,4.000000,4.000000,96.000000,96.000000,96.000000,96.000000,96.000000,5.0,96.5533,89.1318,386.2130,393.6344,PENDING_AG03,FALSE,NOT_FOR_ENFORCEMENT,463.4556,1045.4178,482.7663,463.4556,19.3107,0.37452978,0.35954859,19.3107,463.4556,0.35954859,19.3107,19.3107,19.3107,19.3107,19.3107,463.4556,0.35954859,96.5533,89.1318,386.2130,393.6344,0.29962382,0.30538136,0.01498119,16.3164,13.7845,6.1110,241.3831,16.6471,644.4965,39.5000,16.3164,,2.0204,4.0407,17.6782,40.4073,101.0183,101.0183,4.0407,-2.0204,25.000001,25.000001,4.037975,21,19,3,2,1.00000000,0.37452978,0.37452978,0E-8,0.000000,0.844828,0.000000,,2026-08-05,2026-08-06,2,29,21,2,1.000000,,1.000000,3.333333,,,,,,,,GLOBAL_BASELINE_NO_ENTITY_RANKING,,,NOT_APPLICABLE_GLOBAL_BASELINE,HF9g-P5,,,,X 全窗基线 · 不参与实体赏罚,8394595,840,A168_HF9F_20260827_0900,2026-08-27 09:00:00
2026-08-05,153866378,1004,0,630.3539679972,-276.7900436398,-276.7900436398,0.1111111,12,12,0.49324550000000000,0.493245500000,-2.2930155726182635,-2.2930155726182635,-2.2930155726182635,0E-17,ELIGIBLE,R03b_20260811_FULL_v1,L1_ELIGIBILITY,v2026-08-11,2026-03-21..2026-08-06,baccarat_bet02_101_all_pairs_incl_sentinel,round_win = game_pnl > 0 (decisive only),COMPATIBILITY_ONLY_NOT_PRODUCTION,1288.9930,1088.9769,482.7663,79,79,-0.37452978,-0.37452978,,-0.37452978,-482.7663,1288.9930,OK,0.0000,19.3107,4.0000,96.0000,AG03-UNRESOLVED,ALL5_LEVELS_bet23_to_bet27,19.3107,19.3107,19.3107,19.3107,19.3107,4.000000,4.000000,4.000000,4.000000,4.000000,96.000000,96.000000,96.000000,96.000000,96.000000,5.0,96.5533,89.1318,386.2130,393.6344,PENDING_AG03,FALSE,NOT_FOR_ENFORCEMENT,463.4556,1045.4178,482.7663,463.4556,19.3107,0.37452978,0.35954859,19.3107,463.4556,0.35954859,19.3107,19.3107,19.3107,19.3107,19.3107,463.4556,0.35954859,96.5533,89.1318,386.2130,393.6344,0.29962382,0.30538136,0.01498119,16.3164,13.7845,6.1110,241.3831,16.6471,644.4965,39.5000,16.3164,,2.0204,4.0407,17.6782,40.4073,101.0183,101.0183,4.0407,-2.0204,25.000001,25.000001,4.037975,21,19,3,2,1.00000000,0.37452978,0.37452978,0E-8,0.000000,0.844828,0.000000,,2026-08-05,2026-08-06,2,29,21,2,1.000000,,1.000000,3.333333,,,,,,,,GLOBAL_BASELINE_NO_ENTITY_RANKING,,,NOT_APPLICABLE_GLOBAL_BASELINE,HF9g-P5,,,,X 全窗基线 · 不参与实体赏罚,8394596,840,A168_HF9F_20260827_0900,2026-08-27 09:00:00
2026-08-05,153866378,1299,0,8.0814611282,4.0407305641,4.0407305641,1.0000000,2,2,0.49324550000000000,0.493245500000,1.01360149184955,1.01360149184955,1.01360149184955,0E-17,ELIGIBLE,R03b_20260811_FULL_v1,L1_ELIGIBILITY,v2026-08-11,2026-03-21..2026-08-06,baccarat_bet02_101_all_pairs_incl_sentinel,round_win = game_pnl > 0 (decisive only),COMPATIBILITY_ONLY_NOT_PRODUCTION,1288.9930,1088.9769,482.7663,79,79,-0.37452978,-0.37452978,,-0.37452978,-482.7663,1288.9930,OK,0.0000,19.3107,4.0000,96.0000,AG03-UNRESOLVED,ALL5_LEVELS_bet23_to_bet27,19.3107,19.3107,19.3107,19.3107,19.3107,4.000000,4.000000,4.000000,4.000000,4.000000,96.000000,96.000000,96.000000,96.000000,96.000000,5.0,96.5533,89.1318,386.2130,393.6344,PENDING_AG03,FALSE,NOT_FOR_ENFORCEMENT,463.4556,1045.4178,482.7663,463.4556,19.3107,0.37452978,0.35954859,19.3107,463.4556,0.35954859,19.3107,19.3107,19.3107,19.3107,19.3107,463.4556,0.35954859,96.5533,89.1318,386.2130,393.6344,0.29962382,0.30538136,0.01498119,16.3164,13.7845,6.1110,241.3831,16.6471,644.4965,39.5000,16.3164,,2.0204,4.0407,17.6782,40.4073,101.0183,101.0183,4.0407,-2.0204,25.000001,25.000001,4.037975,21,19,3,2,1.00000000,0.37452978,0.37452978,0E-8,0.000000,0.844828,0.000000,,2026-08-05,2026-08-06,2,29,21,2,1.000000,,1.000000,3.333333,,,,,,,,GLOBAL_BASELINE_NO_ENTITY_RANKING,,,NOT_APPLICABLE_GLOBAL_BASELINE,HF9g-P5,,,,X 全窗基线 · 不参与实体赏罚,8394597,840,A168_HF9F_20260827_0900,2026-08-27 09:00:00
2026-08-05,153866378,1645,0,30.3054792306,-10.1018264102,-10.1018264102,0E-7,2,2,0.49324550000000000,0.493245500000,-0.9865810262130424,-0.9865810262130424,-0.9865810262130424,0E-17,ELIGIBLE,R03b_20260811_FULL_v1,L1_ELIGIBILITY,v2026-08-11,2026-03-21..2026-08-06,baccarat_bet02_101_all_pairs_incl_sentinel,round_win = game_pnl > 0 (decisive only),COMPATIBILITY_ONLY_NOT_PRODUCTION,1288.9930,1088.9769,482.7663,79,79,-0.37452978,-0.37452978,,-0.37452978,-482.7663,1288.9930,OK,0.0000,19.3107,4.0000,96.0000,AG03-UNRESOLVED,ALL5_LEVELS_bet23_to_bet27,19.3107,19.3107,19.3107,19.3107,19.3107,4.000000,4.000000,4.000000,4.000000,4.000000,96.000000,96.000000,96.000000,96.000000,96.000000,5.0,96.5533,89.1318,386.2130,393.6344,PENDING_AG03,FALSE,NOT_FOR_ENFORCEMENT,463.4556,1045.4178,482.7663,463.4556,19.3107,0.37452978,0.35954859,19.3107,463.4556,0.35954859,19.3107,19.3107,19.3107,19.3107,19.3107,463.4556,0.35954859,96.5533,89.1318,386.2130,393.6344,0.29962382,0.30538136,0.01498119,16.3164,13.7845,6.1110,241.3831,16.6471,644.4965,39.5000,16.3164,,2.0204,4.0407,17.6782,40.4073,101.0183,101.0183,4.0407,-2.0204,25.000001,25.000001,4.037975,21,19,3,2,1.00000000,0.37452978,0.37452978,0E-8,0.000000,0.844828,0.000000,,2026-08-05,2026-08-06,2,29,21,2,1.000000,,1.000000,3.333333,,,,,,,,GLOBAL_BASELINE_NO_ENTITY_RANKING,,,NOT_APPLICABLE_GLOBAL_BASELINE,HF9g-P5,,,,X 全窗基线 · 不参与实体赏罚,8394598,840,A168_HF9F_20260827_0900,2026-08-27 09:00:00
2026-08-05,153866378,1951,0,14.1425569743,6.0610958461,6.0610958461,0.5000000,2,2,0.49324550000000000,0.493245500000,0.01910635448239258,0.01910635448239258,0.01910635448239258,0E-17,ELIGIBLE,R03b_20260811_FULL_v1,L1_ELIGIBILITY,v2026-08-11,2026-03-21..2026-08-06,baccarat_bet02_101_all_pairs_incl_sentinel,round_win = game_pnl > 0 (decisive only),COMPATIBILITY_ONLY_NOT_PRODUCTION,1288.9930,1088.9769,482.7663,79,79,-0.37452978,-0.37452978,,-0.37452978,-482.7663,1288.9930,OK,0.0000,19.3107,4.0000,96.0000,AG03-UNRESOLVED,ALL5_LEVELS_bet23_to_bet27,19.3107,19.3107,19.3107,19.3107,19.3107,4.000000,4.000000,4.000000,4.000000,4.000000,96.000000,96.000000,96.000000,96.000000,96.000000,5.0,96.5533,89.1318,386.2130,393.6344,PENDING_AG03,FALSE,NOT_FOR_ENFORCEMENT,463.4556,1045.4178,482.7663,463.4556,19.3107,0.37452978,0.35954859,19.3107,463.4556,0.35954859,19.3107,19.3107,19.3107,19.3107,19.3107,463.4556,0.35954859,96.5533,89.1318,386.2130,393.6344,0.29962382,0.30538136,0.01498119,16.3164,13.7845,6.1110,241.3831,16.6471,644.4965,39.5000,16.3164,,2.0204,4.0407,17.6782,40.4073,101.0183,101.0183,4.0407,-2.0204,25.000001,25.000001,4.037975,21,19,3,2,1.00000000,0.37452978,0.37452978,0E-8,0.000000,0.844828,0.000000,,2026-08-05,2026-08-06,2,29,21,2,1.000000,,1.000000,3.333333,,,,,,,,GLOBAL_BASELINE_NO_ENTITY_RANKING,,,NOT_APPLICABLE_GLOBAL_BASELINE,HF9g-P5,,,,X 全窗基线 · 不参与实体赏罚,8394599,840,A168_HF9F_20260827_0900,2026-08-27 09:00:00
2026-08-05,153866378,1994,0,2.0203652820,2.0203652820,2.0203652820,1.0000000,1,1,0.49324550000000000,0.493245500000,1.01360149184955,1.01360149184955,1.01360149184955,0E-17,ELIGIBLE,R03b_20260811_FULL_v1,L1_ELIGIBILITY,v2026-08-11,2026-03-21..2026-08-06,baccarat_bet02_101_all_pairs_incl_sentinel,round_win = game_pnl > 0 (decisive only),COMPATIBILITY_ONLY_NOT_PRODUCTION,1288.9930,1088.9769,482.7663,79,79,-0.37452978,-0.37452978,,-0.37452978,-482.7663,1288.9930,OK,0.0000,19.3107,4.0000,96.0000,AG03-UNRESOLVED,ALL5_LEVELS_bet23_to_bet27,19.3107,19.3107,19.3107,19.3107,19.3107,4.000000,4.000000,4.000000,4.000000,4.000000,96.000000,96.000000,96.000000,96.000000,96.000000,5.0,96.5533,89.1318,386.2130,393.6344,PENDING_AG03,FALSE,NOT_FOR_ENFORCEMENT,463.4556,1045.4178,482.7663,463.4556,19.3107,0.37452978,0.35954859,19.3107,463.4556,0.35954859,19.3107,19.3107,19.3107,19.3107,19.3107,463.4556,0.35954859,96.5533,89.1318,386.2130,393.6344,0.29962382,0.30538136,0.01498119,16.3164,13.7845,6.1110,241.3831,16.6471,644.4965,39.5000,16.3164,,2.0204,4.0407,17.6782,40.4073,101.0183,101.0183,4.0407,-2.0204,25.000001,25.000001,4.037975,21,19,3,2,1.00000000,0.37452978,0.37452978,0E-8,0.000000,0.844828,0.000000,,2026-08-05,2026-08-06,2,29,21,2,1.000000,,1.000000,3.333333,,,,,,,,GLOBAL_BASELINE_NO_ENTITY_RANKING,,,NOT_APPLICABLE_GLOBAL_BASELINE,HF9g-P5,,,,X 全窗基线 · 不参与实体赏罚,8394600,840,A168_HF9F_20260827_0900,2026-08-27 09:00:00
2026-08-05,153866378,2123,0,6.0610958461,2.0203652821,2.0203652821,0.5000000,2,2,0.49324550000000000,0.493245500000,0.01910635448239258,0.01910635448239258,0.01910635448239258,0E-17,ELIGIBLE,R03b_20260811_FULL_v1,L1_ELIGIBILITY,v2026-08-11,2026-03-21..2026-08-06,baccarat_bet02_101_all_pairs_incl_sentinel,round_win = game_pnl > 0 (decisive only),COMPATIBILITY_ONLY_NOT_PRODUCTION,1288.9930,1088.9769,482.7663,79,79,-0.37452978,-0.37452978,,-0.37452978,-482.7663,1288.9930,OK,0.0000,19.3107,4.0000,96.0000,AG03-UNRESOLVED,ALL5_LEVELS_bet23_to_bet27,19.3107,19.3107,19.3107,19.3107,19.3107,4.000000,4.000000,4.000000,4.000000,4.000000,96.000000,96.000000,96.000000,96.000000,96.000000,5.0,96.5533,89.1318,386.2130,393.6344,PENDING_AG03,FALSE,NOT_FOR_ENFORCEMENT,463.4556,1045.4178,482.7663,463.4556,19.3107,0.37452978,0.35954859,19.3107,463.4556,0.35954859,19.3107,19.3107,19.3107,19.3107,19.3107,463.4556,0.35954859,96.5533,89.1318,386.2130,393.6344,0.29962382,0.30538136,0.01498119,16.3164,13.7845,6.1110,241.3831,16.6471,644.4965,39.5000,16.3164,,2.0204,4.0407,17.6782,40.4073,101.0183,101.0183,4.0407,-2.0204,25.000001,25.000001,4.037975,21,19,3,2,1.00000000,0.37452978,0.37452978,0E-8,0.000000,0.844828,0.000000,,2026-08-05,2026-08-06,2,29,21,2,1.000000,,1.000000,3.333333,,,,,,,,GLOBAL_BASELINE_NO_ENTITY_RANKING,,,NOT_APPLICABLE_GLOBAL_BASELINE,HF9g-P5,,,,X 全窗基线 · 不参与实体赏罚,8394601,840,A168_HF9F_20260827_0900,2026-08-27 09:00:00
2026-08-05,153866378,2162,0,4.0407305640,2.0203652820,2.0203652820,1.0000000,2,2,0.49324550000000000,0.493245500000,1.01360149184955,1.01360149184955,1.01360149184955,0E-17,ELIGIBLE,R03b_20260811_FULL_v1,L1_ELIGIBILITY,v2026-08-11,2026-03-21..2026-08-06,baccarat_bet02_101_all_pairs_incl_sentinel,round_win = game_pnl > 0 (decisive only),COMPATIBILITY_ONLY_NOT_PRODUCTION,1288.9930,1088.9769,482.7663,79,79,-0.37452978,-0.37452978,,-0.37452978,-482.7663,1288.9930,OK,0.0000,19.3107,4.0000,96.0000,AG03-UNRESOLVED,ALL5_LEVELS_bet23_to_bet27,19.3107,19.3107,19.3107,19.3107,19.3107,4.000000,4.000000,4.000000,4.000000,4.000000,96.000000,96.000000,96.000000,96.000000,96.000000,5.0,96.5533,89.1318,386.2130,393.6344,PENDING_AG03,FALSE,NOT_FOR_ENFORCEMENT,463.4556,1045.4178,482.7663,463.4556,19.3107,0.37452978,0.35954859,19.3107,463.4556,0.35954859,19.3107,19.3107,19.3107,19.3107,19.3107,463.4556,0.35954859,96.5533,89.1318,386.2130,393.6344,0.29962382,0.30538136,0.01498119,16.3164,13.7845,6.1110,241.3831,16.6471,644.4965,39.5000,16.3164,,2.0204,4.0407,17.6782,40.4073,101.0183,101.0183,4.0407,-2.0204,25.000001,25.000001,4.037975,21,19,3,2,1.00000000,0.37452978,0.37452978,0E-8,0.000000,0.844828,0.000000,,2026-08-05,2026-08-06,2,29,21,2,1.000000,,1.000000,3.333333,,,,,,,,GLOBAL_BASELINE_NO_ENTITY_RANKING,,,NOT_APPLICABLE_GLOBAL_BASELINE,HF9g-P5,,,,X 全窗基线 · 不参与实体赏罚,8394602,840,A168_HF9F_20260827_0900,2026-08-27 09:00:00
2026-08-05,153866378,2201,0,14.1425569742,-10.1018264101,-10.1018264101,0E-7,5,5,0.50128862000000000,0.501288620000,-2.005161139317648,-2.005161139317648,-2.005161139317648,0E-17,ELIGIBLE,R03b_20260811_FULL_v1,L1_ELIGIBILITY,v2026-08-11,2026-03-21..2026-08-06,baccarat_bet02_101_all_pairs_incl_sentinel,round_win = game_pnl > 0 (decisive only),COMPATIBILITY_ONLY_NOT_PRODUCTION,1288.9930,1088.9769,482.7663,79,79,-0.37452978,-0.37452978,,-0.37452978,-482.7663,1288.9930,OK,0.0000,19.3107,4.0000,96.0000,AG03-UNRESOLVED,ALL5_LEVELS_bet23_to_bet27,19.3107,19.3107,19.3107,19.3107,19.3107,4.000000,4.000000,4.000000,4.000000,4.000000,96.000000,96.000000,96.000000,96.000000,96.000000,5.0,96.5533,89.1318,386.2130,393.6344,PENDING_AG03,FALSE,NOT_FOR_ENFORCEMENT,463.4556,1045.4178,482.7663,463.4556,19.3107,0.37452978,0.35954859,19.3107,463.4556,0.35954859,19.3107,19.3107,19.3107,19.3107,19.3107,463.4556,0.35954859,96.5533,89.1318,386.2130,393.6344,0.29962382,0.30538136,0.01498119,16.3164,13.7845,6.1110,241.3831,16.6471,644.4965,39.5000,16.3164,,2.0204,4.0407,17.6782,40.4073,101.0183,101.0183,4.0407,-2.0204,25.000001,25.000001,4.037975,21,19,3,2,1.00000000,0.37452978,0.37452978,0E-8,0.000000,0.844828,0.000000,,2026-08-05,2026-08-06,2,29,21,2,1.000000,,1.000000,3.333333,,,,,,,,GLOBAL_BASELINE_NO_ENTITY_RANKING,,,NOT_APPLICABLE_GLOBAL_BASELINE,HF9g-P5,,,,X 全窗基线 · 不参与实体赏罚,8394603,840,A168_HF9F_20260827_0900,2026-08-27 09:00:00
2026-08-05,153866378,2209,0,34.3462097947,14.1425569743,14.1425569743,0.6666667,3,3,0.49324550000000000,0.493245500000,0.6008033672792107,0.6008033672792106,0.6008033672792107,0E-17,ELIGIBLE,R03b_20260811_FULL_v1,L1_ELIGIBILITY,v2026-08-11,2026-03-21..2026-08-06,baccarat_bet02_101_all_pairs_incl_sentinel,round_win = game_pnl > 0 (decisive only),COMPATIBILITY_ONLY_NOT_PRODUCTION,1288.9930,1088.9769,482.7663,79,79,-0.37452978,-0.37452978,,-0.37452978,-482.7663,1288.9930,OK,0.0000,19.3107,4.0000,96.0000,AG03-UNRESOLVED,ALL5_LEVELS_bet23_to_bet27,19.3107,19.3107,19.3107,19.3107,19.3107,4.000000,4.000000,4.000000,4.000000,4.000000,96.000000,96.000000,96.000000,96.000000,96.000000,5.0,96.5533,89.1318,386.2130,393.6344,PENDING_AG03,FALSE,NOT_FOR_ENFORCEMENT,463.4556,1045.4178,482.7663,463.4556,19.3107,0.37452978,0.35954859,19.3107,463.4556,0.35954859,19.3107,19.3107,19.3107,19.3107,19.3107,463.4556,0.35954859,96.5533,89.1318,386.2130,393.6344,0.29962382,0.30538136,0.01498119,16.3164,13.7845,6.1110,241.3831,16.6471,644.4965,39.5000,16.3164,,2.0204,4.0407,17.6782,40.4073,101.0183,101.0183,4.0407,-2.0204,25.000001,25.000001,4.037975,21,19,3,2,1.00000000,0.37452978,0.37452978,0E-8,0.000000,0.844828,0.000000,,2026-08-05,2026-08-06,2,29,21,2,1.000000,,1.000000,3.333333,,,,,,,,GLOBAL_BASELINE_NO_ENTITY_RANKING,,,NOT_APPLICABLE_GLOBAL_BASELINE,HF9g-P5,,,,X 全窗基线 · 不参与实体赏罚,8394604,840,A168_HF9F_20260827_0900,2026-08-27 09:00:00
2026-08-05,153866378,2218,0,101.0182641022,20.2036528204,20.2036528204,0.5000000,2,2,0.49324550000000000,0.493245500000,0.01910635448239258,0.01910635448239258,0.01910635448239258,0E-17,ELIGIBLE,R03b_20260811_FULL_v1,L1_ELIGIBILITY,v2026-08-11,2026-03-21..2026-08-06,baccarat_bet02_101_all_pairs_incl_sentinel,round_win = game_pnl > 0 (decisive only),COMPATIBILITY_ONLY_NOT_PRODUCTION,1288.9930,1088.9769,482.7663,79,79,-0.37452978,-0.37452978,,-0.37452978,-482.7663,1288.9930,OK,0.0000,19.3107,4.0000,96.0000,AG03-UNRESOLVED,ALL5_LEVELS_bet23_to_bet27,19.3107,19.3107,19.3107,19.3107,19.3107,4.000000,4.000000,4.000000,4.000000,4.000000,96.000000,96.000000,96.000000,96.000000,96.000000,5.0,96.5533,89.1318,386.2130,393.6344,PENDING_AG03,FALSE,NOT_FOR_ENFORCEMENT,463.4556,1045.4178,482.7663,463.4556,19.3107,0.37452978,0.35954859,19.3107,463.4556,0.35954859,19.3107,19.3107,19.3107,19.3107,19.3107,463.4556,0.35954859,96.5533,89.1318,386.2130,393.6344,0.29962382,0.30538136,0.01498119,16.3164,13.7845,6.1110,241.3831,16.6471,644.4965,39.5000,16.3164,,2.0204,4.0407,17.6782,40.4073,101.0183,101.0183,4.0407,-2.0204,25.000001,25.000001,4.037975,21,19,3,2,1.00000000,0.37452978,0.37452978,0E-8,0.000000,0.844828,0.000000,,2026-08-05,2026-08-06,2,29,21,2,1.000000,,1.000000,3.333333,,,,,,,,GLOBAL_BASELINE_NO_ENTITY_RANKING,,,NOT_APPLICABLE_GLOBAL_BASELINE,HF9g-P5,,,,X 全窗基线 · 不参与实体赏罚,8394605,840,A168_HF9F_20260827_0900,2026-08-27 09:00:00
2026-08-05,153866378,2248,0,12.1221916922,11.5160821076,11.5160821076,1.0000000,2,2,0.50665070000000000,0.506650700000,1.3955260008387969,1.3955260008387969,1.3955260008387969,0E-17,ELIGIBLE,R03b_20260811_FULL_v1,L1_ELIGIBILITY,v2026-08-11,2026-03-21..2026-08-06,baccarat_bet02_101_all_pairs_incl_sentinel,round_win = game_pnl > 0 (decisive only),COMPATIBILITY_ONLY_NOT_PRODUCTION,1288.9930,1088.9769,482.7663,79,79,-0.37452978,-0.37452978,,-0.37452978,-482.7663,1288.9930,OK,0.0000,19.3107,4.0000,96.0000,AG03-UNRESOLVED,ALL5_LEVELS_bet23_to_bet27,19.3107,19.3107,19.3107,19.3107,19.3107,4.000000,4.000000,4.000000,4.000000,4.000000,96.000000,96.000000,96.000000,96.000000,96.000000,5.0,96.5533,89.1318,386.2130,393.6344,PENDING_AG03,FALSE,NOT_FOR_ENFORCEMENT,463.4556,1045.4178,482.7663,463.4556,19.3107,0.37452978,0.35954859,19.3107,463.4556,0.35954859,19.3107,19.3107,19.3107,19.3107,19.3107,463.4556,0.35954859,96.5533,89.1318,386.2130,393.6344,0.29962382,0.30538136,0.01498119,16.3164,13.7845,6.1110,241.3831,16.6471,644.4965,39.5000,16.3164,,2.0204,4.0407,17.6782,40.4073,101.0183,101.0183,4.0407,-2.0204,25.000001,25.000001,4.037975,21,19,3,2,1.00000000,0.37452978,0.37452978,0E-8,0.000000,0.844828,0.000000,,2026-08-05,2026-08-06,2,29,21,2,1.000000,,1.000000,3.333333,,,,,,,,GLOBAL_BASELINE_NO_ENTITY_RANKING,,,NOT_APPLICABLE_GLOBAL_BASELINE,HF9g-P5,,,,X 全窗基线 · 不参与实体赏罚,8394606,840,A168_HF9F_20260827_0900,2026-08-27 09:00:00
2026-08-05,153866378,2250,0,96.9775335381,-92.9368029740,-92.9368029740,0E-7,7,7,0.50665070000000000,0.506650700000,-2.4822909878107726,-2.4822909878107726,-2.4822909878107726,0E-17,ELIGIBLE,R03b_20260811_FULL_v1,L1_ELIGIBILITY,v2026-08-11,2026-03-21..2026-08-06,baccarat_bet02_101_all_pairs_incl_sentinel,round_win = game_pnl > 0 (decisive only),COMPATIBILITY_ONLY_NOT_PRODUCTION,1288.9930,1088.9769,482.7663,79,79,-0.37452978,-0.37452978,,-0.37452978,-482.7663,1288.9930,OK,0.0000,19.3107,4.0000,96.0000,AG03-UNRESOLVED,ALL5_LEVELS_bet23_to_bet27,19.3107,19.3107,19.3107,19.3107,19.3107,4.000000,4.000000,4.000000,4.000000,4.000000,96.000000,96.000000,96.000000,96.000000,96.000000,5.0,96.5533,89.1318,386.2130,393.6344,PENDING_AG03,FALSE,NOT_FOR_ENFORCEMENT,463.4556,1045.4178,482.7663,463.4556,19.3107,0.37452978,0.35954859,19.3107,463.4556,0.35954859,19.3107,19.3107,19.3107,19.3107,19.3107,463.4556,0.35954859,96.5533,89.1318,386.2130,393.6344,0.29962382,0.30538136,0.01498119,16.3164,13.7845,6.1110,241.3831,16.6471,644.4965,39.5000,16.3164,,2.0204,4.0407,17.6782,40.4073,101.0183,101.0183,4.0407,-2.0204,25.000001,25.000001,4.037975,21,19,3,2,1.00000000,0.37452978,0.37452978,0E-8,0.000000,0.844828,0.000000,,2026-08-05,2026-08-06,2,29,21,2,1.000000,,1.000000,3.333333,,,,,,,,GLOBAL_BASELINE_NO_ENTITY_RANKING,,,NOT_APPLICABLE_GLOBAL_BASELINE,HF9g-P5,,,,X 全窗基线 · 不参与实体赏罚,8394607,840,A168_HF9F_20260827_0900,2026-08-27 09:00:00
2026-08-05,153866378,2252,0,38.3869403588,3.2325844512,3.2325844512,0.3333333,4,4,0.50665070000000000,0.506650700000,-0.6004420894325239,-0.6004420894325239,-0.6004420894325239,0E-17,ELIGIBLE,R03b_20260811_FULL_v1,L1_ELIGIBILITY,v2026-08-11,2026-03-21..2026-08-06,baccarat_bet02_101_all_pairs_incl_sentinel,round_win = game_pnl > 0 (decisive only),COMPATIBILITY_ONLY_NOT_PRODUCTION,1288.9930,1088.9769,482.7663,79,79,-0.37452978,-0.37452978,,-0.37452978,-482.7663,1288.9930,OK,0.0000,19.3107,4.0000,96.0000,AG03-UNRESOLVED,ALL5_LEVELS_bet23_to_bet27,19.3107,19.3107,19.3107,19.3107,19.3107,4.000000,4.000000,4.000000,4.000000,4.000000,96.000000,96.000000,96.000000,96.000000,96.000000,5.0,96.5533,89.1318,386.2130,393.6344,PENDING_AG03,FALSE,NOT_FOR_ENFORCEMENT,463.4556,1045.4178,482.7663,463.4556,19.3107,0.37452978,0.35954859,19.3107,463.4556,0.35954859,19.3107,19.3107,19.3107,19.3107,19.3107,463.4556,0.35954859,96.5533,89.1318,386.2130,393.6344,0.29962382,0.30538136,0.01498119,16.3164,13.7845,6.1110,241.3831,16.6471,644.4965,39.5000,16.3164,,2.0204,4.0407,17.6782,40.4073,101.0183,101.0183,4.0407,-2.0204,25.000001,25.000001,4.037975,21,19,3,2,1.00000000,0.37452978,0.37452978,0E-8,0.000000,0.844828,0.000000,,2026-08-05,2026-08-06,2,29,21,2,1.000000,,1.000000,3.333333,,,,,,,,GLOBAL_BASELINE_NO_ENTITY_RANKING,,,NOT_APPLICABLE_GLOBAL_BASELINE,HF9g-P5,,,,X 全窗基线 · 不参与实体赏罚,8394608,840,A168_HF9F_20260827_0900,2026-08-27 09:00:00
2026-08-05,153866378,2289,0,6.0610958461,1.8183287539,1.8183287539,0.5000000,2,2,0.50665070000000000,0.506650700000,-0.018812684590367487,-0.018812684590367487,-0.018812684590367487,0E-17,ELIGIBLE,R03b_20260811_FULL_v1,L1_ELIGIBILITY,v2026-08-11,2026-03-21..2026-08-06,baccarat_bet02_101_all_pairs_incl_sentinel,round_win = game_pnl > 0 (decisive only),COMPATIBILITY_ONLY_NOT_PRODUCTION,1288.9930,1088.9769,482.7663,79,79,-0.37452978,-0.37452978,,-0.37452978,-482.7663,1288.9930,OK,0.0000,19.3107,4.0000,96.0000,AG03-UNRESOLVED,ALL5_LEVELS_bet23_to_bet27,19.3107,19.3107,19.3107,19.3107,19.3107,4.000000,4.000000,4.000000,4.000000,4.000000,96.000000,96.000000,96.000000,96.000000,96.000000,5.0,96.5533,89.1318,386.2130,393.6344,PENDING_AG03,FALSE,NOT_FOR_ENFORCEMENT,463.4556,1045.4178,482.7663,463.4556,19.3107,0.37452978,0.35954859,19.3107,463.4556,0.35954859,19.3107,19.3107,19.3107,19.3107,19.3107,463.4556,0.35954859,96.5533,89.1318,386.2130,393.6344,0.29962382,0.30538136,0.01498119,16.3164,13.7845,6.1110,241.3831,16.6471,644.4965,39.5000,16.3164,,2.0204,4.0407,17.6782,40.4073,101.0183,101.0183,4.0407,-2.0204,25.000001,25.000001,4.037975,21,19,3,2,1.00000000,0.37452978,0.37452978,0E-8,0.000000,0.844828,0.000000,,2026-08-05,2026-08-06,2,29,21,2,1.000000,,1.000000,3.333333,,,,,,,,GLOBAL_BASELINE_NO_ENTITY_RANKING,,,NOT_APPLICABLE_GLOBAL_BASELINE,HF9g-P5,,,,X 全窗基线 · 不参与实体赏罚,8394609,840,A168_HF9F_20260827_0900,2026-08-27 09:00:00
2026-08-05,153866378,462,0,44.4480362049,-1.0101826410,-1.0101826410,0.2500000,5,5,0.50665070000000000,0.506650700000,-1.0266936290537745,-1.0266936290537745,-1.0266936290537745,0E-17,ELIGIBLE,R03b_20260811_FULL_v1,L1_ELIGIBILITY,v2026-08-11,2026-03-21..2026-08-06,baccarat_bet02_101_all_pairs_incl_sentinel,round_win = game_pnl > 0 (decisive only),COMPATIBILITY_ONLY_NOT_PRODUCTION,1288.9930,1088.9769,482.7663,79,79,-0.37452978,-0.37452978,,-0.37452978,-482.7663,1288.9930,OK,0.0000,19.3107,4.0000,96.0000,AG03-UNRESOLVED,ALL5_LEVELS_bet23_to_bet27,19.3107,19.3107,19.3107,19.3107,19.3107,4.000000,4.000000,4.000000,4.000000,4.000000,96.000000,96.000000,96.000000,96.000000,96.000000,5.0,96.5533,89.1318,386.2130,393.6344,PENDING_AG03,FALSE,NOT_FOR_ENFORCEMENT,463.4556,1045.4178,482.7663,463.4556,19.3107,0.37452978,0.35954859,19.3107,463.4556,0.35954859,19.3107,19.3107,19.3107,19.3107,19.3107,463.4556,0.35954859,96.5533,89.1318,386.2130,393.6344,0.29962382,0.30538136,0.01498119,16.3164,13.7845,6.1110,241.3831,16.6471,644.4965,39.5000,16.3164,,2.0204,4.0407,17.6782,40.4073,101.0183,101.0183,4.0407,-2.0204,25.000001,25.000001,4.037975,21,19,3,2,1.00000000,0.37452978,0.37452978,0E-8,0.000000,0.844828,0.000000,,2026-08-05,2026-08-06,2,29,21,2,1.000000,,1.000000,3.333333,,,,,,,,GLOBAL_BASELINE_NO_ENTITY_RANKING,,,NOT_APPLICABLE_GLOBAL_BASELINE,HF9g-P5,,,,X 全窗基线 · 不参与实体赏罚,8394610,840,A168_HF9F_20260827_0900,2026-08-27 09:00:00
2026-08-05,153866378,471,0,173.7514142557,-173.7514142557,-173.7514142557,0E-7,5,5,0.49324550000000000,0.493245500000,-2.206062239923865,-2.206062239923865,-2.206062239923865,0E-17,ELIGIBLE,R03b_20260811_FULL_v1,L1_ELIGIBILITY,v2026-08-11,2026-03-21..2026-08-06,baccarat_bet02_101_all_pairs_incl_sentinel,round_win = game_pnl > 0 (decisive only),COMPATIBILITY_ONLY_NOT_PRODUCTION,1288.9930,1088.9769,482.7663,79,79,-0.37452978,-0.37452978,,-0.37452978,-482.7663,1288.9930,OK,0.0000,19.3107,4.0000,96.0000,AG03-UNRESOLVED,ALL5_LEVELS_bet23_to_bet27,19.3107,19.3107,19.3107,19.3107,19.3107,4.000000,4.000000,4.000000,4.000000,4.000000,96.000000,96.000000,96.000000,96.000000,96.000000,5.0,96.5533,89.1318,386.2130,393.6344,PENDING_AG03,FALSE,NOT_FOR_ENFORCEMENT,463.4556,1045.4178,482.7663,463.4556,19.3107,0.37452978,0.35954859,19.3107,463.4556,0.35954859,19.3107,19.3107,19.3107,19.3107,19.3107,463.4556,0.35954859,96.5533,89.1318,386.2130,393.6344,0.29962382,0.30538136,0.01498119,16.3164,13.7845,6.1110,241.3831,16.6471,644.4965,39.5000,16.3164,,2.0204,4.0407,17.6782,40.4073,101.0183,101.0183,4.0407,-2.0204,25.000001,25.000001,4.037975,21,19,3,2,1.00000000,0.37452978,0.37452978,0E-8,0.000000,0.844828,0.000000,,2026-08-05,2026-08-06,2,29,21,2,1.000000,,1.000000,3.333333,,,,,,,,GLOBAL_BASELINE_NO_ENTITY_RANKING,,,NOT_APPLICABLE_GLOBAL_BASELINE,HF9g-P5,,,,X 全窗基线 · 不参与实体赏罚,8394611,840,A168_HF9F_20260827_0900,2026-08-27 09:00:00
2026-08-05,153866378,919,0,6.0610958460,2.0203652820,2.0203652820,0.6666667,3,3,0.49324550000000000,0.493245500000,0.6008033672792107,0.6008033672792106,0.6008033672792107,0E-17,ELIGIBLE,R03b_20260811_FULL_v1,L1_ELIGIBILITY,v2026-08-11,2026-03-21..2026-08-06,baccarat_bet02_101_all_pairs_incl_sentinel,round_win = game_pnl > 0 (decisive only),COMPATIBILITY_ONLY_NOT_PRODUCTION,1288.9930,1088.9769,482.7663,79,79,-0.37452978,-0.37452978,,-0.37452978,-482.7663,1288.9930,OK,0.0000,19.3107,4.0000,96.0000,AG03-UNRESOLVED,ALL5_LEVELS_bet23_to_bet27,19.3107,19.3107,19.3107,19.3107,19.3107,4.000000,4.000000,4.000000,4.000000,4.000000,96.000000,96.000000,96.000000,96.000000,96.000000,5.0,96.5533,89.1318,386.2130,393.6344,PENDING_AG03,FALSE,NOT_FOR_ENFORCEMENT,463.4556,1045.4178,482.7663,463.4556,19.3107,0.37452978,0.35954859,19.3107,463.4556,0.35954859,19.3107,19.3107,19.3107,19.3107,19.3107,463.4556,0.35954859,96.5533,89.1318,386.2130,393.6344,0.29962382,0.30538136,0.01498119,16.3164,13.7845,6.1110,241.3831,16.6471,644.4965,39.5000,16.3164,,2.0204,4.0407,17.6782,40.4073,101.0183,101.0183,4.0407,-2.0204,25.000001,25.000001,4.037975,21,19,3,2,1.00000000,0.37452978,0.37452978,0E-8,0.000000,0.844828,0.000000,,2026-08-05,2026-08-06,2,29,21,2,1.000000,,1.000000,3.333333,,,,,,,,GLOBAL_BASELINE_NO_ENTITY_RANKING,,,NOT_APPLICABLE_GLOBAL_BASELINE,HF9g-P5,,,,X 全窗基线 · 不参与实体赏罚,8394612,840,A168_HF9F_20260827_0900,2026-08-27 09:00:00
2026-08-05,153866378,986,0,10.1018264101,5.8590593179,5.8590593179,0.7500000,4,4,0.49659680000000000,0.496596800000,1.0136362796769356,1.0136362796769358,1.0136362796769356,0E-17,ELIGIBLE,R03b_20260811_FULL_v1,L1_ELIGIBILITY,v2026-08-11,2026-03-21..2026-08-06,baccarat_bet02_101_all_pairs_incl_sentinel,round_win = game_pnl > 0 (decisive only),COMPATIBILITY_ONLY_NOT_PRODUCTION,1288.9930,1088.9769,482.7663,79,79,-0.37452978,-0.37452978,,-0.37452978,-482.7663,1288.9930,OK,0.0000,19.3107,4.0000,96.0000,AG03-UNRESOLVED,ALL5_LEVELS_bet23_to_bet27,19.3107,19.3107,19.3107,19.3107,19.3107,4.000000,4.000000,4.000000,4.000000,4.000000,96.000000,96.000000,96.000000,96.000000,96.000000,5.0,96.5533,89.1318,386.2130,393.6344,PENDING_AG03,FALSE,NOT_FOR_ENFORCEMENT,463.4556,1045.4178,482.7663,463.4556,19.3107,0.37452978,0.35954859,19.3107,463.4556,0.35954859,19.3107,19.3107,19.3107,19.3107,19.3107,463.4556,0.35954859,96.5533,89.1318,386.2130,393.6344,0.29962382,0.30538136,0.01498119,16.3164,13.7845,6.1110,241.3831,16.6471,644.4965,39.5000,16.3164,,2.0204,4.0407,17.6782,40.4073,101.0183,101.0183,4.0407,-2.0204,25.000001,25.000001,4.037975,21,19,3,2,1.00000000,0.37452978,0.37452978,0E-8,0.000000,0.844828,0.000000,,2026-08-05,2026-08-06,2,29,21,2,1.000000,,1.000000,3.333333,,,,,,,,GLOBAL_BASELINE_NO_ENTITY_RANKING,,,NOT_APPLICABLE_GLOBAL_BASELINE,HF9g-P5,,,,X 全窗基线 · 不参与实体赏罚,8394613,840,A168_HF9F_20260827_0900,2026-08-27 09:00:00
2026-08-06,153866378,2123,0,2.0203652820,-2.0203652820,-2.0203652820,0E-7,1,1,0.50665070000000000,0.506650700000,-1.013391052207602,-1.013391052207602,-1.013391052207602,0E-17,ELIGIBLE,R03b_20260811_FULL_v1,L1_ELIGIBILITY,v2026-08-11,2026-03-21..2026-08-06,baccarat_bet02_101_all_pairs_incl_sentinel,round_win = game_pnl > 0 (decisive only),COMPATIBILITY_ONLY_NOT_PRODUCTION,1288.9930,1088.9769,482.7663,79,79,-0.37452978,-0.37452978,,-0.37452978,-482.7663,1288.9930,OK,0.0000,19.3107,4.0000,96.0000,AG03-UNRESOLVED,ALL5_LEVELS_bet23_to_bet27,19.3107,19.3107,19.3107,19.3107,19.3107,4.000000,4.000000,4.000000,4.000000,4.000000,96.000000,96.000000,96.000000,96.000000,96.000000,5.0,96.5533,89.1318,386.2130,393.6344,PENDING_AG03,FALSE,NOT_FOR_ENFORCEMENT,463.4556,1045.4178,482.7663,463.4556,19.3107,0.37452978,0.35954859,19.3107,463.4556,0.35954859,19.3107,19.3107,19.3107,19.3107,19.3107,463.4556,0.35954859,96.5533,89.1318,386.2130,393.6344,0.29962382,0.30538136,0.01498119,16.3164,13.7845,6.1110,241.3831,16.6471,644.4965,39.5000,16.3164,,2.0204,4.0407,17.6782,40.4073,101.0183,101.0183,4.0407,-2.0204,25.000001,25.000001,4.037975,21,19,3,2,1.00000000,0.37452978,0.37452978,0E-8,0.000000,0.844828,0.000000,,2026-08-05,2026-08-06,2,29,21,2,1.000000,,1.000000,3.333333,,,,,,,,GLOBAL_BASELINE_NO_ENTITY_RANKING,,,NOT_APPLICABLE_GLOBAL_BASELINE,HF9g-P5,,,,X 全窗基线 · 不参与实体赏罚,8394614,840,A168_HF9F_20260827_0900,2026-08-27 09:00:00
2026-08-02,153770798,-1,1,40.0000000000,38.0000000000,38.0000000000,1.0000000,1,1,0.50665070000000000,0.506650700000,0.9867858985152569,0.9867858985152569,0.9867858985152569,0E-17,SENTINEL_DEALER,R03b_20260811_FULL_v1,L1_ELIGIBILITY,v2026-08-11,2026-03-21..2026-08-06,baccarat_bet02_101_all_pairs_incl_sentinel,round_win = game_pnl > 0 (decisive only),COMPATIBILITY_ONLY_NOT_PRODUCTION,11613.0000,11173.0000,477.8000,76,76,-0.04114355,-0.04114355,,-0.04114355,-477.8000,11613.0000,OK,0.0000,14.3340,3.0000,97.0000,AG03-UNRESOLVED,ALL5_LEVELS_bet23_to_bet27,14.3340,14.3340,14.3340,19.1120,19.1120,3.000000,3.000000,3.000000,4.000000,4.000000,97.000000,97.000000,97.000000,96.000000,96.000000,5.0,81.2260,75.9131,396.5740,401.8869,PENDING_AG03,FALSE,NOT_FOR_ENFORCEMENT,463.4660,10837.8100,477.8000,463.4660,14.3340,0.04114355,0.03990924,14.3340,463.4660,0.03990924,14.3340,14.3340,14.3340,19.1120,19.1120,463.4660,0.03990924,81.2260,75.9131,396.5740,401.8869,0.03414914,0.03460664,0.00123431,152.8026,147.0132,6.2868,477.8000,43.4364,11613.0000,76.0000,152.8026,,40.0,60.0,180.0,374.4,634.9999,975.0398,60.0,0.0,10.583331,16.250663,2.546711,7,11,1,2,1.00000000,0.04114355,0.04114355,0E-8,0.000000,0.962111,0.000000,,2026-08-02,2026-08-02,1,11,7,1,1.000000,,1.000000,3.333333,,,,,,,,GLOBAL_BASELINE_NO_ENTITY_RANKING,,,NOT_APPLICABLE_GLOBAL_BASELINE,HF9g-P5,,,,X 全窗基线 · 不参与实体赏罚,8394615,840,A168_HF9F_20260827_0900,2026-08-27 09:00:00
2026-08-02,153770798,1405,0,2046.0000000000,476.7000000000,476.7000000000,0.4166667,12,12,0.50329940000000000,0.503299400000,-0.6002222511571618,-0.6002222511571618,-0.6002222511571618,0E-17,ELIGIBLE,R03b_20260811_FULL_v1,L1_ELIGIBILITY,v2026-08-11,2026-03-21..2026-08-06,baccarat_bet02_101_all_pairs_incl_sentinel,round_win = game_pnl > 0 (decisive only),COMPATIBILITY_ONLY_NOT_PRODUCTION,11613.0000,11173.0000,477.8000,76,76,-0.04114355,-0.04114355,,-0.04114355,-477.8000,11613.0000,OK,0.0000,14.3340,3.0000,97.0000,AG03-UNRESOLVED,ALL5_LEVELS_bet23_to_bet27,14.3340,14.3340,14.3340,19.1120,19.1120,3.000000,3.000000,3.000000,4.000000,4.000000,97.000000,97.000000,97.000000,96.000000,96.000000,5.0,81.2260,75.9131,396.5740,401.8869,PENDING_AG03,FALSE,NOT_FOR_ENFORCEMENT,463.4660,10837.8100,477.8000,463.4660,14.3340,0.04114355,0.03990924,14.3340,463.4660,0.03990924,14.3340,14.3340,14.3340,19.1120,19.1120,463.4660,0.03990924,81.2260,75.9131,396.5740,401.8869,0.03414914,0.03460664,0.00123431,152.8026,147.0132,6.2868,477.8000,43.4364,11613.0000,76.0000,152.8026,,40.0,60.0,180.0,374.4,634.9999,975.0398,60.0,0.0,10.583331,16.250663,2.546711,7,11,1,2,1.00000000,0.04114355,0.04114355,0E-8,0.000000,0.962111,0.000000,,2026-08-02,2026-08-02,1,11,7,1,1.000000,,1.000000,3.333333,,,,,,,,GLOBAL_BASELINE_NO_ENTITY_RANKING,,,NOT_APPLICABLE_GLOBAL_BASELINE,HF9g-P5,,,,X 全窗基线 · 不参与实体赏罚,8394616,840,A168_HF9F_20260827_0900,2026-08-27 09:00:00
2026-08-02,153770798,1957,0,440.0000000000,54.0000000000,54.0000000000,0.8000000,7,7,0.50090561428571429,0.500905614286,1.3375929503127353,1.337592950311459,1.3375929503127353,-2.8571E-13,ELIGIBLE,R03b_20260811_FULL_v1,L1_ELIGIBILITY,v2026-08-11,2026-03-21..2026-08-06,baccarat_bet02_101_all_pairs_incl_sentinel,round_win = game_pnl > 0 (decisive only),COMPATIBILITY_ONLY_NOT_PRODUCTION,11613.0000,11173.0000,477.8000,76,76,-0.04114355,-0.04114355,,-0.04114355,-477.8000,11613.0000,OK,0.0000,14.3340,3.0000,97.0000,AG03-UNRESOLVED,ALL5_LEVELS_bet23_to_bet27,14.3340,14.3340,14.3340,19.1120,19.1120,3.000000,3.000000,3.000000,4.000000,4.000000,97.000000,97.000000,97.000000,96.000000,96.000000,5.0,81.2260,75.9131,396.5740,401.8869,PENDING_AG03,FALSE,NOT_FOR_ENFORCEMENT,463.4660,10837.8100,477.8000,463.4660,14.3340,0.04114355,0.03990924,14.3340,463.4660,0.03990924,14.3340,14.3340,14.3340,19.1120,19.1120,463.4660,0.03990924,81.2260,75.9131,396.5740,401.8869,0.03414914,0.03460664,0.00123431,152.8026,147.0132,6.2868,477.8000,43.4364,11613.0000,76.0000,152.8026,,40.0,60.0,180.0,374.4,634.9999,975.0398,60.0,0.0,10.583331,16.250663,2.546711,7,11,1,2,1.00000000,0.04114355,0.04114355,0E-8,0.000000,0.962111,0.000000,,2026-08-02,2026-08-02,1,11,7,1,1.000000,,1.000000,3.333333,,,,,,,,GLOBAL_BASELINE_NO_ENTITY_RANKING,,,NOT_APPLICABLE_GLOBAL_BASELINE,HF9g-P5,,,,X 全窗基线 · 不参与实体赏罚,8394617,840,A168_HF9F_20260827_0900,2026-08-27 09:00:00
2026-08-02,153770798,2108,0,260.0000000000,136.0000000000,136.0000000000,0.7500000,8,8,0.49994810000000000,0.499948100000,1.414507160728905,1.414507160728905,1.414507160728905,0E-17,ELIGIBLE,R03b_20260811_FULL_v1,L1_ELIGIBILITY,v2026-08-11,2026-03-21..2026-08-06,baccarat_bet02_101_all_pairs_incl_sentinel,round_win = game_pnl > 0 (decisive only),COMPATIBILITY_ONLY_NOT_PRODUCTION,11613.0000,11173.0000,477.8000,76,76,-0.04114355,-0.04114355,,-0.04114355,-477.8000,11613.0000,OK,0.0000,14.3340,3.0000,97.0000,AG03-UNRESOLVED,ALL5_LEVELS_bet23_to_bet27,14.3340,14.3340,14.3340,19.1120,19.1120,3.000000,3.000000,3.000000,4.000000,4.000000,97.000000,97.000000,97.000000,96.000000,96.000000,5.0,81.2260,75.9131,396.5740,401.8869,PENDING_AG03,FALSE,NOT_FOR_ENFORCEMENT,463.4660,10837.8100,477.8000,463.4660,14.3340,0.04114355,0.03990924,14.3340,463.4660,0.03990924,14.3340,14.3340,14.3340,19.1120,19.1120,463.4660,0.03990924,81.2260,75.9131,396.5740,401.8869,0.03414914,0.03460664,0.00123431,152.8026,147.0132,6.2868,477.8000,43.4364,11613.0000,76.0000,152.8026,,40.0,60.0,180.0,374.4,634.9999,975.0398,60.0,0.0,10.583331,16.250663,2.546711,7,11,1,2,1.00000000,0.04114355,0.04114355,0E-8,0.000000,0.962111,0.000000,,2026-08-02,2026-08-02,1,11,7,1,1.000000,,1.000000,3.333333,,,,,,,,GLOBAL_BASELINE_NO_ENTITY_RANKING,,,NOT_APPLICABLE_GLOBAL_BASELINE,HF9g-P5,,,,X 全窗基线 · 不参与实体赏罚,8394618,840,A168_HF9F_20260827_0900,2026-08-27 09:00:00
2026-08-02,153770798,2121,0,43.0000000000,-43.0000000000,-43.0000000000,0E-7,1,1,0.49324550000000000,0.493245500000,-0.9865810262130424,-0.9865810262130424,-0.9865810262130424,0E-17,ELIGIBLE,R03b_20260811_FULL_v1,L1_ELIGIBILITY,v2026-08-11,2026-03-21..2026-08-06,baccarat_bet02_101_all_pairs_incl_sentinel,round_win = game_pnl > 0 (decisive only),COMPATIBILITY_ONLY_NOT_PRODUCTION,11613.0000,11173.0000,477.8000,76,76,-0.04114355,-0.04114355,,-0.04114355,-477.8000,11613.0000,OK,0.0000,14.3340,3.0000,97.0000,AG03-UNRESOLVED,ALL5_LEVELS_bet23_to_bet27,14.3340,14.3340,14.3340,19.1120,19.1120,3.000000,3.000000,3.000000,4.000000,4.000000,97.000000,97.000000,97.000000,96.000000,96.000000,5.0,81.2260,75.9131,396.5740,401.8869,PENDING_AG03,FALSE,NOT_FOR_ENFORCEMENT,463.4660,10837.8100,477.8000,463.4660,14.3340,0.04114355,0.03990924,14.3340,463.4660,0.03990924,14.3340,14.3340,14.3340,19.1120,19.1120,463.4660,0.03990924,81.2260,75.9131,396.5740,401.8869,0.03414914,0.03460664,0.00123431,152.8026,147.0132,6.2868,477.8000,43.4364,11613.0000,76.0000,152.8026,,40.0,60.0,180.0,374.4,634.9999,975.0398,60.0,0.0,10.583331,16.250663,2.546711,7,11,1,2,1.00000000,0.04114355,0.04114355,0E-8,0.000000,0.962111,0.000000,,2026-08-02,2026-08-02,1,11,7,1,1.000000,,1.000000,3.333333,,,,,,,,GLOBAL_BASELINE_NO_ENTITY_RANKING,,,NOT_APPLICABLE_GLOBAL_BASELINE,HF9g-P5,,,,X 全窗基线 · 不参与实体赏罚,8394619,840,A168_HF9F_20260827_0900,2026-08-27 09:00:00
2026-08-02,153770798,2127,0,80.0000000000,-41.0000000000,-41.0000000000,0.3333333,3,3,0.50218230000000000,0.502182300000,-0.5849155494134425,-0.5849155494134426,-0.5849155494134425,0E-17,ELIGIBLE,R03b_20260811_FULL_v1,L1_ELIGIBILITY,v2026-08-11,2026-03-21..2026-08-06,baccarat_bet02_101_all_pairs_incl_sentinel,round_win = game_pnl > 0 (decisive only),COMPATIBILITY_ONLY_NOT_PRODUCTION,11613.0000,11173.0000,477.8000,76,76,-0.04114355,-0.04114355,,-0.04114355,-477.8000,11613.0000,OK,0.0000,14.3340,3.0000,97.0000,AG03-UNRESOLVED,ALL5_LEVELS_bet23_to_bet27,14.3340,14.3340,14.3340,19.1120,19.1120,3.000000,3.000000,3.000000,4.000000,4.000000,97.000000,97.000000,97.000000,96.000000,96.000000,5.0,81.2260,75.9131,396.5740,401.8869,PENDING_AG03,FALSE,NOT_FOR_ENFORCEMENT,463.4660,10837.8100,477.8000,463.4660,14.3340,0.04114355,0.03990924,14.3340,463.4660,0.03990924,14.3340,14.3340,14.3340,19.1120,19.1120,463.4660,0.03990924,81.2260,75.9131,396.5740,401.8869,0.03414914,0.03460664,0.00123431,152.8026,147.0132,6.2868,477.8000,43.4364,11613.0000,76.0000,152.8026,,40.0,60.0,180.0,374.4,634.9999,975.0398,60.0,0.0,10.583331,16.250663,2.546711,7,11,1,2,1.00000000,0.04114355,0.04114355,0E-8,0.000000,0.962111,0.000000,,2026-08-02,2026-08-02,1,11,7,1,1.000000,,1.000000,3.333333,,,,,,,,GLOBAL_BASELINE_NO_ENTITY_RANKING,,,NOT_APPLICABLE_GLOBAL_BASELINE,HF9g-P5,,,,X 全窗基线 · 不参与实体赏罚,8394620,840,A168_HF9F_20260827_0900,2026-08-27 09:00:00
2026-08-02,153770798,2212,0,720.0000000000,684.0000000000,684.0000000000,1.0000000,2,2,0.50665070000000000,0.506650700000,1.3955260008387969,1.3955260008387969,1.3955260008387969,0E-17,ELIGIBLE,R03b_20260811_FULL_v1,L1_ELIGIBILITY,v2026-08-11,2026-03-21..2026-08-06,baccarat_bet02_101_all_pairs_incl_sentinel,round_win = game_pnl > 0 (decisive only),COMPATIBILITY_ONLY_NOT_PRODUCTION,11613.0000,11173.0000,477.8000,76,76,-0.04114355,-0.04114355,,-0.04114355,-477.8000,11613.0000,OK,0.0000,14.3340,3.0000,97.0000,AG03-UNRESOLVED,ALL5_LEVELS_bet23_to_bet27,14.3340,14.3340,14.3340,19.1120,19.1120,3.000000,3.000000,3.000000,4.000000,4.000000,97.000000,97.000000,97.000000,96.000000,96.000000,5.0,81.2260,75.9131,396.5740,401.8869,PENDING_AG03,FALSE,NOT_FOR_ENFORCEMENT,463.4660,10837.8100,477.8000,463.4660,14.3340,0.04114355,0.03990924,14.3340,463.4660,0.03990924,14.3340,14.3340,14.3340,19.1120,19.1120,463.4660,0.03990924,81.2260,75.9131,396.5740,401.8869,0.03414914,0.03460664,0.00123431,152.8026,147.0132,6.2868,477.8000,43.4364,11613.0000,76.0000,152.8026,,40.0,60.0,180.0,374.4,634.9999,975.0398,60.0,0.0,10.583331,16.250663,2.546711,7,11,1,2,1.00000000,0.04114355,0.04114355,0E-8,0.000000,0.962111,0.000000,,2026-08-02,2026-08-02,1,11,7,1,1.000000,,1.000000,3.333333,,,,,,,,GLOBAL_BASELINE_NO_ENTITY_RANKING,,,NOT_APPLICABLE_GLOBAL_BASELINE,HF9g-P5,,,,X 全窗基线 · 不参与实体赏罚,8394621,840,A168_HF9F_20260827_0900,2026-08-27 09:00:00
2026-08-02,153770798,526,0,2864.0000000000,-2547.0000000000,-2547.0000000000,0.2857143,7,7,0.50473567142857143,0.504735671429,-1.159004222986255,-1.1590042229885325,-1.159004222986255,-4.2857E-13,ELIGIBLE,R03b_20260811_FULL_v1,L1_ELIGIBILITY,v2026-08-11,2026-03-21..2026-08-06,baccarat_bet02_101_all_pairs_incl_sentinel,round_win = game_pnl > 0 (decisive only),COMPATIBILITY_ONLY_NOT_PRODUCTION,11613.0000,11173.0000,477.8000,76,76,-0.04114355,-0.04114355,,-0.04114355,-477.8000,11613.0000,OK,0.0000,14.3340,3.0000,97.0000,AG03-UNRESOLVED,ALL5_LEVELS_bet23_to_bet27,14.3340,14.3340,14.3340,19.1120,19.1120,3.000000,3.000000,3.000000,4.000000,4.000000,97.000000,97.000000,97.000000,96.000000,96.000000,5.0,81.2260,75.9131,396.5740,401.8869,PENDING_AG03,FALSE,NOT_FOR_ENFORCEMENT,463.4660,10837.8100,477.8000,463.4660,14.3340,0.04114355,0.03990924,14.3340,463.4660,0.03990924,14.3340,14.3340,14.3340,19.1120,19.1120,463.4660,0.03990924,81.2260,75.9131,396.5740,401.8869,0.03414914,0.03460664,0.00123431,152.8026,147.0132,6.2868,477.8000,43.4364,11613.0000,76.0000,152.8026,,40.0,60.0,180.0,374.4,634.9999,975.0398,60.0,0.0,10.583331,16.250663,2.546711,7,11,1,2,1.00000000,0.04114355,0.04114355,0E-8,0.000000,0.962111,0.000000,,2026-08-02,2026-08-02,1,11,7,1,1.000000,,1.000000,3.333333,,,,,,,,GLOBAL_BASELINE_NO_ENTITY_RANKING,,,NOT_APPLICABLE_GLOBAL_BASELINE,HF9g-P5,,,,X 全窗基线 · 不参与实体赏罚,8394622,840,A168_HF9F_20260827_0900,2026-08-27 09:00:00
2026-08-02,153770798,550,0,500.0000000000,327.0000000000,327.0000000000,0.5714286,7,7,0.49899058571428571,0.498990585714,0.38330657246501415,0.3833065724665265,0.38330657246501415,2.8571E-13,ELIGIBLE,R03b_20260811_FULL_v1,L1_ELIGIBILITY,v2026-08-11,2026-03-21..2026-08-06,baccarat_bet02_101_all_pairs_incl_sentinel,round_win = game_pnl > 0 (decisive only),COMPATIBILITY_ONLY_NOT_PRODUCTION,11613.0000,11173.0000,477.8000,76,76,-0.04114355,-0.04114355,,-0.04114355,-477.8000,11613.0000,OK,0.0000,14.3340,3.0000,97.0000,AG03-UNRESOLVED,ALL5_LEVELS_bet23_to_bet27,14.3340,14.3340,14.3340,19.1120,19.1120,3.000000,3.000000,3.000000,4.000000,4.000000,97.000000,97.000000,97.000000,96.000000,96.000000,5.0,81.2260,75.9131,396.5740,401.8869,PENDING_AG03,FALSE,NOT_FOR_ENFORCEMENT,463.4660,10837.8100,477.8000,463.4660,14.3340,0.04114355,0.03990924,14.3340,463.4660,0.03990924,14.3340,14.3340,14.3340,19.1120,19.1120,463.4660,0.03990924,81.2260,75.9131,396.5740,401.8869,0.03414914,0.03460664,0.00123431,152.8026,147.0132,6.2868,477.8000,43.4364,11613.0000,76.0000,152.8026,,40.0,60.0,180.0,374.4,634.9999,975.0398,60.0,0.0,10.583331,16.250663,2.546711,7,11,1,2,1.00000000,0.04114355,0.04114355,0E-8,0.000000,0.962111,0.000000,,2026-08-02,2026-08-02,1,11,7,1,1.000000,,1.000000,3.333333,,,,,,,,GLOBAL_BASELINE_NO_ENTITY_RANKING,,,NOT_APPLICABLE_GLOBAL_BASELINE,HF9g-P5,,,,X 全窗基线 · 不参与实体赏罚,8394623,840,A168_HF9F_20260827_0900,2026-08-27 09:00:00
2026-08-02,153770798,583,0,1360.0000000000,-55.0000000000,-55.0000000000,0.5384615,14,14,0.49994810000000000,0.499948100000,0.27772435583116994,0.27772435583116994,0.27772435583116994,0E-17,ELIGIBLE,R03b_20260811_FULL_v1,L1_ELIGIBILITY,v2026-08-11,2026-03-21..2026-08-06,baccarat_bet02_101_all_pairs_incl_sentinel,round_win = game_pnl > 0 (decisive only),COMPATIBILITY_ONLY_NOT_PRODUCTION,11613.0000,11173.0000,477.8000,76,76,-0.04114355,-0.04114355,,-0.04114355,-477.8000,11613.0000,OK,0.0000,14.3340,3.0000,97.0000,AG03-UNRESOLVED,ALL5_LEVELS_bet23_to_bet27,14.3340,14.3340,14.3340,19.1120,19.1120,3.000000,3.000000,3.000000,4.000000,4.000000,97.000000,97.000000,97.000000,96.000000,96.000000,5.0,81.2260,75.9131,396.5740,401.8869,PENDING_AG03,FALSE,NOT_FOR_ENFORCEMENT,463.4660,10837.8100,477.8000,463.4660,14.3340,0.04114355,0.03990924,14.3340,463.4660,0.03990924,14.3340,14.3340,14.3340,19.1120,19.1120,463.4660,0.03990924,81.2260,75.9131,396.5740,401.8869,0.03414914,0.03460664,0.00123431,152.8026,147.0132,6.2868,477.8000,43.4364,11613.0000,76.0000,152.8026,,40.0,60.0,180.0,374.4,634.9999,975.0398,60.0,0.0,10.583331,16.250663,2.546711,7,11,1,2,1.00000000,0.04114355,0.04114355,0E-8,0.000000,0.962111,0.000000,,2026-08-02,2026-08-02,1,11,7,1,1.000000,,1.000000,3.333333,,,,,,,,GLOBAL_BASELINE_NO_ENTITY_RANKING,,,NOT_APPLICABLE_GLOBAL_BASELINE,HF9g-P5,,,,X 全窗基线 · 不参与实体赏罚,8394624,840,A168_HF9F_20260827_0900,2026-08-27 09:00:00
2026-08-02,153770798,919,0,3260.0000000000,492.5000000000,492.5000000000,0.3846154,14,14,0.49899058571428571,0.498990585714,-0.8247729851596605,-0.824772985157601,-0.8247729851596605,2.8571E-13,ELIGIBLE,R03b_20260811_FULL_v1,L1_ELIGIBILITY,v2026-08-11,2026-03-21..2026-08-06,baccarat_bet02_101_all_pairs_incl_sentinel,round_win = game_pnl > 0 (decisive only),COMPATIBILITY_ONLY_NOT_PRODUCTION,11613.0000,11173.0000,477.8000,76,76,-0.04114355,-0.04114355,,-0.04114355,-477.8000,11613.0000,OK,0.0000,14.3340,3.0000,97.0000,AG03-UNRESOLVED,ALL5_LEVELS_bet23_to_bet27,14.3340,14.3340,14.3340,19.1120,19.1120,3.000000,3.000000,3.000000,4.000000,4.000000,97.000000,97.000000,97.000000,96.000000,96.000000,5.0,81.2260,75.9131,396.5740,401.8869,PENDING_AG03,FALSE,NOT_FOR_ENFORCEMENT,463.4660,10837.8100,477.8000,463.4660,14.3340,0.04114355,0.03990924,14.3340,463.4660,0.03990924,14.3340,14.3340,14.3340,19.1120,19.1120,463.4660,0.03990924,81.2260,75.9131,396.5740,401.8869,0.03414914,0.03460664,0.00123431,152.8026,147.0132,6.2868,477.8000,43.4364,11613.0000,76.0000,152.8026,,40.0,60.0,180.0,374.4,634.9999,975.0398,60.0,0.0,10.583331,16.250663,2.546711,7,11,1,2,1.00000000,0.04114355,0.04114355,0E-8,0.000000,0.962111,0.000000,,2026-08-02,2026-08-02,1,11,7,1,1.000000,,1.000000,3.333333,,,,,,,,GLOBAL_BASELINE_NO_ENTITY_RANKING,,,NOT_APPLICABLE_GLOBAL_BASELINE,HF9g-P5,,,,X 全窗基线 · 不参与实体赏罚,8394625,840,A168_HF9F_20260827_0900,2026-08-27 09:00:00
2026-04-25,148859417,1935,0,73.7882908525,-2.3190605697,-2.3190605697,0.3333333,32,9,0.25048723855820106,0.233206334815,0.5736024236731045,0.7103346867593694,0.5736024236731045,0.01728090374320106,ELIGIBLE,R03b_20260811_FULL_v1,L1_ELIGIBILITY,v2026-08-11,2026-03-21..2026-08-06,baccarat_bet02_101_all_pairs_incl_sentinel,round_win = game_pnl > 0 (decisive only),COMPATIBILITY_ONLY_NOT_PRODUCTION,1721.7244,1633.4908,482.8358,516,89,-0.28043734,,-0.28043734,-0.28043734,-482.8358,1721.7244,OK,0.0000,19.3134,4.0000,96.0000,AG03-UNRESOLVED,ALL5_LEVELS_bet23_to_bet27,19.3134,19.3134,19.3134,28.9701,0.0000,4.000000,4.000000,4.000000,6.000000,0.000000,96.000000,96.000000,96.000000,94.000000,100.000000,5.0,86.9104,81.2845,395.9254,401.5513,PENDING_AG03,FALSE,NOT_FOR_ENFORCEMENT,463.5224,1568.1512,482.8358,463.5224,19.3134,0.28043734,0.26921984,19.3134,463.5224,0.26921984,19.3134,19.3134,19.3134,28.9701,0.0000,463.5224,0.26921984,86.9104,81.2845,395.9254,401.5513,0.22995862,0.23322623,0.01121749,3.3367,18.3538,5.4251,241.4179,12.3804,860.8622,44.5000,,3.3367,2.1006,2.1006,4.2012,6.3019,8.4025,13.3179,2.1006,-2.1006,4.0,6.339996,1.588424,26,25,2,8,0E-8,0.28043734,,0E-8,0.000000,0.948753,0.000000,,2026-04-25,2026-05-04,2,39,27,10,0.200000,,,0.000000,,,,,,,,GLOBAL_BASELINE_NO_ENTITY_RANKING,,,NOT_APPLICABLE_GLOBAL_BASELINE,HF9g-P5,,,,X 全窗基线 · 不参与实体赏罚,8394626,840,A168_HF9F_20260827_0900,2026-08-27 09:00:00
2026-05-04,148859417,-1,1,739.4181283456,-216.4688583112,-216.4688583112,0.2777778,219,36,0.23161115191462949,0.161281087387,0.6566124685448755,1.900486978482897,0.6566124685448755,0.07033006452762949,SENTINEL_DEALER,R03b_20260811_FULL_v1,L1_ELIGIBILITY,v2026-08-11,2026-03-21..2026-08-06,baccarat_bet02_101_all_pairs_incl_sentinel,round_win = game_pnl > 0 (decisive only),COMPATIBILITY_ONLY_NOT_PRODUCTION,1721.7244,1633.4908,482.8358,516,89,-0.28043734,,-0.28043734,-0.28043734,-482.8358,1721.7244,OK,0.0000,19.3134,4.0000,96.0000,AG03-UNRESOLVED,ALL5_LEVELS_bet23_to_bet27,19.3134,19.3134,19.3134,28.9701,0.0000,4.000000,4.000000,4.000000,6.000000,0.000000,96.000000,96.000000,96.000000,94.000000,100.000000,5.0,86.9104,81.2845,395.9254,401.5513,PENDING_AG03,FALSE,NOT_FOR_ENFORCEMENT,463.5224,1568.1512,482.8358,463.5224,19.3134,0.28043734,0.26921984,19.3134,463.5224,0.26921984,19.3134,19.3134,19.3134,28.9701,0.0000,463.5224,0.26921984,86.9104,81.2845,395.9254,401.5513,0.22995862,0.23322623,0.01121749,3.3367,18.3538,5.4251,241.4179,12.3804,860.8622,44.5000,,3.3367,2.1006,2.1006,4.2012,6.3019,8.4025,13.3179,2.1006,-2.1006,4.0,6.339996,1.588424,26,25,2,8,0E-8,0.28043734,,0E-8,0.000000,0.948753,0.000000,,2026-04-25,2026-05-04,2,39,27,10,0.200000,,,0.000000,,,,,,,,GLOBAL_BASELINE_NO_ENTITY_RANKING,,,NOT_APPLICABLE_GLOBAL_BASELINE,HF9g-P5,,,,X 全窗基线 · 不参与实体赏罚,8394627,840,A168_HF9F_20260827_0900,2026-08-27 09:00:00
2026-05-04,148859417,1017,0,21.0061968280,-4.6213633021,-4.6213633021,0E-7,7,1,0.24245861000000000,0.129233428571,-0.565738353641226,-0.38524459926385424,-0.565738353641226,0.11322518142900000,ELIGIBLE,R03b_20260811_FULL_v1,L1_ELIGIBILITY,v2026-08-11,2026-03-21..2026-08-06,baccarat_bet02_101_all_pairs_incl_sentinel,round_win = game_pnl > 0 (decisive only),COMPATIBILITY_ONLY_NOT_PRODUCTION,1721.7244,1633.4908,482.8358,516,89,-0.28043734,,-0.28043734,-0.28043734,-482.8358,1721.7244,OK,0.0000,19.3134,4.0000,96.0000,AG03-UNRESOLVED,ALL5_LEVELS_bet23_to_bet27,19.3134,19.3134,19.3134,28.9701,0.0000,4.000000,4.000000,4.000000,6.000000,0.000000,96.000000,96.000000,96.000000,94.000000,100.000000,5.0,86.9104,81.2845,395.9254,401.5513,PENDING_AG03,FALSE,NOT_FOR_ENFORCEMENT,463.5224,1568.1512,482.8358,463.5224,19.3134,0.28043734,0.26921984,19.3134,463.5224,0.26921984,19.3134,19.3134,19.3134,28.9701,0.0000,463.5224,0.26921984,86.9104,81.2845,395.9254,401.5513,0.22995862,0.23322623,0.01121749,3.3367,18.3538,5.4251,241.4179,12.3804,860.8622,44.5000,,3.3367,2.1006,2.1006,4.2012,6.3019,8.4025,13.3179,2.1006,-2.1006,4.0,6.339996,1.588424,26,25,2,8,0E-8,0.28043734,,0E-8,0.000000,0.948753,0.000000,,2026-04-25,2026-05-04,2,39,27,10,0.200000,,,0.000000,,,,,,,,GLOBAL_BASELINE_NO_ENTITY_RANKING,,,NOT_APPLICABLE_GLOBAL_BASELINE,HF9g-P5,,,,X 全窗基线 · 不参与实体赏罚,8394628,840,A168_HF9F_20260827_0900,2026-08-27 09:00:00
2026-05-04,148859417,1185,0,115.5340825540,38.7564331481,38.7564331481,0.2500000,28,4,0.20623422977855478,0.129233428571,0.21634059192624927,0.7200098291762705,0.21634059192624927,0.07700080120755478,ELIGIBLE,R03b_20260811_FULL_v1,L1_ELIGIBILITY,v2026-08-11,2026-03-21..2026-08-06,baccarat_bet02_101_all_pairs_incl_sentinel,round_win = game_pnl > 0 (decisive only),COMPATIBILITY_ONLY_NOT_PRODUCTION,1721.7244,1633.4908,482.8358,516,89,-0.28043734,,-0.28043734,-0.28043734,-482.8358,1721.7244,OK,0.0000,19.3134,4.0000,96.0000,AG03-UNRESOLVED,ALL5_LEVELS_bet23_to_bet27,19.3134,19.3134,19.3134,28.9701,0.0000,4.000000,4.000000,4.000000,6.000000,0.000000,96.000000,96.000000,96.000000,94.000000,100.000000,5.0,86.9104,81.2845,395.9254,401.5513,PENDING_AG03,FALSE,NOT_FOR_ENFORCEMENT,463.5224,1568.1512,482.8358,463.5224,19.3134,0.28043734,0.26921984,19.3134,463.5224,0.26921984,19.3134,19.3134,19.3134,28.9701,0.0000,463.5224,0.26921984,86.9104,81.2845,395.9254,401.5513,0.22995862,0.23322623,0.01121749,3.3367,18.3538,5.4251,241.4179,12.3804,860.8622,44.5000,,3.3367,2.1006,2.1006,4.2012,6.3019,8.4025,13.3179,2.1006,-2.1006,4.0,6.339996,1.588424,26,25,2,8,0E-8,0.28043734,,0E-8,0.000000,0.948753,0.000000,,2026-04-25,2026-05-04,2,39,27,10,0.200000,,,0.000000,,,,,,,,GLOBAL_BASELINE_NO_ENTITY_RANKING,,,NOT_APPLICABLE_GLOBAL_BASELINE,HF9g-P5,,,,X 全窗基线 · 不参与实体赏罚,8394629,840,A168_HF9F_20260827_0900,2026-08-27 09:00:00
2026-05-04,148859417,1210,0,25.2074361936,23.1068165109,23.1068165109,1.0000000,7,1,0.25215330000000000,0.129233428571,1.7221618433604535,2.5957534561441036,1.7221618433604535,0.12291987142900000,ELIGIBLE,R03b_20260811_FULL_v1,L1_ELIGIBILITY,v2026-08-11,2026-03-21..2026-08-06,baccarat_bet02_101_all_pairs_incl_sentinel,round_win = game_pnl > 0 (decisive only),COMPATIBILITY_ONLY_NOT_PRODUCTION,1721.7244,1633.4908,482.8358,516,89,-0.28043734,,-0.28043734,-0.28043734,-482.8358,1721.7244,OK,0.0000,19.3134,4.0000,96.0000,AG03-UNRESOLVED,ALL5_LEVELS_bet23_to_bet27,19.3134,19.3134,19.3134,28.9701,0.0000,4.000000,4.000000,4.000000,6.000000,0.000000,96.000000,96.000000,96.000000,94.000000,100.000000,5.0,86.9104,81.2845,395.9254,401.5513,PENDING_AG03,FALSE,NOT_FOR_ENFORCEMENT,463.5224,1568.1512,482.8358,463.5224,19.3134,0.28043734,0.26921984,19.3134,463.5224,0.26921984,19.3134,19.3134,19.3134,28.9701,0.0000,463.5224,0.26921984,86.9104,81.2845,395.9254,401.5513,0.22995862,0.23322623,0.01121749,3.3367,18.3538,5.4251,241.4179,12.3804,860.8622,44.5000,,3.3367,2.1006,2.1006,4.2012,6.3019,8.4025,13.3179,2.1006,-2.1006,4.0,6.339996,1.588424,26,25,2,8,0E-8,0.28043734,,0E-8,0.000000,0.948753,0.000000,,2026-04-25,2026-05-04,2,39,27,10,0.200000,,,0.000000,,,,,,,,GLOBAL_BASELINE_NO_ENTITY_RANKING,,,NOT_APPLICABLE_GLOBAL_BASELINE,HF9g-P5,,,,X 全窗基线 · 不参与实体赏罚,8394630,840,A168_HF9F_20260827_0900,2026-08-27 09:00:00
2026-05-04,148859417,1330,0,46.2136330216,-46.2136330216,-46.2136330216,0E-7,13,2,0.18391050598290599,0.135539430952,-0.6713505885244,-0.5599835025269535,-0.6713505885244,0.04837107503090599,ELIGIBLE,R03b_20260811_FULL_v1,L1_ELIGIBILITY,v2026-08-11,2026-03-21..2026-08-06,baccarat_bet02_101_all_pairs_incl_sentinel,round_win = game_pnl > 0 (decisive only),COMPATIBILITY_ONLY_NOT_PRODUCTION,1721.7244,1633.4908,482.8358,516,89,-0.28043734,,-0.28043734,-0.28043734,-482.8358,1721.7244,OK,0.0000,19.3134,4.0000,96.0000,AG03-UNRESOLVED,ALL5_LEVELS_bet23_to_bet27,19.3134,19.3134,19.3134,28.9701,0.0000,4.000000,4.000000,4.000000,6.000000,0.000000,96.000000,96.000000,96.000000,94.000000,100.000000,5.0,86.9104,81.2845,395.9254,401.5513,PENDING_AG03,FALSE,NOT_FOR_ENFORCEMENT,463.5224,1568.1512,482.8358,463.5224,19.3134,0.28043734,0.26921984,19.3134,463.5224,0.26921984,19.3134,19.3134,19.3134,28.9701,0.0000,463.5224,0.26921984,86.9104,81.2845,395.9254,401.5513,0.22995862,0.23322623,0.01121749,3.3367,18.3538,5.4251,241.4179,12.3804,860.8622,44.5000,,3.3367,2.1006,2.1006,4.2012,6.3019,8.4025,13.3179,2.1006,-2.1006,4.0,6.339996,1.588424,26,25,2,8,0E-8,0.28043734,,0E-8,0.000000,0.948753,0.000000,,2026-04-25,2026-05-04,2,39,27,10,0.200000,,,0.000000,,,,,,,,GLOBAL_BASELINE_NO_ENTITY_RANKING,,,NOT_APPLICABLE_GLOBAL_BASELINE,HF9g-P5,,,,X 全窗基线 · 不参与实体赏罚,8394631,840,A168_HF9F_20260827_0900,2026-08-27 09:00:00
2026-05-04,148859417,1623,0,54.6161117528,-52.5154920700,-52.5154920700,0E-7,22,5,0.20642451338095238,0.182497501667,-1.1404375668775275,-1.0564985847597883,-1.1404375668775275,0.02392701171395238,ELIGIBLE,R03b_20260811_FULL_v1,L1_ELIGIBILITY,v2026-08-11,2026-03-21..2026-08-06,baccarat_bet02_101_all_pairs_incl_sentinel,round_win = game_pnl > 0 (decisive only),COMPATIBILITY_ONLY_NOT_PRODUCTION,1721.7244,1633.4908,482.8358,516,89,-0.28043734,,-0.28043734,-0.28043734,-482.8358,1721.7244,OK,0.0000,19.3134,4.0000,96.0000,AG03-UNRESOLVED,ALL5_LEVELS_bet23_to_bet27,19.3134,19.3134,19.3134,28.9701,0.0000,4.000000,4.000000,4.000000,6.000000,0.000000,96.000000,96.000000,96.000000,94.000000,100.000000,5.0,86.9104,81.2845,395.9254,401.5513,PENDING_AG03,FALSE,NOT_FOR_ENFORCEMENT,463.5224,1568.1512,482.8358,463.5224,19.3134,0.28043734,0.26921984,19.3134,463.5224,0.26921984,19.3134,19.3134,19.3134,28.9701,0.0000,463.5224,0.26921984,86.9104,81.2845,395.9254,401.5513,0.22995862,0.23322623,0.01121749,3.3367,18.3538,5.4251,241.4179,12.3804,860.8622,44.5000,,3.3367,2.1006,2.1006,4.2012,6.3019,8.4025,13.3179,2.1006,-2.1006,4.0,6.339996,1.588424,26,25,2,8,0E-8,0.28043734,,0E-8,0.000000,0.948753,0.000000,,2026-04-25,2026-05-04,2,39,27,10,0.200000,,,0.000000,,,,,,,,GLOBAL_BASELINE_NO_ENTITY_RANKING,,,NOT_APPLICABLE_GLOBAL_BASELINE,HF9g-P5,,,,X 全窗基线 · 不参与实体赏罚,8394632,840,A168_HF9F_20260827_0900,2026-08-27 09:00:00
2026-05-04,148859417,1645,0,18.9055771452,18.5904841929,18.5904841929,1.0000000,7,1,0.21310393333333333,0.129233428571,1.9215998421420706,2.5957534561441036,1.9215998421420706,0.08387050476233333,ELIGIBLE,R03b_20260811_FULL_v1,L1_ELIGIBILITY,v2026-08-11,2026-03-21..2026-08-06,baccarat_bet02_101_all_pairs_incl_sentinel,round_win = game_pnl > 0 (decisive only),COMPATIBILITY_ONLY_NOT_PRODUCTION,1721.7244,1633.4908,482.8358,516,89,-0.28043734,,-0.28043734,-0.28043734,-482.8358,1721.7244,OK,0.0000,19.3134,4.0000,96.0000,AG03-UNRESOLVED,ALL5_LEVELS_bet23_to_bet27,19.3134,19.3134,19.3134,28.9701,0.0000,4.000000,4.000000,4.000000,6.000000,0.000000,96.000000,96.000000,96.000000,94.000000,100.000000,5.0,86.9104,81.2845,395.9254,401.5513,PENDING_AG03,FALSE,NOT_FOR_ENFORCEMENT,463.5224,1568.1512,482.8358,463.5224,19.3134,0.28043734,0.26921984,19.3134,463.5224,0.26921984,19.3134,19.3134,19.3134,28.9701,0.0000,463.5224,0.26921984,86.9104,81.2845,395.9254,401.5513,0.22995862,0.23322623,0.01121749,3.3367,18.3538,5.4251,241.4179,12.3804,860.8622,44.5000,,3.3367,2.1006,2.1006,4.2012,6.3019,8.4025,13.3179,2.1006,-2.1006,4.0,6.339996,1.588424,26,25,2,8,0E-8,0.28043734,,0E-8,0.000000,0.948753,0.000000,,2026-04-25,2026-05-04,2,39,27,10,0.200000,,,0.000000,,,,,,,,GLOBAL_BASELINE_NO_ENTITY_RANKING,,,NOT_APPLICABLE_GLOBAL_BASELINE,HF9g-P5,,,,X 全窗基线 · 不参与实体赏罚,8394633,840,A168_HF9F_20260827_0900,2026-08-27 09:00:00
2026-05-04,148859417,1942,0,63.0185904840,-29.5137065432,-29.5137065432,0.2000000,21,5,0.22059537636363636,0.200615381428,-0.11106444308979636,-0.0034361283661882404,-0.11106444308979636,0.01997999493563636,ELIGIBLE,R03b_20260811_FULL_v1,L1_ELIGIBILITY,v2026-08-11,2026-03-21..2026-08-06,baccarat_bet02_101_all_pairs_incl_sentinel,round_win = game_pnl > 0 (decisive only),COMPATIBILITY_ONLY_NOT_PRODUCTION,1721.7244,1633.4908,482.8358,516,89,-0.28043734,,-0.28043734,-0.28043734,-482.8358,1721.7244,OK,0.0000,19.3134,4.0000,96.0000,AG03-UNRESOLVED,ALL5_LEVELS_bet23_to_bet27,19.3134,19.3134,19.3134,28.9701,0.0000,4.000000,4.000000,4.000000,6.000000,0.000000,96.000000,96.000000,96.000000,94.000000,100.000000,5.0,86.9104,81.2845,395.9254,401.5513,PENDING_AG03,FALSE,NOT_FOR_ENFORCEMENT,463.5224,1568.1512,482.8358,463.5224,19.3134,0.28043734,0.26921984,19.3134,463.5224,0.26921984,19.3134,19.3134,19.3134,28.9701,0.0000,463.5224,0.26921984,86.9104,81.2845,395.9254,401.5513,0.22995862,0.23322623,0.01121749,3.3367,18.3538,5.4251,241.4179,12.3804,860.8622,44.5000,,3.3367,2.1006,2.1006,4.2012,6.3019,8.4025,13.3179,2.1006,-2.1006,4.0,6.339996,1.588424,26,25,2,8,0E-8,0.28043734,,0E-8,0.000000,0.948753,0.000000,,2026-04-25,2026-05-04,2,39,27,10,0.200000,,,0.000000,,,,,,,,GLOBAL_BASELINE_NO_ENTITY_RANKING,,,NOT_APPLICABLE_GLOBAL_BASELINE,HF9g-P5,,,,X 全窗基线 · 不参与实体赏罚,8394634,840,A168_HF9F_20260827_0900,2026-08-27 09:00:00
2026-05-04,148859417,1984,0,27.3080558764,-10.9232223505,-10.9232223505,0E-7,7,1,0.20427463846153846,0.129233428571,-0.5066705071918156,-0.38524459926385424,-0.5066705071918156,0.07504120989053846,ELIGIBLE,R03b_20260811_FULL_v1,L1_ELIGIBILITY,v2026-08-11,2026-03-21..2026-08-06,baccarat_bet02_101_all_pairs_incl_sentinel,round_win = game_pnl > 0 (decisive only),COMPATIBILITY_ONLY_NOT_PRODUCTION,1721.7244,1633.4908,482.8358,516,89,-0.28043734,,-0.28043734,-0.28043734,-482.8358,1721.7244,OK,0.0000,19.3134,4.0000,96.0000,AG03-UNRESOLVED,ALL5_LEVELS_bet23_to_bet27,19.3134,19.3134,19.3134,28.9701,0.0000,4.000000,4.000000,4.000000,6.000000,0.000000,96.000000,96.000000,96.000000,94.000000,100.000000,5.0,86.9104,81.2845,395.9254,401.5513,PENDING_AG03,FALSE,NOT_FOR_ENFORCEMENT,463.5224,1568.1512,482.8358,463.5224,19.3134,0.28043734,0.26921984,19.3134,463.5224,0.26921984,19.3134,19.3134,19.3134,28.9701,0.0000,463.5224,0.26921984,86.9104,81.2845,395.9254,401.5513,0.22995862,0.23322623,0.01121749,3.3367,18.3538,5.4251,241.4179,12.3804,860.8622,44.5000,,3.3367,2.1006,2.1006,4.2012,6.3019,8.4025,13.3179,2.1006,-2.1006,4.0,6.339996,1.588424,26,25,2,8,0E-8,0.28043734,,0E-8,0.000000,0.948753,0.000000,,2026-04-25,2026-05-04,2,39,27,10,0.200000,,,0.000000,,,,,,,,GLOBAL_BASELINE_NO_ENTITY_RANKING,,,NOT_APPLICABLE_GLOBAL_BASELINE,HF9g-P5,,,,X 全窗基线 · 不参与实体赏罚,8394635,840,A168_HF9F_20260827_0900,2026-08-27 09:00:00
2026-05-04,148859417,2088,0,55.6664215942,0.6301859050,0.6301859050,0.3333333,19,3,0.20583016148148148,0.159912847024,0.5462235419927447,0.8195155107767113,0.5462235419927447,0.04591731445748148,ELIGIBLE,R03b_20260811_FULL_v1,L1_ELIGIBILITY,v2026-08-11,2026-03-21..2026-08-06,baccarat_bet02_101_all_pairs_incl_sentinel,round_win = game_pnl > 0 (decisive only),COMPATIBILITY_ONLY_NOT_PRODUCTION,1721.7244,1633.4908,482.8358,516,89,-0.28043734,,-0.28043734,-0.28043734,-482.8358,1721.7244,OK,0.0000,19.3134,4.0000,96.0000,AG03-UNRESOLVED,ALL5_LEVELS_bet23_to_bet27,19.3134,19.3134,19.3134,28.9701,0.0000,4.000000,4.000000,4.000000,6.000000,0.000000,96.000000,96.000000,96.000000,94.000000,100.000000,5.0,86.9104,81.2845,395.9254,401.5513,PENDING_AG03,FALSE,NOT_FOR_ENFORCEMENT,463.5224,1568.1512,482.8358,463.5224,19.3134,0.28043734,0.26921984,19.3134,463.5224,0.26921984,19.3134,19.3134,19.3134,28.9701,0.0000,463.5224,0.26921984,86.9104,81.2845,395.9254,401.5513,0.22995862,0.23322623,0.01121749,3.3367,18.3538,5.4251,241.4179,12.3804,860.8622,44.5000,,3.3367,2.1006,2.1006,4.2012,6.3019,8.4025,13.3179,2.1006,-2.1006,4.0,6.339996,1.588424,26,25,2,8,0E-8,0.28043734,,0E-8,0.000000,0.948753,0.000000,,2026-04-25,2026-05-04,2,39,27,10,0.200000,,,0.000000,,,,,,,,GLOBAL_BASELINE_NO_ENTITY_RANKING,,,NOT_APPLICABLE_GLOBAL_BASELINE,HF9g-P5,,,,X 全窗基线 · 不参与实体赏罚,8394636,840,A168_HF9F_20260827_0900,2026-08-27 09:00:00
2026-05-04,148859417,2106,0,42.0123936560,-33.8199768931,-33.8199768931,0E-7,13,2,0.17728827676767677,0.134581916667,-0.6564946092618398,-0.5576932261434193,-0.6564946092618398,0.04270636010067677,ELIGIBLE,R03b_20260811_FULL_v1,L1_ELIGIBILITY,v2026-08-11,2026-03-21..2026-08-06,baccarat_bet02_101_all_pairs_incl_sentinel,round_win = game_pnl > 0 (decisive only),COMPATIBILITY_ONLY_NOT_PRODUCTION,1721.7244,1633.4908,482.8358,516,89,-0.28043734,,-0.28043734,-0.28043734,-482.8358,1721.7244,OK,0.0000,19.3134,4.0000,96.0000,AG03-UNRESOLVED,ALL5_LEVELS_bet23_to_bet27,19.3134,19.3134,19.3134,28.9701,0.0000,4.000000,4.000000,4.000000,6.000000,0.000000,96.000000,96.000000,96.000000,94.000000,100.000000,5.0,86.9104,81.2845,395.9254,401.5513,PENDING_AG03,FALSE,NOT_FOR_ENFORCEMENT,463.5224,1568.1512,482.8358,463.5224,19.3134,0.28043734,0.26921984,19.3134,463.5224,0.26921984,19.3134,19.3134,19.3134,28.9701,0.0000,463.5224,0.26921984,86.9104,81.2845,395.9254,401.5513,0.22995862,0.23322623,0.01121749,3.3367,18.3538,5.4251,241.4179,12.3804,860.8622,44.5000,,3.3367,2.1006,2.1006,4.2012,6.3019,8.4025,13.3179,2.1006,-2.1006,4.0,6.339996,1.588424,26,25,2,8,0E-8,0.28043734,,0E-8,0.000000,0.948753,0.000000,,2026-04-25,2026-05-04,2,39,27,10,0.200000,,,0.000000,,,,,,,,GLOBAL_BASELINE_NO_ENTITY_RANKING,,,NOT_APPLICABLE_GLOBAL_BASELINE,HF9g-P5,,,,X 全窗基线 · 不参与实体赏罚,8394637,840,A168_HF9F_20260827_0900,2026-08-27 09:00:00
2026-05-04,148859417,2129,0,10.5030984140,-6.4068900325,-6.4068900325,0E-7,5,1,0.15104746000000000,0.151047460000,-0.4218081893799624,-0.4218081893799624,-0.4218081893799624,0E-17,ELIGIBLE,R03b_20260811_FULL_v1,L1_ELIGIBILITY,v2026-08-11,2026-03-21..2026-08-06,baccarat_bet02_101_all_pairs_incl_sentinel,round_win = game_pnl > 0 (decisive only),COMPATIBILITY_ONLY_NOT_PRODUCTION,1721.7244,1633.4908,482.8358,516,89,-0.28043734,,-0.28043734,-0.28043734,-482.8358,1721.7244,OK,0.0000,19.3134,4.0000,96.0000,AG03-UNRESOLVED,ALL5_LEVELS_bet23_to_bet27,19.3134,19.3134,19.3134,28.9701,0.0000,4.000000,4.000000,4.000000,6.000000,0.000000,96.000000,96.000000,96.000000,94.000000,100.000000,5.0,86.9104,81.2845,395.9254,401.5513,PENDING_AG03,FALSE,NOT_FOR_ENFORCEMENT,463.5224,1568.1512,482.8358,463.5224,19.3134,0.28043734,0.26921984,19.3134,463.5224,0.26921984,19.3134,19.3134,19.3134,28.9701,0.0000,463.5224,0.26921984,86.9104,81.2845,395.9254,401.5513,0.22995862,0.23322623,0.01121749,3.3367,18.3538,5.4251,241.4179,12.3804,860.8622,44.5000,,3.3367,2.1006,2.1006,4.2012,6.3019,8.4025,13.3179,2.1006,-2.1006,4.0,6.339996,1.588424,26,25,2,8,0E-8,0.28043734,,0E-8,0.000000,0.948753,0.000000,,2026-04-25,2026-05-04,2,39,27,10,0.200000,,,0.000000,,,,,,,,GLOBAL_BASELINE_NO_ENTITY_RANKING,,,NOT_APPLICABLE_GLOBAL_BASELINE,HF9g-P5,,,,X 全窗基线 · 不参与实体赏罚,8394638,840,A168_HF9F_20260827_0900,2026-08-27 09:00:00
2026-05-04,148859417,2152,0,29.4086755592,-12.6037180968,-12.6037180968,0E-7,7,1,0.18861977142857143,0.127318400000,-0.48214914031215883,-0.3819598169303392,-0.48214914031215883,0.06130137142857143,ELIGIBLE,R03b_20260811_FULL_v1,L1_ELIGIBILITY,v2026-08-11,2026-03-21..2026-08-06,baccarat_bet02_101_all_pairs_incl_sentinel,round_win = game_pnl > 0 (decisive only),COMPATIBILITY_ONLY_NOT_PRODUCTION,1721.7244,1633.4908,482.8358,516,89,-0.28043734,,-0.28043734,-0.28043734,-482.8358,1721.7244,OK,0.0000,19.3134,4.0000,96.0000,AG03-UNRESOLVED,ALL5_LEVELS_bet23_to_bet27,19.3134,19.3134,19.3134,28.9701,0.0000,4.000000,4.000000,4.000000,6.000000,0.000000,96.000000,96.000000,96.000000,94.000000,100.000000,5.0,86.9104,81.2845,395.9254,401.5513,PENDING_AG03,FALSE,NOT_FOR_ENFORCEMENT,463.5224,1568.1512,482.8358,463.5224,19.3134,0.28043734,0.26921984,19.3134,463.5224,0.26921984,19.3134,19.3134,19.3134,28.9701,0.0000,463.5224,0.26921984,86.9104,81.2845,395.9254,401.5513,0.22995862,0.23322623,0.01121749,3.3367,18.3538,5.4251,241.4179,12.3804,860.8622,44.5000,,3.3367,2.1006,2.1006,4.2012,6.3019,8.4025,13.3179,2.1006,-2.1006,4.0,6.339996,1.588424,26,25,2,8,0E-8,0.28043734,,0E-8,0.000000,0.948753,0.000000,,2026-04-25,2026-05-04,2,39,27,10,0.200000,,,0.000000,,,,,,,,GLOBAL_BASELINE_NO_ENTITY_RANKING,,,NOT_APPLICABLE_GLOBAL_BASELINE,HF9g-P5,,,,X 全窗基线 · 不参与实体赏罚,8394639,840,A168_HF9F_20260827_0900,2026-08-27 09:00:00
2026-05-04,148859417,2153,0,31.5092952420,-31.5092952420,-31.5092952420,0E-7,11,2,0.12104102954545455,0.092245975000,-0.5248038361621694,-0.4508214992549422,-0.5248038361621694,0.02879505454545455,ELIGIBLE,R03b_20260811_FULL_v1,L1_ELIGIBILITY,v2026-08-11,2026-03-21..2026-08-06,baccarat_bet02_101_all_pairs_incl_sentinel,round_win = game_pnl > 0 (decisive only),COMPATIBILITY_ONLY_NOT_PRODUCTION,1721.7244,1633.4908,482.8358,516,89,-0.28043734,,-0.28043734,-0.28043734,-482.8358,1721.7244,OK,0.0000,19.3134,4.0000,96.0000,AG03-UNRESOLVED,ALL5_LEVELS_bet23_to_bet27,19.3134,19.3134,19.3134,28.9701,0.0000,4.000000,4.000000,4.000000,6.000000,0.000000,96.000000,96.000000,96.000000,94.000000,100.000000,5.0,86.9104,81.2845,395.9254,401.5513,PENDING_AG03,FALSE,NOT_FOR_ENFORCEMENT,463.5224,1568.1512,482.8358,463.5224,19.3134,0.28043734,0.26921984,19.3134,463.5224,0.26921984,19.3134,19.3134,19.3134,28.9701,0.0000,463.5224,0.26921984,86.9104,81.2845,395.9254,401.5513,0.22995862,0.23322623,0.01121749,3.3367,18.3538,5.4251,241.4179,12.3804,860.8622,44.5000,,3.3367,2.1006,2.1006,4.2012,6.3019,8.4025,13.3179,2.1006,-2.1006,4.0,6.339996,1.588424,26,25,2,8,0E-8,0.28043734,,0E-8,0.000000,0.948753,0.000000,,2026-04-25,2026-05-04,2,39,27,10,0.200000,,,0.000000,,,,,,,,GLOBAL_BASELINE_NO_ENTITY_RANKING,,,NOT_APPLICABLE_GLOBAL_BASELINE,HF9g-P5,,,,X 全窗基线 · 不参与实体赏罚,8394640,840,A168_HF9F_20260827_0900,2026-08-27 09:00:00
2026-05-04,148859417,2156,0,50.4148723872,-34.0300388613,-34.0300388613,0E-7,14,2,0.19066983531468532,0.128275914286,-0.6864250592615293,-0.5424978662623078,-0.6864250592615293,0.06239392102868532,ELIGIBLE,R03b_20260811_FULL_v1,L1_ELIGIBILITY,v2026-08-11,2026-03-21..2026-08-06,baccarat_bet02_101_all_pairs_incl_sentinel,round_win = game_pnl > 0 (decisive only),COMPATIBILITY_ONLY_NOT_PRODUCTION,1721.7244,1633.4908,482.8358,516,89,-0.28043734,,-0.28043734,-0.28043734,-482.8358,1721.7244,OK,0.0000,19.3134,4.0000,96.0000,AG03-UNRESOLVED,ALL5_LEVELS_bet23_to_bet27,19.3134,19.3134,19.3134,28.9701,0.0000,4.000000,4.000000,4.000000,6.000000,0.000000,96.000000,96.000000,96.000000,94.000000,100.000000,5.0,86.9104,81.2845,395.9254,401.5513,PENDING_AG03,FALSE,NOT_FOR_ENFORCEMENT,463.5224,1568.1512,482.8358,463.5224,19.3134,0.28043734,0.26921984,19.3134,463.5224,0.26921984,19.3134,19.3134,19.3134,28.9701,0.0000,463.5224,0.26921984,86.9104,81.2845,395.9254,401.5513,0.22995862,0.23322623,0.01121749,3.3367,18.3538,5.4251,241.4179,12.3804,860.8622,44.5000,,3.3367,2.1006,2.1006,4.2012,6.3019,8.4025,13.3179,2.1006,-2.1006,4.0,6.339996,1.588424,26,25,2,8,0E-8,0.28043734,,0E-8,0.000000,0.948753,0.000000,,2026-04-25,2026-05-04,2,39,27,10,0.200000,,,0.000000,,,,,,,,GLOBAL_BASELINE_NO_ENTITY_RANKING,,,NOT_APPLICABLE_GLOBAL_BASELINE,HF9g-P5,,,,X 全窗基线 · 不参与实体赏罚,8394641,840,A168_HF9F_20260827_0900,2026-08-27 09:00:00
2026-05-04,148859417,2170,0,29.4086755592,-29.4086755592,-29.4086755592,0E-7,7,1,0.22188182142857143,0.129233428571,-0.5339960941107118,-0.38524459926385424,-0.5339960941107118,0.09264839285757143,ELIGIBLE,R03b_20260811_FULL_v1,L1_ELIGIBILITY,v2026-08-11,2026-03-21..2026-08-06,baccarat_bet02_101_all_pairs_incl_sentinel,round_win = game_pnl > 0 (decisive only),COMPATIBILITY_ONLY_NOT_PRODUCTION,1721.7244,1633.4908,482.8358,516,89,-0.28043734,,-0.28043734,-0.28043734,-482.8358,1721.7244,OK,0.0000,19.3134,4.0000,96.0000,AG03-UNRESOLVED,ALL5_LEVELS_bet23_to_bet27,19.3134,19.3134,19.3134,28.9701,0.0000,4.000000,4.000000,4.000000,6.000000,0.000000,96.000000,96.000000,96.000000,94.000000,100.000000,5.0,86.9104,81.2845,395.9254,401.5513,PENDING_AG03,FALSE,NOT_FOR_ENFORCEMENT,463.5224,1568.1512,482.8358,463.5224,19.3134,0.28043734,0.26921984,19.3134,463.5224,0.26921984,19.3134,19.3134,19.3134,28.9701,0.0000,463.5224,0.26921984,86.9104,81.2845,395.9254,401.5513,0.22995862,0.23322623,0.01121749,3.3367,18.3538,5.4251,241.4179,12.3804,860.8622,44.5000,,3.3367,2.1006,2.1006,4.2012,6.3019,8.4025,13.3179,2.1006,-2.1006,4.0,6.339996,1.588424,26,25,2,8,0E-8,0.28043734,,0E-8,0.000000,0.948753,0.000000,,2026-04-25,2026-05-04,2,39,27,10,0.200000,,,0.000000,,,,,,,,GLOBAL_BASELINE_NO_ENTITY_RANKING,,,NOT_APPLICABLE_GLOBAL_BASELINE,HF9g-P5,,,,X 全窗基线 · 不参与实体赏罚,8394642,840,A168_HF9F_20260827_0900,2026-08-27 09:00:00
2026-05-04,148859417,2222,0,96.6285054088,-31.0891713053,-31.0891713053,0E-7,21,3,0.22134571628205128,0.129233428571,-0.923472249823988,-0.6672632192665073,-0.923472249823988,0.09211228771105128,ELIGIBLE,R03b_20260811_FULL_v1,L1_ELIGIBILITY,v2026-08-11,2026-03-21..2026-08-06,baccarat_bet02_101_all_pairs_incl_sentinel,round_win = game_pnl > 0 (decisive only),COMPATIBILITY_ONLY_NOT_PRODUCTION,1721.7244,1633.4908,482.8358,516,89,-0.28043734,,-0.28043734,-0.28043734,-482.8358,1721.7244,OK,0.0000,19.3134,4.0000,96.0000,AG03-UNRESOLVED,ALL5_LEVELS_bet23_to_bet27,19.3134,19.3134,19.3134,28.9701,0.0000,4.000000,4.000000,4.000000,6.000000,0.000000,96.000000,96.000000,96.000000,94.000000,100.000000,5.0,86.9104,81.2845,395.9254,401.5513,PENDING_AG03,FALSE,NOT_FOR_ENFORCEMENT,463.5224,1568.1512,482.8358,463.5224,19.3134,0.28043734,0.26921984,19.3134,463.5224,0.26921984,19.3134,19.3134,19.3134,28.9701,0.0000,463.5224,0.26921984,86.9104,81.2845,395.9254,401.5513,0.22995862,0.23322623,0.01121749,3.3367,18.3538,5.4251,241.4179,12.3804,860.8622,44.5000,,3.3367,2.1006,2.1006,4.2012,6.3019,8.4025,13.3179,2.1006,-2.1006,4.0,6.339996,1.588424,26,25,2,8,0E-8,0.28043734,,0E-8,0.000000,0.948753,0.000000,,2026-04-25,2026-05-04,2,39,27,10,0.200000,,,0.000000,,,,,,,,GLOBAL_BASELINE_NO_ENTITY_RANKING,,,NOT_APPLICABLE_GLOBAL_BASELINE,HF9g-P5,,,,X 全窗基线 · 不参与实体赏罚,8394643,840,A168_HF9F_20260827_0900,2026-08-27 09:00:00
2026-05-04,148859417,2224,0,31.5092952420,-11.0282533347,-11.0282533347,0E-7,7,1,0.21712158666666667,0.129233428571,-0.5266284811024485,-0.38524459926385424,-0.5266284811024485,0.08788815809566667,ELIGIBLE,R03b_20260811_FULL_v1,L1_ELIGIBILITY,v2026-08-11,2026-03-21..2026-08-06,baccarat_bet02_101_all_pairs_incl_sentinel,round_win = game_pnl > 0 (decisive only),COMPATIBILITY_ONLY_NOT_PRODUCTION,1721.7244,1633.4908,482.8358,516,89,-0.28043734,,-0.28043734,-0.28043734,-482.8358,1721.7244,OK,0.0000,19.3134,4.0000,96.0000,AG03-UNRESOLVED,ALL5_LEVELS_bet23_to_bet27,19.3134,19.3134,19.3134,28.9701,0.0000,4.000000,4.000000,4.000000,6.000000,0.000000,96.000000,96.000000,96.000000,94.000000,100.000000,5.0,86.9104,81.2845,395.9254,401.5513,PENDING_AG03,FALSE,NOT_FOR_ENFORCEMENT,463.5224,1568.1512,482.8358,463.5224,19.3134,0.28043734,0.26921984,19.3134,463.5224,0.26921984,19.3134,19.3134,19.3134,28.9701,0.0000,463.5224,0.26921984,86.9104,81.2845,395.9254,401.5513,0.22995862,0.23322623,0.01121749,3.3367,18.3538,5.4251,241.4179,12.3804,860.8622,44.5000,,3.3367,2.1006,2.1006,4.2012,6.3019,8.4025,13.3179,2.1006,-2.1006,4.0,6.339996,1.588424,26,25,2,8,0E-8,0.28043734,,0E-8,0.000000,0.948753,0.000000,,2026-04-25,2026-05-04,2,39,27,10,0.200000,,,0.000000,,,,,,,,GLOBAL_BASELINE_NO_ENTITY_RANKING,,,NOT_APPLICABLE_GLOBAL_BASELINE,HF9g-P5,,,,X 全窗基线 · 不参与实体赏罚,8394644,840,A168_HF9F_20260827_0900,2026-08-27 09:00:00
2026-05-04,148859417,2229,0,23.1068165108,-2.6257746035,-2.6257746035,0E-7,7,1,0.26647607272727273,0.129233428571,-0.6027288324827818,-0.38524459926385424,-0.6027288324827818,0.13724264415627273,ELIGIBLE,R03b_20260811_FULL_v1,L1_ELIGIBILITY,v2026-08-11,2026-03-21..2026-08-06,baccarat_bet02_101_all_pairs_incl_sentinel,round_win = game_pnl > 0 (decisive only),COMPATIBILITY_ONLY_NOT_PRODUCTION,1721.7244,1633.4908,482.8358,516,89,-0.28043734,,-0.28043734,-0.28043734,-482.8358,1721.7244,OK,0.0000,19.3134,4.0000,96.0000,AG03-UNRESOLVED,ALL5_LEVELS_bet23_to_bet27,19.3134,19.3134,19.3134,28.9701,0.0000,4.000000,4.000000,4.000000,6.000000,0.000000,96.000000,96.000000,96.000000,94.000000,100.000000,5.0,86.9104,81.2845,395.9254,401.5513,PENDING_AG03,FALSE,NOT_FOR_ENFORCEMENT,463.5224,1568.1512,482.8358,463.5224,19.3134,0.28043734,0.26921984,19.3134,463.5224,0.26921984,19.3134,19.3134,19.3134,28.9701,0.0000,463.5224,0.26921984,86.9104,81.2845,395.9254,401.5513,0.22995862,0.23322623,0.01121749,3.3367,18.3538,5.4251,241.4179,12.3804,860.8622,44.5000,,3.3367,2.1006,2.1006,4.2012,6.3019,8.4025,13.3179,2.1006,-2.1006,4.0,6.339996,1.588424,26,25,2,8,0E-8,0.28043734,,0E-8,0.000000,0.948753,0.000000,,2026-04-25,2026-05-04,2,39,27,10,0.200000,,,0.000000,,,,,,,,GLOBAL_BASELINE_NO_ENTITY_RANKING,,,NOT_APPLICABLE_GLOBAL_BASELINE,HF9g-P5,,,,X 全窗基线 · 不参与实体赏罚,8394645,840,A168_HF9F_20260827_0900,2026-08-27 09:00:00
2026-05-04,148859417,2252,0,25.2074361936,1E-10,1E-10,1.0000000,7,1,0.17731622500000000,0.129233428571,2.153982783586464,2.5957534561441036,2.153982783586464,0.04808279642900000,ELIGIBLE,R03b_20260811_FULL_v1,L1_ELIGIBILITY,v2026-08-11,2026-03-21..2026-08-06,baccarat_bet02_101_all_pairs_incl_sentinel,round_win = game_pnl > 0 (decisive only),COMPATIBILITY_ONLY_NOT_PRODUCTION,1721.7244,1633.4908,482.8358,516,89,-0.28043734,,-0.28043734,-0.28043734,-482.8358,1721.7244,OK,0.0000,19.3134,4.0000,96.0000,AG03-UNRESOLVED,ALL5_LEVELS_bet23_to_bet27,19.3134,19.3134,19.3134,28.9701,0.0000,4.000000,4.000000,4.000000,6.000000,0.000000,96.000000,96.000000,96.000000,94.000000,100.000000,5.0,86.9104,81.2845,395.9254,401.5513,PENDING_AG03,FALSE,NOT_FOR_ENFORCEMENT,463.5224,1568.1512,482.8358,463.5224,19.3134,0.28043734,0.26921984,19.3134,463.5224,0.26921984,19.3134,19.3134,19.3134,28.9701,0.0000,463.5224,0.26921984,86.9104,81.2845,395.9254,401.5513,0.22995862,0.23322623,0.01121749,3.3367,18.3538,5.4251,241.4179,12.3804,860.8622,44.5000,,3.3367,2.1006,2.1006,4.2012,6.3019,8.4025,13.3179,2.1006,-2.1006,4.0,6.339996,1.588424,26,25,2,8,0E-8,0.28043734,,0E-8,0.000000,0.948753,0.000000,,2026-04-25,2026-05-04,2,39,27,10,0.200000,,,0.000000,,,,,,,,GLOBAL_BASELINE_NO_ENTITY_RANKING,,,NOT_APPLICABLE_GLOBAL_BASELINE,HF9g-P5,,,,X 全窗基线 · 不参与实体赏罚,8394646,840,A168_HF9F_20260827_0900,2026-08-27 09:00:00
2026-05-04,148859417,2254,0,21.0061968280,4.2012393657,4.2012393657,1.0000000,7,1,0.19367703000000000,0.129233428571,2.0404006706469073,2.5957534561441036,2.0404006706469073,0.06444360142900000,ELIGIBLE,R03b_20260811_FULL_v1,L1_ELIGIBILITY,v2026-08-11,2026-03-21..2026-08-06,baccarat_bet02_101_all_pairs_incl_sentinel,round_win = game_pnl > 0 (decisive only),COMPATIBILITY_ONLY_NOT_PRODUCTION,1721.7244,1633.4908,482.8358,516,89,-0.28043734,,-0.28043734,-0.28043734,-482.8358,1721.7244,OK,0.0000,19.3134,4.0000,96.0000,AG03-UNRESOLVED,ALL5_LEVELS_bet23_to_bet27,19.3134,19.3134,19.3134,28.9701,0.0000,4.000000,4.000000,4.000000,6.000000,0.000000,96.000000,96.000000,96.000000,94.000000,100.000000,5.0,86.9104,81.2845,395.9254,401.5513,PENDING_AG03,FALSE,NOT_FOR_ENFORCEMENT,463.5224,1568.1512,482.8358,463.5224,19.3134,0.28043734,0.26921984,19.3134,463.5224,0.26921984,19.3134,19.3134,19.3134,28.9701,0.0000,463.5224,0.26921984,86.9104,81.2845,395.9254,401.5513,0.22995862,0.23322623,0.01121749,3.3367,18.3538,5.4251,241.4179,12.3804,860.8622,44.5000,,3.3367,2.1006,2.1006,4.2012,6.3019,8.4025,13.3179,2.1006,-2.1006,4.0,6.339996,1.588424,26,25,2,8,0E-8,0.28043734,,0E-8,0.000000,0.948753,0.000000,,2026-04-25,2026-05-04,2,39,27,10,0.200000,,,0.000000,,,,,,,,GLOBAL_BASELINE_NO_ENTITY_RANKING,,,NOT_APPLICABLE_GLOBAL_BASELINE,HF9g-P5,,,,X 全窗基线 · 不参与实体赏罚,8394647,840,A168_HF9F_20260827_0900,2026-08-27 09:00:00
2026-05-04,148859417,2266,0,63.0185904840,-13.0238420332,-13.0238420332,0.3333333,20,3,0.19505695295815296,0.130879409524,0.6044290587019684,1.0397074184639938,0.6044290587019684,0.06417754343415296,ELIGIBLE,R03b_20260811_FULL_v1,L1_ELIGIBILITY,v2026-08-11,2026-03-21..2026-08-06,baccarat_bet02_101_all_pairs_incl_sentinel,round_win = game_pnl > 0 (decisive only),COMPATIBILITY_ONLY_NOT_PRODUCTION,1721.7244,1633.4908,482.8358,516,89,-0.28043734,,-0.28043734,-0.28043734,-482.8358,1721.7244,OK,0.0000,19.3134,4.0000,96.0000,AG03-UNRESOLVED,ALL5_LEVELS_bet23_to_bet27,19.3134,19.3134,19.3134,28.9701,0.0000,4.000000,4.000000,4.000000,6.000000,0.000000,96.000000,96.000000,96.000000,94.000000,100.000000,5.0,86.9104,81.2845,395.9254,401.5513,PENDING_AG03,FALSE,NOT_FOR_ENFORCEMENT,463.5224,1568.1512,482.8358,463.5224,19.3134,0.28043734,0.26921984,19.3134,463.5224,0.26921984,19.3134,19.3134,19.3134,28.9701,0.0000,463.5224,0.26921984,86.9104,81.2845,395.9254,401.5513,0.22995862,0.23322623,0.01121749,3.3367,18.3538,5.4251,241.4179,12.3804,860.8622,44.5000,,3.3367,2.1006,2.1006,4.2012,6.3019,8.4025,13.3179,2.1006,-2.1006,4.0,6.339996,1.588424,26,25,2,8,0E-8,0.28043734,,0E-8,0.000000,0.948753,0.000000,,2026-04-25,2026-05-04,2,39,27,10,0.200000,,,0.000000,,,,,,,,GLOBAL_BASELINE_NO_ENTITY_RANKING,,,NOT_APPLICABLE_GLOBAL_BASELINE,HF9g-P5,,,,X 全窗基线 · 不参与实体赏罚,8394648,840,A168_HF9F_20260827_0900,2026-08-27 09:00:00
2026-05-04,148859417,550,0,25.2074361936,2.1006196829,2.1006196829,1.0000000,7,1,0.21507366666666667,0.129233428571,1.9103846948522958,2.5957534561441036,1.9103846948522958,0.08584023809566667,ELIGIBLE,R03b_20260811_FULL_v1,L1_ELIGIBILITY,v2026-08-11,2026-03-21..2026-08-06,baccarat_bet02_101_all_pairs_incl_sentinel,round_win = game_pnl > 0 (decisive only),COMPATIBILITY_ONLY_NOT_PRODUCTION,1721.7244,1633.4908,482.8358,516,89,-0.28043734,,-0.28043734,-0.28043734,-482.8358,1721.7244,OK,0.0000,19.3134,4.0000,96.0000,AG03-UNRESOLVED,ALL5_LEVELS_bet23_to_bet27,19.3134,19.3134,19.3134,28.9701,0.0000,4.000000,4.000000,4.000000,6.000000,0.000000,96.000000,96.000000,96.000000,94.000000,100.000000,5.0,86.9104,81.2845,395.9254,401.5513,PENDING_AG03,FALSE,NOT_FOR_ENFORCEMENT,463.5224,1568.1512,482.8358,463.5224,19.3134,0.28043734,0.26921984,19.3134,463.5224,0.26921984,19.3134,19.3134,19.3134,28.9701,0.0000,463.5224,0.26921984,86.9104,81.2845,395.9254,401.5513,0.22995862,0.23322623,0.01121749,3.3367,18.3538,5.4251,241.4179,12.3804,860.8622,44.5000,,3.3367,2.1006,2.1006,4.2012,6.3019,8.4025,13.3179,2.1006,-2.1006,4.0,6.339996,1.588424,26,25,2,8,0E-8,0.28043734,,0E-8,0.000000,0.948753,0.000000,,2026-04-25,2026-05-04,2,39,27,10,0.200000,,,0.000000,,,,,,,,GLOBAL_BASELINE_NO_ENTITY_RANKING,,,NOT_APPLICABLE_GLOBAL_BASELINE,HF9g-P5,,,,X 全窗基线 · 不参与实体赏罚,8394649,840,A168_HF9F_20260827_0900,2026-08-27 09:00:00
2026-05-04,148859417,789,0,2.1006196828,-2.1006196828,-2.1006196828,0E-7,1,1,0.50665070000000000,0.506650700000,-1.013391052207602,-1.013391052207602,-1.013391052207602,0E-17,ELIGIBLE,R03b_20260811_FULL_v1,L1_ELIGIBILITY,v2026-08-11,2026-03-21..2026-08-06,baccarat_bet02_101_all_pairs_incl_sentinel,round_win = game_pnl > 0 (decisive only),COMPATIBILITY_ONLY_NOT_PRODUCTION,1721.7244,1633.4908,482.8358,516,89,-0.28043734,,-0.28043734,-0.28043734,-482.8358,1721.7244,OK,0.0000,19.3134,4.0000,96.0000,AG03-UNRESOLVED,ALL5_LEVELS_bet23_to_bet27,19.3134,19.3134,19.3134,28.9701,0.0000,4.000000,4.000000,4.000000,6.000000,0.000000,96.000000,96.000000,96.000000,94.000000,100.000000,5.0,86.9104,81.2845,395.9254,401.5513,PENDING_AG03,FALSE,NOT_FOR_ENFORCEMENT,463.5224,1568.1512,482.8358,463.5224,19.3134,0.28043734,0.26921984,19.3134,463.5224,0.26921984,19.3134,19.3134,19.3134,28.9701,0.0000,463.5224,0.26921984,86.9104,81.2845,395.9254,401.5513,0.22995862,0.23322623,0.01121749,3.3367,18.3538,5.4251,241.4179,12.3804,860.8622,44.5000,,3.3367,2.1006,2.1006,4.2012,6.3019,8.4025,13.3179,2.1006,-2.1006,4.0,6.339996,1.588424,26,25,2,8,0E-8,0.28043734,,0E-8,0.000000,0.948753,0.000000,,2026-04-25,2026-05-04,2,39,27,10,0.200000,,,0.000000,,,,,,,,GLOBAL_BASELINE_NO_ENTITY_RANKING,,,NOT_APPLICABLE_GLOBAL_BASELINE,HF9g-P5,,,,X 全窗基线 · 不参与实体赏罚,8394650,840,A168_HF9F_20260827_0900,2026-08-27 09:00:00
2026-06-10,129863942,1306,0,1736.0557512799,-634.4022423951,-634.4022423951,0.3333333,18,6,0.48371599201287576,0.318814310000,-0.7371125822595009,0.07631525630936048,-0.7371125822595009,0.16490168201287576,ELIGIBLE,R03b_20260811_FULL_v1,L1_ELIGIBILITY,v2026-08-11,2026-03-21..2026-08-06,baccarat_bet02_101_all_pairs_incl_sentinel,round_win = game_pnl > 0 (decisive only),COMPATIBILITY_ONLY_NOT_PRODUCTION,1888.8060,1695.9395,482.8606,20,8,-0.25564329,,-0.25564329,-0.25564329,-482.8606,1888.8060,THIN_EXPOSURE,0.0000,19.3144,4.0000,96.0000,AG03-UNRESOLVED,ALL5_LEVELS_bet23_to_bet27,19.3144,19.3144,19.3144,24.1430,24.1430,4.000000,4.000000,4.000000,5.000000,5.000000,96.000000,96.000000,96.000000,95.000000,95.000000,5.0,106.2293,97.3088,376.6313,385.5517,PENDING_AG03,FALSE,NOT_FOR_ENFORCEMENT,463.5462,1628.1019,482.8606,463.5462,19.3144,0.25564329,0.24541756,19.3144,463.5462,0.24541756,19.3144,19.3144,19.3144,24.1430,24.1430,463.5462,0.24541756,106.2293,97.3088,376.6313,385.5517,0.19940177,0.20412459,0.01022573,94.4403,211.9924,60.3576,241.4303,120.7151,944.4030,4.0000,,94.4403,2.5716,2.5716,160.7221,335.8449,441.7929,546.1979,2.5716,-2.5716,171.799997,212.399992,36.725,2,3,3,6,0E-8,0.25564329,,0E-8,0.000000,0.897890,0.000000,,2026-06-10,2026-06-12,2,4,3,3,0.666667,,,0.000000,,,,,,,,GLOBAL_BASELINE_NO_ENTITY_RANKING,,,NOT_APPLICABLE_GLOBAL_BASELINE,HF9g-P5,,,,X 全窗基线 · 不参与实体赏罚,8394651,840,A168_HF9F_20260827_0900,2026-08-27 09:00:00
2026-06-10,129863942,2152,0,128.5776737727,128.5776737727,128.5776737727,1.0000000,1,1,0.49324550000000000,0.493245500000,1.01360149184955,1.01360149184955,1.01360149184955,0E-17,ELIGIBLE,R03b_20260811_FULL_v1,L1_ELIGIBILITY,v2026-08-11,2026-03-21..2026-08-06,baccarat_bet02_101_all_pairs_incl_sentinel,round_win = game_pnl > 0 (decisive only),COMPATIBILITY_ONLY_NOT_PRODUCTION,1888.8060,1695.9395,482.8606,20,8,-0.25564329,,-0.25564329,-0.25564329,-482.8606,1888.8060,THIN_EXPOSURE,0.0000,19.3144,4.0000,96.0000,AG03-UNRESOLVED,ALL5_LEVELS_bet23_to_bet27,19.3144,19.3144,19.3144,24.1430,24.1430,4.000000,4.000000,4.000000,5.000000,5.000000,96.000000,96.000000,96.000000,95.000000,95.000000,5.0,106.2293,97.3088,376.6313,385.5517,PENDING_AG03,FALSE,NOT_FOR_ENFORCEMENT,463.5462,1628.1019,482.8606,463.5462,19.3144,0.25564329,0.24541756,19.3144,463.5462,0.24541756,19.3144,19.3144,19.3144,24.1430,24.1430,463.5462,0.24541756,106.2293,97.3088,376.6313,385.5517,0.19940177,0.20412459,0.01022573,94.4403,211.9924,60.3576,241.4303,120.7151,944.4030,4.0000,,94.4403,2.5716,2.5716,160.7221,335.8449,441.7929,546.1979,2.5716,-2.5716,171.799997,212.399992,36.725,2,3,3,6,0E-8,0.25564329,,0E-8,0.000000,0.897890,0.000000,,2026-06-10,2026-06-12,2,4,3,3,0.666667,,,0.000000,,,,,,,,GLOBAL_BASELINE_NO_ENTITY_RANKING,,,NOT_APPLICABLE_GLOBAL_BASELINE,HF9g-P5,,,,X 全窗基线 · 不参与实体赏罚,8394652,840,A168_HF9F_20260827_0900,2026-08-27 09:00:00
2026-06-12,129863942,986,0,24.1726026693,22.9639725358,22.9639725358,1.0000000,1,1,0.50665070000000000,0.506650700000,0.9867858985152569,0.9867858985152569,0.9867858985152569,0E-17,ELIGIBLE,R03b_20260811_FULL_v1,L1_ELIGIBILITY,v2026-08-11,2026-03-21..2026-08-06,baccarat_bet02_101_all_pairs_incl_sentinel,round_win = game_pnl > 0 (decisive only),COMPATIBILITY_ONLY_NOT_PRODUCTION,1888.8060,1695.9395,482.8606,20,8,-0.25564329,,-0.25564329,-0.25564329,-482.8606,1888.8060,THIN_EXPOSURE,0.0000,19.3144,4.0000,96.0000,AG03-UNRESOLVED,ALL5_LEVELS_bet23_to_bet27,19.3144,19.3144,19.3144,24.1430,24.1430,4.000000,4.000000,4.000000,5.000000,5.000000,96.000000,96.000000,96.000000,95.000000,95.000000,5.0,106.2293,97.3088,376.6313,385.5517,PENDING_AG03,FALSE,NOT_FOR_ENFORCEMENT,463.5462,1628.1019,482.8606,463.5462,19.3144,0.25564329,0.24541756,19.3144,463.5462,0.24541756,19.3144,19.3144,19.3144,24.1430,24.1430,463.5462,0.24541756,106.2293,97.3088,376.6313,385.5517,0.19940177,0.20412459,0.01022573,94.4403,211.9924,60.3576,241.4303,120.7151,944.4030,4.0000,,94.4403,2.5716,2.5716,160.7221,335.8449,441.7929,546.1979,2.5716,-2.5716,171.799997,212.399992,36.725,2,3,3,6,0E-8,0.25564329,,0E-8,0.000000,0.897890,0.000000,,2026-06-10,2026-06-12,2,4,3,3,0.666667,,,0.000000,,,,,,,,GLOBAL_BASELINE_NO_ENTITY_RANKING,,,NOT_APPLICABLE_GLOBAL_BASELINE,HF9g-P5,,,,X 全窗基线 · 不参与实体赏罚,8394653,840,A168_HF9F_20260827_0900,2026-08-27 09:00:00
2026-04-29,149328930,1210,0,266.6666666667,-133.4067952249,-133.4067952249,0.5555556,9,9,0.50516123333333333,0.505161233333,0.30238204366753807,0.30238204366953614,0.30238204366753807,3.3333E-13,ELIGIBLE,R03b_20260811_FULL_v1,L1_ELIGIBILITY,v2026-08-11,2026-03-21..2026-08-06,baccarat_bet02_101_all_pairs_incl_sentinel,round_win = game_pnl > 0 (decisive only),COMPATIBILITY_ONLY_NOT_PRODUCTION,2132.7855,1999.4810,482.8805,107,107,-0.22640840,,-0.22640840,-0.22640840,-482.8805,2132.7855,OK,0.0000,19.3152,4.0000,96.0000,AG03-UNRESOLVED,ALL5_LEVELS_bet23_to_bet27,19.3152,19.3152,19.3152,19.3152,19.3152,4.000000,4.000000,4.000000,4.000000,4.000000,96.000000,96.000000,96.000000,96.000000,96.000000,5.0,96.5761,89.1529,386.3044,393.7276,PENDING_AG03,FALSE,NOT_FOR_ENFORCEMENT,463.5653,1919.5017,482.8805,463.5653,19.3152,0.22640840,0.21735206,19.3152,463.5653,0.21735206,19.3152,19.3152,19.3152,19.3152,19.3152,463.5653,0.21735206,96.5761,89.1529,386.3044,393.7276,0.18112672,0.18460723,0.00905634,19.9326,18.6867,4.5129,120.7201,28.4047,533.1964,26.7500,,19.9326,7.2056,14.4113,34.551,36.7452,72.0565,73.4619,14.4113,-3.6028,5.0,5.097521,1.383121,11,16,15,2,0E-8,0.22640840,,0E-8,0.000000,0.937497,0.000000,,2026-04-29,2026-05-08,4,17,14,10,0.400000,,,0.000000,,,,,,,,GLOBAL_BASELINE_NO_ENTITY_RANKING,,,NOT_APPLICABLE_GLOBAL_BASELINE,HF9g-P5,,,,X 全窗基线 · 不参与实体赏罚,8394654,840,A168_HF9F_20260827_0900,2026-08-27 09:00:00
2026-04-29,149328930,970,0,30.1193755739,-30.1193755739,-30.1193755739,0E-7,1,1,0.50665070000000000,0.506650700000,-1.013391052207602,-1.013391052207602,-1.013391052207602,0E-17,ELIGIBLE,R03b_20260811_FULL_v1,L1_ELIGIBILITY,v2026-08-11,2026-03-21..2026-08-06,baccarat_bet02_101_all_pairs_incl_sentinel,round_win = game_pnl > 0 (decisive only),COMPATIBILITY_ONLY_NOT_PRODUCTION,2132.7855,1999.4810,482.8805,107,107,-0.22640840,,-0.22640840,-0.22640840,-482.8805,2132.7855,OK,0.0000,19.3152,4.0000,96.0000,AG03-UNRESOLVED,ALL5_LEVELS_bet23_to_bet27,19.3152,19.3152,19.3152,19.3152,19.3152,4.000000,4.000000,4.000000,4.000000,4.000000,96.000000,96.000000,96.000000,96.000000,96.000000,5.0,96.5761,89.1529,386.3044,393.7276,PENDING_AG03,FALSE,NOT_FOR_ENFORCEMENT,463.5653,1919.5017,482.8805,463.5653,19.3152,0.22640840,0.21735206,19.3152,463.5653,0.21735206,19.3152,19.3152,19.3152,19.3152,19.3152,463.5653,0.21735206,96.5761,89.1529,386.3044,393.7276,0.18112672,0.18460723,0.00905634,19.9326,18.6867,4.5129,120.7201,28.4047,533.1964,26.7500,,19.9326,7.2056,14.4113,34.551,36.7452,72.0565,73.4619,14.4113,-3.6028,5.0,5.097521,1.383121,11,16,15,2,0E-8,0.22640840,,0E-8,0.000000,0.937497,0.000000,,2026-04-29,2026-05-08,4,17,14,10,0.400000,,,0.000000,,,,,,,,GLOBAL_BASELINE_NO_ENTITY_RANKING,,,NOT_APPLICABLE_GLOBAL_BASELINE,HF9g-P5,,,,X 全窗基线 · 不参与实体赏罚,8394655,840,A168_HF9F_20260827_0900,2026-08-27 09:00:00
2026-04-30,149328930,-1,1,144.1129845800,-144.1129845800,-144.1129845800,0E-7,3,3,0.50218230000000000,0.502182300000,-1.7396270863184011,-1.7396270863184016,-1.7396270863184011,0E-17,SENTINEL_DEALER,R03b_20260811_FULL_v1,L1_ELIGIBILITY,v2026-08-11,2026-03-21..2026-08-06,baccarat_bet02_101_all_pairs_incl_sentinel,round_win = game_pnl > 0 (decisive only),COMPATIBILITY_ONLY_NOT_PRODUCTION,2132.7855,1999.4810,482.8805,107,107,-0.22640840,,-0.22640840,-0.22640840,-482.8805,2132.7855,OK,0.0000,19.3152,4.0000,96.0000,AG03-UNRESOLVED,ALL5_LEVELS_bet23_to_bet27,19.3152,19.3152,19.3152,19.3152,19.3152,4.000000,4.000000,4.000000,4.000000,4.000000,96.000000,96.000000,96.000000,96.000000,96.000000,5.0,96.5761,89.1529,386.3044,393.7276,PENDING_AG03,FALSE,NOT_FOR_ENFORCEMENT,463.5653,1919.5017,482.8805,463.5653,19.3152,0.22640840,0.21735206,19.3152,463.5653,0.21735206,19.3152,19.3152,19.3152,19.3152,19.3152,463.5653,0.21735206,96.5761,89.1529,386.3044,393.7276,0.18112672,0.18460723,0.00905634,19.9326,18.6867,4.5129,120.7201,28.4047,533.1964,26.7500,,19.9326,7.2056,14.4113,34.551,36.7452,72.0565,73.4619,14.4113,-3.6028,5.0,5.097521,1.383121,11,16,15,2,0E-8,0.22640840,,0E-8,0.000000,0.937497,0.000000,,2026-04-29,2026-05-08,4,17,14,10,0.400000,,,0.000000,,,,,,,,GLOBAL_BASELINE_NO_ENTITY_RANKING,,,NOT_APPLICABLE_GLOBAL_BASELINE,HF9g-P5,,,,X 全窗基线 · 不参与实体赏罚,8394656,840,A168_HF9F_20260827_0900,2026-08-27 09:00:00
2026-04-30,149328930,1291,0,196.7142239517,-95.8351347457,-95.8351347457,0.3000000,10,10,0.49324550000000000,0.493245500000,-1.222303391200897,-1.222303391200897,-1.222303391200897,0E-17,ELIGIBLE,R03b_20260811_FULL_v1,L1_ELIGIBILITY,v2026-08-11,2026-03-21..2026-08-06,baccarat_bet02_101_all_pairs_incl_sentinel,round_win = game_pnl > 0 (decisive only),COMPATIBILITY_ONLY_NOT_PRODUCTION,2132.7855,1999.4810,482.8805,107,107,-0.22640840,,-0.22640840,-0.22640840,-482.8805,2132.7855,OK,0.0000,19.3152,4.0000,96.0000,AG03-UNRESOLVED,ALL5_LEVELS_bet23_to_bet27,19.3152,19.3152,19.3152,19.3152,19.3152,4.000000,4.000000,4.000000,4.000000,4.000000,96.000000,96.000000,96.000000,96.000000,96.000000,5.0,96.5761,89.1529,386.3044,393.7276,PENDING_AG03,FALSE,NOT_FOR_ENFORCEMENT,463.5653,1919.5017,482.8805,463.5653,19.3152,0.22640840,0.21735206,19.3152,463.5653,0.21735206,19.3152,19.3152,19.3152,19.3152,19.3152,463.5653,0.21735206,96.5761,89.1529,386.3044,393.7276,0.18112672,0.18460723,0.00905634,19.9326,18.6867,4.5129,120.7201,28.4047,533.1964,26.7500,,19.9326,7.2056,14.4113,34.551,36.7452,72.0565,73.4619,14.4113,-3.6028,5.0,5.097521,1.383121,11,16,15,2,0E-8,0.22640840,,0E-8,0.000000,0.937497,0.000000,,2026-04-29,2026-05-08,4,17,14,10,0.400000,,,0.000000,,,,,,,,GLOBAL_BASELINE_NO_ENTITY_RANKING,,,NOT_APPLICABLE_GLOBAL_BASELINE,HF9g-P5,,,,X 全窗基线 · 不参与实体赏罚,8394657,840,A168_HF9F_20260827_0900,2026-08-27 09:00:00
2026-04-30,149328930,1384,0,25.2197723015,13.6186770428,13.6186770428,0.7500000,5,5,0.50396966000000000,0.503969660000,0.9841523774297893,0.9841523774297894,0.9841523774297893,0E-17,ELIGIBLE,R03b_20260811_FULL_v1,L1_ELIGIBILITY,v2026-08-11,2026-03-21..2026-08-06,baccarat_bet02_101_all_pairs_incl_sentinel,round_win = game_pnl > 0 (decisive only),COMPATIBILITY_ONLY_NOT_PRODUCTION,2132.7855,1999.4810,482.8805,107,107,-0.22640840,,-0.22640840,-0.22640840,-482.8805,2132.7855,OK,0.0000,19.3152,4.0000,96.0000,AG03-UNRESOLVED,ALL5_LEVELS_bet23_to_bet27,19.3152,19.3152,19.3152,19.3152,19.3152,4.000000,4.000000,4.000000,4.000000,4.000000,96.000000,96.000000,96.000000,96.000000,96.000000,5.0,96.5761,89.1529,386.3044,393.7276,PENDING_AG03,FALSE,NOT_FOR_ENFORCEMENT,463.5653,1919.5017,482.8805,463.5653,19.3152,0.22640840,0.21735206,19.3152,463.5653,0.21735206,19.3152,19.3152,19.3152,19.3152,19.3152,463.5653,0.21735206,96.5761,89.1529,386.3044,393.7276,0.18112672,0.18460723,0.00905634,19.9326,18.6867,4.5129,120.7201,28.4047,533.1964,26.7500,,19.9326,7.2056,14.4113,34.551,36.7452,72.0565,73.4619,14.4113,-3.6028,5.0,5.097521,1.383121,11,16,15,2,0E-8,0.22640840,,0E-8,0.000000,0.937497,0.000000,,2026-04-29,2026-05-08,4,17,14,10,0.400000,,,0.000000,,,,,,,,GLOBAL_BASELINE_NO_ENTITY_RANKING,,,NOT_APPLICABLE_GLOBAL_BASELINE,HF9g-P5,,,,X 全窗基线 · 不参与实体赏罚,8394658,840,A168_HF9F_20260827_0900,2026-08-27 09:00:00
2026-04-30,149328930,1400,0,475.5728491140,-157.4434356539,-157.4434356539,0.3461538,29,29,0.50433945862068966,0.504339458621,-1.6132438082895617,-1.6132438082927356,-1.6132438082895617,-3.1034E-13,ELIGIBLE,R03b_20260811_FULL_v1,L1_ELIGIBILITY,v2026-08-11,2026-03-21..2026-08-06,baccarat_bet02_101_all_pairs_incl_sentinel,round_win = game_pnl > 0 (decisive only),COMPATIBILITY_ONLY_NOT_PRODUCTION,2132.7855,1999.4810,482.8805,107,107,-0.22640840,,-0.22640840,-0.22640840,-482.8805,2132.7855,OK,0.0000,19.3152,4.0000,96.0000,AG03-UNRESOLVED,ALL5_LEVELS_bet23_to_bet27,19.3152,19.3152,19.3152,19.3152,19.3152,4.000000,4.000000,4.000000,4.000000,4.000000,96.000000,96.000000,96.000000,96.000000,96.000000,5.0,96.5761,89.1529,386.3044,393.7276,PENDING_AG03,FALSE,NOT_FOR_ENFORCEMENT,463.5653,1919.5017,482.8805,463.5653,19.3152,0.22640840,0.21735206,19.3152,463.5653,0.21735206,19.3152,19.3152,19.3152,19.3152,19.3152,463.5653,0.21735206,96.5761,89.1529,386.3044,393.7276,0.18112672,0.18460723,0.00905634,19.9326,18.6867,4.5129,120.7201,28.4047,533.1964,26.7500,,19.9326,7.2056,14.4113,34.551,36.7452,72.0565,73.4619,14.4113,-3.6028,5.0,5.097521,1.383121,11,16,15,2,0E-8,0.22640840,,0E-8,0.000000,0.937497,0.000000,,2026-04-29,2026-05-08,4,17,14,10,0.400000,,,0.000000,,,,,,,,GLOBAL_BASELINE_NO_ENTITY_RANKING,,,NOT_APPLICABLE_GLOBAL_BASELINE,HF9g-P5,,,,X 全窗基线 · 不参与实体赏罚,8394659,840,A168_HF9F_20260827_0900,2026-08-27 09:00:00
2026-04-30,149328930,1935,0,108.8053033579,0.3602824614,0.3602824614,0.3750000,10,10,0.49994810000000000,0.499948100000,-0.7068131942587571,-0.7068131942587571,-0.7068131942587571,0E-17,ELIGIBLE,R03b_20260811_FULL_v1,L1_ELIGIBILITY,v2026-08-11,2026-03-21..2026-08-06,baccarat_bet02_101_all_pairs_incl_sentinel,round_win = game_pnl > 0 (decisive only),COMPATIBILITY_ONLY_NOT_PRODUCTION,2132.7855,1999.4810,482.8805,107,107,-0.22640840,,-0.22640840,-0.22640840,-482.8805,2132.7855,OK,0.0000,19.3152,4.0000,96.0000,AG03-UNRESOLVED,ALL5_LEVELS_bet23_to_bet27,19.3152,19.3152,19.3152,19.3152,19.3152,4.000000,4.000000,4.000000,4.000000,4.000000,96.000000,96.000000,96.000000,96.000000,96.000000,5.0,96.5761,89.1529,386.3044,393.7276,PENDING_AG03,FALSE,NOT_FOR_ENFORCEMENT,463.5653,1919.5017,482.8805,463.5653,19.3152,0.22640840,0.21735206,19.3152,463.5653,0.21735206,19.3152,19.3152,19.3152,19.3152,19.3152,463.5653,0.21735206,96.5761,89.1529,386.3044,393.7276,0.18112672,0.18460723,0.00905634,19.9326,18.6867,4.5129,120.7201,28.4047,533.1964,26.7500,,19.9326,7.2056,14.4113,34.551,36.7452,72.0565,73.4619,14.4113,-3.6028,5.0,5.097521,1.383121,11,16,15,2,0E-8,0.22640840,,0E-8,0.000000,0.937497,0.000000,,2026-04-29,2026-05-08,4,17,14,10,0.400000,,,0.000000,,,,,,,,GLOBAL_BASELINE_NO_ENTITY_RANKING,,,NOT_APPLICABLE_GLOBAL_BASELINE,HF9g-P5,,,,X 全窗基线 · 不参与实体赏罚,8394660,840,A168_HF9F_20260827_0900,2026-08-27 09:00:00
2026-04-30,149328930,2167,0,59.8068886007,-42.9456694048,-42.9456694048,0.3333333,3,3,0.50665070000000000,0.506650700000,-0.6004420894325239,-0.6004420894325239,-0.6004420894325239,0E-17,ELIGIBLE,R03b_20260811_FULL_v1,L1_ELIGIBILITY,v2026-08-11,2026-03-21..2026-08-06,baccarat_bet02_101_all_pairs_incl_sentinel,round_win = game_pnl > 0 (decisive only),COMPATIBILITY_ONLY_NOT_PRODUCTION,2132.7855,1999.4810,482.8805,107,107,-0.22640840,,-0.22640840,-0.22640840,-482.8805,2132.7855,OK,0.0000,19.3152,4.0000,96.0000,AG03-UNRESOLVED,ALL5_LEVELS_bet23_to_bet27,19.3152,19.3152,19.3152,19.3152,19.3152,4.000000,4.000000,4.000000,4.000000,4.000000,96.000000,96.000000,96.000000,96.000000,96.000000,5.0,96.5761,89.1529,386.3044,393.7276,PENDING_AG03,FALSE,NOT_FOR_ENFORCEMENT,463.5653,1919.5017,482.8805,463.5653,19.3152,0.22640840,0.21735206,19.3152,463.5653,0.21735206,19.3152,19.3152,19.3152,19.3152,19.3152,463.5653,0.21735206,96.5761,89.1529,386.3044,393.7276,0.18112672,0.18460723,0.00905634,19.9326,18.6867,4.5129,120.7201,28.4047,533.1964,26.7500,,19.9326,7.2056,14.4113,34.551,36.7452,72.0565,73.4619,14.4113,-3.6028,5.0,5.097521,1.383121,11,16,15,2,0E-8,0.22640840,,0E-8,0.000000,0.937497,0.000000,,2026-04-29,2026-05-08,4,17,14,10,0.400000,,,0.000000,,,,,,,,GLOBAL_BASELINE_NO_ENTITY_RANKING,,,NOT_APPLICABLE_GLOBAL_BASELINE,HF9g-P5,,,,X 全窗基线 · 不参与实体赏罚,8394661,840,A168_HF9F_20260827_0900,2026-08-27 09:00:00
2026-04-30,149328930,2235,0,7.2056492290,0E-10,0E-10,0.5000000,2,2,0.49994810000000000,0.499948100000,0.00014679536856514622,0.00014679536856514622,0.00014679536856514622,0E-17,ELIGIBLE,R03b_20260811_FULL_v1,L1_ELIGIBILITY,v2026-08-11,2026-03-21..2026-08-06,baccarat_bet02_101_all_pairs_incl_sentinel,round_win = game_pnl > 0 (decisive only),COMPATIBILITY_ONLY_NOT_PRODUCTION,2132.7855,1999.4810,482.8805,107,107,-0.22640840,,-0.22640840,-0.22640840,-482.8805,2132.7855,OK,0.0000,19.3152,4.0000,96.0000,AG03-UNRESOLVED,ALL5_LEVELS_bet23_to_bet27,19.3152,19.3152,19.3152,19.3152,19.3152,4.000000,4.000000,4.000000,4.000000,4.000000,96.000000,96.000000,96.000000,96.000000,96.000000,5.0,96.5761,89.1529,386.3044,393.7276,PENDING_AG03,FALSE,NOT_FOR_ENFORCEMENT,463.5653,1919.5017,482.8805,463.5653,19.3152,0.22640840,0.21735206,19.3152,463.5653,0.21735206,19.3152,19.3152,19.3152,19.3152,19.3152,463.5653,0.21735206,96.5761,89.1529,386.3044,393.7276,0.18112672,0.18460723,0.00905634,19.9326,18.6867,4.5129,120.7201,28.4047,533.1964,26.7500,,19.9326,7.2056,14.4113,34.551,36.7452,72.0565,73.4619,14.4113,-3.6028,5.0,5.097521,1.383121,11,16,15,2,0E-8,0.22640840,,0E-8,0.000000,0.937497,0.000000,,2026-04-29,2026-05-08,4,17,14,10,0.400000,,,0.000000,,,,,,,,GLOBAL_BASELINE_NO_ENTITY_RANKING,,,NOT_APPLICABLE_GLOBAL_BASELINE,HF9g-P5,,,,X 全窗基线 · 不参与实体赏罚,8394662,840,A168_HF9F_20260827_0900,2026-08-27 09:00:00
2026-04-30,149328930,970,0,164.2888024212,142.0233463034,142.0233463034,0.8333333,6,6,0.50665070000000000,0.506650700000,1.6005531159783741,1.6005531159783741,1.6005531159783741,0E-17,ELIGIBLE,R03b_20260811_FULL_v1,L1_ELIGIBILITY,v2026-08-11,2026-03-21..2026-08-06,baccarat_bet02_101_all_pairs_incl_sentinel,round_win = game_pnl > 0 (decisive only),COMPATIBILITY_ONLY_NOT_PRODUCTION,2132.7855,1999.4810,482.8805,107,107,-0.22640840,,-0.22640840,-0.22640840,-482.8805,2132.7855,OK,0.0000,19.3152,4.0000,96.0000,AG03-UNRESOLVED,ALL5_LEVELS_bet23_to_bet27,19.3152,19.3152,19.3152,19.3152,19.3152,4.000000,4.000000,4.000000,4.000000,4.000000,96.000000,96.000000,96.000000,96.000000,96.000000,5.0,96.5761,89.1529,386.3044,393.7276,PENDING_AG03,FALSE,NOT_FOR_ENFORCEMENT,463.5653,1919.5017,482.8805,463.5653,19.3152,0.22640840,0.21735206,19.3152,463.5653,0.21735206,19.3152,19.3152,19.3152,19.3152,19.3152,463.5653,0.21735206,96.5761,89.1529,386.3044,393.7276,0.18112672,0.18460723,0.00905634,19.9326,18.6867,4.5129,120.7201,28.4047,533.1964,26.7500,,19.9326,7.2056,14.4113,34.551,36.7452,72.0565,73.4619,14.4113,-3.6028,5.0,5.097521,1.383121,11,16,15,2,0E-8,0.22640840,,0E-8,0.000000,0.937497,0.000000,,2026-04-29,2026-05-08,4,17,14,10,0.400000,,,0.000000,,,,,,,,GLOBAL_BASELINE_NO_ENTITY_RANKING,,,NOT_APPLICABLE_GLOBAL_BASELINE,HF9g-P5,,,,X 全窗基线 · 不参与实体赏罚,8394663,840,A168_HF9F_20260827_0900,2026-08-27 09:00:00
2026-05-01,149328930,1115,0,7.2056492290,-7.2056492290,-7.2056492290,0E-7,1,1,0.49324550000000000,0.493245500000,-0.9865810262130424,-0.9865810262130424,-0.9865810262130424,0E-17,ELIGIBLE,R03b_20260811_FULL_v1,L1_ELIGIBILITY,v2026-08-11,2026-03-21..2026-08-06,baccarat_bet02_101_all_pairs_incl_sentinel,round_win = game_pnl > 0 (decisive only),COMPATIBILITY_ONLY_NOT_PRODUCTION,2132.7855,1999.4810,482.8805,107,107,-0.22640840,,-0.22640840,-0.22640840,-482.8805,2132.7855,OK,0.0000,19.3152,4.0000,96.0000,AG03-UNRESOLVED,ALL5_LEVELS_bet23_to_bet27,19.3152,19.3152,19.3152,19.3152,19.3152,4.000000,4.000000,4.000000,4.000000,4.000000,96.000000,96.000000,96.000000,96.000000,96.000000,5.0,96.5761,89.1529,386.3044,393.7276,PENDING_AG03,FALSE,NOT_FOR_ENFORCEMENT,463.5653,1919.5017,482.8805,463.5653,19.3152,0.22640840,0.21735206,19.3152,463.5653,0.21735206,19.3152,19.3152,19.3152,19.3152,19.3152,463.5653,0.21735206,96.5761,89.1529,386.3044,393.7276,0.18112672,0.18460723,0.00905634,19.9326,18.6867,4.5129,120.7201,28.4047,533.1964,26.7500,,19.9326,7.2056,14.4113,34.551,36.7452,72.0565,73.4619,14.4113,-3.6028,5.0,5.097521,1.383121,11,16,15,2,0E-8,0.22640840,,0E-8,0.000000,0.937497,0.000000,,2026-04-29,2026-05-08,4,17,14,10,0.400000,,,0.000000,,,,,,,,GLOBAL_BASELINE_NO_ENTITY_RANKING,,,NOT_APPLICABLE_GLOBAL_BASELINE,HF9g-P5,,,,X 全窗基线 · 不参与实体赏罚,8394664,840,A168_HF9F_20260827_0900,2026-08-27 09:00:00
2026-05-01,149328930,2174,0,57.6451938320,-1.4411298458,-1.4411298458,0.3333333,3,3,0.50218230000000000,0.502182300000,-0.5849155494134425,-0.5849155494134426,-0.5849155494134425,0E-17,ELIGIBLE,R03b_20260811_FULL_v1,L1_ELIGIBILITY,v2026-08-11,2026-03-21..2026-08-06,baccarat_bet02_101_all_pairs_incl_sentinel,round_win = game_pnl > 0 (decisive only),COMPATIBILITY_ONLY_NOT_PRODUCTION,2132.7855,1999.4810,482.8805,107,107,-0.22640840,,-0.22640840,-0.22640840,-482.8805,2132.7855,OK,0.0000,19.3152,4.0000,96.0000,AG03-UNRESOLVED,ALL5_LEVELS_bet23_to_bet27,19.3152,19.3152,19.3152,19.3152,19.3152,4.000000,4.000000,4.000000,4.000000,4.000000,96.000000,96.000000,96.000000,96.000000,96.000000,5.0,96.5761,89.1529,386.3044,393.7276,PENDING_AG03,FALSE,NOT_FOR_ENFORCEMENT,463.5653,1919.5017,482.8805,463.5653,19.3152,0.22640840,0.21735206,19.3152,463.5653,0.21735206,19.3152,19.3152,19.3152,19.3152,19.3152,463.5653,0.21735206,96.5761,89.1529,386.3044,393.7276,0.18112672,0.18460723,0.00905634,19.9326,18.6867,4.5129,120.7201,28.4047,533.1964,26.7500,,19.9326,7.2056,14.4113,34.551,36.7452,72.0565,73.4619,14.4113,-3.6028,5.0,5.097521,1.383121,11,16,15,2,0E-8,0.22640840,,0E-8,0.000000,0.937497,0.000000,,2026-04-29,2026-05-08,4,17,14,10,0.400000,,,0.000000,,,,,,,,GLOBAL_BASELINE_NO_ENTITY_RANKING,,,NOT_APPLICABLE_GLOBAL_BASELINE,HF9g-P5,,,,X 全窗基线 · 不参与实体赏罚,8394665,840,A168_HF9F_20260827_0900,2026-08-27 09:00:00
2026-05-01,149328930,2242,0,15.1318633809,-0.7205649229,-0.7205649229,0.5000000,2,2,0.49994810000000000,0.499948100000,0.00014679536856514622,0.00014679536856514622,0.00014679536856514622,0E-17,ELIGIBLE,R03b_20260811_FULL_v1,L1_ELIGIBILITY,v2026-08-11,2026-03-21..2026-08-06,baccarat_bet02_101_all_pairs_incl_sentinel,round_win = game_pnl > 0 (decisive only),COMPATIBILITY_ONLY_NOT_PRODUCTION,2132.7855,1999.4810,482.8805,107,107,-0.22640840,,-0.22640840,-0.22640840,-482.8805,2132.7855,OK,0.0000,19.3152,4.0000,96.0000,AG03-UNRESOLVED,ALL5_LEVELS_bet23_to_bet27,19.3152,19.3152,19.3152,19.3152,19.3152,4.000000,4.000000,4.000000,4.000000,4.000000,96.000000,96.000000,96.000000,96.000000,96.000000,5.0,96.5761,89.1529,386.3044,393.7276,PENDING_AG03,FALSE,NOT_FOR_ENFORCEMENT,463.5653,1919.5017,482.8805,463.5653,19.3152,0.22640840,0.21735206,19.3152,463.5653,0.21735206,19.3152,19.3152,19.3152,19.3152,19.3152,463.5653,0.21735206,96.5761,89.1529,386.3044,393.7276,0.18112672,0.18460723,0.00905634,19.9326,18.6867,4.5129,120.7201,28.4047,533.1964,26.7500,,19.9326,7.2056,14.4113,34.551,36.7452,72.0565,73.4619,14.4113,-3.6028,5.0,5.097521,1.383121,11,16,15,2,0E-8,0.22640840,,0E-8,0.000000,0.937497,0.000000,,2026-04-29,2026-05-08,4,17,14,10,0.400000,,,0.000000,,,,,,,,GLOBAL_BASELINE_NO_ENTITY_RANKING,,,NOT_APPLICABLE_GLOBAL_BASELINE,HF9g-P5,,,,X 全窗基线 · 不参与实体赏罚,8394666,840,A168_HF9F_20260827_0900,2026-08-27 09:00:00
2026-05-01,149328930,462,0,188.7880097998,95.8351347457,95.8351347457,0.5000000,4,4,0.50329940000000000,0.503299400000,-0.01319788734859681,-0.01319788734859681,-0.01319788734859681,0E-17,ELIGIBLE,R03b_20260811_FULL_v1,L1_ELIGIBILITY,v2026-08-11,2026-03-21..2026-08-06,baccarat_bet02_101_all_pairs_incl_sentinel,round_win = game_pnl > 0 (decisive only),COMPATIBILITY_ONLY_NOT_PRODUCTION,2132.7855,1999.4810,482.8805,107,107,-0.22640840,,-0.22640840,-0.22640840,-482.8805,2132.7855,OK,0.0000,19.3152,4.0000,96.0000,AG03-UNRESOLVED,ALL5_LEVELS_bet23_to_bet27,19.3152,19.3152,19.3152,19.3152,19.3152,4.000000,4.000000,4.000000,4.000000,4.000000,96.000000,96.000000,96.000000,96.000000,96.000000,5.0,96.5761,89.1529,386.3044,393.7276,PENDING_AG03,FALSE,NOT_FOR_ENFORCEMENT,463.5653,1919.5017,482.8805,463.5653,19.3152,0.22640840,0.21735206,19.3152,463.5653,0.21735206,19.3152,19.3152,19.3152,19.3152,19.3152,463.5653,0.21735206,96.5761,89.1529,386.3044,393.7276,0.18112672,0.18460723,0.00905634,19.9326,18.6867,4.5129,120.7201,28.4047,533.1964,26.7500,,19.9326,7.2056,14.4113,34.551,36.7452,72.0565,73.4619,14.4113,-3.6028,5.0,5.097521,1.383121,11,16,15,2,0E-8,0.22640840,,0E-8,0.000000,0.937497,0.000000,,2026-04-29,2026-05-08,4,17,14,10,0.400000,,,0.000000,,,,,,,,GLOBAL_BASELINE_NO_ENTITY_RANKING,,,NOT_APPLICABLE_GLOBAL_BASELINE,HF9g-P5,,,,X 全窗基线 · 不参与实体赏罚,8394667,840,A168_HF9F_20260827_0900,2026-08-27 09:00:00
2026-05-08,149328930,1304,0,93.6734399770,-14.4112984580,-14.4112984580,0.6666667,4,4,0.49659680000000000,0.496596800000,0.5891529468324541,0.589152946832454,0.5891529468324541,0E-17,ELIGIBLE,R03b_20260811_FULL_v1,L1_ELIGIBILITY,v2026-08-11,2026-03-21..2026-08-06,baccarat_bet02_101_all_pairs_incl_sentinel,round_win = game_pnl > 0 (decisive only),COMPATIBILITY_ONLY_NOT_PRODUCTION,2132.7855,1999.4810,482.8805,107,107,-0.22640840,,-0.22640840,-0.22640840,-482.8805,2132.7855,OK,0.0000,19.3152,4.0000,96.0000,AG03-UNRESOLVED,ALL5_LEVELS_bet23_to_bet27,19.3152,19.3152,19.3152,19.3152,19.3152,4.000000,4.000000,4.000000,4.000000,4.000000,96.000000,96.000000,96.000000,96.000000,96.000000,5.0,96.5761,89.1529,386.3044,393.7276,PENDING_AG03,FALSE,NOT_FOR_ENFORCEMENT,463.5653,1919.5017,482.8805,463.5653,19.3152,0.22640840,0.21735206,19.3152,463.5653,0.21735206,19.3152,19.3152,19.3152,19.3152,19.3152,463.5653,0.21735206,96.5761,89.1529,386.3044,393.7276,0.18112672,0.18460723,0.00905634,19.9326,18.6867,4.5129,120.7201,28.4047,533.1964,26.7500,,19.9326,7.2056,14.4113,34.551,36.7452,72.0565,73.4619,14.4113,-3.6028,5.0,5.097521,1.383121,11,16,15,2,0E-8,0.22640840,,0E-8,0.000000,0.937497,0.000000,,2026-04-29,2026-05-08,4,17,14,10,0.400000,,,0.000000,,,,,,,,GLOBAL_BASELINE_NO_ENTITY_RANKING,,,NOT_APPLICABLE_GLOBAL_BASELINE,HF9g-P5,,,,X 全窗基线 · 不参与实体赏罚,8394668,840,A168_HF9F_20260827_0900,2026-08-27 09:00:00
2026-05-08,149328930,2103,0,277.4174953165,-121.4872460010,-121.4872460010,0.4166667,13,13,0.50046368461538462,0.500463684615,-0.5805630200858888,-0.5805630200832237,-0.5805630200858888,3.8462E-13,ELIGIBLE,R03b_20260811_FULL_v1,L1_ELIGIBILITY,v2026-08-11,2026-03-21..2026-08-06,baccarat_bet02_101_all_pairs_incl_sentinel,round_win = game_pnl > 0 (decisive only),COMPATIBILITY_ONLY_NOT_PRODUCTION,2132.7855,1999.4810,482.8805,107,107,-0.22640840,,-0.22640840,-0.22640840,-482.8805,2132.7855,OK,0.0000,19.3152,4.0000,96.0000,AG03-UNRESOLVED,ALL5_LEVELS_bet23_to_bet27,19.3152,19.3152,19.3152,19.3152,19.3152,4.000000,4.000000,4.000000,4.000000,4.000000,96.000000,96.000000,96.000000,96.000000,96.000000,5.0,96.5761,89.1529,386.3044,393.7276,PENDING_AG03,FALSE,NOT_FOR_ENFORCEMENT,463.5653,1919.5017,482.8805,463.5653,19.3152,0.22640840,0.21735206,19.3152,463.5653,0.21735206,19.3152,19.3152,19.3152,19.3152,19.3152,463.5653,0.21735206,96.5761,89.1529,386.3044,393.7276,0.18112672,0.18460723,0.00905634,19.9326,18.6867,4.5129,120.7201,28.4047,533.1964,26.7500,,19.9326,7.2056,14.4113,34.551,36.7452,72.0565,73.4619,14.4113,-3.6028,5.0,5.097521,1.383121,11,16,15,2,0E-8,0.22640840,,0E-8,0.000000,0.937497,0.000000,,2026-04-29,2026-05-08,4,17,14,10,0.400000,,,0.000000,,,,,,,,GLOBAL_BASELINE_NO_ENTITY_RANKING,,,NOT_APPLICABLE_GLOBAL_BASELINE,HF9g-P5,,,,X 全窗基线 · 不参与实体赏罚,8394669,840,A168_HF9F_20260827_0900,2026-08-27 09:00:00
2026-05-08,149328930,994,0,14.4112984580,14.4112984580,14.4112984580,1.0000000,2,2,0.49324550000000000,0.493245500000,1.4334489766152358,1.4334489766152358,1.4334489766152358,0E-17,ELIGIBLE,R03b_20260811_FULL_v1,L1_ELIGIBILITY,v2026-08-11,2026-03-21..2026-08-06,baccarat_bet02_101_all_pairs_incl_sentinel,round_win = game_pnl > 0 (decisive only),COMPATIBILITY_ONLY_NOT_PRODUCTION,2132.7855,1999.4810,482.8805,107,107,-0.22640840,,-0.22640840,-0.22640840,-482.8805,2132.7855,OK,0.0000,19.3152,4.0000,96.0000,AG03-UNRESOLVED,ALL5_LEVELS_bet23_to_bet27,19.3152,19.3152,19.3152,19.3152,19.3152,4.000000,4.000000,4.000000,4.000000,4.000000,96.000000,96.000000,96.000000,96.000000,96.000000,5.0,96.5761,89.1529,386.3044,393.7276,PENDING_AG03,FALSE,NOT_FOR_ENFORCEMENT,463.5653,1919.5017,482.8805,463.5653,19.3152,0.22640840,0.21735206,19.3152,463.5653,0.21735206,19.3152,19.3152,19.3152,19.3152,19.3152,463.5653,0.21735206,96.5761,89.1529,386.3044,393.7276,0.18112672,0.18460723,0.00905634,19.9326,18.6867,4.5129,120.7201,28.4047,533.1964,26.7500,,19.9326,7.2056,14.4113,34.551,36.7452,72.0565,73.4619,14.4113,-3.6028,5.0,5.097521,1.383121,11,16,15,2,0E-8,0.22640840,,0E-8,0.000000,0.937497,0.000000,,2026-04-29,2026-05-08,4,17,14,10,0.400000,,,0.000000,,,,,,,,GLOBAL_BASELINE_NO_ENTITY_RANKING,,,NOT_APPLICABLE_GLOBAL_BASELINE,HF9g-P5,,,,X 全窗基线 · 不参与实体赏罚,8394670,840,A168_HF9F_20260827_0900,2026-08-27 09:00:00
2026-04-21,148943476,1384,0,33.5209664158,-33.5209664158,-33.5209664158,0E-7,1,1,0.50665070000000000,0.506650700000,-1.013391052207602,-1.013391052207602,-1.013391052207602,0E-17,ELIGIBLE,R03b_20260811_FULL_v1,L1_ELIGIBILITY,v2026-08-11,2026-03-21..2026-08-06,baccarat_bet02_101_all_pairs_incl_sentinel,round_win = game_pnl > 0 (decisive only),COMPATIBILITY_ONLY_NOT_PRODUCTION,9372.3779,8503.7843,482.8917,2071,2071,-0.05152285,,-0.05152285,-0.05152285,-482.8917,9372.3779,OK,0.0000,19.3157,4.0000,96.0000,AG03-UNRESOLVED,ALL5_LEVELS_bet23_to_bet27,19.3157,19.3157,24.1446,0.0000,0.0000,4.000000,4.000000,5.000000,0.000000,0.000000,96.000000,96.000000,95.000000,100.000000,100.000000,5.0,62.7759,60.1104,420.1157,422.7813,PENDING_AG03,FALSE,NOT_FOR_ENFORCEMENT,463.5760,8163.6329,482.8917,463.5760,19.3157,0.05152285,0.04946194,19.3157,463.5760,0.04946194,19.3157,19.3157,24.1446,0.0000,0.0000,463.5760,0.04946194,62.7759,60.1104,420.1157,422.7813,0.04482488,0.04510929,0.00206091,4.5255,4.1061,0.2332,160.9639,5.5505,3124.1260,690.3333,,4.5255,4.2165,4.2165,4.2165,4.2165,4.2165,4.2165,4.2165,0.0,1.0,1.0,1.073298,27,34,2,2,0E-8,0.05152285,,0E-8,0.000000,0.907324,0.000000,,2026-04-21,2026-04-24,3,87,29,4,0.750000,,,0.000000,,,,,,,,GLOBAL_BASELINE_NO_ENTITY_RANKING,,,NOT_APPLICABLE_GLOBAL_BASELINE,HF9g-P5,,,,X 全窗基线 · 不参与实体赏罚,8394671,840,A168_HF9F_20260827_0900,2026-08-27 09:00:00
2026-04-22,148943476,-1,1,3727.3628064920,-144.6250500762,-144.6250500762,0.4820322,884,884,0.49679393529411765,0.496793935294,-0.8387114507331217,-0.8387114507264384,-0.8387114507331217,1.1765E-13,SENTINEL_DEALER,R03b_20260811_FULL_v1,L1_ELIGIBILITY,v2026-08-11,2026-03-21..2026-08-06,baccarat_bet02_101_all_pairs_incl_sentinel,round_win = game_pnl > 0 (decisive only),COMPATIBILITY_ONLY_NOT_PRODUCTION,9372.3779,8503.7843,482.8917,2071,2071,-0.05152285,,-0.05152285,-0.05152285,-482.8917,9372.3779,OK,0.0000,19.3157,4.0000,96.0000,AG03-UNRESOLVED,ALL5_LEVELS_bet23_to_bet27,19.3157,19.3157,24.1446,0.0000,0.0000,4.000000,4.000000,5.000000,0.000000,0.000000,96.000000,96.000000,95.000000,100.000000,100.000000,5.0,62.7759,60.1104,420.1157,422.7813,PENDING_AG03,FALSE,NOT_FOR_ENFORCEMENT,463.5760,8163.6329,482.8917,463.5760,19.3157,0.05152285,0.04946194,19.3157,463.5760,0.04946194,19.3157,19.3157,24.1446,0.0000,0.0000,463.5760,0.04946194,62.7759,60.1104,420.1157,422.7813,0.04482488,0.04510929,0.00206091,4.5255,4.1061,0.2332,160.9639,5.5505,3124.1260,690.3333,,4.5255,4.2165,4.2165,4.2165,4.2165,4.2165,4.2165,4.2165,0.0,1.0,1.0,1.073298,27,34,2,2,0E-8,0.05152285,,0E-8,0.000000,0.907324,0.000000,,2026-04-21,2026-04-24,3,87,29,4,0.750000,,,0.000000,,,,,,,,GLOBAL_BASELINE_NO_ENTITY_RANKING,,,NOT_APPLICABLE_GLOBAL_BASELINE,HF9g-P5,,,,X 全窗基线 · 不参与实体赏罚,8394672,840,A168_HF9F_20260827_0900,2026-08-27 09:00:00
2026-04-22,148943476,1017,0,96.9788965490,-8.4329475260,-8.4329475260,0.4545455,23,23,0.49324550000000000,0.493245500000,-0.3630717367632922,-0.36307173676329224,-0.3630717367632922,0E-17,ELIGIBLE,R03b_20260811_FULL_v1,L1_ELIGIBILITY,v2026-08-11,2026-03-21..2026-08-06,baccarat_bet02_101_all_pairs_incl_sentinel,round_win = game_pnl > 0 (decisive only),COMPATIBILITY_ONLY_NOT_PRODUCTION,9372.3779,8503.7843,482.8917,2071,2071,-0.05152285,,-0.05152285,-0.05152285,-482.8917,9372.3779,OK,0.0000,19.3157,4.0000,96.0000,AG03-UNRESOLVED,ALL5_LEVELS_bet23_to_bet27,19.3157,19.3157,24.1446,0.0000,0.0000,4.000000,4.000000,5.000000,0.000000,0.000000,96.000000,96.000000,95.000000,100.000000,100.000000,5.0,62.7759,60.1104,420.1157,422.7813,PENDING_AG03,FALSE,NOT_FOR_ENFORCEMENT,463.5760,8163.6329,482.8917,463.5760,19.3157,0.05152285,0.04946194,19.3157,463.5760,0.04946194,19.3157,19.3157,24.1446,0.0000,0.0000,463.5760,0.04946194,62.7759,60.1104,420.1157,422.7813,0.04482488,0.04510929,0.00206091,4.5255,4.1061,0.2332,160.9639,5.5505,3124.1260,690.3333,,4.5255,4.2165,4.2165,4.2165,4.2165,4.2165,4.2165,4.2165,0.0,1.0,1.0,1.073298,27,34,2,2,0E-8,0.05152285,,0E-8,0.000000,0.907324,0.000000,,2026-04-21,2026-04-24,3,87,29,4,0.750000,,,0.000000,,,,,,,,GLOBAL_BASELINE_NO_ENTITY_RANKING,,,NOT_APPLICABLE_GLOBAL_BASELINE,HF9g-P5,,,,X 全窗基线 · 不参与实体赏罚,8394673,840,A168_HF9F_20260827_0900,2026-08-27 09:00:00
2026-04-22,148943476,1094,0,101.1953703120,6.1138869558,6.1138869558,0.5500000,24,24,0.50665070000000000,0.506650700000,0.3877622306765429,0.3877622306765429,0.3877622306765429,0E-17,ELIGIBLE,R03b_20260811_FULL_v1,L1_ELIGIBILITY,v2026-08-11,2026-03-21..2026-08-06,baccarat_bet02_101_all_pairs_incl_sentinel,round_win = game_pnl > 0 (decisive only),COMPATIBILITY_ONLY_NOT_PRODUCTION,9372.3779,8503.7843,482.8917,2071,2071,-0.05152285,,-0.05152285,-0.05152285,-482.8917,9372.3779,OK,0.0000,19.3157,4.0000,96.0000,AG03-UNRESOLVED,ALL5_LEVELS_bet23_to_bet27,19.3157,19.3157,24.1446,0.0000,0.0000,4.000000,4.000000,5.000000,0.000000,0.000000,96.000000,96.000000,95.000000,100.000000,100.000000,5.0,62.7759,60.1104,420.1157,422.7813,PENDING_AG03,FALSE,NOT_FOR_ENFORCEMENT,463.5760,8163.6329,482.8917,463.5760,19.3157,0.05152285,0.04946194,19.3157,463.5760,0.04946194,19.3157,19.3157,24.1446,0.0000,0.0000,463.5760,0.04946194,62.7759,60.1104,420.1157,422.7813,0.04482488,0.04510929,0.00206091,4.5255,4.1061,0.2332,160.9639,5.5505,3124.1260,690.3333,,4.5255,4.2165,4.2165,4.2165,4.2165,4.2165,4.2165,4.2165,0.0,1.0,1.0,1.073298,27,34,2,2,0E-8,0.05152285,,0E-8,0.000000,0.907324,0.000000,,2026-04-21,2026-04-24,3,87,29,4,0.750000,,,0.000000,,,,,,,,GLOBAL_BASELINE_NO_ENTITY_RANKING,,,NOT_APPLICABLE_GLOBAL_BASELINE,HF9g-P5,,,,X 全窗基线 · 不参与实体赏罚,8394674,840,A168_HF9F_20260827_0900,2026-08-27 09:00:00
2026-04-22,148943476,1151,0,71.6800539710,6.5355343322,6.5355343322,0.5625000,17,17,0.50665070000000000,0.506650700000,0.4468339302960246,0.4468339302960246,0.4468339302960246,0E-17,ELIGIBLE,R03b_20260811_FULL_v1,L1_ELIGIBILITY,v2026-08-11,2026-03-21..2026-08-06,baccarat_bet02_101_all_pairs_incl_sentinel,round_win = game_pnl > 0 (decisive only),COMPATIBILITY_ONLY_NOT_PRODUCTION,9372.3779,8503.7843,482.8917,2071,2071,-0.05152285,,-0.05152285,-0.05152285,-482.8917,9372.3779,OK,0.0000,19.3157,4.0000,96.0000,AG03-UNRESOLVED,ALL5_LEVELS_bet23_to_bet27,19.3157,19.3157,24.1446,0.0000,0.0000,4.000000,4.000000,5.000000,0.000000,0.000000,96.000000,96.000000,95.000000,100.000000,100.000000,5.0,62.7759,60.1104,420.1157,422.7813,PENDING_AG03,FALSE,NOT_FOR_ENFORCEMENT,463.5760,8163.6329,482.8917,463.5760,19.3157,0.05152285,0.04946194,19.3157,463.5760,0.04946194,19.3157,19.3157,24.1446,0.0000,0.0000,463.5760,0.04946194,62.7759,60.1104,420.1157,422.7813,0.04482488,0.04510929,0.00206091,4.5255,4.1061,0.2332,160.9639,5.5505,3124.1260,690.3333,,4.5255,4.2165,4.2165,4.2165,4.2165,4.2165,4.2165,4.2165,0.0,1.0,1.0,1.073298,27,34,2,2,0E-8,0.05152285,,0E-8,0.000000,0.907324,0.000000,,2026-04-21,2026-04-24,3,87,29,4,0.750000,,,0.000000,,,,,,,,GLOBAL_BASELINE_NO_ENTITY_RANKING,,,NOT_APPLICABLE_GLOBAL_BASELINE,HF9g-P5,,,,X 全窗基线 · 不参与实体赏罚,8394675,840,A168_HF9F_20260827_0900,2026-08-27 09:00:00
2026-04-22,148943476,1157,0,269.8543208320,-53.5492167908,-53.5492167908,0.3928571,64,64,0.50078592500000000,0.500785925000,-1.6153320953131172,-1.6153320953131174,-1.6153320953131172,0E-17,ELIGIBLE,R03b_20260811_FULL_v1,L1_ELIGIBILITY,v2026-08-11,2026-03-21..2026-08-06,baccarat_bet02_101_all_pairs_incl_sentinel,round_win = game_pnl > 0 (decisive only),COMPATIBILITY_ONLY_NOT_PRODUCTION,9372.3779,8503.7843,482.8917,2071,2071,-0.05152285,,-0.05152285,-0.05152285,-482.8917,9372.3779,OK,0.0000,19.3157,4.0000,96.0000,AG03-UNRESOLVED,ALL5_LEVELS_bet23_to_bet27,19.3157,19.3157,24.1446,0.0000,0.0000,4.000000,4.000000,5.000000,0.000000,0.000000,96.000000,96.000000,95.000000,100.000000,100.000000,5.0,62.7759,60.1104,420.1157,422.7813,PENDING_AG03,FALSE,NOT_FOR_ENFORCEMENT,463.5760,8163.6329,482.8917,463.5760,19.3157,0.05152285,0.04946194,19.3157,463.5760,0.04946194,19.3157,19.3157,24.1446,0.0000,0.0000,463.5760,0.04946194,62.7759,60.1104,420.1157,422.7813,0.04482488,0.04510929,0.00206091,4.5255,4.1061,0.2332,160.9639,5.5505,3124.1260,690.3333,,4.5255,4.2165,4.2165,4.2165,4.2165,4.2165,4.2165,4.2165,0.0,1.0,1.0,1.073298,27,34,2,2,0E-8,0.05152285,,0E-8,0.000000,0.907324,0.000000,,2026-04-21,2026-04-24,3,87,29,4,0.750000,,,0.000000,,,,,,,,GLOBAL_BASELINE_NO_ENTITY_RANKING,,,NOT_APPLICABLE_GLOBAL_BASELINE,HF9g-P5,,,,X 全窗基线 · 不参与实体赏罚,8394676,840,A168_HF9F_20260827_0900,2026-08-27 09:00:00
2026-04-22,148943476,1210,0,192.4820272805,-65.9878143907,-65.9878143907,0.4000000,5,5,0.49592654000000000,0.495926540000,-0.42901076602576227,-0.42901076602576227,-0.42901076602576227,0E-17,ELIGIBLE,R03b_20260811_FULL_v1,L1_ELIGIBILITY,v2026-08-11,2026-03-21..2026-08-06,baccarat_bet02_101_all_pairs_incl_sentinel,round_win = game_pnl > 0 (decisive only),COMPATIBILITY_ONLY_NOT_PRODUCTION,9372.3779,8503.7843,482.8917,2071,2071,-0.05152285,,-0.05152285,-0.05152285,-482.8917,9372.3779,OK,0.0000,19.3157,4.0000,96.0000,AG03-UNRESOLVED,ALL5_LEVELS_bet23_to_bet27,19.3157,19.3157,24.1446,0.0000,0.0000,4.000000,4.000000,5.000000,0.000000,0.000000,96.000000,96.000000,95.000000,100.000000,100.000000,5.0,62.7759,60.1104,420.1157,422.7813,PENDING_AG03,FALSE,NOT_FOR_ENFORCEMENT,463.5760,8163.6329,482.8917,463.5760,19.3157,0.05152285,0.04946194,19.3157,463.5760,0.04946194,19.3157,19.3157,24.1446,0.0000,0.0000,463.5760,0.04946194,62.7759,60.1104,420.1157,422.7813,0.04482488,0.04510929,0.00206091,4.5255,4.1061,0.2332,160.9639,5.5505,3124.1260,690.3333,,4.5255,4.2165,4.2165,4.2165,4.2165,4.2165,4.2165,4.2165,0.0,1.0,1.0,1.073298,27,34,2,2,0E-8,0.05152285,,0E-8,0.000000,0.907324,0.000000,,2026-04-21,2026-04-24,3,87,29,4,0.750000,,,0.000000,,,,,,,,GLOBAL_BASELINE_NO_ENTITY_RANKING,,,NOT_APPLICABLE_GLOBAL_BASELINE,HF9g-P5,,,,X 全窗基线 · 不参与实体赏罚,8394677,840,A168_HF9F_20260827_0900,2026-08-27 09:00:00
2026-04-22,148943476,1304,0,67.4635802080,29.5153163410,29.5153163410,0.7333333,16,16,0.49324550000000000,0.493245500000,1.8598820758025305,1.8598820758025305,1.8598820758025305,0E-17,ELIGIBLE,R03b_20260811_FULL_v1,L1_ELIGIBILITY,v2026-08-11,2026-03-21..2026-08-06,baccarat_bet02_101_all_pairs_incl_sentinel,round_win = game_pnl > 0 (decisive only),COMPATIBILITY_ONLY_NOT_PRODUCTION,9372.3779,8503.7843,482.8917,2071,2071,-0.05152285,,-0.05152285,-0.05152285,-482.8917,9372.3779,OK,0.0000,19.3157,4.0000,96.0000,AG03-UNRESOLVED,ALL5_LEVELS_bet23_to_bet27,19.3157,19.3157,24.1446,0.0000,0.0000,4.000000,4.000000,5.000000,0.000000,0.000000,96.000000,96.000000,95.000000,100.000000,100.000000,5.0,62.7759,60.1104,420.1157,422.7813,PENDING_AG03,FALSE,NOT_FOR_ENFORCEMENT,463.5760,8163.6329,482.8917,463.5760,19.3157,0.05152285,0.04946194,19.3157,463.5760,0.04946194,19.3157,19.3157,24.1446,0.0000,0.0000,463.5760,0.04946194,62.7759,60.1104,420.1157,422.7813,0.04482488,0.04510929,0.00206091,4.5255,4.1061,0.2332,160.9639,5.5505,3124.1260,690.3333,,4.5255,4.2165,4.2165,4.2165,4.2165,4.2165,4.2165,4.2165,0.0,1.0,1.0,1.073298,27,34,2,2,0E-8,0.05152285,,0E-8,0.000000,0.907324,0.000000,,2026-04-21,2026-04-24,3,87,29,4,0.750000,,,0.000000,,,,,,,,GLOBAL_BASELINE_NO_ENTITY_RANKING,,,NOT_APPLICABLE_GLOBAL_BASELINE,HF9g-P5,,,,X 全窗基线 · 不参与实体赏罚,8394678,840,A168_HF9F_20260827_0900,2026-08-27 09:00:00
2026-04-22,148943476,1330,0,265.6378470690,-33.7317901040,-33.7317901040,0.4310345,63,63,0.49324550000000000,0.493245500000,-0.9476564583094894,-0.9476564583094894,-0.9476564583094894,0E-17,ELIGIBLE,R03b_20260811_FULL_v1,L1_ELIGIBILITY,v2026-08-11,2026-03-21..2026-08-06,baccarat_bet02_101_all_pairs_incl_sentinel,round_win = game_pnl > 0 (decisive only),COMPATIBILITY_ONLY_NOT_PRODUCTION,9372.3779,8503.7843,482.8917,2071,2071,-0.05152285,,-0.05152285,-0.05152285,-482.8917,9372.3779,OK,0.0000,19.3157,4.0000,96.0000,AG03-UNRESOLVED,ALL5_LEVELS_bet23_to_bet27,19.3157,19.3157,24.1446,0.0000,0.0000,4.000000,4.000000,5.000000,0.000000,0.000000,96.000000,96.000000,95.000000,100.000000,100.000000,5.0,62.7759,60.1104,420.1157,422.7813,PENDING_AG03,FALSE,NOT_FOR_ENFORCEMENT,463.5760,8163.6329,482.8917,463.5760,19.3157,0.05152285,0.04946194,19.3157,463.5760,0.04946194,19.3157,19.3157,24.1446,0.0000,0.0000,463.5760,0.04946194,62.7759,60.1104,420.1157,422.7813,0.04482488,0.04510929,0.00206091,4.5255,4.1061,0.2332,160.9639,5.5505,3124.1260,690.3333,,4.5255,4.2165,4.2165,4.2165,4.2165,4.2165,4.2165,4.2165,0.0,1.0,1.0,1.073298,27,34,2,2,0E-8,0.05152285,,0E-8,0.000000,0.907324,0.000000,,2026-04-21,2026-04-24,3,87,29,4,0.750000,,,0.000000,,,,,,,,GLOBAL_BASELINE_NO_ENTITY_RANKING,,,NOT_APPLICABLE_GLOBAL_BASELINE,HF9g-P5,,,,X 全窗基线 · 不参与实体赏罚,8394679,840,A168_HF9F_20260827_0900,2026-08-27 09:00:00
2026-04-22,148943476,1374,0,236.1225307280,-8.4329475260,-8.4329475260,0.4807692,56,56,0.49324550000000000,0.493245500000,-0.1799517344745575,-0.17995173447455748,-0.1799517344745575,0E-17,ELIGIBLE,R03b_20260811_FULL_v1,L1_ELIGIBILITY,v2026-08-11,2026-03-21..2026-08-06,baccarat_bet02_101_all_pairs_incl_sentinel,round_win = game_pnl > 0 (decisive only),COMPATIBILITY_ONLY_NOT_PRODUCTION,9372.3779,8503.7843,482.8917,2071,2071,-0.05152285,,-0.05152285,-0.05152285,-482.8917,9372.3779,OK,0.0000,19.3157,4.0000,96.0000,AG03-UNRESOLVED,ALL5_LEVELS_bet23_to_bet27,19.3157,19.3157,24.1446,0.0000,0.0000,4.000000,4.000000,5.000000,0.000000,0.000000,96.000000,96.000000,95.000000,100.000000,100.000000,5.0,62.7759,60.1104,420.1157,422.7813,PENDING_AG03,FALSE,NOT_FOR_ENFORCEMENT,463.5760,8163.6329,482.8917,463.5760,19.3157,0.05152285,0.04946194,19.3157,463.5760,0.04946194,19.3157,19.3157,24.1446,0.0000,0.0000,463.5760,0.04946194,62.7759,60.1104,420.1157,422.7813,0.04482488,0.04510929,0.00206091,4.5255,4.1061,0.2332,160.9639,5.5505,3124.1260,690.3333,,4.5255,4.2165,4.2165,4.2165,4.2165,4.2165,4.2165,4.2165,0.0,1.0,1.0,1.073298,27,34,2,2,0E-8,0.05152285,,0E-8,0.000000,0.907324,0.000000,,2026-04-21,2026-04-24,3,87,29,4,0.750000,,,0.000000,,,,,,,,GLOBAL_BASELINE_NO_ENTITY_RANKING,,,NOT_APPLICABLE_GLOBAL_BASELINE,HF9g-P5,,,,X 全窗基线 · 不参与实体赏罚,8394680,840,A168_HF9F_20260827_0900,2026-08-27 09:00:00
2026-04-22,148943476,1384,0,231.9060569650,-29.9369637184,-29.9369637184,0.4400000,55,55,0.50665070000000000,0.506650700000,-0.9426666342093359,-0.942666634209336,-0.9426666342093359,0E-17,ELIGIBLE,R03b_20260811_FULL_v1,L1_ELIGIBILITY,v2026-08-11,2026-03-21..2026-08-06,baccarat_bet02_101_all_pairs_incl_sentinel,round_win = game_pnl > 0 (decisive only),COMPATIBILITY_ONLY_NOT_PRODUCTION,9372.3779,8503.7843,482.8917,2071,2071,-0.05152285,,-0.05152285,-0.05152285,-482.8917,9372.3779,OK,0.0000,19.3157,4.0000,96.0000,AG03-UNRESOLVED,ALL5_LEVELS_bet23_to_bet27,19.3157,19.3157,24.1446,0.0000,0.0000,4.000000,4.000000,5.000000,0.000000,0.000000,96.000000,96.000000,95.000000,100.000000,100.000000,5.0,62.7759,60.1104,420.1157,422.7813,PENDING_AG03,FALSE,NOT_FOR_ENFORCEMENT,463.5760,8163.6329,482.8917,463.5760,19.3157,0.05152285,0.04946194,19.3157,463.5760,0.04946194,19.3157,19.3157,24.1446,0.0000,0.0000,463.5760,0.04946194,62.7759,60.1104,420.1157,422.7813,0.04482488,0.04510929,0.00206091,4.5255,4.1061,0.2332,160.9639,5.5505,3124.1260,690.3333,,4.5255,4.2165,4.2165,4.2165,4.2165,4.2165,4.2165,4.2165,0.0,1.0,1.0,1.073298,27,34,2,2,0E-8,0.05152285,,0E-8,0.000000,0.907324,0.000000,,2026-04-21,2026-04-24,3,87,29,4,0.750000,,,0.000000,,,,,,,,GLOBAL_BASELINE_NO_ENTITY_RANKING,,,NOT_APPLICABLE_GLOBAL_BASELINE,HF9g-P5,,,,X 全窗基线 · 不参与实体赏罚,8394681,840,A168_HF9F_20260827_0900,2026-08-27 09:00:00
2026-04-22,148943476,1703,0,105.4118440750,-14.9684818592,-14.9684818592,0.4400000,25,25,0.50665070000000000,0.506650700000,-0.6665659694477203,-0.6665659694477203,-0.6665659694477203,0E-17,ELIGIBLE,R03b_20260811_FULL_v1,L1_ELIGIBILITY,v2026-08-11,2026-03-21..2026-08-06,baccarat_bet02_101_all_pairs_incl_sentinel,round_win = game_pnl > 0 (decisive only),COMPATIBILITY_ONLY_NOT_PRODUCTION,9372.3779,8503.7843,482.8917,2071,2071,-0.05152285,,-0.05152285,-0.05152285,-482.8917,9372.3779,OK,0.0000,19.3157,4.0000,96.0000,AG03-UNRESOLVED,ALL5_LEVELS_bet23_to_bet27,19.3157,19.3157,24.1446,0.0000,0.0000,4.000000,4.000000,5.000000,0.000000,0.000000,96.000000,96.000000,95.000000,100.000000,100.000000,5.0,62.7759,60.1104,420.1157,422.7813,PENDING_AG03,FALSE,NOT_FOR_ENFORCEMENT,463.5760,8163.6329,482.8917,463.5760,19.3157,0.05152285,0.04946194,19.3157,463.5760,0.04946194,19.3157,19.3157,24.1446,0.0000,0.0000,463.5760,0.04946194,62.7759,60.1104,420.1157,422.7813,0.04482488,0.04510929,0.00206091,4.5255,4.1061,0.2332,160.9639,5.5505,3124.1260,690.3333,,4.5255,4.2165,4.2165,4.2165,4.2165,4.2165,4.2165,4.2165,0.0,1.0,1.0,1.073298,27,34,2,2,0E-8,0.05152285,,0E-8,0.000000,0.907324,0.000000,,2026-04-21,2026-04-24,3,87,29,4,0.750000,,,0.000000,,,,,,,,GLOBAL_BASELINE_NO_ENTITY_RANKING,,,NOT_APPLICABLE_GLOBAL_BASELINE,HF9g-P5,,,,X 全窗基线 · 不参与实体赏罚,8394682,840,A168_HF9F_20260827_0900,2026-08-27 09:00:00
2026-04-22,148943476,1942,0,80.1130014970,2.3190605692,2.3190605692,0.5294118,19,19,0.50665070000000000,0.506650700000,0.18770915403375243,0.18770915403375243,0.18770915403375243,0E-17,ELIGIBLE,R03b_20260811_FULL_v1,L1_ELIGIBILITY,v2026-08-11,2026-03-21..2026-08-06,baccarat_bet02_101_all_pairs_incl_sentinel,round_win = game_pnl > 0 (decisive only),COMPATIBILITY_ONLY_NOT_PRODUCTION,9372.3779,8503.7843,482.8917,2071,2071,-0.05152285,,-0.05152285,-0.05152285,-482.8917,9372.3779,OK,0.0000,19.3157,4.0000,96.0000,AG03-UNRESOLVED,ALL5_LEVELS_bet23_to_bet27,19.3157,19.3157,24.1446,0.0000,0.0000,4.000000,4.000000,5.000000,0.000000,0.000000,96.000000,96.000000,95.000000,100.000000,100.000000,5.0,62.7759,60.1104,420.1157,422.7813,PENDING_AG03,FALSE,NOT_FOR_ENFORCEMENT,463.5760,8163.6329,482.8917,463.5760,19.3157,0.05152285,0.04946194,19.3157,463.5760,0.04946194,19.3157,19.3157,24.1446,0.0000,0.0000,463.5760,0.04946194,62.7759,60.1104,420.1157,422.7813,0.04482488,0.04510929,0.00206091,4.5255,4.1061,0.2332,160.9639,5.5505,3124.1260,690.3333,,4.5255,4.2165,4.2165,4.2165,4.2165,4.2165,4.2165,4.2165,0.0,1.0,1.0,1.073298,27,34,2,2,0E-8,0.05152285,,0E-8,0.000000,0.907324,0.000000,,2026-04-21,2026-04-24,3,87,29,4,0.750000,,,0.000000,,,,,,,,GLOBAL_BASELINE_NO_ENTITY_RANKING,,,NOT_APPLICABLE_GLOBAL_BASELINE,HF9g-P5,,,,X 全窗基线 · 不参与实体赏罚,8394683,840,A168_HF9F_20260827_0900,2026-08-27 09:00:00
2026-04-22,148943476,1966,0,156.0095292310,-20.0282503750,-20.0282503750,0.4411765,37,37,0.50665070000000000,0.506650700000,-0.7636217198347707,-0.7636217198347707,-0.7636217198347707,0E-17,ELIGIBLE,R03b_20260811_FULL_v1,L1_ELIGIBILITY,v2026-08-11,2026-03-21..2026-08-06,baccarat_bet02_101_all_pairs_incl_sentinel,round_win = game_pnl > 0 (decisive only),COMPATIBILITY_ONLY_NOT_PRODUCTION,9372.3779,8503.7843,482.8917,2071,2071,-0.05152285,,-0.05152285,-0.05152285,-482.8917,9372.3779,OK,0.0000,19.3157,4.0000,96.0000,AG03-UNRESOLVED,ALL5_LEVELS_bet23_to_bet27,19.3157,19.3157,24.1446,0.0000,0.0000,4.000000,4.000000,5.000000,0.000000,0.000000,96.000000,96.000000,95.000000,100.000000,100.000000,5.0,62.7759,60.1104,420.1157,422.7813,PENDING_AG03,FALSE,NOT_FOR_ENFORCEMENT,463.5760,8163.6329,482.8917,463.5760,19.3157,0.05152285,0.04946194,19.3157,463.5760,0.04946194,19.3157,19.3157,24.1446,0.0000,0.0000,463.5760,0.04946194,62.7759,60.1104,420.1157,422.7813,0.04482488,0.04510929,0.00206091,4.5255,4.1061,0.2332,160.9639,5.5505,3124.1260,690.3333,,4.5255,4.2165,4.2165,4.2165,4.2165,4.2165,4.2165,4.2165,0.0,1.0,1.0,1.073298,27,34,2,2,0E-8,0.05152285,,0E-8,0.000000,0.907324,0.000000,,2026-04-21,2026-04-24,3,87,29,4,0.750000,,,0.000000,,,,,,,,GLOBAL_BASELINE_NO_ENTITY_RANKING,,,NOT_APPLICABLE_GLOBAL_BASELINE,HF9g-P5,,,,X 全窗基线 · 不参与实体赏罚,8394684,840,A168_HF9F_20260827_0900,2026-08-27 09:00:00
2026-04-22,148943476,1991,0,67.4635802080,-16.8658950520,-16.8658950520,0.3571429,16,16,0.49324550000000000,0.493245500000,-1.0185918652364025,-1.0185918652364025,-1.0185918652364025,0E-17,ELIGIBLE,R03b_20260811_FULL_v1,L1_ELIGIBILITY,v2026-08-11,2026-03-21..2026-08-06,baccarat_bet02_101_all_pairs_incl_sentinel,round_win = game_pnl > 0 (decisive only),COMPATIBILITY_ONLY_NOT_PRODUCTION,9372.3779,8503.7843,482.8917,2071,2071,-0.05152285,,-0.05152285,-0.05152285,-482.8917,9372.3779,OK,0.0000,19.3157,4.0000,96.0000,AG03-UNRESOLVED,ALL5_LEVELS_bet23_to_bet27,19.3157,19.3157,24.1446,0.0000,0.0000,4.000000,4.000000,5.000000,0.000000,0.000000,96.000000,96.000000,95.000000,100.000000,100.000000,5.0,62.7759,60.1104,420.1157,422.7813,PENDING_AG03,FALSE,NOT_FOR_ENFORCEMENT,463.5760,8163.6329,482.8917,463.5760,19.3157,0.05152285,0.04946194,19.3157,463.5760,0.04946194,19.3157,19.3157,24.1446,0.0000,0.0000,463.5760,0.04946194,62.7759,60.1104,420.1157,422.7813,0.04482488,0.04510929,0.00206091,4.5255,4.1061,0.2332,160.9639,5.5505,3124.1260,690.3333,,4.5255,4.2165,4.2165,4.2165,4.2165,4.2165,4.2165,4.2165,0.0,1.0,1.0,1.073298,27,34,2,2,0E-8,0.05152285,,0E-8,0.000000,0.907324,0.000000,,2026-04-21,2026-04-24,3,87,29,4,0.750000,,,0.000000,,,,,,,,GLOBAL_BASELINE_NO_ENTITY_RANKING,,,NOT_APPLICABLE_GLOBAL_BASELINE,HF9g-P5,,,,X 全窗基线 · 不参与实体赏罚,8394685,840,A168_HF9F_20260827_0900,2026-08-27 09:00:00
2026-04-22,148943476,2117,0,139.1436341790,8.4329475260,8.4329475260,0.5357143,33,33,0.49324550000000000,0.493245500000,0.449488398064264,0.44948839806426405,0.449488398064264,0E-17,ELIGIBLE,R03b_20260811_FULL_v1,L1_ELIGIBILITY,v2026-08-11,2026-03-21..2026-08-06,baccarat_bet02_101_all_pairs_incl_sentinel,round_win = game_pnl > 0 (decisive only),COMPATIBILITY_ONLY_NOT_PRODUCTION,9372.3779,8503.7843,482.8917,2071,2071,-0.05152285,,-0.05152285,-0.05152285,-482.8917,9372.3779,OK,0.0000,19.3157,4.0000,96.0000,AG03-UNRESOLVED,ALL5_LEVELS_bet23_to_bet27,19.3157,19.3157,24.1446,0.0000,0.0000,4.000000,4.000000,5.000000,0.000000,0.000000,96.000000,96.000000,95.000000,100.000000,100.000000,5.0,62.7759,60.1104,420.1157,422.7813,PENDING_AG03,FALSE,NOT_FOR_ENFORCEMENT,463.5760,8163.6329,482.8917,463.5760,19.3157,0.05152285,0.04946194,19.3157,463.5760,0.04946194,19.3157,19.3157,24.1446,0.0000,0.0000,463.5760,0.04946194,62.7759,60.1104,420.1157,422.7813,0.04482488,0.04510929,0.00206091,4.5255,4.1061,0.2332,160.9639,5.5505,3124.1260,690.3333,,4.5255,4.2165,4.2165,4.2165,4.2165,4.2165,4.2165,4.2165,0.0,1.0,1.0,1.073298,27,34,2,2,0E-8,0.05152285,,0E-8,0.000000,0.907324,0.000000,,2026-04-21,2026-04-24,3,87,29,4,0.750000,,,0.000000,,,,,,,,GLOBAL_BASELINE_NO_ENTITY_RANKING,,,NOT_APPLICABLE_GLOBAL_BASELINE,HF9g-P5,,,,X 全窗基线 · 不参与实体赏罚,8394686,840,A168_HF9F_20260827_0900,2026-08-27 09:00:00
2026-04-22,148943476,2127,0,177.0918980460,-10.5411844080,-10.5411844080,0.4736842,42,42,0.50186312857142857,0.501863128571,-0.347415445910384,-0.3474154459050991,-0.347415445910384,4.2857E-13,ELIGIBLE,R03b_20260811_FULL_v1,L1_ELIGIBILITY,v2026-08-11,2026-03-21..2026-08-06,baccarat_bet02_101_all_pairs_incl_sentinel,round_win = game_pnl > 0 (decisive only),COMPATIBILITY_ONLY_NOT_PRODUCTION,9372.3779,8503.7843,482.8917,2071,2071,-0.05152285,,-0.05152285,-0.05152285,-482.8917,9372.3779,OK,0.0000,19.3157,4.0000,96.0000,AG03-UNRESOLVED,ALL5_LEVELS_bet23_to_bet27,19.3157,19.3157,24.1446,0.0000,0.0000,4.000000,4.000000,5.000000,0.000000,0.000000,96.000000,96.000000,95.000000,100.000000,100.000000,5.0,62.7759,60.1104,420.1157,422.7813,PENDING_AG03,FALSE,NOT_FOR_ENFORCEMENT,463.5760,8163.6329,482.8917,463.5760,19.3157,0.05152285,0.04946194,19.3157,463.5760,0.04946194,19.3157,19.3157,24.1446,0.0000,0.0000,463.5760,0.04946194,62.7759,60.1104,420.1157,422.7813,0.04482488,0.04510929,0.00206091,4.5255,4.1061,0.2332,160.9639,5.5505,3124.1260,690.3333,,4.5255,4.2165,4.2165,4.2165,4.2165,4.2165,4.2165,4.2165,0.0,1.0,1.0,1.073298,27,34,2,2,0E-8,0.05152285,,0E-8,0.000000,0.907324,0.000000,,2026-04-21,2026-04-24,3,87,29,4,0.750000,,,0.000000,,,,,,,,GLOBAL_BASELINE_NO_ENTITY_RANKING,,,NOT_APPLICABLE_GLOBAL_BASELINE,HF9g-P5,,,,X 全窗基线 · 不参与实体赏罚,8394687,840,A168_HF9F_20260827_0900,2026-08-27 09:00:00
2026-04-22,148943476,2129,0,59.0306326820,-9.6978896552,-9.6978896552,0.4285714,14,14,0.50665070000000000,0.506650700000,-0.5843434608144066,-0.5843434608144067,-0.5843434608144066,0E-17,ELIGIBLE,R03b_20260811_FULL_v1,L1_ELIGIBILITY,v2026-08-11,2026-03-21..2026-08-06,baccarat_bet02_101_all_pairs_incl_sentinel,round_win = game_pnl > 0 (decisive only),COMPATIBILITY_ONLY_NOT_PRODUCTION,9372.3779,8503.7843,482.8917,2071,2071,-0.05152285,,-0.05152285,-0.05152285,-482.8917,9372.3779,OK,0.0000,19.3157,4.0000,96.0000,AG03-UNRESOLVED,ALL5_LEVELS_bet23_to_bet27,19.3157,19.3157,24.1446,0.0000,0.0000,4.000000,4.000000,5.000000,0.000000,0.000000,96.000000,96.000000,95.000000,100.000000,100.000000,5.0,62.7759,60.1104,420.1157,422.7813,PENDING_AG03,FALSE,NOT_FOR_ENFORCEMENT,463.5760,8163.6329,482.8917,463.5760,19.3157,0.05152285,0.04946194,19.3157,463.5760,0.04946194,19.3157,19.3157,24.1446,0.0000,0.0000,463.5760,0.04946194,62.7759,60.1104,420.1157,422.7813,0.04482488,0.04510929,0.00206091,4.5255,4.1061,0.2332,160.9639,5.5505,3124.1260,690.3333,,4.5255,4.2165,4.2165,4.2165,4.2165,4.2165,4.2165,4.2165,0.0,1.0,1.0,1.073298,27,34,2,2,0E-8,0.05152285,,0E-8,0.000000,0.907324,0.000000,,2026-04-21,2026-04-24,3,87,29,4,0.750000,,,0.000000,,,,,,,,GLOBAL_BASELINE_NO_ENTITY_RANKING,,,NOT_APPLICABLE_GLOBAL_BASELINE,HF9g-P5,,,,X 全窗基线 · 不参与实体赏罚,8394688,840,A168_HF9F_20260827_0900,2026-08-27 09:00:00
2026-04-22,148943476,2156,0,139.1436341790,0.8432947518,0.8432947518,0.5161290,33,33,0.50665070000000000,0.506650700000,0.10555557937285923,0.10555557937285923,0.10555557937285923,0E-17,ELIGIBLE,R03b_20260811_FULL_v1,L1_ELIGIBILITY,v2026-08-11,2026-03-21..2026-08-06,baccarat_bet02_101_all_pairs_incl_sentinel,round_win = game_pnl > 0 (decisive only),COMPATIBILITY_ONLY_NOT_PRODUCTION,9372.3779,8503.7843,482.8917,2071,2071,-0.05152285,,-0.05152285,-0.05152285,-482.8917,9372.3779,OK,0.0000,19.3157,4.0000,96.0000,AG03-UNRESOLVED,ALL5_LEVELS_bet23_to_bet27,19.3157,19.3157,24.1446,0.0000,0.0000,4.000000,4.000000,5.000000,0.000000,0.000000,96.000000,96.000000,95.000000,100.000000,100.000000,5.0,62.7759,60.1104,420.1157,422.7813,PENDING_AG03,FALSE,NOT_FOR_ENFORCEMENT,463.5760,8163.6329,482.8917,463.5760,19.3157,0.05152285,0.04946194,19.3157,463.5760,0.04946194,19.3157,19.3157,24.1446,0.0000,0.0000,463.5760,0.04946194,62.7759,60.1104,420.1157,422.7813,0.04482488,0.04510929,0.00206091,4.5255,4.1061,0.2332,160.9639,5.5505,3124.1260,690.3333,,4.5255,4.2165,4.2165,4.2165,4.2165,4.2165,4.2165,4.2165,0.0,1.0,1.0,1.073298,27,34,2,2,0E-8,0.05152285,,0E-8,0.000000,0.907324,0.000000,,2026-04-21,2026-04-24,3,87,29,4,0.750000,,,0.000000,,,,,,,,GLOBAL_BASELINE_NO_ENTITY_RANKING,,,NOT_APPLICABLE_GLOBAL_BASELINE,HF9g-P5,,,,X 全窗基线 · 不参与实体赏罚,8394689,840,A168_HF9F_20260827_0900,2026-08-27 09:00:00
2026-04-22,148943476,2169,0,231.9060569650,-1.0541184420,-1.0541184420,0.5102041,55,55,0.50665070000000000,0.506650700000,0.049751744271282296,0.0497517442712823,0.049751744271282296,0E-17,ELIGIBLE,R03b_20260811_FULL_v1,L1_ELIGIBILITY,v2026-08-11,2026-03-21..2026-08-06,baccarat_bet02_101_all_pairs_incl_sentinel,round_win = game_pnl > 0 (decisive only),COMPATIBILITY_ONLY_NOT_PRODUCTION,9372.3779,8503.7843,482.8917,2071,2071,-0.05152285,,-0.05152285,-0.05152285,-482.8917,9372.3779,OK,0.0000,19.3157,4.0000,96.0000,AG03-UNRESOLVED,ALL5_LEVELS_bet23_to_bet27,19.3157,19.3157,24.1446,0.0000,0.0000,4.000000,4.000000,5.000000,0.000000,0.000000,96.000000,96.000000,95.000000,100.000000,100.000000,5.0,62.7759,60.1104,420.1157,422.7813,PENDING_AG03,FALSE,NOT_FOR_ENFORCEMENT,463.5760,8163.6329,482.8917,463.5760,19.3157,0.05152285,0.04946194,19.3157,463.5760,0.04946194,19.3157,19.3157,24.1446,0.0000,0.0000,463.5760,0.04946194,62.7759,60.1104,420.1157,422.7813,0.04482488,0.04510929,0.00206091,4.5255,4.1061,0.2332,160.9639,5.5505,3124.1260,690.3333,,4.5255,4.2165,4.2165,4.2165,4.2165,4.2165,4.2165,4.2165,0.0,1.0,1.0,1.073298,27,34,2,2,0E-8,0.05152285,,0E-8,0.000000,0.907324,0.000000,,2026-04-21,2026-04-24,3,87,29,4,0.750000,,,0.000000,,,,,,,,GLOBAL_BASELINE_NO_ENTITY_RANKING,,,NOT_APPLICABLE_GLOBAL_BASELINE,HF9g-P5,,,,X 全窗基线 · 不参与实体赏罚,8394690,840,A168_HF9F_20260827_0900,2026-08-27 09:00:00
2026-04-22,148943476,2174,0,290.9366896470,50.5976851560,50.5976851560,0.5937500,69,69,0.49324550000000000,0.493245500000,1.6082187510929746,1.6082187510929746,1.6082187510929746,0E-17,ELIGIBLE,R03b_20260811_FULL_v1,L1_ELIGIBILITY,v2026-08-11,2026-03-21..2026-08-06,baccarat_bet02_101_all_pairs_incl_sentinel,round_win = game_pnl > 0 (decisive only),COMPATIBILITY_ONLY_NOT_PRODUCTION,9372.3779,8503.7843,482.8917,2071,2071,-0.05152285,,-0.05152285,-0.05152285,-482.8917,9372.3779,OK,0.0000,19.3157,4.0000,96.0000,AG03-UNRESOLVED,ALL5_LEVELS_bet23_to_bet27,19.3157,19.3157,24.1446,0.0000,0.0000,4.000000,4.000000,5.000000,0.000000,0.000000,96.000000,96.000000,95.000000,100.000000,100.000000,5.0,62.7759,60.1104,420.1157,422.7813,PENDING_AG03,FALSE,NOT_FOR_ENFORCEMENT,463.5760,8163.6329,482.8917,463.5760,19.3157,0.05152285,0.04946194,19.3157,463.5760,0.04946194,19.3157,19.3157,24.1446,0.0000,0.0000,463.5760,0.04946194,62.7759,60.1104,420.1157,422.7813,0.04482488,0.04510929,0.00206091,4.5255,4.1061,0.2332,160.9639,5.5505,3124.1260,690.3333,,4.5255,4.2165,4.2165,4.2165,4.2165,4.2165,4.2165,4.2165,0.0,1.0,1.0,1.073298,27,34,2,2,0E-8,0.05152285,,0E-8,0.000000,0.907324,0.000000,,2026-04-21,2026-04-24,3,87,29,4,0.750000,,,0.000000,,,,,,,,GLOBAL_BASELINE_NO_ENTITY_RANKING,,,NOT_APPLICABLE_GLOBAL_BASELINE,HF9g-P5,,,,X 全窗基线 · 不参与实体赏罚,8394691,840,A168_HF9F_20260827_0900,2026-08-27 09:00:00
2026-04-22,148943476,2175,0,223.4731094390,-12.6494212890,-12.6494212890,0.4680851,53,53,0.49324550000000000,0.493245500000,-0.34501341921420536,-0.34501341921420536,-0.34501341921420536,0E-17,ELIGIBLE,R03b_20260811_FULL_v1,L1_ELIGIBILITY,v2026-08-11,2026-03-21..2026-08-06,baccarat_bet02_101_all_pairs_incl_sentinel,round_win = game_pnl > 0 (decisive only),COMPATIBILITY_ONLY_NOT_PRODUCTION,9372.3779,8503.7843,482.8917,2071,2071,-0.05152285,,-0.05152285,-0.05152285,-482.8917,9372.3779,OK,0.0000,19.3157,4.0000,96.0000,AG03-UNRESOLVED,ALL5_LEVELS_bet23_to_bet27,19.3157,19.3157,24.1446,0.0000,0.0000,4.000000,4.000000,5.000000,0.000000,0.000000,96.000000,96.000000,95.000000,100.000000,100.000000,5.0,62.7759,60.1104,420.1157,422.7813,PENDING_AG03,FALSE,NOT_FOR_ENFORCEMENT,463.5760,8163.6329,482.8917,463.5760,19.3157,0.05152285,0.04946194,19.3157,463.5760,0.04946194,19.3157,19.3157,24.1446,0.0000,0.0000,463.5760,0.04946194,62.7759,60.1104,420.1157,422.7813,0.04482488,0.04510929,0.00206091,4.5255,4.1061,0.2332,160.9639,5.5505,3124.1260,690.3333,,4.5255,4.2165,4.2165,4.2165,4.2165,4.2165,4.2165,4.2165,0.0,1.0,1.0,1.073298,27,34,2,2,0E-8,0.05152285,,0E-8,0.000000,0.907324,0.000000,,2026-04-21,2026-04-24,3,87,29,4,0.750000,,,0.000000,,,,,,,,GLOBAL_BASELINE_NO_ENTITY_RANKING,,,NOT_APPLICABLE_GLOBAL_BASELINE,HF9g-P5,,,,X 全窗基线 · 不参与实体赏罚,8394692,840,A168_HF9F_20260827_0900,2026-08-27 09:00:00
2026-04-22,148943476,2220,0,244.5554782540,2.9515316338,2.9515316338,0.5094340,58,58,0.49578786551724138,0.495787865517,0.19869721848226743,0.1986972184857829,0.19869721848226743,2.4138E-13,ELIGIBLE,R03b_20260811_FULL_v1,L1_ELIGIBILITY,v2026-08-11,2026-03-21..2026-08-06,baccarat_bet02_101_all_pairs_incl_sentinel,round_win = game_pnl > 0 (decisive only),COMPATIBILITY_ONLY_NOT_PRODUCTION,9372.3779,8503.7843,482.8917,2071,2071,-0.05152285,,-0.05152285,-0.05152285,-482.8917,9372.3779,OK,0.0000,19.3157,4.0000,96.0000,AG03-UNRESOLVED,ALL5_LEVELS_bet23_to_bet27,19.3157,19.3157,24.1446,0.0000,0.0000,4.000000,4.000000,5.000000,0.000000,0.000000,96.000000,96.000000,95.000000,100.000000,100.000000,5.0,62.7759,60.1104,420.1157,422.7813,PENDING_AG03,FALSE,NOT_FOR_ENFORCEMENT,463.5760,8163.6329,482.8917,463.5760,19.3157,0.05152285,0.04946194,19.3157,463.5760,0.04946194,19.3157,19.3157,24.1446,0.0000,0.0000,463.5760,0.04946194,62.7759,60.1104,420.1157,422.7813,0.04482488,0.04510929,0.00206091,4.5255,4.1061,0.2332,160.9639,5.5505,3124.1260,690.3333,,4.5255,4.2165,4.2165,4.2165,4.2165,4.2165,4.2165,4.2165,0.0,1.0,1.0,1.073298,27,34,2,2,0E-8,0.05152285,,0E-8,0.000000,0.907324,0.000000,,2026-04-21,2026-04-24,3,87,29,4,0.750000,,,0.000000,,,,,,,,GLOBAL_BASELINE_NO_ENTITY_RANKING,,,NOT_APPLICABLE_GLOBAL_BASELINE,HF9g-P5,,,,X 全窗基线 · 不参与实体赏罚,8394693,840,A168_HF9F_20260827_0900,2026-08-27 09:00:00
2026-04-22,148943476,2222,0,244.5554782540,-21.5040161914,-21.5040161914,0.4468085,58,58,0.49393887241379310,0.493938872414,-0.6462664489210149,-0.6462664489238488,-0.6462664489210149,-2.0690E-13,ELIGIBLE,R03b_20260811_FULL_v1,L1_ELIGIBILITY,v2026-08-11,2026-03-21..2026-08-06,baccarat_bet02_101_all_pairs_incl_sentinel,round_win = game_pnl > 0 (decisive only),COMPATIBILITY_ONLY_NOT_PRODUCTION,9372.3779,8503.7843,482.8917,2071,2071,-0.05152285,,-0.05152285,-0.05152285,-482.8917,9372.3779,OK,0.0000,19.3157,4.0000,96.0000,AG03-UNRESOLVED,ALL5_LEVELS_bet23_to_bet27,19.3157,19.3157,24.1446,0.0000,0.0000,4.000000,4.000000,5.000000,0.000000,0.000000,96.000000,96.000000,95.000000,100.000000,100.000000,5.0,62.7759,60.1104,420.1157,422.7813,PENDING_AG03,FALSE,NOT_FOR_ENFORCEMENT,463.5760,8163.6329,482.8917,463.5760,19.3157,0.05152285,0.04946194,19.3157,463.5760,0.04946194,19.3157,19.3157,24.1446,0.0000,0.0000,463.5760,0.04946194,62.7759,60.1104,420.1157,422.7813,0.04482488,0.04510929,0.00206091,4.5255,4.1061,0.2332,160.9639,5.5505,3124.1260,690.3333,,4.5255,4.2165,4.2165,4.2165,4.2165,4.2165,4.2165,4.2165,0.0,1.0,1.0,1.073298,27,34,2,2,0E-8,0.05152285,,0E-8,0.000000,0.907324,0.000000,,2026-04-21,2026-04-24,3,87,29,4,0.750000,,,0.000000,,,,,,,,GLOBAL_BASELINE_NO_ENTITY_RANKING,,,NOT_APPLICABLE_GLOBAL_BASELINE,HF9g-P5,,,,X 全窗基线 · 不参与实体赏罚,8394694,840,A168_HF9F_20260827_0900,2026-08-27 09:00:00
2026-04-22,148943476,2241,0,198.1742668610,-47.2245061458,-47.2245061458,0.3720930,47,47,0.49609767021276596,0.496097670213,-1.6263552319034618,-1.6263552319065253,-1.6263552319034618,-2.3404E-13,ELIGIBLE,R03b_20260811_FULL_v1,L1_ELIGIBILITY,v2026-08-11,2026-03-21..2026-08-06,baccarat_bet02_101_all_pairs_incl_sentinel,round_win = game_pnl > 0 (decisive only),COMPATIBILITY_ONLY_NOT_PRODUCTION,9372.3779,8503.7843,482.8917,2071,2071,-0.05152285,,-0.05152285,-0.05152285,-482.8917,9372.3779,OK,0.0000,19.3157,4.0000,96.0000,AG03-UNRESOLVED,ALL5_LEVELS_bet23_to_bet27,19.3157,19.3157,24.1446,0.0000,0.0000,4.000000,4.000000,5.000000,0.000000,0.000000,96.000000,96.000000,95.000000,100.000000,100.000000,5.0,62.7759,60.1104,420.1157,422.7813,PENDING_AG03,FALSE,NOT_FOR_ENFORCEMENT,463.5760,8163.6329,482.8917,463.5760,19.3157,0.05152285,0.04946194,19.3157,463.5760,0.04946194,19.3157,19.3157,24.1446,0.0000,0.0000,463.5760,0.04946194,62.7759,60.1104,420.1157,422.7813,0.04482488,0.04510929,0.00206091,4.5255,4.1061,0.2332,160.9639,5.5505,3124.1260,690.3333,,4.5255,4.2165,4.2165,4.2165,4.2165,4.2165,4.2165,4.2165,0.0,1.0,1.0,1.073298,27,34,2,2,0E-8,0.05152285,,0E-8,0.000000,0.907324,0.000000,,2026-04-21,2026-04-24,3,87,29,4,0.750000,,,0.000000,,,,,,,,GLOBAL_BASELINE_NO_ENTITY_RANKING,,,NOT_APPLICABLE_GLOBAL_BASELINE,HF9g-P5,,,,X 全窗基线 · 不参与实体赏罚,8394695,840,A168_HF9F_20260827_0900,2026-08-27 09:00:00
2026-04-22,148943476,2244,0,177.0918980460,-5.9030632686,-5.9030632686,0.4864865,42,42,0.49930975714285714,0.499309757143,-0.1560019691786183,-0.15600196918035622,-0.1560019691786183,-1.4286E-13,ELIGIBLE,R03b_20260811_FULL_v1,L1_ELIGIBILITY,v2026-08-11,2026-03-21..2026-08-06,baccarat_bet02_101_all_pairs_incl_sentinel,round_win = game_pnl > 0 (decisive only),COMPATIBILITY_ONLY_NOT_PRODUCTION,9372.3779,8503.7843,482.8917,2071,2071,-0.05152285,,-0.05152285,-0.05152285,-482.8917,9372.3779,OK,0.0000,19.3157,4.0000,96.0000,AG03-UNRESOLVED,ALL5_LEVELS_bet23_to_bet27,19.3157,19.3157,24.1446,0.0000,0.0000,4.000000,4.000000,5.000000,0.000000,0.000000,96.000000,96.000000,95.000000,100.000000,100.000000,5.0,62.7759,60.1104,420.1157,422.7813,PENDING_AG03,FALSE,NOT_FOR_ENFORCEMENT,463.5760,8163.6329,482.8917,463.5760,19.3157,0.05152285,0.04946194,19.3157,463.5760,0.04946194,19.3157,19.3157,24.1446,0.0000,0.0000,463.5760,0.04946194,62.7759,60.1104,420.1157,422.7813,0.04482488,0.04510929,0.00206091,4.5255,4.1061,0.2332,160.9639,5.5505,3124.1260,690.3333,,4.5255,4.2165,4.2165,4.2165,4.2165,4.2165,4.2165,4.2165,0.0,1.0,1.0,1.073298,27,34,2,2,0E-8,0.05152285,,0E-8,0.000000,0.907324,0.000000,,2026-04-21,2026-04-24,3,87,29,4,0.750000,,,0.000000,,,,,,,,GLOBAL_BASELINE_NO_ENTITY_RANKING,,,NOT_APPLICABLE_GLOBAL_BASELINE,HF9g-P5,,,,X 全窗基线 · 不参与实体赏罚,8394696,840,A168_HF9F_20260827_0900,2026-08-27 09:00:00
2026-04-22,148943476,2258,0,130.7106866530,-12.6494212890,-12.6494212890,0.4516129,31,31,0.49324550000000000,0.493245500000,-0.46364328507895064,-0.46364328507895064,-0.46364328507895064,0E-17,ELIGIBLE,R03b_20260811_FULL_v1,L1_ELIGIBILITY,v2026-08-11,2026-03-21..2026-08-06,baccarat_bet02_101_all_pairs_incl_sentinel,round_win = game_pnl > 0 (decisive only),COMPATIBILITY_ONLY_NOT_PRODUCTION,9372.3779,8503.7843,482.8917,2071,2071,-0.05152285,,-0.05152285,-0.05152285,-482.8917,9372.3779,OK,0.0000,19.3157,4.0000,96.0000,AG03-UNRESOLVED,ALL5_LEVELS_bet23_to_bet27,19.3157,19.3157,24.1446,0.0000,0.0000,4.000000,4.000000,5.000000,0.000000,0.000000,96.000000,96.000000,95.000000,100.000000,100.000000,5.0,62.7759,60.1104,420.1157,422.7813,PENDING_AG03,FALSE,NOT_FOR_ENFORCEMENT,463.5760,8163.6329,482.8917,463.5760,19.3157,0.05152285,0.04946194,19.3157,463.5760,0.04946194,19.3157,19.3157,24.1446,0.0000,0.0000,463.5760,0.04946194,62.7759,60.1104,420.1157,422.7813,0.04482488,0.04510929,0.00206091,4.5255,4.1061,0.2332,160.9639,5.5505,3124.1260,690.3333,,4.5255,4.2165,4.2165,4.2165,4.2165,4.2165,4.2165,4.2165,0.0,1.0,1.0,1.073298,27,34,2,2,0E-8,0.05152285,,0E-8,0.000000,0.907324,0.000000,,2026-04-21,2026-04-24,3,87,29,4,0.750000,,,0.000000,,,,,,,,GLOBAL_BASELINE_NO_ENTITY_RANKING,,,NOT_APPLICABLE_GLOBAL_BASELINE,HF9g-P5,,,,X 全窗基线 · 不参与实体赏罚,8394697,840,A168_HF9F_20260827_0900,2026-08-27 09:00:00
2026-04-22,148943476,2261,0,96.9788965490,10.1195370306,10.1195370306,0.5714286,23,23,0.50665070000000000,0.506650700000,0.5937515260925516,0.5937515260925516,0.5937515260925516,0E-17,ELIGIBLE,R03b_20260811_FULL_v1,L1_ELIGIBILITY,v2026-08-11,2026-03-21..2026-08-06,baccarat_bet02_101_all_pairs_incl_sentinel,round_win = game_pnl > 0 (decisive only),COMPATIBILITY_ONLY_NOT_PRODUCTION,9372.3779,8503.7843,482.8917,2071,2071,-0.05152285,,-0.05152285,-0.05152285,-482.8917,9372.3779,OK,0.0000,19.3157,4.0000,96.0000,AG03-UNRESOLVED,ALL5_LEVELS_bet23_to_bet27,19.3157,19.3157,24.1446,0.0000,0.0000,4.000000,4.000000,5.000000,0.000000,0.000000,96.000000,96.000000,95.000000,100.000000,100.000000,5.0,62.7759,60.1104,420.1157,422.7813,PENDING_AG03,FALSE,NOT_FOR_ENFORCEMENT,463.5760,8163.6329,482.8917,463.5760,19.3157,0.05152285,0.04946194,19.3157,463.5760,0.04946194,19.3157,19.3157,24.1446,0.0000,0.0000,463.5760,0.04946194,62.7759,60.1104,420.1157,422.7813,0.04482488,0.04510929,0.00206091,4.5255,4.1061,0.2332,160.9639,5.5505,3124.1260,690.3333,,4.5255,4.2165,4.2165,4.2165,4.2165,4.2165,4.2165,4.2165,0.0,1.0,1.0,1.073298,27,34,2,2,0E-8,0.05152285,,0E-8,0.000000,0.907324,0.000000,,2026-04-21,2026-04-24,3,87,29,4,0.750000,,,0.000000,,,,,,,,GLOBAL_BASELINE_NO_ENTITY_RANKING,,,NOT_APPLICABLE_GLOBAL_BASELINE,HF9g-P5,,,,X 全窗基线 · 不参与实体赏罚,8394698,840,A168_HF9F_20260827_0900,2026-08-27 09:00:00
2026-04-22,148943476,2266,0,257.2048995430,28.0395505236,28.0395505236,0.5636364,61,61,0.49654186065573770,0.496541860656,0.9951961058378861,0.9951961058339919,0.9951961058378861,-2.6230E-13,ELIGIBLE,R03b_20260811_FULL_v1,L1_ELIGIBILITY,v2026-08-11,2026-03-21..2026-08-06,baccarat_bet02_101_all_pairs_incl_sentinel,round_win = game_pnl > 0 (decisive only),COMPATIBILITY_ONLY_NOT_PRODUCTION,9372.3779,8503.7843,482.8917,2071,2071,-0.05152285,,-0.05152285,-0.05152285,-482.8917,9372.3779,OK,0.0000,19.3157,4.0000,96.0000,AG03-UNRESOLVED,ALL5_LEVELS_bet23_to_bet27,19.3157,19.3157,24.1446,0.0000,0.0000,4.000000,4.000000,5.000000,0.000000,0.000000,96.000000,96.000000,95.000000,100.000000,100.000000,5.0,62.7759,60.1104,420.1157,422.7813,PENDING_AG03,FALSE,NOT_FOR_ENFORCEMENT,463.5760,8163.6329,482.8917,463.5760,19.3157,0.05152285,0.04946194,19.3157,463.5760,0.04946194,19.3157,19.3157,24.1446,0.0000,0.0000,463.5760,0.04946194,62.7759,60.1104,420.1157,422.7813,0.04482488,0.04510929,0.00206091,4.5255,4.1061,0.2332,160.9639,5.5505,3124.1260,690.3333,,4.5255,4.2165,4.2165,4.2165,4.2165,4.2165,4.2165,4.2165,0.0,1.0,1.0,1.073298,27,34,2,2,0E-8,0.05152285,,0E-8,0.000000,0.907324,0.000000,,2026-04-21,2026-04-24,3,87,29,4,0.750000,,,0.000000,,,,,,,,GLOBAL_BASELINE_NO_ENTITY_RANKING,,,NOT_APPLICABLE_GLOBAL_BASELINE,HF9g-P5,,,,X 全窗基线 · 不参与实体赏罚,8394699,840,A168_HF9F_20260827_0900,2026-08-27 09:00:00
2026-04-22,148943476,462,0,210.8236881500,-13.7035397300,-13.7035397300,0.4666667,50,50,0.49726706000000000,0.497267060000,-0.41055349065125063,-0.4105534906512507,-0.41055349065125063,0E-17,ELIGIBLE,R03b_20260811_FULL_v1,L1_ELIGIBILITY,v2026-08-11,2026-03-21..2026-08-06,baccarat_bet02_101_all_pairs_incl_sentinel,round_win = game_pnl > 0 (decisive only),COMPATIBILITY_ONLY_NOT_PRODUCTION,9372.3779,8503.7843,482.8917,2071,2071,-0.05152285,,-0.05152285,-0.05152285,-482.8917,9372.3779,OK,0.0000,19.3157,4.0000,96.0000,AG03-UNRESOLVED,ALL5_LEVELS_bet23_to_bet27,19.3157,19.3157,24.1446,0.0000,0.0000,4.000000,4.000000,5.000000,0.000000,0.000000,96.000000,96.000000,95.000000,100.000000,100.000000,5.0,62.7759,60.1104,420.1157,422.7813,PENDING_AG03,FALSE,NOT_FOR_ENFORCEMENT,463.5760,8163.6329,482.8917,463.5760,19.3157,0.05152285,0.04946194,19.3157,463.5760,0.04946194,19.3157,19.3157,24.1446,0.0000,0.0000,463.5760,0.04946194,62.7759,60.1104,420.1157,422.7813,0.04482488,0.04510929,0.00206091,4.5255,4.1061,0.2332,160.9639,5.5505,3124.1260,690.3333,,4.5255,4.2165,4.2165,4.2165,4.2165,4.2165,4.2165,4.2165,0.0,1.0,1.0,1.073298,27,34,2,2,0E-8,0.05152285,,0E-8,0.000000,0.907324,0.000000,,2026-04-21,2026-04-24,3,87,29,4,0.750000,,,0.000000,,,,,,,,GLOBAL_BASELINE_NO_ENTITY_RANKING,,,NOT_APPLICABLE_GLOBAL_BASELINE,HF9g-P5,,,,X 全窗基线 · 不参与实体赏罚,8394700,840,A168_HF9F_20260827_0900,2026-08-27 09:00:00
2026-04-22,148943476,583,0,80.1130014970,4.2164737630,4.2164737630,0.5294118,19,19,0.49324550000000000,0.493245500000,0.2982618755388752,0.2982618755388752,0.2982618755388752,0E-17,ELIGIBLE,R03b_20260811_FULL_v1,L1_ELIGIBILITY,v2026-08-11,2026-03-21..2026-08-06,baccarat_bet02_101_all_pairs_incl_sentinel,round_win = game_pnl > 0 (decisive only),COMPATIBILITY_ONLY_NOT_PRODUCTION,9372.3779,8503.7843,482.8917,2071,2071,-0.05152285,,-0.05152285,-0.05152285,-482.8917,9372.3779,OK,0.0000,19.3157,4.0000,96.0000,AG03-UNRESOLVED,ALL5_LEVELS_bet23_to_bet27,19.3157,19.3157,24.1446,0.0000,0.0000,4.000000,4.000000,5.000000,0.000000,0.000000,96.000000,96.000000,95.000000,100.000000,100.000000,5.0,62.7759,60.1104,420.1157,422.7813,PENDING_AG03,FALSE,NOT_FOR_ENFORCEMENT,463.5760,8163.6329,482.8917,463.5760,19.3157,0.05152285,0.04946194,19.3157,463.5760,0.04946194,19.3157,19.3157,24.1446,0.0000,0.0000,463.5760,0.04946194,62.7759,60.1104,420.1157,422.7813,0.04482488,0.04510929,0.00206091,4.5255,4.1061,0.2332,160.9639,5.5505,3124.1260,690.3333,,4.5255,4.2165,4.2165,4.2165,4.2165,4.2165,4.2165,4.2165,0.0,1.0,1.0,1.073298,27,34,2,2,0E-8,0.05152285,,0E-8,0.000000,0.907324,0.000000,,2026-04-21,2026-04-24,3,87,29,4,0.750000,,,0.000000,,,,,,,,GLOBAL_BASELINE_NO_ENTITY_RANKING,,,NOT_APPLICABLE_GLOBAL_BASELINE,HF9g-P5,,,,X 全窗基线 · 不参与实体赏罚,8394701,840,A168_HF9F_20260827_0900,2026-08-27 09:00:00
2026-04-22,148943476,987,0,84.3294752600,-14.3360107946,-14.3360107946,0.4210526,20,20,0.50665070000000000,0.506650700000,-0.7462926826927506,-0.7462926826927506,-0.7462926826927506,0E-17,ELIGIBLE,R03b_20260811_FULL_v1,L1_ELIGIBILITY,v2026-08-11,2026-03-21..2026-08-06,baccarat_bet02_101_all_pairs_incl_sentinel,round_win = game_pnl > 0 (decisive only),COMPATIBILITY_ONLY_NOT_PRODUCTION,9372.3779,8503.7843,482.8917,2071,2071,-0.05152285,,-0.05152285,-0.05152285,-482.8917,9372.3779,OK,0.0000,19.3157,4.0000,96.0000,AG03-UNRESOLVED,ALL5_LEVELS_bet23_to_bet27,19.3157,19.3157,24.1446,0.0000,0.0000,4.000000,4.000000,5.000000,0.000000,0.000000,96.000000,96.000000,95.000000,100.000000,100.000000,5.0,62.7759,60.1104,420.1157,422.7813,PENDING_AG03,FALSE,NOT_FOR_ENFORCEMENT,463.5760,8163.6329,482.8917,463.5760,19.3157,0.05152285,0.04946194,19.3157,463.5760,0.04946194,19.3157,19.3157,24.1446,0.0000,0.0000,463.5760,0.04946194,62.7759,60.1104,420.1157,422.7813,0.04482488,0.04510929,0.00206091,4.5255,4.1061,0.2332,160.9639,5.5505,3124.1260,690.3333,,4.5255,4.2165,4.2165,4.2165,4.2165,4.2165,4.2165,4.2165,0.0,1.0,1.0,1.073298,27,34,2,2,0E-8,0.05152285,,0E-8,0.000000,0.907324,0.000000,,2026-04-21,2026-04-24,3,87,29,4,0.750000,,,0.000000,,,,,,,,GLOBAL_BASELINE_NO_ENTITY_RANKING,,,NOT_APPLICABLE_GLOBAL_BASELINE,HF9g-P5,,,,X 全窗基线 · 不参与实体赏罚,8394702,840,A168_HF9F_20260827_0900,2026-08-27 09:00:00
2026-04-22,148943476,994,0,215.0401619130,-9.0654185916,-9.0654185916,0.4893617,51,51,0.50665070000000000,0.506650700000,-0.23707576910838823,-0.23707576910838823,-0.23707576910838823,0E-17,ELIGIBLE,R03b_20260811_FULL_v1,L1_ELIGIBILITY,v2026-08-11,2026-03-21..2026-08-06,baccarat_bet02_101_all_pairs_incl_sentinel,round_win = game_pnl > 0 (decisive only),COMPATIBILITY_ONLY_NOT_PRODUCTION,9372.3779,8503.7843,482.8917,2071,2071,-0.05152285,,-0.05152285,-0.05152285,-482.8917,9372.3779,OK,0.0000,19.3157,4.0000,96.0000,AG03-UNRESOLVED,ALL5_LEVELS_bet23_to_bet27,19.3157,19.3157,24.1446,0.0000,0.0000,4.000000,4.000000,5.000000,0.000000,0.000000,96.000000,96.000000,95.000000,100.000000,100.000000,5.0,62.7759,60.1104,420.1157,422.7813,PENDING_AG03,FALSE,NOT_FOR_ENFORCEMENT,463.5760,8163.6329,482.8917,463.5760,19.3157,0.05152285,0.04946194,19.3157,463.5760,0.04946194,19.3157,19.3157,24.1446,0.0000,0.0000,463.5760,0.04946194,62.7759,60.1104,420.1157,422.7813,0.04482488,0.04510929,0.00206091,4.5255,4.1061,0.2332,160.9639,5.5505,3124.1260,690.3333,,4.5255,4.2165,4.2165,4.2165,4.2165,4.2165,4.2165,4.2165,0.0,1.0,1.0,1.073298,27,34,2,2,0E-8,0.05152285,,0E-8,0.000000,0.907324,0.000000,,2026-04-21,2026-04-24,3,87,29,4,0.750000,,,0.000000,,,,,,,,GLOBAL_BASELINE_NO_ENTITY_RANKING,,,NOT_APPLICABLE_GLOBAL_BASELINE,HF9g-P5,,,,X 全窗基线 · 不参与实体赏罚,8394703,840,A168_HF9F_20260827_0900,2026-08-27 09:00:00
2026-04-24,148943476,1401,0,68.3068749605,-23.0851938524,-23.0851938524,0.5000000,2,2,0.50665070000000000,0.506650700000,-0.018812684590367487,-0.018812684590367487,-0.018812684590367487,0E-17,ELIGIBLE,R03b_20260811_FULL_v1,L1_ELIGIBILITY,v2026-08-11,2026-03-21..2026-08-06,baccarat_bet02_101_all_pairs_incl_sentinel,round_win = game_pnl > 0 (decisive only),COMPATIBILITY_ONLY_NOT_PRODUCTION,9372.3779,8503.7843,482.8917,2071,2071,-0.05152285,,-0.05152285,-0.05152285,-482.8917,9372.3779,OK,0.0000,19.3157,4.0000,96.0000,AG03-UNRESOLVED,ALL5_LEVELS_bet23_to_bet27,19.3157,19.3157,24.1446,0.0000,0.0000,4.000000,4.000000,5.000000,0.000000,0.000000,96.000000,96.000000,95.000000,100.000000,100.000000,5.0,62.7759,60.1104,420.1157,422.7813,PENDING_AG03,FALSE,NOT_FOR_ENFORCEMENT,463.5760,8163.6329,482.8917,463.5760,19.3157,0.05152285,0.04946194,19.3157,463.5760,0.04946194,19.3157,19.3157,24.1446,0.0000,0.0000,463.5760,0.04946194,62.7759,60.1104,420.1157,422.7813,0.04482488,0.04510929,0.00206091,4.5255,4.1061,0.2332,160.9639,5.5505,3124.1260,690.3333,,4.5255,4.2165,4.2165,4.2165,4.2165,4.2165,4.2165,4.2165,0.0,1.0,1.0,1.073298,27,34,2,2,0E-8,0.05152285,,0E-8,0.000000,0.907324,0.000000,,2026-04-21,2026-04-24,3,87,29,4,0.750000,,,0.000000,,,,,,,,GLOBAL_BASELINE_NO_ENTITY_RANKING,,,NOT_APPLICABLE_GLOBAL_BASELINE,HF9g-P5,,,,X 全窗基线 · 不参与实体赏罚,8394704,840,A168_HF9F_20260827_0900,2026-08-27 09:00:00
2026-04-24,148943476,986,0,400.5650074842,-21.0823688150,-21.0823688150,0.7500000,5,5,0.49592654000000000,0.495926540000,1.0163275685615971,1.0163275685615971,1.0163275685615971,0E-17,ELIGIBLE,R03b_20260811_FULL_v1,L1_ELIGIBILITY,v2026-08-11,2026-03-21..2026-08-06,baccarat_bet02_101_all_pairs_incl_sentinel,round_win = game_pnl > 0 (decisive only),COMPATIBILITY_ONLY_NOT_PRODUCTION,9372.3779,8503.7843,482.8917,2071,2071,-0.05152285,,-0.05152285,-0.05152285,-482.8917,9372.3779,OK,0.0000,19.3157,4.0000,96.0000,AG03-UNRESOLVED,ALL5_LEVELS_bet23_to_bet27,19.3157,19.3157,24.1446,0.0000,0.0000,4.000000,4.000000,5.000000,0.000000,0.000000,96.000000,96.000000,95.000000,100.000000,100.000000,5.0,62.7759,60.1104,420.1157,422.7813,PENDING_AG03,FALSE,NOT_FOR_ENFORCEMENT,463.5760,8163.6329,482.8917,463.5760,19.3157,0.05152285,0.04946194,19.3157,463.5760,0.04946194,19.3157,19.3157,24.1446,0.0000,0.0000,463.5760,0.04946194,62.7759,60.1104,420.1157,422.7813,0.04482488,0.04510929,0.00206091,4.5255,4.1061,0.2332,160.9639,5.5505,3124.1260,690.3333,,4.5255,4.2165,4.2165,4.2165,4.2165,4.2165,4.2165,4.2165,0.0,1.0,1.0,1.073298,27,34,2,2,0E-8,0.05152285,,0E-8,0.000000,0.907324,0.000000,,2026-04-21,2026-04-24,3,87,29,4,0.750000,,,0.000000,,,,,,,,GLOBAL_BASELINE_NO_ENTITY_RANKING,,,NOT_APPLICABLE_GLOBAL_BASELINE,HF9g-P5,,,,X 全窗基线 · 不参与实体赏罚,8394705,840,A168_HF9F_20260827_0900,2026-08-27 09:00:00
2026-04-14,115400105,1307,0,83.0000000000,78.8500000000,78.8500000000,1.0000000,1,1,0.50665070000000000,0.506650700000,0.9867858985152569,0.9867858985152569,0.9867858985152569,0E-17,ELIGIBLE,R03b_20260811_FULL_v1,L1_ELIGIBILITY,v2026-08-11,2026-03-21..2026-08-06,baccarat_bet02_101_all_pairs_incl_sentinel,round_win = game_pnl > 0 (decisive only),COMPATIBILITY_ONLY_NOT_PRODUCTION,3336.0000,2818.5000,482.9000,117,106,-0.14475420,,-0.14475420,-0.14475420,-482.9000,3336.0000,OK,0.0000,19.3160,4.0000,96.0000,AG03-UNRESOLVED,ALL5_LEVELS_bet23_to_bet27,19.3160,19.3160,19.3160,19.3160,19.3160,4.000000,4.000000,4.000000,4.000000,4.000000,96.000000,96.000000,96.000000,96.000000,96.000000,5.0,96.5800,89.1565,386.3200,393.7435,PENDING_AG03,FALSE,NOT_FOR_ENFORCEMENT,463.5840,2705.7600,482.9000,463.5840,19.3160,0.14475420,0.13896403,19.3160,463.5840,0.13896403,19.3160,19.3160,19.3160,19.3160,19.3160,463.5840,0.13896403,96.5800,89.1565,386.3200,393.7435,0.11580336,0.11802862,0.00579017,28.5128,26.5896,4.5557,48.2900,8.9426,333.6000,10.6000,,28.5128,8.0,15.0,30.0,50.8,83.65,243.5702,10.0,0.0,5.576667,16.238016,1.900855,20,39,4,10,0E-8,0.14475420,,0E-8,0.000000,0.844874,0.435897,,2026-04-14,2026-06-27,10,54,51,75,0.133333,,,0.000000,,,,,,,,GLOBAL_BASELINE_NO_ENTITY_RANKING,,,NOT_APPLICABLE_GLOBAL_BASELINE,HF9g-P5,,,,X 全窗基线 · 不参与实体赏罚,8394706,840,A168_HF9F_20260827_0900,2026-08-27 09:00:00
2026-04-14,115400105,1318,0,197.0000000000,3.0000000000,3.0000000000,0.5000000,3,3,0.49771390000000000,0.497713900000,0.006466134837551399,0.0064661348375514,0.006466134837551399,0E-17,ELIGIBLE,R03b_20260811_FULL_v1,L1_ELIGIBILITY,v2026-08-11,2026-03-21..2026-08-06,baccarat_bet02_101_all_pairs_incl_sentinel,round_win = game_pnl > 0 (decisive only),COMPATIBILITY_ONLY_NOT_PRODUCTION,3336.0000,2818.5000,482.9000,117,106,-0.14475420,,-0.14475420,-0.14475420,-482.9000,3336.0000,OK,0.0000,19.3160,4.0000,96.0000,AG03-UNRESOLVED,ALL5_LEVELS_bet23_to_bet27,19.3160,19.3160,19.3160,19.3160,19.3160,4.000000,4.000000,4.000000,4.000000,4.000000,96.000000,96.000000,96.000000,96.000000,96.000000,5.0,96.5800,89.1565,386.3200,393.7435,PENDING_AG03,FALSE,NOT_FOR_ENFORCEMENT,463.5840,2705.7600,482.9000,463.5840,19.3160,0.14475420,0.13896403,19.3160,463.5840,0.13896403,19.3160,19.3160,19.3160,19.3160,19.3160,463.5840,0.13896403,96.5800,89.1565,386.3200,393.7435,0.11580336,0.11802862,0.00579017,28.5128,26.5896,4.5557,48.2900,8.9426,333.6000,10.6000,,28.5128,8.0,15.0,30.0,50.8,83.65,243.5702,10.0,0.0,5.576667,16.238016,1.900855,20,39,4,10,0E-8,0.14475420,,0E-8,0.000000,0.844874,0.435897,,2026-04-14,2026-06-27,10,54,51,75,0.133333,,,0.000000,,,,,,,,GLOBAL_BASELINE_NO_ENTITY_RANKING,,,NOT_APPLICABLE_GLOBAL_BASELINE,HF9g-P5,,,,X 全窗基线 · 不参与实体赏罚,8394707,840,A168_HF9F_20260827_0900,2026-08-27 09:00:00
2026-04-14,115400105,1384,0,80.0000000000,65.0000000000,65.0000000000,1.0000000,3,3,0.49324550000000000,0.493245500000,1.4334489766152358,1.4334489766152358,1.4334489766152358,0E-17,ELIGIBLE,R03b_20260811_FULL_v1,L1_ELIGIBILITY,v2026-08-11,2026-03-21..2026-08-06,baccarat_bet02_101_all_pairs_incl_sentinel,round_win = game_pnl > 0 (decisive only),COMPATIBILITY_ONLY_NOT_PRODUCTION,3336.0000,2818.5000,482.9000,117,106,-0.14475420,,-0.14475420,-0.14475420,-482.9000,3336.0000,OK,0.0000,19.3160,4.0000,96.0000,AG03-UNRESOLVED,ALL5_LEVELS_bet23_to_bet27,19.3160,19.3160,19.3160,19.3160,19.3160,4.000000,4.000000,4.000000,4.000000,4.000000,96.000000,96.000000,96.000000,96.000000,96.000000,5.0,96.5800,89.1565,386.3200,393.7435,PENDING_AG03,FALSE,NOT_FOR_ENFORCEMENT,463.5840,2705.7600,482.9000,463.5840,19.3160,0.14475420,0.13896403,19.3160,463.5840,0.13896403,19.3160,19.3160,19.3160,19.3160,19.3160,463.5840,0.13896403,96.5800,89.1565,386.3200,393.7435,0.11580336,0.11802862,0.00579017,28.5128,26.5896,4.5557,48.2900,8.9426,333.6000,10.6000,,28.5128,8.0,15.0,30.0,50.8,83.65,243.5702,10.0,0.0,5.576667,16.238016,1.900855,20,39,4,10,0E-8,0.14475420,,0E-8,0.000000,0.844874,0.435897,,2026-04-14,2026-06-27,10,54,51,75,0.133333,,,0.000000,,,,,,,,GLOBAL_BASELINE_NO_ENTITY_RANKING,,,NOT_APPLICABLE_GLOBAL_BASELINE,HF9g-P5,,,,X 全窗基线 · 不参与实体赏罚,8394708,840,A168_HF9F_20260827_0900,2026-08-27 09:00:00
2026-04-14,115400105,2169,0,25.0000000000,-25.0000000000,-25.0000000000,0E-7,1,1,0.49324550000000000,0.493245500000,-0.9865810262130424,-0.9865810262130424,-0.9865810262130424,0E-17,ELIGIBLE,R03b_20260811_FULL_v1,L1_ELIGIBILITY,v2026-08-11,2026-03-21..2026-08-06,baccarat_bet02_101_all_pairs_incl_sentinel,round_win = game_pnl > 0 (decisive only),COMPATIBILITY_ONLY_NOT_PRODUCTION,3336.0000,2818.5000,482.9000,117,106,-0.14475420,,-0.14475420,-0.14475420,-482.9000,3336.0000,OK,0.0000,19.3160,4.0000,96.0000,AG03-UNRESOLVED,ALL5_LEVELS_bet23_to_bet27,19.3160,19.3160,19.3160,19.3160,19.3160,4.000000,4.000000,4.000000,4.000000,4.000000,96.000000,96.000000,96.000000,96.000000,96.000000,5.0,96.5800,89.1565,386.3200,393.7435,PENDING_AG03,FALSE,NOT_FOR_ENFORCEMENT,463.5840,2705.7600,482.9000,463.5840,19.3160,0.14475420,0.13896403,19.3160,463.5840,0.13896403,19.3160,19.3160,19.3160,19.3160,19.3160,463.5840,0.13896403,96.5800,89.1565,386.3200,393.7435,0.11580336,0.11802862,0.00579017,28.5128,26.5896,4.5557,48.2900,8.9426,333.6000,10.6000,,28.5128,8.0,15.0,30.0,50.8,83.65,243.5702,10.0,0.0,5.576667,16.238016,1.900855,20,39,4,10,0E-8,0.14475420,,0E-8,0.000000,0.844874,0.435897,,2026-04-14,2026-06-27,10,54,51,75,0.133333,,,0.000000,,,,,,,,GLOBAL_BASELINE_NO_ENTITY_RANKING,,,NOT_APPLICABLE_GLOBAL_BASELINE,HF9g-P5,,,,X 全窗基线 · 不参与实体赏罚,8394709,840,A168_HF9F_20260827_0900,2026-08-27 09:00:00
2026-04-14,115400105,2174,0,121.0000000000,47.0000000000,47.0000000000,0.5000000,2,2,0.49324550000000000,0.493245500000,0.01910635448239258,0.01910635448239258,0.01910635448239258,0E-17,ELIGIBLE,R03b_20260811_FULL_v1,L1_ELIGIBILITY,v2026-08-11,2026-03-21..2026-08-06,baccarat_bet02_101_all_pairs_incl_sentinel,round_win = game_pnl > 0 (decisive only),COMPATIBILITY_ONLY_NOT_PRODUCTION,3336.0000,2818.5000,482.9000,117,106,-0.14475420,,-0.14475420,-0.14475420,-482.9000,3336.0000,OK,0.0000,19.3160,4.0000,96.0000,AG03-UNRESOLVED,ALL5_LEVELS_bet23_to_bet27,19.3160,19.3160,19.3160,19.3160,19.3160,4.000000,4.000000,4.000000,4.000000,4.000000,96.000000,96.000000,96.000000,96.000000,96.000000,5.0,96.5800,89.1565,386.3200,393.7435,PENDING_AG03,FALSE,NOT_FOR_ENFORCEMENT,463.5840,2705.7600,482.9000,463.5840,19.3160,0.14475420,0.13896403,19.3160,463.5840,0.13896403,19.3160,19.3160,19.3160,19.3160,19.3160,463.5840,0.13896403,96.5800,89.1565,386.3200,393.7435,0.11580336,0.11802862,0.00579017,28.5128,26.5896,4.5557,48.2900,8.9426,333.6000,10.6000,,28.5128,8.0,15.0,30.0,50.8,83.65,243.5702,10.0,0.0,5.576667,16.238016,1.900855,20,39,4,10,0E-8,0.14475420,,0E-8,0.000000,0.844874,0.435897,,2026-04-14,2026-06-27,10,54,51,75,0.133333,,,0.000000,,,,,,,,GLOBAL_BASELINE_NO_ENTITY_RANKING,,,NOT_APPLICABLE_GLOBAL_BASELINE,HF9g-P5,,,,X 全窗基线 · 不参与实体赏罚,8394710,840,A168_HF9F_20260827_0900,2026-08-27 09:00:00
2026-04-14,115400105,2222,0,35.0000000000,-35.0000000000,-35.0000000000,0E-7,1,1,0.49324550000000000,0.493245500000,-0.9865810262130424,-0.9865810262130424,-0.9865810262130424,0E-17,ELIGIBLE,R03b_20260811_FULL_v1,L1_ELIGIBILITY,v2026-08-11,2026-03-21..2026-08-06,baccarat_bet02_101_all_pairs_incl_sentinel,round_win = game_pnl > 0 (decisive only),COMPATIBILITY_ONLY_NOT_PRODUCTION,3336.0000,2818.5000,482.9000,117,106,-0.14475420,,-0.14475420,-0.14475420,-482.9000,3336.0000,OK,0.0000,19.3160,4.0000,96.0000,AG03-UNRESOLVED,ALL5_LEVELS_bet23_to_bet27,19.3160,19.3160,19.3160,19.3160,19.3160,4.000000,4.000000,4.000000,4.000000,4.000000,96.000000,96.000000,96.000000,96.000000,96.000000,5.0,96.5800,89.1565,386.3200,393.7435,PENDING_AG03,FALSE,NOT_FOR_ENFORCEMENT,463.5840,2705.7600,482.9000,463.5840,19.3160,0.14475420,0.13896403,19.3160,463.5840,0.13896403,19.3160,19.3160,19.3160,19.3160,19.3160,463.5840,0.13896403,96.5800,89.1565,386.3200,393.7435,0.11580336,0.11802862,0.00579017,28.5128,26.5896,4.5557,48.2900,8.9426,333.6000,10.6000,,28.5128,8.0,15.0,30.0,50.8,83.65,243.5702,10.0,0.0,5.576667,16.238016,1.900855,20,39,4,10,0E-8,0.14475420,,0E-8,0.000000,0.844874,0.435897,,2026-04-14,2026-06-27,10,54,51,75,0.133333,,,0.000000,,,,,,,,GLOBAL_BASELINE_NO_ENTITY_RANKING,,,NOT_APPLICABLE_GLOBAL_BASELINE,HF9g-P5,,,,X 全窗基线 · 不参与实体赏罚,8394711,840,A168_HF9F_20260827_0900,2026-08-27 09:00:00
2026-04-15,115400105,-1,1,15.0000000000,-15.0000000000,-15.0000000000,0E-7,1,1,0.49324550000000000,0.493245500000,-0.9865810262130424,-0.9865810262130424,-0.9865810262130424,0E-17,SENTINEL_DEALER,R03b_20260811_FULL_v1,L1_ELIGIBILITY,v2026-08-11,2026-03-21..2026-08-06,baccarat_bet02_101_all_pairs_incl_sentinel,round_win = game_pnl > 0 (decisive only),COMPATIBILITY_ONLY_NOT_PRODUCTION,3336.0000,2818.5000,482.9000,117,106,-0.14475420,,-0.14475420,-0.14475420,-482.9000,3336.0000,OK,0.0000,19.3160,4.0000,96.0000,AG03-UNRESOLVED,ALL5_LEVELS_bet23_to_bet27,19.3160,19.3160,19.3160,19.3160,19.3160,4.000000,4.000000,4.000000,4.000000,4.000000,96.000000,96.000000,96.000000,96.000000,96.000000,5.0,96.5800,89.1565,386.3200,393.7435,PENDING_AG03,FALSE,NOT_FOR_ENFORCEMENT,463.5840,2705.7600,482.9000,463.5840,19.3160,0.14475420,0.13896403,19.3160,463.5840,0.13896403,19.3160,19.3160,19.3160,19.3160,19.3160,463.5840,0.13896403,96.5800,89.1565,386.3200,393.7435,0.11580336,0.11802862,0.00579017,28.5128,26.5896,4.5557,48.2900,8.9426,333.6000,10.6000,,28.5128,8.0,15.0,30.0,50.8,83.65,243.5702,10.0,0.0,5.576667,16.238016,1.900855,20,39,4,10,0E-8,0.14475420,,0E-8,0.000000,0.844874,0.435897,,2026-04-14,2026-06-27,10,54,51,75,0.133333,,,0.000000,,,,,,,,GLOBAL_BASELINE_NO_ENTITY_RANKING,,,NOT_APPLICABLE_GLOBAL_BASELINE,HF9g-P5,,,,X 全窗基线 · 不参与实体赏罚,8394712,840,A168_HF9F_20260827_0900,2026-08-27 09:00:00
2026-04-15,115400105,1941,0,10.0000000000,0E-10,0E-10,0.5000000,2,2,0.49324550000000000,0.493245500000,0.01910635448239258,0.01910635448239258,0.01910635448239258,0E-17,ELIGIBLE,R03b_20260811_FULL_v1,L1_ELIGIBILITY,v2026-08-11,2026-03-21..2026-08-06,baccarat_bet02_101_all_pairs_incl_sentinel,round_win = game_pnl > 0 (decisive only),COMPATIBILITY_ONLY_NOT_PRODUCTION,3336.0000,2818.5000,482.9000,117,106,-0.14475420,,-0.14475420,-0.14475420,-482.9000,3336.0000,OK,0.0000,19.3160,4.0000,96.0000,AG03-UNRESOLVED,ALL5_LEVELS_bet23_to_bet27,19.3160,19.3160,19.3160,19.3160,19.3160,4.000000,4.000000,4.000000,4.000000,4.000000,96.000000,96.000000,96.000000,96.000000,96.000000,5.0,96.5800,89.1565,386.3200,393.7435,PENDING_AG03,FALSE,NOT_FOR_ENFORCEMENT,463.5840,2705.7600,482.9000,463.5840,19.3160,0.14475420,0.13896403,19.3160,463.5840,0.13896403,19.3160,19.3160,19.3160,19.3160,19.3160,463.5840,0.13896403,96.5800,89.1565,386.3200,393.7435,0.11580336,0.11802862,0.00579017,28.5128,26.5896,4.5557,48.2900,8.9426,333.6000,10.6000,,28.5128,8.0,15.0,30.0,50.8,83.65,243.5702,10.0,0.0,5.576667,16.238016,1.900855,20,39,4,10,0E-8,0.14475420,,0E-8,0.000000,0.844874,0.435897,,2026-04-14,2026-06-27,10,54,51,75,0.133333,,,0.000000,,,,,,,,GLOBAL_BASELINE_NO_ENTITY_RANKING,,,NOT_APPLICABLE_GLOBAL_BASELINE,HF9g-P5,,,,X 全窗基线 · 不参与实体赏罚,8394713,840,A168_HF9F_20260827_0900,2026-08-27 09:00:00
2026-04-15,115400105,2145,0,11.0000000000,-11.0000000000,-11.0000000000,0E-7,1,1,0.49324550000000000,0.493245500000,-0.9865810262130424,-0.9865810262130424,-0.9865810262130424,0E-17,ELIGIBLE,R03b_20260811_FULL_v1,L1_ELIGIBILITY,v2026-08-11,2026-03-21..2026-08-06,baccarat_bet02_101_all_pairs_incl_sentinel,round_win = game_pnl > 0 (decisive only),COMPATIBILITY_ONLY_NOT_PRODUCTION,3336.0000,2818.5000,482.9000,117,106,-0.14475420,,-0.14475420,-0.14475420,-482.9000,3336.0000,OK,0.0000,19.3160,4.0000,96.0000,AG03-UNRESOLVED,ALL5_LEVELS_bet23_to_bet27,19.3160,19.3160,19.3160,19.3160,19.3160,4.000000,4.000000,4.000000,4.000000,4.000000,96.000000,96.000000,96.000000,96.000000,96.000000,5.0,96.5800,89.1565,386.3200,393.7435,PENDING_AG03,FALSE,NOT_FOR_ENFORCEMENT,463.5840,2705.7600,482.9000,463.5840,19.3160,0.14475420,0.13896403,19.3160,463.5840,0.13896403,19.3160,19.3160,19.3160,19.3160,19.3160,463.5840,0.13896403,96.5800,89.1565,386.3200,393.7435,0.11580336,0.11802862,0.00579017,28.5128,26.5896,4.5557,48.2900,8.9426,333.6000,10.6000,,28.5128,8.0,15.0,30.0,50.8,83.65,243.5702,10.0,0.0,5.576667,16.238016,1.900855,20,39,4,10,0E-8,0.14475420,,0E-8,0.000000,0.844874,0.435897,,2026-04-14,2026-06-27,10,54,51,75,0.133333,,,0.000000,,,,,,,,GLOBAL_BASELINE_NO_ENTITY_RANKING,,,NOT_APPLICABLE_GLOBAL_BASELINE,HF9g-P5,,,,X 全窗基线 · 不参与实体赏罚,8394714,840,A168_HF9F_20260827_0900,2026-08-27 09:00:00
2026-04-15,115400105,2202,0,556.0000000000,-154.0000000000,-154.0000000000,0.3333333,3,3,0.49324550000000000,0.493245500000,-0.5540025479526107,-0.5540025479526106,-0.5540025479526107,0E-17,ELIGIBLE,R03b_20260811_FULL_v1,L1_ELIGIBILITY,v2026-08-11,2026-03-21..2026-08-06,baccarat_bet02_101_all_pairs_incl_sentinel,round_win = game_pnl > 0 (decisive only),COMPATIBILITY_ONLY_NOT_PRODUCTION,3336.0000,2818.5000,482.9000,117,106,-0.14475420,,-0.14475420,-0.14475420,-482.9000,3336.0000,OK,0.0000,19.3160,4.0000,96.0000,AG03-UNRESOLVED,ALL5_LEVELS_bet23_to_bet27,19.3160,19.3160,19.3160,19.3160,19.3160,4.000000,4.000000,4.000000,4.000000,4.000000,96.000000,96.000000,96.000000,96.000000,96.000000,5.0,96.5800,89.1565,386.3200,393.7435,PENDING_AG03,FALSE,NOT_FOR_ENFORCEMENT,463.5840,2705.7600,482.9000,463.5840,19.3160,0.14475420,0.13896403,19.3160,463.5840,0.13896403,19.3160,19.3160,19.3160,19.3160,19.3160,463.5840,0.13896403,96.5800,89.1565,386.3200,393.7435,0.11580336,0.11802862,0.00579017,28.5128,26.5896,4.5557,48.2900,8.9426,333.6000,10.6000,,28.5128,8.0,15.0,30.0,50.8,83.65,243.5702,10.0,0.0,5.576667,16.238016,1.900855,20,39,4,10,0E-8,0.14475420,,0E-8,0.000000,0.844874,0.435897,,2026-04-14,2026-06-27,10,54,51,75,0.133333,,,0.000000,,,,,,,,GLOBAL_BASELINE_NO_ENTITY_RANKING,,,NOT_APPLICABLE_GLOBAL_BASELINE,HF9g-P5,,,,X 全窗基线 · 不参与实体赏罚,8394715,840,A168_HF9F_20260827_0900,2026-08-27 09:00:00
2026-04-15,115400105,2252,0,72.0000000000,-72.0000000000,-72.0000000000,0E-7,1,1,0.09460280000000000,0.094602800000,-0.32324545095860213,-0.32324545095860213,-0.32324545095860213,0E-17,ELIGIBLE,R03b_20260811_FULL_v1,L1_ELIGIBILITY,v2026-08-11,2026-03-21..2026-08-06,baccarat_bet02_101_all_pairs_incl_sentinel,round_win = game_pnl > 0 (decisive only),COMPATIBILITY_ONLY_NOT_PRODUCTION,3336.0000,2818.5000,482.9000,117,106,-0.14475420,,-0.14475420,-0.14475420,-482.9000,3336.0000,OK,0.0000,19.3160,4.0000,96.0000,AG03-UNRESOLVED,ALL5_LEVELS_bet23_to_bet27,19.3160,19.3160,19.3160,19.3160,19.3160,4.000000,4.000000,4.000000,4.000000,4.000000,96.000000,96.000000,96.000000,96.000000,96.000000,5.0,96.5800,89.1565,386.3200,393.7435,PENDING_AG03,FALSE,NOT_FOR_ENFORCEMENT,463.5840,2705.7600,482.9000,463.5840,19.3160,0.14475420,0.13896403,19.3160,463.5840,0.13896403,19.3160,19.3160,19.3160,19.3160,19.3160,463.5840,0.13896403,96.5800,89.1565,386.3200,393.7435,0.11580336,0.11802862,0.00579017,28.5128,26.5896,4.5557,48.2900,8.9426,333.6000,10.6000,,28.5128,8.0,15.0,30.0,50.8,83.65,243.5702,10.0,0.0,5.576667,16.238016,1.900855,20,39,4,10,0E-8,0.14475420,,0E-8,0.000000,0.844874,0.435897,,2026-04-14,2026-06-27,10,54,51,75,0.133333,,,0.000000,,,,,,,,GLOBAL_BASELINE_NO_ENTITY_RANKING,,,NOT_APPLICABLE_GLOBAL_BASELINE,HF9g-P5,,,,X 全窗基线 · 不参与实体赏罚,8394716,840,A168_HF9F_20260827_0900,2026-08-27 09:00:00
2026-04-15,115400105,772,0,251.0000000000,-50.0000000000,-50.0000000000,0E-7,2,2,0.49324550000000000,0.493245500000,-0.9865810262130424,-0.9865810262130424,-0.9865810262130424,0E-17,ELIGIBLE,R03b_20260811_FULL_v1,L1_ELIGIBILITY,v2026-08-11,2026-03-21..2026-08-06,baccarat_bet02_101_all_pairs_incl_sentinel,round_win = game_pnl > 0 (decisive only),COMPATIBILITY_ONLY_NOT_PRODUCTION,3336.0000,2818.5000,482.9000,117,106,-0.14475420,,-0.14475420,-0.14475420,-482.9000,3336.0000,OK,0.0000,19.3160,4.0000,96.0000,AG03-UNRESOLVED,ALL5_LEVELS_bet23_to_bet27,19.3160,19.3160,19.3160,19.3160,19.3160,4.000000,4.000000,4.000000,4.000000,4.000000,96.000000,96.000000,96.000000,96.000000,96.000000,5.0,96.5800,89.1565,386.3200,393.7435,PENDING_AG03,FALSE,NOT_FOR_ENFORCEMENT,463.5840,2705.7600,482.9000,463.5840,19.3160,0.14475420,0.13896403,19.3160,463.5840,0.13896403,19.3160,19.3160,19.3160,19.3160,19.3160,463.5840,0.13896403,96.5800,89.1565,386.3200,393.7435,0.11580336,0.11802862,0.00579017,28.5128,26.5896,4.5557,48.2900,8.9426,333.6000,10.6000,,28.5128,8.0,15.0,30.0,50.8,83.65,243.5702,10.0,0.0,5.576667,16.238016,1.900855,20,39,4,10,0E-8,0.14475420,,0E-8,0.000000,0.844874,0.435897,,2026-04-14,2026-06-27,10,54,51,75,0.133333,,,0.000000,,,,,,,,GLOBAL_BASELINE_NO_ENTITY_RANKING,,,NOT_APPLICABLE_GLOBAL_BASELINE,HF9g-P5,,,,X 全窗基线 · 不参与实体赏罚,8394717,840,A168_HF9F_20260827_0900,2026-08-27 09:00:00
2026-06-16,115400105,2101,0,204.0000000000,-25.5500000000,-25.5500000000,0.3333333,9,5,0.38372945400000000,0.373019960000,-0.1794979367165672,-0.14213856282161796,-0.1794979367165672,0.01070949400000000,ELIGIBLE,R03b_20260811_FULL_v1,L1_ELIGIBILITY,v2026-08-11,2026-03-21..2026-08-06,baccarat_bet02_101_all_pairs_incl_sentinel,round_win = game_pnl > 0 (decisive only),COMPATIBILITY_ONLY_NOT_PRODUCTION,3336.0000,2818.5000,482.9000,117,106,-0.14475420,,-0.14475420,-0.14475420,-482.9000,3336.0000,OK,0.0000,19.3160,4.0000,96.0000,AG03-UNRESOLVED,ALL5_LEVELS_bet23_to_bet27,19.3160,19.3160,19.3160,19.3160,19.3160,4.000000,4.000000,4.000000,4.000000,4.000000,96.000000,96.000000,96.000000,96.000000,96.000000,5.0,96.5800,89.1565,386.3200,393.7435,PENDING_AG03,FALSE,NOT_FOR_ENFORCEMENT,463.5840,2705.7600,482.9000,463.5840,19.3160,0.14475420,0.13896403,19.3160,463.5840,0.13896403,19.3160,19.3160,19.3160,19.3160,19.3160,463.5840,0.13896403,96.5800,89.1565,386.3200,393.7435,0.11580336,0.11802862,0.00579017,28.5128,26.5896,4.5557,48.2900,8.9426,333.6000,10.6000,,28.5128,8.0,15.0,30.0,50.8,83.65,243.5702,10.0,0.0,5.576667,16.238016,1.900855,20,39,4,10,0E-8,0.14475420,,0E-8,0.000000,0.844874,0.435897,,2026-04-14,2026-06-27,10,54,51,75,0.133333,,,0.000000,,,,,,,,GLOBAL_BASELINE_NO_ENTITY_RANKING,,,NOT_APPLICABLE_GLOBAL_BASELINE,HF9g-P5,,,,X 全窗基线 · 不参与实体赏罚,8394718,840,A168_HF9F_20260827_0900,2026-08-27 09:00:00
2026-06-16,115400105,2201,0,50.0000000000,-50.0000000000,-50.0000000000,0E-7,1,1,0.49324550000000000,0.493245500000,-0.9865810262130424,-0.9865810262130424,-0.9865810262130424,0E-17,ELIGIBLE,R03b_20260811_FULL_v1,L1_ELIGIBILITY,v2026-08-11,2026-03-21..2026-08-06,baccarat_bet02_101_all_pairs_incl_sentinel,round_win = game_pnl > 0 (decisive only),COMPATIBILITY_ONLY_NOT_PRODUCTION,3336.0000,2818.5000,482.9000,117,106,-0.14475420,,-0.14475420,-0.14475420,-482.9000,3336.0000,OK,0.0000,19.3160,4.0000,96.0000,AG03-UNRESOLVED,ALL5_LEVELS_bet23_to_bet27,19.3160,19.3160,19.3160,19.3160,19.3160,4.000000,4.000000,4.000000,4.000000,4.000000,96.000000,96.000000,96.000000,96.000000,96.000000,5.0,96.5800,89.1565,386.3200,393.7435,PENDING_AG03,FALSE,NOT_FOR_ENFORCEMENT,463.5840,2705.7600,482.9000,463.5840,19.3160,0.14475420,0.13896403,19.3160,463.5840,0.13896403,19.3160,19.3160,19.3160,19.3160,19.3160,463.5840,0.13896403,96.5800,89.1565,386.3200,393.7435,0.11580336,0.11802862,0.00579017,28.5128,26.5896,4.5557,48.2900,8.9426,333.6000,10.6000,,28.5128,8.0,15.0,30.0,50.8,83.65,243.5702,10.0,0.0,5.576667,16.238016,1.900855,20,39,4,10,0E-8,0.14475420,,0E-8,0.000000,0.844874,0.435897,,2026-04-14,2026-06-27,10,54,51,75,0.133333,,,0.000000,,,,,,,,GLOBAL_BASELINE_NO_ENTITY_RANKING,,,NOT_APPLICABLE_GLOBAL_BASELINE,HF9g-P5,,,,X 全窗基线 · 不参与实体赏罚,8394719,840,A168_HF9F_20260827_0900,2026-08-27 09:00:00
2026-06-16,115400105,462,0,25.0000000000,-25.0000000000,-25.0000000000,0E-7,1,1,0.49324550000000000,0.493245500000,-0.9865810262130424,-0.9865810262130424,-0.9865810262130424,0E-17,ELIGIBLE,R03b_20260811_FULL_v1,L1_ELIGIBILITY,v2026-08-11,2026-03-21..2026-08-06,baccarat_bet02_101_all_pairs_incl_sentinel,round_win = game_pnl > 0 (decisive only),COMPATIBILITY_ONLY_NOT_PRODUCTION,3336.0000,2818.5000,482.9000,117,106,-0.14475420,,-0.14475420,-0.14475420,-482.9000,3336.0000,OK,0.0000,19.3160,4.0000,96.0000,AG03-UNRESOLVED,ALL5_LEVELS_bet23_to_bet27,19.3160,19.3160,19.3160,19.3160,19.3160,4.000000,4.000000,4.000000,4.000000,4.000000,96.000000,96.000000,96.000000,96.000000,96.000000,5.0,96.5800,89.1565,386.3200,393.7435,PENDING_AG03,FALSE,NOT_FOR_ENFORCEMENT,463.5840,2705.7600,482.9000,463.5840,19.3160,0.14475420,0.13896403,19.3160,463.5840,0.13896403,19.3160,19.3160,19.3160,19.3160,19.3160,463.5840,0.13896403,96.5800,89.1565,386.3200,393.7435,0.11580336,0.11802862,0.00579017,28.5128,26.5896,4.5557,48.2900,8.9426,333.6000,10.6000,,28.5128,8.0,15.0,30.0,50.8,83.65,243.5702,10.0,0.0,5.576667,16.238016,1.900855,20,39,4,10,0E-8,0.14475420,,0E-8,0.000000,0.844874,0.435897,,2026-04-14,2026-06-27,10,54,51,75,0.133333,,,0.000000,,,,,,,,GLOBAL_BASELINE_NO_ENTITY_RANKING,,,NOT_APPLICABLE_GLOBAL_BASELINE,HF9g-P5,,,,X 全窗基线 · 不参与实体赏罚,8394720,840,A168_HF9F_20260827_0900,2026-08-27 09:00:00
2026-06-17,115400105,-1,1,145.0000000000,50.0000000000,50.0000000000,0.5000000,2,2,0.50665070000000000,0.506650700000,-0.018812684590367487,-0.018812684590367487,-0.018812684590367487,0E-17,SENTINEL_DEALER,R03b_20260811_FULL_v1,L1_ELIGIBILITY,v2026-08-11,2026-03-21..2026-08-06,baccarat_bet02_101_all_pairs_incl_sentinel,round_win = game_pnl > 0 (decisive only),COMPATIBILITY_ONLY_NOT_PRODUCTION,3336.0000,2818.5000,482.9000,117,106,-0.14475420,,-0.14475420,-0.14475420,-482.9000,3336.0000,OK,0.0000,19.3160,4.0000,96.0000,AG03-UNRESOLVED,ALL5_LEVELS_bet23_to_bet27,19.3160,19.3160,19.3160,19.3160,19.3160,4.000000,4.000000,4.000000,4.000000,4.000000,96.000000,96.000000,96.000000,96.000000,96.000000,5.0,96.5800,89.1565,386.3200,393.7435,PENDING_AG03,FALSE,NOT_FOR_ENFORCEMENT,463.5840,2705.7600,482.9000,463.5840,19.3160,0.14475420,0.13896403,19.3160,463.5840,0.13896403,19.3160,19.3160,19.3160,19.3160,19.3160,463.5840,0.13896403,96.5800,89.1565,386.3200,393.7435,0.11580336,0.11802862,0.00579017,28.5128,26.5896,4.5557,48.2900,8.9426,333.6000,10.6000,,28.5128,8.0,15.0,30.0,50.8,83.65,243.5702,10.0,0.0,5.576667,16.238016,1.900855,20,39,4,10,0E-8,0.14475420,,0E-8,0.000000,0.844874,0.435897,,2026-04-14,2026-06-27,10,54,51,75,0.133333,,,0.000000,,,,,,,,GLOBAL_BASELINE_NO_ENTITY_RANKING,,,NOT_APPLICABLE_GLOBAL_BASELINE,HF9g-P5,,,,X 全窗基线 · 不参与实体赏罚,8394721,840,A168_HF9F_20260827_0900,2026-08-27 09:00:00
2026-06-17,115400105,1400,0,40.0000000000,20.0000000000,20.0000000000,0.5000000,3,2,0.28397192500000000,0.283971925000,0.6775205388828237,0.6775205388828237,0.6775205388828237,0E-17,ELIGIBLE,R03b_20260811_FULL_v1,L1_ELIGIBILITY,v2026-08-11,2026-03-21..2026-08-06,baccarat_bet02_101_all_pairs_incl_sentinel,round_win = game_pnl > 0 (decisive only),COMPATIBILITY_ONLY_NOT_PRODUCTION,3336.0000,2818.5000,482.9000,117,106,-0.14475420,,-0.14475420,-0.14475420,-482.9000,3336.0000,OK,0.0000,19.3160,4.0000,96.0000,AG03-UNRESOLVED,ALL5_LEVELS_bet23_to_bet27,19.3160,19.3160,19.3160,19.3160,19.3160,4.000000,4.000000,4.000000,4.000000,4.000000,96.000000,96.000000,96.000000,96.000000,96.000000,5.0,96.5800,89.1565,386.3200,393.7435,PENDING_AG03,FALSE,NOT_FOR_ENFORCEMENT,463.5840,2705.7600,482.9000,463.5840,19.3160,0.14475420,0.13896403,19.3160,463.5840,0.13896403,19.3160,19.3160,19.3160,19.3160,19.3160,463.5840,0.13896403,96.5800,89.1565,386.3200,393.7435,0.11580336,0.11802862,0.00579017,28.5128,26.5896,4.5557,48.2900,8.9426,333.6000,10.6000,,28.5128,8.0,15.0,30.0,50.8,83.65,243.5702,10.0,0.0,5.576667,16.238016,1.900855,20,39,4,10,0E-8,0.14475420,,0E-8,0.000000,0.844874,0.435897,,2026-04-14,2026-06-27,10,54,51,75,0.133333,,,0.000000,,,,,,,,GLOBAL_BASELINE_NO_ENTITY_RANKING,,,NOT_APPLICABLE_GLOBAL_BASELINE,HF9g-P5,,,,X 全窗基线 · 不参与实体赏罚,8394722,840,A168_HF9F_20260827_0900,2026-08-27 09:00:00
2026-06-17,115400105,2170,0,90.0000000000,20.0000000000,20.0000000000,0.5000000,3,3,0.49771390000000000,0.497713900000,0.006466134837551399,0.0064661348375514,0.006466134837551399,0E-17,ELIGIBLE,R03b_20260811_FULL_v1,L1_ELIGIBILITY,v2026-08-11,2026-03-21..2026-08-06,baccarat_bet02_101_all_pairs_incl_sentinel,round_win = game_pnl > 0 (decisive only),COMPATIBILITY_ONLY_NOT_PRODUCTION,3336.0000,2818.5000,482.9000,117,106,-0.14475420,,-0.14475420,-0.14475420,-482.9000,3336.0000,OK,0.0000,19.3160,4.0000,96.0000,AG03-UNRESOLVED,ALL5_LEVELS_bet23_to_bet27,19.3160,19.3160,19.3160,19.3160,19.3160,4.000000,4.000000,4.000000,4.000000,4.000000,96.000000,96.000000,96.000000,96.000000,96.000000,5.0,96.5800,89.1565,386.3200,393.7435,PENDING_AG03,FALSE,NOT_FOR_ENFORCEMENT,463.5840,2705.7600,482.9000,463.5840,19.3160,0.14475420,0.13896403,19.3160,463.5840,0.13896403,19.3160,19.3160,19.3160,19.3160,19.3160,463.5840,0.13896403,96.5800,89.1565,386.3200,393.7435,0.11580336,0.11802862,0.00579017,28.5128,26.5896,4.5557,48.2900,8.9426,333.6000,10.6000,,28.5128,8.0,15.0,30.0,50.8,83.65,243.5702,10.0,0.0,5.576667,16.238016,1.900855,20,39,4,10,0E-8,0.14475420,,0E-8,0.000000,0.844874,0.435897,,2026-04-14,2026-06-27,10,54,51,75,0.133333,,,0.000000,,,,,,,,GLOBAL_BASELINE_NO_ENTITY_RANKING,,,NOT_APPLICABLE_GLOBAL_BASELINE,HF9g-P5,,,,X 全窗基线 · 不参与实体赏罚,8394723,840,A168_HF9F_20260827_0900,2026-08-27 09:00:00
2026-06-17,115400105,2224,0,51.0000000000,3.0000000000,3.0000000000,0.5000000,2,2,0.49324550000000000,0.493245500000,0.01910635448239258,0.01910635448239258,0.01910635448239258,0E-17,ELIGIBLE,R03b_20260811_FULL_v1,L1_ELIGIBILITY,v2026-08-11,2026-03-21..2026-08-06,baccarat_bet02_101_all_pairs_incl_sentinel,round_win = game_pnl > 0 (decisive only),COMPATIBILITY_ONLY_NOT_PRODUCTION,3336.0000,2818.5000,482.9000,117,106,-0.14475420,,-0.14475420,-0.14475420,-482.9000,3336.0000,OK,0.0000,19.3160,4.0000,96.0000,AG03-UNRESOLVED,ALL5_LEVELS_bet23_to_bet27,19.3160,19.3160,19.3160,19.3160,19.3160,4.000000,4.000000,4.000000,4.000000,4.000000,96.000000,96.000000,96.000000,96.000000,96.000000,5.0,96.5800,89.1565,386.3200,393.7435,PENDING_AG03,FALSE,NOT_FOR_ENFORCEMENT,463.5840,2705.7600,482.9000,463.5840,19.3160,0.14475420,0.13896403,19.3160,463.5840,0.13896403,19.3160,19.3160,19.3160,19.3160,19.3160,463.5840,0.13896403,96.5800,89.1565,386.3200,393.7435,0.11580336,0.11802862,0.00579017,28.5128,26.5896,4.5557,48.2900,8.9426,333.6000,10.6000,,28.5128,8.0,15.0,30.0,50.8,83.65,243.5702,10.0,0.0,5.576667,16.238016,1.900855,20,39,4,10,0E-8,0.14475420,,0E-8,0.000000,0.844874,0.435897,,2026-04-14,2026-06-27,10,54,51,75,0.133333,,,0.000000,,,,,,,,GLOBAL_BASELINE_NO_ENTITY_RANKING,,,NOT_APPLICABLE_GLOBAL_BASELINE,HF9g-P5,,,,X 全窗基线 · 不参与实体赏罚,8394724,840,A168_HF9F_20260827_0900,2026-08-27 09:00:00
2026-06-17,115400105,471,0,40.0000000000,0E-10,0E-10,,1,1,0.49324550000000000,0.493245500000,,,,0E-17,NO_DECISIVE_ROUND,R03b_20260811_FULL_v1,L1_ELIGIBILITY,v2026-08-11,2026-03-21..2026-08-06,baccarat_bet02_101_all_pairs_incl_sentinel,round_win = game_pnl > 0 (decisive only),COMPATIBILITY_ONLY_NOT_PRODUCTION,3336.0000,2818.5000,482.9000,117,106,-0.14475420,,-0.14475420,-0.14475420,-482.9000,3336.0000,OK,0.0000,19.3160,4.0000,96.0000,AG03-UNRESOLVED,ALL5_LEVELS_bet23_to_bet27,19.3160,19.3160,19.3160,19.3160,19.3160,4.000000,4.000000,4.000000,4.000000,4.000000,96.000000,96.000000,96.000000,96.000000,96.000000,5.0,96.5800,89.1565,386.3200,393.7435,PENDING_AG03,FALSE,NOT_FOR_ENFORCEMENT,463.5840,2705.7600,482.9000,463.5840,19.3160,0.14475420,0.13896403,19.3160,463.5840,0.13896403,19.3160,19.3160,19.3160,19.3160,19.3160,463.5840,0.13896403,96.5800,89.1565,386.3200,393.7435,0.11580336,0.11802862,0.00579017,28.5128,26.5896,4.5557,48.2900,8.9426,333.6000,10.6000,,28.5128,8.0,15.0,30.0,50.8,83.65,243.5702,10.0,0.0,5.576667,16.238016,1.900855,20,39,4,10,0E-8,0.14475420,,0E-8,0.000000,0.844874,0.435897,,2026-04-14,2026-06-27,10,54,51,75,0.133333,,,0.000000,,,,,,,,GLOBAL_BASELINE_NO_ENTITY_RANKING,,,NOT_APPLICABLE_GLOBAL_BASELINE,HF9g-P5,,,,X 全窗基线 · 不参与实体赏罚,8394725,840,A168_HF9F_20260827_0900,2026-08-27 09:00:00
2026-06-17,115400105,994,0,200.0000000000,-200.0000000000,-200.0000000000,0E-7,1,1,0.49324550000000000,0.493245500000,-0.9865810262130424,-0.9865810262130424,-0.9865810262130424,0E-17,ELIGIBLE,R03b_20260811_FULL_v1,L1_ELIGIBILITY,v2026-08-11,2026-03-21..2026-08-06,baccarat_bet02_101_all_pairs_incl_sentinel,round_win = game_pnl > 0 (decisive only),COMPATIBILITY_ONLY_NOT_PRODUCTION,3336.0000,2818.5000,482.9000,117,106,-0.14475420,,-0.14475420,-0.14475420,-482.9000,3336.0000,OK,0.0000,19.3160,4.0000,96.0000,AG03-UNRESOLVED,ALL5_LEVELS_bet23_to_bet27,19.3160,19.3160,19.3160,19.3160,19.3160,4.000000,4.000000,4.000000,4.000000,4.000000,96.000000,96.000000,96.000000,96.000000,96.000000,5.0,96.5800,89.1565,386.3200,393.7435,PENDING_AG03,FALSE,NOT_FOR_ENFORCEMENT,463.5840,2705.7600,482.9000,463.5840,19.3160,0.14475420,0.13896403,19.3160,463.5840,0.13896403,19.3160,19.3160,19.3160,19.3160,19.3160,463.5840,0.13896403,96.5800,89.1565,386.3200,393.7435,0.11580336,0.11802862,0.00579017,28.5128,26.5896,4.5557,48.2900,8.9426,333.6000,10.6000,,28.5128,8.0,15.0,30.0,50.8,83.65,243.5702,10.0,0.0,5.576667,16.238016,1.900855,20,39,4,10,0E-8,0.14475420,,0E-8,0.000000,0.844874,0.435897,,2026-04-14,2026-06-27,10,54,51,75,0.133333,,,0.000000,,,,,,,,GLOBAL_BASELINE_NO_ENTITY_RANKING,,,NOT_APPLICABLE_GLOBAL_BASELINE,HF9g-P5,,,,X 全窗基线 · 不参与实体赏罚,8394726,840,A168_HF9F_20260827_0900,2026-08-27 09:00:00
2026-06-18,115400105,1299,0,50.0000000000,50.0000000000,50.0000000000,1.0000000,1,1,0.49324550000000000,0.493245500000,1.01360149184955,1.01360149184955,1.01360149184955,0E-17,ELIGIBLE,R03b_20260811_FULL_v1,L1_ELIGIBILITY,v2026-08-11,2026-03-21..2026-08-06,baccarat_bet02_101_all_pairs_incl_sentinel,round_win = game_pnl > 0 (decisive only),COMPATIBILITY_ONLY_NOT_PRODUCTION,3336.0000,2818.5000,482.9000,117,106,-0.14475420,,-0.14475420,-0.14475420,-482.9000,3336.0000,OK,0.0000,19.3160,4.0000,96.0000,AG03-UNRESOLVED,ALL5_LEVELS_bet23_to_bet27,19.3160,19.3160,19.3160,19.3160,19.3160,4.000000,4.000000,4.000000,4.000000,4.000000,96.000000,96.000000,96.000000,96.000000,96.000000,5.0,96.5800,89.1565,386.3200,393.7435,PENDING_AG03,FALSE,NOT_FOR_ENFORCEMENT,463.5840,2705.7600,482.9000,463.5840,19.3160,0.14475420,0.13896403,19.3160,463.5840,0.13896403,19.3160,19.3160,19.3160,19.3160,19.3160,463.5840,0.13896403,96.5800,89.1565,386.3200,393.7435,0.11580336,0.11802862,0.00579017,28.5128,26.5896,4.5557,48.2900,8.9426,333.6000,10.6000,,28.5128,8.0,15.0,30.0,50.8,83.65,243.5702,10.0,0.0,5.576667,16.238016,1.900855,20,39,4,10,0E-8,0.14475420,,0E-8,0.000000,0.844874,0.435897,,2026-04-14,2026-06-27,10,54,51,75,0.133333,,,0.000000,,,,,,,,GLOBAL_BASELINE_NO_ENTITY_RANKING,,,NOT_APPLICABLE_GLOBAL_BASELINE,HF9g-P5,,,,X 全窗基线 · 不参与实体赏罚,8394727,840,A168_HF9F_20260827_0900,2026-08-27 09:00:00
2026-06-18,115400105,1331,0,20.0000000000,-20.0000000000,-20.0000000000,0E-7,1,1,0.49324550000000000,0.493245500000,-0.9865810262130424,-0.9865810262130424,-0.9865810262130424,0E-17,ELIGIBLE,R03b_20260811_FULL_v1,L1_ELIGIBILITY,v2026-08-11,2026-03-21..2026-08-06,baccarat_bet02_101_all_pairs_incl_sentinel,round_win = game_pnl > 0 (decisive only),COMPATIBILITY_ONLY_NOT_PRODUCTION,3336.0000,2818.5000,482.9000,117,106,-0.14475420,,-0.14475420,-0.14475420,-482.9000,3336.0000,OK,0.0000,19.3160,4.0000,96.0000,AG03-UNRESOLVED,ALL5_LEVELS_bet23_to_bet27,19.3160,19.3160,19.3160,19.3160,19.3160,4.000000,4.000000,4.000000,4.000000,4.000000,96.000000,96.000000,96.000000,96.000000,96.000000,5.0,96.5800,89.1565,386.3200,393.7435,PENDING_AG03,FALSE,NOT_FOR_ENFORCEMENT,463.5840,2705.7600,482.9000,463.5840,19.3160,0.14475420,0.13896403,19.3160,463.5840,0.13896403,19.3160,19.3160,19.3160,19.3160,19.3160,463.5840,0.13896403,96.5800,89.1565,386.3200,393.7435,0.11580336,0.11802862,0.00579017,28.5128,26.5896,4.5557,48.2900,8.9426,333.6000,10.6000,,28.5128,8.0,15.0,30.0,50.8,83.65,243.5702,10.0,0.0,5.576667,16.238016,1.900855,20,39,4,10,0E-8,0.14475420,,0E-8,0.000000,0.844874,0.435897,,2026-04-14,2026-06-27,10,54,51,75,0.133333,,,0.000000,,,,,,,,GLOBAL_BASELINE_NO_ENTITY_RANKING,,,NOT_APPLICABLE_GLOBAL_BASELINE,HF9g-P5,,,,X 全窗基线 · 不参与实体赏罚,8394728,840,A168_HF9F_20260827_0900,2026-08-27 09:00:00
2026-06-18,115400105,2108,0,10.0000000000,-10.0000000000,-10.0000000000,0E-7,1,1,0.49324550000000000,0.493245500000,-0.9865810262130424,-0.9865810262130424,-0.9865810262130424,0E-17,ELIGIBLE,R03b_20260811_FULL_v1,L1_ELIGIBILITY,v2026-08-11,2026-03-21..2026-08-06,baccarat_bet02_101_all_pairs_incl_sentinel,round_win = game_pnl > 0 (decisive only),COMPATIBILITY_ONLY_NOT_PRODUCTION,3336.0000,2818.5000,482.9000,117,106,-0.14475420,,-0.14475420,-0.14475420,-482.9000,3336.0000,OK,0.0000,19.3160,4.0000,96.0000,AG03-UNRESOLVED,ALL5_LEVELS_bet23_to_bet27,19.3160,19.3160,19.3160,19.3160,19.3160,4.000000,4.000000,4.000000,4.000000,4.000000,96.000000,96.000000,96.000000,96.000000,96.000000,5.0,96.5800,89.1565,386.3200,393.7435,PENDING_AG03,FALSE,NOT_FOR_ENFORCEMENT,463.5840,2705.7600,482.9000,463.5840,19.3160,0.14475420,0.13896403,19.3160,463.5840,0.13896403,19.3160,19.3160,19.3160,19.3160,19.3160,463.5840,0.13896403,96.5800,89.1565,386.3200,393.7435,0.11580336,0.11802862,0.00579017,28.5128,26.5896,4.5557,48.2900,8.9426,333.6000,10.6000,,28.5128,8.0,15.0,30.0,50.8,83.65,243.5702,10.0,0.0,5.576667,16.238016,1.900855,20,39,4,10,0E-8,0.14475420,,0E-8,0.000000,0.844874,0.435897,,2026-04-14,2026-06-27,10,54,51,75,0.133333,,,0.000000,,,,,,,,GLOBAL_BASELINE_NO_ENTITY_RANKING,,,NOT_APPLICABLE_GLOBAL_BASELINE,HF9g-P5,,,,X 全窗基线 · 不参与实体赏罚,8394729,840,A168_HF9F_20260827_0900,2026-08-27 09:00:00
2026-06-18,115400105,2175,0,70.0000000000,30.0000000000,30.0000000000,0.6666667,4,4,0.49659680000000000,0.496596800000,0.5891529468324541,0.589152946832454,0.5891529468324541,0E-17,ELIGIBLE,R03b_20260811_FULL_v1,L1_ELIGIBILITY,v2026-08-11,2026-03-21..2026-08-06,baccarat_bet02_101_all_pairs_incl_sentinel,round_win = game_pnl > 0 (decisive only),COMPATIBILITY_ONLY_NOT_PRODUCTION,3336.0000,2818.5000,482.9000,117,106,-0.14475420,,-0.14475420,-0.14475420,-482.9000,3336.0000,OK,0.0000,19.3160,4.0000,96.0000,AG03-UNRESOLVED,ALL5_LEVELS_bet23_to_bet27,19.3160,19.3160,19.3160,19.3160,19.3160,4.000000,4.000000,4.000000,4.000000,4.000000,96.000000,96.000000,96.000000,96.000000,96.000000,5.0,96.5800,89.1565,386.3200,393.7435,PENDING_AG03,FALSE,NOT_FOR_ENFORCEMENT,463.5840,2705.7600,482.9000,463.5840,19.3160,0.14475420,0.13896403,19.3160,463.5840,0.13896403,19.3160,19.3160,19.3160,19.3160,19.3160,463.5840,0.13896403,96.5800,89.1565,386.3200,393.7435,0.11580336,0.11802862,0.00579017,28.5128,26.5896,4.5557,48.2900,8.9426,333.6000,10.6000,,28.5128,8.0,15.0,30.0,50.8,83.65,243.5702,10.0,0.0,5.576667,16.238016,1.900855,20,39,4,10,0E-8,0.14475420,,0E-8,0.000000,0.844874,0.435897,,2026-04-14,2026-06-27,10,54,51,75,0.133333,,,0.000000,,,,,,,,GLOBAL_BASELINE_NO_ENTITY_RANKING,,,NOT_APPLICABLE_GLOBAL_BASELINE,HF9g-P5,,,,X 全窗基线 · 不参与实体赏罚,8394730,840,A168_HF9F_20260827_0900,2026-08-27 09:00:00
2026-06-18,115400105,2235,0,30.0000000000,-10.0000000000,-10.0000000000,0.5000000,2,2,0.49324550000000000,0.493245500000,0.01910635448239258,0.01910635448239258,0.01910635448239258,0E-17,ELIGIBLE,R03b_20260811_FULL_v1,L1_ELIGIBILITY,v2026-08-11,2026-03-21..2026-08-06,baccarat_bet02_101_all_pairs_incl_sentinel,round_win = game_pnl > 0 (decisive only),COMPATIBILITY_ONLY_NOT_PRODUCTION,3336.0000,2818.5000,482.9000,117,106,-0.14475420,,-0.14475420,-0.14475420,-482.9000,3336.0000,OK,0.0000,19.3160,4.0000,96.0000,AG03-UNRESOLVED,ALL5_LEVELS_bet23_to_bet27,19.3160,19.3160,19.3160,19.3160,19.3160,4.000000,4.000000,4.000000,4.000000,4.000000,96.000000,96.000000,96.000000,96.000000,96.000000,5.0,96.5800,89.1565,386.3200,393.7435,PENDING_AG03,FALSE,NOT_FOR_ENFORCEMENT,463.5840,2705.7600,482.9000,463.5840,19.3160,0.14475420,0.13896403,19.3160,463.5840,0.13896403,19.3160,19.3160,19.3160,19.3160,19.3160,463.5840,0.13896403,96.5800,89.1565,386.3200,393.7435,0.11580336,0.11802862,0.00579017,28.5128,26.5896,4.5557,48.2900,8.9426,333.6000,10.6000,,28.5128,8.0,15.0,30.0,50.8,83.65,243.5702,10.0,0.0,5.576667,16.238016,1.900855,20,39,4,10,0E-8,0.14475420,,0E-8,0.000000,0.844874,0.435897,,2026-04-14,2026-06-27,10,54,51,75,0.133333,,,0.000000,,,,,,,,GLOBAL_BASELINE_NO_ENTITY_RANKING,,,NOT_APPLICABLE_GLOBAL_BASELINE,HF9g-P5,,,,X 全窗基线 · 不参与实体赏罚,8394731,840,A168_HF9F_20260827_0900,2026-08-27 09:00:00
2026-06-19,115400105,2212,0,22.0000000000,-22.0000000000,-22.0000000000,0E-7,1,1,0.49324550000000000,0.493245500000,-0.9865810262130424,-0.9865810262130424,-0.9865810262130424,0E-17,ELIGIBLE,R03b_20260811_FULL_v1,L1_ELIGIBILITY,v2026-08-11,2026-03-21..2026-08-06,baccarat_bet02_101_all_pairs_incl_sentinel,round_win = game_pnl > 0 (decisive only),COMPATIBILITY_ONLY_NOT_PRODUCTION,3336.0000,2818.5000,482.9000,117,106,-0.14475420,,-0.14475420,-0.14475420,-482.9000,3336.0000,OK,0.0000,19.3160,4.0000,96.0000,AG03-UNRESOLVED,ALL5_LEVELS_bet23_to_bet27,19.3160,19.3160,19.3160,19.3160,19.3160,4.000000,4.000000,4.000000,4.000000,4.000000,96.000000,96.000000,96.000000,96.000000,96.000000,5.0,96.5800,89.1565,386.3200,393.7435,PENDING_AG03,FALSE,NOT_FOR_ENFORCEMENT,463.5840,2705.7600,482.9000,463.5840,19.3160,0.14475420,0.13896403,19.3160,463.5840,0.13896403,19.3160,19.3160,19.3160,19.3160,19.3160,463.5840,0.13896403,96.5800,89.1565,386.3200,393.7435,0.11580336,0.11802862,0.00579017,28.5128,26.5896,4.5557,48.2900,8.9426,333.6000,10.6000,,28.5128,8.0,15.0,30.0,50.8,83.65,243.5702,10.0,0.0,5.576667,16.238016,1.900855,20,39,4,10,0E-8,0.14475420,,0E-8,0.000000,0.844874,0.435897,,2026-04-14,2026-06-27,10,54,51,75,0.133333,,,0.000000,,,,,,,,GLOBAL_BASELINE_NO_ENTITY_RANKING,,,NOT_APPLICABLE_GLOBAL_BASELINE,HF9g-P5,,,,X 全窗基线 · 不参与实体赏罚,8394732,840,A168_HF9F_20260827_0900,2026-08-27 09:00:00
2026-06-19,115400105,2246,0,30.0000000000,-30.0000000000,-30.0000000000,0E-7,1,1,0.49324550000000000,0.493245500000,-0.9865810262130424,-0.9865810262130424,-0.9865810262130424,0E-17,ELIGIBLE,R03b_20260811_FULL_v1,L1_ELIGIBILITY,v2026-08-11,2026-03-21..2026-08-06,baccarat_bet02_101_all_pairs_incl_sentinel,round_win = game_pnl > 0 (decisive only),COMPATIBILITY_ONLY_NOT_PRODUCTION,3336.0000,2818.5000,482.9000,117,106,-0.14475420,,-0.14475420,-0.14475420,-482.9000,3336.0000,OK,0.0000,19.3160,4.0000,96.0000,AG03-UNRESOLVED,ALL5_LEVELS_bet23_to_bet27,19.3160,19.3160,19.3160,19.3160,19.3160,4.000000,4.000000,4.000000,4.000000,4.000000,96.000000,96.000000,96.000000,96.000000,96.000000,5.0,96.5800,89.1565,386.3200,393.7435,PENDING_AG03,FALSE,NOT_FOR_ENFORCEMENT,463.5840,2705.7600,482.9000,463.5840,19.3160,0.14475420,0.13896403,19.3160,463.5840,0.13896403,19.3160,19.3160,19.3160,19.3160,19.3160,463.5840,0.13896403,96.5800,89.1565,386.3200,393.7435,0.11580336,0.11802862,0.00579017,28.5128,26.5896,4.5557,48.2900,8.9426,333.6000,10.6000,,28.5128,8.0,15.0,30.0,50.8,83.65,243.5702,10.0,0.0,5.576667,16.238016,1.900855,20,39,4,10,0E-8,0.14475420,,0E-8,0.000000,0.844874,0.435897,,2026-04-14,2026-06-27,10,54,51,75,0.133333,,,0.000000,,,,,,,,GLOBAL_BASELINE_NO_ENTITY_RANKING,,,NOT_APPLICABLE_GLOBAL_BASELINE,HF9g-P5,,,,X 全窗基线 · 不参与实体赏罚,8394733,840,A168_HF9F_20260827_0900,2026-08-27 09:00:00
2026-06-23,115400105,1318,0,33.0000000000,4.3000000000,4.3000000000,0.7500000,4,4,0.49994810000000000,0.499948100000,1.0002076053883384,1.0002076053883384,1.0002076053883384,0E-17,ELIGIBLE,R03b_20260811_FULL_v1,L1_ELIGIBILITY,v2026-08-11,2026-03-21..2026-08-06,baccarat_bet02_101_all_pairs_incl_sentinel,round_win = game_pnl > 0 (decisive only),COMPATIBILITY_ONLY_NOT_PRODUCTION,3336.0000,2818.5000,482.9000,117,106,-0.14475420,,-0.14475420,-0.14475420,-482.9000,3336.0000,OK,0.0000,19.3160,4.0000,96.0000,AG03-UNRESOLVED,ALL5_LEVELS_bet23_to_bet27,19.3160,19.3160,19.3160,19.3160,19.3160,4.000000,4.000000,4.000000,4.000000,4.000000,96.000000,96.000000,96.000000,96.000000,96.000000,5.0,96.5800,89.1565,386.3200,393.7435,PENDING_AG03,FALSE,NOT_FOR_ENFORCEMENT,463.5840,2705.7600,482.9000,463.5840,19.3160,0.14475420,0.13896403,19.3160,463.5840,0.13896403,19.3160,19.3160,19.3160,19.3160,19.3160,463.5840,0.13896403,96.5800,89.1565,386.3200,393.7435,0.11580336,0.11802862,0.00579017,28.5128,26.5896,4.5557,48.2900,8.9426,333.6000,10.6000,,28.5128,8.0,15.0,30.0,50.8,83.65,243.5702,10.0,0.0,5.576667,16.238016,1.900855,20,39,4,10,0E-8,0.14475420,,0E-8,0.000000,0.844874,0.435897,,2026-04-14,2026-06-27,10,54,51,75,0.133333,,,0.000000,,,,,,,,GLOBAL_BASELINE_NO_ENTITY_RANKING,,,NOT_APPLICABLE_GLOBAL_BASELINE,HF9g-P5,,,,X 全窗基线 · 不参与实体赏罚,8394734,840,A168_HF9F_20260827_0900,2026-08-27 09:00:00
2026-06-23,115400105,1396,0,18.0000000000,18.0000000000,18.0000000000,1.0000000,1,1,0.49324550000000000,0.493245500000,1.01360149184955,1.01360149184955,1.01360149184955,0E-17,ELIGIBLE,R03b_20260811_FULL_v1,L1_ELIGIBILITY,v2026-08-11,2026-03-21..2026-08-06,baccarat_bet02_101_all_pairs_incl_sentinel,round_win = game_pnl > 0 (decisive only),COMPATIBILITY_ONLY_NOT_PRODUCTION,3336.0000,2818.5000,482.9000,117,106,-0.14475420,,-0.14475420,-0.14475420,-482.9000,3336.0000,OK,0.0000,19.3160,4.0000,96.0000,AG03-UNRESOLVED,ALL5_LEVELS_bet23_to_bet27,19.3160,19.3160,19.3160,19.3160,19.3160,4.000000,4.000000,4.000000,4.000000,4.000000,96.000000,96.000000,96.000000,96.000000,96.000000,5.0,96.5800,89.1565,386.3200,393.7435,PENDING_AG03,FALSE,NOT_FOR_ENFORCEMENT,463.5840,2705.7600,482.9000,463.5840,19.3160,0.14475420,0.13896403,19.3160,463.5840,0.13896403,19.3160,19.3160,19.3160,19.3160,19.3160,463.5840,0.13896403,96.5800,89.1565,386.3200,393.7435,0.11580336,0.11802862,0.00579017,28.5128,26.5896,4.5557,48.2900,8.9426,333.6000,10.6000,,28.5128,8.0,15.0,30.0,50.8,83.65,243.5702,10.0,0.0,5.576667,16.238016,1.900855,20,39,4,10,0E-8,0.14475420,,0E-8,0.000000,0.844874,0.435897,,2026-04-14,2026-06-27,10,54,51,75,0.133333,,,0.000000,,,,,,,,GLOBAL_BASELINE_NO_ENTITY_RANKING,,,NOT_APPLICABLE_GLOBAL_BASELINE,HF9g-P5,,,,X 全窗基线 · 不参与实体赏罚,8394735,840,A168_HF9F_20260827_0900,2026-08-27 09:00:00
2026-06-23,115400105,2117,0,43.0000000000,-1.0000000000,-1.0000000000,0.5000000,2,2,0.49324550000000000,0.493245500000,0.01910635448239258,0.01910635448239258,0.01910635448239258,0E-17,ELIGIBLE,R03b_20260811_FULL_v1,L1_ELIGIBILITY,v2026-08-11,2026-03-21..2026-08-06,baccarat_bet02_101_all_pairs_incl_sentinel,round_win = game_pnl > 0 (decisive only),COMPATIBILITY_ONLY_NOT_PRODUCTION,3336.0000,2818.5000,482.9000,117,106,-0.14475420,,-0.14475420,-0.14475420,-482.9000,3336.0000,OK,0.0000,19.3160,4.0000,96.0000,AG03-UNRESOLVED,ALL5_LEVELS_bet23_to_bet27,19.3160,19.3160,19.3160,19.3160,19.3160,4.000000,4.000000,4.000000,4.000000,4.000000,96.000000,96.000000,96.000000,96.000000,96.000000,5.0,96.5800,89.1565,386.3200,393.7435,PENDING_AG03,FALSE,NOT_FOR_ENFORCEMENT,463.5840,2705.7600,482.9000,463.5840,19.3160,0.14475420,0.13896403,19.3160,463.5840,0.13896403,19.3160,19.3160,19.3160,19.3160,19.3160,463.5840,0.13896403,96.5800,89.1565,386.3200,393.7435,0.11580336,0.11802862,0.00579017,28.5128,26.5896,4.5557,48.2900,8.9426,333.6000,10.6000,,28.5128,8.0,15.0,30.0,50.8,83.65,243.5702,10.0,0.0,5.576667,16.238016,1.900855,20,39,4,10,0E-8,0.14475420,,0E-8,0.000000,0.844874,0.435897,,2026-04-14,2026-06-27,10,54,51,75,0.133333,,,0.000000,,,,,,,,GLOBAL_BASELINE_NO_ENTITY_RANKING,,,NOT_APPLICABLE_GLOBAL_BASELINE,HF9g-P5,,,,X 全窗基线 · 不参与实体赏罚,8394736,840,A168_HF9F_20260827_0900,2026-08-27 09:00:00
2026-06-23,115400105,2251,0,9.0000000000,9.0000000000,9.0000000000,1.0000000,1,1,0.49324550000000000,0.493245500000,1.01360149184955,1.01360149184955,1.01360149184955,0E-17,ELIGIBLE,R03b_20260811_FULL_v1,L1_ELIGIBILITY,v2026-08-11,2026-03-21..2026-08-06,baccarat_bet02_101_all_pairs_incl_sentinel,round_win = game_pnl > 0 (decisive only),COMPATIBILITY_ONLY_NOT_PRODUCTION,3336.0000,2818.5000,482.9000,117,106,-0.14475420,,-0.14475420,-0.14475420,-482.9000,3336.0000,OK,0.0000,19.3160,4.0000,96.0000,AG03-UNRESOLVED,ALL5_LEVELS_bet23_to_bet27,19.3160,19.3160,19.3160,19.3160,19.3160,4.000000,4.000000,4.000000,4.000000,4.000000,96.000000,96.000000,96.000000,96.000000,96.000000,5.0,96.5800,89.1565,386.3200,393.7435,PENDING_AG03,FALSE,NOT_FOR_ENFORCEMENT,463.5840,2705.7600,482.9000,463.5840,19.3160,0.14475420,0.13896403,19.3160,463.5840,0.13896403,19.3160,19.3160,19.3160,19.3160,19.3160,463.5840,0.13896403,96.5800,89.1565,386.3200,393.7435,0.11580336,0.11802862,0.00579017,28.5128,26.5896,4.5557,48.2900,8.9426,333.6000,10.6000,,28.5128,8.0,15.0,30.0,50.8,83.65,243.5702,10.0,0.0,5.576667,16.238016,1.900855,20,39,4,10,0E-8,0.14475420,,0E-8,0.000000,0.844874,0.435897,,2026-04-14,2026-06-27,10,54,51,75,0.133333,,,0.000000,,,,,,,,GLOBAL_BASELINE_NO_ENTITY_RANKING,,,NOT_APPLICABLE_GLOBAL_BASELINE,HF9g-P5,,,,X 全窗基线 · 不参与实体赏罚,8394737,840,A168_HF9F_20260827_0900,2026-08-27 09:00:00
2026-06-24,115400105,2145,0,5.0000000000,-5.0000000000,-5.0000000000,0E-7,1,1,0.50665070000000000,0.506650700000,-1.013391052207602,-1.013391052207602,-1.013391052207602,0E-17,ELIGIBLE,R03b_20260811_FULL_v1,L1_ELIGIBILITY,v2026-08-11,2026-03-21..2026-08-06,baccarat_bet02_101_all_pairs_incl_sentinel,round_win = game_pnl > 0 (decisive only),COMPATIBILITY_ONLY_NOT_PRODUCTION,3336.0000,2818.5000,482.9000,117,106,-0.14475420,,-0.14475420,-0.14475420,-482.9000,3336.0000,OK,0.0000,19.3160,4.0000,96.0000,AG03-UNRESOLVED,ALL5_LEVELS_bet23_to_bet27,19.3160,19.3160,19.3160,19.3160,19.3160,4.000000,4.000000,4.000000,4.000000,4.000000,96.000000,96.000000,96.000000,96.000000,96.000000,5.0,96.5800,89.1565,386.3200,393.7435,PENDING_AG03,FALSE,NOT_FOR_ENFORCEMENT,463.5840,2705.7600,482.9000,463.5840,19.3160,0.14475420,0.13896403,19.3160,463.5840,0.13896403,19.3160,19.3160,19.3160,19.3160,19.3160,463.5840,0.13896403,96.5800,89.1565,386.3200,393.7435,0.11580336,0.11802862,0.00579017,28.5128,26.5896,4.5557,48.2900,8.9426,333.6000,10.6000,,28.5128,8.0,15.0,30.0,50.8,83.65,243.5702,10.0,0.0,5.576667,16.238016,1.900855,20,39,4,10,0E-8,0.14475420,,0E-8,0.000000,0.844874,0.435897,,2026-04-14,2026-06-27,10,54,51,75,0.133333,,,0.000000,,,,,,,,GLOBAL_BASELINE_NO_ENTITY_RANKING,,,NOT_APPLICABLE_GLOBAL_BASELINE,HF9g-P5,,,,X 全窗基线 · 不参与实体赏罚,8394738,840,A168_HF9F_20260827_0900,2026-08-27 09:00:00
2026-06-26,115400105,-1,1,35.0000000000,10.0000000000,10.0000000000,0.8000000,6,6,0.49994810000000000,0.499948100000,1.3418728975849028,1.3418728975849028,1.3418728975849028,0E-17,SENTINEL_DEALER,R03b_20260811_FULL_v1,L1_ELIGIBILITY,v2026-08-11,2026-03-21..2026-08-06,baccarat_bet02_101_all_pairs_incl_sentinel,round_win = game_pnl > 0 (decisive only),COMPATIBILITY_ONLY_NOT_PRODUCTION,3336.0000,2818.5000,482.9000,117,106,-0.14475420,,-0.14475420,-0.14475420,-482.9000,3336.0000,OK,0.0000,19.3160,4.0000,96.0000,AG03-UNRESOLVED,ALL5_LEVELS_bet23_to_bet27,19.3160,19.3160,19.3160,19.3160,19.3160,4.000000,4.000000,4.000000,4.000000,4.000000,96.000000,96.000000,96.000000,96.000000,96.000000,5.0,96.5800,89.1565,386.3200,393.7435,PENDING_AG03,FALSE,NOT_FOR_ENFORCEMENT,463.5840,2705.7600,482.9000,463.5840,19.3160,0.14475420,0.13896403,19.3160,463.5840,0.13896403,19.3160,19.3160,19.3160,19.3160,19.3160,463.5840,0.13896403,96.5800,89.1565,386.3200,393.7435,0.11580336,0.11802862,0.00579017,28.5128,26.5896,4.5557,48.2900,8.9426,333.6000,10.6000,,28.5128,8.0,15.0,30.0,50.8,83.65,243.5702,10.0,0.0,5.576667,16.238016,1.900855,20,39,4,10,0E-8,0.14475420,,0E-8,0.000000,0.844874,0.435897,,2026-04-14,2026-06-27,10,54,51,75,0.133333,,,0.000000,,,,,,,,GLOBAL_BASELINE_NO_ENTITY_RANKING,,,NOT_APPLICABLE_GLOBAL_BASELINE,HF9g-P5,,,,X 全窗基线 · 不参与实体赏罚,8394739,840,A168_HF9F_20260827_0900,2026-08-27 09:00:00
2026-06-26,115400105,1399,0,5.0000000000,-5.0000000000,-5.0000000000,0E-7,1,1,0.50665070000000000,0.506650700000,-1.013391052207602,-1.013391052207602,-1.013391052207602,0E-17,ELIGIBLE,R03b_20260811_FULL_v1,L1_ELIGIBILITY,v2026-08-11,2026-03-21..2026-08-06,baccarat_bet02_101_all_pairs_incl_sentinel,round_win = game_pnl > 0 (decisive only),COMPATIBILITY_ONLY_NOT_PRODUCTION,3336.0000,2818.5000,482.9000,117,106,-0.14475420,,-0.14475420,-0.14475420,-482.9000,3336.0000,OK,0.0000,19.3160,4.0000,96.0000,AG03-UNRESOLVED,ALL5_LEVELS_bet23_to_bet27,19.3160,19.3160,19.3160,19.3160,19.3160,4.000000,4.000000,4.000000,4.000000,4.000000,96.000000,96.000000,96.000000,96.000000,96.000000,5.0,96.5800,89.1565,386.3200,393.7435,PENDING_AG03,FALSE,NOT_FOR_ENFORCEMENT,463.5840,2705.7600,482.9000,463.5840,19.3160,0.14475420,0.13896403,19.3160,463.5840,0.13896403,19.3160,19.3160,19.3160,19.3160,19.3160,463.5840,0.13896403,96.5800,89.1565,386.3200,393.7435,0.11580336,0.11802862,0.00579017,28.5128,26.5896,4.5557,48.2900,8.9426,333.6000,10.6000,,28.5128,8.0,15.0,30.0,50.8,83.65,243.5702,10.0,0.0,5.576667,16.238016,1.900855,20,39,4,10,0E-8,0.14475420,,0E-8,0.000000,0.844874,0.435897,,2026-04-14,2026-06-27,10,54,51,75,0.133333,,,0.000000,,,,,,,,GLOBAL_BASELINE_NO_ENTITY_RANKING,,,NOT_APPLICABLE_GLOBAL_BASELINE,HF9g-P5,,,,X 全窗基线 · 不参与实体赏罚,8394740,840,A168_HF9F_20260827_0900,2026-08-27 09:00:00
2026-06-26,115400105,1935,0,35.0000000000,0E-10,0E-10,0.6666667,4,4,0.50665070000000000,0.506650700000,0.5543606114942035,0.5543606114942035,0.5543606114942035,0E-17,ELIGIBLE,R03b_20260811_FULL_v1,L1_ELIGIBILITY,v2026-08-11,2026-03-21..2026-08-06,baccarat_bet02_101_all_pairs_incl_sentinel,round_win = game_pnl > 0 (decisive only),COMPATIBILITY_ONLY_NOT_PRODUCTION,3336.0000,2818.5000,482.9000,117,106,-0.14475420,,-0.14475420,-0.14475420,-482.9000,3336.0000,OK,0.0000,19.3160,4.0000,96.0000,AG03-UNRESOLVED,ALL5_LEVELS_bet23_to_bet27,19.3160,19.3160,19.3160,19.3160,19.3160,4.000000,4.000000,4.000000,4.000000,4.000000,96.000000,96.000000,96.000000,96.000000,96.000000,5.0,96.5800,89.1565,386.3200,393.7435,PENDING_AG03,FALSE,NOT_FOR_ENFORCEMENT,463.5840,2705.7600,482.9000,463.5840,19.3160,0.14475420,0.13896403,19.3160,463.5840,0.13896403,19.3160,19.3160,19.3160,19.3160,19.3160,463.5840,0.13896403,96.5800,89.1565,386.3200,393.7435,0.11580336,0.11802862,0.00579017,28.5128,26.5896,4.5557,48.2900,8.9426,333.6000,10.6000,,28.5128,8.0,15.0,30.0,50.8,83.65,243.5702,10.0,0.0,5.576667,16.238016,1.900855,20,39,4,10,0E-8,0.14475420,,0E-8,0.000000,0.844874,0.435897,,2026-04-14,2026-06-27,10,54,51,75,0.133333,,,0.000000,,,,,,,,GLOBAL_BASELINE_NO_ENTITY_RANKING,,,NOT_APPLICABLE_GLOBAL_BASELINE,HF9g-P5,,,,X 全窗基线 · 不参与实体赏罚,8394741,840,A168_HF9F_20260827_0900,2026-08-27 09:00:00
2026-06-26,115400105,1951,0,65.0000000000,-15.0000000000,-15.0000000000,0.5000000,5,5,0.42156008000000000,0.421560080000,0.31769345658034315,0.31769345658034315,0.31769345658034315,0E-17,ELIGIBLE,R03b_20260811_FULL_v1,L1_ELIGIBILITY,v2026-08-11,2026-03-21..2026-08-06,baccarat_bet02_101_all_pairs_incl_sentinel,round_win = game_pnl > 0 (decisive only),COMPATIBILITY_ONLY_NOT_PRODUCTION,3336.0000,2818.5000,482.9000,117,106,-0.14475420,,-0.14475420,-0.14475420,-482.9000,3336.0000,OK,0.0000,19.3160,4.0000,96.0000,AG03-UNRESOLVED,ALL5_LEVELS_bet23_to_bet27,19.3160,19.3160,19.3160,19.3160,19.3160,4.000000,4.000000,4.000000,4.000000,4.000000,96.000000,96.000000,96.000000,96.000000,96.000000,5.0,96.5800,89.1565,386.3200,393.7435,PENDING_AG03,FALSE,NOT_FOR_ENFORCEMENT,463.5840,2705.7600,482.9000,463.5840,19.3160,0.14475420,0.13896403,19.3160,463.5840,0.13896403,19.3160,19.3160,19.3160,19.3160,19.3160,463.5840,0.13896403,96.5800,89.1565,386.3200,393.7435,0.11580336,0.11802862,0.00579017,28.5128,26.5896,4.5557,48.2900,8.9426,333.6000,10.6000,,28.5128,8.0,15.0,30.0,50.8,83.65,243.5702,10.0,0.0,5.576667,16.238016,1.900855,20,39,4,10,0E-8,0.14475420,,0E-8,0.000000,0.844874,0.435897,,2026-04-14,2026-06-27,10,54,51,75,0.133333,,,0.000000,,,,,,,,GLOBAL_BASELINE_NO_ENTITY_RANKING,,,NOT_APPLICABLE_GLOBAL_BASELINE,HF9g-P5,,,,X 全窗基线 · 不参与实体赏罚,8394742,840,A168_HF9F_20260827_0900,2026-08-27 09:00:00
2026-06-26,115400105,2170,0,10.0000000000,-10.0000000000,-10.0000000000,0E-7,2,2,0.49994810000000000,0.499948100000,-1.4140667746232096,-1.4140667746232096,-1.4140667746232096,0E-17,ELIGIBLE,R03b_20260811_FULL_v1,L1_ELIGIBILITY,v2026-08-11,2026-03-21..2026-08-06,baccarat_bet02_101_all_pairs_incl_sentinel,round_win = game_pnl > 0 (decisive only),COMPATIBILITY_ONLY_NOT_PRODUCTION,3336.0000,2818.5000,482.9000,117,106,-0.14475420,,-0.14475420,-0.14475420,-482.9000,3336.0000,OK,0.0000,19.3160,4.0000,96.0000,AG03-UNRESOLVED,ALL5_LEVELS_bet23_to_bet27,19.3160,19.3160,19.3160,19.3160,19.3160,4.000000,4.000000,4.000000,4.000000,4.000000,96.000000,96.000000,96.000000,96.000000,96.000000,5.0,96.5800,89.1565,386.3200,393.7435,PENDING_AG03,FALSE,NOT_FOR_ENFORCEMENT,463.5840,2705.7600,482.9000,463.5840,19.3160,0.14475420,0.13896403,19.3160,463.5840,0.13896403,19.3160,19.3160,19.3160,19.3160,19.3160,463.5840,0.13896403,96.5800,89.1565,386.3200,393.7435,0.11580336,0.11802862,0.00579017,28.5128,26.5896,4.5557,48.2900,8.9426,333.6000,10.6000,,28.5128,8.0,15.0,30.0,50.8,83.65,243.5702,10.0,0.0,5.576667,16.238016,1.900855,20,39,4,10,0E-8,0.14475420,,0E-8,0.000000,0.844874,0.435897,,2026-04-14,2026-06-27,10,54,51,75,0.133333,,,0.000000,,,,,,,,GLOBAL_BASELINE_NO_ENTITY_RANKING,,,NOT_APPLICABLE_GLOBAL_BASELINE,HF9g-P5,,,,X 全窗基线 · 不参与实体赏罚,8394743,840,A168_HF9F_20260827_0900,2026-08-27 09:00:00
2026-06-27,115400105,-1,1,216.0000000000,-108.0000000000,-108.0000000000,0.5000000,9,8,0.49247425833333333,0.484229175000,0.04257684683251016,0.08925766961048817,0.04257684683251016,0.00824508333333333,SENTINEL_DEALER,R03b_20260811_FULL_v1,L1_ELIGIBILITY,v2026-08-11,2026-03-21..2026-08-06,baccarat_bet02_101_all_pairs_incl_sentinel,round_win = game_pnl > 0 (decisive only),COMPATIBILITY_ONLY_NOT_PRODUCTION,3336.0000,2818.5000,482.9000,117,106,-0.14475420,,-0.14475420,-0.14475420,-482.9000,3336.0000,OK,0.0000,19.3160,4.0000,96.0000,AG03-UNRESOLVED,ALL5_LEVELS_bet23_to_bet27,19.3160,19.3160,19.3160,19.3160,19.3160,4.000000,4.000000,4.000000,4.000000,4.000000,96.000000,96.000000,96.000000,96.000000,96.000000,5.0,96.5800,89.1565,386.3200,393.7435,PENDING_AG03,FALSE,NOT_FOR_ENFORCEMENT,463.5840,2705.7600,482.9000,463.5840,19.3160,0.14475420,0.13896403,19.3160,463.5840,0.13896403,19.3160,19.3160,19.3160,19.3160,19.3160,463.5840,0.13896403,96.5800,89.1565,386.3200,393.7435,0.11580336,0.11802862,0.00579017,28.5128,26.5896,4.5557,48.2900,8.9426,333.6000,10.6000,,28.5128,8.0,15.0,30.0,50.8,83.65,243.5702,10.0,0.0,5.576667,16.238016,1.900855,20,39,4,10,0E-8,0.14475420,,0E-8,0.000000,0.844874,0.435897,,2026-04-14,2026-06-27,10,54,51,75,0.133333,,,0.000000,,,,,,,,GLOBAL_BASELINE_NO_ENTITY_RANKING,,,NOT_APPLICABLE_GLOBAL_BASELINE,HF9g-P5,,,,X 全窗基线 · 不参与实体赏罚,8394744,840,A168_HF9F_20260827_0900,2026-08-27 09:00:00
2026-06-27,115400105,1330,0,20.0000000000,19.0000000000,19.0000000000,1.0000000,1,1,0.50665070000000000,0.506650700000,0.9867858985152569,0.9867858985152569,0.9867858985152569,0E-17,ELIGIBLE,R03b_20260811_FULL_v1,L1_ELIGIBILITY,v2026-08-11,2026-03-21..2026-08-06,baccarat_bet02_101_all_pairs_incl_sentinel,round_win = game_pnl > 0 (decisive only),COMPATIBILITY_ONLY_NOT_PRODUCTION,3336.0000,2818.5000,482.9000,117,106,-0.14475420,,-0.14475420,-0.14475420,-482.9000,3336.0000,OK,0.0000,19.3160,4.0000,96.0000,AG03-UNRESOLVED,ALL5_LEVELS_bet23_to_bet27,19.3160,19.3160,19.3160,19.3160,19.3160,4.000000,4.000000,4.000000,4.000000,4.000000,96.000000,96.000000,96.000000,96.000000,96.000000,5.0,96.5800,89.1565,386.3200,393.7435,PENDING_AG03,FALSE,NOT_FOR_ENFORCEMENT,463.5840,2705.7600,482.9000,463.5840,19.3160,0.14475420,0.13896403,19.3160,463.5840,0.13896403,19.3160,19.3160,19.3160,19.3160,19.3160,463.5840,0.13896403,96.5800,89.1565,386.3200,393.7435,0.11580336,0.11802862,0.00579017,28.5128,26.5896,4.5557,48.2900,8.9426,333.6000,10.6000,,28.5128,8.0,15.0,30.0,50.8,83.65,243.5702,10.0,0.0,5.576667,16.238016,1.900855,20,39,4,10,0E-8,0.14475420,,0E-8,0.000000,0.844874,0.435897,,2026-04-14,2026-06-27,10,54,51,75,0.133333,,,0.000000,,,,,,,,GLOBAL_BASELINE_NO_ENTITY_RANKING,,,NOT_APPLICABLE_GLOBAL_BASELINE,HF9g-P5,,,,X 全窗基线 · 不参与实体赏罚,8394745,840,A168_HF9F_20260827_0900,2026-08-27 09:00:00
2026-06-27,115400105,1400,0,9.0000000000,9.0000000000,9.0000000000,1.0000000,1,1,0.49324550000000000,0.493245500000,1.01360149184955,1.01360149184955,1.01360149184955,0E-17,ELIGIBLE,R03b_20260811_FULL_v1,L1_ELIGIBILITY,v2026-08-11,2026-03-21..2026-08-06,baccarat_bet02_101_all_pairs_incl_sentinel,round_win = game_pnl > 0 (decisive only),COMPATIBILITY_ONLY_NOT_PRODUCTION,3336.0000,2818.5000,482.9000,117,106,-0.14475420,,-0.14475420,-0.14475420,-482.9000,3336.0000,OK,0.0000,19.3160,4.0000,96.0000,AG03-UNRESOLVED,ALL5_LEVELS_bet23_to_bet27,19.3160,19.3160,19.3160,19.3160,19.3160,4.000000,4.000000,4.000000,4.000000,4.000000,96.000000,96.000000,96.000000,96.000000,96.000000,5.0,96.5800,89.1565,386.3200,393.7435,PENDING_AG03,FALSE,NOT_FOR_ENFORCEMENT,463.5840,2705.7600,482.9000,463.5840,19.3160,0.14475420,0.13896403,19.3160,463.5840,0.13896403,19.3160,19.3160,19.3160,19.3160,19.3160,463.5840,0.13896403,96.5800,89.1565,386.3200,393.7435,0.11580336,0.11802862,0.00579017,28.5128,26.5896,4.5557,48.2900,8.9426,333.6000,10.6000,,28.5128,8.0,15.0,30.0,50.8,83.65,243.5702,10.0,0.0,5.576667,16.238016,1.900855,20,39,4,10,0E-8,0.14475420,,0E-8,0.000000,0.844874,0.435897,,2026-04-14,2026-06-27,10,54,51,75,0.133333,,,0.000000,,,,,,,,GLOBAL_BASELINE_NO_ENTITY_RANKING,,,NOT_APPLICABLE_GLOBAL_BASELINE,HF9g-P5,,,,X 全窗基线 · 不参与实体赏罚,8394746,840,A168_HF9F_20260827_0900,2026-08-27 09:00:00
2026-06-27,115400105,1704,0,20.0000000000,-20.0000000000,-20.0000000000,0E-7,1,1,0.49324550000000000,0.493245500000,-0.9865810262130424,-0.9865810262130424,-0.9865810262130424,0E-17,ELIGIBLE,R03b_20260811_FULL_v1,L1_ELIGIBILITY,v2026-08-11,2026-03-21..2026-08-06,baccarat_bet02_101_all_pairs_incl_sentinel,round_win = game_pnl > 0 (decisive only),COMPATIBILITY_ONLY_NOT_PRODUCTION,3336.0000,2818.5000,482.9000,117,106,-0.14475420,,-0.14475420,-0.14475420,-482.9000,3336.0000,OK,0.0000,19.3160,4.0000,96.0000,AG03-UNRESOLVED,ALL5_LEVELS_bet23_to_bet27,19.3160,19.3160,19.3160,19.3160,19.3160,4.000000,4.000000,4.000000,4.000000,4.000000,96.000000,96.000000,96.000000,96.000000,96.000000,5.0,96.5800,89.1565,386.3200,393.7435,PENDING_AG03,FALSE,NOT_FOR_ENFORCEMENT,463.5840,2705.7600,482.9000,463.5840,19.3160,0.14475420,0.13896403,19.3160,463.5840,0.13896403,19.3160,19.3160,19.3160,19.3160,19.3160,463.5840,0.13896403,96.5800,89.1565,386.3200,393.7435,0.11580336,0.11802862,0.00579017,28.5128,26.5896,4.5557,48.2900,8.9426,333.6000,10.6000,,28.5128,8.0,15.0,30.0,50.8,83.65,243.5702,10.0,0.0,5.576667,16.238016,1.900855,20,39,4,10,0E-8,0.14475420,,0E-8,0.000000,0.844874,0.435897,,2026-04-14,2026-06-27,10,54,51,75,0.133333,,,0.000000,,,,,,,,GLOBAL_BASELINE_NO_ENTITY_RANKING,,,NOT_APPLICABLE_GLOBAL_BASELINE,HF9g-P5,,,,X 全窗基线 · 不参与实体赏罚,8394747,840,A168_HF9F_20260827_0900,2026-08-27 09:00:00
2026-06-27,115400105,1994,0,20.0000000000,-20.0000000000,-20.0000000000,0E-7,1,1,0.09460280000000000,0.094602800000,-0.32324545095860213,-0.32324545095860213,-0.32324545095860213,0E-17,ELIGIBLE,R03b_20260811_FULL_v1,L1_ELIGIBILITY,v2026-08-11,2026-03-21..2026-08-06,baccarat_bet02_101_all_pairs_incl_sentinel,round_win = game_pnl > 0 (decisive only),COMPATIBILITY_ONLY_NOT_PRODUCTION,3336.0000,2818.5000,482.9000,117,106,-0.14475420,,-0.14475420,-0.14475420,-482.9000,3336.0000,OK,0.0000,19.3160,4.0000,96.0000,AG03-UNRESOLVED,ALL5_LEVELS_bet23_to_bet27,19.3160,19.3160,19.3160,19.3160,19.3160,4.000000,4.000000,4.000000,4.000000,4.000000,96.000000,96.000000,96.000000,96.000000,96.000000,5.0,96.5800,89.1565,386.3200,393.7435,PENDING_AG03,FALSE,NOT_FOR_ENFORCEMENT,463.5840,2705.7600,482.9000,463.5840,19.3160,0.14475420,0.13896403,19.3160,463.5840,0.13896403,19.3160,19.3160,19.3160,19.3160,19.3160,463.5840,0.13896403,96.5800,89.1565,386.3200,393.7435,0.11580336,0.11802862,0.00579017,28.5128,26.5896,4.5557,48.2900,8.9426,333.6000,10.6000,,28.5128,8.0,15.0,30.0,50.8,83.65,243.5702,10.0,0.0,5.576667,16.238016,1.900855,20,39,4,10,0E-8,0.14475420,,0E-8,0.000000,0.844874,0.435897,,2026-04-14,2026-06-27,10,54,51,75,0.133333,,,0.000000,,,,,,,,GLOBAL_BASELINE_NO_ENTITY_RANKING,,,NOT_APPLICABLE_GLOBAL_BASELINE,HF9g-P5,,,,X 全窗基线 · 不参与实体赏罚,8394748,840,A168_HF9F_20260827_0900,2026-08-27 09:00:00
2026-06-27,115400105,2117,0,21.0000000000,-21.0000000000,-21.0000000000,0E-7,1,1,0.49324550000000000,0.493245500000,-0.9865810262130424,-0.9865810262130424,-0.9865810262130424,0E-17,ELIGIBLE,R03b_20260811_FULL_v1,L1_ELIGIBILITY,v2026-08-11,2026-03-21..2026-08-06,baccarat_bet02_101_all_pairs_incl_sentinel,round_win = game_pnl > 0 (decisive only),COMPATIBILITY_ONLY_NOT_PRODUCTION,3336.0000,2818.5000,482.9000,117,106,-0.14475420,,-0.14475420,-0.14475420,-482.9000,3336.0000,OK,0.0000,19.3160,4.0000,96.0000,AG03-UNRESOLVED,ALL5_LEVELS_bet23_to_bet27,19.3160,19.3160,19.3160,19.3160,19.3160,4.000000,4.000000,4.000000,4.000000,4.000000,96.000000,96.000000,96.000000,96.000000,96.000000,5.0,96.5800,89.1565,386.3200,393.7435,PENDING_AG03,FALSE,NOT_FOR_ENFORCEMENT,463.5840,2705.7600,482.9000,463.5840,19.3160,0.14475420,0.13896403,19.3160,463.5840,0.13896403,19.3160,19.3160,19.3160,19.3160,19.3160,463.5840,0.13896403,96.5800,89.1565,386.3200,393.7435,0.11580336,0.11802862,0.00579017,28.5128,26.5896,4.5557,48.2900,8.9426,333.6000,10.6000,,28.5128,8.0,15.0,30.0,50.8,83.65,243.5702,10.0,0.0,5.576667,16.238016,1.900855,20,39,4,10,0E-8,0.14475420,,0E-8,0.000000,0.844874,0.435897,,2026-04-14,2026-06-27,10,54,51,75,0.133333,,,0.000000,,,,,,,,GLOBAL_BASELINE_NO_ENTITY_RANKING,,,NOT_APPLICABLE_GLOBAL_BASELINE,HF9g-P5,,,,X 全窗基线 · 不参与实体赏罚,8394749,840,A168_HF9F_20260827_0900,2026-08-27 09:00:00
2026-06-27,115400105,2134,0,40.0000000000,0E-10,0E-10,,1,1,0.49324550000000000,0.493245500000,,,,0E-17,NO_DECISIVE_ROUND,R03b_20260811_FULL_v1,L1_ELIGIBILITY,v2026-08-11,2026-03-21..2026-08-06,baccarat_bet02_101_all_pairs_incl_sentinel,round_win = game_pnl > 0 (decisive only),COMPATIBILITY_ONLY_NOT_PRODUCTION,3336.0000,2818.5000,482.9000,117,106,-0.14475420,,-0.14475420,-0.14475420,-482.9000,3336.0000,OK,0.0000,19.3160,4.0000,96.0000,AG03-UNRESOLVED,ALL5_LEVELS_bet23_to_bet27,19.3160,19.3160,19.3160,19.3160,19.3160,4.000000,4.000000,4.000000,4.000000,4.000000,96.000000,96.000000,96.000000,96.000000,96.000000,5.0,96.5800,89.1565,386.3200,393.7435,PENDING_AG03,FALSE,NOT_FOR_ENFORCEMENT,463.5840,2705.7600,482.9000,463.5840,19.3160,0.14475420,0.13896403,19.3160,463.5840,0.13896403,19.3160,19.3160,19.3160,19.3160,19.3160,463.5840,0.13896403,96.5800,89.1565,386.3200,393.7435,0.11580336,0.11802862,0.00579017,28.5128,26.5896,4.5557,48.2900,8.9426,333.6000,10.6000,,28.5128,8.0,15.0,30.0,50.8,83.65,243.5702,10.0,0.0,5.576667,16.238016,1.900855,20,39,4,10,0E-8,0.14475420,,0E-8,0.000000,0.844874,0.435897,,2026-04-14,2026-06-27,10,54,51,75,0.133333,,,0.000000,,,,,,,,GLOBAL_BASELINE_NO_ENTITY_RANKING,,,NOT_APPLICABLE_GLOBAL_BASELINE,HF9g-P5,,,,X 全窗基线 · 不参与实体赏罚,8394750,840,A168_HF9F_20260827_0900,2026-08-27 09:00:00
2026-06-27,115400105,2188,0,20.0000000000,-20.0000000000,-20.0000000000,0E-7,1,1,0.49324550000000000,0.493245500000,-0.9865810262130424,-0.9865810262130424,-0.9865810262130424,0E-17,ELIGIBLE,R03b_20260811_FULL_v1,L1_ELIGIBILITY,v2026-08-11,2026-03-21..2026-08-06,baccarat_bet02_101_all_pairs_incl_sentinel,round_win = game_pnl > 0 (decisive only),COMPATIBILITY_ONLY_NOT_PRODUCTION,3336.0000,2818.5000,482.9000,117,106,-0.14475420,,-0.14475420,-0.14475420,-482.9000,3336.0000,OK,0.0000,19.3160,4.0000,96.0000,AG03-UNRESOLVED,ALL5_LEVELS_bet23_to_bet27,19.3160,19.3160,19.3160,19.3160,19.3160,4.000000,4.000000,4.000000,4.000000,4.000000,96.000000,96.000000,96.000000,96.000000,96.000000,5.0,96.5800,89.1565,386.3200,393.7435,PENDING_AG03,FALSE,NOT_FOR_ENFORCEMENT,463.5840,2705.7600,482.9000,463.5840,19.3160,0.14475420,0.13896403,19.3160,463.5840,0.13896403,19.3160,19.3160,19.3160,19.3160,19.3160,463.5840,0.13896403,96.5800,89.1565,386.3200,393.7435,0.11580336,0.11802862,0.00579017,28.5128,26.5896,4.5557,48.2900,8.9426,333.6000,10.6000,,28.5128,8.0,15.0,30.0,50.8,83.65,243.5702,10.0,0.0,5.576667,16.238016,1.900855,20,39,4,10,0E-8,0.14475420,,0E-8,0.000000,0.844874,0.435897,,2026-04-14,2026-06-27,10,54,51,75,0.133333,,,0.000000,,,,,,,,GLOBAL_BASELINE_NO_ENTITY_RANKING,,,NOT_APPLICABLE_GLOBAL_BASELINE,HF9g-P5,,,,X 全窗基线 · 不参与实体赏罚,8394751,840,A168_HF9F_20260827_0900,2026-08-27 09:00:00
2026-06-27,115400105,2216,0,90.0000000000,60.0000000000,60.0000000000,0.8333333,6,6,0.47143616666666667,0.471436166667,1.7758269315326185,1.775826931530915,1.7758269315326185,-3.3333E-13,ELIGIBLE,R03b_20260811_FULL_v1,L1_ELIGIBILITY,v2026-08-11,2026-03-21..2026-08-06,baccarat_bet02_101_all_pairs_incl_sentinel,round_win = game_pnl > 0 (decisive only),COMPATIBILITY_ONLY_NOT_PRODUCTION,3336.0000,2818.5000,482.9000,117,106,-0.14475420,,-0.14475420,-0.14475420,-482.9000,3336.0000,OK,0.0000,19.3160,4.0000,96.0000,AG03-UNRESOLVED,ALL5_LEVELS_bet23_to_bet27,19.3160,19.3160,19.3160,19.3160,19.3160,4.000000,4.000000,4.000000,4.000000,4.000000,96.000000,96.000000,96.000000,96.000000,96.000000,5.0,96.5800,89.1565,386.3200,393.7435,PENDING_AG03,FALSE,NOT_FOR_ENFORCEMENT,463.5840,2705.7600,482.9000,463.5840,19.3160,0.14475420,0.13896403,19.3160,463.5840,0.13896403,19.3160,19.3160,19.3160,19.3160,19.3160,463.5840,0.13896403,96.5800,89.1565,386.3200,393.7435,0.11580336,0.11802862,0.00579017,28.5128,26.5896,4.5557,48.2900,8.9426,333.6000,10.6000,,28.5128,8.0,15.0,30.0,50.8,83.65,243.5702,10.0,0.0,5.576667,16.238016,1.900855,20,39,4,10,0E-8,0.14475420,,0E-8,0.000000,0.844874,0.435897,,2026-04-14,2026-06-27,10,54,51,75,0.133333,,,0.000000,,,,,,,,GLOBAL_BASELINE_NO_ENTITY_RANKING,,,NOT_APPLICABLE_GLOBAL_BASELINE,HF9g-P5,,,,X 全窗基线 · 不参与实体赏罚,8394752,840,A168_HF9F_20260827_0900,2026-08-27 09:00:00
2026-06-27,115400105,2222,0,89.0000000000,0.5000000000,0.5000000000,0.5000000,13,8,0.44597467455559147,0.436634066667,0.2662276198874223,0.31295173384127234,0.2662276198874223,0.00934060788859147,ELIGIBLE,R03b_20260811_FULL_v1,L1_ELIGIBILITY,v2026-08-11,2026-03-21..2026-08-06,baccarat_bet02_101_all_pairs_incl_sentinel,round_win = game_pnl > 0 (decisive only),COMPATIBILITY_ONLY_NOT_PRODUCTION,3336.0000,2818.5000,482.9000,117,106,-0.14475420,,-0.14475420,-0.14475420,-482.9000,3336.0000,OK,0.0000,19.3160,4.0000,96.0000,AG03-UNRESOLVED,ALL5_LEVELS_bet23_to_bet27,19.3160,19.3160,19.3160,19.3160,19.3160,4.000000,4.000000,4.000000,4.000000,4.000000,96.000000,96.000000,96.000000,96.000000,96.000000,5.0,96.5800,89.1565,386.3200,393.7435,PENDING_AG03,FALSE,NOT_FOR_ENFORCEMENT,463.5840,2705.7600,482.9000,463.5840,19.3160,0.14475420,0.13896403,19.3160,463.5840,0.13896403,19.3160,19.3160,19.3160,19.3160,19.3160,463.5840,0.13896403,96.5800,89.1565,386.3200,393.7435,0.11580336,0.11802862,0.00579017,28.5128,26.5896,4.5557,48.2900,8.9426,333.6000,10.6000,,28.5128,8.0,15.0,30.0,50.8,83.65,243.5702,10.0,0.0,5.576667,16.238016,1.900855,20,39,4,10,0E-8,0.14475420,,0E-8,0.000000,0.844874,0.435897,,2026-04-14,2026-06-27,10,54,51,75,0.133333,,,0.000000,,,,,,,,GLOBAL_BASELINE_NO_ENTITY_RANKING,,,NOT_APPLICABLE_GLOBAL_BASELINE,HF9g-P5,,,,X 全窗基线 · 不参与实体赏罚,8394753,840,A168_HF9F_20260827_0900,2026-08-27 09:00:00
2026-05-10,149852371,-1,1,1424.1606559109,-440.7010533990,-440.7010533990,0.4130435,115,48,0.45414633551750541,0.334702849583,-0.5599057227892413,1.125974179901081,-0.5599057227892413,0.11944348593450541,SENTINEL_DEALER,R03b_20260811_FULL_v1,L1_ELIGIBILITY,v2026-08-11,2026-03-21..2026-08-06,baccarat_bet02_101_all_pairs_incl_sentinel,round_win = game_pnl > 0 (decisive only),COMPATIBILITY_ONLY_NOT_PRODUCTION,11632.7054,10698.3933,477.9275,991,458,-0.04108481,-0.72602740,-0.02634800,-0.04108481,-477.9275,11632.7054,OK,0.0000,14.3378,3.0000,97.0000,AG03-UNRESOLVED,ALL5_LEVELS_bet23_to_bet27,14.3378,14.3378,14.3378,19.1171,19.1171,3.000000,3.000000,3.000000,4.000000,4.000000,97.000000,97.000000,97.000000,96.000000,96.000000,5.0,81.2477,75.9334,396.6798,401.9941,PENDING_AG03,FALSE,NOT_FOR_ENFORCEMENT,463.5897,10377.4415,477.9275,463.5897,14.3378,0.04108481,0.03985227,14.3378,463.5897,0.03985227,14.3378,14.3378,14.3378,19.1171,19.1171,463.5897,0.03985227,81.2477,75.9334,396.6798,401.9941,0.03410039,0.03455723,0.00123254,11.7384,23.3589,1.0435,68.2754,3.1443,1661.8151,65.4286,11.1369,11.7520,2.5946,5.1891,18.5152,29.8317,38.8253,47.9866,2.854,-2.5946,7.482018,9.247507,2.262098,29,75,5,8,0.02106223,0.04108481,0.72602740,0E-8,0.000000,0.919682,0.000000,-0.69967940,2026-05-10,2026-07-27,7,152,94,79,0.088608,0.947655,0.948758,0.070207,,,,,,,,GLOBAL_BASELINE_NO_ENTITY_RANKING,,,NOT_APPLICABLE_GLOBAL_BASELINE,HF9g-P5,,,,X 全窗基线 · 不参与实体赏罚,8394754,840,A168_HF9F_20260827_0900,2026-08-27 09:00:00
2026-05-10,149852371,1004,0,145.5554978986,39.5672253644,39.5672253644,0.8000000,11,6,0.46293658316775219,0.356004419445,1.5115519744090238,2.0734545077494677,1.5115519744090238,0.10693216372275219,ELIGIBLE,R03b_20260811_FULL_v1,L1_ELIGIBILITY,v2026-08-11,2026-03-21..2026-08-06,baccarat_bet02_101_all_pairs_incl_sentinel,round_win = game_pnl > 0 (decisive only),COMPATIBILITY_ONLY_NOT_PRODUCTION,11632.7054,10698.3933,477.9275,991,458,-0.04108481,-0.72602740,-0.02634800,-0.04108481,-477.9275,11632.7054,OK,0.0000,14.3378,3.0000,97.0000,AG03-UNRESOLVED,ALL5_LEVELS_bet23_to_bet27,14.3378,14.3378,14.3378,19.1171,19.1171,3.000000,3.000000,3.000000,4.000000,4.000000,97.000000,97.000000,97.000000,96.000000,96.000000,5.0,81.2477,75.9334,396.6798,401.9941,PENDING_AG03,FALSE,NOT_FOR_ENFORCEMENT,463.5897,10377.4415,477.9275,463.5897,14.3378,0.04108481,0.03985227,14.3378,463.5897,0.03985227,14.3378,14.3378,14.3378,19.1171,19.1171,463.5897,0.03985227,81.2477,75.9334,396.6798,401.9941,0.03410039,0.03455723,0.00123254,11.7384,23.3589,1.0435,68.2754,3.1443,1661.8151,65.4286,11.1369,11.7520,2.5946,5.1891,18.5152,29.8317,38.8253,47.9866,2.854,-2.5946,7.482018,9.247507,2.262098,29,75,5,8,0.02106223,0.04108481,0.72602740,0E-8,0.000000,0.919682,0.000000,-0.69967940,2026-05-10,2026-07-27,7,152,94,79,0.088608,0.947655,0.948758,0.070207,,,,,,,,GLOBAL_BASELINE_NO_ENTITY_RANKING,,,NOT_APPLICABLE_GLOBAL_BASELINE,HF9g-P5,,,,X 全窗基线 · 不参与实体赏罚,8394755,840,A168_HF9F_20260827_0900,2026-08-27 09:00:00
2026-05-10,149852371,1078,0,105.5990867105,-94.1829692283,-94.1829692283,0.2500000,5,4,0.48235956071428572,0.446766462500,-0.9300172380990547,-0.7915649242834288,-0.9300172380990547,0.03559309821428572,ELIGIBLE,R03b_20260811_FULL_v1,L1_ELIGIBILITY,v2026-08-11,2026-03-21..2026-08-06,baccarat_bet02_101_all_pairs_incl_sentinel,round_win = game_pnl > 0 (decisive only),COMPATIBILITY_ONLY_NOT_PRODUCTION,11632.7054,10698.3933,477.9275,991,458,-0.04108481,-0.72602740,-0.02634800,-0.04108481,-477.9275,11632.7054,OK,0.0000,14.3378,3.0000,97.0000,AG03-UNRESOLVED,ALL5_LEVELS_bet23_to_bet27,14.3378,14.3378,14.3378,19.1171,19.1171,3.000000,3.000000,3.000000,4.000000,4.000000,97.000000,97.000000,97.000000,96.000000,96.000000,5.0,81.2477,75.9334,396.6798,401.9941,PENDING_AG03,FALSE,NOT_FOR_ENFORCEMENT,463.5897,10377.4415,477.9275,463.5897,14.3378,0.04108481,0.03985227,14.3378,463.5897,0.03985227,14.3378,14.3378,14.3378,19.1171,19.1171,463.5897,0.03985227,81.2477,75.9334,396.6798,401.9941,0.03410039,0.03455723,0.00123254,11.7384,23.3589,1.0435,68.2754,3.1443,1661.8151,65.4286,11.1369,11.7520,2.5946,5.1891,18.5152,29.8317,38.8253,47.9866,2.854,-2.5946,7.482018,9.247507,2.262098,29,75,5,8,0.02106223,0.04108481,0.72602740,0E-8,0.000000,0.919682,0.000000,-0.69967940,2026-05-10,2026-07-27,7,152,94,79,0.088608,0.947655,0.948758,0.070207,,,,,,,,GLOBAL_BASELINE_NO_ENTITY_RANKING,,,NOT_APPLICABLE_GLOBAL_BASELINE,HF9g-P5,,,,X 全窗基线 · 不参与实体赏罚,8394756,840,A168_HF9F_20260827_0900,2026-08-27 09:00:00
2026-05-10,149852371,1115,0,49.2968709461,-49.2968709461,-49.2968709461,0E-7,4,1,0.43733522631466461,0.177402200000,-0.8816218940488547,-0.46439306844574846,-0.8816218940488547,0.25993302631466461,ELIGIBLE,R03b_20260811_FULL_v1,L1_ELIGIBILITY,v2026-08-11,2026-03-21..2026-08-06,baccarat_bet02_101_all_pairs_incl_sentinel,round_win = game_pnl > 0 (decisive only),COMPATIBILITY_ONLY_NOT_PRODUCTION,11632.7054,10698.3933,477.9275,991,458,-0.04108481,-0.72602740,-0.02634800,-0.04108481,-477.9275,11632.7054,OK,0.0000,14.3378,3.0000,97.0000,AG03-UNRESOLVED,ALL5_LEVELS_bet23_to_bet27,14.3378,14.3378,14.3378,19.1171,19.1171,3.000000,3.000000,3.000000,4.000000,4.000000,97.000000,97.000000,97.000000,96.000000,96.000000,5.0,81.2477,75.9334,396.6798,401.9941,PENDING_AG03,FALSE,NOT_FOR_ENFORCEMENT,463.5897,10377.4415,477.9275,463.5897,14.3378,0.04108481,0.03985227,14.3378,463.5897,0.03985227,14.3378,14.3378,14.3378,19.1171,19.1171,463.5897,0.03985227,81.2477,75.9334,396.6798,401.9941,0.03410039,0.03455723,0.00123254,11.7384,23.3589,1.0435,68.2754,3.1443,1661.8151,65.4286,11.1369,11.7520,2.5946,5.1891,18.5152,29.8317,38.8253,47.9866,2.854,-2.5946,7.482018,9.247507,2.262098,29,75,5,8,0.02106223,0.04108481,0.72602740,0E-8,0.000000,0.919682,0.000000,-0.69967940,2026-05-10,2026-07-27,7,152,94,79,0.088608,0.947655,0.948758,0.070207,,,,,,,,GLOBAL_BASELINE_NO_ENTITY_RANKING,,,NOT_APPLICABLE_GLOBAL_BASELINE,HF9g-P5,,,,X 全窗基线 · 不参与实体赏罚,8394757,840,A168_HF9F_20260827_0900,2026-08-27 09:00:00
2026-05-10,149852371,1157,0,28.5402937057,-28.5402937057,-28.5402937057,0E-7,3,1,0.41895441818077697,0.220844866667,-0.8491380180076906,-0.5323922027720716,-0.8491380180076906,0.19810955151377697,ELIGIBLE,R03b_20260811_FULL_v1,L1_ELIGIBILITY,v2026-08-11,2026-03-21..2026-08-06,baccarat_bet02_101_all_pairs_incl_sentinel,round_win = game_pnl > 0 (decisive only),COMPATIBILITY_ONLY_NOT_PRODUCTION,11632.7054,10698.3933,477.9275,991,458,-0.04108481,-0.72602740,-0.02634800,-0.04108481,-477.9275,11632.7054,OK,0.0000,14.3378,3.0000,97.0000,AG03-UNRESOLVED,ALL5_LEVELS_bet23_to_bet27,14.3378,14.3378,14.3378,19.1171,19.1171,3.000000,3.000000,3.000000,4.000000,4.000000,97.000000,97.000000,97.000000,96.000000,96.000000,5.0,81.2477,75.9334,396.6798,401.9941,PENDING_AG03,FALSE,NOT_FOR_ENFORCEMENT,463.5897,10377.4415,477.9275,463.5897,14.3378,0.04108481,0.03985227,14.3378,463.5897,0.03985227,14.3378,14.3378,14.3378,19.1171,19.1171,463.5897,0.03985227,81.2477,75.9334,396.6798,401.9941,0.03410039,0.03455723,0.00123254,11.7384,23.3589,1.0435,68.2754,3.1443,1661.8151,65.4286,11.1369,11.7520,2.5946,5.1891,18.5152,29.8317,38.8253,47.9866,2.854,-2.5946,7.482018,9.247507,2.262098,29,75,5,8,0.02106223,0.04108481,0.72602740,0E-8,0.000000,0.919682,0.000000,-0.69967940,2026-05-10,2026-07-27,7,152,94,79,0.088608,0.947655,0.948758,0.070207,,,,,,,,GLOBAL_BASELINE_NO_ENTITY_RANKING,,,NOT_APPLICABLE_GLOBAL_BASELINE,HF9g-P5,,,,X 全窗基线 · 不参与实体赏罚,8394758,840,A168_HF9F_20260827_0900,2026-08-27 09:00:00
2026-05-10,149852371,1353,0,80.4317368068,22.7025063566,22.7025063566,0.7500000,6,4,0.47757192954518791,0.426838941667,1.0908102294963922,1.3067083378101472,1.0908102294963922,0.05073298787818791,ELIGIBLE,R03b_20260811_FULL_v1,L1_ELIGIBILITY,v2026-08-11,2026-03-21..2026-08-06,baccarat_bet02_101_all_pairs_incl_sentinel,round_win = game_pnl > 0 (decisive only),COMPATIBILITY_ONLY_NOT_PRODUCTION,11632.7054,10698.3933,477.9275,991,458,-0.04108481,-0.72602740,-0.02634800,-0.04108481,-477.9275,11632.7054,OK,0.0000,14.3378,3.0000,97.0000,AG03-UNRESOLVED,ALL5_LEVELS_bet23_to_bet27,14.3378,14.3378,14.3378,19.1171,19.1171,3.000000,3.000000,3.000000,4.000000,4.000000,97.000000,97.000000,97.000000,96.000000,96.000000,5.0,81.2477,75.9334,396.6798,401.9941,PENDING_AG03,FALSE,NOT_FOR_ENFORCEMENT,463.5897,10377.4415,477.9275,463.5897,14.3378,0.04108481,0.03985227,14.3378,463.5897,0.03985227,14.3378,14.3378,14.3378,19.1171,19.1171,463.5897,0.03985227,81.2477,75.9334,396.6798,401.9941,0.03410039,0.03455723,0.00123254,11.7384,23.3589,1.0435,68.2754,3.1443,1661.8151,65.4286,11.1369,11.7520,2.5946,5.1891,18.5152,29.8317,38.8253,47.9866,2.854,-2.5946,7.482018,9.247507,2.262098,29,75,5,8,0.02106223,0.04108481,0.72602740,0E-8,0.000000,0.919682,0.000000,-0.69967940,2026-05-10,2026-07-27,7,152,94,79,0.088608,0.947655,0.948758,0.070207,,,,,,,,GLOBAL_BASELINE_NO_ENTITY_RANKING,,,NOT_APPLICABLE_GLOBAL_BASELINE,HF9g-P5,,,,X 全窗基线 · 不参与实体赏罚,8394759,840,A168_HF9F_20260827_0900,2026-08-27 09:00:00
2026-05-10,149852371,1363,0,146.5933267608,-7.5242592500,-7.5242592500,0.5000000,14,6,0.44266668140137383,0.295073133334,0.28273969484038036,1.1006206560064573,0.28273969484038036,0.14759354806737383,ELIGIBLE,R03b_20260811_FULL_v1,L1_ELIGIBILITY,v2026-08-11,2026-03-21..2026-08-06,baccarat_bet02_101_all_pairs_incl_sentinel,round_win = game_pnl > 0 (decisive only),COMPATIBILITY_ONLY_NOT_PRODUCTION,11632.7054,10698.3933,477.9275,991,458,-0.04108481,-0.72602740,-0.02634800,-0.04108481,-477.9275,11632.7054,OK,0.0000,14.3378,3.0000,97.0000,AG03-UNRESOLVED,ALL5_LEVELS_bet23_to_bet27,14.3378,14.3378,14.3378,19.1171,19.1171,3.000000,3.000000,3.000000,4.000000,4.000000,97.000000,97.000000,97.000000,96.000000,96.000000,5.0,81.2477,75.9334,396.6798,401.9941,PENDING_AG03,FALSE,NOT_FOR_ENFORCEMENT,463.5897,10377.4415,477.9275,463.5897,14.3378,0.04108481,0.03985227,14.3378,463.5897,0.03985227,14.3378,14.3378,14.3378,19.1171,19.1171,463.5897,0.03985227,81.2477,75.9334,396.6798,401.9941,0.03410039,0.03455723,0.00123254,11.7384,23.3589,1.0435,68.2754,3.1443,1661.8151,65.4286,11.1369,11.7520,2.5946,5.1891,18.5152,29.8317,38.8253,47.9866,2.854,-2.5946,7.482018,9.247507,2.262098,29,75,5,8,0.02106223,0.04108481,0.72602740,0E-8,0.000000,0.919682,0.000000,-0.69967940,2026-05-10,2026-07-27,7,152,94,79,0.088608,0.947655,0.948758,0.070207,,,,,,,,GLOBAL_BASELINE_NO_ENTITY_RANKING,,,NOT_APPLICABLE_GLOBAL_BASELINE,HF9g-P5,,,,X 全窗基线 · 不参与实体赏罚,8394760,840,A168_HF9F_20260827_0900,2026-08-27 09:00:00
2026-05-10,149852371,1384,0,215.0900316540,-113.6163146699,-113.6163146699,0.3333333,14,9,0.48122227182073837,0.401894174074,-0.8879600467654721,-0.41951985278052295,-0.8879600467654721,0.07932809774673837,ELIGIBLE,R03b_20260811_FULL_v1,L1_ELIGIBILITY,v2026-08-11,2026-03-21..2026-08-06,baccarat_bet02_101_all_pairs_incl_sentinel,round_win = game_pnl > 0 (decisive only),COMPATIBILITY_ONLY_NOT_PRODUCTION,11632.7054,10698.3933,477.9275,991,458,-0.04108481,-0.72602740,-0.02634800,-0.04108481,-477.9275,11632.7054,OK,0.0000,14.3378,3.0000,97.0000,AG03-UNRESOLVED,ALL5_LEVELS_bet23_to_bet27,14.3378,14.3378,14.3378,19.1171,19.1171,3.000000,3.000000,3.000000,4.000000,4.000000,97.000000,97.000000,97.000000,96.000000,96.000000,5.0,81.2477,75.9334,396.6798,401.9941,PENDING_AG03,FALSE,NOT_FOR_ENFORCEMENT,463.5897,10377.4415,477.9275,463.5897,14.3378,0.04108481,0.03985227,14.3378,463.5897,0.03985227,14.3378,14.3378,14.3378,19.1171,19.1171,463.5897,0.03985227,81.2477,75.9334,396.6798,401.9941,0.03410039,0.03455723,0.00123254,11.7384,23.3589,1.0435,68.2754,3.1443,1661.8151,65.4286,11.1369,11.7520,2.5946,5.1891,18.5152,29.8317,38.8253,47.9866,2.854,-2.5946,7.482018,9.247507,2.262098,29,75,5,8,0.02106223,0.04108481,0.72602740,0E-8,0.000000,0.919682,0.000000,-0.69967940,2026-05-10,2026-07-27,7,152,94,79,0.088608,0.947655,0.948758,0.070207,,,,,,,,GLOBAL_BASELINE_NO_ENTITY_RANKING,,,NOT_APPLICABLE_GLOBAL_BASELINE,HF9g-P5,,,,X 全窗基线 · 不参与实体赏罚,8394761,840,A168_HF9F_20260827_0900,2026-08-27 09:00:00
2026-05-10,149852371,1399,0,61.2319028593,-10.6377458358,-10.6377458358,0.5000000,5,2,0.45268511327468122,0.254470066667,0.13442995884564846,0.7972023115920095,0.13442995884564846,0.19821504660768122,ELIGIBLE,R03b_20260811_FULL_v1,L1_ELIGIBILITY,v2026-08-11,2026-03-21..2026-08-06,baccarat_bet02_101_all_pairs_incl_sentinel,round_win = game_pnl > 0 (decisive only),COMPATIBILITY_ONLY_NOT_PRODUCTION,11632.7054,10698.3933,477.9275,991,458,-0.04108481,-0.72602740,-0.02634800,-0.04108481,-477.9275,11632.7054,OK,0.0000,14.3378,3.0000,97.0000,AG03-UNRESOLVED,ALL5_LEVELS_bet23_to_bet27,14.3378,14.3378,14.3378,19.1171,19.1171,3.000000,3.000000,3.000000,4.000000,4.000000,97.000000,97.000000,97.000000,96.000000,96.000000,5.0,81.2477,75.9334,396.6798,401.9941,PENDING_AG03,FALSE,NOT_FOR_ENFORCEMENT,463.5897,10377.4415,477.9275,463.5897,14.3378,0.04108481,0.03985227,14.3378,463.5897,0.03985227,14.3378,14.3378,14.3378,19.1171,19.1171,463.5897,0.03985227,81.2477,75.9334,396.6798,401.9941,0.03410039,0.03455723,0.00123254,11.7384,23.3589,1.0435,68.2754,3.1443,1661.8151,65.4286,11.1369,11.7520,2.5946,5.1891,18.5152,29.8317,38.8253,47.9866,2.854,-2.5946,7.482018,9.247507,2.262098,29,75,5,8,0.02106223,0.04108481,0.72602740,0E-8,0.000000,0.919682,0.000000,-0.69967940,2026-05-10,2026-07-27,7,152,94,79,0.088608,0.947655,0.948758,0.070207,,,,,,,,GLOBAL_BASELINE_NO_ENTITY_RANKING,,,NOT_APPLICABLE_GLOBAL_BASELINE,HF9g-P5,,,,X 全窗基线 · 不参与实体赏罚,8394762,840,A168_HF9F_20260827_0900,2026-08-27 09:00:00
2026-05-10,149852371,1405,0,169.9444761560,-22.1835919258,-22.1835919258,0.5714286,10,7,0.48084253042525868,0.414059571429,0.47968850246619843,0.845298423065465,0.47968850246619843,0.06678295899625868,ELIGIBLE,R03b_20260811_FULL_v1,L1_ELIGIBILITY,v2026-08-11,2026-03-21..2026-08-06,baccarat_bet02_101_all_pairs_incl_sentinel,round_win = game_pnl > 0 (decisive only),COMPATIBILITY_ONLY_NOT_PRODUCTION,11632.7054,10698.3933,477.9275,991,458,-0.04108481,-0.72602740,-0.02634800,-0.04108481,-477.9275,11632.7054,OK,0.0000,14.3378,3.0000,97.0000,AG03-UNRESOLVED,ALL5_LEVELS_bet23_to_bet27,14.3378,14.3378,14.3378,19.1171,19.1171,3.000000,3.000000,3.000000,4.000000,4.000000,97.000000,97.000000,97.000000,96.000000,96.000000,5.0,81.2477,75.9334,396.6798,401.9941,PENDING_AG03,FALSE,NOT_FOR_ENFORCEMENT,463.5897,10377.4415,477.9275,463.5897,14.3378,0.04108481,0.03985227,14.3378,463.5897,0.03985227,14.3378,14.3378,14.3378,19.1171,19.1171,463.5897,0.03985227,81.2477,75.9334,396.6798,401.9941,0.03410039,0.03455723,0.00123254,11.7384,23.3589,1.0435,68.2754,3.1443,1661.8151,65.4286,11.1369,11.7520,2.5946,5.1891,18.5152,29.8317,38.8253,47.9866,2.854,-2.5946,7.482018,9.247507,2.262098,29,75,5,8,0.02106223,0.04108481,0.72602740,0E-8,0.000000,0.919682,0.000000,-0.69967940,2026-05-10,2026-07-27,7,152,94,79,0.088608,0.947655,0.948758,0.070207,,,,,,,,GLOBAL_BASELINE_NO_ENTITY_RANKING,,,NOT_APPLICABLE_GLOBAL_BASELINE,HF9g-P5,,,,X 全窗基线 · 不参与实体赏罚,8394763,840,A168_HF9F_20260827_0900,2026-08-27 09:00:00
2026-05-10,149852371,1509,0,166.0526179234,80.1722795910,80.1722795910,0.8333333,9,6,0.47238078303543343,0.399170325000,1.7710031206615786,2.1715689936404563,1.7710031206615786,0.07321045803543343,ELIGIBLE,R03b_20260811_FULL_v1,L1_ELIGIBILITY,v2026-08-11,2026-03-21..2026-08-06,baccarat_bet02_101_all_pairs_incl_sentinel,round_win = game_pnl > 0 (decisive only),COMPATIBILITY_ONLY_NOT_PRODUCTION,11632.7054,10698.3933,477.9275,991,458,-0.04108481,-0.72602740,-0.02634800,-0.04108481,-477.9275,11632.7054,OK,0.0000,14.3378,3.0000,97.0000,AG03-UNRESOLVED,ALL5_LEVELS_bet23_to_bet27,14.3378,14.3378,14.3378,19.1171,19.1171,3.000000,3.000000,3.000000,4.000000,4.000000,97.000000,97.000000,97.000000,96.000000,96.000000,5.0,81.2477,75.9334,396.6798,401.9941,PENDING_AG03,FALSE,NOT_FOR_ENFORCEMENT,463.5897,10377.4415,477.9275,463.5897,14.3378,0.04108481,0.03985227,14.3378,463.5897,0.03985227,14.3378,14.3378,14.3378,19.1171,19.1171,463.5897,0.03985227,81.2477,75.9334,396.6798,401.9941,0.03410039,0.03455723,0.00123254,11.7384,23.3589,1.0435,68.2754,3.1443,1661.8151,65.4286,11.1369,11.7520,2.5946,5.1891,18.5152,29.8317,38.8253,47.9866,2.854,-2.5946,7.482018,9.247507,2.262098,29,75,5,8,0.02106223,0.04108481,0.72602740,0E-8,0.000000,0.919682,0.000000,-0.69967940,2026-05-10,2026-07-27,7,152,94,79,0.088608,0.947655,0.948758,0.070207,,,,,,,,GLOBAL_BASELINE_NO_ENTITY_RANKING,,,NOT_APPLICABLE_GLOBAL_BASELINE,HF9g-P5,,,,X 全窗基线 · 不参与实体赏罚,8394764,840,A168_HF9F_20260827_0900,2026-08-27 09:00:00
2026-05-10,149852371,1957,0,25.9457215506,-25.9457215506,-25.9457215506,0E-7,3,1,0.41152530999874014,0.220844866667,-0.8362466306944127,-0.5323922027720716,-0.8362466306944127,0.19068044333174014,ELIGIBLE,R03b_20260811_FULL_v1,L1_ELIGIBILITY,v2026-08-11,2026-03-21..2026-08-06,baccarat_bet02_101_all_pairs_incl_sentinel,round_win = game_pnl > 0 (decisive only),COMPATIBILITY_ONLY_NOT_PRODUCTION,11632.7054,10698.3933,477.9275,991,458,-0.04108481,-0.72602740,-0.02634800,-0.04108481,-477.9275,11632.7054,OK,0.0000,14.3378,3.0000,97.0000,AG03-UNRESOLVED,ALL5_LEVELS_bet23_to_bet27,14.3378,14.3378,14.3378,19.1171,19.1171,3.000000,3.000000,3.000000,4.000000,4.000000,97.000000,97.000000,97.000000,96.000000,96.000000,5.0,81.2477,75.9334,396.6798,401.9941,PENDING_AG03,FALSE,NOT_FOR_ENFORCEMENT,463.5897,10377.4415,477.9275,463.5897,14.3378,0.04108481,0.03985227,14.3378,463.5897,0.03985227,14.3378,14.3378,14.3378,19.1171,19.1171,463.5897,0.03985227,81.2477,75.9334,396.6798,401.9941,0.03410039,0.03455723,0.00123254,11.7384,23.3589,1.0435,68.2754,3.1443,1661.8151,65.4286,11.1369,11.7520,2.5946,5.1891,18.5152,29.8317,38.8253,47.9866,2.854,-2.5946,7.482018,9.247507,2.262098,29,75,5,8,0.02106223,0.04108481,0.72602740,0E-8,0.000000,0.919682,0.000000,-0.69967940,2026-05-10,2026-07-27,7,152,94,79,0.088608,0.947655,0.948758,0.070207,,,,,,,,GLOBAL_BASELINE_NO_ENTITY_RANKING,,,NOT_APPLICABLE_GLOBAL_BASELINE,HF9g-P5,,,,X 全窗基线 · 不参与实体赏罚,8394765,840,A168_HF9F_20260827_0900,2026-08-27 09:00:00
2026-05-10,149852371,1966,0,24.9078926885,-24.9078926885,-24.9078926885,0E-7,2,1,0.46372904374920732,0.300626750000,-0.929908055982428,-0.655630731788307,-0.929908055982428,0.16310229374920732,ELIGIBLE,R03b_20260811_FULL_v1,L1_ELIGIBILITY,v2026-08-11,2026-03-21..2026-08-06,baccarat_bet02_101_all_pairs_incl_sentinel,round_win = game_pnl > 0 (decisive only),COMPATIBILITY_ONLY_NOT_PRODUCTION,11632.7054,10698.3933,477.9275,991,458,-0.04108481,-0.72602740,-0.02634800,-0.04108481,-477.9275,11632.7054,OK,0.0000,14.3378,3.0000,97.0000,AG03-UNRESOLVED,ALL5_LEVELS_bet23_to_bet27,14.3378,14.3378,14.3378,19.1171,19.1171,3.000000,3.000000,3.000000,4.000000,4.000000,97.000000,97.000000,97.000000,96.000000,96.000000,5.0,81.2477,75.9334,396.6798,401.9941,PENDING_AG03,FALSE,NOT_FOR_ENFORCEMENT,463.5897,10377.4415,477.9275,463.5897,14.3378,0.04108481,0.03985227,14.3378,463.5897,0.03985227,14.3378,14.3378,14.3378,19.1171,19.1171,463.5897,0.03985227,81.2477,75.9334,396.6798,401.9941,0.03410039,0.03455723,0.00123254,11.7384,23.3589,1.0435,68.2754,3.1443,1661.8151,65.4286,11.1369,11.7520,2.5946,5.1891,18.5152,29.8317,38.8253,47.9866,2.854,-2.5946,7.482018,9.247507,2.262098,29,75,5,8,0.02106223,0.04108481,0.72602740,0E-8,0.000000,0.919682,0.000000,-0.69967940,2026-05-10,2026-07-27,7,152,94,79,0.088608,0.947655,0.948758,0.070207,,,,,,,,GLOBAL_BASELINE_NO_ENTITY_RANKING,,,NOT_APPLICABLE_GLOBAL_BASELINE,HF9g-P5,,,,X 全窗基线 · 不参与实体赏罚,8394766,840,A168_HF9F_20260827_0900,2026-08-27 09:00:00
2026-05-10,149852371,2089,0,361.9428156306,185.4729905030,185.4729905030,0.8750000,33,8,0.41886398375848521,0.185833549583,2.6149533965160354,5.011300645553201,2.6149533965160354,0.23303043417548521,ELIGIBLE,R03b_20260811_FULL_v1,L1_ELIGIBILITY,v2026-08-11,2026-03-21..2026-08-06,baccarat_bet02_101_all_pairs_incl_sentinel,round_win = game_pnl > 0 (decisive only),COMPATIBILITY_ONLY_NOT_PRODUCTION,11632.7054,10698.3933,477.9275,991,458,-0.04108481,-0.72602740,-0.02634800,-0.04108481,-477.9275,11632.7054,OK,0.0000,14.3378,3.0000,97.0000,AG03-UNRESOLVED,ALL5_LEVELS_bet23_to_bet27,14.3378,14.3378,14.3378,19.1171,19.1171,3.000000,3.000000,3.000000,4.000000,4.000000,97.000000,97.000000,97.000000,96.000000,96.000000,5.0,81.2477,75.9334,396.6798,401.9941,PENDING_AG03,FALSE,NOT_FOR_ENFORCEMENT,463.5897,10377.4415,477.9275,463.5897,14.3378,0.04108481,0.03985227,14.3378,463.5897,0.03985227,14.3378,14.3378,14.3378,19.1171,19.1171,463.5897,0.03985227,81.2477,75.9334,396.6798,401.9941,0.03410039,0.03455723,0.00123254,11.7384,23.3589,1.0435,68.2754,3.1443,1661.8151,65.4286,11.1369,11.7520,2.5946,5.1891,18.5152,29.8317,38.8253,47.9866,2.854,-2.5946,7.482018,9.247507,2.262098,29,75,5,8,0.02106223,0.04108481,0.72602740,0E-8,0.000000,0.919682,0.000000,-0.69967940,2026-05-10,2026-07-27,7,152,94,79,0.088608,0.947655,0.948758,0.070207,,,,,,,,GLOBAL_BASELINE_NO_ENTITY_RANKING,,,NOT_APPLICABLE_GLOBAL_BASELINE,HF9g-P5,,,,X 全窗基线 · 不参与实体赏罚,8394767,840,A168_HF9F_20260827_0900,2026-08-27 09:00:00
2026-05-10,149852371,2101,0,137.5123242178,-33.7294380157,-33.7294380157,0.5000000,7,5,0.46802155099987708,0.416198000000,0.12817621606368254,0.34001775495013353,0.12817621606368254,0.05182355099987708,ELIGIBLE,R03b_20260811_FULL_v1,L1_ELIGIBILITY,v2026-08-11,2026-03-21..2026-08-06,baccarat_bet02_101_all_pairs_incl_sentinel,round_win = game_pnl > 0 (decisive only),COMPATIBILITY_ONLY_NOT_PRODUCTION,11632.7054,10698.3933,477.9275,991,458,-0.04108481,-0.72602740,-0.02634800,-0.04108481,-477.9275,11632.7054,OK,0.0000,14.3378,3.0000,97.0000,AG03-UNRESOLVED,ALL5_LEVELS_bet23_to_bet27,14.3378,14.3378,14.3378,19.1171,19.1171,3.000000,3.000000,3.000000,4.000000,4.000000,97.000000,97.000000,97.000000,96.000000,96.000000,5.0,81.2477,75.9334,396.6798,401.9941,PENDING_AG03,FALSE,NOT_FOR_ENFORCEMENT,463.5897,10377.4415,477.9275,463.5897,14.3378,0.04108481,0.03985227,14.3378,463.5897,0.03985227,14.3378,14.3378,14.3378,19.1171,19.1171,463.5897,0.03985227,81.2477,75.9334,396.6798,401.9941,0.03410039,0.03455723,0.00123254,11.7384,23.3589,1.0435,68.2754,3.1443,1661.8151,65.4286,11.1369,11.7520,2.5946,5.1891,18.5152,29.8317,38.8253,47.9866,2.854,-2.5946,7.482018,9.247507,2.262098,29,75,5,8,0.02106223,0.04108481,0.72602740,0E-8,0.000000,0.919682,0.000000,-0.69967940,2026-05-10,2026-07-27,7,152,94,79,0.088608,0.947655,0.948758,0.070207,,,,,,,,GLOBAL_BASELINE_NO_ENTITY_RANKING,,,NOT_APPLICABLE_GLOBAL_BASELINE,HF9g-P5,,,,X 全窗基线 · 不参与实体赏罚,8394768,840,A168_HF9F_20260827_0900,2026-08-27 09:00:00
2026-05-10,149852371,2106,0,374.3967619749,224.2099527781,224.2099527781,0.9230769,32,13,0.45680674893684380,0.305855700256,3.374938579520703,4.829802328291314,3.374938579520703,0.15095104868084380,ELIGIBLE,R03b_20260811_FULL_v1,L1_ELIGIBILITY,v2026-08-11,2026-03-21..2026-08-06,baccarat_bet02_101_all_pairs_incl_sentinel,round_win = game_pnl > 0 (decisive only),COMPATIBILITY_ONLY_NOT_PRODUCTION,11632.7054,10698.3933,477.9275,991,458,-0.04108481,-0.72602740,-0.02634800,-0.04108481,-477.9275,11632.7054,OK,0.0000,14.3378,3.0000,97.0000,AG03-UNRESOLVED,ALL5_LEVELS_bet23_to_bet27,14.3378,14.3378,14.3378,19.1171,19.1171,3.000000,3.000000,3.000000,4.000000,4.000000,97.000000,97.000000,97.000000,96.000000,96.000000,5.0,81.2477,75.9334,396.6798,401.9941,PENDING_AG03,FALSE,NOT_FOR_ENFORCEMENT,463.5897,10377.4415,477.9275,463.5897,14.3378,0.04108481,0.03985227,14.3378,463.5897,0.03985227,14.3378,14.3378,14.3378,19.1171,19.1171,463.5897,0.03985227,81.2477,75.9334,396.6798,401.9941,0.03410039,0.03455723,0.00123254,11.7384,23.3589,1.0435,68.2754,3.1443,1661.8151,65.4286,11.1369,11.7520,2.5946,5.1891,18.5152,29.8317,38.8253,47.9866,2.854,-2.5946,7.482018,9.247507,2.262098,29,75,5,8,0.02106223,0.04108481,0.72602740,0E-8,0.000000,0.919682,0.000000,-0.69967940,2026-05-10,2026-07-27,7,152,94,79,0.088608,0.947655,0.948758,0.070207,,,,,,,,GLOBAL_BASELINE_NO_ENTITY_RANKING,,,NOT_APPLICABLE_GLOBAL_BASELINE,HF9g-P5,,,,X 全窗基线 · 不参与实体赏罚,8394769,840,A168_HF9F_20260827_0900,2026-08-27 09:00:00
2026-05-10,149852371,2115,0,93.4045975819,-17.5133620466,-17.5133620466,0.2500000,5,4,0.38586271666666667,0.347105787500,-0.5581888401889543,-0.4079648755409915,-0.5581888401889543,0.03875692916666667,ELIGIBLE,R03b_20260811_FULL_v1,L1_ELIGIBILITY,v2026-08-11,2026-03-21..2026-08-06,baccarat_bet02_101_all_pairs_incl_sentinel,round_win = game_pnl > 0 (decisive only),COMPATIBILITY_ONLY_NOT_PRODUCTION,11632.7054,10698.3933,477.9275,991,458,-0.04108481,-0.72602740,-0.02634800,-0.04108481,-477.9275,11632.7054,OK,0.0000,14.3378,3.0000,97.0000,AG03-UNRESOLVED,ALL5_LEVELS_bet23_to_bet27,14.3378,14.3378,14.3378,19.1171,19.1171,3.000000,3.000000,3.000000,4.000000,4.000000,97.000000,97.000000,97.000000,96.000000,96.000000,5.0,81.2477,75.9334,396.6798,401.9941,PENDING_AG03,FALSE,NOT_FOR_ENFORCEMENT,463.5897,10377.4415,477.9275,463.5897,14.3378,0.04108481,0.03985227,14.3378,463.5897,0.03985227,14.3378,14.3378,14.3378,19.1171,19.1171,463.5897,0.03985227,81.2477,75.9334,396.6798,401.9941,0.03410039,0.03455723,0.00123254,11.7384,23.3589,1.0435,68.2754,3.1443,1661.8151,65.4286,11.1369,11.7520,2.5946,5.1891,18.5152,29.8317,38.8253,47.9866,2.854,-2.5946,7.482018,9.247507,2.262098,29,75,5,8,0.02106223,0.04108481,0.72602740,0E-8,0.000000,0.919682,0.000000,-0.69967940,2026-05-10,2026-07-27,7,152,94,79,0.088608,0.947655,0.948758,0.070207,,,,,,,,GLOBAL_BASELINE_NO_ENTITY_RANKING,,,NOT_APPLICABLE_GLOBAL_BASELINE,HF9g-P5,,,,X 全窗基线 · 不参与实体赏罚,8394770,840,A168_HF9F_20260827_0900,2026-08-27 09:00:00
2026-05-10,149852371,2127,0,401.3803123869,59.8048881736,59.8048881736,0.6666667,26,9,0.43849252496881533,0.281152127778,1.3795225757291891,2.572603361886243,1.3795225757291891,0.15734039719081533,ELIGIBLE,R03b_20260811_FULL_v1,L1_ELIGIBILITY,v2026-08-11,2026-03-21..2026-08-06,baccarat_bet02_101_all_pairs_incl_sentinel,round_win = game_pnl > 0 (decisive only),COMPATIBILITY_ONLY_NOT_PRODUCTION,11632.7054,10698.3933,477.9275,991,458,-0.04108481,-0.72602740,-0.02634800,-0.04108481,-477.9275,11632.7054,OK,0.0000,14.3378,3.0000,97.0000,AG03-UNRESOLVED,ALL5_LEVELS_bet23_to_bet27,14.3378,14.3378,14.3378,19.1171,19.1171,3.000000,3.000000,3.000000,4.000000,4.000000,97.000000,97.000000,97.000000,96.000000,96.000000,5.0,81.2477,75.9334,396.6798,401.9941,PENDING_AG03,FALSE,NOT_FOR_ENFORCEMENT,463.5897,10377.4415,477.9275,463.5897,14.3378,0.04108481,0.03985227,14.3378,463.5897,0.03985227,14.3378,14.3378,14.3378,19.1171,19.1171,463.5897,0.03985227,81.2477,75.9334,396.6798,401.9941,0.03410039,0.03455723,0.00123254,11.7384,23.3589,1.0435,68.2754,3.1443,1661.8151,65.4286,11.1369,11.7520,2.5946,5.1891,18.5152,29.8317,38.8253,47.9866,2.854,-2.5946,7.482018,9.247507,2.262098,29,75,5,8,0.02106223,0.04108481,0.72602740,0E-8,0.000000,0.919682,0.000000,-0.69967940,2026-05-10,2026-07-27,7,152,94,79,0.088608,0.947655,0.948758,0.070207,,,,,,,,GLOBAL_BASELINE_NO_ENTITY_RANKING,,,NOT_APPLICABLE_GLOBAL_BASELINE,HF9g-P5,,,,X 全窗基线 · 不参与实体赏罚,8394771,840,A168_HF9F_20260827_0900,2026-08-27 09:00:00
2026-05-10,149852371,2129,0,28.5402937056,-28.5402937056,-28.5402937056,0E-7,1,1,0.49324550000000000,0.493245500000,-0.9865810262130424,-0.9865810262130424,-0.9865810262130424,0E-17,ELIGIBLE,R03b_20260811_FULL_v1,L1_ELIGIBILITY,v2026-08-11,2026-03-21..2026-08-06,baccarat_bet02_101_all_pairs_incl_sentinel,round_win = game_pnl > 0 (decisive only),COMPATIBILITY_ONLY_NOT_PRODUCTION,11632.7054,10698.3933,477.9275,991,458,-0.04108481,-0.72602740,-0.02634800,-0.04108481,-477.9275,11632.7054,OK,0.0000,14.3378,3.0000,97.0000,AG03-UNRESOLVED,ALL5_LEVELS_bet23_to_bet27,14.3378,14.3378,14.3378,19.1171,19.1171,3.000000,3.000000,3.000000,4.000000,4.000000,97.000000,97.000000,97.000000,96.000000,96.000000,5.0,81.2477,75.9334,396.6798,401.9941,PENDING_AG03,FALSE,NOT_FOR_ENFORCEMENT,463.5897,10377.4415,477.9275,463.5897,14.3378,0.04108481,0.03985227,14.3378,463.5897,0.03985227,14.3378,14.3378,14.3378,19.1171,19.1171,463.5897,0.03985227,81.2477,75.9334,396.6798,401.9941,0.03410039,0.03455723,0.00123254,11.7384,23.3589,1.0435,68.2754,3.1443,1661.8151,65.4286,11.1369,11.7520,2.5946,5.1891,18.5152,29.8317,38.8253,47.9866,2.854,-2.5946,7.482018,9.247507,2.262098,29,75,5,8,0.02106223,0.04108481,0.72602740,0E-8,0.000000,0.919682,0.000000,-0.69967940,2026-05-10,2026-07-27,7,152,94,79,0.088608,0.947655,0.948758,0.070207,,,,,,,,GLOBAL_BASELINE_NO_ENTITY_RANKING,,,NOT_APPLICABLE_GLOBAL_BASELINE,HF9g-P5,,,,X 全窗基线 · 不参与实体赏罚,8394772,840,A168_HF9F_20260827_0900,2026-08-27 09:00:00
2026-05-10,149852371,2130,0,7.7837164652,-7.7837164652,-7.7837164652,0E-7,2,1,0.36266256666481680,0.290668500000,-0.7543391566527303,-0.6401391097125458,-0.7543391566527303,0.07199406666481680,ELIGIBLE,R03b_20260811_FULL_v1,L1_ELIGIBILITY,v2026-08-11,2026-03-21..2026-08-06,baccarat_bet02_101_all_pairs_incl_sentinel,round_win = game_pnl > 0 (decisive only),COMPATIBILITY_ONLY_NOT_PRODUCTION,11632.7054,10698.3933,477.9275,991,458,-0.04108481,-0.72602740,-0.02634800,-0.04108481,-477.9275,11632.7054,OK,0.0000,14.3378,3.0000,97.0000,AG03-UNRESOLVED,ALL5_LEVELS_bet23_to_bet27,14.3378,14.3378,14.3378,19.1171,19.1171,3.000000,3.000000,3.000000,4.000000,4.000000,97.000000,97.000000,97.000000,96.000000,96.000000,5.0,81.2477,75.9334,396.6798,401.9941,PENDING_AG03,FALSE,NOT_FOR_ENFORCEMENT,463.5897,10377.4415,477.9275,463.5897,14.3378,0.04108481,0.03985227,14.3378,463.5897,0.03985227,14.3378,14.3378,14.3378,19.1171,19.1171,463.5897,0.03985227,81.2477,75.9334,396.6798,401.9941,0.03410039,0.03455723,0.00123254,11.7384,23.3589,1.0435,68.2754,3.1443,1661.8151,65.4286,11.1369,11.7520,2.5946,5.1891,18.5152,29.8317,38.8253,47.9866,2.854,-2.5946,7.482018,9.247507,2.262098,29,75,5,8,0.02106223,0.04108481,0.72602740,0E-8,0.000000,0.919682,0.000000,-0.69967940,2026-05-10,2026-07-27,7,152,94,79,0.088608,0.947655,0.948758,0.070207,,,,,,,,GLOBAL_BASELINE_NO_ENTITY_RANKING,,,NOT_APPLICABLE_GLOBAL_BASELINE,HF9g-P5,,,,X 全窗基线 · 不参与实体赏罚,8394773,840,A168_HF9F_20260827_0900,2026-08-27 09:00:00
2026-05-10,149852371,2134,0,44.1077266360,32.4321519381,32.4321519381,1.0000000,4,2,0.46478092083276858,0.359279383334,1.5175976489029064,1.888570487980187,1.5175976489029064,0.10550153749876858,ELIGIBLE,R03b_20260811_FULL_v1,L1_ELIGIBILITY,v2026-08-11,2026-03-21..2026-08-06,baccarat_bet02_101_all_pairs_incl_sentinel,round_win = game_pnl > 0 (decisive only),COMPATIBILITY_ONLY_NOT_PRODUCTION,11632.7054,10698.3933,477.9275,991,458,-0.04108481,-0.72602740,-0.02634800,-0.04108481,-477.9275,11632.7054,OK,0.0000,14.3378,3.0000,97.0000,AG03-UNRESOLVED,ALL5_LEVELS_bet23_to_bet27,14.3378,14.3378,14.3378,19.1171,19.1171,3.000000,3.000000,3.000000,4.000000,4.000000,97.000000,97.000000,97.000000,96.000000,96.000000,5.0,81.2477,75.9334,396.6798,401.9941,PENDING_AG03,FALSE,NOT_FOR_ENFORCEMENT,463.5897,10377.4415,477.9275,463.5897,14.3378,0.04108481,0.03985227,14.3378,463.5897,0.03985227,14.3378,14.3378,14.3378,19.1171,19.1171,463.5897,0.03985227,81.2477,75.9334,396.6798,401.9941,0.03410039,0.03455723,0.00123254,11.7384,23.3589,1.0435,68.2754,3.1443,1661.8151,65.4286,11.1369,11.7520,2.5946,5.1891,18.5152,29.8317,38.8253,47.9866,2.854,-2.5946,7.482018,9.247507,2.262098,29,75,5,8,0.02106223,0.04108481,0.72602740,0E-8,0.000000,0.919682,0.000000,-0.69967940,2026-05-10,2026-07-27,7,152,94,79,0.088608,0.947655,0.948758,0.070207,,,,,,,,GLOBAL_BASELINE_NO_ENTITY_RANKING,,,NOT_APPLICABLE_GLOBAL_BASELINE,HF9g-P5,,,,X 全窗基线 · 不参与实体赏罚,8394774,840,A168_HF9F_20260827_0900,2026-08-27 09:00:00
2026-05-10,149852371,2174,0,240.2573815583,-3.3729438021,-3.3729438021,0.5555556,21,9,0.45632483111012431,0.339032236482,0.5976688437385332,1.3721932979428666,0.5976688437385332,0.11729259462812431,ELIGIBLE,R03b_20260811_FULL_v1,L1_ELIGIBILITY,v2026-08-11,2026-03-21..2026-08-06,baccarat_bet02_101_all_pairs_incl_sentinel,round_win = game_pnl > 0 (decisive only),COMPATIBILITY_ONLY_NOT_PRODUCTION,11632.7054,10698.3933,477.9275,991,458,-0.04108481,-0.72602740,-0.02634800,-0.04108481,-477.9275,11632.7054,OK,0.0000,14.3378,3.0000,97.0000,AG03-UNRESOLVED,ALL5_LEVELS_bet23_to_bet27,14.3378,14.3378,14.3378,19.1171,19.1171,3.000000,3.000000,3.000000,4.000000,4.000000,97.000000,97.000000,97.000000,96.000000,96.000000,5.0,81.2477,75.9334,396.6798,401.9941,PENDING_AG03,FALSE,NOT_FOR_ENFORCEMENT,463.5897,10377.4415,477.9275,463.5897,14.3378,0.04108481,0.03985227,14.3378,463.5897,0.03985227,14.3378,14.3378,14.3378,19.1171,19.1171,463.5897,0.03985227,81.2477,75.9334,396.6798,401.9941,0.03410039,0.03455723,0.00123254,11.7384,23.3589,1.0435,68.2754,3.1443,1661.8151,65.4286,11.1369,11.7520,2.5946,5.1891,18.5152,29.8317,38.8253,47.9866,2.854,-2.5946,7.482018,9.247507,2.262098,29,75,5,8,0.02106223,0.04108481,0.72602740,0E-8,0.000000,0.919682,0.000000,-0.69967940,2026-05-10,2026-07-27,7,152,94,79,0.088608,0.947655,0.948758,0.070207,,,,,,,,GLOBAL_BASELINE_NO_ENTITY_RANKING,,,NOT_APPLICABLE_GLOBAL_BASELINE,HF9g-P5,,,,X 全窗基线 · 不参与实体赏罚,8394775,840,A168_HF9F_20260827_0900,2026-08-27 09:00:00
2026-05-10,149852371,2175,0,142.9609257435,-51.3855015309,-51.3855015309,0.3333333,9,6,0.40425890568174744,0.331612775000,-0.3540135595681357,0.008951902220957436,-0.3540135595681357,0.07264613068174744,ELIGIBLE,R03b_20260811_FULL_v1,L1_ELIGIBILITY,v2026-08-11,2026-03-21..2026-08-06,baccarat_bet02_101_all_pairs_incl_sentinel,round_win = game_pnl > 0 (decisive only),COMPATIBILITY_ONLY_NOT_PRODUCTION,11632.7054,10698.3933,477.9275,991,458,-0.04108481,-0.72602740,-0.02634800,-0.04108481,-477.9275,11632.7054,OK,0.0000,14.3378,3.0000,97.0000,AG03-UNRESOLVED,ALL5_LEVELS_bet23_to_bet27,14.3378,14.3378,14.3378,19.1171,19.1171,3.000000,3.000000,3.000000,4.000000,4.000000,97.000000,97.000000,97.000000,96.000000,96.000000,5.0,81.2477,75.9334,396.6798,401.9941,PENDING_AG03,FALSE,NOT_FOR_ENFORCEMENT,463.5897,10377.4415,477.9275,463.5897,14.3378,0.04108481,0.03985227,14.3378,463.5897,0.03985227,14.3378,14.3378,14.3378,19.1171,19.1171,463.5897,0.03985227,81.2477,75.9334,396.6798,401.9941,0.03410039,0.03455723,0.00123254,11.7384,23.3589,1.0435,68.2754,3.1443,1661.8151,65.4286,11.1369,11.7520,2.5946,5.1891,18.5152,29.8317,38.8253,47.9866,2.854,-2.5946,7.482018,9.247507,2.262098,29,75,5,8,0.02106223,0.04108481,0.72602740,0E-8,0.000000,0.919682,0.000000,-0.69967940,2026-05-10,2026-07-27,7,152,94,79,0.088608,0.947655,0.948758,0.070207,,,,,,,,GLOBAL_BASELINE_NO_ENTITY_RANKING,,,NOT_APPLICABLE_GLOBAL_BASELINE,HF9g-P5,,,,X 全窗基线 · 不参与实体赏罚,8394776,840,A168_HF9F_20260827_0900,2026-08-27 09:00:00
2026-05-10,149852371,2177,0,409.1640288523,37.8548077416,37.8548077416,0.6153846,33,13,0.44352748881876388,0.285421668205,1.2472602843760037,2.634319572586967,1.2472602843760037,0.15810582061376388,ELIGIBLE,R03b_20260811_FULL_v1,L1_ELIGIBILITY,v2026-08-11,2026-03-21..2026-08-06,baccarat_bet02_101_all_pairs_incl_sentinel,round_win = game_pnl > 0 (decisive only),COMPATIBILITY_ONLY_NOT_PRODUCTION,11632.7054,10698.3933,477.9275,991,458,-0.04108481,-0.72602740,-0.02634800,-0.04108481,-477.9275,11632.7054,OK,0.0000,14.3378,3.0000,97.0000,AG03-UNRESOLVED,ALL5_LEVELS_bet23_to_bet27,14.3378,14.3378,14.3378,19.1171,19.1171,3.000000,3.000000,3.000000,4.000000,4.000000,97.000000,97.000000,97.000000,96.000000,96.000000,5.0,81.2477,75.9334,396.6798,401.9941,PENDING_AG03,FALSE,NOT_FOR_ENFORCEMENT,463.5897,10377.4415,477.9275,463.5897,14.3378,0.04108481,0.03985227,14.3378,463.5897,0.03985227,14.3378,14.3378,14.3378,19.1171,19.1171,463.5897,0.03985227,81.2477,75.9334,396.6798,401.9941,0.03410039,0.03455723,0.00123254,11.7384,23.3589,1.0435,68.2754,3.1443,1661.8151,65.4286,11.1369,11.7520,2.5946,5.1891,18.5152,29.8317,38.8253,47.9866,2.854,-2.5946,7.482018,9.247507,2.262098,29,75,5,8,0.02106223,0.04108481,0.72602740,0E-8,0.000000,0.919682,0.000000,-0.69967940,2026-05-10,2026-07-27,7,152,94,79,0.088608,0.947655,0.948758,0.070207,,,,,,,,GLOBAL_BASELINE_NO_ENTITY_RANKING,,,NOT_APPLICABLE_GLOBAL_BASELINE,HF9g-P5,,,,X 全窗基线 · 不参与实体赏罚,8394777,840,A168_HF9F_20260827_0900,2026-08-27 09:00:00
2026-05-10,149852371,2188,0,34.5078096622,-21.5349488870,-21.5349488870,0.5000000,2,2,0.49324550000000000,0.493245500000,0.01910635448239258,0.01910635448239258,0.01910635448239258,0E-17,ELIGIBLE,R03b_20260811_FULL_v1,L1_ELIGIBILITY,v2026-08-11,2026-03-21..2026-08-06,baccarat_bet02_101_all_pairs_incl_sentinel,round_win = game_pnl > 0 (decisive only),COMPATIBILITY_ONLY_NOT_PRODUCTION,11632.7054,10698.3933,477.9275,991,458,-0.04108481,-0.72602740,-0.02634800,-0.04108481,-477.9275,11632.7054,OK,0.0000,14.3378,3.0000,97.0000,AG03-UNRESOLVED,ALL5_LEVELS_bet23_to_bet27,14.3378,14.3378,14.3378,19.1171,19.1171,3.000000,3.000000,3.000000,4.000000,4.000000,97.000000,97.000000,97.000000,96.000000,96.000000,5.0,81.2477,75.9334,396.6798,401.9941,PENDING_AG03,FALSE,NOT_FOR_ENFORCEMENT,463.5897,10377.4415,477.9275,463.5897,14.3378,0.04108481,0.03985227,14.3378,463.5897,0.03985227,14.3378,14.3378,14.3378,19.1171,19.1171,463.5897,0.03985227,81.2477,75.9334,396.6798,401.9941,0.03410039,0.03455723,0.00123254,11.7384,23.3589,1.0435,68.2754,3.1443,1661.8151,65.4286,11.1369,11.7520,2.5946,5.1891,18.5152,29.8317,38.8253,47.9866,2.854,-2.5946,7.482018,9.247507,2.262098,29,75,5,8,0.02106223,0.04108481,0.72602740,0E-8,0.000000,0.919682,0.000000,-0.69967940,2026-05-10,2026-07-27,7,152,94,79,0.088608,0.947655,0.948758,0.070207,,,,,,,,GLOBAL_BASELINE_NO_ENTITY_RANKING,,,NOT_APPLICABLE_GLOBAL_BASELINE,HF9g-P5,,,,X 全窗基线 · 不参与实体赏罚,8394778,840,A168_HF9F_20260827_0900,2026-08-27 09:00:00
2026-05-10,149852371,2235,0,433.5530071095,29.8505526432,29.8505526432,0.6250000,30,16,0.46005497869235425,0.365761701563,1.3237914284056123,2.152949322902727,1.3237914284056123,0.09429327712935425,ELIGIBLE,R03b_20260811_FULL_v1,L1_ELIGIBILITY,v2026-08-11,2026-03-21..2026-08-06,baccarat_bet02_101_all_pairs_incl_sentinel,round_win = game_pnl > 0 (decisive only),COMPATIBILITY_ONLY_NOT_PRODUCTION,11632.7054,10698.3933,477.9275,991,458,-0.04108481,-0.72602740,-0.02634800,-0.04108481,-477.9275,11632.7054,OK,0.0000,14.3378,3.0000,97.0000,AG03-UNRESOLVED,ALL5_LEVELS_bet23_to_bet27,14.3378,14.3378,14.3378,19.1171,19.1171,3.000000,3.000000,3.000000,4.000000,4.000000,97.000000,97.000000,97.000000,96.000000,96.000000,5.0,81.2477,75.9334,396.6798,401.9941,PENDING_AG03,FALSE,NOT_FOR_ENFORCEMENT,463.5897,10377.4415,477.9275,463.5897,14.3378,0.04108481,0.03985227,14.3378,463.5897,0.03985227,14.3378,14.3378,14.3378,19.1171,19.1171,463.5897,0.03985227,81.2477,75.9334,396.6798,401.9941,0.03410039,0.03455723,0.00123254,11.7384,23.3589,1.0435,68.2754,3.1443,1661.8151,65.4286,11.1369,11.7520,2.5946,5.1891,18.5152,29.8317,38.8253,47.9866,2.854,-2.5946,7.482018,9.247507,2.262098,29,75,5,8,0.02106223,0.04108481,0.72602740,0E-8,0.000000,0.919682,0.000000,-0.69967940,2026-05-10,2026-07-27,7,152,94,79,0.088608,0.947655,0.948758,0.070207,,,,,,,,GLOBAL_BASELINE_NO_ENTITY_RANKING,,,NOT_APPLICABLE_GLOBAL_BASELINE,HF9g-P5,,,,X 全窗基线 · 不参与实体赏罚,8394779,840,A168_HF9F_20260827_0900,2026-08-27 09:00:00
2026-05-10,149852371,2241,0,204.1928286027,38.6591251101,38.6591251101,0.6666667,10,3,0.44291488974054635,0.228927445556,0.780200464737549,1.804594105521222,0.780200464737549,0.21398744418454635,ELIGIBLE,R03b_20260811_FULL_v1,L1_ELIGIBILITY,v2026-08-11,2026-03-21..2026-08-06,baccarat_bet02_101_all_pairs_incl_sentinel,round_win = game_pnl > 0 (decisive only),COMPATIBILITY_ONLY_NOT_PRODUCTION,11632.7054,10698.3933,477.9275,991,458,-0.04108481,-0.72602740,-0.02634800,-0.04108481,-477.9275,11632.7054,OK,0.0000,14.3378,3.0000,97.0000,AG03-UNRESOLVED,ALL5_LEVELS_bet23_to_bet27,14.3378,14.3378,14.3378,19.1171,19.1171,3.000000,3.000000,3.000000,4.000000,4.000000,97.000000,97.000000,97.000000,96.000000,96.000000,5.0,81.2477,75.9334,396.6798,401.9941,PENDING_AG03,FALSE,NOT_FOR_ENFORCEMENT,463.5897,10377.4415,477.9275,463.5897,14.3378,0.04108481,0.03985227,14.3378,463.5897,0.03985227,14.3378,14.3378,14.3378,19.1171,19.1171,463.5897,0.03985227,81.2477,75.9334,396.6798,401.9941,0.03410039,0.03455723,0.00123254,11.7384,23.3589,1.0435,68.2754,3.1443,1661.8151,65.4286,11.1369,11.7520,2.5946,5.1891,18.5152,29.8317,38.8253,47.9866,2.854,-2.5946,7.482018,9.247507,2.262098,29,75,5,8,0.02106223,0.04108481,0.72602740,0E-8,0.000000,0.919682,0.000000,-0.69967940,2026-05-10,2026-07-27,7,152,94,79,0.088608,0.947655,0.948758,0.070207,,,,,,,,GLOBAL_BASELINE_NO_ENTITY_RANKING,,,NOT_APPLICABLE_GLOBAL_BASELINE,HF9g-P5,,,,X 全窗基线 · 不参与实体赏罚,8394780,840,A168_HF9F_20260827_0900,2026-08-27 09:00:00
2026-05-10,149852371,2246,0,392.0398526292,69.8977738562,69.8977738562,0.6428571,31,14,0.45443257924353399,0.325846251191,1.4159326371130994,2.5307681499330537,1.4159326371130994,0.12858632805253399,ELIGIBLE,R03b_20260811_FULL_v1,L1_ELIGIBILITY,v2026-08-11,2026-03-21..2026-08-06,baccarat_bet02_101_all_pairs_incl_sentinel,round_win = game_pnl > 0 (decisive only),COMPATIBILITY_ONLY_NOT_PRODUCTION,11632.7054,10698.3933,477.9275,991,458,-0.04108481,-0.72602740,-0.02634800,-0.04108481,-477.9275,11632.7054,OK,0.0000,14.3378,3.0000,97.0000,AG03-UNRESOLVED,ALL5_LEVELS_bet23_to_bet27,14.3378,14.3378,14.3378,19.1171,19.1171,3.000000,3.000000,3.000000,4.000000,4.000000,97.000000,97.000000,97.000000,96.000000,96.000000,5.0,81.2477,75.9334,396.6798,401.9941,PENDING_AG03,FALSE,NOT_FOR_ENFORCEMENT,463.5897,10377.4415,477.9275,463.5897,14.3378,0.04108481,0.03985227,14.3378,463.5897,0.03985227,14.3378,14.3378,14.3378,19.1171,19.1171,463.5897,0.03985227,81.2477,75.9334,396.6798,401.9941,0.03410039,0.03455723,0.00123254,11.7384,23.3589,1.0435,68.2754,3.1443,1661.8151,65.4286,11.1369,11.7520,2.5946,5.1891,18.5152,29.8317,38.8253,47.9866,2.854,-2.5946,7.482018,9.247507,2.262098,29,75,5,8,0.02106223,0.04108481,0.72602740,0E-8,0.000000,0.919682,0.000000,-0.69967940,2026-05-10,2026-07-27,7,152,94,79,0.088608,0.947655,0.948758,0.070207,,,,,,,,GLOBAL_BASELINE_NO_ENTITY_RANKING,,,NOT_APPLICABLE_GLOBAL_BASELINE,HF9g-P5,,,,X 全窗基线 · 不参与实体赏罚,8394781,840,A168_HF9F_20260827_0900,2026-08-27 09:00:00
2026-05-10,149852371,2248,0,54.4860152562,-54.4860152562,-54.4860152562,0E-7,4,1,0.42532131904706845,0.187662550000,-0.8602922942952319,-0.48064072822218945,-0.8602922942952319,0.23765876904706845,ELIGIBLE,R03b_20260811_FULL_v1,L1_ELIGIBILITY,v2026-08-11,2026-03-21..2026-08-06,baccarat_bet02_101_all_pairs_incl_sentinel,round_win = game_pnl > 0 (decisive only),COMPATIBILITY_ONLY_NOT_PRODUCTION,11632.7054,10698.3933,477.9275,991,458,-0.04108481,-0.72602740,-0.02634800,-0.04108481,-477.9275,11632.7054,OK,0.0000,14.3378,3.0000,97.0000,AG03-UNRESOLVED,ALL5_LEVELS_bet23_to_bet27,14.3378,14.3378,14.3378,19.1171,19.1171,3.000000,3.000000,3.000000,4.000000,4.000000,97.000000,97.000000,97.000000,96.000000,96.000000,5.0,81.2477,75.9334,396.6798,401.9941,PENDING_AG03,FALSE,NOT_FOR_ENFORCEMENT,463.5897,10377.4415,477.9275,463.5897,14.3378,0.04108481,0.03985227,14.3378,463.5897,0.03985227,14.3378,14.3378,14.3378,19.1171,19.1171,463.5897,0.03985227,81.2477,75.9334,396.6798,401.9941,0.03410039,0.03455723,0.00123254,11.7384,23.3589,1.0435,68.2754,3.1443,1661.8151,65.4286,11.1369,11.7520,2.5946,5.1891,18.5152,29.8317,38.8253,47.9866,2.854,-2.5946,7.482018,9.247507,2.262098,29,75,5,8,0.02106223,0.04108481,0.72602740,0E-8,0.000000,0.919682,0.000000,-0.69967940,2026-05-10,2026-07-27,7,152,94,79,0.088608,0.947655,0.948758,0.070207,,,,,,,,GLOBAL_BASELINE_NO_ENTITY_RANKING,,,NOT_APPLICABLE_GLOBAL_BASELINE,HF9g-P5,,,,X 全窗基线 · 不参与实体赏罚,8394782,840,A168_HF9F_20260827_0900,2026-08-27 09:00:00
2026-05-10,149852371,2250,0,138.2906958646,60.8427170357,60.8427170357,0.8000000,13,5,0.43563359794721741,0.260751373333,1.643168372728524,2.7464107129498894,1.643168372728524,0.17488222461421741,ELIGIBLE,R03b_20260811_FULL_v1,L1_ELIGIBILITY,v2026-08-11,2026-03-21..2026-08-06,baccarat_bet02_101_all_pairs_incl_sentinel,round_win = game_pnl > 0 (decisive only),COMPATIBILITY_ONLY_NOT_PRODUCTION,11632.7054,10698.3933,477.9275,991,458,-0.04108481,-0.72602740,-0.02634800,-0.04108481,-477.9275,11632.7054,OK,0.0000,14.3378,3.0000,97.0000,AG03-UNRESOLVED,ALL5_LEVELS_bet23_to_bet27,14.3378,14.3378,14.3378,19.1171,19.1171,3.000000,3.000000,3.000000,4.000000,4.000000,97.000000,97.000000,97.000000,96.000000,96.000000,5.0,81.2477,75.9334,396.6798,401.9941,PENDING_AG03,FALSE,NOT_FOR_ENFORCEMENT,463.5897,10377.4415,477.9275,463.5897,14.3378,0.04108481,0.03985227,14.3378,463.5897,0.03985227,14.3378,14.3378,14.3378,19.1171,19.1171,463.5897,0.03985227,81.2477,75.9334,396.6798,401.9941,0.03410039,0.03455723,0.00123254,11.7384,23.3589,1.0435,68.2754,3.1443,1661.8151,65.4286,11.1369,11.7520,2.5946,5.1891,18.5152,29.8317,38.8253,47.9866,2.854,-2.5946,7.482018,9.247507,2.262098,29,75,5,8,0.02106223,0.04108481,0.72602740,0E-8,0.000000,0.919682,0.000000,-0.69967940,2026-05-10,2026-07-27,7,152,94,79,0.088608,0.947655,0.948758,0.070207,,,,,,,,GLOBAL_BASELINE_NO_ENTITY_RANKING,,,NOT_APPLICABLE_GLOBAL_BASELINE,HF9g-P5,,,,X 全窗基线 · 不参与实体赏罚,8394783,840,A168_HF9F_20260827_0900,2026-08-27 09:00:00
2026-05-10,149852371,2261,0,15.5674329304,-15.5674329304,-15.5674329304,0E-7,2,1,0.42680504999914642,0.293924150000,-0.8629062149746328,-0.6451964315166089,-0.8629062149746328,0.13288089999914642,ELIGIBLE,R03b_20260811_FULL_v1,L1_ELIGIBILITY,v2026-08-11,2026-03-21..2026-08-06,baccarat_bet02_101_all_pairs_incl_sentinel,round_win = game_pnl > 0 (decisive only),COMPATIBILITY_ONLY_NOT_PRODUCTION,11632.7054,10698.3933,477.9275,991,458,-0.04108481,-0.72602740,-0.02634800,-0.04108481,-477.9275,11632.7054,OK,0.0000,14.3378,3.0000,97.0000,AG03-UNRESOLVED,ALL5_LEVELS_bet23_to_bet27,14.3378,14.3378,14.3378,19.1171,19.1171,3.000000,3.000000,3.000000,4.000000,4.000000,97.000000,97.000000,97.000000,96.000000,96.000000,5.0,81.2477,75.9334,396.6798,401.9941,PENDING_AG03,FALSE,NOT_FOR_ENFORCEMENT,463.5897,10377.4415,477.9275,463.5897,14.3378,0.04108481,0.03985227,14.3378,463.5897,0.03985227,14.3378,14.3378,14.3378,19.1171,19.1171,463.5897,0.03985227,81.2477,75.9334,396.6798,401.9941,0.03410039,0.03455723,0.00123254,11.7384,23.3589,1.0435,68.2754,3.1443,1661.8151,65.4286,11.1369,11.7520,2.5946,5.1891,18.5152,29.8317,38.8253,47.9866,2.854,-2.5946,7.482018,9.247507,2.262098,29,75,5,8,0.02106223,0.04108481,0.72602740,0E-8,0.000000,0.919682,0.000000,-0.69967940,2026-05-10,2026-07-27,7,152,94,79,0.088608,0.947655,0.948758,0.070207,,,,,,,,GLOBAL_BASELINE_NO_ENTITY_RANKING,,,NOT_APPLICABLE_GLOBAL_BASELINE,HF9g-P5,,,,X 全窗基线 · 不参与实体赏罚,8394784,840,A168_HF9F_20260827_0900,2026-08-27 09:00:00
2026-05-10,149852371,2266,0,25.9457215505,25.9457215505,25.9457215505,1.0000000,1,1,0.49324550000000000,0.493245500000,1.01360149184955,1.01360149184955,1.01360149184955,0E-17,ELIGIBLE,R03b_20260811_FULL_v1,L1_ELIGIBILITY,v2026-08-11,2026-03-21..2026-08-06,baccarat_bet02_101_all_pairs_incl_sentinel,round_win = game_pnl > 0 (decisive only),COMPATIBILITY_ONLY_NOT_PRODUCTION,11632.7054,10698.3933,477.9275,991,458,-0.04108481,-0.72602740,-0.02634800,-0.04108481,-477.9275,11632.7054,OK,0.0000,14.3378,3.0000,97.0000,AG03-UNRESOLVED,ALL5_LEVELS_bet23_to_bet27,14.3378,14.3378,14.3378,19.1171,19.1171,3.000000,3.000000,3.000000,4.000000,4.000000,97.000000,97.000000,97.000000,96.000000,96.000000,5.0,81.2477,75.9334,396.6798,401.9941,PENDING_AG03,FALSE,NOT_FOR_ENFORCEMENT,463.5897,10377.4415,477.9275,463.5897,14.3378,0.04108481,0.03985227,14.3378,463.5897,0.03985227,14.3378,14.3378,14.3378,19.1171,19.1171,463.5897,0.03985227,81.2477,75.9334,396.6798,401.9941,0.03410039,0.03455723,0.00123254,11.7384,23.3589,1.0435,68.2754,3.1443,1661.8151,65.4286,11.1369,11.7520,2.5946,5.1891,18.5152,29.8317,38.8253,47.9866,2.854,-2.5946,7.482018,9.247507,2.262098,29,75,5,8,0.02106223,0.04108481,0.72602740,0E-8,0.000000,0.919682,0.000000,-0.69967940,2026-05-10,2026-07-27,7,152,94,79,0.088608,0.947655,0.948758,0.070207,,,,,,,,GLOBAL_BASELINE_NO_ENTITY_RANKING,,,NOT_APPLICABLE_GLOBAL_BASELINE,HF9g-P5,,,,X 全窗基线 · 不参与实体赏罚,8394785,840,A168_HF9F_20260827_0900,2026-08-27 09:00:00
2026-05-10,149852371,2267,0,454.0501271352,241.1654818114,241.1654818114,0.7142857,39,15,0.43471916963379907,0.287042997222,2.1101469078329775,3.53373142406459,2.1101469078329775,0.14767617241179907,ELIGIBLE,R03b_20260811_FULL_v1,L1_ELIGIBILITY,v2026-08-11,2026-03-21..2026-08-06,baccarat_bet02_101_all_pairs_incl_sentinel,round_win = game_pnl > 0 (decisive only),COMPATIBILITY_ONLY_NOT_PRODUCTION,11632.7054,10698.3933,477.9275,991,458,-0.04108481,-0.72602740,-0.02634800,-0.04108481,-477.9275,11632.7054,OK,0.0000,14.3378,3.0000,97.0000,AG03-UNRESOLVED,ALL5_LEVELS_bet23_to_bet27,14.3378,14.3378,14.3378,19.1171,19.1171,3.000000,3.000000,3.000000,4.000000,4.000000,97.000000,97.000000,97.000000,96.000000,96.000000,5.0,81.2477,75.9334,396.6798,401.9941,PENDING_AG03,FALSE,NOT_FOR_ENFORCEMENT,463.5897,10377.4415,477.9275,463.5897,14.3378,0.04108481,0.03985227,14.3378,463.5897,0.03985227,14.3378,14.3378,14.3378,19.1171,19.1171,463.5897,0.03985227,81.2477,75.9334,396.6798,401.9941,0.03410039,0.03455723,0.00123254,11.7384,23.3589,1.0435,68.2754,3.1443,1661.8151,65.4286,11.1369,11.7520,2.5946,5.1891,18.5152,29.8317,38.8253,47.9866,2.854,-2.5946,7.482018,9.247507,2.262098,29,75,5,8,0.02106223,0.04108481,0.72602740,0E-8,0.000000,0.919682,0.000000,-0.69967940,2026-05-10,2026-07-27,7,152,94,79,0.088608,0.947655,0.948758,0.070207,,,,,,,,GLOBAL_BASELINE_NO_ENTITY_RANKING,,,NOT_APPLICABLE_GLOBAL_BASELINE,HF9g-P5,,,,X 全窗基线 · 不参与实体赏罚,8394786,840,A168_HF9F_20260827_0900,2026-08-27 09:00:00
2026-05-10,149852371,471,0,94.1829692287,1.0118831403,1.0118831403,0.6666667,9,4,0.44556345222554214,0.307809295834,0.7705041432253,1.346569431513106,0.7705041432253,0.13775415639154214,ELIGIBLE,R03b_20260811_FULL_v1,L1_ELIGIBILITY,v2026-08-11,2026-03-21..2026-08-06,baccarat_bet02_101_all_pairs_incl_sentinel,round_win = game_pnl > 0 (decisive only),COMPATIBILITY_ONLY_NOT_PRODUCTION,11632.7054,10698.3933,477.9275,991,458,-0.04108481,-0.72602740,-0.02634800,-0.04108481,-477.9275,11632.7054,OK,0.0000,14.3378,3.0000,97.0000,AG03-UNRESOLVED,ALL5_LEVELS_bet23_to_bet27,14.3378,14.3378,14.3378,19.1171,19.1171,3.000000,3.000000,3.000000,4.000000,4.000000,97.000000,97.000000,97.000000,96.000000,96.000000,5.0,81.2477,75.9334,396.6798,401.9941,PENDING_AG03,FALSE,NOT_FOR_ENFORCEMENT,463.5897,10377.4415,477.9275,463.5897,14.3378,0.04108481,0.03985227,14.3378,463.5897,0.03985227,14.3378,14.3378,14.3378,19.1171,19.1171,463.5897,0.03985227,81.2477,75.9334,396.6798,401.9941,0.03410039,0.03455723,0.00123254,11.7384,23.3589,1.0435,68.2754,3.1443,1661.8151,65.4286,11.1369,11.7520,2.5946,5.1891,18.5152,29.8317,38.8253,47.9866,2.854,-2.5946,7.482018,9.247507,2.262098,29,75,5,8,0.02106223,0.04108481,0.72602740,0E-8,0.000000,0.919682,0.000000,-0.69967940,2026-05-10,2026-07-27,7,152,94,79,0.088608,0.947655,0.948758,0.070207,,,,,,,,GLOBAL_BASELINE_NO_ENTITY_RANKING,,,NOT_APPLICABLE_GLOBAL_BASELINE,HF9g-P5,,,,X 全窗基线 · 不参与实体赏罚,8394787,840,A168_HF9F_20260827_0900,2026-08-27 09:00:00
2026-05-10,149852371,526,0,138.0312386489,-60.1940739973,-60.1940739973,0.3333333,9,3,0.43083945701951450,0.236378055556,-0.34104947984641953,0.3952658593163576,-0.34104947984641953,0.19446140146351450,ELIGIBLE,R03b_20260811_FULL_v1,L1_ELIGIBILITY,v2026-08-11,2026-03-21..2026-08-06,baccarat_bet02_101_all_pairs_incl_sentinel,round_win = game_pnl > 0 (decisive only),COMPATIBILITY_ONLY_NOT_PRODUCTION,11632.7054,10698.3933,477.9275,991,458,-0.04108481,-0.72602740,-0.02634800,-0.04108481,-477.9275,11632.7054,OK,0.0000,14.3378,3.0000,97.0000,AG03-UNRESOLVED,ALL5_LEVELS_bet23_to_bet27,14.3378,14.3378,14.3378,19.1171,19.1171,3.000000,3.000000,3.000000,4.000000,4.000000,97.000000,97.000000,97.000000,96.000000,96.000000,5.0,81.2477,75.9334,396.6798,401.9941,PENDING_AG03,FALSE,NOT_FOR_ENFORCEMENT,463.5897,10377.4415,477.9275,463.5897,14.3378,0.04108481,0.03985227,14.3378,463.5897,0.03985227,14.3378,14.3378,14.3378,19.1171,19.1171,463.5897,0.03985227,81.2477,75.9334,396.6798,401.9941,0.03410039,0.03455723,0.00123254,11.7384,23.3589,1.0435,68.2754,3.1443,1661.8151,65.4286,11.1369,11.7520,2.5946,5.1891,18.5152,29.8317,38.8253,47.9866,2.854,-2.5946,7.482018,9.247507,2.262098,29,75,5,8,0.02106223,0.04108481,0.72602740,0E-8,0.000000,0.919682,0.000000,-0.69967940,2026-05-10,2026-07-27,7,152,94,79,0.088608,0.947655,0.948758,0.070207,,,,,,,,GLOBAL_BASELINE_NO_ENTITY_RANKING,,,NOT_APPLICABLE_GLOBAL_BASELINE,HF9g-P5,,,,X 全窗基线 · 不参与实体赏罚,8394788,840,A168_HF9F_20260827_0900,2026-08-27 09:00:00
2026-05-10,149852371,919,0,143.9987546056,-9.0810025430,-9.0810025430,0.5000000,11,6,0.45500725269940096,0.369969797222,0.22131640986534523,0.6597145226207862,0.22131640986534523,0.08503745547740096,ELIGIBLE,R03b_20260811_FULL_v1,L1_ELIGIBILITY,v2026-08-11,2026-03-21..2026-08-06,baccarat_bet02_101_all_pairs_incl_sentinel,round_win = game_pnl > 0 (decisive only),COMPATIBILITY_ONLY_NOT_PRODUCTION,11632.7054,10698.3933,477.9275,991,458,-0.04108481,-0.72602740,-0.02634800,-0.04108481,-477.9275,11632.7054,OK,0.0000,14.3378,3.0000,97.0000,AG03-UNRESOLVED,ALL5_LEVELS_bet23_to_bet27,14.3378,14.3378,14.3378,19.1171,19.1171,3.000000,3.000000,3.000000,4.000000,4.000000,97.000000,97.000000,97.000000,96.000000,96.000000,5.0,81.2477,75.9334,396.6798,401.9941,PENDING_AG03,FALSE,NOT_FOR_ENFORCEMENT,463.5897,10377.4415,477.9275,463.5897,14.3378,0.04108481,0.03985227,14.3378,463.5897,0.03985227,14.3378,14.3378,14.3378,19.1171,19.1171,463.5897,0.03985227,81.2477,75.9334,396.6798,401.9941,0.03410039,0.03455723,0.00123254,11.7384,23.3589,1.0435,68.2754,3.1443,1661.8151,65.4286,11.1369,11.7520,2.5946,5.1891,18.5152,29.8317,38.8253,47.9866,2.854,-2.5946,7.482018,9.247507,2.262098,29,75,5,8,0.02106223,0.04108481,0.72602740,0E-8,0.000000,0.919682,0.000000,-0.69967940,2026-05-10,2026-07-27,7,152,94,79,0.088608,0.947655,0.948758,0.070207,,,,,,,,GLOBAL_BASELINE_NO_ENTITY_RANKING,,,NOT_APPLICABLE_GLOBAL_BASELINE,HF9g-P5,,,,X 全窗基线 · 不参与实体赏罚,8394789,840,A168_HF9F_20260827_0900,2026-08-27 09:00:00
2026-05-10,149852371,925,0,381.4021067933,10.4431529235,10.4431529235,0.5384615,29,13,0.43598466382268337,0.314159535898,0.7451032967214459,1.7422808031016999,0.7451032967214459,0.12182512792468337,ELIGIBLE,R03b_20260811_FULL_v1,L1_ELIGIBILITY,v2026-08-11,2026-03-21..2026-08-06,baccarat_bet02_101_all_pairs_incl_sentinel,round_win = game_pnl > 0 (decisive only),COMPATIBILITY_ONLY_NOT_PRODUCTION,11632.7054,10698.3933,477.9275,991,458,-0.04108481,-0.72602740,-0.02634800,-0.04108481,-477.9275,11632.7054,OK,0.0000,14.3378,3.0000,97.0000,AG03-UNRESOLVED,ALL5_LEVELS_bet23_to_bet27,14.3378,14.3378,14.3378,19.1171,19.1171,3.000000,3.000000,3.000000,4.000000,4.000000,97.000000,97.000000,97.000000,96.000000,96.000000,5.0,81.2477,75.9334,396.6798,401.9941,PENDING_AG03,FALSE,NOT_FOR_ENFORCEMENT,463.5897,10377.4415,477.9275,463.5897,14.3378,0.04108481,0.03985227,14.3378,463.5897,0.03985227,14.3378,14.3378,14.3378,19.1171,19.1171,463.5897,0.03985227,81.2477,75.9334,396.6798,401.9941,0.03410039,0.03455723,0.00123254,11.7384,23.3589,1.0435,68.2754,3.1443,1661.8151,65.4286,11.1369,11.7520,2.5946,5.1891,18.5152,29.8317,38.8253,47.9866,2.854,-2.5946,7.482018,9.247507,2.262098,29,75,5,8,0.02106223,0.04108481,0.72602740,0E-8,0.000000,0.919682,0.000000,-0.69967940,2026-05-10,2026-07-27,7,152,94,79,0.088608,0.947655,0.948758,0.070207,,,,,,,,GLOBAL_BASELINE_NO_ENTITY_RANKING,,,NOT_APPLICABLE_GLOBAL_BASELINE,HF9g-P5,,,,X 全窗基线 · 不参与实体赏罚,8394790,840,A168_HF9F_20260827_0900,2026-08-27 09:00:00
2026-05-16,149852371,-1,1,79.1344507292,-59.4027294900,-59.4027294900,0.4000000,7,5,0.47412985129394042,0.421560080000,-0.33196341381075795,-0.09762847429229732,-0.33196341381075795,0.05256977129394042,SENTINEL_DEALER,R03b_20260811_FULL_v1,L1_ELIGIBILITY,v2026-08-11,2026-03-21..2026-08-06,baccarat_bet02_101_all_pairs_incl_sentinel,round_win = game_pnl > 0 (decisive only),COMPATIBILITY_ONLY_NOT_PRODUCTION,11632.7054,10698.3933,477.9275,991,458,-0.04108481,-0.72602740,-0.02634800,-0.04108481,-477.9275,11632.7054,OK,0.0000,14.3378,3.0000,97.0000,AG03-UNRESOLVED,ALL5_LEVELS_bet23_to_bet27,14.3378,14.3378,14.3378,19.1171,19.1171,3.000000,3.000000,3.000000,4.000000,4.000000,97.000000,97.000000,97.000000,96.000000,96.000000,5.0,81.2477,75.9334,396.6798,401.9941,PENDING_AG03,FALSE,NOT_FOR_ENFORCEMENT,463.5897,10377.4415,477.9275,463.5897,14.3378,0.04108481,0.03985227,14.3378,463.5897,0.03985227,14.3378,14.3378,14.3378,19.1171,19.1171,463.5897,0.03985227,81.2477,75.9334,396.6798,401.9941,0.03410039,0.03455723,0.00123254,11.7384,23.3589,1.0435,68.2754,3.1443,1661.8151,65.4286,11.1369,11.7520,2.5946,5.1891,18.5152,29.8317,38.8253,47.9866,2.854,-2.5946,7.482018,9.247507,2.262098,29,75,5,8,0.02106223,0.04108481,0.72602740,0E-8,0.000000,0.919682,0.000000,-0.69967940,2026-05-10,2026-07-27,7,152,94,79,0.088608,0.947655,0.948758,0.070207,,,,,,,,GLOBAL_BASELINE_NO_ENTITY_RANKING,,,NOT_APPLICABLE_GLOBAL_BASELINE,HF9g-P5,,,,X 全窗基线 · 不参与实体赏罚,8394791,840,A168_HF9F_20260827_0900,2026-08-27 09:00:00
2026-05-16,149852371,1299,0,12.9728607753,0E-10,0E-10,,1,1,0.49324550000000000,0.493245500000,,,,0E-17,NO_DECISIVE_ROUND,R03b_20260811_FULL_v1,L1_ELIGIBILITY,v2026-08-11,2026-03-21..2026-08-06,baccarat_bet02_101_all_pairs_incl_sentinel,round_win = game_pnl > 0 (decisive only),COMPATIBILITY_ONLY_NOT_PRODUCTION,11632.7054,10698.3933,477.9275,991,458,-0.04108481,-0.72602740,-0.02634800,-0.04108481,-477.9275,11632.7054,OK,0.0000,14.3378,3.0000,97.0000,AG03-UNRESOLVED,ALL5_LEVELS_bet23_to_bet27,14.3378,14.3378,14.3378,19.1171,19.1171,3.000000,3.000000,3.000000,4.000000,4.000000,97.000000,97.000000,97.000000,96.000000,96.000000,5.0,81.2477,75.9334,396.6798,401.9941,PENDING_AG03,FALSE,NOT_FOR_ENFORCEMENT,463.5897,10377.4415,477.9275,463.5897,14.3378,0.04108481,0.03985227,14.3378,463.5897,0.03985227,14.3378,14.3378,14.3378,19.1171,19.1171,463.5897,0.03985227,81.2477,75.9334,396.6798,401.9941,0.03410039,0.03455723,0.00123254,11.7384,23.3589,1.0435,68.2754,3.1443,1661.8151,65.4286,11.1369,11.7520,2.5946,5.1891,18.5152,29.8317,38.8253,47.9866,2.854,-2.5946,7.482018,9.247507,2.262098,29,75,5,8,0.02106223,0.04108481,0.72602740,0E-8,0.000000,0.919682,0.000000,-0.69967940,2026-05-10,2026-07-27,7,152,94,79,0.088608,0.947655,0.948758,0.070207,,,,,,,,GLOBAL_BASELINE_NO_ENTITY_RANKING,,,NOT_APPLICABLE_GLOBAL_BASELINE,HF9g-P5,,,,X 全窗基线 · 不参与实体赏罚,8394792,840,A168_HF9F_20260827_0900,2026-08-27 09:00:00
2026-05-16,149852371,1325,0,72.6480203417,-2.8280836493,-2.8280836493,0.6000000,10,5,0.43643802961044824,0.325360516667,0.737454454514556,1.3107795998718634,0.737454454514556,0.11107751294344824,ELIGIBLE,R03b_20260811_FULL_v1,L1_ELIGIBILITY,v2026-08-11,2026-03-21..2026-08-06,baccarat_bet02_101_all_pairs_incl_sentinel,round_win = game_pnl > 0 (decisive only),COMPATIBILITY_ONLY_NOT_PRODUCTION,11632.7054,10698.3933,477.9275,991,458,-0.04108481,-0.72602740,-0.02634800,-0.04108481,-477.9275,11632.7054,OK,0.0000,14.3378,3.0000,97.0000,AG03-UNRESOLVED,ALL5_LEVELS_bet23_to_bet27,14.3378,14.3378,14.3378,19.1171,19.1171,3.000000,3.000000,3.000000,4.000000,4.000000,97.000000,97.000000,97.000000,96.000000,96.000000,5.0,81.2477,75.9334,396.6798,401.9941,PENDING_AG03,FALSE,NOT_FOR_ENFORCEMENT,463.5897,10377.4415,477.9275,463.5897,14.3378,0.04108481,0.03985227,14.3378,463.5897,0.03985227,14.3378,14.3378,14.3378,19.1171,19.1171,463.5897,0.03985227,81.2477,75.9334,396.6798,401.9941,0.03410039,0.03455723,0.00123254,11.7384,23.3589,1.0435,68.2754,3.1443,1661.8151,65.4286,11.1369,11.7520,2.5946,5.1891,18.5152,29.8317,38.8253,47.9866,2.854,-2.5946,7.482018,9.247507,2.262098,29,75,5,8,0.02106223,0.04108481,0.72602740,0E-8,0.000000,0.919682,0.000000,-0.69967940,2026-05-10,2026-07-27,7,152,94,79,0.088608,0.947655,0.948758,0.070207,,,,,,,,GLOBAL_BASELINE_NO_ENTITY_RANKING,,,NOT_APPLICABLE_GLOBAL_BASELINE,HF9g-P5,,,,X 全窗基线 · 不参与实体赏罚,8394793,840,A168_HF9F_20260827_0900,2026-08-27 09:00:00
2026-05-16,149852371,1623,0,18.6809195164,18.0322764776,18.0322764776,1.0000000,2,2,0.49994810000000000,0.499948100000,1.4143603653603398,1.4143603653603398,1.4143603653603398,0E-17,ELIGIBLE,R03b_20260811_FULL_v1,L1_ELIGIBILITY,v2026-08-11,2026-03-21..2026-08-06,baccarat_bet02_101_all_pairs_incl_sentinel,round_win = game_pnl > 0 (decisive only),COMPATIBILITY_ONLY_NOT_PRODUCTION,11632.7054,10698.3933,477.9275,991,458,-0.04108481,-0.72602740,-0.02634800,-0.04108481,-477.9275,11632.7054,OK,0.0000,14.3378,3.0000,97.0000,AG03-UNRESOLVED,ALL5_LEVELS_bet23_to_bet27,14.3378,14.3378,14.3378,19.1171,19.1171,3.000000,3.000000,3.000000,4.000000,4.000000,97.000000,97.000000,97.000000,96.000000,96.000000,5.0,81.2477,75.9334,396.6798,401.9941,PENDING_AG03,FALSE,NOT_FOR_ENFORCEMENT,463.5897,10377.4415,477.9275,463.5897,14.3378,0.04108481,0.03985227,14.3378,463.5897,0.03985227,14.3378,14.3378,14.3378,19.1171,19.1171,463.5897,0.03985227,81.2477,75.9334,396.6798,401.9941,0.03410039,0.03455723,0.00123254,11.7384,23.3589,1.0435,68.2754,3.1443,1661.8151,65.4286,11.1369,11.7520,2.5946,5.1891,18.5152,29.8317,38.8253,47.9866,2.854,-2.5946,7.482018,9.247507,2.262098,29,75,5,8,0.02106223,0.04108481,0.72602740,0E-8,0.000000,0.919682,0.000000,-0.69967940,2026-05-10,2026-07-27,7,152,94,79,0.088608,0.947655,0.948758,0.070207,,,,,,,,GLOBAL_BASELINE_NO_ENTITY_RANKING,,,NOT_APPLICABLE_GLOBAL_BASELINE,HF9g-P5,,,,X 全窗基线 · 不参与实体赏罚,8394794,840,A168_HF9F_20260827_0900,2026-08-27 09:00:00
2026-05-16,149852371,1750,0,40.9942400499,-35.8050957398,-35.8050957398,0E-7,6,4,0.44976791157815094,0.395260475000,-1.5659644702383746,-1.4002905058078163,-1.5659644702383746,0.05450743657815094,ELIGIBLE,R03b_20260811_FULL_v1,L1_ELIGIBILITY,v2026-08-11,2026-03-21..2026-08-06,baccarat_bet02_101_all_pairs_incl_sentinel,round_win = game_pnl > 0 (decisive only),COMPATIBILITY_ONLY_NOT_PRODUCTION,11632.7054,10698.3933,477.9275,991,458,-0.04108481,-0.72602740,-0.02634800,-0.04108481,-477.9275,11632.7054,OK,0.0000,14.3378,3.0000,97.0000,AG03-UNRESOLVED,ALL5_LEVELS_bet23_to_bet27,14.3378,14.3378,14.3378,19.1171,19.1171,3.000000,3.000000,3.000000,4.000000,4.000000,97.000000,97.000000,97.000000,96.000000,96.000000,5.0,81.2477,75.9334,396.6798,401.9941,PENDING_AG03,FALSE,NOT_FOR_ENFORCEMENT,463.5897,10377.4415,477.9275,463.5897,14.3378,0.04108481,0.03985227,14.3378,463.5897,0.03985227,14.3378,14.3378,14.3378,19.1171,19.1171,463.5897,0.03985227,81.2477,75.9334,396.6798,401.9941,0.03410039,0.03455723,0.00123254,11.7384,23.3589,1.0435,68.2754,3.1443,1661.8151,65.4286,11.1369,11.7520,2.5946,5.1891,18.5152,29.8317,38.8253,47.9866,2.854,-2.5946,7.482018,9.247507,2.262098,29,75,5,8,0.02106223,0.04108481,0.72602740,0E-8,0.000000,0.919682,0.000000,-0.69967940,2026-05-10,2026-07-27,7,152,94,79,0.088608,0.947655,0.948758,0.070207,,,,,,,,GLOBAL_BASELINE_NO_ENTITY_RANKING,,,NOT_APPLICABLE_GLOBAL_BASELINE,HF9g-P5,,,,X 全窗基线 · 不参与实体赏罚,8394795,840,A168_HF9F_20260827_0900,2026-08-27 09:00:00
2026-05-16,149852371,1942,0,35.5456385243,-13.2842094340,-13.2842094340,0.3333333,5,3,0.45182088999932091,0.364833000000,-0.41237181786530036,-0.11333800532433629,-0.41237181786530036,0.08698788999932091,ELIGIBLE,R03b_20260811_FULL_v1,L1_ELIGIBILITY,v2026-08-11,2026-03-21..2026-08-06,baccarat_bet02_101_all_pairs_incl_sentinel,round_win = game_pnl > 0 (decisive only),COMPATIBILITY_ONLY_NOT_PRODUCTION,11632.7054,10698.3933,477.9275,991,458,-0.04108481,-0.72602740,-0.02634800,-0.04108481,-477.9275,11632.7054,OK,0.0000,14.3378,3.0000,97.0000,AG03-UNRESOLVED,ALL5_LEVELS_bet23_to_bet27,14.3378,14.3378,14.3378,19.1171,19.1171,3.000000,3.000000,3.000000,4.000000,4.000000,97.000000,97.000000,97.000000,96.000000,96.000000,5.0,81.2477,75.9334,396.6798,401.9941,PENDING_AG03,FALSE,NOT_FOR_ENFORCEMENT,463.5897,10377.4415,477.9275,463.5897,14.3378,0.04108481,0.03985227,14.3378,463.5897,0.03985227,14.3378,14.3378,14.3378,19.1171,19.1171,463.5897,0.03985227,81.2477,75.9334,396.6798,401.9941,0.03410039,0.03455723,0.00123254,11.7384,23.3589,1.0435,68.2754,3.1443,1661.8151,65.4286,11.1369,11.7520,2.5946,5.1891,18.5152,29.8317,38.8253,47.9866,2.854,-2.5946,7.482018,9.247507,2.262098,29,75,5,8,0.02106223,0.04108481,0.72602740,0E-8,0.000000,0.919682,0.000000,-0.69967940,2026-05-10,2026-07-27,7,152,94,79,0.088608,0.947655,0.948758,0.070207,,,,,,,,GLOBAL_BASELINE_NO_ENTITY_RANKING,,,NOT_APPLICABLE_GLOBAL_BASELINE,HF9g-P5,,,,X 全窗基线 · 不参与实体赏罚,8394796,840,A168_HF9F_20260827_0900,2026-08-27 09:00:00
2026-05-16,149852371,1957,0,31.9132375072,-7.1221005657,-7.1221005657,0.5000000,6,4,0.44254874807598598,0.400287425000,0.23133720635571473,0.40702621015020357,0.23133720635571473,0.04226132307598598,ELIGIBLE,R03b_20260811_FULL_v1,L1_ELIGIBILITY,v2026-08-11,2026-03-21..2026-08-06,baccarat_bet02_101_all_pairs_incl_sentinel,round_win = game_pnl > 0 (decisive only),COMPATIBILITY_ONLY_NOT_PRODUCTION,11632.7054,10698.3933,477.9275,991,458,-0.04108481,-0.72602740,-0.02634800,-0.04108481,-477.9275,11632.7054,OK,0.0000,14.3378,3.0000,97.0000,AG03-UNRESOLVED,ALL5_LEVELS_bet23_to_bet27,14.3378,14.3378,14.3378,19.1171,19.1171,3.000000,3.000000,3.000000,4.000000,4.000000,97.000000,97.000000,97.000000,96.000000,96.000000,5.0,81.2477,75.9334,396.6798,401.9941,PENDING_AG03,FALSE,NOT_FOR_ENFORCEMENT,463.5897,10377.4415,477.9275,463.5897,14.3378,0.04108481,0.03985227,14.3378,463.5897,0.03985227,14.3378,14.3378,14.3378,19.1171,19.1171,463.5897,0.03985227,81.2477,75.9334,396.6798,401.9941,0.03410039,0.03455723,0.00123254,11.7384,23.3589,1.0435,68.2754,3.1443,1661.8151,65.4286,11.1369,11.7520,2.5946,5.1891,18.5152,29.8317,38.8253,47.9866,2.854,-2.5946,7.482018,9.247507,2.262098,29,75,5,8,0.02106223,0.04108481,0.72602740,0E-8,0.000000,0.919682,0.000000,-0.69967940,2026-05-10,2026-07-27,7,152,94,79,0.088608,0.947655,0.948758,0.070207,,,,,,,,GLOBAL_BASELINE_NO_ENTITY_RANKING,,,NOT_APPLICABLE_GLOBAL_BASELINE,HF9g-P5,,,,X 全窗基线 · 不参与实体赏罚,8394797,840,A168_HF9F_20260827_0900,2026-08-27 09:00:00
2026-05-16,149852371,2101,0,38.3996678949,-16.6052617925,-16.6052617925,0.5000000,6,4,0.45476950383019974,0.395260475000,0.18166681873955953,0.4284643812454088,0.18166681873955953,0.05950902883019974,ELIGIBLE,R03b_20260811_FULL_v1,L1_ELIGIBILITY,v2026-08-11,2026-03-21..2026-08-06,baccarat_bet02_101_all_pairs_incl_sentinel,round_win = game_pnl > 0 (decisive only),COMPATIBILITY_ONLY_NOT_PRODUCTION,11632.7054,10698.3933,477.9275,991,458,-0.04108481,-0.72602740,-0.02634800,-0.04108481,-477.9275,11632.7054,OK,0.0000,14.3378,3.0000,97.0000,AG03-UNRESOLVED,ALL5_LEVELS_bet23_to_bet27,14.3378,14.3378,14.3378,19.1171,19.1171,3.000000,3.000000,3.000000,4.000000,4.000000,97.000000,97.000000,97.000000,96.000000,96.000000,5.0,81.2477,75.9334,396.6798,401.9941,PENDING_AG03,FALSE,NOT_FOR_ENFORCEMENT,463.5897,10377.4415,477.9275,463.5897,14.3378,0.04108481,0.03985227,14.3378,463.5897,0.03985227,14.3378,14.3378,14.3378,19.1171,19.1171,463.5897,0.03985227,81.2477,75.9334,396.6798,401.9941,0.03410039,0.03455723,0.00123254,11.7384,23.3589,1.0435,68.2754,3.1443,1661.8151,65.4286,11.1369,11.7520,2.5946,5.1891,18.5152,29.8317,38.8253,47.9866,2.854,-2.5946,7.482018,9.247507,2.262098,29,75,5,8,0.02106223,0.04108481,0.72602740,0E-8,0.000000,0.919682,0.000000,-0.69967940,2026-05-10,2026-07-27,7,152,94,79,0.088608,0.947655,0.948758,0.070207,,,,,,,,GLOBAL_BASELINE_NO_ENTITY_RANKING,,,NOT_APPLICABLE_GLOBAL_BASELINE,HF9g-P5,,,,X 全窗基线 · 不参与实体赏罚,8394798,840,A168_HF9F_20260827_0900,2026-08-27 09:00:00
2026-05-16,149852371,2239,0,5.7080587411,5.4226558041,5.4226558041,1.0000000,1,1,0.50665070000000000,0.506650700000,0.9867858985152569,0.9867858985152569,0.9867858985152569,0E-17,ELIGIBLE,R03b_20260811_FULL_v1,L1_ELIGIBILITY,v2026-08-11,2026-03-21..2026-08-06,baccarat_bet02_101_all_pairs_incl_sentinel,round_win = game_pnl > 0 (decisive only),COMPATIBILITY_ONLY_NOT_PRODUCTION,11632.7054,10698.3933,477.9275,991,458,-0.04108481,-0.72602740,-0.02634800,-0.04108481,-477.9275,11632.7054,OK,0.0000,14.3378,3.0000,97.0000,AG03-UNRESOLVED,ALL5_LEVELS_bet23_to_bet27,14.3378,14.3378,14.3378,19.1171,19.1171,3.000000,3.000000,3.000000,4.000000,4.000000,97.000000,97.000000,97.000000,96.000000,96.000000,5.0,81.2477,75.9334,396.6798,401.9941,PENDING_AG03,FALSE,NOT_FOR_ENFORCEMENT,463.5897,10377.4415,477.9275,463.5897,14.3378,0.04108481,0.03985227,14.3378,463.5897,0.03985227,14.3378,14.3378,14.3378,19.1171,19.1171,463.5897,0.03985227,81.2477,75.9334,396.6798,401.9941,0.03410039,0.03455723,0.00123254,11.7384,23.3589,1.0435,68.2754,3.1443,1661.8151,65.4286,11.1369,11.7520,2.5946,5.1891,18.5152,29.8317,38.8253,47.9866,2.854,-2.5946,7.482018,9.247507,2.262098,29,75,5,8,0.02106223,0.04108481,0.72602740,0E-8,0.000000,0.919682,0.000000,-0.69967940,2026-05-10,2026-07-27,7,152,94,79,0.088608,0.947655,0.948758,0.070207,,,,,,,,GLOBAL_BASELINE_NO_ENTITY_RANKING,,,NOT_APPLICABLE_GLOBAL_BASELINE,HF9g-P5,,,,X 全窗基线 · 不参与实体赏罚,8394799,840,A168_HF9F_20260827_0900,2026-08-27 09:00:00
2026-05-16,149852371,2246,0,46.7022987911,-46.7022987911,-46.7022987911,0E-7,4,1,0.42459344444341545,0.184311250000,-0.8590120173568825,-0.47535020548684115,-0.8590120173568825,0.24028219444341545,ELIGIBLE,R03b_20260811_FULL_v1,L1_ELIGIBILITY,v2026-08-11,2026-03-21..2026-08-06,baccarat_bet02_101_all_pairs_incl_sentinel,round_win = game_pnl > 0 (decisive only),COMPATIBILITY_ONLY_NOT_PRODUCTION,11632.7054,10698.3933,477.9275,991,458,-0.04108481,-0.72602740,-0.02634800,-0.04108481,-477.9275,11632.7054,OK,0.0000,14.3378,3.0000,97.0000,AG03-UNRESOLVED,ALL5_LEVELS_bet23_to_bet27,14.3378,14.3378,14.3378,19.1171,19.1171,3.000000,3.000000,3.000000,4.000000,4.000000,97.000000,97.000000,97.000000,96.000000,96.000000,5.0,81.2477,75.9334,396.6798,401.9941,PENDING_AG03,FALSE,NOT_FOR_ENFORCEMENT,463.5897,10377.4415,477.9275,463.5897,14.3378,0.04108481,0.03985227,14.3378,463.5897,0.03985227,14.3378,14.3378,14.3378,19.1171,19.1171,463.5897,0.03985227,81.2477,75.9334,396.6798,401.9941,0.03410039,0.03455723,0.00123254,11.7384,23.3589,1.0435,68.2754,3.1443,1661.8151,65.4286,11.1369,11.7520,2.5946,5.1891,18.5152,29.8317,38.8253,47.9866,2.854,-2.5946,7.482018,9.247507,2.262098,29,75,5,8,0.02106223,0.04108481,0.72602740,0E-8,0.000000,0.919682,0.000000,-0.69967940,2026-05-10,2026-07-27,7,152,94,79,0.088608,0.947655,0.948758,0.070207,,,,,,,,GLOBAL_BASELINE_NO_ENTITY_RANKING,,,NOT_APPLICABLE_GLOBAL_BASELINE,HF9g-P5,,,,X 全窗基线 · 不参与实体赏罚,8394800,840,A168_HF9F_20260827_0900,2026-08-27 09:00:00
2026-05-16,149852371,2258,0,21.7944061025,-1.0508017229,-1.0508017229,0.5000000,3,2,0.45955124705818242,0.396936125000,0.11478255836642262,0.29790616794075786,0.11478255836642262,0.06261512205818242,ELIGIBLE,R03b_20260811_FULL_v1,L1_ELIGIBILITY,v2026-08-11,2026-03-21..2026-08-06,baccarat_bet02_101_all_pairs_incl_sentinel,round_win = game_pnl > 0 (decisive only),COMPATIBILITY_ONLY_NOT_PRODUCTION,11632.7054,10698.3933,477.9275,991,458,-0.04108481,-0.72602740,-0.02634800,-0.04108481,-477.9275,11632.7054,OK,0.0000,14.3378,3.0000,97.0000,AG03-UNRESOLVED,ALL5_LEVELS_bet23_to_bet27,14.3378,14.3378,14.3378,19.1171,19.1171,3.000000,3.000000,3.000000,4.000000,4.000000,97.000000,97.000000,97.000000,96.000000,96.000000,5.0,81.2477,75.9334,396.6798,401.9941,PENDING_AG03,FALSE,NOT_FOR_ENFORCEMENT,463.5897,10377.4415,477.9275,463.5897,14.3378,0.04108481,0.03985227,14.3378,463.5897,0.03985227,14.3378,14.3378,14.3378,19.1171,19.1171,463.5897,0.03985227,81.2477,75.9334,396.6798,401.9941,0.03410039,0.03455723,0.00123254,11.7384,23.3589,1.0435,68.2754,3.1443,1661.8151,65.4286,11.1369,11.7520,2.5946,5.1891,18.5152,29.8317,38.8253,47.9866,2.854,-2.5946,7.482018,9.247507,2.262098,29,75,5,8,0.02106223,0.04108481,0.72602740,0E-8,0.000000,0.919682,0.000000,-0.69967940,2026-05-10,2026-07-27,7,152,94,79,0.088608,0.947655,0.948758,0.070207,,,,,,,,GLOBAL_BASELINE_NO_ENTITY_RANKING,,,NOT_APPLICABLE_GLOBAL_BASELINE,HF9g-P5,,,,X 全窗基线 · 不参与实体赏罚,8394801,840,A168_HF9F_20260827_0900,2026-08-27 09:00:00
2026-05-16,149852371,2266,0,5.1891443101,-5.1891443101,-5.1891443101,0E-7,1,1,0.50665070000000000,0.506650700000,-1.013391052207602,-1.013391052207602,-1.013391052207602,0E-17,ELIGIBLE,R03b_20260811_FULL_v1,L1_ELIGIBILITY,v2026-08-11,2026-03-21..2026-08-06,baccarat_bet02_101_all_pairs_incl_sentinel,round_win = game_pnl > 0 (decisive only),COMPATIBILITY_ONLY_NOT_PRODUCTION,11632.7054,10698.3933,477.9275,991,458,-0.04108481,-0.72602740,-0.02634800,-0.04108481,-477.9275,11632.7054,OK,0.0000,14.3378,3.0000,97.0000,AG03-UNRESOLVED,ALL5_LEVELS_bet23_to_bet27,14.3378,14.3378,14.3378,19.1171,19.1171,3.000000,3.000000,3.000000,4.000000,4.000000,97.000000,97.000000,97.000000,96.000000,96.000000,5.0,81.2477,75.9334,396.6798,401.9941,PENDING_AG03,FALSE,NOT_FOR_ENFORCEMENT,463.5897,10377.4415,477.9275,463.5897,14.3378,0.04108481,0.03985227,14.3378,463.5897,0.03985227,14.3378,14.3378,14.3378,19.1171,19.1171,463.5897,0.03985227,81.2477,75.9334,396.6798,401.9941,0.03410039,0.03455723,0.00123254,11.7384,23.3589,1.0435,68.2754,3.1443,1661.8151,65.4286,11.1369,11.7520,2.5946,5.1891,18.5152,29.8317,38.8253,47.9866,2.854,-2.5946,7.482018,9.247507,2.262098,29,75,5,8,0.02106223,0.04108481,0.72602740,0E-8,0.000000,0.919682,0.000000,-0.69967940,2026-05-10,2026-07-27,7,152,94,79,0.088608,0.947655,0.948758,0.070207,,,,,,,,GLOBAL_BASELINE_NO_ENTITY_RANKING,,,NOT_APPLICABLE_GLOBAL_BASELINE,HF9g-P5,,,,X 全窗基线 · 不参与实体赏罚,8394802,840,A168_HF9F_20260827_0900,2026-08-27 09:00:00
2026-05-16,149852371,2271,0,15.5674329303,4.9296870946,4.9296870946,1.0000000,2,2,0.50665070000000000,0.506650700000,0.9867858985152569,0.9867858985152569,0.9867858985152569,0E-17,ELIGIBLE,R03b_20260811_FULL_v1,L1_ELIGIBILITY,v2026-08-11,2026-03-21..2026-08-06,baccarat_bet02_101_all_pairs_incl_sentinel,round_win = game_pnl > 0 (decisive only),COMPATIBILITY_ONLY_NOT_PRODUCTION,11632.7054,10698.3933,477.9275,991,458,-0.04108481,-0.72602740,-0.02634800,-0.04108481,-477.9275,11632.7054,OK,0.0000,14.3378,3.0000,97.0000,AG03-UNRESOLVED,ALL5_LEVELS_bet23_to_bet27,14.3378,14.3378,14.3378,19.1171,19.1171,3.000000,3.000000,3.000000,4.000000,4.000000,97.000000,97.000000,97.000000,96.000000,96.000000,5.0,81.2477,75.9334,396.6798,401.9941,PENDING_AG03,FALSE,NOT_FOR_ENFORCEMENT,463.5897,10377.4415,477.9275,463.5897,14.3378,0.04108481,0.03985227,14.3378,463.5897,0.03985227,14.3378,14.3378,14.3378,19.1171,19.1171,463.5897,0.03985227,81.2477,75.9334,396.6798,401.9941,0.03410039,0.03455723,0.00123254,11.7384,23.3589,1.0435,68.2754,3.1443,1661.8151,65.4286,11.1369,11.7520,2.5946,5.1891,18.5152,29.8317,38.8253,47.9866,2.854,-2.5946,7.482018,9.247507,2.262098,29,75,5,8,0.02106223,0.04108481,0.72602740,0E-8,0.000000,0.919682,0.000000,-0.69967940,2026-05-10,2026-07-27,7,152,94,79,0.088608,0.947655,0.948758,0.070207,,,,,,,,GLOBAL_BASELINE_NO_ENTITY_RANKING,,,NOT_APPLICABLE_GLOBAL_BASELINE,HF9g-P5,,,,X 全窗基线 · 不参与实体赏罚,8394803,840,A168_HF9F_20260827_0900,2026-08-27 09:00:00
2026-05-16,149852371,529,0,38.9185823259,-38.9185823259,-38.9185823259,0E-7,4,1,0.42158719333202193,0.187662550000,-0.8537382800016216,-0.48064072822218945,-0.8537382800016216,0.23392464333202193,ELIGIBLE,R03b_20260811_FULL_v1,L1_ELIGIBILITY,v2026-08-11,2026-03-21..2026-08-06,baccarat_bet02_101_all_pairs_incl_sentinel,round_win = game_pnl > 0 (decisive only),COMPATIBILITY_ONLY_NOT_PRODUCTION,11632.7054,10698.3933,477.9275,991,458,-0.04108481,-0.72602740,-0.02634800,-0.04108481,-477.9275,11632.7054,OK,0.0000,14.3378,3.0000,97.0000,AG03-UNRESOLVED,ALL5_LEVELS_bet23_to_bet27,14.3378,14.3378,14.3378,19.1171,19.1171,3.000000,3.000000,3.000000,4.000000,4.000000,97.000000,97.000000,97.000000,96.000000,96.000000,5.0,81.2477,75.9334,396.6798,401.9941,PENDING_AG03,FALSE,NOT_FOR_ENFORCEMENT,463.5897,10377.4415,477.9275,463.5897,14.3378,0.04108481,0.03985227,14.3378,463.5897,0.03985227,14.3378,14.3378,14.3378,19.1171,19.1171,463.5897,0.03985227,81.2477,75.9334,396.6798,401.9941,0.03410039,0.03455723,0.00123254,11.7384,23.3589,1.0435,68.2754,3.1443,1661.8151,65.4286,11.1369,11.7520,2.5946,5.1891,18.5152,29.8317,38.8253,47.9866,2.854,-2.5946,7.482018,9.247507,2.262098,29,75,5,8,0.02106223,0.04108481,0.72602740,0E-8,0.000000,0.919682,0.000000,-0.69967940,2026-05-10,2026-07-27,7,152,94,79,0.088608,0.947655,0.948758,0.070207,,,,,,,,GLOBAL_BASELINE_NO_ENTITY_RANKING,,,NOT_APPLICABLE_GLOBAL_BASELINE,HF9g-P5,,,,X 全窗基线 · 不参与实体赏罚,8394804,840,A168_HF9F_20260827_0900,2026-08-27 09:00:00
2026-05-16,149852371,986,0,37.8807534639,-15.9955373360,-15.9955373360,0.3333333,6,4,0.45941099174359961,0.401963075000,-0.4381920209454459,-0.24244649593940093,-0.4381920209454459,0.05744791674359961,ELIGIBLE,R03b_20260811_FULL_v1,L1_ELIGIBILITY,v2026-08-11,2026-03-21..2026-08-06,baccarat_bet02_101_all_pairs_incl_sentinel,round_win = game_pnl > 0 (decisive only),COMPATIBILITY_ONLY_NOT_PRODUCTION,11632.7054,10698.3933,477.9275,991,458,-0.04108481,-0.72602740,-0.02634800,-0.04108481,-477.9275,11632.7054,OK,0.0000,14.3378,3.0000,97.0000,AG03-UNRESOLVED,ALL5_LEVELS_bet23_to_bet27,14.3378,14.3378,14.3378,19.1171,19.1171,3.000000,3.000000,3.000000,4.000000,4.000000,97.000000,97.000000,97.000000,96.000000,96.000000,5.0,81.2477,75.9334,396.6798,401.9941,PENDING_AG03,FALSE,NOT_FOR_ENFORCEMENT,463.5897,10377.4415,477.9275,463.5897,14.3378,0.04108481,0.03985227,14.3378,463.5897,0.03985227,14.3378,14.3378,14.3378,19.1171,19.1171,463.5897,0.03985227,81.2477,75.9334,396.6798,401.9941,0.03410039,0.03455723,0.00123254,11.7384,23.3589,1.0435,68.2754,3.1443,1661.8151,65.4286,11.1369,11.7520,2.5946,5.1891,18.5152,29.8317,38.8253,47.9866,2.854,-2.5946,7.482018,9.247507,2.262098,29,75,5,8,0.02106223,0.04108481,0.72602740,0E-8,0.000000,0.919682,0.000000,-0.69967940,2026-05-10,2026-07-27,7,152,94,79,0.088608,0.947655,0.948758,0.070207,,,,,,,,GLOBAL_BASELINE_NO_ENTITY_RANKING,,,NOT_APPLICABLE_GLOBAL_BASELINE,HF9g-P5,,,,X 全窗基线 · 不参与实体赏罚,8394805,840,A168_HF9F_20260827_0900,2026-08-27 09:00:00
2026-05-17,149852371,-1,1,67.4588760315,-34.8191583210,-34.8191583210,0.2500000,8,5,0.45733684399944817,0.377674250000,-0.832383026824597,-0.526702934119366,-0.832383026824597,0.07966259399944817,SENTINEL_DEALER,R03b_20260811_FULL_v1,L1_ELIGIBILITY,v2026-08-11,2026-03-21..2026-08-06,baccarat_bet02_101_all_pairs_incl_sentinel,round_win = game_pnl > 0 (decisive only),COMPATIBILITY_ONLY_NOT_PRODUCTION,11632.7054,10698.3933,477.9275,991,458,-0.04108481,-0.72602740,-0.02634800,-0.04108481,-477.9275,11632.7054,OK,0.0000,14.3378,3.0000,97.0000,AG03-UNRESOLVED,ALL5_LEVELS_bet23_to_bet27,14.3378,14.3378,14.3378,19.1171,19.1171,3.000000,3.000000,3.000000,4.000000,4.000000,97.000000,97.000000,97.000000,96.000000,96.000000,5.0,81.2477,75.9334,396.6798,401.9941,PENDING_AG03,FALSE,NOT_FOR_ENFORCEMENT,463.5897,10377.4415,477.9275,463.5897,14.3378,0.04108481,0.03985227,14.3378,463.5897,0.03985227,14.3378,14.3378,14.3378,19.1171,19.1171,463.5897,0.03985227,81.2477,75.9334,396.6798,401.9941,0.03410039,0.03455723,0.00123254,11.7384,23.3589,1.0435,68.2754,3.1443,1661.8151,65.4286,11.1369,11.7520,2.5946,5.1891,18.5152,29.8317,38.8253,47.9866,2.854,-2.5946,7.482018,9.247507,2.262098,29,75,5,8,0.02106223,0.04108481,0.72602740,0E-8,0.000000,0.919682,0.000000,-0.69967940,2026-05-10,2026-07-27,7,152,94,79,0.088608,0.947655,0.948758,0.070207,,,,,,,,GLOBAL_BASELINE_NO_ENTITY_RANKING,,,NOT_APPLICABLE_GLOBAL_BASELINE,HF9g-P5,,,,X 全窗基线 · 不参与实体赏罚,8394806,840,A168_HF9F_20260827_0900,2026-08-27 09:00:00
2026-05-17,149852371,1078,0,19.9782055939,-19.9782055939,-19.9782055939,0E-7,1,1,0.49324550000000000,0.493245500000,-0.9865810262130424,-0.9865810262130424,-0.9865810262130424,0E-17,ELIGIBLE,R03b_20260811_FULL_v1,L1_ELIGIBILITY,v2026-08-11,2026-03-21..2026-08-06,baccarat_bet02_101_all_pairs_incl_sentinel,round_win = game_pnl > 0 (decisive only),COMPATIBILITY_ONLY_NOT_PRODUCTION,11632.7054,10698.3933,477.9275,991,458,-0.04108481,-0.72602740,-0.02634800,-0.04108481,-477.9275,11632.7054,OK,0.0000,14.3378,3.0000,97.0000,AG03-UNRESOLVED,ALL5_LEVELS_bet23_to_bet27,14.3378,14.3378,14.3378,19.1171,19.1171,3.000000,3.000000,3.000000,4.000000,4.000000,97.000000,97.000000,97.000000,96.000000,96.000000,5.0,81.2477,75.9334,396.6798,401.9941,PENDING_AG03,FALSE,NOT_FOR_ENFORCEMENT,463.5897,10377.4415,477.9275,463.5897,14.3378,0.04108481,0.03985227,14.3378,463.5897,0.03985227,14.3378,14.3378,14.3378,19.1171,19.1171,463.5897,0.03985227,81.2477,75.9334,396.6798,401.9941,0.03410039,0.03455723,0.00123254,11.7384,23.3589,1.0435,68.2754,3.1443,1661.8151,65.4286,11.1369,11.7520,2.5946,5.1891,18.5152,29.8317,38.8253,47.9866,2.854,-2.5946,7.482018,9.247507,2.262098,29,75,5,8,0.02106223,0.04108481,0.72602740,0E-8,0.000000,0.919682,0.000000,-0.69967940,2026-05-10,2026-07-27,7,152,94,79,0.088608,0.947655,0.948758,0.070207,,,,,,,,GLOBAL_BASELINE_NO_ENTITY_RANKING,,,NOT_APPLICABLE_GLOBAL_BASELINE,HF9g-P5,,,,X 全窗基线 · 不参与实体赏罚,8394807,840,A168_HF9F_20260827_0900,2026-08-27 09:00:00
2026-05-17,149852371,1094,0,37.3618390329,-3.3080794978,-3.3080794978,0.6666667,5,3,0.45639919999946528,0.364833000000,0.7311731396732621,1.0860186579666644,0.7311731396732621,0.09156619999946528,ELIGIBLE,R03b_20260811_FULL_v1,L1_ELIGIBILITY,v2026-08-11,2026-03-21..2026-08-06,baccarat_bet02_101_all_pairs_incl_sentinel,round_win = game_pnl > 0 (decisive only),COMPATIBILITY_ONLY_NOT_PRODUCTION,11632.7054,10698.3933,477.9275,991,458,-0.04108481,-0.72602740,-0.02634800,-0.04108481,-477.9275,11632.7054,OK,0.0000,14.3378,3.0000,97.0000,AG03-UNRESOLVED,ALL5_LEVELS_bet23_to_bet27,14.3378,14.3378,14.3378,19.1171,19.1171,3.000000,3.000000,3.000000,4.000000,4.000000,97.000000,97.000000,97.000000,96.000000,96.000000,5.0,81.2477,75.9334,396.6798,401.9941,PENDING_AG03,FALSE,NOT_FOR_ENFORCEMENT,463.5897,10377.4415,477.9275,463.5897,14.3378,0.04108481,0.03985227,14.3378,463.5897,0.03985227,14.3378,14.3378,14.3378,19.1171,19.1171,463.5897,0.03985227,81.2477,75.9334,396.6798,401.9941,0.03410039,0.03455723,0.00123254,11.7384,23.3589,1.0435,68.2754,3.1443,1661.8151,65.4286,11.1369,11.7520,2.5946,5.1891,18.5152,29.8317,38.8253,47.9866,2.854,-2.5946,7.482018,9.247507,2.262098,29,75,5,8,0.02106223,0.04108481,0.72602740,0E-8,0.000000,0.919682,0.000000,-0.69967940,2026-05-10,2026-07-27,7,152,94,79,0.088608,0.947655,0.948758,0.070207,,,,,,,,GLOBAL_BASELINE_NO_ENTITY_RANKING,,,NOT_APPLICABLE_GLOBAL_BASELINE,HF9g-P5,,,,X 全窗基线 · 不参与实体赏罚,8394808,840,A168_HF9F_20260827_0900,2026-08-27 09:00:00
2026-05-17,149852371,1299,0,12.9728607753,-12.9728607753,-12.9728607753,0E-7,1,1,0.49324550000000000,0.493245500000,-0.9865810262130424,-0.9865810262130424,-0.9865810262130424,0E-17,ELIGIBLE,R03b_20260811_FULL_v1,L1_ELIGIBILITY,v2026-08-11,2026-03-21..2026-08-06,baccarat_bet02_101_all_pairs_incl_sentinel,round_win = game_pnl > 0 (decisive only),COMPATIBILITY_ONLY_NOT_PRODUCTION,11632.7054,10698.3933,477.9275,991,458,-0.04108481,-0.72602740,-0.02634800,-0.04108481,-477.9275,11632.7054,OK,0.0000,14.3378,3.0000,97.0000,AG03-UNRESOLVED,ALL5_LEVELS_bet23_to_bet27,14.3378,14.3378,14.3378,19.1171,19.1171,3.000000,3.000000,3.000000,4.000000,4.000000,97.000000,97.000000,97.000000,96.000000,96.000000,5.0,81.2477,75.9334,396.6798,401.9941,PENDING_AG03,FALSE,NOT_FOR_ENFORCEMENT,463.5897,10377.4415,477.9275,463.5897,14.3378,0.04108481,0.03985227,14.3378,463.5897,0.03985227,14.3378,14.3378,14.3378,19.1171,19.1171,463.5897,0.03985227,81.2477,75.9334,396.6798,401.9941,0.03410039,0.03455723,0.00123254,11.7384,23.3589,1.0435,68.2754,3.1443,1661.8151,65.4286,11.1369,11.7520,2.5946,5.1891,18.5152,29.8317,38.8253,47.9866,2.854,-2.5946,7.482018,9.247507,2.262098,29,75,5,8,0.02106223,0.04108481,0.72602740,0E-8,0.000000,0.919682,0.000000,-0.69967940,2026-05-10,2026-07-27,7,152,94,79,0.088608,0.947655,0.948758,0.070207,,,,,,,,GLOBAL_BASELINE_NO_ENTITY_RANKING,,,NOT_APPLICABLE_GLOBAL_BASELINE,HF9g-P5,,,,X 全窗基线 · 不参与实体赏罚,8394809,840,A168_HF9F_20260827_0900,2026-08-27 09:00:00
2026-05-17,149852371,1399,0,51.3725286701,-3.7102381818,-3.7102381818,0.5000000,5,3,0.46413782142800943,0.369301400000,0.10169547617104639,0.38298743234532534,0.10169547617104639,0.09483642142800943,ELIGIBLE,R03b_20260811_FULL_v1,L1_ELIGIBILITY,v2026-08-11,2026-03-21..2026-08-06,baccarat_bet02_101_all_pairs_incl_sentinel,round_win = game_pnl > 0 (decisive only),COMPATIBILITY_ONLY_NOT_PRODUCTION,11632.7054,10698.3933,477.9275,991,458,-0.04108481,-0.72602740,-0.02634800,-0.04108481,-477.9275,11632.7054,OK,0.0000,14.3378,3.0000,97.0000,AG03-UNRESOLVED,ALL5_LEVELS_bet23_to_bet27,14.3378,14.3378,14.3378,19.1171,19.1171,3.000000,3.000000,3.000000,4.000000,4.000000,97.000000,97.000000,97.000000,96.000000,96.000000,5.0,81.2477,75.9334,396.6798,401.9941,PENDING_AG03,FALSE,NOT_FOR_ENFORCEMENT,463.5897,10377.4415,477.9275,463.5897,14.3378,0.04108481,0.03985227,14.3378,463.5897,0.03985227,14.3378,14.3378,14.3378,19.1171,19.1171,463.5897,0.03985227,81.2477,75.9334,396.6798,401.9941,0.03410039,0.03455723,0.00123254,11.7384,23.3589,1.0435,68.2754,3.1443,1661.8151,65.4286,11.1369,11.7520,2.5946,5.1891,18.5152,29.8317,38.8253,47.9866,2.854,-2.5946,7.482018,9.247507,2.262098,29,75,5,8,0.02106223,0.04108481,0.72602740,0E-8,0.000000,0.919682,0.000000,-0.69967940,2026-05-10,2026-07-27,7,152,94,79,0.088608,0.947655,0.948758,0.070207,,,,,,,,GLOBAL_BASELINE_NO_ENTITY_RANKING,,,NOT_APPLICABLE_GLOBAL_BASELINE,HF9g-P5,,,,X 全窗基线 · 不参与实体赏罚,8394810,840,A168_HF9F_20260827_0900,2026-08-27 09:00:00
2026-05-17,149852371,1490,0,8.0431736807,-8.0431736807,-8.0431736807,0E-7,1,1,0.50665070000000000,0.506650700000,-1.013391052207602,-1.013391052207602,-1.013391052207602,0E-17,ELIGIBLE,R03b_20260811_FULL_v1,L1_ELIGIBILITY,v2026-08-11,2026-03-21..2026-08-06,baccarat_bet02_101_all_pairs_incl_sentinel,round_win = game_pnl > 0 (decisive only),COMPATIBILITY_ONLY_NOT_PRODUCTION,11632.7054,10698.3933,477.9275,991,458,-0.04108481,-0.72602740,-0.02634800,-0.04108481,-477.9275,11632.7054,OK,0.0000,14.3378,3.0000,97.0000,AG03-UNRESOLVED,ALL5_LEVELS_bet23_to_bet27,14.3378,14.3378,14.3378,19.1171,19.1171,3.000000,3.000000,3.000000,4.000000,4.000000,97.000000,97.000000,97.000000,96.000000,96.000000,5.0,81.2477,75.9334,396.6798,401.9941,PENDING_AG03,FALSE,NOT_FOR_ENFORCEMENT,463.5897,10377.4415,477.9275,463.5897,14.3378,0.04108481,0.03985227,14.3378,463.5897,0.03985227,14.3378,14.3378,14.3378,19.1171,19.1171,463.5897,0.03985227,81.2477,75.9334,396.6798,401.9941,0.03410039,0.03455723,0.00123254,11.7384,23.3589,1.0435,68.2754,3.1443,1661.8151,65.4286,11.1369,11.7520,2.5946,5.1891,18.5152,29.8317,38.8253,47.9866,2.854,-2.5946,7.482018,9.247507,2.262098,29,75,5,8,0.02106223,0.04108481,0.72602740,0E-8,0.000000,0.919682,0.000000,-0.69967940,2026-05-10,2026-07-27,7,152,94,79,0.088608,0.947655,0.948758,0.070207,,,,,,,,GLOBAL_BASELINE_NO_ENTITY_RANKING,,,NOT_APPLICABLE_GLOBAL_BASELINE,HF9g-P5,,,,X 全窗基线 · 不参与实体赏罚,8394811,840,A168_HF9F_20260827_0900,2026-08-27 09:00:00
2026-05-17,149852371,2117,0,3.1134865861,0E-10,0E-10,,1,1,0.50665070000000000,0.506650700000,,,,0E-17,NO_DECISIVE_ROUND,R03b_20260811_FULL_v1,L1_ELIGIBILITY,v2026-08-11,2026-03-21..2026-08-06,baccarat_bet02_101_all_pairs_incl_sentinel,round_win = game_pnl > 0 (decisive only),COMPATIBILITY_ONLY_NOT_PRODUCTION,11632.7054,10698.3933,477.9275,991,458,-0.04108481,-0.72602740,-0.02634800,-0.04108481,-477.9275,11632.7054,OK,0.0000,14.3378,3.0000,97.0000,AG03-UNRESOLVED,ALL5_LEVELS_bet23_to_bet27,14.3378,14.3378,14.3378,19.1171,19.1171,3.000000,3.000000,3.000000,4.000000,4.000000,97.000000,97.000000,97.000000,96.000000,96.000000,5.0,81.2477,75.9334,396.6798,401.9941,PENDING_AG03,FALSE,NOT_FOR_ENFORCEMENT,463.5897,10377.4415,477.9275,463.5897,14.3378,0.04108481,0.03985227,14.3378,463.5897,0.03985227,14.3378,14.3378,14.3378,19.1171,19.1171,463.5897,0.03985227,81.2477,75.9334,396.6798,401.9941,0.03410039,0.03455723,0.00123254,11.7384,23.3589,1.0435,68.2754,3.1443,1661.8151,65.4286,11.1369,11.7520,2.5946,5.1891,18.5152,29.8317,38.8253,47.9866,2.854,-2.5946,7.482018,9.247507,2.262098,29,75,5,8,0.02106223,0.04108481,0.72602740,0E-8,0.000000,0.919682,0.000000,-0.69967940,2026-05-10,2026-07-27,7,152,94,79,0.088608,0.947655,0.948758,0.070207,,,,,,,,GLOBAL_BASELINE_NO_ENTITY_RANKING,,,NOT_APPLICABLE_GLOBAL_BASELINE,HF9g-P5,,,,X 全窗基线 · 不参与实体赏罚,8394812,840,A168_HF9F_20260827_0900,2026-08-27 09:00:00
2026-05-17,149852371,2256,0,89.5127393494,21.8852161277,21.8852161277,0.6000000,10,6,0.46161507247841664,0.367067200000,0.6207080186721491,1.0805977494081334,0.6207080186721491,0.09454787247841664,ELIGIBLE,R03b_20260811_FULL_v1,L1_ELIGIBILITY,v2026-08-11,2026-03-21..2026-08-06,baccarat_bet02_101_all_pairs_incl_sentinel,round_win = game_pnl > 0 (decisive only),COMPATIBILITY_ONLY_NOT_PRODUCTION,11632.7054,10698.3933,477.9275,991,458,-0.04108481,-0.72602740,-0.02634800,-0.04108481,-477.9275,11632.7054,OK,0.0000,14.3378,3.0000,97.0000,AG03-UNRESOLVED,ALL5_LEVELS_bet23_to_bet27,14.3378,14.3378,14.3378,19.1171,19.1171,3.000000,3.000000,3.000000,4.000000,4.000000,97.000000,97.000000,97.000000,96.000000,96.000000,5.0,81.2477,75.9334,396.6798,401.9941,PENDING_AG03,FALSE,NOT_FOR_ENFORCEMENT,463.5897,10377.4415,477.9275,463.5897,14.3378,0.04108481,0.03985227,14.3378,463.5897,0.03985227,14.3378,14.3378,14.3378,19.1171,19.1171,463.5897,0.03985227,81.2477,75.9334,396.6798,401.9941,0.03410039,0.03455723,0.00123254,11.7384,23.3589,1.0435,68.2754,3.1443,1661.8151,65.4286,11.1369,11.7520,2.5946,5.1891,18.5152,29.8317,38.8253,47.9866,2.854,-2.5946,7.482018,9.247507,2.262098,29,75,5,8,0.02106223,0.04108481,0.72602740,0E-8,0.000000,0.919682,0.000000,-0.69967940,2026-05-10,2026-07-27,7,152,94,79,0.088608,0.947655,0.948758,0.070207,,,,,,,,GLOBAL_BASELINE_NO_ENTITY_RANKING,,,NOT_APPLICABLE_GLOBAL_BASELINE,HF9g-P5,,,,X 全窗基线 · 不参与实体赏罚,8394813,840,A168_HF9F_20260827_0900,2026-08-27 09:00:00
2026-05-17,149852371,529,0,39.9564111878,-39.9564111878,-39.9564111878,0E-7,1,1,0.49324550000000000,0.493245500000,-0.9865810262130424,-0.9865810262130424,-0.9865810262130424,0E-17,ELIGIBLE,R03b_20260811_FULL_v1,L1_ELIGIBILITY,v2026-08-11,2026-03-21..2026-08-06,baccarat_bet02_101_all_pairs_incl_sentinel,round_win = game_pnl > 0 (decisive only),COMPATIBILITY_ONLY_NOT_PRODUCTION,11632.7054,10698.3933,477.9275,991,458,-0.04108481,-0.72602740,-0.02634800,-0.04108481,-477.9275,11632.7054,OK,0.0000,14.3378,3.0000,97.0000,AG03-UNRESOLVED,ALL5_LEVELS_bet23_to_bet27,14.3378,14.3378,14.3378,19.1171,19.1171,3.000000,3.000000,3.000000,4.000000,4.000000,97.000000,97.000000,97.000000,96.000000,96.000000,5.0,81.2477,75.9334,396.6798,401.9941,PENDING_AG03,FALSE,NOT_FOR_ENFORCEMENT,463.5897,10377.4415,477.9275,463.5897,14.3378,0.04108481,0.03985227,14.3378,463.5897,0.03985227,14.3378,14.3378,14.3378,19.1171,19.1171,463.5897,0.03985227,81.2477,75.9334,396.6798,401.9941,0.03410039,0.03455723,0.00123254,11.7384,23.3589,1.0435,68.2754,3.1443,1661.8151,65.4286,11.1369,11.7520,2.5946,5.1891,18.5152,29.8317,38.8253,47.9866,2.854,-2.5946,7.482018,9.247507,2.262098,29,75,5,8,0.02106223,0.04108481,0.72602740,0E-8,0.000000,0.919682,0.000000,-0.69967940,2026-05-10,2026-07-27,7,152,94,79,0.088608,0.947655,0.948758,0.070207,,,,,,,,GLOBAL_BASELINE_NO_ENTITY_RANKING,,,NOT_APPLICABLE_GLOBAL_BASELINE,HF9g-P5,,,,X 全窗基线 · 不参与实体赏罚,8394814,840,A168_HF9F_20260827_0900,2026-08-27 09:00:00
2026-05-17,149852371,970,0,14.5296040683,-14.5296040683,-14.5296040683,0E-7,2,1,0.42205930357015473,0.293924150000,-0.8545649977613726,-0.6451964315166089,-0.8545649977613726,0.12813515357015473,ELIGIBLE,R03b_20260811_FULL_v1,L1_ELIGIBILITY,v2026-08-11,2026-03-21..2026-08-06,baccarat_bet02_101_all_pairs_incl_sentinel,round_win = game_pnl > 0 (decisive only),COMPATIBILITY_ONLY_NOT_PRODUCTION,11632.7054,10698.3933,477.9275,991,458,-0.04108481,-0.72602740,-0.02634800,-0.04108481,-477.9275,11632.7054,OK,0.0000,14.3378,3.0000,97.0000,AG03-UNRESOLVED,ALL5_LEVELS_bet23_to_bet27,14.3378,14.3378,14.3378,19.1171,19.1171,3.000000,3.000000,3.000000,4.000000,4.000000,97.000000,97.000000,97.000000,96.000000,96.000000,5.0,81.2477,75.9334,396.6798,401.9941,PENDING_AG03,FALSE,NOT_FOR_ENFORCEMENT,463.5897,10377.4415,477.9275,463.5897,14.3378,0.04108481,0.03985227,14.3378,463.5897,0.03985227,14.3378,14.3378,14.3378,19.1171,19.1171,463.5897,0.03985227,81.2477,75.9334,396.6798,401.9941,0.03410039,0.03455723,0.00123254,11.7384,23.3589,1.0435,68.2754,3.1443,1661.8151,65.4286,11.1369,11.7520,2.5946,5.1891,18.5152,29.8317,38.8253,47.9866,2.854,-2.5946,7.482018,9.247507,2.262098,29,75,5,8,0.02106223,0.04108481,0.72602740,0E-8,0.000000,0.919682,0.000000,-0.69967940,2026-05-10,2026-07-27,7,152,94,79,0.088608,0.947655,0.948758,0.070207,,,,,,,,GLOBAL_BASELINE_NO_ENTITY_RANKING,,,NOT_APPLICABLE_GLOBAL_BASELINE,HF9g-P5,,,,X 全窗基线 · 不参与实体赏罚,8394815,840,A168_HF9F_20260827_0900,2026-08-27 09:00:00
2026-06-01,149852371,-1,1,435.8783140903,28.0170751145,28.0170751145,0.5454545,32,12,0.44978357798378980,0.278185436111,0.6378343979240898,1.9781767535370216,0.6378343979240898,0.17159814187278980,SENTINEL_DEALER,R03b_20260811_FULL_v1,L1_ELIGIBILITY,v2026-08-11,2026-03-21..2026-08-06,baccarat_bet02_101_all_pairs_incl_sentinel,round_win = game_pnl > 0 (decisive only),COMPATIBILITY_ONLY_NOT_PRODUCTION,11632.7054,10698.3933,477.9275,991,458,-0.04108481,-0.72602740,-0.02634800,-0.04108481,-477.9275,11632.7054,OK,0.0000,14.3378,3.0000,97.0000,AG03-UNRESOLVED,ALL5_LEVELS_bet23_to_bet27,14.3378,14.3378,14.3378,19.1171,19.1171,3.000000,3.000000,3.000000,4.000000,4.000000,97.000000,97.000000,97.000000,96.000000,96.000000,5.0,81.2477,75.9334,396.6798,401.9941,PENDING_AG03,FALSE,NOT_FOR_ENFORCEMENT,463.5897,10377.4415,477.9275,463.5897,14.3378,0.04108481,0.03985227,14.3378,463.5897,0.03985227,14.3378,14.3378,14.3378,19.1171,19.1171,463.5897,0.03985227,81.2477,75.9334,396.6798,401.9941,0.03410039,0.03455723,0.00123254,11.7384,23.3589,1.0435,68.2754,3.1443,1661.8151,65.4286,11.1369,11.7520,2.5946,5.1891,18.5152,29.8317,38.8253,47.9866,2.854,-2.5946,7.482018,9.247507,2.262098,29,75,5,8,0.02106223,0.04108481,0.72602740,0E-8,0.000000,0.919682,0.000000,-0.69967940,2026-05-10,2026-07-27,7,152,94,79,0.088608,0.947655,0.948758,0.070207,,,,,,,,GLOBAL_BASELINE_NO_ENTITY_RANKING,,,NOT_APPLICABLE_GLOBAL_BASELINE,HF9g-P5,,,,X 全窗基线 · 不参与实体赏罚,8394816,840,A168_HF9F_20260827_0900,2026-08-27 09:00:00
2026-06-01,149852371,1094,0,12.8577673773,-12.8577673773,-12.8577673773,0E-7,1,1,0.50665070000000000,0.506650700000,-1.013391052207602,-1.013391052207602,-1.013391052207602,0E-17,ELIGIBLE,R03b_20260811_FULL_v1,L1_ELIGIBILITY,v2026-08-11,2026-03-21..2026-08-06,baccarat_bet02_101_all_pairs_incl_sentinel,round_win = game_pnl > 0 (decisive only),COMPATIBILITY_ONLY_NOT_PRODUCTION,11632.7054,10698.3933,477.9275,991,458,-0.04108481,-0.72602740,-0.02634800,-0.04108481,-477.9275,11632.7054,OK,0.0000,14.3378,3.0000,97.0000,AG03-UNRESOLVED,ALL5_LEVELS_bet23_to_bet27,14.3378,14.3378,14.3378,19.1171,19.1171,3.000000,3.000000,3.000000,4.000000,4.000000,97.000000,97.000000,97.000000,96.000000,96.000000,5.0,81.2477,75.9334,396.6798,401.9941,PENDING_AG03,FALSE,NOT_FOR_ENFORCEMENT,463.5897,10377.4415,477.9275,463.5897,14.3378,0.04108481,0.03985227,14.3378,463.5897,0.03985227,14.3378,14.3378,14.3378,19.1171,19.1171,463.5897,0.03985227,81.2477,75.9334,396.6798,401.9941,0.03410039,0.03455723,0.00123254,11.7384,23.3589,1.0435,68.2754,3.1443,1661.8151,65.4286,11.1369,11.7520,2.5946,5.1891,18.5152,29.8317,38.8253,47.9866,2.854,-2.5946,7.482018,9.247507,2.262098,29,75,5,8,0.02106223,0.04108481,0.72602740,0E-8,0.000000,0.919682,0.000000,-0.69967940,2026-05-10,2026-07-27,7,152,94,79,0.088608,0.947655,0.948758,0.070207,,,,,,,,GLOBAL_BASELINE_NO_ENTITY_RANKING,,,NOT_APPLICABLE_GLOBAL_BASELINE,HF9g-P5,,,,X 全窗基线 · 不参与实体赏罚,8394817,840,A168_HF9F_20260827_0900,2026-08-27 09:00:00
2026-06-01,149852371,1306,0,169.4653740327,27.7856353019,27.7856353019,0.6666667,14,6,0.44840837995079150,0.289701725000,1.0749807246644298,2.035544806996074,1.0749807246644298,0.15870665495079150,ELIGIBLE,R03b_20260811_FULL_v1,L1_ELIGIBILITY,v2026-08-11,2026-03-21..2026-08-06,baccarat_bet02_101_all_pairs_incl_sentinel,round_win = game_pnl > 0 (decisive only),COMPATIBILITY_ONLY_NOT_PRODUCTION,11632.7054,10698.3933,477.9275,991,458,-0.04108481,-0.72602740,-0.02634800,-0.04108481,-477.9275,11632.7054,OK,0.0000,14.3378,3.0000,97.0000,AG03-UNRESOLVED,ALL5_LEVELS_bet23_to_bet27,14.3378,14.3378,14.3378,19.1171,19.1171,3.000000,3.000000,3.000000,4.000000,4.000000,97.000000,97.000000,97.000000,96.000000,96.000000,5.0,81.2477,75.9334,396.6798,401.9941,PENDING_AG03,FALSE,NOT_FOR_ENFORCEMENT,463.5897,10377.4415,477.9275,463.5897,14.3378,0.04108481,0.03985227,14.3378,463.5897,0.03985227,14.3378,14.3378,14.3378,19.1171,19.1171,463.5897,0.03985227,81.2477,75.9334,396.6798,401.9941,0.03410039,0.03455723,0.00123254,11.7384,23.3589,1.0435,68.2754,3.1443,1661.8151,65.4286,11.1369,11.7520,2.5946,5.1891,18.5152,29.8317,38.8253,47.9866,2.854,-2.5946,7.482018,9.247507,2.262098,29,75,5,8,0.02106223,0.04108481,0.72602740,0E-8,0.000000,0.919682,0.000000,-0.69967940,2026-05-10,2026-07-27,7,152,94,79,0.088608,0.947655,0.948758,0.070207,,,,,,,,GLOBAL_BASELINE_NO_ENTITY_RANKING,,,NOT_APPLICABLE_GLOBAL_BASELINE,HF9g-P5,,,,X 全窗基线 · 不参与实体赏罚,8394818,840,A168_HF9F_20260827_0900,2026-08-27 09:00:00
2026-06-01,149852371,1323,0,75.0893614833,-22.6296705841,-22.6296705841,0.3333333,4,3,0.47714416666632385,0.425719833333,-0.498696639881992,-0.32362740526753386,-0.498696639881992,0.05142433333332385,ELIGIBLE,R03b_20260811_FULL_v1,L1_ELIGIBILITY,v2026-08-11,2026-03-21..2026-08-06,baccarat_bet02_101_all_pairs_incl_sentinel,round_win = game_pnl > 0 (decisive only),COMPATIBILITY_ONLY_NOT_PRODUCTION,11632.7054,10698.3933,477.9275,991,458,-0.04108481,-0.72602740,-0.02634800,-0.04108481,-477.9275,11632.7054,OK,0.0000,14.3378,3.0000,97.0000,AG03-UNRESOLVED,ALL5_LEVELS_bet23_to_bet27,14.3378,14.3378,14.3378,19.1171,19.1171,3.000000,3.000000,3.000000,4.000000,4.000000,97.000000,97.000000,97.000000,96.000000,96.000000,5.0,81.2477,75.9334,396.6798,401.9941,PENDING_AG03,FALSE,NOT_FOR_ENFORCEMENT,463.5897,10377.4415,477.9275,463.5897,14.3378,0.04108481,0.03985227,14.3378,463.5897,0.03985227,14.3378,14.3378,14.3378,19.1171,19.1171,463.5897,0.03985227,81.2477,75.9334,396.6798,401.9941,0.03410039,0.03455723,0.00123254,11.7384,23.3589,1.0435,68.2754,3.1443,1661.8151,65.4286,11.1369,11.7520,2.5946,5.1891,18.5152,29.8317,38.8253,47.9866,2.854,-2.5946,7.482018,9.247507,2.262098,29,75,5,8,0.02106223,0.04108481,0.72602740,0E-8,0.000000,0.919682,0.000000,-0.69967940,2026-05-10,2026-07-27,7,152,94,79,0.088608,0.947655,0.948758,0.070207,,,,,,,,GLOBAL_BASELINE_NO_ENTITY_RANKING,,,NOT_APPLICABLE_GLOBAL_BASELINE,HF9g-P5,,,,X 全窗基线 · 不参与实体赏罚,8394819,840,A168_HF9F_20260827_0900,2026-08-27 09:00:00
2026-06-01,149852371,1363,0,51.4310695093,-13.5006557463,-13.5006557463,0.2500000,7,4,0.35375554940406080,0.246631200000,-0.43400155541799496,0.015630663041821015,-0.43400155541799496,0.10712434940406080,ELIGIBLE,R03b_20260811_FULL_v1,L1_ELIGIBILITY,v2026-08-11,2026-03-21..2026-08-06,baccarat_bet02_101_all_pairs_incl_sentinel,round_win = game_pnl > 0 (decisive only),COMPATIBILITY_ONLY_NOT_PRODUCTION,11632.7054,10698.3933,477.9275,991,458,-0.04108481,-0.72602740,-0.02634800,-0.04108481,-477.9275,11632.7054,OK,0.0000,14.3378,3.0000,97.0000,AG03-UNRESOLVED,ALL5_LEVELS_bet23_to_bet27,14.3378,14.3378,14.3378,19.1171,19.1171,3.000000,3.000000,3.000000,4.000000,4.000000,97.000000,97.000000,97.000000,96.000000,96.000000,5.0,81.2477,75.9334,396.6798,401.9941,PENDING_AG03,FALSE,NOT_FOR_ENFORCEMENT,463.5897,10377.4415,477.9275,463.5897,14.3378,0.04108481,0.03985227,14.3378,463.5897,0.03985227,14.3378,14.3378,14.3378,19.1171,19.1171,463.5897,0.03985227,81.2477,75.9334,396.6798,401.9941,0.03410039,0.03455723,0.00123254,11.7384,23.3589,1.0435,68.2754,3.1443,1661.8151,65.4286,11.1369,11.7520,2.5946,5.1891,18.5152,29.8317,38.8253,47.9866,2.854,-2.5946,7.482018,9.247507,2.262098,29,75,5,8,0.02106223,0.04108481,0.72602740,0E-8,0.000000,0.919682,0.000000,-0.69967940,2026-05-10,2026-07-27,7,152,94,79,0.088608,0.947655,0.948758,0.070207,,,,,,,,GLOBAL_BASELINE_NO_ENTITY_RANKING,,,NOT_APPLICABLE_GLOBAL_BASELINE,HF9g-P5,,,,X 全窗基线 · 不参与实体赏罚,8394820,840,A168_HF9F_20260827_0900,2026-08-27 09:00:00
2026-06-01,149852371,1396,0,44.4878751255,12.8191940751,12.8191940751,0.6666667,4,3,0.48336732739700971,0.433507650000,0.6353191512642438,0.8149246127763418,0.6353191512642438,0.04985967739700971,ELIGIBLE,R03b_20260811_FULL_v1,L1_ELIGIBILITY,v2026-08-11,2026-03-21..2026-08-06,baccarat_bet02_101_all_pairs_incl_sentinel,round_win = game_pnl > 0 (decisive only),COMPATIBILITY_ONLY_NOT_PRODUCTION,11632.7054,10698.3933,477.9275,991,458,-0.04108481,-0.72602740,-0.02634800,-0.04108481,-477.9275,11632.7054,OK,0.0000,14.3378,3.0000,97.0000,AG03-UNRESOLVED,ALL5_LEVELS_bet23_to_bet27,14.3378,14.3378,14.3378,19.1171,19.1171,3.000000,3.000000,3.000000,4.000000,4.000000,97.000000,97.000000,97.000000,96.000000,96.000000,5.0,81.2477,75.9334,396.6798,401.9941,PENDING_AG03,FALSE,NOT_FOR_ENFORCEMENT,463.5897,10377.4415,477.9275,463.5897,14.3378,0.04108481,0.03985227,14.3378,463.5897,0.03985227,14.3378,14.3378,14.3378,19.1171,19.1171,463.5897,0.03985227,81.2477,75.9334,396.6798,401.9941,0.03410039,0.03455723,0.00123254,11.7384,23.3589,1.0435,68.2754,3.1443,1661.8151,65.4286,11.1369,11.7520,2.5946,5.1891,18.5152,29.8317,38.8253,47.9866,2.854,-2.5946,7.482018,9.247507,2.262098,29,75,5,8,0.02106223,0.04108481,0.72602740,0E-8,0.000000,0.919682,0.000000,-0.69967940,2026-05-10,2026-07-27,7,152,94,79,0.088608,0.947655,0.948758,0.070207,,,,,,,,GLOBAL_BASELINE_NO_ENTITY_RANKING,,,NOT_APPLICABLE_GLOBAL_BASELINE,HF9g-P5,,,,X 全窗基线 · 不参与实体赏罚,8394821,840,A168_HF9F_20260827_0900,2026-08-27 09:00:00
2026-06-01,149852371,1399,0,31.6301077481,-31.6301077481,-31.6301077481,0E-7,2,1,0.47315087073112481,0.300626750000,-0.9476690310525049,-0.655630731788307,-0.9476690310525049,0.17252412073112481,ELIGIBLE,R03b_20260811_FULL_v1,L1_ELIGIBILITY,v2026-08-11,2026-03-21..2026-08-06,baccarat_bet02_101_all_pairs_incl_sentinel,round_win = game_pnl > 0 (decisive only),COMPATIBILITY_ONLY_NOT_PRODUCTION,11632.7054,10698.3933,477.9275,991,458,-0.04108481,-0.72602740,-0.02634800,-0.04108481,-477.9275,11632.7054,OK,0.0000,14.3378,3.0000,97.0000,AG03-UNRESOLVED,ALL5_LEVELS_bet23_to_bet27,14.3378,14.3378,14.3378,19.1171,19.1171,3.000000,3.000000,3.000000,4.000000,4.000000,97.000000,97.000000,97.000000,96.000000,96.000000,5.0,81.2477,75.9334,396.6798,401.9941,PENDING_AG03,FALSE,NOT_FOR_ENFORCEMENT,463.5897,10377.4415,477.9275,463.5897,14.3378,0.04108481,0.03985227,14.3378,463.5897,0.03985227,14.3378,14.3378,14.3378,19.1171,19.1171,463.5897,0.03985227,81.2477,75.9334,396.6798,401.9941,0.03410039,0.03455723,0.00123254,11.7384,23.3589,1.0435,68.2754,3.1443,1661.8151,65.4286,11.1369,11.7520,2.5946,5.1891,18.5152,29.8317,38.8253,47.9866,2.854,-2.5946,7.482018,9.247507,2.262098,29,75,5,8,0.02106223,0.04108481,0.72602740,0E-8,0.000000,0.919682,0.000000,-0.69967940,2026-05-10,2026-07-27,7,152,94,79,0.088608,0.947655,0.948758,0.070207,,,,,,,,GLOBAL_BASELINE_NO_ENTITY_RANKING,,,NOT_APPLICABLE_GLOBAL_BASELINE,HF9g-P5,,,,X 全窗基线 · 不参与实体赏罚,8394822,840,A168_HF9F_20260827_0900,2026-08-27 09:00:00
2026-06-01,149852371,1490,0,90.0043716412,-14.1435441152,-14.1435441152,0.5000000,9,6,0.46857062430513537,0.397510616667,0.15427695975119712,0.5129859137985359,0.15427695975119712,0.07106000763813537,ELIGIBLE,R03b_20260811_FULL_v1,L1_ELIGIBILITY,v2026-08-11,2026-03-21..2026-08-06,baccarat_bet02_101_all_pairs_incl_sentinel,round_win = game_pnl > 0 (decisive only),COMPATIBILITY_ONLY_NOT_PRODUCTION,11632.7054,10698.3933,477.9275,991,458,-0.04108481,-0.72602740,-0.02634800,-0.04108481,-477.9275,11632.7054,OK,0.0000,14.3378,3.0000,97.0000,AG03-UNRESOLVED,ALL5_LEVELS_bet23_to_bet27,14.3378,14.3378,14.3378,19.1171,19.1171,3.000000,3.000000,3.000000,4.000000,4.000000,97.000000,97.000000,97.000000,96.000000,96.000000,5.0,81.2477,75.9334,396.6798,401.9941,PENDING_AG03,FALSE,NOT_FOR_ENFORCEMENT,463.5897,10377.4415,477.9275,463.5897,14.3378,0.04108481,0.03985227,14.3378,463.5897,0.03985227,14.3378,14.3378,14.3378,19.1171,19.1171,463.5897,0.03985227,81.2477,75.9334,396.6798,401.9941,0.03410039,0.03455723,0.00123254,11.7384,23.3589,1.0435,68.2754,3.1443,1661.8151,65.4286,11.1369,11.7520,2.5946,5.1891,18.5152,29.8317,38.8253,47.9866,2.854,-2.5946,7.482018,9.247507,2.262098,29,75,5,8,0.02106223,0.04108481,0.72602740,0E-8,0.000000,0.919682,0.000000,-0.69967940,2026-05-10,2026-07-27,7,152,94,79,0.088608,0.947655,0.948758,0.070207,,,,,,,,GLOBAL_BASELINE_NO_ENTITY_RANKING,,,NOT_APPLICABLE_GLOBAL_BASELINE,HF9g-P5,,,,X 全窗基线 · 不参与实体赏罚,8394823,840,A168_HF9F_20260827_0900,2026-08-27 09:00:00
2026-06-01,149852371,1985,0,12.8577673773,-12.8577673773,-12.8577673773,0E-7,1,1,0.50665070000000000,0.506650700000,-1.013391052207602,-1.013391052207602,-1.013391052207602,0E-17,ELIGIBLE,R03b_20260811_FULL_v1,L1_ELIGIBILITY,v2026-08-11,2026-03-21..2026-08-06,baccarat_bet02_101_all_pairs_incl_sentinel,round_win = game_pnl > 0 (decisive only),COMPATIBILITY_ONLY_NOT_PRODUCTION,11632.7054,10698.3933,477.9275,991,458,-0.04108481,-0.72602740,-0.02634800,-0.04108481,-477.9275,11632.7054,OK,0.0000,14.3378,3.0000,97.0000,AG03-UNRESOLVED,ALL5_LEVELS_bet23_to_bet27,14.3378,14.3378,14.3378,19.1171,19.1171,3.000000,3.000000,3.000000,4.000000,4.000000,97.000000,97.000000,97.000000,96.000000,96.000000,5.0,81.2477,75.9334,396.6798,401.9941,PENDING_AG03,FALSE,NOT_FOR_ENFORCEMENT,463.5897,10377.4415,477.9275,463.5897,14.3378,0.04108481,0.03985227,14.3378,463.5897,0.03985227,14.3378,14.3378,14.3378,19.1171,19.1171,463.5897,0.03985227,81.2477,75.9334,396.6798,401.9941,0.03410039,0.03455723,0.00123254,11.7384,23.3589,1.0435,68.2754,3.1443,1661.8151,65.4286,11.1369,11.7520,2.5946,5.1891,18.5152,29.8317,38.8253,47.9866,2.854,-2.5946,7.482018,9.247507,2.262098,29,75,5,8,0.02106223,0.04108481,0.72602740,0E-8,0.000000,0.919682,0.000000,-0.69967940,2026-05-10,2026-07-27,7,152,94,79,0.088608,0.947655,0.948758,0.070207,,,,,,,,GLOBAL_BASELINE_NO_ENTITY_RANKING,,,NOT_APPLICABLE_GLOBAL_BASELINE,HF9g-P5,,,,X 全窗基线 · 不参与实体赏罚,8394824,840,A168_HF9F_20260827_0900,2026-08-27 09:00:00
2026-06-01,149852371,2115,0,51.4310695092,24.4297580168,24.4297580168,0.7500000,4,4,0.49994810000000000,0.499948100000,1.0002076053883384,1.0002076053883384,1.0002076053883384,0E-17,ELIGIBLE,R03b_20260811_FULL_v1,L1_ELIGIBILITY,v2026-08-11,2026-03-21..2026-08-06,baccarat_bet02_101_all_pairs_incl_sentinel,round_win = game_pnl > 0 (decisive only),COMPATIBILITY_ONLY_NOT_PRODUCTION,11632.7054,10698.3933,477.9275,991,458,-0.04108481,-0.72602740,-0.02634800,-0.04108481,-477.9275,11632.7054,OK,0.0000,14.3378,3.0000,97.0000,AG03-UNRESOLVED,ALL5_LEVELS_bet23_to_bet27,14.3378,14.3378,14.3378,19.1171,19.1171,3.000000,3.000000,3.000000,4.000000,4.000000,97.000000,97.000000,97.000000,96.000000,96.000000,5.0,81.2477,75.9334,396.6798,401.9941,PENDING_AG03,FALSE,NOT_FOR_ENFORCEMENT,463.5897,10377.4415,477.9275,463.5897,14.3378,0.04108481,0.03985227,14.3378,463.5897,0.03985227,14.3378,14.3378,14.3378,19.1171,19.1171,463.5897,0.03985227,81.2477,75.9334,396.6798,401.9941,0.03410039,0.03455723,0.00123254,11.7384,23.3589,1.0435,68.2754,3.1443,1661.8151,65.4286,11.1369,11.7520,2.5946,5.1891,18.5152,29.8317,38.8253,47.9866,2.854,-2.5946,7.482018,9.247507,2.262098,29,75,5,8,0.02106223,0.04108481,0.72602740,0E-8,0.000000,0.919682,0.000000,-0.69967940,2026-05-10,2026-07-27,7,152,94,79,0.088608,0.947655,0.948758,0.070207,,,,,,,,GLOBAL_BASELINE_NO_ENTITY_RANKING,,,NOT_APPLICABLE_GLOBAL_BASELINE,HF9g-P5,,,,X 全窗基线 · 不参与实体赏罚,8394825,840,A168_HF9F_20260827_0900,2026-08-27 09:00:00
2026-06-01,149852371,2123,0,465.7083344059,160.4006480302,160.4006480302,0.7647059,45,18,0.44230647627936214,0.291653444445,2.676450674318058,4.291185587593071,2.676450674318058,0.15065303183436214,ELIGIBLE,R03b_20260811_FULL_v1,L1_ELIGIBILITY,v2026-08-11,2026-03-21..2026-08-06,baccarat_bet02_101_all_pairs_incl_sentinel,round_win = game_pnl > 0 (decisive only),COMPATIBILITY_ONLY_NOT_PRODUCTION,11632.7054,10698.3933,477.9275,991,458,-0.04108481,-0.72602740,-0.02634800,-0.04108481,-477.9275,11632.7054,OK,0.0000,14.3378,3.0000,97.0000,AG03-UNRESOLVED,ALL5_LEVELS_bet23_to_bet27,14.3378,14.3378,14.3378,19.1171,19.1171,3.000000,3.000000,3.000000,4.000000,4.000000,97.000000,97.000000,97.000000,96.000000,96.000000,5.0,81.2477,75.9334,396.6798,401.9941,PENDING_AG03,FALSE,NOT_FOR_ENFORCEMENT,463.5897,10377.4415,477.9275,463.5897,14.3378,0.04108481,0.03985227,14.3378,463.5897,0.03985227,14.3378,14.3378,14.3378,19.1171,19.1171,463.5897,0.03985227,81.2477,75.9334,396.6798,401.9941,0.03410039,0.03455723,0.00123254,11.7384,23.3589,1.0435,68.2754,3.1443,1661.8151,65.4286,11.1369,11.7520,2.5946,5.1891,18.5152,29.8317,38.8253,47.9866,2.854,-2.5946,7.482018,9.247507,2.262098,29,75,5,8,0.02106223,0.04108481,0.72602740,0E-8,0.000000,0.919682,0.000000,-0.69967940,2026-05-10,2026-07-27,7,152,94,79,0.088608,0.947655,0.948758,0.070207,,,,,,,,GLOBAL_BASELINE_NO_ENTITY_RANKING,,,NOT_APPLICABLE_GLOBAL_BASELINE,HF9g-P5,,,,X 全窗基线 · 不参与实体赏罚,8394826,840,A168_HF9F_20260827_0900,2026-08-27 09:00:00
2026-06-01,149852371,2127,0,12.8577673773,12.8577673773,12.8577673773,1.0000000,1,1,0.49324550000000000,0.493245500000,1.01360149184955,1.01360149184955,1.01360149184955,0E-17,ELIGIBLE,R03b_20260811_FULL_v1,L1_ELIGIBILITY,v2026-08-11,2026-03-21..2026-08-06,baccarat_bet02_101_all_pairs_incl_sentinel,round_win = game_pnl > 0 (decisive only),COMPATIBILITY_ONLY_NOT_PRODUCTION,11632.7054,10698.3933,477.9275,991,458,-0.04108481,-0.72602740,-0.02634800,-0.04108481,-477.9275,11632.7054,OK,0.0000,14.3378,3.0000,97.0000,AG03-UNRESOLVED,ALL5_LEVELS_bet23_to_bet27,14.3378,14.3378,14.3378,19.1171,19.1171,3.000000,3.000000,3.000000,4.000000,4.000000,97.000000,97.000000,97.000000,96.000000,96.000000,5.0,81.2477,75.9334,396.6798,401.9941,PENDING_AG03,FALSE,NOT_FOR_ENFORCEMENT,463.5897,10377.4415,477.9275,463.5897,14.3378,0.04108481,0.03985227,14.3378,463.5897,0.03985227,14.3378,14.3378,14.3378,19.1171,19.1171,463.5897,0.03985227,81.2477,75.9334,396.6798,401.9941,0.03410039,0.03455723,0.00123254,11.7384,23.3589,1.0435,68.2754,3.1443,1661.8151,65.4286,11.1369,11.7520,2.5946,5.1891,18.5152,29.8317,38.8253,47.9866,2.854,-2.5946,7.482018,9.247507,2.262098,29,75,5,8,0.02106223,0.04108481,0.72602740,0E-8,0.000000,0.919682,0.000000,-0.69967940,2026-05-10,2026-07-27,7,152,94,79,0.088608,0.947655,0.948758,0.070207,,,,,,,,GLOBAL_BASELINE_NO_ENTITY_RANKING,,,NOT_APPLICABLE_GLOBAL_BASELINE,HF9g-P5,,,,X 全窗基线 · 不参与实体赏罚,8394827,840,A168_HF9F_20260827_0900,2026-08-27 09:00:00
2026-06-01,149852371,2147,0,12.8577673773,-12.8577673773,-12.8577673773,0E-7,1,1,0.50665070000000000,0.506650700000,-1.013391052207602,-1.013391052207602,-1.013391052207602,0E-17,ELIGIBLE,R03b_20260811_FULL_v1,L1_ELIGIBILITY,v2026-08-11,2026-03-21..2026-08-06,baccarat_bet02_101_all_pairs_incl_sentinel,round_win = game_pnl > 0 (decisive only),COMPATIBILITY_ONLY_NOT_PRODUCTION,11632.7054,10698.3933,477.9275,991,458,-0.04108481,-0.72602740,-0.02634800,-0.04108481,-477.9275,11632.7054,OK,0.0000,14.3378,3.0000,97.0000,AG03-UNRESOLVED,ALL5_LEVELS_bet23_to_bet27,14.3378,14.3378,14.3378,19.1171,19.1171,3.000000,3.000000,3.000000,4.000000,4.000000,97.000000,97.000000,97.000000,96.000000,96.000000,5.0,81.2477,75.9334,396.6798,401.9941,PENDING_AG03,FALSE,NOT_FOR_ENFORCEMENT,463.5897,10377.4415,477.9275,463.5897,14.3378,0.04108481,0.03985227,14.3378,463.5897,0.03985227,14.3378,14.3378,14.3378,19.1171,19.1171,463.5897,0.03985227,81.2477,75.9334,396.6798,401.9941,0.03410039,0.03455723,0.00123254,11.7384,23.3589,1.0435,68.2754,3.1443,1661.8151,65.4286,11.1369,11.7520,2.5946,5.1891,18.5152,29.8317,38.8253,47.9866,2.854,-2.5946,7.482018,9.247507,2.262098,29,75,5,8,0.02106223,0.04108481,0.72602740,0E-8,0.000000,0.919682,0.000000,-0.69967940,2026-05-10,2026-07-27,7,152,94,79,0.088608,0.947655,0.948758,0.070207,,,,,,,,GLOBAL_BASELINE_NO_ENTITY_RANKING,,,NOT_APPLICABLE_GLOBAL_BASELINE,HF9g-P5,,,,X 全窗基线 · 不参与实体赏罚,8394828,840,A168_HF9F_20260827_0900,2026-08-27 09:00:00
2026-06-01,149852371,2229,0,18.0008743283,-18.0008743283,-18.0008743283,0E-7,3,1,0.38323574285577165,0.218682466667,-0.7882671075063697,-0.5290457096990526,-0.7882671075063697,0.16455327618877165,ELIGIBLE,R03b_20260811_FULL_v1,L1_ELIGIBILITY,v2026-08-11,2026-03-21..2026-08-06,baccarat_bet02_101_all_pairs_incl_sentinel,round_win = game_pnl > 0 (decisive only),COMPATIBILITY_ONLY_NOT_PRODUCTION,11632.7054,10698.3933,477.9275,991,458,-0.04108481,-0.72602740,-0.02634800,-0.04108481,-477.9275,11632.7054,OK,0.0000,14.3378,3.0000,97.0000,AG03-UNRESOLVED,ALL5_LEVELS_bet23_to_bet27,14.3378,14.3378,14.3378,19.1171,19.1171,3.000000,3.000000,3.000000,4.000000,4.000000,97.000000,97.000000,97.000000,96.000000,96.000000,5.0,81.2477,75.9334,396.6798,401.9941,PENDING_AG03,FALSE,NOT_FOR_ENFORCEMENT,463.5897,10377.4415,477.9275,463.5897,14.3378,0.04108481,0.03985227,14.3378,463.5897,0.03985227,14.3378,14.3378,14.3378,19.1171,19.1171,463.5897,0.03985227,81.2477,75.9334,396.6798,401.9941,0.03410039,0.03455723,0.00123254,11.7384,23.3589,1.0435,68.2754,3.1443,1661.8151,65.4286,11.1369,11.7520,2.5946,5.1891,18.5152,29.8317,38.8253,47.9866,2.854,-2.5946,7.482018,9.247507,2.262098,29,75,5,8,0.02106223,0.04108481,0.72602740,0E-8,0.000000,0.919682,0.000000,-0.69967940,2026-05-10,2026-07-27,7,152,94,79,0.088608,0.947655,0.948758,0.070207,,,,,,,,GLOBAL_BASELINE_NO_ENTITY_RANKING,,,NOT_APPLICABLE_GLOBAL_BASELINE,HF9g-P5,,,,X 全窗基线 · 不参与实体赏罚,8394829,840,A168_HF9F_20260827_0900,2026-08-27 09:00:00
2026-06-01,149852371,2233,0,239.6687839127,-12.4720343563,-12.4720343563,0.6000000,21,10,0.45389042070764766,0.337811225000,0.9280327111170478,1.7530170855564278,0.9280327111170478,0.11607919570764766,ELIGIBLE,R03b_20260811_FULL_v1,L1_ELIGIBILITY,v2026-08-11,2026-03-21..2026-08-06,baccarat_bet02_101_all_pairs_incl_sentinel,round_win = game_pnl > 0 (decisive only),COMPATIBILITY_ONLY_NOT_PRODUCTION,11632.7054,10698.3933,477.9275,991,458,-0.04108481,-0.72602740,-0.02634800,-0.04108481,-477.9275,11632.7054,OK,0.0000,14.3378,3.0000,97.0000,AG03-UNRESOLVED,ALL5_LEVELS_bet23_to_bet27,14.3378,14.3378,14.3378,19.1171,19.1171,3.000000,3.000000,3.000000,4.000000,4.000000,97.000000,97.000000,97.000000,96.000000,96.000000,5.0,81.2477,75.9334,396.6798,401.9941,PENDING_AG03,FALSE,NOT_FOR_ENFORCEMENT,463.5897,10377.4415,477.9275,463.5897,14.3378,0.04108481,0.03985227,14.3378,463.5897,0.03985227,14.3378,14.3378,14.3378,19.1171,19.1171,463.5897,0.03985227,81.2477,75.9334,396.6798,401.9941,0.03410039,0.03455723,0.00123254,11.7384,23.3589,1.0435,68.2754,3.1443,1661.8151,65.4286,11.1369,11.7520,2.5946,5.1891,18.5152,29.8317,38.8253,47.9866,2.854,-2.5946,7.482018,9.247507,2.262098,29,75,5,8,0.02106223,0.04108481,0.72602740,0E-8,0.000000,0.919682,0.000000,-0.69967940,2026-05-10,2026-07-27,7,152,94,79,0.088608,0.947655,0.948758,0.070207,,,,,,,,GLOBAL_BASELINE_NO_ENTITY_RANKING,,,NOT_APPLICABLE_GLOBAL_BASELINE,HF9g-P5,,,,X 全窗基线 · 不参与实体赏罚,8394830,840,A168_HF9F_20260827_0900,2026-08-27 09:00:00
2026-06-01,149852371,2258,0,232.2112788342,-4.3716409089,-4.3716409089,0.6666667,23,9,0.44134392838658824,0.308721875556,1.3613363322938257,2.3244873799339696,1.3613363322938257,0.13262205283058824,ELIGIBLE,R03b_20260811_FULL_v1,L1_ELIGIBILITY,v2026-08-11,2026-03-21..2026-08-06,baccarat_bet02_101_all_pairs_incl_sentinel,round_win = game_pnl > 0 (decisive only),COMPATIBILITY_ONLY_NOT_PRODUCTION,11632.7054,10698.3933,477.9275,991,458,-0.04108481,-0.72602740,-0.02634800,-0.04108481,-477.9275,11632.7054,OK,0.0000,14.3378,3.0000,97.0000,AG03-UNRESOLVED,ALL5_LEVELS_bet23_to_bet27,14.3378,14.3378,14.3378,19.1171,19.1171,3.000000,3.000000,3.000000,4.000000,4.000000,97.000000,97.000000,97.000000,96.000000,96.000000,5.0,81.2477,75.9334,396.6798,401.9941,PENDING_AG03,FALSE,NOT_FOR_ENFORCEMENT,463.5897,10377.4415,477.9275,463.5897,14.3378,0.04108481,0.03985227,14.3378,463.5897,0.03985227,14.3378,14.3378,14.3378,19.1171,19.1171,463.5897,0.03985227,81.2477,75.9334,396.6798,401.9941,0.03410039,0.03455723,0.00123254,11.7384,23.3589,1.0435,68.2754,3.1443,1661.8151,65.4286,11.1369,11.7520,2.5946,5.1891,18.5152,29.8317,38.8253,47.9866,2.854,-2.5946,7.482018,9.247507,2.262098,29,75,5,8,0.02106223,0.04108481,0.72602740,0E-8,0.000000,0.919682,0.000000,-0.69967940,2026-05-10,2026-07-27,7,152,94,79,0.088608,0.947655,0.948758,0.070207,,,,,,,,GLOBAL_BASELINE_NO_ENTITY_RANKING,,,NOT_APPLICABLE_GLOBAL_BASELINE,HF9g-P5,,,,X 全窗基线 · 不参与实体赏罚,8394831,840,A168_HF9F_20260827_0900,2026-08-27 09:00:00
2026-06-01,149852371,919,0,266.6700954053,24.9440687111,24.9440687111,0.5833333,27,12,0.43954311879536780,0.300033375000,1.003571013960323,2.1414783274426674,1.003571013960323,0.13950974379536780,ELIGIBLE,R03b_20260811_FULL_v1,L1_ELIGIBILITY,v2026-08-11,2026-03-21..2026-08-06,baccarat_bet02_101_all_pairs_incl_sentinel,round_win = game_pnl > 0 (decisive only),COMPATIBILITY_ONLY_NOT_PRODUCTION,11632.7054,10698.3933,477.9275,991,458,-0.04108481,-0.72602740,-0.02634800,-0.04108481,-477.9275,11632.7054,OK,0.0000,14.3378,3.0000,97.0000,AG03-UNRESOLVED,ALL5_LEVELS_bet23_to_bet27,14.3378,14.3378,14.3378,19.1171,19.1171,3.000000,3.000000,3.000000,4.000000,4.000000,97.000000,97.000000,97.000000,96.000000,96.000000,5.0,81.2477,75.9334,396.6798,401.9941,PENDING_AG03,FALSE,NOT_FOR_ENFORCEMENT,463.5897,10377.4415,477.9275,463.5897,14.3378,0.04108481,0.03985227,14.3378,463.5897,0.03985227,14.3378,14.3378,14.3378,19.1171,19.1171,463.5897,0.03985227,81.2477,75.9334,396.6798,401.9941,0.03410039,0.03455723,0.00123254,11.7384,23.3589,1.0435,68.2754,3.1443,1661.8151,65.4286,11.1369,11.7520,2.5946,5.1891,18.5152,29.8317,38.8253,47.9866,2.854,-2.5946,7.482018,9.247507,2.262098,29,75,5,8,0.02106223,0.04108481,0.72602740,0E-8,0.000000,0.919682,0.000000,-0.69967940,2026-05-10,2026-07-27,7,152,94,79,0.088608,0.947655,0.948758,0.070207,,,,,,,,GLOBAL_BASELINE_NO_ENTITY_RANKING,,,NOT_APPLICABLE_GLOBAL_BASELINE,HF9g-P5,,,,X 全窗基线 · 不参与实体赏罚,8394832,840,A168_HF9F_20260827_0900,2026-08-27 09:00:00
2026-06-04,149852371,-1,1,14.4006994626,-4.8730938360,-4.8730938360,0.5000000,2,2,0.50665070000000000,0.506650700000,-0.018812684590367487,-0.018812684590367487,-0.018812684590367487,0E-17,SENTINEL_DEALER,R03b_20260811_FULL_v1,L1_ELIGIBILITY,v2026-08-11,2026-03-21..2026-08-06,baccarat_bet02_101_all_pairs_incl_sentinel,round_win = game_pnl > 0 (decisive only),COMPATIBILITY_ONLY_NOT_PRODUCTION,11632.7054,10698.3933,477.9275,991,458,-0.04108481,-0.72602740,-0.02634800,-0.04108481,-477.9275,11632.7054,OK,0.0000,14.3378,3.0000,97.0000,AG03-UNRESOLVED,ALL5_LEVELS_bet23_to_bet27,14.3378,14.3378,14.3378,19.1171,19.1171,3.000000,3.000000,3.000000,4.000000,4.000000,97.000000,97.000000,97.000000,96.000000,96.000000,5.0,81.2477,75.9334,396.6798,401.9941,PENDING_AG03,FALSE,NOT_FOR_ENFORCEMENT,463.5897,10377.4415,477.9275,463.5897,14.3378,0.04108481,0.03985227,14.3378,463.5897,0.03985227,14.3378,14.3378,14.3378,19.1171,19.1171,463.5897,0.03985227,81.2477,75.9334,396.6798,401.9941,0.03410039,0.03455723,0.00123254,11.7384,23.3589,1.0435,68.2754,3.1443,1661.8151,65.4286,11.1369,11.7520,2.5946,5.1891,18.5152,29.8317,38.8253,47.9866,2.854,-2.5946,7.482018,9.247507,2.262098,29,75,5,8,0.02106223,0.04108481,0.72602740,0E-8,0.000000,0.919682,0.000000,-0.69967940,2026-05-10,2026-07-27,7,152,94,79,0.088608,0.947655,0.948758,0.070207,,,,,,,,GLOBAL_BASELINE_NO_ENTITY_RANKING,,,NOT_APPLICABLE_GLOBAL_BASELINE,HF9g-P5,,,,X 全窗基线 · 不参与实体赏罚,8394833,840,A168_HF9F_20260827_0900,2026-08-27 09:00:00
2026-06-04,149852371,1331,0,9.7719032068,-4.7573739296,-4.7573739296,0E-7,2,1,0.49677318421056242,0.499948100000,-0.9935670593529137,-0.9998962053866608,-0.9935670593529137,-0.00317491578943758,ELIGIBLE,R03b_20260811_FULL_v1,L1_ELIGIBILITY,v2026-08-11,2026-03-21..2026-08-06,baccarat_bet02_101_all_pairs_incl_sentinel,round_win = game_pnl > 0 (decisive only),COMPATIBILITY_ONLY_NOT_PRODUCTION,11632.7054,10698.3933,477.9275,991,458,-0.04108481,-0.72602740,-0.02634800,-0.04108481,-477.9275,11632.7054,OK,0.0000,14.3378,3.0000,97.0000,AG03-UNRESOLVED,ALL5_LEVELS_bet23_to_bet27,14.3378,14.3378,14.3378,19.1171,19.1171,3.000000,3.000000,3.000000,4.000000,4.000000,97.000000,97.000000,97.000000,96.000000,96.000000,5.0,81.2477,75.9334,396.6798,401.9941,PENDING_AG03,FALSE,NOT_FOR_ENFORCEMENT,463.5897,10377.4415,477.9275,463.5897,14.3378,0.04108481,0.03985227,14.3378,463.5897,0.03985227,14.3378,14.3378,14.3378,19.1171,19.1171,463.5897,0.03985227,81.2477,75.9334,396.6798,401.9941,0.03410039,0.03455723,0.00123254,11.7384,23.3589,1.0435,68.2754,3.1443,1661.8151,65.4286,11.1369,11.7520,2.5946,5.1891,18.5152,29.8317,38.8253,47.9866,2.854,-2.5946,7.482018,9.247507,2.262098,29,75,5,8,0.02106223,0.04108481,0.72602740,0E-8,0.000000,0.919682,0.000000,-0.69967940,2026-05-10,2026-07-27,7,152,94,79,0.088608,0.947655,0.948758,0.070207,,,,,,,,GLOBAL_BASELINE_NO_ENTITY_RANKING,,,NOT_APPLICABLE_GLOBAL_BASELINE,HF9g-P5,,,,X 全窗基线 · 不参与实体赏罚,8394834,840,A168_HF9F_20260827_0900,2026-08-27 09:00:00
2026-06-18,149852371,-1,1,15.4293208528,-15.4293208528,-15.4293208528,0E-7,2,1,0.42348563333242908,0.283965900000,-0.8570660132817226,-0.6297471965178028,-0.8570660132817226,0.13951973333242908,SENTINEL_DEALER,R03b_20260811_FULL_v1,L1_ELIGIBILITY,v2026-08-11,2026-03-21..2026-08-06,baccarat_bet02_101_all_pairs_incl_sentinel,round_win = game_pnl > 0 (decisive only),COMPATIBILITY_ONLY_NOT_PRODUCTION,11632.7054,10698.3933,477.9275,991,458,-0.04108481,-0.72602740,-0.02634800,-0.04108481,-477.9275,11632.7054,OK,0.0000,14.3378,3.0000,97.0000,AG03-UNRESOLVED,ALL5_LEVELS_bet23_to_bet27,14.3378,14.3378,14.3378,19.1171,19.1171,3.000000,3.000000,3.000000,4.000000,4.000000,97.000000,97.000000,97.000000,96.000000,96.000000,5.0,81.2477,75.9334,396.6798,401.9941,PENDING_AG03,FALSE,NOT_FOR_ENFORCEMENT,463.5897,10377.4415,477.9275,463.5897,14.3378,0.04108481,0.03985227,14.3378,463.5897,0.03985227,14.3378,14.3378,14.3378,19.1171,19.1171,463.5897,0.03985227,81.2477,75.9334,396.6798,401.9941,0.03410039,0.03455723,0.00123254,11.7384,23.3589,1.0435,68.2754,3.1443,1661.8151,65.4286,11.1369,11.7520,2.5946,5.1891,18.5152,29.8317,38.8253,47.9866,2.854,-2.5946,7.482018,9.247507,2.262098,29,75,5,8,0.02106223,0.04108481,0.72602740,0E-8,0.000000,0.919682,0.000000,-0.69967940,2026-05-10,2026-07-27,7,152,94,79,0.088608,0.947655,0.948758,0.070207,,,,,,,,GLOBAL_BASELINE_NO_ENTITY_RANKING,,,NOT_APPLICABLE_GLOBAL_BASELINE,HF9g-P5,,,,X 全窗基线 · 不参与实体赏罚,8394835,840,A168_HF9F_20260827_0900,2026-08-27 09:00:00
2026-06-18,149852371,1382,0,30.8586417056,-30.8586417056,-30.8586417056,0E-7,4,1,0.39026741666533183,0.184311250000,-0.800039527962253,-0.47535020548684115,-0.800039527962253,0.20595616666533183,ELIGIBLE,R03b_20260811_FULL_v1,L1_ELIGIBILITY,v2026-08-11,2026-03-21..2026-08-06,baccarat_bet02_101_all_pairs_incl_sentinel,round_win = game_pnl > 0 (decisive only),COMPATIBILITY_ONLY_NOT_PRODUCTION,11632.7054,10698.3933,477.9275,991,458,-0.04108481,-0.72602740,-0.02634800,-0.04108481,-477.9275,11632.7054,OK,0.0000,14.3378,3.0000,97.0000,AG03-UNRESOLVED,ALL5_LEVELS_bet23_to_bet27,14.3378,14.3378,14.3378,19.1171,19.1171,3.000000,3.000000,3.000000,4.000000,4.000000,97.000000,97.000000,97.000000,96.000000,96.000000,5.0,81.2477,75.9334,396.6798,401.9941,PENDING_AG03,FALSE,NOT_FOR_ENFORCEMENT,463.5897,10377.4415,477.9275,463.5897,14.3378,0.04108481,0.03985227,14.3378,463.5897,0.03985227,14.3378,14.3378,14.3378,19.1171,19.1171,463.5897,0.03985227,81.2477,75.9334,396.6798,401.9941,0.03410039,0.03455723,0.00123254,11.7384,23.3589,1.0435,68.2754,3.1443,1661.8151,65.4286,11.1369,11.7520,2.5946,5.1891,18.5152,29.8317,38.8253,47.9866,2.854,-2.5946,7.482018,9.247507,2.262098,29,75,5,8,0.02106223,0.04108481,0.72602740,0E-8,0.000000,0.919682,0.000000,-0.69967940,2026-05-10,2026-07-27,7,152,94,79,0.088608,0.947655,0.948758,0.070207,,,,,,,,GLOBAL_BASELINE_NO_ENTITY_RANKING,,,NOT_APPLICABLE_GLOBAL_BASELINE,HF9g-P5,,,,X 全窗基线 · 不参与实体赏罚,8394836,840,A168_HF9F_20260827_0900,2026-08-27 09:00:00
2026-06-18,149852371,1383,0,137.3209555898,-24.0697405308,-24.0697405308,0.5000000,17,6,0.41582465310791610,0.240605158334,0.4183442561380989,1.4864512558719152,0.4183442561380989,0.17521949477391610,ELIGIBLE,R03b_20260811_FULL_v1,L1_ELIGIBILITY,v2026-08-11,2026-03-21..2026-08-06,baccarat_bet02_101_all_pairs_incl_sentinel,round_win = game_pnl > 0 (decisive only),COMPATIBILITY_ONLY_NOT_PRODUCTION,11632.7054,10698.3933,477.9275,991,458,-0.04108481,-0.72602740,-0.02634800,-0.04108481,-477.9275,11632.7054,OK,0.0000,14.3378,3.0000,97.0000,AG03-UNRESOLVED,ALL5_LEVELS_bet23_to_bet27,14.3378,14.3378,14.3378,19.1171,19.1171,3.000000,3.000000,3.000000,4.000000,4.000000,97.000000,97.000000,97.000000,96.000000,96.000000,5.0,81.2477,75.9334,396.6798,401.9941,PENDING_AG03,FALSE,NOT_FOR_ENFORCEMENT,463.5897,10377.4415,477.9275,463.5897,14.3378,0.04108481,0.03985227,14.3378,463.5897,0.03985227,14.3378,14.3378,14.3378,19.1171,19.1171,463.5897,0.03985227,81.2477,75.9334,396.6798,401.9941,0.03410039,0.03455723,0.00123254,11.7384,23.3589,1.0435,68.2754,3.1443,1661.8151,65.4286,11.1369,11.7520,2.5946,5.1891,18.5152,29.8317,38.8253,47.9866,2.854,-2.5946,7.482018,9.247507,2.262098,29,75,5,8,0.02106223,0.04108481,0.72602740,0E-8,0.000000,0.919682,0.000000,-0.69967940,2026-05-10,2026-07-27,7,152,94,79,0.088608,0.947655,0.948758,0.070207,,,,,,,,GLOBAL_BASELINE_NO_ENTITY_RANKING,,,NOT_APPLICABLE_GLOBAL_BASELINE,HF9g-P5,,,,X 全窗基线 · 不参与实体赏罚,8394837,840,A168_HF9F_20260827_0900,2026-08-27 09:00:00
2026-06-18,149852371,1702,0,173.3227042461,29.9971712908,29.9971712908,0.6666667,19,9,0.44205877259646655,0.298632414815,1.3567881352198399,2.4125047412156193,1.3567881352198399,0.14342635778146655,ELIGIBLE,R03b_20260811_FULL_v1,L1_ELIGIBILITY,v2026-08-11,2026-03-21..2026-08-06,baccarat_bet02_101_all_pairs_incl_sentinel,round_win = game_pnl > 0 (decisive only),COMPATIBILITY_ONLY_NOT_PRODUCTION,11632.7054,10698.3933,477.9275,991,458,-0.04108481,-0.72602740,-0.02634800,-0.04108481,-477.9275,11632.7054,OK,0.0000,14.3378,3.0000,97.0000,AG03-UNRESOLVED,ALL5_LEVELS_bet23_to_bet27,14.3378,14.3378,14.3378,19.1171,19.1171,3.000000,3.000000,3.000000,4.000000,4.000000,97.000000,97.000000,97.000000,96.000000,96.000000,5.0,81.2477,75.9334,396.6798,401.9941,PENDING_AG03,FALSE,NOT_FOR_ENFORCEMENT,463.5897,10377.4415,477.9275,463.5897,14.3378,0.04108481,0.03985227,14.3378,463.5897,0.03985227,14.3378,14.3378,14.3378,19.1171,19.1171,463.5897,0.03985227,81.2477,75.9334,396.6798,401.9941,0.03410039,0.03455723,0.00123254,11.7384,23.3589,1.0435,68.2754,3.1443,1661.8151,65.4286,11.1369,11.7520,2.5946,5.1891,18.5152,29.8317,38.8253,47.9866,2.854,-2.5946,7.482018,9.247507,2.262098,29,75,5,8,0.02106223,0.04108481,0.72602740,0E-8,0.000000,0.919682,0.000000,-0.69967940,2026-05-10,2026-07-27,7,152,94,79,0.088608,0.947655,0.948758,0.070207,,,,,,,,GLOBAL_BASELINE_NO_ENTITY_RANKING,,,NOT_APPLICABLE_GLOBAL_BASELINE,HF9g-P5,,,,X 全窗基线 · 不参与实体赏罚,8394838,840,A168_HF9F_20260827_0900,2026-08-27 09:00:00
2026-06-18,149852371,1935,0,42.1734769975,-24.9440687120,-24.9440687120,0E-7,4,2,0.44201120473119282,0.283965900000,-1.2586903368335551,-0.8905970261819115,-1.2586903368335551,0.15804530473119282,ELIGIBLE,R03b_20260811_FULL_v1,L1_ELIGIBILITY,v2026-08-11,2026-03-21..2026-08-06,baccarat_bet02_101_all_pairs_incl_sentinel,round_win = game_pnl > 0 (decisive only),COMPATIBILITY_ONLY_NOT_PRODUCTION,11632.7054,10698.3933,477.9275,991,458,-0.04108481,-0.72602740,-0.02634800,-0.04108481,-477.9275,11632.7054,OK,0.0000,14.3378,3.0000,97.0000,AG03-UNRESOLVED,ALL5_LEVELS_bet23_to_bet27,14.3378,14.3378,14.3378,19.1171,19.1171,3.000000,3.000000,3.000000,4.000000,4.000000,97.000000,97.000000,97.000000,96.000000,96.000000,5.0,81.2477,75.9334,396.6798,401.9941,PENDING_AG03,FALSE,NOT_FOR_ENFORCEMENT,463.5897,10377.4415,477.9275,463.5897,14.3378,0.04108481,0.03985227,14.3378,463.5897,0.03985227,14.3378,14.3378,14.3378,19.1171,19.1171,463.5897,0.03985227,81.2477,75.9334,396.6798,401.9941,0.03410039,0.03455723,0.00123254,11.7384,23.3589,1.0435,68.2754,3.1443,1661.8151,65.4286,11.1369,11.7520,2.5946,5.1891,18.5152,29.8317,38.8253,47.9866,2.854,-2.5946,7.482018,9.247507,2.262098,29,75,5,8,0.02106223,0.04108481,0.72602740,0E-8,0.000000,0.919682,0.000000,-0.69967940,2026-05-10,2026-07-27,7,152,94,79,0.088608,0.947655,0.948758,0.070207,,,,,,,,GLOBAL_BASELINE_NO_ENTITY_RANKING,,,NOT_APPLICABLE_GLOBAL_BASELINE,HF9g-P5,,,,X 全窗基线 · 不参与实体赏罚,8394839,840,A168_HF9F_20260827_0900,2026-08-27 09:00:00
2026-06-18,149852371,2088,0,57.8599531978,-7.7146604265,-7.7146604265,0.5000000,4,2,0.47289020799952738,0.365981983334,0.07679102784032342,0.39345723129123444,0.07679102784032342,0.10690822466552738,ELIGIBLE,R03b_20260811_FULL_v1,L1_ELIGIBILITY,v2026-08-11,2026-03-21..2026-08-06,baccarat_bet02_101_all_pairs_incl_sentinel,round_win = game_pnl > 0 (decisive only),COMPATIBILITY_ONLY_NOT_PRODUCTION,11632.7054,10698.3933,477.9275,991,458,-0.04108481,-0.72602740,-0.02634800,-0.04108481,-477.9275,11632.7054,OK,0.0000,14.3378,3.0000,97.0000,AG03-UNRESOLVED,ALL5_LEVELS_bet23_to_bet27,14.3378,14.3378,14.3378,19.1171,19.1171,3.000000,3.000000,3.000000,4.000000,4.000000,97.000000,97.000000,97.000000,96.000000,96.000000,5.0,81.2477,75.9334,396.6798,401.9941,PENDING_AG03,FALSE,NOT_FOR_ENFORCEMENT,463.5897,10377.4415,477.9275,463.5897,14.3378,0.04108481,0.03985227,14.3378,463.5897,0.03985227,14.3378,14.3378,14.3378,19.1171,19.1171,463.5897,0.03985227,81.2477,75.9334,396.6798,401.9941,0.03410039,0.03455723,0.00123254,11.7384,23.3589,1.0435,68.2754,3.1443,1661.8151,65.4286,11.1369,11.7520,2.5946,5.1891,18.5152,29.8317,38.8253,47.9866,2.854,-2.5946,7.482018,9.247507,2.262098,29,75,5,8,0.02106223,0.04108481,0.72602740,0E-8,0.000000,0.919682,0.000000,-0.69967940,2026-05-10,2026-07-27,7,152,94,79,0.088608,0.947655,0.948758,0.070207,,,,,,,,GLOBAL_BASELINE_NO_ENTITY_RANKING,,,NOT_APPLICABLE_GLOBAL_BASELINE,HF9g-P5,,,,X 全窗基线 · 不参与实体赏罚,8394840,840,A168_HF9F_20260827_0900,2026-08-27 09:00:00
2026-06-18,149852371,2106,0,18.0008743282,12.0863013346,12.0863013346,1.0000000,2,1,0.44778671428473327,0.300626750000,1.110498109511052,1.5252488199758223,1.110498109511052,0.14715996428473327,ELIGIBLE,R03b_20260811_FULL_v1,L1_ELIGIBILITY,v2026-08-11,2026-03-21..2026-08-06,baccarat_bet02_101_all_pairs_incl_sentinel,round_win = game_pnl > 0 (decisive only),COMPATIBILITY_ONLY_NOT_PRODUCTION,11632.7054,10698.3933,477.9275,991,458,-0.04108481,-0.72602740,-0.02634800,-0.04108481,-477.9275,11632.7054,OK,0.0000,14.3378,3.0000,97.0000,AG03-UNRESOLVED,ALL5_LEVELS_bet23_to_bet27,14.3378,14.3378,14.3378,19.1171,19.1171,3.000000,3.000000,3.000000,4.000000,4.000000,97.000000,97.000000,97.000000,96.000000,96.000000,5.0,81.2477,75.9334,396.6798,401.9941,PENDING_AG03,FALSE,NOT_FOR_ENFORCEMENT,463.5897,10377.4415,477.9275,463.5897,14.3378,0.04108481,0.03985227,14.3378,463.5897,0.03985227,14.3378,14.3378,14.3378,19.1171,19.1171,463.5897,0.03985227,81.2477,75.9334,396.6798,401.9941,0.03410039,0.03455723,0.00123254,11.7384,23.3589,1.0435,68.2754,3.1443,1661.8151,65.4286,11.1369,11.7520,2.5946,5.1891,18.5152,29.8317,38.8253,47.9866,2.854,-2.5946,7.482018,9.247507,2.262098,29,75,5,8,0.02106223,0.04108481,0.72602740,0E-8,0.000000,0.919682,0.000000,-0.69967940,2026-05-10,2026-07-27,7,152,94,79,0.088608,0.947655,0.948758,0.070207,,,,,,,,GLOBAL_BASELINE_NO_ENTITY_RANKING,,,NOT_APPLICABLE_GLOBAL_BASELINE,HF9g-P5,,,,X 全窗基线 · 不参与实体赏罚,8394841,840,A168_HF9F_20260827_0900,2026-08-27 09:00:00
2026-06-18,149852371,2218,0,10.2862139018,10.2862139018,10.2862139018,1.0000000,1,1,0.49324550000000000,0.493245500000,1.01360149184955,1.01360149184955,1.01360149184955,0E-17,ELIGIBLE,R03b_20260811_FULL_v1,L1_ELIGIBILITY,v2026-08-11,2026-03-21..2026-08-06,baccarat_bet02_101_all_pairs_incl_sentinel,round_win = game_pnl > 0 (decisive only),COMPATIBILITY_ONLY_NOT_PRODUCTION,11632.7054,10698.3933,477.9275,991,458,-0.04108481,-0.72602740,-0.02634800,-0.04108481,-477.9275,11632.7054,OK,0.0000,14.3378,3.0000,97.0000,AG03-UNRESOLVED,ALL5_LEVELS_bet23_to_bet27,14.3378,14.3378,14.3378,19.1171,19.1171,3.000000,3.000000,3.000000,4.000000,4.000000,97.000000,97.000000,97.000000,96.000000,96.000000,5.0,81.2477,75.9334,396.6798,401.9941,PENDING_AG03,FALSE,NOT_FOR_ENFORCEMENT,463.5897,10377.4415,477.9275,463.5897,14.3378,0.04108481,0.03985227,14.3378,463.5897,0.03985227,14.3378,14.3378,14.3378,19.1171,19.1171,463.5897,0.03985227,81.2477,75.9334,396.6798,401.9941,0.03410039,0.03455723,0.00123254,11.7384,23.3589,1.0435,68.2754,3.1443,1661.8151,65.4286,11.1369,11.7520,2.5946,5.1891,18.5152,29.8317,38.8253,47.9866,2.854,-2.5946,7.482018,9.247507,2.262098,29,75,5,8,0.02106223,0.04108481,0.72602740,0E-8,0.000000,0.919682,0.000000,-0.69967940,2026-05-10,2026-07-27,7,152,94,79,0.088608,0.947655,0.948758,0.070207,,,,,,,,GLOBAL_BASELINE_NO_ENTITY_RANKING,,,NOT_APPLICABLE_GLOBAL_BASELINE,HF9g-P5,,,,X 全窗基线 · 不参与实体赏罚,8394842,840,A168_HF9F_20260827_0900,2026-08-27 09:00:00
2026-06-18,149852371,2224,0,23.6582919743,-23.6582919743,-23.6582919743,0E-7,3,1,0.41491023260753233,0.225313266667,-0.8421041767259729,-0.5392998788872835,-0.8421041767259729,0.18959696594053233,ELIGIBLE,R03b_20260811_FULL_v1,L1_ELIGIBILITY,v2026-08-11,2026-03-21..2026-08-06,baccarat_bet02_101_all_pairs_incl_sentinel,round_win = game_pnl > 0 (decisive only),COMPATIBILITY_ONLY_NOT_PRODUCTION,11632.7054,10698.3933,477.9275,991,458,-0.04108481,-0.72602740,-0.02634800,-0.04108481,-477.9275,11632.7054,OK,0.0000,14.3378,3.0000,97.0000,AG03-UNRESOLVED,ALL5_LEVELS_bet23_to_bet27,14.3378,14.3378,14.3378,19.1171,19.1171,3.000000,3.000000,3.000000,4.000000,4.000000,97.000000,97.000000,97.000000,96.000000,96.000000,5.0,81.2477,75.9334,396.6798,401.9941,PENDING_AG03,FALSE,NOT_FOR_ENFORCEMENT,463.5897,10377.4415,477.9275,463.5897,14.3378,0.04108481,0.03985227,14.3378,463.5897,0.03985227,14.3378,14.3378,14.3378,19.1171,19.1171,463.5897,0.03985227,81.2477,75.9334,396.6798,401.9941,0.03410039,0.03455723,0.00123254,11.7384,23.3589,1.0435,68.2754,3.1443,1661.8151,65.4286,11.1369,11.7520,2.5946,5.1891,18.5152,29.8317,38.8253,47.9866,2.854,-2.5946,7.482018,9.247507,2.262098,29,75,5,8,0.02106223,0.04108481,0.72602740,0E-8,0.000000,0.919682,0.000000,-0.69967940,2026-05-10,2026-07-27,7,152,94,79,0.088608,0.947655,0.948758,0.070207,,,,,,,,GLOBAL_BASELINE_NO_ENTITY_RANKING,,,NOT_APPLICABLE_GLOBAL_BASELINE,HF9g-P5,,,,X 全窗基线 · 不参与实体赏罚,8394843,840,A168_HF9F_20260827_0900,2026-08-27 09:00:00
2026-06-18,149852371,2234,0,23.1439812792,11.9577236608,11.9577236608,1.0000000,3,1,0.41287155555433996,0.225313266667,1.1925018974544985,1.85425593282769,1.1925018974544985,0.18755828888733996,ELIGIBLE,R03b_20260811_FULL_v1,L1_ELIGIBILITY,v2026-08-11,2026-03-21..2026-08-06,baccarat_bet02_101_all_pairs_incl_sentinel,round_win = game_pnl > 0 (decisive only),COMPATIBILITY_ONLY_NOT_PRODUCTION,11632.7054,10698.3933,477.9275,991,458,-0.04108481,-0.72602740,-0.02634800,-0.04108481,-477.9275,11632.7054,OK,0.0000,14.3378,3.0000,97.0000,AG03-UNRESOLVED,ALL5_LEVELS_bet23_to_bet27,14.3378,14.3378,14.3378,19.1171,19.1171,3.000000,3.000000,3.000000,4.000000,4.000000,97.000000,97.000000,97.000000,96.000000,96.000000,5.0,81.2477,75.9334,396.6798,401.9941,PENDING_AG03,FALSE,NOT_FOR_ENFORCEMENT,463.5897,10377.4415,477.9275,463.5897,14.3378,0.04108481,0.03985227,14.3378,463.5897,0.03985227,14.3378,14.3378,14.3378,19.1171,19.1171,463.5897,0.03985227,81.2477,75.9334,396.6798,401.9941,0.03410039,0.03455723,0.00123254,11.7384,23.3589,1.0435,68.2754,3.1443,1661.8151,65.4286,11.1369,11.7520,2.5946,5.1891,18.5152,29.8317,38.8253,47.9866,2.854,-2.5946,7.482018,9.247507,2.262098,29,75,5,8,0.02106223,0.04108481,0.72602740,0E-8,0.000000,0.919682,0.000000,-0.69967940,2026-05-10,2026-07-27,7,152,94,79,0.088608,0.947655,0.948758,0.070207,,,,,,,,GLOBAL_BASELINE_NO_ENTITY_RANKING,,,NOT_APPLICABLE_GLOBAL_BASELINE,HF9g-P5,,,,X 全窗基线 · 不参与实体赏罚,8394844,840,A168_HF9F_20260827_0900,2026-08-27 09:00:00
2026-06-18,149852371,2235,0,19.0294957185,8.0489623781,8.0489623781,1.0000000,3,1,0.39259498378258506,0.225313266667,1.2438465730135346,1.85425593282769,1.2438465730135346,0.16728171711558506,ELIGIBLE,R03b_20260811_FULL_v1,L1_ELIGIBILITY,v2026-08-11,2026-03-21..2026-08-06,baccarat_bet02_101_all_pairs_incl_sentinel,round_win = game_pnl > 0 (decisive only),COMPATIBILITY_ONLY_NOT_PRODUCTION,11632.7054,10698.3933,477.9275,991,458,-0.04108481,-0.72602740,-0.02634800,-0.04108481,-477.9275,11632.7054,OK,0.0000,14.3378,3.0000,97.0000,AG03-UNRESOLVED,ALL5_LEVELS_bet23_to_bet27,14.3378,14.3378,14.3378,19.1171,19.1171,3.000000,3.000000,3.000000,4.000000,4.000000,97.000000,97.000000,97.000000,96.000000,96.000000,5.0,81.2477,75.9334,396.6798,401.9941,PENDING_AG03,FALSE,NOT_FOR_ENFORCEMENT,463.5897,10377.4415,477.9275,463.5897,14.3378,0.04108481,0.03985227,14.3378,463.5897,0.03985227,14.3378,14.3378,14.3378,19.1171,19.1171,463.5897,0.03985227,81.2477,75.9334,396.6798,401.9941,0.03410039,0.03455723,0.00123254,11.7384,23.3589,1.0435,68.2754,3.1443,1661.8151,65.4286,11.1369,11.7520,2.5946,5.1891,18.5152,29.8317,38.8253,47.9866,2.854,-2.5946,7.482018,9.247507,2.262098,29,75,5,8,0.02106223,0.04108481,0.72602740,0E-8,0.000000,0.919682,0.000000,-0.69967940,2026-05-10,2026-07-27,7,152,94,79,0.088608,0.947655,0.948758,0.070207,,,,,,,,GLOBAL_BASELINE_NO_ENTITY_RANKING,,,NOT_APPLICABLE_GLOBAL_BASELINE,HF9g-P5,,,,X 全窗基线 · 不参与实体赏罚,8394845,840,A168_HF9F_20260827_0900,2026-08-27 09:00:00
2026-06-18,149852371,2251,0,53.2311569420,-3.0858641707,-3.0858641707,0.5000000,5,2,0.44351016588470323,0.257990883334,0.160806977921721,0.7822398271322346,0.160806977921721,0.18551928255070323,ELIGIBLE,R03b_20260811_FULL_v1,L1_ELIGIBILITY,v2026-08-11,2026-03-21..2026-08-06,baccarat_bet02_101_all_pairs_incl_sentinel,round_win = game_pnl > 0 (decisive only),COMPATIBILITY_ONLY_NOT_PRODUCTION,11632.7054,10698.3933,477.9275,991,458,-0.04108481,-0.72602740,-0.02634800,-0.04108481,-477.9275,11632.7054,OK,0.0000,14.3378,3.0000,97.0000,AG03-UNRESOLVED,ALL5_LEVELS_bet23_to_bet27,14.3378,14.3378,14.3378,19.1171,19.1171,3.000000,3.000000,3.000000,4.000000,4.000000,97.000000,97.000000,97.000000,96.000000,96.000000,5.0,81.2477,75.9334,396.6798,401.9941,PENDING_AG03,FALSE,NOT_FOR_ENFORCEMENT,463.5897,10377.4415,477.9275,463.5897,14.3378,0.04108481,0.03985227,14.3378,463.5897,0.03985227,14.3378,14.3378,14.3378,19.1171,19.1171,463.5897,0.03985227,81.2477,75.9334,396.6798,401.9941,0.03410039,0.03455723,0.00123254,11.7384,23.3589,1.0435,68.2754,3.1443,1661.8151,65.4286,11.1369,11.7520,2.5946,5.1891,18.5152,29.8317,38.8253,47.9866,2.854,-2.5946,7.482018,9.247507,2.262098,29,75,5,8,0.02106223,0.04108481,0.72602740,0E-8,0.000000,0.919682,0.000000,-0.69967940,2026-05-10,2026-07-27,7,152,94,79,0.088608,0.947655,0.948758,0.070207,,,,,,,,GLOBAL_BASELINE_NO_ENTITY_RANKING,,,NOT_APPLICABLE_GLOBAL_BASELINE,HF9g-P5,,,,X 全窗基线 · 不参与实体赏罚,8394846,840,A168_HF9F_20260827_0900,2026-08-27 09:00:00
2026-06-18,149852371,2254,0,19.0294957185,-19.0294957185,-19.0294957185,0E-7,3,1,0.39259498378258506,0.225313266667,-0.8039576758870233,-0.5392998788872835,-0.8039576758870233,0.16728171711558506,ELIGIBLE,R03b_20260811_FULL_v1,L1_ELIGIBILITY,v2026-08-11,2026-03-21..2026-08-06,baccarat_bet02_101_all_pairs_incl_sentinel,round_win = game_pnl > 0 (decisive only),COMPATIBILITY_ONLY_NOT_PRODUCTION,11632.7054,10698.3933,477.9275,991,458,-0.04108481,-0.72602740,-0.02634800,-0.04108481,-477.9275,11632.7054,OK,0.0000,14.3378,3.0000,97.0000,AG03-UNRESOLVED,ALL5_LEVELS_bet23_to_bet27,14.3378,14.3378,14.3378,19.1171,19.1171,3.000000,3.000000,3.000000,4.000000,4.000000,97.000000,97.000000,97.000000,96.000000,96.000000,5.0,81.2477,75.9334,396.6798,401.9941,PENDING_AG03,FALSE,NOT_FOR_ENFORCEMENT,463.5897,10377.4415,477.9275,463.5897,14.3378,0.04108481,0.03985227,14.3378,463.5897,0.03985227,14.3378,14.3378,14.3378,19.1171,19.1171,463.5897,0.03985227,81.2477,75.9334,396.6798,401.9941,0.03410039,0.03455723,0.00123254,11.7384,23.3589,1.0435,68.2754,3.1443,1661.8151,65.4286,11.1369,11.7520,2.5946,5.1891,18.5152,29.8317,38.8253,47.9866,2.854,-2.5946,7.482018,9.247507,2.262098,29,75,5,8,0.02106223,0.04108481,0.72602740,0E-8,0.000000,0.919682,0.000000,-0.69967940,2026-05-10,2026-07-27,7,152,94,79,0.088608,0.947655,0.948758,0.070207,,,,,,,,GLOBAL_BASELINE_NO_ENTITY_RANKING,,,NOT_APPLICABLE_GLOBAL_BASELINE,HF9g-P5,,,,X 全窗基线 · 不参与实体赏罚,8394847,840,A168_HF9F_20260827_0900,2026-08-27 09:00:00
2026-06-18,149852371,2261,0,26.7441561448,-26.7441561448,-26.7441561448,0E-7,3,1,0.41466839422959399,0.220844866667,-0.8416847915420793,-0.5323922027720716,-0.8416847915420793,0.19382352756259399,ELIGIBLE,R03b_20260811_FULL_v1,L1_ELIGIBILITY,v2026-08-11,2026-03-21..2026-08-06,baccarat_bet02_101_all_pairs_incl_sentinel,round_win = game_pnl > 0 (decisive only),COMPATIBILITY_ONLY_NOT_PRODUCTION,11632.7054,10698.3933,477.9275,991,458,-0.04108481,-0.72602740,-0.02634800,-0.04108481,-477.9275,11632.7054,OK,0.0000,14.3378,3.0000,97.0000,AG03-UNRESOLVED,ALL5_LEVELS_bet23_to_bet27,14.3378,14.3378,14.3378,19.1171,19.1171,3.000000,3.000000,3.000000,4.000000,4.000000,97.000000,97.000000,97.000000,96.000000,96.000000,5.0,81.2477,75.9334,396.6798,401.9941,PENDING_AG03,FALSE,NOT_FOR_ENFORCEMENT,463.5897,10377.4415,477.9275,463.5897,14.3378,0.04108481,0.03985227,14.3378,463.5897,0.03985227,14.3378,14.3378,14.3378,19.1171,19.1171,463.5897,0.03985227,81.2477,75.9334,396.6798,401.9941,0.03410039,0.03455723,0.00123254,11.7384,23.3589,1.0435,68.2754,3.1443,1661.8151,65.4286,11.1369,11.7520,2.5946,5.1891,18.5152,29.8317,38.8253,47.9866,2.854,-2.5946,7.482018,9.247507,2.262098,29,75,5,8,0.02106223,0.04108481,0.72602740,0E-8,0.000000,0.919682,0.000000,-0.69967940,2026-05-10,2026-07-27,7,152,94,79,0.088608,0.947655,0.948758,0.070207,,,,,,,,GLOBAL_BASELINE_NO_ENTITY_RANKING,,,NOT_APPLICABLE_GLOBAL_BASELINE,HF9g-P5,,,,X 全窗基线 · 不参与实体赏罚,8394848,840,A168_HF9F_20260827_0900,2026-08-27 09:00:00
2026-06-18,149852371,471,0,179.4944325875,-9.3990279535,-9.3990279535,0.5000000,22,8,0.41536824492794574,0.265349293750,0.48575859589513953,1.5032023323414607,0.48575859589513953,0.15001895117794574,ELIGIBLE,R03b_20260811_FULL_v1,L1_ELIGIBILITY,v2026-08-11,2026-03-21..2026-08-06,baccarat_bet02_101_all_pairs_incl_sentinel,round_win = game_pnl > 0 (decisive only),COMPATIBILITY_ONLY_NOT_PRODUCTION,11632.7054,10698.3933,477.9275,991,458,-0.04108481,-0.72602740,-0.02634800,-0.04108481,-477.9275,11632.7054,OK,0.0000,14.3378,3.0000,97.0000,AG03-UNRESOLVED,ALL5_LEVELS_bet23_to_bet27,14.3378,14.3378,14.3378,19.1171,19.1171,3.000000,3.000000,3.000000,4.000000,4.000000,97.000000,97.000000,97.000000,96.000000,96.000000,5.0,81.2477,75.9334,396.6798,401.9941,PENDING_AG03,FALSE,NOT_FOR_ENFORCEMENT,463.5897,10377.4415,477.9275,463.5897,14.3378,0.04108481,0.03985227,14.3378,463.5897,0.03985227,14.3378,14.3378,14.3378,19.1171,19.1171,463.5897,0.03985227,81.2477,75.9334,396.6798,401.9941,0.03410039,0.03455723,0.00123254,11.7384,23.3589,1.0435,68.2754,3.1443,1661.8151,65.4286,11.1369,11.7520,2.5946,5.1891,18.5152,29.8317,38.8253,47.9866,2.854,-2.5946,7.482018,9.247507,2.262098,29,75,5,8,0.02106223,0.04108481,0.72602740,0E-8,0.000000,0.919682,0.000000,-0.69967940,2026-05-10,2026-07-27,7,152,94,79,0.088608,0.947655,0.948758,0.070207,,,,,,,,GLOBAL_BASELINE_NO_ENTITY_RANKING,,,NOT_APPLICABLE_GLOBAL_BASELINE,HF9g-P5,,,,X 全窗基线 · 不参与实体赏罚,8394849,840,A168_HF9F_20260827_0900,2026-08-27 09:00:00
2026-06-18,149852371,595,0,69.4319438375,-23.1439812793,-23.1439812793,0.3333333,8,3,0.42620802638785891,0.256301300000,-0.32528944558881967,0.30560332374436067,-0.32528944558881967,0.16990672638785891,ELIGIBLE,R03b_20260811_FULL_v1,L1_ELIGIBILITY,v2026-08-11,2026-03-21..2026-08-06,baccarat_bet02_101_all_pairs_incl_sentinel,round_win = game_pnl > 0 (decisive only),COMPATIBILITY_ONLY_NOT_PRODUCTION,11632.7054,10698.3933,477.9275,991,458,-0.04108481,-0.72602740,-0.02634800,-0.04108481,-477.9275,11632.7054,OK,0.0000,14.3378,3.0000,97.0000,AG03-UNRESOLVED,ALL5_LEVELS_bet23_to_bet27,14.3378,14.3378,14.3378,19.1171,19.1171,3.000000,3.000000,3.000000,4.000000,4.000000,97.000000,97.000000,97.000000,96.000000,96.000000,5.0,81.2477,75.9334,396.6798,401.9941,PENDING_AG03,FALSE,NOT_FOR_ENFORCEMENT,463.5897,10377.4415,477.9275,463.5897,14.3378,0.04108481,0.03985227,14.3378,463.5897,0.03985227,14.3378,14.3378,14.3378,19.1171,19.1171,463.5897,0.03985227,81.2477,75.9334,396.6798,401.9941,0.03410039,0.03455723,0.00123254,11.7384,23.3589,1.0435,68.2754,3.1443,1661.8151,65.4286,11.1369,11.7520,2.5946,5.1891,18.5152,29.8317,38.8253,47.9866,2.854,-2.5946,7.482018,9.247507,2.262098,29,75,5,8,0.02106223,0.04108481,0.72602740,0E-8,0.000000,0.919682,0.000000,-0.69967940,2026-05-10,2026-07-27,7,152,94,79,0.088608,0.947655,0.948758,0.070207,,,,,,,,GLOBAL_BASELINE_NO_ENTITY_RANKING,,,NOT_APPLICABLE_GLOBAL_BASELINE,HF9g-P5,,,,X 全窗基线 · 不参与实体赏罚,8394850,840,A168_HF9F_20260827_0900,2026-08-27 09:00:00
2026-07-27,149852371,1087,0,36.1448893708,-36.1448893708,-36.1448893708,0E-7,2,1,0.46477102142857143,0.293924150000,-0.9318579428995587,-0.6451964315166089,-0.9318579428995587,0.17084687142857143,ELIGIBLE,R03b_20260811_FULL_v1,L1_ELIGIBILITY,v2026-08-11,2026-03-21..2026-08-06,baccarat_bet02_101_all_pairs_incl_sentinel,round_win = game_pnl > 0 (decisive only),COMPATIBILITY_ONLY_NOT_PRODUCTION,11632.7054,10698.3933,477.9275,991,458,-0.04108481,-0.72602740,-0.02634800,-0.04108481,-477.9275,11632.7054,OK,0.0000,14.3378,3.0000,97.0000,AG03-UNRESOLVED,ALL5_LEVELS_bet23_to_bet27,14.3378,14.3378,14.3378,19.1171,19.1171,3.000000,3.000000,3.000000,4.000000,4.000000,97.000000,97.000000,97.000000,96.000000,96.000000,5.0,81.2477,75.9334,396.6798,401.9941,PENDING_AG03,FALSE,NOT_FOR_ENFORCEMENT,463.5897,10377.4415,477.9275,463.5897,14.3378,0.04108481,0.03985227,14.3378,463.5897,0.03985227,14.3378,14.3378,14.3378,19.1171,19.1171,463.5897,0.03985227,81.2477,75.9334,396.6798,401.9941,0.03410039,0.03455723,0.00123254,11.7384,23.3589,1.0435,68.2754,3.1443,1661.8151,65.4286,11.1369,11.7520,2.5946,5.1891,18.5152,29.8317,38.8253,47.9866,2.854,-2.5946,7.482018,9.247507,2.262098,29,75,5,8,0.02106223,0.04108481,0.72602740,0E-8,0.000000,0.919682,0.000000,-0.69967940,2026-05-10,2026-07-27,7,152,94,79,0.088608,0.947655,0.948758,0.070207,,,,,,,,GLOBAL_BASELINE_NO_ENTITY_RANKING,,,NOT_APPLICABLE_GLOBAL_BASELINE,HF9g-P5,,,,X 全窗基线 · 不参与实体赏罚,8394851,840,A168_HF9F_20260827_0900,2026-08-27 09:00:00
2026-07-27,149852371,1963,0,36.1448893708,-36.1448893708,-36.1448893708,0E-7,4,1,0.40497857142857143,0.184311250000,-0.824991965218046,-0.47535020548684115,-0.824991965218046,0.22066732142857143,ELIGIBLE,R03b_20260811_FULL_v1,L1_ELIGIBILITY,v2026-08-11,2026-03-21..2026-08-06,baccarat_bet02_101_all_pairs_incl_sentinel,round_win = game_pnl > 0 (decisive only),COMPATIBILITY_ONLY_NOT_PRODUCTION,11632.7054,10698.3933,477.9275,991,458,-0.04108481,-0.72602740,-0.02634800,-0.04108481,-477.9275,11632.7054,OK,0.0000,14.3378,3.0000,97.0000,AG03-UNRESOLVED,ALL5_LEVELS_bet23_to_bet27,14.3378,14.3378,14.3378,19.1171,19.1171,3.000000,3.000000,3.000000,4.000000,4.000000,97.000000,97.000000,97.000000,96.000000,96.000000,5.0,81.2477,75.9334,396.6798,401.9941,PENDING_AG03,FALSE,NOT_FOR_ENFORCEMENT,463.5897,10377.4415,477.9275,463.5897,14.3378,0.04108481,0.03985227,14.3378,463.5897,0.03985227,14.3378,14.3378,14.3378,19.1171,19.1171,463.5897,0.03985227,81.2477,75.9334,396.6798,401.9941,0.03410039,0.03455723,0.00123254,11.7384,23.3589,1.0435,68.2754,3.1443,1661.8151,65.4286,11.1369,11.7520,2.5946,5.1891,18.5152,29.8317,38.8253,47.9866,2.854,-2.5946,7.482018,9.247507,2.262098,29,75,5,8,0.02106223,0.04108481,0.72602740,0E-8,0.000000,0.919682,0.000000,-0.69967940,2026-05-10,2026-07-27,7,152,94,79,0.088608,0.947655,0.948758,0.070207,,,,,,,,GLOBAL_BASELINE_NO_ENTITY_RANKING,,,NOT_APPLICABLE_GLOBAL_BASELINE,HF9g-P5,,,,X 全窗基线 · 不参与实体赏罚,8394852,840,A168_HF9F_20260827_0900,2026-08-27 09:00:00
2026-07-27,149852371,1966,0,77.4533343660,-10.3271112488,-10.3271112488,0.5000000,10,2,0.37841351000000000,0.161961241667,0.35454079914149084,1.2976091356702146,0.35454079914149084,0.21645226833300000,ELIGIBLE,R03b_20260811_FULL_v1,L1_ELIGIBILITY,v2026-08-11,2026-03-21..2026-08-06,baccarat_bet02_101_all_pairs_incl_sentinel,round_win = game_pnl > 0 (decisive only),COMPATIBILITY_ONLY_NOT_PRODUCTION,11632.7054,10698.3933,477.9275,991,458,-0.04108481,-0.72602740,-0.02634800,-0.04108481,-477.9275,11632.7054,OK,0.0000,14.3378,3.0000,97.0000,AG03-UNRESOLVED,ALL5_LEVELS_bet23_to_bet27,14.3378,14.3378,14.3378,19.1171,19.1171,3.000000,3.000000,3.000000,4.000000,4.000000,97.000000,97.000000,97.000000,96.000000,96.000000,5.0,81.2477,75.9334,396.6798,401.9941,PENDING_AG03,FALSE,NOT_FOR_ENFORCEMENT,463.5897,10377.4415,477.9275,463.5897,14.3378,0.04108481,0.03985227,14.3378,463.5897,0.03985227,14.3378,14.3378,14.3378,19.1171,19.1171,463.5897,0.03985227,81.2477,75.9334,396.6798,401.9941,0.03410039,0.03455723,0.00123254,11.7384,23.3589,1.0435,68.2754,3.1443,1661.8151,65.4286,11.1369,11.7520,2.5946,5.1891,18.5152,29.8317,38.8253,47.9866,2.854,-2.5946,7.482018,9.247507,2.262098,29,75,5,8,0.02106223,0.04108481,0.72602740,0E-8,0.000000,0.919682,0.000000,-0.69967940,2026-05-10,2026-07-27,7,152,94,79,0.088608,0.947655,0.948758,0.070207,,,,,,,,GLOBAL_BASELINE_NO_ENTITY_RANKING,,,NOT_APPLICABLE_GLOBAL_BASELINE,HF9g-P5,,,,X 全窗基线 · 不参与实体赏罚,8394853,840,A168_HF9F_20260827_0900,2026-08-27 09:00:00
2026-07-27,149852371,2234,0,22.9778225286,-22.9778225286,-22.9778225286,0E-7,2,1,0.44845418539329741,0.293924150000,-0.901712819798047,-0.6451964315166089,-0.901712819798047,0.15453003539329741,ELIGIBLE,R03b_20260811_FULL_v1,L1_ELIGIBILITY,v2026-08-11,2026-03-21..2026-08-06,baccarat_bet02_101_all_pairs_incl_sentinel,round_win = game_pnl > 0 (decisive only),COMPATIBILITY_ONLY_NOT_PRODUCTION,11632.7054,10698.3933,477.9275,991,458,-0.04108481,-0.72602740,-0.02634800,-0.04108481,-477.9275,11632.7054,OK,0.0000,14.3378,3.0000,97.0000,AG03-UNRESOLVED,ALL5_LEVELS_bet23_to_bet27,14.3378,14.3378,14.3378,19.1171,19.1171,3.000000,3.000000,3.000000,4.000000,4.000000,97.000000,97.000000,97.000000,96.000000,96.000000,5.0,81.2477,75.9334,396.6798,401.9941,PENDING_AG03,FALSE,NOT_FOR_ENFORCEMENT,463.5897,10377.4415,477.9275,463.5897,14.3378,0.04108481,0.03985227,14.3378,463.5897,0.03985227,14.3378,14.3378,14.3378,19.1171,19.1171,463.5897,0.03985227,81.2477,75.9334,396.6798,401.9941,0.03410039,0.03455723,0.00123254,11.7384,23.3589,1.0435,68.2754,3.1443,1661.8151,65.4286,11.1369,11.7520,2.5946,5.1891,18.5152,29.8317,38.8253,47.9866,2.854,-2.5946,7.482018,9.247507,2.262098,29,75,5,8,0.02106223,0.04108481,0.72602740,0E-8,0.000000,0.919682,0.000000,-0.69967940,2026-05-10,2026-07-27,7,152,94,79,0.088608,0.947655,0.948758,0.070207,,,,,,,,GLOBAL_BASELINE_NO_ENTITY_RANKING,,,NOT_APPLICABLE_GLOBAL_BASELINE,HF9g-P5,,,,X 全窗基线 · 不参与实体赏罚,8394854,840,A168_HF9F_20260827_0900,2026-08-27 09:00:00
2026-07-27,149852371,595,0,36.1448893708,-36.1448893708,-36.1448893708,0E-7,2,1,0.46477102142857143,0.293924150000,-0.9318579428995587,-0.6451964315166089,-0.9318579428995587,0.17084687142857143,ELIGIBLE,R03b_20260811_FULL_v1,L1_ELIGIBILITY,v2026-08-11,2026-03-21..2026-08-06,baccarat_bet02_101_all_pairs_incl_sentinel,round_win = game_pnl > 0 (decisive only),COMPATIBILITY_ONLY_NOT_PRODUCTION,11632.7054,10698.3933,477.9275,991,458,-0.04108481,-0.72602740,-0.02634800,-0.04108481,-477.9275,11632.7054,OK,0.0000,14.3378,3.0000,97.0000,AG03-UNRESOLVED,ALL5_LEVELS_bet23_to_bet27,14.3378,14.3378,14.3378,19.1171,19.1171,3.000000,3.000000,3.000000,4.000000,4.000000,97.000000,97.000000,97.000000,96.000000,96.000000,5.0,81.2477,75.9334,396.6798,401.9941,PENDING_AG03,FALSE,NOT_FOR_ENFORCEMENT,463.5897,10377.4415,477.9275,463.5897,14.3378,0.04108481,0.03985227,14.3378,463.5897,0.03985227,14.3378,14.3378,14.3378,19.1171,19.1171,463.5897,0.03985227,81.2477,75.9334,396.6798,401.9941,0.03410039,0.03455723,0.00123254,11.7384,23.3589,1.0435,68.2754,3.1443,1661.8151,65.4286,11.1369,11.7520,2.5946,5.1891,18.5152,29.8317,38.8253,47.9866,2.854,-2.5946,7.482018,9.247507,2.262098,29,75,5,8,0.02106223,0.04108481,0.72602740,0E-8,0.000000,0.919682,0.000000,-0.69967940,2026-05-10,2026-07-27,7,152,94,79,0.088608,0.947655,0.948758,0.070207,,,,,,,,GLOBAL_BASELINE_NO_ENTITY_RANKING,,,NOT_APPLICABLE_GLOBAL_BASELINE,HF9g-P5,,,,X 全窗基线 · 不参与实体赏罚,8394855,840,A168_HF9F_20260827_0900,2026-08-27 09:00:00
2026-07-27,149852371,789,0,36.1448893708,-36.1448893708,-36.1448893708,0E-7,2,1,0.46477102142857143,0.293924150000,-0.9318579428995587,-0.6451964315166089,-0.9318579428995587,0.17084687142857143,ELIGIBLE,R03b_20260811_FULL_v1,L1_ELIGIBILITY,v2026-08-11,2026-03-21..2026-08-06,baccarat_bet02_101_all_pairs_incl_sentinel,round_win = game_pnl > 0 (decisive only),COMPATIBILITY_ONLY_NOT_PRODUCTION,11632.7054,10698.3933,477.9275,991,458,-0.04108481,-0.72602740,-0.02634800,-0.04108481,-477.9275,11632.7054,OK,0.0000,14.3378,3.0000,97.0000,AG03-UNRESOLVED,ALL5_LEVELS_bet23_to_bet27,14.3378,14.3378,14.3378,19.1171,19.1171,3.000000,3.000000,3.000000,4.000000,4.000000,97.000000,97.000000,97.000000,96.000000,96.000000,5.0,81.2477,75.9334,396.6798,401.9941,PENDING_AG03,FALSE,NOT_FOR_ENFORCEMENT,463.5897,10377.4415,477.9275,463.5897,14.3378,0.04108481,0.03985227,14.3378,463.5897,0.03985227,14.3378,14.3378,14.3378,19.1171,19.1171,463.5897,0.03985227,81.2477,75.9334,396.6798,401.9941,0.03410039,0.03455723,0.00123254,11.7384,23.3589,1.0435,68.2754,3.1443,1661.8151,65.4286,11.1369,11.7520,2.5946,5.1891,18.5152,29.8317,38.8253,47.9866,2.854,-2.5946,7.482018,9.247507,2.262098,29,75,5,8,0.02106223,0.04108481,0.72602740,0E-8,0.000000,0.919682,0.000000,-0.69967940,2026-05-10,2026-07-27,7,152,94,79,0.088608,0.947655,0.948758,0.070207,,,,,,,,GLOBAL_BASELINE_NO_ENTITY_RANKING,,,NOT_APPLICABLE_GLOBAL_BASELINE,HF9g-P5,,,,X 全窗基线 · 不参与实体赏罚,8394856,840,A168_HF9F_20260827_0900,2026-08-27 09:00:00
2026-04-02,147222744,1306,0,314.1114572154,-261.7595476795,-261.7595476795,0E-7,3,3,0.49771390000000000,0.497713900000,-1.4077622098436522,-1.4077622098436524,-1.4077622098436522,0E-17,ELIGIBLE,R03b_20260811_FULL_v1,L1_ELIGIBILITY,v2026-08-11,2026-03-21..2026-08-06,baccarat_bet02_101_all_pairs_incl_sentinel,round_win = game_pnl > 0 (decisive only),COMPATIBILITY_ONLY_NOT_PRODUCTION,3787.9839,3526.2500,482.9327,125,92,-0.12749071,,-0.12749071,-0.12749071,-482.9327,3787.9839,OK,0.0000,19.3173,4.0000,96.0000,AG03-UNRESOLVED,ALL5_LEVELS_bet23_to_bet27,19.3173,19.3173,19.3173,24.1466,24.1466,4.000000,4.000000,4.000000,5.000000,5.000000,96.000000,96.000000,96.000000,95.000000,95.000000,5.0,106.2452,97.3234,376.6875,385.6093,PENDING_AG03,FALSE,NOT_FOR_ENFORCEMENT,463.6154,3385.2000,482.9327,463.6154,19.3173,0.12749071,0.12239108,19.3173,463.6154,0.12239108,19.3173,19.3173,19.3173,24.1466,24.1466,463.6154,0.12239108,106.2452,97.3234,376.6875,385.6093,0.09944275,0.10179804,0.00509963,30.3039,38.3288,5.2493,160.9776,43.9030,1262.6613,30.6667,,30.3039,12.3472,25.9457,38.9186,52.3519,104.0131,155.4852,25.9457,-5.2352,4.008874,5.99271,1.167972,10,8,6,6,0E-8,0.12749071,,0E-8,0.000000,0.930904,0.000000,,2026-04-02,2026-05-06,3,11,11,35,0.085714,,,0.000000,,,,,,,,GLOBAL_BASELINE_NO_ENTITY_RANKING,,,NOT_APPLICABLE_GLOBAL_BASELINE,HF9g-P5,,,,X 全窗基线 · 不参与实体赏罚,8394857,840,A168_HF9F_20260827_0900,2026-08-27 09:00:00
2026-04-02,147222744,2171,0,688.4276103974,-3E-10,-3E-10,0.6000000,38,10,0.40396601220266540,0.190738653333,1.2633493124777981,3.2941014805175937,1.2633493124777981,0.21322735886966540,ELIGIBLE,R03b_20260811_FULL_v1,L1_ELIGIBILITY,v2026-08-11,2026-03-21..2026-08-06,baccarat_bet02_101_all_pairs_incl_sentinel,round_win = game_pnl > 0 (decisive only),COMPATIBILITY_ONLY_NOT_PRODUCTION,3787.9839,3526.2500,482.9327,125,92,-0.12749071,,-0.12749071,-0.12749071,-482.9327,3787.9839,OK,0.0000,19.3173,4.0000,96.0000,AG03-UNRESOLVED,ALL5_LEVELS_bet23_to_bet27,19.3173,19.3173,19.3173,24.1466,24.1466,4.000000,4.000000,4.000000,5.000000,5.000000,96.000000,96.000000,96.000000,95.000000,95.000000,5.0,106.2452,97.3234,376.6875,385.6093,PENDING_AG03,FALSE,NOT_FOR_ENFORCEMENT,463.6154,3385.2000,482.9327,463.6154,19.3173,0.12749071,0.12239108,19.3173,463.6154,0.12239108,19.3173,19.3173,19.3173,24.1466,24.1466,463.6154,0.12239108,106.2452,97.3234,376.6875,385.6093,0.09944275,0.10179804,0.00509963,30.3039,38.3288,5.2493,160.9776,43.9030,1262.6613,30.6667,,30.3039,12.3472,25.9457,38.9186,52.3519,104.0131,155.4852,25.9457,-5.2352,4.008874,5.99271,1.167972,10,8,6,6,0E-8,0.12749071,,0E-8,0.000000,0.930904,0.000000,,2026-04-02,2026-05-06,3,11,11,35,0.085714,,,0.000000,,,,,,,,GLOBAL_BASELINE_NO_ENTITY_RANKING,,,NOT_APPLICABLE_GLOBAL_BASELINE,HF9g-P5,,,,X 全窗基线 · 不参与实体赏罚,8394858,840,A168_HF9F_20260827_0900,2026-08-27 09:00:00
2026-04-02,147222744,2266,0,550.4803287702,-131.1415333876,-131.1415333876,0.5000000,9,4,0.45574390225102184,0.299455408334,0.17772193302338268,0.8757032815225109,0.17772193302338268,0.15628849391702184,ELIGIBLE,R03b_20260811_FULL_v1,L1_ELIGIBILITY,v2026-08-11,2026-03-21..2026-08-06,baccarat_bet02_101_all_pairs_incl_sentinel,round_win = game_pnl > 0 (decisive only),COMPATIBILITY_ONLY_NOT_PRODUCTION,3787.9839,3526.2500,482.9327,125,92,-0.12749071,,-0.12749071,-0.12749071,-482.9327,3787.9839,OK,0.0000,19.3173,4.0000,96.0000,AG03-UNRESOLVED,ALL5_LEVELS_bet23_to_bet27,19.3173,19.3173,19.3173,24.1466,24.1466,4.000000,4.000000,4.000000,5.000000,5.000000,96.000000,96.000000,96.000000,95.000000,95.000000,5.0,106.2452,97.3234,376.6875,385.6093,PENDING_AG03,FALSE,NOT_FOR_ENFORCEMENT,463.6154,3385.2000,482.9327,463.6154,19.3173,0.12749071,0.12239108,19.3173,463.6154,0.12239108,19.3173,19.3173,19.3173,24.1466,24.1466,463.6154,0.12239108,106.2452,97.3234,376.6875,385.6093,0.09944275,0.10179804,0.00509963,30.3039,38.3288,5.2493,160.9776,43.9030,1262.6613,30.6667,,30.3039,12.3472,25.9457,38.9186,52.3519,104.0131,155.4852,25.9457,-5.2352,4.008874,5.99271,1.167972,10,8,6,6,0E-8,0.12749071,,0E-8,0.000000,0.930904,0.000000,,2026-04-02,2026-05-06,3,11,11,35,0.085714,,,0.000000,,,,,,,,GLOBAL_BASELINE_NO_ENTITY_RANKING,,,NOT_APPLICABLE_GLOBAL_BASELINE,HF9g-P5,,,,X 全窗基线 · 不参与实体赏罚,8394859,840,A168_HF9F_20260827_0900,2026-08-27 09:00:00
2026-05-02,147222744,-1,1,734.2639198795,116.7557469772,116.7557469772,0.5652174,25,25,0.50075241200000000,0.500752412000,0.6183270598947346,0.6183270598947346,0.6183270598947346,0E-17,SENTINEL_DEALER,R03b_20260811_FULL_v1,L1_ELIGIBILITY,v2026-08-11,2026-03-21..2026-08-06,baccarat_bet02_101_all_pairs_incl_sentinel,round_win = game_pnl > 0 (decisive only),COMPATIBILITY_ONLY_NOT_PRODUCTION,3787.9839,3526.2500,482.9327,125,92,-0.12749071,,-0.12749071,-0.12749071,-482.9327,3787.9839,OK,0.0000,19.3173,4.0000,96.0000,AG03-UNRESOLVED,ALL5_LEVELS_bet23_to_bet27,19.3173,19.3173,19.3173,24.1466,24.1466,4.000000,4.000000,4.000000,5.000000,5.000000,96.000000,96.000000,96.000000,95.000000,95.000000,5.0,106.2452,97.3234,376.6875,385.6093,PENDING_AG03,FALSE,NOT_FOR_ENFORCEMENT,463.6154,3385.2000,482.9327,463.6154,19.3173,0.12749071,0.12239108,19.3173,463.6154,0.12239108,19.3173,19.3173,19.3173,24.1466,24.1466,463.6154,0.12239108,106.2452,97.3234,376.6875,385.6093,0.09944275,0.10179804,0.00509963,30.3039,38.3288,5.2493,160.9776,43.9030,1262.6613,30.6667,,30.3039,12.3472,25.9457,38.9186,52.3519,104.0131,155.4852,25.9457,-5.2352,4.008874,5.99271,1.167972,10,8,6,6,0E-8,0.12749071,,0E-8,0.000000,0.930904,0.000000,,2026-04-02,2026-05-06,3,11,11,35,0.085714,,,0.000000,,,,,,,,GLOBAL_BASELINE_NO_ENTITY_RANKING,,,NOT_APPLICABLE_GLOBAL_BASELINE,HF9g-P5,,,,X 全窗基线 · 不参与实体赏罚,8394860,840,A168_HF9F_20260827_0900,2026-08-27 09:00:00
2026-05-02,147222744,1750,0,51.8914431012,25.2970785118,25.2970785118,0.7500000,4,4,0.49994810000000000,0.499948100000,1.0002076053883384,1.0002076053883384,1.0002076053883384,0E-17,ELIGIBLE,R03b_20260811_FULL_v1,L1_ELIGIBILITY,v2026-08-11,2026-03-21..2026-08-06,baccarat_bet02_101_all_pairs_incl_sentinel,round_win = game_pnl > 0 (decisive only),COMPATIBILITY_ONLY_NOT_PRODUCTION,3787.9839,3526.2500,482.9327,125,92,-0.12749071,,-0.12749071,-0.12749071,-482.9327,3787.9839,OK,0.0000,19.3173,4.0000,96.0000,AG03-UNRESOLVED,ALL5_LEVELS_bet23_to_bet27,19.3173,19.3173,19.3173,24.1466,24.1466,4.000000,4.000000,4.000000,5.000000,5.000000,96.000000,96.000000,96.000000,95.000000,95.000000,5.0,106.2452,97.3234,376.6875,385.6093,PENDING_AG03,FALSE,NOT_FOR_ENFORCEMENT,463.6154,3385.2000,482.9327,463.6154,19.3173,0.12749071,0.12239108,19.3173,463.6154,0.12239108,19.3173,19.3173,19.3173,24.1466,24.1466,463.6154,0.12239108,106.2452,97.3234,376.6875,385.6093,0.09944275,0.10179804,0.00509963,30.3039,38.3288,5.2493,160.9776,43.9030,1262.6613,30.6667,,30.3039,12.3472,25.9457,38.9186,52.3519,104.0131,155.4852,25.9457,-5.2352,4.008874,5.99271,1.167972,10,8,6,6,0E-8,0.12749071,,0E-8,0.000000,0.930904,0.000000,,2026-04-02,2026-05-06,3,11,11,35,0.085714,,,0.000000,,,,,,,,GLOBAL_BASELINE_NO_ENTITY_RANKING,,,NOT_APPLICABLE_GLOBAL_BASELINE,HF9g-P5,,,,X 全窗基线 · 不参与实体赏罚,8394861,840,A168_HF9F_20260827_0900,2026-08-27 09:00:00
2026-05-02,147222744,772,0,252.7113279022,-64.7345752685,-64.7345752685,0.4166667,14,14,0.50282064285714286,0.502820642857,-0.5969017541514067,-0.5969017541504159,-0.5969017541514067,1.4286E-13,ELIGIBLE,R03b_20260811_FULL_v1,L1_ELIGIBILITY,v2026-08-11,2026-03-21..2026-08-06,baccarat_bet02_101_all_pairs_incl_sentinel,round_win = game_pnl > 0 (decisive only),COMPATIBILITY_ONLY_NOT_PRODUCTION,3787.9839,3526.2500,482.9327,125,92,-0.12749071,,-0.12749071,-0.12749071,-482.9327,3787.9839,OK,0.0000,19.3173,4.0000,96.0000,AG03-UNRESOLVED,ALL5_LEVELS_bet23_to_bet27,19.3173,19.3173,19.3173,24.1466,24.1466,4.000000,4.000000,4.000000,5.000000,5.000000,96.000000,96.000000,96.000000,95.000000,95.000000,5.0,106.2452,97.3234,376.6875,385.6093,PENDING_AG03,FALSE,NOT_FOR_ENFORCEMENT,463.6154,3385.2000,482.9327,463.6154,19.3173,0.12749071,0.12239108,19.3173,463.6154,0.12239108,19.3173,19.3173,19.3173,24.1466,24.1466,463.6154,0.12239108,106.2452,97.3234,376.6875,385.6093,0.09944275,0.10179804,0.00509963,30.3039,38.3288,5.2493,160.9776,43.9030,1262.6613,30.6667,,30.3039,12.3472,25.9457,38.9186,52.3519,104.0131,155.4852,25.9457,-5.2352,4.008874,5.99271,1.167972,10,8,6,6,0E-8,0.12749071,,0E-8,0.000000,0.930904,0.000000,,2026-04-02,2026-05-06,3,11,11,35,0.085714,,,0.000000,,,,,,,,GLOBAL_BASELINE_NO_ENTITY_RANKING,,,NOT_APPLICABLE_GLOBAL_BASELINE,HF9g-P5,,,,X 全窗基线 · 不参与实体赏罚,8394862,840,A168_HF9F_20260827_0900,2026-08-27 09:00:00
2026-05-06,147222744,-1,1,835.4522339267,14.2701468529,14.2701468529,0.5454545,24,24,0.49827245000000000,0.498272450000,0.44260993008669564,0.44260993008669564,0.44260993008669564,0E-17,SENTINEL_DEALER,R03b_20260811_FULL_v1,L1_ELIGIBILITY,v2026-08-11,2026-03-21..2026-08-06,baccarat_bet02_101_all_pairs_incl_sentinel,round_win = game_pnl > 0 (decisive only),COMPATIBILITY_ONLY_NOT_PRODUCTION,3787.9839,3526.2500,482.9327,125,92,-0.12749071,,-0.12749071,-0.12749071,-482.9327,3787.9839,OK,0.0000,19.3173,4.0000,96.0000,AG03-UNRESOLVED,ALL5_LEVELS_bet23_to_bet27,19.3173,19.3173,19.3173,24.1466,24.1466,4.000000,4.000000,4.000000,5.000000,5.000000,96.000000,96.000000,96.000000,95.000000,95.000000,5.0,106.2452,97.3234,376.6875,385.6093,PENDING_AG03,FALSE,NOT_FOR_ENFORCEMENT,463.6154,3385.2000,482.9327,463.6154,19.3173,0.12749071,0.12239108,19.3173,463.6154,0.12239108,19.3173,19.3173,19.3173,24.1466,24.1466,463.6154,0.12239108,106.2452,97.3234,376.6875,385.6093,0.09944275,0.10179804,0.00509963,30.3039,38.3288,5.2493,160.9776,43.9030,1262.6613,30.6667,,30.3039,12.3472,25.9457,38.9186,52.3519,104.0131,155.4852,25.9457,-5.2352,4.008874,5.99271,1.167972,10,8,6,6,0E-8,0.12749071,,0E-8,0.000000,0.930904,0.000000,,2026-04-02,2026-05-06,3,11,11,35,0.085714,,,0.000000,,,,,,,,GLOBAL_BASELINE_NO_ENTITY_RANKING,,,NOT_APPLICABLE_GLOBAL_BASELINE,HF9g-P5,,,,X 全窗基线 · 不参与实体赏罚,8394863,840,A168_HF9F_20260827_0900,2026-08-27 09:00:00
2026-05-06,147222744,1509,0,311.3486586063,-181.6200508537,-181.6200508537,0.2000000,5,5,0.49860758000000000,0.498607580000,-1.3354188732730328,-1.3354188732730328,-1.3354188732730328,0E-17,ELIGIBLE,R03b_20260811_FULL_v1,L1_ELIGIBILITY,v2026-08-11,2026-03-21..2026-08-06,baccarat_bet02_101_all_pairs_incl_sentinel,round_win = game_pnl > 0 (decisive only),COMPATIBILITY_ONLY_NOT_PRODUCTION,3787.9839,3526.2500,482.9327,125,92,-0.12749071,,-0.12749071,-0.12749071,-482.9327,3787.9839,OK,0.0000,19.3173,4.0000,96.0000,AG03-UNRESOLVED,ALL5_LEVELS_bet23_to_bet27,19.3173,19.3173,19.3173,24.1466,24.1466,4.000000,4.000000,4.000000,5.000000,5.000000,96.000000,96.000000,96.000000,95.000000,95.000000,5.0,106.2452,97.3234,376.6875,385.6093,PENDING_AG03,FALSE,NOT_FOR_ENFORCEMENT,463.6154,3385.2000,482.9327,463.6154,19.3173,0.12749071,0.12239108,19.3173,463.6154,0.12239108,19.3173,19.3173,19.3173,24.1466,24.1466,463.6154,0.12239108,106.2452,97.3234,376.6875,385.6093,0.09944275,0.10179804,0.00509963,30.3039,38.3288,5.2493,160.9776,43.9030,1262.6613,30.6667,,30.3039,12.3472,25.9457,38.9186,52.3519,104.0131,155.4852,25.9457,-5.2352,4.008874,5.99271,1.167972,10,8,6,6,0E-8,0.12749071,,0E-8,0.000000,0.930904,0.000000,,2026-04-02,2026-05-06,3,11,11,35,0.085714,,,0.000000,,,,,,,,GLOBAL_BASELINE_NO_ENTITY_RANKING,,,NOT_APPLICABLE_GLOBAL_BASELINE,HF9g-P5,,,,X 全窗基线 · 不参与实体赏罚,8394864,840,A168_HF9F_20260827_0900,2026-08-27 09:00:00
2026-05-06,147222744,1710,0,49.2968709461,0E-10,0E-10,0.5000000,3,3,0.49324550000000000,0.493245500000,0.01910635448239258,0.01910635448239258,0.01910635448239258,0E-17,ELIGIBLE,R03b_20260811_FULL_v1,L1_ELIGIBILITY,v2026-08-11,2026-03-21..2026-08-06,baccarat_bet02_101_all_pairs_incl_sentinel,round_win = game_pnl > 0 (decisive only),COMPATIBILITY_ONLY_NOT_PRODUCTION,3787.9839,3526.2500,482.9327,125,92,-0.12749071,,-0.12749071,-0.12749071,-482.9327,3787.9839,OK,0.0000,19.3173,4.0000,96.0000,AG03-UNRESOLVED,ALL5_LEVELS_bet23_to_bet27,19.3173,19.3173,19.3173,24.1466,24.1466,4.000000,4.000000,4.000000,5.000000,5.000000,96.000000,96.000000,96.000000,95.000000,95.000000,5.0,106.2452,97.3234,376.6875,385.6093,PENDING_AG03,FALSE,NOT_FOR_ENFORCEMENT,463.6154,3385.2000,482.9327,463.6154,19.3173,0.12749071,0.12239108,19.3173,463.6154,0.12239108,19.3173,19.3173,19.3173,24.1466,24.1466,463.6154,0.12239108,106.2452,97.3234,376.6875,385.6093,0.09944275,0.10179804,0.00509963,30.3039,38.3288,5.2493,160.9776,43.9030,1262.6613,30.6667,,30.3039,12.3472,25.9457,38.9186,52.3519,104.0131,155.4852,25.9457,-5.2352,4.008874,5.99271,1.167972,10,8,6,6,0E-8,0.12749071,,0E-8,0.000000,0.930904,0.000000,,2026-04-02,2026-05-06,3,11,11,35,0.085714,,,0.000000,,,,,,,,GLOBAL_BASELINE_NO_ENTITY_RANKING,,,NOT_APPLICABLE_GLOBAL_BASELINE,HF9g-P5,,,,X 全窗基线 · 不参与实体赏罚,8394865,840,A168_HF9F_20260827_0900,2026-08-27 09:00:00
2026-05-28,87455840,-1,1,870.0000000000,-363.0000000000,-363.0000000000,0.3333333,3,3,0.50665070000000000,0.506650700000,-0.6004420894325239,-0.6004420894325239,-0.6004420894325239,0E-17,SENTINEL_DEALER,R03b_20260811_FULL_v1,L1_ELIGIBILITY,v2026-08-11,2026-03-21..2026-08-06,baccarat_bet02_101_all_pairs_incl_sentinel,round_win = game_pnl > 0 (decisive only),COMPATIBILITY_ONLY_NOT_PRODUCTION,57612.0000,50982.0000,482.9500,179,179,-0.00838280,0.04217715,-0.23523810,-0.00838280,-482.9500,57612.0000,OK,0.0000,19.3180,4.0000,96.0000,AG03-UNRESOLVED,ALL5_LEVELS_bet23_to_bet27,19.3180,19.3180,19.3180,0.0000,0.0000,4.000000,4.000000,4.000000,0.000000,0.000000,96.000000,96.000000,96.000000,100.000000,100.000000,5.0,57.9540,55.6667,424.9960,427.2833,PENDING_AG03,FALSE,NOT_FOR_ENFORCEMENT,463.6320,48942.7200,482.9500,463.6320,19.3180,0.00838280,0.00804749,19.3180,463.6320,0.00804749,19.3180,19.3180,19.3180,0.0000,0.0000,463.6320,0.00804749,57.9540,55.6667,424.9960,427.2833,0.00737687,0.00741657,0.00033531,321.8547,284.8156,2.6980,43.9045,5.3071,5237.4545,16.2727,320.4898,328.1250,200.0,210.0,500.0,532.3996,838.5002,1000.0,200.0,0.0,3.992858,4.761905,1.532642,29,51,12,2,0.81774630,0.00838280,-0.04217715,0E-8,0.000000,0.884920,0.000000,0.27741525,2026-05-28,2026-08-05,11,91,84,70,0.157143,0.976731,0.995759,2.725821,,,,,,,,GLOBAL_BASELINE_NO_ENTITY_RANKING,,,NOT_APPLICABLE_GLOBAL_BASELINE,HF9g-P5,,,,X 全窗基线 · 不参与实体赏罚,8394866,840,A168_HF9F_20260827_0900,2026-08-27 09:00:00
2026-05-28,87455840,1210,0,100.0000000000,0E-10,0E-10,,1,1,0.50665070000000000,0.506650700000,,,,0E-17,NO_DECISIVE_ROUND,R03b_20260811_FULL_v1,L1_ELIGIBILITY,v2026-08-11,2026-03-21..2026-08-06,baccarat_bet02_101_all_pairs_incl_sentinel,round_win = game_pnl > 0 (decisive only),COMPATIBILITY_ONLY_NOT_PRODUCTION,57612.0000,50982.0000,482.9500,179,179,-0.00838280,0.04217715,-0.23523810,-0.00838280,-482.9500,57612.0000,OK,0.0000,19.3180,4.0000,96.0000,AG03-UNRESOLVED,ALL5_LEVELS_bet23_to_bet27,19.3180,19.3180,19.3180,0.0000,0.0000,4.000000,4.000000,4.000000,0.000000,0.000000,96.000000,96.000000,96.000000,100.000000,100.000000,5.0,57.9540,55.6667,424.9960,427.2833,PENDING_AG03,FALSE,NOT_FOR_ENFORCEMENT,463.6320,48942.7200,482.9500,463.6320,19.3180,0.00838280,0.00804749,19.3180,463.6320,0.00804749,19.3180,19.3180,19.3180,0.0000,0.0000,463.6320,0.00804749,57.9540,55.6667,424.9960,427.2833,0.00737687,0.00741657,0.00033531,321.8547,284.8156,2.6980,43.9045,5.3071,5237.4545,16.2727,320.4898,328.1250,200.0,210.0,500.0,532.3996,838.5002,1000.0,200.0,0.0,3.992858,4.761905,1.532642,29,51,12,2,0.81774630,0.00838280,-0.04217715,0E-8,0.000000,0.884920,0.000000,0.27741525,2026-05-28,2026-08-05,11,91,84,70,0.157143,0.976731,0.995759,2.725821,,,,,,,,GLOBAL_BASELINE_NO_ENTITY_RANKING,,,NOT_APPLICABLE_GLOBAL_BASELINE,HF9g-P5,,,,X 全窗基线 · 不参与实体赏罚,8394867,840,A168_HF9F_20260827_0900,2026-08-27 09:00:00
2026-05-28,87455840,1299,0,200.0000000000,0E-10,0E-10,,1,1,0.50665070000000000,0.506650700000,,,,0E-17,NO_DECISIVE_ROUND,R03b_20260811_FULL_v1,L1_ELIGIBILITY,v2026-08-11,2026-03-21..2026-08-06,baccarat_bet02_101_all_pairs_incl_sentinel,round_win = game_pnl > 0 (decisive only),COMPATIBILITY_ONLY_NOT_PRODUCTION,57612.0000,50982.0000,482.9500,179,179,-0.00838280,0.04217715,-0.23523810,-0.00838280,-482.9500,57612.0000,OK,0.0000,19.3180,4.0000,96.0000,AG03-UNRESOLVED,ALL5_LEVELS_bet23_to_bet27,19.3180,19.3180,19.3180,0.0000,0.0000,4.000000,4.000000,4.000000,0.000000,0.000000,96.000000,96.000000,96.000000,100.000000,100.000000,5.0,57.9540,55.6667,424.9960,427.2833,PENDING_AG03,FALSE,NOT_FOR_ENFORCEMENT,463.6320,48942.7200,482.9500,463.6320,19.3180,0.00838280,0.00804749,19.3180,463.6320,0.00804749,19.3180,19.3180,19.3180,0.0000,0.0000,463.6320,0.00804749,57.9540,55.6667,424.9960,427.2833,0.00737687,0.00741657,0.00033531,321.8547,284.8156,2.6980,43.9045,5.3071,5237.4545,16.2727,320.4898,328.1250,200.0,210.0,500.0,532.3996,838.5002,1000.0,200.0,0.0,3.992858,4.761905,1.532642,29,51,12,2,0.81774630,0.00838280,-0.04217715,0E-8,0.000000,0.884920,0.000000,0.27741525,2026-05-28,2026-08-05,11,91,84,70,0.157143,0.976731,0.995759,2.725821,,,,,,,,GLOBAL_BASELINE_NO_ENTITY_RANKING,,,NOT_APPLICABLE_GLOBAL_BASELINE,HF9g-P5,,,,X 全窗基线 · 不参与实体赏罚,8394868,840,A168_HF9F_20260827_0900,2026-08-27 09:00:00
2026-05-28,87455840,1750,0,600.0000000000,-210.0000000000,-210.0000000000,0.5000000,2,2,0.50665070000000000,0.506650700000,-0.018812684590367487,-0.018812684590367487,-0.018812684590367487,0E-17,ELIGIBLE,R03b_20260811_FULL_v1,L1_ELIGIBILITY,v2026-08-11,2026-03-21..2026-08-06,baccarat_bet02_101_all_pairs_incl_sentinel,round_win = game_pnl > 0 (decisive only),COMPATIBILITY_ONLY_NOT_PRODUCTION,57612.0000,50982.0000,482.9500,179,179,-0.00838280,0.04217715,-0.23523810,-0.00838280,-482.9500,57612.0000,OK,0.0000,19.3180,4.0000,96.0000,AG03-UNRESOLVED,ALL5_LEVELS_bet23_to_bet27,19.3180,19.3180,19.3180,0.0000,0.0000,4.000000,4.000000,4.000000,0.000000,0.000000,96.000000,96.000000,96.000000,100.000000,100.000000,5.0,57.9540,55.6667,424.9960,427.2833,PENDING_AG03,FALSE,NOT_FOR_ENFORCEMENT,463.6320,48942.7200,482.9500,463.6320,19.3180,0.00838280,0.00804749,19.3180,463.6320,0.00804749,19.3180,19.3180,19.3180,0.0000,0.0000,463.6320,0.00804749,57.9540,55.6667,424.9960,427.2833,0.00737687,0.00741657,0.00033531,321.8547,284.8156,2.6980,43.9045,5.3071,5237.4545,16.2727,320.4898,328.1250,200.0,210.0,500.0,532.3996,838.5002,1000.0,200.0,0.0,3.992858,4.761905,1.532642,29,51,12,2,0.81774630,0.00838280,-0.04217715,0E-8,0.000000,0.884920,0.000000,0.27741525,2026-05-28,2026-08-05,11,91,84,70,0.157143,0.976731,0.995759,2.725821,,,,,,,,GLOBAL_BASELINE_NO_ENTITY_RANKING,,,NOT_APPLICABLE_GLOBAL_BASELINE,HF9g-P5,,,,X 全窗基线 · 不参与实体赏罚,8394869,840,A168_HF9F_20260827_0900,2026-08-27 09:00:00
2026-05-28,87455840,1990,0,160.0000000000,-160.0000000000,-160.0000000000,0E-7,1,1,0.50665070000000000,0.506650700000,-1.013391052207602,-1.013391052207602,-1.013391052207602,0E-17,ELIGIBLE,R03b_20260811_FULL_v1,L1_ELIGIBILITY,v2026-08-11,2026-03-21..2026-08-06,baccarat_bet02_101_all_pairs_incl_sentinel,round_win = game_pnl > 0 (decisive only),COMPATIBILITY_ONLY_NOT_PRODUCTION,57612.0000,50982.0000,482.9500,179,179,-0.00838280,0.04217715,-0.23523810,-0.00838280,-482.9500,57612.0000,OK,0.0000,19.3180,4.0000,96.0000,AG03-UNRESOLVED,ALL5_LEVELS_bet23_to_bet27,19.3180,19.3180,19.3180,0.0000,0.0000,4.000000,4.000000,4.000000,0.000000,0.000000,96.000000,96.000000,96.000000,100.000000,100.000000,5.0,57.9540,55.6667,424.9960,427.2833,PENDING_AG03,FALSE,NOT_FOR_ENFORCEMENT,463.6320,48942.7200,482.9500,463.6320,19.3180,0.00838280,0.00804749,19.3180,463.6320,0.00804749,19.3180,19.3180,19.3180,0.0000,0.0000,463.6320,0.00804749,57.9540,55.6667,424.9960,427.2833,0.00737687,0.00741657,0.00033531,321.8547,284.8156,2.6980,43.9045,5.3071,5237.4545,16.2727,320.4898,328.1250,200.0,210.0,500.0,532.3996,838.5002,1000.0,200.0,0.0,3.992858,4.761905,1.532642,29,51,12,2,0.81774630,0.00838280,-0.04217715,0E-8,0.000000,0.884920,0.000000,0.27741525,2026-05-28,2026-08-05,11,91,84,70,0.157143,0.976731,0.995759,2.725821,,,,,,,,GLOBAL_BASELINE_NO_ENTITY_RANKING,,,NOT_APPLICABLE_GLOBAL_BASELINE,HF9g-P5,,,,X 全窗基线 · 不参与实体赏罚,8394870,840,A168_HF9F_20260827_0900,2026-08-27 09:00:00
2026-05-28,87455840,2093,0,600.0000000000,-300.0000000000,-300.0000000000,0E-7,2,2,0.50665070000000000,0.506650700000,-1.013391052207602,-1.013391052207602,-1.013391052207602,0E-17,ELIGIBLE,R03b_20260811_FULL_v1,L1_ELIGIBILITY,v2026-08-11,2026-03-21..2026-08-06,baccarat_bet02_101_all_pairs_incl_sentinel,round_win = game_pnl > 0 (decisive only),COMPATIBILITY_ONLY_NOT_PRODUCTION,57612.0000,50982.0000,482.9500,179,179,-0.00838280,0.04217715,-0.23523810,-0.00838280,-482.9500,57612.0000,OK,0.0000,19.3180,4.0000,96.0000,AG03-UNRESOLVED,ALL5_LEVELS_bet23_to_bet27,19.3180,19.3180,19.3180,0.0000,0.0000,4.000000,4.000000,4.000000,0.000000,0.000000,96.000000,96.000000,96.000000,100.000000,100.000000,5.0,57.9540,55.6667,424.9960,427.2833,PENDING_AG03,FALSE,NOT_FOR_ENFORCEMENT,463.6320,48942.7200,482.9500,463.6320,19.3180,0.00838280,0.00804749,19.3180,463.6320,0.00804749,19.3180,19.3180,19.3180,0.0000,0.0000,463.6320,0.00804749,57.9540,55.6667,424.9960,427.2833,0.00737687,0.00741657,0.00033531,321.8547,284.8156,2.6980,43.9045,5.3071,5237.4545,16.2727,320.4898,328.1250,200.0,210.0,500.0,532.3996,838.5002,1000.0,200.0,0.0,3.992858,4.761905,1.532642,29,51,12,2,0.81774630,0.00838280,-0.04217715,0E-8,0.000000,0.884920,0.000000,0.27741525,2026-05-28,2026-08-05,11,91,84,70,0.157143,0.976731,0.995759,2.725821,,,,,,,,GLOBAL_BASELINE_NO_ENTITY_RANKING,,,NOT_APPLICABLE_GLOBAL_BASELINE,HF9g-P5,,,,X 全窗基线 · 不参与实体赏罚,8394871,840,A168_HF9F_20260827_0900,2026-08-27 09:00:00
2026-05-28,87455840,2123,0,200.0000000000,-200.0000000000,-200.0000000000,0E-7,1,1,0.50665070000000000,0.506650700000,-1.013391052207602,-1.013391052207602,-1.013391052207602,0E-17,ELIGIBLE,R03b_20260811_FULL_v1,L1_ELIGIBILITY,v2026-08-11,2026-03-21..2026-08-06,baccarat_bet02_101_all_pairs_incl_sentinel,round_win = game_pnl > 0 (decisive only),COMPATIBILITY_ONLY_NOT_PRODUCTION,57612.0000,50982.0000,482.9500,179,179,-0.00838280,0.04217715,-0.23523810,-0.00838280,-482.9500,57612.0000,OK,0.0000,19.3180,4.0000,96.0000,AG03-UNRESOLVED,ALL5_LEVELS_bet23_to_bet27,19.3180,19.3180,19.3180,0.0000,0.0000,4.000000,4.000000,4.000000,0.000000,0.000000,96.000000,96.000000,96.000000,100.000000,100.000000,5.0,57.9540,55.6667,424.9960,427.2833,PENDING_AG03,FALSE,NOT_FOR_ENFORCEMENT,463.6320,48942.7200,482.9500,463.6320,19.3180,0.00838280,0.00804749,19.3180,463.6320,0.00804749,19.3180,19.3180,19.3180,0.0000,0.0000,463.6320,0.00804749,57.9540,55.6667,424.9960,427.2833,0.00737687,0.00741657,0.00033531,321.8547,284.8156,2.6980,43.9045,5.3071,5237.4545,16.2727,320.4898,328.1250,200.0,210.0,500.0,532.3996,838.5002,1000.0,200.0,0.0,3.992858,4.761905,1.532642,29,51,12,2,0.81774630,0.00838280,-0.04217715,0E-8,0.000000,0.884920,0.000000,0.27741525,2026-05-28,2026-08-05,11,91,84,70,0.157143,0.976731,0.995759,2.725821,,,,,,,,GLOBAL_BASELINE_NO_ENTITY_RANKING,,,NOT_APPLICABLE_GLOBAL_BASELINE,HF9g-P5,,,,X 全窗基线 · 不参与实体赏罚,8394872,840,A168_HF9F_20260827_0900,2026-08-27 09:00:00
2026-05-28,87455840,2212,0,890.0000000000,-129.5000000000,-129.5000000000,0.5000000,2,2,0.50665070000000000,0.506650700000,-0.018812684590367487,-0.018812684590367487,-0.018812684590367487,0E-17,ELIGIBLE,R03b_20260811_FULL_v1,L1_ELIGIBILITY,v2026-08-11,2026-03-21..2026-08-06,baccarat_bet02_101_all_pairs_incl_sentinel,round_win = game_pnl > 0 (decisive only),COMPATIBILITY_ONLY_NOT_PRODUCTION,57612.0000,50982.0000,482.9500,179,179,-0.00838280,0.04217715,-0.23523810,-0.00838280,-482.9500,57612.0000,OK,0.0000,19.3180,4.0000,96.0000,AG03-UNRESOLVED,ALL5_LEVELS_bet23_to_bet27,19.3180,19.3180,19.3180,0.0000,0.0000,4.000000,4.000000,4.000000,0.000000,0.000000,96.000000,96.000000,96.000000,100.000000,100.000000,5.0,57.9540,55.6667,424.9960,427.2833,PENDING_AG03,FALSE,NOT_FOR_ENFORCEMENT,463.6320,48942.7200,482.9500,463.6320,19.3180,0.00838280,0.00804749,19.3180,463.6320,0.00804749,19.3180,19.3180,19.3180,0.0000,0.0000,463.6320,0.00804749,57.9540,55.6667,424.9960,427.2833,0.00737687,0.00741657,0.00033531,321.8547,284.8156,2.6980,43.9045,5.3071,5237.4545,16.2727,320.4898,328.1250,200.0,210.0,500.0,532.3996,838.5002,1000.0,200.0,0.0,3.992858,4.761905,1.532642,29,51,12,2,0.81774630,0.00838280,-0.04217715,0E-8,0.000000,0.884920,0.000000,0.27741525,2026-05-28,2026-08-05,11,91,84,70,0.157143,0.976731,0.995759,2.725821,,,,,,,,GLOBAL_BASELINE_NO_ENTITY_RANKING,,,NOT_APPLICABLE_GLOBAL_BASELINE,HF9g-P5,,,,X 全窗基线 · 不参与实体赏罚,8394873,840,A168_HF9F_20260827_0900,2026-08-27 09:00:00
2026-05-28,87455840,2256,0,570.0000000000,-180.0000000000,-180.0000000000,0.3333333,3,3,0.50218230000000000,0.502182300000,-0.5849155494134425,-0.5849155494134426,-0.5849155494134425,0E-17,ELIGIBLE,R03b_20260811_FULL_v1,L1_ELIGIBILITY,v2026-08-11,2026-03-21..2026-08-06,baccarat_bet02_101_all_pairs_incl_sentinel,round_win = game_pnl > 0 (decisive only),COMPATIBILITY_ONLY_NOT_PRODUCTION,57612.0000,50982.0000,482.9500,179,179,-0.00838280,0.04217715,-0.23523810,-0.00838280,-482.9500,57612.0000,OK,0.0000,19.3180,4.0000,96.0000,AG03-UNRESOLVED,ALL5_LEVELS_bet23_to_bet27,19.3180,19.3180,19.3180,0.0000,0.0000,4.000000,4.000000,4.000000,0.000000,0.000000,96.000000,96.000000,96.000000,100.000000,100.000000,5.0,57.9540,55.6667,424.9960,427.2833,PENDING_AG03,FALSE,NOT_FOR_ENFORCEMENT,463.6320,48942.7200,482.9500,463.6320,19.3180,0.00838280,0.00804749,19.3180,463.6320,0.00804749,19.3180,19.3180,19.3180,0.0000,0.0000,463.6320,0.00804749,57.9540,55.6667,424.9960,427.2833,0.00737687,0.00741657,0.00033531,321.8547,284.8156,2.6980,43.9045,5.3071,5237.4545,16.2727,320.4898,328.1250,200.0,210.0,500.0,532.3996,838.5002,1000.0,200.0,0.0,3.992858,4.761905,1.532642,29,51,12,2,0.81774630,0.00838280,-0.04217715,0E-8,0.000000,0.884920,0.000000,0.27741525,2026-05-28,2026-08-05,11,91,84,70,0.157143,0.976731,0.995759,2.725821,,,,,,,,GLOBAL_BASELINE_NO_ENTITY_RANKING,,,NOT_APPLICABLE_GLOBAL_BASELINE,HF9g-P5,,,,X 全窗基线 · 不参与实体赏罚,8394874,840,A168_HF9F_20260827_0900,2026-08-27 09:00:00
2026-06-17,87455840,1401,0,200.0000000000,-200.0000000000,-200.0000000000,0E-7,1,1,0.50665070000000000,0.506650700000,-1.013391052207602,-1.013391052207602,-1.013391052207602,0E-17,ELIGIBLE,R03b_20260811_FULL_v1,L1_ELIGIBILITY,v2026-08-11,2026-03-21..2026-08-06,baccarat_bet02_101_all_pairs_incl_sentinel,round_win = game_pnl > 0 (decisive only),COMPATIBILITY_ONLY_NOT_PRODUCTION,57612.0000,50982.0000,482.9500,179,179,-0.00838280,0.04217715,-0.23523810,-0.00838280,-482.9500,57612.0000,OK,0.0000,19.3180,4.0000,96.0000,AG03-UNRESOLVED,ALL5_LEVELS_bet23_to_bet27,19.3180,19.3180,19.3180,0.0000,0.0000,4.000000,4.000000,4.000000,0.000000,0.000000,96.000000,96.000000,96.000000,100.000000,100.000000,5.0,57.9540,55.6667,424.9960,427.2833,PENDING_AG03,FALSE,NOT_FOR_ENFORCEMENT,463.6320,48942.7200,482.9500,463.6320,19.3180,0.00838280,0.00804749,19.3180,463.6320,0.00804749,19.3180,19.3180,19.3180,0.0000,0.0000,463.6320,0.00804749,57.9540,55.6667,424.9960,427.2833,0.00737687,0.00741657,0.00033531,321.8547,284.8156,2.6980,43.9045,5.3071,5237.4545,16.2727,320.4898,328.1250,200.0,210.0,500.0,532.3996,838.5002,1000.0,200.0,0.0,3.992858,4.761905,1.532642,29,51,12,2,0.81774630,0.00838280,-0.04217715,0E-8,0.000000,0.884920,0.000000,0.27741525,2026-05-28,2026-08-05,11,91,84,70,0.157143,0.976731,0.995759,2.725821,,,,,,,,GLOBAL_BASELINE_NO_ENTITY_RANKING,,,NOT_APPLICABLE_GLOBAL_BASELINE,HF9g-P5,,,,X 全窗基线 · 不参与实体赏罚,8394875,840,A168_HF9F_20260827_0900,2026-08-27 09:00:00
2026-06-17,87455840,1966,0,580.0000000000,5.0000000000,5.0000000000,0.5000000,2,2,0.50665070000000000,0.506650700000,-0.018812684590367487,-0.018812684590367487,-0.018812684590367487,0E-17,ELIGIBLE,R03b_20260811_FULL_v1,L1_ELIGIBILITY,v2026-08-11,2026-03-21..2026-08-06,baccarat_bet02_101_all_pairs_incl_sentinel,round_win = game_pnl > 0 (decisive only),COMPATIBILITY_ONLY_NOT_PRODUCTION,57612.0000,50982.0000,482.9500,179,179,-0.00838280,0.04217715,-0.23523810,-0.00838280,-482.9500,57612.0000,OK,0.0000,19.3180,4.0000,96.0000,AG03-UNRESOLVED,ALL5_LEVELS_bet23_to_bet27,19.3180,19.3180,19.3180,0.0000,0.0000,4.000000,4.000000,4.000000,0.000000,0.000000,96.000000,96.000000,96.000000,100.000000,100.000000,5.0,57.9540,55.6667,424.9960,427.2833,PENDING_AG03,FALSE,NOT_FOR_ENFORCEMENT,463.6320,48942.7200,482.9500,463.6320,19.3180,0.00838280,0.00804749,19.3180,463.6320,0.00804749,19.3180,19.3180,19.3180,0.0000,0.0000,463.6320,0.00804749,57.9540,55.6667,424.9960,427.2833,0.00737687,0.00741657,0.00033531,321.8547,284.8156,2.6980,43.9045,5.3071,5237.4545,16.2727,320.4898,328.1250,200.0,210.0,500.0,532.3996,838.5002,1000.0,200.0,0.0,3.992858,4.761905,1.532642,29,51,12,2,0.81774630,0.00838280,-0.04217715,0E-8,0.000000,0.884920,0.000000,0.27741525,2026-05-28,2026-08-05,11,91,84,70,0.157143,0.976731,0.995759,2.725821,,,,,,,,GLOBAL_BASELINE_NO_ENTITY_RANKING,,,NOT_APPLICABLE_GLOBAL_BASELINE,HF9g-P5,,,,X 全窗基线 · 不参与实体赏罚,8394876,840,A168_HF9F_20260827_0900,2026-08-27 09:00:00
2026-06-22,87455840,-1,1,2000.0000000000,-2000.0000000000,-2000.0000000000,0E-7,4,4,0.49659680000000000,0.496596800000,-1.9864332133590707,-1.986433213359071,-1.9864332133590707,0E-17,SENTINEL_DEALER,R03b_20260811_FULL_v1,L1_ELIGIBILITY,v2026-08-11,2026-03-21..2026-08-06,baccarat_bet02_101_all_pairs_incl_sentinel,round_win = game_pnl > 0 (decisive only),COMPATIBILITY_ONLY_NOT_PRODUCTION,57612.0000,50982.0000,482.9500,179,179,-0.00838280,0.04217715,-0.23523810,-0.00838280,-482.9500,57612.0000,OK,0.0000,19.3180,4.0000,96.0000,AG03-UNRESOLVED,ALL5_LEVELS_bet23_to_bet27,19.3180,19.3180,19.3180,0.0000,0.0000,4.000000,4.000000,4.000000,0.000000,0.000000,96.000000,96.000000,96.000000,100.000000,100.000000,5.0,57.9540,55.6667,424.9960,427.2833,PENDING_AG03,FALSE,NOT_FOR_ENFORCEMENT,463.6320,48942.7200,482.9500,463.6320,19.3180,0.00838280,0.00804749,19.3180,463.6320,0.00804749,19.3180,19.3180,19.3180,0.0000,0.0000,463.6320,0.00804749,57.9540,55.6667,424.9960,427.2833,0.00737687,0.00741657,0.00033531,321.8547,284.8156,2.6980,43.9045,5.3071,5237.4545,16.2727,320.4898,328.1250,200.0,210.0,500.0,532.3996,838.5002,1000.0,200.0,0.0,3.992858,4.761905,1.532642,29,51,12,2,0.81774630,0.00838280,-0.04217715,0E-8,0.000000,0.884920,0.000000,0.27741525,2026-05-28,2026-08-05,11,91,84,70,0.157143,0.976731,0.995759,2.725821,,,,,,,,GLOBAL_BASELINE_NO_ENTITY_RANKING,,,NOT_APPLICABLE_GLOBAL_BASELINE,HF9g-P5,,,,X 全窗基线 · 不参与实体赏罚,8394877,840,A168_HF9F_20260827_0900,2026-08-27 09:00:00
2026-06-22,87455840,1374,0,500.0000000000,475.0000000000,475.0000000000,1.0000000,1,1,0.50665070000000000,0.506650700000,0.9867858985152569,0.9867858985152569,0.9867858985152569,0E-17,ELIGIBLE,R03b_20260811_FULL_v1,L1_ELIGIBILITY,v2026-08-11,2026-03-21..2026-08-06,baccarat_bet02_101_all_pairs_incl_sentinel,round_win = game_pnl > 0 (decisive only),COMPATIBILITY_ONLY_NOT_PRODUCTION,57612.0000,50982.0000,482.9500,179,179,-0.00838280,0.04217715,-0.23523810,-0.00838280,-482.9500,57612.0000,OK,0.0000,19.3180,4.0000,96.0000,AG03-UNRESOLVED,ALL5_LEVELS_bet23_to_bet27,19.3180,19.3180,19.3180,0.0000,0.0000,4.000000,4.000000,4.000000,0.000000,0.000000,96.000000,96.000000,96.000000,100.000000,100.000000,5.0,57.9540,55.6667,424.9960,427.2833,PENDING_AG03,FALSE,NOT_FOR_ENFORCEMENT,463.6320,48942.7200,482.9500,463.6320,19.3180,0.00838280,0.00804749,19.3180,463.6320,0.00804749,19.3180,19.3180,19.3180,0.0000,0.0000,463.6320,0.00804749,57.9540,55.6667,424.9960,427.2833,0.00737687,0.00741657,0.00033531,321.8547,284.8156,2.6980,43.9045,5.3071,5237.4545,16.2727,320.4898,328.1250,200.0,210.0,500.0,532.3996,838.5002,1000.0,200.0,0.0,3.992858,4.761905,1.532642,29,51,12,2,0.81774630,0.00838280,-0.04217715,0E-8,0.000000,0.884920,0.000000,0.27741525,2026-05-28,2026-08-05,11,91,84,70,0.157143,0.976731,0.995759,2.725821,,,,,,,,GLOBAL_BASELINE_NO_ENTITY_RANKING,,,NOT_APPLICABLE_GLOBAL_BASELINE,HF9g-P5,,,,X 全窗基线 · 不参与实体赏罚,8394878,840,A168_HF9F_20260827_0900,2026-08-27 09:00:00
2026-06-22,87455840,2121,0,200.0000000000,-200.0000000000,-200.0000000000,0E-7,1,1,0.50665070000000000,0.506650700000,-1.013391052207602,-1.013391052207602,-1.013391052207602,0E-17,ELIGIBLE,R03b_20260811_FULL_v1,L1_ELIGIBILITY,v2026-08-11,2026-03-21..2026-08-06,baccarat_bet02_101_all_pairs_incl_sentinel,round_win = game_pnl > 0 (decisive only),COMPATIBILITY_ONLY_NOT_PRODUCTION,57612.0000,50982.0000,482.9500,179,179,-0.00838280,0.04217715,-0.23523810,-0.00838280,-482.9500,57612.0000,OK,0.0000,19.3180,4.0000,96.0000,AG03-UNRESOLVED,ALL5_LEVELS_bet23_to_bet27,19.3180,19.3180,19.3180,0.0000,0.0000,4.000000,4.000000,4.000000,0.000000,0.000000,96.000000,96.000000,96.000000,100.000000,100.000000,5.0,57.9540,55.6667,424.9960,427.2833,PENDING_AG03,FALSE,NOT_FOR_ENFORCEMENT,463.6320,48942.7200,482.9500,463.6320,19.3180,0.00838280,0.00804749,19.3180,463.6320,0.00804749,19.3180,19.3180,19.3180,0.0000,0.0000,463.6320,0.00804749,57.9540,55.6667,424.9960,427.2833,0.00737687,0.00741657,0.00033531,321.8547,284.8156,2.6980,43.9045,5.3071,5237.4545,16.2727,320.4898,328.1250,200.0,210.0,500.0,532.3996,838.5002,1000.0,200.0,0.0,3.992858,4.761905,1.532642,29,51,12,2,0.81774630,0.00838280,-0.04217715,0E-8,0.000000,0.884920,0.000000,0.27741525,2026-05-28,2026-08-05,11,91,84,70,0.157143,0.976731,0.995759,2.725821,,,,,,,,GLOBAL_BASELINE_NO_ENTITY_RANKING,,,NOT_APPLICABLE_GLOBAL_BASELINE,HF9g-P5,,,,X 全窗基线 · 不参与实体赏罚,8394879,840,A168_HF9F_20260827_0900,2026-08-27 09:00:00
2026-06-22,87455840,2278,0,500.0000000000,475.0000000000,475.0000000000,1.0000000,1,1,0.50665070000000000,0.506650700000,0.9867858985152569,0.9867858985152569,0.9867858985152569,0E-17,ELIGIBLE,R03b_20260811_FULL_v1,L1_ELIGIBILITY,v2026-08-11,2026-03-21..2026-08-06,baccarat_bet02_101_all_pairs_incl_sentinel,round_win = game_pnl > 0 (decisive only),COMPATIBILITY_ONLY_NOT_PRODUCTION,57612.0000,50982.0000,482.9500,179,179,-0.00838280,0.04217715,-0.23523810,-0.00838280,-482.9500,57612.0000,OK,0.0000,19.3180,4.0000,96.0000,AG03-UNRESOLVED,ALL5_LEVELS_bet23_to_bet27,19.3180,19.3180,19.3180,0.0000,0.0000,4.000000,4.000000,4.000000,0.000000,0.000000,96.000000,96.000000,96.000000,100.000000,100.000000,5.0,57.9540,55.6667,424.9960,427.2833,PENDING_AG03,FALSE,NOT_FOR_ENFORCEMENT,463.6320,48942.7200,482.9500,463.6320,19.3180,0.00838280,0.00804749,19.3180,463.6320,0.00804749,19.3180,19.3180,19.3180,0.0000,0.0000,463.6320,0.00804749,57.9540,55.6667,424.9960,427.2833,0.00737687,0.00741657,0.00033531,321.8547,284.8156,2.6980,43.9045,5.3071,5237.4545,16.2727,320.4898,328.1250,200.0,210.0,500.0,532.3996,838.5002,1000.0,200.0,0.0,3.992858,4.761905,1.532642,29,51,12,2,0.81774630,0.00838280,-0.04217715,0E-8,0.000000,0.884920,0.000000,0.27741525,2026-05-28,2026-08-05,11,91,84,70,0.157143,0.976731,0.995759,2.725821,,,,,,,,GLOBAL_BASELINE_NO_ENTITY_RANKING,,,NOT_APPLICABLE_GLOBAL_BASELINE,HF9g-P5,,,,X 全窗基线 · 不参与实体赏罚,8394880,840,A168_HF9F_20260827_0900,2026-08-27 09:00:00
2026-06-22,87455840,948,0,550.0000000000,522.5000000000,522.5000000000,1.0000000,1,1,0.50665070000000000,0.506650700000,0.9867858985152569,0.9867858985152569,0.9867858985152569,0E-17,ELIGIBLE,R03b_20260811_FULL_v1,L1_ELIGIBILITY,v2026-08-11,2026-03-21..2026-08-06,baccarat_bet02_101_all_pairs_incl_sentinel,round_win = game_pnl > 0 (decisive only),COMPATIBILITY_ONLY_NOT_PRODUCTION,57612.0000,50982.0000,482.9500,179,179,-0.00838280,0.04217715,-0.23523810,-0.00838280,-482.9500,57612.0000,OK,0.0000,19.3180,4.0000,96.0000,AG03-UNRESOLVED,ALL5_LEVELS_bet23_to_bet27,19.3180,19.3180,19.3180,0.0000,0.0000,4.000000,4.000000,4.000000,0.000000,0.000000,96.000000,96.000000,96.000000,100.000000,100.000000,5.0,57.9540,55.6667,424.9960,427.2833,PENDING_AG03,FALSE,NOT_FOR_ENFORCEMENT,463.6320,48942.7200,482.9500,463.6320,19.3180,0.00838280,0.00804749,19.3180,463.6320,0.00804749,19.3180,19.3180,19.3180,0.0000,0.0000,463.6320,0.00804749,57.9540,55.6667,424.9960,427.2833,0.00737687,0.00741657,0.00033531,321.8547,284.8156,2.6980,43.9045,5.3071,5237.4545,16.2727,320.4898,328.1250,200.0,210.0,500.0,532.3996,838.5002,1000.0,200.0,0.0,3.992858,4.761905,1.532642,29,51,12,2,0.81774630,0.00838280,-0.04217715,0E-8,0.000000,0.884920,0.000000,0.27741525,2026-05-28,2026-08-05,11,91,84,70,0.157143,0.976731,0.995759,2.725821,,,,,,,,GLOBAL_BASELINE_NO_ENTITY_RANKING,,,NOT_APPLICABLE_GLOBAL_BASELINE,HF9g-P5,,,,X 全窗基线 · 不参与实体赏罚,8394881,840,A168_HF9F_20260827_0900,2026-08-27 09:00:00
2026-07-02,87455840,-1,1,1380.0000000000,-405.0000000000,-405.0000000000,0.3333333,3,3,0.50665070000000000,0.506650700000,-0.6004420894325239,-0.6004420894325239,-0.6004420894325239,0E-17,SENTINEL_DEALER,R03b_20260811_FULL_v1,L1_ELIGIBILITY,v2026-08-11,2026-03-21..2026-08-06,baccarat_bet02_101_all_pairs_incl_sentinel,round_win = game_pnl > 0 (decisive only),COMPATIBILITY_ONLY_NOT_PRODUCTION,57612.0000,50982.0000,482.9500,179,179,-0.00838280,0.04217715,-0.23523810,-0.00838280,-482.9500,57612.0000,OK,0.0000,19.3180,4.0000,96.0000,AG03-UNRESOLVED,ALL5_LEVELS_bet23_to_bet27,19.3180,19.3180,19.3180,0.0000,0.0000,4.000000,4.000000,4.000000,0.000000,0.000000,96.000000,96.000000,96.000000,100.000000,100.000000,5.0,57.9540,55.6667,424.9960,427.2833,PENDING_AG03,FALSE,NOT_FOR_ENFORCEMENT,463.6320,48942.7200,482.9500,463.6320,19.3180,0.00838280,0.00804749,19.3180,463.6320,0.00804749,19.3180,19.3180,19.3180,0.0000,0.0000,463.6320,0.00804749,57.9540,55.6667,424.9960,427.2833,0.00737687,0.00741657,0.00033531,321.8547,284.8156,2.6980,43.9045,5.3071,5237.4545,16.2727,320.4898,328.1250,200.0,210.0,500.0,532.3996,838.5002,1000.0,200.0,0.0,3.992858,4.761905,1.532642,29,51,12,2,0.81774630,0.00838280,-0.04217715,0E-8,0.000000,0.884920,0.000000,0.27741525,2026-05-28,2026-08-05,11,91,84,70,0.157143,0.976731,0.995759,2.725821,,,,,,,,GLOBAL_BASELINE_NO_ENTITY_RANKING,,,NOT_APPLICABLE_GLOBAL_BASELINE,HF9g-P5,,,,X 全窗基线 · 不参与实体赏罚,8394882,840,A168_HF9F_20260827_0900,2026-08-27 09:00:00
2026-07-02,87455840,1957,0,400.0000000000,400.0000000000,400.0000000000,1.0000000,2,2,0.49324550000000000,0.493245500000,1.4334489766152358,1.4334489766152358,1.4334489766152358,0E-17,ELIGIBLE,R03b_20260811_FULL_v1,L1_ELIGIBILITY,v2026-08-11,2026-03-21..2026-08-06,baccarat_bet02_101_all_pairs_incl_sentinel,round_win = game_pnl > 0 (decisive only),COMPATIBILITY_ONLY_NOT_PRODUCTION,57612.0000,50982.0000,482.9500,179,179,-0.00838280,0.04217715,-0.23523810,-0.00838280,-482.9500,57612.0000,OK,0.0000,19.3180,4.0000,96.0000,AG03-UNRESOLVED,ALL5_LEVELS_bet23_to_bet27,19.3180,19.3180,19.3180,0.0000,0.0000,4.000000,4.000000,4.000000,0.000000,0.000000,96.000000,96.000000,96.000000,100.000000,100.000000,5.0,57.9540,55.6667,424.9960,427.2833,PENDING_AG03,FALSE,NOT_FOR_ENFORCEMENT,463.6320,48942.7200,482.9500,463.6320,19.3180,0.00838280,0.00804749,19.3180,463.6320,0.00804749,19.3180,19.3180,19.3180,0.0000,0.0000,463.6320,0.00804749,57.9540,55.6667,424.9960,427.2833,0.00737687,0.00741657,0.00033531,321.8547,284.8156,2.6980,43.9045,5.3071,5237.4545,16.2727,320.4898,328.1250,200.0,210.0,500.0,532.3996,838.5002,1000.0,200.0,0.0,3.992858,4.761905,1.532642,29,51,12,2,0.81774630,0.00838280,-0.04217715,0E-8,0.000000,0.884920,0.000000,0.27741525,2026-05-28,2026-08-05,11,91,84,70,0.157143,0.976731,0.995759,2.725821,,,,,,,,GLOBAL_BASELINE_NO_ENTITY_RANKING,,,NOT_APPLICABLE_GLOBAL_BASELINE,HF9g-P5,,,,X 全窗基线 · 不参与实体赏罚,8394883,840,A168_HF9F_20260827_0900,2026-08-27 09:00:00
2026-07-17,87455840,-1,1,14680.0000000000,2637.0000000000,2637.0000000000,0.5625000,34,34,0.50467934705882353,0.504679347059,0.6541946620953999,0.6541946620934055,0.6541946620953999,-1.7647E-13,SENTINEL_DEALER,R03b_20260811_FULL_v1,L1_ELIGIBILITY,v2026-08-11,2026-03-21..2026-08-06,baccarat_bet02_101_all_pairs_incl_sentinel,round_win = game_pnl > 0 (decisive only),COMPATIBILITY_ONLY_NOT_PRODUCTION,57612.0000,50982.0000,482.9500,179,179,-0.00838280,0.04217715,-0.23523810,-0.00838280,-482.9500,57612.0000,OK,0.0000,19.3180,4.0000,96.0000,AG03-UNRESOLVED,ALL5_LEVELS_bet23_to_bet27,19.3180,19.3180,19.3180,0.0000,0.0000,4.000000,4.000000,4.000000,0.000000,0.000000,96.000000,96.000000,96.000000,100.000000,100.000000,5.0,57.9540,55.6667,424.9960,427.2833,PENDING_AG03,FALSE,NOT_FOR_ENFORCEMENT,463.6320,48942.7200,482.9500,463.6320,19.3180,0.00838280,0.00804749,19.3180,463.6320,0.00804749,19.3180,19.3180,19.3180,0.0000,0.0000,463.6320,0.00804749,57.9540,55.6667,424.9960,427.2833,0.00737687,0.00741657,0.00033531,321.8547,284.8156,2.6980,43.9045,5.3071,5237.4545,16.2727,320.4898,328.1250,200.0,210.0,500.0,532.3996,838.5002,1000.0,200.0,0.0,3.992858,4.761905,1.532642,29,51,12,2,0.81774630,0.00838280,-0.04217715,0E-8,0.000000,0.884920,0.000000,0.27741525,2026-05-28,2026-08-05,11,91,84,70,0.157143,0.976731,0.995759,2.725821,,,,,,,,GLOBAL_BASELINE_NO_ENTITY_RANKING,,,NOT_APPLICABLE_GLOBAL_BASELINE,HF9g-P5,,,,X 全窗基线 · 不参与实体赏罚,8394884,840,A168_HF9F_20260827_0900,2026-08-27 09:00:00
2026-07-17,87455840,1151,0,1700.0000000000,-700.0000000000,-700.0000000000,0E-7,3,3,0.50218230000000000,0.502182300000,-1.4203995680682369,-1.4203995680682369,-1.4203995680682369,0E-17,ELIGIBLE,R03b_20260811_FULL_v1,L1_ELIGIBILITY,v2026-08-11,2026-03-21..2026-08-06,baccarat_bet02_101_all_pairs_incl_sentinel,round_win = game_pnl > 0 (decisive only),COMPATIBILITY_ONLY_NOT_PRODUCTION,57612.0000,50982.0000,482.9500,179,179,-0.00838280,0.04217715,-0.23523810,-0.00838280,-482.9500,57612.0000,OK,0.0000,19.3180,4.0000,96.0000,AG03-UNRESOLVED,ALL5_LEVELS_bet23_to_bet27,19.3180,19.3180,19.3180,0.0000,0.0000,4.000000,4.000000,4.000000,0.000000,0.000000,96.000000,96.000000,96.000000,100.000000,100.000000,5.0,57.9540,55.6667,424.9960,427.2833,PENDING_AG03,FALSE,NOT_FOR_ENFORCEMENT,463.6320,48942.7200,482.9500,463.6320,19.3180,0.00838280,0.00804749,19.3180,463.6320,0.00804749,19.3180,19.3180,19.3180,0.0000,0.0000,463.6320,0.00804749,57.9540,55.6667,424.9960,427.2833,0.00737687,0.00741657,0.00033531,321.8547,284.8156,2.6980,43.9045,5.3071,5237.4545,16.2727,320.4898,328.1250,200.0,210.0,500.0,532.3996,838.5002,1000.0,200.0,0.0,3.992858,4.761905,1.532642,29,51,12,2,0.81774630,0.00838280,-0.04217715,0E-8,0.000000,0.884920,0.000000,0.27741525,2026-05-28,2026-08-05,11,91,84,70,0.157143,0.976731,0.995759,2.725821,,,,,,,,GLOBAL_BASELINE_NO_ENTITY_RANKING,,,NOT_APPLICABLE_GLOBAL_BASELINE,HF9g-P5,,,,X 全窗基线 · 不参与实体赏罚,8394885,840,A168_HF9F_20260827_0900,2026-08-27 09:00:00
2026-07-17,87455840,1383,0,500.0000000000,-500.0000000000,-500.0000000000,0E-7,1,1,0.50665070000000000,0.506650700000,-1.013391052207602,-1.013391052207602,-1.013391052207602,0E-17,ELIGIBLE,R03b_20260811_FULL_v1,L1_ELIGIBILITY,v2026-08-11,2026-03-21..2026-08-06,baccarat_bet02_101_all_pairs_incl_sentinel,round_win = game_pnl > 0 (decisive only),COMPATIBILITY_ONLY_NOT_PRODUCTION,57612.0000,50982.0000,482.9500,179,179,-0.00838280,0.04217715,-0.23523810,-0.00838280,-482.9500,57612.0000,OK,0.0000,19.3180,4.0000,96.0000,AG03-UNRESOLVED,ALL5_LEVELS_bet23_to_bet27,19.3180,19.3180,19.3180,0.0000,0.0000,4.000000,4.000000,4.000000,0.000000,0.000000,96.000000,96.000000,96.000000,100.000000,100.000000,5.0,57.9540,55.6667,424.9960,427.2833,PENDING_AG03,FALSE,NOT_FOR_ENFORCEMENT,463.6320,48942.7200,482.9500,463.6320,19.3180,0.00838280,0.00804749,19.3180,463.6320,0.00804749,19.3180,19.3180,19.3180,0.0000,0.0000,463.6320,0.00804749,57.9540,55.6667,424.9960,427.2833,0.00737687,0.00741657,0.00033531,321.8547,284.8156,2.6980,43.9045,5.3071,5237.4545,16.2727,320.4898,328.1250,200.0,210.0,500.0,532.3996,838.5002,1000.0,200.0,0.0,3.992858,4.761905,1.532642,29,51,12,2,0.81774630,0.00838280,-0.04217715,0E-8,0.000000,0.884920,0.000000,0.27741525,2026-05-28,2026-08-05,11,91,84,70,0.157143,0.976731,0.995759,2.725821,,,,,,,,GLOBAL_BASELINE_NO_ENTITY_RANKING,,,NOT_APPLICABLE_GLOBAL_BASELINE,HF9g-P5,,,,X 全窗基线 · 不参与实体赏罚,8394886,840,A168_HF9F_20260827_0900,2026-08-27 09:00:00
2026-07-17,87455840,1507,0,2100.0000000000,-850.0000000000,-850.0000000000,0.3333333,4,4,0.50665070000000000,0.506650700000,-0.6004420894325239,-0.6004420894325239,-0.6004420894325239,0E-17,ELIGIBLE,R03b_20260811_FULL_v1,L1_ELIGIBILITY,v2026-08-11,2026-03-21..2026-08-06,baccarat_bet02_101_all_pairs_incl_sentinel,round_win = game_pnl > 0 (decisive only),COMPATIBILITY_ONLY_NOT_PRODUCTION,57612.0000,50982.0000,482.9500,179,179,-0.00838280,0.04217715,-0.23523810,-0.00838280,-482.9500,57612.0000,OK,0.0000,19.3180,4.0000,96.0000,AG03-UNRESOLVED,ALL5_LEVELS_bet23_to_bet27,19.3180,19.3180,19.3180,0.0000,0.0000,4.000000,4.000000,4.000000,0.000000,0.000000,96.000000,96.000000,96.000000,100.000000,100.000000,5.0,57.9540,55.6667,424.9960,427.2833,PENDING_AG03,FALSE,NOT_FOR_ENFORCEMENT,463.6320,48942.7200,482.9500,463.6320,19.3180,0.00838280,0.00804749,19.3180,463.6320,0.00804749,19.3180,19.3180,19.3180,0.0000,0.0000,463.6320,0.00804749,57.9540,55.6667,424.9960,427.2833,0.00737687,0.00741657,0.00033531,321.8547,284.8156,2.6980,43.9045,5.3071,5237.4545,16.2727,320.4898,328.1250,200.0,210.0,500.0,532.3996,838.5002,1000.0,200.0,0.0,3.992858,4.761905,1.532642,29,51,12,2,0.81774630,0.00838280,-0.04217715,0E-8,0.000000,0.884920,0.000000,0.27741525,2026-05-28,2026-08-05,11,91,84,70,0.157143,0.976731,0.995759,2.725821,,,,,,,,GLOBAL_BASELINE_NO_ENTITY_RANKING,,,NOT_APPLICABLE_GLOBAL_BASELINE,HF9g-P5,,,,X 全窗基线 · 不参与实体赏罚,8394887,840,A168_HF9F_20260827_0900,2026-08-27 09:00:00
2026-07-17,87455840,2093,0,1000.0000000000,-1000.0000000000,-1000.0000000000,0E-7,1,1,0.50665070000000000,0.506650700000,-1.013391052207602,-1.013391052207602,-1.013391052207602,0E-17,ELIGIBLE,R03b_20260811_FULL_v1,L1_ELIGIBILITY,v2026-08-11,2026-03-21..2026-08-06,baccarat_bet02_101_all_pairs_incl_sentinel,round_win = game_pnl > 0 (decisive only),COMPATIBILITY_ONLY_NOT_PRODUCTION,57612.0000,50982.0000,482.9500,179,179,-0.00838280,0.04217715,-0.23523810,-0.00838280,-482.9500,57612.0000,OK,0.0000,19.3180,4.0000,96.0000,AG03-UNRESOLVED,ALL5_LEVELS_bet23_to_bet27,19.3180,19.3180,19.3180,0.0000,0.0000,4.000000,4.000000,4.000000,0.000000,0.000000,96.000000,96.000000,96.000000,100.000000,100.000000,5.0,57.9540,55.6667,424.9960,427.2833,PENDING_AG03,FALSE,NOT_FOR_ENFORCEMENT,463.6320,48942.7200,482.9500,463.6320,19.3180,0.00838280,0.00804749,19.3180,463.6320,0.00804749,19.3180,19.3180,19.3180,0.0000,0.0000,463.6320,0.00804749,57.9540,55.6667,424.9960,427.2833,0.00737687,0.00741657,0.00033531,321.8547,284.8156,2.6980,43.9045,5.3071,5237.4545,16.2727,320.4898,328.1250,200.0,210.0,500.0,532.3996,838.5002,1000.0,200.0,0.0,3.992858,4.761905,1.532642,29,51,12,2,0.81774630,0.00838280,-0.04217715,0E-8,0.000000,0.884920,0.000000,0.27741525,2026-05-28,2026-08-05,11,91,84,70,0.157143,0.976731,0.995759,2.725821,,,,,,,,GLOBAL_BASELINE_NO_ENTITY_RANKING,,,NOT_APPLICABLE_GLOBAL_BASELINE,HF9g-P5,,,,X 全窗基线 · 不参与实体赏罚,8394888,840,A168_HF9F_20260827_0900,2026-08-27 09:00:00
2026-07-17,87455840,2121,0,1630.0000000000,612.5000000000,612.5000000000,0.6000000,5,5,0.50665070000000000,0.506650700000,0.4175076967804994,0.4175076967804994,0.4175076967804994,0E-17,ELIGIBLE,R03b_20260811_FULL_v1,L1_ELIGIBILITY,v2026-08-11,2026-03-21..2026-08-06,baccarat_bet02_101_all_pairs_incl_sentinel,round_win = game_pnl > 0 (decisive only),COMPATIBILITY_ONLY_NOT_PRODUCTION,57612.0000,50982.0000,482.9500,179,179,-0.00838280,0.04217715,-0.23523810,-0.00838280,-482.9500,57612.0000,OK,0.0000,19.3180,4.0000,96.0000,AG03-UNRESOLVED,ALL5_LEVELS_bet23_to_bet27,19.3180,19.3180,19.3180,0.0000,0.0000,4.000000,4.000000,4.000000,0.000000,0.000000,96.000000,96.000000,96.000000,100.000000,100.000000,5.0,57.9540,55.6667,424.9960,427.2833,PENDING_AG03,FALSE,NOT_FOR_ENFORCEMENT,463.6320,48942.7200,482.9500,463.6320,19.3180,0.00838280,0.00804749,19.3180,463.6320,0.00804749,19.3180,19.3180,19.3180,0.0000,0.0000,463.6320,0.00804749,57.9540,55.6667,424.9960,427.2833,0.00737687,0.00741657,0.00033531,321.8547,284.8156,2.6980,43.9045,5.3071,5237.4545,16.2727,320.4898,328.1250,200.0,210.0,500.0,532.3996,838.5002,1000.0,200.0,0.0,3.992858,4.761905,1.532642,29,51,12,2,0.81774630,0.00838280,-0.04217715,0E-8,0.000000,0.884920,0.000000,0.27741525,2026-05-28,2026-08-05,11,91,84,70,0.157143,0.976731,0.995759,2.725821,,,,,,,,GLOBAL_BASELINE_NO_ENTITY_RANKING,,,NOT_APPLICABLE_GLOBAL_BASELINE,HF9g-P5,,,,X 全窗基线 · 不参与实体赏罚,8394889,840,A168_HF9F_20260827_0900,2026-08-27 09:00:00
2026-07-17,87455840,2156,0,200.0000000000,190.0000000000,190.0000000000,1.0000000,1,1,0.50665070000000000,0.506650700000,0.9867858985152569,0.9867858985152569,0.9867858985152569,0E-17,ELIGIBLE,R03b_20260811_FULL_v1,L1_ELIGIBILITY,v2026-08-11,2026-03-21..2026-08-06,baccarat_bet02_101_all_pairs_incl_sentinel,round_win = game_pnl > 0 (decisive only),COMPATIBILITY_ONLY_NOT_PRODUCTION,57612.0000,50982.0000,482.9500,179,179,-0.00838280,0.04217715,-0.23523810,-0.00838280,-482.9500,57612.0000,OK,0.0000,19.3180,4.0000,96.0000,AG03-UNRESOLVED,ALL5_LEVELS_bet23_to_bet27,19.3180,19.3180,19.3180,0.0000,0.0000,4.000000,4.000000,4.000000,0.000000,0.000000,96.000000,96.000000,96.000000,100.000000,100.000000,5.0,57.9540,55.6667,424.9960,427.2833,PENDING_AG03,FALSE,NOT_FOR_ENFORCEMENT,463.6320,48942.7200,482.9500,463.6320,19.3180,0.00838280,0.00804749,19.3180,463.6320,0.00804749,19.3180,19.3180,19.3180,0.0000,0.0000,463.6320,0.00804749,57.9540,55.6667,424.9960,427.2833,0.00737687,0.00741657,0.00033531,321.8547,284.8156,2.6980,43.9045,5.3071,5237.4545,16.2727,320.4898,328.1250,200.0,210.0,500.0,532.3996,838.5002,1000.0,200.0,0.0,3.992858,4.761905,1.532642,29,51,12,2,0.81774630,0.00838280,-0.04217715,0E-8,0.000000,0.884920,0.000000,0.27741525,2026-05-28,2026-08-05,11,91,84,70,0.157143,0.976731,0.995759,2.725821,,,,,,,,GLOBAL_BASELINE_NO_ENTITY_RANKING,,,NOT_APPLICABLE_GLOBAL_BASELINE,HF9g-P5,,,,X 全窗基线 · 不参与实体赏罚,8394890,840,A168_HF9F_20260827_0900,2026-08-27 09:00:00
2026-07-17,87455840,2170,0,500.0000000000,0E-10,0E-10,,1,1,0.50665070000000000,0.506650700000,,,,0E-17,NO_DECISIVE_ROUND,R03b_20260811_FULL_v1,L1_ELIGIBILITY,v2026-08-11,2026-03-21..2026-08-06,baccarat_bet02_101_all_pairs_incl_sentinel,round_win = game_pnl > 0 (decisive only),COMPATIBILITY_ONLY_NOT_PRODUCTION,57612.0000,50982.0000,482.9500,179,179,-0.00838280,0.04217715,-0.23523810,-0.00838280,-482.9500,57612.0000,OK,0.0000,19.3180,4.0000,96.0000,AG03-UNRESOLVED,ALL5_LEVELS_bet23_to_bet27,19.3180,19.3180,19.3180,0.0000,0.0000,4.000000,4.000000,4.000000,0.000000,0.000000,96.000000,96.000000,96.000000,100.000000,100.000000,5.0,57.9540,55.6667,424.9960,427.2833,PENDING_AG03,FALSE,NOT_FOR_ENFORCEMENT,463.6320,48942.7200,482.9500,463.6320,19.3180,0.00838280,0.00804749,19.3180,463.6320,0.00804749,19.3180,19.3180,19.3180,0.0000,0.0000,463.6320,0.00804749,57.9540,55.6667,424.9960,427.2833,0.00737687,0.00741657,0.00033531,321.8547,284.8156,2.6980,43.9045,5.3071,5237.4545,16.2727,320.4898,328.1250,200.0,210.0,500.0,532.3996,838.5002,1000.0,200.0,0.0,3.992858,4.761905,1.532642,29,51,12,2,0.81774630,0.00838280,-0.04217715,0E-8,0.000000,0.884920,0.000000,0.27741525,2026-05-28,2026-08-05,11,91,84,70,0.157143,0.976731,0.995759,2.725821,,,,,,,,GLOBAL_BASELINE_NO_ENTITY_RANKING,,,NOT_APPLICABLE_GLOBAL_BASELINE,HF9g-P5,,,,X 全窗基线 · 不参与实体赏罚,8394891,840,A168_HF9F_20260827_0900,2026-08-27 09:00:00
2026-07-17,87455840,2196,0,979.0000000000,-44.9500000000,-44.9500000000,0.5000000,2,2,0.49994810000000000,0.499948100000,0.00014679536856514622,0.00014679536856514622,0.00014679536856514622,0E-17,ELIGIBLE,R03b_20260811_FULL_v1,L1_ELIGIBILITY,v2026-08-11,2026-03-21..2026-08-06,baccarat_bet02_101_all_pairs_incl_sentinel,round_win = game_pnl > 0 (decisive only),COMPATIBILITY_ONLY_NOT_PRODUCTION,57612.0000,50982.0000,482.9500,179,179,-0.00838280,0.04217715,-0.23523810,-0.00838280,-482.9500,57612.0000,OK,0.0000,19.3180,4.0000,96.0000,AG03-UNRESOLVED,ALL5_LEVELS_bet23_to_bet27,19.3180,19.3180,19.3180,0.0000,0.0000,4.000000,4.000000,4.000000,0.000000,0.000000,96.000000,96.000000,96.000000,100.000000,100.000000,5.0,57.9540,55.6667,424.9960,427.2833,PENDING_AG03,FALSE,NOT_FOR_ENFORCEMENT,463.6320,48942.7200,482.9500,463.6320,19.3180,0.00838280,0.00804749,19.3180,463.6320,0.00804749,19.3180,19.3180,19.3180,0.0000,0.0000,463.6320,0.00804749,57.9540,55.6667,424.9960,427.2833,0.00737687,0.00741657,0.00033531,321.8547,284.8156,2.6980,43.9045,5.3071,5237.4545,16.2727,320.4898,328.1250,200.0,210.0,500.0,532.3996,838.5002,1000.0,200.0,0.0,3.992858,4.761905,1.532642,29,51,12,2,0.81774630,0.00838280,-0.04217715,0E-8,0.000000,0.884920,0.000000,0.27741525,2026-05-28,2026-08-05,11,91,84,70,0.157143,0.976731,0.995759,2.725821,,,,,,,,GLOBAL_BASELINE_NO_ENTITY_RANKING,,,NOT_APPLICABLE_GLOBAL_BASELINE,HF9g-P5,,,,X 全窗基线 · 不参与实体赏罚,8394892,840,A168_HF9F_20260827_0900,2026-08-27 09:00:00
2026-07-17,87455840,2216,0,500.0000000000,-500.0000000000,-500.0000000000,0E-7,1,1,0.50665070000000000,0.506650700000,-1.013391052207602,-1.013391052207602,-1.013391052207602,0E-17,ELIGIBLE,R03b_20260811_FULL_v1,L1_ELIGIBILITY,v2026-08-11,2026-03-21..2026-08-06,baccarat_bet02_101_all_pairs_incl_sentinel,round_win = game_pnl > 0 (decisive only),COMPATIBILITY_ONLY_NOT_PRODUCTION,57612.0000,50982.0000,482.9500,179,179,-0.00838280,0.04217715,-0.23523810,-0.00838280,-482.9500,57612.0000,OK,0.0000,19.3180,4.0000,96.0000,AG03-UNRESOLVED,ALL5_LEVELS_bet23_to_bet27,19.3180,19.3180,19.3180,0.0000,0.0000,4.000000,4.000000,4.000000,0.000000,0.000000,96.000000,96.000000,96.000000,100.000000,100.000000,5.0,57.9540,55.6667,424.9960,427.2833,PENDING_AG03,FALSE,NOT_FOR_ENFORCEMENT,463.6320,48942.7200,482.9500,463.6320,19.3180,0.00838280,0.00804749,19.3180,463.6320,0.00804749,19.3180,19.3180,19.3180,0.0000,0.0000,463.6320,0.00804749,57.9540,55.6667,424.9960,427.2833,0.00737687,0.00741657,0.00033531,321.8547,284.8156,2.6980,43.9045,5.3071,5237.4545,16.2727,320.4898,328.1250,200.0,210.0,500.0,532.3996,838.5002,1000.0,200.0,0.0,3.992858,4.761905,1.532642,29,51,12,2,0.81774630,0.00838280,-0.04217715,0E-8,0.000000,0.884920,0.000000,0.27741525,2026-05-28,2026-08-05,11,91,84,70,0.157143,0.976731,0.995759,2.725821,,,,,,,,GLOBAL_BASELINE_NO_ENTITY_RANKING,,,NOT_APPLICABLE_GLOBAL_BASELINE,HF9g-P5,,,,X 全窗基线 · 不参与实体赏罚,8394893,840,A168_HF9F_20260827_0900,2026-08-27 09:00:00
2026-07-17,87455840,2239,0,200.0000000000,-200.0000000000,-200.0000000000,0E-7,1,1,0.50665070000000000,0.506650700000,-1.013391052207602,-1.013391052207602,-1.013391052207602,0E-17,ELIGIBLE,R03b_20260811_FULL_v1,L1_ELIGIBILITY,v2026-08-11,2026-03-21..2026-08-06,baccarat_bet02_101_all_pairs_incl_sentinel,round_win = game_pnl > 0 (decisive only),COMPATIBILITY_ONLY_NOT_PRODUCTION,57612.0000,50982.0000,482.9500,179,179,-0.00838280,0.04217715,-0.23523810,-0.00838280,-482.9500,57612.0000,OK,0.0000,19.3180,4.0000,96.0000,AG03-UNRESOLVED,ALL5_LEVELS_bet23_to_bet27,19.3180,19.3180,19.3180,0.0000,0.0000,4.000000,4.000000,4.000000,0.000000,0.000000,96.000000,96.000000,96.000000,100.000000,100.000000,5.0,57.9540,55.6667,424.9960,427.2833,PENDING_AG03,FALSE,NOT_FOR_ENFORCEMENT,463.6320,48942.7200,482.9500,463.6320,19.3180,0.00838280,0.00804749,19.3180,463.6320,0.00804749,19.3180,19.3180,19.3180,0.0000,0.0000,463.6320,0.00804749,57.9540,55.6667,424.9960,427.2833,0.00737687,0.00741657,0.00033531,321.8547,284.8156,2.6980,43.9045,5.3071,5237.4545,16.2727,320.4898,328.1250,200.0,210.0,500.0,532.3996,838.5002,1000.0,200.0,0.0,3.992858,4.761905,1.532642,29,51,12,2,0.81774630,0.00838280,-0.04217715,0E-8,0.000000,0.884920,0.000000,0.27741525,2026-05-28,2026-08-05,11,91,84,70,0.157143,0.976731,0.995759,2.725821,,,,,,,,GLOBAL_BASELINE_NO_ENTITY_RANKING,,,NOT_APPLICABLE_GLOBAL_BASELINE,HF9g-P5,,,,X 全窗基线 · 不参与实体赏罚,8394894,840,A168_HF9F_20260827_0900,2026-08-27 09:00:00
2026-07-17,87455840,2241,0,500.0000000000,-500.0000000000,-500.0000000000,0E-7,1,1,0.49324550000000000,0.493245500000,-0.9865810262130424,-0.9865810262130424,-0.9865810262130424,0E-17,ELIGIBLE,R03b_20260811_FULL_v1,L1_ELIGIBILITY,v2026-08-11,2026-03-21..2026-08-06,baccarat_bet02_101_all_pairs_incl_sentinel,round_win = game_pnl > 0 (decisive only),COMPATIBILITY_ONLY_NOT_PRODUCTION,57612.0000,50982.0000,482.9500,179,179,-0.00838280,0.04217715,-0.23523810,-0.00838280,-482.9500,57612.0000,OK,0.0000,19.3180,4.0000,96.0000,AG03-UNRESOLVED,ALL5_LEVELS_bet23_to_bet27,19.3180,19.3180,19.3180,0.0000,0.0000,4.000000,4.000000,4.000000,0.000000,0.000000,96.000000,96.000000,96.000000,100.000000,100.000000,5.0,57.9540,55.6667,424.9960,427.2833,PENDING_AG03,FALSE,NOT_FOR_ENFORCEMENT,463.6320,48942.7200,482.9500,463.6320,19.3180,0.00838280,0.00804749,19.3180,463.6320,0.00804749,19.3180,19.3180,19.3180,0.0000,0.0000,463.6320,0.00804749,57.9540,55.6667,424.9960,427.2833,0.00737687,0.00741657,0.00033531,321.8547,284.8156,2.6980,43.9045,5.3071,5237.4545,16.2727,320.4898,328.1250,200.0,210.0,500.0,532.3996,838.5002,1000.0,200.0,0.0,3.992858,4.761905,1.532642,29,51,12,2,0.81774630,0.00838280,-0.04217715,0E-8,0.000000,0.884920,0.000000,0.27741525,2026-05-28,2026-08-05,11,91,84,70,0.157143,0.976731,0.995759,2.725821,,,,,,,,GLOBAL_BASELINE_NO_ENTITY_RANKING,,,NOT_APPLICABLE_GLOBAL_BASELINE,HF9g-P5,,,,X 全窗基线 · 不参与实体赏罚,8394895,840,A168_HF9F_20260827_0900,2026-08-27 09:00:00
2026-07-17,87455840,2250,0,500.0000000000,475.0000000000,475.0000000000,1.0000000,1,1,0.50665070000000000,0.506650700000,0.9867858985152569,0.9867858985152569,0.9867858985152569,0E-17,ELIGIBLE,R03b_20260811_FULL_v1,L1_ELIGIBILITY,v2026-08-11,2026-03-21..2026-08-06,baccarat_bet02_101_all_pairs_incl_sentinel,round_win = game_pnl > 0 (decisive only),COMPATIBILITY_ONLY_NOT_PRODUCTION,57612.0000,50982.0000,482.9500,179,179,-0.00838280,0.04217715,-0.23523810,-0.00838280,-482.9500,57612.0000,OK,0.0000,19.3180,4.0000,96.0000,AG03-UNRESOLVED,ALL5_LEVELS_bet23_to_bet27,19.3180,19.3180,19.3180,0.0000,0.0000,4.000000,4.000000,4.000000,0.000000,0.000000,96.000000,96.000000,96.000000,100.000000,100.000000,5.0,57.9540,55.6667,424.9960,427.2833,PENDING_AG03,FALSE,NOT_FOR_ENFORCEMENT,463.6320,48942.7200,482.9500,463.6320,19.3180,0.00838280,0.00804749,19.3180,463.6320,0.00804749,19.3180,19.3180,19.3180,0.0000,0.0000,463.6320,0.00804749,57.9540,55.6667,424.9960,427.2833,0.00737687,0.00741657,0.00033531,321.8547,284.8156,2.6980,43.9045,5.3071,5237.4545,16.2727,320.4898,328.1250,200.0,210.0,500.0,532.3996,838.5002,1000.0,200.0,0.0,3.992858,4.761905,1.532642,29,51,12,2,0.81774630,0.00838280,-0.04217715,0E-8,0.000000,0.884920,0.000000,0.27741525,2026-05-28,2026-08-05,11,91,84,70,0.157143,0.976731,0.995759,2.725821,,,,,,,,GLOBAL_BASELINE_NO_ENTITY_RANKING,,,NOT_APPLICABLE_GLOBAL_BASELINE,HF9g-P5,,,,X 全窗基线 · 不参与实体赏罚,8394896,840,A168_HF9F_20260827_0900,2026-08-27 09:00:00
2026-07-17,87455840,2256,0,1090.0000000000,-115.0000000000,-115.0000000000,0.5000000,4,4,0.49994810000000000,0.499948100000,0.00020760000111838688,0.00020760000111838688,0.00020760000111838688,0E-17,ELIGIBLE,R03b_20260811_FULL_v1,L1_ELIGIBILITY,v2026-08-11,2026-03-21..2026-08-06,baccarat_bet02_101_all_pairs_incl_sentinel,round_win = game_pnl > 0 (decisive only),COMPATIBILITY_ONLY_NOT_PRODUCTION,57612.0000,50982.0000,482.9500,179,179,-0.00838280,0.04217715,-0.23523810,-0.00838280,-482.9500,57612.0000,OK,0.0000,19.3180,4.0000,96.0000,AG03-UNRESOLVED,ALL5_LEVELS_bet23_to_bet27,19.3180,19.3180,19.3180,0.0000,0.0000,4.000000,4.000000,4.000000,0.000000,0.000000,96.000000,96.000000,96.000000,100.000000,100.000000,5.0,57.9540,55.6667,424.9960,427.2833,PENDING_AG03,FALSE,NOT_FOR_ENFORCEMENT,463.6320,48942.7200,482.9500,463.6320,19.3180,0.00838280,0.00804749,19.3180,463.6320,0.00804749,19.3180,19.3180,19.3180,0.0000,0.0000,463.6320,0.00804749,57.9540,55.6667,424.9960,427.2833,0.00737687,0.00741657,0.00033531,321.8547,284.8156,2.6980,43.9045,5.3071,5237.4545,16.2727,320.4898,328.1250,200.0,210.0,500.0,532.3996,838.5002,1000.0,200.0,0.0,3.992858,4.761905,1.532642,29,51,12,2,0.81774630,0.00838280,-0.04217715,0E-8,0.000000,0.884920,0.000000,0.27741525,2026-05-28,2026-08-05,11,91,84,70,0.157143,0.976731,0.995759,2.725821,,,,,,,,GLOBAL_BASELINE_NO_ENTITY_RANKING,,,NOT_APPLICABLE_GLOBAL_BASELINE,HF9g-P5,,,,X 全窗基线 · 不参与实体赏罚,8394897,840,A168_HF9F_20260827_0900,2026-08-27 09:00:00
2026-07-17,87455840,2280,0,770.0000000000,475.0000000000,475.0000000000,1.0000000,2,2,0.50665070000000000,0.506650700000,0.9867858985152569,0.9867858985152569,0.9867858985152569,0E-17,ELIGIBLE,R03b_20260811_FULL_v1,L1_ELIGIBILITY,v2026-08-11,2026-03-21..2026-08-06,baccarat_bet02_101_all_pairs_incl_sentinel,round_win = game_pnl > 0 (decisive only),COMPATIBILITY_ONLY_NOT_PRODUCTION,57612.0000,50982.0000,482.9500,179,179,-0.00838280,0.04217715,-0.23523810,-0.00838280,-482.9500,57612.0000,OK,0.0000,19.3180,4.0000,96.0000,AG03-UNRESOLVED,ALL5_LEVELS_bet23_to_bet27,19.3180,19.3180,19.3180,0.0000,0.0000,4.000000,4.000000,4.000000,0.000000,0.000000,96.000000,96.000000,96.000000,100.000000,100.000000,5.0,57.9540,55.6667,424.9960,427.2833,PENDING_AG03,FALSE,NOT_FOR_ENFORCEMENT,463.6320,48942.7200,482.9500,463.6320,19.3180,0.00838280,0.00804749,19.3180,463.6320,0.00804749,19.3180,19.3180,19.3180,0.0000,0.0000,463.6320,0.00804749,57.9540,55.6667,424.9960,427.2833,0.00737687,0.00741657,0.00033531,321.8547,284.8156,2.6980,43.9045,5.3071,5237.4545,16.2727,320.4898,328.1250,200.0,210.0,500.0,532.3996,838.5002,1000.0,200.0,0.0,3.992858,4.761905,1.532642,29,51,12,2,0.81774630,0.00838280,-0.04217715,0E-8,0.000000,0.884920,0.000000,0.27741525,2026-05-28,2026-08-05,11,91,84,70,0.157143,0.976731,0.995759,2.725821,,,,,,,,GLOBAL_BASELINE_NO_ENTITY_RANKING,,,NOT_APPLICABLE_GLOBAL_BASELINE,HF9g-P5,,,,X 全窗基线 · 不参与实体赏罚,8394898,840,A168_HF9F_20260827_0900,2026-08-27 09:00:00
2026-07-17,87455840,462,0,2180.0000000000,452.5000000000,452.5000000000,0.6666667,6,6,0.50665070000000000,0.506650700000,0.7839842952205449,0.7839842952205449,0.7839842952205449,0E-17,ELIGIBLE,R03b_20260811_FULL_v1,L1_ELIGIBILITY,v2026-08-11,2026-03-21..2026-08-06,baccarat_bet02_101_all_pairs_incl_sentinel,round_win = game_pnl > 0 (decisive only),COMPATIBILITY_ONLY_NOT_PRODUCTION,57612.0000,50982.0000,482.9500,179,179,-0.00838280,0.04217715,-0.23523810,-0.00838280,-482.9500,57612.0000,OK,0.0000,19.3180,4.0000,96.0000,AG03-UNRESOLVED,ALL5_LEVELS_bet23_to_bet27,19.3180,19.3180,19.3180,0.0000,0.0000,4.000000,4.000000,4.000000,0.000000,0.000000,96.000000,96.000000,96.000000,100.000000,100.000000,5.0,57.9540,55.6667,424.9960,427.2833,PENDING_AG03,FALSE,NOT_FOR_ENFORCEMENT,463.6320,48942.7200,482.9500,463.6320,19.3180,0.00838280,0.00804749,19.3180,463.6320,0.00804749,19.3180,19.3180,19.3180,0.0000,0.0000,463.6320,0.00804749,57.9540,55.6667,424.9960,427.2833,0.00737687,0.00741657,0.00033531,321.8547,284.8156,2.6980,43.9045,5.3071,5237.4545,16.2727,320.4898,328.1250,200.0,210.0,500.0,532.3996,838.5002,1000.0,200.0,0.0,3.992858,4.761905,1.532642,29,51,12,2,0.81774630,0.00838280,-0.04217715,0E-8,0.000000,0.884920,0.000000,0.27741525,2026-05-28,2026-08-05,11,91,84,70,0.157143,0.976731,0.995759,2.725821,,,,,,,,GLOBAL_BASELINE_NO_ENTITY_RANKING,,,NOT_APPLICABLE_GLOBAL_BASELINE,HF9g-P5,,,,X 全窗基线 · 不参与实体赏罚,8394899,840,A168_HF9F_20260827_0900,2026-08-27 09:00:00
2026-07-17,87455840,789,0,1450.0000000000,950.0000000000,950.0000000000,1.0000000,2,2,0.50665070000000000,0.506650700000,0.9867858985152569,0.9867858985152569,0.9867858985152569,0E-17,ELIGIBLE,R03b_20260811_FULL_v1,L1_ELIGIBILITY,v2026-08-11,2026-03-21..2026-08-06,baccarat_bet02_101_all_pairs_incl_sentinel,round_win = game_pnl > 0 (decisive only),COMPATIBILITY_ONLY_NOT_PRODUCTION,57612.0000,50982.0000,482.9500,179,179,-0.00838280,0.04217715,-0.23523810,-0.00838280,-482.9500,57612.0000,OK,0.0000,19.3180,4.0000,96.0000,AG03-UNRESOLVED,ALL5_LEVELS_bet23_to_bet27,19.3180,19.3180,19.3180,0.0000,0.0000,4.000000,4.000000,4.000000,0.000000,0.000000,96.000000,96.000000,96.000000,100.000000,100.000000,5.0,57.9540,55.6667,424.9960,427.2833,PENDING_AG03,FALSE,NOT_FOR_ENFORCEMENT,463.6320,48942.7200,482.9500,463.6320,19.3180,0.00838280,0.00804749,19.3180,463.6320,0.00804749,19.3180,19.3180,19.3180,0.0000,0.0000,463.6320,0.00804749,57.9540,55.6667,424.9960,427.2833,0.00737687,0.00741657,0.00033531,321.8547,284.8156,2.6980,43.9045,5.3071,5237.4545,16.2727,320.4898,328.1250,200.0,210.0,500.0,532.3996,838.5002,1000.0,200.0,0.0,3.992858,4.761905,1.532642,29,51,12,2,0.81774630,0.00838280,-0.04217715,0E-8,0.000000,0.884920,0.000000,0.27741525,2026-05-28,2026-08-05,11,91,84,70,0.157143,0.976731,0.995759,2.725821,,,,,,,,GLOBAL_BASELINE_NO_ENTITY_RANKING,,,NOT_APPLICABLE_GLOBAL_BASELINE,HF9g-P5,,,,X 全窗基线 · 不参与实体赏罚,8394900,840,A168_HF9F_20260827_0900,2026-08-27 09:00:00
2026-07-21,87455840,-1,1,300.0000000000,-300.0000000000,-300.0000000000,0E-7,2,2,0.49994810000000000,0.499948100000,-1.4140667746232096,-1.4140667746232096,-1.4140667746232096,0E-17,SENTINEL_DEALER,R03b_20260811_FULL_v1,L1_ELIGIBILITY,v2026-08-11,2026-03-21..2026-08-06,baccarat_bet02_101_all_pairs_incl_sentinel,round_win = game_pnl > 0 (decisive only),COMPATIBILITY_ONLY_NOT_PRODUCTION,57612.0000,50982.0000,482.9500,179,179,-0.00838280,0.04217715,-0.23523810,-0.00838280,-482.9500,57612.0000,OK,0.0000,19.3180,4.0000,96.0000,AG03-UNRESOLVED,ALL5_LEVELS_bet23_to_bet27,19.3180,19.3180,19.3180,0.0000,0.0000,4.000000,4.000000,4.000000,0.000000,0.000000,96.000000,96.000000,96.000000,100.000000,100.000000,5.0,57.9540,55.6667,424.9960,427.2833,PENDING_AG03,FALSE,NOT_FOR_ENFORCEMENT,463.6320,48942.7200,482.9500,463.6320,19.3180,0.00838280,0.00804749,19.3180,463.6320,0.00804749,19.3180,19.3180,19.3180,0.0000,0.0000,463.6320,0.00804749,57.9540,55.6667,424.9960,427.2833,0.00737687,0.00741657,0.00033531,321.8547,284.8156,2.6980,43.9045,5.3071,5237.4545,16.2727,320.4898,328.1250,200.0,210.0,500.0,532.3996,838.5002,1000.0,200.0,0.0,3.992858,4.761905,1.532642,29,51,12,2,0.81774630,0.00838280,-0.04217715,0E-8,0.000000,0.884920,0.000000,0.27741525,2026-05-28,2026-08-05,11,91,84,70,0.157143,0.976731,0.995759,2.725821,,,,,,,,GLOBAL_BASELINE_NO_ENTITY_RANKING,,,NOT_APPLICABLE_GLOBAL_BASELINE,HF9g-P5,,,,X 全窗基线 · 不参与实体赏罚,8394901,840,A168_HF9F_20260827_0900,2026-08-27 09:00:00
2026-07-21,87455840,2160,0,200.0000000000,-200.0000000000,-200.0000000000,0E-7,1,1,0.50665070000000000,0.506650700000,-1.013391052207602,-1.013391052207602,-1.013391052207602,0E-17,ELIGIBLE,R03b_20260811_FULL_v1,L1_ELIGIBILITY,v2026-08-11,2026-03-21..2026-08-06,baccarat_bet02_101_all_pairs_incl_sentinel,round_win = game_pnl > 0 (decisive only),COMPATIBILITY_ONLY_NOT_PRODUCTION,57612.0000,50982.0000,482.9500,179,179,-0.00838280,0.04217715,-0.23523810,-0.00838280,-482.9500,57612.0000,OK,0.0000,19.3180,4.0000,96.0000,AG03-UNRESOLVED,ALL5_LEVELS_bet23_to_bet27,19.3180,19.3180,19.3180,0.0000,0.0000,4.000000,4.000000,4.000000,0.000000,0.000000,96.000000,96.000000,96.000000,100.000000,100.000000,5.0,57.9540,55.6667,424.9960,427.2833,PENDING_AG03,FALSE,NOT_FOR_ENFORCEMENT,463.6320,48942.7200,482.9500,463.6320,19.3180,0.00838280,0.00804749,19.3180,463.6320,0.00804749,19.3180,19.3180,19.3180,0.0000,0.0000,463.6320,0.00804749,57.9540,55.6667,424.9960,427.2833,0.00737687,0.00741657,0.00033531,321.8547,284.8156,2.6980,43.9045,5.3071,5237.4545,16.2727,320.4898,328.1250,200.0,210.0,500.0,532.3996,838.5002,1000.0,200.0,0.0,3.992858,4.761905,1.532642,29,51,12,2,0.81774630,0.00838280,-0.04217715,0E-8,0.000000,0.884920,0.000000,0.27741525,2026-05-28,2026-08-05,11,91,84,70,0.157143,0.976731,0.995759,2.725821,,,,,,,,GLOBAL_BASELINE_NO_ENTITY_RANKING,,,NOT_APPLICABLE_GLOBAL_BASELINE,HF9g-P5,,,,X 全窗基线 · 不参与实体赏罚,8394902,840,A168_HF9F_20260827_0900,2026-08-27 09:00:00
2026-07-23,87455840,2235,0,500.0000000000,-500.0000000000,-500.0000000000,0E-7,1,1,0.50665070000000000,0.506650700000,-1.013391052207602,-1.013391052207602,-1.013391052207602,0E-17,ELIGIBLE,R03b_20260811_FULL_v1,L1_ELIGIBILITY,v2026-08-11,2026-03-21..2026-08-06,baccarat_bet02_101_all_pairs_incl_sentinel,round_win = game_pnl > 0 (decisive only),COMPATIBILITY_ONLY_NOT_PRODUCTION,57612.0000,50982.0000,482.9500,179,179,-0.00838280,0.04217715,-0.23523810,-0.00838280,-482.9500,57612.0000,OK,0.0000,19.3180,4.0000,96.0000,AG03-UNRESOLVED,ALL5_LEVELS_bet23_to_bet27,19.3180,19.3180,19.3180,0.0000,0.0000,4.000000,4.000000,4.000000,0.000000,0.000000,96.000000,96.000000,96.000000,100.000000,100.000000,5.0,57.9540,55.6667,424.9960,427.2833,PENDING_AG03,FALSE,NOT_FOR_ENFORCEMENT,463.6320,48942.7200,482.9500,463.6320,19.3180,0.00838280,0.00804749,19.3180,463.6320,0.00804749,19.3180,19.3180,19.3180,0.0000,0.0000,463.6320,0.00804749,57.9540,55.6667,424.9960,427.2833,0.00737687,0.00741657,0.00033531,321.8547,284.8156,2.6980,43.9045,5.3071,5237.4545,16.2727,320.4898,328.1250,200.0,210.0,500.0,532.3996,838.5002,1000.0,200.0,0.0,3.992858,4.761905,1.532642,29,51,12,2,0.81774630,0.00838280,-0.04217715,0E-8,0.000000,0.884920,0.000000,0.27741525,2026-05-28,2026-08-05,11,91,84,70,0.157143,0.976731,0.995759,2.725821,,,,,,,,GLOBAL_BASELINE_NO_ENTITY_RANKING,,,NOT_APPLICABLE_GLOBAL_BASELINE,HF9g-P5,,,,X 全窗基线 · 不参与实体赏罚,8394903,840,A168_HF9F_20260827_0900,2026-08-27 09:00:00
2026-07-28,87455840,-1,1,2850.0000000000,406.5000000000,406.5000000000,0.6363636,15,15,0.50039494000000000,0.500394940000,0.9019145795008783,0.9019145795008783,0.9019145795008783,0E-17,SENTINEL_DEALER,R03b_20260811_FULL_v1,L1_ELIGIBILITY,v2026-08-11,2026-03-21..2026-08-06,baccarat_bet02_101_all_pairs_incl_sentinel,round_win = game_pnl > 0 (decisive only),COMPATIBILITY_ONLY_NOT_PRODUCTION,57612.0000,50982.0000,482.9500,179,179,-0.00838280,0.04217715,-0.23523810,-0.00838280,-482.9500,57612.0000,OK,0.0000,19.3180,4.0000,96.0000,AG03-UNRESOLVED,ALL5_LEVELS_bet23_to_bet27,19.3180,19.3180,19.3180,0.0000,0.0000,4.000000,4.000000,4.000000,0.000000,0.000000,96.000000,96.000000,96.000000,100.000000,100.000000,5.0,57.9540,55.6667,424.9960,427.2833,PENDING_AG03,FALSE,NOT_FOR_ENFORCEMENT,463.6320,48942.7200,482.9500,463.6320,19.3180,0.00838280,0.00804749,19.3180,463.6320,0.00804749,19.3180,19.3180,19.3180,0.0000,0.0000,463.6320,0.00804749,57.9540,55.6667,424.9960,427.2833,0.00737687,0.00741657,0.00033531,321.8547,284.8156,2.6980,43.9045,5.3071,5237.4545,16.2727,320.4898,328.1250,200.0,210.0,500.0,532.3996,838.5002,1000.0,200.0,0.0,3.992858,4.761905,1.532642,29,51,12,2,0.81774630,0.00838280,-0.04217715,0E-8,0.000000,0.884920,0.000000,0.27741525,2026-05-28,2026-08-05,11,91,84,70,0.157143,0.976731,0.995759,2.725821,,,,,,,,GLOBAL_BASELINE_NO_ENTITY_RANKING,,,NOT_APPLICABLE_GLOBAL_BASELINE,HF9g-P5,,,,X 全窗基线 · 不参与实体赏罚,8394904,840,A168_HF9F_20260827_0900,2026-08-27 09:00:00
2026-07-28,87455840,1307,0,980.0000000000,931.0000000000,931.0000000000,1.0000000,3,3,0.50665070000000000,0.506650700000,1.7091633124209307,1.7091633124209307,1.7091633124209307,0E-17,ELIGIBLE,R03b_20260811_FULL_v1,L1_ELIGIBILITY,v2026-08-11,2026-03-21..2026-08-06,baccarat_bet02_101_all_pairs_incl_sentinel,round_win = game_pnl > 0 (decisive only),COMPATIBILITY_ONLY_NOT_PRODUCTION,57612.0000,50982.0000,482.9500,179,179,-0.00838280,0.04217715,-0.23523810,-0.00838280,-482.9500,57612.0000,OK,0.0000,19.3180,4.0000,96.0000,AG03-UNRESOLVED,ALL5_LEVELS_bet23_to_bet27,19.3180,19.3180,19.3180,0.0000,0.0000,4.000000,4.000000,4.000000,0.000000,0.000000,96.000000,96.000000,96.000000,100.000000,100.000000,5.0,57.9540,55.6667,424.9960,427.2833,PENDING_AG03,FALSE,NOT_FOR_ENFORCEMENT,463.6320,48942.7200,482.9500,463.6320,19.3180,0.00838280,0.00804749,19.3180,463.6320,0.00804749,19.3180,19.3180,19.3180,0.0000,0.0000,463.6320,0.00804749,57.9540,55.6667,424.9960,427.2833,0.00737687,0.00741657,0.00033531,321.8547,284.8156,2.6980,43.9045,5.3071,5237.4545,16.2727,320.4898,328.1250,200.0,210.0,500.0,532.3996,838.5002,1000.0,200.0,0.0,3.992858,4.761905,1.532642,29,51,12,2,0.81774630,0.00838280,-0.04217715,0E-8,0.000000,0.884920,0.000000,0.27741525,2026-05-28,2026-08-05,11,91,84,70,0.157143,0.976731,0.995759,2.725821,,,,,,,,GLOBAL_BASELINE_NO_ENTITY_RANKING,,,NOT_APPLICABLE_GLOBAL_BASELINE,HF9g-P5,,,,X 全窗基线 · 不参与实体赏罚,8394905,840,A168_HF9F_20260827_0900,2026-08-27 09:00:00
2026-07-28,87455840,1485,0,870.0000000000,410.0000000000,410.0000000000,0.5000000,3,3,0.49771390000000000,0.497713900000,0.006466134837551399,0.0064661348375514,0.006466134837551399,0E-17,ELIGIBLE,R03b_20260811_FULL_v1,L1_ELIGIBILITY,v2026-08-11,2026-03-21..2026-08-06,baccarat_bet02_101_all_pairs_incl_sentinel,round_win = game_pnl > 0 (decisive only),COMPATIBILITY_ONLY_NOT_PRODUCTION,57612.0000,50982.0000,482.9500,179,179,-0.00838280,0.04217715,-0.23523810,-0.00838280,-482.9500,57612.0000,OK,0.0000,19.3180,4.0000,96.0000,AG03-UNRESOLVED,ALL5_LEVELS_bet23_to_bet27,19.3180,19.3180,19.3180,0.0000,0.0000,4.000000,4.000000,4.000000,0.000000,0.000000,96.000000,96.000000,96.000000,100.000000,100.000000,5.0,57.9540,55.6667,424.9960,427.2833,PENDING_AG03,FALSE,NOT_FOR_ENFORCEMENT,463.6320,48942.7200,482.9500,463.6320,19.3180,0.00838280,0.00804749,19.3180,463.6320,0.00804749,19.3180,19.3180,19.3180,0.0000,0.0000,463.6320,0.00804749,57.9540,55.6667,424.9960,427.2833,0.00737687,0.00741657,0.00033531,321.8547,284.8156,2.6980,43.9045,5.3071,5237.4545,16.2727,320.4898,328.1250,200.0,210.0,500.0,532.3996,838.5002,1000.0,200.0,0.0,3.992858,4.761905,1.532642,29,51,12,2,0.81774630,0.00838280,-0.04217715,0E-8,0.000000,0.884920,0.000000,0.27741525,2026-05-28,2026-08-05,11,91,84,70,0.157143,0.976731,0.995759,2.725821,,,,,,,,GLOBAL_BASELINE_NO_ENTITY_RANKING,,,NOT_APPLICABLE_GLOBAL_BASELINE,HF9g-P5,,,,X 全窗基线 · 不参与实体赏罚,8394906,840,A168_HF9F_20260827_0900,2026-08-27 09:00:00
2026-07-28,87455840,2093,0,90.0000000000,0E-10,0E-10,,1,1,0.50665070000000000,0.506650700000,,,,0E-17,NO_DECISIVE_ROUND,R03b_20260811_FULL_v1,L1_ELIGIBILITY,v2026-08-11,2026-03-21..2026-08-06,baccarat_bet02_101_all_pairs_incl_sentinel,round_win = game_pnl > 0 (decisive only),COMPATIBILITY_ONLY_NOT_PRODUCTION,57612.0000,50982.0000,482.9500,179,179,-0.00838280,0.04217715,-0.23523810,-0.00838280,-482.9500,57612.0000,OK,0.0000,19.3180,4.0000,96.0000,AG03-UNRESOLVED,ALL5_LEVELS_bet23_to_bet27,19.3180,19.3180,19.3180,0.0000,0.0000,4.000000,4.000000,4.000000,0.000000,0.000000,96.000000,96.000000,96.000000,100.000000,100.000000,5.0,57.9540,55.6667,424.9960,427.2833,PENDING_AG03,FALSE,NOT_FOR_ENFORCEMENT,463.6320,48942.7200,482.9500,463.6320,19.3180,0.00838280,0.00804749,19.3180,463.6320,0.00804749,19.3180,19.3180,19.3180,0.0000,0.0000,463.6320,0.00804749,57.9540,55.6667,424.9960,427.2833,0.00737687,0.00741657,0.00033531,321.8547,284.8156,2.6980,43.9045,5.3071,5237.4545,16.2727,320.4898,328.1250,200.0,210.0,500.0,532.3996,838.5002,1000.0,200.0,0.0,3.992858,4.761905,1.532642,29,51,12,2,0.81774630,0.00838280,-0.04217715,0E-8,0.000000,0.884920,0.000000,0.27741525,2026-05-28,2026-08-05,11,91,84,70,0.157143,0.976731,0.995759,2.725821,,,,,,,,GLOBAL_BASELINE_NO_ENTITY_RANKING,,,NOT_APPLICABLE_GLOBAL_BASELINE,HF9g-P5,,,,X 全窗基线 · 不参与实体赏罚,8394907,840,A168_HF9F_20260827_0900,2026-08-27 09:00:00
2026-07-28,87455840,2129,0,54.0000000000,-54.0000000000,-54.0000000000,0E-7,1,1,0.50665070000000000,0.506650700000,-1.013391052207602,-1.013391052207602,-1.013391052207602,0E-17,ELIGIBLE,R03b_20260811_FULL_v1,L1_ELIGIBILITY,v2026-08-11,2026-03-21..2026-08-06,baccarat_bet02_101_all_pairs_incl_sentinel,round_win = game_pnl > 0 (decisive only),COMPATIBILITY_ONLY_NOT_PRODUCTION,57612.0000,50982.0000,482.9500,179,179,-0.00838280,0.04217715,-0.23523810,-0.00838280,-482.9500,57612.0000,OK,0.0000,19.3180,4.0000,96.0000,AG03-UNRESOLVED,ALL5_LEVELS_bet23_to_bet27,19.3180,19.3180,19.3180,0.0000,0.0000,4.000000,4.000000,4.000000,0.000000,0.000000,96.000000,96.000000,96.000000,100.000000,100.000000,5.0,57.9540,55.6667,424.9960,427.2833,PENDING_AG03,FALSE,NOT_FOR_ENFORCEMENT,463.6320,48942.7200,482.9500,463.6320,19.3180,0.00838280,0.00804749,19.3180,463.6320,0.00804749,19.3180,19.3180,19.3180,0.0000,0.0000,463.6320,0.00804749,57.9540,55.6667,424.9960,427.2833,0.00737687,0.00741657,0.00033531,321.8547,284.8156,2.6980,43.9045,5.3071,5237.4545,16.2727,320.4898,328.1250,200.0,210.0,500.0,532.3996,838.5002,1000.0,200.0,0.0,3.992858,4.761905,1.532642,29,51,12,2,0.81774630,0.00838280,-0.04217715,0E-8,0.000000,0.884920,0.000000,0.27741525,2026-05-28,2026-08-05,11,91,84,70,0.157143,0.976731,0.995759,2.725821,,,,,,,,GLOBAL_BASELINE_NO_ENTITY_RANKING,,,NOT_APPLICABLE_GLOBAL_BASELINE,HF9g-P5,,,,X 全窗基线 · 不参与实体赏罚,8394908,840,A168_HF9F_20260827_0900,2026-08-27 09:00:00
2026-07-28,87455840,2167,0,870.0000000000,436.5000000000,436.5000000000,0.5000000,2,2,0.50665070000000000,0.506650700000,-0.018812684590367487,-0.018812684590367487,-0.018812684590367487,0E-17,ELIGIBLE,R03b_20260811_FULL_v1,L1_ELIGIBILITY,v2026-08-11,2026-03-21..2026-08-06,baccarat_bet02_101_all_pairs_incl_sentinel,round_win = game_pnl > 0 (decisive only),COMPATIBILITY_ONLY_NOT_PRODUCTION,57612.0000,50982.0000,482.9500,179,179,-0.00838280,0.04217715,-0.23523810,-0.00838280,-482.9500,57612.0000,OK,0.0000,19.3180,4.0000,96.0000,AG03-UNRESOLVED,ALL5_LEVELS_bet23_to_bet27,19.3180,19.3180,19.3180,0.0000,0.0000,4.000000,4.000000,4.000000,0.000000,0.000000,96.000000,96.000000,96.000000,100.000000,100.000000,5.0,57.9540,55.6667,424.9960,427.2833,PENDING_AG03,FALSE,NOT_FOR_ENFORCEMENT,463.6320,48942.7200,482.9500,463.6320,19.3180,0.00838280,0.00804749,19.3180,463.6320,0.00804749,19.3180,19.3180,19.3180,0.0000,0.0000,463.6320,0.00804749,57.9540,55.6667,424.9960,427.2833,0.00737687,0.00741657,0.00033531,321.8547,284.8156,2.6980,43.9045,5.3071,5237.4545,16.2727,320.4898,328.1250,200.0,210.0,500.0,532.3996,838.5002,1000.0,200.0,0.0,3.992858,4.761905,1.532642,29,51,12,2,0.81774630,0.00838280,-0.04217715,0E-8,0.000000,0.884920,0.000000,0.27741525,2026-05-28,2026-08-05,11,91,84,70,0.157143,0.976731,0.995759,2.725821,,,,,,,,GLOBAL_BASELINE_NO_ENTITY_RANKING,,,NOT_APPLICABLE_GLOBAL_BASELINE,HF9g-P5,,,,X 全窗基线 · 不参与实体赏罚,8394909,840,A168_HF9F_20260827_0900,2026-08-27 09:00:00
2026-07-28,87455840,2224,0,250.0000000000,237.5000000000,237.5000000000,1.0000000,1,1,0.50665070000000000,0.506650700000,0.9867858985152569,0.9867858985152569,0.9867858985152569,0E-17,ELIGIBLE,R03b_20260811_FULL_v1,L1_ELIGIBILITY,v2026-08-11,2026-03-21..2026-08-06,baccarat_bet02_101_all_pairs_incl_sentinel,round_win = game_pnl > 0 (decisive only),COMPATIBILITY_ONLY_NOT_PRODUCTION,57612.0000,50982.0000,482.9500,179,179,-0.00838280,0.04217715,-0.23523810,-0.00838280,-482.9500,57612.0000,OK,0.0000,19.3180,4.0000,96.0000,AG03-UNRESOLVED,ALL5_LEVELS_bet23_to_bet27,19.3180,19.3180,19.3180,0.0000,0.0000,4.000000,4.000000,4.000000,0.000000,0.000000,96.000000,96.000000,96.000000,100.000000,100.000000,5.0,57.9540,55.6667,424.9960,427.2833,PENDING_AG03,FALSE,NOT_FOR_ENFORCEMENT,463.6320,48942.7200,482.9500,463.6320,19.3180,0.00838280,0.00804749,19.3180,463.6320,0.00804749,19.3180,19.3180,19.3180,0.0000,0.0000,463.6320,0.00804749,57.9540,55.6667,424.9960,427.2833,0.00737687,0.00741657,0.00033531,321.8547,284.8156,2.6980,43.9045,5.3071,5237.4545,16.2727,320.4898,328.1250,200.0,210.0,500.0,532.3996,838.5002,1000.0,200.0,0.0,3.992858,4.761905,1.532642,29,51,12,2,0.81774630,0.00838280,-0.04217715,0E-8,0.000000,0.884920,0.000000,0.27741525,2026-05-28,2026-08-05,11,91,84,70,0.157143,0.976731,0.995759,2.725821,,,,,,,,GLOBAL_BASELINE_NO_ENTITY_RANKING,,,NOT_APPLICABLE_GLOBAL_BASELINE,HF9g-P5,,,,X 全窗基线 · 不参与实体赏罚,8394910,840,A168_HF9F_20260827_0900,2026-08-27 09:00:00
2026-07-28,87455840,2251,0,300.0000000000,285.0000000000,285.0000000000,1.0000000,1,1,0.50665070000000000,0.506650700000,0.9867858985152569,0.9867858985152569,0.9867858985152569,0E-17,ELIGIBLE,R03b_20260811_FULL_v1,L1_ELIGIBILITY,v2026-08-11,2026-03-21..2026-08-06,baccarat_bet02_101_all_pairs_incl_sentinel,round_win = game_pnl > 0 (decisive only),COMPATIBILITY_ONLY_NOT_PRODUCTION,57612.0000,50982.0000,482.9500,179,179,-0.00838280,0.04217715,-0.23523810,-0.00838280,-482.9500,57612.0000,OK,0.0000,19.3180,4.0000,96.0000,AG03-UNRESOLVED,ALL5_LEVELS_bet23_to_bet27,19.3180,19.3180,19.3180,0.0000,0.0000,4.000000,4.000000,4.000000,0.000000,0.000000,96.000000,96.000000,96.000000,100.000000,100.000000,5.0,57.9540,55.6667,424.9960,427.2833,PENDING_AG03,FALSE,NOT_FOR_ENFORCEMENT,463.6320,48942.7200,482.9500,463.6320,19.3180,0.00838280,0.00804749,19.3180,463.6320,0.00804749,19.3180,19.3180,19.3180,0.0000,0.0000,463.6320,0.00804749,57.9540,55.6667,424.9960,427.2833,0.00737687,0.00741657,0.00033531,321.8547,284.8156,2.6980,43.9045,5.3071,5237.4545,16.2727,320.4898,328.1250,200.0,210.0,500.0,532.3996,838.5002,1000.0,200.0,0.0,3.992858,4.761905,1.532642,29,51,12,2,0.81774630,0.00838280,-0.04217715,0E-8,0.000000,0.884920,0.000000,0.27741525,2026-05-28,2026-08-05,11,91,84,70,0.157143,0.976731,0.995759,2.725821,,,,,,,,GLOBAL_BASELINE_NO_ENTITY_RANKING,,,NOT_APPLICABLE_GLOBAL_BASELINE,HF9g-P5,,,,X 全窗基线 · 不参与实体赏罚,8394911,840,A168_HF9F_20260827_0900,2026-08-27 09:00:00
2026-07-28,87455840,2289,0,200.0000000000,-200.0000000000,-200.0000000000,0E-7,1,1,0.50665070000000000,0.506650700000,-1.013391052207602,-1.013391052207602,-1.013391052207602,0E-17,ELIGIBLE,R03b_20260811_FULL_v1,L1_ELIGIBILITY,v2026-08-11,2026-03-21..2026-08-06,baccarat_bet02_101_all_pairs_incl_sentinel,round_win = game_pnl > 0 (decisive only),COMPATIBILITY_ONLY_NOT_PRODUCTION,57612.0000,50982.0000,482.9500,179,179,-0.00838280,0.04217715,-0.23523810,-0.00838280,-482.9500,57612.0000,OK,0.0000,19.3180,4.0000,96.0000,AG03-UNRESOLVED,ALL5_LEVELS_bet23_to_bet27,19.3180,19.3180,19.3180,0.0000,0.0000,4.000000,4.000000,4.000000,0.000000,0.000000,96.000000,96.000000,96.000000,100.000000,100.000000,5.0,57.9540,55.6667,424.9960,427.2833,PENDING_AG03,FALSE,NOT_FOR_ENFORCEMENT,463.6320,48942.7200,482.9500,463.6320,19.3180,0.00838280,0.00804749,19.3180,463.6320,0.00804749,19.3180,19.3180,19.3180,0.0000,0.0000,463.6320,0.00804749,57.9540,55.6667,424.9960,427.2833,0.00737687,0.00741657,0.00033531,321.8547,284.8156,2.6980,43.9045,5.3071,5237.4545,16.2727,320.4898,328.1250,200.0,210.0,500.0,532.3996,838.5002,1000.0,200.0,0.0,3.992858,4.761905,1.532642,29,51,12,2,0.81774630,0.00838280,-0.04217715,0E-8,0.000000,0.884920,0.000000,0.27741525,2026-05-28,2026-08-05,11,91,84,70,0.157143,0.976731,0.995759,2.725821,,,,,,,,GLOBAL_BASELINE_NO_ENTITY_RANKING,,,NOT_APPLICABLE_GLOBAL_BASELINE,HF9g-P5,,,,X 全窗基线 · 不参与实体赏罚,8394912,840,A168_HF9F_20260827_0900,2026-08-27 09:00:00
2026-07-28,87455840,550,0,200.0000000000,-200.0000000000,-200.0000000000,0E-7,1,1,0.50665070000000000,0.506650700000,-1.013391052207602,-1.013391052207602,-1.013391052207602,0E-17,ELIGIBLE,R03b_20260811_FULL_v1,L1_ELIGIBILITY,v2026-08-11,2026-03-21..2026-08-06,baccarat_bet02_101_all_pairs_incl_sentinel,round_win = game_pnl > 0 (decisive only),COMPATIBILITY_ONLY_NOT_PRODUCTION,57612.0000,50982.0000,482.9500,179,179,-0.00838280,0.04217715,-0.23523810,-0.00838280,-482.9500,57612.0000,OK,0.0000,19.3180,4.0000,96.0000,AG03-UNRESOLVED,ALL5_LEVELS_bet23_to_bet27,19.3180,19.3180,19.3180,0.0000,0.0000,4.000000,4.000000,4.000000,0.000000,0.000000,96.000000,96.000000,96.000000,100.000000,100.000000,5.0,57.9540,55.6667,424.9960,427.2833,PENDING_AG03,FALSE,NOT_FOR_ENFORCEMENT,463.6320,48942.7200,482.9500,463.6320,19.3180,0.00838280,0.00804749,19.3180,463.6320,0.00804749,19.3180,19.3180,19.3180,0.0000,0.0000,463.6320,0.00804749,57.9540,55.6667,424.9960,427.2833,0.00737687,0.00741657,0.00033531,321.8547,284.8156,2.6980,43.9045,5.3071,5237.4545,16.2727,320.4898,328.1250,200.0,210.0,500.0,532.3996,838.5002,1000.0,200.0,0.0,3.992858,4.761905,1.532642,29,51,12,2,0.81774630,0.00838280,-0.04217715,0E-8,0.000000,0.884920,0.000000,0.27741525,2026-05-28,2026-08-05,11,91,84,70,0.157143,0.976731,0.995759,2.725821,,,,,,,,GLOBAL_BASELINE_NO_ENTITY_RANKING,,,NOT_APPLICABLE_GLOBAL_BASELINE,HF9g-P5,,,,X 全窗基线 · 不参与实体赏罚,8394913,840,A168_HF9F_20260827_0900,2026-08-27 09:00:00
2026-07-28,87455840,789,0,200.0000000000,190.0000000000,190.0000000000,1.0000000,1,1,0.50665070000000000,0.506650700000,0.9867858985152569,0.9867858985152569,0.9867858985152569,0E-17,ELIGIBLE,R03b_20260811_FULL_v1,L1_ELIGIBILITY,v2026-08-11,2026-03-21..2026-08-06,baccarat_bet02_101_all_pairs_incl_sentinel,round_win = game_pnl > 0 (decisive only),COMPATIBILITY_ONLY_NOT_PRODUCTION,57612.0000,50982.0000,482.9500,179,179,-0.00838280,0.04217715,-0.23523810,-0.00838280,-482.9500,57612.0000,OK,0.0000,19.3180,4.0000,96.0000,AG03-UNRESOLVED,ALL5_LEVELS_bet23_to_bet27,19.3180,19.3180,19.3180,0.0000,0.0000,4.000000,4.000000,4.000000,0.000000,0.000000,96.000000,96.000000,96.000000,100.000000,100.000000,5.0,57.9540,55.6667,424.9960,427.2833,PENDING_AG03,FALSE,NOT_FOR_ENFORCEMENT,463.6320,48942.7200,482.9500,463.6320,19.3180,0.00838280,0.00804749,19.3180,463.6320,0.00804749,19.3180,19.3180,19.3180,0.0000,0.0000,463.6320,0.00804749,57.9540,55.6667,424.9960,427.2833,0.00737687,0.00741657,0.00033531,321.8547,284.8156,2.6980,43.9045,5.3071,5237.4545,16.2727,320.4898,328.1250,200.0,210.0,500.0,532.3996,838.5002,1000.0,200.0,0.0,3.992858,4.761905,1.532642,29,51,12,2,0.81774630,0.00838280,-0.04217715,0E-8,0.000000,0.884920,0.000000,0.27741525,2026-05-28,2026-08-05,11,91,84,70,0.157143,0.976731,0.995759,2.725821,,,,,,,,GLOBAL_BASELINE_NO_ENTITY_RANKING,,,NOT_APPLICABLE_GLOBAL_BASELINE,HF9g-P5,,,,X 全窗基线 · 不参与实体赏罚,8394914,840,A168_HF9F_20260827_0900,2026-08-27 09:00:00
2026-07-29,87455840,-1,1,800.0000000000,-800.0000000000,-800.0000000000,0E-7,2,2,0.50665070000000000,0.506650700000,-1.4331513700195317,-1.4331513700195317,-1.4331513700195317,0E-17,SENTINEL_DEALER,R03b_20260811_FULL_v1,L1_ELIGIBILITY,v2026-08-11,2026-03-21..2026-08-06,baccarat_bet02_101_all_pairs_incl_sentinel,round_win = game_pnl > 0 (decisive only),COMPATIBILITY_ONLY_NOT_PRODUCTION,57612.0000,50982.0000,482.9500,179,179,-0.00838280,0.04217715,-0.23523810,-0.00838280,-482.9500,57612.0000,OK,0.0000,19.3180,4.0000,96.0000,AG03-UNRESOLVED,ALL5_LEVELS_bet23_to_bet27,19.3180,19.3180,19.3180,0.0000,0.0000,4.000000,4.000000,4.000000,0.000000,0.000000,96.000000,96.000000,96.000000,100.000000,100.000000,5.0,57.9540,55.6667,424.9960,427.2833,PENDING_AG03,FALSE,NOT_FOR_ENFORCEMENT,463.6320,48942.7200,482.9500,463.6320,19.3180,0.00838280,0.00804749,19.3180,463.6320,0.00804749,19.3180,19.3180,19.3180,0.0000,0.0000,463.6320,0.00804749,57.9540,55.6667,424.9960,427.2833,0.00737687,0.00741657,0.00033531,321.8547,284.8156,2.6980,43.9045,5.3071,5237.4545,16.2727,320.4898,328.1250,200.0,210.0,500.0,532.3996,838.5002,1000.0,200.0,0.0,3.992858,4.761905,1.532642,29,51,12,2,0.81774630,0.00838280,-0.04217715,0E-8,0.000000,0.884920,0.000000,0.27741525,2026-05-28,2026-08-05,11,91,84,70,0.157143,0.976731,0.995759,2.725821,,,,,,,,GLOBAL_BASELINE_NO_ENTITY_RANKING,,,NOT_APPLICABLE_GLOBAL_BASELINE,HF9g-P5,,,,X 全窗基线 · 不参与实体赏罚,8394915,840,A168_HF9F_20260827_0900,2026-08-27 09:00:00
2026-07-29,87455840,1157,0,200.0000000000,-200.0000000000,-200.0000000000,0E-7,1,1,0.50665070000000000,0.506650700000,-1.013391052207602,-1.013391052207602,-1.013391052207602,0E-17,ELIGIBLE,R03b_20260811_FULL_v1,L1_ELIGIBILITY,v2026-08-11,2026-03-21..2026-08-06,baccarat_bet02_101_all_pairs_incl_sentinel,round_win = game_pnl > 0 (decisive only),COMPATIBILITY_ONLY_NOT_PRODUCTION,57612.0000,50982.0000,482.9500,179,179,-0.00838280,0.04217715,-0.23523810,-0.00838280,-482.9500,57612.0000,OK,0.0000,19.3180,4.0000,96.0000,AG03-UNRESOLVED,ALL5_LEVELS_bet23_to_bet27,19.3180,19.3180,19.3180,0.0000,0.0000,4.000000,4.000000,4.000000,0.000000,0.000000,96.000000,96.000000,96.000000,100.000000,100.000000,5.0,57.9540,55.6667,424.9960,427.2833,PENDING_AG03,FALSE,NOT_FOR_ENFORCEMENT,463.6320,48942.7200,482.9500,463.6320,19.3180,0.00838280,0.00804749,19.3180,463.6320,0.00804749,19.3180,19.3180,19.3180,0.0000,0.0000,463.6320,0.00804749,57.9540,55.6667,424.9960,427.2833,0.00737687,0.00741657,0.00033531,321.8547,284.8156,2.6980,43.9045,5.3071,5237.4545,16.2727,320.4898,328.1250,200.0,210.0,500.0,532.3996,838.5002,1000.0,200.0,0.0,3.992858,4.761905,1.532642,29,51,12,2,0.81774630,0.00838280,-0.04217715,0E-8,0.000000,0.884920,0.000000,0.27741525,2026-05-28,2026-08-05,11,91,84,70,0.157143,0.976731,0.995759,2.725821,,,,,,,,GLOBAL_BASELINE_NO_ENTITY_RANKING,,,NOT_APPLICABLE_GLOBAL_BASELINE,HF9g-P5,,,,X 全窗基线 · 不参与实体赏罚,8394916,840,A168_HF9F_20260827_0900,2026-08-27 09:00:00
2026-07-29,87455840,1957,0,506.0000000000,-506.0000000000,-506.0000000000,0E-7,1,1,0.50665070000000000,0.506650700000,-1.013391052207602,-1.013391052207602,-1.013391052207602,0E-17,ELIGIBLE,R03b_20260811_FULL_v1,L1_ELIGIBILITY,v2026-08-11,2026-03-21..2026-08-06,baccarat_bet02_101_all_pairs_incl_sentinel,round_win = game_pnl > 0 (decisive only),COMPATIBILITY_ONLY_NOT_PRODUCTION,57612.0000,50982.0000,482.9500,179,179,-0.00838280,0.04217715,-0.23523810,-0.00838280,-482.9500,57612.0000,OK,0.0000,19.3180,4.0000,96.0000,AG03-UNRESOLVED,ALL5_LEVELS_bet23_to_bet27,19.3180,19.3180,19.3180,0.0000,0.0000,4.000000,4.000000,4.000000,0.000000,0.000000,96.000000,96.000000,96.000000,100.000000,100.000000,5.0,57.9540,55.6667,424.9960,427.2833,PENDING_AG03,FALSE,NOT_FOR_ENFORCEMENT,463.6320,48942.7200,482.9500,463.6320,19.3180,0.00838280,0.00804749,19.3180,463.6320,0.00804749,19.3180,19.3180,19.3180,0.0000,0.0000,463.6320,0.00804749,57.9540,55.6667,424.9960,427.2833,0.00737687,0.00741657,0.00033531,321.8547,284.8156,2.6980,43.9045,5.3071,5237.4545,16.2727,320.4898,328.1250,200.0,210.0,500.0,532.3996,838.5002,1000.0,200.0,0.0,3.992858,4.761905,1.532642,29,51,12,2,0.81774630,0.00838280,-0.04217715,0E-8,0.000000,0.884920,0.000000,0.27741525,2026-05-28,2026-08-05,11,91,84,70,0.157143,0.976731,0.995759,2.725821,,,,,,,,GLOBAL_BASELINE_NO_ENTITY_RANKING,,,NOT_APPLICABLE_GLOBAL_BASELINE,HF9g-P5,,,,X 全窗基线 · 不参与实体赏罚,8394917,840,A168_HF9F_20260827_0900,2026-08-27 09:00:00
2026-07-29,87455840,986,0,223.0000000000,-223.0000000000,-223.0000000000,0E-7,1,1,0.50665070000000000,0.506650700000,-1.013391052207602,-1.013391052207602,-1.013391052207602,0E-17,ELIGIBLE,R03b_20260811_FULL_v1,L1_ELIGIBILITY,v2026-08-11,2026-03-21..2026-08-06,baccarat_bet02_101_all_pairs_incl_sentinel,round_win = game_pnl > 0 (decisive only),COMPATIBILITY_ONLY_NOT_PRODUCTION,57612.0000,50982.0000,482.9500,179,179,-0.00838280,0.04217715,-0.23523810,-0.00838280,-482.9500,57612.0000,OK,0.0000,19.3180,4.0000,96.0000,AG03-UNRESOLVED,ALL5_LEVELS_bet23_to_bet27,19.3180,19.3180,19.3180,0.0000,0.0000,4.000000,4.000000,4.000000,0.000000,0.000000,96.000000,96.000000,96.000000,100.000000,100.000000,5.0,57.9540,55.6667,424.9960,427.2833,PENDING_AG03,FALSE,NOT_FOR_ENFORCEMENT,463.6320,48942.7200,482.9500,463.6320,19.3180,0.00838280,0.00804749,19.3180,463.6320,0.00804749,19.3180,19.3180,19.3180,0.0000,0.0000,463.6320,0.00804749,57.9540,55.6667,424.9960,427.2833,0.00737687,0.00741657,0.00033531,321.8547,284.8156,2.6980,43.9045,5.3071,5237.4545,16.2727,320.4898,328.1250,200.0,210.0,500.0,532.3996,838.5002,1000.0,200.0,0.0,3.992858,4.761905,1.532642,29,51,12,2,0.81774630,0.00838280,-0.04217715,0E-8,0.000000,0.884920,0.000000,0.27741525,2026-05-28,2026-08-05,11,91,84,70,0.157143,0.976731,0.995759,2.725821,,,,,,,,GLOBAL_BASELINE_NO_ENTITY_RANKING,,,NOT_APPLICABLE_GLOBAL_BASELINE,HF9g-P5,,,,X 全窗基线 · 不参与实体赏罚,8394918,840,A168_HF9F_20260827_0900,2026-08-27 09:00:00
2026-07-30,87455840,-1,1,790.0000000000,-400.0000000000,-400.0000000000,0.3333333,3,3,0.50665070000000000,0.506650700000,-0.6004420894325239,-0.6004420894325239,-0.6004420894325239,0E-17,SENTINEL_DEALER,R03b_20260811_FULL_v1,L1_ELIGIBILITY,v2026-08-11,2026-03-21..2026-08-06,baccarat_bet02_101_all_pairs_incl_sentinel,round_win = game_pnl > 0 (decisive only),COMPATIBILITY_ONLY_NOT_PRODUCTION,57612.0000,50982.0000,482.9500,179,179,-0.00838280,0.04217715,-0.23523810,-0.00838280,-482.9500,57612.0000,OK,0.0000,19.3180,4.0000,96.0000,AG03-UNRESOLVED,ALL5_LEVELS_bet23_to_bet27,19.3180,19.3180,19.3180,0.0000,0.0000,4.000000,4.000000,4.000000,0.000000,0.000000,96.000000,96.000000,96.000000,100.000000,100.000000,5.0,57.9540,55.6667,424.9960,427.2833,PENDING_AG03,FALSE,NOT_FOR_ENFORCEMENT,463.6320,48942.7200,482.9500,463.6320,19.3180,0.00838280,0.00804749,19.3180,463.6320,0.00804749,19.3180,19.3180,19.3180,0.0000,0.0000,463.6320,0.00804749,57.9540,55.6667,424.9960,427.2833,0.00737687,0.00741657,0.00033531,321.8547,284.8156,2.6980,43.9045,5.3071,5237.4545,16.2727,320.4898,328.1250,200.0,210.0,500.0,532.3996,838.5002,1000.0,200.0,0.0,3.992858,4.761905,1.532642,29,51,12,2,0.81774630,0.00838280,-0.04217715,0E-8,0.000000,0.884920,0.000000,0.27741525,2026-05-28,2026-08-05,11,91,84,70,0.157143,0.976731,0.995759,2.725821,,,,,,,,GLOBAL_BASELINE_NO_ENTITY_RANKING,,,NOT_APPLICABLE_GLOBAL_BASELINE,HF9g-P5,,,,X 全窗基线 · 不参与实体赏罚,8394919,840,A168_HF9F_20260827_0900,2026-08-27 09:00:00
2026-08-05,87455840,-1,1,1230.0000000000,298.5000000000,298.5000000000,0.6250000,9,9,0.50516123333333333,0.505161233333,0.6779465561619745,0.6779465561638555,0.6779465561619745,3.3333E-13,SENTINEL_DEALER,R03b_20260811_FULL_v1,L1_ELIGIBILITY,v2026-08-11,2026-03-21..2026-08-06,baccarat_bet02_101_all_pairs_incl_sentinel,round_win = game_pnl > 0 (decisive only),COMPATIBILITY_ONLY_NOT_PRODUCTION,57612.0000,50982.0000,482.9500,179,179,-0.00838280,0.04217715,-0.23523810,-0.00838280,-482.9500,57612.0000,OK,0.0000,19.3180,4.0000,96.0000,AG03-UNRESOLVED,ALL5_LEVELS_bet23_to_bet27,19.3180,19.3180,19.3180,0.0000,0.0000,4.000000,4.000000,4.000000,0.000000,0.000000,96.000000,96.000000,96.000000,100.000000,100.000000,5.0,57.9540,55.6667,424.9960,427.2833,PENDING_AG03,FALSE,NOT_FOR_ENFORCEMENT,463.6320,48942.7200,482.9500,463.6320,19.3180,0.00838280,0.00804749,19.3180,463.6320,0.00804749,19.3180,19.3180,19.3180,0.0000,0.0000,463.6320,0.00804749,57.9540,55.6667,424.9960,427.2833,0.00737687,0.00741657,0.00033531,321.8547,284.8156,2.6980,43.9045,5.3071,5237.4545,16.2727,320.4898,328.1250,200.0,210.0,500.0,532.3996,838.5002,1000.0,200.0,0.0,3.992858,4.761905,1.532642,29,51,12,2,0.81774630,0.00838280,-0.04217715,0E-8,0.000000,0.884920,0.000000,0.27741525,2026-05-28,2026-08-05,11,91,84,70,0.157143,0.976731,0.995759,2.725821,,,,,,,,GLOBAL_BASELINE_NO_ENTITY_RANKING,,,NOT_APPLICABLE_GLOBAL_BASELINE,HF9g-P5,,,,X 全窗基线 · 不参与实体赏罚,8394920,840,A168_HF9F_20260827_0900,2026-08-27 09:00:00
2026-08-05,87455840,1323,0,200.0000000000,190.0000000000,190.0000000000,1.0000000,1,1,0.50665070000000000,0.506650700000,0.9867858985152569,0.9867858985152569,0.9867858985152569,0E-17,ELIGIBLE,R03b_20260811_FULL_v1,L1_ELIGIBILITY,v2026-08-11,2026-03-21..2026-08-06,baccarat_bet02_101_all_pairs_incl_sentinel,round_win = game_pnl > 0 (decisive only),COMPATIBILITY_ONLY_NOT_PRODUCTION,57612.0000,50982.0000,482.9500,179,179,-0.00838280,0.04217715,-0.23523810,-0.00838280,-482.9500,57612.0000,OK,0.0000,19.3180,4.0000,96.0000,AG03-UNRESOLVED,ALL5_LEVELS_bet23_to_bet27,19.3180,19.3180,19.3180,0.0000,0.0000,4.000000,4.000000,4.000000,0.000000,0.000000,96.000000,96.000000,96.000000,100.000000,100.000000,5.0,57.9540,55.6667,424.9960,427.2833,PENDING_AG03,FALSE,NOT_FOR_ENFORCEMENT,463.6320,48942.7200,482.9500,463.6320,19.3180,0.00838280,0.00804749,19.3180,463.6320,0.00804749,19.3180,19.3180,19.3180,0.0000,0.0000,463.6320,0.00804749,57.9540,55.6667,424.9960,427.2833,0.00737687,0.00741657,0.00033531,321.8547,284.8156,2.6980,43.9045,5.3071,5237.4545,16.2727,320.4898,328.1250,200.0,210.0,500.0,532.3996,838.5002,1000.0,200.0,0.0,3.992858,4.761905,1.532642,29,51,12,2,0.81774630,0.00838280,-0.04217715,0E-8,0.000000,0.884920,0.000000,0.27741525,2026-05-28,2026-08-05,11,91,84,70,0.157143,0.976731,0.995759,2.725821,,,,,,,,GLOBAL_BASELINE_NO_ENTITY_RANKING,,,NOT_APPLICABLE_GLOBAL_BASELINE,HF9g-P5,,,,X 全窗基线 · 不参与实体赏罚,8394921,840,A168_HF9F_20260827_0900,2026-08-27 09:00:00
2026-08-05,87455840,1935,0,400.0000000000,0E-10,0E-10,0.5000000,2,2,0.49324550000000000,0.493245500000,0.01910635448239258,0.01910635448239258,0.01910635448239258,0E-17,ELIGIBLE,R03b_20260811_FULL_v1,L1_ELIGIBILITY,v2026-08-11,2026-03-21..2026-08-06,baccarat_bet02_101_all_pairs_incl_sentinel,round_win = game_pnl > 0 (decisive only),COMPATIBILITY_ONLY_NOT_PRODUCTION,57612.0000,50982.0000,482.9500,179,179,-0.00838280,0.04217715,-0.23523810,-0.00838280,-482.9500,57612.0000,OK,0.0000,19.3180,4.0000,96.0000,AG03-UNRESOLVED,ALL5_LEVELS_bet23_to_bet27,19.3180,19.3180,19.3180,0.0000,0.0000,4.000000,4.000000,4.000000,0.000000,0.000000,96.000000,96.000000,96.000000,100.000000,100.000000,5.0,57.9540,55.6667,424.9960,427.2833,PENDING_AG03,FALSE,NOT_FOR_ENFORCEMENT,463.6320,48942.7200,482.9500,463.6320,19.3180,0.00838280,0.00804749,19.3180,463.6320,0.00804749,19.3180,19.3180,19.3180,0.0000,0.0000,463.6320,0.00804749,57.9540,55.6667,424.9960,427.2833,0.00737687,0.00741657,0.00033531,321.8547,284.8156,2.6980,43.9045,5.3071,5237.4545,16.2727,320.4898,328.1250,200.0,210.0,500.0,532.3996,838.5002,1000.0,200.0,0.0,3.992858,4.761905,1.532642,29,51,12,2,0.81774630,0.00838280,-0.04217715,0E-8,0.000000,0.884920,0.000000,0.27741525,2026-05-28,2026-08-05,11,91,84,70,0.157143,0.976731,0.995759,2.725821,,,,,,,,GLOBAL_BASELINE_NO_ENTITY_RANKING,,,NOT_APPLICABLE_GLOBAL_BASELINE,HF9g-P5,,,,X 全窗基线 · 不参与实体赏罚,8394922,840,A168_HF9F_20260827_0900,2026-08-27 09:00:00
2026-08-05,87455840,1940,0,850.0000000000,417.5000000000,417.5000000000,0.6666667,3,3,0.50665070000000000,0.506650700000,0.5543606114942035,0.5543606114942035,0.5543606114942035,0E-17,ELIGIBLE,R03b_20260811_FULL_v1,L1_ELIGIBILITY,v2026-08-11,2026-03-21..2026-08-06,baccarat_bet02_101_all_pairs_incl_sentinel,round_win = game_pnl > 0 (decisive only),COMPATIBILITY_ONLY_NOT_PRODUCTION,57612.0000,50982.0000,482.9500,179,179,-0.00838280,0.04217715,-0.23523810,-0.00838280,-482.9500,57612.0000,OK,0.0000,19.3180,4.0000,96.0000,AG03-UNRESOLVED,ALL5_LEVELS_bet23_to_bet27,19.3180,19.3180,19.3180,0.0000,0.0000,4.000000,4.000000,4.000000,0.000000,0.000000,96.000000,96.000000,96.000000,100.000000,100.000000,5.0,57.9540,55.6667,424.9960,427.2833,PENDING_AG03,FALSE,NOT_FOR_ENFORCEMENT,463.6320,48942.7200,482.9500,463.6320,19.3180,0.00838280,0.00804749,19.3180,463.6320,0.00804749,19.3180,19.3180,19.3180,0.0000,0.0000,463.6320,0.00804749,57.9540,55.6667,424.9960,427.2833,0.00737687,0.00741657,0.00033531,321.8547,284.8156,2.6980,43.9045,5.3071,5237.4545,16.2727,320.4898,328.1250,200.0,210.0,500.0,532.3996,838.5002,1000.0,200.0,0.0,3.992858,4.761905,1.532642,29,51,12,2,0.81774630,0.00838280,-0.04217715,0E-8,0.000000,0.884920,0.000000,0.27741525,2026-05-28,2026-08-05,11,91,84,70,0.157143,0.976731,0.995759,2.725821,,,,,,,,GLOBAL_BASELINE_NO_ENTITY_RANKING,,,NOT_APPLICABLE_GLOBAL_BASELINE,HF9g-P5,,,,X 全窗基线 · 不参与实体赏罚,8394923,840,A168_HF9F_20260827_0900,2026-08-27 09:00:00
2026-08-05,87455840,1963,0,200.0000000000,0E-10,0E-10,,1,1,0.50665070000000000,0.506650700000,,,,0E-17,NO_DECISIVE_ROUND,R03b_20260811_FULL_v1,L1_ELIGIBILITY,v2026-08-11,2026-03-21..2026-08-06,baccarat_bet02_101_all_pairs_incl_sentinel,round_win = game_pnl > 0 (decisive only),COMPATIBILITY_ONLY_NOT_PRODUCTION,57612.0000,50982.0000,482.9500,179,179,-0.00838280,0.04217715,-0.23523810,-0.00838280,-482.9500,57612.0000,OK,0.0000,19.3180,4.0000,96.0000,AG03-UNRESOLVED,ALL5_LEVELS_bet23_to_bet27,19.3180,19.3180,19.3180,0.0000,0.0000,4.000000,4.000000,4.000000,0.000000,0.000000,96.000000,96.000000,96.000000,100.000000,100.000000,5.0,57.9540,55.6667,424.9960,427.2833,PENDING_AG03,FALSE,NOT_FOR_ENFORCEMENT,463.6320,48942.7200,482.9500,463.6320,19.3180,0.00838280,0.00804749,19.3180,463.6320,0.00804749,19.3180,19.3180,19.3180,0.0000,0.0000,463.6320,0.00804749,57.9540,55.6667,424.9960,427.2833,0.00737687,0.00741657,0.00033531,321.8547,284.8156,2.6980,43.9045,5.3071,5237.4545,16.2727,320.4898,328.1250,200.0,210.0,500.0,532.3996,838.5002,1000.0,200.0,0.0,3.992858,4.761905,1.532642,29,51,12,2,0.81774630,0.00838280,-0.04217715,0E-8,0.000000,0.884920,0.000000,0.27741525,2026-05-28,2026-08-05,11,91,84,70,0.157143,0.976731,0.995759,2.725821,,,,,,,,GLOBAL_BASELINE_NO_ENTITY_RANKING,,,NOT_APPLICABLE_GLOBAL_BASELINE,HF9g-P5,,,,X 全窗基线 · 不参与实体赏罚,8394924,840,A168_HF9F_20260827_0900,2026-08-27 09:00:00
2026-08-05,87455840,2101,0,500.0000000000,182.5000000000,182.5000000000,0.7500000,4,4,0.50665070000000000,0.506650700000,0.9734833216690844,0.9734833216690844,0.9734833216690844,0E-17,ELIGIBLE,R03b_20260811_FULL_v1,L1_ELIGIBILITY,v2026-08-11,2026-03-21..2026-08-06,baccarat_bet02_101_all_pairs_incl_sentinel,round_win = game_pnl > 0 (decisive only),COMPATIBILITY_ONLY_NOT_PRODUCTION,57612.0000,50982.0000,482.9500,179,179,-0.00838280,0.04217715,-0.23523810,-0.00838280,-482.9500,57612.0000,OK,0.0000,19.3180,4.0000,96.0000,AG03-UNRESOLVED,ALL5_LEVELS_bet23_to_bet27,19.3180,19.3180,19.3180,0.0000,0.0000,4.000000,4.000000,4.000000,0.000000,0.000000,96.000000,96.000000,96.000000,100.000000,100.000000,5.0,57.9540,55.6667,424.9960,427.2833,PENDING_AG03,FALSE,NOT_FOR_ENFORCEMENT,463.6320,48942.7200,482.9500,463.6320,19.3180,0.00838280,0.00804749,19.3180,463.6320,0.00804749,19.3180,19.3180,19.3180,0.0000,0.0000,463.6320,0.00804749,57.9540,55.6667,424.9960,427.2833,0.00737687,0.00741657,0.00033531,321.8547,284.8156,2.6980,43.9045,5.3071,5237.4545,16.2727,320.4898,328.1250,200.0,210.0,500.0,532.3996,838.5002,1000.0,200.0,0.0,3.992858,4.761905,1.532642,29,51,12,2,0.81774630,0.00838280,-0.04217715,0E-8,0.000000,0.884920,0.000000,0.27741525,2026-05-28,2026-08-05,11,91,84,70,0.157143,0.976731,0.995759,2.725821,,,,,,,,GLOBAL_BASELINE_NO_ENTITY_RANKING,,,NOT_APPLICABLE_GLOBAL_BASELINE,HF9g-P5,,,,X 全窗基线 · 不参与实体赏罚,8394925,840,A168_HF9F_20260827_0900,2026-08-27 09:00:00
2026-08-05,87455840,2115,0,380.0000000000,-190.0000000000,-190.0000000000,0E-7,2,2,0.50665070000000000,0.506650700000,-1.013391052207602,-1.013391052207602,-1.013391052207602,0E-17,ELIGIBLE,R03b_20260811_FULL_v1,L1_ELIGIBILITY,v2026-08-11,2026-03-21..2026-08-06,baccarat_bet02_101_all_pairs_incl_sentinel,round_win = game_pnl > 0 (decisive only),COMPATIBILITY_ONLY_NOT_PRODUCTION,57612.0000,50982.0000,482.9500,179,179,-0.00838280,0.04217715,-0.23523810,-0.00838280,-482.9500,57612.0000,OK,0.0000,19.3180,4.0000,96.0000,AG03-UNRESOLVED,ALL5_LEVELS_bet23_to_bet27,19.3180,19.3180,19.3180,0.0000,0.0000,4.000000,4.000000,4.000000,0.000000,0.000000,96.000000,96.000000,96.000000,100.000000,100.000000,5.0,57.9540,55.6667,424.9960,427.2833,PENDING_AG03,FALSE,NOT_FOR_ENFORCEMENT,463.6320,48942.7200,482.9500,463.6320,19.3180,0.00838280,0.00804749,19.3180,463.6320,0.00804749,19.3180,19.3180,19.3180,0.0000,0.0000,463.6320,0.00804749,57.9540,55.6667,424.9960,427.2833,0.00737687,0.00741657,0.00033531,321.8547,284.8156,2.6980,43.9045,5.3071,5237.4545,16.2727,320.4898,328.1250,200.0,210.0,500.0,532.3996,838.5002,1000.0,200.0,0.0,3.992858,4.761905,1.532642,29,51,12,2,0.81774630,0.00838280,-0.04217715,0E-8,0.000000,0.884920,0.000000,0.27741525,2026-05-28,2026-08-05,11,91,84,70,0.157143,0.976731,0.995759,2.725821,,,,,,,,GLOBAL_BASELINE_NO_ENTITY_RANKING,,,NOT_APPLICABLE_GLOBAL_BASELINE,HF9g-P5,,,,X 全窗基线 · 不参与实体赏罚,8394926,840,A168_HF9F_20260827_0900,2026-08-27 09:00:00
2026-08-05,87455840,2153,0,200.0000000000,-200.0000000000,-200.0000000000,0E-7,1,1,0.49324550000000000,0.493245500000,-0.9865810262130424,-0.9865810262130424,-0.9865810262130424,0E-17,ELIGIBLE,R03b_20260811_FULL_v1,L1_ELIGIBILITY,v2026-08-11,2026-03-21..2026-08-06,baccarat_bet02_101_all_pairs_incl_sentinel,round_win = game_pnl > 0 (decisive only),COMPATIBILITY_ONLY_NOT_PRODUCTION,57612.0000,50982.0000,482.9500,179,179,-0.00838280,0.04217715,-0.23523810,-0.00838280,-482.9500,57612.0000,OK,0.0000,19.3180,4.0000,96.0000,AG03-UNRESOLVED,ALL5_LEVELS_bet23_to_bet27,19.3180,19.3180,19.3180,0.0000,0.0000,4.000000,4.000000,4.000000,0.000000,0.000000,96.000000,96.000000,96.000000,100.000000,100.000000,5.0,57.9540,55.6667,424.9960,427.2833,PENDING_AG03,FALSE,NOT_FOR_ENFORCEMENT,463.6320,48942.7200,482.9500,463.6320,19.3180,0.00838280,0.00804749,19.3180,463.6320,0.00804749,19.3180,19.3180,19.3180,0.0000,0.0000,463.6320,0.00804749,57.9540,55.6667,424.9960,427.2833,0.00737687,0.00741657,0.00033531,321.8547,284.8156,2.6980,43.9045,5.3071,5237.4545,16.2727,320.4898,328.1250,200.0,210.0,500.0,532.3996,838.5002,1000.0,200.0,0.0,3.992858,4.761905,1.532642,29,51,12,2,0.81774630,0.00838280,-0.04217715,0E-8,0.000000,0.884920,0.000000,0.27741525,2026-05-28,2026-08-05,11,91,84,70,0.157143,0.976731,0.995759,2.725821,,,,,,,,GLOBAL_BASELINE_NO_ENTITY_RANKING,,,NOT_APPLICABLE_GLOBAL_BASELINE,HF9g-P5,,,,X 全窗基线 · 不参与实体赏罚,8394927,840,A168_HF9F_20260827_0900,2026-08-27 09:00:00
2026-08-05,87455840,2169,0,1690.0000000000,213.0000000000,213.0000000000,0.5714286,9,9,0.50665070000000000,0.506650700000,0.34280260342128577,0.34280260342128577,0.34280260342128577,0E-17,ELIGIBLE,R03b_20260811_FULL_v1,L1_ELIGIBILITY,v2026-08-11,2026-03-21..2026-08-06,baccarat_bet02_101_all_pairs_incl_sentinel,round_win = game_pnl > 0 (decisive only),COMPATIBILITY_ONLY_NOT_PRODUCTION,57612.0000,50982.0000,482.9500,179,179,-0.00838280,0.04217715,-0.23523810,-0.00838280,-482.9500,57612.0000,OK,0.0000,19.3180,4.0000,96.0000,AG03-UNRESOLVED,ALL5_LEVELS_bet23_to_bet27,19.3180,19.3180,19.3180,0.0000,0.0000,4.000000,4.000000,4.000000,0.000000,0.000000,96.000000,96.000000,96.000000,100.000000,100.000000,5.0,57.9540,55.6667,424.9960,427.2833,PENDING_AG03,FALSE,NOT_FOR_ENFORCEMENT,463.6320,48942.7200,482.9500,463.6320,19.3180,0.00838280,0.00804749,19.3180,463.6320,0.00804749,19.3180,19.3180,19.3180,0.0000,0.0000,463.6320,0.00804749,57.9540,55.6667,424.9960,427.2833,0.00737687,0.00741657,0.00033531,321.8547,284.8156,2.6980,43.9045,5.3071,5237.4545,16.2727,320.4898,328.1250,200.0,210.0,500.0,532.3996,838.5002,1000.0,200.0,0.0,3.992858,4.761905,1.532642,29,51,12,2,0.81774630,0.00838280,-0.04217715,0E-8,0.000000,0.884920,0.000000,0.27741525,2026-05-28,2026-08-05,11,91,84,70,0.157143,0.976731,0.995759,2.725821,,,,,,,,GLOBAL_BASELINE_NO_ENTITY_RANKING,,,NOT_APPLICABLE_GLOBAL_BASELINE,HF9g-P5,,,,X 全窗基线 · 不参与实体赏罚,8394928,840,A168_HF9F_20260827_0900,2026-08-27 09:00:00
2026-08-05,87455840,2188,0,200.0000000000,190.0000000000,190.0000000000,1.0000000,1,1,0.50665070000000000,0.506650700000,0.9867858985152569,0.9867858985152569,0.9867858985152569,0E-17,ELIGIBLE,R03b_20260811_FULL_v1,L1_ELIGIBILITY,v2026-08-11,2026-03-21..2026-08-06,baccarat_bet02_101_all_pairs_incl_sentinel,round_win = game_pnl > 0 (decisive only),COMPATIBILITY_ONLY_NOT_PRODUCTION,57612.0000,50982.0000,482.9500,179,179,-0.00838280,0.04217715,-0.23523810,-0.00838280,-482.9500,57612.0000,OK,0.0000,19.3180,4.0000,96.0000,AG03-UNRESOLVED,ALL5_LEVELS_bet23_to_bet27,19.3180,19.3180,19.3180,0.0000,0.0000,4.000000,4.000000,4.000000,0.000000,0.000000,96.000000,96.000000,96.000000,100.000000,100.000000,5.0,57.9540,55.6667,424.9960,427.2833,PENDING_AG03,FALSE,NOT_FOR_ENFORCEMENT,463.6320,48942.7200,482.9500,463.6320,19.3180,0.00838280,0.00804749,19.3180,463.6320,0.00804749,19.3180,19.3180,19.3180,0.0000,0.0000,463.6320,0.00804749,57.9540,55.6667,424.9960,427.2833,0.00737687,0.00741657,0.00033531,321.8547,284.8156,2.6980,43.9045,5.3071,5237.4545,16.2727,320.4898,328.1250,200.0,210.0,500.0,532.3996,838.5002,1000.0,200.0,0.0,3.992858,4.761905,1.532642,29,51,12,2,0.81774630,0.00838280,-0.04217715,0E-8,0.000000,0.884920,0.000000,0.27741525,2026-05-28,2026-08-05,11,91,84,70,0.157143,0.976731,0.995759,2.725821,,,,,,,,GLOBAL_BASELINE_NO_ENTITY_RANKING,,,NOT_APPLICABLE_GLOBAL_BASELINE,HF9g-P5,,,,X 全窗基线 · 不参与实体赏罚,8394929,840,A168_HF9F_20260827_0900,2026-08-27 09:00:00
2026-08-05,87455840,2229,0,200.0000000000,190.0000000000,190.0000000000,1.0000000,1,1,0.50665070000000000,0.506650700000,0.9867858985152569,0.9867858985152569,0.9867858985152569,0E-17,ELIGIBLE,R03b_20260811_FULL_v1,L1_ELIGIBILITY,v2026-08-11,2026-03-21..2026-08-06,baccarat_bet02_101_all_pairs_incl_sentinel,round_win = game_pnl > 0 (decisive only),COMPATIBILITY_ONLY_NOT_PRODUCTION,57612.0000,50982.0000,482.9500,179,179,-0.00838280,0.04217715,-0.23523810,-0.00838280,-482.9500,57612.0000,OK,0.0000,19.3180,4.0000,96.0000,AG03-UNRESOLVED,ALL5_LEVELS_bet23_to_bet27,19.3180,19.3180,19.3180,0.0000,0.0000,4.000000,4.000000,4.000000,0.000000,0.000000,96.000000,96.000000,96.000000,100.000000,100.000000,5.0,57.9540,55.6667,424.9960,427.2833,PENDING_AG03,FALSE,NOT_FOR_ENFORCEMENT,463.6320,48942.7200,482.9500,463.6320,19.3180,0.00838280,0.00804749,19.3180,463.6320,0.00804749,19.3180,19.3180,19.3180,0.0000,0.0000,463.6320,0.00804749,57.9540,55.6667,424.9960,427.2833,0.00737687,0.00741657,0.00033531,321.8547,284.8156,2.6980,43.9045,5.3071,5237.4545,16.2727,320.4898,328.1250,200.0,210.0,500.0,532.3996,838.5002,1000.0,200.0,0.0,3.992858,4.761905,1.532642,29,51,12,2,0.81774630,0.00838280,-0.04217715,0E-8,0.000000,0.884920,0.000000,0.27741525,2026-05-28,2026-08-05,11,91,84,70,0.157143,0.976731,0.995759,2.725821,,,,,,,,GLOBAL_BASELINE_NO_ENTITY_RANKING,,,NOT_APPLICABLE_GLOBAL_BASELINE,HF9g-P5,,,,X 全窗基线 · 不参与实体赏罚,8394930,840,A168_HF9F_20260827_0900,2026-08-27 09:00:00
2026-08-05,87455840,2241,0,200.0000000000,0E-10,0E-10,,1,1,0.50665070000000000,0.506650700000,,,,0E-17,NO_DECISIVE_ROUND,R03b_20260811_FULL_v1,L1_ELIGIBILITY,v2026-08-11,2026-03-21..2026-08-06,baccarat_bet02_101_all_pairs_incl_sentinel,round_win = game_pnl > 0 (decisive only),COMPATIBILITY_ONLY_NOT_PRODUCTION,57612.0000,50982.0000,482.9500,179,179,-0.00838280,0.04217715,-0.23523810,-0.00838280,-482.9500,57612.0000,OK,0.0000,19.3180,4.0000,96.0000,AG03-UNRESOLVED,ALL5_LEVELS_bet23_to_bet27,19.3180,19.3180,19.3180,0.0000,0.0000,4.000000,4.000000,4.000000,0.000000,0.000000,96.000000,96.000000,96.000000,100.000000,100.000000,5.0,57.9540,55.6667,424.9960,427.2833,PENDING_AG03,FALSE,NOT_FOR_ENFORCEMENT,463.6320,48942.7200,482.9500,463.6320,19.3180,0.00838280,0.00804749,19.3180,463.6320,0.00804749,19.3180,19.3180,19.3180,0.0000,0.0000,463.6320,0.00804749,57.9540,55.6667,424.9960,427.2833,0.00737687,0.00741657,0.00033531,321.8547,284.8156,2.6980,43.9045,5.3071,5237.4545,16.2727,320.4898,328.1250,200.0,210.0,500.0,532.3996,838.5002,1000.0,200.0,0.0,3.992858,4.761905,1.532642,29,51,12,2,0.81774630,0.00838280,-0.04217715,0E-8,0.000000,0.884920,0.000000,0.27741525,2026-05-28,2026-08-05,11,91,84,70,0.157143,0.976731,0.995759,2.725821,,,,,,,,GLOBAL_BASELINE_NO_ENTITY_RANKING,,,NOT_APPLICABLE_GLOBAL_BASELINE,HF9g-P5,,,,X 全窗基线 · 不参与实体赏罚,8394931,840,A168_HF9F_20260827_0900,2026-08-27 09:00:00
2026-04-03,33996534,2252,0,1748.0000000000,-383.0000000000,-383.0000000000,0.5000000,4,2,0.48517834639037433,0.343130583334,0.04194039820502536,0.46728737133526577,0.04194039820502536,0.14204776305637433,ELIGIBLE,R03b_20260811_FULL_v1,L1_ELIGIBILITY,v2026-08-11,2026-03-21..2026-08-06,baccarat_bet02_101_all_pairs_incl_sentinel,round_win = game_pnl > 0 (decisive only),COMPATIBILITY_ONLY_NOT_PRODUCTION,2857.0000,2857.0000,478.0000,14,8,-0.16730837,,-0.16730837,-0.16730837,-478.0000,2857.0000,THIN_EXPOSURE,0.0000,14.3400,3.0000,97.0000,AG03-UNRESOLVED,ALL5_LEVELS_bet23_to_bet27,14.3400,14.3400,14.3400,14.3400,14.3400,3.000000,3.000000,3.000000,3.000000,3.000000,97.000000,97.000000,97.000000,97.000000,97.000000,5.0,71.7000,67.5251,406.3000,410.4749,PENDING_AG03,FALSE,NOT_FOR_ENFORCEMENT,463.6600,2771.2900,478.0000,463.6600,14.3400,0.16730837,0.16228911,14.3400,463.6600,0.16228911,14.3400,14.3400,14.3400,14.3400,14.3400,463.6600,0.16228911,71.7000,67.5251,406.3000,410.4749,0.14221211,0.14367339,0.00501925,204.0714,357.1250,59.7500,239.0000,159.3333,1428.5000,4.0000,,204.0714,10.0,100.0,240.0,729.9999,940.0001,1000.0,100.0,-10.0,9.400001,10.0,2.040714,3,3,2,5,0E-8,0.16730837,,0E-8,0.000000,1.000000,0.000000,,2026-04-03,2026-07-01,2,3,3,90,0.022222,,,0.000000,,,,,,,,GLOBAL_BASELINE_NO_ENTITY_RANKING,,,NOT_APPLICABLE_GLOBAL_BASELINE,HF9g-P5,,,,X 全窗基线 · 不参与实体赏罚,8394932,840,A168_HF9F_20260827_0900,2026-08-27 09:00:00
2026-07-01,33996534,1985,0,1009.0000000000,5.0000000000,5.0000000000,0.6000000,9,5,0.48756610911758794,0.357030866667,0.5029751916085581,1.133935005231739,0.5029751916085581,0.13053524245058794,ELIGIBLE,R03b_20260811_FULL_v1,L1_ELIGIBILITY,v2026-08-11,2026-03-21..2026-08-06,baccarat_bet02_101_all_pairs_incl_sentinel,round_win = game_pnl > 0 (decisive only),COMPATIBILITY_ONLY_NOT_PRODUCTION,2857.0000,2857.0000,478.0000,14,8,-0.16730837,,-0.16730837,-0.16730837,-478.0000,2857.0000,THIN_EXPOSURE,0.0000,14.3400,3.0000,97.0000,AG03-UNRESOLVED,ALL5_LEVELS_bet23_to_bet27,14.3400,14.3400,14.3400,14.3400,14.3400,3.000000,3.000000,3.000000,3.000000,3.000000,97.000000,97.000000,97.000000,97.000000,97.000000,5.0,71.7000,67.5251,406.3000,410.4749,PENDING_AG03,FALSE,NOT_FOR_ENFORCEMENT,463.6600,2771.2900,478.0000,463.6600,14.3400,0.16730837,0.16228911,14.3400,463.6600,0.16228911,14.3400,14.3400,14.3400,14.3400,14.3400,463.6600,0.16228911,71.7000,67.5251,406.3000,410.4749,0.14221211,0.14367339,0.00501925,204.0714,357.1250,59.7500,239.0000,159.3333,1428.5000,4.0000,,204.0714,10.0,100.0,240.0,729.9999,940.0001,1000.0,100.0,-10.0,9.400001,10.0,2.040714,3,3,2,5,0E-8,0.16730837,,0E-8,0.000000,1.000000,0.000000,,2026-04-03,2026-07-01,2,3,3,90,0.022222,,,0.000000,,,,,,,,GLOBAL_BASELINE_NO_ENTITY_RANKING,,,NOT_APPLICABLE_GLOBAL_BASELINE,HF9g-P5,,,,X 全窗基线 · 不参与实体赏罚,8394933,840,A168_HF9F_20260827_0900,2026-08-27 09:00:00
2026-07-01,33996534,919,0,100.0000000000,-100.0000000000,-100.0000000000,0E-7,1,1,0.50665070000000000,0.506650700000,-1.013391052207602,-1.013391052207602,-1.013391052207602,0E-17,ELIGIBLE,R03b_20260811_FULL_v1,L1_ELIGIBILITY,v2026-08-11,2026-03-21..2026-08-06,baccarat_bet02_101_all_pairs_incl_sentinel,round_win = game_pnl > 0 (decisive only),COMPATIBILITY_ONLY_NOT_PRODUCTION,2857.0000,2857.0000,478.0000,14,8,-0.16730837,,-0.16730837,-0.16730837,-478.0000,2857.0000,THIN_EXPOSURE,0.0000,14.3400,3.0000,97.0000,AG03-UNRESOLVED,ALL5_LEVELS_bet23_to_bet27,14.3400,14.3400,14.3400,14.3400,14.3400,3.000000,3.000000,3.000000,3.000000,3.000000,97.000000,97.000000,97.000000,97.000000,97.000000,5.0,71.7000,67.5251,406.3000,410.4749,PENDING_AG03,FALSE,NOT_FOR_ENFORCEMENT,463.6600,2771.2900,478.0000,463.6600,14.3400,0.16730837,0.16228911,14.3400,463.6600,0.16228911,14.3400,14.3400,14.3400,14.3400,14.3400,463.6600,0.16228911,71.7000,67.5251,406.3000,410.4749,0.14221211,0.14367339,0.00501925,204.0714,357.1250,59.7500,239.0000,159.3333,1428.5000,4.0000,,204.0714,10.0,100.0,240.0,729.9999,940.0001,1000.0,100.0,-10.0,9.400001,10.0,2.040714,3,3,2,5,0E-8,0.16730837,,0E-8,0.000000,1.000000,0.000000,,2026-04-03,2026-07-01,2,3,3,90,0.022222,,,0.000000,,,,,,,,GLOBAL_BASELINE_NO_ENTITY_RANKING,,,NOT_APPLICABLE_GLOBAL_BASELINE,HF9g-P5,,,,X 全窗基线 · 不参与实体赏罚,8394934,840,A168_HF9F_20260827_0900,2026-08-27 09:00:00
2026-05-14,150013899,1221,0,163.4580457683,155.2851434798,155.2851434798,1.0000000,1,1,0.50665070000000000,0.506650700000,0.9867858985152569,0.9867858985152569,0.9867858985152569,0E-17,ELIGIBLE,R03b_20260811_FULL_v1,L1_ELIGIBILITY,v2026-08-11,2026-03-21..2026-08-06,baccarat_bet02_101_all_pairs_incl_sentinel,round_win = game_pnl > 0 (decisive only),COMPATIBILITY_ONLY_NOT_PRODUCTION,2428.5195,2169.0623,482.9796,15,14,-0.19887821,,-0.19887821,-0.19887821,-482.9796,2428.5195,THIN_EXPOSURE,0.0000,19.3192,4.0000,96.0000,AG03-UNRESOLVED,ALL5_LEVELS_bet23_to_bet27,19.3192,19.3192,24.1490,24.1490,24.1490,4.000000,4.000000,5.000000,5.000000,5.000000,96.000000,96.000000,95.000000,95.000000,95.000000,5.0,111.0853,101.35,371.8943,381.6296,PENDING_AG03,FALSE,NOT_FOR_ENFORCEMENT,463.6604,2082.2998,482.9796,463.6604,19.3192,0.19887821,0.19092308,19.3192,463.6604,0.19092308,19.3192,19.3192,24.1490,24.1490,24.1490,463.6604,0.19092308,111.0853,101.35,371.8943,381.6296,0.15313622,0.15714497,0.00795513,161.9013,154.9330,34.4985,482.9796,60.3725,2428.5195,14.0000,,161.9013,98.5937,145.296,259.4572,259.4572,259.4572,259.4572,129.7286,-38.9186,1.785714,1.785714,1.114286,6,8,2,3,0E-8,0.19887821,,0E-8,0.000000,0.893162,0.000000,,2026-05-14,2026-05-14,1,8,6,1,1.000000,,,0.000000,,,,,,,,GLOBAL_BASELINE_NO_ENTITY_RANKING,,,NOT_APPLICABLE_GLOBAL_BASELINE,HF9g-P5,,,,X 全窗基线 · 不参与实体赏罚,8394935,840,A168_HF9F_20260827_0900,2026-08-27 09:00:00
2026-05-14,150013899,1331,0,259.4572155052,-259.4572155052,-259.4572155052,0E-7,1,1,0.50665070000000000,0.506650700000,-1.013391052207602,-1.013391052207602,-1.013391052207602,0E-17,ELIGIBLE,R03b_20260811_FULL_v1,L1_ELIGIBILITY,v2026-08-11,2026-03-21..2026-08-06,baccarat_bet02_101_all_pairs_incl_sentinel,round_win = game_pnl > 0 (decisive only),COMPATIBILITY_ONLY_NOT_PRODUCTION,2428.5195,2169.0623,482.9796,15,14,-0.19887821,,-0.19887821,-0.19887821,-482.9796,2428.5195,THIN_EXPOSURE,0.0000,19.3192,4.0000,96.0000,AG03-UNRESOLVED,ALL5_LEVELS_bet23_to_bet27,19.3192,19.3192,24.1490,24.1490,24.1490,4.000000,4.000000,5.000000,5.000000,5.000000,96.000000,96.000000,95.000000,95.000000,95.000000,5.0,111.0853,101.35,371.8943,381.6296,PENDING_AG03,FALSE,NOT_FOR_ENFORCEMENT,463.6604,2082.2998,482.9796,463.6604,19.3192,0.19887821,0.19092308,19.3192,463.6604,0.19092308,19.3192,19.3192,24.1490,24.1490,24.1490,463.6604,0.19092308,111.0853,101.35,371.8943,381.6296,0.15313622,0.15714497,0.00795513,161.9013,154.9330,34.4985,482.9796,60.3725,2428.5195,14.0000,,161.9013,98.5937,145.296,259.4572,259.4572,259.4572,259.4572,129.7286,-38.9186,1.785714,1.785714,1.114286,6,8,2,3,0E-8,0.19887821,,0E-8,0.000000,0.893162,0.000000,,2026-05-14,2026-05-14,1,8,6,1,1.000000,,,0.000000,,,,,,,,GLOBAL_BASELINE_NO_ENTITY_RANKING,,,NOT_APPLICABLE_GLOBAL_BASELINE,HF9g-P5,,,,X 全窗基线 · 不参与实体赏罚,8394936,840,A168_HF9F_20260827_0900,2026-08-27 09:00:00
2026-05-14,150013899,1353,0,145.2960406829,-145.2960406829,-145.2960406829,0E-7,1,1,0.50665070000000000,0.506650700000,-1.013391052207602,-1.013391052207602,-1.013391052207602,0E-17,ELIGIBLE,R03b_20260811_FULL_v1,L1_ELIGIBILITY,v2026-08-11,2026-03-21..2026-08-06,baccarat_bet02_101_all_pairs_incl_sentinel,round_win = game_pnl > 0 (decisive only),COMPATIBILITY_ONLY_NOT_PRODUCTION,2428.5195,2169.0623,482.9796,15,14,-0.19887821,,-0.19887821,-0.19887821,-482.9796,2428.5195,THIN_EXPOSURE,0.0000,19.3192,4.0000,96.0000,AG03-UNRESOLVED,ALL5_LEVELS_bet23_to_bet27,19.3192,19.3192,24.1490,24.1490,24.1490,4.000000,4.000000,5.000000,5.000000,5.000000,96.000000,96.000000,95.000000,95.000000,95.000000,5.0,111.0853,101.35,371.8943,381.6296,PENDING_AG03,FALSE,NOT_FOR_ENFORCEMENT,463.6604,2082.2998,482.9796,463.6604,19.3192,0.19887821,0.19092308,19.3192,463.6604,0.19092308,19.3192,19.3192,24.1490,24.1490,24.1490,463.6604,0.19092308,111.0853,101.35,371.8943,381.6296,0.15313622,0.15714497,0.00795513,161.9013,154.9330,34.4985,482.9796,60.3725,2428.5195,14.0000,,161.9013,98.5937,145.296,259.4572,259.4572,259.4572,259.4572,129.7286,-38.9186,1.785714,1.785714,1.114286,6,8,2,3,0E-8,0.19887821,,0E-8,0.000000,0.893162,0.000000,,2026-05-14,2026-05-14,1,8,6,1,1.000000,,,0.000000,,,,,,,,GLOBAL_BASELINE_NO_ENTITY_RANKING,,,NOT_APPLICABLE_GLOBAL_BASELINE,HF9g-P5,,,,X 全窗基线 · 不参与实体赏罚,8394937,840,A168_HF9F_20260827_0900,2026-08-27 09:00:00
2026-05-14,150013899,1646,0,259.4572155052,-259.4572155052,-259.4572155052,0E-7,1,1,0.49324550000000000,0.493245500000,-0.9865810262130424,-0.9865810262130424,-0.9865810262130424,0E-17,ELIGIBLE,R03b_20260811_FULL_v1,L1_ELIGIBILITY,v2026-08-11,2026-03-21..2026-08-06,baccarat_bet02_101_all_pairs_incl_sentinel,round_win = game_pnl > 0 (decisive only),COMPATIBILITY_ONLY_NOT_PRODUCTION,2428.5195,2169.0623,482.9796,15,14,-0.19887821,,-0.19887821,-0.19887821,-482.9796,2428.5195,THIN_EXPOSURE,0.0000,19.3192,4.0000,96.0000,AG03-UNRESOLVED,ALL5_LEVELS_bet23_to_bet27,19.3192,19.3192,24.1490,24.1490,24.1490,4.000000,4.000000,5.000000,5.000000,5.000000,96.000000,96.000000,95.000000,95.000000,95.000000,5.0,111.0853,101.35,371.8943,381.6296,PENDING_AG03,FALSE,NOT_FOR_ENFORCEMENT,463.6604,2082.2998,482.9796,463.6604,19.3192,0.19887821,0.19092308,19.3192,463.6604,0.19092308,19.3192,19.3192,24.1490,24.1490,24.1490,463.6604,0.19092308,111.0853,101.35,371.8943,381.6296,0.15313622,0.15714497,0.00795513,161.9013,154.9330,34.4985,482.9796,60.3725,2428.5195,14.0000,,161.9013,98.5937,145.296,259.4572,259.4572,259.4572,259.4572,129.7286,-38.9186,1.785714,1.785714,1.114286,6,8,2,3,0E-8,0.19887821,,0E-8,0.000000,0.893162,0.000000,,2026-05-14,2026-05-14,1,8,6,1,1.000000,,,0.000000,,,,,,,,GLOBAL_BASELINE_NO_ENTITY_RANKING,,,NOT_APPLICABLE_GLOBAL_BASELINE,HF9g-P5,,,,X 全窗基线 · 不参与实体赏罚,8394938,840,A168_HF9F_20260827_0900,2026-08-27 09:00:00
2026-05-14,150013899,2160,0,129.7286077526,-129.7286077526,-129.7286077526,0E-7,1,1,0.49324550000000000,0.493245500000,-0.9865810262130424,-0.9865810262130424,-0.9865810262130424,0E-17,ELIGIBLE,R03b_20260811_FULL_v1,L1_ELIGIBILITY,v2026-08-11,2026-03-21..2026-08-06,baccarat_bet02_101_all_pairs_incl_sentinel,round_win = game_pnl > 0 (decisive only),COMPATIBILITY_ONLY_NOT_PRODUCTION,2428.5195,2169.0623,482.9796,15,14,-0.19887821,,-0.19887821,-0.19887821,-482.9796,2428.5195,THIN_EXPOSURE,0.0000,19.3192,4.0000,96.0000,AG03-UNRESOLVED,ALL5_LEVELS_bet23_to_bet27,19.3192,19.3192,24.1490,24.1490,24.1490,4.000000,4.000000,5.000000,5.000000,5.000000,96.000000,96.000000,95.000000,95.000000,95.000000,5.0,111.0853,101.35,371.8943,381.6296,PENDING_AG03,FALSE,NOT_FOR_ENFORCEMENT,463.6604,2082.2998,482.9796,463.6604,19.3192,0.19887821,0.19092308,19.3192,463.6604,0.19092308,19.3192,19.3192,24.1490,24.1490,24.1490,463.6604,0.19092308,111.0853,101.35,371.8943,381.6296,0.15313622,0.15714497,0.00795513,161.9013,154.9330,34.4985,482.9796,60.3725,2428.5195,14.0000,,161.9013,98.5937,145.296,259.4572,259.4572,259.4572,259.4572,129.7286,-38.9186,1.785714,1.785714,1.114286,6,8,2,3,0E-8,0.19887821,,0E-8,0.000000,0.893162,0.000000,,2026-05-14,2026-05-14,1,8,6,1,1.000000,,,0.000000,,,,,,,,GLOBAL_BASELINE_NO_ENTITY_RANKING,,,NOT_APPLICABLE_GLOBAL_BASELINE,HF9g-P5,,,,X 全窗基线 · 不参与实体赏罚,8394939,840,A168_HF9F_20260827_0900,2026-08-27 09:00:00
2026-05-14,150013899,526,0,88.2154532718,-88.2154532718,-88.2154532718,0E-7,1,1,0.50665070000000000,0.506650700000,-1.013391052207602,-1.013391052207602,-1.013391052207602,0E-17,ELIGIBLE,R03b_20260811_FULL_v1,L1_ELIGIBILITY,v2026-08-11,2026-03-21..2026-08-06,baccarat_bet02_101_all_pairs_incl_sentinel,round_win = game_pnl > 0 (decisive only),COMPATIBILITY_ONLY_NOT_PRODUCTION,2428.5195,2169.0623,482.9796,15,14,-0.19887821,,-0.19887821,-0.19887821,-482.9796,2428.5195,THIN_EXPOSURE,0.0000,19.3192,4.0000,96.0000,AG03-UNRESOLVED,ALL5_LEVELS_bet23_to_bet27,19.3192,19.3192,24.1490,24.1490,24.1490,4.000000,4.000000,5.000000,5.000000,5.000000,96.000000,96.000000,95.000000,95.000000,95.000000,5.0,111.0853,101.35,371.8943,381.6296,PENDING_AG03,FALSE,NOT_FOR_ENFORCEMENT,463.6604,2082.2998,482.9796,463.6604,19.3192,0.19887821,0.19092308,19.3192,463.6604,0.19092308,19.3192,19.3192,24.1490,24.1490,24.1490,463.6604,0.19092308,111.0853,101.35,371.8943,381.6296,0.15313622,0.15714497,0.00795513,161.9013,154.9330,34.4985,482.9796,60.3725,2428.5195,14.0000,,161.9013,98.5937,145.296,259.4572,259.4572,259.4572,259.4572,129.7286,-38.9186,1.785714,1.785714,1.114286,6,8,2,3,0E-8,0.19887821,,0E-8,0.000000,0.893162,0.000000,,2026-05-14,2026-05-14,1,8,6,1,1.000000,,,0.000000,,,,,,,,GLOBAL_BASELINE_NO_ENTITY_RANKING,,,NOT_APPLICABLE_GLOBAL_BASELINE,HF9g-P5,,,,X 全窗基线 · 不参与实体赏罚,8394940,840,A168_HF9F_20260827_0900,2026-08-27 09:00:00
2026-05-14,150013899,550,0,843.2359503918,482.5904208396,482.5904208396,1.0000000,6,5,0.48495206461537710,0.462764870000,2.0611253969547163,2.154924238254659,2.0611253969547163,0.02218719461537710,ELIGIBLE,R03b_20260811_FULL_v1,L1_ELIGIBILITY,v2026-08-11,2026-03-21..2026-08-06,baccarat_bet02_101_all_pairs_incl_sentinel,round_win = game_pnl > 0 (decisive only),COMPATIBILITY_ONLY_NOT_PRODUCTION,2428.5195,2169.0623,482.9796,15,14,-0.19887821,,-0.19887821,-0.19887821,-482.9796,2428.5195,THIN_EXPOSURE,0.0000,19.3192,4.0000,96.0000,AG03-UNRESOLVED,ALL5_LEVELS_bet23_to_bet27,19.3192,19.3192,24.1490,24.1490,24.1490,4.000000,4.000000,5.000000,5.000000,5.000000,96.000000,96.000000,95.000000,95.000000,95.000000,5.0,111.0853,101.35,371.8943,381.6296,PENDING_AG03,FALSE,NOT_FOR_ENFORCEMENT,463.6604,2082.2998,482.9796,463.6604,19.3192,0.19887821,0.19092308,19.3192,463.6604,0.19092308,19.3192,19.3192,24.1490,24.1490,24.1490,463.6604,0.19092308,111.0853,101.35,371.8943,381.6296,0.15313622,0.15714497,0.00795513,161.9013,154.9330,34.4985,482.9796,60.3725,2428.5195,14.0000,,161.9013,98.5937,145.296,259.4572,259.4572,259.4572,259.4572,129.7286,-38.9186,1.785714,1.785714,1.114286,6,8,2,3,0E-8,0.19887821,,0E-8,0.000000,0.893162,0.000000,,2026-05-14,2026-05-14,1,8,6,1,1.000000,,,0.000000,,,,,,,,GLOBAL_BASELINE_NO_ENTITY_RANKING,,,NOT_APPLICABLE_GLOBAL_BASELINE,HF9g-P5,,,,X 全窗基线 · 不参与实体赏罚,8394941,840,A168_HF9F_20260827_0900,2026-08-27 09:00:00
2026-05-14,150013899,919,0,539.6710082508,-238.7006382648,-238.7006382648,0.3333333,3,3,0.49324550000000000,0.493245500000,-0.5540025479526107,-0.5540025479526106,-0.5540025479526107,0E-17,ELIGIBLE,R03b_20260811_FULL_v1,L1_ELIGIBILITY,v2026-08-11,2026-03-21..2026-08-06,baccarat_bet02_101_all_pairs_incl_sentinel,round_win = game_pnl > 0 (decisive only),COMPATIBILITY_ONLY_NOT_PRODUCTION,2428.5195,2169.0623,482.9796,15,14,-0.19887821,,-0.19887821,-0.19887821,-482.9796,2428.5195,THIN_EXPOSURE,0.0000,19.3192,4.0000,96.0000,AG03-UNRESOLVED,ALL5_LEVELS_bet23_to_bet27,19.3192,19.3192,24.1490,24.1490,24.1490,4.000000,4.000000,5.000000,5.000000,5.000000,96.000000,96.000000,95.000000,95.000000,95.000000,5.0,111.0853,101.35,371.8943,381.6296,PENDING_AG03,FALSE,NOT_FOR_ENFORCEMENT,463.6604,2082.2998,482.9796,463.6604,19.3192,0.19887821,0.19092308,19.3192,463.6604,0.19092308,19.3192,19.3192,24.1490,24.1490,24.1490,463.6604,0.19092308,111.0853,101.35,371.8943,381.6296,0.15313622,0.15714497,0.00795513,161.9013,154.9330,34.4985,482.9796,60.3725,2428.5195,14.0000,,161.9013,98.5937,145.296,259.4572,259.4572,259.4572,259.4572,129.7286,-38.9186,1.785714,1.785714,1.114286,6,8,2,3,0E-8,0.19887821,,0E-8,0.000000,0.893162,0.000000,,2026-05-14,2026-05-14,1,8,6,1,1.000000,,,0.000000,,,,,,,,GLOBAL_BASELINE_NO_ENTITY_RANKING,,,NOT_APPLICABLE_GLOBAL_BASELINE,HF9g-P5,,,,X 全窗基线 · 不参与实体赏罚,8394942,840,A168_HF9F_20260827_0900,2026-08-27 09:00:00
2026-07-03,152530406,-1,1,205.5095138510,-33.5631115585,-33.5631115585,0.4444444,42,9,0.29225299974585398,0.146508262487,1.0039058545600656,2.527631640772815,1.0039058545600656,0.14574473725885398,SENTINEL_DEALER,R03b_20260811_FULL_v1,L1_ELIGIBILITY,v2026-08-11,2026-03-21..2026-08-06,baccarat_bet02_101_all_pairs_incl_sentinel,round_win = game_pnl > 0 (decisive only),COMPATIBILITY_ONLY_NOT_PRODUCTION,2528.0768,2398.9879,482.9861,513,130,-0.19104882,-0.19935909,-0.18022572,-0.19104882,-482.9861,2528.0768,OK,0.0000,19.3194,4.0000,96.0000,AG03-UNRESOLVED,ALL5_LEVELS_bet23_to_bet27,19.3194,19.3194,19.3194,24.1493,24.1493,4.000000,4.000000,4.000000,5.000000,5.000000,96.000000,96.000000,96.000000,95.000000,95.000000,5.0,106.2569,97.3341,376.7291,385.6519,PENDING_AG03,FALSE,NOT_FOR_ENFORCEMENT,463.6666,2303.0284,482.9861,463.6666,19.3194,0.19104882,0.18340686,19.3194,463.6666,0.18340686,19.3194,19.3194,19.3194,24.1493,24.1493,463.6666,0.18340686,106.2569,97.3341,376.7291,385.6519,0.14901808,0.15254756,0.00764195,4.9280,18.4538,3.7153,160.9954,17.2495,842.6923,43.3333,5.0354,4.7949,2.5818,2.5818,5.1636,12.9089,20.6542,25.8178,2.5818,-2.5818,8.0,10.0,1.908772,18,21,3,8,0.56566585,0.19104882,0.19935909,0E-8,0.000000,0.948938,0.000000,-0.01913337,2026-07-03,2026-07-13,3,28,26,11,0.272727,1.050154,1.021784,1.885553,,,,,,,,GLOBAL_BASELINE_NO_ENTITY_RANKING,,,NOT_APPLICABLE_GLOBAL_BASELINE,HF9g-P5,,,,X 全窗基线 · 不参与实体赏罚,8394943,840,A168_HF9F_20260827_0900,2026-08-27 09:00:00
2026-07-03,152530406,1325,0,316.0096042130,62.8662897274,62.8662897274,0.4444444,84,18,0.26515693289428514,0.152558028730,1.7232071896896952,3.4441147853158416,1.7232071896896952,0.11259890416428514,ELIGIBLE,R03b_20260811_FULL_v1,L1_ELIGIBILITY,v2026-08-11,2026-03-21..2026-08-06,baccarat_bet02_101_all_pairs_incl_sentinel,round_win = game_pnl > 0 (decisive only),COMPATIBILITY_ONLY_NOT_PRODUCTION,2528.0768,2398.9879,482.9861,513,130,-0.19104882,-0.19935909,-0.18022572,-0.19104882,-482.9861,2528.0768,OK,0.0000,19.3194,4.0000,96.0000,AG03-UNRESOLVED,ALL5_LEVELS_bet23_to_bet27,19.3194,19.3194,19.3194,24.1493,24.1493,4.000000,4.000000,4.000000,5.000000,5.000000,96.000000,96.000000,96.000000,95.000000,95.000000,5.0,106.2569,97.3341,376.7291,385.6519,PENDING_AG03,FALSE,NOT_FOR_ENFORCEMENT,463.6666,2303.0284,482.9861,463.6666,19.3194,0.19104882,0.18340686,19.3194,463.6666,0.18340686,19.3194,19.3194,19.3194,24.1493,24.1493,463.6666,0.18340686,106.2569,97.3341,376.7291,385.6519,0.14901808,0.15254756,0.00764195,4.9280,18.4538,3.7153,160.9954,17.2495,842.6923,43.3333,5.0354,4.7949,2.5818,2.5818,5.1636,12.9089,20.6542,25.8178,2.5818,-2.5818,8.0,10.0,1.908772,18,21,3,8,0.56566585,0.19104882,0.19935909,0E-8,0.000000,0.948938,0.000000,-0.01913337,2026-07-03,2026-07-13,3,28,26,11,0.272727,1.050154,1.021784,1.885553,,,,,,,,GLOBAL_BASELINE_NO_ENTITY_RANKING,,,NOT_APPLICABLE_GLOBAL_BASELINE,HF9g-P5,,,,X 全窗基线 · 不参与实体赏罚,8394944,840,A168_HF9F_20260827_0900,2026-08-27 09:00:00
2026-07-03,152530406,1330,0,129.8634239536,31.7558670901,31.7558670901,0.5000000,23,7,0.36350040086009995,0.257830943367,0.695113121822599,1.3560488499324674,0.695113121822599,0.10566945749309995,ELIGIBLE,R03b_20260811_FULL_v1,L1_ELIGIBILITY,v2026-08-11,2026-03-21..2026-08-06,baccarat_bet02_101_all_pairs_incl_sentinel,round_win = game_pnl > 0 (decisive only),COMPATIBILITY_ONLY_NOT_PRODUCTION,2528.0768,2398.9879,482.9861,513,130,-0.19104882,-0.19935909,-0.18022572,-0.19104882,-482.9861,2528.0768,OK,0.0000,19.3194,4.0000,96.0000,AG03-UNRESOLVED,ALL5_LEVELS_bet23_to_bet27,19.3194,19.3194,19.3194,24.1493,24.1493,4.000000,4.000000,4.000000,5.000000,5.000000,96.000000,96.000000,96.000000,95.000000,95.000000,5.0,106.2569,97.3341,376.7291,385.6519,PENDING_AG03,FALSE,NOT_FOR_ENFORCEMENT,463.6666,2303.0284,482.9861,463.6666,19.3194,0.19104882,0.18340686,19.3194,463.6666,0.18340686,19.3194,19.3194,19.3194,24.1493,24.1493,463.6666,0.18340686,106.2569,97.3341,376.7291,385.6519,0.14901808,0.15254756,0.00764195,4.9280,18.4538,3.7153,160.9954,17.2495,842.6923,43.3333,5.0354,4.7949,2.5818,2.5818,5.1636,12.9089,20.6542,25.8178,2.5818,-2.5818,8.0,10.0,1.908772,18,21,3,8,0.56566585,0.19104882,0.19935909,0E-8,0.000000,0.948938,0.000000,-0.01913337,2026-07-03,2026-07-13,3,28,26,11,0.272727,1.050154,1.021784,1.885553,,,,,,,,GLOBAL_BASELINE_NO_ENTITY_RANKING,,,NOT_APPLICABLE_GLOBAL_BASELINE,HF9g-P5,,,,X 全窗基线 · 不参与实体赏罚,8394945,840,A168_HF9F_20260827_0900,2026-08-27 09:00:00
2026-07-03,152530406,1994,0,82.6168899904,-39.5012005267,-39.5012005267,0.3333333,13,3,0.34986446911421912,0.171338231667,-0.0600359586636201,0.7446406122964597,-0.0600359586636201,0.17852623744721912,ELIGIBLE,R03b_20260811_FULL_v1,L1_ELIGIBILITY,v2026-08-11,2026-03-21..2026-08-06,baccarat_bet02_101_all_pairs_incl_sentinel,round_win = game_pnl > 0 (decisive only),COMPATIBILITY_ONLY_NOT_PRODUCTION,2528.0768,2398.9879,482.9861,513,130,-0.19104882,-0.19935909,-0.18022572,-0.19104882,-482.9861,2528.0768,OK,0.0000,19.3194,4.0000,96.0000,AG03-UNRESOLVED,ALL5_LEVELS_bet23_to_bet27,19.3194,19.3194,19.3194,24.1493,24.1493,4.000000,4.000000,4.000000,5.000000,5.000000,96.000000,96.000000,96.000000,95.000000,95.000000,5.0,106.2569,97.3341,376.7291,385.6519,PENDING_AG03,FALSE,NOT_FOR_ENFORCEMENT,463.6666,2303.0284,482.9861,463.6666,19.3194,0.19104882,0.18340686,19.3194,463.6666,0.18340686,19.3194,19.3194,19.3194,24.1493,24.1493,463.6666,0.18340686,106.2569,97.3341,376.7291,385.6519,0.14901808,0.15254756,0.00764195,4.9280,18.4538,3.7153,160.9954,17.2495,842.6923,43.3333,5.0354,4.7949,2.5818,2.5818,5.1636,12.9089,20.6542,25.8178,2.5818,-2.5818,8.0,10.0,1.908772,18,21,3,8,0.56566585,0.19104882,0.19935909,0E-8,0.000000,0.948938,0.000000,-0.01913337,2026-07-03,2026-07-13,3,28,26,11,0.272727,1.050154,1.021784,1.885553,,,,,,,,GLOBAL_BASELINE_NO_ENTITY_RANKING,,,NOT_APPLICABLE_GLOBAL_BASELINE,HF9g-P5,,,,X 全窗基线 · 不参与实体赏罚,8394946,840,A168_HF9F_20260827_0900,2026-08-27 09:00:00
2026-07-04,152530406,-1,1,105.3365347377,-45.9556450571,-45.9556450571,0.2857143,18,7,0.42625940302170933,0.292592894048,-0.7519171762967969,-0.040002119715719466,-0.7519171762967969,0.13366650897370933,SENTINEL_DEALER,R03b_20260811_FULL_v1,L1_ELIGIBILITY,v2026-08-11,2026-03-21..2026-08-06,baccarat_bet02_101_all_pairs_incl_sentinel,round_win = game_pnl > 0 (decisive only),COMPATIBILITY_ONLY_NOT_PRODUCTION,2528.0768,2398.9879,482.9861,513,130,-0.19104882,-0.19935909,-0.18022572,-0.19104882,-482.9861,2528.0768,OK,0.0000,19.3194,4.0000,96.0000,AG03-UNRESOLVED,ALL5_LEVELS_bet23_to_bet27,19.3194,19.3194,19.3194,24.1493,24.1493,4.000000,4.000000,4.000000,5.000000,5.000000,96.000000,96.000000,96.000000,95.000000,95.000000,5.0,106.2569,97.3341,376.7291,385.6519,PENDING_AG03,FALSE,NOT_FOR_ENFORCEMENT,463.6666,2303.0284,482.9861,463.6666,19.3194,0.19104882,0.18340686,19.3194,463.6666,0.18340686,19.3194,19.3194,19.3194,24.1493,24.1493,463.6666,0.18340686,106.2569,97.3341,376.7291,385.6519,0.14901808,0.15254756,0.00764195,4.9280,18.4538,3.7153,160.9954,17.2495,842.6923,43.3333,5.0354,4.7949,2.5818,2.5818,5.1636,12.9089,20.6542,25.8178,2.5818,-2.5818,8.0,10.0,1.908772,18,21,3,8,0.56566585,0.19104882,0.19935909,0E-8,0.000000,0.948938,0.000000,-0.01913337,2026-07-03,2026-07-13,3,28,26,11,0.272727,1.050154,1.021784,1.885553,,,,,,,,GLOBAL_BASELINE_NO_ENTITY_RANKING,,,NOT_APPLICABLE_GLOBAL_BASELINE,HF9g-P5,,,,X 全窗基线 · 不参与实体赏罚,8394947,840,A168_HF9F_20260827_0900,2026-08-27 09:00:00
2026-07-04,152530406,1325,0,30.2068004027,-30.2068004027,-30.2068004027,0E-7,3,2,0.27521242272727273,0.191009650000,-0.8714523473826296,-0.6871807445251034,-0.8714523473826296,0.08420277272727273,ELIGIBLE,R03b_20260811_FULL_v1,L1_ELIGIBILITY,v2026-08-11,2026-03-21..2026-08-06,baccarat_bet02_101_all_pairs_incl_sentinel,round_win = game_pnl > 0 (decisive only),COMPATIBILITY_ONLY_NOT_PRODUCTION,2528.0768,2398.9879,482.9861,513,130,-0.19104882,-0.19935909,-0.18022572,-0.19104882,-482.9861,2528.0768,OK,0.0000,19.3194,4.0000,96.0000,AG03-UNRESOLVED,ALL5_LEVELS_bet23_to_bet27,19.3194,19.3194,19.3194,24.1493,24.1493,4.000000,4.000000,4.000000,5.000000,5.000000,96.000000,96.000000,96.000000,95.000000,95.000000,5.0,106.2569,97.3341,376.7291,385.6519,PENDING_AG03,FALSE,NOT_FOR_ENFORCEMENT,463.6666,2303.0284,482.9861,463.6666,19.3194,0.19104882,0.18340686,19.3194,463.6666,0.18340686,19.3194,19.3194,19.3194,24.1493,24.1493,463.6666,0.18340686,106.2569,97.3341,376.7291,385.6519,0.14901808,0.15254756,0.00764195,4.9280,18.4538,3.7153,160.9954,17.2495,842.6923,43.3333,5.0354,4.7949,2.5818,2.5818,5.1636,12.9089,20.6542,25.8178,2.5818,-2.5818,8.0,10.0,1.908772,18,21,3,8,0.56566585,0.19104882,0.19935909,0E-8,0.000000,0.948938,0.000000,-0.01913337,2026-07-03,2026-07-13,3,28,26,11,0.272727,1.050154,1.021784,1.885553,,,,,,,,GLOBAL_BASELINE_NO_ENTITY_RANKING,,,NOT_APPLICABLE_GLOBAL_BASELINE,HF9g-P5,,,,X 全窗基线 · 不参与实体赏罚,8394948,840,A168_HF9F_20260827_0900,2026-08-27 09:00:00
2026-07-04,152530406,1330,0,114.1145792992,-77.9696899284,-77.9696899284,0.1666667,25,6,0.26713011461615961,0.170070308333,-0.556171641617268,-0.022191392560241278,-0.556171641617268,0.09705980628315961,ELIGIBLE,R03b_20260811_FULL_v1,L1_ELIGIBILITY,v2026-08-11,2026-03-21..2026-08-06,baccarat_bet02_101_all_pairs_incl_sentinel,round_win = game_pnl > 0 (decisive only),COMPATIBILITY_ONLY_NOT_PRODUCTION,2528.0768,2398.9879,482.9861,513,130,-0.19104882,-0.19935909,-0.18022572,-0.19104882,-482.9861,2528.0768,OK,0.0000,19.3194,4.0000,96.0000,AG03-UNRESOLVED,ALL5_LEVELS_bet23_to_bet27,19.3194,19.3194,19.3194,24.1493,24.1493,4.000000,4.000000,4.000000,5.000000,5.000000,96.000000,96.000000,96.000000,95.000000,95.000000,5.0,106.2569,97.3341,376.7291,385.6519,PENDING_AG03,FALSE,NOT_FOR_ENFORCEMENT,463.6666,2303.0284,482.9861,463.6666,19.3194,0.19104882,0.18340686,19.3194,463.6666,0.18340686,19.3194,19.3194,19.3194,24.1493,24.1493,463.6666,0.18340686,106.2569,97.3341,376.7291,385.6519,0.14901808,0.15254756,0.00764195,4.9280,18.4538,3.7153,160.9954,17.2495,842.6923,43.3333,5.0354,4.7949,2.5818,2.5818,5.1636,12.9089,20.6542,25.8178,2.5818,-2.5818,8.0,10.0,1.908772,18,21,3,8,0.56566585,0.19104882,0.19935909,0E-8,0.000000,0.948938,0.000000,-0.01913337,2026-07-03,2026-07-13,3,28,26,11,0.272727,1.050154,1.021784,1.885553,,,,,,,,GLOBAL_BASELINE_NO_ENTITY_RANKING,,,NOT_APPLICABLE_GLOBAL_BASELINE,HF9g-P5,,,,X 全窗基线 · 不参与实体赏罚,8394949,840,A168_HF9F_20260827_0900,2026-08-27 09:00:00
2026-07-04,152530406,1507,0,36.4030671520,-36.4030671520,-36.4030671520,0E-7,6,1,0.38056392836899306,0.137174416667,-0.7838185993453977,-0.3987264574247406,-0.7838185993453977,0.24338951170199306,ELIGIBLE,R03b_20260811_FULL_v1,L1_ELIGIBILITY,v2026-08-11,2026-03-21..2026-08-06,baccarat_bet02_101_all_pairs_incl_sentinel,round_win = game_pnl > 0 (decisive only),COMPATIBILITY_ONLY_NOT_PRODUCTION,2528.0768,2398.9879,482.9861,513,130,-0.19104882,-0.19935909,-0.18022572,-0.19104882,-482.9861,2528.0768,OK,0.0000,19.3194,4.0000,96.0000,AG03-UNRESOLVED,ALL5_LEVELS_bet23_to_bet27,19.3194,19.3194,19.3194,24.1493,24.1493,4.000000,4.000000,4.000000,5.000000,5.000000,96.000000,96.000000,96.000000,95.000000,95.000000,5.0,106.2569,97.3341,376.7291,385.6519,PENDING_AG03,FALSE,NOT_FOR_ENFORCEMENT,463.6666,2303.0284,482.9861,463.6666,19.3194,0.19104882,0.18340686,19.3194,463.6666,0.18340686,19.3194,19.3194,19.3194,24.1493,24.1493,463.6666,0.18340686,106.2569,97.3341,376.7291,385.6519,0.14901808,0.15254756,0.00764195,4.9280,18.4538,3.7153,160.9954,17.2495,842.6923,43.3333,5.0354,4.7949,2.5818,2.5818,5.1636,12.9089,20.6542,25.8178,2.5818,-2.5818,8.0,10.0,1.908772,18,21,3,8,0.56566585,0.19104882,0.19935909,0E-8,0.000000,0.948938,0.000000,-0.01913337,2026-07-03,2026-07-13,3,28,26,11,0.272727,1.050154,1.021784,1.885553,,,,,,,,GLOBAL_BASELINE_NO_ENTITY_RANKING,,,NOT_APPLICABLE_GLOBAL_BASELINE,HF9g-P5,,,,X 全窗基线 · 不参与实体赏罚,8394950,840,A168_HF9F_20260827_0900,2026-08-27 09:00:00
2026-07-04,152530406,1994,0,33.8212893398,-15.7488446544,-15.7488446544,0E-7,7,1,0.33849141145057071,0.129233428571,-0.7153294139099231,-0.38524459926385424,-0.7153294139099231,0.20925798287957071,ELIGIBLE,R03b_20260811_FULL_v1,L1_ELIGIBILITY,v2026-08-11,2026-03-21..2026-08-06,baccarat_bet02_101_all_pairs_incl_sentinel,round_win = game_pnl > 0 (decisive only),COMPATIBILITY_ONLY_NOT_PRODUCTION,2528.0768,2398.9879,482.9861,513,130,-0.19104882,-0.19935909,-0.18022572,-0.19104882,-482.9861,2528.0768,OK,0.0000,19.3194,4.0000,96.0000,AG03-UNRESOLVED,ALL5_LEVELS_bet23_to_bet27,19.3194,19.3194,19.3194,24.1493,24.1493,4.000000,4.000000,4.000000,5.000000,5.000000,96.000000,96.000000,96.000000,95.000000,95.000000,5.0,106.2569,97.3341,376.7291,385.6519,PENDING_AG03,FALSE,NOT_FOR_ENFORCEMENT,463.6666,2303.0284,482.9861,463.6666,19.3194,0.19104882,0.18340686,19.3194,463.6666,0.18340686,19.3194,19.3194,19.3194,24.1493,24.1493,463.6666,0.18340686,106.2569,97.3341,376.7291,385.6519,0.14901808,0.15254756,0.00764195,4.9280,18.4538,3.7153,160.9954,17.2495,842.6923,43.3333,5.0354,4.7949,2.5818,2.5818,5.1636,12.9089,20.6542,25.8178,2.5818,-2.5818,8.0,10.0,1.908772,18,21,3,8,0.56566585,0.19104882,0.19935909,0E-8,0.000000,0.948938,0.000000,-0.01913337,2026-07-03,2026-07-13,3,28,26,11,0.272727,1.050154,1.021784,1.885553,,,,,,,,GLOBAL_BASELINE_NO_ENTITY_RANKING,,,NOT_APPLICABLE_GLOBAL_BASELINE,HF9g-P5,,,,X 全窗基线 · 不参与实体赏罚,8394951,840,A168_HF9F_20260827_0900,2026-08-27 09:00:00
2026-07-04,152530406,2121,0,33.8212893398,-2.8399555934,-2.8399555934,0E-7,6,1,0.33343796106888833,0.139611233333,-0.707273249428252,-0.4028216611528174,-0.707273249428252,0.19382672773588833,ELIGIBLE,R03b_20260811_FULL_v1,L1_ELIGIBILITY,v2026-08-11,2026-03-21..2026-08-06,baccarat_bet02_101_all_pairs_incl_sentinel,round_win = game_pnl > 0 (decisive only),COMPATIBILITY_ONLY_NOT_PRODUCTION,2528.0768,2398.9879,482.9861,513,130,-0.19104882,-0.19935909,-0.18022572,-0.19104882,-482.9861,2528.0768,OK,0.0000,19.3194,4.0000,96.0000,AG03-UNRESOLVED,ALL5_LEVELS_bet23_to_bet27,19.3194,19.3194,19.3194,24.1493,24.1493,4.000000,4.000000,4.000000,5.000000,5.000000,96.000000,96.000000,96.000000,95.000000,95.000000,5.0,106.2569,97.3341,376.7291,385.6519,PENDING_AG03,FALSE,NOT_FOR_ENFORCEMENT,463.6666,2303.0284,482.9861,463.6666,19.3194,0.19104882,0.18340686,19.3194,463.6666,0.18340686,19.3194,19.3194,19.3194,24.1493,24.1493,463.6666,0.18340686,106.2569,97.3341,376.7291,385.6519,0.14901808,0.15254756,0.00764195,4.9280,18.4538,3.7153,160.9954,17.2495,842.6923,43.3333,5.0354,4.7949,2.5818,2.5818,5.1636,12.9089,20.6542,25.8178,2.5818,-2.5818,8.0,10.0,1.908772,18,21,3,8,0.56566585,0.19104882,0.19935909,0E-8,0.000000,0.948938,0.000000,-0.01913337,2026-07-03,2026-07-13,3,28,26,11,0.272727,1.050154,1.021784,1.885553,,,,,,,,GLOBAL_BASELINE_NO_ENTITY_RANKING,,,NOT_APPLICABLE_GLOBAL_BASELINE,HF9g-P5,,,,X 全窗基线 · 不参与实体赏罚,8394952,840,A168_HF9F_20260827_0900,2026-08-27 09:00:00
2026-07-04,152530406,2246,0,5.1635556244,-5.1635556244,-5.1635556244,0E-7,1,1,0.50665070000000000,0.506650700000,-1.013391052207602,-1.013391052207602,-1.013391052207602,0E-17,ELIGIBLE,R03b_20260811_FULL_v1,L1_ELIGIBILITY,v2026-08-11,2026-03-21..2026-08-06,baccarat_bet02_101_all_pairs_incl_sentinel,round_win = game_pnl > 0 (decisive only),COMPATIBILITY_ONLY_NOT_PRODUCTION,2528.0768,2398.9879,482.9861,513,130,-0.19104882,-0.19935909,-0.18022572,-0.19104882,-482.9861,2528.0768,OK,0.0000,19.3194,4.0000,96.0000,AG03-UNRESOLVED,ALL5_LEVELS_bet23_to_bet27,19.3194,19.3194,19.3194,24.1493,24.1493,4.000000,4.000000,4.000000,5.000000,5.000000,96.000000,96.000000,96.000000,95.000000,95.000000,5.0,106.2569,97.3341,376.7291,385.6519,PENDING_AG03,FALSE,NOT_FOR_ENFORCEMENT,463.6666,2303.0284,482.9861,463.6666,19.3194,0.19104882,0.18340686,19.3194,463.6666,0.18340686,19.3194,19.3194,19.3194,24.1493,24.1493,463.6666,0.18340686,106.2569,97.3341,376.7291,385.6519,0.14901808,0.15254756,0.00764195,4.9280,18.4538,3.7153,160.9954,17.2495,842.6923,43.3333,5.0354,4.7949,2.5818,2.5818,5.1636,12.9089,20.6542,25.8178,2.5818,-2.5818,8.0,10.0,1.908772,18,21,3,8,0.56566585,0.19104882,0.19935909,0E-8,0.000000,0.948938,0.000000,-0.01913337,2026-07-03,2026-07-13,3,28,26,11,0.272727,1.050154,1.021784,1.885553,,,,,,,,GLOBAL_BASELINE_NO_ENTITY_RANKING,,,NOT_APPLICABLE_GLOBAL_BASELINE,HF9g-P5,,,,X 全窗基线 · 不参与实体赏罚,8394953,840,A168_HF9F_20260827_0900,2026-08-27 09:00:00
2026-07-04,152530406,598,0,5.1635556244,-5.1635556244,-5.1635556244,0E-7,1,1,0.50665070000000000,0.506650700000,-1.013391052207602,-1.013391052207602,-1.013391052207602,0E-17,ELIGIBLE,R03b_20260811_FULL_v1,L1_ELIGIBILITY,v2026-08-11,2026-03-21..2026-08-06,baccarat_bet02_101_all_pairs_incl_sentinel,round_win = game_pnl > 0 (decisive only),COMPATIBILITY_ONLY_NOT_PRODUCTION,2528.0768,2398.9879,482.9861,513,130,-0.19104882,-0.19935909,-0.18022572,-0.19104882,-482.9861,2528.0768,OK,0.0000,19.3194,4.0000,96.0000,AG03-UNRESOLVED,ALL5_LEVELS_bet23_to_bet27,19.3194,19.3194,19.3194,24.1493,24.1493,4.000000,4.000000,4.000000,5.000000,5.000000,96.000000,96.000000,96.000000,95.000000,95.000000,5.0,106.2569,97.3341,376.7291,385.6519,PENDING_AG03,FALSE,NOT_FOR_ENFORCEMENT,463.6666,2303.0284,482.9861,463.6666,19.3194,0.19104882,0.18340686,19.3194,463.6666,0.18340686,19.3194,19.3194,19.3194,24.1493,24.1493,463.6666,0.18340686,106.2569,97.3341,376.7291,385.6519,0.14901808,0.15254756,0.00764195,4.9280,18.4538,3.7153,160.9954,17.2495,842.6923,43.3333,5.0354,4.7949,2.5818,2.5818,5.1636,12.9089,20.6542,25.8178,2.5818,-2.5818,8.0,10.0,1.908772,18,21,3,8,0.56566585,0.19104882,0.19935909,0E-8,0.000000,0.948938,0.000000,-0.01913337,2026-07-03,2026-07-13,3,28,26,11,0.272727,1.050154,1.021784,1.885553,,,,,,,,GLOBAL_BASELINE_NO_ENTITY_RANKING,,,NOT_APPLICABLE_GLOBAL_BASELINE,HF9g-P5,,,,X 全窗基线 · 不参与实体赏罚,8394954,840,A168_HF9F_20260827_0900,2026-08-27 09:00:00
2026-07-13,152530406,-1,1,218.4184029120,-23.3650892003,-23.3650892003,0.5000000,37,8,0.39189711497182155,0.229894479851,0.6263364881117073,1.8156789707909422,0.6263364881117073,0.16200263512082155,SENTINEL_DEALER,R03b_20260811_FULL_v1,L1_ELIGIBILITY,v2026-08-11,2026-03-21..2026-08-06,baccarat_bet02_101_all_pairs_incl_sentinel,round_win = game_pnl > 0 (decisive only),COMPATIBILITY_ONLY_NOT_PRODUCTION,2528.0768,2398.9879,482.9861,513,130,-0.19104882,-0.19935909,-0.18022572,-0.19104882,-482.9861,2528.0768,OK,0.0000,19.3194,4.0000,96.0000,AG03-UNRESOLVED,ALL5_LEVELS_bet23_to_bet27,19.3194,19.3194,19.3194,24.1493,24.1493,4.000000,4.000000,4.000000,5.000000,5.000000,96.000000,96.000000,96.000000,95.000000,95.000000,5.0,106.2569,97.3341,376.7291,385.6519,PENDING_AG03,FALSE,NOT_FOR_ENFORCEMENT,463.6666,2303.0284,482.9861,463.6666,19.3194,0.19104882,0.18340686,19.3194,463.6666,0.18340686,19.3194,19.3194,19.3194,24.1493,24.1493,463.6666,0.18340686,106.2569,97.3341,376.7291,385.6519,0.14901808,0.15254756,0.00764195,4.9280,18.4538,3.7153,160.9954,17.2495,842.6923,43.3333,5.0354,4.7949,2.5818,2.5818,5.1636,12.9089,20.6542,25.8178,2.5818,-2.5818,8.0,10.0,1.908772,18,21,3,8,0.56566585,0.19104882,0.19935909,0E-8,0.000000,0.948938,0.000000,-0.01913337,2026-07-03,2026-07-13,3,28,26,11,0.272727,1.050154,1.021784,1.885553,,,,,,,,GLOBAL_BASELINE_NO_ENTITY_RANKING,,,NOT_APPLICABLE_GLOBAL_BASELINE,HF9g-P5,,,,X 全窗基线 · 不参与实体赏罚,8394955,840,A168_HF9F_20260827_0900,2026-08-27 09:00:00
2026-07-13,152530406,1299,0,7.7453334366,-7.7453334366,-7.7453334366,0E-7,3,1,0.21163280000000000,0.211632800000,-0.5181162521659392,-0.5181162521659392,-0.5181162521659392,0E-17,ELIGIBLE,R03b_20260811_FULL_v1,L1_ELIGIBILITY,v2026-08-11,2026-03-21..2026-08-06,baccarat_bet02_101_all_pairs_incl_sentinel,round_win = game_pnl > 0 (decisive only),COMPATIBILITY_ONLY_NOT_PRODUCTION,2528.0768,2398.9879,482.9861,513,130,-0.19104882,-0.19935909,-0.18022572,-0.19104882,-482.9861,2528.0768,OK,0.0000,19.3194,4.0000,96.0000,AG03-UNRESOLVED,ALL5_LEVELS_bet23_to_bet27,19.3194,19.3194,19.3194,24.1493,24.1493,4.000000,4.000000,4.000000,5.000000,5.000000,96.000000,96.000000,96.000000,95.000000,95.000000,5.0,106.2569,97.3341,376.7291,385.6519,PENDING_AG03,FALSE,NOT_FOR_ENFORCEMENT,463.6666,2303.0284,482.9861,463.6666,19.3194,0.19104882,0.18340686,19.3194,463.6666,0.18340686,19.3194,19.3194,19.3194,24.1493,24.1493,463.6666,0.18340686,106.2569,97.3341,376.7291,385.6519,0.14901808,0.15254756,0.00764195,4.9280,18.4538,3.7153,160.9954,17.2495,842.6923,43.3333,5.0354,4.7949,2.5818,2.5818,5.1636,12.9089,20.6542,25.8178,2.5818,-2.5818,8.0,10.0,1.908772,18,21,3,8,0.56566585,0.19104882,0.19935909,0E-8,0.000000,0.948938,0.000000,-0.01913337,2026-07-03,2026-07-13,3,28,26,11,0.272727,1.050154,1.021784,1.885553,,,,,,,,GLOBAL_BASELINE_NO_ENTITY_RANKING,,,NOT_APPLICABLE_GLOBAL_BASELINE,HF9g-P5,,,,X 全窗基线 · 不参与实体赏罚,8394956,840,A168_HF9F_20260827_0900,2026-08-27 09:00:00
2026-07-13,152530406,1402,0,9.2944001239,-9.2944001239,-9.2944001239,0E-7,2,2,0.30062675000000000,0.300626750000,-0.9272018728036208,-0.9272018728036208,-0.9272018728036208,0E-17,ELIGIBLE,R03b_20260811_FULL_v1,L1_ELIGIBILITY,v2026-08-11,2026-03-21..2026-08-06,baccarat_bet02_101_all_pairs_incl_sentinel,round_win = game_pnl > 0 (decisive only),COMPATIBILITY_ONLY_NOT_PRODUCTION,2528.0768,2398.9879,482.9861,513,130,-0.19104882,-0.19935909,-0.18022572,-0.19104882,-482.9861,2528.0768,OK,0.0000,19.3194,4.0000,96.0000,AG03-UNRESOLVED,ALL5_LEVELS_bet23_to_bet27,19.3194,19.3194,19.3194,24.1493,24.1493,4.000000,4.000000,4.000000,5.000000,5.000000,96.000000,96.000000,96.000000,95.000000,95.000000,5.0,106.2569,97.3341,376.7291,385.6519,PENDING_AG03,FALSE,NOT_FOR_ENFORCEMENT,463.6666,2303.0284,482.9861,463.6666,19.3194,0.19104882,0.18340686,19.3194,463.6666,0.18340686,19.3194,19.3194,19.3194,24.1493,24.1493,463.6666,0.18340686,106.2569,97.3341,376.7291,385.6519,0.14901808,0.15254756,0.00764195,4.9280,18.4538,3.7153,160.9954,17.2495,842.6923,43.3333,5.0354,4.7949,2.5818,2.5818,5.1636,12.9089,20.6542,25.8178,2.5818,-2.5818,8.0,10.0,1.908772,18,21,3,8,0.56566585,0.19104882,0.19935909,0E-8,0.000000,0.948938,0.000000,-0.01913337,2026-07-03,2026-07-13,3,28,26,11,0.272727,1.050154,1.021784,1.885553,,,,,,,,GLOBAL_BASELINE_NO_ENTITY_RANKING,,,NOT_APPLICABLE_GLOBAL_BASELINE,HF9g-P5,,,,X 全窗基线 · 不参与实体赏罚,8394957,840,A168_HF9F_20260827_0900,2026-08-27 09:00:00
2026-07-13,152530406,1750,0,41.3084449952,-41.3084449952,-41.3084449952,0E-7,7,2,0.39000738181818182,0.327141941667,-1.1308086494182388,-0.9861009616475742,-1.1308086494182388,0.06286544015118182,ELIGIBLE,R03b_20260811_FULL_v1,L1_ELIGIBILITY,v2026-08-11,2026-03-21..2026-08-06,baccarat_bet02_101_all_pairs_incl_sentinel,round_win = game_pnl > 0 (decisive only),COMPATIBILITY_ONLY_NOT_PRODUCTION,2528.0768,2398.9879,482.9861,513,130,-0.19104882,-0.19935909,-0.18022572,-0.19104882,-482.9861,2528.0768,OK,0.0000,19.3194,4.0000,96.0000,AG03-UNRESOLVED,ALL5_LEVELS_bet23_to_bet27,19.3194,19.3194,19.3194,24.1493,24.1493,4.000000,4.000000,4.000000,5.000000,5.000000,96.000000,96.000000,96.000000,95.000000,95.000000,5.0,106.2569,97.3341,376.7291,385.6519,PENDING_AG03,FALSE,NOT_FOR_ENFORCEMENT,463.6666,2303.0284,482.9861,463.6666,19.3194,0.19104882,0.18340686,19.3194,463.6666,0.18340686,19.3194,19.3194,19.3194,24.1493,24.1493,463.6666,0.18340686,106.2569,97.3341,376.7291,385.6519,0.14901808,0.15254756,0.00764195,4.9280,18.4538,3.7153,160.9954,17.2495,842.6923,43.3333,5.0354,4.7949,2.5818,2.5818,5.1636,12.9089,20.6542,25.8178,2.5818,-2.5818,8.0,10.0,1.908772,18,21,3,8,0.56566585,0.19104882,0.19935909,0E-8,0.000000,0.948938,0.000000,-0.01913337,2026-07-03,2026-07-13,3,28,26,11,0.272727,1.050154,1.021784,1.885553,,,,,,,,GLOBAL_BASELINE_NO_ENTITY_RANKING,,,NOT_APPLICABLE_GLOBAL_BASELINE,HF9g-P5,,,,X 全窗基线 · 不参与实体赏罚,8394958,840,A168_HF9F_20260827_0900,2026-08-27 09:00:00
2026-07-13,152530406,1985,0,25.8177781220,-25.8177781220,-25.8177781220,0E-7,6,2,0.36788161875000000,0.329846520000,-1.0788717779289,-0.9921647940820232,-1.0788717779289,0.03803509875000000,ELIGIBLE,R03b_20260811_FULL_v1,L1_ELIGIBILITY,v2026-08-11,2026-03-21..2026-08-06,baccarat_bet02_101_all_pairs_incl_sentinel,round_win = game_pnl > 0 (decisive only),COMPATIBILITY_ONLY_NOT_PRODUCTION,2528.0768,2398.9879,482.9861,513,130,-0.19104882,-0.19935909,-0.18022572,-0.19104882,-482.9861,2528.0768,OK,0.0000,19.3194,4.0000,96.0000,AG03-UNRESOLVED,ALL5_LEVELS_bet23_to_bet27,19.3194,19.3194,19.3194,24.1493,24.1493,4.000000,4.000000,4.000000,5.000000,5.000000,96.000000,96.000000,96.000000,95.000000,95.000000,5.0,106.2569,97.3341,376.7291,385.6519,PENDING_AG03,FALSE,NOT_FOR_ENFORCEMENT,463.6666,2303.0284,482.9861,463.6666,19.3194,0.19104882,0.18340686,19.3194,463.6666,0.18340686,19.3194,19.3194,19.3194,24.1493,24.1493,463.6666,0.18340686,106.2569,97.3341,376.7291,385.6519,0.14901808,0.15254756,0.00764195,4.9280,18.4538,3.7153,160.9954,17.2495,842.6923,43.3333,5.0354,4.7949,2.5818,2.5818,5.1636,12.9089,20.6542,25.8178,2.5818,-2.5818,8.0,10.0,1.908772,18,21,3,8,0.56566585,0.19104882,0.19935909,0E-8,0.000000,0.948938,0.000000,-0.01913337,2026-07-03,2026-07-13,3,28,26,11,0.272727,1.050154,1.021784,1.885553,,,,,,,,GLOBAL_BASELINE_NO_ENTITY_RANKING,,,NOT_APPLICABLE_GLOBAL_BASELINE,HF9g-P5,,,,X 全窗基线 · 不参与实体赏罚,8394959,840,A168_HF9F_20260827_0900,2026-08-27 09:00:00
2026-07-13,152530406,2083,0,360.9325381454,49.0537784320,49.0537784320,0.4666667,79,15,0.27660660988355385,0.159367364476,1.645575978861892,3.251654433122801,1.645575978861892,0.11723924540755385,ELIGIBLE,R03b_20260811_FULL_v1,L1_ELIGIBILITY,v2026-08-11,2026-03-21..2026-08-06,baccarat_bet02_101_all_pairs_incl_sentinel,round_win = game_pnl > 0 (decisive only),COMPATIBILITY_ONLY_NOT_PRODUCTION,2528.0768,2398.9879,482.9861,513,130,-0.19104882,-0.19935909,-0.18022572,-0.19104882,-482.9861,2528.0768,OK,0.0000,19.3194,4.0000,96.0000,AG03-UNRESOLVED,ALL5_LEVELS_bet23_to_bet27,19.3194,19.3194,19.3194,24.1493,24.1493,4.000000,4.000000,4.000000,5.000000,5.000000,96.000000,96.000000,96.000000,95.000000,95.000000,5.0,106.2569,97.3341,376.7291,385.6519,PENDING_AG03,FALSE,NOT_FOR_ENFORCEMENT,463.6666,2303.0284,482.9861,463.6666,19.3194,0.19104882,0.18340686,19.3194,463.6666,0.18340686,19.3194,19.3194,19.3194,24.1493,24.1493,463.6666,0.18340686,106.2569,97.3341,376.7291,385.6519,0.14901808,0.15254756,0.00764195,4.9280,18.4538,3.7153,160.9954,17.2495,842.6923,43.3333,5.0354,4.7949,2.5818,2.5818,5.1636,12.9089,20.6542,25.8178,2.5818,-2.5818,8.0,10.0,1.908772,18,21,3,8,0.56566585,0.19104882,0.19935909,0E-8,0.000000,0.948938,0.000000,-0.01913337,2026-07-03,2026-07-13,3,28,26,11,0.272727,1.050154,1.021784,1.885553,,,,,,,,GLOBAL_BASELINE_NO_ENTITY_RANKING,,,NOT_APPLICABLE_GLOBAL_BASELINE,HF9g-P5,,,,X 全窗基线 · 不参与实体赏罚,8394960,840,A168_HF9F_20260827_0900,2026-08-27 09:00:00
2026-07-13,152530406,2108,0,18.0724446854,-18.0724446854,-18.0724446854,0E-7,3,1,0.37366060000000000,0.214214066667,-0.7723849224828971,-0.5221218497722453,-0.7723849224828971,0.15944653333300000,ELIGIBLE,R03b_20260811_FULL_v1,L1_ELIGIBILITY,v2026-08-11,2026-03-21..2026-08-06,baccarat_bet02_101_all_pairs_incl_sentinel,round_win = game_pnl > 0 (decisive only),COMPATIBILITY_ONLY_NOT_PRODUCTION,2528.0768,2398.9879,482.9861,513,130,-0.19104882,-0.19935909,-0.18022572,-0.19104882,-482.9861,2528.0768,OK,0.0000,19.3194,4.0000,96.0000,AG03-UNRESOLVED,ALL5_LEVELS_bet23_to_bet27,19.3194,19.3194,19.3194,24.1493,24.1493,4.000000,4.000000,4.000000,5.000000,5.000000,96.000000,96.000000,96.000000,95.000000,95.000000,5.0,106.2569,97.3341,376.7291,385.6519,PENDING_AG03,FALSE,NOT_FOR_ENFORCEMENT,463.6666,2303.0284,482.9861,463.6666,19.3194,0.19104882,0.18340686,19.3194,463.6666,0.18340686,19.3194,19.3194,19.3194,24.1493,24.1493,463.6666,0.18340686,106.2569,97.3341,376.7291,385.6519,0.14901808,0.15254756,0.00764195,4.9280,18.4538,3.7153,160.9954,17.2495,842.6923,43.3333,5.0354,4.7949,2.5818,2.5818,5.1636,12.9089,20.6542,25.8178,2.5818,-2.5818,8.0,10.0,1.908772,18,21,3,8,0.56566585,0.19104882,0.19935909,0E-8,0.000000,0.948938,0.000000,-0.01913337,2026-07-03,2026-07-13,3,28,26,11,0.272727,1.050154,1.021784,1.885553,,,,,,,,GLOBAL_BASELINE_NO_ENTITY_RANKING,,,NOT_APPLICABLE_GLOBAL_BASELINE,HF9g-P5,,,,X 全窗基线 · 不参与实体赏罚,8394961,840,A168_HF9F_20260827_0900,2026-08-27 09:00:00
2026-07-13,152530406,2115,0,46.7301784008,-36.4030671520,-36.4030671520,0E-7,10,3,0.33704913114768316,0.214395858333,-1.2349988729674113,-0.9048298948850857,-1.2349988729674113,0.12265327281468316,ELIGIBLE,R03b_20260811_FULL_v1,L1_ELIGIBILITY,v2026-08-11,2026-03-21..2026-08-06,baccarat_bet02_101_all_pairs_incl_sentinel,round_win = game_pnl > 0 (decisive only),COMPATIBILITY_ONLY_NOT_PRODUCTION,2528.0768,2398.9879,482.9861,513,130,-0.19104882,-0.19935909,-0.18022572,-0.19104882,-482.9861,2528.0768,OK,0.0000,19.3194,4.0000,96.0000,AG03-UNRESOLVED,ALL5_LEVELS_bet23_to_bet27,19.3194,19.3194,19.3194,24.1493,24.1493,4.000000,4.000000,4.000000,5.000000,5.000000,96.000000,96.000000,96.000000,95.000000,95.000000,5.0,106.2569,97.3341,376.7291,385.6519,PENDING_AG03,FALSE,NOT_FOR_ENFORCEMENT,463.6666,2303.0284,482.9861,463.6666,19.3194,0.19104882,0.18340686,19.3194,463.6666,0.18340686,19.3194,19.3194,19.3194,24.1493,24.1493,463.6666,0.18340686,106.2569,97.3341,376.7291,385.6519,0.14901808,0.15254756,0.00764195,4.9280,18.4538,3.7153,160.9954,17.2495,842.6923,43.3333,5.0354,4.7949,2.5818,2.5818,5.1636,12.9089,20.6542,25.8178,2.5818,-2.5818,8.0,10.0,1.908772,18,21,3,8,0.56566585,0.19104882,0.19935909,0E-8,0.000000,0.948938,0.000000,-0.01913337,2026-07-03,2026-07-13,3,28,26,11,0.272727,1.050154,1.021784,1.885553,,,,,,,,GLOBAL_BASELINE_NO_ENTITY_RANKING,,,NOT_APPLICABLE_GLOBAL_BASELINE,HF9g-P5,,,,X 全窗基线 · 不参与实体赏罚,8394962,840,A168_HF9F_20260827_0900,2026-08-27 09:00:00
2026-07-13,152530406,2212,0,95.5257790514,-36.4030671520,-36.4030671520,0.2500000,13,4,0.35574228060064935,0.241315787500,-0.4417546305792997,0.04059168189252362,-0.4417546305792997,0.11442649310064935,ELIGIBLE,R03b_20260811_FULL_v1,L1_ELIGIBILITY,v2026-08-11,2026-03-21..2026-08-06,baccarat_bet02_101_all_pairs_incl_sentinel,round_win = game_pnl > 0 (decisive only),COMPATIBILITY_ONLY_NOT_PRODUCTION,2528.0768,2398.9879,482.9861,513,130,-0.19104882,-0.19935909,-0.18022572,-0.19104882,-482.9861,2528.0768,OK,0.0000,19.3194,4.0000,96.0000,AG03-UNRESOLVED,ALL5_LEVELS_bet23_to_bet27,19.3194,19.3194,19.3194,24.1493,24.1493,4.000000,4.000000,4.000000,5.000000,5.000000,96.000000,96.000000,96.000000,95.000000,95.000000,5.0,106.2569,97.3341,376.7291,385.6519,PENDING_AG03,FALSE,NOT_FOR_ENFORCEMENT,463.6666,2303.0284,482.9861,463.6666,19.3194,0.19104882,0.18340686,19.3194,463.6666,0.18340686,19.3194,19.3194,19.3194,24.1493,24.1493,463.6666,0.18340686,106.2569,97.3341,376.7291,385.6519,0.14901808,0.15254756,0.00764195,4.9280,18.4538,3.7153,160.9954,17.2495,842.6923,43.3333,5.0354,4.7949,2.5818,2.5818,5.1636,12.9089,20.6542,25.8178,2.5818,-2.5818,8.0,10.0,1.908772,18,21,3,8,0.56566585,0.19104882,0.19935909,0E-8,0.000000,0.948938,0.000000,-0.01913337,2026-07-03,2026-07-13,3,28,26,11,0.272727,1.050154,1.021784,1.885553,,,,,,,,GLOBAL_BASELINE_NO_ENTITY_RANKING,,,NOT_APPLICABLE_GLOBAL_BASELINE,HF9g-P5,,,,X 全窗基线 · 不参与实体赏罚,8394963,840,A168_HF9F_20260827_0900,2026-08-27 09:00:00
2026-07-13,152530406,2235,0,71.2570676167,-17.6206335682,-17.6206335682,0.5000000,10,4,0.41499846060748979,0.296697247917,0.34502855496200757,0.8901133935820188,0.34502855496200757,0.11830121269048979,ELIGIBLE,R03b_20260811_FULL_v1,L1_ELIGIBILITY,v2026-08-11,2026-03-21..2026-08-06,baccarat_bet02_101_all_pairs_incl_sentinel,round_win = game_pnl > 0 (decisive only),COMPATIBILITY_ONLY_NOT_PRODUCTION,2528.0768,2398.9879,482.9861,513,130,-0.19104882,-0.19935909,-0.18022572,-0.19104882,-482.9861,2528.0768,OK,0.0000,19.3194,4.0000,96.0000,AG03-UNRESOLVED,ALL5_LEVELS_bet23_to_bet27,19.3194,19.3194,19.3194,24.1493,24.1493,4.000000,4.000000,4.000000,5.000000,5.000000,96.000000,96.000000,96.000000,95.000000,95.000000,5.0,106.2569,97.3341,376.7291,385.6519,PENDING_AG03,FALSE,NOT_FOR_ENFORCEMENT,463.6666,2303.0284,482.9861,463.6666,19.3194,0.19104882,0.18340686,19.3194,463.6666,0.18340686,19.3194,19.3194,19.3194,24.1493,24.1493,463.6666,0.18340686,106.2569,97.3341,376.7291,385.6519,0.14901808,0.15254756,0.00764195,4.9280,18.4538,3.7153,160.9954,17.2495,842.6923,43.3333,5.0354,4.7949,2.5818,2.5818,5.1636,12.9089,20.6542,25.8178,2.5818,-2.5818,8.0,10.0,1.908772,18,21,3,8,0.56566585,0.19104882,0.19935909,0E-8,0.000000,0.948938,0.000000,-0.01913337,2026-07-03,2026-07-13,3,28,26,11,0.272727,1.050154,1.021784,1.885553,,,,,,,,GLOBAL_BASELINE_NO_ENTITY_RANKING,,,NOT_APPLICABLE_GLOBAL_BASELINE,HF9g-P5,,,,X 全窗基线 · 不参与实体赏罚,8394964,840,A168_HF9F_20260827_0900,2026-08-27 09:00:00
2026-07-13,152530406,2242,0,30.9813337464,-30.9813337464,-30.9813337464,0E-7,5,1,0.32822655000000000,0.160842320000,-0.698997200150432,-0.4378026415079444,-0.698997200150432,0.16738423000000000,ELIGIBLE,R03b_20260811_FULL_v1,L1_ELIGIBILITY,v2026-08-11,2026-03-21..2026-08-06,baccarat_bet02_101_all_pairs_incl_sentinel,round_win = game_pnl > 0 (decisive only),COMPATIBILITY_ONLY_NOT_PRODUCTION,2528.0768,2398.9879,482.9861,513,130,-0.19104882,-0.19935909,-0.18022572,-0.19104882,-482.9861,2528.0768,OK,0.0000,19.3194,4.0000,96.0000,AG03-UNRESOLVED,ALL5_LEVELS_bet23_to_bet27,19.3194,19.3194,19.3194,24.1493,24.1493,4.000000,4.000000,4.000000,5.000000,5.000000,96.000000,96.000000,96.000000,95.000000,95.000000,5.0,106.2569,97.3341,376.7291,385.6519,PENDING_AG03,FALSE,NOT_FOR_ENFORCEMENT,463.6666,2303.0284,482.9861,463.6666,19.3194,0.19104882,0.18340686,19.3194,463.6666,0.18340686,19.3194,19.3194,19.3194,24.1493,24.1493,463.6666,0.18340686,106.2569,97.3341,376.7291,385.6519,0.14901808,0.15254756,0.00764195,4.9280,18.4538,3.7153,160.9954,17.2495,842.6923,43.3333,5.0354,4.7949,2.5818,2.5818,5.1636,12.9089,20.6542,25.8178,2.5818,-2.5818,8.0,10.0,1.908772,18,21,3,8,0.56566585,0.19104882,0.19935909,0E-8,0.000000,0.948938,0.000000,-0.01913337,2026-07-03,2026-07-13,3,28,26,11,0.272727,1.050154,1.021784,1.885553,,,,,,,,GLOBAL_BASELINE_NO_ENTITY_RANKING,,,NOT_APPLICABLE_GLOBAL_BASELINE,HF9g-P5,,,,X 全窗基线 · 不参与实体赏罚,8394965,840,A168_HF9F_20260827_0900,2026-08-27 09:00:00
2026-07-13,152530406,550,0,131.6706684222,-15.2324890921,-15.2324890921,0.5714286,18,7,0.35373603645124716,0.252944034762,1.2046140772816114,1.9384231199969066,1.2046140772816114,0.10079200168924716,ELIGIBLE,R03b_20260811_FULL_v1,L1_ELIGIBILITY,v2026-08-11,2026-03-21..2026-08-06,baccarat_bet02_101_all_pairs_incl_sentinel,round_win = game_pnl > 0 (decisive only),COMPATIBILITY_ONLY_NOT_PRODUCTION,2528.0768,2398.9879,482.9861,513,130,-0.19104882,-0.19935909,-0.18022572,-0.19104882,-482.9861,2528.0768,OK,0.0000,19.3194,4.0000,96.0000,AG03-UNRESOLVED,ALL5_LEVELS_bet23_to_bet27,19.3194,19.3194,19.3194,24.1493,24.1493,4.000000,4.000000,4.000000,5.000000,5.000000,96.000000,96.000000,96.000000,95.000000,95.000000,5.0,106.2569,97.3341,376.7291,385.6519,PENDING_AG03,FALSE,NOT_FOR_ENFORCEMENT,463.6666,2303.0284,482.9861,463.6666,19.3194,0.19104882,0.18340686,19.3194,463.6666,0.18340686,19.3194,19.3194,19.3194,24.1493,24.1493,463.6666,0.18340686,106.2569,97.3341,376.7291,385.6519,0.14901808,0.15254756,0.00764195,4.9280,18.4538,3.7153,160.9954,17.2495,842.6923,43.3333,5.0354,4.7949,2.5818,2.5818,5.1636,12.9089,20.6542,25.8178,2.5818,-2.5818,8.0,10.0,1.908772,18,21,3,8,0.56566585,0.19104882,0.19935909,0E-8,0.000000,0.948938,0.000000,-0.01913337,2026-07-03,2026-07-13,3,28,26,11,0.272727,1.050154,1.021784,1.885553,,,,,,,,GLOBAL_BASELINE_NO_ENTITY_RANKING,,,NOT_APPLICABLE_GLOBAL_BASELINE,HF9g-P5,,,,X 全窗基线 · 不参与实体赏罚,8394966,840,A168_HF9F_20260827_0900,2026-08-27 09:00:00
2026-07-13,152530406,595,0,51.6355562440,-30.9813337464,-30.9813337464,0.2000000,12,5,0.23349691366666667,0.208914870000,-0.17704850743925382,-0.04903472337341032,-0.17704850743925382,0.02458204366666667,ELIGIBLE,R03b_20260811_FULL_v1,L1_ELIGIBILITY,v2026-08-11,2026-03-21..2026-08-06,baccarat_bet02_101_all_pairs_incl_sentinel,round_win = game_pnl > 0 (decisive only),COMPATIBILITY_ONLY_NOT_PRODUCTION,2528.0768,2398.9879,482.9861,513,130,-0.19104882,-0.19935909,-0.18022572,-0.19104882,-482.9861,2528.0768,OK,0.0000,19.3194,4.0000,96.0000,AG03-UNRESOLVED,ALL5_LEVELS_bet23_to_bet27,19.3194,19.3194,19.3194,24.1493,24.1493,4.000000,4.000000,4.000000,5.000000,5.000000,96.000000,96.000000,96.000000,95.000000,95.000000,5.0,106.2569,97.3341,376.7291,385.6519,PENDING_AG03,FALSE,NOT_FOR_ENFORCEMENT,463.6666,2303.0284,482.9861,463.6666,19.3194,0.19104882,0.18340686,19.3194,463.6666,0.18340686,19.3194,19.3194,19.3194,24.1493,24.1493,463.6666,0.18340686,106.2569,97.3341,376.7291,385.6519,0.14901808,0.15254756,0.00764195,4.9280,18.4538,3.7153,160.9954,17.2495,842.6923,43.3333,5.0354,4.7949,2.5818,2.5818,5.1636,12.9089,20.6542,25.8178,2.5818,-2.5818,8.0,10.0,1.908772,18,21,3,8,0.56566585,0.19104882,0.19935909,0E-8,0.000000,0.948938,0.000000,-0.01913337,2026-07-03,2026-07-13,3,28,26,11,0.272727,1.050154,1.021784,1.885553,,,,,,,,GLOBAL_BASELINE_NO_ENTITY_RANKING,,,NOT_APPLICABLE_GLOBAL_BASELINE,HF9g-P5,,,,X 全窗基线 · 不参与实体赏罚,8394967,840,A168_HF9F_20260827_0900,2026-08-27 09:00:00
2026-07-13,152530406,986,0,320.6568042750,-40.9211783231,-40.9211783231,0.3888889,79,18,0.28328552534717084,0.178221476071,0.9943258348860191,2.335480268664577,0.9943258348860191,0.10506404927617084,ELIGIBLE,R03b_20260811_FULL_v1,L1_ELIGIBILITY,v2026-08-11,2026-03-21..2026-08-06,baccarat_bet02_101_all_pairs_incl_sentinel,round_win = game_pnl > 0 (decisive only),COMPATIBILITY_ONLY_NOT_PRODUCTION,2528.0768,2398.9879,482.9861,513,130,-0.19104882,-0.19935909,-0.18022572,-0.19104882,-482.9861,2528.0768,OK,0.0000,19.3194,4.0000,96.0000,AG03-UNRESOLVED,ALL5_LEVELS_bet23_to_bet27,19.3194,19.3194,19.3194,24.1493,24.1493,4.000000,4.000000,4.000000,5.000000,5.000000,96.000000,96.000000,96.000000,95.000000,95.000000,5.0,106.2569,97.3341,376.7291,385.6519,PENDING_AG03,FALSE,NOT_FOR_ENFORCEMENT,463.6666,2303.0284,482.9861,463.6666,19.3194,0.19104882,0.18340686,19.3194,463.6666,0.18340686,19.3194,19.3194,19.3194,24.1493,24.1493,463.6666,0.18340686,106.2569,97.3341,376.7291,385.6519,0.14901808,0.15254756,0.00764195,4.9280,18.4538,3.7153,160.9954,17.2495,842.6923,43.3333,5.0354,4.7949,2.5818,2.5818,5.1636,12.9089,20.6542,25.8178,2.5818,-2.5818,8.0,10.0,1.908772,18,21,3,8,0.56566585,0.19104882,0.19935909,0E-8,0.000000,0.948938,0.000000,-0.01913337,2026-07-03,2026-07-13,3,28,26,11,0.272727,1.050154,1.021784,1.885553,,,,,,,,GLOBAL_BASELINE_NO_ENTITY_RANKING,,,NOT_APPLICABLE_GLOBAL_BASELINE,HF9g-P5,,,,X 全窗基线 · 不参与实体赏罚,8394968,840,A168_HF9F_20260827_0900,2026-08-27 09:00:00
2026-04-02,144244503,-1,1,39.2639321520,-39.2639321520,-39.2639321520,0E-7,2,2,0.49994810000000000,0.499948100000,-1.4140667746232096,-1.4140667746232096,-1.4140667746232096,0E-17,SENTINEL_DEALER,R03b_20260811_FULL_v1,L1_ELIGIBILITY,v2026-08-11,2026-03-21..2026-08-06,baccarat_bet02_101_all_pairs_incl_sentinel,round_win = game_pnl > 0 (decisive only),COMPATIBILITY_ONLY_NOT_PRODUCTION,7044.2224,6249.5714,482.9968,271,270,-0.06856638,-0.09253807,-0.05502296,-0.06856638,-482.9968,7044.2224,OK,0.0000,19.3199,4.0000,96.0000,AG03-UNRESOLVED,ALL5_LEVELS_bet23_to_bet27,19.3199,19.3199,19.3199,19.3199,19.3199,4.000000,4.000000,4.000000,4.000000,4.000000,96.000000,96.000000,96.000000,96.000000,96.000000,5.0,96.5994,89.1744,386.3975,393.8224,PENDING_AG03,FALSE,NOT_FOR_ENFORCEMENT,463.6769,5999.5886,482.9968,463.6769,19.3199,0.06856638,0.06582372,19.3199,463.6769,0.06582372,19.3199,19.3199,19.3199,19.3199,19.3199,463.6769,0.06582372,96.5994,89.1744,386.3975,393.8224,0.05485310,0.05590715,0.00274266,25.9934,23.1466,1.7889,40.2497,4.1282,587.0185,22.5000,27.0537,25.4303,25.7155,25.8178,25.8178,38.5733,51.3122,64.2888,25.7155,0.0,1.987474,2.490099,1.006804,29,64,19,2,0.36101233,0.06856638,0.09253807,0E-8,0.000000,0.887191,0.221402,-0.03751511,2026-04-02,2026-07-30,12,117,95,120,0.100000,1.063837,1.040791,1.203374,,,,,,,,GLOBAL_BASELINE_NO_ENTITY_RANKING,,,NOT_APPLICABLE_GLOBAL_BASELINE,HF9g-P5,,,,X 全窗基线 · 不参与实体赏罚,8394969,840,A168_HF9F_20260827_0900,2026-08-27 09:00:00
2026-04-06,144244503,1623,0,39.2639321520,13.0879773840,13.0879773840,0.5000000,2,2,0.49324550000000000,0.493245500000,0.01910635448239258,0.01910635448239258,0.01910635448239258,0E-17,ELIGIBLE,R03b_20260811_FULL_v1,L1_ELIGIBILITY,v2026-08-11,2026-03-21..2026-08-06,baccarat_bet02_101_all_pairs_incl_sentinel,round_win = game_pnl > 0 (decisive only),COMPATIBILITY_ONLY_NOT_PRODUCTION,7044.2224,6249.5714,482.9968,271,270,-0.06856638,-0.09253807,-0.05502296,-0.06856638,-482.9968,7044.2224,OK,0.0000,19.3199,4.0000,96.0000,AG03-UNRESOLVED,ALL5_LEVELS_bet23_to_bet27,19.3199,19.3199,19.3199,19.3199,19.3199,4.000000,4.000000,4.000000,4.000000,4.000000,96.000000,96.000000,96.000000,96.000000,96.000000,5.0,96.5994,89.1744,386.3975,393.8224,PENDING_AG03,FALSE,NOT_FOR_ENFORCEMENT,463.6769,5999.5886,482.9968,463.6769,19.3199,0.06856638,0.06582372,19.3199,463.6769,0.06582372,19.3199,19.3199,19.3199,19.3199,19.3199,463.6769,0.06582372,96.5994,89.1744,386.3975,393.8224,0.05485310,0.05590715,0.00274266,25.9934,23.1466,1.7889,40.2497,4.1282,587.0185,22.5000,27.0537,25.4303,25.7155,25.8178,25.8178,38.5733,51.3122,64.2888,25.7155,0.0,1.987474,2.490099,1.006804,29,64,19,2,0.36101233,0.06856638,0.09253807,0E-8,0.000000,0.887191,0.221402,-0.03751511,2026-04-02,2026-07-30,12,117,95,120,0.100000,1.063837,1.040791,1.203374,,,,,,,,GLOBAL_BASELINE_NO_ENTITY_RANKING,,,NOT_APPLICABLE_GLOBAL_BASELINE,HF9g-P5,,,,X 全窗基线 · 不参与实体赏罚,8394970,840,A168_HF9F_20260827_0900,2026-08-27 09:00:00
2026-04-06,144244503,2201,0,26.1759547680,26.1759547680,26.1759547680,1.0000000,1,1,0.49324550000000000,0.493245500000,1.01360149184955,1.01360149184955,1.01360149184955,0E-17,ELIGIBLE,R03b_20260811_FULL_v1,L1_ELIGIBILITY,v2026-08-11,2026-03-21..2026-08-06,baccarat_bet02_101_all_pairs_incl_sentinel,round_win = game_pnl > 0 (decisive only),COMPATIBILITY_ONLY_NOT_PRODUCTION,7044.2224,6249.5714,482.9968,271,270,-0.06856638,-0.09253807,-0.05502296,-0.06856638,-482.9968,7044.2224,OK,0.0000,19.3199,4.0000,96.0000,AG03-UNRESOLVED,ALL5_LEVELS_bet23_to_bet27,19.3199,19.3199,19.3199,19.3199,19.3199,4.000000,4.000000,4.000000,4.000000,4.000000,96.000000,96.000000,96.000000,96.000000,96.000000,5.0,96.5994,89.1744,386.3975,393.8224,PENDING_AG03,FALSE,NOT_FOR_ENFORCEMENT,463.6769,5999.5886,482.9968,463.6769,19.3199,0.06856638,0.06582372,19.3199,463.6769,0.06582372,19.3199,19.3199,19.3199,19.3199,19.3199,463.6769,0.06582372,96.5994,89.1744,386.3975,393.8224,0.05485310,0.05590715,0.00274266,25.9934,23.1466,1.7889,40.2497,4.1282,587.0185,22.5000,27.0537,25.4303,25.7155,25.8178,25.8178,38.5733,51.3122,64.2888,25.7155,0.0,1.987474,2.490099,1.006804,29,64,19,2,0.36101233,0.06856638,0.09253807,0E-8,0.000000,0.887191,0.221402,-0.03751511,2026-04-02,2026-07-30,12,117,95,120,0.100000,1.063837,1.040791,1.203374,,,,,,,,GLOBAL_BASELINE_NO_ENTITY_RANKING,,,NOT_APPLICABLE_GLOBAL_BASELINE,HF9g-P5,,,,X 全窗基线 · 不参与实体赏罚,8394971,840,A168_HF9F_20260827_0900,2026-08-27 09:00:00
2026-04-06,144244503,969,0,75.9102688272,13.7423762532,13.7423762532,0.5000000,5,5,0.49860758000000000,0.498607580000,0.005569701597489473,0.005569701597489473,0.005569701597489473,0E-17,ELIGIBLE,R03b_20260811_FULL_v1,L1_ELIGIBILITY,v2026-08-11,2026-03-21..2026-08-06,baccarat_bet02_101_all_pairs_incl_sentinel,round_win = game_pnl > 0 (decisive only),COMPATIBILITY_ONLY_NOT_PRODUCTION,7044.2224,6249.5714,482.9968,271,270,-0.06856638,-0.09253807,-0.05502296,-0.06856638,-482.9968,7044.2224,OK,0.0000,19.3199,4.0000,96.0000,AG03-UNRESOLVED,ALL5_LEVELS_bet23_to_bet27,19.3199,19.3199,19.3199,19.3199,19.3199,4.000000,4.000000,4.000000,4.000000,4.000000,96.000000,96.000000,96.000000,96.000000,96.000000,5.0,96.5994,89.1744,386.3975,393.8224,PENDING_AG03,FALSE,NOT_FOR_ENFORCEMENT,463.6769,5999.5886,482.9968,463.6769,19.3199,0.06856638,0.06582372,19.3199,463.6769,0.06582372,19.3199,19.3199,19.3199,19.3199,19.3199,463.6769,0.06582372,96.5994,89.1744,386.3975,393.8224,0.05485310,0.05590715,0.00274266,25.9934,23.1466,1.7889,40.2497,4.1282,587.0185,22.5000,27.0537,25.4303,25.7155,25.8178,25.8178,38.5733,51.3122,64.2888,25.7155,0.0,1.987474,2.490099,1.006804,29,64,19,2,0.36101233,0.06856638,0.09253807,0E-8,0.000000,0.887191,0.221402,-0.03751511,2026-04-02,2026-07-30,12,117,95,120,0.100000,1.063837,1.040791,1.203374,,,,,,,,GLOBAL_BASELINE_NO_ENTITY_RANKING,,,NOT_APPLICABLE_GLOBAL_BASELINE,HF9g-P5,,,,X 全窗基线 · 不参与实体赏罚,8394972,840,A168_HF9F_20260827_0900,2026-08-27 09:00:00
2026-06-29,144244503,-1,1,154.2932085270,-3.8573302131,-3.8573302131,0.5000000,6,6,0.49994810000000000,0.499948100000,0.00025425703667063243,0.00025425703667063243,0.00025425703667063243,0E-17,SENTINEL_DEALER,R03b_20260811_FULL_v1,L1_ELIGIBILITY,v2026-08-11,2026-03-21..2026-08-06,baccarat_bet02_101_all_pairs_incl_sentinel,round_win = game_pnl > 0 (decisive only),COMPATIBILITY_ONLY_NOT_PRODUCTION,7044.2224,6249.5714,482.9968,271,270,-0.06856638,-0.09253807,-0.05502296,-0.06856638,-482.9968,7044.2224,OK,0.0000,19.3199,4.0000,96.0000,AG03-UNRESOLVED,ALL5_LEVELS_bet23_to_bet27,19.3199,19.3199,19.3199,19.3199,19.3199,4.000000,4.000000,4.000000,4.000000,4.000000,96.000000,96.000000,96.000000,96.000000,96.000000,5.0,96.5994,89.1744,386.3975,393.8224,PENDING_AG03,FALSE,NOT_FOR_ENFORCEMENT,463.6769,5999.5886,482.9968,463.6769,19.3199,0.06856638,0.06582372,19.3199,463.6769,0.06582372,19.3199,19.3199,19.3199,19.3199,19.3199,463.6769,0.06582372,96.5994,89.1744,386.3975,393.8224,0.05485310,0.05590715,0.00274266,25.9934,23.1466,1.7889,40.2497,4.1282,587.0185,22.5000,27.0537,25.4303,25.7155,25.8178,25.8178,38.5733,51.3122,64.2888,25.7155,0.0,1.987474,2.490099,1.006804,29,64,19,2,0.36101233,0.06856638,0.09253807,0E-8,0.000000,0.887191,0.221402,-0.03751511,2026-04-02,2026-07-30,12,117,95,120,0.100000,1.063837,1.040791,1.203374,,,,,,,,GLOBAL_BASELINE_NO_ENTITY_RANKING,,,NOT_APPLICABLE_GLOBAL_BASELINE,HF9g-P5,,,,X 全窗基线 · 不参与实体赏罚,8394973,840,A168_HF9F_20260827_0900,2026-08-27 09:00:00
2026-06-29,144244503,1109,0,23.1439812791,23.1439812791,23.1439812791,1.0000000,1,1,0.49324550000000000,0.493245500000,1.01360149184955,1.01360149184955,1.01360149184955,0E-17,ELIGIBLE,R03b_20260811_FULL_v1,L1_ELIGIBILITY,v2026-08-11,2026-03-21..2026-08-06,baccarat_bet02_101_all_pairs_incl_sentinel,round_win = game_pnl > 0 (decisive only),COMPATIBILITY_ONLY_NOT_PRODUCTION,7044.2224,6249.5714,482.9968,271,270,-0.06856638,-0.09253807,-0.05502296,-0.06856638,-482.9968,7044.2224,OK,0.0000,19.3199,4.0000,96.0000,AG03-UNRESOLVED,ALL5_LEVELS_bet23_to_bet27,19.3199,19.3199,19.3199,19.3199,19.3199,4.000000,4.000000,4.000000,4.000000,4.000000,96.000000,96.000000,96.000000,96.000000,96.000000,5.0,96.5994,89.1744,386.3975,393.8224,PENDING_AG03,FALSE,NOT_FOR_ENFORCEMENT,463.6769,5999.5886,482.9968,463.6769,19.3199,0.06856638,0.06582372,19.3199,463.6769,0.06582372,19.3199,19.3199,19.3199,19.3199,19.3199,463.6769,0.06582372,96.5994,89.1744,386.3975,393.8224,0.05485310,0.05590715,0.00274266,25.9934,23.1466,1.7889,40.2497,4.1282,587.0185,22.5000,27.0537,25.4303,25.7155,25.8178,25.8178,38.5733,51.3122,64.2888,25.7155,0.0,1.987474,2.490099,1.006804,29,64,19,2,0.36101233,0.06856638,0.09253807,0E-8,0.000000,0.887191,0.221402,-0.03751511,2026-04-02,2026-07-30,12,117,95,120,0.100000,1.063837,1.040791,1.203374,,,,,,,,GLOBAL_BASELINE_NO_ENTITY_RANKING,,,NOT_APPLICABLE_GLOBAL_BASELINE,HF9g-P5,,,,X 全窗基线 · 不参与实体赏罚,8394974,840,A168_HF9F_20260827_0900,2026-08-27 09:00:00
2026-06-29,144244503,1151,0,51.4310695090,0E-10,0E-10,0.5000000,2,2,0.49324550000000000,0.493245500000,0.01910635448239258,0.01910635448239258,0.01910635448239258,0E-17,ELIGIBLE,R03b_20260811_FULL_v1,L1_ELIGIBILITY,v2026-08-11,2026-03-21..2026-08-06,baccarat_bet02_101_all_pairs_incl_sentinel,round_win = game_pnl > 0 (decisive only),COMPATIBILITY_ONLY_NOT_PRODUCTION,7044.2224,6249.5714,482.9968,271,270,-0.06856638,-0.09253807,-0.05502296,-0.06856638,-482.9968,7044.2224,OK,0.0000,19.3199,4.0000,96.0000,AG03-UNRESOLVED,ALL5_LEVELS_bet23_to_bet27,19.3199,19.3199,19.3199,19.3199,19.3199,4.000000,4.000000,4.000000,4.000000,4.000000,96.000000,96.000000,96.000000,96.000000,96.000000,5.0,96.5994,89.1744,386.3975,393.8224,PENDING_AG03,FALSE,NOT_FOR_ENFORCEMENT,463.6769,5999.5886,482.9968,463.6769,19.3199,0.06856638,0.06582372,19.3199,463.6769,0.06582372,19.3199,19.3199,19.3199,19.3199,19.3199,463.6769,0.06582372,96.5994,89.1744,386.3975,393.8224,0.05485310,0.05590715,0.00274266,25.9934,23.1466,1.7889,40.2497,4.1282,587.0185,22.5000,27.0537,25.4303,25.7155,25.8178,25.8178,38.5733,51.3122,64.2888,25.7155,0.0,1.987474,2.490099,1.006804,29,64,19,2,0.36101233,0.06856638,0.09253807,0E-8,0.000000,0.887191,0.221402,-0.03751511,2026-04-02,2026-07-30,12,117,95,120,0.100000,1.063837,1.040791,1.203374,,,,,,,,GLOBAL_BASELINE_NO_ENTITY_RANKING,,,NOT_APPLICABLE_GLOBAL_BASELINE,HF9g-P5,,,,X 全窗基线 · 不参与实体赏罚,8394975,840,A168_HF9F_20260827_0900,2026-08-27 09:00:00
2026-06-29,144244503,1363,0,77.1466042635,25.7155347545,25.7155347545,0.6666667,3,3,0.49324550000000000,0.493245500000,0.6008033672792107,0.6008033672792106,0.6008033672792107,0E-17,ELIGIBLE,R03b_20260811_FULL_v1,L1_ELIGIBILITY,v2026-08-11,2026-03-21..2026-08-06,baccarat_bet02_101_all_pairs_incl_sentinel,round_win = game_pnl > 0 (decisive only),COMPATIBILITY_ONLY_NOT_PRODUCTION,7044.2224,6249.5714,482.9968,271,270,-0.06856638,-0.09253807,-0.05502296,-0.06856638,-482.9968,7044.2224,OK,0.0000,19.3199,4.0000,96.0000,AG03-UNRESOLVED,ALL5_LEVELS_bet23_to_bet27,19.3199,19.3199,19.3199,19.3199,19.3199,4.000000,4.000000,4.000000,4.000000,4.000000,96.000000,96.000000,96.000000,96.000000,96.000000,5.0,96.5994,89.1744,386.3975,393.8224,PENDING_AG03,FALSE,NOT_FOR_ENFORCEMENT,463.6769,5999.5886,482.9968,463.6769,19.3199,0.06856638,0.06582372,19.3199,463.6769,0.06582372,19.3199,19.3199,19.3199,19.3199,19.3199,463.6769,0.06582372,96.5994,89.1744,386.3975,393.8224,0.05485310,0.05590715,0.00274266,25.9934,23.1466,1.7889,40.2497,4.1282,587.0185,22.5000,27.0537,25.4303,25.7155,25.8178,25.8178,38.5733,51.3122,64.2888,25.7155,0.0,1.987474,2.490099,1.006804,29,64,19,2,0.36101233,0.06856638,0.09253807,0E-8,0.000000,0.887191,0.221402,-0.03751511,2026-04-02,2026-07-30,12,117,95,120,0.100000,1.063837,1.040791,1.203374,,,,,,,,GLOBAL_BASELINE_NO_ENTITY_RANKING,,,NOT_APPLICABLE_GLOBAL_BASELINE,HF9g-P5,,,,X 全窗基线 · 不参与实体赏罚,8394976,840,A168_HF9F_20260827_0900,2026-08-27 09:00:00
2026-06-29,144244503,1385,0,136.2923341989,28.2870882300,28.2870882300,0.6000000,6,6,0.49547970000000000,0.495479700000,0.4674480948863271,0.4674480948863271,0.4674480948863271,0E-17,ELIGIBLE,R03b_20260811_FULL_v1,L1_ELIGIBILITY,v2026-08-11,2026-03-21..2026-08-06,baccarat_bet02_101_all_pairs_incl_sentinel,round_win = game_pnl > 0 (decisive only),COMPATIBILITY_ONLY_NOT_PRODUCTION,7044.2224,6249.5714,482.9968,271,270,-0.06856638,-0.09253807,-0.05502296,-0.06856638,-482.9968,7044.2224,OK,0.0000,19.3199,4.0000,96.0000,AG03-UNRESOLVED,ALL5_LEVELS_bet23_to_bet27,19.3199,19.3199,19.3199,19.3199,19.3199,4.000000,4.000000,4.000000,4.000000,4.000000,96.000000,96.000000,96.000000,96.000000,96.000000,5.0,96.5994,89.1744,386.3975,393.8224,PENDING_AG03,FALSE,NOT_FOR_ENFORCEMENT,463.6769,5999.5886,482.9968,463.6769,19.3199,0.06856638,0.06582372,19.3199,463.6769,0.06582372,19.3199,19.3199,19.3199,19.3199,19.3199,463.6769,0.06582372,96.5994,89.1744,386.3975,393.8224,0.05485310,0.05590715,0.00274266,25.9934,23.1466,1.7889,40.2497,4.1282,587.0185,22.5000,27.0537,25.4303,25.7155,25.8178,25.8178,38.5733,51.3122,64.2888,25.7155,0.0,1.987474,2.490099,1.006804,29,64,19,2,0.36101233,0.06856638,0.09253807,0E-8,0.000000,0.887191,0.221402,-0.03751511,2026-04-02,2026-07-30,12,117,95,120,0.100000,1.063837,1.040791,1.203374,,,,,,,,GLOBAL_BASELINE_NO_ENTITY_RANKING,,,NOT_APPLICABLE_GLOBAL_BASELINE,HF9g-P5,,,,X 全窗基线 · 不参与实体赏罚,8394977,840,A168_HF9F_20260827_0900,2026-08-27 09:00:00
2026-06-29,144244503,1509,0,77.1466042635,77.1466042635,77.1466042635,1.0000000,3,3,0.49324550000000000,0.493245500000,1.755609282511032,1.7556092825110319,1.755609282511032,0E-17,ELIGIBLE,R03b_20260811_FULL_v1,L1_ELIGIBILITY,v2026-08-11,2026-03-21..2026-08-06,baccarat_bet02_101_all_pairs_incl_sentinel,round_win = game_pnl > 0 (decisive only),COMPATIBILITY_ONLY_NOT_PRODUCTION,7044.2224,6249.5714,482.9968,271,270,-0.06856638,-0.09253807,-0.05502296,-0.06856638,-482.9968,7044.2224,OK,0.0000,19.3199,4.0000,96.0000,AG03-UNRESOLVED,ALL5_LEVELS_bet23_to_bet27,19.3199,19.3199,19.3199,19.3199,19.3199,4.000000,4.000000,4.000000,4.000000,4.000000,96.000000,96.000000,96.000000,96.000000,96.000000,5.0,96.5994,89.1744,386.3975,393.8224,PENDING_AG03,FALSE,NOT_FOR_ENFORCEMENT,463.6769,5999.5886,482.9968,463.6769,19.3199,0.06856638,0.06582372,19.3199,463.6769,0.06582372,19.3199,19.3199,19.3199,19.3199,19.3199,463.6769,0.06582372,96.5994,89.1744,386.3975,393.8224,0.05485310,0.05590715,0.00274266,25.9934,23.1466,1.7889,40.2497,4.1282,587.0185,22.5000,27.0537,25.4303,25.7155,25.8178,25.8178,38.5733,51.3122,64.2888,25.7155,0.0,1.987474,2.490099,1.006804,29,64,19,2,0.36101233,0.06856638,0.09253807,0E-8,0.000000,0.887191,0.221402,-0.03751511,2026-04-02,2026-07-30,12,117,95,120,0.100000,1.063837,1.040791,1.203374,,,,,,,,GLOBAL_BASELINE_NO_ENTITY_RANKING,,,NOT_APPLICABLE_GLOBAL_BASELINE,HF9g-P5,,,,X 全窗基线 · 不参与实体赏罚,8394978,840,A168_HF9F_20260827_0900,2026-08-27 09:00:00
2026-06-29,144244503,2093,0,72.0034973126,-21.8582045413,-21.8582045413,0.3333333,3,3,0.50218230000000000,0.502182300000,-0.5849155494134425,-0.5849155494134426,-0.5849155494134425,0E-17,ELIGIBLE,R03b_20260811_FULL_v1,L1_ELIGIBILITY,v2026-08-11,2026-03-21..2026-08-06,baccarat_bet02_101_all_pairs_incl_sentinel,round_win = game_pnl > 0 (decisive only),COMPATIBILITY_ONLY_NOT_PRODUCTION,7044.2224,6249.5714,482.9968,271,270,-0.06856638,-0.09253807,-0.05502296,-0.06856638,-482.9968,7044.2224,OK,0.0000,19.3199,4.0000,96.0000,AG03-UNRESOLVED,ALL5_LEVELS_bet23_to_bet27,19.3199,19.3199,19.3199,19.3199,19.3199,4.000000,4.000000,4.000000,4.000000,4.000000,96.000000,96.000000,96.000000,96.000000,96.000000,5.0,96.5994,89.1744,386.3975,393.8224,PENDING_AG03,FALSE,NOT_FOR_ENFORCEMENT,463.6769,5999.5886,482.9968,463.6769,19.3199,0.06856638,0.06582372,19.3199,463.6769,0.06582372,19.3199,19.3199,19.3199,19.3199,19.3199,463.6769,0.06582372,96.5994,89.1744,386.3975,393.8224,0.05485310,0.05590715,0.00274266,25.9934,23.1466,1.7889,40.2497,4.1282,587.0185,22.5000,27.0537,25.4303,25.7155,25.8178,25.8178,38.5733,51.3122,64.2888,25.7155,0.0,1.987474,2.490099,1.006804,29,64,19,2,0.36101233,0.06856638,0.09253807,0E-8,0.000000,0.887191,0.221402,-0.03751511,2026-04-02,2026-07-30,12,117,95,120,0.100000,1.063837,1.040791,1.203374,,,,,,,,GLOBAL_BASELINE_NO_ENTITY_RANKING,,,NOT_APPLICABLE_GLOBAL_BASELINE,HF9g-P5,,,,X 全窗基线 · 不参与实体赏罚,8394979,840,A168_HF9F_20260827_0900,2026-08-27 09:00:00
2026-06-30,144244503,-1,1,841.3274086160,-118.1483191565,-118.1483191565,0.5000000,33,32,0.49764408125000000,0.497644081250,0.02493297726149091,0.02493297726149091,0.02493297726149091,0E-17,SENTINEL_DEALER,R03b_20260811_FULL_v1,L1_ELIGIBILITY,v2026-08-11,2026-03-21..2026-08-06,baccarat_bet02_101_all_pairs_incl_sentinel,round_win = game_pnl > 0 (decisive only),COMPATIBILITY_ONLY_NOT_PRODUCTION,7044.2224,6249.5714,482.9968,271,270,-0.06856638,-0.09253807,-0.05502296,-0.06856638,-482.9968,7044.2224,OK,0.0000,19.3199,4.0000,96.0000,AG03-UNRESOLVED,ALL5_LEVELS_bet23_to_bet27,19.3199,19.3199,19.3199,19.3199,19.3199,4.000000,4.000000,4.000000,4.000000,4.000000,96.000000,96.000000,96.000000,96.000000,96.000000,5.0,96.5994,89.1744,386.3975,393.8224,PENDING_AG03,FALSE,NOT_FOR_ENFORCEMENT,463.6769,5999.5886,482.9968,463.6769,19.3199,0.06856638,0.06582372,19.3199,463.6769,0.06582372,19.3199,19.3199,19.3199,19.3199,19.3199,463.6769,0.06582372,96.5994,89.1744,386.3975,393.8224,0.05485310,0.05590715,0.00274266,25.9934,23.1466,1.7889,40.2497,4.1282,587.0185,22.5000,27.0537,25.4303,25.7155,25.8178,25.8178,38.5733,51.3122,64.2888,25.7155,0.0,1.987474,2.490099,1.006804,29,64,19,2,0.36101233,0.06856638,0.09253807,0E-8,0.000000,0.887191,0.221402,-0.03751511,2026-04-02,2026-07-30,12,117,95,120,0.100000,1.063837,1.040791,1.203374,,,,,,,,GLOBAL_BASELINE_NO_ENTITY_RANKING,,,NOT_APPLICABLE_GLOBAL_BASELINE,HF9g-P5,,,,X 全窗基线 · 不参与实体赏罚,8394980,840,A168_HF9F_20260827_0900,2026-08-27 09:00:00
2026-06-30,144244503,1017,0,205.7242780361,51.4310695091,51.4310695091,0.5714286,7,7,0.49707555714285714,0.497075557143,0.39344589990031587,0.3934458998995593,0.39344589990031587,-1.4286E-13,ELIGIBLE,R03b_20260811_FULL_v1,L1_ELIGIBILITY,v2026-08-11,2026-03-21..2026-08-06,baccarat_bet02_101_all_pairs_incl_sentinel,round_win = game_pnl > 0 (decisive only),COMPATIBILITY_ONLY_NOT_PRODUCTION,7044.2224,6249.5714,482.9968,271,270,-0.06856638,-0.09253807,-0.05502296,-0.06856638,-482.9968,7044.2224,OK,0.0000,19.3199,4.0000,96.0000,AG03-UNRESOLVED,ALL5_LEVELS_bet23_to_bet27,19.3199,19.3199,19.3199,19.3199,19.3199,4.000000,4.000000,4.000000,4.000000,4.000000,96.000000,96.000000,96.000000,96.000000,96.000000,5.0,96.5994,89.1744,386.3975,393.8224,PENDING_AG03,FALSE,NOT_FOR_ENFORCEMENT,463.6769,5999.5886,482.9968,463.6769,19.3199,0.06856638,0.06582372,19.3199,463.6769,0.06582372,19.3199,19.3199,19.3199,19.3199,19.3199,463.6769,0.06582372,96.5994,89.1744,386.3975,393.8224,0.05485310,0.05590715,0.00274266,25.9934,23.1466,1.7889,40.2497,4.1282,587.0185,22.5000,27.0537,25.4303,25.7155,25.8178,25.8178,38.5733,51.3122,64.2888,25.7155,0.0,1.987474,2.490099,1.006804,29,64,19,2,0.36101233,0.06856638,0.09253807,0E-8,0.000000,0.887191,0.221402,-0.03751511,2026-04-02,2026-07-30,12,117,95,120,0.100000,1.063837,1.040791,1.203374,,,,,,,,GLOBAL_BASELINE_NO_ENTITY_RANKING,,,NOT_APPLICABLE_GLOBAL_BASELINE,HF9g-P5,,,,X 全窗基线 · 不参与实体赏罚,8394981,840,A168_HF9F_20260827_0900,2026-08-27 09:00:00
2026-06-30,144244503,1304,0,12.9088890610,12.9088890610,12.9088890610,1.0000000,1,1,0.49324550000000000,0.493245500000,1.01360149184955,1.01360149184955,1.01360149184955,0E-17,ELIGIBLE,R03b_20260811_FULL_v1,L1_ELIGIBILITY,v2026-08-11,2026-03-21..2026-08-06,baccarat_bet02_101_all_pairs_incl_sentinel,round_win = game_pnl > 0 (decisive only),COMPATIBILITY_ONLY_NOT_PRODUCTION,7044.2224,6249.5714,482.9968,271,270,-0.06856638,-0.09253807,-0.05502296,-0.06856638,-482.9968,7044.2224,OK,0.0000,19.3199,4.0000,96.0000,AG03-UNRESOLVED,ALL5_LEVELS_bet23_to_bet27,19.3199,19.3199,19.3199,19.3199,19.3199,4.000000,4.000000,4.000000,4.000000,4.000000,96.000000,96.000000,96.000000,96.000000,96.000000,5.0,96.5994,89.1744,386.3975,393.8224,PENDING_AG03,FALSE,NOT_FOR_ENFORCEMENT,463.6769,5999.5886,482.9968,463.6769,19.3199,0.06856638,0.06582372,19.3199,463.6769,0.06582372,19.3199,19.3199,19.3199,19.3199,19.3199,463.6769,0.06582372,96.5994,89.1744,386.3975,393.8224,0.05485310,0.05590715,0.00274266,25.9934,23.1466,1.7889,40.2497,4.1282,587.0185,22.5000,27.0537,25.4303,25.7155,25.8178,25.8178,38.5733,51.3122,64.2888,25.7155,0.0,1.987474,2.490099,1.006804,29,64,19,2,0.36101233,0.06856638,0.09253807,0E-8,0.000000,0.887191,0.221402,-0.03751511,2026-04-02,2026-07-30,12,117,95,120,0.100000,1.063837,1.040791,1.203374,,,,,,,,GLOBAL_BASELINE_NO_ENTITY_RANKING,,,NOT_APPLICABLE_GLOBAL_BASELINE,HF9g-P5,,,,X 全窗基线 · 不参与实体赏罚,8394982,840,A168_HF9F_20260827_0900,2026-08-27 09:00:00
2026-06-30,144244503,1330,0,64.2888368864,-64.2888368864,-64.2888368864,0E-7,1,1,0.49324550000000000,0.493245500000,-0.9865810262130424,-0.9865810262130424,-0.9865810262130424,0E-17,ELIGIBLE,R03b_20260811_FULL_v1,L1_ELIGIBILITY,v2026-08-11,2026-03-21..2026-08-06,baccarat_bet02_101_all_pairs_incl_sentinel,round_win = game_pnl > 0 (decisive only),COMPATIBILITY_ONLY_NOT_PRODUCTION,7044.2224,6249.5714,482.9968,271,270,-0.06856638,-0.09253807,-0.05502296,-0.06856638,-482.9968,7044.2224,OK,0.0000,19.3199,4.0000,96.0000,AG03-UNRESOLVED,ALL5_LEVELS_bet23_to_bet27,19.3199,19.3199,19.3199,19.3199,19.3199,4.000000,4.000000,4.000000,4.000000,4.000000,96.000000,96.000000,96.000000,96.000000,96.000000,5.0,96.5994,89.1744,386.3975,393.8224,PENDING_AG03,FALSE,NOT_FOR_ENFORCEMENT,463.6769,5999.5886,482.9968,463.6769,19.3199,0.06856638,0.06582372,19.3199,463.6769,0.06582372,19.3199,19.3199,19.3199,19.3199,19.3199,463.6769,0.06582372,96.5994,89.1744,386.3975,393.8224,0.05485310,0.05590715,0.00274266,25.9934,23.1466,1.7889,40.2497,4.1282,587.0185,22.5000,27.0537,25.4303,25.7155,25.8178,25.8178,38.5733,51.3122,64.2888,25.7155,0.0,1.987474,2.490099,1.006804,29,64,19,2,0.36101233,0.06856638,0.09253807,0E-8,0.000000,0.887191,0.221402,-0.03751511,2026-04-02,2026-07-30,12,117,95,120,0.100000,1.063837,1.040791,1.203374,,,,,,,,GLOBAL_BASELINE_NO_ENTITY_RANKING,,,NOT_APPLICABLE_GLOBAL_BASELINE,HF9g-P5,,,,X 全窗基线 · 不参与实体赏罚,8394983,840,A168_HF9F_20260827_0900,2026-08-27 09:00:00
2026-06-30,144244503,1353,0,126.5071127978,27.1086670281,27.1086670281,0.6000000,5,5,0.49592654000000000,0.495926540000,0.46544610904919037,0.46544610904919037,0.46544610904919037,0E-17,ELIGIBLE,R03b_20260811_FULL_v1,L1_ELIGIBILITY,v2026-08-11,2026-03-21..2026-08-06,baccarat_bet02_101_all_pairs_incl_sentinel,round_win = game_pnl > 0 (decisive only),COMPATIBILITY_ONLY_NOT_PRODUCTION,7044.2224,6249.5714,482.9968,271,270,-0.06856638,-0.09253807,-0.05502296,-0.06856638,-482.9968,7044.2224,OK,0.0000,19.3199,4.0000,96.0000,AG03-UNRESOLVED,ALL5_LEVELS_bet23_to_bet27,19.3199,19.3199,19.3199,19.3199,19.3199,4.000000,4.000000,4.000000,4.000000,4.000000,96.000000,96.000000,96.000000,96.000000,96.000000,5.0,96.5994,89.1744,386.3975,393.8224,PENDING_AG03,FALSE,NOT_FOR_ENFORCEMENT,463.6769,5999.5886,482.9968,463.6769,19.3199,0.06856638,0.06582372,19.3199,463.6769,0.06582372,19.3199,19.3199,19.3199,19.3199,19.3199,463.6769,0.06582372,96.5994,89.1744,386.3975,393.8224,0.05485310,0.05590715,0.00274266,25.9934,23.1466,1.7889,40.2497,4.1282,587.0185,22.5000,27.0537,25.4303,25.7155,25.8178,25.8178,38.5733,51.3122,64.2888,25.7155,0.0,1.987474,2.490099,1.006804,29,64,19,2,0.36101233,0.06856638,0.09253807,0E-8,0.000000,0.887191,0.221402,-0.03751511,2026-04-02,2026-07-30,12,117,95,120,0.100000,1.063837,1.040791,1.203374,,,,,,,,GLOBAL_BASELINE_NO_ENTITY_RANKING,,,NOT_APPLICABLE_GLOBAL_BASELINE,HF9g-P5,,,,X 全窗基线 · 不参与实体赏罚,8394984,840,A168_HF9F_20260827_0900,2026-08-27 09:00:00
2026-06-30,144244503,1507,0,174.9474310246,82.2079165204,82.2079165204,0.7142857,7,7,0.49899058571428571,0.498990585714,1.1392370589461878,1.139237058947701,1.1392370589461878,2.8571E-13,ELIGIBLE,R03b_20260811_FULL_v1,L1_ELIGIBILITY,v2026-08-11,2026-03-21..2026-08-06,baccarat_bet02_101_all_pairs_incl_sentinel,round_win = game_pnl > 0 (decisive only),COMPATIBILITY_ONLY_NOT_PRODUCTION,7044.2224,6249.5714,482.9968,271,270,-0.06856638,-0.09253807,-0.05502296,-0.06856638,-482.9968,7044.2224,OK,0.0000,19.3199,4.0000,96.0000,AG03-UNRESOLVED,ALL5_LEVELS_bet23_to_bet27,19.3199,19.3199,19.3199,19.3199,19.3199,4.000000,4.000000,4.000000,4.000000,4.000000,96.000000,96.000000,96.000000,96.000000,96.000000,5.0,96.5994,89.1744,386.3975,393.8224,PENDING_AG03,FALSE,NOT_FOR_ENFORCEMENT,463.6769,5999.5886,482.9968,463.6769,19.3199,0.06856638,0.06582372,19.3199,463.6769,0.06582372,19.3199,19.3199,19.3199,19.3199,19.3199,463.6769,0.06582372,96.5994,89.1744,386.3975,393.8224,0.05485310,0.05590715,0.00274266,25.9934,23.1466,1.7889,40.2497,4.1282,587.0185,22.5000,27.0537,25.4303,25.7155,25.8178,25.8178,38.5733,51.3122,64.2888,25.7155,0.0,1.987474,2.490099,1.006804,29,64,19,2,0.36101233,0.06856638,0.09253807,0E-8,0.000000,0.887191,0.221402,-0.03751511,2026-04-02,2026-07-30,12,117,95,120,0.100000,1.063837,1.040791,1.203374,,,,,,,,GLOBAL_BASELINE_NO_ENTITY_RANKING,,,NOT_APPLICABLE_GLOBAL_BASELINE,HF9g-P5,,,,X 全窗基线 · 不参与实体赏罚,8394985,840,A168_HF9F_20260827_0900,2026-08-27 09:00:00
2026-06-30,144244503,1509,0,102.8621390180,0E-10,0E-10,0.5000000,4,4,0.49324550000000000,0.493245500000,0.027020465636507562,0.027020465636507562,0.027020465636507562,0E-17,ELIGIBLE,R03b_20260811_FULL_v1,L1_ELIGIBILITY,v2026-08-11,2026-03-21..2026-08-06,baccarat_bet02_101_all_pairs_incl_sentinel,round_win = game_pnl > 0 (decisive only),COMPATIBILITY_ONLY_NOT_PRODUCTION,7044.2224,6249.5714,482.9968,271,270,-0.06856638,-0.09253807,-0.05502296,-0.06856638,-482.9968,7044.2224,OK,0.0000,19.3199,4.0000,96.0000,AG03-UNRESOLVED,ALL5_LEVELS_bet23_to_bet27,19.3199,19.3199,19.3199,19.3199,19.3199,4.000000,4.000000,4.000000,4.000000,4.000000,96.000000,96.000000,96.000000,96.000000,96.000000,5.0,96.5994,89.1744,386.3975,393.8224,PENDING_AG03,FALSE,NOT_FOR_ENFORCEMENT,463.6769,5999.5886,482.9968,463.6769,19.3199,0.06856638,0.06582372,19.3199,463.6769,0.06582372,19.3199,19.3199,19.3199,19.3199,19.3199,463.6769,0.06582372,96.5994,89.1744,386.3975,393.8224,0.05485310,0.05590715,0.00274266,25.9934,23.1466,1.7889,40.2497,4.1282,587.0185,22.5000,27.0537,25.4303,25.7155,25.8178,25.8178,38.5733,51.3122,64.2888,25.7155,0.0,1.987474,2.490099,1.006804,29,64,19,2,0.36101233,0.06856638,0.09253807,0E-8,0.000000,0.887191,0.221402,-0.03751511,2026-04-02,2026-07-30,12,117,95,120,0.100000,1.063837,1.040791,1.203374,,,,,,,,GLOBAL_BASELINE_NO_ENTITY_RANKING,,,NOT_APPLICABLE_GLOBAL_BASELINE,HF9g-P5,,,,X 全窗基线 · 不参与实体赏罚,8394986,840,A168_HF9F_20260827_0900,2026-08-27 09:00:00
2026-06-30,144244503,1702,0,25.7155347545,-25.7155347545,-25.7155347545,0E-7,1,1,0.50665070000000000,0.506650700000,-1.013391052207602,-1.013391052207602,-1.013391052207602,0E-17,ELIGIBLE,R03b_20260811_FULL_v1,L1_ELIGIBILITY,v2026-08-11,2026-03-21..2026-08-06,baccarat_bet02_101_all_pairs_incl_sentinel,round_win = game_pnl > 0 (decisive only),COMPATIBILITY_ONLY_NOT_PRODUCTION,7044.2224,6249.5714,482.9968,271,270,-0.06856638,-0.09253807,-0.05502296,-0.06856638,-482.9968,7044.2224,OK,0.0000,19.3199,4.0000,96.0000,AG03-UNRESOLVED,ALL5_LEVELS_bet23_to_bet27,19.3199,19.3199,19.3199,19.3199,19.3199,4.000000,4.000000,4.000000,4.000000,4.000000,96.000000,96.000000,96.000000,96.000000,96.000000,5.0,96.5994,89.1744,386.3975,393.8224,PENDING_AG03,FALSE,NOT_FOR_ENFORCEMENT,463.6769,5999.5886,482.9968,463.6769,19.3199,0.06856638,0.06582372,19.3199,463.6769,0.06582372,19.3199,19.3199,19.3199,19.3199,19.3199,463.6769,0.06582372,96.5994,89.1744,386.3975,393.8224,0.05485310,0.05590715,0.00274266,25.9934,23.1466,1.7889,40.2497,4.1282,587.0185,22.5000,27.0537,25.4303,25.7155,25.8178,25.8178,38.5733,51.3122,64.2888,25.7155,0.0,1.987474,2.490099,1.006804,29,64,19,2,0.36101233,0.06856638,0.09253807,0E-8,0.000000,0.887191,0.221402,-0.03751511,2026-04-02,2026-07-30,12,117,95,120,0.100000,1.063837,1.040791,1.203374,,,,,,,,GLOBAL_BASELINE_NO_ENTITY_RANKING,,,NOT_APPLICABLE_GLOBAL_BASELINE,HF9g-P5,,,,X 全窗基线 · 不参与实体赏罚,8394987,840,A168_HF9F_20260827_0900,2026-08-27 09:00:00
2026-06-30,144244503,1714,0,167.1509759046,-38.5733021318,-38.5733021318,0.3333333,3,3,0.50218230000000000,0.502182300000,-0.5849155494134425,-0.5849155494134426,-0.5849155494134425,0E-17,ELIGIBLE,R03b_20260811_FULL_v1,L1_ELIGIBILITY,v2026-08-11,2026-03-21..2026-08-06,baccarat_bet02_101_all_pairs_incl_sentinel,round_win = game_pnl > 0 (decisive only),COMPATIBILITY_ONLY_NOT_PRODUCTION,7044.2224,6249.5714,482.9968,271,270,-0.06856638,-0.09253807,-0.05502296,-0.06856638,-482.9968,7044.2224,OK,0.0000,19.3199,4.0000,96.0000,AG03-UNRESOLVED,ALL5_LEVELS_bet23_to_bet27,19.3199,19.3199,19.3199,19.3199,19.3199,4.000000,4.000000,4.000000,4.000000,4.000000,96.000000,96.000000,96.000000,96.000000,96.000000,5.0,96.5994,89.1744,386.3975,393.8224,PENDING_AG03,FALSE,NOT_FOR_ENFORCEMENT,463.6769,5999.5886,482.9968,463.6769,19.3199,0.06856638,0.06582372,19.3199,463.6769,0.06582372,19.3199,19.3199,19.3199,19.3199,19.3199,463.6769,0.06582372,96.5994,89.1744,386.3975,393.8224,0.05485310,0.05590715,0.00274266,25.9934,23.1466,1.7889,40.2497,4.1282,587.0185,22.5000,27.0537,25.4303,25.7155,25.8178,25.8178,38.5733,51.3122,64.2888,25.7155,0.0,1.987474,2.490099,1.006804,29,64,19,2,0.36101233,0.06856638,0.09253807,0E-8,0.000000,0.887191,0.221402,-0.03751511,2026-04-02,2026-07-30,12,117,95,120,0.100000,1.063837,1.040791,1.203374,,,,,,,,GLOBAL_BASELINE_NO_ENTITY_RANKING,,,NOT_APPLICABLE_GLOBAL_BASELINE,HF9g-P5,,,,X 全窗基线 · 不参与实体赏罚,8394988,840,A168_HF9F_20260827_0900,2026-08-27 09:00:00
2026-06-30,144244503,1949,0,25.7155347545,-25.7155347545,-25.7155347545,0E-7,1,1,0.50665070000000000,0.506650700000,-1.013391052207602,-1.013391052207602,-1.013391052207602,0E-17,ELIGIBLE,R03b_20260811_FULL_v1,L1_ELIGIBILITY,v2026-08-11,2026-03-21..2026-08-06,baccarat_bet02_101_all_pairs_incl_sentinel,round_win = game_pnl > 0 (decisive only),COMPATIBILITY_ONLY_NOT_PRODUCTION,7044.2224,6249.5714,482.9968,271,270,-0.06856638,-0.09253807,-0.05502296,-0.06856638,-482.9968,7044.2224,OK,0.0000,19.3199,4.0000,96.0000,AG03-UNRESOLVED,ALL5_LEVELS_bet23_to_bet27,19.3199,19.3199,19.3199,19.3199,19.3199,4.000000,4.000000,4.000000,4.000000,4.000000,96.000000,96.000000,96.000000,96.000000,96.000000,5.0,96.5994,89.1744,386.3975,393.8224,PENDING_AG03,FALSE,NOT_FOR_ENFORCEMENT,463.6769,5999.5886,482.9968,463.6769,19.3199,0.06856638,0.06582372,19.3199,463.6769,0.06582372,19.3199,19.3199,19.3199,19.3199,19.3199,463.6769,0.06582372,96.5994,89.1744,386.3975,393.8224,0.05485310,0.05590715,0.00274266,25.9934,23.1466,1.7889,40.2497,4.1282,587.0185,22.5000,27.0537,25.4303,25.7155,25.8178,25.8178,38.5733,51.3122,64.2888,25.7155,0.0,1.987474,2.490099,1.006804,29,64,19,2,0.36101233,0.06856638,0.09253807,0E-8,0.000000,0.887191,0.221402,-0.03751511,2026-04-02,2026-07-30,12,117,95,120,0.100000,1.063837,1.040791,1.203374,,,,,,,,GLOBAL_BASELINE_NO_ENTITY_RANKING,,,NOT_APPLICABLE_GLOBAL_BASELINE,HF9g-P5,,,,X 全窗基线 · 不参与实体赏罚,8394989,840,A168_HF9F_20260827_0900,2026-08-27 09:00:00
2026-06-30,144244503,1994,0,167.1509759044,12.8577673774,12.8577673774,0.4000000,5,5,0.50128862000000000,0.501288620000,-0.4529779837142727,-0.4529779837142727,-0.4529779837142727,0E-17,ELIGIBLE,R03b_20260811_FULL_v1,L1_ELIGIBILITY,v2026-08-11,2026-03-21..2026-08-06,baccarat_bet02_101_all_pairs_incl_sentinel,round_win = game_pnl > 0 (decisive only),COMPATIBILITY_ONLY_NOT_PRODUCTION,7044.2224,6249.5714,482.9968,271,270,-0.06856638,-0.09253807,-0.05502296,-0.06856638,-482.9968,7044.2224,OK,0.0000,19.3199,4.0000,96.0000,AG03-UNRESOLVED,ALL5_LEVELS_bet23_to_bet27,19.3199,19.3199,19.3199,19.3199,19.3199,4.000000,4.000000,4.000000,4.000000,4.000000,96.000000,96.000000,96.000000,96.000000,96.000000,5.0,96.5994,89.1744,386.3975,393.8224,PENDING_AG03,FALSE,NOT_FOR_ENFORCEMENT,463.6769,5999.5886,482.9968,463.6769,19.3199,0.06856638,0.06582372,19.3199,463.6769,0.06582372,19.3199,19.3199,19.3199,19.3199,19.3199,463.6769,0.06582372,96.5994,89.1744,386.3975,393.8224,0.05485310,0.05590715,0.00274266,25.9934,23.1466,1.7889,40.2497,4.1282,587.0185,22.5000,27.0537,25.4303,25.7155,25.8178,25.8178,38.5733,51.3122,64.2888,25.7155,0.0,1.987474,2.490099,1.006804,29,64,19,2,0.36101233,0.06856638,0.09253807,0E-8,0.000000,0.887191,0.221402,-0.03751511,2026-04-02,2026-07-30,12,117,95,120,0.100000,1.063837,1.040791,1.203374,,,,,,,,GLOBAL_BASELINE_NO_ENTITY_RANKING,,,NOT_APPLICABLE_GLOBAL_BASELINE,HF9g-P5,,,,X 全窗基线 · 不参与实体赏罚,8394990,840,A168_HF9F_20260827_0900,2026-08-27 09:00:00
2026-06-30,144244503,2105,0,25.8177781220,-25.8177781220,-25.8177781220,0E-7,1,1,0.49324550000000000,0.493245500000,-0.9865810262130424,-0.9865810262130424,-0.9865810262130424,0E-17,ELIGIBLE,R03b_20260811_FULL_v1,L1_ELIGIBILITY,v2026-08-11,2026-03-21..2026-08-06,baccarat_bet02_101_all_pairs_incl_sentinel,round_win = game_pnl > 0 (decisive only),COMPATIBILITY_ONLY_NOT_PRODUCTION,7044.2224,6249.5714,482.9968,271,270,-0.06856638,-0.09253807,-0.05502296,-0.06856638,-482.9968,7044.2224,OK,0.0000,19.3199,4.0000,96.0000,AG03-UNRESOLVED,ALL5_LEVELS_bet23_to_bet27,19.3199,19.3199,19.3199,19.3199,19.3199,4.000000,4.000000,4.000000,4.000000,4.000000,96.000000,96.000000,96.000000,96.000000,96.000000,5.0,96.5994,89.1744,386.3975,393.8224,PENDING_AG03,FALSE,NOT_FOR_ENFORCEMENT,463.6769,5999.5886,482.9968,463.6769,19.3199,0.06856638,0.06582372,19.3199,463.6769,0.06582372,19.3199,19.3199,19.3199,19.3199,19.3199,463.6769,0.06582372,96.5994,89.1744,386.3975,393.8224,0.05485310,0.05590715,0.00274266,25.9934,23.1466,1.7889,40.2497,4.1282,587.0185,22.5000,27.0537,25.4303,25.7155,25.8178,25.8178,38.5733,51.3122,64.2888,25.7155,0.0,1.987474,2.490099,1.006804,29,64,19,2,0.36101233,0.06856638,0.09253807,0E-8,0.000000,0.887191,0.221402,-0.03751511,2026-04-02,2026-07-30,12,117,95,120,0.100000,1.063837,1.040791,1.203374,,,,,,,,GLOBAL_BASELINE_NO_ENTITY_RANKING,,,NOT_APPLICABLE_GLOBAL_BASELINE,HF9g-P5,,,,X 全窗基线 · 不参与实体赏罚,8394991,840,A168_HF9F_20260827_0900,2026-08-27 09:00:00
2026-06-30,144244503,2106,0,103.2711124880,51.6355562440,51.6355562440,0.7500000,4,4,0.49324550000000000,0.493245500000,1.0271117246678039,1.0271117246678039,1.0271117246678039,0E-17,ELIGIBLE,R03b_20260811_FULL_v1,L1_ELIGIBILITY,v2026-08-11,2026-03-21..2026-08-06,baccarat_bet02_101_all_pairs_incl_sentinel,round_win = game_pnl > 0 (decisive only),COMPATIBILITY_ONLY_NOT_PRODUCTION,7044.2224,6249.5714,482.9968,271,270,-0.06856638,-0.09253807,-0.05502296,-0.06856638,-482.9968,7044.2224,OK,0.0000,19.3199,4.0000,96.0000,AG03-UNRESOLVED,ALL5_LEVELS_bet23_to_bet27,19.3199,19.3199,19.3199,19.3199,19.3199,4.000000,4.000000,4.000000,4.000000,4.000000,96.000000,96.000000,96.000000,96.000000,96.000000,5.0,96.5994,89.1744,386.3975,393.8224,PENDING_AG03,FALSE,NOT_FOR_ENFORCEMENT,463.6769,5999.5886,482.9968,463.6769,19.3199,0.06856638,0.06582372,19.3199,463.6769,0.06582372,19.3199,19.3199,19.3199,19.3199,19.3199,463.6769,0.06582372,96.5994,89.1744,386.3975,393.8224,0.05485310,0.05590715,0.00274266,25.9934,23.1466,1.7889,40.2497,4.1282,587.0185,22.5000,27.0537,25.4303,25.7155,25.8178,25.8178,38.5733,51.3122,64.2888,25.7155,0.0,1.987474,2.490099,1.006804,29,64,19,2,0.36101233,0.06856638,0.09253807,0E-8,0.000000,0.887191,0.221402,-0.03751511,2026-04-02,2026-07-30,12,117,95,120,0.100000,1.063837,1.040791,1.203374,,,,,,,,GLOBAL_BASELINE_NO_ENTITY_RANKING,,,NOT_APPLICABLE_GLOBAL_BASELINE,HF9g-P5,,,,X 全窗基线 · 不参与实体赏罚,8394992,840,A168_HF9F_20260827_0900,2026-08-27 09:00:00
2026-06-30,144244503,2129,0,25.8177781220,-25.8177781220,-25.8177781220,0E-7,1,1,0.50665070000000000,0.506650700000,-1.013391052207602,-1.013391052207602,-1.013391052207602,0E-17,ELIGIBLE,R03b_20260811_FULL_v1,L1_ELIGIBILITY,v2026-08-11,2026-03-21..2026-08-06,baccarat_bet02_101_all_pairs_incl_sentinel,round_win = game_pnl > 0 (decisive only),COMPATIBILITY_ONLY_NOT_PRODUCTION,7044.2224,6249.5714,482.9968,271,270,-0.06856638,-0.09253807,-0.05502296,-0.06856638,-482.9968,7044.2224,OK,0.0000,19.3199,4.0000,96.0000,AG03-UNRESOLVED,ALL5_LEVELS_bet23_to_bet27,19.3199,19.3199,19.3199,19.3199,19.3199,4.000000,4.000000,4.000000,4.000000,4.000000,96.000000,96.000000,96.000000,96.000000,96.000000,5.0,96.5994,89.1744,386.3975,393.8224,PENDING_AG03,FALSE,NOT_FOR_ENFORCEMENT,463.6769,5999.5886,482.9968,463.6769,19.3199,0.06856638,0.06582372,19.3199,463.6769,0.06582372,19.3199,19.3199,19.3199,19.3199,19.3199,463.6769,0.06582372,96.5994,89.1744,386.3975,393.8224,0.05485310,0.05590715,0.00274266,25.9934,23.1466,1.7889,40.2497,4.1282,587.0185,22.5000,27.0537,25.4303,25.7155,25.8178,25.8178,38.5733,51.3122,64.2888,25.7155,0.0,1.987474,2.490099,1.006804,29,64,19,2,0.36101233,0.06856638,0.09253807,0E-8,0.000000,0.887191,0.221402,-0.03751511,2026-04-02,2026-07-30,12,117,95,120,0.100000,1.063837,1.040791,1.203374,,,,,,,,GLOBAL_BASELINE_NO_ENTITY_RANKING,,,NOT_APPLICABLE_GLOBAL_BASELINE,HF9g-P5,,,,X 全窗基线 · 不参与实体赏罚,8394993,840,A168_HF9F_20260827_0900,2026-08-27 09:00:00
2026-06-30,144244503,2145,0,115.7199063953,77.1466042636,77.1466042636,1.0000000,4,4,0.50665070000000000,0.506650700000,1.7091633124209307,1.7091633124209307,1.7091633124209307,0E-17,ELIGIBLE,R03b_20260811_FULL_v1,L1_ELIGIBILITY,v2026-08-11,2026-03-21..2026-08-06,baccarat_bet02_101_all_pairs_incl_sentinel,round_win = game_pnl > 0 (decisive only),COMPATIBILITY_ONLY_NOT_PRODUCTION,7044.2224,6249.5714,482.9968,271,270,-0.06856638,-0.09253807,-0.05502296,-0.06856638,-482.9968,7044.2224,OK,0.0000,19.3199,4.0000,96.0000,AG03-UNRESOLVED,ALL5_LEVELS_bet23_to_bet27,19.3199,19.3199,19.3199,19.3199,19.3199,4.000000,4.000000,4.000000,4.000000,4.000000,96.000000,96.000000,96.000000,96.000000,96.000000,5.0,96.5994,89.1744,386.3975,393.8224,PENDING_AG03,FALSE,NOT_FOR_ENFORCEMENT,463.6769,5999.5886,482.9968,463.6769,19.3199,0.06856638,0.06582372,19.3199,463.6769,0.06582372,19.3199,19.3199,19.3199,19.3199,19.3199,463.6769,0.06582372,96.5994,89.1744,386.3975,393.8224,0.05485310,0.05590715,0.00274266,25.9934,23.1466,1.7889,40.2497,4.1282,587.0185,22.5000,27.0537,25.4303,25.7155,25.8178,25.8178,38.5733,51.3122,64.2888,25.7155,0.0,1.987474,2.490099,1.006804,29,64,19,2,0.36101233,0.06856638,0.09253807,0E-8,0.000000,0.887191,0.221402,-0.03751511,2026-04-02,2026-07-30,12,117,95,120,0.100000,1.063837,1.040791,1.203374,,,,,,,,GLOBAL_BASELINE_NO_ENTITY_RANKING,,,NOT_APPLICABLE_GLOBAL_BASELINE,HF9g-P5,,,,X 全窗基线 · 不参与实体赏罚,8394994,840,A168_HF9F_20260827_0900,2026-08-27 09:00:00
2026-06-30,144244503,2171,0,103.2711124880,24.5268892159,24.5268892159,0.6666667,4,4,0.49659680000000000,0.496596800000,0.5891529468324541,0.589152946832454,0.5891529468324541,0E-17,ELIGIBLE,R03b_20260811_FULL_v1,L1_ELIGIBILITY,v2026-08-11,2026-03-21..2026-08-06,baccarat_bet02_101_all_pairs_incl_sentinel,round_win = game_pnl > 0 (decisive only),COMPATIBILITY_ONLY_NOT_PRODUCTION,7044.2224,6249.5714,482.9968,271,270,-0.06856638,-0.09253807,-0.05502296,-0.06856638,-482.9968,7044.2224,OK,0.0000,19.3199,4.0000,96.0000,AG03-UNRESOLVED,ALL5_LEVELS_bet23_to_bet27,19.3199,19.3199,19.3199,19.3199,19.3199,4.000000,4.000000,4.000000,4.000000,4.000000,96.000000,96.000000,96.000000,96.000000,96.000000,5.0,96.5994,89.1744,386.3975,393.8224,PENDING_AG03,FALSE,NOT_FOR_ENFORCEMENT,463.6769,5999.5886,482.9968,463.6769,19.3199,0.06856638,0.06582372,19.3199,463.6769,0.06582372,19.3199,19.3199,19.3199,19.3199,19.3199,463.6769,0.06582372,96.5994,89.1744,386.3975,393.8224,0.05485310,0.05590715,0.00274266,25.9934,23.1466,1.7889,40.2497,4.1282,587.0185,22.5000,27.0537,25.4303,25.7155,25.8178,25.8178,38.5733,51.3122,64.2888,25.7155,0.0,1.987474,2.490099,1.006804,29,64,19,2,0.36101233,0.06856638,0.09253807,0E-8,0.000000,0.887191,0.221402,-0.03751511,2026-04-02,2026-07-30,12,117,95,120,0.100000,1.063837,1.040791,1.203374,,,,,,,,GLOBAL_BASELINE_NO_ENTITY_RANKING,,,NOT_APPLICABLE_GLOBAL_BASELINE,HF9g-P5,,,,X 全窗基线 · 不参与实体赏罚,8394995,840,A168_HF9F_20260827_0900,2026-08-27 09:00:00
2026-06-30,144244503,2177,0,64.5444453050,-25.8177781220,-25.8177781220,0E-7,3,3,0.50218230000000000,0.502182300000,-1.0043741665754933,-1.0043741665754933,-1.0043741665754933,0E-17,ELIGIBLE,R03b_20260811_FULL_v1,L1_ELIGIBILITY,v2026-08-11,2026-03-21..2026-08-06,baccarat_bet02_101_all_pairs_incl_sentinel,round_win = game_pnl > 0 (decisive only),COMPATIBILITY_ONLY_NOT_PRODUCTION,7044.2224,6249.5714,482.9968,271,270,-0.06856638,-0.09253807,-0.05502296,-0.06856638,-482.9968,7044.2224,OK,0.0000,19.3199,4.0000,96.0000,AG03-UNRESOLVED,ALL5_LEVELS_bet23_to_bet27,19.3199,19.3199,19.3199,19.3199,19.3199,4.000000,4.000000,4.000000,4.000000,4.000000,96.000000,96.000000,96.000000,96.000000,96.000000,5.0,96.5994,89.1744,386.3975,393.8224,PENDING_AG03,FALSE,NOT_FOR_ENFORCEMENT,463.6769,5999.5886,482.9968,463.6769,19.3199,0.06856638,0.06582372,19.3199,463.6769,0.06582372,19.3199,19.3199,19.3199,19.3199,19.3199,463.6769,0.06582372,96.5994,89.1744,386.3975,393.8224,0.05485310,0.05590715,0.00274266,25.9934,23.1466,1.7889,40.2497,4.1282,587.0185,22.5000,27.0537,25.4303,25.7155,25.8178,25.8178,38.5733,51.3122,64.2888,25.7155,0.0,1.987474,2.490099,1.006804,29,64,19,2,0.36101233,0.06856638,0.09253807,0E-8,0.000000,0.887191,0.221402,-0.03751511,2026-04-02,2026-07-30,12,117,95,120,0.100000,1.063837,1.040791,1.203374,,,,,,,,GLOBAL_BASELINE_NO_ENTITY_RANKING,,,NOT_APPLICABLE_GLOBAL_BASELINE,HF9g-P5,,,,X 全窗基线 · 不参与实体赏罚,8394996,840,A168_HF9F_20260827_0900,2026-08-27 09:00:00
2026-06-30,144244503,2188,0,167.1509759044,-90.0043716409,-90.0043716409,0.2500000,5,5,0.50665070000000000,0.506650700000,-1.0266936290537745,-1.0266936290537745,-1.0266936290537745,0E-17,ELIGIBLE,R03b_20260811_FULL_v1,L1_ELIGIBILITY,v2026-08-11,2026-03-21..2026-08-06,baccarat_bet02_101_all_pairs_incl_sentinel,round_win = game_pnl > 0 (decisive only),COMPATIBILITY_ONLY_NOT_PRODUCTION,7044.2224,6249.5714,482.9968,271,270,-0.06856638,-0.09253807,-0.05502296,-0.06856638,-482.9968,7044.2224,OK,0.0000,19.3199,4.0000,96.0000,AG03-UNRESOLVED,ALL5_LEVELS_bet23_to_bet27,19.3199,19.3199,19.3199,19.3199,19.3199,4.000000,4.000000,4.000000,4.000000,4.000000,96.000000,96.000000,96.000000,96.000000,96.000000,5.0,96.5994,89.1744,386.3975,393.8224,PENDING_AG03,FALSE,NOT_FOR_ENFORCEMENT,463.6769,5999.5886,482.9968,463.6769,19.3199,0.06856638,0.06582372,19.3199,463.6769,0.06582372,19.3199,19.3199,19.3199,19.3199,19.3199,463.6769,0.06582372,96.5994,89.1744,386.3975,393.8224,0.05485310,0.05590715,0.00274266,25.9934,23.1466,1.7889,40.2497,4.1282,587.0185,22.5000,27.0537,25.4303,25.7155,25.8178,25.8178,38.5733,51.3122,64.2888,25.7155,0.0,1.987474,2.490099,1.006804,29,64,19,2,0.36101233,0.06856638,0.09253807,0E-8,0.000000,0.887191,0.221402,-0.03751511,2026-04-02,2026-07-30,12,117,95,120,0.100000,1.063837,1.040791,1.203374,,,,,,,,GLOBAL_BASELINE_NO_ENTITY_RANKING,,,NOT_APPLICABLE_GLOBAL_BASELINE,HF9g-P5,,,,X 全窗基线 · 不参与实体赏罚,8394997,840,A168_HF9F_20260827_0900,2026-08-27 09:00:00
2026-06-30,144244503,2218,0,25.7155347545,-25.7155347545,-25.7155347545,0E-7,1,1,0.49324550000000000,0.493245500000,-0.9865810262130424,-0.9865810262130424,-0.9865810262130424,0E-17,ELIGIBLE,R03b_20260811_FULL_v1,L1_ELIGIBILITY,v2026-08-11,2026-03-21..2026-08-06,baccarat_bet02_101_all_pairs_incl_sentinel,round_win = game_pnl > 0 (decisive only),COMPATIBILITY_ONLY_NOT_PRODUCTION,7044.2224,6249.5714,482.9968,271,270,-0.06856638,-0.09253807,-0.05502296,-0.06856638,-482.9968,7044.2224,OK,0.0000,19.3199,4.0000,96.0000,AG03-UNRESOLVED,ALL5_LEVELS_bet23_to_bet27,19.3199,19.3199,19.3199,19.3199,19.3199,4.000000,4.000000,4.000000,4.000000,4.000000,96.000000,96.000000,96.000000,96.000000,96.000000,5.0,96.5994,89.1744,386.3975,393.8224,PENDING_AG03,FALSE,NOT_FOR_ENFORCEMENT,463.6769,5999.5886,482.9968,463.6769,19.3199,0.06856638,0.06582372,19.3199,463.6769,0.06582372,19.3199,19.3199,19.3199,19.3199,19.3199,463.6769,0.06582372,96.5994,89.1744,386.3975,393.8224,0.05485310,0.05590715,0.00274266,25.9934,23.1466,1.7889,40.2497,4.1282,587.0185,22.5000,27.0537,25.4303,25.7155,25.8178,25.8178,38.5733,51.3122,64.2888,25.7155,0.0,1.987474,2.490099,1.006804,29,64,19,2,0.36101233,0.06856638,0.09253807,0E-8,0.000000,0.887191,0.221402,-0.03751511,2026-04-02,2026-07-30,12,117,95,120,0.100000,1.063837,1.040791,1.203374,,,,,,,,GLOBAL_BASELINE_NO_ENTITY_RANKING,,,NOT_APPLICABLE_GLOBAL_BASELINE,HF9g-P5,,,,X 全窗基线 · 不参与实体赏罚,8394998,840,A168_HF9F_20260827_0900,2026-08-27 09:00:00
2026-06-30,144244503,2222,0,103.2711124880,25.8177781220,25.8177781220,0.6666667,4,4,0.49324550000000000,0.493245500000,0.6008033672792107,0.6008033672792106,0.6008033672792107,0E-17,ELIGIBLE,R03b_20260811_FULL_v1,L1_ELIGIBILITY,v2026-08-11,2026-03-21..2026-08-06,baccarat_bet02_101_all_pairs_incl_sentinel,round_win = game_pnl > 0 (decisive only),COMPATIBILITY_ONLY_NOT_PRODUCTION,7044.2224,6249.5714,482.9968,271,270,-0.06856638,-0.09253807,-0.05502296,-0.06856638,-482.9968,7044.2224,OK,0.0000,19.3199,4.0000,96.0000,AG03-UNRESOLVED,ALL5_LEVELS_bet23_to_bet27,19.3199,19.3199,19.3199,19.3199,19.3199,4.000000,4.000000,4.000000,4.000000,4.000000,96.000000,96.000000,96.000000,96.000000,96.000000,5.0,96.5994,89.1744,386.3975,393.8224,PENDING_AG03,FALSE,NOT_FOR_ENFORCEMENT,463.6769,5999.5886,482.9968,463.6769,19.3199,0.06856638,0.06582372,19.3199,463.6769,0.06582372,19.3199,19.3199,19.3199,19.3199,19.3199,463.6769,0.06582372,96.5994,89.1744,386.3975,393.8224,0.05485310,0.05590715,0.00274266,25.9934,23.1466,1.7889,40.2497,4.1282,587.0185,22.5000,27.0537,25.4303,25.7155,25.8178,25.8178,38.5733,51.3122,64.2888,25.7155,0.0,1.987474,2.490099,1.006804,29,64,19,2,0.36101233,0.06856638,0.09253807,0E-8,0.000000,0.887191,0.221402,-0.03751511,2026-04-02,2026-07-30,12,117,95,120,0.100000,1.063837,1.040791,1.203374,,,,,,,,GLOBAL_BASELINE_NO_ENTITY_RANKING,,,NOT_APPLICABLE_GLOBAL_BASELINE,HF9g-P5,,,,X 全窗基线 · 不参与实体赏罚,8394999,840,A168_HF9F_20260827_0900,2026-08-27 09:00:00
2026-06-30,144244503,2246,0,38.6244238155,-38.6244238155,-38.6244238155,0E-7,2,2,0.50665070000000000,0.506650700000,-1.4331513700195317,-1.4331513700195317,-1.4331513700195317,0E-17,ELIGIBLE,R03b_20260811_FULL_v1,L1_ELIGIBILITY,v2026-08-11,2026-03-21..2026-08-06,baccarat_bet02_101_all_pairs_incl_sentinel,round_win = game_pnl > 0 (decisive only),COMPATIBILITY_ONLY_NOT_PRODUCTION,7044.2224,6249.5714,482.9968,271,270,-0.06856638,-0.09253807,-0.05502296,-0.06856638,-482.9968,7044.2224,OK,0.0000,19.3199,4.0000,96.0000,AG03-UNRESOLVED,ALL5_LEVELS_bet23_to_bet27,19.3199,19.3199,19.3199,19.3199,19.3199,4.000000,4.000000,4.000000,4.000000,4.000000,96.000000,96.000000,96.000000,96.000000,96.000000,5.0,96.5994,89.1744,386.3975,393.8224,PENDING_AG03,FALSE,NOT_FOR_ENFORCEMENT,463.6769,5999.5886,482.9968,463.6769,19.3199,0.06856638,0.06582372,19.3199,463.6769,0.06582372,19.3199,19.3199,19.3199,19.3199,19.3199,463.6769,0.06582372,96.5994,89.1744,386.3975,393.8224,0.05485310,0.05590715,0.00274266,25.9934,23.1466,1.7889,40.2497,4.1282,587.0185,22.5000,27.0537,25.4303,25.7155,25.8178,25.8178,38.5733,51.3122,64.2888,25.7155,0.0,1.987474,2.490099,1.006804,29,64,19,2,0.36101233,0.06856638,0.09253807,0E-8,0.000000,0.887191,0.221402,-0.03751511,2026-04-02,2026-07-30,12,117,95,120,0.100000,1.063837,1.040791,1.203374,,,,,,,,GLOBAL_BASELINE_NO_ENTITY_RANKING,,,NOT_APPLICABLE_GLOBAL_BASELINE,HF9g-P5,,,,X 全窗基线 · 不参与实体赏罚,8395000,840,A168_HF9F_20260827_0900,2026-08-27 09:00:00
2026-06-30,144244503,2252,0,51.6355562440,0E-10,0E-10,0.5000000,2,2,0.49994810000000000,0.499948100000,0.00014679536856514622,0.00014679536856514622,0.00014679536856514622,0E-17,ELIGIBLE,R03b_20260811_FULL_v1,L1_ELIGIBILITY,v2026-08-11,2026-03-21..2026-08-06,baccarat_bet02_101_all_pairs_incl_sentinel,round_win = game_pnl > 0 (decisive only),COMPATIBILITY_ONLY_NOT_PRODUCTION,7044.2224,6249.5714,482.9968,271,270,-0.06856638,-0.09253807,-0.05502296,-0.06856638,-482.9968,7044.2224,OK,0.0000,19.3199,4.0000,96.0000,AG03-UNRESOLVED,ALL5_LEVELS_bet23_to_bet27,19.3199,19.3199,19.3199,19.3199,19.3199,4.000000,4.000000,4.000000,4.000000,4.000000,96.000000,96.000000,96.000000,96.000000,96.000000,5.0,96.5994,89.1744,386.3975,393.8224,PENDING_AG03,FALSE,NOT_FOR_ENFORCEMENT,463.6769,5999.5886,482.9968,463.6769,19.3199,0.06856638,0.06582372,19.3199,463.6769,0.06582372,19.3199,19.3199,19.3199,19.3199,19.3199,463.6769,0.06582372,96.5994,89.1744,386.3975,393.8224,0.05485310,0.05590715,0.00274266,25.9934,23.1466,1.7889,40.2497,4.1282,587.0185,22.5000,27.0537,25.4303,25.7155,25.8178,25.8178,38.5733,51.3122,64.2888,25.7155,0.0,1.987474,2.490099,1.006804,29,64,19,2,0.36101233,0.06856638,0.09253807,0E-8,0.000000,0.887191,0.221402,-0.03751511,2026-04-02,2026-07-30,12,117,95,120,0.100000,1.063837,1.040791,1.203374,,,,,,,,GLOBAL_BASELINE_NO_ENTITY_RANKING,,,NOT_APPLICABLE_GLOBAL_BASELINE,HF9g-P5,,,,X 全窗基线 · 不参与实体赏罚,8395001,840,A168_HF9F_20260827_0900,2026-08-27 09:00:00
2026-06-30,144244503,2288,0,25.7155347545,-25.7155347545,-25.7155347545,0E-7,1,1,0.50665070000000000,0.506650700000,-1.013391052207602,-1.013391052207602,-1.013391052207602,0E-17,ELIGIBLE,R03b_20260811_FULL_v1,L1_ELIGIBILITY,v2026-08-11,2026-03-21..2026-08-06,baccarat_bet02_101_all_pairs_incl_sentinel,round_win = game_pnl > 0 (decisive only),COMPATIBILITY_ONLY_NOT_PRODUCTION,7044.2224,6249.5714,482.9968,271,270,-0.06856638,-0.09253807,-0.05502296,-0.06856638,-482.9968,7044.2224,OK,0.0000,19.3199,4.0000,96.0000,AG03-UNRESOLVED,ALL5_LEVELS_bet23_to_bet27,19.3199,19.3199,19.3199,19.3199,19.3199,4.000000,4.000000,4.000000,4.000000,4.000000,96.000000,96.000000,96.000000,96.000000,96.000000,5.0,96.5994,89.1744,386.3975,393.8224,PENDING_AG03,FALSE,NOT_FOR_ENFORCEMENT,463.6769,5999.5886,482.9968,463.6769,19.3199,0.06856638,0.06582372,19.3199,463.6769,0.06582372,19.3199,19.3199,19.3199,19.3199,19.3199,463.6769,0.06582372,96.5994,89.1744,386.3975,393.8224,0.05485310,0.05590715,0.00274266,25.9934,23.1466,1.7889,40.2497,4.1282,587.0185,22.5000,27.0537,25.4303,25.7155,25.8178,25.8178,38.5733,51.3122,64.2888,25.7155,0.0,1.987474,2.490099,1.006804,29,64,19,2,0.36101233,0.06856638,0.09253807,0E-8,0.000000,0.887191,0.221402,-0.03751511,2026-04-02,2026-07-30,12,117,95,120,0.100000,1.063837,1.040791,1.203374,,,,,,,,GLOBAL_BASELINE_NO_ENTITY_RANKING,,,NOT_APPLICABLE_GLOBAL_BASELINE,HF9g-P5,,,,X 全窗基线 · 不参与实体赏罚,8395002,840,A168_HF9F_20260827_0900,2026-08-27 09:00:00
2026-06-30,144244503,526,0,12.9088890610,-12.9088890610,-12.9088890610,0E-7,1,1,0.49324550000000000,0.493245500000,-0.9865810262130424,-0.9865810262130424,-0.9865810262130424,0E-17,ELIGIBLE,R03b_20260811_FULL_v1,L1_ELIGIBILITY,v2026-08-11,2026-03-21..2026-08-06,baccarat_bet02_101_all_pairs_incl_sentinel,round_win = game_pnl > 0 (decisive only),COMPATIBILITY_ONLY_NOT_PRODUCTION,7044.2224,6249.5714,482.9968,271,270,-0.06856638,-0.09253807,-0.05502296,-0.06856638,-482.9968,7044.2224,OK,0.0000,19.3199,4.0000,96.0000,AG03-UNRESOLVED,ALL5_LEVELS_bet23_to_bet27,19.3199,19.3199,19.3199,19.3199,19.3199,4.000000,4.000000,4.000000,4.000000,4.000000,96.000000,96.000000,96.000000,96.000000,96.000000,5.0,96.5994,89.1744,386.3975,393.8224,PENDING_AG03,FALSE,NOT_FOR_ENFORCEMENT,463.6769,5999.5886,482.9968,463.6769,19.3199,0.06856638,0.06582372,19.3199,463.6769,0.06582372,19.3199,19.3199,19.3199,19.3199,19.3199,463.6769,0.06582372,96.5994,89.1744,386.3975,393.8224,0.05485310,0.05590715,0.00274266,25.9934,23.1466,1.7889,40.2497,4.1282,587.0185,22.5000,27.0537,25.4303,25.7155,25.8178,25.8178,38.5733,51.3122,64.2888,25.7155,0.0,1.987474,2.490099,1.006804,29,64,19,2,0.36101233,0.06856638,0.09253807,0E-8,0.000000,0.887191,0.221402,-0.03751511,2026-04-02,2026-07-30,12,117,95,120,0.100000,1.063837,1.040791,1.203374,,,,,,,,GLOBAL_BASELINE_NO_ENTITY_RANKING,,,NOT_APPLICABLE_GLOBAL_BASELINE,HF9g-P5,,,,X 全窗基线 · 不参与实体赏罚,8395003,840,A168_HF9F_20260827_0900,2026-08-27 09:00:00
2026-06-30,144244503,789,0,77.1466042635,-25.7155347545,-25.7155347545,0.3333333,3,3,0.50218230000000000,0.502182300000,-0.5849155494134425,-0.5849155494134426,-0.5849155494134425,0E-17,ELIGIBLE,R03b_20260811_FULL_v1,L1_ELIGIBILITY,v2026-08-11,2026-03-21..2026-08-06,baccarat_bet02_101_all_pairs_incl_sentinel,round_win = game_pnl > 0 (decisive only),COMPATIBILITY_ONLY_NOT_PRODUCTION,7044.2224,6249.5714,482.9968,271,270,-0.06856638,-0.09253807,-0.05502296,-0.06856638,-482.9968,7044.2224,OK,0.0000,19.3199,4.0000,96.0000,AG03-UNRESOLVED,ALL5_LEVELS_bet23_to_bet27,19.3199,19.3199,19.3199,19.3199,19.3199,4.000000,4.000000,4.000000,4.000000,4.000000,96.000000,96.000000,96.000000,96.000000,96.000000,5.0,96.5994,89.1744,386.3975,393.8224,PENDING_AG03,FALSE,NOT_FOR_ENFORCEMENT,463.6769,5999.5886,482.9968,463.6769,19.3199,0.06856638,0.06582372,19.3199,463.6769,0.06582372,19.3199,19.3199,19.3199,19.3199,19.3199,463.6769,0.06582372,96.5994,89.1744,386.3975,393.8224,0.05485310,0.05590715,0.00274266,25.9934,23.1466,1.7889,40.2497,4.1282,587.0185,22.5000,27.0537,25.4303,25.7155,25.8178,25.8178,38.5733,51.3122,64.2888,25.7155,0.0,1.987474,2.490099,1.006804,29,64,19,2,0.36101233,0.06856638,0.09253807,0E-8,0.000000,0.887191,0.221402,-0.03751511,2026-04-02,2026-07-30,12,117,95,120,0.100000,1.063837,1.040791,1.203374,,,,,,,,GLOBAL_BASELINE_NO_ENTITY_RANKING,,,NOT_APPLICABLE_GLOBAL_BASELINE,HF9g-P5,,,,X 全窗基线 · 不参与实体赏罚,8395004,840,A168_HF9F_20260827_0900,2026-08-27 09:00:00
2026-06-30,144244503,989,0,25.8177781220,-25.8177781220,-25.8177781220,0E-7,1,1,0.50665070000000000,0.506650700000,-1.013391052207602,-1.013391052207602,-1.013391052207602,0E-17,ELIGIBLE,R03b_20260811_FULL_v1,L1_ELIGIBILITY,v2026-08-11,2026-03-21..2026-08-06,baccarat_bet02_101_all_pairs_incl_sentinel,round_win = game_pnl > 0 (decisive only),COMPATIBILITY_ONLY_NOT_PRODUCTION,7044.2224,6249.5714,482.9968,271,270,-0.06856638,-0.09253807,-0.05502296,-0.06856638,-482.9968,7044.2224,OK,0.0000,19.3199,4.0000,96.0000,AG03-UNRESOLVED,ALL5_LEVELS_bet23_to_bet27,19.3199,19.3199,19.3199,19.3199,19.3199,4.000000,4.000000,4.000000,4.000000,4.000000,96.000000,96.000000,96.000000,96.000000,96.000000,5.0,96.5994,89.1744,386.3975,393.8224,PENDING_AG03,FALSE,NOT_FOR_ENFORCEMENT,463.6769,5999.5886,482.9968,463.6769,19.3199,0.06856638,0.06582372,19.3199,463.6769,0.06582372,19.3199,19.3199,19.3199,19.3199,19.3199,463.6769,0.06582372,96.5994,89.1744,386.3975,393.8224,0.05485310,0.05590715,0.00274266,25.9934,23.1466,1.7889,40.2497,4.1282,587.0185,22.5000,27.0537,25.4303,25.7155,25.8178,25.8178,38.5733,51.3122,64.2888,25.7155,0.0,1.987474,2.490099,1.006804,29,64,19,2,0.36101233,0.06856638,0.09253807,0E-8,0.000000,0.887191,0.221402,-0.03751511,2026-04-02,2026-07-30,12,117,95,120,0.100000,1.063837,1.040791,1.203374,,,,,,,,GLOBAL_BASELINE_NO_ENTITY_RANKING,,,NOT_APPLICABLE_GLOBAL_BASELINE,HF9g-P5,,,,X 全窗基线 · 不参与实体赏罚,8395005,840,A168_HF9F_20260827_0900,2026-08-27 09:00:00
2026-07-01,144244503,1966,0,32.5304004337,-32.5304004337,-32.5304004337,0E-7,1,1,0.49324550000000000,0.493245500000,-0.9865810262130424,-0.9865810262130424,-0.9865810262130424,0E-17,ELIGIBLE,R03b_20260811_FULL_v1,L1_ELIGIBILITY,v2026-08-11,2026-03-21..2026-08-06,baccarat_bet02_101_all_pairs_incl_sentinel,round_win = game_pnl > 0 (decisive only),COMPATIBILITY_ONLY_NOT_PRODUCTION,7044.2224,6249.5714,482.9968,271,270,-0.06856638,-0.09253807,-0.05502296,-0.06856638,-482.9968,7044.2224,OK,0.0000,19.3199,4.0000,96.0000,AG03-UNRESOLVED,ALL5_LEVELS_bet23_to_bet27,19.3199,19.3199,19.3199,19.3199,19.3199,4.000000,4.000000,4.000000,4.000000,4.000000,96.000000,96.000000,96.000000,96.000000,96.000000,5.0,96.5994,89.1744,386.3975,393.8224,PENDING_AG03,FALSE,NOT_FOR_ENFORCEMENT,463.6769,5999.5886,482.9968,463.6769,19.3199,0.06856638,0.06582372,19.3199,463.6769,0.06582372,19.3199,19.3199,19.3199,19.3199,19.3199,463.6769,0.06582372,96.5994,89.1744,386.3975,393.8224,0.05485310,0.05590715,0.00274266,25.9934,23.1466,1.7889,40.2497,4.1282,587.0185,22.5000,27.0537,25.4303,25.7155,25.8178,25.8178,38.5733,51.3122,64.2888,25.7155,0.0,1.987474,2.490099,1.006804,29,64,19,2,0.36101233,0.06856638,0.09253807,0E-8,0.000000,0.887191,0.221402,-0.03751511,2026-04-02,2026-07-30,12,117,95,120,0.100000,1.063837,1.040791,1.203374,,,,,,,,GLOBAL_BASELINE_NO_ENTITY_RANKING,,,NOT_APPLICABLE_GLOBAL_BASELINE,HF9g-P5,,,,X 全窗基线 · 不参与实体赏罚,8395006,840,A168_HF9F_20260827_0900,2026-08-27 09:00:00
2026-07-06,144244503,-1,1,376.9395605812,-47.3756228539,-47.3756228539,0.4666667,20,20,0.50061836000000000,0.500618360000,-0.26298888682880217,-0.26298888682880217,-0.26298888682880217,0E-17,SENTINEL_DEALER,R03b_20260811_FULL_v1,L1_ELIGIBILITY,v2026-08-11,2026-03-21..2026-08-06,baccarat_bet02_101_all_pairs_incl_sentinel,round_win = game_pnl > 0 (decisive only),COMPATIBILITY_ONLY_NOT_PRODUCTION,7044.2224,6249.5714,482.9968,271,270,-0.06856638,-0.09253807,-0.05502296,-0.06856638,-482.9968,7044.2224,OK,0.0000,19.3199,4.0000,96.0000,AG03-UNRESOLVED,ALL5_LEVELS_bet23_to_bet27,19.3199,19.3199,19.3199,19.3199,19.3199,4.000000,4.000000,4.000000,4.000000,4.000000,96.000000,96.000000,96.000000,96.000000,96.000000,5.0,96.5994,89.1744,386.3975,393.8224,PENDING_AG03,FALSE,NOT_FOR_ENFORCEMENT,463.6769,5999.5886,482.9968,463.6769,19.3199,0.06856638,0.06582372,19.3199,463.6769,0.06582372,19.3199,19.3199,19.3199,19.3199,19.3199,463.6769,0.06582372,96.5994,89.1744,386.3975,393.8224,0.05485310,0.05590715,0.00274266,25.9934,23.1466,1.7889,40.2497,4.1282,587.0185,22.5000,27.0537,25.4303,25.7155,25.8178,25.8178,38.5733,51.3122,64.2888,25.7155,0.0,1.987474,2.490099,1.006804,29,64,19,2,0.36101233,0.06856638,0.09253807,0E-8,0.000000,0.887191,0.221402,-0.03751511,2026-04-02,2026-07-30,12,117,95,120,0.100000,1.063837,1.040791,1.203374,,,,,,,,GLOBAL_BASELINE_NO_ENTITY_RANKING,,,NOT_APPLICABLE_GLOBAL_BASELINE,HF9g-P5,,,,X 全窗基线 · 不参与实体赏罚,8395007,840,A168_HF9F_20260827_0900,2026-08-27 09:00:00
2026-07-06,144244503,1004,0,25.8177781220,12.2634446080,12.2634446080,1.0000000,2,2,0.49994810000000000,0.499948100000,1.0001038053877793,1.0001038053877793,1.0001038053877793,0E-17,ELIGIBLE,R03b_20260811_FULL_v1,L1_ELIGIBILITY,v2026-08-11,2026-03-21..2026-08-06,baccarat_bet02_101_all_pairs_incl_sentinel,round_win = game_pnl > 0 (decisive only),COMPATIBILITY_ONLY_NOT_PRODUCTION,7044.2224,6249.5714,482.9968,271,270,-0.06856638,-0.09253807,-0.05502296,-0.06856638,-482.9968,7044.2224,OK,0.0000,19.3199,4.0000,96.0000,AG03-UNRESOLVED,ALL5_LEVELS_bet23_to_bet27,19.3199,19.3199,19.3199,19.3199,19.3199,4.000000,4.000000,4.000000,4.000000,4.000000,96.000000,96.000000,96.000000,96.000000,96.000000,5.0,96.5994,89.1744,386.3975,393.8224,PENDING_AG03,FALSE,NOT_FOR_ENFORCEMENT,463.6769,5999.5886,482.9968,463.6769,19.3199,0.06856638,0.06582372,19.3199,463.6769,0.06582372,19.3199,19.3199,19.3199,19.3199,19.3199,463.6769,0.06582372,96.5994,89.1744,386.3975,393.8224,0.05485310,0.05590715,0.00274266,25.9934,23.1466,1.7889,40.2497,4.1282,587.0185,22.5000,27.0537,25.4303,25.7155,25.8178,25.8178,38.5733,51.3122,64.2888,25.7155,0.0,1.987474,2.490099,1.006804,29,64,19,2,0.36101233,0.06856638,0.09253807,0E-8,0.000000,0.887191,0.221402,-0.03751511,2026-04-02,2026-07-30,12,117,95,120,0.100000,1.063837,1.040791,1.203374,,,,,,,,GLOBAL_BASELINE_NO_ENTITY_RANKING,,,NOT_APPLICABLE_GLOBAL_BASELINE,HF9g-P5,,,,X 全窗基线 · 不参与实体赏罚,8395008,840,A168_HF9F_20260827_0900,2026-08-27 09:00:00
2026-07-06,144244503,1157,0,25.8177781220,-25.8177781220,-25.8177781220,0E-7,1,1,0.49324550000000000,0.493245500000,-0.9865810262130424,-0.9865810262130424,-0.9865810262130424,0E-17,ELIGIBLE,R03b_20260811_FULL_v1,L1_ELIGIBILITY,v2026-08-11,2026-03-21..2026-08-06,baccarat_bet02_101_all_pairs_incl_sentinel,round_win = game_pnl > 0 (decisive only),COMPATIBILITY_ONLY_NOT_PRODUCTION,7044.2224,6249.5714,482.9968,271,270,-0.06856638,-0.09253807,-0.05502296,-0.06856638,-482.9968,7044.2224,OK,0.0000,19.3199,4.0000,96.0000,AG03-UNRESOLVED,ALL5_LEVELS_bet23_to_bet27,19.3199,19.3199,19.3199,19.3199,19.3199,4.000000,4.000000,4.000000,4.000000,4.000000,96.000000,96.000000,96.000000,96.000000,96.000000,5.0,96.5994,89.1744,386.3975,393.8224,PENDING_AG03,FALSE,NOT_FOR_ENFORCEMENT,463.6769,5999.5886,482.9968,463.6769,19.3199,0.06856638,0.06582372,19.3199,463.6769,0.06582372,19.3199,19.3199,19.3199,19.3199,19.3199,463.6769,0.06582372,96.5994,89.1744,386.3975,393.8224,0.05485310,0.05590715,0.00274266,25.9934,23.1466,1.7889,40.2497,4.1282,587.0185,22.5000,27.0537,25.4303,25.7155,25.8178,25.8178,38.5733,51.3122,64.2888,25.7155,0.0,1.987474,2.490099,1.006804,29,64,19,2,0.36101233,0.06856638,0.09253807,0E-8,0.000000,0.887191,0.221402,-0.03751511,2026-04-02,2026-07-30,12,117,95,120,0.100000,1.063837,1.040791,1.203374,,,,,,,,GLOBAL_BASELINE_NO_ENTITY_RANKING,,,NOT_APPLICABLE_GLOBAL_BASELINE,HF9g-P5,,,,X 全窗基线 · 不参与实体赏罚,8395009,840,A168_HF9F_20260827_0900,2026-08-27 09:00:00
2026-07-06,144244503,1385,0,38.7266671830,24.5268892159,24.5268892159,1.0000000,2,2,0.49994810000000000,0.499948100000,1.0001038053877793,1.0001038053877793,1.0001038053877793,0E-17,ELIGIBLE,R03b_20260811_FULL_v1,L1_ELIGIBILITY,v2026-08-11,2026-03-21..2026-08-06,baccarat_bet02_101_all_pairs_incl_sentinel,round_win = game_pnl > 0 (decisive only),COMPATIBILITY_ONLY_NOT_PRODUCTION,7044.2224,6249.5714,482.9968,271,270,-0.06856638,-0.09253807,-0.05502296,-0.06856638,-482.9968,7044.2224,OK,0.0000,19.3199,4.0000,96.0000,AG03-UNRESOLVED,ALL5_LEVELS_bet23_to_bet27,19.3199,19.3199,19.3199,19.3199,19.3199,4.000000,4.000000,4.000000,4.000000,4.000000,96.000000,96.000000,96.000000,96.000000,96.000000,5.0,96.5994,89.1744,386.3975,393.8224,PENDING_AG03,FALSE,NOT_FOR_ENFORCEMENT,463.6769,5999.5886,482.9968,463.6769,19.3199,0.06856638,0.06582372,19.3199,463.6769,0.06582372,19.3199,19.3199,19.3199,19.3199,19.3199,463.6769,0.06582372,96.5994,89.1744,386.3975,393.8224,0.05485310,0.05590715,0.00274266,25.9934,23.1466,1.7889,40.2497,4.1282,587.0185,22.5000,27.0537,25.4303,25.7155,25.8178,25.8178,38.5733,51.3122,64.2888,25.7155,0.0,1.987474,2.490099,1.006804,29,64,19,2,0.36101233,0.06856638,0.09253807,0E-8,0.000000,0.887191,0.221402,-0.03751511,2026-04-02,2026-07-30,12,117,95,120,0.100000,1.063837,1.040791,1.203374,,,,,,,,GLOBAL_BASELINE_NO_ENTITY_RANKING,,,NOT_APPLICABLE_GLOBAL_BASELINE,HF9g-P5,,,,X 全窗基线 · 不参与实体赏罚,8395010,840,A168_HF9F_20260827_0900,2026-08-27 09:00:00
2026-07-06,144244503,1485,0,180.7244468540,23.8814447629,23.8814447629,0.5000000,5,5,0.50128862000000000,0.501288620000,-0.0051544971185412255,-0.0051544971185412255,-0.0051544971185412255,0E-17,ELIGIBLE,R03b_20260811_FULL_v1,L1_ELIGIBILITY,v2026-08-11,2026-03-21..2026-08-06,baccarat_bet02_101_all_pairs_incl_sentinel,round_win = game_pnl > 0 (decisive only),COMPATIBILITY_ONLY_NOT_PRODUCTION,7044.2224,6249.5714,482.9968,271,270,-0.06856638,-0.09253807,-0.05502296,-0.06856638,-482.9968,7044.2224,OK,0.0000,19.3199,4.0000,96.0000,AG03-UNRESOLVED,ALL5_LEVELS_bet23_to_bet27,19.3199,19.3199,19.3199,19.3199,19.3199,4.000000,4.000000,4.000000,4.000000,4.000000,96.000000,96.000000,96.000000,96.000000,96.000000,5.0,96.5994,89.1744,386.3975,393.8224,PENDING_AG03,FALSE,NOT_FOR_ENFORCEMENT,463.6769,5999.5886,482.9968,463.6769,19.3199,0.06856638,0.06582372,19.3199,463.6769,0.06582372,19.3199,19.3199,19.3199,19.3199,19.3199,463.6769,0.06582372,96.5994,89.1744,386.3975,393.8224,0.05485310,0.05590715,0.00274266,25.9934,23.1466,1.7889,40.2497,4.1282,587.0185,22.5000,27.0537,25.4303,25.7155,25.8178,25.8178,38.5733,51.3122,64.2888,25.7155,0.0,1.987474,2.490099,1.006804,29,64,19,2,0.36101233,0.06856638,0.09253807,0E-8,0.000000,0.887191,0.221402,-0.03751511,2026-04-02,2026-07-30,12,117,95,120,0.100000,1.063837,1.040791,1.203374,,,,,,,,GLOBAL_BASELINE_NO_ENTITY_RANKING,,,NOT_APPLICABLE_GLOBAL_BASELINE,HF9g-P5,,,,X 全窗基线 · 不参与实体赏罚,8395011,840,A168_HF9F_20260827_0900,2026-08-27 09:00:00
2026-07-06,144244503,1957,0,12.9088890610,-12.9088890610,-12.9088890610,0E-7,1,1,0.50665070000000000,0.506650700000,-1.013391052207602,-1.013391052207602,-1.013391052207602,0E-17,ELIGIBLE,R03b_20260811_FULL_v1,L1_ELIGIBILITY,v2026-08-11,2026-03-21..2026-08-06,baccarat_bet02_101_all_pairs_incl_sentinel,round_win = game_pnl > 0 (decisive only),COMPATIBILITY_ONLY_NOT_PRODUCTION,7044.2224,6249.5714,482.9968,271,270,-0.06856638,-0.09253807,-0.05502296,-0.06856638,-482.9968,7044.2224,OK,0.0000,19.3199,4.0000,96.0000,AG03-UNRESOLVED,ALL5_LEVELS_bet23_to_bet27,19.3199,19.3199,19.3199,19.3199,19.3199,4.000000,4.000000,4.000000,4.000000,4.000000,96.000000,96.000000,96.000000,96.000000,96.000000,5.0,96.5994,89.1744,386.3975,393.8224,PENDING_AG03,FALSE,NOT_FOR_ENFORCEMENT,463.6769,5999.5886,482.9968,463.6769,19.3199,0.06856638,0.06582372,19.3199,463.6769,0.06582372,19.3199,19.3199,19.3199,19.3199,19.3199,463.6769,0.06582372,96.5994,89.1744,386.3975,393.8224,0.05485310,0.05590715,0.00274266,25.9934,23.1466,1.7889,40.2497,4.1282,587.0185,22.5000,27.0537,25.4303,25.7155,25.8178,25.8178,38.5733,51.3122,64.2888,25.7155,0.0,1.987474,2.490099,1.006804,29,64,19,2,0.36101233,0.06856638,0.09253807,0E-8,0.000000,0.887191,0.221402,-0.03751511,2026-04-02,2026-07-30,12,117,95,120,0.100000,1.063837,1.040791,1.203374,,,,,,,,GLOBAL_BASELINE_NO_ENTITY_RANKING,,,NOT_APPLICABLE_GLOBAL_BASELINE,HF9g-P5,,,,X 全窗基线 · 不参与实体赏罚,8395012,840,A168_HF9F_20260827_0900,2026-08-27 09:00:00
2026-07-06,144244503,2088,0,51.6355562440,0E-10,0E-10,0.5000000,2,2,0.49324550000000000,0.493245500000,0.01910635448239258,0.01910635448239258,0.01910635448239258,0E-17,ELIGIBLE,R03b_20260811_FULL_v1,L1_ELIGIBILITY,v2026-08-11,2026-03-21..2026-08-06,baccarat_bet02_101_all_pairs_incl_sentinel,round_win = game_pnl > 0 (decisive only),COMPATIBILITY_ONLY_NOT_PRODUCTION,7044.2224,6249.5714,482.9968,271,270,-0.06856638,-0.09253807,-0.05502296,-0.06856638,-482.9968,7044.2224,OK,0.0000,19.3199,4.0000,96.0000,AG03-UNRESOLVED,ALL5_LEVELS_bet23_to_bet27,19.3199,19.3199,19.3199,19.3199,19.3199,4.000000,4.000000,4.000000,4.000000,4.000000,96.000000,96.000000,96.000000,96.000000,96.000000,5.0,96.5994,89.1744,386.3975,393.8224,PENDING_AG03,FALSE,NOT_FOR_ENFORCEMENT,463.6769,5999.5886,482.9968,463.6769,19.3199,0.06856638,0.06582372,19.3199,463.6769,0.06582372,19.3199,19.3199,19.3199,19.3199,19.3199,463.6769,0.06582372,96.5994,89.1744,386.3975,393.8224,0.05485310,0.05590715,0.00274266,25.9934,23.1466,1.7889,40.2497,4.1282,587.0185,22.5000,27.0537,25.4303,25.7155,25.8178,25.8178,38.5733,51.3122,64.2888,25.7155,0.0,1.987474,2.490099,1.006804,29,64,19,2,0.36101233,0.06856638,0.09253807,0E-8,0.000000,0.887191,0.221402,-0.03751511,2026-04-02,2026-07-30,12,117,95,120,0.100000,1.063837,1.040791,1.203374,,,,,,,,GLOBAL_BASELINE_NO_ENTITY_RANKING,,,NOT_APPLICABLE_GLOBAL_BASELINE,HF9g-P5,,,,X 全窗基线 · 不参与实体赏罚,8395013,840,A168_HF9F_20260827_0900,2026-08-27 09:00:00
2026-07-06,144244503,2103,0,12.9088890610,-12.9088890610,-12.9088890610,0E-7,1,1,0.50665070000000000,0.506650700000,-1.013391052207602,-1.013391052207602,-1.013391052207602,0E-17,ELIGIBLE,R03b_20260811_FULL_v1,L1_ELIGIBILITY,v2026-08-11,2026-03-21..2026-08-06,baccarat_bet02_101_all_pairs_incl_sentinel,round_win = game_pnl > 0 (decisive only),COMPATIBILITY_ONLY_NOT_PRODUCTION,7044.2224,6249.5714,482.9968,271,270,-0.06856638,-0.09253807,-0.05502296,-0.06856638,-482.9968,7044.2224,OK,0.0000,19.3199,4.0000,96.0000,AG03-UNRESOLVED,ALL5_LEVELS_bet23_to_bet27,19.3199,19.3199,19.3199,19.3199,19.3199,4.000000,4.000000,4.000000,4.000000,4.000000,96.000000,96.000000,96.000000,96.000000,96.000000,5.0,96.5994,89.1744,386.3975,393.8224,PENDING_AG03,FALSE,NOT_FOR_ENFORCEMENT,463.6769,5999.5886,482.9968,463.6769,19.3199,0.06856638,0.06582372,19.3199,463.6769,0.06582372,19.3199,19.3199,19.3199,19.3199,19.3199,463.6769,0.06582372,96.5994,89.1744,386.3975,393.8224,0.05485310,0.05590715,0.00274266,25.9934,23.1466,1.7889,40.2497,4.1282,587.0185,22.5000,27.0537,25.4303,25.7155,25.8178,25.8178,38.5733,51.3122,64.2888,25.7155,0.0,1.987474,2.490099,1.006804,29,64,19,2,0.36101233,0.06856638,0.09253807,0E-8,0.000000,0.887191,0.221402,-0.03751511,2026-04-02,2026-07-30,12,117,95,120,0.100000,1.063837,1.040791,1.203374,,,,,,,,GLOBAL_BASELINE_NO_ENTITY_RANKING,,,NOT_APPLICABLE_GLOBAL_BASELINE,HF9g-P5,,,,X 全窗基线 · 不参与实体赏罚,8395014,840,A168_HF9F_20260827_0900,2026-08-27 09:00:00
2026-07-06,144244503,2108,0,51.6355562440,-51.6355562440,-51.6355562440,0E-7,1,1,0.49324550000000000,0.493245500000,-0.9865810262130424,-0.9865810262130424,-0.9865810262130424,0E-17,ELIGIBLE,R03b_20260811_FULL_v1,L1_ELIGIBILITY,v2026-08-11,2026-03-21..2026-08-06,baccarat_bet02_101_all_pairs_incl_sentinel,round_win = game_pnl > 0 (decisive only),COMPATIBILITY_ONLY_NOT_PRODUCTION,7044.2224,6249.5714,482.9968,271,270,-0.06856638,-0.09253807,-0.05502296,-0.06856638,-482.9968,7044.2224,OK,0.0000,19.3199,4.0000,96.0000,AG03-UNRESOLVED,ALL5_LEVELS_bet23_to_bet27,19.3199,19.3199,19.3199,19.3199,19.3199,4.000000,4.000000,4.000000,4.000000,4.000000,96.000000,96.000000,96.000000,96.000000,96.000000,5.0,96.5994,89.1744,386.3975,393.8224,PENDING_AG03,FALSE,NOT_FOR_ENFORCEMENT,463.6769,5999.5886,482.9968,463.6769,19.3199,0.06856638,0.06582372,19.3199,463.6769,0.06582372,19.3199,19.3199,19.3199,19.3199,19.3199,463.6769,0.06582372,96.5994,89.1744,386.3975,393.8224,0.05485310,0.05590715,0.00274266,25.9934,23.1466,1.7889,40.2497,4.1282,587.0185,22.5000,27.0537,25.4303,25.7155,25.8178,25.8178,38.5733,51.3122,64.2888,25.7155,0.0,1.987474,2.490099,1.006804,29,64,19,2,0.36101233,0.06856638,0.09253807,0E-8,0.000000,0.887191,0.221402,-0.03751511,2026-04-02,2026-07-30,12,117,95,120,0.100000,1.063837,1.040791,1.203374,,,,,,,,GLOBAL_BASELINE_NO_ENTITY_RANKING,,,NOT_APPLICABLE_GLOBAL_BASELINE,HF9g-P5,,,,X 全窗基线 · 不参与实体赏罚,8395015,840,A168_HF9F_20260827_0900,2026-08-27 09:00:00
2026-07-06,144244503,2188,0,12.9088890610,-12.9088890610,-12.9088890610,0E-7,1,1,0.50665070000000000,0.506650700000,-1.013391052207602,-1.013391052207602,-1.013391052207602,0E-17,ELIGIBLE,R03b_20260811_FULL_v1,L1_ELIGIBILITY,v2026-08-11,2026-03-21..2026-08-06,baccarat_bet02_101_all_pairs_incl_sentinel,round_win = game_pnl > 0 (decisive only),COMPATIBILITY_ONLY_NOT_PRODUCTION,7044.2224,6249.5714,482.9968,271,270,-0.06856638,-0.09253807,-0.05502296,-0.06856638,-482.9968,7044.2224,OK,0.0000,19.3199,4.0000,96.0000,AG03-UNRESOLVED,ALL5_LEVELS_bet23_to_bet27,19.3199,19.3199,19.3199,19.3199,19.3199,4.000000,4.000000,4.000000,4.000000,4.000000,96.000000,96.000000,96.000000,96.000000,96.000000,5.0,96.5994,89.1744,386.3975,393.8224,PENDING_AG03,FALSE,NOT_FOR_ENFORCEMENT,463.6769,5999.5886,482.9968,463.6769,19.3199,0.06856638,0.06582372,19.3199,463.6769,0.06582372,19.3199,19.3199,19.3199,19.3199,19.3199,463.6769,0.06582372,96.5994,89.1744,386.3975,393.8224,0.05485310,0.05590715,0.00274266,25.9934,23.1466,1.7889,40.2497,4.1282,587.0185,22.5000,27.0537,25.4303,25.7155,25.8178,25.8178,38.5733,51.3122,64.2888,25.7155,0.0,1.987474,2.490099,1.006804,29,64,19,2,0.36101233,0.06856638,0.09253807,0E-8,0.000000,0.887191,0.221402,-0.03751511,2026-04-02,2026-07-30,12,117,95,120,0.100000,1.063837,1.040791,1.203374,,,,,,,,GLOBAL_BASELINE_NO_ENTITY_RANKING,,,NOT_APPLICABLE_GLOBAL_BASELINE,HF9g-P5,,,,X 全窗基线 · 不参与实体赏罚,8395016,840,A168_HF9F_20260827_0900,2026-08-27 09:00:00
2026-07-06,144244503,2261,0,25.8177781220,-25.8177781220,-25.8177781220,0E-7,1,1,0.49324550000000000,0.493245500000,-0.9865810262130424,-0.9865810262130424,-0.9865810262130424,0E-17,ELIGIBLE,R03b_20260811_FULL_v1,L1_ELIGIBILITY,v2026-08-11,2026-03-21..2026-08-06,baccarat_bet02_101_all_pairs_incl_sentinel,round_win = game_pnl > 0 (decisive only),COMPATIBILITY_ONLY_NOT_PRODUCTION,7044.2224,6249.5714,482.9968,271,270,-0.06856638,-0.09253807,-0.05502296,-0.06856638,-482.9968,7044.2224,OK,0.0000,19.3199,4.0000,96.0000,AG03-UNRESOLVED,ALL5_LEVELS_bet23_to_bet27,19.3199,19.3199,19.3199,19.3199,19.3199,4.000000,4.000000,4.000000,4.000000,4.000000,96.000000,96.000000,96.000000,96.000000,96.000000,5.0,96.5994,89.1744,386.3975,393.8224,PENDING_AG03,FALSE,NOT_FOR_ENFORCEMENT,463.6769,5999.5886,482.9968,463.6769,19.3199,0.06856638,0.06582372,19.3199,463.6769,0.06582372,19.3199,19.3199,19.3199,19.3199,19.3199,463.6769,0.06582372,96.5994,89.1744,386.3975,393.8224,0.05485310,0.05590715,0.00274266,25.9934,23.1466,1.7889,40.2497,4.1282,587.0185,22.5000,27.0537,25.4303,25.7155,25.8178,25.8178,38.5733,51.3122,64.2888,25.7155,0.0,1.987474,2.490099,1.006804,29,64,19,2,0.36101233,0.06856638,0.09253807,0E-8,0.000000,0.887191,0.221402,-0.03751511,2026-04-02,2026-07-30,12,117,95,120,0.100000,1.063837,1.040791,1.203374,,,,,,,,GLOBAL_BASELINE_NO_ENTITY_RANKING,,,NOT_APPLICABLE_GLOBAL_BASELINE,HF9g-P5,,,,X 全窗基线 · 不参与实体赏罚,8395017,840,A168_HF9F_20260827_0900,2026-08-27 09:00:00
2026-07-08,144244503,-1,1,216.8693362248,28.0122892624,28.0122892624,0.5555556,10,10,0.50128862000000000,0.501288620000,0.3256026946887059,0.3256026946887059,0.3256026946887059,0E-17,SENTINEL_DEALER,R03b_20260811_FULL_v1,L1_ELIGIBILITY,v2026-08-11,2026-03-21..2026-08-06,baccarat_bet02_101_all_pairs_incl_sentinel,round_win = game_pnl > 0 (decisive only),COMPATIBILITY_ONLY_NOT_PRODUCTION,7044.2224,6249.5714,482.9968,271,270,-0.06856638,-0.09253807,-0.05502296,-0.06856638,-482.9968,7044.2224,OK,0.0000,19.3199,4.0000,96.0000,AG03-UNRESOLVED,ALL5_LEVELS_bet23_to_bet27,19.3199,19.3199,19.3199,19.3199,19.3199,4.000000,4.000000,4.000000,4.000000,4.000000,96.000000,96.000000,96.000000,96.000000,96.000000,5.0,96.5994,89.1744,386.3975,393.8224,PENDING_AG03,FALSE,NOT_FOR_ENFORCEMENT,463.6769,5999.5886,482.9968,463.6769,19.3199,0.06856638,0.06582372,19.3199,463.6769,0.06582372,19.3199,19.3199,19.3199,19.3199,19.3199,463.6769,0.06582372,96.5994,89.1744,386.3975,393.8224,0.05485310,0.05590715,0.00274266,25.9934,23.1466,1.7889,40.2497,4.1282,587.0185,22.5000,27.0537,25.4303,25.7155,25.8178,25.8178,38.5733,51.3122,64.2888,25.7155,0.0,1.987474,2.490099,1.006804,29,64,19,2,0.36101233,0.06856638,0.09253807,0E-8,0.000000,0.887191,0.221402,-0.03751511,2026-04-02,2026-07-30,12,117,95,120,0.100000,1.063837,1.040791,1.203374,,,,,,,,GLOBAL_BASELINE_NO_ENTITY_RANKING,,,NOT_APPLICABLE_GLOBAL_BASELINE,HF9g-P5,,,,X 全窗基线 · 不参与实体赏罚,8395018,840,A168_HF9F_20260827_0900,2026-08-27 09:00:00
2026-07-08,144244503,1017,0,25.8177781220,24.5268892159,24.5268892159,1.0000000,1,1,0.50665070000000000,0.506650700000,0.9867858985152569,0.9867858985152569,0.9867858985152569,0E-17,ELIGIBLE,R03b_20260811_FULL_v1,L1_ELIGIBILITY,v2026-08-11,2026-03-21..2026-08-06,baccarat_bet02_101_all_pairs_incl_sentinel,round_win = game_pnl > 0 (decisive only),COMPATIBILITY_ONLY_NOT_PRODUCTION,7044.2224,6249.5714,482.9968,271,270,-0.06856638,-0.09253807,-0.05502296,-0.06856638,-482.9968,7044.2224,OK,0.0000,19.3199,4.0000,96.0000,AG03-UNRESOLVED,ALL5_LEVELS_bet23_to_bet27,19.3199,19.3199,19.3199,19.3199,19.3199,4.000000,4.000000,4.000000,4.000000,4.000000,96.000000,96.000000,96.000000,96.000000,96.000000,5.0,96.5994,89.1744,386.3975,393.8224,PENDING_AG03,FALSE,NOT_FOR_ENFORCEMENT,463.6769,5999.5886,482.9968,463.6769,19.3199,0.06856638,0.06582372,19.3199,463.6769,0.06582372,19.3199,19.3199,19.3199,19.3199,19.3199,463.6769,0.06582372,96.5994,89.1744,386.3975,393.8224,0.05485310,0.05590715,0.00274266,25.9934,23.1466,1.7889,40.2497,4.1282,587.0185,22.5000,27.0537,25.4303,25.7155,25.8178,25.8178,38.5733,51.3122,64.2888,25.7155,0.0,1.987474,2.490099,1.006804,29,64,19,2,0.36101233,0.06856638,0.09253807,0E-8,0.000000,0.887191,0.221402,-0.03751511,2026-04-02,2026-07-30,12,117,95,120,0.100000,1.063837,1.040791,1.203374,,,,,,,,GLOBAL_BASELINE_NO_ENTITY_RANKING,,,NOT_APPLICABLE_GLOBAL_BASELINE,HF9g-P5,,,,X 全窗基线 · 不参与实体赏罚,8395019,840,A168_HF9F_20260827_0900,2026-08-27 09:00:00
2026-07-08,144244503,1507,0,25.8177781220,0E-10,0E-10,,1,1,0.50665070000000000,0.506650700000,,,,0E-17,NO_DECISIVE_ROUND,R03b_20260811_FULL_v1,L1_ELIGIBILITY,v2026-08-11,2026-03-21..2026-08-06,baccarat_bet02_101_all_pairs_incl_sentinel,round_win = game_pnl > 0 (decisive only),COMPATIBILITY_ONLY_NOT_PRODUCTION,7044.2224,6249.5714,482.9968,271,270,-0.06856638,-0.09253807,-0.05502296,-0.06856638,-482.9968,7044.2224,OK,0.0000,19.3199,4.0000,96.0000,AG03-UNRESOLVED,ALL5_LEVELS_bet23_to_bet27,19.3199,19.3199,19.3199,19.3199,19.3199,4.000000,4.000000,4.000000,4.000000,4.000000,96.000000,96.000000,96.000000,96.000000,96.000000,5.0,96.5994,89.1744,386.3975,393.8224,PENDING_AG03,FALSE,NOT_FOR_ENFORCEMENT,463.6769,5999.5886,482.9968,463.6769,19.3199,0.06856638,0.06582372,19.3199,463.6769,0.06582372,19.3199,19.3199,19.3199,19.3199,19.3199,463.6769,0.06582372,96.5994,89.1744,386.3975,393.8224,0.05485310,0.05590715,0.00274266,25.9934,23.1466,1.7889,40.2497,4.1282,587.0185,22.5000,27.0537,25.4303,25.7155,25.8178,25.8178,38.5733,51.3122,64.2888,25.7155,0.0,1.987474,2.490099,1.006804,29,64,19,2,0.36101233,0.06856638,0.09253807,0E-8,0.000000,0.887191,0.221402,-0.03751511,2026-04-02,2026-07-30,12,117,95,120,0.100000,1.063837,1.040791,1.203374,,,,,,,,GLOBAL_BASELINE_NO_ENTITY_RANKING,,,NOT_APPLICABLE_GLOBAL_BASELINE,HF9g-P5,,,,X 全窗基线 · 不参与实体赏罚,8395020,840,A168_HF9F_20260827_0900,2026-08-27 09:00:00
2026-07-08,144244503,2153,0,25.8177781220,24.5268892159,24.5268892159,1.0000000,1,1,0.50665070000000000,0.506650700000,0.9867858985152569,0.9867858985152569,0.9867858985152569,0E-17,ELIGIBLE,R03b_20260811_FULL_v1,L1_ELIGIBILITY,v2026-08-11,2026-03-21..2026-08-06,baccarat_bet02_101_all_pairs_incl_sentinel,round_win = game_pnl > 0 (decisive only),COMPATIBILITY_ONLY_NOT_PRODUCTION,7044.2224,6249.5714,482.9968,271,270,-0.06856638,-0.09253807,-0.05502296,-0.06856638,-482.9968,7044.2224,OK,0.0000,19.3199,4.0000,96.0000,AG03-UNRESOLVED,ALL5_LEVELS_bet23_to_bet27,19.3199,19.3199,19.3199,19.3199,19.3199,4.000000,4.000000,4.000000,4.000000,4.000000,96.000000,96.000000,96.000000,96.000000,96.000000,5.0,96.5994,89.1744,386.3975,393.8224,PENDING_AG03,FALSE,NOT_FOR_ENFORCEMENT,463.6769,5999.5886,482.9968,463.6769,19.3199,0.06856638,0.06582372,19.3199,463.6769,0.06582372,19.3199,19.3199,19.3199,19.3199,19.3199,463.6769,0.06582372,96.5994,89.1744,386.3975,393.8224,0.05485310,0.05590715,0.00274266,25.9934,23.1466,1.7889,40.2497,4.1282,587.0185,22.5000,27.0537,25.4303,25.7155,25.8178,25.8178,38.5733,51.3122,64.2888,25.7155,0.0,1.987474,2.490099,1.006804,29,64,19,2,0.36101233,0.06856638,0.09253807,0E-8,0.000000,0.887191,0.221402,-0.03751511,2026-04-02,2026-07-30,12,117,95,120,0.100000,1.063837,1.040791,1.203374,,,,,,,,GLOBAL_BASELINE_NO_ENTITY_RANKING,,,NOT_APPLICABLE_GLOBAL_BASELINE,HF9g-P5,,,,X 全窗基线 · 不参与实体赏罚,8395021,840,A168_HF9F_20260827_0900,2026-08-27 09:00:00
2026-07-08,144244503,2246,0,25.8177781220,-25.8177781220,-25.8177781220,0E-7,1,1,0.49324550000000000,0.493245500000,-0.9865810262130424,-0.9865810262130424,-0.9865810262130424,0E-17,ELIGIBLE,R03b_20260811_FULL_v1,L1_ELIGIBILITY,v2026-08-11,2026-03-21..2026-08-06,baccarat_bet02_101_all_pairs_incl_sentinel,round_win = game_pnl > 0 (decisive only),COMPATIBILITY_ONLY_NOT_PRODUCTION,7044.2224,6249.5714,482.9968,271,270,-0.06856638,-0.09253807,-0.05502296,-0.06856638,-482.9968,7044.2224,OK,0.0000,19.3199,4.0000,96.0000,AG03-UNRESOLVED,ALL5_LEVELS_bet23_to_bet27,19.3199,19.3199,19.3199,19.3199,19.3199,4.000000,4.000000,4.000000,4.000000,4.000000,96.000000,96.000000,96.000000,96.000000,96.000000,5.0,96.5994,89.1744,386.3975,393.8224,PENDING_AG03,FALSE,NOT_FOR_ENFORCEMENT,463.6769,5999.5886,482.9968,463.6769,19.3199,0.06856638,0.06582372,19.3199,463.6769,0.06582372,19.3199,19.3199,19.3199,19.3199,19.3199,463.6769,0.06582372,96.5994,89.1744,386.3975,393.8224,0.05485310,0.05590715,0.00274266,25.9934,23.1466,1.7889,40.2497,4.1282,587.0185,22.5000,27.0537,25.4303,25.7155,25.8178,25.8178,38.5733,51.3122,64.2888,25.7155,0.0,1.987474,2.490099,1.006804,29,64,19,2,0.36101233,0.06856638,0.09253807,0E-8,0.000000,0.887191,0.221402,-0.03751511,2026-04-02,2026-07-30,12,117,95,120,0.100000,1.063837,1.040791,1.203374,,,,,,,,GLOBAL_BASELINE_NO_ENTITY_RANKING,,,NOT_APPLICABLE_GLOBAL_BASELINE,HF9g-P5,,,,X 全窗基线 · 不参与实体赏罚,8395022,840,A168_HF9F_20260827_0900,2026-08-27 09:00:00
2026-07-08,144244503,2280,0,51.6355562440,-25.8177781220,-25.8177781220,0E-7,2,2,0.49994810000000000,0.499948100000,-0.9998962053866608,-0.9998962053866608,-0.9998962053866608,0E-17,ELIGIBLE,R03b_20260811_FULL_v1,L1_ELIGIBILITY,v2026-08-11,2026-03-21..2026-08-06,baccarat_bet02_101_all_pairs_incl_sentinel,round_win = game_pnl > 0 (decisive only),COMPATIBILITY_ONLY_NOT_PRODUCTION,7044.2224,6249.5714,482.9968,271,270,-0.06856638,-0.09253807,-0.05502296,-0.06856638,-482.9968,7044.2224,OK,0.0000,19.3199,4.0000,96.0000,AG03-UNRESOLVED,ALL5_LEVELS_bet23_to_bet27,19.3199,19.3199,19.3199,19.3199,19.3199,4.000000,4.000000,4.000000,4.000000,4.000000,96.000000,96.000000,96.000000,96.000000,96.000000,5.0,96.5994,89.1744,386.3975,393.8224,PENDING_AG03,FALSE,NOT_FOR_ENFORCEMENT,463.6769,5999.5886,482.9968,463.6769,19.3199,0.06856638,0.06582372,19.3199,463.6769,0.06582372,19.3199,19.3199,19.3199,19.3199,19.3199,463.6769,0.06582372,96.5994,89.1744,386.3975,393.8224,0.05485310,0.05590715,0.00274266,25.9934,23.1466,1.7889,40.2497,4.1282,587.0185,22.5000,27.0537,25.4303,25.7155,25.8178,25.8178,38.5733,51.3122,64.2888,25.7155,0.0,1.987474,2.490099,1.006804,29,64,19,2,0.36101233,0.06856638,0.09253807,0E-8,0.000000,0.887191,0.221402,-0.03751511,2026-04-02,2026-07-30,12,117,95,120,0.100000,1.063837,1.040791,1.203374,,,,,,,,GLOBAL_BASELINE_NO_ENTITY_RANKING,,,NOT_APPLICABLE_GLOBAL_BASELINE,HF9g-P5,,,,X 全窗基线 · 不参与实体赏罚,8395023,840,A168_HF9F_20260827_0900,2026-08-27 09:00:00
2026-07-09,144244503,-1,1,669.9713422659,73.5161232025,73.5161232025,0.5909091,26,26,0.49891693076923077,0.498916930769,0.8629649799858594,0.862964979988025,0.8629649799858594,2.3077E-13,SENTINEL_DEALER,R03b_20260811_FULL_v1,L1_ELIGIBILITY,v2026-08-11,2026-03-21..2026-08-06,baccarat_bet02_101_all_pairs_incl_sentinel,round_win = game_pnl > 0 (decisive only),COMPATIBILITY_ONLY_NOT_PRODUCTION,7044.2224,6249.5714,482.9968,271,270,-0.06856638,-0.09253807,-0.05502296,-0.06856638,-482.9968,7044.2224,OK,0.0000,19.3199,4.0000,96.0000,AG03-UNRESOLVED,ALL5_LEVELS_bet23_to_bet27,19.3199,19.3199,19.3199,19.3199,19.3199,4.000000,4.000000,4.000000,4.000000,4.000000,96.000000,96.000000,96.000000,96.000000,96.000000,5.0,96.5994,89.1744,386.3975,393.8224,PENDING_AG03,FALSE,NOT_FOR_ENFORCEMENT,463.6769,5999.5886,482.9968,463.6769,19.3199,0.06856638,0.06582372,19.3199,463.6769,0.06582372,19.3199,19.3199,19.3199,19.3199,19.3199,463.6769,0.06582372,96.5994,89.1744,386.3975,393.8224,0.05485310,0.05590715,0.00274266,25.9934,23.1466,1.7889,40.2497,4.1282,587.0185,22.5000,27.0537,25.4303,25.7155,25.8178,25.8178,38.5733,51.3122,64.2888,25.7155,0.0,1.987474,2.490099,1.006804,29,64,19,2,0.36101233,0.06856638,0.09253807,0E-8,0.000000,0.887191,0.221402,-0.03751511,2026-04-02,2026-07-30,12,117,95,120,0.100000,1.063837,1.040791,1.203374,,,,,,,,GLOBAL_BASELINE_NO_ENTITY_RANKING,,,NOT_APPLICABLE_GLOBAL_BASELINE,HF9g-P5,,,,X 全窗基线 · 不参与实体赏罚,8395024,840,A168_HF9F_20260827_0900,2026-08-27 09:00:00
2026-07-09,144244503,1094,0,36.1448893708,-36.1448893708,-36.1448893708,0E-7,1,1,0.49324550000000000,0.493245500000,-0.9865810262130424,-0.9865810262130424,-0.9865810262130424,0E-17,ELIGIBLE,R03b_20260811_FULL_v1,L1_ELIGIBILITY,v2026-08-11,2026-03-21..2026-08-06,baccarat_bet02_101_all_pairs_incl_sentinel,round_win = game_pnl > 0 (decisive only),COMPATIBILITY_ONLY_NOT_PRODUCTION,7044.2224,6249.5714,482.9968,271,270,-0.06856638,-0.09253807,-0.05502296,-0.06856638,-482.9968,7044.2224,OK,0.0000,19.3199,4.0000,96.0000,AG03-UNRESOLVED,ALL5_LEVELS_bet23_to_bet27,19.3199,19.3199,19.3199,19.3199,19.3199,4.000000,4.000000,4.000000,4.000000,4.000000,96.000000,96.000000,96.000000,96.000000,96.000000,5.0,96.5994,89.1744,386.3975,393.8224,PENDING_AG03,FALSE,NOT_FOR_ENFORCEMENT,463.6769,5999.5886,482.9968,463.6769,19.3199,0.06856638,0.06582372,19.3199,463.6769,0.06582372,19.3199,19.3199,19.3199,19.3199,19.3199,463.6769,0.06582372,96.5994,89.1744,386.3975,393.8224,0.05485310,0.05590715,0.00274266,25.9934,23.1466,1.7889,40.2497,4.1282,587.0185,22.5000,27.0537,25.4303,25.7155,25.8178,25.8178,38.5733,51.3122,64.2888,25.7155,0.0,1.987474,2.490099,1.006804,29,64,19,2,0.36101233,0.06856638,0.09253807,0E-8,0.000000,0.887191,0.221402,-0.03751511,2026-04-02,2026-07-30,12,117,95,120,0.100000,1.063837,1.040791,1.203374,,,,,,,,GLOBAL_BASELINE_NO_ENTITY_RANKING,,,NOT_APPLICABLE_GLOBAL_BASELINE,HF9g-P5,,,,X 全窗基线 · 不参与实体赏罚,8395025,840,A168_HF9F_20260827_0900,2026-08-27 09:00:00
2026-07-09,144244503,1382,0,51.6355562440,50.3446673379,50.3446673379,1.0000000,2,2,0.49994810000000000,0.499948100000,1.4143603653603398,1.4143603653603398,1.4143603653603398,0E-17,ELIGIBLE,R03b_20260811_FULL_v1,L1_ELIGIBILITY,v2026-08-11,2026-03-21..2026-08-06,baccarat_bet02_101_all_pairs_incl_sentinel,round_win = game_pnl > 0 (decisive only),COMPATIBILITY_ONLY_NOT_PRODUCTION,7044.2224,6249.5714,482.9968,271,270,-0.06856638,-0.09253807,-0.05502296,-0.06856638,-482.9968,7044.2224,OK,0.0000,19.3199,4.0000,96.0000,AG03-UNRESOLVED,ALL5_LEVELS_bet23_to_bet27,19.3199,19.3199,19.3199,19.3199,19.3199,4.000000,4.000000,4.000000,4.000000,4.000000,96.000000,96.000000,96.000000,96.000000,96.000000,5.0,96.5994,89.1744,386.3975,393.8224,PENDING_AG03,FALSE,NOT_FOR_ENFORCEMENT,463.6769,5999.5886,482.9968,463.6769,19.3199,0.06856638,0.06582372,19.3199,463.6769,0.06582372,19.3199,19.3199,19.3199,19.3199,19.3199,463.6769,0.06582372,96.5994,89.1744,386.3975,393.8224,0.05485310,0.05590715,0.00274266,25.9934,23.1466,1.7889,40.2497,4.1282,587.0185,22.5000,27.0537,25.4303,25.7155,25.8178,25.8178,38.5733,51.3122,64.2888,25.7155,0.0,1.987474,2.490099,1.006804,29,64,19,2,0.36101233,0.06856638,0.09253807,0E-8,0.000000,0.887191,0.221402,-0.03751511,2026-04-02,2026-07-30,12,117,95,120,0.100000,1.063837,1.040791,1.203374,,,,,,,,GLOBAL_BASELINE_NO_ENTITY_RANKING,,,NOT_APPLICABLE_GLOBAL_BASELINE,HF9g-P5,,,,X 全窗基线 · 不参与实体赏罚,8395026,840,A168_HF9F_20260827_0900,2026-08-27 09:00:00
2026-07-09,144244503,1399,0,25.8177781220,-25.8177781220,-25.8177781220,0E-7,1,1,0.50665070000000000,0.506650700000,-1.013391052207602,-1.013391052207602,-1.013391052207602,0E-17,ELIGIBLE,R03b_20260811_FULL_v1,L1_ELIGIBILITY,v2026-08-11,2026-03-21..2026-08-06,baccarat_bet02_101_all_pairs_incl_sentinel,round_win = game_pnl > 0 (decisive only),COMPATIBILITY_ONLY_NOT_PRODUCTION,7044.2224,6249.5714,482.9968,271,270,-0.06856638,-0.09253807,-0.05502296,-0.06856638,-482.9968,7044.2224,OK,0.0000,19.3199,4.0000,96.0000,AG03-UNRESOLVED,ALL5_LEVELS_bet23_to_bet27,19.3199,19.3199,19.3199,19.3199,19.3199,4.000000,4.000000,4.000000,4.000000,4.000000,96.000000,96.000000,96.000000,96.000000,96.000000,5.0,96.5994,89.1744,386.3975,393.8224,PENDING_AG03,FALSE,NOT_FOR_ENFORCEMENT,463.6769,5999.5886,482.9968,463.6769,19.3199,0.06856638,0.06582372,19.3199,463.6769,0.06582372,19.3199,19.3199,19.3199,19.3199,19.3199,463.6769,0.06582372,96.5994,89.1744,386.3975,393.8224,0.05485310,0.05590715,0.00274266,25.9934,23.1466,1.7889,40.2497,4.1282,587.0185,22.5000,27.0537,25.4303,25.7155,25.8178,25.8178,38.5733,51.3122,64.2888,25.7155,0.0,1.987474,2.490099,1.006804,29,64,19,2,0.36101233,0.06856638,0.09253807,0E-8,0.000000,0.887191,0.221402,-0.03751511,2026-04-02,2026-07-30,12,117,95,120,0.100000,1.063837,1.040791,1.203374,,,,,,,,GLOBAL_BASELINE_NO_ENTITY_RANKING,,,NOT_APPLICABLE_GLOBAL_BASELINE,HF9g-P5,,,,X 全窗基线 · 不参与实体赏罚,8395027,840,A168_HF9F_20260827_0900,2026-08-27 09:00:00
2026-07-09,144244503,1505,0,25.8177781220,0E-10,0E-10,,1,1,0.50665070000000000,0.506650700000,,,,0E-17,NO_DECISIVE_ROUND,R03b_20260811_FULL_v1,L1_ELIGIBILITY,v2026-08-11,2026-03-21..2026-08-06,baccarat_bet02_101_all_pairs_incl_sentinel,round_win = game_pnl > 0 (decisive only),COMPATIBILITY_ONLY_NOT_PRODUCTION,7044.2224,6249.5714,482.9968,271,270,-0.06856638,-0.09253807,-0.05502296,-0.06856638,-482.9968,7044.2224,OK,0.0000,19.3199,4.0000,96.0000,AG03-UNRESOLVED,ALL5_LEVELS_bet23_to_bet27,19.3199,19.3199,19.3199,19.3199,19.3199,4.000000,4.000000,4.000000,4.000000,4.000000,96.000000,96.000000,96.000000,96.000000,96.000000,5.0,96.5994,89.1744,386.3975,393.8224,PENDING_AG03,FALSE,NOT_FOR_ENFORCEMENT,463.6769,5999.5886,482.9968,463.6769,19.3199,0.06856638,0.06582372,19.3199,463.6769,0.06582372,19.3199,19.3199,19.3199,19.3199,19.3199,463.6769,0.06582372,96.5994,89.1744,386.3975,393.8224,0.05485310,0.05590715,0.00274266,25.9934,23.1466,1.7889,40.2497,4.1282,587.0185,22.5000,27.0537,25.4303,25.7155,25.8178,25.8178,38.5733,51.3122,64.2888,25.7155,0.0,1.987474,2.490099,1.006804,29,64,19,2,0.36101233,0.06856638,0.09253807,0E-8,0.000000,0.887191,0.221402,-0.03751511,2026-04-02,2026-07-30,12,117,95,120,0.100000,1.063837,1.040791,1.203374,,,,,,,,GLOBAL_BASELINE_NO_ENTITY_RANKING,,,NOT_APPLICABLE_GLOBAL_BASELINE,HF9g-P5,,,,X 全窗基线 · 不参与实体赏罚,8395028,840,A168_HF9F_20260827_0900,2026-08-27 09:00:00
2026-07-09,144244503,1654,0,25.8177781220,0E-10,0E-10,,1,1,0.50665070000000000,0.506650700000,,,,0E-17,NO_DECISIVE_ROUND,R03b_20260811_FULL_v1,L1_ELIGIBILITY,v2026-08-11,2026-03-21..2026-08-06,baccarat_bet02_101_all_pairs_incl_sentinel,round_win = game_pnl > 0 (decisive only),COMPATIBILITY_ONLY_NOT_PRODUCTION,7044.2224,6249.5714,482.9968,271,270,-0.06856638,-0.09253807,-0.05502296,-0.06856638,-482.9968,7044.2224,OK,0.0000,19.3199,4.0000,96.0000,AG03-UNRESOLVED,ALL5_LEVELS_bet23_to_bet27,19.3199,19.3199,19.3199,19.3199,19.3199,4.000000,4.000000,4.000000,4.000000,4.000000,96.000000,96.000000,96.000000,96.000000,96.000000,5.0,96.5994,89.1744,386.3975,393.8224,PENDING_AG03,FALSE,NOT_FOR_ENFORCEMENT,463.6769,5999.5886,482.9968,463.6769,19.3199,0.06856638,0.06582372,19.3199,463.6769,0.06582372,19.3199,19.3199,19.3199,19.3199,19.3199,463.6769,0.06582372,96.5994,89.1744,386.3975,393.8224,0.05485310,0.05590715,0.00274266,25.9934,23.1466,1.7889,40.2497,4.1282,587.0185,22.5000,27.0537,25.4303,25.7155,25.8178,25.8178,38.5733,51.3122,64.2888,25.7155,0.0,1.987474,2.490099,1.006804,29,64,19,2,0.36101233,0.06856638,0.09253807,0E-8,0.000000,0.887191,0.221402,-0.03751511,2026-04-02,2026-07-30,12,117,95,120,0.100000,1.063837,1.040791,1.203374,,,,,,,,GLOBAL_BASELINE_NO_ENTITY_RANKING,,,NOT_APPLICABLE_GLOBAL_BASELINE,HF9g-P5,,,,X 全窗基线 · 不参与实体赏罚,8395029,840,A168_HF9F_20260827_0900,2026-08-27 09:00:00
2026-07-09,144244503,1963,0,25.8177781220,-25.8177781220,-25.8177781220,0E-7,1,1,0.50665070000000000,0.506650700000,-1.013391052207602,-1.013391052207602,-1.013391052207602,0E-17,ELIGIBLE,R03b_20260811_FULL_v1,L1_ELIGIBILITY,v2026-08-11,2026-03-21..2026-08-06,baccarat_bet02_101_all_pairs_incl_sentinel,round_win = game_pnl > 0 (decisive only),COMPATIBILITY_ONLY_NOT_PRODUCTION,7044.2224,6249.5714,482.9968,271,270,-0.06856638,-0.09253807,-0.05502296,-0.06856638,-482.9968,7044.2224,OK,0.0000,19.3199,4.0000,96.0000,AG03-UNRESOLVED,ALL5_LEVELS_bet23_to_bet27,19.3199,19.3199,19.3199,19.3199,19.3199,4.000000,4.000000,4.000000,4.000000,4.000000,96.000000,96.000000,96.000000,96.000000,96.000000,5.0,96.5994,89.1744,386.3975,393.8224,PENDING_AG03,FALSE,NOT_FOR_ENFORCEMENT,463.6769,5999.5886,482.9968,463.6769,19.3199,0.06856638,0.06582372,19.3199,463.6769,0.06582372,19.3199,19.3199,19.3199,19.3199,19.3199,463.6769,0.06582372,96.5994,89.1744,386.3975,393.8224,0.05485310,0.05590715,0.00274266,25.9934,23.1466,1.7889,40.2497,4.1282,587.0185,22.5000,27.0537,25.4303,25.7155,25.8178,25.8178,38.5733,51.3122,64.2888,25.7155,0.0,1.987474,2.490099,1.006804,29,64,19,2,0.36101233,0.06856638,0.09253807,0E-8,0.000000,0.887191,0.221402,-0.03751511,2026-04-02,2026-07-30,12,117,95,120,0.100000,1.063837,1.040791,1.203374,,,,,,,,GLOBAL_BASELINE_NO_ENTITY_RANKING,,,NOT_APPLICABLE_GLOBAL_BASELINE,HF9g-P5,,,,X 全窗基线 · 不参与实体赏罚,8395030,840,A168_HF9F_20260827_0900,2026-08-27 09:00:00
2026-07-09,144244503,2101,0,25.8177781220,-25.8177781220,-25.8177781220,0E-7,1,1,0.49324550000000000,0.493245500000,-0.9865810262130424,-0.9865810262130424,-0.9865810262130424,0E-17,ELIGIBLE,R03b_20260811_FULL_v1,L1_ELIGIBILITY,v2026-08-11,2026-03-21..2026-08-06,baccarat_bet02_101_all_pairs_incl_sentinel,round_win = game_pnl > 0 (decisive only),COMPATIBILITY_ONLY_NOT_PRODUCTION,7044.2224,6249.5714,482.9968,271,270,-0.06856638,-0.09253807,-0.05502296,-0.06856638,-482.9968,7044.2224,OK,0.0000,19.3199,4.0000,96.0000,AG03-UNRESOLVED,ALL5_LEVELS_bet23_to_bet27,19.3199,19.3199,19.3199,19.3199,19.3199,4.000000,4.000000,4.000000,4.000000,4.000000,96.000000,96.000000,96.000000,96.000000,96.000000,5.0,96.5994,89.1744,386.3975,393.8224,PENDING_AG03,FALSE,NOT_FOR_ENFORCEMENT,463.6769,5999.5886,482.9968,463.6769,19.3199,0.06856638,0.06582372,19.3199,463.6769,0.06582372,19.3199,19.3199,19.3199,19.3199,19.3199,463.6769,0.06582372,96.5994,89.1744,386.3975,393.8224,0.05485310,0.05590715,0.00274266,25.9934,23.1466,1.7889,40.2497,4.1282,587.0185,22.5000,27.0537,25.4303,25.7155,25.8178,25.8178,38.5733,51.3122,64.2888,25.7155,0.0,1.987474,2.490099,1.006804,29,64,19,2,0.36101233,0.06856638,0.09253807,0E-8,0.000000,0.887191,0.221402,-0.03751511,2026-04-02,2026-07-30,12,117,95,120,0.100000,1.063837,1.040791,1.203374,,,,,,,,GLOBAL_BASELINE_NO_ENTITY_RANKING,,,NOT_APPLICABLE_GLOBAL_BASELINE,HF9g-P5,,,,X 全窗基线 · 不参与实体赏罚,8395031,840,A168_HF9F_20260827_0900,2026-08-27 09:00:00
2026-07-09,144244503,2123,0,25.8177781220,-25.8177781220,-25.8177781220,0E-7,1,1,0.49324550000000000,0.493245500000,-0.9865810262130424,-0.9865810262130424,-0.9865810262130424,0E-17,ELIGIBLE,R03b_20260811_FULL_v1,L1_ELIGIBILITY,v2026-08-11,2026-03-21..2026-08-06,baccarat_bet02_101_all_pairs_incl_sentinel,round_win = game_pnl > 0 (decisive only),COMPATIBILITY_ONLY_NOT_PRODUCTION,7044.2224,6249.5714,482.9968,271,270,-0.06856638,-0.09253807,-0.05502296,-0.06856638,-482.9968,7044.2224,OK,0.0000,19.3199,4.0000,96.0000,AG03-UNRESOLVED,ALL5_LEVELS_bet23_to_bet27,19.3199,19.3199,19.3199,19.3199,19.3199,4.000000,4.000000,4.000000,4.000000,4.000000,96.000000,96.000000,96.000000,96.000000,96.000000,5.0,96.5994,89.1744,386.3975,393.8224,PENDING_AG03,FALSE,NOT_FOR_ENFORCEMENT,463.6769,5999.5886,482.9968,463.6769,19.3199,0.06856638,0.06582372,19.3199,463.6769,0.06582372,19.3199,19.3199,19.3199,19.3199,19.3199,463.6769,0.06582372,96.5994,89.1744,386.3975,393.8224,0.05485310,0.05590715,0.00274266,25.9934,23.1466,1.7889,40.2497,4.1282,587.0185,22.5000,27.0537,25.4303,25.7155,25.8178,25.8178,38.5733,51.3122,64.2888,25.7155,0.0,1.987474,2.490099,1.006804,29,64,19,2,0.36101233,0.06856638,0.09253807,0E-8,0.000000,0.887191,0.221402,-0.03751511,2026-04-02,2026-07-30,12,117,95,120,0.100000,1.063837,1.040791,1.203374,,,,,,,,GLOBAL_BASELINE_NO_ENTITY_RANKING,,,NOT_APPLICABLE_GLOBAL_BASELINE,HF9g-P5,,,,X 全窗基线 · 不参与实体赏罚,8395032,840,A168_HF9F_20260827_0900,2026-08-27 09:00:00
2026-07-09,144244503,2151,0,129.0888906100,25.8177781220,25.8177781220,0.6000000,5,5,0.49592654000000000,0.495926540000,0.46544610904919037,0.46544610904919037,0.46544610904919037,0E-17,ELIGIBLE,R03b_20260811_FULL_v1,L1_ELIGIBILITY,v2026-08-11,2026-03-21..2026-08-06,baccarat_bet02_101_all_pairs_incl_sentinel,round_win = game_pnl > 0 (decisive only),COMPATIBILITY_ONLY_NOT_PRODUCTION,7044.2224,6249.5714,482.9968,271,270,-0.06856638,-0.09253807,-0.05502296,-0.06856638,-482.9968,7044.2224,OK,0.0000,19.3199,4.0000,96.0000,AG03-UNRESOLVED,ALL5_LEVELS_bet23_to_bet27,19.3199,19.3199,19.3199,19.3199,19.3199,4.000000,4.000000,4.000000,4.000000,4.000000,96.000000,96.000000,96.000000,96.000000,96.000000,5.0,96.5994,89.1744,386.3975,393.8224,PENDING_AG03,FALSE,NOT_FOR_ENFORCEMENT,463.6769,5999.5886,482.9968,463.6769,19.3199,0.06856638,0.06582372,19.3199,463.6769,0.06582372,19.3199,19.3199,19.3199,19.3199,19.3199,463.6769,0.06582372,96.5994,89.1744,386.3975,393.8224,0.05485310,0.05590715,0.00274266,25.9934,23.1466,1.7889,40.2497,4.1282,587.0185,22.5000,27.0537,25.4303,25.7155,25.8178,25.8178,38.5733,51.3122,64.2888,25.7155,0.0,1.987474,2.490099,1.006804,29,64,19,2,0.36101233,0.06856638,0.09253807,0E-8,0.000000,0.887191,0.221402,-0.03751511,2026-04-02,2026-07-30,12,117,95,120,0.100000,1.063837,1.040791,1.203374,,,,,,,,GLOBAL_BASELINE_NO_ENTITY_RANKING,,,NOT_APPLICABLE_GLOBAL_BASELINE,HF9g-P5,,,,X 全窗基线 · 不参与实体赏罚,8395033,840,A168_HF9F_20260827_0900,2026-08-27 09:00:00
2026-07-09,144244503,2170,0,25.8177781220,24.5268892159,24.5268892159,1.0000000,1,1,0.50665070000000000,0.506650700000,0.9867858985152569,0.9867858985152569,0.9867858985152569,0E-17,ELIGIBLE,R03b_20260811_FULL_v1,L1_ELIGIBILITY,v2026-08-11,2026-03-21..2026-08-06,baccarat_bet02_101_all_pairs_incl_sentinel,round_win = game_pnl > 0 (decisive only),COMPATIBILITY_ONLY_NOT_PRODUCTION,7044.2224,6249.5714,482.9968,271,270,-0.06856638,-0.09253807,-0.05502296,-0.06856638,-482.9968,7044.2224,OK,0.0000,19.3199,4.0000,96.0000,AG03-UNRESOLVED,ALL5_LEVELS_bet23_to_bet27,19.3199,19.3199,19.3199,19.3199,19.3199,4.000000,4.000000,4.000000,4.000000,4.000000,96.000000,96.000000,96.000000,96.000000,96.000000,5.0,96.5994,89.1744,386.3975,393.8224,PENDING_AG03,FALSE,NOT_FOR_ENFORCEMENT,463.6769,5999.5886,482.9968,463.6769,19.3199,0.06856638,0.06582372,19.3199,463.6769,0.06582372,19.3199,19.3199,19.3199,19.3199,19.3199,463.6769,0.06582372,96.5994,89.1744,386.3975,393.8224,0.05485310,0.05590715,0.00274266,25.9934,23.1466,1.7889,40.2497,4.1282,587.0185,22.5000,27.0537,25.4303,25.7155,25.8178,25.8178,38.5733,51.3122,64.2888,25.7155,0.0,1.987474,2.490099,1.006804,29,64,19,2,0.36101233,0.06856638,0.09253807,0E-8,0.000000,0.887191,0.221402,-0.03751511,2026-04-02,2026-07-30,12,117,95,120,0.100000,1.063837,1.040791,1.203374,,,,,,,,GLOBAL_BASELINE_NO_ENTITY_RANKING,,,NOT_APPLICABLE_GLOBAL_BASELINE,HF9g-P5,,,,X 全窗基线 · 不参与实体赏罚,8395034,840,A168_HF9F_20260827_0900,2026-08-27 09:00:00
2026-07-09,144244503,2177,0,25.8177781220,-25.8177781220,-25.8177781220,0E-7,1,1,0.50665070000000000,0.506650700000,-1.013391052207602,-1.013391052207602,-1.013391052207602,0E-17,ELIGIBLE,R03b_20260811_FULL_v1,L1_ELIGIBILITY,v2026-08-11,2026-03-21..2026-08-06,baccarat_bet02_101_all_pairs_incl_sentinel,round_win = game_pnl > 0 (decisive only),COMPATIBILITY_ONLY_NOT_PRODUCTION,7044.2224,6249.5714,482.9968,271,270,-0.06856638,-0.09253807,-0.05502296,-0.06856638,-482.9968,7044.2224,OK,0.0000,19.3199,4.0000,96.0000,AG03-UNRESOLVED,ALL5_LEVELS_bet23_to_bet27,19.3199,19.3199,19.3199,19.3199,19.3199,4.000000,4.000000,4.000000,4.000000,4.000000,96.000000,96.000000,96.000000,96.000000,96.000000,5.0,96.5994,89.1744,386.3975,393.8224,PENDING_AG03,FALSE,NOT_FOR_ENFORCEMENT,463.6769,5999.5886,482.9968,463.6769,19.3199,0.06856638,0.06582372,19.3199,463.6769,0.06582372,19.3199,19.3199,19.3199,19.3199,19.3199,463.6769,0.06582372,96.5994,89.1744,386.3975,393.8224,0.05485310,0.05590715,0.00274266,25.9934,23.1466,1.7889,40.2497,4.1282,587.0185,22.5000,27.0537,25.4303,25.7155,25.8178,25.8178,38.5733,51.3122,64.2888,25.7155,0.0,1.987474,2.490099,1.006804,29,64,19,2,0.36101233,0.06856638,0.09253807,0E-8,0.000000,0.887191,0.221402,-0.03751511,2026-04-02,2026-07-30,12,117,95,120,0.100000,1.063837,1.040791,1.203374,,,,,,,,GLOBAL_BASELINE_NO_ENTITY_RANKING,,,NOT_APPLICABLE_GLOBAL_BASELINE,HF9g-P5,,,,X 全窗基线 · 不参与实体赏罚,8395035,840,A168_HF9F_20260827_0900,2026-08-27 09:00:00
2026-07-09,144244503,2188,0,25.8177781220,-25.8177781220,-25.8177781220,0E-7,1,1,0.49324550000000000,0.493245500000,-0.9865810262130424,-0.9865810262130424,-0.9865810262130424,0E-17,ELIGIBLE,R03b_20260811_FULL_v1,L1_ELIGIBILITY,v2026-08-11,2026-03-21..2026-08-06,baccarat_bet02_101_all_pairs_incl_sentinel,round_win = game_pnl > 0 (decisive only),COMPATIBILITY_ONLY_NOT_PRODUCTION,7044.2224,6249.5714,482.9968,271,270,-0.06856638,-0.09253807,-0.05502296,-0.06856638,-482.9968,7044.2224,OK,0.0000,19.3199,4.0000,96.0000,AG03-UNRESOLVED,ALL5_LEVELS_bet23_to_bet27,19.3199,19.3199,19.3199,19.3199,19.3199,4.000000,4.000000,4.000000,4.000000,4.000000,96.000000,96.000000,96.000000,96.000000,96.000000,5.0,96.5994,89.1744,386.3975,393.8224,PENDING_AG03,FALSE,NOT_FOR_ENFORCEMENT,463.6769,5999.5886,482.9968,463.6769,19.3199,0.06856638,0.06582372,19.3199,463.6769,0.06582372,19.3199,19.3199,19.3199,19.3199,19.3199,463.6769,0.06582372,96.5994,89.1744,386.3975,393.8224,0.05485310,0.05590715,0.00274266,25.9934,23.1466,1.7889,40.2497,4.1282,587.0185,22.5000,27.0537,25.4303,25.7155,25.8178,25.8178,38.5733,51.3122,64.2888,25.7155,0.0,1.987474,2.490099,1.006804,29,64,19,2,0.36101233,0.06856638,0.09253807,0E-8,0.000000,0.887191,0.221402,-0.03751511,2026-04-02,2026-07-30,12,117,95,120,0.100000,1.063837,1.040791,1.203374,,,,,,,,GLOBAL_BASELINE_NO_ENTITY_RANKING,,,NOT_APPLICABLE_GLOBAL_BASELINE,HF9g-P5,,,,X 全窗基线 · 不参与实体赏罚,8395036,840,A168_HF9F_20260827_0900,2026-08-27 09:00:00
2026-07-09,144244503,2201,0,51.6355562440,-26.4632225750,-26.4632225750,0.3333333,3,3,0.50665070000000000,0.506650700000,-0.6004420894325239,-0.6004420894325239,-0.6004420894325239,0E-17,ELIGIBLE,R03b_20260811_FULL_v1,L1_ELIGIBILITY,v2026-08-11,2026-03-21..2026-08-06,baccarat_bet02_101_all_pairs_incl_sentinel,round_win = game_pnl > 0 (decisive only),COMPATIBILITY_ONLY_NOT_PRODUCTION,7044.2224,6249.5714,482.9968,271,270,-0.06856638,-0.09253807,-0.05502296,-0.06856638,-482.9968,7044.2224,OK,0.0000,19.3199,4.0000,96.0000,AG03-UNRESOLVED,ALL5_LEVELS_bet23_to_bet27,19.3199,19.3199,19.3199,19.3199,19.3199,4.000000,4.000000,4.000000,4.000000,4.000000,96.000000,96.000000,96.000000,96.000000,96.000000,5.0,96.5994,89.1744,386.3975,393.8224,PENDING_AG03,FALSE,NOT_FOR_ENFORCEMENT,463.6769,5999.5886,482.9968,463.6769,19.3199,0.06856638,0.06582372,19.3199,463.6769,0.06582372,19.3199,19.3199,19.3199,19.3199,19.3199,463.6769,0.06582372,96.5994,89.1744,386.3975,393.8224,0.05485310,0.05590715,0.00274266,25.9934,23.1466,1.7889,40.2497,4.1282,587.0185,22.5000,27.0537,25.4303,25.7155,25.8178,25.8178,38.5733,51.3122,64.2888,25.7155,0.0,1.987474,2.490099,1.006804,29,64,19,2,0.36101233,0.06856638,0.09253807,0E-8,0.000000,0.887191,0.221402,-0.03751511,2026-04-02,2026-07-30,12,117,95,120,0.100000,1.063837,1.040791,1.203374,,,,,,,,GLOBAL_BASELINE_NO_ENTITY_RANKING,,,NOT_APPLICABLE_GLOBAL_BASELINE,HF9g-P5,,,,X 全窗基线 · 不参与实体赏罚,8395037,840,A168_HF9F_20260827_0900,2026-08-27 09:00:00
2026-07-09,144244503,2205,0,38.7266671830,-38.7266671830,-38.7266671830,0E-7,1,1,0.49324550000000000,0.493245500000,-0.9865810262130424,-0.9865810262130424,-0.9865810262130424,0E-17,ELIGIBLE,R03b_20260811_FULL_v1,L1_ELIGIBILITY,v2026-08-11,2026-03-21..2026-08-06,baccarat_bet02_101_all_pairs_incl_sentinel,round_win = game_pnl > 0 (decisive only),COMPATIBILITY_ONLY_NOT_PRODUCTION,7044.2224,6249.5714,482.9968,271,270,-0.06856638,-0.09253807,-0.05502296,-0.06856638,-482.9968,7044.2224,OK,0.0000,19.3199,4.0000,96.0000,AG03-UNRESOLVED,ALL5_LEVELS_bet23_to_bet27,19.3199,19.3199,19.3199,19.3199,19.3199,4.000000,4.000000,4.000000,4.000000,4.000000,96.000000,96.000000,96.000000,96.000000,96.000000,5.0,96.5994,89.1744,386.3975,393.8224,PENDING_AG03,FALSE,NOT_FOR_ENFORCEMENT,463.6769,5999.5886,482.9968,463.6769,19.3199,0.06856638,0.06582372,19.3199,463.6769,0.06582372,19.3199,19.3199,19.3199,19.3199,19.3199,463.6769,0.06582372,96.5994,89.1744,386.3975,393.8224,0.05485310,0.05590715,0.00274266,25.9934,23.1466,1.7889,40.2497,4.1282,587.0185,22.5000,27.0537,25.4303,25.7155,25.8178,25.8178,38.5733,51.3122,64.2888,25.7155,0.0,1.987474,2.490099,1.006804,29,64,19,2,0.36101233,0.06856638,0.09253807,0E-8,0.000000,0.887191,0.221402,-0.03751511,2026-04-02,2026-07-30,12,117,95,120,0.100000,1.063837,1.040791,1.203374,,,,,,,,GLOBAL_BASELINE_NO_ENTITY_RANKING,,,NOT_APPLICABLE_GLOBAL_BASELINE,HF9g-P5,,,,X 全窗基线 · 不参与实体赏罚,8395038,840,A168_HF9F_20260827_0900,2026-08-27 09:00:00
2026-07-09,144244503,2234,0,78.7442232721,25.7532336767,25.7532336767,1.0000000,3,3,0.50218230000000000,0.502182300000,0.99564488342984,0.99564488342984,0.99564488342984,0E-17,ELIGIBLE,R03b_20260811_FULL_v1,L1_ELIGIBILITY,v2026-08-11,2026-03-21..2026-08-06,baccarat_bet02_101_all_pairs_incl_sentinel,round_win = game_pnl > 0 (decisive only),COMPATIBILITY_ONLY_NOT_PRODUCTION,7044.2224,6249.5714,482.9968,271,270,-0.06856638,-0.09253807,-0.05502296,-0.06856638,-482.9968,7044.2224,OK,0.0000,19.3199,4.0000,96.0000,AG03-UNRESOLVED,ALL5_LEVELS_bet23_to_bet27,19.3199,19.3199,19.3199,19.3199,19.3199,4.000000,4.000000,4.000000,4.000000,4.000000,96.000000,96.000000,96.000000,96.000000,96.000000,5.0,96.5994,89.1744,386.3975,393.8224,PENDING_AG03,FALSE,NOT_FOR_ENFORCEMENT,463.6769,5999.5886,482.9968,463.6769,19.3199,0.06856638,0.06582372,19.3199,463.6769,0.06582372,19.3199,19.3199,19.3199,19.3199,19.3199,463.6769,0.06582372,96.5994,89.1744,386.3975,393.8224,0.05485310,0.05590715,0.00274266,25.9934,23.1466,1.7889,40.2497,4.1282,587.0185,22.5000,27.0537,25.4303,25.7155,25.8178,25.8178,38.5733,51.3122,64.2888,25.7155,0.0,1.987474,2.490099,1.006804,29,64,19,2,0.36101233,0.06856638,0.09253807,0E-8,0.000000,0.887191,0.221402,-0.03751511,2026-04-02,2026-07-30,12,117,95,120,0.100000,1.063837,1.040791,1.203374,,,,,,,,GLOBAL_BASELINE_NO_ENTITY_RANKING,,,NOT_APPLICABLE_GLOBAL_BASELINE,HF9g-P5,,,,X 全窗基线 · 不参与实体赏罚,8395039,840,A168_HF9F_20260827_0900,2026-08-27 09:00:00
2026-07-09,144244503,2261,0,25.8177781220,-25.8177781220,-25.8177781220,0E-7,1,1,0.49324550000000000,0.493245500000,-0.9865810262130424,-0.9865810262130424,-0.9865810262130424,0E-17,ELIGIBLE,R03b_20260811_FULL_v1,L1_ELIGIBILITY,v2026-08-11,2026-03-21..2026-08-06,baccarat_bet02_101_all_pairs_incl_sentinel,round_win = game_pnl > 0 (decisive only),COMPATIBILITY_ONLY_NOT_PRODUCTION,7044.2224,6249.5714,482.9968,271,270,-0.06856638,-0.09253807,-0.05502296,-0.06856638,-482.9968,7044.2224,OK,0.0000,19.3199,4.0000,96.0000,AG03-UNRESOLVED,ALL5_LEVELS_bet23_to_bet27,19.3199,19.3199,19.3199,19.3199,19.3199,4.000000,4.000000,4.000000,4.000000,4.000000,96.000000,96.000000,96.000000,96.000000,96.000000,5.0,96.5994,89.1744,386.3975,393.8224,PENDING_AG03,FALSE,NOT_FOR_ENFORCEMENT,463.6769,5999.5886,482.9968,463.6769,19.3199,0.06856638,0.06582372,19.3199,463.6769,0.06582372,19.3199,19.3199,19.3199,19.3199,19.3199,463.6769,0.06582372,96.5994,89.1744,386.3975,393.8224,0.05485310,0.05590715,0.00274266,25.9934,23.1466,1.7889,40.2497,4.1282,587.0185,22.5000,27.0537,25.4303,25.7155,25.8178,25.8178,38.5733,51.3122,64.2888,25.7155,0.0,1.987474,2.490099,1.006804,29,64,19,2,0.36101233,0.06856638,0.09253807,0E-8,0.000000,0.887191,0.221402,-0.03751511,2026-04-02,2026-07-30,12,117,95,120,0.100000,1.063837,1.040791,1.203374,,,,,,,,GLOBAL_BASELINE_NO_ENTITY_RANKING,,,NOT_APPLICABLE_GLOBAL_BASELINE,HF9g-P5,,,,X 全窗基线 · 不参与实体赏罚,8395040,840,A168_HF9F_20260827_0900,2026-08-27 09:00:00
2026-07-09,144244503,2267,0,25.8177781220,-25.8177781220,-25.8177781220,0E-7,1,1,0.49324550000000000,0.493245500000,-0.9865810262130424,-0.9865810262130424,-0.9865810262130424,0E-17,ELIGIBLE,R03b_20260811_FULL_v1,L1_ELIGIBILITY,v2026-08-11,2026-03-21..2026-08-06,baccarat_bet02_101_all_pairs_incl_sentinel,round_win = game_pnl > 0 (decisive only),COMPATIBILITY_ONLY_NOT_PRODUCTION,7044.2224,6249.5714,482.9968,271,270,-0.06856638,-0.09253807,-0.05502296,-0.06856638,-482.9968,7044.2224,OK,0.0000,19.3199,4.0000,96.0000,AG03-UNRESOLVED,ALL5_LEVELS_bet23_to_bet27,19.3199,19.3199,19.3199,19.3199,19.3199,4.000000,4.000000,4.000000,4.000000,4.000000,96.000000,96.000000,96.000000,96.000000,96.000000,5.0,96.5994,89.1744,386.3975,393.8224,PENDING_AG03,FALSE,NOT_FOR_ENFORCEMENT,463.6769,5999.5886,482.9968,463.6769,19.3199,0.06856638,0.06582372,19.3199,463.6769,0.06582372,19.3199,19.3199,19.3199,19.3199,19.3199,463.6769,0.06582372,96.5994,89.1744,386.3975,393.8224,0.05485310,0.05590715,0.00274266,25.9934,23.1466,1.7889,40.2497,4.1282,587.0185,22.5000,27.0537,25.4303,25.7155,25.8178,25.8178,38.5733,51.3122,64.2888,25.7155,0.0,1.987474,2.490099,1.006804,29,64,19,2,0.36101233,0.06856638,0.09253807,0E-8,0.000000,0.887191,0.221402,-0.03751511,2026-04-02,2026-07-30,12,117,95,120,0.100000,1.063837,1.040791,1.203374,,,,,,,,GLOBAL_BASELINE_NO_ENTITY_RANKING,,,NOT_APPLICABLE_GLOBAL_BASELINE,HF9g-P5,,,,X 全窗基线 · 不参与实体赏罚,8395041,840,A168_HF9F_20260827_0900,2026-08-27 09:00:00
2026-07-09,144244503,2288,0,51.6355562440,-1.2908889061,-1.2908889061,0.5000000,2,2,0.50665070000000000,0.506650700000,-0.018812684590367487,-0.018812684590367487,-0.018812684590367487,0E-17,ELIGIBLE,R03b_20260811_FULL_v1,L1_ELIGIBILITY,v2026-08-11,2026-03-21..2026-08-06,baccarat_bet02_101_all_pairs_incl_sentinel,round_win = game_pnl > 0 (decisive only),COMPATIBILITY_ONLY_NOT_PRODUCTION,7044.2224,6249.5714,482.9968,271,270,-0.06856638,-0.09253807,-0.05502296,-0.06856638,-482.9968,7044.2224,OK,0.0000,19.3199,4.0000,96.0000,AG03-UNRESOLVED,ALL5_LEVELS_bet23_to_bet27,19.3199,19.3199,19.3199,19.3199,19.3199,4.000000,4.000000,4.000000,4.000000,4.000000,96.000000,96.000000,96.000000,96.000000,96.000000,5.0,96.5994,89.1744,386.3975,393.8224,PENDING_AG03,FALSE,NOT_FOR_ENFORCEMENT,463.6769,5999.5886,482.9968,463.6769,19.3199,0.06856638,0.06582372,19.3199,463.6769,0.06582372,19.3199,19.3199,19.3199,19.3199,19.3199,463.6769,0.06582372,96.5994,89.1744,386.3975,393.8224,0.05485310,0.05590715,0.00274266,25.9934,23.1466,1.7889,40.2497,4.1282,587.0185,22.5000,27.0537,25.4303,25.7155,25.8178,25.8178,38.5733,51.3122,64.2888,25.7155,0.0,1.987474,2.490099,1.006804,29,64,19,2,0.36101233,0.06856638,0.09253807,0E-8,0.000000,0.887191,0.221402,-0.03751511,2026-04-02,2026-07-30,12,117,95,120,0.100000,1.063837,1.040791,1.203374,,,,,,,,GLOBAL_BASELINE_NO_ENTITY_RANKING,,,NOT_APPLICABLE_GLOBAL_BASELINE,HF9g-P5,,,,X 全窗基线 · 不参与实体赏罚,8395042,840,A168_HF9F_20260827_0900,2026-08-27 09:00:00
2026-07-09,144244503,948,0,74.8715565538,28.3995559342,28.3995559342,0.6666667,3,3,0.49324550000000000,0.493245500000,0.6008033672792107,0.6008033672792106,0.6008033672792107,0E-17,ELIGIBLE,R03b_20260811_FULL_v1,L1_ELIGIBILITY,v2026-08-11,2026-03-21..2026-08-06,baccarat_bet02_101_all_pairs_incl_sentinel,round_win = game_pnl > 0 (decisive only),COMPATIBILITY_ONLY_NOT_PRODUCTION,7044.2224,6249.5714,482.9968,271,270,-0.06856638,-0.09253807,-0.05502296,-0.06856638,-482.9968,7044.2224,OK,0.0000,19.3199,4.0000,96.0000,AG03-UNRESOLVED,ALL5_LEVELS_bet23_to_bet27,19.3199,19.3199,19.3199,19.3199,19.3199,4.000000,4.000000,4.000000,4.000000,4.000000,96.000000,96.000000,96.000000,96.000000,96.000000,5.0,96.5994,89.1744,386.3975,393.8224,PENDING_AG03,FALSE,NOT_FOR_ENFORCEMENT,463.6769,5999.5886,482.9968,463.6769,19.3199,0.06856638,0.06582372,19.3199,463.6769,0.06582372,19.3199,19.3199,19.3199,19.3199,19.3199,463.6769,0.06582372,96.5994,89.1744,386.3975,393.8224,0.05485310,0.05590715,0.00274266,25.9934,23.1466,1.7889,40.2497,4.1282,587.0185,22.5000,27.0537,25.4303,25.7155,25.8178,25.8178,38.5733,51.3122,64.2888,25.7155,0.0,1.987474,2.490099,1.006804,29,64,19,2,0.36101233,0.06856638,0.09253807,0E-8,0.000000,0.887191,0.221402,-0.03751511,2026-04-02,2026-07-30,12,117,95,120,0.100000,1.063837,1.040791,1.203374,,,,,,,,GLOBAL_BASELINE_NO_ENTITY_RANKING,,,NOT_APPLICABLE_GLOBAL_BASELINE,HF9g-P5,,,,X 全窗基线 · 不参与实体赏罚,8395043,840,A168_HF9F_20260827_0900,2026-08-27 09:00:00
2026-07-09,144244503,987,0,77.4533343660,41.3084449952,41.3084449952,0.7500000,4,4,0.49324550000000000,0.493245500000,1.0271117246678039,1.0271117246678039,1.0271117246678039,0E-17,ELIGIBLE,R03b_20260811_FULL_v1,L1_ELIGIBILITY,v2026-08-11,2026-03-21..2026-08-06,baccarat_bet02_101_all_pairs_incl_sentinel,round_win = game_pnl > 0 (decisive only),COMPATIBILITY_ONLY_NOT_PRODUCTION,7044.2224,6249.5714,482.9968,271,270,-0.06856638,-0.09253807,-0.05502296,-0.06856638,-482.9968,7044.2224,OK,0.0000,19.3199,4.0000,96.0000,AG03-UNRESOLVED,ALL5_LEVELS_bet23_to_bet27,19.3199,19.3199,19.3199,19.3199,19.3199,4.000000,4.000000,4.000000,4.000000,4.000000,96.000000,96.000000,96.000000,96.000000,96.000000,5.0,96.5994,89.1744,386.3975,393.8224,PENDING_AG03,FALSE,NOT_FOR_ENFORCEMENT,463.6769,5999.5886,482.9968,463.6769,19.3199,0.06856638,0.06582372,19.3199,463.6769,0.06582372,19.3199,19.3199,19.3199,19.3199,19.3199,463.6769,0.06582372,96.5994,89.1744,386.3975,393.8224,0.05485310,0.05590715,0.00274266,25.9934,23.1466,1.7889,40.2497,4.1282,587.0185,22.5000,27.0537,25.4303,25.7155,25.8178,25.8178,38.5733,51.3122,64.2888,25.7155,0.0,1.987474,2.490099,1.006804,29,64,19,2,0.36101233,0.06856638,0.09253807,0E-8,0.000000,0.887191,0.221402,-0.03751511,2026-04-02,2026-07-30,12,117,95,120,0.100000,1.063837,1.040791,1.203374,,,,,,,,GLOBAL_BASELINE_NO_ENTITY_RANKING,,,NOT_APPLICABLE_GLOBAL_BASELINE,HF9g-P5,,,,X 全窗基线 · 不参与实体赏罚,8395044,840,A168_HF9F_20260827_0900,2026-08-27 09:00:00
2026-07-10,144244503,1157,0,74.8715565538,0.6454444531,0.6454444531,0.5000000,2,2,0.50665070000000000,0.506650700000,-0.018812684590367487,-0.018812684590367487,-0.018812684590367487,0E-17,ELIGIBLE,R03b_20260811_FULL_v1,L1_ELIGIBILITY,v2026-08-11,2026-03-21..2026-08-06,baccarat_bet02_101_all_pairs_incl_sentinel,round_win = game_pnl > 0 (decisive only),COMPATIBILITY_ONLY_NOT_PRODUCTION,7044.2224,6249.5714,482.9968,271,270,-0.06856638,-0.09253807,-0.05502296,-0.06856638,-482.9968,7044.2224,OK,0.0000,19.3199,4.0000,96.0000,AG03-UNRESOLVED,ALL5_LEVELS_bet23_to_bet27,19.3199,19.3199,19.3199,19.3199,19.3199,4.000000,4.000000,4.000000,4.000000,4.000000,96.000000,96.000000,96.000000,96.000000,96.000000,5.0,96.5994,89.1744,386.3975,393.8224,PENDING_AG03,FALSE,NOT_FOR_ENFORCEMENT,463.6769,5999.5886,482.9968,463.6769,19.3199,0.06856638,0.06582372,19.3199,463.6769,0.06582372,19.3199,19.3199,19.3199,19.3199,19.3199,463.6769,0.06582372,96.5994,89.1744,386.3975,393.8224,0.05485310,0.05590715,0.00274266,25.9934,23.1466,1.7889,40.2497,4.1282,587.0185,22.5000,27.0537,25.4303,25.7155,25.8178,25.8178,38.5733,51.3122,64.2888,25.7155,0.0,1.987474,2.490099,1.006804,29,64,19,2,0.36101233,0.06856638,0.09253807,0E-8,0.000000,0.887191,0.221402,-0.03751511,2026-04-02,2026-07-30,12,117,95,120,0.100000,1.063837,1.040791,1.203374,,,,,,,,GLOBAL_BASELINE_NO_ENTITY_RANKING,,,NOT_APPLICABLE_GLOBAL_BASELINE,HF9g-P5,,,,X 全窗基线 · 不参与实体赏罚,8395045,840,A168_HF9F_20260827_0900,2026-08-27 09:00:00
2026-07-10,144244503,1942,0,25.8177781220,-25.8177781220,-25.8177781220,0E-7,1,1,0.50665070000000000,0.506650700000,-1.013391052207602,-1.013391052207602,-1.013391052207602,0E-17,ELIGIBLE,R03b_20260811_FULL_v1,L1_ELIGIBILITY,v2026-08-11,2026-03-21..2026-08-06,baccarat_bet02_101_all_pairs_incl_sentinel,round_win = game_pnl > 0 (decisive only),COMPATIBILITY_ONLY_NOT_PRODUCTION,7044.2224,6249.5714,482.9968,271,270,-0.06856638,-0.09253807,-0.05502296,-0.06856638,-482.9968,7044.2224,OK,0.0000,19.3199,4.0000,96.0000,AG03-UNRESOLVED,ALL5_LEVELS_bet23_to_bet27,19.3199,19.3199,19.3199,19.3199,19.3199,4.000000,4.000000,4.000000,4.000000,4.000000,96.000000,96.000000,96.000000,96.000000,96.000000,5.0,96.5994,89.1744,386.3975,393.8224,PENDING_AG03,FALSE,NOT_FOR_ENFORCEMENT,463.6769,5999.5886,482.9968,463.6769,19.3199,0.06856638,0.06582372,19.3199,463.6769,0.06582372,19.3199,19.3199,19.3199,19.3199,19.3199,463.6769,0.06582372,96.5994,89.1744,386.3975,393.8224,0.05485310,0.05590715,0.00274266,25.9934,23.1466,1.7889,40.2497,4.1282,587.0185,22.5000,27.0537,25.4303,25.7155,25.8178,25.8178,38.5733,51.3122,64.2888,25.7155,0.0,1.987474,2.490099,1.006804,29,64,19,2,0.36101233,0.06856638,0.09253807,0E-8,0.000000,0.887191,0.221402,-0.03751511,2026-04-02,2026-07-30,12,117,95,120,0.100000,1.063837,1.040791,1.203374,,,,,,,,GLOBAL_BASELINE_NO_ENTITY_RANKING,,,NOT_APPLICABLE_GLOBAL_BASELINE,HF9g-P5,,,,X 全窗基线 · 不参与实体赏罚,8395046,840,A168_HF9F_20260827_0900,2026-08-27 09:00:00
2026-07-10,144244503,1963,0,25.8177781220,-25.8177781220,-25.8177781220,0E-7,1,1,0.50665070000000000,0.506650700000,-1.013391052207602,-1.013391052207602,-1.013391052207602,0E-17,ELIGIBLE,R03b_20260811_FULL_v1,L1_ELIGIBILITY,v2026-08-11,2026-03-21..2026-08-06,baccarat_bet02_101_all_pairs_incl_sentinel,round_win = game_pnl > 0 (decisive only),COMPATIBILITY_ONLY_NOT_PRODUCTION,7044.2224,6249.5714,482.9968,271,270,-0.06856638,-0.09253807,-0.05502296,-0.06856638,-482.9968,7044.2224,OK,0.0000,19.3199,4.0000,96.0000,AG03-UNRESOLVED,ALL5_LEVELS_bet23_to_bet27,19.3199,19.3199,19.3199,19.3199,19.3199,4.000000,4.000000,4.000000,4.000000,4.000000,96.000000,96.000000,96.000000,96.000000,96.000000,5.0,96.5994,89.1744,386.3975,393.8224,PENDING_AG03,FALSE,NOT_FOR_ENFORCEMENT,463.6769,5999.5886,482.9968,463.6769,19.3199,0.06856638,0.06582372,19.3199,463.6769,0.06582372,19.3199,19.3199,19.3199,19.3199,19.3199,463.6769,0.06582372,96.5994,89.1744,386.3975,393.8224,0.05485310,0.05590715,0.00274266,25.9934,23.1466,1.7889,40.2497,4.1282,587.0185,22.5000,27.0537,25.4303,25.7155,25.8178,25.8178,38.5733,51.3122,64.2888,25.7155,0.0,1.987474,2.490099,1.006804,29,64,19,2,0.36101233,0.06856638,0.09253807,0E-8,0.000000,0.887191,0.221402,-0.03751511,2026-04-02,2026-07-30,12,117,95,120,0.100000,1.063837,1.040791,1.203374,,,,,,,,GLOBAL_BASELINE_NO_ENTITY_RANKING,,,NOT_APPLICABLE_GLOBAL_BASELINE,HF9g-P5,,,,X 全窗基线 · 不参与实体赏罚,8395047,840,A168_HF9F_20260827_0900,2026-08-27 09:00:00
2026-07-10,144244503,948,0,51.6355562440,-51.6355562440,-51.6355562440,0E-7,1,1,0.49324550000000000,0.493245500000,-0.9865810262130424,-0.9865810262130424,-0.9865810262130424,0E-17,ELIGIBLE,R03b_20260811_FULL_v1,L1_ELIGIBILITY,v2026-08-11,2026-03-21..2026-08-06,baccarat_bet02_101_all_pairs_incl_sentinel,round_win = game_pnl > 0 (decisive only),COMPATIBILITY_ONLY_NOT_PRODUCTION,7044.2224,6249.5714,482.9968,271,270,-0.06856638,-0.09253807,-0.05502296,-0.06856638,-482.9968,7044.2224,OK,0.0000,19.3199,4.0000,96.0000,AG03-UNRESOLVED,ALL5_LEVELS_bet23_to_bet27,19.3199,19.3199,19.3199,19.3199,19.3199,4.000000,4.000000,4.000000,4.000000,4.000000,96.000000,96.000000,96.000000,96.000000,96.000000,5.0,96.5994,89.1744,386.3975,393.8224,PENDING_AG03,FALSE,NOT_FOR_ENFORCEMENT,463.6769,5999.5886,482.9968,463.6769,19.3199,0.06856638,0.06582372,19.3199,463.6769,0.06582372,19.3199,19.3199,19.3199,19.3199,19.3199,463.6769,0.06582372,96.5994,89.1744,386.3975,393.8224,0.05485310,0.05590715,0.00274266,25.9934,23.1466,1.7889,40.2497,4.1282,587.0185,22.5000,27.0537,25.4303,25.7155,25.8178,25.8178,38.5733,51.3122,64.2888,25.7155,0.0,1.987474,2.490099,1.006804,29,64,19,2,0.36101233,0.06856638,0.09253807,0E-8,0.000000,0.887191,0.221402,-0.03751511,2026-04-02,2026-07-30,12,117,95,120,0.100000,1.063837,1.040791,1.203374,,,,,,,,GLOBAL_BASELINE_NO_ENTITY_RANKING,,,NOT_APPLICABLE_GLOBAL_BASELINE,HF9g-P5,,,,X 全窗基线 · 不参与实体赏罚,8395048,840,A168_HF9F_20260827_0900,2026-08-27 09:00:00
2026-07-14,144244503,1157,0,25.8177781220,-25.8177781220,-25.8177781220,0E-7,1,1,0.50665070000000000,0.506650700000,-1.013391052207602,-1.013391052207602,-1.013391052207602,0E-17,ELIGIBLE,R03b_20260811_FULL_v1,L1_ELIGIBILITY,v2026-08-11,2026-03-21..2026-08-06,baccarat_bet02_101_all_pairs_incl_sentinel,round_win = game_pnl > 0 (decisive only),COMPATIBILITY_ONLY_NOT_PRODUCTION,7044.2224,6249.5714,482.9968,271,270,-0.06856638,-0.09253807,-0.05502296,-0.06856638,-482.9968,7044.2224,OK,0.0000,19.3199,4.0000,96.0000,AG03-UNRESOLVED,ALL5_LEVELS_bet23_to_bet27,19.3199,19.3199,19.3199,19.3199,19.3199,4.000000,4.000000,4.000000,4.000000,4.000000,96.000000,96.000000,96.000000,96.000000,96.000000,5.0,96.5994,89.1744,386.3975,393.8224,PENDING_AG03,FALSE,NOT_FOR_ENFORCEMENT,463.6769,5999.5886,482.9968,463.6769,19.3199,0.06856638,0.06582372,19.3199,463.6769,0.06582372,19.3199,19.3199,19.3199,19.3199,19.3199,463.6769,0.06582372,96.5994,89.1744,386.3975,393.8224,0.05485310,0.05590715,0.00274266,25.9934,23.1466,1.7889,40.2497,4.1282,587.0185,22.5000,27.0537,25.4303,25.7155,25.8178,25.8178,38.5733,51.3122,64.2888,25.7155,0.0,1.987474,2.490099,1.006804,29,64,19,2,0.36101233,0.06856638,0.09253807,0E-8,0.000000,0.887191,0.221402,-0.03751511,2026-04-02,2026-07-30,12,117,95,120,0.100000,1.063837,1.040791,1.203374,,,,,,,,GLOBAL_BASELINE_NO_ENTITY_RANKING,,,NOT_APPLICABLE_GLOBAL_BASELINE,HF9g-P5,,,,X 全窗基线 · 不参与实体赏罚,8395049,840,A168_HF9F_20260827_0900,2026-08-27 09:00:00
2026-07-14,144244503,2088,0,38.7266671830,-38.7266671830,-38.7266671830,0E-7,1,1,0.50665070000000000,0.506650700000,-1.013391052207602,-1.013391052207602,-1.013391052207602,0E-17,ELIGIBLE,R03b_20260811_FULL_v1,L1_ELIGIBILITY,v2026-08-11,2026-03-21..2026-08-06,baccarat_bet02_101_all_pairs_incl_sentinel,round_win = game_pnl > 0 (decisive only),COMPATIBILITY_ONLY_NOT_PRODUCTION,7044.2224,6249.5714,482.9968,271,270,-0.06856638,-0.09253807,-0.05502296,-0.06856638,-482.9968,7044.2224,OK,0.0000,19.3199,4.0000,96.0000,AG03-UNRESOLVED,ALL5_LEVELS_bet23_to_bet27,19.3199,19.3199,19.3199,19.3199,19.3199,4.000000,4.000000,4.000000,4.000000,4.000000,96.000000,96.000000,96.000000,96.000000,96.000000,5.0,96.5994,89.1744,386.3975,393.8224,PENDING_AG03,FALSE,NOT_FOR_ENFORCEMENT,463.6769,5999.5886,482.9968,463.6769,19.3199,0.06856638,0.06582372,19.3199,463.6769,0.06582372,19.3199,19.3199,19.3199,19.3199,19.3199,463.6769,0.06582372,96.5994,89.1744,386.3975,393.8224,0.05485310,0.05590715,0.00274266,25.9934,23.1466,1.7889,40.2497,4.1282,587.0185,22.5000,27.0537,25.4303,25.7155,25.8178,25.8178,38.5733,51.3122,64.2888,25.7155,0.0,1.987474,2.490099,1.006804,29,64,19,2,0.36101233,0.06856638,0.09253807,0E-8,0.000000,0.887191,0.221402,-0.03751511,2026-04-02,2026-07-30,12,117,95,120,0.100000,1.063837,1.040791,1.203374,,,,,,,,GLOBAL_BASELINE_NO_ENTITY_RANKING,,,NOT_APPLICABLE_GLOBAL_BASELINE,HF9g-P5,,,,X 全窗基线 · 不参与实体赏罚,8395050,840,A168_HF9F_20260827_0900,2026-08-27 09:00:00
2026-07-14,144244503,2130,0,25.8177781220,-25.8177781220,-25.8177781220,0E-7,1,1,0.49324550000000000,0.493245500000,-0.9865810262130424,-0.9865810262130424,-0.9865810262130424,0E-17,ELIGIBLE,R03b_20260811_FULL_v1,L1_ELIGIBILITY,v2026-08-11,2026-03-21..2026-08-06,baccarat_bet02_101_all_pairs_incl_sentinel,round_win = game_pnl > 0 (decisive only),COMPATIBILITY_ONLY_NOT_PRODUCTION,7044.2224,6249.5714,482.9968,271,270,-0.06856638,-0.09253807,-0.05502296,-0.06856638,-482.9968,7044.2224,OK,0.0000,19.3199,4.0000,96.0000,AG03-UNRESOLVED,ALL5_LEVELS_bet23_to_bet27,19.3199,19.3199,19.3199,19.3199,19.3199,4.000000,4.000000,4.000000,4.000000,4.000000,96.000000,96.000000,96.000000,96.000000,96.000000,5.0,96.5994,89.1744,386.3975,393.8224,PENDING_AG03,FALSE,NOT_FOR_ENFORCEMENT,463.6769,5999.5886,482.9968,463.6769,19.3199,0.06856638,0.06582372,19.3199,463.6769,0.06582372,19.3199,19.3199,19.3199,19.3199,19.3199,463.6769,0.06582372,96.5994,89.1744,386.3975,393.8224,0.05485310,0.05590715,0.00274266,25.9934,23.1466,1.7889,40.2497,4.1282,587.0185,22.5000,27.0537,25.4303,25.7155,25.8178,25.8178,38.5733,51.3122,64.2888,25.7155,0.0,1.987474,2.490099,1.006804,29,64,19,2,0.36101233,0.06856638,0.09253807,0E-8,0.000000,0.887191,0.221402,-0.03751511,2026-04-02,2026-07-30,12,117,95,120,0.100000,1.063837,1.040791,1.203374,,,,,,,,GLOBAL_BASELINE_NO_ENTITY_RANKING,,,NOT_APPLICABLE_GLOBAL_BASELINE,HF9g-P5,,,,X 全窗基线 · 不参与实体赏罚,8395051,840,A168_HF9F_20260827_0900,2026-08-27 09:00:00
2026-07-20,144244503,-1,1,51.6355562440,-51.6355562440,-51.6355562440,0E-7,2,2,0.49324550000000000,0.493245500000,-1.3952362676504506,-1.3952362676504506,-1.3952362676504506,0E-17,SENTINEL_DEALER,R03b_20260811_FULL_v1,L1_ELIGIBILITY,v2026-08-11,2026-03-21..2026-08-06,baccarat_bet02_101_all_pairs_incl_sentinel,round_win = game_pnl > 0 (decisive only),COMPATIBILITY_ONLY_NOT_PRODUCTION,7044.2224,6249.5714,482.9968,271,270,-0.06856638,-0.09253807,-0.05502296,-0.06856638,-482.9968,7044.2224,OK,0.0000,19.3199,4.0000,96.0000,AG03-UNRESOLVED,ALL5_LEVELS_bet23_to_bet27,19.3199,19.3199,19.3199,19.3199,19.3199,4.000000,4.000000,4.000000,4.000000,4.000000,96.000000,96.000000,96.000000,96.000000,96.000000,5.0,96.5994,89.1744,386.3975,393.8224,PENDING_AG03,FALSE,NOT_FOR_ENFORCEMENT,463.6769,5999.5886,482.9968,463.6769,19.3199,0.06856638,0.06582372,19.3199,463.6769,0.06582372,19.3199,19.3199,19.3199,19.3199,19.3199,463.6769,0.06582372,96.5994,89.1744,386.3975,393.8224,0.05485310,0.05590715,0.00274266,25.9934,23.1466,1.7889,40.2497,4.1282,587.0185,22.5000,27.0537,25.4303,25.7155,25.8178,25.8178,38.5733,51.3122,64.2888,25.7155,0.0,1.987474,2.490099,1.006804,29,64,19,2,0.36101233,0.06856638,0.09253807,0E-8,0.000000,0.887191,0.221402,-0.03751511,2026-04-02,2026-07-30,12,117,95,120,0.100000,1.063837,1.040791,1.203374,,,,,,,,GLOBAL_BASELINE_NO_ENTITY_RANKING,,,NOT_APPLICABLE_GLOBAL_BASELINE,HF9g-P5,,,,X 全窗基线 · 不参与实体赏罚,8395052,840,A168_HF9F_20260827_0900,2026-08-27 09:00:00
2026-07-20,144244503,2171,0,196.2151137272,0.1290888906,0.1290888906,0.5000000,4,4,0.50329940000000000,0.503299400000,-0.01319788734859681,-0.01319788734859681,-0.01319788734859681,0E-17,ELIGIBLE,R03b_20260811_FULL_v1,L1_ELIGIBILITY,v2026-08-11,2026-03-21..2026-08-06,baccarat_bet02_101_all_pairs_incl_sentinel,round_win = game_pnl > 0 (decisive only),COMPATIBILITY_ONLY_NOT_PRODUCTION,7044.2224,6249.5714,482.9968,271,270,-0.06856638,-0.09253807,-0.05502296,-0.06856638,-482.9968,7044.2224,OK,0.0000,19.3199,4.0000,96.0000,AG03-UNRESOLVED,ALL5_LEVELS_bet23_to_bet27,19.3199,19.3199,19.3199,19.3199,19.3199,4.000000,4.000000,4.000000,4.000000,4.000000,96.000000,96.000000,96.000000,96.000000,96.000000,5.0,96.5994,89.1744,386.3975,393.8224,PENDING_AG03,FALSE,NOT_FOR_ENFORCEMENT,463.6769,5999.5886,482.9968,463.6769,19.3199,0.06856638,0.06582372,19.3199,463.6769,0.06582372,19.3199,19.3199,19.3199,19.3199,19.3199,463.6769,0.06582372,96.5994,89.1744,386.3975,393.8224,0.05485310,0.05590715,0.00274266,25.9934,23.1466,1.7889,40.2497,4.1282,587.0185,22.5000,27.0537,25.4303,25.7155,25.8178,25.8178,38.5733,51.3122,64.2888,25.7155,0.0,1.987474,2.490099,1.006804,29,64,19,2,0.36101233,0.06856638,0.09253807,0E-8,0.000000,0.887191,0.221402,-0.03751511,2026-04-02,2026-07-30,12,117,95,120,0.100000,1.063837,1.040791,1.203374,,,,,,,,GLOBAL_BASELINE_NO_ENTITY_RANKING,,,NOT_APPLICABLE_GLOBAL_BASELINE,HF9g-P5,,,,X 全窗基线 · 不参与实体赏罚,8395053,840,A168_HF9F_20260827_0900,2026-08-27 09:00:00
2026-07-20,144244503,2240,0,51.6355562440,49.0537784318,49.0537784318,1.0000000,1,1,0.50665070000000000,0.506650700000,0.9867858985152569,0.9867858985152569,0.9867858985152569,0E-17,ELIGIBLE,R03b_20260811_FULL_v1,L1_ELIGIBILITY,v2026-08-11,2026-03-21..2026-08-06,baccarat_bet02_101_all_pairs_incl_sentinel,round_win = game_pnl > 0 (decisive only),COMPATIBILITY_ONLY_NOT_PRODUCTION,7044.2224,6249.5714,482.9968,271,270,-0.06856638,-0.09253807,-0.05502296,-0.06856638,-482.9968,7044.2224,OK,0.0000,19.3199,4.0000,96.0000,AG03-UNRESOLVED,ALL5_LEVELS_bet23_to_bet27,19.3199,19.3199,19.3199,19.3199,19.3199,4.000000,4.000000,4.000000,4.000000,4.000000,96.000000,96.000000,96.000000,96.000000,96.000000,5.0,96.5994,89.1744,386.3975,393.8224,PENDING_AG03,FALSE,NOT_FOR_ENFORCEMENT,463.6769,5999.5886,482.9968,463.6769,19.3199,0.06856638,0.06582372,19.3199,463.6769,0.06582372,19.3199,19.3199,19.3199,19.3199,19.3199,463.6769,0.06582372,96.5994,89.1744,386.3975,393.8224,0.05485310,0.05590715,0.00274266,25.9934,23.1466,1.7889,40.2497,4.1282,587.0185,22.5000,27.0537,25.4303,25.7155,25.8178,25.8178,38.5733,51.3122,64.2888,25.7155,0.0,1.987474,2.490099,1.006804,29,64,19,2,0.36101233,0.06856638,0.09253807,0E-8,0.000000,0.887191,0.221402,-0.03751511,2026-04-02,2026-07-30,12,117,95,120,0.100000,1.063837,1.040791,1.203374,,,,,,,,GLOBAL_BASELINE_NO_ENTITY_RANKING,,,NOT_APPLICABLE_GLOBAL_BASELINE,HF9g-P5,,,,X 全窗基线 · 不参与实体赏罚,8395054,840,A168_HF9F_20260827_0900,2026-08-27 09:00:00
2026-07-30,144244503,-1,1,25.8177781220,-25.8177781220,-25.8177781220,0E-7,1,1,0.49324550000000000,0.493245500000,-0.9865810262130424,-0.9865810262130424,-0.9865810262130424,0E-17,SENTINEL_DEALER,R03b_20260811_FULL_v1,L1_ELIGIBILITY,v2026-08-11,2026-03-21..2026-08-06,baccarat_bet02_101_all_pairs_incl_sentinel,round_win = game_pnl > 0 (decisive only),COMPATIBILITY_ONLY_NOT_PRODUCTION,7044.2224,6249.5714,482.9968,271,270,-0.06856638,-0.09253807,-0.05502296,-0.06856638,-482.9968,7044.2224,OK,0.0000,19.3199,4.0000,96.0000,AG03-UNRESOLVED,ALL5_LEVELS_bet23_to_bet27,19.3199,19.3199,19.3199,19.3199,19.3199,4.000000,4.000000,4.000000,4.000000,4.000000,96.000000,96.000000,96.000000,96.000000,96.000000,5.0,96.5994,89.1744,386.3975,393.8224,PENDING_AG03,FALSE,NOT_FOR_ENFORCEMENT,463.6769,5999.5886,482.9968,463.6769,19.3199,0.06856638,0.06582372,19.3199,463.6769,0.06582372,19.3199,19.3199,19.3199,19.3199,19.3199,463.6769,0.06582372,96.5994,89.1744,386.3975,393.8224,0.05485310,0.05590715,0.00274266,25.9934,23.1466,1.7889,40.2497,4.1282,587.0185,22.5000,27.0537,25.4303,25.7155,25.8178,25.8178,38.5733,51.3122,64.2888,25.7155,0.0,1.987474,2.490099,1.006804,29,64,19,2,0.36101233,0.06856638,0.09253807,0E-8,0.000000,0.887191,0.221402,-0.03751511,2026-04-02,2026-07-30,12,117,95,120,0.100000,1.063837,1.040791,1.203374,,,,,,,,GLOBAL_BASELINE_NO_ENTITY_RANKING,,,NOT_APPLICABLE_GLOBAL_BASELINE,HF9g-P5,,,,X 全窗基线 · 不参与实体赏罚,8395055,840,A168_HF9F_20260827_0900,2026-08-27 09:00:00
2026-07-30,144244503,2173,0,33.5631115586,0E-10,0E-10,,1,1,0.49324550000000000,0.493245500000,,,,0E-17,NO_DECISIVE_ROUND,R03b_20260811_FULL_v1,L1_ELIGIBILITY,v2026-08-11,2026-03-21..2026-08-06,baccarat_bet02_101_all_pairs_incl_sentinel,round_win = game_pnl > 0 (decisive only),COMPATIBILITY_ONLY_NOT_PRODUCTION,7044.2224,6249.5714,482.9968,271,270,-0.06856638,-0.09253807,-0.05502296,-0.06856638,-482.9968,7044.2224,OK,0.0000,19.3199,4.0000,96.0000,AG03-UNRESOLVED,ALL5_LEVELS_bet23_to_bet27,19.3199,19.3199,19.3199,19.3199,19.3199,4.000000,4.000000,4.000000,4.000000,4.000000,96.000000,96.000000,96.000000,96.000000,96.000000,5.0,96.5994,89.1744,386.3975,393.8224,PENDING_AG03,FALSE,NOT_FOR_ENFORCEMENT,463.6769,5999.5886,482.9968,463.6769,19.3199,0.06856638,0.06582372,19.3199,463.6769,0.06582372,19.3199,19.3199,19.3199,19.3199,19.3199,463.6769,0.06582372,96.5994,89.1744,386.3975,393.8224,0.05485310,0.05590715,0.00274266,25.9934,23.1466,1.7889,40.2497,4.1282,587.0185,22.5000,27.0537,25.4303,25.7155,25.8178,25.8178,38.5733,51.3122,64.2888,25.7155,0.0,1.987474,2.490099,1.006804,29,64,19,2,0.36101233,0.06856638,0.09253807,0E-8,0.000000,0.887191,0.221402,-0.03751511,2026-04-02,2026-07-30,12,117,95,120,0.100000,1.063837,1.040791,1.203374,,,,,,,,GLOBAL_BASELINE_NO_ENTITY_RANKING,,,NOT_APPLICABLE_GLOBAL_BASELINE,HF9g-P5,,,,X 全窗基线 · 不参与实体赏罚,8395056,840,A168_HF9F_20260827_0900,2026-08-27 09:00:00
2026-06-13,151460144,1401,0,550.0000000000,35.0000000000,35.0000000000,0.5000000,2,2,0.50665070000000000,0.506650700000,-0.018812684590367487,-0.018812684590367487,-0.018812684590367487,0E-17,ELIGIBLE,R03b_20260811_FULL_v1,L1_ELIGIBILITY,v2026-08-11,2026-03-21..2026-08-06,baccarat_bet02_101_all_pairs_incl_sentinel,round_win = game_pnl > 0 (decisive only),COMPATIBILITY_ONLY_NOT_PRODUCTION,1068.0000,1068.0000,483.0000,3,3,-0.45224719,,-0.45224719,-0.45224719,-483.0000,1068.0000,THIN_EXPOSURE,0.0000,19.3200,4.0000,96.0000,AG03-UNRESOLVED,ALL5_LEVELS_bet23_to_bet27,19.3200,19.3200,21.7350,21.7350,21.7350,4.000000,4.000000,4.500000,4.500000,4.500000,96.000000,96.000000,95.500000,95.500000,95.500000,5.0,103.8450,95.2965,379.1550,387.7035,PENDING_AG03,FALSE,NOT_FOR_ENFORCEMENT,463.6800,1025.2800,483.0000,463.6800,19.3200,0.45224719,0.43415730,19.3200,463.6800,0.43415730,19.3200,19.3200,21.7350,21.7350,21.7350,463.6800,0.43415730,103.8450,95.2965,379.1550,387.7035,0.35501404,0.36301825,0.01808989,356.0000,356.0000,161.0000,483.0000,241.5000,1068.0000,3.0000,,356.0000,262.5,300.0,463.5,518.0,518.0,518.0,300.0,-250.0,1.726667,1.726667,1.186667,2,2,1,1,0E-8,0.45224719,,0E-8,0.000000,1.000000,0.000000,,2026-06-13,2026-06-13,1,2,2,1,1.000000,,,0.000000,,,,,,,,GLOBAL_BASELINE_NO_ENTITY_RANKING,,,NOT_APPLICABLE_GLOBAL_BASELINE,HF9g-P5,,,,X 全窗基线 · 不参与实体赏罚,8395057,840,A168_HF9F_20260827_0900,2026-08-27 09:00:00
2026-06-13,151460144,2201,0,518.0000000000,-518.0000000000,-518.0000000000,0E-7,1,1,0.50665070000000000,0.506650700000,-1.013391052207602,-1.013391052207602,-1.013391052207602,0E-17,ELIGIBLE,R03b_20260811_FULL_v1,L1_ELIGIBILITY,v2026-08-11,2026-03-21..2026-08-06,baccarat_bet02_101_all_pairs_incl_sentinel,round_win = game_pnl > 0 (decisive only),COMPATIBILITY_ONLY_NOT_PRODUCTION,1068.0000,1068.0000,483.0000,3,3,-0.45224719,,-0.45224719,-0.45224719,-483.0000,1068.0000,THIN_EXPOSURE,0.0000,19.3200,4.0000,96.0000,AG03-UNRESOLVED,ALL5_LEVELS_bet23_to_bet27,19.3200,19.3200,21.7350,21.7350,21.7350,4.000000,4.000000,4.500000,4.500000,4.500000,96.000000,96.000000,95.500000,95.500000,95.500000,5.0,103.8450,95.2965,379.1550,387.7035,PENDING_AG03,FALSE,NOT_FOR_ENFORCEMENT,463.6800,1025.2800,483.0000,463.6800,19.3200,0.45224719,0.43415730,19.3200,463.6800,0.43415730,19.3200,19.3200,21.7350,21.7350,21.7350,463.6800,0.43415730,103.8450,95.2965,379.1550,387.7035,0.35501404,0.36301825,0.01808989,356.0000,356.0000,161.0000,483.0000,241.5000,1068.0000,3.0000,,356.0000,262.5,300.0,463.5,518.0,518.0,518.0,300.0,-250.0,1.726667,1.726667,1.186667,2,2,1,1,0E-8,0.45224719,,0E-8,0.000000,1.000000,0.000000,,2026-06-13,2026-06-13,1,2,2,1,1.000000,,,0.000000,,,,,,,,GLOBAL_BASELINE_NO_ENTITY_RANKING,,,NOT_APPLICABLE_GLOBAL_BASELINE,HF9g-P5,,,,X 全窗基线 · 不参与实体赏罚,8395058,840,A168_HF9F_20260827_0900,2026-08-27 09:00:00
2026-05-16,150107794,-1,1,869.4464867110,27.8332107982,27.8332107982,0.5819672,174,135,0.47260094424460533,0.442353364444,2.419615427417215,3.1048755973961337,2.419615427417215,0.03024757980060533,SENTINEL_DEALER,R03b_20260811_FULL_v1,L1_ELIGIBILITY,v2026-08-11,2026-03-21..2026-08-06,baccarat_bet02_101_all_pairs_incl_sentinel,round_win = game_pnl > 0 (decisive only),COMPATIBILITY_ONLY_NOT_PRODUCTION,39187.2093,35396.6747,483.0410,8363,6242,-0.01232650,-0.05216444,-0.01154840,-0.01232650,-483.0410,39187.2093,OK,0.0000,19.3216,4.0000,96.0000,AG03-UNRESOLVED,ALL5_LEVELS_bet23_to_bet27,19.3216,19.3216,19.3216,0.0000,0.0000,4.000000,4.000000,4.000000,0.000000,0.000000,96.000000,96.000000,96.000000,100.000000,100.000000,5.0,57.9649,55.6772,425.0761,427.3638,PENDING_AG03,FALSE,NOT_FOR_ENFORCEMENT,463.7194,33980.8077,483.0410,463.7194,19.3216,0.01232650,0.01183344,19.3216,463.7194,0.01183344,19.3216,19.3216,19.3216,0.0000,0.0000,463.7194,0.01183344,57.9649,55.6772,425.0761,427.3638,0.01084732,0.0109057,0.00049306,4.6858,5.6707,0.0774,15.5820,0.2688,1264.1035,201.3548,4.5499,4.6885,2.0771,4.1543,6.1317,8.4025,10.5031,18.5864,3.9466,-2.0771,2.528253,4.474023,1.127938,29,192,48,6,0.01915741,0.01232650,0.05216444,0E-8,0.000000,0.903271,0.017936,-0.04061604,2026-05-16,2026-07-20,31,1797,733,66,0.469697,0.970424,0.970991,0.063858,,,,,,,,GLOBAL_BASELINE_NO_ENTITY_RANKING,,,NOT_APPLICABLE_GLOBAL_BASELINE,HF9g-P5,,,,X 全窗基线 · 不参与实体赏罚,8395059,840,A168_HF9F_20260827_0900,2026-08-27 09:00:00
2026-05-16,150107794,1109,0,4.2012393656,3.9911773973,3.9911773973,1.0000000,1,1,0.50665070000000000,0.506650700000,0.9867858985152569,0.9867858985152569,0.9867858985152569,0E-17,ELIGIBLE,R03b_20260811_FULL_v1,L1_ELIGIBILITY,v2026-08-11,2026-03-21..2026-08-06,baccarat_bet02_101_all_pairs_incl_sentinel,round_win = game_pnl > 0 (decisive only),COMPATIBILITY_ONLY_NOT_PRODUCTION,39187.2093,35396.6747,483.0410,8363,6242,-0.01232650,-0.05216444,-0.01154840,-0.01232650,-483.0410,39187.2093,OK,0.0000,19.3216,4.0000,96.0000,AG03-UNRESOLVED,ALL5_LEVELS_bet23_to_bet27,19.3216,19.3216,19.3216,0.0000,0.0000,4.000000,4.000000,4.000000,0.000000,0.000000,96.000000,96.000000,96.000000,100.000000,100.000000,5.0,57.9649,55.6772,425.0761,427.3638,PENDING_AG03,FALSE,NOT_FOR_ENFORCEMENT,463.7194,33980.8077,483.0410,463.7194,19.3216,0.01232650,0.01183344,19.3216,463.7194,0.01183344,19.3216,19.3216,19.3216,0.0000,0.0000,463.7194,0.01183344,57.9649,55.6772,425.0761,427.3638,0.01084732,0.0109057,0.00049306,4.6858,5.6707,0.0774,15.5820,0.2688,1264.1035,201.3548,4.5499,4.6885,2.0771,4.1543,6.1317,8.4025,10.5031,18.5864,3.9466,-2.0771,2.528253,4.474023,1.127938,29,192,48,6,0.01915741,0.01232650,0.05216444,0E-8,0.000000,0.903271,0.017936,-0.04061604,2026-05-16,2026-07-20,31,1797,733,66,0.469697,0.970424,0.970991,0.063858,,,,,,,,GLOBAL_BASELINE_NO_ENTITY_RANKING,,,NOT_APPLICABLE_GLOBAL_BASELINE,HF9g-P5,,,,X 全窗基线 · 不参与实体赏罚,8395060,840,A168_HF9F_20260827_0900,2026-08-27 09:00:00
2026-05-16,150107794,1115,0,8.4024787312,-8.4024787312,-8.4024787312,0E-7,1,1,0.50665070000000000,0.506650700000,-1.013391052207602,-1.013391052207602,-1.013391052207602,0E-17,ELIGIBLE,R03b_20260811_FULL_v1,L1_ELIGIBILITY,v2026-08-11,2026-03-21..2026-08-06,baccarat_bet02_101_all_pairs_incl_sentinel,round_win = game_pnl > 0 (decisive only),COMPATIBILITY_ONLY_NOT_PRODUCTION,39187.2093,35396.6747,483.0410,8363,6242,-0.01232650,-0.05216444,-0.01154840,-0.01232650,-483.0410,39187.2093,OK,0.0000,19.3216,4.0000,96.0000,AG03-UNRESOLVED,ALL5_LEVELS_bet23_to_bet27,19.3216,19.3216,19.3216,0.0000,0.0000,4.000000,4.000000,4.000000,0.000000,0.000000,96.000000,96.000000,96.000000,100.000000,100.000000,5.0,57.9649,55.6772,425.0761,427.3638,PENDING_AG03,FALSE,NOT_FOR_ENFORCEMENT,463.7194,33980.8077,483.0410,463.7194,19.3216,0.01232650,0.01183344,19.3216,463.7194,0.01183344,19.3216,19.3216,19.3216,0.0000,0.0000,463.7194,0.01183344,57.9649,55.6772,425.0761,427.3638,0.01084732,0.0109057,0.00049306,4.6858,5.6707,0.0774,15.5820,0.2688,1264.1035,201.3548,4.5499,4.6885,2.0771,4.1543,6.1317,8.4025,10.5031,18.5864,3.9466,-2.0771,2.528253,4.474023,1.127938,29,192,48,6,0.01915741,0.01232650,0.05216444,0E-8,0.000000,0.903271,0.017936,-0.04061604,2026-05-16,2026-07-20,31,1797,733,66,0.469697,0.970424,0.970991,0.063858,,,,,,,,GLOBAL_BASELINE_NO_ENTITY_RANKING,,,NOT_APPLICABLE_GLOBAL_BASELINE,HF9g-P5,,,,X 全窗基线 · 不参与实体赏罚,8395061,840,A168_HF9F_20260827_0900,2026-08-27 09:00:00
2026-05-16,150107794,1151,0,23.1068165108,-14.7043377796,-14.7043377796,0E-7,5,3,0.42355134166666667,0.367067200000,-1.212237493816924,-1.0769833423851627,-1.212237493816924,0.05648414166666667,ELIGIBLE,R03b_20260811_FULL_v1,L1_ELIGIBILITY,v2026-08-11,2026-03-21..2026-08-06,baccarat_bet02_101_all_pairs_incl_sentinel,round_win = game_pnl > 0 (decisive only),COMPATIBILITY_ONLY_NOT_PRODUCTION,39187.2093,35396.6747,483.0410,8363,6242,-0.01232650,-0.05216444,-0.01154840,-0.01232650,-483.0410,39187.2093,OK,0.0000,19.3216,4.0000,96.0000,AG03-UNRESOLVED,ALL5_LEVELS_bet23_to_bet27,19.3216,19.3216,19.3216,0.0000,0.0000,4.000000,4.000000,4.000000,0.000000,0.000000,96.000000,96.000000,96.000000,100.000000,100.000000,5.0,57.9649,55.6772,425.0761,427.3638,PENDING_AG03,FALSE,NOT_FOR_ENFORCEMENT,463.7194,33980.8077,483.0410,463.7194,19.3216,0.01232650,0.01183344,19.3216,463.7194,0.01183344,19.3216,19.3216,19.3216,0.0000,0.0000,463.7194,0.01183344,57.9649,55.6772,425.0761,427.3638,0.01084732,0.0109057,0.00049306,4.6858,5.6707,0.0774,15.5820,0.2688,1264.1035,201.3548,4.5499,4.6885,2.0771,4.1543,6.1317,8.4025,10.5031,18.5864,3.9466,-2.0771,2.528253,4.474023,1.127938,29,192,48,6,0.01915741,0.01232650,0.05216444,0E-8,0.000000,0.903271,0.017936,-0.04061604,2026-05-16,2026-07-20,31,1797,733,66,0.469697,0.970424,0.970991,0.063858,,,,,,,,GLOBAL_BASELINE_NO_ENTITY_RANKING,,,NOT_APPLICABLE_GLOBAL_BASELINE,HF9g-P5,,,,X 全窗基线 · 不参与实体赏罚,8395062,840,A168_HF9F_20260827_0900,2026-08-27 09:00:00
2026-05-16,150107794,1210,0,31.5092952420,-15.1244617161,-15.1244617161,0.3333333,6,3,0.41860066500000000,0.298392550000,-0.29936848362698676,0.13226720629658262,-0.29936848362698676,0.12020811500000000,ELIGIBLE,R03b_20260811_FULL_v1,L1_ELIGIBILITY,v2026-08-11,2026-03-21..2026-08-06,baccarat_bet02_101_all_pairs_incl_sentinel,round_win = game_pnl > 0 (decisive only),COMPATIBILITY_ONLY_NOT_PRODUCTION,39187.2093,35396.6747,483.0410,8363,6242,-0.01232650,-0.05216444,-0.01154840,-0.01232650,-483.0410,39187.2093,OK,0.0000,19.3216,4.0000,96.0000,AG03-UNRESOLVED,ALL5_LEVELS_bet23_to_bet27,19.3216,19.3216,19.3216,0.0000,0.0000,4.000000,4.000000,4.000000,0.000000,0.000000,96.000000,96.000000,96.000000,100.000000,100.000000,5.0,57.9649,55.6772,425.0761,427.3638,PENDING_AG03,FALSE,NOT_FOR_ENFORCEMENT,463.7194,33980.8077,483.0410,463.7194,19.3216,0.01232650,0.01183344,19.3216,463.7194,0.01183344,19.3216,19.3216,19.3216,0.0000,0.0000,463.7194,0.01183344,57.9649,55.6772,425.0761,427.3638,0.01084732,0.0109057,0.00049306,4.6858,5.6707,0.0774,15.5820,0.2688,1264.1035,201.3548,4.5499,4.6885,2.0771,4.1543,6.1317,8.4025,10.5031,18.5864,3.9466,-2.0771,2.528253,4.474023,1.127938,29,192,48,6,0.01915741,0.01232650,0.05216444,0E-8,0.000000,0.903271,0.017936,-0.04061604,2026-05-16,2026-07-20,31,1797,733,66,0.469697,0.970424,0.970991,0.063858,,,,,,,,GLOBAL_BASELINE_NO_ENTITY_RANKING,,,NOT_APPLICABLE_GLOBAL_BASELINE,HF9g-P5,,,,X 全窗基线 · 不参与实体赏罚,8395063,840,A168_HF9F_20260827_0900,2026-08-27 09:00:00
2026-05-16,150107794,1299,0,16.8049574624,15.9647095893,15.9647095893,1.0000000,3,3,0.50665070000000000,0.506650700000,1.7091633124209307,1.7091633124209307,1.7091633124209307,0E-17,ELIGIBLE,R03b_20260811_FULL_v1,L1_ELIGIBILITY,v2026-08-11,2026-03-21..2026-08-06,baccarat_bet02_101_all_pairs_incl_sentinel,round_win = game_pnl > 0 (decisive only),COMPATIBILITY_ONLY_NOT_PRODUCTION,39187.2093,35396.6747,483.0410,8363,6242,-0.01232650,-0.05216444,-0.01154840,-0.01232650,-483.0410,39187.2093,OK,0.0000,19.3216,4.0000,96.0000,AG03-UNRESOLVED,ALL5_LEVELS_bet23_to_bet27,19.3216,19.3216,19.3216,0.0000,0.0000,4.000000,4.000000,4.000000,0.000000,0.000000,96.000000,96.000000,96.000000,100.000000,100.000000,5.0,57.9649,55.6772,425.0761,427.3638,PENDING_AG03,FALSE,NOT_FOR_ENFORCEMENT,463.7194,33980.8077,483.0410,463.7194,19.3216,0.01232650,0.01183344,19.3216,463.7194,0.01183344,19.3216,19.3216,19.3216,0.0000,0.0000,463.7194,0.01183344,57.9649,55.6772,425.0761,427.3638,0.01084732,0.0109057,0.00049306,4.6858,5.6707,0.0774,15.5820,0.2688,1264.1035,201.3548,4.5499,4.6885,2.0771,4.1543,6.1317,8.4025,10.5031,18.5864,3.9466,-2.0771,2.528253,4.474023,1.127938,29,192,48,6,0.01915741,0.01232650,0.05216444,0E-8,0.000000,0.903271,0.017936,-0.04061604,2026-05-16,2026-07-20,31,1797,733,66,0.469697,0.970424,0.970991,0.063858,,,,,,,,GLOBAL_BASELINE_NO_ENTITY_RANKING,,,NOT_APPLICABLE_GLOBAL_BASELINE,HF9g-P5,,,,X 全窗基线 · 不参与实体赏罚,8395064,840,A168_HF9F_20260827_0900,2026-08-27 09:00:00
2026-05-16,150107794,1325,0,6.3018590484,1.8905577145,1.8905577145,0.5000000,2,2,0.50665070000000000,0.506650700000,-0.018812684590367487,-0.018812684590367487,-0.018812684590367487,0E-17,ELIGIBLE,R03b_20260811_FULL_v1,L1_ELIGIBILITY,v2026-08-11,2026-03-21..2026-08-06,baccarat_bet02_101_all_pairs_incl_sentinel,round_win = game_pnl > 0 (decisive only),COMPATIBILITY_ONLY_NOT_PRODUCTION,39187.2093,35396.6747,483.0410,8363,6242,-0.01232650,-0.05216444,-0.01154840,-0.01232650,-483.0410,39187.2093,OK,0.0000,19.3216,4.0000,96.0000,AG03-UNRESOLVED,ALL5_LEVELS_bet23_to_bet27,19.3216,19.3216,19.3216,0.0000,0.0000,4.000000,4.000000,4.000000,0.000000,0.000000,96.000000,96.000000,96.000000,100.000000,100.000000,5.0,57.9649,55.6772,425.0761,427.3638,PENDING_AG03,FALSE,NOT_FOR_ENFORCEMENT,463.7194,33980.8077,483.0410,463.7194,19.3216,0.01232650,0.01183344,19.3216,463.7194,0.01183344,19.3216,19.3216,19.3216,0.0000,0.0000,463.7194,0.01183344,57.9649,55.6772,425.0761,427.3638,0.01084732,0.0109057,0.00049306,4.6858,5.6707,0.0774,15.5820,0.2688,1264.1035,201.3548,4.5499,4.6885,2.0771,4.1543,6.1317,8.4025,10.5031,18.5864,3.9466,-2.0771,2.528253,4.474023,1.127938,29,192,48,6,0.01915741,0.01232650,0.05216444,0E-8,0.000000,0.903271,0.017936,-0.04061604,2026-05-16,2026-07-20,31,1797,733,66,0.469697,0.970424,0.970991,0.063858,,,,,,,,GLOBAL_BASELINE_NO_ENTITY_RANKING,,,NOT_APPLICABLE_GLOBAL_BASELINE,HF9g-P5,,,,X 全窗基线 · 不参与实体赏罚,8395065,840,A168_HF9F_20260827_0900,2026-08-27 09:00:00
2026-05-16,150107794,1401,0,49.9947484508,-49.9947484508,-49.9947484508,0E-7,2,1,0.44086153949551436,0.300626750000,-0.8879559532003287,-0.655630731788307,-0.8879559532003287,0.14023478949551436,ELIGIBLE,R03b_20260811_FULL_v1,L1_ELIGIBILITY,v2026-08-11,2026-03-21..2026-08-06,baccarat_bet02_101_all_pairs_incl_sentinel,round_win = game_pnl > 0 (decisive only),COMPATIBILITY_ONLY_NOT_PRODUCTION,39187.2093,35396.6747,483.0410,8363,6242,-0.01232650,-0.05216444,-0.01154840,-0.01232650,-483.0410,39187.2093,OK,0.0000,19.3216,4.0000,96.0000,AG03-UNRESOLVED,ALL5_LEVELS_bet23_to_bet27,19.3216,19.3216,19.3216,0.0000,0.0000,4.000000,4.000000,4.000000,0.000000,0.000000,96.000000,96.000000,96.000000,100.000000,100.000000,5.0,57.9649,55.6772,425.0761,427.3638,PENDING_AG03,FALSE,NOT_FOR_ENFORCEMENT,463.7194,33980.8077,483.0410,463.7194,19.3216,0.01232650,0.01183344,19.3216,463.7194,0.01183344,19.3216,19.3216,19.3216,0.0000,0.0000,463.7194,0.01183344,57.9649,55.6772,425.0761,427.3638,0.01084732,0.0109057,0.00049306,4.6858,5.6707,0.0774,15.5820,0.2688,1264.1035,201.3548,4.5499,4.6885,2.0771,4.1543,6.1317,8.4025,10.5031,18.5864,3.9466,-2.0771,2.528253,4.474023,1.127938,29,192,48,6,0.01915741,0.01232650,0.05216444,0E-8,0.000000,0.903271,0.017936,-0.04061604,2026-05-16,2026-07-20,31,1797,733,66,0.469697,0.970424,0.970991,0.063858,,,,,,,,GLOBAL_BASELINE_NO_ENTITY_RANKING,,,NOT_APPLICABLE_GLOBAL_BASELINE,HF9g-P5,,,,X 全窗基线 · 不参与实体赏罚,8395066,840,A168_HF9F_20260827_0900,2026-08-27 09:00:00
2026-05-16,150107794,1485,0,8.4024787312,0E-10,0E-10,0.5000000,2,2,0.49994810000000000,0.499948100000,0.00014679536856514622,0.00014679536856514622,0.00014679536856514622,0E-17,ELIGIBLE,R03b_20260811_FULL_v1,L1_ELIGIBILITY,v2026-08-11,2026-03-21..2026-08-06,baccarat_bet02_101_all_pairs_incl_sentinel,round_win = game_pnl > 0 (decisive only),COMPATIBILITY_ONLY_NOT_PRODUCTION,39187.2093,35396.6747,483.0410,8363,6242,-0.01232650,-0.05216444,-0.01154840,-0.01232650,-483.0410,39187.2093,OK,0.0000,19.3216,4.0000,96.0000,AG03-UNRESOLVED,ALL5_LEVELS_bet23_to_bet27,19.3216,19.3216,19.3216,0.0000,0.0000,4.000000,4.000000,4.000000,0.000000,0.000000,96.000000,96.000000,96.000000,100.000000,100.000000,5.0,57.9649,55.6772,425.0761,427.3638,PENDING_AG03,FALSE,NOT_FOR_ENFORCEMENT,463.7194,33980.8077,483.0410,463.7194,19.3216,0.01232650,0.01183344,19.3216,463.7194,0.01183344,19.3216,19.3216,19.3216,0.0000,0.0000,463.7194,0.01183344,57.9649,55.6772,425.0761,427.3638,0.01084732,0.0109057,0.00049306,4.6858,5.6707,0.0774,15.5820,0.2688,1264.1035,201.3548,4.5499,4.6885,2.0771,4.1543,6.1317,8.4025,10.5031,18.5864,3.9466,-2.0771,2.528253,4.474023,1.127938,29,192,48,6,0.01915741,0.01232650,0.05216444,0E-8,0.000000,0.903271,0.017936,-0.04061604,2026-05-16,2026-07-20,31,1797,733,66,0.469697,0.970424,0.970991,0.063858,,,,,,,,GLOBAL_BASELINE_NO_ENTITY_RANKING,,,NOT_APPLICABLE_GLOBAL_BASELINE,HF9g-P5,,,,X 全窗基线 · 不参与实体赏罚,8395067,840,A168_HF9F_20260827_0900,2026-08-27 09:00:00
2026-05-16,150107794,1490,0,4.2012393656,4.2012393656,4.2012393656,1.0000000,1,1,0.49324550000000000,0.493245500000,1.01360149184955,1.01360149184955,1.01360149184955,0E-17,ELIGIBLE,R03b_20260811_FULL_v1,L1_ELIGIBILITY,v2026-08-11,2026-03-21..2026-08-06,baccarat_bet02_101_all_pairs_incl_sentinel,round_win = game_pnl > 0 (decisive only),COMPATIBILITY_ONLY_NOT_PRODUCTION,39187.2093,35396.6747,483.0410,8363,6242,-0.01232650,-0.05216444,-0.01154840,-0.01232650,-483.0410,39187.2093,OK,0.0000,19.3216,4.0000,96.0000,AG03-UNRESOLVED,ALL5_LEVELS_bet23_to_bet27,19.3216,19.3216,19.3216,0.0000,0.0000,4.000000,4.000000,4.000000,0.000000,0.000000,96.000000,96.000000,96.000000,100.000000,100.000000,5.0,57.9649,55.6772,425.0761,427.3638,PENDING_AG03,FALSE,NOT_FOR_ENFORCEMENT,463.7194,33980.8077,483.0410,463.7194,19.3216,0.01232650,0.01183344,19.3216,463.7194,0.01183344,19.3216,19.3216,19.3216,0.0000,0.0000,463.7194,0.01183344,57.9649,55.6772,425.0761,427.3638,0.01084732,0.0109057,0.00049306,4.6858,5.6707,0.0774,15.5820,0.2688,1264.1035,201.3548,4.5499,4.6885,2.0771,4.1543,6.1317,8.4025,10.5031,18.5864,3.9466,-2.0771,2.528253,4.474023,1.127938,29,192,48,6,0.01915741,0.01232650,0.05216444,0E-8,0.000000,0.903271,0.017936,-0.04061604,2026-05-16,2026-07-20,31,1797,733,66,0.469697,0.970424,0.970991,0.063858,,,,,,,,GLOBAL_BASELINE_NO_ENTITY_RANKING,,,NOT_APPLICABLE_GLOBAL_BASELINE,HF9g-P5,,,,X 全窗基线 · 不参与实体赏罚,8395068,840,A168_HF9F_20260827_0900,2026-08-27 09:00:00
2026-05-16,150107794,1505,0,15.3345236845,-15.3345236845,-15.3345236845,0E-7,2,2,0.50665070000000000,0.506650700000,-1.4331513700195317,-1.4331513700195317,-1.4331513700195317,0E-17,ELIGIBLE,R03b_20260811_FULL_v1,L1_ELIGIBILITY,v2026-08-11,2026-03-21..2026-08-06,baccarat_bet02_101_all_pairs_incl_sentinel,round_win = game_pnl > 0 (decisive only),COMPATIBILITY_ONLY_NOT_PRODUCTION,39187.2093,35396.6747,483.0410,8363,6242,-0.01232650,-0.05216444,-0.01154840,-0.01232650,-483.0410,39187.2093,OK,0.0000,19.3216,4.0000,96.0000,AG03-UNRESOLVED,ALL5_LEVELS_bet23_to_bet27,19.3216,19.3216,19.3216,0.0000,0.0000,4.000000,4.000000,4.000000,0.000000,0.000000,96.000000,96.000000,96.000000,100.000000,100.000000,5.0,57.9649,55.6772,425.0761,427.3638,PENDING_AG03,FALSE,NOT_FOR_ENFORCEMENT,463.7194,33980.8077,483.0410,463.7194,19.3216,0.01232650,0.01183344,19.3216,463.7194,0.01183344,19.3216,19.3216,19.3216,0.0000,0.0000,463.7194,0.01183344,57.9649,55.6772,425.0761,427.3638,0.01084732,0.0109057,0.00049306,4.6858,5.6707,0.0774,15.5820,0.2688,1264.1035,201.3548,4.5499,4.6885,2.0771,4.1543,6.1317,8.4025,10.5031,18.5864,3.9466,-2.0771,2.528253,4.474023,1.127938,29,192,48,6,0.01915741,0.01232650,0.05216444,0E-8,0.000000,0.903271,0.017936,-0.04061604,2026-05-16,2026-07-20,31,1797,733,66,0.469697,0.970424,0.970991,0.063858,,,,,,,,GLOBAL_BASELINE_NO_ENTITY_RANKING,,,NOT_APPLICABLE_GLOBAL_BASELINE,HF9g-P5,,,,X 全窗基线 · 不参与实体赏罚,8395069,840,A168_HF9F_20260827_0900,2026-08-27 09:00:00
2026-05-16,150107794,1508,0,8.4024787312,-8.4024787312,-8.4024787312,0E-7,2,2,0.49324550000000000,0.493245500000,-1.3952362676504506,-1.3952362676504506,-1.3952362676504506,0E-17,ELIGIBLE,R03b_20260811_FULL_v1,L1_ELIGIBILITY,v2026-08-11,2026-03-21..2026-08-06,baccarat_bet02_101_all_pairs_incl_sentinel,round_win = game_pnl > 0 (decisive only),COMPATIBILITY_ONLY_NOT_PRODUCTION,39187.2093,35396.6747,483.0410,8363,6242,-0.01232650,-0.05216444,-0.01154840,-0.01232650,-483.0410,39187.2093,OK,0.0000,19.3216,4.0000,96.0000,AG03-UNRESOLVED,ALL5_LEVELS_bet23_to_bet27,19.3216,19.3216,19.3216,0.0000,0.0000,4.000000,4.000000,4.000000,0.000000,0.000000,96.000000,96.000000,96.000000,100.000000,100.000000,5.0,57.9649,55.6772,425.0761,427.3638,PENDING_AG03,FALSE,NOT_FOR_ENFORCEMENT,463.7194,33980.8077,483.0410,463.7194,19.3216,0.01232650,0.01183344,19.3216,463.7194,0.01183344,19.3216,19.3216,19.3216,0.0000,0.0000,463.7194,0.01183344,57.9649,55.6772,425.0761,427.3638,0.01084732,0.0109057,0.00049306,4.6858,5.6707,0.0774,15.5820,0.2688,1264.1035,201.3548,4.5499,4.6885,2.0771,4.1543,6.1317,8.4025,10.5031,18.5864,3.9466,-2.0771,2.528253,4.474023,1.127938,29,192,48,6,0.01915741,0.01232650,0.05216444,0E-8,0.000000,0.903271,0.017936,-0.04061604,2026-05-16,2026-07-20,31,1797,733,66,0.469697,0.970424,0.970991,0.063858,,,,,,,,GLOBAL_BASELINE_NO_ENTITY_RANKING,,,NOT_APPLICABLE_GLOBAL_BASELINE,HF9g-P5,,,,X 全窗基线 · 不参与实体赏罚,8395070,840,A168_HF9F_20260827_0900,2026-08-27 09:00:00
2026-05-16,150107794,1645,0,4.2012393656,4.2012393656,4.2012393656,1.0000000,1,1,0.49324550000000000,0.493245500000,1.01360149184955,1.01360149184955,1.01360149184955,0E-17,ELIGIBLE,R03b_20260811_FULL_v1,L1_ELIGIBILITY,v2026-08-11,2026-03-21..2026-08-06,baccarat_bet02_101_all_pairs_incl_sentinel,round_win = game_pnl > 0 (decisive only),COMPATIBILITY_ONLY_NOT_PRODUCTION,39187.2093,35396.6747,483.0410,8363,6242,-0.01232650,-0.05216444,-0.01154840,-0.01232650,-483.0410,39187.2093,OK,0.0000,19.3216,4.0000,96.0000,AG03-UNRESOLVED,ALL5_LEVELS_bet23_to_bet27,19.3216,19.3216,19.3216,0.0000,0.0000,4.000000,4.000000,4.000000,0.000000,0.000000,96.000000,96.000000,96.000000,100.000000,100.000000,5.0,57.9649,55.6772,425.0761,427.3638,PENDING_AG03,FALSE,NOT_FOR_ENFORCEMENT,463.7194,33980.8077,483.0410,463.7194,19.3216,0.01232650,0.01183344,19.3216,463.7194,0.01183344,19.3216,19.3216,19.3216,0.0000,0.0000,463.7194,0.01183344,57.9649,55.6772,425.0761,427.3638,0.01084732,0.0109057,0.00049306,4.6858,5.6707,0.0774,15.5820,0.2688,1264.1035,201.3548,4.5499,4.6885,2.0771,4.1543,6.1317,8.4025,10.5031,18.5864,3.9466,-2.0771,2.528253,4.474023,1.127938,29,192,48,6,0.01915741,0.01232650,0.05216444,0E-8,0.000000,0.903271,0.017936,-0.04061604,2026-05-16,2026-07-20,31,1797,733,66,0.469697,0.970424,0.970991,0.063858,,,,,,,,GLOBAL_BASELINE_NO_ENTITY_RANKING,,,NOT_APPLICABLE_GLOBAL_BASELINE,HF9g-P5,,,,X 全窗基线 · 不参与实体赏罚,8395071,840,A168_HF9F_20260827_0900,2026-08-27 09:00:00
2026-05-16,150107794,1710,0,2.1006196828,-2.1006196828,-2.1006196828,0E-7,1,1,0.49324550000000000,0.493245500000,-0.9865810262130424,-0.9865810262130424,-0.9865810262130424,0E-17,ELIGIBLE,R03b_20260811_FULL_v1,L1_ELIGIBILITY,v2026-08-11,2026-03-21..2026-08-06,baccarat_bet02_101_all_pairs_incl_sentinel,round_win = game_pnl > 0 (decisive only),COMPATIBILITY_ONLY_NOT_PRODUCTION,39187.2093,35396.6747,483.0410,8363,6242,-0.01232650,-0.05216444,-0.01154840,-0.01232650,-483.0410,39187.2093,OK,0.0000,19.3216,4.0000,96.0000,AG03-UNRESOLVED,ALL5_LEVELS_bet23_to_bet27,19.3216,19.3216,19.3216,0.0000,0.0000,4.000000,4.000000,4.000000,0.000000,0.000000,96.000000,96.000000,96.000000,100.000000,100.000000,5.0,57.9649,55.6772,425.0761,427.3638,PENDING_AG03,FALSE,NOT_FOR_ENFORCEMENT,463.7194,33980.8077,483.0410,463.7194,19.3216,0.01232650,0.01183344,19.3216,463.7194,0.01183344,19.3216,19.3216,19.3216,0.0000,0.0000,463.7194,0.01183344,57.9649,55.6772,425.0761,427.3638,0.01084732,0.0109057,0.00049306,4.6858,5.6707,0.0774,15.5820,0.2688,1264.1035,201.3548,4.5499,4.6885,2.0771,4.1543,6.1317,8.4025,10.5031,18.5864,3.9466,-2.0771,2.528253,4.474023,1.127938,29,192,48,6,0.01915741,0.01232650,0.05216444,0E-8,0.000000,0.903271,0.017936,-0.04061604,2026-05-16,2026-07-20,31,1797,733,66,0.469697,0.970424,0.970991,0.063858,,,,,,,,GLOBAL_BASELINE_NO_ENTITY_RANKING,,,NOT_APPLICABLE_GLOBAL_BASELINE,HF9g-P5,,,,X 全窗基线 · 不参与实体赏罚,8395072,840,A168_HF9F_20260827_0900,2026-08-27 09:00:00
2026-05-16,150107794,1750,0,16.8049574624,-8.4024787312,-8.4024787312,0E-7,3,2,0.45011776250000000,0.400287425000,-0.9047492465176404,-0.8169855886709065,-0.9047492465176404,0.04983033750000000,ELIGIBLE,R03b_20260811_FULL_v1,L1_ELIGIBILITY,v2026-08-11,2026-03-21..2026-08-06,baccarat_bet02_101_all_pairs_incl_sentinel,round_win = game_pnl > 0 (decisive only),COMPATIBILITY_ONLY_NOT_PRODUCTION,39187.2093,35396.6747,483.0410,8363,6242,-0.01232650,-0.05216444,-0.01154840,-0.01232650,-483.0410,39187.2093,OK,0.0000,19.3216,4.0000,96.0000,AG03-UNRESOLVED,ALL5_LEVELS_bet23_to_bet27,19.3216,19.3216,19.3216,0.0000,0.0000,4.000000,4.000000,4.000000,0.000000,0.000000,96.000000,96.000000,96.000000,100.000000,100.000000,5.0,57.9649,55.6772,425.0761,427.3638,PENDING_AG03,FALSE,NOT_FOR_ENFORCEMENT,463.7194,33980.8077,483.0410,463.7194,19.3216,0.01232650,0.01183344,19.3216,463.7194,0.01183344,19.3216,19.3216,19.3216,0.0000,0.0000,463.7194,0.01183344,57.9649,55.6772,425.0761,427.3638,0.01084732,0.0109057,0.00049306,4.6858,5.6707,0.0774,15.5820,0.2688,1264.1035,201.3548,4.5499,4.6885,2.0771,4.1543,6.1317,8.4025,10.5031,18.5864,3.9466,-2.0771,2.528253,4.474023,1.127938,29,192,48,6,0.01915741,0.01232650,0.05216444,0E-8,0.000000,0.903271,0.017936,-0.04061604,2026-05-16,2026-07-20,31,1797,733,66,0.469697,0.970424,0.970991,0.063858,,,,,,,,GLOBAL_BASELINE_NO_ENTITY_RANKING,,,NOT_APPLICABLE_GLOBAL_BASELINE,HF9g-P5,,,,X 全窗基线 · 不参与实体赏罚,8395073,840,A168_HF9F_20260827_0900,2026-08-27 09:00:00
2026-05-16,150107794,1942,0,23.3168784791,1.2603718097,1.2603718097,0.6666667,4,3,0.47231337500000000,0.437976050000,0.674294104432228,0.7983739908840699,0.674294104432228,0.03433732500000000,ELIGIBLE,R03b_20260811_FULL_v1,L1_ELIGIBILITY,v2026-08-11,2026-03-21..2026-08-06,baccarat_bet02_101_all_pairs_incl_sentinel,round_win = game_pnl > 0 (decisive only),COMPATIBILITY_ONLY_NOT_PRODUCTION,39187.2093,35396.6747,483.0410,8363,6242,-0.01232650,-0.05216444,-0.01154840,-0.01232650,-483.0410,39187.2093,OK,0.0000,19.3216,4.0000,96.0000,AG03-UNRESOLVED,ALL5_LEVELS_bet23_to_bet27,19.3216,19.3216,19.3216,0.0000,0.0000,4.000000,4.000000,4.000000,0.000000,0.000000,96.000000,96.000000,96.000000,100.000000,100.000000,5.0,57.9649,55.6772,425.0761,427.3638,PENDING_AG03,FALSE,NOT_FOR_ENFORCEMENT,463.7194,33980.8077,483.0410,463.7194,19.3216,0.01232650,0.01183344,19.3216,463.7194,0.01183344,19.3216,19.3216,19.3216,0.0000,0.0000,463.7194,0.01183344,57.9649,55.6772,425.0761,427.3638,0.01084732,0.0109057,0.00049306,4.6858,5.6707,0.0774,15.5820,0.2688,1264.1035,201.3548,4.5499,4.6885,2.0771,4.1543,6.1317,8.4025,10.5031,18.5864,3.9466,-2.0771,2.528253,4.474023,1.127938,29,192,48,6,0.01915741,0.01232650,0.05216444,0E-8,0.000000,0.903271,0.017936,-0.04061604,2026-05-16,2026-07-20,31,1797,733,66,0.469697,0.970424,0.970991,0.063858,,,,,,,,GLOBAL_BASELINE_NO_ENTITY_RANKING,,,NOT_APPLICABLE_GLOBAL_BASELINE,HF9g-P5,,,,X 全窗基线 · 不参与实体赏罚,8395074,840,A168_HF9F_20260827_0900,2026-08-27 09:00:00
2026-05-16,150107794,1947,0,8.4024787312,3.8861464132,3.8861464132,0.5000000,3,2,0.40363872500000000,0.403638725000,0.2777578906703767,0.27775789067037676,0.2777578906703767,0E-17,ELIGIBLE,R03b_20260811_FULL_v1,L1_ELIGIBILITY,v2026-08-11,2026-03-21..2026-08-06,baccarat_bet02_101_all_pairs_incl_sentinel,round_win = game_pnl > 0 (decisive only),COMPATIBILITY_ONLY_NOT_PRODUCTION,39187.2093,35396.6747,483.0410,8363,6242,-0.01232650,-0.05216444,-0.01154840,-0.01232650,-483.0410,39187.2093,OK,0.0000,19.3216,4.0000,96.0000,AG03-UNRESOLVED,ALL5_LEVELS_bet23_to_bet27,19.3216,19.3216,19.3216,0.0000,0.0000,4.000000,4.000000,4.000000,0.000000,0.000000,96.000000,96.000000,96.000000,100.000000,100.000000,5.0,57.9649,55.6772,425.0761,427.3638,PENDING_AG03,FALSE,NOT_FOR_ENFORCEMENT,463.7194,33980.8077,483.0410,463.7194,19.3216,0.01232650,0.01183344,19.3216,463.7194,0.01183344,19.3216,19.3216,19.3216,0.0000,0.0000,463.7194,0.01183344,57.9649,55.6772,425.0761,427.3638,0.01084732,0.0109057,0.00049306,4.6858,5.6707,0.0774,15.5820,0.2688,1264.1035,201.3548,4.5499,4.6885,2.0771,4.1543,6.1317,8.4025,10.5031,18.5864,3.9466,-2.0771,2.528253,4.474023,1.127938,29,192,48,6,0.01915741,0.01232650,0.05216444,0E-8,0.000000,0.903271,0.017936,-0.04061604,2026-05-16,2026-07-20,31,1797,733,66,0.469697,0.970424,0.970991,0.063858,,,,,,,,GLOBAL_BASELINE_NO_ENTITY_RANKING,,,NOT_APPLICABLE_GLOBAL_BASELINE,HF9g-P5,,,,X 全窗基线 · 不参与实体赏罚,8395075,840,A168_HF9F_20260827_0900,2026-08-27 09:00:00
2026-05-16,150107794,1963,0,9.4527885727,-9.4527885727,-9.4527885727,0E-7,2,2,0.50665070000000000,0.506650700000,-1.4331513700195317,-1.4331513700195317,-1.4331513700195317,0E-17,ELIGIBLE,R03b_20260811_FULL_v1,L1_ELIGIBILITY,v2026-08-11,2026-03-21..2026-08-06,baccarat_bet02_101_all_pairs_incl_sentinel,round_win = game_pnl > 0 (decisive only),COMPATIBILITY_ONLY_NOT_PRODUCTION,39187.2093,35396.6747,483.0410,8363,6242,-0.01232650,-0.05216444,-0.01154840,-0.01232650,-483.0410,39187.2093,OK,0.0000,19.3216,4.0000,96.0000,AG03-UNRESOLVED,ALL5_LEVELS_bet23_to_bet27,19.3216,19.3216,19.3216,0.0000,0.0000,4.000000,4.000000,4.000000,0.000000,0.000000,96.000000,96.000000,96.000000,100.000000,100.000000,5.0,57.9649,55.6772,425.0761,427.3638,PENDING_AG03,FALSE,NOT_FOR_ENFORCEMENT,463.7194,33980.8077,483.0410,463.7194,19.3216,0.01232650,0.01183344,19.3216,463.7194,0.01183344,19.3216,19.3216,19.3216,0.0000,0.0000,463.7194,0.01183344,57.9649,55.6772,425.0761,427.3638,0.01084732,0.0109057,0.00049306,4.6858,5.6707,0.0774,15.5820,0.2688,1264.1035,201.3548,4.5499,4.6885,2.0771,4.1543,6.1317,8.4025,10.5031,18.5864,3.9466,-2.0771,2.528253,4.474023,1.127938,29,192,48,6,0.01915741,0.01232650,0.05216444,0E-8,0.000000,0.903271,0.017936,-0.04061604,2026-05-16,2026-07-20,31,1797,733,66,0.469697,0.970424,0.970991,0.063858,,,,,,,,GLOBAL_BASELINE_NO_ENTITY_RANKING,,,NOT_APPLICABLE_GLOBAL_BASELINE,HF9g-P5,,,,X 全窗基线 · 不参与实体赏罚,8395076,840,A168_HF9F_20260827_0900,2026-08-27 09:00:00
2026-05-16,150107794,1985,0,6.3018590484,-6.3018590484,-6.3018590484,0E-7,2,1,0.36036460000000000,0.293924150000,-0.7505935278881406,-0.6451964315166089,-0.7505935278881406,0.06644045000000000,ELIGIBLE,R03b_20260811_FULL_v1,L1_ELIGIBILITY,v2026-08-11,2026-03-21..2026-08-06,baccarat_bet02_101_all_pairs_incl_sentinel,round_win = game_pnl > 0 (decisive only),COMPATIBILITY_ONLY_NOT_PRODUCTION,39187.2093,35396.6747,483.0410,8363,6242,-0.01232650,-0.05216444,-0.01154840,-0.01232650,-483.0410,39187.2093,OK,0.0000,19.3216,4.0000,96.0000,AG03-UNRESOLVED,ALL5_LEVELS_bet23_to_bet27,19.3216,19.3216,19.3216,0.0000,0.0000,4.000000,4.000000,4.000000,0.000000,0.000000,96.000000,96.000000,96.000000,100.000000,100.000000,5.0,57.9649,55.6772,425.0761,427.3638,PENDING_AG03,FALSE,NOT_FOR_ENFORCEMENT,463.7194,33980.8077,483.0410,463.7194,19.3216,0.01232650,0.01183344,19.3216,463.7194,0.01183344,19.3216,19.3216,19.3216,0.0000,0.0000,463.7194,0.01183344,57.9649,55.6772,425.0761,427.3638,0.01084732,0.0109057,0.00049306,4.6858,5.6707,0.0774,15.5820,0.2688,1264.1035,201.3548,4.5499,4.6885,2.0771,4.1543,6.1317,8.4025,10.5031,18.5864,3.9466,-2.0771,2.528253,4.474023,1.127938,29,192,48,6,0.01915741,0.01232650,0.05216444,0E-8,0.000000,0.903271,0.017936,-0.04061604,2026-05-16,2026-07-20,31,1797,733,66,0.469697,0.970424,0.970991,0.063858,,,,,,,,GLOBAL_BASELINE_NO_ENTITY_RANKING,,,NOT_APPLICABLE_GLOBAL_BASELINE,HF9g-P5,,,,X 全窗基线 · 不参与实体赏罚,8395077,840,A168_HF9F_20260827_0900,2026-08-27 09:00:00
2026-05-16,150107794,2088,0,2.1006196828,-2.1006196828,-2.1006196828,0E-7,1,1,0.49324550000000000,0.493245500000,-0.9865810262130424,-0.9865810262130424,-0.9865810262130424,0E-17,ELIGIBLE,R03b_20260811_FULL_v1,L1_ELIGIBILITY,v2026-08-11,2026-03-21..2026-08-06,baccarat_bet02_101_all_pairs_incl_sentinel,round_win = game_pnl > 0 (decisive only),COMPATIBILITY_ONLY_NOT_PRODUCTION,39187.2093,35396.6747,483.0410,8363,6242,-0.01232650,-0.05216444,-0.01154840,-0.01232650,-483.0410,39187.2093,OK,0.0000,19.3216,4.0000,96.0000,AG03-UNRESOLVED,ALL5_LEVELS_bet23_to_bet27,19.3216,19.3216,19.3216,0.0000,0.0000,4.000000,4.000000,4.000000,0.000000,0.000000,96.000000,96.000000,96.000000,100.000000,100.000000,5.0,57.9649,55.6772,425.0761,427.3638,PENDING_AG03,FALSE,NOT_FOR_ENFORCEMENT,463.7194,33980.8077,483.0410,463.7194,19.3216,0.01232650,0.01183344,19.3216,463.7194,0.01183344,19.3216,19.3216,19.3216,0.0000,0.0000,463.7194,0.01183344,57.9649,55.6772,425.0761,427.3638,0.01084732,0.0109057,0.00049306,4.6858,5.6707,0.0774,15.5820,0.2688,1264.1035,201.3548,4.5499,4.6885,2.0771,4.1543,6.1317,8.4025,10.5031,18.5864,3.9466,-2.0771,2.528253,4.474023,1.127938,29,192,48,6,0.01915741,0.01232650,0.05216444,0E-8,0.000000,0.903271,0.017936,-0.04061604,2026-05-16,2026-07-20,31,1797,733,66,0.469697,0.970424,0.970991,0.063858,,,,,,,,GLOBAL_BASELINE_NO_ENTITY_RANKING,,,NOT_APPLICABLE_GLOBAL_BASELINE,HF9g-P5,,,,X 全窗基线 · 不参与实体赏罚,8395078,840,A168_HF9F_20260827_0900,2026-08-27 09:00:00
2026-05-16,150107794,2101,0,16.8049574624,-4.2012393656,-4.2012393656,0.5000000,6,4,0.41242913750000000,0.395260475000,0.3557827005731765,0.4284643812454088,0.3557827005731765,0.01716866250000000,ELIGIBLE,R03b_20260811_FULL_v1,L1_ELIGIBILITY,v2026-08-11,2026-03-21..2026-08-06,baccarat_bet02_101_all_pairs_incl_sentinel,round_win = game_pnl > 0 (decisive only),COMPATIBILITY_ONLY_NOT_PRODUCTION,39187.2093,35396.6747,483.0410,8363,6242,-0.01232650,-0.05216444,-0.01154840,-0.01232650,-483.0410,39187.2093,OK,0.0000,19.3216,4.0000,96.0000,AG03-UNRESOLVED,ALL5_LEVELS_bet23_to_bet27,19.3216,19.3216,19.3216,0.0000,0.0000,4.000000,4.000000,4.000000,0.000000,0.000000,96.000000,96.000000,96.000000,100.000000,100.000000,5.0,57.9649,55.6772,425.0761,427.3638,PENDING_AG03,FALSE,NOT_FOR_ENFORCEMENT,463.7194,33980.8077,483.0410,463.7194,19.3216,0.01232650,0.01183344,19.3216,463.7194,0.01183344,19.3216,19.3216,19.3216,0.0000,0.0000,463.7194,0.01183344,57.9649,55.6772,425.0761,427.3638,0.01084732,0.0109057,0.00049306,4.6858,5.6707,0.0774,15.5820,0.2688,1264.1035,201.3548,4.5499,4.6885,2.0771,4.1543,6.1317,8.4025,10.5031,18.5864,3.9466,-2.0771,2.528253,4.474023,1.127938,29,192,48,6,0.01915741,0.01232650,0.05216444,0E-8,0.000000,0.903271,0.017936,-0.04061604,2026-05-16,2026-07-20,31,1797,733,66,0.469697,0.970424,0.970991,0.063858,,,,,,,,GLOBAL_BASELINE_NO_ENTITY_RANKING,,,NOT_APPLICABLE_GLOBAL_BASELINE,HF9g-P5,,,,X 全窗基线 · 不参与实体赏罚,8395079,840,A168_HF9F_20260827_0900,2026-08-27 09:00:00
2026-05-16,150107794,2115,0,6.3018590484,-6.3018590484,-6.3018590484,0E-7,1,1,0.50665070000000000,0.506650700000,-1.013391052207602,-1.013391052207602,-1.013391052207602,0E-17,ELIGIBLE,R03b_20260811_FULL_v1,L1_ELIGIBILITY,v2026-08-11,2026-03-21..2026-08-06,baccarat_bet02_101_all_pairs_incl_sentinel,round_win = game_pnl > 0 (decisive only),COMPATIBILITY_ONLY_NOT_PRODUCTION,39187.2093,35396.6747,483.0410,8363,6242,-0.01232650,-0.05216444,-0.01154840,-0.01232650,-483.0410,39187.2093,OK,0.0000,19.3216,4.0000,96.0000,AG03-UNRESOLVED,ALL5_LEVELS_bet23_to_bet27,19.3216,19.3216,19.3216,0.0000,0.0000,4.000000,4.000000,4.000000,0.000000,0.000000,96.000000,96.000000,96.000000,100.000000,100.000000,5.0,57.9649,55.6772,425.0761,427.3638,PENDING_AG03,FALSE,NOT_FOR_ENFORCEMENT,463.7194,33980.8077,483.0410,463.7194,19.3216,0.01232650,0.01183344,19.3216,463.7194,0.01183344,19.3216,19.3216,19.3216,0.0000,0.0000,463.7194,0.01183344,57.9649,55.6772,425.0761,427.3638,0.01084732,0.0109057,0.00049306,4.6858,5.6707,0.0774,15.5820,0.2688,1264.1035,201.3548,4.5499,4.6885,2.0771,4.1543,6.1317,8.4025,10.5031,18.5864,3.9466,-2.0771,2.528253,4.474023,1.127938,29,192,48,6,0.01915741,0.01232650,0.05216444,0E-8,0.000000,0.903271,0.017936,-0.04061604,2026-05-16,2026-07-20,31,1797,733,66,0.469697,0.970424,0.970991,0.063858,,,,,,,,GLOBAL_BASELINE_NO_ENTITY_RANKING,,,NOT_APPLICABLE_GLOBAL_BASELINE,HF9g-P5,,,,X 全窗基线 · 不参与实体赏罚,8395080,840,A168_HF9F_20260827_0900,2026-08-27 09:00:00
2026-05-16,150107794,2127,0,6.3018590484,-6.3018590484,-6.3018590484,0E-7,1,1,0.50665070000000000,0.506650700000,-1.013391052207602,-1.013391052207602,-1.013391052207602,0E-17,ELIGIBLE,R03b_20260811_FULL_v1,L1_ELIGIBILITY,v2026-08-11,2026-03-21..2026-08-06,baccarat_bet02_101_all_pairs_incl_sentinel,round_win = game_pnl > 0 (decisive only),COMPATIBILITY_ONLY_NOT_PRODUCTION,39187.2093,35396.6747,483.0410,8363,6242,-0.01232650,-0.05216444,-0.01154840,-0.01232650,-483.0410,39187.2093,OK,0.0000,19.3216,4.0000,96.0000,AG03-UNRESOLVED,ALL5_LEVELS_bet23_to_bet27,19.3216,19.3216,19.3216,0.0000,0.0000,4.000000,4.000000,4.000000,0.000000,0.000000,96.000000,96.000000,96.000000,100.000000,100.000000,5.0,57.9649,55.6772,425.0761,427.3638,PENDING_AG03,FALSE,NOT_FOR_ENFORCEMENT,463.7194,33980.8077,483.0410,463.7194,19.3216,0.01232650,0.01183344,19.3216,463.7194,0.01183344,19.3216,19.3216,19.3216,0.0000,0.0000,463.7194,0.01183344,57.9649,55.6772,425.0761,427.3638,0.01084732,0.0109057,0.00049306,4.6858,5.6707,0.0774,15.5820,0.2688,1264.1035,201.3548,4.5499,4.6885,2.0771,4.1543,6.1317,8.4025,10.5031,18.5864,3.9466,-2.0771,2.528253,4.474023,1.127938,29,192,48,6,0.01915741,0.01232650,0.05216444,0E-8,0.000000,0.903271,0.017936,-0.04061604,2026-05-16,2026-07-20,31,1797,733,66,0.469697,0.970424,0.970991,0.063858,,,,,,,,GLOBAL_BASELINE_NO_ENTITY_RANKING,,,NOT_APPLICABLE_GLOBAL_BASELINE,HF9g-P5,,,,X 全窗基线 · 不参与实体赏罚,8395081,840,A168_HF9F_20260827_0900,2026-08-27 09:00:00
2026-05-16,150107794,2130,0,25.2074361936,-16.8049574624,-16.8049574624,0.2000000,5,5,0.49860758000000000,0.498607580000,-1.3354188732730328,-1.3354188732730328,-1.3354188732730328,0E-17,ELIGIBLE,R03b_20260811_FULL_v1,L1_ELIGIBILITY,v2026-08-11,2026-03-21..2026-08-06,baccarat_bet02_101_all_pairs_incl_sentinel,round_win = game_pnl > 0 (decisive only),COMPATIBILITY_ONLY_NOT_PRODUCTION,39187.2093,35396.6747,483.0410,8363,6242,-0.01232650,-0.05216444,-0.01154840,-0.01232650,-483.0410,39187.2093,OK,0.0000,19.3216,4.0000,96.0000,AG03-UNRESOLVED,ALL5_LEVELS_bet23_to_bet27,19.3216,19.3216,19.3216,0.0000,0.0000,4.000000,4.000000,4.000000,0.000000,0.000000,96.000000,96.000000,96.000000,100.000000,100.000000,5.0,57.9649,55.6772,425.0761,427.3638,PENDING_AG03,FALSE,NOT_FOR_ENFORCEMENT,463.7194,33980.8077,483.0410,463.7194,19.3216,0.01232650,0.01183344,19.3216,463.7194,0.01183344,19.3216,19.3216,19.3216,0.0000,0.0000,463.7194,0.01183344,57.9649,55.6772,425.0761,427.3638,0.01084732,0.0109057,0.00049306,4.6858,5.6707,0.0774,15.5820,0.2688,1264.1035,201.3548,4.5499,4.6885,2.0771,4.1543,6.1317,8.4025,10.5031,18.5864,3.9466,-2.0771,2.528253,4.474023,1.127938,29,192,48,6,0.01915741,0.01232650,0.05216444,0E-8,0.000000,0.903271,0.017936,-0.04061604,2026-05-16,2026-07-20,31,1797,733,66,0.469697,0.970424,0.970991,0.063858,,,,,,,,GLOBAL_BASELINE_NO_ENTITY_RANKING,,,NOT_APPLICABLE_GLOBAL_BASELINE,HF9g-P5,,,,X 全窗基线 · 不参与实体赏罚,8395082,840,A168_HF9F_20260827_0900,2026-08-27 09:00:00
2026-05-16,150107794,2153,0,47.4740048314,-2.2056506669,-2.2056506669,0.5000000,6,6,0.49994810000000000,0.499948100000,0.00025425703667063243,0.00025425703667063243,0.00025425703667063243,0E-17,ELIGIBLE,R03b_20260811_FULL_v1,L1_ELIGIBILITY,v2026-08-11,2026-03-21..2026-08-06,baccarat_bet02_101_all_pairs_incl_sentinel,round_win = game_pnl > 0 (decisive only),COMPATIBILITY_ONLY_NOT_PRODUCTION,39187.2093,35396.6747,483.0410,8363,6242,-0.01232650,-0.05216444,-0.01154840,-0.01232650,-483.0410,39187.2093,OK,0.0000,19.3216,4.0000,96.0000,AG03-UNRESOLVED,ALL5_LEVELS_bet23_to_bet27,19.3216,19.3216,19.3216,0.0000,0.0000,4.000000,4.000000,4.000000,0.000000,0.000000,96.000000,96.000000,96.000000,100.000000,100.000000,5.0,57.9649,55.6772,425.0761,427.3638,PENDING_AG03,FALSE,NOT_FOR_ENFORCEMENT,463.7194,33980.8077,483.0410,463.7194,19.3216,0.01232650,0.01183344,19.3216,463.7194,0.01183344,19.3216,19.3216,19.3216,0.0000,0.0000,463.7194,0.01183344,57.9649,55.6772,425.0761,427.3638,0.01084732,0.0109057,0.00049306,4.6858,5.6707,0.0774,15.5820,0.2688,1264.1035,201.3548,4.5499,4.6885,2.0771,4.1543,6.1317,8.4025,10.5031,18.5864,3.9466,-2.0771,2.528253,4.474023,1.127938,29,192,48,6,0.01915741,0.01232650,0.05216444,0E-8,0.000000,0.903271,0.017936,-0.04061604,2026-05-16,2026-07-20,31,1797,733,66,0.469697,0.970424,0.970991,0.063858,,,,,,,,GLOBAL_BASELINE_NO_ENTITY_RANKING,,,NOT_APPLICABLE_GLOBAL_BASELINE,HF9g-P5,,,,X 全窗基线 · 不参与实体赏罚,8395083,840,A168_HF9F_20260827_0900,2026-08-27 09:00:00
2026-05-16,150107794,2169,0,4.2012393656,-4.2012393656,-4.2012393656,0E-7,1,1,0.50665070000000000,0.506650700000,-1.013391052207602,-1.013391052207602,-1.013391052207602,0E-17,ELIGIBLE,R03b_20260811_FULL_v1,L1_ELIGIBILITY,v2026-08-11,2026-03-21..2026-08-06,baccarat_bet02_101_all_pairs_incl_sentinel,round_win = game_pnl > 0 (decisive only),COMPATIBILITY_ONLY_NOT_PRODUCTION,39187.2093,35396.6747,483.0410,8363,6242,-0.01232650,-0.05216444,-0.01154840,-0.01232650,-483.0410,39187.2093,OK,0.0000,19.3216,4.0000,96.0000,AG03-UNRESOLVED,ALL5_LEVELS_bet23_to_bet27,19.3216,19.3216,19.3216,0.0000,0.0000,4.000000,4.000000,4.000000,0.000000,0.000000,96.000000,96.000000,96.000000,100.000000,100.000000,5.0,57.9649,55.6772,425.0761,427.3638,PENDING_AG03,FALSE,NOT_FOR_ENFORCEMENT,463.7194,33980.8077,483.0410,463.7194,19.3216,0.01232650,0.01183344,19.3216,463.7194,0.01183344,19.3216,19.3216,19.3216,0.0000,0.0000,463.7194,0.01183344,57.9649,55.6772,425.0761,427.3638,0.01084732,0.0109057,0.00049306,4.6858,5.6707,0.0774,15.5820,0.2688,1264.1035,201.3548,4.5499,4.6885,2.0771,4.1543,6.1317,8.4025,10.5031,18.5864,3.9466,-2.0771,2.528253,4.474023,1.127938,29,192,48,6,0.01915741,0.01232650,0.05216444,0E-8,0.000000,0.903271,0.017936,-0.04061604,2026-05-16,2026-07-20,31,1797,733,66,0.469697,0.970424,0.970991,0.063858,,,,,,,,GLOBAL_BASELINE_NO_ENTITY_RANKING,,,NOT_APPLICABLE_GLOBAL_BASELINE,HF9g-P5,,,,X 全窗基线 · 不参与实体赏罚,8395084,840,A168_HF9F_20260827_0900,2026-08-27 09:00:00
2026-05-16,150107794,2174,0,195.3576305004,-9.3477575882,-9.3477575882,0.4666667,30,16,0.44625254212053572,0.338242181250,0.15904871522429156,1.0513081712887293,0.15904871522429156,0.10801036087053572,ELIGIBLE,R03b_20260811_FULL_v1,L1_ELIGIBILITY,v2026-08-11,2026-03-21..2026-08-06,baccarat_bet02_101_all_pairs_incl_sentinel,round_win = game_pnl > 0 (decisive only),COMPATIBILITY_ONLY_NOT_PRODUCTION,39187.2093,35396.6747,483.0410,8363,6242,-0.01232650,-0.05216444,-0.01154840,-0.01232650,-483.0410,39187.2093,OK,0.0000,19.3216,4.0000,96.0000,AG03-UNRESOLVED,ALL5_LEVELS_bet23_to_bet27,19.3216,19.3216,19.3216,0.0000,0.0000,4.000000,4.000000,4.000000,0.000000,0.000000,96.000000,96.000000,96.000000,100.000000,100.000000,5.0,57.9649,55.6772,425.0761,427.3638,PENDING_AG03,FALSE,NOT_FOR_ENFORCEMENT,463.7194,33980.8077,483.0410,463.7194,19.3216,0.01232650,0.01183344,19.3216,463.7194,0.01183344,19.3216,19.3216,19.3216,0.0000,0.0000,463.7194,0.01183344,57.9649,55.6772,425.0761,427.3638,0.01084732,0.0109057,0.00049306,4.6858,5.6707,0.0774,15.5820,0.2688,1264.1035,201.3548,4.5499,4.6885,2.0771,4.1543,6.1317,8.4025,10.5031,18.5864,3.9466,-2.0771,2.528253,4.474023,1.127938,29,192,48,6,0.01915741,0.01232650,0.05216444,0E-8,0.000000,0.903271,0.017936,-0.04061604,2026-05-16,2026-07-20,31,1797,733,66,0.469697,0.970424,0.970991,0.063858,,,,,,,,GLOBAL_BASELINE_NO_ENTITY_RANKING,,,NOT_APPLICABLE_GLOBAL_BASELINE,HF9g-P5,,,,X 全窗基线 · 不参与实体赏罚,8395085,840,A168_HF9F_20260827_0900,2026-08-27 09:00:00
2026-05-16,150107794,2175,0,19.3257010818,6.5119210167,6.5119210167,0.6666667,3,3,0.49771390000000000,0.497713900000,0.5852756695216578,0.5852756695216578,0.5852756695216578,0E-17,ELIGIBLE,R03b_20260811_FULL_v1,L1_ELIGIBILITY,v2026-08-11,2026-03-21..2026-08-06,baccarat_bet02_101_all_pairs_incl_sentinel,round_win = game_pnl > 0 (decisive only),COMPATIBILITY_ONLY_NOT_PRODUCTION,39187.2093,35396.6747,483.0410,8363,6242,-0.01232650,-0.05216444,-0.01154840,-0.01232650,-483.0410,39187.2093,OK,0.0000,19.3216,4.0000,96.0000,AG03-UNRESOLVED,ALL5_LEVELS_bet23_to_bet27,19.3216,19.3216,19.3216,0.0000,0.0000,4.000000,4.000000,4.000000,0.000000,0.000000,96.000000,96.000000,96.000000,100.000000,100.000000,5.0,57.9649,55.6772,425.0761,427.3638,PENDING_AG03,FALSE,NOT_FOR_ENFORCEMENT,463.7194,33980.8077,483.0410,463.7194,19.3216,0.01232650,0.01183344,19.3216,463.7194,0.01183344,19.3216,19.3216,19.3216,0.0000,0.0000,463.7194,0.01183344,57.9649,55.6772,425.0761,427.3638,0.01084732,0.0109057,0.00049306,4.6858,5.6707,0.0774,15.5820,0.2688,1264.1035,201.3548,4.5499,4.6885,2.0771,4.1543,6.1317,8.4025,10.5031,18.5864,3.9466,-2.0771,2.528253,4.474023,1.127938,29,192,48,6,0.01915741,0.01232650,0.05216444,0E-8,0.000000,0.903271,0.017936,-0.04061604,2026-05-16,2026-07-20,31,1797,733,66,0.469697,0.970424,0.970991,0.063858,,,,,,,,GLOBAL_BASELINE_NO_ENTITY_RANKING,,,NOT_APPLICABLE_GLOBAL_BASELINE,HF9g-P5,,,,X 全窗基线 · 不参与实体赏罚,8395086,840,A168_HF9F_20260827_0900,2026-08-27 09:00:00
2026-05-16,150107794,2201,0,21.0061968280,2.1006196829,2.1006196829,0.3333333,5,3,0.40912663333333333,0.364833000000,-0.2670025200101892,-0.11333800532433629,-0.2670025200101892,0.04429363333333333,ELIGIBLE,R03b_20260811_FULL_v1,L1_ELIGIBILITY,v2026-08-11,2026-03-21..2026-08-06,baccarat_bet02_101_all_pairs_incl_sentinel,round_win = game_pnl > 0 (decisive only),COMPATIBILITY_ONLY_NOT_PRODUCTION,39187.2093,35396.6747,483.0410,8363,6242,-0.01232650,-0.05216444,-0.01154840,-0.01232650,-483.0410,39187.2093,OK,0.0000,19.3216,4.0000,96.0000,AG03-UNRESOLVED,ALL5_LEVELS_bet23_to_bet27,19.3216,19.3216,19.3216,0.0000,0.0000,4.000000,4.000000,4.000000,0.000000,0.000000,96.000000,96.000000,96.000000,100.000000,100.000000,5.0,57.9649,55.6772,425.0761,427.3638,PENDING_AG03,FALSE,NOT_FOR_ENFORCEMENT,463.7194,33980.8077,483.0410,463.7194,19.3216,0.01232650,0.01183344,19.3216,463.7194,0.01183344,19.3216,19.3216,19.3216,0.0000,0.0000,463.7194,0.01183344,57.9649,55.6772,425.0761,427.3638,0.01084732,0.0109057,0.00049306,4.6858,5.6707,0.0774,15.5820,0.2688,1264.1035,201.3548,4.5499,4.6885,2.0771,4.1543,6.1317,8.4025,10.5031,18.5864,3.9466,-2.0771,2.528253,4.474023,1.127938,29,192,48,6,0.01915741,0.01232650,0.05216444,0E-8,0.000000,0.903271,0.017936,-0.04061604,2026-05-16,2026-07-20,31,1797,733,66,0.469697,0.970424,0.970991,0.063858,,,,,,,,GLOBAL_BASELINE_NO_ENTITY_RANKING,,,NOT_APPLICABLE_GLOBAL_BASELINE,HF9g-P5,,,,X 全窗基线 · 不参与实体赏罚,8395087,840,A168_HF9F_20260827_0900,2026-08-27 09:00:00
2026-05-16,150107794,2216,0,18.9055771452,2.1006196828,2.1006196828,0.6666667,4,3,0.46337657500000000,0.429039250000,0.7061142695478884,0.8315828698512764,0.7061142695478884,0.03433732500000000,ELIGIBLE,R03b_20260811_FULL_v1,L1_ELIGIBILITY,v2026-08-11,2026-03-21..2026-08-06,baccarat_bet02_101_all_pairs_incl_sentinel,round_win = game_pnl > 0 (decisive only),COMPATIBILITY_ONLY_NOT_PRODUCTION,39187.2093,35396.6747,483.0410,8363,6242,-0.01232650,-0.05216444,-0.01154840,-0.01232650,-483.0410,39187.2093,OK,0.0000,19.3216,4.0000,96.0000,AG03-UNRESOLVED,ALL5_LEVELS_bet23_to_bet27,19.3216,19.3216,19.3216,0.0000,0.0000,4.000000,4.000000,4.000000,0.000000,0.000000,96.000000,96.000000,96.000000,100.000000,100.000000,5.0,57.9649,55.6772,425.0761,427.3638,PENDING_AG03,FALSE,NOT_FOR_ENFORCEMENT,463.7194,33980.8077,483.0410,463.7194,19.3216,0.01232650,0.01183344,19.3216,463.7194,0.01183344,19.3216,19.3216,19.3216,0.0000,0.0000,463.7194,0.01183344,57.9649,55.6772,425.0761,427.3638,0.01084732,0.0109057,0.00049306,4.6858,5.6707,0.0774,15.5820,0.2688,1264.1035,201.3548,4.5499,4.6885,2.0771,4.1543,6.1317,8.4025,10.5031,18.5864,3.9466,-2.0771,2.528253,4.474023,1.127938,29,192,48,6,0.01915741,0.01232650,0.05216444,0E-8,0.000000,0.903271,0.017936,-0.04061604,2026-05-16,2026-07-20,31,1797,733,66,0.469697,0.970424,0.970991,0.063858,,,,,,,,GLOBAL_BASELINE_NO_ENTITY_RANKING,,,NOT_APPLICABLE_GLOBAL_BASELINE,HF9g-P5,,,,X 全窗基线 · 不参与实体赏罚,8395088,840,A168_HF9F_20260827_0900,2026-08-27 09:00:00
2026-05-16,150107794,2218,0,10.5030984140,-2.3106816511,-2.3106816511,0.3333333,3,3,0.50218230000000000,0.502182300000,-0.5849155494134425,-0.5849155494134426,-0.5849155494134425,0E-17,ELIGIBLE,R03b_20260811_FULL_v1,L1_ELIGIBILITY,v2026-08-11,2026-03-21..2026-08-06,baccarat_bet02_101_all_pairs_incl_sentinel,round_win = game_pnl > 0 (decisive only),COMPATIBILITY_ONLY_NOT_PRODUCTION,39187.2093,35396.6747,483.0410,8363,6242,-0.01232650,-0.05216444,-0.01154840,-0.01232650,-483.0410,39187.2093,OK,0.0000,19.3216,4.0000,96.0000,AG03-UNRESOLVED,ALL5_LEVELS_bet23_to_bet27,19.3216,19.3216,19.3216,0.0000,0.0000,4.000000,4.000000,4.000000,0.000000,0.000000,96.000000,96.000000,96.000000,100.000000,100.000000,5.0,57.9649,55.6772,425.0761,427.3638,PENDING_AG03,FALSE,NOT_FOR_ENFORCEMENT,463.7194,33980.8077,483.0410,463.7194,19.3216,0.01232650,0.01183344,19.3216,463.7194,0.01183344,19.3216,19.3216,19.3216,0.0000,0.0000,463.7194,0.01183344,57.9649,55.6772,425.0761,427.3638,0.01084732,0.0109057,0.00049306,4.6858,5.6707,0.0774,15.5820,0.2688,1264.1035,201.3548,4.5499,4.6885,2.0771,4.1543,6.1317,8.4025,10.5031,18.5864,3.9466,-2.0771,2.528253,4.474023,1.127938,29,192,48,6,0.01915741,0.01232650,0.05216444,0E-8,0.000000,0.903271,0.017936,-0.04061604,2026-05-16,2026-07-20,31,1797,733,66,0.469697,0.970424,0.970991,0.063858,,,,,,,,GLOBAL_BASELINE_NO_ENTITY_RANKING,,,NOT_APPLICABLE_GLOBAL_BASELINE,HF9g-P5,,,,X 全窗基线 · 不参与实体赏罚,8395089,840,A168_HF9F_20260827_0900,2026-08-27 09:00:00
2026-05-16,150107794,2220,0,18.9055771452,-2.1006196828,-2.1006196828,0.3333333,3,3,0.50218230000000000,0.502182300000,-0.5849155494134425,-0.5849155494134426,-0.5849155494134425,0E-17,ELIGIBLE,R03b_20260811_FULL_v1,L1_ELIGIBILITY,v2026-08-11,2026-03-21..2026-08-06,baccarat_bet02_101_all_pairs_incl_sentinel,round_win = game_pnl > 0 (decisive only),COMPATIBILITY_ONLY_NOT_PRODUCTION,39187.2093,35396.6747,483.0410,8363,6242,-0.01232650,-0.05216444,-0.01154840,-0.01232650,-483.0410,39187.2093,OK,0.0000,19.3216,4.0000,96.0000,AG03-UNRESOLVED,ALL5_LEVELS_bet23_to_bet27,19.3216,19.3216,19.3216,0.0000,0.0000,4.000000,4.000000,4.000000,0.000000,0.000000,96.000000,96.000000,96.000000,100.000000,100.000000,5.0,57.9649,55.6772,425.0761,427.3638,PENDING_AG03,FALSE,NOT_FOR_ENFORCEMENT,463.7194,33980.8077,483.0410,463.7194,19.3216,0.01232650,0.01183344,19.3216,463.7194,0.01183344,19.3216,19.3216,19.3216,0.0000,0.0000,463.7194,0.01183344,57.9649,55.6772,425.0761,427.3638,0.01084732,0.0109057,0.00049306,4.6858,5.6707,0.0774,15.5820,0.2688,1264.1035,201.3548,4.5499,4.6885,2.0771,4.1543,6.1317,8.4025,10.5031,18.5864,3.9466,-2.0771,2.528253,4.474023,1.127938,29,192,48,6,0.01915741,0.01232650,0.05216444,0E-8,0.000000,0.903271,0.017936,-0.04061604,2026-05-16,2026-07-20,31,1797,733,66,0.469697,0.970424,0.970991,0.063858,,,,,,,,GLOBAL_BASELINE_NO_ENTITY_RANKING,,,NOT_APPLICABLE_GLOBAL_BASELINE,HF9g-P5,,,,X 全窗基线 · 不参与实体赏罚,8395090,840,A168_HF9F_20260827_0900,2026-08-27 09:00:00
2026-05-16,150107794,2224,0,10.5030984140,-6.4068900325,-6.4068900325,0.3333333,4,3,0.45342026666666667,0.431273450000,-0.4178103128468822,-0.34252567542352924,-0.4178103128468822,0.02214681666666667,ELIGIBLE,R03b_20260811_FULL_v1,L1_ELIGIBILITY,v2026-08-11,2026-03-21..2026-08-06,baccarat_bet02_101_all_pairs_incl_sentinel,round_win = game_pnl > 0 (decisive only),COMPATIBILITY_ONLY_NOT_PRODUCTION,39187.2093,35396.6747,483.0410,8363,6242,-0.01232650,-0.05216444,-0.01154840,-0.01232650,-483.0410,39187.2093,OK,0.0000,19.3216,4.0000,96.0000,AG03-UNRESOLVED,ALL5_LEVELS_bet23_to_bet27,19.3216,19.3216,19.3216,0.0000,0.0000,4.000000,4.000000,4.000000,0.000000,0.000000,96.000000,96.000000,96.000000,100.000000,100.000000,5.0,57.9649,55.6772,425.0761,427.3638,PENDING_AG03,FALSE,NOT_FOR_ENFORCEMENT,463.7194,33980.8077,483.0410,463.7194,19.3216,0.01232650,0.01183344,19.3216,463.7194,0.01183344,19.3216,19.3216,19.3216,0.0000,0.0000,463.7194,0.01183344,57.9649,55.6772,425.0761,427.3638,0.01084732,0.0109057,0.00049306,4.6858,5.6707,0.0774,15.5820,0.2688,1264.1035,201.3548,4.5499,4.6885,2.0771,4.1543,6.1317,8.4025,10.5031,18.5864,3.9466,-2.0771,2.528253,4.474023,1.127938,29,192,48,6,0.01915741,0.01232650,0.05216444,0E-8,0.000000,0.903271,0.017936,-0.04061604,2026-05-16,2026-07-20,31,1797,733,66,0.469697,0.970424,0.970991,0.063858,,,,,,,,GLOBAL_BASELINE_NO_ENTITY_RANKING,,,NOT_APPLICABLE_GLOBAL_BASELINE,HF9g-P5,,,,X 全窗基线 · 不参与实体赏罚,8395091,840,A168_HF9F_20260827_0900,2026-08-27 09:00:00
2026-05-16,150107794,2233,0,5.0414872387,-5.0414872387,-5.0414872387,0E-7,1,1,0.49324550000000000,0.493245500000,-0.9865810262130424,-0.9865810262130424,-0.9865810262130424,0E-17,ELIGIBLE,R03b_20260811_FULL_v1,L1_ELIGIBILITY,v2026-08-11,2026-03-21..2026-08-06,baccarat_bet02_101_all_pairs_incl_sentinel,round_win = game_pnl > 0 (decisive only),COMPATIBILITY_ONLY_NOT_PRODUCTION,39187.2093,35396.6747,483.0410,8363,6242,-0.01232650,-0.05216444,-0.01154840,-0.01232650,-483.0410,39187.2093,OK,0.0000,19.3216,4.0000,96.0000,AG03-UNRESOLVED,ALL5_LEVELS_bet23_to_bet27,19.3216,19.3216,19.3216,0.0000,0.0000,4.000000,4.000000,4.000000,0.000000,0.000000,96.000000,96.000000,96.000000,100.000000,100.000000,5.0,57.9649,55.6772,425.0761,427.3638,PENDING_AG03,FALSE,NOT_FOR_ENFORCEMENT,463.7194,33980.8077,483.0410,463.7194,19.3216,0.01232650,0.01183344,19.3216,463.7194,0.01183344,19.3216,19.3216,19.3216,0.0000,0.0000,463.7194,0.01183344,57.9649,55.6772,425.0761,427.3638,0.01084732,0.0109057,0.00049306,4.6858,5.6707,0.0774,15.5820,0.2688,1264.1035,201.3548,4.5499,4.6885,2.0771,4.1543,6.1317,8.4025,10.5031,18.5864,3.9466,-2.0771,2.528253,4.474023,1.127938,29,192,48,6,0.01915741,0.01232650,0.05216444,0E-8,0.000000,0.903271,0.017936,-0.04061604,2026-05-16,2026-07-20,31,1797,733,66,0.469697,0.970424,0.970991,0.063858,,,,,,,,GLOBAL_BASELINE_NO_ENTITY_RANKING,,,NOT_APPLICABLE_GLOBAL_BASELINE,HF9g-P5,,,,X 全窗基线 · 不参与实体赏罚,8395092,840,A168_HF9F_20260827_0900,2026-08-27 09:00:00
2026-05-16,150107794,2234,0,16.8049574624,0E-10,0E-10,0.5000000,4,4,0.49659680000000000,0.496596800000,0.013613115331600182,0.013613115331600183,0.013613115331600182,0E-17,ELIGIBLE,R03b_20260811_FULL_v1,L1_ELIGIBILITY,v2026-08-11,2026-03-21..2026-08-06,baccarat_bet02_101_all_pairs_incl_sentinel,round_win = game_pnl > 0 (decisive only),COMPATIBILITY_ONLY_NOT_PRODUCTION,39187.2093,35396.6747,483.0410,8363,6242,-0.01232650,-0.05216444,-0.01154840,-0.01232650,-483.0410,39187.2093,OK,0.0000,19.3216,4.0000,96.0000,AG03-UNRESOLVED,ALL5_LEVELS_bet23_to_bet27,19.3216,19.3216,19.3216,0.0000,0.0000,4.000000,4.000000,4.000000,0.000000,0.000000,96.000000,96.000000,96.000000,100.000000,100.000000,5.0,57.9649,55.6772,425.0761,427.3638,PENDING_AG03,FALSE,NOT_FOR_ENFORCEMENT,463.7194,33980.8077,483.0410,463.7194,19.3216,0.01232650,0.01183344,19.3216,463.7194,0.01183344,19.3216,19.3216,19.3216,0.0000,0.0000,463.7194,0.01183344,57.9649,55.6772,425.0761,427.3638,0.01084732,0.0109057,0.00049306,4.6858,5.6707,0.0774,15.5820,0.2688,1264.1035,201.3548,4.5499,4.6885,2.0771,4.1543,6.1317,8.4025,10.5031,18.5864,3.9466,-2.0771,2.528253,4.474023,1.127938,29,192,48,6,0.01915741,0.01232650,0.05216444,0E-8,0.000000,0.903271,0.017936,-0.04061604,2026-05-16,2026-07-20,31,1797,733,66,0.469697,0.970424,0.970991,0.063858,,,,,,,,GLOBAL_BASELINE_NO_ENTITY_RANKING,,,NOT_APPLICABLE_GLOBAL_BASELINE,HF9g-P5,,,,X 全窗基线 · 不参与实体赏罚,8395093,840,A168_HF9F_20260827_0900,2026-08-27 09:00:00
2026-05-16,150107794,2235,0,29.4086755592,-8.4024787312,-8.4024787312,0.4000000,5,5,0.50128862000000000,0.501288620000,-0.4529779837142727,-0.4529779837142727,-0.4529779837142727,0E-17,ELIGIBLE,R03b_20260811_FULL_v1,L1_ELIGIBILITY,v2026-08-11,2026-03-21..2026-08-06,baccarat_bet02_101_all_pairs_incl_sentinel,round_win = game_pnl > 0 (decisive only),COMPATIBILITY_ONLY_NOT_PRODUCTION,39187.2093,35396.6747,483.0410,8363,6242,-0.01232650,-0.05216444,-0.01154840,-0.01232650,-483.0410,39187.2093,OK,0.0000,19.3216,4.0000,96.0000,AG03-UNRESOLVED,ALL5_LEVELS_bet23_to_bet27,19.3216,19.3216,19.3216,0.0000,0.0000,4.000000,4.000000,4.000000,0.000000,0.000000,96.000000,96.000000,96.000000,100.000000,100.000000,5.0,57.9649,55.6772,425.0761,427.3638,PENDING_AG03,FALSE,NOT_FOR_ENFORCEMENT,463.7194,33980.8077,483.0410,463.7194,19.3216,0.01232650,0.01183344,19.3216,463.7194,0.01183344,19.3216,19.3216,19.3216,0.0000,0.0000,463.7194,0.01183344,57.9649,55.6772,425.0761,427.3638,0.01084732,0.0109057,0.00049306,4.6858,5.6707,0.0774,15.5820,0.2688,1264.1035,201.3548,4.5499,4.6885,2.0771,4.1543,6.1317,8.4025,10.5031,18.5864,3.9466,-2.0771,2.528253,4.474023,1.127938,29,192,48,6,0.01915741,0.01232650,0.05216444,0E-8,0.000000,0.903271,0.017936,-0.04061604,2026-05-16,2026-07-20,31,1797,733,66,0.469697,0.970424,0.970991,0.063858,,,,,,,,GLOBAL_BASELINE_NO_ENTITY_RANKING,,,NOT_APPLICABLE_GLOBAL_BASELINE,HF9g-P5,,,,X 全窗基线 · 不参与实体赏罚,8395094,840,A168_HF9F_20260827_0900,2026-08-27 09:00:00
2026-05-16,150107794,2239,0,14.7043377796,-10.5030984140,-10.5030984140,0.3333333,3,3,0.49771390000000000,0.497713900000,-0.5694369385616226,-0.5694369385616226,-0.5694369385616226,0E-17,ELIGIBLE,R03b_20260811_FULL_v1,L1_ELIGIBILITY,v2026-08-11,2026-03-21..2026-08-06,baccarat_bet02_101_all_pairs_incl_sentinel,round_win = game_pnl > 0 (decisive only),COMPATIBILITY_ONLY_NOT_PRODUCTION,39187.2093,35396.6747,483.0410,8363,6242,-0.01232650,-0.05216444,-0.01154840,-0.01232650,-483.0410,39187.2093,OK,0.0000,19.3216,4.0000,96.0000,AG03-UNRESOLVED,ALL5_LEVELS_bet23_to_bet27,19.3216,19.3216,19.3216,0.0000,0.0000,4.000000,4.000000,4.000000,0.000000,0.000000,96.000000,96.000000,96.000000,100.000000,100.000000,5.0,57.9649,55.6772,425.0761,427.3638,PENDING_AG03,FALSE,NOT_FOR_ENFORCEMENT,463.7194,33980.8077,483.0410,463.7194,19.3216,0.01232650,0.01183344,19.3216,463.7194,0.01183344,19.3216,19.3216,19.3216,0.0000,0.0000,463.7194,0.01183344,57.9649,55.6772,425.0761,427.3638,0.01084732,0.0109057,0.00049306,4.6858,5.6707,0.0774,15.5820,0.2688,1264.1035,201.3548,4.5499,4.6885,2.0771,4.1543,6.1317,8.4025,10.5031,18.5864,3.9466,-2.0771,2.528253,4.474023,1.127938,29,192,48,6,0.01915741,0.01232650,0.05216444,0E-8,0.000000,0.903271,0.017936,-0.04061604,2026-05-16,2026-07-20,31,1797,733,66,0.469697,0.970424,0.970991,0.063858,,,,,,,,GLOBAL_BASELINE_NO_ENTITY_RANKING,,,NOT_APPLICABLE_GLOBAL_BASELINE,HF9g-P5,,,,X 全窗基线 · 不参与实体赏罚,8395095,840,A168_HF9F_20260827_0900,2026-08-27 09:00:00
2026-05-16,150107794,2242,0,8.4024787312,0E-10,0E-10,0.5000000,2,2,0.49324550000000000,0.493245500000,0.01910635448239258,0.01910635448239258,0.01910635448239258,0E-17,ELIGIBLE,R03b_20260811_FULL_v1,L1_ELIGIBILITY,v2026-08-11,2026-03-21..2026-08-06,baccarat_bet02_101_all_pairs_incl_sentinel,round_win = game_pnl > 0 (decisive only),COMPATIBILITY_ONLY_NOT_PRODUCTION,39187.2093,35396.6747,483.0410,8363,6242,-0.01232650,-0.05216444,-0.01154840,-0.01232650,-483.0410,39187.2093,OK,0.0000,19.3216,4.0000,96.0000,AG03-UNRESOLVED,ALL5_LEVELS_bet23_to_bet27,19.3216,19.3216,19.3216,0.0000,0.0000,4.000000,4.000000,4.000000,0.000000,0.000000,96.000000,96.000000,96.000000,100.000000,100.000000,5.0,57.9649,55.6772,425.0761,427.3638,PENDING_AG03,FALSE,NOT_FOR_ENFORCEMENT,463.7194,33980.8077,483.0410,463.7194,19.3216,0.01232650,0.01183344,19.3216,463.7194,0.01183344,19.3216,19.3216,19.3216,0.0000,0.0000,463.7194,0.01183344,57.9649,55.6772,425.0761,427.3638,0.01084732,0.0109057,0.00049306,4.6858,5.6707,0.0774,15.5820,0.2688,1264.1035,201.3548,4.5499,4.6885,2.0771,4.1543,6.1317,8.4025,10.5031,18.5864,3.9466,-2.0771,2.528253,4.474023,1.127938,29,192,48,6,0.01915741,0.01232650,0.05216444,0E-8,0.000000,0.903271,0.017936,-0.04061604,2026-05-16,2026-07-20,31,1797,733,66,0.469697,0.970424,0.970991,0.063858,,,,,,,,GLOBAL_BASELINE_NO_ENTITY_RANKING,,,NOT_APPLICABLE_GLOBAL_BASELINE,HF9g-P5,,,,X 全窗基线 · 不参与实体赏罚,8395096,840,A168_HF9F_20260827_0900,2026-08-27 09:00:00
2026-05-16,150107794,2244,0,2.1006196828,0E-10,0E-10,,1,1,0.50665070000000000,0.506650700000,,,,0E-17,NO_DECISIVE_ROUND,R03b_20260811_FULL_v1,L1_ELIGIBILITY,v2026-08-11,2026-03-21..2026-08-06,baccarat_bet02_101_all_pairs_incl_sentinel,round_win = game_pnl > 0 (decisive only),COMPATIBILITY_ONLY_NOT_PRODUCTION,39187.2093,35396.6747,483.0410,8363,6242,-0.01232650,-0.05216444,-0.01154840,-0.01232650,-483.0410,39187.2093,OK,0.0000,19.3216,4.0000,96.0000,AG03-UNRESOLVED,ALL5_LEVELS_bet23_to_bet27,19.3216,19.3216,19.3216,0.0000,0.0000,4.000000,4.000000,4.000000,0.000000,0.000000,96.000000,96.000000,96.000000,100.000000,100.000000,5.0,57.9649,55.6772,425.0761,427.3638,PENDING_AG03,FALSE,NOT_FOR_ENFORCEMENT,463.7194,33980.8077,483.0410,463.7194,19.3216,0.01232650,0.01183344,19.3216,463.7194,0.01183344,19.3216,19.3216,19.3216,0.0000,0.0000,463.7194,0.01183344,57.9649,55.6772,425.0761,427.3638,0.01084732,0.0109057,0.00049306,4.6858,5.6707,0.0774,15.5820,0.2688,1264.1035,201.3548,4.5499,4.6885,2.0771,4.1543,6.1317,8.4025,10.5031,18.5864,3.9466,-2.0771,2.528253,4.474023,1.127938,29,192,48,6,0.01915741,0.01232650,0.05216444,0E-8,0.000000,0.903271,0.017936,-0.04061604,2026-05-16,2026-07-20,31,1797,733,66,0.469697,0.970424,0.970991,0.063858,,,,,,,,GLOBAL_BASELINE_NO_ENTITY_RANKING,,,NOT_APPLICABLE_GLOBAL_BASELINE,HF9g-P5,,,,X 全窗基线 · 不参与实体赏罚,8395097,840,A168_HF9F_20260827_0900,2026-08-27 09:00:00
2026-05-16,150107794,2250,0,46.2136330216,-19.2206700976,-19.2206700976,0.2500000,8,6,0.46672787500000000,0.433507650000,-0.868837299678889,-0.7406086186323775,-0.868837299678889,0.03322022500000000,ELIGIBLE,R03b_20260811_FULL_v1,L1_ELIGIBILITY,v2026-08-11,2026-03-21..2026-08-06,baccarat_bet02_101_all_pairs_incl_sentinel,round_win = game_pnl > 0 (decisive only),COMPATIBILITY_ONLY_NOT_PRODUCTION,39187.2093,35396.6747,483.0410,8363,6242,-0.01232650,-0.05216444,-0.01154840,-0.01232650,-483.0410,39187.2093,OK,0.0000,19.3216,4.0000,96.0000,AG03-UNRESOLVED,ALL5_LEVELS_bet23_to_bet27,19.3216,19.3216,19.3216,0.0000,0.0000,4.000000,4.000000,4.000000,0.000000,0.000000,96.000000,96.000000,96.000000,100.000000,100.000000,5.0,57.9649,55.6772,425.0761,427.3638,PENDING_AG03,FALSE,NOT_FOR_ENFORCEMENT,463.7194,33980.8077,483.0410,463.7194,19.3216,0.01232650,0.01183344,19.3216,463.7194,0.01183344,19.3216,19.3216,19.3216,0.0000,0.0000,463.7194,0.01183344,57.9649,55.6772,425.0761,427.3638,0.01084732,0.0109057,0.00049306,4.6858,5.6707,0.0774,15.5820,0.2688,1264.1035,201.3548,4.5499,4.6885,2.0771,4.1543,6.1317,8.4025,10.5031,18.5864,3.9466,-2.0771,2.528253,4.474023,1.127938,29,192,48,6,0.01915741,0.01232650,0.05216444,0E-8,0.000000,0.903271,0.017936,-0.04061604,2026-05-16,2026-07-20,31,1797,733,66,0.469697,0.970424,0.970991,0.063858,,,,,,,,GLOBAL_BASELINE_NO_ENTITY_RANKING,,,NOT_APPLICABLE_GLOBAL_BASELINE,HF9g-P5,,,,X 全窗基线 · 不参与实体赏罚,8395098,840,A168_HF9F_20260827_0900,2026-08-27 09:00:00
2026-05-16,150107794,2256,0,4.2012393656,4.2012393656,4.2012393656,1.0000000,1,1,0.49324550000000000,0.493245500000,1.01360149184955,1.01360149184955,1.01360149184955,0E-17,ELIGIBLE,R03b_20260811_FULL_v1,L1_ELIGIBILITY,v2026-08-11,2026-03-21..2026-08-06,baccarat_bet02_101_all_pairs_incl_sentinel,round_win = game_pnl > 0 (decisive only),COMPATIBILITY_ONLY_NOT_PRODUCTION,39187.2093,35396.6747,483.0410,8363,6242,-0.01232650,-0.05216444,-0.01154840,-0.01232650,-483.0410,39187.2093,OK,0.0000,19.3216,4.0000,96.0000,AG03-UNRESOLVED,ALL5_LEVELS_bet23_to_bet27,19.3216,19.3216,19.3216,0.0000,0.0000,4.000000,4.000000,4.000000,0.000000,0.000000,96.000000,96.000000,96.000000,100.000000,100.000000,5.0,57.9649,55.6772,425.0761,427.3638,PENDING_AG03,FALSE,NOT_FOR_ENFORCEMENT,463.7194,33980.8077,483.0410,463.7194,19.3216,0.01232650,0.01183344,19.3216,463.7194,0.01183344,19.3216,19.3216,19.3216,0.0000,0.0000,463.7194,0.01183344,57.9649,55.6772,425.0761,427.3638,0.01084732,0.0109057,0.00049306,4.6858,5.6707,0.0774,15.5820,0.2688,1264.1035,201.3548,4.5499,4.6885,2.0771,4.1543,6.1317,8.4025,10.5031,18.5864,3.9466,-2.0771,2.528253,4.474023,1.127938,29,192,48,6,0.01915741,0.01232650,0.05216444,0E-8,0.000000,0.903271,0.017936,-0.04061604,2026-05-16,2026-07-20,31,1797,733,66,0.469697,0.970424,0.970991,0.063858,,,,,,,,GLOBAL_BASELINE_NO_ENTITY_RANKING,,,NOT_APPLICABLE_GLOBAL_BASELINE,HF9g-P5,,,,X 全窗基线 · 不参与实体赏罚,8395099,840,A168_HF9F_20260827_0900,2026-08-27 09:00:00
2026-05-16,150107794,2258,0,33.6099149248,-19.2206700976,-19.2206700976,0.3333333,9,7,0.46704704642857143,0.442999142857,-0.6564880459845969,-0.5407761123411713,-0.6564880459845969,0.02404790357157143,ELIGIBLE,R03b_20260811_FULL_v1,L1_ELIGIBILITY,v2026-08-11,2026-03-21..2026-08-06,baccarat_bet02_101_all_pairs_incl_sentinel,round_win = game_pnl > 0 (decisive only),COMPATIBILITY_ONLY_NOT_PRODUCTION,39187.2093,35396.6747,483.0410,8363,6242,-0.01232650,-0.05216444,-0.01154840,-0.01232650,-483.0410,39187.2093,OK,0.0000,19.3216,4.0000,96.0000,AG03-UNRESOLVED,ALL5_LEVELS_bet23_to_bet27,19.3216,19.3216,19.3216,0.0000,0.0000,4.000000,4.000000,4.000000,0.000000,0.000000,96.000000,96.000000,96.000000,100.000000,100.000000,5.0,57.9649,55.6772,425.0761,427.3638,PENDING_AG03,FALSE,NOT_FOR_ENFORCEMENT,463.7194,33980.8077,483.0410,463.7194,19.3216,0.01232650,0.01183344,19.3216,463.7194,0.01183344,19.3216,19.3216,19.3216,0.0000,0.0000,463.7194,0.01183344,57.9649,55.6772,425.0761,427.3638,0.01084732,0.0109057,0.00049306,4.6858,5.6707,0.0774,15.5820,0.2688,1264.1035,201.3548,4.5499,4.6885,2.0771,4.1543,6.1317,8.4025,10.5031,18.5864,3.9466,-2.0771,2.528253,4.474023,1.127938,29,192,48,6,0.01915741,0.01232650,0.05216444,0E-8,0.000000,0.903271,0.017936,-0.04061604,2026-05-16,2026-07-20,31,1797,733,66,0.469697,0.970424,0.970991,0.063858,,,,,,,,GLOBAL_BASELINE_NO_ENTITY_RANKING,,,NOT_APPLICABLE_GLOBAL_BASELINE,HF9g-P5,,,,X 全窗基线 · 不参与实体赏罚,8395100,840,A168_HF9F_20260827_0900,2026-08-27 09:00:00
2026-05-16,150107794,2261,0,2.1006196828,1.9955886987,1.9955886987,1.0000000,1,1,0.50665070000000000,0.506650700000,0.9867858985152569,0.9867858985152569,0.9867858985152569,0E-17,ELIGIBLE,R03b_20260811_FULL_v1,L1_ELIGIBILITY,v2026-08-11,2026-03-21..2026-08-06,baccarat_bet02_101_all_pairs_incl_sentinel,round_win = game_pnl > 0 (decisive only),COMPATIBILITY_ONLY_NOT_PRODUCTION,39187.2093,35396.6747,483.0410,8363,6242,-0.01232650,-0.05216444,-0.01154840,-0.01232650,-483.0410,39187.2093,OK,0.0000,19.3216,4.0000,96.0000,AG03-UNRESOLVED,ALL5_LEVELS_bet23_to_bet27,19.3216,19.3216,19.3216,0.0000,0.0000,4.000000,4.000000,4.000000,0.000000,0.000000,96.000000,96.000000,96.000000,100.000000,100.000000,5.0,57.9649,55.6772,425.0761,427.3638,PENDING_AG03,FALSE,NOT_FOR_ENFORCEMENT,463.7194,33980.8077,483.0410,463.7194,19.3216,0.01232650,0.01183344,19.3216,463.7194,0.01183344,19.3216,19.3216,19.3216,0.0000,0.0000,463.7194,0.01183344,57.9649,55.6772,425.0761,427.3638,0.01084732,0.0109057,0.00049306,4.6858,5.6707,0.0774,15.5820,0.2688,1264.1035,201.3548,4.5499,4.6885,2.0771,4.1543,6.1317,8.4025,10.5031,18.5864,3.9466,-2.0771,2.528253,4.474023,1.127938,29,192,48,6,0.01915741,0.01232650,0.05216444,0E-8,0.000000,0.903271,0.017936,-0.04061604,2026-05-16,2026-07-20,31,1797,733,66,0.469697,0.970424,0.970991,0.063858,,,,,,,,GLOBAL_BASELINE_NO_ENTITY_RANKING,,,NOT_APPLICABLE_GLOBAL_BASELINE,HF9g-P5,,,,X 全窗基线 · 不参与实体赏罚,8395101,840,A168_HF9F_20260827_0900,2026-08-27 09:00:00
2026-05-16,150107794,2262,0,6.3018590484,0E-10,0E-10,,1,1,0.49324550000000000,0.493245500000,,,,0E-17,NO_DECISIVE_ROUND,R03b_20260811_FULL_v1,L1_ELIGIBILITY,v2026-08-11,2026-03-21..2026-08-06,baccarat_bet02_101_all_pairs_incl_sentinel,round_win = game_pnl > 0 (decisive only),COMPATIBILITY_ONLY_NOT_PRODUCTION,39187.2093,35396.6747,483.0410,8363,6242,-0.01232650,-0.05216444,-0.01154840,-0.01232650,-483.0410,39187.2093,OK,0.0000,19.3216,4.0000,96.0000,AG03-UNRESOLVED,ALL5_LEVELS_bet23_to_bet27,19.3216,19.3216,19.3216,0.0000,0.0000,4.000000,4.000000,4.000000,0.000000,0.000000,96.000000,96.000000,96.000000,100.000000,100.000000,5.0,57.9649,55.6772,425.0761,427.3638,PENDING_AG03,FALSE,NOT_FOR_ENFORCEMENT,463.7194,33980.8077,483.0410,463.7194,19.3216,0.01232650,0.01183344,19.3216,463.7194,0.01183344,19.3216,19.3216,19.3216,0.0000,0.0000,463.7194,0.01183344,57.9649,55.6772,425.0761,427.3638,0.01084732,0.0109057,0.00049306,4.6858,5.6707,0.0774,15.5820,0.2688,1264.1035,201.3548,4.5499,4.6885,2.0771,4.1543,6.1317,8.4025,10.5031,18.5864,3.9466,-2.0771,2.528253,4.474023,1.127938,29,192,48,6,0.01915741,0.01232650,0.05216444,0E-8,0.000000,0.903271,0.017936,-0.04061604,2026-05-16,2026-07-20,31,1797,733,66,0.469697,0.970424,0.970991,0.063858,,,,,,,,GLOBAL_BASELINE_NO_ENTITY_RANKING,,,NOT_APPLICABLE_GLOBAL_BASELINE,HF9g-P5,,,,X 全窗基线 · 不参与实体赏罚,8395102,840,A168_HF9F_20260827_0900,2026-08-27 09:00:00
2026-05-16,150107794,2266,0,14.7043377796,10.1880054616,10.1880054616,1.0000000,3,2,0.45011776250000000,0.400287425000,1.5631000167354339,1.731014086397502,1.5631000167354339,0.04983033750000000,ELIGIBLE,R03b_20260811_FULL_v1,L1_ELIGIBILITY,v2026-08-11,2026-03-21..2026-08-06,baccarat_bet02_101_all_pairs_incl_sentinel,round_win = game_pnl > 0 (decisive only),COMPATIBILITY_ONLY_NOT_PRODUCTION,39187.2093,35396.6747,483.0410,8363,6242,-0.01232650,-0.05216444,-0.01154840,-0.01232650,-483.0410,39187.2093,OK,0.0000,19.3216,4.0000,96.0000,AG03-UNRESOLVED,ALL5_LEVELS_bet23_to_bet27,19.3216,19.3216,19.3216,0.0000,0.0000,4.000000,4.000000,4.000000,0.000000,0.000000,96.000000,96.000000,96.000000,100.000000,100.000000,5.0,57.9649,55.6772,425.0761,427.3638,PENDING_AG03,FALSE,NOT_FOR_ENFORCEMENT,463.7194,33980.8077,483.0410,463.7194,19.3216,0.01232650,0.01183344,19.3216,463.7194,0.01183344,19.3216,19.3216,19.3216,0.0000,0.0000,463.7194,0.01183344,57.9649,55.6772,425.0761,427.3638,0.01084732,0.0109057,0.00049306,4.6858,5.6707,0.0774,15.5820,0.2688,1264.1035,201.3548,4.5499,4.6885,2.0771,4.1543,6.1317,8.4025,10.5031,18.5864,3.9466,-2.0771,2.528253,4.474023,1.127938,29,192,48,6,0.01915741,0.01232650,0.05216444,0E-8,0.000000,0.903271,0.017936,-0.04061604,2026-05-16,2026-07-20,31,1797,733,66,0.469697,0.970424,0.970991,0.063858,,,,,,,,GLOBAL_BASELINE_NO_ENTITY_RANKING,,,NOT_APPLICABLE_GLOBAL_BASELINE,HF9g-P5,,,,X 全窗基线 · 不参与实体赏罚,8395103,840,A168_HF9F_20260827_0900,2026-08-27 09:00:00
2026-05-16,150107794,2271,0,27.3080558764,-0.2100619683,-0.2100619683,0.6666667,4,4,0.49994810000000000,0.499948100000,0.5775300591747329,0.5775300591747329,0.5775300591747329,0E-17,ELIGIBLE,R03b_20260811_FULL_v1,L1_ELIGIBILITY,v2026-08-11,2026-03-21..2026-08-06,baccarat_bet02_101_all_pairs_incl_sentinel,round_win = game_pnl > 0 (decisive only),COMPATIBILITY_ONLY_NOT_PRODUCTION,39187.2093,35396.6747,483.0410,8363,6242,-0.01232650,-0.05216444,-0.01154840,-0.01232650,-483.0410,39187.2093,OK,0.0000,19.3216,4.0000,96.0000,AG03-UNRESOLVED,ALL5_LEVELS_bet23_to_bet27,19.3216,19.3216,19.3216,0.0000,0.0000,4.000000,4.000000,4.000000,0.000000,0.000000,96.000000,96.000000,96.000000,100.000000,100.000000,5.0,57.9649,55.6772,425.0761,427.3638,PENDING_AG03,FALSE,NOT_FOR_ENFORCEMENT,463.7194,33980.8077,483.0410,463.7194,19.3216,0.01232650,0.01183344,19.3216,463.7194,0.01183344,19.3216,19.3216,19.3216,0.0000,0.0000,463.7194,0.01183344,57.9649,55.6772,425.0761,427.3638,0.01084732,0.0109057,0.00049306,4.6858,5.6707,0.0774,15.5820,0.2688,1264.1035,201.3548,4.5499,4.6885,2.0771,4.1543,6.1317,8.4025,10.5031,18.5864,3.9466,-2.0771,2.528253,4.474023,1.127938,29,192,48,6,0.01915741,0.01232650,0.05216444,0E-8,0.000000,0.903271,0.017936,-0.04061604,2026-05-16,2026-07-20,31,1797,733,66,0.469697,0.970424,0.970991,0.063858,,,,,,,,GLOBAL_BASELINE_NO_ENTITY_RANKING,,,NOT_APPLICABLE_GLOBAL_BASELINE,HF9g-P5,,,,X 全窗基线 · 不参与实体赏罚,8395104,840,A168_HF9F_20260827_0900,2026-08-27 09:00:00
2026-05-16,150107794,526,0,10.5030984140,1.7855267304,1.7855267304,0.5000000,2,2,0.50665070000000000,0.506650700000,-0.018812684590367487,-0.018812684590367487,-0.018812684590367487,0E-17,ELIGIBLE,R03b_20260811_FULL_v1,L1_ELIGIBILITY,v2026-08-11,2026-03-21..2026-08-06,baccarat_bet02_101_all_pairs_incl_sentinel,round_win = game_pnl > 0 (decisive only),COMPATIBILITY_ONLY_NOT_PRODUCTION,39187.2093,35396.6747,483.0410,8363,6242,-0.01232650,-0.05216444,-0.01154840,-0.01232650,-483.0410,39187.2093,OK,0.0000,19.3216,4.0000,96.0000,AG03-UNRESOLVED,ALL5_LEVELS_bet23_to_bet27,19.3216,19.3216,19.3216,0.0000,0.0000,4.000000,4.000000,4.000000,0.000000,0.000000,96.000000,96.000000,96.000000,100.000000,100.000000,5.0,57.9649,55.6772,425.0761,427.3638,PENDING_AG03,FALSE,NOT_FOR_ENFORCEMENT,463.7194,33980.8077,483.0410,463.7194,19.3216,0.01232650,0.01183344,19.3216,463.7194,0.01183344,19.3216,19.3216,19.3216,0.0000,0.0000,463.7194,0.01183344,57.9649,55.6772,425.0761,427.3638,0.01084732,0.0109057,0.00049306,4.6858,5.6707,0.0774,15.5820,0.2688,1264.1035,201.3548,4.5499,4.6885,2.0771,4.1543,6.1317,8.4025,10.5031,18.5864,3.9466,-2.0771,2.528253,4.474023,1.127938,29,192,48,6,0.01915741,0.01232650,0.05216444,0E-8,0.000000,0.903271,0.017936,-0.04061604,2026-05-16,2026-07-20,31,1797,733,66,0.469697,0.970424,0.970991,0.063858,,,,,,,,GLOBAL_BASELINE_NO_ENTITY_RANKING,,,NOT_APPLICABLE_GLOBAL_BASELINE,HF9g-P5,,,,X 全窗基线 · 不参与实体赏罚,8395105,840,A168_HF9F_20260827_0900,2026-08-27 09:00:00
2026-05-16,150107794,529,0,6.3018590484,-6.3018590484,-6.3018590484,0E-7,1,1,0.50665070000000000,0.506650700000,-1.013391052207602,-1.013391052207602,-1.013391052207602,0E-17,ELIGIBLE,R03b_20260811_FULL_v1,L1_ELIGIBILITY,v2026-08-11,2026-03-21..2026-08-06,baccarat_bet02_101_all_pairs_incl_sentinel,round_win = game_pnl > 0 (decisive only),COMPATIBILITY_ONLY_NOT_PRODUCTION,39187.2093,35396.6747,483.0410,8363,6242,-0.01232650,-0.05216444,-0.01154840,-0.01232650,-483.0410,39187.2093,OK,0.0000,19.3216,4.0000,96.0000,AG03-UNRESOLVED,ALL5_LEVELS_bet23_to_bet27,19.3216,19.3216,19.3216,0.0000,0.0000,4.000000,4.000000,4.000000,0.000000,0.000000,96.000000,96.000000,96.000000,100.000000,100.000000,5.0,57.9649,55.6772,425.0761,427.3638,PENDING_AG03,FALSE,NOT_FOR_ENFORCEMENT,463.7194,33980.8077,483.0410,463.7194,19.3216,0.01232650,0.01183344,19.3216,463.7194,0.01183344,19.3216,19.3216,19.3216,0.0000,0.0000,463.7194,0.01183344,57.9649,55.6772,425.0761,427.3638,0.01084732,0.0109057,0.00049306,4.6858,5.6707,0.0774,15.5820,0.2688,1264.1035,201.3548,4.5499,4.6885,2.0771,4.1543,6.1317,8.4025,10.5031,18.5864,3.9466,-2.0771,2.528253,4.474023,1.127938,29,192,48,6,0.01915741,0.01232650,0.05216444,0E-8,0.000000,0.903271,0.017936,-0.04061604,2026-05-16,2026-07-20,31,1797,733,66,0.469697,0.970424,0.970991,0.063858,,,,,,,,GLOBAL_BASELINE_NO_ENTITY_RANKING,,,NOT_APPLICABLE_GLOBAL_BASELINE,HF9g-P5,,,,X 全窗基线 · 不参与实体赏罚,8395106,840,A168_HF9F_20260827_0900,2026-08-27 09:00:00
2026-05-16,150107794,550,0,6.3018590484,-6.3018590484,-6.3018590484,0E-7,2,1,0.36036460000000000,0.293924150000,-0.7505935278881406,-0.6451964315166089,-0.7505935278881406,0.06644045000000000,ELIGIBLE,R03b_20260811_FULL_v1,L1_ELIGIBILITY,v2026-08-11,2026-03-21..2026-08-06,baccarat_bet02_101_all_pairs_incl_sentinel,round_win = game_pnl > 0 (decisive only),COMPATIBILITY_ONLY_NOT_PRODUCTION,39187.2093,35396.6747,483.0410,8363,6242,-0.01232650,-0.05216444,-0.01154840,-0.01232650,-483.0410,39187.2093,OK,0.0000,19.3216,4.0000,96.0000,AG03-UNRESOLVED,ALL5_LEVELS_bet23_to_bet27,19.3216,19.3216,19.3216,0.0000,0.0000,4.000000,4.000000,4.000000,0.000000,0.000000,96.000000,96.000000,96.000000,100.000000,100.000000,5.0,57.9649,55.6772,425.0761,427.3638,PENDING_AG03,FALSE,NOT_FOR_ENFORCEMENT,463.7194,33980.8077,483.0410,463.7194,19.3216,0.01232650,0.01183344,19.3216,463.7194,0.01183344,19.3216,19.3216,19.3216,0.0000,0.0000,463.7194,0.01183344,57.9649,55.6772,425.0761,427.3638,0.01084732,0.0109057,0.00049306,4.6858,5.6707,0.0774,15.5820,0.2688,1264.1035,201.3548,4.5499,4.6885,2.0771,4.1543,6.1317,8.4025,10.5031,18.5864,3.9466,-2.0771,2.528253,4.474023,1.127938,29,192,48,6,0.01915741,0.01232650,0.05216444,0E-8,0.000000,0.903271,0.017936,-0.04061604,2026-05-16,2026-07-20,31,1797,733,66,0.469697,0.970424,0.970991,0.063858,,,,,,,,GLOBAL_BASELINE_NO_ENTITY_RANKING,,,NOT_APPLICABLE_GLOBAL_BASELINE,HF9g-P5,,,,X 全窗基线 · 不参与实体赏罚,8395107,840,A168_HF9F_20260827_0900,2026-08-27 09:00:00
2026-05-16,150107794,583,0,16.8049574624,-4.5163323180,-4.5163323180,0.3333333,3,3,0.50218230000000000,0.502182300000,-0.5849155494134425,-0.5849155494134426,-0.5849155494134425,0E-17,ELIGIBLE,R03b_20260811_FULL_v1,L1_ELIGIBILITY,v2026-08-11,2026-03-21..2026-08-06,baccarat_bet02_101_all_pairs_incl_sentinel,round_win = game_pnl > 0 (decisive only),COMPATIBILITY_ONLY_NOT_PRODUCTION,39187.2093,35396.6747,483.0410,8363,6242,-0.01232650,-0.05216444,-0.01154840,-0.01232650,-483.0410,39187.2093,OK,0.0000,19.3216,4.0000,96.0000,AG03-UNRESOLVED,ALL5_LEVELS_bet23_to_bet27,19.3216,19.3216,19.3216,0.0000,0.0000,4.000000,4.000000,4.000000,0.000000,0.000000,96.000000,96.000000,96.000000,100.000000,100.000000,5.0,57.9649,55.6772,425.0761,427.3638,PENDING_AG03,FALSE,NOT_FOR_ENFORCEMENT,463.7194,33980.8077,483.0410,463.7194,19.3216,0.01232650,0.01183344,19.3216,463.7194,0.01183344,19.3216,19.3216,19.3216,0.0000,0.0000,463.7194,0.01183344,57.9649,55.6772,425.0761,427.3638,0.01084732,0.0109057,0.00049306,4.6858,5.6707,0.0774,15.5820,0.2688,1264.1035,201.3548,4.5499,4.6885,2.0771,4.1543,6.1317,8.4025,10.5031,18.5864,3.9466,-2.0771,2.528253,4.474023,1.127938,29,192,48,6,0.01915741,0.01232650,0.05216444,0E-8,0.000000,0.903271,0.017936,-0.04061604,2026-05-16,2026-07-20,31,1797,733,66,0.469697,0.970424,0.970991,0.063858,,,,,,,,GLOBAL_BASELINE_NO_ENTITY_RANKING,,,NOT_APPLICABLE_GLOBAL_BASELINE,HF9g-P5,,,,X 全窗基线 · 不参与实体赏罚,8395108,840,A168_HF9F_20260827_0900,2026-08-27 09:00:00
2026-05-16,150107794,789,0,2.1006196828,1.9955886987,1.9955886987,1.0000000,1,1,0.50665070000000000,0.506650700000,0.9867858985152569,0.9867858985152569,0.9867858985152569,0E-17,ELIGIBLE,R03b_20260811_FULL_v1,L1_ELIGIBILITY,v2026-08-11,2026-03-21..2026-08-06,baccarat_bet02_101_all_pairs_incl_sentinel,round_win = game_pnl > 0 (decisive only),COMPATIBILITY_ONLY_NOT_PRODUCTION,39187.2093,35396.6747,483.0410,8363,6242,-0.01232650,-0.05216444,-0.01154840,-0.01232650,-483.0410,39187.2093,OK,0.0000,19.3216,4.0000,96.0000,AG03-UNRESOLVED,ALL5_LEVELS_bet23_to_bet27,19.3216,19.3216,19.3216,0.0000,0.0000,4.000000,4.000000,4.000000,0.000000,0.000000,96.000000,96.000000,96.000000,100.000000,100.000000,5.0,57.9649,55.6772,425.0761,427.3638,PENDING_AG03,FALSE,NOT_FOR_ENFORCEMENT,463.7194,33980.8077,483.0410,463.7194,19.3216,0.01232650,0.01183344,19.3216,463.7194,0.01183344,19.3216,19.3216,19.3216,0.0000,0.0000,463.7194,0.01183344,57.9649,55.6772,425.0761,427.3638,0.01084732,0.0109057,0.00049306,4.6858,5.6707,0.0774,15.5820,0.2688,1264.1035,201.3548,4.5499,4.6885,2.0771,4.1543,6.1317,8.4025,10.5031,18.5864,3.9466,-2.0771,2.528253,4.474023,1.127938,29,192,48,6,0.01915741,0.01232650,0.05216444,0E-8,0.000000,0.903271,0.017936,-0.04061604,2026-05-16,2026-07-20,31,1797,733,66,0.469697,0.970424,0.970991,0.063858,,,,,,,,GLOBAL_BASELINE_NO_ENTITY_RANKING,,,NOT_APPLICABLE_GLOBAL_BASELINE,HF9g-P5,,,,X 全窗基线 · 不参与实体赏罚,8395109,840,A168_HF9F_20260827_0900,2026-08-27 09:00:00
2026-05-16,150107794,925,0,6.3018590484,-2.2056506669,-2.2056506669,0.3333333,3,3,0.50665070000000000,0.506650700000,-0.6004420894325239,-0.6004420894325239,-0.6004420894325239,0E-17,ELIGIBLE,R03b_20260811_FULL_v1,L1_ELIGIBILITY,v2026-08-11,2026-03-21..2026-08-06,baccarat_bet02_101_all_pairs_incl_sentinel,round_win = game_pnl > 0 (decisive only),COMPATIBILITY_ONLY_NOT_PRODUCTION,39187.2093,35396.6747,483.0410,8363,6242,-0.01232650,-0.05216444,-0.01154840,-0.01232650,-483.0410,39187.2093,OK,0.0000,19.3216,4.0000,96.0000,AG03-UNRESOLVED,ALL5_LEVELS_bet23_to_bet27,19.3216,19.3216,19.3216,0.0000,0.0000,4.000000,4.000000,4.000000,0.000000,0.000000,96.000000,96.000000,96.000000,100.000000,100.000000,5.0,57.9649,55.6772,425.0761,427.3638,PENDING_AG03,FALSE,NOT_FOR_ENFORCEMENT,463.7194,33980.8077,483.0410,463.7194,19.3216,0.01232650,0.01183344,19.3216,463.7194,0.01183344,19.3216,19.3216,19.3216,0.0000,0.0000,463.7194,0.01183344,57.9649,55.6772,425.0761,427.3638,0.01084732,0.0109057,0.00049306,4.6858,5.6707,0.0774,15.5820,0.2688,1264.1035,201.3548,4.5499,4.6885,2.0771,4.1543,6.1317,8.4025,10.5031,18.5864,3.9466,-2.0771,2.528253,4.474023,1.127938,29,192,48,6,0.01915741,0.01232650,0.05216444,0E-8,0.000000,0.903271,0.017936,-0.04061604,2026-05-16,2026-07-20,31,1797,733,66,0.469697,0.970424,0.970991,0.063858,,,,,,,,GLOBAL_BASELINE_NO_ENTITY_RANKING,,,NOT_APPLICABLE_GLOBAL_BASELINE,HF9g-P5,,,,X 全窗基线 · 不参与实体赏罚,8395110,840,A168_HF9F_20260827_0900,2026-08-27 09:00:00
2026-05-16,150107794,948,0,6.3018590484,1.8905577146,1.8905577146,0.6666667,3,3,0.50665070000000000,0.506650700000,0.5543606114942035,0.5543606114942035,0.5543606114942035,0E-17,ELIGIBLE,R03b_20260811_FULL_v1,L1_ELIGIBILITY,v2026-08-11,2026-03-21..2026-08-06,baccarat_bet02_101_all_pairs_incl_sentinel,round_win = game_pnl > 0 (decisive only),COMPATIBILITY_ONLY_NOT_PRODUCTION,39187.2093,35396.6747,483.0410,8363,6242,-0.01232650,-0.05216444,-0.01154840,-0.01232650,-483.0410,39187.2093,OK,0.0000,19.3216,4.0000,96.0000,AG03-UNRESOLVED,ALL5_LEVELS_bet23_to_bet27,19.3216,19.3216,19.3216,0.0000,0.0000,4.000000,4.000000,4.000000,0.000000,0.000000,96.000000,96.000000,96.000000,100.000000,100.000000,5.0,57.9649,55.6772,425.0761,427.3638,PENDING_AG03,FALSE,NOT_FOR_ENFORCEMENT,463.7194,33980.8077,483.0410,463.7194,19.3216,0.01232650,0.01183344,19.3216,463.7194,0.01183344,19.3216,19.3216,19.3216,0.0000,0.0000,463.7194,0.01183344,57.9649,55.6772,425.0761,427.3638,0.01084732,0.0109057,0.00049306,4.6858,5.6707,0.0774,15.5820,0.2688,1264.1035,201.3548,4.5499,4.6885,2.0771,4.1543,6.1317,8.4025,10.5031,18.5864,3.9466,-2.0771,2.528253,4.474023,1.127938,29,192,48,6,0.01915741,0.01232650,0.05216444,0E-8,0.000000,0.903271,0.017936,-0.04061604,2026-05-16,2026-07-20,31,1797,733,66,0.469697,0.970424,0.970991,0.063858,,,,,,,,GLOBAL_BASELINE_NO_ENTITY_RANKING,,,NOT_APPLICABLE_GLOBAL_BASELINE,HF9g-P5,,,,X 全窗基线 · 不参与实体赏罚,8395111,840,A168_HF9F_20260827_0900,2026-08-27 09:00:00
2026-05-16,150107794,986,0,29.4086755592,20.7961348598,20.7961348598,0.8000000,8,5,0.43127345000000000,0.377674250000,1.6647970555856493,1.9478925243110827,1.6647970555856493,0.05359920000000000,ELIGIBLE,R03b_20260811_FULL_v1,L1_ELIGIBILITY,v2026-08-11,2026-03-21..2026-08-06,baccarat_bet02_101_all_pairs_incl_sentinel,round_win = game_pnl > 0 (decisive only),COMPATIBILITY_ONLY_NOT_PRODUCTION,39187.2093,35396.6747,483.0410,8363,6242,-0.01232650,-0.05216444,-0.01154840,-0.01232650,-483.0410,39187.2093,OK,0.0000,19.3216,4.0000,96.0000,AG03-UNRESOLVED,ALL5_LEVELS_bet23_to_bet27,19.3216,19.3216,19.3216,0.0000,0.0000,4.000000,4.000000,4.000000,0.000000,0.000000,96.000000,96.000000,96.000000,100.000000,100.000000,5.0,57.9649,55.6772,425.0761,427.3638,PENDING_AG03,FALSE,NOT_FOR_ENFORCEMENT,463.7194,33980.8077,483.0410,463.7194,19.3216,0.01232650,0.01183344,19.3216,463.7194,0.01183344,19.3216,19.3216,19.3216,0.0000,0.0000,463.7194,0.01183344,57.9649,55.6772,425.0761,427.3638,0.01084732,0.0109057,0.00049306,4.6858,5.6707,0.0774,15.5820,0.2688,1264.1035,201.3548,4.5499,4.6885,2.0771,4.1543,6.1317,8.4025,10.5031,18.5864,3.9466,-2.0771,2.528253,4.474023,1.127938,29,192,48,6,0.01915741,0.01232650,0.05216444,0E-8,0.000000,0.903271,0.017936,-0.04061604,2026-05-16,2026-07-20,31,1797,733,66,0.469697,0.970424,0.970991,0.063858,,,,,,,,GLOBAL_BASELINE_NO_ENTITY_RANKING,,,NOT_APPLICABLE_GLOBAL_BASELINE,HF9g-P5,,,,X 全窗基线 · 不参与实体赏罚,8395112,840,A168_HF9F_20260827_0900,2026-08-27 09:00:00
2026-05-16,150107794,994,0,4.2012393656,-4.2012393656,-4.2012393656,0E-7,2,2,0.49994810000000000,0.499948100000,-1.4140667746232096,-1.4140667746232096,-1.4140667746232096,0E-17,ELIGIBLE,R03b_20260811_FULL_v1,L1_ELIGIBILITY,v2026-08-11,2026-03-21..2026-08-06,baccarat_bet02_101_all_pairs_incl_sentinel,round_win = game_pnl > 0 (decisive only),COMPATIBILITY_ONLY_NOT_PRODUCTION,39187.2093,35396.6747,483.0410,8363,6242,-0.01232650,-0.05216444,-0.01154840,-0.01232650,-483.0410,39187.2093,OK,0.0000,19.3216,4.0000,96.0000,AG03-UNRESOLVED,ALL5_LEVELS_bet23_to_bet27,19.3216,19.3216,19.3216,0.0000,0.0000,4.000000,4.000000,4.000000,0.000000,0.000000,96.000000,96.000000,96.000000,100.000000,100.000000,5.0,57.9649,55.6772,425.0761,427.3638,PENDING_AG03,FALSE,NOT_FOR_ENFORCEMENT,463.7194,33980.8077,483.0410,463.7194,19.3216,0.01232650,0.01183344,19.3216,463.7194,0.01183344,19.3216,19.3216,19.3216,0.0000,0.0000,463.7194,0.01183344,57.9649,55.6772,425.0761,427.3638,0.01084732,0.0109057,0.00049306,4.6858,5.6707,0.0774,15.5820,0.2688,1264.1035,201.3548,4.5499,4.6885,2.0771,4.1543,6.1317,8.4025,10.5031,18.5864,3.9466,-2.0771,2.528253,4.474023,1.127938,29,192,48,6,0.01915741,0.01232650,0.05216444,0E-8,0.000000,0.903271,0.017936,-0.04061604,2026-05-16,2026-07-20,31,1797,733,66,0.469697,0.970424,0.970991,0.063858,,,,,,,,GLOBAL_BASELINE_NO_ENTITY_RANKING,,,NOT_APPLICABLE_GLOBAL_BASELINE,HF9g-P5,,,,X 全窗基线 · 不参与实体赏罚,8395113,840,A168_HF9F_20260827_0900,2026-08-27 09:00:00
2026-05-22,150107794,-1,1,375.5907992853,-33.0847600039,-33.0847600039,0.4776119,83,74,0.48553501595003774,0.476340343919,-0.12976065099629802,0.020840274884824376,-0.12976065099629802,0.00919467203103774,SENTINEL_DEALER,R03b_20260811_FULL_v1,L1_ELIGIBILITY,v2026-08-11,2026-03-21..2026-08-06,baccarat_bet02_101_all_pairs_incl_sentinel,round_win = game_pnl > 0 (decisive only),COMPATIBILITY_ONLY_NOT_PRODUCTION,39187.2093,35396.6747,483.0410,8363,6242,-0.01232650,-0.05216444,-0.01154840,-0.01232650,-483.0410,39187.2093,OK,0.0000,19.3216,4.0000,96.0000,AG03-UNRESOLVED,ALL5_LEVELS_bet23_to_bet27,19.3216,19.3216,19.3216,0.0000,0.0000,4.000000,4.000000,4.000000,0.000000,0.000000,96.000000,96.000000,96.000000,100.000000,100.000000,5.0,57.9649,55.6772,425.0761,427.3638,PENDING_AG03,FALSE,NOT_FOR_ENFORCEMENT,463.7194,33980.8077,483.0410,463.7194,19.3216,0.01232650,0.01183344,19.3216,463.7194,0.01183344,19.3216,19.3216,19.3216,0.0000,0.0000,463.7194,0.01183344,57.9649,55.6772,425.0761,427.3638,0.01084732,0.0109057,0.00049306,4.6858,5.6707,0.0774,15.5820,0.2688,1264.1035,201.3548,4.5499,4.6885,2.0771,4.1543,6.1317,8.4025,10.5031,18.5864,3.9466,-2.0771,2.528253,4.474023,1.127938,29,192,48,6,0.01915741,0.01232650,0.05216444,0E-8,0.000000,0.903271,0.017936,-0.04061604,2026-05-16,2026-07-20,31,1797,733,66,0.469697,0.970424,0.970991,0.063858,,,,,,,,GLOBAL_BASELINE_NO_ENTITY_RANKING,,,NOT_APPLICABLE_GLOBAL_BASELINE,HF9g-P5,,,,X 全窗基线 · 不参与实体赏罚,8395114,840,A168_HF9F_20260827_0900,2026-08-27 09:00:00
2026-05-22,150107794,1302,0,5.0414872387,-0.8402478731,-0.8402478731,0.5000000,2,2,0.49324550000000000,0.493245500000,0.01910635448239258,0.01910635448239258,0.01910635448239258,0E-17,ELIGIBLE,R03b_20260811_FULL_v1,L1_ELIGIBILITY,v2026-08-11,2026-03-21..2026-08-06,baccarat_bet02_101_all_pairs_incl_sentinel,round_win = game_pnl > 0 (decisive only),COMPATIBILITY_ONLY_NOT_PRODUCTION,39187.2093,35396.6747,483.0410,8363,6242,-0.01232650,-0.05216444,-0.01154840,-0.01232650,-483.0410,39187.2093,OK,0.0000,19.3216,4.0000,96.0000,AG03-UNRESOLVED,ALL5_LEVELS_bet23_to_bet27,19.3216,19.3216,19.3216,0.0000,0.0000,4.000000,4.000000,4.000000,0.000000,0.000000,96.000000,96.000000,96.000000,100.000000,100.000000,5.0,57.9649,55.6772,425.0761,427.3638,PENDING_AG03,FALSE,NOT_FOR_ENFORCEMENT,463.7194,33980.8077,483.0410,463.7194,19.3216,0.01232650,0.01183344,19.3216,463.7194,0.01183344,19.3216,19.3216,19.3216,0.0000,0.0000,463.7194,0.01183344,57.9649,55.6772,425.0761,427.3638,0.01084732,0.0109057,0.00049306,4.6858,5.6707,0.0774,15.5820,0.2688,1264.1035,201.3548,4.5499,4.6885,2.0771,4.1543,6.1317,8.4025,10.5031,18.5864,3.9466,-2.0771,2.528253,4.474023,1.127938,29,192,48,6,0.01915741,0.01232650,0.05216444,0E-8,0.000000,0.903271,0.017936,-0.04061604,2026-05-16,2026-07-20,31,1797,733,66,0.469697,0.970424,0.970991,0.063858,,,,,,,,GLOBAL_BASELINE_NO_ENTITY_RANKING,,,NOT_APPLICABLE_GLOBAL_BASELINE,HF9g-P5,,,,X 全窗基线 · 不参与实体赏罚,8395115,840,A168_HF9F_20260827_0900,2026-08-27 09:00:00
2026-05-22,150107794,1304,0,14.2842138431,2.1006196828,2.1006196828,0.5000000,2,2,0.50665070000000000,0.506650700000,-0.018812684590367487,-0.018812684590367487,-0.018812684590367487,0E-17,ELIGIBLE,R03b_20260811_FULL_v1,L1_ELIGIBILITY,v2026-08-11,2026-03-21..2026-08-06,baccarat_bet02_101_all_pairs_incl_sentinel,round_win = game_pnl > 0 (decisive only),COMPATIBILITY_ONLY_NOT_PRODUCTION,39187.2093,35396.6747,483.0410,8363,6242,-0.01232650,-0.05216444,-0.01154840,-0.01232650,-483.0410,39187.2093,OK,0.0000,19.3216,4.0000,96.0000,AG03-UNRESOLVED,ALL5_LEVELS_bet23_to_bet27,19.3216,19.3216,19.3216,0.0000,0.0000,4.000000,4.000000,4.000000,0.000000,0.000000,96.000000,96.000000,96.000000,100.000000,100.000000,5.0,57.9649,55.6772,425.0761,427.3638,PENDING_AG03,FALSE,NOT_FOR_ENFORCEMENT,463.7194,33980.8077,483.0410,463.7194,19.3216,0.01232650,0.01183344,19.3216,463.7194,0.01183344,19.3216,19.3216,19.3216,0.0000,0.0000,463.7194,0.01183344,57.9649,55.6772,425.0761,427.3638,0.01084732,0.0109057,0.00049306,4.6858,5.6707,0.0774,15.5820,0.2688,1264.1035,201.3548,4.5499,4.6885,2.0771,4.1543,6.1317,8.4025,10.5031,18.5864,3.9466,-2.0771,2.528253,4.474023,1.127938,29,192,48,6,0.01915741,0.01232650,0.05216444,0E-8,0.000000,0.903271,0.017936,-0.04061604,2026-05-16,2026-07-20,31,1797,733,66,0.469697,0.970424,0.970991,0.063858,,,,,,,,GLOBAL_BASELINE_NO_ENTITY_RANKING,,,NOT_APPLICABLE_GLOBAL_BASELINE,HF9g-P5,,,,X 全窗基线 · 不参与实体赏罚,8395116,840,A168_HF9F_20260827_0900,2026-08-27 09:00:00
2026-05-22,150107794,1331,0,8.4024787312,-8.4024787312,-8.4024787312,0E-7,1,1,0.49324550000000000,0.493245500000,-0.9865810262130424,-0.9865810262130424,-0.9865810262130424,0E-17,ELIGIBLE,R03b_20260811_FULL_v1,L1_ELIGIBILITY,v2026-08-11,2026-03-21..2026-08-06,baccarat_bet02_101_all_pairs_incl_sentinel,round_win = game_pnl > 0 (decisive only),COMPATIBILITY_ONLY_NOT_PRODUCTION,39187.2093,35396.6747,483.0410,8363,6242,-0.01232650,-0.05216444,-0.01154840,-0.01232650,-483.0410,39187.2093,OK,0.0000,19.3216,4.0000,96.0000,AG03-UNRESOLVED,ALL5_LEVELS_bet23_to_bet27,19.3216,19.3216,19.3216,0.0000,0.0000,4.000000,4.000000,4.000000,0.000000,0.000000,96.000000,96.000000,96.000000,100.000000,100.000000,5.0,57.9649,55.6772,425.0761,427.3638,PENDING_AG03,FALSE,NOT_FOR_ENFORCEMENT,463.7194,33980.8077,483.0410,463.7194,19.3216,0.01232650,0.01183344,19.3216,463.7194,0.01183344,19.3216,19.3216,19.3216,0.0000,0.0000,463.7194,0.01183344,57.9649,55.6772,425.0761,427.3638,0.01084732,0.0109057,0.00049306,4.6858,5.6707,0.0774,15.5820,0.2688,1264.1035,201.3548,4.5499,4.6885,2.0771,4.1543,6.1317,8.4025,10.5031,18.5864,3.9466,-2.0771,2.528253,4.474023,1.127938,29,192,48,6,0.01915741,0.01232650,0.05216444,0E-8,0.000000,0.903271,0.017936,-0.04061604,2026-05-16,2026-07-20,31,1797,733,66,0.469697,0.970424,0.970991,0.063858,,,,,,,,GLOBAL_BASELINE_NO_ENTITY_RANKING,,,NOT_APPLICABLE_GLOBAL_BASELINE,HF9g-P5,,,,X 全窗基线 · 不参与实体赏罚,8395117,840,A168_HF9F_20260827_0900,2026-08-27 09:00:00
2026-05-22,150107794,1353,0,6.3018590484,0.6616952001,0.6616952001,0.5000000,2,2,0.49994810000000000,0.499948100000,0.00014679536856514622,0.00014679536856514622,0.00014679536856514622,0E-17,ELIGIBLE,R03b_20260811_FULL_v1,L1_ELIGIBILITY,v2026-08-11,2026-03-21..2026-08-06,baccarat_bet02_101_all_pairs_incl_sentinel,round_win = game_pnl > 0 (decisive only),COMPATIBILITY_ONLY_NOT_PRODUCTION,39187.2093,35396.6747,483.0410,8363,6242,-0.01232650,-0.05216444,-0.01154840,-0.01232650,-483.0410,39187.2093,OK,0.0000,19.3216,4.0000,96.0000,AG03-UNRESOLVED,ALL5_LEVELS_bet23_to_bet27,19.3216,19.3216,19.3216,0.0000,0.0000,4.000000,4.000000,4.000000,0.000000,0.000000,96.000000,96.000000,96.000000,100.000000,100.000000,5.0,57.9649,55.6772,425.0761,427.3638,PENDING_AG03,FALSE,NOT_FOR_ENFORCEMENT,463.7194,33980.8077,483.0410,463.7194,19.3216,0.01232650,0.01183344,19.3216,463.7194,0.01183344,19.3216,19.3216,19.3216,0.0000,0.0000,463.7194,0.01183344,57.9649,55.6772,425.0761,427.3638,0.01084732,0.0109057,0.00049306,4.6858,5.6707,0.0774,15.5820,0.2688,1264.1035,201.3548,4.5499,4.6885,2.0771,4.1543,6.1317,8.4025,10.5031,18.5864,3.9466,-2.0771,2.528253,4.474023,1.127938,29,192,48,6,0.01915741,0.01232650,0.05216444,0E-8,0.000000,0.903271,0.017936,-0.04061604,2026-05-16,2026-07-20,31,1797,733,66,0.469697,0.970424,0.970991,0.063858,,,,,,,,GLOBAL_BASELINE_NO_ENTITY_RANKING,,,NOT_APPLICABLE_GLOBAL_BASELINE,HF9g-P5,,,,X 全窗基线 · 不参与实体赏罚,8395118,840,A168_HF9F_20260827_0900,2026-08-27 09:00:00
2026-05-22,150107794,1363,0,20.3760109233,10.9127192522,10.9127192522,0.7500000,4,4,0.49994810000000000,0.499948100000,1.0002076053883384,1.0002076053883384,1.0002076053883384,0E-17,ELIGIBLE,R03b_20260811_FULL_v1,L1_ELIGIBILITY,v2026-08-11,2026-03-21..2026-08-06,baccarat_bet02_101_all_pairs_incl_sentinel,round_win = game_pnl > 0 (decisive only),COMPATIBILITY_ONLY_NOT_PRODUCTION,39187.2093,35396.6747,483.0410,8363,6242,-0.01232650,-0.05216444,-0.01154840,-0.01232650,-483.0410,39187.2093,OK,0.0000,19.3216,4.0000,96.0000,AG03-UNRESOLVED,ALL5_LEVELS_bet23_to_bet27,19.3216,19.3216,19.3216,0.0000,0.0000,4.000000,4.000000,4.000000,0.000000,0.000000,96.000000,96.000000,96.000000,100.000000,100.000000,5.0,57.9649,55.6772,425.0761,427.3638,PENDING_AG03,FALSE,NOT_FOR_ENFORCEMENT,463.7194,33980.8077,483.0410,463.7194,19.3216,0.01232650,0.01183344,19.3216,463.7194,0.01183344,19.3216,19.3216,19.3216,0.0000,0.0000,463.7194,0.01183344,57.9649,55.6772,425.0761,427.3638,0.01084732,0.0109057,0.00049306,4.6858,5.6707,0.0774,15.5820,0.2688,1264.1035,201.3548,4.5499,4.6885,2.0771,4.1543,6.1317,8.4025,10.5031,18.5864,3.9466,-2.0771,2.528253,4.474023,1.127938,29,192,48,6,0.01915741,0.01232650,0.05216444,0E-8,0.000000,0.903271,0.017936,-0.04061604,2026-05-16,2026-07-20,31,1797,733,66,0.469697,0.970424,0.970991,0.063858,,,,,,,,GLOBAL_BASELINE_NO_ENTITY_RANKING,,,NOT_APPLICABLE_GLOBAL_BASELINE,HF9g-P5,,,,X 全窗基线 · 不参与实体赏罚,8395119,840,A168_HF9F_20260827_0900,2026-08-27 09:00:00
2026-05-22,150107794,1374,0,19.7458250184,-12.1835941602,-12.1835941602,0.3333333,4,3,0.45025643571476983,0.431273450000,-0.4070529589538637,-0.34252567542352924,-0.4070529589538637,0.01898298571476983,ELIGIBLE,R03b_20260811_FULL_v1,L1_ELIGIBILITY,v2026-08-11,2026-03-21..2026-08-06,baccarat_bet02_101_all_pairs_incl_sentinel,round_win = game_pnl > 0 (decisive only),COMPATIBILITY_ONLY_NOT_PRODUCTION,39187.2093,35396.6747,483.0410,8363,6242,-0.01232650,-0.05216444,-0.01154840,-0.01232650,-483.0410,39187.2093,OK,0.0000,19.3216,4.0000,96.0000,AG03-UNRESOLVED,ALL5_LEVELS_bet23_to_bet27,19.3216,19.3216,19.3216,0.0000,0.0000,4.000000,4.000000,4.000000,0.000000,0.000000,96.000000,96.000000,96.000000,100.000000,100.000000,5.0,57.9649,55.6772,425.0761,427.3638,PENDING_AG03,FALSE,NOT_FOR_ENFORCEMENT,463.7194,33980.8077,483.0410,463.7194,19.3216,0.01232650,0.01183344,19.3216,463.7194,0.01183344,19.3216,19.3216,19.3216,0.0000,0.0000,463.7194,0.01183344,57.9649,55.6772,425.0761,427.3638,0.01084732,0.0109057,0.00049306,4.6858,5.6707,0.0774,15.5820,0.2688,1264.1035,201.3548,4.5499,4.6885,2.0771,4.1543,6.1317,8.4025,10.5031,18.5864,3.9466,-2.0771,2.528253,4.474023,1.127938,29,192,48,6,0.01915741,0.01232650,0.05216444,0E-8,0.000000,0.903271,0.017936,-0.04061604,2026-05-16,2026-07-20,31,1797,733,66,0.469697,0.970424,0.970991,0.063858,,,,,,,,GLOBAL_BASELINE_NO_ENTITY_RANKING,,,NOT_APPLICABLE_GLOBAL_BASELINE,HF9g-P5,,,,X 全窗基线 · 不参与实体赏罚,8395120,840,A168_HF9F_20260827_0900,2026-08-27 09:00:00
2026-05-22,150107794,1384,0,8.4024787312,-8.4024787312,-8.4024787312,0E-7,4,3,0.43350765000000000,0.433507650000,-1.5151721724615492,-1.5151721724615492,-1.5151721724615492,0E-17,ELIGIBLE,R03b_20260811_FULL_v1,L1_ELIGIBILITY,v2026-08-11,2026-03-21..2026-08-06,baccarat_bet02_101_all_pairs_incl_sentinel,round_win = game_pnl > 0 (decisive only),COMPATIBILITY_ONLY_NOT_PRODUCTION,39187.2093,35396.6747,483.0410,8363,6242,-0.01232650,-0.05216444,-0.01154840,-0.01232650,-483.0410,39187.2093,OK,0.0000,19.3216,4.0000,96.0000,AG03-UNRESOLVED,ALL5_LEVELS_bet23_to_bet27,19.3216,19.3216,19.3216,0.0000,0.0000,4.000000,4.000000,4.000000,0.000000,0.000000,96.000000,96.000000,96.000000,100.000000,100.000000,5.0,57.9649,55.6772,425.0761,427.3638,PENDING_AG03,FALSE,NOT_FOR_ENFORCEMENT,463.7194,33980.8077,483.0410,463.7194,19.3216,0.01232650,0.01183344,19.3216,463.7194,0.01183344,19.3216,19.3216,19.3216,0.0000,0.0000,463.7194,0.01183344,57.9649,55.6772,425.0761,427.3638,0.01084732,0.0109057,0.00049306,4.6858,5.6707,0.0774,15.5820,0.2688,1264.1035,201.3548,4.5499,4.6885,2.0771,4.1543,6.1317,8.4025,10.5031,18.5864,3.9466,-2.0771,2.528253,4.474023,1.127938,29,192,48,6,0.01915741,0.01232650,0.05216444,0E-8,0.000000,0.903271,0.017936,-0.04061604,2026-05-16,2026-07-20,31,1797,733,66,0.469697,0.970424,0.970991,0.063858,,,,,,,,GLOBAL_BASELINE_NO_ENTITY_RANKING,,,NOT_APPLICABLE_GLOBAL_BASELINE,HF9g-P5,,,,X 全窗基线 · 不参与实体赏罚,8395121,840,A168_HF9F_20260827_0900,2026-08-27 09:00:00
2026-05-22,150107794,1385,0,3.9911773973,-3.9911773973,-3.9911773973,0E-7,1,1,0.50665070000000000,0.506650700000,-1.013391052207602,-1.013391052207602,-1.013391052207602,0E-17,ELIGIBLE,R03b_20260811_FULL_v1,L1_ELIGIBILITY,v2026-08-11,2026-03-21..2026-08-06,baccarat_bet02_101_all_pairs_incl_sentinel,round_win = game_pnl > 0 (decisive only),COMPATIBILITY_ONLY_NOT_PRODUCTION,39187.2093,35396.6747,483.0410,8363,6242,-0.01232650,-0.05216444,-0.01154840,-0.01232650,-483.0410,39187.2093,OK,0.0000,19.3216,4.0000,96.0000,AG03-UNRESOLVED,ALL5_LEVELS_bet23_to_bet27,19.3216,19.3216,19.3216,0.0000,0.0000,4.000000,4.000000,4.000000,0.000000,0.000000,96.000000,96.000000,96.000000,100.000000,100.000000,5.0,57.9649,55.6772,425.0761,427.3638,PENDING_AG03,FALSE,NOT_FOR_ENFORCEMENT,463.7194,33980.8077,483.0410,463.7194,19.3216,0.01232650,0.01183344,19.3216,463.7194,0.01183344,19.3216,19.3216,19.3216,0.0000,0.0000,463.7194,0.01183344,57.9649,55.6772,425.0761,427.3638,0.01084732,0.0109057,0.00049306,4.6858,5.6707,0.0774,15.5820,0.2688,1264.1035,201.3548,4.5499,4.6885,2.0771,4.1543,6.1317,8.4025,10.5031,18.5864,3.9466,-2.0771,2.528253,4.474023,1.127938,29,192,48,6,0.01915741,0.01232650,0.05216444,0E-8,0.000000,0.903271,0.017936,-0.04061604,2026-05-16,2026-07-20,31,1797,733,66,0.469697,0.970424,0.970991,0.063858,,,,,,,,GLOBAL_BASELINE_NO_ENTITY_RANKING,,,NOT_APPLICABLE_GLOBAL_BASELINE,HF9g-P5,,,,X 全窗基线 · 不参与实体赏罚,8395122,840,A168_HF9F_20260827_0900,2026-08-27 09:00:00
2026-05-22,150107794,1485,0,10.5030984140,3.9911773973,3.9911773973,1.0000000,2,2,0.50665070000000000,0.506650700000,0.9867858985152569,0.9867858985152569,0.9867858985152569,0E-17,ELIGIBLE,R03b_20260811_FULL_v1,L1_ELIGIBILITY,v2026-08-11,2026-03-21..2026-08-06,baccarat_bet02_101_all_pairs_incl_sentinel,round_win = game_pnl > 0 (decisive only),COMPATIBILITY_ONLY_NOT_PRODUCTION,39187.2093,35396.6747,483.0410,8363,6242,-0.01232650,-0.05216444,-0.01154840,-0.01232650,-483.0410,39187.2093,OK,0.0000,19.3216,4.0000,96.0000,AG03-UNRESOLVED,ALL5_LEVELS_bet23_to_bet27,19.3216,19.3216,19.3216,0.0000,0.0000,4.000000,4.000000,4.000000,0.000000,0.000000,96.000000,96.000000,96.000000,100.000000,100.000000,5.0,57.9649,55.6772,425.0761,427.3638,PENDING_AG03,FALSE,NOT_FOR_ENFORCEMENT,463.7194,33980.8077,483.0410,463.7194,19.3216,0.01232650,0.01183344,19.3216,463.7194,0.01183344,19.3216,19.3216,19.3216,0.0000,0.0000,463.7194,0.01183344,57.9649,55.6772,425.0761,427.3638,0.01084732,0.0109057,0.00049306,4.6858,5.6707,0.0774,15.5820,0.2688,1264.1035,201.3548,4.5499,4.6885,2.0771,4.1543,6.1317,8.4025,10.5031,18.5864,3.9466,-2.0771,2.528253,4.474023,1.127938,29,192,48,6,0.01915741,0.01232650,0.05216444,0E-8,0.000000,0.903271,0.017936,-0.04061604,2026-05-16,2026-07-20,31,1797,733,66,0.469697,0.970424,0.970991,0.063858,,,,,,,,GLOBAL_BASELINE_NO_ENTITY_RANKING,,,NOT_APPLICABLE_GLOBAL_BASELINE,HF9g-P5,,,,X 全窗基线 · 不参与实体赏罚,8395123,840,A168_HF9F_20260827_0900,2026-08-27 09:00:00
2026-05-22,150107794,1509,0,8.4024787312,-8.4024787312,-8.4024787312,0E-7,1,1,0.49324550000000000,0.493245500000,-0.9865810262130424,-0.9865810262130424,-0.9865810262130424,0E-17,ELIGIBLE,R03b_20260811_FULL_v1,L1_ELIGIBILITY,v2026-08-11,2026-03-21..2026-08-06,baccarat_bet02_101_all_pairs_incl_sentinel,round_win = game_pnl > 0 (decisive only),COMPATIBILITY_ONLY_NOT_PRODUCTION,39187.2093,35396.6747,483.0410,8363,6242,-0.01232650,-0.05216444,-0.01154840,-0.01232650,-483.0410,39187.2093,OK,0.0000,19.3216,4.0000,96.0000,AG03-UNRESOLVED,ALL5_LEVELS_bet23_to_bet27,19.3216,19.3216,19.3216,0.0000,0.0000,4.000000,4.000000,4.000000,0.000000,0.000000,96.000000,96.000000,96.000000,100.000000,100.000000,5.0,57.9649,55.6772,425.0761,427.3638,PENDING_AG03,FALSE,NOT_FOR_ENFORCEMENT,463.7194,33980.8077,483.0410,463.7194,19.3216,0.01232650,0.01183344,19.3216,463.7194,0.01183344,19.3216,19.3216,19.3216,0.0000,0.0000,463.7194,0.01183344,57.9649,55.6772,425.0761,427.3638,0.01084732,0.0109057,0.00049306,4.6858,5.6707,0.0774,15.5820,0.2688,1264.1035,201.3548,4.5499,4.6885,2.0771,4.1543,6.1317,8.4025,10.5031,18.5864,3.9466,-2.0771,2.528253,4.474023,1.127938,29,192,48,6,0.01915741,0.01232650,0.05216444,0E-8,0.000000,0.903271,0.017936,-0.04061604,2026-05-16,2026-07-20,31,1797,733,66,0.469697,0.970424,0.970991,0.063858,,,,,,,,GLOBAL_BASELINE_NO_ENTITY_RANKING,,,NOT_APPLICABLE_GLOBAL_BASELINE,HF9g-P5,,,,X 全窗基线 · 不参与实体赏罚,8395124,840,A168_HF9F_20260827_0900,2026-08-27 09:00:00
2026-05-22,150107794,1941,0,4.2012393656,-4.2012393656,-4.2012393656,0E-7,1,1,0.49324550000000000,0.493245500000,-0.9865810262130424,-0.9865810262130424,-0.9865810262130424,0E-17,ELIGIBLE,R03b_20260811_FULL_v1,L1_ELIGIBILITY,v2026-08-11,2026-03-21..2026-08-06,baccarat_bet02_101_all_pairs_incl_sentinel,round_win = game_pnl > 0 (decisive only),COMPATIBILITY_ONLY_NOT_PRODUCTION,39187.2093,35396.6747,483.0410,8363,6242,-0.01232650,-0.05216444,-0.01154840,-0.01232650,-483.0410,39187.2093,OK,0.0000,19.3216,4.0000,96.0000,AG03-UNRESOLVED,ALL5_LEVELS_bet23_to_bet27,19.3216,19.3216,19.3216,0.0000,0.0000,4.000000,4.000000,4.000000,0.000000,0.000000,96.000000,96.000000,96.000000,100.000000,100.000000,5.0,57.9649,55.6772,425.0761,427.3638,PENDING_AG03,FALSE,NOT_FOR_ENFORCEMENT,463.7194,33980.8077,483.0410,463.7194,19.3216,0.01232650,0.01183344,19.3216,463.7194,0.01183344,19.3216,19.3216,19.3216,0.0000,0.0000,463.7194,0.01183344,57.9649,55.6772,425.0761,427.3638,0.01084732,0.0109057,0.00049306,4.6858,5.6707,0.0774,15.5820,0.2688,1264.1035,201.3548,4.5499,4.6885,2.0771,4.1543,6.1317,8.4025,10.5031,18.5864,3.9466,-2.0771,2.528253,4.474023,1.127938,29,192,48,6,0.01915741,0.01232650,0.05216444,0E-8,0.000000,0.903271,0.017936,-0.04061604,2026-05-16,2026-07-20,31,1797,733,66,0.469697,0.970424,0.970991,0.063858,,,,,,,,GLOBAL_BASELINE_NO_ENTITY_RANKING,,,NOT_APPLICABLE_GLOBAL_BASELINE,HF9g-P5,,,,X 全窗基线 · 不参与实体赏罚,8395125,840,A168_HF9F_20260827_0900,2026-08-27 09:00:00
2026-05-22,150107794,1966,0,8.4024787312,-8.4024787312,-8.4024787312,0E-7,2,2,0.50665070000000000,0.506650700000,-1.4331513700195317,-1.4331513700195317,-1.4331513700195317,0E-17,ELIGIBLE,R03b_20260811_FULL_v1,L1_ELIGIBILITY,v2026-08-11,2026-03-21..2026-08-06,baccarat_bet02_101_all_pairs_incl_sentinel,round_win = game_pnl > 0 (decisive only),COMPATIBILITY_ONLY_NOT_PRODUCTION,39187.2093,35396.6747,483.0410,8363,6242,-0.01232650,-0.05216444,-0.01154840,-0.01232650,-483.0410,39187.2093,OK,0.0000,19.3216,4.0000,96.0000,AG03-UNRESOLVED,ALL5_LEVELS_bet23_to_bet27,19.3216,19.3216,19.3216,0.0000,0.0000,4.000000,4.000000,4.000000,0.000000,0.000000,96.000000,96.000000,96.000000,100.000000,100.000000,5.0,57.9649,55.6772,425.0761,427.3638,PENDING_AG03,FALSE,NOT_FOR_ENFORCEMENT,463.7194,33980.8077,483.0410,463.7194,19.3216,0.01232650,0.01183344,19.3216,463.7194,0.01183344,19.3216,19.3216,19.3216,0.0000,0.0000,463.7194,0.01183344,57.9649,55.6772,425.0761,427.3638,0.01084732,0.0109057,0.00049306,4.6858,5.6707,0.0774,15.5820,0.2688,1264.1035,201.3548,4.5499,4.6885,2.0771,4.1543,6.1317,8.4025,10.5031,18.5864,3.9466,-2.0771,2.528253,4.474023,1.127938,29,192,48,6,0.01915741,0.01232650,0.05216444,0E-8,0.000000,0.903271,0.017936,-0.04061604,2026-05-16,2026-07-20,31,1797,733,66,0.469697,0.970424,0.970991,0.063858,,,,,,,,GLOBAL_BASELINE_NO_ENTITY_RANKING,,,NOT_APPLICABLE_GLOBAL_BASELINE,HF9g-P5,,,,X 全窗基线 · 不参与实体赏罚,8395126,840,A168_HF9F_20260827_0900,2026-08-27 09:00:00
2026-05-22,150107794,2101,0,5.2515492070,-5.2515492070,-5.2515492070,0E-7,1,1,0.50665070000000000,0.506650700000,-1.013391052207602,-1.013391052207602,-1.013391052207602,0E-17,ELIGIBLE,R03b_20260811_FULL_v1,L1_ELIGIBILITY,v2026-08-11,2026-03-21..2026-08-06,baccarat_bet02_101_all_pairs_incl_sentinel,round_win = game_pnl > 0 (decisive only),COMPATIBILITY_ONLY_NOT_PRODUCTION,39187.2093,35396.6747,483.0410,8363,6242,-0.01232650,-0.05216444,-0.01154840,-0.01232650,-483.0410,39187.2093,OK,0.0000,19.3216,4.0000,96.0000,AG03-UNRESOLVED,ALL5_LEVELS_bet23_to_bet27,19.3216,19.3216,19.3216,0.0000,0.0000,4.000000,4.000000,4.000000,0.000000,0.000000,96.000000,96.000000,96.000000,100.000000,100.000000,5.0,57.9649,55.6772,425.0761,427.3638,PENDING_AG03,FALSE,NOT_FOR_ENFORCEMENT,463.7194,33980.8077,483.0410,463.7194,19.3216,0.01232650,0.01183344,19.3216,463.7194,0.01183344,19.3216,19.3216,19.3216,0.0000,0.0000,463.7194,0.01183344,57.9649,55.6772,425.0761,427.3638,0.01084732,0.0109057,0.00049306,4.6858,5.6707,0.0774,15.5820,0.2688,1264.1035,201.3548,4.5499,4.6885,2.0771,4.1543,6.1317,8.4025,10.5031,18.5864,3.9466,-2.0771,2.528253,4.474023,1.127938,29,192,48,6,0.01915741,0.01232650,0.05216444,0E-8,0.000000,0.903271,0.017936,-0.04061604,2026-05-16,2026-07-20,31,1797,733,66,0.469697,0.970424,0.970991,0.063858,,,,,,,,GLOBAL_BASELINE_NO_ENTITY_RANKING,,,NOT_APPLICABLE_GLOBAL_BASELINE,HF9g-P5,,,,X 全窗基线 · 不参与实体赏罚,8395127,840,A168_HF9F_20260827_0900,2026-08-27 09:00:00
2026-05-22,150107794,2103,0,6.3018590484,-6.3018590484,-6.3018590484,0E-7,1,1,0.50665070000000000,0.506650700000,-1.013391052207602,-1.013391052207602,-1.013391052207602,0E-17,ELIGIBLE,R03b_20260811_FULL_v1,L1_ELIGIBILITY,v2026-08-11,2026-03-21..2026-08-06,baccarat_bet02_101_all_pairs_incl_sentinel,round_win = game_pnl > 0 (decisive only),COMPATIBILITY_ONLY_NOT_PRODUCTION,39187.2093,35396.6747,483.0410,8363,6242,-0.01232650,-0.05216444,-0.01154840,-0.01232650,-483.0410,39187.2093,OK,0.0000,19.3216,4.0000,96.0000,AG03-UNRESOLVED,ALL5_LEVELS_bet23_to_bet27,19.3216,19.3216,19.3216,0.0000,0.0000,4.000000,4.000000,4.000000,0.000000,0.000000,96.000000,96.000000,96.000000,100.000000,100.000000,5.0,57.9649,55.6772,425.0761,427.3638,PENDING_AG03,FALSE,NOT_FOR_ENFORCEMENT,463.7194,33980.8077,483.0410,463.7194,19.3216,0.01232650,0.01183344,19.3216,463.7194,0.01183344,19.3216,19.3216,19.3216,0.0000,0.0000,463.7194,0.01183344,57.9649,55.6772,425.0761,427.3638,0.01084732,0.0109057,0.00049306,4.6858,5.6707,0.0774,15.5820,0.2688,1264.1035,201.3548,4.5499,4.6885,2.0771,4.1543,6.1317,8.4025,10.5031,18.5864,3.9466,-2.0771,2.528253,4.474023,1.127938,29,192,48,6,0.01915741,0.01232650,0.05216444,0E-8,0.000000,0.903271,0.017936,-0.04061604,2026-05-16,2026-07-20,31,1797,733,66,0.469697,0.970424,0.970991,0.063858,,,,,,,,GLOBAL_BASELINE_NO_ENTITY_RANKING,,,NOT_APPLICABLE_GLOBAL_BASELINE,HF9g-P5,,,,X 全窗基线 · 不参与实体赏罚,8395128,840,A168_HF9F_20260827_0900,2026-08-27 09:00:00
2026-05-22,150107794,2123,0,16.3848335259,-1.9325701082,-1.9325701082,0.5000000,4,3,0.46372904375025541,0.437976050000,0.10286075706706924,0.17679575212256196,0.10286075706706924,0.02575299375025541,ELIGIBLE,R03b_20260811_FULL_v1,L1_ELIGIBILITY,v2026-08-11,2026-03-21..2026-08-06,baccarat_bet02_101_all_pairs_incl_sentinel,round_win = game_pnl > 0 (decisive only),COMPATIBILITY_ONLY_NOT_PRODUCTION,39187.2093,35396.6747,483.0410,8363,6242,-0.01232650,-0.05216444,-0.01154840,-0.01232650,-483.0410,39187.2093,OK,0.0000,19.3216,4.0000,96.0000,AG03-UNRESOLVED,ALL5_LEVELS_bet23_to_bet27,19.3216,19.3216,19.3216,0.0000,0.0000,4.000000,4.000000,4.000000,0.000000,0.000000,96.000000,96.000000,96.000000,100.000000,100.000000,5.0,57.9649,55.6772,425.0761,427.3638,PENDING_AG03,FALSE,NOT_FOR_ENFORCEMENT,463.7194,33980.8077,483.0410,463.7194,19.3216,0.01232650,0.01183344,19.3216,463.7194,0.01183344,19.3216,19.3216,19.3216,0.0000,0.0000,463.7194,0.01183344,57.9649,55.6772,425.0761,427.3638,0.01084732,0.0109057,0.00049306,4.6858,5.6707,0.0774,15.5820,0.2688,1264.1035,201.3548,4.5499,4.6885,2.0771,4.1543,6.1317,8.4025,10.5031,18.5864,3.9466,-2.0771,2.528253,4.474023,1.127938,29,192,48,6,0.01915741,0.01232650,0.05216444,0E-8,0.000000,0.903271,0.017936,-0.04061604,2026-05-16,2026-07-20,31,1797,733,66,0.469697,0.970424,0.970991,0.063858,,,,,,,,GLOBAL_BASELINE_NO_ENTITY_RANKING,,,NOT_APPLICABLE_GLOBAL_BASELINE,HF9g-P5,,,,X 全窗基线 · 不参与实体赏罚,8395129,840,A168_HF9F_20260827_0900,2026-08-27 09:00:00
2026-05-22,150107794,2127,0,72.0512551201,18.9790988342,18.9790988342,0.6000000,12,10,0.48266187200000000,0.458743310000,0.742558057775822,0.8964426584073256,0.742558057775822,0.02391856200000000,ELIGIBLE,R03b_20260811_FULL_v1,L1_ELIGIBILITY,v2026-08-11,2026-03-21..2026-08-06,baccarat_bet02_101_all_pairs_incl_sentinel,round_win = game_pnl > 0 (decisive only),COMPATIBILITY_ONLY_NOT_PRODUCTION,39187.2093,35396.6747,483.0410,8363,6242,-0.01232650,-0.05216444,-0.01154840,-0.01232650,-483.0410,39187.2093,OK,0.0000,19.3216,4.0000,96.0000,AG03-UNRESOLVED,ALL5_LEVELS_bet23_to_bet27,19.3216,19.3216,19.3216,0.0000,0.0000,4.000000,4.000000,4.000000,0.000000,0.000000,96.000000,96.000000,96.000000,100.000000,100.000000,5.0,57.9649,55.6772,425.0761,427.3638,PENDING_AG03,FALSE,NOT_FOR_ENFORCEMENT,463.7194,33980.8077,483.0410,463.7194,19.3216,0.01232650,0.01183344,19.3216,463.7194,0.01183344,19.3216,19.3216,19.3216,0.0000,0.0000,463.7194,0.01183344,57.9649,55.6772,425.0761,427.3638,0.01084732,0.0109057,0.00049306,4.6858,5.6707,0.0774,15.5820,0.2688,1264.1035,201.3548,4.5499,4.6885,2.0771,4.1543,6.1317,8.4025,10.5031,18.5864,3.9466,-2.0771,2.528253,4.474023,1.127938,29,192,48,6,0.01915741,0.01232650,0.05216444,0E-8,0.000000,0.903271,0.017936,-0.04061604,2026-05-16,2026-07-20,31,1797,733,66,0.469697,0.970424,0.970991,0.063858,,,,,,,,GLOBAL_BASELINE_NO_ENTITY_RANKING,,,NOT_APPLICABLE_GLOBAL_BASELINE,HF9g-P5,,,,X 全窗基线 · 不参与实体赏罚,8395130,840,A168_HF9F_20260827_0900,2026-08-27 09:00:00
2026-05-22,150107794,2134,0,4.6213633022,-0.5251549207,-0.5251549207,0.5000000,2,2,0.49994810000000000,0.499948100000,0.00014679536856514622,0.00014679536856514622,0.00014679536856514622,0E-17,ELIGIBLE,R03b_20260811_FULL_v1,L1_ELIGIBILITY,v2026-08-11,2026-03-21..2026-08-06,baccarat_bet02_101_all_pairs_incl_sentinel,round_win = game_pnl > 0 (decisive only),COMPATIBILITY_ONLY_NOT_PRODUCTION,39187.2093,35396.6747,483.0410,8363,6242,-0.01232650,-0.05216444,-0.01154840,-0.01232650,-483.0410,39187.2093,OK,0.0000,19.3216,4.0000,96.0000,AG03-UNRESOLVED,ALL5_LEVELS_bet23_to_bet27,19.3216,19.3216,19.3216,0.0000,0.0000,4.000000,4.000000,4.000000,0.000000,0.000000,96.000000,96.000000,96.000000,100.000000,100.000000,5.0,57.9649,55.6772,425.0761,427.3638,PENDING_AG03,FALSE,NOT_FOR_ENFORCEMENT,463.7194,33980.8077,483.0410,463.7194,19.3216,0.01232650,0.01183344,19.3216,463.7194,0.01183344,19.3216,19.3216,19.3216,0.0000,0.0000,463.7194,0.01183344,57.9649,55.6772,425.0761,427.3638,0.01084732,0.0109057,0.00049306,4.6858,5.6707,0.0774,15.5820,0.2688,1264.1035,201.3548,4.5499,4.6885,2.0771,4.1543,6.1317,8.4025,10.5031,18.5864,3.9466,-2.0771,2.528253,4.474023,1.127938,29,192,48,6,0.01915741,0.01232650,0.05216444,0E-8,0.000000,0.903271,0.017936,-0.04061604,2026-05-16,2026-07-20,31,1797,733,66,0.469697,0.970424,0.970991,0.063858,,,,,,,,GLOBAL_BASELINE_NO_ENTITY_RANKING,,,NOT_APPLICABLE_GLOBAL_BASELINE,HF9g-P5,,,,X 全窗基线 · 不参与实体赏罚,8395131,840,A168_HF9F_20260827_0900,2026-08-27 09:00:00
2026-05-22,150107794,2169,0,4.2012393656,3.9911773973,3.9911773973,1.0000000,1,1,0.50665070000000000,0.506650700000,0.9867858985152569,0.9867858985152569,0.9867858985152569,0E-17,ELIGIBLE,R03b_20260811_FULL_v1,L1_ELIGIBILITY,v2026-08-11,2026-03-21..2026-08-06,baccarat_bet02_101_all_pairs_incl_sentinel,round_win = game_pnl > 0 (decisive only),COMPATIBILITY_ONLY_NOT_PRODUCTION,39187.2093,35396.6747,483.0410,8363,6242,-0.01232650,-0.05216444,-0.01154840,-0.01232650,-483.0410,39187.2093,OK,0.0000,19.3216,4.0000,96.0000,AG03-UNRESOLVED,ALL5_LEVELS_bet23_to_bet27,19.3216,19.3216,19.3216,0.0000,0.0000,4.000000,4.000000,4.000000,0.000000,0.000000,96.000000,96.000000,96.000000,100.000000,100.000000,5.0,57.9649,55.6772,425.0761,427.3638,PENDING_AG03,FALSE,NOT_FOR_ENFORCEMENT,463.7194,33980.8077,483.0410,463.7194,19.3216,0.01232650,0.01183344,19.3216,463.7194,0.01183344,19.3216,19.3216,19.3216,0.0000,0.0000,463.7194,0.01183344,57.9649,55.6772,425.0761,427.3638,0.01084732,0.0109057,0.00049306,4.6858,5.6707,0.0774,15.5820,0.2688,1264.1035,201.3548,4.5499,4.6885,2.0771,4.1543,6.1317,8.4025,10.5031,18.5864,3.9466,-2.0771,2.528253,4.474023,1.127938,29,192,48,6,0.01915741,0.01232650,0.05216444,0E-8,0.000000,0.903271,0.017936,-0.04061604,2026-05-16,2026-07-20,31,1797,733,66,0.469697,0.970424,0.970991,0.063858,,,,,,,,GLOBAL_BASELINE_NO_ENTITY_RANKING,,,NOT_APPLICABLE_GLOBAL_BASELINE,HF9g-P5,,,,X 全窗基线 · 不参与实体赏罚,8395132,840,A168_HF9F_20260827_0900,2026-08-27 09:00:00
2026-05-22,150107794,2170,0,8.4024787312,0E-10,0E-10,0.5000000,2,2,0.49994810000000000,0.499948100000,0.00014679536856514622,0.00014679536856514622,0.00014679536856514622,0E-17,ELIGIBLE,R03b_20260811_FULL_v1,L1_ELIGIBILITY,v2026-08-11,2026-03-21..2026-08-06,baccarat_bet02_101_all_pairs_incl_sentinel,round_win = game_pnl > 0 (decisive only),COMPATIBILITY_ONLY_NOT_PRODUCTION,39187.2093,35396.6747,483.0410,8363,6242,-0.01232650,-0.05216444,-0.01154840,-0.01232650,-483.0410,39187.2093,OK,0.0000,19.3216,4.0000,96.0000,AG03-UNRESOLVED,ALL5_LEVELS_bet23_to_bet27,19.3216,19.3216,19.3216,0.0000,0.0000,4.000000,4.000000,4.000000,0.000000,0.000000,96.000000,96.000000,96.000000,100.000000,100.000000,5.0,57.9649,55.6772,425.0761,427.3638,PENDING_AG03,FALSE,NOT_FOR_ENFORCEMENT,463.7194,33980.8077,483.0410,463.7194,19.3216,0.01232650,0.01183344,19.3216,463.7194,0.01183344,19.3216,19.3216,19.3216,0.0000,0.0000,463.7194,0.01183344,57.9649,55.6772,425.0761,427.3638,0.01084732,0.0109057,0.00049306,4.6858,5.6707,0.0774,15.5820,0.2688,1264.1035,201.3548,4.5499,4.6885,2.0771,4.1543,6.1317,8.4025,10.5031,18.5864,3.9466,-2.0771,2.528253,4.474023,1.127938,29,192,48,6,0.01915741,0.01232650,0.05216444,0E-8,0.000000,0.903271,0.017936,-0.04061604,2026-05-16,2026-07-20,31,1797,733,66,0.469697,0.970424,0.970991,0.063858,,,,,,,,GLOBAL_BASELINE_NO_ENTITY_RANKING,,,NOT_APPLICABLE_GLOBAL_BASELINE,HF9g-P5,,,,X 全窗基线 · 不参与实体赏罚,8395133,840,A168_HF9F_20260827_0900,2026-08-27 09:00:00
2026-05-22,150107794,2196,0,37.8111542904,8.4024787312,8.4024787312,0.6000000,7,6,0.47663538750000000,0.460025275000,0.5523066627512102,0.6279962672173198,0.5523066627512102,0.01661011250000000,ELIGIBLE,R03b_20260811_FULL_v1,L1_ELIGIBILITY,v2026-08-11,2026-03-21..2026-08-06,baccarat_bet02_101_all_pairs_incl_sentinel,round_win = game_pnl > 0 (decisive only),COMPATIBILITY_ONLY_NOT_PRODUCTION,39187.2093,35396.6747,483.0410,8363,6242,-0.01232650,-0.05216444,-0.01154840,-0.01232650,-483.0410,39187.2093,OK,0.0000,19.3216,4.0000,96.0000,AG03-UNRESOLVED,ALL5_LEVELS_bet23_to_bet27,19.3216,19.3216,19.3216,0.0000,0.0000,4.000000,4.000000,4.000000,0.000000,0.000000,96.000000,96.000000,96.000000,100.000000,100.000000,5.0,57.9649,55.6772,425.0761,427.3638,PENDING_AG03,FALSE,NOT_FOR_ENFORCEMENT,463.7194,33980.8077,483.0410,463.7194,19.3216,0.01232650,0.01183344,19.3216,463.7194,0.01183344,19.3216,19.3216,19.3216,0.0000,0.0000,463.7194,0.01183344,57.9649,55.6772,425.0761,427.3638,0.01084732,0.0109057,0.00049306,4.6858,5.6707,0.0774,15.5820,0.2688,1264.1035,201.3548,4.5499,4.6885,2.0771,4.1543,6.1317,8.4025,10.5031,18.5864,3.9466,-2.0771,2.528253,4.474023,1.127938,29,192,48,6,0.01915741,0.01232650,0.05216444,0E-8,0.000000,0.903271,0.017936,-0.04061604,2026-05-16,2026-07-20,31,1797,733,66,0.469697,0.970424,0.970991,0.063858,,,,,,,,GLOBAL_BASELINE_NO_ENTITY_RANKING,,,NOT_APPLICABLE_GLOBAL_BASELINE,HF9g-P5,,,,X 全窗基线 · 不参与实体赏罚,8395134,840,A168_HF9F_20260827_0900,2026-08-27 09:00:00
2026-05-22,150107794,2209,0,12.6037180968,3.7811154291,3.7811154291,0.3333333,4,3,0.49994810000000000,0.499948100000,-0.5771704854251445,-0.5771704854251445,-0.5771704854251445,0E-17,ELIGIBLE,R03b_20260811_FULL_v1,L1_ELIGIBILITY,v2026-08-11,2026-03-21..2026-08-06,baccarat_bet02_101_all_pairs_incl_sentinel,round_win = game_pnl > 0 (decisive only),COMPATIBILITY_ONLY_NOT_PRODUCTION,39187.2093,35396.6747,483.0410,8363,6242,-0.01232650,-0.05216444,-0.01154840,-0.01232650,-483.0410,39187.2093,OK,0.0000,19.3216,4.0000,96.0000,AG03-UNRESOLVED,ALL5_LEVELS_bet23_to_bet27,19.3216,19.3216,19.3216,0.0000,0.0000,4.000000,4.000000,4.000000,0.000000,0.000000,96.000000,96.000000,96.000000,100.000000,100.000000,5.0,57.9649,55.6772,425.0761,427.3638,PENDING_AG03,FALSE,NOT_FOR_ENFORCEMENT,463.7194,33980.8077,483.0410,463.7194,19.3216,0.01232650,0.01183344,19.3216,463.7194,0.01183344,19.3216,19.3216,19.3216,0.0000,0.0000,463.7194,0.01183344,57.9649,55.6772,425.0761,427.3638,0.01084732,0.0109057,0.00049306,4.6858,5.6707,0.0774,15.5820,0.2688,1264.1035,201.3548,4.5499,4.6885,2.0771,4.1543,6.1317,8.4025,10.5031,18.5864,3.9466,-2.0771,2.528253,4.474023,1.127938,29,192,48,6,0.01915741,0.01232650,0.05216444,0E-8,0.000000,0.903271,0.017936,-0.04061604,2026-05-16,2026-07-20,31,1797,733,66,0.469697,0.970424,0.970991,0.063858,,,,,,,,GLOBAL_BASELINE_NO_ENTITY_RANKING,,,NOT_APPLICABLE_GLOBAL_BASELINE,HF9g-P5,,,,X 全窗基线 · 不参与实体赏罚,8395135,840,A168_HF9F_20260827_0900,2026-08-27 09:00:00
2026-05-22,150107794,2220,0,14.7043377796,-14.7043377796,-14.7043377796,0E-7,3,3,0.50665070000000000,0.506650700000,-1.7552447903592512,-1.7552447903592512,-1.7552447903592512,0E-17,ELIGIBLE,R03b_20260811_FULL_v1,L1_ELIGIBILITY,v2026-08-11,2026-03-21..2026-08-06,baccarat_bet02_101_all_pairs_incl_sentinel,round_win = game_pnl > 0 (decisive only),COMPATIBILITY_ONLY_NOT_PRODUCTION,39187.2093,35396.6747,483.0410,8363,6242,-0.01232650,-0.05216444,-0.01154840,-0.01232650,-483.0410,39187.2093,OK,0.0000,19.3216,4.0000,96.0000,AG03-UNRESOLVED,ALL5_LEVELS_bet23_to_bet27,19.3216,19.3216,19.3216,0.0000,0.0000,4.000000,4.000000,4.000000,0.000000,0.000000,96.000000,96.000000,96.000000,100.000000,100.000000,5.0,57.9649,55.6772,425.0761,427.3638,PENDING_AG03,FALSE,NOT_FOR_ENFORCEMENT,463.7194,33980.8077,483.0410,463.7194,19.3216,0.01232650,0.01183344,19.3216,463.7194,0.01183344,19.3216,19.3216,19.3216,0.0000,0.0000,463.7194,0.01183344,57.9649,55.6772,425.0761,427.3638,0.01084732,0.0109057,0.00049306,4.6858,5.6707,0.0774,15.5820,0.2688,1264.1035,201.3548,4.5499,4.6885,2.0771,4.1543,6.1317,8.4025,10.5031,18.5864,3.9466,-2.0771,2.528253,4.474023,1.127938,29,192,48,6,0.01915741,0.01232650,0.05216444,0E-8,0.000000,0.903271,0.017936,-0.04061604,2026-05-16,2026-07-20,31,1797,733,66,0.469697,0.970424,0.970991,0.063858,,,,,,,,GLOBAL_BASELINE_NO_ENTITY_RANKING,,,NOT_APPLICABLE_GLOBAL_BASELINE,HF9g-P5,,,,X 全窗基线 · 不参与实体赏罚,8395136,840,A168_HF9F_20260827_0900,2026-08-27 09:00:00
2026-05-22,150107794,2241,0,24.9973742253,-4.3062703497,-4.3062703497,0.5000000,4,3,0.47059534897953914,0.431273450000,0.08331310793260824,0.19625079655879635,0.08331310793260824,0.03932189897953914,ELIGIBLE,R03b_20260811_FULL_v1,L1_ELIGIBILITY,v2026-08-11,2026-03-21..2026-08-06,baccarat_bet02_101_all_pairs_incl_sentinel,round_win = game_pnl > 0 (decisive only),COMPATIBILITY_ONLY_NOT_PRODUCTION,39187.2093,35396.6747,483.0410,8363,6242,-0.01232650,-0.05216444,-0.01154840,-0.01232650,-483.0410,39187.2093,OK,0.0000,19.3216,4.0000,96.0000,AG03-UNRESOLVED,ALL5_LEVELS_bet23_to_bet27,19.3216,19.3216,19.3216,0.0000,0.0000,4.000000,4.000000,4.000000,0.000000,0.000000,96.000000,96.000000,96.000000,100.000000,100.000000,5.0,57.9649,55.6772,425.0761,427.3638,PENDING_AG03,FALSE,NOT_FOR_ENFORCEMENT,463.7194,33980.8077,483.0410,463.7194,19.3216,0.01232650,0.01183344,19.3216,463.7194,0.01183344,19.3216,19.3216,19.3216,0.0000,0.0000,463.7194,0.01183344,57.9649,55.6772,425.0761,427.3638,0.01084732,0.0109057,0.00049306,4.6858,5.6707,0.0774,15.5820,0.2688,1264.1035,201.3548,4.5499,4.6885,2.0771,4.1543,6.1317,8.4025,10.5031,18.5864,3.9466,-2.0771,2.528253,4.474023,1.127938,29,192,48,6,0.01915741,0.01232650,0.05216444,0E-8,0.000000,0.903271,0.017936,-0.04061604,2026-05-16,2026-07-20,31,1797,733,66,0.469697,0.970424,0.970991,0.063858,,,,,,,,GLOBAL_BASELINE_NO_ENTITY_RANKING,,,NOT_APPLICABLE_GLOBAL_BASELINE,HF9g-P5,,,,X 全窗基线 · 不参与实体赏罚,8395137,840,A168_HF9F_20260827_0900,2026-08-27 09:00:00
2026-05-22,150107794,2248,0,20.3760109232,-8.0873857788,-8.0873857788,0.4000000,5,5,0.50396966000000000,0.503969660000,-0.4649811094771361,-0.4649811094771361,-0.4649811094771361,0E-17,ELIGIBLE,R03b_20260811_FULL_v1,L1_ELIGIBILITY,v2026-08-11,2026-03-21..2026-08-06,baccarat_bet02_101_all_pairs_incl_sentinel,round_win = game_pnl > 0 (decisive only),COMPATIBILITY_ONLY_NOT_PRODUCTION,39187.2093,35396.6747,483.0410,8363,6242,-0.01232650,-0.05216444,-0.01154840,-0.01232650,-483.0410,39187.2093,OK,0.0000,19.3216,4.0000,96.0000,AG03-UNRESOLVED,ALL5_LEVELS_bet23_to_bet27,19.3216,19.3216,19.3216,0.0000,0.0000,4.000000,4.000000,4.000000,0.000000,0.000000,96.000000,96.000000,96.000000,100.000000,100.000000,5.0,57.9649,55.6772,425.0761,427.3638,PENDING_AG03,FALSE,NOT_FOR_ENFORCEMENT,463.7194,33980.8077,483.0410,463.7194,19.3216,0.01232650,0.01183344,19.3216,463.7194,0.01183344,19.3216,19.3216,19.3216,0.0000,0.0000,463.7194,0.01183344,57.9649,55.6772,425.0761,427.3638,0.01084732,0.0109057,0.00049306,4.6858,5.6707,0.0774,15.5820,0.2688,1264.1035,201.3548,4.5499,4.6885,2.0771,4.1543,6.1317,8.4025,10.5031,18.5864,3.9466,-2.0771,2.528253,4.474023,1.127938,29,192,48,6,0.01915741,0.01232650,0.05216444,0E-8,0.000000,0.903271,0.017936,-0.04061604,2026-05-16,2026-07-20,31,1797,733,66,0.469697,0.970424,0.970991,0.063858,,,,,,,,GLOBAL_BASELINE_NO_ENTITY_RANKING,,,NOT_APPLICABLE_GLOBAL_BASELINE,HF9g-P5,,,,X 全窗基线 · 不参与实体赏罚,8395138,840,A168_HF9F_20260827_0900,2026-08-27 09:00:00
2026-05-22,150107794,2261,0,2.1006196828,2.1006196828,2.1006196828,1.0000000,1,1,0.49324550000000000,0.493245500000,1.01360149184955,1.01360149184955,1.01360149184955,0E-17,ELIGIBLE,R03b_20260811_FULL_v1,L1_ELIGIBILITY,v2026-08-11,2026-03-21..2026-08-06,baccarat_bet02_101_all_pairs_incl_sentinel,round_win = game_pnl > 0 (decisive only),COMPATIBILITY_ONLY_NOT_PRODUCTION,39187.2093,35396.6747,483.0410,8363,6242,-0.01232650,-0.05216444,-0.01154840,-0.01232650,-483.0410,39187.2093,OK,0.0000,19.3216,4.0000,96.0000,AG03-UNRESOLVED,ALL5_LEVELS_bet23_to_bet27,19.3216,19.3216,19.3216,0.0000,0.0000,4.000000,4.000000,4.000000,0.000000,0.000000,96.000000,96.000000,96.000000,100.000000,100.000000,5.0,57.9649,55.6772,425.0761,427.3638,PENDING_AG03,FALSE,NOT_FOR_ENFORCEMENT,463.7194,33980.8077,483.0410,463.7194,19.3216,0.01232650,0.01183344,19.3216,463.7194,0.01183344,19.3216,19.3216,19.3216,0.0000,0.0000,463.7194,0.01183344,57.9649,55.6772,425.0761,427.3638,0.01084732,0.0109057,0.00049306,4.6858,5.6707,0.0774,15.5820,0.2688,1264.1035,201.3548,4.5499,4.6885,2.0771,4.1543,6.1317,8.4025,10.5031,18.5864,3.9466,-2.0771,2.528253,4.474023,1.127938,29,192,48,6,0.01915741,0.01232650,0.05216444,0E-8,0.000000,0.903271,0.017936,-0.04061604,2026-05-16,2026-07-20,31,1797,733,66,0.469697,0.970424,0.970991,0.063858,,,,,,,,GLOBAL_BASELINE_NO_ENTITY_RANKING,,,NOT_APPLICABLE_GLOBAL_BASELINE,HF9g-P5,,,,X 全窗基线 · 不参与实体赏罚,8395139,840,A168_HF9F_20260827_0900,2026-08-27 09:00:00
2026-05-22,150107794,2267,0,64.6990862303,15.5445856527,15.5445856527,0.7333333,16,15,0.49153621333333333,0.487106850000,1.8732208359846005,1.907896556115022,1.8732208359846005,0.00442936333333333,ELIGIBLE,R03b_20260811_FULL_v1,L1_ELIGIBILITY,v2026-08-11,2026-03-21..2026-08-06,baccarat_bet02_101_all_pairs_incl_sentinel,round_win = game_pnl > 0 (decisive only),COMPATIBILITY_ONLY_NOT_PRODUCTION,39187.2093,35396.6747,483.0410,8363,6242,-0.01232650,-0.05216444,-0.01154840,-0.01232650,-483.0410,39187.2093,OK,0.0000,19.3216,4.0000,96.0000,AG03-UNRESOLVED,ALL5_LEVELS_bet23_to_bet27,19.3216,19.3216,19.3216,0.0000,0.0000,4.000000,4.000000,4.000000,0.000000,0.000000,96.000000,96.000000,96.000000,100.000000,100.000000,5.0,57.9649,55.6772,425.0761,427.3638,PENDING_AG03,FALSE,NOT_FOR_ENFORCEMENT,463.7194,33980.8077,483.0410,463.7194,19.3216,0.01232650,0.01183344,19.3216,463.7194,0.01183344,19.3216,19.3216,19.3216,0.0000,0.0000,463.7194,0.01183344,57.9649,55.6772,425.0761,427.3638,0.01084732,0.0109057,0.00049306,4.6858,5.6707,0.0774,15.5820,0.2688,1264.1035,201.3548,4.5499,4.6885,2.0771,4.1543,6.1317,8.4025,10.5031,18.5864,3.9466,-2.0771,2.528253,4.474023,1.127938,29,192,48,6,0.01915741,0.01232650,0.05216444,0E-8,0.000000,0.903271,0.017936,-0.04061604,2026-05-16,2026-07-20,31,1797,733,66,0.469697,0.970424,0.970991,0.063858,,,,,,,,GLOBAL_BASELINE_NO_ENTITY_RANKING,,,NOT_APPLICABLE_GLOBAL_BASELINE,HF9g-P5,,,,X 全窗基线 · 不参与实体赏罚,8395140,840,A168_HF9F_20260827_0900,2026-08-27 09:00:00
2026-05-22,150107794,526,0,16.8049574624,-0.3150929524,-0.3150929524,0.3333333,5,4,0.45514471250000000,0.455144712500,-0.42367530610713144,-0.42367530610713144,-0.42367530610713144,0E-17,ELIGIBLE,R03b_20260811_FULL_v1,L1_ELIGIBILITY,v2026-08-11,2026-03-21..2026-08-06,baccarat_bet02_101_all_pairs_incl_sentinel,round_win = game_pnl > 0 (decisive only),COMPATIBILITY_ONLY_NOT_PRODUCTION,39187.2093,35396.6747,483.0410,8363,6242,-0.01232650,-0.05216444,-0.01154840,-0.01232650,-483.0410,39187.2093,OK,0.0000,19.3216,4.0000,96.0000,AG03-UNRESOLVED,ALL5_LEVELS_bet23_to_bet27,19.3216,19.3216,19.3216,0.0000,0.0000,4.000000,4.000000,4.000000,0.000000,0.000000,96.000000,96.000000,96.000000,100.000000,100.000000,5.0,57.9649,55.6772,425.0761,427.3638,PENDING_AG03,FALSE,NOT_FOR_ENFORCEMENT,463.7194,33980.8077,483.0410,463.7194,19.3216,0.01232650,0.01183344,19.3216,463.7194,0.01183344,19.3216,19.3216,19.3216,0.0000,0.0000,463.7194,0.01183344,57.9649,55.6772,425.0761,427.3638,0.01084732,0.0109057,0.00049306,4.6858,5.6707,0.0774,15.5820,0.2688,1264.1035,201.3548,4.5499,4.6885,2.0771,4.1543,6.1317,8.4025,10.5031,18.5864,3.9466,-2.0771,2.528253,4.474023,1.127938,29,192,48,6,0.01915741,0.01232650,0.05216444,0E-8,0.000000,0.903271,0.017936,-0.04061604,2026-05-16,2026-07-20,31,1797,733,66,0.469697,0.970424,0.970991,0.063858,,,,,,,,GLOBAL_BASELINE_NO_ENTITY_RANKING,,,NOT_APPLICABLE_GLOBAL_BASELINE,HF9g-P5,,,,X 全窗基线 · 不参与实体赏罚,8395141,840,A168_HF9F_20260827_0900,2026-08-27 09:00:00
2026-05-22,150107794,529,0,83.1845394390,-8.2134229596,-8.2134229596,0.5000000,16,11,0.46357982435064935,0.425030300000,0.2309549212248348,0.4795714800448047,0.2309549212248348,0.03854952435064935,ELIGIBLE,R03b_20260811_FULL_v1,L1_ELIGIBILITY,v2026-08-11,2026-03-21..2026-08-06,baccarat_bet02_101_all_pairs_incl_sentinel,round_win = game_pnl > 0 (decisive only),COMPATIBILITY_ONLY_NOT_PRODUCTION,39187.2093,35396.6747,483.0410,8363,6242,-0.01232650,-0.05216444,-0.01154840,-0.01232650,-483.0410,39187.2093,OK,0.0000,19.3216,4.0000,96.0000,AG03-UNRESOLVED,ALL5_LEVELS_bet23_to_bet27,19.3216,19.3216,19.3216,0.0000,0.0000,4.000000,4.000000,4.000000,0.000000,0.000000,96.000000,96.000000,96.000000,100.000000,100.000000,5.0,57.9649,55.6772,425.0761,427.3638,PENDING_AG03,FALSE,NOT_FOR_ENFORCEMENT,463.7194,33980.8077,483.0410,463.7194,19.3216,0.01232650,0.01183344,19.3216,463.7194,0.01183344,19.3216,19.3216,19.3216,0.0000,0.0000,463.7194,0.01183344,57.9649,55.6772,425.0761,427.3638,0.01084732,0.0109057,0.00049306,4.6858,5.6707,0.0774,15.5820,0.2688,1264.1035,201.3548,4.5499,4.6885,2.0771,4.1543,6.1317,8.4025,10.5031,18.5864,3.9466,-2.0771,2.528253,4.474023,1.127938,29,192,48,6,0.01915741,0.01232650,0.05216444,0E-8,0.000000,0.903271,0.017936,-0.04061604,2026-05-16,2026-07-20,31,1797,733,66,0.469697,0.970424,0.970991,0.063858,,,,,,,,GLOBAL_BASELINE_NO_ENTITY_RANKING,,,NOT_APPLICABLE_GLOBAL_BASELINE,HF9g-P5,,,,X 全窗基线 · 不参与实体赏罚,8395142,840,A168_HF9F_20260827_0900,2026-08-27 09:00:00
2026-05-22,150107794,752,0,6.3018590484,-4.2012393656,-4.2012393656,0E-7,2,2,0.49994810000000000,0.499948100000,-0.9998962053866608,-0.9998962053866608,-0.9998962053866608,0E-17,ELIGIBLE,R03b_20260811_FULL_v1,L1_ELIGIBILITY,v2026-08-11,2026-03-21..2026-08-06,baccarat_bet02_101_all_pairs_incl_sentinel,round_win = game_pnl > 0 (decisive only),COMPATIBILITY_ONLY_NOT_PRODUCTION,39187.2093,35396.6747,483.0410,8363,6242,-0.01232650,-0.05216444,-0.01154840,-0.01232650,-483.0410,39187.2093,OK,0.0000,19.3216,4.0000,96.0000,AG03-UNRESOLVED,ALL5_LEVELS_bet23_to_bet27,19.3216,19.3216,19.3216,0.0000,0.0000,4.000000,4.000000,4.000000,0.000000,0.000000,96.000000,96.000000,96.000000,100.000000,100.000000,5.0,57.9649,55.6772,425.0761,427.3638,PENDING_AG03,FALSE,NOT_FOR_ENFORCEMENT,463.7194,33980.8077,483.0410,463.7194,19.3216,0.01232650,0.01183344,19.3216,463.7194,0.01183344,19.3216,19.3216,19.3216,0.0000,0.0000,463.7194,0.01183344,57.9649,55.6772,425.0761,427.3638,0.01084732,0.0109057,0.00049306,4.6858,5.6707,0.0774,15.5820,0.2688,1264.1035,201.3548,4.5499,4.6885,2.0771,4.1543,6.1317,8.4025,10.5031,18.5864,3.9466,-2.0771,2.528253,4.474023,1.127938,29,192,48,6,0.01915741,0.01232650,0.05216444,0E-8,0.000000,0.903271,0.017936,-0.04061604,2026-05-16,2026-07-20,31,1797,733,66,0.469697,0.970424,0.970991,0.063858,,,,,,,,GLOBAL_BASELINE_NO_ENTITY_RANKING,,,NOT_APPLICABLE_GLOBAL_BASELINE,HF9g-P5,,,,X 全窗基线 · 不参与实体赏罚,8395143,840,A168_HF9F_20260827_0900,2026-08-27 09:00:00
2026-05-22,150107794,919,0,3.1509295242,-3.1509295242,-3.1509295242,0E-7,1,1,0.49324550000000000,0.493245500000,-0.9865810262130424,-0.9865810262130424,-0.9865810262130424,0E-17,ELIGIBLE,R03b_20260811_FULL_v1,L1_ELIGIBILITY,v2026-08-11,2026-03-21..2026-08-06,baccarat_bet02_101_all_pairs_incl_sentinel,round_win = game_pnl > 0 (decisive only),COMPATIBILITY_ONLY_NOT_PRODUCTION,39187.2093,35396.6747,483.0410,8363,6242,-0.01232650,-0.05216444,-0.01154840,-0.01232650,-483.0410,39187.2093,OK,0.0000,19.3216,4.0000,96.0000,AG03-UNRESOLVED,ALL5_LEVELS_bet23_to_bet27,19.3216,19.3216,19.3216,0.0000,0.0000,4.000000,4.000000,4.000000,0.000000,0.000000,96.000000,96.000000,96.000000,100.000000,100.000000,5.0,57.9649,55.6772,425.0761,427.3638,PENDING_AG03,FALSE,NOT_FOR_ENFORCEMENT,463.7194,33980.8077,483.0410,463.7194,19.3216,0.01232650,0.01183344,19.3216,463.7194,0.01183344,19.3216,19.3216,19.3216,0.0000,0.0000,463.7194,0.01183344,57.9649,55.6772,425.0761,427.3638,0.01084732,0.0109057,0.00049306,4.6858,5.6707,0.0774,15.5820,0.2688,1264.1035,201.3548,4.5499,4.6885,2.0771,4.1543,6.1317,8.4025,10.5031,18.5864,3.9466,-2.0771,2.528253,4.474023,1.127938,29,192,48,6,0.01915741,0.01232650,0.05216444,0E-8,0.000000,0.903271,0.017936,-0.04061604,2026-05-16,2026-07-20,31,1797,733,66,0.469697,0.970424,0.970991,0.063858,,,,,,,,GLOBAL_BASELINE_NO_ENTITY_RANKING,,,NOT_APPLICABLE_GLOBAL_BASELINE,HF9g-P5,,,,X 全窗基线 · 不参与实体赏罚,8395144,840,A168_HF9F_20260827_0900,2026-08-27 09:00:00
2026-05-22,150107794,948,0,103.1404264255,-11.7109547316,-11.7109547316,0.5714286,19,15,0.47001345675005108,0.445902060000,0.7602897517167782,0.9449013511107713,0.7602897517167782,0.02411139675005108,ELIGIBLE,R03b_20260811_FULL_v1,L1_ELIGIBILITY,v2026-08-11,2026-03-21..2026-08-06,baccarat_bet02_101_all_pairs_incl_sentinel,round_win = game_pnl > 0 (decisive only),COMPATIBILITY_ONLY_NOT_PRODUCTION,39187.2093,35396.6747,483.0410,8363,6242,-0.01232650,-0.05216444,-0.01154840,-0.01232650,-483.0410,39187.2093,OK,0.0000,19.3216,4.0000,96.0000,AG03-UNRESOLVED,ALL5_LEVELS_bet23_to_bet27,19.3216,19.3216,19.3216,0.0000,0.0000,4.000000,4.000000,4.000000,0.000000,0.000000,96.000000,96.000000,96.000000,100.000000,100.000000,5.0,57.9649,55.6772,425.0761,427.3638,PENDING_AG03,FALSE,NOT_FOR_ENFORCEMENT,463.7194,33980.8077,483.0410,463.7194,19.3216,0.01232650,0.01183344,19.3216,463.7194,0.01183344,19.3216,19.3216,19.3216,0.0000,0.0000,463.7194,0.01183344,57.9649,55.6772,425.0761,427.3638,0.01084732,0.0109057,0.00049306,4.6858,5.6707,0.0774,15.5820,0.2688,1264.1035,201.3548,4.5499,4.6885,2.0771,4.1543,6.1317,8.4025,10.5031,18.5864,3.9466,-2.0771,2.528253,4.474023,1.127938,29,192,48,6,0.01915741,0.01232650,0.05216444,0E-8,0.000000,0.903271,0.017936,-0.04061604,2026-05-16,2026-07-20,31,1797,733,66,0.469697,0.970424,0.970991,0.063858,,,,,,,,GLOBAL_BASELINE_NO_ENTITY_RANKING,,,NOT_APPLICABLE_GLOBAL_BASELINE,HF9g-P5,,,,X 全窗基线 · 不参与实体赏罚,8395145,840,A168_HF9F_20260827_0900,2026-08-27 09:00:00
2026-05-26,150107794,-1,1,1225.2914609790,205.6611700465,205.6611700465,0.6063830,172,95,0.44104297545509880,0.340372293684,3.2285848518139524,5.442976550114306,3.2285848518139524,0.10067068177109880,SENTINEL_DEALER,R03b_20260811_FULL_v1,L1_ELIGIBILITY,v2026-08-11,2026-03-21..2026-08-06,baccarat_bet02_101_all_pairs_incl_sentinel,round_win = game_pnl > 0 (decisive only),COMPATIBILITY_ONLY_NOT_PRODUCTION,39187.2093,35396.6747,483.0410,8363,6242,-0.01232650,-0.05216444,-0.01154840,-0.01232650,-483.0410,39187.2093,OK,0.0000,19.3216,4.0000,96.0000,AG03-UNRESOLVED,ALL5_LEVELS_bet23_to_bet27,19.3216,19.3216,19.3216,0.0000,0.0000,4.000000,4.000000,4.000000,0.000000,0.000000,96.000000,96.000000,96.000000,100.000000,100.000000,5.0,57.9649,55.6772,425.0761,427.3638,PENDING_AG03,FALSE,NOT_FOR_ENFORCEMENT,463.7194,33980.8077,483.0410,463.7194,19.3216,0.01232650,0.01183344,19.3216,463.7194,0.01183344,19.3216,19.3216,19.3216,0.0000,0.0000,463.7194,0.01183344,57.9649,55.6772,425.0761,427.3638,0.01084732,0.0109057,0.00049306,4.6858,5.6707,0.0774,15.5820,0.2688,1264.1035,201.3548,4.5499,4.6885,2.0771,4.1543,6.1317,8.4025,10.5031,18.5864,3.9466,-2.0771,2.528253,4.474023,1.127938,29,192,48,6,0.01915741,0.01232650,0.05216444,0E-8,0.000000,0.903271,0.017936,-0.04061604,2026-05-16,2026-07-20,31,1797,733,66,0.469697,0.970424,0.970991,0.063858,,,,,,,,GLOBAL_BASELINE_NO_ENTITY_RANKING,,,NOT_APPLICABLE_GLOBAL_BASELINE,HF9g-P5,,,,X 全窗基线 · 不参与实体赏罚,8395146,840,A168_HF9F_20260827_0900,2026-08-27 09:00:00
2026-05-26,150107794,1095,0,98.5190631234,23.0963134125,23.0963134125,0.7142857,14,7,0.43985355166290208,0.298711721429,1.4627805705440637,2.402276310885649,1.4627805705440637,0.14114183023390208,ELIGIBLE,R03b_20260811_FULL_v1,L1_ELIGIBILITY,v2026-08-11,2026-03-21..2026-08-06,baccarat_bet02_101_all_pairs_incl_sentinel,round_win = game_pnl > 0 (decisive only),COMPATIBILITY_ONLY_NOT_PRODUCTION,39187.2093,35396.6747,483.0410,8363,6242,-0.01232650,-0.05216444,-0.01154840,-0.01232650,-483.0410,39187.2093,OK,0.0000,19.3216,4.0000,96.0000,AG03-UNRESOLVED,ALL5_LEVELS_bet23_to_bet27,19.3216,19.3216,19.3216,0.0000,0.0000,4.000000,4.000000,4.000000,0.000000,0.000000,96.000000,96.000000,96.000000,100.000000,100.000000,5.0,57.9649,55.6772,425.0761,427.3638,PENDING_AG03,FALSE,NOT_FOR_ENFORCEMENT,463.7194,33980.8077,483.0410,463.7194,19.3216,0.01232650,0.01183344,19.3216,463.7194,0.01183344,19.3216,19.3216,19.3216,0.0000,0.0000,463.7194,0.01183344,57.9649,55.6772,425.0761,427.3638,0.01084732,0.0109057,0.00049306,4.6858,5.6707,0.0774,15.5820,0.2688,1264.1035,201.3548,4.5499,4.6885,2.0771,4.1543,6.1317,8.4025,10.5031,18.5864,3.9466,-2.0771,2.528253,4.474023,1.127938,29,192,48,6,0.01915741,0.01232650,0.05216444,0E-8,0.000000,0.903271,0.017936,-0.04061604,2026-05-16,2026-07-20,31,1797,733,66,0.469697,0.970424,0.970991,0.063858,,,,,,,,GLOBAL_BASELINE_NO_ENTITY_RANKING,,,NOT_APPLICABLE_GLOBAL_BASELINE,HF9g-P5,,,,X 全窗基线 · 不参与实体赏罚,8395147,840,A168_HF9F_20260827_0900,2026-08-27 09:00:00
2026-05-26,150107794,1109,0,39.9117739732,-8.9276336519,-8.9276336519,0.5000000,8,5,0.43529501000000000,0.380355290000,0.2610147878393822,0.4928983830091459,0.2610147878393822,0.05493972000000000,ELIGIBLE,R03b_20260811_FULL_v1,L1_ELIGIBILITY,v2026-08-11,2026-03-21..2026-08-06,baccarat_bet02_101_all_pairs_incl_sentinel,round_win = game_pnl > 0 (decisive only),COMPATIBILITY_ONLY_NOT_PRODUCTION,39187.2093,35396.6747,483.0410,8363,6242,-0.01232650,-0.05216444,-0.01154840,-0.01232650,-483.0410,39187.2093,OK,0.0000,19.3216,4.0000,96.0000,AG03-UNRESOLVED,ALL5_LEVELS_bet23_to_bet27,19.3216,19.3216,19.3216,0.0000,0.0000,4.000000,4.000000,4.000000,0.000000,0.000000,96.000000,96.000000,96.000000,100.000000,100.000000,5.0,57.9649,55.6772,425.0761,427.3638,PENDING_AG03,FALSE,NOT_FOR_ENFORCEMENT,463.7194,33980.8077,483.0410,463.7194,19.3216,0.01232650,0.01183344,19.3216,463.7194,0.01183344,19.3216,19.3216,19.3216,0.0000,0.0000,463.7194,0.01183344,57.9649,55.6772,425.0761,427.3638,0.01084732,0.0109057,0.00049306,4.6858,5.6707,0.0774,15.5820,0.2688,1264.1035,201.3548,4.5499,4.6885,2.0771,4.1543,6.1317,8.4025,10.5031,18.5864,3.9466,-2.0771,2.528253,4.474023,1.127938,29,192,48,6,0.01915741,0.01232650,0.05216444,0E-8,0.000000,0.903271,0.017936,-0.04061604,2026-05-16,2026-07-20,31,1797,733,66,0.469697,0.970424,0.970991,0.063858,,,,,,,,GLOBAL_BASELINE_NO_ENTITY_RANKING,,,NOT_APPLICABLE_GLOBAL_BASELINE,HF9g-P5,,,,X 全窗基线 · 不参与实体赏罚,8395148,840,A168_HF9F_20260827_0900,2026-08-27 09:00:00
2026-05-26,150107794,1205,0,47.2639428630,-7.3521688898,-7.3521688898,0.5000000,7,4,0.44620791250000000,0.345430137500,0.2164244821708839,0.6501247512753514,0.2164244821708839,0.10077777500000000,ELIGIBLE,R03b_20260811_FULL_v1,L1_ELIGIBILITY,v2026-08-11,2026-03-21..2026-08-06,baccarat_bet02_101_all_pairs_incl_sentinel,round_win = game_pnl > 0 (decisive only),COMPATIBILITY_ONLY_NOT_PRODUCTION,39187.2093,35396.6747,483.0410,8363,6242,-0.01232650,-0.05216444,-0.01154840,-0.01232650,-483.0410,39187.2093,OK,0.0000,19.3216,4.0000,96.0000,AG03-UNRESOLVED,ALL5_LEVELS_bet23_to_bet27,19.3216,19.3216,19.3216,0.0000,0.0000,4.000000,4.000000,4.000000,0.000000,0.000000,96.000000,96.000000,96.000000,100.000000,100.000000,5.0,57.9649,55.6772,425.0761,427.3638,PENDING_AG03,FALSE,NOT_FOR_ENFORCEMENT,463.7194,33980.8077,483.0410,463.7194,19.3216,0.01232650,0.01183344,19.3216,463.7194,0.01183344,19.3216,19.3216,19.3216,0.0000,0.0000,463.7194,0.01183344,57.9649,55.6772,425.0761,427.3638,0.01084732,0.0109057,0.00049306,4.6858,5.6707,0.0774,15.5820,0.2688,1264.1035,201.3548,4.5499,4.6885,2.0771,4.1543,6.1317,8.4025,10.5031,18.5864,3.9466,-2.0771,2.528253,4.474023,1.127938,29,192,48,6,0.01915741,0.01232650,0.05216444,0E-8,0.000000,0.903271,0.017936,-0.04061604,2026-05-16,2026-07-20,31,1797,733,66,0.469697,0.970424,0.970991,0.063858,,,,,,,,GLOBAL_BASELINE_NO_ENTITY_RANKING,,,NOT_APPLICABLE_GLOBAL_BASELINE,HF9g-P5,,,,X 全窗基线 · 不参与实体赏罚,8395149,840,A168_HF9F_20260827_0900,2026-08-27 09:00:00
2026-05-26,150107794,1306,0,31.5092952421,-31.5092952421,-31.5092952421,0E-7,4,2,0.43787845833345048,0.293924150000,-1.2481784314034208,-0.9124455438455121,-1.2481784314034208,0.14395430833345048,ELIGIBLE,R03b_20260811_FULL_v1,L1_ELIGIBILITY,v2026-08-11,2026-03-21..2026-08-06,baccarat_bet02_101_all_pairs_incl_sentinel,round_win = game_pnl > 0 (decisive only),COMPATIBILITY_ONLY_NOT_PRODUCTION,39187.2093,35396.6747,483.0410,8363,6242,-0.01232650,-0.05216444,-0.01154840,-0.01232650,-483.0410,39187.2093,OK,0.0000,19.3216,4.0000,96.0000,AG03-UNRESOLVED,ALL5_LEVELS_bet23_to_bet27,19.3216,19.3216,19.3216,0.0000,0.0000,4.000000,4.000000,4.000000,0.000000,0.000000,96.000000,96.000000,96.000000,100.000000,100.000000,5.0,57.9649,55.6772,425.0761,427.3638,PENDING_AG03,FALSE,NOT_FOR_ENFORCEMENT,463.7194,33980.8077,483.0410,463.7194,19.3216,0.01232650,0.01183344,19.3216,463.7194,0.01183344,19.3216,19.3216,19.3216,0.0000,0.0000,463.7194,0.01183344,57.9649,55.6772,425.0761,427.3638,0.01084732,0.0109057,0.00049306,4.6858,5.6707,0.0774,15.5820,0.2688,1264.1035,201.3548,4.5499,4.6885,2.0771,4.1543,6.1317,8.4025,10.5031,18.5864,3.9466,-2.0771,2.528253,4.474023,1.127938,29,192,48,6,0.01915741,0.01232650,0.05216444,0E-8,0.000000,0.903271,0.017936,-0.04061604,2026-05-16,2026-07-20,31,1797,733,66,0.469697,0.970424,0.970991,0.063858,,,,,,,,GLOBAL_BASELINE_NO_ENTITY_RANKING,,,NOT_APPLICABLE_GLOBAL_BASELINE,HF9g-P5,,,,X 全窗基线 · 不参与实体赏罚,8395150,840,A168_HF9F_20260827_0900,2026-08-27 09:00:00
2026-05-26,150107794,1325,0,73.5216888980,-3.1509295241,-3.1509295241,0.5000000,12,6,0.42164746642857143,0.298392550000,0.38864904117289434,1.0792973676828088,0.38864904117289434,0.12325491642857143,ELIGIBLE,R03b_20260811_FULL_v1,L1_ELIGIBILITY,v2026-08-11,2026-03-21..2026-08-06,baccarat_bet02_101_all_pairs_incl_sentinel,round_win = game_pnl > 0 (decisive only),COMPATIBILITY_ONLY_NOT_PRODUCTION,39187.2093,35396.6747,483.0410,8363,6242,-0.01232650,-0.05216444,-0.01154840,-0.01232650,-483.0410,39187.2093,OK,0.0000,19.3216,4.0000,96.0000,AG03-UNRESOLVED,ALL5_LEVELS_bet23_to_bet27,19.3216,19.3216,19.3216,0.0000,0.0000,4.000000,4.000000,4.000000,0.000000,0.000000,96.000000,96.000000,96.000000,100.000000,100.000000,5.0,57.9649,55.6772,425.0761,427.3638,PENDING_AG03,FALSE,NOT_FOR_ENFORCEMENT,463.7194,33980.8077,483.0410,463.7194,19.3216,0.01232650,0.01183344,19.3216,463.7194,0.01183344,19.3216,19.3216,19.3216,0.0000,0.0000,463.7194,0.01183344,57.9649,55.6772,425.0761,427.3638,0.01084732,0.0109057,0.00049306,4.6858,5.6707,0.0774,15.5820,0.2688,1264.1035,201.3548,4.5499,4.6885,2.0771,4.1543,6.1317,8.4025,10.5031,18.5864,3.9466,-2.0771,2.528253,4.474023,1.127938,29,192,48,6,0.01915741,0.01232650,0.05216444,0E-8,0.000000,0.903271,0.017936,-0.04061604,2026-05-16,2026-07-20,31,1797,733,66,0.469697,0.970424,0.970991,0.063858,,,,,,,,GLOBAL_BASELINE_NO_ENTITY_RANKING,,,NOT_APPLICABLE_GLOBAL_BASELINE,HF9g-P5,,,,X 全窗基线 · 不参与实体赏罚,8395151,840,A168_HF9F_20260827_0900,2026-08-27 09:00:00
2026-05-26,150107794,1353,0,51.4651822286,-4.3587858417,-4.3587858417,0.6000000,9,5,0.44621700800000000,0.341831540000,0.6917520292865749,1.2170644784789217,0.6917520292865749,0.10438546800000000,ELIGIBLE,R03b_20260811_FULL_v1,L1_ELIGIBILITY,v2026-08-11,2026-03-21..2026-08-06,baccarat_bet02_101_all_pairs_incl_sentinel,round_win = game_pnl > 0 (decisive only),COMPATIBILITY_ONLY_NOT_PRODUCTION,39187.2093,35396.6747,483.0410,8363,6242,-0.01232650,-0.05216444,-0.01154840,-0.01232650,-483.0410,39187.2093,OK,0.0000,19.3216,4.0000,96.0000,AG03-UNRESOLVED,ALL5_LEVELS_bet23_to_bet27,19.3216,19.3216,19.3216,0.0000,0.0000,4.000000,4.000000,4.000000,0.000000,0.000000,96.000000,96.000000,96.000000,100.000000,100.000000,5.0,57.9649,55.6772,425.0761,427.3638,PENDING_AG03,FALSE,NOT_FOR_ENFORCEMENT,463.7194,33980.8077,483.0410,463.7194,19.3216,0.01232650,0.01183344,19.3216,463.7194,0.01183344,19.3216,19.3216,19.3216,0.0000,0.0000,463.7194,0.01183344,57.9649,55.6772,425.0761,427.3638,0.01084732,0.0109057,0.00049306,4.6858,5.6707,0.0774,15.5820,0.2688,1264.1035,201.3548,4.5499,4.6885,2.0771,4.1543,6.1317,8.4025,10.5031,18.5864,3.9466,-2.0771,2.528253,4.474023,1.127938,29,192,48,6,0.01915741,0.01232650,0.05216444,0E-8,0.000000,0.903271,0.017936,-0.04061604,2026-05-16,2026-07-20,31,1797,733,66,0.469697,0.970424,0.970991,0.063858,,,,,,,,GLOBAL_BASELINE_NO_ENTITY_RANKING,,,NOT_APPLICABLE_GLOBAL_BASELINE,HF9g-P5,,,,X 全窗基线 · 不参与实体赏罚,8395152,840,A168_HF9F_20260827_0900,2026-08-27 09:00:00
2026-05-26,150107794,1363,0,8.4024787312,-8.4024787312,-8.4024787312,0E-7,1,1,0.50665070000000000,0.506650700000,-1.013391052207602,-1.013391052207602,-1.013391052207602,0E-17,ELIGIBLE,R03b_20260811_FULL_v1,L1_ELIGIBILITY,v2026-08-11,2026-03-21..2026-08-06,baccarat_bet02_101_all_pairs_incl_sentinel,round_win = game_pnl > 0 (decisive only),COMPATIBILITY_ONLY_NOT_PRODUCTION,39187.2093,35396.6747,483.0410,8363,6242,-0.01232650,-0.05216444,-0.01154840,-0.01232650,-483.0410,39187.2093,OK,0.0000,19.3216,4.0000,96.0000,AG03-UNRESOLVED,ALL5_LEVELS_bet23_to_bet27,19.3216,19.3216,19.3216,0.0000,0.0000,4.000000,4.000000,4.000000,0.000000,0.000000,96.000000,96.000000,96.000000,100.000000,100.000000,5.0,57.9649,55.6772,425.0761,427.3638,PENDING_AG03,FALSE,NOT_FOR_ENFORCEMENT,463.7194,33980.8077,483.0410,463.7194,19.3216,0.01232650,0.01183344,19.3216,463.7194,0.01183344,19.3216,19.3216,19.3216,0.0000,0.0000,463.7194,0.01183344,57.9649,55.6772,425.0761,427.3638,0.01084732,0.0109057,0.00049306,4.6858,5.6707,0.0774,15.5820,0.2688,1264.1035,201.3548,4.5499,4.6885,2.0771,4.1543,6.1317,8.4025,10.5031,18.5864,3.9466,-2.0771,2.528253,4.474023,1.127938,29,192,48,6,0.01915741,0.01232650,0.05216444,0E-8,0.000000,0.903271,0.017936,-0.04061604,2026-05-16,2026-07-20,31,1797,733,66,0.469697,0.970424,0.970991,0.063858,,,,,,,,GLOBAL_BASELINE_NO_ENTITY_RANKING,,,NOT_APPLICABLE_GLOBAL_BASELINE,HF9g-P5,,,,X 全窗基线 · 不参与实体赏罚,8395153,840,A168_HF9F_20260827_0900,2026-08-27 09:00:00
2026-05-26,150107794,1374,0,127.0874908096,47.1589118791,47.1589118791,0.6666667,22,15,0.46539654285711320,0.407825150000,1.5627787073782842,2.0399408919101316,1.5627787073782842,0.05757139285711320,ELIGIBLE,R03b_20260811_FULL_v1,L1_ELIGIBILITY,v2026-08-11,2026-03-21..2026-08-06,baccarat_bet02_101_all_pairs_incl_sentinel,round_win = game_pnl > 0 (decisive only),COMPATIBILITY_ONLY_NOT_PRODUCTION,39187.2093,35396.6747,483.0410,8363,6242,-0.01232650,-0.05216444,-0.01154840,-0.01232650,-483.0410,39187.2093,OK,0.0000,19.3216,4.0000,96.0000,AG03-UNRESOLVED,ALL5_LEVELS_bet23_to_bet27,19.3216,19.3216,19.3216,0.0000,0.0000,4.000000,4.000000,4.000000,0.000000,0.000000,96.000000,96.000000,96.000000,100.000000,100.000000,5.0,57.9649,55.6772,425.0761,427.3638,PENDING_AG03,FALSE,NOT_FOR_ENFORCEMENT,463.7194,33980.8077,483.0410,463.7194,19.3216,0.01232650,0.01183344,19.3216,463.7194,0.01183344,19.3216,19.3216,19.3216,0.0000,0.0000,463.7194,0.01183344,57.9649,55.6772,425.0761,427.3638,0.01084732,0.0109057,0.00049306,4.6858,5.6707,0.0774,15.5820,0.2688,1264.1035,201.3548,4.5499,4.6885,2.0771,4.1543,6.1317,8.4025,10.5031,18.5864,3.9466,-2.0771,2.528253,4.474023,1.127938,29,192,48,6,0.01915741,0.01232650,0.05216444,0E-8,0.000000,0.903271,0.017936,-0.04061604,2026-05-16,2026-07-20,31,1797,733,66,0.469697,0.970424,0.970991,0.063858,,,,,,,,GLOBAL_BASELINE_NO_ENTITY_RANKING,,,NOT_APPLICABLE_GLOBAL_BASELINE,HF9g-P5,,,,X 全窗基线 · 不参与实体赏罚,8395154,840,A168_HF9F_20260827_0900,2026-08-27 09:00:00
2026-05-26,150107794,1382,0,8.4024787312,-8.4024787312,-8.4024787312,0E-7,1,1,0.49324550000000000,0.493245500000,-0.9865810262130424,-0.9865810262130424,-0.9865810262130424,0E-17,ELIGIBLE,R03b_20260811_FULL_v1,L1_ELIGIBILITY,v2026-08-11,2026-03-21..2026-08-06,baccarat_bet02_101_all_pairs_incl_sentinel,round_win = game_pnl > 0 (decisive only),COMPATIBILITY_ONLY_NOT_PRODUCTION,39187.2093,35396.6747,483.0410,8363,6242,-0.01232650,-0.05216444,-0.01154840,-0.01232650,-483.0410,39187.2093,OK,0.0000,19.3216,4.0000,96.0000,AG03-UNRESOLVED,ALL5_LEVELS_bet23_to_bet27,19.3216,19.3216,19.3216,0.0000,0.0000,4.000000,4.000000,4.000000,0.000000,0.000000,96.000000,96.000000,96.000000,100.000000,100.000000,5.0,57.9649,55.6772,425.0761,427.3638,PENDING_AG03,FALSE,NOT_FOR_ENFORCEMENT,463.7194,33980.8077,483.0410,463.7194,19.3216,0.01232650,0.01183344,19.3216,463.7194,0.01183344,19.3216,19.3216,19.3216,0.0000,0.0000,463.7194,0.01183344,57.9649,55.6772,425.0761,427.3638,0.01084732,0.0109057,0.00049306,4.6858,5.6707,0.0774,15.5820,0.2688,1264.1035,201.3548,4.5499,4.6885,2.0771,4.1543,6.1317,8.4025,10.5031,18.5864,3.9466,-2.0771,2.528253,4.474023,1.127938,29,192,48,6,0.01915741,0.01232650,0.05216444,0E-8,0.000000,0.903271,0.017936,-0.04061604,2026-05-16,2026-07-20,31,1797,733,66,0.469697,0.970424,0.970991,0.063858,,,,,,,,GLOBAL_BASELINE_NO_ENTITY_RANKING,,,NOT_APPLICABLE_GLOBAL_BASELINE,HF9g-P5,,,,X 全窗基线 · 不参与实体赏罚,8395155,840,A168_HF9F_20260827_0900,2026-08-27 09:00:00
2026-05-26,150107794,1401,0,2.1006196828,-2.1006196828,-2.1006196828,0E-7,1,1,0.50665070000000000,0.506650700000,-1.013391052207602,-1.013391052207602,-1.013391052207602,0E-17,ELIGIBLE,R03b_20260811_FULL_v1,L1_ELIGIBILITY,v2026-08-11,2026-03-21..2026-08-06,baccarat_bet02_101_all_pairs_incl_sentinel,round_win = game_pnl > 0 (decisive only),COMPATIBILITY_ONLY_NOT_PRODUCTION,39187.2093,35396.6747,483.0410,8363,6242,-0.01232650,-0.05216444,-0.01154840,-0.01232650,-483.0410,39187.2093,OK,0.0000,19.3216,4.0000,96.0000,AG03-UNRESOLVED,ALL5_LEVELS_bet23_to_bet27,19.3216,19.3216,19.3216,0.0000,0.0000,4.000000,4.000000,4.000000,0.000000,0.000000,96.000000,96.000000,96.000000,100.000000,100.000000,5.0,57.9649,55.6772,425.0761,427.3638,PENDING_AG03,FALSE,NOT_FOR_ENFORCEMENT,463.7194,33980.8077,483.0410,463.7194,19.3216,0.01232650,0.01183344,19.3216,463.7194,0.01183344,19.3216,19.3216,19.3216,0.0000,0.0000,463.7194,0.01183344,57.9649,55.6772,425.0761,427.3638,0.01084732,0.0109057,0.00049306,4.6858,5.6707,0.0774,15.5820,0.2688,1264.1035,201.3548,4.5499,4.6885,2.0771,4.1543,6.1317,8.4025,10.5031,18.5864,3.9466,-2.0771,2.528253,4.474023,1.127938,29,192,48,6,0.01915741,0.01232650,0.05216444,0E-8,0.000000,0.903271,0.017936,-0.04061604,2026-05-16,2026-07-20,31,1797,733,66,0.469697,0.970424,0.970991,0.063858,,,,,,,,GLOBAL_BASELINE_NO_ENTITY_RANKING,,,NOT_APPLICABLE_GLOBAL_BASELINE,HF9g-P5,,,,X 全窗基线 · 不参与实体赏罚,8395156,840,A168_HF9F_20260827_0900,2026-08-27 09:00:00
2026-05-26,150107794,1402,0,23.1068165108,13.7590589224,13.7590589224,1.0000000,4,2,0.43110858500000000,0.300626750000,1.624562230665867,2.157027567203367,1.624562230665867,0.13048183500000000,ELIGIBLE,R03b_20260811_FULL_v1,L1_ELIGIBILITY,v2026-08-11,2026-03-21..2026-08-06,baccarat_bet02_101_all_pairs_incl_sentinel,round_win = game_pnl > 0 (decisive only),COMPATIBILITY_ONLY_NOT_PRODUCTION,39187.2093,35396.6747,483.0410,8363,6242,-0.01232650,-0.05216444,-0.01154840,-0.01232650,-483.0410,39187.2093,OK,0.0000,19.3216,4.0000,96.0000,AG03-UNRESOLVED,ALL5_LEVELS_bet23_to_bet27,19.3216,19.3216,19.3216,0.0000,0.0000,4.000000,4.000000,4.000000,0.000000,0.000000,96.000000,96.000000,96.000000,100.000000,100.000000,5.0,57.9649,55.6772,425.0761,427.3638,PENDING_AG03,FALSE,NOT_FOR_ENFORCEMENT,463.7194,33980.8077,483.0410,463.7194,19.3216,0.01232650,0.01183344,19.3216,463.7194,0.01183344,19.3216,19.3216,19.3216,0.0000,0.0000,463.7194,0.01183344,57.9649,55.6772,425.0761,427.3638,0.01084732,0.0109057,0.00049306,4.6858,5.6707,0.0774,15.5820,0.2688,1264.1035,201.3548,4.5499,4.6885,2.0771,4.1543,6.1317,8.4025,10.5031,18.5864,3.9466,-2.0771,2.528253,4.474023,1.127938,29,192,48,6,0.01915741,0.01232650,0.05216444,0E-8,0.000000,0.903271,0.017936,-0.04061604,2026-05-16,2026-07-20,31,1797,733,66,0.469697,0.970424,0.970991,0.063858,,,,,,,,GLOBAL_BASELINE_NO_ENTITY_RANKING,,,NOT_APPLICABLE_GLOBAL_BASELINE,HF9g-P5,,,,X 全窗基线 · 不参与实体赏罚,8395157,840,A168_HF9F_20260827_0900,2026-08-27 09:00:00
2026-05-26,150107794,1490,0,70.1606974056,2.4157126353,2.4157126353,0.5555556,11,9,0.47265321111116968,0.457888666667,0.49815971908369716,0.5880908441179796,0.49815971908369716,0.01476454444416968,ELIGIBLE,R03b_20260811_FULL_v1,L1_ELIGIBILITY,v2026-08-11,2026-03-21..2026-08-06,baccarat_bet02_101_all_pairs_incl_sentinel,round_win = game_pnl > 0 (decisive only),COMPATIBILITY_ONLY_NOT_PRODUCTION,39187.2093,35396.6747,483.0410,8363,6242,-0.01232650,-0.05216444,-0.01154840,-0.01232650,-483.0410,39187.2093,OK,0.0000,19.3216,4.0000,96.0000,AG03-UNRESOLVED,ALL5_LEVELS_bet23_to_bet27,19.3216,19.3216,19.3216,0.0000,0.0000,4.000000,4.000000,4.000000,0.000000,0.000000,96.000000,96.000000,96.000000,100.000000,100.000000,5.0,57.9649,55.6772,425.0761,427.3638,PENDING_AG03,FALSE,NOT_FOR_ENFORCEMENT,463.7194,33980.8077,483.0410,463.7194,19.3216,0.01232650,0.01183344,19.3216,463.7194,0.01183344,19.3216,19.3216,19.3216,0.0000,0.0000,463.7194,0.01183344,57.9649,55.6772,425.0761,427.3638,0.01084732,0.0109057,0.00049306,4.6858,5.6707,0.0774,15.5820,0.2688,1264.1035,201.3548,4.5499,4.6885,2.0771,4.1543,6.1317,8.4025,10.5031,18.5864,3.9466,-2.0771,2.528253,4.474023,1.127938,29,192,48,6,0.01915741,0.01232650,0.05216444,0E-8,0.000000,0.903271,0.017936,-0.04061604,2026-05-16,2026-07-20,31,1797,733,66,0.469697,0.970424,0.970991,0.063858,,,,,,,,GLOBAL_BASELINE_NO_ENTITY_RANKING,,,NOT_APPLICABLE_GLOBAL_BASELINE,HF9g-P5,,,,X 全窗基线 · 不参与实体赏罚,8395158,840,A168_HF9F_20260827_0900,2026-08-27 09:00:00
2026-05-26,150107794,1509,0,16.8049574624,0E-10,0E-10,0.5000000,3,2,0.46008383000000000,0.400287425000,0.11326147399165,0.2878109933178697,0.11326147399165,0.05979640500000000,ELIGIBLE,R03b_20260811_FULL_v1,L1_ELIGIBILITY,v2026-08-11,2026-03-21..2026-08-06,baccarat_bet02_101_all_pairs_incl_sentinel,round_win = game_pnl > 0 (decisive only),COMPATIBILITY_ONLY_NOT_PRODUCTION,39187.2093,35396.6747,483.0410,8363,6242,-0.01232650,-0.05216444,-0.01154840,-0.01232650,-483.0410,39187.2093,OK,0.0000,19.3216,4.0000,96.0000,AG03-UNRESOLVED,ALL5_LEVELS_bet23_to_bet27,19.3216,19.3216,19.3216,0.0000,0.0000,4.000000,4.000000,4.000000,0.000000,0.000000,96.000000,96.000000,96.000000,100.000000,100.000000,5.0,57.9649,55.6772,425.0761,427.3638,PENDING_AG03,FALSE,NOT_FOR_ENFORCEMENT,463.7194,33980.8077,483.0410,463.7194,19.3216,0.01232650,0.01183344,19.3216,463.7194,0.01183344,19.3216,19.3216,19.3216,0.0000,0.0000,463.7194,0.01183344,57.9649,55.6772,425.0761,427.3638,0.01084732,0.0109057,0.00049306,4.6858,5.6707,0.0774,15.5820,0.2688,1264.1035,201.3548,4.5499,4.6885,2.0771,4.1543,6.1317,8.4025,10.5031,18.5864,3.9466,-2.0771,2.528253,4.474023,1.127938,29,192,48,6,0.01915741,0.01232650,0.05216444,0E-8,0.000000,0.903271,0.017936,-0.04061604,2026-05-16,2026-07-20,31,1797,733,66,0.469697,0.970424,0.970991,0.063858,,,,,,,,GLOBAL_BASELINE_NO_ENTITY_RANKING,,,NOT_APPLICABLE_GLOBAL_BASELINE,HF9g-P5,,,,X 全窗基线 · 不参与实体赏罚,8395159,840,A168_HF9F_20260827_0900,2026-08-27 09:00:00
2026-05-26,150107794,1704,0,107.1316038231,18.2753912405,18.2753912405,0.6666667,12,6,0.45360199432550893,0.298392550000,1.0483228239280915,1.9715406583637907,1.0483228239280915,0.15520944432550893,ELIGIBLE,R03b_20260811_FULL_v1,L1_ELIGIBILITY,v2026-08-11,2026-03-21..2026-08-06,baccarat_bet02_101_all_pairs_incl_sentinel,round_win = game_pnl > 0 (decisive only),COMPATIBILITY_ONLY_NOT_PRODUCTION,39187.2093,35396.6747,483.0410,8363,6242,-0.01232650,-0.05216444,-0.01154840,-0.01232650,-483.0410,39187.2093,OK,0.0000,19.3216,4.0000,96.0000,AG03-UNRESOLVED,ALL5_LEVELS_bet23_to_bet27,19.3216,19.3216,19.3216,0.0000,0.0000,4.000000,4.000000,4.000000,0.000000,0.000000,96.000000,96.000000,96.000000,100.000000,100.000000,5.0,57.9649,55.6772,425.0761,427.3638,PENDING_AG03,FALSE,NOT_FOR_ENFORCEMENT,463.7194,33980.8077,483.0410,463.7194,19.3216,0.01232650,0.01183344,19.3216,463.7194,0.01183344,19.3216,19.3216,19.3216,0.0000,0.0000,463.7194,0.01183344,57.9649,55.6772,425.0761,427.3638,0.01084732,0.0109057,0.00049306,4.6858,5.6707,0.0774,15.5820,0.2688,1264.1035,201.3548,4.5499,4.6885,2.0771,4.1543,6.1317,8.4025,10.5031,18.5864,3.9466,-2.0771,2.528253,4.474023,1.127938,29,192,48,6,0.01915741,0.01232650,0.05216444,0E-8,0.000000,0.903271,0.017936,-0.04061604,2026-05-16,2026-07-20,31,1797,733,66,0.469697,0.970424,0.970991,0.063858,,,,,,,,GLOBAL_BASELINE_NO_ENTITY_RANKING,,,NOT_APPLICABLE_GLOBAL_BASELINE,HF9g-P5,,,,X 全窗基线 · 不参与实体赏罚,8395160,840,A168_HF9F_20260827_0900,2026-08-27 09:00:00
2026-05-26,150107794,1714,0,73.5216888980,43.3777964501,43.3777964501,0.7142857,13,7,0.41442479408163265,0.328143714286,1.61047758408582,2.1758343290953968,1.61047758408582,0.08628107979563265,ELIGIBLE,R03b_20260811_FULL_v1,L1_ELIGIBILITY,v2026-08-11,2026-03-21..2026-08-06,baccarat_bet02_101_all_pairs_incl_sentinel,round_win = game_pnl > 0 (decisive only),COMPATIBILITY_ONLY_NOT_PRODUCTION,39187.2093,35396.6747,483.0410,8363,6242,-0.01232650,-0.05216444,-0.01154840,-0.01232650,-483.0410,39187.2093,OK,0.0000,19.3216,4.0000,96.0000,AG03-UNRESOLVED,ALL5_LEVELS_bet23_to_bet27,19.3216,19.3216,19.3216,0.0000,0.0000,4.000000,4.000000,4.000000,0.000000,0.000000,96.000000,96.000000,96.000000,100.000000,100.000000,5.0,57.9649,55.6772,425.0761,427.3638,PENDING_AG03,FALSE,NOT_FOR_ENFORCEMENT,463.7194,33980.8077,483.0410,463.7194,19.3216,0.01232650,0.01183344,19.3216,463.7194,0.01183344,19.3216,19.3216,19.3216,0.0000,0.0000,463.7194,0.01183344,57.9649,55.6772,425.0761,427.3638,0.01084732,0.0109057,0.00049306,4.6858,5.6707,0.0774,15.5820,0.2688,1264.1035,201.3548,4.5499,4.6885,2.0771,4.1543,6.1317,8.4025,10.5031,18.5864,3.9466,-2.0771,2.528253,4.474023,1.127938,29,192,48,6,0.01915741,0.01232650,0.05216444,0E-8,0.000000,0.903271,0.017936,-0.04061604,2026-05-16,2026-07-20,31,1797,733,66,0.469697,0.970424,0.970991,0.063858,,,,,,,,GLOBAL_BASELINE_NO_ENTITY_RANKING,,,NOT_APPLICABLE_GLOBAL_BASELINE,HF9g-P5,,,,X 全窗基线 · 不参与实体赏罚,8395161,840,A168_HF9F_20260827_0900,2026-08-27 09:00:00
2026-05-26,150107794,1940,0,207.7512866292,119.7878374121,119.7878374121,0.8666667,28,16,0.45573581945860431,0.347943612500,3.1956036929703324,4.217782386651504,3.1956036929703324,0.10779220695860431,ELIGIBLE,R03b_20260811_FULL_v1,L1_ELIGIBILITY,v2026-08-11,2026-03-21..2026-08-06,baccarat_bet02_101_all_pairs_incl_sentinel,round_win = game_pnl > 0 (decisive only),COMPATIBILITY_ONLY_NOT_PRODUCTION,39187.2093,35396.6747,483.0410,8363,6242,-0.01232650,-0.05216444,-0.01154840,-0.01232650,-483.0410,39187.2093,OK,0.0000,19.3216,4.0000,96.0000,AG03-UNRESOLVED,ALL5_LEVELS_bet23_to_bet27,19.3216,19.3216,19.3216,0.0000,0.0000,4.000000,4.000000,4.000000,0.000000,0.000000,96.000000,96.000000,96.000000,100.000000,100.000000,5.0,57.9649,55.6772,425.0761,427.3638,PENDING_AG03,FALSE,NOT_FOR_ENFORCEMENT,463.7194,33980.8077,483.0410,463.7194,19.3216,0.01232650,0.01183344,19.3216,463.7194,0.01183344,19.3216,19.3216,19.3216,0.0000,0.0000,463.7194,0.01183344,57.9649,55.6772,425.0761,427.3638,0.01084732,0.0109057,0.00049306,4.6858,5.6707,0.0774,15.5820,0.2688,1264.1035,201.3548,4.5499,4.6885,2.0771,4.1543,6.1317,8.4025,10.5031,18.5864,3.9466,-2.0771,2.528253,4.474023,1.127938,29,192,48,6,0.01915741,0.01232650,0.05216444,0E-8,0.000000,0.903271,0.017936,-0.04061604,2026-05-16,2026-07-20,31,1797,733,66,0.469697,0.970424,0.970991,0.063858,,,,,,,,GLOBAL_BASELINE_NO_ENTITY_RANKING,,,NOT_APPLICABLE_GLOBAL_BASELINE,HF9g-P5,,,,X 全窗基线 · 不参与实体赏罚,8395162,840,A168_HF9F_20260827_0900,2026-08-27 09:00:00
2026-05-26,150107794,1947,0,25.2074361936,2.1006196829,2.1006196829,0.5000000,4,2,0.43601391714285715,0.300626750000,0.18248036979453447,0.6149128471998733,0.18248036979453447,0.13538716714285715,ELIGIBLE,R03b_20260811_FULL_v1,L1_ELIGIBILITY,v2026-08-11,2026-03-21..2026-08-06,baccarat_bet02_101_all_pairs_incl_sentinel,round_win = game_pnl > 0 (decisive only),COMPATIBILITY_ONLY_NOT_PRODUCTION,39187.2093,35396.6747,483.0410,8363,6242,-0.01232650,-0.05216444,-0.01154840,-0.01232650,-483.0410,39187.2093,OK,0.0000,19.3216,4.0000,96.0000,AG03-UNRESOLVED,ALL5_LEVELS_bet23_to_bet27,19.3216,19.3216,19.3216,0.0000,0.0000,4.000000,4.000000,4.000000,0.000000,0.000000,96.000000,96.000000,96.000000,100.000000,100.000000,5.0,57.9649,55.6772,425.0761,427.3638,PENDING_AG03,FALSE,NOT_FOR_ENFORCEMENT,463.7194,33980.8077,483.0410,463.7194,19.3216,0.01232650,0.01183344,19.3216,463.7194,0.01183344,19.3216,19.3216,19.3216,0.0000,0.0000,463.7194,0.01183344,57.9649,55.6772,425.0761,427.3638,0.01084732,0.0109057,0.00049306,4.6858,5.6707,0.0774,15.5820,0.2688,1264.1035,201.3548,4.5499,4.6885,2.0771,4.1543,6.1317,8.4025,10.5031,18.5864,3.9466,-2.0771,2.528253,4.474023,1.127938,29,192,48,6,0.01915741,0.01232650,0.05216444,0E-8,0.000000,0.903271,0.017936,-0.04061604,2026-05-16,2026-07-20,31,1797,733,66,0.469697,0.970424,0.970991,0.063858,,,,,,,,GLOBAL_BASELINE_NO_ENTITY_RANKING,,,NOT_APPLICABLE_GLOBAL_BASELINE,HF9g-P5,,,,X 全窗基线 · 不参与实体赏罚,8395163,840,A168_HF9F_20260827_0900,2026-08-27 09:00:00
2026-05-26,150107794,1963,0,85.0750971536,11.6479361411,11.6479361411,0.7777778,14,9,0.47023804229175984,0.409871366667,1.8485160541288839,2.2441995812897235,1.8485160541288839,0.06036667562475984,ELIGIBLE,R03b_20260811_FULL_v1,L1_ELIGIBILITY,v2026-08-11,2026-03-21..2026-08-06,baccarat_bet02_101_all_pairs_incl_sentinel,round_win = game_pnl > 0 (decisive only),COMPATIBILITY_ONLY_NOT_PRODUCTION,39187.2093,35396.6747,483.0410,8363,6242,-0.01232650,-0.05216444,-0.01154840,-0.01232650,-483.0410,39187.2093,OK,0.0000,19.3216,4.0000,96.0000,AG03-UNRESOLVED,ALL5_LEVELS_bet23_to_bet27,19.3216,19.3216,19.3216,0.0000,0.0000,4.000000,4.000000,4.000000,0.000000,0.000000,96.000000,96.000000,96.000000,100.000000,100.000000,5.0,57.9649,55.6772,425.0761,427.3638,PENDING_AG03,FALSE,NOT_FOR_ENFORCEMENT,463.7194,33980.8077,483.0410,463.7194,19.3216,0.01232650,0.01183344,19.3216,463.7194,0.01183344,19.3216,19.3216,19.3216,0.0000,0.0000,463.7194,0.01183344,57.9649,55.6772,425.0761,427.3638,0.01084732,0.0109057,0.00049306,4.6858,5.6707,0.0774,15.5820,0.2688,1264.1035,201.3548,4.5499,4.6885,2.0771,4.1543,6.1317,8.4025,10.5031,18.5864,3.9466,-2.0771,2.528253,4.474023,1.127938,29,192,48,6,0.01915741,0.01232650,0.05216444,0E-8,0.000000,0.903271,0.017936,-0.04061604,2026-05-16,2026-07-20,31,1797,733,66,0.469697,0.970424,0.970991,0.063858,,,,,,,,GLOBAL_BASELINE_NO_ENTITY_RANKING,,,NOT_APPLICABLE_GLOBAL_BASELINE,HF9g-P5,,,,X 全窗基线 · 不参与实体赏罚,8395164,840,A168_HF9F_20260827_0900,2026-08-27 09:00:00
2026-05-26,150107794,1966,0,31.5092952420,16.8049574625,16.8049574625,0.5000000,4,2,0.38646620535714286,0.293924150000,0.32973507365102617,0.6397330434626627,0.32973507365102617,0.09254205535714286,ELIGIBLE,R03b_20260811_FULL_v1,L1_ELIGIBILITY,v2026-08-11,2026-03-21..2026-08-06,baccarat_bet02_101_all_pairs_incl_sentinel,round_win = game_pnl > 0 (decisive only),COMPATIBILITY_ONLY_NOT_PRODUCTION,39187.2093,35396.6747,483.0410,8363,6242,-0.01232650,-0.05216444,-0.01154840,-0.01232650,-483.0410,39187.2093,OK,0.0000,19.3216,4.0000,96.0000,AG03-UNRESOLVED,ALL5_LEVELS_bet23_to_bet27,19.3216,19.3216,19.3216,0.0000,0.0000,4.000000,4.000000,4.000000,0.000000,0.000000,96.000000,96.000000,96.000000,100.000000,100.000000,5.0,57.9649,55.6772,425.0761,427.3638,PENDING_AG03,FALSE,NOT_FOR_ENFORCEMENT,463.7194,33980.8077,483.0410,463.7194,19.3216,0.01232650,0.01183344,19.3216,463.7194,0.01183344,19.3216,19.3216,19.3216,0.0000,0.0000,463.7194,0.01183344,57.9649,55.6772,425.0761,427.3638,0.01084732,0.0109057,0.00049306,4.6858,5.6707,0.0774,15.5820,0.2688,1264.1035,201.3548,4.5499,4.6885,2.0771,4.1543,6.1317,8.4025,10.5031,18.5864,3.9466,-2.0771,2.528253,4.474023,1.127938,29,192,48,6,0.01915741,0.01232650,0.05216444,0E-8,0.000000,0.903271,0.017936,-0.04061604,2026-05-16,2026-07-20,31,1797,733,66,0.469697,0.970424,0.970991,0.063858,,,,,,,,GLOBAL_BASELINE_NO_ENTITY_RANKING,,,NOT_APPLICABLE_GLOBAL_BASELINE,HF9g-P5,,,,X 全窗基线 · 不参与实体赏罚,8395165,840,A168_HF9F_20260827_0900,2026-08-27 09:00:00
2026-05-26,150107794,2088,0,127.7176767143,38.3573154081,38.3573154081,0.8181818,21,11,0.43392283142857143,0.315090909091,2.5714394682613078,3.5917691030365857,2.5714394682613078,0.11883192233757143,ELIGIBLE,R03b_20260811_FULL_v1,L1_ELIGIBILITY,v2026-08-11,2026-03-21..2026-08-06,baccarat_bet02_101_all_pairs_incl_sentinel,round_win = game_pnl > 0 (decisive only),COMPATIBILITY_ONLY_NOT_PRODUCTION,39187.2093,35396.6747,483.0410,8363,6242,-0.01232650,-0.05216444,-0.01154840,-0.01232650,-483.0410,39187.2093,OK,0.0000,19.3216,4.0000,96.0000,AG03-UNRESOLVED,ALL5_LEVELS_bet23_to_bet27,19.3216,19.3216,19.3216,0.0000,0.0000,4.000000,4.000000,4.000000,0.000000,0.000000,96.000000,96.000000,96.000000,100.000000,100.000000,5.0,57.9649,55.6772,425.0761,427.3638,PENDING_AG03,FALSE,NOT_FOR_ENFORCEMENT,463.7194,33980.8077,483.0410,463.7194,19.3216,0.01232650,0.01183344,19.3216,463.7194,0.01183344,19.3216,19.3216,19.3216,0.0000,0.0000,463.7194,0.01183344,57.9649,55.6772,425.0761,427.3638,0.01084732,0.0109057,0.00049306,4.6858,5.6707,0.0774,15.5820,0.2688,1264.1035,201.3548,4.5499,4.6885,2.0771,4.1543,6.1317,8.4025,10.5031,18.5864,3.9466,-2.0771,2.528253,4.474023,1.127938,29,192,48,6,0.01915741,0.01232650,0.05216444,0E-8,0.000000,0.903271,0.017936,-0.04061604,2026-05-16,2026-07-20,31,1797,733,66,0.469697,0.970424,0.970991,0.063858,,,,,,,,GLOBAL_BASELINE_NO_ENTITY_RANKING,,,NOT_APPLICABLE_GLOBAL_BASELINE,HF9g-P5,,,,X 全窗基线 · 不参与实体赏罚,8395166,840,A168_HF9F_20260827_0900,2026-08-27 09:00:00
2026-05-26,150107794,2121,0,184.2243461816,29.6712530197,29.6712530197,0.6428571,25,14,0.45431069227892203,0.339987167857,1.41688035149886,2.3922842829593454,1.41688035149886,0.11432352442192203,ELIGIBLE,R03b_20260811_FULL_v1,L1_ELIGIBILITY,v2026-08-11,2026-03-21..2026-08-06,baccarat_bet02_101_all_pairs_incl_sentinel,round_win = game_pnl > 0 (decisive only),COMPATIBILITY_ONLY_NOT_PRODUCTION,39187.2093,35396.6747,483.0410,8363,6242,-0.01232650,-0.05216444,-0.01154840,-0.01232650,-483.0410,39187.2093,OK,0.0000,19.3216,4.0000,96.0000,AG03-UNRESOLVED,ALL5_LEVELS_bet23_to_bet27,19.3216,19.3216,19.3216,0.0000,0.0000,4.000000,4.000000,4.000000,0.000000,0.000000,96.000000,96.000000,96.000000,100.000000,100.000000,5.0,57.9649,55.6772,425.0761,427.3638,PENDING_AG03,FALSE,NOT_FOR_ENFORCEMENT,463.7194,33980.8077,483.0410,463.7194,19.3216,0.01232650,0.01183344,19.3216,463.7194,0.01183344,19.3216,19.3216,19.3216,0.0000,0.0000,463.7194,0.01183344,57.9649,55.6772,425.0761,427.3638,0.01084732,0.0109057,0.00049306,4.6858,5.6707,0.0774,15.5820,0.2688,1264.1035,201.3548,4.5499,4.6885,2.0771,4.1543,6.1317,8.4025,10.5031,18.5864,3.9466,-2.0771,2.528253,4.474023,1.127938,29,192,48,6,0.01915741,0.01232650,0.05216444,0E-8,0.000000,0.903271,0.017936,-0.04061604,2026-05-16,2026-07-20,31,1797,733,66,0.469697,0.970424,0.970991,0.063858,,,,,,,,GLOBAL_BASELINE_NO_ENTITY_RANKING,,,NOT_APPLICABLE_GLOBAL_BASELINE,HF9g-P5,,,,X 全窗基线 · 不参与实体赏罚,8395167,840,A168_HF9F_20260827_0900,2026-08-27 09:00:00
2026-05-26,150107794,2145,0,29.4086755592,-19.1156391135,-19.1156391135,0.3333333,6,4,0.44811441339285714,0.400287425000,-0.39977161249265103,-0.2366901575457396,-0.39977161249265103,0.04782698839285714,ELIGIBLE,R03b_20260811_FULL_v1,L1_ELIGIBILITY,v2026-08-11,2026-03-21..2026-08-06,baccarat_bet02_101_all_pairs_incl_sentinel,round_win = game_pnl > 0 (decisive only),COMPATIBILITY_ONLY_NOT_PRODUCTION,39187.2093,35396.6747,483.0410,8363,6242,-0.01232650,-0.05216444,-0.01154840,-0.01232650,-483.0410,39187.2093,OK,0.0000,19.3216,4.0000,96.0000,AG03-UNRESOLVED,ALL5_LEVELS_bet23_to_bet27,19.3216,19.3216,19.3216,0.0000,0.0000,4.000000,4.000000,4.000000,0.000000,0.000000,96.000000,96.000000,96.000000,100.000000,100.000000,5.0,57.9649,55.6772,425.0761,427.3638,PENDING_AG03,FALSE,NOT_FOR_ENFORCEMENT,463.7194,33980.8077,483.0410,463.7194,19.3216,0.01232650,0.01183344,19.3216,463.7194,0.01183344,19.3216,19.3216,19.3216,0.0000,0.0000,463.7194,0.01183344,57.9649,55.6772,425.0761,427.3638,0.01084732,0.0109057,0.00049306,4.6858,5.6707,0.0774,15.5820,0.2688,1264.1035,201.3548,4.5499,4.6885,2.0771,4.1543,6.1317,8.4025,10.5031,18.5864,3.9466,-2.0771,2.528253,4.474023,1.127938,29,192,48,6,0.01915741,0.01232650,0.05216444,0E-8,0.000000,0.903271,0.017936,-0.04061604,2026-05-16,2026-07-20,31,1797,733,66,0.469697,0.970424,0.970991,0.063858,,,,,,,,GLOBAL_BASELINE_NO_ENTITY_RANKING,,,NOT_APPLICABLE_GLOBAL_BASELINE,HF9g-P5,,,,X 全窗基线 · 不参与实体赏罚,8395168,840,A168_HF9F_20260827_0900,2026-08-27 09:00:00
2026-05-26,150107794,2147,0,81.9241676294,17.9602982880,17.9602982880,0.6666667,10,6,0.46681959057547624,0.364833000000,0.9812096148404612,1.5358623150866846,0.9812096148404612,0.10198659057547624,ELIGIBLE,R03b_20260811_FULL_v1,L1_ELIGIBILITY,v2026-08-11,2026-03-21..2026-08-06,baccarat_bet02_101_all_pairs_incl_sentinel,round_win = game_pnl > 0 (decisive only),COMPATIBILITY_ONLY_NOT_PRODUCTION,39187.2093,35396.6747,483.0410,8363,6242,-0.01232650,-0.05216444,-0.01154840,-0.01232650,-483.0410,39187.2093,OK,0.0000,19.3216,4.0000,96.0000,AG03-UNRESOLVED,ALL5_LEVELS_bet23_to_bet27,19.3216,19.3216,19.3216,0.0000,0.0000,4.000000,4.000000,4.000000,0.000000,0.000000,96.000000,96.000000,96.000000,100.000000,100.000000,5.0,57.9649,55.6772,425.0761,427.3638,PENDING_AG03,FALSE,NOT_FOR_ENFORCEMENT,463.7194,33980.8077,483.0410,463.7194,19.3216,0.01232650,0.01183344,19.3216,463.7194,0.01183344,19.3216,19.3216,19.3216,0.0000,0.0000,463.7194,0.01183344,57.9649,55.6772,425.0761,427.3638,0.01084732,0.0109057,0.00049306,4.6858,5.6707,0.0774,15.5820,0.2688,1264.1035,201.3548,4.5499,4.6885,2.0771,4.1543,6.1317,8.4025,10.5031,18.5864,3.9466,-2.0771,2.528253,4.474023,1.127938,29,192,48,6,0.01915741,0.01232650,0.05216444,0E-8,0.000000,0.903271,0.017936,-0.04061604,2026-05-16,2026-07-20,31,1797,733,66,0.469697,0.970424,0.970991,0.063858,,,,,,,,GLOBAL_BASELINE_NO_ENTITY_RANKING,,,NOT_APPLICABLE_GLOBAL_BASELINE,HF9g-P5,,,,X 全窗基线 · 不参与实体赏罚,8395169,840,A168_HF9F_20260827_0900,2026-08-27 09:00:00
2026-05-26,150107794,2152,0,101.8800546160,14.5993067955,14.5993067955,0.7142857,14,7,0.43732108000624579,0.296796692857,1.4772119382741373,2.417820739372059,1.4772119382741373,0.14052438714924579,ELIGIBLE,R03b_20260811_FULL_v1,L1_ELIGIBILITY,v2026-08-11,2026-03-21..2026-08-06,baccarat_bet02_101_all_pairs_incl_sentinel,round_win = game_pnl > 0 (decisive only),COMPATIBILITY_ONLY_NOT_PRODUCTION,39187.2093,35396.6747,483.0410,8363,6242,-0.01232650,-0.05216444,-0.01154840,-0.01232650,-483.0410,39187.2093,OK,0.0000,19.3216,4.0000,96.0000,AG03-UNRESOLVED,ALL5_LEVELS_bet23_to_bet27,19.3216,19.3216,19.3216,0.0000,0.0000,4.000000,4.000000,4.000000,0.000000,0.000000,96.000000,96.000000,96.000000,100.000000,100.000000,5.0,57.9649,55.6772,425.0761,427.3638,PENDING_AG03,FALSE,NOT_FOR_ENFORCEMENT,463.7194,33980.8077,483.0410,463.7194,19.3216,0.01232650,0.01183344,19.3216,463.7194,0.01183344,19.3216,19.3216,19.3216,0.0000,0.0000,463.7194,0.01183344,57.9649,55.6772,425.0761,427.3638,0.01084732,0.0109057,0.00049306,4.6858,5.6707,0.0774,15.5820,0.2688,1264.1035,201.3548,4.5499,4.6885,2.0771,4.1543,6.1317,8.4025,10.5031,18.5864,3.9466,-2.0771,2.528253,4.474023,1.127938,29,192,48,6,0.01915741,0.01232650,0.05216444,0E-8,0.000000,0.903271,0.017936,-0.04061604,2026-05-16,2026-07-20,31,1797,733,66,0.469697,0.970424,0.970991,0.063858,,,,,,,,GLOBAL_BASELINE_NO_ENTITY_RANKING,,,NOT_APPLICABLE_GLOBAL_BASELINE,HF9g-P5,,,,X 全窗基线 · 不参与实体赏罚,8395170,840,A168_HF9F_20260827_0900,2026-08-27 09:00:00
2026-05-26,150107794,2153,0,4.2012393656,0E-10,0E-10,,1,1,0.50665070000000000,0.506650700000,,,,0E-17,NO_DECISIVE_ROUND,R03b_20260811_FULL_v1,L1_ELIGIBILITY,v2026-08-11,2026-03-21..2026-08-06,baccarat_bet02_101_all_pairs_incl_sentinel,round_win = game_pnl > 0 (decisive only),COMPATIBILITY_ONLY_NOT_PRODUCTION,39187.2093,35396.6747,483.0410,8363,6242,-0.01232650,-0.05216444,-0.01154840,-0.01232650,-483.0410,39187.2093,OK,0.0000,19.3216,4.0000,96.0000,AG03-UNRESOLVED,ALL5_LEVELS_bet23_to_bet27,19.3216,19.3216,19.3216,0.0000,0.0000,4.000000,4.000000,4.000000,0.000000,0.000000,96.000000,96.000000,96.000000,100.000000,100.000000,5.0,57.9649,55.6772,425.0761,427.3638,PENDING_AG03,FALSE,NOT_FOR_ENFORCEMENT,463.7194,33980.8077,483.0410,463.7194,19.3216,0.01232650,0.01183344,19.3216,463.7194,0.01183344,19.3216,19.3216,19.3216,0.0000,0.0000,463.7194,0.01183344,57.9649,55.6772,425.0761,427.3638,0.01084732,0.0109057,0.00049306,4.6858,5.6707,0.0774,15.5820,0.2688,1264.1035,201.3548,4.5499,4.6885,2.0771,4.1543,6.1317,8.4025,10.5031,18.5864,3.9466,-2.0771,2.528253,4.474023,1.127938,29,192,48,6,0.01915741,0.01232650,0.05216444,0E-8,0.000000,0.903271,0.017936,-0.04061604,2026-05-16,2026-07-20,31,1797,733,66,0.469697,0.970424,0.970991,0.063858,,,,,,,,GLOBAL_BASELINE_NO_ENTITY_RANKING,,,NOT_APPLICABLE_GLOBAL_BASELINE,HF9g-P5,,,,X 全窗基线 · 不参与实体赏罚,8395171,840,A168_HF9F_20260827_0900,2026-08-27 09:00:00
2026-05-26,150107794,2156,0,10.5030984140,-10.5030984140,-10.5030984140,0E-7,2,1,0.42424112000000000,0.300626750000,-0.8583927835598563,-0.655630731788307,-0.8583927835598563,0.12361437000000000,ELIGIBLE,R03b_20260811_FULL_v1,L1_ELIGIBILITY,v2026-08-11,2026-03-21..2026-08-06,baccarat_bet02_101_all_pairs_incl_sentinel,round_win = game_pnl > 0 (decisive only),COMPATIBILITY_ONLY_NOT_PRODUCTION,39187.2093,35396.6747,483.0410,8363,6242,-0.01232650,-0.05216444,-0.01154840,-0.01232650,-483.0410,39187.2093,OK,0.0000,19.3216,4.0000,96.0000,AG03-UNRESOLVED,ALL5_LEVELS_bet23_to_bet27,19.3216,19.3216,19.3216,0.0000,0.0000,4.000000,4.000000,4.000000,0.000000,0.000000,96.000000,96.000000,96.000000,100.000000,100.000000,5.0,57.9649,55.6772,425.0761,427.3638,PENDING_AG03,FALSE,NOT_FOR_ENFORCEMENT,463.7194,33980.8077,483.0410,463.7194,19.3216,0.01232650,0.01183344,19.3216,463.7194,0.01183344,19.3216,19.3216,19.3216,0.0000,0.0000,463.7194,0.01183344,57.9649,55.6772,425.0761,427.3638,0.01084732,0.0109057,0.00049306,4.6858,5.6707,0.0774,15.5820,0.2688,1264.1035,201.3548,4.5499,4.6885,2.0771,4.1543,6.1317,8.4025,10.5031,18.5864,3.9466,-2.0771,2.528253,4.474023,1.127938,29,192,48,6,0.01915741,0.01232650,0.05216444,0E-8,0.000000,0.903271,0.017936,-0.04061604,2026-05-16,2026-07-20,31,1797,733,66,0.469697,0.970424,0.970991,0.063858,,,,,,,,GLOBAL_BASELINE_NO_ENTITY_RANKING,,,NOT_APPLICABLE_GLOBAL_BASELINE,HF9g-P5,,,,X 全窗基线 · 不参与实体赏罚,8395172,840,A168_HF9F_20260827_0900,2026-08-27 09:00:00
2026-05-26,150107794,2169,0,48.3142527044,-6.8270139691,-6.8270139691,0.5000000,8,4,0.42895681750000000,0.297275450000,0.2870854227752075,0.8870829970474509,0.2870854227752075,0.13168136750000000,ELIGIBLE,R03b_20260811_FULL_v1,L1_ELIGIBILITY,v2026-08-11,2026-03-21..2026-08-06,baccarat_bet02_101_all_pairs_incl_sentinel,round_win = game_pnl > 0 (decisive only),COMPATIBILITY_ONLY_NOT_PRODUCTION,39187.2093,35396.6747,483.0410,8363,6242,-0.01232650,-0.05216444,-0.01154840,-0.01232650,-483.0410,39187.2093,OK,0.0000,19.3216,4.0000,96.0000,AG03-UNRESOLVED,ALL5_LEVELS_bet23_to_bet27,19.3216,19.3216,19.3216,0.0000,0.0000,4.000000,4.000000,4.000000,0.000000,0.000000,96.000000,96.000000,96.000000,100.000000,100.000000,5.0,57.9649,55.6772,425.0761,427.3638,PENDING_AG03,FALSE,NOT_FOR_ENFORCEMENT,463.7194,33980.8077,483.0410,463.7194,19.3216,0.01232650,0.01183344,19.3216,463.7194,0.01183344,19.3216,19.3216,19.3216,0.0000,0.0000,463.7194,0.01183344,57.9649,55.6772,425.0761,427.3638,0.01084732,0.0109057,0.00049306,4.6858,5.6707,0.0774,15.5820,0.2688,1264.1035,201.3548,4.5499,4.6885,2.0771,4.1543,6.1317,8.4025,10.5031,18.5864,3.9466,-2.0771,2.528253,4.474023,1.127938,29,192,48,6,0.01915741,0.01232650,0.05216444,0E-8,0.000000,0.903271,0.017936,-0.04061604,2026-05-16,2026-07-20,31,1797,733,66,0.469697,0.970424,0.970991,0.063858,,,,,,,,GLOBAL_BASELINE_NO_ENTITY_RANKING,,,NOT_APPLICABLE_GLOBAL_BASELINE,HF9g-P5,,,,X 全窗基线 · 不参与实体赏罚,8395173,840,A168_HF9F_20260827_0900,2026-08-27 09:00:00
2026-05-26,150107794,2170,0,14.7043377796,-14.7043377796,-14.7043377796,0E-7,3,2,0.43797605000000000,0.403638725000,-1.2484258930851517,-1.1634740288448888,-1.2484258930851517,0.03433732500000000,ELIGIBLE,R03b_20260811_FULL_v1,L1_ELIGIBILITY,v2026-08-11,2026-03-21..2026-08-06,baccarat_bet02_101_all_pairs_incl_sentinel,round_win = game_pnl > 0 (decisive only),COMPATIBILITY_ONLY_NOT_PRODUCTION,39187.2093,35396.6747,483.0410,8363,6242,-0.01232650,-0.05216444,-0.01154840,-0.01232650,-483.0410,39187.2093,OK,0.0000,19.3216,4.0000,96.0000,AG03-UNRESOLVED,ALL5_LEVELS_bet23_to_bet27,19.3216,19.3216,19.3216,0.0000,0.0000,4.000000,4.000000,4.000000,0.000000,0.000000,96.000000,96.000000,96.000000,100.000000,100.000000,5.0,57.9649,55.6772,425.0761,427.3638,PENDING_AG03,FALSE,NOT_FOR_ENFORCEMENT,463.7194,33980.8077,483.0410,463.7194,19.3216,0.01232650,0.01183344,19.3216,463.7194,0.01183344,19.3216,19.3216,19.3216,0.0000,0.0000,463.7194,0.01183344,57.9649,55.6772,425.0761,427.3638,0.01084732,0.0109057,0.00049306,4.6858,5.6707,0.0774,15.5820,0.2688,1264.1035,201.3548,4.5499,4.6885,2.0771,4.1543,6.1317,8.4025,10.5031,18.5864,3.9466,-2.0771,2.528253,4.474023,1.127938,29,192,48,6,0.01915741,0.01232650,0.05216444,0E-8,0.000000,0.903271,0.017936,-0.04061604,2026-05-16,2026-07-20,31,1797,733,66,0.469697,0.970424,0.970991,0.063858,,,,,,,,GLOBAL_BASELINE_NO_ENTITY_RANKING,,,NOT_APPLICABLE_GLOBAL_BASELINE,HF9g-P5,,,,X 全窗基线 · 不参与实体赏罚,8395174,840,A168_HF9F_20260827_0900,2026-08-27 09:00:00
2026-05-26,150107794,2174,0,25.2074361936,-12.9188110492,-12.9188110492,0.3333333,5,3,0.43127345000000000,0.364833000000,-0.34252567542352924,-0.11333800532433629,-0.34252567542352924,0.06644045000000000,ELIGIBLE,R03b_20260811_FULL_v1,L1_ELIGIBILITY,v2026-08-11,2026-03-21..2026-08-06,baccarat_bet02_101_all_pairs_incl_sentinel,round_win = game_pnl > 0 (decisive only),COMPATIBILITY_ONLY_NOT_PRODUCTION,39187.2093,35396.6747,483.0410,8363,6242,-0.01232650,-0.05216444,-0.01154840,-0.01232650,-483.0410,39187.2093,OK,0.0000,19.3216,4.0000,96.0000,AG03-UNRESOLVED,ALL5_LEVELS_bet23_to_bet27,19.3216,19.3216,19.3216,0.0000,0.0000,4.000000,4.000000,4.000000,0.000000,0.000000,96.000000,96.000000,96.000000,100.000000,100.000000,5.0,57.9649,55.6772,425.0761,427.3638,PENDING_AG03,FALSE,NOT_FOR_ENFORCEMENT,463.7194,33980.8077,483.0410,463.7194,19.3216,0.01232650,0.01183344,19.3216,463.7194,0.01183344,19.3216,19.3216,19.3216,0.0000,0.0000,463.7194,0.01183344,57.9649,55.6772,425.0761,427.3638,0.01084732,0.0109057,0.00049306,4.6858,5.6707,0.0774,15.5820,0.2688,1264.1035,201.3548,4.5499,4.6885,2.0771,4.1543,6.1317,8.4025,10.5031,18.5864,3.9466,-2.0771,2.528253,4.474023,1.127938,29,192,48,6,0.01915741,0.01232650,0.05216444,0E-8,0.000000,0.903271,0.017936,-0.04061604,2026-05-16,2026-07-20,31,1797,733,66,0.469697,0.970424,0.970991,0.063858,,,,,,,,GLOBAL_BASELINE_NO_ENTITY_RANKING,,,NOT_APPLICABLE_GLOBAL_BASELINE,HF9g-P5,,,,X 全窗基线 · 不参与实体赏罚,8395175,840,A168_HF9F_20260827_0900,2026-08-27 09:00:00
2026-05-26,150107794,2177,0,31.2992332738,-23.1068165109,-23.1068165109,0.3333333,6,3,0.40593618521714410,0.298392550000,-0.25607599850645063,0.13226720629658262,-0.25607599850645063,0.10754363521714410,ELIGIBLE,R03b_20260811_FULL_v1,L1_ELIGIBILITY,v2026-08-11,2026-03-21..2026-08-06,baccarat_bet02_101_all_pairs_incl_sentinel,round_win = game_pnl > 0 (decisive only),COMPATIBILITY_ONLY_NOT_PRODUCTION,39187.2093,35396.6747,483.0410,8363,6242,-0.01232650,-0.05216444,-0.01154840,-0.01232650,-483.0410,39187.2093,OK,0.0000,19.3216,4.0000,96.0000,AG03-UNRESOLVED,ALL5_LEVELS_bet23_to_bet27,19.3216,19.3216,19.3216,0.0000,0.0000,4.000000,4.000000,4.000000,0.000000,0.000000,96.000000,96.000000,96.000000,100.000000,100.000000,5.0,57.9649,55.6772,425.0761,427.3638,PENDING_AG03,FALSE,NOT_FOR_ENFORCEMENT,463.7194,33980.8077,483.0410,463.7194,19.3216,0.01232650,0.01183344,19.3216,463.7194,0.01183344,19.3216,19.3216,19.3216,0.0000,0.0000,463.7194,0.01183344,57.9649,55.6772,425.0761,427.3638,0.01084732,0.0109057,0.00049306,4.6858,5.6707,0.0774,15.5820,0.2688,1264.1035,201.3548,4.5499,4.6885,2.0771,4.1543,6.1317,8.4025,10.5031,18.5864,3.9466,-2.0771,2.528253,4.474023,1.127938,29,192,48,6,0.01915741,0.01232650,0.05216444,0E-8,0.000000,0.903271,0.017936,-0.04061604,2026-05-16,2026-07-20,31,1797,733,66,0.469697,0.970424,0.970991,0.063858,,,,,,,,GLOBAL_BASELINE_NO_ENTITY_RANKING,,,NOT_APPLICABLE_GLOBAL_BASELINE,HF9g-P5,,,,X 全窗基线 · 不参与实体赏罚,8395176,840,A168_HF9F_20260827_0900,2026-08-27 09:00:00
2026-05-26,150107794,2185,0,10.5030984140,-2.3106816511,-2.3106816511,0.5000000,2,2,0.49994810000000000,0.499948100000,0.00014679536856514622,0.00014679536856514622,0.00014679536856514622,0E-17,ELIGIBLE,R03b_20260811_FULL_v1,L1_ELIGIBILITY,v2026-08-11,2026-03-21..2026-08-06,baccarat_bet02_101_all_pairs_incl_sentinel,round_win = game_pnl > 0 (decisive only),COMPATIBILITY_ONLY_NOT_PRODUCTION,39187.2093,35396.6747,483.0410,8363,6242,-0.01232650,-0.05216444,-0.01154840,-0.01232650,-483.0410,39187.2093,OK,0.0000,19.3216,4.0000,96.0000,AG03-UNRESOLVED,ALL5_LEVELS_bet23_to_bet27,19.3216,19.3216,19.3216,0.0000,0.0000,4.000000,4.000000,4.000000,0.000000,0.000000,96.000000,96.000000,96.000000,100.000000,100.000000,5.0,57.9649,55.6772,425.0761,427.3638,PENDING_AG03,FALSE,NOT_FOR_ENFORCEMENT,463.7194,33980.8077,483.0410,463.7194,19.3216,0.01232650,0.01183344,19.3216,463.7194,0.01183344,19.3216,19.3216,19.3216,0.0000,0.0000,463.7194,0.01183344,57.9649,55.6772,425.0761,427.3638,0.01084732,0.0109057,0.00049306,4.6858,5.6707,0.0774,15.5820,0.2688,1264.1035,201.3548,4.5499,4.6885,2.0771,4.1543,6.1317,8.4025,10.5031,18.5864,3.9466,-2.0771,2.528253,4.474023,1.127938,29,192,48,6,0.01915741,0.01232650,0.05216444,0E-8,0.000000,0.903271,0.017936,-0.04061604,2026-05-16,2026-07-20,31,1797,733,66,0.469697,0.970424,0.970991,0.063858,,,,,,,,GLOBAL_BASELINE_NO_ENTITY_RANKING,,,NOT_APPLICABLE_GLOBAL_BASELINE,HF9g-P5,,,,X 全窗基线 · 不参与实体赏罚,8395177,840,A168_HF9F_20260827_0900,2026-08-27 09:00:00
2026-05-26,150107794,2196,0,67.6399537862,-8.8226026677,-8.8226026677,0.4000000,10,5,0.41060059018306313,0.297945710000,-0.048183729746841854,0.4989561164153655,-0.048183729746841854,0.11265488018306313,ELIGIBLE,R03b_20260811_FULL_v1,L1_ELIGIBILITY,v2026-08-11,2026-03-21..2026-08-06,baccarat_bet02_101_all_pairs_incl_sentinel,round_win = game_pnl > 0 (decisive only),COMPATIBILITY_ONLY_NOT_PRODUCTION,39187.2093,35396.6747,483.0410,8363,6242,-0.01232650,-0.05216444,-0.01154840,-0.01232650,-483.0410,39187.2093,OK,0.0000,19.3216,4.0000,96.0000,AG03-UNRESOLVED,ALL5_LEVELS_bet23_to_bet27,19.3216,19.3216,19.3216,0.0000,0.0000,4.000000,4.000000,4.000000,0.000000,0.000000,96.000000,96.000000,96.000000,100.000000,100.000000,5.0,57.9649,55.6772,425.0761,427.3638,PENDING_AG03,FALSE,NOT_FOR_ENFORCEMENT,463.7194,33980.8077,483.0410,463.7194,19.3216,0.01232650,0.01183344,19.3216,463.7194,0.01183344,19.3216,19.3216,19.3216,0.0000,0.0000,463.7194,0.01183344,57.9649,55.6772,425.0761,427.3638,0.01084732,0.0109057,0.00049306,4.6858,5.6707,0.0774,15.5820,0.2688,1264.1035,201.3548,4.5499,4.6885,2.0771,4.1543,6.1317,8.4025,10.5031,18.5864,3.9466,-2.0771,2.528253,4.474023,1.127938,29,192,48,6,0.01915741,0.01232650,0.05216444,0E-8,0.000000,0.903271,0.017936,-0.04061604,2026-05-16,2026-07-20,31,1797,733,66,0.469697,0.970424,0.970991,0.063858,,,,,,,,GLOBAL_BASELINE_NO_ENTITY_RANKING,,,NOT_APPLICABLE_GLOBAL_BASELINE,HF9g-P5,,,,X 全窗基线 · 不参与实体赏罚,8395178,840,A168_HF9F_20260827_0900,2026-08-27 09:00:00
2026-05-26,150107794,2201,0,130.6585442703,52.3894548892,52.3894548892,0.8333333,22,12,0.43428745375107425,0.330495675000,2.788861243504457,3.703043677334834,2.788861243504457,0.10379177875107425,ELIGIBLE,R03b_20260811_FULL_v1,L1_ELIGIBILITY,v2026-08-11,2026-03-21..2026-08-06,baccarat_bet02_101_all_pairs_incl_sentinel,round_win = game_pnl > 0 (decisive only),COMPATIBILITY_ONLY_NOT_PRODUCTION,39187.2093,35396.6747,483.0410,8363,6242,-0.01232650,-0.05216444,-0.01154840,-0.01232650,-483.0410,39187.2093,OK,0.0000,19.3216,4.0000,96.0000,AG03-UNRESOLVED,ALL5_LEVELS_bet23_to_bet27,19.3216,19.3216,19.3216,0.0000,0.0000,4.000000,4.000000,4.000000,0.000000,0.000000,96.000000,96.000000,96.000000,100.000000,100.000000,5.0,57.9649,55.6772,425.0761,427.3638,PENDING_AG03,FALSE,NOT_FOR_ENFORCEMENT,463.7194,33980.8077,483.0410,463.7194,19.3216,0.01232650,0.01183344,19.3216,463.7194,0.01183344,19.3216,19.3216,19.3216,0.0000,0.0000,463.7194,0.01183344,57.9649,55.6772,425.0761,427.3638,0.01084732,0.0109057,0.00049306,4.6858,5.6707,0.0774,15.5820,0.2688,1264.1035,201.3548,4.5499,4.6885,2.0771,4.1543,6.1317,8.4025,10.5031,18.5864,3.9466,-2.0771,2.528253,4.474023,1.127938,29,192,48,6,0.01915741,0.01232650,0.05216444,0E-8,0.000000,0.903271,0.017936,-0.04061604,2026-05-16,2026-07-20,31,1797,733,66,0.469697,0.970424,0.970991,0.063858,,,,,,,,GLOBAL_BASELINE_NO_ENTITY_RANKING,,,NOT_APPLICABLE_GLOBAL_BASELINE,HF9g-P5,,,,X 全窗基线 · 不参与实体赏罚,8395179,840,A168_HF9F_20260827_0900,2026-08-27 09:00:00
2026-05-26,150107794,2209,0,17.8552673038,-17.8552673038,-17.8552673038,0E-7,3,2,0.46002527500000000,0.393584825000,-1.3053264211405033,-1.1393289695942557,-1.3053264211405033,0.06644045000000000,ELIGIBLE,R03b_20260811_FULL_v1,L1_ELIGIBILITY,v2026-08-11,2026-03-21..2026-08-06,baccarat_bet02_101_all_pairs_incl_sentinel,round_win = game_pnl > 0 (decisive only),COMPATIBILITY_ONLY_NOT_PRODUCTION,39187.2093,35396.6747,483.0410,8363,6242,-0.01232650,-0.05216444,-0.01154840,-0.01232650,-483.0410,39187.2093,OK,0.0000,19.3216,4.0000,96.0000,AG03-UNRESOLVED,ALL5_LEVELS_bet23_to_bet27,19.3216,19.3216,19.3216,0.0000,0.0000,4.000000,4.000000,4.000000,0.000000,0.000000,96.000000,96.000000,96.000000,100.000000,100.000000,5.0,57.9649,55.6772,425.0761,427.3638,PENDING_AG03,FALSE,NOT_FOR_ENFORCEMENT,463.7194,33980.8077,483.0410,463.7194,19.3216,0.01232650,0.01183344,19.3216,463.7194,0.01183344,19.3216,19.3216,19.3216,0.0000,0.0000,463.7194,0.01183344,57.9649,55.6772,425.0761,427.3638,0.01084732,0.0109057,0.00049306,4.6858,5.6707,0.0774,15.5820,0.2688,1264.1035,201.3548,4.5499,4.6885,2.0771,4.1543,6.1317,8.4025,10.5031,18.5864,3.9466,-2.0771,2.528253,4.474023,1.127938,29,192,48,6,0.01915741,0.01232650,0.05216444,0E-8,0.000000,0.903271,0.017936,-0.04061604,2026-05-16,2026-07-20,31,1797,733,66,0.469697,0.970424,0.970991,0.063858,,,,,,,,GLOBAL_BASELINE_NO_ENTITY_RANKING,,,NOT_APPLICABLE_GLOBAL_BASELINE,HF9g-P5,,,,X 全窗基线 · 不参与实体赏罚,8395180,840,A168_HF9F_20260827_0900,2026-08-27 09:00:00
2026-05-26,150107794,2212,0,6.3018590484,-6.3018590484,-6.3018590484,0E-7,2,1,0.36930140000000000,0.300626750000,-0.765208073563708,-0.655630731788307,-0.765208073563708,0.06867465000000000,ELIGIBLE,R03b_20260811_FULL_v1,L1_ELIGIBILITY,v2026-08-11,2026-03-21..2026-08-06,baccarat_bet02_101_all_pairs_incl_sentinel,round_win = game_pnl > 0 (decisive only),COMPATIBILITY_ONLY_NOT_PRODUCTION,39187.2093,35396.6747,483.0410,8363,6242,-0.01232650,-0.05216444,-0.01154840,-0.01232650,-483.0410,39187.2093,OK,0.0000,19.3216,4.0000,96.0000,AG03-UNRESOLVED,ALL5_LEVELS_bet23_to_bet27,19.3216,19.3216,19.3216,0.0000,0.0000,4.000000,4.000000,4.000000,0.000000,0.000000,96.000000,96.000000,96.000000,100.000000,100.000000,5.0,57.9649,55.6772,425.0761,427.3638,PENDING_AG03,FALSE,NOT_FOR_ENFORCEMENT,463.7194,33980.8077,483.0410,463.7194,19.3216,0.01232650,0.01183344,19.3216,463.7194,0.01183344,19.3216,19.3216,19.3216,0.0000,0.0000,463.7194,0.01183344,57.9649,55.6772,425.0761,427.3638,0.01084732,0.0109057,0.00049306,4.6858,5.6707,0.0774,15.5820,0.2688,1264.1035,201.3548,4.5499,4.6885,2.0771,4.1543,6.1317,8.4025,10.5031,18.5864,3.9466,-2.0771,2.528253,4.474023,1.127938,29,192,48,6,0.01915741,0.01232650,0.05216444,0E-8,0.000000,0.903271,0.017936,-0.04061604,2026-05-16,2026-07-20,31,1797,733,66,0.469697,0.970424,0.970991,0.063858,,,,,,,,GLOBAL_BASELINE_NO_ENTITY_RANKING,,,NOT_APPLICABLE_GLOBAL_BASELINE,HF9g-P5,,,,X 全窗基线 · 不参与实体赏罚,8395181,840,A168_HF9F_20260827_0900,2026-08-27 09:00:00
2026-05-26,150107794,2222,0,33.6099149249,-4.2012393657,-4.2012393657,0.5000000,3,2,0.47705655000012109,0.396936125000,0.06496230491604159,0.29790616794075786,0.06496230491604159,0.08012042500012109,ELIGIBLE,R03b_20260811_FULL_v1,L1_ELIGIBILITY,v2026-08-11,2026-03-21..2026-08-06,baccarat_bet02_101_all_pairs_incl_sentinel,round_win = game_pnl > 0 (decisive only),COMPATIBILITY_ONLY_NOT_PRODUCTION,39187.2093,35396.6747,483.0410,8363,6242,-0.01232650,-0.05216444,-0.01154840,-0.01232650,-483.0410,39187.2093,OK,0.0000,19.3216,4.0000,96.0000,AG03-UNRESOLVED,ALL5_LEVELS_bet23_to_bet27,19.3216,19.3216,19.3216,0.0000,0.0000,4.000000,4.000000,4.000000,0.000000,0.000000,96.000000,96.000000,96.000000,100.000000,100.000000,5.0,57.9649,55.6772,425.0761,427.3638,PENDING_AG03,FALSE,NOT_FOR_ENFORCEMENT,463.7194,33980.8077,483.0410,463.7194,19.3216,0.01232650,0.01183344,19.3216,463.7194,0.01183344,19.3216,19.3216,19.3216,0.0000,0.0000,463.7194,0.01183344,57.9649,55.6772,425.0761,427.3638,0.01084732,0.0109057,0.00049306,4.6858,5.6707,0.0774,15.5820,0.2688,1264.1035,201.3548,4.5499,4.6885,2.0771,4.1543,6.1317,8.4025,10.5031,18.5864,3.9466,-2.0771,2.528253,4.474023,1.127938,29,192,48,6,0.01915741,0.01232650,0.05216444,0E-8,0.000000,0.903271,0.017936,-0.04061604,2026-05-16,2026-07-20,31,1797,733,66,0.469697,0.970424,0.970991,0.063858,,,,,,,,GLOBAL_BASELINE_NO_ENTITY_RANKING,,,NOT_APPLICABLE_GLOBAL_BASELINE,HF9g-P5,,,,X 全窗基线 · 不参与实体赏罚,8395182,840,A168_HF9F_20260827_0900,2026-08-27 09:00:00
2026-05-26,150107794,2229,0,129.6082344288,33.1897909883,33.1897909883,0.7272727,20,12,0.45119724907201876,0.363157350000,1.8400635155297334,2.511145477898103,1.8400635155297334,0.08803989907201876,ELIGIBLE,R03b_20260811_FULL_v1,L1_ELIGIBILITY,v2026-08-11,2026-03-21..2026-08-06,baccarat_bet02_101_all_pairs_incl_sentinel,round_win = game_pnl > 0 (decisive only),COMPATIBILITY_ONLY_NOT_PRODUCTION,39187.2093,35396.6747,483.0410,8363,6242,-0.01232650,-0.05216444,-0.01154840,-0.01232650,-483.0410,39187.2093,OK,0.0000,19.3216,4.0000,96.0000,AG03-UNRESOLVED,ALL5_LEVELS_bet23_to_bet27,19.3216,19.3216,19.3216,0.0000,0.0000,4.000000,4.000000,4.000000,0.000000,0.000000,96.000000,96.000000,96.000000,100.000000,100.000000,5.0,57.9649,55.6772,425.0761,427.3638,PENDING_AG03,FALSE,NOT_FOR_ENFORCEMENT,463.7194,33980.8077,483.0410,463.7194,19.3216,0.01232650,0.01183344,19.3216,463.7194,0.01183344,19.3216,19.3216,19.3216,0.0000,0.0000,463.7194,0.01183344,57.9649,55.6772,425.0761,427.3638,0.01084732,0.0109057,0.00049306,4.6858,5.6707,0.0774,15.5820,0.2688,1264.1035,201.3548,4.5499,4.6885,2.0771,4.1543,6.1317,8.4025,10.5031,18.5864,3.9466,-2.0771,2.528253,4.474023,1.127938,29,192,48,6,0.01915741,0.01232650,0.05216444,0E-8,0.000000,0.903271,0.017936,-0.04061604,2026-05-16,2026-07-20,31,1797,733,66,0.469697,0.970424,0.970991,0.063858,,,,,,,,GLOBAL_BASELINE_NO_ENTITY_RANKING,,,NOT_APPLICABLE_GLOBAL_BASELINE,HF9g-P5,,,,X 全窗基线 · 不参与实体赏罚,8395183,840,A168_HF9F_20260827_0900,2026-08-27 09:00:00
2026-05-26,150107794,2246,0,81.9241676292,-44.5331372753,-44.5331372753,0.3333333,15,9,0.44549185666666667,0.363343533333,-0.6769860012069224,-0.18718836439196854,-0.6769860012069224,0.08214832333366667,ELIGIBLE,R03b_20260811_FULL_v1,L1_ELIGIBILITY,v2026-08-11,2026-03-21..2026-08-06,baccarat_bet02_101_all_pairs_incl_sentinel,round_win = game_pnl > 0 (decisive only),COMPATIBILITY_ONLY_NOT_PRODUCTION,39187.2093,35396.6747,483.0410,8363,6242,-0.01232650,-0.05216444,-0.01154840,-0.01232650,-483.0410,39187.2093,OK,0.0000,19.3216,4.0000,96.0000,AG03-UNRESOLVED,ALL5_LEVELS_bet23_to_bet27,19.3216,19.3216,19.3216,0.0000,0.0000,4.000000,4.000000,4.000000,0.000000,0.000000,96.000000,96.000000,96.000000,100.000000,100.000000,5.0,57.9649,55.6772,425.0761,427.3638,PENDING_AG03,FALSE,NOT_FOR_ENFORCEMENT,463.7194,33980.8077,483.0410,463.7194,19.3216,0.01232650,0.01183344,19.3216,463.7194,0.01183344,19.3216,19.3216,19.3216,0.0000,0.0000,463.7194,0.01183344,57.9649,55.6772,425.0761,427.3638,0.01084732,0.0109057,0.00049306,4.6858,5.6707,0.0774,15.5820,0.2688,1264.1035,201.3548,4.5499,4.6885,2.0771,4.1543,6.1317,8.4025,10.5031,18.5864,3.9466,-2.0771,2.528253,4.474023,1.127938,29,192,48,6,0.01915741,0.01232650,0.05216444,0E-8,0.000000,0.903271,0.017936,-0.04061604,2026-05-16,2026-07-20,31,1797,733,66,0.469697,0.970424,0.970991,0.063858,,,,,,,,GLOBAL_BASELINE_NO_ENTITY_RANKING,,,NOT_APPLICABLE_GLOBAL_BASELINE,HF9g-P5,,,,X 全窗基线 · 不参与实体赏罚,8395184,840,A168_HF9F_20260827_0900,2026-08-27 09:00:00
2026-05-26,150107794,2254,0,47.6840667998,-28.0432727655,-28.0432727655,0.3333333,9,6,0.45909650430350362,0.399170325000,-0.618183226870119,-0.3292992885016404,-0.618183226870119,0.05992617930350362,ELIGIBLE,R03b_20260811_FULL_v1,L1_ELIGIBILITY,v2026-08-11,2026-03-21..2026-08-06,baccarat_bet02_101_all_pairs_incl_sentinel,round_win = game_pnl > 0 (decisive only),COMPATIBILITY_ONLY_NOT_PRODUCTION,39187.2093,35396.6747,483.0410,8363,6242,-0.01232650,-0.05216444,-0.01154840,-0.01232650,-483.0410,39187.2093,OK,0.0000,19.3216,4.0000,96.0000,AG03-UNRESOLVED,ALL5_LEVELS_bet23_to_bet27,19.3216,19.3216,19.3216,0.0000,0.0000,4.000000,4.000000,4.000000,0.000000,0.000000,96.000000,96.000000,96.000000,100.000000,100.000000,5.0,57.9649,55.6772,425.0761,427.3638,PENDING_AG03,FALSE,NOT_FOR_ENFORCEMENT,463.7194,33980.8077,483.0410,463.7194,19.3216,0.01232650,0.01183344,19.3216,463.7194,0.01183344,19.3216,19.3216,19.3216,0.0000,0.0000,463.7194,0.01183344,57.9649,55.6772,425.0761,427.3638,0.01084732,0.0109057,0.00049306,4.6858,5.6707,0.0774,15.5820,0.2688,1264.1035,201.3548,4.5499,4.6885,2.0771,4.1543,6.1317,8.4025,10.5031,18.5864,3.9466,-2.0771,2.528253,4.474023,1.127938,29,192,48,6,0.01915741,0.01232650,0.05216444,0E-8,0.000000,0.903271,0.017936,-0.04061604,2026-05-16,2026-07-20,31,1797,733,66,0.469697,0.970424,0.970991,0.063858,,,,,,,,GLOBAL_BASELINE_NO_ENTITY_RANKING,,,NOT_APPLICABLE_GLOBAL_BASELINE,HF9g-P5,,,,X 全窗基线 · 不参与实体赏罚,8395185,840,A168_HF9F_20260827_0900,2026-08-27 09:00:00
2026-05-26,150107794,2261,0,42.0123936560,37.2859993698,37.2859993698,1.0000000,8,4,0.41464869875000000,0.295599800000,2.376282864629244,3.087362771824911,2.376282864629244,0.11904889875000000,ELIGIBLE,R03b_20260811_FULL_v1,L1_ELIGIBILITY,v2026-08-11,2026-03-21..2026-08-06,baccarat_bet02_101_all_pairs_incl_sentinel,round_win = game_pnl > 0 (decisive only),COMPATIBILITY_ONLY_NOT_PRODUCTION,39187.2093,35396.6747,483.0410,8363,6242,-0.01232650,-0.05216444,-0.01154840,-0.01232650,-483.0410,39187.2093,OK,0.0000,19.3216,4.0000,96.0000,AG03-UNRESOLVED,ALL5_LEVELS_bet23_to_bet27,19.3216,19.3216,19.3216,0.0000,0.0000,4.000000,4.000000,4.000000,0.000000,0.000000,96.000000,96.000000,96.000000,100.000000,100.000000,5.0,57.9649,55.6772,425.0761,427.3638,PENDING_AG03,FALSE,NOT_FOR_ENFORCEMENT,463.7194,33980.8077,483.0410,463.7194,19.3216,0.01232650,0.01183344,19.3216,463.7194,0.01183344,19.3216,19.3216,19.3216,0.0000,0.0000,463.7194,0.01183344,57.9649,55.6772,425.0761,427.3638,0.01084732,0.0109057,0.00049306,4.6858,5.6707,0.0774,15.5820,0.2688,1264.1035,201.3548,4.5499,4.6885,2.0771,4.1543,6.1317,8.4025,10.5031,18.5864,3.9466,-2.0771,2.528253,4.474023,1.127938,29,192,48,6,0.01915741,0.01232650,0.05216444,0E-8,0.000000,0.903271,0.017936,-0.04061604,2026-05-16,2026-07-20,31,1797,733,66,0.469697,0.970424,0.970991,0.063858,,,,,,,,GLOBAL_BASELINE_NO_ENTITY_RANKING,,,NOT_APPLICABLE_GLOBAL_BASELINE,HF9g-P5,,,,X 全窗基线 · 不参与实体赏罚,8395186,840,A168_HF9F_20260827_0900,2026-08-27 09:00:00
2026-05-26,150107794,2267,0,25.2074361936,14.7043377797,14.7043377797,0.6666667,6,3,0.39250676166666667,0.296158350000,0.972456699752952,1.4055914798160598,0.972456699752952,0.09634841166666667,ELIGIBLE,R03b_20260811_FULL_v1,L1_ELIGIBILITY,v2026-08-11,2026-03-21..2026-08-06,baccarat_bet02_101_all_pairs_incl_sentinel,round_win = game_pnl > 0 (decisive only),COMPATIBILITY_ONLY_NOT_PRODUCTION,39187.2093,35396.6747,483.0410,8363,6242,-0.01232650,-0.05216444,-0.01154840,-0.01232650,-483.0410,39187.2093,OK,0.0000,19.3216,4.0000,96.0000,AG03-UNRESOLVED,ALL5_LEVELS_bet23_to_bet27,19.3216,19.3216,19.3216,0.0000,0.0000,4.000000,4.000000,4.000000,0.000000,0.000000,96.000000,96.000000,96.000000,100.000000,100.000000,5.0,57.9649,55.6772,425.0761,427.3638,PENDING_AG03,FALSE,NOT_FOR_ENFORCEMENT,463.7194,33980.8077,483.0410,463.7194,19.3216,0.01232650,0.01183344,19.3216,463.7194,0.01183344,19.3216,19.3216,19.3216,0.0000,0.0000,463.7194,0.01183344,57.9649,55.6772,425.0761,427.3638,0.01084732,0.0109057,0.00049306,4.6858,5.6707,0.0774,15.5820,0.2688,1264.1035,201.3548,4.5499,4.6885,2.0771,4.1543,6.1317,8.4025,10.5031,18.5864,3.9466,-2.0771,2.528253,4.474023,1.127938,29,192,48,6,0.01915741,0.01232650,0.05216444,0E-8,0.000000,0.903271,0.017936,-0.04061604,2026-05-16,2026-07-20,31,1797,733,66,0.469697,0.970424,0.970991,0.063858,,,,,,,,GLOBAL_BASELINE_NO_ENTITY_RANKING,,,NOT_APPLICABLE_GLOBAL_BASELINE,HF9g-P5,,,,X 全窗基线 · 不参与实体赏罚,8395187,840,A168_HF9F_20260827_0900,2026-08-27 09:00:00
2026-05-26,150107794,462,0,14.7043377796,-14.7043377796,-14.7043377796,0E-7,2,1,0.44778671428571429,0.300626750000,-0.90049680538608,-0.655630731788307,-0.90049680538608,0.14715996428571429,ELIGIBLE,R03b_20260811_FULL_v1,L1_ELIGIBILITY,v2026-08-11,2026-03-21..2026-08-06,baccarat_bet02_101_all_pairs_incl_sentinel,round_win = game_pnl > 0 (decisive only),COMPATIBILITY_ONLY_NOT_PRODUCTION,39187.2093,35396.6747,483.0410,8363,6242,-0.01232650,-0.05216444,-0.01154840,-0.01232650,-483.0410,39187.2093,OK,0.0000,19.3216,4.0000,96.0000,AG03-UNRESOLVED,ALL5_LEVELS_bet23_to_bet27,19.3216,19.3216,19.3216,0.0000,0.0000,4.000000,4.000000,4.000000,0.000000,0.000000,96.000000,96.000000,96.000000,100.000000,100.000000,5.0,57.9649,55.6772,425.0761,427.3638,PENDING_AG03,FALSE,NOT_FOR_ENFORCEMENT,463.7194,33980.8077,483.0410,463.7194,19.3216,0.01232650,0.01183344,19.3216,463.7194,0.01183344,19.3216,19.3216,19.3216,0.0000,0.0000,463.7194,0.01183344,57.9649,55.6772,425.0761,427.3638,0.01084732,0.0109057,0.00049306,4.6858,5.6707,0.0774,15.5820,0.2688,1264.1035,201.3548,4.5499,4.6885,2.0771,4.1543,6.1317,8.4025,10.5031,18.5864,3.9466,-2.0771,2.528253,4.474023,1.127938,29,192,48,6,0.01915741,0.01232650,0.05216444,0E-8,0.000000,0.903271,0.017936,-0.04061604,2026-05-16,2026-07-20,31,1797,733,66,0.469697,0.970424,0.970991,0.063858,,,,,,,,GLOBAL_BASELINE_NO_ENTITY_RANKING,,,NOT_APPLICABLE_GLOBAL_BASELINE,HF9g-P5,,,,X 全窗基线 · 不参与实体赏罚,8395188,840,A168_HF9F_20260827_0900,2026-08-27 09:00:00
2026-05-26,150107794,595,0,8.4024787312,4.2012393656,4.2012393656,0.5000000,2,2,0.49324550000000000,0.493245500000,0.01910635448239258,0.01910635448239258,0.01910635448239258,0E-17,ELIGIBLE,R03b_20260811_FULL_v1,L1_ELIGIBILITY,v2026-08-11,2026-03-21..2026-08-06,baccarat_bet02_101_all_pairs_incl_sentinel,round_win = game_pnl > 0 (decisive only),COMPATIBILITY_ONLY_NOT_PRODUCTION,39187.2093,35396.6747,483.0410,8363,6242,-0.01232650,-0.05216444,-0.01154840,-0.01232650,-483.0410,39187.2093,OK,0.0000,19.3216,4.0000,96.0000,AG03-UNRESOLVED,ALL5_LEVELS_bet23_to_bet27,19.3216,19.3216,19.3216,0.0000,0.0000,4.000000,4.000000,4.000000,0.000000,0.000000,96.000000,96.000000,96.000000,100.000000,100.000000,5.0,57.9649,55.6772,425.0761,427.3638,PENDING_AG03,FALSE,NOT_FOR_ENFORCEMENT,463.7194,33980.8077,483.0410,463.7194,19.3216,0.01232650,0.01183344,19.3216,463.7194,0.01183344,19.3216,19.3216,19.3216,0.0000,0.0000,463.7194,0.01183344,57.9649,55.6772,425.0761,427.3638,0.01084732,0.0109057,0.00049306,4.6858,5.6707,0.0774,15.5820,0.2688,1264.1035,201.3548,4.5499,4.6885,2.0771,4.1543,6.1317,8.4025,10.5031,18.5864,3.9466,-2.0771,2.528253,4.474023,1.127938,29,192,48,6,0.01915741,0.01232650,0.05216444,0E-8,0.000000,0.903271,0.017936,-0.04061604,2026-05-16,2026-07-20,31,1797,733,66,0.469697,0.970424,0.970991,0.063858,,,,,,,,GLOBAL_BASELINE_NO_ENTITY_RANKING,,,NOT_APPLICABLE_GLOBAL_BASELINE,HF9g-P5,,,,X 全窗基线 · 不参与实体赏罚,8395189,840,A168_HF9F_20260827_0900,2026-08-27 09:00:00
2026-05-26,150107794,763,0,17.0150194307,-5.6716731435,-5.6716731435,0.5000000,3,2,0.44156959444470477,0.393584825000,0.1664063096727947,0.308045137873246,0.1664063096727947,0.04798476944470477,ELIGIBLE,R03b_20260811_FULL_v1,L1_ELIGIBILITY,v2026-08-11,2026-03-21..2026-08-06,baccarat_bet02_101_all_pairs_incl_sentinel,round_win = game_pnl > 0 (decisive only),COMPATIBILITY_ONLY_NOT_PRODUCTION,39187.2093,35396.6747,483.0410,8363,6242,-0.01232650,-0.05216444,-0.01154840,-0.01232650,-483.0410,39187.2093,OK,0.0000,19.3216,4.0000,96.0000,AG03-UNRESOLVED,ALL5_LEVELS_bet23_to_bet27,19.3216,19.3216,19.3216,0.0000,0.0000,4.000000,4.000000,4.000000,0.000000,0.000000,96.000000,96.000000,96.000000,100.000000,100.000000,5.0,57.9649,55.6772,425.0761,427.3638,PENDING_AG03,FALSE,NOT_FOR_ENFORCEMENT,463.7194,33980.8077,483.0410,463.7194,19.3216,0.01232650,0.01183344,19.3216,463.7194,0.01183344,19.3216,19.3216,19.3216,0.0000,0.0000,463.7194,0.01183344,57.9649,55.6772,425.0761,427.3638,0.01084732,0.0109057,0.00049306,4.6858,5.6707,0.0774,15.5820,0.2688,1264.1035,201.3548,4.5499,4.6885,2.0771,4.1543,6.1317,8.4025,10.5031,18.5864,3.9466,-2.0771,2.528253,4.474023,1.127938,29,192,48,6,0.01915741,0.01232650,0.05216444,0E-8,0.000000,0.903271,0.017936,-0.04061604,2026-05-16,2026-07-20,31,1797,733,66,0.469697,0.970424,0.970991,0.063858,,,,,,,,GLOBAL_BASELINE_NO_ENTITY_RANKING,,,NOT_APPLICABLE_GLOBAL_BASELINE,HF9g-P5,,,,X 全窗基线 · 不参与实体赏罚,8395190,840,A168_HF9F_20260827_0900,2026-08-27 09:00:00
2026-05-26,150107794,772,0,14.7043377796,-2.1006196828,-2.1006196828,0.5000000,2,2,0.49994810000000000,0.499948100000,0.00014679536856514622,0.00014679536856514622,0.00014679536856514622,0E-17,ELIGIBLE,R03b_20260811_FULL_v1,L1_ELIGIBILITY,v2026-08-11,2026-03-21..2026-08-06,baccarat_bet02_101_all_pairs_incl_sentinel,round_win = game_pnl > 0 (decisive only),COMPATIBILITY_ONLY_NOT_PRODUCTION,39187.2093,35396.6747,483.0410,8363,6242,-0.01232650,-0.05216444,-0.01154840,-0.01232650,-483.0410,39187.2093,OK,0.0000,19.3216,4.0000,96.0000,AG03-UNRESOLVED,ALL5_LEVELS_bet23_to_bet27,19.3216,19.3216,19.3216,0.0000,0.0000,4.000000,4.000000,4.000000,0.000000,0.000000,96.000000,96.000000,96.000000,100.000000,100.000000,5.0,57.9649,55.6772,425.0761,427.3638,PENDING_AG03,FALSE,NOT_FOR_ENFORCEMENT,463.7194,33980.8077,483.0410,463.7194,19.3216,0.01232650,0.01183344,19.3216,463.7194,0.01183344,19.3216,19.3216,19.3216,0.0000,0.0000,463.7194,0.01183344,57.9649,55.6772,425.0761,427.3638,0.01084732,0.0109057,0.00049306,4.6858,5.6707,0.0774,15.5820,0.2688,1264.1035,201.3548,4.5499,4.6885,2.0771,4.1543,6.1317,8.4025,10.5031,18.5864,3.9466,-2.0771,2.528253,4.474023,1.127938,29,192,48,6,0.01915741,0.01232650,0.05216444,0E-8,0.000000,0.903271,0.017936,-0.04061604,2026-05-16,2026-07-20,31,1797,733,66,0.469697,0.970424,0.970991,0.063858,,,,,,,,GLOBAL_BASELINE_NO_ENTITY_RANKING,,,NOT_APPLICABLE_GLOBAL_BASELINE,HF9g-P5,,,,X 全窗基线 · 不参与实体赏罚,8395191,840,A168_HF9F_20260827_0900,2026-08-27 09:00:00
2026-05-26,150107794,919,0,4.2012393656,4.2012393656,4.2012393656,1.0000000,1,1,0.49324550000000000,0.493245500000,1.01360149184955,1.01360149184955,1.01360149184955,0E-17,ELIGIBLE,R03b_20260811_FULL_v1,L1_ELIGIBILITY,v2026-08-11,2026-03-21..2026-08-06,baccarat_bet02_101_all_pairs_incl_sentinel,round_win = game_pnl > 0 (decisive only),COMPATIBILITY_ONLY_NOT_PRODUCTION,39187.2093,35396.6747,483.0410,8363,6242,-0.01232650,-0.05216444,-0.01154840,-0.01232650,-483.0410,39187.2093,OK,0.0000,19.3216,4.0000,96.0000,AG03-UNRESOLVED,ALL5_LEVELS_bet23_to_bet27,19.3216,19.3216,19.3216,0.0000,0.0000,4.000000,4.000000,4.000000,0.000000,0.000000,96.000000,96.000000,96.000000,100.000000,100.000000,5.0,57.9649,55.6772,425.0761,427.3638,PENDING_AG03,FALSE,NOT_FOR_ENFORCEMENT,463.7194,33980.8077,483.0410,463.7194,19.3216,0.01232650,0.01183344,19.3216,463.7194,0.01183344,19.3216,19.3216,19.3216,0.0000,0.0000,463.7194,0.01183344,57.9649,55.6772,425.0761,427.3638,0.01084732,0.0109057,0.00049306,4.6858,5.6707,0.0774,15.5820,0.2688,1264.1035,201.3548,4.5499,4.6885,2.0771,4.1543,6.1317,8.4025,10.5031,18.5864,3.9466,-2.0771,2.528253,4.474023,1.127938,29,192,48,6,0.01915741,0.01232650,0.05216444,0E-8,0.000000,0.903271,0.017936,-0.04061604,2026-05-16,2026-07-20,31,1797,733,66,0.469697,0.970424,0.970991,0.063858,,,,,,,,GLOBAL_BASELINE_NO_ENTITY_RANKING,,,NOT_APPLICABLE_GLOBAL_BASELINE,HF9g-P5,,,,X 全窗基线 · 不参与实体赏罚,8395192,840,A168_HF9F_20260827_0900,2026-08-27 09:00:00
2026-05-26,150107794,987,0,21.0061968280,-8.4024787312,-8.4024787312,0.5000000,4,2,0.41019493750000000,0.293924150000,0.25820605433300364,0.6397330434626627,0.25820605433300364,0.11627078750000000,ELIGIBLE,R03b_20260811_FULL_v1,L1_ELIGIBILITY,v2026-08-11,2026-03-21..2026-08-06,baccarat_bet02_101_all_pairs_incl_sentinel,round_win = game_pnl > 0 (decisive only),COMPATIBILITY_ONLY_NOT_PRODUCTION,39187.2093,35396.6747,483.0410,8363,6242,-0.01232650,-0.05216444,-0.01154840,-0.01232650,-483.0410,39187.2093,OK,0.0000,19.3216,4.0000,96.0000,AG03-UNRESOLVED,ALL5_LEVELS_bet23_to_bet27,19.3216,19.3216,19.3216,0.0000,0.0000,4.000000,4.000000,4.000000,0.000000,0.000000,96.000000,96.000000,96.000000,100.000000,100.000000,5.0,57.9649,55.6772,425.0761,427.3638,PENDING_AG03,FALSE,NOT_FOR_ENFORCEMENT,463.7194,33980.8077,483.0410,463.7194,19.3216,0.01232650,0.01183344,19.3216,463.7194,0.01183344,19.3216,19.3216,19.3216,0.0000,0.0000,463.7194,0.01183344,57.9649,55.6772,425.0761,427.3638,0.01084732,0.0109057,0.00049306,4.6858,5.6707,0.0774,15.5820,0.2688,1264.1035,201.3548,4.5499,4.6885,2.0771,4.1543,6.1317,8.4025,10.5031,18.5864,3.9466,-2.0771,2.528253,4.474023,1.127938,29,192,48,6,0.01915741,0.01232650,0.05216444,0E-8,0.000000,0.903271,0.017936,-0.04061604,2026-05-16,2026-07-20,31,1797,733,66,0.469697,0.970424,0.970991,0.063858,,,,,,,,GLOBAL_BASELINE_NO_ENTITY_RANKING,,,NOT_APPLICABLE_GLOBAL_BASELINE,HF9g-P5,,,,X 全窗基线 · 不参与实体赏罚,8395193,840,A168_HF9F_20260827_0900,2026-08-27 09:00:00
2026-05-27,150107794,-1,1,318.2438819448,-32.3285369181,-32.3285369181,0.5000000,78,50,0.46905234560858105,0.444349831000,0.4113557450989415,0.7428986869410696,0.4113557450989415,0.02470251460858105,SENTINEL_DEALER,R03b_20260811_FULL_v1,L1_ELIGIBILITY,v2026-08-11,2026-03-21..2026-08-06,baccarat_bet02_101_all_pairs_incl_sentinel,round_win = game_pnl > 0 (decisive only),COMPATIBILITY_ONLY_NOT_PRODUCTION,39187.2093,35396.6747,483.0410,8363,6242,-0.01232650,-0.05216444,-0.01154840,-0.01232650,-483.0410,39187.2093,OK,0.0000,19.3216,4.0000,96.0000,AG03-UNRESOLVED,ALL5_LEVELS_bet23_to_bet27,19.3216,19.3216,19.3216,0.0000,0.0000,4.000000,4.000000,4.000000,0.000000,0.000000,96.000000,96.000000,96.000000,100.000000,100.000000,5.0,57.9649,55.6772,425.0761,427.3638,PENDING_AG03,FALSE,NOT_FOR_ENFORCEMENT,463.7194,33980.8077,483.0410,463.7194,19.3216,0.01232650,0.01183344,19.3216,463.7194,0.01183344,19.3216,19.3216,19.3216,0.0000,0.0000,463.7194,0.01183344,57.9649,55.6772,425.0761,427.3638,0.01084732,0.0109057,0.00049306,4.6858,5.6707,0.0774,15.5820,0.2688,1264.1035,201.3548,4.5499,4.6885,2.0771,4.1543,6.1317,8.4025,10.5031,18.5864,3.9466,-2.0771,2.528253,4.474023,1.127938,29,192,48,6,0.01915741,0.01232650,0.05216444,0E-8,0.000000,0.903271,0.017936,-0.04061604,2026-05-16,2026-07-20,31,1797,733,66,0.469697,0.970424,0.970991,0.063858,,,,,,,,GLOBAL_BASELINE_NO_ENTITY_RANKING,,,NOT_APPLICABLE_GLOBAL_BASELINE,HF9g-P5,,,,X 全窗基线 · 不参与实体赏罚,8395194,840,A168_HF9F_20260827_0900,2026-08-27 09:00:00
2026-05-27,150107794,1004,0,8.4024787312,-8.4024787312,-8.4024787312,0E-7,2,2,0.49994810000000000,0.499948100000,-1.4140667746232096,-1.4140667746232096,-1.4140667746232096,0E-17,ELIGIBLE,R03b_20260811_FULL_v1,L1_ELIGIBILITY,v2026-08-11,2026-03-21..2026-08-06,baccarat_bet02_101_all_pairs_incl_sentinel,round_win = game_pnl > 0 (decisive only),COMPATIBILITY_ONLY_NOT_PRODUCTION,39187.2093,35396.6747,483.0410,8363,6242,-0.01232650,-0.05216444,-0.01154840,-0.01232650,-483.0410,39187.2093,OK,0.0000,19.3216,4.0000,96.0000,AG03-UNRESOLVED,ALL5_LEVELS_bet23_to_bet27,19.3216,19.3216,19.3216,0.0000,0.0000,4.000000,4.000000,4.000000,0.000000,0.000000,96.000000,96.000000,96.000000,100.000000,100.000000,5.0,57.9649,55.6772,425.0761,427.3638,PENDING_AG03,FALSE,NOT_FOR_ENFORCEMENT,463.7194,33980.8077,483.0410,463.7194,19.3216,0.01232650,0.01183344,19.3216,463.7194,0.01183344,19.3216,19.3216,19.3216,0.0000,0.0000,463.7194,0.01183344,57.9649,55.6772,425.0761,427.3638,0.01084732,0.0109057,0.00049306,4.6858,5.6707,0.0774,15.5820,0.2688,1264.1035,201.3548,4.5499,4.6885,2.0771,4.1543,6.1317,8.4025,10.5031,18.5864,3.9466,-2.0771,2.528253,4.474023,1.127938,29,192,48,6,0.01915741,0.01232650,0.05216444,0E-8,0.000000,0.903271,0.017936,-0.04061604,2026-05-16,2026-07-20,31,1797,733,66,0.469697,0.970424,0.970991,0.063858,,,,,,,,GLOBAL_BASELINE_NO_ENTITY_RANKING,,,NOT_APPLICABLE_GLOBAL_BASELINE,HF9g-P5,,,,X 全窗基线 · 不参与实体赏罚,8395195,840,A168_HF9F_20260827_0900,2026-08-27 09:00:00
2026-05-27,150107794,1078,0,11.5534082554,-11.5534082554,-11.5534082554,0E-7,2,2,0.49324550000000000,0.493245500000,-1.3952362676504506,-1.3952362676504506,-1.3952362676504506,0E-17,ELIGIBLE,R03b_20260811_FULL_v1,L1_ELIGIBILITY,v2026-08-11,2026-03-21..2026-08-06,baccarat_bet02_101_all_pairs_incl_sentinel,round_win = game_pnl > 0 (decisive only),COMPATIBILITY_ONLY_NOT_PRODUCTION,39187.2093,35396.6747,483.0410,8363,6242,-0.01232650,-0.05216444,-0.01154840,-0.01232650,-483.0410,39187.2093,OK,0.0000,19.3216,4.0000,96.0000,AG03-UNRESOLVED,ALL5_LEVELS_bet23_to_bet27,19.3216,19.3216,19.3216,0.0000,0.0000,4.000000,4.000000,4.000000,0.000000,0.000000,96.000000,96.000000,96.000000,100.000000,100.000000,5.0,57.9649,55.6772,425.0761,427.3638,PENDING_AG03,FALSE,NOT_FOR_ENFORCEMENT,463.7194,33980.8077,483.0410,463.7194,19.3216,0.01232650,0.01183344,19.3216,463.7194,0.01183344,19.3216,19.3216,19.3216,0.0000,0.0000,463.7194,0.01183344,57.9649,55.6772,425.0761,427.3638,0.01084732,0.0109057,0.00049306,4.6858,5.6707,0.0774,15.5820,0.2688,1264.1035,201.3548,4.5499,4.6885,2.0771,4.1543,6.1317,8.4025,10.5031,18.5864,3.9466,-2.0771,2.528253,4.474023,1.127938,29,192,48,6,0.01915741,0.01232650,0.05216444,0E-8,0.000000,0.903271,0.017936,-0.04061604,2026-05-16,2026-07-20,31,1797,733,66,0.469697,0.970424,0.970991,0.063858,,,,,,,,GLOBAL_BASELINE_NO_ENTITY_RANKING,,,NOT_APPLICABLE_GLOBAL_BASELINE,HF9g-P5,,,,X 全窗基线 · 不参与实体赏罚,8395196,840,A168_HF9F_20260827_0900,2026-08-27 09:00:00
2026-05-27,150107794,1157,0,25.8376220985,12.5722088016,12.5722088016,0.7500000,4,4,0.49994810000000000,0.499948100000,1.0002076053883384,1.0002076053883384,1.0002076053883384,0E-17,ELIGIBLE,R03b_20260811_FULL_v1,L1_ELIGIBILITY,v2026-08-11,2026-03-21..2026-08-06,baccarat_bet02_101_all_pairs_incl_sentinel,round_win = game_pnl > 0 (decisive only),COMPATIBILITY_ONLY_NOT_PRODUCTION,39187.2093,35396.6747,483.0410,8363,6242,-0.01232650,-0.05216444,-0.01154840,-0.01232650,-483.0410,39187.2093,OK,0.0000,19.3216,4.0000,96.0000,AG03-UNRESOLVED,ALL5_LEVELS_bet23_to_bet27,19.3216,19.3216,19.3216,0.0000,0.0000,4.000000,4.000000,4.000000,0.000000,0.000000,96.000000,96.000000,96.000000,100.000000,100.000000,5.0,57.9649,55.6772,425.0761,427.3638,PENDING_AG03,FALSE,NOT_FOR_ENFORCEMENT,463.7194,33980.8077,483.0410,463.7194,19.3216,0.01232650,0.01183344,19.3216,463.7194,0.01183344,19.3216,19.3216,19.3216,0.0000,0.0000,463.7194,0.01183344,57.9649,55.6772,425.0761,427.3638,0.01084732,0.0109057,0.00049306,4.6858,5.6707,0.0774,15.5820,0.2688,1264.1035,201.3548,4.5499,4.6885,2.0771,4.1543,6.1317,8.4025,10.5031,18.5864,3.9466,-2.0771,2.528253,4.474023,1.127938,29,192,48,6,0.01915741,0.01232650,0.05216444,0E-8,0.000000,0.903271,0.017936,-0.04061604,2026-05-16,2026-07-20,31,1797,733,66,0.469697,0.970424,0.970991,0.063858,,,,,,,,GLOBAL_BASELINE_NO_ENTITY_RANKING,,,NOT_APPLICABLE_GLOBAL_BASELINE,HF9g-P5,,,,X 全窗基线 · 不参与实体赏罚,8395197,840,A168_HF9F_20260827_0900,2026-08-27 09:00:00
2026-05-27,150107794,1302,0,5.2515492070,-5.2515492070,-5.2515492070,0E-7,1,1,0.49324550000000000,0.493245500000,-0.9865810262130424,-0.9865810262130424,-0.9865810262130424,0E-17,ELIGIBLE,R03b_20260811_FULL_v1,L1_ELIGIBILITY,v2026-08-11,2026-03-21..2026-08-06,baccarat_bet02_101_all_pairs_incl_sentinel,round_win = game_pnl > 0 (decisive only),COMPATIBILITY_ONLY_NOT_PRODUCTION,39187.2093,35396.6747,483.0410,8363,6242,-0.01232650,-0.05216444,-0.01154840,-0.01232650,-483.0410,39187.2093,OK,0.0000,19.3216,4.0000,96.0000,AG03-UNRESOLVED,ALL5_LEVELS_bet23_to_bet27,19.3216,19.3216,19.3216,0.0000,0.0000,4.000000,4.000000,4.000000,0.000000,0.000000,96.000000,96.000000,96.000000,100.000000,100.000000,5.0,57.9649,55.6772,425.0761,427.3638,PENDING_AG03,FALSE,NOT_FOR_ENFORCEMENT,463.7194,33980.8077,483.0410,463.7194,19.3216,0.01232650,0.01183344,19.3216,463.7194,0.01183344,19.3216,19.3216,19.3216,0.0000,0.0000,463.7194,0.01183344,57.9649,55.6772,425.0761,427.3638,0.01084732,0.0109057,0.00049306,4.6858,5.6707,0.0774,15.5820,0.2688,1264.1035,201.3548,4.5499,4.6885,2.0771,4.1543,6.1317,8.4025,10.5031,18.5864,3.9466,-2.0771,2.528253,4.474023,1.127938,29,192,48,6,0.01915741,0.01232650,0.05216444,0E-8,0.000000,0.903271,0.017936,-0.04061604,2026-05-16,2026-07-20,31,1797,733,66,0.469697,0.970424,0.970991,0.063858,,,,,,,,GLOBAL_BASELINE_NO_ENTITY_RANKING,,,NOT_APPLICABLE_GLOBAL_BASELINE,HF9g-P5,,,,X 全窗基线 · 不参与实体赏罚,8395198,840,A168_HF9F_20260827_0900,2026-08-27 09:00:00
2026-05-27,150107794,1307,0,25.4174981620,2.5102405209,2.5102405209,0.5714286,8,8,0.50665070000000000,0.506650700000,0.34280260342128577,0.34280260342128577,0.34280260342128577,0E-17,ELIGIBLE,R03b_20260811_FULL_v1,L1_ELIGIBILITY,v2026-08-11,2026-03-21..2026-08-06,baccarat_bet02_101_all_pairs_incl_sentinel,round_win = game_pnl > 0 (decisive only),COMPATIBILITY_ONLY_NOT_PRODUCTION,39187.2093,35396.6747,483.0410,8363,6242,-0.01232650,-0.05216444,-0.01154840,-0.01232650,-483.0410,39187.2093,OK,0.0000,19.3216,4.0000,96.0000,AG03-UNRESOLVED,ALL5_LEVELS_bet23_to_bet27,19.3216,19.3216,19.3216,0.0000,0.0000,4.000000,4.000000,4.000000,0.000000,0.000000,96.000000,96.000000,96.000000,100.000000,100.000000,5.0,57.9649,55.6772,425.0761,427.3638,PENDING_AG03,FALSE,NOT_FOR_ENFORCEMENT,463.7194,33980.8077,483.0410,463.7194,19.3216,0.01232650,0.01183344,19.3216,463.7194,0.01183344,19.3216,19.3216,19.3216,0.0000,0.0000,463.7194,0.01183344,57.9649,55.6772,425.0761,427.3638,0.01084732,0.0109057,0.00049306,4.6858,5.6707,0.0774,15.5820,0.2688,1264.1035,201.3548,4.5499,4.6885,2.0771,4.1543,6.1317,8.4025,10.5031,18.5864,3.9466,-2.0771,2.528253,4.474023,1.127938,29,192,48,6,0.01915741,0.01232650,0.05216444,0E-8,0.000000,0.903271,0.017936,-0.04061604,2026-05-16,2026-07-20,31,1797,733,66,0.469697,0.970424,0.970991,0.063858,,,,,,,,GLOBAL_BASELINE_NO_ENTITY_RANKING,,,NOT_APPLICABLE_GLOBAL_BASELINE,HF9g-P5,,,,X 全窗基线 · 不参与实体赏罚,8395199,840,A168_HF9F_20260827_0900,2026-08-27 09:00:00
2026-05-27,150107794,1384,0,46.2136330216,-25.2074361936,-25.2074361936,0.2000000,10,6,0.45826103333333333,0.413222666667,-1.1590238797981438,-0.9682547588170232,-1.1590238797981438,0.04503836666633333,ELIGIBLE,R03b_20260811_FULL_v1,L1_ELIGIBILITY,v2026-08-11,2026-03-21..2026-08-06,baccarat_bet02_101_all_pairs_incl_sentinel,round_win = game_pnl > 0 (decisive only),COMPATIBILITY_ONLY_NOT_PRODUCTION,39187.2093,35396.6747,483.0410,8363,6242,-0.01232650,-0.05216444,-0.01154840,-0.01232650,-483.0410,39187.2093,OK,0.0000,19.3216,4.0000,96.0000,AG03-UNRESOLVED,ALL5_LEVELS_bet23_to_bet27,19.3216,19.3216,19.3216,0.0000,0.0000,4.000000,4.000000,4.000000,0.000000,0.000000,96.000000,96.000000,96.000000,100.000000,100.000000,5.0,57.9649,55.6772,425.0761,427.3638,PENDING_AG03,FALSE,NOT_FOR_ENFORCEMENT,463.7194,33980.8077,483.0410,463.7194,19.3216,0.01232650,0.01183344,19.3216,463.7194,0.01183344,19.3216,19.3216,19.3216,0.0000,0.0000,463.7194,0.01183344,57.9649,55.6772,425.0761,427.3638,0.01084732,0.0109057,0.00049306,4.6858,5.6707,0.0774,15.5820,0.2688,1264.1035,201.3548,4.5499,4.6885,2.0771,4.1543,6.1317,8.4025,10.5031,18.5864,3.9466,-2.0771,2.528253,4.474023,1.127938,29,192,48,6,0.01915741,0.01232650,0.05216444,0E-8,0.000000,0.903271,0.017936,-0.04061604,2026-05-16,2026-07-20,31,1797,733,66,0.469697,0.970424,0.970991,0.063858,,,,,,,,GLOBAL_BASELINE_NO_ENTITY_RANKING,,,NOT_APPLICABLE_GLOBAL_BASELINE,HF9g-P5,,,,X 全窗基线 · 不参与实体赏罚,8395200,840,A168_HF9F_20260827_0900,2026-08-27 09:00:00
2026-05-27,150107794,1400,0,164.4785211634,-8.6125406996,-8.6125406996,0.6153846,26,14,0.43351727406588061,0.324792414286,1.3232132923194606,2.2373505525604704,1.3232132923194606,0.10872485977988061,ELIGIBLE,R03b_20260811_FULL_v1,L1_ELIGIBILITY,v2026-08-11,2026-03-21..2026-08-06,baccarat_bet02_101_all_pairs_incl_sentinel,round_win = game_pnl > 0 (decisive only),COMPATIBILITY_ONLY_NOT_PRODUCTION,39187.2093,35396.6747,483.0410,8363,6242,-0.01232650,-0.05216444,-0.01154840,-0.01232650,-483.0410,39187.2093,OK,0.0000,19.3216,4.0000,96.0000,AG03-UNRESOLVED,ALL5_LEVELS_bet23_to_bet27,19.3216,19.3216,19.3216,0.0000,0.0000,4.000000,4.000000,4.000000,0.000000,0.000000,96.000000,96.000000,96.000000,100.000000,100.000000,5.0,57.9649,55.6772,425.0761,427.3638,PENDING_AG03,FALSE,NOT_FOR_ENFORCEMENT,463.7194,33980.8077,483.0410,463.7194,19.3216,0.01232650,0.01183344,19.3216,463.7194,0.01183344,19.3216,19.3216,19.3216,0.0000,0.0000,463.7194,0.01183344,57.9649,55.6772,425.0761,427.3638,0.01084732,0.0109057,0.00049306,4.6858,5.6707,0.0774,15.5820,0.2688,1264.1035,201.3548,4.5499,4.6885,2.0771,4.1543,6.1317,8.4025,10.5031,18.5864,3.9466,-2.0771,2.528253,4.474023,1.127938,29,192,48,6,0.01915741,0.01232650,0.05216444,0E-8,0.000000,0.903271,0.017936,-0.04061604,2026-05-16,2026-07-20,31,1797,733,66,0.469697,0.970424,0.970991,0.063858,,,,,,,,GLOBAL_BASELINE_NO_ENTITY_RANKING,,,NOT_APPLICABLE_GLOBAL_BASELINE,HF9g-P5,,,,X 全窗基线 · 不参与实体赏罚,8395201,840,A168_HF9F_20260827_0900,2026-08-27 09:00:00
2026-05-27,150107794,1507,0,4.2012393656,-4.2012393656,-4.2012393656,0E-7,1,1,0.50665070000000000,0.506650700000,-1.013391052207602,-1.013391052207602,-1.013391052207602,0E-17,ELIGIBLE,R03b_20260811_FULL_v1,L1_ELIGIBILITY,v2026-08-11,2026-03-21..2026-08-06,baccarat_bet02_101_all_pairs_incl_sentinel,round_win = game_pnl > 0 (decisive only),COMPATIBILITY_ONLY_NOT_PRODUCTION,39187.2093,35396.6747,483.0410,8363,6242,-0.01232650,-0.05216444,-0.01154840,-0.01232650,-483.0410,39187.2093,OK,0.0000,19.3216,4.0000,96.0000,AG03-UNRESOLVED,ALL5_LEVELS_bet23_to_bet27,19.3216,19.3216,19.3216,0.0000,0.0000,4.000000,4.000000,4.000000,0.000000,0.000000,96.000000,96.000000,96.000000,100.000000,100.000000,5.0,57.9649,55.6772,425.0761,427.3638,PENDING_AG03,FALSE,NOT_FOR_ENFORCEMENT,463.7194,33980.8077,483.0410,463.7194,19.3216,0.01232650,0.01183344,19.3216,463.7194,0.01183344,19.3216,19.3216,19.3216,0.0000,0.0000,463.7194,0.01183344,57.9649,55.6772,425.0761,427.3638,0.01084732,0.0109057,0.00049306,4.6858,5.6707,0.0774,15.5820,0.2688,1264.1035,201.3548,4.5499,4.6885,2.0771,4.1543,6.1317,8.4025,10.5031,18.5864,3.9466,-2.0771,2.528253,4.474023,1.127938,29,192,48,6,0.01915741,0.01232650,0.05216444,0E-8,0.000000,0.903271,0.017936,-0.04061604,2026-05-16,2026-07-20,31,1797,733,66,0.469697,0.970424,0.970991,0.063858,,,,,,,,GLOBAL_BASELINE_NO_ENTITY_RANKING,,,NOT_APPLICABLE_GLOBAL_BASELINE,HF9g-P5,,,,X 全窗基线 · 不参与实体赏罚,8395202,840,A168_HF9F_20260827_0900,2026-08-27 09:00:00
2026-05-27,150107794,1623,0,4.2012393656,-4.2012393656,-4.2012393656,0E-7,1,1,0.49324550000000000,0.493245500000,-0.9865810262130424,-0.9865810262130424,-0.9865810262130424,0E-17,ELIGIBLE,R03b_20260811_FULL_v1,L1_ELIGIBILITY,v2026-08-11,2026-03-21..2026-08-06,baccarat_bet02_101_all_pairs_incl_sentinel,round_win = game_pnl > 0 (decisive only),COMPATIBILITY_ONLY_NOT_PRODUCTION,39187.2093,35396.6747,483.0410,8363,6242,-0.01232650,-0.05216444,-0.01154840,-0.01232650,-483.0410,39187.2093,OK,0.0000,19.3216,4.0000,96.0000,AG03-UNRESOLVED,ALL5_LEVELS_bet23_to_bet27,19.3216,19.3216,19.3216,0.0000,0.0000,4.000000,4.000000,4.000000,0.000000,0.000000,96.000000,96.000000,96.000000,100.000000,100.000000,5.0,57.9649,55.6772,425.0761,427.3638,PENDING_AG03,FALSE,NOT_FOR_ENFORCEMENT,463.7194,33980.8077,483.0410,463.7194,19.3216,0.01232650,0.01183344,19.3216,463.7194,0.01183344,19.3216,19.3216,19.3216,0.0000,0.0000,463.7194,0.01183344,57.9649,55.6772,425.0761,427.3638,0.01084732,0.0109057,0.00049306,4.6858,5.6707,0.0774,15.5820,0.2688,1264.1035,201.3548,4.5499,4.6885,2.0771,4.1543,6.1317,8.4025,10.5031,18.5864,3.9466,-2.0771,2.528253,4.474023,1.127938,29,192,48,6,0.01915741,0.01232650,0.05216444,0E-8,0.000000,0.903271,0.017936,-0.04061604,2026-05-16,2026-07-20,31,1797,733,66,0.469697,0.970424,0.970991,0.063858,,,,,,,,GLOBAL_BASELINE_NO_ENTITY_RANKING,,,NOT_APPLICABLE_GLOBAL_BASELINE,HF9g-P5,,,,X 全窗基线 · 不参与实体赏罚,8395203,840,A168_HF9F_20260827_0900,2026-08-27 09:00:00
2026-05-27,150107794,1654,0,11.3433462871,-2.9408675559,-2.9408675559,0.5000000,2,2,0.49994810000000000,0.499948100000,0.00014679536856514622,0.00014679536856514622,0.00014679536856514622,0E-17,ELIGIBLE,R03b_20260811_FULL_v1,L1_ELIGIBILITY,v2026-08-11,2026-03-21..2026-08-06,baccarat_bet02_101_all_pairs_incl_sentinel,round_win = game_pnl > 0 (decisive only),COMPATIBILITY_ONLY_NOT_PRODUCTION,39187.2093,35396.6747,483.0410,8363,6242,-0.01232650,-0.05216444,-0.01154840,-0.01232650,-483.0410,39187.2093,OK,0.0000,19.3216,4.0000,96.0000,AG03-UNRESOLVED,ALL5_LEVELS_bet23_to_bet27,19.3216,19.3216,19.3216,0.0000,0.0000,4.000000,4.000000,4.000000,0.000000,0.000000,96.000000,96.000000,96.000000,100.000000,100.000000,5.0,57.9649,55.6772,425.0761,427.3638,PENDING_AG03,FALSE,NOT_FOR_ENFORCEMENT,463.7194,33980.8077,483.0410,463.7194,19.3216,0.01232650,0.01183344,19.3216,463.7194,0.01183344,19.3216,19.3216,19.3216,0.0000,0.0000,463.7194,0.01183344,57.9649,55.6772,425.0761,427.3638,0.01084732,0.0109057,0.00049306,4.6858,5.6707,0.0774,15.5820,0.2688,1264.1035,201.3548,4.5499,4.6885,2.0771,4.1543,6.1317,8.4025,10.5031,18.5864,3.9466,-2.0771,2.528253,4.474023,1.127938,29,192,48,6,0.01915741,0.01232650,0.05216444,0E-8,0.000000,0.903271,0.017936,-0.04061604,2026-05-16,2026-07-20,31,1797,733,66,0.469697,0.970424,0.970991,0.063858,,,,,,,,GLOBAL_BASELINE_NO_ENTITY_RANKING,,,NOT_APPLICABLE_GLOBAL_BASELINE,HF9g-P5,,,,X 全窗基线 · 不参与实体赏罚,8395204,840,A168_HF9F_20260827_0900,2026-08-27 09:00:00
2026-05-27,150107794,1957,0,13.6540279383,2.7308055877,2.7308055877,0.6666667,3,3,0.49771390000000000,0.497713900000,0.5852756695216578,0.5852756695216578,0.5852756695216578,0E-17,ELIGIBLE,R03b_20260811_FULL_v1,L1_ELIGIBILITY,v2026-08-11,2026-03-21..2026-08-06,baccarat_bet02_101_all_pairs_incl_sentinel,round_win = game_pnl > 0 (decisive only),COMPATIBILITY_ONLY_NOT_PRODUCTION,39187.2093,35396.6747,483.0410,8363,6242,-0.01232650,-0.05216444,-0.01154840,-0.01232650,-483.0410,39187.2093,OK,0.0000,19.3216,4.0000,96.0000,AG03-UNRESOLVED,ALL5_LEVELS_bet23_to_bet27,19.3216,19.3216,19.3216,0.0000,0.0000,4.000000,4.000000,4.000000,0.000000,0.000000,96.000000,96.000000,96.000000,100.000000,100.000000,5.0,57.9649,55.6772,425.0761,427.3638,PENDING_AG03,FALSE,NOT_FOR_ENFORCEMENT,463.7194,33980.8077,483.0410,463.7194,19.3216,0.01232650,0.01183344,19.3216,463.7194,0.01183344,19.3216,19.3216,19.3216,0.0000,0.0000,463.7194,0.01183344,57.9649,55.6772,425.0761,427.3638,0.01084732,0.0109057,0.00049306,4.6858,5.6707,0.0774,15.5820,0.2688,1264.1035,201.3548,4.5499,4.6885,2.0771,4.1543,6.1317,8.4025,10.5031,18.5864,3.9466,-2.0771,2.528253,4.474023,1.127938,29,192,48,6,0.01915741,0.01232650,0.05216444,0E-8,0.000000,0.903271,0.017936,-0.04061604,2026-05-16,2026-07-20,31,1797,733,66,0.469697,0.970424,0.970991,0.063858,,,,,,,,GLOBAL_BASELINE_NO_ENTITY_RANKING,,,NOT_APPLICABLE_GLOBAL_BASELINE,HF9g-P5,,,,X 全窗基线 · 不参与实体赏罚,8395205,840,A168_HF9F_20260827_0900,2026-08-27 09:00:00
2026-05-27,150107794,1966,0,8.4024787312,8.1924167629,8.1924167629,1.0000000,2,2,0.49994810000000000,0.499948100000,1.4143603653603398,1.4143603653603398,1.4143603653603398,0E-17,ELIGIBLE,R03b_20260811_FULL_v1,L1_ELIGIBILITY,v2026-08-11,2026-03-21..2026-08-06,baccarat_bet02_101_all_pairs_incl_sentinel,round_win = game_pnl > 0 (decisive only),COMPATIBILITY_ONLY_NOT_PRODUCTION,39187.2093,35396.6747,483.0410,8363,6242,-0.01232650,-0.05216444,-0.01154840,-0.01232650,-483.0410,39187.2093,OK,0.0000,19.3216,4.0000,96.0000,AG03-UNRESOLVED,ALL5_LEVELS_bet23_to_bet27,19.3216,19.3216,19.3216,0.0000,0.0000,4.000000,4.000000,4.000000,0.000000,0.000000,96.000000,96.000000,96.000000,100.000000,100.000000,5.0,57.9649,55.6772,425.0761,427.3638,PENDING_AG03,FALSE,NOT_FOR_ENFORCEMENT,463.7194,33980.8077,483.0410,463.7194,19.3216,0.01232650,0.01183344,19.3216,463.7194,0.01183344,19.3216,19.3216,19.3216,0.0000,0.0000,463.7194,0.01183344,57.9649,55.6772,425.0761,427.3638,0.01084732,0.0109057,0.00049306,4.6858,5.6707,0.0774,15.5820,0.2688,1264.1035,201.3548,4.5499,4.6885,2.0771,4.1543,6.1317,8.4025,10.5031,18.5864,3.9466,-2.0771,2.528253,4.474023,1.127938,29,192,48,6,0.01915741,0.01232650,0.05216444,0E-8,0.000000,0.903271,0.017936,-0.04061604,2026-05-16,2026-07-20,31,1797,733,66,0.469697,0.970424,0.970991,0.063858,,,,,,,,GLOBAL_BASELINE_NO_ENTITY_RANKING,,,NOT_APPLICABLE_GLOBAL_BASELINE,HF9g-P5,,,,X 全窗基线 · 不参与实体赏罚,8395206,840,A168_HF9F_20260827_0900,2026-08-27 09:00:00
2026-05-27,150107794,1994,0,82.3442915658,-57.1368553722,-57.1368553722,0.2000000,18,10,0.42137858042310594,0.336469460000,-1.4177580345599894,-0.9133393922575841,-1.4177580345599894,0.08490912042310594,ELIGIBLE,R03b_20260811_FULL_v1,L1_ELIGIBILITY,v2026-08-11,2026-03-21..2026-08-06,baccarat_bet02_101_all_pairs_incl_sentinel,round_win = game_pnl > 0 (decisive only),COMPATIBILITY_ONLY_NOT_PRODUCTION,39187.2093,35396.6747,483.0410,8363,6242,-0.01232650,-0.05216444,-0.01154840,-0.01232650,-483.0410,39187.2093,OK,0.0000,19.3216,4.0000,96.0000,AG03-UNRESOLVED,ALL5_LEVELS_bet23_to_bet27,19.3216,19.3216,19.3216,0.0000,0.0000,4.000000,4.000000,4.000000,0.000000,0.000000,96.000000,96.000000,96.000000,100.000000,100.000000,5.0,57.9649,55.6772,425.0761,427.3638,PENDING_AG03,FALSE,NOT_FOR_ENFORCEMENT,463.7194,33980.8077,483.0410,463.7194,19.3216,0.01232650,0.01183344,19.3216,463.7194,0.01183344,19.3216,19.3216,19.3216,0.0000,0.0000,463.7194,0.01183344,57.9649,55.6772,425.0761,427.3638,0.01084732,0.0109057,0.00049306,4.6858,5.6707,0.0774,15.5820,0.2688,1264.1035,201.3548,4.5499,4.6885,2.0771,4.1543,6.1317,8.4025,10.5031,18.5864,3.9466,-2.0771,2.528253,4.474023,1.127938,29,192,48,6,0.01915741,0.01232650,0.05216444,0E-8,0.000000,0.903271,0.017936,-0.04061604,2026-05-16,2026-07-20,31,1797,733,66,0.469697,0.970424,0.970991,0.063858,,,,,,,,GLOBAL_BASELINE_NO_ENTITY_RANKING,,,NOT_APPLICABLE_GLOBAL_BASELINE,HF9g-P5,,,,X 全窗基线 · 不参与实体赏罚,8395207,840,A168_HF9F_20260827_0900,2026-08-27 09:00:00
2026-05-27,150107794,2101,0,48.3142527044,-2.3106816510,-2.3106816510,0.4000000,12,10,0.47535342250000000,0.458743310000,-0.47715694332845404,-0.372796566166499,-0.47715694332845404,0.01661011250000000,ELIGIBLE,R03b_20260811_FULL_v1,L1_ELIGIBILITY,v2026-08-11,2026-03-21..2026-08-06,baccarat_bet02_101_all_pairs_incl_sentinel,round_win = game_pnl > 0 (decisive only),COMPATIBILITY_ONLY_NOT_PRODUCTION,39187.2093,35396.6747,483.0410,8363,6242,-0.01232650,-0.05216444,-0.01154840,-0.01232650,-483.0410,39187.2093,OK,0.0000,19.3216,4.0000,96.0000,AG03-UNRESOLVED,ALL5_LEVELS_bet23_to_bet27,19.3216,19.3216,19.3216,0.0000,0.0000,4.000000,4.000000,4.000000,0.000000,0.000000,96.000000,96.000000,96.000000,100.000000,100.000000,5.0,57.9649,55.6772,425.0761,427.3638,PENDING_AG03,FALSE,NOT_FOR_ENFORCEMENT,463.7194,33980.8077,483.0410,463.7194,19.3216,0.01232650,0.01183344,19.3216,463.7194,0.01183344,19.3216,19.3216,19.3216,0.0000,0.0000,463.7194,0.01183344,57.9649,55.6772,425.0761,427.3638,0.01084732,0.0109057,0.00049306,4.6858,5.6707,0.0774,15.5820,0.2688,1264.1035,201.3548,4.5499,4.6885,2.0771,4.1543,6.1317,8.4025,10.5031,18.5864,3.9466,-2.0771,2.528253,4.474023,1.127938,29,192,48,6,0.01915741,0.01232650,0.05216444,0E-8,0.000000,0.903271,0.017936,-0.04061604,2026-05-16,2026-07-20,31,1797,733,66,0.469697,0.970424,0.970991,0.063858,,,,,,,,GLOBAL_BASELINE_NO_ENTITY_RANKING,,,NOT_APPLICABLE_GLOBAL_BASELINE,HF9g-P5,,,,X 全窗基线 · 不参与实体赏罚,8395208,840,A168_HF9F_20260827_0900,2026-08-27 09:00:00
2026-05-27,150107794,2141,0,4.8314252705,4.5898540069,4.5898540069,1.0000000,1,1,0.50665070000000000,0.506650700000,0.9867858985152569,0.9867858985152569,0.9867858985152569,0E-17,ELIGIBLE,R03b_20260811_FULL_v1,L1_ELIGIBILITY,v2026-08-11,2026-03-21..2026-08-06,baccarat_bet02_101_all_pairs_incl_sentinel,round_win = game_pnl > 0 (decisive only),COMPATIBILITY_ONLY_NOT_PRODUCTION,39187.2093,35396.6747,483.0410,8363,6242,-0.01232650,-0.05216444,-0.01154840,-0.01232650,-483.0410,39187.2093,OK,0.0000,19.3216,4.0000,96.0000,AG03-UNRESOLVED,ALL5_LEVELS_bet23_to_bet27,19.3216,19.3216,19.3216,0.0000,0.0000,4.000000,4.000000,4.000000,0.000000,0.000000,96.000000,96.000000,96.000000,100.000000,100.000000,5.0,57.9649,55.6772,425.0761,427.3638,PENDING_AG03,FALSE,NOT_FOR_ENFORCEMENT,463.7194,33980.8077,483.0410,463.7194,19.3216,0.01232650,0.01183344,19.3216,463.7194,0.01183344,19.3216,19.3216,19.3216,0.0000,0.0000,463.7194,0.01183344,57.9649,55.6772,425.0761,427.3638,0.01084732,0.0109057,0.00049306,4.6858,5.6707,0.0774,15.5820,0.2688,1264.1035,201.3548,4.5499,4.6885,2.0771,4.1543,6.1317,8.4025,10.5031,18.5864,3.9466,-2.0771,2.528253,4.474023,1.127938,29,192,48,6,0.01915741,0.01232650,0.05216444,0E-8,0.000000,0.903271,0.017936,-0.04061604,2026-05-16,2026-07-20,31,1797,733,66,0.469697,0.970424,0.970991,0.063858,,,,,,,,GLOBAL_BASELINE_NO_ENTITY_RANKING,,,NOT_APPLICABLE_GLOBAL_BASELINE,HF9g-P5,,,,X 全窗基线 · 不参与实体赏罚,8395209,840,A168_HF9F_20260827_0900,2026-08-27 09:00:00
2026-05-27,150107794,2145,0,93.8976998213,17.2460875959,17.2460875959,0.5833333,18,12,0.45669067661696750,0.399728875000,0.8807161981823477,1.298426464204359,0.8807161981823477,0.05696180161696750,ELIGIBLE,R03b_20260811_FULL_v1,L1_ELIGIBILITY,v2026-08-11,2026-03-21..2026-08-06,baccarat_bet02_101_all_pairs_incl_sentinel,round_win = game_pnl > 0 (decisive only),COMPATIBILITY_ONLY_NOT_PRODUCTION,39187.2093,35396.6747,483.0410,8363,6242,-0.01232650,-0.05216444,-0.01154840,-0.01232650,-483.0410,39187.2093,OK,0.0000,19.3216,4.0000,96.0000,AG03-UNRESOLVED,ALL5_LEVELS_bet23_to_bet27,19.3216,19.3216,19.3216,0.0000,0.0000,4.000000,4.000000,4.000000,0.000000,0.000000,96.000000,96.000000,96.000000,100.000000,100.000000,5.0,57.9649,55.6772,425.0761,427.3638,PENDING_AG03,FALSE,NOT_FOR_ENFORCEMENT,463.7194,33980.8077,483.0410,463.7194,19.3216,0.01232650,0.01183344,19.3216,463.7194,0.01183344,19.3216,19.3216,19.3216,0.0000,0.0000,463.7194,0.01183344,57.9649,55.6772,425.0761,427.3638,0.01084732,0.0109057,0.00049306,4.6858,5.6707,0.0774,15.5820,0.2688,1264.1035,201.3548,4.5499,4.6885,2.0771,4.1543,6.1317,8.4025,10.5031,18.5864,3.9466,-2.0771,2.528253,4.474023,1.127938,29,192,48,6,0.01915741,0.01232650,0.05216444,0E-8,0.000000,0.903271,0.017936,-0.04061604,2026-05-16,2026-07-20,31,1797,733,66,0.469697,0.970424,0.970991,0.063858,,,,,,,,GLOBAL_BASELINE_NO_ENTITY_RANKING,,,NOT_APPLICABLE_GLOBAL_BASELINE,HF9g-P5,,,,X 全窗基线 · 不参与实体赏罚,8395210,840,A168_HF9F_20260827_0900,2026-08-27 09:00:00
2026-05-27,150107794,2153,0,9.8729125092,-9.8729125092,-9.8729125092,0E-7,3,3,0.50218230000000000,0.502182300000,-1.7396270863184011,-1.7396270863184016,-1.7396270863184011,0E-17,ELIGIBLE,R03b_20260811_FULL_v1,L1_ELIGIBILITY,v2026-08-11,2026-03-21..2026-08-06,baccarat_bet02_101_all_pairs_incl_sentinel,round_win = game_pnl > 0 (decisive only),COMPATIBILITY_ONLY_NOT_PRODUCTION,39187.2093,35396.6747,483.0410,8363,6242,-0.01232650,-0.05216444,-0.01154840,-0.01232650,-483.0410,39187.2093,OK,0.0000,19.3216,4.0000,96.0000,AG03-UNRESOLVED,ALL5_LEVELS_bet23_to_bet27,19.3216,19.3216,19.3216,0.0000,0.0000,4.000000,4.000000,4.000000,0.000000,0.000000,96.000000,96.000000,96.000000,100.000000,100.000000,5.0,57.9649,55.6772,425.0761,427.3638,PENDING_AG03,FALSE,NOT_FOR_ENFORCEMENT,463.7194,33980.8077,483.0410,463.7194,19.3216,0.01232650,0.01183344,19.3216,463.7194,0.01183344,19.3216,19.3216,19.3216,0.0000,0.0000,463.7194,0.01183344,57.9649,55.6772,425.0761,427.3638,0.01084732,0.0109057,0.00049306,4.6858,5.6707,0.0774,15.5820,0.2688,1264.1035,201.3548,4.5499,4.6885,2.0771,4.1543,6.1317,8.4025,10.5031,18.5864,3.9466,-2.0771,2.528253,4.474023,1.127938,29,192,48,6,0.01915741,0.01232650,0.05216444,0E-8,0.000000,0.903271,0.017936,-0.04061604,2026-05-16,2026-07-20,31,1797,733,66,0.469697,0.970424,0.970991,0.063858,,,,,,,,GLOBAL_BASELINE_NO_ENTITY_RANKING,,,NOT_APPLICABLE_GLOBAL_BASELINE,HF9g-P5,,,,X 全窗基线 · 不参与实体赏罚,8395211,840,A168_HF9F_20260827_0900,2026-08-27 09:00:00
2026-05-27,150107794,2155,0,12.8137800651,8.0768826804,8.0768826804,0.6666667,4,3,0.50441650000000000,0.504416500000,0.5620729918323724,0.5620729918323724,0.5620729918323724,0E-17,ELIGIBLE,R03b_20260811_FULL_v1,L1_ELIGIBILITY,v2026-08-11,2026-03-21..2026-08-06,baccarat_bet02_101_all_pairs_incl_sentinel,round_win = game_pnl > 0 (decisive only),COMPATIBILITY_ONLY_NOT_PRODUCTION,39187.2093,35396.6747,483.0410,8363,6242,-0.01232650,-0.05216444,-0.01154840,-0.01232650,-483.0410,39187.2093,OK,0.0000,19.3216,4.0000,96.0000,AG03-UNRESOLVED,ALL5_LEVELS_bet23_to_bet27,19.3216,19.3216,19.3216,0.0000,0.0000,4.000000,4.000000,4.000000,0.000000,0.000000,96.000000,96.000000,96.000000,100.000000,100.000000,5.0,57.9649,55.6772,425.0761,427.3638,PENDING_AG03,FALSE,NOT_FOR_ENFORCEMENT,463.7194,33980.8077,483.0410,463.7194,19.3216,0.01232650,0.01183344,19.3216,463.7194,0.01183344,19.3216,19.3216,19.3216,0.0000,0.0000,463.7194,0.01183344,57.9649,55.6772,425.0761,427.3638,0.01084732,0.0109057,0.00049306,4.6858,5.6707,0.0774,15.5820,0.2688,1264.1035,201.3548,4.5499,4.6885,2.0771,4.1543,6.1317,8.4025,10.5031,18.5864,3.9466,-2.0771,2.528253,4.474023,1.127938,29,192,48,6,0.01915741,0.01232650,0.05216444,0E-8,0.000000,0.903271,0.017936,-0.04061604,2026-05-16,2026-07-20,31,1797,733,66,0.469697,0.970424,0.970991,0.063858,,,,,,,,GLOBAL_BASELINE_NO_ENTITY_RANKING,,,NOT_APPLICABLE_GLOBAL_BASELINE,HF9g-P5,,,,X 全窗基线 · 不参与实体赏罚,8395212,840,A168_HF9F_20260827_0900,2026-08-27 09:00:00
2026-05-27,150107794,2170,0,12.6037180968,-8.4024787312,-8.4024787312,0E-7,3,2,0.45514471250000000,0.403638725000,-0.9139746830116731,-0.8227003755306537,-0.9139746830116731,0.05150598750000000,ELIGIBLE,R03b_20260811_FULL_v1,L1_ELIGIBILITY,v2026-08-11,2026-03-21..2026-08-06,baccarat_bet02_101_all_pairs_incl_sentinel,round_win = game_pnl > 0 (decisive only),COMPATIBILITY_ONLY_NOT_PRODUCTION,39187.2093,35396.6747,483.0410,8363,6242,-0.01232650,-0.05216444,-0.01154840,-0.01232650,-483.0410,39187.2093,OK,0.0000,19.3216,4.0000,96.0000,AG03-UNRESOLVED,ALL5_LEVELS_bet23_to_bet27,19.3216,19.3216,19.3216,0.0000,0.0000,4.000000,4.000000,4.000000,0.000000,0.000000,96.000000,96.000000,96.000000,100.000000,100.000000,5.0,57.9649,55.6772,425.0761,427.3638,PENDING_AG03,FALSE,NOT_FOR_ENFORCEMENT,463.7194,33980.8077,483.0410,463.7194,19.3216,0.01232650,0.01183344,19.3216,463.7194,0.01183344,19.3216,19.3216,19.3216,0.0000,0.0000,463.7194,0.01183344,57.9649,55.6772,425.0761,427.3638,0.01084732,0.0109057,0.00049306,4.6858,5.6707,0.0774,15.5820,0.2688,1264.1035,201.3548,4.5499,4.6885,2.0771,4.1543,6.1317,8.4025,10.5031,18.5864,3.9466,-2.0771,2.528253,4.474023,1.127938,29,192,48,6,0.01915741,0.01232650,0.05216444,0E-8,0.000000,0.903271,0.017936,-0.04061604,2026-05-16,2026-07-20,31,1797,733,66,0.469697,0.970424,0.970991,0.063858,,,,,,,,GLOBAL_BASELINE_NO_ENTITY_RANKING,,,NOT_APPLICABLE_GLOBAL_BASELINE,HF9g-P5,,,,X 全窗基线 · 不参与实体赏罚,8395213,840,A168_HF9F_20260827_0900,2026-08-27 09:00:00
2026-05-27,150107794,2201,0,6.7219829850,-2.6257746035,-2.6257746035,0E-7,3,2,0.50329940000000000,0.503299400000,-1.4235766693920513,-1.4235766693920513,-1.4235766693920513,0E-17,ELIGIBLE,R03b_20260811_FULL_v1,L1_ELIGIBILITY,v2026-08-11,2026-03-21..2026-08-06,baccarat_bet02_101_all_pairs_incl_sentinel,round_win = game_pnl > 0 (decisive only),COMPATIBILITY_ONLY_NOT_PRODUCTION,39187.2093,35396.6747,483.0410,8363,6242,-0.01232650,-0.05216444,-0.01154840,-0.01232650,-483.0410,39187.2093,OK,0.0000,19.3216,4.0000,96.0000,AG03-UNRESOLVED,ALL5_LEVELS_bet23_to_bet27,19.3216,19.3216,19.3216,0.0000,0.0000,4.000000,4.000000,4.000000,0.000000,0.000000,96.000000,96.000000,96.000000,100.000000,100.000000,5.0,57.9649,55.6772,425.0761,427.3638,PENDING_AG03,FALSE,NOT_FOR_ENFORCEMENT,463.7194,33980.8077,483.0410,463.7194,19.3216,0.01232650,0.01183344,19.3216,463.7194,0.01183344,19.3216,19.3216,19.3216,0.0000,0.0000,463.7194,0.01183344,57.9649,55.6772,425.0761,427.3638,0.01084732,0.0109057,0.00049306,4.6858,5.6707,0.0774,15.5820,0.2688,1264.1035,201.3548,4.5499,4.6885,2.0771,4.1543,6.1317,8.4025,10.5031,18.5864,3.9466,-2.0771,2.528253,4.474023,1.127938,29,192,48,6,0.01915741,0.01232650,0.05216444,0E-8,0.000000,0.903271,0.017936,-0.04061604,2026-05-16,2026-07-20,31,1797,733,66,0.469697,0.970424,0.970991,0.063858,,,,,,,,GLOBAL_BASELINE_NO_ENTITY_RANKING,,,NOT_APPLICABLE_GLOBAL_BASELINE,HF9g-P5,,,,X 全窗基线 · 不参与实体赏罚,8395214,840,A168_HF9F_20260827_0900,2026-08-27 09:00:00
2026-05-27,150107794,2218,0,21.6363827329,0.2835836572,0.2835836572,0.7500000,6,4,0.44432618125000000,0.401963075000,1.2303461616330653,1.4197054147302135,1.2303461616330653,0.04236310625000000,ELIGIBLE,R03b_20260811_FULL_v1,L1_ELIGIBILITY,v2026-08-11,2026-03-21..2026-08-06,baccarat_bet02_101_all_pairs_incl_sentinel,round_win = game_pnl > 0 (decisive only),COMPATIBILITY_ONLY_NOT_PRODUCTION,39187.2093,35396.6747,483.0410,8363,6242,-0.01232650,-0.05216444,-0.01154840,-0.01232650,-483.0410,39187.2093,OK,0.0000,19.3216,4.0000,96.0000,AG03-UNRESOLVED,ALL5_LEVELS_bet23_to_bet27,19.3216,19.3216,19.3216,0.0000,0.0000,4.000000,4.000000,4.000000,0.000000,0.000000,96.000000,96.000000,96.000000,100.000000,100.000000,5.0,57.9649,55.6772,425.0761,427.3638,PENDING_AG03,FALSE,NOT_FOR_ENFORCEMENT,463.7194,33980.8077,483.0410,463.7194,19.3216,0.01232650,0.01183344,19.3216,463.7194,0.01183344,19.3216,19.3216,19.3216,0.0000,0.0000,463.7194,0.01183344,57.9649,55.6772,425.0761,427.3638,0.01084732,0.0109057,0.00049306,4.6858,5.6707,0.0774,15.5820,0.2688,1264.1035,201.3548,4.5499,4.6885,2.0771,4.1543,6.1317,8.4025,10.5031,18.5864,3.9466,-2.0771,2.528253,4.474023,1.127938,29,192,48,6,0.01915741,0.01232650,0.05216444,0E-8,0.000000,0.903271,0.017936,-0.04061604,2026-05-16,2026-07-20,31,1797,733,66,0.469697,0.970424,0.970991,0.063858,,,,,,,,GLOBAL_BASELINE_NO_ENTITY_RANKING,,,NOT_APPLICABLE_GLOBAL_BASELINE,HF9g-P5,,,,X 全窗基线 · 不参与实体赏罚,8395215,840,A168_HF9F_20260827_0900,2026-08-27 09:00:00
2026-05-27,150107794,2220,0,13.4439659699,-1.1553408255,-1.1553408255,0.5000000,2,2,0.49994810000000000,0.499948100000,0.00014679536856514622,0.00014679536856514622,0.00014679536856514622,0E-17,ELIGIBLE,R03b_20260811_FULL_v1,L1_ELIGIBILITY,v2026-08-11,2026-03-21..2026-08-06,baccarat_bet02_101_all_pairs_incl_sentinel,round_win = game_pnl > 0 (decisive only),COMPATIBILITY_ONLY_NOT_PRODUCTION,39187.2093,35396.6747,483.0410,8363,6242,-0.01232650,-0.05216444,-0.01154840,-0.01232650,-483.0410,39187.2093,OK,0.0000,19.3216,4.0000,96.0000,AG03-UNRESOLVED,ALL5_LEVELS_bet23_to_bet27,19.3216,19.3216,19.3216,0.0000,0.0000,4.000000,4.000000,4.000000,0.000000,0.000000,96.000000,96.000000,96.000000,100.000000,100.000000,5.0,57.9649,55.6772,425.0761,427.3638,PENDING_AG03,FALSE,NOT_FOR_ENFORCEMENT,463.7194,33980.8077,483.0410,463.7194,19.3216,0.01232650,0.01183344,19.3216,463.7194,0.01183344,19.3216,19.3216,19.3216,0.0000,0.0000,463.7194,0.01183344,57.9649,55.6772,425.0761,427.3638,0.01084732,0.0109057,0.00049306,4.6858,5.6707,0.0774,15.5820,0.2688,1264.1035,201.3548,4.5499,4.6885,2.0771,4.1543,6.1317,8.4025,10.5031,18.5864,3.9466,-2.0771,2.528253,4.474023,1.127938,29,192,48,6,0.01915741,0.01232650,0.05216444,0E-8,0.000000,0.903271,0.017936,-0.04061604,2026-05-16,2026-07-20,31,1797,733,66,0.469697,0.970424,0.970991,0.063858,,,,,,,,GLOBAL_BASELINE_NO_ENTITY_RANKING,,,NOT_APPLICABLE_GLOBAL_BASELINE,HF9g-P5,,,,X 全窗基线 · 不参与实体赏罚,8395216,840,A168_HF9F_20260827_0900,2026-08-27 09:00:00
2026-05-27,150107794,2223,0,4.2012393656,-4.2012393656,-4.2012393656,0E-7,1,1,0.50665070000000000,0.506650700000,-1.013391052207602,-1.013391052207602,-1.013391052207602,0E-17,ELIGIBLE,R03b_20260811_FULL_v1,L1_ELIGIBILITY,v2026-08-11,2026-03-21..2026-08-06,baccarat_bet02_101_all_pairs_incl_sentinel,round_win = game_pnl > 0 (decisive only),COMPATIBILITY_ONLY_NOT_PRODUCTION,39187.2093,35396.6747,483.0410,8363,6242,-0.01232650,-0.05216444,-0.01154840,-0.01232650,-483.0410,39187.2093,OK,0.0000,19.3216,4.0000,96.0000,AG03-UNRESOLVED,ALL5_LEVELS_bet23_to_bet27,19.3216,19.3216,19.3216,0.0000,0.0000,4.000000,4.000000,4.000000,0.000000,0.000000,96.000000,96.000000,96.000000,100.000000,100.000000,5.0,57.9649,55.6772,425.0761,427.3638,PENDING_AG03,FALSE,NOT_FOR_ENFORCEMENT,463.7194,33980.8077,483.0410,463.7194,19.3216,0.01232650,0.01183344,19.3216,463.7194,0.01183344,19.3216,19.3216,19.3216,0.0000,0.0000,463.7194,0.01183344,57.9649,55.6772,425.0761,427.3638,0.01084732,0.0109057,0.00049306,4.6858,5.6707,0.0774,15.5820,0.2688,1264.1035,201.3548,4.5499,4.6885,2.0771,4.1543,6.1317,8.4025,10.5031,18.5864,3.9466,-2.0771,2.528253,4.474023,1.127938,29,192,48,6,0.01915741,0.01232650,0.05216444,0E-8,0.000000,0.903271,0.017936,-0.04061604,2026-05-16,2026-07-20,31,1797,733,66,0.469697,0.970424,0.970991,0.063858,,,,,,,,GLOBAL_BASELINE_NO_ENTITY_RANKING,,,NOT_APPLICABLE_GLOBAL_BASELINE,HF9g-P5,,,,X 全窗基线 · 不参与实体赏罚,8395217,840,A168_HF9F_20260827_0900,2026-08-27 09:00:00
2026-05-27,150107794,2242,0,25.8376220985,3.9911773973,3.9911773973,0.7500000,7,5,0.44724258000000000,0.420219560000,1.2178279262564964,1.3362415663233844,1.2178279262564964,0.02702302000000000,ELIGIBLE,R03b_20260811_FULL_v1,L1_ELIGIBILITY,v2026-08-11,2026-03-21..2026-08-06,baccarat_bet02_101_all_pairs_incl_sentinel,round_win = game_pnl > 0 (decisive only),COMPATIBILITY_ONLY_NOT_PRODUCTION,39187.2093,35396.6747,483.0410,8363,6242,-0.01232650,-0.05216444,-0.01154840,-0.01232650,-483.0410,39187.2093,OK,0.0000,19.3216,4.0000,96.0000,AG03-UNRESOLVED,ALL5_LEVELS_bet23_to_bet27,19.3216,19.3216,19.3216,0.0000,0.0000,4.000000,4.000000,4.000000,0.000000,0.000000,96.000000,96.000000,96.000000,100.000000,100.000000,5.0,57.9649,55.6772,425.0761,427.3638,PENDING_AG03,FALSE,NOT_FOR_ENFORCEMENT,463.7194,33980.8077,483.0410,463.7194,19.3216,0.01232650,0.01183344,19.3216,463.7194,0.01183344,19.3216,19.3216,19.3216,0.0000,0.0000,463.7194,0.01183344,57.9649,55.6772,425.0761,427.3638,0.01084732,0.0109057,0.00049306,4.6858,5.6707,0.0774,15.5820,0.2688,1264.1035,201.3548,4.5499,4.6885,2.0771,4.1543,6.1317,8.4025,10.5031,18.5864,3.9466,-2.0771,2.528253,4.474023,1.127938,29,192,48,6,0.01915741,0.01232650,0.05216444,0E-8,0.000000,0.903271,0.017936,-0.04061604,2026-05-16,2026-07-20,31,1797,733,66,0.469697,0.970424,0.970991,0.063858,,,,,,,,GLOBAL_BASELINE_NO_ENTITY_RANKING,,,NOT_APPLICABLE_GLOBAL_BASELINE,HF9g-P5,,,,X 全窗基线 · 不参与实体赏罚,8395218,840,A168_HF9F_20260827_0900,2026-08-27 09:00:00
2026-05-27,150107794,2261,0,29.4086755592,3.6760844449,3.6760844449,0.7500000,7,4,0.41494261250000000,0.347105787500,1.3600533399907881,1.6926559321579908,1.3600533399907881,0.06783682500000000,ELIGIBLE,R03b_20260811_FULL_v1,L1_ELIGIBILITY,v2026-08-11,2026-03-21..2026-08-06,baccarat_bet02_101_all_pairs_incl_sentinel,round_win = game_pnl > 0 (decisive only),COMPATIBILITY_ONLY_NOT_PRODUCTION,39187.2093,35396.6747,483.0410,8363,6242,-0.01232650,-0.05216444,-0.01154840,-0.01232650,-483.0410,39187.2093,OK,0.0000,19.3216,4.0000,96.0000,AG03-UNRESOLVED,ALL5_LEVELS_bet23_to_bet27,19.3216,19.3216,19.3216,0.0000,0.0000,4.000000,4.000000,4.000000,0.000000,0.000000,96.000000,96.000000,96.000000,100.000000,100.000000,5.0,57.9649,55.6772,425.0761,427.3638,PENDING_AG03,FALSE,NOT_FOR_ENFORCEMENT,463.7194,33980.8077,483.0410,463.7194,19.3216,0.01232650,0.01183344,19.3216,463.7194,0.01183344,19.3216,19.3216,19.3216,0.0000,0.0000,463.7194,0.01183344,57.9649,55.6772,425.0761,427.3638,0.01084732,0.0109057,0.00049306,4.6858,5.6707,0.0774,15.5820,0.2688,1264.1035,201.3548,4.5499,4.6885,2.0771,4.1543,6.1317,8.4025,10.5031,18.5864,3.9466,-2.0771,2.528253,4.474023,1.127938,29,192,48,6,0.01915741,0.01232650,0.05216444,0E-8,0.000000,0.903271,0.017936,-0.04061604,2026-05-16,2026-07-20,31,1797,733,66,0.469697,0.970424,0.970991,0.063858,,,,,,,,GLOBAL_BASELINE_NO_ENTITY_RANKING,,,NOT_APPLICABLE_GLOBAL_BASELINE,HF9g-P5,,,,X 全窗基线 · 不参与实体赏罚,8395219,840,A168_HF9F_20260827_0900,2026-08-27 09:00:00
2026-05-27,150107794,2266,0,6.0917970801,1.6909988447,1.6909988447,0.5000000,2,2,0.50665070000000000,0.506650700000,-0.018812684590367487,-0.018812684590367487,-0.018812684590367487,0E-17,ELIGIBLE,R03b_20260811_FULL_v1,L1_ELIGIBILITY,v2026-08-11,2026-03-21..2026-08-06,baccarat_bet02_101_all_pairs_incl_sentinel,round_win = game_pnl > 0 (decisive only),COMPATIBILITY_ONLY_NOT_PRODUCTION,39187.2093,35396.6747,483.0410,8363,6242,-0.01232650,-0.05216444,-0.01154840,-0.01232650,-483.0410,39187.2093,OK,0.0000,19.3216,4.0000,96.0000,AG03-UNRESOLVED,ALL5_LEVELS_bet23_to_bet27,19.3216,19.3216,19.3216,0.0000,0.0000,4.000000,4.000000,4.000000,0.000000,0.000000,96.000000,96.000000,96.000000,100.000000,100.000000,5.0,57.9649,55.6772,425.0761,427.3638,PENDING_AG03,FALSE,NOT_FOR_ENFORCEMENT,463.7194,33980.8077,483.0410,463.7194,19.3216,0.01232650,0.01183344,19.3216,463.7194,0.01183344,19.3216,19.3216,19.3216,0.0000,0.0000,463.7194,0.01183344,57.9649,55.6772,425.0761,427.3638,0.01084732,0.0109057,0.00049306,4.6858,5.6707,0.0774,15.5820,0.2688,1264.1035,201.3548,4.5499,4.6885,2.0771,4.1543,6.1317,8.4025,10.5031,18.5864,3.9466,-2.0771,2.528253,4.474023,1.127938,29,192,48,6,0.01915741,0.01232650,0.05216444,0E-8,0.000000,0.903271,0.017936,-0.04061604,2026-05-16,2026-07-20,31,1797,733,66,0.469697,0.970424,0.970991,0.063858,,,,,,,,GLOBAL_BASELINE_NO_ENTITY_RANKING,,,NOT_APPLICABLE_GLOBAL_BASELINE,HF9g-P5,,,,X 全窗基线 · 不参与实体赏罚,8395220,840,A168_HF9F_20260827_0900,2026-08-27 09:00:00
2026-05-28,150107794,-1,1,34.2401008297,-15.7546476211,-15.7546476211,0.2000000,11,6,0.40931334607832193,0.376651141667,-0.9518650710947095,-0.8152038507036555,-0.9518650710947095,0.03266220441132193,SENTINEL_DEALER,R03b_20260811_FULL_v1,L1_ELIGIBILITY,v2026-08-11,2026-03-21..2026-08-06,baccarat_bet02_101_all_pairs_incl_sentinel,round_win = game_pnl > 0 (decisive only),COMPATIBILITY_ONLY_NOT_PRODUCTION,39187.2093,35396.6747,483.0410,8363,6242,-0.01232650,-0.05216444,-0.01154840,-0.01232650,-483.0410,39187.2093,OK,0.0000,19.3216,4.0000,96.0000,AG03-UNRESOLVED,ALL5_LEVELS_bet23_to_bet27,19.3216,19.3216,19.3216,0.0000,0.0000,4.000000,4.000000,4.000000,0.000000,0.000000,96.000000,96.000000,96.000000,100.000000,100.000000,5.0,57.9649,55.6772,425.0761,427.3638,PENDING_AG03,FALSE,NOT_FOR_ENFORCEMENT,463.7194,33980.8077,483.0410,463.7194,19.3216,0.01232650,0.01183344,19.3216,463.7194,0.01183344,19.3216,19.3216,19.3216,0.0000,0.0000,463.7194,0.01183344,57.9649,55.6772,425.0761,427.3638,0.01084732,0.0109057,0.00049306,4.6858,5.6707,0.0774,15.5820,0.2688,1264.1035,201.3548,4.5499,4.6885,2.0771,4.1543,6.1317,8.4025,10.5031,18.5864,3.9466,-2.0771,2.528253,4.474023,1.127938,29,192,48,6,0.01915741,0.01232650,0.05216444,0E-8,0.000000,0.903271,0.017936,-0.04061604,2026-05-16,2026-07-20,31,1797,733,66,0.469697,0.970424,0.970991,0.063858,,,,,,,,GLOBAL_BASELINE_NO_ENTITY_RANKING,,,NOT_APPLICABLE_GLOBAL_BASELINE,HF9g-P5,,,,X 全窗基线 · 不参与实体赏罚,8395221,840,A168_HF9F_20260827_0900,2026-08-27 09:00:00
2026-05-28,150107794,1507,0,4.2012393656,0E-10,0E-10,0.5000000,2,2,0.49994810000000000,0.499948100000,0.00014679536856514622,0.00014679536856514622,0.00014679536856514622,0E-17,ELIGIBLE,R03b_20260811_FULL_v1,L1_ELIGIBILITY,v2026-08-11,2026-03-21..2026-08-06,baccarat_bet02_101_all_pairs_incl_sentinel,round_win = game_pnl > 0 (decisive only),COMPATIBILITY_ONLY_NOT_PRODUCTION,39187.2093,35396.6747,483.0410,8363,6242,-0.01232650,-0.05216444,-0.01154840,-0.01232650,-483.0410,39187.2093,OK,0.0000,19.3216,4.0000,96.0000,AG03-UNRESOLVED,ALL5_LEVELS_bet23_to_bet27,19.3216,19.3216,19.3216,0.0000,0.0000,4.000000,4.000000,4.000000,0.000000,0.000000,96.000000,96.000000,96.000000,100.000000,100.000000,5.0,57.9649,55.6772,425.0761,427.3638,PENDING_AG03,FALSE,NOT_FOR_ENFORCEMENT,463.7194,33980.8077,483.0410,463.7194,19.3216,0.01232650,0.01183344,19.3216,463.7194,0.01183344,19.3216,19.3216,19.3216,0.0000,0.0000,463.7194,0.01183344,57.9649,55.6772,425.0761,427.3638,0.01084732,0.0109057,0.00049306,4.6858,5.6707,0.0774,15.5820,0.2688,1264.1035,201.3548,4.5499,4.6885,2.0771,4.1543,6.1317,8.4025,10.5031,18.5864,3.9466,-2.0771,2.528253,4.474023,1.127938,29,192,48,6,0.01915741,0.01232650,0.05216444,0E-8,0.000000,0.903271,0.017936,-0.04061604,2026-05-16,2026-07-20,31,1797,733,66,0.469697,0.970424,0.970991,0.063858,,,,,,,,GLOBAL_BASELINE_NO_ENTITY_RANKING,,,NOT_APPLICABLE_GLOBAL_BASELINE,HF9g-P5,,,,X 全窗基线 · 不参与实体赏罚,8395222,840,A168_HF9F_20260827_0900,2026-08-27 09:00:00
2026-05-28,150107794,1935,0,4.2012393656,-4.2012393656,-4.2012393656,0E-7,1,1,0.49324550000000000,0.493245500000,-0.9865810262130424,-0.9865810262130424,-0.9865810262130424,0E-17,ELIGIBLE,R03b_20260811_FULL_v1,L1_ELIGIBILITY,v2026-08-11,2026-03-21..2026-08-06,baccarat_bet02_101_all_pairs_incl_sentinel,round_win = game_pnl > 0 (decisive only),COMPATIBILITY_ONLY_NOT_PRODUCTION,39187.2093,35396.6747,483.0410,8363,6242,-0.01232650,-0.05216444,-0.01154840,-0.01232650,-483.0410,39187.2093,OK,0.0000,19.3216,4.0000,96.0000,AG03-UNRESOLVED,ALL5_LEVELS_bet23_to_bet27,19.3216,19.3216,19.3216,0.0000,0.0000,4.000000,4.000000,4.000000,0.000000,0.000000,96.000000,96.000000,96.000000,100.000000,100.000000,5.0,57.9649,55.6772,425.0761,427.3638,PENDING_AG03,FALSE,NOT_FOR_ENFORCEMENT,463.7194,33980.8077,483.0410,463.7194,19.3216,0.01232650,0.01183344,19.3216,463.7194,0.01183344,19.3216,19.3216,19.3216,0.0000,0.0000,463.7194,0.01183344,57.9649,55.6772,425.0761,427.3638,0.01084732,0.0109057,0.00049306,4.6858,5.6707,0.0774,15.5820,0.2688,1264.1035,201.3548,4.5499,4.6885,2.0771,4.1543,6.1317,8.4025,10.5031,18.5864,3.9466,-2.0771,2.528253,4.474023,1.127938,29,192,48,6,0.01915741,0.01232650,0.05216444,0E-8,0.000000,0.903271,0.017936,-0.04061604,2026-05-16,2026-07-20,31,1797,733,66,0.469697,0.970424,0.970991,0.063858,,,,,,,,GLOBAL_BASELINE_NO_ENTITY_RANKING,,,NOT_APPLICABLE_GLOBAL_BASELINE,HF9g-P5,,,,X 全窗基线 · 不参与实体赏罚,8395223,840,A168_HF9F_20260827_0900,2026-08-27 09:00:00
2026-05-28,150107794,2212,0,4.2012393656,0E-10,0E-10,0.5000000,2,2,0.49994810000000000,0.499948100000,0.00014679536856514622,0.00014679536856514622,0.00014679536856514622,0E-17,ELIGIBLE,R03b_20260811_FULL_v1,L1_ELIGIBILITY,v2026-08-11,2026-03-21..2026-08-06,baccarat_bet02_101_all_pairs_incl_sentinel,round_win = game_pnl > 0 (decisive only),COMPATIBILITY_ONLY_NOT_PRODUCTION,39187.2093,35396.6747,483.0410,8363,6242,-0.01232650,-0.05216444,-0.01154840,-0.01232650,-483.0410,39187.2093,OK,0.0000,19.3216,4.0000,96.0000,AG03-UNRESOLVED,ALL5_LEVELS_bet23_to_bet27,19.3216,19.3216,19.3216,0.0000,0.0000,4.000000,4.000000,4.000000,0.000000,0.000000,96.000000,96.000000,96.000000,100.000000,100.000000,5.0,57.9649,55.6772,425.0761,427.3638,PENDING_AG03,FALSE,NOT_FOR_ENFORCEMENT,463.7194,33980.8077,483.0410,463.7194,19.3216,0.01232650,0.01183344,19.3216,463.7194,0.01183344,19.3216,19.3216,19.3216,0.0000,0.0000,463.7194,0.01183344,57.9649,55.6772,425.0761,427.3638,0.01084732,0.0109057,0.00049306,4.6858,5.6707,0.0774,15.5820,0.2688,1264.1035,201.3548,4.5499,4.6885,2.0771,4.1543,6.1317,8.4025,10.5031,18.5864,3.9466,-2.0771,2.528253,4.474023,1.127938,29,192,48,6,0.01915741,0.01232650,0.05216444,0E-8,0.000000,0.903271,0.017936,-0.04061604,2026-05-16,2026-07-20,31,1797,733,66,0.469697,0.970424,0.970991,0.063858,,,,,,,,GLOBAL_BASELINE_NO_ENTITY_RANKING,,,NOT_APPLICABLE_GLOBAL_BASELINE,HF9g-P5,,,,X 全窗基线 · 不参与实体赏罚,8395224,840,A168_HF9F_20260827_0900,2026-08-27 09:00:00
2026-05-28,150107794,2234,0,11.5534082554,-1.2078563176,-1.2078563176,0.5000000,5,4,0.44844211250000000,0.448442112500,0.207336787646197,0.207336787646197,0.207336787646197,0E-17,ELIGIBLE,R03b_20260811_FULL_v1,L1_ELIGIBILITY,v2026-08-11,2026-03-21..2026-08-06,baccarat_bet02_101_all_pairs_incl_sentinel,round_win = game_pnl > 0 (decisive only),COMPATIBILITY_ONLY_NOT_PRODUCTION,39187.2093,35396.6747,483.0410,8363,6242,-0.01232650,-0.05216444,-0.01154840,-0.01232650,-483.0410,39187.2093,OK,0.0000,19.3216,4.0000,96.0000,AG03-UNRESOLVED,ALL5_LEVELS_bet23_to_bet27,19.3216,19.3216,19.3216,0.0000,0.0000,4.000000,4.000000,4.000000,0.000000,0.000000,96.000000,96.000000,96.000000,100.000000,100.000000,5.0,57.9649,55.6772,425.0761,427.3638,PENDING_AG03,FALSE,NOT_FOR_ENFORCEMENT,463.7194,33980.8077,483.0410,463.7194,19.3216,0.01232650,0.01183344,19.3216,463.7194,0.01183344,19.3216,19.3216,19.3216,0.0000,0.0000,463.7194,0.01183344,57.9649,55.6772,425.0761,427.3638,0.01084732,0.0109057,0.00049306,4.6858,5.6707,0.0774,15.5820,0.2688,1264.1035,201.3548,4.5499,4.6885,2.0771,4.1543,6.1317,8.4025,10.5031,18.5864,3.9466,-2.0771,2.528253,4.474023,1.127938,29,192,48,6,0.01915741,0.01232650,0.05216444,0E-8,0.000000,0.903271,0.017936,-0.04061604,2026-05-16,2026-07-20,31,1797,733,66,0.469697,0.970424,0.970991,0.063858,,,,,,,,GLOBAL_BASELINE_NO_ENTITY_RANKING,,,NOT_APPLICABLE_GLOBAL_BASELINE,HF9g-P5,,,,X 全窗基线 · 不参与实体赏罚,8395225,840,A168_HF9F_20260827_0900,2026-08-27 09:00:00
2026-05-29,150107794,-1,1,49.7846864824,-6.5119210168,-6.5119210168,0.4444444,13,11,0.46751369545454545,0.461270545455,-0.13870859068934813,-0.10126083966622461,-0.13870859068934813,0.00624314999954545,SENTINEL_DEALER,R03b_20260811_FULL_v1,L1_ELIGIBILITY,v2026-08-11,2026-03-21..2026-08-06,baccarat_bet02_101_all_pairs_incl_sentinel,round_win = game_pnl > 0 (decisive only),COMPATIBILITY_ONLY_NOT_PRODUCTION,39187.2093,35396.6747,483.0410,8363,6242,-0.01232650,-0.05216444,-0.01154840,-0.01232650,-483.0410,39187.2093,OK,0.0000,19.3216,4.0000,96.0000,AG03-UNRESOLVED,ALL5_LEVELS_bet23_to_bet27,19.3216,19.3216,19.3216,0.0000,0.0000,4.000000,4.000000,4.000000,0.000000,0.000000,96.000000,96.000000,96.000000,100.000000,100.000000,5.0,57.9649,55.6772,425.0761,427.3638,PENDING_AG03,FALSE,NOT_FOR_ENFORCEMENT,463.7194,33980.8077,483.0410,463.7194,19.3216,0.01232650,0.01183344,19.3216,463.7194,0.01183344,19.3216,19.3216,19.3216,0.0000,0.0000,463.7194,0.01183344,57.9649,55.6772,425.0761,427.3638,0.01084732,0.0109057,0.00049306,4.6858,5.6707,0.0774,15.5820,0.2688,1264.1035,201.3548,4.5499,4.6885,2.0771,4.1543,6.1317,8.4025,10.5031,18.5864,3.9466,-2.0771,2.528253,4.474023,1.127938,29,192,48,6,0.01915741,0.01232650,0.05216444,0E-8,0.000000,0.903271,0.017936,-0.04061604,2026-05-16,2026-07-20,31,1797,733,66,0.469697,0.970424,0.970991,0.063858,,,,,,,,GLOBAL_BASELINE_NO_ENTITY_RANKING,,,NOT_APPLICABLE_GLOBAL_BASELINE,HF9g-P5,,,,X 全窗基线 · 不参与实体赏罚,8395226,840,A168_HF9F_20260827_0900,2026-08-27 09:00:00
2026-05-29,150107794,1509,0,4.2012393656,-4.2012393656,-4.2012393656,0E-7,1,1,0.49324550000000000,0.493245500000,-0.9865810262130424,-0.9865810262130424,-0.9865810262130424,0E-17,ELIGIBLE,R03b_20260811_FULL_v1,L1_ELIGIBILITY,v2026-08-11,2026-03-21..2026-08-06,baccarat_bet02_101_all_pairs_incl_sentinel,round_win = game_pnl > 0 (decisive only),COMPATIBILITY_ONLY_NOT_PRODUCTION,39187.2093,35396.6747,483.0410,8363,6242,-0.01232650,-0.05216444,-0.01154840,-0.01232650,-483.0410,39187.2093,OK,0.0000,19.3216,4.0000,96.0000,AG03-UNRESOLVED,ALL5_LEVELS_bet23_to_bet27,19.3216,19.3216,19.3216,0.0000,0.0000,4.000000,4.000000,4.000000,0.000000,0.000000,96.000000,96.000000,96.000000,100.000000,100.000000,5.0,57.9649,55.6772,425.0761,427.3638,PENDING_AG03,FALSE,NOT_FOR_ENFORCEMENT,463.7194,33980.8077,483.0410,463.7194,19.3216,0.01232650,0.01183344,19.3216,463.7194,0.01183344,19.3216,19.3216,19.3216,0.0000,0.0000,463.7194,0.01183344,57.9649,55.6772,425.0761,427.3638,0.01084732,0.0109057,0.00049306,4.6858,5.6707,0.0774,15.5820,0.2688,1264.1035,201.3548,4.5499,4.6885,2.0771,4.1543,6.1317,8.4025,10.5031,18.5864,3.9466,-2.0771,2.528253,4.474023,1.127938,29,192,48,6,0.01915741,0.01232650,0.05216444,0E-8,0.000000,0.903271,0.017936,-0.04061604,2026-05-16,2026-07-20,31,1797,733,66,0.469697,0.970424,0.970991,0.063858,,,,,,,,GLOBAL_BASELINE_NO_ENTITY_RANKING,,,NOT_APPLICABLE_GLOBAL_BASELINE,HF9g-P5,,,,X 全窗基线 · 不参与实体赏罚,8395227,840,A168_HF9F_20260827_0900,2026-08-27 09:00:00
2026-05-29,150107794,1654,0,4.2012393656,-4.2012393656,-4.2012393656,0E-7,1,1,0.49324550000000000,0.493245500000,-0.9865810262130424,-0.9865810262130424,-0.9865810262130424,0E-17,ELIGIBLE,R03b_20260811_FULL_v1,L1_ELIGIBILITY,v2026-08-11,2026-03-21..2026-08-06,baccarat_bet02_101_all_pairs_incl_sentinel,round_win = game_pnl > 0 (decisive only),COMPATIBILITY_ONLY_NOT_PRODUCTION,39187.2093,35396.6747,483.0410,8363,6242,-0.01232650,-0.05216444,-0.01154840,-0.01232650,-483.0410,39187.2093,OK,0.0000,19.3216,4.0000,96.0000,AG03-UNRESOLVED,ALL5_LEVELS_bet23_to_bet27,19.3216,19.3216,19.3216,0.0000,0.0000,4.000000,4.000000,4.000000,0.000000,0.000000,96.000000,96.000000,96.000000,100.000000,100.000000,5.0,57.9649,55.6772,425.0761,427.3638,PENDING_AG03,FALSE,NOT_FOR_ENFORCEMENT,463.7194,33980.8077,483.0410,463.7194,19.3216,0.01232650,0.01183344,19.3216,463.7194,0.01183344,19.3216,19.3216,19.3216,0.0000,0.0000,463.7194,0.01183344,57.9649,55.6772,425.0761,427.3638,0.01084732,0.0109057,0.00049306,4.6858,5.6707,0.0774,15.5820,0.2688,1264.1035,201.3548,4.5499,4.6885,2.0771,4.1543,6.1317,8.4025,10.5031,18.5864,3.9466,-2.0771,2.528253,4.474023,1.127938,29,192,48,6,0.01915741,0.01232650,0.05216444,0E-8,0.000000,0.903271,0.017936,-0.04061604,2026-05-16,2026-07-20,31,1797,733,66,0.469697,0.970424,0.970991,0.063858,,,,,,,,GLOBAL_BASELINE_NO_ENTITY_RANKING,,,NOT_APPLICABLE_GLOBAL_BASELINE,HF9g-P5,,,,X 全窗基线 · 不参与实体赏罚,8395228,840,A168_HF9F_20260827_0900,2026-08-27 09:00:00
2026-05-29,150107794,1702,0,4.2012393656,-4.2012393656,-4.2012393656,0E-7,1,1,0.49324550000000000,0.493245500000,-0.9865810262130424,-0.9865810262130424,-0.9865810262130424,0E-17,ELIGIBLE,R03b_20260811_FULL_v1,L1_ELIGIBILITY,v2026-08-11,2026-03-21..2026-08-06,baccarat_bet02_101_all_pairs_incl_sentinel,round_win = game_pnl > 0 (decisive only),COMPATIBILITY_ONLY_NOT_PRODUCTION,39187.2093,35396.6747,483.0410,8363,6242,-0.01232650,-0.05216444,-0.01154840,-0.01232650,-483.0410,39187.2093,OK,0.0000,19.3216,4.0000,96.0000,AG03-UNRESOLVED,ALL5_LEVELS_bet23_to_bet27,19.3216,19.3216,19.3216,0.0000,0.0000,4.000000,4.000000,4.000000,0.000000,0.000000,96.000000,96.000000,96.000000,100.000000,100.000000,5.0,57.9649,55.6772,425.0761,427.3638,PENDING_AG03,FALSE,NOT_FOR_ENFORCEMENT,463.7194,33980.8077,483.0410,463.7194,19.3216,0.01232650,0.01183344,19.3216,463.7194,0.01183344,19.3216,19.3216,19.3216,0.0000,0.0000,463.7194,0.01183344,57.9649,55.6772,425.0761,427.3638,0.01084732,0.0109057,0.00049306,4.6858,5.6707,0.0774,15.5820,0.2688,1264.1035,201.3548,4.5499,4.6885,2.0771,4.1543,6.1317,8.4025,10.5031,18.5864,3.9466,-2.0771,2.528253,4.474023,1.127938,29,192,48,6,0.01915741,0.01232650,0.05216444,0E-8,0.000000,0.903271,0.017936,-0.04061604,2026-05-16,2026-07-20,31,1797,733,66,0.469697,0.970424,0.970991,0.063858,,,,,,,,GLOBAL_BASELINE_NO_ENTITY_RANKING,,,NOT_APPLICABLE_GLOBAL_BASELINE,HF9g-P5,,,,X 全窗基线 · 不参与实体赏罚,8395229,840,A168_HF9F_20260827_0900,2026-08-27 09:00:00
2026-05-29,150107794,1957,0,12.1835941603,-3.9911773974,-3.9911773974,0.5000000,3,2,0.43797605000000000,0.403638725000,0.17679575212256196,0.27775789067037676,0.17679575212256196,0.03433732500000000,ELIGIBLE,R03b_20260811_FULL_v1,L1_ELIGIBILITY,v2026-08-11,2026-03-21..2026-08-06,baccarat_bet02_101_all_pairs_incl_sentinel,round_win = game_pnl > 0 (decisive only),COMPATIBILITY_ONLY_NOT_PRODUCTION,39187.2093,35396.6747,483.0410,8363,6242,-0.01232650,-0.05216444,-0.01154840,-0.01232650,-483.0410,39187.2093,OK,0.0000,19.3216,4.0000,96.0000,AG03-UNRESOLVED,ALL5_LEVELS_bet23_to_bet27,19.3216,19.3216,19.3216,0.0000,0.0000,4.000000,4.000000,4.000000,0.000000,0.000000,96.000000,96.000000,96.000000,100.000000,100.000000,5.0,57.9649,55.6772,425.0761,427.3638,PENDING_AG03,FALSE,NOT_FOR_ENFORCEMENT,463.7194,33980.8077,483.0410,463.7194,19.3216,0.01232650,0.01183344,19.3216,463.7194,0.01183344,19.3216,19.3216,19.3216,0.0000,0.0000,463.7194,0.01183344,57.9649,55.6772,425.0761,427.3638,0.01084732,0.0109057,0.00049306,4.6858,5.6707,0.0774,15.5820,0.2688,1264.1035,201.3548,4.5499,4.6885,2.0771,4.1543,6.1317,8.4025,10.5031,18.5864,3.9466,-2.0771,2.528253,4.474023,1.127938,29,192,48,6,0.01915741,0.01232650,0.05216444,0E-8,0.000000,0.903271,0.017936,-0.04061604,2026-05-16,2026-07-20,31,1797,733,66,0.469697,0.970424,0.970991,0.063858,,,,,,,,GLOBAL_BASELINE_NO_ENTITY_RANKING,,,NOT_APPLICABLE_GLOBAL_BASELINE,HF9g-P5,,,,X 全窗基线 · 不参与实体赏罚,8395230,840,A168_HF9F_20260827_0900,2026-08-27 09:00:00
2026-05-29,150107794,2088,0,2.1006196828,-2.1006196828,-2.1006196828,0E-7,1,1,0.49324550000000000,0.493245500000,-0.9865810262130424,-0.9865810262130424,-0.9865810262130424,0E-17,ELIGIBLE,R03b_20260811_FULL_v1,L1_ELIGIBILITY,v2026-08-11,2026-03-21..2026-08-06,baccarat_bet02_101_all_pairs_incl_sentinel,round_win = game_pnl > 0 (decisive only),COMPATIBILITY_ONLY_NOT_PRODUCTION,39187.2093,35396.6747,483.0410,8363,6242,-0.01232650,-0.05216444,-0.01154840,-0.01232650,-483.0410,39187.2093,OK,0.0000,19.3216,4.0000,96.0000,AG03-UNRESOLVED,ALL5_LEVELS_bet23_to_bet27,19.3216,19.3216,19.3216,0.0000,0.0000,4.000000,4.000000,4.000000,0.000000,0.000000,96.000000,96.000000,96.000000,100.000000,100.000000,5.0,57.9649,55.6772,425.0761,427.3638,PENDING_AG03,FALSE,NOT_FOR_ENFORCEMENT,463.7194,33980.8077,483.0410,463.7194,19.3216,0.01232650,0.01183344,19.3216,463.7194,0.01183344,19.3216,19.3216,19.3216,0.0000,0.0000,463.7194,0.01183344,57.9649,55.6772,425.0761,427.3638,0.01084732,0.0109057,0.00049306,4.6858,5.6707,0.0774,15.5820,0.2688,1264.1035,201.3548,4.5499,4.6885,2.0771,4.1543,6.1317,8.4025,10.5031,18.5864,3.9466,-2.0771,2.528253,4.474023,1.127938,29,192,48,6,0.01915741,0.01232650,0.05216444,0E-8,0.000000,0.903271,0.017936,-0.04061604,2026-05-16,2026-07-20,31,1797,733,66,0.469697,0.970424,0.970991,0.063858,,,,,,,,GLOBAL_BASELINE_NO_ENTITY_RANKING,,,NOT_APPLICABLE_GLOBAL_BASELINE,HF9g-P5,,,,X 全窗基线 · 不参与实体赏罚,8395231,840,A168_HF9F_20260827_0900,2026-08-27 09:00:00
2026-05-29,150107794,2160,0,4.2012393656,-4.2012393656,-4.2012393656,0E-7,1,1,0.50665070000000000,0.506650700000,-1.013391052207602,-1.013391052207602,-1.013391052207602,0E-17,ELIGIBLE,R03b_20260811_FULL_v1,L1_ELIGIBILITY,v2026-08-11,2026-03-21..2026-08-06,baccarat_bet02_101_all_pairs_incl_sentinel,round_win = game_pnl > 0 (decisive only),COMPATIBILITY_ONLY_NOT_PRODUCTION,39187.2093,35396.6747,483.0410,8363,6242,-0.01232650,-0.05216444,-0.01154840,-0.01232650,-483.0410,39187.2093,OK,0.0000,19.3216,4.0000,96.0000,AG03-UNRESOLVED,ALL5_LEVELS_bet23_to_bet27,19.3216,19.3216,19.3216,0.0000,0.0000,4.000000,4.000000,4.000000,0.000000,0.000000,96.000000,96.000000,96.000000,100.000000,100.000000,5.0,57.9649,55.6772,425.0761,427.3638,PENDING_AG03,FALSE,NOT_FOR_ENFORCEMENT,463.7194,33980.8077,483.0410,463.7194,19.3216,0.01232650,0.01183344,19.3216,463.7194,0.01183344,19.3216,19.3216,19.3216,0.0000,0.0000,463.7194,0.01183344,57.9649,55.6772,425.0761,427.3638,0.01084732,0.0109057,0.00049306,4.6858,5.6707,0.0774,15.5820,0.2688,1264.1035,201.3548,4.5499,4.6885,2.0771,4.1543,6.1317,8.4025,10.5031,18.5864,3.9466,-2.0771,2.528253,4.474023,1.127938,29,192,48,6,0.01915741,0.01232650,0.05216444,0E-8,0.000000,0.903271,0.017936,-0.04061604,2026-05-16,2026-07-20,31,1797,733,66,0.469697,0.970424,0.970991,0.063858,,,,,,,,GLOBAL_BASELINE_NO_ENTITY_RANKING,,,NOT_APPLICABLE_GLOBAL_BASELINE,HF9g-P5,,,,X 全窗基线 · 不参与实体赏罚,8395232,840,A168_HF9F_20260827_0900,2026-08-27 09:00:00
2026-05-29,150107794,2218,0,4.2012393656,-4.2012393656,-4.2012393656,0E-7,1,1,0.49324550000000000,0.493245500000,-0.9865810262130424,-0.9865810262130424,-0.9865810262130424,0E-17,ELIGIBLE,R03b_20260811_FULL_v1,L1_ELIGIBILITY,v2026-08-11,2026-03-21..2026-08-06,baccarat_bet02_101_all_pairs_incl_sentinel,round_win = game_pnl > 0 (decisive only),COMPATIBILITY_ONLY_NOT_PRODUCTION,39187.2093,35396.6747,483.0410,8363,6242,-0.01232650,-0.05216444,-0.01154840,-0.01232650,-483.0410,39187.2093,OK,0.0000,19.3216,4.0000,96.0000,AG03-UNRESOLVED,ALL5_LEVELS_bet23_to_bet27,19.3216,19.3216,19.3216,0.0000,0.0000,4.000000,4.000000,4.000000,0.000000,0.000000,96.000000,96.000000,96.000000,100.000000,100.000000,5.0,57.9649,55.6772,425.0761,427.3638,PENDING_AG03,FALSE,NOT_FOR_ENFORCEMENT,463.7194,33980.8077,483.0410,463.7194,19.3216,0.01232650,0.01183344,19.3216,463.7194,0.01183344,19.3216,19.3216,19.3216,0.0000,0.0000,463.7194,0.01183344,57.9649,55.6772,425.0761,427.3638,0.01084732,0.0109057,0.00049306,4.6858,5.6707,0.0774,15.5820,0.2688,1264.1035,201.3548,4.5499,4.6885,2.0771,4.1543,6.1317,8.4025,10.5031,18.5864,3.9466,-2.0771,2.528253,4.474023,1.127938,29,192,48,6,0.01915741,0.01232650,0.05216444,0E-8,0.000000,0.903271,0.017936,-0.04061604,2026-05-16,2026-07-20,31,1797,733,66,0.469697,0.970424,0.970991,0.063858,,,,,,,,GLOBAL_BASELINE_NO_ENTITY_RANKING,,,NOT_APPLICABLE_GLOBAL_BASELINE,HF9g-P5,,,,X 全窗基线 · 不参与实体赏罚,8395233,840,A168_HF9F_20260827_0900,2026-08-27 09:00:00
2026-05-29,150107794,2224,0,7.1421069215,-3.0458985400,-3.0458985400,0.5000000,2,2,0.50665070000000000,0.506650700000,-0.018812684590367487,-0.018812684590367487,-0.018812684590367487,0E-17,ELIGIBLE,R03b_20260811_FULL_v1,L1_ELIGIBILITY,v2026-08-11,2026-03-21..2026-08-06,baccarat_bet02_101_all_pairs_incl_sentinel,round_win = game_pnl > 0 (decisive only),COMPATIBILITY_ONLY_NOT_PRODUCTION,39187.2093,35396.6747,483.0410,8363,6242,-0.01232650,-0.05216444,-0.01154840,-0.01232650,-483.0410,39187.2093,OK,0.0000,19.3216,4.0000,96.0000,AG03-UNRESOLVED,ALL5_LEVELS_bet23_to_bet27,19.3216,19.3216,19.3216,0.0000,0.0000,4.000000,4.000000,4.000000,0.000000,0.000000,96.000000,96.000000,96.000000,100.000000,100.000000,5.0,57.9649,55.6772,425.0761,427.3638,PENDING_AG03,FALSE,NOT_FOR_ENFORCEMENT,463.7194,33980.8077,483.0410,463.7194,19.3216,0.01232650,0.01183344,19.3216,463.7194,0.01183344,19.3216,19.3216,19.3216,0.0000,0.0000,463.7194,0.01183344,57.9649,55.6772,425.0761,427.3638,0.01084732,0.0109057,0.00049306,4.6858,5.6707,0.0774,15.5820,0.2688,1264.1035,201.3548,4.5499,4.6885,2.0771,4.1543,6.1317,8.4025,10.5031,18.5864,3.9466,-2.0771,2.528253,4.474023,1.127938,29,192,48,6,0.01915741,0.01232650,0.05216444,0E-8,0.000000,0.903271,0.017936,-0.04061604,2026-05-16,2026-07-20,31,1797,733,66,0.469697,0.970424,0.970991,0.063858,,,,,,,,GLOBAL_BASELINE_NO_ENTITY_RANKING,,,NOT_APPLICABLE_GLOBAL_BASELINE,HF9g-P5,,,,X 全窗基线 · 不参与实体赏罚,8395234,840,A168_HF9F_20260827_0900,2026-08-27 09:00:00
2026-05-29,150107794,2271,0,25.6275601302,1.0503098413,1.0503098413,0.5000000,6,5,0.47113772000000000,0.457402790000,0.11564194746744284,0.17101057521136587,0.11564194746744284,0.01373493000000000,ELIGIBLE,R03b_20260811_FULL_v1,L1_ELIGIBILITY,v2026-08-11,2026-03-21..2026-08-06,baccarat_bet02_101_all_pairs_incl_sentinel,round_win = game_pnl > 0 (decisive only),COMPATIBILITY_ONLY_NOT_PRODUCTION,39187.2093,35396.6747,483.0410,8363,6242,-0.01232650,-0.05216444,-0.01154840,-0.01232650,-483.0410,39187.2093,OK,0.0000,19.3216,4.0000,96.0000,AG03-UNRESOLVED,ALL5_LEVELS_bet23_to_bet27,19.3216,19.3216,19.3216,0.0000,0.0000,4.000000,4.000000,4.000000,0.000000,0.000000,96.000000,96.000000,96.000000,100.000000,100.000000,5.0,57.9649,55.6772,425.0761,427.3638,PENDING_AG03,FALSE,NOT_FOR_ENFORCEMENT,463.7194,33980.8077,483.0410,463.7194,19.3216,0.01232650,0.01183344,19.3216,463.7194,0.01183344,19.3216,19.3216,19.3216,0.0000,0.0000,463.7194,0.01183344,57.9649,55.6772,425.0761,427.3638,0.01084732,0.0109057,0.00049306,4.6858,5.6707,0.0774,15.5820,0.2688,1264.1035,201.3548,4.5499,4.6885,2.0771,4.1543,6.1317,8.4025,10.5031,18.5864,3.9466,-2.0771,2.528253,4.474023,1.127938,29,192,48,6,0.01915741,0.01232650,0.05216444,0E-8,0.000000,0.903271,0.017936,-0.04061604,2026-05-16,2026-07-20,31,1797,733,66,0.469697,0.970424,0.970991,0.063858,,,,,,,,GLOBAL_BASELINE_NO_ENTITY_RANKING,,,NOT_APPLICABLE_GLOBAL_BASELINE,HF9g-P5,,,,X 全窗基线 · 不参与实体赏罚,8395235,840,A168_HF9F_20260827_0900,2026-08-27 09:00:00
2026-05-29,150107794,526,0,6.3018590484,-6.3018590484,-6.3018590484,0E-7,1,1,0.50665070000000000,0.506650700000,-1.013391052207602,-1.013391052207602,-1.013391052207602,0E-17,ELIGIBLE,R03b_20260811_FULL_v1,L1_ELIGIBILITY,v2026-08-11,2026-03-21..2026-08-06,baccarat_bet02_101_all_pairs_incl_sentinel,round_win = game_pnl > 0 (decisive only),COMPATIBILITY_ONLY_NOT_PRODUCTION,39187.2093,35396.6747,483.0410,8363,6242,-0.01232650,-0.05216444,-0.01154840,-0.01232650,-483.0410,39187.2093,OK,0.0000,19.3216,4.0000,96.0000,AG03-UNRESOLVED,ALL5_LEVELS_bet23_to_bet27,19.3216,19.3216,19.3216,0.0000,0.0000,4.000000,4.000000,4.000000,0.000000,0.000000,96.000000,96.000000,96.000000,100.000000,100.000000,5.0,57.9649,55.6772,425.0761,427.3638,PENDING_AG03,FALSE,NOT_FOR_ENFORCEMENT,463.7194,33980.8077,483.0410,463.7194,19.3216,0.01232650,0.01183344,19.3216,463.7194,0.01183344,19.3216,19.3216,19.3216,0.0000,0.0000,463.7194,0.01183344,57.9649,55.6772,425.0761,427.3638,0.01084732,0.0109057,0.00049306,4.6858,5.6707,0.0774,15.5820,0.2688,1264.1035,201.3548,4.5499,4.6885,2.0771,4.1543,6.1317,8.4025,10.5031,18.5864,3.9466,-2.0771,2.528253,4.474023,1.127938,29,192,48,6,0.01915741,0.01232650,0.05216444,0E-8,0.000000,0.903271,0.017936,-0.04061604,2026-05-16,2026-07-20,31,1797,733,66,0.469697,0.970424,0.970991,0.063858,,,,,,,,GLOBAL_BASELINE_NO_ENTITY_RANKING,,,NOT_APPLICABLE_GLOBAL_BASELINE,HF9g-P5,,,,X 全窗基线 · 不参与实体赏罚,8395236,840,A168_HF9F_20260827_0900,2026-08-27 09:00:00
2026-05-30,150107794,-1,1,113.0133389348,-27.1820186955,-27.1820186955,0.3888889,26,19,0.45968864732057416,0.424044539474,-0.6027179044357539,-0.3018083175201219,-0.6027179044357539,0.03564410784657416,SENTINEL_DEALER,R03b_20260811_FULL_v1,L1_ELIGIBILITY,v2026-08-11,2026-03-21..2026-08-06,baccarat_bet02_101_all_pairs_incl_sentinel,round_win = game_pnl > 0 (decisive only),COMPATIBILITY_ONLY_NOT_PRODUCTION,39187.2093,35396.6747,483.0410,8363,6242,-0.01232650,-0.05216444,-0.01154840,-0.01232650,-483.0410,39187.2093,OK,0.0000,19.3216,4.0000,96.0000,AG03-UNRESOLVED,ALL5_LEVELS_bet23_to_bet27,19.3216,19.3216,19.3216,0.0000,0.0000,4.000000,4.000000,4.000000,0.000000,0.000000,96.000000,96.000000,96.000000,100.000000,100.000000,5.0,57.9649,55.6772,425.0761,427.3638,PENDING_AG03,FALSE,NOT_FOR_ENFORCEMENT,463.7194,33980.8077,483.0410,463.7194,19.3216,0.01232650,0.01183344,19.3216,463.7194,0.01183344,19.3216,19.3216,19.3216,0.0000,0.0000,463.7194,0.01183344,57.9649,55.6772,425.0761,427.3638,0.01084732,0.0109057,0.00049306,4.6858,5.6707,0.0774,15.5820,0.2688,1264.1035,201.3548,4.5499,4.6885,2.0771,4.1543,6.1317,8.4025,10.5031,18.5864,3.9466,-2.0771,2.528253,4.474023,1.127938,29,192,48,6,0.01915741,0.01232650,0.05216444,0E-8,0.000000,0.903271,0.017936,-0.04061604,2026-05-16,2026-07-20,31,1797,733,66,0.469697,0.970424,0.970991,0.063858,,,,,,,,GLOBAL_BASELINE_NO_ENTITY_RANKING,,,NOT_APPLICABLE_GLOBAL_BASELINE,HF9g-P5,,,,X 全窗基线 · 不参与实体赏罚,8395237,840,A168_HF9F_20260827_0900,2026-08-27 09:00:00
2026-05-30,150107794,1109,0,12.6037180968,-4.2012393656,-4.2012393656,0.3333333,4,3,0.45342026666666667,0.431273450000,-0.4178103128468822,-0.34252567542352924,-0.4178103128468822,0.02214681666666667,ELIGIBLE,R03b_20260811_FULL_v1,L1_ELIGIBILITY,v2026-08-11,2026-03-21..2026-08-06,baccarat_bet02_101_all_pairs_incl_sentinel,round_win = game_pnl > 0 (decisive only),COMPATIBILITY_ONLY_NOT_PRODUCTION,39187.2093,35396.6747,483.0410,8363,6242,-0.01232650,-0.05216444,-0.01154840,-0.01232650,-483.0410,39187.2093,OK,0.0000,19.3216,4.0000,96.0000,AG03-UNRESOLVED,ALL5_LEVELS_bet23_to_bet27,19.3216,19.3216,19.3216,0.0000,0.0000,4.000000,4.000000,4.000000,0.000000,0.000000,96.000000,96.000000,96.000000,100.000000,100.000000,5.0,57.9649,55.6772,425.0761,427.3638,PENDING_AG03,FALSE,NOT_FOR_ENFORCEMENT,463.7194,33980.8077,483.0410,463.7194,19.3216,0.01232650,0.01183344,19.3216,463.7194,0.01183344,19.3216,19.3216,19.3216,0.0000,0.0000,463.7194,0.01183344,57.9649,55.6772,425.0761,427.3638,0.01084732,0.0109057,0.00049306,4.6858,5.6707,0.0774,15.5820,0.2688,1264.1035,201.3548,4.5499,4.6885,2.0771,4.1543,6.1317,8.4025,10.5031,18.5864,3.9466,-2.0771,2.528253,4.474023,1.127938,29,192,48,6,0.01915741,0.01232650,0.05216444,0E-8,0.000000,0.903271,0.017936,-0.04061604,2026-05-16,2026-07-20,31,1797,733,66,0.469697,0.970424,0.970991,0.063858,,,,,,,,GLOBAL_BASELINE_NO_ENTITY_RANKING,,,NOT_APPLICABLE_GLOBAL_BASELINE,HF9g-P5,,,,X 全窗基线 · 不参与实体赏罚,8395238,840,A168_HF9F_20260827_0900,2026-08-27 09:00:00
2026-05-30,150107794,1151,0,10.5030984140,5.8817351119,5.8817351119,1.0000000,2,1,0.42424112000000000,0.300626750000,1.16496785521994,1.5252488199758223,1.16496785521994,0.12361437000000000,ELIGIBLE,R03b_20260811_FULL_v1,L1_ELIGIBILITY,v2026-08-11,2026-03-21..2026-08-06,baccarat_bet02_101_all_pairs_incl_sentinel,round_win = game_pnl > 0 (decisive only),COMPATIBILITY_ONLY_NOT_PRODUCTION,39187.2093,35396.6747,483.0410,8363,6242,-0.01232650,-0.05216444,-0.01154840,-0.01232650,-483.0410,39187.2093,OK,0.0000,19.3216,4.0000,96.0000,AG03-UNRESOLVED,ALL5_LEVELS_bet23_to_bet27,19.3216,19.3216,19.3216,0.0000,0.0000,4.000000,4.000000,4.000000,0.000000,0.000000,96.000000,96.000000,96.000000,100.000000,100.000000,5.0,57.9649,55.6772,425.0761,427.3638,PENDING_AG03,FALSE,NOT_FOR_ENFORCEMENT,463.7194,33980.8077,483.0410,463.7194,19.3216,0.01232650,0.01183344,19.3216,463.7194,0.01183344,19.3216,19.3216,19.3216,0.0000,0.0000,463.7194,0.01183344,57.9649,55.6772,425.0761,427.3638,0.01084732,0.0109057,0.00049306,4.6858,5.6707,0.0774,15.5820,0.2688,1264.1035,201.3548,4.5499,4.6885,2.0771,4.1543,6.1317,8.4025,10.5031,18.5864,3.9466,-2.0771,2.528253,4.474023,1.127938,29,192,48,6,0.01915741,0.01232650,0.05216444,0E-8,0.000000,0.903271,0.017936,-0.04061604,2026-05-16,2026-07-20,31,1797,733,66,0.469697,0.970424,0.970991,0.063858,,,,,,,,GLOBAL_BASELINE_NO_ENTITY_RANKING,,,NOT_APPLICABLE_GLOBAL_BASELINE,HF9g-P5,,,,X 全窗基线 · 不参与实体赏罚,8395239,840,A168_HF9F_20260827_0900,2026-08-27 09:00:00
2026-05-30,150107794,1205,0,14.7043377796,-6.3018590484,-6.3018590484,0.5000000,3,2,0.45874331000000000,0.396936125000,0.11709082584026136,0.29790616794075786,0.11709082584026136,0.06180718500000000,ELIGIBLE,R03b_20260811_FULL_v1,L1_ELIGIBILITY,v2026-08-11,2026-03-21..2026-08-06,baccarat_bet02_101_all_pairs_incl_sentinel,round_win = game_pnl > 0 (decisive only),COMPATIBILITY_ONLY_NOT_PRODUCTION,39187.2093,35396.6747,483.0410,8363,6242,-0.01232650,-0.05216444,-0.01154840,-0.01232650,-483.0410,39187.2093,OK,0.0000,19.3216,4.0000,96.0000,AG03-UNRESOLVED,ALL5_LEVELS_bet23_to_bet27,19.3216,19.3216,19.3216,0.0000,0.0000,4.000000,4.000000,4.000000,0.000000,0.000000,96.000000,96.000000,96.000000,100.000000,100.000000,5.0,57.9649,55.6772,425.0761,427.3638,PENDING_AG03,FALSE,NOT_FOR_ENFORCEMENT,463.7194,33980.8077,483.0410,463.7194,19.3216,0.01232650,0.01183344,19.3216,463.7194,0.01183344,19.3216,19.3216,19.3216,0.0000,0.0000,463.7194,0.01183344,57.9649,55.6772,425.0761,427.3638,0.01084732,0.0109057,0.00049306,4.6858,5.6707,0.0774,15.5820,0.2688,1264.1035,201.3548,4.5499,4.6885,2.0771,4.1543,6.1317,8.4025,10.5031,18.5864,3.9466,-2.0771,2.528253,4.474023,1.127938,29,192,48,6,0.01915741,0.01232650,0.05216444,0E-8,0.000000,0.903271,0.017936,-0.04061604,2026-05-16,2026-07-20,31,1797,733,66,0.469697,0.970424,0.970991,0.063858,,,,,,,,GLOBAL_BASELINE_NO_ENTITY_RANKING,,,NOT_APPLICABLE_GLOBAL_BASELINE,HF9g-P5,,,,X 全窗基线 · 不参与实体赏罚,8395240,840,A168_HF9F_20260827_0900,2026-08-27 09:00:00
2026-05-30,150107794,1302,0,12.1835941603,-5.1465182229,-5.1465182229,0.5000000,4,3,0.45817447647036199,0.437976050000,0.11871653376481188,0.17679575212256196,0.11871653376481188,0.02019842647036199,ELIGIBLE,R03b_20260811_FULL_v1,L1_ELIGIBILITY,v2026-08-11,2026-03-21..2026-08-06,baccarat_bet02_101_all_pairs_incl_sentinel,round_win = game_pnl > 0 (decisive only),COMPATIBILITY_ONLY_NOT_PRODUCTION,39187.2093,35396.6747,483.0410,8363,6242,-0.01232650,-0.05216444,-0.01154840,-0.01232650,-483.0410,39187.2093,OK,0.0000,19.3216,4.0000,96.0000,AG03-UNRESOLVED,ALL5_LEVELS_bet23_to_bet27,19.3216,19.3216,19.3216,0.0000,0.0000,4.000000,4.000000,4.000000,0.000000,0.000000,96.000000,96.000000,96.000000,100.000000,100.000000,5.0,57.9649,55.6772,425.0761,427.3638,PENDING_AG03,FALSE,NOT_FOR_ENFORCEMENT,463.7194,33980.8077,483.0410,463.7194,19.3216,0.01232650,0.01183344,19.3216,463.7194,0.01183344,19.3216,19.3216,19.3216,0.0000,0.0000,463.7194,0.01183344,57.9649,55.6772,425.0761,427.3638,0.01084732,0.0109057,0.00049306,4.6858,5.6707,0.0774,15.5820,0.2688,1264.1035,201.3548,4.5499,4.6885,2.0771,4.1543,6.1317,8.4025,10.5031,18.5864,3.9466,-2.0771,2.528253,4.474023,1.127938,29,192,48,6,0.01915741,0.01232650,0.05216444,0E-8,0.000000,0.903271,0.017936,-0.04061604,2026-05-16,2026-07-20,31,1797,733,66,0.469697,0.970424,0.970991,0.063858,,,,,,,,GLOBAL_BASELINE_NO_ENTITY_RANKING,,,NOT_APPLICABLE_GLOBAL_BASELINE,HF9g-P5,,,,X 全窗基线 · 不参与实体赏罚,8395241,840,A168_HF9F_20260827_0900,2026-08-27 09:00:00
2026-05-30,150107794,1325,0,51.0450582921,13.0763575254,13.0763575254,0.5714286,11,7,0.43727463424106204,0.385092671429,0.7155286938332918,1.0131134800637736,0.7155286938332918,0.05218196281206204,ELIGIBLE,R03b_20260811_FULL_v1,L1_ELIGIBILITY,v2026-08-11,2026-03-21..2026-08-06,baccarat_bet02_101_all_pairs_incl_sentinel,round_win = game_pnl > 0 (decisive only),COMPATIBILITY_ONLY_NOT_PRODUCTION,39187.2093,35396.6747,483.0410,8363,6242,-0.01232650,-0.05216444,-0.01154840,-0.01232650,-483.0410,39187.2093,OK,0.0000,19.3216,4.0000,96.0000,AG03-UNRESOLVED,ALL5_LEVELS_bet23_to_bet27,19.3216,19.3216,19.3216,0.0000,0.0000,4.000000,4.000000,4.000000,0.000000,0.000000,96.000000,96.000000,96.000000,100.000000,100.000000,5.0,57.9649,55.6772,425.0761,427.3638,PENDING_AG03,FALSE,NOT_FOR_ENFORCEMENT,463.7194,33980.8077,483.0410,463.7194,19.3216,0.01232650,0.01183344,19.3216,463.7194,0.01183344,19.3216,19.3216,19.3216,0.0000,0.0000,463.7194,0.01183344,57.9649,55.6772,425.0761,427.3638,0.01084732,0.0109057,0.00049306,4.6858,5.6707,0.0774,15.5820,0.2688,1264.1035,201.3548,4.5499,4.6885,2.0771,4.1543,6.1317,8.4025,10.5031,18.5864,3.9466,-2.0771,2.528253,4.474023,1.127938,29,192,48,6,0.01915741,0.01232650,0.05216444,0E-8,0.000000,0.903271,0.017936,-0.04061604,2026-05-16,2026-07-20,31,1797,733,66,0.469697,0.970424,0.970991,0.063858,,,,,,,,GLOBAL_BASELINE_NO_ENTITY_RANKING,,,NOT_APPLICABLE_GLOBAL_BASELINE,HF9g-P5,,,,X 全窗基线 · 不参与实体赏罚,8395242,840,A168_HF9F_20260827_0900,2026-08-27 09:00:00
2026-05-30,150107794,1385,0,19.5357630500,1.8905577145,1.8905577145,0.6666667,4,4,0.50665070000000000,0.506650700000,0.5543606114942035,0.5543606114942035,0.5543606114942035,0E-17,ELIGIBLE,R03b_20260811_FULL_v1,L1_ELIGIBILITY,v2026-08-11,2026-03-21..2026-08-06,baccarat_bet02_101_all_pairs_incl_sentinel,round_win = game_pnl > 0 (decisive only),COMPATIBILITY_ONLY_NOT_PRODUCTION,39187.2093,35396.6747,483.0410,8363,6242,-0.01232650,-0.05216444,-0.01154840,-0.01232650,-483.0410,39187.2093,OK,0.0000,19.3216,4.0000,96.0000,AG03-UNRESOLVED,ALL5_LEVELS_bet23_to_bet27,19.3216,19.3216,19.3216,0.0000,0.0000,4.000000,4.000000,4.000000,0.000000,0.000000,96.000000,96.000000,96.000000,100.000000,100.000000,5.0,57.9649,55.6772,425.0761,427.3638,PENDING_AG03,FALSE,NOT_FOR_ENFORCEMENT,463.7194,33980.8077,483.0410,463.7194,19.3216,0.01232650,0.01183344,19.3216,463.7194,0.01183344,19.3216,19.3216,19.3216,0.0000,0.0000,463.7194,0.01183344,57.9649,55.6772,425.0761,427.3638,0.01084732,0.0109057,0.00049306,4.6858,5.6707,0.0774,15.5820,0.2688,1264.1035,201.3548,4.5499,4.6885,2.0771,4.1543,6.1317,8.4025,10.5031,18.5864,3.9466,-2.0771,2.528253,4.474023,1.127938,29,192,48,6,0.01915741,0.01232650,0.05216444,0E-8,0.000000,0.903271,0.017936,-0.04061604,2026-05-16,2026-07-20,31,1797,733,66,0.469697,0.970424,0.970991,0.063858,,,,,,,,GLOBAL_BASELINE_NO_ENTITY_RANKING,,,NOT_APPLICABLE_GLOBAL_BASELINE,HF9g-P5,,,,X 全窗基线 · 不参与实体赏罚,8395243,840,A168_HF9F_20260827_0900,2026-08-27 09:00:00
2026-05-30,150107794,1702,0,13.6540279382,-3.1509295242,-3.1509295242,0.3333333,3,3,0.49771390000000000,0.497713900000,-0.5694369385616226,-0.5694369385616226,-0.5694369385616226,0E-17,ELIGIBLE,R03b_20260811_FULL_v1,L1_ELIGIBILITY,v2026-08-11,2026-03-21..2026-08-06,baccarat_bet02_101_all_pairs_incl_sentinel,round_win = game_pnl > 0 (decisive only),COMPATIBILITY_ONLY_NOT_PRODUCTION,39187.2093,35396.6747,483.0410,8363,6242,-0.01232650,-0.05216444,-0.01154840,-0.01232650,-483.0410,39187.2093,OK,0.0000,19.3216,4.0000,96.0000,AG03-UNRESOLVED,ALL5_LEVELS_bet23_to_bet27,19.3216,19.3216,19.3216,0.0000,0.0000,4.000000,4.000000,4.000000,0.000000,0.000000,96.000000,96.000000,96.000000,100.000000,100.000000,5.0,57.9649,55.6772,425.0761,427.3638,PENDING_AG03,FALSE,NOT_FOR_ENFORCEMENT,463.7194,33980.8077,483.0410,463.7194,19.3216,0.01232650,0.01183344,19.3216,463.7194,0.01183344,19.3216,19.3216,19.3216,0.0000,0.0000,463.7194,0.01183344,57.9649,55.6772,425.0761,427.3638,0.01084732,0.0109057,0.00049306,4.6858,5.6707,0.0774,15.5820,0.2688,1264.1035,201.3548,4.5499,4.6885,2.0771,4.1543,6.1317,8.4025,10.5031,18.5864,3.9466,-2.0771,2.528253,4.474023,1.127938,29,192,48,6,0.01915741,0.01232650,0.05216444,0E-8,0.000000,0.903271,0.017936,-0.04061604,2026-05-16,2026-07-20,31,1797,733,66,0.469697,0.970424,0.970991,0.063858,,,,,,,,GLOBAL_BASELINE_NO_ENTITY_RANKING,,,NOT_APPLICABLE_GLOBAL_BASELINE,HF9g-P5,,,,X 全窗基线 · 不参与实体赏罚,8395244,840,A168_HF9F_20260827_0900,2026-08-27 09:00:00
2026-05-30,150107794,1714,0,38.0212162588,23.1908412982,23.1908412982,0.8571429,11,7,0.43266194017872413,0.388922728571,2.266793113102455,2.541086052969494,2.266793113102455,0.04373921160772413,ELIGIBLE,R03b_20260811_FULL_v1,L1_ELIGIBILITY,v2026-08-11,2026-03-21..2026-08-06,baccarat_bet02_101_all_pairs_incl_sentinel,round_win = game_pnl > 0 (decisive only),COMPATIBILITY_ONLY_NOT_PRODUCTION,39187.2093,35396.6747,483.0410,8363,6242,-0.01232650,-0.05216444,-0.01154840,-0.01232650,-483.0410,39187.2093,OK,0.0000,19.3216,4.0000,96.0000,AG03-UNRESOLVED,ALL5_LEVELS_bet23_to_bet27,19.3216,19.3216,19.3216,0.0000,0.0000,4.000000,4.000000,4.000000,0.000000,0.000000,96.000000,96.000000,96.000000,100.000000,100.000000,5.0,57.9649,55.6772,425.0761,427.3638,PENDING_AG03,FALSE,NOT_FOR_ENFORCEMENT,463.7194,33980.8077,483.0410,463.7194,19.3216,0.01232650,0.01183344,19.3216,463.7194,0.01183344,19.3216,19.3216,19.3216,0.0000,0.0000,463.7194,0.01183344,57.9649,55.6772,425.0761,427.3638,0.01084732,0.0109057,0.00049306,4.6858,5.6707,0.0774,15.5820,0.2688,1264.1035,201.3548,4.5499,4.6885,2.0771,4.1543,6.1317,8.4025,10.5031,18.5864,3.9466,-2.0771,2.528253,4.474023,1.127938,29,192,48,6,0.01915741,0.01232650,0.05216444,0E-8,0.000000,0.903271,0.017936,-0.04061604,2026-05-16,2026-07-20,31,1797,733,66,0.469697,0.970424,0.970991,0.063858,,,,,,,,GLOBAL_BASELINE_NO_ENTITY_RANKING,,,NOT_APPLICABLE_GLOBAL_BASELINE,HF9g-P5,,,,X 全窗基线 · 不参与实体赏罚,8395245,840,A168_HF9F_20260827_0900,2026-08-27 09:00:00
2026-05-30,150107794,2078,0,8.4024787312,10.5030984141,10.5030984141,0.5000000,3,2,0.23195210000000000,0.197614775000,0.898119445472529,1.0739260998517046,0.898119445472529,0.03433732500000000,ELIGIBLE,R03b_20260811_FULL_v1,L1_ELIGIBILITY,v2026-08-11,2026-03-21..2026-08-06,baccarat_bet02_101_all_pairs_incl_sentinel,round_win = game_pnl > 0 (decisive only),COMPATIBILITY_ONLY_NOT_PRODUCTION,39187.2093,35396.6747,483.0410,8363,6242,-0.01232650,-0.05216444,-0.01154840,-0.01232650,-483.0410,39187.2093,OK,0.0000,19.3216,4.0000,96.0000,AG03-UNRESOLVED,ALL5_LEVELS_bet23_to_bet27,19.3216,19.3216,19.3216,0.0000,0.0000,4.000000,4.000000,4.000000,0.000000,0.000000,96.000000,96.000000,96.000000,100.000000,100.000000,5.0,57.9649,55.6772,425.0761,427.3638,PENDING_AG03,FALSE,NOT_FOR_ENFORCEMENT,463.7194,33980.8077,483.0410,463.7194,19.3216,0.01232650,0.01183344,19.3216,463.7194,0.01183344,19.3216,19.3216,19.3216,0.0000,0.0000,463.7194,0.01183344,57.9649,55.6772,425.0761,427.3638,0.01084732,0.0109057,0.00049306,4.6858,5.6707,0.0774,15.5820,0.2688,1264.1035,201.3548,4.5499,4.6885,2.0771,4.1543,6.1317,8.4025,10.5031,18.5864,3.9466,-2.0771,2.528253,4.474023,1.127938,29,192,48,6,0.01915741,0.01232650,0.05216444,0E-8,0.000000,0.903271,0.017936,-0.04061604,2026-05-16,2026-07-20,31,1797,733,66,0.469697,0.970424,0.970991,0.063858,,,,,,,,GLOBAL_BASELINE_NO_ENTITY_RANKING,,,NOT_APPLICABLE_GLOBAL_BASELINE,HF9g-P5,,,,X 全窗基线 · 不参与实体赏罚,8395246,840,A168_HF9F_20260827_0900,2026-08-27 09:00:00
2026-05-30,150107794,2088,0,6.3018590484,-6.3018590484,-6.3018590484,0E-7,2,2,0.49994810000000000,0.499948100000,-1.4140667746232096,-1.4140667746232096,-1.4140667746232096,0E-17,ELIGIBLE,R03b_20260811_FULL_v1,L1_ELIGIBILITY,v2026-08-11,2026-03-21..2026-08-06,baccarat_bet02_101_all_pairs_incl_sentinel,round_win = game_pnl > 0 (decisive only),COMPATIBILITY_ONLY_NOT_PRODUCTION,39187.2093,35396.6747,483.0410,8363,6242,-0.01232650,-0.05216444,-0.01154840,-0.01232650,-483.0410,39187.2093,OK,0.0000,19.3216,4.0000,96.0000,AG03-UNRESOLVED,ALL5_LEVELS_bet23_to_bet27,19.3216,19.3216,19.3216,0.0000,0.0000,4.000000,4.000000,4.000000,0.000000,0.000000,96.000000,96.000000,96.000000,100.000000,100.000000,5.0,57.9649,55.6772,425.0761,427.3638,PENDING_AG03,FALSE,NOT_FOR_ENFORCEMENT,463.7194,33980.8077,483.0410,463.7194,19.3216,0.01232650,0.01183344,19.3216,463.7194,0.01183344,19.3216,19.3216,19.3216,0.0000,0.0000,463.7194,0.01183344,57.9649,55.6772,425.0761,427.3638,0.01084732,0.0109057,0.00049306,4.6858,5.6707,0.0774,15.5820,0.2688,1264.1035,201.3548,4.5499,4.6885,2.0771,4.1543,6.1317,8.4025,10.5031,18.5864,3.9466,-2.0771,2.528253,4.474023,1.127938,29,192,48,6,0.01915741,0.01232650,0.05216444,0E-8,0.000000,0.903271,0.017936,-0.04061604,2026-05-16,2026-07-20,31,1797,733,66,0.469697,0.970424,0.970991,0.063858,,,,,,,,GLOBAL_BASELINE_NO_ENTITY_RANKING,,,NOT_APPLICABLE_GLOBAL_BASELINE,HF9g-P5,,,,X 全窗基线 · 不参与实体赏罚,8395247,840,A168_HF9F_20260827_0900,2026-08-27 09:00:00
2026-05-30,150107794,2101,0,10.5030984140,-10.5030984140,-10.5030984140,0E-7,2,1,0.42424112000000000,0.300626750000,-0.8583927835598563,-0.655630731788307,-0.8583927835598563,0.12361437000000000,ELIGIBLE,R03b_20260811_FULL_v1,L1_ELIGIBILITY,v2026-08-11,2026-03-21..2026-08-06,baccarat_bet02_101_all_pairs_incl_sentinel,round_win = game_pnl > 0 (decisive only),COMPATIBILITY_ONLY_NOT_PRODUCTION,39187.2093,35396.6747,483.0410,8363,6242,-0.01232650,-0.05216444,-0.01154840,-0.01232650,-483.0410,39187.2093,OK,0.0000,19.3216,4.0000,96.0000,AG03-UNRESOLVED,ALL5_LEVELS_bet23_to_bet27,19.3216,19.3216,19.3216,0.0000,0.0000,4.000000,4.000000,4.000000,0.000000,0.000000,96.000000,96.000000,96.000000,100.000000,100.000000,5.0,57.9649,55.6772,425.0761,427.3638,PENDING_AG03,FALSE,NOT_FOR_ENFORCEMENT,463.7194,33980.8077,483.0410,463.7194,19.3216,0.01232650,0.01183344,19.3216,463.7194,0.01183344,19.3216,19.3216,19.3216,0.0000,0.0000,463.7194,0.01183344,57.9649,55.6772,425.0761,427.3638,0.01084732,0.0109057,0.00049306,4.6858,5.6707,0.0774,15.5820,0.2688,1264.1035,201.3548,4.5499,4.6885,2.0771,4.1543,6.1317,8.4025,10.5031,18.5864,3.9466,-2.0771,2.528253,4.474023,1.127938,29,192,48,6,0.01915741,0.01232650,0.05216444,0E-8,0.000000,0.903271,0.017936,-0.04061604,2026-05-16,2026-07-20,31,1797,733,66,0.469697,0.970424,0.970991,0.063858,,,,,,,,GLOBAL_BASELINE_NO_ENTITY_RANKING,,,NOT_APPLICABLE_GLOBAL_BASELINE,HF9g-P5,,,,X 全窗基线 · 不参与实体赏罚,8395248,840,A168_HF9F_20260827_0900,2026-08-27 09:00:00
2026-05-30,150107794,2129,0,4.2012393656,-4.2012393656,-4.2012393656,0E-7,1,1,0.50665070000000000,0.506650700000,-1.013391052207602,-1.013391052207602,-1.013391052207602,0E-17,ELIGIBLE,R03b_20260811_FULL_v1,L1_ELIGIBILITY,v2026-08-11,2026-03-21..2026-08-06,baccarat_bet02_101_all_pairs_incl_sentinel,round_win = game_pnl > 0 (decisive only),COMPATIBILITY_ONLY_NOT_PRODUCTION,39187.2093,35396.6747,483.0410,8363,6242,-0.01232650,-0.05216444,-0.01154840,-0.01232650,-483.0410,39187.2093,OK,0.0000,19.3216,4.0000,96.0000,AG03-UNRESOLVED,ALL5_LEVELS_bet23_to_bet27,19.3216,19.3216,19.3216,0.0000,0.0000,4.000000,4.000000,4.000000,0.000000,0.000000,96.000000,96.000000,96.000000,100.000000,100.000000,5.0,57.9649,55.6772,425.0761,427.3638,PENDING_AG03,FALSE,NOT_FOR_ENFORCEMENT,463.7194,33980.8077,483.0410,463.7194,19.3216,0.01232650,0.01183344,19.3216,463.7194,0.01183344,19.3216,19.3216,19.3216,0.0000,0.0000,463.7194,0.01183344,57.9649,55.6772,425.0761,427.3638,0.01084732,0.0109057,0.00049306,4.6858,5.6707,0.0774,15.5820,0.2688,1264.1035,201.3548,4.5499,4.6885,2.0771,4.1543,6.1317,8.4025,10.5031,18.5864,3.9466,-2.0771,2.528253,4.474023,1.127938,29,192,48,6,0.01915741,0.01232650,0.05216444,0E-8,0.000000,0.903271,0.017936,-0.04061604,2026-05-16,2026-07-20,31,1797,733,66,0.469697,0.970424,0.970991,0.063858,,,,,,,,GLOBAL_BASELINE_NO_ENTITY_RANKING,,,NOT_APPLICABLE_GLOBAL_BASELINE,HF9g-P5,,,,X 全窗基线 · 不参与实体赏罚,8395249,840,A168_HF9F_20260827_0900,2026-08-27 09:00:00
2026-05-30,150107794,2134,0,23.1068165108,-10.8181913664,-10.8181913664,0.3333333,6,3,0.38921401666666667,0.298392550000,-0.19851053898537507,0.13226720629658262,-0.19851053898537507,0.09082146666666667,ELIGIBLE,R03b_20260811_FULL_v1,L1_ELIGIBILITY,v2026-08-11,2026-03-21..2026-08-06,baccarat_bet02_101_all_pairs_incl_sentinel,round_win = game_pnl > 0 (decisive only),COMPATIBILITY_ONLY_NOT_PRODUCTION,39187.2093,35396.6747,483.0410,8363,6242,-0.01232650,-0.05216444,-0.01154840,-0.01232650,-483.0410,39187.2093,OK,0.0000,19.3216,4.0000,96.0000,AG03-UNRESOLVED,ALL5_LEVELS_bet23_to_bet27,19.3216,19.3216,19.3216,0.0000,0.0000,4.000000,4.000000,4.000000,0.000000,0.000000,96.000000,96.000000,96.000000,100.000000,100.000000,5.0,57.9649,55.6772,425.0761,427.3638,PENDING_AG03,FALSE,NOT_FOR_ENFORCEMENT,463.7194,33980.8077,483.0410,463.7194,19.3216,0.01232650,0.01183344,19.3216,463.7194,0.01183344,19.3216,19.3216,19.3216,0.0000,0.0000,463.7194,0.01183344,57.9649,55.6772,425.0761,427.3638,0.01084732,0.0109057,0.00049306,4.6858,5.6707,0.0774,15.5820,0.2688,1264.1035,201.3548,4.5499,4.6885,2.0771,4.1543,6.1317,8.4025,10.5031,18.5864,3.9466,-2.0771,2.528253,4.474023,1.127938,29,192,48,6,0.01915741,0.01232650,0.05216444,0E-8,0.000000,0.903271,0.017936,-0.04061604,2026-05-16,2026-07-20,31,1797,733,66,0.469697,0.970424,0.970991,0.063858,,,,,,,,GLOBAL_BASELINE_NO_ENTITY_RANKING,,,NOT_APPLICABLE_GLOBAL_BASELINE,HF9g-P5,,,,X 全窗基线 · 不参与实体赏罚,8395250,840,A168_HF9F_20260827_0900,2026-08-27 09:00:00
2026-05-30,150107794,2156,0,17.2250813990,3.1509295241,3.1509295241,0.6666667,5,4,0.50162375000000000,0.501623750000,0.5717284489973589,0.5717284489973589,0.5717284489973589,0E-17,ELIGIBLE,R03b_20260811_FULL_v1,L1_ELIGIBILITY,v2026-08-11,2026-03-21..2026-08-06,baccarat_bet02_101_all_pairs_incl_sentinel,round_win = game_pnl > 0 (decisive only),COMPATIBILITY_ONLY_NOT_PRODUCTION,39187.2093,35396.6747,483.0410,8363,6242,-0.01232650,-0.05216444,-0.01154840,-0.01232650,-483.0410,39187.2093,OK,0.0000,19.3216,4.0000,96.0000,AG03-UNRESOLVED,ALL5_LEVELS_bet23_to_bet27,19.3216,19.3216,19.3216,0.0000,0.0000,4.000000,4.000000,4.000000,0.000000,0.000000,96.000000,96.000000,96.000000,100.000000,100.000000,5.0,57.9649,55.6772,425.0761,427.3638,PENDING_AG03,FALSE,NOT_FOR_ENFORCEMENT,463.7194,33980.8077,483.0410,463.7194,19.3216,0.01232650,0.01183344,19.3216,463.7194,0.01183344,19.3216,19.3216,19.3216,0.0000,0.0000,463.7194,0.01183344,57.9649,55.6772,425.0761,427.3638,0.01084732,0.0109057,0.00049306,4.6858,5.6707,0.0774,15.5820,0.2688,1264.1035,201.3548,4.5499,4.6885,2.0771,4.1543,6.1317,8.4025,10.5031,18.5864,3.9466,-2.0771,2.528253,4.474023,1.127938,29,192,48,6,0.01915741,0.01232650,0.05216444,0E-8,0.000000,0.903271,0.017936,-0.04061604,2026-05-16,2026-07-20,31,1797,733,66,0.469697,0.970424,0.970991,0.063858,,,,,,,,GLOBAL_BASELINE_NO_ENTITY_RANKING,,,NOT_APPLICABLE_GLOBAL_BASELINE,HF9g-P5,,,,X 全窗基线 · 不参与实体赏罚,8395251,840,A168_HF9F_20260827_0900,2026-08-27 09:00:00
2026-05-30,150107794,2169,0,25.2074361936,-12.6037180968,-12.6037180968,0.3333333,5,3,0.46778642000000000,0.429039250000,-0.46672882472817784,-0.3349251612454109,-0.46672882472817784,0.03874717000000000,ELIGIBLE,R03b_20260811_FULL_v1,L1_ELIGIBILITY,v2026-08-11,2026-03-21..2026-08-06,baccarat_bet02_101_all_pairs_incl_sentinel,round_win = game_pnl > 0 (decisive only),COMPATIBILITY_ONLY_NOT_PRODUCTION,39187.2093,35396.6747,483.0410,8363,6242,-0.01232650,-0.05216444,-0.01154840,-0.01232650,-483.0410,39187.2093,OK,0.0000,19.3216,4.0000,96.0000,AG03-UNRESOLVED,ALL5_LEVELS_bet23_to_bet27,19.3216,19.3216,19.3216,0.0000,0.0000,4.000000,4.000000,4.000000,0.000000,0.000000,96.000000,96.000000,96.000000,100.000000,100.000000,5.0,57.9649,55.6772,425.0761,427.3638,PENDING_AG03,FALSE,NOT_FOR_ENFORCEMENT,463.7194,33980.8077,483.0410,463.7194,19.3216,0.01232650,0.01183344,19.3216,463.7194,0.01183344,19.3216,19.3216,19.3216,0.0000,0.0000,463.7194,0.01183344,57.9649,55.6772,425.0761,427.3638,0.01084732,0.0109057,0.00049306,4.6858,5.6707,0.0774,15.5820,0.2688,1264.1035,201.3548,4.5499,4.6885,2.0771,4.1543,6.1317,8.4025,10.5031,18.5864,3.9466,-2.0771,2.528253,4.474023,1.127938,29,192,48,6,0.01915741,0.01232650,0.05216444,0E-8,0.000000,0.903271,0.017936,-0.04061604,2026-05-16,2026-07-20,31,1797,733,66,0.469697,0.970424,0.970991,0.063858,,,,,,,,GLOBAL_BASELINE_NO_ENTITY_RANKING,,,NOT_APPLICABLE_GLOBAL_BASELINE,HF9g-P5,,,,X 全窗基线 · 不参与实体赏罚,8395252,840,A168_HF9F_20260827_0900,2026-08-27 09:00:00
2026-05-30,150107794,2175,0,8.4024787312,-8.4024787312,-8.4024787312,0E-7,2,1,0.39358482500000000,0.293924150000,-0.8056272404023801,-0.6451964315166089,-0.8056272404023801,0.09966067500000000,ELIGIBLE,R03b_20260811_FULL_v1,L1_ELIGIBILITY,v2026-08-11,2026-03-21..2026-08-06,baccarat_bet02_101_all_pairs_incl_sentinel,round_win = game_pnl > 0 (decisive only),COMPATIBILITY_ONLY_NOT_PRODUCTION,39187.2093,35396.6747,483.0410,8363,6242,-0.01232650,-0.05216444,-0.01154840,-0.01232650,-483.0410,39187.2093,OK,0.0000,19.3216,4.0000,96.0000,AG03-UNRESOLVED,ALL5_LEVELS_bet23_to_bet27,19.3216,19.3216,19.3216,0.0000,0.0000,4.000000,4.000000,4.000000,0.000000,0.000000,96.000000,96.000000,96.000000,100.000000,100.000000,5.0,57.9649,55.6772,425.0761,427.3638,PENDING_AG03,FALSE,NOT_FOR_ENFORCEMENT,463.7194,33980.8077,483.0410,463.7194,19.3216,0.01232650,0.01183344,19.3216,463.7194,0.01183344,19.3216,19.3216,19.3216,0.0000,0.0000,463.7194,0.01183344,57.9649,55.6772,425.0761,427.3638,0.01084732,0.0109057,0.00049306,4.6858,5.6707,0.0774,15.5820,0.2688,1264.1035,201.3548,4.5499,4.6885,2.0771,4.1543,6.1317,8.4025,10.5031,18.5864,3.9466,-2.0771,2.528253,4.474023,1.127938,29,192,48,6,0.01915741,0.01232650,0.05216444,0E-8,0.000000,0.903271,0.017936,-0.04061604,2026-05-16,2026-07-20,31,1797,733,66,0.469697,0.970424,0.970991,0.063858,,,,,,,,GLOBAL_BASELINE_NO_ENTITY_RANKING,,,NOT_APPLICABLE_GLOBAL_BASELINE,HF9g-P5,,,,X 全窗基线 · 不参与实体赏罚,8395253,840,A168_HF9F_20260827_0900,2026-08-27 09:00:00
2026-05-30,150107794,2196,0,12.6037180968,-8.4024787312,-8.4024787312,0E-7,5,4,0.45011776250000000,0.450117762500,-1.5670716630782124,-1.5670716630782124,-1.5670716630782124,0E-17,ELIGIBLE,R03b_20260811_FULL_v1,L1_ELIGIBILITY,v2026-08-11,2026-03-21..2026-08-06,baccarat_bet02_101_all_pairs_incl_sentinel,round_win = game_pnl > 0 (decisive only),COMPATIBILITY_ONLY_NOT_PRODUCTION,39187.2093,35396.6747,483.0410,8363,6242,-0.01232650,-0.05216444,-0.01154840,-0.01232650,-483.0410,39187.2093,OK,0.0000,19.3216,4.0000,96.0000,AG03-UNRESOLVED,ALL5_LEVELS_bet23_to_bet27,19.3216,19.3216,19.3216,0.0000,0.0000,4.000000,4.000000,4.000000,0.000000,0.000000,96.000000,96.000000,96.000000,100.000000,100.000000,5.0,57.9649,55.6772,425.0761,427.3638,PENDING_AG03,FALSE,NOT_FOR_ENFORCEMENT,463.7194,33980.8077,483.0410,463.7194,19.3216,0.01232650,0.01183344,19.3216,463.7194,0.01183344,19.3216,19.3216,19.3216,0.0000,0.0000,463.7194,0.01183344,57.9649,55.6772,425.0761,427.3638,0.01084732,0.0109057,0.00049306,4.6858,5.6707,0.0774,15.5820,0.2688,1264.1035,201.3548,4.5499,4.6885,2.0771,4.1543,6.1317,8.4025,10.5031,18.5864,3.9466,-2.0771,2.528253,4.474023,1.127938,29,192,48,6,0.01915741,0.01232650,0.05216444,0E-8,0.000000,0.903271,0.017936,-0.04061604,2026-05-16,2026-07-20,31,1797,733,66,0.469697,0.970424,0.970991,0.063858,,,,,,,,GLOBAL_BASELINE_NO_ENTITY_RANKING,,,NOT_APPLICABLE_GLOBAL_BASELINE,HF9g-P5,,,,X 全窗基线 · 不参与实体赏罚,8395254,840,A168_HF9F_20260827_0900,2026-08-27 09:00:00
2026-05-30,150107794,2223,0,2.1006196828,-2.1006196828,-2.1006196828,0E-7,1,1,0.49324550000000000,0.493245500000,-0.9865810262130424,-0.9865810262130424,-0.9865810262130424,0E-17,ELIGIBLE,R03b_20260811_FULL_v1,L1_ELIGIBILITY,v2026-08-11,2026-03-21..2026-08-06,baccarat_bet02_101_all_pairs_incl_sentinel,round_win = game_pnl > 0 (decisive only),COMPATIBILITY_ONLY_NOT_PRODUCTION,39187.2093,35396.6747,483.0410,8363,6242,-0.01232650,-0.05216444,-0.01154840,-0.01232650,-483.0410,39187.2093,OK,0.0000,19.3216,4.0000,96.0000,AG03-UNRESOLVED,ALL5_LEVELS_bet23_to_bet27,19.3216,19.3216,19.3216,0.0000,0.0000,4.000000,4.000000,4.000000,0.000000,0.000000,96.000000,96.000000,96.000000,100.000000,100.000000,5.0,57.9649,55.6772,425.0761,427.3638,PENDING_AG03,FALSE,NOT_FOR_ENFORCEMENT,463.7194,33980.8077,483.0410,463.7194,19.3216,0.01232650,0.01183344,19.3216,463.7194,0.01183344,19.3216,19.3216,19.3216,0.0000,0.0000,463.7194,0.01183344,57.9649,55.6772,425.0761,427.3638,0.01084732,0.0109057,0.00049306,4.6858,5.6707,0.0774,15.5820,0.2688,1264.1035,201.3548,4.5499,4.6885,2.0771,4.1543,6.1317,8.4025,10.5031,18.5864,3.9466,-2.0771,2.528253,4.474023,1.127938,29,192,48,6,0.01915741,0.01232650,0.05216444,0E-8,0.000000,0.903271,0.017936,-0.04061604,2026-05-16,2026-07-20,31,1797,733,66,0.469697,0.970424,0.970991,0.063858,,,,,,,,GLOBAL_BASELINE_NO_ENTITY_RANKING,,,NOT_APPLICABLE_GLOBAL_BASELINE,HF9g-P5,,,,X 全窗基线 · 不参与实体赏罚,8395255,840,A168_HF9F_20260827_0900,2026-08-27 09:00:00
2026-05-30,150107794,2224,0,8.4024787312,-8.4024787312,-8.4024787312,0E-7,2,1,0.40363872500000000,0.300626750000,-0.8227003755306536,-0.655630731788307,-0.8227003755306536,0.10301197500000000,ELIGIBLE,R03b_20260811_FULL_v1,L1_ELIGIBILITY,v2026-08-11,2026-03-21..2026-08-06,baccarat_bet02_101_all_pairs_incl_sentinel,round_win = game_pnl > 0 (decisive only),COMPATIBILITY_ONLY_NOT_PRODUCTION,39187.2093,35396.6747,483.0410,8363,6242,-0.01232650,-0.05216444,-0.01154840,-0.01232650,-483.0410,39187.2093,OK,0.0000,19.3216,4.0000,96.0000,AG03-UNRESOLVED,ALL5_LEVELS_bet23_to_bet27,19.3216,19.3216,19.3216,0.0000,0.0000,4.000000,4.000000,4.000000,0.000000,0.000000,96.000000,96.000000,96.000000,100.000000,100.000000,5.0,57.9649,55.6772,425.0761,427.3638,PENDING_AG03,FALSE,NOT_FOR_ENFORCEMENT,463.7194,33980.8077,483.0410,463.7194,19.3216,0.01232650,0.01183344,19.3216,463.7194,0.01183344,19.3216,19.3216,19.3216,0.0000,0.0000,463.7194,0.01183344,57.9649,55.6772,425.0761,427.3638,0.01084732,0.0109057,0.00049306,4.6858,5.6707,0.0774,15.5820,0.2688,1264.1035,201.3548,4.5499,4.6885,2.0771,4.1543,6.1317,8.4025,10.5031,18.5864,3.9466,-2.0771,2.528253,4.474023,1.127938,29,192,48,6,0.01915741,0.01232650,0.05216444,0E-8,0.000000,0.903271,0.017936,-0.04061604,2026-05-16,2026-07-20,31,1797,733,66,0.469697,0.970424,0.970991,0.063858,,,,,,,,GLOBAL_BASELINE_NO_ENTITY_RANKING,,,NOT_APPLICABLE_GLOBAL_BASELINE,HF9g-P5,,,,X 全窗基线 · 不参与实体赏罚,8395256,840,A168_HF9F_20260827_0900,2026-08-27 09:00:00
2026-05-30,150107794,2241,0,21.0061968280,-16.8049574624,-16.8049574624,0E-7,6,4,0.43846140625000000,0.396936125000,-1.5305111876647641,-1.40520369538422,-1.5305111876647641,0.04152528125000000,ELIGIBLE,R03b_20260811_FULL_v1,L1_ELIGIBILITY,v2026-08-11,2026-03-21..2026-08-06,baccarat_bet02_101_all_pairs_incl_sentinel,round_win = game_pnl > 0 (decisive only),COMPATIBILITY_ONLY_NOT_PRODUCTION,39187.2093,35396.6747,483.0410,8363,6242,-0.01232650,-0.05216444,-0.01154840,-0.01232650,-483.0410,39187.2093,OK,0.0000,19.3216,4.0000,96.0000,AG03-UNRESOLVED,ALL5_LEVELS_bet23_to_bet27,19.3216,19.3216,19.3216,0.0000,0.0000,4.000000,4.000000,4.000000,0.000000,0.000000,96.000000,96.000000,96.000000,100.000000,100.000000,5.0,57.9649,55.6772,425.0761,427.3638,PENDING_AG03,FALSE,NOT_FOR_ENFORCEMENT,463.7194,33980.8077,483.0410,463.7194,19.3216,0.01232650,0.01183344,19.3216,463.7194,0.01183344,19.3216,19.3216,19.3216,0.0000,0.0000,463.7194,0.01183344,57.9649,55.6772,425.0761,427.3638,0.01084732,0.0109057,0.00049306,4.6858,5.6707,0.0774,15.5820,0.2688,1264.1035,201.3548,4.5499,4.6885,2.0771,4.1543,6.1317,8.4025,10.5031,18.5864,3.9466,-2.0771,2.528253,4.474023,1.127938,29,192,48,6,0.01915741,0.01232650,0.05216444,0E-8,0.000000,0.903271,0.017936,-0.04061604,2026-05-16,2026-07-20,31,1797,733,66,0.469697,0.970424,0.970991,0.063858,,,,,,,,GLOBAL_BASELINE_NO_ENTITY_RANKING,,,NOT_APPLICABLE_GLOBAL_BASELINE,HF9g-P5,,,,X 全窗基线 · 不参与实体赏罚,8395257,840,A168_HF9F_20260827_0900,2026-08-27 09:00:00
2026-05-30,150107794,2244,0,4.2012393656,-4.2012393656,-4.2012393656,0E-7,1,1,0.50665070000000000,0.506650700000,-1.013391052207602,-1.013391052207602,-1.013391052207602,0E-17,ELIGIBLE,R03b_20260811_FULL_v1,L1_ELIGIBILITY,v2026-08-11,2026-03-21..2026-08-06,baccarat_bet02_101_all_pairs_incl_sentinel,round_win = game_pnl > 0 (decisive only),COMPATIBILITY_ONLY_NOT_PRODUCTION,39187.2093,35396.6747,483.0410,8363,6242,-0.01232650,-0.05216444,-0.01154840,-0.01232650,-483.0410,39187.2093,OK,0.0000,19.3216,4.0000,96.0000,AG03-UNRESOLVED,ALL5_LEVELS_bet23_to_bet27,19.3216,19.3216,19.3216,0.0000,0.0000,4.000000,4.000000,4.000000,0.000000,0.000000,96.000000,96.000000,96.000000,100.000000,100.000000,5.0,57.9649,55.6772,425.0761,427.3638,PENDING_AG03,FALSE,NOT_FOR_ENFORCEMENT,463.7194,33980.8077,483.0410,463.7194,19.3216,0.01232650,0.01183344,19.3216,463.7194,0.01183344,19.3216,19.3216,19.3216,0.0000,0.0000,463.7194,0.01183344,57.9649,55.6772,425.0761,427.3638,0.01084732,0.0109057,0.00049306,4.6858,5.6707,0.0774,15.5820,0.2688,1264.1035,201.3548,4.5499,4.6885,2.0771,4.1543,6.1317,8.4025,10.5031,18.5864,3.9466,-2.0771,2.528253,4.474023,1.127938,29,192,48,6,0.01915741,0.01232650,0.05216444,0E-8,0.000000,0.903271,0.017936,-0.04061604,2026-05-16,2026-07-20,31,1797,733,66,0.469697,0.970424,0.970991,0.063858,,,,,,,,GLOBAL_BASELINE_NO_ENTITY_RANKING,,,NOT_APPLICABLE_GLOBAL_BASELINE,HF9g-P5,,,,X 全窗基线 · 不参与实体赏罚,8395258,840,A168_HF9F_20260827_0900,2026-08-27 09:00:00
2026-05-30,150107794,2267,0,18.6955151770,-7.1736162168,-7.1736162168,0.4000000,6,6,0.50218230000000000,0.502182300000,-0.4569774904649096,-0.4569774904649096,-0.4569774904649096,0E-17,ELIGIBLE,R03b_20260811_FULL_v1,L1_ELIGIBILITY,v2026-08-11,2026-03-21..2026-08-06,baccarat_bet02_101_all_pairs_incl_sentinel,round_win = game_pnl > 0 (decisive only),COMPATIBILITY_ONLY_NOT_PRODUCTION,39187.2093,35396.6747,483.0410,8363,6242,-0.01232650,-0.05216444,-0.01154840,-0.01232650,-483.0410,39187.2093,OK,0.0000,19.3216,4.0000,96.0000,AG03-UNRESOLVED,ALL5_LEVELS_bet23_to_bet27,19.3216,19.3216,19.3216,0.0000,0.0000,4.000000,4.000000,4.000000,0.000000,0.000000,96.000000,96.000000,96.000000,100.000000,100.000000,5.0,57.9649,55.6772,425.0761,427.3638,PENDING_AG03,FALSE,NOT_FOR_ENFORCEMENT,463.7194,33980.8077,483.0410,463.7194,19.3216,0.01232650,0.01183344,19.3216,463.7194,0.01183344,19.3216,19.3216,19.3216,0.0000,0.0000,463.7194,0.01183344,57.9649,55.6772,425.0761,427.3638,0.01084732,0.0109057,0.00049306,4.6858,5.6707,0.0774,15.5820,0.2688,1264.1035,201.3548,4.5499,4.6885,2.0771,4.1543,6.1317,8.4025,10.5031,18.5864,3.9466,-2.0771,2.528253,4.474023,1.127938,29,192,48,6,0.01915741,0.01232650,0.05216444,0E-8,0.000000,0.903271,0.017936,-0.04061604,2026-05-16,2026-07-20,31,1797,733,66,0.469697,0.970424,0.970991,0.063858,,,,,,,,GLOBAL_BASELINE_NO_ENTITY_RANKING,,,NOT_APPLICABLE_GLOBAL_BASELINE,HF9g-P5,,,,X 全窗基线 · 不参与实体赏罚,8395259,840,A168_HF9F_20260827_0900,2026-08-27 09:00:00
2026-05-30,150107794,2271,0,4.2012393656,-0.1050309841,-0.1050309841,0.5000000,2,2,0.49994810000000000,0.499948100000,0.00014679536856514622,0.00014679536856514622,0.00014679536856514622,0E-17,ELIGIBLE,R03b_20260811_FULL_v1,L1_ELIGIBILITY,v2026-08-11,2026-03-21..2026-08-06,baccarat_bet02_101_all_pairs_incl_sentinel,round_win = game_pnl > 0 (decisive only),COMPATIBILITY_ONLY_NOT_PRODUCTION,39187.2093,35396.6747,483.0410,8363,6242,-0.01232650,-0.05216444,-0.01154840,-0.01232650,-483.0410,39187.2093,OK,0.0000,19.3216,4.0000,96.0000,AG03-UNRESOLVED,ALL5_LEVELS_bet23_to_bet27,19.3216,19.3216,19.3216,0.0000,0.0000,4.000000,4.000000,4.000000,0.000000,0.000000,96.000000,96.000000,96.000000,100.000000,100.000000,5.0,57.9649,55.6772,425.0761,427.3638,PENDING_AG03,FALSE,NOT_FOR_ENFORCEMENT,463.7194,33980.8077,483.0410,463.7194,19.3216,0.01232650,0.01183344,19.3216,463.7194,0.01183344,19.3216,19.3216,19.3216,0.0000,0.0000,463.7194,0.01183344,57.9649,55.6772,425.0761,427.3638,0.01084732,0.0109057,0.00049306,4.6858,5.6707,0.0774,15.5820,0.2688,1264.1035,201.3548,4.5499,4.6885,2.0771,4.1543,6.1317,8.4025,10.5031,18.5864,3.9466,-2.0771,2.528253,4.474023,1.127938,29,192,48,6,0.01915741,0.01232650,0.05216444,0E-8,0.000000,0.903271,0.017936,-0.04061604,2026-05-16,2026-07-20,31,1797,733,66,0.469697,0.970424,0.970991,0.063858,,,,,,,,GLOBAL_BASELINE_NO_ENTITY_RANKING,,,NOT_APPLICABLE_GLOBAL_BASELINE,HF9g-P5,,,,X 全窗基线 · 不参与实体赏罚,8395260,840,A168_HF9F_20260827_0900,2026-08-27 09:00:00
2026-05-30,150107794,550,0,6.3018590484,-6.3018590484,-6.3018590484,0E-7,2,2,0.49324550000000000,0.493245500000,-1.3952362676504506,-1.3952362676504506,-1.3952362676504506,0E-17,ELIGIBLE,R03b_20260811_FULL_v1,L1_ELIGIBILITY,v2026-08-11,2026-03-21..2026-08-06,baccarat_bet02_101_all_pairs_incl_sentinel,round_win = game_pnl > 0 (decisive only),COMPATIBILITY_ONLY_NOT_PRODUCTION,39187.2093,35396.6747,483.0410,8363,6242,-0.01232650,-0.05216444,-0.01154840,-0.01232650,-483.0410,39187.2093,OK,0.0000,19.3216,4.0000,96.0000,AG03-UNRESOLVED,ALL5_LEVELS_bet23_to_bet27,19.3216,19.3216,19.3216,0.0000,0.0000,4.000000,4.000000,4.000000,0.000000,0.000000,96.000000,96.000000,96.000000,100.000000,100.000000,5.0,57.9649,55.6772,425.0761,427.3638,PENDING_AG03,FALSE,NOT_FOR_ENFORCEMENT,463.7194,33980.8077,483.0410,463.7194,19.3216,0.01232650,0.01183344,19.3216,463.7194,0.01183344,19.3216,19.3216,19.3216,0.0000,0.0000,463.7194,0.01183344,57.9649,55.6772,425.0761,427.3638,0.01084732,0.0109057,0.00049306,4.6858,5.6707,0.0774,15.5820,0.2688,1264.1035,201.3548,4.5499,4.6885,2.0771,4.1543,6.1317,8.4025,10.5031,18.5864,3.9466,-2.0771,2.528253,4.474023,1.127938,29,192,48,6,0.01915741,0.01232650,0.05216444,0E-8,0.000000,0.903271,0.017936,-0.04061604,2026-05-16,2026-07-20,31,1797,733,66,0.469697,0.970424,0.970991,0.063858,,,,,,,,GLOBAL_BASELINE_NO_ENTITY_RANKING,,,NOT_APPLICABLE_GLOBAL_BASELINE,HF9g-P5,,,,X 全窗基线 · 不参与实体赏罚,8395261,840,A168_HF9F_20260827_0900,2026-08-27 09:00:00
2026-05-30,150107794,763,0,10.5030984140,-10.5030984140,-10.5030984140,0E-7,2,2,0.50665070000000000,0.506650700000,-1.4331513700195317,-1.4331513700195317,-1.4331513700195317,0E-17,ELIGIBLE,R03b_20260811_FULL_v1,L1_ELIGIBILITY,v2026-08-11,2026-03-21..2026-08-06,baccarat_bet02_101_all_pairs_incl_sentinel,round_win = game_pnl > 0 (decisive only),COMPATIBILITY_ONLY_NOT_PRODUCTION,39187.2093,35396.6747,483.0410,8363,6242,-0.01232650,-0.05216444,-0.01154840,-0.01232650,-483.0410,39187.2093,OK,0.0000,19.3216,4.0000,96.0000,AG03-UNRESOLVED,ALL5_LEVELS_bet23_to_bet27,19.3216,19.3216,19.3216,0.0000,0.0000,4.000000,4.000000,4.000000,0.000000,0.000000,96.000000,96.000000,96.000000,100.000000,100.000000,5.0,57.9649,55.6772,425.0761,427.3638,PENDING_AG03,FALSE,NOT_FOR_ENFORCEMENT,463.7194,33980.8077,483.0410,463.7194,19.3216,0.01232650,0.01183344,19.3216,463.7194,0.01183344,19.3216,19.3216,19.3216,0.0000,0.0000,463.7194,0.01183344,57.9649,55.6772,425.0761,427.3638,0.01084732,0.0109057,0.00049306,4.6858,5.6707,0.0774,15.5820,0.2688,1264.1035,201.3548,4.5499,4.6885,2.0771,4.1543,6.1317,8.4025,10.5031,18.5864,3.9466,-2.0771,2.528253,4.474023,1.127938,29,192,48,6,0.01915741,0.01232650,0.05216444,0E-8,0.000000,0.903271,0.017936,-0.04061604,2026-05-16,2026-07-20,31,1797,733,66,0.469697,0.970424,0.970991,0.063858,,,,,,,,GLOBAL_BASELINE_NO_ENTITY_RANKING,,,NOT_APPLICABLE_GLOBAL_BASELINE,HF9g-P5,,,,X 全窗基线 · 不参与实体赏罚,8395262,840,A168_HF9F_20260827_0900,2026-08-27 09:00:00
2026-06-01,150107794,-1,1,67.5072180799,-50.8900567063,-50.8900567063,0.1250000,22,18,0.46294146895417210,0.454537366667,-2.7109881943705036,-2.6472646482012108,-2.7109881943705036,0.00840410228717210,SENTINEL_DEALER,R03b_20260811_FULL_v1,L1_ELIGIBILITY,v2026-08-11,2026-03-21..2026-08-06,baccarat_bet02_101_all_pairs_incl_sentinel,round_win = game_pnl > 0 (decisive only),COMPATIBILITY_ONLY_NOT_PRODUCTION,39187.2093,35396.6747,483.0410,8363,6242,-0.01232650,-0.05216444,-0.01154840,-0.01232650,-483.0410,39187.2093,OK,0.0000,19.3216,4.0000,96.0000,AG03-UNRESOLVED,ALL5_LEVELS_bet23_to_bet27,19.3216,19.3216,19.3216,0.0000,0.0000,4.000000,4.000000,4.000000,0.000000,0.000000,96.000000,96.000000,96.000000,100.000000,100.000000,5.0,57.9649,55.6772,425.0761,427.3638,PENDING_AG03,FALSE,NOT_FOR_ENFORCEMENT,463.7194,33980.8077,483.0410,463.7194,19.3216,0.01232650,0.01183344,19.3216,463.7194,0.01183344,19.3216,19.3216,19.3216,0.0000,0.0000,463.7194,0.01183344,57.9649,55.6772,425.0761,427.3638,0.01084732,0.0109057,0.00049306,4.6858,5.6707,0.0774,15.5820,0.2688,1264.1035,201.3548,4.5499,4.6885,2.0771,4.1543,6.1317,8.4025,10.5031,18.5864,3.9466,-2.0771,2.528253,4.474023,1.127938,29,192,48,6,0.01915741,0.01232650,0.05216444,0E-8,0.000000,0.903271,0.017936,-0.04061604,2026-05-16,2026-07-20,31,1797,733,66,0.469697,0.970424,0.970991,0.063858,,,,,,,,GLOBAL_BASELINE_NO_ENTITY_RANKING,,,NOT_APPLICABLE_GLOBAL_BASELINE,HF9g-P5,,,,X 全窗基线 · 不参与实体赏罚,8395263,840,A168_HF9F_20260827_0900,2026-08-27 09:00:00
2026-06-01,150107794,1210,0,28.6646033693,-20.5637371997,-20.5637371997,0.2000000,8,5,0.41602364879401989,0.377674250000,-0.9800080882479382,-0.819486719286187,-0.9800080882479382,0.03834939879401989,ELIGIBLE,R03b_20260811_FULL_v1,L1_ELIGIBILITY,v2026-08-11,2026-03-21..2026-08-06,baccarat_bet02_101_all_pairs_incl_sentinel,round_win = game_pnl > 0 (decisive only),COMPATIBILITY_ONLY_NOT_PRODUCTION,39187.2093,35396.6747,483.0410,8363,6242,-0.01232650,-0.05216444,-0.01154840,-0.01232650,-483.0410,39187.2093,OK,0.0000,19.3216,4.0000,96.0000,AG03-UNRESOLVED,ALL5_LEVELS_bet23_to_bet27,19.3216,19.3216,19.3216,0.0000,0.0000,4.000000,4.000000,4.000000,0.000000,0.000000,96.000000,96.000000,96.000000,100.000000,100.000000,5.0,57.9649,55.6772,425.0761,427.3638,PENDING_AG03,FALSE,NOT_FOR_ENFORCEMENT,463.7194,33980.8077,483.0410,463.7194,19.3216,0.01232650,0.01183344,19.3216,463.7194,0.01183344,19.3216,19.3216,19.3216,0.0000,0.0000,463.7194,0.01183344,57.9649,55.6772,425.0761,427.3638,0.01084732,0.0109057,0.00049306,4.6858,5.6707,0.0774,15.5820,0.2688,1264.1035,201.3548,4.5499,4.6885,2.0771,4.1543,6.1317,8.4025,10.5031,18.5864,3.9466,-2.0771,2.528253,4.474023,1.127938,29,192,48,6,0.01915741,0.01232650,0.05216444,0E-8,0.000000,0.903271,0.017936,-0.04061604,2026-05-16,2026-07-20,31,1797,733,66,0.469697,0.970424,0.970991,0.063858,,,,,,,,GLOBAL_BASELINE_NO_ENTITY_RANKING,,,NOT_APPLICABLE_GLOBAL_BASELINE,HF9g-P5,,,,X 全窗基线 · 不参与实体赏罚,8395264,840,A168_HF9F_20260827_0900,2026-08-27 09:00:00
2026-06-01,150107794,1318,0,13.2937290988,3.1157177576,3.1157177576,0.6666667,3,3,0.50218230000000000,0.502182300000,0.5697959874915163,0.5697959874915164,0.5697959874915163,0E-17,ELIGIBLE,R03b_20260811_FULL_v1,L1_ELIGIBILITY,v2026-08-11,2026-03-21..2026-08-06,baccarat_bet02_101_all_pairs_incl_sentinel,round_win = game_pnl > 0 (decisive only),COMPATIBILITY_ONLY_NOT_PRODUCTION,39187.2093,35396.6747,483.0410,8363,6242,-0.01232650,-0.05216444,-0.01154840,-0.01232650,-483.0410,39187.2093,OK,0.0000,19.3216,4.0000,96.0000,AG03-UNRESOLVED,ALL5_LEVELS_bet23_to_bet27,19.3216,19.3216,19.3216,0.0000,0.0000,4.000000,4.000000,4.000000,0.000000,0.000000,96.000000,96.000000,96.000000,100.000000,100.000000,5.0,57.9649,55.6772,425.0761,427.3638,PENDING_AG03,FALSE,NOT_FOR_ENFORCEMENT,463.7194,33980.8077,483.0410,463.7194,19.3216,0.01232650,0.01183344,19.3216,463.7194,0.01183344,19.3216,19.3216,19.3216,0.0000,0.0000,463.7194,0.01183344,57.9649,55.6772,425.0761,427.3638,0.01084732,0.0109057,0.00049306,4.6858,5.6707,0.0774,15.5820,0.2688,1264.1035,201.3548,4.5499,4.6885,2.0771,4.1543,6.1317,8.4025,10.5031,18.5864,3.9466,-2.0771,2.528253,4.474023,1.127938,29,192,48,6,0.01915741,0.01232650,0.05216444,0E-8,0.000000,0.903271,0.017936,-0.04061604,2026-05-16,2026-07-20,31,1797,733,66,0.469697,0.970424,0.970991,0.063858,,,,,,,,GLOBAL_BASELINE_NO_ENTITY_RANKING,,,NOT_APPLICABLE_GLOBAL_BASELINE,HF9g-P5,,,,X 全窗基线 · 不参与实体赏罚,8395265,840,A168_HF9F_20260827_0900,2026-08-27 09:00:00
2026-06-01,150107794,1331,0,6.2314355151,-6.2314355151,-6.2314355151,0E-7,2,2,0.49994810000000000,0.499948100000,-1.4140667746232096,-1.4140667746232096,-1.4140667746232096,0E-17,ELIGIBLE,R03b_20260811_FULL_v1,L1_ELIGIBILITY,v2026-08-11,2026-03-21..2026-08-06,baccarat_bet02_101_all_pairs_incl_sentinel,round_win = game_pnl > 0 (decisive only),COMPATIBILITY_ONLY_NOT_PRODUCTION,39187.2093,35396.6747,483.0410,8363,6242,-0.01232650,-0.05216444,-0.01154840,-0.01232650,-483.0410,39187.2093,OK,0.0000,19.3216,4.0000,96.0000,AG03-UNRESOLVED,ALL5_LEVELS_bet23_to_bet27,19.3216,19.3216,19.3216,0.0000,0.0000,4.000000,4.000000,4.000000,0.000000,0.000000,96.000000,96.000000,96.000000,100.000000,100.000000,5.0,57.9649,55.6772,425.0761,427.3638,PENDING_AG03,FALSE,NOT_FOR_ENFORCEMENT,463.7194,33980.8077,483.0410,463.7194,19.3216,0.01232650,0.01183344,19.3216,463.7194,0.01183344,19.3216,19.3216,19.3216,0.0000,0.0000,463.7194,0.01183344,57.9649,55.6772,425.0761,427.3638,0.01084732,0.0109057,0.00049306,4.6858,5.6707,0.0774,15.5820,0.2688,1264.1035,201.3548,4.5499,4.6885,2.0771,4.1543,6.1317,8.4025,10.5031,18.5864,3.9466,-2.0771,2.528253,4.474023,1.127938,29,192,48,6,0.01915741,0.01232650,0.05216444,0E-8,0.000000,0.903271,0.017936,-0.04061604,2026-05-16,2026-07-20,31,1797,733,66,0.469697,0.970424,0.970991,0.063858,,,,,,,,GLOBAL_BASELINE_NO_ENTITY_RANKING,,,NOT_APPLICABLE_GLOBAL_BASELINE,HF9g-P5,,,,X 全窗基线 · 不参与实体赏罚,8395266,840,A168_HF9F_20260827_0900,2026-08-27 09:00:00
2026-06-01,150107794,1400,0,2.0771451717,2.0771451717,2.0771451717,1.0000000,1,1,0.49324550000000000,0.493245500000,1.01360149184955,1.01360149184955,1.01360149184955,0E-17,ELIGIBLE,R03b_20260811_FULL_v1,L1_ELIGIBILITY,v2026-08-11,2026-03-21..2026-08-06,baccarat_bet02_101_all_pairs_incl_sentinel,round_win = game_pnl > 0 (decisive only),COMPATIBILITY_ONLY_NOT_PRODUCTION,39187.2093,35396.6747,483.0410,8363,6242,-0.01232650,-0.05216444,-0.01154840,-0.01232650,-483.0410,39187.2093,OK,0.0000,19.3216,4.0000,96.0000,AG03-UNRESOLVED,ALL5_LEVELS_bet23_to_bet27,19.3216,19.3216,19.3216,0.0000,0.0000,4.000000,4.000000,4.000000,0.000000,0.000000,96.000000,96.000000,96.000000,100.000000,100.000000,5.0,57.9649,55.6772,425.0761,427.3638,PENDING_AG03,FALSE,NOT_FOR_ENFORCEMENT,463.7194,33980.8077,483.0410,463.7194,19.3216,0.01232650,0.01183344,19.3216,463.7194,0.01183344,19.3216,19.3216,19.3216,0.0000,0.0000,463.7194,0.01183344,57.9649,55.6772,425.0761,427.3638,0.01084732,0.0109057,0.00049306,4.6858,5.6707,0.0774,15.5820,0.2688,1264.1035,201.3548,4.5499,4.6885,2.0771,4.1543,6.1317,8.4025,10.5031,18.5864,3.9466,-2.0771,2.528253,4.474023,1.127938,29,192,48,6,0.01915741,0.01232650,0.05216444,0E-8,0.000000,0.903271,0.017936,-0.04061604,2026-05-16,2026-07-20,31,1797,733,66,0.469697,0.970424,0.970991,0.063858,,,,,,,,GLOBAL_BASELINE_NO_ENTITY_RANKING,,,NOT_APPLICABLE_GLOBAL_BASELINE,HF9g-P5,,,,X 全窗基线 · 不参与实体赏罚,8395267,840,A168_HF9F_20260827_0900,2026-08-27 09:00:00
2026-06-01,150107794,1485,0,13.0860145817,3.2195750161,3.2195750161,0.7500000,4,4,0.50329940000000000,0.503299400000,0.9868238854431842,0.9868238854431842,0.9868238854431842,0E-17,ELIGIBLE,R03b_20260811_FULL_v1,L1_ELIGIBILITY,v2026-08-11,2026-03-21..2026-08-06,baccarat_bet02_101_all_pairs_incl_sentinel,round_win = game_pnl > 0 (decisive only),COMPATIBILITY_ONLY_NOT_PRODUCTION,39187.2093,35396.6747,483.0410,8363,6242,-0.01232650,-0.05216444,-0.01154840,-0.01232650,-483.0410,39187.2093,OK,0.0000,19.3216,4.0000,96.0000,AG03-UNRESOLVED,ALL5_LEVELS_bet23_to_bet27,19.3216,19.3216,19.3216,0.0000,0.0000,4.000000,4.000000,4.000000,0.000000,0.000000,96.000000,96.000000,96.000000,100.000000,100.000000,5.0,57.9649,55.6772,425.0761,427.3638,PENDING_AG03,FALSE,NOT_FOR_ENFORCEMENT,463.7194,33980.8077,483.0410,463.7194,19.3216,0.01232650,0.01183344,19.3216,463.7194,0.01183344,19.3216,19.3216,19.3216,0.0000,0.0000,463.7194,0.01183344,57.9649,55.6772,425.0761,427.3638,0.01084732,0.0109057,0.00049306,4.6858,5.6707,0.0774,15.5820,0.2688,1264.1035,201.3548,4.5499,4.6885,2.0771,4.1543,6.1317,8.4025,10.5031,18.5864,3.9466,-2.0771,2.528253,4.474023,1.127938,29,192,48,6,0.01915741,0.01232650,0.05216444,0E-8,0.000000,0.903271,0.017936,-0.04061604,2026-05-16,2026-07-20,31,1797,733,66,0.469697,0.970424,0.970991,0.063858,,,,,,,,GLOBAL_BASELINE_NO_ENTITY_RANKING,,,NOT_APPLICABLE_GLOBAL_BASELINE,HF9g-P5,,,,X 全窗基线 · 不参与实体赏罚,8395268,840,A168_HF9F_20260827_0900,2026-08-27 09:00:00
2026-06-01,150107794,1505,0,8.1008661696,0E-10,0E-10,0.5000000,2,2,0.49994810000000000,0.499948100000,0.00014679536856514622,0.00014679536856514622,0.00014679536856514622,0E-17,ELIGIBLE,R03b_20260811_FULL_v1,L1_ELIGIBILITY,v2026-08-11,2026-03-21..2026-08-06,baccarat_bet02_101_all_pairs_incl_sentinel,round_win = game_pnl > 0 (decisive only),COMPATIBILITY_ONLY_NOT_PRODUCTION,39187.2093,35396.6747,483.0410,8363,6242,-0.01232650,-0.05216444,-0.01154840,-0.01232650,-483.0410,39187.2093,OK,0.0000,19.3216,4.0000,96.0000,AG03-UNRESOLVED,ALL5_LEVELS_bet23_to_bet27,19.3216,19.3216,19.3216,0.0000,0.0000,4.000000,4.000000,4.000000,0.000000,0.000000,96.000000,96.000000,96.000000,100.000000,100.000000,5.0,57.9649,55.6772,425.0761,427.3638,PENDING_AG03,FALSE,NOT_FOR_ENFORCEMENT,463.7194,33980.8077,483.0410,463.7194,19.3216,0.01232650,0.01183344,19.3216,463.7194,0.01183344,19.3216,19.3216,19.3216,0.0000,0.0000,463.7194,0.01183344,57.9649,55.6772,425.0761,427.3638,0.01084732,0.0109057,0.00049306,4.6858,5.6707,0.0774,15.5820,0.2688,1264.1035,201.3548,4.5499,4.6885,2.0771,4.1543,6.1317,8.4025,10.5031,18.5864,3.9466,-2.0771,2.528253,4.474023,1.127938,29,192,48,6,0.01915741,0.01232650,0.05216444,0E-8,0.000000,0.903271,0.017936,-0.04061604,2026-05-16,2026-07-20,31,1797,733,66,0.469697,0.970424,0.970991,0.063858,,,,,,,,GLOBAL_BASELINE_NO_ENTITY_RANKING,,,NOT_APPLICABLE_GLOBAL_BASELINE,HF9g-P5,,,,X 全窗基线 · 不参与实体赏罚,8395269,840,A168_HF9F_20260827_0900,2026-08-27 09:00:00
2026-06-01,150107794,1994,0,29.7031759550,-6.3145213219,-6.3145213219,0.4000000,8,6,0.45874616625625857,0.435741850000,-0.26361967210627363,-0.1611790060434674,-0.26361967210627363,0.02300431625625857,ELIGIBLE,R03b_20260811_FULL_v1,L1_ELIGIBILITY,v2026-08-11,2026-03-21..2026-08-06,baccarat_bet02_101_all_pairs_incl_sentinel,round_win = game_pnl > 0 (decisive only),COMPATIBILITY_ONLY_NOT_PRODUCTION,39187.2093,35396.6747,483.0410,8363,6242,-0.01232650,-0.05216444,-0.01154840,-0.01232650,-483.0410,39187.2093,OK,0.0000,19.3216,4.0000,96.0000,AG03-UNRESOLVED,ALL5_LEVELS_bet23_to_bet27,19.3216,19.3216,19.3216,0.0000,0.0000,4.000000,4.000000,4.000000,0.000000,0.000000,96.000000,96.000000,96.000000,100.000000,100.000000,5.0,57.9649,55.6772,425.0761,427.3638,PENDING_AG03,FALSE,NOT_FOR_ENFORCEMENT,463.7194,33980.8077,483.0410,463.7194,19.3216,0.01232650,0.01183344,19.3216,463.7194,0.01183344,19.3216,19.3216,19.3216,0.0000,0.0000,463.7194,0.01183344,57.9649,55.6772,425.0761,427.3638,0.01084732,0.0109057,0.00049306,4.6858,5.6707,0.0774,15.5820,0.2688,1264.1035,201.3548,4.5499,4.6885,2.0771,4.1543,6.1317,8.4025,10.5031,18.5864,3.9466,-2.0771,2.528253,4.474023,1.127938,29,192,48,6,0.01915741,0.01232650,0.05216444,0E-8,0.000000,0.903271,0.017936,-0.04061604,2026-05-16,2026-07-20,31,1797,733,66,0.469697,0.970424,0.970991,0.063858,,,,,,,,GLOBAL_BASELINE_NO_ENTITY_RANKING,,,NOT_APPLICABLE_GLOBAL_BASELINE,HF9g-P5,,,,X 全窗基线 · 不参与实体赏罚,8395270,840,A168_HF9F_20260827_0900,2026-08-27 09:00:00
2026-06-01,150107794,2073,0,14.5400162018,10.1883970671,10.1883970671,1.0000000,4,4,0.50329940000000000,0.503299400000,1.7206588134302945,1.7206588134302945,1.7206588134302945,0E-17,ELIGIBLE,R03b_20260811_FULL_v1,L1_ELIGIBILITY,v2026-08-11,2026-03-21..2026-08-06,baccarat_bet02_101_all_pairs_incl_sentinel,round_win = game_pnl > 0 (decisive only),COMPATIBILITY_ONLY_NOT_PRODUCTION,39187.2093,35396.6747,483.0410,8363,6242,-0.01232650,-0.05216444,-0.01154840,-0.01232650,-483.0410,39187.2093,OK,0.0000,19.3216,4.0000,96.0000,AG03-UNRESOLVED,ALL5_LEVELS_bet23_to_bet27,19.3216,19.3216,19.3216,0.0000,0.0000,4.000000,4.000000,4.000000,0.000000,0.000000,96.000000,96.000000,96.000000,100.000000,100.000000,5.0,57.9649,55.6772,425.0761,427.3638,PENDING_AG03,FALSE,NOT_FOR_ENFORCEMENT,463.7194,33980.8077,483.0410,463.7194,19.3216,0.01232650,0.01183344,19.3216,463.7194,0.01183344,19.3216,19.3216,19.3216,0.0000,0.0000,463.7194,0.01183344,57.9649,55.6772,425.0761,427.3638,0.01084732,0.0109057,0.00049306,4.6858,5.6707,0.0774,15.5820,0.2688,1264.1035,201.3548,4.5499,4.6885,2.0771,4.1543,6.1317,8.4025,10.5031,18.5864,3.9466,-2.0771,2.528253,4.474023,1.127938,29,192,48,6,0.01915741,0.01232650,0.05216444,0E-8,0.000000,0.903271,0.017936,-0.04061604,2026-05-16,2026-07-20,31,1797,733,66,0.469697,0.970424,0.970991,0.063858,,,,,,,,GLOBAL_BASELINE_NO_ENTITY_RANKING,,,NOT_APPLICABLE_GLOBAL_BASELINE,HF9g-P5,,,,X 全窗基线 · 不参与实体赏罚,8395271,840,A168_HF9F_20260827_0900,2026-08-27 09:00:00
2026-06-01,150107794,2156,0,23.6794549572,0.8827866979,0.8827866979,0.5000000,6,6,0.49771390000000000,0.497713900000,0.011199674067230152,0.011199674067230152,0.011199674067230152,0E-17,ELIGIBLE,R03b_20260811_FULL_v1,L1_ELIGIBILITY,v2026-08-11,2026-03-21..2026-08-06,baccarat_bet02_101_all_pairs_incl_sentinel,round_win = game_pnl > 0 (decisive only),COMPATIBILITY_ONLY_NOT_PRODUCTION,39187.2093,35396.6747,483.0410,8363,6242,-0.01232650,-0.05216444,-0.01154840,-0.01232650,-483.0410,39187.2093,OK,0.0000,19.3216,4.0000,96.0000,AG03-UNRESOLVED,ALL5_LEVELS_bet23_to_bet27,19.3216,19.3216,19.3216,0.0000,0.0000,4.000000,4.000000,4.000000,0.000000,0.000000,96.000000,96.000000,96.000000,100.000000,100.000000,5.0,57.9649,55.6772,425.0761,427.3638,PENDING_AG03,FALSE,NOT_FOR_ENFORCEMENT,463.7194,33980.8077,483.0410,463.7194,19.3216,0.01232650,0.01183344,19.3216,463.7194,0.01183344,19.3216,19.3216,19.3216,0.0000,0.0000,463.7194,0.01183344,57.9649,55.6772,425.0761,427.3638,0.01084732,0.0109057,0.00049306,4.6858,5.6707,0.0774,15.5820,0.2688,1264.1035,201.3548,4.5499,4.6885,2.0771,4.1543,6.1317,8.4025,10.5031,18.5864,3.9466,-2.0771,2.528253,4.474023,1.127938,29,192,48,6,0.01915741,0.01232650,0.05216444,0E-8,0.000000,0.903271,0.017936,-0.04061604,2026-05-16,2026-07-20,31,1797,733,66,0.469697,0.970424,0.970991,0.063858,,,,,,,,GLOBAL_BASELINE_NO_ENTITY_RANKING,,,NOT_APPLICABLE_GLOBAL_BASELINE,HF9g-P5,,,,X 全窗基线 · 不参与实体赏罚,8395272,840,A168_HF9F_20260827_0900,2026-08-27 09:00:00
2026-06-01,150107794,2171,0,14.3323016847,1.4643873460,1.4643873460,0.6666667,4,3,0.45788866666666667,0.435741850000,0.7258070290211757,0.8066361439539496,0.7258070290211757,0.02214681666666667,ELIGIBLE,R03b_20260811_FULL_v1,L1_ELIGIBILITY,v2026-08-11,2026-03-21..2026-08-06,baccarat_bet02_101_all_pairs_incl_sentinel,round_win = game_pnl > 0 (decisive only),COMPATIBILITY_ONLY_NOT_PRODUCTION,39187.2093,35396.6747,483.0410,8363,6242,-0.01232650,-0.05216444,-0.01154840,-0.01232650,-483.0410,39187.2093,OK,0.0000,19.3216,4.0000,96.0000,AG03-UNRESOLVED,ALL5_LEVELS_bet23_to_bet27,19.3216,19.3216,19.3216,0.0000,0.0000,4.000000,4.000000,4.000000,0.000000,0.000000,96.000000,96.000000,96.000000,100.000000,100.000000,5.0,57.9649,55.6772,425.0761,427.3638,PENDING_AG03,FALSE,NOT_FOR_ENFORCEMENT,463.7194,33980.8077,483.0410,463.7194,19.3216,0.01232650,0.01183344,19.3216,463.7194,0.01183344,19.3216,19.3216,19.3216,0.0000,0.0000,463.7194,0.01183344,57.9649,55.6772,425.0761,427.3638,0.01084732,0.0109057,0.00049306,4.6858,5.6707,0.0774,15.5820,0.2688,1264.1035,201.3548,4.5499,4.6885,2.0771,4.1543,6.1317,8.4025,10.5031,18.5864,3.9466,-2.0771,2.528253,4.474023,1.127938,29,192,48,6,0.01915741,0.01232650,0.05216444,0E-8,0.000000,0.903271,0.017936,-0.04061604,2026-05-16,2026-07-20,31,1797,733,66,0.469697,0.970424,0.970991,0.063858,,,,,,,,GLOBAL_BASELINE_NO_ENTITY_RANKING,,,NOT_APPLICABLE_GLOBAL_BASELINE,HF9g-P5,,,,X 全窗基线 · 不参与实体赏罚,8395273,840,A168_HF9F_20260827_0900,2026-08-27 09:00:00
2026-06-01,150107794,2175,0,15.7863033048,7.4465654404,7.4465654404,0.8000000,5,5,0.50128862000000000,0.501288620000,1.335882339249048,1.335882339249048,1.335882339249048,0E-17,ELIGIBLE,R03b_20260811_FULL_v1,L1_ELIGIBILITY,v2026-08-11,2026-03-21..2026-08-06,baccarat_bet02_101_all_pairs_incl_sentinel,round_win = game_pnl > 0 (decisive only),COMPATIBILITY_ONLY_NOT_PRODUCTION,39187.2093,35396.6747,483.0410,8363,6242,-0.01232650,-0.05216444,-0.01154840,-0.01232650,-483.0410,39187.2093,OK,0.0000,19.3216,4.0000,96.0000,AG03-UNRESOLVED,ALL5_LEVELS_bet23_to_bet27,19.3216,19.3216,19.3216,0.0000,0.0000,4.000000,4.000000,4.000000,0.000000,0.000000,96.000000,96.000000,96.000000,100.000000,100.000000,5.0,57.9649,55.6772,425.0761,427.3638,PENDING_AG03,FALSE,NOT_FOR_ENFORCEMENT,463.7194,33980.8077,483.0410,463.7194,19.3216,0.01232650,0.01183344,19.3216,463.7194,0.01183344,19.3216,19.3216,19.3216,0.0000,0.0000,463.7194,0.01183344,57.9649,55.6772,425.0761,427.3638,0.01084732,0.0109057,0.00049306,4.6858,5.6707,0.0774,15.5820,0.2688,1264.1035,201.3548,4.5499,4.6885,2.0771,4.1543,6.1317,8.4025,10.5031,18.5864,3.9466,-2.0771,2.528253,4.474023,1.127938,29,192,48,6,0.01915741,0.01232650,0.05216444,0E-8,0.000000,0.903271,0.017936,-0.04061604,2026-05-16,2026-07-20,31,1797,733,66,0.469697,0.970424,0.970991,0.063858,,,,,,,,GLOBAL_BASELINE_NO_ENTITY_RANKING,,,NOT_APPLICABLE_GLOBAL_BASELINE,HF9g-P5,,,,X 全窗基线 · 不参与实体赏罚,8395274,840,A168_HF9F_20260827_0900,2026-08-27 09:00:00
2026-06-01,150107794,2177,0,13.5014436160,-5.4005774464,-5.4005774464,0.3333333,3,3,0.50218230000000000,0.502182300000,-0.5849155494134425,-0.5849155494134426,-0.5849155494134425,0E-17,ELIGIBLE,R03b_20260811_FULL_v1,L1_ELIGIBILITY,v2026-08-11,2026-03-21..2026-08-06,baccarat_bet02_101_all_pairs_incl_sentinel,round_win = game_pnl > 0 (decisive only),COMPATIBILITY_ONLY_NOT_PRODUCTION,39187.2093,35396.6747,483.0410,8363,6242,-0.01232650,-0.05216444,-0.01154840,-0.01232650,-483.0410,39187.2093,OK,0.0000,19.3216,4.0000,96.0000,AG03-UNRESOLVED,ALL5_LEVELS_bet23_to_bet27,19.3216,19.3216,19.3216,0.0000,0.0000,4.000000,4.000000,4.000000,0.000000,0.000000,96.000000,96.000000,96.000000,100.000000,100.000000,5.0,57.9649,55.6772,425.0761,427.3638,PENDING_AG03,FALSE,NOT_FOR_ENFORCEMENT,463.7194,33980.8077,483.0410,463.7194,19.3216,0.01232650,0.01183344,19.3216,463.7194,0.01183344,19.3216,19.3216,19.3216,0.0000,0.0000,463.7194,0.01183344,57.9649,55.6772,425.0761,427.3638,0.01084732,0.0109057,0.00049306,4.6858,5.6707,0.0774,15.5820,0.2688,1264.1035,201.3548,4.5499,4.6885,2.0771,4.1543,6.1317,8.4025,10.5031,18.5864,3.9466,-2.0771,2.528253,4.474023,1.127938,29,192,48,6,0.01915741,0.01232650,0.05216444,0E-8,0.000000,0.903271,0.017936,-0.04061604,2026-05-16,2026-07-20,31,1797,733,66,0.469697,0.970424,0.970991,0.063858,,,,,,,,GLOBAL_BASELINE_NO_ENTITY_RANKING,,,NOT_APPLICABLE_GLOBAL_BASELINE,HF9g-P5,,,,X 全窗基线 · 不参与实体赏罚,8395275,840,A168_HF9F_20260827_0900,2026-08-27 09:00:00
2026-06-01,150107794,2235,0,6.2314355151,2.0771451717,2.0771451717,0.5000000,2,2,0.49994810000000000,0.499948100000,0.00014679536856514622,0.00014679536856514622,0.00014679536856514622,0E-17,ELIGIBLE,R03b_20260811_FULL_v1,L1_ELIGIBILITY,v2026-08-11,2026-03-21..2026-08-06,baccarat_bet02_101_all_pairs_incl_sentinel,round_win = game_pnl > 0 (decisive only),COMPATIBILITY_ONLY_NOT_PRODUCTION,39187.2093,35396.6747,483.0410,8363,6242,-0.01232650,-0.05216444,-0.01154840,-0.01232650,-483.0410,39187.2093,OK,0.0000,19.3216,4.0000,96.0000,AG03-UNRESOLVED,ALL5_LEVELS_bet23_to_bet27,19.3216,19.3216,19.3216,0.0000,0.0000,4.000000,4.000000,4.000000,0.000000,0.000000,96.000000,96.000000,96.000000,100.000000,100.000000,5.0,57.9649,55.6772,425.0761,427.3638,PENDING_AG03,FALSE,NOT_FOR_ENFORCEMENT,463.7194,33980.8077,483.0410,463.7194,19.3216,0.01232650,0.01183344,19.3216,463.7194,0.01183344,19.3216,19.3216,19.3216,0.0000,0.0000,463.7194,0.01183344,57.9649,55.6772,425.0761,427.3638,0.01084732,0.0109057,0.00049306,4.6858,5.6707,0.0774,15.5820,0.2688,1264.1035,201.3548,4.5499,4.6885,2.0771,4.1543,6.1317,8.4025,10.5031,18.5864,3.9466,-2.0771,2.528253,4.474023,1.127938,29,192,48,6,0.01915741,0.01232650,0.05216444,0E-8,0.000000,0.903271,0.017936,-0.04061604,2026-05-16,2026-07-20,31,1797,733,66,0.469697,0.970424,0.970991,0.063858,,,,,,,,GLOBAL_BASELINE_NO_ENTITY_RANKING,,,NOT_APPLICABLE_GLOBAL_BASELINE,HF9g-P5,,,,X 全窗基线 · 不参与实体赏罚,8395276,840,A168_HF9F_20260827_0900,2026-08-27 09:00:00
2026-06-01,150107794,2252,0,20.1483081654,-2.1706167045,-2.1706167045,0.5000000,7,6,0.48003548333333333,0.468962075000,0.09788381815666818,0.15234797085335153,0.09788381815666818,0.01107340833333333,ELIGIBLE,R03b_20260811_FULL_v1,L1_ELIGIBILITY,v2026-08-11,2026-03-21..2026-08-06,baccarat_bet02_101_all_pairs_incl_sentinel,round_win = game_pnl > 0 (decisive only),COMPATIBILITY_ONLY_NOT_PRODUCTION,39187.2093,35396.6747,483.0410,8363,6242,-0.01232650,-0.05216444,-0.01154840,-0.01232650,-483.0410,39187.2093,OK,0.0000,19.3216,4.0000,96.0000,AG03-UNRESOLVED,ALL5_LEVELS_bet23_to_bet27,19.3216,19.3216,19.3216,0.0000,0.0000,4.000000,4.000000,4.000000,0.000000,0.000000,96.000000,96.000000,96.000000,100.000000,100.000000,5.0,57.9649,55.6772,425.0761,427.3638,PENDING_AG03,FALSE,NOT_FOR_ENFORCEMENT,463.7194,33980.8077,483.0410,463.7194,19.3216,0.01232650,0.01183344,19.3216,463.7194,0.01183344,19.3216,19.3216,19.3216,0.0000,0.0000,463.7194,0.01183344,57.9649,55.6772,425.0761,427.3638,0.01084732,0.0109057,0.00049306,4.6858,5.6707,0.0774,15.5820,0.2688,1264.1035,201.3548,4.5499,4.6885,2.0771,4.1543,6.1317,8.4025,10.5031,18.5864,3.9466,-2.0771,2.528253,4.474023,1.127938,29,192,48,6,0.01915741,0.01232650,0.05216444,0E-8,0.000000,0.903271,0.017936,-0.04061604,2026-05-16,2026-07-20,31,1797,733,66,0.469697,0.970424,0.970991,0.063858,,,,,,,,GLOBAL_BASELINE_NO_ENTITY_RANKING,,,NOT_APPLICABLE_GLOBAL_BASELINE,HF9g-P5,,,,X 全窗基线 · 不参与实体赏罚,8395277,840,A168_HF9F_20260827_0900,2026-08-27 09:00:00
2026-06-01,150107794,583,0,5.1928629292,-5.1928629292,-5.1928629292,0E-7,1,1,0.50665070000000000,0.506650700000,-1.013391052207602,-1.013391052207602,-1.013391052207602,0E-17,ELIGIBLE,R03b_20260811_FULL_v1,L1_ELIGIBILITY,v2026-08-11,2026-03-21..2026-08-06,baccarat_bet02_101_all_pairs_incl_sentinel,round_win = game_pnl > 0 (decisive only),COMPATIBILITY_ONLY_NOT_PRODUCTION,39187.2093,35396.6747,483.0410,8363,6242,-0.01232650,-0.05216444,-0.01154840,-0.01232650,-483.0410,39187.2093,OK,0.0000,19.3216,4.0000,96.0000,AG03-UNRESOLVED,ALL5_LEVELS_bet23_to_bet27,19.3216,19.3216,19.3216,0.0000,0.0000,4.000000,4.000000,4.000000,0.000000,0.000000,96.000000,96.000000,96.000000,100.000000,100.000000,5.0,57.9649,55.6772,425.0761,427.3638,PENDING_AG03,FALSE,NOT_FOR_ENFORCEMENT,463.7194,33980.8077,483.0410,463.7194,19.3216,0.01232650,0.01183344,19.3216,463.7194,0.01183344,19.3216,19.3216,19.3216,0.0000,0.0000,463.7194,0.01183344,57.9649,55.6772,425.0761,427.3638,0.01084732,0.0109057,0.00049306,4.6858,5.6707,0.0774,15.5820,0.2688,1264.1035,201.3548,4.5499,4.6885,2.0771,4.1543,6.1317,8.4025,10.5031,18.5864,3.9466,-2.0771,2.528253,4.474023,1.127938,29,192,48,6,0.01915741,0.01232650,0.05216444,0E-8,0.000000,0.903271,0.017936,-0.04061604,2026-05-16,2026-07-20,31,1797,733,66,0.469697,0.970424,0.970991,0.063858,,,,,,,,GLOBAL_BASELINE_NO_ENTITY_RANKING,,,NOT_APPLICABLE_GLOBAL_BASELINE,HF9g-P5,,,,X 全窗基线 · 不参与实体赏罚,8395278,840,A168_HF9F_20260827_0900,2026-08-27 09:00:00
2026-06-01,150107794,595,0,4.1542903434,0E-10,0E-10,,2,1,0.49994810000000000,0.499948100000,,,,0E-17,NO_DECISIVE_ROUND,R03b_20260811_FULL_v1,L1_ELIGIBILITY,v2026-08-11,2026-03-21..2026-08-06,baccarat_bet02_101_all_pairs_incl_sentinel,round_win = game_pnl > 0 (decisive only),COMPATIBILITY_ONLY_NOT_PRODUCTION,39187.2093,35396.6747,483.0410,8363,6242,-0.01232650,-0.05216444,-0.01154840,-0.01232650,-483.0410,39187.2093,OK,0.0000,19.3216,4.0000,96.0000,AG03-UNRESOLVED,ALL5_LEVELS_bet23_to_bet27,19.3216,19.3216,19.3216,0.0000,0.0000,4.000000,4.000000,4.000000,0.000000,0.000000,96.000000,96.000000,96.000000,100.000000,100.000000,5.0,57.9649,55.6772,425.0761,427.3638,PENDING_AG03,FALSE,NOT_FOR_ENFORCEMENT,463.7194,33980.8077,483.0410,463.7194,19.3216,0.01232650,0.01183344,19.3216,463.7194,0.01183344,19.3216,19.3216,19.3216,0.0000,0.0000,463.7194,0.01183344,57.9649,55.6772,425.0761,427.3638,0.01084732,0.0109057,0.00049306,4.6858,5.6707,0.0774,15.5820,0.2688,1264.1035,201.3548,4.5499,4.6885,2.0771,4.1543,6.1317,8.4025,10.5031,18.5864,3.9466,-2.0771,2.528253,4.474023,1.127938,29,192,48,6,0.01915741,0.01232650,0.05216444,0E-8,0.000000,0.903271,0.017936,-0.04061604,2026-05-16,2026-07-20,31,1797,733,66,0.469697,0.970424,0.970991,0.063858,,,,,,,,GLOBAL_BASELINE_NO_ENTITY_RANKING,,,NOT_APPLICABLE_GLOBAL_BASELINE,HF9g-P5,,,,X 全窗基线 · 不参与实体赏罚,8395279,840,A168_HF9F_20260827_0900,2026-08-27 09:00:00
2026-06-02,150107794,-1,1,41.9583324681,-1.9317450097,-1.9317450097,0.5454545,14,11,0.46185552884006106,0.443759750000,0.556153912209974,0.6788751469708186,0.556153912209974,0.01809577884006106,SENTINEL_DEALER,R03b_20260811_FULL_v1,L1_ELIGIBILITY,v2026-08-11,2026-03-21..2026-08-06,baccarat_bet02_101_all_pairs_incl_sentinel,round_win = game_pnl > 0 (decisive only),COMPATIBILITY_ONLY_NOT_PRODUCTION,39187.2093,35396.6747,483.0410,8363,6242,-0.01232650,-0.05216444,-0.01154840,-0.01232650,-483.0410,39187.2093,OK,0.0000,19.3216,4.0000,96.0000,AG03-UNRESOLVED,ALL5_LEVELS_bet23_to_bet27,19.3216,19.3216,19.3216,0.0000,0.0000,4.000000,4.000000,4.000000,0.000000,0.000000,96.000000,96.000000,96.000000,100.000000,100.000000,5.0,57.9649,55.6772,425.0761,427.3638,PENDING_AG03,FALSE,NOT_FOR_ENFORCEMENT,463.7194,33980.8077,483.0410,463.7194,19.3216,0.01232650,0.01183344,19.3216,463.7194,0.01183344,19.3216,19.3216,19.3216,0.0000,0.0000,463.7194,0.01183344,57.9649,55.6772,425.0761,427.3638,0.01084732,0.0109057,0.00049306,4.6858,5.6707,0.0774,15.5820,0.2688,1264.1035,201.3548,4.5499,4.6885,2.0771,4.1543,6.1317,8.4025,10.5031,18.5864,3.9466,-2.0771,2.528253,4.474023,1.127938,29,192,48,6,0.01915741,0.01232650,0.05216444,0E-8,0.000000,0.903271,0.017936,-0.04061604,2026-05-16,2026-07-20,31,1797,733,66,0.469697,0.970424,0.970991,0.063858,,,,,,,,GLOBAL_BASELINE_NO_ENTITY_RANKING,,,NOT_APPLICABLE_GLOBAL_BASELINE,HF9g-P5,,,,X 全窗基线 · 不参与实体赏罚,8395280,840,A168_HF9F_20260827_0900,2026-08-27 09:00:00
2026-06-02,150107794,2224,0,18.6943065453,2.0771451717,2.0771451717,0.5000000,6,5,0.45606227000000000,0.456062270000,0.17643345830308724,0.17643345830308724,0.17643345830308724,0E-17,ELIGIBLE,R03b_20260811_FULL_v1,L1_ELIGIBILITY,v2026-08-11,2026-03-21..2026-08-06,baccarat_bet02_101_all_pairs_incl_sentinel,round_win = game_pnl > 0 (decisive only),COMPATIBILITY_ONLY_NOT_PRODUCTION,39187.2093,35396.6747,483.0410,8363,6242,-0.01232650,-0.05216444,-0.01154840,-0.01232650,-483.0410,39187.2093,OK,0.0000,19.3216,4.0000,96.0000,AG03-UNRESOLVED,ALL5_LEVELS_bet23_to_bet27,19.3216,19.3216,19.3216,0.0000,0.0000,4.000000,4.000000,4.000000,0.000000,0.000000,96.000000,96.000000,96.000000,100.000000,100.000000,5.0,57.9649,55.6772,425.0761,427.3638,PENDING_AG03,FALSE,NOT_FOR_ENFORCEMENT,463.7194,33980.8077,483.0410,463.7194,19.3216,0.01232650,0.01183344,19.3216,463.7194,0.01183344,19.3216,19.3216,19.3216,0.0000,0.0000,463.7194,0.01183344,57.9649,55.6772,425.0761,427.3638,0.01084732,0.0109057,0.00049306,4.6858,5.6707,0.0774,15.5820,0.2688,1264.1035,201.3548,4.5499,4.6885,2.0771,4.1543,6.1317,8.4025,10.5031,18.5864,3.9466,-2.0771,2.528253,4.474023,1.127938,29,192,48,6,0.01915741,0.01232650,0.05216444,0E-8,0.000000,0.903271,0.017936,-0.04061604,2026-05-16,2026-07-20,31,1797,733,66,0.469697,0.970424,0.970991,0.063858,,,,,,,,GLOBAL_BASELINE_NO_ENTITY_RANKING,,,NOT_APPLICABLE_GLOBAL_BASELINE,HF9g-P5,,,,X 全窗基线 · 不参与实体赏罚,8395281,840,A168_HF9F_20260827_0900,2026-08-27 09:00:00
2026-06-03,150107794,-1,1,1167.1478719670,88.2371268917,88.2371268917,0.5776398,257,171,0.44841610461481522,0.399195059649,3.296921008261145,4.62335503859531,3.296921008261145,0.04922104496581522,SENTINEL_DEALER,R03b_20260811_FULL_v1,L1_ELIGIBILITY,v2026-08-11,2026-03-21..2026-08-06,baccarat_bet02_101_all_pairs_incl_sentinel,round_win = game_pnl > 0 (decisive only),COMPATIBILITY_ONLY_NOT_PRODUCTION,39187.2093,35396.6747,483.0410,8363,6242,-0.01232650,-0.05216444,-0.01154840,-0.01232650,-483.0410,39187.2093,OK,0.0000,19.3216,4.0000,96.0000,AG03-UNRESOLVED,ALL5_LEVELS_bet23_to_bet27,19.3216,19.3216,19.3216,0.0000,0.0000,4.000000,4.000000,4.000000,0.000000,0.000000,96.000000,96.000000,96.000000,100.000000,100.000000,5.0,57.9649,55.6772,425.0761,427.3638,PENDING_AG03,FALSE,NOT_FOR_ENFORCEMENT,463.7194,33980.8077,483.0410,463.7194,19.3216,0.01232650,0.01183344,19.3216,463.7194,0.01183344,19.3216,19.3216,19.3216,0.0000,0.0000,463.7194,0.01183344,57.9649,55.6772,425.0761,427.3638,0.01084732,0.0109057,0.00049306,4.6858,5.6707,0.0774,15.5820,0.2688,1264.1035,201.3548,4.5499,4.6885,2.0771,4.1543,6.1317,8.4025,10.5031,18.5864,3.9466,-2.0771,2.528253,4.474023,1.127938,29,192,48,6,0.01915741,0.01232650,0.05216444,0E-8,0.000000,0.903271,0.017936,-0.04061604,2026-05-16,2026-07-20,31,1797,733,66,0.469697,0.970424,0.970991,0.063858,,,,,,,,GLOBAL_BASELINE_NO_ENTITY_RANKING,,,NOT_APPLICABLE_GLOBAL_BASELINE,HF9g-P5,,,,X 全窗基线 · 不参与实体赏罚,8395282,840,A168_HF9F_20260827_0900,2026-08-27 09:00:00
2026-06-03,150107794,1151,0,12.4628710302,-4.3620048606,-4.3620048606,0E-7,4,2,0.49771390000000000,0.499948100000,-1.4077622098436522,-1.4140667746232096,-1.4077622098436522,-0.00223420000000000,ELIGIBLE,R03b_20260811_FULL_v1,L1_ELIGIBILITY,v2026-08-11,2026-03-21..2026-08-06,baccarat_bet02_101_all_pairs_incl_sentinel,round_win = game_pnl > 0 (decisive only),COMPATIBILITY_ONLY_NOT_PRODUCTION,39187.2093,35396.6747,483.0410,8363,6242,-0.01232650,-0.05216444,-0.01154840,-0.01232650,-483.0410,39187.2093,OK,0.0000,19.3216,4.0000,96.0000,AG03-UNRESOLVED,ALL5_LEVELS_bet23_to_bet27,19.3216,19.3216,19.3216,0.0000,0.0000,4.000000,4.000000,4.000000,0.000000,0.000000,96.000000,96.000000,96.000000,100.000000,100.000000,5.0,57.9649,55.6772,425.0761,427.3638,PENDING_AG03,FALSE,NOT_FOR_ENFORCEMENT,463.7194,33980.8077,483.0410,463.7194,19.3216,0.01232650,0.01183344,19.3216,463.7194,0.01183344,19.3216,19.3216,19.3216,0.0000,0.0000,463.7194,0.01183344,57.9649,55.6772,425.0761,427.3638,0.01084732,0.0109057,0.00049306,4.6858,5.6707,0.0774,15.5820,0.2688,1264.1035,201.3548,4.5499,4.6885,2.0771,4.1543,6.1317,8.4025,10.5031,18.5864,3.9466,-2.0771,2.528253,4.474023,1.127938,29,192,48,6,0.01915741,0.01232650,0.05216444,0E-8,0.000000,0.903271,0.017936,-0.04061604,2026-05-16,2026-07-20,31,1797,733,66,0.469697,0.970424,0.970991,0.063858,,,,,,,,GLOBAL_BASELINE_NO_ENTITY_RANKING,,,NOT_APPLICABLE_GLOBAL_BASELINE,HF9g-P5,,,,X 全窗基线 · 不参与实体赏罚,8395283,840,A168_HF9F_20260827_0900,2026-08-27 09:00:00
2026-06-03,150107794,1157,0,73.7386535947,38.9984005983,38.9984005983,0.8333333,16,12,0.47004989749967214,0.433507650000,2.521429025792734,2.794897618171629,2.521429025792734,0.03654224749967214,ELIGIBLE,R03b_20260811_FULL_v1,L1_ELIGIBILITY,v2026-08-11,2026-03-21..2026-08-06,baccarat_bet02_101_all_pairs_incl_sentinel,round_win = game_pnl > 0 (decisive only),COMPATIBILITY_ONLY_NOT_PRODUCTION,39187.2093,35396.6747,483.0410,8363,6242,-0.01232650,-0.05216444,-0.01154840,-0.01232650,-483.0410,39187.2093,OK,0.0000,19.3216,4.0000,96.0000,AG03-UNRESOLVED,ALL5_LEVELS_bet23_to_bet27,19.3216,19.3216,19.3216,0.0000,0.0000,4.000000,4.000000,4.000000,0.000000,0.000000,96.000000,96.000000,96.000000,100.000000,100.000000,5.0,57.9649,55.6772,425.0761,427.3638,PENDING_AG03,FALSE,NOT_FOR_ENFORCEMENT,463.7194,33980.8077,483.0410,463.7194,19.3216,0.01232650,0.01183344,19.3216,463.7194,0.01183344,19.3216,19.3216,19.3216,0.0000,0.0000,463.7194,0.01183344,57.9649,55.6772,425.0761,427.3638,0.01084732,0.0109057,0.00049306,4.6858,5.6707,0.0774,15.5820,0.2688,1264.1035,201.3548,4.5499,4.6885,2.0771,4.1543,6.1317,8.4025,10.5031,18.5864,3.9466,-2.0771,2.528253,4.474023,1.127938,29,192,48,6,0.01915741,0.01232650,0.05216444,0E-8,0.000000,0.903271,0.017936,-0.04061604,2026-05-16,2026-07-20,31,1797,733,66,0.469697,0.970424,0.970991,0.063858,,,,,,,,GLOBAL_BASELINE_NO_ENTITY_RANKING,,,NOT_APPLICABLE_GLOBAL_BASELINE,HF9g-P5,,,,X 全窗基线 · 不参与实体赏罚,8395284,840,A168_HF9F_20260827_0900,2026-08-27 09:00:00
2026-06-03,150107794,1221,0,25.5488856118,-4.7774338948,-4.7774338948,0.5000000,7,5,0.45142900499975203,0.417538520000,0.1952072060479405,0.3344253901308171,0.1952072060479405,0.03389048499975203,ELIGIBLE,R03b_20260811_FULL_v1,L1_ELIGIBILITY,v2026-08-11,2026-03-21..2026-08-06,baccarat_bet02_101_all_pairs_incl_sentinel,round_win = game_pnl > 0 (decisive only),COMPATIBILITY_ONLY_NOT_PRODUCTION,39187.2093,35396.6747,483.0410,8363,6242,-0.01232650,-0.05216444,-0.01154840,-0.01232650,-483.0410,39187.2093,OK,0.0000,19.3216,4.0000,96.0000,AG03-UNRESOLVED,ALL5_LEVELS_bet23_to_bet27,19.3216,19.3216,19.3216,0.0000,0.0000,4.000000,4.000000,4.000000,0.000000,0.000000,96.000000,96.000000,96.000000,100.000000,100.000000,5.0,57.9649,55.6772,425.0761,427.3638,PENDING_AG03,FALSE,NOT_FOR_ENFORCEMENT,463.7194,33980.8077,483.0410,463.7194,19.3216,0.01232650,0.01183344,19.3216,463.7194,0.01183344,19.3216,19.3216,19.3216,0.0000,0.0000,463.7194,0.01183344,57.9649,55.6772,425.0761,427.3638,0.01084732,0.0109057,0.00049306,4.6858,5.6707,0.0774,15.5820,0.2688,1264.1035,201.3548,4.5499,4.6885,2.0771,4.1543,6.1317,8.4025,10.5031,18.5864,3.9466,-2.0771,2.528253,4.474023,1.127938,29,192,48,6,0.01915741,0.01232650,0.05216444,0E-8,0.000000,0.903271,0.017936,-0.04061604,2026-05-16,2026-07-20,31,1797,733,66,0.469697,0.970424,0.970991,0.063858,,,,,,,,GLOBAL_BASELINE_NO_ENTITY_RANKING,,,NOT_APPLICABLE_GLOBAL_BASELINE,HF9g-P5,,,,X 全窗基线 · 不参与实体赏罚,8395285,840,A168_HF9F_20260827_0900,2026-08-27 09:00:00
2026-06-03,150107794,1304,0,25.7566001287,-4.2373761501,-4.2373761501,0.5000000,7,5,0.45210845879313853,0.421560080000,0.19245101015039218,0.31769345658034315,0.19245101015039218,0.03054837879313853,ELIGIBLE,R03b_20260811_FULL_v1,L1_ELIGIBILITY,v2026-08-11,2026-03-21..2026-08-06,baccarat_bet02_101_all_pairs_incl_sentinel,round_win = game_pnl > 0 (decisive only),COMPATIBILITY_ONLY_NOT_PRODUCTION,39187.2093,35396.6747,483.0410,8363,6242,-0.01232650,-0.05216444,-0.01154840,-0.01232650,-483.0410,39187.2093,OK,0.0000,19.3216,4.0000,96.0000,AG03-UNRESOLVED,ALL5_LEVELS_bet23_to_bet27,19.3216,19.3216,19.3216,0.0000,0.0000,4.000000,4.000000,4.000000,0.000000,0.000000,96.000000,96.000000,96.000000,100.000000,100.000000,5.0,57.9649,55.6772,425.0761,427.3638,PENDING_AG03,FALSE,NOT_FOR_ENFORCEMENT,463.7194,33980.8077,483.0410,463.7194,19.3216,0.01232650,0.01183344,19.3216,463.7194,0.01183344,19.3216,19.3216,19.3216,0.0000,0.0000,463.7194,0.01183344,57.9649,55.6772,425.0761,427.3638,0.01084732,0.0109057,0.00049306,4.6858,5.6707,0.0774,15.5820,0.2688,1264.1035,201.3548,4.5499,4.6885,2.0771,4.1543,6.1317,8.4025,10.5031,18.5864,3.9466,-2.0771,2.528253,4.474023,1.127938,29,192,48,6,0.01915741,0.01232650,0.05216444,0E-8,0.000000,0.903271,0.017936,-0.04061604,2026-05-16,2026-07-20,31,1797,733,66,0.469697,0.970424,0.970991,0.063858,,,,,,,,GLOBAL_BASELINE_NO_ENTITY_RANKING,,,NOT_APPLICABLE_GLOBAL_BASELINE,HF9g-P5,,,,X 全窗基线 · 不参与实体赏罚,8395286,840,A168_HF9F_20260827_0900,2026-08-27 09:00:00
2026-06-03,150107794,1307,0,4.1542903434,-4.1542903434,-4.1542903434,0E-7,1,1,0.49324550000000000,0.493245500000,-0.9865810262130424,-0.9865810262130424,-0.9865810262130424,0E-17,ELIGIBLE,R03b_20260811_FULL_v1,L1_ELIGIBILITY,v2026-08-11,2026-03-21..2026-08-06,baccarat_bet02_101_all_pairs_incl_sentinel,round_win = game_pnl > 0 (decisive only),COMPATIBILITY_ONLY_NOT_PRODUCTION,39187.2093,35396.6747,483.0410,8363,6242,-0.01232650,-0.05216444,-0.01154840,-0.01232650,-483.0410,39187.2093,OK,0.0000,19.3216,4.0000,96.0000,AG03-UNRESOLVED,ALL5_LEVELS_bet23_to_bet27,19.3216,19.3216,19.3216,0.0000,0.0000,4.000000,4.000000,4.000000,0.000000,0.000000,96.000000,96.000000,96.000000,100.000000,100.000000,5.0,57.9649,55.6772,425.0761,427.3638,PENDING_AG03,FALSE,NOT_FOR_ENFORCEMENT,463.7194,33980.8077,483.0410,463.7194,19.3216,0.01232650,0.01183344,19.3216,463.7194,0.01183344,19.3216,19.3216,19.3216,0.0000,0.0000,463.7194,0.01183344,57.9649,55.6772,425.0761,427.3638,0.01084732,0.0109057,0.00049306,4.6858,5.6707,0.0774,15.5820,0.2688,1264.1035,201.3548,4.5499,4.6885,2.0771,4.1543,6.1317,8.4025,10.5031,18.5864,3.9466,-2.0771,2.528253,4.474023,1.127938,29,192,48,6,0.01915741,0.01232650,0.05216444,0E-8,0.000000,0.903271,0.017936,-0.04061604,2026-05-16,2026-07-20,31,1797,733,66,0.469697,0.970424,0.970991,0.063858,,,,,,,,GLOBAL_BASELINE_NO_ENTITY_RANKING,,,NOT_APPLICABLE_GLOBAL_BASELINE,HF9g-P5,,,,X 全窗基线 · 不参与实体赏罚,8395287,840,A168_HF9F_20260827_0900,2026-08-27 09:00:00
2026-06-03,150107794,1318,0,29.0800324037,-16.6171613737,-16.6171613737,0.1666667,8,6,0.45639920000000000,0.433507650000,-1.4248213303122188,-1.3189634167940851,-1.4248213303122188,0.02289155000000000,ELIGIBLE,R03b_20260811_FULL_v1,L1_ELIGIBILITY,v2026-08-11,2026-03-21..2026-08-06,baccarat_bet02_101_all_pairs_incl_sentinel,round_win = game_pnl > 0 (decisive only),COMPATIBILITY_ONLY_NOT_PRODUCTION,39187.2093,35396.6747,483.0410,8363,6242,-0.01232650,-0.05216444,-0.01154840,-0.01232650,-483.0410,39187.2093,OK,0.0000,19.3216,4.0000,96.0000,AG03-UNRESOLVED,ALL5_LEVELS_bet23_to_bet27,19.3216,19.3216,19.3216,0.0000,0.0000,4.000000,4.000000,4.000000,0.000000,0.000000,96.000000,96.000000,96.000000,100.000000,100.000000,5.0,57.9649,55.6772,425.0761,427.3638,PENDING_AG03,FALSE,NOT_FOR_ENFORCEMENT,463.7194,33980.8077,483.0410,463.7194,19.3216,0.01232650,0.01183344,19.3216,463.7194,0.01183344,19.3216,19.3216,19.3216,0.0000,0.0000,463.7194,0.01183344,57.9649,55.6772,425.0761,427.3638,0.01084732,0.0109057,0.00049306,4.6858,5.6707,0.0774,15.5820,0.2688,1264.1035,201.3548,4.5499,4.6885,2.0771,4.1543,6.1317,8.4025,10.5031,18.5864,3.9466,-2.0771,2.528253,4.474023,1.127938,29,192,48,6,0.01915741,0.01232650,0.05216444,0E-8,0.000000,0.903271,0.017936,-0.04061604,2026-05-16,2026-07-20,31,1797,733,66,0.469697,0.970424,0.970991,0.063858,,,,,,,,GLOBAL_BASELINE_NO_ENTITY_RANKING,,,NOT_APPLICABLE_GLOBAL_BASELINE,HF9g-P5,,,,X 全窗基线 · 不参与实体赏罚,8395288,840,A168_HF9F_20260827_0900,2026-08-27 09:00:00
2026-06-03,150107794,1325,0,42.3737615023,-6.2210497893,-6.2210497893,0.4285714,11,9,0.46548665277748161,0.454165000000,-0.19580403488831086,-0.1360010909213227,-0.19580403488831086,0.01132165277748161,ELIGIBLE,R03b_20260811_FULL_v1,L1_ELIGIBILITY,v2026-08-11,2026-03-21..2026-08-06,baccarat_bet02_101_all_pairs_incl_sentinel,round_win = game_pnl > 0 (decisive only),COMPATIBILITY_ONLY_NOT_PRODUCTION,39187.2093,35396.6747,483.0410,8363,6242,-0.01232650,-0.05216444,-0.01154840,-0.01232650,-483.0410,39187.2093,OK,0.0000,19.3216,4.0000,96.0000,AG03-UNRESOLVED,ALL5_LEVELS_bet23_to_bet27,19.3216,19.3216,19.3216,0.0000,0.0000,4.000000,4.000000,4.000000,0.000000,0.000000,96.000000,96.000000,96.000000,100.000000,100.000000,5.0,57.9649,55.6772,425.0761,427.3638,PENDING_AG03,FALSE,NOT_FOR_ENFORCEMENT,463.7194,33980.8077,483.0410,463.7194,19.3216,0.01232650,0.01183344,19.3216,463.7194,0.01183344,19.3216,19.3216,19.3216,0.0000,0.0000,463.7194,0.01183344,57.9649,55.6772,425.0761,427.3638,0.01084732,0.0109057,0.00049306,4.6858,5.6707,0.0774,15.5820,0.2688,1264.1035,201.3548,4.5499,4.6885,2.0771,4.1543,6.1317,8.4025,10.5031,18.5864,3.9466,-2.0771,2.528253,4.474023,1.127938,29,192,48,6,0.01915741,0.01232650,0.05216444,0E-8,0.000000,0.903271,0.017936,-0.04061604,2026-05-16,2026-07-20,31,1797,733,66,0.469697,0.970424,0.970991,0.063858,,,,,,,,GLOBAL_BASELINE_NO_ENTITY_RANKING,,,NOT_APPLICABLE_GLOBAL_BASELINE,HF9g-P5,,,,X 全窗基线 · 不参与实体赏罚,8395289,840,A168_HF9F_20260827_0900,2026-08-27 09:00:00
2026-06-03,150107794,1331,0,55.6674906011,-27.0028872317,-27.0028872317,0.3000000,13,12,0.49026321346167975,0.482779437500,-1.2035584473489922,-1.1566848921058264,-1.2035584473489922,0.00748377596167975,ELIGIBLE,R03b_20260811_FULL_v1,L1_ELIGIBILITY,v2026-08-11,2026-03-21..2026-08-06,baccarat_bet02_101_all_pairs_incl_sentinel,round_win = game_pnl > 0 (decisive only),COMPATIBILITY_ONLY_NOT_PRODUCTION,39187.2093,35396.6747,483.0410,8363,6242,-0.01232650,-0.05216444,-0.01154840,-0.01232650,-483.0410,39187.2093,OK,0.0000,19.3216,4.0000,96.0000,AG03-UNRESOLVED,ALL5_LEVELS_bet23_to_bet27,19.3216,19.3216,19.3216,0.0000,0.0000,4.000000,4.000000,4.000000,0.000000,0.000000,96.000000,96.000000,96.000000,100.000000,100.000000,5.0,57.9649,55.6772,425.0761,427.3638,PENDING_AG03,FALSE,NOT_FOR_ENFORCEMENT,463.7194,33980.8077,483.0410,463.7194,19.3216,0.01232650,0.01183344,19.3216,463.7194,0.01183344,19.3216,19.3216,19.3216,0.0000,0.0000,463.7194,0.01183344,57.9649,55.6772,425.0761,427.3638,0.01084732,0.0109057,0.00049306,4.6858,5.6707,0.0774,15.5820,0.2688,1264.1035,201.3548,4.5499,4.6885,2.0771,4.1543,6.1317,8.4025,10.5031,18.5864,3.9466,-2.0771,2.528253,4.474023,1.127938,29,192,48,6,0.01915741,0.01232650,0.05216444,0E-8,0.000000,0.903271,0.017936,-0.04061604,2026-05-16,2026-07-20,31,1797,733,66,0.469697,0.970424,0.970991,0.063858,,,,,,,,GLOBAL_BASELINE_NO_ENTITY_RANKING,,,NOT_APPLICABLE_GLOBAL_BASELINE,HF9g-P5,,,,X 全窗基线 · 不参与实体赏罚,8395290,840,A168_HF9F_20260827_0900,2026-08-27 09:00:00
2026-06-03,150107794,1382,0,4.1542903434,-4.1542903434,-4.1542903434,0E-7,1,1,0.50665070000000000,0.506650700000,-1.013391052207602,-1.013391052207602,-1.013391052207602,0E-17,ELIGIBLE,R03b_20260811_FULL_v1,L1_ELIGIBILITY,v2026-08-11,2026-03-21..2026-08-06,baccarat_bet02_101_all_pairs_incl_sentinel,round_win = game_pnl > 0 (decisive only),COMPATIBILITY_ONLY_NOT_PRODUCTION,39187.2093,35396.6747,483.0410,8363,6242,-0.01232650,-0.05216444,-0.01154840,-0.01232650,-483.0410,39187.2093,OK,0.0000,19.3216,4.0000,96.0000,AG03-UNRESOLVED,ALL5_LEVELS_bet23_to_bet27,19.3216,19.3216,19.3216,0.0000,0.0000,4.000000,4.000000,4.000000,0.000000,0.000000,96.000000,96.000000,96.000000,100.000000,100.000000,5.0,57.9649,55.6772,425.0761,427.3638,PENDING_AG03,FALSE,NOT_FOR_ENFORCEMENT,463.7194,33980.8077,483.0410,463.7194,19.3216,0.01232650,0.01183344,19.3216,463.7194,0.01183344,19.3216,19.3216,19.3216,0.0000,0.0000,463.7194,0.01183344,57.9649,55.6772,425.0761,427.3638,0.01084732,0.0109057,0.00049306,4.6858,5.6707,0.0774,15.5820,0.2688,1264.1035,201.3548,4.5499,4.6885,2.0771,4.1543,6.1317,8.4025,10.5031,18.5864,3.9466,-2.0771,2.528253,4.474023,1.127938,29,192,48,6,0.01915741,0.01232650,0.05216444,0E-8,0.000000,0.903271,0.017936,-0.04061604,2026-05-16,2026-07-20,31,1797,733,66,0.469697,0.970424,0.970991,0.063858,,,,,,,,GLOBAL_BASELINE_NO_ENTITY_RANKING,,,NOT_APPLICABLE_GLOBAL_BASELINE,HF9g-P5,,,,X 全窗基线 · 不参与实体赏罚,8395291,840,A168_HF9F_20260827_0900,2026-08-27 09:00:00
2026-06-03,150107794,1383,0,8.3085806868,0E-10,0E-10,0.5000000,2,2,0.49324550000000000,0.493245500000,0.01910635448239258,0.01910635448239258,0.01910635448239258,0E-17,ELIGIBLE,R03b_20260811_FULL_v1,L1_ELIGIBILITY,v2026-08-11,2026-03-21..2026-08-06,baccarat_bet02_101_all_pairs_incl_sentinel,round_win = game_pnl > 0 (decisive only),COMPATIBILITY_ONLY_NOT_PRODUCTION,39187.2093,35396.6747,483.0410,8363,6242,-0.01232650,-0.05216444,-0.01154840,-0.01232650,-483.0410,39187.2093,OK,0.0000,19.3216,4.0000,96.0000,AG03-UNRESOLVED,ALL5_LEVELS_bet23_to_bet27,19.3216,19.3216,19.3216,0.0000,0.0000,4.000000,4.000000,4.000000,0.000000,0.000000,96.000000,96.000000,96.000000,100.000000,100.000000,5.0,57.9649,55.6772,425.0761,427.3638,PENDING_AG03,FALSE,NOT_FOR_ENFORCEMENT,463.7194,33980.8077,483.0410,463.7194,19.3216,0.01232650,0.01183344,19.3216,463.7194,0.01183344,19.3216,19.3216,19.3216,0.0000,0.0000,463.7194,0.01183344,57.9649,55.6772,425.0761,427.3638,0.01084732,0.0109057,0.00049306,4.6858,5.6707,0.0774,15.5820,0.2688,1264.1035,201.3548,4.5499,4.6885,2.0771,4.1543,6.1317,8.4025,10.5031,18.5864,3.9466,-2.0771,2.528253,4.474023,1.127938,29,192,48,6,0.01915741,0.01232650,0.05216444,0E-8,0.000000,0.903271,0.017936,-0.04061604,2026-05-16,2026-07-20,31,1797,733,66,0.469697,0.970424,0.970991,0.063858,,,,,,,,GLOBAL_BASELINE_NO_ENTITY_RANKING,,,NOT_APPLICABLE_GLOBAL_BASELINE,HF9g-P5,,,,X 全窗基线 · 不参与实体赏罚,8395292,840,A168_HF9F_20260827_0900,2026-08-27 09:00:00
2026-06-03,150107794,1384,0,35.7268969530,-6.1587354341,-6.1587354341,0.5000000,8,6,0.46435628749979336,0.435741850000,0.17506320950561688,0.3174316937471686,0.17506320950561688,0.02861443749979336,ELIGIBLE,R03b_20260811_FULL_v1,L1_ELIGIBILITY,v2026-08-11,2026-03-21..2026-08-06,baccarat_bet02_101_all_pairs_incl_sentinel,round_win = game_pnl > 0 (decisive only),COMPATIBILITY_ONLY_NOT_PRODUCTION,39187.2093,35396.6747,483.0410,8363,6242,-0.01232650,-0.05216444,-0.01154840,-0.01232650,-483.0410,39187.2093,OK,0.0000,19.3216,4.0000,96.0000,AG03-UNRESOLVED,ALL5_LEVELS_bet23_to_bet27,19.3216,19.3216,19.3216,0.0000,0.0000,4.000000,4.000000,4.000000,0.000000,0.000000,96.000000,96.000000,96.000000,100.000000,100.000000,5.0,57.9649,55.6772,425.0761,427.3638,PENDING_AG03,FALSE,NOT_FOR_ENFORCEMENT,463.7194,33980.8077,483.0410,463.7194,19.3216,0.01232650,0.01183344,19.3216,463.7194,0.01183344,19.3216,19.3216,19.3216,0.0000,0.0000,463.7194,0.01183344,57.9649,55.6772,425.0761,427.3638,0.01084732,0.0109057,0.00049306,4.6858,5.6707,0.0774,15.5820,0.2688,1264.1035,201.3548,4.5499,4.6885,2.0771,4.1543,6.1317,8.4025,10.5031,18.5864,3.9466,-2.0771,2.528253,4.474023,1.127938,29,192,48,6,0.01915741,0.01232650,0.05216444,0E-8,0.000000,0.903271,0.017936,-0.04061604,2026-05-16,2026-07-20,31,1797,733,66,0.469697,0.970424,0.970991,0.063858,,,,,,,,GLOBAL_BASELINE_NO_ENTITY_RANKING,,,NOT_APPLICABLE_GLOBAL_BASELINE,HF9g-P5,,,,X 全窗基线 · 不参与实体赏罚,8395293,840,A168_HF9F_20260827_0900,2026-08-27 09:00:00
2026-06-03,150107794,1485,0,11.4242984442,-11.4242984442,-11.4242984442,0E-7,3,2,0.45514471249938009,0.403638725000,-1.292555392379143,-1.1634740288448888,-1.292555392379143,0.05150598749938009,ELIGIBLE,R03b_20260811_FULL_v1,L1_ELIGIBILITY,v2026-08-11,2026-03-21..2026-08-06,baccarat_bet02_101_all_pairs_incl_sentinel,round_win = game_pnl > 0 (decisive only),COMPATIBILITY_ONLY_NOT_PRODUCTION,39187.2093,35396.6747,483.0410,8363,6242,-0.01232650,-0.05216444,-0.01154840,-0.01232650,-483.0410,39187.2093,OK,0.0000,19.3216,4.0000,96.0000,AG03-UNRESOLVED,ALL5_LEVELS_bet23_to_bet27,19.3216,19.3216,19.3216,0.0000,0.0000,4.000000,4.000000,4.000000,0.000000,0.000000,96.000000,96.000000,96.000000,100.000000,100.000000,5.0,57.9649,55.6772,425.0761,427.3638,PENDING_AG03,FALSE,NOT_FOR_ENFORCEMENT,463.7194,33980.8077,483.0410,463.7194,19.3216,0.01232650,0.01183344,19.3216,463.7194,0.01183344,19.3216,19.3216,19.3216,0.0000,0.0000,463.7194,0.01183344,57.9649,55.6772,425.0761,427.3638,0.01084732,0.0109057,0.00049306,4.6858,5.6707,0.0774,15.5820,0.2688,1264.1035,201.3548,4.5499,4.6885,2.0771,4.1543,6.1317,8.4025,10.5031,18.5864,3.9466,-2.0771,2.528253,4.474023,1.127938,29,192,48,6,0.01915741,0.01232650,0.05216444,0E-8,0.000000,0.903271,0.017936,-0.04061604,2026-05-16,2026-07-20,31,1797,733,66,0.469697,0.970424,0.970991,0.063858,,,,,,,,GLOBAL_BASELINE_NO_ENTITY_RANKING,,,NOT_APPLICABLE_GLOBAL_BASELINE,HF9g-P5,,,,X 全窗基线 · 不参与实体赏罚,8395294,840,A168_HF9F_20260827_0900,2026-08-27 09:00:00
2026-06-03,150107794,1490,0,17.2403049249,2.0875308976,2.0875308976,0.6666667,5,4,0.46303673888829655,0.450117762500,0.7073302358242889,0.7539085982864823,0.7073302358242889,0.01291897638829655,ELIGIBLE,R03b_20260811_FULL_v1,L1_ELIGIBILITY,v2026-08-11,2026-03-21..2026-08-06,baccarat_bet02_101_all_pairs_incl_sentinel,round_win = game_pnl > 0 (decisive only),COMPATIBILITY_ONLY_NOT_PRODUCTION,39187.2093,35396.6747,483.0410,8363,6242,-0.01232650,-0.05216444,-0.01154840,-0.01232650,-483.0410,39187.2093,OK,0.0000,19.3216,4.0000,96.0000,AG03-UNRESOLVED,ALL5_LEVELS_bet23_to_bet27,19.3216,19.3216,19.3216,0.0000,0.0000,4.000000,4.000000,4.000000,0.000000,0.000000,96.000000,96.000000,96.000000,100.000000,100.000000,5.0,57.9649,55.6772,425.0761,427.3638,PENDING_AG03,FALSE,NOT_FOR_ENFORCEMENT,463.7194,33980.8077,483.0410,463.7194,19.3216,0.01232650,0.01183344,19.3216,463.7194,0.01183344,19.3216,19.3216,19.3216,0.0000,0.0000,463.7194,0.01183344,57.9649,55.6772,425.0761,427.3638,0.01084732,0.0109057,0.00049306,4.6858,5.6707,0.0774,15.5820,0.2688,1264.1035,201.3548,4.5499,4.6885,2.0771,4.1543,6.1317,8.4025,10.5031,18.5864,3.9466,-2.0771,2.528253,4.474023,1.127938,29,192,48,6,0.01915741,0.01232650,0.05216444,0E-8,0.000000,0.903271,0.017936,-0.04061604,2026-05-16,2026-07-20,31,1797,733,66,0.469697,0.970424,0.970991,0.063858,,,,,,,,GLOBAL_BASELINE_NO_ENTITY_RANKING,,,NOT_APPLICABLE_GLOBAL_BASELINE,HF9g-P5,,,,X 全窗基线 · 不参与实体赏罚,8395295,840,A168_HF9F_20260827_0900,2026-08-27 09:00:00
2026-06-03,150107794,1507,0,75.6080842493,-17.6557339595,-17.6557339595,0.5555556,18,10,0.40952769030713094,0.337139720000,0.8908725697071992,1.3860835781684793,0.8908725697071992,0.07238797030713094,ELIGIBLE,R03b_20260811_FULL_v1,L1_ELIGIBILITY,v2026-08-11,2026-03-21..2026-08-06,baccarat_bet02_101_all_pairs_incl_sentinel,round_win = game_pnl > 0 (decisive only),COMPATIBILITY_ONLY_NOT_PRODUCTION,39187.2093,35396.6747,483.0410,8363,6242,-0.01232650,-0.05216444,-0.01154840,-0.01232650,-483.0410,39187.2093,OK,0.0000,19.3216,4.0000,96.0000,AG03-UNRESOLVED,ALL5_LEVELS_bet23_to_bet27,19.3216,19.3216,19.3216,0.0000,0.0000,4.000000,4.000000,4.000000,0.000000,0.000000,96.000000,96.000000,96.000000,100.000000,100.000000,5.0,57.9649,55.6772,425.0761,427.3638,PENDING_AG03,FALSE,NOT_FOR_ENFORCEMENT,463.7194,33980.8077,483.0410,463.7194,19.3216,0.01232650,0.01183344,19.3216,463.7194,0.01183344,19.3216,19.3216,19.3216,0.0000,0.0000,463.7194,0.01183344,57.9649,55.6772,425.0761,427.3638,0.01084732,0.0109057,0.00049306,4.6858,5.6707,0.0774,15.5820,0.2688,1264.1035,201.3548,4.5499,4.6885,2.0771,4.1543,6.1317,8.4025,10.5031,18.5864,3.9466,-2.0771,2.528253,4.474023,1.127938,29,192,48,6,0.01915741,0.01232650,0.05216444,0E-8,0.000000,0.903271,0.017936,-0.04061604,2026-05-16,2026-07-20,31,1797,733,66,0.469697,0.970424,0.970991,0.063858,,,,,,,,GLOBAL_BASELINE_NO_ENTITY_RANKING,,,NOT_APPLICABLE_GLOBAL_BASELINE,HF9g-P5,,,,X 全窗基线 · 不参与实体赏罚,8395296,840,A168_HF9F_20260827_0900,2026-08-27 09:00:00
2026-06-03,150107794,1509,0,4.1542903434,-4.1542903434,-4.1542903434,0E-7,1,1,0.50665070000000000,0.506650700000,-1.013391052207602,-1.013391052207602,-1.013391052207602,0E-17,ELIGIBLE,R03b_20260811_FULL_v1,L1_ELIGIBILITY,v2026-08-11,2026-03-21..2026-08-06,baccarat_bet02_101_all_pairs_incl_sentinel,round_win = game_pnl > 0 (decisive only),COMPATIBILITY_ONLY_NOT_PRODUCTION,39187.2093,35396.6747,483.0410,8363,6242,-0.01232650,-0.05216444,-0.01154840,-0.01232650,-483.0410,39187.2093,OK,0.0000,19.3216,4.0000,96.0000,AG03-UNRESOLVED,ALL5_LEVELS_bet23_to_bet27,19.3216,19.3216,19.3216,0.0000,0.0000,4.000000,4.000000,4.000000,0.000000,0.000000,96.000000,96.000000,96.000000,100.000000,100.000000,5.0,57.9649,55.6772,425.0761,427.3638,PENDING_AG03,FALSE,NOT_FOR_ENFORCEMENT,463.7194,33980.8077,483.0410,463.7194,19.3216,0.01232650,0.01183344,19.3216,463.7194,0.01183344,19.3216,19.3216,19.3216,0.0000,0.0000,463.7194,0.01183344,57.9649,55.6772,425.0761,427.3638,0.01084732,0.0109057,0.00049306,4.6858,5.6707,0.0774,15.5820,0.2688,1264.1035,201.3548,4.5499,4.6885,2.0771,4.1543,6.1317,8.4025,10.5031,18.5864,3.9466,-2.0771,2.528253,4.474023,1.127938,29,192,48,6,0.01915741,0.01232650,0.05216444,0E-8,0.000000,0.903271,0.017936,-0.04061604,2026-05-16,2026-07-20,31,1797,733,66,0.469697,0.970424,0.970991,0.063858,,,,,,,,GLOBAL_BASELINE_NO_ENTITY_RANKING,,,NOT_APPLICABLE_GLOBAL_BASELINE,HF9g-P5,,,,X 全窗基线 · 不参与实体赏罚,8395297,840,A168_HF9F_20260827_0900,2026-08-27 09:00:00
2026-06-03,150107794,1623,0,4.1542903434,-4.1542903434,-4.1542903434,0E-7,1,1,0.50665070000000000,0.506650700000,-1.013391052207602,-1.013391052207602,-1.013391052207602,0E-17,ELIGIBLE,R03b_20260811_FULL_v1,L1_ELIGIBILITY,v2026-08-11,2026-03-21..2026-08-06,baccarat_bet02_101_all_pairs_incl_sentinel,round_win = game_pnl > 0 (decisive only),COMPATIBILITY_ONLY_NOT_PRODUCTION,39187.2093,35396.6747,483.0410,8363,6242,-0.01232650,-0.05216444,-0.01154840,-0.01232650,-483.0410,39187.2093,OK,0.0000,19.3216,4.0000,96.0000,AG03-UNRESOLVED,ALL5_LEVELS_bet23_to_bet27,19.3216,19.3216,19.3216,0.0000,0.0000,4.000000,4.000000,4.000000,0.000000,0.000000,96.000000,96.000000,96.000000,100.000000,100.000000,5.0,57.9649,55.6772,425.0761,427.3638,PENDING_AG03,FALSE,NOT_FOR_ENFORCEMENT,463.7194,33980.8077,483.0410,463.7194,19.3216,0.01232650,0.01183344,19.3216,463.7194,0.01183344,19.3216,19.3216,19.3216,0.0000,0.0000,463.7194,0.01183344,57.9649,55.6772,425.0761,427.3638,0.01084732,0.0109057,0.00049306,4.6858,5.6707,0.0774,15.5820,0.2688,1264.1035,201.3548,4.5499,4.6885,2.0771,4.1543,6.1317,8.4025,10.5031,18.5864,3.9466,-2.0771,2.528253,4.474023,1.127938,29,192,48,6,0.01915741,0.01232650,0.05216444,0E-8,0.000000,0.903271,0.017936,-0.04061604,2026-05-16,2026-07-20,31,1797,733,66,0.469697,0.970424,0.970991,0.063858,,,,,,,,GLOBAL_BASELINE_NO_ENTITY_RANKING,,,NOT_APPLICABLE_GLOBAL_BASELINE,HF9g-P5,,,,X 全窗基线 · 不参与实体赏罚,8395298,840,A168_HF9F_20260827_0900,2026-08-27 09:00:00
2026-06-03,150107794,1654,0,12.2551565130,-0.5089005671,-0.5089005671,0.5000000,4,4,0.50665070000000000,0.506650700000,-0.02660515369234503,-0.02660515369234503,-0.02660515369234503,0E-17,ELIGIBLE,R03b_20260811_FULL_v1,L1_ELIGIBILITY,v2026-08-11,2026-03-21..2026-08-06,baccarat_bet02_101_all_pairs_incl_sentinel,round_win = game_pnl > 0 (decisive only),COMPATIBILITY_ONLY_NOT_PRODUCTION,39187.2093,35396.6747,483.0410,8363,6242,-0.01232650,-0.05216444,-0.01154840,-0.01232650,-483.0410,39187.2093,OK,0.0000,19.3216,4.0000,96.0000,AG03-UNRESOLVED,ALL5_LEVELS_bet23_to_bet27,19.3216,19.3216,19.3216,0.0000,0.0000,4.000000,4.000000,4.000000,0.000000,0.000000,96.000000,96.000000,96.000000,100.000000,100.000000,5.0,57.9649,55.6772,425.0761,427.3638,PENDING_AG03,FALSE,NOT_FOR_ENFORCEMENT,463.7194,33980.8077,483.0410,463.7194,19.3216,0.01232650,0.01183344,19.3216,463.7194,0.01183344,19.3216,19.3216,19.3216,0.0000,0.0000,463.7194,0.01183344,57.9649,55.6772,425.0761,427.3638,0.01084732,0.0109057,0.00049306,4.6858,5.6707,0.0774,15.5820,0.2688,1264.1035,201.3548,4.5499,4.6885,2.0771,4.1543,6.1317,8.4025,10.5031,18.5864,3.9466,-2.0771,2.528253,4.474023,1.127938,29,192,48,6,0.01915741,0.01232650,0.05216444,0E-8,0.000000,0.903271,0.017936,-0.04061604,2026-05-16,2026-07-20,31,1797,733,66,0.469697,0.970424,0.970991,0.063858,,,,,,,,GLOBAL_BASELINE_NO_ENTITY_RANKING,,,NOT_APPLICABLE_GLOBAL_BASELINE,HF9g-P5,,,,X 全窗基线 · 不参与实体赏罚,8395299,840,A168_HF9F_20260827_0900,2026-08-27 09:00:00
2026-06-03,150107794,1714,0,4.1542903434,-4.1542903434,-4.1542903434,0E-7,1,1,0.50665070000000000,0.506650700000,-1.013391052207602,-1.013391052207602,-1.013391052207602,0E-17,ELIGIBLE,R03b_20260811_FULL_v1,L1_ELIGIBILITY,v2026-08-11,2026-03-21..2026-08-06,baccarat_bet02_101_all_pairs_incl_sentinel,round_win = game_pnl > 0 (decisive only),COMPATIBILITY_ONLY_NOT_PRODUCTION,39187.2093,35396.6747,483.0410,8363,6242,-0.01232650,-0.05216444,-0.01154840,-0.01232650,-483.0410,39187.2093,OK,0.0000,19.3216,4.0000,96.0000,AG03-UNRESOLVED,ALL5_LEVELS_bet23_to_bet27,19.3216,19.3216,19.3216,0.0000,0.0000,4.000000,4.000000,4.000000,0.000000,0.000000,96.000000,96.000000,96.000000,100.000000,100.000000,5.0,57.9649,55.6772,425.0761,427.3638,PENDING_AG03,FALSE,NOT_FOR_ENFORCEMENT,463.7194,33980.8077,483.0410,463.7194,19.3216,0.01232650,0.01183344,19.3216,463.7194,0.01183344,19.3216,19.3216,19.3216,0.0000,0.0000,463.7194,0.01183344,57.9649,55.6772,425.0761,427.3638,0.01084732,0.0109057,0.00049306,4.6858,5.6707,0.0774,15.5820,0.2688,1264.1035,201.3548,4.5499,4.6885,2.0771,4.1543,6.1317,8.4025,10.5031,18.5864,3.9466,-2.0771,2.528253,4.474023,1.127938,29,192,48,6,0.01915741,0.01232650,0.05216444,0E-8,0.000000,0.903271,0.017936,-0.04061604,2026-05-16,2026-07-20,31,1797,733,66,0.469697,0.970424,0.970991,0.063858,,,,,,,,GLOBAL_BASELINE_NO_ENTITY_RANKING,,,NOT_APPLICABLE_GLOBAL_BASELINE,HF9g-P5,,,,X 全窗基线 · 不参与实体赏罚,8395300,840,A168_HF9F_20260827_0900,2026-08-27 09:00:00
2026-06-03,150107794,1940,0,10.3857258584,-10.3857258584,-10.3857258584,0E-7,2,1,0.42424111999920651,0.300626750000,-0.8583927835584619,-0.655630731788307,-0.8583927835584619,0.12361436999920651,ELIGIBLE,R03b_20260811_FULL_v1,L1_ELIGIBILITY,v2026-08-11,2026-03-21..2026-08-06,baccarat_bet02_101_all_pairs_incl_sentinel,round_win = game_pnl > 0 (decisive only),COMPATIBILITY_ONLY_NOT_PRODUCTION,39187.2093,35396.6747,483.0410,8363,6242,-0.01232650,-0.05216444,-0.01154840,-0.01232650,-483.0410,39187.2093,OK,0.0000,19.3216,4.0000,96.0000,AG03-UNRESOLVED,ALL5_LEVELS_bet23_to_bet27,19.3216,19.3216,19.3216,0.0000,0.0000,4.000000,4.000000,4.000000,0.000000,0.000000,96.000000,96.000000,96.000000,100.000000,100.000000,5.0,57.9649,55.6772,425.0761,427.3638,PENDING_AG03,FALSE,NOT_FOR_ENFORCEMENT,463.7194,33980.8077,483.0410,463.7194,19.3216,0.01232650,0.01183344,19.3216,463.7194,0.01183344,19.3216,19.3216,19.3216,0.0000,0.0000,463.7194,0.01183344,57.9649,55.6772,425.0761,427.3638,0.01084732,0.0109057,0.00049306,4.6858,5.6707,0.0774,15.5820,0.2688,1264.1035,201.3548,4.5499,4.6885,2.0771,4.1543,6.1317,8.4025,10.5031,18.5864,3.9466,-2.0771,2.528253,4.474023,1.127938,29,192,48,6,0.01915741,0.01232650,0.05216444,0E-8,0.000000,0.903271,0.017936,-0.04061604,2026-05-16,2026-07-20,31,1797,733,66,0.469697,0.970424,0.970991,0.063858,,,,,,,,GLOBAL_BASELINE_NO_ENTITY_RANKING,,,NOT_APPLICABLE_GLOBAL_BASELINE,HF9g-P5,,,,X 全窗基线 · 不参与实体赏罚,8395301,840,A168_HF9F_20260827_0900,2026-08-27 09:00:00
2026-06-03,150107794,1941,0,55.8752051180,8.5162952039,8.5162952039,0.5000000,13,10,0.46570312422166103,0.442832735000,0.19447046867771284,0.32552155672303434,0.19447046867771284,0.02287038922166103,ELIGIBLE,R03b_20260811_FULL_v1,L1_ELIGIBILITY,v2026-08-11,2026-03-21..2026-08-06,baccarat_bet02_101_all_pairs_incl_sentinel,round_win = game_pnl > 0 (decisive only),COMPATIBILITY_ONLY_NOT_PRODUCTION,39187.2093,35396.6747,483.0410,8363,6242,-0.01232650,-0.05216444,-0.01154840,-0.01232650,-483.0410,39187.2093,OK,0.0000,19.3216,4.0000,96.0000,AG03-UNRESOLVED,ALL5_LEVELS_bet23_to_bet27,19.3216,19.3216,19.3216,0.0000,0.0000,4.000000,4.000000,4.000000,0.000000,0.000000,96.000000,96.000000,96.000000,100.000000,100.000000,5.0,57.9649,55.6772,425.0761,427.3638,PENDING_AG03,FALSE,NOT_FOR_ENFORCEMENT,463.7194,33980.8077,483.0410,463.7194,19.3216,0.01232650,0.01183344,19.3216,463.7194,0.01183344,19.3216,19.3216,19.3216,0.0000,0.0000,463.7194,0.01183344,57.9649,55.6772,425.0761,427.3638,0.01084732,0.0109057,0.00049306,4.6858,5.6707,0.0774,15.5820,0.2688,1264.1035,201.3548,4.5499,4.6885,2.0771,4.1543,6.1317,8.4025,10.5031,18.5864,3.9466,-2.0771,2.528253,4.474023,1.127938,29,192,48,6,0.01915741,0.01232650,0.05216444,0E-8,0.000000,0.903271,0.017936,-0.04061604,2026-05-16,2026-07-20,31,1797,733,66,0.469697,0.970424,0.970991,0.063858,,,,,,,,GLOBAL_BASELINE_NO_ENTITY_RANKING,,,NOT_APPLICABLE_GLOBAL_BASELINE,HF9g-P5,,,,X 全窗基线 · 不参与实体赏罚,8395302,840,A168_HF9F_20260827_0900,2026-08-27 09:00:00
2026-06-03,150107794,1947,0,13.2937290987,8.3708950419,8.3708950419,0.7500000,4,4,0.49994810000000000,0.499948100000,1.0002076053883384,1.0002076053883384,1.0002076053883384,0E-17,ELIGIBLE,R03b_20260811_FULL_v1,L1_ELIGIBILITY,v2026-08-11,2026-03-21..2026-08-06,baccarat_bet02_101_all_pairs_incl_sentinel,round_win = game_pnl > 0 (decisive only),COMPATIBILITY_ONLY_NOT_PRODUCTION,39187.2093,35396.6747,483.0410,8363,6242,-0.01232650,-0.05216444,-0.01154840,-0.01232650,-483.0410,39187.2093,OK,0.0000,19.3216,4.0000,96.0000,AG03-UNRESOLVED,ALL5_LEVELS_bet23_to_bet27,19.3216,19.3216,19.3216,0.0000,0.0000,4.000000,4.000000,4.000000,0.000000,0.000000,96.000000,96.000000,96.000000,100.000000,100.000000,5.0,57.9649,55.6772,425.0761,427.3638,PENDING_AG03,FALSE,NOT_FOR_ENFORCEMENT,463.7194,33980.8077,483.0410,463.7194,19.3216,0.01232650,0.01183344,19.3216,463.7194,0.01183344,19.3216,19.3216,19.3216,0.0000,0.0000,463.7194,0.01183344,57.9649,55.6772,425.0761,427.3638,0.01084732,0.0109057,0.00049306,4.6858,5.6707,0.0774,15.5820,0.2688,1264.1035,201.3548,4.5499,4.6885,2.0771,4.1543,6.1317,8.4025,10.5031,18.5864,3.9466,-2.0771,2.528253,4.474023,1.127938,29,192,48,6,0.01915741,0.01232650,0.05216444,0E-8,0.000000,0.903271,0.017936,-0.04061604,2026-05-16,2026-07-20,31,1797,733,66,0.469697,0.970424,0.970991,0.063858,,,,,,,,GLOBAL_BASELINE_NO_ENTITY_RANKING,,,NOT_APPLICABLE_GLOBAL_BASELINE,HF9g-P5,,,,X 全窗基线 · 不参与实体赏罚,8395303,840,A168_HF9F_20260827_0900,2026-08-27 09:00:00
2026-06-03,150107794,1951,0,4.1542903434,-4.1542903434,-4.1542903434,0E-7,1,1,0.50665070000000000,0.506650700000,-1.013391052207602,-1.013391052207602,-1.013391052207602,0E-17,ELIGIBLE,R03b_20260811_FULL_v1,L1_ELIGIBILITY,v2026-08-11,2026-03-21..2026-08-06,baccarat_bet02_101_all_pairs_incl_sentinel,round_win = game_pnl > 0 (decisive only),COMPATIBILITY_ONLY_NOT_PRODUCTION,39187.2093,35396.6747,483.0410,8363,6242,-0.01232650,-0.05216444,-0.01154840,-0.01232650,-483.0410,39187.2093,OK,0.0000,19.3216,4.0000,96.0000,AG03-UNRESOLVED,ALL5_LEVELS_bet23_to_bet27,19.3216,19.3216,19.3216,0.0000,0.0000,4.000000,4.000000,4.000000,0.000000,0.000000,96.000000,96.000000,96.000000,100.000000,100.000000,5.0,57.9649,55.6772,425.0761,427.3638,PENDING_AG03,FALSE,NOT_FOR_ENFORCEMENT,463.7194,33980.8077,483.0410,463.7194,19.3216,0.01232650,0.01183344,19.3216,463.7194,0.01183344,19.3216,19.3216,19.3216,0.0000,0.0000,463.7194,0.01183344,57.9649,55.6772,425.0761,427.3638,0.01084732,0.0109057,0.00049306,4.6858,5.6707,0.0774,15.5820,0.2688,1264.1035,201.3548,4.5499,4.6885,2.0771,4.1543,6.1317,8.4025,10.5031,18.5864,3.9466,-2.0771,2.528253,4.474023,1.127938,29,192,48,6,0.01915741,0.01232650,0.05216444,0E-8,0.000000,0.903271,0.017936,-0.04061604,2026-05-16,2026-07-20,31,1797,733,66,0.469697,0.970424,0.970991,0.063858,,,,,,,,GLOBAL_BASELINE_NO_ENTITY_RANKING,,,NOT_APPLICABLE_GLOBAL_BASELINE,HF9g-P5,,,,X 全窗基线 · 不参与实体赏罚,8395304,840,A168_HF9F_20260827_0900,2026-08-27 09:00:00
2026-06-03,150107794,1963,0,4.1542903434,-4.1542903434,-4.1542903434,0E-7,1,1,0.50665070000000000,0.506650700000,-1.013391052207602,-1.013391052207602,-1.013391052207602,0E-17,ELIGIBLE,R03b_20260811_FULL_v1,L1_ELIGIBILITY,v2026-08-11,2026-03-21..2026-08-06,baccarat_bet02_101_all_pairs_incl_sentinel,round_win = game_pnl > 0 (decisive only),COMPATIBILITY_ONLY_NOT_PRODUCTION,39187.2093,35396.6747,483.0410,8363,6242,-0.01232650,-0.05216444,-0.01154840,-0.01232650,-483.0410,39187.2093,OK,0.0000,19.3216,4.0000,96.0000,AG03-UNRESOLVED,ALL5_LEVELS_bet23_to_bet27,19.3216,19.3216,19.3216,0.0000,0.0000,4.000000,4.000000,4.000000,0.000000,0.000000,96.000000,96.000000,96.000000,100.000000,100.000000,5.0,57.9649,55.6772,425.0761,427.3638,PENDING_AG03,FALSE,NOT_FOR_ENFORCEMENT,463.7194,33980.8077,483.0410,463.7194,19.3216,0.01232650,0.01183344,19.3216,463.7194,0.01183344,19.3216,19.3216,19.3216,0.0000,0.0000,463.7194,0.01183344,57.9649,55.6772,425.0761,427.3638,0.01084732,0.0109057,0.00049306,4.6858,5.6707,0.0774,15.5820,0.2688,1264.1035,201.3548,4.5499,4.6885,2.0771,4.1543,6.1317,8.4025,10.5031,18.5864,3.9466,-2.0771,2.528253,4.474023,1.127938,29,192,48,6,0.01915741,0.01232650,0.05216444,0E-8,0.000000,0.903271,0.017936,-0.04061604,2026-05-16,2026-07-20,31,1797,733,66,0.469697,0.970424,0.970991,0.063858,,,,,,,,GLOBAL_BASELINE_NO_ENTITY_RANKING,,,NOT_APPLICABLE_GLOBAL_BASELINE,HF9g-P5,,,,X 全窗基线 · 不参与实体赏罚,8395305,840,A168_HF9F_20260827_0900,2026-08-27 09:00:00
2026-06-03,150107794,1966,0,8.1008661696,0E-10,0E-10,0.5000000,2,2,0.50665070000000000,0.506650700000,-0.018812684590367487,-0.018812684590367487,-0.018812684590367487,0E-17,ELIGIBLE,R03b_20260811_FULL_v1,L1_ELIGIBILITY,v2026-08-11,2026-03-21..2026-08-06,baccarat_bet02_101_all_pairs_incl_sentinel,round_win = game_pnl > 0 (decisive only),COMPATIBILITY_ONLY_NOT_PRODUCTION,39187.2093,35396.6747,483.0410,8363,6242,-0.01232650,-0.05216444,-0.01154840,-0.01232650,-483.0410,39187.2093,OK,0.0000,19.3216,4.0000,96.0000,AG03-UNRESOLVED,ALL5_LEVELS_bet23_to_bet27,19.3216,19.3216,19.3216,0.0000,0.0000,4.000000,4.000000,4.000000,0.000000,0.000000,96.000000,96.000000,96.000000,100.000000,100.000000,5.0,57.9649,55.6772,425.0761,427.3638,PENDING_AG03,FALSE,NOT_FOR_ENFORCEMENT,463.7194,33980.8077,483.0410,463.7194,19.3216,0.01232650,0.01183344,19.3216,463.7194,0.01183344,19.3216,19.3216,19.3216,0.0000,0.0000,463.7194,0.01183344,57.9649,55.6772,425.0761,427.3638,0.01084732,0.0109057,0.00049306,4.6858,5.6707,0.0774,15.5820,0.2688,1264.1035,201.3548,4.5499,4.6885,2.0771,4.1543,6.1317,8.4025,10.5031,18.5864,3.9466,-2.0771,2.528253,4.474023,1.127938,29,192,48,6,0.01915741,0.01232650,0.05216444,0E-8,0.000000,0.903271,0.017936,-0.04061604,2026-05-16,2026-07-20,31,1797,733,66,0.469697,0.970424,0.970991,0.063858,,,,,,,,GLOBAL_BASELINE_NO_ENTITY_RANKING,,,NOT_APPLICABLE_GLOBAL_BASELINE,HF9g-P5,,,,X 全窗基线 · 不参与实体赏罚,8395306,840,A168_HF9F_20260827_0900,2026-08-27 09:00:00
2026-06-03,150107794,1990,0,16.4094468564,3.5415325177,3.5415325177,0.6000000,5,5,0.50128862000000000,0.501288620000,0.4414521777673877,0.4414521777673877,0.4414521777673877,0E-17,ELIGIBLE,R03b_20260811_FULL_v1,L1_ELIGIBILITY,v2026-08-11,2026-03-21..2026-08-06,baccarat_bet02_101_all_pairs_incl_sentinel,round_win = game_pnl > 0 (decisive only),COMPATIBILITY_ONLY_NOT_PRODUCTION,39187.2093,35396.6747,483.0410,8363,6242,-0.01232650,-0.05216444,-0.01154840,-0.01232650,-483.0410,39187.2093,OK,0.0000,19.3216,4.0000,96.0000,AG03-UNRESOLVED,ALL5_LEVELS_bet23_to_bet27,19.3216,19.3216,19.3216,0.0000,0.0000,4.000000,4.000000,4.000000,0.000000,0.000000,96.000000,96.000000,96.000000,100.000000,100.000000,5.0,57.9649,55.6772,425.0761,427.3638,PENDING_AG03,FALSE,NOT_FOR_ENFORCEMENT,463.7194,33980.8077,483.0410,463.7194,19.3216,0.01232650,0.01183344,19.3216,463.7194,0.01183344,19.3216,19.3216,19.3216,0.0000,0.0000,463.7194,0.01183344,57.9649,55.6772,425.0761,427.3638,0.01084732,0.0109057,0.00049306,4.6858,5.6707,0.0774,15.5820,0.2688,1264.1035,201.3548,4.5499,4.6885,2.0771,4.1543,6.1317,8.4025,10.5031,18.5864,3.9466,-2.0771,2.528253,4.474023,1.127938,29,192,48,6,0.01915741,0.01232650,0.05216444,0E-8,0.000000,0.903271,0.017936,-0.04061604,2026-05-16,2026-07-20,31,1797,733,66,0.469697,0.970424,0.970991,0.063858,,,,,,,,GLOBAL_BASELINE_NO_ENTITY_RANKING,,,NOT_APPLICABLE_GLOBAL_BASELINE,HF9g-P5,,,,X 全窗基线 · 不参与实体赏罚,8395307,840,A168_HF9F_20260827_0900,2026-08-27 09:00:00
2026-06-03,150107794,1994,0,42.3737615024,-12.5563425628,-12.5563425628,0.5714286,10,8,0.47313508026292159,0.452631237500,0.5208726621671638,0.6314565148156501,0.5208726621671638,0.02050384276292159,ELIGIBLE,R03b_20260811_FULL_v1,L1_ELIGIBILITY,v2026-08-11,2026-03-21..2026-08-06,baccarat_bet02_101_all_pairs_incl_sentinel,round_win = game_pnl > 0 (decisive only),COMPATIBILITY_ONLY_NOT_PRODUCTION,39187.2093,35396.6747,483.0410,8363,6242,-0.01232650,-0.05216444,-0.01154840,-0.01232650,-483.0410,39187.2093,OK,0.0000,19.3216,4.0000,96.0000,AG03-UNRESOLVED,ALL5_LEVELS_bet23_to_bet27,19.3216,19.3216,19.3216,0.0000,0.0000,4.000000,4.000000,4.000000,0.000000,0.000000,96.000000,96.000000,96.000000,100.000000,100.000000,5.0,57.9649,55.6772,425.0761,427.3638,PENDING_AG03,FALSE,NOT_FOR_ENFORCEMENT,463.7194,33980.8077,483.0410,463.7194,19.3216,0.01232650,0.01183344,19.3216,463.7194,0.01183344,19.3216,19.3216,19.3216,0.0000,0.0000,463.7194,0.01183344,57.9649,55.6772,425.0761,427.3638,0.01084732,0.0109057,0.00049306,4.6858,5.6707,0.0774,15.5820,0.2688,1264.1035,201.3548,4.5499,4.6885,2.0771,4.1543,6.1317,8.4025,10.5031,18.5864,3.9466,-2.0771,2.528253,4.474023,1.127938,29,192,48,6,0.01915741,0.01232650,0.05216444,0E-8,0.000000,0.903271,0.017936,-0.04061604,2026-05-16,2026-07-20,31,1797,733,66,0.469697,0.970424,0.970991,0.063858,,,,,,,,GLOBAL_BASELINE_NO_ENTITY_RANKING,,,NOT_APPLICABLE_GLOBAL_BASELINE,HF9g-P5,,,,X 全窗基线 · 不参与实体赏罚,8395308,840,A168_HF9F_20260827_0900,2026-08-27 09:00:00
2026-06-03,150107794,2088,0,14.5400162018,-10.3857258584,-10.3857258584,0.3333333,4,3,0.46449367499960017,0.431273450000,-0.45550270670656134,-0.34252567542352924,-0.45550270670656134,0.03322022499960017,ELIGIBLE,R03b_20260811_FULL_v1,L1_ELIGIBILITY,v2026-08-11,2026-03-21..2026-08-06,baccarat_bet02_101_all_pairs_incl_sentinel,round_win = game_pnl > 0 (decisive only),COMPATIBILITY_ONLY_NOT_PRODUCTION,39187.2093,35396.6747,483.0410,8363,6242,-0.01232650,-0.05216444,-0.01154840,-0.01232650,-483.0410,39187.2093,OK,0.0000,19.3216,4.0000,96.0000,AG03-UNRESOLVED,ALL5_LEVELS_bet23_to_bet27,19.3216,19.3216,19.3216,0.0000,0.0000,4.000000,4.000000,4.000000,0.000000,0.000000,96.000000,96.000000,96.000000,100.000000,100.000000,5.0,57.9649,55.6772,425.0761,427.3638,PENDING_AG03,FALSE,NOT_FOR_ENFORCEMENT,463.7194,33980.8077,483.0410,463.7194,19.3216,0.01232650,0.01183344,19.3216,463.7194,0.01183344,19.3216,19.3216,19.3216,0.0000,0.0000,463.7194,0.01183344,57.9649,55.6772,425.0761,427.3638,0.01084732,0.0109057,0.00049306,4.6858,5.6707,0.0774,15.5820,0.2688,1264.1035,201.3548,4.5499,4.6885,2.0771,4.1543,6.1317,8.4025,10.5031,18.5864,3.9466,-2.0771,2.528253,4.474023,1.127938,29,192,48,6,0.01915741,0.01232650,0.05216444,0E-8,0.000000,0.903271,0.017936,-0.04061604,2026-05-16,2026-07-20,31,1797,733,66,0.469697,0.970424,0.970991,0.063858,,,,,,,,GLOBAL_BASELINE_NO_ENTITY_RANKING,,,NOT_APPLICABLE_GLOBAL_BASELINE,HF9g-P5,,,,X 全窗基线 · 不参与实体赏罚,8395309,840,A168_HF9F_20260827_0900,2026-08-27 09:00:00
2026-06-03,150107794,2101,0,12.4628710301,-8.3085806867,-8.3085806867,0E-7,3,2,0.45514471249938009,0.403638725000,-0.9139746830105308,-0.8227003755306537,-0.9139746830105308,0.05150598749938009,ELIGIBLE,R03b_20260811_FULL_v1,L1_ELIGIBILITY,v2026-08-11,2026-03-21..2026-08-06,baccarat_bet02_101_all_pairs_incl_sentinel,round_win = game_pnl > 0 (decisive only),COMPATIBILITY_ONLY_NOT_PRODUCTION,39187.2093,35396.6747,483.0410,8363,6242,-0.01232650,-0.05216444,-0.01154840,-0.01232650,-483.0410,39187.2093,OK,0.0000,19.3216,4.0000,96.0000,AG03-UNRESOLVED,ALL5_LEVELS_bet23_to_bet27,19.3216,19.3216,19.3216,0.0000,0.0000,4.000000,4.000000,4.000000,0.000000,0.000000,96.000000,96.000000,96.000000,100.000000,100.000000,5.0,57.9649,55.6772,425.0761,427.3638,PENDING_AG03,FALSE,NOT_FOR_ENFORCEMENT,463.7194,33980.8077,483.0410,463.7194,19.3216,0.01232650,0.01183344,19.3216,463.7194,0.01183344,19.3216,19.3216,19.3216,0.0000,0.0000,463.7194,0.01183344,57.9649,55.6772,425.0761,427.3638,0.01084732,0.0109057,0.00049306,4.6858,5.6707,0.0774,15.5820,0.2688,1264.1035,201.3548,4.5499,4.6885,2.0771,4.1543,6.1317,8.4025,10.5031,18.5864,3.9466,-2.0771,2.528253,4.474023,1.127938,29,192,48,6,0.01915741,0.01232650,0.05216444,0E-8,0.000000,0.903271,0.017936,-0.04061604,2026-05-16,2026-07-20,31,1797,733,66,0.469697,0.970424,0.970991,0.063858,,,,,,,,GLOBAL_BASELINE_NO_ENTITY_RANKING,,,NOT_APPLICABLE_GLOBAL_BASELINE,HF9g-P5,,,,X 全窗基线 · 不参与实体赏罚,8395310,840,A168_HF9F_20260827_0900,2026-08-27 09:00:00
2026-06-03,150107794,2106,0,24.9257420602,-0.5192862929,-0.5192862929,0.5000000,6,4,0.47978060624969004,0.453469062500,0.08094378558634192,0.186934986652398,0.08094378558634192,0.02631154374969004,ELIGIBLE,R03b_20260811_FULL_v1,L1_ELIGIBILITY,v2026-08-11,2026-03-21..2026-08-06,baccarat_bet02_101_all_pairs_incl_sentinel,round_win = game_pnl > 0 (decisive only),COMPATIBILITY_ONLY_NOT_PRODUCTION,39187.2093,35396.6747,483.0410,8363,6242,-0.01232650,-0.05216444,-0.01154840,-0.01232650,-483.0410,39187.2093,OK,0.0000,19.3216,4.0000,96.0000,AG03-UNRESOLVED,ALL5_LEVELS_bet23_to_bet27,19.3216,19.3216,19.3216,0.0000,0.0000,4.000000,4.000000,4.000000,0.000000,0.000000,96.000000,96.000000,96.000000,100.000000,100.000000,5.0,57.9649,55.6772,425.0761,427.3638,PENDING_AG03,FALSE,NOT_FOR_ENFORCEMENT,463.7194,33980.8077,483.0410,463.7194,19.3216,0.01232650,0.01183344,19.3216,463.7194,0.01183344,19.3216,19.3216,19.3216,0.0000,0.0000,463.7194,0.01183344,57.9649,55.6772,425.0761,427.3638,0.01084732,0.0109057,0.00049306,4.6858,5.6707,0.0774,15.5820,0.2688,1264.1035,201.3548,4.5499,4.6885,2.0771,4.1543,6.1317,8.4025,10.5031,18.5864,3.9466,-2.0771,2.528253,4.474023,1.127938,29,192,48,6,0.01915741,0.01232650,0.05216444,0E-8,0.000000,0.903271,0.017936,-0.04061604,2026-05-16,2026-07-20,31,1797,733,66,0.469697,0.970424,0.970991,0.063858,,,,,,,,GLOBAL_BASELINE_NO_ENTITY_RANKING,,,NOT_APPLICABLE_GLOBAL_BASELINE,HF9g-P5,,,,X 全窗基线 · 不参与实体赏罚,8395311,840,A168_HF9F_20260827_0900,2026-08-27 09:00:00
2026-06-03,150107794,2122,0,50.6823421890,16.6171613733,16.6171613733,0.7500000,8,4,0.43388442114484504,0.298951100000,1.275664040423402,1.9705133871783143,1.275664040423402,0.13493332114484504,ELIGIBLE,R03b_20260811_FULL_v1,L1_ELIGIBILITY,v2026-08-11,2026-03-21..2026-08-06,baccarat_bet02_101_all_pairs_incl_sentinel,round_win = game_pnl > 0 (decisive only),COMPATIBILITY_ONLY_NOT_PRODUCTION,39187.2093,35396.6747,483.0410,8363,6242,-0.01232650,-0.05216444,-0.01154840,-0.01232650,-483.0410,39187.2093,OK,0.0000,19.3216,4.0000,96.0000,AG03-UNRESOLVED,ALL5_LEVELS_bet23_to_bet27,19.3216,19.3216,19.3216,0.0000,0.0000,4.000000,4.000000,4.000000,0.000000,0.000000,96.000000,96.000000,96.000000,100.000000,100.000000,5.0,57.9649,55.6772,425.0761,427.3638,PENDING_AG03,FALSE,NOT_FOR_ENFORCEMENT,463.7194,33980.8077,483.0410,463.7194,19.3216,0.01232650,0.01183344,19.3216,463.7194,0.01183344,19.3216,19.3216,19.3216,0.0000,0.0000,463.7194,0.01183344,57.9649,55.6772,425.0761,427.3638,0.01084732,0.0109057,0.00049306,4.6858,5.6707,0.0774,15.5820,0.2688,1264.1035,201.3548,4.5499,4.6885,2.0771,4.1543,6.1317,8.4025,10.5031,18.5864,3.9466,-2.0771,2.528253,4.474023,1.127938,29,192,48,6,0.01915741,0.01232650,0.05216444,0E-8,0.000000,0.903271,0.017936,-0.04061604,2026-05-16,2026-07-20,31,1797,733,66,0.469697,0.970424,0.970991,0.063858,,,,,,,,GLOBAL_BASELINE_NO_ENTITY_RANKING,,,NOT_APPLICABLE_GLOBAL_BASELINE,HF9g-P5,,,,X 全窗基线 · 不参与实体赏罚,8395312,840,A168_HF9F_20260827_0900,2026-08-27 09:00:00
2026-06-03,150107794,2130,0,46.7357663629,-10.3441829550,-10.3441829550,0.5714286,12,8,0.43454505881654751,0.397773950000,0.7306068698565331,0.9387229330341275,0.7306068698565331,0.03677110881654751,ELIGIBLE,R03b_20260811_FULL_v1,L1_ELIGIBILITY,v2026-08-11,2026-03-21..2026-08-06,baccarat_bet02_101_all_pairs_incl_sentinel,round_win = game_pnl > 0 (decisive only),COMPATIBILITY_ONLY_NOT_PRODUCTION,39187.2093,35396.6747,483.0410,8363,6242,-0.01232650,-0.05216444,-0.01154840,-0.01232650,-483.0410,39187.2093,OK,0.0000,19.3216,4.0000,96.0000,AG03-UNRESOLVED,ALL5_LEVELS_bet23_to_bet27,19.3216,19.3216,19.3216,0.0000,0.0000,4.000000,4.000000,4.000000,0.000000,0.000000,96.000000,96.000000,96.000000,100.000000,100.000000,5.0,57.9649,55.6772,425.0761,427.3638,PENDING_AG03,FALSE,NOT_FOR_ENFORCEMENT,463.7194,33980.8077,483.0410,463.7194,19.3216,0.01232650,0.01183344,19.3216,463.7194,0.01183344,19.3216,19.3216,19.3216,0.0000,0.0000,463.7194,0.01183344,57.9649,55.6772,425.0761,427.3638,0.01084732,0.0109057,0.00049306,4.6858,5.6707,0.0774,15.5820,0.2688,1264.1035,201.3548,4.5499,4.6885,2.0771,4.1543,6.1317,8.4025,10.5031,18.5864,3.9466,-2.0771,2.528253,4.474023,1.127938,29,192,48,6,0.01915741,0.01232650,0.05216444,0E-8,0.000000,0.903271,0.017936,-0.04061604,2026-05-16,2026-07-20,31,1797,733,66,0.469697,0.970424,0.970991,0.063858,,,,,,,,GLOBAL_BASELINE_NO_ENTITY_RANKING,,,NOT_APPLICABLE_GLOBAL_BASELINE,HF9g-P5,,,,X 全窗基线 · 不参与实体赏罚,8395313,840,A168_HF9F_20260827_0900,2026-08-27 09:00:00
2026-06-03,150107794,2147,0,22.2254533370,-13.9168726502,-13.9168726502,0.3333333,6,6,0.49771390000000000,0.497713900000,-0.8053054414300617,-0.8053054414300617,-0.8053054414300617,0E-17,ELIGIBLE,R03b_20260811_FULL_v1,L1_ELIGIBILITY,v2026-08-11,2026-03-21..2026-08-06,baccarat_bet02_101_all_pairs_incl_sentinel,round_win = game_pnl > 0 (decisive only),COMPATIBILITY_ONLY_NOT_PRODUCTION,39187.2093,35396.6747,483.0410,8363,6242,-0.01232650,-0.05216444,-0.01154840,-0.01232650,-483.0410,39187.2093,OK,0.0000,19.3216,4.0000,96.0000,AG03-UNRESOLVED,ALL5_LEVELS_bet23_to_bet27,19.3216,19.3216,19.3216,0.0000,0.0000,4.000000,4.000000,4.000000,0.000000,0.000000,96.000000,96.000000,96.000000,100.000000,100.000000,5.0,57.9649,55.6772,425.0761,427.3638,PENDING_AG03,FALSE,NOT_FOR_ENFORCEMENT,463.7194,33980.8077,483.0410,463.7194,19.3216,0.01232650,0.01183344,19.3216,463.7194,0.01183344,19.3216,19.3216,19.3216,0.0000,0.0000,463.7194,0.01183344,57.9649,55.6772,425.0761,427.3638,0.01084732,0.0109057,0.00049306,4.6858,5.6707,0.0774,15.5820,0.2688,1264.1035,201.3548,4.5499,4.6885,2.0771,4.1543,6.1317,8.4025,10.5031,18.5864,3.9466,-2.0771,2.528253,4.474023,1.127938,29,192,48,6,0.01915741,0.01232650,0.05216444,0E-8,0.000000,0.903271,0.017936,-0.04061604,2026-05-16,2026-07-20,31,1797,733,66,0.469697,0.970424,0.970991,0.063858,,,,,,,,GLOBAL_BASELINE_NO_ENTITY_RANKING,,,NOT_APPLICABLE_GLOBAL_BASELINE,HF9g-P5,,,,X 全窗基线 · 不参与实体赏罚,8395314,840,A168_HF9F_20260827_0900,2026-08-27 09:00:00
2026-06-03,150107794,2152,0,39.6734727790,-10.5103545687,-10.5103545687,0.5000000,8,4,0.40224987687766611,0.298951100000,0.39869382718757396,0.8783294869524662,0.39869382718757396,0.10329877687766611,ELIGIBLE,R03b_20260811_FULL_v1,L1_ELIGIBILITY,v2026-08-11,2026-03-21..2026-08-06,baccarat_bet02_101_all_pairs_incl_sentinel,round_win = game_pnl > 0 (decisive only),COMPATIBILITY_ONLY_NOT_PRODUCTION,39187.2093,35396.6747,483.0410,8363,6242,-0.01232650,-0.05216444,-0.01154840,-0.01232650,-483.0410,39187.2093,OK,0.0000,19.3216,4.0000,96.0000,AG03-UNRESOLVED,ALL5_LEVELS_bet23_to_bet27,19.3216,19.3216,19.3216,0.0000,0.0000,4.000000,4.000000,4.000000,0.000000,0.000000,96.000000,96.000000,96.000000,100.000000,100.000000,5.0,57.9649,55.6772,425.0761,427.3638,PENDING_AG03,FALSE,NOT_FOR_ENFORCEMENT,463.7194,33980.8077,483.0410,463.7194,19.3216,0.01232650,0.01183344,19.3216,463.7194,0.01183344,19.3216,19.3216,19.3216,0.0000,0.0000,463.7194,0.01183344,57.9649,55.6772,425.0761,427.3638,0.01084732,0.0109057,0.00049306,4.6858,5.6707,0.0774,15.5820,0.2688,1264.1035,201.3548,4.5499,4.6885,2.0771,4.1543,6.1317,8.4025,10.5031,18.5864,3.9466,-2.0771,2.528253,4.474023,1.127938,29,192,48,6,0.01915741,0.01232650,0.05216444,0E-8,0.000000,0.903271,0.017936,-0.04061604,2026-05-16,2026-07-20,31,1797,733,66,0.469697,0.970424,0.970991,0.063858,,,,,,,,GLOBAL_BASELINE_NO_ENTITY_RANKING,,,NOT_APPLICABLE_GLOBAL_BASELINE,HF9g-P5,,,,X 全窗基线 · 不参与实体赏罚,8395315,840,A168_HF9F_20260827_0900,2026-08-27 09:00:00
2026-06-03,150107794,2153,0,2.0771451717,-2.0771451717,-2.0771451717,0E-7,1,1,0.49324550000000000,0.493245500000,-0.9865810262130424,-0.9865810262130424,-0.9865810262130424,0E-17,ELIGIBLE,R03b_20260811_FULL_v1,L1_ELIGIBILITY,v2026-08-11,2026-03-21..2026-08-06,baccarat_bet02_101_all_pairs_incl_sentinel,round_win = game_pnl > 0 (decisive only),COMPATIBILITY_ONLY_NOT_PRODUCTION,39187.2093,35396.6747,483.0410,8363,6242,-0.01232650,-0.05216444,-0.01154840,-0.01232650,-483.0410,39187.2093,OK,0.0000,19.3216,4.0000,96.0000,AG03-UNRESOLVED,ALL5_LEVELS_bet23_to_bet27,19.3216,19.3216,19.3216,0.0000,0.0000,4.000000,4.000000,4.000000,0.000000,0.000000,96.000000,96.000000,96.000000,100.000000,100.000000,5.0,57.9649,55.6772,425.0761,427.3638,PENDING_AG03,FALSE,NOT_FOR_ENFORCEMENT,463.7194,33980.8077,483.0410,463.7194,19.3216,0.01232650,0.01183344,19.3216,463.7194,0.01183344,19.3216,19.3216,19.3216,0.0000,0.0000,463.7194,0.01183344,57.9649,55.6772,425.0761,427.3638,0.01084732,0.0109057,0.00049306,4.6858,5.6707,0.0774,15.5820,0.2688,1264.1035,201.3548,4.5499,4.6885,2.0771,4.1543,6.1317,8.4025,10.5031,18.5864,3.9466,-2.0771,2.528253,4.474023,1.127938,29,192,48,6,0.01915741,0.01232650,0.05216444,0E-8,0.000000,0.903271,0.017936,-0.04061604,2026-05-16,2026-07-20,31,1797,733,66,0.469697,0.970424,0.970991,0.063858,,,,,,,,GLOBAL_BASELINE_NO_ENTITY_RANKING,,,NOT_APPLICABLE_GLOBAL_BASELINE,HF9g-P5,,,,X 全窗基线 · 不参与实体赏罚,8395316,840,A168_HF9F_20260827_0900,2026-08-27 09:00:00
2026-06-03,150107794,2156,0,27.0028872320,-18.6943065452,-18.6943065452,0.1666667,8,6,0.45267553333333333,0.430156350000,-1.4074701079457337,-1.3036115959764558,-1.4074701079457337,0.02251918333333333,ELIGIBLE,R03b_20260811_FULL_v1,L1_ELIGIBILITY,v2026-08-11,2026-03-21..2026-08-06,baccarat_bet02_101_all_pairs_incl_sentinel,round_win = game_pnl > 0 (decisive only),COMPATIBILITY_ONLY_NOT_PRODUCTION,39187.2093,35396.6747,483.0410,8363,6242,-0.01232650,-0.05216444,-0.01154840,-0.01232650,-483.0410,39187.2093,OK,0.0000,19.3216,4.0000,96.0000,AG03-UNRESOLVED,ALL5_LEVELS_bet23_to_bet27,19.3216,19.3216,19.3216,0.0000,0.0000,4.000000,4.000000,4.000000,0.000000,0.000000,96.000000,96.000000,96.000000,100.000000,100.000000,5.0,57.9649,55.6772,425.0761,427.3638,PENDING_AG03,FALSE,NOT_FOR_ENFORCEMENT,463.7194,33980.8077,483.0410,463.7194,19.3216,0.01232650,0.01183344,19.3216,463.7194,0.01183344,19.3216,19.3216,19.3216,0.0000,0.0000,463.7194,0.01183344,57.9649,55.6772,425.0761,427.3638,0.01084732,0.0109057,0.00049306,4.6858,5.6707,0.0774,15.5820,0.2688,1264.1035,201.3548,4.5499,4.6885,2.0771,4.1543,6.1317,8.4025,10.5031,18.5864,3.9466,-2.0771,2.528253,4.474023,1.127938,29,192,48,6,0.01915741,0.01232650,0.05216444,0E-8,0.000000,0.903271,0.017936,-0.04061604,2026-05-16,2026-07-20,31,1797,733,66,0.469697,0.970424,0.970991,0.063858,,,,,,,,GLOBAL_BASELINE_NO_ENTITY_RANKING,,,NOT_APPLICABLE_GLOBAL_BASELINE,HF9g-P5,,,,X 全窗基线 · 不参与实体赏罚,8395317,840,A168_HF9F_20260827_0900,2026-08-27 09:00:00
2026-06-03,150107794,2175,0,20.7714517168,-0.5192862929,-0.5192862929,0.3333333,3,3,0.49771390000000000,0.497713900000,-0.5694369385616226,-0.5694369385616226,-0.5694369385616226,0E-17,ELIGIBLE,R03b_20260811_FULL_v1,L1_ELIGIBILITY,v2026-08-11,2026-03-21..2026-08-06,baccarat_bet02_101_all_pairs_incl_sentinel,round_win = game_pnl > 0 (decisive only),COMPATIBILITY_ONLY_NOT_PRODUCTION,39187.2093,35396.6747,483.0410,8363,6242,-0.01232650,-0.05216444,-0.01154840,-0.01232650,-483.0410,39187.2093,OK,0.0000,19.3216,4.0000,96.0000,AG03-UNRESOLVED,ALL5_LEVELS_bet23_to_bet27,19.3216,19.3216,19.3216,0.0000,0.0000,4.000000,4.000000,4.000000,0.000000,0.000000,96.000000,96.000000,96.000000,100.000000,100.000000,5.0,57.9649,55.6772,425.0761,427.3638,PENDING_AG03,FALSE,NOT_FOR_ENFORCEMENT,463.7194,33980.8077,483.0410,463.7194,19.3216,0.01232650,0.01183344,19.3216,463.7194,0.01183344,19.3216,19.3216,19.3216,0.0000,0.0000,463.7194,0.01183344,57.9649,55.6772,425.0761,427.3638,0.01084732,0.0109057,0.00049306,4.6858,5.6707,0.0774,15.5820,0.2688,1264.1035,201.3548,4.5499,4.6885,2.0771,4.1543,6.1317,8.4025,10.5031,18.5864,3.9466,-2.0771,2.528253,4.474023,1.127938,29,192,48,6,0.01915741,0.01232650,0.05216444,0E-8,0.000000,0.903271,0.017936,-0.04061604,2026-05-16,2026-07-20,31,1797,733,66,0.469697,0.970424,0.970991,0.063858,,,,,,,,GLOBAL_BASELINE_NO_ENTITY_RANKING,,,NOT_APPLICABLE_GLOBAL_BASELINE,HF9g-P5,,,,X 全窗基线 · 不参与实体赏罚,8395318,840,A168_HF9F_20260827_0900,2026-08-27 09:00:00
2026-06-03,150107794,2177,0,25.1334565773,-12.6705855473,-12.6705855473,0.2500000,6,4,0.44159210137193677,0.393584825000,-0.7716514413460048,-0.5878064345006628,-0.7716514413460048,0.04800727637193677,ELIGIBLE,R03b_20260811_FULL_v1,L1_ELIGIBILITY,v2026-08-11,2026-03-21..2026-08-06,baccarat_bet02_101_all_pairs_incl_sentinel,round_win = game_pnl > 0 (decisive only),COMPATIBILITY_ONLY_NOT_PRODUCTION,39187.2093,35396.6747,483.0410,8363,6242,-0.01232650,-0.05216444,-0.01154840,-0.01232650,-483.0410,39187.2093,OK,0.0000,19.3216,4.0000,96.0000,AG03-UNRESOLVED,ALL5_LEVELS_bet23_to_bet27,19.3216,19.3216,19.3216,0.0000,0.0000,4.000000,4.000000,4.000000,0.000000,0.000000,96.000000,96.000000,96.000000,100.000000,100.000000,5.0,57.9649,55.6772,425.0761,427.3638,PENDING_AG03,FALSE,NOT_FOR_ENFORCEMENT,463.7194,33980.8077,483.0410,463.7194,19.3216,0.01232650,0.01183344,19.3216,463.7194,0.01183344,19.3216,19.3216,19.3216,0.0000,0.0000,463.7194,0.01183344,57.9649,55.6772,425.0761,427.3638,0.01084732,0.0109057,0.00049306,4.6858,5.6707,0.0774,15.5820,0.2688,1264.1035,201.3548,4.5499,4.6885,2.0771,4.1543,6.1317,8.4025,10.5031,18.5864,3.9466,-2.0771,2.528253,4.474023,1.127938,29,192,48,6,0.01915741,0.01232650,0.05216444,0E-8,0.000000,0.903271,0.017936,-0.04061604,2026-05-16,2026-07-20,31,1797,733,66,0.469697,0.970424,0.970991,0.063858,,,,,,,,GLOBAL_BASELINE_NO_ENTITY_RANKING,,,NOT_APPLICABLE_GLOBAL_BASELINE,HF9g-P5,,,,X 全窗基线 · 不参与实体赏罚,8395319,840,A168_HF9F_20260827_0900,2026-08-27 09:00:00
2026-06-03,150107794,2189,0,31.1571775753,-14.6438734605,-14.6438734605,0.4000000,8,5,0.43794091699960657,0.380355290000,-0.17099919993055698,0.09048248522782341,-0.17099919993055698,0.05758562699960657,ELIGIBLE,R03b_20260811_FULL_v1,L1_ELIGIBILITY,v2026-08-11,2026-03-21..2026-08-06,baccarat_bet02_101_all_pairs_incl_sentinel,round_win = game_pnl > 0 (decisive only),COMPATIBILITY_ONLY_NOT_PRODUCTION,39187.2093,35396.6747,483.0410,8363,6242,-0.01232650,-0.05216444,-0.01154840,-0.01232650,-483.0410,39187.2093,OK,0.0000,19.3216,4.0000,96.0000,AG03-UNRESOLVED,ALL5_LEVELS_bet23_to_bet27,19.3216,19.3216,19.3216,0.0000,0.0000,4.000000,4.000000,4.000000,0.000000,0.000000,96.000000,96.000000,96.000000,100.000000,100.000000,5.0,57.9649,55.6772,425.0761,427.3638,PENDING_AG03,FALSE,NOT_FOR_ENFORCEMENT,463.7194,33980.8077,483.0410,463.7194,19.3216,0.01232650,0.01183344,19.3216,463.7194,0.01183344,19.3216,19.3216,19.3216,0.0000,0.0000,463.7194,0.01183344,57.9649,55.6772,425.0761,427.3638,0.01084732,0.0109057,0.00049306,4.6858,5.6707,0.0774,15.5820,0.2688,1264.1035,201.3548,4.5499,4.6885,2.0771,4.1543,6.1317,8.4025,10.5031,18.5864,3.9466,-2.0771,2.528253,4.474023,1.127938,29,192,48,6,0.01915741,0.01232650,0.05216444,0E-8,0.000000,0.903271,0.017936,-0.04061604,2026-05-16,2026-07-20,31,1797,733,66,0.469697,0.970424,0.970991,0.063858,,,,,,,,GLOBAL_BASELINE_NO_ENTITY_RANKING,,,NOT_APPLICABLE_GLOBAL_BASELINE,HF9g-P5,,,,X 全窗基线 · 不参与实体赏罚,8395320,840,A168_HF9F_20260827_0900,2026-08-27 09:00:00
2026-06-03,150107794,2196,0,128.5752861270,57.8796502087,57.8796502087,0.6842105,28,20,0.45740615747514874,0.421895210000,1.9844482711908704,2.3152338773518943,1.9844482711908704,0.03551094747514874,ELIGIBLE,R03b_20260811_FULL_v1,L1_ELIGIBILITY,v2026-08-11,2026-03-21..2026-08-06,baccarat_bet02_101_all_pairs_incl_sentinel,round_win = game_pnl > 0 (decisive only),COMPATIBILITY_ONLY_NOT_PRODUCTION,39187.2093,35396.6747,483.0410,8363,6242,-0.01232650,-0.05216444,-0.01154840,-0.01232650,-483.0410,39187.2093,OK,0.0000,19.3216,4.0000,96.0000,AG03-UNRESOLVED,ALL5_LEVELS_bet23_to_bet27,19.3216,19.3216,19.3216,0.0000,0.0000,4.000000,4.000000,4.000000,0.000000,0.000000,96.000000,96.000000,96.000000,100.000000,100.000000,5.0,57.9649,55.6772,425.0761,427.3638,PENDING_AG03,FALSE,NOT_FOR_ENFORCEMENT,463.7194,33980.8077,483.0410,463.7194,19.3216,0.01232650,0.01183344,19.3216,463.7194,0.01183344,19.3216,19.3216,19.3216,0.0000,0.0000,463.7194,0.01183344,57.9649,55.6772,425.0761,427.3638,0.01084732,0.0109057,0.00049306,4.6858,5.6707,0.0774,15.5820,0.2688,1264.1035,201.3548,4.5499,4.6885,2.0771,4.1543,6.1317,8.4025,10.5031,18.5864,3.9466,-2.0771,2.528253,4.474023,1.127938,29,192,48,6,0.01915741,0.01232650,0.05216444,0E-8,0.000000,0.903271,0.017936,-0.04061604,2026-05-16,2026-07-20,31,1797,733,66,0.469697,0.970424,0.970991,0.063858,,,,,,,,GLOBAL_BASELINE_NO_ENTITY_RANKING,,,NOT_APPLICABLE_GLOBAL_BASELINE,HF9g-P5,,,,X 全窗基线 · 不参与实体赏罚,8395321,840,A168_HF9F_20260827_0900,2026-08-27 09:00:00
2026-06-03,150107794,2198,0,37.3886130905,-16.6171613735,-16.6171613735,0.4285714,8,7,0.48702496326525017,0.466686050000,-0.30941122938740967,-0.2021327799789167,-0.30941122938740967,0.02033891326525017,ELIGIBLE,R03b_20260811_FULL_v1,L1_ELIGIBILITY,v2026-08-11,2026-03-21..2026-08-06,baccarat_bet02_101_all_pairs_incl_sentinel,round_win = game_pnl > 0 (decisive only),COMPATIBILITY_ONLY_NOT_PRODUCTION,39187.2093,35396.6747,483.0410,8363,6242,-0.01232650,-0.05216444,-0.01154840,-0.01232650,-483.0410,39187.2093,OK,0.0000,19.3216,4.0000,96.0000,AG03-UNRESOLVED,ALL5_LEVELS_bet23_to_bet27,19.3216,19.3216,19.3216,0.0000,0.0000,4.000000,4.000000,4.000000,0.000000,0.000000,96.000000,96.000000,96.000000,100.000000,100.000000,5.0,57.9649,55.6772,425.0761,427.3638,PENDING_AG03,FALSE,NOT_FOR_ENFORCEMENT,463.7194,33980.8077,483.0410,463.7194,19.3216,0.01232650,0.01183344,19.3216,463.7194,0.01183344,19.3216,19.3216,19.3216,0.0000,0.0000,463.7194,0.01183344,57.9649,55.6772,425.0761,427.3638,0.01084732,0.0109057,0.00049306,4.6858,5.6707,0.0774,15.5820,0.2688,1264.1035,201.3548,4.5499,4.6885,2.0771,4.1543,6.1317,8.4025,10.5031,18.5864,3.9466,-2.0771,2.528253,4.474023,1.127938,29,192,48,6,0.01915741,0.01232650,0.05216444,0E-8,0.000000,0.903271,0.017936,-0.04061604,2026-05-16,2026-07-20,31,1797,733,66,0.469697,0.970424,0.970991,0.063858,,,,,,,,GLOBAL_BASELINE_NO_ENTITY_RANKING,,,NOT_APPLICABLE_GLOBAL_BASELINE,HF9g-P5,,,,X 全窗基线 · 不参与实体赏罚,8395322,840,A168_HF9F_20260827_0900,2026-08-27 09:00:00
2026-06-03,150107794,2202,0,4.1542903434,-4.1542903434,-4.1542903434,0E-7,1,1,0.50665070000000000,0.506650700000,-1.013391052207602,-1.013391052207602,-1.013391052207602,0E-17,ELIGIBLE,R03b_20260811_FULL_v1,L1_ELIGIBILITY,v2026-08-11,2026-03-21..2026-08-06,baccarat_bet02_101_all_pairs_incl_sentinel,round_win = game_pnl > 0 (decisive only),COMPATIBILITY_ONLY_NOT_PRODUCTION,39187.2093,35396.6747,483.0410,8363,6242,-0.01232650,-0.05216444,-0.01154840,-0.01232650,-483.0410,39187.2093,OK,0.0000,19.3216,4.0000,96.0000,AG03-UNRESOLVED,ALL5_LEVELS_bet23_to_bet27,19.3216,19.3216,19.3216,0.0000,0.0000,4.000000,4.000000,4.000000,0.000000,0.000000,96.000000,96.000000,96.000000,100.000000,100.000000,5.0,57.9649,55.6772,425.0761,427.3638,PENDING_AG03,FALSE,NOT_FOR_ENFORCEMENT,463.7194,33980.8077,483.0410,463.7194,19.3216,0.01232650,0.01183344,19.3216,463.7194,0.01183344,19.3216,19.3216,19.3216,0.0000,0.0000,463.7194,0.01183344,57.9649,55.6772,425.0761,427.3638,0.01084732,0.0109057,0.00049306,4.6858,5.6707,0.0774,15.5820,0.2688,1264.1035,201.3548,4.5499,4.6885,2.0771,4.1543,6.1317,8.4025,10.5031,18.5864,3.9466,-2.0771,2.528253,4.474023,1.127938,29,192,48,6,0.01915741,0.01232650,0.05216444,0E-8,0.000000,0.903271,0.017936,-0.04061604,2026-05-16,2026-07-20,31,1797,733,66,0.469697,0.970424,0.970991,0.063858,,,,,,,,GLOBAL_BASELINE_NO_ENTITY_RANKING,,,NOT_APPLICABLE_GLOBAL_BASELINE,HF9g-P5,,,,X 全窗基线 · 不参与实体赏罚,8395323,840,A168_HF9F_20260827_0900,2026-08-27 09:00:00
2026-06-03,150107794,2210,0,31.7803211267,-5.0370770412,-5.0370770412,0.5000000,7,4,0.44677389339264182,0.398611775000,0.21412110116147537,0.4141569880160188,0.21412110116147537,0.04816211839264182,ELIGIBLE,R03b_20260811_FULL_v1,L1_ELIGIBILITY,v2026-08-11,2026-03-21..2026-08-06,baccarat_bet02_101_all_pairs_incl_sentinel,round_win = game_pnl > 0 (decisive only),COMPATIBILITY_ONLY_NOT_PRODUCTION,39187.2093,35396.6747,483.0410,8363,6242,-0.01232650,-0.05216444,-0.01154840,-0.01232650,-483.0410,39187.2093,OK,0.0000,19.3216,4.0000,96.0000,AG03-UNRESOLVED,ALL5_LEVELS_bet23_to_bet27,19.3216,19.3216,19.3216,0.0000,0.0000,4.000000,4.000000,4.000000,0.000000,0.000000,96.000000,96.000000,96.000000,100.000000,100.000000,5.0,57.9649,55.6772,425.0761,427.3638,PENDING_AG03,FALSE,NOT_FOR_ENFORCEMENT,463.7194,33980.8077,483.0410,463.7194,19.3216,0.01232650,0.01183344,19.3216,463.7194,0.01183344,19.3216,19.3216,19.3216,0.0000,0.0000,463.7194,0.01183344,57.9649,55.6772,425.0761,427.3638,0.01084732,0.0109057,0.00049306,4.6858,5.6707,0.0774,15.5820,0.2688,1264.1035,201.3548,4.5499,4.6885,2.0771,4.1543,6.1317,8.4025,10.5031,18.5864,3.9466,-2.0771,2.528253,4.474023,1.127938,29,192,48,6,0.01915741,0.01232650,0.05216444,0E-8,0.000000,0.903271,0.017936,-0.04061604,2026-05-16,2026-07-20,31,1797,733,66,0.469697,0.970424,0.970991,0.063858,,,,,,,,GLOBAL_BASELINE_NO_ENTITY_RANKING,,,NOT_APPLICABLE_GLOBAL_BASELINE,HF9g-P5,,,,X 全窗基线 · 不参与实体赏罚,8395324,840,A168_HF9F_20260827_0900,2026-08-27 09:00:00
2026-06-03,150107794,2216,0,38.8426147103,10.2403256963,10.2403256963,0.7142857,8,7,0.48186824873928015,0.468542092857,1.2306470706233816,1.3029343416181678,1.2306470706233816,0.01332615588228015,ELIGIBLE,R03b_20260811_FULL_v1,L1_ELIGIBILITY,v2026-08-11,2026-03-21..2026-08-06,baccarat_bet02_101_all_pairs_incl_sentinel,round_win = game_pnl > 0 (decisive only),COMPATIBILITY_ONLY_NOT_PRODUCTION,39187.2093,35396.6747,483.0410,8363,6242,-0.01232650,-0.05216444,-0.01154840,-0.01232650,-483.0410,39187.2093,OK,0.0000,19.3216,4.0000,96.0000,AG03-UNRESOLVED,ALL5_LEVELS_bet23_to_bet27,19.3216,19.3216,19.3216,0.0000,0.0000,4.000000,4.000000,4.000000,0.000000,0.000000,96.000000,96.000000,96.000000,100.000000,100.000000,5.0,57.9649,55.6772,425.0761,427.3638,PENDING_AG03,FALSE,NOT_FOR_ENFORCEMENT,463.7194,33980.8077,483.0410,463.7194,19.3216,0.01232650,0.01183344,19.3216,463.7194,0.01183344,19.3216,19.3216,19.3216,0.0000,0.0000,463.7194,0.01183344,57.9649,55.6772,425.0761,427.3638,0.01084732,0.0109057,0.00049306,4.6858,5.6707,0.0774,15.5820,0.2688,1264.1035,201.3548,4.5499,4.6885,2.0771,4.1543,6.1317,8.4025,10.5031,18.5864,3.9466,-2.0771,2.528253,4.474023,1.127938,29,192,48,6,0.01915741,0.01232650,0.05216444,0E-8,0.000000,0.903271,0.017936,-0.04061604,2026-05-16,2026-07-20,31,1797,733,66,0.469697,0.970424,0.970991,0.063858,,,,,,,,GLOBAL_BASELINE_NO_ENTITY_RANKING,,,NOT_APPLICABLE_GLOBAL_BASELINE,HF9g-P5,,,,X 全窗基线 · 不参与实体赏罚,8395325,840,A168_HF9F_20260827_0900,2026-08-27 09:00:00
2026-06-03,150107794,2222,0,12.0474419957,0.1038572586,0.1038572586,0.5000000,2,2,0.50665070000000000,0.506650700000,-0.018812684590367487,-0.018812684590367487,-0.018812684590367487,0E-17,ELIGIBLE,R03b_20260811_FULL_v1,L1_ELIGIBILITY,v2026-08-11,2026-03-21..2026-08-06,baccarat_bet02_101_all_pairs_incl_sentinel,round_win = game_pnl > 0 (decisive only),COMPATIBILITY_ONLY_NOT_PRODUCTION,39187.2093,35396.6747,483.0410,8363,6242,-0.01232650,-0.05216444,-0.01154840,-0.01232650,-483.0410,39187.2093,OK,0.0000,19.3216,4.0000,96.0000,AG03-UNRESOLVED,ALL5_LEVELS_bet23_to_bet27,19.3216,19.3216,19.3216,0.0000,0.0000,4.000000,4.000000,4.000000,0.000000,0.000000,96.000000,96.000000,96.000000,100.000000,100.000000,5.0,57.9649,55.6772,425.0761,427.3638,PENDING_AG03,FALSE,NOT_FOR_ENFORCEMENT,463.7194,33980.8077,483.0410,463.7194,19.3216,0.01232650,0.01183344,19.3216,463.7194,0.01183344,19.3216,19.3216,19.3216,0.0000,0.0000,463.7194,0.01183344,57.9649,55.6772,425.0761,427.3638,0.01084732,0.0109057,0.00049306,4.6858,5.6707,0.0774,15.5820,0.2688,1264.1035,201.3548,4.5499,4.6885,2.0771,4.1543,6.1317,8.4025,10.5031,18.5864,3.9466,-2.0771,2.528253,4.474023,1.127938,29,192,48,6,0.01915741,0.01232650,0.05216444,0E-8,0.000000,0.903271,0.017936,-0.04061604,2026-05-16,2026-07-20,31,1797,733,66,0.469697,0.970424,0.970991,0.063858,,,,,,,,GLOBAL_BASELINE_NO_ENTITY_RANKING,,,NOT_APPLICABLE_GLOBAL_BASELINE,HF9g-P5,,,,X 全窗基线 · 不参与实体赏罚,8395326,840,A168_HF9F_20260827_0900,2026-08-27 09:00:00
2026-06-03,150107794,2224,0,36.1423259873,-7.8931516523,-7.8931516523,0.5000000,8,6,0.46894286784393210,0.430156350000,0.152442613171157,0.3455505008525798,0.152442613171157,0.03878651784393210,ELIGIBLE,R03b_20260811_FULL_v1,L1_ELIGIBILITY,v2026-08-11,2026-03-21..2026-08-06,baccarat_bet02_101_all_pairs_incl_sentinel,round_win = game_pnl > 0 (decisive only),COMPATIBILITY_ONLY_NOT_PRODUCTION,39187.2093,35396.6747,483.0410,8363,6242,-0.01232650,-0.05216444,-0.01154840,-0.01232650,-483.0410,39187.2093,OK,0.0000,19.3216,4.0000,96.0000,AG03-UNRESOLVED,ALL5_LEVELS_bet23_to_bet27,19.3216,19.3216,19.3216,0.0000,0.0000,4.000000,4.000000,4.000000,0.000000,0.000000,96.000000,96.000000,96.000000,100.000000,100.000000,5.0,57.9649,55.6772,425.0761,427.3638,PENDING_AG03,FALSE,NOT_FOR_ENFORCEMENT,463.7194,33980.8077,483.0410,463.7194,19.3216,0.01232650,0.01183344,19.3216,463.7194,0.01183344,19.3216,19.3216,19.3216,0.0000,0.0000,463.7194,0.01183344,57.9649,55.6772,425.0761,427.3638,0.01084732,0.0109057,0.00049306,4.6858,5.6707,0.0774,15.5820,0.2688,1264.1035,201.3548,4.5499,4.6885,2.0771,4.1543,6.1317,8.4025,10.5031,18.5864,3.9466,-2.0771,2.528253,4.474023,1.127938,29,192,48,6,0.01915741,0.01232650,0.05216444,0E-8,0.000000,0.903271,0.017936,-0.04061604,2026-05-16,2026-07-20,31,1797,733,66,0.469697,0.970424,0.970991,0.063858,,,,,,,,GLOBAL_BASELINE_NO_ENTITY_RANKING,,,NOT_APPLICABLE_GLOBAL_BASELINE,HF9g-P5,,,,X 全窗基线 · 不参与实体赏罚,8395327,840,A168_HF9F_20260827_0900,2026-08-27 09:00:00
2026-06-03,150107794,2234,0,18.2788775108,-2.0771451717,-2.0771451717,0.3333333,3,3,0.49771390000000000,0.497713900000,-0.5694369385616226,-0.5694369385616226,-0.5694369385616226,0E-17,ELIGIBLE,R03b_20260811_FULL_v1,L1_ELIGIBILITY,v2026-08-11,2026-03-21..2026-08-06,baccarat_bet02_101_all_pairs_incl_sentinel,round_win = game_pnl > 0 (decisive only),COMPATIBILITY_ONLY_NOT_PRODUCTION,39187.2093,35396.6747,483.0410,8363,6242,-0.01232650,-0.05216444,-0.01154840,-0.01232650,-483.0410,39187.2093,OK,0.0000,19.3216,4.0000,96.0000,AG03-UNRESOLVED,ALL5_LEVELS_bet23_to_bet27,19.3216,19.3216,19.3216,0.0000,0.0000,4.000000,4.000000,4.000000,0.000000,0.000000,96.000000,96.000000,96.000000,100.000000,100.000000,5.0,57.9649,55.6772,425.0761,427.3638,PENDING_AG03,FALSE,NOT_FOR_ENFORCEMENT,463.7194,33980.8077,483.0410,463.7194,19.3216,0.01232650,0.01183344,19.3216,463.7194,0.01183344,19.3216,19.3216,19.3216,0.0000,0.0000,463.7194,0.01183344,57.9649,55.6772,425.0761,427.3638,0.01084732,0.0109057,0.00049306,4.6858,5.6707,0.0774,15.5820,0.2688,1264.1035,201.3548,4.5499,4.6885,2.0771,4.1543,6.1317,8.4025,10.5031,18.5864,3.9466,-2.0771,2.528253,4.474023,1.127938,29,192,48,6,0.01915741,0.01232650,0.05216444,0E-8,0.000000,0.903271,0.017936,-0.04061604,2026-05-16,2026-07-20,31,1797,733,66,0.469697,0.970424,0.970991,0.063858,,,,,,,,GLOBAL_BASELINE_NO_ENTITY_RANKING,,,NOT_APPLICABLE_GLOBAL_BASELINE,HF9g-P5,,,,X 全窗基线 · 不参与实体赏罚,8395328,840,A168_HF9F_20260827_0900,2026-08-27 09:00:00
2026-06-03,150107794,2261,0,27.0028872319,-10.3857258585,-10.3857258585,0.3333333,6,4,0.43181736124931629,0.396936125000,-0.34437562202913935,-0.22516186423383022,-0.34437562202913935,0.03488123624931629,ELIGIBLE,R03b_20260811_FULL_v1,L1_ELIGIBILITY,v2026-08-11,2026-03-21..2026-08-06,baccarat_bet02_101_all_pairs_incl_sentinel,round_win = game_pnl > 0 (decisive only),COMPATIBILITY_ONLY_NOT_PRODUCTION,39187.2093,35396.6747,483.0410,8363,6242,-0.01232650,-0.05216444,-0.01154840,-0.01232650,-483.0410,39187.2093,OK,0.0000,19.3216,4.0000,96.0000,AG03-UNRESOLVED,ALL5_LEVELS_bet23_to_bet27,19.3216,19.3216,19.3216,0.0000,0.0000,4.000000,4.000000,4.000000,0.000000,0.000000,96.000000,96.000000,96.000000,100.000000,100.000000,5.0,57.9649,55.6772,425.0761,427.3638,PENDING_AG03,FALSE,NOT_FOR_ENFORCEMENT,463.7194,33980.8077,483.0410,463.7194,19.3216,0.01232650,0.01183344,19.3216,463.7194,0.01183344,19.3216,19.3216,19.3216,0.0000,0.0000,463.7194,0.01183344,57.9649,55.6772,425.0761,427.3638,0.01084732,0.0109057,0.00049306,4.6858,5.6707,0.0774,15.5820,0.2688,1264.1035,201.3548,4.5499,4.6885,2.0771,4.1543,6.1317,8.4025,10.5031,18.5864,3.9466,-2.0771,2.528253,4.474023,1.127938,29,192,48,6,0.01915741,0.01232650,0.05216444,0E-8,0.000000,0.903271,0.017936,-0.04061604,2026-05-16,2026-07-20,31,1797,733,66,0.469697,0.970424,0.970991,0.063858,,,,,,,,GLOBAL_BASELINE_NO_ENTITY_RANKING,,,NOT_APPLICABLE_GLOBAL_BASELINE,HF9g-P5,,,,X 全窗基线 · 不参与实体赏罚,8395329,840,A168_HF9F_20260827_0900,2026-08-27 09:00:00
2026-06-03,150107794,2266,0,18.6943065452,8.3085806867,8.3085806867,0.5000000,5,3,0.41908294166625339,0.362598800000,0.2319252467053319,0.40419031585207515,0.2319252467053319,0.05648414166625339,ELIGIBLE,R03b_20260811_FULL_v1,L1_ELIGIBILITY,v2026-08-11,2026-03-21..2026-08-06,baccarat_bet02_101_all_pairs_incl_sentinel,round_win = game_pnl > 0 (decisive only),COMPATIBILITY_ONLY_NOT_PRODUCTION,39187.2093,35396.6747,483.0410,8363,6242,-0.01232650,-0.05216444,-0.01154840,-0.01232650,-483.0410,39187.2093,OK,0.0000,19.3216,4.0000,96.0000,AG03-UNRESOLVED,ALL5_LEVELS_bet23_to_bet27,19.3216,19.3216,19.3216,0.0000,0.0000,4.000000,4.000000,4.000000,0.000000,0.000000,96.000000,96.000000,96.000000,100.000000,100.000000,5.0,57.9649,55.6772,425.0761,427.3638,PENDING_AG03,FALSE,NOT_FOR_ENFORCEMENT,463.7194,33980.8077,483.0410,463.7194,19.3216,0.01232650,0.01183344,19.3216,463.7194,0.01183344,19.3216,19.3216,19.3216,0.0000,0.0000,463.7194,0.01183344,57.9649,55.6772,425.0761,427.3638,0.01084732,0.0109057,0.00049306,4.6858,5.6707,0.0774,15.5820,0.2688,1264.1035,201.3548,4.5499,4.6885,2.0771,4.1543,6.1317,8.4025,10.5031,18.5864,3.9466,-2.0771,2.528253,4.474023,1.127938,29,192,48,6,0.01915741,0.01232650,0.05216444,0E-8,0.000000,0.903271,0.017936,-0.04061604,2026-05-16,2026-07-20,31,1797,733,66,0.469697,0.970424,0.970991,0.063858,,,,,,,,GLOBAL_BASELINE_NO_ENTITY_RANKING,,,NOT_APPLICABLE_GLOBAL_BASELINE,HF9g-P5,,,,X 全窗基线 · 不参与实体赏罚,8395330,840,A168_HF9F_20260827_0900,2026-08-27 09:00:00
2026-06-03,150107794,2278,0,27.4183162662,0.9347153272,0.9347153272,0.7500000,7,4,0.41547248894196228,0.350457087500,1.3576512412671466,1.6748351962807841,1.3576512412671466,0.06501540144196228,ELIGIBLE,R03b_20260811_FULL_v1,L1_ELIGIBILITY,v2026-08-11,2026-03-21..2026-08-06,baccarat_bet02_101_all_pairs_incl_sentinel,round_win = game_pnl > 0 (decisive only),COMPATIBILITY_ONLY_NOT_PRODUCTION,39187.2093,35396.6747,483.0410,8363,6242,-0.01232650,-0.05216444,-0.01154840,-0.01232650,-483.0410,39187.2093,OK,0.0000,19.3216,4.0000,96.0000,AG03-UNRESOLVED,ALL5_LEVELS_bet23_to_bet27,19.3216,19.3216,19.3216,0.0000,0.0000,4.000000,4.000000,4.000000,0.000000,0.000000,96.000000,96.000000,96.000000,100.000000,100.000000,5.0,57.9649,55.6772,425.0761,427.3638,PENDING_AG03,FALSE,NOT_FOR_ENFORCEMENT,463.7194,33980.8077,483.0410,463.7194,19.3216,0.01232650,0.01183344,19.3216,463.7194,0.01183344,19.3216,19.3216,19.3216,0.0000,0.0000,463.7194,0.01183344,57.9649,55.6772,425.0761,427.3638,0.01084732,0.0109057,0.00049306,4.6858,5.6707,0.0774,15.5820,0.2688,1264.1035,201.3548,4.5499,4.6885,2.0771,4.1543,6.1317,8.4025,10.5031,18.5864,3.9466,-2.0771,2.528253,4.474023,1.127938,29,192,48,6,0.01915741,0.01232650,0.05216444,0E-8,0.000000,0.903271,0.017936,-0.04061604,2026-05-16,2026-07-20,31,1797,733,66,0.469697,0.970424,0.970991,0.063858,,,,,,,,GLOBAL_BASELINE_NO_ENTITY_RANKING,,,NOT_APPLICABLE_GLOBAL_BASELINE,HF9g-P5,,,,X 全窗基线 · 不参与实体赏罚,8395331,840,A168_HF9F_20260827_0900,2026-08-27 09:00:00
2026-06-03,150107794,550,0,8.3085806867,-8.3085806867,-8.3085806867,0E-7,2,1,0.39358482499880051,0.293924150000,-0.8056272404003556,-0.6451964315166089,-0.8056272404003556,0.09966067499880051,ELIGIBLE,R03b_20260811_FULL_v1,L1_ELIGIBILITY,v2026-08-11,2026-03-21..2026-08-06,baccarat_bet02_101_all_pairs_incl_sentinel,round_win = game_pnl > 0 (decisive only),COMPATIBILITY_ONLY_NOT_PRODUCTION,39187.2093,35396.6747,483.0410,8363,6242,-0.01232650,-0.05216444,-0.01154840,-0.01232650,-483.0410,39187.2093,OK,0.0000,19.3216,4.0000,96.0000,AG03-UNRESOLVED,ALL5_LEVELS_bet23_to_bet27,19.3216,19.3216,19.3216,0.0000,0.0000,4.000000,4.000000,4.000000,0.000000,0.000000,96.000000,96.000000,96.000000,100.000000,100.000000,5.0,57.9649,55.6772,425.0761,427.3638,PENDING_AG03,FALSE,NOT_FOR_ENFORCEMENT,463.7194,33980.8077,483.0410,463.7194,19.3216,0.01232650,0.01183344,19.3216,463.7194,0.01183344,19.3216,19.3216,19.3216,0.0000,0.0000,463.7194,0.01183344,57.9649,55.6772,425.0761,427.3638,0.01084732,0.0109057,0.00049306,4.6858,5.6707,0.0774,15.5820,0.2688,1264.1035,201.3548,4.5499,4.6885,2.0771,4.1543,6.1317,8.4025,10.5031,18.5864,3.9466,-2.0771,2.528253,4.474023,1.127938,29,192,48,6,0.01915741,0.01232650,0.05216444,0E-8,0.000000,0.903271,0.017936,-0.04061604,2026-05-16,2026-07-20,31,1797,733,66,0.469697,0.970424,0.970991,0.063858,,,,,,,,GLOBAL_BASELINE_NO_ENTITY_RANKING,,,NOT_APPLICABLE_GLOBAL_BASELINE,HF9g-P5,,,,X 全窗基线 · 不参与实体赏罚,8395332,840,A168_HF9F_20260827_0900,2026-08-27 09:00:00
2026-06-03,150107794,583,0,14.1245871674,4.5074050225,4.5074050225,0.6666667,4,3,0.45926064374974170,0.433507650000,0.7208723804099674,0.8149246127763418,0.7208723804099674,0.02575299374974170,ELIGIBLE,R03b_20260811_FULL_v1,L1_ELIGIBILITY,v2026-08-11,2026-03-21..2026-08-06,baccarat_bet02_101_all_pairs_incl_sentinel,round_win = game_pnl > 0 (decisive only),COMPATIBILITY_ONLY_NOT_PRODUCTION,39187.2093,35396.6747,483.0410,8363,6242,-0.01232650,-0.05216444,-0.01154840,-0.01232650,-483.0410,39187.2093,OK,0.0000,19.3216,4.0000,96.0000,AG03-UNRESOLVED,ALL5_LEVELS_bet23_to_bet27,19.3216,19.3216,19.3216,0.0000,0.0000,4.000000,4.000000,4.000000,0.000000,0.000000,96.000000,96.000000,96.000000,100.000000,100.000000,5.0,57.9649,55.6772,425.0761,427.3638,PENDING_AG03,FALSE,NOT_FOR_ENFORCEMENT,463.7194,33980.8077,483.0410,463.7194,19.3216,0.01232650,0.01183344,19.3216,463.7194,0.01183344,19.3216,19.3216,19.3216,0.0000,0.0000,463.7194,0.01183344,57.9649,55.6772,425.0761,427.3638,0.01084732,0.0109057,0.00049306,4.6858,5.6707,0.0774,15.5820,0.2688,1264.1035,201.3548,4.5499,4.6885,2.0771,4.1543,6.1317,8.4025,10.5031,18.5864,3.9466,-2.0771,2.528253,4.474023,1.127938,29,192,48,6,0.01915741,0.01232650,0.05216444,0E-8,0.000000,0.903271,0.017936,-0.04061604,2026-05-16,2026-07-20,31,1797,733,66,0.469697,0.970424,0.970991,0.063858,,,,,,,,GLOBAL_BASELINE_NO_ENTITY_RANKING,,,NOT_APPLICABLE_GLOBAL_BASELINE,HF9g-P5,,,,X 全窗基线 · 不参与实体赏罚,8395333,840,A168_HF9F_20260827_0900,2026-08-27 09:00:00
2026-06-03,150107794,789,0,18.6943065451,14.5400162017,14.5400162017,1.0000000,3,2,0.45338122999961617,0.393584825000,1.5528356747331409,1.7554192453407476,1.5528356747331409,0.05979640499961617,ELIGIBLE,R03b_20260811_FULL_v1,L1_ELIGIBILITY,v2026-08-11,2026-03-21..2026-08-06,baccarat_bet02_101_all_pairs_incl_sentinel,round_win = game_pnl > 0 (decisive only),COMPATIBILITY_ONLY_NOT_PRODUCTION,39187.2093,35396.6747,483.0410,8363,6242,-0.01232650,-0.05216444,-0.01154840,-0.01232650,-483.0410,39187.2093,OK,0.0000,19.3216,4.0000,96.0000,AG03-UNRESOLVED,ALL5_LEVELS_bet23_to_bet27,19.3216,19.3216,19.3216,0.0000,0.0000,4.000000,4.000000,4.000000,0.000000,0.000000,96.000000,96.000000,96.000000,100.000000,100.000000,5.0,57.9649,55.6772,425.0761,427.3638,PENDING_AG03,FALSE,NOT_FOR_ENFORCEMENT,463.7194,33980.8077,483.0410,463.7194,19.3216,0.01232650,0.01183344,19.3216,463.7194,0.01183344,19.3216,19.3216,19.3216,0.0000,0.0000,463.7194,0.01183344,57.9649,55.6772,425.0761,427.3638,0.01084732,0.0109057,0.00049306,4.6858,5.6707,0.0774,15.5820,0.2688,1264.1035,201.3548,4.5499,4.6885,2.0771,4.1543,6.1317,8.4025,10.5031,18.5864,3.9466,-2.0771,2.528253,4.474023,1.127938,29,192,48,6,0.01915741,0.01232650,0.05216444,0E-8,0.000000,0.903271,0.017936,-0.04061604,2026-05-16,2026-07-20,31,1797,733,66,0.469697,0.970424,0.970991,0.063858,,,,,,,,GLOBAL_BASELINE_NO_ENTITY_RANKING,,,NOT_APPLICABLE_GLOBAL_BASELINE,HF9g-P5,,,,X 全窗基线 · 不参与实体赏罚,8395334,840,A168_HF9F_20260827_0900,2026-08-27 09:00:00
2026-06-03,150107794,925,0,20.7714517169,-1E-10,-1E-10,0.6666667,6,3,0.37143800833293350,0.293924150000,1.0582832226126317,1.417184018803805,1.0582832226126317,0.07751385833293350,ELIGIBLE,R03b_20260811_FULL_v1,L1_ELIGIBILITY,v2026-08-11,2026-03-21..2026-08-06,baccarat_bet02_101_all_pairs_incl_sentinel,round_win = game_pnl > 0 (decisive only),COMPATIBILITY_ONLY_NOT_PRODUCTION,39187.2093,35396.6747,483.0410,8363,6242,-0.01232650,-0.05216444,-0.01154840,-0.01232650,-483.0410,39187.2093,OK,0.0000,19.3216,4.0000,96.0000,AG03-UNRESOLVED,ALL5_LEVELS_bet23_to_bet27,19.3216,19.3216,19.3216,0.0000,0.0000,4.000000,4.000000,4.000000,0.000000,0.000000,96.000000,96.000000,96.000000,100.000000,100.000000,5.0,57.9649,55.6772,425.0761,427.3638,PENDING_AG03,FALSE,NOT_FOR_ENFORCEMENT,463.7194,33980.8077,483.0410,463.7194,19.3216,0.01232650,0.01183344,19.3216,463.7194,0.01183344,19.3216,19.3216,19.3216,0.0000,0.0000,463.7194,0.01183344,57.9649,55.6772,425.0761,427.3638,0.01084732,0.0109057,0.00049306,4.6858,5.6707,0.0774,15.5820,0.2688,1264.1035,201.3548,4.5499,4.6885,2.0771,4.1543,6.1317,8.4025,10.5031,18.5864,3.9466,-2.0771,2.528253,4.474023,1.127938,29,192,48,6,0.01915741,0.01232650,0.05216444,0E-8,0.000000,0.903271,0.017936,-0.04061604,2026-05-16,2026-07-20,31,1797,733,66,0.469697,0.970424,0.970991,0.063858,,,,,,,,GLOBAL_BASELINE_NO_ENTITY_RANKING,,,NOT_APPLICABLE_GLOBAL_BASELINE,HF9g-P5,,,,X 全窗基线 · 不参与实体赏罚,8395335,840,A168_HF9F_20260827_0900,2026-08-27 09:00:00
2026-06-03,150107794,986,0,58.3677793244,-0.7270008103,-0.7270008103,0.5714286,12,7,0.44801200249973300,0.385092671429,0.6566180949122626,1.0131134800637736,0.6566180949122626,0.06291933107073300,ELIGIBLE,R03b_20260811_FULL_v1,L1_ELIGIBILITY,v2026-08-11,2026-03-21..2026-08-06,baccarat_bet02_101_all_pairs_incl_sentinel,round_win = game_pnl > 0 (decisive only),COMPATIBILITY_ONLY_NOT_PRODUCTION,39187.2093,35396.6747,483.0410,8363,6242,-0.01232650,-0.05216444,-0.01154840,-0.01232650,-483.0410,39187.2093,OK,0.0000,19.3216,4.0000,96.0000,AG03-UNRESOLVED,ALL5_LEVELS_bet23_to_bet27,19.3216,19.3216,19.3216,0.0000,0.0000,4.000000,4.000000,4.000000,0.000000,0.000000,96.000000,96.000000,96.000000,100.000000,100.000000,5.0,57.9649,55.6772,425.0761,427.3638,PENDING_AG03,FALSE,NOT_FOR_ENFORCEMENT,463.7194,33980.8077,483.0410,463.7194,19.3216,0.01232650,0.01183344,19.3216,463.7194,0.01183344,19.3216,19.3216,19.3216,0.0000,0.0000,463.7194,0.01183344,57.9649,55.6772,425.0761,427.3638,0.01084732,0.0109057,0.00049306,4.6858,5.6707,0.0774,15.5820,0.2688,1264.1035,201.3548,4.5499,4.6885,2.0771,4.1543,6.1317,8.4025,10.5031,18.5864,3.9466,-2.0771,2.528253,4.474023,1.127938,29,192,48,6,0.01915741,0.01232650,0.05216444,0E-8,0.000000,0.903271,0.017936,-0.04061604,2026-05-16,2026-07-20,31,1797,733,66,0.469697,0.970424,0.970991,0.063858,,,,,,,,GLOBAL_BASELINE_NO_ENTITY_RANKING,,,NOT_APPLICABLE_GLOBAL_BASELINE,HF9g-P5,,,,X 全窗基线 · 不参与实体赏罚,8395336,840,A168_HF9F_20260827_0900,2026-08-27 09:00:00
2026-06-04,150107794,-1,1,82.2549487989,-18.6943065453,-18.6943065453,0.3750000,24,18,0.46013876673951738,0.430528716667,-0.6832849624871319,-0.4485807690341426,-0.6832849624871319,0.02961005007251738,SENTINEL_DEALER,R03b_20260811_FULL_v1,L1_ELIGIBILITY,v2026-08-11,2026-03-21..2026-08-06,baccarat_bet02_101_all_pairs_incl_sentinel,round_win = game_pnl > 0 (decisive only),COMPATIBILITY_ONLY_NOT_PRODUCTION,39187.2093,35396.6747,483.0410,8363,6242,-0.01232650,-0.05216444,-0.01154840,-0.01232650,-483.0410,39187.2093,OK,0.0000,19.3216,4.0000,96.0000,AG03-UNRESOLVED,ALL5_LEVELS_bet23_to_bet27,19.3216,19.3216,19.3216,0.0000,0.0000,4.000000,4.000000,4.000000,0.000000,0.000000,96.000000,96.000000,96.000000,100.000000,100.000000,5.0,57.9649,55.6772,425.0761,427.3638,PENDING_AG03,FALSE,NOT_FOR_ENFORCEMENT,463.7194,33980.8077,483.0410,463.7194,19.3216,0.01232650,0.01183344,19.3216,463.7194,0.01183344,19.3216,19.3216,19.3216,0.0000,0.0000,463.7194,0.01183344,57.9649,55.6772,425.0761,427.3638,0.01084732,0.0109057,0.00049306,4.6858,5.6707,0.0774,15.5820,0.2688,1264.1035,201.3548,4.5499,4.6885,2.0771,4.1543,6.1317,8.4025,10.5031,18.5864,3.9466,-2.0771,2.528253,4.474023,1.127938,29,192,48,6,0.01915741,0.01232650,0.05216444,0E-8,0.000000,0.903271,0.017936,-0.04061604,2026-05-16,2026-07-20,31,1797,733,66,0.469697,0.970424,0.970991,0.063858,,,,,,,,GLOBAL_BASELINE_NO_ENTITY_RANKING,,,NOT_APPLICABLE_GLOBAL_BASELINE,HF9g-P5,,,,X 全窗基线 · 不参与实体赏罚,8395337,840,A168_HF9F_20260827_0900,2026-08-27 09:00:00
2026-06-04,150107794,1017,0,4.7774338949,0.4881291153,0.4881291153,0.5000000,2,2,0.49994810000000000,0.499948100000,0.00014679536856514622,0.00014679536856514622,0.00014679536856514622,0E-17,ELIGIBLE,R03b_20260811_FULL_v1,L1_ELIGIBILITY,v2026-08-11,2026-03-21..2026-08-06,baccarat_bet02_101_all_pairs_incl_sentinel,round_win = game_pnl > 0 (decisive only),COMPATIBILITY_ONLY_NOT_PRODUCTION,39187.2093,35396.6747,483.0410,8363,6242,-0.01232650,-0.05216444,-0.01154840,-0.01232650,-483.0410,39187.2093,OK,0.0000,19.3216,4.0000,96.0000,AG03-UNRESOLVED,ALL5_LEVELS_bet23_to_bet27,19.3216,19.3216,19.3216,0.0000,0.0000,4.000000,4.000000,4.000000,0.000000,0.000000,96.000000,96.000000,96.000000,100.000000,100.000000,5.0,57.9649,55.6772,425.0761,427.3638,PENDING_AG03,FALSE,NOT_FOR_ENFORCEMENT,463.7194,33980.8077,483.0410,463.7194,19.3216,0.01232650,0.01183344,19.3216,463.7194,0.01183344,19.3216,19.3216,19.3216,0.0000,0.0000,463.7194,0.01183344,57.9649,55.6772,425.0761,427.3638,0.01084732,0.0109057,0.00049306,4.6858,5.6707,0.0774,15.5820,0.2688,1264.1035,201.3548,4.5499,4.6885,2.0771,4.1543,6.1317,8.4025,10.5031,18.5864,3.9466,-2.0771,2.528253,4.474023,1.127938,29,192,48,6,0.01915741,0.01232650,0.05216444,0E-8,0.000000,0.903271,0.017936,-0.04061604,2026-05-16,2026-07-20,31,1797,733,66,0.469697,0.970424,0.970991,0.063858,,,,,,,,GLOBAL_BASELINE_NO_ENTITY_RANKING,,,NOT_APPLICABLE_GLOBAL_BASELINE,HF9g-P5,,,,X 全窗基线 · 不参与实体赏罚,8395338,840,A168_HF9F_20260827_0900,2026-08-27 09:00:00
2026-06-04,150107794,1078,0,6.0237209979,-1.9732879131,-1.9732879131,0.5000000,2,2,0.49994810000000000,0.499948100000,0.00014679536856514622,0.00014679536856514622,0.00014679536856514622,0E-17,ELIGIBLE,R03b_20260811_FULL_v1,L1_ELIGIBILITY,v2026-08-11,2026-03-21..2026-08-06,baccarat_bet02_101_all_pairs_incl_sentinel,round_win = game_pnl > 0 (decisive only),COMPATIBILITY_ONLY_NOT_PRODUCTION,39187.2093,35396.6747,483.0410,8363,6242,-0.01232650,-0.05216444,-0.01154840,-0.01232650,-483.0410,39187.2093,OK,0.0000,19.3216,4.0000,96.0000,AG03-UNRESOLVED,ALL5_LEVELS_bet23_to_bet27,19.3216,19.3216,19.3216,0.0000,0.0000,4.000000,4.000000,4.000000,0.000000,0.000000,96.000000,96.000000,96.000000,100.000000,100.000000,5.0,57.9649,55.6772,425.0761,427.3638,PENDING_AG03,FALSE,NOT_FOR_ENFORCEMENT,463.7194,33980.8077,483.0410,463.7194,19.3216,0.01232650,0.01183344,19.3216,463.7194,0.01183344,19.3216,19.3216,19.3216,0.0000,0.0000,463.7194,0.01183344,57.9649,55.6772,425.0761,427.3638,0.01084732,0.0109057,0.00049306,4.6858,5.6707,0.0774,15.5820,0.2688,1264.1035,201.3548,4.5499,4.6885,2.0771,4.1543,6.1317,8.4025,10.5031,18.5864,3.9466,-2.0771,2.528253,4.474023,1.127938,29,192,48,6,0.01915741,0.01232650,0.05216444,0E-8,0.000000,0.903271,0.017936,-0.04061604,2026-05-16,2026-07-20,31,1797,733,66,0.469697,0.970424,0.970991,0.063858,,,,,,,,GLOBAL_BASELINE_NO_ENTITY_RANKING,,,NOT_APPLICABLE_GLOBAL_BASELINE,HF9g-P5,,,,X 全窗基线 · 不参与实体赏罚,8395339,840,A168_HF9F_20260827_0900,2026-08-27 09:00:00
2026-06-04,150107794,1210,0,4.1542903434,-4.1542903434,-4.1542903434,0E-7,2,1,0.29392415000000000,0.293924150000,-0.6451964315166089,-0.6451964315166089,-0.6451964315166089,0E-17,ELIGIBLE,R03b_20260811_FULL_v1,L1_ELIGIBILITY,v2026-08-11,2026-03-21..2026-08-06,baccarat_bet02_101_all_pairs_incl_sentinel,round_win = game_pnl > 0 (decisive only),COMPATIBILITY_ONLY_NOT_PRODUCTION,39187.2093,35396.6747,483.0410,8363,6242,-0.01232650,-0.05216444,-0.01154840,-0.01232650,-483.0410,39187.2093,OK,0.0000,19.3216,4.0000,96.0000,AG03-UNRESOLVED,ALL5_LEVELS_bet23_to_bet27,19.3216,19.3216,19.3216,0.0000,0.0000,4.000000,4.000000,4.000000,0.000000,0.000000,96.000000,96.000000,96.000000,100.000000,100.000000,5.0,57.9649,55.6772,425.0761,427.3638,PENDING_AG03,FALSE,NOT_FOR_ENFORCEMENT,463.7194,33980.8077,483.0410,463.7194,19.3216,0.01232650,0.01183344,19.3216,463.7194,0.01183344,19.3216,19.3216,19.3216,0.0000,0.0000,463.7194,0.01183344,57.9649,55.6772,425.0761,427.3638,0.01084732,0.0109057,0.00049306,4.6858,5.6707,0.0774,15.5820,0.2688,1264.1035,201.3548,4.5499,4.6885,2.0771,4.1543,6.1317,8.4025,10.5031,18.5864,3.9466,-2.0771,2.528253,4.474023,1.127938,29,192,48,6,0.01915741,0.01232650,0.05216444,0E-8,0.000000,0.903271,0.017936,-0.04061604,2026-05-16,2026-07-20,31,1797,733,66,0.469697,0.970424,0.970991,0.063858,,,,,,,,GLOBAL_BASELINE_NO_ENTITY_RANKING,,,NOT_APPLICABLE_GLOBAL_BASELINE,HF9g-P5,,,,X 全窗基线 · 不参与实体赏罚,8395340,840,A168_HF9F_20260827_0900,2026-08-27 09:00:00
2026-06-04,150107794,1221,0,13.5014436159,-6.1483497082,-6.1483497082,0.2500000,5,5,0.50128862000000000,0.501288620000,-1.0051578182180947,-1.0051578182180947,-1.0051578182180947,0E-17,ELIGIBLE,R03b_20260811_FULL_v1,L1_ELIGIBILITY,v2026-08-11,2026-03-21..2026-08-06,baccarat_bet02_101_all_pairs_incl_sentinel,round_win = game_pnl > 0 (decisive only),COMPATIBILITY_ONLY_NOT_PRODUCTION,39187.2093,35396.6747,483.0410,8363,6242,-0.01232650,-0.05216444,-0.01154840,-0.01232650,-483.0410,39187.2093,OK,0.0000,19.3216,4.0000,96.0000,AG03-UNRESOLVED,ALL5_LEVELS_bet23_to_bet27,19.3216,19.3216,19.3216,0.0000,0.0000,4.000000,4.000000,4.000000,0.000000,0.000000,96.000000,96.000000,96.000000,100.000000,100.000000,5.0,57.9649,55.6772,425.0761,427.3638,PENDING_AG03,FALSE,NOT_FOR_ENFORCEMENT,463.7194,33980.8077,483.0410,463.7194,19.3216,0.01232650,0.01183344,19.3216,463.7194,0.01183344,19.3216,19.3216,19.3216,0.0000,0.0000,463.7194,0.01183344,57.9649,55.6772,425.0761,427.3638,0.01084732,0.0109057,0.00049306,4.6858,5.6707,0.0774,15.5820,0.2688,1264.1035,201.3548,4.5499,4.6885,2.0771,4.1543,6.1317,8.4025,10.5031,18.5864,3.9466,-2.0771,2.528253,4.474023,1.127938,29,192,48,6,0.01915741,0.01232650,0.05216444,0E-8,0.000000,0.903271,0.017936,-0.04061604,2026-05-16,2026-07-20,31,1797,733,66,0.469697,0.970424,0.970991,0.063858,,,,,,,,GLOBAL_BASELINE_NO_ENTITY_RANKING,,,NOT_APPLICABLE_GLOBAL_BASELINE,HF9g-P5,,,,X 全窗基线 · 不参与实体赏罚,8395341,840,A168_HF9F_20260827_0900,2026-08-27 09:00:00
2026-06-04,150107794,1307,0,13.7091581331,2.0875308976,2.0875308976,0.6666667,3,3,0.50665070000000000,0.506650700000,0.5543606114942035,0.5543606114942035,0.5543606114942035,0E-17,ELIGIBLE,R03b_20260811_FULL_v1,L1_ELIGIBILITY,v2026-08-11,2026-03-21..2026-08-06,baccarat_bet02_101_all_pairs_incl_sentinel,round_win = game_pnl > 0 (decisive only),COMPATIBILITY_ONLY_NOT_PRODUCTION,39187.2093,35396.6747,483.0410,8363,6242,-0.01232650,-0.05216444,-0.01154840,-0.01232650,-483.0410,39187.2093,OK,0.0000,19.3216,4.0000,96.0000,AG03-UNRESOLVED,ALL5_LEVELS_bet23_to_bet27,19.3216,19.3216,19.3216,0.0000,0.0000,4.000000,4.000000,4.000000,0.000000,0.000000,96.000000,96.000000,96.000000,100.000000,100.000000,5.0,57.9649,55.6772,425.0761,427.3638,PENDING_AG03,FALSE,NOT_FOR_ENFORCEMENT,463.7194,33980.8077,483.0410,463.7194,19.3216,0.01232650,0.01183344,19.3216,463.7194,0.01183344,19.3216,19.3216,19.3216,0.0000,0.0000,463.7194,0.01183344,57.9649,55.6772,425.0761,427.3638,0.01084732,0.0109057,0.00049306,4.6858,5.6707,0.0774,15.5820,0.2688,1264.1035,201.3548,4.5499,4.6885,2.0771,4.1543,6.1317,8.4025,10.5031,18.5864,3.9466,-2.0771,2.528253,4.474023,1.127938,29,192,48,6,0.01915741,0.01232650,0.05216444,0E-8,0.000000,0.903271,0.017936,-0.04061604,2026-05-16,2026-07-20,31,1797,733,66,0.469697,0.970424,0.970991,0.063858,,,,,,,,GLOBAL_BASELINE_NO_ENTITY_RANKING,,,NOT_APPLICABLE_GLOBAL_BASELINE,HF9g-P5,,,,X 全窗基线 · 不参与实体赏罚,8395342,840,A168_HF9F_20260827_0900,2026-08-27 09:00:00
2026-06-04,150107794,1325,0,2.0771451717,-2.0771451717,-2.0771451717,0E-7,1,1,0.49324550000000000,0.493245500000,-0.9865810262130424,-0.9865810262130424,-0.9865810262130424,0E-17,ELIGIBLE,R03b_20260811_FULL_v1,L1_ELIGIBILITY,v2026-08-11,2026-03-21..2026-08-06,baccarat_bet02_101_all_pairs_incl_sentinel,round_win = game_pnl > 0 (decisive only),COMPATIBILITY_ONLY_NOT_PRODUCTION,39187.2093,35396.6747,483.0410,8363,6242,-0.01232650,-0.05216444,-0.01154840,-0.01232650,-483.0410,39187.2093,OK,0.0000,19.3216,4.0000,96.0000,AG03-UNRESOLVED,ALL5_LEVELS_bet23_to_bet27,19.3216,19.3216,19.3216,0.0000,0.0000,4.000000,4.000000,4.000000,0.000000,0.000000,96.000000,96.000000,96.000000,100.000000,100.000000,5.0,57.9649,55.6772,425.0761,427.3638,PENDING_AG03,FALSE,NOT_FOR_ENFORCEMENT,463.7194,33980.8077,483.0410,463.7194,19.3216,0.01232650,0.01183344,19.3216,463.7194,0.01183344,19.3216,19.3216,19.3216,0.0000,0.0000,463.7194,0.01183344,57.9649,55.6772,425.0761,427.3638,0.01084732,0.0109057,0.00049306,4.6858,5.6707,0.0774,15.5820,0.2688,1264.1035,201.3548,4.5499,4.6885,2.0771,4.1543,6.1317,8.4025,10.5031,18.5864,3.9466,-2.0771,2.528253,4.474023,1.127938,29,192,48,6,0.01915741,0.01232650,0.05216444,0E-8,0.000000,0.903271,0.017936,-0.04061604,2026-05-16,2026-07-20,31,1797,733,66,0.469697,0.970424,0.970991,0.063858,,,,,,,,GLOBAL_BASELINE_NO_ENTITY_RANKING,,,NOT_APPLICABLE_GLOBAL_BASELINE,HF9g-P5,,,,X 全窗基线 · 不参与实体赏罚,8395343,840,A168_HF9F_20260827_0900,2026-08-27 09:00:00
2026-06-04,150107794,1331,0,45.6971937771,1.9940593649,1.9940593649,0.6666667,12,10,0.47328453357127676,0.460754090000,1.1619525926946543,1.2392989976444824,1.1619525926946543,0.01253044357127676,ELIGIBLE,R03b_20260811_FULL_v1,L1_ELIGIBILITY,v2026-08-11,2026-03-21..2026-08-06,baccarat_bet02_101_all_pairs_incl_sentinel,round_win = game_pnl > 0 (decisive only),COMPATIBILITY_ONLY_NOT_PRODUCTION,39187.2093,35396.6747,483.0410,8363,6242,-0.01232650,-0.05216444,-0.01154840,-0.01232650,-483.0410,39187.2093,OK,0.0000,19.3216,4.0000,96.0000,AG03-UNRESOLVED,ALL5_LEVELS_bet23_to_bet27,19.3216,19.3216,19.3216,0.0000,0.0000,4.000000,4.000000,4.000000,0.000000,0.000000,96.000000,96.000000,96.000000,100.000000,100.000000,5.0,57.9649,55.6772,425.0761,427.3638,PENDING_AG03,FALSE,NOT_FOR_ENFORCEMENT,463.7194,33980.8077,483.0410,463.7194,19.3216,0.01232650,0.01183344,19.3216,463.7194,0.01183344,19.3216,19.3216,19.3216,0.0000,0.0000,463.7194,0.01183344,57.9649,55.6772,425.0761,427.3638,0.01084732,0.0109057,0.00049306,4.6858,5.6707,0.0774,15.5820,0.2688,1264.1035,201.3548,4.5499,4.6885,2.0771,4.1543,6.1317,8.4025,10.5031,18.5864,3.9466,-2.0771,2.528253,4.474023,1.127938,29,192,48,6,0.01915741,0.01232650,0.05216444,0E-8,0.000000,0.903271,0.017936,-0.04061604,2026-05-16,2026-07-20,31,1797,733,66,0.469697,0.970424,0.970991,0.063858,,,,,,,,GLOBAL_BASELINE_NO_ENTITY_RANKING,,,NOT_APPLICABLE_GLOBAL_BASELINE,HF9g-P5,,,,X 全窗基线 · 不参与实体赏罚,8395344,840,A168_HF9F_20260827_0900,2026-08-27 09:00:00
2026-06-04,150107794,1383,0,15.5785887876,11.9955133664,11.9955133664,1.0000000,5,5,0.50396966000000000,0.503969660000,1.9841838953208242,1.9841838953208244,1.9841838953208242,0E-17,ELIGIBLE,R03b_20260811_FULL_v1,L1_ELIGIBILITY,v2026-08-11,2026-03-21..2026-08-06,baccarat_bet02_101_all_pairs_incl_sentinel,round_win = game_pnl > 0 (decisive only),COMPATIBILITY_ONLY_NOT_PRODUCTION,39187.2093,35396.6747,483.0410,8363,6242,-0.01232650,-0.05216444,-0.01154840,-0.01232650,-483.0410,39187.2093,OK,0.0000,19.3216,4.0000,96.0000,AG03-UNRESOLVED,ALL5_LEVELS_bet23_to_bet27,19.3216,19.3216,19.3216,0.0000,0.0000,4.000000,4.000000,4.000000,0.000000,0.000000,96.000000,96.000000,96.000000,100.000000,100.000000,5.0,57.9649,55.6772,425.0761,427.3638,PENDING_AG03,FALSE,NOT_FOR_ENFORCEMENT,463.7194,33980.8077,483.0410,463.7194,19.3216,0.01232650,0.01183344,19.3216,463.7194,0.01183344,19.3216,19.3216,19.3216,0.0000,0.0000,463.7194,0.01183344,57.9649,55.6772,425.0761,427.3638,0.01084732,0.0109057,0.00049306,4.6858,5.6707,0.0774,15.5820,0.2688,1264.1035,201.3548,4.5499,4.6885,2.0771,4.1543,6.1317,8.4025,10.5031,18.5864,3.9466,-2.0771,2.528253,4.474023,1.127938,29,192,48,6,0.01915741,0.01232650,0.05216444,0E-8,0.000000,0.903271,0.017936,-0.04061604,2026-05-16,2026-07-20,31,1797,733,66,0.469697,0.970424,0.970991,0.063858,,,,,,,,GLOBAL_BASELINE_NO_ENTITY_RANKING,,,NOT_APPLICABLE_GLOBAL_BASELINE,HF9g-P5,,,,X 全窗基线 · 不参与实体赏罚,8395345,840,A168_HF9F_20260827_0900,2026-08-27 09:00:00
2026-06-04,150107794,2142,0,12.4628710302,-10.3857258585,-10.3857258585,0E-7,4,4,0.49659680000000000,0.496596800000,-1.7203016256901094,-1.7203016256901091,-1.7203016256901094,0E-17,ELIGIBLE,R03b_20260811_FULL_v1,L1_ELIGIBILITY,v2026-08-11,2026-03-21..2026-08-06,baccarat_bet02_101_all_pairs_incl_sentinel,round_win = game_pnl > 0 (decisive only),COMPATIBILITY_ONLY_NOT_PRODUCTION,39187.2093,35396.6747,483.0410,8363,6242,-0.01232650,-0.05216444,-0.01154840,-0.01232650,-483.0410,39187.2093,OK,0.0000,19.3216,4.0000,96.0000,AG03-UNRESOLVED,ALL5_LEVELS_bet23_to_bet27,19.3216,19.3216,19.3216,0.0000,0.0000,4.000000,4.000000,4.000000,0.000000,0.000000,96.000000,96.000000,96.000000,100.000000,100.000000,5.0,57.9649,55.6772,425.0761,427.3638,PENDING_AG03,FALSE,NOT_FOR_ENFORCEMENT,463.7194,33980.8077,483.0410,463.7194,19.3216,0.01232650,0.01183344,19.3216,463.7194,0.01183344,19.3216,19.3216,19.3216,0.0000,0.0000,463.7194,0.01183344,57.9649,55.6772,425.0761,427.3638,0.01084732,0.0109057,0.00049306,4.6858,5.6707,0.0774,15.5820,0.2688,1264.1035,201.3548,4.5499,4.6885,2.0771,4.1543,6.1317,8.4025,10.5031,18.5864,3.9466,-2.0771,2.528253,4.474023,1.127938,29,192,48,6,0.01915741,0.01232650,0.05216444,0E-8,0.000000,0.903271,0.017936,-0.04061604,2026-05-16,2026-07-20,31,1797,733,66,0.469697,0.970424,0.970991,0.063858,,,,,,,,GLOBAL_BASELINE_NO_ENTITY_RANKING,,,NOT_APPLICABLE_GLOBAL_BASELINE,HF9g-P5,,,,X 全窗基线 · 不参与实体赏罚,8395346,840,A168_HF9F_20260827_0900,2026-08-27 09:00:00
2026-06-04,150107794,2152,0,6.2314355150,-6.2314355150,-6.2314355150,0E-7,1,1,0.49324550000000000,0.493245500000,-0.9865810262130424,-0.9865810262130424,-0.9865810262130424,0E-17,ELIGIBLE,R03b_20260811_FULL_v1,L1_ELIGIBILITY,v2026-08-11,2026-03-21..2026-08-06,baccarat_bet02_101_all_pairs_incl_sentinel,round_win = game_pnl > 0 (decisive only),COMPATIBILITY_ONLY_NOT_PRODUCTION,39187.2093,35396.6747,483.0410,8363,6242,-0.01232650,-0.05216444,-0.01154840,-0.01232650,-483.0410,39187.2093,OK,0.0000,19.3216,4.0000,96.0000,AG03-UNRESOLVED,ALL5_LEVELS_bet23_to_bet27,19.3216,19.3216,19.3216,0.0000,0.0000,4.000000,4.000000,4.000000,0.000000,0.000000,96.000000,96.000000,96.000000,100.000000,100.000000,5.0,57.9649,55.6772,425.0761,427.3638,PENDING_AG03,FALSE,NOT_FOR_ENFORCEMENT,463.7194,33980.8077,483.0410,463.7194,19.3216,0.01232650,0.01183344,19.3216,463.7194,0.01183344,19.3216,19.3216,19.3216,0.0000,0.0000,463.7194,0.01183344,57.9649,55.6772,425.0761,427.3638,0.01084732,0.0109057,0.00049306,4.6858,5.6707,0.0774,15.5820,0.2688,1264.1035,201.3548,4.5499,4.6885,2.0771,4.1543,6.1317,8.4025,10.5031,18.5864,3.9466,-2.0771,2.528253,4.474023,1.127938,29,192,48,6,0.01915741,0.01232650,0.05216444,0E-8,0.000000,0.903271,0.017936,-0.04061604,2026-05-16,2026-07-20,31,1797,733,66,0.469697,0.970424,0.970991,0.063858,,,,,,,,GLOBAL_BASELINE_NO_ENTITY_RANKING,,,NOT_APPLICABLE_GLOBAL_BASELINE,HF9g-P5,,,,X 全窗基线 · 不参与实体赏罚,8395347,840,A168_HF9F_20260827_0900,2026-08-27 09:00:00
2026-06-04,150107794,2169,0,2.0771451717,-2.0771451717,-2.0771451717,0E-7,1,1,0.50665070000000000,0.506650700000,-1.013391052207602,-1.013391052207602,-1.013391052207602,0E-17,ELIGIBLE,R03b_20260811_FULL_v1,L1_ELIGIBILITY,v2026-08-11,2026-03-21..2026-08-06,baccarat_bet02_101_all_pairs_incl_sentinel,round_win = game_pnl > 0 (decisive only),COMPATIBILITY_ONLY_NOT_PRODUCTION,39187.2093,35396.6747,483.0410,8363,6242,-0.01232650,-0.05216444,-0.01154840,-0.01232650,-483.0410,39187.2093,OK,0.0000,19.3216,4.0000,96.0000,AG03-UNRESOLVED,ALL5_LEVELS_bet23_to_bet27,19.3216,19.3216,19.3216,0.0000,0.0000,4.000000,4.000000,4.000000,0.000000,0.000000,96.000000,96.000000,96.000000,100.000000,100.000000,5.0,57.9649,55.6772,425.0761,427.3638,PENDING_AG03,FALSE,NOT_FOR_ENFORCEMENT,463.7194,33980.8077,483.0410,463.7194,19.3216,0.01232650,0.01183344,19.3216,463.7194,0.01183344,19.3216,19.3216,19.3216,0.0000,0.0000,463.7194,0.01183344,57.9649,55.6772,425.0761,427.3638,0.01084732,0.0109057,0.00049306,4.6858,5.6707,0.0774,15.5820,0.2688,1264.1035,201.3548,4.5499,4.6885,2.0771,4.1543,6.1317,8.4025,10.5031,18.5864,3.9466,-2.0771,2.528253,4.474023,1.127938,29,192,48,6,0.01915741,0.01232650,0.05216444,0E-8,0.000000,0.903271,0.017936,-0.04061604,2026-05-16,2026-07-20,31,1797,733,66,0.469697,0.970424,0.970991,0.063858,,,,,,,,GLOBAL_BASELINE_NO_ENTITY_RANKING,,,NOT_APPLICABLE_GLOBAL_BASELINE,HF9g-P5,,,,X 全窗基线 · 不参与实体赏罚,8395348,840,A168_HF9F_20260827_0900,2026-08-27 09:00:00
2026-06-04,150107794,2171,0,4.1542903434,0E-10,0E-10,0.5000000,2,2,0.49994810000000000,0.499948100000,0.00014679536856514622,0.00014679536856514622,0.00014679536856514622,0E-17,ELIGIBLE,R03b_20260811_FULL_v1,L1_ELIGIBILITY,v2026-08-11,2026-03-21..2026-08-06,baccarat_bet02_101_all_pairs_incl_sentinel,round_win = game_pnl > 0 (decisive only),COMPATIBILITY_ONLY_NOT_PRODUCTION,39187.2093,35396.6747,483.0410,8363,6242,-0.01232650,-0.05216444,-0.01154840,-0.01232650,-483.0410,39187.2093,OK,0.0000,19.3216,4.0000,96.0000,AG03-UNRESOLVED,ALL5_LEVELS_bet23_to_bet27,19.3216,19.3216,19.3216,0.0000,0.0000,4.000000,4.000000,4.000000,0.000000,0.000000,96.000000,96.000000,96.000000,100.000000,100.000000,5.0,57.9649,55.6772,425.0761,427.3638,PENDING_AG03,FALSE,NOT_FOR_ENFORCEMENT,463.7194,33980.8077,483.0410,463.7194,19.3216,0.01232650,0.01183344,19.3216,463.7194,0.01183344,19.3216,19.3216,19.3216,0.0000,0.0000,463.7194,0.01183344,57.9649,55.6772,425.0761,427.3638,0.01084732,0.0109057,0.00049306,4.6858,5.6707,0.0774,15.5820,0.2688,1264.1035,201.3548,4.5499,4.6885,2.0771,4.1543,6.1317,8.4025,10.5031,18.5864,3.9466,-2.0771,2.528253,4.474023,1.127938,29,192,48,6,0.01915741,0.01232650,0.05216444,0E-8,0.000000,0.903271,0.017936,-0.04061604,2026-05-16,2026-07-20,31,1797,733,66,0.469697,0.970424,0.970991,0.063858,,,,,,,,GLOBAL_BASELINE_NO_ENTITY_RANKING,,,NOT_APPLICABLE_GLOBAL_BASELINE,HF9g-P5,,,,X 全窗基线 · 不参与实体赏罚,8395349,840,A168_HF9F_20260827_0900,2026-08-27 09:00:00
2026-06-04,150107794,2239,0,2.0771451717,1.9732879131,1.9732879131,1.0000000,1,1,0.50665070000000000,0.506650700000,0.9867858985152569,0.9867858985152569,0.9867858985152569,0E-17,ELIGIBLE,R03b_20260811_FULL_v1,L1_ELIGIBILITY,v2026-08-11,2026-03-21..2026-08-06,baccarat_bet02_101_all_pairs_incl_sentinel,round_win = game_pnl > 0 (decisive only),COMPATIBILITY_ONLY_NOT_PRODUCTION,39187.2093,35396.6747,483.0410,8363,6242,-0.01232650,-0.05216444,-0.01154840,-0.01232650,-483.0410,39187.2093,OK,0.0000,19.3216,4.0000,96.0000,AG03-UNRESOLVED,ALL5_LEVELS_bet23_to_bet27,19.3216,19.3216,19.3216,0.0000,0.0000,4.000000,4.000000,4.000000,0.000000,0.000000,96.000000,96.000000,96.000000,100.000000,100.000000,5.0,57.9649,55.6772,425.0761,427.3638,PENDING_AG03,FALSE,NOT_FOR_ENFORCEMENT,463.7194,33980.8077,483.0410,463.7194,19.3216,0.01232650,0.01183344,19.3216,463.7194,0.01183344,19.3216,19.3216,19.3216,0.0000,0.0000,463.7194,0.01183344,57.9649,55.6772,425.0761,427.3638,0.01084732,0.0109057,0.00049306,4.6858,5.6707,0.0774,15.5820,0.2688,1264.1035,201.3548,4.5499,4.6885,2.0771,4.1543,6.1317,8.4025,10.5031,18.5864,3.9466,-2.0771,2.528253,4.474023,1.127938,29,192,48,6,0.01915741,0.01232650,0.05216444,0E-8,0.000000,0.903271,0.017936,-0.04061604,2026-05-16,2026-07-20,31,1797,733,66,0.469697,0.970424,0.970991,0.063858,,,,,,,,GLOBAL_BASELINE_NO_ENTITY_RANKING,,,NOT_APPLICABLE_GLOBAL_BASELINE,HF9g-P5,,,,X 全窗基线 · 不参与实体赏罚,8395350,840,A168_HF9F_20260827_0900,2026-08-27 09:00:00
2026-06-05,150107794,-1,1,523.8560122987,-39.9227301999,-39.9227301999,0.5326087,127,95,0.46311753945088669,0.432526062105,1.3367131749391155,1.93764199041255,1.3367131749391155,0.03059147734588669,SENTINEL_DEALER,R03b_20260811_FULL_v1,L1_ELIGIBILITY,v2026-08-11,2026-03-21..2026-08-06,baccarat_bet02_101_all_pairs_incl_sentinel,round_win = game_pnl > 0 (decisive only),COMPATIBILITY_ONLY_NOT_PRODUCTION,39187.2093,35396.6747,483.0410,8363,6242,-0.01232650,-0.05216444,-0.01154840,-0.01232650,-483.0410,39187.2093,OK,0.0000,19.3216,4.0000,96.0000,AG03-UNRESOLVED,ALL5_LEVELS_bet23_to_bet27,19.3216,19.3216,19.3216,0.0000,0.0000,4.000000,4.000000,4.000000,0.000000,0.000000,96.000000,96.000000,96.000000,100.000000,100.000000,5.0,57.9649,55.6772,425.0761,427.3638,PENDING_AG03,FALSE,NOT_FOR_ENFORCEMENT,463.7194,33980.8077,483.0410,463.7194,19.3216,0.01232650,0.01183344,19.3216,463.7194,0.01183344,19.3216,19.3216,19.3216,0.0000,0.0000,463.7194,0.01183344,57.9649,55.6772,425.0761,427.3638,0.01084732,0.0109057,0.00049306,4.6858,5.6707,0.0774,15.5820,0.2688,1264.1035,201.3548,4.5499,4.6885,2.0771,4.1543,6.1317,8.4025,10.5031,18.5864,3.9466,-2.0771,2.528253,4.474023,1.127938,29,192,48,6,0.01915741,0.01232650,0.05216444,0E-8,0.000000,0.903271,0.017936,-0.04061604,2026-05-16,2026-07-20,31,1797,733,66,0.469697,0.970424,0.970991,0.063858,,,,,,,,GLOBAL_BASELINE_NO_ENTITY_RANKING,,,NOT_APPLICABLE_GLOBAL_BASELINE,HF9g-P5,,,,X 全窗基线 · 不参与实体赏罚,8395351,840,A168_HF9F_20260827_0900,2026-08-27 09:00:00
2026-06-05,150107794,1017,0,8.5162952039,3.9465758263,3.9465758263,0.6666667,3,3,0.49324550000000000,0.493245500000,0.6008033672792107,0.6008033672792106,0.6008033672792107,0E-17,ELIGIBLE,R03b_20260811_FULL_v1,L1_ELIGIBILITY,v2026-08-11,2026-03-21..2026-08-06,baccarat_bet02_101_all_pairs_incl_sentinel,round_win = game_pnl > 0 (decisive only),COMPATIBILITY_ONLY_NOT_PRODUCTION,39187.2093,35396.6747,483.0410,8363,6242,-0.01232650,-0.05216444,-0.01154840,-0.01232650,-483.0410,39187.2093,OK,0.0000,19.3216,4.0000,96.0000,AG03-UNRESOLVED,ALL5_LEVELS_bet23_to_bet27,19.3216,19.3216,19.3216,0.0000,0.0000,4.000000,4.000000,4.000000,0.000000,0.000000,96.000000,96.000000,96.000000,100.000000,100.000000,5.0,57.9649,55.6772,425.0761,427.3638,PENDING_AG03,FALSE,NOT_FOR_ENFORCEMENT,463.7194,33980.8077,483.0410,463.7194,19.3216,0.01232650,0.01183344,19.3216,463.7194,0.01183344,19.3216,19.3216,19.3216,0.0000,0.0000,463.7194,0.01183344,57.9649,55.6772,425.0761,427.3638,0.01084732,0.0109057,0.00049306,4.6858,5.6707,0.0774,15.5820,0.2688,1264.1035,201.3548,4.5499,4.6885,2.0771,4.1543,6.1317,8.4025,10.5031,18.5864,3.9466,-2.0771,2.528253,4.474023,1.127938,29,192,48,6,0.01915741,0.01232650,0.05216444,0E-8,0.000000,0.903271,0.017936,-0.04061604,2026-05-16,2026-07-20,31,1797,733,66,0.469697,0.970424,0.970991,0.063858,,,,,,,,GLOBAL_BASELINE_NO_ENTITY_RANKING,,,NOT_APPLICABLE_GLOBAL_BASELINE,HF9g-P5,,,,X 全窗基线 · 不参与实体赏罚,8395352,840,A168_HF9F_20260827_0900,2026-08-27 09:00:00
2026-06-05,150107794,1078,0,4.1542903434,-4.1542903434,-4.1542903434,0E-7,1,1,0.50665070000000000,0.506650700000,-1.013391052207602,-1.013391052207602,-1.013391052207602,0E-17,ELIGIBLE,R03b_20260811_FULL_v1,L1_ELIGIBILITY,v2026-08-11,2026-03-21..2026-08-06,baccarat_bet02_101_all_pairs_incl_sentinel,round_win = game_pnl > 0 (decisive only),COMPATIBILITY_ONLY_NOT_PRODUCTION,39187.2093,35396.6747,483.0410,8363,6242,-0.01232650,-0.05216444,-0.01154840,-0.01232650,-483.0410,39187.2093,OK,0.0000,19.3216,4.0000,96.0000,AG03-UNRESOLVED,ALL5_LEVELS_bet23_to_bet27,19.3216,19.3216,19.3216,0.0000,0.0000,4.000000,4.000000,4.000000,0.000000,0.000000,96.000000,96.000000,96.000000,100.000000,100.000000,5.0,57.9649,55.6772,425.0761,427.3638,PENDING_AG03,FALSE,NOT_FOR_ENFORCEMENT,463.7194,33980.8077,483.0410,463.7194,19.3216,0.01232650,0.01183344,19.3216,463.7194,0.01183344,19.3216,19.3216,19.3216,0.0000,0.0000,463.7194,0.01183344,57.9649,55.6772,425.0761,427.3638,0.01084732,0.0109057,0.00049306,4.6858,5.6707,0.0774,15.5820,0.2688,1264.1035,201.3548,4.5499,4.6885,2.0771,4.1543,6.1317,8.4025,10.5031,18.5864,3.9466,-2.0771,2.528253,4.474023,1.127938,29,192,48,6,0.01915741,0.01232650,0.05216444,0E-8,0.000000,0.903271,0.017936,-0.04061604,2026-05-16,2026-07-20,31,1797,733,66,0.469697,0.970424,0.970991,0.063858,,,,,,,,GLOBAL_BASELINE_NO_ENTITY_RANKING,,,NOT_APPLICABLE_GLOBAL_BASELINE,HF9g-P5,,,,X 全窗基线 · 不参与实体赏罚,8395353,840,A168_HF9F_20260827_0900,2026-08-27 09:00:00
2026-06-05,150107794,1150,0,4.1542903434,-4.1542903434,-4.1542903434,0E-7,1,1,0.49324550000000000,0.493245500000,-0.9865810262130424,-0.9865810262130424,-0.9865810262130424,0E-17,ELIGIBLE,R03b_20260811_FULL_v1,L1_ELIGIBILITY,v2026-08-11,2026-03-21..2026-08-06,baccarat_bet02_101_all_pairs_incl_sentinel,round_win = game_pnl > 0 (decisive only),COMPATIBILITY_ONLY_NOT_PRODUCTION,39187.2093,35396.6747,483.0410,8363,6242,-0.01232650,-0.05216444,-0.01154840,-0.01232650,-483.0410,39187.2093,OK,0.0000,19.3216,4.0000,96.0000,AG03-UNRESOLVED,ALL5_LEVELS_bet23_to_bet27,19.3216,19.3216,19.3216,0.0000,0.0000,4.000000,4.000000,4.000000,0.000000,0.000000,96.000000,96.000000,96.000000,100.000000,100.000000,5.0,57.9649,55.6772,425.0761,427.3638,PENDING_AG03,FALSE,NOT_FOR_ENFORCEMENT,463.7194,33980.8077,483.0410,463.7194,19.3216,0.01232650,0.01183344,19.3216,463.7194,0.01183344,19.3216,19.3216,19.3216,0.0000,0.0000,463.7194,0.01183344,57.9649,55.6772,425.0761,427.3638,0.01084732,0.0109057,0.00049306,4.6858,5.6707,0.0774,15.5820,0.2688,1264.1035,201.3548,4.5499,4.6885,2.0771,4.1543,6.1317,8.4025,10.5031,18.5864,3.9466,-2.0771,2.528253,4.474023,1.127938,29,192,48,6,0.01915741,0.01232650,0.05216444,0E-8,0.000000,0.903271,0.017936,-0.04061604,2026-05-16,2026-07-20,31,1797,733,66,0.469697,0.970424,0.970991,0.063858,,,,,,,,GLOBAL_BASELINE_NO_ENTITY_RANKING,,,NOT_APPLICABLE_GLOBAL_BASELINE,HF9g-P5,,,,X 全窗基线 · 不参与实体赏罚,8395354,840,A168_HF9F_20260827_0900,2026-08-27 09:00:00
2026-06-05,150107794,1151,0,5.8160064807,-5.8160064807,-5.8160064807,0E-7,1,1,0.49324550000000000,0.493245500000,-0.9865810262130424,-0.9865810262130424,-0.9865810262130424,0E-17,ELIGIBLE,R03b_20260811_FULL_v1,L1_ELIGIBILITY,v2026-08-11,2026-03-21..2026-08-06,baccarat_bet02_101_all_pairs_incl_sentinel,round_win = game_pnl > 0 (decisive only),COMPATIBILITY_ONLY_NOT_PRODUCTION,39187.2093,35396.6747,483.0410,8363,6242,-0.01232650,-0.05216444,-0.01154840,-0.01232650,-483.0410,39187.2093,OK,0.0000,19.3216,4.0000,96.0000,AG03-UNRESOLVED,ALL5_LEVELS_bet23_to_bet27,19.3216,19.3216,19.3216,0.0000,0.0000,4.000000,4.000000,4.000000,0.000000,0.000000,96.000000,96.000000,96.000000,100.000000,100.000000,5.0,57.9649,55.6772,425.0761,427.3638,PENDING_AG03,FALSE,NOT_FOR_ENFORCEMENT,463.7194,33980.8077,483.0410,463.7194,19.3216,0.01232650,0.01183344,19.3216,463.7194,0.01183344,19.3216,19.3216,19.3216,0.0000,0.0000,463.7194,0.01183344,57.9649,55.6772,425.0761,427.3638,0.01084732,0.0109057,0.00049306,4.6858,5.6707,0.0774,15.5820,0.2688,1264.1035,201.3548,4.5499,4.6885,2.0771,4.1543,6.1317,8.4025,10.5031,18.5864,3.9466,-2.0771,2.528253,4.474023,1.127938,29,192,48,6,0.01915741,0.01232650,0.05216444,0E-8,0.000000,0.903271,0.017936,-0.04061604,2026-05-16,2026-07-20,31,1797,733,66,0.469697,0.970424,0.970991,0.063858,,,,,,,,GLOBAL_BASELINE_NO_ENTITY_RANKING,,,NOT_APPLICABLE_GLOBAL_BASELINE,HF9g-P5,,,,X 全窗基线 · 不参与实体赏罚,8395355,840,A168_HF9F_20260827_0900,2026-08-27 09:00:00
2026-06-05,150107794,1210,0,10.3857258584,-2.0771451716,-2.0771451716,0.5000000,2,2,0.49324550000000000,0.493245500000,0.01910635448239258,0.01910635448239258,0.01910635448239258,0E-17,ELIGIBLE,R03b_20260811_FULL_v1,L1_ELIGIBILITY,v2026-08-11,2026-03-21..2026-08-06,baccarat_bet02_101_all_pairs_incl_sentinel,round_win = game_pnl > 0 (decisive only),COMPATIBILITY_ONLY_NOT_PRODUCTION,39187.2093,35396.6747,483.0410,8363,6242,-0.01232650,-0.05216444,-0.01154840,-0.01232650,-483.0410,39187.2093,OK,0.0000,19.3216,4.0000,96.0000,AG03-UNRESOLVED,ALL5_LEVELS_bet23_to_bet27,19.3216,19.3216,19.3216,0.0000,0.0000,4.000000,4.000000,4.000000,0.000000,0.000000,96.000000,96.000000,96.000000,100.000000,100.000000,5.0,57.9649,55.6772,425.0761,427.3638,PENDING_AG03,FALSE,NOT_FOR_ENFORCEMENT,463.7194,33980.8077,483.0410,463.7194,19.3216,0.01232650,0.01183344,19.3216,463.7194,0.01183344,19.3216,19.3216,19.3216,0.0000,0.0000,463.7194,0.01183344,57.9649,55.6772,425.0761,427.3638,0.01084732,0.0109057,0.00049306,4.6858,5.6707,0.0774,15.5820,0.2688,1264.1035,201.3548,4.5499,4.6885,2.0771,4.1543,6.1317,8.4025,10.5031,18.5864,3.9466,-2.0771,2.528253,4.474023,1.127938,29,192,48,6,0.01915741,0.01232650,0.05216444,0E-8,0.000000,0.903271,0.017936,-0.04061604,2026-05-16,2026-07-20,31,1797,733,66,0.469697,0.970424,0.970991,0.063858,,,,,,,,GLOBAL_BASELINE_NO_ENTITY_RANKING,,,NOT_APPLICABLE_GLOBAL_BASELINE,HF9g-P5,,,,X 全窗基线 · 不参与实体赏罚,8395356,840,A168_HF9F_20260827_0900,2026-08-27 09:00:00
2026-06-05,150107794,1307,0,94.9255343457,-1.3397586358,-1.3397586358,0.5333333,22,16,0.45780261610608116,0.420594556250,0.5871531488254541,0.8844959319485209,0.5871531488254541,0.03720805985608116,ELIGIBLE,R03b_20260811_FULL_v1,L1_ELIGIBILITY,v2026-08-11,2026-03-21..2026-08-06,baccarat_bet02_101_all_pairs_incl_sentinel,round_win = game_pnl > 0 (decisive only),COMPATIBILITY_ONLY_NOT_PRODUCTION,39187.2093,35396.6747,483.0410,8363,6242,-0.01232650,-0.05216444,-0.01154840,-0.01232650,-483.0410,39187.2093,OK,0.0000,19.3216,4.0000,96.0000,AG03-UNRESOLVED,ALL5_LEVELS_bet23_to_bet27,19.3216,19.3216,19.3216,0.0000,0.0000,4.000000,4.000000,4.000000,0.000000,0.000000,96.000000,96.000000,96.000000,100.000000,100.000000,5.0,57.9649,55.6772,425.0761,427.3638,PENDING_AG03,FALSE,NOT_FOR_ENFORCEMENT,463.7194,33980.8077,483.0410,463.7194,19.3216,0.01232650,0.01183344,19.3216,463.7194,0.01183344,19.3216,19.3216,19.3216,0.0000,0.0000,463.7194,0.01183344,57.9649,55.6772,425.0761,427.3638,0.01084732,0.0109057,0.00049306,4.6858,5.6707,0.0774,15.5820,0.2688,1264.1035,201.3548,4.5499,4.6885,2.0771,4.1543,6.1317,8.4025,10.5031,18.5864,3.9466,-2.0771,2.528253,4.474023,1.127938,29,192,48,6,0.01915741,0.01232650,0.05216444,0E-8,0.000000,0.903271,0.017936,-0.04061604,2026-05-16,2026-07-20,31,1797,733,66,0.469697,0.970424,0.970991,0.063858,,,,,,,,GLOBAL_BASELINE_NO_ENTITY_RANKING,,,NOT_APPLICABLE_GLOBAL_BASELINE,HF9g-P5,,,,X 全窗基线 · 不参与实体赏罚,8395357,840,A168_HF9F_20260827_0900,2026-08-27 09:00:00
2026-06-05,150107794,1330,0,92.4329601399,-1.5578588790,-1.5578588790,0.5000000,21,14,0.44362493821396808,0.398851153571,0.4245797187378366,0.7729092710922705,0.4245797187378366,0.04477378464296808,ELIGIBLE,R03b_20260811_FULL_v1,L1_ELIGIBILITY,v2026-08-11,2026-03-21..2026-08-06,baccarat_bet02_101_all_pairs_incl_sentinel,round_win = game_pnl > 0 (decisive only),COMPATIBILITY_ONLY_NOT_PRODUCTION,39187.2093,35396.6747,483.0410,8363,6242,-0.01232650,-0.05216444,-0.01154840,-0.01232650,-483.0410,39187.2093,OK,0.0000,19.3216,4.0000,96.0000,AG03-UNRESOLVED,ALL5_LEVELS_bet23_to_bet27,19.3216,19.3216,19.3216,0.0000,0.0000,4.000000,4.000000,4.000000,0.000000,0.000000,96.000000,96.000000,96.000000,100.000000,100.000000,5.0,57.9649,55.6772,425.0761,427.3638,PENDING_AG03,FALSE,NOT_FOR_ENFORCEMENT,463.7194,33980.8077,483.0410,463.7194,19.3216,0.01232650,0.01183344,19.3216,463.7194,0.01183344,19.3216,19.3216,19.3216,0.0000,0.0000,463.7194,0.01183344,57.9649,55.6772,425.0761,427.3638,0.01084732,0.0109057,0.00049306,4.6858,5.6707,0.0774,15.5820,0.2688,1264.1035,201.3548,4.5499,4.6885,2.0771,4.1543,6.1317,8.4025,10.5031,18.5864,3.9466,-2.0771,2.528253,4.474023,1.127938,29,192,48,6,0.01915741,0.01232650,0.05216444,0E-8,0.000000,0.903271,0.017936,-0.04061604,2026-05-16,2026-07-20,31,1797,733,66,0.469697,0.970424,0.970991,0.063858,,,,,,,,GLOBAL_BASELINE_NO_ENTITY_RANKING,,,NOT_APPLICABLE_GLOBAL_BASELINE,HF9g-P5,,,,X 全窗基线 · 不参与实体赏罚,8395358,840,A168_HF9F_20260827_0900,2026-08-27 09:00:00
2026-06-05,150107794,1382,0,2.0771451717,-2.0771451717,-2.0771451717,0E-7,1,1,0.49324550000000000,0.493245500000,-0.9865810262130424,-0.9865810262130424,-0.9865810262130424,0E-17,ELIGIBLE,R03b_20260811_FULL_v1,L1_ELIGIBILITY,v2026-08-11,2026-03-21..2026-08-06,baccarat_bet02_101_all_pairs_incl_sentinel,round_win = game_pnl > 0 (decisive only),COMPATIBILITY_ONLY_NOT_PRODUCTION,39187.2093,35396.6747,483.0410,8363,6242,-0.01232650,-0.05216444,-0.01154840,-0.01232650,-483.0410,39187.2093,OK,0.0000,19.3216,4.0000,96.0000,AG03-UNRESOLVED,ALL5_LEVELS_bet23_to_bet27,19.3216,19.3216,19.3216,0.0000,0.0000,4.000000,4.000000,4.000000,0.000000,0.000000,96.000000,96.000000,96.000000,100.000000,100.000000,5.0,57.9649,55.6772,425.0761,427.3638,PENDING_AG03,FALSE,NOT_FOR_ENFORCEMENT,463.7194,33980.8077,483.0410,463.7194,19.3216,0.01232650,0.01183344,19.3216,463.7194,0.01183344,19.3216,19.3216,19.3216,0.0000,0.0000,463.7194,0.01183344,57.9649,55.6772,425.0761,427.3638,0.01084732,0.0109057,0.00049306,4.6858,5.6707,0.0774,15.5820,0.2688,1264.1035,201.3548,4.5499,4.6885,2.0771,4.1543,6.1317,8.4025,10.5031,18.5864,3.9466,-2.0771,2.528253,4.474023,1.127938,29,192,48,6,0.01915741,0.01232650,0.05216444,0E-8,0.000000,0.903271,0.017936,-0.04061604,2026-05-16,2026-07-20,31,1797,733,66,0.469697,0.970424,0.970991,0.063858,,,,,,,,GLOBAL_BASELINE_NO_ENTITY_RANKING,,,NOT_APPLICABLE_GLOBAL_BASELINE,HF9g-P5,,,,X 全窗基线 · 不参与实体赏罚,8395359,840,A168_HF9F_20260827_0900,2026-08-27 09:00:00
2026-06-05,150107794,1485,0,3.1157177575,-3.1157177575,-3.1157177575,0E-7,1,1,0.50665070000000000,0.506650700000,-1.013391052207602,-1.013391052207602,-1.013391052207602,0E-17,ELIGIBLE,R03b_20260811_FULL_v1,L1_ELIGIBILITY,v2026-08-11,2026-03-21..2026-08-06,baccarat_bet02_101_all_pairs_incl_sentinel,round_win = game_pnl > 0 (decisive only),COMPATIBILITY_ONLY_NOT_PRODUCTION,39187.2093,35396.6747,483.0410,8363,6242,-0.01232650,-0.05216444,-0.01154840,-0.01232650,-483.0410,39187.2093,OK,0.0000,19.3216,4.0000,96.0000,AG03-UNRESOLVED,ALL5_LEVELS_bet23_to_bet27,19.3216,19.3216,19.3216,0.0000,0.0000,4.000000,4.000000,4.000000,0.000000,0.000000,96.000000,96.000000,96.000000,100.000000,100.000000,5.0,57.9649,55.6772,425.0761,427.3638,PENDING_AG03,FALSE,NOT_FOR_ENFORCEMENT,463.7194,33980.8077,483.0410,463.7194,19.3216,0.01232650,0.01183344,19.3216,463.7194,0.01183344,19.3216,19.3216,19.3216,0.0000,0.0000,463.7194,0.01183344,57.9649,55.6772,425.0761,427.3638,0.01084732,0.0109057,0.00049306,4.6858,5.6707,0.0774,15.5820,0.2688,1264.1035,201.3548,4.5499,4.6885,2.0771,4.1543,6.1317,8.4025,10.5031,18.5864,3.9466,-2.0771,2.528253,4.474023,1.127938,29,192,48,6,0.01915741,0.01232650,0.05216444,0E-8,0.000000,0.903271,0.017936,-0.04061604,2026-05-16,2026-07-20,31,1797,733,66,0.469697,0.970424,0.970991,0.063858,,,,,,,,GLOBAL_BASELINE_NO_ENTITY_RANKING,,,NOT_APPLICABLE_GLOBAL_BASELINE,HF9g-P5,,,,X 全窗基线 · 不参与实体赏罚,8395360,840,A168_HF9F_20260827_0900,2026-08-27 09:00:00
2026-06-05,150107794,1505,0,24.5103130260,-4.5593336519,-4.5593336519,0.5000000,7,6,0.48457341538455017,0.467844975000,0.07561051764012651,0.15785357005604128,0.07561051764012651,0.01672844038455017,ELIGIBLE,R03b_20260811_FULL_v1,L1_ELIGIBILITY,v2026-08-11,2026-03-21..2026-08-06,baccarat_bet02_101_all_pairs_incl_sentinel,round_win = game_pnl > 0 (decisive only),COMPATIBILITY_ONLY_NOT_PRODUCTION,39187.2093,35396.6747,483.0410,8363,6242,-0.01232650,-0.05216444,-0.01154840,-0.01232650,-483.0410,39187.2093,OK,0.0000,19.3216,4.0000,96.0000,AG03-UNRESOLVED,ALL5_LEVELS_bet23_to_bet27,19.3216,19.3216,19.3216,0.0000,0.0000,4.000000,4.000000,4.000000,0.000000,0.000000,96.000000,96.000000,96.000000,100.000000,100.000000,5.0,57.9649,55.6772,425.0761,427.3638,PENDING_AG03,FALSE,NOT_FOR_ENFORCEMENT,463.7194,33980.8077,483.0410,463.7194,19.3216,0.01232650,0.01183344,19.3216,463.7194,0.01183344,19.3216,19.3216,19.3216,0.0000,0.0000,463.7194,0.01183344,57.9649,55.6772,425.0761,427.3638,0.01084732,0.0109057,0.00049306,4.6858,5.6707,0.0774,15.5820,0.2688,1264.1035,201.3548,4.5499,4.6885,2.0771,4.1543,6.1317,8.4025,10.5031,18.5864,3.9466,-2.0771,2.528253,4.474023,1.127938,29,192,48,6,0.01915741,0.01232650,0.05216444,0E-8,0.000000,0.903271,0.017936,-0.04061604,2026-05-16,2026-07-20,31,1797,733,66,0.469697,0.970424,0.970991,0.063858,,,,,,,,GLOBAL_BASELINE_NO_ENTITY_RANKING,,,NOT_APPLICABLE_GLOBAL_BASELINE,HF9g-P5,,,,X 全窗基线 · 不参与实体赏罚,8395361,840,A168_HF9F_20260827_0900,2026-08-27 09:00:00
2026-06-05,150107794,1507,0,15.5785887877,1.0385725859,1.0385725859,0.5000000,4,4,0.49659680000000000,0.496596800000,0.013613115331600182,0.013613115331600183,0.013613115331600182,0E-17,ELIGIBLE,R03b_20260811_FULL_v1,L1_ELIGIBILITY,v2026-08-11,2026-03-21..2026-08-06,baccarat_bet02_101_all_pairs_incl_sentinel,round_win = game_pnl > 0 (decisive only),COMPATIBILITY_ONLY_NOT_PRODUCTION,39187.2093,35396.6747,483.0410,8363,6242,-0.01232650,-0.05216444,-0.01154840,-0.01232650,-483.0410,39187.2093,OK,0.0000,19.3216,4.0000,96.0000,AG03-UNRESOLVED,ALL5_LEVELS_bet23_to_bet27,19.3216,19.3216,19.3216,0.0000,0.0000,4.000000,4.000000,4.000000,0.000000,0.000000,96.000000,96.000000,96.000000,100.000000,100.000000,5.0,57.9649,55.6772,425.0761,427.3638,PENDING_AG03,FALSE,NOT_FOR_ENFORCEMENT,463.7194,33980.8077,483.0410,463.7194,19.3216,0.01232650,0.01183344,19.3216,463.7194,0.01183344,19.3216,19.3216,19.3216,0.0000,0.0000,463.7194,0.01183344,57.9649,55.6772,425.0761,427.3638,0.01084732,0.0109057,0.00049306,4.6858,5.6707,0.0774,15.5820,0.2688,1264.1035,201.3548,4.5499,4.6885,2.0771,4.1543,6.1317,8.4025,10.5031,18.5864,3.9466,-2.0771,2.528253,4.474023,1.127938,29,192,48,6,0.01915741,0.01232650,0.05216444,0E-8,0.000000,0.903271,0.017936,-0.04061604,2026-05-16,2026-07-20,31,1797,733,66,0.469697,0.970424,0.970991,0.063858,,,,,,,,GLOBAL_BASELINE_NO_ENTITY_RANKING,,,NOT_APPLICABLE_GLOBAL_BASELINE,HF9g-P5,,,,X 全窗基线 · 不参与实体赏罚,8395362,840,A168_HF9F_20260827_0900,2026-08-27 09:00:00
2026-06-05,150107794,1710,0,27.0028872320,3.9465758262,3.9465758262,0.6666667,9,7,0.44792802714263043,0.442041628571,1.0774550555073628,1.1079018940593086,1.0774550555073628,0.00588639857163043,ELIGIBLE,R03b_20260811_FULL_v1,L1_ELIGIBILITY,v2026-08-11,2026-03-21..2026-08-06,baccarat_bet02_101_all_pairs_incl_sentinel,round_win = game_pnl > 0 (decisive only),COMPATIBILITY_ONLY_NOT_PRODUCTION,39187.2093,35396.6747,483.0410,8363,6242,-0.01232650,-0.05216444,-0.01154840,-0.01232650,-483.0410,39187.2093,OK,0.0000,19.3216,4.0000,96.0000,AG03-UNRESOLVED,ALL5_LEVELS_bet23_to_bet27,19.3216,19.3216,19.3216,0.0000,0.0000,4.000000,4.000000,4.000000,0.000000,0.000000,96.000000,96.000000,96.000000,100.000000,100.000000,5.0,57.9649,55.6772,425.0761,427.3638,PENDING_AG03,FALSE,NOT_FOR_ENFORCEMENT,463.7194,33980.8077,483.0410,463.7194,19.3216,0.01232650,0.01183344,19.3216,463.7194,0.01183344,19.3216,19.3216,19.3216,0.0000,0.0000,463.7194,0.01183344,57.9649,55.6772,425.0761,427.3638,0.01084732,0.0109057,0.00049306,4.6858,5.6707,0.0774,15.5820,0.2688,1264.1035,201.3548,4.5499,4.6885,2.0771,4.1543,6.1317,8.4025,10.5031,18.5864,3.9466,-2.0771,2.528253,4.474023,1.127938,29,192,48,6,0.01915741,0.01232650,0.05216444,0E-8,0.000000,0.903271,0.017936,-0.04061604,2026-05-16,2026-07-20,31,1797,733,66,0.469697,0.970424,0.970991,0.063858,,,,,,,,GLOBAL_BASELINE_NO_ENTITY_RANKING,,,NOT_APPLICABLE_GLOBAL_BASELINE,HF9g-P5,,,,X 全窗基线 · 不参与实体赏罚,8395363,840,A168_HF9F_20260827_0900,2026-08-27 09:00:00
2026-06-05,150107794,1714,0,16.4094468562,-4.2581476019,-4.2581476019,0.5000000,3,2,0.46040042551103029,0.403638725000,0.1123574462642041,0.27775789067037676,0.1123574462642041,0.05676170051103029,ELIGIBLE,R03b_20260811_FULL_v1,L1_ELIGIBILITY,v2026-08-11,2026-03-21..2026-08-06,baccarat_bet02_101_all_pairs_incl_sentinel,round_win = game_pnl > 0 (decisive only),COMPATIBILITY_ONLY_NOT_PRODUCTION,39187.2093,35396.6747,483.0410,8363,6242,-0.01232650,-0.05216444,-0.01154840,-0.01232650,-483.0410,39187.2093,OK,0.0000,19.3216,4.0000,96.0000,AG03-UNRESOLVED,ALL5_LEVELS_bet23_to_bet27,19.3216,19.3216,19.3216,0.0000,0.0000,4.000000,4.000000,4.000000,0.000000,0.000000,96.000000,96.000000,96.000000,100.000000,100.000000,5.0,57.9649,55.6772,425.0761,427.3638,PENDING_AG03,FALSE,NOT_FOR_ENFORCEMENT,463.7194,33980.8077,483.0410,463.7194,19.3216,0.01232650,0.01183344,19.3216,463.7194,0.01183344,19.3216,19.3216,19.3216,0.0000,0.0000,463.7194,0.01183344,57.9649,55.6772,425.0761,427.3638,0.01084732,0.0109057,0.00049306,4.6858,5.6707,0.0774,15.5820,0.2688,1264.1035,201.3548,4.5499,4.6885,2.0771,4.1543,6.1317,8.4025,10.5031,18.5864,3.9466,-2.0771,2.528253,4.474023,1.127938,29,192,48,6,0.01915741,0.01232650,0.05216444,0E-8,0.000000,0.903271,0.017936,-0.04061604,2026-05-16,2026-07-20,31,1797,733,66,0.469697,0.970424,0.970991,0.063858,,,,,,,,GLOBAL_BASELINE_NO_ENTITY_RANKING,,,NOT_APPLICABLE_GLOBAL_BASELINE,HF9g-P5,,,,X 全窗基线 · 不参与实体赏罚,8395364,840,A168_HF9F_20260827_0900,2026-08-27 09:00:00
2026-06-05,150107794,1942,0,8.3085806867,-8.3085806867,-8.3085806867,0E-7,2,1,0.40363872499876017,0.300626750000,-0.8227003755285349,-0.655630731788307,-0.8227003755285349,0.10301197499876017,ELIGIBLE,R03b_20260811_FULL_v1,L1_ELIGIBILITY,v2026-08-11,2026-03-21..2026-08-06,baccarat_bet02_101_all_pairs_incl_sentinel,round_win = game_pnl > 0 (decisive only),COMPATIBILITY_ONLY_NOT_PRODUCTION,39187.2093,35396.6747,483.0410,8363,6242,-0.01232650,-0.05216444,-0.01154840,-0.01232650,-483.0410,39187.2093,OK,0.0000,19.3216,4.0000,96.0000,AG03-UNRESOLVED,ALL5_LEVELS_bet23_to_bet27,19.3216,19.3216,19.3216,0.0000,0.0000,4.000000,4.000000,4.000000,0.000000,0.000000,96.000000,96.000000,96.000000,100.000000,100.000000,5.0,57.9649,55.6772,425.0761,427.3638,PENDING_AG03,FALSE,NOT_FOR_ENFORCEMENT,463.7194,33980.8077,483.0410,463.7194,19.3216,0.01232650,0.01183344,19.3216,463.7194,0.01183344,19.3216,19.3216,19.3216,0.0000,0.0000,463.7194,0.01183344,57.9649,55.6772,425.0761,427.3638,0.01084732,0.0109057,0.00049306,4.6858,5.6707,0.0774,15.5820,0.2688,1264.1035,201.3548,4.5499,4.6885,2.0771,4.1543,6.1317,8.4025,10.5031,18.5864,3.9466,-2.0771,2.528253,4.474023,1.127938,29,192,48,6,0.01915741,0.01232650,0.05216444,0E-8,0.000000,0.903271,0.017936,-0.04061604,2026-05-16,2026-07-20,31,1797,733,66,0.469697,0.970424,0.970991,0.063858,,,,,,,,GLOBAL_BASELINE_NO_ENTITY_RANKING,,,NOT_APPLICABLE_GLOBAL_BASELINE,HF9g-P5,,,,X 全窗基线 · 不参与实体赏罚,8395365,840,A168_HF9F_20260827_0900,2026-08-27 09:00:00
2026-06-05,150107794,1947,0,39.2580437447,9.9702968240,9.9702968240,0.5714286,8,7,0.48475334642840007,0.470516107143,0.458855561512418,0.534909372593283,0.458855561512418,0.01423723928540007,ELIGIBLE,R03b_20260811_FULL_v1,L1_ELIGIBILITY,v2026-08-11,2026-03-21..2026-08-06,baccarat_bet02_101_all_pairs_incl_sentinel,round_win = game_pnl > 0 (decisive only),COMPATIBILITY_ONLY_NOT_PRODUCTION,39187.2093,35396.6747,483.0410,8363,6242,-0.01232650,-0.05216444,-0.01154840,-0.01232650,-483.0410,39187.2093,OK,0.0000,19.3216,4.0000,96.0000,AG03-UNRESOLVED,ALL5_LEVELS_bet23_to_bet27,19.3216,19.3216,19.3216,0.0000,0.0000,4.000000,4.000000,4.000000,0.000000,0.000000,96.000000,96.000000,96.000000,100.000000,100.000000,5.0,57.9649,55.6772,425.0761,427.3638,PENDING_AG03,FALSE,NOT_FOR_ENFORCEMENT,463.7194,33980.8077,483.0410,463.7194,19.3216,0.01232650,0.01183344,19.3216,463.7194,0.01183344,19.3216,19.3216,19.3216,0.0000,0.0000,463.7194,0.01183344,57.9649,55.6772,425.0761,427.3638,0.01084732,0.0109057,0.00049306,4.6858,5.6707,0.0774,15.5820,0.2688,1264.1035,201.3548,4.5499,4.6885,2.0771,4.1543,6.1317,8.4025,10.5031,18.5864,3.9466,-2.0771,2.528253,4.474023,1.127938,29,192,48,6,0.01915741,0.01232650,0.05216444,0E-8,0.000000,0.903271,0.017936,-0.04061604,2026-05-16,2026-07-20,31,1797,733,66,0.469697,0.970424,0.970991,0.063858,,,,,,,,GLOBAL_BASELINE_NO_ENTITY_RANKING,,,NOT_APPLICABLE_GLOBAL_BASELINE,HF9g-P5,,,,X 全窗基线 · 不参与实体赏罚,8395366,840,A168_HF9F_20260827_0900,2026-08-27 09:00:00
2026-06-05,150107794,1990,0,4.1542903434,-4.1542903434,-4.1542903434,0E-7,1,1,0.49324550000000000,0.493245500000,-0.9865810262130424,-0.9865810262130424,-0.9865810262130424,0E-17,ELIGIBLE,R03b_20260811_FULL_v1,L1_ELIGIBILITY,v2026-08-11,2026-03-21..2026-08-06,baccarat_bet02_101_all_pairs_incl_sentinel,round_win = game_pnl > 0 (decisive only),COMPATIBILITY_ONLY_NOT_PRODUCTION,39187.2093,35396.6747,483.0410,8363,6242,-0.01232650,-0.05216444,-0.01154840,-0.01232650,-483.0410,39187.2093,OK,0.0000,19.3216,4.0000,96.0000,AG03-UNRESOLVED,ALL5_LEVELS_bet23_to_bet27,19.3216,19.3216,19.3216,0.0000,0.0000,4.000000,4.000000,4.000000,0.000000,0.000000,96.000000,96.000000,96.000000,100.000000,100.000000,5.0,57.9649,55.6772,425.0761,427.3638,PENDING_AG03,FALSE,NOT_FOR_ENFORCEMENT,463.7194,33980.8077,483.0410,463.7194,19.3216,0.01232650,0.01183344,19.3216,463.7194,0.01183344,19.3216,19.3216,19.3216,0.0000,0.0000,463.7194,0.01183344,57.9649,55.6772,425.0761,427.3638,0.01084732,0.0109057,0.00049306,4.6858,5.6707,0.0774,15.5820,0.2688,1264.1035,201.3548,4.5499,4.6885,2.0771,4.1543,6.1317,8.4025,10.5031,18.5864,3.9466,-2.0771,2.528253,4.474023,1.127938,29,192,48,6,0.01915741,0.01232650,0.05216444,0E-8,0.000000,0.903271,0.017936,-0.04061604,2026-05-16,2026-07-20,31,1797,733,66,0.469697,0.970424,0.970991,0.063858,,,,,,,,GLOBAL_BASELINE_NO_ENTITY_RANKING,,,NOT_APPLICABLE_GLOBAL_BASELINE,HF9g-P5,,,,X 全窗基线 · 不参与实体赏罚,8395367,840,A168_HF9F_20260827_0900,2026-08-27 09:00:00
2026-06-05,150107794,2092,0,14.5400162019,2.0771451717,2.0771451717,0.6666667,4,3,0.44895186666666667,0.426805050000,0.7581478743238177,0.8399538622850082,0.7581478743238177,0.02214681666666667,ELIGIBLE,R03b_20260811_FULL_v1,L1_ELIGIBILITY,v2026-08-11,2026-03-21..2026-08-06,baccarat_bet02_101_all_pairs_incl_sentinel,round_win = game_pnl > 0 (decisive only),COMPATIBILITY_ONLY_NOT_PRODUCTION,39187.2093,35396.6747,483.0410,8363,6242,-0.01232650,-0.05216444,-0.01154840,-0.01232650,-483.0410,39187.2093,OK,0.0000,19.3216,4.0000,96.0000,AG03-UNRESOLVED,ALL5_LEVELS_bet23_to_bet27,19.3216,19.3216,19.3216,0.0000,0.0000,4.000000,4.000000,4.000000,0.000000,0.000000,96.000000,96.000000,96.000000,100.000000,100.000000,5.0,57.9649,55.6772,425.0761,427.3638,PENDING_AG03,FALSE,NOT_FOR_ENFORCEMENT,463.7194,33980.8077,483.0410,463.7194,19.3216,0.01232650,0.01183344,19.3216,463.7194,0.01183344,19.3216,19.3216,19.3216,0.0000,0.0000,463.7194,0.01183344,57.9649,55.6772,425.0761,427.3638,0.01084732,0.0109057,0.00049306,4.6858,5.6707,0.0774,15.5820,0.2688,1264.1035,201.3548,4.5499,4.6885,2.0771,4.1543,6.1317,8.4025,10.5031,18.5864,3.9466,-2.0771,2.528253,4.474023,1.127938,29,192,48,6,0.01915741,0.01232650,0.05216444,0E-8,0.000000,0.903271,0.017936,-0.04061604,2026-05-16,2026-07-20,31,1797,733,66,0.469697,0.970424,0.970991,0.063858,,,,,,,,GLOBAL_BASELINE_NO_ENTITY_RANKING,,,NOT_APPLICABLE_GLOBAL_BASELINE,HF9g-P5,,,,X 全窗基线 · 不参与实体赏罚,8395368,840,A168_HF9F_20260827_0900,2026-08-27 09:00:00
2026-06-05,150107794,2115,0,3.1157177575,0E-10,0E-10,,1,1,0.50665070000000000,0.506650700000,,,,0E-17,NO_DECISIVE_ROUND,R03b_20260811_FULL_v1,L1_ELIGIBILITY,v2026-08-11,2026-03-21..2026-08-06,baccarat_bet02_101_all_pairs_incl_sentinel,round_win = game_pnl > 0 (decisive only),COMPATIBILITY_ONLY_NOT_PRODUCTION,39187.2093,35396.6747,483.0410,8363,6242,-0.01232650,-0.05216444,-0.01154840,-0.01232650,-483.0410,39187.2093,OK,0.0000,19.3216,4.0000,96.0000,AG03-UNRESOLVED,ALL5_LEVELS_bet23_to_bet27,19.3216,19.3216,19.3216,0.0000,0.0000,4.000000,4.000000,4.000000,0.000000,0.000000,96.000000,96.000000,96.000000,100.000000,100.000000,5.0,57.9649,55.6772,425.0761,427.3638,PENDING_AG03,FALSE,NOT_FOR_ENFORCEMENT,463.7194,33980.8077,483.0410,463.7194,19.3216,0.01232650,0.01183344,19.3216,463.7194,0.01183344,19.3216,19.3216,19.3216,0.0000,0.0000,463.7194,0.01183344,57.9649,55.6772,425.0761,427.3638,0.01084732,0.0109057,0.00049306,4.6858,5.6707,0.0774,15.5820,0.2688,1264.1035,201.3548,4.5499,4.6885,2.0771,4.1543,6.1317,8.4025,10.5031,18.5864,3.9466,-2.0771,2.528253,4.474023,1.127938,29,192,48,6,0.01915741,0.01232650,0.05216444,0E-8,0.000000,0.903271,0.017936,-0.04061604,2026-05-16,2026-07-20,31,1797,733,66,0.469697,0.970424,0.970991,0.063858,,,,,,,,GLOBAL_BASELINE_NO_ENTITY_RANKING,,,NOT_APPLICABLE_GLOBAL_BASELINE,HF9g-P5,,,,X 全窗基线 · 不参与实体赏罚,8395369,840,A168_HF9F_20260827_0900,2026-08-27 09:00:00
2026-06-05,150107794,2129,0,24.0948839915,-11.0607980393,-11.0607980393,0.2500000,9,9,0.50367176666666667,0.503671766667,-1.4350229053520671,-1.4350229053539596,-1.4350229053520671,-3.3333E-13,ELIGIBLE,R03b_20260811_FULL_v1,L1_ELIGIBILITY,v2026-08-11,2026-03-21..2026-08-06,baccarat_bet02_101_all_pairs_incl_sentinel,round_win = game_pnl > 0 (decisive only),COMPATIBILITY_ONLY_NOT_PRODUCTION,39187.2093,35396.6747,483.0410,8363,6242,-0.01232650,-0.05216444,-0.01154840,-0.01232650,-483.0410,39187.2093,OK,0.0000,19.3216,4.0000,96.0000,AG03-UNRESOLVED,ALL5_LEVELS_bet23_to_bet27,19.3216,19.3216,19.3216,0.0000,0.0000,4.000000,4.000000,4.000000,0.000000,0.000000,96.000000,96.000000,96.000000,100.000000,100.000000,5.0,57.9649,55.6772,425.0761,427.3638,PENDING_AG03,FALSE,NOT_FOR_ENFORCEMENT,463.7194,33980.8077,483.0410,463.7194,19.3216,0.01232650,0.01183344,19.3216,463.7194,0.01183344,19.3216,19.3216,19.3216,0.0000,0.0000,463.7194,0.01183344,57.9649,55.6772,425.0761,427.3638,0.01084732,0.0109057,0.00049306,4.6858,5.6707,0.0774,15.5820,0.2688,1264.1035,201.3548,4.5499,4.6885,2.0771,4.1543,6.1317,8.4025,10.5031,18.5864,3.9466,-2.0771,2.528253,4.474023,1.127938,29,192,48,6,0.01915741,0.01232650,0.05216444,0E-8,0.000000,0.903271,0.017936,-0.04061604,2026-05-16,2026-07-20,31,1797,733,66,0.469697,0.970424,0.970991,0.063858,,,,,,,,GLOBAL_BASELINE_NO_ENTITY_RANKING,,,NOT_APPLICABLE_GLOBAL_BASELINE,HF9g-P5,,,,X 全窗基线 · 不参与实体赏罚,8395370,840,A168_HF9F_20260827_0900,2026-08-27 09:00:00
2026-06-05,150107794,2141,0,2.0771451717,-2.0771451717,-2.0771451717,0E-7,1,1,0.49324550000000000,0.493245500000,-0.9865810262130424,-0.9865810262130424,-0.9865810262130424,0E-17,ELIGIBLE,R03b_20260811_FULL_v1,L1_ELIGIBILITY,v2026-08-11,2026-03-21..2026-08-06,baccarat_bet02_101_all_pairs_incl_sentinel,round_win = game_pnl > 0 (decisive only),COMPATIBILITY_ONLY_NOT_PRODUCTION,39187.2093,35396.6747,483.0410,8363,6242,-0.01232650,-0.05216444,-0.01154840,-0.01232650,-483.0410,39187.2093,OK,0.0000,19.3216,4.0000,96.0000,AG03-UNRESOLVED,ALL5_LEVELS_bet23_to_bet27,19.3216,19.3216,19.3216,0.0000,0.0000,4.000000,4.000000,4.000000,0.000000,0.000000,96.000000,96.000000,96.000000,100.000000,100.000000,5.0,57.9649,55.6772,425.0761,427.3638,PENDING_AG03,FALSE,NOT_FOR_ENFORCEMENT,463.7194,33980.8077,483.0410,463.7194,19.3216,0.01232650,0.01183344,19.3216,463.7194,0.01183344,19.3216,19.3216,19.3216,0.0000,0.0000,463.7194,0.01183344,57.9649,55.6772,425.0761,427.3638,0.01084732,0.0109057,0.00049306,4.6858,5.6707,0.0774,15.5820,0.2688,1264.1035,201.3548,4.5499,4.6885,2.0771,4.1543,6.1317,8.4025,10.5031,18.5864,3.9466,-2.0771,2.528253,4.474023,1.127938,29,192,48,6,0.01915741,0.01232650,0.05216444,0E-8,0.000000,0.903271,0.017936,-0.04061604,2026-05-16,2026-07-20,31,1797,733,66,0.469697,0.970424,0.970991,0.063858,,,,,,,,GLOBAL_BASELINE_NO_ENTITY_RANKING,,,NOT_APPLICABLE_GLOBAL_BASELINE,HF9g-P5,,,,X 全窗基线 · 不参与实体赏罚,8395371,840,A168_HF9F_20260827_0900,2026-08-27 09:00:00
2026-06-05,150107794,2142,0,49.8514841204,1.6305589597,1.6305589597,0.6250000,12,10,0.48251518863628433,0.464775650000,0.8065090912084955,0.9086233573789307,0.8065090912084955,0.01773953863628433,ELIGIBLE,R03b_20260811_FULL_v1,L1_ELIGIBILITY,v2026-08-11,2026-03-21..2026-08-06,baccarat_bet02_101_all_pairs_incl_sentinel,round_win = game_pnl > 0 (decisive only),COMPATIBILITY_ONLY_NOT_PRODUCTION,39187.2093,35396.6747,483.0410,8363,6242,-0.01232650,-0.05216444,-0.01154840,-0.01232650,-483.0410,39187.2093,OK,0.0000,19.3216,4.0000,96.0000,AG03-UNRESOLVED,ALL5_LEVELS_bet23_to_bet27,19.3216,19.3216,19.3216,0.0000,0.0000,4.000000,4.000000,4.000000,0.000000,0.000000,96.000000,96.000000,96.000000,100.000000,100.000000,5.0,57.9649,55.6772,425.0761,427.3638,PENDING_AG03,FALSE,NOT_FOR_ENFORCEMENT,463.7194,33980.8077,483.0410,463.7194,19.3216,0.01232650,0.01183344,19.3216,463.7194,0.01183344,19.3216,19.3216,19.3216,0.0000,0.0000,463.7194,0.01183344,57.9649,55.6772,425.0761,427.3638,0.01084732,0.0109057,0.00049306,4.6858,5.6707,0.0774,15.5820,0.2688,1264.1035,201.3548,4.5499,4.6885,2.0771,4.1543,6.1317,8.4025,10.5031,18.5864,3.9466,-2.0771,2.528253,4.474023,1.127938,29,192,48,6,0.01915741,0.01232650,0.05216444,0E-8,0.000000,0.903271,0.017936,-0.04061604,2026-05-16,2026-07-20,31,1797,733,66,0.469697,0.970424,0.970991,0.063858,,,,,,,,GLOBAL_BASELINE_NO_ENTITY_RANKING,,,NOT_APPLICABLE_GLOBAL_BASELINE,HF9g-P5,,,,X 全窗基线 · 不参与实体赏罚,8395372,840,A168_HF9F_20260827_0900,2026-08-27 09:00:00
2026-06-05,150107794,2152,0,8.3085806867,4.1542903433,4.1542903433,1.0000000,2,1,0.39358482499880051,0.293924150000,1.2412688522089337,1.549915577879723,1.2412688522089337,0.09966067499880051,ELIGIBLE,R03b_20260811_FULL_v1,L1_ELIGIBILITY,v2026-08-11,2026-03-21..2026-08-06,baccarat_bet02_101_all_pairs_incl_sentinel,round_win = game_pnl > 0 (decisive only),COMPATIBILITY_ONLY_NOT_PRODUCTION,39187.2093,35396.6747,483.0410,8363,6242,-0.01232650,-0.05216444,-0.01154840,-0.01232650,-483.0410,39187.2093,OK,0.0000,19.3216,4.0000,96.0000,AG03-UNRESOLVED,ALL5_LEVELS_bet23_to_bet27,19.3216,19.3216,19.3216,0.0000,0.0000,4.000000,4.000000,4.000000,0.000000,0.000000,96.000000,96.000000,96.000000,100.000000,100.000000,5.0,57.9649,55.6772,425.0761,427.3638,PENDING_AG03,FALSE,NOT_FOR_ENFORCEMENT,463.7194,33980.8077,483.0410,463.7194,19.3216,0.01232650,0.01183344,19.3216,463.7194,0.01183344,19.3216,19.3216,19.3216,0.0000,0.0000,463.7194,0.01183344,57.9649,55.6772,425.0761,427.3638,0.01084732,0.0109057,0.00049306,4.6858,5.6707,0.0774,15.5820,0.2688,1264.1035,201.3548,4.5499,4.6885,2.0771,4.1543,6.1317,8.4025,10.5031,18.5864,3.9466,-2.0771,2.528253,4.474023,1.127938,29,192,48,6,0.01915741,0.01232650,0.05216444,0E-8,0.000000,0.903271,0.017936,-0.04061604,2026-05-16,2026-07-20,31,1797,733,66,0.469697,0.970424,0.970991,0.063858,,,,,,,,GLOBAL_BASELINE_NO_ENTITY_RANKING,,,NOT_APPLICABLE_GLOBAL_BASELINE,HF9g-P5,,,,X 全窗基线 · 不参与实体赏罚,8395373,840,A168_HF9F_20260827_0900,2026-08-27 09:00:00
2026-06-05,150107794,2156,0,14.9554452361,-4.8293625242,-4.8293625242,0.3333333,3,3,0.50218230000000000,0.502182300000,-0.5849155494134425,-0.5849155494134426,-0.5849155494134425,0E-17,ELIGIBLE,R03b_20260811_FULL_v1,L1_ELIGIBILITY,v2026-08-11,2026-03-21..2026-08-06,baccarat_bet02_101_all_pairs_incl_sentinel,round_win = game_pnl > 0 (decisive only),COMPATIBILITY_ONLY_NOT_PRODUCTION,39187.2093,35396.6747,483.0410,8363,6242,-0.01232650,-0.05216444,-0.01154840,-0.01232650,-483.0410,39187.2093,OK,0.0000,19.3216,4.0000,96.0000,AG03-UNRESOLVED,ALL5_LEVELS_bet23_to_bet27,19.3216,19.3216,19.3216,0.0000,0.0000,4.000000,4.000000,4.000000,0.000000,0.000000,96.000000,96.000000,96.000000,100.000000,100.000000,5.0,57.9649,55.6772,425.0761,427.3638,PENDING_AG03,FALSE,NOT_FOR_ENFORCEMENT,463.7194,33980.8077,483.0410,463.7194,19.3216,0.01232650,0.01183344,19.3216,463.7194,0.01183344,19.3216,19.3216,19.3216,0.0000,0.0000,463.7194,0.01183344,57.9649,55.6772,425.0761,427.3638,0.01084732,0.0109057,0.00049306,4.6858,5.6707,0.0774,15.5820,0.2688,1264.1035,201.3548,4.5499,4.6885,2.0771,4.1543,6.1317,8.4025,10.5031,18.5864,3.9466,-2.0771,2.528253,4.474023,1.127938,29,192,48,6,0.01915741,0.01232650,0.05216444,0E-8,0.000000,0.903271,0.017936,-0.04061604,2026-05-16,2026-07-20,31,1797,733,66,0.469697,0.970424,0.970991,0.063858,,,,,,,,GLOBAL_BASELINE_NO_ENTITY_RANKING,,,NOT_APPLICABLE_GLOBAL_BASELINE,HF9g-P5,,,,X 全窗基线 · 不参与实体赏罚,8395374,840,A168_HF9F_20260827_0900,2026-08-27 09:00:00
2026-06-05,150107794,2167,0,2.9080032403,-2.9080032403,-2.9080032403,0E-7,1,1,0.49324550000000000,0.493245500000,-0.9865810262130424,-0.9865810262130424,-0.9865810262130424,0E-17,ELIGIBLE,R03b_20260811_FULL_v1,L1_ELIGIBILITY,v2026-08-11,2026-03-21..2026-08-06,baccarat_bet02_101_all_pairs_incl_sentinel,round_win = game_pnl > 0 (decisive only),COMPATIBILITY_ONLY_NOT_PRODUCTION,39187.2093,35396.6747,483.0410,8363,6242,-0.01232650,-0.05216444,-0.01154840,-0.01232650,-483.0410,39187.2093,OK,0.0000,19.3216,4.0000,96.0000,AG03-UNRESOLVED,ALL5_LEVELS_bet23_to_bet27,19.3216,19.3216,19.3216,0.0000,0.0000,4.000000,4.000000,4.000000,0.000000,0.000000,96.000000,96.000000,96.000000,100.000000,100.000000,5.0,57.9649,55.6772,425.0761,427.3638,PENDING_AG03,FALSE,NOT_FOR_ENFORCEMENT,463.7194,33980.8077,483.0410,463.7194,19.3216,0.01232650,0.01183344,19.3216,463.7194,0.01183344,19.3216,19.3216,19.3216,0.0000,0.0000,463.7194,0.01183344,57.9649,55.6772,425.0761,427.3638,0.01084732,0.0109057,0.00049306,4.6858,5.6707,0.0774,15.5820,0.2688,1264.1035,201.3548,4.5499,4.6885,2.0771,4.1543,6.1317,8.4025,10.5031,18.5864,3.9466,-2.0771,2.528253,4.474023,1.127938,29,192,48,6,0.01915741,0.01232650,0.05216444,0E-8,0.000000,0.903271,0.017936,-0.04061604,2026-05-16,2026-07-20,31,1797,733,66,0.469697,0.970424,0.970991,0.063858,,,,,,,,GLOBAL_BASELINE_NO_ENTITY_RANKING,,,NOT_APPLICABLE_GLOBAL_BASELINE,HF9g-P5,,,,X 全窗基线 · 不参与实体赏罚,8395375,840,A168_HF9F_20260827_0900,2026-08-27 09:00:00
2026-06-05,150107794,2169,0,203.3525123077,83.2935213839,83.2935213839,0.7727273,41,23,0.42875939769312687,0.340751886957,3.259964445887546,4.274907865946856,3.259964445887546,0.08800751073612687,ELIGIBLE,R03b_20260811_FULL_v1,L1_ELIGIBILITY,v2026-08-11,2026-03-21..2026-08-06,baccarat_bet02_101_all_pairs_incl_sentinel,round_win = game_pnl > 0 (decisive only),COMPATIBILITY_ONLY_NOT_PRODUCTION,39187.2093,35396.6747,483.0410,8363,6242,-0.01232650,-0.05216444,-0.01154840,-0.01232650,-483.0410,39187.2093,OK,0.0000,19.3216,4.0000,96.0000,AG03-UNRESOLVED,ALL5_LEVELS_bet23_to_bet27,19.3216,19.3216,19.3216,0.0000,0.0000,4.000000,4.000000,4.000000,0.000000,0.000000,96.000000,96.000000,96.000000,100.000000,100.000000,5.0,57.9649,55.6772,425.0761,427.3638,PENDING_AG03,FALSE,NOT_FOR_ENFORCEMENT,463.7194,33980.8077,483.0410,463.7194,19.3216,0.01232650,0.01183344,19.3216,463.7194,0.01183344,19.3216,19.3216,19.3216,0.0000,0.0000,463.7194,0.01183344,57.9649,55.6772,425.0761,427.3638,0.01084732,0.0109057,0.00049306,4.6858,5.6707,0.0774,15.5820,0.2688,1264.1035,201.3548,4.5499,4.6885,2.0771,4.1543,6.1317,8.4025,10.5031,18.5864,3.9466,-2.0771,2.528253,4.474023,1.127938,29,192,48,6,0.01915741,0.01232650,0.05216444,0E-8,0.000000,0.903271,0.017936,-0.04061604,2026-05-16,2026-07-20,31,1797,733,66,0.469697,0.970424,0.970991,0.063858,,,,,,,,GLOBAL_BASELINE_NO_ENTITY_RANKING,,,NOT_APPLICABLE_GLOBAL_BASELINE,HF9g-P5,,,,X 全窗基线 · 不参与实体赏罚,8395376,840,A168_HF9F_20260827_0900,2026-08-27 09:00:00
2026-06-05,150107794,2170,0,25.5488856116,-10.9050121513,-10.9050121513,0.2500000,6,5,0.47369241124985006,0.458743310000,-0.8960107433088378,-0.8378302773870469,-0.8960107433088378,0.01494910124985006,ELIGIBLE,R03b_20260811_FULL_v1,L1_ELIGIBILITY,v2026-08-11,2026-03-21..2026-08-06,baccarat_bet02_101_all_pairs_incl_sentinel,round_win = game_pnl > 0 (decisive only),COMPATIBILITY_ONLY_NOT_PRODUCTION,39187.2093,35396.6747,483.0410,8363,6242,-0.01232650,-0.05216444,-0.01154840,-0.01232650,-483.0410,39187.2093,OK,0.0000,19.3216,4.0000,96.0000,AG03-UNRESOLVED,ALL5_LEVELS_bet23_to_bet27,19.3216,19.3216,19.3216,0.0000,0.0000,4.000000,4.000000,4.000000,0.000000,0.000000,96.000000,96.000000,96.000000,100.000000,100.000000,5.0,57.9649,55.6772,425.0761,427.3638,PENDING_AG03,FALSE,NOT_FOR_ENFORCEMENT,463.7194,33980.8077,483.0410,463.7194,19.3216,0.01232650,0.01183344,19.3216,463.7194,0.01183344,19.3216,19.3216,19.3216,0.0000,0.0000,463.7194,0.01183344,57.9649,55.6772,425.0761,427.3638,0.01084732,0.0109057,0.00049306,4.6858,5.6707,0.0774,15.5820,0.2688,1264.1035,201.3548,4.5499,4.6885,2.0771,4.1543,6.1317,8.4025,10.5031,18.5864,3.9466,-2.0771,2.528253,4.474023,1.127938,29,192,48,6,0.01915741,0.01232650,0.05216444,0E-8,0.000000,0.903271,0.017936,-0.04061604,2026-05-16,2026-07-20,31,1797,733,66,0.469697,0.970424,0.970991,0.063858,,,,,,,,GLOBAL_BASELINE_NO_ENTITY_RANKING,,,NOT_APPLICABLE_GLOBAL_BASELINE,HF9g-P5,,,,X 全窗基线 · 不参与实体赏罚,8395377,840,A168_HF9F_20260827_0900,2026-08-27 09:00:00
2026-06-05,150107794,2175,0,8.3085806868,-8.3085806868,-8.3085806868,0E-7,2,2,0.49994810000000000,0.499948100000,-1.4140667746232096,-1.4140667746232096,-1.4140667746232096,0E-17,ELIGIBLE,R03b_20260811_FULL_v1,L1_ELIGIBILITY,v2026-08-11,2026-03-21..2026-08-06,baccarat_bet02_101_all_pairs_incl_sentinel,round_win = game_pnl > 0 (decisive only),COMPATIBILITY_ONLY_NOT_PRODUCTION,39187.2093,35396.6747,483.0410,8363,6242,-0.01232650,-0.05216444,-0.01154840,-0.01232650,-483.0410,39187.2093,OK,0.0000,19.3216,4.0000,96.0000,AG03-UNRESOLVED,ALL5_LEVELS_bet23_to_bet27,19.3216,19.3216,19.3216,0.0000,0.0000,4.000000,4.000000,4.000000,0.000000,0.000000,96.000000,96.000000,96.000000,100.000000,100.000000,5.0,57.9649,55.6772,425.0761,427.3638,PENDING_AG03,FALSE,NOT_FOR_ENFORCEMENT,463.7194,33980.8077,483.0410,463.7194,19.3216,0.01232650,0.01183344,19.3216,463.7194,0.01183344,19.3216,19.3216,19.3216,0.0000,0.0000,463.7194,0.01183344,57.9649,55.6772,425.0761,427.3638,0.01084732,0.0109057,0.00049306,4.6858,5.6707,0.0774,15.5820,0.2688,1264.1035,201.3548,4.5499,4.6885,2.0771,4.1543,6.1317,8.4025,10.5031,18.5864,3.9466,-2.0771,2.528253,4.474023,1.127938,29,192,48,6,0.01915741,0.01232650,0.05216444,0E-8,0.000000,0.903271,0.017936,-0.04061604,2026-05-16,2026-07-20,31,1797,733,66,0.469697,0.970424,0.970991,0.063858,,,,,,,,GLOBAL_BASELINE_NO_ENTITY_RANKING,,,NOT_APPLICABLE_GLOBAL_BASELINE,HF9g-P5,,,,X 全窗基线 · 不参与实体赏罚,8395378,840,A168_HF9F_20260827_0900,2026-08-27 09:00:00
2026-06-05,150107794,2196,0,35.5191824357,-10.4584259393,-10.4584259393,0.5000000,10,8,0.46818259144919017,0.450117762500,0.15618938843444177,0.24559732358088232,0.15618938843444177,0.01806482894919017,ELIGIBLE,R03b_20260811_FULL_v1,L1_ELIGIBILITY,v2026-08-11,2026-03-21..2026-08-06,baccarat_bet02_101_all_pairs_incl_sentinel,round_win = game_pnl > 0 (decisive only),COMPATIBILITY_ONLY_NOT_PRODUCTION,39187.2093,35396.6747,483.0410,8363,6242,-0.01232650,-0.05216444,-0.01154840,-0.01232650,-483.0410,39187.2093,OK,0.0000,19.3216,4.0000,96.0000,AG03-UNRESOLVED,ALL5_LEVELS_bet23_to_bet27,19.3216,19.3216,19.3216,0.0000,0.0000,4.000000,4.000000,4.000000,0.000000,0.000000,96.000000,96.000000,96.000000,100.000000,100.000000,5.0,57.9649,55.6772,425.0761,427.3638,PENDING_AG03,FALSE,NOT_FOR_ENFORCEMENT,463.7194,33980.8077,483.0410,463.7194,19.3216,0.01232650,0.01183344,19.3216,463.7194,0.01183344,19.3216,19.3216,19.3216,0.0000,0.0000,463.7194,0.01183344,57.9649,55.6772,425.0761,427.3638,0.01084732,0.0109057,0.00049306,4.6858,5.6707,0.0774,15.5820,0.2688,1264.1035,201.3548,4.5499,4.6885,2.0771,4.1543,6.1317,8.4025,10.5031,18.5864,3.9466,-2.0771,2.528253,4.474023,1.127938,29,192,48,6,0.01915741,0.01232650,0.05216444,0E-8,0.000000,0.903271,0.017936,-0.04061604,2026-05-16,2026-07-20,31,1797,733,66,0.469697,0.970424,0.970991,0.063858,,,,,,,,GLOBAL_BASELINE_NO_ENTITY_RANKING,,,NOT_APPLICABLE_GLOBAL_BASELINE,HF9g-P5,,,,X 全窗基线 · 不参与实体赏罚,8395379,840,A168_HF9F_20260827_0900,2026-08-27 09:00:00
2026-06-05,150107794,2212,0,47.3589099143,8.7343954469,8.7343954469,0.7142857,10,7,0.46112903246179631,0.412609635714,1.3436457681501819,1.621275434034613,1.3436457681501819,0.04851939674779631,ELIGIBLE,R03b_20260811_FULL_v1,L1_ELIGIBILITY,v2026-08-11,2026-03-21..2026-08-06,baccarat_bet02_101_all_pairs_incl_sentinel,round_win = game_pnl > 0 (decisive only),COMPATIBILITY_ONLY_NOT_PRODUCTION,39187.2093,35396.6747,483.0410,8363,6242,-0.01232650,-0.05216444,-0.01154840,-0.01232650,-483.0410,39187.2093,OK,0.0000,19.3216,4.0000,96.0000,AG03-UNRESOLVED,ALL5_LEVELS_bet23_to_bet27,19.3216,19.3216,19.3216,0.0000,0.0000,4.000000,4.000000,4.000000,0.000000,0.000000,96.000000,96.000000,96.000000,100.000000,100.000000,5.0,57.9649,55.6772,425.0761,427.3638,PENDING_AG03,FALSE,NOT_FOR_ENFORCEMENT,463.7194,33980.8077,483.0410,463.7194,19.3216,0.01232650,0.01183344,19.3216,463.7194,0.01183344,19.3216,19.3216,19.3216,0.0000,0.0000,463.7194,0.01183344,57.9649,55.6772,425.0761,427.3638,0.01084732,0.0109057,0.00049306,4.6858,5.6707,0.0774,15.5820,0.2688,1264.1035,201.3548,4.5499,4.6885,2.0771,4.1543,6.1317,8.4025,10.5031,18.5864,3.9466,-2.0771,2.528253,4.474023,1.127938,29,192,48,6,0.01915741,0.01232650,0.05216444,0E-8,0.000000,0.903271,0.017936,-0.04061604,2026-05-16,2026-07-20,31,1797,733,66,0.469697,0.970424,0.970991,0.063858,,,,,,,,GLOBAL_BASELINE_NO_ENTITY_RANKING,,,NOT_APPLICABLE_GLOBAL_BASELINE,HF9g-P5,,,,X 全窗基线 · 不参与实体赏罚,8395380,840,A168_HF9F_20260827_0900,2026-08-27 09:00:00
2026-06-05,150107794,2216,0,24.7180275430,-16.6171613734,-16.6171613734,0.2500000,5,4,0.47503293124970013,0.450117762500,-0.9012560303209535,-0.804484559023245,-0.9012560303209535,0.02491516874970013,ELIGIBLE,R03b_20260811_FULL_v1,L1_ELIGIBILITY,v2026-08-11,2026-03-21..2026-08-06,baccarat_bet02_101_all_pairs_incl_sentinel,round_win = game_pnl > 0 (decisive only),COMPATIBILITY_ONLY_NOT_PRODUCTION,39187.2093,35396.6747,483.0410,8363,6242,-0.01232650,-0.05216444,-0.01154840,-0.01232650,-483.0410,39187.2093,OK,0.0000,19.3216,4.0000,96.0000,AG03-UNRESOLVED,ALL5_LEVELS_bet23_to_bet27,19.3216,19.3216,19.3216,0.0000,0.0000,4.000000,4.000000,4.000000,0.000000,0.000000,96.000000,96.000000,96.000000,100.000000,100.000000,5.0,57.9649,55.6772,425.0761,427.3638,PENDING_AG03,FALSE,NOT_FOR_ENFORCEMENT,463.7194,33980.8077,483.0410,463.7194,19.3216,0.01232650,0.01183344,19.3216,463.7194,0.01183344,19.3216,19.3216,19.3216,0.0000,0.0000,463.7194,0.01183344,57.9649,55.6772,425.0761,427.3638,0.01084732,0.0109057,0.00049306,4.6858,5.6707,0.0774,15.5820,0.2688,1264.1035,201.3548,4.5499,4.6885,2.0771,4.1543,6.1317,8.4025,10.5031,18.5864,3.9466,-2.0771,2.528253,4.474023,1.127938,29,192,48,6,0.01915741,0.01232650,0.05216444,0E-8,0.000000,0.903271,0.017936,-0.04061604,2026-05-16,2026-07-20,31,1797,733,66,0.469697,0.970424,0.970991,0.063858,,,,,,,,GLOBAL_BASELINE_NO_ENTITY_RANKING,,,NOT_APPLICABLE_GLOBAL_BASELINE,HF9g-P5,,,,X 全窗基线 · 不参与实体赏罚,8395381,840,A168_HF9F_20260827_0900,2026-08-27 09:00:00
2026-06-05,150107794,2239,0,68.5457906655,27.0028872318,27.0028872318,0.6250000,11,8,0.47888422624983740,0.447604287500,0.8272937055437282,1.0090573359533677,0.8272937055437282,0.03127993874983740,ELIGIBLE,R03b_20260811_FULL_v1,L1_ELIGIBILITY,v2026-08-11,2026-03-21..2026-08-06,baccarat_bet02_101_all_pairs_incl_sentinel,round_win = game_pnl > 0 (decisive only),COMPATIBILITY_ONLY_NOT_PRODUCTION,39187.2093,35396.6747,483.0410,8363,6242,-0.01232650,-0.05216444,-0.01154840,-0.01232650,-483.0410,39187.2093,OK,0.0000,19.3216,4.0000,96.0000,AG03-UNRESOLVED,ALL5_LEVELS_bet23_to_bet27,19.3216,19.3216,19.3216,0.0000,0.0000,4.000000,4.000000,4.000000,0.000000,0.000000,96.000000,96.000000,96.000000,100.000000,100.000000,5.0,57.9649,55.6772,425.0761,427.3638,PENDING_AG03,FALSE,NOT_FOR_ENFORCEMENT,463.7194,33980.8077,483.0410,463.7194,19.3216,0.01232650,0.01183344,19.3216,463.7194,0.01183344,19.3216,19.3216,19.3216,0.0000,0.0000,463.7194,0.01183344,57.9649,55.6772,425.0761,427.3638,0.01084732,0.0109057,0.00049306,4.6858,5.6707,0.0774,15.5820,0.2688,1264.1035,201.3548,4.5499,4.6885,2.0771,4.1543,6.1317,8.4025,10.5031,18.5864,3.9466,-2.0771,2.528253,4.474023,1.127938,29,192,48,6,0.01915741,0.01232650,0.05216444,0E-8,0.000000,0.903271,0.017936,-0.04061604,2026-05-16,2026-07-20,31,1797,733,66,0.469697,0.970424,0.970991,0.063858,,,,,,,,GLOBAL_BASELINE_NO_ENTITY_RANKING,,,NOT_APPLICABLE_GLOBAL_BASELINE,HF9g-P5,,,,X 全窗基线 · 不参与实体赏罚,8395382,840,A168_HF9F_20260827_0900,2026-08-27 09:00:00
2026-06-05,150107794,2244,0,18.6943065453,-10.5934403757,-10.5934403757,0.1666667,6,6,0.50441650000000000,0.504416500000,-1.6546940571906357,-1.6546940571906357,-1.6546940571906357,0E-17,ELIGIBLE,R03b_20260811_FULL_v1,L1_ELIGIBILITY,v2026-08-11,2026-03-21..2026-08-06,baccarat_bet02_101_all_pairs_incl_sentinel,round_win = game_pnl > 0 (decisive only),COMPATIBILITY_ONLY_NOT_PRODUCTION,39187.2093,35396.6747,483.0410,8363,6242,-0.01232650,-0.05216444,-0.01154840,-0.01232650,-483.0410,39187.2093,OK,0.0000,19.3216,4.0000,96.0000,AG03-UNRESOLVED,ALL5_LEVELS_bet23_to_bet27,19.3216,19.3216,19.3216,0.0000,0.0000,4.000000,4.000000,4.000000,0.000000,0.000000,96.000000,96.000000,96.000000,100.000000,100.000000,5.0,57.9649,55.6772,425.0761,427.3638,PENDING_AG03,FALSE,NOT_FOR_ENFORCEMENT,463.7194,33980.8077,483.0410,463.7194,19.3216,0.01232650,0.01183344,19.3216,463.7194,0.01183344,19.3216,19.3216,19.3216,0.0000,0.0000,463.7194,0.01183344,57.9649,55.6772,425.0761,427.3638,0.01084732,0.0109057,0.00049306,4.6858,5.6707,0.0774,15.5820,0.2688,1264.1035,201.3548,4.5499,4.6885,2.0771,4.1543,6.1317,8.4025,10.5031,18.5864,3.9466,-2.0771,2.528253,4.474023,1.127938,29,192,48,6,0.01915741,0.01232650,0.05216444,0E-8,0.000000,0.903271,0.017936,-0.04061604,2026-05-16,2026-07-20,31,1797,733,66,0.469697,0.970424,0.970991,0.063858,,,,,,,,GLOBAL_BASELINE_NO_ENTITY_RANKING,,,NOT_APPLICABLE_GLOBAL_BASELINE,HF9g-P5,,,,X 全窗基线 · 不参与实体赏罚,8395383,840,A168_HF9F_20260827_0900,2026-08-27 09:00:00
2026-06-05,150107794,2248,0,4.1542903434,-4.1542903434,-4.1542903434,0E-7,1,1,0.49324550000000000,0.493245500000,-0.9865810262130424,-0.9865810262130424,-0.9865810262130424,0E-17,ELIGIBLE,R03b_20260811_FULL_v1,L1_ELIGIBILITY,v2026-08-11,2026-03-21..2026-08-06,baccarat_bet02_101_all_pairs_incl_sentinel,round_win = game_pnl > 0 (decisive only),COMPATIBILITY_ONLY_NOT_PRODUCTION,39187.2093,35396.6747,483.0410,8363,6242,-0.01232650,-0.05216444,-0.01154840,-0.01232650,-483.0410,39187.2093,OK,0.0000,19.3216,4.0000,96.0000,AG03-UNRESOLVED,ALL5_LEVELS_bet23_to_bet27,19.3216,19.3216,19.3216,0.0000,0.0000,4.000000,4.000000,4.000000,0.000000,0.000000,96.000000,96.000000,96.000000,100.000000,100.000000,5.0,57.9649,55.6772,425.0761,427.3638,PENDING_AG03,FALSE,NOT_FOR_ENFORCEMENT,463.7194,33980.8077,483.0410,463.7194,19.3216,0.01232650,0.01183344,19.3216,463.7194,0.01183344,19.3216,19.3216,19.3216,0.0000,0.0000,463.7194,0.01183344,57.9649,55.6772,425.0761,427.3638,0.01084732,0.0109057,0.00049306,4.6858,5.6707,0.0774,15.5820,0.2688,1264.1035,201.3548,4.5499,4.6885,2.0771,4.1543,6.1317,8.4025,10.5031,18.5864,3.9466,-2.0771,2.528253,4.474023,1.127938,29,192,48,6,0.01915741,0.01232650,0.05216444,0E-8,0.000000,0.903271,0.017936,-0.04061604,2026-05-16,2026-07-20,31,1797,733,66,0.469697,0.970424,0.970991,0.063858,,,,,,,,GLOBAL_BASELINE_NO_ENTITY_RANKING,,,NOT_APPLICABLE_GLOBAL_BASELINE,HF9g-P5,,,,X 全窗基线 · 不参与实体赏罚,8395384,840,A168_HF9F_20260827_0900,2026-08-27 09:00:00
2026-06-05,150107794,2258,0,4.1542903434,-4.1542903434,-4.1542903434,0E-7,1,1,0.50665070000000000,0.506650700000,-1.013391052207602,-1.013391052207602,-1.013391052207602,0E-17,ELIGIBLE,R03b_20260811_FULL_v1,L1_ELIGIBILITY,v2026-08-11,2026-03-21..2026-08-06,baccarat_bet02_101_all_pairs_incl_sentinel,round_win = game_pnl > 0 (decisive only),COMPATIBILITY_ONLY_NOT_PRODUCTION,39187.2093,35396.6747,483.0410,8363,6242,-0.01232650,-0.05216444,-0.01154840,-0.01232650,-483.0410,39187.2093,OK,0.0000,19.3216,4.0000,96.0000,AG03-UNRESOLVED,ALL5_LEVELS_bet23_to_bet27,19.3216,19.3216,19.3216,0.0000,0.0000,4.000000,4.000000,4.000000,0.000000,0.000000,96.000000,96.000000,96.000000,100.000000,100.000000,5.0,57.9649,55.6772,425.0761,427.3638,PENDING_AG03,FALSE,NOT_FOR_ENFORCEMENT,463.7194,33980.8077,483.0410,463.7194,19.3216,0.01232650,0.01183344,19.3216,463.7194,0.01183344,19.3216,19.3216,19.3216,0.0000,0.0000,463.7194,0.01183344,57.9649,55.6772,425.0761,427.3638,0.01084732,0.0109057,0.00049306,4.6858,5.6707,0.0774,15.5820,0.2688,1264.1035,201.3548,4.5499,4.6885,2.0771,4.1543,6.1317,8.4025,10.5031,18.5864,3.9466,-2.0771,2.528253,4.474023,1.127938,29,192,48,6,0.01915741,0.01232650,0.05216444,0E-8,0.000000,0.903271,0.017936,-0.04061604,2026-05-16,2026-07-20,31,1797,733,66,0.469697,0.970424,0.970991,0.063858,,,,,,,,GLOBAL_BASELINE_NO_ENTITY_RANKING,,,NOT_APPLICABLE_GLOBAL_BASELINE,HF9g-P5,,,,X 全窗基线 · 不参与实体赏罚,8395385,840,A168_HF9F_20260827_0900,2026-08-27 09:00:00
2026-06-05,150107794,2266,0,35.1037534015,-15.7863033049,-15.7863033049,0.4000000,11,7,0.41988365857131890,0.383177642857,-0.0900864064532398,0.07737340635205145,-0.0900864064532398,0.03670601571431890,ELIGIBLE,R03b_20260811_FULL_v1,L1_ELIGIBILITY,v2026-08-11,2026-03-21..2026-08-06,baccarat_bet02_101_all_pairs_incl_sentinel,round_win = game_pnl > 0 (decisive only),COMPATIBILITY_ONLY_NOT_PRODUCTION,39187.2093,35396.6747,483.0410,8363,6242,-0.01232650,-0.05216444,-0.01154840,-0.01232650,-483.0410,39187.2093,OK,0.0000,19.3216,4.0000,96.0000,AG03-UNRESOLVED,ALL5_LEVELS_bet23_to_bet27,19.3216,19.3216,19.3216,0.0000,0.0000,4.000000,4.000000,4.000000,0.000000,0.000000,96.000000,96.000000,96.000000,100.000000,100.000000,5.0,57.9649,55.6772,425.0761,427.3638,PENDING_AG03,FALSE,NOT_FOR_ENFORCEMENT,463.7194,33980.8077,483.0410,463.7194,19.3216,0.01232650,0.01183344,19.3216,463.7194,0.01183344,19.3216,19.3216,19.3216,0.0000,0.0000,463.7194,0.01183344,57.9649,55.6772,425.0761,427.3638,0.01084732,0.0109057,0.00049306,4.6858,5.6707,0.0774,15.5820,0.2688,1264.1035,201.3548,4.5499,4.6885,2.0771,4.1543,6.1317,8.4025,10.5031,18.5864,3.9466,-2.0771,2.528253,4.474023,1.127938,29,192,48,6,0.01915741,0.01232650,0.05216444,0E-8,0.000000,0.903271,0.017936,-0.04061604,2026-05-16,2026-07-20,31,1797,733,66,0.469697,0.970424,0.970991,0.063858,,,,,,,,GLOBAL_BASELINE_NO_ENTITY_RANKING,,,NOT_APPLICABLE_GLOBAL_BASELINE,HF9g-P5,,,,X 全窗基线 · 不参与实体赏罚,8395386,840,A168_HF9F_20260827_0900,2026-08-27 09:00:00
2026-06-05,150107794,2278,0,2.0771451717,-2.0771451717,-2.0771451717,0E-7,1,1,0.50665070000000000,0.506650700000,-1.013391052207602,-1.013391052207602,-1.013391052207602,0E-17,ELIGIBLE,R03b_20260811_FULL_v1,L1_ELIGIBILITY,v2026-08-11,2026-03-21..2026-08-06,baccarat_bet02_101_all_pairs_incl_sentinel,round_win = game_pnl > 0 (decisive only),COMPATIBILITY_ONLY_NOT_PRODUCTION,39187.2093,35396.6747,483.0410,8363,6242,-0.01232650,-0.05216444,-0.01154840,-0.01232650,-483.0410,39187.2093,OK,0.0000,19.3216,4.0000,96.0000,AG03-UNRESOLVED,ALL5_LEVELS_bet23_to_bet27,19.3216,19.3216,19.3216,0.0000,0.0000,4.000000,4.000000,4.000000,0.000000,0.000000,96.000000,96.000000,96.000000,100.000000,100.000000,5.0,57.9649,55.6772,425.0761,427.3638,PENDING_AG03,FALSE,NOT_FOR_ENFORCEMENT,463.7194,33980.8077,483.0410,463.7194,19.3216,0.01232650,0.01183344,19.3216,463.7194,0.01183344,19.3216,19.3216,19.3216,0.0000,0.0000,463.7194,0.01183344,57.9649,55.6772,425.0761,427.3638,0.01084732,0.0109057,0.00049306,4.6858,5.6707,0.0774,15.5820,0.2688,1264.1035,201.3548,4.5499,4.6885,2.0771,4.1543,6.1317,8.4025,10.5031,18.5864,3.9466,-2.0771,2.528253,4.474023,1.127938,29,192,48,6,0.01915741,0.01232650,0.05216444,0E-8,0.000000,0.903271,0.017936,-0.04061604,2026-05-16,2026-07-20,31,1797,733,66,0.469697,0.970424,0.970991,0.063858,,,,,,,,GLOBAL_BASELINE_NO_ENTITY_RANKING,,,NOT_APPLICABLE_GLOBAL_BASELINE,HF9g-P5,,,,X 全窗基线 · 不参与实体赏罚,8395387,840,A168_HF9F_20260827_0900,2026-08-27 09:00:00
2026-06-05,150107794,471,0,18.6943065451,2.0771451717,2.0771451717,0.6666667,4,3,0.46002527499960017,0.426805050000,0.7181255565136551,0.8399538622850082,0.7181255565136551,0.03322022499960017,ELIGIBLE,R03b_20260811_FULL_v1,L1_ELIGIBILITY,v2026-08-11,2026-03-21..2026-08-06,baccarat_bet02_101_all_pairs_incl_sentinel,round_win = game_pnl > 0 (decisive only),COMPATIBILITY_ONLY_NOT_PRODUCTION,39187.2093,35396.6747,483.0410,8363,6242,-0.01232650,-0.05216444,-0.01154840,-0.01232650,-483.0410,39187.2093,OK,0.0000,19.3216,4.0000,96.0000,AG03-UNRESOLVED,ALL5_LEVELS_bet23_to_bet27,19.3216,19.3216,19.3216,0.0000,0.0000,4.000000,4.000000,4.000000,0.000000,0.000000,96.000000,96.000000,96.000000,100.000000,100.000000,5.0,57.9649,55.6772,425.0761,427.3638,PENDING_AG03,FALSE,NOT_FOR_ENFORCEMENT,463.7194,33980.8077,483.0410,463.7194,19.3216,0.01232650,0.01183344,19.3216,463.7194,0.01183344,19.3216,19.3216,19.3216,0.0000,0.0000,463.7194,0.01183344,57.9649,55.6772,425.0761,427.3638,0.01084732,0.0109057,0.00049306,4.6858,5.6707,0.0774,15.5820,0.2688,1264.1035,201.3548,4.5499,4.6885,2.0771,4.1543,6.1317,8.4025,10.5031,18.5864,3.9466,-2.0771,2.528253,4.474023,1.127938,29,192,48,6,0.01915741,0.01232650,0.05216444,0E-8,0.000000,0.903271,0.017936,-0.04061604,2026-05-16,2026-07-20,31,1797,733,66,0.469697,0.970424,0.970991,0.063858,,,,,,,,GLOBAL_BASELINE_NO_ENTITY_RANKING,,,NOT_APPLICABLE_GLOBAL_BASELINE,HF9g-P5,,,,X 全窗基线 · 不参与实体赏罚,8395388,840,A168_HF9F_20260827_0900,2026-08-27 09:00:00
2026-06-05,150107794,526,0,20.7714517170,-4.3620048606,-4.3620048606,0.4000000,5,5,0.50128862000000000,0.501288620000,-0.4529779837142727,-0.4529779837142727,-0.4529779837142727,0E-17,ELIGIBLE,R03b_20260811_FULL_v1,L1_ELIGIBILITY,v2026-08-11,2026-03-21..2026-08-06,baccarat_bet02_101_all_pairs_incl_sentinel,round_win = game_pnl > 0 (decisive only),COMPATIBILITY_ONLY_NOT_PRODUCTION,39187.2093,35396.6747,483.0410,8363,6242,-0.01232650,-0.05216444,-0.01154840,-0.01232650,-483.0410,39187.2093,OK,0.0000,19.3216,4.0000,96.0000,AG03-UNRESOLVED,ALL5_LEVELS_bet23_to_bet27,19.3216,19.3216,19.3216,0.0000,0.0000,4.000000,4.000000,4.000000,0.000000,0.000000,96.000000,96.000000,96.000000,100.000000,100.000000,5.0,57.9649,55.6772,425.0761,427.3638,PENDING_AG03,FALSE,NOT_FOR_ENFORCEMENT,463.7194,33980.8077,483.0410,463.7194,19.3216,0.01232650,0.01183344,19.3216,463.7194,0.01183344,19.3216,19.3216,19.3216,0.0000,0.0000,463.7194,0.01183344,57.9649,55.6772,425.0761,427.3638,0.01084732,0.0109057,0.00049306,4.6858,5.6707,0.0774,15.5820,0.2688,1264.1035,201.3548,4.5499,4.6885,2.0771,4.1543,6.1317,8.4025,10.5031,18.5864,3.9466,-2.0771,2.528253,4.474023,1.127938,29,192,48,6,0.01915741,0.01232650,0.05216444,0E-8,0.000000,0.903271,0.017936,-0.04061604,2026-05-16,2026-07-20,31,1797,733,66,0.469697,0.970424,0.970991,0.063858,,,,,,,,GLOBAL_BASELINE_NO_ENTITY_RANKING,,,NOT_APPLICABLE_GLOBAL_BASELINE,HF9g-P5,,,,X 全窗基线 · 不参与实体赏罚,8395389,840,A168_HF9F_20260827_0900,2026-08-27 09:00:00
2026-06-05,150107794,583,0,6.2314355151,-6.2314355151,-6.2314355151,0E-7,2,2,0.49994810000000000,0.499948100000,-1.4140667746232096,-1.4140667746232096,-1.4140667746232096,0E-17,ELIGIBLE,R03b_20260811_FULL_v1,L1_ELIGIBILITY,v2026-08-11,2026-03-21..2026-08-06,baccarat_bet02_101_all_pairs_incl_sentinel,round_win = game_pnl > 0 (decisive only),COMPATIBILITY_ONLY_NOT_PRODUCTION,39187.2093,35396.6747,483.0410,8363,6242,-0.01232650,-0.05216444,-0.01154840,-0.01232650,-483.0410,39187.2093,OK,0.0000,19.3216,4.0000,96.0000,AG03-UNRESOLVED,ALL5_LEVELS_bet23_to_bet27,19.3216,19.3216,19.3216,0.0000,0.0000,4.000000,4.000000,4.000000,0.000000,0.000000,96.000000,96.000000,96.000000,100.000000,100.000000,5.0,57.9649,55.6772,425.0761,427.3638,PENDING_AG03,FALSE,NOT_FOR_ENFORCEMENT,463.7194,33980.8077,483.0410,463.7194,19.3216,0.01232650,0.01183344,19.3216,463.7194,0.01183344,19.3216,19.3216,19.3216,0.0000,0.0000,463.7194,0.01183344,57.9649,55.6772,425.0761,427.3638,0.01084732,0.0109057,0.00049306,4.6858,5.6707,0.0774,15.5820,0.2688,1264.1035,201.3548,4.5499,4.6885,2.0771,4.1543,6.1317,8.4025,10.5031,18.5864,3.9466,-2.0771,2.528253,4.474023,1.127938,29,192,48,6,0.01915741,0.01232650,0.05216444,0E-8,0.000000,0.903271,0.017936,-0.04061604,2026-05-16,2026-07-20,31,1797,733,66,0.469697,0.970424,0.970991,0.063858,,,,,,,,GLOBAL_BASELINE_NO_ENTITY_RANKING,,,NOT_APPLICABLE_GLOBAL_BASELINE,HF9g-P5,,,,X 全窗基线 · 不参与实体赏罚,8395390,840,A168_HF9F_20260827_0900,2026-08-27 09:00:00
2026-06-05,150107794,789,0,4.1542903434,-4.1542903434,-4.1542903434,0E-7,1,1,0.50665070000000000,0.506650700000,-1.013391052207602,-1.013391052207602,-1.013391052207602,0E-17,ELIGIBLE,R03b_20260811_FULL_v1,L1_ELIGIBILITY,v2026-08-11,2026-03-21..2026-08-06,baccarat_bet02_101_all_pairs_incl_sentinel,round_win = game_pnl > 0 (decisive only),COMPATIBILITY_ONLY_NOT_PRODUCTION,39187.2093,35396.6747,483.0410,8363,6242,-0.01232650,-0.05216444,-0.01154840,-0.01232650,-483.0410,39187.2093,OK,0.0000,19.3216,4.0000,96.0000,AG03-UNRESOLVED,ALL5_LEVELS_bet23_to_bet27,19.3216,19.3216,19.3216,0.0000,0.0000,4.000000,4.000000,4.000000,0.000000,0.000000,96.000000,96.000000,96.000000,100.000000,100.000000,5.0,57.9649,55.6772,425.0761,427.3638,PENDING_AG03,FALSE,NOT_FOR_ENFORCEMENT,463.7194,33980.8077,483.0410,463.7194,19.3216,0.01232650,0.01183344,19.3216,463.7194,0.01183344,19.3216,19.3216,19.3216,0.0000,0.0000,463.7194,0.01183344,57.9649,55.6772,425.0761,427.3638,0.01084732,0.0109057,0.00049306,4.6858,5.6707,0.0774,15.5820,0.2688,1264.1035,201.3548,4.5499,4.6885,2.0771,4.1543,6.1317,8.4025,10.5031,18.5864,3.9466,-2.0771,2.528253,4.474023,1.127938,29,192,48,6,0.01915741,0.01232650,0.05216444,0E-8,0.000000,0.903271,0.017936,-0.04061604,2026-05-16,2026-07-20,31,1797,733,66,0.469697,0.970424,0.970991,0.063858,,,,,,,,GLOBAL_BASELINE_NO_ENTITY_RANKING,,,NOT_APPLICABLE_GLOBAL_BASELINE,HF9g-P5,,,,X 全窗基线 · 不参与实体赏罚,8395391,840,A168_HF9F_20260827_0900,2026-08-27 09:00:00
2026-06-05,150107794,925,0,18.6943065452,8.6513096400,8.6513096400,0.8333333,6,6,0.50218230000000000,0.502182300000,1.6223175713561095,1.6223175713561095,1.6223175713561095,0E-17,ELIGIBLE,R03b_20260811_FULL_v1,L1_ELIGIBILITY,v2026-08-11,2026-03-21..2026-08-06,baccarat_bet02_101_all_pairs_incl_sentinel,round_win = game_pnl > 0 (decisive only),COMPATIBILITY_ONLY_NOT_PRODUCTION,39187.2093,35396.6747,483.0410,8363,6242,-0.01232650,-0.05216444,-0.01154840,-0.01232650,-483.0410,39187.2093,OK,0.0000,19.3216,4.0000,96.0000,AG03-UNRESOLVED,ALL5_LEVELS_bet23_to_bet27,19.3216,19.3216,19.3216,0.0000,0.0000,4.000000,4.000000,4.000000,0.000000,0.000000,96.000000,96.000000,96.000000,100.000000,100.000000,5.0,57.9649,55.6772,425.0761,427.3638,PENDING_AG03,FALSE,NOT_FOR_ENFORCEMENT,463.7194,33980.8077,483.0410,463.7194,19.3216,0.01232650,0.01183344,19.3216,463.7194,0.01183344,19.3216,19.3216,19.3216,0.0000,0.0000,463.7194,0.01183344,57.9649,55.6772,425.0761,427.3638,0.01084732,0.0109057,0.00049306,4.6858,5.6707,0.0774,15.5820,0.2688,1264.1035,201.3548,4.5499,4.6885,2.0771,4.1543,6.1317,8.4025,10.5031,18.5864,3.9466,-2.0771,2.528253,4.474023,1.127938,29,192,48,6,0.01915741,0.01232650,0.05216444,0E-8,0.000000,0.903271,0.017936,-0.04061604,2026-05-16,2026-07-20,31,1797,733,66,0.469697,0.970424,0.970991,0.063858,,,,,,,,GLOBAL_BASELINE_NO_ENTITY_RANKING,,,NOT_APPLICABLE_GLOBAL_BASELINE,HF9g-P5,,,,X 全窗基线 · 不参与实体赏罚,8395392,840,A168_HF9F_20260827_0900,2026-08-27 09:00:00
2026-06-05,150107794,986,0,51.5132002578,10.3857258584,10.3857258584,0.6250000,13,8,0.42430209735578232,0.371183131250,1.1485579562925243,1.4859673536873006,1.1485579562925243,0.05311896610578232,ELIGIBLE,R03b_20260811_FULL_v1,L1_ELIGIBILITY,v2026-08-11,2026-03-21..2026-08-06,baccarat_bet02_101_all_pairs_incl_sentinel,round_win = game_pnl > 0 (decisive only),COMPATIBILITY_ONLY_NOT_PRODUCTION,39187.2093,35396.6747,483.0410,8363,6242,-0.01232650,-0.05216444,-0.01154840,-0.01232650,-483.0410,39187.2093,OK,0.0000,19.3216,4.0000,96.0000,AG03-UNRESOLVED,ALL5_LEVELS_bet23_to_bet27,19.3216,19.3216,19.3216,0.0000,0.0000,4.000000,4.000000,4.000000,0.000000,0.000000,96.000000,96.000000,96.000000,100.000000,100.000000,5.0,57.9649,55.6772,425.0761,427.3638,PENDING_AG03,FALSE,NOT_FOR_ENFORCEMENT,463.7194,33980.8077,483.0410,463.7194,19.3216,0.01232650,0.01183344,19.3216,463.7194,0.01183344,19.3216,19.3216,19.3216,0.0000,0.0000,463.7194,0.01183344,57.9649,55.6772,425.0761,427.3638,0.01084732,0.0109057,0.00049306,4.6858,5.6707,0.0774,15.5820,0.2688,1264.1035,201.3548,4.5499,4.6885,2.0771,4.1543,6.1317,8.4025,10.5031,18.5864,3.9466,-2.0771,2.528253,4.474023,1.127938,29,192,48,6,0.01915741,0.01232650,0.05216444,0E-8,0.000000,0.903271,0.017936,-0.04061604,2026-05-16,2026-07-20,31,1797,733,66,0.469697,0.970424,0.970991,0.063858,,,,,,,,GLOBAL_BASELINE_NO_ENTITY_RANKING,,,NOT_APPLICABLE_GLOBAL_BASELINE,HF9g-P5,,,,X 全窗基线 · 不参与实体赏罚,8395393,840,A168_HF9F_20260827_0900,2026-08-27 09:00:00
2026-06-06,150107794,-1,1,134.8067216421,-18.7566209006,-18.7566209006,0.4848485,41,35,0.47935216334918679,0.467310748571,0.06320183943083917,0.20192526106748288,0.06320183943083917,0.01204141477818679,SENTINEL_DEALER,R03b_20260811_FULL_v1,L1_ELIGIBILITY,v2026-08-11,2026-03-21..2026-08-06,baccarat_bet02_101_all_pairs_incl_sentinel,round_win = game_pnl > 0 (decisive only),COMPATIBILITY_ONLY_NOT_PRODUCTION,39187.2093,35396.6747,483.0410,8363,6242,-0.01232650,-0.05216444,-0.01154840,-0.01232650,-483.0410,39187.2093,OK,0.0000,19.3216,4.0000,96.0000,AG03-UNRESOLVED,ALL5_LEVELS_bet23_to_bet27,19.3216,19.3216,19.3216,0.0000,0.0000,4.000000,4.000000,4.000000,0.000000,0.000000,96.000000,96.000000,96.000000,100.000000,100.000000,5.0,57.9649,55.6772,425.0761,427.3638,PENDING_AG03,FALSE,NOT_FOR_ENFORCEMENT,463.7194,33980.8077,483.0410,463.7194,19.3216,0.01232650,0.01183344,19.3216,463.7194,0.01183344,19.3216,19.3216,19.3216,0.0000,0.0000,463.7194,0.01183344,57.9649,55.6772,425.0761,427.3638,0.01084732,0.0109057,0.00049306,4.6858,5.6707,0.0774,15.5820,0.2688,1264.1035,201.3548,4.5499,4.6885,2.0771,4.1543,6.1317,8.4025,10.5031,18.5864,3.9466,-2.0771,2.528253,4.474023,1.127938,29,192,48,6,0.01915741,0.01232650,0.05216444,0E-8,0.000000,0.903271,0.017936,-0.04061604,2026-05-16,2026-07-20,31,1797,733,66,0.469697,0.970424,0.970991,0.063858,,,,,,,,GLOBAL_BASELINE_NO_ENTITY_RANKING,,,NOT_APPLICABLE_GLOBAL_BASELINE,HF9g-P5,,,,X 全窗基线 · 不参与实体赏罚,8395394,840,A168_HF9F_20260827_0900,2026-08-27 09:00:00
2026-06-06,150107794,1205,0,2.0771451717,-2.0771451717,-2.0771451717,0E-7,1,1,0.49324550000000000,0.493245500000,-0.9865810262130424,-0.9865810262130424,-0.9865810262130424,0E-17,ELIGIBLE,R03b_20260811_FULL_v1,L1_ELIGIBILITY,v2026-08-11,2026-03-21..2026-08-06,baccarat_bet02_101_all_pairs_incl_sentinel,round_win = game_pnl > 0 (decisive only),COMPATIBILITY_ONLY_NOT_PRODUCTION,39187.2093,35396.6747,483.0410,8363,6242,-0.01232650,-0.05216444,-0.01154840,-0.01232650,-483.0410,39187.2093,OK,0.0000,19.3216,4.0000,96.0000,AG03-UNRESOLVED,ALL5_LEVELS_bet23_to_bet27,19.3216,19.3216,19.3216,0.0000,0.0000,4.000000,4.000000,4.000000,0.000000,0.000000,96.000000,96.000000,96.000000,100.000000,100.000000,5.0,57.9649,55.6772,425.0761,427.3638,PENDING_AG03,FALSE,NOT_FOR_ENFORCEMENT,463.7194,33980.8077,483.0410,463.7194,19.3216,0.01232650,0.01183344,19.3216,463.7194,0.01183344,19.3216,19.3216,19.3216,0.0000,0.0000,463.7194,0.01183344,57.9649,55.6772,425.0761,427.3638,0.01084732,0.0109057,0.00049306,4.6858,5.6707,0.0774,15.5820,0.2688,1264.1035,201.3548,4.5499,4.6885,2.0771,4.1543,6.1317,8.4025,10.5031,18.5864,3.9466,-2.0771,2.528253,4.474023,1.127938,29,192,48,6,0.01915741,0.01232650,0.05216444,0E-8,0.000000,0.903271,0.017936,-0.04061604,2026-05-16,2026-07-20,31,1797,733,66,0.469697,0.970424,0.970991,0.063858,,,,,,,,GLOBAL_BASELINE_NO_ENTITY_RANKING,,,NOT_APPLICABLE_GLOBAL_BASELINE,HF9g-P5,,,,X 全窗基线 · 不参与实体赏罚,8395395,840,A168_HF9F_20260827_0900,2026-08-27 09:00:00
2026-06-06,150107794,1299,0,4.1542903434,-4.1542903434,-4.1542903434,0E-7,2,2,0.50665070000000000,0.506650700000,-1.4331513700195317,-1.4331513700195317,-1.4331513700195317,0E-17,ELIGIBLE,R03b_20260811_FULL_v1,L1_ELIGIBILITY,v2026-08-11,2026-03-21..2026-08-06,baccarat_bet02_101_all_pairs_incl_sentinel,round_win = game_pnl > 0 (decisive only),COMPATIBILITY_ONLY_NOT_PRODUCTION,39187.2093,35396.6747,483.0410,8363,6242,-0.01232650,-0.05216444,-0.01154840,-0.01232650,-483.0410,39187.2093,OK,0.0000,19.3216,4.0000,96.0000,AG03-UNRESOLVED,ALL5_LEVELS_bet23_to_bet27,19.3216,19.3216,19.3216,0.0000,0.0000,4.000000,4.000000,4.000000,0.000000,0.000000,96.000000,96.000000,96.000000,100.000000,100.000000,5.0,57.9649,55.6772,425.0761,427.3638,PENDING_AG03,FALSE,NOT_FOR_ENFORCEMENT,463.7194,33980.8077,483.0410,463.7194,19.3216,0.01232650,0.01183344,19.3216,463.7194,0.01183344,19.3216,19.3216,19.3216,0.0000,0.0000,463.7194,0.01183344,57.9649,55.6772,425.0761,427.3638,0.01084732,0.0109057,0.00049306,4.6858,5.6707,0.0774,15.5820,0.2688,1264.1035,201.3548,4.5499,4.6885,2.0771,4.1543,6.1317,8.4025,10.5031,18.5864,3.9466,-2.0771,2.528253,4.474023,1.127938,29,192,48,6,0.01915741,0.01232650,0.05216444,0E-8,0.000000,0.903271,0.017936,-0.04061604,2026-05-16,2026-07-20,31,1797,733,66,0.469697,0.970424,0.970991,0.063858,,,,,,,,GLOBAL_BASELINE_NO_ENTITY_RANKING,,,NOT_APPLICABLE_GLOBAL_BASELINE,HF9g-P5,,,,X 全窗基线 · 不参与实体赏罚,8395396,840,A168_HF9F_20260827_0900,2026-08-27 09:00:00
2026-06-06,150107794,1318,0,44.0354776397,-6.3768356771,-6.3768356771,0.5000000,11,10,0.48397897000000000,0.477334925000,0.10137794593303875,0.14349402386361854,0.10137794593303875,0.00664404500000000,ELIGIBLE,R03b_20260811_FULL_v1,L1_ELIGIBILITY,v2026-08-11,2026-03-21..2026-08-06,baccarat_bet02_101_all_pairs_incl_sentinel,round_win = game_pnl > 0 (decisive only),COMPATIBILITY_ONLY_NOT_PRODUCTION,39187.2093,35396.6747,483.0410,8363,6242,-0.01232650,-0.05216444,-0.01154840,-0.01232650,-483.0410,39187.2093,OK,0.0000,19.3216,4.0000,96.0000,AG03-UNRESOLVED,ALL5_LEVELS_bet23_to_bet27,19.3216,19.3216,19.3216,0.0000,0.0000,4.000000,4.000000,4.000000,0.000000,0.000000,96.000000,96.000000,96.000000,100.000000,100.000000,5.0,57.9649,55.6772,425.0761,427.3638,PENDING_AG03,FALSE,NOT_FOR_ENFORCEMENT,463.7194,33980.8077,483.0410,463.7194,19.3216,0.01232650,0.01183344,19.3216,463.7194,0.01183344,19.3216,19.3216,19.3216,0.0000,0.0000,463.7194,0.01183344,57.9649,55.6772,425.0761,427.3638,0.01084732,0.0109057,0.00049306,4.6858,5.6707,0.0774,15.5820,0.2688,1264.1035,201.3548,4.5499,4.6885,2.0771,4.1543,6.1317,8.4025,10.5031,18.5864,3.9466,-2.0771,2.528253,4.474023,1.127938,29,192,48,6,0.01915741,0.01232650,0.05216444,0E-8,0.000000,0.903271,0.017936,-0.04061604,2026-05-16,2026-07-20,31,1797,733,66,0.469697,0.970424,0.970991,0.063858,,,,,,,,GLOBAL_BASELINE_NO_ENTITY_RANKING,,,NOT_APPLICABLE_GLOBAL_BASELINE,HF9g-P5,,,,X 全窗基线 · 不参与实体赏罚,8395397,840,A168_HF9F_20260827_0900,2026-08-27 09:00:00
2026-06-06,150107794,1331,0,4.1542903434,-4.1542903434,-4.1542903434,0E-7,2,2,0.49324550000000000,0.493245500000,-1.3952362676504506,-1.3952362676504506,-1.3952362676504506,0E-17,ELIGIBLE,R03b_20260811_FULL_v1,L1_ELIGIBILITY,v2026-08-11,2026-03-21..2026-08-06,baccarat_bet02_101_all_pairs_incl_sentinel,round_win = game_pnl > 0 (decisive only),COMPATIBILITY_ONLY_NOT_PRODUCTION,39187.2093,35396.6747,483.0410,8363,6242,-0.01232650,-0.05216444,-0.01154840,-0.01232650,-483.0410,39187.2093,OK,0.0000,19.3216,4.0000,96.0000,AG03-UNRESOLVED,ALL5_LEVELS_bet23_to_bet27,19.3216,19.3216,19.3216,0.0000,0.0000,4.000000,4.000000,4.000000,0.000000,0.000000,96.000000,96.000000,96.000000,100.000000,100.000000,5.0,57.9649,55.6772,425.0761,427.3638,PENDING_AG03,FALSE,NOT_FOR_ENFORCEMENT,463.7194,33980.8077,483.0410,463.7194,19.3216,0.01232650,0.01183344,19.3216,463.7194,0.01183344,19.3216,19.3216,19.3216,0.0000,0.0000,463.7194,0.01183344,57.9649,55.6772,425.0761,427.3638,0.01084732,0.0109057,0.00049306,4.6858,5.6707,0.0774,15.5820,0.2688,1264.1035,201.3548,4.5499,4.6885,2.0771,4.1543,6.1317,8.4025,10.5031,18.5864,3.9466,-2.0771,2.528253,4.474023,1.127938,29,192,48,6,0.01915741,0.01232650,0.05216444,0E-8,0.000000,0.903271,0.017936,-0.04061604,2026-05-16,2026-07-20,31,1797,733,66,0.469697,0.970424,0.970991,0.063858,,,,,,,,GLOBAL_BASELINE_NO_ENTITY_RANKING,,,NOT_APPLICABLE_GLOBAL_BASELINE,HF9g-P5,,,,X 全窗基线 · 不参与实体赏罚,8395398,840,A168_HF9F_20260827_0900,2026-08-27 09:00:00
2026-06-06,150107794,1505,0,8.3085806868,-8.3085806868,-8.3085806868,0E-7,3,2,0.43797605000000000,0.403638725000,-1.2484258930851517,-1.1634740288448888,-1.2484258930851517,0.03433732500000000,ELIGIBLE,R03b_20260811_FULL_v1,L1_ELIGIBILITY,v2026-08-11,2026-03-21..2026-08-06,baccarat_bet02_101_all_pairs_incl_sentinel,round_win = game_pnl > 0 (decisive only),COMPATIBILITY_ONLY_NOT_PRODUCTION,39187.2093,35396.6747,483.0410,8363,6242,-0.01232650,-0.05216444,-0.01154840,-0.01232650,-483.0410,39187.2093,OK,0.0000,19.3216,4.0000,96.0000,AG03-UNRESOLVED,ALL5_LEVELS_bet23_to_bet27,19.3216,19.3216,19.3216,0.0000,0.0000,4.000000,4.000000,4.000000,0.000000,0.000000,96.000000,96.000000,96.000000,100.000000,100.000000,5.0,57.9649,55.6772,425.0761,427.3638,PENDING_AG03,FALSE,NOT_FOR_ENFORCEMENT,463.7194,33980.8077,483.0410,463.7194,19.3216,0.01232650,0.01183344,19.3216,463.7194,0.01183344,19.3216,19.3216,19.3216,0.0000,0.0000,463.7194,0.01183344,57.9649,55.6772,425.0761,427.3638,0.01084732,0.0109057,0.00049306,4.6858,5.6707,0.0774,15.5820,0.2688,1264.1035,201.3548,4.5499,4.6885,2.0771,4.1543,6.1317,8.4025,10.5031,18.5864,3.9466,-2.0771,2.528253,4.474023,1.127938,29,192,48,6,0.01915741,0.01232650,0.05216444,0E-8,0.000000,0.903271,0.017936,-0.04061604,2026-05-16,2026-07-20,31,1797,733,66,0.469697,0.970424,0.970991,0.063858,,,,,,,,GLOBAL_BASELINE_NO_ENTITY_RANKING,,,NOT_APPLICABLE_GLOBAL_BASELINE,HF9g-P5,,,,X 全窗基线 · 不参与实体赏罚,8395399,840,A168_HF9F_20260827_0900,2026-08-27 09:00:00
2026-06-06,150107794,1645,0,41.1274743996,-2.0252165425,-2.0252165425,0.5000000,12,10,0.47203140000000000,0.458743310000,0.15846240006894124,0.2341816516805227,0.15846240006894124,0.01328809000000000,ELIGIBLE,R03b_20260811_FULL_v1,L1_ELIGIBILITY,v2026-08-11,2026-03-21..2026-08-06,baccarat_bet02_101_all_pairs_incl_sentinel,round_win = game_pnl > 0 (decisive only),COMPATIBILITY_ONLY_NOT_PRODUCTION,39187.2093,35396.6747,483.0410,8363,6242,-0.01232650,-0.05216444,-0.01154840,-0.01232650,-483.0410,39187.2093,OK,0.0000,19.3216,4.0000,96.0000,AG03-UNRESOLVED,ALL5_LEVELS_bet23_to_bet27,19.3216,19.3216,19.3216,0.0000,0.0000,4.000000,4.000000,4.000000,0.000000,0.000000,96.000000,96.000000,96.000000,100.000000,100.000000,5.0,57.9649,55.6772,425.0761,427.3638,PENDING_AG03,FALSE,NOT_FOR_ENFORCEMENT,463.7194,33980.8077,483.0410,463.7194,19.3216,0.01232650,0.01183344,19.3216,463.7194,0.01183344,19.3216,19.3216,19.3216,0.0000,0.0000,463.7194,0.01183344,57.9649,55.6772,425.0761,427.3638,0.01084732,0.0109057,0.00049306,4.6858,5.6707,0.0774,15.5820,0.2688,1264.1035,201.3548,4.5499,4.6885,2.0771,4.1543,6.1317,8.4025,10.5031,18.5864,3.9466,-2.0771,2.528253,4.474023,1.127938,29,192,48,6,0.01915741,0.01232650,0.05216444,0E-8,0.000000,0.903271,0.017936,-0.04061604,2026-05-16,2026-07-20,31,1797,733,66,0.469697,0.970424,0.970991,0.063858,,,,,,,,GLOBAL_BASELINE_NO_ENTITY_RANKING,,,NOT_APPLICABLE_GLOBAL_BASELINE,HF9g-P5,,,,X 全窗基线 · 不参与实体赏罚,8395400,840,A168_HF9F_20260827_0900,2026-08-27 09:00:00
2026-06-06,150107794,1704,0,30.7417485411,20.7714517167,20.7714517167,0.6666667,9,7,0.46549301428571429,0.445871685714,0.9879010550417239,1.0880646583162383,0.9879010550417239,0.01962132857171429,ELIGIBLE,R03b_20260811_FULL_v1,L1_ELIGIBILITY,v2026-08-11,2026-03-21..2026-08-06,baccarat_bet02_101_all_pairs_incl_sentinel,round_win = game_pnl > 0 (decisive only),COMPATIBILITY_ONLY_NOT_PRODUCTION,39187.2093,35396.6747,483.0410,8363,6242,-0.01232650,-0.05216444,-0.01154840,-0.01232650,-483.0410,39187.2093,OK,0.0000,19.3216,4.0000,96.0000,AG03-UNRESOLVED,ALL5_LEVELS_bet23_to_bet27,19.3216,19.3216,19.3216,0.0000,0.0000,4.000000,4.000000,4.000000,0.000000,0.000000,96.000000,96.000000,96.000000,100.000000,100.000000,5.0,57.9649,55.6772,425.0761,427.3638,PENDING_AG03,FALSE,NOT_FOR_ENFORCEMENT,463.7194,33980.8077,483.0410,463.7194,19.3216,0.01232650,0.01183344,19.3216,463.7194,0.01183344,19.3216,19.3216,19.3216,0.0000,0.0000,463.7194,0.01183344,57.9649,55.6772,425.0761,427.3638,0.01084732,0.0109057,0.00049306,4.6858,5.6707,0.0774,15.5820,0.2688,1264.1035,201.3548,4.5499,4.6885,2.0771,4.1543,6.1317,8.4025,10.5031,18.5864,3.9466,-2.0771,2.528253,4.474023,1.127938,29,192,48,6,0.01915741,0.01232650,0.05216444,0E-8,0.000000,0.903271,0.017936,-0.04061604,2026-05-16,2026-07-20,31,1797,733,66,0.469697,0.970424,0.970991,0.063858,,,,,,,,GLOBAL_BASELINE_NO_ENTITY_RANKING,,,NOT_APPLICABLE_GLOBAL_BASELINE,HF9g-P5,,,,X 全窗基线 · 不参与实体赏罚,8395401,840,A168_HF9F_20260827_0900,2026-08-27 09:00:00
2026-06-06,150107794,1710,0,19.3174500966,6.2002783374,6.2002783374,0.7142857,7,7,0.49899058571428571,0.498990585714,1.1392370589461878,1.139237058947701,1.1392370589461878,2.8571E-13,ELIGIBLE,R03b_20260811_FULL_v1,L1_ELIGIBILITY,v2026-08-11,2026-03-21..2026-08-06,baccarat_bet02_101_all_pairs_incl_sentinel,round_win = game_pnl > 0 (decisive only),COMPATIBILITY_ONLY_NOT_PRODUCTION,39187.2093,35396.6747,483.0410,8363,6242,-0.01232650,-0.05216444,-0.01154840,-0.01232650,-483.0410,39187.2093,OK,0.0000,19.3216,4.0000,96.0000,AG03-UNRESOLVED,ALL5_LEVELS_bet23_to_bet27,19.3216,19.3216,19.3216,0.0000,0.0000,4.000000,4.000000,4.000000,0.000000,0.000000,96.000000,96.000000,96.000000,100.000000,100.000000,5.0,57.9649,55.6772,425.0761,427.3638,PENDING_AG03,FALSE,NOT_FOR_ENFORCEMENT,463.7194,33980.8077,483.0410,463.7194,19.3216,0.01232650,0.01183344,19.3216,463.7194,0.01183344,19.3216,19.3216,19.3216,0.0000,0.0000,463.7194,0.01183344,57.9649,55.6772,425.0761,427.3638,0.01084732,0.0109057,0.00049306,4.6858,5.6707,0.0774,15.5820,0.2688,1264.1035,201.3548,4.5499,4.6885,2.0771,4.1543,6.1317,8.4025,10.5031,18.5864,3.9466,-2.0771,2.528253,4.474023,1.127938,29,192,48,6,0.01915741,0.01232650,0.05216444,0E-8,0.000000,0.903271,0.017936,-0.04061604,2026-05-16,2026-07-20,31,1797,733,66,0.469697,0.970424,0.970991,0.063858,,,,,,,,GLOBAL_BASELINE_NO_ENTITY_RANKING,,,NOT_APPLICABLE_GLOBAL_BASELINE,HF9g-P5,,,,X 全窗基线 · 不参与实体赏罚,8395402,840,A168_HF9F_20260827_0900,2026-08-27 09:00:00
2026-06-06,150107794,1990,0,8.3085806868,-4.1542903434,-4.1542903434,0E-7,2,2,0.49994810000000000,0.499948100000,-0.9998962053866608,-0.9998962053866608,-0.9998962053866608,0E-17,ELIGIBLE,R03b_20260811_FULL_v1,L1_ELIGIBILITY,v2026-08-11,2026-03-21..2026-08-06,baccarat_bet02_101_all_pairs_incl_sentinel,round_win = game_pnl > 0 (decisive only),COMPATIBILITY_ONLY_NOT_PRODUCTION,39187.2093,35396.6747,483.0410,8363,6242,-0.01232650,-0.05216444,-0.01154840,-0.01232650,-483.0410,39187.2093,OK,0.0000,19.3216,4.0000,96.0000,AG03-UNRESOLVED,ALL5_LEVELS_bet23_to_bet27,19.3216,19.3216,19.3216,0.0000,0.0000,4.000000,4.000000,4.000000,0.000000,0.000000,96.000000,96.000000,96.000000,100.000000,100.000000,5.0,57.9649,55.6772,425.0761,427.3638,PENDING_AG03,FALSE,NOT_FOR_ENFORCEMENT,463.7194,33980.8077,483.0410,463.7194,19.3216,0.01232650,0.01183344,19.3216,463.7194,0.01183344,19.3216,19.3216,19.3216,0.0000,0.0000,463.7194,0.01183344,57.9649,55.6772,425.0761,427.3638,0.01084732,0.0109057,0.00049306,4.6858,5.6707,0.0774,15.5820,0.2688,1264.1035,201.3548,4.5499,4.6885,2.0771,4.1543,6.1317,8.4025,10.5031,18.5864,3.9466,-2.0771,2.528253,4.474023,1.127938,29,192,48,6,0.01915741,0.01232650,0.05216444,0E-8,0.000000,0.903271,0.017936,-0.04061604,2026-05-16,2026-07-20,31,1797,733,66,0.469697,0.970424,0.970991,0.063858,,,,,,,,GLOBAL_BASELINE_NO_ENTITY_RANKING,,,NOT_APPLICABLE_GLOBAL_BASELINE,HF9g-P5,,,,X 全窗基线 · 不参与实体赏罚,8395403,840,A168_HF9F_20260827_0900,2026-08-27 09:00:00
2026-06-06,150107794,2103,0,4.1542903434,-4.1542903434,-4.1542903434,0E-7,1,1,0.49324550000000000,0.493245500000,-0.9865810262130424,-0.9865810262130424,-0.9865810262130424,0E-17,ELIGIBLE,R03b_20260811_FULL_v1,L1_ELIGIBILITY,v2026-08-11,2026-03-21..2026-08-06,baccarat_bet02_101_all_pairs_incl_sentinel,round_win = game_pnl > 0 (decisive only),COMPATIBILITY_ONLY_NOT_PRODUCTION,39187.2093,35396.6747,483.0410,8363,6242,-0.01232650,-0.05216444,-0.01154840,-0.01232650,-483.0410,39187.2093,OK,0.0000,19.3216,4.0000,96.0000,AG03-UNRESOLVED,ALL5_LEVELS_bet23_to_bet27,19.3216,19.3216,19.3216,0.0000,0.0000,4.000000,4.000000,4.000000,0.000000,0.000000,96.000000,96.000000,96.000000,100.000000,100.000000,5.0,57.9649,55.6772,425.0761,427.3638,PENDING_AG03,FALSE,NOT_FOR_ENFORCEMENT,463.7194,33980.8077,483.0410,463.7194,19.3216,0.01232650,0.01183344,19.3216,463.7194,0.01183344,19.3216,19.3216,19.3216,0.0000,0.0000,463.7194,0.01183344,57.9649,55.6772,425.0761,427.3638,0.01084732,0.0109057,0.00049306,4.6858,5.6707,0.0774,15.5820,0.2688,1264.1035,201.3548,4.5499,4.6885,2.0771,4.1543,6.1317,8.4025,10.5031,18.5864,3.9466,-2.0771,2.528253,4.474023,1.127938,29,192,48,6,0.01915741,0.01232650,0.05216444,0E-8,0.000000,0.903271,0.017936,-0.04061604,2026-05-16,2026-07-20,31,1797,733,66,0.469697,0.970424,0.970991,0.063858,,,,,,,,GLOBAL_BASELINE_NO_ENTITY_RANKING,,,NOT_APPLICABLE_GLOBAL_BASELINE,HF9g-P5,,,,X 全窗基线 · 不参与实体赏罚,8395404,840,A168_HF9F_20260827_0900,2026-08-27 09:00:00
2026-06-06,150107794,2127,0,8.3085806868,-8.3085806868,-8.3085806868,0E-7,2,2,0.50665070000000000,0.506650700000,-1.4331513700195317,-1.4331513700195317,-1.4331513700195317,0E-17,ELIGIBLE,R03b_20260811_FULL_v1,L1_ELIGIBILITY,v2026-08-11,2026-03-21..2026-08-06,baccarat_bet02_101_all_pairs_incl_sentinel,round_win = game_pnl > 0 (decisive only),COMPATIBILITY_ONLY_NOT_PRODUCTION,39187.2093,35396.6747,483.0410,8363,6242,-0.01232650,-0.05216444,-0.01154840,-0.01232650,-483.0410,39187.2093,OK,0.0000,19.3216,4.0000,96.0000,AG03-UNRESOLVED,ALL5_LEVELS_bet23_to_bet27,19.3216,19.3216,19.3216,0.0000,0.0000,4.000000,4.000000,4.000000,0.000000,0.000000,96.000000,96.000000,96.000000,100.000000,100.000000,5.0,57.9649,55.6772,425.0761,427.3638,PENDING_AG03,FALSE,NOT_FOR_ENFORCEMENT,463.7194,33980.8077,483.0410,463.7194,19.3216,0.01232650,0.01183344,19.3216,463.7194,0.01183344,19.3216,19.3216,19.3216,0.0000,0.0000,463.7194,0.01183344,57.9649,55.6772,425.0761,427.3638,0.01084732,0.0109057,0.00049306,4.6858,5.6707,0.0774,15.5820,0.2688,1264.1035,201.3548,4.5499,4.6885,2.0771,4.1543,6.1317,8.4025,10.5031,18.5864,3.9466,-2.0771,2.528253,4.474023,1.127938,29,192,48,6,0.01915741,0.01232650,0.05216444,0E-8,0.000000,0.903271,0.017936,-0.04061604,2026-05-16,2026-07-20,31,1797,733,66,0.469697,0.970424,0.970991,0.063858,,,,,,,,GLOBAL_BASELINE_NO_ENTITY_RANKING,,,NOT_APPLICABLE_GLOBAL_BASELINE,HF9g-P5,,,,X 全窗基线 · 不参与实体赏罚,8395405,840,A168_HF9F_20260827_0900,2026-08-27 09:00:00
2026-06-06,150107794,2130,0,2.0771451717,2.0771451717,2.0771451717,1.0000000,1,1,0.49324550000000000,0.493245500000,1.01360149184955,1.01360149184955,1.01360149184955,0E-17,ELIGIBLE,R03b_20260811_FULL_v1,L1_ELIGIBILITY,v2026-08-11,2026-03-21..2026-08-06,baccarat_bet02_101_all_pairs_incl_sentinel,round_win = game_pnl > 0 (decisive only),COMPATIBILITY_ONLY_NOT_PRODUCTION,39187.2093,35396.6747,483.0410,8363,6242,-0.01232650,-0.05216444,-0.01154840,-0.01232650,-483.0410,39187.2093,OK,0.0000,19.3216,4.0000,96.0000,AG03-UNRESOLVED,ALL5_LEVELS_bet23_to_bet27,19.3216,19.3216,19.3216,0.0000,0.0000,4.000000,4.000000,4.000000,0.000000,0.000000,96.000000,96.000000,96.000000,100.000000,100.000000,5.0,57.9649,55.6772,425.0761,427.3638,PENDING_AG03,FALSE,NOT_FOR_ENFORCEMENT,463.7194,33980.8077,483.0410,463.7194,19.3216,0.01232650,0.01183344,19.3216,463.7194,0.01183344,19.3216,19.3216,19.3216,0.0000,0.0000,463.7194,0.01183344,57.9649,55.6772,425.0761,427.3638,0.01084732,0.0109057,0.00049306,4.6858,5.6707,0.0774,15.5820,0.2688,1264.1035,201.3548,4.5499,4.6885,2.0771,4.1543,6.1317,8.4025,10.5031,18.5864,3.9466,-2.0771,2.528253,4.474023,1.127938,29,192,48,6,0.01915741,0.01232650,0.05216444,0E-8,0.000000,0.903271,0.017936,-0.04061604,2026-05-16,2026-07-20,31,1797,733,66,0.469697,0.970424,0.970991,0.063858,,,,,,,,GLOBAL_BASELINE_NO_ENTITY_RANKING,,,NOT_APPLICABLE_GLOBAL_BASELINE,HF9g-P5,,,,X 全窗基线 · 不参与实体赏罚,8395406,840,A168_HF9F_20260827_0900,2026-08-27 09:00:00
2026-06-06,150107794,2134,0,4.1542903434,-4.1542903434,-4.1542903434,0E-7,1,1,0.49324550000000000,0.493245500000,-0.9865810262130424,-0.9865810262130424,-0.9865810262130424,0E-17,ELIGIBLE,R03b_20260811_FULL_v1,L1_ELIGIBILITY,v2026-08-11,2026-03-21..2026-08-06,baccarat_bet02_101_all_pairs_incl_sentinel,round_win = game_pnl > 0 (decisive only),COMPATIBILITY_ONLY_NOT_PRODUCTION,39187.2093,35396.6747,483.0410,8363,6242,-0.01232650,-0.05216444,-0.01154840,-0.01232650,-483.0410,39187.2093,OK,0.0000,19.3216,4.0000,96.0000,AG03-UNRESOLVED,ALL5_LEVELS_bet23_to_bet27,19.3216,19.3216,19.3216,0.0000,0.0000,4.000000,4.000000,4.000000,0.000000,0.000000,96.000000,96.000000,96.000000,100.000000,100.000000,5.0,57.9649,55.6772,425.0761,427.3638,PENDING_AG03,FALSE,NOT_FOR_ENFORCEMENT,463.7194,33980.8077,483.0410,463.7194,19.3216,0.01232650,0.01183344,19.3216,463.7194,0.01183344,19.3216,19.3216,19.3216,0.0000,0.0000,463.7194,0.01183344,57.9649,55.6772,425.0761,427.3638,0.01084732,0.0109057,0.00049306,4.6858,5.6707,0.0774,15.5820,0.2688,1264.1035,201.3548,4.5499,4.6885,2.0771,4.1543,6.1317,8.4025,10.5031,18.5864,3.9466,-2.0771,2.528253,4.474023,1.127938,29,192,48,6,0.01915741,0.01232650,0.05216444,0E-8,0.000000,0.903271,0.017936,-0.04061604,2026-05-16,2026-07-20,31,1797,733,66,0.469697,0.970424,0.970991,0.063858,,,,,,,,GLOBAL_BASELINE_NO_ENTITY_RANKING,,,NOT_APPLICABLE_GLOBAL_BASELINE,HF9g-P5,,,,X 全窗基线 · 不参与实体赏罚,8395407,840,A168_HF9F_20260827_0900,2026-08-27 09:00:00
2026-06-06,150107794,2142,0,4.1542903434,4.1542903434,4.1542903434,1.0000000,1,1,0.49324550000000000,0.493245500000,1.01360149184955,1.01360149184955,1.01360149184955,0E-17,ELIGIBLE,R03b_20260811_FULL_v1,L1_ELIGIBILITY,v2026-08-11,2026-03-21..2026-08-06,baccarat_bet02_101_all_pairs_incl_sentinel,round_win = game_pnl > 0 (decisive only),COMPATIBILITY_ONLY_NOT_PRODUCTION,39187.2093,35396.6747,483.0410,8363,6242,-0.01232650,-0.05216444,-0.01154840,-0.01232650,-483.0410,39187.2093,OK,0.0000,19.3216,4.0000,96.0000,AG03-UNRESOLVED,ALL5_LEVELS_bet23_to_bet27,19.3216,19.3216,19.3216,0.0000,0.0000,4.000000,4.000000,4.000000,0.000000,0.000000,96.000000,96.000000,96.000000,100.000000,100.000000,5.0,57.9649,55.6772,425.0761,427.3638,PENDING_AG03,FALSE,NOT_FOR_ENFORCEMENT,463.7194,33980.8077,483.0410,463.7194,19.3216,0.01232650,0.01183344,19.3216,463.7194,0.01183344,19.3216,19.3216,19.3216,0.0000,0.0000,463.7194,0.01183344,57.9649,55.6772,425.0761,427.3638,0.01084732,0.0109057,0.00049306,4.6858,5.6707,0.0774,15.5820,0.2688,1264.1035,201.3548,4.5499,4.6885,2.0771,4.1543,6.1317,8.4025,10.5031,18.5864,3.9466,-2.0771,2.528253,4.474023,1.127938,29,192,48,6,0.01915741,0.01232650,0.05216444,0E-8,0.000000,0.903271,0.017936,-0.04061604,2026-05-16,2026-07-20,31,1797,733,66,0.469697,0.970424,0.970991,0.063858,,,,,,,,GLOBAL_BASELINE_NO_ENTITY_RANKING,,,NOT_APPLICABLE_GLOBAL_BASELINE,HF9g-P5,,,,X 全窗基线 · 不参与实体赏罚,8395408,840,A168_HF9F_20260827_0900,2026-08-27 09:00:00
2026-06-06,150107794,2171,0,10.3857258584,-8.3085806867,-8.3085806867,0E-7,3,3,0.50218230000000000,0.502182300000,-1.4203995680682369,-1.4203995680682369,-1.4203995680682369,0E-17,ELIGIBLE,R03b_20260811_FULL_v1,L1_ELIGIBILITY,v2026-08-11,2026-03-21..2026-08-06,baccarat_bet02_101_all_pairs_incl_sentinel,round_win = game_pnl > 0 (decisive only),COMPATIBILITY_ONLY_NOT_PRODUCTION,39187.2093,35396.6747,483.0410,8363,6242,-0.01232650,-0.05216444,-0.01154840,-0.01232650,-483.0410,39187.2093,OK,0.0000,19.3216,4.0000,96.0000,AG03-UNRESOLVED,ALL5_LEVELS_bet23_to_bet27,19.3216,19.3216,19.3216,0.0000,0.0000,4.000000,4.000000,4.000000,0.000000,0.000000,96.000000,96.000000,96.000000,100.000000,100.000000,5.0,57.9649,55.6772,425.0761,427.3638,PENDING_AG03,FALSE,NOT_FOR_ENFORCEMENT,463.7194,33980.8077,483.0410,463.7194,19.3216,0.01232650,0.01183344,19.3216,463.7194,0.01183344,19.3216,19.3216,19.3216,0.0000,0.0000,463.7194,0.01183344,57.9649,55.6772,425.0761,427.3638,0.01084732,0.0109057,0.00049306,4.6858,5.6707,0.0774,15.5820,0.2688,1264.1035,201.3548,4.5499,4.6885,2.0771,4.1543,6.1317,8.4025,10.5031,18.5864,3.9466,-2.0771,2.528253,4.474023,1.127938,29,192,48,6,0.01915741,0.01232650,0.05216444,0E-8,0.000000,0.903271,0.017936,-0.04061604,2026-05-16,2026-07-20,31,1797,733,66,0.469697,0.970424,0.970991,0.063858,,,,,,,,GLOBAL_BASELINE_NO_ENTITY_RANKING,,,NOT_APPLICABLE_GLOBAL_BASELINE,HF9g-P5,,,,X 全窗基线 · 不参与实体赏罚,8395409,840,A168_HF9F_20260827_0900,2026-08-27 09:00:00
2026-06-06,150107794,2201,0,8.3085806868,4.1542903434,4.1542903434,0.6666667,3,3,0.49324550000000000,0.493245500000,0.6008033672792107,0.6008033672792106,0.6008033672792107,0E-17,ELIGIBLE,R03b_20260811_FULL_v1,L1_ELIGIBILITY,v2026-08-11,2026-03-21..2026-08-06,baccarat_bet02_101_all_pairs_incl_sentinel,round_win = game_pnl > 0 (decisive only),COMPATIBILITY_ONLY_NOT_PRODUCTION,39187.2093,35396.6747,483.0410,8363,6242,-0.01232650,-0.05216444,-0.01154840,-0.01232650,-483.0410,39187.2093,OK,0.0000,19.3216,4.0000,96.0000,AG03-UNRESOLVED,ALL5_LEVELS_bet23_to_bet27,19.3216,19.3216,19.3216,0.0000,0.0000,4.000000,4.000000,4.000000,0.000000,0.000000,96.000000,96.000000,96.000000,100.000000,100.000000,5.0,57.9649,55.6772,425.0761,427.3638,PENDING_AG03,FALSE,NOT_FOR_ENFORCEMENT,463.7194,33980.8077,483.0410,463.7194,19.3216,0.01232650,0.01183344,19.3216,463.7194,0.01183344,19.3216,19.3216,19.3216,0.0000,0.0000,463.7194,0.01183344,57.9649,55.6772,425.0761,427.3638,0.01084732,0.0109057,0.00049306,4.6858,5.6707,0.0774,15.5820,0.2688,1264.1035,201.3548,4.5499,4.6885,2.0771,4.1543,6.1317,8.4025,10.5031,18.5864,3.9466,-2.0771,2.528253,4.474023,1.127938,29,192,48,6,0.01915741,0.01232650,0.05216444,0E-8,0.000000,0.903271,0.017936,-0.04061604,2026-05-16,2026-07-20,31,1797,733,66,0.469697,0.970424,0.970991,0.063858,,,,,,,,GLOBAL_BASELINE_NO_ENTITY_RANKING,,,NOT_APPLICABLE_GLOBAL_BASELINE,HF9g-P5,,,,X 全窗基线 · 不参与实体赏罚,8395410,840,A168_HF9F_20260827_0900,2026-08-27 09:00:00
2026-06-06,150107794,2202,0,48.8129115347,13.2937290986,13.2937290986,0.5454545,12,11,0.48360272727272727,0.477562686364,0.41049934877754285,0.4507977675651135,0.41049934877754285,0.00604004090872727,ELIGIBLE,R03b_20260811_FULL_v1,L1_ELIGIBILITY,v2026-08-11,2026-03-21..2026-08-06,baccarat_bet02_101_all_pairs_incl_sentinel,round_win = game_pnl > 0 (decisive only),COMPATIBILITY_ONLY_NOT_PRODUCTION,39187.2093,35396.6747,483.0410,8363,6242,-0.01232650,-0.05216444,-0.01154840,-0.01232650,-483.0410,39187.2093,OK,0.0000,19.3216,4.0000,96.0000,AG03-UNRESOLVED,ALL5_LEVELS_bet23_to_bet27,19.3216,19.3216,19.3216,0.0000,0.0000,4.000000,4.000000,4.000000,0.000000,0.000000,96.000000,96.000000,96.000000,100.000000,100.000000,5.0,57.9649,55.6772,425.0761,427.3638,PENDING_AG03,FALSE,NOT_FOR_ENFORCEMENT,463.7194,33980.8077,483.0410,463.7194,19.3216,0.01232650,0.01183344,19.3216,463.7194,0.01183344,19.3216,19.3216,19.3216,0.0000,0.0000,463.7194,0.01183344,57.9649,55.6772,425.0761,427.3638,0.01084732,0.0109057,0.00049306,4.6858,5.6707,0.0774,15.5820,0.2688,1264.1035,201.3548,4.5499,4.6885,2.0771,4.1543,6.1317,8.4025,10.5031,18.5864,3.9466,-2.0771,2.528253,4.474023,1.127938,29,192,48,6,0.01915741,0.01232650,0.05216444,0E-8,0.000000,0.903271,0.017936,-0.04061604,2026-05-16,2026-07-20,31,1797,733,66,0.469697,0.970424,0.970991,0.063858,,,,,,,,GLOBAL_BASELINE_NO_ENTITY_RANKING,,,NOT_APPLICABLE_GLOBAL_BASELINE,HF9g-P5,,,,X 全窗基线 · 不参与实体赏罚,8395411,840,A168_HF9F_20260827_0900,2026-08-27 09:00:00
2026-06-06,150107794,2218,0,8.3085806868,-8.3085806868,-8.3085806868,0E-7,3,3,0.49771390000000000,0.497713900000,-1.724149546644903,-1.724149546644903,-1.724149546644903,0E-17,ELIGIBLE,R03b_20260811_FULL_v1,L1_ELIGIBILITY,v2026-08-11,2026-03-21..2026-08-06,baccarat_bet02_101_all_pairs_incl_sentinel,round_win = game_pnl > 0 (decisive only),COMPATIBILITY_ONLY_NOT_PRODUCTION,39187.2093,35396.6747,483.0410,8363,6242,-0.01232650,-0.05216444,-0.01154840,-0.01232650,-483.0410,39187.2093,OK,0.0000,19.3216,4.0000,96.0000,AG03-UNRESOLVED,ALL5_LEVELS_bet23_to_bet27,19.3216,19.3216,19.3216,0.0000,0.0000,4.000000,4.000000,4.000000,0.000000,0.000000,96.000000,96.000000,96.000000,100.000000,100.000000,5.0,57.9649,55.6772,425.0761,427.3638,PENDING_AG03,FALSE,NOT_FOR_ENFORCEMENT,463.7194,33980.8077,483.0410,463.7194,19.3216,0.01232650,0.01183344,19.3216,463.7194,0.01183344,19.3216,19.3216,19.3216,0.0000,0.0000,463.7194,0.01183344,57.9649,55.6772,425.0761,427.3638,0.01084732,0.0109057,0.00049306,4.6858,5.6707,0.0774,15.5820,0.2688,1264.1035,201.3548,4.5499,4.6885,2.0771,4.1543,6.1317,8.4025,10.5031,18.5864,3.9466,-2.0771,2.528253,4.474023,1.127938,29,192,48,6,0.01915741,0.01232650,0.05216444,0E-8,0.000000,0.903271,0.017936,-0.04061604,2026-05-16,2026-07-20,31,1797,733,66,0.469697,0.970424,0.970991,0.063858,,,,,,,,GLOBAL_BASELINE_NO_ENTITY_RANKING,,,NOT_APPLICABLE_GLOBAL_BASELINE,HF9g-P5,,,,X 全窗基线 · 不参与实体赏罚,8395412,840,A168_HF9F_20260827_0900,2026-08-27 09:00:00
2026-06-06,150107794,2234,0,2.0771451717,-2.0771451717,-2.0771451717,0E-7,1,1,0.50665070000000000,0.506650700000,-1.013391052207602,-1.013391052207602,-1.013391052207602,0E-17,ELIGIBLE,R03b_20260811_FULL_v1,L1_ELIGIBILITY,v2026-08-11,2026-03-21..2026-08-06,baccarat_bet02_101_all_pairs_incl_sentinel,round_win = game_pnl > 0 (decisive only),COMPATIBILITY_ONLY_NOT_PRODUCTION,39187.2093,35396.6747,483.0410,8363,6242,-0.01232650,-0.05216444,-0.01154840,-0.01232650,-483.0410,39187.2093,OK,0.0000,19.3216,4.0000,96.0000,AG03-UNRESOLVED,ALL5_LEVELS_bet23_to_bet27,19.3216,19.3216,19.3216,0.0000,0.0000,4.000000,4.000000,4.000000,0.000000,0.000000,96.000000,96.000000,96.000000,100.000000,100.000000,5.0,57.9649,55.6772,425.0761,427.3638,PENDING_AG03,FALSE,NOT_FOR_ENFORCEMENT,463.7194,33980.8077,483.0410,463.7194,19.3216,0.01232650,0.01183344,19.3216,463.7194,0.01183344,19.3216,19.3216,19.3216,0.0000,0.0000,463.7194,0.01183344,57.9649,55.6772,425.0761,427.3638,0.01084732,0.0109057,0.00049306,4.6858,5.6707,0.0774,15.5820,0.2688,1264.1035,201.3548,4.5499,4.6885,2.0771,4.1543,6.1317,8.4025,10.5031,18.5864,3.9466,-2.0771,2.528253,4.474023,1.127938,29,192,48,6,0.01915741,0.01232650,0.05216444,0E-8,0.000000,0.903271,0.017936,-0.04061604,2026-05-16,2026-07-20,31,1797,733,66,0.469697,0.970424,0.970991,0.063858,,,,,,,,GLOBAL_BASELINE_NO_ENTITY_RANKING,,,NOT_APPLICABLE_GLOBAL_BASELINE,HF9g-P5,,,,X 全窗基线 · 不参与实体赏罚,8395413,840,A168_HF9F_20260827_0900,2026-08-27 09:00:00
2026-06-06,150107794,2256,0,2.0771451717,-2.0771451717,-2.0771451717,0E-7,1,1,0.09460280000000000,0.094602800000,-0.32324545095860213,-0.32324545095860213,-0.32324545095860213,0E-17,ELIGIBLE,R03b_20260811_FULL_v1,L1_ELIGIBILITY,v2026-08-11,2026-03-21..2026-08-06,baccarat_bet02_101_all_pairs_incl_sentinel,round_win = game_pnl > 0 (decisive only),COMPATIBILITY_ONLY_NOT_PRODUCTION,39187.2093,35396.6747,483.0410,8363,6242,-0.01232650,-0.05216444,-0.01154840,-0.01232650,-483.0410,39187.2093,OK,0.0000,19.3216,4.0000,96.0000,AG03-UNRESOLVED,ALL5_LEVELS_bet23_to_bet27,19.3216,19.3216,19.3216,0.0000,0.0000,4.000000,4.000000,4.000000,0.000000,0.000000,96.000000,96.000000,96.000000,100.000000,100.000000,5.0,57.9649,55.6772,425.0761,427.3638,PENDING_AG03,FALSE,NOT_FOR_ENFORCEMENT,463.7194,33980.8077,483.0410,463.7194,19.3216,0.01232650,0.01183344,19.3216,463.7194,0.01183344,19.3216,19.3216,19.3216,0.0000,0.0000,463.7194,0.01183344,57.9649,55.6772,425.0761,427.3638,0.01084732,0.0109057,0.00049306,4.6858,5.6707,0.0774,15.5820,0.2688,1264.1035,201.3548,4.5499,4.6885,2.0771,4.1543,6.1317,8.4025,10.5031,18.5864,3.9466,-2.0771,2.528253,4.474023,1.127938,29,192,48,6,0.01915741,0.01232650,0.05216444,0E-8,0.000000,0.903271,0.017936,-0.04061604,2026-05-16,2026-07-20,31,1797,733,66,0.469697,0.970424,0.970991,0.063858,,,,,,,,GLOBAL_BASELINE_NO_ENTITY_RANKING,,,NOT_APPLICABLE_GLOBAL_BASELINE,HF9g-P5,,,,X 全窗基线 · 不参与实体赏罚,8395414,840,A168_HF9F_20260827_0900,2026-08-27 09:00:00
2026-06-06,150107794,2267,0,25.3411710945,-6.8545790665,-6.8545790665,0.5000000,6,5,0.47867544499976010,0.458743310000,0.08537590244513907,0.16559143393276365,0.08537590244513907,0.01993213499976010,ELIGIBLE,R03b_20260811_FULL_v1,L1_ELIGIBILITY,v2026-08-11,2026-03-21..2026-08-06,baccarat_bet02_101_all_pairs_incl_sentinel,round_win = game_pnl > 0 (decisive only),COMPATIBILITY_ONLY_NOT_PRODUCTION,39187.2093,35396.6747,483.0410,8363,6242,-0.01232650,-0.05216444,-0.01154840,-0.01232650,-483.0410,39187.2093,OK,0.0000,19.3216,4.0000,96.0000,AG03-UNRESOLVED,ALL5_LEVELS_bet23_to_bet27,19.3216,19.3216,19.3216,0.0000,0.0000,4.000000,4.000000,4.000000,0.000000,0.000000,96.000000,96.000000,96.000000,100.000000,100.000000,5.0,57.9649,55.6772,425.0761,427.3638,PENDING_AG03,FALSE,NOT_FOR_ENFORCEMENT,463.7194,33980.8077,483.0410,463.7194,19.3216,0.01232650,0.01183344,19.3216,463.7194,0.01183344,19.3216,19.3216,19.3216,0.0000,0.0000,463.7194,0.01183344,57.9649,55.6772,425.0761,427.3638,0.01084732,0.0109057,0.00049306,4.6858,5.6707,0.0774,15.5820,0.2688,1264.1035,201.3548,4.5499,4.6885,2.0771,4.1543,6.1317,8.4025,10.5031,18.5864,3.9466,-2.0771,2.528253,4.474023,1.127938,29,192,48,6,0.01915741,0.01232650,0.05216444,0E-8,0.000000,0.903271,0.017936,-0.04061604,2026-05-16,2026-07-20,31,1797,733,66,0.469697,0.970424,0.970991,0.063858,,,,,,,,GLOBAL_BASELINE_NO_ENTITY_RANKING,,,NOT_APPLICABLE_GLOBAL_BASELINE,HF9g-P5,,,,X 全窗基线 · 不参与实体赏罚,8395415,840,A168_HF9F_20260827_0900,2026-08-27 09:00:00
2026-06-06,150107794,595,0,14.5400162019,2.0771451717,2.0771451717,0.6666667,4,3,0.44895186666666667,0.426805050000,0.7581478743238177,0.8399538622850082,0.7581478743238177,0.02214681666666667,ELIGIBLE,R03b_20260811_FULL_v1,L1_ELIGIBILITY,v2026-08-11,2026-03-21..2026-08-06,baccarat_bet02_101_all_pairs_incl_sentinel,round_win = game_pnl > 0 (decisive only),COMPATIBILITY_ONLY_NOT_PRODUCTION,39187.2093,35396.6747,483.0410,8363,6242,-0.01232650,-0.05216444,-0.01154840,-0.01232650,-483.0410,39187.2093,OK,0.0000,19.3216,4.0000,96.0000,AG03-UNRESOLVED,ALL5_LEVELS_bet23_to_bet27,19.3216,19.3216,19.3216,0.0000,0.0000,4.000000,4.000000,4.000000,0.000000,0.000000,96.000000,96.000000,96.000000,100.000000,100.000000,5.0,57.9649,55.6772,425.0761,427.3638,PENDING_AG03,FALSE,NOT_FOR_ENFORCEMENT,463.7194,33980.8077,483.0410,463.7194,19.3216,0.01232650,0.01183344,19.3216,463.7194,0.01183344,19.3216,19.3216,19.3216,0.0000,0.0000,463.7194,0.01183344,57.9649,55.6772,425.0761,427.3638,0.01084732,0.0109057,0.00049306,4.6858,5.6707,0.0774,15.5820,0.2688,1264.1035,201.3548,4.5499,4.6885,2.0771,4.1543,6.1317,8.4025,10.5031,18.5864,3.9466,-2.0771,2.528253,4.474023,1.127938,29,192,48,6,0.01915741,0.01232650,0.05216444,0E-8,0.000000,0.903271,0.017936,-0.04061604,2026-05-16,2026-07-20,31,1797,733,66,0.469697,0.970424,0.970991,0.063858,,,,,,,,GLOBAL_BASELINE_NO_ENTITY_RANKING,,,NOT_APPLICABLE_GLOBAL_BASELINE,HF9g-P5,,,,X 全窗基线 · 不参与实体赏罚,8395416,840,A168_HF9F_20260827_0900,2026-08-27 09:00:00
2026-06-09,150107794,-1,1,14.7477307189,-5.7121492221,-5.7121492221,0.3333333,5,5,0.50665070000000000,0.506650700000,-0.6004420894325239,-0.6004420894325239,-0.6004420894325239,0E-17,SENTINEL_DEALER,R03b_20260811_FULL_v1,L1_ELIGIBILITY,v2026-08-11,2026-03-21..2026-08-06,baccarat_bet02_101_all_pairs_incl_sentinel,round_win = game_pnl > 0 (decisive only),COMPATIBILITY_ONLY_NOT_PRODUCTION,39187.2093,35396.6747,483.0410,8363,6242,-0.01232650,-0.05216444,-0.01154840,-0.01232650,-483.0410,39187.2093,OK,0.0000,19.3216,4.0000,96.0000,AG03-UNRESOLVED,ALL5_LEVELS_bet23_to_bet27,19.3216,19.3216,19.3216,0.0000,0.0000,4.000000,4.000000,4.000000,0.000000,0.000000,96.000000,96.000000,96.000000,100.000000,100.000000,5.0,57.9649,55.6772,425.0761,427.3638,PENDING_AG03,FALSE,NOT_FOR_ENFORCEMENT,463.7194,33980.8077,483.0410,463.7194,19.3216,0.01232650,0.01183344,19.3216,463.7194,0.01183344,19.3216,19.3216,19.3216,0.0000,0.0000,463.7194,0.01183344,57.9649,55.6772,425.0761,427.3638,0.01084732,0.0109057,0.00049306,4.6858,5.6707,0.0774,15.5820,0.2688,1264.1035,201.3548,4.5499,4.6885,2.0771,4.1543,6.1317,8.4025,10.5031,18.5864,3.9466,-2.0771,2.528253,4.474023,1.127938,29,192,48,6,0.01915741,0.01232650,0.05216444,0E-8,0.000000,0.903271,0.017936,-0.04061604,2026-05-16,2026-07-20,31,1797,733,66,0.469697,0.970424,0.970991,0.063858,,,,,,,,GLOBAL_BASELINE_NO_ENTITY_RANKING,,,NOT_APPLICABLE_GLOBAL_BASELINE,HF9g-P5,,,,X 全窗基线 · 不参与实体赏罚,8395417,840,A168_HF9F_20260827_0900,2026-08-27 09:00:00
2026-06-09,150107794,1318,0,4.1542903434,-2.0771451717,-2.0771451717,0E-7,2,2,0.50665070000000000,0.506650700000,-1.013391052207602,-1.013391052207602,-1.013391052207602,0E-17,ELIGIBLE,R03b_20260811_FULL_v1,L1_ELIGIBILITY,v2026-08-11,2026-03-21..2026-08-06,baccarat_bet02_101_all_pairs_incl_sentinel,round_win = game_pnl > 0 (decisive only),COMPATIBILITY_ONLY_NOT_PRODUCTION,39187.2093,35396.6747,483.0410,8363,6242,-0.01232650,-0.05216444,-0.01154840,-0.01232650,-483.0410,39187.2093,OK,0.0000,19.3216,4.0000,96.0000,AG03-UNRESOLVED,ALL5_LEVELS_bet23_to_bet27,19.3216,19.3216,19.3216,0.0000,0.0000,4.000000,4.000000,4.000000,0.000000,0.000000,96.000000,96.000000,96.000000,100.000000,100.000000,5.0,57.9649,55.6772,425.0761,427.3638,PENDING_AG03,FALSE,NOT_FOR_ENFORCEMENT,463.7194,33980.8077,483.0410,463.7194,19.3216,0.01232650,0.01183344,19.3216,463.7194,0.01183344,19.3216,19.3216,19.3216,0.0000,0.0000,463.7194,0.01183344,57.9649,55.6772,425.0761,427.3638,0.01084732,0.0109057,0.00049306,4.6858,5.6707,0.0774,15.5820,0.2688,1264.1035,201.3548,4.5499,4.6885,2.0771,4.1543,6.1317,8.4025,10.5031,18.5864,3.9466,-2.0771,2.528253,4.474023,1.127938,29,192,48,6,0.01915741,0.01232650,0.05216444,0E-8,0.000000,0.903271,0.017936,-0.04061604,2026-05-16,2026-07-20,31,1797,733,66,0.469697,0.970424,0.970991,0.063858,,,,,,,,GLOBAL_BASELINE_NO_ENTITY_RANKING,,,NOT_APPLICABLE_GLOBAL_BASELINE,HF9g-P5,,,,X 全窗基线 · 不参与实体赏罚,8395418,840,A168_HF9F_20260827_0900,2026-08-27 09:00:00
2026-06-09,150107794,1331,0,2.0771451717,2.0771451717,2.0771451717,1.0000000,1,1,0.49324550000000000,0.493245500000,1.01360149184955,1.01360149184955,1.01360149184955,0E-17,ELIGIBLE,R03b_20260811_FULL_v1,L1_ELIGIBILITY,v2026-08-11,2026-03-21..2026-08-06,baccarat_bet02_101_all_pairs_incl_sentinel,round_win = game_pnl > 0 (decisive only),COMPATIBILITY_ONLY_NOT_PRODUCTION,39187.2093,35396.6747,483.0410,8363,6242,-0.01232650,-0.05216444,-0.01154840,-0.01232650,-483.0410,39187.2093,OK,0.0000,19.3216,4.0000,96.0000,AG03-UNRESOLVED,ALL5_LEVELS_bet23_to_bet27,19.3216,19.3216,19.3216,0.0000,0.0000,4.000000,4.000000,4.000000,0.000000,0.000000,96.000000,96.000000,96.000000,100.000000,100.000000,5.0,57.9649,55.6772,425.0761,427.3638,PENDING_AG03,FALSE,NOT_FOR_ENFORCEMENT,463.7194,33980.8077,483.0410,463.7194,19.3216,0.01232650,0.01183344,19.3216,463.7194,0.01183344,19.3216,19.3216,19.3216,0.0000,0.0000,463.7194,0.01183344,57.9649,55.6772,425.0761,427.3638,0.01084732,0.0109057,0.00049306,4.6858,5.6707,0.0774,15.5820,0.2688,1264.1035,201.3548,4.5499,4.6885,2.0771,4.1543,6.1317,8.4025,10.5031,18.5864,3.9466,-2.0771,2.528253,4.474023,1.127938,29,192,48,6,0.01915741,0.01232650,0.05216444,0E-8,0.000000,0.903271,0.017936,-0.04061604,2026-05-16,2026-07-20,31,1797,733,66,0.469697,0.970424,0.970991,0.063858,,,,,,,,GLOBAL_BASELINE_NO_ENTITY_RANKING,,,NOT_APPLICABLE_GLOBAL_BASELINE,HF9g-P5,,,,X 全窗基线 · 不参与实体赏罚,8395419,840,A168_HF9F_20260827_0900,2026-08-27 09:00:00
2026-06-09,150107794,1490,0,4.1542903434,3.9465758262,3.9465758262,1.0000000,1,1,0.50665070000000000,0.506650700000,0.9867858985152569,0.9867858985152569,0.9867858985152569,0E-17,ELIGIBLE,R03b_20260811_FULL_v1,L1_ELIGIBILITY,v2026-08-11,2026-03-21..2026-08-06,baccarat_bet02_101_all_pairs_incl_sentinel,round_win = game_pnl > 0 (decisive only),COMPATIBILITY_ONLY_NOT_PRODUCTION,39187.2093,35396.6747,483.0410,8363,6242,-0.01232650,-0.05216444,-0.01154840,-0.01232650,-483.0410,39187.2093,OK,0.0000,19.3216,4.0000,96.0000,AG03-UNRESOLVED,ALL5_LEVELS_bet23_to_bet27,19.3216,19.3216,19.3216,0.0000,0.0000,4.000000,4.000000,4.000000,0.000000,0.000000,96.000000,96.000000,96.000000,100.000000,100.000000,5.0,57.9649,55.6772,425.0761,427.3638,PENDING_AG03,FALSE,NOT_FOR_ENFORCEMENT,463.7194,33980.8077,483.0410,463.7194,19.3216,0.01232650,0.01183344,19.3216,463.7194,0.01183344,19.3216,19.3216,19.3216,0.0000,0.0000,463.7194,0.01183344,57.9649,55.6772,425.0761,427.3638,0.01084732,0.0109057,0.00049306,4.6858,5.6707,0.0774,15.5820,0.2688,1264.1035,201.3548,4.5499,4.6885,2.0771,4.1543,6.1317,8.4025,10.5031,18.5864,3.9466,-2.0771,2.528253,4.474023,1.127938,29,192,48,6,0.01915741,0.01232650,0.05216444,0E-8,0.000000,0.903271,0.017936,-0.04061604,2026-05-16,2026-07-20,31,1797,733,66,0.469697,0.970424,0.970991,0.063858,,,,,,,,GLOBAL_BASELINE_NO_ENTITY_RANKING,,,NOT_APPLICABLE_GLOBAL_BASELINE,HF9g-P5,,,,X 全窗基线 · 不参与实体赏罚,8395420,840,A168_HF9F_20260827_0900,2026-08-27 09:00:00
2026-06-09,150107794,1505,0,2.0771451717,-2.0771451717,-2.0771451717,0E-7,1,1,0.49324550000000000,0.493245500000,-0.9865810262130424,-0.9865810262130424,-0.9865810262130424,0E-17,ELIGIBLE,R03b_20260811_FULL_v1,L1_ELIGIBILITY,v2026-08-11,2026-03-21..2026-08-06,baccarat_bet02_101_all_pairs_incl_sentinel,round_win = game_pnl > 0 (decisive only),COMPATIBILITY_ONLY_NOT_PRODUCTION,39187.2093,35396.6747,483.0410,8363,6242,-0.01232650,-0.05216444,-0.01154840,-0.01232650,-483.0410,39187.2093,OK,0.0000,19.3216,4.0000,96.0000,AG03-UNRESOLVED,ALL5_LEVELS_bet23_to_bet27,19.3216,19.3216,19.3216,0.0000,0.0000,4.000000,4.000000,4.000000,0.000000,0.000000,96.000000,96.000000,96.000000,100.000000,100.000000,5.0,57.9649,55.6772,425.0761,427.3638,PENDING_AG03,FALSE,NOT_FOR_ENFORCEMENT,463.7194,33980.8077,483.0410,463.7194,19.3216,0.01232650,0.01183344,19.3216,463.7194,0.01183344,19.3216,19.3216,19.3216,0.0000,0.0000,463.7194,0.01183344,57.9649,55.6772,425.0761,427.3638,0.01084732,0.0109057,0.00049306,4.6858,5.6707,0.0774,15.5820,0.2688,1264.1035,201.3548,4.5499,4.6885,2.0771,4.1543,6.1317,8.4025,10.5031,18.5864,3.9466,-2.0771,2.528253,4.474023,1.127938,29,192,48,6,0.01915741,0.01232650,0.05216444,0E-8,0.000000,0.903271,0.017936,-0.04061604,2026-05-16,2026-07-20,31,1797,733,66,0.469697,0.970424,0.970991,0.063858,,,,,,,,GLOBAL_BASELINE_NO_ENTITY_RANKING,,,NOT_APPLICABLE_GLOBAL_BASELINE,HF9g-P5,,,,X 全窗基线 · 不参与实体赏罚,8395421,840,A168_HF9F_20260827_0900,2026-08-27 09:00:00
2026-06-09,150107794,1710,0,10.3857258585,-2.0771451717,-2.0771451717,0.5000000,4,4,0.49659680000000000,0.496596800000,0.013613115331600182,0.013613115331600183,0.013613115331600182,0E-17,ELIGIBLE,R03b_20260811_FULL_v1,L1_ELIGIBILITY,v2026-08-11,2026-03-21..2026-08-06,baccarat_bet02_101_all_pairs_incl_sentinel,round_win = game_pnl > 0 (decisive only),COMPATIBILITY_ONLY_NOT_PRODUCTION,39187.2093,35396.6747,483.0410,8363,6242,-0.01232650,-0.05216444,-0.01154840,-0.01232650,-483.0410,39187.2093,OK,0.0000,19.3216,4.0000,96.0000,AG03-UNRESOLVED,ALL5_LEVELS_bet23_to_bet27,19.3216,19.3216,19.3216,0.0000,0.0000,4.000000,4.000000,4.000000,0.000000,0.000000,96.000000,96.000000,96.000000,100.000000,100.000000,5.0,57.9649,55.6772,425.0761,427.3638,PENDING_AG03,FALSE,NOT_FOR_ENFORCEMENT,463.7194,33980.8077,483.0410,463.7194,19.3216,0.01232650,0.01183344,19.3216,463.7194,0.01183344,19.3216,19.3216,19.3216,0.0000,0.0000,463.7194,0.01183344,57.9649,55.6772,425.0761,427.3638,0.01084732,0.0109057,0.00049306,4.6858,5.6707,0.0774,15.5820,0.2688,1264.1035,201.3548,4.5499,4.6885,2.0771,4.1543,6.1317,8.4025,10.5031,18.5864,3.9466,-2.0771,2.528253,4.474023,1.127938,29,192,48,6,0.01915741,0.01232650,0.05216444,0E-8,0.000000,0.903271,0.017936,-0.04061604,2026-05-16,2026-07-20,31,1797,733,66,0.469697,0.970424,0.970991,0.063858,,,,,,,,GLOBAL_BASELINE_NO_ENTITY_RANKING,,,NOT_APPLICABLE_GLOBAL_BASELINE,HF9g-P5,,,,X 全窗基线 · 不参与实体赏罚,8395422,840,A168_HF9F_20260827_0900,2026-08-27 09:00:00
2026-06-09,150107794,1952,0,2.9080032403,-2.9080032403,-2.9080032403,0E-7,1,1,0.50665070000000000,0.506650700000,-1.013391052207602,-1.013391052207602,-1.013391052207602,0E-17,ELIGIBLE,R03b_20260811_FULL_v1,L1_ELIGIBILITY,v2026-08-11,2026-03-21..2026-08-06,baccarat_bet02_101_all_pairs_incl_sentinel,round_win = game_pnl > 0 (decisive only),COMPATIBILITY_ONLY_NOT_PRODUCTION,39187.2093,35396.6747,483.0410,8363,6242,-0.01232650,-0.05216444,-0.01154840,-0.01232650,-483.0410,39187.2093,OK,0.0000,19.3216,4.0000,96.0000,AG03-UNRESOLVED,ALL5_LEVELS_bet23_to_bet27,19.3216,19.3216,19.3216,0.0000,0.0000,4.000000,4.000000,4.000000,0.000000,0.000000,96.000000,96.000000,96.000000,100.000000,100.000000,5.0,57.9649,55.6772,425.0761,427.3638,PENDING_AG03,FALSE,NOT_FOR_ENFORCEMENT,463.7194,33980.8077,483.0410,463.7194,19.3216,0.01232650,0.01183344,19.3216,463.7194,0.01183344,19.3216,19.3216,19.3216,0.0000,0.0000,463.7194,0.01183344,57.9649,55.6772,425.0761,427.3638,0.01084732,0.0109057,0.00049306,4.6858,5.6707,0.0774,15.5820,0.2688,1264.1035,201.3548,4.5499,4.6885,2.0771,4.1543,6.1317,8.4025,10.5031,18.5864,3.9466,-2.0771,2.528253,4.474023,1.127938,29,192,48,6,0.01915741,0.01232650,0.05216444,0E-8,0.000000,0.903271,0.017936,-0.04061604,2026-05-16,2026-07-20,31,1797,733,66,0.469697,0.970424,0.970991,0.063858,,,,,,,,GLOBAL_BASELINE_NO_ENTITY_RANKING,,,NOT_APPLICABLE_GLOBAL_BASELINE,HF9g-P5,,,,X 全窗基线 · 不参与实体赏罚,8395423,840,A168_HF9F_20260827_0900,2026-08-27 09:00:00
2026-06-09,150107794,2115,0,4.1542903434,-4.1542903434,-4.1542903434,0E-7,1,1,0.50665070000000000,0.506650700000,-1.013391052207602,-1.013391052207602,-1.013391052207602,0E-17,ELIGIBLE,R03b_20260811_FULL_v1,L1_ELIGIBILITY,v2026-08-11,2026-03-21..2026-08-06,baccarat_bet02_101_all_pairs_incl_sentinel,round_win = game_pnl > 0 (decisive only),COMPATIBILITY_ONLY_NOT_PRODUCTION,39187.2093,35396.6747,483.0410,8363,6242,-0.01232650,-0.05216444,-0.01154840,-0.01232650,-483.0410,39187.2093,OK,0.0000,19.3216,4.0000,96.0000,AG03-UNRESOLVED,ALL5_LEVELS_bet23_to_bet27,19.3216,19.3216,19.3216,0.0000,0.0000,4.000000,4.000000,4.000000,0.000000,0.000000,96.000000,96.000000,96.000000,100.000000,100.000000,5.0,57.9649,55.6772,425.0761,427.3638,PENDING_AG03,FALSE,NOT_FOR_ENFORCEMENT,463.7194,33980.8077,483.0410,463.7194,19.3216,0.01232650,0.01183344,19.3216,463.7194,0.01183344,19.3216,19.3216,19.3216,0.0000,0.0000,463.7194,0.01183344,57.9649,55.6772,425.0761,427.3638,0.01084732,0.0109057,0.00049306,4.6858,5.6707,0.0774,15.5820,0.2688,1264.1035,201.3548,4.5499,4.6885,2.0771,4.1543,6.1317,8.4025,10.5031,18.5864,3.9466,-2.0771,2.528253,4.474023,1.127938,29,192,48,6,0.01915741,0.01232650,0.05216444,0E-8,0.000000,0.903271,0.017936,-0.04061604,2026-05-16,2026-07-20,31,1797,733,66,0.469697,0.970424,0.970991,0.063858,,,,,,,,GLOBAL_BASELINE_NO_ENTITY_RANKING,,,NOT_APPLICABLE_GLOBAL_BASELINE,HF9g-P5,,,,X 全窗基线 · 不参与实体赏罚,8395424,840,A168_HF9F_20260827_0900,2026-08-27 09:00:00
2026-06-09,150107794,2152,0,8.3085806867,-8.3085806867,-8.3085806867,0E-7,1,1,0.50665070000000000,0.506650700000,-1.013391052207602,-1.013391052207602,-1.013391052207602,0E-17,ELIGIBLE,R03b_20260811_FULL_v1,L1_ELIGIBILITY,v2026-08-11,2026-03-21..2026-08-06,baccarat_bet02_101_all_pairs_incl_sentinel,round_win = game_pnl > 0 (decisive only),COMPATIBILITY_ONLY_NOT_PRODUCTION,39187.2093,35396.6747,483.0410,8363,6242,-0.01232650,-0.05216444,-0.01154840,-0.01232650,-483.0410,39187.2093,OK,0.0000,19.3216,4.0000,96.0000,AG03-UNRESOLVED,ALL5_LEVELS_bet23_to_bet27,19.3216,19.3216,19.3216,0.0000,0.0000,4.000000,4.000000,4.000000,0.000000,0.000000,96.000000,96.000000,96.000000,100.000000,100.000000,5.0,57.9649,55.6772,425.0761,427.3638,PENDING_AG03,FALSE,NOT_FOR_ENFORCEMENT,463.7194,33980.8077,483.0410,463.7194,19.3216,0.01232650,0.01183344,19.3216,463.7194,0.01183344,19.3216,19.3216,19.3216,0.0000,0.0000,463.7194,0.01183344,57.9649,55.6772,425.0761,427.3638,0.01084732,0.0109057,0.00049306,4.6858,5.6707,0.0774,15.5820,0.2688,1264.1035,201.3548,4.5499,4.6885,2.0771,4.1543,6.1317,8.4025,10.5031,18.5864,3.9466,-2.0771,2.528253,4.474023,1.127938,29,192,48,6,0.01915741,0.01232650,0.05216444,0E-8,0.000000,0.903271,0.017936,-0.04061604,2026-05-16,2026-07-20,31,1797,733,66,0.469697,0.970424,0.970991,0.063858,,,,,,,,GLOBAL_BASELINE_NO_ENTITY_RANKING,,,NOT_APPLICABLE_GLOBAL_BASELINE,HF9g-P5,,,,X 全窗基线 · 不参与实体赏罚,8395425,840,A168_HF9F_20260827_0900,2026-08-27 09:00:00
2026-06-09,150107794,2160,0,2.0771451717,-2.0771451717,-2.0771451717,0E-7,1,1,0.50665070000000000,0.506650700000,-1.013391052207602,-1.013391052207602,-1.013391052207602,0E-17,ELIGIBLE,R03b_20260811_FULL_v1,L1_ELIGIBILITY,v2026-08-11,2026-03-21..2026-08-06,baccarat_bet02_101_all_pairs_incl_sentinel,round_win = game_pnl > 0 (decisive only),COMPATIBILITY_ONLY_NOT_PRODUCTION,39187.2093,35396.6747,483.0410,8363,6242,-0.01232650,-0.05216444,-0.01154840,-0.01232650,-483.0410,39187.2093,OK,0.0000,19.3216,4.0000,96.0000,AG03-UNRESOLVED,ALL5_LEVELS_bet23_to_bet27,19.3216,19.3216,19.3216,0.0000,0.0000,4.000000,4.000000,4.000000,0.000000,0.000000,96.000000,96.000000,96.000000,100.000000,100.000000,5.0,57.9649,55.6772,425.0761,427.3638,PENDING_AG03,FALSE,NOT_FOR_ENFORCEMENT,463.7194,33980.8077,483.0410,463.7194,19.3216,0.01232650,0.01183344,19.3216,463.7194,0.01183344,19.3216,19.3216,19.3216,0.0000,0.0000,463.7194,0.01183344,57.9649,55.6772,425.0761,427.3638,0.01084732,0.0109057,0.00049306,4.6858,5.6707,0.0774,15.5820,0.2688,1264.1035,201.3548,4.5499,4.6885,2.0771,4.1543,6.1317,8.4025,10.5031,18.5864,3.9466,-2.0771,2.528253,4.474023,1.127938,29,192,48,6,0.01915741,0.01232650,0.05216444,0E-8,0.000000,0.903271,0.017936,-0.04061604,2026-05-16,2026-07-20,31,1797,733,66,0.469697,0.970424,0.970991,0.063858,,,,,,,,GLOBAL_BASELINE_NO_ENTITY_RANKING,,,NOT_APPLICABLE_GLOBAL_BASELINE,HF9g-P5,,,,X 全窗基线 · 不参与实体赏罚,8395426,840,A168_HF9F_20260827_0900,2026-08-27 09:00:00
2026-06-09,150107794,2174,0,4.5697193777,-4.5697193777,-4.5697193777,0E-7,1,1,0.50665070000000000,0.506650700000,-1.013391052207602,-1.013391052207602,-1.013391052207602,0E-17,ELIGIBLE,R03b_20260811_FULL_v1,L1_ELIGIBILITY,v2026-08-11,2026-03-21..2026-08-06,baccarat_bet02_101_all_pairs_incl_sentinel,round_win = game_pnl > 0 (decisive only),COMPATIBILITY_ONLY_NOT_PRODUCTION,39187.2093,35396.6747,483.0410,8363,6242,-0.01232650,-0.05216444,-0.01154840,-0.01232650,-483.0410,39187.2093,OK,0.0000,19.3216,4.0000,96.0000,AG03-UNRESOLVED,ALL5_LEVELS_bet23_to_bet27,19.3216,19.3216,19.3216,0.0000,0.0000,4.000000,4.000000,4.000000,0.000000,0.000000,96.000000,96.000000,96.000000,100.000000,100.000000,5.0,57.9649,55.6772,425.0761,427.3638,PENDING_AG03,FALSE,NOT_FOR_ENFORCEMENT,463.7194,33980.8077,483.0410,463.7194,19.3216,0.01232650,0.01183344,19.3216,463.7194,0.01183344,19.3216,19.3216,19.3216,0.0000,0.0000,463.7194,0.01183344,57.9649,55.6772,425.0761,427.3638,0.01084732,0.0109057,0.00049306,4.6858,5.6707,0.0774,15.5820,0.2688,1264.1035,201.3548,4.5499,4.6885,2.0771,4.1543,6.1317,8.4025,10.5031,18.5864,3.9466,-2.0771,2.528253,4.474023,1.127938,29,192,48,6,0.01915741,0.01232650,0.05216444,0E-8,0.000000,0.903271,0.017936,-0.04061604,2026-05-16,2026-07-20,31,1797,733,66,0.469697,0.970424,0.970991,0.063858,,,,,,,,GLOBAL_BASELINE_NO_ENTITY_RANKING,,,NOT_APPLICABLE_GLOBAL_BASELINE,HF9g-P5,,,,X 全窗基线 · 不参与实体赏罚,8395427,840,A168_HF9F_20260827_0900,2026-08-27 09:00:00
2026-06-09,150107794,2224,0,4.1542903434,-4.1542903434,-4.1542903434,0E-7,1,1,0.49324550000000000,0.493245500000,-0.9865810262130424,-0.9865810262130424,-0.9865810262130424,0E-17,ELIGIBLE,R03b_20260811_FULL_v1,L1_ELIGIBILITY,v2026-08-11,2026-03-21..2026-08-06,baccarat_bet02_101_all_pairs_incl_sentinel,round_win = game_pnl > 0 (decisive only),COMPATIBILITY_ONLY_NOT_PRODUCTION,39187.2093,35396.6747,483.0410,8363,6242,-0.01232650,-0.05216444,-0.01154840,-0.01232650,-483.0410,39187.2093,OK,0.0000,19.3216,4.0000,96.0000,AG03-UNRESOLVED,ALL5_LEVELS_bet23_to_bet27,19.3216,19.3216,19.3216,0.0000,0.0000,4.000000,4.000000,4.000000,0.000000,0.000000,96.000000,96.000000,96.000000,100.000000,100.000000,5.0,57.9649,55.6772,425.0761,427.3638,PENDING_AG03,FALSE,NOT_FOR_ENFORCEMENT,463.7194,33980.8077,483.0410,463.7194,19.3216,0.01232650,0.01183344,19.3216,463.7194,0.01183344,19.3216,19.3216,19.3216,0.0000,0.0000,463.7194,0.01183344,57.9649,55.6772,425.0761,427.3638,0.01084732,0.0109057,0.00049306,4.6858,5.6707,0.0774,15.5820,0.2688,1264.1035,201.3548,4.5499,4.6885,2.0771,4.1543,6.1317,8.4025,10.5031,18.5864,3.9466,-2.0771,2.528253,4.474023,1.127938,29,192,48,6,0.01915741,0.01232650,0.05216444,0E-8,0.000000,0.903271,0.017936,-0.04061604,2026-05-16,2026-07-20,31,1797,733,66,0.469697,0.970424,0.970991,0.063858,,,,,,,,GLOBAL_BASELINE_NO_ENTITY_RANKING,,,NOT_APPLICABLE_GLOBAL_BASELINE,HF9g-P5,,,,X 全窗基线 · 不参与实体赏罚,8395428,840,A168_HF9F_20260827_0900,2026-08-27 09:00:00
2026-06-09,150107794,2278,0,8.3085806867,-8.3085806867,-8.3085806867,0E-7,2,1,0.40363872499876017,0.300626750000,-0.8227003755285349,-0.655630731788307,-0.8227003755285349,0.10301197499876017,ELIGIBLE,R03b_20260811_FULL_v1,L1_ELIGIBILITY,v2026-08-11,2026-03-21..2026-08-06,baccarat_bet02_101_all_pairs_incl_sentinel,round_win = game_pnl > 0 (decisive only),COMPATIBILITY_ONLY_NOT_PRODUCTION,39187.2093,35396.6747,483.0410,8363,6242,-0.01232650,-0.05216444,-0.01154840,-0.01232650,-483.0410,39187.2093,OK,0.0000,19.3216,4.0000,96.0000,AG03-UNRESOLVED,ALL5_LEVELS_bet23_to_bet27,19.3216,19.3216,19.3216,0.0000,0.0000,4.000000,4.000000,4.000000,0.000000,0.000000,96.000000,96.000000,96.000000,100.000000,100.000000,5.0,57.9649,55.6772,425.0761,427.3638,PENDING_AG03,FALSE,NOT_FOR_ENFORCEMENT,463.7194,33980.8077,483.0410,463.7194,19.3216,0.01232650,0.01183344,19.3216,463.7194,0.01183344,19.3216,19.3216,19.3216,0.0000,0.0000,463.7194,0.01183344,57.9649,55.6772,425.0761,427.3638,0.01084732,0.0109057,0.00049306,4.6858,5.6707,0.0774,15.5820,0.2688,1264.1035,201.3548,4.5499,4.6885,2.0771,4.1543,6.1317,8.4025,10.5031,18.5864,3.9466,-2.0771,2.528253,4.474023,1.127938,29,192,48,6,0.01915741,0.01232650,0.05216444,0E-8,0.000000,0.903271,0.017936,-0.04061604,2026-05-16,2026-07-20,31,1797,733,66,0.469697,0.970424,0.970991,0.063858,,,,,,,,GLOBAL_BASELINE_NO_ENTITY_RANKING,,,NOT_APPLICABLE_GLOBAL_BASELINE,HF9g-P5,,,,X 全窗基线 · 不参与实体赏罚,8395429,840,A168_HF9F_20260827_0900,2026-08-27 09:00:00
2026-06-09,150107794,526,0,4.1542903434,0E-10,0E-10,0.5000000,2,2,0.49994810000000000,0.499948100000,0.00014679536856514622,0.00014679536856514622,0.00014679536856514622,0E-17,ELIGIBLE,R03b_20260811_FULL_v1,L1_ELIGIBILITY,v2026-08-11,2026-03-21..2026-08-06,baccarat_bet02_101_all_pairs_incl_sentinel,round_win = game_pnl > 0 (decisive only),COMPATIBILITY_ONLY_NOT_PRODUCTION,39187.2093,35396.6747,483.0410,8363,6242,-0.01232650,-0.05216444,-0.01154840,-0.01232650,-483.0410,39187.2093,OK,0.0000,19.3216,4.0000,96.0000,AG03-UNRESOLVED,ALL5_LEVELS_bet23_to_bet27,19.3216,19.3216,19.3216,0.0000,0.0000,4.000000,4.000000,4.000000,0.000000,0.000000,96.000000,96.000000,96.000000,100.000000,100.000000,5.0,57.9649,55.6772,425.0761,427.3638,PENDING_AG03,FALSE,NOT_FOR_ENFORCEMENT,463.7194,33980.8077,483.0410,463.7194,19.3216,0.01232650,0.01183344,19.3216,463.7194,0.01183344,19.3216,19.3216,19.3216,0.0000,0.0000,463.7194,0.01183344,57.9649,55.6772,425.0761,427.3638,0.01084732,0.0109057,0.00049306,4.6858,5.6707,0.0774,15.5820,0.2688,1264.1035,201.3548,4.5499,4.6885,2.0771,4.1543,6.1317,8.4025,10.5031,18.5864,3.9466,-2.0771,2.528253,4.474023,1.127938,29,192,48,6,0.01915741,0.01232650,0.05216444,0E-8,0.000000,0.903271,0.017936,-0.04061604,2026-05-16,2026-07-20,31,1797,733,66,0.469697,0.970424,0.970991,0.063858,,,,,,,,GLOBAL_BASELINE_NO_ENTITY_RANKING,,,NOT_APPLICABLE_GLOBAL_BASELINE,HF9g-P5,,,,X 全窗基线 · 不参与实体赏罚,8395430,840,A168_HF9F_20260827_0900,2026-08-27 09:00:00
2026-06-10,150107794,-1,1,429.3459069873,-57.5369212564,-57.5369212564,0.5000000,109,84,0.46664187136643829,0.441961835714,0.5905377549945694,1.0321353051596973,0.5905377549945694,0.02468003565243829,SENTINEL_DEALER,R03b_20260811_FULL_v1,L1_ELIGIBILITY,v2026-08-11,2026-03-21..2026-08-06,baccarat_bet02_101_all_pairs_incl_sentinel,round_win = game_pnl > 0 (decisive only),COMPATIBILITY_ONLY_NOT_PRODUCTION,39187.2093,35396.6747,483.0410,8363,6242,-0.01232650,-0.05216444,-0.01154840,-0.01232650,-483.0410,39187.2093,OK,0.0000,19.3216,4.0000,96.0000,AG03-UNRESOLVED,ALL5_LEVELS_bet23_to_bet27,19.3216,19.3216,19.3216,0.0000,0.0000,4.000000,4.000000,4.000000,0.000000,0.000000,96.000000,96.000000,96.000000,100.000000,100.000000,5.0,57.9649,55.6772,425.0761,427.3638,PENDING_AG03,FALSE,NOT_FOR_ENFORCEMENT,463.7194,33980.8077,483.0410,463.7194,19.3216,0.01232650,0.01183344,19.3216,463.7194,0.01183344,19.3216,19.3216,19.3216,0.0000,0.0000,463.7194,0.01183344,57.9649,55.6772,425.0761,427.3638,0.01084732,0.0109057,0.00049306,4.6858,5.6707,0.0774,15.5820,0.2688,1264.1035,201.3548,4.5499,4.6885,2.0771,4.1543,6.1317,8.4025,10.5031,18.5864,3.9466,-2.0771,2.528253,4.474023,1.127938,29,192,48,6,0.01915741,0.01232650,0.05216444,0E-8,0.000000,0.903271,0.017936,-0.04061604,2026-05-16,2026-07-20,31,1797,733,66,0.469697,0.970424,0.970991,0.063858,,,,,,,,GLOBAL_BASELINE_NO_ENTITY_RANKING,,,NOT_APPLICABLE_GLOBAL_BASELINE,HF9g-P5,,,,X 全窗基线 · 不参与实体赏罚,8395431,840,A168_HF9F_20260827_0900,2026-08-27 09:00:00
2026-06-10,150107794,1004,0,7.2700081009,1.0385725859,1.0385725859,0.5000000,2,2,0.49994810000000000,0.499948100000,0.00014679536856514622,0.00014679536856514622,0.00014679536856514622,0E-17,ELIGIBLE,R03b_20260811_FULL_v1,L1_ELIGIBILITY,v2026-08-11,2026-03-21..2026-08-06,baccarat_bet02_101_all_pairs_incl_sentinel,round_win = game_pnl > 0 (decisive only),COMPATIBILITY_ONLY_NOT_PRODUCTION,39187.2093,35396.6747,483.0410,8363,6242,-0.01232650,-0.05216444,-0.01154840,-0.01232650,-483.0410,39187.2093,OK,0.0000,19.3216,4.0000,96.0000,AG03-UNRESOLVED,ALL5_LEVELS_bet23_to_bet27,19.3216,19.3216,19.3216,0.0000,0.0000,4.000000,4.000000,4.000000,0.000000,0.000000,96.000000,96.000000,96.000000,100.000000,100.000000,5.0,57.9649,55.6772,425.0761,427.3638,PENDING_AG03,FALSE,NOT_FOR_ENFORCEMENT,463.7194,33980.8077,483.0410,463.7194,19.3216,0.01232650,0.01183344,19.3216,463.7194,0.01183344,19.3216,19.3216,19.3216,0.0000,0.0000,463.7194,0.01183344,57.9649,55.6772,425.0761,427.3638,0.01084732,0.0109057,0.00049306,4.6858,5.6707,0.0774,15.5820,0.2688,1264.1035,201.3548,4.5499,4.6885,2.0771,4.1543,6.1317,8.4025,10.5031,18.5864,3.9466,-2.0771,2.528253,4.474023,1.127938,29,192,48,6,0.01915741,0.01232650,0.05216444,0E-8,0.000000,0.903271,0.017936,-0.04061604,2026-05-16,2026-07-20,31,1797,733,66,0.469697,0.970424,0.970991,0.063858,,,,,,,,GLOBAL_BASELINE_NO_ENTITY_RANKING,,,NOT_APPLICABLE_GLOBAL_BASELINE,HF9g-P5,,,,X 全窗基线 · 不参与实体赏罚,8395432,840,A168_HF9F_20260827_0900,2026-08-27 09:00:00
2026-06-10,150107794,1094,0,4.1542903434,-4.1542903434,-4.1542903434,0E-7,1,1,0.50665070000000000,0.506650700000,-1.013391052207602,-1.013391052207602,-1.013391052207602,0E-17,ELIGIBLE,R03b_20260811_FULL_v1,L1_ELIGIBILITY,v2026-08-11,2026-03-21..2026-08-06,baccarat_bet02_101_all_pairs_incl_sentinel,round_win = game_pnl > 0 (decisive only),COMPATIBILITY_ONLY_NOT_PRODUCTION,39187.2093,35396.6747,483.0410,8363,6242,-0.01232650,-0.05216444,-0.01154840,-0.01232650,-483.0410,39187.2093,OK,0.0000,19.3216,4.0000,96.0000,AG03-UNRESOLVED,ALL5_LEVELS_bet23_to_bet27,19.3216,19.3216,19.3216,0.0000,0.0000,4.000000,4.000000,4.000000,0.000000,0.000000,96.000000,96.000000,96.000000,100.000000,100.000000,5.0,57.9649,55.6772,425.0761,427.3638,PENDING_AG03,FALSE,NOT_FOR_ENFORCEMENT,463.7194,33980.8077,483.0410,463.7194,19.3216,0.01232650,0.01183344,19.3216,463.7194,0.01183344,19.3216,19.3216,19.3216,0.0000,0.0000,463.7194,0.01183344,57.9649,55.6772,425.0761,427.3638,0.01084732,0.0109057,0.00049306,4.6858,5.6707,0.0774,15.5820,0.2688,1264.1035,201.3548,4.5499,4.6885,2.0771,4.1543,6.1317,8.4025,10.5031,18.5864,3.9466,-2.0771,2.528253,4.474023,1.127938,29,192,48,6,0.01915741,0.01232650,0.05216444,0E-8,0.000000,0.903271,0.017936,-0.04061604,2026-05-16,2026-07-20,31,1797,733,66,0.469697,0.970424,0.970991,0.063858,,,,,,,,GLOBAL_BASELINE_NO_ENTITY_RANKING,,,NOT_APPLICABLE_GLOBAL_BASELINE,HF9g-P5,,,,X 全窗基线 · 不参与实体赏罚,8395433,840,A168_HF9F_20260827_0900,2026-08-27 09:00:00
2026-06-10,150107794,1151,0,10.3857258584,2.0771451716,2.0771451716,0.6666667,3,3,0.49324550000000000,0.493245500000,0.6008033672792107,0.6008033672792106,0.6008033672792107,0E-17,ELIGIBLE,R03b_20260811_FULL_v1,L1_ELIGIBILITY,v2026-08-11,2026-03-21..2026-08-06,baccarat_bet02_101_all_pairs_incl_sentinel,round_win = game_pnl > 0 (decisive only),COMPATIBILITY_ONLY_NOT_PRODUCTION,39187.2093,35396.6747,483.0410,8363,6242,-0.01232650,-0.05216444,-0.01154840,-0.01232650,-483.0410,39187.2093,OK,0.0000,19.3216,4.0000,96.0000,AG03-UNRESOLVED,ALL5_LEVELS_bet23_to_bet27,19.3216,19.3216,19.3216,0.0000,0.0000,4.000000,4.000000,4.000000,0.000000,0.000000,96.000000,96.000000,96.000000,100.000000,100.000000,5.0,57.9649,55.6772,425.0761,427.3638,PENDING_AG03,FALSE,NOT_FOR_ENFORCEMENT,463.7194,33980.8077,483.0410,463.7194,19.3216,0.01232650,0.01183344,19.3216,463.7194,0.01183344,19.3216,19.3216,19.3216,0.0000,0.0000,463.7194,0.01183344,57.9649,55.6772,425.0761,427.3638,0.01084732,0.0109057,0.00049306,4.6858,5.6707,0.0774,15.5820,0.2688,1264.1035,201.3548,4.5499,4.6885,2.0771,4.1543,6.1317,8.4025,10.5031,18.5864,3.9466,-2.0771,2.528253,4.474023,1.127938,29,192,48,6,0.01915741,0.01232650,0.05216444,0E-8,0.000000,0.903271,0.017936,-0.04061604,2026-05-16,2026-07-20,31,1797,733,66,0.469697,0.970424,0.970991,0.063858,,,,,,,,GLOBAL_BASELINE_NO_ENTITY_RANKING,,,NOT_APPLICABLE_GLOBAL_BASELINE,HF9g-P5,,,,X 全窗基线 · 不参与实体赏罚,8395434,840,A168_HF9F_20260827_0900,2026-08-27 09:00:00
2026-06-10,150107794,1220,0,18.6943065451,2.0771451717,2.0771451717,0.6000000,5,5,0.49592654000000000,0.495926540000,0.46544610904919037,0.46544610904919037,0.46544610904919037,0E-17,ELIGIBLE,R03b_20260811_FULL_v1,L1_ELIGIBILITY,v2026-08-11,2026-03-21..2026-08-06,baccarat_bet02_101_all_pairs_incl_sentinel,round_win = game_pnl > 0 (decisive only),COMPATIBILITY_ONLY_NOT_PRODUCTION,39187.2093,35396.6747,483.0410,8363,6242,-0.01232650,-0.05216444,-0.01154840,-0.01232650,-483.0410,39187.2093,OK,0.0000,19.3216,4.0000,96.0000,AG03-UNRESOLVED,ALL5_LEVELS_bet23_to_bet27,19.3216,19.3216,19.3216,0.0000,0.0000,4.000000,4.000000,4.000000,0.000000,0.000000,96.000000,96.000000,96.000000,100.000000,100.000000,5.0,57.9649,55.6772,425.0761,427.3638,PENDING_AG03,FALSE,NOT_FOR_ENFORCEMENT,463.7194,33980.8077,483.0410,463.7194,19.3216,0.01232650,0.01183344,19.3216,463.7194,0.01183344,19.3216,19.3216,19.3216,0.0000,0.0000,463.7194,0.01183344,57.9649,55.6772,425.0761,427.3638,0.01084732,0.0109057,0.00049306,4.6858,5.6707,0.0774,15.5820,0.2688,1264.1035,201.3548,4.5499,4.6885,2.0771,4.1543,6.1317,8.4025,10.5031,18.5864,3.9466,-2.0771,2.528253,4.474023,1.127938,29,192,48,6,0.01915741,0.01232650,0.05216444,0E-8,0.000000,0.903271,0.017936,-0.04061604,2026-05-16,2026-07-20,31,1797,733,66,0.469697,0.970424,0.970991,0.063858,,,,,,,,GLOBAL_BASELINE_NO_ENTITY_RANKING,,,NOT_APPLICABLE_GLOBAL_BASELINE,HF9g-P5,,,,X 全窗基线 · 不参与实体赏罚,8395435,840,A168_HF9F_20260827_0900,2026-08-27 09:00:00
2026-06-10,150107794,1306,0,24.9257420601,24.9257420601,24.9257420601,0.6666667,6,3,0.40028742499877362,0.298392550000,0.9416802335429143,1.3940897689140268,0.9416802335429143,0.10189487499877362,ELIGIBLE,R03b_20260811_FULL_v1,L1_ELIGIBILITY,v2026-08-11,2026-03-21..2026-08-06,baccarat_bet02_101_all_pairs_incl_sentinel,round_win = game_pnl > 0 (decisive only),COMPATIBILITY_ONLY_NOT_PRODUCTION,39187.2093,35396.6747,483.0410,8363,6242,-0.01232650,-0.05216444,-0.01154840,-0.01232650,-483.0410,39187.2093,OK,0.0000,19.3216,4.0000,96.0000,AG03-UNRESOLVED,ALL5_LEVELS_bet23_to_bet27,19.3216,19.3216,19.3216,0.0000,0.0000,4.000000,4.000000,4.000000,0.000000,0.000000,96.000000,96.000000,96.000000,100.000000,100.000000,5.0,57.9649,55.6772,425.0761,427.3638,PENDING_AG03,FALSE,NOT_FOR_ENFORCEMENT,463.7194,33980.8077,483.0410,463.7194,19.3216,0.01232650,0.01183344,19.3216,463.7194,0.01183344,19.3216,19.3216,19.3216,0.0000,0.0000,463.7194,0.01183344,57.9649,55.6772,425.0761,427.3638,0.01084732,0.0109057,0.00049306,4.6858,5.6707,0.0774,15.5820,0.2688,1264.1035,201.3548,4.5499,4.6885,2.0771,4.1543,6.1317,8.4025,10.5031,18.5864,3.9466,-2.0771,2.528253,4.474023,1.127938,29,192,48,6,0.01915741,0.01232650,0.05216444,0E-8,0.000000,0.903271,0.017936,-0.04061604,2026-05-16,2026-07-20,31,1797,733,66,0.469697,0.970424,0.970991,0.063858,,,,,,,,GLOBAL_BASELINE_NO_ENTITY_RANKING,,,NOT_APPLICABLE_GLOBAL_BASELINE,HF9g-P5,,,,X 全窗基线 · 不参与实体赏罚,8395436,840,A168_HF9F_20260827_0900,2026-08-27 09:00:00
2026-06-10,150107794,1307,0,34.8960388842,-2.8976175144,-2.8976175144,0.5000000,8,6,0.46567695384608864,0.435741850000,0.16854548519242854,0.3174316937471686,0.16854548519242854,0.02993510384608864,ELIGIBLE,R03b_20260811_FULL_v1,L1_ELIGIBILITY,v2026-08-11,2026-03-21..2026-08-06,baccarat_bet02_101_all_pairs_incl_sentinel,round_win = game_pnl > 0 (decisive only),COMPATIBILITY_ONLY_NOT_PRODUCTION,39187.2093,35396.6747,483.0410,8363,6242,-0.01232650,-0.05216444,-0.01154840,-0.01232650,-483.0410,39187.2093,OK,0.0000,19.3216,4.0000,96.0000,AG03-UNRESOLVED,ALL5_LEVELS_bet23_to_bet27,19.3216,19.3216,19.3216,0.0000,0.0000,4.000000,4.000000,4.000000,0.000000,0.000000,96.000000,96.000000,96.000000,100.000000,100.000000,5.0,57.9649,55.6772,425.0761,427.3638,PENDING_AG03,FALSE,NOT_FOR_ENFORCEMENT,463.7194,33980.8077,483.0410,463.7194,19.3216,0.01232650,0.01183344,19.3216,463.7194,0.01183344,19.3216,19.3216,19.3216,0.0000,0.0000,463.7194,0.01183344,57.9649,55.6772,425.0761,427.3638,0.01084732,0.0109057,0.00049306,4.6858,5.6707,0.0774,15.5820,0.2688,1264.1035,201.3548,4.5499,4.6885,2.0771,4.1543,6.1317,8.4025,10.5031,18.5864,3.9466,-2.0771,2.528253,4.474023,1.127938,29,192,48,6,0.01915741,0.01232650,0.05216444,0E-8,0.000000,0.903271,0.017936,-0.04061604,2026-05-16,2026-07-20,31,1797,733,66,0.469697,0.970424,0.970991,0.063858,,,,,,,,GLOBAL_BASELINE_NO_ENTITY_RANKING,,,NOT_APPLICABLE_GLOBAL_BASELINE,HF9g-P5,,,,X 全窗基线 · 不参与实体赏罚,8395437,840,A168_HF9F_20260827_0900,2026-08-27 09:00:00
2026-06-10,150107794,1318,0,35.3114679187,-6.2314355151,-6.2314355151,0.6000000,9,5,0.40820172399969293,0.333788420000,0.8725803650538039,1.2623222104865992,0.8725803650538039,0.07441330399969293,ELIGIBLE,R03b_20260811_FULL_v1,L1_ELIGIBILITY,v2026-08-11,2026-03-21..2026-08-06,baccarat_bet02_101_all_pairs_incl_sentinel,round_win = game_pnl > 0 (decisive only),COMPATIBILITY_ONLY_NOT_PRODUCTION,39187.2093,35396.6747,483.0410,8363,6242,-0.01232650,-0.05216444,-0.01154840,-0.01232650,-483.0410,39187.2093,OK,0.0000,19.3216,4.0000,96.0000,AG03-UNRESOLVED,ALL5_LEVELS_bet23_to_bet27,19.3216,19.3216,19.3216,0.0000,0.0000,4.000000,4.000000,4.000000,0.000000,0.000000,96.000000,96.000000,96.000000,100.000000,100.000000,5.0,57.9649,55.6772,425.0761,427.3638,PENDING_AG03,FALSE,NOT_FOR_ENFORCEMENT,463.7194,33980.8077,483.0410,463.7194,19.3216,0.01232650,0.01183344,19.3216,463.7194,0.01183344,19.3216,19.3216,19.3216,0.0000,0.0000,463.7194,0.01183344,57.9649,55.6772,425.0761,427.3638,0.01084732,0.0109057,0.00049306,4.6858,5.6707,0.0774,15.5820,0.2688,1264.1035,201.3548,4.5499,4.6885,2.0771,4.1543,6.1317,8.4025,10.5031,18.5864,3.9466,-2.0771,2.528253,4.474023,1.127938,29,192,48,6,0.01915741,0.01232650,0.05216444,0E-8,0.000000,0.903271,0.017936,-0.04061604,2026-05-16,2026-07-20,31,1797,733,66,0.469697,0.970424,0.970991,0.063858,,,,,,,,GLOBAL_BASELINE_NO_ENTITY_RANKING,,,NOT_APPLICABLE_GLOBAL_BASELINE,HF9g-P5,,,,X 全窗基线 · 不参与实体赏罚,8395438,840,A168_HF9F_20260827_0900,2026-08-27 09:00:00
2026-06-10,150107794,1325,0,3.1157177575,3.1157177575,3.1157177575,1.0000000,1,1,0.49324550000000000,0.493245500000,1.01360149184955,1.01360149184955,1.01360149184955,0E-17,ELIGIBLE,R03b_20260811_FULL_v1,L1_ELIGIBILITY,v2026-08-11,2026-03-21..2026-08-06,baccarat_bet02_101_all_pairs_incl_sentinel,round_win = game_pnl > 0 (decisive only),COMPATIBILITY_ONLY_NOT_PRODUCTION,39187.2093,35396.6747,483.0410,8363,6242,-0.01232650,-0.05216444,-0.01154840,-0.01232650,-483.0410,39187.2093,OK,0.0000,19.3216,4.0000,96.0000,AG03-UNRESOLVED,ALL5_LEVELS_bet23_to_bet27,19.3216,19.3216,19.3216,0.0000,0.0000,4.000000,4.000000,4.000000,0.000000,0.000000,96.000000,96.000000,96.000000,100.000000,100.000000,5.0,57.9649,55.6772,425.0761,427.3638,PENDING_AG03,FALSE,NOT_FOR_ENFORCEMENT,463.7194,33980.8077,483.0410,463.7194,19.3216,0.01232650,0.01183344,19.3216,463.7194,0.01183344,19.3216,19.3216,19.3216,0.0000,0.0000,463.7194,0.01183344,57.9649,55.6772,425.0761,427.3638,0.01084732,0.0109057,0.00049306,4.6858,5.6707,0.0774,15.5820,0.2688,1264.1035,201.3548,4.5499,4.6885,2.0771,4.1543,6.1317,8.4025,10.5031,18.5864,3.9466,-2.0771,2.528253,4.474023,1.127938,29,192,48,6,0.01915741,0.01232650,0.05216444,0E-8,0.000000,0.903271,0.017936,-0.04061604,2026-05-16,2026-07-20,31,1797,733,66,0.469697,0.970424,0.970991,0.063858,,,,,,,,GLOBAL_BASELINE_NO_ENTITY_RANKING,,,NOT_APPLICABLE_GLOBAL_BASELINE,HF9g-P5,,,,X 全窗基线 · 不参与实体赏罚,8395439,840,A168_HF9F_20260827_0900,2026-08-27 09:00:00
2026-06-10,150107794,1331,0,16.6171613734,-4.1542903434,-4.1542903434,0.5000000,4,2,0.39861177499878034,0.297275450000,0.29285321470559655,0.6272624026875385,0.29285321470559655,0.10133632499878034,ELIGIBLE,R03b_20260811_FULL_v1,L1_ELIGIBILITY,v2026-08-11,2026-03-21..2026-08-06,baccarat_bet02_101_all_pairs_incl_sentinel,round_win = game_pnl > 0 (decisive only),COMPATIBILITY_ONLY_NOT_PRODUCTION,39187.2093,35396.6747,483.0410,8363,6242,-0.01232650,-0.05216444,-0.01154840,-0.01232650,-483.0410,39187.2093,OK,0.0000,19.3216,4.0000,96.0000,AG03-UNRESOLVED,ALL5_LEVELS_bet23_to_bet27,19.3216,19.3216,19.3216,0.0000,0.0000,4.000000,4.000000,4.000000,0.000000,0.000000,96.000000,96.000000,96.000000,100.000000,100.000000,5.0,57.9649,55.6772,425.0761,427.3638,PENDING_AG03,FALSE,NOT_FOR_ENFORCEMENT,463.7194,33980.8077,483.0410,463.7194,19.3216,0.01232650,0.01183344,19.3216,463.7194,0.01183344,19.3216,19.3216,19.3216,0.0000,0.0000,463.7194,0.01183344,57.9649,55.6772,425.0761,427.3638,0.01084732,0.0109057,0.00049306,4.6858,5.6707,0.0774,15.5820,0.2688,1264.1035,201.3548,4.5499,4.6885,2.0771,4.1543,6.1317,8.4025,10.5031,18.5864,3.9466,-2.0771,2.528253,4.474023,1.127938,29,192,48,6,0.01915741,0.01232650,0.05216444,0E-8,0.000000,0.903271,0.017936,-0.04061604,2026-05-16,2026-07-20,31,1797,733,66,0.469697,0.970424,0.970991,0.063858,,,,,,,,GLOBAL_BASELINE_NO_ENTITY_RANKING,,,NOT_APPLICABLE_GLOBAL_BASELINE,HF9g-P5,,,,X 全窗基线 · 不参与实体赏罚,8395440,840,A168_HF9F_20260827_0900,2026-08-27 09:00:00
2026-06-10,150107794,1485,0,25.3411710945,15.3708742704,15.3708742704,0.7500000,4,4,0.49659680000000000,0.496596800000,1.0136362796769356,1.0136362796769358,1.0136362796769356,0E-17,ELIGIBLE,R03b_20260811_FULL_v1,L1_ELIGIBILITY,v2026-08-11,2026-03-21..2026-08-06,baccarat_bet02_101_all_pairs_incl_sentinel,round_win = game_pnl > 0 (decisive only),COMPATIBILITY_ONLY_NOT_PRODUCTION,39187.2093,35396.6747,483.0410,8363,6242,-0.01232650,-0.05216444,-0.01154840,-0.01232650,-483.0410,39187.2093,OK,0.0000,19.3216,4.0000,96.0000,AG03-UNRESOLVED,ALL5_LEVELS_bet23_to_bet27,19.3216,19.3216,19.3216,0.0000,0.0000,4.000000,4.000000,4.000000,0.000000,0.000000,96.000000,96.000000,96.000000,100.000000,100.000000,5.0,57.9649,55.6772,425.0761,427.3638,PENDING_AG03,FALSE,NOT_FOR_ENFORCEMENT,463.7194,33980.8077,483.0410,463.7194,19.3216,0.01232650,0.01183344,19.3216,463.7194,0.01183344,19.3216,19.3216,19.3216,0.0000,0.0000,463.7194,0.01183344,57.9649,55.6772,425.0761,427.3638,0.01084732,0.0109057,0.00049306,4.6858,5.6707,0.0774,15.5820,0.2688,1264.1035,201.3548,4.5499,4.6885,2.0771,4.1543,6.1317,8.4025,10.5031,18.5864,3.9466,-2.0771,2.528253,4.474023,1.127938,29,192,48,6,0.01915741,0.01232650,0.05216444,0E-8,0.000000,0.903271,0.017936,-0.04061604,2026-05-16,2026-07-20,31,1797,733,66,0.469697,0.970424,0.970991,0.063858,,,,,,,,GLOBAL_BASELINE_NO_ENTITY_RANKING,,,NOT_APPLICABLE_GLOBAL_BASELINE,HF9g-P5,,,,X 全窗基线 · 不参与实体赏罚,8395441,840,A168_HF9F_20260827_0900,2026-08-27 09:00:00
2026-06-10,150107794,1507,0,15.3708742705,-7.2700081009,-7.2700081009,0.3333333,4,3,0.46086760000000000,0.437976050000,-0.4431509777567774,-0.36531460949221706,-0.4431509777567774,0.02289155000000000,ELIGIBLE,R03b_20260811_FULL_v1,L1_ELIGIBILITY,v2026-08-11,2026-03-21..2026-08-06,baccarat_bet02_101_all_pairs_incl_sentinel,round_win = game_pnl > 0 (decisive only),COMPATIBILITY_ONLY_NOT_PRODUCTION,39187.2093,35396.6747,483.0410,8363,6242,-0.01232650,-0.05216444,-0.01154840,-0.01232650,-483.0410,39187.2093,OK,0.0000,19.3216,4.0000,96.0000,AG03-UNRESOLVED,ALL5_LEVELS_bet23_to_bet27,19.3216,19.3216,19.3216,0.0000,0.0000,4.000000,4.000000,4.000000,0.000000,0.000000,96.000000,96.000000,96.000000,100.000000,100.000000,5.0,57.9649,55.6772,425.0761,427.3638,PENDING_AG03,FALSE,NOT_FOR_ENFORCEMENT,463.7194,33980.8077,483.0410,463.7194,19.3216,0.01232650,0.01183344,19.3216,463.7194,0.01183344,19.3216,19.3216,19.3216,0.0000,0.0000,463.7194,0.01183344,57.9649,55.6772,425.0761,427.3638,0.01084732,0.0109057,0.00049306,4.6858,5.6707,0.0774,15.5820,0.2688,1264.1035,201.3548,4.5499,4.6885,2.0771,4.1543,6.1317,8.4025,10.5031,18.5864,3.9466,-2.0771,2.528253,4.474023,1.127938,29,192,48,6,0.01915741,0.01232650,0.05216444,0E-8,0.000000,0.903271,0.017936,-0.04061604,2026-05-16,2026-07-20,31,1797,733,66,0.469697,0.970424,0.970991,0.063858,,,,,,,,GLOBAL_BASELINE_NO_ENTITY_RANKING,,,NOT_APPLICABLE_GLOBAL_BASELINE,HF9g-P5,,,,X 全窗基线 · 不参与实体赏罚,8395442,840,A168_HF9F_20260827_0900,2026-08-27 09:00:00
2026-06-10,150107794,1623,0,18.6943065453,-6.2314355151,-6.2314355151,0.2500000,6,5,0.46845668000000000,0.454721750000,-0.8755708097702015,-0.8222654258996276,-0.8755708097702015,0.01373493000000000,ELIGIBLE,R03b_20260811_FULL_v1,L1_ELIGIBILITY,v2026-08-11,2026-03-21..2026-08-06,baccarat_bet02_101_all_pairs_incl_sentinel,round_win = game_pnl > 0 (decisive only),COMPATIBILITY_ONLY_NOT_PRODUCTION,39187.2093,35396.6747,483.0410,8363,6242,-0.01232650,-0.05216444,-0.01154840,-0.01232650,-483.0410,39187.2093,OK,0.0000,19.3216,4.0000,96.0000,AG03-UNRESOLVED,ALL5_LEVELS_bet23_to_bet27,19.3216,19.3216,19.3216,0.0000,0.0000,4.000000,4.000000,4.000000,0.000000,0.000000,96.000000,96.000000,96.000000,100.000000,100.000000,5.0,57.9649,55.6772,425.0761,427.3638,PENDING_AG03,FALSE,NOT_FOR_ENFORCEMENT,463.7194,33980.8077,483.0410,463.7194,19.3216,0.01232650,0.01183344,19.3216,463.7194,0.01183344,19.3216,19.3216,19.3216,0.0000,0.0000,463.7194,0.01183344,57.9649,55.6772,425.0761,427.3638,0.01084732,0.0109057,0.00049306,4.6858,5.6707,0.0774,15.5820,0.2688,1264.1035,201.3548,4.5499,4.6885,2.0771,4.1543,6.1317,8.4025,10.5031,18.5864,3.9466,-2.0771,2.528253,4.474023,1.127938,29,192,48,6,0.01915741,0.01232650,0.05216444,0E-8,0.000000,0.903271,0.017936,-0.04061604,2026-05-16,2026-07-20,31,1797,733,66,0.469697,0.970424,0.970991,0.063858,,,,,,,,GLOBAL_BASELINE_NO_ENTITY_RANKING,,,NOT_APPLICABLE_GLOBAL_BASELINE,HF9g-P5,,,,X 全窗基线 · 不参与实体赏罚,8395443,840,A168_HF9F_20260827_0900,2026-08-27 09:00:00
2026-06-10,150107794,1645,0,48.8129115346,17.4480194419,17.4480194419,0.5714286,11,8,0.45009580437475411,0.422689118750,0.6452546204786115,0.7966357526984101,0.6452546204786115,0.02740668562475411,ELIGIBLE,R03b_20260811_FULL_v1,L1_ELIGIBILITY,v2026-08-11,2026-03-21..2026-08-06,baccarat_bet02_101_all_pairs_incl_sentinel,round_win = game_pnl > 0 (decisive only),COMPATIBILITY_ONLY_NOT_PRODUCTION,39187.2093,35396.6747,483.0410,8363,6242,-0.01232650,-0.05216444,-0.01154840,-0.01232650,-483.0410,39187.2093,OK,0.0000,19.3216,4.0000,96.0000,AG03-UNRESOLVED,ALL5_LEVELS_bet23_to_bet27,19.3216,19.3216,19.3216,0.0000,0.0000,4.000000,4.000000,4.000000,0.000000,0.000000,96.000000,96.000000,96.000000,100.000000,100.000000,5.0,57.9649,55.6772,425.0761,427.3638,PENDING_AG03,FALSE,NOT_FOR_ENFORCEMENT,463.7194,33980.8077,483.0410,463.7194,19.3216,0.01232650,0.01183344,19.3216,463.7194,0.01183344,19.3216,19.3216,19.3216,0.0000,0.0000,463.7194,0.01183344,57.9649,55.6772,425.0761,427.3638,0.01084732,0.0109057,0.00049306,4.6858,5.6707,0.0774,15.5820,0.2688,1264.1035,201.3548,4.5499,4.6885,2.0771,4.1543,6.1317,8.4025,10.5031,18.5864,3.9466,-2.0771,2.528253,4.474023,1.127938,29,192,48,6,0.01915741,0.01232650,0.05216444,0E-8,0.000000,0.903271,0.017936,-0.04061604,2026-05-16,2026-07-20,31,1797,733,66,0.469697,0.970424,0.970991,0.063858,,,,,,,,GLOBAL_BASELINE_NO_ENTITY_RANKING,,,NOT_APPLICABLE_GLOBAL_BASELINE,HF9g-P5,,,,X 全窗基线 · 不参与实体赏罚,8395444,840,A168_HF9F_20260827_0900,2026-08-27 09:00:00
2026-06-10,150107794,1947,0,4.1542903434,-4.1542903434,-4.1542903434,0E-7,2,2,0.50665070000000000,0.506650700000,-1.4331513700195317,-1.4331513700195317,-1.4331513700195317,0E-17,ELIGIBLE,R03b_20260811_FULL_v1,L1_ELIGIBILITY,v2026-08-11,2026-03-21..2026-08-06,baccarat_bet02_101_all_pairs_incl_sentinel,round_win = game_pnl > 0 (decisive only),COMPATIBILITY_ONLY_NOT_PRODUCTION,39187.2093,35396.6747,483.0410,8363,6242,-0.01232650,-0.05216444,-0.01154840,-0.01232650,-483.0410,39187.2093,OK,0.0000,19.3216,4.0000,96.0000,AG03-UNRESOLVED,ALL5_LEVELS_bet23_to_bet27,19.3216,19.3216,19.3216,0.0000,0.0000,4.000000,4.000000,4.000000,0.000000,0.000000,96.000000,96.000000,96.000000,100.000000,100.000000,5.0,57.9649,55.6772,425.0761,427.3638,PENDING_AG03,FALSE,NOT_FOR_ENFORCEMENT,463.7194,33980.8077,483.0410,463.7194,19.3216,0.01232650,0.01183344,19.3216,463.7194,0.01183344,19.3216,19.3216,19.3216,0.0000,0.0000,463.7194,0.01183344,57.9649,55.6772,425.0761,427.3638,0.01084732,0.0109057,0.00049306,4.6858,5.6707,0.0774,15.5820,0.2688,1264.1035,201.3548,4.5499,4.6885,2.0771,4.1543,6.1317,8.4025,10.5031,18.5864,3.9466,-2.0771,2.528253,4.474023,1.127938,29,192,48,6,0.01915741,0.01232650,0.05216444,0E-8,0.000000,0.903271,0.017936,-0.04061604,2026-05-16,2026-07-20,31,1797,733,66,0.469697,0.970424,0.970991,0.063858,,,,,,,,GLOBAL_BASELINE_NO_ENTITY_RANKING,,,NOT_APPLICABLE_GLOBAL_BASELINE,HF9g-P5,,,,X 全窗基线 · 不参与实体赏罚,8395445,840,A168_HF9F_20260827_0900,2026-08-27 09:00:00
2026-06-10,150107794,1957,0,7.2700081009,-5.1928629292,-5.1928629292,0E-7,3,2,0.41753851999920651,0.396936125000,-0.8466709695570355,-0.8112947317963362,-0.8466709695570355,0.02060239499920651,ELIGIBLE,R03b_20260811_FULL_v1,L1_ELIGIBILITY,v2026-08-11,2026-03-21..2026-08-06,baccarat_bet02_101_all_pairs_incl_sentinel,round_win = game_pnl > 0 (decisive only),COMPATIBILITY_ONLY_NOT_PRODUCTION,39187.2093,35396.6747,483.0410,8363,6242,-0.01232650,-0.05216444,-0.01154840,-0.01232650,-483.0410,39187.2093,OK,0.0000,19.3216,4.0000,96.0000,AG03-UNRESOLVED,ALL5_LEVELS_bet23_to_bet27,19.3216,19.3216,19.3216,0.0000,0.0000,4.000000,4.000000,4.000000,0.000000,0.000000,96.000000,96.000000,96.000000,100.000000,100.000000,5.0,57.9649,55.6772,425.0761,427.3638,PENDING_AG03,FALSE,NOT_FOR_ENFORCEMENT,463.7194,33980.8077,483.0410,463.7194,19.3216,0.01232650,0.01183344,19.3216,463.7194,0.01183344,19.3216,19.3216,19.3216,0.0000,0.0000,463.7194,0.01183344,57.9649,55.6772,425.0761,427.3638,0.01084732,0.0109057,0.00049306,4.6858,5.6707,0.0774,15.5820,0.2688,1264.1035,201.3548,4.5499,4.6885,2.0771,4.1543,6.1317,8.4025,10.5031,18.5864,3.9466,-2.0771,2.528253,4.474023,1.127938,29,192,48,6,0.01915741,0.01232650,0.05216444,0E-8,0.000000,0.903271,0.017936,-0.04061604,2026-05-16,2026-07-20,31,1797,733,66,0.469697,0.970424,0.970991,0.063858,,,,,,,,GLOBAL_BASELINE_NO_ENTITY_RANKING,,,NOT_APPLICABLE_GLOBAL_BASELINE,HF9g-P5,,,,X 全窗基线 · 不参与实体赏罚,8395446,840,A168_HF9F_20260827_0900,2026-08-27 09:00:00
2026-06-10,150107794,1963,0,6.2314355151,-2.0771451717,-2.0771451717,0.5000000,2,2,0.49324550000000000,0.493245500000,0.01910635448239258,0.01910635448239258,0.01910635448239258,0E-17,ELIGIBLE,R03b_20260811_FULL_v1,L1_ELIGIBILITY,v2026-08-11,2026-03-21..2026-08-06,baccarat_bet02_101_all_pairs_incl_sentinel,round_win = game_pnl > 0 (decisive only),COMPATIBILITY_ONLY_NOT_PRODUCTION,39187.2093,35396.6747,483.0410,8363,6242,-0.01232650,-0.05216444,-0.01154840,-0.01232650,-483.0410,39187.2093,OK,0.0000,19.3216,4.0000,96.0000,AG03-UNRESOLVED,ALL5_LEVELS_bet23_to_bet27,19.3216,19.3216,19.3216,0.0000,0.0000,4.000000,4.000000,4.000000,0.000000,0.000000,96.000000,96.000000,96.000000,100.000000,100.000000,5.0,57.9649,55.6772,425.0761,427.3638,PENDING_AG03,FALSE,NOT_FOR_ENFORCEMENT,463.7194,33980.8077,483.0410,463.7194,19.3216,0.01232650,0.01183344,19.3216,463.7194,0.01183344,19.3216,19.3216,19.3216,0.0000,0.0000,463.7194,0.01183344,57.9649,55.6772,425.0761,427.3638,0.01084732,0.0109057,0.00049306,4.6858,5.6707,0.0774,15.5820,0.2688,1264.1035,201.3548,4.5499,4.6885,2.0771,4.1543,6.1317,8.4025,10.5031,18.5864,3.9466,-2.0771,2.528253,4.474023,1.127938,29,192,48,6,0.01915741,0.01232650,0.05216444,0E-8,0.000000,0.903271,0.017936,-0.04061604,2026-05-16,2026-07-20,31,1797,733,66,0.469697,0.970424,0.970991,0.063858,,,,,,,,GLOBAL_BASELINE_NO_ENTITY_RANKING,,,NOT_APPLICABLE_GLOBAL_BASELINE,HF9g-P5,,,,X 全窗基线 · 不参与实体赏罚,8395447,840,A168_HF9F_20260827_0900,2026-08-27 09:00:00
2026-06-10,150107794,1985,0,4.1542903434,-4.1542903434,-4.1542903434,0E-7,1,1,0.50665070000000000,0.506650700000,-1.013391052207602,-1.013391052207602,-1.013391052207602,0E-17,ELIGIBLE,R03b_20260811_FULL_v1,L1_ELIGIBILITY,v2026-08-11,2026-03-21..2026-08-06,baccarat_bet02_101_all_pairs_incl_sentinel,round_win = game_pnl > 0 (decisive only),COMPATIBILITY_ONLY_NOT_PRODUCTION,39187.2093,35396.6747,483.0410,8363,6242,-0.01232650,-0.05216444,-0.01154840,-0.01232650,-483.0410,39187.2093,OK,0.0000,19.3216,4.0000,96.0000,AG03-UNRESOLVED,ALL5_LEVELS_bet23_to_bet27,19.3216,19.3216,19.3216,0.0000,0.0000,4.000000,4.000000,4.000000,0.000000,0.000000,96.000000,96.000000,96.000000,100.000000,100.000000,5.0,57.9649,55.6772,425.0761,427.3638,PENDING_AG03,FALSE,NOT_FOR_ENFORCEMENT,463.7194,33980.8077,483.0410,463.7194,19.3216,0.01232650,0.01183344,19.3216,463.7194,0.01183344,19.3216,19.3216,19.3216,0.0000,0.0000,463.7194,0.01183344,57.9649,55.6772,425.0761,427.3638,0.01084732,0.0109057,0.00049306,4.6858,5.6707,0.0774,15.5820,0.2688,1264.1035,201.3548,4.5499,4.6885,2.0771,4.1543,6.1317,8.4025,10.5031,18.5864,3.9466,-2.0771,2.528253,4.474023,1.127938,29,192,48,6,0.01915741,0.01232650,0.05216444,0E-8,0.000000,0.903271,0.017936,-0.04061604,2026-05-16,2026-07-20,31,1797,733,66,0.469697,0.970424,0.970991,0.063858,,,,,,,,GLOBAL_BASELINE_NO_ENTITY_RANKING,,,NOT_APPLICABLE_GLOBAL_BASELINE,HF9g-P5,,,,X 全窗基线 · 不参与实体赏罚,8395448,840,A168_HF9F_20260827_0900,2026-08-27 09:00:00
2026-06-10,150107794,1990,0,27.6260307833,17.6349625074,17.6349625074,0.7500000,8,5,0.41989722712619359,0.383036330000,1.3376891177642838,1.50974391104022,1.3376891177642838,0.03686089712619359,ELIGIBLE,R03b_20260811_FULL_v1,L1_ELIGIBILITY,v2026-08-11,2026-03-21..2026-08-06,baccarat_bet02_101_all_pairs_incl_sentinel,round_win = game_pnl > 0 (decisive only),COMPATIBILITY_ONLY_NOT_PRODUCTION,39187.2093,35396.6747,483.0410,8363,6242,-0.01232650,-0.05216444,-0.01154840,-0.01232650,-483.0410,39187.2093,OK,0.0000,19.3216,4.0000,96.0000,AG03-UNRESOLVED,ALL5_LEVELS_bet23_to_bet27,19.3216,19.3216,19.3216,0.0000,0.0000,4.000000,4.000000,4.000000,0.000000,0.000000,96.000000,96.000000,96.000000,100.000000,100.000000,5.0,57.9649,55.6772,425.0761,427.3638,PENDING_AG03,FALSE,NOT_FOR_ENFORCEMENT,463.7194,33980.8077,483.0410,463.7194,19.3216,0.01232650,0.01183344,19.3216,463.7194,0.01183344,19.3216,19.3216,19.3216,0.0000,0.0000,463.7194,0.01183344,57.9649,55.6772,425.0761,427.3638,0.01084732,0.0109057,0.00049306,4.6858,5.6707,0.0774,15.5820,0.2688,1264.1035,201.3548,4.5499,4.6885,2.0771,4.1543,6.1317,8.4025,10.5031,18.5864,3.9466,-2.0771,2.528253,4.474023,1.127938,29,192,48,6,0.01915741,0.01232650,0.05216444,0E-8,0.000000,0.903271,0.017936,-0.04061604,2026-05-16,2026-07-20,31,1797,733,66,0.469697,0.970424,0.970991,0.063858,,,,,,,,GLOBAL_BASELINE_NO_ENTITY_RANKING,,,NOT_APPLICABLE_GLOBAL_BASELINE,HF9g-P5,,,,X 全窗基线 · 不参与实体赏罚,8395449,840,A168_HF9F_20260827_0900,2026-08-27 09:00:00
2026-06-10,150107794,2108,0,6.2314355150,-6.2314355150,-6.2314355150,0E-7,1,1,0.50665070000000000,0.506650700000,-1.013391052207602,-1.013391052207602,-1.013391052207602,0E-17,ELIGIBLE,R03b_20260811_FULL_v1,L1_ELIGIBILITY,v2026-08-11,2026-03-21..2026-08-06,baccarat_bet02_101_all_pairs_incl_sentinel,round_win = game_pnl > 0 (decisive only),COMPATIBILITY_ONLY_NOT_PRODUCTION,39187.2093,35396.6747,483.0410,8363,6242,-0.01232650,-0.05216444,-0.01154840,-0.01232650,-483.0410,39187.2093,OK,0.0000,19.3216,4.0000,96.0000,AG03-UNRESOLVED,ALL5_LEVELS_bet23_to_bet27,19.3216,19.3216,19.3216,0.0000,0.0000,4.000000,4.000000,4.000000,0.000000,0.000000,96.000000,96.000000,96.000000,100.000000,100.000000,5.0,57.9649,55.6772,425.0761,427.3638,PENDING_AG03,FALSE,NOT_FOR_ENFORCEMENT,463.7194,33980.8077,483.0410,463.7194,19.3216,0.01232650,0.01183344,19.3216,463.7194,0.01183344,19.3216,19.3216,19.3216,0.0000,0.0000,463.7194,0.01183344,57.9649,55.6772,425.0761,427.3638,0.01084732,0.0109057,0.00049306,4.6858,5.6707,0.0774,15.5820,0.2688,1264.1035,201.3548,4.5499,4.6885,2.0771,4.1543,6.1317,8.4025,10.5031,18.5864,3.9466,-2.0771,2.528253,4.474023,1.127938,29,192,48,6,0.01915741,0.01232650,0.05216444,0E-8,0.000000,0.903271,0.017936,-0.04061604,2026-05-16,2026-07-20,31,1797,733,66,0.469697,0.970424,0.970991,0.063858,,,,,,,,GLOBAL_BASELINE_NO_ENTITY_RANKING,,,NOT_APPLICABLE_GLOBAL_BASELINE,HF9g-P5,,,,X 全窗基线 · 不参与实体赏罚,8395450,840,A168_HF9F_20260827_0900,2026-08-27 09:00:00
2026-06-10,150107794,2134,0,16.4094468564,-12.3590137716,-12.3590137716,0.2000000,6,5,0.47471244000000000,0.461424350000,-1.2301256214788707,-1.172620351523604,-1.2301256214788707,0.01328809000000000,ELIGIBLE,R03b_20260811_FULL_v1,L1_ELIGIBILITY,v2026-08-11,2026-03-21..2026-08-06,baccarat_bet02_101_all_pairs_incl_sentinel,round_win = game_pnl > 0 (decisive only),COMPATIBILITY_ONLY_NOT_PRODUCTION,39187.2093,35396.6747,483.0410,8363,6242,-0.01232650,-0.05216444,-0.01154840,-0.01232650,-483.0410,39187.2093,OK,0.0000,19.3216,4.0000,96.0000,AG03-UNRESOLVED,ALL5_LEVELS_bet23_to_bet27,19.3216,19.3216,19.3216,0.0000,0.0000,4.000000,4.000000,4.000000,0.000000,0.000000,96.000000,96.000000,96.000000,100.000000,100.000000,5.0,57.9649,55.6772,425.0761,427.3638,PENDING_AG03,FALSE,NOT_FOR_ENFORCEMENT,463.7194,33980.8077,483.0410,463.7194,19.3216,0.01232650,0.01183344,19.3216,463.7194,0.01183344,19.3216,19.3216,19.3216,0.0000,0.0000,463.7194,0.01183344,57.9649,55.6772,425.0761,427.3638,0.01084732,0.0109057,0.00049306,4.6858,5.6707,0.0774,15.5820,0.2688,1264.1035,201.3548,4.5499,4.6885,2.0771,4.1543,6.1317,8.4025,10.5031,18.5864,3.9466,-2.0771,2.528253,4.474023,1.127938,29,192,48,6,0.01915741,0.01232650,0.05216444,0E-8,0.000000,0.903271,0.017936,-0.04061604,2026-05-16,2026-07-20,31,1797,733,66,0.469697,0.970424,0.970991,0.063858,,,,,,,,GLOBAL_BASELINE_NO_ENTITY_RANKING,,,NOT_APPLICABLE_GLOBAL_BASELINE,HF9g-P5,,,,X 全窗基线 · 不参与实体赏罚,8395451,840,A168_HF9F_20260827_0900,2026-08-27 09:00:00
2026-06-10,150107794,2153,0,12.8783000643,2.5133456578,2.5133456578,0.6000000,5,5,0.50396966000000000,0.503969660000,0.4294742719815242,0.4294742719815242,0.4294742719815242,0E-17,ELIGIBLE,R03b_20260811_FULL_v1,L1_ELIGIBILITY,v2026-08-11,2026-03-21..2026-08-06,baccarat_bet02_101_all_pairs_incl_sentinel,round_win = game_pnl > 0 (decisive only),COMPATIBILITY_ONLY_NOT_PRODUCTION,39187.2093,35396.6747,483.0410,8363,6242,-0.01232650,-0.05216444,-0.01154840,-0.01232650,-483.0410,39187.2093,OK,0.0000,19.3216,4.0000,96.0000,AG03-UNRESOLVED,ALL5_LEVELS_bet23_to_bet27,19.3216,19.3216,19.3216,0.0000,0.0000,4.000000,4.000000,4.000000,0.000000,0.000000,96.000000,96.000000,96.000000,100.000000,100.000000,5.0,57.9649,55.6772,425.0761,427.3638,PENDING_AG03,FALSE,NOT_FOR_ENFORCEMENT,463.7194,33980.8077,483.0410,463.7194,19.3216,0.01232650,0.01183344,19.3216,463.7194,0.01183344,19.3216,19.3216,19.3216,0.0000,0.0000,463.7194,0.01183344,57.9649,55.6772,425.0761,427.3638,0.01084732,0.0109057,0.00049306,4.6858,5.6707,0.0774,15.5820,0.2688,1264.1035,201.3548,4.5499,4.6885,2.0771,4.1543,6.1317,8.4025,10.5031,18.5864,3.9466,-2.0771,2.528253,4.474023,1.127938,29,192,48,6,0.01915741,0.01232650,0.05216444,0E-8,0.000000,0.903271,0.017936,-0.04061604,2026-05-16,2026-07-20,31,1797,733,66,0.469697,0.970424,0.970991,0.063858,,,,,,,,GLOBAL_BASELINE_NO_ENTITY_RANKING,,,NOT_APPLICABLE_GLOBAL_BASELINE,HF9g-P5,,,,X 全窗基线 · 不参与实体赏罚,8395452,840,A168_HF9F_20260827_0900,2026-08-27 09:00:00
2026-06-10,150107794,2175,0,8.3085806867,-8.3085806867,-8.3085806867,0E-7,1,1,0.50665070000000000,0.506650700000,-1.013391052207602,-1.013391052207602,-1.013391052207602,0E-17,ELIGIBLE,R03b_20260811_FULL_v1,L1_ELIGIBILITY,v2026-08-11,2026-03-21..2026-08-06,baccarat_bet02_101_all_pairs_incl_sentinel,round_win = game_pnl > 0 (decisive only),COMPATIBILITY_ONLY_NOT_PRODUCTION,39187.2093,35396.6747,483.0410,8363,6242,-0.01232650,-0.05216444,-0.01154840,-0.01232650,-483.0410,39187.2093,OK,0.0000,19.3216,4.0000,96.0000,AG03-UNRESOLVED,ALL5_LEVELS_bet23_to_bet27,19.3216,19.3216,19.3216,0.0000,0.0000,4.000000,4.000000,4.000000,0.000000,0.000000,96.000000,96.000000,96.000000,100.000000,100.000000,5.0,57.9649,55.6772,425.0761,427.3638,PENDING_AG03,FALSE,NOT_FOR_ENFORCEMENT,463.7194,33980.8077,483.0410,463.7194,19.3216,0.01232650,0.01183344,19.3216,463.7194,0.01183344,19.3216,19.3216,19.3216,0.0000,0.0000,463.7194,0.01183344,57.9649,55.6772,425.0761,427.3638,0.01084732,0.0109057,0.00049306,4.6858,5.6707,0.0774,15.5820,0.2688,1264.1035,201.3548,4.5499,4.6885,2.0771,4.1543,6.1317,8.4025,10.5031,18.5864,3.9466,-2.0771,2.528253,4.474023,1.127938,29,192,48,6,0.01915741,0.01232650,0.05216444,0E-8,0.000000,0.903271,0.017936,-0.04061604,2026-05-16,2026-07-20,31,1797,733,66,0.469697,0.970424,0.970991,0.063858,,,,,,,,GLOBAL_BASELINE_NO_ENTITY_RANKING,,,NOT_APPLICABLE_GLOBAL_BASELINE,HF9g-P5,,,,X 全窗基线 · 不参与实体赏罚,8395453,840,A168_HF9F_20260827_0900,2026-08-27 09:00:00
2026-06-10,150107794,2202,0,2.0771451717,-2.0771451717,-2.0771451717,0E-7,1,1,0.50665070000000000,0.506650700000,-1.013391052207602,-1.013391052207602,-1.013391052207602,0E-17,ELIGIBLE,R03b_20260811_FULL_v1,L1_ELIGIBILITY,v2026-08-11,2026-03-21..2026-08-06,baccarat_bet02_101_all_pairs_incl_sentinel,round_win = game_pnl > 0 (decisive only),COMPATIBILITY_ONLY_NOT_PRODUCTION,39187.2093,35396.6747,483.0410,8363,6242,-0.01232650,-0.05216444,-0.01154840,-0.01232650,-483.0410,39187.2093,OK,0.0000,19.3216,4.0000,96.0000,AG03-UNRESOLVED,ALL5_LEVELS_bet23_to_bet27,19.3216,19.3216,19.3216,0.0000,0.0000,4.000000,4.000000,4.000000,0.000000,0.000000,96.000000,96.000000,96.000000,100.000000,100.000000,5.0,57.9649,55.6772,425.0761,427.3638,PENDING_AG03,FALSE,NOT_FOR_ENFORCEMENT,463.7194,33980.8077,483.0410,463.7194,19.3216,0.01232650,0.01183344,19.3216,463.7194,0.01183344,19.3216,19.3216,19.3216,0.0000,0.0000,463.7194,0.01183344,57.9649,55.6772,425.0761,427.3638,0.01084732,0.0109057,0.00049306,4.6858,5.6707,0.0774,15.5820,0.2688,1264.1035,201.3548,4.5499,4.6885,2.0771,4.1543,6.1317,8.4025,10.5031,18.5864,3.9466,-2.0771,2.528253,4.474023,1.127938,29,192,48,6,0.01915741,0.01232650,0.05216444,0E-8,0.000000,0.903271,0.017936,-0.04061604,2026-05-16,2026-07-20,31,1797,733,66,0.469697,0.970424,0.970991,0.063858,,,,,,,,GLOBAL_BASELINE_NO_ENTITY_RANKING,,,NOT_APPLICABLE_GLOBAL_BASELINE,HF9g-P5,,,,X 全窗基线 · 不参与实体赏罚,8395454,840,A168_HF9F_20260827_0900,2026-08-27 09:00:00
2026-06-10,150107794,2218,0,6.2314355151,-6.2314355151,-6.2314355151,0E-7,2,1,0.36036460000000000,0.293924150000,-0.7505935278881406,-0.6451964315166089,-0.7505935278881406,0.06644045000000000,ELIGIBLE,R03b_20260811_FULL_v1,L1_ELIGIBILITY,v2026-08-11,2026-03-21..2026-08-06,baccarat_bet02_101_all_pairs_incl_sentinel,round_win = game_pnl > 0 (decisive only),COMPATIBILITY_ONLY_NOT_PRODUCTION,39187.2093,35396.6747,483.0410,8363,6242,-0.01232650,-0.05216444,-0.01154840,-0.01232650,-483.0410,39187.2093,OK,0.0000,19.3216,4.0000,96.0000,AG03-UNRESOLVED,ALL5_LEVELS_bet23_to_bet27,19.3216,19.3216,19.3216,0.0000,0.0000,4.000000,4.000000,4.000000,0.000000,0.000000,96.000000,96.000000,96.000000,100.000000,100.000000,5.0,57.9649,55.6772,425.0761,427.3638,PENDING_AG03,FALSE,NOT_FOR_ENFORCEMENT,463.7194,33980.8077,483.0410,463.7194,19.3216,0.01232650,0.01183344,19.3216,463.7194,0.01183344,19.3216,19.3216,19.3216,0.0000,0.0000,463.7194,0.01183344,57.9649,55.6772,425.0761,427.3638,0.01084732,0.0109057,0.00049306,4.6858,5.6707,0.0774,15.5820,0.2688,1264.1035,201.3548,4.5499,4.6885,2.0771,4.1543,6.1317,8.4025,10.5031,18.5864,3.9466,-2.0771,2.528253,4.474023,1.127938,29,192,48,6,0.01915741,0.01232650,0.05216444,0E-8,0.000000,0.903271,0.017936,-0.04061604,2026-05-16,2026-07-20,31,1797,733,66,0.469697,0.970424,0.970991,0.063858,,,,,,,,GLOBAL_BASELINE_NO_ENTITY_RANKING,,,NOT_APPLICABLE_GLOBAL_BASELINE,HF9g-P5,,,,X 全窗基线 · 不参与实体赏罚,8395455,840,A168_HF9F_20260827_0900,2026-08-27 09:00:00
2026-06-10,150107794,2222,0,4.1542903434,-4.1542903434,-4.1542903434,0E-7,1,1,0.49324550000000000,0.493245500000,-0.9865810262130424,-0.9865810262130424,-0.9865810262130424,0E-17,ELIGIBLE,R03b_20260811_FULL_v1,L1_ELIGIBILITY,v2026-08-11,2026-03-21..2026-08-06,baccarat_bet02_101_all_pairs_incl_sentinel,round_win = game_pnl > 0 (decisive only),COMPATIBILITY_ONLY_NOT_PRODUCTION,39187.2093,35396.6747,483.0410,8363,6242,-0.01232650,-0.05216444,-0.01154840,-0.01232650,-483.0410,39187.2093,OK,0.0000,19.3216,4.0000,96.0000,AG03-UNRESOLVED,ALL5_LEVELS_bet23_to_bet27,19.3216,19.3216,19.3216,0.0000,0.0000,4.000000,4.000000,4.000000,0.000000,0.000000,96.000000,96.000000,96.000000,100.000000,100.000000,5.0,57.9649,55.6772,425.0761,427.3638,PENDING_AG03,FALSE,NOT_FOR_ENFORCEMENT,463.7194,33980.8077,483.0410,463.7194,19.3216,0.01232650,0.01183344,19.3216,463.7194,0.01183344,19.3216,19.3216,19.3216,0.0000,0.0000,463.7194,0.01183344,57.9649,55.6772,425.0761,427.3638,0.01084732,0.0109057,0.00049306,4.6858,5.6707,0.0774,15.5820,0.2688,1264.1035,201.3548,4.5499,4.6885,2.0771,4.1543,6.1317,8.4025,10.5031,18.5864,3.9466,-2.0771,2.528253,4.474023,1.127938,29,192,48,6,0.01915741,0.01232650,0.05216444,0E-8,0.000000,0.903271,0.017936,-0.04061604,2026-05-16,2026-07-20,31,1797,733,66,0.469697,0.970424,0.970991,0.063858,,,,,,,,GLOBAL_BASELINE_NO_ENTITY_RANKING,,,NOT_APPLICABLE_GLOBAL_BASELINE,HF9g-P5,,,,X 全窗基线 · 不参与实体赏罚,8395456,840,A168_HF9F_20260827_0900,2026-08-27 09:00:00
2026-06-10,150107794,2223,0,12.2551565129,-2.1290738010,-2.1290738010,0.5000000,3,2,0.44132417352874769,0.400287425000,0.16711499296075033,0.2878109933178697,0.16711499296075033,0.04103674852874769,ELIGIBLE,R03b_20260811_FULL_v1,L1_ELIGIBILITY,v2026-08-11,2026-03-21..2026-08-06,baccarat_bet02_101_all_pairs_incl_sentinel,round_win = game_pnl > 0 (decisive only),COMPATIBILITY_ONLY_NOT_PRODUCTION,39187.2093,35396.6747,483.0410,8363,6242,-0.01232650,-0.05216444,-0.01154840,-0.01232650,-483.0410,39187.2093,OK,0.0000,19.3216,4.0000,96.0000,AG03-UNRESOLVED,ALL5_LEVELS_bet23_to_bet27,19.3216,19.3216,19.3216,0.0000,0.0000,4.000000,4.000000,4.000000,0.000000,0.000000,96.000000,96.000000,96.000000,100.000000,100.000000,5.0,57.9649,55.6772,425.0761,427.3638,PENDING_AG03,FALSE,NOT_FOR_ENFORCEMENT,463.7194,33980.8077,483.0410,463.7194,19.3216,0.01232650,0.01183344,19.3216,463.7194,0.01183344,19.3216,19.3216,19.3216,0.0000,0.0000,463.7194,0.01183344,57.9649,55.6772,425.0761,427.3638,0.01084732,0.0109057,0.00049306,4.6858,5.6707,0.0774,15.5820,0.2688,1264.1035,201.3548,4.5499,4.6885,2.0771,4.1543,6.1317,8.4025,10.5031,18.5864,3.9466,-2.0771,2.528253,4.474023,1.127938,29,192,48,6,0.01915741,0.01232650,0.05216444,0E-8,0.000000,0.903271,0.017936,-0.04061604,2026-05-16,2026-07-20,31,1797,733,66,0.469697,0.970424,0.970991,0.063858,,,,,,,,GLOBAL_BASELINE_NO_ENTITY_RANKING,,,NOT_APPLICABLE_GLOBAL_BASELINE,HF9g-P5,,,,X 全窗基线 · 不参与实体赏罚,8395457,840,A168_HF9F_20260827_0900,2026-08-27 09:00:00
2026-06-10,150107794,2229,0,24.5103130258,6.2729784184,6.2729784184,0.7500000,6,4,0.44537633555985796,0.403638725000,1.2258317535309784,1.411913839593939,1.2258317535309784,0.04173761055985796,ELIGIBLE,R03b_20260811_FULL_v1,L1_ELIGIBILITY,v2026-08-11,2026-03-21..2026-08-06,baccarat_bet02_101_all_pairs_incl_sentinel,round_win = game_pnl > 0 (decisive only),COMPATIBILITY_ONLY_NOT_PRODUCTION,39187.2093,35396.6747,483.0410,8363,6242,-0.01232650,-0.05216444,-0.01154840,-0.01232650,-483.0410,39187.2093,OK,0.0000,19.3216,4.0000,96.0000,AG03-UNRESOLVED,ALL5_LEVELS_bet23_to_bet27,19.3216,19.3216,19.3216,0.0000,0.0000,4.000000,4.000000,4.000000,0.000000,0.000000,96.000000,96.000000,96.000000,100.000000,100.000000,5.0,57.9649,55.6772,425.0761,427.3638,PENDING_AG03,FALSE,NOT_FOR_ENFORCEMENT,463.7194,33980.8077,483.0410,463.7194,19.3216,0.01232650,0.01183344,19.3216,463.7194,0.01183344,19.3216,19.3216,19.3216,0.0000,0.0000,463.7194,0.01183344,57.9649,55.6772,425.0761,427.3638,0.01084732,0.0109057,0.00049306,4.6858,5.6707,0.0774,15.5820,0.2688,1264.1035,201.3548,4.5499,4.6885,2.0771,4.1543,6.1317,8.4025,10.5031,18.5864,3.9466,-2.0771,2.528253,4.474023,1.127938,29,192,48,6,0.01915741,0.01232650,0.05216444,0E-8,0.000000,0.903271,0.017936,-0.04061604,2026-05-16,2026-07-20,31,1797,733,66,0.469697,0.970424,0.970991,0.063858,,,,,,,,GLOBAL_BASELINE_NO_ENTITY_RANKING,,,NOT_APPLICABLE_GLOBAL_BASELINE,HF9g-P5,,,,X 全窗基线 · 不参与实体赏罚,8395458,840,A168_HF9F_20260827_0900,2026-08-27 09:00:00
2026-06-10,150107794,2233,0,10.3857258584,-10.3857258584,-10.3857258584,0E-7,2,2,0.50665070000000000,0.506650700000,-1.4331513700195317,-1.4331513700195317,-1.4331513700195317,0E-17,ELIGIBLE,R03b_20260811_FULL_v1,L1_ELIGIBILITY,v2026-08-11,2026-03-21..2026-08-06,baccarat_bet02_101_all_pairs_incl_sentinel,round_win = game_pnl > 0 (decisive only),COMPATIBILITY_ONLY_NOT_PRODUCTION,39187.2093,35396.6747,483.0410,8363,6242,-0.01232650,-0.05216444,-0.01154840,-0.01232650,-483.0410,39187.2093,OK,0.0000,19.3216,4.0000,96.0000,AG03-UNRESOLVED,ALL5_LEVELS_bet23_to_bet27,19.3216,19.3216,19.3216,0.0000,0.0000,4.000000,4.000000,4.000000,0.000000,0.000000,96.000000,96.000000,96.000000,100.000000,100.000000,5.0,57.9649,55.6772,425.0761,427.3638,PENDING_AG03,FALSE,NOT_FOR_ENFORCEMENT,463.7194,33980.8077,483.0410,463.7194,19.3216,0.01232650,0.01183344,19.3216,463.7194,0.01183344,19.3216,19.3216,19.3216,0.0000,0.0000,463.7194,0.01183344,57.9649,55.6772,425.0761,427.3638,0.01084732,0.0109057,0.00049306,4.6858,5.6707,0.0774,15.5820,0.2688,1264.1035,201.3548,4.5499,4.6885,2.0771,4.1543,6.1317,8.4025,10.5031,18.5864,3.9466,-2.0771,2.528253,4.474023,1.127938,29,192,48,6,0.01915741,0.01232650,0.05216444,0E-8,0.000000,0.903271,0.017936,-0.04061604,2026-05-16,2026-07-20,31,1797,733,66,0.469697,0.970424,0.970991,0.063858,,,,,,,,GLOBAL_BASELINE_NO_ENTITY_RANKING,,,NOT_APPLICABLE_GLOBAL_BASELINE,HF9g-P5,,,,X 全窗基线 · 不参与实体赏罚,8395459,840,A168_HF9F_20260827_0900,2026-08-27 09:00:00
2026-06-10,150107794,2244,0,6.4391500321,0.6231435515,0.6231435515,0.5000000,2,2,0.49324550000000000,0.493245500000,0.01910635448239258,0.01910635448239258,0.01910635448239258,0E-17,ELIGIBLE,R03b_20260811_FULL_v1,L1_ELIGIBILITY,v2026-08-11,2026-03-21..2026-08-06,baccarat_bet02_101_all_pairs_incl_sentinel,round_win = game_pnl > 0 (decisive only),COMPATIBILITY_ONLY_NOT_PRODUCTION,39187.2093,35396.6747,483.0410,8363,6242,-0.01232650,-0.05216444,-0.01154840,-0.01232650,-483.0410,39187.2093,OK,0.0000,19.3216,4.0000,96.0000,AG03-UNRESOLVED,ALL5_LEVELS_bet23_to_bet27,19.3216,19.3216,19.3216,0.0000,0.0000,4.000000,4.000000,4.000000,0.000000,0.000000,96.000000,96.000000,96.000000,100.000000,100.000000,5.0,57.9649,55.6772,425.0761,427.3638,PENDING_AG03,FALSE,NOT_FOR_ENFORCEMENT,463.7194,33980.8077,483.0410,463.7194,19.3216,0.01232650,0.01183344,19.3216,463.7194,0.01183344,19.3216,19.3216,19.3216,0.0000,0.0000,463.7194,0.01183344,57.9649,55.6772,425.0761,427.3638,0.01084732,0.0109057,0.00049306,4.6858,5.6707,0.0774,15.5820,0.2688,1264.1035,201.3548,4.5499,4.6885,2.0771,4.1543,6.1317,8.4025,10.5031,18.5864,3.9466,-2.0771,2.528253,4.474023,1.127938,29,192,48,6,0.01915741,0.01232650,0.05216444,0E-8,0.000000,0.903271,0.017936,-0.04061604,2026-05-16,2026-07-20,31,1797,733,66,0.469697,0.970424,0.970991,0.063858,,,,,,,,GLOBAL_BASELINE_NO_ENTITY_RANKING,,,NOT_APPLICABLE_GLOBAL_BASELINE,HF9g-P5,,,,X 全窗基线 · 不参与实体赏罚,8395460,840,A168_HF9F_20260827_0900,2026-08-27 09:00:00
2026-06-10,150107794,2248,0,16.8248758906,7.8827659264,7.8827659264,0.7500000,6,4,0.41222305624931121,0.403638725000,1.3724217272157597,1.411913839593939,1.3724217272157597,0.00858433124931121,ELIGIBLE,R03b_20260811_FULL_v1,L1_ELIGIBILITY,v2026-08-11,2026-03-21..2026-08-06,baccarat_bet02_101_all_pairs_incl_sentinel,round_win = game_pnl > 0 (decisive only),COMPATIBILITY_ONLY_NOT_PRODUCTION,39187.2093,35396.6747,483.0410,8363,6242,-0.01232650,-0.05216444,-0.01154840,-0.01232650,-483.0410,39187.2093,OK,0.0000,19.3216,4.0000,96.0000,AG03-UNRESOLVED,ALL5_LEVELS_bet23_to_bet27,19.3216,19.3216,19.3216,0.0000,0.0000,4.000000,4.000000,4.000000,0.000000,0.000000,96.000000,96.000000,96.000000,100.000000,100.000000,5.0,57.9649,55.6772,425.0761,427.3638,PENDING_AG03,FALSE,NOT_FOR_ENFORCEMENT,463.7194,33980.8077,483.0410,463.7194,19.3216,0.01232650,0.01183344,19.3216,463.7194,0.01183344,19.3216,19.3216,19.3216,0.0000,0.0000,463.7194,0.01183344,57.9649,55.6772,425.0761,427.3638,0.01084732,0.0109057,0.00049306,4.6858,5.6707,0.0774,15.5820,0.2688,1264.1035,201.3548,4.5499,4.6885,2.0771,4.1543,6.1317,8.4025,10.5031,18.5864,3.9466,-2.0771,2.528253,4.474023,1.127938,29,192,48,6,0.01915741,0.01232650,0.05216444,0E-8,0.000000,0.903271,0.017936,-0.04061604,2026-05-16,2026-07-20,31,1797,733,66,0.469697,0.970424,0.970991,0.063858,,,,,,,,GLOBAL_BASELINE_NO_ENTITY_RANKING,,,NOT_APPLICABLE_GLOBAL_BASELINE,HF9g-P5,,,,X 全窗基线 · 不参与实体赏罚,8395461,840,A168_HF9F_20260827_0900,2026-08-27 09:00:00
2026-06-10,150107794,2251,0,27.8337453005,-13.9168726502,-13.9168726502,0.2500000,9,6,0.42713537476151392,0.394701925000,-0.7161871479747036,-0.5920863319582591,-0.7161871479747036,0.03243344976151392,ELIGIBLE,R03b_20260811_FULL_v1,L1_ELIGIBILITY,v2026-08-11,2026-03-21..2026-08-06,baccarat_bet02_101_all_pairs_incl_sentinel,round_win = game_pnl > 0 (decisive only),COMPATIBILITY_ONLY_NOT_PRODUCTION,39187.2093,35396.6747,483.0410,8363,6242,-0.01232650,-0.05216444,-0.01154840,-0.01232650,-483.0410,39187.2093,OK,0.0000,19.3216,4.0000,96.0000,AG03-UNRESOLVED,ALL5_LEVELS_bet23_to_bet27,19.3216,19.3216,19.3216,0.0000,0.0000,4.000000,4.000000,4.000000,0.000000,0.000000,96.000000,96.000000,96.000000,100.000000,100.000000,5.0,57.9649,55.6772,425.0761,427.3638,PENDING_AG03,FALSE,NOT_FOR_ENFORCEMENT,463.7194,33980.8077,483.0410,463.7194,19.3216,0.01232650,0.01183344,19.3216,463.7194,0.01183344,19.3216,19.3216,19.3216,0.0000,0.0000,463.7194,0.01183344,57.9649,55.6772,425.0761,427.3638,0.01084732,0.0109057,0.00049306,4.6858,5.6707,0.0774,15.5820,0.2688,1264.1035,201.3548,4.5499,4.6885,2.0771,4.1543,6.1317,8.4025,10.5031,18.5864,3.9466,-2.0771,2.528253,4.474023,1.127938,29,192,48,6,0.01915741,0.01232650,0.05216444,0E-8,0.000000,0.903271,0.017936,-0.04061604,2026-05-16,2026-07-20,31,1797,733,66,0.469697,0.970424,0.970991,0.063858,,,,,,,,GLOBAL_BASELINE_NO_ENTITY_RANKING,,,NOT_APPLICABLE_GLOBAL_BASELINE,HF9g-P5,,,,X 全窗基线 · 不参与实体赏罚,8395462,840,A168_HF9F_20260827_0900,2026-08-27 09:00:00
2026-06-10,150107794,2252,0,26.7951727149,-10.3857258585,-10.3857258585,0.5000000,8,4,0.37275699807682526,0.297275450000,0.5262996570378121,0.8870829970474509,0.5262996570378121,0.07548154807682526,ELIGIBLE,R03b_20260811_FULL_v1,L1_ELIGIBILITY,v2026-08-11,2026-03-21..2026-08-06,baccarat_bet02_101_all_pairs_incl_sentinel,round_win = game_pnl > 0 (decisive only),COMPATIBILITY_ONLY_NOT_PRODUCTION,39187.2093,35396.6747,483.0410,8363,6242,-0.01232650,-0.05216444,-0.01154840,-0.01232650,-483.0410,39187.2093,OK,0.0000,19.3216,4.0000,96.0000,AG03-UNRESOLVED,ALL5_LEVELS_bet23_to_bet27,19.3216,19.3216,19.3216,0.0000,0.0000,4.000000,4.000000,4.000000,0.000000,0.000000,96.000000,96.000000,96.000000,100.000000,100.000000,5.0,57.9649,55.6772,425.0761,427.3638,PENDING_AG03,FALSE,NOT_FOR_ENFORCEMENT,463.7194,33980.8077,483.0410,463.7194,19.3216,0.01232650,0.01183344,19.3216,463.7194,0.01183344,19.3216,19.3216,19.3216,0.0000,0.0000,463.7194,0.01183344,57.9649,55.6772,425.0761,427.3638,0.01084732,0.0109057,0.00049306,4.6858,5.6707,0.0774,15.5820,0.2688,1264.1035,201.3548,4.5499,4.6885,2.0771,4.1543,6.1317,8.4025,10.5031,18.5864,3.9466,-2.0771,2.528253,4.474023,1.127938,29,192,48,6,0.01915741,0.01232650,0.05216444,0E-8,0.000000,0.903271,0.017936,-0.04061604,2026-05-16,2026-07-20,31,1797,733,66,0.469697,0.970424,0.970991,0.063858,,,,,,,,GLOBAL_BASELINE_NO_ENTITY_RANKING,,,NOT_APPLICABLE_GLOBAL_BASELINE,HF9g-P5,,,,X 全窗基线 · 不参与实体赏罚,8395463,840,A168_HF9F_20260827_0900,2026-08-27 09:00:00
2026-06-10,150107794,2256,0,7.2700081009,3.1157177575,3.1157177575,0.6666667,3,3,0.49771390000000000,0.497713900000,0.5852756695216578,0.5852756695216578,0.5852756695216578,0E-17,ELIGIBLE,R03b_20260811_FULL_v1,L1_ELIGIBILITY,v2026-08-11,2026-03-21..2026-08-06,baccarat_bet02_101_all_pairs_incl_sentinel,round_win = game_pnl > 0 (decisive only),COMPATIBILITY_ONLY_NOT_PRODUCTION,39187.2093,35396.6747,483.0410,8363,6242,-0.01232650,-0.05216444,-0.01154840,-0.01232650,-483.0410,39187.2093,OK,0.0000,19.3216,4.0000,96.0000,AG03-UNRESOLVED,ALL5_LEVELS_bet23_to_bet27,19.3216,19.3216,19.3216,0.0000,0.0000,4.000000,4.000000,4.000000,0.000000,0.000000,96.000000,96.000000,96.000000,100.000000,100.000000,5.0,57.9649,55.6772,425.0761,427.3638,PENDING_AG03,FALSE,NOT_FOR_ENFORCEMENT,463.7194,33980.8077,483.0410,463.7194,19.3216,0.01232650,0.01183344,19.3216,463.7194,0.01183344,19.3216,19.3216,19.3216,0.0000,0.0000,463.7194,0.01183344,57.9649,55.6772,425.0761,427.3638,0.01084732,0.0109057,0.00049306,4.6858,5.6707,0.0774,15.5820,0.2688,1264.1035,201.3548,4.5499,4.6885,2.0771,4.1543,6.1317,8.4025,10.5031,18.5864,3.9466,-2.0771,2.528253,4.474023,1.127938,29,192,48,6,0.01915741,0.01232650,0.05216444,0E-8,0.000000,0.903271,0.017936,-0.04061604,2026-05-16,2026-07-20,31,1797,733,66,0.469697,0.970424,0.970991,0.063858,,,,,,,,GLOBAL_BASELINE_NO_ENTITY_RANKING,,,NOT_APPLICABLE_GLOBAL_BASELINE,HF9g-P5,,,,X 全窗基线 · 不参与实体赏罚,8395464,840,A168_HF9F_20260827_0900,2026-08-27 09:00:00
2026-06-10,150107794,2266,0,12.4628710301,-6.2314355151,-6.2314355151,0E-7,3,2,0.42680505000000000,0.393584825000,-0.8629062149761382,-0.8056272404023801,-0.8629062149761382,0.03322022500000000,ELIGIBLE,R03b_20260811_FULL_v1,L1_ELIGIBILITY,v2026-08-11,2026-03-21..2026-08-06,baccarat_bet02_101_all_pairs_incl_sentinel,round_win = game_pnl > 0 (decisive only),COMPATIBILITY_ONLY_NOT_PRODUCTION,39187.2093,35396.6747,483.0410,8363,6242,-0.01232650,-0.05216444,-0.01154840,-0.01232650,-483.0410,39187.2093,OK,0.0000,19.3216,4.0000,96.0000,AG03-UNRESOLVED,ALL5_LEVELS_bet23_to_bet27,19.3216,19.3216,19.3216,0.0000,0.0000,4.000000,4.000000,4.000000,0.000000,0.000000,96.000000,96.000000,96.000000,100.000000,100.000000,5.0,57.9649,55.6772,425.0761,427.3638,PENDING_AG03,FALSE,NOT_FOR_ENFORCEMENT,463.7194,33980.8077,483.0410,463.7194,19.3216,0.01232650,0.01183344,19.3216,463.7194,0.01183344,19.3216,19.3216,19.3216,0.0000,0.0000,463.7194,0.01183344,57.9649,55.6772,425.0761,427.3638,0.01084732,0.0109057,0.00049306,4.6858,5.6707,0.0774,15.5820,0.2688,1264.1035,201.3548,4.5499,4.6885,2.0771,4.1543,6.1317,8.4025,10.5031,18.5864,3.9466,-2.0771,2.528253,4.474023,1.127938,29,192,48,6,0.01915741,0.01232650,0.05216444,0E-8,0.000000,0.903271,0.017936,-0.04061604,2026-05-16,2026-07-20,31,1797,733,66,0.469697,0.970424,0.970991,0.063858,,,,,,,,GLOBAL_BASELINE_NO_ENTITY_RANKING,,,NOT_APPLICABLE_GLOBAL_BASELINE,HF9g-P5,,,,X 全窗基线 · 不参与实体赏罚,8395465,840,A168_HF9F_20260827_0900,2026-08-27 09:00:00
2026-06-10,150107794,2278,0,16.6171613735,-8.3085806867,-8.3085806867,0.3333333,4,3,0.44895186666666667,0.426805050000,-0.4026182201628191,-0.3273217721103076,-0.4026182201628191,0.02214681666666667,ELIGIBLE,R03b_20260811_FULL_v1,L1_ELIGIBILITY,v2026-08-11,2026-03-21..2026-08-06,baccarat_bet02_101_all_pairs_incl_sentinel,round_win = game_pnl > 0 (decisive only),COMPATIBILITY_ONLY_NOT_PRODUCTION,39187.2093,35396.6747,483.0410,8363,6242,-0.01232650,-0.05216444,-0.01154840,-0.01232650,-483.0410,39187.2093,OK,0.0000,19.3216,4.0000,96.0000,AG03-UNRESOLVED,ALL5_LEVELS_bet23_to_bet27,19.3216,19.3216,19.3216,0.0000,0.0000,4.000000,4.000000,4.000000,0.000000,0.000000,96.000000,96.000000,96.000000,100.000000,100.000000,5.0,57.9649,55.6772,425.0761,427.3638,PENDING_AG03,FALSE,NOT_FOR_ENFORCEMENT,463.7194,33980.8077,483.0410,463.7194,19.3216,0.01232650,0.01183344,19.3216,463.7194,0.01183344,19.3216,19.3216,19.3216,0.0000,0.0000,463.7194,0.01183344,57.9649,55.6772,425.0761,427.3638,0.01084732,0.0109057,0.00049306,4.6858,5.6707,0.0774,15.5820,0.2688,1264.1035,201.3548,4.5499,4.6885,2.0771,4.1543,6.1317,8.4025,10.5031,18.5864,3.9466,-2.0771,2.528253,4.474023,1.127938,29,192,48,6,0.01915741,0.01232650,0.05216444,0E-8,0.000000,0.903271,0.017936,-0.04061604,2026-05-16,2026-07-20,31,1797,733,66,0.469697,0.970424,0.970991,0.063858,,,,,,,,GLOBAL_BASELINE_NO_ENTITY_RANKING,,,NOT_APPLICABLE_GLOBAL_BASELINE,HF9g-P5,,,,X 全窗基线 · 不参与实体赏罚,8395466,840,A168_HF9F_20260827_0900,2026-08-27 09:00:00
2026-06-10,150107794,2280,0,71.0383648715,15.7447604011,15.7447604011,0.7142857,14,7,0.41212757441057145,0.295839178571,1.6241492533028357,2.4256337338719836,1.6241492533028357,0.11628839583957145,ELIGIBLE,R03b_20260811_FULL_v1,L1_ELIGIBILITY,v2026-08-11,2026-03-21..2026-08-06,baccarat_bet02_101_all_pairs_incl_sentinel,round_win = game_pnl > 0 (decisive only),COMPATIBILITY_ONLY_NOT_PRODUCTION,39187.2093,35396.6747,483.0410,8363,6242,-0.01232650,-0.05216444,-0.01154840,-0.01232650,-483.0410,39187.2093,OK,0.0000,19.3216,4.0000,96.0000,AG03-UNRESOLVED,ALL5_LEVELS_bet23_to_bet27,19.3216,19.3216,19.3216,0.0000,0.0000,4.000000,4.000000,4.000000,0.000000,0.000000,96.000000,96.000000,96.000000,100.000000,100.000000,5.0,57.9649,55.6772,425.0761,427.3638,PENDING_AG03,FALSE,NOT_FOR_ENFORCEMENT,463.7194,33980.8077,483.0410,463.7194,19.3216,0.01232650,0.01183344,19.3216,463.7194,0.01183344,19.3216,19.3216,19.3216,0.0000,0.0000,463.7194,0.01183344,57.9649,55.6772,425.0761,427.3638,0.01084732,0.0109057,0.00049306,4.6858,5.6707,0.0774,15.5820,0.2688,1264.1035,201.3548,4.5499,4.6885,2.0771,4.1543,6.1317,8.4025,10.5031,18.5864,3.9466,-2.0771,2.528253,4.474023,1.127938,29,192,48,6,0.01915741,0.01232650,0.05216444,0E-8,0.000000,0.903271,0.017936,-0.04061604,2026-05-16,2026-07-20,31,1797,733,66,0.469697,0.970424,0.970991,0.063858,,,,,,,,GLOBAL_BASELINE_NO_ENTITY_RANKING,,,NOT_APPLICABLE_GLOBAL_BASELINE,HF9g-P5,,,,X 全窗基线 · 不参与实体赏罚,8395467,840,A168_HF9F_20260827_0900,2026-08-27 09:00:00
2026-06-10,150107794,2281,0,24.9257420601,1.2462871030,1.2462871030,0.6666667,5,4,0.46311552848811260,0.443415162500,0.7070482787687878,0.7783663736581422,0.7070482787687878,0.01970036598811260,ELIGIBLE,R03b_20260811_FULL_v1,L1_ELIGIBILITY,v2026-08-11,2026-03-21..2026-08-06,baccarat_bet02_101_all_pairs_incl_sentinel,round_win = game_pnl > 0 (decisive only),COMPATIBILITY_ONLY_NOT_PRODUCTION,39187.2093,35396.6747,483.0410,8363,6242,-0.01232650,-0.05216444,-0.01154840,-0.01232650,-483.0410,39187.2093,OK,0.0000,19.3216,4.0000,96.0000,AG03-UNRESOLVED,ALL5_LEVELS_bet23_to_bet27,19.3216,19.3216,19.3216,0.0000,0.0000,4.000000,4.000000,4.000000,0.000000,0.000000,96.000000,96.000000,96.000000,100.000000,100.000000,5.0,57.9649,55.6772,425.0761,427.3638,PENDING_AG03,FALSE,NOT_FOR_ENFORCEMENT,463.7194,33980.8077,483.0410,463.7194,19.3216,0.01232650,0.01183344,19.3216,463.7194,0.01183344,19.3216,19.3216,19.3216,0.0000,0.0000,463.7194,0.01183344,57.9649,55.6772,425.0761,427.3638,0.01084732,0.0109057,0.00049306,4.6858,5.6707,0.0774,15.5820,0.2688,1264.1035,201.3548,4.5499,4.6885,2.0771,4.1543,6.1317,8.4025,10.5031,18.5864,3.9466,-2.0771,2.528253,4.474023,1.127938,29,192,48,6,0.01915741,0.01232650,0.05216444,0E-8,0.000000,0.903271,0.017936,-0.04061604,2026-05-16,2026-07-20,31,1797,733,66,0.469697,0.970424,0.970991,0.063858,,,,,,,,GLOBAL_BASELINE_NO_ENTITY_RANKING,,,NOT_APPLICABLE_GLOBAL_BASELINE,HF9g-P5,,,,X 全窗基线 · 不参与实体赏罚,8395468,840,A168_HF9F_20260827_0900,2026-08-27 09:00:00
2026-06-10,150107794,550,0,3.1157177575,-3.1157177575,-3.1157177575,0E-7,1,1,0.49324550000000000,0.493245500000,-0.9865810262130424,-0.9865810262130424,-0.9865810262130424,0E-17,ELIGIBLE,R03b_20260811_FULL_v1,L1_ELIGIBILITY,v2026-08-11,2026-03-21..2026-08-06,baccarat_bet02_101_all_pairs_incl_sentinel,round_win = game_pnl > 0 (decisive only),COMPATIBILITY_ONLY_NOT_PRODUCTION,39187.2093,35396.6747,483.0410,8363,6242,-0.01232650,-0.05216444,-0.01154840,-0.01232650,-483.0410,39187.2093,OK,0.0000,19.3216,4.0000,96.0000,AG03-UNRESOLVED,ALL5_LEVELS_bet23_to_bet27,19.3216,19.3216,19.3216,0.0000,0.0000,4.000000,4.000000,4.000000,0.000000,0.000000,96.000000,96.000000,96.000000,100.000000,100.000000,5.0,57.9649,55.6772,425.0761,427.3638,PENDING_AG03,FALSE,NOT_FOR_ENFORCEMENT,463.7194,33980.8077,483.0410,463.7194,19.3216,0.01232650,0.01183344,19.3216,463.7194,0.01183344,19.3216,19.3216,19.3216,0.0000,0.0000,463.7194,0.01183344,57.9649,55.6772,425.0761,427.3638,0.01084732,0.0109057,0.00049306,4.6858,5.6707,0.0774,15.5820,0.2688,1264.1035,201.3548,4.5499,4.6885,2.0771,4.1543,6.1317,8.4025,10.5031,18.5864,3.9466,-2.0771,2.528253,4.474023,1.127938,29,192,48,6,0.01915741,0.01232650,0.05216444,0E-8,0.000000,0.903271,0.017936,-0.04061604,2026-05-16,2026-07-20,31,1797,733,66,0.469697,0.970424,0.970991,0.063858,,,,,,,,GLOBAL_BASELINE_NO_ENTITY_RANKING,,,NOT_APPLICABLE_GLOBAL_BASELINE,HF9g-P5,,,,X 全窗基线 · 不参与实体赏罚,8395469,840,A168_HF9F_20260827_0900,2026-08-27 09:00:00
2026-06-10,150107794,583,0,2.0771451717,0E-10,0E-10,,1,1,0.50665070000000000,0.506650700000,,,,0E-17,NO_DECISIVE_ROUND,R03b_20260811_FULL_v1,L1_ELIGIBILITY,v2026-08-11,2026-03-21..2026-08-06,baccarat_bet02_101_all_pairs_incl_sentinel,round_win = game_pnl > 0 (decisive only),COMPATIBILITY_ONLY_NOT_PRODUCTION,39187.2093,35396.6747,483.0410,8363,6242,-0.01232650,-0.05216444,-0.01154840,-0.01232650,-483.0410,39187.2093,OK,0.0000,19.3216,4.0000,96.0000,AG03-UNRESOLVED,ALL5_LEVELS_bet23_to_bet27,19.3216,19.3216,19.3216,0.0000,0.0000,4.000000,4.000000,4.000000,0.000000,0.000000,96.000000,96.000000,96.000000,100.000000,100.000000,5.0,57.9649,55.6772,425.0761,427.3638,PENDING_AG03,FALSE,NOT_FOR_ENFORCEMENT,463.7194,33980.8077,483.0410,463.7194,19.3216,0.01232650,0.01183344,19.3216,463.7194,0.01183344,19.3216,19.3216,19.3216,0.0000,0.0000,463.7194,0.01183344,57.9649,55.6772,425.0761,427.3638,0.01084732,0.0109057,0.00049306,4.6858,5.6707,0.0774,15.5820,0.2688,1264.1035,201.3548,4.5499,4.6885,2.0771,4.1543,6.1317,8.4025,10.5031,18.5864,3.9466,-2.0771,2.528253,4.474023,1.127938,29,192,48,6,0.01915741,0.01232650,0.05216444,0E-8,0.000000,0.903271,0.017936,-0.04061604,2026-05-16,2026-07-20,31,1797,733,66,0.469697,0.970424,0.970991,0.063858,,,,,,,,GLOBAL_BASELINE_NO_ENTITY_RANKING,,,NOT_APPLICABLE_GLOBAL_BASELINE,HF9g-P5,,,,X 全窗基线 · 不参与实体赏罚,8395470,840,A168_HF9F_20260827_0900,2026-08-27 09:00:00
2026-06-10,150107794,752,0,10.8011548928,-0.5192862929,-0.5192862929,0.6666667,5,4,0.45647577499959014,0.451793412500,0.7308970345902656,0.7478266129449506,0.7308970345902656,0.00468236249959014,ELIGIBLE,R03b_20260811_FULL_v1,L1_ELIGIBILITY,v2026-08-11,2026-03-21..2026-08-06,baccarat_bet02_101_all_pairs_incl_sentinel,round_win = game_pnl > 0 (decisive only),COMPATIBILITY_ONLY_NOT_PRODUCTION,39187.2093,35396.6747,483.0410,8363,6242,-0.01232650,-0.05216444,-0.01154840,-0.01232650,-483.0410,39187.2093,OK,0.0000,19.3216,4.0000,96.0000,AG03-UNRESOLVED,ALL5_LEVELS_bet23_to_bet27,19.3216,19.3216,19.3216,0.0000,0.0000,4.000000,4.000000,4.000000,0.000000,0.000000,96.000000,96.000000,96.000000,100.000000,100.000000,5.0,57.9649,55.6772,425.0761,427.3638,PENDING_AG03,FALSE,NOT_FOR_ENFORCEMENT,463.7194,33980.8077,483.0410,463.7194,19.3216,0.01232650,0.01183344,19.3216,463.7194,0.01183344,19.3216,19.3216,19.3216,0.0000,0.0000,463.7194,0.01183344,57.9649,55.6772,425.0761,427.3638,0.01084732,0.0109057,0.00049306,4.6858,5.6707,0.0774,15.5820,0.2688,1264.1035,201.3548,4.5499,4.6885,2.0771,4.1543,6.1317,8.4025,10.5031,18.5864,3.9466,-2.0771,2.528253,4.474023,1.127938,29,192,48,6,0.01915741,0.01232650,0.05216444,0E-8,0.000000,0.903271,0.017936,-0.04061604,2026-05-16,2026-07-20,31,1797,733,66,0.469697,0.970424,0.970991,0.063858,,,,,,,,GLOBAL_BASELINE_NO_ENTITY_RANKING,,,NOT_APPLICABLE_GLOBAL_BASELINE,HF9g-P5,,,,X 全窗基线 · 不参与实体赏罚,8395471,840,A168_HF9F_20260827_0900,2026-08-27 09:00:00
2026-06-10,150107794,919,0,43.6200486055,9.3783104501,9.3783104501,0.7142857,11,8,0.45664412812484502,0.426878243750,1.3684655317940682,1.537345972463017,1.3684655317940682,0.02976588437484502,ELIGIBLE,R03b_20260811_FULL_v1,L1_ELIGIBILITY,v2026-08-11,2026-03-21..2026-08-06,baccarat_bet02_101_all_pairs_incl_sentinel,round_win = game_pnl > 0 (decisive only),COMPATIBILITY_ONLY_NOT_PRODUCTION,39187.2093,35396.6747,483.0410,8363,6242,-0.01232650,-0.05216444,-0.01154840,-0.01232650,-483.0410,39187.2093,OK,0.0000,19.3216,4.0000,96.0000,AG03-UNRESOLVED,ALL5_LEVELS_bet23_to_bet27,19.3216,19.3216,19.3216,0.0000,0.0000,4.000000,4.000000,4.000000,0.000000,0.000000,96.000000,96.000000,96.000000,100.000000,100.000000,5.0,57.9649,55.6772,425.0761,427.3638,PENDING_AG03,FALSE,NOT_FOR_ENFORCEMENT,463.7194,33980.8077,483.0410,463.7194,19.3216,0.01232650,0.01183344,19.3216,463.7194,0.01183344,19.3216,19.3216,19.3216,0.0000,0.0000,463.7194,0.01183344,57.9649,55.6772,425.0761,427.3638,0.01084732,0.0109057,0.00049306,4.6858,5.6707,0.0774,15.5820,0.2688,1264.1035,201.3548,4.5499,4.6885,2.0771,4.1543,6.1317,8.4025,10.5031,18.5864,3.9466,-2.0771,2.528253,4.474023,1.127938,29,192,48,6,0.01915741,0.01232650,0.05216444,0E-8,0.000000,0.903271,0.017936,-0.04061604,2026-05-16,2026-07-20,31,1797,733,66,0.469697,0.970424,0.970991,0.063858,,,,,,,,GLOBAL_BASELINE_NO_ENTITY_RANKING,,,NOT_APPLICABLE_GLOBAL_BASELINE,HF9g-P5,,,,X 全窗基线 · 不参与实体赏罚,8395472,840,A168_HF9F_20260827_0900,2026-08-27 09:00:00
2026-06-10,150107794,986,0,8.3085806867,-4.1542903433,-4.1542903433,0.5000000,2,2,0.49324550000000000,0.493245500000,0.01910635448239258,0.01910635448239258,0.01910635448239258,0E-17,ELIGIBLE,R03b_20260811_FULL_v1,L1_ELIGIBILITY,v2026-08-11,2026-03-21..2026-08-06,baccarat_bet02_101_all_pairs_incl_sentinel,round_win = game_pnl > 0 (decisive only),COMPATIBILITY_ONLY_NOT_PRODUCTION,39187.2093,35396.6747,483.0410,8363,6242,-0.01232650,-0.05216444,-0.01154840,-0.01232650,-483.0410,39187.2093,OK,0.0000,19.3216,4.0000,96.0000,AG03-UNRESOLVED,ALL5_LEVELS_bet23_to_bet27,19.3216,19.3216,19.3216,0.0000,0.0000,4.000000,4.000000,4.000000,0.000000,0.000000,96.000000,96.000000,96.000000,100.000000,100.000000,5.0,57.9649,55.6772,425.0761,427.3638,PENDING_AG03,FALSE,NOT_FOR_ENFORCEMENT,463.7194,33980.8077,483.0410,463.7194,19.3216,0.01232650,0.01183344,19.3216,463.7194,0.01183344,19.3216,19.3216,19.3216,0.0000,0.0000,463.7194,0.01183344,57.9649,55.6772,425.0761,427.3638,0.01084732,0.0109057,0.00049306,4.6858,5.6707,0.0774,15.5820,0.2688,1264.1035,201.3548,4.5499,4.6885,2.0771,4.1543,6.1317,8.4025,10.5031,18.5864,3.9466,-2.0771,2.528253,4.474023,1.127938,29,192,48,6,0.01915741,0.01232650,0.05216444,0E-8,0.000000,0.903271,0.017936,-0.04061604,2026-05-16,2026-07-20,31,1797,733,66,0.469697,0.970424,0.970991,0.063858,,,,,,,,GLOBAL_BASELINE_NO_ENTITY_RANKING,,,NOT_APPLICABLE_GLOBAL_BASELINE,HF9g-P5,,,,X 全窗基线 · 不参与实体赏罚,8395473,840,A168_HF9F_20260827_0900,2026-08-27 09:00:00
2026-06-11,150107794,-1,1,50.2669131548,-0.1246287103,-0.1246287103,0.5000000,22,22,0.50055742727272727,0.500557427273,-0.005229134579559173,-0.005229134582117613,-0.005229134579559173,-2.7273E-13,SENTINEL_DEALER,R03b_20260811_FULL_v1,L1_ELIGIBILITY,v2026-08-11,2026-03-21..2026-08-06,baccarat_bet02_101_all_pairs_incl_sentinel,round_win = game_pnl > 0 (decisive only),COMPATIBILITY_ONLY_NOT_PRODUCTION,39187.2093,35396.6747,483.0410,8363,6242,-0.01232650,-0.05216444,-0.01154840,-0.01232650,-483.0410,39187.2093,OK,0.0000,19.3216,4.0000,96.0000,AG03-UNRESOLVED,ALL5_LEVELS_bet23_to_bet27,19.3216,19.3216,19.3216,0.0000,0.0000,4.000000,4.000000,4.000000,0.000000,0.000000,96.000000,96.000000,96.000000,100.000000,100.000000,5.0,57.9649,55.6772,425.0761,427.3638,PENDING_AG03,FALSE,NOT_FOR_ENFORCEMENT,463.7194,33980.8077,483.0410,463.7194,19.3216,0.01232650,0.01183344,19.3216,463.7194,0.01183344,19.3216,19.3216,19.3216,0.0000,0.0000,463.7194,0.01183344,57.9649,55.6772,425.0761,427.3638,0.01084732,0.0109057,0.00049306,4.6858,5.6707,0.0774,15.5820,0.2688,1264.1035,201.3548,4.5499,4.6885,2.0771,4.1543,6.1317,8.4025,10.5031,18.5864,3.9466,-2.0771,2.528253,4.474023,1.127938,29,192,48,6,0.01915741,0.01232650,0.05216444,0E-8,0.000000,0.903271,0.017936,-0.04061604,2026-05-16,2026-07-20,31,1797,733,66,0.469697,0.970424,0.970991,0.063858,,,,,,,,GLOBAL_BASELINE_NO_ENTITY_RANKING,,,NOT_APPLICABLE_GLOBAL_BASELINE,HF9g-P5,,,,X 全窗基线 · 不参与实体赏罚,8395474,840,A168_HF9F_20260827_0900,2026-08-27 09:00:00
2026-06-11,150107794,1402,0,16.4094468564,-8.3085806868,-8.3085806868,0.3333333,5,3,0.40610979999977180,0.362598800000,-0.25667098638077984,-0.10543783055845604,-0.25667098638077984,0.04351099999977180,ELIGIBLE,R03b_20260811_FULL_v1,L1_ELIGIBILITY,v2026-08-11,2026-03-21..2026-08-06,baccarat_bet02_101_all_pairs_incl_sentinel,round_win = game_pnl > 0 (decisive only),COMPATIBILITY_ONLY_NOT_PRODUCTION,39187.2093,35396.6747,483.0410,8363,6242,-0.01232650,-0.05216444,-0.01154840,-0.01232650,-483.0410,39187.2093,OK,0.0000,19.3216,4.0000,96.0000,AG03-UNRESOLVED,ALL5_LEVELS_bet23_to_bet27,19.3216,19.3216,19.3216,0.0000,0.0000,4.000000,4.000000,4.000000,0.000000,0.000000,96.000000,96.000000,96.000000,100.000000,100.000000,5.0,57.9649,55.6772,425.0761,427.3638,PENDING_AG03,FALSE,NOT_FOR_ENFORCEMENT,463.7194,33980.8077,483.0410,463.7194,19.3216,0.01232650,0.01183344,19.3216,463.7194,0.01183344,19.3216,19.3216,19.3216,0.0000,0.0000,463.7194,0.01183344,57.9649,55.6772,425.0761,427.3638,0.01084732,0.0109057,0.00049306,4.6858,5.6707,0.0774,15.5820,0.2688,1264.1035,201.3548,4.5499,4.6885,2.0771,4.1543,6.1317,8.4025,10.5031,18.5864,3.9466,-2.0771,2.528253,4.474023,1.127938,29,192,48,6,0.01915741,0.01232650,0.05216444,0E-8,0.000000,0.903271,0.017936,-0.04061604,2026-05-16,2026-07-20,31,1797,733,66,0.469697,0.970424,0.970991,0.063858,,,,,,,,GLOBAL_BASELINE_NO_ENTITY_RANKING,,,NOT_APPLICABLE_GLOBAL_BASELINE,HF9g-P5,,,,X 全窗基线 · 不参与实体赏罚,8395475,840,A168_HF9F_20260827_0900,2026-08-27 09:00:00
2026-06-11,150107794,2218,0,4.1542903434,-0.1038572586,-0.1038572586,0.5000000,2,2,0.50665070000000000,0.506650700000,-0.018812684590367487,-0.018812684590367487,-0.018812684590367487,0E-17,ELIGIBLE,R03b_20260811_FULL_v1,L1_ELIGIBILITY,v2026-08-11,2026-03-21..2026-08-06,baccarat_bet02_101_all_pairs_incl_sentinel,round_win = game_pnl > 0 (decisive only),COMPATIBILITY_ONLY_NOT_PRODUCTION,39187.2093,35396.6747,483.0410,8363,6242,-0.01232650,-0.05216444,-0.01154840,-0.01232650,-483.0410,39187.2093,OK,0.0000,19.3216,4.0000,96.0000,AG03-UNRESOLVED,ALL5_LEVELS_bet23_to_bet27,19.3216,19.3216,19.3216,0.0000,0.0000,4.000000,4.000000,4.000000,0.000000,0.000000,96.000000,96.000000,96.000000,100.000000,100.000000,5.0,57.9649,55.6772,425.0761,427.3638,PENDING_AG03,FALSE,NOT_FOR_ENFORCEMENT,463.7194,33980.8077,483.0410,463.7194,19.3216,0.01232650,0.01183344,19.3216,463.7194,0.01183344,19.3216,19.3216,19.3216,0.0000,0.0000,463.7194,0.01183344,57.9649,55.6772,425.0761,427.3638,0.01084732,0.0109057,0.00049306,4.6858,5.6707,0.0774,15.5820,0.2688,1264.1035,201.3548,4.5499,4.6885,2.0771,4.1543,6.1317,8.4025,10.5031,18.5864,3.9466,-2.0771,2.528253,4.474023,1.127938,29,192,48,6,0.01915741,0.01232650,0.05216444,0E-8,0.000000,0.903271,0.017936,-0.04061604,2026-05-16,2026-07-20,31,1797,733,66,0.469697,0.970424,0.970991,0.063858,,,,,,,,GLOBAL_BASELINE_NO_ENTITY_RANKING,,,NOT_APPLICABLE_GLOBAL_BASELINE,HF9g-P5,,,,X 全窗基线 · 不参与实体赏罚,8395476,840,A168_HF9F_20260827_0900,2026-08-27 09:00:00
2026-06-11,150107794,2224,0,6.2314355151,-6.2314355151,-6.2314355151,0E-7,3,3,0.36483300000000000,0.364833000000,-1.3126946686153371,-1.3126946686153371,-1.3126946686153371,0E-17,ELIGIBLE,R03b_20260811_FULL_v1,L1_ELIGIBILITY,v2026-08-11,2026-03-21..2026-08-06,baccarat_bet02_101_all_pairs_incl_sentinel,round_win = game_pnl > 0 (decisive only),COMPATIBILITY_ONLY_NOT_PRODUCTION,39187.2093,35396.6747,483.0410,8363,6242,-0.01232650,-0.05216444,-0.01154840,-0.01232650,-483.0410,39187.2093,OK,0.0000,19.3216,4.0000,96.0000,AG03-UNRESOLVED,ALL5_LEVELS_bet23_to_bet27,19.3216,19.3216,19.3216,0.0000,0.0000,4.000000,4.000000,4.000000,0.000000,0.000000,96.000000,96.000000,96.000000,100.000000,100.000000,5.0,57.9649,55.6772,425.0761,427.3638,PENDING_AG03,FALSE,NOT_FOR_ENFORCEMENT,463.7194,33980.8077,483.0410,463.7194,19.3216,0.01232650,0.01183344,19.3216,463.7194,0.01183344,19.3216,19.3216,19.3216,0.0000,0.0000,463.7194,0.01183344,57.9649,55.6772,425.0761,427.3638,0.01084732,0.0109057,0.00049306,4.6858,5.6707,0.0774,15.5820,0.2688,1264.1035,201.3548,4.5499,4.6885,2.0771,4.1543,6.1317,8.4025,10.5031,18.5864,3.9466,-2.0771,2.528253,4.474023,1.127938,29,192,48,6,0.01915741,0.01232650,0.05216444,0E-8,0.000000,0.903271,0.017936,-0.04061604,2026-05-16,2026-07-20,31,1797,733,66,0.469697,0.970424,0.970991,0.063858,,,,,,,,GLOBAL_BASELINE_NO_ENTITY_RANKING,,,NOT_APPLICABLE_GLOBAL_BASELINE,HF9g-P5,,,,X 全窗基线 · 不参与实体赏罚,8395477,840,A168_HF9F_20260827_0900,2026-08-27 09:00:00
2026-06-11,150107794,2234,0,11.6320129614,-3.9361901003,-3.9361901003,0.2500000,4,4,0.50665070000000000,0.506650700000,-1.0266936290537745,-1.0266936290537745,-1.0266936290537745,0E-17,ELIGIBLE,R03b_20260811_FULL_v1,L1_ELIGIBILITY,v2026-08-11,2026-03-21..2026-08-06,baccarat_bet02_101_all_pairs_incl_sentinel,round_win = game_pnl > 0 (decisive only),COMPATIBILITY_ONLY_NOT_PRODUCTION,39187.2093,35396.6747,483.0410,8363,6242,-0.01232650,-0.05216444,-0.01154840,-0.01232650,-483.0410,39187.2093,OK,0.0000,19.3216,4.0000,96.0000,AG03-UNRESOLVED,ALL5_LEVELS_bet23_to_bet27,19.3216,19.3216,19.3216,0.0000,0.0000,4.000000,4.000000,4.000000,0.000000,0.000000,96.000000,96.000000,96.000000,100.000000,100.000000,5.0,57.9649,55.6772,425.0761,427.3638,PENDING_AG03,FALSE,NOT_FOR_ENFORCEMENT,463.7194,33980.8077,483.0410,463.7194,19.3216,0.01232650,0.01183344,19.3216,463.7194,0.01183344,19.3216,19.3216,19.3216,0.0000,0.0000,463.7194,0.01183344,57.9649,55.6772,425.0761,427.3638,0.01084732,0.0109057,0.00049306,4.6858,5.6707,0.0774,15.5820,0.2688,1264.1035,201.3548,4.5499,4.6885,2.0771,4.1543,6.1317,8.4025,10.5031,18.5864,3.9466,-2.0771,2.528253,4.474023,1.127938,29,192,48,6,0.01915741,0.01232650,0.05216444,0E-8,0.000000,0.903271,0.017936,-0.04061604,2026-05-16,2026-07-20,31,1797,733,66,0.469697,0.970424,0.970991,0.063858,,,,,,,,GLOBAL_BASELINE_NO_ENTITY_RANKING,,,NOT_APPLICABLE_GLOBAL_BASELINE,HF9g-P5,,,,X 全窗基线 · 不参与实体赏罚,8395478,840,A168_HF9F_20260827_0900,2026-08-27 09:00:00
2026-06-11,150107794,2248,0,8.1008661696,0E-10,0E-10,0.5000000,2,2,0.50665070000000000,0.506650700000,-0.018812684590367487,-0.018812684590367487,-0.018812684590367487,0E-17,ELIGIBLE,R03b_20260811_FULL_v1,L1_ELIGIBILITY,v2026-08-11,2026-03-21..2026-08-06,baccarat_bet02_101_all_pairs_incl_sentinel,round_win = game_pnl > 0 (decisive only),COMPATIBILITY_ONLY_NOT_PRODUCTION,39187.2093,35396.6747,483.0410,8363,6242,-0.01232650,-0.05216444,-0.01154840,-0.01232650,-483.0410,39187.2093,OK,0.0000,19.3216,4.0000,96.0000,AG03-UNRESOLVED,ALL5_LEVELS_bet23_to_bet27,19.3216,19.3216,19.3216,0.0000,0.0000,4.000000,4.000000,4.000000,0.000000,0.000000,96.000000,96.000000,96.000000,100.000000,100.000000,5.0,57.9649,55.6772,425.0761,427.3638,PENDING_AG03,FALSE,NOT_FOR_ENFORCEMENT,463.7194,33980.8077,483.0410,463.7194,19.3216,0.01232650,0.01183344,19.3216,463.7194,0.01183344,19.3216,19.3216,19.3216,0.0000,0.0000,463.7194,0.01183344,57.9649,55.6772,425.0761,427.3638,0.01084732,0.0109057,0.00049306,4.6858,5.6707,0.0774,15.5820,0.2688,1264.1035,201.3548,4.5499,4.6885,2.0771,4.1543,6.1317,8.4025,10.5031,18.5864,3.9466,-2.0771,2.528253,4.474023,1.127938,29,192,48,6,0.01915741,0.01232650,0.05216444,0E-8,0.000000,0.903271,0.017936,-0.04061604,2026-05-16,2026-07-20,31,1797,733,66,0.469697,0.970424,0.970991,0.063858,,,,,,,,GLOBAL_BASELINE_NO_ENTITY_RANKING,,,NOT_APPLICABLE_GLOBAL_BASELINE,HF9g-P5,,,,X 全窗基线 · 不参与实体赏罚,8395479,840,A168_HF9F_20260827_0900,2026-08-27 09:00:00
2026-06-11,150107794,2251,0,18.6943065453,-2.0771451717,-2.0771451717,0.5000000,5,4,0.46672787500000000,0.450117762500,0.13338414931433465,0.2005293749887908,0.13338414931433465,0.01661011250000000,ELIGIBLE,R03b_20260811_FULL_v1,L1_ELIGIBILITY,v2026-08-11,2026-03-21..2026-08-06,baccarat_bet02_101_all_pairs_incl_sentinel,round_win = game_pnl > 0 (decisive only),COMPATIBILITY_ONLY_NOT_PRODUCTION,39187.2093,35396.6747,483.0410,8363,6242,-0.01232650,-0.05216444,-0.01154840,-0.01232650,-483.0410,39187.2093,OK,0.0000,19.3216,4.0000,96.0000,AG03-UNRESOLVED,ALL5_LEVELS_bet23_to_bet27,19.3216,19.3216,19.3216,0.0000,0.0000,4.000000,4.000000,4.000000,0.000000,0.000000,96.000000,96.000000,96.000000,100.000000,100.000000,5.0,57.9649,55.6772,425.0761,427.3638,PENDING_AG03,FALSE,NOT_FOR_ENFORCEMENT,463.7194,33980.8077,483.0410,463.7194,19.3216,0.01232650,0.01183344,19.3216,463.7194,0.01183344,19.3216,19.3216,19.3216,0.0000,0.0000,463.7194,0.01183344,57.9649,55.6772,425.0761,427.3638,0.01084732,0.0109057,0.00049306,4.6858,5.6707,0.0774,15.5820,0.2688,1264.1035,201.3548,4.5499,4.6885,2.0771,4.1543,6.1317,8.4025,10.5031,18.5864,3.9466,-2.0771,2.528253,4.474023,1.127938,29,192,48,6,0.01915741,0.01232650,0.05216444,0E-8,0.000000,0.903271,0.017936,-0.04061604,2026-05-16,2026-07-20,31,1797,733,66,0.469697,0.970424,0.970991,0.063858,,,,,,,,GLOBAL_BASELINE_NO_ENTITY_RANKING,,,NOT_APPLICABLE_GLOBAL_BASELINE,HF9g-P5,,,,X 全窗基线 · 不参与实体赏罚,8395480,840,A168_HF9F_20260827_0900,2026-08-27 09:00:00
2026-06-11,150107794,2256,0,10.3857258585,-6.2314355151,-6.2314355151,0.3333333,3,3,0.49771390000000000,0.497713900000,-0.5694369385616226,-0.5694369385616226,-0.5694369385616226,0E-17,ELIGIBLE,R03b_20260811_FULL_v1,L1_ELIGIBILITY,v2026-08-11,2026-03-21..2026-08-06,baccarat_bet02_101_all_pairs_incl_sentinel,round_win = game_pnl > 0 (decisive only),COMPATIBILITY_ONLY_NOT_PRODUCTION,39187.2093,35396.6747,483.0410,8363,6242,-0.01232650,-0.05216444,-0.01154840,-0.01232650,-483.0410,39187.2093,OK,0.0000,19.3216,4.0000,96.0000,AG03-UNRESOLVED,ALL5_LEVELS_bet23_to_bet27,19.3216,19.3216,19.3216,0.0000,0.0000,4.000000,4.000000,4.000000,0.000000,0.000000,96.000000,96.000000,96.000000,100.000000,100.000000,5.0,57.9649,55.6772,425.0761,427.3638,PENDING_AG03,FALSE,NOT_FOR_ENFORCEMENT,463.7194,33980.8077,483.0410,463.7194,19.3216,0.01232650,0.01183344,19.3216,463.7194,0.01183344,19.3216,19.3216,19.3216,0.0000,0.0000,463.7194,0.01183344,57.9649,55.6772,425.0761,427.3638,0.01084732,0.0109057,0.00049306,4.6858,5.6707,0.0774,15.5820,0.2688,1264.1035,201.3548,4.5499,4.6885,2.0771,4.1543,6.1317,8.4025,10.5031,18.5864,3.9466,-2.0771,2.528253,4.474023,1.127938,29,192,48,6,0.01915741,0.01232650,0.05216444,0E-8,0.000000,0.903271,0.017936,-0.04061604,2026-05-16,2026-07-20,31,1797,733,66,0.469697,0.970424,0.970991,0.063858,,,,,,,,GLOBAL_BASELINE_NO_ENTITY_RANKING,,,NOT_APPLICABLE_GLOBAL_BASELINE,HF9g-P5,,,,X 全窗基线 · 不参与实体赏罚,8395481,840,A168_HF9F_20260827_0900,2026-08-27 09:00:00
2026-06-11,150107794,2258,0,12.8783000644,12.3382423197,12.3382423197,1.0000000,5,5,0.50396966000000000,0.503969660000,2.2183850348988448,2.2183850348988448,2.2183850348988448,0E-17,ELIGIBLE,R03b_20260811_FULL_v1,L1_ELIGIBILITY,v2026-08-11,2026-03-21..2026-08-06,baccarat_bet02_101_all_pairs_incl_sentinel,round_win = game_pnl > 0 (decisive only),COMPATIBILITY_ONLY_NOT_PRODUCTION,39187.2093,35396.6747,483.0410,8363,6242,-0.01232650,-0.05216444,-0.01154840,-0.01232650,-483.0410,39187.2093,OK,0.0000,19.3216,4.0000,96.0000,AG03-UNRESOLVED,ALL5_LEVELS_bet23_to_bet27,19.3216,19.3216,19.3216,0.0000,0.0000,4.000000,4.000000,4.000000,0.000000,0.000000,96.000000,96.000000,96.000000,100.000000,100.000000,5.0,57.9649,55.6772,425.0761,427.3638,PENDING_AG03,FALSE,NOT_FOR_ENFORCEMENT,463.7194,33980.8077,483.0410,463.7194,19.3216,0.01232650,0.01183344,19.3216,463.7194,0.01183344,19.3216,19.3216,19.3216,0.0000,0.0000,463.7194,0.01183344,57.9649,55.6772,425.0761,427.3638,0.01084732,0.0109057,0.00049306,4.6858,5.6707,0.0774,15.5820,0.2688,1264.1035,201.3548,4.5499,4.6885,2.0771,4.1543,6.1317,8.4025,10.5031,18.5864,3.9466,-2.0771,2.528253,4.474023,1.127938,29,192,48,6,0.01915741,0.01232650,0.05216444,0E-8,0.000000,0.903271,0.017936,-0.04061604,2026-05-16,2026-07-20,31,1797,733,66,0.469697,0.970424,0.970991,0.063858,,,,,,,,GLOBAL_BASELINE_NO_ENTITY_RANKING,,,NOT_APPLICABLE_GLOBAL_BASELINE,HF9g-P5,,,,X 全窗基线 · 不参与实体赏罚,8395482,840,A168_HF9F_20260827_0900,2026-08-27 09:00:00
2026-06-11,150107794,2266,0,8.3085806868,-8.3085806868,-8.3085806868,0E-7,4,4,0.49994810000000000,0.499948100000,-1.9997924107733216,-1.9997924107733216,-1.9997924107733216,0E-17,ELIGIBLE,R03b_20260811_FULL_v1,L1_ELIGIBILITY,v2026-08-11,2026-03-21..2026-08-06,baccarat_bet02_101_all_pairs_incl_sentinel,round_win = game_pnl > 0 (decisive only),COMPATIBILITY_ONLY_NOT_PRODUCTION,39187.2093,35396.6747,483.0410,8363,6242,-0.01232650,-0.05216444,-0.01154840,-0.01232650,-483.0410,39187.2093,OK,0.0000,19.3216,4.0000,96.0000,AG03-UNRESOLVED,ALL5_LEVELS_bet23_to_bet27,19.3216,19.3216,19.3216,0.0000,0.0000,4.000000,4.000000,4.000000,0.000000,0.000000,96.000000,96.000000,96.000000,100.000000,100.000000,5.0,57.9649,55.6772,425.0761,427.3638,PENDING_AG03,FALSE,NOT_FOR_ENFORCEMENT,463.7194,33980.8077,483.0410,463.7194,19.3216,0.01232650,0.01183344,19.3216,463.7194,0.01183344,19.3216,19.3216,19.3216,0.0000,0.0000,463.7194,0.01183344,57.9649,55.6772,425.0761,427.3638,0.01084732,0.0109057,0.00049306,4.6858,5.6707,0.0774,15.5820,0.2688,1264.1035,201.3548,4.5499,4.6885,2.0771,4.1543,6.1317,8.4025,10.5031,18.5864,3.9466,-2.0771,2.528253,4.474023,1.127938,29,192,48,6,0.01915741,0.01232650,0.05216444,0E-8,0.000000,0.903271,0.017936,-0.04061604,2026-05-16,2026-07-20,31,1797,733,66,0.469697,0.970424,0.970991,0.063858,,,,,,,,GLOBAL_BASELINE_NO_ENTITY_RANKING,,,NOT_APPLICABLE_GLOBAL_BASELINE,HF9g-P5,,,,X 全窗基线 · 不参与实体赏罚,8395483,840,A168_HF9F_20260827_0900,2026-08-27 09:00:00
2026-06-11,150107794,2276,0,45.2817647428,0.0415429033,0.0415429033,0.5833333,17,15,0.48296779999995436,0.474265600000,0.6957566016074159,0.7566462791264299,0.6957566016074159,0.00870219999995436,ELIGIBLE,R03b_20260811_FULL_v1,L1_ELIGIBILITY,v2026-08-11,2026-03-21..2026-08-06,baccarat_bet02_101_all_pairs_incl_sentinel,round_win = game_pnl > 0 (decisive only),COMPATIBILITY_ONLY_NOT_PRODUCTION,39187.2093,35396.6747,483.0410,8363,6242,-0.01232650,-0.05216444,-0.01154840,-0.01232650,-483.0410,39187.2093,OK,0.0000,19.3216,4.0000,96.0000,AG03-UNRESOLVED,ALL5_LEVELS_bet23_to_bet27,19.3216,19.3216,19.3216,0.0000,0.0000,4.000000,4.000000,4.000000,0.000000,0.000000,96.000000,96.000000,96.000000,100.000000,100.000000,5.0,57.9649,55.6772,425.0761,427.3638,PENDING_AG03,FALSE,NOT_FOR_ENFORCEMENT,463.7194,33980.8077,483.0410,463.7194,19.3216,0.01232650,0.01183344,19.3216,463.7194,0.01183344,19.3216,19.3216,19.3216,0.0000,0.0000,463.7194,0.01183344,57.9649,55.6772,425.0761,427.3638,0.01084732,0.0109057,0.00049306,4.6858,5.6707,0.0774,15.5820,0.2688,1264.1035,201.3548,4.5499,4.6885,2.0771,4.1543,6.1317,8.4025,10.5031,18.5864,3.9466,-2.0771,2.528253,4.474023,1.127938,29,192,48,6,0.01915741,0.01232650,0.05216444,0E-8,0.000000,0.903271,0.017936,-0.04061604,2026-05-16,2026-07-20,31,1797,733,66,0.469697,0.970424,0.970991,0.063858,,,,,,,,GLOBAL_BASELINE_NO_ENTITY_RANKING,,,NOT_APPLICABLE_GLOBAL_BASELINE,HF9g-P5,,,,X 全窗基线 · 不参与实体赏罚,8395484,840,A168_HF9F_20260827_0900,2026-08-27 09:00:00
2026-06-11,150107794,789,0,2.0771451717,2.0771451717,2.0771451717,1.0000000,1,1,0.49324550000000000,0.493245500000,1.01360149184955,1.01360149184955,1.01360149184955,0E-17,ELIGIBLE,R03b_20260811_FULL_v1,L1_ELIGIBILITY,v2026-08-11,2026-03-21..2026-08-06,baccarat_bet02_101_all_pairs_incl_sentinel,round_win = game_pnl > 0 (decisive only),COMPATIBILITY_ONLY_NOT_PRODUCTION,39187.2093,35396.6747,483.0410,8363,6242,-0.01232650,-0.05216444,-0.01154840,-0.01232650,-483.0410,39187.2093,OK,0.0000,19.3216,4.0000,96.0000,AG03-UNRESOLVED,ALL5_LEVELS_bet23_to_bet27,19.3216,19.3216,19.3216,0.0000,0.0000,4.000000,4.000000,4.000000,0.000000,0.000000,96.000000,96.000000,96.000000,100.000000,100.000000,5.0,57.9649,55.6772,425.0761,427.3638,PENDING_AG03,FALSE,NOT_FOR_ENFORCEMENT,463.7194,33980.8077,483.0410,463.7194,19.3216,0.01232650,0.01183344,19.3216,463.7194,0.01183344,19.3216,19.3216,19.3216,0.0000,0.0000,463.7194,0.01183344,57.9649,55.6772,425.0761,427.3638,0.01084732,0.0109057,0.00049306,4.6858,5.6707,0.0774,15.5820,0.2688,1264.1035,201.3548,4.5499,4.6885,2.0771,4.1543,6.1317,8.4025,10.5031,18.5864,3.9466,-2.0771,2.528253,4.474023,1.127938,29,192,48,6,0.01915741,0.01232650,0.05216444,0E-8,0.000000,0.903271,0.017936,-0.04061604,2026-05-16,2026-07-20,31,1797,733,66,0.469697,0.970424,0.970991,0.063858,,,,,,,,GLOBAL_BASELINE_NO_ENTITY_RANKING,,,NOT_APPLICABLE_GLOBAL_BASELINE,HF9g-P5,,,,X 全窗基线 · 不参与实体赏罚,8395485,840,A168_HF9F_20260827_0900,2026-08-27 09:00:00
2026-06-14,150107794,-1,1,102.1955424470,-4.3516191349,-4.3516191349,0.5357143,29,28,0.49552152500000000,0.493068858929,0.4253772611235883,0.45136014472545843,0.4253772611235883,0.00245266607100000,SENTINEL_DEALER,R03b_20260811_FULL_v1,L1_ELIGIBILITY,v2026-08-11,2026-03-21..2026-08-06,baccarat_bet02_101_all_pairs_incl_sentinel,round_win = game_pnl > 0 (decisive only),COMPATIBILITY_ONLY_NOT_PRODUCTION,39187.2093,35396.6747,483.0410,8363,6242,-0.01232650,-0.05216444,-0.01154840,-0.01232650,-483.0410,39187.2093,OK,0.0000,19.3216,4.0000,96.0000,AG03-UNRESOLVED,ALL5_LEVELS_bet23_to_bet27,19.3216,19.3216,19.3216,0.0000,0.0000,4.000000,4.000000,4.000000,0.000000,0.000000,96.000000,96.000000,96.000000,100.000000,100.000000,5.0,57.9649,55.6772,425.0761,427.3638,PENDING_AG03,FALSE,NOT_FOR_ENFORCEMENT,463.7194,33980.8077,483.0410,463.7194,19.3216,0.01232650,0.01183344,19.3216,463.7194,0.01183344,19.3216,19.3216,19.3216,0.0000,0.0000,463.7194,0.01183344,57.9649,55.6772,425.0761,427.3638,0.01084732,0.0109057,0.00049306,4.6858,5.6707,0.0774,15.5820,0.2688,1264.1035,201.3548,4.5499,4.6885,2.0771,4.1543,6.1317,8.4025,10.5031,18.5864,3.9466,-2.0771,2.528253,4.474023,1.127938,29,192,48,6,0.01915741,0.01232650,0.05216444,0E-8,0.000000,0.903271,0.017936,-0.04061604,2026-05-16,2026-07-20,31,1797,733,66,0.469697,0.970424,0.970991,0.063858,,,,,,,,GLOBAL_BASELINE_NO_ENTITY_RANKING,,,NOT_APPLICABLE_GLOBAL_BASELINE,HF9g-P5,,,,X 全窗基线 · 不参与实体赏罚,8395486,840,A168_HF9F_20260827_0900,2026-08-27 09:00:00
2026-06-14,150107794,1115,0,47.3589099142,-0.9347153272,-0.9347153272,0.4285714,10,7,0.45029605663225789,0.411652121429,-0.11552816405793538,0.09095976288443235,-0.11552816405793538,0.03864393520325789,ELIGIBLE,R03b_20260811_FULL_v1,L1_ELIGIBILITY,v2026-08-11,2026-03-21..2026-08-06,baccarat_bet02_101_all_pairs_incl_sentinel,round_win = game_pnl > 0 (decisive only),COMPATIBILITY_ONLY_NOT_PRODUCTION,39187.2093,35396.6747,483.0410,8363,6242,-0.01232650,-0.05216444,-0.01154840,-0.01232650,-483.0410,39187.2093,OK,0.0000,19.3216,4.0000,96.0000,AG03-UNRESOLVED,ALL5_LEVELS_bet23_to_bet27,19.3216,19.3216,19.3216,0.0000,0.0000,4.000000,4.000000,4.000000,0.000000,0.000000,96.000000,96.000000,96.000000,100.000000,100.000000,5.0,57.9649,55.6772,425.0761,427.3638,PENDING_AG03,FALSE,NOT_FOR_ENFORCEMENT,463.7194,33980.8077,483.0410,463.7194,19.3216,0.01232650,0.01183344,19.3216,463.7194,0.01183344,19.3216,19.3216,19.3216,0.0000,0.0000,463.7194,0.01183344,57.9649,55.6772,425.0761,427.3638,0.01084732,0.0109057,0.00049306,4.6858,5.6707,0.0774,15.5820,0.2688,1264.1035,201.3548,4.5499,4.6885,2.0771,4.1543,6.1317,8.4025,10.5031,18.5864,3.9466,-2.0771,2.528253,4.474023,1.127938,29,192,48,6,0.01915741,0.01232650,0.05216444,0E-8,0.000000,0.903271,0.017936,-0.04061604,2026-05-16,2026-07-20,31,1797,733,66,0.469697,0.970424,0.970991,0.063858,,,,,,,,GLOBAL_BASELINE_NO_ENTITY_RANKING,,,NOT_APPLICABLE_GLOBAL_BASELINE,HF9g-P5,,,,X 全窗基线 · 不参与实体赏罚,8395487,840,A168_HF9F_20260827_0900,2026-08-27 09:00:00
2026-06-14,150107794,1306,0,4.1542903434,-4.1542903434,-4.1542903434,0E-7,1,1,0.50665070000000000,0.506650700000,-1.013391052207602,-1.013391052207602,-1.013391052207602,0E-17,ELIGIBLE,R03b_20260811_FULL_v1,L1_ELIGIBILITY,v2026-08-11,2026-03-21..2026-08-06,baccarat_bet02_101_all_pairs_incl_sentinel,round_win = game_pnl > 0 (decisive only),COMPATIBILITY_ONLY_NOT_PRODUCTION,39187.2093,35396.6747,483.0410,8363,6242,-0.01232650,-0.05216444,-0.01154840,-0.01232650,-483.0410,39187.2093,OK,0.0000,19.3216,4.0000,96.0000,AG03-UNRESOLVED,ALL5_LEVELS_bet23_to_bet27,19.3216,19.3216,19.3216,0.0000,0.0000,4.000000,4.000000,4.000000,0.000000,0.000000,96.000000,96.000000,96.000000,100.000000,100.000000,5.0,57.9649,55.6772,425.0761,427.3638,PENDING_AG03,FALSE,NOT_FOR_ENFORCEMENT,463.7194,33980.8077,483.0410,463.7194,19.3216,0.01232650,0.01183344,19.3216,463.7194,0.01183344,19.3216,19.3216,19.3216,0.0000,0.0000,463.7194,0.01183344,57.9649,55.6772,425.0761,427.3638,0.01084732,0.0109057,0.00049306,4.6858,5.6707,0.0774,15.5820,0.2688,1264.1035,201.3548,4.5499,4.6885,2.0771,4.1543,6.1317,8.4025,10.5031,18.5864,3.9466,-2.0771,2.528253,4.474023,1.127938,29,192,48,6,0.01915741,0.01232650,0.05216444,0E-8,0.000000,0.903271,0.017936,-0.04061604,2026-05-16,2026-07-20,31,1797,733,66,0.469697,0.970424,0.970991,0.063858,,,,,,,,GLOBAL_BASELINE_NO_ENTITY_RANKING,,,NOT_APPLICABLE_GLOBAL_BASELINE,HF9g-P5,,,,X 全窗基线 · 不参与实体赏罚,8395488,840,A168_HF9F_20260827_0900,2026-08-27 09:00:00
2026-06-14,150107794,1318,0,12.4628710301,6.2314355151,6.2314355151,0.7500000,4,4,0.49324550000000000,0.493245500000,1.0271117246678039,1.0271117246678039,1.0271117246678039,0E-17,ELIGIBLE,R03b_20260811_FULL_v1,L1_ELIGIBILITY,v2026-08-11,2026-03-21..2026-08-06,baccarat_bet02_101_all_pairs_incl_sentinel,round_win = game_pnl > 0 (decisive only),COMPATIBILITY_ONLY_NOT_PRODUCTION,39187.2093,35396.6747,483.0410,8363,6242,-0.01232650,-0.05216444,-0.01154840,-0.01232650,-483.0410,39187.2093,OK,0.0000,19.3216,4.0000,96.0000,AG03-UNRESOLVED,ALL5_LEVELS_bet23_to_bet27,19.3216,19.3216,19.3216,0.0000,0.0000,4.000000,4.000000,4.000000,0.000000,0.000000,96.000000,96.000000,96.000000,100.000000,100.000000,5.0,57.9649,55.6772,425.0761,427.3638,PENDING_AG03,FALSE,NOT_FOR_ENFORCEMENT,463.7194,33980.8077,483.0410,463.7194,19.3216,0.01232650,0.01183344,19.3216,463.7194,0.01183344,19.3216,19.3216,19.3216,0.0000,0.0000,463.7194,0.01183344,57.9649,55.6772,425.0761,427.3638,0.01084732,0.0109057,0.00049306,4.6858,5.6707,0.0774,15.5820,0.2688,1264.1035,201.3548,4.5499,4.6885,2.0771,4.1543,6.1317,8.4025,10.5031,18.5864,3.9466,-2.0771,2.528253,4.474023,1.127938,29,192,48,6,0.01915741,0.01232650,0.05216444,0E-8,0.000000,0.903271,0.017936,-0.04061604,2026-05-16,2026-07-20,31,1797,733,66,0.469697,0.970424,0.970991,0.063858,,,,,,,,GLOBAL_BASELINE_NO_ENTITY_RANKING,,,NOT_APPLICABLE_GLOBAL_BASELINE,HF9g-P5,,,,X 全窗基线 · 不参与实体赏罚,8395489,840,A168_HF9F_20260827_0900,2026-08-27 09:00:00
2026-06-14,150107794,1383,0,2.0771451717,-2.0771451717,-2.0771451717,0E-7,1,1,0.50665070000000000,0.506650700000,-1.013391052207602,-1.013391052207602,-1.013391052207602,0E-17,ELIGIBLE,R03b_20260811_FULL_v1,L1_ELIGIBILITY,v2026-08-11,2026-03-21..2026-08-06,baccarat_bet02_101_all_pairs_incl_sentinel,round_win = game_pnl > 0 (decisive only),COMPATIBILITY_ONLY_NOT_PRODUCTION,39187.2093,35396.6747,483.0410,8363,6242,-0.01232650,-0.05216444,-0.01154840,-0.01232650,-483.0410,39187.2093,OK,0.0000,19.3216,4.0000,96.0000,AG03-UNRESOLVED,ALL5_LEVELS_bet23_to_bet27,19.3216,19.3216,19.3216,0.0000,0.0000,4.000000,4.000000,4.000000,0.000000,0.000000,96.000000,96.000000,96.000000,100.000000,100.000000,5.0,57.9649,55.6772,425.0761,427.3638,PENDING_AG03,FALSE,NOT_FOR_ENFORCEMENT,463.7194,33980.8077,483.0410,463.7194,19.3216,0.01232650,0.01183344,19.3216,463.7194,0.01183344,19.3216,19.3216,19.3216,0.0000,0.0000,463.7194,0.01183344,57.9649,55.6772,425.0761,427.3638,0.01084732,0.0109057,0.00049306,4.6858,5.6707,0.0774,15.5820,0.2688,1264.1035,201.3548,4.5499,4.6885,2.0771,4.1543,6.1317,8.4025,10.5031,18.5864,3.9466,-2.0771,2.528253,4.474023,1.127938,29,192,48,6,0.01915741,0.01232650,0.05216444,0E-8,0.000000,0.903271,0.017936,-0.04061604,2026-05-16,2026-07-20,31,1797,733,66,0.469697,0.970424,0.970991,0.063858,,,,,,,,GLOBAL_BASELINE_NO_ENTITY_RANKING,,,NOT_APPLICABLE_GLOBAL_BASELINE,HF9g-P5,,,,X 全窗基线 · 不参与实体赏罚,8395490,840,A168_HF9F_20260827_0900,2026-08-27 09:00:00
2026-06-14,150107794,1402,0,25.7566001290,0E-10,0E-10,0.6666667,8,7,0.47809257142857143,0.468601078571,0.9247086513633288,0.9722381908401452,0.9247086513633288,0.00949149285757143,ELIGIBLE,R03b_20260811_FULL_v1,L1_ELIGIBILITY,v2026-08-11,2026-03-21..2026-08-06,baccarat_bet02_101_all_pairs_incl_sentinel,round_win = game_pnl > 0 (decisive only),COMPATIBILITY_ONLY_NOT_PRODUCTION,39187.2093,35396.6747,483.0410,8363,6242,-0.01232650,-0.05216444,-0.01154840,-0.01232650,-483.0410,39187.2093,OK,0.0000,19.3216,4.0000,96.0000,AG03-UNRESOLVED,ALL5_LEVELS_bet23_to_bet27,19.3216,19.3216,19.3216,0.0000,0.0000,4.000000,4.000000,4.000000,0.000000,0.000000,96.000000,96.000000,96.000000,100.000000,100.000000,5.0,57.9649,55.6772,425.0761,427.3638,PENDING_AG03,FALSE,NOT_FOR_ENFORCEMENT,463.7194,33980.8077,483.0410,463.7194,19.3216,0.01232650,0.01183344,19.3216,463.7194,0.01183344,19.3216,19.3216,19.3216,0.0000,0.0000,463.7194,0.01183344,57.9649,55.6772,425.0761,427.3638,0.01084732,0.0109057,0.00049306,4.6858,5.6707,0.0774,15.5820,0.2688,1264.1035,201.3548,4.5499,4.6885,2.0771,4.1543,6.1317,8.4025,10.5031,18.5864,3.9466,-2.0771,2.528253,4.474023,1.127938,29,192,48,6,0.01915741,0.01232650,0.05216444,0E-8,0.000000,0.903271,0.017936,-0.04061604,2026-05-16,2026-07-20,31,1797,733,66,0.469697,0.970424,0.970991,0.063858,,,,,,,,GLOBAL_BASELINE_NO_ENTITY_RANKING,,,NOT_APPLICABLE_GLOBAL_BASELINE,HF9g-P5,,,,X 全窗基线 · 不参与实体赏罚,8395491,840,A168_HF9F_20260827_0900,2026-08-27 09:00:00
2026-06-14,150107794,1405,0,26.5874581975,-4.0504330847,-4.0504330847,0.4000000,7,6,0.48724783749979336,0.470079175000,-0.3903111546929351,-0.31396626261007454,-0.3903111546929351,0.01716866249979336,ELIGIBLE,R03b_20260811_FULL_v1,L1_ELIGIBILITY,v2026-08-11,2026-03-21..2026-08-06,baccarat_bet02_101_all_pairs_incl_sentinel,round_win = game_pnl > 0 (decisive only),COMPATIBILITY_ONLY_NOT_PRODUCTION,39187.2093,35396.6747,483.0410,8363,6242,-0.01232650,-0.05216444,-0.01154840,-0.01232650,-483.0410,39187.2093,OK,0.0000,19.3216,4.0000,96.0000,AG03-UNRESOLVED,ALL5_LEVELS_bet23_to_bet27,19.3216,19.3216,19.3216,0.0000,0.0000,4.000000,4.000000,4.000000,0.000000,0.000000,96.000000,96.000000,96.000000,100.000000,100.000000,5.0,57.9649,55.6772,425.0761,427.3638,PENDING_AG03,FALSE,NOT_FOR_ENFORCEMENT,463.7194,33980.8077,483.0410,463.7194,19.3216,0.01232650,0.01183344,19.3216,463.7194,0.01183344,19.3216,19.3216,19.3216,0.0000,0.0000,463.7194,0.01183344,57.9649,55.6772,425.0761,427.3638,0.01084732,0.0109057,0.00049306,4.6858,5.6707,0.0774,15.5820,0.2688,1264.1035,201.3548,4.5499,4.6885,2.0771,4.1543,6.1317,8.4025,10.5031,18.5864,3.9466,-2.0771,2.528253,4.474023,1.127938,29,192,48,6,0.01915741,0.01232650,0.05216444,0E-8,0.000000,0.903271,0.017936,-0.04061604,2026-05-16,2026-07-20,31,1797,733,66,0.469697,0.970424,0.970991,0.063858,,,,,,,,GLOBAL_BASELINE_NO_ENTITY_RANKING,,,NOT_APPLICABLE_GLOBAL_BASELINE,HF9g-P5,,,,X 全窗基线 · 不参与实体赏罚,8395492,840,A168_HF9F_20260827_0900,2026-08-27 09:00:00
2026-06-14,150107794,1490,0,14.5400162018,8.3085806867,8.3085806867,0.3333333,6,4,0.41393992249960326,0.403638725000,-0.2834597800590091,-0.2481979152169694,-0.2834597800590091,0.01030119749960326,ELIGIBLE,R03b_20260811_FULL_v1,L1_ELIGIBILITY,v2026-08-11,2026-03-21..2026-08-06,baccarat_bet02_101_all_pairs_incl_sentinel,round_win = game_pnl > 0 (decisive only),COMPATIBILITY_ONLY_NOT_PRODUCTION,39187.2093,35396.6747,483.0410,8363,6242,-0.01232650,-0.05216444,-0.01154840,-0.01232650,-483.0410,39187.2093,OK,0.0000,19.3216,4.0000,96.0000,AG03-UNRESOLVED,ALL5_LEVELS_bet23_to_bet27,19.3216,19.3216,19.3216,0.0000,0.0000,4.000000,4.000000,4.000000,0.000000,0.000000,96.000000,96.000000,96.000000,100.000000,100.000000,5.0,57.9649,55.6772,425.0761,427.3638,PENDING_AG03,FALSE,NOT_FOR_ENFORCEMENT,463.7194,33980.8077,483.0410,463.7194,19.3216,0.01232650,0.01183344,19.3216,463.7194,0.01183344,19.3216,19.3216,19.3216,0.0000,0.0000,463.7194,0.01183344,57.9649,55.6772,425.0761,427.3638,0.01084732,0.0109057,0.00049306,4.6858,5.6707,0.0774,15.5820,0.2688,1264.1035,201.3548,4.5499,4.6885,2.0771,4.1543,6.1317,8.4025,10.5031,18.5864,3.9466,-2.0771,2.528253,4.474023,1.127938,29,192,48,6,0.01915741,0.01232650,0.05216444,0E-8,0.000000,0.903271,0.017936,-0.04061604,2026-05-16,2026-07-20,31,1797,733,66,0.469697,0.970424,0.970991,0.063858,,,,,,,,GLOBAL_BASELINE_NO_ENTITY_RANKING,,,NOT_APPLICABLE_GLOBAL_BASELINE,HF9g-P5,,,,X 全窗基线 · 不参与实体赏罚,8395493,840,A168_HF9F_20260827_0900,2026-08-27 09:00:00
2026-06-14,150107794,1985,0,8.5162952038,1.2047441996,1.2047441996,0.5000000,2,2,0.50665070000000000,0.506650700000,-0.018812684590367487,-0.018812684590367487,-0.018812684590367487,0E-17,ELIGIBLE,R03b_20260811_FULL_v1,L1_ELIGIBILITY,v2026-08-11,2026-03-21..2026-08-06,baccarat_bet02_101_all_pairs_incl_sentinel,round_win = game_pnl > 0 (decisive only),COMPATIBILITY_ONLY_NOT_PRODUCTION,39187.2093,35396.6747,483.0410,8363,6242,-0.01232650,-0.05216444,-0.01154840,-0.01232650,-483.0410,39187.2093,OK,0.0000,19.3216,4.0000,96.0000,AG03-UNRESOLVED,ALL5_LEVELS_bet23_to_bet27,19.3216,19.3216,19.3216,0.0000,0.0000,4.000000,4.000000,4.000000,0.000000,0.000000,96.000000,96.000000,96.000000,100.000000,100.000000,5.0,57.9649,55.6772,425.0761,427.3638,PENDING_AG03,FALSE,NOT_FOR_ENFORCEMENT,463.7194,33980.8077,483.0410,463.7194,19.3216,0.01232650,0.01183344,19.3216,463.7194,0.01183344,19.3216,19.3216,19.3216,0.0000,0.0000,463.7194,0.01183344,57.9649,55.6772,425.0761,427.3638,0.01084732,0.0109057,0.00049306,4.6858,5.6707,0.0774,15.5820,0.2688,1264.1035,201.3548,4.5499,4.6885,2.0771,4.1543,6.1317,8.4025,10.5031,18.5864,3.9466,-2.0771,2.528253,4.474023,1.127938,29,192,48,6,0.01915741,0.01232650,0.05216444,0E-8,0.000000,0.903271,0.017936,-0.04061604,2026-05-16,2026-07-20,31,1797,733,66,0.469697,0.970424,0.970991,0.063858,,,,,,,,GLOBAL_BASELINE_NO_ENTITY_RANKING,,,NOT_APPLICABLE_GLOBAL_BASELINE,HF9g-P5,,,,X 全窗基线 · 不参与实体赏罚,8395494,840,A168_HF9F_20260827_0900,2026-08-27 09:00:00
2026-06-14,150107794,2065,0,8.1008661696,0E-10,0E-10,0.5000000,2,2,0.50665070000000000,0.506650700000,-0.018812684590367487,-0.018812684590367487,-0.018812684590367487,0E-17,ELIGIBLE,R03b_20260811_FULL_v1,L1_ELIGIBILITY,v2026-08-11,2026-03-21..2026-08-06,baccarat_bet02_101_all_pairs_incl_sentinel,round_win = game_pnl > 0 (decisive only),COMPATIBILITY_ONLY_NOT_PRODUCTION,39187.2093,35396.6747,483.0410,8363,6242,-0.01232650,-0.05216444,-0.01154840,-0.01232650,-483.0410,39187.2093,OK,0.0000,19.3216,4.0000,96.0000,AG03-UNRESOLVED,ALL5_LEVELS_bet23_to_bet27,19.3216,19.3216,19.3216,0.0000,0.0000,4.000000,4.000000,4.000000,0.000000,0.000000,96.000000,96.000000,96.000000,100.000000,100.000000,5.0,57.9649,55.6772,425.0761,427.3638,PENDING_AG03,FALSE,NOT_FOR_ENFORCEMENT,463.7194,33980.8077,483.0410,463.7194,19.3216,0.01232650,0.01183344,19.3216,463.7194,0.01183344,19.3216,19.3216,19.3216,0.0000,0.0000,463.7194,0.01183344,57.9649,55.6772,425.0761,427.3638,0.01084732,0.0109057,0.00049306,4.6858,5.6707,0.0774,15.5820,0.2688,1264.1035,201.3548,4.5499,4.6885,2.0771,4.1543,6.1317,8.4025,10.5031,18.5864,3.9466,-2.0771,2.528253,4.474023,1.127938,29,192,48,6,0.01915741,0.01232650,0.05216444,0E-8,0.000000,0.903271,0.017936,-0.04061604,2026-05-16,2026-07-20,31,1797,733,66,0.469697,0.970424,0.970991,0.063858,,,,,,,,GLOBAL_BASELINE_NO_ENTITY_RANKING,,,NOT_APPLICABLE_GLOBAL_BASELINE,HF9g-P5,,,,X 全窗基线 · 不参与实体赏罚,8395495,840,A168_HF9F_20260827_0900,2026-08-27 09:00:00
2026-06-14,150107794,2088,0,10.1780113412,-4.1023617141,-4.1023617141,0.3333333,3,3,0.50665070000000000,0.506650700000,-0.6004420894325239,-0.6004420894325239,-0.6004420894325239,0E-17,ELIGIBLE,R03b_20260811_FULL_v1,L1_ELIGIBILITY,v2026-08-11,2026-03-21..2026-08-06,baccarat_bet02_101_all_pairs_incl_sentinel,round_win = game_pnl > 0 (decisive only),COMPATIBILITY_ONLY_NOT_PRODUCTION,39187.2093,35396.6747,483.0410,8363,6242,-0.01232650,-0.05216444,-0.01154840,-0.01232650,-483.0410,39187.2093,OK,0.0000,19.3216,4.0000,96.0000,AG03-UNRESOLVED,ALL5_LEVELS_bet23_to_bet27,19.3216,19.3216,19.3216,0.0000,0.0000,4.000000,4.000000,4.000000,0.000000,0.000000,96.000000,96.000000,96.000000,100.000000,100.000000,5.0,57.9649,55.6772,425.0761,427.3638,PENDING_AG03,FALSE,NOT_FOR_ENFORCEMENT,463.7194,33980.8077,483.0410,463.7194,19.3216,0.01232650,0.01183344,19.3216,463.7194,0.01183344,19.3216,19.3216,19.3216,0.0000,0.0000,463.7194,0.01183344,57.9649,55.6772,425.0761,427.3638,0.01084732,0.0109057,0.00049306,4.6858,5.6707,0.0774,15.5820,0.2688,1264.1035,201.3548,4.5499,4.6885,2.0771,4.1543,6.1317,8.4025,10.5031,18.5864,3.9466,-2.0771,2.528253,4.474023,1.127938,29,192,48,6,0.01915741,0.01232650,0.05216444,0E-8,0.000000,0.903271,0.017936,-0.04061604,2026-05-16,2026-07-20,31,1797,733,66,0.469697,0.970424,0.970991,0.063858,,,,,,,,GLOBAL_BASELINE_NO_ENTITY_RANKING,,,NOT_APPLICABLE_GLOBAL_BASELINE,HF9g-P5,,,,X 全窗基线 · 不参与实体赏罚,8395496,840,A168_HF9F_20260827_0900,2026-08-27 09:00:00
2026-06-14,150107794,2101,0,13.5014436159,-4.3100762313,-4.3100762313,0.2500000,5,5,0.50396966000000000,0.503969660000,-1.01591065835228,-1.0159106583522801,-1.01591065835228,0E-17,ELIGIBLE,R03b_20260811_FULL_v1,L1_ELIGIBILITY,v2026-08-11,2026-03-21..2026-08-06,baccarat_bet02_101_all_pairs_incl_sentinel,round_win = game_pnl > 0 (decisive only),COMPATIBILITY_ONLY_NOT_PRODUCTION,39187.2093,35396.6747,483.0410,8363,6242,-0.01232650,-0.05216444,-0.01154840,-0.01232650,-483.0410,39187.2093,OK,0.0000,19.3216,4.0000,96.0000,AG03-UNRESOLVED,ALL5_LEVELS_bet23_to_bet27,19.3216,19.3216,19.3216,0.0000,0.0000,4.000000,4.000000,4.000000,0.000000,0.000000,96.000000,96.000000,96.000000,100.000000,100.000000,5.0,57.9649,55.6772,425.0761,427.3638,PENDING_AG03,FALSE,NOT_FOR_ENFORCEMENT,463.7194,33980.8077,483.0410,463.7194,19.3216,0.01232650,0.01183344,19.3216,463.7194,0.01183344,19.3216,19.3216,19.3216,0.0000,0.0000,463.7194,0.01183344,57.9649,55.6772,425.0761,427.3638,0.01084732,0.0109057,0.00049306,4.6858,5.6707,0.0774,15.5820,0.2688,1264.1035,201.3548,4.5499,4.6885,2.0771,4.1543,6.1317,8.4025,10.5031,18.5864,3.9466,-2.0771,2.528253,4.474023,1.127938,29,192,48,6,0.01915741,0.01232650,0.05216444,0E-8,0.000000,0.903271,0.017936,-0.04061604,2026-05-16,2026-07-20,31,1797,733,66,0.469697,0.970424,0.970991,0.063858,,,,,,,,GLOBAL_BASELINE_NO_ENTITY_RANKING,,,NOT_APPLICABLE_GLOBAL_BASELINE,HF9g-P5,,,,X 全窗基线 · 不参与实体赏罚,8395497,840,A168_HF9F_20260827_0900,2026-08-27 09:00:00
2026-06-14,150107794,2115,0,7.2700081009,0.8308580687,0.8308580687,0.6666667,3,3,0.50665070000000000,0.506650700000,0.5543606114942035,0.5543606114942035,0.5543606114942035,0E-17,ELIGIBLE,R03b_20260811_FULL_v1,L1_ELIGIBILITY,v2026-08-11,2026-03-21..2026-08-06,baccarat_bet02_101_all_pairs_incl_sentinel,round_win = game_pnl > 0 (decisive only),COMPATIBILITY_ONLY_NOT_PRODUCTION,39187.2093,35396.6747,483.0410,8363,6242,-0.01232650,-0.05216444,-0.01154840,-0.01232650,-483.0410,39187.2093,OK,0.0000,19.3216,4.0000,96.0000,AG03-UNRESOLVED,ALL5_LEVELS_bet23_to_bet27,19.3216,19.3216,19.3216,0.0000,0.0000,4.000000,4.000000,4.000000,0.000000,0.000000,96.000000,96.000000,96.000000,100.000000,100.000000,5.0,57.9649,55.6772,425.0761,427.3638,PENDING_AG03,FALSE,NOT_FOR_ENFORCEMENT,463.7194,33980.8077,483.0410,463.7194,19.3216,0.01232650,0.01183344,19.3216,463.7194,0.01183344,19.3216,19.3216,19.3216,0.0000,0.0000,463.7194,0.01183344,57.9649,55.6772,425.0761,427.3638,0.01084732,0.0109057,0.00049306,4.6858,5.6707,0.0774,15.5820,0.2688,1264.1035,201.3548,4.5499,4.6885,2.0771,4.1543,6.1317,8.4025,10.5031,18.5864,3.9466,-2.0771,2.528253,4.474023,1.127938,29,192,48,6,0.01915741,0.01232650,0.05216444,0E-8,0.000000,0.903271,0.017936,-0.04061604,2026-05-16,2026-07-20,31,1797,733,66,0.469697,0.970424,0.970991,0.063858,,,,,,,,GLOBAL_BASELINE_NO_ENTITY_RANKING,,,NOT_APPLICABLE_GLOBAL_BASELINE,HF9g-P5,,,,X 全窗基线 · 不参与实体赏罚,8395498,840,A168_HF9F_20260827_0900,2026-08-27 09:00:00
2026-06-14,150107794,2121,0,2.0771451717,-2.0771451717,-2.0771451717,0E-7,1,1,0.50665070000000000,0.506650700000,-1.013391052207602,-1.013391052207602,-1.013391052207602,0E-17,ELIGIBLE,R03b_20260811_FULL_v1,L1_ELIGIBILITY,v2026-08-11,2026-03-21..2026-08-06,baccarat_bet02_101_all_pairs_incl_sentinel,round_win = game_pnl > 0 (decisive only),COMPATIBILITY_ONLY_NOT_PRODUCTION,39187.2093,35396.6747,483.0410,8363,6242,-0.01232650,-0.05216444,-0.01154840,-0.01232650,-483.0410,39187.2093,OK,0.0000,19.3216,4.0000,96.0000,AG03-UNRESOLVED,ALL5_LEVELS_bet23_to_bet27,19.3216,19.3216,19.3216,0.0000,0.0000,4.000000,4.000000,4.000000,0.000000,0.000000,96.000000,96.000000,96.000000,100.000000,100.000000,5.0,57.9649,55.6772,425.0761,427.3638,PENDING_AG03,FALSE,NOT_FOR_ENFORCEMENT,463.7194,33980.8077,483.0410,463.7194,19.3216,0.01232650,0.01183344,19.3216,463.7194,0.01183344,19.3216,19.3216,19.3216,0.0000,0.0000,463.7194,0.01183344,57.9649,55.6772,425.0761,427.3638,0.01084732,0.0109057,0.00049306,4.6858,5.6707,0.0774,15.5820,0.2688,1264.1035,201.3548,4.5499,4.6885,2.0771,4.1543,6.1317,8.4025,10.5031,18.5864,3.9466,-2.0771,2.528253,4.474023,1.127938,29,192,48,6,0.01915741,0.01232650,0.05216444,0E-8,0.000000,0.903271,0.017936,-0.04061604,2026-05-16,2026-07-20,31,1797,733,66,0.469697,0.970424,0.970991,0.063858,,,,,,,,GLOBAL_BASELINE_NO_ENTITY_RANKING,,,NOT_APPLICABLE_GLOBAL_BASELINE,HF9g-P5,,,,X 全窗基线 · 不参与实体赏罚,8395499,840,A168_HF9F_20260827_0900,2026-08-27 09:00:00
2026-06-14,150107794,2174,0,27.0028872320,6.2314355150,6.2314355150,0.5714286,7,7,0.49516052857142857,0.495160528571,0.40359145382014583,0.40359145382241707,0.40359145382014583,4.2857E-13,ELIGIBLE,R03b_20260811_FULL_v1,L1_ELIGIBILITY,v2026-08-11,2026-03-21..2026-08-06,baccarat_bet02_101_all_pairs_incl_sentinel,round_win = game_pnl > 0 (decisive only),COMPATIBILITY_ONLY_NOT_PRODUCTION,39187.2093,35396.6747,483.0410,8363,6242,-0.01232650,-0.05216444,-0.01154840,-0.01232650,-483.0410,39187.2093,OK,0.0000,19.3216,4.0000,96.0000,AG03-UNRESOLVED,ALL5_LEVELS_bet23_to_bet27,19.3216,19.3216,19.3216,0.0000,0.0000,4.000000,4.000000,4.000000,0.000000,0.000000,96.000000,96.000000,96.000000,100.000000,100.000000,5.0,57.9649,55.6772,425.0761,427.3638,PENDING_AG03,FALSE,NOT_FOR_ENFORCEMENT,463.7194,33980.8077,483.0410,463.7194,19.3216,0.01232650,0.01183344,19.3216,463.7194,0.01183344,19.3216,19.3216,19.3216,0.0000,0.0000,463.7194,0.01183344,57.9649,55.6772,425.0761,427.3638,0.01084732,0.0109057,0.00049306,4.6858,5.6707,0.0774,15.5820,0.2688,1264.1035,201.3548,4.5499,4.6885,2.0771,4.1543,6.1317,8.4025,10.5031,18.5864,3.9466,-2.0771,2.528253,4.474023,1.127938,29,192,48,6,0.01915741,0.01232650,0.05216444,0E-8,0.000000,0.903271,0.017936,-0.04061604,2026-05-16,2026-07-20,31,1797,733,66,0.469697,0.970424,0.970991,0.063858,,,,,,,,GLOBAL_BASELINE_NO_ENTITY_RANKING,,,NOT_APPLICABLE_GLOBAL_BASELINE,HF9g-P5,,,,X 全窗基线 · 不参与实体赏罚,8395500,840,A168_HF9F_20260827_0900,2026-08-27 09:00:00
2026-06-14,150107794,2177,0,3.3234322747,-3.3234322747,-3.3234322747,0E-7,1,1,0.49324550000000000,0.493245500000,-0.9865810262130424,-0.9865810262130424,-0.9865810262130424,0E-17,ELIGIBLE,R03b_20260811_FULL_v1,L1_ELIGIBILITY,v2026-08-11,2026-03-21..2026-08-06,baccarat_bet02_101_all_pairs_incl_sentinel,round_win = game_pnl > 0 (decisive only),COMPATIBILITY_ONLY_NOT_PRODUCTION,39187.2093,35396.6747,483.0410,8363,6242,-0.01232650,-0.05216444,-0.01154840,-0.01232650,-483.0410,39187.2093,OK,0.0000,19.3216,4.0000,96.0000,AG03-UNRESOLVED,ALL5_LEVELS_bet23_to_bet27,19.3216,19.3216,19.3216,0.0000,0.0000,4.000000,4.000000,4.000000,0.000000,0.000000,96.000000,96.000000,96.000000,100.000000,100.000000,5.0,57.9649,55.6772,425.0761,427.3638,PENDING_AG03,FALSE,NOT_FOR_ENFORCEMENT,463.7194,33980.8077,483.0410,463.7194,19.3216,0.01232650,0.01183344,19.3216,463.7194,0.01183344,19.3216,19.3216,19.3216,0.0000,0.0000,463.7194,0.01183344,57.9649,55.6772,425.0761,427.3638,0.01084732,0.0109057,0.00049306,4.6858,5.6707,0.0774,15.5820,0.2688,1264.1035,201.3548,4.5499,4.6885,2.0771,4.1543,6.1317,8.4025,10.5031,18.5864,3.9466,-2.0771,2.528253,4.474023,1.127938,29,192,48,6,0.01915741,0.01232650,0.05216444,0E-8,0.000000,0.903271,0.017936,-0.04061604,2026-05-16,2026-07-20,31,1797,733,66,0.469697,0.970424,0.970991,0.063858,,,,,,,,GLOBAL_BASELINE_NO_ENTITY_RANKING,,,NOT_APPLICABLE_GLOBAL_BASELINE,HF9g-P5,,,,X 全窗基线 · 不参与实体赏罚,8395501,840,A168_HF9F_20260827_0900,2026-08-27 09:00:00
2026-06-14,150107794,2209,0,2.0771451717,-2.0771451717,-2.0771451717,0E-7,1,1,0.50665070000000000,0.506650700000,-1.013391052207602,-1.013391052207602,-1.013391052207602,0E-17,ELIGIBLE,R03b_20260811_FULL_v1,L1_ELIGIBILITY,v2026-08-11,2026-03-21..2026-08-06,baccarat_bet02_101_all_pairs_incl_sentinel,round_win = game_pnl > 0 (decisive only),COMPATIBILITY_ONLY_NOT_PRODUCTION,39187.2093,35396.6747,483.0410,8363,6242,-0.01232650,-0.05216444,-0.01154840,-0.01232650,-483.0410,39187.2093,OK,0.0000,19.3216,4.0000,96.0000,AG03-UNRESOLVED,ALL5_LEVELS_bet23_to_bet27,19.3216,19.3216,19.3216,0.0000,0.0000,4.000000,4.000000,4.000000,0.000000,0.000000,96.000000,96.000000,96.000000,100.000000,100.000000,5.0,57.9649,55.6772,425.0761,427.3638,PENDING_AG03,FALSE,NOT_FOR_ENFORCEMENT,463.7194,33980.8077,483.0410,463.7194,19.3216,0.01232650,0.01183344,19.3216,463.7194,0.01183344,19.3216,19.3216,19.3216,0.0000,0.0000,463.7194,0.01183344,57.9649,55.6772,425.0761,427.3638,0.01084732,0.0109057,0.00049306,4.6858,5.6707,0.0774,15.5820,0.2688,1264.1035,201.3548,4.5499,4.6885,2.0771,4.1543,6.1317,8.4025,10.5031,18.5864,3.9466,-2.0771,2.528253,4.474023,1.127938,29,192,48,6,0.01915741,0.01232650,0.05216444,0E-8,0.000000,0.903271,0.017936,-0.04061604,2026-05-16,2026-07-20,31,1797,733,66,0.469697,0.970424,0.970991,0.063858,,,,,,,,GLOBAL_BASELINE_NO_ENTITY_RANKING,,,NOT_APPLICABLE_GLOBAL_BASELINE,HF9g-P5,,,,X 全窗基线 · 不参与实体赏罚,8395502,840,A168_HF9F_20260827_0900,2026-08-27 09:00:00
2026-06-14,150107794,2252,0,8.7240097211,3.4272895333,3.4272895333,0.7500000,4,4,0.50665070000000000,0.506650700000,0.9734833216690844,0.9734833216690844,0.9734833216690844,0E-17,ELIGIBLE,R03b_20260811_FULL_v1,L1_ELIGIBILITY,v2026-08-11,2026-03-21..2026-08-06,baccarat_bet02_101_all_pairs_incl_sentinel,round_win = game_pnl > 0 (decisive only),COMPATIBILITY_ONLY_NOT_PRODUCTION,39187.2093,35396.6747,483.0410,8363,6242,-0.01232650,-0.05216444,-0.01154840,-0.01232650,-483.0410,39187.2093,OK,0.0000,19.3216,4.0000,96.0000,AG03-UNRESOLVED,ALL5_LEVELS_bet23_to_bet27,19.3216,19.3216,19.3216,0.0000,0.0000,4.000000,4.000000,4.000000,0.000000,0.000000,96.000000,96.000000,96.000000,100.000000,100.000000,5.0,57.9649,55.6772,425.0761,427.3638,PENDING_AG03,FALSE,NOT_FOR_ENFORCEMENT,463.7194,33980.8077,483.0410,463.7194,19.3216,0.01232650,0.01183344,19.3216,463.7194,0.01183344,19.3216,19.3216,19.3216,0.0000,0.0000,463.7194,0.01183344,57.9649,55.6772,425.0761,427.3638,0.01084732,0.0109057,0.00049306,4.6858,5.6707,0.0774,15.5820,0.2688,1264.1035,201.3548,4.5499,4.6885,2.0771,4.1543,6.1317,8.4025,10.5031,18.5864,3.9466,-2.0771,2.528253,4.474023,1.127938,29,192,48,6,0.01915741,0.01232650,0.05216444,0E-8,0.000000,0.903271,0.017936,-0.04061604,2026-05-16,2026-07-20,31,1797,733,66,0.469697,0.970424,0.970991,0.063858,,,,,,,,GLOBAL_BASELINE_NO_ENTITY_RANKING,,,NOT_APPLICABLE_GLOBAL_BASELINE,HF9g-P5,,,,X 全窗基线 · 不参与实体赏罚,8395503,840,A168_HF9F_20260827_0900,2026-08-27 09:00:00
2026-06-14,150107794,2254,0,14.5400162018,2.0771451718,2.0771451718,0.6666667,3,3,0.49324550000000000,0.493245500000,0.6008033672792107,0.6008033672792106,0.6008033672792107,0E-17,ELIGIBLE,R03b_20260811_FULL_v1,L1_ELIGIBILITY,v2026-08-11,2026-03-21..2026-08-06,baccarat_bet02_101_all_pairs_incl_sentinel,round_win = game_pnl > 0 (decisive only),COMPATIBILITY_ONLY_NOT_PRODUCTION,39187.2093,35396.6747,483.0410,8363,6242,-0.01232650,-0.05216444,-0.01154840,-0.01232650,-483.0410,39187.2093,OK,0.0000,19.3216,4.0000,96.0000,AG03-UNRESOLVED,ALL5_LEVELS_bet23_to_bet27,19.3216,19.3216,19.3216,0.0000,0.0000,4.000000,4.000000,4.000000,0.000000,0.000000,96.000000,96.000000,96.000000,100.000000,100.000000,5.0,57.9649,55.6772,425.0761,427.3638,PENDING_AG03,FALSE,NOT_FOR_ENFORCEMENT,463.7194,33980.8077,483.0410,463.7194,19.3216,0.01232650,0.01183344,19.3216,463.7194,0.01183344,19.3216,19.3216,19.3216,0.0000,0.0000,463.7194,0.01183344,57.9649,55.6772,425.0761,427.3638,0.01084732,0.0109057,0.00049306,4.6858,5.6707,0.0774,15.5820,0.2688,1264.1035,201.3548,4.5499,4.6885,2.0771,4.1543,6.1317,8.4025,10.5031,18.5864,3.9466,-2.0771,2.528253,4.474023,1.127938,29,192,48,6,0.01915741,0.01232650,0.05216444,0E-8,0.000000,0.903271,0.017936,-0.04061604,2026-05-16,2026-07-20,31,1797,733,66,0.469697,0.970424,0.970991,0.063858,,,,,,,,GLOBAL_BASELINE_NO_ENTITY_RANKING,,,NOT_APPLICABLE_GLOBAL_BASELINE,HF9g-P5,,,,X 全窗基线 · 不参与实体赏罚,8395504,840,A168_HF9F_20260827_0900,2026-08-27 09:00:00
2026-06-14,150107794,2258,0,13.2937290988,-5.1928629292,-5.1928629292,0.3333333,3,3,0.50665070000000000,0.506650700000,-0.6004420894325239,-0.6004420894325239,-0.6004420894325239,0E-17,ELIGIBLE,R03b_20260811_FULL_v1,L1_ELIGIBILITY,v2026-08-11,2026-03-21..2026-08-06,baccarat_bet02_101_all_pairs_incl_sentinel,round_win = game_pnl > 0 (decisive only),COMPATIBILITY_ONLY_NOT_PRODUCTION,39187.2093,35396.6747,483.0410,8363,6242,-0.01232650,-0.05216444,-0.01154840,-0.01232650,-483.0410,39187.2093,OK,0.0000,19.3216,4.0000,96.0000,AG03-UNRESOLVED,ALL5_LEVELS_bet23_to_bet27,19.3216,19.3216,19.3216,0.0000,0.0000,4.000000,4.000000,4.000000,0.000000,0.000000,96.000000,96.000000,96.000000,100.000000,100.000000,5.0,57.9649,55.6772,425.0761,427.3638,PENDING_AG03,FALSE,NOT_FOR_ENFORCEMENT,463.7194,33980.8077,483.0410,463.7194,19.3216,0.01232650,0.01183344,19.3216,463.7194,0.01183344,19.3216,19.3216,19.3216,0.0000,0.0000,463.7194,0.01183344,57.9649,55.6772,425.0761,427.3638,0.01084732,0.0109057,0.00049306,4.6858,5.6707,0.0774,15.5820,0.2688,1264.1035,201.3548,4.5499,4.6885,2.0771,4.1543,6.1317,8.4025,10.5031,18.5864,3.9466,-2.0771,2.528253,4.474023,1.127938,29,192,48,6,0.01915741,0.01232650,0.05216444,0E-8,0.000000,0.903271,0.017936,-0.04061604,2026-05-16,2026-07-20,31,1797,733,66,0.469697,0.970424,0.970991,0.063858,,,,,,,,GLOBAL_BASELINE_NO_ENTITY_RANKING,,,NOT_APPLICABLE_GLOBAL_BASELINE,HF9g-P5,,,,X 全窗基线 · 不参与实体赏罚,8395505,840,A168_HF9F_20260827_0900,2026-08-27 09:00:00
2026-06-14,150107794,2276,0,8.1008661696,0E-10,0E-10,0.5000000,2,2,0.50665070000000000,0.506650700000,-0.018812684590367487,-0.018812684590367487,-0.018812684590367487,0E-17,ELIGIBLE,R03b_20260811_FULL_v1,L1_ELIGIBILITY,v2026-08-11,2026-03-21..2026-08-06,baccarat_bet02_101_all_pairs_incl_sentinel,round_win = game_pnl > 0 (decisive only),COMPATIBILITY_ONLY_NOT_PRODUCTION,39187.2093,35396.6747,483.0410,8363,6242,-0.01232650,-0.05216444,-0.01154840,-0.01232650,-483.0410,39187.2093,OK,0.0000,19.3216,4.0000,96.0000,AG03-UNRESOLVED,ALL5_LEVELS_bet23_to_bet27,19.3216,19.3216,19.3216,0.0000,0.0000,4.000000,4.000000,4.000000,0.000000,0.000000,96.000000,96.000000,96.000000,100.000000,100.000000,5.0,57.9649,55.6772,425.0761,427.3638,PENDING_AG03,FALSE,NOT_FOR_ENFORCEMENT,463.7194,33980.8077,483.0410,463.7194,19.3216,0.01232650,0.01183344,19.3216,463.7194,0.01183344,19.3216,19.3216,19.3216,0.0000,0.0000,463.7194,0.01183344,57.9649,55.6772,425.0761,427.3638,0.01084732,0.0109057,0.00049306,4.6858,5.6707,0.0774,15.5820,0.2688,1264.1035,201.3548,4.5499,4.6885,2.0771,4.1543,6.1317,8.4025,10.5031,18.5864,3.9466,-2.0771,2.528253,4.474023,1.127938,29,192,48,6,0.01915741,0.01232650,0.05216444,0E-8,0.000000,0.903271,0.017936,-0.04061604,2026-05-16,2026-07-20,31,1797,733,66,0.469697,0.970424,0.970991,0.063858,,,,,,,,GLOBAL_BASELINE_NO_ENTITY_RANKING,,,NOT_APPLICABLE_GLOBAL_BASELINE,HF9g-P5,,,,X 全窗基线 · 不参与实体赏罚,8395506,840,A168_HF9F_20260827_0900,2026-08-27 09:00:00
2026-06-14,150107794,526,0,4.1542903434,4.1542903434,4.1542903434,1.0000000,1,1,0.49324550000000000,0.493245500000,1.01360149184955,1.01360149184955,1.01360149184955,0E-17,ELIGIBLE,R03b_20260811_FULL_v1,L1_ELIGIBILITY,v2026-08-11,2026-03-21..2026-08-06,baccarat_bet02_101_all_pairs_incl_sentinel,round_win = game_pnl > 0 (decisive only),COMPATIBILITY_ONLY_NOT_PRODUCTION,39187.2093,35396.6747,483.0410,8363,6242,-0.01232650,-0.05216444,-0.01154840,-0.01232650,-483.0410,39187.2093,OK,0.0000,19.3216,4.0000,96.0000,AG03-UNRESOLVED,ALL5_LEVELS_bet23_to_bet27,19.3216,19.3216,19.3216,0.0000,0.0000,4.000000,4.000000,4.000000,0.000000,0.000000,96.000000,96.000000,96.000000,100.000000,100.000000,5.0,57.9649,55.6772,425.0761,427.3638,PENDING_AG03,FALSE,NOT_FOR_ENFORCEMENT,463.7194,33980.8077,483.0410,463.7194,19.3216,0.01232650,0.01183344,19.3216,463.7194,0.01183344,19.3216,19.3216,19.3216,0.0000,0.0000,463.7194,0.01183344,57.9649,55.6772,425.0761,427.3638,0.01084732,0.0109057,0.00049306,4.6858,5.6707,0.0774,15.5820,0.2688,1264.1035,201.3548,4.5499,4.6885,2.0771,4.1543,6.1317,8.4025,10.5031,18.5864,3.9466,-2.0771,2.528253,4.474023,1.127938,29,192,48,6,0.01915741,0.01232650,0.05216444,0E-8,0.000000,0.903271,0.017936,-0.04061604,2026-05-16,2026-07-20,31,1797,733,66,0.469697,0.970424,0.970991,0.063858,,,,,,,,GLOBAL_BASELINE_NO_ENTITY_RANKING,,,NOT_APPLICABLE_GLOBAL_BASELINE,HF9g-P5,,,,X 全窗基线 · 不参与实体赏罚,8395507,840,A168_HF9F_20260827_0900,2026-08-27 09:00:00
2026-06-14,150107794,529,0,13.9168726503,-0.0415429035,-0.0415429035,0.6000000,6,5,0.46662403739123179,0.461424350000,0.5978087889019181,0.6215818358757014,0.5978087889019181,0.00519968739123179,ELIGIBLE,R03b_20260811_FULL_v1,L1_ELIGIBILITY,v2026-08-11,2026-03-21..2026-08-06,baccarat_bet02_101_all_pairs_incl_sentinel,round_win = game_pnl > 0 (decisive only),COMPATIBILITY_ONLY_NOT_PRODUCTION,39187.2093,35396.6747,483.0410,8363,6242,-0.01232650,-0.05216444,-0.01154840,-0.01232650,-483.0410,39187.2093,OK,0.0000,19.3216,4.0000,96.0000,AG03-UNRESOLVED,ALL5_LEVELS_bet23_to_bet27,19.3216,19.3216,19.3216,0.0000,0.0000,4.000000,4.000000,4.000000,0.000000,0.000000,96.000000,96.000000,96.000000,100.000000,100.000000,5.0,57.9649,55.6772,425.0761,427.3638,PENDING_AG03,FALSE,NOT_FOR_ENFORCEMENT,463.7194,33980.8077,483.0410,463.7194,19.3216,0.01232650,0.01183344,19.3216,463.7194,0.01183344,19.3216,19.3216,19.3216,0.0000,0.0000,463.7194,0.01183344,57.9649,55.6772,425.0761,427.3638,0.01084732,0.0109057,0.00049306,4.6858,5.6707,0.0774,15.5820,0.2688,1264.1035,201.3548,4.5499,4.6885,2.0771,4.1543,6.1317,8.4025,10.5031,18.5864,3.9466,-2.0771,2.528253,4.474023,1.127938,29,192,48,6,0.01915741,0.01232650,0.05216444,0E-8,0.000000,0.903271,0.017936,-0.04061604,2026-05-16,2026-07-20,31,1797,733,66,0.469697,0.970424,0.970991,0.063858,,,,,,,,GLOBAL_BASELINE_NO_ENTITY_RANKING,,,NOT_APPLICABLE_GLOBAL_BASELINE,HF9g-P5,,,,X 全窗基线 · 不参与实体赏罚,8395508,840,A168_HF9F_20260827_0900,2026-08-27 09:00:00
2026-06-15,150107794,-1,1,1306.3165984700,231.6328438169,231.6328438169,0.6291391,240,156,0.45152454944343129,0.392986487607,4.385788330940932,5.941460163659539,4.385788330940932,0.05853806183643129,SENTINEL_DEALER,R03b_20260811_FULL_v1,L1_ELIGIBILITY,v2026-08-11,2026-03-21..2026-08-06,baccarat_bet02_101_all_pairs_incl_sentinel,round_win = game_pnl > 0 (decisive only),COMPATIBILITY_ONLY_NOT_PRODUCTION,39187.2093,35396.6747,483.0410,8363,6242,-0.01232650,-0.05216444,-0.01154840,-0.01232650,-483.0410,39187.2093,OK,0.0000,19.3216,4.0000,96.0000,AG03-UNRESOLVED,ALL5_LEVELS_bet23_to_bet27,19.3216,19.3216,19.3216,0.0000,0.0000,4.000000,4.000000,4.000000,0.000000,0.000000,96.000000,96.000000,96.000000,100.000000,100.000000,5.0,57.9649,55.6772,425.0761,427.3638,PENDING_AG03,FALSE,NOT_FOR_ENFORCEMENT,463.7194,33980.8077,483.0410,463.7194,19.3216,0.01232650,0.01183344,19.3216,463.7194,0.01183344,19.3216,19.3216,19.3216,0.0000,0.0000,463.7194,0.01183344,57.9649,55.6772,425.0761,427.3638,0.01084732,0.0109057,0.00049306,4.6858,5.6707,0.0774,15.5820,0.2688,1264.1035,201.3548,4.5499,4.6885,2.0771,4.1543,6.1317,8.4025,10.5031,18.5864,3.9466,-2.0771,2.528253,4.474023,1.127938,29,192,48,6,0.01915741,0.01232650,0.05216444,0E-8,0.000000,0.903271,0.017936,-0.04061604,2026-05-16,2026-07-20,31,1797,733,66,0.469697,0.970424,0.970991,0.063858,,,,,,,,GLOBAL_BASELINE_NO_ENTITY_RANKING,,,NOT_APPLICABLE_GLOBAL_BASELINE,HF9g-P5,,,,X 全窗基线 · 不参与实体赏罚,8395509,840,A168_HF9F_20260827_0900,2026-08-27 09:00:00
2026-06-15,150107794,1078,0,10.8011548928,-10.8011548928,-10.8011548928,0E-7,3,2,0.43350765000000000,0.400287425000,-1.2371328983316898,-1.1553920997617628,-1.2371328983316898,0.03322022500000000,ELIGIBLE,R03b_20260811_FULL_v1,L1_ELIGIBILITY,v2026-08-11,2026-03-21..2026-08-06,baccarat_bet02_101_all_pairs_incl_sentinel,round_win = game_pnl > 0 (decisive only),COMPATIBILITY_ONLY_NOT_PRODUCTION,39187.2093,35396.6747,483.0410,8363,6242,-0.01232650,-0.05216444,-0.01154840,-0.01232650,-483.0410,39187.2093,OK,0.0000,19.3216,4.0000,96.0000,AG03-UNRESOLVED,ALL5_LEVELS_bet23_to_bet27,19.3216,19.3216,19.3216,0.0000,0.0000,4.000000,4.000000,4.000000,0.000000,0.000000,96.000000,96.000000,96.000000,100.000000,100.000000,5.0,57.9649,55.6772,425.0761,427.3638,PENDING_AG03,FALSE,NOT_FOR_ENFORCEMENT,463.7194,33980.8077,483.0410,463.7194,19.3216,0.01232650,0.01183344,19.3216,463.7194,0.01183344,19.3216,19.3216,19.3216,0.0000,0.0000,463.7194,0.01183344,57.9649,55.6772,425.0761,427.3638,0.01084732,0.0109057,0.00049306,4.6858,5.6707,0.0774,15.5820,0.2688,1264.1035,201.3548,4.5499,4.6885,2.0771,4.1543,6.1317,8.4025,10.5031,18.5864,3.9466,-2.0771,2.528253,4.474023,1.127938,29,192,48,6,0.01915741,0.01232650,0.05216444,0E-8,0.000000,0.903271,0.017936,-0.04061604,2026-05-16,2026-07-20,31,1797,733,66,0.469697,0.970424,0.970991,0.063858,,,,,,,,GLOBAL_BASELINE_NO_ENTITY_RANKING,,,NOT_APPLICABLE_GLOBAL_BASELINE,HF9g-P5,,,,X 全窗基线 · 不参与实体赏罚,8395510,840,A168_HF9F_20260827_0900,2026-08-27 09:00:00
2026-06-15,150107794,1114,0,76.8543713521,23.9910267327,23.9910267327,0.7500000,7,4,0.46282297749961442,0.348781437500,1.1518966472478251,1.6837241687568907,1.1518966472478251,0.11404153999961442,ELIGIBLE,R03b_20260811_FULL_v1,L1_ELIGIBILITY,v2026-08-11,2026-03-21..2026-08-06,baccarat_bet02_101_all_pairs_incl_sentinel,round_win = game_pnl > 0 (decisive only),COMPATIBILITY_ONLY_NOT_PRODUCTION,39187.2093,35396.6747,483.0410,8363,6242,-0.01232650,-0.05216444,-0.01154840,-0.01232650,-483.0410,39187.2093,OK,0.0000,19.3216,4.0000,96.0000,AG03-UNRESOLVED,ALL5_LEVELS_bet23_to_bet27,19.3216,19.3216,19.3216,0.0000,0.0000,4.000000,4.000000,4.000000,0.000000,0.000000,96.000000,96.000000,96.000000,100.000000,100.000000,5.0,57.9649,55.6772,425.0761,427.3638,PENDING_AG03,FALSE,NOT_FOR_ENFORCEMENT,463.7194,33980.8077,483.0410,463.7194,19.3216,0.01232650,0.01183344,19.3216,463.7194,0.01183344,19.3216,19.3216,19.3216,0.0000,0.0000,463.7194,0.01183344,57.9649,55.6772,425.0761,427.3638,0.01084732,0.0109057,0.00049306,4.6858,5.6707,0.0774,15.5820,0.2688,1264.1035,201.3548,4.5499,4.6885,2.0771,4.1543,6.1317,8.4025,10.5031,18.5864,3.9466,-2.0771,2.528253,4.474023,1.127938,29,192,48,6,0.01915741,0.01232650,0.05216444,0E-8,0.000000,0.903271,0.017936,-0.04061604,2026-05-16,2026-07-20,31,1797,733,66,0.469697,0.970424,0.970991,0.063858,,,,,,,,GLOBAL_BASELINE_NO_ENTITY_RANKING,,,NOT_APPLICABLE_GLOBAL_BASELINE,HF9g-P5,,,,X 全窗基线 · 不参与实体赏罚,8395511,840,A168_HF9F_20260827_0900,2026-08-27 09:00:00
2026-06-15,150107794,1151,0,24.7180275430,0.7270008101,0.7270008101,0.6666667,6,4,0.44502746495516342,0.403638725000,0.7724636501825498,0.9285630193911486,0.7724636501825498,0.04138873995516342,ELIGIBLE,R03b_20260811_FULL_v1,L1_ELIGIBILITY,v2026-08-11,2026-03-21..2026-08-06,baccarat_bet02_101_all_pairs_incl_sentinel,round_win = game_pnl > 0 (decisive only),COMPATIBILITY_ONLY_NOT_PRODUCTION,39187.2093,35396.6747,483.0410,8363,6242,-0.01232650,-0.05216444,-0.01154840,-0.01232650,-483.0410,39187.2093,OK,0.0000,19.3216,4.0000,96.0000,AG03-UNRESOLVED,ALL5_LEVELS_bet23_to_bet27,19.3216,19.3216,19.3216,0.0000,0.0000,4.000000,4.000000,4.000000,0.000000,0.000000,96.000000,96.000000,96.000000,100.000000,100.000000,5.0,57.9649,55.6772,425.0761,427.3638,PENDING_AG03,FALSE,NOT_FOR_ENFORCEMENT,463.7194,33980.8077,483.0410,463.7194,19.3216,0.01232650,0.01183344,19.3216,463.7194,0.01183344,19.3216,19.3216,19.3216,0.0000,0.0000,463.7194,0.01183344,57.9649,55.6772,425.0761,427.3638,0.01084732,0.0109057,0.00049306,4.6858,5.6707,0.0774,15.5820,0.2688,1264.1035,201.3548,4.5499,4.6885,2.0771,4.1543,6.1317,8.4025,10.5031,18.5864,3.9466,-2.0771,2.528253,4.474023,1.127938,29,192,48,6,0.01915741,0.01232650,0.05216444,0E-8,0.000000,0.903271,0.017936,-0.04061604,2026-05-16,2026-07-20,31,1797,733,66,0.469697,0.970424,0.970991,0.063858,,,,,,,,GLOBAL_BASELINE_NO_ENTITY_RANKING,,,NOT_APPLICABLE_GLOBAL_BASELINE,HF9g-P5,,,,X 全窗基线 · 不参与实体赏罚,8395512,840,A168_HF9F_20260827_0900,2026-08-27 09:00:00
2026-06-15,150107794,1221,0,8.7240097211,-4.5697193777,-4.5697193777,0E-7,3,2,0.49771390000000000,0.496596800000,-1.4077622098436522,-1.4046203955403829,-1.4077622098436522,0.00111710000000000,ELIGIBLE,R03b_20260811_FULL_v1,L1_ELIGIBILITY,v2026-08-11,2026-03-21..2026-08-06,baccarat_bet02_101_all_pairs_incl_sentinel,round_win = game_pnl > 0 (decisive only),COMPATIBILITY_ONLY_NOT_PRODUCTION,39187.2093,35396.6747,483.0410,8363,6242,-0.01232650,-0.05216444,-0.01154840,-0.01232650,-483.0410,39187.2093,OK,0.0000,19.3216,4.0000,96.0000,AG03-UNRESOLVED,ALL5_LEVELS_bet23_to_bet27,19.3216,19.3216,19.3216,0.0000,0.0000,4.000000,4.000000,4.000000,0.000000,0.000000,96.000000,96.000000,96.000000,100.000000,100.000000,5.0,57.9649,55.6772,425.0761,427.3638,PENDING_AG03,FALSE,NOT_FOR_ENFORCEMENT,463.7194,33980.8077,483.0410,463.7194,19.3216,0.01232650,0.01183344,19.3216,463.7194,0.01183344,19.3216,19.3216,19.3216,0.0000,0.0000,463.7194,0.01183344,57.9649,55.6772,425.0761,427.3638,0.01084732,0.0109057,0.00049306,4.6858,5.6707,0.0774,15.5820,0.2688,1264.1035,201.3548,4.5499,4.6885,2.0771,4.1543,6.1317,8.4025,10.5031,18.5864,3.9466,-2.0771,2.528253,4.474023,1.127938,29,192,48,6,0.01915741,0.01232650,0.05216444,0E-8,0.000000,0.903271,0.017936,-0.04061604,2026-05-16,2026-07-20,31,1797,733,66,0.469697,0.970424,0.970991,0.063858,,,,,,,,GLOBAL_BASELINE_NO_ENTITY_RANKING,,,NOT_APPLICABLE_GLOBAL_BASELINE,HF9g-P5,,,,X 全窗基线 · 不参与实体赏罚,8395513,840,A168_HF9F_20260827_0900,2026-08-27 09:00:00
2026-06-15,150107794,1318,0,6.2314355150,-6.2314355150,-6.2314355150,0E-7,1,1,0.50665070000000000,0.506650700000,-1.013391052207602,-1.013391052207602,-1.013391052207602,0E-17,ELIGIBLE,R03b_20260811_FULL_v1,L1_ELIGIBILITY,v2026-08-11,2026-03-21..2026-08-06,baccarat_bet02_101_all_pairs_incl_sentinel,round_win = game_pnl > 0 (decisive only),COMPATIBILITY_ONLY_NOT_PRODUCTION,39187.2093,35396.6747,483.0410,8363,6242,-0.01232650,-0.05216444,-0.01154840,-0.01232650,-483.0410,39187.2093,OK,0.0000,19.3216,4.0000,96.0000,AG03-UNRESOLVED,ALL5_LEVELS_bet23_to_bet27,19.3216,19.3216,19.3216,0.0000,0.0000,4.000000,4.000000,4.000000,0.000000,0.000000,96.000000,96.000000,96.000000,100.000000,100.000000,5.0,57.9649,55.6772,425.0761,427.3638,PENDING_AG03,FALSE,NOT_FOR_ENFORCEMENT,463.7194,33980.8077,483.0410,463.7194,19.3216,0.01232650,0.01183344,19.3216,463.7194,0.01183344,19.3216,19.3216,19.3216,0.0000,0.0000,463.7194,0.01183344,57.9649,55.6772,425.0761,427.3638,0.01084732,0.0109057,0.00049306,4.6858,5.6707,0.0774,15.5820,0.2688,1264.1035,201.3548,4.5499,4.6885,2.0771,4.1543,6.1317,8.4025,10.5031,18.5864,3.9466,-2.0771,2.528253,4.474023,1.127938,29,192,48,6,0.01915741,0.01232650,0.05216444,0E-8,0.000000,0.903271,0.017936,-0.04061604,2026-05-16,2026-07-20,31,1797,733,66,0.469697,0.970424,0.970991,0.063858,,,,,,,,GLOBAL_BASELINE_NO_ENTITY_RANKING,,,NOT_APPLICABLE_GLOBAL_BASELINE,HF9g-P5,,,,X 全窗基线 · 不参与实体赏罚,8395514,840,A168_HF9F_20260827_0900,2026-08-27 09:00:00
2026-06-15,150107794,1384,0,58.5754938416,19.4628502584,19.4628502584,0.7777778,17,10,0.41266525029486264,0.362433935000,2.2248779459696473,2.592101525322034,2.2248779459696473,0.05023131529486264,ELIGIBLE,R03b_20260811_FULL_v1,L1_ELIGIBILITY,v2026-08-11,2026-03-21..2026-08-06,baccarat_bet02_101_all_pairs_incl_sentinel,round_win = game_pnl > 0 (decisive only),COMPATIBILITY_ONLY_NOT_PRODUCTION,39187.2093,35396.6747,483.0410,8363,6242,-0.01232650,-0.05216444,-0.01154840,-0.01232650,-483.0410,39187.2093,OK,0.0000,19.3216,4.0000,96.0000,AG03-UNRESOLVED,ALL5_LEVELS_bet23_to_bet27,19.3216,19.3216,19.3216,0.0000,0.0000,4.000000,4.000000,4.000000,0.000000,0.000000,96.000000,96.000000,96.000000,100.000000,100.000000,5.0,57.9649,55.6772,425.0761,427.3638,PENDING_AG03,FALSE,NOT_FOR_ENFORCEMENT,463.7194,33980.8077,483.0410,463.7194,19.3216,0.01232650,0.01183344,19.3216,463.7194,0.01183344,19.3216,19.3216,19.3216,0.0000,0.0000,463.7194,0.01183344,57.9649,55.6772,425.0761,427.3638,0.01084732,0.0109057,0.00049306,4.6858,5.6707,0.0774,15.5820,0.2688,1264.1035,201.3548,4.5499,4.6885,2.0771,4.1543,6.1317,8.4025,10.5031,18.5864,3.9466,-2.0771,2.528253,4.474023,1.127938,29,192,48,6,0.01915741,0.01232650,0.05216444,0E-8,0.000000,0.903271,0.017936,-0.04061604,2026-05-16,2026-07-20,31,1797,733,66,0.469697,0.970424,0.970991,0.063858,,,,,,,,GLOBAL_BASELINE_NO_ENTITY_RANKING,,,NOT_APPLICABLE_GLOBAL_BASELINE,HF9g-P5,,,,X 全窗基线 · 不参与实体赏罚,8395515,840,A168_HF9F_20260827_0900,2026-08-27 09:00:00
2026-06-15,150107794,1385,0,69.5843632514,23.8871694741,23.8871694741,0.5000000,12,10,0.44467247857135024,0.416198000000,0.31491364909598096,0.48085772049813036,0.31491364909598096,0.02847447857135024,ELIGIBLE,R03b_20260811_FULL_v1,L1_ELIGIBILITY,v2026-08-11,2026-03-21..2026-08-06,baccarat_bet02_101_all_pairs_incl_sentinel,round_win = game_pnl > 0 (decisive only),COMPATIBILITY_ONLY_NOT_PRODUCTION,39187.2093,35396.6747,483.0410,8363,6242,-0.01232650,-0.05216444,-0.01154840,-0.01232650,-483.0410,39187.2093,OK,0.0000,19.3216,4.0000,96.0000,AG03-UNRESOLVED,ALL5_LEVELS_bet23_to_bet27,19.3216,19.3216,19.3216,0.0000,0.0000,4.000000,4.000000,4.000000,0.000000,0.000000,96.000000,96.000000,96.000000,100.000000,100.000000,5.0,57.9649,55.6772,425.0761,427.3638,PENDING_AG03,FALSE,NOT_FOR_ENFORCEMENT,463.7194,33980.8077,483.0410,463.7194,19.3216,0.01232650,0.01183344,19.3216,463.7194,0.01183344,19.3216,19.3216,19.3216,0.0000,0.0000,463.7194,0.01183344,57.9649,55.6772,425.0761,427.3638,0.01084732,0.0109057,0.00049306,4.6858,5.6707,0.0774,15.5820,0.2688,1264.1035,201.3548,4.5499,4.6885,2.0771,4.1543,6.1317,8.4025,10.5031,18.5864,3.9466,-2.0771,2.528253,4.474023,1.127938,29,192,48,6,0.01915741,0.01232650,0.05216444,0E-8,0.000000,0.903271,0.017936,-0.04061604,2026-05-16,2026-07-20,31,1797,733,66,0.469697,0.970424,0.970991,0.063858,,,,,,,,GLOBAL_BASELINE_NO_ENTITY_RANKING,,,NOT_APPLICABLE_GLOBAL_BASELINE,HF9g-P5,,,,X 全窗基线 · 不参与实体赏罚,8395516,840,A168_HF9F_20260827_0900,2026-08-27 09:00:00
2026-06-15,150107794,1680,0,281.0377417282,57.0903350433,57.0903350433,0.5882353,32,18,0.45558486708530558,0.343430916667,1.0982048916639406,2.1256107174488874,1.0982048916639406,0.11215395041830558,ELIGIBLE,R03b_20260811_FULL_v1,L1_ELIGIBILITY,v2026-08-11,2026-03-21..2026-08-06,baccarat_bet02_101_all_pairs_incl_sentinel,round_win = game_pnl > 0 (decisive only),COMPATIBILITY_ONLY_NOT_PRODUCTION,39187.2093,35396.6747,483.0410,8363,6242,-0.01232650,-0.05216444,-0.01154840,-0.01232650,-483.0410,39187.2093,OK,0.0000,19.3216,4.0000,96.0000,AG03-UNRESOLVED,ALL5_LEVELS_bet23_to_bet27,19.3216,19.3216,19.3216,0.0000,0.0000,4.000000,4.000000,4.000000,0.000000,0.000000,96.000000,96.000000,96.000000,100.000000,100.000000,5.0,57.9649,55.6772,425.0761,427.3638,PENDING_AG03,FALSE,NOT_FOR_ENFORCEMENT,463.7194,33980.8077,483.0410,463.7194,19.3216,0.01232650,0.01183344,19.3216,463.7194,0.01183344,19.3216,19.3216,19.3216,0.0000,0.0000,463.7194,0.01183344,57.9649,55.6772,425.0761,427.3638,0.01084732,0.0109057,0.00049306,4.6858,5.6707,0.0774,15.5820,0.2688,1264.1035,201.3548,4.5499,4.6885,2.0771,4.1543,6.1317,8.4025,10.5031,18.5864,3.9466,-2.0771,2.528253,4.474023,1.127938,29,192,48,6,0.01915741,0.01232650,0.05216444,0E-8,0.000000,0.903271,0.017936,-0.04061604,2026-05-16,2026-07-20,31,1797,733,66,0.469697,0.970424,0.970991,0.063858,,,,,,,,GLOBAL_BASELINE_NO_ENTITY_RANKING,,,NOT_APPLICABLE_GLOBAL_BASELINE,HF9g-P5,,,,X 全窗基线 · 不参与实体赏罚,8395517,840,A168_HF9F_20260827_0900,2026-08-27 09:00:00
2026-06-15,150107794,1750,0,48.6051970172,-15.8901605633,-15.8901605633,0.2857143,8,7,0.43031593571420700,0.410694607143,-0.7727010782781231,-0.6721418693250468,-0.7727010782781231,0.01962132857120700,ELIGIBLE,R03b_20260811_FULL_v1,L1_ELIGIBILITY,v2026-08-11,2026-03-21..2026-08-06,baccarat_bet02_101_all_pairs_incl_sentinel,round_win = game_pnl > 0 (decisive only),COMPATIBILITY_ONLY_NOT_PRODUCTION,39187.2093,35396.6747,483.0410,8363,6242,-0.01232650,-0.05216444,-0.01154840,-0.01232650,-483.0410,39187.2093,OK,0.0000,19.3216,4.0000,96.0000,AG03-UNRESOLVED,ALL5_LEVELS_bet23_to_bet27,19.3216,19.3216,19.3216,0.0000,0.0000,4.000000,4.000000,4.000000,0.000000,0.000000,96.000000,96.000000,96.000000,100.000000,100.000000,5.0,57.9649,55.6772,425.0761,427.3638,PENDING_AG03,FALSE,NOT_FOR_ENFORCEMENT,463.7194,33980.8077,483.0410,463.7194,19.3216,0.01232650,0.01183344,19.3216,463.7194,0.01183344,19.3216,19.3216,19.3216,0.0000,0.0000,463.7194,0.01183344,57.9649,55.6772,425.0761,427.3638,0.01084732,0.0109057,0.00049306,4.6858,5.6707,0.0774,15.5820,0.2688,1264.1035,201.3548,4.5499,4.6885,2.0771,4.1543,6.1317,8.4025,10.5031,18.5864,3.9466,-2.0771,2.528253,4.474023,1.127938,29,192,48,6,0.01915741,0.01232650,0.05216444,0E-8,0.000000,0.903271,0.017936,-0.04061604,2026-05-16,2026-07-20,31,1797,733,66,0.469697,0.970424,0.970991,0.063858,,,,,,,,GLOBAL_BASELINE_NO_ENTITY_RANKING,,,NOT_APPLICABLE_GLOBAL_BASELINE,HF9g-P5,,,,X 全窗基线 · 不参与实体赏罚,8395518,840,A168_HF9F_20260827_0900,2026-08-27 09:00:00
2026-06-15,150107794,1935,0,155.9936023934,9.3263818205,9.3263818205,0.5833333,22,12,0.43983065483190355,0.331612775000,1.0014936810929134,1.8521647420006697,1.0014936810929134,0.10821787983190355,ELIGIBLE,R03b_20260811_FULL_v1,L1_ELIGIBILITY,v2026-08-11,2026-03-21..2026-08-06,baccarat_bet02_101_all_pairs_incl_sentinel,round_win = game_pnl > 0 (decisive only),COMPATIBILITY_ONLY_NOT_PRODUCTION,39187.2093,35396.6747,483.0410,8363,6242,-0.01232650,-0.05216444,-0.01154840,-0.01232650,-483.0410,39187.2093,OK,0.0000,19.3216,4.0000,96.0000,AG03-UNRESOLVED,ALL5_LEVELS_bet23_to_bet27,19.3216,19.3216,19.3216,0.0000,0.0000,4.000000,4.000000,4.000000,0.000000,0.000000,96.000000,96.000000,96.000000,100.000000,100.000000,5.0,57.9649,55.6772,425.0761,427.3638,PENDING_AG03,FALSE,NOT_FOR_ENFORCEMENT,463.7194,33980.8077,483.0410,463.7194,19.3216,0.01232650,0.01183344,19.3216,463.7194,0.01183344,19.3216,19.3216,19.3216,0.0000,0.0000,463.7194,0.01183344,57.9649,55.6772,425.0761,427.3638,0.01084732,0.0109057,0.00049306,4.6858,5.6707,0.0774,15.5820,0.2688,1264.1035,201.3548,4.5499,4.6885,2.0771,4.1543,6.1317,8.4025,10.5031,18.5864,3.9466,-2.0771,2.528253,4.474023,1.127938,29,192,48,6,0.01915741,0.01232650,0.05216444,0E-8,0.000000,0.903271,0.017936,-0.04061604,2026-05-16,2026-07-20,31,1797,733,66,0.469697,0.970424,0.970991,0.063858,,,,,,,,GLOBAL_BASELINE_NO_ENTITY_RANKING,,,NOT_APPLICABLE_GLOBAL_BASELINE,HF9g-P5,,,,X 全窗基线 · 不参与实体赏罚,8395519,840,A168_HF9F_20260827_0900,2026-08-27 09:00:00
2026-06-15,150107794,1941,0,14.5400162018,-14.5400162018,-14.5400162018,0E-7,2,1,0.43629654285675119,0.293924150000,-0.8797626833882425,-0.6451964315166089,-0.8797626833882425,0.14237239285675119,ELIGIBLE,R03b_20260811_FULL_v1,L1_ELIGIBILITY,v2026-08-11,2026-03-21..2026-08-06,baccarat_bet02_101_all_pairs_incl_sentinel,round_win = game_pnl > 0 (decisive only),COMPATIBILITY_ONLY_NOT_PRODUCTION,39187.2093,35396.6747,483.0410,8363,6242,-0.01232650,-0.05216444,-0.01154840,-0.01232650,-483.0410,39187.2093,OK,0.0000,19.3216,4.0000,96.0000,AG03-UNRESOLVED,ALL5_LEVELS_bet23_to_bet27,19.3216,19.3216,19.3216,0.0000,0.0000,4.000000,4.000000,4.000000,0.000000,0.000000,96.000000,96.000000,96.000000,100.000000,100.000000,5.0,57.9649,55.6772,425.0761,427.3638,PENDING_AG03,FALSE,NOT_FOR_ENFORCEMENT,463.7194,33980.8077,483.0410,463.7194,19.3216,0.01232650,0.01183344,19.3216,463.7194,0.01183344,19.3216,19.3216,19.3216,0.0000,0.0000,463.7194,0.01183344,57.9649,55.6772,425.0761,427.3638,0.01084732,0.0109057,0.00049306,4.6858,5.6707,0.0774,15.5820,0.2688,1264.1035,201.3548,4.5499,4.6885,2.0771,4.1543,6.1317,8.4025,10.5031,18.5864,3.9466,-2.0771,2.528253,4.474023,1.127938,29,192,48,6,0.01915741,0.01232650,0.05216444,0E-8,0.000000,0.903271,0.017936,-0.04061604,2026-05-16,2026-07-20,31,1797,733,66,0.469697,0.970424,0.970991,0.063858,,,,,,,,GLOBAL_BASELINE_NO_ENTITY_RANKING,,,NOT_APPLICABLE_GLOBAL_BASELINE,HF9g-P5,,,,X 全窗基线 · 不参与实体赏罚,8395520,840,A168_HF9F_20260827_0900,2026-08-27 09:00:00
2026-06-15,150107794,1942,0,127.9521425757,19.4213073549,19.4213073549,0.5625000,25,17,0.43400578882332430,0.379151811765,1.0370263655969807,1.5116015803735787,1.0370263655969807,0.05485397705832430,ELIGIBLE,R03b_20260811_FULL_v1,L1_ELIGIBILITY,v2026-08-11,2026-03-21..2026-08-06,baccarat_bet02_101_all_pairs_incl_sentinel,round_win = game_pnl > 0 (decisive only),COMPATIBILITY_ONLY_NOT_PRODUCTION,39187.2093,35396.6747,483.0410,8363,6242,-0.01232650,-0.05216444,-0.01154840,-0.01232650,-483.0410,39187.2093,OK,0.0000,19.3216,4.0000,96.0000,AG03-UNRESOLVED,ALL5_LEVELS_bet23_to_bet27,19.3216,19.3216,19.3216,0.0000,0.0000,4.000000,4.000000,4.000000,0.000000,0.000000,96.000000,96.000000,96.000000,100.000000,100.000000,5.0,57.9649,55.6772,425.0761,427.3638,PENDING_AG03,FALSE,NOT_FOR_ENFORCEMENT,463.7194,33980.8077,483.0410,463.7194,19.3216,0.01232650,0.01183344,19.3216,463.7194,0.01183344,19.3216,19.3216,19.3216,0.0000,0.0000,463.7194,0.01183344,57.9649,55.6772,425.0761,427.3638,0.01084732,0.0109057,0.00049306,4.6858,5.6707,0.0774,15.5820,0.2688,1264.1035,201.3548,4.5499,4.6885,2.0771,4.1543,6.1317,8.4025,10.5031,18.5864,3.9466,-2.0771,2.528253,4.474023,1.127938,29,192,48,6,0.01915741,0.01232650,0.05216444,0E-8,0.000000,0.903271,0.017936,-0.04061604,2026-05-16,2026-07-20,31,1797,733,66,0.469697,0.970424,0.970991,0.063858,,,,,,,,GLOBAL_BASELINE_NO_ENTITY_RANKING,,,NOT_APPLICABLE_GLOBAL_BASELINE,HF9g-P5,,,,X 全窗基线 · 不参与实体赏罚,8395521,840,A168_HF9F_20260827_0900,2026-08-27 09:00:00
2026-06-15,150107794,1947,0,4.1542903434,-4.1542903434,-4.1542903434,0E-7,1,1,0.50665070000000000,0.506650700000,-1.013391052207602,-1.013391052207602,-1.013391052207602,0E-17,ELIGIBLE,R03b_20260811_FULL_v1,L1_ELIGIBILITY,v2026-08-11,2026-03-21..2026-08-06,baccarat_bet02_101_all_pairs_incl_sentinel,round_win = game_pnl > 0 (decisive only),COMPATIBILITY_ONLY_NOT_PRODUCTION,39187.2093,35396.6747,483.0410,8363,6242,-0.01232650,-0.05216444,-0.01154840,-0.01232650,-483.0410,39187.2093,OK,0.0000,19.3216,4.0000,96.0000,AG03-UNRESOLVED,ALL5_LEVELS_bet23_to_bet27,19.3216,19.3216,19.3216,0.0000,0.0000,4.000000,4.000000,4.000000,0.000000,0.000000,96.000000,96.000000,96.000000,100.000000,100.000000,5.0,57.9649,55.6772,425.0761,427.3638,PENDING_AG03,FALSE,NOT_FOR_ENFORCEMENT,463.7194,33980.8077,483.0410,463.7194,19.3216,0.01232650,0.01183344,19.3216,463.7194,0.01183344,19.3216,19.3216,19.3216,0.0000,0.0000,463.7194,0.01183344,57.9649,55.6772,425.0761,427.3638,0.01084732,0.0109057,0.00049306,4.6858,5.6707,0.0774,15.5820,0.2688,1264.1035,201.3548,4.5499,4.6885,2.0771,4.1543,6.1317,8.4025,10.5031,18.5864,3.9466,-2.0771,2.528253,4.474023,1.127938,29,192,48,6,0.01915741,0.01232650,0.05216444,0E-8,0.000000,0.903271,0.017936,-0.04061604,2026-05-16,2026-07-20,31,1797,733,66,0.469697,0.970424,0.970991,0.063858,,,,,,,,GLOBAL_BASELINE_NO_ENTITY_RANKING,,,NOT_APPLICABLE_GLOBAL_BASELINE,HF9g-P5,,,,X 全窗基线 · 不参与实体赏罚,8395522,840,A168_HF9F_20260827_0900,2026-08-27 09:00:00
2026-06-15,150107794,1963,0,6.2314355151,-4.1542903434,-4.1542903434,0E-7,3,2,0.39693612500000000,0.396936125000,-0.8112947317963362,-0.8112947317963362,-0.8112947317963362,0E-17,ELIGIBLE,R03b_20260811_FULL_v1,L1_ELIGIBILITY,v2026-08-11,2026-03-21..2026-08-06,baccarat_bet02_101_all_pairs_incl_sentinel,round_win = game_pnl > 0 (decisive only),COMPATIBILITY_ONLY_NOT_PRODUCTION,39187.2093,35396.6747,483.0410,8363,6242,-0.01232650,-0.05216444,-0.01154840,-0.01232650,-483.0410,39187.2093,OK,0.0000,19.3216,4.0000,96.0000,AG03-UNRESOLVED,ALL5_LEVELS_bet23_to_bet27,19.3216,19.3216,19.3216,0.0000,0.0000,4.000000,4.000000,4.000000,0.000000,0.000000,96.000000,96.000000,96.000000,100.000000,100.000000,5.0,57.9649,55.6772,425.0761,427.3638,PENDING_AG03,FALSE,NOT_FOR_ENFORCEMENT,463.7194,33980.8077,483.0410,463.7194,19.3216,0.01232650,0.01183344,19.3216,463.7194,0.01183344,19.3216,19.3216,19.3216,0.0000,0.0000,463.7194,0.01183344,57.9649,55.6772,425.0761,427.3638,0.01084732,0.0109057,0.00049306,4.6858,5.6707,0.0774,15.5820,0.2688,1264.1035,201.3548,4.5499,4.6885,2.0771,4.1543,6.1317,8.4025,10.5031,18.5864,3.9466,-2.0771,2.528253,4.474023,1.127938,29,192,48,6,0.01915741,0.01232650,0.05216444,0E-8,0.000000,0.903271,0.017936,-0.04061604,2026-05-16,2026-07-20,31,1797,733,66,0.469697,0.970424,0.970991,0.063858,,,,,,,,GLOBAL_BASELINE_NO_ENTITY_RANKING,,,NOT_APPLICABLE_GLOBAL_BASELINE,HF9g-P5,,,,X 全窗基线 · 不参与实体赏罚,8395523,840,A168_HF9F_20260827_0900,2026-08-27 09:00:00
2026-06-15,150107794,2075,0,2.0771451717,-2.0771451717,-2.0771451717,0E-7,1,1,0.09460280000000000,0.094602800000,-0.32324545095860213,-0.32324545095860213,-0.32324545095860213,0E-17,ELIGIBLE,R03b_20260811_FULL_v1,L1_ELIGIBILITY,v2026-08-11,2026-03-21..2026-08-06,baccarat_bet02_101_all_pairs_incl_sentinel,round_win = game_pnl > 0 (decisive only),COMPATIBILITY_ONLY_NOT_PRODUCTION,39187.2093,35396.6747,483.0410,8363,6242,-0.01232650,-0.05216444,-0.01154840,-0.01232650,-483.0410,39187.2093,OK,0.0000,19.3216,4.0000,96.0000,AG03-UNRESOLVED,ALL5_LEVELS_bet23_to_bet27,19.3216,19.3216,19.3216,0.0000,0.0000,4.000000,4.000000,4.000000,0.000000,0.000000,96.000000,96.000000,96.000000,100.000000,100.000000,5.0,57.9649,55.6772,425.0761,427.3638,PENDING_AG03,FALSE,NOT_FOR_ENFORCEMENT,463.7194,33980.8077,483.0410,463.7194,19.3216,0.01232650,0.01183344,19.3216,463.7194,0.01183344,19.3216,19.3216,19.3216,0.0000,0.0000,463.7194,0.01183344,57.9649,55.6772,425.0761,427.3638,0.01084732,0.0109057,0.00049306,4.6858,5.6707,0.0774,15.5820,0.2688,1264.1035,201.3548,4.5499,4.6885,2.0771,4.1543,6.1317,8.4025,10.5031,18.5864,3.9466,-2.0771,2.528253,4.474023,1.127938,29,192,48,6,0.01915741,0.01232650,0.05216444,0E-8,0.000000,0.903271,0.017936,-0.04061604,2026-05-16,2026-07-20,31,1797,733,66,0.469697,0.970424,0.970991,0.063858,,,,,,,,GLOBAL_BASELINE_NO_ENTITY_RANKING,,,NOT_APPLICABLE_GLOBAL_BASELINE,HF9g-P5,,,,X 全窗基线 · 不参与实体赏罚,8395524,840,A168_HF9F_20260827_0900,2026-08-27 09:00:00
2026-06-15,150107794,2088,0,43.6200486053,0E-10,0E-10,0.3333333,9,6,0.44732501249970451,0.396936125000,-0.5615679063945471,-0.31842696212869226,-0.5615679063945471,0.05038888749970451,ELIGIBLE,R03b_20260811_FULL_v1,L1_ELIGIBILITY,v2026-08-11,2026-03-21..2026-08-06,baccarat_bet02_101_all_pairs_incl_sentinel,round_win = game_pnl > 0 (decisive only),COMPATIBILITY_ONLY_NOT_PRODUCTION,39187.2093,35396.6747,483.0410,8363,6242,-0.01232650,-0.05216444,-0.01154840,-0.01232650,-483.0410,39187.2093,OK,0.0000,19.3216,4.0000,96.0000,AG03-UNRESOLVED,ALL5_LEVELS_bet23_to_bet27,19.3216,19.3216,19.3216,0.0000,0.0000,4.000000,4.000000,4.000000,0.000000,0.000000,96.000000,96.000000,96.000000,100.000000,100.000000,5.0,57.9649,55.6772,425.0761,427.3638,PENDING_AG03,FALSE,NOT_FOR_ENFORCEMENT,463.7194,33980.8077,483.0410,463.7194,19.3216,0.01232650,0.01183344,19.3216,463.7194,0.01183344,19.3216,19.3216,19.3216,0.0000,0.0000,463.7194,0.01183344,57.9649,55.6772,425.0761,427.3638,0.01084732,0.0109057,0.00049306,4.6858,5.6707,0.0774,15.5820,0.2688,1264.1035,201.3548,4.5499,4.6885,2.0771,4.1543,6.1317,8.4025,10.5031,18.5864,3.9466,-2.0771,2.528253,4.474023,1.127938,29,192,48,6,0.01915741,0.01232650,0.05216444,0E-8,0.000000,0.903271,0.017936,-0.04061604,2026-05-16,2026-07-20,31,1797,733,66,0.469697,0.970424,0.970991,0.063858,,,,,,,,GLOBAL_BASELINE_NO_ENTITY_RANKING,,,NOT_APPLICABLE_GLOBAL_BASELINE,HF9g-P5,,,,X 全窗基线 · 不参与实体赏罚,8395525,840,A168_HF9F_20260827_0900,2026-08-27 09:00:00
2026-06-15,150107794,2101,0,18.6943065452,-18.6943065452,-18.6943065452,0E-7,4,4,0.49659680000000000,0.496596800000,-1.9864332133590707,-1.986433213359071,-1.9864332133590707,0E-17,ELIGIBLE,R03b_20260811_FULL_v1,L1_ELIGIBILITY,v2026-08-11,2026-03-21..2026-08-06,baccarat_bet02_101_all_pairs_incl_sentinel,round_win = game_pnl > 0 (decisive only),COMPATIBILITY_ONLY_NOT_PRODUCTION,39187.2093,35396.6747,483.0410,8363,6242,-0.01232650,-0.05216444,-0.01154840,-0.01232650,-483.0410,39187.2093,OK,0.0000,19.3216,4.0000,96.0000,AG03-UNRESOLVED,ALL5_LEVELS_bet23_to_bet27,19.3216,19.3216,19.3216,0.0000,0.0000,4.000000,4.000000,4.000000,0.000000,0.000000,96.000000,96.000000,96.000000,100.000000,100.000000,5.0,57.9649,55.6772,425.0761,427.3638,PENDING_AG03,FALSE,NOT_FOR_ENFORCEMENT,463.7194,33980.8077,483.0410,463.7194,19.3216,0.01232650,0.01183344,19.3216,463.7194,0.01183344,19.3216,19.3216,19.3216,0.0000,0.0000,463.7194,0.01183344,57.9649,55.6772,425.0761,427.3638,0.01084732,0.0109057,0.00049306,4.6858,5.6707,0.0774,15.5820,0.2688,1264.1035,201.3548,4.5499,4.6885,2.0771,4.1543,6.1317,8.4025,10.5031,18.5864,3.9466,-2.0771,2.528253,4.474023,1.127938,29,192,48,6,0.01915741,0.01232650,0.05216444,0E-8,0.000000,0.903271,0.017936,-0.04061604,2026-05-16,2026-07-20,31,1797,733,66,0.469697,0.970424,0.970991,0.063858,,,,,,,,GLOBAL_BASELINE_NO_ENTITY_RANKING,,,NOT_APPLICABLE_GLOBAL_BASELINE,HF9g-P5,,,,X 全窗基线 · 不参与实体赏罚,8395526,840,A168_HF9F_20260827_0900,2026-08-27 09:00:00
2026-06-15,150107794,2105,0,174.8956234555,-32.0918929027,-32.0918929027,0.4615385,24,13,0.43156348929762774,0.327682480769,0.2182062246808417,1.0282426909769555,0.2182062246808417,0.10388100852862774,ELIGIBLE,R03b_20260811_FULL_v1,L1_ELIGIBILITY,v2026-08-11,2026-03-21..2026-08-06,baccarat_bet02_101_all_pairs_incl_sentinel,round_win = game_pnl > 0 (decisive only),COMPATIBILITY_ONLY_NOT_PRODUCTION,39187.2093,35396.6747,483.0410,8363,6242,-0.01232650,-0.05216444,-0.01154840,-0.01232650,-483.0410,39187.2093,OK,0.0000,19.3216,4.0000,96.0000,AG03-UNRESOLVED,ALL5_LEVELS_bet23_to_bet27,19.3216,19.3216,19.3216,0.0000,0.0000,4.000000,4.000000,4.000000,0.000000,0.000000,96.000000,96.000000,96.000000,100.000000,100.000000,5.0,57.9649,55.6772,425.0761,427.3638,PENDING_AG03,FALSE,NOT_FOR_ENFORCEMENT,463.7194,33980.8077,483.0410,463.7194,19.3216,0.01232650,0.01183344,19.3216,463.7194,0.01183344,19.3216,19.3216,19.3216,0.0000,0.0000,463.7194,0.01183344,57.9649,55.6772,425.0761,427.3638,0.01084732,0.0109057,0.00049306,4.6858,5.6707,0.0774,15.5820,0.2688,1264.1035,201.3548,4.5499,4.6885,2.0771,4.1543,6.1317,8.4025,10.5031,18.5864,3.9466,-2.0771,2.528253,4.474023,1.127938,29,192,48,6,0.01915741,0.01232650,0.05216444,0E-8,0.000000,0.903271,0.017936,-0.04061604,2026-05-16,2026-07-20,31,1797,733,66,0.469697,0.970424,0.970991,0.063858,,,,,,,,GLOBAL_BASELINE_NO_ENTITY_RANKING,,,NOT_APPLICABLE_GLOBAL_BASELINE,HF9g-P5,,,,X 全窗基线 · 不参与实体赏罚,8395527,840,A168_HF9F_20260827_0900,2026-08-27 09:00:00
2026-06-15,150107794,2106,0,55.0443470498,-1.1320441186,-1.1320441186,0.5454545,12,11,0.49553293181813172,0.483046631818,0.3311557392115118,0.4142054345478807,0.3311557392115118,0.01248630000013172,ELIGIBLE,R03b_20260811_FULL_v1,L1_ELIGIBILITY,v2026-08-11,2026-03-21..2026-08-06,baccarat_bet02_101_all_pairs_incl_sentinel,round_win = game_pnl > 0 (decisive only),COMPATIBILITY_ONLY_NOT_PRODUCTION,39187.2093,35396.6747,483.0410,8363,6242,-0.01232650,-0.05216444,-0.01154840,-0.01232650,-483.0410,39187.2093,OK,0.0000,19.3216,4.0000,96.0000,AG03-UNRESOLVED,ALL5_LEVELS_bet23_to_bet27,19.3216,19.3216,19.3216,0.0000,0.0000,4.000000,4.000000,4.000000,0.000000,0.000000,96.000000,96.000000,96.000000,100.000000,100.000000,5.0,57.9649,55.6772,425.0761,427.3638,PENDING_AG03,FALSE,NOT_FOR_ENFORCEMENT,463.7194,33980.8077,483.0410,463.7194,19.3216,0.01232650,0.01183344,19.3216,463.7194,0.01183344,19.3216,19.3216,19.3216,0.0000,0.0000,463.7194,0.01183344,57.9649,55.6772,425.0761,427.3638,0.01084732,0.0109057,0.00049306,4.6858,5.6707,0.0774,15.5820,0.2688,1264.1035,201.3548,4.5499,4.6885,2.0771,4.1543,6.1317,8.4025,10.5031,18.5864,3.9466,-2.0771,2.528253,4.474023,1.127938,29,192,48,6,0.01915741,0.01232650,0.05216444,0E-8,0.000000,0.903271,0.017936,-0.04061604,2026-05-16,2026-07-20,31,1797,733,66,0.469697,0.970424,0.970991,0.063858,,,,,,,,GLOBAL_BASELINE_NO_ENTITY_RANKING,,,NOT_APPLICABLE_GLOBAL_BASELINE,HF9g-P5,,,,X 全窗基线 · 不参与实体赏罚,8395528,840,A168_HF9F_20260827_0900,2026-08-27 09:00:00
2026-06-15,150107794,2129,0,97.6258230688,-2.0771451718,-2.0771451718,0.5000000,9,8,0.48581486562485006,0.473357281250,0.08027554995000859,0.15092839744606099,0.08027554995000859,0.01245758437485006,ELIGIBLE,R03b_20260811_FULL_v1,L1_ELIGIBILITY,v2026-08-11,2026-03-21..2026-08-06,baccarat_bet02_101_all_pairs_incl_sentinel,round_win = game_pnl > 0 (decisive only),COMPATIBILITY_ONLY_NOT_PRODUCTION,39187.2093,35396.6747,483.0410,8363,6242,-0.01232650,-0.05216444,-0.01154840,-0.01232650,-483.0410,39187.2093,OK,0.0000,19.3216,4.0000,96.0000,AG03-UNRESOLVED,ALL5_LEVELS_bet23_to_bet27,19.3216,19.3216,19.3216,0.0000,0.0000,4.000000,4.000000,4.000000,0.000000,0.000000,96.000000,96.000000,96.000000,100.000000,100.000000,5.0,57.9649,55.6772,425.0761,427.3638,PENDING_AG03,FALSE,NOT_FOR_ENFORCEMENT,463.7194,33980.8077,483.0410,463.7194,19.3216,0.01232650,0.01183344,19.3216,463.7194,0.01183344,19.3216,19.3216,19.3216,0.0000,0.0000,463.7194,0.01183344,57.9649,55.6772,425.0761,427.3638,0.01084732,0.0109057,0.00049306,4.6858,5.6707,0.0774,15.5820,0.2688,1264.1035,201.3548,4.5499,4.6885,2.0771,4.1543,6.1317,8.4025,10.5031,18.5864,3.9466,-2.0771,2.528253,4.474023,1.127938,29,192,48,6,0.01915741,0.01232650,0.05216444,0E-8,0.000000,0.903271,0.017936,-0.04061604,2026-05-16,2026-07-20,31,1797,733,66,0.469697,0.970424,0.970991,0.063858,,,,,,,,GLOBAL_BASELINE_NO_ENTITY_RANKING,,,NOT_APPLICABLE_GLOBAL_BASELINE,HF9g-P5,,,,X 全窗基线 · 不参与实体赏罚,8395529,840,A168_HF9F_20260827_0900,2026-08-27 09:00:00
2026-06-15,150107794,2141,0,251.9577093246,63.7891282219,63.7891282219,0.6470588,25,17,0.47522249733445417,0.404178464706,1.418741718204779,2.0406671502589204,1.418741718204779,0.07104403262845417,ELIGIBLE,R03b_20260811_FULL_v1,L1_ELIGIBILITY,v2026-08-11,2026-03-21..2026-08-06,baccarat_bet02_101_all_pairs_incl_sentinel,round_win = game_pnl > 0 (decisive only),COMPATIBILITY_ONLY_NOT_PRODUCTION,39187.2093,35396.6747,483.0410,8363,6242,-0.01232650,-0.05216444,-0.01154840,-0.01232650,-483.0410,39187.2093,OK,0.0000,19.3216,4.0000,96.0000,AG03-UNRESOLVED,ALL5_LEVELS_bet23_to_bet27,19.3216,19.3216,19.3216,0.0000,0.0000,4.000000,4.000000,4.000000,0.000000,0.000000,96.000000,96.000000,96.000000,100.000000,100.000000,5.0,57.9649,55.6772,425.0761,427.3638,PENDING_AG03,FALSE,NOT_FOR_ENFORCEMENT,463.7194,33980.8077,483.0410,463.7194,19.3216,0.01232650,0.01183344,19.3216,463.7194,0.01183344,19.3216,19.3216,19.3216,0.0000,0.0000,463.7194,0.01183344,57.9649,55.6772,425.0761,427.3638,0.01084732,0.0109057,0.00049306,4.6858,5.6707,0.0774,15.5820,0.2688,1264.1035,201.3548,4.5499,4.6885,2.0771,4.1543,6.1317,8.4025,10.5031,18.5864,3.9466,-2.0771,2.528253,4.474023,1.127938,29,192,48,6,0.01915741,0.01232650,0.05216444,0E-8,0.000000,0.903271,0.017936,-0.04061604,2026-05-16,2026-07-20,31,1797,733,66,0.469697,0.970424,0.970991,0.063858,,,,,,,,GLOBAL_BASELINE_NO_ENTITY_RANKING,,,NOT_APPLICABLE_GLOBAL_BASELINE,HF9g-P5,,,,X 全窗基线 · 不参与实体赏罚,8395530,840,A168_HF9F_20260827_0900,2026-08-27 09:00:00
2026-06-15,150107794,2145,0,2.0771451717,-2.0771451717,-2.0771451717,0E-7,1,1,0.49324550000000000,0.493245500000,-0.9865810262130424,-0.9865810262130424,-0.9865810262130424,0E-17,ELIGIBLE,R03b_20260811_FULL_v1,L1_ELIGIBILITY,v2026-08-11,2026-03-21..2026-08-06,baccarat_bet02_101_all_pairs_incl_sentinel,round_win = game_pnl > 0 (decisive only),COMPATIBILITY_ONLY_NOT_PRODUCTION,39187.2093,35396.6747,483.0410,8363,6242,-0.01232650,-0.05216444,-0.01154840,-0.01232650,-483.0410,39187.2093,OK,0.0000,19.3216,4.0000,96.0000,AG03-UNRESOLVED,ALL5_LEVELS_bet23_to_bet27,19.3216,19.3216,19.3216,0.0000,0.0000,4.000000,4.000000,4.000000,0.000000,0.000000,96.000000,96.000000,96.000000,100.000000,100.000000,5.0,57.9649,55.6772,425.0761,427.3638,PENDING_AG03,FALSE,NOT_FOR_ENFORCEMENT,463.7194,33980.8077,483.0410,463.7194,19.3216,0.01232650,0.01183344,19.3216,463.7194,0.01183344,19.3216,19.3216,19.3216,0.0000,0.0000,463.7194,0.01183344,57.9649,55.6772,425.0761,427.3638,0.01084732,0.0109057,0.00049306,4.6858,5.6707,0.0774,15.5820,0.2688,1264.1035,201.3548,4.5499,4.6885,2.0771,4.1543,6.1317,8.4025,10.5031,18.5864,3.9466,-2.0771,2.528253,4.474023,1.127938,29,192,48,6,0.01915741,0.01232650,0.05216444,0E-8,0.000000,0.903271,0.017936,-0.04061604,2026-05-16,2026-07-20,31,1797,733,66,0.469697,0.970424,0.970991,0.063858,,,,,,,,GLOBAL_BASELINE_NO_ENTITY_RANKING,,,NOT_APPLICABLE_GLOBAL_BASELINE,HF9g-P5,,,,X 全窗基线 · 不参与实体赏罚,8395531,840,A168_HF9F_20260827_0900,2026-08-27 09:00:00
2026-06-15,150107794,2167,0,11.0088694100,-2.9080032404,-2.9080032404,0.5000000,3,2,0.43797605000000000,0.403638725000,0.17679575212256196,0.27775789067037676,0.17679575212256196,0.03433732500000000,ELIGIBLE,R03b_20260811_FULL_v1,L1_ELIGIBILITY,v2026-08-11,2026-03-21..2026-08-06,baccarat_bet02_101_all_pairs_incl_sentinel,round_win = game_pnl > 0 (decisive only),COMPATIBILITY_ONLY_NOT_PRODUCTION,39187.2093,35396.6747,483.0410,8363,6242,-0.01232650,-0.05216444,-0.01154840,-0.01232650,-483.0410,39187.2093,OK,0.0000,19.3216,4.0000,96.0000,AG03-UNRESOLVED,ALL5_LEVELS_bet23_to_bet27,19.3216,19.3216,19.3216,0.0000,0.0000,4.000000,4.000000,4.000000,0.000000,0.000000,96.000000,96.000000,96.000000,100.000000,100.000000,5.0,57.9649,55.6772,425.0761,427.3638,PENDING_AG03,FALSE,NOT_FOR_ENFORCEMENT,463.7194,33980.8077,483.0410,463.7194,19.3216,0.01232650,0.01183344,19.3216,463.7194,0.01183344,19.3216,19.3216,19.3216,0.0000,0.0000,463.7194,0.01183344,57.9649,55.6772,425.0761,427.3638,0.01084732,0.0109057,0.00049306,4.6858,5.6707,0.0774,15.5820,0.2688,1264.1035,201.3548,4.5499,4.6885,2.0771,4.1543,6.1317,8.4025,10.5031,18.5864,3.9466,-2.0771,2.528253,4.474023,1.127938,29,192,48,6,0.01915741,0.01232650,0.05216444,0E-8,0.000000,0.903271,0.017936,-0.04061604,2026-05-16,2026-07-20,31,1797,733,66,0.469697,0.970424,0.970991,0.063858,,,,,,,,GLOBAL_BASELINE_NO_ENTITY_RANKING,,,NOT_APPLICABLE_GLOBAL_BASELINE,HF9g-P5,,,,X 全窗基线 · 不参与实体赏罚,8395532,840,A168_HF9F_20260827_0900,2026-08-27 09:00:00
2026-06-15,150107794,2177,0,8.3085806868,-8.3085806868,-8.3085806868,0E-7,2,2,0.50665070000000000,0.506650700000,-1.4331513700195317,-1.4331513700195317,-1.4331513700195317,0E-17,ELIGIBLE,R03b_20260811_FULL_v1,L1_ELIGIBILITY,v2026-08-11,2026-03-21..2026-08-06,baccarat_bet02_101_all_pairs_incl_sentinel,round_win = game_pnl > 0 (decisive only),COMPATIBILITY_ONLY_NOT_PRODUCTION,39187.2093,35396.6747,483.0410,8363,6242,-0.01232650,-0.05216444,-0.01154840,-0.01232650,-483.0410,39187.2093,OK,0.0000,19.3216,4.0000,96.0000,AG03-UNRESOLVED,ALL5_LEVELS_bet23_to_bet27,19.3216,19.3216,19.3216,0.0000,0.0000,4.000000,4.000000,4.000000,0.000000,0.000000,96.000000,96.000000,96.000000,100.000000,100.000000,5.0,57.9649,55.6772,425.0761,427.3638,PENDING_AG03,FALSE,NOT_FOR_ENFORCEMENT,463.7194,33980.8077,483.0410,463.7194,19.3216,0.01232650,0.01183344,19.3216,463.7194,0.01183344,19.3216,19.3216,19.3216,0.0000,0.0000,463.7194,0.01183344,57.9649,55.6772,425.0761,427.3638,0.01084732,0.0109057,0.00049306,4.6858,5.6707,0.0774,15.5820,0.2688,1264.1035,201.3548,4.5499,4.6885,2.0771,4.1543,6.1317,8.4025,10.5031,18.5864,3.9466,-2.0771,2.528253,4.474023,1.127938,29,192,48,6,0.01915741,0.01232650,0.05216444,0E-8,0.000000,0.903271,0.017936,-0.04061604,2026-05-16,2026-07-20,31,1797,733,66,0.469697,0.970424,0.970991,0.063858,,,,,,,,GLOBAL_BASELINE_NO_ENTITY_RANKING,,,NOT_APPLICABLE_GLOBAL_BASELINE,HF9g-P5,,,,X 全窗基线 · 不参与实体赏罚,8395533,840,A168_HF9F_20260827_0900,2026-08-27 09:00:00
2026-06-15,150107794,2188,0,591.7786594111,-49.3529692795,-49.3529692795,0.5238095,36,22,0.46297345496745064,0.370365268182,0.5591069205006608,1.4561322390715066,0.5591069205006608,0.09260818678545064,ELIGIBLE,R03b_20260811_FULL_v1,L1_ELIGIBILITY,v2026-08-11,2026-03-21..2026-08-06,baccarat_bet02_101_all_pairs_incl_sentinel,round_win = game_pnl > 0 (decisive only),COMPATIBILITY_ONLY_NOT_PRODUCTION,39187.2093,35396.6747,483.0410,8363,6242,-0.01232650,-0.05216444,-0.01154840,-0.01232650,-483.0410,39187.2093,OK,0.0000,19.3216,4.0000,96.0000,AG03-UNRESOLVED,ALL5_LEVELS_bet23_to_bet27,19.3216,19.3216,19.3216,0.0000,0.0000,4.000000,4.000000,4.000000,0.000000,0.000000,96.000000,96.000000,96.000000,100.000000,100.000000,5.0,57.9649,55.6772,425.0761,427.3638,PENDING_AG03,FALSE,NOT_FOR_ENFORCEMENT,463.7194,33980.8077,483.0410,463.7194,19.3216,0.01232650,0.01183344,19.3216,463.7194,0.01183344,19.3216,19.3216,19.3216,0.0000,0.0000,463.7194,0.01183344,57.9649,55.6772,425.0761,427.3638,0.01084732,0.0109057,0.00049306,4.6858,5.6707,0.0774,15.5820,0.2688,1264.1035,201.3548,4.5499,4.6885,2.0771,4.1543,6.1317,8.4025,10.5031,18.5864,3.9466,-2.0771,2.528253,4.474023,1.127938,29,192,48,6,0.01915741,0.01232650,0.05216444,0E-8,0.000000,0.903271,0.017936,-0.04061604,2026-05-16,2026-07-20,31,1797,733,66,0.469697,0.970424,0.970991,0.063858,,,,,,,,GLOBAL_BASELINE_NO_ENTITY_RANKING,,,NOT_APPLICABLE_GLOBAL_BASELINE,HF9g-P5,,,,X 全窗基线 · 不参与实体赏罚,8395534,840,A168_HF9F_20260827_0900,2026-08-27 09:00:00
2026-06-15,150107794,2201,0,18.0711629937,-2.0771451717,-2.0771451717,0.5000000,5,4,0.47619098552610973,0.451793412500,0.09534421463274344,0.1937288555254134,0.09534421463274344,0.02439757302610973,ELIGIBLE,R03b_20260811_FULL_v1,L1_ELIGIBILITY,v2026-08-11,2026-03-21..2026-08-06,baccarat_bet02_101_all_pairs_incl_sentinel,round_win = game_pnl > 0 (decisive only),COMPATIBILITY_ONLY_NOT_PRODUCTION,39187.2093,35396.6747,483.0410,8363,6242,-0.01232650,-0.05216444,-0.01154840,-0.01232650,-483.0410,39187.2093,OK,0.0000,19.3216,4.0000,96.0000,AG03-UNRESOLVED,ALL5_LEVELS_bet23_to_bet27,19.3216,19.3216,19.3216,0.0000,0.0000,4.000000,4.000000,4.000000,0.000000,0.000000,96.000000,96.000000,96.000000,100.000000,100.000000,5.0,57.9649,55.6772,425.0761,427.3638,PENDING_AG03,FALSE,NOT_FOR_ENFORCEMENT,463.7194,33980.8077,483.0410,463.7194,19.3216,0.01232650,0.01183344,19.3216,463.7194,0.01183344,19.3216,19.3216,19.3216,0.0000,0.0000,463.7194,0.01183344,57.9649,55.6772,425.0761,427.3638,0.01084732,0.0109057,0.00049306,4.6858,5.6707,0.0774,15.5820,0.2688,1264.1035,201.3548,4.5499,4.6885,2.0771,4.1543,6.1317,8.4025,10.5031,18.5864,3.9466,-2.0771,2.528253,4.474023,1.127938,29,192,48,6,0.01915741,0.01232650,0.05216444,0E-8,0.000000,0.903271,0.017936,-0.04061604,2026-05-16,2026-07-20,31,1797,733,66,0.469697,0.970424,0.970991,0.063858,,,,,,,,GLOBAL_BASELINE_NO_ENTITY_RANKING,,,NOT_APPLICABLE_GLOBAL_BASELINE,HF9g-P5,,,,X 全窗基线 · 不参与实体赏罚,8395535,840,A168_HF9F_20260827_0900,2026-08-27 09:00:00
2026-06-15,150107794,2222,0,41.5429034337,-24.9257420603,-24.9257420603,0.1666667,8,6,0.47335240166644987,0.431273450000,-1.5045854394468294,-1.308725261955618,-1.5045854394468294,0.04207895166644987,ELIGIBLE,R03b_20260811_FULL_v1,L1_ELIGIBILITY,v2026-08-11,2026-03-21..2026-08-06,baccarat_bet02_101_all_pairs_incl_sentinel,round_win = game_pnl > 0 (decisive only),COMPATIBILITY_ONLY_NOT_PRODUCTION,39187.2093,35396.6747,483.0410,8363,6242,-0.01232650,-0.05216444,-0.01154840,-0.01232650,-483.0410,39187.2093,OK,0.0000,19.3216,4.0000,96.0000,AG03-UNRESOLVED,ALL5_LEVELS_bet23_to_bet27,19.3216,19.3216,19.3216,0.0000,0.0000,4.000000,4.000000,4.000000,0.000000,0.000000,96.000000,96.000000,96.000000,100.000000,100.000000,5.0,57.9649,55.6772,425.0761,427.3638,PENDING_AG03,FALSE,NOT_FOR_ENFORCEMENT,463.7194,33980.8077,483.0410,463.7194,19.3216,0.01232650,0.01183344,19.3216,463.7194,0.01183344,19.3216,19.3216,19.3216,0.0000,0.0000,463.7194,0.01183344,57.9649,55.6772,425.0761,427.3638,0.01084732,0.0109057,0.00049306,4.6858,5.6707,0.0774,15.5820,0.2688,1264.1035,201.3548,4.5499,4.6885,2.0771,4.1543,6.1317,8.4025,10.5031,18.5864,3.9466,-2.0771,2.528253,4.474023,1.127938,29,192,48,6,0.01915741,0.01232650,0.05216444,0E-8,0.000000,0.903271,0.017936,-0.04061604,2026-05-16,2026-07-20,31,1797,733,66,0.469697,0.970424,0.970991,0.063858,,,,,,,,GLOBAL_BASELINE_NO_ENTITY_RANKING,,,NOT_APPLICABLE_GLOBAL_BASELINE,HF9g-P5,,,,X 全窗基线 · 不参与实体赏罚,8395536,840,A168_HF9F_20260827_0900,2026-08-27 09:00:00
2026-06-15,150107794,2224,0,6.2314355150,-6.2314355150,-6.2314355150,0E-7,1,1,0.49324550000000000,0.493245500000,-0.9865810262130424,-0.9865810262130424,-0.9865810262130424,0E-17,ELIGIBLE,R03b_20260811_FULL_v1,L1_ELIGIBILITY,v2026-08-11,2026-03-21..2026-08-06,baccarat_bet02_101_all_pairs_incl_sentinel,round_win = game_pnl > 0 (decisive only),COMPATIBILITY_ONLY_NOT_PRODUCTION,39187.2093,35396.6747,483.0410,8363,6242,-0.01232650,-0.05216444,-0.01154840,-0.01232650,-483.0410,39187.2093,OK,0.0000,19.3216,4.0000,96.0000,AG03-UNRESOLVED,ALL5_LEVELS_bet23_to_bet27,19.3216,19.3216,19.3216,0.0000,0.0000,4.000000,4.000000,4.000000,0.000000,0.000000,96.000000,96.000000,96.000000,100.000000,100.000000,5.0,57.9649,55.6772,425.0761,427.3638,PENDING_AG03,FALSE,NOT_FOR_ENFORCEMENT,463.7194,33980.8077,483.0410,463.7194,19.3216,0.01232650,0.01183344,19.3216,463.7194,0.01183344,19.3216,19.3216,19.3216,0.0000,0.0000,463.7194,0.01183344,57.9649,55.6772,425.0761,427.3638,0.01084732,0.0109057,0.00049306,4.6858,5.6707,0.0774,15.5820,0.2688,1264.1035,201.3548,4.5499,4.6885,2.0771,4.1543,6.1317,8.4025,10.5031,18.5864,3.9466,-2.0771,2.528253,4.474023,1.127938,29,192,48,6,0.01915741,0.01232650,0.05216444,0E-8,0.000000,0.903271,0.017936,-0.04061604,2026-05-16,2026-07-20,31,1797,733,66,0.469697,0.970424,0.970991,0.063858,,,,,,,,GLOBAL_BASELINE_NO_ENTITY_RANKING,,,NOT_APPLICABLE_GLOBAL_BASELINE,HF9g-P5,,,,X 全窗基线 · 不参与实体赏罚,8395537,840,A168_HF9F_20260827_0900,2026-08-27 09:00:00
2026-06-15,150107794,2234,0,8.3085806867,-8.3085806867,-8.3085806867,0E-7,2,1,0.39358482499880051,0.293924150000,-0.8056272404003556,-0.6451964315166089,-0.8056272404003556,0.09966067499880051,ELIGIBLE,R03b_20260811_FULL_v1,L1_ELIGIBILITY,v2026-08-11,2026-03-21..2026-08-06,baccarat_bet02_101_all_pairs_incl_sentinel,round_win = game_pnl > 0 (decisive only),COMPATIBILITY_ONLY_NOT_PRODUCTION,39187.2093,35396.6747,483.0410,8363,6242,-0.01232650,-0.05216444,-0.01154840,-0.01232650,-483.0410,39187.2093,OK,0.0000,19.3216,4.0000,96.0000,AG03-UNRESOLVED,ALL5_LEVELS_bet23_to_bet27,19.3216,19.3216,19.3216,0.0000,0.0000,4.000000,4.000000,4.000000,0.000000,0.000000,96.000000,96.000000,96.000000,100.000000,100.000000,5.0,57.9649,55.6772,425.0761,427.3638,PENDING_AG03,FALSE,NOT_FOR_ENFORCEMENT,463.7194,33980.8077,483.0410,463.7194,19.3216,0.01232650,0.01183344,19.3216,463.7194,0.01183344,19.3216,19.3216,19.3216,0.0000,0.0000,463.7194,0.01183344,57.9649,55.6772,425.0761,427.3638,0.01084732,0.0109057,0.00049306,4.6858,5.6707,0.0774,15.5820,0.2688,1264.1035,201.3548,4.5499,4.6885,2.0771,4.1543,6.1317,8.4025,10.5031,18.5864,3.9466,-2.0771,2.528253,4.474023,1.127938,29,192,48,6,0.01915741,0.01232650,0.05216444,0E-8,0.000000,0.903271,0.017936,-0.04061604,2026-05-16,2026-07-20,31,1797,733,66,0.469697,0.970424,0.970991,0.063858,,,,,,,,GLOBAL_BASELINE_NO_ENTITY_RANKING,,,NOT_APPLICABLE_GLOBAL_BASELINE,HF9g-P5,,,,X 全窗基线 · 不参与实体赏罚,8395538,840,A168_HF9F_20260827_0900,2026-08-27 09:00:00
2026-06-15,150107794,2235,0,129.8215732300,19.8886650187,19.8886650187,0.5625000,31,20,0.43761581168791134,0.390321357500,1.0069418548863205,1.4118144485073083,1.0069418548863205,0.04729445418791134,ELIGIBLE,R03b_20260811_FULL_v1,L1_ELIGIBILITY,v2026-08-11,2026-03-21..2026-08-06,baccarat_bet02_101_all_pairs_incl_sentinel,round_win = game_pnl > 0 (decisive only),COMPATIBILITY_ONLY_NOT_PRODUCTION,39187.2093,35396.6747,483.0410,8363,6242,-0.01232650,-0.05216444,-0.01154840,-0.01232650,-483.0410,39187.2093,OK,0.0000,19.3216,4.0000,96.0000,AG03-UNRESOLVED,ALL5_LEVELS_bet23_to_bet27,19.3216,19.3216,19.3216,0.0000,0.0000,4.000000,4.000000,4.000000,0.000000,0.000000,96.000000,96.000000,96.000000,100.000000,100.000000,5.0,57.9649,55.6772,425.0761,427.3638,PENDING_AG03,FALSE,NOT_FOR_ENFORCEMENT,463.7194,33980.8077,483.0410,463.7194,19.3216,0.01232650,0.01183344,19.3216,463.7194,0.01183344,19.3216,19.3216,19.3216,0.0000,0.0000,463.7194,0.01183344,57.9649,55.6772,425.0761,427.3638,0.01084732,0.0109057,0.00049306,4.6858,5.6707,0.0774,15.5820,0.2688,1264.1035,201.3548,4.5499,4.6885,2.0771,4.1543,6.1317,8.4025,10.5031,18.5864,3.9466,-2.0771,2.528253,4.474023,1.127938,29,192,48,6,0.01915741,0.01232650,0.05216444,0E-8,0.000000,0.903271,0.017936,-0.04061604,2026-05-16,2026-07-20,31,1797,733,66,0.469697,0.970424,0.970991,0.063858,,,,,,,,GLOBAL_BASELINE_NO_ENTITY_RANKING,,,NOT_APPLICABLE_GLOBAL_BASELINE,HF9g-P5,,,,X 全窗基线 · 不参与实体赏罚,8395539,840,A168_HF9F_20260827_0900,2026-08-27 09:00:00
2026-06-15,150107794,2241,0,922.2524562245,70.5606214813,70.5606214813,0.5294118,49,34,0.47544985695984373,0.410632263235,0.6300585192832456,1.407865748762697,0.6300585192832456,0.06481759372484373,ELIGIBLE,R03b_20260811_FULL_v1,L1_ELIGIBILITY,v2026-08-11,2026-03-21..2026-08-06,baccarat_bet02_101_all_pairs_incl_sentinel,round_win = game_pnl > 0 (decisive only),COMPATIBILITY_ONLY_NOT_PRODUCTION,39187.2093,35396.6747,483.0410,8363,6242,-0.01232650,-0.05216444,-0.01154840,-0.01232650,-483.0410,39187.2093,OK,0.0000,19.3216,4.0000,96.0000,AG03-UNRESOLVED,ALL5_LEVELS_bet23_to_bet27,19.3216,19.3216,19.3216,0.0000,0.0000,4.000000,4.000000,4.000000,0.000000,0.000000,96.000000,96.000000,96.000000,100.000000,100.000000,5.0,57.9649,55.6772,425.0761,427.3638,PENDING_AG03,FALSE,NOT_FOR_ENFORCEMENT,463.7194,33980.8077,483.0410,463.7194,19.3216,0.01232650,0.01183344,19.3216,463.7194,0.01183344,19.3216,19.3216,19.3216,0.0000,0.0000,463.7194,0.01183344,57.9649,55.6772,425.0761,427.3638,0.01084732,0.0109057,0.00049306,4.6858,5.6707,0.0774,15.5820,0.2688,1264.1035,201.3548,4.5499,4.6885,2.0771,4.1543,6.1317,8.4025,10.5031,18.5864,3.9466,-2.0771,2.528253,4.474023,1.127938,29,192,48,6,0.01915741,0.01232650,0.05216444,0E-8,0.000000,0.903271,0.017936,-0.04061604,2026-05-16,2026-07-20,31,1797,733,66,0.469697,0.970424,0.970991,0.063858,,,,,,,,GLOBAL_BASELINE_NO_ENTITY_RANKING,,,NOT_APPLICABLE_GLOBAL_BASELINE,HF9g-P5,,,,X 全窗基线 · 不参与实体赏罚,8395540,840,A168_HF9F_20260827_0900,2026-08-27 09:00:00
2026-06-15,150107794,2252,0,198.1596493785,-45.5102507115,-45.5102507115,0.5000000,31,26,0.47737913653844035,0.461617071154,0.23092489960648163,0.3925890787028478,0.23092489960648163,0.01576206538444035,ELIGIBLE,R03b_20260811_FULL_v1,L1_ELIGIBILITY,v2026-08-11,2026-03-21..2026-08-06,baccarat_bet02_101_all_pairs_incl_sentinel,round_win = game_pnl > 0 (decisive only),COMPATIBILITY_ONLY_NOT_PRODUCTION,39187.2093,35396.6747,483.0410,8363,6242,-0.01232650,-0.05216444,-0.01154840,-0.01232650,-483.0410,39187.2093,OK,0.0000,19.3216,4.0000,96.0000,AG03-UNRESOLVED,ALL5_LEVELS_bet23_to_bet27,19.3216,19.3216,19.3216,0.0000,0.0000,4.000000,4.000000,4.000000,0.000000,0.000000,96.000000,96.000000,96.000000,100.000000,100.000000,5.0,57.9649,55.6772,425.0761,427.3638,PENDING_AG03,FALSE,NOT_FOR_ENFORCEMENT,463.7194,33980.8077,483.0410,463.7194,19.3216,0.01232650,0.01183344,19.3216,463.7194,0.01183344,19.3216,19.3216,19.3216,0.0000,0.0000,463.7194,0.01183344,57.9649,55.6772,425.0761,427.3638,0.01084732,0.0109057,0.00049306,4.6858,5.6707,0.0774,15.5820,0.2688,1264.1035,201.3548,4.5499,4.6885,2.0771,4.1543,6.1317,8.4025,10.5031,18.5864,3.9466,-2.0771,2.528253,4.474023,1.127938,29,192,48,6,0.01915741,0.01232650,0.05216444,0E-8,0.000000,0.903271,0.017936,-0.04061604,2026-05-16,2026-07-20,31,1797,733,66,0.469697,0.970424,0.970991,0.063858,,,,,,,,GLOBAL_BASELINE_NO_ENTITY_RANKING,,,NOT_APPLICABLE_GLOBAL_BASELINE,HF9g-P5,,,,X 全窗基线 · 不参与实体赏罚,8395541,840,A168_HF9F_20260827_0900,2026-08-27 09:00:00
2026-06-15,150107794,2258,0,6.2314355150,-0.1557858879,-0.1557858879,0.5000000,2,2,0.50665070000000000,0.506650700000,-0.018812684590367487,-0.018812684590367487,-0.018812684590367487,0E-17,ELIGIBLE,R03b_20260811_FULL_v1,L1_ELIGIBILITY,v2026-08-11,2026-03-21..2026-08-06,baccarat_bet02_101_all_pairs_incl_sentinel,round_win = game_pnl > 0 (decisive only),COMPATIBILITY_ONLY_NOT_PRODUCTION,39187.2093,35396.6747,483.0410,8363,6242,-0.01232650,-0.05216444,-0.01154840,-0.01232650,-483.0410,39187.2093,OK,0.0000,19.3216,4.0000,96.0000,AG03-UNRESOLVED,ALL5_LEVELS_bet23_to_bet27,19.3216,19.3216,19.3216,0.0000,0.0000,4.000000,4.000000,4.000000,0.000000,0.000000,96.000000,96.000000,96.000000,100.000000,100.000000,5.0,57.9649,55.6772,425.0761,427.3638,PENDING_AG03,FALSE,NOT_FOR_ENFORCEMENT,463.7194,33980.8077,483.0410,463.7194,19.3216,0.01232650,0.01183344,19.3216,463.7194,0.01183344,19.3216,19.3216,19.3216,0.0000,0.0000,463.7194,0.01183344,57.9649,55.6772,425.0761,427.3638,0.01084732,0.0109057,0.00049306,4.6858,5.6707,0.0774,15.5820,0.2688,1264.1035,201.3548,4.5499,4.6885,2.0771,4.1543,6.1317,8.4025,10.5031,18.5864,3.9466,-2.0771,2.528253,4.474023,1.127938,29,192,48,6,0.01915741,0.01232650,0.05216444,0E-8,0.000000,0.903271,0.017936,-0.04061604,2026-05-16,2026-07-20,31,1797,733,66,0.469697,0.970424,0.970991,0.063858,,,,,,,,GLOBAL_BASELINE_NO_ENTITY_RANKING,,,NOT_APPLICABLE_GLOBAL_BASELINE,HF9g-P5,,,,X 全窗基线 · 不参与实体赏罚,8395542,840,A168_HF9F_20260827_0900,2026-08-27 09:00:00
2026-06-15,150107794,2266,0,7.0622935837,-7.0622935837,-7.0622935837,0E-7,2,1,0.36427286176719618,0.293924150000,-0.7569688935391424,-0.6451964315166089,-0.7569688935391424,0.07034871176719618,ELIGIBLE,R03b_20260811_FULL_v1,L1_ELIGIBILITY,v2026-08-11,2026-03-21..2026-08-06,baccarat_bet02_101_all_pairs_incl_sentinel,round_win = game_pnl > 0 (decisive only),COMPATIBILITY_ONLY_NOT_PRODUCTION,39187.2093,35396.6747,483.0410,8363,6242,-0.01232650,-0.05216444,-0.01154840,-0.01232650,-483.0410,39187.2093,OK,0.0000,19.3216,4.0000,96.0000,AG03-UNRESOLVED,ALL5_LEVELS_bet23_to_bet27,19.3216,19.3216,19.3216,0.0000,0.0000,4.000000,4.000000,4.000000,0.000000,0.000000,96.000000,96.000000,96.000000,100.000000,100.000000,5.0,57.9649,55.6772,425.0761,427.3638,PENDING_AG03,FALSE,NOT_FOR_ENFORCEMENT,463.7194,33980.8077,483.0410,463.7194,19.3216,0.01232650,0.01183344,19.3216,463.7194,0.01183344,19.3216,19.3216,19.3216,0.0000,0.0000,463.7194,0.01183344,57.9649,55.6772,425.0761,427.3638,0.01084732,0.0109057,0.00049306,4.6858,5.6707,0.0774,15.5820,0.2688,1264.1035,201.3548,4.5499,4.6885,2.0771,4.1543,6.1317,8.4025,10.5031,18.5864,3.9466,-2.0771,2.528253,4.474023,1.127938,29,192,48,6,0.01915741,0.01232650,0.05216444,0E-8,0.000000,0.903271,0.017936,-0.04061604,2026-05-16,2026-07-20,31,1797,733,66,0.469697,0.970424,0.970991,0.063858,,,,,,,,GLOBAL_BASELINE_NO_ENTITY_RANKING,,,NOT_APPLICABLE_GLOBAL_BASELINE,HF9g-P5,,,,X 全窗基线 · 不参与实体赏罚,8395543,840,A168_HF9F_20260827_0900,2026-08-27 09:00:00
2026-06-15,150107794,2276,0,2.0771451717,-2.0771451717,-2.0771451717,0E-7,1,1,0.49324550000000000,0.493245500000,-0.9865810262130424,-0.9865810262130424,-0.9865810262130424,0E-17,ELIGIBLE,R03b_20260811_FULL_v1,L1_ELIGIBILITY,v2026-08-11,2026-03-21..2026-08-06,baccarat_bet02_101_all_pairs_incl_sentinel,round_win = game_pnl > 0 (decisive only),COMPATIBILITY_ONLY_NOT_PRODUCTION,39187.2093,35396.6747,483.0410,8363,6242,-0.01232650,-0.05216444,-0.01154840,-0.01232650,-483.0410,39187.2093,OK,0.0000,19.3216,4.0000,96.0000,AG03-UNRESOLVED,ALL5_LEVELS_bet23_to_bet27,19.3216,19.3216,19.3216,0.0000,0.0000,4.000000,4.000000,4.000000,0.000000,0.000000,96.000000,96.000000,96.000000,100.000000,100.000000,5.0,57.9649,55.6772,425.0761,427.3638,PENDING_AG03,FALSE,NOT_FOR_ENFORCEMENT,463.7194,33980.8077,483.0410,463.7194,19.3216,0.01232650,0.01183344,19.3216,463.7194,0.01183344,19.3216,19.3216,19.3216,0.0000,0.0000,463.7194,0.01183344,57.9649,55.6772,425.0761,427.3638,0.01084732,0.0109057,0.00049306,4.6858,5.6707,0.0774,15.5820,0.2688,1264.1035,201.3548,4.5499,4.6885,2.0771,4.1543,6.1317,8.4025,10.5031,18.5864,3.9466,-2.0771,2.528253,4.474023,1.127938,29,192,48,6,0.01915741,0.01232650,0.05216444,0E-8,0.000000,0.903271,0.017936,-0.04061604,2026-05-16,2026-07-20,31,1797,733,66,0.469697,0.970424,0.970991,0.063858,,,,,,,,GLOBAL_BASELINE_NO_ENTITY_RANKING,,,NOT_APPLICABLE_GLOBAL_BASELINE,HF9g-P5,,,,X 全窗基线 · 不参与实体赏罚,8395544,840,A168_HF9F_20260827_0900,2026-08-27 09:00:00
2026-06-15,150107794,2281,0,36.9731840560,19.5251646137,19.5251646137,0.7500000,8,4,0.40138654450701106,0.293924150000,1.4223926488693228,2.00227515106128,1.4223926488693228,0.10746239450701106,ELIGIBLE,R03b_20260811_FULL_v1,L1_ELIGIBILITY,v2026-08-11,2026-03-21..2026-08-06,baccarat_bet02_101_all_pairs_incl_sentinel,round_win = game_pnl > 0 (decisive only),COMPATIBILITY_ONLY_NOT_PRODUCTION,39187.2093,35396.6747,483.0410,8363,6242,-0.01232650,-0.05216444,-0.01154840,-0.01232650,-483.0410,39187.2093,OK,0.0000,19.3216,4.0000,96.0000,AG03-UNRESOLVED,ALL5_LEVELS_bet23_to_bet27,19.3216,19.3216,19.3216,0.0000,0.0000,4.000000,4.000000,4.000000,0.000000,0.000000,96.000000,96.000000,96.000000,100.000000,100.000000,5.0,57.9649,55.6772,425.0761,427.3638,PENDING_AG03,FALSE,NOT_FOR_ENFORCEMENT,463.7194,33980.8077,483.0410,463.7194,19.3216,0.01232650,0.01183344,19.3216,463.7194,0.01183344,19.3216,19.3216,19.3216,0.0000,0.0000,463.7194,0.01183344,57.9649,55.6772,425.0761,427.3638,0.01084732,0.0109057,0.00049306,4.6858,5.6707,0.0774,15.5820,0.2688,1264.1035,201.3548,4.5499,4.6885,2.0771,4.1543,6.1317,8.4025,10.5031,18.5864,3.9466,-2.0771,2.528253,4.474023,1.127938,29,192,48,6,0.01915741,0.01232650,0.05216444,0E-8,0.000000,0.903271,0.017936,-0.04061604,2026-05-16,2026-07-20,31,1797,733,66,0.469697,0.970424,0.970991,0.063858,,,,,,,,GLOBAL_BASELINE_NO_ENTITY_RANKING,,,NOT_APPLICABLE_GLOBAL_BASELINE,HF9g-P5,,,,X 全窗基线 · 不参与实体赏罚,8395545,840,A168_HF9F_20260827_0900,2026-08-27 09:00:00
2026-06-15,150107794,462,0,463.4110878019,-23.5444405215,-23.5444405215,0.5405405,59,39,0.46692816581958843,0.396185269231,0.8974986128921142,1.7952812514860155,0.8974986128921142,0.07074289658858843,ELIGIBLE,R03b_20260811_FULL_v1,L1_ELIGIBILITY,v2026-08-11,2026-03-21..2026-08-06,baccarat_bet02_101_all_pairs_incl_sentinel,round_win = game_pnl > 0 (decisive only),COMPATIBILITY_ONLY_NOT_PRODUCTION,39187.2093,35396.6747,483.0410,8363,6242,-0.01232650,-0.05216444,-0.01154840,-0.01232650,-483.0410,39187.2093,OK,0.0000,19.3216,4.0000,96.0000,AG03-UNRESOLVED,ALL5_LEVELS_bet23_to_bet27,19.3216,19.3216,19.3216,0.0000,0.0000,4.000000,4.000000,4.000000,0.000000,0.000000,96.000000,96.000000,96.000000,100.000000,100.000000,5.0,57.9649,55.6772,425.0761,427.3638,PENDING_AG03,FALSE,NOT_FOR_ENFORCEMENT,463.7194,33980.8077,483.0410,463.7194,19.3216,0.01232650,0.01183344,19.3216,463.7194,0.01183344,19.3216,19.3216,19.3216,0.0000,0.0000,463.7194,0.01183344,57.9649,55.6772,425.0761,427.3638,0.01084732,0.0109057,0.00049306,4.6858,5.6707,0.0774,15.5820,0.2688,1264.1035,201.3548,4.5499,4.6885,2.0771,4.1543,6.1317,8.4025,10.5031,18.5864,3.9466,-2.0771,2.528253,4.474023,1.127938,29,192,48,6,0.01915741,0.01232650,0.05216444,0E-8,0.000000,0.903271,0.017936,-0.04061604,2026-05-16,2026-07-20,31,1797,733,66,0.469697,0.970424,0.970991,0.063858,,,,,,,,GLOBAL_BASELINE_NO_ENTITY_RANKING,,,NOT_APPLICABLE_GLOBAL_BASELINE,HF9g-P5,,,,X 全窗基线 · 不参与实体赏罚,8395546,840,A168_HF9F_20260827_0900,2026-08-27 09:00:00
2026-06-15,150107794,583,0,224.7471075757,-15.2358598344,-15.2358598344,0.5000000,29,21,0.47663901711525801,0.423696985714,0.20917541664854297,0.6905634046276419,0.20917541664854297,0.05294203140125801,ELIGIBLE,R03b_20260811_FULL_v1,L1_ELIGIBILITY,v2026-08-11,2026-03-21..2026-08-06,baccarat_bet02_101_all_pairs_incl_sentinel,round_win = game_pnl > 0 (decisive only),COMPATIBILITY_ONLY_NOT_PRODUCTION,39187.2093,35396.6747,483.0410,8363,6242,-0.01232650,-0.05216444,-0.01154840,-0.01232650,-483.0410,39187.2093,OK,0.0000,19.3216,4.0000,96.0000,AG03-UNRESOLVED,ALL5_LEVELS_bet23_to_bet27,19.3216,19.3216,19.3216,0.0000,0.0000,4.000000,4.000000,4.000000,0.000000,0.000000,96.000000,96.000000,96.000000,100.000000,100.000000,5.0,57.9649,55.6772,425.0761,427.3638,PENDING_AG03,FALSE,NOT_FOR_ENFORCEMENT,463.7194,33980.8077,483.0410,463.7194,19.3216,0.01232650,0.01183344,19.3216,463.7194,0.01183344,19.3216,19.3216,19.3216,0.0000,0.0000,463.7194,0.01183344,57.9649,55.6772,425.0761,427.3638,0.01084732,0.0109057,0.00049306,4.6858,5.6707,0.0774,15.5820,0.2688,1264.1035,201.3548,4.5499,4.6885,2.0771,4.1543,6.1317,8.4025,10.5031,18.5864,3.9466,-2.0771,2.528253,4.474023,1.127938,29,192,48,6,0.01915741,0.01232650,0.05216444,0E-8,0.000000,0.903271,0.017936,-0.04061604,2026-05-16,2026-07-20,31,1797,733,66,0.469697,0.970424,0.970991,0.063858,,,,,,,,GLOBAL_BASELINE_NO_ENTITY_RANKING,,,NOT_APPLICABLE_GLOBAL_BASELINE,HF9g-P5,,,,X 全窗基线 · 不参与实体赏罚,8395547,840,A168_HF9F_20260827_0900,2026-08-27 09:00:00
2026-06-15,150107794,595,0,30.9494630580,-5.8367779324,-5.8367779324,0.5000000,5,4,0.48604830499980163,0.455144712500,0.05582851825204833,0.18014752692182473,0.05582851825204833,0.03090359249980163,ELIGIBLE,R03b_20260811_FULL_v1,L1_ELIGIBILITY,v2026-08-11,2026-03-21..2026-08-06,baccarat_bet02_101_all_pairs_incl_sentinel,round_win = game_pnl > 0 (decisive only),COMPATIBILITY_ONLY_NOT_PRODUCTION,39187.2093,35396.6747,483.0410,8363,6242,-0.01232650,-0.05216444,-0.01154840,-0.01232650,-483.0410,39187.2093,OK,0.0000,19.3216,4.0000,96.0000,AG03-UNRESOLVED,ALL5_LEVELS_bet23_to_bet27,19.3216,19.3216,19.3216,0.0000,0.0000,4.000000,4.000000,4.000000,0.000000,0.000000,96.000000,96.000000,96.000000,100.000000,100.000000,5.0,57.9649,55.6772,425.0761,427.3638,PENDING_AG03,FALSE,NOT_FOR_ENFORCEMENT,463.7194,33980.8077,483.0410,463.7194,19.3216,0.01232650,0.01183344,19.3216,463.7194,0.01183344,19.3216,19.3216,19.3216,0.0000,0.0000,463.7194,0.01183344,57.9649,55.6772,425.0761,427.3638,0.01084732,0.0109057,0.00049306,4.6858,5.6707,0.0774,15.5820,0.2688,1264.1035,201.3548,4.5499,4.6885,2.0771,4.1543,6.1317,8.4025,10.5031,18.5864,3.9466,-2.0771,2.528253,4.474023,1.127938,29,192,48,6,0.01915741,0.01232650,0.05216444,0E-8,0.000000,0.903271,0.017936,-0.04061604,2026-05-16,2026-07-20,31,1797,733,66,0.469697,0.970424,0.970991,0.063858,,,,,,,,GLOBAL_BASELINE_NO_ENTITY_RANKING,,,NOT_APPLICABLE_GLOBAL_BASELINE,HF9g-P5,,,,X 全窗基线 · 不参与实体赏罚,8395548,840,A168_HF9F_20260827_0900,2026-08-27 09:00:00
2026-06-15,150107794,752,0,246.1417028443,4.7566624431,4.7566624431,0.5500000,32,20,0.45536905627845591,0.378679640000,0.8497971200016817,1.5795384629241331,0.8497971200016817,0.07668941627845591,ELIGIBLE,R03b_20260811_FULL_v1,L1_ELIGIBILITY,v2026-08-11,2026-03-21..2026-08-06,baccarat_bet02_101_all_pairs_incl_sentinel,round_win = game_pnl > 0 (decisive only),COMPATIBILITY_ONLY_NOT_PRODUCTION,39187.2093,35396.6747,483.0410,8363,6242,-0.01232650,-0.05216444,-0.01154840,-0.01232650,-483.0410,39187.2093,OK,0.0000,19.3216,4.0000,96.0000,AG03-UNRESOLVED,ALL5_LEVELS_bet23_to_bet27,19.3216,19.3216,19.3216,0.0000,0.0000,4.000000,4.000000,4.000000,0.000000,0.000000,96.000000,96.000000,96.000000,100.000000,100.000000,5.0,57.9649,55.6772,425.0761,427.3638,PENDING_AG03,FALSE,NOT_FOR_ENFORCEMENT,463.7194,33980.8077,483.0410,463.7194,19.3216,0.01232650,0.01183344,19.3216,463.7194,0.01183344,19.3216,19.3216,19.3216,0.0000,0.0000,463.7194,0.01183344,57.9649,55.6772,425.0761,427.3638,0.01084732,0.0109057,0.00049306,4.6858,5.6707,0.0774,15.5820,0.2688,1264.1035,201.3548,4.5499,4.6885,2.0771,4.1543,6.1317,8.4025,10.5031,18.5864,3.9466,-2.0771,2.528253,4.474023,1.127938,29,192,48,6,0.01915741,0.01232650,0.05216444,0E-8,0.000000,0.903271,0.017936,-0.04061604,2026-05-16,2026-07-20,31,1797,733,66,0.469697,0.970424,0.970991,0.063858,,,,,,,,GLOBAL_BASELINE_NO_ENTITY_RANKING,,,NOT_APPLICABLE_GLOBAL_BASELINE,HF9g-P5,,,,X 全窗基线 · 不参与实体赏罚,8395549,840,A168_HF9F_20260827_0900,2026-08-27 09:00:00
2026-06-15,150107794,789,0,165.9638992171,62.7609413621,62.7609413621,0.6666667,25,18,0.45548307649785934,0.399542691667,1.7990971166239915,2.313803417393253,1.7990971166239915,0.05594038483085934,ELIGIBLE,R03b_20260811_FULL_v1,L1_ELIGIBILITY,v2026-08-11,2026-03-21..2026-08-06,baccarat_bet02_101_all_pairs_incl_sentinel,round_win = game_pnl > 0 (decisive only),COMPATIBILITY_ONLY_NOT_PRODUCTION,39187.2093,35396.6747,483.0410,8363,6242,-0.01232650,-0.05216444,-0.01154840,-0.01232650,-483.0410,39187.2093,OK,0.0000,19.3216,4.0000,96.0000,AG03-UNRESOLVED,ALL5_LEVELS_bet23_to_bet27,19.3216,19.3216,19.3216,0.0000,0.0000,4.000000,4.000000,4.000000,0.000000,0.000000,96.000000,96.000000,96.000000,100.000000,100.000000,5.0,57.9649,55.6772,425.0761,427.3638,PENDING_AG03,FALSE,NOT_FOR_ENFORCEMENT,463.7194,33980.8077,483.0410,463.7194,19.3216,0.01232650,0.01183344,19.3216,463.7194,0.01183344,19.3216,19.3216,19.3216,0.0000,0.0000,463.7194,0.01183344,57.9649,55.6772,425.0761,427.3638,0.01084732,0.0109057,0.00049306,4.6858,5.6707,0.0774,15.5820,0.2688,1264.1035,201.3548,4.5499,4.6885,2.0771,4.1543,6.1317,8.4025,10.5031,18.5864,3.9466,-2.0771,2.528253,4.474023,1.127938,29,192,48,6,0.01915741,0.01232650,0.05216444,0E-8,0.000000,0.903271,0.017936,-0.04061604,2026-05-16,2026-07-20,31,1797,733,66,0.469697,0.970424,0.970991,0.063858,,,,,,,,GLOBAL_BASELINE_NO_ENTITY_RANKING,,,NOT_APPLICABLE_GLOBAL_BASELINE,HF9g-P5,,,,X 全窗基线 · 不参与实体赏罚,8395550,840,A168_HF9F_20260827_0900,2026-08-27 09:00:00
2026-06-15,150107794,925,0,6.2314355151,-6.2314355151,-6.2314355151,0E-7,2,2,0.29392415000000000,0.293924150000,-0.9124455438455121,-0.9124455438455121,-0.9124455438455121,0E-17,ELIGIBLE,R03b_20260811_FULL_v1,L1_ELIGIBILITY,v2026-08-11,2026-03-21..2026-08-06,baccarat_bet02_101_all_pairs_incl_sentinel,round_win = game_pnl > 0 (decisive only),COMPATIBILITY_ONLY_NOT_PRODUCTION,39187.2093,35396.6747,483.0410,8363,6242,-0.01232650,-0.05216444,-0.01154840,-0.01232650,-483.0410,39187.2093,OK,0.0000,19.3216,4.0000,96.0000,AG03-UNRESOLVED,ALL5_LEVELS_bet23_to_bet27,19.3216,19.3216,19.3216,0.0000,0.0000,4.000000,4.000000,4.000000,0.000000,0.000000,96.000000,96.000000,96.000000,100.000000,100.000000,5.0,57.9649,55.6772,425.0761,427.3638,PENDING_AG03,FALSE,NOT_FOR_ENFORCEMENT,463.7194,33980.8077,483.0410,463.7194,19.3216,0.01232650,0.01183344,19.3216,463.7194,0.01183344,19.3216,19.3216,19.3216,0.0000,0.0000,463.7194,0.01183344,57.9649,55.6772,425.0761,427.3638,0.01084732,0.0109057,0.00049306,4.6858,5.6707,0.0774,15.5820,0.2688,1264.1035,201.3548,4.5499,4.6885,2.0771,4.1543,6.1317,8.4025,10.5031,18.5864,3.9466,-2.0771,2.528253,4.474023,1.127938,29,192,48,6,0.01915741,0.01232650,0.05216444,0E-8,0.000000,0.903271,0.017936,-0.04061604,2026-05-16,2026-07-20,31,1797,733,66,0.469697,0.970424,0.970991,0.063858,,,,,,,,GLOBAL_BASELINE_NO_ENTITY_RANKING,,,NOT_APPLICABLE_GLOBAL_BASELINE,HF9g-P5,,,,X 全窗基线 · 不参与实体赏罚,8395551,840,A168_HF9F_20260827_0900,2026-08-27 09:00:00
2026-06-15,150107794,948,0,38.0117566417,24.8945848825,24.8945848825,1.0000000,7,5,0.45884016639486484,0.416198000000,2.1720111914521807,2.368714891952434,2.1720111914521807,0.04264216639486484,ELIGIBLE,R03b_20260811_FULL_v1,L1_ELIGIBILITY,v2026-08-11,2026-03-21..2026-08-06,baccarat_bet02_101_all_pairs_incl_sentinel,round_win = game_pnl > 0 (decisive only),COMPATIBILITY_ONLY_NOT_PRODUCTION,39187.2093,35396.6747,483.0410,8363,6242,-0.01232650,-0.05216444,-0.01154840,-0.01232650,-483.0410,39187.2093,OK,0.0000,19.3216,4.0000,96.0000,AG03-UNRESOLVED,ALL5_LEVELS_bet23_to_bet27,19.3216,19.3216,19.3216,0.0000,0.0000,4.000000,4.000000,4.000000,0.000000,0.000000,96.000000,96.000000,96.000000,100.000000,100.000000,5.0,57.9649,55.6772,425.0761,427.3638,PENDING_AG03,FALSE,NOT_FOR_ENFORCEMENT,463.7194,33980.8077,483.0410,463.7194,19.3216,0.01232650,0.01183344,19.3216,463.7194,0.01183344,19.3216,19.3216,19.3216,0.0000,0.0000,463.7194,0.01183344,57.9649,55.6772,425.0761,427.3638,0.01084732,0.0109057,0.00049306,4.6858,5.6707,0.0774,15.5820,0.2688,1264.1035,201.3548,4.5499,4.6885,2.0771,4.1543,6.1317,8.4025,10.5031,18.5864,3.9466,-2.0771,2.528253,4.474023,1.127938,29,192,48,6,0.01915741,0.01232650,0.05216444,0E-8,0.000000,0.903271,0.017936,-0.04061604,2026-05-16,2026-07-20,31,1797,733,66,0.469697,0.970424,0.970991,0.063858,,,,,,,,GLOBAL_BASELINE_NO_ENTITY_RANKING,,,NOT_APPLICABLE_GLOBAL_BASELINE,HF9g-P5,,,,X 全窗基线 · 不参与实体赏罚,8395552,840,A168_HF9F_20260827_0900,2026-08-27 09:00:00
2026-06-15,150107794,986,0,8.3085806867,3.8427185676,3.8427185676,1.0000000,2,1,0.40363872499876017,0.300626750000,1.215509351575974,1.5252488199758223,1.215509351575974,0.10301197499876017,ELIGIBLE,R03b_20260811_FULL_v1,L1_ELIGIBILITY,v2026-08-11,2026-03-21..2026-08-06,baccarat_bet02_101_all_pairs_incl_sentinel,round_win = game_pnl > 0 (decisive only),COMPATIBILITY_ONLY_NOT_PRODUCTION,39187.2093,35396.6747,483.0410,8363,6242,-0.01232650,-0.05216444,-0.01154840,-0.01232650,-483.0410,39187.2093,OK,0.0000,19.3216,4.0000,96.0000,AG03-UNRESOLVED,ALL5_LEVELS_bet23_to_bet27,19.3216,19.3216,19.3216,0.0000,0.0000,4.000000,4.000000,4.000000,0.000000,0.000000,96.000000,96.000000,96.000000,100.000000,100.000000,5.0,57.9649,55.6772,425.0761,427.3638,PENDING_AG03,FALSE,NOT_FOR_ENFORCEMENT,463.7194,33980.8077,483.0410,463.7194,19.3216,0.01232650,0.01183344,19.3216,463.7194,0.01183344,19.3216,19.3216,19.3216,0.0000,0.0000,463.7194,0.01183344,57.9649,55.6772,425.0761,427.3638,0.01084732,0.0109057,0.00049306,4.6858,5.6707,0.0774,15.5820,0.2688,1264.1035,201.3548,4.5499,4.6885,2.0771,4.1543,6.1317,8.4025,10.5031,18.5864,3.9466,-2.0771,2.528253,4.474023,1.127938,29,192,48,6,0.01915741,0.01232650,0.05216444,0E-8,0.000000,0.903271,0.017936,-0.04061604,2026-05-16,2026-07-20,31,1797,733,66,0.469697,0.970424,0.970991,0.063858,,,,,,,,GLOBAL_BASELINE_NO_ENTITY_RANKING,,,NOT_APPLICABLE_GLOBAL_BASELINE,HF9g-P5,,,,X 全窗基线 · 不参与实体赏罚,8395553,840,A168_HF9F_20260827_0900,2026-08-27 09:00:00
2026-06-16,150107794,-1,1,1060.5903246603,138.7844546448,138.7844546448,0.5781250,175,137,0.47316658507943705,0.446788901460,2.3783652904978125,2.9887697946336362,2.3783652904978125,0.02637768361943705,SENTINEL_DEALER,R03b_20260811_FULL_v1,L1_ELIGIBILITY,v2026-08-11,2026-03-21..2026-08-06,baccarat_bet02_101_all_pairs_incl_sentinel,round_win = game_pnl > 0 (decisive only),COMPATIBILITY_ONLY_NOT_PRODUCTION,39187.2093,35396.6747,483.0410,8363,6242,-0.01232650,-0.05216444,-0.01154840,-0.01232650,-483.0410,39187.2093,OK,0.0000,19.3216,4.0000,96.0000,AG03-UNRESOLVED,ALL5_LEVELS_bet23_to_bet27,19.3216,19.3216,19.3216,0.0000,0.0000,4.000000,4.000000,4.000000,0.000000,0.000000,96.000000,96.000000,96.000000,100.000000,100.000000,5.0,57.9649,55.6772,425.0761,427.3638,PENDING_AG03,FALSE,NOT_FOR_ENFORCEMENT,463.7194,33980.8077,483.0410,463.7194,19.3216,0.01232650,0.01183344,19.3216,463.7194,0.01183344,19.3216,19.3216,19.3216,0.0000,0.0000,463.7194,0.01183344,57.9649,55.6772,425.0761,427.3638,0.01084732,0.0109057,0.00049306,4.6858,5.6707,0.0774,15.5820,0.2688,1264.1035,201.3548,4.5499,4.6885,2.0771,4.1543,6.1317,8.4025,10.5031,18.5864,3.9466,-2.0771,2.528253,4.474023,1.127938,29,192,48,6,0.01915741,0.01232650,0.05216444,0E-8,0.000000,0.903271,0.017936,-0.04061604,2026-05-16,2026-07-20,31,1797,733,66,0.469697,0.970424,0.970991,0.063858,,,,,,,,GLOBAL_BASELINE_NO_ENTITY_RANKING,,,NOT_APPLICABLE_GLOBAL_BASELINE,HF9g-P5,,,,X 全窗基线 · 不参与实体赏罚,8395554,840,A168_HF9F_20260827_0900,2026-08-27 09:00:00
2026-06-16,150107794,1017,0,64.3915003221,12.4628710300,12.4628710300,0.7142857,11,7,0.45805937122410361,0.382220128571,1.3606175126797841,1.8080033667239328,1.3606175126797841,0.07583924265310361,ELIGIBLE,R03b_20260811_FULL_v1,L1_ELIGIBILITY,v2026-08-11,2026-03-21..2026-08-06,baccarat_bet02_101_all_pairs_incl_sentinel,round_win = game_pnl > 0 (decisive only),COMPATIBILITY_ONLY_NOT_PRODUCTION,39187.2093,35396.6747,483.0410,8363,6242,-0.01232650,-0.05216444,-0.01154840,-0.01232650,-483.0410,39187.2093,OK,0.0000,19.3216,4.0000,96.0000,AG03-UNRESOLVED,ALL5_LEVELS_bet23_to_bet27,19.3216,19.3216,19.3216,0.0000,0.0000,4.000000,4.000000,4.000000,0.000000,0.000000,96.000000,96.000000,96.000000,100.000000,100.000000,5.0,57.9649,55.6772,425.0761,427.3638,PENDING_AG03,FALSE,NOT_FOR_ENFORCEMENT,463.7194,33980.8077,483.0410,463.7194,19.3216,0.01232650,0.01183344,19.3216,463.7194,0.01183344,19.3216,19.3216,19.3216,0.0000,0.0000,463.7194,0.01183344,57.9649,55.6772,425.0761,427.3638,0.01084732,0.0109057,0.00049306,4.6858,5.6707,0.0774,15.5820,0.2688,1264.1035,201.3548,4.5499,4.6885,2.0771,4.1543,6.1317,8.4025,10.5031,18.5864,3.9466,-2.0771,2.528253,4.474023,1.127938,29,192,48,6,0.01915741,0.01232650,0.05216444,0E-8,0.000000,0.903271,0.017936,-0.04061604,2026-05-16,2026-07-20,31,1797,733,66,0.469697,0.970424,0.970991,0.063858,,,,,,,,GLOBAL_BASELINE_NO_ENTITY_RANKING,,,NOT_APPLICABLE_GLOBAL_BASELINE,HF9g-P5,,,,X 全窗基线 · 不参与实体赏罚,8395555,840,A168_HF9F_20260827_0900,2026-08-27 09:00:00
2026-06-16,150107794,1078,0,2.0771451717,1.9732879131,1.9732879131,1.0000000,1,1,0.50665070000000000,0.506650700000,0.9867858985152569,0.9867858985152569,0.9867858985152569,0E-17,ELIGIBLE,R03b_20260811_FULL_v1,L1_ELIGIBILITY,v2026-08-11,2026-03-21..2026-08-06,baccarat_bet02_101_all_pairs_incl_sentinel,round_win = game_pnl > 0 (decisive only),COMPATIBILITY_ONLY_NOT_PRODUCTION,39187.2093,35396.6747,483.0410,8363,6242,-0.01232650,-0.05216444,-0.01154840,-0.01232650,-483.0410,39187.2093,OK,0.0000,19.3216,4.0000,96.0000,AG03-UNRESOLVED,ALL5_LEVELS_bet23_to_bet27,19.3216,19.3216,19.3216,0.0000,0.0000,4.000000,4.000000,4.000000,0.000000,0.000000,96.000000,96.000000,96.000000,100.000000,100.000000,5.0,57.9649,55.6772,425.0761,427.3638,PENDING_AG03,FALSE,NOT_FOR_ENFORCEMENT,463.7194,33980.8077,483.0410,463.7194,19.3216,0.01232650,0.01183344,19.3216,463.7194,0.01183344,19.3216,19.3216,19.3216,0.0000,0.0000,463.7194,0.01183344,57.9649,55.6772,425.0761,427.3638,0.01084732,0.0109057,0.00049306,4.6858,5.6707,0.0774,15.5820,0.2688,1264.1035,201.3548,4.5499,4.6885,2.0771,4.1543,6.1317,8.4025,10.5031,18.5864,3.9466,-2.0771,2.528253,4.474023,1.127938,29,192,48,6,0.01915741,0.01232650,0.05216444,0E-8,0.000000,0.903271,0.017936,-0.04061604,2026-05-16,2026-07-20,31,1797,733,66,0.469697,0.970424,0.970991,0.063858,,,,,,,,GLOBAL_BASELINE_NO_ENTITY_RANKING,,,NOT_APPLICABLE_GLOBAL_BASELINE,HF9g-P5,,,,X 全窗基线 · 不参与实体赏罚,8395556,840,A168_HF9F_20260827_0900,2026-08-27 09:00:00
2026-06-16,150107794,1115,0,12.4628710301,16.6171613734,16.6171613734,1.0000000,2,1,0.43797604999944897,0.300626750000,1.1327973652323295,1.5252488199758223,1.1327973652323295,0.13734929999944897,ELIGIBLE,R03b_20260811_FULL_v1,L1_ELIGIBILITY,v2026-08-11,2026-03-21..2026-08-06,baccarat_bet02_101_all_pairs_incl_sentinel,round_win = game_pnl > 0 (decisive only),COMPATIBILITY_ONLY_NOT_PRODUCTION,39187.2093,35396.6747,483.0410,8363,6242,-0.01232650,-0.05216444,-0.01154840,-0.01232650,-483.0410,39187.2093,OK,0.0000,19.3216,4.0000,96.0000,AG03-UNRESOLVED,ALL5_LEVELS_bet23_to_bet27,19.3216,19.3216,19.3216,0.0000,0.0000,4.000000,4.000000,4.000000,0.000000,0.000000,96.000000,96.000000,96.000000,100.000000,100.000000,5.0,57.9649,55.6772,425.0761,427.3638,PENDING_AG03,FALSE,NOT_FOR_ENFORCEMENT,463.7194,33980.8077,483.0410,463.7194,19.3216,0.01232650,0.01183344,19.3216,463.7194,0.01183344,19.3216,19.3216,19.3216,0.0000,0.0000,463.7194,0.01183344,57.9649,55.6772,425.0761,427.3638,0.01084732,0.0109057,0.00049306,4.6858,5.6707,0.0774,15.5820,0.2688,1264.1035,201.3548,4.5499,4.6885,2.0771,4.1543,6.1317,8.4025,10.5031,18.5864,3.9466,-2.0771,2.528253,4.474023,1.127938,29,192,48,6,0.01915741,0.01232650,0.05216444,0E-8,0.000000,0.903271,0.017936,-0.04061604,2026-05-16,2026-07-20,31,1797,733,66,0.469697,0.970424,0.970991,0.063858,,,,,,,,GLOBAL_BASELINE_NO_ENTITY_RANKING,,,NOT_APPLICABLE_GLOBAL_BASELINE,HF9g-P5,,,,X 全窗基线 · 不参与实体赏罚,8395557,840,A168_HF9F_20260827_0900,2026-08-27 09:00:00
2026-06-16,150107794,1210,0,93.4715327257,13.3975863572,13.3975863572,0.6000000,18,12,0.44726607791634440,0.400287425000,0.9713918699197596,1.2889849900232973,0.9713918699197596,0.04697865291634440,ELIGIBLE,R03b_20260811_FULL_v1,L1_ELIGIBILITY,v2026-08-11,2026-03-21..2026-08-06,baccarat_bet02_101_all_pairs_incl_sentinel,round_win = game_pnl > 0 (decisive only),COMPATIBILITY_ONLY_NOT_PRODUCTION,39187.2093,35396.6747,483.0410,8363,6242,-0.01232650,-0.05216444,-0.01154840,-0.01232650,-483.0410,39187.2093,OK,0.0000,19.3216,4.0000,96.0000,AG03-UNRESOLVED,ALL5_LEVELS_bet23_to_bet27,19.3216,19.3216,19.3216,0.0000,0.0000,4.000000,4.000000,4.000000,0.000000,0.000000,96.000000,96.000000,96.000000,100.000000,100.000000,5.0,57.9649,55.6772,425.0761,427.3638,PENDING_AG03,FALSE,NOT_FOR_ENFORCEMENT,463.7194,33980.8077,483.0410,463.7194,19.3216,0.01232650,0.01183344,19.3216,463.7194,0.01183344,19.3216,19.3216,19.3216,0.0000,0.0000,463.7194,0.01183344,57.9649,55.6772,425.0761,427.3638,0.01084732,0.0109057,0.00049306,4.6858,5.6707,0.0774,15.5820,0.2688,1264.1035,201.3548,4.5499,4.6885,2.0771,4.1543,6.1317,8.4025,10.5031,18.5864,3.9466,-2.0771,2.528253,4.474023,1.127938,29,192,48,6,0.01915741,0.01232650,0.05216444,0E-8,0.000000,0.903271,0.017936,-0.04061604,2026-05-16,2026-07-20,31,1797,733,66,0.469697,0.970424,0.970991,0.063858,,,,,,,,GLOBAL_BASELINE_NO_ENTITY_RANKING,,,NOT_APPLICABLE_GLOBAL_BASELINE,HF9g-P5,,,,X 全窗基线 · 不参与实体赏罚,8395558,840,A168_HF9F_20260827_0900,2026-08-27 09:00:00
2026-06-16,150107794,1221,0,6.2314355151,-2.1810024303,-2.1810024303,0E-7,3,2,0.40363872500000000,0.403638725000,-1.1634740288448886,-1.1634740288448888,-1.1634740288448886,0E-17,ELIGIBLE,R03b_20260811_FULL_v1,L1_ELIGIBILITY,v2026-08-11,2026-03-21..2026-08-06,baccarat_bet02_101_all_pairs_incl_sentinel,round_win = game_pnl > 0 (decisive only),COMPATIBILITY_ONLY_NOT_PRODUCTION,39187.2093,35396.6747,483.0410,8363,6242,-0.01232650,-0.05216444,-0.01154840,-0.01232650,-483.0410,39187.2093,OK,0.0000,19.3216,4.0000,96.0000,AG03-UNRESOLVED,ALL5_LEVELS_bet23_to_bet27,19.3216,19.3216,19.3216,0.0000,0.0000,4.000000,4.000000,4.000000,0.000000,0.000000,96.000000,96.000000,96.000000,100.000000,100.000000,5.0,57.9649,55.6772,425.0761,427.3638,PENDING_AG03,FALSE,NOT_FOR_ENFORCEMENT,463.7194,33980.8077,483.0410,463.7194,19.3216,0.01232650,0.01183344,19.3216,463.7194,0.01183344,19.3216,19.3216,19.3216,0.0000,0.0000,463.7194,0.01183344,57.9649,55.6772,425.0761,427.3638,0.01084732,0.0109057,0.00049306,4.6858,5.6707,0.0774,15.5820,0.2688,1264.1035,201.3548,4.5499,4.6885,2.0771,4.1543,6.1317,8.4025,10.5031,18.5864,3.9466,-2.0771,2.528253,4.474023,1.127938,29,192,48,6,0.01915741,0.01232650,0.05216444,0E-8,0.000000,0.903271,0.017936,-0.04061604,2026-05-16,2026-07-20,31,1797,733,66,0.469697,0.970424,0.970991,0.063858,,,,,,,,GLOBAL_BASELINE_NO_ENTITY_RANKING,,,NOT_APPLICABLE_GLOBAL_BASELINE,HF9g-P5,,,,X 全窗基线 · 不参与实体赏罚,8395559,840,A168_HF9F_20260827_0900,2026-08-27 09:00:00
2026-06-16,150107794,1318,0,26.5874581975,-14.4361589432,-14.4361589432,0.3333333,6,3,0.40601031249901470,0.298392550000,-0.25633004276293686,0.13226720629658262,-0.25633004276293686,0.10761776249901470,ELIGIBLE,R03b_20260811_FULL_v1,L1_ELIGIBILITY,v2026-08-11,2026-03-21..2026-08-06,baccarat_bet02_101_all_pairs_incl_sentinel,round_win = game_pnl > 0 (decisive only),COMPATIBILITY_ONLY_NOT_PRODUCTION,39187.2093,35396.6747,483.0410,8363,6242,-0.01232650,-0.05216444,-0.01154840,-0.01232650,-483.0410,39187.2093,OK,0.0000,19.3216,4.0000,96.0000,AG03-UNRESOLVED,ALL5_LEVELS_bet23_to_bet27,19.3216,19.3216,19.3216,0.0000,0.0000,4.000000,4.000000,4.000000,0.000000,0.000000,96.000000,96.000000,96.000000,100.000000,100.000000,5.0,57.9649,55.6772,425.0761,427.3638,PENDING_AG03,FALSE,NOT_FOR_ENFORCEMENT,463.7194,33980.8077,483.0410,463.7194,19.3216,0.01232650,0.01183344,19.3216,463.7194,0.01183344,19.3216,19.3216,19.3216,0.0000,0.0000,463.7194,0.01183344,57.9649,55.6772,425.0761,427.3638,0.01084732,0.0109057,0.00049306,4.6858,5.6707,0.0774,15.5820,0.2688,1264.1035,201.3548,4.5499,4.6885,2.0771,4.1543,6.1317,8.4025,10.5031,18.5864,3.9466,-2.0771,2.528253,4.474023,1.127938,29,192,48,6,0.01915741,0.01232650,0.05216444,0E-8,0.000000,0.903271,0.017936,-0.04061604,2026-05-16,2026-07-20,31,1797,733,66,0.469697,0.970424,0.970991,0.063858,,,,,,,,GLOBAL_BASELINE_NO_ENTITY_RANKING,,,NOT_APPLICABLE_GLOBAL_BASELINE,HF9g-P5,,,,X 全窗基线 · 不参与实体赏罚,8395560,840,A168_HF9F_20260827_0900,2026-08-27 09:00:00
2026-06-16,150107794,1331,0,48.1897679830,12.3797852231,12.3797852231,0.8333333,11,6,0.42015189147644799,0.331612775000,2.0504828823946717,2.610404595665654,2.0504828823946717,0.08853911647644799,ELIGIBLE,R03b_20260811_FULL_v1,L1_ELIGIBILITY,v2026-08-11,2026-03-21..2026-08-06,baccarat_bet02_101_all_pairs_incl_sentinel,round_win = game_pnl > 0 (decisive only),COMPATIBILITY_ONLY_NOT_PRODUCTION,39187.2093,35396.6747,483.0410,8363,6242,-0.01232650,-0.05216444,-0.01154840,-0.01232650,-483.0410,39187.2093,OK,0.0000,19.3216,4.0000,96.0000,AG03-UNRESOLVED,ALL5_LEVELS_bet23_to_bet27,19.3216,19.3216,19.3216,0.0000,0.0000,4.000000,4.000000,4.000000,0.000000,0.000000,96.000000,96.000000,96.000000,100.000000,100.000000,5.0,57.9649,55.6772,425.0761,427.3638,PENDING_AG03,FALSE,NOT_FOR_ENFORCEMENT,463.7194,33980.8077,483.0410,463.7194,19.3216,0.01232650,0.01183344,19.3216,463.7194,0.01183344,19.3216,19.3216,19.3216,0.0000,0.0000,463.7194,0.01183344,57.9649,55.6772,425.0761,427.3638,0.01084732,0.0109057,0.00049306,4.6858,5.6707,0.0774,15.5820,0.2688,1264.1035,201.3548,4.5499,4.6885,2.0771,4.1543,6.1317,8.4025,10.5031,18.5864,3.9466,-2.0771,2.528253,4.474023,1.127938,29,192,48,6,0.01915741,0.01232650,0.05216444,0E-8,0.000000,0.903271,0.017936,-0.04061604,2026-05-16,2026-07-20,31,1797,733,66,0.469697,0.970424,0.970991,0.063858,,,,,,,,GLOBAL_BASELINE_NO_ENTITY_RANKING,,,NOT_APPLICABLE_GLOBAL_BASELINE,HF9g-P5,,,,X 全窗基线 · 不参与实体赏罚,8395561,840,A168_HF9F_20260827_0900,2026-08-27 09:00:00
2026-06-16,150107794,1363,0,2.0771451717,-2.0771451717,-2.0771451717,0E-7,1,1,0.49324550000000000,0.493245500000,-0.9865810262130424,-0.9865810262130424,-0.9865810262130424,0E-17,ELIGIBLE,R03b_20260811_FULL_v1,L1_ELIGIBILITY,v2026-08-11,2026-03-21..2026-08-06,baccarat_bet02_101_all_pairs_incl_sentinel,round_win = game_pnl > 0 (decisive only),COMPATIBILITY_ONLY_NOT_PRODUCTION,39187.2093,35396.6747,483.0410,8363,6242,-0.01232650,-0.05216444,-0.01154840,-0.01232650,-483.0410,39187.2093,OK,0.0000,19.3216,4.0000,96.0000,AG03-UNRESOLVED,ALL5_LEVELS_bet23_to_bet27,19.3216,19.3216,19.3216,0.0000,0.0000,4.000000,4.000000,4.000000,0.000000,0.000000,96.000000,96.000000,96.000000,100.000000,100.000000,5.0,57.9649,55.6772,425.0761,427.3638,PENDING_AG03,FALSE,NOT_FOR_ENFORCEMENT,463.7194,33980.8077,483.0410,463.7194,19.3216,0.01232650,0.01183344,19.3216,463.7194,0.01183344,19.3216,19.3216,19.3216,0.0000,0.0000,463.7194,0.01183344,57.9649,55.6772,425.0761,427.3638,0.01084732,0.0109057,0.00049306,4.6858,5.6707,0.0774,15.5820,0.2688,1264.1035,201.3548,4.5499,4.6885,2.0771,4.1543,6.1317,8.4025,10.5031,18.5864,3.9466,-2.0771,2.528253,4.474023,1.127938,29,192,48,6,0.01915741,0.01232650,0.05216444,0E-8,0.000000,0.903271,0.017936,-0.04061604,2026-05-16,2026-07-20,31,1797,733,66,0.469697,0.970424,0.970991,0.063858,,,,,,,,GLOBAL_BASELINE_NO_ENTITY_RANKING,,,NOT_APPLICABLE_GLOBAL_BASELINE,HF9g-P5,,,,X 全窗基线 · 不参与实体赏罚,8395562,840,A168_HF9F_20260827_0900,2026-08-27 09:00:00
2026-06-16,150107794,1385,0,15.9940178220,5.1201628481,5.1201628481,0.7500000,6,5,0.47082044782601196,0.465445910000,1.118624731080425,1.1409441615918963,1.118624731080425,0.00537453782601196,ELIGIBLE,R03b_20260811_FULL_v1,L1_ELIGIBILITY,v2026-08-11,2026-03-21..2026-08-06,baccarat_bet02_101_all_pairs_incl_sentinel,round_win = game_pnl > 0 (decisive only),COMPATIBILITY_ONLY_NOT_PRODUCTION,39187.2093,35396.6747,483.0410,8363,6242,-0.01232650,-0.05216444,-0.01154840,-0.01232650,-483.0410,39187.2093,OK,0.0000,19.3216,4.0000,96.0000,AG03-UNRESOLVED,ALL5_LEVELS_bet23_to_bet27,19.3216,19.3216,19.3216,0.0000,0.0000,4.000000,4.000000,4.000000,0.000000,0.000000,96.000000,96.000000,96.000000,100.000000,100.000000,5.0,57.9649,55.6772,425.0761,427.3638,PENDING_AG03,FALSE,NOT_FOR_ENFORCEMENT,463.7194,33980.8077,483.0410,463.7194,19.3216,0.01232650,0.01183344,19.3216,463.7194,0.01183344,19.3216,19.3216,19.3216,0.0000,0.0000,463.7194,0.01183344,57.9649,55.6772,425.0761,427.3638,0.01084732,0.0109057,0.00049306,4.6858,5.6707,0.0774,15.5820,0.2688,1264.1035,201.3548,4.5499,4.6885,2.0771,4.1543,6.1317,8.4025,10.5031,18.5864,3.9466,-2.0771,2.528253,4.474023,1.127938,29,192,48,6,0.01915741,0.01232650,0.05216444,0E-8,0.000000,0.903271,0.017936,-0.04061604,2026-05-16,2026-07-20,31,1797,733,66,0.469697,0.970424,0.970991,0.063858,,,,,,,,GLOBAL_BASELINE_NO_ENTITY_RANKING,,,NOT_APPLICABLE_GLOBAL_BASELINE,HF9g-P5,,,,X 全窗基线 · 不参与实体赏罚,8395563,840,A168_HF9F_20260827_0900,2026-08-27 09:00:00
2026-06-16,150107794,1396,0,55.2520615666,-3.8115613901,-3.8115613901,0.4000000,7,5,0.47239454889666945,0.422900600000,-0.32425284309976143,-0.10365431864273796,-0.32425284309976143,0.04949394889666945,ELIGIBLE,R03b_20260811_FULL_v1,L1_ELIGIBILITY,v2026-08-11,2026-03-21..2026-08-06,baccarat_bet02_101_all_pairs_incl_sentinel,round_win = game_pnl > 0 (decisive only),COMPATIBILITY_ONLY_NOT_PRODUCTION,39187.2093,35396.6747,483.0410,8363,6242,-0.01232650,-0.05216444,-0.01154840,-0.01232650,-483.0410,39187.2093,OK,0.0000,19.3216,4.0000,96.0000,AG03-UNRESOLVED,ALL5_LEVELS_bet23_to_bet27,19.3216,19.3216,19.3216,0.0000,0.0000,4.000000,4.000000,4.000000,0.000000,0.000000,96.000000,96.000000,96.000000,100.000000,100.000000,5.0,57.9649,55.6772,425.0761,427.3638,PENDING_AG03,FALSE,NOT_FOR_ENFORCEMENT,463.7194,33980.8077,483.0410,463.7194,19.3216,0.01232650,0.01183344,19.3216,463.7194,0.01183344,19.3216,19.3216,19.3216,0.0000,0.0000,463.7194,0.01183344,57.9649,55.6772,425.0761,427.3638,0.01084732,0.0109057,0.00049306,4.6858,5.6707,0.0774,15.5820,0.2688,1264.1035,201.3548,4.5499,4.6885,2.0771,4.1543,6.1317,8.4025,10.5031,18.5864,3.9466,-2.0771,2.528253,4.474023,1.127938,29,192,48,6,0.01915741,0.01232650,0.05216444,0E-8,0.000000,0.903271,0.017936,-0.04061604,2026-05-16,2026-07-20,31,1797,733,66,0.469697,0.970424,0.970991,0.063858,,,,,,,,GLOBAL_BASELINE_NO_ENTITY_RANKING,,,NOT_APPLICABLE_GLOBAL_BASELINE,HF9g-P5,,,,X 全窗基线 · 不参与实体赏罚,8395564,840,A168_HF9F_20260827_0900,2026-08-27 09:00:00
2026-06-16,150107794,1400,0,35.3114679187,4.7462767171,4.7462767171,0.6666667,11,9,0.46300420833303716,0.451930800000,1.2253335536019718,1.2944109422910508,1.2253335536019718,0.01107340833303716,ELIGIBLE,R03b_20260811_FULL_v1,L1_ELIGIBILITY,v2026-08-11,2026-03-21..2026-08-06,baccarat_bet02_101_all_pairs_incl_sentinel,round_win = game_pnl > 0 (decisive only),COMPATIBILITY_ONLY_NOT_PRODUCTION,39187.2093,35396.6747,483.0410,8363,6242,-0.01232650,-0.05216444,-0.01154840,-0.01232650,-483.0410,39187.2093,OK,0.0000,19.3216,4.0000,96.0000,AG03-UNRESOLVED,ALL5_LEVELS_bet23_to_bet27,19.3216,19.3216,19.3216,0.0000,0.0000,4.000000,4.000000,4.000000,0.000000,0.000000,96.000000,96.000000,96.000000,100.000000,100.000000,5.0,57.9649,55.6772,425.0761,427.3638,PENDING_AG03,FALSE,NOT_FOR_ENFORCEMENT,463.7194,33980.8077,483.0410,463.7194,19.3216,0.01232650,0.01183344,19.3216,463.7194,0.01183344,19.3216,19.3216,19.3216,0.0000,0.0000,463.7194,0.01183344,57.9649,55.6772,425.0761,427.3638,0.01084732,0.0109057,0.00049306,4.6858,5.6707,0.0774,15.5820,0.2688,1264.1035,201.3548,4.5499,4.6885,2.0771,4.1543,6.1317,8.4025,10.5031,18.5864,3.9466,-2.0771,2.528253,4.474023,1.127938,29,192,48,6,0.01915741,0.01232650,0.05216444,0E-8,0.000000,0.903271,0.017936,-0.04061604,2026-05-16,2026-07-20,31,1797,733,66,0.469697,0.970424,0.970991,0.063858,,,,,,,,GLOBAL_BASELINE_NO_ENTITY_RANKING,,,NOT_APPLICABLE_GLOBAL_BASELINE,HF9g-P5,,,,X 全窗基线 · 不参与实体赏罚,8395565,840,A168_HF9F_20260827_0900,2026-08-27 09:00:00
2026-06-16,150107794,1490,0,20.9791662340,-1.5370874271,-1.5370874271,0.5000000,4,4,0.50665070000000000,0.506650700000,-0.02660515369234503,-0.02660515369234503,-0.02660515369234503,0E-17,ELIGIBLE,R03b_20260811_FULL_v1,L1_ELIGIBILITY,v2026-08-11,2026-03-21..2026-08-06,baccarat_bet02_101_all_pairs_incl_sentinel,round_win = game_pnl > 0 (decisive only),COMPATIBILITY_ONLY_NOT_PRODUCTION,39187.2093,35396.6747,483.0410,8363,6242,-0.01232650,-0.05216444,-0.01154840,-0.01232650,-483.0410,39187.2093,OK,0.0000,19.3216,4.0000,96.0000,AG03-UNRESOLVED,ALL5_LEVELS_bet23_to_bet27,19.3216,19.3216,19.3216,0.0000,0.0000,4.000000,4.000000,4.000000,0.000000,0.000000,96.000000,96.000000,96.000000,100.000000,100.000000,5.0,57.9649,55.6772,425.0761,427.3638,PENDING_AG03,FALSE,NOT_FOR_ENFORCEMENT,463.7194,33980.8077,483.0410,463.7194,19.3216,0.01232650,0.01183344,19.3216,463.7194,0.01183344,19.3216,19.3216,19.3216,0.0000,0.0000,463.7194,0.01183344,57.9649,55.6772,425.0761,427.3638,0.01084732,0.0109057,0.00049306,4.6858,5.6707,0.0774,15.5820,0.2688,1264.1035,201.3548,4.5499,4.6885,2.0771,4.1543,6.1317,8.4025,10.5031,18.5864,3.9466,-2.0771,2.528253,4.474023,1.127938,29,192,48,6,0.01915741,0.01232650,0.05216444,0E-8,0.000000,0.903271,0.017936,-0.04061604,2026-05-16,2026-07-20,31,1797,733,66,0.469697,0.970424,0.970991,0.063858,,,,,,,,GLOBAL_BASELINE_NO_ENTITY_RANKING,,,NOT_APPLICABLE_GLOBAL_BASELINE,HF9g-P5,,,,X 全窗基线 · 不参与实体赏罚,8395566,840,A168_HF9F_20260827_0900,2026-08-27 09:00:00
2026-06-16,150107794,1505,0,151.0084539811,37.1808985728,37.1808985728,0.6363636,17,11,0.45962870966113670,0.387571400000,1.1761670784477902,1.693673037351159,1.1761670784477902,0.07205730966113670,ELIGIBLE,R03b_20260811_FULL_v1,L1_ELIGIBILITY,v2026-08-11,2026-03-21..2026-08-06,baccarat_bet02_101_all_pairs_incl_sentinel,round_win = game_pnl > 0 (decisive only),COMPATIBILITY_ONLY_NOT_PRODUCTION,39187.2093,35396.6747,483.0410,8363,6242,-0.01232650,-0.05216444,-0.01154840,-0.01232650,-483.0410,39187.2093,OK,0.0000,19.3216,4.0000,96.0000,AG03-UNRESOLVED,ALL5_LEVELS_bet23_to_bet27,19.3216,19.3216,19.3216,0.0000,0.0000,4.000000,4.000000,4.000000,0.000000,0.000000,96.000000,96.000000,96.000000,100.000000,100.000000,5.0,57.9649,55.6772,425.0761,427.3638,PENDING_AG03,FALSE,NOT_FOR_ENFORCEMENT,463.7194,33980.8077,483.0410,463.7194,19.3216,0.01232650,0.01183344,19.3216,463.7194,0.01183344,19.3216,19.3216,19.3216,0.0000,0.0000,463.7194,0.01183344,57.9649,55.6772,425.0761,427.3638,0.01084732,0.0109057,0.00049306,4.6858,5.6707,0.0774,15.5820,0.2688,1264.1035,201.3548,4.5499,4.6885,2.0771,4.1543,6.1317,8.4025,10.5031,18.5864,3.9466,-2.0771,2.528253,4.474023,1.127938,29,192,48,6,0.01915741,0.01232650,0.05216444,0E-8,0.000000,0.903271,0.017936,-0.04061604,2026-05-16,2026-07-20,31,1797,733,66,0.469697,0.970424,0.970991,0.063858,,,,,,,,GLOBAL_BASELINE_NO_ENTITY_RANKING,,,NOT_APPLICABLE_GLOBAL_BASELINE,HF9g-P5,,,,X 全窗基线 · 不参与实体赏罚,8395567,840,A168_HF9F_20260827_0900,2026-08-27 09:00:00
2026-06-16,150107794,1940,0,22.8485968885,-14.5400162018,-14.5400162018,0E-7,3,2,0.44299914285675119,0.400287425000,-0.8918124094731982,-0.8169855886709065,-0.8918124094731982,0.04271171785675119,ELIGIBLE,R03b_20260811_FULL_v1,L1_ELIGIBILITY,v2026-08-11,2026-03-21..2026-08-06,baccarat_bet02_101_all_pairs_incl_sentinel,round_win = game_pnl > 0 (decisive only),COMPATIBILITY_ONLY_NOT_PRODUCTION,39187.2093,35396.6747,483.0410,8363,6242,-0.01232650,-0.05216444,-0.01154840,-0.01232650,-483.0410,39187.2093,OK,0.0000,19.3216,4.0000,96.0000,AG03-UNRESOLVED,ALL5_LEVELS_bet23_to_bet27,19.3216,19.3216,19.3216,0.0000,0.0000,4.000000,4.000000,4.000000,0.000000,0.000000,96.000000,96.000000,96.000000,100.000000,100.000000,5.0,57.9649,55.6772,425.0761,427.3638,PENDING_AG03,FALSE,NOT_FOR_ENFORCEMENT,463.7194,33980.8077,483.0410,463.7194,19.3216,0.01232650,0.01183344,19.3216,463.7194,0.01183344,19.3216,19.3216,19.3216,0.0000,0.0000,463.7194,0.01183344,57.9649,55.6772,425.0761,427.3638,0.01084732,0.0109057,0.00049306,4.6858,5.6707,0.0774,15.5820,0.2688,1264.1035,201.3548,4.5499,4.6885,2.0771,4.1543,6.1317,8.4025,10.5031,18.5864,3.9466,-2.0771,2.528253,4.474023,1.127938,29,192,48,6,0.01915741,0.01232650,0.05216444,0E-8,0.000000,0.903271,0.017936,-0.04061604,2026-05-16,2026-07-20,31,1797,733,66,0.469697,0.970424,0.970991,0.063858,,,,,,,,GLOBAL_BASELINE_NO_ENTITY_RANKING,,,NOT_APPLICABLE_GLOBAL_BASELINE,HF9g-P5,,,,X 全窗基线 · 不参与实体赏罚,8395568,840,A168_HF9F_20260827_0900,2026-08-27 09:00:00
2026-06-16,150107794,1941,0,2.0771451717,1.9732879131,1.9732879131,1.0000000,1,1,0.50665070000000000,0.506650700000,0.9867858985152569,0.9867858985152569,0.9867858985152569,0E-17,ELIGIBLE,R03b_20260811_FULL_v1,L1_ELIGIBILITY,v2026-08-11,2026-03-21..2026-08-06,baccarat_bet02_101_all_pairs_incl_sentinel,round_win = game_pnl > 0 (decisive only),COMPATIBILITY_ONLY_NOT_PRODUCTION,39187.2093,35396.6747,483.0410,8363,6242,-0.01232650,-0.05216444,-0.01154840,-0.01232650,-483.0410,39187.2093,OK,0.0000,19.3216,4.0000,96.0000,AG03-UNRESOLVED,ALL5_LEVELS_bet23_to_bet27,19.3216,19.3216,19.3216,0.0000,0.0000,4.000000,4.000000,4.000000,0.000000,0.000000,96.000000,96.000000,96.000000,100.000000,100.000000,5.0,57.9649,55.6772,425.0761,427.3638,PENDING_AG03,FALSE,NOT_FOR_ENFORCEMENT,463.7194,33980.8077,483.0410,463.7194,19.3216,0.01232650,0.01183344,19.3216,463.7194,0.01183344,19.3216,19.3216,19.3216,0.0000,0.0000,463.7194,0.01183344,57.9649,55.6772,425.0761,427.3638,0.01084732,0.0109057,0.00049306,4.6858,5.6707,0.0774,15.5820,0.2688,1264.1035,201.3548,4.5499,4.6885,2.0771,4.1543,6.1317,8.4025,10.5031,18.5864,3.9466,-2.0771,2.528253,4.474023,1.127938,29,192,48,6,0.01915741,0.01232650,0.05216444,0E-8,0.000000,0.903271,0.017936,-0.04061604,2026-05-16,2026-07-20,31,1797,733,66,0.469697,0.970424,0.970991,0.063858,,,,,,,,GLOBAL_BASELINE_NO_ENTITY_RANKING,,,NOT_APPLICABLE_GLOBAL_BASELINE,HF9g-P5,,,,X 全窗基线 · 不参与实体赏罚,8395569,840,A168_HF9F_20260827_0900,2026-08-27 09:00:00
2026-06-16,150107794,1963,0,40.2966163305,-4.1542903434,-4.1542903434,0.5000000,6,4,0.46216282999957343,0.398611775000,0.15178390728703206,0.4141569880160188,0.15178390728703206,0.06355105499957343,ELIGIBLE,R03b_20260811_FULL_v1,L1_ELIGIBILITY,v2026-08-11,2026-03-21..2026-08-06,baccarat_bet02_101_all_pairs_incl_sentinel,round_win = game_pnl > 0 (decisive only),COMPATIBILITY_ONLY_NOT_PRODUCTION,39187.2093,35396.6747,483.0410,8363,6242,-0.01232650,-0.05216444,-0.01154840,-0.01232650,-483.0410,39187.2093,OK,0.0000,19.3216,4.0000,96.0000,AG03-UNRESOLVED,ALL5_LEVELS_bet23_to_bet27,19.3216,19.3216,19.3216,0.0000,0.0000,4.000000,4.000000,4.000000,0.000000,0.000000,96.000000,96.000000,96.000000,100.000000,100.000000,5.0,57.9649,55.6772,425.0761,427.3638,PENDING_AG03,FALSE,NOT_FOR_ENFORCEMENT,463.7194,33980.8077,483.0410,463.7194,19.3216,0.01232650,0.01183344,19.3216,463.7194,0.01183344,19.3216,19.3216,19.3216,0.0000,0.0000,463.7194,0.01183344,57.9649,55.6772,425.0761,427.3638,0.01084732,0.0109057,0.00049306,4.6858,5.6707,0.0774,15.5820,0.2688,1264.1035,201.3548,4.5499,4.6885,2.0771,4.1543,6.1317,8.4025,10.5031,18.5864,3.9466,-2.0771,2.528253,4.474023,1.127938,29,192,48,6,0.01915741,0.01232650,0.05216444,0E-8,0.000000,0.903271,0.017936,-0.04061604,2026-05-16,2026-07-20,31,1797,733,66,0.469697,0.970424,0.970991,0.063858,,,,,,,,GLOBAL_BASELINE_NO_ENTITY_RANKING,,,NOT_APPLICABLE_GLOBAL_BASELINE,HF9g-P5,,,,X 全窗基线 · 不参与实体赏罚,8395570,840,A168_HF9F_20260827_0900,2026-08-27 09:00:00
2026-06-16,150107794,1966,0,97.2103940346,41.8233180319,41.8233180319,0.8461538,17,14,0.47975792448965314,0.458193896429,2.6442864023731905,2.807449636646511,2.6442864023731905,0.02156402806065314,ELIGIBLE,R03b_20260811_FULL_v1,L1_ELIGIBILITY,v2026-08-11,2026-03-21..2026-08-06,baccarat_bet02_101_all_pairs_incl_sentinel,round_win = game_pnl > 0 (decisive only),COMPATIBILITY_ONLY_NOT_PRODUCTION,39187.2093,35396.6747,483.0410,8363,6242,-0.01232650,-0.05216444,-0.01154840,-0.01232650,-483.0410,39187.2093,OK,0.0000,19.3216,4.0000,96.0000,AG03-UNRESOLVED,ALL5_LEVELS_bet23_to_bet27,19.3216,19.3216,19.3216,0.0000,0.0000,4.000000,4.000000,4.000000,0.000000,0.000000,96.000000,96.000000,96.000000,100.000000,100.000000,5.0,57.9649,55.6772,425.0761,427.3638,PENDING_AG03,FALSE,NOT_FOR_ENFORCEMENT,463.7194,33980.8077,483.0410,463.7194,19.3216,0.01232650,0.01183344,19.3216,463.7194,0.01183344,19.3216,19.3216,19.3216,0.0000,0.0000,463.7194,0.01183344,57.9649,55.6772,425.0761,427.3638,0.01084732,0.0109057,0.00049306,4.6858,5.6707,0.0774,15.5820,0.2688,1264.1035,201.3548,4.5499,4.6885,2.0771,4.1543,6.1317,8.4025,10.5031,18.5864,3.9466,-2.0771,2.528253,4.474023,1.127938,29,192,48,6,0.01915741,0.01232650,0.05216444,0E-8,0.000000,0.903271,0.017936,-0.04061604,2026-05-16,2026-07-20,31,1797,733,66,0.469697,0.970424,0.970991,0.063858,,,,,,,,GLOBAL_BASELINE_NO_ENTITY_RANKING,,,NOT_APPLICABLE_GLOBAL_BASELINE,HF9g-P5,,,,X 全窗基线 · 不参与实体赏罚,8395571,840,A168_HF9F_20260827_0900,2026-08-27 09:00:00
2026-06-16,150107794,1985,0,10.3857258584,-10.3857258584,-10.3857258584,0E-7,2,1,0.41351695999923233,0.293924150000,-0.8396899096186603,-0.6451964315166089,-0.8396899096186603,0.11959280999923233,ELIGIBLE,R03b_20260811_FULL_v1,L1_ELIGIBILITY,v2026-08-11,2026-03-21..2026-08-06,baccarat_bet02_101_all_pairs_incl_sentinel,round_win = game_pnl > 0 (decisive only),COMPATIBILITY_ONLY_NOT_PRODUCTION,39187.2093,35396.6747,483.0410,8363,6242,-0.01232650,-0.05216444,-0.01154840,-0.01232650,-483.0410,39187.2093,OK,0.0000,19.3216,4.0000,96.0000,AG03-UNRESOLVED,ALL5_LEVELS_bet23_to_bet27,19.3216,19.3216,19.3216,0.0000,0.0000,4.000000,4.000000,4.000000,0.000000,0.000000,96.000000,96.000000,96.000000,100.000000,100.000000,5.0,57.9649,55.6772,425.0761,427.3638,PENDING_AG03,FALSE,NOT_FOR_ENFORCEMENT,463.7194,33980.8077,483.0410,463.7194,19.3216,0.01232650,0.01183344,19.3216,463.7194,0.01183344,19.3216,19.3216,19.3216,0.0000,0.0000,463.7194,0.01183344,57.9649,55.6772,425.0761,427.3638,0.01084732,0.0109057,0.00049306,4.6858,5.6707,0.0774,15.5820,0.2688,1264.1035,201.3548,4.5499,4.6885,2.0771,4.1543,6.1317,8.4025,10.5031,18.5864,3.9466,-2.0771,2.528253,4.474023,1.127938,29,192,48,6,0.01915741,0.01232650,0.05216444,0E-8,0.000000,0.903271,0.017936,-0.04061604,2026-05-16,2026-07-20,31,1797,733,66,0.469697,0.970424,0.970991,0.063858,,,,,,,,GLOBAL_BASELINE_NO_ENTITY_RANKING,,,NOT_APPLICABLE_GLOBAL_BASELINE,HF9g-P5,,,,X 全窗基线 · 不参与实体赏罚,8395572,840,A168_HF9F_20260827_0900,2026-08-27 09:00:00
2026-06-16,150107794,1990,0,16.6171613735,-16.6171613735,-16.6171613735,0E-7,4,2,0.36371589999973345,0.297275450000,-1.0692286959312212,-0.9198181129370825,-1.0692286959312212,0.06644044999973345,ELIGIBLE,R03b_20260811_FULL_v1,L1_ELIGIBILITY,v2026-08-11,2026-03-21..2026-08-06,baccarat_bet02_101_all_pairs_incl_sentinel,round_win = game_pnl > 0 (decisive only),COMPATIBILITY_ONLY_NOT_PRODUCTION,39187.2093,35396.6747,483.0410,8363,6242,-0.01232650,-0.05216444,-0.01154840,-0.01232650,-483.0410,39187.2093,OK,0.0000,19.3216,4.0000,96.0000,AG03-UNRESOLVED,ALL5_LEVELS_bet23_to_bet27,19.3216,19.3216,19.3216,0.0000,0.0000,4.000000,4.000000,4.000000,0.000000,0.000000,96.000000,96.000000,96.000000,100.000000,100.000000,5.0,57.9649,55.6772,425.0761,427.3638,PENDING_AG03,FALSE,NOT_FOR_ENFORCEMENT,463.7194,33980.8077,483.0410,463.7194,19.3216,0.01232650,0.01183344,19.3216,463.7194,0.01183344,19.3216,19.3216,19.3216,0.0000,0.0000,463.7194,0.01183344,57.9649,55.6772,425.0761,427.3638,0.01084732,0.0109057,0.00049306,4.6858,5.6707,0.0774,15.5820,0.2688,1264.1035,201.3548,4.5499,4.6885,2.0771,4.1543,6.1317,8.4025,10.5031,18.5864,3.9466,-2.0771,2.528253,4.474023,1.127938,29,192,48,6,0.01915741,0.01232650,0.05216444,0E-8,0.000000,0.903271,0.017936,-0.04061604,2026-05-16,2026-07-20,31,1797,733,66,0.469697,0.970424,0.970991,0.063858,,,,,,,,GLOBAL_BASELINE_NO_ENTITY_RANKING,,,NOT_APPLICABLE_GLOBAL_BASELINE,HF9g-P5,,,,X 全窗基线 · 不参与实体赏罚,8395573,840,A168_HF9F_20260827_0900,2026-08-27 09:00:00
2026-06-16,150107794,1994,0,96.5872504830,14.7581164446,14.7581164446,0.6818182,29,24,0.47304682649376463,0.459260643750,1.961300649785803,2.09473960511697,1.961300649785803,0.01378618274376463,ELIGIBLE,R03b_20260811_FULL_v1,L1_ELIGIBILITY,v2026-08-11,2026-03-21..2026-08-06,baccarat_bet02_101_all_pairs_incl_sentinel,round_win = game_pnl > 0 (decisive only),COMPATIBILITY_ONLY_NOT_PRODUCTION,39187.2093,35396.6747,483.0410,8363,6242,-0.01232650,-0.05216444,-0.01154840,-0.01232650,-483.0410,39187.2093,OK,0.0000,19.3216,4.0000,96.0000,AG03-UNRESOLVED,ALL5_LEVELS_bet23_to_bet27,19.3216,19.3216,19.3216,0.0000,0.0000,4.000000,4.000000,4.000000,0.000000,0.000000,96.000000,96.000000,96.000000,100.000000,100.000000,5.0,57.9649,55.6772,425.0761,427.3638,PENDING_AG03,FALSE,NOT_FOR_ENFORCEMENT,463.7194,33980.8077,483.0410,463.7194,19.3216,0.01232650,0.01183344,19.3216,463.7194,0.01183344,19.3216,19.3216,19.3216,0.0000,0.0000,463.7194,0.01183344,57.9649,55.6772,425.0761,427.3638,0.01084732,0.0109057,0.00049306,4.6858,5.6707,0.0774,15.5820,0.2688,1264.1035,201.3548,4.5499,4.6885,2.0771,4.1543,6.1317,8.4025,10.5031,18.5864,3.9466,-2.0771,2.528253,4.474023,1.127938,29,192,48,6,0.01915741,0.01232650,0.05216444,0E-8,0.000000,0.903271,0.017936,-0.04061604,2026-05-16,2026-07-20,31,1797,733,66,0.469697,0.970424,0.970991,0.063858,,,,,,,,GLOBAL_BASELINE_NO_ENTITY_RANKING,,,NOT_APPLICABLE_GLOBAL_BASELINE,HF9g-P5,,,,X 全窗基线 · 不参与实体赏罚,8395574,840,A168_HF9F_20260827_0900,2026-08-27 09:00:00
2026-06-16,150107794,2101,0,38.2194711591,-3.5415325179,-3.5415325179,0.5454545,12,11,0.48426528636363636,0.484265286364,0.4060847549291465,0.40608475492672386,0.4060847549291465,-3.6364E-13,ELIGIBLE,R03b_20260811_FULL_v1,L1_ELIGIBILITY,v2026-08-11,2026-03-21..2026-08-06,baccarat_bet02_101_all_pairs_incl_sentinel,round_win = game_pnl > 0 (decisive only),COMPATIBILITY_ONLY_NOT_PRODUCTION,39187.2093,35396.6747,483.0410,8363,6242,-0.01232650,-0.05216444,-0.01154840,-0.01232650,-483.0410,39187.2093,OK,0.0000,19.3216,4.0000,96.0000,AG03-UNRESOLVED,ALL5_LEVELS_bet23_to_bet27,19.3216,19.3216,19.3216,0.0000,0.0000,4.000000,4.000000,4.000000,0.000000,0.000000,96.000000,96.000000,96.000000,100.000000,100.000000,5.0,57.9649,55.6772,425.0761,427.3638,PENDING_AG03,FALSE,NOT_FOR_ENFORCEMENT,463.7194,33980.8077,483.0410,463.7194,19.3216,0.01232650,0.01183344,19.3216,463.7194,0.01183344,19.3216,19.3216,19.3216,0.0000,0.0000,463.7194,0.01183344,57.9649,55.6772,425.0761,427.3638,0.01084732,0.0109057,0.00049306,4.6858,5.6707,0.0774,15.5820,0.2688,1264.1035,201.3548,4.5499,4.6885,2.0771,4.1543,6.1317,8.4025,10.5031,18.5864,3.9466,-2.0771,2.528253,4.474023,1.127938,29,192,48,6,0.01915741,0.01232650,0.05216444,0E-8,0.000000,0.903271,0.017936,-0.04061604,2026-05-16,2026-07-20,31,1797,733,66,0.469697,0.970424,0.970991,0.063858,,,,,,,,GLOBAL_BASELINE_NO_ENTITY_RANKING,,,NOT_APPLICABLE_GLOBAL_BASELINE,HF9g-P5,,,,X 全窗基线 · 不参与实体赏罚,8395575,840,A168_HF9F_20260827_0900,2026-08-27 09:00:00
2026-06-16,150107794,2115,0,92.0175311054,-6.4391500323,-6.4391500323,0.5000000,14,8,0.43524433464137545,0.346267962500,0.36942467678833096,0.9139098043534243,0.36942467678833096,0.08897637214137545,ELIGIBLE,R03b_20260811_FULL_v1,L1_ELIGIBILITY,v2026-08-11,2026-03-21..2026-08-06,baccarat_bet02_101_all_pairs_incl_sentinel,round_win = game_pnl > 0 (decisive only),COMPATIBILITY_ONLY_NOT_PRODUCTION,39187.2093,35396.6747,483.0410,8363,6242,-0.01232650,-0.05216444,-0.01154840,-0.01232650,-483.0410,39187.2093,OK,0.0000,19.3216,4.0000,96.0000,AG03-UNRESOLVED,ALL5_LEVELS_bet23_to_bet27,19.3216,19.3216,19.3216,0.0000,0.0000,4.000000,4.000000,4.000000,0.000000,0.000000,96.000000,96.000000,96.000000,100.000000,100.000000,5.0,57.9649,55.6772,425.0761,427.3638,PENDING_AG03,FALSE,NOT_FOR_ENFORCEMENT,463.7194,33980.8077,483.0410,463.7194,19.3216,0.01232650,0.01183344,19.3216,463.7194,0.01183344,19.3216,19.3216,19.3216,0.0000,0.0000,463.7194,0.01183344,57.9649,55.6772,425.0761,427.3638,0.01084732,0.0109057,0.00049306,4.6858,5.6707,0.0774,15.5820,0.2688,1264.1035,201.3548,4.5499,4.6885,2.0771,4.1543,6.1317,8.4025,10.5031,18.5864,3.9466,-2.0771,2.528253,4.474023,1.127938,29,192,48,6,0.01915741,0.01232650,0.05216444,0E-8,0.000000,0.903271,0.017936,-0.04061604,2026-05-16,2026-07-20,31,1797,733,66,0.469697,0.970424,0.970991,0.063858,,,,,,,,GLOBAL_BASELINE_NO_ENTITY_RANKING,,,NOT_APPLICABLE_GLOBAL_BASELINE,HF9g-P5,,,,X 全窗基线 · 不参与实体赏罚,8395576,840,A168_HF9F_20260827_0900,2026-08-27 09:00:00
2026-06-16,150107794,2121,0,4.1542903434,-4.1542903434,-4.1542903434,0E-7,2,2,0.29392415000000000,0.293924150000,-0.9124455438455121,-0.9124455438455121,-0.9124455438455121,0E-17,ELIGIBLE,R03b_20260811_FULL_v1,L1_ELIGIBILITY,v2026-08-11,2026-03-21..2026-08-06,baccarat_bet02_101_all_pairs_incl_sentinel,round_win = game_pnl > 0 (decisive only),COMPATIBILITY_ONLY_NOT_PRODUCTION,39187.2093,35396.6747,483.0410,8363,6242,-0.01232650,-0.05216444,-0.01154840,-0.01232650,-483.0410,39187.2093,OK,0.0000,19.3216,4.0000,96.0000,AG03-UNRESOLVED,ALL5_LEVELS_bet23_to_bet27,19.3216,19.3216,19.3216,0.0000,0.0000,4.000000,4.000000,4.000000,0.000000,0.000000,96.000000,96.000000,96.000000,100.000000,100.000000,5.0,57.9649,55.6772,425.0761,427.3638,PENDING_AG03,FALSE,NOT_FOR_ENFORCEMENT,463.7194,33980.8077,483.0410,463.7194,19.3216,0.01232650,0.01183344,19.3216,463.7194,0.01183344,19.3216,19.3216,19.3216,0.0000,0.0000,463.7194,0.01183344,57.9649,55.6772,425.0761,427.3638,0.01084732,0.0109057,0.00049306,4.6858,5.6707,0.0774,15.5820,0.2688,1264.1035,201.3548,4.5499,4.6885,2.0771,4.1543,6.1317,8.4025,10.5031,18.5864,3.9466,-2.0771,2.528253,4.474023,1.127938,29,192,48,6,0.01915741,0.01232650,0.05216444,0E-8,0.000000,0.903271,0.017936,-0.04061604,2026-05-16,2026-07-20,31,1797,733,66,0.469697,0.970424,0.970991,0.063858,,,,,,,,GLOBAL_BASELINE_NO_ENTITY_RANKING,,,NOT_APPLICABLE_GLOBAL_BASELINE,HF9g-P5,,,,X 全窗基线 · 不参与实体赏罚,8395577,840,A168_HF9F_20260827_0900,2026-08-27 09:00:00
2026-06-16,150107794,2129,0,11.4242984443,-7.3738653595,-7.3738653595,0.2500000,4,4,0.49994810000000000,0.499948100000,-0.9997924053861017,-0.9997924053861017,-0.9997924053861017,0E-17,ELIGIBLE,R03b_20260811_FULL_v1,L1_ELIGIBILITY,v2026-08-11,2026-03-21..2026-08-06,baccarat_bet02_101_all_pairs_incl_sentinel,round_win = game_pnl > 0 (decisive only),COMPATIBILITY_ONLY_NOT_PRODUCTION,39187.2093,35396.6747,483.0410,8363,6242,-0.01232650,-0.05216444,-0.01154840,-0.01232650,-483.0410,39187.2093,OK,0.0000,19.3216,4.0000,96.0000,AG03-UNRESOLVED,ALL5_LEVELS_bet23_to_bet27,19.3216,19.3216,19.3216,0.0000,0.0000,4.000000,4.000000,4.000000,0.000000,0.000000,96.000000,96.000000,96.000000,100.000000,100.000000,5.0,57.9649,55.6772,425.0761,427.3638,PENDING_AG03,FALSE,NOT_FOR_ENFORCEMENT,463.7194,33980.8077,483.0410,463.7194,19.3216,0.01232650,0.01183344,19.3216,463.7194,0.01183344,19.3216,19.3216,19.3216,0.0000,0.0000,463.7194,0.01183344,57.9649,55.6772,425.0761,427.3638,0.01084732,0.0109057,0.00049306,4.6858,5.6707,0.0774,15.5820,0.2688,1264.1035,201.3548,4.5499,4.6885,2.0771,4.1543,6.1317,8.4025,10.5031,18.5864,3.9466,-2.0771,2.528253,4.474023,1.127938,29,192,48,6,0.01915741,0.01232650,0.05216444,0E-8,0.000000,0.903271,0.017936,-0.04061604,2026-05-16,2026-07-20,31,1797,733,66,0.469697,0.970424,0.970991,0.063858,,,,,,,,GLOBAL_BASELINE_NO_ENTITY_RANKING,,,NOT_APPLICABLE_GLOBAL_BASELINE,HF9g-P5,,,,X 全窗基线 · 不参与实体赏罚,8395578,840,A168_HF9F_20260827_0900,2026-08-27 09:00:00
2026-06-16,150107794,2142,0,49.8514841203,8.3085806867,8.3085806867,0.6666667,5,3,0.46916477666637545,0.362598800000,0.6854713653204004,1.095497863370407,0.6854713653204004,0.10656597666637545,ELIGIBLE,R03b_20260811_FULL_v1,L1_ELIGIBILITY,v2026-08-11,2026-03-21..2026-08-06,baccarat_bet02_101_all_pairs_incl_sentinel,round_win = game_pnl > 0 (decisive only),COMPATIBILITY_ONLY_NOT_PRODUCTION,39187.2093,35396.6747,483.0410,8363,6242,-0.01232650,-0.05216444,-0.01154840,-0.01232650,-483.0410,39187.2093,OK,0.0000,19.3216,4.0000,96.0000,AG03-UNRESOLVED,ALL5_LEVELS_bet23_to_bet27,19.3216,19.3216,19.3216,0.0000,0.0000,4.000000,4.000000,4.000000,0.000000,0.000000,96.000000,96.000000,96.000000,100.000000,100.000000,5.0,57.9649,55.6772,425.0761,427.3638,PENDING_AG03,FALSE,NOT_FOR_ENFORCEMENT,463.7194,33980.8077,483.0410,463.7194,19.3216,0.01232650,0.01183344,19.3216,463.7194,0.01183344,19.3216,19.3216,19.3216,0.0000,0.0000,463.7194,0.01183344,57.9649,55.6772,425.0761,427.3638,0.01084732,0.0109057,0.00049306,4.6858,5.6707,0.0774,15.5820,0.2688,1264.1035,201.3548,4.5499,4.6885,2.0771,4.1543,6.1317,8.4025,10.5031,18.5864,3.9466,-2.0771,2.528253,4.474023,1.127938,29,192,48,6,0.01915741,0.01232650,0.05216444,0E-8,0.000000,0.903271,0.017936,-0.04061604,2026-05-16,2026-07-20,31,1797,733,66,0.469697,0.970424,0.970991,0.063858,,,,,,,,GLOBAL_BASELINE_NO_ENTITY_RANKING,,,NOT_APPLICABLE_GLOBAL_BASELINE,HF9g-P5,,,,X 全窗基线 · 不参与实体赏罚,8395579,840,A168_HF9F_20260827_0900,2026-08-27 09:00:00
2026-06-16,150107794,2147,0,46.3203373286,7.1453793905,7.1453793905,0.6666667,9,9,0.50367176666666667,0.503671766667,0.9779957707801055,0.9779957707781104,0.9779957707801055,-3.3333E-13,ELIGIBLE,R03b_20260811_FULL_v1,L1_ELIGIBILITY,v2026-08-11,2026-03-21..2026-08-06,baccarat_bet02_101_all_pairs_incl_sentinel,round_win = game_pnl > 0 (decisive only),COMPATIBILITY_ONLY_NOT_PRODUCTION,39187.2093,35396.6747,483.0410,8363,6242,-0.01232650,-0.05216444,-0.01154840,-0.01232650,-483.0410,39187.2093,OK,0.0000,19.3216,4.0000,96.0000,AG03-UNRESOLVED,ALL5_LEVELS_bet23_to_bet27,19.3216,19.3216,19.3216,0.0000,0.0000,4.000000,4.000000,4.000000,0.000000,0.000000,96.000000,96.000000,96.000000,100.000000,100.000000,5.0,57.9649,55.6772,425.0761,427.3638,PENDING_AG03,FALSE,NOT_FOR_ENFORCEMENT,463.7194,33980.8077,483.0410,463.7194,19.3216,0.01232650,0.01183344,19.3216,463.7194,0.01183344,19.3216,19.3216,19.3216,0.0000,0.0000,463.7194,0.01183344,57.9649,55.6772,425.0761,427.3638,0.01084732,0.0109057,0.00049306,4.6858,5.6707,0.0774,15.5820,0.2688,1264.1035,201.3548,4.5499,4.6885,2.0771,4.1543,6.1317,8.4025,10.5031,18.5864,3.9466,-2.0771,2.528253,4.474023,1.127938,29,192,48,6,0.01915741,0.01232650,0.05216444,0E-8,0.000000,0.903271,0.017936,-0.04061604,2026-05-16,2026-07-20,31,1797,733,66,0.469697,0.970424,0.970991,0.063858,,,,,,,,GLOBAL_BASELINE_NO_ENTITY_RANKING,,,NOT_APPLICABLE_GLOBAL_BASELINE,HF9g-P5,,,,X 全窗基线 · 不参与实体赏罚,8395580,840,A168_HF9F_20260827_0900,2026-08-27 09:00:00
2026-06-16,150107794,2167,0,19.1097355794,-8.0177803627,-8.0177803627,0.3333333,5,4,0.47168163124970013,0.446766462500,-0.48002307046372206,-0.39519005599683676,-0.48002307046372206,0.02491516874970013,ELIGIBLE,R03b_20260811_FULL_v1,L1_ELIGIBILITY,v2026-08-11,2026-03-21..2026-08-06,baccarat_bet02_101_all_pairs_incl_sentinel,round_win = game_pnl > 0 (decisive only),COMPATIBILITY_ONLY_NOT_PRODUCTION,39187.2093,35396.6747,483.0410,8363,6242,-0.01232650,-0.05216444,-0.01154840,-0.01232650,-483.0410,39187.2093,OK,0.0000,19.3216,4.0000,96.0000,AG03-UNRESOLVED,ALL5_LEVELS_bet23_to_bet27,19.3216,19.3216,19.3216,0.0000,0.0000,4.000000,4.000000,4.000000,0.000000,0.000000,96.000000,96.000000,96.000000,100.000000,100.000000,5.0,57.9649,55.6772,425.0761,427.3638,PENDING_AG03,FALSE,NOT_FOR_ENFORCEMENT,463.7194,33980.8077,483.0410,463.7194,19.3216,0.01232650,0.01183344,19.3216,463.7194,0.01183344,19.3216,19.3216,19.3216,0.0000,0.0000,463.7194,0.01183344,57.9649,55.6772,425.0761,427.3638,0.01084732,0.0109057,0.00049306,4.6858,5.6707,0.0774,15.5820,0.2688,1264.1035,201.3548,4.5499,4.6885,2.0771,4.1543,6.1317,8.4025,10.5031,18.5864,3.9466,-2.0771,2.528253,4.474023,1.127938,29,192,48,6,0.01915741,0.01232650,0.05216444,0E-8,0.000000,0.903271,0.017936,-0.04061604,2026-05-16,2026-07-20,31,1797,733,66,0.469697,0.970424,0.970991,0.063858,,,,,,,,GLOBAL_BASELINE_NO_ENTITY_RANKING,,,NOT_APPLICABLE_GLOBAL_BASELINE,HF9g-P5,,,,X 全窗基线 · 不参与实体赏罚,8395581,840,A168_HF9F_20260827_0900,2026-08-27 09:00:00
2026-06-16,150107794,2177,0,15.1631597534,-6.9584363252,-6.9584363252,0.4000000,6,5,0.46008383000000000,0.460083830000,-0.2695634206013008,-0.2695634206013008,-0.2695634206013008,0E-17,ELIGIBLE,R03b_20260811_FULL_v1,L1_ELIGIBILITY,v2026-08-11,2026-03-21..2026-08-06,baccarat_bet02_101_all_pairs_incl_sentinel,round_win = game_pnl > 0 (decisive only),COMPATIBILITY_ONLY_NOT_PRODUCTION,39187.2093,35396.6747,483.0410,8363,6242,-0.01232650,-0.05216444,-0.01154840,-0.01232650,-483.0410,39187.2093,OK,0.0000,19.3216,4.0000,96.0000,AG03-UNRESOLVED,ALL5_LEVELS_bet23_to_bet27,19.3216,19.3216,19.3216,0.0000,0.0000,4.000000,4.000000,4.000000,0.000000,0.000000,96.000000,96.000000,96.000000,100.000000,100.000000,5.0,57.9649,55.6772,425.0761,427.3638,PENDING_AG03,FALSE,NOT_FOR_ENFORCEMENT,463.7194,33980.8077,483.0410,463.7194,19.3216,0.01232650,0.01183344,19.3216,463.7194,0.01183344,19.3216,19.3216,19.3216,0.0000,0.0000,463.7194,0.01183344,57.9649,55.6772,425.0761,427.3638,0.01084732,0.0109057,0.00049306,4.6858,5.6707,0.0774,15.5820,0.2688,1264.1035,201.3548,4.5499,4.6885,2.0771,4.1543,6.1317,8.4025,10.5031,18.5864,3.9466,-2.0771,2.528253,4.474023,1.127938,29,192,48,6,0.01915741,0.01232650,0.05216444,0E-8,0.000000,0.903271,0.017936,-0.04061604,2026-05-16,2026-07-20,31,1797,733,66,0.469697,0.970424,0.970991,0.063858,,,,,,,,GLOBAL_BASELINE_NO_ENTITY_RANKING,,,NOT_APPLICABLE_GLOBAL_BASELINE,HF9g-P5,,,,X 全窗基线 · 不参与实体赏罚,8395582,840,A168_HF9F_20260827_0900,2026-08-27 09:00:00
2026-06-16,150107794,2201,0,29.0800324035,-12.4628710301,-12.4628710301,0.3333333,6,3,0.40687291499908839,0.293924150000,-0.25928566927936303,0.14983550927745232,-0.25928566927936303,0.11294876499908839,ELIGIBLE,R03b_20260811_FULL_v1,L1_ELIGIBILITY,v2026-08-11,2026-03-21..2026-08-06,baccarat_bet02_101_all_pairs_incl_sentinel,round_win = game_pnl > 0 (decisive only),COMPATIBILITY_ONLY_NOT_PRODUCTION,39187.2093,35396.6747,483.0410,8363,6242,-0.01232650,-0.05216444,-0.01154840,-0.01232650,-483.0410,39187.2093,OK,0.0000,19.3216,4.0000,96.0000,AG03-UNRESOLVED,ALL5_LEVELS_bet23_to_bet27,19.3216,19.3216,19.3216,0.0000,0.0000,4.000000,4.000000,4.000000,0.000000,0.000000,96.000000,96.000000,96.000000,100.000000,100.000000,5.0,57.9649,55.6772,425.0761,427.3638,PENDING_AG03,FALSE,NOT_FOR_ENFORCEMENT,463.7194,33980.8077,483.0410,463.7194,19.3216,0.01232650,0.01183344,19.3216,463.7194,0.01183344,19.3216,19.3216,19.3216,0.0000,0.0000,463.7194,0.01183344,57.9649,55.6772,425.0761,427.3638,0.01084732,0.0109057,0.00049306,4.6858,5.6707,0.0774,15.5820,0.2688,1264.1035,201.3548,4.5499,4.6885,2.0771,4.1543,6.1317,8.4025,10.5031,18.5864,3.9466,-2.0771,2.528253,4.474023,1.127938,29,192,48,6,0.01915741,0.01232650,0.05216444,0E-8,0.000000,0.903271,0.017936,-0.04061604,2026-05-16,2026-07-20,31,1797,733,66,0.469697,0.970424,0.970991,0.063858,,,,,,,,GLOBAL_BASELINE_NO_ENTITY_RANKING,,,NOT_APPLICABLE_GLOBAL_BASELINE,HF9g-P5,,,,X 全窗基线 · 不参与实体赏罚,8395583,840,A168_HF9F_20260827_0900,2026-08-27 09:00:00
2026-06-16,150107794,2216,0,8.3085806867,-8.3085806867,-8.3085806867,0E-7,2,1,0.39358482499880051,0.293924150000,-0.8056272404003556,-0.6451964315166089,-0.8056272404003556,0.09966067499880051,ELIGIBLE,R03b_20260811_FULL_v1,L1_ELIGIBILITY,v2026-08-11,2026-03-21..2026-08-06,baccarat_bet02_101_all_pairs_incl_sentinel,round_win = game_pnl > 0 (decisive only),COMPATIBILITY_ONLY_NOT_PRODUCTION,39187.2093,35396.6747,483.0410,8363,6242,-0.01232650,-0.05216444,-0.01154840,-0.01232650,-483.0410,39187.2093,OK,0.0000,19.3216,4.0000,96.0000,AG03-UNRESOLVED,ALL5_LEVELS_bet23_to_bet27,19.3216,19.3216,19.3216,0.0000,0.0000,4.000000,4.000000,4.000000,0.000000,0.000000,96.000000,96.000000,96.000000,100.000000,100.000000,5.0,57.9649,55.6772,425.0761,427.3638,PENDING_AG03,FALSE,NOT_FOR_ENFORCEMENT,463.7194,33980.8077,483.0410,463.7194,19.3216,0.01232650,0.01183344,19.3216,463.7194,0.01183344,19.3216,19.3216,19.3216,0.0000,0.0000,463.7194,0.01183344,57.9649,55.6772,425.0761,427.3638,0.01084732,0.0109057,0.00049306,4.6858,5.6707,0.0774,15.5820,0.2688,1264.1035,201.3548,4.5499,4.6885,2.0771,4.1543,6.1317,8.4025,10.5031,18.5864,3.9466,-2.0771,2.528253,4.474023,1.127938,29,192,48,6,0.01915741,0.01232650,0.05216444,0E-8,0.000000,0.903271,0.017936,-0.04061604,2026-05-16,2026-07-20,31,1797,733,66,0.469697,0.970424,0.970991,0.063858,,,,,,,,GLOBAL_BASELINE_NO_ENTITY_RANKING,,,NOT_APPLICABLE_GLOBAL_BASELINE,HF9g-P5,,,,X 全窗基线 · 不参与实体赏罚,8395584,840,A168_HF9F_20260827_0900,2026-08-27 09:00:00
2026-06-16,150107794,2235,0,80.3855181442,-21.3011237358,-21.3011237358,0.5000000,26,21,0.46458032665582077,0.451378664286,0.301302846275622,0.4145302973695283,0.301302846275622,0.01320166236982077,ELIGIBLE,R03b_20260811_FULL_v1,L1_ELIGIBILITY,v2026-08-11,2026-03-21..2026-08-06,baccarat_bet02_101_all_pairs_incl_sentinel,round_win = game_pnl > 0 (decisive only),COMPATIBILITY_ONLY_NOT_PRODUCTION,39187.2093,35396.6747,483.0410,8363,6242,-0.01232650,-0.05216444,-0.01154840,-0.01232650,-483.0410,39187.2093,OK,0.0000,19.3216,4.0000,96.0000,AG03-UNRESOLVED,ALL5_LEVELS_bet23_to_bet27,19.3216,19.3216,19.3216,0.0000,0.0000,4.000000,4.000000,4.000000,0.000000,0.000000,96.000000,96.000000,96.000000,100.000000,100.000000,5.0,57.9649,55.6772,425.0761,427.3638,PENDING_AG03,FALSE,NOT_FOR_ENFORCEMENT,463.7194,33980.8077,483.0410,463.7194,19.3216,0.01232650,0.01183344,19.3216,463.7194,0.01183344,19.3216,19.3216,19.3216,0.0000,0.0000,463.7194,0.01183344,57.9649,55.6772,425.0761,427.3638,0.01084732,0.0109057,0.00049306,4.6858,5.6707,0.0774,15.5820,0.2688,1264.1035,201.3548,4.5499,4.6885,2.0771,4.1543,6.1317,8.4025,10.5031,18.5864,3.9466,-2.0771,2.528253,4.474023,1.127938,29,192,48,6,0.01915741,0.01232650,0.05216444,0E-8,0.000000,0.903271,0.017936,-0.04061604,2026-05-16,2026-07-20,31,1797,733,66,0.469697,0.970424,0.970991,0.063858,,,,,,,,GLOBAL_BASELINE_NO_ENTITY_RANKING,,,NOT_APPLICABLE_GLOBAL_BASELINE,HF9g-P5,,,,X 全窗基线 · 不参与实体赏罚,8395585,840,A168_HF9F_20260827_0900,2026-08-27 09:00:00
2026-06-16,150107794,2241,0,7.6854371352,0.2077145172,0.2077145172,0.5000000,2,2,0.49324550000000000,0.493245500000,0.01910635448239258,0.01910635448239258,0.01910635448239258,0E-17,ELIGIBLE,R03b_20260811_FULL_v1,L1_ELIGIBILITY,v2026-08-11,2026-03-21..2026-08-06,baccarat_bet02_101_all_pairs_incl_sentinel,round_win = game_pnl > 0 (decisive only),COMPATIBILITY_ONLY_NOT_PRODUCTION,39187.2093,35396.6747,483.0410,8363,6242,-0.01232650,-0.05216444,-0.01154840,-0.01232650,-483.0410,39187.2093,OK,0.0000,19.3216,4.0000,96.0000,AG03-UNRESOLVED,ALL5_LEVELS_bet23_to_bet27,19.3216,19.3216,19.3216,0.0000,0.0000,4.000000,4.000000,4.000000,0.000000,0.000000,96.000000,96.000000,96.000000,100.000000,100.000000,5.0,57.9649,55.6772,425.0761,427.3638,PENDING_AG03,FALSE,NOT_FOR_ENFORCEMENT,463.7194,33980.8077,483.0410,463.7194,19.3216,0.01232650,0.01183344,19.3216,463.7194,0.01183344,19.3216,19.3216,19.3216,0.0000,0.0000,463.7194,0.01183344,57.9649,55.6772,425.0761,427.3638,0.01084732,0.0109057,0.00049306,4.6858,5.6707,0.0774,15.5820,0.2688,1264.1035,201.3548,4.5499,4.6885,2.0771,4.1543,6.1317,8.4025,10.5031,18.5864,3.9466,-2.0771,2.528253,4.474023,1.127938,29,192,48,6,0.01915741,0.01232650,0.05216444,0E-8,0.000000,0.903271,0.017936,-0.04061604,2026-05-16,2026-07-20,31,1797,733,66,0.469697,0.970424,0.970991,0.063858,,,,,,,,GLOBAL_BASELINE_NO_ENTITY_RANKING,,,NOT_APPLICABLE_GLOBAL_BASELINE,HF9g-P5,,,,X 全窗基线 · 不参与实体赏罚,8395586,840,A168_HF9F_20260827_0900,2026-08-27 09:00:00
2026-06-16,150107794,2248,0,2.0771451717,-2.0771451717,-2.0771451717,0E-7,1,1,0.50665070000000000,0.506650700000,-1.013391052207602,-1.013391052207602,-1.013391052207602,0E-17,ELIGIBLE,R03b_20260811_FULL_v1,L1_ELIGIBILITY,v2026-08-11,2026-03-21..2026-08-06,baccarat_bet02_101_all_pairs_incl_sentinel,round_win = game_pnl > 0 (decisive only),COMPATIBILITY_ONLY_NOT_PRODUCTION,39187.2093,35396.6747,483.0410,8363,6242,-0.01232650,-0.05216444,-0.01154840,-0.01232650,-483.0410,39187.2093,OK,0.0000,19.3216,4.0000,96.0000,AG03-UNRESOLVED,ALL5_LEVELS_bet23_to_bet27,19.3216,19.3216,19.3216,0.0000,0.0000,4.000000,4.000000,4.000000,0.000000,0.000000,96.000000,96.000000,96.000000,100.000000,100.000000,5.0,57.9649,55.6772,425.0761,427.3638,PENDING_AG03,FALSE,NOT_FOR_ENFORCEMENT,463.7194,33980.8077,483.0410,463.7194,19.3216,0.01232650,0.01183344,19.3216,463.7194,0.01183344,19.3216,19.3216,19.3216,0.0000,0.0000,463.7194,0.01183344,57.9649,55.6772,425.0761,427.3638,0.01084732,0.0109057,0.00049306,4.6858,5.6707,0.0774,15.5820,0.2688,1264.1035,201.3548,4.5499,4.6885,2.0771,4.1543,6.1317,8.4025,10.5031,18.5864,3.9466,-2.0771,2.528253,4.474023,1.127938,29,192,48,6,0.01915741,0.01232650,0.05216444,0E-8,0.000000,0.903271,0.017936,-0.04061604,2026-05-16,2026-07-20,31,1797,733,66,0.469697,0.970424,0.970991,0.063858,,,,,,,,GLOBAL_BASELINE_NO_ENTITY_RANKING,,,NOT_APPLICABLE_GLOBAL_BASELINE,HF9g-P5,,,,X 全窗基线 · 不参与实体赏罚,8395587,840,A168_HF9F_20260827_0900,2026-08-27 09:00:00
2026-06-16,150107794,2252,0,10.3857258585,-2.0771451717,-2.0771451717,0.3333333,3,3,0.50218230000000000,0.502182300000,-0.5849155494134425,-0.5849155494134426,-0.5849155494134425,0E-17,ELIGIBLE,R03b_20260811_FULL_v1,L1_ELIGIBILITY,v2026-08-11,2026-03-21..2026-08-06,baccarat_bet02_101_all_pairs_incl_sentinel,round_win = game_pnl > 0 (decisive only),COMPATIBILITY_ONLY_NOT_PRODUCTION,39187.2093,35396.6747,483.0410,8363,6242,-0.01232650,-0.05216444,-0.01154840,-0.01232650,-483.0410,39187.2093,OK,0.0000,19.3216,4.0000,96.0000,AG03-UNRESOLVED,ALL5_LEVELS_bet23_to_bet27,19.3216,19.3216,19.3216,0.0000,0.0000,4.000000,4.000000,4.000000,0.000000,0.000000,96.000000,96.000000,96.000000,100.000000,100.000000,5.0,57.9649,55.6772,425.0761,427.3638,PENDING_AG03,FALSE,NOT_FOR_ENFORCEMENT,463.7194,33980.8077,483.0410,463.7194,19.3216,0.01232650,0.01183344,19.3216,463.7194,0.01183344,19.3216,19.3216,19.3216,0.0000,0.0000,463.7194,0.01183344,57.9649,55.6772,425.0761,427.3638,0.01084732,0.0109057,0.00049306,4.6858,5.6707,0.0774,15.5820,0.2688,1264.1035,201.3548,4.5499,4.6885,2.0771,4.1543,6.1317,8.4025,10.5031,18.5864,3.9466,-2.0771,2.528253,4.474023,1.127938,29,192,48,6,0.01915741,0.01232650,0.05216444,0E-8,0.000000,0.903271,0.017936,-0.04061604,2026-05-16,2026-07-20,31,1797,733,66,0.469697,0.970424,0.970991,0.063858,,,,,,,,GLOBAL_BASELINE_NO_ENTITY_RANKING,,,NOT_APPLICABLE_GLOBAL_BASELINE,HF9g-P5,,,,X 全窗基线 · 不参与实体赏罚,8395588,840,A168_HF9F_20260827_0900,2026-08-27 09:00:00
2026-06-16,150107794,2254,0,31.1571775750,-6.5430072907,-6.5430072907,0.4000000,5,5,0.50128862000000000,0.501288620000,-0.4529779837142727,-0.4529779837142727,-0.4529779837142727,0E-17,ELIGIBLE,R03b_20260811_FULL_v1,L1_ELIGIBILITY,v2026-08-11,2026-03-21..2026-08-06,baccarat_bet02_101_all_pairs_incl_sentinel,round_win = game_pnl > 0 (decisive only),COMPATIBILITY_ONLY_NOT_PRODUCTION,39187.2093,35396.6747,483.0410,8363,6242,-0.01232650,-0.05216444,-0.01154840,-0.01232650,-483.0410,39187.2093,OK,0.0000,19.3216,4.0000,96.0000,AG03-UNRESOLVED,ALL5_LEVELS_bet23_to_bet27,19.3216,19.3216,19.3216,0.0000,0.0000,4.000000,4.000000,4.000000,0.000000,0.000000,96.000000,96.000000,96.000000,100.000000,100.000000,5.0,57.9649,55.6772,425.0761,427.3638,PENDING_AG03,FALSE,NOT_FOR_ENFORCEMENT,463.7194,33980.8077,483.0410,463.7194,19.3216,0.01232650,0.01183344,19.3216,463.7194,0.01183344,19.3216,19.3216,19.3216,0.0000,0.0000,463.7194,0.01183344,57.9649,55.6772,425.0761,427.3638,0.01084732,0.0109057,0.00049306,4.6858,5.6707,0.0774,15.5820,0.2688,1264.1035,201.3548,4.5499,4.6885,2.0771,4.1543,6.1317,8.4025,10.5031,18.5864,3.9466,-2.0771,2.528253,4.474023,1.127938,29,192,48,6,0.01915741,0.01232650,0.05216444,0E-8,0.000000,0.903271,0.017936,-0.04061604,2026-05-16,2026-07-20,31,1797,733,66,0.469697,0.970424,0.970991,0.063858,,,,,,,,GLOBAL_BASELINE_NO_ENTITY_RANKING,,,NOT_APPLICABLE_GLOBAL_BASELINE,HF9g-P5,,,,X 全窗基线 · 不参与实体赏罚,8395589,840,A168_HF9F_20260827_0900,2026-08-27 09:00:00
2026-06-16,150107794,2258,0,25.3411710944,8.4124379453,8.4124379453,0.7500000,5,4,0.47419510624969004,0.448442112500,1.1046917679950852,1.212695995033219,1.1046917679950852,0.02575299374969004,ELIGIBLE,R03b_20260811_FULL_v1,L1_ELIGIBILITY,v2026-08-11,2026-03-21..2026-08-06,baccarat_bet02_101_all_pairs_incl_sentinel,round_win = game_pnl > 0 (decisive only),COMPATIBILITY_ONLY_NOT_PRODUCTION,39187.2093,35396.6747,483.0410,8363,6242,-0.01232650,-0.05216444,-0.01154840,-0.01232650,-483.0410,39187.2093,OK,0.0000,19.3216,4.0000,96.0000,AG03-UNRESOLVED,ALL5_LEVELS_bet23_to_bet27,19.3216,19.3216,19.3216,0.0000,0.0000,4.000000,4.000000,4.000000,0.000000,0.000000,96.000000,96.000000,96.000000,100.000000,100.000000,5.0,57.9649,55.6772,425.0761,427.3638,PENDING_AG03,FALSE,NOT_FOR_ENFORCEMENT,463.7194,33980.8077,483.0410,463.7194,19.3216,0.01232650,0.01183344,19.3216,463.7194,0.01183344,19.3216,19.3216,19.3216,0.0000,0.0000,463.7194,0.01183344,57.9649,55.6772,425.0761,427.3638,0.01084732,0.0109057,0.00049306,4.6858,5.6707,0.0774,15.5820,0.2688,1264.1035,201.3548,4.5499,4.6885,2.0771,4.1543,6.1317,8.4025,10.5031,18.5864,3.9466,-2.0771,2.528253,4.474023,1.127938,29,192,48,6,0.01915741,0.01232650,0.05216444,0E-8,0.000000,0.903271,0.017936,-0.04061604,2026-05-16,2026-07-20,31,1797,733,66,0.469697,0.970424,0.970991,0.063858,,,,,,,,GLOBAL_BASELINE_NO_ENTITY_RANKING,,,NOT_APPLICABLE_GLOBAL_BASELINE,HF9g-P5,,,,X 全窗基线 · 不参与实体赏罚,8395590,840,A168_HF9F_20260827_0900,2026-08-27 09:00:00
2026-06-16,150107794,2267,0,34.8960388843,1.1424298444,1.1424298444,0.5000000,7,4,0.44141440187453892,0.347105787500,0.23596780213660468,0.6423455283084997,0.23596780213660468,0.09430861437453892,ELIGIBLE,R03b_20260811_FULL_v1,L1_ELIGIBILITY,v2026-08-11,2026-03-21..2026-08-06,baccarat_bet02_101_all_pairs_incl_sentinel,round_win = game_pnl > 0 (decisive only),COMPATIBILITY_ONLY_NOT_PRODUCTION,39187.2093,35396.6747,483.0410,8363,6242,-0.01232650,-0.05216444,-0.01154840,-0.01232650,-483.0410,39187.2093,OK,0.0000,19.3216,4.0000,96.0000,AG03-UNRESOLVED,ALL5_LEVELS_bet23_to_bet27,19.3216,19.3216,19.3216,0.0000,0.0000,4.000000,4.000000,4.000000,0.000000,0.000000,96.000000,96.000000,96.000000,100.000000,100.000000,5.0,57.9649,55.6772,425.0761,427.3638,PENDING_AG03,FALSE,NOT_FOR_ENFORCEMENT,463.7194,33980.8077,483.0410,463.7194,19.3216,0.01232650,0.01183344,19.3216,463.7194,0.01183344,19.3216,19.3216,19.3216,0.0000,0.0000,463.7194,0.01183344,57.9649,55.6772,425.0761,427.3638,0.01084732,0.0109057,0.00049306,4.6858,5.6707,0.0774,15.5820,0.2688,1264.1035,201.3548,4.5499,4.6885,2.0771,4.1543,6.1317,8.4025,10.5031,18.5864,3.9466,-2.0771,2.528253,4.474023,1.127938,29,192,48,6,0.01915741,0.01232650,0.05216444,0E-8,0.000000,0.903271,0.017936,-0.04061604,2026-05-16,2026-07-20,31,1797,733,66,0.469697,0.970424,0.970991,0.063858,,,,,,,,GLOBAL_BASELINE_NO_ENTITY_RANKING,,,NOT_APPLICABLE_GLOBAL_BASELINE,HF9g-P5,,,,X 全窗基线 · 不参与实体赏罚,8395591,840,A168_HF9F_20260827_0900,2026-08-27 09:00:00
2026-06-16,150107794,2271,0,11.6320129614,-11.6320129614,-11.6320129614,0E-7,2,1,0.43307071785638378,0.300626750000,-0.8740071095409977,-0.655630731788307,-0.8740071095409977,0.13244396785638378,ELIGIBLE,R03b_20260811_FULL_v1,L1_ELIGIBILITY,v2026-08-11,2026-03-21..2026-08-06,baccarat_bet02_101_all_pairs_incl_sentinel,round_win = game_pnl > 0 (decisive only),COMPATIBILITY_ONLY_NOT_PRODUCTION,39187.2093,35396.6747,483.0410,8363,6242,-0.01232650,-0.05216444,-0.01154840,-0.01232650,-483.0410,39187.2093,OK,0.0000,19.3216,4.0000,96.0000,AG03-UNRESOLVED,ALL5_LEVELS_bet23_to_bet27,19.3216,19.3216,19.3216,0.0000,0.0000,4.000000,4.000000,4.000000,0.000000,0.000000,96.000000,96.000000,96.000000,100.000000,100.000000,5.0,57.9649,55.6772,425.0761,427.3638,PENDING_AG03,FALSE,NOT_FOR_ENFORCEMENT,463.7194,33980.8077,483.0410,463.7194,19.3216,0.01232650,0.01183344,19.3216,463.7194,0.01183344,19.3216,19.3216,19.3216,0.0000,0.0000,463.7194,0.01183344,57.9649,55.6772,425.0761,427.3638,0.01084732,0.0109057,0.00049306,4.6858,5.6707,0.0774,15.5820,0.2688,1264.1035,201.3548,4.5499,4.6885,2.0771,4.1543,6.1317,8.4025,10.5031,18.5864,3.9466,-2.0771,2.528253,4.474023,1.127938,29,192,48,6,0.01915741,0.01232650,0.05216444,0E-8,0.000000,0.903271,0.017936,-0.04061604,2026-05-16,2026-07-20,31,1797,733,66,0.469697,0.970424,0.970991,0.063858,,,,,,,,GLOBAL_BASELINE_NO_ENTITY_RANKING,,,NOT_APPLICABLE_GLOBAL_BASELINE,HF9g-P5,,,,X 全窗基线 · 不参与实体赏罚,8395592,840,A168_HF9F_20260827_0900,2026-08-27 09:00:00
2026-06-16,150107794,2287,0,18.6943065451,-18.6943065451,-18.6943065451,0E-7,4,2,0.40857784249899625,0.297275450000,-1.1754485040735982,-0.9198181129370825,-1.1754485040735982,0.11130239249899625,ELIGIBLE,R03b_20260811_FULL_v1,L1_ELIGIBILITY,v2026-08-11,2026-03-21..2026-08-06,baccarat_bet02_101_all_pairs_incl_sentinel,round_win = game_pnl > 0 (decisive only),COMPATIBILITY_ONLY_NOT_PRODUCTION,39187.2093,35396.6747,483.0410,8363,6242,-0.01232650,-0.05216444,-0.01154840,-0.01232650,-483.0410,39187.2093,OK,0.0000,19.3216,4.0000,96.0000,AG03-UNRESOLVED,ALL5_LEVELS_bet23_to_bet27,19.3216,19.3216,19.3216,0.0000,0.0000,4.000000,4.000000,4.000000,0.000000,0.000000,96.000000,96.000000,96.000000,100.000000,100.000000,5.0,57.9649,55.6772,425.0761,427.3638,PENDING_AG03,FALSE,NOT_FOR_ENFORCEMENT,463.7194,33980.8077,483.0410,463.7194,19.3216,0.01232650,0.01183344,19.3216,463.7194,0.01183344,19.3216,19.3216,19.3216,0.0000,0.0000,463.7194,0.01183344,57.9649,55.6772,425.0761,427.3638,0.01084732,0.0109057,0.00049306,4.6858,5.6707,0.0774,15.5820,0.2688,1264.1035,201.3548,4.5499,4.6885,2.0771,4.1543,6.1317,8.4025,10.5031,18.5864,3.9466,-2.0771,2.528253,4.474023,1.127938,29,192,48,6,0.01915741,0.01232650,0.05216444,0E-8,0.000000,0.903271,0.017936,-0.04061604,2026-05-16,2026-07-20,31,1797,733,66,0.469697,0.970424,0.970991,0.063858,,,,,,,,GLOBAL_BASELINE_NO_ENTITY_RANKING,,,NOT_APPLICABLE_GLOBAL_BASELINE,HF9g-P5,,,,X 全窗基线 · 不参与实体赏罚,8395593,840,A168_HF9F_20260827_0900,2026-08-27 09:00:00
2026-06-16,150107794,462,0,17.6557339593,3.1053320317,3.1053320317,0.5714286,8,7,0.50377815714285714,0.503778157143,0.35798256475063384,0.35798256474987866,0.35798256475063384,-1.4286E-13,ELIGIBLE,R03b_20260811_FULL_v1,L1_ELIGIBILITY,v2026-08-11,2026-03-21..2026-08-06,baccarat_bet02_101_all_pairs_incl_sentinel,round_win = game_pnl > 0 (decisive only),COMPATIBILITY_ONLY_NOT_PRODUCTION,39187.2093,35396.6747,483.0410,8363,6242,-0.01232650,-0.05216444,-0.01154840,-0.01232650,-483.0410,39187.2093,OK,0.0000,19.3216,4.0000,96.0000,AG03-UNRESOLVED,ALL5_LEVELS_bet23_to_bet27,19.3216,19.3216,19.3216,0.0000,0.0000,4.000000,4.000000,4.000000,0.000000,0.000000,96.000000,96.000000,96.000000,100.000000,100.000000,5.0,57.9649,55.6772,425.0761,427.3638,PENDING_AG03,FALSE,NOT_FOR_ENFORCEMENT,463.7194,33980.8077,483.0410,463.7194,19.3216,0.01232650,0.01183344,19.3216,463.7194,0.01183344,19.3216,19.3216,19.3216,0.0000,0.0000,463.7194,0.01183344,57.9649,55.6772,425.0761,427.3638,0.01084732,0.0109057,0.00049306,4.6858,5.6707,0.0774,15.5820,0.2688,1264.1035,201.3548,4.5499,4.6885,2.0771,4.1543,6.1317,8.4025,10.5031,18.5864,3.9466,-2.0771,2.528253,4.474023,1.127938,29,192,48,6,0.01915741,0.01232650,0.05216444,0E-8,0.000000,0.903271,0.017936,-0.04061604,2026-05-16,2026-07-20,31,1797,733,66,0.469697,0.970424,0.970991,0.063858,,,,,,,,GLOBAL_BASELINE_NO_ENTITY_RANKING,,,NOT_APPLICABLE_GLOBAL_BASELINE,HF9g-P5,,,,X 全窗基线 · 不参与实体赏罚,8395594,840,A168_HF9F_20260827_0900,2026-08-27 09:00:00
2026-06-16,150107794,752,0,4.1542903434,-4.1542903434,-4.1542903434,0E-7,1,1,0.50665070000000000,0.506650700000,-1.013391052207602,-1.013391052207602,-1.013391052207602,0E-17,ELIGIBLE,R03b_20260811_FULL_v1,L1_ELIGIBILITY,v2026-08-11,2026-03-21..2026-08-06,baccarat_bet02_101_all_pairs_incl_sentinel,round_win = game_pnl > 0 (decisive only),COMPATIBILITY_ONLY_NOT_PRODUCTION,39187.2093,35396.6747,483.0410,8363,6242,-0.01232650,-0.05216444,-0.01154840,-0.01232650,-483.0410,39187.2093,OK,0.0000,19.3216,4.0000,96.0000,AG03-UNRESOLVED,ALL5_LEVELS_bet23_to_bet27,19.3216,19.3216,19.3216,0.0000,0.0000,4.000000,4.000000,4.000000,0.000000,0.000000,96.000000,96.000000,96.000000,100.000000,100.000000,5.0,57.9649,55.6772,425.0761,427.3638,PENDING_AG03,FALSE,NOT_FOR_ENFORCEMENT,463.7194,33980.8077,483.0410,463.7194,19.3216,0.01232650,0.01183344,19.3216,463.7194,0.01183344,19.3216,19.3216,19.3216,0.0000,0.0000,463.7194,0.01183344,57.9649,55.6772,425.0761,427.3638,0.01084732,0.0109057,0.00049306,4.6858,5.6707,0.0774,15.5820,0.2688,1264.1035,201.3548,4.5499,4.6885,2.0771,4.1543,6.1317,8.4025,10.5031,18.5864,3.9466,-2.0771,2.528253,4.474023,1.127938,29,192,48,6,0.01915741,0.01232650,0.05216444,0E-8,0.000000,0.903271,0.017936,-0.04061604,2026-05-16,2026-07-20,31,1797,733,66,0.469697,0.970424,0.970991,0.063858,,,,,,,,GLOBAL_BASELINE_NO_ENTITY_RANKING,,,NOT_APPLICABLE_GLOBAL_BASELINE,HF9g-P5,,,,X 全窗基线 · 不参与实体赏罚,8395595,840,A168_HF9F_20260827_0900,2026-08-27 09:00:00
2026-06-16,150107794,789,0,12.4628710301,11.4242984442,11.4242984442,0.3333333,5,4,0.45673252999961616,0.446766462500,-0.42907690272317,-0.39519005599683676,-0.42907690272317,0.00996606749961616,ELIGIBLE,R03b_20260811_FULL_v1,L1_ELIGIBILITY,v2026-08-11,2026-03-21..2026-08-06,baccarat_bet02_101_all_pairs_incl_sentinel,round_win = game_pnl > 0 (decisive only),COMPATIBILITY_ONLY_NOT_PRODUCTION,39187.2093,35396.6747,483.0410,8363,6242,-0.01232650,-0.05216444,-0.01154840,-0.01232650,-483.0410,39187.2093,OK,0.0000,19.3216,4.0000,96.0000,AG03-UNRESOLVED,ALL5_LEVELS_bet23_to_bet27,19.3216,19.3216,19.3216,0.0000,0.0000,4.000000,4.000000,4.000000,0.000000,0.000000,96.000000,96.000000,96.000000,100.000000,100.000000,5.0,57.9649,55.6772,425.0761,427.3638,PENDING_AG03,FALSE,NOT_FOR_ENFORCEMENT,463.7194,33980.8077,483.0410,463.7194,19.3216,0.01232650,0.01183344,19.3216,463.7194,0.01183344,19.3216,19.3216,19.3216,0.0000,0.0000,463.7194,0.01183344,57.9649,55.6772,425.0761,427.3638,0.01084732,0.0109057,0.00049306,4.6858,5.6707,0.0774,15.5820,0.2688,1264.1035,201.3548,4.5499,4.6885,2.0771,4.1543,6.1317,8.4025,10.5031,18.5864,3.9466,-2.0771,2.528253,4.474023,1.127938,29,192,48,6,0.01915741,0.01232650,0.05216444,0E-8,0.000000,0.903271,0.017936,-0.04061604,2026-05-16,2026-07-20,31,1797,733,66,0.469697,0.970424,0.970991,0.063858,,,,,,,,GLOBAL_BASELINE_NO_ENTITY_RANKING,,,NOT_APPLICABLE_GLOBAL_BASELINE,HF9g-P5,,,,X 全窗基线 · 不参与实体赏罚,8395596,840,A168_HF9F_20260827_0900,2026-08-27 09:00:00
2026-06-18,150107794,-1,1,380.1175664185,-55.9686766515,-55.9686766515,0.4285714,93,76,0.47137179674519091,0.454569332237,-0.7173639744855338,-0.4368350802387338,-0.7173639744855338,0.01680246450819091,SENTINEL_DEALER,R03b_20260811_FULL_v1,L1_ELIGIBILITY,v2026-08-11,2026-03-21..2026-08-06,baccarat_bet02_101_all_pairs_incl_sentinel,round_win = game_pnl > 0 (decisive only),COMPATIBILITY_ONLY_NOT_PRODUCTION,39187.2093,35396.6747,483.0410,8363,6242,-0.01232650,-0.05216444,-0.01154840,-0.01232650,-483.0410,39187.2093,OK,0.0000,19.3216,4.0000,96.0000,AG03-UNRESOLVED,ALL5_LEVELS_bet23_to_bet27,19.3216,19.3216,19.3216,0.0000,0.0000,4.000000,4.000000,4.000000,0.000000,0.000000,96.000000,96.000000,96.000000,100.000000,100.000000,5.0,57.9649,55.6772,425.0761,427.3638,PENDING_AG03,FALSE,NOT_FOR_ENFORCEMENT,463.7194,33980.8077,483.0410,463.7194,19.3216,0.01232650,0.01183344,19.3216,463.7194,0.01183344,19.3216,19.3216,19.3216,0.0000,0.0000,463.7194,0.01183344,57.9649,55.6772,425.0761,427.3638,0.01084732,0.0109057,0.00049306,4.6858,5.6707,0.0774,15.5820,0.2688,1264.1035,201.3548,4.5499,4.6885,2.0771,4.1543,6.1317,8.4025,10.5031,18.5864,3.9466,-2.0771,2.528253,4.474023,1.127938,29,192,48,6,0.01915741,0.01232650,0.05216444,0E-8,0.000000,0.903271,0.017936,-0.04061604,2026-05-16,2026-07-20,31,1797,733,66,0.469697,0.970424,0.970991,0.063858,,,,,,,,GLOBAL_BASELINE_NO_ENTITY_RANKING,,,NOT_APPLICABLE_GLOBAL_BASELINE,HF9g-P5,,,,X 全窗基线 · 不参与实体赏罚,8395597,840,A168_HF9F_20260827_0900,2026-08-27 09:00:00
2026-06-18,150107794,1202,0,3.7388613090,-3.7388613090,-3.7388613090,0E-7,1,1,0.50665070000000000,0.506650700000,-1.013391052207602,-1.013391052207602,-1.013391052207602,0E-17,ELIGIBLE,R03b_20260811_FULL_v1,L1_ELIGIBILITY,v2026-08-11,2026-03-21..2026-08-06,baccarat_bet02_101_all_pairs_incl_sentinel,round_win = game_pnl > 0 (decisive only),COMPATIBILITY_ONLY_NOT_PRODUCTION,39187.2093,35396.6747,483.0410,8363,6242,-0.01232650,-0.05216444,-0.01154840,-0.01232650,-483.0410,39187.2093,OK,0.0000,19.3216,4.0000,96.0000,AG03-UNRESOLVED,ALL5_LEVELS_bet23_to_bet27,19.3216,19.3216,19.3216,0.0000,0.0000,4.000000,4.000000,4.000000,0.000000,0.000000,96.000000,96.000000,96.000000,100.000000,100.000000,5.0,57.9649,55.6772,425.0761,427.3638,PENDING_AG03,FALSE,NOT_FOR_ENFORCEMENT,463.7194,33980.8077,483.0410,463.7194,19.3216,0.01232650,0.01183344,19.3216,463.7194,0.01183344,19.3216,19.3216,19.3216,0.0000,0.0000,463.7194,0.01183344,57.9649,55.6772,425.0761,427.3638,0.01084732,0.0109057,0.00049306,4.6858,5.6707,0.0774,15.5820,0.2688,1264.1035,201.3548,4.5499,4.6885,2.0771,4.1543,6.1317,8.4025,10.5031,18.5864,3.9466,-2.0771,2.528253,4.474023,1.127938,29,192,48,6,0.01915741,0.01232650,0.05216444,0E-8,0.000000,0.903271,0.017936,-0.04061604,2026-05-16,2026-07-20,31,1797,733,66,0.469697,0.970424,0.970991,0.063858,,,,,,,,GLOBAL_BASELINE_NO_ENTITY_RANKING,,,NOT_APPLICABLE_GLOBAL_BASELINE,HF9g-P5,,,,X 全窗基线 · 不参与实体赏罚,8395598,840,A168_HF9F_20260827_0900,2026-08-27 09:00:00
2026-06-18,150107794,1205,0,4.1542903434,3.9465758262,3.9465758262,1.0000000,1,1,0.50665070000000000,0.506650700000,0.9867858985152569,0.9867858985152569,0.9867858985152569,0E-17,ELIGIBLE,R03b_20260811_FULL_v1,L1_ELIGIBILITY,v2026-08-11,2026-03-21..2026-08-06,baccarat_bet02_101_all_pairs_incl_sentinel,round_win = game_pnl > 0 (decisive only),COMPATIBILITY_ONLY_NOT_PRODUCTION,39187.2093,35396.6747,483.0410,8363,6242,-0.01232650,-0.05216444,-0.01154840,-0.01232650,-483.0410,39187.2093,OK,0.0000,19.3216,4.0000,96.0000,AG03-UNRESOLVED,ALL5_LEVELS_bet23_to_bet27,19.3216,19.3216,19.3216,0.0000,0.0000,4.000000,4.000000,4.000000,0.000000,0.000000,96.000000,96.000000,96.000000,100.000000,100.000000,5.0,57.9649,55.6772,425.0761,427.3638,PENDING_AG03,FALSE,NOT_FOR_ENFORCEMENT,463.7194,33980.8077,483.0410,463.7194,19.3216,0.01232650,0.01183344,19.3216,463.7194,0.01183344,19.3216,19.3216,19.3216,0.0000,0.0000,463.7194,0.01183344,57.9649,55.6772,425.0761,427.3638,0.01084732,0.0109057,0.00049306,4.6858,5.6707,0.0774,15.5820,0.2688,1264.1035,201.3548,4.5499,4.6885,2.0771,4.1543,6.1317,8.4025,10.5031,18.5864,3.9466,-2.0771,2.528253,4.474023,1.127938,29,192,48,6,0.01915741,0.01232650,0.05216444,0E-8,0.000000,0.903271,0.017936,-0.04061604,2026-05-16,2026-07-20,31,1797,733,66,0.469697,0.970424,0.970991,0.063858,,,,,,,,GLOBAL_BASELINE_NO_ENTITY_RANKING,,,NOT_APPLICABLE_GLOBAL_BASELINE,HF9g-P5,,,,X 全窗基线 · 不参与实体赏罚,8395599,840,A168_HF9F_20260827_0900,2026-08-27 09:00:00
2026-06-18,150107794,1210,0,9.7625823069,9.2744531915,9.2744531915,1.0000000,2,2,0.50665070000000000,0.506650700000,1.3955260008387969,1.3955260008387969,1.3955260008387969,0E-17,ELIGIBLE,R03b_20260811_FULL_v1,L1_ELIGIBILITY,v2026-08-11,2026-03-21..2026-08-06,baccarat_bet02_101_all_pairs_incl_sentinel,round_win = game_pnl > 0 (decisive only),COMPATIBILITY_ONLY_NOT_PRODUCTION,39187.2093,35396.6747,483.0410,8363,6242,-0.01232650,-0.05216444,-0.01154840,-0.01232650,-483.0410,39187.2093,OK,0.0000,19.3216,4.0000,96.0000,AG03-UNRESOLVED,ALL5_LEVELS_bet23_to_bet27,19.3216,19.3216,19.3216,0.0000,0.0000,4.000000,4.000000,4.000000,0.000000,0.000000,96.000000,96.000000,96.000000,100.000000,100.000000,5.0,57.9649,55.6772,425.0761,427.3638,PENDING_AG03,FALSE,NOT_FOR_ENFORCEMENT,463.7194,33980.8077,483.0410,463.7194,19.3216,0.01232650,0.01183344,19.3216,463.7194,0.01183344,19.3216,19.3216,19.3216,0.0000,0.0000,463.7194,0.01183344,57.9649,55.6772,425.0761,427.3638,0.01084732,0.0109057,0.00049306,4.6858,5.6707,0.0774,15.5820,0.2688,1264.1035,201.3548,4.5499,4.6885,2.0771,4.1543,6.1317,8.4025,10.5031,18.5864,3.9466,-2.0771,2.528253,4.474023,1.127938,29,192,48,6,0.01915741,0.01232650,0.05216444,0E-8,0.000000,0.903271,0.017936,-0.04061604,2026-05-16,2026-07-20,31,1797,733,66,0.469697,0.970424,0.970991,0.063858,,,,,,,,GLOBAL_BASELINE_NO_ENTITY_RANKING,,,NOT_APPLICABLE_GLOBAL_BASELINE,HF9g-P5,,,,X 全窗基线 · 不参与实体赏罚,8395600,840,A168_HF9F_20260827_0900,2026-08-27 09:00:00
2026-06-18,150107794,1299,0,6.6468645494,-2.5964314646,-2.5964314646,0.3333333,3,3,0.50665070000000000,0.506650700000,-0.6004420894325239,-0.6004420894325239,-0.6004420894325239,0E-17,ELIGIBLE,R03b_20260811_FULL_v1,L1_ELIGIBILITY,v2026-08-11,2026-03-21..2026-08-06,baccarat_bet02_101_all_pairs_incl_sentinel,round_win = game_pnl > 0 (decisive only),COMPATIBILITY_ONLY_NOT_PRODUCTION,39187.2093,35396.6747,483.0410,8363,6242,-0.01232650,-0.05216444,-0.01154840,-0.01232650,-483.0410,39187.2093,OK,0.0000,19.3216,4.0000,96.0000,AG03-UNRESOLVED,ALL5_LEVELS_bet23_to_bet27,19.3216,19.3216,19.3216,0.0000,0.0000,4.000000,4.000000,4.000000,0.000000,0.000000,96.000000,96.000000,96.000000,100.000000,100.000000,5.0,57.9649,55.6772,425.0761,427.3638,PENDING_AG03,FALSE,NOT_FOR_ENFORCEMENT,463.7194,33980.8077,483.0410,463.7194,19.3216,0.01232650,0.01183344,19.3216,463.7194,0.01183344,19.3216,19.3216,19.3216,0.0000,0.0000,463.7194,0.01183344,57.9649,55.6772,425.0761,427.3638,0.01084732,0.0109057,0.00049306,4.6858,5.6707,0.0774,15.5820,0.2688,1264.1035,201.3548,4.5499,4.6885,2.0771,4.1543,6.1317,8.4025,10.5031,18.5864,3.9466,-2.0771,2.528253,4.474023,1.127938,29,192,48,6,0.01915741,0.01232650,0.05216444,0E-8,0.000000,0.903271,0.017936,-0.04061604,2026-05-16,2026-07-20,31,1797,733,66,0.469697,0.970424,0.970991,0.063858,,,,,,,,GLOBAL_BASELINE_NO_ENTITY_RANKING,,,NOT_APPLICABLE_GLOBAL_BASELINE,HF9g-P5,,,,X 全窗基线 · 不参与实体赏罚,8395601,840,A168_HF9F_20260827_0900,2026-08-27 09:00:00
2026-06-18,150107794,1306,0,8.1008661696,0E-10,0E-10,0.5000000,2,2,0.50665070000000000,0.506650700000,-0.018812684590367487,-0.018812684590367487,-0.018812684590367487,0E-17,ELIGIBLE,R03b_20260811_FULL_v1,L1_ELIGIBILITY,v2026-08-11,2026-03-21..2026-08-06,baccarat_bet02_101_all_pairs_incl_sentinel,round_win = game_pnl > 0 (decisive only),COMPATIBILITY_ONLY_NOT_PRODUCTION,39187.2093,35396.6747,483.0410,8363,6242,-0.01232650,-0.05216444,-0.01154840,-0.01232650,-483.0410,39187.2093,OK,0.0000,19.3216,4.0000,96.0000,AG03-UNRESOLVED,ALL5_LEVELS_bet23_to_bet27,19.3216,19.3216,19.3216,0.0000,0.0000,4.000000,4.000000,4.000000,0.000000,0.000000,96.000000,96.000000,96.000000,100.000000,100.000000,5.0,57.9649,55.6772,425.0761,427.3638,PENDING_AG03,FALSE,NOT_FOR_ENFORCEMENT,463.7194,33980.8077,483.0410,463.7194,19.3216,0.01232650,0.01183344,19.3216,463.7194,0.01183344,19.3216,19.3216,19.3216,0.0000,0.0000,463.7194,0.01183344,57.9649,55.6772,425.0761,427.3638,0.01084732,0.0109057,0.00049306,4.6858,5.6707,0.0774,15.5820,0.2688,1264.1035,201.3548,4.5499,4.6885,2.0771,4.1543,6.1317,8.4025,10.5031,18.5864,3.9466,-2.0771,2.528253,4.474023,1.127938,29,192,48,6,0.01915741,0.01232650,0.05216444,0E-8,0.000000,0.903271,0.017936,-0.04061604,2026-05-16,2026-07-20,31,1797,733,66,0.469697,0.970424,0.970991,0.063858,,,,,,,,GLOBAL_BASELINE_NO_ENTITY_RANKING,,,NOT_APPLICABLE_GLOBAL_BASELINE,HF9g-P5,,,,X 全窗基线 · 不参与实体赏罚,8395602,840,A168_HF9F_20260827_0900,2026-08-27 09:00:00
2026-06-18,150107794,1325,0,32.4034646783,-18.9020210623,-18.9020210623,0.2000000,9,6,0.43655687491836802,0.398053225000,-1.0665350154542708,-0.9047264793557602,-1.0665350154542708,0.03850364991836802,ELIGIBLE,R03b_20260811_FULL_v1,L1_ELIGIBILITY,v2026-08-11,2026-03-21..2026-08-06,baccarat_bet02_101_all_pairs_incl_sentinel,round_win = game_pnl > 0 (decisive only),COMPATIBILITY_ONLY_NOT_PRODUCTION,39187.2093,35396.6747,483.0410,8363,6242,-0.01232650,-0.05216444,-0.01154840,-0.01232650,-483.0410,39187.2093,OK,0.0000,19.3216,4.0000,96.0000,AG03-UNRESOLVED,ALL5_LEVELS_bet23_to_bet27,19.3216,19.3216,19.3216,0.0000,0.0000,4.000000,4.000000,4.000000,0.000000,0.000000,96.000000,96.000000,96.000000,100.000000,100.000000,5.0,57.9649,55.6772,425.0761,427.3638,PENDING_AG03,FALSE,NOT_FOR_ENFORCEMENT,463.7194,33980.8077,483.0410,463.7194,19.3216,0.01232650,0.01183344,19.3216,463.7194,0.01183344,19.3216,19.3216,19.3216,0.0000,0.0000,463.7194,0.01183344,57.9649,55.6772,425.0761,427.3638,0.01084732,0.0109057,0.00049306,4.6858,5.6707,0.0774,15.5820,0.2688,1264.1035,201.3548,4.5499,4.6885,2.0771,4.1543,6.1317,8.4025,10.5031,18.5864,3.9466,-2.0771,2.528253,4.474023,1.127938,29,192,48,6,0.01915741,0.01232650,0.05216444,0E-8,0.000000,0.903271,0.017936,-0.04061604,2026-05-16,2026-07-20,31,1797,733,66,0.469697,0.970424,0.970991,0.063858,,,,,,,,GLOBAL_BASELINE_NO_ENTITY_RANKING,,,NOT_APPLICABLE_GLOBAL_BASELINE,HF9g-P5,,,,X 全窗基线 · 不参与实体赏罚,8395603,840,A168_HF9F_20260827_0900,2026-08-27 09:00:00
2026-06-18,150107794,1331,0,20.7714517170,-4.3620048606,-4.3620048606,0.5000000,6,4,0.43239055000000000,0.398611775000,0.27294459155301976,0.4141569880160188,0.27294459155301976,0.03377877500000000,ELIGIBLE,R03b_20260811_FULL_v1,L1_ELIGIBILITY,v2026-08-11,2026-03-21..2026-08-06,baccarat_bet02_101_all_pairs_incl_sentinel,round_win = game_pnl > 0 (decisive only),COMPATIBILITY_ONLY_NOT_PRODUCTION,39187.2093,35396.6747,483.0410,8363,6242,-0.01232650,-0.05216444,-0.01154840,-0.01232650,-483.0410,39187.2093,OK,0.0000,19.3216,4.0000,96.0000,AG03-UNRESOLVED,ALL5_LEVELS_bet23_to_bet27,19.3216,19.3216,19.3216,0.0000,0.0000,4.000000,4.000000,4.000000,0.000000,0.000000,96.000000,96.000000,96.000000,100.000000,100.000000,5.0,57.9649,55.6772,425.0761,427.3638,PENDING_AG03,FALSE,NOT_FOR_ENFORCEMENT,463.7194,33980.8077,483.0410,463.7194,19.3216,0.01232650,0.01183344,19.3216,463.7194,0.01183344,19.3216,19.3216,19.3216,0.0000,0.0000,463.7194,0.01183344,57.9649,55.6772,425.0761,427.3638,0.01084732,0.0109057,0.00049306,4.6858,5.6707,0.0774,15.5820,0.2688,1264.1035,201.3548,4.5499,4.6885,2.0771,4.1543,6.1317,8.4025,10.5031,18.5864,3.9466,-2.0771,2.528253,4.474023,1.127938,29,192,48,6,0.01915741,0.01232650,0.05216444,0E-8,0.000000,0.903271,0.017936,-0.04061604,2026-05-16,2026-07-20,31,1797,733,66,0.469697,0.970424,0.970991,0.063858,,,,,,,,GLOBAL_BASELINE_NO_ENTITY_RANKING,,,NOT_APPLICABLE_GLOBAL_BASELINE,HF9g-P5,,,,X 全窗基线 · 不参与实体赏罚,8395604,840,A168_HF9F_20260827_0900,2026-08-27 09:00:00
2026-06-18,150107794,1399,0,10.1780113413,2.0771451717,2.0771451717,0.5000000,3,2,0.50433945862067815,0.503299400000,-0.012274304750583267,-0.009332315641528947,-0.012274304750583267,0.00104005862067815,ELIGIBLE,R03b_20260811_FULL_v1,L1_ELIGIBILITY,v2026-08-11,2026-03-21..2026-08-06,baccarat_bet02_101_all_pairs_incl_sentinel,round_win = game_pnl > 0 (decisive only),COMPATIBILITY_ONLY_NOT_PRODUCTION,39187.2093,35396.6747,483.0410,8363,6242,-0.01232650,-0.05216444,-0.01154840,-0.01232650,-483.0410,39187.2093,OK,0.0000,19.3216,4.0000,96.0000,AG03-UNRESOLVED,ALL5_LEVELS_bet23_to_bet27,19.3216,19.3216,19.3216,0.0000,0.0000,4.000000,4.000000,4.000000,0.000000,0.000000,96.000000,96.000000,96.000000,100.000000,100.000000,5.0,57.9649,55.6772,425.0761,427.3638,PENDING_AG03,FALSE,NOT_FOR_ENFORCEMENT,463.7194,33980.8077,483.0410,463.7194,19.3216,0.01232650,0.01183344,19.3216,463.7194,0.01183344,19.3216,19.3216,19.3216,0.0000,0.0000,463.7194,0.01183344,57.9649,55.6772,425.0761,427.3638,0.01084732,0.0109057,0.00049306,4.6858,5.6707,0.0774,15.5820,0.2688,1264.1035,201.3548,4.5499,4.6885,2.0771,4.1543,6.1317,8.4025,10.5031,18.5864,3.9466,-2.0771,2.528253,4.474023,1.127938,29,192,48,6,0.01915741,0.01232650,0.05216444,0E-8,0.000000,0.903271,0.017936,-0.04061604,2026-05-16,2026-07-20,31,1797,733,66,0.469697,0.970424,0.970991,0.063858,,,,,,,,GLOBAL_BASELINE_NO_ENTITY_RANKING,,,NOT_APPLICABLE_GLOBAL_BASELINE,HF9g-P5,,,,X 全窗基线 · 不参与实体赏罚,8395605,840,A168_HF9F_20260827_0900,2026-08-27 09:00:00
2026-06-18,150107794,1401,0,8.3085806868,8.1008661696,8.1008661696,1.0000000,2,2,0.49994810000000000,0.499948100000,1.4143603653603398,1.4143603653603398,1.4143603653603398,0E-17,ELIGIBLE,R03b_20260811_FULL_v1,L1_ELIGIBILITY,v2026-08-11,2026-03-21..2026-08-06,baccarat_bet02_101_all_pairs_incl_sentinel,round_win = game_pnl > 0 (decisive only),COMPATIBILITY_ONLY_NOT_PRODUCTION,39187.2093,35396.6747,483.0410,8363,6242,-0.01232650,-0.05216444,-0.01154840,-0.01232650,-483.0410,39187.2093,OK,0.0000,19.3216,4.0000,96.0000,AG03-UNRESOLVED,ALL5_LEVELS_bet23_to_bet27,19.3216,19.3216,19.3216,0.0000,0.0000,4.000000,4.000000,4.000000,0.000000,0.000000,96.000000,96.000000,96.000000,100.000000,100.000000,5.0,57.9649,55.6772,425.0761,427.3638,PENDING_AG03,FALSE,NOT_FOR_ENFORCEMENT,463.7194,33980.8077,483.0410,463.7194,19.3216,0.01232650,0.01183344,19.3216,463.7194,0.01183344,19.3216,19.3216,19.3216,0.0000,0.0000,463.7194,0.01183344,57.9649,55.6772,425.0761,427.3638,0.01084732,0.0109057,0.00049306,4.6858,5.6707,0.0774,15.5820,0.2688,1264.1035,201.3548,4.5499,4.6885,2.0771,4.1543,6.1317,8.4025,10.5031,18.5864,3.9466,-2.0771,2.528253,4.474023,1.127938,29,192,48,6,0.01915741,0.01232650,0.05216444,0E-8,0.000000,0.903271,0.017936,-0.04061604,2026-05-16,2026-07-20,31,1797,733,66,0.469697,0.970424,0.970991,0.063858,,,,,,,,GLOBAL_BASELINE_NO_ENTITY_RANKING,,,NOT_APPLICABLE_GLOBAL_BASELINE,HF9g-P5,,,,X 全窗基线 · 不参与实体赏罚,8395606,840,A168_HF9F_20260827_0900,2026-08-27 09:00:00
2026-06-18,150107794,1402,0,20.7714517169,16.6171613735,16.6171613735,0.8000000,5,5,0.41351696000000000,0.413516960000,1.7548542454492226,1.7548542454492226,1.7548542454492226,0E-17,ELIGIBLE,R03b_20260811_FULL_v1,L1_ELIGIBILITY,v2026-08-11,2026-03-21..2026-08-06,baccarat_bet02_101_all_pairs_incl_sentinel,round_win = game_pnl > 0 (decisive only),COMPATIBILITY_ONLY_NOT_PRODUCTION,39187.2093,35396.6747,483.0410,8363,6242,-0.01232650,-0.05216444,-0.01154840,-0.01232650,-483.0410,39187.2093,OK,0.0000,19.3216,4.0000,96.0000,AG03-UNRESOLVED,ALL5_LEVELS_bet23_to_bet27,19.3216,19.3216,19.3216,0.0000,0.0000,4.000000,4.000000,4.000000,0.000000,0.000000,96.000000,96.000000,96.000000,100.000000,100.000000,5.0,57.9649,55.6772,425.0761,427.3638,PENDING_AG03,FALSE,NOT_FOR_ENFORCEMENT,463.7194,33980.8077,483.0410,463.7194,19.3216,0.01232650,0.01183344,19.3216,463.7194,0.01183344,19.3216,19.3216,19.3216,0.0000,0.0000,463.7194,0.01183344,57.9649,55.6772,425.0761,427.3638,0.01084732,0.0109057,0.00049306,4.6858,5.6707,0.0774,15.5820,0.2688,1264.1035,201.3548,4.5499,4.6885,2.0771,4.1543,6.1317,8.4025,10.5031,18.5864,3.9466,-2.0771,2.528253,4.474023,1.127938,29,192,48,6,0.01915741,0.01232650,0.05216444,0E-8,0.000000,0.903271,0.017936,-0.04061604,2026-05-16,2026-07-20,31,1797,733,66,0.469697,0.970424,0.970991,0.063858,,,,,,,,GLOBAL_BASELINE_NO_ENTITY_RANKING,,,NOT_APPLICABLE_GLOBAL_BASELINE,HF9g-P5,,,,X 全窗基线 · 不参与实体赏罚,8395607,840,A168_HF9F_20260827_0900,2026-08-27 09:00:00
2026-06-18,150107794,1405,0,46.9434808800,14.4361589433,14.4361589433,0.8000000,13,12,0.48375491470593769,0.478869587500,2.0011660422437556,2.0328231581771012,2.0011660422437556,0.00488532720593769,ELIGIBLE,R03b_20260811_FULL_v1,L1_ELIGIBILITY,v2026-08-11,2026-03-21..2026-08-06,baccarat_bet02_101_all_pairs_incl_sentinel,round_win = game_pnl > 0 (decisive only),COMPATIBILITY_ONLY_NOT_PRODUCTION,39187.2093,35396.6747,483.0410,8363,6242,-0.01232650,-0.05216444,-0.01154840,-0.01232650,-483.0410,39187.2093,OK,0.0000,19.3216,4.0000,96.0000,AG03-UNRESOLVED,ALL5_LEVELS_bet23_to_bet27,19.3216,19.3216,19.3216,0.0000,0.0000,4.000000,4.000000,4.000000,0.000000,0.000000,96.000000,96.000000,96.000000,100.000000,100.000000,5.0,57.9649,55.6772,425.0761,427.3638,PENDING_AG03,FALSE,NOT_FOR_ENFORCEMENT,463.7194,33980.8077,483.0410,463.7194,19.3216,0.01232650,0.01183344,19.3216,463.7194,0.01183344,19.3216,19.3216,19.3216,0.0000,0.0000,463.7194,0.01183344,57.9649,55.6772,425.0761,427.3638,0.01084732,0.0109057,0.00049306,4.6858,5.6707,0.0774,15.5820,0.2688,1264.1035,201.3548,4.5499,4.6885,2.0771,4.1543,6.1317,8.4025,10.5031,18.5864,3.9466,-2.0771,2.528253,4.474023,1.127938,29,192,48,6,0.01915741,0.01232650,0.05216444,0E-8,0.000000,0.903271,0.017936,-0.04061604,2026-05-16,2026-07-20,31,1797,733,66,0.469697,0.970424,0.970991,0.063858,,,,,,,,GLOBAL_BASELINE_NO_ENTITY_RANKING,,,NOT_APPLICABLE_GLOBAL_BASELINE,HF9g-P5,,,,X 全窗基线 · 不参与实体赏罚,8395608,840,A168_HF9F_20260827_0900,2026-08-27 09:00:00
2026-06-18,150107794,1509,0,4.1542903434,-4.1542903434,-4.1542903434,0E-7,1,1,0.50665070000000000,0.506650700000,-1.013391052207602,-1.013391052207602,-1.013391052207602,0E-17,ELIGIBLE,R03b_20260811_FULL_v1,L1_ELIGIBILITY,v2026-08-11,2026-03-21..2026-08-06,baccarat_bet02_101_all_pairs_incl_sentinel,round_win = game_pnl > 0 (decisive only),COMPATIBILITY_ONLY_NOT_PRODUCTION,39187.2093,35396.6747,483.0410,8363,6242,-0.01232650,-0.05216444,-0.01154840,-0.01232650,-483.0410,39187.2093,OK,0.0000,19.3216,4.0000,96.0000,AG03-UNRESOLVED,ALL5_LEVELS_bet23_to_bet27,19.3216,19.3216,19.3216,0.0000,0.0000,4.000000,4.000000,4.000000,0.000000,0.000000,96.000000,96.000000,96.000000,100.000000,100.000000,5.0,57.9649,55.6772,425.0761,427.3638,PENDING_AG03,FALSE,NOT_FOR_ENFORCEMENT,463.7194,33980.8077,483.0410,463.7194,19.3216,0.01232650,0.01183344,19.3216,463.7194,0.01183344,19.3216,19.3216,19.3216,0.0000,0.0000,463.7194,0.01183344,57.9649,55.6772,425.0761,427.3638,0.01084732,0.0109057,0.00049306,4.6858,5.6707,0.0774,15.5820,0.2688,1264.1035,201.3548,4.5499,4.6885,2.0771,4.1543,6.1317,8.4025,10.5031,18.5864,3.9466,-2.0771,2.528253,4.474023,1.127938,29,192,48,6,0.01915741,0.01232650,0.05216444,0E-8,0.000000,0.903271,0.017936,-0.04061604,2026-05-16,2026-07-20,31,1797,733,66,0.469697,0.970424,0.970991,0.063858,,,,,,,,GLOBAL_BASELINE_NO_ENTITY_RANKING,,,NOT_APPLICABLE_GLOBAL_BASELINE,HF9g-P5,,,,X 全窗基线 · 不参与实体赏罚,8395609,840,A168_HF9F_20260827_0900,2026-08-27 09:00:00
2026-06-18,150107794,1645,0,4.7774338949,-4.7774338949,-4.7774338949,0E-7,1,1,0.49324550000000000,0.493245500000,-0.9865810262130424,-0.9865810262130424,-0.9865810262130424,0E-17,ELIGIBLE,R03b_20260811_FULL_v1,L1_ELIGIBILITY,v2026-08-11,2026-03-21..2026-08-06,baccarat_bet02_101_all_pairs_incl_sentinel,round_win = game_pnl > 0 (decisive only),COMPATIBILITY_ONLY_NOT_PRODUCTION,39187.2093,35396.6747,483.0410,8363,6242,-0.01232650,-0.05216444,-0.01154840,-0.01232650,-483.0410,39187.2093,OK,0.0000,19.3216,4.0000,96.0000,AG03-UNRESOLVED,ALL5_LEVELS_bet23_to_bet27,19.3216,19.3216,19.3216,0.0000,0.0000,4.000000,4.000000,4.000000,0.000000,0.000000,96.000000,96.000000,96.000000,100.000000,100.000000,5.0,57.9649,55.6772,425.0761,427.3638,PENDING_AG03,FALSE,NOT_FOR_ENFORCEMENT,463.7194,33980.8077,483.0410,463.7194,19.3216,0.01232650,0.01183344,19.3216,463.7194,0.01183344,19.3216,19.3216,19.3216,0.0000,0.0000,463.7194,0.01183344,57.9649,55.6772,425.0761,427.3638,0.01084732,0.0109057,0.00049306,4.6858,5.6707,0.0774,15.5820,0.2688,1264.1035,201.3548,4.5499,4.6885,2.0771,4.1543,6.1317,8.4025,10.5031,18.5864,3.9466,-2.0771,2.528253,4.474023,1.127938,29,192,48,6,0.01915741,0.01232650,0.05216444,0E-8,0.000000,0.903271,0.017936,-0.04061604,2026-05-16,2026-07-20,31,1797,733,66,0.469697,0.970424,0.970991,0.063858,,,,,,,,GLOBAL_BASELINE_NO_ENTITY_RANKING,,,NOT_APPLICABLE_GLOBAL_BASELINE,HF9g-P5,,,,X 全窗基线 · 不参与实体赏罚,8395610,840,A168_HF9F_20260827_0900,2026-08-27 09:00:00
2026-06-18,150107794,1940,0,12.6705855473,5.6186776894,5.6186776894,0.7500000,5,5,0.50396966000000000,0.503969660000,0.9841523774297893,0.9841523774297894,0.9841523774297893,0E-17,ELIGIBLE,R03b_20260811_FULL_v1,L1_ELIGIBILITY,v2026-08-11,2026-03-21..2026-08-06,baccarat_bet02_101_all_pairs_incl_sentinel,round_win = game_pnl > 0 (decisive only),COMPATIBILITY_ONLY_NOT_PRODUCTION,39187.2093,35396.6747,483.0410,8363,6242,-0.01232650,-0.05216444,-0.01154840,-0.01232650,-483.0410,39187.2093,OK,0.0000,19.3216,4.0000,96.0000,AG03-UNRESOLVED,ALL5_LEVELS_bet23_to_bet27,19.3216,19.3216,19.3216,0.0000,0.0000,4.000000,4.000000,4.000000,0.000000,0.000000,96.000000,96.000000,96.000000,100.000000,100.000000,5.0,57.9649,55.6772,425.0761,427.3638,PENDING_AG03,FALSE,NOT_FOR_ENFORCEMENT,463.7194,33980.8077,483.0410,463.7194,19.3216,0.01232650,0.01183344,19.3216,463.7194,0.01183344,19.3216,19.3216,19.3216,0.0000,0.0000,463.7194,0.01183344,57.9649,55.6772,425.0761,427.3638,0.01084732,0.0109057,0.00049306,4.6858,5.6707,0.0774,15.5820,0.2688,1264.1035,201.3548,4.5499,4.6885,2.0771,4.1543,6.1317,8.4025,10.5031,18.5864,3.9466,-2.0771,2.528253,4.474023,1.127938,29,192,48,6,0.01915741,0.01232650,0.05216444,0E-8,0.000000,0.903271,0.017936,-0.04061604,2026-05-16,2026-07-20,31,1797,733,66,0.469697,0.970424,0.970991,0.063858,,,,,,,,GLOBAL_BASELINE_NO_ENTITY_RANKING,,,NOT_APPLICABLE_GLOBAL_BASELINE,HF9g-P5,,,,X 全窗基线 · 不参与实体赏罚,8395611,840,A168_HF9F_20260827_0900,2026-08-27 09:00:00
2026-06-18,150107794,1957,0,21.3945952684,10.2507114222,10.2507114222,0.8333333,8,7,0.47434616428571429,0.474346164286,1.7609901874132317,1.7609901874117784,1.7609901874132317,-2.8571E-13,ELIGIBLE,R03b_20260811_FULL_v1,L1_ELIGIBILITY,v2026-08-11,2026-03-21..2026-08-06,baccarat_bet02_101_all_pairs_incl_sentinel,round_win = game_pnl > 0 (decisive only),COMPATIBILITY_ONLY_NOT_PRODUCTION,39187.2093,35396.6747,483.0410,8363,6242,-0.01232650,-0.05216444,-0.01154840,-0.01232650,-483.0410,39187.2093,OK,0.0000,19.3216,4.0000,96.0000,AG03-UNRESOLVED,ALL5_LEVELS_bet23_to_bet27,19.3216,19.3216,19.3216,0.0000,0.0000,4.000000,4.000000,4.000000,0.000000,0.000000,96.000000,96.000000,96.000000,100.000000,100.000000,5.0,57.9649,55.6772,425.0761,427.3638,PENDING_AG03,FALSE,NOT_FOR_ENFORCEMENT,463.7194,33980.8077,483.0410,463.7194,19.3216,0.01232650,0.01183344,19.3216,463.7194,0.01183344,19.3216,19.3216,19.3216,0.0000,0.0000,463.7194,0.01183344,57.9649,55.6772,425.0761,427.3638,0.01084732,0.0109057,0.00049306,4.6858,5.6707,0.0774,15.5820,0.2688,1264.1035,201.3548,4.5499,4.6885,2.0771,4.1543,6.1317,8.4025,10.5031,18.5864,3.9466,-2.0771,2.528253,4.474023,1.127938,29,192,48,6,0.01915741,0.01232650,0.05216444,0E-8,0.000000,0.903271,0.017936,-0.04061604,2026-05-16,2026-07-20,31,1797,733,66,0.469697,0.970424,0.970991,0.063858,,,,,,,,GLOBAL_BASELINE_NO_ENTITY_RANKING,,,NOT_APPLICABLE_GLOBAL_BASELINE,HF9g-P5,,,,X 全窗基线 · 不参与实体赏罚,8395612,840,A168_HF9F_20260827_0900,2026-08-27 09:00:00
2026-06-18,150107794,1991,0,4.1542903434,-4.1542903434,-4.1542903434,0E-7,1,1,0.49324550000000000,0.493245500000,-0.9865810262130424,-0.9865810262130424,-0.9865810262130424,0E-17,ELIGIBLE,R03b_20260811_FULL_v1,L1_ELIGIBILITY,v2026-08-11,2026-03-21..2026-08-06,baccarat_bet02_101_all_pairs_incl_sentinel,round_win = game_pnl > 0 (decisive only),COMPATIBILITY_ONLY_NOT_PRODUCTION,39187.2093,35396.6747,483.0410,8363,6242,-0.01232650,-0.05216444,-0.01154840,-0.01232650,-483.0410,39187.2093,OK,0.0000,19.3216,4.0000,96.0000,AG03-UNRESOLVED,ALL5_LEVELS_bet23_to_bet27,19.3216,19.3216,19.3216,0.0000,0.0000,4.000000,4.000000,4.000000,0.000000,0.000000,96.000000,96.000000,96.000000,100.000000,100.000000,5.0,57.9649,55.6772,425.0761,427.3638,PENDING_AG03,FALSE,NOT_FOR_ENFORCEMENT,463.7194,33980.8077,483.0410,463.7194,19.3216,0.01232650,0.01183344,19.3216,463.7194,0.01183344,19.3216,19.3216,19.3216,0.0000,0.0000,463.7194,0.01183344,57.9649,55.6772,425.0761,427.3638,0.01084732,0.0109057,0.00049306,4.6858,5.6707,0.0774,15.5820,0.2688,1264.1035,201.3548,4.5499,4.6885,2.0771,4.1543,6.1317,8.4025,10.5031,18.5864,3.9466,-2.0771,2.528253,4.474023,1.127938,29,192,48,6,0.01915741,0.01232650,0.05216444,0E-8,0.000000,0.903271,0.017936,-0.04061604,2026-05-16,2026-07-20,31,1797,733,66,0.469697,0.970424,0.970991,0.063858,,,,,,,,GLOBAL_BASELINE_NO_ENTITY_RANKING,,,NOT_APPLICABLE_GLOBAL_BASELINE,HF9g-P5,,,,X 全窗基线 · 不参与实体赏罚,8395613,840,A168_HF9F_20260827_0900,2026-08-27 09:00:00
2026-06-18,150107794,2066,0,2.0771451717,-2.0771451717,-2.0771451717,0E-7,1,1,0.50665070000000000,0.506650700000,-1.013391052207602,-1.013391052207602,-1.013391052207602,0E-17,ELIGIBLE,R03b_20260811_FULL_v1,L1_ELIGIBILITY,v2026-08-11,2026-03-21..2026-08-06,baccarat_bet02_101_all_pairs_incl_sentinel,round_win = game_pnl > 0 (decisive only),COMPATIBILITY_ONLY_NOT_PRODUCTION,39187.2093,35396.6747,483.0410,8363,6242,-0.01232650,-0.05216444,-0.01154840,-0.01232650,-483.0410,39187.2093,OK,0.0000,19.3216,4.0000,96.0000,AG03-UNRESOLVED,ALL5_LEVELS_bet23_to_bet27,19.3216,19.3216,19.3216,0.0000,0.0000,4.000000,4.000000,4.000000,0.000000,0.000000,96.000000,96.000000,96.000000,100.000000,100.000000,5.0,57.9649,55.6772,425.0761,427.3638,PENDING_AG03,FALSE,NOT_FOR_ENFORCEMENT,463.7194,33980.8077,483.0410,463.7194,19.3216,0.01232650,0.01183344,19.3216,463.7194,0.01183344,19.3216,19.3216,19.3216,0.0000,0.0000,463.7194,0.01183344,57.9649,55.6772,425.0761,427.3638,0.01084732,0.0109057,0.00049306,4.6858,5.6707,0.0774,15.5820,0.2688,1264.1035,201.3548,4.5499,4.6885,2.0771,4.1543,6.1317,8.4025,10.5031,18.5864,3.9466,-2.0771,2.528253,4.474023,1.127938,29,192,48,6,0.01915741,0.01232650,0.05216444,0E-8,0.000000,0.903271,0.017936,-0.04061604,2026-05-16,2026-07-20,31,1797,733,66,0.469697,0.970424,0.970991,0.063858,,,,,,,,GLOBAL_BASELINE_NO_ENTITY_RANKING,,,NOT_APPLICABLE_GLOBAL_BASELINE,HF9g-P5,,,,X 全窗基线 · 不参与实体赏罚,8395614,840,A168_HF9F_20260827_0900,2026-08-27 09:00:00
2026-06-18,150107794,2088,0,14.3323016846,-2.1810024303,-2.1810024303,0.2500000,4,4,0.50329940000000000,0.503299400000,-1.013219660140378,-1.013219660140378,-1.013219660140378,0E-17,ELIGIBLE,R03b_20260811_FULL_v1,L1_ELIGIBILITY,v2026-08-11,2026-03-21..2026-08-06,baccarat_bet02_101_all_pairs_incl_sentinel,round_win = game_pnl > 0 (decisive only),COMPATIBILITY_ONLY_NOT_PRODUCTION,39187.2093,35396.6747,483.0410,8363,6242,-0.01232650,-0.05216444,-0.01154840,-0.01232650,-483.0410,39187.2093,OK,0.0000,19.3216,4.0000,96.0000,AG03-UNRESOLVED,ALL5_LEVELS_bet23_to_bet27,19.3216,19.3216,19.3216,0.0000,0.0000,4.000000,4.000000,4.000000,0.000000,0.000000,96.000000,96.000000,96.000000,100.000000,100.000000,5.0,57.9649,55.6772,425.0761,427.3638,PENDING_AG03,FALSE,NOT_FOR_ENFORCEMENT,463.7194,33980.8077,483.0410,463.7194,19.3216,0.01232650,0.01183344,19.3216,463.7194,0.01183344,19.3216,19.3216,19.3216,0.0000,0.0000,463.7194,0.01183344,57.9649,55.6772,425.0761,427.3638,0.01084732,0.0109057,0.00049306,4.6858,5.6707,0.0774,15.5820,0.2688,1264.1035,201.3548,4.5499,4.6885,2.0771,4.1543,6.1317,8.4025,10.5031,18.5864,3.9466,-2.0771,2.528253,4.474023,1.127938,29,192,48,6,0.01915741,0.01232650,0.05216444,0E-8,0.000000,0.903271,0.017936,-0.04061604,2026-05-16,2026-07-20,31,1797,733,66,0.469697,0.970424,0.970991,0.063858,,,,,,,,GLOBAL_BASELINE_NO_ENTITY_RANKING,,,NOT_APPLICABLE_GLOBAL_BASELINE,HF9g-P5,,,,X 全窗基线 · 不参与实体赏罚,8395615,840,A168_HF9F_20260827_0900,2026-08-27 09:00:00
2026-06-18,150107794,2115,0,20.1483081653,4.5697193777,4.5697193777,0.6000000,6,5,0.46808551333284353,0.457402790000,0.591144950842314,0.6400410775637855,0.591144950842314,0.01068272333284353,ELIGIBLE,R03b_20260811_FULL_v1,L1_ELIGIBILITY,v2026-08-11,2026-03-21..2026-08-06,baccarat_bet02_101_all_pairs_incl_sentinel,round_win = game_pnl > 0 (decisive only),COMPATIBILITY_ONLY_NOT_PRODUCTION,39187.2093,35396.6747,483.0410,8363,6242,-0.01232650,-0.05216444,-0.01154840,-0.01232650,-483.0410,39187.2093,OK,0.0000,19.3216,4.0000,96.0000,AG03-UNRESOLVED,ALL5_LEVELS_bet23_to_bet27,19.3216,19.3216,19.3216,0.0000,0.0000,4.000000,4.000000,4.000000,0.000000,0.000000,96.000000,96.000000,96.000000,100.000000,100.000000,5.0,57.9649,55.6772,425.0761,427.3638,PENDING_AG03,FALSE,NOT_FOR_ENFORCEMENT,463.7194,33980.8077,483.0410,463.7194,19.3216,0.01232650,0.01183344,19.3216,463.7194,0.01183344,19.3216,19.3216,19.3216,0.0000,0.0000,463.7194,0.01183344,57.9649,55.6772,425.0761,427.3638,0.01084732,0.0109057,0.00049306,4.6858,5.6707,0.0774,15.5820,0.2688,1264.1035,201.3548,4.5499,4.6885,2.0771,4.1543,6.1317,8.4025,10.5031,18.5864,3.9466,-2.0771,2.528253,4.474023,1.127938,29,192,48,6,0.01915741,0.01232650,0.05216444,0E-8,0.000000,0.903271,0.017936,-0.04061604,2026-05-16,2026-07-20,31,1797,733,66,0.469697,0.970424,0.970991,0.063858,,,,,,,,GLOBAL_BASELINE_NO_ENTITY_RANKING,,,NOT_APPLICABLE_GLOBAL_BASELINE,HF9g-P5,,,,X 全窗基线 · 不参与实体赏罚,8395616,840,A168_HF9F_20260827_0900,2026-08-27 09:00:00
2026-06-18,150107794,2142,0,13.9168726503,9.7625823069,9.7625823069,0.6666667,3,3,0.49771390000000000,0.497713900000,0.5852756695216578,0.5852756695216578,0.5852756695216578,0E-17,ELIGIBLE,R03b_20260811_FULL_v1,L1_ELIGIBILITY,v2026-08-11,2026-03-21..2026-08-06,baccarat_bet02_101_all_pairs_incl_sentinel,round_win = game_pnl > 0 (decisive only),COMPATIBILITY_ONLY_NOT_PRODUCTION,39187.2093,35396.6747,483.0410,8363,6242,-0.01232650,-0.05216444,-0.01154840,-0.01232650,-483.0410,39187.2093,OK,0.0000,19.3216,4.0000,96.0000,AG03-UNRESOLVED,ALL5_LEVELS_bet23_to_bet27,19.3216,19.3216,19.3216,0.0000,0.0000,4.000000,4.000000,4.000000,0.000000,0.000000,96.000000,96.000000,96.000000,100.000000,100.000000,5.0,57.9649,55.6772,425.0761,427.3638,PENDING_AG03,FALSE,NOT_FOR_ENFORCEMENT,463.7194,33980.8077,483.0410,463.7194,19.3216,0.01232650,0.01183344,19.3216,463.7194,0.01183344,19.3216,19.3216,19.3216,0.0000,0.0000,463.7194,0.01183344,57.9649,55.6772,425.0761,427.3638,0.01084732,0.0109057,0.00049306,4.6858,5.6707,0.0774,15.5820,0.2688,1264.1035,201.3548,4.5499,4.6885,2.0771,4.1543,6.1317,8.4025,10.5031,18.5864,3.9466,-2.0771,2.528253,4.474023,1.127938,29,192,48,6,0.01915741,0.01232650,0.05216444,0E-8,0.000000,0.903271,0.017936,-0.04061604,2026-05-16,2026-07-20,31,1797,733,66,0.469697,0.970424,0.970991,0.063858,,,,,,,,GLOBAL_BASELINE_NO_ENTITY_RANKING,,,NOT_APPLICABLE_GLOBAL_BASELINE,HF9g-P5,,,,X 全窗基线 · 不参与实体赏罚,8395617,840,A168_HF9F_20260827_0900,2026-08-27 09:00:00
2026-06-18,150107794,2153,0,8.3085806868,0E-10,0E-10,0.6666667,3,3,0.49324550000000000,0.493245500000,0.6008033672792107,0.6008033672792106,0.6008033672792107,0E-17,ELIGIBLE,R03b_20260811_FULL_v1,L1_ELIGIBILITY,v2026-08-11,2026-03-21..2026-08-06,baccarat_bet02_101_all_pairs_incl_sentinel,round_win = game_pnl > 0 (decisive only),COMPATIBILITY_ONLY_NOT_PRODUCTION,39187.2093,35396.6747,483.0410,8363,6242,-0.01232650,-0.05216444,-0.01154840,-0.01232650,-483.0410,39187.2093,OK,0.0000,19.3216,4.0000,96.0000,AG03-UNRESOLVED,ALL5_LEVELS_bet23_to_bet27,19.3216,19.3216,19.3216,0.0000,0.0000,4.000000,4.000000,4.000000,0.000000,0.000000,96.000000,96.000000,96.000000,100.000000,100.000000,5.0,57.9649,55.6772,425.0761,427.3638,PENDING_AG03,FALSE,NOT_FOR_ENFORCEMENT,463.7194,33980.8077,483.0410,463.7194,19.3216,0.01232650,0.01183344,19.3216,463.7194,0.01183344,19.3216,19.3216,19.3216,0.0000,0.0000,463.7194,0.01183344,57.9649,55.6772,425.0761,427.3638,0.01084732,0.0109057,0.00049306,4.6858,5.6707,0.0774,15.5820,0.2688,1264.1035,201.3548,4.5499,4.6885,2.0771,4.1543,6.1317,8.4025,10.5031,18.5864,3.9466,-2.0771,2.528253,4.474023,1.127938,29,192,48,6,0.01915741,0.01232650,0.05216444,0E-8,0.000000,0.903271,0.017936,-0.04061604,2026-05-16,2026-07-20,31,1797,733,66,0.469697,0.970424,0.970991,0.063858,,,,,,,,GLOBAL_BASELINE_NO_ENTITY_RANKING,,,NOT_APPLICABLE_GLOBAL_BASELINE,HF9g-P5,,,,X 全窗基线 · 不参与实体赏罚,8395618,840,A168_HF9F_20260827_0900,2026-08-27 09:00:00
2026-06-18,150107794,2155,0,8.3085806868,8.3085806868,8.3085806868,1.0000000,2,2,0.49324550000000000,0.493245500000,1.4334489766152358,1.4334489766152358,1.4334489766152358,0E-17,ELIGIBLE,R03b_20260811_FULL_v1,L1_ELIGIBILITY,v2026-08-11,2026-03-21..2026-08-06,baccarat_bet02_101_all_pairs_incl_sentinel,round_win = game_pnl > 0 (decisive only),COMPATIBILITY_ONLY_NOT_PRODUCTION,39187.2093,35396.6747,483.0410,8363,6242,-0.01232650,-0.05216444,-0.01154840,-0.01232650,-483.0410,39187.2093,OK,0.0000,19.3216,4.0000,96.0000,AG03-UNRESOLVED,ALL5_LEVELS_bet23_to_bet27,19.3216,19.3216,19.3216,0.0000,0.0000,4.000000,4.000000,4.000000,0.000000,0.000000,96.000000,96.000000,96.000000,100.000000,100.000000,5.0,57.9649,55.6772,425.0761,427.3638,PENDING_AG03,FALSE,NOT_FOR_ENFORCEMENT,463.7194,33980.8077,483.0410,463.7194,19.3216,0.01232650,0.01183344,19.3216,463.7194,0.01183344,19.3216,19.3216,19.3216,0.0000,0.0000,463.7194,0.01183344,57.9649,55.6772,425.0761,427.3638,0.01084732,0.0109057,0.00049306,4.6858,5.6707,0.0774,15.5820,0.2688,1264.1035,201.3548,4.5499,4.6885,2.0771,4.1543,6.1317,8.4025,10.5031,18.5864,3.9466,-2.0771,2.528253,4.474023,1.127938,29,192,48,6,0.01915741,0.01232650,0.05216444,0E-8,0.000000,0.903271,0.017936,-0.04061604,2026-05-16,2026-07-20,31,1797,733,66,0.469697,0.970424,0.970991,0.063858,,,,,,,,GLOBAL_BASELINE_NO_ENTITY_RANKING,,,NOT_APPLICABLE_GLOBAL_BASELINE,HF9g-P5,,,,X 全窗基线 · 不参与实体赏罚,8395619,840,A168_HF9F_20260827_0900,2026-08-27 09:00:00
2026-06-18,150107794,2201,0,15.5785887877,-5.1928629293,-5.1928629293,0.2500000,4,4,0.49659680000000000,0.496596800000,-0.9864100490137353,-0.9864100490137354,-0.9864100490137353,0E-17,ELIGIBLE,R03b_20260811_FULL_v1,L1_ELIGIBILITY,v2026-08-11,2026-03-21..2026-08-06,baccarat_bet02_101_all_pairs_incl_sentinel,round_win = game_pnl > 0 (decisive only),COMPATIBILITY_ONLY_NOT_PRODUCTION,39187.2093,35396.6747,483.0410,8363,6242,-0.01232650,-0.05216444,-0.01154840,-0.01232650,-483.0410,39187.2093,OK,0.0000,19.3216,4.0000,96.0000,AG03-UNRESOLVED,ALL5_LEVELS_bet23_to_bet27,19.3216,19.3216,19.3216,0.0000,0.0000,4.000000,4.000000,4.000000,0.000000,0.000000,96.000000,96.000000,96.000000,100.000000,100.000000,5.0,57.9649,55.6772,425.0761,427.3638,PENDING_AG03,FALSE,NOT_FOR_ENFORCEMENT,463.7194,33980.8077,483.0410,463.7194,19.3216,0.01232650,0.01183344,19.3216,463.7194,0.01183344,19.3216,19.3216,19.3216,0.0000,0.0000,463.7194,0.01183344,57.9649,55.6772,425.0761,427.3638,0.01084732,0.0109057,0.00049306,4.6858,5.6707,0.0774,15.5820,0.2688,1264.1035,201.3548,4.5499,4.6885,2.0771,4.1543,6.1317,8.4025,10.5031,18.5864,3.9466,-2.0771,2.528253,4.474023,1.127938,29,192,48,6,0.01915741,0.01232650,0.05216444,0E-8,0.000000,0.903271,0.017936,-0.04061604,2026-05-16,2026-07-20,31,1797,733,66,0.469697,0.970424,0.970991,0.063858,,,,,,,,GLOBAL_BASELINE_NO_ENTITY_RANKING,,,NOT_APPLICABLE_GLOBAL_BASELINE,HF9g-P5,,,,X 全窗基线 · 不参与实体赏罚,8395620,840,A168_HF9F_20260827_0900,2026-08-27 09:00:00
2026-06-18,150107794,2205,0,26.5874581976,7.5815798765,7.5815798765,0.8000000,7,6,0.48152495000000000,0.470079175000,1.425236999280437,1.4780997119683907,1.425236999280437,0.01144577500000000,ELIGIBLE,R03b_20260811_FULL_v1,L1_ELIGIBILITY,v2026-08-11,2026-03-21..2026-08-06,baccarat_bet02_101_all_pairs_incl_sentinel,round_win = game_pnl > 0 (decisive only),COMPATIBILITY_ONLY_NOT_PRODUCTION,39187.2093,35396.6747,483.0410,8363,6242,-0.01232650,-0.05216444,-0.01154840,-0.01232650,-483.0410,39187.2093,OK,0.0000,19.3216,4.0000,96.0000,AG03-UNRESOLVED,ALL5_LEVELS_bet23_to_bet27,19.3216,19.3216,19.3216,0.0000,0.0000,4.000000,4.000000,4.000000,0.000000,0.000000,96.000000,96.000000,96.000000,100.000000,100.000000,5.0,57.9649,55.6772,425.0761,427.3638,PENDING_AG03,FALSE,NOT_FOR_ENFORCEMENT,463.7194,33980.8077,483.0410,463.7194,19.3216,0.01232650,0.01183344,19.3216,463.7194,0.01183344,19.3216,19.3216,19.3216,0.0000,0.0000,463.7194,0.01183344,57.9649,55.6772,425.0761,427.3638,0.01084732,0.0109057,0.00049306,4.6858,5.6707,0.0774,15.5820,0.2688,1264.1035,201.3548,4.5499,4.6885,2.0771,4.1543,6.1317,8.4025,10.5031,18.5864,3.9466,-2.0771,2.528253,4.474023,1.127938,29,192,48,6,0.01915741,0.01232650,0.05216444,0E-8,0.000000,0.903271,0.017936,-0.04061604,2026-05-16,2026-07-20,31,1797,733,66,0.469697,0.970424,0.970991,0.063858,,,,,,,,GLOBAL_BASELINE_NO_ENTITY_RANKING,,,NOT_APPLICABLE_GLOBAL_BASELINE,HF9g-P5,,,,X 全窗基线 · 不参与实体赏罚,8395621,840,A168_HF9F_20260827_0900,2026-08-27 09:00:00
2026-06-18,150107794,2209,0,2.0771451717,-2.0771451717,-2.0771451717,0E-7,1,1,0.50665070000000000,0.506650700000,-1.013391052207602,-1.013391052207602,-1.013391052207602,0E-17,ELIGIBLE,R03b_20260811_FULL_v1,L1_ELIGIBILITY,v2026-08-11,2026-03-21..2026-08-06,baccarat_bet02_101_all_pairs_incl_sentinel,round_win = game_pnl > 0 (decisive only),COMPATIBILITY_ONLY_NOT_PRODUCTION,39187.2093,35396.6747,483.0410,8363,6242,-0.01232650,-0.05216444,-0.01154840,-0.01232650,-483.0410,39187.2093,OK,0.0000,19.3216,4.0000,96.0000,AG03-UNRESOLVED,ALL5_LEVELS_bet23_to_bet27,19.3216,19.3216,19.3216,0.0000,0.0000,4.000000,4.000000,4.000000,0.000000,0.000000,96.000000,96.000000,96.000000,100.000000,100.000000,5.0,57.9649,55.6772,425.0761,427.3638,PENDING_AG03,FALSE,NOT_FOR_ENFORCEMENT,463.7194,33980.8077,483.0410,463.7194,19.3216,0.01232650,0.01183344,19.3216,463.7194,0.01183344,19.3216,19.3216,19.3216,0.0000,0.0000,463.7194,0.01183344,57.9649,55.6772,425.0761,427.3638,0.01084732,0.0109057,0.00049306,4.6858,5.6707,0.0774,15.5820,0.2688,1264.1035,201.3548,4.5499,4.6885,2.0771,4.1543,6.1317,8.4025,10.5031,18.5864,3.9466,-2.0771,2.528253,4.474023,1.127938,29,192,48,6,0.01915741,0.01232650,0.05216444,0E-8,0.000000,0.903271,0.017936,-0.04061604,2026-05-16,2026-07-20,31,1797,733,66,0.469697,0.970424,0.970991,0.063858,,,,,,,,GLOBAL_BASELINE_NO_ENTITY_RANKING,,,NOT_APPLICABLE_GLOBAL_BASELINE,HF9g-P5,,,,X 全窗基线 · 不参与实体赏罚,8395622,840,A168_HF9F_20260827_0900,2026-08-27 09:00:00
2026-06-18,150107794,2218,0,6.2314355151,-4.1542903434,-4.1542903434,0E-7,3,2,0.40028742500000000,0.400287425000,-0.8169855886709065,-0.8169855886709065,-0.8169855886709065,0E-17,ELIGIBLE,R03b_20260811_FULL_v1,L1_ELIGIBILITY,v2026-08-11,2026-03-21..2026-08-06,baccarat_bet02_101_all_pairs_incl_sentinel,round_win = game_pnl > 0 (decisive only),COMPATIBILITY_ONLY_NOT_PRODUCTION,39187.2093,35396.6747,483.0410,8363,6242,-0.01232650,-0.05216444,-0.01154840,-0.01232650,-483.0410,39187.2093,OK,0.0000,19.3216,4.0000,96.0000,AG03-UNRESOLVED,ALL5_LEVELS_bet23_to_bet27,19.3216,19.3216,19.3216,0.0000,0.0000,4.000000,4.000000,4.000000,0.000000,0.000000,96.000000,96.000000,96.000000,100.000000,100.000000,5.0,57.9649,55.6772,425.0761,427.3638,PENDING_AG03,FALSE,NOT_FOR_ENFORCEMENT,463.7194,33980.8077,483.0410,463.7194,19.3216,0.01232650,0.01183344,19.3216,463.7194,0.01183344,19.3216,19.3216,19.3216,0.0000,0.0000,463.7194,0.01183344,57.9649,55.6772,425.0761,427.3638,0.01084732,0.0109057,0.00049306,4.6858,5.6707,0.0774,15.5820,0.2688,1264.1035,201.3548,4.5499,4.6885,2.0771,4.1543,6.1317,8.4025,10.5031,18.5864,3.9466,-2.0771,2.528253,4.474023,1.127938,29,192,48,6,0.01915741,0.01232650,0.05216444,0E-8,0.000000,0.903271,0.017936,-0.04061604,2026-05-16,2026-07-20,31,1797,733,66,0.469697,0.970424,0.970991,0.063858,,,,,,,,GLOBAL_BASELINE_NO_ENTITY_RANKING,,,NOT_APPLICABLE_GLOBAL_BASELINE,HF9g-P5,,,,X 全窗基线 · 不参与实体赏罚,8395623,840,A168_HF9F_20260827_0900,2026-08-27 09:00:00
2026-06-18,150107794,2223,0,34.6883243672,7.6854371352,7.6854371352,0.6666667,10,8,0.46484337871605850,0.445090812500,0.9911813598508383,1.092100949779196,0.9911813598508383,0.01975256621605850,ELIGIBLE,R03b_20260811_FULL_v1,L1_ELIGIBILITY,v2026-08-11,2026-03-21..2026-08-06,baccarat_bet02_101_all_pairs_incl_sentinel,round_win = game_pnl > 0 (decisive only),COMPATIBILITY_ONLY_NOT_PRODUCTION,39187.2093,35396.6747,483.0410,8363,6242,-0.01232650,-0.05216444,-0.01154840,-0.01232650,-483.0410,39187.2093,OK,0.0000,19.3216,4.0000,96.0000,AG03-UNRESOLVED,ALL5_LEVELS_bet23_to_bet27,19.3216,19.3216,19.3216,0.0000,0.0000,4.000000,4.000000,4.000000,0.000000,0.000000,96.000000,96.000000,96.000000,100.000000,100.000000,5.0,57.9649,55.6772,425.0761,427.3638,PENDING_AG03,FALSE,NOT_FOR_ENFORCEMENT,463.7194,33980.8077,483.0410,463.7194,19.3216,0.01232650,0.01183344,19.3216,463.7194,0.01183344,19.3216,19.3216,19.3216,0.0000,0.0000,463.7194,0.01183344,57.9649,55.6772,425.0761,427.3638,0.01084732,0.0109057,0.00049306,4.6858,5.6707,0.0774,15.5820,0.2688,1264.1035,201.3548,4.5499,4.6885,2.0771,4.1543,6.1317,8.4025,10.5031,18.5864,3.9466,-2.0771,2.528253,4.474023,1.127938,29,192,48,6,0.01915741,0.01232650,0.05216444,0E-8,0.000000,0.903271,0.017936,-0.04061604,2026-05-16,2026-07-20,31,1797,733,66,0.469697,0.970424,0.970991,0.063858,,,,,,,,GLOBAL_BASELINE_NO_ENTITY_RANKING,,,NOT_APPLICABLE_GLOBAL_BASELINE,HF9g-P5,,,,X 全窗基线 · 不参与实体赏罚,8395624,840,A168_HF9F_20260827_0900,2026-08-27 09:00:00
2026-06-18,150107794,2229,0,32.6111791954,-18.2269488815,-18.2269488815,0.2857143,8,7,0.47338865000000000,0.473388650000,-0.9944889119942613,-0.9944889119942615,-0.9944889119942613,0E-17,ELIGIBLE,R03b_20260811_FULL_v1,L1_ELIGIBILITY,v2026-08-11,2026-03-21..2026-08-06,baccarat_bet02_101_all_pairs_incl_sentinel,round_win = game_pnl > 0 (decisive only),COMPATIBILITY_ONLY_NOT_PRODUCTION,39187.2093,35396.6747,483.0410,8363,6242,-0.01232650,-0.05216444,-0.01154840,-0.01232650,-483.0410,39187.2093,OK,0.0000,19.3216,4.0000,96.0000,AG03-UNRESOLVED,ALL5_LEVELS_bet23_to_bet27,19.3216,19.3216,19.3216,0.0000,0.0000,4.000000,4.000000,4.000000,0.000000,0.000000,96.000000,96.000000,96.000000,100.000000,100.000000,5.0,57.9649,55.6772,425.0761,427.3638,PENDING_AG03,FALSE,NOT_FOR_ENFORCEMENT,463.7194,33980.8077,483.0410,463.7194,19.3216,0.01232650,0.01183344,19.3216,463.7194,0.01183344,19.3216,19.3216,19.3216,0.0000,0.0000,463.7194,0.01183344,57.9649,55.6772,425.0761,427.3638,0.01084732,0.0109057,0.00049306,4.6858,5.6707,0.0774,15.5820,0.2688,1264.1035,201.3548,4.5499,4.6885,2.0771,4.1543,6.1317,8.4025,10.5031,18.5864,3.9466,-2.0771,2.528253,4.474023,1.127938,29,192,48,6,0.01915741,0.01232650,0.05216444,0E-8,0.000000,0.903271,0.017936,-0.04061604,2026-05-16,2026-07-20,31,1797,733,66,0.469697,0.970424,0.970991,0.063858,,,,,,,,GLOBAL_BASELINE_NO_ENTITY_RANKING,,,NOT_APPLICABLE_GLOBAL_BASELINE,HF9g-P5,,,,X 全窗基线 · 不参与实体赏罚,8395625,840,A168_HF9F_20260827_0900,2026-08-27 09:00:00
2026-06-18,150107794,2235,0,30.5340340237,13.5222150677,13.5222150677,0.7142857,7,7,0.49707555714285714,0.497075557143,1.149387776212595,1.1493877762118374,1.149387776212595,-1.4286E-13,ELIGIBLE,R03b_20260811_FULL_v1,L1_ELIGIBILITY,v2026-08-11,2026-03-21..2026-08-06,baccarat_bet02_101_all_pairs_incl_sentinel,round_win = game_pnl > 0 (decisive only),COMPATIBILITY_ONLY_NOT_PRODUCTION,39187.2093,35396.6747,483.0410,8363,6242,-0.01232650,-0.05216444,-0.01154840,-0.01232650,-483.0410,39187.2093,OK,0.0000,19.3216,4.0000,96.0000,AG03-UNRESOLVED,ALL5_LEVELS_bet23_to_bet27,19.3216,19.3216,19.3216,0.0000,0.0000,4.000000,4.000000,4.000000,0.000000,0.000000,96.000000,96.000000,96.000000,100.000000,100.000000,5.0,57.9649,55.6772,425.0761,427.3638,PENDING_AG03,FALSE,NOT_FOR_ENFORCEMENT,463.7194,33980.8077,483.0410,463.7194,19.3216,0.01232650,0.01183344,19.3216,463.7194,0.01183344,19.3216,19.3216,19.3216,0.0000,0.0000,463.7194,0.01183344,57.9649,55.6772,425.0761,427.3638,0.01084732,0.0109057,0.00049306,4.6858,5.6707,0.0774,15.5820,0.2688,1264.1035,201.3548,4.5499,4.6885,2.0771,4.1543,6.1317,8.4025,10.5031,18.5864,3.9466,-2.0771,2.528253,4.474023,1.127938,29,192,48,6,0.01915741,0.01232650,0.05216444,0E-8,0.000000,0.903271,0.017936,-0.04061604,2026-05-16,2026-07-20,31,1797,733,66,0.469697,0.970424,0.970991,0.063858,,,,,,,,GLOBAL_BASELINE_NO_ENTITY_RANKING,,,NOT_APPLICABLE_GLOBAL_BASELINE,HF9g-P5,,,,X 全窗基线 · 不参与实体赏罚,8395626,840,A168_HF9F_20260827_0900,2026-08-27 09:00:00
2026-06-18,150107794,2242,0,10.3857258585,2.0771451717,2.0771451717,0.5000000,3,3,0.49771390000000000,0.497713900000,0.006466134837551399,0.0064661348375514,0.006466134837551399,0E-17,ELIGIBLE,R03b_20260811_FULL_v1,L1_ELIGIBILITY,v2026-08-11,2026-03-21..2026-08-06,baccarat_bet02_101_all_pairs_incl_sentinel,round_win = game_pnl > 0 (decisive only),COMPATIBILITY_ONLY_NOT_PRODUCTION,39187.2093,35396.6747,483.0410,8363,6242,-0.01232650,-0.05216444,-0.01154840,-0.01232650,-483.0410,39187.2093,OK,0.0000,19.3216,4.0000,96.0000,AG03-UNRESOLVED,ALL5_LEVELS_bet23_to_bet27,19.3216,19.3216,19.3216,0.0000,0.0000,4.000000,4.000000,4.000000,0.000000,0.000000,96.000000,96.000000,96.000000,100.000000,100.000000,5.0,57.9649,55.6772,425.0761,427.3638,PENDING_AG03,FALSE,NOT_FOR_ENFORCEMENT,463.7194,33980.8077,483.0410,463.7194,19.3216,0.01232650,0.01183344,19.3216,463.7194,0.01183344,19.3216,19.3216,19.3216,0.0000,0.0000,463.7194,0.01183344,57.9649,55.6772,425.0761,427.3638,0.01084732,0.0109057,0.00049306,4.6858,5.6707,0.0774,15.5820,0.2688,1264.1035,201.3548,4.5499,4.6885,2.0771,4.1543,6.1317,8.4025,10.5031,18.5864,3.9466,-2.0771,2.528253,4.474023,1.127938,29,192,48,6,0.01915741,0.01232650,0.05216444,0E-8,0.000000,0.903271,0.017936,-0.04061604,2026-05-16,2026-07-20,31,1797,733,66,0.469697,0.970424,0.970991,0.063858,,,,,,,,GLOBAL_BASELINE_NO_ENTITY_RANKING,,,NOT_APPLICABLE_GLOBAL_BASELINE,HF9g-P5,,,,X 全窗基线 · 不参与实体赏罚,8395627,840,A168_HF9F_20260827_0900,2026-08-27 09:00:00
2026-06-18,150107794,2246,0,10.1780113413,0E-10,0E-10,0.5000000,3,3,0.49771390000000000,0.497713900000,0.006466134837551399,0.0064661348375514,0.006466134837551399,0E-17,ELIGIBLE,R03b_20260811_FULL_v1,L1_ELIGIBILITY,v2026-08-11,2026-03-21..2026-08-06,baccarat_bet02_101_all_pairs_incl_sentinel,round_win = game_pnl > 0 (decisive only),COMPATIBILITY_ONLY_NOT_PRODUCTION,39187.2093,35396.6747,483.0410,8363,6242,-0.01232650,-0.05216444,-0.01154840,-0.01232650,-483.0410,39187.2093,OK,0.0000,19.3216,4.0000,96.0000,AG03-UNRESOLVED,ALL5_LEVELS_bet23_to_bet27,19.3216,19.3216,19.3216,0.0000,0.0000,4.000000,4.000000,4.000000,0.000000,0.000000,96.000000,96.000000,96.000000,100.000000,100.000000,5.0,57.9649,55.6772,425.0761,427.3638,PENDING_AG03,FALSE,NOT_FOR_ENFORCEMENT,463.7194,33980.8077,483.0410,463.7194,19.3216,0.01232650,0.01183344,19.3216,463.7194,0.01183344,19.3216,19.3216,19.3216,0.0000,0.0000,463.7194,0.01183344,57.9649,55.6772,425.0761,427.3638,0.01084732,0.0109057,0.00049306,4.6858,5.6707,0.0774,15.5820,0.2688,1264.1035,201.3548,4.5499,4.6885,2.0771,4.1543,6.1317,8.4025,10.5031,18.5864,3.9466,-2.0771,2.528253,4.474023,1.127938,29,192,48,6,0.01915741,0.01232650,0.05216444,0E-8,0.000000,0.903271,0.017936,-0.04061604,2026-05-16,2026-07-20,31,1797,733,66,0.469697,0.970424,0.970991,0.063858,,,,,,,,GLOBAL_BASELINE_NO_ENTITY_RANKING,,,NOT_APPLICABLE_GLOBAL_BASELINE,HF9g-P5,,,,X 全窗基线 · 不参与实体赏罚,8395628,840,A168_HF9F_20260827_0900,2026-08-27 09:00:00
2026-06-18,150107794,2254,0,16.6171613735,-16.6171613735,-16.6171613735,0E-7,5,5,0.50128862000000000,0.501288620000,-2.241838306677593,-2.241838306677593,-2.241838306677593,0E-17,ELIGIBLE,R03b_20260811_FULL_v1,L1_ELIGIBILITY,v2026-08-11,2026-03-21..2026-08-06,baccarat_bet02_101_all_pairs_incl_sentinel,round_win = game_pnl > 0 (decisive only),COMPATIBILITY_ONLY_NOT_PRODUCTION,39187.2093,35396.6747,483.0410,8363,6242,-0.01232650,-0.05216444,-0.01154840,-0.01232650,-483.0410,39187.2093,OK,0.0000,19.3216,4.0000,96.0000,AG03-UNRESOLVED,ALL5_LEVELS_bet23_to_bet27,19.3216,19.3216,19.3216,0.0000,0.0000,4.000000,4.000000,4.000000,0.000000,0.000000,96.000000,96.000000,96.000000,100.000000,100.000000,5.0,57.9649,55.6772,425.0761,427.3638,PENDING_AG03,FALSE,NOT_FOR_ENFORCEMENT,463.7194,33980.8077,483.0410,463.7194,19.3216,0.01232650,0.01183344,19.3216,463.7194,0.01183344,19.3216,19.3216,19.3216,0.0000,0.0000,463.7194,0.01183344,57.9649,55.6772,425.0761,427.3638,0.01084732,0.0109057,0.00049306,4.6858,5.6707,0.0774,15.5820,0.2688,1264.1035,201.3548,4.5499,4.6885,2.0771,4.1543,6.1317,8.4025,10.5031,18.5864,3.9466,-2.0771,2.528253,4.474023,1.127938,29,192,48,6,0.01915741,0.01232650,0.05216444,0E-8,0.000000,0.903271,0.017936,-0.04061604,2026-05-16,2026-07-20,31,1797,733,66,0.469697,0.970424,0.970991,0.063858,,,,,,,,GLOBAL_BASELINE_NO_ENTITY_RANKING,,,NOT_APPLICABLE_GLOBAL_BASELINE,HF9g-P5,,,,X 全窗基线 · 不参与实体赏罚,8395629,840,A168_HF9F_20260827_0900,2026-08-27 09:00:00
2026-06-18,150107794,529,0,39.8811872963,12.5251853852,12.5251853852,0.5714286,12,9,0.45499381481427058,0.435741850000,0.6186260411487501,0.723990407482497,0.6186260411487501,0.01925196481427058,ELIGIBLE,R03b_20260811_FULL_v1,L1_ELIGIBILITY,v2026-08-11,2026-03-21..2026-08-06,baccarat_bet02_101_all_pairs_incl_sentinel,round_win = game_pnl > 0 (decisive only),COMPATIBILITY_ONLY_NOT_PRODUCTION,39187.2093,35396.6747,483.0410,8363,6242,-0.01232650,-0.05216444,-0.01154840,-0.01232650,-483.0410,39187.2093,OK,0.0000,19.3216,4.0000,96.0000,AG03-UNRESOLVED,ALL5_LEVELS_bet23_to_bet27,19.3216,19.3216,19.3216,0.0000,0.0000,4.000000,4.000000,4.000000,0.000000,0.000000,96.000000,96.000000,96.000000,100.000000,100.000000,5.0,57.9649,55.6772,425.0761,427.3638,PENDING_AG03,FALSE,NOT_FOR_ENFORCEMENT,463.7194,33980.8077,483.0410,463.7194,19.3216,0.01232650,0.01183344,19.3216,463.7194,0.01183344,19.3216,19.3216,19.3216,0.0000,0.0000,463.7194,0.01183344,57.9649,55.6772,425.0761,427.3638,0.01084732,0.0109057,0.00049306,4.6858,5.6707,0.0774,15.5820,0.2688,1264.1035,201.3548,4.5499,4.6885,2.0771,4.1543,6.1317,8.4025,10.5031,18.5864,3.9466,-2.0771,2.528253,4.474023,1.127938,29,192,48,6,0.01915741,0.01232650,0.05216444,0E-8,0.000000,0.903271,0.017936,-0.04061604,2026-05-16,2026-07-20,31,1797,733,66,0.469697,0.970424,0.970991,0.063858,,,,,,,,GLOBAL_BASELINE_NO_ENTITY_RANKING,,,NOT_APPLICABLE_GLOBAL_BASELINE,HF9g-P5,,,,X 全窗基线 · 不参与实体赏罚,8395630,840,A168_HF9F_20260827_0900,2026-08-27 09:00:00
2026-06-18,150107794,752,0,2.0771451717,1.9732879131,1.9732879131,1.0000000,1,1,0.50665070000000000,0.506650700000,0.9867858985152569,0.9867858985152569,0.9867858985152569,0E-17,ELIGIBLE,R03b_20260811_FULL_v1,L1_ELIGIBILITY,v2026-08-11,2026-03-21..2026-08-06,baccarat_bet02_101_all_pairs_incl_sentinel,round_win = game_pnl > 0 (decisive only),COMPATIBILITY_ONLY_NOT_PRODUCTION,39187.2093,35396.6747,483.0410,8363,6242,-0.01232650,-0.05216444,-0.01154840,-0.01232650,-483.0410,39187.2093,OK,0.0000,19.3216,4.0000,96.0000,AG03-UNRESOLVED,ALL5_LEVELS_bet23_to_bet27,19.3216,19.3216,19.3216,0.0000,0.0000,4.000000,4.000000,4.000000,0.000000,0.000000,96.000000,96.000000,96.000000,100.000000,100.000000,5.0,57.9649,55.6772,425.0761,427.3638,PENDING_AG03,FALSE,NOT_FOR_ENFORCEMENT,463.7194,33980.8077,483.0410,463.7194,19.3216,0.01232650,0.01183344,19.3216,463.7194,0.01183344,19.3216,19.3216,19.3216,0.0000,0.0000,463.7194,0.01183344,57.9649,55.6772,425.0761,427.3638,0.01084732,0.0109057,0.00049306,4.6858,5.6707,0.0774,15.5820,0.2688,1264.1035,201.3548,4.5499,4.6885,2.0771,4.1543,6.1317,8.4025,10.5031,18.5864,3.9466,-2.0771,2.528253,4.474023,1.127938,29,192,48,6,0.01915741,0.01232650,0.05216444,0E-8,0.000000,0.903271,0.017936,-0.04061604,2026-05-16,2026-07-20,31,1797,733,66,0.469697,0.970424,0.970991,0.063858,,,,,,,,GLOBAL_BASELINE_NO_ENTITY_RANKING,,,NOT_APPLICABLE_GLOBAL_BASELINE,HF9g-P5,,,,X 全窗基线 · 不参与实体赏罚,8395631,840,A168_HF9F_20260827_0900,2026-08-27 09:00:00
2026-06-18,150107794,763,0,8.3085806868,-8.3085806868,-8.3085806868,0E-7,3,3,0.50218230000000000,0.502182300000,-1.7396270863184011,-1.7396270863184016,-1.7396270863184011,0E-17,ELIGIBLE,R03b_20260811_FULL_v1,L1_ELIGIBILITY,v2026-08-11,2026-03-21..2026-08-06,baccarat_bet02_101_all_pairs_incl_sentinel,round_win = game_pnl > 0 (decisive only),COMPATIBILITY_ONLY_NOT_PRODUCTION,39187.2093,35396.6747,483.0410,8363,6242,-0.01232650,-0.05216444,-0.01154840,-0.01232650,-483.0410,39187.2093,OK,0.0000,19.3216,4.0000,96.0000,AG03-UNRESOLVED,ALL5_LEVELS_bet23_to_bet27,19.3216,19.3216,19.3216,0.0000,0.0000,4.000000,4.000000,4.000000,0.000000,0.000000,96.000000,96.000000,96.000000,100.000000,100.000000,5.0,57.9649,55.6772,425.0761,427.3638,PENDING_AG03,FALSE,NOT_FOR_ENFORCEMENT,463.7194,33980.8077,483.0410,463.7194,19.3216,0.01232650,0.01183344,19.3216,463.7194,0.01183344,19.3216,19.3216,19.3216,0.0000,0.0000,463.7194,0.01183344,57.9649,55.6772,425.0761,427.3638,0.01084732,0.0109057,0.00049306,4.6858,5.6707,0.0774,15.5820,0.2688,1264.1035,201.3548,4.5499,4.6885,2.0771,4.1543,6.1317,8.4025,10.5031,18.5864,3.9466,-2.0771,2.528253,4.474023,1.127938,29,192,48,6,0.01915741,0.01232650,0.05216444,0E-8,0.000000,0.903271,0.017936,-0.04061604,2026-05-16,2026-07-20,31,1797,733,66,0.469697,0.970424,0.970991,0.063858,,,,,,,,GLOBAL_BASELINE_NO_ENTITY_RANKING,,,NOT_APPLICABLE_GLOBAL_BASELINE,HF9g-P5,,,,X 全窗基线 · 不参与实体赏罚,8395632,840,A168_HF9F_20260827_0900,2026-08-27 09:00:00
2026-06-19,150107794,-1,1,812.9946201977,-57.1734208513,-57.1734208513,0.5136986,199,158,0.46383584608519462,0.440627341456,1.2081529239886553,1.7784303286484593,1.2081529239886553,0.02320850462919462,SENTINEL_DEALER,R03b_20260811_FULL_v1,L1_ELIGIBILITY,v2026-08-11,2026-03-21..2026-08-06,baccarat_bet02_101_all_pairs_incl_sentinel,round_win = game_pnl > 0 (decisive only),COMPATIBILITY_ONLY_NOT_PRODUCTION,39187.2093,35396.6747,483.0410,8363,6242,-0.01232650,-0.05216444,-0.01154840,-0.01232650,-483.0410,39187.2093,OK,0.0000,19.3216,4.0000,96.0000,AG03-UNRESOLVED,ALL5_LEVELS_bet23_to_bet27,19.3216,19.3216,19.3216,0.0000,0.0000,4.000000,4.000000,4.000000,0.000000,0.000000,96.000000,96.000000,96.000000,100.000000,100.000000,5.0,57.9649,55.6772,425.0761,427.3638,PENDING_AG03,FALSE,NOT_FOR_ENFORCEMENT,463.7194,33980.8077,483.0410,463.7194,19.3216,0.01232650,0.01183344,19.3216,463.7194,0.01183344,19.3216,19.3216,19.3216,0.0000,0.0000,463.7194,0.01183344,57.9649,55.6772,425.0761,427.3638,0.01084732,0.0109057,0.00049306,4.6858,5.6707,0.0774,15.5820,0.2688,1264.1035,201.3548,4.5499,4.6885,2.0771,4.1543,6.1317,8.4025,10.5031,18.5864,3.9466,-2.0771,2.528253,4.474023,1.127938,29,192,48,6,0.01915741,0.01232650,0.05216444,0E-8,0.000000,0.903271,0.017936,-0.04061604,2026-05-16,2026-07-20,31,1797,733,66,0.469697,0.970424,0.970991,0.063858,,,,,,,,GLOBAL_BASELINE_NO_ENTITY_RANKING,,,NOT_APPLICABLE_GLOBAL_BASELINE,HF9g-P5,,,,X 全窗基线 · 不参与实体赏罚,8395633,840,A168_HF9F_20260827_0900,2026-08-27 09:00:00
2026-06-19,150107794,1004,0,6.2314355150,-6.2314355150,-6.2314355150,0E-7,1,1,0.50665070000000000,0.506650700000,-1.013391052207602,-1.013391052207602,-1.013391052207602,0E-17,ELIGIBLE,R03b_20260811_FULL_v1,L1_ELIGIBILITY,v2026-08-11,2026-03-21..2026-08-06,baccarat_bet02_101_all_pairs_incl_sentinel,round_win = game_pnl > 0 (decisive only),COMPATIBILITY_ONLY_NOT_PRODUCTION,39187.2093,35396.6747,483.0410,8363,6242,-0.01232650,-0.05216444,-0.01154840,-0.01232650,-483.0410,39187.2093,OK,0.0000,19.3216,4.0000,96.0000,AG03-UNRESOLVED,ALL5_LEVELS_bet23_to_bet27,19.3216,19.3216,19.3216,0.0000,0.0000,4.000000,4.000000,4.000000,0.000000,0.000000,96.000000,96.000000,96.000000,100.000000,100.000000,5.0,57.9649,55.6772,425.0761,427.3638,PENDING_AG03,FALSE,NOT_FOR_ENFORCEMENT,463.7194,33980.8077,483.0410,463.7194,19.3216,0.01232650,0.01183344,19.3216,463.7194,0.01183344,19.3216,19.3216,19.3216,0.0000,0.0000,463.7194,0.01183344,57.9649,55.6772,425.0761,427.3638,0.01084732,0.0109057,0.00049306,4.6858,5.6707,0.0774,15.5820,0.2688,1264.1035,201.3548,4.5499,4.6885,2.0771,4.1543,6.1317,8.4025,10.5031,18.5864,3.9466,-2.0771,2.528253,4.474023,1.127938,29,192,48,6,0.01915741,0.01232650,0.05216444,0E-8,0.000000,0.903271,0.017936,-0.04061604,2026-05-16,2026-07-20,31,1797,733,66,0.469697,0.970424,0.970991,0.063858,,,,,,,,GLOBAL_BASELINE_NO_ENTITY_RANKING,,,NOT_APPLICABLE_GLOBAL_BASELINE,HF9g-P5,,,,X 全窗基线 · 不参与实体赏罚,8395634,840,A168_HF9F_20260827_0900,2026-08-27 09:00:00
2026-06-19,150107794,1078,0,4.1542903434,-4.1542903434,-4.1542903434,0E-7,1,1,0.50665070000000000,0.506650700000,-1.013391052207602,-1.013391052207602,-1.013391052207602,0E-17,ELIGIBLE,R03b_20260811_FULL_v1,L1_ELIGIBILITY,v2026-08-11,2026-03-21..2026-08-06,baccarat_bet02_101_all_pairs_incl_sentinel,round_win = game_pnl > 0 (decisive only),COMPATIBILITY_ONLY_NOT_PRODUCTION,39187.2093,35396.6747,483.0410,8363,6242,-0.01232650,-0.05216444,-0.01154840,-0.01232650,-483.0410,39187.2093,OK,0.0000,19.3216,4.0000,96.0000,AG03-UNRESOLVED,ALL5_LEVELS_bet23_to_bet27,19.3216,19.3216,19.3216,0.0000,0.0000,4.000000,4.000000,4.000000,0.000000,0.000000,96.000000,96.000000,96.000000,100.000000,100.000000,5.0,57.9649,55.6772,425.0761,427.3638,PENDING_AG03,FALSE,NOT_FOR_ENFORCEMENT,463.7194,33980.8077,483.0410,463.7194,19.3216,0.01232650,0.01183344,19.3216,463.7194,0.01183344,19.3216,19.3216,19.3216,0.0000,0.0000,463.7194,0.01183344,57.9649,55.6772,425.0761,427.3638,0.01084732,0.0109057,0.00049306,4.6858,5.6707,0.0774,15.5820,0.2688,1264.1035,201.3548,4.5499,4.6885,2.0771,4.1543,6.1317,8.4025,10.5031,18.5864,3.9466,-2.0771,2.528253,4.474023,1.127938,29,192,48,6,0.01915741,0.01232650,0.05216444,0E-8,0.000000,0.903271,0.017936,-0.04061604,2026-05-16,2026-07-20,31,1797,733,66,0.469697,0.970424,0.970991,0.063858,,,,,,,,GLOBAL_BASELINE_NO_ENTITY_RANKING,,,NOT_APPLICABLE_GLOBAL_BASELINE,HF9g-P5,,,,X 全窗基线 · 不参与实体赏罚,8395635,840,A168_HF9F_20260827_0900,2026-08-27 09:00:00
2026-06-19,150107794,1115,0,79.3469455584,21.0934092182,21.0934092182,0.4545455,16,11,0.46496673289395081,0.409347486364,-0.06929725068210912,0.30486190735179486,-0.06929725068210912,0.05561924652995081,ELIGIBLE,R03b_20260811_FULL_v1,L1_ELIGIBILITY,v2026-08-11,2026-03-21..2026-08-06,baccarat_bet02_101_all_pairs_incl_sentinel,round_win = game_pnl > 0 (decisive only),COMPATIBILITY_ONLY_NOT_PRODUCTION,39187.2093,35396.6747,483.0410,8363,6242,-0.01232650,-0.05216444,-0.01154840,-0.01232650,-483.0410,39187.2093,OK,0.0000,19.3216,4.0000,96.0000,AG03-UNRESOLVED,ALL5_LEVELS_bet23_to_bet27,19.3216,19.3216,19.3216,0.0000,0.0000,4.000000,4.000000,4.000000,0.000000,0.000000,96.000000,96.000000,96.000000,100.000000,100.000000,5.0,57.9649,55.6772,425.0761,427.3638,PENDING_AG03,FALSE,NOT_FOR_ENFORCEMENT,463.7194,33980.8077,483.0410,463.7194,19.3216,0.01232650,0.01183344,19.3216,463.7194,0.01183344,19.3216,19.3216,19.3216,0.0000,0.0000,463.7194,0.01183344,57.9649,55.6772,425.0761,427.3638,0.01084732,0.0109057,0.00049306,4.6858,5.6707,0.0774,15.5820,0.2688,1264.1035,201.3548,4.5499,4.6885,2.0771,4.1543,6.1317,8.4025,10.5031,18.5864,3.9466,-2.0771,2.528253,4.474023,1.127938,29,192,48,6,0.01915741,0.01232650,0.05216444,0E-8,0.000000,0.903271,0.017936,-0.04061604,2026-05-16,2026-07-20,31,1797,733,66,0.469697,0.970424,0.970991,0.063858,,,,,,,,GLOBAL_BASELINE_NO_ENTITY_RANKING,,,NOT_APPLICABLE_GLOBAL_BASELINE,HF9g-P5,,,,X 全窗基线 · 不参与实体赏罚,8395636,840,A168_HF9F_20260827_0900,2026-08-27 09:00:00
2026-06-19,150107794,1205,0,29.0800324035,-4.1542903435,-4.1542903435,0.4000000,6,5,0.48068622499975203,0.460083830000,-0.3611092717997519,-0.2695634206013008,-0.3611092717997519,0.02060239499975203,ELIGIBLE,R03b_20260811_FULL_v1,L1_ELIGIBILITY,v2026-08-11,2026-03-21..2026-08-06,baccarat_bet02_101_all_pairs_incl_sentinel,round_win = game_pnl > 0 (decisive only),COMPATIBILITY_ONLY_NOT_PRODUCTION,39187.2093,35396.6747,483.0410,8363,6242,-0.01232650,-0.05216444,-0.01154840,-0.01232650,-483.0410,39187.2093,OK,0.0000,19.3216,4.0000,96.0000,AG03-UNRESOLVED,ALL5_LEVELS_bet23_to_bet27,19.3216,19.3216,19.3216,0.0000,0.0000,4.000000,4.000000,4.000000,0.000000,0.000000,96.000000,96.000000,96.000000,100.000000,100.000000,5.0,57.9649,55.6772,425.0761,427.3638,PENDING_AG03,FALSE,NOT_FOR_ENFORCEMENT,463.7194,33980.8077,483.0410,463.7194,19.3216,0.01232650,0.01183344,19.3216,463.7194,0.01183344,19.3216,19.3216,19.3216,0.0000,0.0000,463.7194,0.01183344,57.9649,55.6772,425.0761,427.3638,0.01084732,0.0109057,0.00049306,4.6858,5.6707,0.0774,15.5820,0.2688,1264.1035,201.3548,4.5499,4.6885,2.0771,4.1543,6.1317,8.4025,10.5031,18.5864,3.9466,-2.0771,2.528253,4.474023,1.127938,29,192,48,6,0.01915741,0.01232650,0.05216444,0E-8,0.000000,0.903271,0.017936,-0.04061604,2026-05-16,2026-07-20,31,1797,733,66,0.469697,0.970424,0.970991,0.063858,,,,,,,,GLOBAL_BASELINE_NO_ENTITY_RANKING,,,NOT_APPLICABLE_GLOBAL_BASELINE,HF9g-P5,,,,X 全窗基线 · 不参与实体赏罚,8395637,840,A168_HF9F_20260827_0900,2026-08-27 09:00:00
2026-06-19,150107794,1221,0,22.8485968885,-6.4391500321,-6.4391500321,0.5000000,5,4,0.47419510624969004,0.448442112500,0.10335731651579222,0.207336787646197,0.10335731651579222,0.02575299374969004,ELIGIBLE,R03b_20260811_FULL_v1,L1_ELIGIBILITY,v2026-08-11,2026-03-21..2026-08-06,baccarat_bet02_101_all_pairs_incl_sentinel,round_win = game_pnl > 0 (decisive only),COMPATIBILITY_ONLY_NOT_PRODUCTION,39187.2093,35396.6747,483.0410,8363,6242,-0.01232650,-0.05216444,-0.01154840,-0.01232650,-483.0410,39187.2093,OK,0.0000,19.3216,4.0000,96.0000,AG03-UNRESOLVED,ALL5_LEVELS_bet23_to_bet27,19.3216,19.3216,19.3216,0.0000,0.0000,4.000000,4.000000,4.000000,0.000000,0.000000,96.000000,96.000000,96.000000,100.000000,100.000000,5.0,57.9649,55.6772,425.0761,427.3638,PENDING_AG03,FALSE,NOT_FOR_ENFORCEMENT,463.7194,33980.8077,483.0410,463.7194,19.3216,0.01232650,0.01183344,19.3216,463.7194,0.01183344,19.3216,19.3216,19.3216,0.0000,0.0000,463.7194,0.01183344,57.9649,55.6772,425.0761,427.3638,0.01084732,0.0109057,0.00049306,4.6858,5.6707,0.0774,15.5820,0.2688,1264.1035,201.3548,4.5499,4.6885,2.0771,4.1543,6.1317,8.4025,10.5031,18.5864,3.9466,-2.0771,2.528253,4.474023,1.127938,29,192,48,6,0.01915741,0.01232650,0.05216444,0E-8,0.000000,0.903271,0.017936,-0.04061604,2026-05-16,2026-07-20,31,1797,733,66,0.469697,0.970424,0.970991,0.063858,,,,,,,,GLOBAL_BASELINE_NO_ENTITY_RANKING,,,NOT_APPLICABLE_GLOBAL_BASELINE,HF9g-P5,,,,X 全窗基线 · 不参与实体赏罚,8395638,840,A168_HF9F_20260827_0900,2026-08-27 09:00:00
2026-06-19,150107794,1302,0,172.8184782837,32.1957501610,32.1957501610,0.6470588,29,19,0.45061612089164575,0.392925515789,1.6278674640914628,2.1454082390930744,1.6278674640914628,0.05769060510264575,ELIGIBLE,R03b_20260811_FULL_v1,L1_ELIGIBILITY,v2026-08-11,2026-03-21..2026-08-06,baccarat_bet02_101_all_pairs_incl_sentinel,round_win = game_pnl > 0 (decisive only),COMPATIBILITY_ONLY_NOT_PRODUCTION,39187.2093,35396.6747,483.0410,8363,6242,-0.01232650,-0.05216444,-0.01154840,-0.01232650,-483.0410,39187.2093,OK,0.0000,19.3216,4.0000,96.0000,AG03-UNRESOLVED,ALL5_LEVELS_bet23_to_bet27,19.3216,19.3216,19.3216,0.0000,0.0000,4.000000,4.000000,4.000000,0.000000,0.000000,96.000000,96.000000,96.000000,100.000000,100.000000,5.0,57.9649,55.6772,425.0761,427.3638,PENDING_AG03,FALSE,NOT_FOR_ENFORCEMENT,463.7194,33980.8077,483.0410,463.7194,19.3216,0.01232650,0.01183344,19.3216,463.7194,0.01183344,19.3216,19.3216,19.3216,0.0000,0.0000,463.7194,0.01183344,57.9649,55.6772,425.0761,427.3638,0.01084732,0.0109057,0.00049306,4.6858,5.6707,0.0774,15.5820,0.2688,1264.1035,201.3548,4.5499,4.6885,2.0771,4.1543,6.1317,8.4025,10.5031,18.5864,3.9466,-2.0771,2.528253,4.474023,1.127938,29,192,48,6,0.01915741,0.01232650,0.05216444,0E-8,0.000000,0.903271,0.017936,-0.04061604,2026-05-16,2026-07-20,31,1797,733,66,0.469697,0.970424,0.970991,0.063858,,,,,,,,GLOBAL_BASELINE_NO_ENTITY_RANKING,,,NOT_APPLICABLE_GLOBAL_BASELINE,HF9g-P5,,,,X 全窗基线 · 不参与实体赏罚,8395639,840,A168_HF9F_20260827_0900,2026-08-27 09:00:00
2026-06-19,150107794,1306,0,6.2314355151,-6.2314355151,-6.2314355151,0E-7,2,2,0.49994810000000000,0.499948100000,-1.4140667746232096,-1.4140667746232096,-1.4140667746232096,0E-17,ELIGIBLE,R03b_20260811_FULL_v1,L1_ELIGIBILITY,v2026-08-11,2026-03-21..2026-08-06,baccarat_bet02_101_all_pairs_incl_sentinel,round_win = game_pnl > 0 (decisive only),COMPATIBILITY_ONLY_NOT_PRODUCTION,39187.2093,35396.6747,483.0410,8363,6242,-0.01232650,-0.05216444,-0.01154840,-0.01232650,-483.0410,39187.2093,OK,0.0000,19.3216,4.0000,96.0000,AG03-UNRESOLVED,ALL5_LEVELS_bet23_to_bet27,19.3216,19.3216,19.3216,0.0000,0.0000,4.000000,4.000000,4.000000,0.000000,0.000000,96.000000,96.000000,96.000000,100.000000,100.000000,5.0,57.9649,55.6772,425.0761,427.3638,PENDING_AG03,FALSE,NOT_FOR_ENFORCEMENT,463.7194,33980.8077,483.0410,463.7194,19.3216,0.01232650,0.01183344,19.3216,463.7194,0.01183344,19.3216,19.3216,19.3216,0.0000,0.0000,463.7194,0.01183344,57.9649,55.6772,425.0761,427.3638,0.01084732,0.0109057,0.00049306,4.6858,5.6707,0.0774,15.5820,0.2688,1264.1035,201.3548,4.5499,4.6885,2.0771,4.1543,6.1317,8.4025,10.5031,18.5864,3.9466,-2.0771,2.528253,4.474023,1.127938,29,192,48,6,0.01915741,0.01232650,0.05216444,0E-8,0.000000,0.903271,0.017936,-0.04061604,2026-05-16,2026-07-20,31,1797,733,66,0.469697,0.970424,0.970991,0.063858,,,,,,,,GLOBAL_BASELINE_NO_ENTITY_RANKING,,,NOT_APPLICABLE_GLOBAL_BASELINE,HF9g-P5,,,,X 全窗基线 · 不参与实体赏罚,8395640,840,A168_HF9F_20260827_0900,2026-08-27 09:00:00
2026-06-19,150107794,1307,0,10.3857258584,-10.3857258584,-10.3857258584,0E-7,2,1,0.42424111999920651,0.300626750000,-0.8583927835584619,-0.655630731788307,-0.8583927835584619,0.12361436999920651,ELIGIBLE,R03b_20260811_FULL_v1,L1_ELIGIBILITY,v2026-08-11,2026-03-21..2026-08-06,baccarat_bet02_101_all_pairs_incl_sentinel,round_win = game_pnl > 0 (decisive only),COMPATIBILITY_ONLY_NOT_PRODUCTION,39187.2093,35396.6747,483.0410,8363,6242,-0.01232650,-0.05216444,-0.01154840,-0.01232650,-483.0410,39187.2093,OK,0.0000,19.3216,4.0000,96.0000,AG03-UNRESOLVED,ALL5_LEVELS_bet23_to_bet27,19.3216,19.3216,19.3216,0.0000,0.0000,4.000000,4.000000,4.000000,0.000000,0.000000,96.000000,96.000000,96.000000,100.000000,100.000000,5.0,57.9649,55.6772,425.0761,427.3638,PENDING_AG03,FALSE,NOT_FOR_ENFORCEMENT,463.7194,33980.8077,483.0410,463.7194,19.3216,0.01232650,0.01183344,19.3216,463.7194,0.01183344,19.3216,19.3216,19.3216,0.0000,0.0000,463.7194,0.01183344,57.9649,55.6772,425.0761,427.3638,0.01084732,0.0109057,0.00049306,4.6858,5.6707,0.0774,15.5820,0.2688,1264.1035,201.3548,4.5499,4.6885,2.0771,4.1543,6.1317,8.4025,10.5031,18.5864,3.9466,-2.0771,2.528253,4.474023,1.127938,29,192,48,6,0.01915741,0.01232650,0.05216444,0E-8,0.000000,0.903271,0.017936,-0.04061604,2026-05-16,2026-07-20,31,1797,733,66,0.469697,0.970424,0.970991,0.063858,,,,,,,,GLOBAL_BASELINE_NO_ENTITY_RANKING,,,NOT_APPLICABLE_GLOBAL_BASELINE,HF9g-P5,,,,X 全窗基线 · 不参与实体赏罚,8395641,840,A168_HF9F_20260827_0900,2026-08-27 09:00:00
2026-06-19,150107794,1318,0,12.4628710301,-8.3085806867,-8.3085806867,0E-7,4,2,0.34375448749940026,0.293924150000,-0.7237540630863725,-0.6451964315166089,-0.7237540630863725,0.04983033749940026,ELIGIBLE,R03b_20260811_FULL_v1,L1_ELIGIBILITY,v2026-08-11,2026-03-21..2026-08-06,baccarat_bet02_101_all_pairs_incl_sentinel,round_win = game_pnl > 0 (decisive only),COMPATIBILITY_ONLY_NOT_PRODUCTION,39187.2093,35396.6747,483.0410,8363,6242,-0.01232650,-0.05216444,-0.01154840,-0.01232650,-483.0410,39187.2093,OK,0.0000,19.3216,4.0000,96.0000,AG03-UNRESOLVED,ALL5_LEVELS_bet23_to_bet27,19.3216,19.3216,19.3216,0.0000,0.0000,4.000000,4.000000,4.000000,0.000000,0.000000,96.000000,96.000000,96.000000,100.000000,100.000000,5.0,57.9649,55.6772,425.0761,427.3638,PENDING_AG03,FALSE,NOT_FOR_ENFORCEMENT,463.7194,33980.8077,483.0410,463.7194,19.3216,0.01232650,0.01183344,19.3216,463.7194,0.01183344,19.3216,19.3216,19.3216,0.0000,0.0000,463.7194,0.01183344,57.9649,55.6772,425.0761,427.3638,0.01084732,0.0109057,0.00049306,4.6858,5.6707,0.0774,15.5820,0.2688,1264.1035,201.3548,4.5499,4.6885,2.0771,4.1543,6.1317,8.4025,10.5031,18.5864,3.9466,-2.0771,2.528253,4.474023,1.127938,29,192,48,6,0.01915741,0.01232650,0.05216444,0E-8,0.000000,0.903271,0.017936,-0.04061604,2026-05-16,2026-07-20,31,1797,733,66,0.469697,0.970424,0.970991,0.063858,,,,,,,,GLOBAL_BASELINE_NO_ENTITY_RANKING,,,NOT_APPLICABLE_GLOBAL_BASELINE,HF9g-P5,,,,X 全窗基线 · 不参与实体赏罚,8395642,840,A168_HF9F_20260827_0900,2026-08-27 09:00:00
2026-06-19,150107794,1323,0,4.1542903434,-4.1542903434,-4.1542903434,0E-7,1,1,0.49324550000000000,0.493245500000,-0.9865810262130424,-0.9865810262130424,-0.9865810262130424,0E-17,ELIGIBLE,R03b_20260811_FULL_v1,L1_ELIGIBILITY,v2026-08-11,2026-03-21..2026-08-06,baccarat_bet02_101_all_pairs_incl_sentinel,round_win = game_pnl > 0 (decisive only),COMPATIBILITY_ONLY_NOT_PRODUCTION,39187.2093,35396.6747,483.0410,8363,6242,-0.01232650,-0.05216444,-0.01154840,-0.01232650,-483.0410,39187.2093,OK,0.0000,19.3216,4.0000,96.0000,AG03-UNRESOLVED,ALL5_LEVELS_bet23_to_bet27,19.3216,19.3216,19.3216,0.0000,0.0000,4.000000,4.000000,4.000000,0.000000,0.000000,96.000000,96.000000,96.000000,100.000000,100.000000,5.0,57.9649,55.6772,425.0761,427.3638,PENDING_AG03,FALSE,NOT_FOR_ENFORCEMENT,463.7194,33980.8077,483.0410,463.7194,19.3216,0.01232650,0.01183344,19.3216,463.7194,0.01183344,19.3216,19.3216,19.3216,0.0000,0.0000,463.7194,0.01183344,57.9649,55.6772,425.0761,427.3638,0.01084732,0.0109057,0.00049306,4.6858,5.6707,0.0774,15.5820,0.2688,1264.1035,201.3548,4.5499,4.6885,2.0771,4.1543,6.1317,8.4025,10.5031,18.5864,3.9466,-2.0771,2.528253,4.474023,1.127938,29,192,48,6,0.01915741,0.01232650,0.05216444,0E-8,0.000000,0.903271,0.017936,-0.04061604,2026-05-16,2026-07-20,31,1797,733,66,0.469697,0.970424,0.970991,0.063858,,,,,,,,GLOBAL_BASELINE_NO_ENTITY_RANKING,,,NOT_APPLICABLE_GLOBAL_BASELINE,HF9g-P5,,,,X 全窗基线 · 不参与实体赏罚,8395643,840,A168_HF9F_20260827_0900,2026-08-27 09:00:00
2026-06-19,150107794,1325,0,12.4628710301,-12.4628710301,-12.4628710301,0E-7,4,3,0.45171097999947101,0.437976050000,-1.5721217517996122,-1.529003209868504,-1.5721217517996122,0.01373492999947101,ELIGIBLE,R03b_20260811_FULL_v1,L1_ELIGIBILITY,v2026-08-11,2026-03-21..2026-08-06,baccarat_bet02_101_all_pairs_incl_sentinel,round_win = game_pnl > 0 (decisive only),COMPATIBILITY_ONLY_NOT_PRODUCTION,39187.2093,35396.6747,483.0410,8363,6242,-0.01232650,-0.05216444,-0.01154840,-0.01232650,-483.0410,39187.2093,OK,0.0000,19.3216,4.0000,96.0000,AG03-UNRESOLVED,ALL5_LEVELS_bet23_to_bet27,19.3216,19.3216,19.3216,0.0000,0.0000,4.000000,4.000000,4.000000,0.000000,0.000000,96.000000,96.000000,96.000000,100.000000,100.000000,5.0,57.9649,55.6772,425.0761,427.3638,PENDING_AG03,FALSE,NOT_FOR_ENFORCEMENT,463.7194,33980.8077,483.0410,463.7194,19.3216,0.01232650,0.01183344,19.3216,463.7194,0.01183344,19.3216,19.3216,19.3216,0.0000,0.0000,463.7194,0.01183344,57.9649,55.6772,425.0761,427.3638,0.01084732,0.0109057,0.00049306,4.6858,5.6707,0.0774,15.5820,0.2688,1264.1035,201.3548,4.5499,4.6885,2.0771,4.1543,6.1317,8.4025,10.5031,18.5864,3.9466,-2.0771,2.528253,4.474023,1.127938,29,192,48,6,0.01915741,0.01232650,0.05216444,0E-8,0.000000,0.903271,0.017936,-0.04061604,2026-05-16,2026-07-20,31,1797,733,66,0.469697,0.970424,0.970991,0.063858,,,,,,,,GLOBAL_BASELINE_NO_ENTITY_RANKING,,,NOT_APPLICABLE_GLOBAL_BASELINE,HF9g-P5,,,,X 全窗基线 · 不参与实体赏罚,8395644,840,A168_HF9F_20260827_0900,2026-08-27 09:00:00
2026-06-19,150107794,1353,0,31.7803211268,1.9940593648,1.9940593648,0.6666667,8,7,0.48192262857142857,0.472431135714,0.9056493630390897,0.9530056333617439,0.9056493630390897,0.00949149285742857,ELIGIBLE,R03b_20260811_FULL_v1,L1_ELIGIBILITY,v2026-08-11,2026-03-21..2026-08-06,baccarat_bet02_101_all_pairs_incl_sentinel,round_win = game_pnl > 0 (decisive only),COMPATIBILITY_ONLY_NOT_PRODUCTION,39187.2093,35396.6747,483.0410,8363,6242,-0.01232650,-0.05216444,-0.01154840,-0.01232650,-483.0410,39187.2093,OK,0.0000,19.3216,4.0000,96.0000,AG03-UNRESOLVED,ALL5_LEVELS_bet23_to_bet27,19.3216,19.3216,19.3216,0.0000,0.0000,4.000000,4.000000,4.000000,0.000000,0.000000,96.000000,96.000000,96.000000,100.000000,100.000000,5.0,57.9649,55.6772,425.0761,427.3638,PENDING_AG03,FALSE,NOT_FOR_ENFORCEMENT,463.7194,33980.8077,483.0410,463.7194,19.3216,0.01232650,0.01183344,19.3216,463.7194,0.01183344,19.3216,19.3216,19.3216,0.0000,0.0000,463.7194,0.01183344,57.9649,55.6772,425.0761,427.3638,0.01084732,0.0109057,0.00049306,4.6858,5.6707,0.0774,15.5820,0.2688,1264.1035,201.3548,4.5499,4.6885,2.0771,4.1543,6.1317,8.4025,10.5031,18.5864,3.9466,-2.0771,2.528253,4.474023,1.127938,29,192,48,6,0.01915741,0.01232650,0.05216444,0E-8,0.000000,0.903271,0.017936,-0.04061604,2026-05-16,2026-07-20,31,1797,733,66,0.469697,0.970424,0.970991,0.063858,,,,,,,,GLOBAL_BASELINE_NO_ENTITY_RANKING,,,NOT_APPLICABLE_GLOBAL_BASELINE,HF9g-P5,,,,X 全窗基线 · 不参与实体赏罚,8395645,840,A168_HF9F_20260827_0900,2026-08-27 09:00:00
2026-06-19,150107794,1385,0,6.2314355151,-2.0771451717,-2.0771451717,0.3333333,3,3,0.49324550000000000,0.493245500000,-0.5540025479526107,-0.5540025479526106,-0.5540025479526107,0E-17,ELIGIBLE,R03b_20260811_FULL_v1,L1_ELIGIBILITY,v2026-08-11,2026-03-21..2026-08-06,baccarat_bet02_101_all_pairs_incl_sentinel,round_win = game_pnl > 0 (decisive only),COMPATIBILITY_ONLY_NOT_PRODUCTION,39187.2093,35396.6747,483.0410,8363,6242,-0.01232650,-0.05216444,-0.01154840,-0.01232650,-483.0410,39187.2093,OK,0.0000,19.3216,4.0000,96.0000,AG03-UNRESOLVED,ALL5_LEVELS_bet23_to_bet27,19.3216,19.3216,19.3216,0.0000,0.0000,4.000000,4.000000,4.000000,0.000000,0.000000,96.000000,96.000000,96.000000,100.000000,100.000000,5.0,57.9649,55.6772,425.0761,427.3638,PENDING_AG03,FALSE,NOT_FOR_ENFORCEMENT,463.7194,33980.8077,483.0410,463.7194,19.3216,0.01232650,0.01183344,19.3216,463.7194,0.01183344,19.3216,19.3216,19.3216,0.0000,0.0000,463.7194,0.01183344,57.9649,55.6772,425.0761,427.3638,0.01084732,0.0109057,0.00049306,4.6858,5.6707,0.0774,15.5820,0.2688,1264.1035,201.3548,4.5499,4.6885,2.0771,4.1543,6.1317,8.4025,10.5031,18.5864,3.9466,-2.0771,2.528253,4.474023,1.127938,29,192,48,6,0.01915741,0.01232650,0.05216444,0E-8,0.000000,0.903271,0.017936,-0.04061604,2026-05-16,2026-07-20,31,1797,733,66,0.469697,0.970424,0.970991,0.063858,,,,,,,,GLOBAL_BASELINE_NO_ENTITY_RANKING,,,NOT_APPLICABLE_GLOBAL_BASELINE,HF9g-P5,,,,X 全窗基线 · 不参与实体赏罚,8395646,840,A168_HF9F_20260827_0900,2026-08-27 09:00:00
2026-06-19,150107794,1399,0,108.0115489274,-33.9613235570,-33.9613235570,0.4166667,22,13,0.44151868863819065,0.359894057692,-0.17336981428430415,0.40974740160875933,-0.17336981428430415,0.08162463094619065,ELIGIBLE,R03b_20260811_FULL_v1,L1_ELIGIBILITY,v2026-08-11,2026-03-21..2026-08-06,baccarat_bet02_101_all_pairs_incl_sentinel,round_win = game_pnl > 0 (decisive only),COMPATIBILITY_ONLY_NOT_PRODUCTION,39187.2093,35396.6747,483.0410,8363,6242,-0.01232650,-0.05216444,-0.01154840,-0.01232650,-483.0410,39187.2093,OK,0.0000,19.3216,4.0000,96.0000,AG03-UNRESOLVED,ALL5_LEVELS_bet23_to_bet27,19.3216,19.3216,19.3216,0.0000,0.0000,4.000000,4.000000,4.000000,0.000000,0.000000,96.000000,96.000000,96.000000,100.000000,100.000000,5.0,57.9649,55.6772,425.0761,427.3638,PENDING_AG03,FALSE,NOT_FOR_ENFORCEMENT,463.7194,33980.8077,483.0410,463.7194,19.3216,0.01232650,0.01183344,19.3216,463.7194,0.01183344,19.3216,19.3216,19.3216,0.0000,0.0000,463.7194,0.01183344,57.9649,55.6772,425.0761,427.3638,0.01084732,0.0109057,0.00049306,4.6858,5.6707,0.0774,15.5820,0.2688,1264.1035,201.3548,4.5499,4.6885,2.0771,4.1543,6.1317,8.4025,10.5031,18.5864,3.9466,-2.0771,2.528253,4.474023,1.127938,29,192,48,6,0.01915741,0.01232650,0.05216444,0E-8,0.000000,0.903271,0.017936,-0.04061604,2026-05-16,2026-07-20,31,1797,733,66,0.469697,0.970424,0.970991,0.063858,,,,,,,,GLOBAL_BASELINE_NO_ENTITY_RANKING,,,NOT_APPLICABLE_GLOBAL_BASELINE,HF9g-P5,,,,X 全窗基线 · 不参与实体赏罚,8395647,840,A168_HF9F_20260827_0900,2026-08-27 09:00:00
2026-06-19,150107794,1405,0,76.8543713519,0.6023720997,0.6023720997,0.5000000,13,12,0.49288964642853394,0.483896537500,0.04926695642574822,0.1116259699610194,0.04926695642574822,0.00899310892853394,ELIGIBLE,R03b_20260811_FULL_v1,L1_ELIGIBILITY,v2026-08-11,2026-03-21..2026-08-06,baccarat_bet02_101_all_pairs_incl_sentinel,round_win = game_pnl > 0 (decisive only),COMPATIBILITY_ONLY_NOT_PRODUCTION,39187.2093,35396.6747,483.0410,8363,6242,-0.01232650,-0.05216444,-0.01154840,-0.01232650,-483.0410,39187.2093,OK,0.0000,19.3216,4.0000,96.0000,AG03-UNRESOLVED,ALL5_LEVELS_bet23_to_bet27,19.3216,19.3216,19.3216,0.0000,0.0000,4.000000,4.000000,4.000000,0.000000,0.000000,96.000000,96.000000,96.000000,100.000000,100.000000,5.0,57.9649,55.6772,425.0761,427.3638,PENDING_AG03,FALSE,NOT_FOR_ENFORCEMENT,463.7194,33980.8077,483.0410,463.7194,19.3216,0.01232650,0.01183344,19.3216,463.7194,0.01183344,19.3216,19.3216,19.3216,0.0000,0.0000,463.7194,0.01183344,57.9649,55.6772,425.0761,427.3638,0.01084732,0.0109057,0.00049306,4.6858,5.6707,0.0774,15.5820,0.2688,1264.1035,201.3548,4.5499,4.6885,2.0771,4.1543,6.1317,8.4025,10.5031,18.5864,3.9466,-2.0771,2.528253,4.474023,1.127938,29,192,48,6,0.01915741,0.01232650,0.05216444,0E-8,0.000000,0.903271,0.017936,-0.04061604,2026-05-16,2026-07-20,31,1797,733,66,0.469697,0.970424,0.970991,0.063858,,,,,,,,GLOBAL_BASELINE_NO_ENTITY_RANKING,,,NOT_APPLICABLE_GLOBAL_BASELINE,HF9g-P5,,,,X 全窗基线 · 不参与实体赏罚,8395648,840,A168_HF9F_20260827_0900,2026-08-27 09:00:00
2026-06-19,150107794,1507,0,19.7328791310,0.5192862929,0.5192862929,0.6666667,4,3,0.47265321111095315,0.435741850000,0.6730898149743919,0.8066361439539496,0.6730898149743919,0.03691136111095315,ELIGIBLE,R03b_20260811_FULL_v1,L1_ELIGIBILITY,v2026-08-11,2026-03-21..2026-08-06,baccarat_bet02_101_all_pairs_incl_sentinel,round_win = game_pnl > 0 (decisive only),COMPATIBILITY_ONLY_NOT_PRODUCTION,39187.2093,35396.6747,483.0410,8363,6242,-0.01232650,-0.05216444,-0.01154840,-0.01232650,-483.0410,39187.2093,OK,0.0000,19.3216,4.0000,96.0000,AG03-UNRESOLVED,ALL5_LEVELS_bet23_to_bet27,19.3216,19.3216,19.3216,0.0000,0.0000,4.000000,4.000000,4.000000,0.000000,0.000000,96.000000,96.000000,96.000000,100.000000,100.000000,5.0,57.9649,55.6772,425.0761,427.3638,PENDING_AG03,FALSE,NOT_FOR_ENFORCEMENT,463.7194,33980.8077,483.0410,463.7194,19.3216,0.01232650,0.01183344,19.3216,463.7194,0.01183344,19.3216,19.3216,19.3216,0.0000,0.0000,463.7194,0.01183344,57.9649,55.6772,425.0761,427.3638,0.01084732,0.0109057,0.00049306,4.6858,5.6707,0.0774,15.5820,0.2688,1264.1035,201.3548,4.5499,4.6885,2.0771,4.1543,6.1317,8.4025,10.5031,18.5864,3.9466,-2.0771,2.528253,4.474023,1.127938,29,192,48,6,0.01915741,0.01232650,0.05216444,0E-8,0.000000,0.903271,0.017936,-0.04061604,2026-05-16,2026-07-20,31,1797,733,66,0.469697,0.970424,0.970991,0.063858,,,,,,,,GLOBAL_BASELINE_NO_ENTITY_RANKING,,,NOT_APPLICABLE_GLOBAL_BASELINE,HF9g-P5,,,,X 全窗基线 · 不参与实体赏罚,8395649,840,A168_HF9F_20260827_0900,2026-08-27 09:00:00
2026-06-19,150107794,1509,0,9.3471532726,-9.3471532726,-9.3471532726,0E-7,2,2,0.49994810000000000,0.499948100000,-1.4140667746232096,-1.4140667746232096,-1.4140667746232096,0E-17,ELIGIBLE,R03b_20260811_FULL_v1,L1_ELIGIBILITY,v2026-08-11,2026-03-21..2026-08-06,baccarat_bet02_101_all_pairs_incl_sentinel,round_win = game_pnl > 0 (decisive only),COMPATIBILITY_ONLY_NOT_PRODUCTION,39187.2093,35396.6747,483.0410,8363,6242,-0.01232650,-0.05216444,-0.01154840,-0.01232650,-483.0410,39187.2093,OK,0.0000,19.3216,4.0000,96.0000,AG03-UNRESOLVED,ALL5_LEVELS_bet23_to_bet27,19.3216,19.3216,19.3216,0.0000,0.0000,4.000000,4.000000,4.000000,0.000000,0.000000,96.000000,96.000000,96.000000,100.000000,100.000000,5.0,57.9649,55.6772,425.0761,427.3638,PENDING_AG03,FALSE,NOT_FOR_ENFORCEMENT,463.7194,33980.8077,483.0410,463.7194,19.3216,0.01232650,0.01183344,19.3216,463.7194,0.01183344,19.3216,19.3216,19.3216,0.0000,0.0000,463.7194,0.01183344,57.9649,55.6772,425.0761,427.3638,0.01084732,0.0109057,0.00049306,4.6858,5.6707,0.0774,15.5820,0.2688,1264.1035,201.3548,4.5499,4.6885,2.0771,4.1543,6.1317,8.4025,10.5031,18.5864,3.9466,-2.0771,2.528253,4.474023,1.127938,29,192,48,6,0.01915741,0.01232650,0.05216444,0E-8,0.000000,0.903271,0.017936,-0.04061604,2026-05-16,2026-07-20,31,1797,733,66,0.469697,0.970424,0.970991,0.063858,,,,,,,,GLOBAL_BASELINE_NO_ENTITY_RANKING,,,NOT_APPLICABLE_GLOBAL_BASELINE,HF9g-P5,,,,X 全窗基线 · 不参与实体赏罚,8395650,840,A168_HF9F_20260827_0900,2026-08-27 09:00:00
2026-06-19,150107794,1645,0,16.6171613734,0E-10,0E-10,0.6666667,4,3,0.46449367499960017,0.431273450000,0.7021203494699084,0.8232399886073292,0.7021203494699084,0.03322022499960017,ELIGIBLE,R03b_20260811_FULL_v1,L1_ELIGIBILITY,v2026-08-11,2026-03-21..2026-08-06,baccarat_bet02_101_all_pairs_incl_sentinel,round_win = game_pnl > 0 (decisive only),COMPATIBILITY_ONLY_NOT_PRODUCTION,39187.2093,35396.6747,483.0410,8363,6242,-0.01232650,-0.05216444,-0.01154840,-0.01232650,-483.0410,39187.2093,OK,0.0000,19.3216,4.0000,96.0000,AG03-UNRESOLVED,ALL5_LEVELS_bet23_to_bet27,19.3216,19.3216,19.3216,0.0000,0.0000,4.000000,4.000000,4.000000,0.000000,0.000000,96.000000,96.000000,96.000000,100.000000,100.000000,5.0,57.9649,55.6772,425.0761,427.3638,PENDING_AG03,FALSE,NOT_FOR_ENFORCEMENT,463.7194,33980.8077,483.0410,463.7194,19.3216,0.01232650,0.01183344,19.3216,463.7194,0.01183344,19.3216,19.3216,19.3216,0.0000,0.0000,463.7194,0.01183344,57.9649,55.6772,425.0761,427.3638,0.01084732,0.0109057,0.00049306,4.6858,5.6707,0.0774,15.5820,0.2688,1264.1035,201.3548,4.5499,4.6885,2.0771,4.1543,6.1317,8.4025,10.5031,18.5864,3.9466,-2.0771,2.528253,4.474023,1.127938,29,192,48,6,0.01915741,0.01232650,0.05216444,0E-8,0.000000,0.903271,0.017936,-0.04061604,2026-05-16,2026-07-20,31,1797,733,66,0.469697,0.970424,0.970991,0.063858,,,,,,,,GLOBAL_BASELINE_NO_ENTITY_RANKING,,,NOT_APPLICABLE_GLOBAL_BASELINE,HF9g-P5,,,,X 全窗基线 · 不参与实体赏罚,8395651,840,A168_HF9F_20260827_0900,2026-08-27 09:00:00
2026-06-19,150107794,1704,0,8.3085806867,-8.3085806867,-8.3085806867,0E-7,1,1,0.49324550000000000,0.493245500000,-0.9865810262130424,-0.9865810262130424,-0.9865810262130424,0E-17,ELIGIBLE,R03b_20260811_FULL_v1,L1_ELIGIBILITY,v2026-08-11,2026-03-21..2026-08-06,baccarat_bet02_101_all_pairs_incl_sentinel,round_win = game_pnl > 0 (decisive only),COMPATIBILITY_ONLY_NOT_PRODUCTION,39187.2093,35396.6747,483.0410,8363,6242,-0.01232650,-0.05216444,-0.01154840,-0.01232650,-483.0410,39187.2093,OK,0.0000,19.3216,4.0000,96.0000,AG03-UNRESOLVED,ALL5_LEVELS_bet23_to_bet27,19.3216,19.3216,19.3216,0.0000,0.0000,4.000000,4.000000,4.000000,0.000000,0.000000,96.000000,96.000000,96.000000,100.000000,100.000000,5.0,57.9649,55.6772,425.0761,427.3638,PENDING_AG03,FALSE,NOT_FOR_ENFORCEMENT,463.7194,33980.8077,483.0410,463.7194,19.3216,0.01232650,0.01183344,19.3216,463.7194,0.01183344,19.3216,19.3216,19.3216,0.0000,0.0000,463.7194,0.01183344,57.9649,55.6772,425.0761,427.3638,0.01084732,0.0109057,0.00049306,4.6858,5.6707,0.0774,15.5820,0.2688,1264.1035,201.3548,4.5499,4.6885,2.0771,4.1543,6.1317,8.4025,10.5031,18.5864,3.9466,-2.0771,2.528253,4.474023,1.127938,29,192,48,6,0.01915741,0.01232650,0.05216444,0E-8,0.000000,0.903271,0.017936,-0.04061604,2026-05-16,2026-07-20,31,1797,733,66,0.469697,0.970424,0.970991,0.063858,,,,,,,,GLOBAL_BASELINE_NO_ENTITY_RANKING,,,NOT_APPLICABLE_GLOBAL_BASELINE,HF9g-P5,,,,X 全窗基线 · 不参与实体赏罚,8395652,840,A168_HF9F_20260827_0900,2026-08-27 09:00:00
2026-06-19,150107794,1710,0,22.6408823715,-6.0237209979,-6.0237209979,0.5000000,8,6,0.45414604999988590,0.432390550000,0.18419199400828432,0.2729445915530198,0.18419199400828432,0.02175549999988590,ELIGIBLE,R03b_20260811_FULL_v1,L1_ELIGIBILITY,v2026-08-11,2026-03-21..2026-08-06,baccarat_bet02_101_all_pairs_incl_sentinel,round_win = game_pnl > 0 (decisive only),COMPATIBILITY_ONLY_NOT_PRODUCTION,39187.2093,35396.6747,483.0410,8363,6242,-0.01232650,-0.05216444,-0.01154840,-0.01232650,-483.0410,39187.2093,OK,0.0000,19.3216,4.0000,96.0000,AG03-UNRESOLVED,ALL5_LEVELS_bet23_to_bet27,19.3216,19.3216,19.3216,0.0000,0.0000,4.000000,4.000000,4.000000,0.000000,0.000000,96.000000,96.000000,96.000000,100.000000,100.000000,5.0,57.9649,55.6772,425.0761,427.3638,PENDING_AG03,FALSE,NOT_FOR_ENFORCEMENT,463.7194,33980.8077,483.0410,463.7194,19.3216,0.01232650,0.01183344,19.3216,463.7194,0.01183344,19.3216,19.3216,19.3216,0.0000,0.0000,463.7194,0.01183344,57.9649,55.6772,425.0761,427.3638,0.01084732,0.0109057,0.00049306,4.6858,5.6707,0.0774,15.5820,0.2688,1264.1035,201.3548,4.5499,4.6885,2.0771,4.1543,6.1317,8.4025,10.5031,18.5864,3.9466,-2.0771,2.528253,4.474023,1.127938,29,192,48,6,0.01915741,0.01232650,0.05216444,0E-8,0.000000,0.903271,0.017936,-0.04061604,2026-05-16,2026-07-20,31,1797,733,66,0.469697,0.970424,0.970991,0.063858,,,,,,,,GLOBAL_BASELINE_NO_ENTITY_RANKING,,,NOT_APPLICABLE_GLOBAL_BASELINE,HF9g-P5,,,,X 全窗基线 · 不参与实体赏罚,8395653,840,A168_HF9F_20260827_0900,2026-08-27 09:00:00
2026-06-19,150107794,1940,0,20.3560226825,-4.5697193777,-4.5697193777,0.3333333,4,3,0.46002527499960017,0.426805050000,-0.4402831416344136,-0.3273217721103076,-0.4402831416344136,0.03322022499960017,ELIGIBLE,R03b_20260811_FULL_v1,L1_ELIGIBILITY,v2026-08-11,2026-03-21..2026-08-06,baccarat_bet02_101_all_pairs_incl_sentinel,round_win = game_pnl > 0 (decisive only),COMPATIBILITY_ONLY_NOT_PRODUCTION,39187.2093,35396.6747,483.0410,8363,6242,-0.01232650,-0.05216444,-0.01154840,-0.01232650,-483.0410,39187.2093,OK,0.0000,19.3216,4.0000,96.0000,AG03-UNRESOLVED,ALL5_LEVELS_bet23_to_bet27,19.3216,19.3216,19.3216,0.0000,0.0000,4.000000,4.000000,4.000000,0.000000,0.000000,96.000000,96.000000,96.000000,100.000000,100.000000,5.0,57.9649,55.6772,425.0761,427.3638,PENDING_AG03,FALSE,NOT_FOR_ENFORCEMENT,463.7194,33980.8077,483.0410,463.7194,19.3216,0.01232650,0.01183344,19.3216,463.7194,0.01183344,19.3216,19.3216,19.3216,0.0000,0.0000,463.7194,0.01183344,57.9649,55.6772,425.0761,427.3638,0.01084732,0.0109057,0.00049306,4.6858,5.6707,0.0774,15.5820,0.2688,1264.1035,201.3548,4.5499,4.6885,2.0771,4.1543,6.1317,8.4025,10.5031,18.5864,3.9466,-2.0771,2.528253,4.474023,1.127938,29,192,48,6,0.01915741,0.01232650,0.05216444,0E-8,0.000000,0.903271,0.017936,-0.04061604,2026-05-16,2026-07-20,31,1797,733,66,0.469697,0.970424,0.970991,0.063858,,,,,,,,GLOBAL_BASELINE_NO_ENTITY_RANKING,,,NOT_APPLICABLE_GLOBAL_BASELINE,HF9g-P5,,,,X 全窗基线 · 不参与实体赏罚,8395654,840,A168_HF9F_20260827_0900,2026-08-27 09:00:00
2026-06-19,150107794,1956,0,4.1542903434,-4.1542903434,-4.1542903434,0E-7,1,1,0.49324550000000000,0.493245500000,-0.9865810262130424,-0.9865810262130424,-0.9865810262130424,0E-17,ELIGIBLE,R03b_20260811_FULL_v1,L1_ELIGIBILITY,v2026-08-11,2026-03-21..2026-08-06,baccarat_bet02_101_all_pairs_incl_sentinel,round_win = game_pnl > 0 (decisive only),COMPATIBILITY_ONLY_NOT_PRODUCTION,39187.2093,35396.6747,483.0410,8363,6242,-0.01232650,-0.05216444,-0.01154840,-0.01232650,-483.0410,39187.2093,OK,0.0000,19.3216,4.0000,96.0000,AG03-UNRESOLVED,ALL5_LEVELS_bet23_to_bet27,19.3216,19.3216,19.3216,0.0000,0.0000,4.000000,4.000000,4.000000,0.000000,0.000000,96.000000,96.000000,96.000000,100.000000,100.000000,5.0,57.9649,55.6772,425.0761,427.3638,PENDING_AG03,FALSE,NOT_FOR_ENFORCEMENT,463.7194,33980.8077,483.0410,463.7194,19.3216,0.01232650,0.01183344,19.3216,463.7194,0.01183344,19.3216,19.3216,19.3216,0.0000,0.0000,463.7194,0.01183344,57.9649,55.6772,425.0761,427.3638,0.01084732,0.0109057,0.00049306,4.6858,5.6707,0.0774,15.5820,0.2688,1264.1035,201.3548,4.5499,4.6885,2.0771,4.1543,6.1317,8.4025,10.5031,18.5864,3.9466,-2.0771,2.528253,4.474023,1.127938,29,192,48,6,0.01915741,0.01232650,0.05216444,0E-8,0.000000,0.903271,0.017936,-0.04061604,2026-05-16,2026-07-20,31,1797,733,66,0.469697,0.970424,0.970991,0.063858,,,,,,,,GLOBAL_BASELINE_NO_ENTITY_RANKING,,,NOT_APPLICABLE_GLOBAL_BASELINE,HF9g-P5,,,,X 全窗基线 · 不参与实体赏罚,8395655,840,A168_HF9F_20260827_0900,2026-08-27 09:00:00
2026-06-19,150107794,1957,0,60.2372099787,24.4064557671,24.4064557671,0.8333333,10,6,0.45024281065879214,0.369301400000,1.8861150525891015,2.355169037330205,1.8861150525891015,0.08094141065879214,ELIGIBLE,R03b_20260811_FULL_v1,L1_ELIGIBILITY,v2026-08-11,2026-03-21..2026-08-06,baccarat_bet02_101_all_pairs_incl_sentinel,round_win = game_pnl > 0 (decisive only),COMPATIBILITY_ONLY_NOT_PRODUCTION,39187.2093,35396.6747,483.0410,8363,6242,-0.01232650,-0.05216444,-0.01154840,-0.01232650,-483.0410,39187.2093,OK,0.0000,19.3216,4.0000,96.0000,AG03-UNRESOLVED,ALL5_LEVELS_bet23_to_bet27,19.3216,19.3216,19.3216,0.0000,0.0000,4.000000,4.000000,4.000000,0.000000,0.000000,96.000000,96.000000,96.000000,100.000000,100.000000,5.0,57.9649,55.6772,425.0761,427.3638,PENDING_AG03,FALSE,NOT_FOR_ENFORCEMENT,463.7194,33980.8077,483.0410,463.7194,19.3216,0.01232650,0.01183344,19.3216,463.7194,0.01183344,19.3216,19.3216,19.3216,0.0000,0.0000,463.7194,0.01183344,57.9649,55.6772,425.0761,427.3638,0.01084732,0.0109057,0.00049306,4.6858,5.6707,0.0774,15.5820,0.2688,1264.1035,201.3548,4.5499,4.6885,2.0771,4.1543,6.1317,8.4025,10.5031,18.5864,3.9466,-2.0771,2.528253,4.474023,1.127938,29,192,48,6,0.01915741,0.01232650,0.05216444,0E-8,0.000000,0.903271,0.017936,-0.04061604,2026-05-16,2026-07-20,31,1797,733,66,0.469697,0.970424,0.970991,0.063858,,,,,,,,GLOBAL_BASELINE_NO_ENTITY_RANKING,,,NOT_APPLICABLE_GLOBAL_BASELINE,HF9g-P5,,,,X 全窗基线 · 不参与实体赏罚,8395656,840,A168_HF9F_20260827_0900,2026-08-27 09:00:00
2026-06-19,150107794,1966,0,17.0325904079,4.5697193777,4.5697193777,0.6666667,4,3,0.46160719047604541,0.426805050000,0.7124502822912235,0.8399538622850082,0.7124502822912235,0.03480214047604541,ELIGIBLE,R03b_20260811_FULL_v1,L1_ELIGIBILITY,v2026-08-11,2026-03-21..2026-08-06,baccarat_bet02_101_all_pairs_incl_sentinel,round_win = game_pnl > 0 (decisive only),COMPATIBILITY_ONLY_NOT_PRODUCTION,39187.2093,35396.6747,483.0410,8363,6242,-0.01232650,-0.05216444,-0.01154840,-0.01232650,-483.0410,39187.2093,OK,0.0000,19.3216,4.0000,96.0000,AG03-UNRESOLVED,ALL5_LEVELS_bet23_to_bet27,19.3216,19.3216,19.3216,0.0000,0.0000,4.000000,4.000000,4.000000,0.000000,0.000000,96.000000,96.000000,96.000000,100.000000,100.000000,5.0,57.9649,55.6772,425.0761,427.3638,PENDING_AG03,FALSE,NOT_FOR_ENFORCEMENT,463.7194,33980.8077,483.0410,463.7194,19.3216,0.01232650,0.01183344,19.3216,463.7194,0.01183344,19.3216,19.3216,19.3216,0.0000,0.0000,463.7194,0.01183344,57.9649,55.6772,425.0761,427.3638,0.01084732,0.0109057,0.00049306,4.6858,5.6707,0.0774,15.5820,0.2688,1264.1035,201.3548,4.5499,4.6885,2.0771,4.1543,6.1317,8.4025,10.5031,18.5864,3.9466,-2.0771,2.528253,4.474023,1.127938,29,192,48,6,0.01915741,0.01232650,0.05216444,0E-8,0.000000,0.903271,0.017936,-0.04061604,2026-05-16,2026-07-20,31,1797,733,66,0.469697,0.970424,0.970991,0.063858,,,,,,,,GLOBAL_BASELINE_NO_ENTITY_RANKING,,,NOT_APPLICABLE_GLOBAL_BASELINE,HF9g-P5,,,,X 全窗基线 · 不参与实体赏罚,8395657,840,A168_HF9F_20260827_0900,2026-08-27 09:00:00
2026-06-19,150107794,1990,0,13.0860145817,-8.9317242383,-8.9317242383,0E-7,3,3,0.50218230000000000,0.502182300000,-1.4203995680682369,-1.4203995680682369,-1.4203995680682369,0E-17,ELIGIBLE,R03b_20260811_FULL_v1,L1_ELIGIBILITY,v2026-08-11,2026-03-21..2026-08-06,baccarat_bet02_101_all_pairs_incl_sentinel,round_win = game_pnl > 0 (decisive only),COMPATIBILITY_ONLY_NOT_PRODUCTION,39187.2093,35396.6747,483.0410,8363,6242,-0.01232650,-0.05216444,-0.01154840,-0.01232650,-483.0410,39187.2093,OK,0.0000,19.3216,4.0000,96.0000,AG03-UNRESOLVED,ALL5_LEVELS_bet23_to_bet27,19.3216,19.3216,19.3216,0.0000,0.0000,4.000000,4.000000,4.000000,0.000000,0.000000,96.000000,96.000000,96.000000,100.000000,100.000000,5.0,57.9649,55.6772,425.0761,427.3638,PENDING_AG03,FALSE,NOT_FOR_ENFORCEMENT,463.7194,33980.8077,483.0410,463.7194,19.3216,0.01232650,0.01183344,19.3216,463.7194,0.01183344,19.3216,19.3216,19.3216,0.0000,0.0000,463.7194,0.01183344,57.9649,55.6772,425.0761,427.3638,0.01084732,0.0109057,0.00049306,4.6858,5.6707,0.0774,15.5820,0.2688,1264.1035,201.3548,4.5499,4.6885,2.0771,4.1543,6.1317,8.4025,10.5031,18.5864,3.9466,-2.0771,2.528253,4.474023,1.127938,29,192,48,6,0.01915741,0.01232650,0.05216444,0E-8,0.000000,0.903271,0.017936,-0.04061604,2026-05-16,2026-07-20,31,1797,733,66,0.469697,0.970424,0.970991,0.063858,,,,,,,,GLOBAL_BASELINE_NO_ENTITY_RANKING,,,NOT_APPLICABLE_GLOBAL_BASELINE,HF9g-P5,,,,X 全窗基线 · 不参与实体赏罚,8395658,840,A168_HF9F_20260827_0900,2026-08-27 09:00:00
2026-06-19,150107794,2088,0,64.3915003226,10.3857258584,10.3857258584,0.6428571,18,15,0.44320150166658670,0.427698730000,1.5038203728603246,1.6272002963296213,1.5038203728603246,0.01550277166658670,ELIGIBLE,R03b_20260811_FULL_v1,L1_ELIGIBILITY,v2026-08-11,2026-03-21..2026-08-06,baccarat_bet02_101_all_pairs_incl_sentinel,round_win = game_pnl > 0 (decisive only),COMPATIBILITY_ONLY_NOT_PRODUCTION,39187.2093,35396.6747,483.0410,8363,6242,-0.01232650,-0.05216444,-0.01154840,-0.01232650,-483.0410,39187.2093,OK,0.0000,19.3216,4.0000,96.0000,AG03-UNRESOLVED,ALL5_LEVELS_bet23_to_bet27,19.3216,19.3216,19.3216,0.0000,0.0000,4.000000,4.000000,4.000000,0.000000,0.000000,96.000000,96.000000,96.000000,100.000000,100.000000,5.0,57.9649,55.6772,425.0761,427.3638,PENDING_AG03,FALSE,NOT_FOR_ENFORCEMENT,463.7194,33980.8077,483.0410,463.7194,19.3216,0.01232650,0.01183344,19.3216,463.7194,0.01183344,19.3216,19.3216,19.3216,0.0000,0.0000,463.7194,0.01183344,57.9649,55.6772,425.0761,427.3638,0.01084732,0.0109057,0.00049306,4.6858,5.6707,0.0774,15.5820,0.2688,1264.1035,201.3548,4.5499,4.6885,2.0771,4.1543,6.1317,8.4025,10.5031,18.5864,3.9466,-2.0771,2.528253,4.474023,1.127938,29,192,48,6,0.01915741,0.01232650,0.05216444,0E-8,0.000000,0.903271,0.017936,-0.04061604,2026-05-16,2026-07-20,31,1797,733,66,0.469697,0.970424,0.970991,0.063858,,,,,,,,GLOBAL_BASELINE_NO_ENTITY_RANKING,,,NOT_APPLICABLE_GLOBAL_BASELINE,HF9g-P5,,,,X 全窗基线 · 不参与实体赏罚,8395659,840,A168_HF9F_20260827_0900,2026-08-27 09:00:00
2026-06-19,150107794,2093,0,48.1897679833,-25.6527428704,-25.6527428704,0.2500000,13,13,0.49840134615384615,0.498401346154,-1.720983805466727,-1.7209838054677915,-1.720983805466727,-1.5385E-13,ELIGIBLE,R03b_20260811_FULL_v1,L1_ELIGIBILITY,v2026-08-11,2026-03-21..2026-08-06,baccarat_bet02_101_all_pairs_incl_sentinel,round_win = game_pnl > 0 (decisive only),COMPATIBILITY_ONLY_NOT_PRODUCTION,39187.2093,35396.6747,483.0410,8363,6242,-0.01232650,-0.05216444,-0.01154840,-0.01232650,-483.0410,39187.2093,OK,0.0000,19.3216,4.0000,96.0000,AG03-UNRESOLVED,ALL5_LEVELS_bet23_to_bet27,19.3216,19.3216,19.3216,0.0000,0.0000,4.000000,4.000000,4.000000,0.000000,0.000000,96.000000,96.000000,96.000000,100.000000,100.000000,5.0,57.9649,55.6772,425.0761,427.3638,PENDING_AG03,FALSE,NOT_FOR_ENFORCEMENT,463.7194,33980.8077,483.0410,463.7194,19.3216,0.01232650,0.01183344,19.3216,463.7194,0.01183344,19.3216,19.3216,19.3216,0.0000,0.0000,463.7194,0.01183344,57.9649,55.6772,425.0761,427.3638,0.01084732,0.0109057,0.00049306,4.6858,5.6707,0.0774,15.5820,0.2688,1264.1035,201.3548,4.5499,4.6885,2.0771,4.1543,6.1317,8.4025,10.5031,18.5864,3.9466,-2.0771,2.528253,4.474023,1.127938,29,192,48,6,0.01915741,0.01232650,0.05216444,0E-8,0.000000,0.903271,0.017936,-0.04061604,2026-05-16,2026-07-20,31,1797,733,66,0.469697,0.970424,0.970991,0.063858,,,,,,,,GLOBAL_BASELINE_NO_ENTITY_RANKING,,,NOT_APPLICABLE_GLOBAL_BASELINE,HF9g-P5,,,,X 全窗基线 · 不参与实体赏罚,8395660,840,A168_HF9F_20260827_0900,2026-08-27 09:00:00
2026-06-19,150107794,2108,0,37.3886130903,-23.0563114057,-23.0563114057,0.2000000,7,6,0.48850232499990816,0.465610775000,-1.2905628817230212,-1.1906670457734807,-1.2905628817230212,0.02289154999990816,ELIGIBLE,R03b_20260811_FULL_v1,L1_ELIGIBILITY,v2026-08-11,2026-03-21..2026-08-06,baccarat_bet02_101_all_pairs_incl_sentinel,round_win = game_pnl > 0 (decisive only),COMPATIBILITY_ONLY_NOT_PRODUCTION,39187.2093,35396.6747,483.0410,8363,6242,-0.01232650,-0.05216444,-0.01154840,-0.01232650,-483.0410,39187.2093,OK,0.0000,19.3216,4.0000,96.0000,AG03-UNRESOLVED,ALL5_LEVELS_bet23_to_bet27,19.3216,19.3216,19.3216,0.0000,0.0000,4.000000,4.000000,4.000000,0.000000,0.000000,96.000000,96.000000,96.000000,100.000000,100.000000,5.0,57.9649,55.6772,425.0761,427.3638,PENDING_AG03,FALSE,NOT_FOR_ENFORCEMENT,463.7194,33980.8077,483.0410,463.7194,19.3216,0.01232650,0.01183344,19.3216,463.7194,0.01183344,19.3216,19.3216,19.3216,0.0000,0.0000,463.7194,0.01183344,57.9649,55.6772,425.0761,427.3638,0.01084732,0.0109057,0.00049306,4.6858,5.6707,0.0774,15.5820,0.2688,1264.1035,201.3548,4.5499,4.6885,2.0771,4.1543,6.1317,8.4025,10.5031,18.5864,3.9466,-2.0771,2.528253,4.474023,1.127938,29,192,48,6,0.01915741,0.01232650,0.05216444,0E-8,0.000000,0.903271,0.017936,-0.04061604,2026-05-16,2026-07-20,31,1797,733,66,0.469697,0.970424,0.970991,0.063858,,,,,,,,GLOBAL_BASELINE_NO_ENTITY_RANKING,,,NOT_APPLICABLE_GLOBAL_BASELINE,HF9g-P5,,,,X 全窗基线 · 不参与实体赏罚,8395661,840,A168_HF9F_20260827_0900,2026-08-27 09:00:00
2026-06-19,150107794,2123,0,62.3143551505,7.4984940697,7.4984940697,0.7272727,16,12,0.46326562953211352,0.431273450000,1.7559704447776439,1.9822520709396105,1.7559704447776439,0.03199217953211352,ELIGIBLE,R03b_20260811_FULL_v1,L1_ELIGIBILITY,v2026-08-11,2026-03-21..2026-08-06,baccarat_bet02_101_all_pairs_incl_sentinel,round_win = game_pnl > 0 (decisive only),COMPATIBILITY_ONLY_NOT_PRODUCTION,39187.2093,35396.6747,483.0410,8363,6242,-0.01232650,-0.05216444,-0.01154840,-0.01232650,-483.0410,39187.2093,OK,0.0000,19.3216,4.0000,96.0000,AG03-UNRESOLVED,ALL5_LEVELS_bet23_to_bet27,19.3216,19.3216,19.3216,0.0000,0.0000,4.000000,4.000000,4.000000,0.000000,0.000000,96.000000,96.000000,96.000000,100.000000,100.000000,5.0,57.9649,55.6772,425.0761,427.3638,PENDING_AG03,FALSE,NOT_FOR_ENFORCEMENT,463.7194,33980.8077,483.0410,463.7194,19.3216,0.01232650,0.01183344,19.3216,463.7194,0.01183344,19.3216,19.3216,19.3216,0.0000,0.0000,463.7194,0.01183344,57.9649,55.6772,425.0761,427.3638,0.01084732,0.0109057,0.00049306,4.6858,5.6707,0.0774,15.5820,0.2688,1264.1035,201.3548,4.5499,4.6885,2.0771,4.1543,6.1317,8.4025,10.5031,18.5864,3.9466,-2.0771,2.528253,4.474023,1.127938,29,192,48,6,0.01915741,0.01232650,0.05216444,0E-8,0.000000,0.903271,0.017936,-0.04061604,2026-05-16,2026-07-20,31,1797,733,66,0.469697,0.970424,0.970991,0.063858,,,,,,,,GLOBAL_BASELINE_NO_ENTITY_RANKING,,,NOT_APPLICABLE_GLOBAL_BASELINE,HF9g-P5,,,,X 全窗基线 · 不参与实体赏罚,8395662,840,A168_HF9F_20260827_0900,2026-08-27 09:00:00
2026-06-19,150107794,2127,0,18.6943065451,-2.0771451717,-2.0771451717,0.3333333,3,3,0.49771390000000000,0.497713900000,-0.5694369385616226,-0.5694369385616226,-0.5694369385616226,0E-17,ELIGIBLE,R03b_20260811_FULL_v1,L1_ELIGIBILITY,v2026-08-11,2026-03-21..2026-08-06,baccarat_bet02_101_all_pairs_incl_sentinel,round_win = game_pnl > 0 (decisive only),COMPATIBILITY_ONLY_NOT_PRODUCTION,39187.2093,35396.6747,483.0410,8363,6242,-0.01232650,-0.05216444,-0.01154840,-0.01232650,-483.0410,39187.2093,OK,0.0000,19.3216,4.0000,96.0000,AG03-UNRESOLVED,ALL5_LEVELS_bet23_to_bet27,19.3216,19.3216,19.3216,0.0000,0.0000,4.000000,4.000000,4.000000,0.000000,0.000000,96.000000,96.000000,96.000000,100.000000,100.000000,5.0,57.9649,55.6772,425.0761,427.3638,PENDING_AG03,FALSE,NOT_FOR_ENFORCEMENT,463.7194,33980.8077,483.0410,463.7194,19.3216,0.01232650,0.01183344,19.3216,463.7194,0.01183344,19.3216,19.3216,19.3216,0.0000,0.0000,463.7194,0.01183344,57.9649,55.6772,425.0761,427.3638,0.01084732,0.0109057,0.00049306,4.6858,5.6707,0.0774,15.5820,0.2688,1264.1035,201.3548,4.5499,4.6885,2.0771,4.1543,6.1317,8.4025,10.5031,18.5864,3.9466,-2.0771,2.528253,4.474023,1.127938,29,192,48,6,0.01915741,0.01232650,0.05216444,0E-8,0.000000,0.903271,0.017936,-0.04061604,2026-05-16,2026-07-20,31,1797,733,66,0.469697,0.970424,0.970991,0.063858,,,,,,,,GLOBAL_BASELINE_NO_ENTITY_RANKING,,,NOT_APPLICABLE_GLOBAL_BASELINE,HF9g-P5,,,,X 全窗基线 · 不参与实体赏罚,8395663,840,A168_HF9F_20260827_0900,2026-08-27 09:00:00
2026-06-19,150107794,2129,0,4.1542903434,4.0504330848,4.0504330848,1.0000000,2,2,0.49994810000000000,0.499948100000,1.4143603653603398,1.4143603653603398,1.4143603653603398,0E-17,ELIGIBLE,R03b_20260811_FULL_v1,L1_ELIGIBILITY,v2026-08-11,2026-03-21..2026-08-06,baccarat_bet02_101_all_pairs_incl_sentinel,round_win = game_pnl > 0 (decisive only),COMPATIBILITY_ONLY_NOT_PRODUCTION,39187.2093,35396.6747,483.0410,8363,6242,-0.01232650,-0.05216444,-0.01154840,-0.01232650,-483.0410,39187.2093,OK,0.0000,19.3216,4.0000,96.0000,AG03-UNRESOLVED,ALL5_LEVELS_bet23_to_bet27,19.3216,19.3216,19.3216,0.0000,0.0000,4.000000,4.000000,4.000000,0.000000,0.000000,96.000000,96.000000,96.000000,100.000000,100.000000,5.0,57.9649,55.6772,425.0761,427.3638,PENDING_AG03,FALSE,NOT_FOR_ENFORCEMENT,463.7194,33980.8077,483.0410,463.7194,19.3216,0.01232650,0.01183344,19.3216,463.7194,0.01183344,19.3216,19.3216,19.3216,0.0000,0.0000,463.7194,0.01183344,57.9649,55.6772,425.0761,427.3638,0.01084732,0.0109057,0.00049306,4.6858,5.6707,0.0774,15.5820,0.2688,1264.1035,201.3548,4.5499,4.6885,2.0771,4.1543,6.1317,8.4025,10.5031,18.5864,3.9466,-2.0771,2.528253,4.474023,1.127938,29,192,48,6,0.01915741,0.01232650,0.05216444,0E-8,0.000000,0.903271,0.017936,-0.04061604,2026-05-16,2026-07-20,31,1797,733,66,0.469697,0.970424,0.970991,0.063858,,,,,,,,GLOBAL_BASELINE_NO_ENTITY_RANKING,,,NOT_APPLICABLE_GLOBAL_BASELINE,HF9g-P5,,,,X 全窗基线 · 不参与实体赏罚,8395664,840,A168_HF9F_20260827_0900,2026-08-27 09:00:00
2026-06-19,150107794,2130,0,34.4806098500,-9.4510105312,-9.4510105312,0.3333333,8,7,0.48310952558124208,0.471473621429,-0.734169512513007,-0.6778505442703959,-0.734169512513007,0.01163590415224208,ELIGIBLE,R03b_20260811_FULL_v1,L1_ELIGIBILITY,v2026-08-11,2026-03-21..2026-08-06,baccarat_bet02_101_all_pairs_incl_sentinel,round_win = game_pnl > 0 (decisive only),COMPATIBILITY_ONLY_NOT_PRODUCTION,39187.2093,35396.6747,483.0410,8363,6242,-0.01232650,-0.05216444,-0.01154840,-0.01232650,-483.0410,39187.2093,OK,0.0000,19.3216,4.0000,96.0000,AG03-UNRESOLVED,ALL5_LEVELS_bet23_to_bet27,19.3216,19.3216,19.3216,0.0000,0.0000,4.000000,4.000000,4.000000,0.000000,0.000000,96.000000,96.000000,96.000000,100.000000,100.000000,5.0,57.9649,55.6772,425.0761,427.3638,PENDING_AG03,FALSE,NOT_FOR_ENFORCEMENT,463.7194,33980.8077,483.0410,463.7194,19.3216,0.01232650,0.01183344,19.3216,463.7194,0.01183344,19.3216,19.3216,19.3216,0.0000,0.0000,463.7194,0.01183344,57.9649,55.6772,425.0761,427.3638,0.01084732,0.0109057,0.00049306,4.6858,5.6707,0.0774,15.5820,0.2688,1264.1035,201.3548,4.5499,4.6885,2.0771,4.1543,6.1317,8.4025,10.5031,18.5864,3.9466,-2.0771,2.528253,4.474023,1.127938,29,192,48,6,0.01915741,0.01232650,0.05216444,0E-8,0.000000,0.903271,0.017936,-0.04061604,2026-05-16,2026-07-20,31,1797,733,66,0.469697,0.970424,0.970991,0.063858,,,,,,,,GLOBAL_BASELINE_NO_ENTITY_RANKING,,,NOT_APPLICABLE_GLOBAL_BASELINE,HF9g-P5,,,,X 全窗基线 · 不参与实体赏罚,8395665,840,A168_HF9F_20260827_0900,2026-08-27 09:00:00
2026-06-19,150107794,2134,0,81.0086616955,30.2224622479,30.2224622479,0.7857143,18,15,0.47802470333317071,0.460083830000,2.3047650786028098,2.4445976092274218,2.3047650786028098,0.01794087333317071,ELIGIBLE,R03b_20260811_FULL_v1,L1_ELIGIBILITY,v2026-08-11,2026-03-21..2026-08-06,baccarat_bet02_101_all_pairs_incl_sentinel,round_win = game_pnl > 0 (decisive only),COMPATIBILITY_ONLY_NOT_PRODUCTION,39187.2093,35396.6747,483.0410,8363,6242,-0.01232650,-0.05216444,-0.01154840,-0.01232650,-483.0410,39187.2093,OK,0.0000,19.3216,4.0000,96.0000,AG03-UNRESOLVED,ALL5_LEVELS_bet23_to_bet27,19.3216,19.3216,19.3216,0.0000,0.0000,4.000000,4.000000,4.000000,0.000000,0.000000,96.000000,96.000000,96.000000,100.000000,100.000000,5.0,57.9649,55.6772,425.0761,427.3638,PENDING_AG03,FALSE,NOT_FOR_ENFORCEMENT,463.7194,33980.8077,483.0410,463.7194,19.3216,0.01232650,0.01183344,19.3216,463.7194,0.01183344,19.3216,19.3216,19.3216,0.0000,0.0000,463.7194,0.01183344,57.9649,55.6772,425.0761,427.3638,0.01084732,0.0109057,0.00049306,4.6858,5.6707,0.0774,15.5820,0.2688,1264.1035,201.3548,4.5499,4.6885,2.0771,4.1543,6.1317,8.4025,10.5031,18.5864,3.9466,-2.0771,2.528253,4.474023,1.127938,29,192,48,6,0.01915741,0.01232650,0.05216444,0E-8,0.000000,0.903271,0.017936,-0.04061604,2026-05-16,2026-07-20,31,1797,733,66,0.469697,0.970424,0.970991,0.063858,,,,,,,,GLOBAL_BASELINE_NO_ENTITY_RANKING,,,NOT_APPLICABLE_GLOBAL_BASELINE,HF9g-P5,,,,X 全窗基线 · 不参与实体赏罚,8395666,840,A168_HF9F_20260827_0900,2026-08-27 09:00:00
2026-06-19,150107794,2147,0,14.1245871675,-1.9732879131,-1.9732879131,0.6666667,4,3,0.46086760000000000,0.437976050000,0.7151023799206295,0.7983739908840699,0.7151023799206295,0.02289155000000000,ELIGIBLE,R03b_20260811_FULL_v1,L1_ELIGIBILITY,v2026-08-11,2026-03-21..2026-08-06,baccarat_bet02_101_all_pairs_incl_sentinel,round_win = game_pnl > 0 (decisive only),COMPATIBILITY_ONLY_NOT_PRODUCTION,39187.2093,35396.6747,483.0410,8363,6242,-0.01232650,-0.05216444,-0.01154840,-0.01232650,-483.0410,39187.2093,OK,0.0000,19.3216,4.0000,96.0000,AG03-UNRESOLVED,ALL5_LEVELS_bet23_to_bet27,19.3216,19.3216,19.3216,0.0000,0.0000,4.000000,4.000000,4.000000,0.000000,0.000000,96.000000,96.000000,96.000000,100.000000,100.000000,5.0,57.9649,55.6772,425.0761,427.3638,PENDING_AG03,FALSE,NOT_FOR_ENFORCEMENT,463.7194,33980.8077,483.0410,463.7194,19.3216,0.01232650,0.01183344,19.3216,463.7194,0.01183344,19.3216,19.3216,19.3216,0.0000,0.0000,463.7194,0.01183344,57.9649,55.6772,425.0761,427.3638,0.01084732,0.0109057,0.00049306,4.6858,5.6707,0.0774,15.5820,0.2688,1264.1035,201.3548,4.5499,4.6885,2.0771,4.1543,6.1317,8.4025,10.5031,18.5864,3.9466,-2.0771,2.528253,4.474023,1.127938,29,192,48,6,0.01915741,0.01232650,0.05216444,0E-8,0.000000,0.903271,0.017936,-0.04061604,2026-05-16,2026-07-20,31,1797,733,66,0.469697,0.970424,0.970991,0.063858,,,,,,,,GLOBAL_BASELINE_NO_ENTITY_RANKING,,,NOT_APPLICABLE_GLOBAL_BASELINE,HF9g-P5,,,,X 全窗基线 · 不参与实体赏罚,8395667,840,A168_HF9F_20260827_0900,2026-08-27 09:00:00
2026-06-19,150107794,2156,0,9.5548677898,0.9762582306,0.9762582306,0.5000000,2,2,0.50665070000000000,0.506650700000,-0.018812684590367487,-0.018812684590367487,-0.018812684590367487,0E-17,ELIGIBLE,R03b_20260811_FULL_v1,L1_ELIGIBILITY,v2026-08-11,2026-03-21..2026-08-06,baccarat_bet02_101_all_pairs_incl_sentinel,round_win = game_pnl > 0 (decisive only),COMPATIBILITY_ONLY_NOT_PRODUCTION,39187.2093,35396.6747,483.0410,8363,6242,-0.01232650,-0.05216444,-0.01154840,-0.01232650,-483.0410,39187.2093,OK,0.0000,19.3216,4.0000,96.0000,AG03-UNRESOLVED,ALL5_LEVELS_bet23_to_bet27,19.3216,19.3216,19.3216,0.0000,0.0000,4.000000,4.000000,4.000000,0.000000,0.000000,96.000000,96.000000,96.000000,100.000000,100.000000,5.0,57.9649,55.6772,425.0761,427.3638,PENDING_AG03,FALSE,NOT_FOR_ENFORCEMENT,463.7194,33980.8077,483.0410,463.7194,19.3216,0.01232650,0.01183344,19.3216,463.7194,0.01183344,19.3216,19.3216,19.3216,0.0000,0.0000,463.7194,0.01183344,57.9649,55.6772,425.0761,427.3638,0.01084732,0.0109057,0.00049306,4.6858,5.6707,0.0774,15.5820,0.2688,1264.1035,201.3548,4.5499,4.6885,2.0771,4.1543,6.1317,8.4025,10.5031,18.5864,3.9466,-2.0771,2.528253,4.474023,1.127938,29,192,48,6,0.01915741,0.01232650,0.05216444,0E-8,0.000000,0.903271,0.017936,-0.04061604,2026-05-16,2026-07-20,31,1797,733,66,0.469697,0.970424,0.970991,0.063858,,,,,,,,GLOBAL_BASELINE_NO_ENTITY_RANKING,,,NOT_APPLICABLE_GLOBAL_BASELINE,HF9g-P5,,,,X 全窗基线 · 不参与实体赏罚,8395668,840,A168_HF9F_20260827_0900,2026-08-27 09:00:00
2026-06-19,150107794,2160,0,14.5400162019,-10.3857258585,-10.3857258585,0E-7,6,4,0.41242913750000000,0.395260475000,-1.4511261614002042,-1.4002905058078163,-1.4511261614002042,0.01716866250000000,ELIGIBLE,R03b_20260811_FULL_v1,L1_ELIGIBILITY,v2026-08-11,2026-03-21..2026-08-06,baccarat_bet02_101_all_pairs_incl_sentinel,round_win = game_pnl > 0 (decisive only),COMPATIBILITY_ONLY_NOT_PRODUCTION,39187.2093,35396.6747,483.0410,8363,6242,-0.01232650,-0.05216444,-0.01154840,-0.01232650,-483.0410,39187.2093,OK,0.0000,19.3216,4.0000,96.0000,AG03-UNRESOLVED,ALL5_LEVELS_bet23_to_bet27,19.3216,19.3216,19.3216,0.0000,0.0000,4.000000,4.000000,4.000000,0.000000,0.000000,96.000000,96.000000,96.000000,100.000000,100.000000,5.0,57.9649,55.6772,425.0761,427.3638,PENDING_AG03,FALSE,NOT_FOR_ENFORCEMENT,463.7194,33980.8077,483.0410,463.7194,19.3216,0.01232650,0.01183344,19.3216,463.7194,0.01183344,19.3216,19.3216,19.3216,0.0000,0.0000,463.7194,0.01183344,57.9649,55.6772,425.0761,427.3638,0.01084732,0.0109057,0.00049306,4.6858,5.6707,0.0774,15.5820,0.2688,1264.1035,201.3548,4.5499,4.6885,2.0771,4.1543,6.1317,8.4025,10.5031,18.5864,3.9466,-2.0771,2.528253,4.474023,1.127938,29,192,48,6,0.01915741,0.01232650,0.05216444,0E-8,0.000000,0.903271,0.017936,-0.04061604,2026-05-16,2026-07-20,31,1797,733,66,0.469697,0.970424,0.970991,0.063858,,,,,,,,GLOBAL_BASELINE_NO_ENTITY_RANKING,,,NOT_APPLICABLE_GLOBAL_BASELINE,HF9g-P5,,,,X 全窗基线 · 不参与实体赏罚,8395669,840,A168_HF9F_20260827_0900,2026-08-27 09:00:00
2026-06-19,150107794,2169,0,36.1423259871,12.6186569178,12.6186569178,0.7272727,11,11,0.50421339090909091,0.504213390909,1.4796607861788473,1.4796607861794482,1.4796607861788473,9.091E-14,ELIGIBLE,R03b_20260811_FULL_v1,L1_ELIGIBILITY,v2026-08-11,2026-03-21..2026-08-06,baccarat_bet02_101_all_pairs_incl_sentinel,round_win = game_pnl > 0 (decisive only),COMPATIBILITY_ONLY_NOT_PRODUCTION,39187.2093,35396.6747,483.0410,8363,6242,-0.01232650,-0.05216444,-0.01154840,-0.01232650,-483.0410,39187.2093,OK,0.0000,19.3216,4.0000,96.0000,AG03-UNRESOLVED,ALL5_LEVELS_bet23_to_bet27,19.3216,19.3216,19.3216,0.0000,0.0000,4.000000,4.000000,4.000000,0.000000,0.000000,96.000000,96.000000,96.000000,100.000000,100.000000,5.0,57.9649,55.6772,425.0761,427.3638,PENDING_AG03,FALSE,NOT_FOR_ENFORCEMENT,463.7194,33980.8077,483.0410,463.7194,19.3216,0.01232650,0.01183344,19.3216,463.7194,0.01183344,19.3216,19.3216,19.3216,0.0000,0.0000,463.7194,0.01183344,57.9649,55.6772,425.0761,427.3638,0.01084732,0.0109057,0.00049306,4.6858,5.6707,0.0774,15.5820,0.2688,1264.1035,201.3548,4.5499,4.6885,2.0771,4.1543,6.1317,8.4025,10.5031,18.5864,3.9466,-2.0771,2.528253,4.474023,1.127938,29,192,48,6,0.01915741,0.01232650,0.05216444,0E-8,0.000000,0.903271,0.017936,-0.04061604,2026-05-16,2026-07-20,31,1797,733,66,0.469697,0.970424,0.970991,0.063858,,,,,,,,GLOBAL_BASELINE_NO_ENTITY_RANKING,,,NOT_APPLICABLE_GLOBAL_BASELINE,HF9g-P5,,,,X 全窗基线 · 不参与实体赏罚,8395670,840,A168_HF9F_20260827_0900,2026-08-27 09:00:00
2026-06-19,150107794,2175,0,16.6171613734,0E-10,0E-10,0.5000000,3,2,0.44844211249938009,0.396936125000,0.14660924853584278,0.29790616794075786,0.14660924853584278,0.05150598749938009,ELIGIBLE,R03b_20260811_FULL_v1,L1_ELIGIBILITY,v2026-08-11,2026-03-21..2026-08-06,baccarat_bet02_101_all_pairs_incl_sentinel,round_win = game_pnl > 0 (decisive only),COMPATIBILITY_ONLY_NOT_PRODUCTION,39187.2093,35396.6747,483.0410,8363,6242,-0.01232650,-0.05216444,-0.01154840,-0.01232650,-483.0410,39187.2093,OK,0.0000,19.3216,4.0000,96.0000,AG03-UNRESOLVED,ALL5_LEVELS_bet23_to_bet27,19.3216,19.3216,19.3216,0.0000,0.0000,4.000000,4.000000,4.000000,0.000000,0.000000,96.000000,96.000000,96.000000,100.000000,100.000000,5.0,57.9649,55.6772,425.0761,427.3638,PENDING_AG03,FALSE,NOT_FOR_ENFORCEMENT,463.7194,33980.8077,483.0410,463.7194,19.3216,0.01232650,0.01183344,19.3216,463.7194,0.01183344,19.3216,19.3216,19.3216,0.0000,0.0000,463.7194,0.01183344,57.9649,55.6772,425.0761,427.3638,0.01084732,0.0109057,0.00049306,4.6858,5.6707,0.0774,15.5820,0.2688,1264.1035,201.3548,4.5499,4.6885,2.0771,4.1543,6.1317,8.4025,10.5031,18.5864,3.9466,-2.0771,2.528253,4.474023,1.127938,29,192,48,6,0.01915741,0.01232650,0.05216444,0E-8,0.000000,0.903271,0.017936,-0.04061604,2026-05-16,2026-07-20,31,1797,733,66,0.469697,0.970424,0.970991,0.063858,,,,,,,,GLOBAL_BASELINE_NO_ENTITY_RANKING,,,NOT_APPLICABLE_GLOBAL_BASELINE,HF9g-P5,,,,X 全窗基线 · 不参与实体赏罚,8395671,840,A168_HF9F_20260827_0900,2026-08-27 09:00:00
2026-06-19,150107794,2212,0,8.3085806868,0E-10,0E-10,0.5000000,2,2,0.49994810000000000,0.499948100000,0.00014679536856514622,0.00014679536856514622,0.00014679536856514622,0E-17,ELIGIBLE,R03b_20260811_FULL_v1,L1_ELIGIBILITY,v2026-08-11,2026-03-21..2026-08-06,baccarat_bet02_101_all_pairs_incl_sentinel,round_win = game_pnl > 0 (decisive only),COMPATIBILITY_ONLY_NOT_PRODUCTION,39187.2093,35396.6747,483.0410,8363,6242,-0.01232650,-0.05216444,-0.01154840,-0.01232650,-483.0410,39187.2093,OK,0.0000,19.3216,4.0000,96.0000,AG03-UNRESOLVED,ALL5_LEVELS_bet23_to_bet27,19.3216,19.3216,19.3216,0.0000,0.0000,4.000000,4.000000,4.000000,0.000000,0.000000,96.000000,96.000000,96.000000,100.000000,100.000000,5.0,57.9649,55.6772,425.0761,427.3638,PENDING_AG03,FALSE,NOT_FOR_ENFORCEMENT,463.7194,33980.8077,483.0410,463.7194,19.3216,0.01232650,0.01183344,19.3216,463.7194,0.01183344,19.3216,19.3216,19.3216,0.0000,0.0000,463.7194,0.01183344,57.9649,55.6772,425.0761,427.3638,0.01084732,0.0109057,0.00049306,4.6858,5.6707,0.0774,15.5820,0.2688,1264.1035,201.3548,4.5499,4.6885,2.0771,4.1543,6.1317,8.4025,10.5031,18.5864,3.9466,-2.0771,2.528253,4.474023,1.127938,29,192,48,6,0.01915741,0.01232650,0.05216444,0E-8,0.000000,0.903271,0.017936,-0.04061604,2026-05-16,2026-07-20,31,1797,733,66,0.469697,0.970424,0.970991,0.063858,,,,,,,,GLOBAL_BASELINE_NO_ENTITY_RANKING,,,NOT_APPLICABLE_GLOBAL_BASELINE,HF9g-P5,,,,X 全窗基线 · 不参与实体赏罚,8395672,840,A168_HF9F_20260827_0900,2026-08-27 09:00:00
2026-06-19,150107794,2216,0,4.1542903434,-4.1542903434,-4.1542903434,0E-7,1,1,0.50665070000000000,0.506650700000,-1.013391052207602,-1.013391052207602,-1.013391052207602,0E-17,ELIGIBLE,R03b_20260811_FULL_v1,L1_ELIGIBILITY,v2026-08-11,2026-03-21..2026-08-06,baccarat_bet02_101_all_pairs_incl_sentinel,round_win = game_pnl > 0 (decisive only),COMPATIBILITY_ONLY_NOT_PRODUCTION,39187.2093,35396.6747,483.0410,8363,6242,-0.01232650,-0.05216444,-0.01154840,-0.01232650,-483.0410,39187.2093,OK,0.0000,19.3216,4.0000,96.0000,AG03-UNRESOLVED,ALL5_LEVELS_bet23_to_bet27,19.3216,19.3216,19.3216,0.0000,0.0000,4.000000,4.000000,4.000000,0.000000,0.000000,96.000000,96.000000,96.000000,100.000000,100.000000,5.0,57.9649,55.6772,425.0761,427.3638,PENDING_AG03,FALSE,NOT_FOR_ENFORCEMENT,463.7194,33980.8077,483.0410,463.7194,19.3216,0.01232650,0.01183344,19.3216,463.7194,0.01183344,19.3216,19.3216,19.3216,0.0000,0.0000,463.7194,0.01183344,57.9649,55.6772,425.0761,427.3638,0.01084732,0.0109057,0.00049306,4.6858,5.6707,0.0774,15.5820,0.2688,1264.1035,201.3548,4.5499,4.6885,2.0771,4.1543,6.1317,8.4025,10.5031,18.5864,3.9466,-2.0771,2.528253,4.474023,1.127938,29,192,48,6,0.01915741,0.01232650,0.05216444,0E-8,0.000000,0.903271,0.017936,-0.04061604,2026-05-16,2026-07-20,31,1797,733,66,0.469697,0.970424,0.970991,0.063858,,,,,,,,GLOBAL_BASELINE_NO_ENTITY_RANKING,,,NOT_APPLICABLE_GLOBAL_BASELINE,HF9g-P5,,,,X 全窗基线 · 不参与实体赏罚,8395673,840,A168_HF9F_20260827_0900,2026-08-27 09:00:00
2026-06-19,150107794,2229,0,7.8931516524,-7.8931516524,-7.8931516524,0E-7,2,1,0.38833952631499203,0.293924150000,-0.796802319972883,-0.6451964315166089,-0.796802319972883,0.09441537631499203,ELIGIBLE,R03b_20260811_FULL_v1,L1_ELIGIBILITY,v2026-08-11,2026-03-21..2026-08-06,baccarat_bet02_101_all_pairs_incl_sentinel,round_win = game_pnl > 0 (decisive only),COMPATIBILITY_ONLY_NOT_PRODUCTION,39187.2093,35396.6747,483.0410,8363,6242,-0.01232650,-0.05216444,-0.01154840,-0.01232650,-483.0410,39187.2093,OK,0.0000,19.3216,4.0000,96.0000,AG03-UNRESOLVED,ALL5_LEVELS_bet23_to_bet27,19.3216,19.3216,19.3216,0.0000,0.0000,4.000000,4.000000,4.000000,0.000000,0.000000,96.000000,96.000000,96.000000,100.000000,100.000000,5.0,57.9649,55.6772,425.0761,427.3638,PENDING_AG03,FALSE,NOT_FOR_ENFORCEMENT,463.7194,33980.8077,483.0410,463.7194,19.3216,0.01232650,0.01183344,19.3216,463.7194,0.01183344,19.3216,19.3216,19.3216,0.0000,0.0000,463.7194,0.01183344,57.9649,55.6772,425.0761,427.3638,0.01084732,0.0109057,0.00049306,4.6858,5.6707,0.0774,15.5820,0.2688,1264.1035,201.3548,4.5499,4.6885,2.0771,4.1543,6.1317,8.4025,10.5031,18.5864,3.9466,-2.0771,2.528253,4.474023,1.127938,29,192,48,6,0.01915741,0.01232650,0.05216444,0E-8,0.000000,0.903271,0.017936,-0.04061604,2026-05-16,2026-07-20,31,1797,733,66,0.469697,0.970424,0.970991,0.063858,,,,,,,,GLOBAL_BASELINE_NO_ENTITY_RANKING,,,NOT_APPLICABLE_GLOBAL_BASELINE,HF9g-P5,,,,X 全窗基线 · 不参与实体赏罚,8395674,840,A168_HF9F_20260827_0900,2026-08-27 09:00:00
2026-06-19,150107794,2234,0,4.1542903434,-4.1542903434,-4.1542903434,0E-7,1,1,0.49324550000000000,0.493245500000,-0.9865810262130424,-0.9865810262130424,-0.9865810262130424,0E-17,ELIGIBLE,R03b_20260811_FULL_v1,L1_ELIGIBILITY,v2026-08-11,2026-03-21..2026-08-06,baccarat_bet02_101_all_pairs_incl_sentinel,round_win = game_pnl > 0 (decisive only),COMPATIBILITY_ONLY_NOT_PRODUCTION,39187.2093,35396.6747,483.0410,8363,6242,-0.01232650,-0.05216444,-0.01154840,-0.01232650,-483.0410,39187.2093,OK,0.0000,19.3216,4.0000,96.0000,AG03-UNRESOLVED,ALL5_LEVELS_bet23_to_bet27,19.3216,19.3216,19.3216,0.0000,0.0000,4.000000,4.000000,4.000000,0.000000,0.000000,96.000000,96.000000,96.000000,100.000000,100.000000,5.0,57.9649,55.6772,425.0761,427.3638,PENDING_AG03,FALSE,NOT_FOR_ENFORCEMENT,463.7194,33980.8077,483.0410,463.7194,19.3216,0.01232650,0.01183344,19.3216,463.7194,0.01183344,19.3216,19.3216,19.3216,0.0000,0.0000,463.7194,0.01183344,57.9649,55.6772,425.0761,427.3638,0.01084732,0.0109057,0.00049306,4.6858,5.6707,0.0774,15.5820,0.2688,1264.1035,201.3548,4.5499,4.6885,2.0771,4.1543,6.1317,8.4025,10.5031,18.5864,3.9466,-2.0771,2.528253,4.474023,1.127938,29,192,48,6,0.01915741,0.01232650,0.05216444,0E-8,0.000000,0.903271,0.017936,-0.04061604,2026-05-16,2026-07-20,31,1797,733,66,0.469697,0.970424,0.970991,0.063858,,,,,,,,GLOBAL_BASELINE_NO_ENTITY_RANKING,,,NOT_APPLICABLE_GLOBAL_BASELINE,HF9g-P5,,,,X 全窗基线 · 不参与实体赏罚,8395675,840,A168_HF9F_20260827_0900,2026-08-27 09:00:00
2026-06-19,150107794,2246,0,4.1542903434,-4.1542903434,-4.1542903434,0E-7,1,1,0.50665070000000000,0.506650700000,-1.013391052207602,-1.013391052207602,-1.013391052207602,0E-17,ELIGIBLE,R03b_20260811_FULL_v1,L1_ELIGIBILITY,v2026-08-11,2026-03-21..2026-08-06,baccarat_bet02_101_all_pairs_incl_sentinel,round_win = game_pnl > 0 (decisive only),COMPATIBILITY_ONLY_NOT_PRODUCTION,39187.2093,35396.6747,483.0410,8363,6242,-0.01232650,-0.05216444,-0.01154840,-0.01232650,-483.0410,39187.2093,OK,0.0000,19.3216,4.0000,96.0000,AG03-UNRESOLVED,ALL5_LEVELS_bet23_to_bet27,19.3216,19.3216,19.3216,0.0000,0.0000,4.000000,4.000000,4.000000,0.000000,0.000000,96.000000,96.000000,96.000000,100.000000,100.000000,5.0,57.9649,55.6772,425.0761,427.3638,PENDING_AG03,FALSE,NOT_FOR_ENFORCEMENT,463.7194,33980.8077,483.0410,463.7194,19.3216,0.01232650,0.01183344,19.3216,463.7194,0.01183344,19.3216,19.3216,19.3216,0.0000,0.0000,463.7194,0.01183344,57.9649,55.6772,425.0761,427.3638,0.01084732,0.0109057,0.00049306,4.6858,5.6707,0.0774,15.5820,0.2688,1264.1035,201.3548,4.5499,4.6885,2.0771,4.1543,6.1317,8.4025,10.5031,18.5864,3.9466,-2.0771,2.528253,4.474023,1.127938,29,192,48,6,0.01915741,0.01232650,0.05216444,0E-8,0.000000,0.903271,0.017936,-0.04061604,2026-05-16,2026-07-20,31,1797,733,66,0.469697,0.970424,0.970991,0.063858,,,,,,,,GLOBAL_BASELINE_NO_ENTITY_RANKING,,,NOT_APPLICABLE_GLOBAL_BASELINE,HF9g-P5,,,,X 全窗基线 · 不参与实体赏罚,8395676,840,A168_HF9F_20260827_0900,2026-08-27 09:00:00
2026-06-19,150107794,2248,0,10.1780113413,1.6721018632,1.6721018632,0.6666667,3,3,0.50218230000000000,0.502182300000,0.5697959874915163,0.5697959874915164,0.5697959874915163,0E-17,ELIGIBLE,R03b_20260811_FULL_v1,L1_ELIGIBILITY,v2026-08-11,2026-03-21..2026-08-06,baccarat_bet02_101_all_pairs_incl_sentinel,round_win = game_pnl > 0 (decisive only),COMPATIBILITY_ONLY_NOT_PRODUCTION,39187.2093,35396.6747,483.0410,8363,6242,-0.01232650,-0.05216444,-0.01154840,-0.01232650,-483.0410,39187.2093,OK,0.0000,19.3216,4.0000,96.0000,AG03-UNRESOLVED,ALL5_LEVELS_bet23_to_bet27,19.3216,19.3216,19.3216,0.0000,0.0000,4.000000,4.000000,4.000000,0.000000,0.000000,96.000000,96.000000,96.000000,100.000000,100.000000,5.0,57.9649,55.6772,425.0761,427.3638,PENDING_AG03,FALSE,NOT_FOR_ENFORCEMENT,463.7194,33980.8077,483.0410,463.7194,19.3216,0.01232650,0.01183344,19.3216,463.7194,0.01183344,19.3216,19.3216,19.3216,0.0000,0.0000,463.7194,0.01183344,57.9649,55.6772,425.0761,427.3638,0.01084732,0.0109057,0.00049306,4.6858,5.6707,0.0774,15.5820,0.2688,1264.1035,201.3548,4.5499,4.6885,2.0771,4.1543,6.1317,8.4025,10.5031,18.5864,3.9466,-2.0771,2.528253,4.474023,1.127938,29,192,48,6,0.01915741,0.01232650,0.05216444,0E-8,0.000000,0.903271,0.017936,-0.04061604,2026-05-16,2026-07-20,31,1797,733,66,0.469697,0.970424,0.970991,0.063858,,,,,,,,GLOBAL_BASELINE_NO_ENTITY_RANKING,,,NOT_APPLICABLE_GLOBAL_BASELINE,HF9g-P5,,,,X 全窗基线 · 不参与实体赏罚,8395677,840,A168_HF9F_20260827_0900,2026-08-27 09:00:00
2026-06-19,150107794,2258,0,4.1542903434,3.9465758262,3.9465758262,1.0000000,1,1,0.50665070000000000,0.506650700000,0.9867858985152569,0.9867858985152569,0.9867858985152569,0E-17,ELIGIBLE,R03b_20260811_FULL_v1,L1_ELIGIBILITY,v2026-08-11,2026-03-21..2026-08-06,baccarat_bet02_101_all_pairs_incl_sentinel,round_win = game_pnl > 0 (decisive only),COMPATIBILITY_ONLY_NOT_PRODUCTION,39187.2093,35396.6747,483.0410,8363,6242,-0.01232650,-0.05216444,-0.01154840,-0.01232650,-483.0410,39187.2093,OK,0.0000,19.3216,4.0000,96.0000,AG03-UNRESOLVED,ALL5_LEVELS_bet23_to_bet27,19.3216,19.3216,19.3216,0.0000,0.0000,4.000000,4.000000,4.000000,0.000000,0.000000,96.000000,96.000000,96.000000,100.000000,100.000000,5.0,57.9649,55.6772,425.0761,427.3638,PENDING_AG03,FALSE,NOT_FOR_ENFORCEMENT,463.7194,33980.8077,483.0410,463.7194,19.3216,0.01232650,0.01183344,19.3216,463.7194,0.01183344,19.3216,19.3216,19.3216,0.0000,0.0000,463.7194,0.01183344,57.9649,55.6772,425.0761,427.3638,0.01084732,0.0109057,0.00049306,4.6858,5.6707,0.0774,15.5820,0.2688,1264.1035,201.3548,4.5499,4.6885,2.0771,4.1543,6.1317,8.4025,10.5031,18.5864,3.9466,-2.0771,2.528253,4.474023,1.127938,29,192,48,6,0.01915741,0.01232650,0.05216444,0E-8,0.000000,0.903271,0.017936,-0.04061604,2026-05-16,2026-07-20,31,1797,733,66,0.469697,0.970424,0.970991,0.063858,,,,,,,,GLOBAL_BASELINE_NO_ENTITY_RANKING,,,NOT_APPLICABLE_GLOBAL_BASELINE,HF9g-P5,,,,X 全窗基线 · 不参与实体赏罚,8395678,840,A168_HF9F_20260827_0900,2026-08-27 09:00:00
2026-06-19,150107794,2267,0,24.9257420602,-10.3857258584,-10.3857258584,0.3333333,5,4,0.47666466499980808,0.446766462500,-0.49705592416072725,-0.39519005599683676,-0.49705592416072725,0.02989820249980808,ELIGIBLE,R03b_20260811_FULL_v1,L1_ELIGIBILITY,v2026-08-11,2026-03-21..2026-08-06,baccarat_bet02_101_all_pairs_incl_sentinel,round_win = game_pnl > 0 (decisive only),COMPATIBILITY_ONLY_NOT_PRODUCTION,39187.2093,35396.6747,483.0410,8363,6242,-0.01232650,-0.05216444,-0.01154840,-0.01232650,-483.0410,39187.2093,OK,0.0000,19.3216,4.0000,96.0000,AG03-UNRESOLVED,ALL5_LEVELS_bet23_to_bet27,19.3216,19.3216,19.3216,0.0000,0.0000,4.000000,4.000000,4.000000,0.000000,0.000000,96.000000,96.000000,96.000000,100.000000,100.000000,5.0,57.9649,55.6772,425.0761,427.3638,PENDING_AG03,FALSE,NOT_FOR_ENFORCEMENT,463.7194,33980.8077,483.0410,463.7194,19.3216,0.01232650,0.01183344,19.3216,463.7194,0.01183344,19.3216,19.3216,19.3216,0.0000,0.0000,463.7194,0.01183344,57.9649,55.6772,425.0761,427.3638,0.01084732,0.0109057,0.00049306,4.6858,5.6707,0.0774,15.5820,0.2688,1264.1035,201.3548,4.5499,4.6885,2.0771,4.1543,6.1317,8.4025,10.5031,18.5864,3.9466,-2.0771,2.528253,4.474023,1.127938,29,192,48,6,0.01915741,0.01232650,0.05216444,0E-8,0.000000,0.903271,0.017936,-0.04061604,2026-05-16,2026-07-20,31,1797,733,66,0.469697,0.970424,0.970991,0.063858,,,,,,,,GLOBAL_BASELINE_NO_ENTITY_RANKING,,,NOT_APPLICABLE_GLOBAL_BASELINE,HF9g-P5,,,,X 全窗基线 · 不参与实体赏罚,8395679,840,A168_HF9F_20260827_0900,2026-08-27 09:00:00
2026-06-19,150107794,2271,0,31.1571775752,2.0771451716,2.0771451716,0.6666667,6,4,0.45091167124949813,0.395260475000,0.7510254299277633,0.9615115536363452,0.7510254299277633,0.05565119624949813,ELIGIBLE,R03b_20260811_FULL_v1,L1_ELIGIBILITY,v2026-08-11,2026-03-21..2026-08-06,baccarat_bet02_101_all_pairs_incl_sentinel,round_win = game_pnl > 0 (decisive only),COMPATIBILITY_ONLY_NOT_PRODUCTION,39187.2093,35396.6747,483.0410,8363,6242,-0.01232650,-0.05216444,-0.01154840,-0.01232650,-483.0410,39187.2093,OK,0.0000,19.3216,4.0000,96.0000,AG03-UNRESOLVED,ALL5_LEVELS_bet23_to_bet27,19.3216,19.3216,19.3216,0.0000,0.0000,4.000000,4.000000,4.000000,0.000000,0.000000,96.000000,96.000000,96.000000,100.000000,100.000000,5.0,57.9649,55.6772,425.0761,427.3638,PENDING_AG03,FALSE,NOT_FOR_ENFORCEMENT,463.7194,33980.8077,483.0410,463.7194,19.3216,0.01232650,0.01183344,19.3216,463.7194,0.01183344,19.3216,19.3216,19.3216,0.0000,0.0000,463.7194,0.01183344,57.9649,55.6772,425.0761,427.3638,0.01084732,0.0109057,0.00049306,4.6858,5.6707,0.0774,15.5820,0.2688,1264.1035,201.3548,4.5499,4.6885,2.0771,4.1543,6.1317,8.4025,10.5031,18.5864,3.9466,-2.0771,2.528253,4.474023,1.127938,29,192,48,6,0.01915741,0.01232650,0.05216444,0E-8,0.000000,0.903271,0.017936,-0.04061604,2026-05-16,2026-07-20,31,1797,733,66,0.469697,0.970424,0.970991,0.063858,,,,,,,,GLOBAL_BASELINE_NO_ENTITY_RANKING,,,NOT_APPLICABLE_GLOBAL_BASELINE,HF9g-P5,,,,X 全窗基线 · 不参与实体赏罚,8395680,840,A168_HF9F_20260827_0900,2026-08-27 09:00:00
2026-06-19,150107794,2280,0,4.1542903434,-4.1542903434,-4.1542903434,0E-7,1,1,0.49324550000000000,0.493245500000,-0.9865810262130424,-0.9865810262130424,-0.9865810262130424,0E-17,ELIGIBLE,R03b_20260811_FULL_v1,L1_ELIGIBILITY,v2026-08-11,2026-03-21..2026-08-06,baccarat_bet02_101_all_pairs_incl_sentinel,round_win = game_pnl > 0 (decisive only),COMPATIBILITY_ONLY_NOT_PRODUCTION,39187.2093,35396.6747,483.0410,8363,6242,-0.01232650,-0.05216444,-0.01154840,-0.01232650,-483.0410,39187.2093,OK,0.0000,19.3216,4.0000,96.0000,AG03-UNRESOLVED,ALL5_LEVELS_bet23_to_bet27,19.3216,19.3216,19.3216,0.0000,0.0000,4.000000,4.000000,4.000000,0.000000,0.000000,96.000000,96.000000,96.000000,100.000000,100.000000,5.0,57.9649,55.6772,425.0761,427.3638,PENDING_AG03,FALSE,NOT_FOR_ENFORCEMENT,463.7194,33980.8077,483.0410,463.7194,19.3216,0.01232650,0.01183344,19.3216,463.7194,0.01183344,19.3216,19.3216,19.3216,0.0000,0.0000,463.7194,0.01183344,57.9649,55.6772,425.0761,427.3638,0.01084732,0.0109057,0.00049306,4.6858,5.6707,0.0774,15.5820,0.2688,1264.1035,201.3548,4.5499,4.6885,2.0771,4.1543,6.1317,8.4025,10.5031,18.5864,3.9466,-2.0771,2.528253,4.474023,1.127938,29,192,48,6,0.01915741,0.01232650,0.05216444,0E-8,0.000000,0.903271,0.017936,-0.04061604,2026-05-16,2026-07-20,31,1797,733,66,0.469697,0.970424,0.970991,0.063858,,,,,,,,GLOBAL_BASELINE_NO_ENTITY_RANKING,,,NOT_APPLICABLE_GLOBAL_BASELINE,HF9g-P5,,,,X 全窗基线 · 不参与实体赏罚,8395681,840,A168_HF9F_20260827_0900,2026-08-27 09:00:00
2026-06-19,150107794,2287,0,16.6171613735,-12.4628710301,-12.4628710301,0E-7,3,2,0.46002527499973345,0.393584825000,-0.9230051640499217,-0.8056272404023801,-0.9230051640499217,0.06644044999973345,ELIGIBLE,R03b_20260811_FULL_v1,L1_ELIGIBILITY,v2026-08-11,2026-03-21..2026-08-06,baccarat_bet02_101_all_pairs_incl_sentinel,round_win = game_pnl > 0 (decisive only),COMPATIBILITY_ONLY_NOT_PRODUCTION,39187.2093,35396.6747,483.0410,8363,6242,-0.01232650,-0.05216444,-0.01154840,-0.01232650,-483.0410,39187.2093,OK,0.0000,19.3216,4.0000,96.0000,AG03-UNRESOLVED,ALL5_LEVELS_bet23_to_bet27,19.3216,19.3216,19.3216,0.0000,0.0000,4.000000,4.000000,4.000000,0.000000,0.000000,96.000000,96.000000,96.000000,100.000000,100.000000,5.0,57.9649,55.6772,425.0761,427.3638,PENDING_AG03,FALSE,NOT_FOR_ENFORCEMENT,463.7194,33980.8077,483.0410,463.7194,19.3216,0.01232650,0.01183344,19.3216,463.7194,0.01183344,19.3216,19.3216,19.3216,0.0000,0.0000,463.7194,0.01183344,57.9649,55.6772,425.0761,427.3638,0.01084732,0.0109057,0.00049306,4.6858,5.6707,0.0774,15.5820,0.2688,1264.1035,201.3548,4.5499,4.6885,2.0771,4.1543,6.1317,8.4025,10.5031,18.5864,3.9466,-2.0771,2.528253,4.474023,1.127938,29,192,48,6,0.01915741,0.01232650,0.05216444,0E-8,0.000000,0.903271,0.017936,-0.04061604,2026-05-16,2026-07-20,31,1797,733,66,0.469697,0.970424,0.970991,0.063858,,,,,,,,GLOBAL_BASELINE_NO_ENTITY_RANKING,,,NOT_APPLICABLE_GLOBAL_BASELINE,HF9g-P5,,,,X 全窗基线 · 不参与实体赏罚,8395682,840,A168_HF9F_20260827_0900,2026-08-27 09:00:00
2026-06-19,150107794,583,0,6.2314355151,-6.2314355151,-6.2314355151,0E-7,2,1,0.36036460000000000,0.293924150000,-0.7505935278881406,-0.6451964315166089,-0.7505935278881406,0.06644045000000000,ELIGIBLE,R03b_20260811_FULL_v1,L1_ELIGIBILITY,v2026-08-11,2026-03-21..2026-08-06,baccarat_bet02_101_all_pairs_incl_sentinel,round_win = game_pnl > 0 (decisive only),COMPATIBILITY_ONLY_NOT_PRODUCTION,39187.2093,35396.6747,483.0410,8363,6242,-0.01232650,-0.05216444,-0.01154840,-0.01232650,-483.0410,39187.2093,OK,0.0000,19.3216,4.0000,96.0000,AG03-UNRESOLVED,ALL5_LEVELS_bet23_to_bet27,19.3216,19.3216,19.3216,0.0000,0.0000,4.000000,4.000000,4.000000,0.000000,0.000000,96.000000,96.000000,96.000000,100.000000,100.000000,5.0,57.9649,55.6772,425.0761,427.3638,PENDING_AG03,FALSE,NOT_FOR_ENFORCEMENT,463.7194,33980.8077,483.0410,463.7194,19.3216,0.01232650,0.01183344,19.3216,463.7194,0.01183344,19.3216,19.3216,19.3216,0.0000,0.0000,463.7194,0.01183344,57.9649,55.6772,425.0761,427.3638,0.01084732,0.0109057,0.00049306,4.6858,5.6707,0.0774,15.5820,0.2688,1264.1035,201.3548,4.5499,4.6885,2.0771,4.1543,6.1317,8.4025,10.5031,18.5864,3.9466,-2.0771,2.528253,4.474023,1.127938,29,192,48,6,0.01915741,0.01232650,0.05216444,0E-8,0.000000,0.903271,0.017936,-0.04061604,2026-05-16,2026-07-20,31,1797,733,66,0.469697,0.970424,0.970991,0.063858,,,,,,,,GLOBAL_BASELINE_NO_ENTITY_RANKING,,,NOT_APPLICABLE_GLOBAL_BASELINE,HF9g-P5,,,,X 全窗基线 · 不参与实体赏罚,8395683,840,A168_HF9F_20260827_0900,2026-08-27 09:00:00
2026-06-19,150107794,763,0,54.0057744637,13.7091581331,13.7091581331,0.7142857,12,8,0.45658331919617238,0.424364768750,1.368803073565594,1.5519769560118488,1.368803073565594,0.03221855044617238,ELIGIBLE,R03b_20260811_FULL_v1,L1_ELIGIBILITY,v2026-08-11,2026-03-21..2026-08-06,baccarat_bet02_101_all_pairs_incl_sentinel,round_win = game_pnl > 0 (decisive only),COMPATIBILITY_ONLY_NOT_PRODUCTION,39187.2093,35396.6747,483.0410,8363,6242,-0.01232650,-0.05216444,-0.01154840,-0.01232650,-483.0410,39187.2093,OK,0.0000,19.3216,4.0000,96.0000,AG03-UNRESOLVED,ALL5_LEVELS_bet23_to_bet27,19.3216,19.3216,19.3216,0.0000,0.0000,4.000000,4.000000,4.000000,0.000000,0.000000,96.000000,96.000000,96.000000,100.000000,100.000000,5.0,57.9649,55.6772,425.0761,427.3638,PENDING_AG03,FALSE,NOT_FOR_ENFORCEMENT,463.7194,33980.8077,483.0410,463.7194,19.3216,0.01232650,0.01183344,19.3216,463.7194,0.01183344,19.3216,19.3216,19.3216,0.0000,0.0000,463.7194,0.01183344,57.9649,55.6772,425.0761,427.3638,0.01084732,0.0109057,0.00049306,4.6858,5.6707,0.0774,15.5820,0.2688,1264.1035,201.3548,4.5499,4.6885,2.0771,4.1543,6.1317,8.4025,10.5031,18.5864,3.9466,-2.0771,2.528253,4.474023,1.127938,29,192,48,6,0.01915741,0.01232650,0.05216444,0E-8,0.000000,0.903271,0.017936,-0.04061604,2026-05-16,2026-07-20,31,1797,733,66,0.469697,0.970424,0.970991,0.063858,,,,,,,,GLOBAL_BASELINE_NO_ENTITY_RANKING,,,NOT_APPLICABLE_GLOBAL_BASELINE,HF9g-P5,,,,X 全窗基线 · 不参与实体赏罚,8395684,840,A168_HF9F_20260827_0900,2026-08-27 09:00:00
2026-06-19,150107794,919,0,43.4123340882,1.5578588787,1.5578588787,0.5714286,8,7,0.47617754285714286,0.466686050000,0.5045941167156257,0.5554796622612536,0.5045941167156257,0.00949149285714286,ELIGIBLE,R03b_20260811_FULL_v1,L1_ELIGIBILITY,v2026-08-11,2026-03-21..2026-08-06,baccarat_bet02_101_all_pairs_incl_sentinel,round_win = game_pnl > 0 (decisive only),COMPATIBILITY_ONLY_NOT_PRODUCTION,39187.2093,35396.6747,483.0410,8363,6242,-0.01232650,-0.05216444,-0.01154840,-0.01232650,-483.0410,39187.2093,OK,0.0000,19.3216,4.0000,96.0000,AG03-UNRESOLVED,ALL5_LEVELS_bet23_to_bet27,19.3216,19.3216,19.3216,0.0000,0.0000,4.000000,4.000000,4.000000,0.000000,0.000000,96.000000,96.000000,96.000000,100.000000,100.000000,5.0,57.9649,55.6772,425.0761,427.3638,PENDING_AG03,FALSE,NOT_FOR_ENFORCEMENT,463.7194,33980.8077,483.0410,463.7194,19.3216,0.01232650,0.01183344,19.3216,463.7194,0.01183344,19.3216,19.3216,19.3216,0.0000,0.0000,463.7194,0.01183344,57.9649,55.6772,425.0761,427.3638,0.01084732,0.0109057,0.00049306,4.6858,5.6707,0.0774,15.5820,0.2688,1264.1035,201.3548,4.5499,4.6885,2.0771,4.1543,6.1317,8.4025,10.5031,18.5864,3.9466,-2.0771,2.528253,4.474023,1.127938,29,192,48,6,0.01915741,0.01232650,0.05216444,0E-8,0.000000,0.903271,0.017936,-0.04061604,2026-05-16,2026-07-20,31,1797,733,66,0.469697,0.970424,0.970991,0.063858,,,,,,,,GLOBAL_BASELINE_NO_ENTITY_RANKING,,,NOT_APPLICABLE_GLOBAL_BASELINE,HF9g-P5,,,,X 全窗基线 · 不参与实体赏罚,8395685,840,A168_HF9F_20260827_0900,2026-08-27 09:00:00
2026-06-19,150107794,948,0,14.5400162019,-4.1542903434,-4.1542903434,0.3333333,4,4,0.49324550000000000,0.493245500000,-0.5540025479526107,-0.5540025479526106,-0.5540025479526107,0E-17,ELIGIBLE,R03b_20260811_FULL_v1,L1_ELIGIBILITY,v2026-08-11,2026-03-21..2026-08-06,baccarat_bet02_101_all_pairs_incl_sentinel,round_win = game_pnl > 0 (decisive only),COMPATIBILITY_ONLY_NOT_PRODUCTION,39187.2093,35396.6747,483.0410,8363,6242,-0.01232650,-0.05216444,-0.01154840,-0.01232650,-483.0410,39187.2093,OK,0.0000,19.3216,4.0000,96.0000,AG03-UNRESOLVED,ALL5_LEVELS_bet23_to_bet27,19.3216,19.3216,19.3216,0.0000,0.0000,4.000000,4.000000,4.000000,0.000000,0.000000,96.000000,96.000000,96.000000,100.000000,100.000000,5.0,57.9649,55.6772,425.0761,427.3638,PENDING_AG03,FALSE,NOT_FOR_ENFORCEMENT,463.7194,33980.8077,483.0410,463.7194,19.3216,0.01232650,0.01183344,19.3216,463.7194,0.01183344,19.3216,19.3216,19.3216,0.0000,0.0000,463.7194,0.01183344,57.9649,55.6772,425.0761,427.3638,0.01084732,0.0109057,0.00049306,4.6858,5.6707,0.0774,15.5820,0.2688,1264.1035,201.3548,4.5499,4.6885,2.0771,4.1543,6.1317,8.4025,10.5031,18.5864,3.9466,-2.0771,2.528253,4.474023,1.127938,29,192,48,6,0.01915741,0.01232650,0.05216444,0E-8,0.000000,0.903271,0.017936,-0.04061604,2026-05-16,2026-07-20,31,1797,733,66,0.469697,0.970424,0.970991,0.063858,,,,,,,,GLOBAL_BASELINE_NO_ENTITY_RANKING,,,NOT_APPLICABLE_GLOBAL_BASELINE,HF9g-P5,,,,X 全窗基线 · 不参与实体赏罚,8395686,840,A168_HF9F_20260827_0900,2026-08-27 09:00:00
2026-06-19,150107794,970,0,102.8186859987,41.7506179508,41.7506179508,0.7500000,28,20,0.44638306902146076,0.414187220000,2.4430223420887773,2.7269642421556974,2.4430223420887773,0.03219584902146076,ELIGIBLE,R03b_20260811_FULL_v1,L1_ELIGIBILITY,v2026-08-11,2026-03-21..2026-08-06,baccarat_bet02_101_all_pairs_incl_sentinel,round_win = game_pnl > 0 (decisive only),COMPATIBILITY_ONLY_NOT_PRODUCTION,39187.2093,35396.6747,483.0410,8363,6242,-0.01232650,-0.05216444,-0.01154840,-0.01232650,-483.0410,39187.2093,OK,0.0000,19.3216,4.0000,96.0000,AG03-UNRESOLVED,ALL5_LEVELS_bet23_to_bet27,19.3216,19.3216,19.3216,0.0000,0.0000,4.000000,4.000000,4.000000,0.000000,0.000000,96.000000,96.000000,96.000000,100.000000,100.000000,5.0,57.9649,55.6772,425.0761,427.3638,PENDING_AG03,FALSE,NOT_FOR_ENFORCEMENT,463.7194,33980.8077,483.0410,463.7194,19.3216,0.01232650,0.01183344,19.3216,463.7194,0.01183344,19.3216,19.3216,19.3216,0.0000,0.0000,463.7194,0.01183344,57.9649,55.6772,425.0761,427.3638,0.01084732,0.0109057,0.00049306,4.6858,5.6707,0.0774,15.5820,0.2688,1264.1035,201.3548,4.5499,4.6885,2.0771,4.1543,6.1317,8.4025,10.5031,18.5864,3.9466,-2.0771,2.528253,4.474023,1.127938,29,192,48,6,0.01915741,0.01232650,0.05216444,0E-8,0.000000,0.903271,0.017936,-0.04061604,2026-05-16,2026-07-20,31,1797,733,66,0.469697,0.970424,0.970991,0.063858,,,,,,,,GLOBAL_BASELINE_NO_ENTITY_RANKING,,,NOT_APPLICABLE_GLOBAL_BASELINE,HF9g-P5,,,,X 全窗基线 · 不参与实体赏罚,8395687,840,A168_HF9F_20260827_0900,2026-08-27 09:00:00
2026-06-19,150107794,987,0,104.0649731014,-6.9792077770,-6.9792077770,0.5454545,23,12,0.41546284162981336,0.332171325000,0.8748625438391869,1.50189451598913,0.8748625438391869,0.08329151662981336,ELIGIBLE,R03b_20260811_FULL_v1,L1_ELIGIBILITY,v2026-08-11,2026-03-21..2026-08-06,baccarat_bet02_101_all_pairs_incl_sentinel,round_win = game_pnl > 0 (decisive only),COMPATIBILITY_ONLY_NOT_PRODUCTION,39187.2093,35396.6747,483.0410,8363,6242,-0.01232650,-0.05216444,-0.01154840,-0.01232650,-483.0410,39187.2093,OK,0.0000,19.3216,4.0000,96.0000,AG03-UNRESOLVED,ALL5_LEVELS_bet23_to_bet27,19.3216,19.3216,19.3216,0.0000,0.0000,4.000000,4.000000,4.000000,0.000000,0.000000,96.000000,96.000000,96.000000,100.000000,100.000000,5.0,57.9649,55.6772,425.0761,427.3638,PENDING_AG03,FALSE,NOT_FOR_ENFORCEMENT,463.7194,33980.8077,483.0410,463.7194,19.3216,0.01232650,0.01183344,19.3216,463.7194,0.01183344,19.3216,19.3216,19.3216,0.0000,0.0000,463.7194,0.01183344,57.9649,55.6772,425.0761,427.3638,0.01084732,0.0109057,0.00049306,4.6858,5.6707,0.0774,15.5820,0.2688,1264.1035,201.3548,4.5499,4.6885,2.0771,4.1543,6.1317,8.4025,10.5031,18.5864,3.9466,-2.0771,2.528253,4.474023,1.127938,29,192,48,6,0.01915741,0.01232650,0.05216444,0E-8,0.000000,0.903271,0.017936,-0.04061604,2026-05-16,2026-07-20,31,1797,733,66,0.469697,0.970424,0.970991,0.063858,,,,,,,,GLOBAL_BASELINE_NO_ENTITY_RANKING,,,NOT_APPLICABLE_GLOBAL_BASELINE,HF9g-P5,,,,X 全窗基线 · 不参与实体赏罚,8395688,840,A168_HF9F_20260827_0900,2026-08-27 09:00:00
2026-06-20,150107794,-1,1,369.1086970079,-28.9346322423,-28.9346322423,0.4339623,82,59,0.45503910738157561,0.420201695763,-0.30813176374676743,0.2029583563358794,-0.30813176374676743,0.03483741161857561,SENTINEL_DEALER,R03b_20260811_FULL_v1,L1_ELIGIBILITY,v2026-08-11,2026-03-21..2026-08-06,baccarat_bet02_101_all_pairs_incl_sentinel,round_win = game_pnl > 0 (decisive only),COMPATIBILITY_ONLY_NOT_PRODUCTION,39187.2093,35396.6747,483.0410,8363,6242,-0.01232650,-0.05216444,-0.01154840,-0.01232650,-483.0410,39187.2093,OK,0.0000,19.3216,4.0000,96.0000,AG03-UNRESOLVED,ALL5_LEVELS_bet23_to_bet27,19.3216,19.3216,19.3216,0.0000,0.0000,4.000000,4.000000,4.000000,0.000000,0.000000,96.000000,96.000000,96.000000,100.000000,100.000000,5.0,57.9649,55.6772,425.0761,427.3638,PENDING_AG03,FALSE,NOT_FOR_ENFORCEMENT,463.7194,33980.8077,483.0410,463.7194,19.3216,0.01232650,0.01183344,19.3216,463.7194,0.01183344,19.3216,19.3216,19.3216,0.0000,0.0000,463.7194,0.01183344,57.9649,55.6772,425.0761,427.3638,0.01084732,0.0109057,0.00049306,4.6858,5.6707,0.0774,15.5820,0.2688,1264.1035,201.3548,4.5499,4.6885,2.0771,4.1543,6.1317,8.4025,10.5031,18.5864,3.9466,-2.0771,2.528253,4.474023,1.127938,29,192,48,6,0.01915741,0.01232650,0.05216444,0E-8,0.000000,0.903271,0.017936,-0.04061604,2026-05-16,2026-07-20,31,1797,733,66,0.469697,0.970424,0.970991,0.063858,,,,,,,,GLOBAL_BASELINE_NO_ENTITY_RANKING,,,NOT_APPLICABLE_GLOBAL_BASELINE,HF9g-P5,,,,X 全窗基线 · 不参与实体赏罚,8395689,840,A168_HF9F_20260827_0900,2026-08-27 09:00:00
2026-06-20,150107794,1004,0,4.1542903434,4.0504330848,4.0504330848,1.0000000,2,2,0.49994810000000000,0.499948100000,1.4143603653603398,1.4143603653603398,1.4143603653603398,0E-17,ELIGIBLE,R03b_20260811_FULL_v1,L1_ELIGIBILITY,v2026-08-11,2026-03-21..2026-08-06,baccarat_bet02_101_all_pairs_incl_sentinel,round_win = game_pnl > 0 (decisive only),COMPATIBILITY_ONLY_NOT_PRODUCTION,39187.2093,35396.6747,483.0410,8363,6242,-0.01232650,-0.05216444,-0.01154840,-0.01232650,-483.0410,39187.2093,OK,0.0000,19.3216,4.0000,96.0000,AG03-UNRESOLVED,ALL5_LEVELS_bet23_to_bet27,19.3216,19.3216,19.3216,0.0000,0.0000,4.000000,4.000000,4.000000,0.000000,0.000000,96.000000,96.000000,96.000000,100.000000,100.000000,5.0,57.9649,55.6772,425.0761,427.3638,PENDING_AG03,FALSE,NOT_FOR_ENFORCEMENT,463.7194,33980.8077,483.0410,463.7194,19.3216,0.01232650,0.01183344,19.3216,463.7194,0.01183344,19.3216,19.3216,19.3216,0.0000,0.0000,463.7194,0.01183344,57.9649,55.6772,425.0761,427.3638,0.01084732,0.0109057,0.00049306,4.6858,5.6707,0.0774,15.5820,0.2688,1264.1035,201.3548,4.5499,4.6885,2.0771,4.1543,6.1317,8.4025,10.5031,18.5864,3.9466,-2.0771,2.528253,4.474023,1.127938,29,192,48,6,0.01915741,0.01232650,0.05216444,0E-8,0.000000,0.903271,0.017936,-0.04061604,2026-05-16,2026-07-20,31,1797,733,66,0.469697,0.970424,0.970991,0.063858,,,,,,,,GLOBAL_BASELINE_NO_ENTITY_RANKING,,,NOT_APPLICABLE_GLOBAL_BASELINE,HF9g-P5,,,,X 全窗基线 · 不参与实体赏罚,8395690,840,A168_HF9F_20260827_0900,2026-08-27 09:00:00
2026-06-20,150107794,1078,0,7.2700081009,-1.1943584738,-1.1943584738,0.5000000,2,2,0.50665070000000000,0.506650700000,-0.018812684590367487,-0.018812684590367487,-0.018812684590367487,0E-17,ELIGIBLE,R03b_20260811_FULL_v1,L1_ELIGIBILITY,v2026-08-11,2026-03-21..2026-08-06,baccarat_bet02_101_all_pairs_incl_sentinel,round_win = game_pnl > 0 (decisive only),COMPATIBILITY_ONLY_NOT_PRODUCTION,39187.2093,35396.6747,483.0410,8363,6242,-0.01232650,-0.05216444,-0.01154840,-0.01232650,-483.0410,39187.2093,OK,0.0000,19.3216,4.0000,96.0000,AG03-UNRESOLVED,ALL5_LEVELS_bet23_to_bet27,19.3216,19.3216,19.3216,0.0000,0.0000,4.000000,4.000000,4.000000,0.000000,0.000000,96.000000,96.000000,96.000000,100.000000,100.000000,5.0,57.9649,55.6772,425.0761,427.3638,PENDING_AG03,FALSE,NOT_FOR_ENFORCEMENT,463.7194,33980.8077,483.0410,463.7194,19.3216,0.01232650,0.01183344,19.3216,463.7194,0.01183344,19.3216,19.3216,19.3216,0.0000,0.0000,463.7194,0.01183344,57.9649,55.6772,425.0761,427.3638,0.01084732,0.0109057,0.00049306,4.6858,5.6707,0.0774,15.5820,0.2688,1264.1035,201.3548,4.5499,4.6885,2.0771,4.1543,6.1317,8.4025,10.5031,18.5864,3.9466,-2.0771,2.528253,4.474023,1.127938,29,192,48,6,0.01915741,0.01232650,0.05216444,0E-8,0.000000,0.903271,0.017936,-0.04061604,2026-05-16,2026-07-20,31,1797,733,66,0.469697,0.970424,0.970991,0.063858,,,,,,,,GLOBAL_BASELINE_NO_ENTITY_RANKING,,,NOT_APPLICABLE_GLOBAL_BASELINE,HF9g-P5,,,,X 全窗基线 · 不参与实体赏罚,8395691,840,A168_HF9F_20260827_0900,2026-08-27 09:00:00
2026-06-20,150107794,1299,0,10.3857258585,1.7655733959,1.7655733959,0.6666667,3,3,0.50665070000000000,0.506650700000,0.5543606114942035,0.5543606114942035,0.5543606114942035,0E-17,ELIGIBLE,R03b_20260811_FULL_v1,L1_ELIGIBILITY,v2026-08-11,2026-03-21..2026-08-06,baccarat_bet02_101_all_pairs_incl_sentinel,round_win = game_pnl > 0 (decisive only),COMPATIBILITY_ONLY_NOT_PRODUCTION,39187.2093,35396.6747,483.0410,8363,6242,-0.01232650,-0.05216444,-0.01154840,-0.01232650,-483.0410,39187.2093,OK,0.0000,19.3216,4.0000,96.0000,AG03-UNRESOLVED,ALL5_LEVELS_bet23_to_bet27,19.3216,19.3216,19.3216,0.0000,0.0000,4.000000,4.000000,4.000000,0.000000,0.000000,96.000000,96.000000,96.000000,100.000000,100.000000,5.0,57.9649,55.6772,425.0761,427.3638,PENDING_AG03,FALSE,NOT_FOR_ENFORCEMENT,463.7194,33980.8077,483.0410,463.7194,19.3216,0.01232650,0.01183344,19.3216,463.7194,0.01183344,19.3216,19.3216,19.3216,0.0000,0.0000,463.7194,0.01183344,57.9649,55.6772,425.0761,427.3638,0.01084732,0.0109057,0.00049306,4.6858,5.6707,0.0774,15.5820,0.2688,1264.1035,201.3548,4.5499,4.6885,2.0771,4.1543,6.1317,8.4025,10.5031,18.5864,3.9466,-2.0771,2.528253,4.474023,1.127938,29,192,48,6,0.01915741,0.01232650,0.05216444,0E-8,0.000000,0.903271,0.017936,-0.04061604,2026-05-16,2026-07-20,31,1797,733,66,0.469697,0.970424,0.970991,0.063858,,,,,,,,GLOBAL_BASELINE_NO_ENTITY_RANKING,,,NOT_APPLICABLE_GLOBAL_BASELINE,HF9g-P5,,,,X 全窗基线 · 不参与实体赏罚,8395692,840,A168_HF9F_20260827_0900,2026-08-27 09:00:00
2026-06-20,150107794,1301,0,6.2314355151,-6.2314355151,-6.2314355151,0E-7,2,2,0.49994810000000000,0.499948100000,-1.4140667746232096,-1.4140667746232096,-1.4140667746232096,0E-17,ELIGIBLE,R03b_20260811_FULL_v1,L1_ELIGIBILITY,v2026-08-11,2026-03-21..2026-08-06,baccarat_bet02_101_all_pairs_incl_sentinel,round_win = game_pnl > 0 (decisive only),COMPATIBILITY_ONLY_NOT_PRODUCTION,39187.2093,35396.6747,483.0410,8363,6242,-0.01232650,-0.05216444,-0.01154840,-0.01232650,-483.0410,39187.2093,OK,0.0000,19.3216,4.0000,96.0000,AG03-UNRESOLVED,ALL5_LEVELS_bet23_to_bet27,19.3216,19.3216,19.3216,0.0000,0.0000,4.000000,4.000000,4.000000,0.000000,0.000000,96.000000,96.000000,96.000000,100.000000,100.000000,5.0,57.9649,55.6772,425.0761,427.3638,PENDING_AG03,FALSE,NOT_FOR_ENFORCEMENT,463.7194,33980.8077,483.0410,463.7194,19.3216,0.01232650,0.01183344,19.3216,463.7194,0.01183344,19.3216,19.3216,19.3216,0.0000,0.0000,463.7194,0.01183344,57.9649,55.6772,425.0761,427.3638,0.01084732,0.0109057,0.00049306,4.6858,5.6707,0.0774,15.5820,0.2688,1264.1035,201.3548,4.5499,4.6885,2.0771,4.1543,6.1317,8.4025,10.5031,18.5864,3.9466,-2.0771,2.528253,4.474023,1.127938,29,192,48,6,0.01915741,0.01232650,0.05216444,0E-8,0.000000,0.903271,0.017936,-0.04061604,2026-05-16,2026-07-20,31,1797,733,66,0.469697,0.970424,0.970991,0.063858,,,,,,,,GLOBAL_BASELINE_NO_ENTITY_RANKING,,,NOT_APPLICABLE_GLOBAL_BASELINE,HF9g-P5,,,,X 全窗基线 · 不参与实体赏罚,8395693,840,A168_HF9F_20260827_0900,2026-08-27 09:00:00
2026-06-20,150107794,1306,0,14.9554452362,7.8931516523,7.8931516523,0.5000000,4,2,0.37934758571406812,0.293924150000,0.35164798060208263,0.6397330434626627,0.35164798060208263,0.08542343571406812,ELIGIBLE,R03b_20260811_FULL_v1,L1_ELIGIBILITY,v2026-08-11,2026-03-21..2026-08-06,baccarat_bet02_101_all_pairs_incl_sentinel,round_win = game_pnl > 0 (decisive only),COMPATIBILITY_ONLY_NOT_PRODUCTION,39187.2093,35396.6747,483.0410,8363,6242,-0.01232650,-0.05216444,-0.01154840,-0.01232650,-483.0410,39187.2093,OK,0.0000,19.3216,4.0000,96.0000,AG03-UNRESOLVED,ALL5_LEVELS_bet23_to_bet27,19.3216,19.3216,19.3216,0.0000,0.0000,4.000000,4.000000,4.000000,0.000000,0.000000,96.000000,96.000000,96.000000,100.000000,100.000000,5.0,57.9649,55.6772,425.0761,427.3638,PENDING_AG03,FALSE,NOT_FOR_ENFORCEMENT,463.7194,33980.8077,483.0410,463.7194,19.3216,0.01232650,0.01183344,19.3216,463.7194,0.01183344,19.3216,19.3216,19.3216,0.0000,0.0000,463.7194,0.01183344,57.9649,55.6772,425.0761,427.3638,0.01084732,0.0109057,0.00049306,4.6858,5.6707,0.0774,15.5820,0.2688,1264.1035,201.3548,4.5499,4.6885,2.0771,4.1543,6.1317,8.4025,10.5031,18.5864,3.9466,-2.0771,2.528253,4.474023,1.127938,29,192,48,6,0.01915741,0.01232650,0.05216444,0E-8,0.000000,0.903271,0.017936,-0.04061604,2026-05-16,2026-07-20,31,1797,733,66,0.469697,0.970424,0.970991,0.063858,,,,,,,,GLOBAL_BASELINE_NO_ENTITY_RANKING,,,NOT_APPLICABLE_GLOBAL_BASELINE,HF9g-P5,,,,X 全窗基线 · 不参与实体赏罚,8395694,840,A168_HF9F_20260827_0900,2026-08-27 09:00:00
2026-06-20,150107794,1307,0,28.8723178865,-4.3620048605,-4.3620048605,0.5000000,7,6,0.48816706530594344,0.467844975000,0.05798554467431691,0.15785357005604128,0.05798554467431691,0.02032209030594344,ELIGIBLE,R03b_20260811_FULL_v1,L1_ELIGIBILITY,v2026-08-11,2026-03-21..2026-08-06,baccarat_bet02_101_all_pairs_incl_sentinel,round_win = game_pnl > 0 (decisive only),COMPATIBILITY_ONLY_NOT_PRODUCTION,39187.2093,35396.6747,483.0410,8363,6242,-0.01232650,-0.05216444,-0.01154840,-0.01232650,-483.0410,39187.2093,OK,0.0000,19.3216,4.0000,96.0000,AG03-UNRESOLVED,ALL5_LEVELS_bet23_to_bet27,19.3216,19.3216,19.3216,0.0000,0.0000,4.000000,4.000000,4.000000,0.000000,0.000000,96.000000,96.000000,96.000000,100.000000,100.000000,5.0,57.9649,55.6772,425.0761,427.3638,PENDING_AG03,FALSE,NOT_FOR_ENFORCEMENT,463.7194,33980.8077,483.0410,463.7194,19.3216,0.01232650,0.01183344,19.3216,463.7194,0.01183344,19.3216,19.3216,19.3216,0.0000,0.0000,463.7194,0.01183344,57.9649,55.6772,425.0761,427.3638,0.01084732,0.0109057,0.00049306,4.6858,5.6707,0.0774,15.5820,0.2688,1264.1035,201.3548,4.5499,4.6885,2.0771,4.1543,6.1317,8.4025,10.5031,18.5864,3.9466,-2.0771,2.528253,4.474023,1.127938,29,192,48,6,0.01915741,0.01232650,0.05216444,0E-8,0.000000,0.903271,0.017936,-0.04061604,2026-05-16,2026-07-20,31,1797,733,66,0.469697,0.970424,0.970991,0.063858,,,,,,,,GLOBAL_BASELINE_NO_ENTITY_RANKING,,,NOT_APPLICABLE_GLOBAL_BASELINE,HF9g-P5,,,,X 全窗基线 · 不参与实体赏罚,8395695,840,A168_HF9F_20260827_0900,2026-08-27 09:00:00
2026-06-20,150107794,1325,0,4.1542903434,-4.1542903434,-4.1542903434,0E-7,1,1,0.50665070000000000,0.506650700000,-1.013391052207602,-1.013391052207602,-1.013391052207602,0E-17,ELIGIBLE,R03b_20260811_FULL_v1,L1_ELIGIBILITY,v2026-08-11,2026-03-21..2026-08-06,baccarat_bet02_101_all_pairs_incl_sentinel,round_win = game_pnl > 0 (decisive only),COMPATIBILITY_ONLY_NOT_PRODUCTION,39187.2093,35396.6747,483.0410,8363,6242,-0.01232650,-0.05216444,-0.01154840,-0.01232650,-483.0410,39187.2093,OK,0.0000,19.3216,4.0000,96.0000,AG03-UNRESOLVED,ALL5_LEVELS_bet23_to_bet27,19.3216,19.3216,19.3216,0.0000,0.0000,4.000000,4.000000,4.000000,0.000000,0.000000,96.000000,96.000000,96.000000,100.000000,100.000000,5.0,57.9649,55.6772,425.0761,427.3638,PENDING_AG03,FALSE,NOT_FOR_ENFORCEMENT,463.7194,33980.8077,483.0410,463.7194,19.3216,0.01232650,0.01183344,19.3216,463.7194,0.01183344,19.3216,19.3216,19.3216,0.0000,0.0000,463.7194,0.01183344,57.9649,55.6772,425.0761,427.3638,0.01084732,0.0109057,0.00049306,4.6858,5.6707,0.0774,15.5820,0.2688,1264.1035,201.3548,4.5499,4.6885,2.0771,4.1543,6.1317,8.4025,10.5031,18.5864,3.9466,-2.0771,2.528253,4.474023,1.127938,29,192,48,6,0.01915741,0.01232650,0.05216444,0E-8,0.000000,0.903271,0.017936,-0.04061604,2026-05-16,2026-07-20,31,1797,733,66,0.469697,0.970424,0.970991,0.063858,,,,,,,,GLOBAL_BASELINE_NO_ENTITY_RANKING,,,NOT_APPLICABLE_GLOBAL_BASELINE,HF9g-P5,,,,X 全窗基线 · 不参与实体赏罚,8395696,840,A168_HF9F_20260827_0900,2026-08-27 09:00:00
2026-06-20,150107794,1331,0,23.8871694743,0.0103857259,0.0103857259,0.5000000,4,4,0.50329940000000000,0.503299400000,-0.01319788734859681,-0.01319788734859681,-0.01319788734859681,0E-17,ELIGIBLE,R03b_20260811_FULL_v1,L1_ELIGIBILITY,v2026-08-11,2026-03-21..2026-08-06,baccarat_bet02_101_all_pairs_incl_sentinel,round_win = game_pnl > 0 (decisive only),COMPATIBILITY_ONLY_NOT_PRODUCTION,39187.2093,35396.6747,483.0410,8363,6242,-0.01232650,-0.05216444,-0.01154840,-0.01232650,-483.0410,39187.2093,OK,0.0000,19.3216,4.0000,96.0000,AG03-UNRESOLVED,ALL5_LEVELS_bet23_to_bet27,19.3216,19.3216,19.3216,0.0000,0.0000,4.000000,4.000000,4.000000,0.000000,0.000000,96.000000,96.000000,96.000000,100.000000,100.000000,5.0,57.9649,55.6772,425.0761,427.3638,PENDING_AG03,FALSE,NOT_FOR_ENFORCEMENT,463.7194,33980.8077,483.0410,463.7194,19.3216,0.01232650,0.01183344,19.3216,463.7194,0.01183344,19.3216,19.3216,19.3216,0.0000,0.0000,463.7194,0.01183344,57.9649,55.6772,425.0761,427.3638,0.01084732,0.0109057,0.00049306,4.6858,5.6707,0.0774,15.5820,0.2688,1264.1035,201.3548,4.5499,4.6885,2.0771,4.1543,6.1317,8.4025,10.5031,18.5864,3.9466,-2.0771,2.528253,4.474023,1.127938,29,192,48,6,0.01915741,0.01232650,0.05216444,0E-8,0.000000,0.903271,0.017936,-0.04061604,2026-05-16,2026-07-20,31,1797,733,66,0.469697,0.970424,0.970991,0.063858,,,,,,,,GLOBAL_BASELINE_NO_ENTITY_RANKING,,,NOT_APPLICABLE_GLOBAL_BASELINE,HF9g-P5,,,,X 全窗基线 · 不参与实体赏罚,8395697,840,A168_HF9F_20260827_0900,2026-08-27 09:00:00
2026-06-20,150107794,1353,0,12.2551565130,4.1542903434,4.1542903434,0.6666667,3,3,0.50218230000000000,0.502182300000,0.5697959874915163,0.5697959874915164,0.5697959874915163,0E-17,ELIGIBLE,R03b_20260811_FULL_v1,L1_ELIGIBILITY,v2026-08-11,2026-03-21..2026-08-06,baccarat_bet02_101_all_pairs_incl_sentinel,round_win = game_pnl > 0 (decisive only),COMPATIBILITY_ONLY_NOT_PRODUCTION,39187.2093,35396.6747,483.0410,8363,6242,-0.01232650,-0.05216444,-0.01154840,-0.01232650,-483.0410,39187.2093,OK,0.0000,19.3216,4.0000,96.0000,AG03-UNRESOLVED,ALL5_LEVELS_bet23_to_bet27,19.3216,19.3216,19.3216,0.0000,0.0000,4.000000,4.000000,4.000000,0.000000,0.000000,96.000000,96.000000,96.000000,100.000000,100.000000,5.0,57.9649,55.6772,425.0761,427.3638,PENDING_AG03,FALSE,NOT_FOR_ENFORCEMENT,463.7194,33980.8077,483.0410,463.7194,19.3216,0.01232650,0.01183344,19.3216,463.7194,0.01183344,19.3216,19.3216,19.3216,0.0000,0.0000,463.7194,0.01183344,57.9649,55.6772,425.0761,427.3638,0.01084732,0.0109057,0.00049306,4.6858,5.6707,0.0774,15.5820,0.2688,1264.1035,201.3548,4.5499,4.6885,2.0771,4.1543,6.1317,8.4025,10.5031,18.5864,3.9466,-2.0771,2.528253,4.474023,1.127938,29,192,48,6,0.01915741,0.01232650,0.05216444,0E-8,0.000000,0.903271,0.017936,-0.04061604,2026-05-16,2026-07-20,31,1797,733,66,0.469697,0.970424,0.970991,0.063858,,,,,,,,GLOBAL_BASELINE_NO_ENTITY_RANKING,,,NOT_APPLICABLE_GLOBAL_BASELINE,HF9g-P5,,,,X 全窗基线 · 不参与实体赏罚,8395698,840,A168_HF9F_20260827_0900,2026-08-27 09:00:00
2026-06-20,150107794,1363,0,12.8783000645,-8.8278669797,-8.8278669797,0.2500000,4,4,0.49994810000000000,0.499948100000,-0.9997924053861017,-0.9997924053861017,-0.9997924053861017,0E-17,ELIGIBLE,R03b_20260811_FULL_v1,L1_ELIGIBILITY,v2026-08-11,2026-03-21..2026-08-06,baccarat_bet02_101_all_pairs_incl_sentinel,round_win = game_pnl > 0 (decisive only),COMPATIBILITY_ONLY_NOT_PRODUCTION,39187.2093,35396.6747,483.0410,8363,6242,-0.01232650,-0.05216444,-0.01154840,-0.01232650,-483.0410,39187.2093,OK,0.0000,19.3216,4.0000,96.0000,AG03-UNRESOLVED,ALL5_LEVELS_bet23_to_bet27,19.3216,19.3216,19.3216,0.0000,0.0000,4.000000,4.000000,4.000000,0.000000,0.000000,96.000000,96.000000,96.000000,100.000000,100.000000,5.0,57.9649,55.6772,425.0761,427.3638,PENDING_AG03,FALSE,NOT_FOR_ENFORCEMENT,463.7194,33980.8077,483.0410,463.7194,19.3216,0.01232650,0.01183344,19.3216,463.7194,0.01183344,19.3216,19.3216,19.3216,0.0000,0.0000,463.7194,0.01183344,57.9649,55.6772,425.0761,427.3638,0.01084732,0.0109057,0.00049306,4.6858,5.6707,0.0774,15.5820,0.2688,1264.1035,201.3548,4.5499,4.6885,2.0771,4.1543,6.1317,8.4025,10.5031,18.5864,3.9466,-2.0771,2.528253,4.474023,1.127938,29,192,48,6,0.01915741,0.01232650,0.05216444,0E-8,0.000000,0.903271,0.017936,-0.04061604,2026-05-16,2026-07-20,31,1797,733,66,0.469697,0.970424,0.970991,0.063858,,,,,,,,GLOBAL_BASELINE_NO_ENTITY_RANKING,,,NOT_APPLICABLE_GLOBAL_BASELINE,HF9g-P5,,,,X 全窗基线 · 不参与实体赏罚,8395699,840,A168_HF9F_20260827_0900,2026-08-27 09:00:00
2026-06-20,150107794,1405,0,6.2314355151,-6.2314355151,-6.2314355151,0E-7,2,2,0.49994810000000000,0.499948100000,-1.4140667746232096,-1.4140667746232096,-1.4140667746232096,0E-17,ELIGIBLE,R03b_20260811_FULL_v1,L1_ELIGIBILITY,v2026-08-11,2026-03-21..2026-08-06,baccarat_bet02_101_all_pairs_incl_sentinel,round_win = game_pnl > 0 (decisive only),COMPATIBILITY_ONLY_NOT_PRODUCTION,39187.2093,35396.6747,483.0410,8363,6242,-0.01232650,-0.05216444,-0.01154840,-0.01232650,-483.0410,39187.2093,OK,0.0000,19.3216,4.0000,96.0000,AG03-UNRESOLVED,ALL5_LEVELS_bet23_to_bet27,19.3216,19.3216,19.3216,0.0000,0.0000,4.000000,4.000000,4.000000,0.000000,0.000000,96.000000,96.000000,96.000000,100.000000,100.000000,5.0,57.9649,55.6772,425.0761,427.3638,PENDING_AG03,FALSE,NOT_FOR_ENFORCEMENT,463.7194,33980.8077,483.0410,463.7194,19.3216,0.01232650,0.01183344,19.3216,463.7194,0.01183344,19.3216,19.3216,19.3216,0.0000,0.0000,463.7194,0.01183344,57.9649,55.6772,425.0761,427.3638,0.01084732,0.0109057,0.00049306,4.6858,5.6707,0.0774,15.5820,0.2688,1264.1035,201.3548,4.5499,4.6885,2.0771,4.1543,6.1317,8.4025,10.5031,18.5864,3.9466,-2.0771,2.528253,4.474023,1.127938,29,192,48,6,0.01915741,0.01232650,0.05216444,0E-8,0.000000,0.903271,0.017936,-0.04061604,2026-05-16,2026-07-20,31,1797,733,66,0.469697,0.970424,0.970991,0.063858,,,,,,,,GLOBAL_BASELINE_NO_ENTITY_RANKING,,,NOT_APPLICABLE_GLOBAL_BASELINE,HF9g-P5,,,,X 全窗基线 · 不参与实体赏罚,8395700,840,A168_HF9F_20260827_0900,2026-08-27 09:00:00
2026-06-20,150107794,1646,0,25.5488856118,-3.6453897764,-3.6453897764,0.5000000,8,8,0.49659680000000000,0.496596800000,0.019251852328098087,0.01925185232809809,0.019251852328098087,0E-17,ELIGIBLE,R03b_20260811_FULL_v1,L1_ELIGIBILITY,v2026-08-11,2026-03-21..2026-08-06,baccarat_bet02_101_all_pairs_incl_sentinel,round_win = game_pnl > 0 (decisive only),COMPATIBILITY_ONLY_NOT_PRODUCTION,39187.2093,35396.6747,483.0410,8363,6242,-0.01232650,-0.05216444,-0.01154840,-0.01232650,-483.0410,39187.2093,OK,0.0000,19.3216,4.0000,96.0000,AG03-UNRESOLVED,ALL5_LEVELS_bet23_to_bet27,19.3216,19.3216,19.3216,0.0000,0.0000,4.000000,4.000000,4.000000,0.000000,0.000000,96.000000,96.000000,96.000000,100.000000,100.000000,5.0,57.9649,55.6772,425.0761,427.3638,PENDING_AG03,FALSE,NOT_FOR_ENFORCEMENT,463.7194,33980.8077,483.0410,463.7194,19.3216,0.01232650,0.01183344,19.3216,463.7194,0.01183344,19.3216,19.3216,19.3216,0.0000,0.0000,463.7194,0.01183344,57.9649,55.6772,425.0761,427.3638,0.01084732,0.0109057,0.00049306,4.6858,5.6707,0.0774,15.5820,0.2688,1264.1035,201.3548,4.5499,4.6885,2.0771,4.1543,6.1317,8.4025,10.5031,18.5864,3.9466,-2.0771,2.528253,4.474023,1.127938,29,192,48,6,0.01915741,0.01232650,0.05216444,0E-8,0.000000,0.903271,0.017936,-0.04061604,2026-05-16,2026-07-20,31,1797,733,66,0.469697,0.970424,0.970991,0.063858,,,,,,,,GLOBAL_BASELINE_NO_ENTITY_RANKING,,,NOT_APPLICABLE_GLOBAL_BASELINE,HF9g-P5,,,,X 全窗基线 · 不参与实体赏罚,8395701,840,A168_HF9F_20260827_0900,2026-08-27 09:00:00
2026-06-20,150107794,1714,0,64.5992148395,-4.1335188918,-4.1335188918,0.5454545,16,12,0.46598673387233296,0.434066200000,0.5283537527758875,0.7453758105414655,0.5283537527758875,0.03192053387233296,ELIGIBLE,R03b_20260811_FULL_v1,L1_ELIGIBILITY,v2026-08-11,2026-03-21..2026-08-06,baccarat_bet02_101_all_pairs_incl_sentinel,round_win = game_pnl > 0 (decisive only),COMPATIBILITY_ONLY_NOT_PRODUCTION,39187.2093,35396.6747,483.0410,8363,6242,-0.01232650,-0.05216444,-0.01154840,-0.01232650,-483.0410,39187.2093,OK,0.0000,19.3216,4.0000,96.0000,AG03-UNRESOLVED,ALL5_LEVELS_bet23_to_bet27,19.3216,19.3216,19.3216,0.0000,0.0000,4.000000,4.000000,4.000000,0.000000,0.000000,96.000000,96.000000,96.000000,100.000000,100.000000,5.0,57.9649,55.6772,425.0761,427.3638,PENDING_AG03,FALSE,NOT_FOR_ENFORCEMENT,463.7194,33980.8077,483.0410,463.7194,19.3216,0.01232650,0.01183344,19.3216,463.7194,0.01183344,19.3216,19.3216,19.3216,0.0000,0.0000,463.7194,0.01183344,57.9649,55.6772,425.0761,427.3638,0.01084732,0.0109057,0.00049306,4.6858,5.6707,0.0774,15.5820,0.2688,1264.1035,201.3548,4.5499,4.6885,2.0771,4.1543,6.1317,8.4025,10.5031,18.5864,3.9466,-2.0771,2.528253,4.474023,1.127938,29,192,48,6,0.01915741,0.01232650,0.05216444,0E-8,0.000000,0.903271,0.017936,-0.04061604,2026-05-16,2026-07-20,31,1797,733,66,0.469697,0.970424,0.970991,0.063858,,,,,,,,GLOBAL_BASELINE_NO_ENTITY_RANKING,,,NOT_APPLICABLE_GLOBAL_BASELINE,HF9g-P5,,,,X 全窗基线 · 不参与实体赏罚,8395702,840,A168_HF9F_20260827_0900,2026-08-27 09:00:00
2026-06-20,150107794,1985,0,26.3797436804,-13.4806721643,-13.4806721643,0.2500000,8,6,0.46006412187487085,0.435741850000,-0.8429495868953981,-0.7491800529930329,-0.8429495868953981,0.02432227187487085,ELIGIBLE,R03b_20260811_FULL_v1,L1_ELIGIBILITY,v2026-08-11,2026-03-21..2026-08-06,baccarat_bet02_101_all_pairs_incl_sentinel,round_win = game_pnl > 0 (decisive only),COMPATIBILITY_ONLY_NOT_PRODUCTION,39187.2093,35396.6747,483.0410,8363,6242,-0.01232650,-0.05216444,-0.01154840,-0.01232650,-483.0410,39187.2093,OK,0.0000,19.3216,4.0000,96.0000,AG03-UNRESOLVED,ALL5_LEVELS_bet23_to_bet27,19.3216,19.3216,19.3216,0.0000,0.0000,4.000000,4.000000,4.000000,0.000000,0.000000,96.000000,96.000000,96.000000,100.000000,100.000000,5.0,57.9649,55.6772,425.0761,427.3638,PENDING_AG03,FALSE,NOT_FOR_ENFORCEMENT,463.7194,33980.8077,483.0410,463.7194,19.3216,0.01232650,0.01183344,19.3216,463.7194,0.01183344,19.3216,19.3216,19.3216,0.0000,0.0000,463.7194,0.01183344,57.9649,55.6772,425.0761,427.3638,0.01084732,0.0109057,0.00049306,4.6858,5.6707,0.0774,15.5820,0.2688,1264.1035,201.3548,4.5499,4.6885,2.0771,4.1543,6.1317,8.4025,10.5031,18.5864,3.9466,-2.0771,2.528253,4.474023,1.127938,29,192,48,6,0.01915741,0.01232650,0.05216444,0E-8,0.000000,0.903271,0.017936,-0.04061604,2026-05-16,2026-07-20,31,1797,733,66,0.469697,0.970424,0.970991,0.063858,,,,,,,,GLOBAL_BASELINE_NO_ENTITY_RANKING,,,NOT_APPLICABLE_GLOBAL_BASELINE,HF9g-P5,,,,X 全窗基线 · 不参与实体赏罚,8395703,840,A168_HF9F_20260827_0900,2026-08-27 09:00:00
2026-06-20,150107794,2060,0,4.1542903434,-4.1542903434,-4.1542903434,0E-7,1,1,0.49324550000000000,0.493245500000,-0.9865810262130424,-0.9865810262130424,-0.9865810262130424,0E-17,ELIGIBLE,R03b_20260811_FULL_v1,L1_ELIGIBILITY,v2026-08-11,2026-03-21..2026-08-06,baccarat_bet02_101_all_pairs_incl_sentinel,round_win = game_pnl > 0 (decisive only),COMPATIBILITY_ONLY_NOT_PRODUCTION,39187.2093,35396.6747,483.0410,8363,6242,-0.01232650,-0.05216444,-0.01154840,-0.01232650,-483.0410,39187.2093,OK,0.0000,19.3216,4.0000,96.0000,AG03-UNRESOLVED,ALL5_LEVELS_bet23_to_bet27,19.3216,19.3216,19.3216,0.0000,0.0000,4.000000,4.000000,4.000000,0.000000,0.000000,96.000000,96.000000,96.000000,100.000000,100.000000,5.0,57.9649,55.6772,425.0761,427.3638,PENDING_AG03,FALSE,NOT_FOR_ENFORCEMENT,463.7194,33980.8077,483.0410,463.7194,19.3216,0.01232650,0.01183344,19.3216,463.7194,0.01183344,19.3216,19.3216,19.3216,0.0000,0.0000,463.7194,0.01183344,57.9649,55.6772,425.0761,427.3638,0.01084732,0.0109057,0.00049306,4.6858,5.6707,0.0774,15.5820,0.2688,1264.1035,201.3548,4.5499,4.6885,2.0771,4.1543,6.1317,8.4025,10.5031,18.5864,3.9466,-2.0771,2.528253,4.474023,1.127938,29,192,48,6,0.01915741,0.01232650,0.05216444,0E-8,0.000000,0.903271,0.017936,-0.04061604,2026-05-16,2026-07-20,31,1797,733,66,0.469697,0.970424,0.970991,0.063858,,,,,,,,GLOBAL_BASELINE_NO_ENTITY_RANKING,,,NOT_APPLICABLE_GLOBAL_BASELINE,HF9g-P5,,,,X 全窗基线 · 不参与实体赏罚,8395704,840,A168_HF9F_20260827_0900,2026-08-27 09:00:00
2026-06-20,150107794,2093,0,18.2788775109,-5.9198637393,-5.9198637393,0.4000000,5,5,0.49592654000000000,0.495926540000,-0.42901076602576227,-0.42901076602576227,-0.42901076602576227,0E-17,ELIGIBLE,R03b_20260811_FULL_v1,L1_ELIGIBILITY,v2026-08-11,2026-03-21..2026-08-06,baccarat_bet02_101_all_pairs_incl_sentinel,round_win = game_pnl > 0 (decisive only),COMPATIBILITY_ONLY_NOT_PRODUCTION,39187.2093,35396.6747,483.0410,8363,6242,-0.01232650,-0.05216444,-0.01154840,-0.01232650,-483.0410,39187.2093,OK,0.0000,19.3216,4.0000,96.0000,AG03-UNRESOLVED,ALL5_LEVELS_bet23_to_bet27,19.3216,19.3216,19.3216,0.0000,0.0000,4.000000,4.000000,4.000000,0.000000,0.000000,96.000000,96.000000,96.000000,100.000000,100.000000,5.0,57.9649,55.6772,425.0761,427.3638,PENDING_AG03,FALSE,NOT_FOR_ENFORCEMENT,463.7194,33980.8077,483.0410,463.7194,19.3216,0.01232650,0.01183344,19.3216,463.7194,0.01183344,19.3216,19.3216,19.3216,0.0000,0.0000,463.7194,0.01183344,57.9649,55.6772,425.0761,427.3638,0.01084732,0.0109057,0.00049306,4.6858,5.6707,0.0774,15.5820,0.2688,1264.1035,201.3548,4.5499,4.6885,2.0771,4.1543,6.1317,8.4025,10.5031,18.5864,3.9466,-2.0771,2.528253,4.474023,1.127938,29,192,48,6,0.01915741,0.01232650,0.05216444,0E-8,0.000000,0.903271,0.017936,-0.04061604,2026-05-16,2026-07-20,31,1797,733,66,0.469697,0.970424,0.970991,0.063858,,,,,,,,GLOBAL_BASELINE_NO_ENTITY_RANKING,,,NOT_APPLICABLE_GLOBAL_BASELINE,HF9g-P5,,,,X 全窗基线 · 不参与实体赏罚,8395705,840,A168_HF9F_20260827_0900,2026-08-27 09:00:00
2026-06-20,150107794,2103,0,145.6078765348,31.9776499177,31.9776499177,0.7222222,31,19,0.44179279530475781,0.371591552632,2.395812373983966,3.0784508923871257,2.395812373983966,0.07020124267275781,ELIGIBLE,R03b_20260811_FULL_v1,L1_ELIGIBILITY,v2026-08-11,2026-03-21..2026-08-06,baccarat_bet02_101_all_pairs_incl_sentinel,round_win = game_pnl > 0 (decisive only),COMPATIBILITY_ONLY_NOT_PRODUCTION,39187.2093,35396.6747,483.0410,8363,6242,-0.01232650,-0.05216444,-0.01154840,-0.01232650,-483.0410,39187.2093,OK,0.0000,19.3216,4.0000,96.0000,AG03-UNRESOLVED,ALL5_LEVELS_bet23_to_bet27,19.3216,19.3216,19.3216,0.0000,0.0000,4.000000,4.000000,4.000000,0.000000,0.000000,96.000000,96.000000,96.000000,100.000000,100.000000,5.0,57.9649,55.6772,425.0761,427.3638,PENDING_AG03,FALSE,NOT_FOR_ENFORCEMENT,463.7194,33980.8077,483.0410,463.7194,19.3216,0.01232650,0.01183344,19.3216,463.7194,0.01183344,19.3216,19.3216,19.3216,0.0000,0.0000,463.7194,0.01183344,57.9649,55.6772,425.0761,427.3638,0.01084732,0.0109057,0.00049306,4.6858,5.6707,0.0774,15.5820,0.2688,1264.1035,201.3548,4.5499,4.6885,2.0771,4.1543,6.1317,8.4025,10.5031,18.5864,3.9466,-2.0771,2.528253,4.474023,1.127938,29,192,48,6,0.01915741,0.01232650,0.05216444,0E-8,0.000000,0.903271,0.017936,-0.04061604,2026-05-16,2026-07-20,31,1797,733,66,0.469697,0.970424,0.970991,0.063858,,,,,,,,GLOBAL_BASELINE_NO_ENTITY_RANKING,,,NOT_APPLICABLE_GLOBAL_BASELINE,HF9g-P5,,,,X 全窗基线 · 不参与实体赏罚,8395706,840,A168_HF9F_20260827_0900,2026-08-27 09:00:00
2026-06-20,150107794,2123,0,14.1245871674,-11.2165839271,-11.2165839271,0E-7,5,4,0.47300176029377444,0.451793412500,-1.6409200574886589,-1.5723833975104784,-1.6409200574886589,0.02120834779377444,ELIGIBLE,R03b_20260811_FULL_v1,L1_ELIGIBILITY,v2026-08-11,2026-03-21..2026-08-06,baccarat_bet02_101_all_pairs_incl_sentinel,round_win = game_pnl > 0 (decisive only),COMPATIBILITY_ONLY_NOT_PRODUCTION,39187.2093,35396.6747,483.0410,8363,6242,-0.01232650,-0.05216444,-0.01154840,-0.01232650,-483.0410,39187.2093,OK,0.0000,19.3216,4.0000,96.0000,AG03-UNRESOLVED,ALL5_LEVELS_bet23_to_bet27,19.3216,19.3216,19.3216,0.0000,0.0000,4.000000,4.000000,4.000000,0.000000,0.000000,96.000000,96.000000,96.000000,100.000000,100.000000,5.0,57.9649,55.6772,425.0761,427.3638,PENDING_AG03,FALSE,NOT_FOR_ENFORCEMENT,463.7194,33980.8077,483.0410,463.7194,19.3216,0.01232650,0.01183344,19.3216,463.7194,0.01183344,19.3216,19.3216,19.3216,0.0000,0.0000,463.7194,0.01183344,57.9649,55.6772,425.0761,427.3638,0.01084732,0.0109057,0.00049306,4.6858,5.6707,0.0774,15.5820,0.2688,1264.1035,201.3548,4.5499,4.6885,2.0771,4.1543,6.1317,8.4025,10.5031,18.5864,3.9466,-2.0771,2.528253,4.474023,1.127938,29,192,48,6,0.01915741,0.01232650,0.05216444,0E-8,0.000000,0.903271,0.017936,-0.04061604,2026-05-16,2026-07-20,31,1797,733,66,0.469697,0.970424,0.970991,0.063858,,,,,,,,GLOBAL_BASELINE_NO_ENTITY_RANKING,,,NOT_APPLICABLE_GLOBAL_BASELINE,HF9g-P5,,,,X 全窗基线 · 不参与实体赏罚,8395707,840,A168_HF9F_20260827_0900,2026-08-27 09:00:00
2026-06-20,150107794,2141,0,10.3857258584,-6.2314355150,-6.2314355150,0.3333333,3,3,0.49771390000000000,0.497713900000,-0.5694369385616226,-0.5694369385616226,-0.5694369385616226,0E-17,ELIGIBLE,R03b_20260811_FULL_v1,L1_ELIGIBILITY,v2026-08-11,2026-03-21..2026-08-06,baccarat_bet02_101_all_pairs_incl_sentinel,round_win = game_pnl > 0 (decisive only),COMPATIBILITY_ONLY_NOT_PRODUCTION,39187.2093,35396.6747,483.0410,8363,6242,-0.01232650,-0.05216444,-0.01154840,-0.01232650,-483.0410,39187.2093,OK,0.0000,19.3216,4.0000,96.0000,AG03-UNRESOLVED,ALL5_LEVELS_bet23_to_bet27,19.3216,19.3216,19.3216,0.0000,0.0000,4.000000,4.000000,4.000000,0.000000,0.000000,96.000000,96.000000,96.000000,100.000000,100.000000,5.0,57.9649,55.6772,425.0761,427.3638,PENDING_AG03,FALSE,NOT_FOR_ENFORCEMENT,463.7194,33980.8077,483.0410,463.7194,19.3216,0.01232650,0.01183344,19.3216,463.7194,0.01183344,19.3216,19.3216,19.3216,0.0000,0.0000,463.7194,0.01183344,57.9649,55.6772,425.0761,427.3638,0.01084732,0.0109057,0.00049306,4.6858,5.6707,0.0774,15.5820,0.2688,1264.1035,201.3548,4.5499,4.6885,2.0771,4.1543,6.1317,8.4025,10.5031,18.5864,3.9466,-2.0771,2.528253,4.474023,1.127938,29,192,48,6,0.01915741,0.01232650,0.05216444,0E-8,0.000000,0.903271,0.017936,-0.04061604,2026-05-16,2026-07-20,31,1797,733,66,0.469697,0.970424,0.970991,0.063858,,,,,,,,GLOBAL_BASELINE_NO_ENTITY_RANKING,,,NOT_APPLICABLE_GLOBAL_BASELINE,HF9g-P5,,,,X 全窗基线 · 不参与实体赏罚,8395708,840,A168_HF9F_20260827_0900,2026-08-27 09:00:00
2026-06-20,150107794,2155,0,18.6943065452,16.6171613733,16.6171613733,0.6666667,5,3,0.42020004166626684,0.364833000000,0.8648715475820246,1.0860186579666644,0.8648715475820246,0.05536704166626684,ELIGIBLE,R03b_20260811_FULL_v1,L1_ELIGIBILITY,v2026-08-11,2026-03-21..2026-08-06,baccarat_bet02_101_all_pairs_incl_sentinel,round_win = game_pnl > 0 (decisive only),COMPATIBILITY_ONLY_NOT_PRODUCTION,39187.2093,35396.6747,483.0410,8363,6242,-0.01232650,-0.05216444,-0.01154840,-0.01232650,-483.0410,39187.2093,OK,0.0000,19.3216,4.0000,96.0000,AG03-UNRESOLVED,ALL5_LEVELS_bet23_to_bet27,19.3216,19.3216,19.3216,0.0000,0.0000,4.000000,4.000000,4.000000,0.000000,0.000000,96.000000,96.000000,96.000000,100.000000,100.000000,5.0,57.9649,55.6772,425.0761,427.3638,PENDING_AG03,FALSE,NOT_FOR_ENFORCEMENT,463.7194,33980.8077,483.0410,463.7194,19.3216,0.01232650,0.01183344,19.3216,463.7194,0.01183344,19.3216,19.3216,19.3216,0.0000,0.0000,463.7194,0.01183344,57.9649,55.6772,425.0761,427.3638,0.01084732,0.0109057,0.00049306,4.6858,5.6707,0.0774,15.5820,0.2688,1264.1035,201.3548,4.5499,4.6885,2.0771,4.1543,6.1317,8.4025,10.5031,18.5864,3.9466,-2.0771,2.528253,4.474023,1.127938,29,192,48,6,0.01915741,0.01232650,0.05216444,0E-8,0.000000,0.903271,0.017936,-0.04061604,2026-05-16,2026-07-20,31,1797,733,66,0.469697,0.970424,0.970991,0.063858,,,,,,,,GLOBAL_BASELINE_NO_ENTITY_RANKING,,,NOT_APPLICABLE_GLOBAL_BASELINE,HF9g-P5,,,,X 全窗基线 · 不参与实体赏罚,8395709,840,A168_HF9F_20260827_0900,2026-08-27 09:00:00
2026-06-20,150107794,2177,0,58.5754938415,13.3975863572,13.3975863572,0.5454545,15,12,0.45498549015150047,0.448442112500,0.6025506956530475,0.6469563713329106,0.6025506956530475,0.00654337765150047,ELIGIBLE,R03b_20260811_FULL_v1,L1_ELIGIBILITY,v2026-08-11,2026-03-21..2026-08-06,baccarat_bet02_101_all_pairs_incl_sentinel,round_win = game_pnl > 0 (decisive only),COMPATIBILITY_ONLY_NOT_PRODUCTION,39187.2093,35396.6747,483.0410,8363,6242,-0.01232650,-0.05216444,-0.01154840,-0.01232650,-483.0410,39187.2093,OK,0.0000,19.3216,4.0000,96.0000,AG03-UNRESOLVED,ALL5_LEVELS_bet23_to_bet27,19.3216,19.3216,19.3216,0.0000,0.0000,4.000000,4.000000,4.000000,0.000000,0.000000,96.000000,96.000000,96.000000,100.000000,100.000000,5.0,57.9649,55.6772,425.0761,427.3638,PENDING_AG03,FALSE,NOT_FOR_ENFORCEMENT,463.7194,33980.8077,483.0410,463.7194,19.3216,0.01232650,0.01183344,19.3216,463.7194,0.01183344,19.3216,19.3216,19.3216,0.0000,0.0000,463.7194,0.01183344,57.9649,55.6772,425.0761,427.3638,0.01084732,0.0109057,0.00049306,4.6858,5.6707,0.0774,15.5820,0.2688,1264.1035,201.3548,4.5499,4.6885,2.0771,4.1543,6.1317,8.4025,10.5031,18.5864,3.9466,-2.0771,2.528253,4.474023,1.127938,29,192,48,6,0.01915741,0.01232650,0.05216444,0E-8,0.000000,0.903271,0.017936,-0.04061604,2026-05-16,2026-07-20,31,1797,733,66,0.469697,0.970424,0.970991,0.063858,,,,,,,,GLOBAL_BASELINE_NO_ENTITY_RANKING,,,NOT_APPLICABLE_GLOBAL_BASELINE,HF9g-P5,,,,X 全窗基线 · 不参与实体赏罚,8395710,840,A168_HF9F_20260827_0900,2026-08-27 09:00:00
2026-06-20,150107794,2223,0,20.7714517168,12.4628710300,12.4628710300,0.8000000,5,5,0.49324550000000000,0.493245500000,1.3719730223118614,1.3719730223118614,1.3719730223118614,0E-17,ELIGIBLE,R03b_20260811_FULL_v1,L1_ELIGIBILITY,v2026-08-11,2026-03-21..2026-08-06,baccarat_bet02_101_all_pairs_incl_sentinel,round_win = game_pnl > 0 (decisive only),COMPATIBILITY_ONLY_NOT_PRODUCTION,39187.2093,35396.6747,483.0410,8363,6242,-0.01232650,-0.05216444,-0.01154840,-0.01232650,-483.0410,39187.2093,OK,0.0000,19.3216,4.0000,96.0000,AG03-UNRESOLVED,ALL5_LEVELS_bet23_to_bet27,19.3216,19.3216,19.3216,0.0000,0.0000,4.000000,4.000000,4.000000,0.000000,0.000000,96.000000,96.000000,96.000000,100.000000,100.000000,5.0,57.9649,55.6772,425.0761,427.3638,PENDING_AG03,FALSE,NOT_FOR_ENFORCEMENT,463.7194,33980.8077,483.0410,463.7194,19.3216,0.01232650,0.01183344,19.3216,463.7194,0.01183344,19.3216,19.3216,19.3216,0.0000,0.0000,463.7194,0.01183344,57.9649,55.6772,425.0761,427.3638,0.01084732,0.0109057,0.00049306,4.6858,5.6707,0.0774,15.5820,0.2688,1264.1035,201.3548,4.5499,4.6885,2.0771,4.1543,6.1317,8.4025,10.5031,18.5864,3.9466,-2.0771,2.528253,4.474023,1.127938,29,192,48,6,0.01915741,0.01232650,0.05216444,0E-8,0.000000,0.903271,0.017936,-0.04061604,2026-05-16,2026-07-20,31,1797,733,66,0.469697,0.970424,0.970991,0.063858,,,,,,,,GLOBAL_BASELINE_NO_ENTITY_RANKING,,,NOT_APPLICABLE_GLOBAL_BASELINE,HF9g-P5,,,,X 全窗基线 · 不参与实体赏罚,8395711,840,A168_HF9F_20260827_0900,2026-08-27 09:00:00
2026-06-20,150107794,2242,0,6.2314355151,-6.2314355151,-6.2314355151,0E-7,2,1,0.36036460000000000,0.293924150000,-0.7505935278881406,-0.6451964315166089,-0.7505935278881406,0.06644045000000000,ELIGIBLE,R03b_20260811_FULL_v1,L1_ELIGIBILITY,v2026-08-11,2026-03-21..2026-08-06,baccarat_bet02_101_all_pairs_incl_sentinel,round_win = game_pnl > 0 (decisive only),COMPATIBILITY_ONLY_NOT_PRODUCTION,39187.2093,35396.6747,483.0410,8363,6242,-0.01232650,-0.05216444,-0.01154840,-0.01232650,-483.0410,39187.2093,OK,0.0000,19.3216,4.0000,96.0000,AG03-UNRESOLVED,ALL5_LEVELS_bet23_to_bet27,19.3216,19.3216,19.3216,0.0000,0.0000,4.000000,4.000000,4.000000,0.000000,0.000000,96.000000,96.000000,96.000000,100.000000,100.000000,5.0,57.9649,55.6772,425.0761,427.3638,PENDING_AG03,FALSE,NOT_FOR_ENFORCEMENT,463.7194,33980.8077,483.0410,463.7194,19.3216,0.01232650,0.01183344,19.3216,463.7194,0.01183344,19.3216,19.3216,19.3216,0.0000,0.0000,463.7194,0.01183344,57.9649,55.6772,425.0761,427.3638,0.01084732,0.0109057,0.00049306,4.6858,5.6707,0.0774,15.5820,0.2688,1264.1035,201.3548,4.5499,4.6885,2.0771,4.1543,6.1317,8.4025,10.5031,18.5864,3.9466,-2.0771,2.528253,4.474023,1.127938,29,192,48,6,0.01915741,0.01232650,0.05216444,0E-8,0.000000,0.903271,0.017936,-0.04061604,2026-05-16,2026-07-20,31,1797,733,66,0.469697,0.970424,0.970991,0.063858,,,,,,,,GLOBAL_BASELINE_NO_ENTITY_RANKING,,,NOT_APPLICABLE_GLOBAL_BASELINE,HF9g-P5,,,,X 全窗基线 · 不参与实体赏罚,8395712,840,A168_HF9F_20260827_0900,2026-08-27 09:00:00
2026-06-20,150107794,2267,0,2.0771451717,0E-10,0E-10,,1,1,0.49324550000000000,0.493245500000,,,,0E-17,NO_DECISIVE_ROUND,R03b_20260811_FULL_v1,L1_ELIGIBILITY,v2026-08-11,2026-03-21..2026-08-06,baccarat_bet02_101_all_pairs_incl_sentinel,round_win = game_pnl > 0 (decisive only),COMPATIBILITY_ONLY_NOT_PRODUCTION,39187.2093,35396.6747,483.0410,8363,6242,-0.01232650,-0.05216444,-0.01154840,-0.01232650,-483.0410,39187.2093,OK,0.0000,19.3216,4.0000,96.0000,AG03-UNRESOLVED,ALL5_LEVELS_bet23_to_bet27,19.3216,19.3216,19.3216,0.0000,0.0000,4.000000,4.000000,4.000000,0.000000,0.000000,96.000000,96.000000,96.000000,100.000000,100.000000,5.0,57.9649,55.6772,425.0761,427.3638,PENDING_AG03,FALSE,NOT_FOR_ENFORCEMENT,463.7194,33980.8077,483.0410,463.7194,19.3216,0.01232650,0.01183344,19.3216,463.7194,0.01183344,19.3216,19.3216,19.3216,0.0000,0.0000,463.7194,0.01183344,57.9649,55.6772,425.0761,427.3638,0.01084732,0.0109057,0.00049306,4.6858,5.6707,0.0774,15.5820,0.2688,1264.1035,201.3548,4.5499,4.6885,2.0771,4.1543,6.1317,8.4025,10.5031,18.5864,3.9466,-2.0771,2.528253,4.474023,1.127938,29,192,48,6,0.01915741,0.01232650,0.05216444,0E-8,0.000000,0.903271,0.017936,-0.04061604,2026-05-16,2026-07-20,31,1797,733,66,0.469697,0.970424,0.970991,0.063858,,,,,,,,GLOBAL_BASELINE_NO_ENTITY_RANKING,,,NOT_APPLICABLE_GLOBAL_BASELINE,HF9g-P5,,,,X 全窗基线 · 不参与实体赏罚,8395713,840,A168_HF9F_20260827_0900,2026-08-27 09:00:00
2026-06-20,150107794,2271,0,2.0771451717,-2.0771451717,-2.0771451717,0E-7,1,1,0.49324550000000000,0.493245500000,-0.9865810262130424,-0.9865810262130424,-0.9865810262130424,0E-17,ELIGIBLE,R03b_20260811_FULL_v1,L1_ELIGIBILITY,v2026-08-11,2026-03-21..2026-08-06,baccarat_bet02_101_all_pairs_incl_sentinel,round_win = game_pnl > 0 (decisive only),COMPATIBILITY_ONLY_NOT_PRODUCTION,39187.2093,35396.6747,483.0410,8363,6242,-0.01232650,-0.05216444,-0.01154840,-0.01232650,-483.0410,39187.2093,OK,0.0000,19.3216,4.0000,96.0000,AG03-UNRESOLVED,ALL5_LEVELS_bet23_to_bet27,19.3216,19.3216,19.3216,0.0000,0.0000,4.000000,4.000000,4.000000,0.000000,0.000000,96.000000,96.000000,96.000000,100.000000,100.000000,5.0,57.9649,55.6772,425.0761,427.3638,PENDING_AG03,FALSE,NOT_FOR_ENFORCEMENT,463.7194,33980.8077,483.0410,463.7194,19.3216,0.01232650,0.01183344,19.3216,463.7194,0.01183344,19.3216,19.3216,19.3216,0.0000,0.0000,463.7194,0.01183344,57.9649,55.6772,425.0761,427.3638,0.01084732,0.0109057,0.00049306,4.6858,5.6707,0.0774,15.5820,0.2688,1264.1035,201.3548,4.5499,4.6885,2.0771,4.1543,6.1317,8.4025,10.5031,18.5864,3.9466,-2.0771,2.528253,4.474023,1.127938,29,192,48,6,0.01915741,0.01232650,0.05216444,0E-8,0.000000,0.903271,0.017936,-0.04061604,2026-05-16,2026-07-20,31,1797,733,66,0.469697,0.970424,0.970991,0.063858,,,,,,,,GLOBAL_BASELINE_NO_ENTITY_RANKING,,,NOT_APPLICABLE_GLOBAL_BASELINE,HF9g-P5,,,,X 全窗基线 · 不参与实体赏罚,8395714,840,A168_HF9F_20260827_0900,2026-08-27 09:00:00
2026-06-20,150107794,529,0,12.4628710302,3.9465758262,3.9465758262,0.6666667,3,3,0.49771390000000000,0.497713900000,0.5852756695216578,0.5852756695216578,0.5852756695216578,0E-17,ELIGIBLE,R03b_20260811_FULL_v1,L1_ELIGIBILITY,v2026-08-11,2026-03-21..2026-08-06,baccarat_bet02_101_all_pairs_incl_sentinel,round_win = game_pnl > 0 (decisive only),COMPATIBILITY_ONLY_NOT_PRODUCTION,39187.2093,35396.6747,483.0410,8363,6242,-0.01232650,-0.05216444,-0.01154840,-0.01232650,-483.0410,39187.2093,OK,0.0000,19.3216,4.0000,96.0000,AG03-UNRESOLVED,ALL5_LEVELS_bet23_to_bet27,19.3216,19.3216,19.3216,0.0000,0.0000,4.000000,4.000000,4.000000,0.000000,0.000000,96.000000,96.000000,96.000000,100.000000,100.000000,5.0,57.9649,55.6772,425.0761,427.3638,PENDING_AG03,FALSE,NOT_FOR_ENFORCEMENT,463.7194,33980.8077,483.0410,463.7194,19.3216,0.01232650,0.01183344,19.3216,463.7194,0.01183344,19.3216,19.3216,19.3216,0.0000,0.0000,463.7194,0.01183344,57.9649,55.6772,425.0761,427.3638,0.01084732,0.0109057,0.00049306,4.6858,5.6707,0.0774,15.5820,0.2688,1264.1035,201.3548,4.5499,4.6885,2.0771,4.1543,6.1317,8.4025,10.5031,18.5864,3.9466,-2.0771,2.528253,4.474023,1.127938,29,192,48,6,0.01915741,0.01232650,0.05216444,0E-8,0.000000,0.903271,0.017936,-0.04061604,2026-05-16,2026-07-20,31,1797,733,66,0.469697,0.970424,0.970991,0.063858,,,,,,,,GLOBAL_BASELINE_NO_ENTITY_RANKING,,,NOT_APPLICABLE_GLOBAL_BASELINE,HF9g-P5,,,,X 全窗基线 · 不参与实体赏罚,8395715,840,A168_HF9F_20260827_0900,2026-08-27 09:00:00
2026-06-20,150107794,752,0,34.2728953327,2.2640882370,2.2640882370,0.6666667,9,9,0.50069283333333333,0.500692833333,0.9958439560465624,0.9958439560485615,0.9958439560465624,3.3333E-13,ELIGIBLE,R03b_20260811_FULL_v1,L1_ELIGIBILITY,v2026-08-11,2026-03-21..2026-08-06,baccarat_bet02_101_all_pairs_incl_sentinel,round_win = game_pnl > 0 (decisive only),COMPATIBILITY_ONLY_NOT_PRODUCTION,39187.2093,35396.6747,483.0410,8363,6242,-0.01232650,-0.05216444,-0.01154840,-0.01232650,-483.0410,39187.2093,OK,0.0000,19.3216,4.0000,96.0000,AG03-UNRESOLVED,ALL5_LEVELS_bet23_to_bet27,19.3216,19.3216,19.3216,0.0000,0.0000,4.000000,4.000000,4.000000,0.000000,0.000000,96.000000,96.000000,96.000000,100.000000,100.000000,5.0,57.9649,55.6772,425.0761,427.3638,PENDING_AG03,FALSE,NOT_FOR_ENFORCEMENT,463.7194,33980.8077,483.0410,463.7194,19.3216,0.01232650,0.01183344,19.3216,463.7194,0.01183344,19.3216,19.3216,19.3216,0.0000,0.0000,463.7194,0.01183344,57.9649,55.6772,425.0761,427.3638,0.01084732,0.0109057,0.00049306,4.6858,5.6707,0.0774,15.5820,0.2688,1264.1035,201.3548,4.5499,4.6885,2.0771,4.1543,6.1317,8.4025,10.5031,18.5864,3.9466,-2.0771,2.528253,4.474023,1.127938,29,192,48,6,0.01915741,0.01232650,0.05216444,0E-8,0.000000,0.903271,0.017936,-0.04061604,2026-05-16,2026-07-20,31,1797,733,66,0.469697,0.970424,0.970991,0.063858,,,,,,,,GLOBAL_BASELINE_NO_ENTITY_RANKING,,,NOT_APPLICABLE_GLOBAL_BASELINE,HF9g-P5,,,,X 全窗基线 · 不参与实体赏罚,8395716,840,A168_HF9F_20260827_0900,2026-08-27 09:00:00
2026-06-20,150107794,970,0,46.7357663630,-3.2195750160,-3.2195750160,0.6000000,12,10,0.47222554249988005,0.455392010000,0.8093663132805404,0.9182429064546812,0.8093663132805404,0.01683353249988005,ELIGIBLE,R03b_20260811_FULL_v1,L1_ELIGIBILITY,v2026-08-11,2026-03-21..2026-08-06,baccarat_bet02_101_all_pairs_incl_sentinel,round_win = game_pnl > 0 (decisive only),COMPATIBILITY_ONLY_NOT_PRODUCTION,39187.2093,35396.6747,483.0410,8363,6242,-0.01232650,-0.05216444,-0.01154840,-0.01232650,-483.0410,39187.2093,OK,0.0000,19.3216,4.0000,96.0000,AG03-UNRESOLVED,ALL5_LEVELS_bet23_to_bet27,19.3216,19.3216,19.3216,0.0000,0.0000,4.000000,4.000000,4.000000,0.000000,0.000000,96.000000,96.000000,96.000000,100.000000,100.000000,5.0,57.9649,55.6772,425.0761,427.3638,PENDING_AG03,FALSE,NOT_FOR_ENFORCEMENT,463.7194,33980.8077,483.0410,463.7194,19.3216,0.01232650,0.01183344,19.3216,463.7194,0.01183344,19.3216,19.3216,19.3216,0.0000,0.0000,463.7194,0.01183344,57.9649,55.6772,425.0761,427.3638,0.01084732,0.0109057,0.00049306,4.6858,5.6707,0.0774,15.5820,0.2688,1264.1035,201.3548,4.5499,4.6885,2.0771,4.1543,6.1317,8.4025,10.5031,18.5864,3.9466,-2.0771,2.528253,4.474023,1.127938,29,192,48,6,0.01915741,0.01232650,0.05216444,0E-8,0.000000,0.903271,0.017936,-0.04061604,2026-05-16,2026-07-20,31,1797,733,66,0.469697,0.970424,0.970991,0.063858,,,,,,,,GLOBAL_BASELINE_NO_ENTITY_RANKING,,,NOT_APPLICABLE_GLOBAL_BASELINE,HF9g-P5,,,,X 全窗基线 · 不参与实体赏罚,8395717,840,A168_HF9F_20260827_0900,2026-08-27 09:00:00
2026-06-20,150107794,986,0,11.4242984443,1.0385725858,1.0385725858,0.5000000,5,4,0.44341516250000000,0.443415162500,0.16108092522976244,0.16108092522976244,0.16108092522976244,0E-17,ELIGIBLE,R03b_20260811_FULL_v1,L1_ELIGIBILITY,v2026-08-11,2026-03-21..2026-08-06,baccarat_bet02_101_all_pairs_incl_sentinel,round_win = game_pnl > 0 (decisive only),COMPATIBILITY_ONLY_NOT_PRODUCTION,39187.2093,35396.6747,483.0410,8363,6242,-0.01232650,-0.05216444,-0.01154840,-0.01232650,-483.0410,39187.2093,OK,0.0000,19.3216,4.0000,96.0000,AG03-UNRESOLVED,ALL5_LEVELS_bet23_to_bet27,19.3216,19.3216,19.3216,0.0000,0.0000,4.000000,4.000000,4.000000,0.000000,0.000000,96.000000,96.000000,96.000000,100.000000,100.000000,5.0,57.9649,55.6772,425.0761,427.3638,PENDING_AG03,FALSE,NOT_FOR_ENFORCEMENT,463.7194,33980.8077,483.0410,463.7194,19.3216,0.01232650,0.01183344,19.3216,463.7194,0.01183344,19.3216,19.3216,19.3216,0.0000,0.0000,463.7194,0.01183344,57.9649,55.6772,425.0761,427.3638,0.01084732,0.0109057,0.00049306,4.6858,5.6707,0.0774,15.5820,0.2688,1264.1035,201.3548,4.5499,4.6885,2.0771,4.1543,6.1317,8.4025,10.5031,18.5864,3.9466,-2.0771,2.528253,4.474023,1.127938,29,192,48,6,0.01915741,0.01232650,0.05216444,0E-8,0.000000,0.903271,0.017936,-0.04061604,2026-05-16,2026-07-20,31,1797,733,66,0.469697,0.970424,0.970991,0.063858,,,,,,,,GLOBAL_BASELINE_NO_ENTITY_RANKING,,,NOT_APPLICABLE_GLOBAL_BASELINE,HF9g-P5,,,,X 全窗基线 · 不参与实体赏罚,8395718,840,A168_HF9F_20260827_0900,2026-08-27 09:00:00
2026-06-25,150107794,-1,1,212.4919510643,-49.7476268621,-49.7476268621,0.4230769,66,57,0.46816184432405706,0.458895607895,-0.6515462262307301,-0.518338929218473,-0.6515462262307301,0.00926623642905706,SENTINEL_DEALER,R03b_20260811_FULL_v1,L1_ELIGIBILITY,v2026-08-11,2026-03-21..2026-08-06,baccarat_bet02_101_all_pairs_incl_sentinel,round_win = game_pnl > 0 (decisive only),COMPATIBILITY_ONLY_NOT_PRODUCTION,39187.2093,35396.6747,483.0410,8363,6242,-0.01232650,-0.05216444,-0.01154840,-0.01232650,-483.0410,39187.2093,OK,0.0000,19.3216,4.0000,96.0000,AG03-UNRESOLVED,ALL5_LEVELS_bet23_to_bet27,19.3216,19.3216,19.3216,0.0000,0.0000,4.000000,4.000000,4.000000,0.000000,0.000000,96.000000,96.000000,96.000000,100.000000,100.000000,5.0,57.9649,55.6772,425.0761,427.3638,PENDING_AG03,FALSE,NOT_FOR_ENFORCEMENT,463.7194,33980.8077,483.0410,463.7194,19.3216,0.01232650,0.01183344,19.3216,463.7194,0.01183344,19.3216,19.3216,19.3216,0.0000,0.0000,463.7194,0.01183344,57.9649,55.6772,425.0761,427.3638,0.01084732,0.0109057,0.00049306,4.6858,5.6707,0.0774,15.5820,0.2688,1264.1035,201.3548,4.5499,4.6885,2.0771,4.1543,6.1317,8.4025,10.5031,18.5864,3.9466,-2.0771,2.528253,4.474023,1.127938,29,192,48,6,0.01915741,0.01232650,0.05216444,0E-8,0.000000,0.903271,0.017936,-0.04061604,2026-05-16,2026-07-20,31,1797,733,66,0.469697,0.970424,0.970991,0.063858,,,,,,,,GLOBAL_BASELINE_NO_ENTITY_RANKING,,,NOT_APPLICABLE_GLOBAL_BASELINE,HF9g-P5,,,,X 全窗基线 · 不参与实体赏罚,8395719,840,A168_HF9F_20260827_0900,2026-08-27 09:00:00
2026-06-25,150107794,1115,0,6.2314355151,-2.0771451717,-2.0771451717,0.5000000,2,2,0.49324550000000000,0.493245500000,0.01910635448239258,0.01910635448239258,0.01910635448239258,0E-17,ELIGIBLE,R03b_20260811_FULL_v1,L1_ELIGIBILITY,v2026-08-11,2026-03-21..2026-08-06,baccarat_bet02_101_all_pairs_incl_sentinel,round_win = game_pnl > 0 (decisive only),COMPATIBILITY_ONLY_NOT_PRODUCTION,39187.2093,35396.6747,483.0410,8363,6242,-0.01232650,-0.05216444,-0.01154840,-0.01232650,-483.0410,39187.2093,OK,0.0000,19.3216,4.0000,96.0000,AG03-UNRESOLVED,ALL5_LEVELS_bet23_to_bet27,19.3216,19.3216,19.3216,0.0000,0.0000,4.000000,4.000000,4.000000,0.000000,0.000000,96.000000,96.000000,96.000000,100.000000,100.000000,5.0,57.9649,55.6772,425.0761,427.3638,PENDING_AG03,FALSE,NOT_FOR_ENFORCEMENT,463.7194,33980.8077,483.0410,463.7194,19.3216,0.01232650,0.01183344,19.3216,463.7194,0.01183344,19.3216,19.3216,19.3216,0.0000,0.0000,463.7194,0.01183344,57.9649,55.6772,425.0761,427.3638,0.01084732,0.0109057,0.00049306,4.6858,5.6707,0.0774,15.5820,0.2688,1264.1035,201.3548,4.5499,4.6885,2.0771,4.1543,6.1317,8.4025,10.5031,18.5864,3.9466,-2.0771,2.528253,4.474023,1.127938,29,192,48,6,0.01915741,0.01232650,0.05216444,0E-8,0.000000,0.903271,0.017936,-0.04061604,2026-05-16,2026-07-20,31,1797,733,66,0.469697,0.970424,0.970991,0.063858,,,,,,,,GLOBAL_BASELINE_NO_ENTITY_RANKING,,,NOT_APPLICABLE_GLOBAL_BASELINE,HF9g-P5,,,,X 全窗基线 · 不参与实体赏罚,8395720,840,A168_HF9F_20260827_0900,2026-08-27 09:00:00
2026-06-25,150107794,1157,0,2.0771451717,1.9732879131,1.9732879131,1.0000000,1,1,0.50665070000000000,0.506650700000,0.9867858985152569,0.9867858985152569,0.9867858985152569,0E-17,ELIGIBLE,R03b_20260811_FULL_v1,L1_ELIGIBILITY,v2026-08-11,2026-03-21..2026-08-06,baccarat_bet02_101_all_pairs_incl_sentinel,round_win = game_pnl > 0 (decisive only),COMPATIBILITY_ONLY_NOT_PRODUCTION,39187.2093,35396.6747,483.0410,8363,6242,-0.01232650,-0.05216444,-0.01154840,-0.01232650,-483.0410,39187.2093,OK,0.0000,19.3216,4.0000,96.0000,AG03-UNRESOLVED,ALL5_LEVELS_bet23_to_bet27,19.3216,19.3216,19.3216,0.0000,0.0000,4.000000,4.000000,4.000000,0.000000,0.000000,96.000000,96.000000,96.000000,100.000000,100.000000,5.0,57.9649,55.6772,425.0761,427.3638,PENDING_AG03,FALSE,NOT_FOR_ENFORCEMENT,463.7194,33980.8077,483.0410,463.7194,19.3216,0.01232650,0.01183344,19.3216,463.7194,0.01183344,19.3216,19.3216,19.3216,0.0000,0.0000,463.7194,0.01183344,57.9649,55.6772,425.0761,427.3638,0.01084732,0.0109057,0.00049306,4.6858,5.6707,0.0774,15.5820,0.2688,1264.1035,201.3548,4.5499,4.6885,2.0771,4.1543,6.1317,8.4025,10.5031,18.5864,3.9466,-2.0771,2.528253,4.474023,1.127938,29,192,48,6,0.01915741,0.01232650,0.05216444,0E-8,0.000000,0.903271,0.017936,-0.04061604,2026-05-16,2026-07-20,31,1797,733,66,0.469697,0.970424,0.970991,0.063858,,,,,,,,GLOBAL_BASELINE_NO_ENTITY_RANKING,,,NOT_APPLICABLE_GLOBAL_BASELINE,HF9g-P5,,,,X 全窗基线 · 不参与实体赏罚,8395721,840,A168_HF9F_20260827_0900,2026-08-27 09:00:00
2026-06-25,150107794,1299,0,2.0771451717,-2.0771451717,-2.0771451717,0E-7,1,1,0.09460280000000000,0.094602800000,-0.32324545095860213,-0.32324545095860213,-0.32324545095860213,0E-17,ELIGIBLE,R03b_20260811_FULL_v1,L1_ELIGIBILITY,v2026-08-11,2026-03-21..2026-08-06,baccarat_bet02_101_all_pairs_incl_sentinel,round_win = game_pnl > 0 (decisive only),COMPATIBILITY_ONLY_NOT_PRODUCTION,39187.2093,35396.6747,483.0410,8363,6242,-0.01232650,-0.05216444,-0.01154840,-0.01232650,-483.0410,39187.2093,OK,0.0000,19.3216,4.0000,96.0000,AG03-UNRESOLVED,ALL5_LEVELS_bet23_to_bet27,19.3216,19.3216,19.3216,0.0000,0.0000,4.000000,4.000000,4.000000,0.000000,0.000000,96.000000,96.000000,96.000000,100.000000,100.000000,5.0,57.9649,55.6772,425.0761,427.3638,PENDING_AG03,FALSE,NOT_FOR_ENFORCEMENT,463.7194,33980.8077,483.0410,463.7194,19.3216,0.01232650,0.01183344,19.3216,463.7194,0.01183344,19.3216,19.3216,19.3216,0.0000,0.0000,463.7194,0.01183344,57.9649,55.6772,425.0761,427.3638,0.01084732,0.0109057,0.00049306,4.6858,5.6707,0.0774,15.5820,0.2688,1264.1035,201.3548,4.5499,4.6885,2.0771,4.1543,6.1317,8.4025,10.5031,18.5864,3.9466,-2.0771,2.528253,4.474023,1.127938,29,192,48,6,0.01915741,0.01232650,0.05216444,0E-8,0.000000,0.903271,0.017936,-0.04061604,2026-05-16,2026-07-20,31,1797,733,66,0.469697,0.970424,0.970991,0.063858,,,,,,,,GLOBAL_BASELINE_NO_ENTITY_RANKING,,,NOT_APPLICABLE_GLOBAL_BASELINE,HF9g-P5,,,,X 全窗基线 · 不参与实体赏罚,8395722,840,A168_HF9F_20260827_0900,2026-08-27 09:00:00
2026-06-25,150107794,1485,0,4.1542903434,0E-10,0E-10,,1,1,0.49324550000000000,0.493245500000,,,,0E-17,NO_DECISIVE_ROUND,R03b_20260811_FULL_v1,L1_ELIGIBILITY,v2026-08-11,2026-03-21..2026-08-06,baccarat_bet02_101_all_pairs_incl_sentinel,round_win = game_pnl > 0 (decisive only),COMPATIBILITY_ONLY_NOT_PRODUCTION,39187.2093,35396.6747,483.0410,8363,6242,-0.01232650,-0.05216444,-0.01154840,-0.01232650,-483.0410,39187.2093,OK,0.0000,19.3216,4.0000,96.0000,AG03-UNRESOLVED,ALL5_LEVELS_bet23_to_bet27,19.3216,19.3216,19.3216,0.0000,0.0000,4.000000,4.000000,4.000000,0.000000,0.000000,96.000000,96.000000,96.000000,100.000000,100.000000,5.0,57.9649,55.6772,425.0761,427.3638,PENDING_AG03,FALSE,NOT_FOR_ENFORCEMENT,463.7194,33980.8077,483.0410,463.7194,19.3216,0.01232650,0.01183344,19.3216,463.7194,0.01183344,19.3216,19.3216,19.3216,0.0000,0.0000,463.7194,0.01183344,57.9649,55.6772,425.0761,427.3638,0.01084732,0.0109057,0.00049306,4.6858,5.6707,0.0774,15.5820,0.2688,1264.1035,201.3548,4.5499,4.6885,2.0771,4.1543,6.1317,8.4025,10.5031,18.5864,3.9466,-2.0771,2.528253,4.474023,1.127938,29,192,48,6,0.01915741,0.01232650,0.05216444,0E-8,0.000000,0.903271,0.017936,-0.04061604,2026-05-16,2026-07-20,31,1797,733,66,0.469697,0.970424,0.970991,0.063858,,,,,,,,GLOBAL_BASELINE_NO_ENTITY_RANKING,,,NOT_APPLICABLE_GLOBAL_BASELINE,HF9g-P5,,,,X 全窗基线 · 不参与实体赏罚,8395723,840,A168_HF9F_20260827_0900,2026-08-27 09:00:00
2026-06-25,150107794,1507,0,12.4628710302,-0.1038572586,-0.1038572586,0.6000000,5,5,0.49860758000000000,0.498607580000,0.4534424453485946,0.4534424453485946,0.4534424453485946,0E-17,ELIGIBLE,R03b_20260811_FULL_v1,L1_ELIGIBILITY,v2026-08-11,2026-03-21..2026-08-06,baccarat_bet02_101_all_pairs_incl_sentinel,round_win = game_pnl > 0 (decisive only),COMPATIBILITY_ONLY_NOT_PRODUCTION,39187.2093,35396.6747,483.0410,8363,6242,-0.01232650,-0.05216444,-0.01154840,-0.01232650,-483.0410,39187.2093,OK,0.0000,19.3216,4.0000,96.0000,AG03-UNRESOLVED,ALL5_LEVELS_bet23_to_bet27,19.3216,19.3216,19.3216,0.0000,0.0000,4.000000,4.000000,4.000000,0.000000,0.000000,96.000000,96.000000,96.000000,100.000000,100.000000,5.0,57.9649,55.6772,425.0761,427.3638,PENDING_AG03,FALSE,NOT_FOR_ENFORCEMENT,463.7194,33980.8077,483.0410,463.7194,19.3216,0.01232650,0.01183344,19.3216,463.7194,0.01183344,19.3216,19.3216,19.3216,0.0000,0.0000,463.7194,0.01183344,57.9649,55.6772,425.0761,427.3638,0.01084732,0.0109057,0.00049306,4.6858,5.6707,0.0774,15.5820,0.2688,1264.1035,201.3548,4.5499,4.6885,2.0771,4.1543,6.1317,8.4025,10.5031,18.5864,3.9466,-2.0771,2.528253,4.474023,1.127938,29,192,48,6,0.01915741,0.01232650,0.05216444,0E-8,0.000000,0.903271,0.017936,-0.04061604,2026-05-16,2026-07-20,31,1797,733,66,0.469697,0.970424,0.970991,0.063858,,,,,,,,GLOBAL_BASELINE_NO_ENTITY_RANKING,,,NOT_APPLICABLE_GLOBAL_BASELINE,HF9g-P5,,,,X 全窗基线 · 不参与实体赏罚,8395724,840,A168_HF9F_20260827_0900,2026-08-27 09:00:00
2026-06-25,150107794,1984,0,14.5400162019,6.2314355151,6.2314355151,0.6666667,4,4,0.49659680000000000,0.496596800000,0.5891529468324541,0.589152946832454,0.5891529468324541,0E-17,ELIGIBLE,R03b_20260811_FULL_v1,L1_ELIGIBILITY,v2026-08-11,2026-03-21..2026-08-06,baccarat_bet02_101_all_pairs_incl_sentinel,round_win = game_pnl > 0 (decisive only),COMPATIBILITY_ONLY_NOT_PRODUCTION,39187.2093,35396.6747,483.0410,8363,6242,-0.01232650,-0.05216444,-0.01154840,-0.01232650,-483.0410,39187.2093,OK,0.0000,19.3216,4.0000,96.0000,AG03-UNRESOLVED,ALL5_LEVELS_bet23_to_bet27,19.3216,19.3216,19.3216,0.0000,0.0000,4.000000,4.000000,4.000000,0.000000,0.000000,96.000000,96.000000,96.000000,100.000000,100.000000,5.0,57.9649,55.6772,425.0761,427.3638,PENDING_AG03,FALSE,NOT_FOR_ENFORCEMENT,463.7194,33980.8077,483.0410,463.7194,19.3216,0.01232650,0.01183344,19.3216,463.7194,0.01183344,19.3216,19.3216,19.3216,0.0000,0.0000,463.7194,0.01183344,57.9649,55.6772,425.0761,427.3638,0.01084732,0.0109057,0.00049306,4.6858,5.6707,0.0774,15.5820,0.2688,1264.1035,201.3548,4.5499,4.6885,2.0771,4.1543,6.1317,8.4025,10.5031,18.5864,3.9466,-2.0771,2.528253,4.474023,1.127938,29,192,48,6,0.01915741,0.01232650,0.05216444,0E-8,0.000000,0.903271,0.017936,-0.04061604,2026-05-16,2026-07-20,31,1797,733,66,0.469697,0.970424,0.970991,0.063858,,,,,,,,GLOBAL_BASELINE_NO_ENTITY_RANKING,,,NOT_APPLICABLE_GLOBAL_BASELINE,HF9g-P5,,,,X 全窗基线 · 不参与实体赏罚,8395725,840,A168_HF9F_20260827_0900,2026-08-27 09:00:00
2026-06-25,150107794,2101,0,3.9465758262,-3.9465758262,-3.9465758262,0E-7,1,1,0.50665070000000000,0.506650700000,-1.013391052207602,-1.013391052207602,-1.013391052207602,0E-17,ELIGIBLE,R03b_20260811_FULL_v1,L1_ELIGIBILITY,v2026-08-11,2026-03-21..2026-08-06,baccarat_bet02_101_all_pairs_incl_sentinel,round_win = game_pnl > 0 (decisive only),COMPATIBILITY_ONLY_NOT_PRODUCTION,39187.2093,35396.6747,483.0410,8363,6242,-0.01232650,-0.05216444,-0.01154840,-0.01232650,-483.0410,39187.2093,OK,0.0000,19.3216,4.0000,96.0000,AG03-UNRESOLVED,ALL5_LEVELS_bet23_to_bet27,19.3216,19.3216,19.3216,0.0000,0.0000,4.000000,4.000000,4.000000,0.000000,0.000000,96.000000,96.000000,96.000000,100.000000,100.000000,5.0,57.9649,55.6772,425.0761,427.3638,PENDING_AG03,FALSE,NOT_FOR_ENFORCEMENT,463.7194,33980.8077,483.0410,463.7194,19.3216,0.01232650,0.01183344,19.3216,463.7194,0.01183344,19.3216,19.3216,19.3216,0.0000,0.0000,463.7194,0.01183344,57.9649,55.6772,425.0761,427.3638,0.01084732,0.0109057,0.00049306,4.6858,5.6707,0.0774,15.5820,0.2688,1264.1035,201.3548,4.5499,4.6885,2.0771,4.1543,6.1317,8.4025,10.5031,18.5864,3.9466,-2.0771,2.528253,4.474023,1.127938,29,192,48,6,0.01915741,0.01232650,0.05216444,0E-8,0.000000,0.903271,0.017936,-0.04061604,2026-05-16,2026-07-20,31,1797,733,66,0.469697,0.970424,0.970991,0.063858,,,,,,,,GLOBAL_BASELINE_NO_ENTITY_RANKING,,,NOT_APPLICABLE_GLOBAL_BASELINE,HF9g-P5,,,,X 全窗基线 · 不参与实体赏罚,8395726,840,A168_HF9F_20260827_0900,2026-08-27 09:00:00
2026-06-25,150107794,2107,0,5.1928629292,5.0890056706,5.0890056706,1.0000000,2,2,0.49994810000000000,0.499948100000,1.4143603653603398,1.4143603653603398,1.4143603653603398,0E-17,ELIGIBLE,R03b_20260811_FULL_v1,L1_ELIGIBILITY,v2026-08-11,2026-03-21..2026-08-06,baccarat_bet02_101_all_pairs_incl_sentinel,round_win = game_pnl > 0 (decisive only),COMPATIBILITY_ONLY_NOT_PRODUCTION,39187.2093,35396.6747,483.0410,8363,6242,-0.01232650,-0.05216444,-0.01154840,-0.01232650,-483.0410,39187.2093,OK,0.0000,19.3216,4.0000,96.0000,AG03-UNRESOLVED,ALL5_LEVELS_bet23_to_bet27,19.3216,19.3216,19.3216,0.0000,0.0000,4.000000,4.000000,4.000000,0.000000,0.000000,96.000000,96.000000,96.000000,100.000000,100.000000,5.0,57.9649,55.6772,425.0761,427.3638,PENDING_AG03,FALSE,NOT_FOR_ENFORCEMENT,463.7194,33980.8077,483.0410,463.7194,19.3216,0.01232650,0.01183344,19.3216,463.7194,0.01183344,19.3216,19.3216,19.3216,0.0000,0.0000,463.7194,0.01183344,57.9649,55.6772,425.0761,427.3638,0.01084732,0.0109057,0.00049306,4.6858,5.6707,0.0774,15.5820,0.2688,1264.1035,201.3548,4.5499,4.6885,2.0771,4.1543,6.1317,8.4025,10.5031,18.5864,3.9466,-2.0771,2.528253,4.474023,1.127938,29,192,48,6,0.01915741,0.01232650,0.05216444,0E-8,0.000000,0.903271,0.017936,-0.04061604,2026-05-16,2026-07-20,31,1797,733,66,0.469697,0.970424,0.970991,0.063858,,,,,,,,GLOBAL_BASELINE_NO_ENTITY_RANKING,,,NOT_APPLICABLE_GLOBAL_BASELINE,HF9g-P5,,,,X 全窗基线 · 不参与实体赏罚,8395727,840,A168_HF9F_20260827_0900,2026-08-27 09:00:00
2026-06-25,150107794,2175,0,8.3085806867,-8.3085806867,-8.3085806867,0E-7,2,2,0.49994810000000000,0.499948100000,-1.4140667746232096,-1.4140667746232096,-1.4140667746232096,0E-17,ELIGIBLE,R03b_20260811_FULL_v1,L1_ELIGIBILITY,v2026-08-11,2026-03-21..2026-08-06,baccarat_bet02_101_all_pairs_incl_sentinel,round_win = game_pnl > 0 (decisive only),COMPATIBILITY_ONLY_NOT_PRODUCTION,39187.2093,35396.6747,483.0410,8363,6242,-0.01232650,-0.05216444,-0.01154840,-0.01232650,-483.0410,39187.2093,OK,0.0000,19.3216,4.0000,96.0000,AG03-UNRESOLVED,ALL5_LEVELS_bet23_to_bet27,19.3216,19.3216,19.3216,0.0000,0.0000,4.000000,4.000000,4.000000,0.000000,0.000000,96.000000,96.000000,96.000000,100.000000,100.000000,5.0,57.9649,55.6772,425.0761,427.3638,PENDING_AG03,FALSE,NOT_FOR_ENFORCEMENT,463.7194,33980.8077,483.0410,463.7194,19.3216,0.01232650,0.01183344,19.3216,463.7194,0.01183344,19.3216,19.3216,19.3216,0.0000,0.0000,463.7194,0.01183344,57.9649,55.6772,425.0761,427.3638,0.01084732,0.0109057,0.00049306,4.6858,5.6707,0.0774,15.5820,0.2688,1264.1035,201.3548,4.5499,4.6885,2.0771,4.1543,6.1317,8.4025,10.5031,18.5864,3.9466,-2.0771,2.528253,4.474023,1.127938,29,192,48,6,0.01915741,0.01232650,0.05216444,0E-8,0.000000,0.903271,0.017936,-0.04061604,2026-05-16,2026-07-20,31,1797,733,66,0.469697,0.970424,0.970991,0.063858,,,,,,,,GLOBAL_BASELINE_NO_ENTITY_RANKING,,,NOT_APPLICABLE_GLOBAL_BASELINE,HF9g-P5,,,,X 全窗基线 · 不参与实体赏罚,8395728,840,A168_HF9F_20260827_0900,2026-08-27 09:00:00
2026-06-25,150107794,2188,0,15.1631597533,5.6082919635,5.6082919635,0.3333333,5,3,0.39917032499958672,0.364833000000,-0.23284975993799403,-0.11333800532433629,-0.23284975993799403,0.03433732499958672,ELIGIBLE,R03b_20260811_FULL_v1,L1_ELIGIBILITY,v2026-08-11,2026-03-21..2026-08-06,baccarat_bet02_101_all_pairs_incl_sentinel,round_win = game_pnl > 0 (decisive only),COMPATIBILITY_ONLY_NOT_PRODUCTION,39187.2093,35396.6747,483.0410,8363,6242,-0.01232650,-0.05216444,-0.01154840,-0.01232650,-483.0410,39187.2093,OK,0.0000,19.3216,4.0000,96.0000,AG03-UNRESOLVED,ALL5_LEVELS_bet23_to_bet27,19.3216,19.3216,19.3216,0.0000,0.0000,4.000000,4.000000,4.000000,0.000000,0.000000,96.000000,96.000000,96.000000,100.000000,100.000000,5.0,57.9649,55.6772,425.0761,427.3638,PENDING_AG03,FALSE,NOT_FOR_ENFORCEMENT,463.7194,33980.8077,483.0410,463.7194,19.3216,0.01232650,0.01183344,19.3216,463.7194,0.01183344,19.3216,19.3216,19.3216,0.0000,0.0000,463.7194,0.01183344,57.9649,55.6772,425.0761,427.3638,0.01084732,0.0109057,0.00049306,4.6858,5.6707,0.0774,15.5820,0.2688,1264.1035,201.3548,4.5499,4.6885,2.0771,4.1543,6.1317,8.4025,10.5031,18.5864,3.9466,-2.0771,2.528253,4.474023,1.127938,29,192,48,6,0.01915741,0.01232650,0.05216444,0E-8,0.000000,0.903271,0.017936,-0.04061604,2026-05-16,2026-07-20,31,1797,733,66,0.469697,0.970424,0.970991,0.063858,,,,,,,,GLOBAL_BASELINE_NO_ENTITY_RANKING,,,NOT_APPLICABLE_GLOBAL_BASELINE,HF9g-P5,,,,X 全窗基线 · 不参与实体赏罚,8395729,840,A168_HF9F_20260827_0900,2026-08-27 09:00:00
2026-06-25,150107794,2205,0,6.2314355151,-6.2314355151,-6.2314355151,0E-7,2,2,0.49994810000000000,0.499948100000,-1.4140667746232096,-1.4140667746232096,-1.4140667746232096,0E-17,ELIGIBLE,R03b_20260811_FULL_v1,L1_ELIGIBILITY,v2026-08-11,2026-03-21..2026-08-06,baccarat_bet02_101_all_pairs_incl_sentinel,round_win = game_pnl > 0 (decisive only),COMPATIBILITY_ONLY_NOT_PRODUCTION,39187.2093,35396.6747,483.0410,8363,6242,-0.01232650,-0.05216444,-0.01154840,-0.01232650,-483.0410,39187.2093,OK,0.0000,19.3216,4.0000,96.0000,AG03-UNRESOLVED,ALL5_LEVELS_bet23_to_bet27,19.3216,19.3216,19.3216,0.0000,0.0000,4.000000,4.000000,4.000000,0.000000,0.000000,96.000000,96.000000,96.000000,100.000000,100.000000,5.0,57.9649,55.6772,425.0761,427.3638,PENDING_AG03,FALSE,NOT_FOR_ENFORCEMENT,463.7194,33980.8077,483.0410,463.7194,19.3216,0.01232650,0.01183344,19.3216,463.7194,0.01183344,19.3216,19.3216,19.3216,0.0000,0.0000,463.7194,0.01183344,57.9649,55.6772,425.0761,427.3638,0.01084732,0.0109057,0.00049306,4.6858,5.6707,0.0774,15.5820,0.2688,1264.1035,201.3548,4.5499,4.6885,2.0771,4.1543,6.1317,8.4025,10.5031,18.5864,3.9466,-2.0771,2.528253,4.474023,1.127938,29,192,48,6,0.01915741,0.01232650,0.05216444,0E-8,0.000000,0.903271,0.017936,-0.04061604,2026-05-16,2026-07-20,31,1797,733,66,0.469697,0.970424,0.970991,0.063858,,,,,,,,GLOBAL_BASELINE_NO_ENTITY_RANKING,,,NOT_APPLICABLE_GLOBAL_BASELINE,HF9g-P5,,,,X 全窗基线 · 不参与实体赏罚,8395730,840,A168_HF9F_20260827_0900,2026-08-27 09:00:00
2026-06-25,150107794,2209,0,21.3945952684,4.4347049415,4.4347049415,0.7500000,6,5,0.47471244000000000,0.461424350000,1.1025612319856248,1.157753403899424,1.1025612319856248,0.01328809000000000,ELIGIBLE,R03b_20260811_FULL_v1,L1_ELIGIBILITY,v2026-08-11,2026-03-21..2026-08-06,baccarat_bet02_101_all_pairs_incl_sentinel,round_win = game_pnl > 0 (decisive only),COMPATIBILITY_ONLY_NOT_PRODUCTION,39187.2093,35396.6747,483.0410,8363,6242,-0.01232650,-0.05216444,-0.01154840,-0.01232650,-483.0410,39187.2093,OK,0.0000,19.3216,4.0000,96.0000,AG03-UNRESOLVED,ALL5_LEVELS_bet23_to_bet27,19.3216,19.3216,19.3216,0.0000,0.0000,4.000000,4.000000,4.000000,0.000000,0.000000,96.000000,96.000000,96.000000,100.000000,100.000000,5.0,57.9649,55.6772,425.0761,427.3638,PENDING_AG03,FALSE,NOT_FOR_ENFORCEMENT,463.7194,33980.8077,483.0410,463.7194,19.3216,0.01232650,0.01183344,19.3216,463.7194,0.01183344,19.3216,19.3216,19.3216,0.0000,0.0000,463.7194,0.01183344,57.9649,55.6772,425.0761,427.3638,0.01084732,0.0109057,0.00049306,4.6858,5.6707,0.0774,15.5820,0.2688,1264.1035,201.3548,4.5499,4.6885,2.0771,4.1543,6.1317,8.4025,10.5031,18.5864,3.9466,-2.0771,2.528253,4.474023,1.127938,29,192,48,6,0.01915741,0.01232650,0.05216444,0E-8,0.000000,0.903271,0.017936,-0.04061604,2026-05-16,2026-07-20,31,1797,733,66,0.469697,0.970424,0.970991,0.063858,,,,,,,,GLOBAL_BASELINE_NO_ENTITY_RANKING,,,NOT_APPLICABLE_GLOBAL_BASELINE,HF9g-P5,,,,X 全窗基线 · 不参与实体赏罚,8395731,840,A168_HF9F_20260827_0900,2026-08-27 09:00:00
2026-06-25,150107794,2212,0,14.5400162019,-2.0771451717,-2.0771451717,0.5000000,4,3,0.44895186666666667,0.426805050000,0.14514437352043613,0.20928117445073835,0.14514437352043613,0.02214681666666667,ELIGIBLE,R03b_20260811_FULL_v1,L1_ELIGIBILITY,v2026-08-11,2026-03-21..2026-08-06,baccarat_bet02_101_all_pairs_incl_sentinel,round_win = game_pnl > 0 (decisive only),COMPATIBILITY_ONLY_NOT_PRODUCTION,39187.2093,35396.6747,483.0410,8363,6242,-0.01232650,-0.05216444,-0.01154840,-0.01232650,-483.0410,39187.2093,OK,0.0000,19.3216,4.0000,96.0000,AG03-UNRESOLVED,ALL5_LEVELS_bet23_to_bet27,19.3216,19.3216,19.3216,0.0000,0.0000,4.000000,4.000000,4.000000,0.000000,0.000000,96.000000,96.000000,96.000000,100.000000,100.000000,5.0,57.9649,55.6772,425.0761,427.3638,PENDING_AG03,FALSE,NOT_FOR_ENFORCEMENT,463.7194,33980.8077,483.0410,463.7194,19.3216,0.01232650,0.01183344,19.3216,463.7194,0.01183344,19.3216,19.3216,19.3216,0.0000,0.0000,463.7194,0.01183344,57.9649,55.6772,425.0761,427.3638,0.01084732,0.0109057,0.00049306,4.6858,5.6707,0.0774,15.5820,0.2688,1264.1035,201.3548,4.5499,4.6885,2.0771,4.1543,6.1317,8.4025,10.5031,18.5864,3.9466,-2.0771,2.528253,4.474023,1.127938,29,192,48,6,0.01915741,0.01232650,0.05216444,0E-8,0.000000,0.903271,0.017936,-0.04061604,2026-05-16,2026-07-20,31,1797,733,66,0.469697,0.970424,0.970991,0.063858,,,,,,,,GLOBAL_BASELINE_NO_ENTITY_RANKING,,,NOT_APPLICABLE_GLOBAL_BASELINE,HF9g-P5,,,,X 全窗基线 · 不参与实体赏罚,8395732,840,A168_HF9F_20260827_0900,2026-08-27 09:00:00
2026-06-25,150107794,2216,0,8.3085806868,-4.1542903434,-4.1542903434,0.3333333,3,3,0.49771390000000000,0.497713900000,-0.5694369385616226,-0.5694369385616226,-0.5694369385616226,0E-17,ELIGIBLE,R03b_20260811_FULL_v1,L1_ELIGIBILITY,v2026-08-11,2026-03-21..2026-08-06,baccarat_bet02_101_all_pairs_incl_sentinel,round_win = game_pnl > 0 (decisive only),COMPATIBILITY_ONLY_NOT_PRODUCTION,39187.2093,35396.6747,483.0410,8363,6242,-0.01232650,-0.05216444,-0.01154840,-0.01232650,-483.0410,39187.2093,OK,0.0000,19.3216,4.0000,96.0000,AG03-UNRESOLVED,ALL5_LEVELS_bet23_to_bet27,19.3216,19.3216,19.3216,0.0000,0.0000,4.000000,4.000000,4.000000,0.000000,0.000000,96.000000,96.000000,96.000000,100.000000,100.000000,5.0,57.9649,55.6772,425.0761,427.3638,PENDING_AG03,FALSE,NOT_FOR_ENFORCEMENT,463.7194,33980.8077,483.0410,463.7194,19.3216,0.01232650,0.01183344,19.3216,463.7194,0.01183344,19.3216,19.3216,19.3216,0.0000,0.0000,463.7194,0.01183344,57.9649,55.6772,425.0761,427.3638,0.01084732,0.0109057,0.00049306,4.6858,5.6707,0.0774,15.5820,0.2688,1264.1035,201.3548,4.5499,4.6885,2.0771,4.1543,6.1317,8.4025,10.5031,18.5864,3.9466,-2.0771,2.528253,4.474023,1.127938,29,192,48,6,0.01915741,0.01232650,0.05216444,0E-8,0.000000,0.903271,0.017936,-0.04061604,2026-05-16,2026-07-20,31,1797,733,66,0.469697,0.970424,0.970991,0.063858,,,,,,,,GLOBAL_BASELINE_NO_ENTITY_RANKING,,,NOT_APPLICABLE_GLOBAL_BASELINE,HF9g-P5,,,,X 全窗基线 · 不参与实体赏罚,8395733,840,A168_HF9F_20260827_0900,2026-08-27 09:00:00
2026-06-25,150107794,2229,0,2.0771451717,-2.0771451717,-2.0771451717,0E-7,1,1,0.49324550000000000,0.493245500000,-0.9865810262130424,-0.9865810262130424,-0.9865810262130424,0E-17,ELIGIBLE,R03b_20260811_FULL_v1,L1_ELIGIBILITY,v2026-08-11,2026-03-21..2026-08-06,baccarat_bet02_101_all_pairs_incl_sentinel,round_win = game_pnl > 0 (decisive only),COMPATIBILITY_ONLY_NOT_PRODUCTION,39187.2093,35396.6747,483.0410,8363,6242,-0.01232650,-0.05216444,-0.01154840,-0.01232650,-483.0410,39187.2093,OK,0.0000,19.3216,4.0000,96.0000,AG03-UNRESOLVED,ALL5_LEVELS_bet23_to_bet27,19.3216,19.3216,19.3216,0.0000,0.0000,4.000000,4.000000,4.000000,0.000000,0.000000,96.000000,96.000000,96.000000,100.000000,100.000000,5.0,57.9649,55.6772,425.0761,427.3638,PENDING_AG03,FALSE,NOT_FOR_ENFORCEMENT,463.7194,33980.8077,483.0410,463.7194,19.3216,0.01232650,0.01183344,19.3216,463.7194,0.01183344,19.3216,19.3216,19.3216,0.0000,0.0000,463.7194,0.01183344,57.9649,55.6772,425.0761,427.3638,0.01084732,0.0109057,0.00049306,4.6858,5.6707,0.0774,15.5820,0.2688,1264.1035,201.3548,4.5499,4.6885,2.0771,4.1543,6.1317,8.4025,10.5031,18.5864,3.9466,-2.0771,2.528253,4.474023,1.127938,29,192,48,6,0.01915741,0.01232650,0.05216444,0E-8,0.000000,0.903271,0.017936,-0.04061604,2026-05-16,2026-07-20,31,1797,733,66,0.469697,0.970424,0.970991,0.063858,,,,,,,,GLOBAL_BASELINE_NO_ENTITY_RANKING,,,NOT_APPLICABLE_GLOBAL_BASELINE,HF9g-P5,,,,X 全窗基线 · 不参与实体赏罚,8395734,840,A168_HF9F_20260827_0900,2026-08-27 09:00:00
2026-06-25,150107794,2234,0,25.1334565775,-9.2329102882,-9.2329102882,0.4000000,8,6,0.45565446666666667,0.433507650000,-0.24987906928924572,-0.15119365467127238,-0.24987906928924572,0.02214681666666667,ELIGIBLE,R03b_20260811_FULL_v1,L1_ELIGIBILITY,v2026-08-11,2026-03-21..2026-08-06,baccarat_bet02_101_all_pairs_incl_sentinel,round_win = game_pnl > 0 (decisive only),COMPATIBILITY_ONLY_NOT_PRODUCTION,39187.2093,35396.6747,483.0410,8363,6242,-0.01232650,-0.05216444,-0.01154840,-0.01232650,-483.0410,39187.2093,OK,0.0000,19.3216,4.0000,96.0000,AG03-UNRESOLVED,ALL5_LEVELS_bet23_to_bet27,19.3216,19.3216,19.3216,0.0000,0.0000,4.000000,4.000000,4.000000,0.000000,0.000000,96.000000,96.000000,96.000000,100.000000,100.000000,5.0,57.9649,55.6772,425.0761,427.3638,PENDING_AG03,FALSE,NOT_FOR_ENFORCEMENT,463.7194,33980.8077,483.0410,463.7194,19.3216,0.01232650,0.01183344,19.3216,463.7194,0.01183344,19.3216,19.3216,19.3216,0.0000,0.0000,463.7194,0.01183344,57.9649,55.6772,425.0761,427.3638,0.01084732,0.0109057,0.00049306,4.6858,5.6707,0.0774,15.5820,0.2688,1264.1035,201.3548,4.5499,4.6885,2.0771,4.1543,6.1317,8.4025,10.5031,18.5864,3.9466,-2.0771,2.528253,4.474023,1.127938,29,192,48,6,0.01915741,0.01232650,0.05216444,0E-8,0.000000,0.903271,0.017936,-0.04061604,2026-05-16,2026-07-20,31,1797,733,66,0.469697,0.970424,0.970991,0.063858,,,,,,,,GLOBAL_BASELINE_NO_ENTITY_RANKING,,,NOT_APPLICABLE_GLOBAL_BASELINE,HF9g-P5,,,,X 全窗基线 · 不参与实体赏罚,8395735,840,A168_HF9F_20260827_0900,2026-08-27 09:00:00
2026-06-25,150107794,2241,0,14.3323016847,-6.2314355151,-6.2314355151,0.3333333,3,3,0.50218230000000000,0.502182300000,-0.5849155494134425,-0.5849155494134426,-0.5849155494134425,0E-17,ELIGIBLE,R03b_20260811_FULL_v1,L1_ELIGIBILITY,v2026-08-11,2026-03-21..2026-08-06,baccarat_bet02_101_all_pairs_incl_sentinel,round_win = game_pnl > 0 (decisive only),COMPATIBILITY_ONLY_NOT_PRODUCTION,39187.2093,35396.6747,483.0410,8363,6242,-0.01232650,-0.05216444,-0.01154840,-0.01232650,-483.0410,39187.2093,OK,0.0000,19.3216,4.0000,96.0000,AG03-UNRESOLVED,ALL5_LEVELS_bet23_to_bet27,19.3216,19.3216,19.3216,0.0000,0.0000,4.000000,4.000000,4.000000,0.000000,0.000000,96.000000,96.000000,96.000000,100.000000,100.000000,5.0,57.9649,55.6772,425.0761,427.3638,PENDING_AG03,FALSE,NOT_FOR_ENFORCEMENT,463.7194,33980.8077,483.0410,463.7194,19.3216,0.01232650,0.01183344,19.3216,463.7194,0.01183344,19.3216,19.3216,19.3216,0.0000,0.0000,463.7194,0.01183344,57.9649,55.6772,425.0761,427.3638,0.01084732,0.0109057,0.00049306,4.6858,5.6707,0.0774,15.5820,0.2688,1264.1035,201.3548,4.5499,4.6885,2.0771,4.1543,6.1317,8.4025,10.5031,18.5864,3.9466,-2.0771,2.528253,4.474023,1.127938,29,192,48,6,0.01915741,0.01232650,0.05216444,0E-8,0.000000,0.903271,0.017936,-0.04061604,2026-05-16,2026-07-20,31,1797,733,66,0.469697,0.970424,0.970991,0.063858,,,,,,,,GLOBAL_BASELINE_NO_ENTITY_RANKING,,,NOT_APPLICABLE_GLOBAL_BASELINE,HF9g-P5,,,,X 全窗基线 · 不参与实体赏罚,8395736,840,A168_HF9F_20260827_0900,2026-08-27 09:00:00
2026-06-25,150107794,2266,0,6.0237209979,-1.9732879131,-1.9732879131,0.5000000,2,2,0.49994810000000000,0.499948100000,0.00014679536856514622,0.00014679536856514622,0.00014679536856514622,0E-17,ELIGIBLE,R03b_20260811_FULL_v1,L1_ELIGIBILITY,v2026-08-11,2026-03-21..2026-08-06,baccarat_bet02_101_all_pairs_incl_sentinel,round_win = game_pnl > 0 (decisive only),COMPATIBILITY_ONLY_NOT_PRODUCTION,39187.2093,35396.6747,483.0410,8363,6242,-0.01232650,-0.05216444,-0.01154840,-0.01232650,-483.0410,39187.2093,OK,0.0000,19.3216,4.0000,96.0000,AG03-UNRESOLVED,ALL5_LEVELS_bet23_to_bet27,19.3216,19.3216,19.3216,0.0000,0.0000,4.000000,4.000000,4.000000,0.000000,0.000000,96.000000,96.000000,96.000000,100.000000,100.000000,5.0,57.9649,55.6772,425.0761,427.3638,PENDING_AG03,FALSE,NOT_FOR_ENFORCEMENT,463.7194,33980.8077,483.0410,463.7194,19.3216,0.01232650,0.01183344,19.3216,463.7194,0.01183344,19.3216,19.3216,19.3216,0.0000,0.0000,463.7194,0.01183344,57.9649,55.6772,425.0761,427.3638,0.01084732,0.0109057,0.00049306,4.6858,5.6707,0.0774,15.5820,0.2688,1264.1035,201.3548,4.5499,4.6885,2.0771,4.1543,6.1317,8.4025,10.5031,18.5864,3.9466,-2.0771,2.528253,4.474023,1.127938,29,192,48,6,0.01915741,0.01232650,0.05216444,0E-8,0.000000,0.903271,0.017936,-0.04061604,2026-05-16,2026-07-20,31,1797,733,66,0.469697,0.970424,0.970991,0.063858,,,,,,,,GLOBAL_BASELINE_NO_ENTITY_RANKING,,,NOT_APPLICABLE_GLOBAL_BASELINE,HF9g-P5,,,,X 全窗基线 · 不参与实体赏罚,8395737,840,A168_HF9F_20260827_0900,2026-08-27 09:00:00
2026-06-25,150107794,2271,0,2.0771451717,-2.0771451717,-2.0771451717,0E-7,1,1,0.50665070000000000,0.506650700000,-1.013391052207602,-1.013391052207602,-1.013391052207602,0E-17,ELIGIBLE,R03b_20260811_FULL_v1,L1_ELIGIBILITY,v2026-08-11,2026-03-21..2026-08-06,baccarat_bet02_101_all_pairs_incl_sentinel,round_win = game_pnl > 0 (decisive only),COMPATIBILITY_ONLY_NOT_PRODUCTION,39187.2093,35396.6747,483.0410,8363,6242,-0.01232650,-0.05216444,-0.01154840,-0.01232650,-483.0410,39187.2093,OK,0.0000,19.3216,4.0000,96.0000,AG03-UNRESOLVED,ALL5_LEVELS_bet23_to_bet27,19.3216,19.3216,19.3216,0.0000,0.0000,4.000000,4.000000,4.000000,0.000000,0.000000,96.000000,96.000000,96.000000,100.000000,100.000000,5.0,57.9649,55.6772,425.0761,427.3638,PENDING_AG03,FALSE,NOT_FOR_ENFORCEMENT,463.7194,33980.8077,483.0410,463.7194,19.3216,0.01232650,0.01183344,19.3216,463.7194,0.01183344,19.3216,19.3216,19.3216,0.0000,0.0000,463.7194,0.01183344,57.9649,55.6772,425.0761,427.3638,0.01084732,0.0109057,0.00049306,4.6858,5.6707,0.0774,15.5820,0.2688,1264.1035,201.3548,4.5499,4.6885,2.0771,4.1543,6.1317,8.4025,10.5031,18.5864,3.9466,-2.0771,2.528253,4.474023,1.127938,29,192,48,6,0.01915741,0.01232650,0.05216444,0E-8,0.000000,0.903271,0.017936,-0.04061604,2026-05-16,2026-07-20,31,1797,733,66,0.469697,0.970424,0.970991,0.063858,,,,,,,,GLOBAL_BASELINE_NO_ENTITY_RANKING,,,NOT_APPLICABLE_GLOBAL_BASELINE,HF9g-P5,,,,X 全窗基线 · 不参与实体赏罚,8395738,840,A168_HF9F_20260827_0900,2026-08-27 09:00:00
2026-06-25,150107794,583,0,4.1542903434,-4.1542903434,-4.1542903434,0E-7,1,1,0.49324550000000000,0.493245500000,-0.9865810262130424,-0.9865810262130424,-0.9865810262130424,0E-17,ELIGIBLE,R03b_20260811_FULL_v1,L1_ELIGIBILITY,v2026-08-11,2026-03-21..2026-08-06,baccarat_bet02_101_all_pairs_incl_sentinel,round_win = game_pnl > 0 (decisive only),COMPATIBILITY_ONLY_NOT_PRODUCTION,39187.2093,35396.6747,483.0410,8363,6242,-0.01232650,-0.05216444,-0.01154840,-0.01232650,-483.0410,39187.2093,OK,0.0000,19.3216,4.0000,96.0000,AG03-UNRESOLVED,ALL5_LEVELS_bet23_to_bet27,19.3216,19.3216,19.3216,0.0000,0.0000,4.000000,4.000000,4.000000,0.000000,0.000000,96.000000,96.000000,96.000000,100.000000,100.000000,5.0,57.9649,55.6772,425.0761,427.3638,PENDING_AG03,FALSE,NOT_FOR_ENFORCEMENT,463.7194,33980.8077,483.0410,463.7194,19.3216,0.01232650,0.01183344,19.3216,463.7194,0.01183344,19.3216,19.3216,19.3216,0.0000,0.0000,463.7194,0.01183344,57.9649,55.6772,425.0761,427.3638,0.01084732,0.0109057,0.00049306,4.6858,5.6707,0.0774,15.5820,0.2688,1264.1035,201.3548,4.5499,4.6885,2.0771,4.1543,6.1317,8.4025,10.5031,18.5864,3.9466,-2.0771,2.528253,4.474023,1.127938,29,192,48,6,0.01915741,0.01232650,0.05216444,0E-8,0.000000,0.903271,0.017936,-0.04061604,2026-05-16,2026-07-20,31,1797,733,66,0.469697,0.970424,0.970991,0.063858,,,,,,,,GLOBAL_BASELINE_NO_ENTITY_RANKING,,,NOT_APPLICABLE_GLOBAL_BASELINE,HF9g-P5,,,,X 全窗基线 · 不参与实体赏罚,8395739,840,A168_HF9F_20260827_0900,2026-08-27 09:00:00
2026-06-25,150107794,994,0,2.0771451717,-2.0771451717,-2.0771451717,0E-7,1,1,0.49324550000000000,0.493245500000,-0.9865810262130424,-0.9865810262130424,-0.9865810262130424,0E-17,ELIGIBLE,R03b_20260811_FULL_v1,L1_ELIGIBILITY,v2026-08-11,2026-03-21..2026-08-06,baccarat_bet02_101_all_pairs_incl_sentinel,round_win = game_pnl > 0 (decisive only),COMPATIBILITY_ONLY_NOT_PRODUCTION,39187.2093,35396.6747,483.0410,8363,6242,-0.01232650,-0.05216444,-0.01154840,-0.01232650,-483.0410,39187.2093,OK,0.0000,19.3216,4.0000,96.0000,AG03-UNRESOLVED,ALL5_LEVELS_bet23_to_bet27,19.3216,19.3216,19.3216,0.0000,0.0000,4.000000,4.000000,4.000000,0.000000,0.000000,96.000000,96.000000,96.000000,100.000000,100.000000,5.0,57.9649,55.6772,425.0761,427.3638,PENDING_AG03,FALSE,NOT_FOR_ENFORCEMENT,463.7194,33980.8077,483.0410,463.7194,19.3216,0.01232650,0.01183344,19.3216,463.7194,0.01183344,19.3216,19.3216,19.3216,0.0000,0.0000,463.7194,0.01183344,57.9649,55.6772,425.0761,427.3638,0.01084732,0.0109057,0.00049306,4.6858,5.6707,0.0774,15.5820,0.2688,1264.1035,201.3548,4.5499,4.6885,2.0771,4.1543,6.1317,8.4025,10.5031,18.5864,3.9466,-2.0771,2.528253,4.474023,1.127938,29,192,48,6,0.01915741,0.01232650,0.05216444,0E-8,0.000000,0.903271,0.017936,-0.04061604,2026-05-16,2026-07-20,31,1797,733,66,0.469697,0.970424,0.970991,0.063858,,,,,,,,GLOBAL_BASELINE_NO_ENTITY_RANKING,,,NOT_APPLICABLE_GLOBAL_BASELINE,HF9g-P5,,,,X 全窗基线 · 不参与实体赏罚,8395740,840,A168_HF9F_20260827_0900,2026-08-27 09:00:00
2026-06-26,150107794,-1,1,310.5332031670,6.6157073712,6.6157073712,0.5000000,88,77,0.48010544650143660,0.471560668182,0.3331633852681731,0.47665269608615624,0.3331633852681731,0.00854477831943660,SENTINEL_DEALER,R03b_20260811_FULL_v1,L1_ELIGIBILITY,v2026-08-11,2026-03-21..2026-08-06,baccarat_bet02_101_all_pairs_incl_sentinel,round_win = game_pnl > 0 (decisive only),COMPATIBILITY_ONLY_NOT_PRODUCTION,39187.2093,35396.6747,483.0410,8363,6242,-0.01232650,-0.05216444,-0.01154840,-0.01232650,-483.0410,39187.2093,OK,0.0000,19.3216,4.0000,96.0000,AG03-UNRESOLVED,ALL5_LEVELS_bet23_to_bet27,19.3216,19.3216,19.3216,0.0000,0.0000,4.000000,4.000000,4.000000,0.000000,0.000000,96.000000,96.000000,96.000000,100.000000,100.000000,5.0,57.9649,55.6772,425.0761,427.3638,PENDING_AG03,FALSE,NOT_FOR_ENFORCEMENT,463.7194,33980.8077,483.0410,463.7194,19.3216,0.01232650,0.01183344,19.3216,463.7194,0.01183344,19.3216,19.3216,19.3216,0.0000,0.0000,463.7194,0.01183344,57.9649,55.6772,425.0761,427.3638,0.01084732,0.0109057,0.00049306,4.6858,5.6707,0.0774,15.5820,0.2688,1264.1035,201.3548,4.5499,4.6885,2.0771,4.1543,6.1317,8.4025,10.5031,18.5864,3.9466,-2.0771,2.528253,4.474023,1.127938,29,192,48,6,0.01915741,0.01232650,0.05216444,0E-8,0.000000,0.903271,0.017936,-0.04061604,2026-05-16,2026-07-20,31,1797,733,66,0.469697,0.970424,0.970991,0.063858,,,,,,,,GLOBAL_BASELINE_NO_ENTITY_RANKING,,,NOT_APPLICABLE_GLOBAL_BASELINE,HF9g-P5,,,,X 全窗基线 · 不参与实体赏罚,8395741,840,A168_HF9F_20260827_0900,2026-08-27 09:00:00
2026-06-26,150107794,1151,0,8.3085806868,-8.3085806868,-8.3085806868,0E-7,2,2,0.49324550000000000,0.493245500000,-1.3952362676504506,-1.3952362676504506,-1.3952362676504506,0E-17,ELIGIBLE,R03b_20260811_FULL_v1,L1_ELIGIBILITY,v2026-08-11,2026-03-21..2026-08-06,baccarat_bet02_101_all_pairs_incl_sentinel,round_win = game_pnl > 0 (decisive only),COMPATIBILITY_ONLY_NOT_PRODUCTION,39187.2093,35396.6747,483.0410,8363,6242,-0.01232650,-0.05216444,-0.01154840,-0.01232650,-483.0410,39187.2093,OK,0.0000,19.3216,4.0000,96.0000,AG03-UNRESOLVED,ALL5_LEVELS_bet23_to_bet27,19.3216,19.3216,19.3216,0.0000,0.0000,4.000000,4.000000,4.000000,0.000000,0.000000,96.000000,96.000000,96.000000,100.000000,100.000000,5.0,57.9649,55.6772,425.0761,427.3638,PENDING_AG03,FALSE,NOT_FOR_ENFORCEMENT,463.7194,33980.8077,483.0410,463.7194,19.3216,0.01232650,0.01183344,19.3216,463.7194,0.01183344,19.3216,19.3216,19.3216,0.0000,0.0000,463.7194,0.01183344,57.9649,55.6772,425.0761,427.3638,0.01084732,0.0109057,0.00049306,4.6858,5.6707,0.0774,15.5820,0.2688,1264.1035,201.3548,4.5499,4.6885,2.0771,4.1543,6.1317,8.4025,10.5031,18.5864,3.9466,-2.0771,2.528253,4.474023,1.127938,29,192,48,6,0.01915741,0.01232650,0.05216444,0E-8,0.000000,0.903271,0.017936,-0.04061604,2026-05-16,2026-07-20,31,1797,733,66,0.469697,0.970424,0.970991,0.063858,,,,,,,,GLOBAL_BASELINE_NO_ENTITY_RANKING,,,NOT_APPLICABLE_GLOBAL_BASELINE,HF9g-P5,,,,X 全窗基线 · 不参与实体赏罚,8395742,840,A168_HF9F_20260827_0900,2026-08-27 09:00:00
2026-06-26,150107794,1220,0,18.2788775107,5.1928629292,5.1928629292,0.6666667,5,4,0.46037774374931121,0.451793412500,0.7168601666330429,0.7478266129449506,0.7168601666330429,0.00858433124931121,ELIGIBLE,R03b_20260811_FULL_v1,L1_ELIGIBILITY,v2026-08-11,2026-03-21..2026-08-06,baccarat_bet02_101_all_pairs_incl_sentinel,round_win = game_pnl > 0 (decisive only),COMPATIBILITY_ONLY_NOT_PRODUCTION,39187.2093,35396.6747,483.0410,8363,6242,-0.01232650,-0.05216444,-0.01154840,-0.01232650,-483.0410,39187.2093,OK,0.0000,19.3216,4.0000,96.0000,AG03-UNRESOLVED,ALL5_LEVELS_bet23_to_bet27,19.3216,19.3216,19.3216,0.0000,0.0000,4.000000,4.000000,4.000000,0.000000,0.000000,96.000000,96.000000,96.000000,100.000000,100.000000,5.0,57.9649,55.6772,425.0761,427.3638,PENDING_AG03,FALSE,NOT_FOR_ENFORCEMENT,463.7194,33980.8077,483.0410,463.7194,19.3216,0.01232650,0.01183344,19.3216,463.7194,0.01183344,19.3216,19.3216,19.3216,0.0000,0.0000,463.7194,0.01183344,57.9649,55.6772,425.0761,427.3638,0.01084732,0.0109057,0.00049306,4.6858,5.6707,0.0774,15.5820,0.2688,1264.1035,201.3548,4.5499,4.6885,2.0771,4.1543,6.1317,8.4025,10.5031,18.5864,3.9466,-2.0771,2.528253,4.474023,1.127938,29,192,48,6,0.01915741,0.01232650,0.05216444,0E-8,0.000000,0.903271,0.017936,-0.04061604,2026-05-16,2026-07-20,31,1797,733,66,0.469697,0.970424,0.970991,0.063858,,,,,,,,GLOBAL_BASELINE_NO_ENTITY_RANKING,,,NOT_APPLICABLE_GLOBAL_BASELINE,HF9g-P5,,,,X 全窗基线 · 不参与实体赏罚,8395743,840,A168_HF9F_20260827_0900,2026-08-27 09:00:00
2026-06-26,150107794,1221,0,8.3085806868,0E-10,0E-10,0.5000000,2,2,0.49994810000000000,0.499948100000,0.00014679536856514622,0.00014679536856514622,0.00014679536856514622,0E-17,ELIGIBLE,R03b_20260811_FULL_v1,L1_ELIGIBILITY,v2026-08-11,2026-03-21..2026-08-06,baccarat_bet02_101_all_pairs_incl_sentinel,round_win = game_pnl > 0 (decisive only),COMPATIBILITY_ONLY_NOT_PRODUCTION,39187.2093,35396.6747,483.0410,8363,6242,-0.01232650,-0.05216444,-0.01154840,-0.01232650,-483.0410,39187.2093,OK,0.0000,19.3216,4.0000,96.0000,AG03-UNRESOLVED,ALL5_LEVELS_bet23_to_bet27,19.3216,19.3216,19.3216,0.0000,0.0000,4.000000,4.000000,4.000000,0.000000,0.000000,96.000000,96.000000,96.000000,100.000000,100.000000,5.0,57.9649,55.6772,425.0761,427.3638,PENDING_AG03,FALSE,NOT_FOR_ENFORCEMENT,463.7194,33980.8077,483.0410,463.7194,19.3216,0.01232650,0.01183344,19.3216,463.7194,0.01183344,19.3216,19.3216,19.3216,0.0000,0.0000,463.7194,0.01183344,57.9649,55.6772,425.0761,427.3638,0.01084732,0.0109057,0.00049306,4.6858,5.6707,0.0774,15.5820,0.2688,1264.1035,201.3548,4.5499,4.6885,2.0771,4.1543,6.1317,8.4025,10.5031,18.5864,3.9466,-2.0771,2.528253,4.474023,1.127938,29,192,48,6,0.01915741,0.01232650,0.05216444,0E-8,0.000000,0.903271,0.017936,-0.04061604,2026-05-16,2026-07-20,31,1797,733,66,0.469697,0.970424,0.970991,0.063858,,,,,,,,GLOBAL_BASELINE_NO_ENTITY_RANKING,,,NOT_APPLICABLE_GLOBAL_BASELINE,HF9g-P5,,,,X 全窗基线 · 不参与实体赏罚,8395744,840,A168_HF9F_20260827_0900,2026-08-27 09:00:00
2026-06-26,150107794,1304,0,12.4628710300,-12.4628710300,-12.4628710300,0E-7,4,3,0.45340767419306673,0.429039250000,-1.5775142670412556,-1.501433192342098,-1.5775142670412556,0.02436842419306673,ELIGIBLE,R03b_20260811_FULL_v1,L1_ELIGIBILITY,v2026-08-11,2026-03-21..2026-08-06,baccarat_bet02_101_all_pairs_incl_sentinel,round_win = game_pnl > 0 (decisive only),COMPATIBILITY_ONLY_NOT_PRODUCTION,39187.2093,35396.6747,483.0410,8363,6242,-0.01232650,-0.05216444,-0.01154840,-0.01232650,-483.0410,39187.2093,OK,0.0000,19.3216,4.0000,96.0000,AG03-UNRESOLVED,ALL5_LEVELS_bet23_to_bet27,19.3216,19.3216,19.3216,0.0000,0.0000,4.000000,4.000000,4.000000,0.000000,0.000000,96.000000,96.000000,96.000000,100.000000,100.000000,5.0,57.9649,55.6772,425.0761,427.3638,PENDING_AG03,FALSE,NOT_FOR_ENFORCEMENT,463.7194,33980.8077,483.0410,463.7194,19.3216,0.01232650,0.01183344,19.3216,463.7194,0.01183344,19.3216,19.3216,19.3216,0.0000,0.0000,463.7194,0.01183344,57.9649,55.6772,425.0761,427.3638,0.01084732,0.0109057,0.00049306,4.6858,5.6707,0.0774,15.5820,0.2688,1264.1035,201.3548,4.5499,4.6885,2.0771,4.1543,6.1317,8.4025,10.5031,18.5864,3.9466,-2.0771,2.528253,4.474023,1.127938,29,192,48,6,0.01915741,0.01232650,0.05216444,0E-8,0.000000,0.903271,0.017936,-0.04061604,2026-05-16,2026-07-20,31,1797,733,66,0.469697,0.970424,0.970991,0.063858,,,,,,,,GLOBAL_BASELINE_NO_ENTITY_RANKING,,,NOT_APPLICABLE_GLOBAL_BASELINE,HF9g-P5,,,,X 全窗基线 · 不参与实体赏罚,8395745,840,A168_HF9F_20260827_0900,2026-08-27 09:00:00
2026-06-26,150107794,1353,0,45.4894792600,-23.7833122158,-23.7833122158,0.2500000,12,10,0.44168825107391902,0.421560080000,-1.091802743699898,-0.9826579357105187,-1.091802743699898,0.02012817107391902,ELIGIBLE,R03b_20260811_FULL_v1,L1_ELIGIBILITY,v2026-08-11,2026-03-21..2026-08-06,baccarat_bet02_101_all_pairs_incl_sentinel,round_win = game_pnl > 0 (decisive only),COMPATIBILITY_ONLY_NOT_PRODUCTION,39187.2093,35396.6747,483.0410,8363,6242,-0.01232650,-0.05216444,-0.01154840,-0.01232650,-483.0410,39187.2093,OK,0.0000,19.3216,4.0000,96.0000,AG03-UNRESOLVED,ALL5_LEVELS_bet23_to_bet27,19.3216,19.3216,19.3216,0.0000,0.0000,4.000000,4.000000,4.000000,0.000000,0.000000,96.000000,96.000000,96.000000,100.000000,100.000000,5.0,57.9649,55.6772,425.0761,427.3638,PENDING_AG03,FALSE,NOT_FOR_ENFORCEMENT,463.7194,33980.8077,483.0410,463.7194,19.3216,0.01232650,0.01183344,19.3216,463.7194,0.01183344,19.3216,19.3216,19.3216,0.0000,0.0000,463.7194,0.01183344,57.9649,55.6772,425.0761,427.3638,0.01084732,0.0109057,0.00049306,4.6858,5.6707,0.0774,15.5820,0.2688,1264.1035,201.3548,4.5499,4.6885,2.0771,4.1543,6.1317,8.4025,10.5031,18.5864,3.9466,-2.0771,2.528253,4.474023,1.127938,29,192,48,6,0.01915741,0.01232650,0.05216444,0E-8,0.000000,0.903271,0.017936,-0.04061604,2026-05-16,2026-07-20,31,1797,733,66,0.469697,0.970424,0.970991,0.063858,,,,,,,,GLOBAL_BASELINE_NO_ENTITY_RANKING,,,NOT_APPLICABLE_GLOBAL_BASELINE,HF9g-P5,,,,X 全窗基线 · 不参与实体赏罚,8395746,840,A168_HF9F_20260827_0900,2026-08-27 09:00:00
2026-06-26,150107794,1363,0,12.4628710301,6.2314355151,6.2314355151,0.6666667,3,3,0.49771390000000000,0.497713900000,0.5852756695216578,0.5852756695216578,0.5852756695216578,0E-17,ELIGIBLE,R03b_20260811_FULL_v1,L1_ELIGIBILITY,v2026-08-11,2026-03-21..2026-08-06,baccarat_bet02_101_all_pairs_incl_sentinel,round_win = game_pnl > 0 (decisive only),COMPATIBILITY_ONLY_NOT_PRODUCTION,39187.2093,35396.6747,483.0410,8363,6242,-0.01232650,-0.05216444,-0.01154840,-0.01232650,-483.0410,39187.2093,OK,0.0000,19.3216,4.0000,96.0000,AG03-UNRESOLVED,ALL5_LEVELS_bet23_to_bet27,19.3216,19.3216,19.3216,0.0000,0.0000,4.000000,4.000000,4.000000,0.000000,0.000000,96.000000,96.000000,96.000000,100.000000,100.000000,5.0,57.9649,55.6772,425.0761,427.3638,PENDING_AG03,FALSE,NOT_FOR_ENFORCEMENT,463.7194,33980.8077,483.0410,463.7194,19.3216,0.01232650,0.01183344,19.3216,463.7194,0.01183344,19.3216,19.3216,19.3216,0.0000,0.0000,463.7194,0.01183344,57.9649,55.6772,425.0761,427.3638,0.01084732,0.0109057,0.00049306,4.6858,5.6707,0.0774,15.5820,0.2688,1264.1035,201.3548,4.5499,4.6885,2.0771,4.1543,6.1317,8.4025,10.5031,18.5864,3.9466,-2.0771,2.528253,4.474023,1.127938,29,192,48,6,0.01915741,0.01232650,0.05216444,0E-8,0.000000,0.903271,0.017936,-0.04061604,2026-05-16,2026-07-20,31,1797,733,66,0.469697,0.970424,0.970991,0.063858,,,,,,,,GLOBAL_BASELINE_NO_ENTITY_RANKING,,,NOT_APPLICABLE_GLOBAL_BASELINE,HF9g-P5,,,,X 全窗基线 · 不参与实体赏罚,8395747,840,A168_HF9F_20260827_0900,2026-08-27 09:00:00
2026-06-26,150107794,1384,0,21.3945952683,-2.9080032403,-2.9080032403,0.5000000,5,5,0.50128862000000000,0.501288620000,-0.0051544971185412255,-0.0051544971185412255,-0.0051544971185412255,0E-17,ELIGIBLE,R03b_20260811_FULL_v1,L1_ELIGIBILITY,v2026-08-11,2026-03-21..2026-08-06,baccarat_bet02_101_all_pairs_incl_sentinel,round_win = game_pnl > 0 (decisive only),COMPATIBILITY_ONLY_NOT_PRODUCTION,39187.2093,35396.6747,483.0410,8363,6242,-0.01232650,-0.05216444,-0.01154840,-0.01232650,-483.0410,39187.2093,OK,0.0000,19.3216,4.0000,96.0000,AG03-UNRESOLVED,ALL5_LEVELS_bet23_to_bet27,19.3216,19.3216,19.3216,0.0000,0.0000,4.000000,4.000000,4.000000,0.000000,0.000000,96.000000,96.000000,96.000000,100.000000,100.000000,5.0,57.9649,55.6772,425.0761,427.3638,PENDING_AG03,FALSE,NOT_FOR_ENFORCEMENT,463.7194,33980.8077,483.0410,463.7194,19.3216,0.01232650,0.01183344,19.3216,463.7194,0.01183344,19.3216,19.3216,19.3216,0.0000,0.0000,463.7194,0.01183344,57.9649,55.6772,425.0761,427.3638,0.01084732,0.0109057,0.00049306,4.6858,5.6707,0.0774,15.5820,0.2688,1264.1035,201.3548,4.5499,4.6885,2.0771,4.1543,6.1317,8.4025,10.5031,18.5864,3.9466,-2.0771,2.528253,4.474023,1.127938,29,192,48,6,0.01915741,0.01232650,0.05216444,0E-8,0.000000,0.903271,0.017936,-0.04061604,2026-05-16,2026-07-20,31,1797,733,66,0.469697,0.970424,0.970991,0.063858,,,,,,,,GLOBAL_BASELINE_NO_ENTITY_RANKING,,,NOT_APPLICABLE_GLOBAL_BASELINE,HF9g-P5,,,,X 全窗基线 · 不参与实体赏罚,8395748,840,A168_HF9F_20260827_0900,2026-08-27 09:00:00
2026-06-26,150107794,1385,0,42.7891905367,-18.4865920280,-18.4865920280,0.2222222,9,9,0.45490973333333333,0.454909733333,-1.4018369428829462,-1.401836942881023,-1.4018369428829462,3.3333E-13,ELIGIBLE,R03b_20260811_FULL_v1,L1_ELIGIBILITY,v2026-08-11,2026-03-21..2026-08-06,baccarat_bet02_101_all_pairs_incl_sentinel,round_win = game_pnl > 0 (decisive only),COMPATIBILITY_ONLY_NOT_PRODUCTION,39187.2093,35396.6747,483.0410,8363,6242,-0.01232650,-0.05216444,-0.01154840,-0.01232650,-483.0410,39187.2093,OK,0.0000,19.3216,4.0000,96.0000,AG03-UNRESOLVED,ALL5_LEVELS_bet23_to_bet27,19.3216,19.3216,19.3216,0.0000,0.0000,4.000000,4.000000,4.000000,0.000000,0.000000,96.000000,96.000000,96.000000,100.000000,100.000000,5.0,57.9649,55.6772,425.0761,427.3638,PENDING_AG03,FALSE,NOT_FOR_ENFORCEMENT,463.7194,33980.8077,483.0410,463.7194,19.3216,0.01232650,0.01183344,19.3216,463.7194,0.01183344,19.3216,19.3216,19.3216,0.0000,0.0000,463.7194,0.01183344,57.9649,55.6772,425.0761,427.3638,0.01084732,0.0109057,0.00049306,4.6858,5.6707,0.0774,15.5820,0.2688,1264.1035,201.3548,4.5499,4.6885,2.0771,4.1543,6.1317,8.4025,10.5031,18.5864,3.9466,-2.0771,2.528253,4.474023,1.127938,29,192,48,6,0.01915741,0.01232650,0.05216444,0E-8,0.000000,0.903271,0.017936,-0.04061604,2026-05-16,2026-07-20,31,1797,733,66,0.469697,0.970424,0.970991,0.063858,,,,,,,,GLOBAL_BASELINE_NO_ENTITY_RANKING,,,NOT_APPLICABLE_GLOBAL_BASELINE,HF9g-P5,,,,X 全窗基线 · 不参与实体赏罚,8395749,840,A168_HF9F_20260827_0900,2026-08-27 09:00:00
2026-06-26,150107794,1400,0,6.2314355151,-2.0771451717,-2.0771451717,0.5000000,2,2,0.49324550000000000,0.493245500000,0.01910635448239258,0.01910635448239258,0.01910635448239258,0E-17,ELIGIBLE,R03b_20260811_FULL_v1,L1_ELIGIBILITY,v2026-08-11,2026-03-21..2026-08-06,baccarat_bet02_101_all_pairs_incl_sentinel,round_win = game_pnl > 0 (decisive only),COMPATIBILITY_ONLY_NOT_PRODUCTION,39187.2093,35396.6747,483.0410,8363,6242,-0.01232650,-0.05216444,-0.01154840,-0.01232650,-483.0410,39187.2093,OK,0.0000,19.3216,4.0000,96.0000,AG03-UNRESOLVED,ALL5_LEVELS_bet23_to_bet27,19.3216,19.3216,19.3216,0.0000,0.0000,4.000000,4.000000,4.000000,0.000000,0.000000,96.000000,96.000000,96.000000,100.000000,100.000000,5.0,57.9649,55.6772,425.0761,427.3638,PENDING_AG03,FALSE,NOT_FOR_ENFORCEMENT,463.7194,33980.8077,483.0410,463.7194,19.3216,0.01232650,0.01183344,19.3216,463.7194,0.01183344,19.3216,19.3216,19.3216,0.0000,0.0000,463.7194,0.01183344,57.9649,55.6772,425.0761,427.3638,0.01084732,0.0109057,0.00049306,4.6858,5.6707,0.0774,15.5820,0.2688,1264.1035,201.3548,4.5499,4.6885,2.0771,4.1543,6.1317,8.4025,10.5031,18.5864,3.9466,-2.0771,2.528253,4.474023,1.127938,29,192,48,6,0.01915741,0.01232650,0.05216444,0E-8,0.000000,0.903271,0.017936,-0.04061604,2026-05-16,2026-07-20,31,1797,733,66,0.469697,0.970424,0.970991,0.063858,,,,,,,,GLOBAL_BASELINE_NO_ENTITY_RANKING,,,NOT_APPLICABLE_GLOBAL_BASELINE,HF9g-P5,,,,X 全窗基线 · 不参与实体赏罚,8395750,840,A168_HF9F_20260827_0900,2026-08-27 09:00:00
2026-06-26,150107794,1509,0,21.8100243027,0.8308580687,0.8308580687,0.6000000,6,5,0.47582799714270047,0.458743310000,0.5559641424485616,0.6338806827047159,0.5559641424485616,0.01708468714270047,ELIGIBLE,R03b_20260811_FULL_v1,L1_ELIGIBILITY,v2026-08-11,2026-03-21..2026-08-06,baccarat_bet02_101_all_pairs_incl_sentinel,round_win = game_pnl > 0 (decisive only),COMPATIBILITY_ONLY_NOT_PRODUCTION,39187.2093,35396.6747,483.0410,8363,6242,-0.01232650,-0.05216444,-0.01154840,-0.01232650,-483.0410,39187.2093,OK,0.0000,19.3216,4.0000,96.0000,AG03-UNRESOLVED,ALL5_LEVELS_bet23_to_bet27,19.3216,19.3216,19.3216,0.0000,0.0000,4.000000,4.000000,4.000000,0.000000,0.000000,96.000000,96.000000,96.000000,100.000000,100.000000,5.0,57.9649,55.6772,425.0761,427.3638,PENDING_AG03,FALSE,NOT_FOR_ENFORCEMENT,463.7194,33980.8077,483.0410,463.7194,19.3216,0.01232650,0.01183344,19.3216,463.7194,0.01183344,19.3216,19.3216,19.3216,0.0000,0.0000,463.7194,0.01183344,57.9649,55.6772,425.0761,427.3638,0.01084732,0.0109057,0.00049306,4.6858,5.6707,0.0774,15.5820,0.2688,1264.1035,201.3548,4.5499,4.6885,2.0771,4.1543,6.1317,8.4025,10.5031,18.5864,3.9466,-2.0771,2.528253,4.474023,1.127938,29,192,48,6,0.01915741,0.01232650,0.05216444,0E-8,0.000000,0.903271,0.017936,-0.04061604,2026-05-16,2026-07-20,31,1797,733,66,0.469697,0.970424,0.970991,0.063858,,,,,,,,GLOBAL_BASELINE_NO_ENTITY_RANKING,,,NOT_APPLICABLE_GLOBAL_BASELINE,HF9g-P5,,,,X 全窗基线 · 不参与实体赏罚,8395751,840,A168_HF9F_20260827_0900,2026-08-27 09:00:00
2026-06-26,150107794,1654,0,29.7031759552,3.3234322746,3.3234322746,0.6666667,8,6,0.45597803749980009,0.427922150000,1.036183192976708,1.1819499349330314,1.036183192976708,0.02805588749980009,ELIGIBLE,R03b_20260811_FULL_v1,L1_ELIGIBILITY,v2026-08-11,2026-03-21..2026-08-06,baccarat_bet02_101_all_pairs_incl_sentinel,round_win = game_pnl > 0 (decisive only),COMPATIBILITY_ONLY_NOT_PRODUCTION,39187.2093,35396.6747,483.0410,8363,6242,-0.01232650,-0.05216444,-0.01154840,-0.01232650,-483.0410,39187.2093,OK,0.0000,19.3216,4.0000,96.0000,AG03-UNRESOLVED,ALL5_LEVELS_bet23_to_bet27,19.3216,19.3216,19.3216,0.0000,0.0000,4.000000,4.000000,4.000000,0.000000,0.000000,96.000000,96.000000,96.000000,100.000000,100.000000,5.0,57.9649,55.6772,425.0761,427.3638,PENDING_AG03,FALSE,NOT_FOR_ENFORCEMENT,463.7194,33980.8077,483.0410,463.7194,19.3216,0.01232650,0.01183344,19.3216,463.7194,0.01183344,19.3216,19.3216,19.3216,0.0000,0.0000,463.7194,0.01183344,57.9649,55.6772,425.0761,427.3638,0.01084732,0.0109057,0.00049306,4.6858,5.6707,0.0774,15.5820,0.2688,1264.1035,201.3548,4.5499,4.6885,2.0771,4.1543,6.1317,8.4025,10.5031,18.5864,3.9466,-2.0771,2.528253,4.474023,1.127938,29,192,48,6,0.01915741,0.01232650,0.05216444,0E-8,0.000000,0.903271,0.017936,-0.04061604,2026-05-16,2026-07-20,31,1797,733,66,0.469697,0.970424,0.970991,0.063858,,,,,,,,GLOBAL_BASELINE_NO_ENTITY_RANKING,,,NOT_APPLICABLE_GLOBAL_BASELINE,HF9g-P5,,,,X 全窗基线 · 不参与实体赏罚,8395752,840,A168_HF9F_20260827_0900,2026-08-27 09:00:00
2026-06-26,150107794,1704,0,22.2254533371,2.2848596889,2.2848596889,0.8000000,5,5,0.49860758000000000,0.498607580000,1.3478731046594083,1.3478731046594083,1.3478731046594083,0E-17,ELIGIBLE,R03b_20260811_FULL_v1,L1_ELIGIBILITY,v2026-08-11,2026-03-21..2026-08-06,baccarat_bet02_101_all_pairs_incl_sentinel,round_win = game_pnl > 0 (decisive only),COMPATIBILITY_ONLY_NOT_PRODUCTION,39187.2093,35396.6747,483.0410,8363,6242,-0.01232650,-0.05216444,-0.01154840,-0.01232650,-483.0410,39187.2093,OK,0.0000,19.3216,4.0000,96.0000,AG03-UNRESOLVED,ALL5_LEVELS_bet23_to_bet27,19.3216,19.3216,19.3216,0.0000,0.0000,4.000000,4.000000,4.000000,0.000000,0.000000,96.000000,96.000000,96.000000,100.000000,100.000000,5.0,57.9649,55.6772,425.0761,427.3638,PENDING_AG03,FALSE,NOT_FOR_ENFORCEMENT,463.7194,33980.8077,483.0410,463.7194,19.3216,0.01232650,0.01183344,19.3216,463.7194,0.01183344,19.3216,19.3216,19.3216,0.0000,0.0000,463.7194,0.01183344,57.9649,55.6772,425.0761,427.3638,0.01084732,0.0109057,0.00049306,4.6858,5.6707,0.0774,15.5820,0.2688,1264.1035,201.3548,4.5499,4.6885,2.0771,4.1543,6.1317,8.4025,10.5031,18.5864,3.9466,-2.0771,2.528253,4.474023,1.127938,29,192,48,6,0.01915741,0.01232650,0.05216444,0E-8,0.000000,0.903271,0.017936,-0.04061604,2026-05-16,2026-07-20,31,1797,733,66,0.469697,0.970424,0.970991,0.063858,,,,,,,,GLOBAL_BASELINE_NO_ENTITY_RANKING,,,NOT_APPLICABLE_GLOBAL_BASELINE,HF9g-P5,,,,X 全窗基线 · 不参与实体赏罚,8395753,840,A168_HF9F_20260827_0900,2026-08-27 09:00:00
2026-06-26,150107794,1941,0,28.0414598177,12.1512992543,12.1512992543,0.8000000,7,6,0.47154038939399814,0.464493675000,1.4713013272501603,1.5042274492091772,1.4713013272501603,0.00704671439399814,ELIGIBLE,R03b_20260811_FULL_v1,L1_ELIGIBILITY,v2026-08-11,2026-03-21..2026-08-06,baccarat_bet02_101_all_pairs_incl_sentinel,round_win = game_pnl > 0 (decisive only),COMPATIBILITY_ONLY_NOT_PRODUCTION,39187.2093,35396.6747,483.0410,8363,6242,-0.01232650,-0.05216444,-0.01154840,-0.01232650,-483.0410,39187.2093,OK,0.0000,19.3216,4.0000,96.0000,AG03-UNRESOLVED,ALL5_LEVELS_bet23_to_bet27,19.3216,19.3216,19.3216,0.0000,0.0000,4.000000,4.000000,4.000000,0.000000,0.000000,96.000000,96.000000,96.000000,100.000000,100.000000,5.0,57.9649,55.6772,425.0761,427.3638,PENDING_AG03,FALSE,NOT_FOR_ENFORCEMENT,463.7194,33980.8077,483.0410,463.7194,19.3216,0.01232650,0.01183344,19.3216,463.7194,0.01183344,19.3216,19.3216,19.3216,0.0000,0.0000,463.7194,0.01183344,57.9649,55.6772,425.0761,427.3638,0.01084732,0.0109057,0.00049306,4.6858,5.6707,0.0774,15.5820,0.2688,1264.1035,201.3548,4.5499,4.6885,2.0771,4.1543,6.1317,8.4025,10.5031,18.5864,3.9466,-2.0771,2.528253,4.474023,1.127938,29,192,48,6,0.01915741,0.01232650,0.05216444,0E-8,0.000000,0.903271,0.017936,-0.04061604,2026-05-16,2026-07-20,31,1797,733,66,0.469697,0.970424,0.970991,0.063858,,,,,,,,GLOBAL_BASELINE_NO_ENTITY_RANKING,,,NOT_APPLICABLE_GLOBAL_BASELINE,HF9g-P5,,,,X 全窗基线 · 不参与实体赏罚,8395754,840,A168_HF9F_20260827_0900,2026-08-27 09:00:00
2026-06-26,150107794,1942,0,18.9020210623,-8.7759383504,-8.7759383504,0.2500000,5,4,0.46896207500000000,0.451793412500,-0.8775406944964044,-0.8109515500592663,-0.8775406944964044,0.01716866250000000,ELIGIBLE,R03b_20260811_FULL_v1,L1_ELIGIBILITY,v2026-08-11,2026-03-21..2026-08-06,baccarat_bet02_101_all_pairs_incl_sentinel,round_win = game_pnl > 0 (decisive only),COMPATIBILITY_ONLY_NOT_PRODUCTION,39187.2093,35396.6747,483.0410,8363,6242,-0.01232650,-0.05216444,-0.01154840,-0.01232650,-483.0410,39187.2093,OK,0.0000,19.3216,4.0000,96.0000,AG03-UNRESOLVED,ALL5_LEVELS_bet23_to_bet27,19.3216,19.3216,19.3216,0.0000,0.0000,4.000000,4.000000,4.000000,0.000000,0.000000,96.000000,96.000000,96.000000,100.000000,100.000000,5.0,57.9649,55.6772,425.0761,427.3638,PENDING_AG03,FALSE,NOT_FOR_ENFORCEMENT,463.7194,33980.8077,483.0410,463.7194,19.3216,0.01232650,0.01183344,19.3216,463.7194,0.01183344,19.3216,19.3216,19.3216,0.0000,0.0000,463.7194,0.01183344,57.9649,55.6772,425.0761,427.3638,0.01084732,0.0109057,0.00049306,4.6858,5.6707,0.0774,15.5820,0.2688,1264.1035,201.3548,4.5499,4.6885,2.0771,4.1543,6.1317,8.4025,10.5031,18.5864,3.9466,-2.0771,2.528253,4.474023,1.127938,29,192,48,6,0.01915741,0.01232650,0.05216444,0E-8,0.000000,0.903271,0.017936,-0.04061604,2026-05-16,2026-07-20,31,1797,733,66,0.469697,0.970424,0.970991,0.063858,,,,,,,,GLOBAL_BASELINE_NO_ENTITY_RANKING,,,NOT_APPLICABLE_GLOBAL_BASELINE,HF9g-P5,,,,X 全窗基线 · 不参与实体赏罚,8395755,840,A168_HF9F_20260827_0900,2026-08-27 09:00:00
2026-06-26,150107794,1993,0,7.0622935837,-7.0622935837,-7.0622935837,0E-7,2,1,0.36427286176719618,0.293924150000,-0.7569688935391424,-0.6451964315166089,-0.7569688935391424,0.07034871176719618,ELIGIBLE,R03b_20260811_FULL_v1,L1_ELIGIBILITY,v2026-08-11,2026-03-21..2026-08-06,baccarat_bet02_101_all_pairs_incl_sentinel,round_win = game_pnl > 0 (decisive only),COMPATIBILITY_ONLY_NOT_PRODUCTION,39187.2093,35396.6747,483.0410,8363,6242,-0.01232650,-0.05216444,-0.01154840,-0.01232650,-483.0410,39187.2093,OK,0.0000,19.3216,4.0000,96.0000,AG03-UNRESOLVED,ALL5_LEVELS_bet23_to_bet27,19.3216,19.3216,19.3216,0.0000,0.0000,4.000000,4.000000,4.000000,0.000000,0.000000,96.000000,96.000000,96.000000,100.000000,100.000000,5.0,57.9649,55.6772,425.0761,427.3638,PENDING_AG03,FALSE,NOT_FOR_ENFORCEMENT,463.7194,33980.8077,483.0410,463.7194,19.3216,0.01232650,0.01183344,19.3216,463.7194,0.01183344,19.3216,19.3216,19.3216,0.0000,0.0000,463.7194,0.01183344,57.9649,55.6772,425.0761,427.3638,0.01084732,0.0109057,0.00049306,4.6858,5.6707,0.0774,15.5820,0.2688,1264.1035,201.3548,4.5499,4.6885,2.0771,4.1543,6.1317,8.4025,10.5031,18.5864,3.9466,-2.0771,2.528253,4.474023,1.127938,29,192,48,6,0.01915741,0.01232650,0.05216444,0E-8,0.000000,0.903271,0.017936,-0.04061604,2026-05-16,2026-07-20,31,1797,733,66,0.469697,0.970424,0.970991,0.063858,,,,,,,,GLOBAL_BASELINE_NO_ENTITY_RANKING,,,NOT_APPLICABLE_GLOBAL_BASELINE,HF9g-P5,,,,X 全窗基线 · 不参与实体赏罚,8395756,840,A168_HF9F_20260827_0900,2026-08-27 09:00:00
2026-06-26,150107794,2106,0,31.7803211268,-15.4747315291,-15.4747315291,0.2000000,8,6,0.44234685833333333,0.431273450000,-1.0910856553647201,-1.044197545837518,-1.0910856553647201,0.01107340833333333,ELIGIBLE,R03b_20260811_FULL_v1,L1_ELIGIBILITY,v2026-08-11,2026-03-21..2026-08-06,baccarat_bet02_101_all_pairs_incl_sentinel,round_win = game_pnl > 0 (decisive only),COMPATIBILITY_ONLY_NOT_PRODUCTION,39187.2093,35396.6747,483.0410,8363,6242,-0.01232650,-0.05216444,-0.01154840,-0.01232650,-483.0410,39187.2093,OK,0.0000,19.3216,4.0000,96.0000,AG03-UNRESOLVED,ALL5_LEVELS_bet23_to_bet27,19.3216,19.3216,19.3216,0.0000,0.0000,4.000000,4.000000,4.000000,0.000000,0.000000,96.000000,96.000000,96.000000,100.000000,100.000000,5.0,57.9649,55.6772,425.0761,427.3638,PENDING_AG03,FALSE,NOT_FOR_ENFORCEMENT,463.7194,33980.8077,483.0410,463.7194,19.3216,0.01232650,0.01183344,19.3216,463.7194,0.01183344,19.3216,19.3216,19.3216,0.0000,0.0000,463.7194,0.01183344,57.9649,55.6772,425.0761,427.3638,0.01084732,0.0109057,0.00049306,4.6858,5.6707,0.0774,15.5820,0.2688,1264.1035,201.3548,4.5499,4.6885,2.0771,4.1543,6.1317,8.4025,10.5031,18.5864,3.9466,-2.0771,2.528253,4.474023,1.127938,29,192,48,6,0.01915741,0.01232650,0.05216444,0E-8,0.000000,0.903271,0.017936,-0.04061604,2026-05-16,2026-07-20,31,1797,733,66,0.469697,0.970424,0.970991,0.063858,,,,,,,,GLOBAL_BASELINE_NO_ENTITY_RANKING,,,NOT_APPLICABLE_GLOBAL_BASELINE,HF9g-P5,,,,X 全窗基线 · 不参与实体赏罚,8395757,840,A168_HF9F_20260827_0900,2026-08-27 09:00:00
2026-06-26,150107794,2117,0,67.7149325972,-35.9553829220,-35.9553829220,0.3333333,21,15,0.44011076320502300,0.417985360000,-0.7451402651450508,-0.5945391983046897,-0.7451402651450508,0.02212540320502300,ELIGIBLE,R03b_20260811_FULL_v1,L1_ELIGIBILITY,v2026-08-11,2026-03-21..2026-08-06,baccarat_bet02_101_all_pairs_incl_sentinel,round_win = game_pnl > 0 (decisive only),COMPATIBILITY_ONLY_NOT_PRODUCTION,39187.2093,35396.6747,483.0410,8363,6242,-0.01232650,-0.05216444,-0.01154840,-0.01232650,-483.0410,39187.2093,OK,0.0000,19.3216,4.0000,96.0000,AG03-UNRESOLVED,ALL5_LEVELS_bet23_to_bet27,19.3216,19.3216,19.3216,0.0000,0.0000,4.000000,4.000000,4.000000,0.000000,0.000000,96.000000,96.000000,96.000000,100.000000,100.000000,5.0,57.9649,55.6772,425.0761,427.3638,PENDING_AG03,FALSE,NOT_FOR_ENFORCEMENT,463.7194,33980.8077,483.0410,463.7194,19.3216,0.01232650,0.01183344,19.3216,463.7194,0.01183344,19.3216,19.3216,19.3216,0.0000,0.0000,463.7194,0.01183344,57.9649,55.6772,425.0761,427.3638,0.01084732,0.0109057,0.00049306,4.6858,5.6707,0.0774,15.5820,0.2688,1264.1035,201.3548,4.5499,4.6885,2.0771,4.1543,6.1317,8.4025,10.5031,18.5864,3.9466,-2.0771,2.528253,4.474023,1.127938,29,192,48,6,0.01915741,0.01232650,0.05216444,0E-8,0.000000,0.903271,0.017936,-0.04061604,2026-05-16,2026-07-20,31,1797,733,66,0.469697,0.970424,0.970991,0.063858,,,,,,,,GLOBAL_BASELINE_NO_ENTITY_RANKING,,,NOT_APPLICABLE_GLOBAL_BASELINE,HF9g-P5,,,,X 全窗基线 · 不参与实体赏罚,8395758,840,A168_HF9F_20260827_0900,2026-08-27 09:00:00
2026-06-26,150107794,2127,0,8.3085806868,-4.1542903434,-4.1542903434,0.3333333,3,3,0.35372576666666667,0.353725766667,-0.07387336971518593,-0.07387336971637769,-0.07387336971518593,-3.3333E-13,ELIGIBLE,R03b_20260811_FULL_v1,L1_ELIGIBILITY,v2026-08-11,2026-03-21..2026-08-06,baccarat_bet02_101_all_pairs_incl_sentinel,round_win = game_pnl > 0 (decisive only),COMPATIBILITY_ONLY_NOT_PRODUCTION,39187.2093,35396.6747,483.0410,8363,6242,-0.01232650,-0.05216444,-0.01154840,-0.01232650,-483.0410,39187.2093,OK,0.0000,19.3216,4.0000,96.0000,AG03-UNRESOLVED,ALL5_LEVELS_bet23_to_bet27,19.3216,19.3216,19.3216,0.0000,0.0000,4.000000,4.000000,4.000000,0.000000,0.000000,96.000000,96.000000,96.000000,100.000000,100.000000,5.0,57.9649,55.6772,425.0761,427.3638,PENDING_AG03,FALSE,NOT_FOR_ENFORCEMENT,463.7194,33980.8077,483.0410,463.7194,19.3216,0.01232650,0.01183344,19.3216,463.7194,0.01183344,19.3216,19.3216,19.3216,0.0000,0.0000,463.7194,0.01183344,57.9649,55.6772,425.0761,427.3638,0.01084732,0.0109057,0.00049306,4.6858,5.6707,0.0774,15.5820,0.2688,1264.1035,201.3548,4.5499,4.6885,2.0771,4.1543,6.1317,8.4025,10.5031,18.5864,3.9466,-2.0771,2.528253,4.474023,1.127938,29,192,48,6,0.01915741,0.01232650,0.05216444,0E-8,0.000000,0.903271,0.017936,-0.04061604,2026-05-16,2026-07-20,31,1797,733,66,0.469697,0.970424,0.970991,0.063858,,,,,,,,GLOBAL_BASELINE_NO_ENTITY_RANKING,,,NOT_APPLICABLE_GLOBAL_BASELINE,HF9g-P5,,,,X 全窗基线 · 不参与实体赏罚,8395759,840,A168_HF9F_20260827_0900,2026-08-27 09:00:00
2026-06-26,150107794,2129,0,3.9465758262,-3.9465758262,-3.9465758262,0E-7,1,1,0.50665070000000000,0.506650700000,-1.013391052207602,-1.013391052207602,-1.013391052207602,0E-17,ELIGIBLE,R03b_20260811_FULL_v1,L1_ELIGIBILITY,v2026-08-11,2026-03-21..2026-08-06,baccarat_bet02_101_all_pairs_incl_sentinel,round_win = game_pnl > 0 (decisive only),COMPATIBILITY_ONLY_NOT_PRODUCTION,39187.2093,35396.6747,483.0410,8363,6242,-0.01232650,-0.05216444,-0.01154840,-0.01232650,-483.0410,39187.2093,OK,0.0000,19.3216,4.0000,96.0000,AG03-UNRESOLVED,ALL5_LEVELS_bet23_to_bet27,19.3216,19.3216,19.3216,0.0000,0.0000,4.000000,4.000000,4.000000,0.000000,0.000000,96.000000,96.000000,96.000000,100.000000,100.000000,5.0,57.9649,55.6772,425.0761,427.3638,PENDING_AG03,FALSE,NOT_FOR_ENFORCEMENT,463.7194,33980.8077,483.0410,463.7194,19.3216,0.01232650,0.01183344,19.3216,463.7194,0.01183344,19.3216,19.3216,19.3216,0.0000,0.0000,463.7194,0.01183344,57.9649,55.6772,425.0761,427.3638,0.01084732,0.0109057,0.00049306,4.6858,5.6707,0.0774,15.5820,0.2688,1264.1035,201.3548,4.5499,4.6885,2.0771,4.1543,6.1317,8.4025,10.5031,18.5864,3.9466,-2.0771,2.528253,4.474023,1.127938,29,192,48,6,0.01915741,0.01232650,0.05216444,0E-8,0.000000,0.903271,0.017936,-0.04061604,2026-05-16,2026-07-20,31,1797,733,66,0.469697,0.970424,0.970991,0.063858,,,,,,,,GLOBAL_BASELINE_NO_ENTITY_RANKING,,,NOT_APPLICABLE_GLOBAL_BASELINE,HF9g-P5,,,,X 全窗基线 · 不参与实体赏罚,8395760,840,A168_HF9F_20260827_0900,2026-08-27 09:00:00
2026-06-26,150107794,2130,0,32.8188937127,19.0266497725,19.0266497725,0.8571429,8,7,0.48702937142857143,0.477218707143,1.959115783409973,2.0124596031330295,1.959115783409973,0.00981066428557143,ELIGIBLE,R03b_20260811_FULL_v1,L1_ELIGIBILITY,v2026-08-11,2026-03-21..2026-08-06,baccarat_bet02_101_all_pairs_incl_sentinel,round_win = game_pnl > 0 (decisive only),COMPATIBILITY_ONLY_NOT_PRODUCTION,39187.2093,35396.6747,483.0410,8363,6242,-0.01232650,-0.05216444,-0.01154840,-0.01232650,-483.0410,39187.2093,OK,0.0000,19.3216,4.0000,96.0000,AG03-UNRESOLVED,ALL5_LEVELS_bet23_to_bet27,19.3216,19.3216,19.3216,0.0000,0.0000,4.000000,4.000000,4.000000,0.000000,0.000000,96.000000,96.000000,96.000000,100.000000,100.000000,5.0,57.9649,55.6772,425.0761,427.3638,PENDING_AG03,FALSE,NOT_FOR_ENFORCEMENT,463.7194,33980.8077,483.0410,463.7194,19.3216,0.01232650,0.01183344,19.3216,463.7194,0.01183344,19.3216,19.3216,19.3216,0.0000,0.0000,463.7194,0.01183344,57.9649,55.6772,425.0761,427.3638,0.01084732,0.0109057,0.00049306,4.6858,5.6707,0.0774,15.5820,0.2688,1264.1035,201.3548,4.5499,4.6885,2.0771,4.1543,6.1317,8.4025,10.5031,18.5864,3.9466,-2.0771,2.528253,4.474023,1.127938,29,192,48,6,0.01915741,0.01232650,0.05216444,0E-8,0.000000,0.903271,0.017936,-0.04061604,2026-05-16,2026-07-20,31,1797,733,66,0.469697,0.970424,0.970991,0.063858,,,,,,,,GLOBAL_BASELINE_NO_ENTITY_RANKING,,,NOT_APPLICABLE_GLOBAL_BASELINE,HF9g-P5,,,,X 全窗基线 · 不参与实体赏罚,8395761,840,A168_HF9F_20260827_0900,2026-08-27 09:00:00
2026-06-26,150107794,2141,0,20.7714517167,0.5192862929,0.5192862929,0.5000000,7,6,0.47556708333365643,0.464493675000,0.11983952361924338,0.17438500755623051,0.11983952361924338,0.01107340833365643,ELIGIBLE,R03b_20260811_FULL_v1,L1_ELIGIBILITY,v2026-08-11,2026-03-21..2026-08-06,baccarat_bet02_101_all_pairs_incl_sentinel,round_win = game_pnl > 0 (decisive only),COMPATIBILITY_ONLY_NOT_PRODUCTION,39187.2093,35396.6747,483.0410,8363,6242,-0.01232650,-0.05216444,-0.01154840,-0.01232650,-483.0410,39187.2093,OK,0.0000,19.3216,4.0000,96.0000,AG03-UNRESOLVED,ALL5_LEVELS_bet23_to_bet27,19.3216,19.3216,19.3216,0.0000,0.0000,4.000000,4.000000,4.000000,0.000000,0.000000,96.000000,96.000000,96.000000,100.000000,100.000000,5.0,57.9649,55.6772,425.0761,427.3638,PENDING_AG03,FALSE,NOT_FOR_ENFORCEMENT,463.7194,33980.8077,483.0410,463.7194,19.3216,0.01232650,0.01183344,19.3216,463.7194,0.01183344,19.3216,19.3216,19.3216,0.0000,0.0000,463.7194,0.01183344,57.9649,55.6772,425.0761,427.3638,0.01084732,0.0109057,0.00049306,4.6858,5.6707,0.0774,15.5820,0.2688,1264.1035,201.3548,4.5499,4.6885,2.0771,4.1543,6.1317,8.4025,10.5031,18.5864,3.9466,-2.0771,2.528253,4.474023,1.127938,29,192,48,6,0.01915741,0.01232650,0.05216444,0E-8,0.000000,0.903271,0.017936,-0.04061604,2026-05-16,2026-07-20,31,1797,733,66,0.469697,0.970424,0.970991,0.063858,,,,,,,,GLOBAL_BASELINE_NO_ENTITY_RANKING,,,NOT_APPLICABLE_GLOBAL_BASELINE,HF9g-P5,,,,X 全窗基线 · 不参与实体赏罚,8395762,840,A168_HF9F_20260827_0900,2026-08-27 09:00:00
2026-06-26,150107794,2145,0,92.8483891741,9.0978958518,9.0978958518,0.5625000,21,17,0.47276338371433273,0.452260417647,0.7189604202876739,0.8859642497289619,0.7189604202876739,0.02050296606733273,ELIGIBLE,R03b_20260811_FULL_v1,L1_ELIGIBILITY,v2026-08-11,2026-03-21..2026-08-06,baccarat_bet02_101_all_pairs_incl_sentinel,round_win = game_pnl > 0 (decisive only),COMPATIBILITY_ONLY_NOT_PRODUCTION,39187.2093,35396.6747,483.0410,8363,6242,-0.01232650,-0.05216444,-0.01154840,-0.01232650,-483.0410,39187.2093,OK,0.0000,19.3216,4.0000,96.0000,AG03-UNRESOLVED,ALL5_LEVELS_bet23_to_bet27,19.3216,19.3216,19.3216,0.0000,0.0000,4.000000,4.000000,4.000000,0.000000,0.000000,96.000000,96.000000,96.000000,100.000000,100.000000,5.0,57.9649,55.6772,425.0761,427.3638,PENDING_AG03,FALSE,NOT_FOR_ENFORCEMENT,463.7194,33980.8077,483.0410,463.7194,19.3216,0.01232650,0.01183344,19.3216,463.7194,0.01183344,19.3216,19.3216,19.3216,0.0000,0.0000,463.7194,0.01183344,57.9649,55.6772,425.0761,427.3638,0.01084732,0.0109057,0.00049306,4.6858,5.6707,0.0774,15.5820,0.2688,1264.1035,201.3548,4.5499,4.6885,2.0771,4.1543,6.1317,8.4025,10.5031,18.5864,3.9466,-2.0771,2.528253,4.474023,1.127938,29,192,48,6,0.01915741,0.01232650,0.05216444,0E-8,0.000000,0.903271,0.017936,-0.04061604,2026-05-16,2026-07-20,31,1797,733,66,0.469697,0.970424,0.970991,0.063858,,,,,,,,GLOBAL_BASELINE_NO_ENTITY_RANKING,,,NOT_APPLICABLE_GLOBAL_BASELINE,HF9g-P5,,,,X 全窗基线 · 不参与实体赏罚,8395763,840,A168_HF9F_20260827_0900,2026-08-27 09:00:00
2026-06-26,150107794,2170,0,4.1542903434,4.0504330848,4.0504330848,1.0000000,2,2,0.49994810000000000,0.499948100000,1.4143603653603398,1.4143603653603398,1.4143603653603398,0E-17,ELIGIBLE,R03b_20260811_FULL_v1,L1_ELIGIBILITY,v2026-08-11,2026-03-21..2026-08-06,baccarat_bet02_101_all_pairs_incl_sentinel,round_win = game_pnl > 0 (decisive only),COMPATIBILITY_ONLY_NOT_PRODUCTION,39187.2093,35396.6747,483.0410,8363,6242,-0.01232650,-0.05216444,-0.01154840,-0.01232650,-483.0410,39187.2093,OK,0.0000,19.3216,4.0000,96.0000,AG03-UNRESOLVED,ALL5_LEVELS_bet23_to_bet27,19.3216,19.3216,19.3216,0.0000,0.0000,4.000000,4.000000,4.000000,0.000000,0.000000,96.000000,96.000000,96.000000,100.000000,100.000000,5.0,57.9649,55.6772,425.0761,427.3638,PENDING_AG03,FALSE,NOT_FOR_ENFORCEMENT,463.7194,33980.8077,483.0410,463.7194,19.3216,0.01232650,0.01183344,19.3216,463.7194,0.01183344,19.3216,19.3216,19.3216,0.0000,0.0000,463.7194,0.01183344,57.9649,55.6772,425.0761,427.3638,0.01084732,0.0109057,0.00049306,4.6858,5.6707,0.0774,15.5820,0.2688,1264.1035,201.3548,4.5499,4.6885,2.0771,4.1543,6.1317,8.4025,10.5031,18.5864,3.9466,-2.0771,2.528253,4.474023,1.127938,29,192,48,6,0.01915741,0.01232650,0.05216444,0E-8,0.000000,0.903271,0.017936,-0.04061604,2026-05-16,2026-07-20,31,1797,733,66,0.469697,0.970424,0.970991,0.063858,,,,,,,,GLOBAL_BASELINE_NO_ENTITY_RANKING,,,NOT_APPLICABLE_GLOBAL_BASELINE,HF9g-P5,,,,X 全窗基线 · 不参与实体赏罚,8395764,840,A168_HF9F_20260827_0900,2026-08-27 09:00:00
2026-06-26,150107794,2171,0,96.7949650004,13.6053008744,13.6053008744,0.5714286,23,17,0.45705302171420490,0.428022305882,0.8590831674951349,1.0844496597421431,0.8590831674951349,0.02903071583220490,ELIGIBLE,R03b_20260811_FULL_v1,L1_ELIGIBILITY,v2026-08-11,2026-03-21..2026-08-06,baccarat_bet02_101_all_pairs_incl_sentinel,round_win = game_pnl > 0 (decisive only),COMPATIBILITY_ONLY_NOT_PRODUCTION,39187.2093,35396.6747,483.0410,8363,6242,-0.01232650,-0.05216444,-0.01154840,-0.01232650,-483.0410,39187.2093,OK,0.0000,19.3216,4.0000,96.0000,AG03-UNRESOLVED,ALL5_LEVELS_bet23_to_bet27,19.3216,19.3216,19.3216,0.0000,0.0000,4.000000,4.000000,4.000000,0.000000,0.000000,96.000000,96.000000,96.000000,100.000000,100.000000,5.0,57.9649,55.6772,425.0761,427.3638,PENDING_AG03,FALSE,NOT_FOR_ENFORCEMENT,463.7194,33980.8077,483.0410,463.7194,19.3216,0.01232650,0.01183344,19.3216,463.7194,0.01183344,19.3216,19.3216,19.3216,0.0000,0.0000,463.7194,0.01183344,57.9649,55.6772,425.0761,427.3638,0.01084732,0.0109057,0.00049306,4.6858,5.6707,0.0774,15.5820,0.2688,1264.1035,201.3548,4.5499,4.6885,2.0771,4.1543,6.1317,8.4025,10.5031,18.5864,3.9466,-2.0771,2.528253,4.474023,1.127938,29,192,48,6,0.01915741,0.01232650,0.05216444,0E-8,0.000000,0.903271,0.017936,-0.04061604,2026-05-16,2026-07-20,31,1797,733,66,0.469697,0.970424,0.970991,0.063858,,,,,,,,GLOBAL_BASELINE_NO_ENTITY_RANKING,,,NOT_APPLICABLE_GLOBAL_BASELINE,HF9g-P5,,,,X 全窗基线 · 不参与实体赏罚,8395765,840,A168_HF9F_20260827_0900,2026-08-27 09:00:00
2026-06-26,150107794,2175,0,14.5400162019,-10.3857258585,-10.3857258585,0.2500000,5,4,0.46672787500000000,0.450117762500,-0.868837299678889,-0.804484559023245,-0.868837299678889,0.01661011250000000,ELIGIBLE,R03b_20260811_FULL_v1,L1_ELIGIBILITY,v2026-08-11,2026-03-21..2026-08-06,baccarat_bet02_101_all_pairs_incl_sentinel,round_win = game_pnl > 0 (decisive only),COMPATIBILITY_ONLY_NOT_PRODUCTION,39187.2093,35396.6747,483.0410,8363,6242,-0.01232650,-0.05216444,-0.01154840,-0.01232650,-483.0410,39187.2093,OK,0.0000,19.3216,4.0000,96.0000,AG03-UNRESOLVED,ALL5_LEVELS_bet23_to_bet27,19.3216,19.3216,19.3216,0.0000,0.0000,4.000000,4.000000,4.000000,0.000000,0.000000,96.000000,96.000000,96.000000,100.000000,100.000000,5.0,57.9649,55.6772,425.0761,427.3638,PENDING_AG03,FALSE,NOT_FOR_ENFORCEMENT,463.7194,33980.8077,483.0410,463.7194,19.3216,0.01232650,0.01183344,19.3216,463.7194,0.01183344,19.3216,19.3216,19.3216,0.0000,0.0000,463.7194,0.01183344,57.9649,55.6772,425.0761,427.3638,0.01084732,0.0109057,0.00049306,4.6858,5.6707,0.0774,15.5820,0.2688,1264.1035,201.3548,4.5499,4.6885,2.0771,4.1543,6.1317,8.4025,10.5031,18.5864,3.9466,-2.0771,2.528253,4.474023,1.127938,29,192,48,6,0.01915741,0.01232650,0.05216444,0E-8,0.000000,0.903271,0.017936,-0.04061604,2026-05-16,2026-07-20,31,1797,733,66,0.469697,0.970424,0.970991,0.063858,,,,,,,,GLOBAL_BASELINE_NO_ENTITY_RANKING,,,NOT_APPLICABLE_GLOBAL_BASELINE,HF9g-P5,,,,X 全窗基线 · 不参与实体赏罚,8395766,840,A168_HF9F_20260827_0900,2026-08-27 09:00:00
2026-06-26,150107794,2177,0,15.5785887876,-5.1928629292,-5.1928629292,0.5000000,3,2,0.44299914285675119,0.400287425000,0.16228075123860625,0.2878109933178697,0.16228075123860625,0.04271171785675119,ELIGIBLE,R03b_20260811_FULL_v1,L1_ELIGIBILITY,v2026-08-11,2026-03-21..2026-08-06,baccarat_bet02_101_all_pairs_incl_sentinel,round_win = game_pnl > 0 (decisive only),COMPATIBILITY_ONLY_NOT_PRODUCTION,39187.2093,35396.6747,483.0410,8363,6242,-0.01232650,-0.05216444,-0.01154840,-0.01232650,-483.0410,39187.2093,OK,0.0000,19.3216,4.0000,96.0000,AG03-UNRESOLVED,ALL5_LEVELS_bet23_to_bet27,19.3216,19.3216,19.3216,0.0000,0.0000,4.000000,4.000000,4.000000,0.000000,0.000000,96.000000,96.000000,96.000000,100.000000,100.000000,5.0,57.9649,55.6772,425.0761,427.3638,PENDING_AG03,FALSE,NOT_FOR_ENFORCEMENT,463.7194,33980.8077,483.0410,463.7194,19.3216,0.01232650,0.01183344,19.3216,463.7194,0.01183344,19.3216,19.3216,19.3216,0.0000,0.0000,463.7194,0.01183344,57.9649,55.6772,425.0761,427.3638,0.01084732,0.0109057,0.00049306,4.6858,5.6707,0.0774,15.5820,0.2688,1264.1035,201.3548,4.5499,4.6885,2.0771,4.1543,6.1317,8.4025,10.5031,18.5864,3.9466,-2.0771,2.528253,4.474023,1.127938,29,192,48,6,0.01915741,0.01232650,0.05216444,0E-8,0.000000,0.903271,0.017936,-0.04061604,2026-05-16,2026-07-20,31,1797,733,66,0.469697,0.970424,0.970991,0.063858,,,,,,,,GLOBAL_BASELINE_NO_ENTITY_RANKING,,,NOT_APPLICABLE_GLOBAL_BASELINE,HF9g-P5,,,,X 全窗基线 · 不参与实体赏罚,8395767,840,A168_HF9F_20260827_0900,2026-08-27 09:00:00
2026-06-26,150107794,2216,0,20.7714517169,6.7714932596,6.7714932596,0.6000000,5,5,0.50396966000000000,0.503969660000,0.4294742719815242,0.4294742719815242,0.4294742719815242,0E-17,ELIGIBLE,R03b_20260811_FULL_v1,L1_ELIGIBILITY,v2026-08-11,2026-03-21..2026-08-06,baccarat_bet02_101_all_pairs_incl_sentinel,round_win = game_pnl > 0 (decisive only),COMPATIBILITY_ONLY_NOT_PRODUCTION,39187.2093,35396.6747,483.0410,8363,6242,-0.01232650,-0.05216444,-0.01154840,-0.01232650,-483.0410,39187.2093,OK,0.0000,19.3216,4.0000,96.0000,AG03-UNRESOLVED,ALL5_LEVELS_bet23_to_bet27,19.3216,19.3216,19.3216,0.0000,0.0000,4.000000,4.000000,4.000000,0.000000,0.000000,96.000000,96.000000,96.000000,100.000000,100.000000,5.0,57.9649,55.6772,425.0761,427.3638,PENDING_AG03,FALSE,NOT_FOR_ENFORCEMENT,463.7194,33980.8077,483.0410,463.7194,19.3216,0.01232650,0.01183344,19.3216,463.7194,0.01183344,19.3216,19.3216,19.3216,0.0000,0.0000,463.7194,0.01183344,57.9649,55.6772,425.0761,427.3638,0.01084732,0.0109057,0.00049306,4.6858,5.6707,0.0774,15.5820,0.2688,1264.1035,201.3548,4.5499,4.6885,2.0771,4.1543,6.1317,8.4025,10.5031,18.5864,3.9466,-2.0771,2.528253,4.474023,1.127938,29,192,48,6,0.01915741,0.01232650,0.05216444,0E-8,0.000000,0.903271,0.017936,-0.04061604,2026-05-16,2026-07-20,31,1797,733,66,0.469697,0.970424,0.970991,0.063858,,,,,,,,GLOBAL_BASELINE_NO_ENTITY_RANKING,,,NOT_APPLICABLE_GLOBAL_BASELINE,HF9g-P5,,,,X 全窗基线 · 不参与实体赏罚,8395768,840,A168_HF9F_20260827_0900,2026-08-27 09:00:00
2026-06-26,150107794,2222,0,16.6171613736,8.3085806866,8.3085806866,0.3333333,7,5,0.42948609000000000,0.416198000000,-0.3364454791587657,-0.29117040555168283,-0.3364454791587657,0.01328809000000000,ELIGIBLE,R03b_20260811_FULL_v1,L1_ELIGIBILITY,v2026-08-11,2026-03-21..2026-08-06,baccarat_bet02_101_all_pairs_incl_sentinel,round_win = game_pnl > 0 (decisive only),COMPATIBILITY_ONLY_NOT_PRODUCTION,39187.2093,35396.6747,483.0410,8363,6242,-0.01232650,-0.05216444,-0.01154840,-0.01232650,-483.0410,39187.2093,OK,0.0000,19.3216,4.0000,96.0000,AG03-UNRESOLVED,ALL5_LEVELS_bet23_to_bet27,19.3216,19.3216,19.3216,0.0000,0.0000,4.000000,4.000000,4.000000,0.000000,0.000000,96.000000,96.000000,96.000000,100.000000,100.000000,5.0,57.9649,55.6772,425.0761,427.3638,PENDING_AG03,FALSE,NOT_FOR_ENFORCEMENT,463.7194,33980.8077,483.0410,463.7194,19.3216,0.01232650,0.01183344,19.3216,463.7194,0.01183344,19.3216,19.3216,19.3216,0.0000,0.0000,463.7194,0.01183344,57.9649,55.6772,425.0761,427.3638,0.01084732,0.0109057,0.00049306,4.6858,5.6707,0.0774,15.5820,0.2688,1264.1035,201.3548,4.5499,4.6885,2.0771,4.1543,6.1317,8.4025,10.5031,18.5864,3.9466,-2.0771,2.528253,4.474023,1.127938,29,192,48,6,0.01915741,0.01232650,0.05216444,0E-8,0.000000,0.903271,0.017936,-0.04061604,2026-05-16,2026-07-20,31,1797,733,66,0.469697,0.970424,0.970991,0.063858,,,,,,,,GLOBAL_BASELINE_NO_ENTITY_RANKING,,,NOT_APPLICABLE_GLOBAL_BASELINE,HF9g-P5,,,,X 全窗基线 · 不参与实体赏罚,8395769,840,A168_HF9F_20260827_0900,2026-08-27 09:00:00
2026-06-26,150107794,2234,0,11.4242984443,-7.2700081009,-7.2700081009,0E-7,4,3,0.44456153999948822,0.431273450000,-1.2652110255446747,-1.2315147217074076,-1.2652110255446747,0.01328808999948822,ELIGIBLE,R03b_20260811_FULL_v1,L1_ELIGIBILITY,v2026-08-11,2026-03-21..2026-08-06,baccarat_bet02_101_all_pairs_incl_sentinel,round_win = game_pnl > 0 (decisive only),COMPATIBILITY_ONLY_NOT_PRODUCTION,39187.2093,35396.6747,483.0410,8363,6242,-0.01232650,-0.05216444,-0.01154840,-0.01232650,-483.0410,39187.2093,OK,0.0000,19.3216,4.0000,96.0000,AG03-UNRESOLVED,ALL5_LEVELS_bet23_to_bet27,19.3216,19.3216,19.3216,0.0000,0.0000,4.000000,4.000000,4.000000,0.000000,0.000000,96.000000,96.000000,96.000000,100.000000,100.000000,5.0,57.9649,55.6772,425.0761,427.3638,PENDING_AG03,FALSE,NOT_FOR_ENFORCEMENT,463.7194,33980.8077,483.0410,463.7194,19.3216,0.01232650,0.01183344,19.3216,463.7194,0.01183344,19.3216,19.3216,19.3216,0.0000,0.0000,463.7194,0.01183344,57.9649,55.6772,425.0761,427.3638,0.01084732,0.0109057,0.00049306,4.6858,5.6707,0.0774,15.5820,0.2688,1264.1035,201.3548,4.5499,4.6885,2.0771,4.1543,6.1317,8.4025,10.5031,18.5864,3.9466,-2.0771,2.528253,4.474023,1.127938,29,192,48,6,0.01915741,0.01232650,0.05216444,0E-8,0.000000,0.903271,0.017936,-0.04061604,2026-05-16,2026-07-20,31,1797,733,66,0.469697,0.970424,0.970991,0.063858,,,,,,,,GLOBAL_BASELINE_NO_ENTITY_RANKING,,,NOT_APPLICABLE_GLOBAL_BASELINE,HF9g-P5,,,,X 全窗基线 · 不参与实体赏罚,8395770,840,A168_HF9F_20260827_0900,2026-08-27 09:00:00
2026-06-26,150107794,2235,0,12.0474419958,3.7388613090,3.7388613090,0.6666667,3,3,0.49771390000000000,0.497713900000,0.5852756695216578,0.5852756695216578,0.5852756695216578,0E-17,ELIGIBLE,R03b_20260811_FULL_v1,L1_ELIGIBILITY,v2026-08-11,2026-03-21..2026-08-06,baccarat_bet02_101_all_pairs_incl_sentinel,round_win = game_pnl > 0 (decisive only),COMPATIBILITY_ONLY_NOT_PRODUCTION,39187.2093,35396.6747,483.0410,8363,6242,-0.01232650,-0.05216444,-0.01154840,-0.01232650,-483.0410,39187.2093,OK,0.0000,19.3216,4.0000,96.0000,AG03-UNRESOLVED,ALL5_LEVELS_bet23_to_bet27,19.3216,19.3216,19.3216,0.0000,0.0000,4.000000,4.000000,4.000000,0.000000,0.000000,96.000000,96.000000,96.000000,100.000000,100.000000,5.0,57.9649,55.6772,425.0761,427.3638,PENDING_AG03,FALSE,NOT_FOR_ENFORCEMENT,463.7194,33980.8077,483.0410,463.7194,19.3216,0.01232650,0.01183344,19.3216,463.7194,0.01183344,19.3216,19.3216,19.3216,0.0000,0.0000,463.7194,0.01183344,57.9649,55.6772,425.0761,427.3638,0.01084732,0.0109057,0.00049306,4.6858,5.6707,0.0774,15.5820,0.2688,1264.1035,201.3548,4.5499,4.6885,2.0771,4.1543,6.1317,8.4025,10.5031,18.5864,3.9466,-2.0771,2.528253,4.474023,1.127938,29,192,48,6,0.01915741,0.01232650,0.05216444,0E-8,0.000000,0.903271,0.017936,-0.04061604,2026-05-16,2026-07-20,31,1797,733,66,0.469697,0.970424,0.970991,0.063858,,,,,,,,GLOBAL_BASELINE_NO_ENTITY_RANKING,,,NOT_APPLICABLE_GLOBAL_BASELINE,HF9g-P5,,,,X 全窗基线 · 不参与实体赏罚,8395771,840,A168_HF9F_20260827_0900,2026-08-27 09:00:00
2026-06-26,150107794,2239,0,13.5014436160,-5.1928629292,-5.1928629292,0.2500000,4,4,0.49994810000000000,0.499948100000,-0.9997924053861017,-0.9997924053861017,-0.9997924053861017,0E-17,ELIGIBLE,R03b_20260811_FULL_v1,L1_ELIGIBILITY,v2026-08-11,2026-03-21..2026-08-06,baccarat_bet02_101_all_pairs_incl_sentinel,round_win = game_pnl > 0 (decisive only),COMPATIBILITY_ONLY_NOT_PRODUCTION,39187.2093,35396.6747,483.0410,8363,6242,-0.01232650,-0.05216444,-0.01154840,-0.01232650,-483.0410,39187.2093,OK,0.0000,19.3216,4.0000,96.0000,AG03-UNRESOLVED,ALL5_LEVELS_bet23_to_bet27,19.3216,19.3216,19.3216,0.0000,0.0000,4.000000,4.000000,4.000000,0.000000,0.000000,96.000000,96.000000,96.000000,100.000000,100.000000,5.0,57.9649,55.6772,425.0761,427.3638,PENDING_AG03,FALSE,NOT_FOR_ENFORCEMENT,463.7194,33980.8077,483.0410,463.7194,19.3216,0.01232650,0.01183344,19.3216,463.7194,0.01183344,19.3216,19.3216,19.3216,0.0000,0.0000,463.7194,0.01183344,57.9649,55.6772,425.0761,427.3638,0.01084732,0.0109057,0.00049306,4.6858,5.6707,0.0774,15.5820,0.2688,1264.1035,201.3548,4.5499,4.6885,2.0771,4.1543,6.1317,8.4025,10.5031,18.5864,3.9466,-2.0771,2.528253,4.474023,1.127938,29,192,48,6,0.01915741,0.01232650,0.05216444,0E-8,0.000000,0.903271,0.017936,-0.04061604,2026-05-16,2026-07-20,31,1797,733,66,0.469697,0.970424,0.970991,0.063858,,,,,,,,GLOBAL_BASELINE_NO_ENTITY_RANKING,,,NOT_APPLICABLE_GLOBAL_BASELINE,HF9g-P5,,,,X 全窗基线 · 不参与实体赏罚,8395772,840,A168_HF9F_20260827_0900,2026-08-27 09:00:00
2026-06-26,150107794,2252,0,4.1542903434,-4.1542903434,-4.1542903434,0E-7,1,1,0.50665070000000000,0.506650700000,-1.013391052207602,-1.013391052207602,-1.013391052207602,0E-17,ELIGIBLE,R03b_20260811_FULL_v1,L1_ELIGIBILITY,v2026-08-11,2026-03-21..2026-08-06,baccarat_bet02_101_all_pairs_incl_sentinel,round_win = game_pnl > 0 (decisive only),COMPATIBILITY_ONLY_NOT_PRODUCTION,39187.2093,35396.6747,483.0410,8363,6242,-0.01232650,-0.05216444,-0.01154840,-0.01232650,-483.0410,39187.2093,OK,0.0000,19.3216,4.0000,96.0000,AG03-UNRESOLVED,ALL5_LEVELS_bet23_to_bet27,19.3216,19.3216,19.3216,0.0000,0.0000,4.000000,4.000000,4.000000,0.000000,0.000000,96.000000,96.000000,96.000000,100.000000,100.000000,5.0,57.9649,55.6772,425.0761,427.3638,PENDING_AG03,FALSE,NOT_FOR_ENFORCEMENT,463.7194,33980.8077,483.0410,463.7194,19.3216,0.01232650,0.01183344,19.3216,463.7194,0.01183344,19.3216,19.3216,19.3216,0.0000,0.0000,463.7194,0.01183344,57.9649,55.6772,425.0761,427.3638,0.01084732,0.0109057,0.00049306,4.6858,5.6707,0.0774,15.5820,0.2688,1264.1035,201.3548,4.5499,4.6885,2.0771,4.1543,6.1317,8.4025,10.5031,18.5864,3.9466,-2.0771,2.528253,4.474023,1.127938,29,192,48,6,0.01915741,0.01232650,0.05216444,0E-8,0.000000,0.903271,0.017936,-0.04061604,2026-05-16,2026-07-20,31,1797,733,66,0.469697,0.970424,0.970991,0.063858,,,,,,,,GLOBAL_BASELINE_NO_ENTITY_RANKING,,,NOT_APPLICABLE_GLOBAL_BASELINE,HF9g-P5,,,,X 全窗基线 · 不参与实体赏罚,8395773,840,A168_HF9F_20260827_0900,2026-08-27 09:00:00
2026-06-26,150107794,2261,0,87.6555262449,23.3263402778,23.3263402778,0.6923077,21,15,0.45045035578218795,0.418432200000,1.752685562973374,2.00176053189887,1.752685562973374,0.03201815578218795,ELIGIBLE,R03b_20260811_FULL_v1,L1_ELIGIBILITY,v2026-08-11,2026-03-21..2026-08-06,baccarat_bet02_101_all_pairs_incl_sentinel,round_win = game_pnl > 0 (decisive only),COMPATIBILITY_ONLY_NOT_PRODUCTION,39187.2093,35396.6747,483.0410,8363,6242,-0.01232650,-0.05216444,-0.01154840,-0.01232650,-483.0410,39187.2093,OK,0.0000,19.3216,4.0000,96.0000,AG03-UNRESOLVED,ALL5_LEVELS_bet23_to_bet27,19.3216,19.3216,19.3216,0.0000,0.0000,4.000000,4.000000,4.000000,0.000000,0.000000,96.000000,96.000000,96.000000,100.000000,100.000000,5.0,57.9649,55.6772,425.0761,427.3638,PENDING_AG03,FALSE,NOT_FOR_ENFORCEMENT,463.7194,33980.8077,483.0410,463.7194,19.3216,0.01232650,0.01183344,19.3216,463.7194,0.01183344,19.3216,19.3216,19.3216,0.0000,0.0000,463.7194,0.01183344,57.9649,55.6772,425.0761,427.3638,0.01084732,0.0109057,0.00049306,4.6858,5.6707,0.0774,15.5820,0.2688,1264.1035,201.3548,4.5499,4.6885,2.0771,4.1543,6.1317,8.4025,10.5031,18.5864,3.9466,-2.0771,2.528253,4.474023,1.127938,29,192,48,6,0.01915741,0.01232650,0.05216444,0E-8,0.000000,0.903271,0.017936,-0.04061604,2026-05-16,2026-07-20,31,1797,733,66,0.469697,0.970424,0.970991,0.063858,,,,,,,,GLOBAL_BASELINE_NO_ENTITY_RANKING,,,NOT_APPLICABLE_GLOBAL_BASELINE,HF9g-P5,,,,X 全窗基线 · 不参与实体赏罚,8395774,840,A168_HF9F_20260827_0900,2026-08-27 09:00:00
2026-06-26,150107794,2266,0,13.2937290988,-9.2432960140,-9.2432960140,0.2000000,5,5,0.50396966000000000,0.503969660000,-1.3594364909357963,-1.3594364909357963,-1.3594364909357963,0E-17,ELIGIBLE,R03b_20260811_FULL_v1,L1_ELIGIBILITY,v2026-08-11,2026-03-21..2026-08-06,baccarat_bet02_101_all_pairs_incl_sentinel,round_win = game_pnl > 0 (decisive only),COMPATIBILITY_ONLY_NOT_PRODUCTION,39187.2093,35396.6747,483.0410,8363,6242,-0.01232650,-0.05216444,-0.01154840,-0.01232650,-483.0410,39187.2093,OK,0.0000,19.3216,4.0000,96.0000,AG03-UNRESOLVED,ALL5_LEVELS_bet23_to_bet27,19.3216,19.3216,19.3216,0.0000,0.0000,4.000000,4.000000,4.000000,0.000000,0.000000,96.000000,96.000000,96.000000,100.000000,100.000000,5.0,57.9649,55.6772,425.0761,427.3638,PENDING_AG03,FALSE,NOT_FOR_ENFORCEMENT,463.7194,33980.8077,483.0410,463.7194,19.3216,0.01232650,0.01183344,19.3216,463.7194,0.01183344,19.3216,19.3216,19.3216,0.0000,0.0000,463.7194,0.01183344,57.9649,55.6772,425.0761,427.3638,0.01084732,0.0109057,0.00049306,4.6858,5.6707,0.0774,15.5820,0.2688,1264.1035,201.3548,4.5499,4.6885,2.0771,4.1543,6.1317,8.4025,10.5031,18.5864,3.9466,-2.0771,2.528253,4.474023,1.127938,29,192,48,6,0.01915741,0.01232650,0.05216444,0E-8,0.000000,0.903271,0.017936,-0.04061604,2026-05-16,2026-07-20,31,1797,733,66,0.469697,0.970424,0.970991,0.063858,,,,,,,,GLOBAL_BASELINE_NO_ENTITY_RANKING,,,NOT_APPLICABLE_GLOBAL_BASELINE,HF9g-P5,,,,X 全窗基线 · 不参与实体赏罚,8395775,840,A168_HF9F_20260827_0900,2026-08-27 09:00:00
2026-06-26,150107794,2271,0,17.6557339593,-9.5548677897,-9.5548677897,0.3333333,4,3,0.45193080000000000,0.429039250000,-0.4127455229165406,-0.3349251612454109,-0.4127455229165406,0.02289155000000000,ELIGIBLE,R03b_20260811_FULL_v1,L1_ELIGIBILITY,v2026-08-11,2026-03-21..2026-08-06,baccarat_bet02_101_all_pairs_incl_sentinel,round_win = game_pnl > 0 (decisive only),COMPATIBILITY_ONLY_NOT_PRODUCTION,39187.2093,35396.6747,483.0410,8363,6242,-0.01232650,-0.05216444,-0.01154840,-0.01232650,-483.0410,39187.2093,OK,0.0000,19.3216,4.0000,96.0000,AG03-UNRESOLVED,ALL5_LEVELS_bet23_to_bet27,19.3216,19.3216,19.3216,0.0000,0.0000,4.000000,4.000000,4.000000,0.000000,0.000000,96.000000,96.000000,96.000000,100.000000,100.000000,5.0,57.9649,55.6772,425.0761,427.3638,PENDING_AG03,FALSE,NOT_FOR_ENFORCEMENT,463.7194,33980.8077,483.0410,463.7194,19.3216,0.01232650,0.01183344,19.3216,463.7194,0.01183344,19.3216,19.3216,19.3216,0.0000,0.0000,463.7194,0.01183344,57.9649,55.6772,425.0761,427.3638,0.01084732,0.0109057,0.00049306,4.6858,5.6707,0.0774,15.5820,0.2688,1264.1035,201.3548,4.5499,4.6885,2.0771,4.1543,6.1317,8.4025,10.5031,18.5864,3.9466,-2.0771,2.528253,4.474023,1.127938,29,192,48,6,0.01915741,0.01232650,0.05216444,0E-8,0.000000,0.903271,0.017936,-0.04061604,2026-05-16,2026-07-20,31,1797,733,66,0.469697,0.970424,0.970991,0.063858,,,,,,,,GLOBAL_BASELINE_NO_ENTITY_RANKING,,,NOT_APPLICABLE_GLOBAL_BASELINE,HF9g-P5,,,,X 全窗基线 · 不参与实体赏罚,8395776,840,A168_HF9F_20260827_0900,2026-08-27 09:00:00
2026-06-26,150107794,2280,0,12.4628710302,-0.2077145172,-0.2077145172,0.6666667,5,4,0.45346906250000000,0.453469062500,0.7417571481599273,0.7417571481599273,0.7417571481599273,0E-17,ELIGIBLE,R03b_20260811_FULL_v1,L1_ELIGIBILITY,v2026-08-11,2026-03-21..2026-08-06,baccarat_bet02_101_all_pairs_incl_sentinel,round_win = game_pnl > 0 (decisive only),COMPATIBILITY_ONLY_NOT_PRODUCTION,39187.2093,35396.6747,483.0410,8363,6242,-0.01232650,-0.05216444,-0.01154840,-0.01232650,-483.0410,39187.2093,OK,0.0000,19.3216,4.0000,96.0000,AG03-UNRESOLVED,ALL5_LEVELS_bet23_to_bet27,19.3216,19.3216,19.3216,0.0000,0.0000,4.000000,4.000000,4.000000,0.000000,0.000000,96.000000,96.000000,96.000000,100.000000,100.000000,5.0,57.9649,55.6772,425.0761,427.3638,PENDING_AG03,FALSE,NOT_FOR_ENFORCEMENT,463.7194,33980.8077,483.0410,463.7194,19.3216,0.01232650,0.01183344,19.3216,463.7194,0.01183344,19.3216,19.3216,19.3216,0.0000,0.0000,463.7194,0.01183344,57.9649,55.6772,425.0761,427.3638,0.01084732,0.0109057,0.00049306,4.6858,5.6707,0.0774,15.5820,0.2688,1264.1035,201.3548,4.5499,4.6885,2.0771,4.1543,6.1317,8.4025,10.5031,18.5864,3.9466,-2.0771,2.528253,4.474023,1.127938,29,192,48,6,0.01915741,0.01232650,0.05216444,0E-8,0.000000,0.903271,0.017936,-0.04061604,2026-05-16,2026-07-20,31,1797,733,66,0.469697,0.970424,0.970991,0.063858,,,,,,,,GLOBAL_BASELINE_NO_ENTITY_RANKING,,,NOT_APPLICABLE_GLOBAL_BASELINE,HF9g-P5,,,,X 全窗基线 · 不参与实体赏罚,8395777,840,A168_HF9F_20260827_0900,2026-08-27 09:00:00
2026-06-26,150107794,2288,0,94.3023907945,17.3545479093,17.3545479093,0.6111111,24,18,0.45609670613453855,0.431273450000,1.3204409907774541,1.5405960685205253,1.3204409907774541,0.02482325613453855,ELIGIBLE,R03b_20260811_FULL_v1,L1_ELIGIBILITY,v2026-08-11,2026-03-21..2026-08-06,baccarat_bet02_101_all_pairs_incl_sentinel,round_win = game_pnl > 0 (decisive only),COMPATIBILITY_ONLY_NOT_PRODUCTION,39187.2093,35396.6747,483.0410,8363,6242,-0.01232650,-0.05216444,-0.01154840,-0.01232650,-483.0410,39187.2093,OK,0.0000,19.3216,4.0000,96.0000,AG03-UNRESOLVED,ALL5_LEVELS_bet23_to_bet27,19.3216,19.3216,19.3216,0.0000,0.0000,4.000000,4.000000,4.000000,0.000000,0.000000,96.000000,96.000000,96.000000,100.000000,100.000000,5.0,57.9649,55.6772,425.0761,427.3638,PENDING_AG03,FALSE,NOT_FOR_ENFORCEMENT,463.7194,33980.8077,483.0410,463.7194,19.3216,0.01232650,0.01183344,19.3216,463.7194,0.01183344,19.3216,19.3216,19.3216,0.0000,0.0000,463.7194,0.01183344,57.9649,55.6772,425.0761,427.3638,0.01084732,0.0109057,0.00049306,4.6858,5.6707,0.0774,15.5820,0.2688,1264.1035,201.3548,4.5499,4.6885,2.0771,4.1543,6.1317,8.4025,10.5031,18.5864,3.9466,-2.0771,2.528253,4.474023,1.127938,29,192,48,6,0.01915741,0.01232650,0.05216444,0E-8,0.000000,0.903271,0.017936,-0.04061604,2026-05-16,2026-07-20,31,1797,733,66,0.469697,0.970424,0.970991,0.063858,,,,,,,,GLOBAL_BASELINE_NO_ENTITY_RANKING,,,NOT_APPLICABLE_GLOBAL_BASELINE,HF9g-P5,,,,X 全窗基线 · 不参与实体赏罚,8395778,840,A168_HF9F_20260827_0900,2026-08-27 09:00:00
2026-06-26,150107794,752,0,4.1542903434,-4.1542903434,-4.1542903434,0E-7,2,1,0.29392415000000000,0.293924150000,-0.6451964315166089,-0.6451964315166089,-0.6451964315166089,0E-17,ELIGIBLE,R03b_20260811_FULL_v1,L1_ELIGIBILITY,v2026-08-11,2026-03-21..2026-08-06,baccarat_bet02_101_all_pairs_incl_sentinel,round_win = game_pnl > 0 (decisive only),COMPATIBILITY_ONLY_NOT_PRODUCTION,39187.2093,35396.6747,483.0410,8363,6242,-0.01232650,-0.05216444,-0.01154840,-0.01232650,-483.0410,39187.2093,OK,0.0000,19.3216,4.0000,96.0000,AG03-UNRESOLVED,ALL5_LEVELS_bet23_to_bet27,19.3216,19.3216,19.3216,0.0000,0.0000,4.000000,4.000000,4.000000,0.000000,0.000000,96.000000,96.000000,96.000000,100.000000,100.000000,5.0,57.9649,55.6772,425.0761,427.3638,PENDING_AG03,FALSE,NOT_FOR_ENFORCEMENT,463.7194,33980.8077,483.0410,463.7194,19.3216,0.01232650,0.01183344,19.3216,463.7194,0.01183344,19.3216,19.3216,19.3216,0.0000,0.0000,463.7194,0.01183344,57.9649,55.6772,425.0761,427.3638,0.01084732,0.0109057,0.00049306,4.6858,5.6707,0.0774,15.5820,0.2688,1264.1035,201.3548,4.5499,4.6885,2.0771,4.1543,6.1317,8.4025,10.5031,18.5864,3.9466,-2.0771,2.528253,4.474023,1.127938,29,192,48,6,0.01915741,0.01232650,0.05216444,0E-8,0.000000,0.903271,0.017936,-0.04061604,2026-05-16,2026-07-20,31,1797,733,66,0.469697,0.970424,0.970991,0.063858,,,,,,,,GLOBAL_BASELINE_NO_ENTITY_RANKING,,,NOT_APPLICABLE_GLOBAL_BASELINE,HF9g-P5,,,,X 全窗基线 · 不参与实体赏罚,8395779,840,A168_HF9F_20260827_0900,2026-08-27 09:00:00
2026-06-26,150107794,763,0,2.0771451717,-2.0771451717,-2.0771451717,0E-7,1,1,0.49324550000000000,0.493245500000,-0.9865810262130424,-0.9865810262130424,-0.9865810262130424,0E-17,ELIGIBLE,R03b_20260811_FULL_v1,L1_ELIGIBILITY,v2026-08-11,2026-03-21..2026-08-06,baccarat_bet02_101_all_pairs_incl_sentinel,round_win = game_pnl > 0 (decisive only),COMPATIBILITY_ONLY_NOT_PRODUCTION,39187.2093,35396.6747,483.0410,8363,6242,-0.01232650,-0.05216444,-0.01154840,-0.01232650,-483.0410,39187.2093,OK,0.0000,19.3216,4.0000,96.0000,AG03-UNRESOLVED,ALL5_LEVELS_bet23_to_bet27,19.3216,19.3216,19.3216,0.0000,0.0000,4.000000,4.000000,4.000000,0.000000,0.000000,96.000000,96.000000,96.000000,100.000000,100.000000,5.0,57.9649,55.6772,425.0761,427.3638,PENDING_AG03,FALSE,NOT_FOR_ENFORCEMENT,463.7194,33980.8077,483.0410,463.7194,19.3216,0.01232650,0.01183344,19.3216,463.7194,0.01183344,19.3216,19.3216,19.3216,0.0000,0.0000,463.7194,0.01183344,57.9649,55.6772,425.0761,427.3638,0.01084732,0.0109057,0.00049306,4.6858,5.6707,0.0774,15.5820,0.2688,1264.1035,201.3548,4.5499,4.6885,2.0771,4.1543,6.1317,8.4025,10.5031,18.5864,3.9466,-2.0771,2.528253,4.474023,1.127938,29,192,48,6,0.01915741,0.01232650,0.05216444,0E-8,0.000000,0.903271,0.017936,-0.04061604,2026-05-16,2026-07-20,31,1797,733,66,0.469697,0.970424,0.970991,0.063858,,,,,,,,GLOBAL_BASELINE_NO_ENTITY_RANKING,,,NOT_APPLICABLE_GLOBAL_BASELINE,HF9g-P5,,,,X 全窗基线 · 不参与实体赏罚,8395780,840,A168_HF9F_20260827_0900,2026-08-27 09:00:00
2026-06-26,150107794,789,0,4.1542903434,4.1542903434,4.1542903434,1.0000000,1,1,0.49324550000000000,0.493245500000,1.01360149184955,1.01360149184955,1.01360149184955,0E-17,ELIGIBLE,R03b_20260811_FULL_v1,L1_ELIGIBILITY,v2026-08-11,2026-03-21..2026-08-06,baccarat_bet02_101_all_pairs_incl_sentinel,round_win = game_pnl > 0 (decisive only),COMPATIBILITY_ONLY_NOT_PRODUCTION,39187.2093,35396.6747,483.0410,8363,6242,-0.01232650,-0.05216444,-0.01154840,-0.01232650,-483.0410,39187.2093,OK,0.0000,19.3216,4.0000,96.0000,AG03-UNRESOLVED,ALL5_LEVELS_bet23_to_bet27,19.3216,19.3216,19.3216,0.0000,0.0000,4.000000,4.000000,4.000000,0.000000,0.000000,96.000000,96.000000,96.000000,100.000000,100.000000,5.0,57.9649,55.6772,425.0761,427.3638,PENDING_AG03,FALSE,NOT_FOR_ENFORCEMENT,463.7194,33980.8077,483.0410,463.7194,19.3216,0.01232650,0.01183344,19.3216,463.7194,0.01183344,19.3216,19.3216,19.3216,0.0000,0.0000,463.7194,0.01183344,57.9649,55.6772,425.0761,427.3638,0.01084732,0.0109057,0.00049306,4.6858,5.6707,0.0774,15.5820,0.2688,1264.1035,201.3548,4.5499,4.6885,2.0771,4.1543,6.1317,8.4025,10.5031,18.5864,3.9466,-2.0771,2.528253,4.474023,1.127938,29,192,48,6,0.01915741,0.01232650,0.05216444,0E-8,0.000000,0.903271,0.017936,-0.04061604,2026-05-16,2026-07-20,31,1797,733,66,0.469697,0.970424,0.970991,0.063858,,,,,,,,GLOBAL_BASELINE_NO_ENTITY_RANKING,,,NOT_APPLICABLE_GLOBAL_BASELINE,HF9g-P5,,,,X 全窗基线 · 不参与实体赏罚,8395781,840,A168_HF9F_20260827_0900,2026-08-27 09:00:00
2026-06-26,150107794,925,0,19.7328791311,13.2937290989,13.2937290989,0.8000000,5,5,0.49592654000000000,0.495926540000,1.359902984124143,1.359902984124143,1.359902984124143,0E-17,ELIGIBLE,R03b_20260811_FULL_v1,L1_ELIGIBILITY,v2026-08-11,2026-03-21..2026-08-06,baccarat_bet02_101_all_pairs_incl_sentinel,round_win = game_pnl > 0 (decisive only),COMPATIBILITY_ONLY_NOT_PRODUCTION,39187.2093,35396.6747,483.0410,8363,6242,-0.01232650,-0.05216444,-0.01154840,-0.01232650,-483.0410,39187.2093,OK,0.0000,19.3216,4.0000,96.0000,AG03-UNRESOLVED,ALL5_LEVELS_bet23_to_bet27,19.3216,19.3216,19.3216,0.0000,0.0000,4.000000,4.000000,4.000000,0.000000,0.000000,96.000000,96.000000,96.000000,100.000000,100.000000,5.0,57.9649,55.6772,425.0761,427.3638,PENDING_AG03,FALSE,NOT_FOR_ENFORCEMENT,463.7194,33980.8077,483.0410,463.7194,19.3216,0.01232650,0.01183344,19.3216,463.7194,0.01183344,19.3216,19.3216,19.3216,0.0000,0.0000,463.7194,0.01183344,57.9649,55.6772,425.0761,427.3638,0.01084732,0.0109057,0.00049306,4.6858,5.6707,0.0774,15.5820,0.2688,1264.1035,201.3548,4.5499,4.6885,2.0771,4.1543,6.1317,8.4025,10.5031,18.5864,3.9466,-2.0771,2.528253,4.474023,1.127938,29,192,48,6,0.01915741,0.01232650,0.05216444,0E-8,0.000000,0.903271,0.017936,-0.04061604,2026-05-16,2026-07-20,31,1797,733,66,0.469697,0.970424,0.970991,0.063858,,,,,,,,GLOBAL_BASELINE_NO_ENTITY_RANKING,,,NOT_APPLICABLE_GLOBAL_BASELINE,HF9g-P5,,,,X 全窗基线 · 不参与实体赏罚,8395782,840,A168_HF9F_20260827_0900,2026-08-27 09:00:00
2026-06-26,150107794,970,0,113.2044118569,-0.4362004863,-0.4362004863,0.5000000,26,23,0.48559601839499503,0.473949663043,0.1351774280800133,0.2447061727498806,0.1351774280800133,0.01164635535199503,ELIGIBLE,R03b_20260811_FULL_v1,L1_ELIGIBILITY,v2026-08-11,2026-03-21..2026-08-06,baccarat_bet02_101_all_pairs_incl_sentinel,round_win = game_pnl > 0 (decisive only),COMPATIBILITY_ONLY_NOT_PRODUCTION,39187.2093,35396.6747,483.0410,8363,6242,-0.01232650,-0.05216444,-0.01154840,-0.01232650,-483.0410,39187.2093,OK,0.0000,19.3216,4.0000,96.0000,AG03-UNRESOLVED,ALL5_LEVELS_bet23_to_bet27,19.3216,19.3216,19.3216,0.0000,0.0000,4.000000,4.000000,4.000000,0.000000,0.000000,96.000000,96.000000,96.000000,100.000000,100.000000,5.0,57.9649,55.6772,425.0761,427.3638,PENDING_AG03,FALSE,NOT_FOR_ENFORCEMENT,463.7194,33980.8077,483.0410,463.7194,19.3216,0.01232650,0.01183344,19.3216,463.7194,0.01183344,19.3216,19.3216,19.3216,0.0000,0.0000,463.7194,0.01183344,57.9649,55.6772,425.0761,427.3638,0.01084732,0.0109057,0.00049306,4.6858,5.6707,0.0774,15.5820,0.2688,1264.1035,201.3548,4.5499,4.6885,2.0771,4.1543,6.1317,8.4025,10.5031,18.5864,3.9466,-2.0771,2.528253,4.474023,1.127938,29,192,48,6,0.01915741,0.01232650,0.05216444,0E-8,0.000000,0.903271,0.017936,-0.04061604,2026-05-16,2026-07-20,31,1797,733,66,0.469697,0.970424,0.970991,0.063858,,,,,,,,GLOBAL_BASELINE_NO_ENTITY_RANKING,,,NOT_APPLICABLE_GLOBAL_BASELINE,HF9g-P5,,,,X 全窗基线 · 不参与实体赏罚,8395783,840,A168_HF9F_20260827_0900,2026-08-27 09:00:00
2026-06-27,150107794,-1,1,79.1392310413,-6.3352927738,-6.3352927738,0.4800000,28,26,0.48886718461538462,0.483584519231,-0.08869383423221791,-0.0358645262062034,-0.08869383423221791,0.00528266538438462,SENTINEL_DEALER,R03b_20260811_FULL_v1,L1_ELIGIBILITY,v2026-08-11,2026-03-21..2026-08-06,baccarat_bet02_101_all_pairs_incl_sentinel,round_win = game_pnl > 0 (decisive only),COMPATIBILITY_ONLY_NOT_PRODUCTION,39187.2093,35396.6747,483.0410,8363,6242,-0.01232650,-0.05216444,-0.01154840,-0.01232650,-483.0410,39187.2093,OK,0.0000,19.3216,4.0000,96.0000,AG03-UNRESOLVED,ALL5_LEVELS_bet23_to_bet27,19.3216,19.3216,19.3216,0.0000,0.0000,4.000000,4.000000,4.000000,0.000000,0.000000,96.000000,96.000000,96.000000,100.000000,100.000000,5.0,57.9649,55.6772,425.0761,427.3638,PENDING_AG03,FALSE,NOT_FOR_ENFORCEMENT,463.7194,33980.8077,483.0410,463.7194,19.3216,0.01232650,0.01183344,19.3216,463.7194,0.01183344,19.3216,19.3216,19.3216,0.0000,0.0000,463.7194,0.01183344,57.9649,55.6772,425.0761,427.3638,0.01084732,0.0109057,0.00049306,4.6858,5.6707,0.0774,15.5820,0.2688,1264.1035,201.3548,4.5499,4.6885,2.0771,4.1543,6.1317,8.4025,10.5031,18.5864,3.9466,-2.0771,2.528253,4.474023,1.127938,29,192,48,6,0.01915741,0.01232650,0.05216444,0E-8,0.000000,0.903271,0.017936,-0.04061604,2026-05-16,2026-07-20,31,1797,733,66,0.469697,0.970424,0.970991,0.063858,,,,,,,,GLOBAL_BASELINE_NO_ENTITY_RANKING,,,NOT_APPLICABLE_GLOBAL_BASELINE,HF9g-P5,,,,X 全窗基线 · 不参与实体赏罚,8395784,840,A168_HF9F_20260827_0900,2026-08-27 09:00:00
2026-06-27,150107794,1017,0,4.1542903434,-4.1542903434,-4.1542903434,0E-7,1,1,0.49324550000000000,0.493245500000,-0.9865810262130424,-0.9865810262130424,-0.9865810262130424,0E-17,ELIGIBLE,R03b_20260811_FULL_v1,L1_ELIGIBILITY,v2026-08-11,2026-03-21..2026-08-06,baccarat_bet02_101_all_pairs_incl_sentinel,round_win = game_pnl > 0 (decisive only),COMPATIBILITY_ONLY_NOT_PRODUCTION,39187.2093,35396.6747,483.0410,8363,6242,-0.01232650,-0.05216444,-0.01154840,-0.01232650,-483.0410,39187.2093,OK,0.0000,19.3216,4.0000,96.0000,AG03-UNRESOLVED,ALL5_LEVELS_bet23_to_bet27,19.3216,19.3216,19.3216,0.0000,0.0000,4.000000,4.000000,4.000000,0.000000,0.000000,96.000000,96.000000,96.000000,100.000000,100.000000,5.0,57.9649,55.6772,425.0761,427.3638,PENDING_AG03,FALSE,NOT_FOR_ENFORCEMENT,463.7194,33980.8077,483.0410,463.7194,19.3216,0.01232650,0.01183344,19.3216,463.7194,0.01183344,19.3216,19.3216,19.3216,0.0000,0.0000,463.7194,0.01183344,57.9649,55.6772,425.0761,427.3638,0.01084732,0.0109057,0.00049306,4.6858,5.6707,0.0774,15.5820,0.2688,1264.1035,201.3548,4.5499,4.6885,2.0771,4.1543,6.1317,8.4025,10.5031,18.5864,3.9466,-2.0771,2.528253,4.474023,1.127938,29,192,48,6,0.01915741,0.01232650,0.05216444,0E-8,0.000000,0.903271,0.017936,-0.04061604,2026-05-16,2026-07-20,31,1797,733,66,0.469697,0.970424,0.970991,0.063858,,,,,,,,GLOBAL_BASELINE_NO_ENTITY_RANKING,,,NOT_APPLICABLE_GLOBAL_BASELINE,HF9g-P5,,,,X 全窗基线 · 不参与实体赏罚,8395785,840,A168_HF9F_20260827_0900,2026-08-27 09:00:00
2026-06-27,150107794,1330,0,8.3085806868,-6.2314355151,-6.2314355151,0E-7,4,4,0.49659680000000000,0.496596800000,-1.7203016256901094,-1.7203016256901091,-1.7203016256901094,0E-17,ELIGIBLE,R03b_20260811_FULL_v1,L1_ELIGIBILITY,v2026-08-11,2026-03-21..2026-08-06,baccarat_bet02_101_all_pairs_incl_sentinel,round_win = game_pnl > 0 (decisive only),COMPATIBILITY_ONLY_NOT_PRODUCTION,39187.2093,35396.6747,483.0410,8363,6242,-0.01232650,-0.05216444,-0.01154840,-0.01232650,-483.0410,39187.2093,OK,0.0000,19.3216,4.0000,96.0000,AG03-UNRESOLVED,ALL5_LEVELS_bet23_to_bet27,19.3216,19.3216,19.3216,0.0000,0.0000,4.000000,4.000000,4.000000,0.000000,0.000000,96.000000,96.000000,96.000000,100.000000,100.000000,5.0,57.9649,55.6772,425.0761,427.3638,PENDING_AG03,FALSE,NOT_FOR_ENFORCEMENT,463.7194,33980.8077,483.0410,463.7194,19.3216,0.01232650,0.01183344,19.3216,463.7194,0.01183344,19.3216,19.3216,19.3216,0.0000,0.0000,463.7194,0.01183344,57.9649,55.6772,425.0761,427.3638,0.01084732,0.0109057,0.00049306,4.6858,5.6707,0.0774,15.5820,0.2688,1264.1035,201.3548,4.5499,4.6885,2.0771,4.1543,6.1317,8.4025,10.5031,18.5864,3.9466,-2.0771,2.528253,4.474023,1.127938,29,192,48,6,0.01915741,0.01232650,0.05216444,0E-8,0.000000,0.903271,0.017936,-0.04061604,2026-05-16,2026-07-20,31,1797,733,66,0.469697,0.970424,0.970991,0.063858,,,,,,,,GLOBAL_BASELINE_NO_ENTITY_RANKING,,,NOT_APPLICABLE_GLOBAL_BASELINE,HF9g-P5,,,,X 全窗基线 · 不参与实体赏罚,8395786,840,A168_HF9F_20260827_0900,2026-08-27 09:00:00
2026-06-27,150107794,1935,0,2.0771451717,2.0771451717,2.0771451717,1.0000000,1,1,0.49324550000000000,0.493245500000,1.01360149184955,1.01360149184955,1.01360149184955,0E-17,ELIGIBLE,R03b_20260811_FULL_v1,L1_ELIGIBILITY,v2026-08-11,2026-03-21..2026-08-06,baccarat_bet02_101_all_pairs_incl_sentinel,round_win = game_pnl > 0 (decisive only),COMPATIBILITY_ONLY_NOT_PRODUCTION,39187.2093,35396.6747,483.0410,8363,6242,-0.01232650,-0.05216444,-0.01154840,-0.01232650,-483.0410,39187.2093,OK,0.0000,19.3216,4.0000,96.0000,AG03-UNRESOLVED,ALL5_LEVELS_bet23_to_bet27,19.3216,19.3216,19.3216,0.0000,0.0000,4.000000,4.000000,4.000000,0.000000,0.000000,96.000000,96.000000,96.000000,100.000000,100.000000,5.0,57.9649,55.6772,425.0761,427.3638,PENDING_AG03,FALSE,NOT_FOR_ENFORCEMENT,463.7194,33980.8077,483.0410,463.7194,19.3216,0.01232650,0.01183344,19.3216,463.7194,0.01183344,19.3216,19.3216,19.3216,0.0000,0.0000,463.7194,0.01183344,57.9649,55.6772,425.0761,427.3638,0.01084732,0.0109057,0.00049306,4.6858,5.6707,0.0774,15.5820,0.2688,1264.1035,201.3548,4.5499,4.6885,2.0771,4.1543,6.1317,8.4025,10.5031,18.5864,3.9466,-2.0771,2.528253,4.474023,1.127938,29,192,48,6,0.01915741,0.01232650,0.05216444,0E-8,0.000000,0.903271,0.017936,-0.04061604,2026-05-16,2026-07-20,31,1797,733,66,0.469697,0.970424,0.970991,0.063858,,,,,,,,GLOBAL_BASELINE_NO_ENTITY_RANKING,,,NOT_APPLICABLE_GLOBAL_BASELINE,HF9g-P5,,,,X 全窗基线 · 不参与实体赏罚,8395787,840,A168_HF9F_20260827_0900,2026-08-27 09:00:00
2026-06-27,150107794,1994,0,3.1157177575,-3.1157177575,-3.1157177575,0E-7,1,1,0.50665070000000000,0.506650700000,-1.013391052207602,-1.013391052207602,-1.013391052207602,0E-17,ELIGIBLE,R03b_20260811_FULL_v1,L1_ELIGIBILITY,v2026-08-11,2026-03-21..2026-08-06,baccarat_bet02_101_all_pairs_incl_sentinel,round_win = game_pnl > 0 (decisive only),COMPATIBILITY_ONLY_NOT_PRODUCTION,39187.2093,35396.6747,483.0410,8363,6242,-0.01232650,-0.05216444,-0.01154840,-0.01232650,-483.0410,39187.2093,OK,0.0000,19.3216,4.0000,96.0000,AG03-UNRESOLVED,ALL5_LEVELS_bet23_to_bet27,19.3216,19.3216,19.3216,0.0000,0.0000,4.000000,4.000000,4.000000,0.000000,0.000000,96.000000,96.000000,96.000000,100.000000,100.000000,5.0,57.9649,55.6772,425.0761,427.3638,PENDING_AG03,FALSE,NOT_FOR_ENFORCEMENT,463.7194,33980.8077,483.0410,463.7194,19.3216,0.01232650,0.01183344,19.3216,463.7194,0.01183344,19.3216,19.3216,19.3216,0.0000,0.0000,463.7194,0.01183344,57.9649,55.6772,425.0761,427.3638,0.01084732,0.0109057,0.00049306,4.6858,5.6707,0.0774,15.5820,0.2688,1264.1035,201.3548,4.5499,4.6885,2.0771,4.1543,6.1317,8.4025,10.5031,18.5864,3.9466,-2.0771,2.528253,4.474023,1.127938,29,192,48,6,0.01915741,0.01232650,0.05216444,0E-8,0.000000,0.903271,0.017936,-0.04061604,2026-05-16,2026-07-20,31,1797,733,66,0.469697,0.970424,0.970991,0.063858,,,,,,,,GLOBAL_BASELINE_NO_ENTITY_RANKING,,,NOT_APPLICABLE_GLOBAL_BASELINE,HF9g-P5,,,,X 全窗基线 · 不参与实体赏罚,8395788,840,A168_HF9F_20260827_0900,2026-08-27 09:00:00
2026-06-27,150107794,2129,0,5.1928629292,-5.1928629292,-5.1928629292,0E-7,2,1,0.33378841999846465,0.293924150000,-0.7078309434106308,-0.6451964315166089,-0.7078309434106308,0.03986426999846465,ELIGIBLE,R03b_20260811_FULL_v1,L1_ELIGIBILITY,v2026-08-11,2026-03-21..2026-08-06,baccarat_bet02_101_all_pairs_incl_sentinel,round_win = game_pnl > 0 (decisive only),COMPATIBILITY_ONLY_NOT_PRODUCTION,39187.2093,35396.6747,483.0410,8363,6242,-0.01232650,-0.05216444,-0.01154840,-0.01232650,-483.0410,39187.2093,OK,0.0000,19.3216,4.0000,96.0000,AG03-UNRESOLVED,ALL5_LEVELS_bet23_to_bet27,19.3216,19.3216,19.3216,0.0000,0.0000,4.000000,4.000000,4.000000,0.000000,0.000000,96.000000,96.000000,96.000000,100.000000,100.000000,5.0,57.9649,55.6772,425.0761,427.3638,PENDING_AG03,FALSE,NOT_FOR_ENFORCEMENT,463.7194,33980.8077,483.0410,463.7194,19.3216,0.01232650,0.01183344,19.3216,463.7194,0.01183344,19.3216,19.3216,19.3216,0.0000,0.0000,463.7194,0.01183344,57.9649,55.6772,425.0761,427.3638,0.01084732,0.0109057,0.00049306,4.6858,5.6707,0.0774,15.5820,0.2688,1264.1035,201.3548,4.5499,4.6885,2.0771,4.1543,6.1317,8.4025,10.5031,18.5864,3.9466,-2.0771,2.528253,4.474023,1.127938,29,192,48,6,0.01915741,0.01232650,0.05216444,0E-8,0.000000,0.903271,0.017936,-0.04061604,2026-05-16,2026-07-20,31,1797,733,66,0.469697,0.970424,0.970991,0.063858,,,,,,,,GLOBAL_BASELINE_NO_ENTITY_RANKING,,,NOT_APPLICABLE_GLOBAL_BASELINE,HF9g-P5,,,,X 全窗基线 · 不参与实体赏罚,8395789,840,A168_HF9F_20260827_0900,2026-08-27 09:00:00
2026-06-27,150107794,2134,0,4.1542903434,0E-10,0E-10,0.5000000,2,2,0.49324550000000000,0.493245500000,0.01910635448239258,0.01910635448239258,0.01910635448239258,0E-17,ELIGIBLE,R03b_20260811_FULL_v1,L1_ELIGIBILITY,v2026-08-11,2026-03-21..2026-08-06,baccarat_bet02_101_all_pairs_incl_sentinel,round_win = game_pnl > 0 (decisive only),COMPATIBILITY_ONLY_NOT_PRODUCTION,39187.2093,35396.6747,483.0410,8363,6242,-0.01232650,-0.05216444,-0.01154840,-0.01232650,-483.0410,39187.2093,OK,0.0000,19.3216,4.0000,96.0000,AG03-UNRESOLVED,ALL5_LEVELS_bet23_to_bet27,19.3216,19.3216,19.3216,0.0000,0.0000,4.000000,4.000000,4.000000,0.000000,0.000000,96.000000,96.000000,96.000000,100.000000,100.000000,5.0,57.9649,55.6772,425.0761,427.3638,PENDING_AG03,FALSE,NOT_FOR_ENFORCEMENT,463.7194,33980.8077,483.0410,463.7194,19.3216,0.01232650,0.01183344,19.3216,463.7194,0.01183344,19.3216,19.3216,19.3216,0.0000,0.0000,463.7194,0.01183344,57.9649,55.6772,425.0761,427.3638,0.01084732,0.0109057,0.00049306,4.6858,5.6707,0.0774,15.5820,0.2688,1264.1035,201.3548,4.5499,4.6885,2.0771,4.1543,6.1317,8.4025,10.5031,18.5864,3.9466,-2.0771,2.528253,4.474023,1.127938,29,192,48,6,0.01915741,0.01232650,0.05216444,0E-8,0.000000,0.903271,0.017936,-0.04061604,2026-05-16,2026-07-20,31,1797,733,66,0.469697,0.970424,0.970991,0.063858,,,,,,,,GLOBAL_BASELINE_NO_ENTITY_RANKING,,,NOT_APPLICABLE_GLOBAL_BASELINE,HF9g-P5,,,,X 全窗基线 · 不参与实体赏罚,8395790,840,A168_HF9F_20260827_0900,2026-08-27 09:00:00
2026-06-27,150107794,2160,0,4.1542903434,4.1542903434,4.1542903434,1.0000000,1,1,0.49324550000000000,0.493245500000,1.01360149184955,1.01360149184955,1.01360149184955,0E-17,ELIGIBLE,R03b_20260811_FULL_v1,L1_ELIGIBILITY,v2026-08-11,2026-03-21..2026-08-06,baccarat_bet02_101_all_pairs_incl_sentinel,round_win = game_pnl > 0 (decisive only),COMPATIBILITY_ONLY_NOT_PRODUCTION,39187.2093,35396.6747,483.0410,8363,6242,-0.01232650,-0.05216444,-0.01154840,-0.01232650,-483.0410,39187.2093,OK,0.0000,19.3216,4.0000,96.0000,AG03-UNRESOLVED,ALL5_LEVELS_bet23_to_bet27,19.3216,19.3216,19.3216,0.0000,0.0000,4.000000,4.000000,4.000000,0.000000,0.000000,96.000000,96.000000,96.000000,100.000000,100.000000,5.0,57.9649,55.6772,425.0761,427.3638,PENDING_AG03,FALSE,NOT_FOR_ENFORCEMENT,463.7194,33980.8077,483.0410,463.7194,19.3216,0.01232650,0.01183344,19.3216,463.7194,0.01183344,19.3216,19.3216,19.3216,0.0000,0.0000,463.7194,0.01183344,57.9649,55.6772,425.0761,427.3638,0.01084732,0.0109057,0.00049306,4.6858,5.6707,0.0774,15.5820,0.2688,1264.1035,201.3548,4.5499,4.6885,2.0771,4.1543,6.1317,8.4025,10.5031,18.5864,3.9466,-2.0771,2.528253,4.474023,1.127938,29,192,48,6,0.01915741,0.01232650,0.05216444,0E-8,0.000000,0.903271,0.017936,-0.04061604,2026-05-16,2026-07-20,31,1797,733,66,0.469697,0.970424,0.970991,0.063858,,,,,,,,GLOBAL_BASELINE_NO_ENTITY_RANKING,,,NOT_APPLICABLE_GLOBAL_BASELINE,HF9g-P5,,,,X 全窗基线 · 不参与实体赏罚,8395791,840,A168_HF9F_20260827_0900,2026-08-27 09:00:00
2026-06-27,150107794,2201,0,4.1542903434,-2.0771451717,-2.0771451717,0E-7,2,2,0.50665070000000000,0.506650700000,-1.013391052207602,-1.013391052207602,-1.013391052207602,0E-17,ELIGIBLE,R03b_20260811_FULL_v1,L1_ELIGIBILITY,v2026-08-11,2026-03-21..2026-08-06,baccarat_bet02_101_all_pairs_incl_sentinel,round_win = game_pnl > 0 (decisive only),COMPATIBILITY_ONLY_NOT_PRODUCTION,39187.2093,35396.6747,483.0410,8363,6242,-0.01232650,-0.05216444,-0.01154840,-0.01232650,-483.0410,39187.2093,OK,0.0000,19.3216,4.0000,96.0000,AG03-UNRESOLVED,ALL5_LEVELS_bet23_to_bet27,19.3216,19.3216,19.3216,0.0000,0.0000,4.000000,4.000000,4.000000,0.000000,0.000000,96.000000,96.000000,96.000000,100.000000,100.000000,5.0,57.9649,55.6772,425.0761,427.3638,PENDING_AG03,FALSE,NOT_FOR_ENFORCEMENT,463.7194,33980.8077,483.0410,463.7194,19.3216,0.01232650,0.01183344,19.3216,463.7194,0.01183344,19.3216,19.3216,19.3216,0.0000,0.0000,463.7194,0.01183344,57.9649,55.6772,425.0761,427.3638,0.01084732,0.0109057,0.00049306,4.6858,5.6707,0.0774,15.5820,0.2688,1264.1035,201.3548,4.5499,4.6885,2.0771,4.1543,6.1317,8.4025,10.5031,18.5864,3.9466,-2.0771,2.528253,4.474023,1.127938,29,192,48,6,0.01915741,0.01232650,0.05216444,0E-8,0.000000,0.903271,0.017936,-0.04061604,2026-05-16,2026-07-20,31,1797,733,66,0.469697,0.970424,0.970991,0.063858,,,,,,,,GLOBAL_BASELINE_NO_ENTITY_RANKING,,,NOT_APPLICABLE_GLOBAL_BASELINE,HF9g-P5,,,,X 全窗基线 · 不参与实体赏罚,8395792,840,A168_HF9F_20260827_0900,2026-08-27 09:00:00
2026-06-27,150107794,2209,0,41.1274743993,-16.6690900028,-16.6690900028,0.3333333,13,12,0.48933950714279186,0.482220887500,-1.0810882282004073,-1.0321759752509752,-1.0810882282004073,0.00711861964279186,ELIGIBLE,R03b_20260811_FULL_v1,L1_ELIGIBILITY,v2026-08-11,2026-03-21..2026-08-06,baccarat_bet02_101_all_pairs_incl_sentinel,round_win = game_pnl > 0 (decisive only),COMPATIBILITY_ONLY_NOT_PRODUCTION,39187.2093,35396.6747,483.0410,8363,6242,-0.01232650,-0.05216444,-0.01154840,-0.01232650,-483.0410,39187.2093,OK,0.0000,19.3216,4.0000,96.0000,AG03-UNRESOLVED,ALL5_LEVELS_bet23_to_bet27,19.3216,19.3216,19.3216,0.0000,0.0000,4.000000,4.000000,4.000000,0.000000,0.000000,96.000000,96.000000,96.000000,100.000000,100.000000,5.0,57.9649,55.6772,425.0761,427.3638,PENDING_AG03,FALSE,NOT_FOR_ENFORCEMENT,463.7194,33980.8077,483.0410,463.7194,19.3216,0.01232650,0.01183344,19.3216,463.7194,0.01183344,19.3216,19.3216,19.3216,0.0000,0.0000,463.7194,0.01183344,57.9649,55.6772,425.0761,427.3638,0.01084732,0.0109057,0.00049306,4.6858,5.6707,0.0774,15.5820,0.2688,1264.1035,201.3548,4.5499,4.6885,2.0771,4.1543,6.1317,8.4025,10.5031,18.5864,3.9466,-2.0771,2.528253,4.474023,1.127938,29,192,48,6,0.01915741,0.01232650,0.05216444,0E-8,0.000000,0.903271,0.017936,-0.04061604,2026-05-16,2026-07-20,31,1797,733,66,0.469697,0.970424,0.970991,0.063858,,,,,,,,GLOBAL_BASELINE_NO_ENTITY_RANKING,,,NOT_APPLICABLE_GLOBAL_BASELINE,HF9g-P5,,,,X 全窗基线 · 不参与实体赏罚,8395793,840,A168_HF9F_20260827_0900,2026-08-27 09:00:00
2026-06-27,150107794,2222,0,2.0771451717,-2.0771451717,-2.0771451717,0E-7,1,1,0.50665070000000000,0.506650700000,-1.013391052207602,-1.013391052207602,-1.013391052207602,0E-17,ELIGIBLE,R03b_20260811_FULL_v1,L1_ELIGIBILITY,v2026-08-11,2026-03-21..2026-08-06,baccarat_bet02_101_all_pairs_incl_sentinel,round_win = game_pnl > 0 (decisive only),COMPATIBILITY_ONLY_NOT_PRODUCTION,39187.2093,35396.6747,483.0410,8363,6242,-0.01232650,-0.05216444,-0.01154840,-0.01232650,-483.0410,39187.2093,OK,0.0000,19.3216,4.0000,96.0000,AG03-UNRESOLVED,ALL5_LEVELS_bet23_to_bet27,19.3216,19.3216,19.3216,0.0000,0.0000,4.000000,4.000000,4.000000,0.000000,0.000000,96.000000,96.000000,96.000000,100.000000,100.000000,5.0,57.9649,55.6772,425.0761,427.3638,PENDING_AG03,FALSE,NOT_FOR_ENFORCEMENT,463.7194,33980.8077,483.0410,463.7194,19.3216,0.01232650,0.01183344,19.3216,463.7194,0.01183344,19.3216,19.3216,19.3216,0.0000,0.0000,463.7194,0.01183344,57.9649,55.6772,425.0761,427.3638,0.01084732,0.0109057,0.00049306,4.6858,5.6707,0.0774,15.5820,0.2688,1264.1035,201.3548,4.5499,4.6885,2.0771,4.1543,6.1317,8.4025,10.5031,18.5864,3.9466,-2.0771,2.528253,4.474023,1.127938,29,192,48,6,0.01915741,0.01232650,0.05216444,0E-8,0.000000,0.903271,0.017936,-0.04061604,2026-05-16,2026-07-20,31,1797,733,66,0.469697,0.970424,0.970991,0.063858,,,,,,,,GLOBAL_BASELINE_NO_ENTITY_RANKING,,,NOT_APPLICABLE_GLOBAL_BASELINE,HF9g-P5,,,,X 全窗基线 · 不参与实体赏罚,8395794,840,A168_HF9F_20260827_0900,2026-08-27 09:00:00
2026-06-27,150107794,2237,0,3.1157177575,3.1157177575,3.1157177575,1.0000000,1,1,0.49324550000000000,0.493245500000,1.01360149184955,1.01360149184955,1.01360149184955,0E-17,ELIGIBLE,R03b_20260811_FULL_v1,L1_ELIGIBILITY,v2026-08-11,2026-03-21..2026-08-06,baccarat_bet02_101_all_pairs_incl_sentinel,round_win = game_pnl > 0 (decisive only),COMPATIBILITY_ONLY_NOT_PRODUCTION,39187.2093,35396.6747,483.0410,8363,6242,-0.01232650,-0.05216444,-0.01154840,-0.01232650,-483.0410,39187.2093,OK,0.0000,19.3216,4.0000,96.0000,AG03-UNRESOLVED,ALL5_LEVELS_bet23_to_bet27,19.3216,19.3216,19.3216,0.0000,0.0000,4.000000,4.000000,4.000000,0.000000,0.000000,96.000000,96.000000,96.000000,100.000000,100.000000,5.0,57.9649,55.6772,425.0761,427.3638,PENDING_AG03,FALSE,NOT_FOR_ENFORCEMENT,463.7194,33980.8077,483.0410,463.7194,19.3216,0.01232650,0.01183344,19.3216,463.7194,0.01183344,19.3216,19.3216,19.3216,0.0000,0.0000,463.7194,0.01183344,57.9649,55.6772,425.0761,427.3638,0.01084732,0.0109057,0.00049306,4.6858,5.6707,0.0774,15.5820,0.2688,1264.1035,201.3548,4.5499,4.6885,2.0771,4.1543,6.1317,8.4025,10.5031,18.5864,3.9466,-2.0771,2.528253,4.474023,1.127938,29,192,48,6,0.01915741,0.01232650,0.05216444,0E-8,0.000000,0.903271,0.017936,-0.04061604,2026-05-16,2026-07-20,31,1797,733,66,0.469697,0.970424,0.970991,0.063858,,,,,,,,GLOBAL_BASELINE_NO_ENTITY_RANKING,,,NOT_APPLICABLE_GLOBAL_BASELINE,HF9g-P5,,,,X 全窗基线 · 不参与实体赏罚,8395795,840,A168_HF9F_20260827_0900,2026-08-27 09:00:00
2026-06-27,150107794,2241,0,7.2700081009,-7.2700081009,-7.2700081009,0E-7,3,3,0.49771390000000000,0.497713900000,-1.724149546644903,-1.724149546644903,-1.724149546644903,0E-17,ELIGIBLE,R03b_20260811_FULL_v1,L1_ELIGIBILITY,v2026-08-11,2026-03-21..2026-08-06,baccarat_bet02_101_all_pairs_incl_sentinel,round_win = game_pnl > 0 (decisive only),COMPATIBILITY_ONLY_NOT_PRODUCTION,39187.2093,35396.6747,483.0410,8363,6242,-0.01232650,-0.05216444,-0.01154840,-0.01232650,-483.0410,39187.2093,OK,0.0000,19.3216,4.0000,96.0000,AG03-UNRESOLVED,ALL5_LEVELS_bet23_to_bet27,19.3216,19.3216,19.3216,0.0000,0.0000,4.000000,4.000000,4.000000,0.000000,0.000000,96.000000,96.000000,96.000000,100.000000,100.000000,5.0,57.9649,55.6772,425.0761,427.3638,PENDING_AG03,FALSE,NOT_FOR_ENFORCEMENT,463.7194,33980.8077,483.0410,463.7194,19.3216,0.01232650,0.01183344,19.3216,463.7194,0.01183344,19.3216,19.3216,19.3216,0.0000,0.0000,463.7194,0.01183344,57.9649,55.6772,425.0761,427.3638,0.01084732,0.0109057,0.00049306,4.6858,5.6707,0.0774,15.5820,0.2688,1264.1035,201.3548,4.5499,4.6885,2.0771,4.1543,6.1317,8.4025,10.5031,18.5864,3.9466,-2.0771,2.528253,4.474023,1.127938,29,192,48,6,0.01915741,0.01232650,0.05216444,0E-8,0.000000,0.903271,0.017936,-0.04061604,2026-05-16,2026-07-20,31,1797,733,66,0.469697,0.970424,0.970991,0.063858,,,,,,,,GLOBAL_BASELINE_NO_ENTITY_RANKING,,,NOT_APPLICABLE_GLOBAL_BASELINE,HF9g-P5,,,,X 全窗基线 · 不参与实体赏罚,8395796,840,A168_HF9F_20260827_0900,2026-08-27 09:00:00
2026-06-27,150107794,2266,0,8.3085806868,0E-10,0E-10,0.5000000,2,2,0.49324550000000000,0.493245500000,0.01910635448239258,0.01910635448239258,0.01910635448239258,0E-17,ELIGIBLE,R03b_20260811_FULL_v1,L1_ELIGIBILITY,v2026-08-11,2026-03-21..2026-08-06,baccarat_bet02_101_all_pairs_incl_sentinel,round_win = game_pnl > 0 (decisive only),COMPATIBILITY_ONLY_NOT_PRODUCTION,39187.2093,35396.6747,483.0410,8363,6242,-0.01232650,-0.05216444,-0.01154840,-0.01232650,-483.0410,39187.2093,OK,0.0000,19.3216,4.0000,96.0000,AG03-UNRESOLVED,ALL5_LEVELS_bet23_to_bet27,19.3216,19.3216,19.3216,0.0000,0.0000,4.000000,4.000000,4.000000,0.000000,0.000000,96.000000,96.000000,96.000000,100.000000,100.000000,5.0,57.9649,55.6772,425.0761,427.3638,PENDING_AG03,FALSE,NOT_FOR_ENFORCEMENT,463.7194,33980.8077,483.0410,463.7194,19.3216,0.01232650,0.01183344,19.3216,463.7194,0.01183344,19.3216,19.3216,19.3216,0.0000,0.0000,463.7194,0.01183344,57.9649,55.6772,425.0761,427.3638,0.01084732,0.0109057,0.00049306,4.6858,5.6707,0.0774,15.5820,0.2688,1264.1035,201.3548,4.5499,4.6885,2.0771,4.1543,6.1317,8.4025,10.5031,18.5864,3.9466,-2.0771,2.528253,4.474023,1.127938,29,192,48,6,0.01915741,0.01232650,0.05216444,0E-8,0.000000,0.903271,0.017936,-0.04061604,2026-05-16,2026-07-20,31,1797,733,66,0.469697,0.970424,0.970991,0.063858,,,,,,,,GLOBAL_BASELINE_NO_ENTITY_RANKING,,,NOT_APPLICABLE_GLOBAL_BASELINE,HF9g-P5,,,,X 全窗基线 · 不参与实体赏罚,8395797,840,A168_HF9F_20260827_0900,2026-08-27 09:00:00
2026-06-27,150107794,752,0,30.9494630582,-18.6943065452,-18.6943065452,0.2000000,7,6,0.48844736999986775,0.467844975000,-1.290320321194076,-1.2003238539946992,-1.290320321194076,0.02060239499986775,ELIGIBLE,R03b_20260811_FULL_v1,L1_ELIGIBILITY,v2026-08-11,2026-03-21..2026-08-06,baccarat_bet02_101_all_pairs_incl_sentinel,round_win = game_pnl > 0 (decisive only),COMPATIBILITY_ONLY_NOT_PRODUCTION,39187.2093,35396.6747,483.0410,8363,6242,-0.01232650,-0.05216444,-0.01154840,-0.01232650,-483.0410,39187.2093,OK,0.0000,19.3216,4.0000,96.0000,AG03-UNRESOLVED,ALL5_LEVELS_bet23_to_bet27,19.3216,19.3216,19.3216,0.0000,0.0000,4.000000,4.000000,4.000000,0.000000,0.000000,96.000000,96.000000,96.000000,100.000000,100.000000,5.0,57.9649,55.6772,425.0761,427.3638,PENDING_AG03,FALSE,NOT_FOR_ENFORCEMENT,463.7194,33980.8077,483.0410,463.7194,19.3216,0.01232650,0.01183344,19.3216,463.7194,0.01183344,19.3216,19.3216,19.3216,0.0000,0.0000,463.7194,0.01183344,57.9649,55.6772,425.0761,427.3638,0.01084732,0.0109057,0.00049306,4.6858,5.6707,0.0774,15.5820,0.2688,1264.1035,201.3548,4.5499,4.6885,2.0771,4.1543,6.1317,8.4025,10.5031,18.5864,3.9466,-2.0771,2.528253,4.474023,1.127938,29,192,48,6,0.01915741,0.01232650,0.05216444,0E-8,0.000000,0.903271,0.017936,-0.04061604,2026-05-16,2026-07-20,31,1797,733,66,0.469697,0.970424,0.970991,0.063858,,,,,,,,GLOBAL_BASELINE_NO_ENTITY_RANKING,,,NOT_APPLICABLE_GLOBAL_BASELINE,HF9g-P5,,,,X 全窗基线 · 不参与实体赏罚,8395798,840,A168_HF9F_20260827_0900,2026-08-27 09:00:00
2026-06-27,150107794,789,0,16.6171613736,27.0028872317,27.0028872317,0.6666667,6,3,0.34640985000000000,0.300626750000,1.1657653545397915,1.3826770541014297,1.1657653545397915,0.04578310000000000,ELIGIBLE,R03b_20260811_FULL_v1,L1_ELIGIBILITY,v2026-08-11,2026-03-21..2026-08-06,baccarat_bet02_101_all_pairs_incl_sentinel,round_win = game_pnl > 0 (decisive only),COMPATIBILITY_ONLY_NOT_PRODUCTION,39187.2093,35396.6747,483.0410,8363,6242,-0.01232650,-0.05216444,-0.01154840,-0.01232650,-483.0410,39187.2093,OK,0.0000,19.3216,4.0000,96.0000,AG03-UNRESOLVED,ALL5_LEVELS_bet23_to_bet27,19.3216,19.3216,19.3216,0.0000,0.0000,4.000000,4.000000,4.000000,0.000000,0.000000,96.000000,96.000000,96.000000,100.000000,100.000000,5.0,57.9649,55.6772,425.0761,427.3638,PENDING_AG03,FALSE,NOT_FOR_ENFORCEMENT,463.7194,33980.8077,483.0410,463.7194,19.3216,0.01232650,0.01183344,19.3216,463.7194,0.01183344,19.3216,19.3216,19.3216,0.0000,0.0000,463.7194,0.01183344,57.9649,55.6772,425.0761,427.3638,0.01084732,0.0109057,0.00049306,4.6858,5.6707,0.0774,15.5820,0.2688,1264.1035,201.3548,4.5499,4.6885,2.0771,4.1543,6.1317,8.4025,10.5031,18.5864,3.9466,-2.0771,2.528253,4.474023,1.127938,29,192,48,6,0.01915741,0.01232650,0.05216444,0E-8,0.000000,0.903271,0.017936,-0.04061604,2026-05-16,2026-07-20,31,1797,733,66,0.469697,0.970424,0.970991,0.063858,,,,,,,,GLOBAL_BASELINE_NO_ENTITY_RANKING,,,NOT_APPLICABLE_GLOBAL_BASELINE,HF9g-P5,,,,X 全窗基线 · 不参与实体赏罚,8395799,840,A168_HF9F_20260827_0900,2026-08-27 09:00:00
2026-06-27,150107794,925,0,12.4628710302,-6.2314355151,-6.2314355151,0.3333333,5,4,0.44844211250000000,0.448442112500,-0.4008854837764998,-0.4008854837764998,-0.4008854837764998,0E-17,ELIGIBLE,R03b_20260811_FULL_v1,L1_ELIGIBILITY,v2026-08-11,2026-03-21..2026-08-06,baccarat_bet02_101_all_pairs_incl_sentinel,round_win = game_pnl > 0 (decisive only),COMPATIBILITY_ONLY_NOT_PRODUCTION,39187.2093,35396.6747,483.0410,8363,6242,-0.01232650,-0.05216444,-0.01154840,-0.01232650,-483.0410,39187.2093,OK,0.0000,19.3216,4.0000,96.0000,AG03-UNRESOLVED,ALL5_LEVELS_bet23_to_bet27,19.3216,19.3216,19.3216,0.0000,0.0000,4.000000,4.000000,4.000000,0.000000,0.000000,96.000000,96.000000,96.000000,100.000000,100.000000,5.0,57.9649,55.6772,425.0761,427.3638,PENDING_AG03,FALSE,NOT_FOR_ENFORCEMENT,463.7194,33980.8077,483.0410,463.7194,19.3216,0.01232650,0.01183344,19.3216,463.7194,0.01183344,19.3216,19.3216,19.3216,0.0000,0.0000,463.7194,0.01183344,57.9649,55.6772,425.0761,427.3638,0.01084732,0.0109057,0.00049306,4.6858,5.6707,0.0774,15.5820,0.2688,1264.1035,201.3548,4.5499,4.6885,2.0771,4.1543,6.1317,8.4025,10.5031,18.5864,3.9466,-2.0771,2.528253,4.474023,1.127938,29,192,48,6,0.01915741,0.01232650,0.05216444,0E-8,0.000000,0.903271,0.017936,-0.04061604,2026-05-16,2026-07-20,31,1797,733,66,0.469697,0.970424,0.970991,0.063858,,,,,,,,GLOBAL_BASELINE_NO_ENTITY_RANKING,,,NOT_APPLICABLE_GLOBAL_BASELINE,HF9g-P5,,,,X 全窗基线 · 不参与实体赏罚,8395800,840,A168_HF9F_20260827_0900,2026-08-27 09:00:00
2026-06-30,150107794,-1,1,453.0253619458,24.3752985887,24.3752985887,0.4807692,130,113,0.47371594928064042,0.464179919027,0.14405846344212406,0.3392285304402176,0.14405846344212406,0.00953603025364042,SENTINEL_DEALER,R03b_20260811_FULL_v1,L1_ELIGIBILITY,v2026-08-11,2026-03-21..2026-08-06,baccarat_bet02_101_all_pairs_incl_sentinel,round_win = game_pnl > 0 (decisive only),COMPATIBILITY_ONLY_NOT_PRODUCTION,39187.2093,35396.6747,483.0410,8363,6242,-0.01232650,-0.05216444,-0.01154840,-0.01232650,-483.0410,39187.2093,OK,0.0000,19.3216,4.0000,96.0000,AG03-UNRESOLVED,ALL5_LEVELS_bet23_to_bet27,19.3216,19.3216,19.3216,0.0000,0.0000,4.000000,4.000000,4.000000,0.000000,0.000000,96.000000,96.000000,96.000000,100.000000,100.000000,5.0,57.9649,55.6772,425.0761,427.3638,PENDING_AG03,FALSE,NOT_FOR_ENFORCEMENT,463.7194,33980.8077,483.0410,463.7194,19.3216,0.01232650,0.01183344,19.3216,463.7194,0.01183344,19.3216,19.3216,19.3216,0.0000,0.0000,463.7194,0.01183344,57.9649,55.6772,425.0761,427.3638,0.01084732,0.0109057,0.00049306,4.6858,5.6707,0.0774,15.5820,0.2688,1264.1035,201.3548,4.5499,4.6885,2.0771,4.1543,6.1317,8.4025,10.5031,18.5864,3.9466,-2.0771,2.528253,4.474023,1.127938,29,192,48,6,0.01915741,0.01232650,0.05216444,0E-8,0.000000,0.903271,0.017936,-0.04061604,2026-05-16,2026-07-20,31,1797,733,66,0.469697,0.970424,0.970991,0.063858,,,,,,,,GLOBAL_BASELINE_NO_ENTITY_RANKING,,,NOT_APPLICABLE_GLOBAL_BASELINE,HF9g-P5,,,,X 全窗基线 · 不参与实体赏罚,8395801,840,A168_HF9F_20260827_0900,2026-08-27 09:00:00
2026-06-30,150107794,1004,0,4.1542903434,-4.1542903434,-4.1542903434,0E-7,1,1,0.49324550000000000,0.493245500000,-0.9865810262130424,-0.9865810262130424,-0.9865810262130424,0E-17,ELIGIBLE,R03b_20260811_FULL_v1,L1_ELIGIBILITY,v2026-08-11,2026-03-21..2026-08-06,baccarat_bet02_101_all_pairs_incl_sentinel,round_win = game_pnl > 0 (decisive only),COMPATIBILITY_ONLY_NOT_PRODUCTION,39187.2093,35396.6747,483.0410,8363,6242,-0.01232650,-0.05216444,-0.01154840,-0.01232650,-483.0410,39187.2093,OK,0.0000,19.3216,4.0000,96.0000,AG03-UNRESOLVED,ALL5_LEVELS_bet23_to_bet27,19.3216,19.3216,19.3216,0.0000,0.0000,4.000000,4.000000,4.000000,0.000000,0.000000,96.000000,96.000000,96.000000,100.000000,100.000000,5.0,57.9649,55.6772,425.0761,427.3638,PENDING_AG03,FALSE,NOT_FOR_ENFORCEMENT,463.7194,33980.8077,483.0410,463.7194,19.3216,0.01232650,0.01183344,19.3216,463.7194,0.01183344,19.3216,19.3216,19.3216,0.0000,0.0000,463.7194,0.01183344,57.9649,55.6772,425.0761,427.3638,0.01084732,0.0109057,0.00049306,4.6858,5.6707,0.0774,15.5820,0.2688,1264.1035,201.3548,4.5499,4.6885,2.0771,4.1543,6.1317,8.4025,10.5031,18.5864,3.9466,-2.0771,2.528253,4.474023,1.127938,29,192,48,6,0.01915741,0.01232650,0.05216444,0E-8,0.000000,0.903271,0.017936,-0.04061604,2026-05-16,2026-07-20,31,1797,733,66,0.469697,0.970424,0.970991,0.063858,,,,,,,,GLOBAL_BASELINE_NO_ENTITY_RANKING,,,NOT_APPLICABLE_GLOBAL_BASELINE,HF9g-P5,,,,X 全窗基线 · 不参与实体赏罚,8395802,840,A168_HF9F_20260827_0900,2026-08-27 09:00:00
2026-06-30,150107794,1087,0,45.4894792601,22.0592817231,22.0592817231,0.6250000,11,9,0.46818481111111111,0.453420266667,0.8888819565093465,0.9748409310357664,0.8888819565093465,0.01476454444411111,ELIGIBLE,R03b_20260811_FULL_v1,L1_ELIGIBILITY,v2026-08-11,2026-03-21..2026-08-06,baccarat_bet02_101_all_pairs_incl_sentinel,round_win = game_pnl > 0 (decisive only),COMPATIBILITY_ONLY_NOT_PRODUCTION,39187.2093,35396.6747,483.0410,8363,6242,-0.01232650,-0.05216444,-0.01154840,-0.01232650,-483.0410,39187.2093,OK,0.0000,19.3216,4.0000,96.0000,AG03-UNRESOLVED,ALL5_LEVELS_bet23_to_bet27,19.3216,19.3216,19.3216,0.0000,0.0000,4.000000,4.000000,4.000000,0.000000,0.000000,96.000000,96.000000,96.000000,100.000000,100.000000,5.0,57.9649,55.6772,425.0761,427.3638,PENDING_AG03,FALSE,NOT_FOR_ENFORCEMENT,463.7194,33980.8077,483.0410,463.7194,19.3216,0.01232650,0.01183344,19.3216,463.7194,0.01183344,19.3216,19.3216,19.3216,0.0000,0.0000,463.7194,0.01183344,57.9649,55.6772,425.0761,427.3638,0.01084732,0.0109057,0.00049306,4.6858,5.6707,0.0774,15.5820,0.2688,1264.1035,201.3548,4.5499,4.6885,2.0771,4.1543,6.1317,8.4025,10.5031,18.5864,3.9466,-2.0771,2.528253,4.474023,1.127938,29,192,48,6,0.01915741,0.01232650,0.05216444,0E-8,0.000000,0.903271,0.017936,-0.04061604,2026-05-16,2026-07-20,31,1797,733,66,0.469697,0.970424,0.970991,0.063858,,,,,,,,GLOBAL_BASELINE_NO_ENTITY_RANKING,,,NOT_APPLICABLE_GLOBAL_BASELINE,HF9g-P5,,,,X 全窗基线 · 不参与实体赏罚,8395803,840,A168_HF9F_20260827_0900,2026-08-27 09:00:00
2026-06-30,150107794,1109,0,6.2314355150,-6.2314355150,-6.2314355150,0E-7,1,1,0.49324550000000000,0.493245500000,-0.9865810262130424,-0.9865810262130424,-0.9865810262130424,0E-17,ELIGIBLE,R03b_20260811_FULL_v1,L1_ELIGIBILITY,v2026-08-11,2026-03-21..2026-08-06,baccarat_bet02_101_all_pairs_incl_sentinel,round_win = game_pnl > 0 (decisive only),COMPATIBILITY_ONLY_NOT_PRODUCTION,39187.2093,35396.6747,483.0410,8363,6242,-0.01232650,-0.05216444,-0.01154840,-0.01232650,-483.0410,39187.2093,OK,0.0000,19.3216,4.0000,96.0000,AG03-UNRESOLVED,ALL5_LEVELS_bet23_to_bet27,19.3216,19.3216,19.3216,0.0000,0.0000,4.000000,4.000000,4.000000,0.000000,0.000000,96.000000,96.000000,96.000000,100.000000,100.000000,5.0,57.9649,55.6772,425.0761,427.3638,PENDING_AG03,FALSE,NOT_FOR_ENFORCEMENT,463.7194,33980.8077,483.0410,463.7194,19.3216,0.01232650,0.01183344,19.3216,463.7194,0.01183344,19.3216,19.3216,19.3216,0.0000,0.0000,463.7194,0.01183344,57.9649,55.6772,425.0761,427.3638,0.01084732,0.0109057,0.00049306,4.6858,5.6707,0.0774,15.5820,0.2688,1264.1035,201.3548,4.5499,4.6885,2.0771,4.1543,6.1317,8.4025,10.5031,18.5864,3.9466,-2.0771,2.528253,4.474023,1.127938,29,192,48,6,0.01915741,0.01232650,0.05216444,0E-8,0.000000,0.903271,0.017936,-0.04061604,2026-05-16,2026-07-20,31,1797,733,66,0.469697,0.970424,0.970991,0.063858,,,,,,,,GLOBAL_BASELINE_NO_ENTITY_RANKING,,,NOT_APPLICABLE_GLOBAL_BASELINE,HF9g-P5,,,,X 全窗基线 · 不参与实体赏罚,8395804,840,A168_HF9F_20260827_0900,2026-08-27 09:00:00
2026-06-30,150107794,1157,0,11.2165839271,-11.2165839271,-11.2165839271,0E-7,5,4,0.45129649318142166,0.446766462500,-1.8138113165087735,-1.797281185868694,-1.8138113165087735,0.00453003068142166,ELIGIBLE,R03b_20260811_FULL_v1,L1_ELIGIBILITY,v2026-08-11,2026-03-21..2026-08-06,baccarat_bet02_101_all_pairs_incl_sentinel,round_win = game_pnl > 0 (decisive only),COMPATIBILITY_ONLY_NOT_PRODUCTION,39187.2093,35396.6747,483.0410,8363,6242,-0.01232650,-0.05216444,-0.01154840,-0.01232650,-483.0410,39187.2093,OK,0.0000,19.3216,4.0000,96.0000,AG03-UNRESOLVED,ALL5_LEVELS_bet23_to_bet27,19.3216,19.3216,19.3216,0.0000,0.0000,4.000000,4.000000,4.000000,0.000000,0.000000,96.000000,96.000000,96.000000,100.000000,100.000000,5.0,57.9649,55.6772,425.0761,427.3638,PENDING_AG03,FALSE,NOT_FOR_ENFORCEMENT,463.7194,33980.8077,483.0410,463.7194,19.3216,0.01232650,0.01183344,19.3216,463.7194,0.01183344,19.3216,19.3216,19.3216,0.0000,0.0000,463.7194,0.01183344,57.9649,55.6772,425.0761,427.3638,0.01084732,0.0109057,0.00049306,4.6858,5.6707,0.0774,15.5820,0.2688,1264.1035,201.3548,4.5499,4.6885,2.0771,4.1543,6.1317,8.4025,10.5031,18.5864,3.9466,-2.0771,2.528253,4.474023,1.127938,29,192,48,6,0.01915741,0.01232650,0.05216444,0E-8,0.000000,0.903271,0.017936,-0.04061604,2026-05-16,2026-07-20,31,1797,733,66,0.469697,0.970424,0.970991,0.063858,,,,,,,,GLOBAL_BASELINE_NO_ENTITY_RANKING,,,NOT_APPLICABLE_GLOBAL_BASELINE,HF9g-P5,,,,X 全窗基线 · 不参与实体赏罚,8395805,840,A168_HF9F_20260827_0900,2026-08-27 09:00:00
2026-06-30,150107794,1221,0,3.1157177575,-3.1157177575,-3.1157177575,0E-7,1,1,0.50665070000000000,0.506650700000,-1.013391052207602,-1.013391052207602,-1.013391052207602,0E-17,ELIGIBLE,R03b_20260811_FULL_v1,L1_ELIGIBILITY,v2026-08-11,2026-03-21..2026-08-06,baccarat_bet02_101_all_pairs_incl_sentinel,round_win = game_pnl > 0 (decisive only),COMPATIBILITY_ONLY_NOT_PRODUCTION,39187.2093,35396.6747,483.0410,8363,6242,-0.01232650,-0.05216444,-0.01154840,-0.01232650,-483.0410,39187.2093,OK,0.0000,19.3216,4.0000,96.0000,AG03-UNRESOLVED,ALL5_LEVELS_bet23_to_bet27,19.3216,19.3216,19.3216,0.0000,0.0000,4.000000,4.000000,4.000000,0.000000,0.000000,96.000000,96.000000,96.000000,100.000000,100.000000,5.0,57.9649,55.6772,425.0761,427.3638,PENDING_AG03,FALSE,NOT_FOR_ENFORCEMENT,463.7194,33980.8077,483.0410,463.7194,19.3216,0.01232650,0.01183344,19.3216,463.7194,0.01183344,19.3216,19.3216,19.3216,0.0000,0.0000,463.7194,0.01183344,57.9649,55.6772,425.0761,427.3638,0.01084732,0.0109057,0.00049306,4.6858,5.6707,0.0774,15.5820,0.2688,1264.1035,201.3548,4.5499,4.6885,2.0771,4.1543,6.1317,8.4025,10.5031,18.5864,3.9466,-2.0771,2.528253,4.474023,1.127938,29,192,48,6,0.01915741,0.01232650,0.05216444,0E-8,0.000000,0.903271,0.017936,-0.04061604,2026-05-16,2026-07-20,31,1797,733,66,0.469697,0.970424,0.970991,0.063858,,,,,,,,GLOBAL_BASELINE_NO_ENTITY_RANKING,,,NOT_APPLICABLE_GLOBAL_BASELINE,HF9g-P5,,,,X 全窗基线 · 不参与实体赏罚,8395806,840,A168_HF9F_20260827_0900,2026-08-27 09:00:00
2026-06-30,150107794,1304,0,28.6646033692,-2.9391604179,-2.9391604179,0.5000000,7,6,0.48003548333333333,0.468962075000,0.09788381815666818,0.15234797085335153,0.09788381815666818,0.01107340833333333,ELIGIBLE,R03b_20260811_FULL_v1,L1_ELIGIBILITY,v2026-08-11,2026-03-21..2026-08-06,baccarat_bet02_101_all_pairs_incl_sentinel,round_win = game_pnl > 0 (decisive only),COMPATIBILITY_ONLY_NOT_PRODUCTION,39187.2093,35396.6747,483.0410,8363,6242,-0.01232650,-0.05216444,-0.01154840,-0.01232650,-483.0410,39187.2093,OK,0.0000,19.3216,4.0000,96.0000,AG03-UNRESOLVED,ALL5_LEVELS_bet23_to_bet27,19.3216,19.3216,19.3216,0.0000,0.0000,4.000000,4.000000,4.000000,0.000000,0.000000,96.000000,96.000000,96.000000,100.000000,100.000000,5.0,57.9649,55.6772,425.0761,427.3638,PENDING_AG03,FALSE,NOT_FOR_ENFORCEMENT,463.7194,33980.8077,483.0410,463.7194,19.3216,0.01232650,0.01183344,19.3216,463.7194,0.01183344,19.3216,19.3216,19.3216,0.0000,0.0000,463.7194,0.01183344,57.9649,55.6772,425.0761,427.3638,0.01084732,0.0109057,0.00049306,4.6858,5.6707,0.0774,15.5820,0.2688,1264.1035,201.3548,4.5499,4.6885,2.0771,4.1543,6.1317,8.4025,10.5031,18.5864,3.9466,-2.0771,2.528253,4.474023,1.127938,29,192,48,6,0.01915741,0.01232650,0.05216444,0E-8,0.000000,0.903271,0.017936,-0.04061604,2026-05-16,2026-07-20,31,1797,733,66,0.469697,0.970424,0.970991,0.063858,,,,,,,,GLOBAL_BASELINE_NO_ENTITY_RANKING,,,NOT_APPLICABLE_GLOBAL_BASELINE,HF9g-P5,,,,X 全窗基线 · 不参与实体赏罚,8395807,840,A168_HF9F_20260827_0900,2026-08-27 09:00:00
2026-06-30,150107794,1323,0,4.1542903434,-4.1542903434,-4.1542903434,0E-7,1,1,0.50665070000000000,0.506650700000,-1.013391052207602,-1.013391052207602,-1.013391052207602,0E-17,ELIGIBLE,R03b_20260811_FULL_v1,L1_ELIGIBILITY,v2026-08-11,2026-03-21..2026-08-06,baccarat_bet02_101_all_pairs_incl_sentinel,round_win = game_pnl > 0 (decisive only),COMPATIBILITY_ONLY_NOT_PRODUCTION,39187.2093,35396.6747,483.0410,8363,6242,-0.01232650,-0.05216444,-0.01154840,-0.01232650,-483.0410,39187.2093,OK,0.0000,19.3216,4.0000,96.0000,AG03-UNRESOLVED,ALL5_LEVELS_bet23_to_bet27,19.3216,19.3216,19.3216,0.0000,0.0000,4.000000,4.000000,4.000000,0.000000,0.000000,96.000000,96.000000,96.000000,100.000000,100.000000,5.0,57.9649,55.6772,425.0761,427.3638,PENDING_AG03,FALSE,NOT_FOR_ENFORCEMENT,463.7194,33980.8077,483.0410,463.7194,19.3216,0.01232650,0.01183344,19.3216,463.7194,0.01183344,19.3216,19.3216,19.3216,0.0000,0.0000,463.7194,0.01183344,57.9649,55.6772,425.0761,427.3638,0.01084732,0.0109057,0.00049306,4.6858,5.6707,0.0774,15.5820,0.2688,1264.1035,201.3548,4.5499,4.6885,2.0771,4.1543,6.1317,8.4025,10.5031,18.5864,3.9466,-2.0771,2.528253,4.474023,1.127938,29,192,48,6,0.01915741,0.01232650,0.05216444,0E-8,0.000000,0.903271,0.017936,-0.04061604,2026-05-16,2026-07-20,31,1797,733,66,0.469697,0.970424,0.970991,0.063858,,,,,,,,GLOBAL_BASELINE_NO_ENTITY_RANKING,,,NOT_APPLICABLE_GLOBAL_BASELINE,HF9g-P5,,,,X 全窗基线 · 不参与实体赏罚,8395808,840,A168_HF9F_20260827_0900,2026-08-27 09:00:00
2026-06-30,150107794,1330,0,37.5963276076,-13.2937290988,-13.2937290988,0.3333333,12,9,0.45174691078416615,0.434997116667,-0.7138132699099964,-0.6152037882884734,-0.7138132699099964,0.01674979411716615,ELIGIBLE,R03b_20260811_FULL_v1,L1_ELIGIBILITY,v2026-08-11,2026-03-21..2026-08-06,baccarat_bet02_101_all_pairs_incl_sentinel,round_win = game_pnl > 0 (decisive only),COMPATIBILITY_ONLY_NOT_PRODUCTION,39187.2093,35396.6747,483.0410,8363,6242,-0.01232650,-0.05216444,-0.01154840,-0.01232650,-483.0410,39187.2093,OK,0.0000,19.3216,4.0000,96.0000,AG03-UNRESOLVED,ALL5_LEVELS_bet23_to_bet27,19.3216,19.3216,19.3216,0.0000,0.0000,4.000000,4.000000,4.000000,0.000000,0.000000,96.000000,96.000000,96.000000,100.000000,100.000000,5.0,57.9649,55.6772,425.0761,427.3638,PENDING_AG03,FALSE,NOT_FOR_ENFORCEMENT,463.7194,33980.8077,483.0410,463.7194,19.3216,0.01232650,0.01183344,19.3216,463.7194,0.01183344,19.3216,19.3216,19.3216,0.0000,0.0000,463.7194,0.01183344,57.9649,55.6772,425.0761,427.3638,0.01084732,0.0109057,0.00049306,4.6858,5.6707,0.0774,15.5820,0.2688,1264.1035,201.3548,4.5499,4.6885,2.0771,4.1543,6.1317,8.4025,10.5031,18.5864,3.9466,-2.0771,2.528253,4.474023,1.127938,29,192,48,6,0.01915741,0.01232650,0.05216444,0E-8,0.000000,0.903271,0.017936,-0.04061604,2026-05-16,2026-07-20,31,1797,733,66,0.469697,0.970424,0.970991,0.063858,,,,,,,,GLOBAL_BASELINE_NO_ENTITY_RANKING,,,NOT_APPLICABLE_GLOBAL_BASELINE,HF9g-P5,,,,X 全窗基线 · 不参与实体赏罚,8395809,840,A168_HF9F_20260827_0900,2026-08-27 09:00:00
2026-06-30,150107794,1353,0,11.4242984443,13.3975863573,13.3975863573,0.6666667,5,3,0.38303632999947101,0.369301400000,1.0105633143959563,1.0672089453545757,1.0105633143959563,0.01373492999947101,ELIGIBLE,R03b_20260811_FULL_v1,L1_ELIGIBILITY,v2026-08-11,2026-03-21..2026-08-06,baccarat_bet02_101_all_pairs_incl_sentinel,round_win = game_pnl > 0 (decisive only),COMPATIBILITY_ONLY_NOT_PRODUCTION,39187.2093,35396.6747,483.0410,8363,6242,-0.01232650,-0.05216444,-0.01154840,-0.01232650,-483.0410,39187.2093,OK,0.0000,19.3216,4.0000,96.0000,AG03-UNRESOLVED,ALL5_LEVELS_bet23_to_bet27,19.3216,19.3216,19.3216,0.0000,0.0000,4.000000,4.000000,4.000000,0.000000,0.000000,96.000000,96.000000,96.000000,100.000000,100.000000,5.0,57.9649,55.6772,425.0761,427.3638,PENDING_AG03,FALSE,NOT_FOR_ENFORCEMENT,463.7194,33980.8077,483.0410,463.7194,19.3216,0.01232650,0.01183344,19.3216,463.7194,0.01183344,19.3216,19.3216,19.3216,0.0000,0.0000,463.7194,0.01183344,57.9649,55.6772,425.0761,427.3638,0.01084732,0.0109057,0.00049306,4.6858,5.6707,0.0774,15.5820,0.2688,1264.1035,201.3548,4.5499,4.6885,2.0771,4.1543,6.1317,8.4025,10.5031,18.5864,3.9466,-2.0771,2.528253,4.474023,1.127938,29,192,48,6,0.01915741,0.01232650,0.05216444,0E-8,0.000000,0.903271,0.017936,-0.04061604,2026-05-16,2026-07-20,31,1797,733,66,0.469697,0.970424,0.970991,0.063858,,,,,,,,GLOBAL_BASELINE_NO_ENTITY_RANKING,,,NOT_APPLICABLE_GLOBAL_BASELINE,HF9g-P5,,,,X 全窗基线 · 不参与实体赏罚,8395810,840,A168_HF9F_20260827_0900,2026-08-27 09:00:00
2026-06-30,150107794,1363,0,16.6171613734,1.9213592837,1.9213592837,0.5000000,4,4,0.49994810000000000,0.499948100000,0.00020760000111838688,0.00020760000111838688,0.00020760000111838688,0E-17,ELIGIBLE,R03b_20260811_FULL_v1,L1_ELIGIBILITY,v2026-08-11,2026-03-21..2026-08-06,baccarat_bet02_101_all_pairs_incl_sentinel,round_win = game_pnl > 0 (decisive only),COMPATIBILITY_ONLY_NOT_PRODUCTION,39187.2093,35396.6747,483.0410,8363,6242,-0.01232650,-0.05216444,-0.01154840,-0.01232650,-483.0410,39187.2093,OK,0.0000,19.3216,4.0000,96.0000,AG03-UNRESOLVED,ALL5_LEVELS_bet23_to_bet27,19.3216,19.3216,19.3216,0.0000,0.0000,4.000000,4.000000,4.000000,0.000000,0.000000,96.000000,96.000000,96.000000,100.000000,100.000000,5.0,57.9649,55.6772,425.0761,427.3638,PENDING_AG03,FALSE,NOT_FOR_ENFORCEMENT,463.7194,33980.8077,483.0410,463.7194,19.3216,0.01232650,0.01183344,19.3216,463.7194,0.01183344,19.3216,19.3216,19.3216,0.0000,0.0000,463.7194,0.01183344,57.9649,55.6772,425.0761,427.3638,0.01084732,0.0109057,0.00049306,4.6858,5.6707,0.0774,15.5820,0.2688,1264.1035,201.3548,4.5499,4.6885,2.0771,4.1543,6.1317,8.4025,10.5031,18.5864,3.9466,-2.0771,2.528253,4.474023,1.127938,29,192,48,6,0.01915741,0.01232650,0.05216444,0E-8,0.000000,0.903271,0.017936,-0.04061604,2026-05-16,2026-07-20,31,1797,733,66,0.469697,0.970424,0.970991,0.063858,,,,,,,,GLOBAL_BASELINE_NO_ENTITY_RANKING,,,NOT_APPLICABLE_GLOBAL_BASELINE,HF9g-P5,,,,X 全窗基线 · 不参与实体赏罚,8395811,840,A168_HF9F_20260827_0900,2026-08-27 09:00:00
2026-06-30,150107794,1385,0,11.0088694099,-11.0088694099,-11.0088694099,0E-7,3,2,0.43462157352874769,0.393584825000,-1.2399410019389712,-1.1393289695942557,-1.2399410019389712,0.04103674852874769,ELIGIBLE,R03b_20260811_FULL_v1,L1_ELIGIBILITY,v2026-08-11,2026-03-21..2026-08-06,baccarat_bet02_101_all_pairs_incl_sentinel,round_win = game_pnl > 0 (decisive only),COMPATIBILITY_ONLY_NOT_PRODUCTION,39187.2093,35396.6747,483.0410,8363,6242,-0.01232650,-0.05216444,-0.01154840,-0.01232650,-483.0410,39187.2093,OK,0.0000,19.3216,4.0000,96.0000,AG03-UNRESOLVED,ALL5_LEVELS_bet23_to_bet27,19.3216,19.3216,19.3216,0.0000,0.0000,4.000000,4.000000,4.000000,0.000000,0.000000,96.000000,96.000000,96.000000,100.000000,100.000000,5.0,57.9649,55.6772,425.0761,427.3638,PENDING_AG03,FALSE,NOT_FOR_ENFORCEMENT,463.7194,33980.8077,483.0410,463.7194,19.3216,0.01232650,0.01183344,19.3216,463.7194,0.01183344,19.3216,19.3216,19.3216,0.0000,0.0000,463.7194,0.01183344,57.9649,55.6772,425.0761,427.3638,0.01084732,0.0109057,0.00049306,4.6858,5.6707,0.0774,15.5820,0.2688,1264.1035,201.3548,4.5499,4.6885,2.0771,4.1543,6.1317,8.4025,10.5031,18.5864,3.9466,-2.0771,2.528253,4.474023,1.127938,29,192,48,6,0.01915741,0.01232650,0.05216444,0E-8,0.000000,0.903271,0.017936,-0.04061604,2026-05-16,2026-07-20,31,1797,733,66,0.469697,0.970424,0.970991,0.063858,,,,,,,,GLOBAL_BASELINE_NO_ENTITY_RANKING,,,NOT_APPLICABLE_GLOBAL_BASELINE,HF9g-P5,,,,X 全窗基线 · 不参与实体赏罚,8395812,840,A168_HF9F_20260827_0900,2026-08-27 09:00:00
2026-06-30,150107794,1396,0,15.5785887876,1.6617161374,1.6617161374,0.5714286,7,7,0.50090561428571429,0.500905614286,0.3731730247484194,0.373173024746908,0.3731730247484194,-2.8571E-13,ELIGIBLE,R03b_20260811_FULL_v1,L1_ELIGIBILITY,v2026-08-11,2026-03-21..2026-08-06,baccarat_bet02_101_all_pairs_incl_sentinel,round_win = game_pnl > 0 (decisive only),COMPATIBILITY_ONLY_NOT_PRODUCTION,39187.2093,35396.6747,483.0410,8363,6242,-0.01232650,-0.05216444,-0.01154840,-0.01232650,-483.0410,39187.2093,OK,0.0000,19.3216,4.0000,96.0000,AG03-UNRESOLVED,ALL5_LEVELS_bet23_to_bet27,19.3216,19.3216,19.3216,0.0000,0.0000,4.000000,4.000000,4.000000,0.000000,0.000000,96.000000,96.000000,96.000000,100.000000,100.000000,5.0,57.9649,55.6772,425.0761,427.3638,PENDING_AG03,FALSE,NOT_FOR_ENFORCEMENT,463.7194,33980.8077,483.0410,463.7194,19.3216,0.01232650,0.01183344,19.3216,463.7194,0.01183344,19.3216,19.3216,19.3216,0.0000,0.0000,463.7194,0.01183344,57.9649,55.6772,425.0761,427.3638,0.01084732,0.0109057,0.00049306,4.6858,5.6707,0.0774,15.5820,0.2688,1264.1035,201.3548,4.5499,4.6885,2.0771,4.1543,6.1317,8.4025,10.5031,18.5864,3.9466,-2.0771,2.528253,4.474023,1.127938,29,192,48,6,0.01915741,0.01232650,0.05216444,0E-8,0.000000,0.903271,0.017936,-0.04061604,2026-05-16,2026-07-20,31,1797,733,66,0.469697,0.970424,0.970991,0.063858,,,,,,,,GLOBAL_BASELINE_NO_ENTITY_RANKING,,,NOT_APPLICABLE_GLOBAL_BASELINE,HF9g-P5,,,,X 全窗基线 · 不参与实体赏罚,8395813,840,A168_HF9F_20260827_0900,2026-08-27 09:00:00
2026-06-30,150107794,1400,0,40.9197598821,-6.8026504372,-6.8026504372,0.5000000,15,13,0.47738263480778217,0.472892369231,0.15685826494962649,0.18808379531601369,0.15685826494962649,0.00449026557678217,ELIGIBLE,R03b_20260811_FULL_v1,L1_ELIGIBILITY,v2026-08-11,2026-03-21..2026-08-06,baccarat_bet02_101_all_pairs_incl_sentinel,round_win = game_pnl > 0 (decisive only),COMPATIBILITY_ONLY_NOT_PRODUCTION,39187.2093,35396.6747,483.0410,8363,6242,-0.01232650,-0.05216444,-0.01154840,-0.01232650,-483.0410,39187.2093,OK,0.0000,19.3216,4.0000,96.0000,AG03-UNRESOLVED,ALL5_LEVELS_bet23_to_bet27,19.3216,19.3216,19.3216,0.0000,0.0000,4.000000,4.000000,4.000000,0.000000,0.000000,96.000000,96.000000,96.000000,100.000000,100.000000,5.0,57.9649,55.6772,425.0761,427.3638,PENDING_AG03,FALSE,NOT_FOR_ENFORCEMENT,463.7194,33980.8077,483.0410,463.7194,19.3216,0.01232650,0.01183344,19.3216,463.7194,0.01183344,19.3216,19.3216,19.3216,0.0000,0.0000,463.7194,0.01183344,57.9649,55.6772,425.0761,427.3638,0.01084732,0.0109057,0.00049306,4.6858,5.6707,0.0774,15.5820,0.2688,1264.1035,201.3548,4.5499,4.6885,2.0771,4.1543,6.1317,8.4025,10.5031,18.5864,3.9466,-2.0771,2.528253,4.474023,1.127938,29,192,48,6,0.01915741,0.01232650,0.05216444,0E-8,0.000000,0.903271,0.017936,-0.04061604,2026-05-16,2026-07-20,31,1797,733,66,0.469697,0.970424,0.970991,0.063858,,,,,,,,GLOBAL_BASELINE_NO_ENTITY_RANKING,,,NOT_APPLICABLE_GLOBAL_BASELINE,HF9g-P5,,,,X 全窗基线 · 不参与实体赏罚,8395814,840,A168_HF9F_20260827_0900,2026-08-27 09:00:00
2026-06-30,150107794,1507,0,50.4746276719,-1.6097875082,-1.6097875082,0.4166667,15,13,0.49320089440557165,0.488523461538,-0.5302937147767164,-0.49796967172889556,-0.5302937147767164,0.00467743286757165,ELIGIBLE,R03b_20260811_FULL_v1,L1_ELIGIBILITY,v2026-08-11,2026-03-21..2026-08-06,baccarat_bet02_101_all_pairs_incl_sentinel,round_win = game_pnl > 0 (decisive only),COMPATIBILITY_ONLY_NOT_PRODUCTION,39187.2093,35396.6747,483.0410,8363,6242,-0.01232650,-0.05216444,-0.01154840,-0.01232650,-483.0410,39187.2093,OK,0.0000,19.3216,4.0000,96.0000,AG03-UNRESOLVED,ALL5_LEVELS_bet23_to_bet27,19.3216,19.3216,19.3216,0.0000,0.0000,4.000000,4.000000,4.000000,0.000000,0.000000,96.000000,96.000000,96.000000,100.000000,100.000000,5.0,57.9649,55.6772,425.0761,427.3638,PENDING_AG03,FALSE,NOT_FOR_ENFORCEMENT,463.7194,33980.8077,483.0410,463.7194,19.3216,0.01232650,0.01183344,19.3216,463.7194,0.01183344,19.3216,19.3216,19.3216,0.0000,0.0000,463.7194,0.01183344,57.9649,55.6772,425.0761,427.3638,0.01084732,0.0109057,0.00049306,4.6858,5.6707,0.0774,15.5820,0.2688,1264.1035,201.3548,4.5499,4.6885,2.0771,4.1543,6.1317,8.4025,10.5031,18.5864,3.9466,-2.0771,2.528253,4.474023,1.127938,29,192,48,6,0.01915741,0.01232650,0.05216444,0E-8,0.000000,0.903271,0.017936,-0.04061604,2026-05-16,2026-07-20,31,1797,733,66,0.469697,0.970424,0.970991,0.063858,,,,,,,,GLOBAL_BASELINE_NO_ENTITY_RANKING,,,NOT_APPLICABLE_GLOBAL_BASELINE,HF9g-P5,,,,X 全窗基线 · 不参与实体赏罚,8395815,840,A168_HF9F_20260827_0900,2026-08-27 09:00:00
2026-06-30,150107794,1702,0,6.2314355151,-2.0771451717,-2.0771451717,0.5000000,3,2,0.39358482500000000,0.393584825000,0.308045137873246,0.308045137873246,0.308045137873246,0E-17,ELIGIBLE,R03b_20260811_FULL_v1,L1_ELIGIBILITY,v2026-08-11,2026-03-21..2026-08-06,baccarat_bet02_101_all_pairs_incl_sentinel,round_win = game_pnl > 0 (decisive only),COMPATIBILITY_ONLY_NOT_PRODUCTION,39187.2093,35396.6747,483.0410,8363,6242,-0.01232650,-0.05216444,-0.01154840,-0.01232650,-483.0410,39187.2093,OK,0.0000,19.3216,4.0000,96.0000,AG03-UNRESOLVED,ALL5_LEVELS_bet23_to_bet27,19.3216,19.3216,19.3216,0.0000,0.0000,4.000000,4.000000,4.000000,0.000000,0.000000,96.000000,96.000000,96.000000,100.000000,100.000000,5.0,57.9649,55.6772,425.0761,427.3638,PENDING_AG03,FALSE,NOT_FOR_ENFORCEMENT,463.7194,33980.8077,483.0410,463.7194,19.3216,0.01232650,0.01183344,19.3216,463.7194,0.01183344,19.3216,19.3216,19.3216,0.0000,0.0000,463.7194,0.01183344,57.9649,55.6772,425.0761,427.3638,0.01084732,0.0109057,0.00049306,4.6858,5.6707,0.0774,15.5820,0.2688,1264.1035,201.3548,4.5499,4.6885,2.0771,4.1543,6.1317,8.4025,10.5031,18.5864,3.9466,-2.0771,2.528253,4.474023,1.127938,29,192,48,6,0.01915741,0.01232650,0.05216444,0E-8,0.000000,0.903271,0.017936,-0.04061604,2026-05-16,2026-07-20,31,1797,733,66,0.469697,0.970424,0.970991,0.063858,,,,,,,,GLOBAL_BASELINE_NO_ENTITY_RANKING,,,NOT_APPLICABLE_GLOBAL_BASELINE,HF9g-P5,,,,X 全窗基线 · 不参与实体赏罚,8395816,840,A168_HF9F_20260827_0900,2026-08-27 09:00:00
2026-06-30,150107794,1941,0,14.5400162019,-6.2314355151,-6.2314355151,0E-7,5,3,0.38251141666666667,0.360364600000,-0.7870598070488778,-0.7505935278881406,-0.7870598070488778,0.02214681666666667,ELIGIBLE,R03b_20260811_FULL_v1,L1_ELIGIBILITY,v2026-08-11,2026-03-21..2026-08-06,baccarat_bet02_101_all_pairs_incl_sentinel,round_win = game_pnl > 0 (decisive only),COMPATIBILITY_ONLY_NOT_PRODUCTION,39187.2093,35396.6747,483.0410,8363,6242,-0.01232650,-0.05216444,-0.01154840,-0.01232650,-483.0410,39187.2093,OK,0.0000,19.3216,4.0000,96.0000,AG03-UNRESOLVED,ALL5_LEVELS_bet23_to_bet27,19.3216,19.3216,19.3216,0.0000,0.0000,4.000000,4.000000,4.000000,0.000000,0.000000,96.000000,96.000000,96.000000,100.000000,100.000000,5.0,57.9649,55.6772,425.0761,427.3638,PENDING_AG03,FALSE,NOT_FOR_ENFORCEMENT,463.7194,33980.8077,483.0410,463.7194,19.3216,0.01232650,0.01183344,19.3216,463.7194,0.01183344,19.3216,19.3216,19.3216,0.0000,0.0000,463.7194,0.01183344,57.9649,55.6772,425.0761,427.3638,0.01084732,0.0109057,0.00049306,4.6858,5.6707,0.0774,15.5820,0.2688,1264.1035,201.3548,4.5499,4.6885,2.0771,4.1543,6.1317,8.4025,10.5031,18.5864,3.9466,-2.0771,2.528253,4.474023,1.127938,29,192,48,6,0.01915741,0.01232650,0.05216444,0E-8,0.000000,0.903271,0.017936,-0.04061604,2026-05-16,2026-07-20,31,1797,733,66,0.469697,0.970424,0.970991,0.063858,,,,,,,,GLOBAL_BASELINE_NO_ENTITY_RANKING,,,NOT_APPLICABLE_GLOBAL_BASELINE,HF9g-P5,,,,X 全窗基线 · 不参与实体赏罚,8395817,840,A168_HF9F_20260827_0900,2026-08-27 09:00:00
2026-06-30,150107794,1942,0,5.1928629292,1.0385725858,1.0385725858,0.5000000,2,2,0.49994810000000000,0.499948100000,0.00014679536856514622,0.00014679536856514622,0.00014679536856514622,0E-17,ELIGIBLE,R03b_20260811_FULL_v1,L1_ELIGIBILITY,v2026-08-11,2026-03-21..2026-08-06,baccarat_bet02_101_all_pairs_incl_sentinel,round_win = game_pnl > 0 (decisive only),COMPATIBILITY_ONLY_NOT_PRODUCTION,39187.2093,35396.6747,483.0410,8363,6242,-0.01232650,-0.05216444,-0.01154840,-0.01232650,-483.0410,39187.2093,OK,0.0000,19.3216,4.0000,96.0000,AG03-UNRESOLVED,ALL5_LEVELS_bet23_to_bet27,19.3216,19.3216,19.3216,0.0000,0.0000,4.000000,4.000000,4.000000,0.000000,0.000000,96.000000,96.000000,96.000000,100.000000,100.000000,5.0,57.9649,55.6772,425.0761,427.3638,PENDING_AG03,FALSE,NOT_FOR_ENFORCEMENT,463.7194,33980.8077,483.0410,463.7194,19.3216,0.01232650,0.01183344,19.3216,463.7194,0.01183344,19.3216,19.3216,19.3216,0.0000,0.0000,463.7194,0.01183344,57.9649,55.6772,425.0761,427.3638,0.01084732,0.0109057,0.00049306,4.6858,5.6707,0.0774,15.5820,0.2688,1264.1035,201.3548,4.5499,4.6885,2.0771,4.1543,6.1317,8.4025,10.5031,18.5864,3.9466,-2.0771,2.528253,4.474023,1.127938,29,192,48,6,0.01915741,0.01232650,0.05216444,0E-8,0.000000,0.903271,0.017936,-0.04061604,2026-05-16,2026-07-20,31,1797,733,66,0.469697,0.970424,0.970991,0.063858,,,,,,,,GLOBAL_BASELINE_NO_ENTITY_RANKING,,,NOT_APPLICABLE_GLOBAL_BASELINE,HF9g-P5,,,,X 全窗基线 · 不参与实体赏罚,8395818,840,A168_HF9F_20260827_0900,2026-08-27 09:00:00
2026-06-30,150107794,1949,0,4.1542903434,4.1542903434,4.1542903434,1.0000000,1,1,0.49324550000000000,0.493245500000,1.01360149184955,1.01360149184955,1.01360149184955,0E-17,ELIGIBLE,R03b_20260811_FULL_v1,L1_ELIGIBILITY,v2026-08-11,2026-03-21..2026-08-06,baccarat_bet02_101_all_pairs_incl_sentinel,round_win = game_pnl > 0 (decisive only),COMPATIBILITY_ONLY_NOT_PRODUCTION,39187.2093,35396.6747,483.0410,8363,6242,-0.01232650,-0.05216444,-0.01154840,-0.01232650,-483.0410,39187.2093,OK,0.0000,19.3216,4.0000,96.0000,AG03-UNRESOLVED,ALL5_LEVELS_bet23_to_bet27,19.3216,19.3216,19.3216,0.0000,0.0000,4.000000,4.000000,4.000000,0.000000,0.000000,96.000000,96.000000,96.000000,100.000000,100.000000,5.0,57.9649,55.6772,425.0761,427.3638,PENDING_AG03,FALSE,NOT_FOR_ENFORCEMENT,463.7194,33980.8077,483.0410,463.7194,19.3216,0.01232650,0.01183344,19.3216,463.7194,0.01183344,19.3216,19.3216,19.3216,0.0000,0.0000,463.7194,0.01183344,57.9649,55.6772,425.0761,427.3638,0.01084732,0.0109057,0.00049306,4.6858,5.6707,0.0774,15.5820,0.2688,1264.1035,201.3548,4.5499,4.6885,2.0771,4.1543,6.1317,8.4025,10.5031,18.5864,3.9466,-2.0771,2.528253,4.474023,1.127938,29,192,48,6,0.01915741,0.01232650,0.05216444,0E-8,0.000000,0.903271,0.017936,-0.04061604,2026-05-16,2026-07-20,31,1797,733,66,0.469697,0.970424,0.970991,0.063858,,,,,,,,GLOBAL_BASELINE_NO_ENTITY_RANKING,,,NOT_APPLICABLE_GLOBAL_BASELINE,HF9g-P5,,,,X 全窗基线 · 不参与实体赏罚,8395819,840,A168_HF9F_20260827_0900,2026-08-27 09:00:00
2026-06-30,150107794,1994,0,32.1957501613,7.2700081009,7.2700081009,0.5555556,9,9,0.49622443333333333,0.496224433333,0.35599688288054965,0.35599688288255155,0.35599688288054965,3.3333E-13,ELIGIBLE,R03b_20260811_FULL_v1,L1_ELIGIBILITY,v2026-08-11,2026-03-21..2026-08-06,baccarat_bet02_101_all_pairs_incl_sentinel,round_win = game_pnl > 0 (decisive only),COMPATIBILITY_ONLY_NOT_PRODUCTION,39187.2093,35396.6747,483.0410,8363,6242,-0.01232650,-0.05216444,-0.01154840,-0.01232650,-483.0410,39187.2093,OK,0.0000,19.3216,4.0000,96.0000,AG03-UNRESOLVED,ALL5_LEVELS_bet23_to_bet27,19.3216,19.3216,19.3216,0.0000,0.0000,4.000000,4.000000,4.000000,0.000000,0.000000,96.000000,96.000000,96.000000,100.000000,100.000000,5.0,57.9649,55.6772,425.0761,427.3638,PENDING_AG03,FALSE,NOT_FOR_ENFORCEMENT,463.7194,33980.8077,483.0410,463.7194,19.3216,0.01232650,0.01183344,19.3216,463.7194,0.01183344,19.3216,19.3216,19.3216,0.0000,0.0000,463.7194,0.01183344,57.9649,55.6772,425.0761,427.3638,0.01084732,0.0109057,0.00049306,4.6858,5.6707,0.0774,15.5820,0.2688,1264.1035,201.3548,4.5499,4.6885,2.0771,4.1543,6.1317,8.4025,10.5031,18.5864,3.9466,-2.0771,2.528253,4.474023,1.127938,29,192,48,6,0.01915741,0.01232650,0.05216444,0E-8,0.000000,0.903271,0.017936,-0.04061604,2026-05-16,2026-07-20,31,1797,733,66,0.469697,0.970424,0.970991,0.063858,,,,,,,,GLOBAL_BASELINE_NO_ENTITY_RANKING,,,NOT_APPLICABLE_GLOBAL_BASELINE,HF9g-P5,,,,X 全窗基线 · 不参与实体赏罚,8395820,840,A168_HF9F_20260827_0900,2026-08-27 09:00:00
2026-06-30,150107794,2084,0,48.6051970174,-11.1750410237,-11.1750410237,0.4545455,14,12,0.44357078874976779,0.431832000000,0.07326578660443082,0.15208407438130406,0.07326578660443082,0.01173878874976779,ELIGIBLE,R03b_20260811_FULL_v1,L1_ELIGIBILITY,v2026-08-11,2026-03-21..2026-08-06,baccarat_bet02_101_all_pairs_incl_sentinel,round_win = game_pnl > 0 (decisive only),COMPATIBILITY_ONLY_NOT_PRODUCTION,39187.2093,35396.6747,483.0410,8363,6242,-0.01232650,-0.05216444,-0.01154840,-0.01232650,-483.0410,39187.2093,OK,0.0000,19.3216,4.0000,96.0000,AG03-UNRESOLVED,ALL5_LEVELS_bet23_to_bet27,19.3216,19.3216,19.3216,0.0000,0.0000,4.000000,4.000000,4.000000,0.000000,0.000000,96.000000,96.000000,96.000000,100.000000,100.000000,5.0,57.9649,55.6772,425.0761,427.3638,PENDING_AG03,FALSE,NOT_FOR_ENFORCEMENT,463.7194,33980.8077,483.0410,463.7194,19.3216,0.01232650,0.01183344,19.3216,463.7194,0.01183344,19.3216,19.3216,19.3216,0.0000,0.0000,463.7194,0.01183344,57.9649,55.6772,425.0761,427.3638,0.01084732,0.0109057,0.00049306,4.6858,5.6707,0.0774,15.5820,0.2688,1264.1035,201.3548,4.5499,4.6885,2.0771,4.1543,6.1317,8.4025,10.5031,18.5864,3.9466,-2.0771,2.528253,4.474023,1.127938,29,192,48,6,0.01915741,0.01232650,0.05216444,0E-8,0.000000,0.903271,0.017936,-0.04061604,2026-05-16,2026-07-20,31,1797,733,66,0.469697,0.970424,0.970991,0.063858,,,,,,,,GLOBAL_BASELINE_NO_ENTITY_RANKING,,,NOT_APPLICABLE_GLOBAL_BASELINE,HF9g-P5,,,,X 全窗基线 · 不参与实体赏罚,8395821,840,A168_HF9F_20260827_0900,2026-08-27 09:00:00
2026-06-30,150107794,2093,0,54.0057744639,12.9821573232,12.9821573232,0.6428571,17,15,0.48059223333346257,0.471584560000,1.215195173983699,1.2837614397790993,1.215195173983699,0.00900767333346257,ELIGIBLE,R03b_20260811_FULL_v1,L1_ELIGIBILITY,v2026-08-11,2026-03-21..2026-08-06,baccarat_bet02_101_all_pairs_incl_sentinel,round_win = game_pnl > 0 (decisive only),COMPATIBILITY_ONLY_NOT_PRODUCTION,39187.2093,35396.6747,483.0410,8363,6242,-0.01232650,-0.05216444,-0.01154840,-0.01232650,-483.0410,39187.2093,OK,0.0000,19.3216,4.0000,96.0000,AG03-UNRESOLVED,ALL5_LEVELS_bet23_to_bet27,19.3216,19.3216,19.3216,0.0000,0.0000,4.000000,4.000000,4.000000,0.000000,0.000000,96.000000,96.000000,96.000000,100.000000,100.000000,5.0,57.9649,55.6772,425.0761,427.3638,PENDING_AG03,FALSE,NOT_FOR_ENFORCEMENT,463.7194,33980.8077,483.0410,463.7194,19.3216,0.01232650,0.01183344,19.3216,463.7194,0.01183344,19.3216,19.3216,19.3216,0.0000,0.0000,463.7194,0.01183344,57.9649,55.6772,425.0761,427.3638,0.01084732,0.0109057,0.00049306,4.6858,5.6707,0.0774,15.5820,0.2688,1264.1035,201.3548,4.5499,4.6885,2.0771,4.1543,6.1317,8.4025,10.5031,18.5864,3.9466,-2.0771,2.528253,4.474023,1.127938,29,192,48,6,0.01915741,0.01232650,0.05216444,0E-8,0.000000,0.903271,0.017936,-0.04061604,2026-05-16,2026-07-20,31,1797,733,66,0.469697,0.970424,0.970991,0.063858,,,,,,,,GLOBAL_BASELINE_NO_ENTITY_RANKING,,,NOT_APPLICABLE_GLOBAL_BASELINE,HF9g-P5,,,,X 全窗基线 · 不参与实体赏罚,8395822,840,A168_HF9F_20260827_0900,2026-08-27 09:00:00
2026-06-30,150107794,2117,0,29.7031759552,5.9925638202,5.9925638202,0.6666667,8,7,0.48192262857142857,0.472431135714,0.9056493630390897,0.9530056333617439,0.9056493630390897,0.00949149285742857,ELIGIBLE,R03b_20260811_FULL_v1,L1_ELIGIBILITY,v2026-08-11,2026-03-21..2026-08-06,baccarat_bet02_101_all_pairs_incl_sentinel,round_win = game_pnl > 0 (decisive only),COMPATIBILITY_ONLY_NOT_PRODUCTION,39187.2093,35396.6747,483.0410,8363,6242,-0.01232650,-0.05216444,-0.01154840,-0.01232650,-483.0410,39187.2093,OK,0.0000,19.3216,4.0000,96.0000,AG03-UNRESOLVED,ALL5_LEVELS_bet23_to_bet27,19.3216,19.3216,19.3216,0.0000,0.0000,4.000000,4.000000,4.000000,0.000000,0.000000,96.000000,96.000000,96.000000,100.000000,100.000000,5.0,57.9649,55.6772,425.0761,427.3638,PENDING_AG03,FALSE,NOT_FOR_ENFORCEMENT,463.7194,33980.8077,483.0410,463.7194,19.3216,0.01232650,0.01183344,19.3216,463.7194,0.01183344,19.3216,19.3216,19.3216,0.0000,0.0000,463.7194,0.01183344,57.9649,55.6772,425.0761,427.3638,0.01084732,0.0109057,0.00049306,4.6858,5.6707,0.0774,15.5820,0.2688,1264.1035,201.3548,4.5499,4.6885,2.0771,4.1543,6.1317,8.4025,10.5031,18.5864,3.9466,-2.0771,2.528253,4.474023,1.127938,29,192,48,6,0.01915741,0.01232650,0.05216444,0E-8,0.000000,0.903271,0.017936,-0.04061604,2026-05-16,2026-07-20,31,1797,733,66,0.469697,0.970424,0.970991,0.063858,,,,,,,,GLOBAL_BASELINE_NO_ENTITY_RANKING,,,NOT_APPLICABLE_GLOBAL_BASELINE,HF9g-P5,,,,X 全窗基线 · 不参与实体赏罚,8395823,840,A168_HF9F_20260827_0900,2026-08-27 09:00:00
2026-06-30,150107794,2127,0,8.1008661695,-2.0252165424,-2.0252165424,0.5000000,3,2,0.42424111999920651,0.403638725000,0.21678131211592094,0.27775789067037676,0.21678131211592094,0.02060239499920651,ELIGIBLE,R03b_20260811_FULL_v1,L1_ELIGIBILITY,v2026-08-11,2026-03-21..2026-08-06,baccarat_bet02_101_all_pairs_incl_sentinel,round_win = game_pnl > 0 (decisive only),COMPATIBILITY_ONLY_NOT_PRODUCTION,39187.2093,35396.6747,483.0410,8363,6242,-0.01232650,-0.05216444,-0.01154840,-0.01232650,-483.0410,39187.2093,OK,0.0000,19.3216,4.0000,96.0000,AG03-UNRESOLVED,ALL5_LEVELS_bet23_to_bet27,19.3216,19.3216,19.3216,0.0000,0.0000,4.000000,4.000000,4.000000,0.000000,0.000000,96.000000,96.000000,96.000000,100.000000,100.000000,5.0,57.9649,55.6772,425.0761,427.3638,PENDING_AG03,FALSE,NOT_FOR_ENFORCEMENT,463.7194,33980.8077,483.0410,463.7194,19.3216,0.01232650,0.01183344,19.3216,463.7194,0.01183344,19.3216,19.3216,19.3216,0.0000,0.0000,463.7194,0.01183344,57.9649,55.6772,425.0761,427.3638,0.01084732,0.0109057,0.00049306,4.6858,5.6707,0.0774,15.5820,0.2688,1264.1035,201.3548,4.5499,4.6885,2.0771,4.1543,6.1317,8.4025,10.5031,18.5864,3.9466,-2.0771,2.528253,4.474023,1.127938,29,192,48,6,0.01915741,0.01232650,0.05216444,0E-8,0.000000,0.903271,0.017936,-0.04061604,2026-05-16,2026-07-20,31,1797,733,66,0.469697,0.970424,0.970991,0.063858,,,,,,,,GLOBAL_BASELINE_NO_ENTITY_RANKING,,,NOT_APPLICABLE_GLOBAL_BASELINE,HF9g-P5,,,,X 全窗基线 · 不参与实体赏罚,8395824,840,A168_HF9F_20260827_0900,2026-08-27 09:00:00
2026-06-30,150107794,2130,0,18.6943065451,1.0385725858,1.0385725858,0.6666667,8,6,0.43327792499972676,0.430156350000,0.8157783655075838,0.8274079533670855,0.8157783655075838,0.00312157499972676,ELIGIBLE,R03b_20260811_FULL_v1,L1_ELIGIBILITY,v2026-08-11,2026-03-21..2026-08-06,baccarat_bet02_101_all_pairs_incl_sentinel,round_win = game_pnl > 0 (decisive only),COMPATIBILITY_ONLY_NOT_PRODUCTION,39187.2093,35396.6747,483.0410,8363,6242,-0.01232650,-0.05216444,-0.01154840,-0.01232650,-483.0410,39187.2093,OK,0.0000,19.3216,4.0000,96.0000,AG03-UNRESOLVED,ALL5_LEVELS_bet23_to_bet27,19.3216,19.3216,19.3216,0.0000,0.0000,4.000000,4.000000,4.000000,0.000000,0.000000,96.000000,96.000000,96.000000,100.000000,100.000000,5.0,57.9649,55.6772,425.0761,427.3638,PENDING_AG03,FALSE,NOT_FOR_ENFORCEMENT,463.7194,33980.8077,483.0410,463.7194,19.3216,0.01232650,0.01183344,19.3216,463.7194,0.01183344,19.3216,19.3216,19.3216,0.0000,0.0000,463.7194,0.01183344,57.9649,55.6772,425.0761,427.3638,0.01084732,0.0109057,0.00049306,4.6858,5.6707,0.0774,15.5820,0.2688,1264.1035,201.3548,4.5499,4.6885,2.0771,4.1543,6.1317,8.4025,10.5031,18.5864,3.9466,-2.0771,2.528253,4.474023,1.127938,29,192,48,6,0.01915741,0.01232650,0.05216444,0E-8,0.000000,0.903271,0.017936,-0.04061604,2026-05-16,2026-07-20,31,1797,733,66,0.469697,0.970424,0.970991,0.063858,,,,,,,,GLOBAL_BASELINE_NO_ENTITY_RANKING,,,NOT_APPLICABLE_GLOBAL_BASELINE,HF9g-P5,,,,X 全窗基线 · 不参与实体赏罚,8395825,840,A168_HF9F_20260827_0900,2026-08-27 09:00:00
2026-06-30,150107794,2145,0,29.0800324036,-24.9257420602,-24.9257420602,0.1666667,8,6,0.45172021874990004,0.426805050000,-1.4030275599687545,-1.2882914059731494,-1.4030275599687545,0.02491516874990004,ELIGIBLE,R03b_20260811_FULL_v1,L1_ELIGIBILITY,v2026-08-11,2026-03-21..2026-08-06,baccarat_bet02_101_all_pairs_incl_sentinel,round_win = game_pnl > 0 (decisive only),COMPATIBILITY_ONLY_NOT_PRODUCTION,39187.2093,35396.6747,483.0410,8363,6242,-0.01232650,-0.05216444,-0.01154840,-0.01232650,-483.0410,39187.2093,OK,0.0000,19.3216,4.0000,96.0000,AG03-UNRESOLVED,ALL5_LEVELS_bet23_to_bet27,19.3216,19.3216,19.3216,0.0000,0.0000,4.000000,4.000000,4.000000,0.000000,0.000000,96.000000,96.000000,96.000000,100.000000,100.000000,5.0,57.9649,55.6772,425.0761,427.3638,PENDING_AG03,FALSE,NOT_FOR_ENFORCEMENT,463.7194,33980.8077,483.0410,463.7194,19.3216,0.01232650,0.01183344,19.3216,463.7194,0.01183344,19.3216,19.3216,19.3216,0.0000,0.0000,463.7194,0.01183344,57.9649,55.6772,425.0761,427.3638,0.01084732,0.0109057,0.00049306,4.6858,5.6707,0.0774,15.5820,0.2688,1264.1035,201.3548,4.5499,4.6885,2.0771,4.1543,6.1317,8.4025,10.5031,18.5864,3.9466,-2.0771,2.528253,4.474023,1.127938,29,192,48,6,0.01915741,0.01232650,0.05216444,0E-8,0.000000,0.903271,0.017936,-0.04061604,2026-05-16,2026-07-20,31,1797,733,66,0.469697,0.970424,0.970991,0.063858,,,,,,,,GLOBAL_BASELINE_NO_ENTITY_RANKING,,,NOT_APPLICABLE_GLOBAL_BASELINE,HF9g-P5,,,,X 全窗基线 · 不参与实体赏罚,8395826,840,A168_HF9F_20260827_0900,2026-08-27 09:00:00
2026-06-30,150107794,2175,0,85.5783810737,-37.5963276075,-37.5963276075,0.2777778,22,19,0.45726476447362108,0.445025734211,-1.5285911525181504,-1.427802332609291,-1.5285911525181504,0.01223903026262108,ELIGIBLE,R03b_20260811_FULL_v1,L1_ELIGIBILITY,v2026-08-11,2026-03-21..2026-08-06,baccarat_bet02_101_all_pairs_incl_sentinel,round_win = game_pnl > 0 (decisive only),COMPATIBILITY_ONLY_NOT_PRODUCTION,39187.2093,35396.6747,483.0410,8363,6242,-0.01232650,-0.05216444,-0.01154840,-0.01232650,-483.0410,39187.2093,OK,0.0000,19.3216,4.0000,96.0000,AG03-UNRESOLVED,ALL5_LEVELS_bet23_to_bet27,19.3216,19.3216,19.3216,0.0000,0.0000,4.000000,4.000000,4.000000,0.000000,0.000000,96.000000,96.000000,96.000000,100.000000,100.000000,5.0,57.9649,55.6772,425.0761,427.3638,PENDING_AG03,FALSE,NOT_FOR_ENFORCEMENT,463.7194,33980.8077,483.0410,463.7194,19.3216,0.01232650,0.01183344,19.3216,463.7194,0.01183344,19.3216,19.3216,19.3216,0.0000,0.0000,463.7194,0.01183344,57.9649,55.6772,425.0761,427.3638,0.01084732,0.0109057,0.00049306,4.6858,5.6707,0.0774,15.5820,0.2688,1264.1035,201.3548,4.5499,4.6885,2.0771,4.1543,6.1317,8.4025,10.5031,18.5864,3.9466,-2.0771,2.528253,4.474023,1.127938,29,192,48,6,0.01915741,0.01232650,0.05216444,0E-8,0.000000,0.903271,0.017936,-0.04061604,2026-05-16,2026-07-20,31,1797,733,66,0.469697,0.970424,0.970991,0.063858,,,,,,,,GLOBAL_BASELINE_NO_ENTITY_RANKING,,,NOT_APPLICABLE_GLOBAL_BASELINE,HF9g-P5,,,,X 全窗基线 · 不参与实体赏罚,8395827,840,A168_HF9F_20260827_0900,2026-08-27 09:00:00
2026-06-30,150107794,2177,0,11.8397274786,-7.7892943938,-7.7892943938,0.2500000,5,4,0.46343512999961616,0.453469062500,-0.8560326021719499,-0.8174236008593945,-0.8560326021719499,0.00996606749961616,ELIGIBLE,R03b_20260811_FULL_v1,L1_ELIGIBILITY,v2026-08-11,2026-03-21..2026-08-06,baccarat_bet02_101_all_pairs_incl_sentinel,round_win = game_pnl > 0 (decisive only),COMPATIBILITY_ONLY_NOT_PRODUCTION,39187.2093,35396.6747,483.0410,8363,6242,-0.01232650,-0.05216444,-0.01154840,-0.01232650,-483.0410,39187.2093,OK,0.0000,19.3216,4.0000,96.0000,AG03-UNRESOLVED,ALL5_LEVELS_bet23_to_bet27,19.3216,19.3216,19.3216,0.0000,0.0000,4.000000,4.000000,4.000000,0.000000,0.000000,96.000000,96.000000,96.000000,100.000000,100.000000,5.0,57.9649,55.6772,425.0761,427.3638,PENDING_AG03,FALSE,NOT_FOR_ENFORCEMENT,463.7194,33980.8077,483.0410,463.7194,19.3216,0.01232650,0.01183344,19.3216,463.7194,0.01183344,19.3216,19.3216,19.3216,0.0000,0.0000,463.7194,0.01183344,57.9649,55.6772,425.0761,427.3638,0.01084732,0.0109057,0.00049306,4.6858,5.6707,0.0774,15.5820,0.2688,1264.1035,201.3548,4.5499,4.6885,2.0771,4.1543,6.1317,8.4025,10.5031,18.5864,3.9466,-2.0771,2.528253,4.474023,1.127938,29,192,48,6,0.01915741,0.01232650,0.05216444,0E-8,0.000000,0.903271,0.017936,-0.04061604,2026-05-16,2026-07-20,31,1797,733,66,0.469697,0.970424,0.970991,0.063858,,,,,,,,GLOBAL_BASELINE_NO_ENTITY_RANKING,,,NOT_APPLICABLE_GLOBAL_BASELINE,HF9g-P5,,,,X 全窗基线 · 不参与实体赏罚,8395828,840,A168_HF9F_20260827_0900,2026-08-27 09:00:00
2026-06-30,150107794,2210,0,21.8100243028,-13.5014436160,-13.5014436160,0.1428571,7,7,0.49516052857142857,0.495160528571,-1.8643016170287334,-1.864301617026481,-1.8643016170287334,4.2857E-13,ELIGIBLE,R03b_20260811_FULL_v1,L1_ELIGIBILITY,v2026-08-11,2026-03-21..2026-08-06,baccarat_bet02_101_all_pairs_incl_sentinel,round_win = game_pnl > 0 (decisive only),COMPATIBILITY_ONLY_NOT_PRODUCTION,39187.2093,35396.6747,483.0410,8363,6242,-0.01232650,-0.05216444,-0.01154840,-0.01232650,-483.0410,39187.2093,OK,0.0000,19.3216,4.0000,96.0000,AG03-UNRESOLVED,ALL5_LEVELS_bet23_to_bet27,19.3216,19.3216,19.3216,0.0000,0.0000,4.000000,4.000000,4.000000,0.000000,0.000000,96.000000,96.000000,96.000000,100.000000,100.000000,5.0,57.9649,55.6772,425.0761,427.3638,PENDING_AG03,FALSE,NOT_FOR_ENFORCEMENT,463.7194,33980.8077,483.0410,463.7194,19.3216,0.01232650,0.01183344,19.3216,463.7194,0.01183344,19.3216,19.3216,19.3216,0.0000,0.0000,463.7194,0.01183344,57.9649,55.6772,425.0761,427.3638,0.01084732,0.0109057,0.00049306,4.6858,5.6707,0.0774,15.5820,0.2688,1264.1035,201.3548,4.5499,4.6885,2.0771,4.1543,6.1317,8.4025,10.5031,18.5864,3.9466,-2.0771,2.528253,4.474023,1.127938,29,192,48,6,0.01915741,0.01232650,0.05216444,0E-8,0.000000,0.903271,0.017936,-0.04061604,2026-05-16,2026-07-20,31,1797,733,66,0.469697,0.970424,0.970991,0.063858,,,,,,,,GLOBAL_BASELINE_NO_ENTITY_RANKING,,,NOT_APPLICABLE_GLOBAL_BASELINE,HF9g-P5,,,,X 全窗基线 · 不参与实体赏罚,8395829,840,A168_HF9F_20260827_0900,2026-08-27 09:00:00
2026-06-30,150107794,2216,0,31.9880356441,-7.4777226181,-7.4777226181,0.2500000,10,8,0.49065229250000000,0.483896537500,-1.3615729117635957,-1.3238053826433687,-1.3615729117635957,0.00675575500000000,ELIGIBLE,R03b_20260811_FULL_v1,L1_ELIGIBILITY,v2026-08-11,2026-03-21..2026-08-06,baccarat_bet02_101_all_pairs_incl_sentinel,round_win = game_pnl > 0 (decisive only),COMPATIBILITY_ONLY_NOT_PRODUCTION,39187.2093,35396.6747,483.0410,8363,6242,-0.01232650,-0.05216444,-0.01154840,-0.01232650,-483.0410,39187.2093,OK,0.0000,19.3216,4.0000,96.0000,AG03-UNRESOLVED,ALL5_LEVELS_bet23_to_bet27,19.3216,19.3216,19.3216,0.0000,0.0000,4.000000,4.000000,4.000000,0.000000,0.000000,96.000000,96.000000,96.000000,100.000000,100.000000,5.0,57.9649,55.6772,425.0761,427.3638,PENDING_AG03,FALSE,NOT_FOR_ENFORCEMENT,463.7194,33980.8077,483.0410,463.7194,19.3216,0.01232650,0.01183344,19.3216,463.7194,0.01183344,19.3216,19.3216,19.3216,0.0000,0.0000,463.7194,0.01183344,57.9649,55.6772,425.0761,427.3638,0.01084732,0.0109057,0.00049306,4.6858,5.6707,0.0774,15.5820,0.2688,1264.1035,201.3548,4.5499,4.6885,2.0771,4.1543,6.1317,8.4025,10.5031,18.5864,3.9466,-2.0771,2.528253,4.474023,1.127938,29,192,48,6,0.01915741,0.01232650,0.05216444,0E-8,0.000000,0.903271,0.017936,-0.04061604,2026-05-16,2026-07-20,31,1797,733,66,0.469697,0.970424,0.970991,0.063858,,,,,,,,GLOBAL_BASELINE_NO_ENTITY_RANKING,,,NOT_APPLICABLE_GLOBAL_BASELINE,HF9g-P5,,,,X 全窗基线 · 不参与实体赏罚,8395830,840,A168_HF9F_20260827_0900,2026-08-27 09:00:00
2026-06-30,150107794,2218,0,38.2194711591,7.2700081009,7.2700081009,0.6250000,9,8,0.47998668750000000,0.471681631250,0.8209770929786332,0.8686940485359352,0.8209770929786332,0.00830505625000000,ELIGIBLE,R03b_20260811_FULL_v1,L1_ELIGIBILITY,v2026-08-11,2026-03-21..2026-08-06,baccarat_bet02_101_all_pairs_incl_sentinel,round_win = game_pnl > 0 (decisive only),COMPATIBILITY_ONLY_NOT_PRODUCTION,39187.2093,35396.6747,483.0410,8363,6242,-0.01232650,-0.05216444,-0.01154840,-0.01232650,-483.0410,39187.2093,OK,0.0000,19.3216,4.0000,96.0000,AG03-UNRESOLVED,ALL5_LEVELS_bet23_to_bet27,19.3216,19.3216,19.3216,0.0000,0.0000,4.000000,4.000000,4.000000,0.000000,0.000000,96.000000,96.000000,96.000000,100.000000,100.000000,5.0,57.9649,55.6772,425.0761,427.3638,PENDING_AG03,FALSE,NOT_FOR_ENFORCEMENT,463.7194,33980.8077,483.0410,463.7194,19.3216,0.01232650,0.01183344,19.3216,463.7194,0.01183344,19.3216,19.3216,19.3216,0.0000,0.0000,463.7194,0.01183344,57.9649,55.6772,425.0761,427.3638,0.01084732,0.0109057,0.00049306,4.6858,5.6707,0.0774,15.5820,0.2688,1264.1035,201.3548,4.5499,4.6885,2.0771,4.1543,6.1317,8.4025,10.5031,18.5864,3.9466,-2.0771,2.528253,4.474023,1.127938,29,192,48,6,0.01915741,0.01232650,0.05216444,0E-8,0.000000,0.903271,0.017936,-0.04061604,2026-05-16,2026-07-20,31,1797,733,66,0.469697,0.970424,0.970991,0.063858,,,,,,,,GLOBAL_BASELINE_NO_ENTITY_RANKING,,,NOT_APPLICABLE_GLOBAL_BASELINE,HF9g-P5,,,,X 全窗基线 · 不参与实体赏罚,8395831,840,A168_HF9F_20260827_0900,2026-08-27 09:00:00
2026-06-30,150107794,2222,0,44.4509066741,-0.4362004862,-0.4362004862,0.3636364,14,12,0.47891838333333333,0.467844975000,-0.765375029675465,-0.6926755895069229,-0.765375029675465,0.01107340833333333,ELIGIBLE,R03b_20260811_FULL_v1,L1_ELIGIBILITY,v2026-08-11,2026-03-21..2026-08-06,baccarat_bet02_101_all_pairs_incl_sentinel,round_win = game_pnl > 0 (decisive only),COMPATIBILITY_ONLY_NOT_PRODUCTION,39187.2093,35396.6747,483.0410,8363,6242,-0.01232650,-0.05216444,-0.01154840,-0.01232650,-483.0410,39187.2093,OK,0.0000,19.3216,4.0000,96.0000,AG03-UNRESOLVED,ALL5_LEVELS_bet23_to_bet27,19.3216,19.3216,19.3216,0.0000,0.0000,4.000000,4.000000,4.000000,0.000000,0.000000,96.000000,96.000000,96.000000,100.000000,100.000000,5.0,57.9649,55.6772,425.0761,427.3638,PENDING_AG03,FALSE,NOT_FOR_ENFORCEMENT,463.7194,33980.8077,483.0410,463.7194,19.3216,0.01232650,0.01183344,19.3216,463.7194,0.01183344,19.3216,19.3216,19.3216,0.0000,0.0000,463.7194,0.01183344,57.9649,55.6772,425.0761,427.3638,0.01084732,0.0109057,0.00049306,4.6858,5.6707,0.0774,15.5820,0.2688,1264.1035,201.3548,4.5499,4.6885,2.0771,4.1543,6.1317,8.4025,10.5031,18.5864,3.9466,-2.0771,2.528253,4.474023,1.127938,29,192,48,6,0.01915741,0.01232650,0.05216444,0E-8,0.000000,0.903271,0.017936,-0.04061604,2026-05-16,2026-07-20,31,1797,733,66,0.469697,0.970424,0.970991,0.063858,,,,,,,,GLOBAL_BASELINE_NO_ENTITY_RANKING,,,NOT_APPLICABLE_GLOBAL_BASELINE,HF9g-P5,,,,X 全窗基线 · 不参与实体赏罚,8395832,840,A168_HF9F_20260827_0900,2026-08-27 09:00:00
2026-06-30,150107794,2235,0,14.5400162017,-2.1186880751,-2.1186880751,0.5000000,6,5,0.46545836782601196,0.460083830000,0.13849741322766787,0.160175912613359,0.13849741322766787,0.00537453782601196,ELIGIBLE,R03b_20260811_FULL_v1,L1_ELIGIBILITY,v2026-08-11,2026-03-21..2026-08-06,baccarat_bet02_101_all_pairs_incl_sentinel,round_win = game_pnl > 0 (decisive only),COMPATIBILITY_ONLY_NOT_PRODUCTION,39187.2093,35396.6747,483.0410,8363,6242,-0.01232650,-0.05216444,-0.01154840,-0.01232650,-483.0410,39187.2093,OK,0.0000,19.3216,4.0000,96.0000,AG03-UNRESOLVED,ALL5_LEVELS_bet23_to_bet27,19.3216,19.3216,19.3216,0.0000,0.0000,4.000000,4.000000,4.000000,0.000000,0.000000,96.000000,96.000000,96.000000,100.000000,100.000000,5.0,57.9649,55.6772,425.0761,427.3638,PENDING_AG03,FALSE,NOT_FOR_ENFORCEMENT,463.7194,33980.8077,483.0410,463.7194,19.3216,0.01232650,0.01183344,19.3216,463.7194,0.01183344,19.3216,19.3216,19.3216,0.0000,0.0000,463.7194,0.01183344,57.9649,55.6772,425.0761,427.3638,0.01084732,0.0109057,0.00049306,4.6858,5.6707,0.0774,15.5820,0.2688,1264.1035,201.3548,4.5499,4.6885,2.0771,4.1543,6.1317,8.4025,10.5031,18.5864,3.9466,-2.0771,2.528253,4.474023,1.127938,29,192,48,6,0.01915741,0.01232650,0.05216444,0E-8,0.000000,0.903271,0.017936,-0.04061604,2026-05-16,2026-07-20,31,1797,733,66,0.469697,0.970424,0.970991,0.063858,,,,,,,,GLOBAL_BASELINE_NO_ENTITY_RANKING,,,NOT_APPLICABLE_GLOBAL_BASELINE,HF9g-P5,,,,X 全窗基线 · 不参与实体赏罚,8395833,840,A168_HF9F_20260827_0900,2026-08-27 09:00:00
2026-06-30,150107794,2246,0,58.3677793241,20.0340651807,20.0340651807,0.7692308,17,15,0.47787835483870463,0.469797200000,2.103031456063396,2.1631963565217056,2.103031456063396,0.00808115483870463,ELIGIBLE,R03b_20260811_FULL_v1,L1_ELIGIBILITY,v2026-08-11,2026-03-21..2026-08-06,baccarat_bet02_101_all_pairs_incl_sentinel,round_win = game_pnl > 0 (decisive only),COMPATIBILITY_ONLY_NOT_PRODUCTION,39187.2093,35396.6747,483.0410,8363,6242,-0.01232650,-0.05216444,-0.01154840,-0.01232650,-483.0410,39187.2093,OK,0.0000,19.3216,4.0000,96.0000,AG03-UNRESOLVED,ALL5_LEVELS_bet23_to_bet27,19.3216,19.3216,19.3216,0.0000,0.0000,4.000000,4.000000,4.000000,0.000000,0.000000,96.000000,96.000000,96.000000,100.000000,100.000000,5.0,57.9649,55.6772,425.0761,427.3638,PENDING_AG03,FALSE,NOT_FOR_ENFORCEMENT,463.7194,33980.8077,483.0410,463.7194,19.3216,0.01232650,0.01183344,19.3216,463.7194,0.01183344,19.3216,19.3216,19.3216,0.0000,0.0000,463.7194,0.01183344,57.9649,55.6772,425.0761,427.3638,0.01084732,0.0109057,0.00049306,4.6858,5.6707,0.0774,15.5820,0.2688,1264.1035,201.3548,4.5499,4.6885,2.0771,4.1543,6.1317,8.4025,10.5031,18.5864,3.9466,-2.0771,2.528253,4.474023,1.127938,29,192,48,6,0.01915741,0.01232650,0.05216444,0E-8,0.000000,0.903271,0.017936,-0.04061604,2026-05-16,2026-07-20,31,1797,733,66,0.469697,0.970424,0.970991,0.063858,,,,,,,,GLOBAL_BASELINE_NO_ENTITY_RANKING,,,NOT_APPLICABLE_GLOBAL_BASELINE,HF9g-P5,,,,X 全窗基线 · 不参与实体赏罚,8395834,840,A168_HF9F_20260827_0900,2026-08-27 09:00:00
2026-06-30,150107794,2251,0,20.1483081653,2.1602309786,2.1602309786,0.5555556,9,9,0.49920336666666667,0.499203366667,0.33811356248402014,0.33811356248201985,0.33811356248402014,-3.3333E-13,ELIGIBLE,R03b_20260811_FULL_v1,L1_ELIGIBILITY,v2026-08-11,2026-03-21..2026-08-06,baccarat_bet02_101_all_pairs_incl_sentinel,round_win = game_pnl > 0 (decisive only),COMPATIBILITY_ONLY_NOT_PRODUCTION,39187.2093,35396.6747,483.0410,8363,6242,-0.01232650,-0.05216444,-0.01154840,-0.01232650,-483.0410,39187.2093,OK,0.0000,19.3216,4.0000,96.0000,AG03-UNRESOLVED,ALL5_LEVELS_bet23_to_bet27,19.3216,19.3216,19.3216,0.0000,0.0000,4.000000,4.000000,4.000000,0.000000,0.000000,96.000000,96.000000,96.000000,100.000000,100.000000,5.0,57.9649,55.6772,425.0761,427.3638,PENDING_AG03,FALSE,NOT_FOR_ENFORCEMENT,463.7194,33980.8077,483.0410,463.7194,19.3216,0.01232650,0.01183344,19.3216,463.7194,0.01183344,19.3216,19.3216,19.3216,0.0000,0.0000,463.7194,0.01183344,57.9649,55.6772,425.0761,427.3638,0.01084732,0.0109057,0.00049306,4.6858,5.6707,0.0774,15.5820,0.2688,1264.1035,201.3548,4.5499,4.6885,2.0771,4.1543,6.1317,8.4025,10.5031,18.5864,3.9466,-2.0771,2.528253,4.474023,1.127938,29,192,48,6,0.01915741,0.01232650,0.05216444,0E-8,0.000000,0.903271,0.017936,-0.04061604,2026-05-16,2026-07-20,31,1797,733,66,0.469697,0.970424,0.970991,0.063858,,,,,,,,GLOBAL_BASELINE_NO_ENTITY_RANKING,,,NOT_APPLICABLE_GLOBAL_BASELINE,HF9g-P5,,,,X 全窗基线 · 不参与实体赏罚,8395835,840,A168_HF9F_20260827_0900,2026-08-27 09:00:00
2026-06-30,150107794,2256,0,2.0771451717,-2.0771451717,-2.0771451717,0E-7,1,1,0.50665070000000000,0.506650700000,-1.013391052207602,-1.013391052207602,-1.013391052207602,0E-17,ELIGIBLE,R03b_20260811_FULL_v1,L1_ELIGIBILITY,v2026-08-11,2026-03-21..2026-08-06,baccarat_bet02_101_all_pairs_incl_sentinel,round_win = game_pnl > 0 (decisive only),COMPATIBILITY_ONLY_NOT_PRODUCTION,39187.2093,35396.6747,483.0410,8363,6242,-0.01232650,-0.05216444,-0.01154840,-0.01232650,-483.0410,39187.2093,OK,0.0000,19.3216,4.0000,96.0000,AG03-UNRESOLVED,ALL5_LEVELS_bet23_to_bet27,19.3216,19.3216,19.3216,0.0000,0.0000,4.000000,4.000000,4.000000,0.000000,0.000000,96.000000,96.000000,96.000000,100.000000,100.000000,5.0,57.9649,55.6772,425.0761,427.3638,PENDING_AG03,FALSE,NOT_FOR_ENFORCEMENT,463.7194,33980.8077,483.0410,463.7194,19.3216,0.01232650,0.01183344,19.3216,463.7194,0.01183344,19.3216,19.3216,19.3216,0.0000,0.0000,463.7194,0.01183344,57.9649,55.6772,425.0761,427.3638,0.01084732,0.0109057,0.00049306,4.6858,5.6707,0.0774,15.5820,0.2688,1264.1035,201.3548,4.5499,4.6885,2.0771,4.1543,6.1317,8.4025,10.5031,18.5864,3.9466,-2.0771,2.528253,4.474023,1.127938,29,192,48,6,0.01915741,0.01232650,0.05216444,0E-8,0.000000,0.903271,0.017936,-0.04061604,2026-05-16,2026-07-20,31,1797,733,66,0.469697,0.970424,0.970991,0.063858,,,,,,,,GLOBAL_BASELINE_NO_ENTITY_RANKING,,,NOT_APPLICABLE_GLOBAL_BASELINE,HF9g-P5,,,,X 全窗基线 · 不参与实体赏罚,8395836,840,A168_HF9F_20260827_0900,2026-08-27 09:00:00
2026-06-30,150107794,2274,0,8.3085806868,4.1542903434,4.1542903434,1.0000000,2,2,0.49324550000000000,0.493245500000,1.01360149184955,1.01360149184955,1.01360149184955,0E-17,ELIGIBLE,R03b_20260811_FULL_v1,L1_ELIGIBILITY,v2026-08-11,2026-03-21..2026-08-06,baccarat_bet02_101_all_pairs_incl_sentinel,round_win = game_pnl > 0 (decisive only),COMPATIBILITY_ONLY_NOT_PRODUCTION,39187.2093,35396.6747,483.0410,8363,6242,-0.01232650,-0.05216444,-0.01154840,-0.01232650,-483.0410,39187.2093,OK,0.0000,19.3216,4.0000,96.0000,AG03-UNRESOLVED,ALL5_LEVELS_bet23_to_bet27,19.3216,19.3216,19.3216,0.0000,0.0000,4.000000,4.000000,4.000000,0.000000,0.000000,96.000000,96.000000,96.000000,100.000000,100.000000,5.0,57.9649,55.6772,425.0761,427.3638,PENDING_AG03,FALSE,NOT_FOR_ENFORCEMENT,463.7194,33980.8077,483.0410,463.7194,19.3216,0.01232650,0.01183344,19.3216,463.7194,0.01183344,19.3216,19.3216,19.3216,0.0000,0.0000,463.7194,0.01183344,57.9649,55.6772,425.0761,427.3638,0.01084732,0.0109057,0.00049306,4.6858,5.6707,0.0774,15.5820,0.2688,1264.1035,201.3548,4.5499,4.6885,2.0771,4.1543,6.1317,8.4025,10.5031,18.5864,3.9466,-2.0771,2.528253,4.474023,1.127938,29,192,48,6,0.01915741,0.01232650,0.05216444,0E-8,0.000000,0.903271,0.017936,-0.04061604,2026-05-16,2026-07-20,31,1797,733,66,0.469697,0.970424,0.970991,0.063858,,,,,,,,GLOBAL_BASELINE_NO_ENTITY_RANKING,,,NOT_APPLICABLE_GLOBAL_BASELINE,HF9g-P5,,,,X 全窗基线 · 不参与实体赏罚,8395837,840,A168_HF9F_20260827_0900,2026-08-27 09:00:00
2026-06-30,150107794,2288,0,17.0325904079,-4.7774338949,-4.7774338949,0.4000000,5,5,0.50396966000000000,0.503969660000,-0.4649811094771361,-0.4649811094771361,-0.4649811094771361,0E-17,ELIGIBLE,R03b_20260811_FULL_v1,L1_ELIGIBILITY,v2026-08-11,2026-03-21..2026-08-06,baccarat_bet02_101_all_pairs_incl_sentinel,round_win = game_pnl > 0 (decisive only),COMPATIBILITY_ONLY_NOT_PRODUCTION,39187.2093,35396.6747,483.0410,8363,6242,-0.01232650,-0.05216444,-0.01154840,-0.01232650,-483.0410,39187.2093,OK,0.0000,19.3216,4.0000,96.0000,AG03-UNRESOLVED,ALL5_LEVELS_bet23_to_bet27,19.3216,19.3216,19.3216,0.0000,0.0000,4.000000,4.000000,4.000000,0.000000,0.000000,96.000000,96.000000,96.000000,100.000000,100.000000,5.0,57.9649,55.6772,425.0761,427.3638,PENDING_AG03,FALSE,NOT_FOR_ENFORCEMENT,463.7194,33980.8077,483.0410,463.7194,19.3216,0.01232650,0.01183344,19.3216,463.7194,0.01183344,19.3216,19.3216,19.3216,0.0000,0.0000,463.7194,0.01183344,57.9649,55.6772,425.0761,427.3638,0.01084732,0.0109057,0.00049306,4.6858,5.6707,0.0774,15.5820,0.2688,1264.1035,201.3548,4.5499,4.6885,2.0771,4.1543,6.1317,8.4025,10.5031,18.5864,3.9466,-2.0771,2.528253,4.474023,1.127938,29,192,48,6,0.01915741,0.01232650,0.05216444,0E-8,0.000000,0.903271,0.017936,-0.04061604,2026-05-16,2026-07-20,31,1797,733,66,0.469697,0.970424,0.970991,0.063858,,,,,,,,GLOBAL_BASELINE_NO_ENTITY_RANKING,,,NOT_APPLICABLE_GLOBAL_BASELINE,HF9g-P5,,,,X 全窗基线 · 不参与实体赏罚,8395838,840,A168_HF9F_20260827_0900,2026-08-27 09:00:00
2026-06-30,150107794,583,0,4.1542903434,-0.1038572586,-0.1038572586,0.5000000,2,2,0.50665070000000000,0.506650700000,-0.018812684590367487,-0.018812684590367487,-0.018812684590367487,0E-17,ELIGIBLE,R03b_20260811_FULL_v1,L1_ELIGIBILITY,v2026-08-11,2026-03-21..2026-08-06,baccarat_bet02_101_all_pairs_incl_sentinel,round_win = game_pnl > 0 (decisive only),COMPATIBILITY_ONLY_NOT_PRODUCTION,39187.2093,35396.6747,483.0410,8363,6242,-0.01232650,-0.05216444,-0.01154840,-0.01232650,-483.0410,39187.2093,OK,0.0000,19.3216,4.0000,96.0000,AG03-UNRESOLVED,ALL5_LEVELS_bet23_to_bet27,19.3216,19.3216,19.3216,0.0000,0.0000,4.000000,4.000000,4.000000,0.000000,0.000000,96.000000,96.000000,96.000000,100.000000,100.000000,5.0,57.9649,55.6772,425.0761,427.3638,PENDING_AG03,FALSE,NOT_FOR_ENFORCEMENT,463.7194,33980.8077,483.0410,463.7194,19.3216,0.01232650,0.01183344,19.3216,463.7194,0.01183344,19.3216,19.3216,19.3216,0.0000,0.0000,463.7194,0.01183344,57.9649,55.6772,425.0761,427.3638,0.01084732,0.0109057,0.00049306,4.6858,5.6707,0.0774,15.5820,0.2688,1264.1035,201.3548,4.5499,4.6885,2.0771,4.1543,6.1317,8.4025,10.5031,18.5864,3.9466,-2.0771,2.528253,4.474023,1.127938,29,192,48,6,0.01915741,0.01232650,0.05216444,0E-8,0.000000,0.903271,0.017936,-0.04061604,2026-05-16,2026-07-20,31,1797,733,66,0.469697,0.970424,0.970991,0.063858,,,,,,,,GLOBAL_BASELINE_NO_ENTITY_RANKING,,,NOT_APPLICABLE_GLOBAL_BASELINE,HF9g-P5,,,,X 全窗基线 · 不参与实体赏罚,8395839,840,A168_HF9F_20260827_0900,2026-08-27 09:00:00
2026-06-30,150107794,595,0,10.3857258585,-2.0771451717,-2.0771451717,0.5000000,4,4,0.49324550000000000,0.493245500000,0.027020465636507562,0.027020465636507562,0.027020465636507562,0E-17,ELIGIBLE,R03b_20260811_FULL_v1,L1_ELIGIBILITY,v2026-08-11,2026-03-21..2026-08-06,baccarat_bet02_101_all_pairs_incl_sentinel,round_win = game_pnl > 0 (decisive only),COMPATIBILITY_ONLY_NOT_PRODUCTION,39187.2093,35396.6747,483.0410,8363,6242,-0.01232650,-0.05216444,-0.01154840,-0.01232650,-483.0410,39187.2093,OK,0.0000,19.3216,4.0000,96.0000,AG03-UNRESOLVED,ALL5_LEVELS_bet23_to_bet27,19.3216,19.3216,19.3216,0.0000,0.0000,4.000000,4.000000,4.000000,0.000000,0.000000,96.000000,96.000000,96.000000,100.000000,100.000000,5.0,57.9649,55.6772,425.0761,427.3638,PENDING_AG03,FALSE,NOT_FOR_ENFORCEMENT,463.7194,33980.8077,483.0410,463.7194,19.3216,0.01232650,0.01183344,19.3216,463.7194,0.01183344,19.3216,19.3216,19.3216,0.0000,0.0000,463.7194,0.01183344,57.9649,55.6772,425.0761,427.3638,0.01084732,0.0109057,0.00049306,4.6858,5.6707,0.0774,15.5820,0.2688,1264.1035,201.3548,4.5499,4.6885,2.0771,4.1543,6.1317,8.4025,10.5031,18.5864,3.9466,-2.0771,2.528253,4.474023,1.127938,29,192,48,6,0.01915741,0.01232650,0.05216444,0E-8,0.000000,0.903271,0.017936,-0.04061604,2026-05-16,2026-07-20,31,1797,733,66,0.469697,0.970424,0.970991,0.063858,,,,,,,,GLOBAL_BASELINE_NO_ENTITY_RANKING,,,NOT_APPLICABLE_GLOBAL_BASELINE,HF9g-P5,,,,X 全窗基线 · 不参与实体赏罚,8395840,840,A168_HF9F_20260827_0900,2026-08-27 09:00:00
2026-06-30,150107794,752,0,2.0771451717,-2.0771451717,-2.0771451717,0E-7,1,1,0.50665070000000000,0.506650700000,-1.013391052207602,-1.013391052207602,-1.013391052207602,0E-17,ELIGIBLE,R03b_20260811_FULL_v1,L1_ELIGIBILITY,v2026-08-11,2026-03-21..2026-08-06,baccarat_bet02_101_all_pairs_incl_sentinel,round_win = game_pnl > 0 (decisive only),COMPATIBILITY_ONLY_NOT_PRODUCTION,39187.2093,35396.6747,483.0410,8363,6242,-0.01232650,-0.05216444,-0.01154840,-0.01232650,-483.0410,39187.2093,OK,0.0000,19.3216,4.0000,96.0000,AG03-UNRESOLVED,ALL5_LEVELS_bet23_to_bet27,19.3216,19.3216,19.3216,0.0000,0.0000,4.000000,4.000000,4.000000,0.000000,0.000000,96.000000,96.000000,96.000000,100.000000,100.000000,5.0,57.9649,55.6772,425.0761,427.3638,PENDING_AG03,FALSE,NOT_FOR_ENFORCEMENT,463.7194,33980.8077,483.0410,463.7194,19.3216,0.01232650,0.01183344,19.3216,463.7194,0.01183344,19.3216,19.3216,19.3216,0.0000,0.0000,463.7194,0.01183344,57.9649,55.6772,425.0761,427.3638,0.01084732,0.0109057,0.00049306,4.6858,5.6707,0.0774,15.5820,0.2688,1264.1035,201.3548,4.5499,4.6885,2.0771,4.1543,6.1317,8.4025,10.5031,18.5864,3.9466,-2.0771,2.528253,4.474023,1.127938,29,192,48,6,0.01915741,0.01232650,0.05216444,0E-8,0.000000,0.903271,0.017936,-0.04061604,2026-05-16,2026-07-20,31,1797,733,66,0.469697,0.970424,0.970991,0.063858,,,,,,,,GLOBAL_BASELINE_NO_ENTITY_RANKING,,,NOT_APPLICABLE_GLOBAL_BASELINE,HF9g-P5,,,,X 全窗基线 · 不参与实体赏罚,8395841,840,A168_HF9F_20260827_0900,2026-08-27 09:00:00
2026-06-30,150107794,994,0,12.8783000645,-0.7270008101,-0.7270008101,0.4000000,6,5,0.46276487000000000,0.462764870000,-0.28147462071989887,-0.28147462071989887,-0.28147462071989887,0E-17,ELIGIBLE,R03b_20260811_FULL_v1,L1_ELIGIBILITY,v2026-08-11,2026-03-21..2026-08-06,baccarat_bet02_101_all_pairs_incl_sentinel,round_win = game_pnl > 0 (decisive only),COMPATIBILITY_ONLY_NOT_PRODUCTION,39187.2093,35396.6747,483.0410,8363,6242,-0.01232650,-0.05216444,-0.01154840,-0.01232650,-483.0410,39187.2093,OK,0.0000,19.3216,4.0000,96.0000,AG03-UNRESOLVED,ALL5_LEVELS_bet23_to_bet27,19.3216,19.3216,19.3216,0.0000,0.0000,4.000000,4.000000,4.000000,0.000000,0.000000,96.000000,96.000000,96.000000,100.000000,100.000000,5.0,57.9649,55.6772,425.0761,427.3638,PENDING_AG03,FALSE,NOT_FOR_ENFORCEMENT,463.7194,33980.8077,483.0410,463.7194,19.3216,0.01232650,0.01183344,19.3216,463.7194,0.01183344,19.3216,19.3216,19.3216,0.0000,0.0000,463.7194,0.01183344,57.9649,55.6772,425.0761,427.3638,0.01084732,0.0109057,0.00049306,4.6858,5.6707,0.0774,15.5820,0.2688,1264.1035,201.3548,4.5499,4.6885,2.0771,4.1543,6.1317,8.4025,10.5031,18.5864,3.9466,-2.0771,2.528253,4.474023,1.127938,29,192,48,6,0.01915741,0.01232650,0.05216444,0E-8,0.000000,0.903271,0.017936,-0.04061604,2026-05-16,2026-07-20,31,1797,733,66,0.469697,0.970424,0.970991,0.063858,,,,,,,,GLOBAL_BASELINE_NO_ENTITY_RANKING,,,NOT_APPLICABLE_GLOBAL_BASELINE,HF9g-P5,,,,X 全窗基线 · 不参与实体赏罚,8395842,840,A168_HF9F_20260827_0900,2026-08-27 09:00:00
2026-07-01,150107794,-1,1,684.0943465638,-0.3985610911,-0.3985610911,0.5156250,183,140,0.46257766084002565,0.438002241786,1.2037003983225918,1.7700624834310863,1.2037003983225918,0.02457541905402565,SENTINEL_DEALER,R03b_20260811_FULL_v1,L1_ELIGIBILITY,v2026-08-11,2026-03-21..2026-08-06,baccarat_bet02_101_all_pairs_incl_sentinel,round_win = game_pnl > 0 (decisive only),COMPATIBILITY_ONLY_NOT_PRODUCTION,39187.2093,35396.6747,483.0410,8363,6242,-0.01232650,-0.05216444,-0.01154840,-0.01232650,-483.0410,39187.2093,OK,0.0000,19.3216,4.0000,96.0000,AG03-UNRESOLVED,ALL5_LEVELS_bet23_to_bet27,19.3216,19.3216,19.3216,0.0000,0.0000,4.000000,4.000000,4.000000,0.000000,0.000000,96.000000,96.000000,96.000000,100.000000,100.000000,5.0,57.9649,55.6772,425.0761,427.3638,PENDING_AG03,FALSE,NOT_FOR_ENFORCEMENT,463.7194,33980.8077,483.0410,463.7194,19.3216,0.01232650,0.01183344,19.3216,463.7194,0.01183344,19.3216,19.3216,19.3216,0.0000,0.0000,463.7194,0.01183344,57.9649,55.6772,425.0761,427.3638,0.01084732,0.0109057,0.00049306,4.6858,5.6707,0.0774,15.5820,0.2688,1264.1035,201.3548,4.5499,4.6885,2.0771,4.1543,6.1317,8.4025,10.5031,18.5864,3.9466,-2.0771,2.528253,4.474023,1.127938,29,192,48,6,0.01915741,0.01232650,0.05216444,0E-8,0.000000,0.903271,0.017936,-0.04061604,2026-05-16,2026-07-20,31,1797,733,66,0.469697,0.970424,0.970991,0.063858,,,,,,,,GLOBAL_BASELINE_NO_ENTITY_RANKING,,,NOT_APPLICABLE_GLOBAL_BASELINE,HF9g-P5,,,,X 全窗基线 · 不参与实体赏罚,8395843,840,A168_HF9F_20260827_0900,2026-08-27 09:00:00
2026-07-01,150107794,1110,0,9.4019539712,-5.3141478968,-5.3141478968,0.3333333,4,3,0.44488724615464141,0.429039250000,-0.38880322157839,-0.3349251612454109,-0.38880322157839,0.01584799615464141,ELIGIBLE,R03b_20260811_FULL_v1,L1_ELIGIBILITY,v2026-08-11,2026-03-21..2026-08-06,baccarat_bet02_101_all_pairs_incl_sentinel,round_win = game_pnl > 0 (decisive only),COMPATIBILITY_ONLY_NOT_PRODUCTION,39187.2093,35396.6747,483.0410,8363,6242,-0.01232650,-0.05216444,-0.01154840,-0.01232650,-483.0410,39187.2093,OK,0.0000,19.3216,4.0000,96.0000,AG03-UNRESOLVED,ALL5_LEVELS_bet23_to_bet27,19.3216,19.3216,19.3216,0.0000,0.0000,4.000000,4.000000,4.000000,0.000000,0.000000,96.000000,96.000000,96.000000,100.000000,100.000000,5.0,57.9649,55.6772,425.0761,427.3638,PENDING_AG03,FALSE,NOT_FOR_ENFORCEMENT,463.7194,33980.8077,483.0410,463.7194,19.3216,0.01232650,0.01183344,19.3216,463.7194,0.01183344,19.3216,19.3216,19.3216,0.0000,0.0000,463.7194,0.01183344,57.9649,55.6772,425.0761,427.3638,0.01084732,0.0109057,0.00049306,4.6858,5.6707,0.0774,15.5820,0.2688,1264.1035,201.3548,4.5499,4.6885,2.0771,4.1543,6.1317,8.4025,10.5031,18.5864,3.9466,-2.0771,2.528253,4.474023,1.127938,29,192,48,6,0.01915741,0.01232650,0.05216444,0E-8,0.000000,0.903271,0.017936,-0.04061604,2026-05-16,2026-07-20,31,1797,733,66,0.469697,0.970424,0.970991,0.063858,,,,,,,,GLOBAL_BASELINE_NO_ENTITY_RANKING,,,NOT_APPLICABLE_GLOBAL_BASELINE,HF9g-P5,,,,X 全窗基线 · 不参与实体赏罚,8395844,840,A168_HF9F_20260827_0900,2026-08-27 09:00:00
2026-07-01,150107794,1151,0,8.1756121490,-0.2043903037,-0.2043903037,0.5000000,2,2,0.49994810000000000,0.499948100000,0.00014679536856514622,0.00014679536856514622,0.00014679536856514622,0E-17,ELIGIBLE,R03b_20260811_FULL_v1,L1_ELIGIBILITY,v2026-08-11,2026-03-21..2026-08-06,baccarat_bet02_101_all_pairs_incl_sentinel,round_win = game_pnl > 0 (decisive only),COMPATIBILITY_ONLY_NOT_PRODUCTION,39187.2093,35396.6747,483.0410,8363,6242,-0.01232650,-0.05216444,-0.01154840,-0.01232650,-483.0410,39187.2093,OK,0.0000,19.3216,4.0000,96.0000,AG03-UNRESOLVED,ALL5_LEVELS_bet23_to_bet27,19.3216,19.3216,19.3216,0.0000,0.0000,4.000000,4.000000,4.000000,0.000000,0.000000,96.000000,96.000000,96.000000,100.000000,100.000000,5.0,57.9649,55.6772,425.0761,427.3638,PENDING_AG03,FALSE,NOT_FOR_ENFORCEMENT,463.7194,33980.8077,483.0410,463.7194,19.3216,0.01232650,0.01183344,19.3216,463.7194,0.01183344,19.3216,19.3216,19.3216,0.0000,0.0000,463.7194,0.01183344,57.9649,55.6772,425.0761,427.3638,0.01084732,0.0109057,0.00049306,4.6858,5.6707,0.0774,15.5820,0.2688,1264.1035,201.3548,4.5499,4.6885,2.0771,4.1543,6.1317,8.4025,10.5031,18.5864,3.9466,-2.0771,2.528253,4.474023,1.127938,29,192,48,6,0.01915741,0.01232650,0.05216444,0E-8,0.000000,0.903271,0.017936,-0.04061604,2026-05-16,2026-07-20,31,1797,733,66,0.469697,0.970424,0.970991,0.063858,,,,,,,,GLOBAL_BASELINE_NO_ENTITY_RANKING,,,NOT_APPLICABLE_GLOBAL_BASELINE,HF9g-P5,,,,X 全窗基线 · 不参与实体赏罚,8395845,840,A168_HF9F_20260827_0900,2026-08-27 09:00:00
2026-07-01,150107794,1157,0,38.2209867963,-7.1740996606,-7.1740996606,0.4285714,9,8,0.48413921562515238,0.471681631250,-0.29418514121899975,-0.22848450201681325,-0.29418514121899975,0.01245758437515238,ELIGIBLE,R03b_20260811_FULL_v1,L1_ELIGIBILITY,v2026-08-11,2026-03-21..2026-08-06,baccarat_bet02_101_all_pairs_incl_sentinel,round_win = game_pnl > 0 (decisive only),COMPATIBILITY_ONLY_NOT_PRODUCTION,39187.2093,35396.6747,483.0410,8363,6242,-0.01232650,-0.05216444,-0.01154840,-0.01232650,-483.0410,39187.2093,OK,0.0000,19.3216,4.0000,96.0000,AG03-UNRESOLVED,ALL5_LEVELS_bet23_to_bet27,19.3216,19.3216,19.3216,0.0000,0.0000,4.000000,4.000000,4.000000,0.000000,0.000000,96.000000,96.000000,96.000000,100.000000,100.000000,5.0,57.9649,55.6772,425.0761,427.3638,PENDING_AG03,FALSE,NOT_FOR_ENFORCEMENT,463.7194,33980.8077,483.0410,463.7194,19.3216,0.01232650,0.01183344,19.3216,463.7194,0.01183344,19.3216,19.3216,19.3216,0.0000,0.0000,463.7194,0.01183344,57.9649,55.6772,425.0761,427.3638,0.01084732,0.0109057,0.00049306,4.6858,5.6707,0.0774,15.5820,0.2688,1264.1035,201.3548,4.5499,4.6885,2.0771,4.1543,6.1317,8.4025,10.5031,18.5864,3.9466,-2.0771,2.528253,4.474023,1.127938,29,192,48,6,0.01915741,0.01232650,0.05216444,0E-8,0.000000,0.903271,0.017936,-0.04061604,2026-05-16,2026-07-20,31,1797,733,66,0.469697,0.970424,0.970991,0.063858,,,,,,,,GLOBAL_BASELINE_NO_ENTITY_RANKING,,,NOT_APPLICABLE_GLOBAL_BASELINE,HF9g-P5,,,,X 全窗基线 · 不参与实体赏罚,8395846,840,A168_HF9F_20260827_0900,2026-08-27 09:00:00
2026-07-01,150107794,1205,0,10.2195151861,-8.1756121489,-8.1756121489,0E-7,4,3,0.32351830000074666,0.300626750000,-0.9779944661644189,-0.9272018728036208,-0.9779944661644189,0.02289155000074666,ELIGIBLE,R03b_20260811_FULL_v1,L1_ELIGIBILITY,v2026-08-11,2026-03-21..2026-08-06,baccarat_bet02_101_all_pairs_incl_sentinel,round_win = game_pnl > 0 (decisive only),COMPATIBILITY_ONLY_NOT_PRODUCTION,39187.2093,35396.6747,483.0410,8363,6242,-0.01232650,-0.05216444,-0.01154840,-0.01232650,-483.0410,39187.2093,OK,0.0000,19.3216,4.0000,96.0000,AG03-UNRESOLVED,ALL5_LEVELS_bet23_to_bet27,19.3216,19.3216,19.3216,0.0000,0.0000,4.000000,4.000000,4.000000,0.000000,0.000000,96.000000,96.000000,96.000000,100.000000,100.000000,5.0,57.9649,55.6772,425.0761,427.3638,PENDING_AG03,FALSE,NOT_FOR_ENFORCEMENT,463.7194,33980.8077,483.0410,463.7194,19.3216,0.01232650,0.01183344,19.3216,463.7194,0.01183344,19.3216,19.3216,19.3216,0.0000,0.0000,463.7194,0.01183344,57.9649,55.6772,425.0761,427.3638,0.01084732,0.0109057,0.00049306,4.6858,5.6707,0.0774,15.5820,0.2688,1264.1035,201.3548,4.5499,4.6885,2.0771,4.1543,6.1317,8.4025,10.5031,18.5864,3.9466,-2.0771,2.528253,4.474023,1.127938,29,192,48,6,0.01915741,0.01232650,0.05216444,0E-8,0.000000,0.903271,0.017936,-0.04061604,2026-05-16,2026-07-20,31,1797,733,66,0.469697,0.970424,0.970991,0.063858,,,,,,,,GLOBAL_BASELINE_NO_ENTITY_RANKING,,,NOT_APPLICABLE_GLOBAL_BASELINE,HF9g-P5,,,,X 全窗基线 · 不参与实体赏罚,8395847,840,A168_HF9F_20260827_0900,2026-08-27 09:00:00
2026-07-01,150107794,1304,0,6.5404897191,-1.6351224297,-1.6351224297,0.5000000,3,2,0.39693612500000000,0.396936125000,0.29790616794075786,0.29790616794075786,0.29790616794075786,0E-17,ELIGIBLE,R03b_20260811_FULL_v1,L1_ELIGIBILITY,v2026-08-11,2026-03-21..2026-08-06,baccarat_bet02_101_all_pairs_incl_sentinel,round_win = game_pnl > 0 (decisive only),COMPATIBILITY_ONLY_NOT_PRODUCTION,39187.2093,35396.6747,483.0410,8363,6242,-0.01232650,-0.05216444,-0.01154840,-0.01232650,-483.0410,39187.2093,OK,0.0000,19.3216,4.0000,96.0000,AG03-UNRESOLVED,ALL5_LEVELS_bet23_to_bet27,19.3216,19.3216,19.3216,0.0000,0.0000,4.000000,4.000000,4.000000,0.000000,0.000000,96.000000,96.000000,96.000000,100.000000,100.000000,5.0,57.9649,55.6772,425.0761,427.3638,PENDING_AG03,FALSE,NOT_FOR_ENFORCEMENT,463.7194,33980.8077,483.0410,463.7194,19.3216,0.01232650,0.01183344,19.3216,463.7194,0.01183344,19.3216,19.3216,19.3216,0.0000,0.0000,463.7194,0.01183344,57.9649,55.6772,425.0761,427.3638,0.01084732,0.0109057,0.00049306,4.6858,5.6707,0.0774,15.5820,0.2688,1264.1035,201.3548,4.5499,4.6885,2.0771,4.1543,6.1317,8.4025,10.5031,18.5864,3.9466,-2.0771,2.528253,4.474023,1.127938,29,192,48,6,0.01915741,0.01232650,0.05216444,0E-8,0.000000,0.903271,0.017936,-0.04061604,2026-05-16,2026-07-20,31,1797,733,66,0.469697,0.970424,0.970991,0.063858,,,,,,,,GLOBAL_BASELINE_NO_ENTITY_RANKING,,,NOT_APPLICABLE_GLOBAL_BASELINE,HF9g-P5,,,,X 全窗基线 · 不参与实体赏罚,8395848,840,A168_HF9F_20260827_0900,2026-08-27 09:00:00
2026-07-01,150107794,1382,0,13.2853697420,1.0219515186,1.0219515186,0.5000000,3,2,0.42680505000108356,0.393584825000,0.20928117444757235,0.308045137873246,0.20928117444757235,0.03322022500108356,ELIGIBLE,R03b_20260811_FULL_v1,L1_ELIGIBILITY,v2026-08-11,2026-03-21..2026-08-06,baccarat_bet02_101_all_pairs_incl_sentinel,round_win = game_pnl > 0 (decisive only),COMPATIBILITY_ONLY_NOT_PRODUCTION,39187.2093,35396.6747,483.0410,8363,6242,-0.01232650,-0.05216444,-0.01154840,-0.01232650,-483.0410,39187.2093,OK,0.0000,19.3216,4.0000,96.0000,AG03-UNRESOLVED,ALL5_LEVELS_bet23_to_bet27,19.3216,19.3216,19.3216,0.0000,0.0000,4.000000,4.000000,4.000000,0.000000,0.000000,96.000000,96.000000,96.000000,100.000000,100.000000,5.0,57.9649,55.6772,425.0761,427.3638,PENDING_AG03,FALSE,NOT_FOR_ENFORCEMENT,463.7194,33980.8077,483.0410,463.7194,19.3216,0.01232650,0.01183344,19.3216,463.7194,0.01183344,19.3216,19.3216,19.3216,0.0000,0.0000,463.7194,0.01183344,57.9649,55.6772,425.0761,427.3638,0.01084732,0.0109057,0.00049306,4.6858,5.6707,0.0774,15.5820,0.2688,1264.1035,201.3548,4.5499,4.6885,2.0771,4.1543,6.1317,8.4025,10.5031,18.5864,3.9466,-2.0771,2.528253,4.474023,1.127938,29,192,48,6,0.01915741,0.01232650,0.05216444,0E-8,0.000000,0.903271,0.017936,-0.04061604,2026-05-16,2026-07-20,31,1797,733,66,0.469697,0.970424,0.970991,0.063858,,,,,,,,GLOBAL_BASELINE_NO_ENTITY_RANKING,,,NOT_APPLICABLE_GLOBAL_BASELINE,HF9g-P5,,,,X 全窗基线 · 不参与实体赏罚,8395849,840,A168_HF9F_20260827_0900,2026-08-27 09:00:00
2026-07-01,150107794,1384,0,2.0439030372,-2.0439030372,-2.0439030372,0E-7,1,1,0.49324550000000000,0.493245500000,-0.9865810262130424,-0.9865810262130424,-0.9865810262130424,0E-17,ELIGIBLE,R03b_20260811_FULL_v1,L1_ELIGIBILITY,v2026-08-11,2026-03-21..2026-08-06,baccarat_bet02_101_all_pairs_incl_sentinel,round_win = game_pnl > 0 (decisive only),COMPATIBILITY_ONLY_NOT_PRODUCTION,39187.2093,35396.6747,483.0410,8363,6242,-0.01232650,-0.05216444,-0.01154840,-0.01232650,-483.0410,39187.2093,OK,0.0000,19.3216,4.0000,96.0000,AG03-UNRESOLVED,ALL5_LEVELS_bet23_to_bet27,19.3216,19.3216,19.3216,0.0000,0.0000,4.000000,4.000000,4.000000,0.000000,0.000000,96.000000,96.000000,96.000000,100.000000,100.000000,5.0,57.9649,55.6772,425.0761,427.3638,PENDING_AG03,FALSE,NOT_FOR_ENFORCEMENT,463.7194,33980.8077,483.0410,463.7194,19.3216,0.01232650,0.01183344,19.3216,463.7194,0.01183344,19.3216,19.3216,19.3216,0.0000,0.0000,463.7194,0.01183344,57.9649,55.6772,425.0761,427.3638,0.01084732,0.0109057,0.00049306,4.6858,5.6707,0.0774,15.5820,0.2688,1264.1035,201.3548,4.5499,4.6885,2.0771,4.1543,6.1317,8.4025,10.5031,18.5864,3.9466,-2.0771,2.528253,4.474023,1.127938,29,192,48,6,0.01915741,0.01232650,0.05216444,0E-8,0.000000,0.903271,0.017936,-0.04061604,2026-05-16,2026-07-20,31,1797,733,66,0.469697,0.970424,0.970991,0.063858,,,,,,,,GLOBAL_BASELINE_NO_ENTITY_RANKING,,,NOT_APPLICABLE_GLOBAL_BASELINE,HF9g-P5,,,,X 全窗基线 · 不参与实体赏罚,8395850,840,A168_HF9F_20260827_0900,2026-08-27 09:00:00
2026-07-01,150107794,1385,0,16.3512242980,-16.3512242980,-16.3512242980,0E-7,4,3,0.44341516249959367,0.426805050000,-1.5459669727564995,-1.4945974065056233,-1.5459669727564995,0.01661011249959367,ELIGIBLE,R03b_20260811_FULL_v1,L1_ELIGIBILITY,v2026-08-11,2026-03-21..2026-08-06,baccarat_bet02_101_all_pairs_incl_sentinel,round_win = game_pnl > 0 (decisive only),COMPATIBILITY_ONLY_NOT_PRODUCTION,39187.2093,35396.6747,483.0410,8363,6242,-0.01232650,-0.05216444,-0.01154840,-0.01232650,-483.0410,39187.2093,OK,0.0000,19.3216,4.0000,96.0000,AG03-UNRESOLVED,ALL5_LEVELS_bet23_to_bet27,19.3216,19.3216,19.3216,0.0000,0.0000,4.000000,4.000000,4.000000,0.000000,0.000000,96.000000,96.000000,96.000000,100.000000,100.000000,5.0,57.9649,55.6772,425.0761,427.3638,PENDING_AG03,FALSE,NOT_FOR_ENFORCEMENT,463.7194,33980.8077,483.0410,463.7194,19.3216,0.01232650,0.01183344,19.3216,463.7194,0.01183344,19.3216,19.3216,19.3216,0.0000,0.0000,463.7194,0.01183344,57.9649,55.6772,425.0761,427.3638,0.01084732,0.0109057,0.00049306,4.6858,5.6707,0.0774,15.5820,0.2688,1264.1035,201.3548,4.5499,4.6885,2.0771,4.1543,6.1317,8.4025,10.5031,18.5864,3.9466,-2.0771,2.528253,4.474023,1.127938,29,192,48,6,0.01915741,0.01232650,0.05216444,0E-8,0.000000,0.903271,0.017936,-0.04061604,2026-05-16,2026-07-20,31,1797,733,66,0.469697,0.970424,0.970991,0.063858,,,,,,,,GLOBAL_BASELINE_NO_ENTITY_RANKING,,,NOT_APPLICABLE_GLOBAL_BASELINE,HF9g-P5,,,,X 全窗基线 · 不参与实体赏罚,8395851,840,A168_HF9F_20260827_0900,2026-08-27 09:00:00
2026-07-01,150107794,1396,0,2.0439030372,-2.0439030372,-2.0439030372,0E-7,1,1,0.49324550000000000,0.493245500000,-0.9865810262130424,-0.9865810262130424,-0.9865810262130424,0E-17,ELIGIBLE,R03b_20260811_FULL_v1,L1_ELIGIBILITY,v2026-08-11,2026-03-21..2026-08-06,baccarat_bet02_101_all_pairs_incl_sentinel,round_win = game_pnl > 0 (decisive only),COMPATIBILITY_ONLY_NOT_PRODUCTION,39187.2093,35396.6747,483.0410,8363,6242,-0.01232650,-0.05216444,-0.01154840,-0.01232650,-483.0410,39187.2093,OK,0.0000,19.3216,4.0000,96.0000,AG03-UNRESOLVED,ALL5_LEVELS_bet23_to_bet27,19.3216,19.3216,19.3216,0.0000,0.0000,4.000000,4.000000,4.000000,0.000000,0.000000,96.000000,96.000000,96.000000,100.000000,100.000000,5.0,57.9649,55.6772,425.0761,427.3638,PENDING_AG03,FALSE,NOT_FOR_ENFORCEMENT,463.7194,33980.8077,483.0410,463.7194,19.3216,0.01232650,0.01183344,19.3216,463.7194,0.01183344,19.3216,19.3216,19.3216,0.0000,0.0000,463.7194,0.01183344,57.9649,55.6772,425.0761,427.3638,0.01084732,0.0109057,0.00049306,4.6858,5.6707,0.0774,15.5820,0.2688,1264.1035,201.3548,4.5499,4.6885,2.0771,4.1543,6.1317,8.4025,10.5031,18.5864,3.9466,-2.0771,2.528253,4.474023,1.127938,29,192,48,6,0.01915741,0.01232650,0.05216444,0E-8,0.000000,0.903271,0.017936,-0.04061604,2026-05-16,2026-07-20,31,1797,733,66,0.469697,0.970424,0.970991,0.063858,,,,,,,,GLOBAL_BASELINE_NO_ENTITY_RANKING,,,NOT_APPLICABLE_GLOBAL_BASELINE,HF9g-P5,,,,X 全窗基线 · 不参与实体赏罚,8395852,840,A168_HF9F_20260827_0900,2026-08-27 09:00:00
2026-07-01,150107794,1485,0,6.3360994154,2.1460981892,2.1460981892,0.6666667,3,3,0.50218230000000000,0.502182300000,0.5697959874915163,0.5697959874915164,0.5697959874915163,0E-17,ELIGIBLE,R03b_20260811_FULL_v1,L1_ELIGIBILITY,v2026-08-11,2026-03-21..2026-08-06,baccarat_bet02_101_all_pairs_incl_sentinel,round_win = game_pnl > 0 (decisive only),COMPATIBILITY_ONLY_NOT_PRODUCTION,39187.2093,35396.6747,483.0410,8363,6242,-0.01232650,-0.05216444,-0.01154840,-0.01232650,-483.0410,39187.2093,OK,0.0000,19.3216,4.0000,96.0000,AG03-UNRESOLVED,ALL5_LEVELS_bet23_to_bet27,19.3216,19.3216,19.3216,0.0000,0.0000,4.000000,4.000000,4.000000,0.000000,0.000000,96.000000,96.000000,96.000000,100.000000,100.000000,5.0,57.9649,55.6772,425.0761,427.3638,PENDING_AG03,FALSE,NOT_FOR_ENFORCEMENT,463.7194,33980.8077,483.0410,463.7194,19.3216,0.01232650,0.01183344,19.3216,463.7194,0.01183344,19.3216,19.3216,19.3216,0.0000,0.0000,463.7194,0.01183344,57.9649,55.6772,425.0761,427.3638,0.01084732,0.0109057,0.00049306,4.6858,5.6707,0.0774,15.5820,0.2688,1264.1035,201.3548,4.5499,4.6885,2.0771,4.1543,6.1317,8.4025,10.5031,18.5864,3.9466,-2.0771,2.528253,4.474023,1.127938,29,192,48,6,0.01915741,0.01232650,0.05216444,0E-8,0.000000,0.903271,0.017936,-0.04061604,2026-05-16,2026-07-20,31,1797,733,66,0.469697,0.970424,0.970991,0.063858,,,,,,,,GLOBAL_BASELINE_NO_ENTITY_RANKING,,,NOT_APPLICABLE_GLOBAL_BASELINE,HF9g-P5,,,,X 全窗基线 · 不参与实体赏罚,8395853,840,A168_HF9F_20260827_0900,2026-08-27 09:00:00
2026-07-01,150107794,1505,0,6.1317091117,1.8395127336,1.8395127336,0.5000000,2,2,0.50665070000000000,0.506650700000,-0.018812684590367487,-0.018812684590367487,-0.018812684590367487,0E-17,ELIGIBLE,R03b_20260811_FULL_v1,L1_ELIGIBILITY,v2026-08-11,2026-03-21..2026-08-06,baccarat_bet02_101_all_pairs_incl_sentinel,round_win = game_pnl > 0 (decisive only),COMPATIBILITY_ONLY_NOT_PRODUCTION,39187.2093,35396.6747,483.0410,8363,6242,-0.01232650,-0.05216444,-0.01154840,-0.01232650,-483.0410,39187.2093,OK,0.0000,19.3216,4.0000,96.0000,AG03-UNRESOLVED,ALL5_LEVELS_bet23_to_bet27,19.3216,19.3216,19.3216,0.0000,0.0000,4.000000,4.000000,4.000000,0.000000,0.000000,96.000000,96.000000,96.000000,100.000000,100.000000,5.0,57.9649,55.6772,425.0761,427.3638,PENDING_AG03,FALSE,NOT_FOR_ENFORCEMENT,463.7194,33980.8077,483.0410,463.7194,19.3216,0.01232650,0.01183344,19.3216,463.7194,0.01183344,19.3216,19.3216,19.3216,0.0000,0.0000,463.7194,0.01183344,57.9649,55.6772,425.0761,427.3638,0.01084732,0.0109057,0.00049306,4.6858,5.6707,0.0774,15.5820,0.2688,1264.1035,201.3548,4.5499,4.6885,2.0771,4.1543,6.1317,8.4025,10.5031,18.5864,3.9466,-2.0771,2.528253,4.474023,1.127938,29,192,48,6,0.01915741,0.01232650,0.05216444,0E-8,0.000000,0.903271,0.017936,-0.04061604,2026-05-16,2026-07-20,31,1797,733,66,0.469697,0.970424,0.970991,0.063858,,,,,,,,GLOBAL_BASELINE_NO_ENTITY_RANKING,,,NOT_APPLICABLE_GLOBAL_BASELINE,HF9g-P5,,,,X 全窗基线 · 不参与实体赏罚,8395854,840,A168_HF9F_20260827_0900,2026-08-27 09:00:00
2026-07-01,150107794,1654,0,4.2921963782,4.2921963782,4.2921963782,1.0000000,2,2,0.49324550000000000,0.493245500000,1.4334489766152358,1.4334489766152358,1.4334489766152358,0E-17,ELIGIBLE,R03b_20260811_FULL_v1,L1_ELIGIBILITY,v2026-08-11,2026-03-21..2026-08-06,baccarat_bet02_101_all_pairs_incl_sentinel,round_win = game_pnl > 0 (decisive only),COMPATIBILITY_ONLY_NOT_PRODUCTION,39187.2093,35396.6747,483.0410,8363,6242,-0.01232650,-0.05216444,-0.01154840,-0.01232650,-483.0410,39187.2093,OK,0.0000,19.3216,4.0000,96.0000,AG03-UNRESOLVED,ALL5_LEVELS_bet23_to_bet27,19.3216,19.3216,19.3216,0.0000,0.0000,4.000000,4.000000,4.000000,0.000000,0.000000,96.000000,96.000000,96.000000,100.000000,100.000000,5.0,57.9649,55.6772,425.0761,427.3638,PENDING_AG03,FALSE,NOT_FOR_ENFORCEMENT,463.7194,33980.8077,483.0410,463.7194,19.3216,0.01232650,0.01183344,19.3216,463.7194,0.01183344,19.3216,19.3216,19.3216,0.0000,0.0000,463.7194,0.01183344,57.9649,55.6772,425.0761,427.3638,0.01084732,0.0109057,0.00049306,4.6858,5.6707,0.0774,15.5820,0.2688,1264.1035,201.3548,4.5499,4.6885,2.0771,4.1543,6.1317,8.4025,10.5031,18.5864,3.9466,-2.0771,2.528253,4.474023,1.127938,29,192,48,6,0.01915741,0.01232650,0.05216444,0E-8,0.000000,0.903271,0.017936,-0.04061604,2026-05-16,2026-07-20,31,1797,733,66,0.469697,0.970424,0.970991,0.063858,,,,,,,,GLOBAL_BASELINE_NO_ENTITY_RANKING,,,NOT_APPLICABLE_GLOBAL_BASELINE,HF9g-P5,,,,X 全窗基线 · 不参与实体赏罚,8395855,840,A168_HF9F_20260827_0900,2026-08-27 09:00:00
2026-07-01,150107794,1703,0,52.1195274496,25.6407636021,25.6407636021,0.6000000,16,11,0.40076859803511786,0.374325895455,1.285623097642885,1.4746287656181962,1.285623097642885,0.02644270258011786,ELIGIBLE,R03b_20260811_FULL_v1,L1_ELIGIBILITY,v2026-08-11,2026-03-21..2026-08-06,baccarat_bet02_101_all_pairs_incl_sentinel,round_win = game_pnl > 0 (decisive only),COMPATIBILITY_ONLY_NOT_PRODUCTION,39187.2093,35396.6747,483.0410,8363,6242,-0.01232650,-0.05216444,-0.01154840,-0.01232650,-483.0410,39187.2093,OK,0.0000,19.3216,4.0000,96.0000,AG03-UNRESOLVED,ALL5_LEVELS_bet23_to_bet27,19.3216,19.3216,19.3216,0.0000,0.0000,4.000000,4.000000,4.000000,0.000000,0.000000,96.000000,96.000000,96.000000,100.000000,100.000000,5.0,57.9649,55.6772,425.0761,427.3638,PENDING_AG03,FALSE,NOT_FOR_ENFORCEMENT,463.7194,33980.8077,483.0410,463.7194,19.3216,0.01232650,0.01183344,19.3216,463.7194,0.01183344,19.3216,19.3216,19.3216,0.0000,0.0000,463.7194,0.01183344,57.9649,55.6772,425.0761,427.3638,0.01084732,0.0109057,0.00049306,4.6858,5.6707,0.0774,15.5820,0.2688,1264.1035,201.3548,4.5499,4.6885,2.0771,4.1543,6.1317,8.4025,10.5031,18.5864,3.9466,-2.0771,2.528253,4.474023,1.127938,29,192,48,6,0.01915741,0.01232650,0.05216444,0E-8,0.000000,0.903271,0.017936,-0.04061604,2026-05-16,2026-07-20,31,1797,733,66,0.469697,0.970424,0.970991,0.063858,,,,,,,,GLOBAL_BASELINE_NO_ENTITY_RANKING,,,NOT_APPLICABLE_GLOBAL_BASELINE,HF9g-P5,,,,X 全窗基线 · 不参与实体赏罚,8395856,840,A168_HF9F_20260827_0900,2026-08-27 09:00:00
2026-07-01,150107794,1935,0,6.1317091117,-6.1317091117,-6.1317091117,0E-7,2,1,0.36036460000216711,0.293924150000,-0.7505935278916691,-0.6451964315166089,-0.7505935278916691,0.06644045000216711,ELIGIBLE,R03b_20260811_FULL_v1,L1_ELIGIBILITY,v2026-08-11,2026-03-21..2026-08-06,baccarat_bet02_101_all_pairs_incl_sentinel,round_win = game_pnl > 0 (decisive only),COMPATIBILITY_ONLY_NOT_PRODUCTION,39187.2093,35396.6747,483.0410,8363,6242,-0.01232650,-0.05216444,-0.01154840,-0.01232650,-483.0410,39187.2093,OK,0.0000,19.3216,4.0000,96.0000,AG03-UNRESOLVED,ALL5_LEVELS_bet23_to_bet27,19.3216,19.3216,19.3216,0.0000,0.0000,4.000000,4.000000,4.000000,0.000000,0.000000,96.000000,96.000000,96.000000,100.000000,100.000000,5.0,57.9649,55.6772,425.0761,427.3638,PENDING_AG03,FALSE,NOT_FOR_ENFORCEMENT,463.7194,33980.8077,483.0410,463.7194,19.3216,0.01232650,0.01183344,19.3216,463.7194,0.01183344,19.3216,19.3216,19.3216,0.0000,0.0000,463.7194,0.01183344,57.9649,55.6772,425.0761,427.3638,0.01084732,0.0109057,0.00049306,4.6858,5.6707,0.0774,15.5820,0.2688,1264.1035,201.3548,4.5499,4.6885,2.0771,4.1543,6.1317,8.4025,10.5031,18.5864,3.9466,-2.0771,2.528253,4.474023,1.127938,29,192,48,6,0.01915741,0.01232650,0.05216444,0E-8,0.000000,0.903271,0.017936,-0.04061604,2026-05-16,2026-07-20,31,1797,733,66,0.469697,0.970424,0.970991,0.063858,,,,,,,,GLOBAL_BASELINE_NO_ENTITY_RANKING,,,NOT_APPLICABLE_GLOBAL_BASELINE,HF9g-P5,,,,X 全窗基线 · 不参与实体赏罚,8395857,840,A168_HF9F_20260827_0900,2026-08-27 09:00:00
2026-07-01,150107794,1966,0,44.3526959081,51.8027224789,51.8027224789,0.7000000,14,10,0.44922408250078661,0.418879040000,1.594288236047515,1.8018375880717203,1.594288236047515,0.03034504250078661,ELIGIBLE,R03b_20260811_FULL_v1,L1_ELIGIBILITY,v2026-08-11,2026-03-21..2026-08-06,baccarat_bet02_101_all_pairs_incl_sentinel,round_win = game_pnl > 0 (decisive only),COMPATIBILITY_ONLY_NOT_PRODUCTION,39187.2093,35396.6747,483.0410,8363,6242,-0.01232650,-0.05216444,-0.01154840,-0.01232650,-483.0410,39187.2093,OK,0.0000,19.3216,4.0000,96.0000,AG03-UNRESOLVED,ALL5_LEVELS_bet23_to_bet27,19.3216,19.3216,19.3216,0.0000,0.0000,4.000000,4.000000,4.000000,0.000000,0.000000,96.000000,96.000000,96.000000,100.000000,100.000000,5.0,57.9649,55.6772,425.0761,427.3638,PENDING_AG03,FALSE,NOT_FOR_ENFORCEMENT,463.7194,33980.8077,483.0410,463.7194,19.3216,0.01232650,0.01183344,19.3216,463.7194,0.01183344,19.3216,19.3216,19.3216,0.0000,0.0000,463.7194,0.01183344,57.9649,55.6772,425.0761,427.3638,0.01084732,0.0109057,0.00049306,4.6858,5.6707,0.0774,15.5820,0.2688,1264.1035,201.3548,4.5499,4.6885,2.0771,4.1543,6.1317,8.4025,10.5031,18.5864,3.9466,-2.0771,2.528253,4.474023,1.127938,29,192,48,6,0.01915741,0.01232650,0.05216444,0E-8,0.000000,0.903271,0.017936,-0.04061604,2026-05-16,2026-07-20,31,1797,733,66,0.469697,0.970424,0.970991,0.063858,,,,,,,,GLOBAL_BASELINE_NO_ENTITY_RANKING,,,NOT_APPLICABLE_GLOBAL_BASELINE,HF9g-P5,,,,X 全窗基线 · 不参与实体赏罚,8395858,840,A168_HF9F_20260827_0900,2026-08-27 09:00:00
2026-07-01,150107794,1990,0,22.2785431060,1E-10,1E-10,0.5000000,6,6,0.49771390000000000,0.497713900000,0.011199674067230152,0.011199674067230152,0.011199674067230152,0E-17,ELIGIBLE,R03b_20260811_FULL_v1,L1_ELIGIBILITY,v2026-08-11,2026-03-21..2026-08-06,baccarat_bet02_101_all_pairs_incl_sentinel,round_win = game_pnl > 0 (decisive only),COMPATIBILITY_ONLY_NOT_PRODUCTION,39187.2093,35396.6747,483.0410,8363,6242,-0.01232650,-0.05216444,-0.01154840,-0.01232650,-483.0410,39187.2093,OK,0.0000,19.3216,4.0000,96.0000,AG03-UNRESOLVED,ALL5_LEVELS_bet23_to_bet27,19.3216,19.3216,19.3216,0.0000,0.0000,4.000000,4.000000,4.000000,0.000000,0.000000,96.000000,96.000000,96.000000,100.000000,100.000000,5.0,57.9649,55.6772,425.0761,427.3638,PENDING_AG03,FALSE,NOT_FOR_ENFORCEMENT,463.7194,33980.8077,483.0410,463.7194,19.3216,0.01232650,0.01183344,19.3216,463.7194,0.01183344,19.3216,19.3216,19.3216,0.0000,0.0000,463.7194,0.01183344,57.9649,55.6772,425.0761,427.3638,0.01084732,0.0109057,0.00049306,4.6858,5.6707,0.0774,15.5820,0.2688,1264.1035,201.3548,4.5499,4.6885,2.0771,4.1543,6.1317,8.4025,10.5031,18.5864,3.9466,-2.0771,2.528253,4.474023,1.127938,29,192,48,6,0.01915741,0.01232650,0.05216444,0E-8,0.000000,0.903271,0.017936,-0.04061604,2026-05-16,2026-07-20,31,1797,733,66,0.469697,0.970424,0.970991,0.063858,,,,,,,,GLOBAL_BASELINE_NO_ENTITY_RANKING,,,NOT_APPLICABLE_GLOBAL_BASELINE,HF9g-P5,,,,X 全窗基线 · 不参与实体赏罚,8395859,840,A168_HF9F_20260827_0900,2026-08-27 09:00:00
2026-07-01,150107794,1994,0,2.0439030372,2.0439030372,2.0439030372,1.0000000,1,1,0.49324550000000000,0.493245500000,1.01360149184955,1.01360149184955,1.01360149184955,0E-17,ELIGIBLE,R03b_20260811_FULL_v1,L1_ELIGIBILITY,v2026-08-11,2026-03-21..2026-08-06,baccarat_bet02_101_all_pairs_incl_sentinel,round_win = game_pnl > 0 (decisive only),COMPATIBILITY_ONLY_NOT_PRODUCTION,39187.2093,35396.6747,483.0410,8363,6242,-0.01232650,-0.05216444,-0.01154840,-0.01232650,-483.0410,39187.2093,OK,0.0000,19.3216,4.0000,96.0000,AG03-UNRESOLVED,ALL5_LEVELS_bet23_to_bet27,19.3216,19.3216,19.3216,0.0000,0.0000,4.000000,4.000000,4.000000,0.000000,0.000000,96.000000,96.000000,96.000000,100.000000,100.000000,5.0,57.9649,55.6772,425.0761,427.3638,PENDING_AG03,FALSE,NOT_FOR_ENFORCEMENT,463.7194,33980.8077,483.0410,463.7194,19.3216,0.01232650,0.01183344,19.3216,463.7194,0.01183344,19.3216,19.3216,19.3216,0.0000,0.0000,463.7194,0.01183344,57.9649,55.6772,425.0761,427.3638,0.01084732,0.0109057,0.00049306,4.6858,5.6707,0.0774,15.5820,0.2688,1264.1035,201.3548,4.5499,4.6885,2.0771,4.1543,6.1317,8.4025,10.5031,18.5864,3.9466,-2.0771,2.528253,4.474023,1.127938,29,192,48,6,0.01915741,0.01232650,0.05216444,0E-8,0.000000,0.903271,0.017936,-0.04061604,2026-05-16,2026-07-20,31,1797,733,66,0.469697,0.970424,0.970991,0.063858,,,,,,,,GLOBAL_BASELINE_NO_ENTITY_RANKING,,,NOT_APPLICABLE_GLOBAL_BASELINE,HF9g-P5,,,,X 全窗基线 · 不参与实体赏罚,8395860,840,A168_HF9F_20260827_0900,2026-08-27 09:00:00
2026-07-01,150107794,2105,0,8.1756121490,0E-10,0E-10,0.5000000,2,2,0.49324550000000000,0.493245500000,0.01910635448239258,0.01910635448239258,0.01910635448239258,0E-17,ELIGIBLE,R03b_20260811_FULL_v1,L1_ELIGIBILITY,v2026-08-11,2026-03-21..2026-08-06,baccarat_bet02_101_all_pairs_incl_sentinel,round_win = game_pnl > 0 (decisive only),COMPATIBILITY_ONLY_NOT_PRODUCTION,39187.2093,35396.6747,483.0410,8363,6242,-0.01232650,-0.05216444,-0.01154840,-0.01232650,-483.0410,39187.2093,OK,0.0000,19.3216,4.0000,96.0000,AG03-UNRESOLVED,ALL5_LEVELS_bet23_to_bet27,19.3216,19.3216,19.3216,0.0000,0.0000,4.000000,4.000000,4.000000,0.000000,0.000000,96.000000,96.000000,96.000000,100.000000,100.000000,5.0,57.9649,55.6772,425.0761,427.3638,PENDING_AG03,FALSE,NOT_FOR_ENFORCEMENT,463.7194,33980.8077,483.0410,463.7194,19.3216,0.01232650,0.01183344,19.3216,463.7194,0.01183344,19.3216,19.3216,19.3216,0.0000,0.0000,463.7194,0.01183344,57.9649,55.6772,425.0761,427.3638,0.01084732,0.0109057,0.00049306,4.6858,5.6707,0.0774,15.5820,0.2688,1264.1035,201.3548,4.5499,4.6885,2.0771,4.1543,6.1317,8.4025,10.5031,18.5864,3.9466,-2.0771,2.528253,4.474023,1.127938,29,192,48,6,0.01915741,0.01232650,0.05216444,0E-8,0.000000,0.903271,0.017936,-0.04061604,2026-05-16,2026-07-20,31,1797,733,66,0.469697,0.970424,0.970991,0.063858,,,,,,,,GLOBAL_BASELINE_NO_ENTITY_RANKING,,,NOT_APPLICABLE_GLOBAL_BASELINE,HF9g-P5,,,,X 全窗基线 · 不参与实体赏罚,8395861,840,A168_HF9F_20260827_0900,2026-08-27 09:00:00
2026-07-01,150107794,2108,0,3.0658545559,3.0658545559,3.0658545559,1.0000000,1,1,0.49324550000000000,0.493245500000,1.01360149184955,1.01360149184955,1.01360149184955,0E-17,ELIGIBLE,R03b_20260811_FULL_v1,L1_ELIGIBILITY,v2026-08-11,2026-03-21..2026-08-06,baccarat_bet02_101_all_pairs_incl_sentinel,round_win = game_pnl > 0 (decisive only),COMPATIBILITY_ONLY_NOT_PRODUCTION,39187.2093,35396.6747,483.0410,8363,6242,-0.01232650,-0.05216444,-0.01154840,-0.01232650,-483.0410,39187.2093,OK,0.0000,19.3216,4.0000,96.0000,AG03-UNRESOLVED,ALL5_LEVELS_bet23_to_bet27,19.3216,19.3216,19.3216,0.0000,0.0000,4.000000,4.000000,4.000000,0.000000,0.000000,96.000000,96.000000,96.000000,100.000000,100.000000,5.0,57.9649,55.6772,425.0761,427.3638,PENDING_AG03,FALSE,NOT_FOR_ENFORCEMENT,463.7194,33980.8077,483.0410,463.7194,19.3216,0.01232650,0.01183344,19.3216,463.7194,0.01183344,19.3216,19.3216,19.3216,0.0000,0.0000,463.7194,0.01183344,57.9649,55.6772,425.0761,427.3638,0.01084732,0.0109057,0.00049306,4.6858,5.6707,0.0774,15.5820,0.2688,1264.1035,201.3548,4.5499,4.6885,2.0771,4.1543,6.1317,8.4025,10.5031,18.5864,3.9466,-2.0771,2.528253,4.474023,1.127938,29,192,48,6,0.01915741,0.01232650,0.05216444,0E-8,0.000000,0.903271,0.017936,-0.04061604,2026-05-16,2026-07-20,31,1797,733,66,0.469697,0.970424,0.970991,0.063858,,,,,,,,GLOBAL_BASELINE_NO_ENTITY_RANKING,,,NOT_APPLICABLE_GLOBAL_BASELINE,HF9g-P5,,,,X 全窗基线 · 不参与实体赏罚,8395862,840,A168_HF9F_20260827_0900,2026-08-27 09:00:00
2026-07-01,150107794,2110,0,28.4102522179,4.5272452276,4.5272452276,0.6250000,10,9,0.48446484666701340,0.480035483333,0.7953708832243089,0.8206976335923608,0.7953708832243089,0.00442936333401340,ELIGIBLE,R03b_20260811_FULL_v1,L1_ELIGIBILITY,v2026-08-11,2026-03-21..2026-08-06,baccarat_bet02_101_all_pairs_incl_sentinel,round_win = game_pnl > 0 (decisive only),COMPATIBILITY_ONLY_NOT_PRODUCTION,39187.2093,35396.6747,483.0410,8363,6242,-0.01232650,-0.05216444,-0.01154840,-0.01232650,-483.0410,39187.2093,OK,0.0000,19.3216,4.0000,96.0000,AG03-UNRESOLVED,ALL5_LEVELS_bet23_to_bet27,19.3216,19.3216,19.3216,0.0000,0.0000,4.000000,4.000000,4.000000,0.000000,0.000000,96.000000,96.000000,96.000000,100.000000,100.000000,5.0,57.9649,55.6772,425.0761,427.3638,PENDING_AG03,FALSE,NOT_FOR_ENFORCEMENT,463.7194,33980.8077,483.0410,463.7194,19.3216,0.01232650,0.01183344,19.3216,463.7194,0.01183344,19.3216,19.3216,19.3216,0.0000,0.0000,463.7194,0.01183344,57.9649,55.6772,425.0761,427.3638,0.01084732,0.0109057,0.00049306,4.6858,5.6707,0.0774,15.5820,0.2688,1264.1035,201.3548,4.5499,4.6885,2.0771,4.1543,6.1317,8.4025,10.5031,18.5864,3.9466,-2.0771,2.528253,4.474023,1.127938,29,192,48,6,0.01915741,0.01232650,0.05216444,0E-8,0.000000,0.903271,0.017936,-0.04061604,2026-05-16,2026-07-20,31,1797,733,66,0.469697,0.970424,0.970991,0.063858,,,,,,,,GLOBAL_BASELINE_NO_ENTITY_RANKING,,,NOT_APPLICABLE_GLOBAL_BASELINE,HF9g-P5,,,,X 全窗基线 · 不参与实体赏罚,8395863,840,A168_HF9F_20260827_0900,2026-08-27 09:00:00
2026-07-01,150107794,2117,0,4.0878060744,-4.0878060744,-4.0878060744,0E-7,2,1,0.29392415000000000,0.293924150000,-0.6451964315166089,-0.6451964315166089,-0.6451964315166089,0E-17,ELIGIBLE,R03b_20260811_FULL_v1,L1_ELIGIBILITY,v2026-08-11,2026-03-21..2026-08-06,baccarat_bet02_101_all_pairs_incl_sentinel,round_win = game_pnl > 0 (decisive only),COMPATIBILITY_ONLY_NOT_PRODUCTION,39187.2093,35396.6747,483.0410,8363,6242,-0.01232650,-0.05216444,-0.01154840,-0.01232650,-483.0410,39187.2093,OK,0.0000,19.3216,4.0000,96.0000,AG03-UNRESOLVED,ALL5_LEVELS_bet23_to_bet27,19.3216,19.3216,19.3216,0.0000,0.0000,4.000000,4.000000,4.000000,0.000000,0.000000,96.000000,96.000000,96.000000,100.000000,100.000000,5.0,57.9649,55.6772,425.0761,427.3638,PENDING_AG03,FALSE,NOT_FOR_ENFORCEMENT,463.7194,33980.8077,483.0410,463.7194,19.3216,0.01232650,0.01183344,19.3216,463.7194,0.01183344,19.3216,19.3216,19.3216,0.0000,0.0000,463.7194,0.01183344,57.9649,55.6772,425.0761,427.3638,0.01084732,0.0109057,0.00049306,4.6858,5.6707,0.0774,15.5820,0.2688,1264.1035,201.3548,4.5499,4.6885,2.0771,4.1543,6.1317,8.4025,10.5031,18.5864,3.9466,-2.0771,2.528253,4.474023,1.127938,29,192,48,6,0.01915741,0.01232650,0.05216444,0E-8,0.000000,0.903271,0.017936,-0.04061604,2026-05-16,2026-07-20,31,1797,733,66,0.469697,0.970424,0.970991,0.063858,,,,,,,,GLOBAL_BASELINE_NO_ENTITY_RANKING,,,NOT_APPLICABLE_GLOBAL_BASELINE,HF9g-P5,,,,X 全窗基线 · 不参与实体赏罚,8395864,840,A168_HF9F_20260827_0900,2026-08-27 09:00:00
2026-07-01,150107794,2130,0,6.1317091116,-4.0878060744,-4.0878060744,0E-7,3,2,0.39358482500000000,0.393584825000,-0.8056272404023801,-0.8056272404023801,-0.8056272404023801,0E-17,ELIGIBLE,R03b_20260811_FULL_v1,L1_ELIGIBILITY,v2026-08-11,2026-03-21..2026-08-06,baccarat_bet02_101_all_pairs_incl_sentinel,round_win = game_pnl > 0 (decisive only),COMPATIBILITY_ONLY_NOT_PRODUCTION,39187.2093,35396.6747,483.0410,8363,6242,-0.01232650,-0.05216444,-0.01154840,-0.01232650,-483.0410,39187.2093,OK,0.0000,19.3216,4.0000,96.0000,AG03-UNRESOLVED,ALL5_LEVELS_bet23_to_bet27,19.3216,19.3216,19.3216,0.0000,0.0000,4.000000,4.000000,4.000000,0.000000,0.000000,96.000000,96.000000,96.000000,100.000000,100.000000,5.0,57.9649,55.6772,425.0761,427.3638,PENDING_AG03,FALSE,NOT_FOR_ENFORCEMENT,463.7194,33980.8077,483.0410,463.7194,19.3216,0.01232650,0.01183344,19.3216,463.7194,0.01183344,19.3216,19.3216,19.3216,0.0000,0.0000,463.7194,0.01183344,57.9649,55.6772,425.0761,427.3638,0.01084732,0.0109057,0.00049306,4.6858,5.6707,0.0774,15.5820,0.2688,1264.1035,201.3548,4.5499,4.6885,2.0771,4.1543,6.1317,8.4025,10.5031,18.5864,3.9466,-2.0771,2.528253,4.474023,1.127938,29,192,48,6,0.01915741,0.01232650,0.05216444,0E-8,0.000000,0.903271,0.017936,-0.04061604,2026-05-16,2026-07-20,31,1797,733,66,0.469697,0.970424,0.970991,0.063858,,,,,,,,GLOBAL_BASELINE_NO_ENTITY_RANKING,,,NOT_APPLICABLE_GLOBAL_BASELINE,HF9g-P5,,,,X 全窗基线 · 不参与实体赏罚,8395865,840,A168_HF9F_20260827_0900,2026-08-27 09:00:00
2026-07-01,150107794,2153,0,24.3224461431,-16.2490291461,-16.2490291461,0.3333333,8,6,0.45490973333406785,0.432390550000,-0.5980370304874862,-0.4897775117974666,-0.5980370304874862,0.02251918333406785,ELIGIBLE,R03b_20260811_FULL_v1,L1_ELIGIBILITY,v2026-08-11,2026-03-21..2026-08-06,baccarat_bet02_101_all_pairs_incl_sentinel,round_win = game_pnl > 0 (decisive only),COMPATIBILITY_ONLY_NOT_PRODUCTION,39187.2093,35396.6747,483.0410,8363,6242,-0.01232650,-0.05216444,-0.01154840,-0.01232650,-483.0410,39187.2093,OK,0.0000,19.3216,4.0000,96.0000,AG03-UNRESOLVED,ALL5_LEVELS_bet23_to_bet27,19.3216,19.3216,19.3216,0.0000,0.0000,4.000000,4.000000,4.000000,0.000000,0.000000,96.000000,96.000000,96.000000,100.000000,100.000000,5.0,57.9649,55.6772,425.0761,427.3638,PENDING_AG03,FALSE,NOT_FOR_ENFORCEMENT,463.7194,33980.8077,483.0410,463.7194,19.3216,0.01232650,0.01183344,19.3216,463.7194,0.01183344,19.3216,19.3216,19.3216,0.0000,0.0000,463.7194,0.01183344,57.9649,55.6772,425.0761,427.3638,0.01084732,0.0109057,0.00049306,4.6858,5.6707,0.0774,15.5820,0.2688,1264.1035,201.3548,4.5499,4.6885,2.0771,4.1543,6.1317,8.4025,10.5031,18.5864,3.9466,-2.0771,2.528253,4.474023,1.127938,29,192,48,6,0.01915741,0.01232650,0.05216444,0E-8,0.000000,0.903271,0.017936,-0.04061604,2026-05-16,2026-07-20,31,1797,733,66,0.469697,0.970424,0.970991,0.063858,,,,,,,,GLOBAL_BASELINE_NO_ENTITY_RANKING,,,NOT_APPLICABLE_GLOBAL_BASELINE,HF9g-P5,,,,X 全窗基线 · 不参与实体赏罚,8395866,840,A168_HF9F_20260827_0900,2026-08-27 09:00:00
2026-07-01,150107794,2156,0,8.1756121490,-8.1756121490,-8.1756121490,0E-7,2,2,0.49994810000000000,0.499948100000,-1.4140667746232096,-1.4140667746232096,-1.4140667746232096,0E-17,ELIGIBLE,R03b_20260811_FULL_v1,L1_ELIGIBILITY,v2026-08-11,2026-03-21..2026-08-06,baccarat_bet02_101_all_pairs_incl_sentinel,round_win = game_pnl > 0 (decisive only),COMPATIBILITY_ONLY_NOT_PRODUCTION,39187.2093,35396.6747,483.0410,8363,6242,-0.01232650,-0.05216444,-0.01154840,-0.01232650,-483.0410,39187.2093,OK,0.0000,19.3216,4.0000,96.0000,AG03-UNRESOLVED,ALL5_LEVELS_bet23_to_bet27,19.3216,19.3216,19.3216,0.0000,0.0000,4.000000,4.000000,4.000000,0.000000,0.000000,96.000000,96.000000,96.000000,100.000000,100.000000,5.0,57.9649,55.6772,425.0761,427.3638,PENDING_AG03,FALSE,NOT_FOR_ENFORCEMENT,463.7194,33980.8077,483.0410,463.7194,19.3216,0.01232650,0.01183344,19.3216,463.7194,0.01183344,19.3216,19.3216,19.3216,0.0000,0.0000,463.7194,0.01183344,57.9649,55.6772,425.0761,427.3638,0.01084732,0.0109057,0.00049306,4.6858,5.6707,0.0774,15.5820,0.2688,1264.1035,201.3548,4.5499,4.6885,2.0771,4.1543,6.1317,8.4025,10.5031,18.5864,3.9466,-2.0771,2.528253,4.474023,1.127938,29,192,48,6,0.01915741,0.01232650,0.05216444,0E-8,0.000000,0.903271,0.017936,-0.04061604,2026-05-16,2026-07-20,31,1797,733,66,0.469697,0.970424,0.970991,0.063858,,,,,,,,GLOBAL_BASELINE_NO_ENTITY_RANKING,,,NOT_APPLICABLE_GLOBAL_BASELINE,HF9g-P5,,,,X 全窗基线 · 不参与实体赏罚,8395867,840,A168_HF9F_20260827_0900,2026-08-27 09:00:00
2026-07-01,150107794,2171,0,20.6434206761,-0.4087806074,-0.4087806074,0.5000000,6,6,0.49994810000000000,0.499948100000,0.00025425703667063243,0.00025425703667063243,0.00025425703667063243,0E-17,ELIGIBLE,R03b_20260811_FULL_v1,L1_ELIGIBILITY,v2026-08-11,2026-03-21..2026-08-06,baccarat_bet02_101_all_pairs_incl_sentinel,round_win = game_pnl > 0 (decisive only),COMPATIBILITY_ONLY_NOT_PRODUCTION,39187.2093,35396.6747,483.0410,8363,6242,-0.01232650,-0.05216444,-0.01154840,-0.01232650,-483.0410,39187.2093,OK,0.0000,19.3216,4.0000,96.0000,AG03-UNRESOLVED,ALL5_LEVELS_bet23_to_bet27,19.3216,19.3216,19.3216,0.0000,0.0000,4.000000,4.000000,4.000000,0.000000,0.000000,96.000000,96.000000,96.000000,100.000000,100.000000,5.0,57.9649,55.6772,425.0761,427.3638,PENDING_AG03,FALSE,NOT_FOR_ENFORCEMENT,463.7194,33980.8077,483.0410,463.7194,19.3216,0.01232650,0.01183344,19.3216,463.7194,0.01183344,19.3216,19.3216,19.3216,0.0000,0.0000,463.7194,0.01183344,57.9649,55.6772,425.0761,427.3638,0.01084732,0.0109057,0.00049306,4.6858,5.6707,0.0774,15.5820,0.2688,1264.1035,201.3548,4.5499,4.6885,2.0771,4.1543,6.1317,8.4025,10.5031,18.5864,3.9466,-2.0771,2.528253,4.474023,1.127938,29,192,48,6,0.01915741,0.01232650,0.05216444,0E-8,0.000000,0.903271,0.017936,-0.04061604,2026-05-16,2026-07-20,31,1797,733,66,0.469697,0.970424,0.970991,0.063858,,,,,,,,GLOBAL_BASELINE_NO_ENTITY_RANKING,,,NOT_APPLICABLE_GLOBAL_BASELINE,HF9g-P5,,,,X 全窗基线 · 不参与实体赏罚,8395868,840,A168_HF9F_20260827_0900,2026-08-27 09:00:00
2026-07-01,150107794,2177,0,4.0878060744,-4.0878060744,-4.0878060744,0E-7,2,2,0.49324550000000000,0.493245500000,-1.3952362676504506,-1.3952362676504506,-1.3952362676504506,0E-17,ELIGIBLE,R03b_20260811_FULL_v1,L1_ELIGIBILITY,v2026-08-11,2026-03-21..2026-08-06,baccarat_bet02_101_all_pairs_incl_sentinel,round_win = game_pnl > 0 (decisive only),COMPATIBILITY_ONLY_NOT_PRODUCTION,39187.2093,35396.6747,483.0410,8363,6242,-0.01232650,-0.05216444,-0.01154840,-0.01232650,-483.0410,39187.2093,OK,0.0000,19.3216,4.0000,96.0000,AG03-UNRESOLVED,ALL5_LEVELS_bet23_to_bet27,19.3216,19.3216,19.3216,0.0000,0.0000,4.000000,4.000000,4.000000,0.000000,0.000000,96.000000,96.000000,96.000000,100.000000,100.000000,5.0,57.9649,55.6772,425.0761,427.3638,PENDING_AG03,FALSE,NOT_FOR_ENFORCEMENT,463.7194,33980.8077,483.0410,463.7194,19.3216,0.01232650,0.01183344,19.3216,463.7194,0.01183344,19.3216,19.3216,19.3216,0.0000,0.0000,463.7194,0.01183344,57.9649,55.6772,425.0761,427.3638,0.01084732,0.0109057,0.00049306,4.6858,5.6707,0.0774,15.5820,0.2688,1264.1035,201.3548,4.5499,4.6885,2.0771,4.1543,6.1317,8.4025,10.5031,18.5864,3.9466,-2.0771,2.528253,4.474023,1.127938,29,192,48,6,0.01915741,0.01232650,0.05216444,0E-8,0.000000,0.903271,0.017936,-0.04061604,2026-05-16,2026-07-20,31,1797,733,66,0.469697,0.970424,0.970991,0.063858,,,,,,,,GLOBAL_BASELINE_NO_ENTITY_RANKING,,,NOT_APPLICABLE_GLOBAL_BASELINE,HF9g-P5,,,,X 全窗基线 · 不参与实体赏罚,8395869,840,A168_HF9F_20260827_0900,2026-08-27 09:00:00
2026-07-01,150107794,2191,0,6.1317091117,6.1317091117,6.1317091117,1.0000000,1,1,0.49324550000000000,0.493245500000,1.01360149184955,1.01360149184955,1.01360149184955,0E-17,ELIGIBLE,R03b_20260811_FULL_v1,L1_ELIGIBILITY,v2026-08-11,2026-03-21..2026-08-06,baccarat_bet02_101_all_pairs_incl_sentinel,round_win = game_pnl > 0 (decisive only),COMPATIBILITY_ONLY_NOT_PRODUCTION,39187.2093,35396.6747,483.0410,8363,6242,-0.01232650,-0.05216444,-0.01154840,-0.01232650,-483.0410,39187.2093,OK,0.0000,19.3216,4.0000,96.0000,AG03-UNRESOLVED,ALL5_LEVELS_bet23_to_bet27,19.3216,19.3216,19.3216,0.0000,0.0000,4.000000,4.000000,4.000000,0.000000,0.000000,96.000000,96.000000,96.000000,100.000000,100.000000,5.0,57.9649,55.6772,425.0761,427.3638,PENDING_AG03,FALSE,NOT_FOR_ENFORCEMENT,463.7194,33980.8077,483.0410,463.7194,19.3216,0.01232650,0.01183344,19.3216,463.7194,0.01183344,19.3216,19.3216,19.3216,0.0000,0.0000,463.7194,0.01183344,57.9649,55.6772,425.0761,427.3638,0.01084732,0.0109057,0.00049306,4.6858,5.6707,0.0774,15.5820,0.2688,1264.1035,201.3548,4.5499,4.6885,2.0771,4.1543,6.1317,8.4025,10.5031,18.5864,3.9466,-2.0771,2.528253,4.474023,1.127938,29,192,48,6,0.01915741,0.01232650,0.05216444,0E-8,0.000000,0.903271,0.017936,-0.04061604,2026-05-16,2026-07-20,31,1797,733,66,0.469697,0.970424,0.970991,0.063858,,,,,,,,GLOBAL_BASELINE_NO_ENTITY_RANKING,,,NOT_APPLICABLE_GLOBAL_BASELINE,HF9g-P5,,,,X 全窗基线 · 不参与实体赏罚,8395870,840,A168_HF9F_20260827_0900,2026-08-27 09:00:00
2026-07-01,150107794,2196,0,8.1756121490,-8.1756121490,-8.1756121490,0E-7,2,2,0.50665070000000000,0.506650700000,-1.4331513700195317,-1.4331513700195317,-1.4331513700195317,0E-17,ELIGIBLE,R03b_20260811_FULL_v1,L1_ELIGIBILITY,v2026-08-11,2026-03-21..2026-08-06,baccarat_bet02_101_all_pairs_incl_sentinel,round_win = game_pnl > 0 (decisive only),COMPATIBILITY_ONLY_NOT_PRODUCTION,39187.2093,35396.6747,483.0410,8363,6242,-0.01232650,-0.05216444,-0.01154840,-0.01232650,-483.0410,39187.2093,OK,0.0000,19.3216,4.0000,96.0000,AG03-UNRESOLVED,ALL5_LEVELS_bet23_to_bet27,19.3216,19.3216,19.3216,0.0000,0.0000,4.000000,4.000000,4.000000,0.000000,0.000000,96.000000,96.000000,96.000000,100.000000,100.000000,5.0,57.9649,55.6772,425.0761,427.3638,PENDING_AG03,FALSE,NOT_FOR_ENFORCEMENT,463.7194,33980.8077,483.0410,463.7194,19.3216,0.01232650,0.01183344,19.3216,463.7194,0.01183344,19.3216,19.3216,19.3216,0.0000,0.0000,463.7194,0.01183344,57.9649,55.6772,425.0761,427.3638,0.01084732,0.0109057,0.00049306,4.6858,5.6707,0.0774,15.5820,0.2688,1264.1035,201.3548,4.5499,4.6885,2.0771,4.1543,6.1317,8.4025,10.5031,18.5864,3.9466,-2.0771,2.528253,4.474023,1.127938,29,192,48,6,0.01915741,0.01232650,0.05216444,0E-8,0.000000,0.903271,0.017936,-0.04061604,2026-05-16,2026-07-20,31,1797,733,66,0.469697,0.970424,0.970991,0.063858,,,,,,,,GLOBAL_BASELINE_NO_ENTITY_RANKING,,,NOT_APPLICABLE_GLOBAL_BASELINE,HF9g-P5,,,,X 全窗基线 · 不参与实体赏罚,8395871,840,A168_HF9F_20260827_0900,2026-08-27 09:00:00
2026-07-01,150107794,2209,0,80.9385602747,8.3084658464,8.3084658464,0.6875000,24,19,0.47014651506518858,0.448906186842,1.7419355840944435,1.9187951240255956,1.7419355840944435,0.02124032822318858,ELIGIBLE,R03b_20260811_FULL_v1,L1_ELIGIBILITY,v2026-08-11,2026-03-21..2026-08-06,baccarat_bet02_101_all_pairs_incl_sentinel,round_win = game_pnl > 0 (decisive only),COMPATIBILITY_ONLY_NOT_PRODUCTION,39187.2093,35396.6747,483.0410,8363,6242,-0.01232650,-0.05216444,-0.01154840,-0.01232650,-483.0410,39187.2093,OK,0.0000,19.3216,4.0000,96.0000,AG03-UNRESOLVED,ALL5_LEVELS_bet23_to_bet27,19.3216,19.3216,19.3216,0.0000,0.0000,4.000000,4.000000,4.000000,0.000000,0.000000,96.000000,96.000000,96.000000,100.000000,100.000000,5.0,57.9649,55.6772,425.0761,427.3638,PENDING_AG03,FALSE,NOT_FOR_ENFORCEMENT,463.7194,33980.8077,483.0410,463.7194,19.3216,0.01232650,0.01183344,19.3216,463.7194,0.01183344,19.3216,19.3216,19.3216,0.0000,0.0000,463.7194,0.01183344,57.9649,55.6772,425.0761,427.3638,0.01084732,0.0109057,0.00049306,4.6858,5.6707,0.0774,15.5820,0.2688,1264.1035,201.3548,4.5499,4.6885,2.0771,4.1543,6.1317,8.4025,10.5031,18.5864,3.9466,-2.0771,2.528253,4.474023,1.127938,29,192,48,6,0.01915741,0.01232650,0.05216444,0E-8,0.000000,0.903271,0.017936,-0.04061604,2026-05-16,2026-07-20,31,1797,733,66,0.469697,0.970424,0.970991,0.063858,,,,,,,,GLOBAL_BASELINE_NO_ENTITY_RANKING,,,NOT_APPLICABLE_GLOBAL_BASELINE,HF9g-P5,,,,X 全窗基线 · 不参与实体赏罚,8395872,840,A168_HF9F_20260827_0900,2026-08-27 09:00:00
2026-07-01,150107794,2222,0,21.2565915874,9.4326125169,9.4326125169,0.8571429,8,7,0.48310510571474651,0.477218707143,1.9803525989415438,2.0124596031330295,1.9803525989415438,0.00588639857174651,ELIGIBLE,R03b_20260811_FULL_v1,L1_ELIGIBILITY,v2026-08-11,2026-03-21..2026-08-06,baccarat_bet02_101_all_pairs_incl_sentinel,round_win = game_pnl > 0 (decisive only),COMPATIBILITY_ONLY_NOT_PRODUCTION,39187.2093,35396.6747,483.0410,8363,6242,-0.01232650,-0.05216444,-0.01154840,-0.01232650,-483.0410,39187.2093,OK,0.0000,19.3216,4.0000,96.0000,AG03-UNRESOLVED,ALL5_LEVELS_bet23_to_bet27,19.3216,19.3216,19.3216,0.0000,0.0000,4.000000,4.000000,4.000000,0.000000,0.000000,96.000000,96.000000,96.000000,100.000000,100.000000,5.0,57.9649,55.6772,425.0761,427.3638,PENDING_AG03,FALSE,NOT_FOR_ENFORCEMENT,463.7194,33980.8077,483.0410,463.7194,19.3216,0.01232650,0.01183344,19.3216,463.7194,0.01183344,19.3216,19.3216,19.3216,0.0000,0.0000,463.7194,0.01183344,57.9649,55.6772,425.0761,427.3638,0.01084732,0.0109057,0.00049306,4.6858,5.6707,0.0774,15.5820,0.2688,1264.1035,201.3548,4.5499,4.6885,2.0771,4.1543,6.1317,8.4025,10.5031,18.5864,3.9466,-2.0771,2.528253,4.474023,1.127938,29,192,48,6,0.01915741,0.01232650,0.05216444,0E-8,0.000000,0.903271,0.017936,-0.04061604,2026-05-16,2026-07-20,31,1797,733,66,0.469697,0.970424,0.970991,0.063858,,,,,,,,GLOBAL_BASELINE_NO_ENTITY_RANKING,,,NOT_APPLICABLE_GLOBAL_BASELINE,HF9g-P5,,,,X 全窗基线 · 不参与实体赏罚,8395873,840,A168_HF9F_20260827_0900,2026-08-27 09:00:00
2026-07-01,150107794,2246,0,12.2634182234,12.2634182234,12.2634182234,1.0000000,2,2,0.49324550000000000,0.493245500000,1.4334489766152358,1.4334489766152358,1.4334489766152358,0E-17,ELIGIBLE,R03b_20260811_FULL_v1,L1_ELIGIBILITY,v2026-08-11,2026-03-21..2026-08-06,baccarat_bet02_101_all_pairs_incl_sentinel,round_win = game_pnl > 0 (decisive only),COMPATIBILITY_ONLY_NOT_PRODUCTION,39187.2093,35396.6747,483.0410,8363,6242,-0.01232650,-0.05216444,-0.01154840,-0.01232650,-483.0410,39187.2093,OK,0.0000,19.3216,4.0000,96.0000,AG03-UNRESOLVED,ALL5_LEVELS_bet23_to_bet27,19.3216,19.3216,19.3216,0.0000,0.0000,4.000000,4.000000,4.000000,0.000000,0.000000,96.000000,96.000000,96.000000,100.000000,100.000000,5.0,57.9649,55.6772,425.0761,427.3638,PENDING_AG03,FALSE,NOT_FOR_ENFORCEMENT,463.7194,33980.8077,483.0410,463.7194,19.3216,0.01232650,0.01183344,19.3216,463.7194,0.01183344,19.3216,19.3216,19.3216,0.0000,0.0000,463.7194,0.01183344,57.9649,55.6772,425.0761,427.3638,0.01084732,0.0109057,0.00049306,4.6858,5.6707,0.0774,15.5820,0.2688,1264.1035,201.3548,4.5499,4.6885,2.0771,4.1543,6.1317,8.4025,10.5031,18.5864,3.9466,-2.0771,2.528253,4.474023,1.127938,29,192,48,6,0.01915741,0.01232650,0.05216444,0E-8,0.000000,0.903271,0.017936,-0.04061604,2026-05-16,2026-07-20,31,1797,733,66,0.469697,0.970424,0.970991,0.063858,,,,,,,,GLOBAL_BASELINE_NO_ENTITY_RANKING,,,NOT_APPLICABLE_GLOBAL_BASELINE,HF9g-P5,,,,X 全窗基线 · 不参与实体赏罚,8395874,840,A168_HF9F_20260827_0900,2026-08-27 09:00:00
2026-07-01,150107794,2261,0,8.1756121490,-8.1756121490,-8.1756121490,0E-7,2,2,0.50665070000000000,0.506650700000,-1.4331513700195317,-1.4331513700195317,-1.4331513700195317,0E-17,ELIGIBLE,R03b_20260811_FULL_v1,L1_ELIGIBILITY,v2026-08-11,2026-03-21..2026-08-06,baccarat_bet02_101_all_pairs_incl_sentinel,round_win = game_pnl > 0 (decisive only),COMPATIBILITY_ONLY_NOT_PRODUCTION,39187.2093,35396.6747,483.0410,8363,6242,-0.01232650,-0.05216444,-0.01154840,-0.01232650,-483.0410,39187.2093,OK,0.0000,19.3216,4.0000,96.0000,AG03-UNRESOLVED,ALL5_LEVELS_bet23_to_bet27,19.3216,19.3216,19.3216,0.0000,0.0000,4.000000,4.000000,4.000000,0.000000,0.000000,96.000000,96.000000,96.000000,100.000000,100.000000,5.0,57.9649,55.6772,425.0761,427.3638,PENDING_AG03,FALSE,NOT_FOR_ENFORCEMENT,463.7194,33980.8077,483.0410,463.7194,19.3216,0.01232650,0.01183344,19.3216,463.7194,0.01183344,19.3216,19.3216,19.3216,0.0000,0.0000,463.7194,0.01183344,57.9649,55.6772,425.0761,427.3638,0.01084732,0.0109057,0.00049306,4.6858,5.6707,0.0774,15.5820,0.2688,1264.1035,201.3548,4.5499,4.6885,2.0771,4.1543,6.1317,8.4025,10.5031,18.5864,3.9466,-2.0771,2.528253,4.474023,1.127938,29,192,48,6,0.01915741,0.01232650,0.05216444,0E-8,0.000000,0.903271,0.017936,-0.04061604,2026-05-16,2026-07-20,31,1797,733,66,0.469697,0.970424,0.970991,0.063858,,,,,,,,GLOBAL_BASELINE_NO_ENTITY_RANKING,,,NOT_APPLICABLE_GLOBAL_BASELINE,HF9g-P5,,,,X 全窗基线 · 不参与实体赏罚,8395875,840,A168_HF9F_20260827_0900,2026-08-27 09:00:00
2026-07-01,150107794,2280,0,6.7448800229,1.6249029146,1.6249029146,0.6666667,3,3,0.50218230000000000,0.502182300000,0.5697959874915163,0.5697959874915164,0.5697959874915163,0E-17,ELIGIBLE,R03b_20260811_FULL_v1,L1_ELIGIBILITY,v2026-08-11,2026-03-21..2026-08-06,baccarat_bet02_101_all_pairs_incl_sentinel,round_win = game_pnl > 0 (decisive only),COMPATIBILITY_ONLY_NOT_PRODUCTION,39187.2093,35396.6747,483.0410,8363,6242,-0.01232650,-0.05216444,-0.01154840,-0.01232650,-483.0410,39187.2093,OK,0.0000,19.3216,4.0000,96.0000,AG03-UNRESOLVED,ALL5_LEVELS_bet23_to_bet27,19.3216,19.3216,19.3216,0.0000,0.0000,4.000000,4.000000,4.000000,0.000000,0.000000,96.000000,96.000000,96.000000,100.000000,100.000000,5.0,57.9649,55.6772,425.0761,427.3638,PENDING_AG03,FALSE,NOT_FOR_ENFORCEMENT,463.7194,33980.8077,483.0410,463.7194,19.3216,0.01232650,0.01183344,19.3216,463.7194,0.01183344,19.3216,19.3216,19.3216,0.0000,0.0000,463.7194,0.01183344,57.9649,55.6772,425.0761,427.3638,0.01084732,0.0109057,0.00049306,4.6858,5.6707,0.0774,15.5820,0.2688,1264.1035,201.3548,4.5499,4.6885,2.0771,4.1543,6.1317,8.4025,10.5031,18.5864,3.9466,-2.0771,2.528253,4.474023,1.127938,29,192,48,6,0.01915741,0.01232650,0.05216444,0E-8,0.000000,0.903271,0.017936,-0.04061604,2026-05-16,2026-07-20,31,1797,733,66,0.469697,0.970424,0.970991,0.063858,,,,,,,,GLOBAL_BASELINE_NO_ENTITY_RANKING,,,NOT_APPLICABLE_GLOBAL_BASELINE,HF9g-P5,,,,X 全窗基线 · 不参与实体赏罚,8395876,840,A168_HF9F_20260827_0900,2026-08-27 09:00:00
2026-07-01,150107794,2281,0,17.3731758165,9.6063442750,9.6063442750,0.5000000,5,3,0.41166386060764307,0.362598800000,0.2538453886725964,0.40419031585207515,0.2538453886725964,0.04906506060764307,ELIGIBLE,R03b_20260811_FULL_v1,L1_ELIGIBILITY,v2026-08-11,2026-03-21..2026-08-06,baccarat_bet02_101_all_pairs_incl_sentinel,round_win = game_pnl > 0 (decisive only),COMPATIBILITY_ONLY_NOT_PRODUCTION,39187.2093,35396.6747,483.0410,8363,6242,-0.01232650,-0.05216444,-0.01154840,-0.01232650,-483.0410,39187.2093,OK,0.0000,19.3216,4.0000,96.0000,AG03-UNRESOLVED,ALL5_LEVELS_bet23_to_bet27,19.3216,19.3216,19.3216,0.0000,0.0000,4.000000,4.000000,4.000000,0.000000,0.000000,96.000000,96.000000,96.000000,100.000000,100.000000,5.0,57.9649,55.6772,425.0761,427.3638,PENDING_AG03,FALSE,NOT_FOR_ENFORCEMENT,463.7194,33980.8077,483.0410,463.7194,19.3216,0.01232650,0.01183344,19.3216,463.7194,0.01183344,19.3216,19.3216,19.3216,0.0000,0.0000,463.7194,0.01183344,57.9649,55.6772,425.0761,427.3638,0.01084732,0.0109057,0.00049306,4.6858,5.6707,0.0774,15.5820,0.2688,1264.1035,201.3548,4.5499,4.6885,2.0771,4.1543,6.1317,8.4025,10.5031,18.5864,3.9466,-2.0771,2.528253,4.474023,1.127938,29,192,48,6,0.01915741,0.01232650,0.05216444,0E-8,0.000000,0.903271,0.017936,-0.04061604,2026-05-16,2026-07-20,31,1797,733,66,0.469697,0.970424,0.970991,0.063858,,,,,,,,GLOBAL_BASELINE_NO_ENTITY_RANKING,,,NOT_APPLICABLE_GLOBAL_BASELINE,HF9g-P5,,,,X 全窗基线 · 不参与实体赏罚,8395877,840,A168_HF9F_20260827_0900,2026-08-27 09:00:00
2026-07-01,150107794,595,0,30.4541552547,-5.2426112903,-5.2426112903,0.6000000,10,7,0.44786522142937879,0.415482178571,0.6840963723464122,0.8372366704855358,0.6840963723464122,0.03238304285837879,ELIGIBLE,R03b_20260811_FULL_v1,L1_ELIGIBILITY,v2026-08-11,2026-03-21..2026-08-06,baccarat_bet02_101_all_pairs_incl_sentinel,round_win = game_pnl > 0 (decisive only),COMPATIBILITY_ONLY_NOT_PRODUCTION,39187.2093,35396.6747,483.0410,8363,6242,-0.01232650,-0.05216444,-0.01154840,-0.01232650,-483.0410,39187.2093,OK,0.0000,19.3216,4.0000,96.0000,AG03-UNRESOLVED,ALL5_LEVELS_bet23_to_bet27,19.3216,19.3216,19.3216,0.0000,0.0000,4.000000,4.000000,4.000000,0.000000,0.000000,96.000000,96.000000,96.000000,100.000000,100.000000,5.0,57.9649,55.6772,425.0761,427.3638,PENDING_AG03,FALSE,NOT_FOR_ENFORCEMENT,463.7194,33980.8077,483.0410,463.7194,19.3216,0.01232650,0.01183344,19.3216,463.7194,0.01183344,19.3216,19.3216,19.3216,0.0000,0.0000,463.7194,0.01183344,57.9649,55.6772,425.0761,427.3638,0.01084732,0.0109057,0.00049306,4.6858,5.6707,0.0774,15.5820,0.2688,1264.1035,201.3548,4.5499,4.6885,2.0771,4.1543,6.1317,8.4025,10.5031,18.5864,3.9466,-2.0771,2.528253,4.474023,1.127938,29,192,48,6,0.01915741,0.01232650,0.05216444,0E-8,0.000000,0.903271,0.017936,-0.04061604,2026-05-16,2026-07-20,31,1797,733,66,0.469697,0.970424,0.970991,0.063858,,,,,,,,GLOBAL_BASELINE_NO_ENTITY_RANKING,,,NOT_APPLICABLE_GLOBAL_BASELINE,HF9g-P5,,,,X 全窗基线 · 不参与实体赏罚,8395878,840,A168_HF9F_20260827_0900,2026-08-27 09:00:00
2026-07-01,150107794,789,0,2.0439030372,-2.0439030372,-2.0439030372,0E-7,1,1,0.50665070000000000,0.506650700000,-1.013391052207602,-1.013391052207602,-1.013391052207602,0E-17,ELIGIBLE,R03b_20260811_FULL_v1,L1_ELIGIBILITY,v2026-08-11,2026-03-21..2026-08-06,baccarat_bet02_101_all_pairs_incl_sentinel,round_win = game_pnl > 0 (decisive only),COMPATIBILITY_ONLY_NOT_PRODUCTION,39187.2093,35396.6747,483.0410,8363,6242,-0.01232650,-0.05216444,-0.01154840,-0.01232650,-483.0410,39187.2093,OK,0.0000,19.3216,4.0000,96.0000,AG03-UNRESOLVED,ALL5_LEVELS_bet23_to_bet27,19.3216,19.3216,19.3216,0.0000,0.0000,4.000000,4.000000,4.000000,0.000000,0.000000,96.000000,96.000000,96.000000,100.000000,100.000000,5.0,57.9649,55.6772,425.0761,427.3638,PENDING_AG03,FALSE,NOT_FOR_ENFORCEMENT,463.7194,33980.8077,483.0410,463.7194,19.3216,0.01232650,0.01183344,19.3216,463.7194,0.01183344,19.3216,19.3216,19.3216,0.0000,0.0000,463.7194,0.01183344,57.9649,55.6772,425.0761,427.3638,0.01084732,0.0109057,0.00049306,4.6858,5.6707,0.0774,15.5820,0.2688,1264.1035,201.3548,4.5499,4.6885,2.0771,4.1543,6.1317,8.4025,10.5031,18.5864,3.9466,-2.0771,2.528253,4.474023,1.127938,29,192,48,6,0.01915741,0.01232650,0.05216444,0E-8,0.000000,0.903271,0.017936,-0.04061604,2026-05-16,2026-07-20,31,1797,733,66,0.469697,0.970424,0.970991,0.063858,,,,,,,,GLOBAL_BASELINE_NO_ENTITY_RANKING,,,NOT_APPLICABLE_GLOBAL_BASELINE,HF9g-P5,,,,X 全窗基线 · 不参与实体赏罚,8395879,840,A168_HF9F_20260827_0900,2026-08-27 09:00:00
2026-07-01,150107794,925,0,10.2195151862,10.0151248825,10.0151248825,1.0000000,2,2,0.49994810000000000,0.499948100000,1.4143603653603398,1.4143603653603398,1.4143603653603398,0E-17,ELIGIBLE,R03b_20260811_FULL_v1,L1_ELIGIBILITY,v2026-08-11,2026-03-21..2026-08-06,baccarat_bet02_101_all_pairs_incl_sentinel,round_win = game_pnl > 0 (decisive only),COMPATIBILITY_ONLY_NOT_PRODUCTION,39187.2093,35396.6747,483.0410,8363,6242,-0.01232650,-0.05216444,-0.01154840,-0.01232650,-483.0410,39187.2093,OK,0.0000,19.3216,4.0000,96.0000,AG03-UNRESOLVED,ALL5_LEVELS_bet23_to_bet27,19.3216,19.3216,19.3216,0.0000,0.0000,4.000000,4.000000,4.000000,0.000000,0.000000,96.000000,96.000000,96.000000,100.000000,100.000000,5.0,57.9649,55.6772,425.0761,427.3638,PENDING_AG03,FALSE,NOT_FOR_ENFORCEMENT,463.7194,33980.8077,483.0410,463.7194,19.3216,0.01232650,0.01183344,19.3216,463.7194,0.01183344,19.3216,19.3216,19.3216,0.0000,0.0000,463.7194,0.01183344,57.9649,55.6772,425.0761,427.3638,0.01084732,0.0109057,0.00049306,4.6858,5.6707,0.0774,15.5820,0.2688,1264.1035,201.3548,4.5499,4.6885,2.0771,4.1543,6.1317,8.4025,10.5031,18.5864,3.9466,-2.0771,2.528253,4.474023,1.127938,29,192,48,6,0.01915741,0.01232650,0.05216444,0E-8,0.000000,0.903271,0.017936,-0.04061604,2026-05-16,2026-07-20,31,1797,733,66,0.469697,0.970424,0.970991,0.063858,,,,,,,,GLOBAL_BASELINE_NO_ENTITY_RANKING,,,NOT_APPLICABLE_GLOBAL_BASELINE,HF9g-P5,,,,X 全窗基线 · 不参与实体赏罚,8395880,840,A168_HF9F_20260827_0900,2026-08-27 09:00:00
2026-07-01,150107794,989,0,35.9726934553,1.4920492173,1.4920492173,0.5000000,9,6,0.45338736809251479,0.403638725000,0.22935315076100724,0.481090778844254,0.22935315076100724,0.04974864309251479,ELIGIBLE,R03b_20260811_FULL_v1,L1_ELIGIBILITY,v2026-08-11,2026-03-21..2026-08-06,baccarat_bet02_101_all_pairs_incl_sentinel,round_win = game_pnl > 0 (decisive only),COMPATIBILITY_ONLY_NOT_PRODUCTION,39187.2093,35396.6747,483.0410,8363,6242,-0.01232650,-0.05216444,-0.01154840,-0.01232650,-483.0410,39187.2093,OK,0.0000,19.3216,4.0000,96.0000,AG03-UNRESOLVED,ALL5_LEVELS_bet23_to_bet27,19.3216,19.3216,19.3216,0.0000,0.0000,4.000000,4.000000,4.000000,0.000000,0.000000,96.000000,96.000000,96.000000,100.000000,100.000000,5.0,57.9649,55.6772,425.0761,427.3638,PENDING_AG03,FALSE,NOT_FOR_ENFORCEMENT,463.7194,33980.8077,483.0410,463.7194,19.3216,0.01232650,0.01183344,19.3216,463.7194,0.01183344,19.3216,19.3216,19.3216,0.0000,0.0000,463.7194,0.01183344,57.9649,55.6772,425.0761,427.3638,0.01084732,0.0109057,0.00049306,4.6858,5.6707,0.0774,15.5820,0.2688,1264.1035,201.3548,4.5499,4.6885,2.0771,4.1543,6.1317,8.4025,10.5031,18.5864,3.9466,-2.0771,2.528253,4.474023,1.127938,29,192,48,6,0.01915741,0.01232650,0.05216444,0E-8,0.000000,0.903271,0.017936,-0.04061604,2026-05-16,2026-07-20,31,1797,733,66,0.469697,0.970424,0.970991,0.063858,,,,,,,,GLOBAL_BASELINE_NO_ENTITY_RANKING,,,NOT_APPLICABLE_GLOBAL_BASELINE,HF9g-P5,,,,X 全窗基线 · 不参与实体赏罚,8395881,840,A168_HF9F_20260827_0900,2026-08-27 09:00:00
2026-07-02,150107794,-1,1,511.9977108282,32.0688386553,32.0688386553,0.5373134,95,69,0.46020697134190410,0.421150217391,1.2663038939243867,1.9257706986281333,1.2663038939243867,0.03905675395090410,SENTINEL_DEALER,R03b_20260811_FULL_v1,L1_ELIGIBILITY,v2026-08-11,2026-03-21..2026-08-06,baccarat_bet02_101_all_pairs_incl_sentinel,round_win = game_pnl > 0 (decisive only),COMPATIBILITY_ONLY_NOT_PRODUCTION,39187.2093,35396.6747,483.0410,8363,6242,-0.01232650,-0.05216444,-0.01154840,-0.01232650,-483.0410,39187.2093,OK,0.0000,19.3216,4.0000,96.0000,AG03-UNRESOLVED,ALL5_LEVELS_bet23_to_bet27,19.3216,19.3216,19.3216,0.0000,0.0000,4.000000,4.000000,4.000000,0.000000,0.000000,96.000000,96.000000,96.000000,100.000000,100.000000,5.0,57.9649,55.6772,425.0761,427.3638,PENDING_AG03,FALSE,NOT_FOR_ENFORCEMENT,463.7194,33980.8077,483.0410,463.7194,19.3216,0.01232650,0.01183344,19.3216,463.7194,0.01183344,19.3216,19.3216,19.3216,0.0000,0.0000,463.7194,0.01183344,57.9649,55.6772,425.0761,427.3638,0.01084732,0.0109057,0.00049306,4.6858,5.6707,0.0774,15.5820,0.2688,1264.1035,201.3548,4.5499,4.6885,2.0771,4.1543,6.1317,8.4025,10.5031,18.5864,3.9466,-2.0771,2.528253,4.474023,1.127938,29,192,48,6,0.01915741,0.01232650,0.05216444,0E-8,0.000000,0.903271,0.017936,-0.04061604,2026-05-16,2026-07-20,31,1797,733,66,0.469697,0.970424,0.970991,0.063858,,,,,,,,GLOBAL_BASELINE_NO_ENTITY_RANKING,,,NOT_APPLICABLE_GLOBAL_BASELINE,HF9g-P5,,,,X 全窗基线 · 不参与实体赏罚,8395882,840,A168_HF9F_20260827_0900,2026-08-27 09:00:00
2026-07-02,150107794,1017,0,8.1756121489,-8.1756121489,-8.1756121489,0E-7,2,2,0.30062675000000000,0.300626750000,-0.9272018728036208,-0.9272018728036208,-0.9272018728036208,0E-17,ELIGIBLE,R03b_20260811_FULL_v1,L1_ELIGIBILITY,v2026-08-11,2026-03-21..2026-08-06,baccarat_bet02_101_all_pairs_incl_sentinel,round_win = game_pnl > 0 (decisive only),COMPATIBILITY_ONLY_NOT_PRODUCTION,39187.2093,35396.6747,483.0410,8363,6242,-0.01232650,-0.05216444,-0.01154840,-0.01232650,-483.0410,39187.2093,OK,0.0000,19.3216,4.0000,96.0000,AG03-UNRESOLVED,ALL5_LEVELS_bet23_to_bet27,19.3216,19.3216,19.3216,0.0000,0.0000,4.000000,4.000000,4.000000,0.000000,0.000000,96.000000,96.000000,96.000000,100.000000,100.000000,5.0,57.9649,55.6772,425.0761,427.3638,PENDING_AG03,FALSE,NOT_FOR_ENFORCEMENT,463.7194,33980.8077,483.0410,463.7194,19.3216,0.01232650,0.01183344,19.3216,463.7194,0.01183344,19.3216,19.3216,19.3216,0.0000,0.0000,463.7194,0.01183344,57.9649,55.6772,425.0761,427.3638,0.01084732,0.0109057,0.00049306,4.6858,5.6707,0.0774,15.5820,0.2688,1264.1035,201.3548,4.5499,4.6885,2.0771,4.1543,6.1317,8.4025,10.5031,18.5864,3.9466,-2.0771,2.528253,4.474023,1.127938,29,192,48,6,0.01915741,0.01232650,0.05216444,0E-8,0.000000,0.903271,0.017936,-0.04061604,2026-05-16,2026-07-20,31,1797,733,66,0.469697,0.970424,0.970991,0.063858,,,,,,,,GLOBAL_BASELINE_NO_ENTITY_RANKING,,,NOT_APPLICABLE_GLOBAL_BASELINE,HF9g-P5,,,,X 全窗基线 · 不参与实体赏罚,8395883,840,A168_HF9F_20260827_0900,2026-08-27 09:00:00
2026-07-02,150107794,1078,0,138.5766259246,-11.8546376157,-11.8546376157,0.5000000,23,12,0.42604511442188796,0.315561212500,0.5180728331678861,1.374781777003525,0.5180728331678861,0.11048390192188796,ELIGIBLE,R03b_20260811_FULL_v1,L1_ELIGIBILITY,v2026-08-11,2026-03-21..2026-08-06,baccarat_bet02_101_all_pairs_incl_sentinel,round_win = game_pnl > 0 (decisive only),COMPATIBILITY_ONLY_NOT_PRODUCTION,39187.2093,35396.6747,483.0410,8363,6242,-0.01232650,-0.05216444,-0.01154840,-0.01232650,-483.0410,39187.2093,OK,0.0000,19.3216,4.0000,96.0000,AG03-UNRESOLVED,ALL5_LEVELS_bet23_to_bet27,19.3216,19.3216,19.3216,0.0000,0.0000,4.000000,4.000000,4.000000,0.000000,0.000000,96.000000,96.000000,96.000000,100.000000,100.000000,5.0,57.9649,55.6772,425.0761,427.3638,PENDING_AG03,FALSE,NOT_FOR_ENFORCEMENT,463.7194,33980.8077,483.0410,463.7194,19.3216,0.01232650,0.01183344,19.3216,463.7194,0.01183344,19.3216,19.3216,19.3216,0.0000,0.0000,463.7194,0.01183344,57.9649,55.6772,425.0761,427.3638,0.01084732,0.0109057,0.00049306,4.6858,5.6707,0.0774,15.5820,0.2688,1264.1035,201.3548,4.5499,4.6885,2.0771,4.1543,6.1317,8.4025,10.5031,18.5864,3.9466,-2.0771,2.528253,4.474023,1.127938,29,192,48,6,0.01915741,0.01232650,0.05216444,0E-8,0.000000,0.903271,0.017936,-0.04061604,2026-05-16,2026-07-20,31,1797,733,66,0.469697,0.970424,0.970991,0.063858,,,,,,,,GLOBAL_BASELINE_NO_ENTITY_RANKING,,,NOT_APPLICABLE_GLOBAL_BASELINE,HF9g-P5,,,,X 全窗基线 · 不参与实体赏罚,8395884,840,A168_HF9F_20260827_0900,2026-08-27 09:00:00
2026-07-02,150107794,1109,0,30.6585455586,-10.2195151862,-10.2195151862,0.3333333,5,3,0.44009314000104021,0.360364600000,-0.37251023708394926,-0.0975191074257721,-0.37251023708394926,0.07972854000104021,ELIGIBLE,R03b_20260811_FULL_v1,L1_ELIGIBILITY,v2026-08-11,2026-03-21..2026-08-06,baccarat_bet02_101_all_pairs_incl_sentinel,round_win = game_pnl > 0 (decisive only),COMPATIBILITY_ONLY_NOT_PRODUCTION,39187.2093,35396.6747,483.0410,8363,6242,-0.01232650,-0.05216444,-0.01154840,-0.01232650,-483.0410,39187.2093,OK,0.0000,19.3216,4.0000,96.0000,AG03-UNRESOLVED,ALL5_LEVELS_bet23_to_bet27,19.3216,19.3216,19.3216,0.0000,0.0000,4.000000,4.000000,4.000000,0.000000,0.000000,96.000000,96.000000,96.000000,100.000000,100.000000,5.0,57.9649,55.6772,425.0761,427.3638,PENDING_AG03,FALSE,NOT_FOR_ENFORCEMENT,463.7194,33980.8077,483.0410,463.7194,19.3216,0.01232650,0.01183344,19.3216,463.7194,0.01183344,19.3216,19.3216,19.3216,0.0000,0.0000,463.7194,0.01183344,57.9649,55.6772,425.0761,427.3638,0.01084732,0.0109057,0.00049306,4.6858,5.6707,0.0774,15.5820,0.2688,1264.1035,201.3548,4.5499,4.6885,2.0771,4.1543,6.1317,8.4025,10.5031,18.5864,3.9466,-2.0771,2.528253,4.474023,1.127938,29,192,48,6,0.01915741,0.01232650,0.05216444,0E-8,0.000000,0.903271,0.017936,-0.04061604,2026-05-16,2026-07-20,31,1797,733,66,0.469697,0.970424,0.970991,0.063858,,,,,,,,GLOBAL_BASELINE_NO_ENTITY_RANKING,,,NOT_APPLICABLE_GLOBAL_BASELINE,HF9g-P5,,,,X 全窗基线 · 不参与实体赏罚,8395885,840,A168_HF9F_20260827_0900,2026-08-27 09:00:00
2026-07-02,150107794,1115,0,8.1756121490,7.7668315415,7.7668315415,1.0000000,1,1,0.50665070000000000,0.506650700000,0.9867858985152569,0.9867858985152569,0.9867858985152569,0E-17,ELIGIBLE,R03b_20260811_FULL_v1,L1_ELIGIBILITY,v2026-08-11,2026-03-21..2026-08-06,baccarat_bet02_101_all_pairs_incl_sentinel,round_win = game_pnl > 0 (decisive only),COMPATIBILITY_ONLY_NOT_PRODUCTION,39187.2093,35396.6747,483.0410,8363,6242,-0.01232650,-0.05216444,-0.01154840,-0.01232650,-483.0410,39187.2093,OK,0.0000,19.3216,4.0000,96.0000,AG03-UNRESOLVED,ALL5_LEVELS_bet23_to_bet27,19.3216,19.3216,19.3216,0.0000,0.0000,4.000000,4.000000,4.000000,0.000000,0.000000,96.000000,96.000000,96.000000,100.000000,100.000000,5.0,57.9649,55.6772,425.0761,427.3638,PENDING_AG03,FALSE,NOT_FOR_ENFORCEMENT,463.7194,33980.8077,483.0410,463.7194,19.3216,0.01232650,0.01183344,19.3216,463.7194,0.01183344,19.3216,19.3216,19.3216,0.0000,0.0000,463.7194,0.01183344,57.9649,55.6772,425.0761,427.3638,0.01084732,0.0109057,0.00049306,4.6858,5.6707,0.0774,15.5820,0.2688,1264.1035,201.3548,4.5499,4.6885,2.0771,4.1543,6.1317,8.4025,10.5031,18.5864,3.9466,-2.0771,2.528253,4.474023,1.127938,29,192,48,6,0.01915741,0.01232650,0.05216444,0E-8,0.000000,0.903271,0.017936,-0.04061604,2026-05-16,2026-07-20,31,1797,733,66,0.469697,0.970424,0.970991,0.063858,,,,,,,,GLOBAL_BASELINE_NO_ENTITY_RANKING,,,NOT_APPLICABLE_GLOBAL_BASELINE,HF9g-P5,,,,X 全窗基线 · 不参与实体赏罚,8395886,840,A168_HF9F_20260827_0900,2026-08-27 09:00:00
2026-07-02,150107794,1205,0,40.0604995300,3.0658545559,3.0658545559,0.6666667,7,6,0.48442581000026005,0.464493675000,0.8932276377579991,0.9929481206364611,0.8932276377579991,0.01993213500026005,ELIGIBLE,R03b_20260811_FULL_v1,L1_ELIGIBILITY,v2026-08-11,2026-03-21..2026-08-06,baccarat_bet02_101_all_pairs_incl_sentinel,round_win = game_pnl > 0 (decisive only),COMPATIBILITY_ONLY_NOT_PRODUCTION,39187.2093,35396.6747,483.0410,8363,6242,-0.01232650,-0.05216444,-0.01154840,-0.01232650,-483.0410,39187.2093,OK,0.0000,19.3216,4.0000,96.0000,AG03-UNRESOLVED,ALL5_LEVELS_bet23_to_bet27,19.3216,19.3216,19.3216,0.0000,0.0000,4.000000,4.000000,4.000000,0.000000,0.000000,96.000000,96.000000,96.000000,100.000000,100.000000,5.0,57.9649,55.6772,425.0761,427.3638,PENDING_AG03,FALSE,NOT_FOR_ENFORCEMENT,463.7194,33980.8077,483.0410,463.7194,19.3216,0.01232650,0.01183344,19.3216,463.7194,0.01183344,19.3216,19.3216,19.3216,0.0000,0.0000,463.7194,0.01183344,57.9649,55.6772,425.0761,427.3638,0.01084732,0.0109057,0.00049306,4.6858,5.6707,0.0774,15.5820,0.2688,1264.1035,201.3548,4.5499,4.6885,2.0771,4.1543,6.1317,8.4025,10.5031,18.5864,3.9466,-2.0771,2.528253,4.474023,1.127938,29,192,48,6,0.01915741,0.01232650,0.05216444,0E-8,0.000000,0.903271,0.017936,-0.04061604,2026-05-16,2026-07-20,31,1797,733,66,0.469697,0.970424,0.970991,0.063858,,,,,,,,GLOBAL_BASELINE_NO_ENTITY_RANKING,,,NOT_APPLICABLE_GLOBAL_BASELINE,HF9g-P5,,,,X 全窗基线 · 不参与实体赏罚,8395887,840,A168_HF9F_20260827_0900,2026-08-27 09:00:00
2026-07-02,150107794,1318,0,9.8107345787,-9.8107345787,-9.8107345787,0E-7,2,1,0.42080738750122499,0.300626750000,-0.8523739545944582,-0.655630731788307,-0.8523739545944582,0.12018063750122499,ELIGIBLE,R03b_20260811_FULL_v1,L1_ELIGIBILITY,v2026-08-11,2026-03-21..2026-08-06,baccarat_bet02_101_all_pairs_incl_sentinel,round_win = game_pnl > 0 (decisive only),COMPATIBILITY_ONLY_NOT_PRODUCTION,39187.2093,35396.6747,483.0410,8363,6242,-0.01232650,-0.05216444,-0.01154840,-0.01232650,-483.0410,39187.2093,OK,0.0000,19.3216,4.0000,96.0000,AG03-UNRESOLVED,ALL5_LEVELS_bet23_to_bet27,19.3216,19.3216,19.3216,0.0000,0.0000,4.000000,4.000000,4.000000,0.000000,0.000000,96.000000,96.000000,96.000000,100.000000,100.000000,5.0,57.9649,55.6772,425.0761,427.3638,PENDING_AG03,FALSE,NOT_FOR_ENFORCEMENT,463.7194,33980.8077,483.0410,463.7194,19.3216,0.01232650,0.01183344,19.3216,463.7194,0.01183344,19.3216,19.3216,19.3216,0.0000,0.0000,463.7194,0.01183344,57.9649,55.6772,425.0761,427.3638,0.01084732,0.0109057,0.00049306,4.6858,5.6707,0.0774,15.5820,0.2688,1264.1035,201.3548,4.5499,4.6885,2.0771,4.1543,6.1317,8.4025,10.5031,18.5864,3.9466,-2.0771,2.528253,4.474023,1.127938,29,192,48,6,0.01915741,0.01232650,0.05216444,0E-8,0.000000,0.903271,0.017936,-0.04061604,2026-05-16,2026-07-20,31,1797,733,66,0.469697,0.970424,0.970991,0.063858,,,,,,,,GLOBAL_BASELINE_NO_ENTITY_RANKING,,,NOT_APPLICABLE_GLOBAL_BASELINE,HF9g-P5,,,,X 全窗基线 · 不参与实体赏罚,8395888,840,A168_HF9F_20260827_0900,2026-08-27 09:00:00
2026-07-02,150107794,1325,0,54.9809917017,-44.8636716674,-44.8636716674,0.1666667,11,8,0.45989679706043573,0.424364768750,-1.4411714493083008,-1.2771546864279586,-1.4411714493083008,0.03553202831043573,ELIGIBLE,R03b_20260811_FULL_v1,L1_ELIGIBILITY,v2026-08-11,2026-03-21..2026-08-06,baccarat_bet02_101_all_pairs_incl_sentinel,round_win = game_pnl > 0 (decisive only),COMPATIBILITY_ONLY_NOT_PRODUCTION,39187.2093,35396.6747,483.0410,8363,6242,-0.01232650,-0.05216444,-0.01154840,-0.01232650,-483.0410,39187.2093,OK,0.0000,19.3216,4.0000,96.0000,AG03-UNRESOLVED,ALL5_LEVELS_bet23_to_bet27,19.3216,19.3216,19.3216,0.0000,0.0000,4.000000,4.000000,4.000000,0.000000,0.000000,96.000000,96.000000,96.000000,100.000000,100.000000,5.0,57.9649,55.6772,425.0761,427.3638,PENDING_AG03,FALSE,NOT_FOR_ENFORCEMENT,463.7194,33980.8077,483.0410,463.7194,19.3216,0.01232650,0.01183344,19.3216,463.7194,0.01183344,19.3216,19.3216,19.3216,0.0000,0.0000,463.7194,0.01183344,57.9649,55.6772,425.0761,427.3638,0.01084732,0.0109057,0.00049306,4.6858,5.6707,0.0774,15.5820,0.2688,1264.1035,201.3548,4.5499,4.6885,2.0771,4.1543,6.1317,8.4025,10.5031,18.5864,3.9466,-2.0771,2.528253,4.474023,1.127938,29,192,48,6,0.01915741,0.01232650,0.05216444,0E-8,0.000000,0.903271,0.017936,-0.04061604,2026-05-16,2026-07-20,31,1797,733,66,0.469697,0.970424,0.970991,0.063858,,,,,,,,GLOBAL_BASELINE_NO_ENTITY_RANKING,,,NOT_APPLICABLE_GLOBAL_BASELINE,HF9g-P5,,,,X 全窗基线 · 不参与实体赏罚,8395889,840,A168_HF9F_20260827_0900,2026-08-27 09:00:00
2026-07-02,150107794,1330,0,198.0542043080,-0.5109757590,-0.5109757590,0.5600000,43,25,0.43430129422513652,0.356972936000,1.2679807376794425,2.118808307047688,1.2679807376794425,0.07732835822513652,ELIGIBLE,R03b_20260811_FULL_v1,L1_ELIGIBILITY,v2026-08-11,2026-03-21..2026-08-06,baccarat_bet02_101_all_pairs_incl_sentinel,round_win = game_pnl > 0 (decisive only),COMPATIBILITY_ONLY_NOT_PRODUCTION,39187.2093,35396.6747,483.0410,8363,6242,-0.01232650,-0.05216444,-0.01154840,-0.01232650,-483.0410,39187.2093,OK,0.0000,19.3216,4.0000,96.0000,AG03-UNRESOLVED,ALL5_LEVELS_bet23_to_bet27,19.3216,19.3216,19.3216,0.0000,0.0000,4.000000,4.000000,4.000000,0.000000,0.000000,96.000000,96.000000,96.000000,100.000000,100.000000,5.0,57.9649,55.6772,425.0761,427.3638,PENDING_AG03,FALSE,NOT_FOR_ENFORCEMENT,463.7194,33980.8077,483.0410,463.7194,19.3216,0.01232650,0.01183344,19.3216,463.7194,0.01183344,19.3216,19.3216,19.3216,0.0000,0.0000,463.7194,0.01183344,57.9649,55.6772,425.0761,427.3638,0.01084732,0.0109057,0.00049306,4.6858,5.6707,0.0774,15.5820,0.2688,1264.1035,201.3548,4.5499,4.6885,2.0771,4.1543,6.1317,8.4025,10.5031,18.5864,3.9466,-2.0771,2.528253,4.474023,1.127938,29,192,48,6,0.01915741,0.01232650,0.05216444,0E-8,0.000000,0.903271,0.017936,-0.04061604,2026-05-16,2026-07-20,31,1797,733,66,0.469697,0.970424,0.970991,0.063858,,,,,,,,GLOBAL_BASELINE_NO_ENTITY_RANKING,,,NOT_APPLICABLE_GLOBAL_BASELINE,HF9g-P5,,,,X 全窗基线 · 不参与实体赏罚,8395890,840,A168_HF9F_20260827_0900,2026-08-27 09:00:00
2026-07-02,150107794,1354,0,126.9263786125,8.0734169973,8.0734169973,0.6428571,22,15,0.45904790227926925,0.403803590000,1.3801393877973642,1.8229697173169879,1.3801393877973642,0.05524431227926925,ELIGIBLE,R03b_20260811_FULL_v1,L1_ELIGIBILITY,v2026-08-11,2026-03-21..2026-08-06,baccarat_bet02_101_all_pairs_incl_sentinel,round_win = game_pnl > 0 (decisive only),COMPATIBILITY_ONLY_NOT_PRODUCTION,39187.2093,35396.6747,483.0410,8363,6242,-0.01232650,-0.05216444,-0.01154840,-0.01232650,-483.0410,39187.2093,OK,0.0000,19.3216,4.0000,96.0000,AG03-UNRESOLVED,ALL5_LEVELS_bet23_to_bet27,19.3216,19.3216,19.3216,0.0000,0.0000,4.000000,4.000000,4.000000,0.000000,0.000000,96.000000,96.000000,96.000000,100.000000,100.000000,5.0,57.9649,55.6772,425.0761,427.3638,PENDING_AG03,FALSE,NOT_FOR_ENFORCEMENT,463.7194,33980.8077,483.0410,463.7194,19.3216,0.01232650,0.01183344,19.3216,463.7194,0.01183344,19.3216,19.3216,19.3216,0.0000,0.0000,463.7194,0.01183344,57.9649,55.6772,425.0761,427.3638,0.01084732,0.0109057,0.00049306,4.6858,5.6707,0.0774,15.5820,0.2688,1264.1035,201.3548,4.5499,4.6885,2.0771,4.1543,6.1317,8.4025,10.5031,18.5864,3.9466,-2.0771,2.528253,4.474023,1.127938,29,192,48,6,0.01915741,0.01232650,0.05216444,0E-8,0.000000,0.903271,0.017936,-0.04061604,2026-05-16,2026-07-20,31,1797,733,66,0.469697,0.970424,0.970991,0.063858,,,,,,,,GLOBAL_BASELINE_NO_ENTITY_RANKING,,,NOT_APPLICABLE_GLOBAL_BASELINE,HF9g-P5,,,,X 全窗基线 · 不参与实体赏罚,8395891,840,A168_HF9F_20260827_0900,2026-08-27 09:00:00
2026-07-02,150107794,1485,0,80.3253893634,6.4791726281,6.4791726281,0.6000000,15,10,0.41920757081672243,0.359082635000,1.158657849503549,1.5880708844881597,1.158657849503549,0.06012493581672243,ELIGIBLE,R03b_20260811_FULL_v1,L1_ELIGIBILITY,v2026-08-11,2026-03-21..2026-08-06,baccarat_bet02_101_all_pairs_incl_sentinel,round_win = game_pnl > 0 (decisive only),COMPATIBILITY_ONLY_NOT_PRODUCTION,39187.2093,35396.6747,483.0410,8363,6242,-0.01232650,-0.05216444,-0.01154840,-0.01232650,-483.0410,39187.2093,OK,0.0000,19.3216,4.0000,96.0000,AG03-UNRESOLVED,ALL5_LEVELS_bet23_to_bet27,19.3216,19.3216,19.3216,0.0000,0.0000,4.000000,4.000000,4.000000,0.000000,0.000000,96.000000,96.000000,96.000000,100.000000,100.000000,5.0,57.9649,55.6772,425.0761,427.3638,PENDING_AG03,FALSE,NOT_FOR_ENFORCEMENT,463.7194,33980.8077,483.0410,463.7194,19.3216,0.01232650,0.01183344,19.3216,463.7194,0.01183344,19.3216,19.3216,19.3216,0.0000,0.0000,463.7194,0.01183344,57.9649,55.6772,425.0761,427.3638,0.01084732,0.0109057,0.00049306,4.6858,5.6707,0.0774,15.5820,0.2688,1264.1035,201.3548,4.5499,4.6885,2.0771,4.1543,6.1317,8.4025,10.5031,18.5864,3.9466,-2.0771,2.528253,4.474023,1.127938,29,192,48,6,0.01915741,0.01232650,0.05216444,0E-8,0.000000,0.903271,0.017936,-0.04061604,2026-05-16,2026-07-20,31,1797,733,66,0.469697,0.970424,0.970991,0.063858,,,,,,,,GLOBAL_BASELINE_NO_ENTITY_RANKING,,,NOT_APPLICABLE_GLOBAL_BASELINE,HF9g-P5,,,,X 全窗基线 · 不参与实体赏罚,8395892,840,A168_HF9F_20260827_0900,2026-08-27 09:00:00
2026-07-02,150107794,1507,0,89.3185627272,-53.8466255159,-53.8466255159,0.2500000,13,8,0.45168236656455809,0.371183131250,-1.1462523730738328,-0.7094649687466974,-1.1462523730738328,0.08049923531455809,ELIGIBLE,R03b_20260811_FULL_v1,L1_ELIGIBILITY,v2026-08-11,2026-03-21..2026-08-06,baccarat_bet02_101_all_pairs_incl_sentinel,round_win = game_pnl > 0 (decisive only),COMPATIBILITY_ONLY_NOT_PRODUCTION,39187.2093,35396.6747,483.0410,8363,6242,-0.01232650,-0.05216444,-0.01154840,-0.01232650,-483.0410,39187.2093,OK,0.0000,19.3216,4.0000,96.0000,AG03-UNRESOLVED,ALL5_LEVELS_bet23_to_bet27,19.3216,19.3216,19.3216,0.0000,0.0000,4.000000,4.000000,4.000000,0.000000,0.000000,96.000000,96.000000,96.000000,100.000000,100.000000,5.0,57.9649,55.6772,425.0761,427.3638,PENDING_AG03,FALSE,NOT_FOR_ENFORCEMENT,463.7194,33980.8077,483.0410,463.7194,19.3216,0.01232650,0.01183344,19.3216,463.7194,0.01183344,19.3216,19.3216,19.3216,0.0000,0.0000,463.7194,0.01183344,57.9649,55.6772,425.0761,427.3638,0.01084732,0.0109057,0.00049306,4.6858,5.6707,0.0774,15.5820,0.2688,1264.1035,201.3548,4.5499,4.6885,2.0771,4.1543,6.1317,8.4025,10.5031,18.5864,3.9466,-2.0771,2.528253,4.474023,1.127938,29,192,48,6,0.01915741,0.01232650,0.05216444,0E-8,0.000000,0.903271,0.017936,-0.04061604,2026-05-16,2026-07-20,31,1797,733,66,0.469697,0.970424,0.970991,0.063858,,,,,,,,GLOBAL_BASELINE_NO_ENTITY_RANKING,,,NOT_APPLICABLE_GLOBAL_BASELINE,HF9g-P5,,,,X 全窗基线 · 不参与实体赏罚,8395893,840,A168_HF9F_20260827_0900,2026-08-27 09:00:00
2026-07-02,150107794,1623,0,34.3375710256,22.8099578956,22.8099578956,1.0000000,5,4,0.48948203750028000,0.455144712500,1.7688775148772318,1.8950752572943597,1.7688775148772318,0.03433732500028000,ELIGIBLE,R03b_20260811_FULL_v1,L1_ELIGIBILITY,v2026-08-11,2026-03-21..2026-08-06,baccarat_bet02_101_all_pairs_incl_sentinel,round_win = game_pnl > 0 (decisive only),COMPATIBILITY_ONLY_NOT_PRODUCTION,39187.2093,35396.6747,483.0410,8363,6242,-0.01232650,-0.05216444,-0.01154840,-0.01232650,-483.0410,39187.2093,OK,0.0000,19.3216,4.0000,96.0000,AG03-UNRESOLVED,ALL5_LEVELS_bet23_to_bet27,19.3216,19.3216,19.3216,0.0000,0.0000,4.000000,4.000000,4.000000,0.000000,0.000000,96.000000,96.000000,96.000000,100.000000,100.000000,5.0,57.9649,55.6772,425.0761,427.3638,PENDING_AG03,FALSE,NOT_FOR_ENFORCEMENT,463.7194,33980.8077,483.0410,463.7194,19.3216,0.01232650,0.01183344,19.3216,463.7194,0.01183344,19.3216,19.3216,19.3216,0.0000,0.0000,463.7194,0.01183344,57.9649,55.6772,425.0761,427.3638,0.01084732,0.0109057,0.00049306,4.6858,5.6707,0.0774,15.5820,0.2688,1264.1035,201.3548,4.5499,4.6885,2.0771,4.1543,6.1317,8.4025,10.5031,18.5864,3.9466,-2.0771,2.528253,4.474023,1.127938,29,192,48,6,0.01915741,0.01232650,0.05216444,0E-8,0.000000,0.903271,0.017936,-0.04061604,2026-05-16,2026-07-20,31,1797,733,66,0.469697,0.970424,0.970991,0.063858,,,,,,,,GLOBAL_BASELINE_NO_ENTITY_RANKING,,,NOT_APPLICABLE_GLOBAL_BASELINE,HF9g-P5,,,,X 全窗基线 · 不参与实体赏罚,8395894,840,A168_HF9F_20260827_0900,2026-08-27 09:00:00
2026-07-02,150107794,1714,0,76.8507541999,37.3932060665,37.3932060665,0.6666667,15,9,0.39959802715528037,0.319049900000,1.6357292725749208,2.2373556240921277,1.6357292725749208,0.08054812715528037,ELIGIBLE,R03b_20260811_FULL_v1,L1_ELIGIBILITY,v2026-08-11,2026-03-21..2026-08-06,baccarat_bet02_101_all_pairs_incl_sentinel,round_win = game_pnl > 0 (decisive only),COMPATIBILITY_ONLY_NOT_PRODUCTION,39187.2093,35396.6747,483.0410,8363,6242,-0.01232650,-0.05216444,-0.01154840,-0.01232650,-483.0410,39187.2093,OK,0.0000,19.3216,4.0000,96.0000,AG03-UNRESOLVED,ALL5_LEVELS_bet23_to_bet27,19.3216,19.3216,19.3216,0.0000,0.0000,4.000000,4.000000,4.000000,0.000000,0.000000,96.000000,96.000000,96.000000,100.000000,100.000000,5.0,57.9649,55.6772,425.0761,427.3638,PENDING_AG03,FALSE,NOT_FOR_ENFORCEMENT,463.7194,33980.8077,483.0410,463.7194,19.3216,0.01232650,0.01183344,19.3216,463.7194,0.01183344,19.3216,19.3216,19.3216,0.0000,0.0000,463.7194,0.01183344,57.9649,55.6772,425.0761,427.3638,0.01084732,0.0109057,0.00049306,4.6858,5.6707,0.0774,15.5820,0.2688,1264.1035,201.3548,4.5499,4.6885,2.0771,4.1543,6.1317,8.4025,10.5031,18.5864,3.9466,-2.0771,2.528253,4.474023,1.127938,29,192,48,6,0.01915741,0.01232650,0.05216444,0E-8,0.000000,0.903271,0.017936,-0.04061604,2026-05-16,2026-07-20,31,1797,733,66,0.469697,0.970424,0.970991,0.063858,,,,,,,,GLOBAL_BASELINE_NO_ENTITY_RANKING,,,NOT_APPLICABLE_GLOBAL_BASELINE,HF9g-P5,,,,X 全窗基线 · 不参与实体赏罚,8395895,840,A168_HF9F_20260827_0900,2026-08-27 09:00:00
2026-07-02,150107794,1935,0,158.4024853857,83.3094877981,83.3094877981,0.8125000,25,16,0.45655435184028618,0.385735278125,2.8583761389721265,3.5069214314916572,2.8583761389721265,0.07081907371528618,ELIGIBLE,R03b_20260811_FULL_v1,L1_ELIGIBILITY,v2026-08-11,2026-03-21..2026-08-06,baccarat_bet02_101_all_pairs_incl_sentinel,round_win = game_pnl > 0 (decisive only),COMPATIBILITY_ONLY_NOT_PRODUCTION,39187.2093,35396.6747,483.0410,8363,6242,-0.01232650,-0.05216444,-0.01154840,-0.01232650,-483.0410,39187.2093,OK,0.0000,19.3216,4.0000,96.0000,AG03-UNRESOLVED,ALL5_LEVELS_bet23_to_bet27,19.3216,19.3216,19.3216,0.0000,0.0000,4.000000,4.000000,4.000000,0.000000,0.000000,96.000000,96.000000,96.000000,100.000000,100.000000,5.0,57.9649,55.6772,425.0761,427.3638,PENDING_AG03,FALSE,NOT_FOR_ENFORCEMENT,463.7194,33980.8077,483.0410,463.7194,19.3216,0.01232650,0.01183344,19.3216,463.7194,0.01183344,19.3216,19.3216,19.3216,0.0000,0.0000,463.7194,0.01183344,57.9649,55.6772,425.0761,427.3638,0.01084732,0.0109057,0.00049306,4.6858,5.6707,0.0774,15.5820,0.2688,1264.1035,201.3548,4.5499,4.6885,2.0771,4.1543,6.1317,8.4025,10.5031,18.5864,3.9466,-2.0771,2.528253,4.474023,1.127938,29,192,48,6,0.01915741,0.01232650,0.05216444,0E-8,0.000000,0.903271,0.017936,-0.04061604,2026-05-16,2026-07-20,31,1797,733,66,0.469697,0.970424,0.970991,0.063858,,,,,,,,GLOBAL_BASELINE_NO_ENTITY_RANKING,,,NOT_APPLICABLE_GLOBAL_BASELINE,HF9g-P5,,,,X 全窗基线 · 不参与实体赏罚,8395896,840,A168_HF9F_20260827_0900,2026-08-27 09:00:00
2026-07-02,150107794,1942,0,20.4390303723,-8.1756121489,-8.1756121489,0.3333333,5,3,0.43127345000081267,0.364833000000,-0.34252567542629336,-0.11333800532433629,-0.34252567542629336,0.06644045000081267,ELIGIBLE,R03b_20260811_FULL_v1,L1_ELIGIBILITY,v2026-08-11,2026-03-21..2026-08-06,baccarat_bet02_101_all_pairs_incl_sentinel,round_win = game_pnl > 0 (decisive only),COMPATIBILITY_ONLY_NOT_PRODUCTION,39187.2093,35396.6747,483.0410,8363,6242,-0.01232650,-0.05216444,-0.01154840,-0.01232650,-483.0410,39187.2093,OK,0.0000,19.3216,4.0000,96.0000,AG03-UNRESOLVED,ALL5_LEVELS_bet23_to_bet27,19.3216,19.3216,19.3216,0.0000,0.0000,4.000000,4.000000,4.000000,0.000000,0.000000,96.000000,96.000000,96.000000,100.000000,100.000000,5.0,57.9649,55.6772,425.0761,427.3638,PENDING_AG03,FALSE,NOT_FOR_ENFORCEMENT,463.7194,33980.8077,483.0410,463.7194,19.3216,0.01232650,0.01183344,19.3216,463.7194,0.01183344,19.3216,19.3216,19.3216,0.0000,0.0000,463.7194,0.01183344,57.9649,55.6772,425.0761,427.3638,0.01084732,0.0109057,0.00049306,4.6858,5.6707,0.0774,15.5820,0.2688,1264.1035,201.3548,4.5499,4.6885,2.0771,4.1543,6.1317,8.4025,10.5031,18.5864,3.9466,-2.0771,2.528253,4.474023,1.127938,29,192,48,6,0.01915741,0.01232650,0.05216444,0E-8,0.000000,0.903271,0.017936,-0.04061604,2026-05-16,2026-07-20,31,1797,733,66,0.469697,0.970424,0.970991,0.063858,,,,,,,,GLOBAL_BASELINE_NO_ENTITY_RANKING,,,NOT_APPLICABLE_GLOBAL_BASELINE,HF9g-P5,,,,X 全窗基线 · 不参与实体赏罚,8395897,840,A168_HF9F_20260827_0900,2026-08-27 09:00:00
2026-07-02,150107794,1947,0,8.1756121489,-8.1756121489,-8.1756121489,0E-7,2,1,0.39358482500121900,0.293924150000,-0.8056272404044375,-0.6451964315166089,-0.8056272404044375,0.09966067500121900,ELIGIBLE,R03b_20260811_FULL_v1,L1_ELIGIBILITY,v2026-08-11,2026-03-21..2026-08-06,baccarat_bet02_101_all_pairs_incl_sentinel,round_win = game_pnl > 0 (decisive only),COMPATIBILITY_ONLY_NOT_PRODUCTION,39187.2093,35396.6747,483.0410,8363,6242,-0.01232650,-0.05216444,-0.01154840,-0.01232650,-483.0410,39187.2093,OK,0.0000,19.3216,4.0000,96.0000,AG03-UNRESOLVED,ALL5_LEVELS_bet23_to_bet27,19.3216,19.3216,19.3216,0.0000,0.0000,4.000000,4.000000,4.000000,0.000000,0.000000,96.000000,96.000000,96.000000,100.000000,100.000000,5.0,57.9649,55.6772,425.0761,427.3638,PENDING_AG03,FALSE,NOT_FOR_ENFORCEMENT,463.7194,33980.8077,483.0410,463.7194,19.3216,0.01232650,0.01183344,19.3216,463.7194,0.01183344,19.3216,19.3216,19.3216,0.0000,0.0000,463.7194,0.01183344,57.9649,55.6772,425.0761,427.3638,0.01084732,0.0109057,0.00049306,4.6858,5.6707,0.0774,15.5820,0.2688,1264.1035,201.3548,4.5499,4.6885,2.0771,4.1543,6.1317,8.4025,10.5031,18.5864,3.9466,-2.0771,2.528253,4.474023,1.127938,29,192,48,6,0.01915741,0.01232650,0.05216444,0E-8,0.000000,0.903271,0.017936,-0.04061604,2026-05-16,2026-07-20,31,1797,733,66,0.469697,0.970424,0.970991,0.063858,,,,,,,,GLOBAL_BASELINE_NO_ENTITY_RANKING,,,NOT_APPLICABLE_GLOBAL_BASELINE,HF9g-P5,,,,X 全窗基线 · 不参与实体赏罚,8395898,840,A168_HF9F_20260827_0900,2026-08-27 09:00:00
2026-07-02,150107794,1966,0,72.7629481256,36.3405960020,36.3405960020,0.7777778,14,9,0.45018247666726033,0.387724550000,1.9754013073818524,2.40165188513902,1.9754013073818524,0.06245792666726033,ELIGIBLE,R03b_20260811_FULL_v1,L1_ELIGIBILITY,v2026-08-11,2026-03-21..2026-08-06,baccarat_bet02_101_all_pairs_incl_sentinel,round_win = game_pnl > 0 (decisive only),COMPATIBILITY_ONLY_NOT_PRODUCTION,39187.2093,35396.6747,483.0410,8363,6242,-0.01232650,-0.05216444,-0.01154840,-0.01232650,-483.0410,39187.2093,OK,0.0000,19.3216,4.0000,96.0000,AG03-UNRESOLVED,ALL5_LEVELS_bet23_to_bet27,19.3216,19.3216,19.3216,0.0000,0.0000,4.000000,4.000000,4.000000,0.000000,0.000000,96.000000,96.000000,96.000000,100.000000,100.000000,5.0,57.9649,55.6772,425.0761,427.3638,PENDING_AG03,FALSE,NOT_FOR_ENFORCEMENT,463.7194,33980.8077,483.0410,463.7194,19.3216,0.01232650,0.01183344,19.3216,463.7194,0.01183344,19.3216,19.3216,19.3216,0.0000,0.0000,463.7194,0.01183344,57.9649,55.6772,425.0761,427.3638,0.01084732,0.0109057,0.00049306,4.6858,5.6707,0.0774,15.5820,0.2688,1264.1035,201.3548,4.5499,4.6885,2.0771,4.1543,6.1317,8.4025,10.5031,18.5864,3.9466,-2.0771,2.528253,4.474023,1.127938,29,192,48,6,0.01915741,0.01232650,0.05216444,0E-8,0.000000,0.903271,0.017936,-0.04061604,2026-05-16,2026-07-20,31,1797,733,66,0.469697,0.970424,0.970991,0.063858,,,,,,,,GLOBAL_BASELINE_NO_ENTITY_RANKING,,,NOT_APPLICABLE_GLOBAL_BASELINE,HF9g-P5,,,,X 全窗基线 · 不参与实体赏罚,8395899,840,A168_HF9F_20260827_0900,2026-08-27 09:00:00
2026-07-02,150107794,1990,0,49.0536728937,5.2834893512,5.2834893512,0.6000000,7,5,0.46464570515162256,0.421560080000,0.6068417242637825,0.8080126392128224,0.6068417242637825,0.04308562515162256,ELIGIBLE,R03b_20260811_FULL_v1,L1_ELIGIBILITY,v2026-08-11,2026-03-21..2026-08-06,baccarat_bet02_101_all_pairs_incl_sentinel,round_win = game_pnl > 0 (decisive only),COMPATIBILITY_ONLY_NOT_PRODUCTION,39187.2093,35396.6747,483.0410,8363,6242,-0.01232650,-0.05216444,-0.01154840,-0.01232650,-483.0410,39187.2093,OK,0.0000,19.3216,4.0000,96.0000,AG03-UNRESOLVED,ALL5_LEVELS_bet23_to_bet27,19.3216,19.3216,19.3216,0.0000,0.0000,4.000000,4.000000,4.000000,0.000000,0.000000,96.000000,96.000000,96.000000,100.000000,100.000000,5.0,57.9649,55.6772,425.0761,427.3638,PENDING_AG03,FALSE,NOT_FOR_ENFORCEMENT,463.7194,33980.8077,483.0410,463.7194,19.3216,0.01232650,0.01183344,19.3216,463.7194,0.01183344,19.3216,19.3216,19.3216,0.0000,0.0000,463.7194,0.01183344,57.9649,55.6772,425.0761,427.3638,0.01084732,0.0109057,0.00049306,4.6858,5.6707,0.0774,15.5820,0.2688,1264.1035,201.3548,4.5499,4.6885,2.0771,4.1543,6.1317,8.4025,10.5031,18.5864,3.9466,-2.0771,2.528253,4.474023,1.127938,29,192,48,6,0.01915741,0.01232650,0.05216444,0E-8,0.000000,0.903271,0.017936,-0.04061604,2026-05-16,2026-07-20,31,1797,733,66,0.469697,0.970424,0.970991,0.063858,,,,,,,,GLOBAL_BASELINE_NO_ENTITY_RANKING,,,NOT_APPLICABLE_GLOBAL_BASELINE,HF9g-P5,,,,X 全窗基线 · 不参与实体赏罚,8395900,840,A168_HF9F_20260827_0900,2026-08-27 09:00:00
2026-07-02,150107794,1994,0,72.5585578220,-21.5631770429,-21.5631770429,0.5000000,14,9,0.44962549537091886,0.385490350000,0.28641856430557117,0.6654508309629807,0.28641856430557117,0.06413514537091886,ELIGIBLE,R03b_20260811_FULL_v1,L1_ELIGIBILITY,v2026-08-11,2026-03-21..2026-08-06,baccarat_bet02_101_all_pairs_incl_sentinel,round_win = game_pnl > 0 (decisive only),COMPATIBILITY_ONLY_NOT_PRODUCTION,39187.2093,35396.6747,483.0410,8363,6242,-0.01232650,-0.05216444,-0.01154840,-0.01232650,-483.0410,39187.2093,OK,0.0000,19.3216,4.0000,96.0000,AG03-UNRESOLVED,ALL5_LEVELS_bet23_to_bet27,19.3216,19.3216,19.3216,0.0000,0.0000,4.000000,4.000000,4.000000,0.000000,0.000000,96.000000,96.000000,96.000000,100.000000,100.000000,5.0,57.9649,55.6772,425.0761,427.3638,PENDING_AG03,FALSE,NOT_FOR_ENFORCEMENT,463.7194,33980.8077,483.0410,463.7194,19.3216,0.01232650,0.01183344,19.3216,463.7194,0.01183344,19.3216,19.3216,19.3216,0.0000,0.0000,463.7194,0.01183344,57.9649,55.6772,425.0761,427.3638,0.01084732,0.0109057,0.00049306,4.6858,5.6707,0.0774,15.5820,0.2688,1264.1035,201.3548,4.5499,4.6885,2.0771,4.1543,6.1317,8.4025,10.5031,18.5864,3.9466,-2.0771,2.528253,4.474023,1.127938,29,192,48,6,0.01915741,0.01232650,0.05216444,0E-8,0.000000,0.903271,0.017936,-0.04061604,2026-05-16,2026-07-20,31,1797,733,66,0.469697,0.970424,0.970991,0.063858,,,,,,,,GLOBAL_BASELINE_NO_ENTITY_RANKING,,,NOT_APPLICABLE_GLOBAL_BASELINE,HF9g-P5,,,,X 全窗基线 · 不参与实体赏罚,8395901,840,A168_HF9F_20260827_0900,2026-08-27 09:00:00
2026-07-02,150107794,2059,0,34.1331807218,-17.8841515758,-17.8841515758,0.3750000,9,8,0.48682667500012444,0.472519456250,-0.6328068699762319,-0.5524884383673293,-0.6328068699762319,0.01430721875012444,ELIGIBLE,R03b_20260811_FULL_v1,L1_ELIGIBILITY,v2026-08-11,2026-03-21..2026-08-06,baccarat_bet02_101_all_pairs_incl_sentinel,round_win = game_pnl > 0 (decisive only),COMPATIBILITY_ONLY_NOT_PRODUCTION,39187.2093,35396.6747,483.0410,8363,6242,-0.01232650,-0.05216444,-0.01154840,-0.01232650,-483.0410,39187.2093,OK,0.0000,19.3216,4.0000,96.0000,AG03-UNRESOLVED,ALL5_LEVELS_bet23_to_bet27,19.3216,19.3216,19.3216,0.0000,0.0000,4.000000,4.000000,4.000000,0.000000,0.000000,96.000000,96.000000,96.000000,100.000000,100.000000,5.0,57.9649,55.6772,425.0761,427.3638,PENDING_AG03,FALSE,NOT_FOR_ENFORCEMENT,463.7194,33980.8077,483.0410,463.7194,19.3216,0.01232650,0.01183344,19.3216,463.7194,0.01183344,19.3216,19.3216,19.3216,0.0000,0.0000,463.7194,0.01183344,57.9649,55.6772,425.0761,427.3638,0.01084732,0.0109057,0.00049306,4.6858,5.6707,0.0774,15.5820,0.2688,1264.1035,201.3548,4.5499,4.6885,2.0771,4.1543,6.1317,8.4025,10.5031,18.5864,3.9466,-2.0771,2.528253,4.474023,1.127938,29,192,48,6,0.01915741,0.01232650,0.05216444,0E-8,0.000000,0.903271,0.017936,-0.04061604,2026-05-16,2026-07-20,31,1797,733,66,0.469697,0.970424,0.970991,0.063858,,,,,,,,GLOBAL_BASELINE_NO_ENTITY_RANKING,,,NOT_APPLICABLE_GLOBAL_BASELINE,HF9g-P5,,,,X 全窗基线 · 不参与实体赏罚,8395902,840,A168_HF9F_20260827_0900,2026-08-27 09:00:00
2026-07-02,150107794,2068,0,61.3170911170,-12.2634182234,-12.2634182234,0.4000000,8,5,0.45985886714339229,0.376333730000,-0.268563870640839,0.1092325610875506,-0.268563870640839,0.08352513714339229,ELIGIBLE,R03b_20260811_FULL_v1,L1_ELIGIBILITY,v2026-08-11,2026-03-21..2026-08-06,baccarat_bet02_101_all_pairs_incl_sentinel,round_win = game_pnl > 0 (decisive only),COMPATIBILITY_ONLY_NOT_PRODUCTION,39187.2093,35396.6747,483.0410,8363,6242,-0.01232650,-0.05216444,-0.01154840,-0.01232650,-483.0410,39187.2093,OK,0.0000,19.3216,4.0000,96.0000,AG03-UNRESOLVED,ALL5_LEVELS_bet23_to_bet27,19.3216,19.3216,19.3216,0.0000,0.0000,4.000000,4.000000,4.000000,0.000000,0.000000,96.000000,96.000000,96.000000,100.000000,100.000000,5.0,57.9649,55.6772,425.0761,427.3638,PENDING_AG03,FALSE,NOT_FOR_ENFORCEMENT,463.7194,33980.8077,483.0410,463.7194,19.3216,0.01232650,0.01183344,19.3216,463.7194,0.01183344,19.3216,19.3216,19.3216,0.0000,0.0000,463.7194,0.01183344,57.9649,55.6772,425.0761,427.3638,0.01084732,0.0109057,0.00049306,4.6858,5.6707,0.0774,15.5820,0.2688,1264.1035,201.3548,4.5499,4.6885,2.0771,4.1543,6.1317,8.4025,10.5031,18.5864,3.9466,-2.0771,2.528253,4.474023,1.127938,29,192,48,6,0.01915741,0.01232650,0.05216444,0E-8,0.000000,0.903271,0.017936,-0.04061604,2026-05-16,2026-07-20,31,1797,733,66,0.469697,0.970424,0.970991,0.063858,,,,,,,,GLOBAL_BASELINE_NO_ENTITY_RANKING,,,NOT_APPLICABLE_GLOBAL_BASELINE,HF9g-P5,,,,X 全窗基线 · 不参与实体赏罚,8395903,840,A168_HF9F_20260827_0900,2026-08-27 09:00:00
2026-07-02,150107794,2073,0,12.2634182234,8.1756121490,8.1756121490,1.0000000,2,1,0.42680505000108356,0.293924150000,1.1588744902311756,1.549915577879723,1.1588744902311756,0.13288090000108356,ELIGIBLE,R03b_20260811_FULL_v1,L1_ELIGIBILITY,v2026-08-11,2026-03-21..2026-08-06,baccarat_bet02_101_all_pairs_incl_sentinel,round_win = game_pnl > 0 (decisive only),COMPATIBILITY_ONLY_NOT_PRODUCTION,39187.2093,35396.6747,483.0410,8363,6242,-0.01232650,-0.05216444,-0.01154840,-0.01232650,-483.0410,39187.2093,OK,0.0000,19.3216,4.0000,96.0000,AG03-UNRESOLVED,ALL5_LEVELS_bet23_to_bet27,19.3216,19.3216,19.3216,0.0000,0.0000,4.000000,4.000000,4.000000,0.000000,0.000000,96.000000,96.000000,96.000000,100.000000,100.000000,5.0,57.9649,55.6772,425.0761,427.3638,PENDING_AG03,FALSE,NOT_FOR_ENFORCEMENT,463.7194,33980.8077,483.0410,463.7194,19.3216,0.01232650,0.01183344,19.3216,463.7194,0.01183344,19.3216,19.3216,19.3216,0.0000,0.0000,463.7194,0.01183344,57.9649,55.6772,425.0761,427.3638,0.01084732,0.0109057,0.00049306,4.6858,5.6707,0.0774,15.5820,0.2688,1264.1035,201.3548,4.5499,4.6885,2.0771,4.1543,6.1317,8.4025,10.5031,18.5864,3.9466,-2.0771,2.528253,4.474023,1.127938,29,192,48,6,0.01915741,0.01232650,0.05216444,0E-8,0.000000,0.903271,0.017936,-0.04061604,2026-05-16,2026-07-20,31,1797,733,66,0.469697,0.970424,0.970991,0.063858,,,,,,,,GLOBAL_BASELINE_NO_ENTITY_RANKING,,,NOT_APPLICABLE_GLOBAL_BASELINE,HF9g-P5,,,,X 全窗基线 · 不参与实体赏罚,8395904,840,A168_HF9F_20260827_0900,2026-08-27 09:00:00
2026-07-02,150107794,2092,0,74.8068511627,-35.9726934553,-35.9726934553,0.3333333,11,6,0.43826726026486882,0.331612775000,-0.5180326919996061,0.008951902220957436,-0.5180326919996061,0.10665448526486882,ELIGIBLE,R03b_20260811_FULL_v1,L1_ELIGIBILITY,v2026-08-11,2026-03-21..2026-08-06,baccarat_bet02_101_all_pairs_incl_sentinel,round_win = game_pnl > 0 (decisive only),COMPATIBILITY_ONLY_NOT_PRODUCTION,39187.2093,35396.6747,483.0410,8363,6242,-0.01232650,-0.05216444,-0.01154840,-0.01232650,-483.0410,39187.2093,OK,0.0000,19.3216,4.0000,96.0000,AG03-UNRESOLVED,ALL5_LEVELS_bet23_to_bet27,19.3216,19.3216,19.3216,0.0000,0.0000,4.000000,4.000000,4.000000,0.000000,0.000000,96.000000,96.000000,96.000000,100.000000,100.000000,5.0,57.9649,55.6772,425.0761,427.3638,PENDING_AG03,FALSE,NOT_FOR_ENFORCEMENT,463.7194,33980.8077,483.0410,463.7194,19.3216,0.01232650,0.01183344,19.3216,463.7194,0.01183344,19.3216,19.3216,19.3216,0.0000,0.0000,463.7194,0.01183344,57.9649,55.6772,425.0761,427.3638,0.01084732,0.0109057,0.00049306,4.6858,5.6707,0.0774,15.5820,0.2688,1264.1035,201.3548,4.5499,4.6885,2.0771,4.1543,6.1317,8.4025,10.5031,18.5864,3.9466,-2.0771,2.528253,4.474023,1.127938,29,192,48,6,0.01915741,0.01232650,0.05216444,0E-8,0.000000,0.903271,0.017936,-0.04061604,2026-05-16,2026-07-20,31,1797,733,66,0.469697,0.970424,0.970991,0.063858,,,,,,,,GLOBAL_BASELINE_NO_ENTITY_RANKING,,,NOT_APPLICABLE_GLOBAL_BASELINE,HF9g-P5,,,,X 全窗基线 · 不参与实体赏罚,8395905,840,A168_HF9F_20260827_0900,2026-08-27 09:00:00
2026-07-02,150107794,2093,0,94.4283203205,6.6222458407,6.6222458407,0.7000000,17,10,0.44491594415775756,0.359752895000,1.6231735323889849,2.2419115698622623,1.6231735323889849,0.08516304915775756,ELIGIBLE,R03b_20260811_FULL_v1,L1_ELIGIBILITY,v2026-08-11,2026-03-21..2026-08-06,baccarat_bet02_101_all_pairs_incl_sentinel,round_win = game_pnl > 0 (decisive only),COMPATIBILITY_ONLY_NOT_PRODUCTION,39187.2093,35396.6747,483.0410,8363,6242,-0.01232650,-0.05216444,-0.01154840,-0.01232650,-483.0410,39187.2093,OK,0.0000,19.3216,4.0000,96.0000,AG03-UNRESOLVED,ALL5_LEVELS_bet23_to_bet27,19.3216,19.3216,19.3216,0.0000,0.0000,4.000000,4.000000,4.000000,0.000000,0.000000,96.000000,96.000000,96.000000,100.000000,100.000000,5.0,57.9649,55.6772,425.0761,427.3638,PENDING_AG03,FALSE,NOT_FOR_ENFORCEMENT,463.7194,33980.8077,483.0410,463.7194,19.3216,0.01232650,0.01183344,19.3216,463.7194,0.01183344,19.3216,19.3216,19.3216,0.0000,0.0000,463.7194,0.01183344,57.9649,55.6772,425.0761,427.3638,0.01084732,0.0109057,0.00049306,4.6858,5.6707,0.0774,15.5820,0.2688,1264.1035,201.3548,4.5499,4.6885,2.0771,4.1543,6.1317,8.4025,10.5031,18.5864,3.9466,-2.0771,2.528253,4.474023,1.127938,29,192,48,6,0.01915741,0.01232650,0.05216444,0E-8,0.000000,0.903271,0.017936,-0.04061604,2026-05-16,2026-07-20,31,1797,733,66,0.469697,0.970424,0.970991,0.063858,,,,,,,,GLOBAL_BASELINE_NO_ENTITY_RANKING,,,NOT_APPLICABLE_GLOBAL_BASELINE,HF9g-P5,,,,X 全窗基线 · 不参与实体赏罚,8395906,840,A168_HF9F_20260827_0900,2026-08-27 09:00:00
2026-07-02,150107794,2104,0,22.4829334097,-6.1317091117,-6.1317091117,0.2500000,4,4,0.49659680000000000,0.496596800000,-0.9864100490137353,-0.9864100490137354,-0.9864100490137353,0E-17,ELIGIBLE,R03b_20260811_FULL_v1,L1_ELIGIBILITY,v2026-08-11,2026-03-21..2026-08-06,baccarat_bet02_101_all_pairs_incl_sentinel,round_win = game_pnl > 0 (decisive only),COMPATIBILITY_ONLY_NOT_PRODUCTION,39187.2093,35396.6747,483.0410,8363,6242,-0.01232650,-0.05216444,-0.01154840,-0.01232650,-483.0410,39187.2093,OK,0.0000,19.3216,4.0000,96.0000,AG03-UNRESOLVED,ALL5_LEVELS_bet23_to_bet27,19.3216,19.3216,19.3216,0.0000,0.0000,4.000000,4.000000,4.000000,0.000000,0.000000,96.000000,96.000000,96.000000,100.000000,100.000000,5.0,57.9649,55.6772,425.0761,427.3638,PENDING_AG03,FALSE,NOT_FOR_ENFORCEMENT,463.7194,33980.8077,483.0410,463.7194,19.3216,0.01232650,0.01183344,19.3216,463.7194,0.01183344,19.3216,19.3216,19.3216,0.0000,0.0000,463.7194,0.01183344,57.9649,55.6772,425.0761,427.3638,0.01084732,0.0109057,0.00049306,4.6858,5.6707,0.0774,15.5820,0.2688,1264.1035,201.3548,4.5499,4.6885,2.0771,4.1543,6.1317,8.4025,10.5031,18.5864,3.9466,-2.0771,2.528253,4.474023,1.127938,29,192,48,6,0.01915741,0.01232650,0.05216444,0E-8,0.000000,0.903271,0.017936,-0.04061604,2026-05-16,2026-07-20,31,1797,733,66,0.469697,0.970424,0.970991,0.063858,,,,,,,,GLOBAL_BASELINE_NO_ENTITY_RANKING,,,NOT_APPLICABLE_GLOBAL_BASELINE,HF9g-P5,,,,X 全窗基线 · 不参与实体赏罚,8395907,840,A168_HF9F_20260827_0900,2026-08-27 09:00:00
2026-07-02,150107794,2106,0,26.5707394841,10.2195151863,10.2195151863,0.6666667,5,4,0.47331336500039008,0.443415162500,0.67075155293942,0.7783663736581422,0.67075155293942,0.02989820250039008,ELIGIBLE,R03b_20260811_FULL_v1,L1_ELIGIBILITY,v2026-08-11,2026-03-21..2026-08-06,baccarat_bet02_101_all_pairs_incl_sentinel,round_win = game_pnl > 0 (decisive only),COMPATIBILITY_ONLY_NOT_PRODUCTION,39187.2093,35396.6747,483.0410,8363,6242,-0.01232650,-0.05216444,-0.01154840,-0.01232650,-483.0410,39187.2093,OK,0.0000,19.3216,4.0000,96.0000,AG03-UNRESOLVED,ALL5_LEVELS_bet23_to_bet27,19.3216,19.3216,19.3216,0.0000,0.0000,4.000000,4.000000,4.000000,0.000000,0.000000,96.000000,96.000000,96.000000,100.000000,100.000000,5.0,57.9649,55.6772,425.0761,427.3638,PENDING_AG03,FALSE,NOT_FOR_ENFORCEMENT,463.7194,33980.8077,483.0410,463.7194,19.3216,0.01232650,0.01183344,19.3216,463.7194,0.01183344,19.3216,19.3216,19.3216,0.0000,0.0000,463.7194,0.01183344,57.9649,55.6772,425.0761,427.3638,0.01084732,0.0109057,0.00049306,4.6858,5.6707,0.0774,15.5820,0.2688,1264.1035,201.3548,4.5499,4.6885,2.0771,4.1543,6.1317,8.4025,10.5031,18.5864,3.9466,-2.0771,2.528253,4.474023,1.127938,29,192,48,6,0.01915741,0.01232650,0.05216444,0E-8,0.000000,0.903271,0.017936,-0.04061604,2026-05-16,2026-07-20,31,1797,733,66,0.469697,0.970424,0.970991,0.063858,,,,,,,,GLOBAL_BASELINE_NO_ENTITY_RANKING,,,NOT_APPLICABLE_GLOBAL_BASELINE,HF9g-P5,,,,X 全窗基线 · 不参与实体赏罚,8395908,840,A168_HF9F_20260827_0900,2026-08-27 09:00:00
2026-07-02,150107794,2108,0,17.3731758164,8.8909782120,8.8909782120,1.0000000,4,2,0.40414847916777824,0.297275450000,1.7171710161388274,2.1743429183121594,1.7171710161388274,0.10687302916777824,ELIGIBLE,R03b_20260811_FULL_v1,L1_ELIGIBILITY,v2026-08-11,2026-03-21..2026-08-06,baccarat_bet02_101_all_pairs_incl_sentinel,round_win = game_pnl > 0 (decisive only),COMPATIBILITY_ONLY_NOT_PRODUCTION,39187.2093,35396.6747,483.0410,8363,6242,-0.01232650,-0.05216444,-0.01154840,-0.01232650,-483.0410,39187.2093,OK,0.0000,19.3216,4.0000,96.0000,AG03-UNRESOLVED,ALL5_LEVELS_bet23_to_bet27,19.3216,19.3216,19.3216,0.0000,0.0000,4.000000,4.000000,4.000000,0.000000,0.000000,96.000000,96.000000,96.000000,100.000000,100.000000,5.0,57.9649,55.6772,425.0761,427.3638,PENDING_AG03,FALSE,NOT_FOR_ENFORCEMENT,463.7194,33980.8077,483.0410,463.7194,19.3216,0.01232650,0.01183344,19.3216,463.7194,0.01183344,19.3216,19.3216,19.3216,0.0000,0.0000,463.7194,0.01183344,57.9649,55.6772,425.0761,427.3638,0.01084732,0.0109057,0.00049306,4.6858,5.6707,0.0774,15.5820,0.2688,1264.1035,201.3548,4.5499,4.6885,2.0771,4.1543,6.1317,8.4025,10.5031,18.5864,3.9466,-2.0771,2.528253,4.474023,1.127938,29,192,48,6,0.01915741,0.01232650,0.05216444,0E-8,0.000000,0.903271,0.017936,-0.04061604,2026-05-16,2026-07-20,31,1797,733,66,0.469697,0.970424,0.970991,0.063858,,,,,,,,GLOBAL_BASELINE_NO_ENTITY_RANKING,,,NOT_APPLICABLE_GLOBAL_BASELINE,HF9g-P5,,,,X 全窗基线 · 不参与实体赏罚,8395909,840,A168_HF9F_20260827_0900,2026-08-27 09:00:00
2026-07-02,150107794,2121,0,93.8151494091,33.6222049626,33.6222049626,0.7777778,16,9,0.43048310089804763,0.341150838889,2.104204863845255,2.762902513343406,2.104204863845255,0.08933226200904763,ELIGIBLE,R03b_20260811_FULL_v1,L1_ELIGIBILITY,v2026-08-11,2026-03-21..2026-08-06,baccarat_bet02_101_all_pairs_incl_sentinel,round_win = game_pnl > 0 (decisive only),COMPATIBILITY_ONLY_NOT_PRODUCTION,39187.2093,35396.6747,483.0410,8363,6242,-0.01232650,-0.05216444,-0.01154840,-0.01232650,-483.0410,39187.2093,OK,0.0000,19.3216,4.0000,96.0000,AG03-UNRESOLVED,ALL5_LEVELS_bet23_to_bet27,19.3216,19.3216,19.3216,0.0000,0.0000,4.000000,4.000000,4.000000,0.000000,0.000000,96.000000,96.000000,96.000000,100.000000,100.000000,5.0,57.9649,55.6772,425.0761,427.3638,PENDING_AG03,FALSE,NOT_FOR_ENFORCEMENT,463.7194,33980.8077,483.0410,463.7194,19.3216,0.01232650,0.01183344,19.3216,463.7194,0.01183344,19.3216,19.3216,19.3216,0.0000,0.0000,463.7194,0.01183344,57.9649,55.6772,425.0761,427.3638,0.01084732,0.0109057,0.00049306,4.6858,5.6707,0.0774,15.5820,0.2688,1264.1035,201.3548,4.5499,4.6885,2.0771,4.1543,6.1317,8.4025,10.5031,18.5864,3.9466,-2.0771,2.528253,4.474023,1.127938,29,192,48,6,0.01915741,0.01232650,0.05216444,0E-8,0.000000,0.903271,0.017936,-0.04061604,2026-05-16,2026-07-20,31,1797,733,66,0.469697,0.970424,0.970991,0.063858,,,,,,,,GLOBAL_BASELINE_NO_ENTITY_RANKING,,,NOT_APPLICABLE_GLOBAL_BASELINE,HF9g-P5,,,,X 全窗基线 · 不参与实体赏罚,8395910,840,A168_HF9F_20260827_0900,2026-08-27 09:00:00
2026-07-02,150107794,2123,0,4.0878060745,0E-10,0E-10,,1,1,0.50665070000000000,0.506650700000,,,,0E-17,NO_DECISIVE_ROUND,R03b_20260811_FULL_v1,L1_ELIGIBILITY,v2026-08-11,2026-03-21..2026-08-06,baccarat_bet02_101_all_pairs_incl_sentinel,round_win = game_pnl > 0 (decisive only),COMPATIBILITY_ONLY_NOT_PRODUCTION,39187.2093,35396.6747,483.0410,8363,6242,-0.01232650,-0.05216444,-0.01154840,-0.01232650,-483.0410,39187.2093,OK,0.0000,19.3216,4.0000,96.0000,AG03-UNRESOLVED,ALL5_LEVELS_bet23_to_bet27,19.3216,19.3216,19.3216,0.0000,0.0000,4.000000,4.000000,4.000000,0.000000,0.000000,96.000000,96.000000,96.000000,100.000000,100.000000,5.0,57.9649,55.6772,425.0761,427.3638,PENDING_AG03,FALSE,NOT_FOR_ENFORCEMENT,463.7194,33980.8077,483.0410,463.7194,19.3216,0.01232650,0.01183344,19.3216,463.7194,0.01183344,19.3216,19.3216,19.3216,0.0000,0.0000,463.7194,0.01183344,57.9649,55.6772,425.0761,427.3638,0.01084732,0.0109057,0.00049306,4.6858,5.6707,0.0774,15.5820,0.2688,1264.1035,201.3548,4.5499,4.6885,2.0771,4.1543,6.1317,8.4025,10.5031,18.5864,3.9466,-2.0771,2.528253,4.474023,1.127938,29,192,48,6,0.01915741,0.01232650,0.05216444,0E-8,0.000000,0.903271,0.017936,-0.04061604,2026-05-16,2026-07-20,31,1797,733,66,0.469697,0.970424,0.970991,0.063858,,,,,,,,GLOBAL_BASELINE_NO_ENTITY_RANKING,,,NOT_APPLICABLE_GLOBAL_BASELINE,HF9g-P5,,,,X 全窗基线 · 不参与实体赏罚,8395911,840,A168_HF9F_20260827_0900,2026-08-27 09:00:00
2026-07-02,150107794,2129,0,46.1922086414,36.2588398807,36.2588398807,1.0000000,8,4,0.41024452707484637,0.298951100000,2.397974649452576,3.0626972874041627,2.397974649452576,0.11129342707484637,ELIGIBLE,R03b_20260811_FULL_v1,L1_ELIGIBILITY,v2026-08-11,2026-03-21..2026-08-06,baccarat_bet02_101_all_pairs_incl_sentinel,round_win = game_pnl > 0 (decisive only),COMPATIBILITY_ONLY_NOT_PRODUCTION,39187.2093,35396.6747,483.0410,8363,6242,-0.01232650,-0.05216444,-0.01154840,-0.01232650,-483.0410,39187.2093,OK,0.0000,19.3216,4.0000,96.0000,AG03-UNRESOLVED,ALL5_LEVELS_bet23_to_bet27,19.3216,19.3216,19.3216,0.0000,0.0000,4.000000,4.000000,4.000000,0.000000,0.000000,96.000000,96.000000,96.000000,100.000000,100.000000,5.0,57.9649,55.6772,425.0761,427.3638,PENDING_AG03,FALSE,NOT_FOR_ENFORCEMENT,463.7194,33980.8077,483.0410,463.7194,19.3216,0.01232650,0.01183344,19.3216,463.7194,0.01183344,19.3216,19.3216,19.3216,0.0000,0.0000,463.7194,0.01183344,57.9649,55.6772,425.0761,427.3638,0.01084732,0.0109057,0.00049306,4.6858,5.6707,0.0774,15.5820,0.2688,1264.1035,201.3548,4.5499,4.6885,2.0771,4.1543,6.1317,8.4025,10.5031,18.5864,3.9466,-2.0771,2.528253,4.474023,1.127938,29,192,48,6,0.01915741,0.01232650,0.05216444,0E-8,0.000000,0.903271,0.017936,-0.04061604,2026-05-16,2026-07-20,31,1797,733,66,0.469697,0.970424,0.970991,0.063858,,,,,,,,GLOBAL_BASELINE_NO_ENTITY_RANKING,,,NOT_APPLICABLE_GLOBAL_BASELINE,HF9g-P5,,,,X 全窗基线 · 不参与实体赏罚,8395912,840,A168_HF9F_20260827_0900,2026-08-27 09:00:00
2026-07-02,150107794,2152,0,119.9771082857,-36.3303764866,-36.3303764866,0.5384615,20,13,0.46339741208854216,0.393652388462,0.542751368495627,1.068686687490947,0.542751368495627,0.06974502362654216,ELIGIBLE,R03b_20260811_FULL_v1,L1_ELIGIBILITY,v2026-08-11,2026-03-21..2026-08-06,baccarat_bet02_101_all_pairs_incl_sentinel,round_win = game_pnl > 0 (decisive only),COMPATIBILITY_ONLY_NOT_PRODUCTION,39187.2093,35396.6747,483.0410,8363,6242,-0.01232650,-0.05216444,-0.01154840,-0.01232650,-483.0410,39187.2093,OK,0.0000,19.3216,4.0000,96.0000,AG03-UNRESOLVED,ALL5_LEVELS_bet23_to_bet27,19.3216,19.3216,19.3216,0.0000,0.0000,4.000000,4.000000,4.000000,0.000000,0.000000,96.000000,96.000000,96.000000,100.000000,100.000000,5.0,57.9649,55.6772,425.0761,427.3638,PENDING_AG03,FALSE,NOT_FOR_ENFORCEMENT,463.7194,33980.8077,483.0410,463.7194,19.3216,0.01232650,0.01183344,19.3216,463.7194,0.01183344,19.3216,19.3216,19.3216,0.0000,0.0000,463.7194,0.01183344,57.9649,55.6772,425.0761,427.3638,0.01084732,0.0109057,0.00049306,4.6858,5.6707,0.0774,15.5820,0.2688,1264.1035,201.3548,4.5499,4.6885,2.0771,4.1543,6.1317,8.4025,10.5031,18.5864,3.9466,-2.0771,2.528253,4.474023,1.127938,29,192,48,6,0.01915741,0.01232650,0.05216444,0E-8,0.000000,0.903271,0.017936,-0.04061604,2026-05-16,2026-07-20,31,1797,733,66,0.469697,0.970424,0.970991,0.063858,,,,,,,,GLOBAL_BASELINE_NO_ENTITY_RANKING,,,NOT_APPLICABLE_GLOBAL_BASELINE,HF9g-P5,,,,X 全窗基线 · 不参与实体赏罚,8395913,840,A168_HF9F_20260827_0900,2026-08-27 09:00:00
2026-07-02,150107794,2155,0,104.0346645954,39.9583043783,39.9583043783,0.7272727,19,11,0.43811515158934585,0.352549809091,1.9329166206032153,2.601316373479201,1.9329166206032153,0.08556534249834585,ELIGIBLE,R03b_20260811_FULL_v1,L1_ELIGIBILITY,v2026-08-11,2026-03-21..2026-08-06,baccarat_bet02_101_all_pairs_incl_sentinel,round_win = game_pnl > 0 (decisive only),COMPATIBILITY_ONLY_NOT_PRODUCTION,39187.2093,35396.6747,483.0410,8363,6242,-0.01232650,-0.05216444,-0.01154840,-0.01232650,-483.0410,39187.2093,OK,0.0000,19.3216,4.0000,96.0000,AG03-UNRESOLVED,ALL5_LEVELS_bet23_to_bet27,19.3216,19.3216,19.3216,0.0000,0.0000,4.000000,4.000000,4.000000,0.000000,0.000000,96.000000,96.000000,96.000000,100.000000,100.000000,5.0,57.9649,55.6772,425.0761,427.3638,PENDING_AG03,FALSE,NOT_FOR_ENFORCEMENT,463.7194,33980.8077,483.0410,463.7194,19.3216,0.01232650,0.01183344,19.3216,463.7194,0.01183344,19.3216,19.3216,19.3216,0.0000,0.0000,463.7194,0.01183344,57.9649,55.6772,425.0761,427.3638,0.01084732,0.0109057,0.00049306,4.6858,5.6707,0.0774,15.5820,0.2688,1264.1035,201.3548,4.5499,4.6885,2.0771,4.1543,6.1317,8.4025,10.5031,18.5864,3.9466,-2.0771,2.528253,4.474023,1.127938,29,192,48,6,0.01915741,0.01232650,0.05216444,0E-8,0.000000,0.903271,0.017936,-0.04061604,2026-05-16,2026-07-20,31,1797,733,66,0.469697,0.970424,0.970991,0.063858,,,,,,,,GLOBAL_BASELINE_NO_ENTITY_RANKING,,,NOT_APPLICABLE_GLOBAL_BASELINE,HF9g-P5,,,,X 全窗基线 · 不参与实体赏罚,8395914,840,A168_HF9F_20260827_0900,2026-08-27 09:00:00
2026-07-02,150107794,2156,0,16.3512242979,14.1029309570,14.1029309570,0.6666667,5,3,0.40912663333477807,0.364833000000,0.9072548352306209,1.0860186579666644,0.9072548352306209,0.04429363333477807,ELIGIBLE,R03b_20260811_FULL_v1,L1_ELIGIBILITY,v2026-08-11,2026-03-21..2026-08-06,baccarat_bet02_101_all_pairs_incl_sentinel,round_win = game_pnl > 0 (decisive only),COMPATIBILITY_ONLY_NOT_PRODUCTION,39187.2093,35396.6747,483.0410,8363,6242,-0.01232650,-0.05216444,-0.01154840,-0.01232650,-483.0410,39187.2093,OK,0.0000,19.3216,4.0000,96.0000,AG03-UNRESOLVED,ALL5_LEVELS_bet23_to_bet27,19.3216,19.3216,19.3216,0.0000,0.0000,4.000000,4.000000,4.000000,0.000000,0.000000,96.000000,96.000000,96.000000,100.000000,100.000000,5.0,57.9649,55.6772,425.0761,427.3638,PENDING_AG03,FALSE,NOT_FOR_ENFORCEMENT,463.7194,33980.8077,483.0410,463.7194,19.3216,0.01232650,0.01183344,19.3216,463.7194,0.01183344,19.3216,19.3216,19.3216,0.0000,0.0000,463.7194,0.01183344,57.9649,55.6772,425.0761,427.3638,0.01084732,0.0109057,0.00049306,4.6858,5.6707,0.0774,15.5820,0.2688,1264.1035,201.3548,4.5499,4.6885,2.0771,4.1543,6.1317,8.4025,10.5031,18.5864,3.9466,-2.0771,2.528253,4.474023,1.127938,29,192,48,6,0.01915741,0.01232650,0.05216444,0E-8,0.000000,0.903271,0.017936,-0.04061604,2026-05-16,2026-07-20,31,1797,733,66,0.469697,0.970424,0.970991,0.063858,,,,,,,,GLOBAL_BASELINE_NO_ENTITY_RANKING,,,NOT_APPLICABLE_GLOBAL_BASELINE,HF9g-P5,,,,X 全窗基线 · 不参与实体赏罚,8395915,840,A168_HF9F_20260827_0900,2026-08-27 09:00:00
2026-07-02,150107794,2160,0,102.6039324693,-0.0204390303,-0.0204390303,0.5833333,18,12,0.42707947647018254,0.364833000000,1.0942582462471124,1.5723589842878285,1.0942582462471124,0.06224647647018254,ELIGIBLE,R03b_20260811_FULL_v1,L1_ELIGIBILITY,v2026-08-11,2026-03-21..2026-08-06,baccarat_bet02_101_all_pairs_incl_sentinel,round_win = game_pnl > 0 (decisive only),COMPATIBILITY_ONLY_NOT_PRODUCTION,39187.2093,35396.6747,483.0410,8363,6242,-0.01232650,-0.05216444,-0.01154840,-0.01232650,-483.0410,39187.2093,OK,0.0000,19.3216,4.0000,96.0000,AG03-UNRESOLVED,ALL5_LEVELS_bet23_to_bet27,19.3216,19.3216,19.3216,0.0000,0.0000,4.000000,4.000000,4.000000,0.000000,0.000000,96.000000,96.000000,96.000000,100.000000,100.000000,5.0,57.9649,55.6772,425.0761,427.3638,PENDING_AG03,FALSE,NOT_FOR_ENFORCEMENT,463.7194,33980.8077,483.0410,463.7194,19.3216,0.01232650,0.01183344,19.3216,463.7194,0.01183344,19.3216,19.3216,19.3216,0.0000,0.0000,463.7194,0.01183344,57.9649,55.6772,425.0761,427.3638,0.01084732,0.0109057,0.00049306,4.6858,5.6707,0.0774,15.5820,0.2688,1264.1035,201.3548,4.5499,4.6885,2.0771,4.1543,6.1317,8.4025,10.5031,18.5864,3.9466,-2.0771,2.528253,4.474023,1.127938,29,192,48,6,0.01915741,0.01232650,0.05216444,0E-8,0.000000,0.903271,0.017936,-0.04061604,2026-05-16,2026-07-20,31,1797,733,66,0.469697,0.970424,0.970991,0.063858,,,,,,,,GLOBAL_BASELINE_NO_ENTITY_RANKING,,,NOT_APPLICABLE_GLOBAL_BASELINE,HF9g-P5,,,,X 全窗基线 · 不参与实体赏罚,8395916,840,A168_HF9F_20260827_0900,2026-08-27 09:00:00
2026-07-02,150107794,2170,0,34.7463516330,-14.3073212606,-14.3073212606,0.2500000,6,4,0.46239814821475563,0.393584825000,-0.8520053083787905,-0.5878064345006628,-0.8520053083787905,0.06881332321475563,ELIGIBLE,R03b_20260811_FULL_v1,L1_ELIGIBILITY,v2026-08-11,2026-03-21..2026-08-06,baccarat_bet02_101_all_pairs_incl_sentinel,round_win = game_pnl > 0 (decisive only),COMPATIBILITY_ONLY_NOT_PRODUCTION,39187.2093,35396.6747,483.0410,8363,6242,-0.01232650,-0.05216444,-0.01154840,-0.01232650,-483.0410,39187.2093,OK,0.0000,19.3216,4.0000,96.0000,AG03-UNRESOLVED,ALL5_LEVELS_bet23_to_bet27,19.3216,19.3216,19.3216,0.0000,0.0000,4.000000,4.000000,4.000000,0.000000,0.000000,96.000000,96.000000,96.000000,100.000000,100.000000,5.0,57.9649,55.6772,425.0761,427.3638,PENDING_AG03,FALSE,NOT_FOR_ENFORCEMENT,463.7194,33980.8077,483.0410,463.7194,19.3216,0.01232650,0.01183344,19.3216,463.7194,0.01183344,19.3216,19.3216,19.3216,0.0000,0.0000,463.7194,0.01183344,57.9649,55.6772,425.0761,427.3638,0.01084732,0.0109057,0.00049306,4.6858,5.6707,0.0774,15.5820,0.2688,1264.1035,201.3548,4.5499,4.6885,2.0771,4.1543,6.1317,8.4025,10.5031,18.5864,3.9466,-2.0771,2.528253,4.474023,1.127938,29,192,48,6,0.01915741,0.01232650,0.05216444,0E-8,0.000000,0.903271,0.017936,-0.04061604,2026-05-16,2026-07-20,31,1797,733,66,0.469697,0.970424,0.970991,0.063858,,,,,,,,GLOBAL_BASELINE_NO_ENTITY_RANKING,,,NOT_APPLICABLE_GLOBAL_BASELINE,HF9g-P5,,,,X 全窗基线 · 不参与实体赏罚,8395917,840,A168_HF9F_20260827_0900,2026-08-27 09:00:00
2026-07-02,150107794,2175,0,146.3434574665,8.5843927566,8.5843927566,0.5263158,28,20,0.45734202274473450,0.415527740000,0.6034997498655519,0.9799135295463071,0.6034997498655519,0.04181428274473450,ELIGIBLE,R03b_20260811_FULL_v1,L1_ELIGIBILITY,v2026-08-11,2026-03-21..2026-08-06,baccarat_bet02_101_all_pairs_incl_sentinel,round_win = game_pnl > 0 (decisive only),COMPATIBILITY_ONLY_NOT_PRODUCTION,39187.2093,35396.6747,483.0410,8363,6242,-0.01232650,-0.05216444,-0.01154840,-0.01232650,-483.0410,39187.2093,OK,0.0000,19.3216,4.0000,96.0000,AG03-UNRESOLVED,ALL5_LEVELS_bet23_to_bet27,19.3216,19.3216,19.3216,0.0000,0.0000,4.000000,4.000000,4.000000,0.000000,0.000000,96.000000,96.000000,96.000000,100.000000,100.000000,5.0,57.9649,55.6772,425.0761,427.3638,PENDING_AG03,FALSE,NOT_FOR_ENFORCEMENT,463.7194,33980.8077,483.0410,463.7194,19.3216,0.01232650,0.01183344,19.3216,463.7194,0.01183344,19.3216,19.3216,19.3216,0.0000,0.0000,463.7194,0.01183344,57.9649,55.6772,425.0761,427.3638,0.01084732,0.0109057,0.00049306,4.6858,5.6707,0.0774,15.5820,0.2688,1264.1035,201.3548,4.5499,4.6885,2.0771,4.1543,6.1317,8.4025,10.5031,18.5864,3.9466,-2.0771,2.528253,4.474023,1.127938,29,192,48,6,0.01915741,0.01232650,0.05216444,0E-8,0.000000,0.903271,0.017936,-0.04061604,2026-05-16,2026-07-20,31,1797,733,66,0.469697,0.970424,0.970991,0.063858,,,,,,,,GLOBAL_BASELINE_NO_ENTITY_RANKING,,,NOT_APPLICABLE_GLOBAL_BASELINE,HF9g-P5,,,,X 全窗基线 · 不参与实体赏罚,8395918,840,A168_HF9F_20260827_0900,2026-08-27 09:00:00
2026-07-02,150107794,2177,0,138.7810162285,32.9068388998,32.9068388998,0.6428571,25,14,0.43292501467922996,0.338550896429,1.5853178185221244,2.40610560510665,1.5853178185221244,0.09437411825022996,ELIGIBLE,R03b_20260811_FULL_v1,L1_ELIGIBILITY,v2026-08-11,2026-03-21..2026-08-06,baccarat_bet02_101_all_pairs_incl_sentinel,round_win = game_pnl > 0 (decisive only),COMPATIBILITY_ONLY_NOT_PRODUCTION,39187.2093,35396.6747,483.0410,8363,6242,-0.01232650,-0.05216444,-0.01154840,-0.01232650,-483.0410,39187.2093,OK,0.0000,19.3216,4.0000,96.0000,AG03-UNRESOLVED,ALL5_LEVELS_bet23_to_bet27,19.3216,19.3216,19.3216,0.0000,0.0000,4.000000,4.000000,4.000000,0.000000,0.000000,96.000000,96.000000,96.000000,100.000000,100.000000,5.0,57.9649,55.6772,425.0761,427.3638,PENDING_AG03,FALSE,NOT_FOR_ENFORCEMENT,463.7194,33980.8077,483.0410,463.7194,19.3216,0.01232650,0.01183344,19.3216,463.7194,0.01183344,19.3216,19.3216,19.3216,0.0000,0.0000,463.7194,0.01183344,57.9649,55.6772,425.0761,427.3638,0.01084732,0.0109057,0.00049306,4.6858,5.6707,0.0774,15.5820,0.2688,1264.1035,201.3548,4.5499,4.6885,2.0771,4.1543,6.1317,8.4025,10.5031,18.5864,3.9466,-2.0771,2.528253,4.474023,1.127938,29,192,48,6,0.01915741,0.01232650,0.05216444,0E-8,0.000000,0.903271,0.017936,-0.04061604,2026-05-16,2026-07-20,31,1797,733,66,0.469697,0.970424,0.970991,0.063858,,,,,,,,GLOBAL_BASELINE_NO_ENTITY_RANKING,,,NOT_APPLICABLE_GLOBAL_BASELINE,HF9g-P5,,,,X 全窗基线 · 不参与实体赏罚,8395919,840,A168_HF9F_20260827_0900,2026-08-27 09:00:00
2026-07-02,150107794,2222,0,106.2829579365,-22.4829334094,-22.4829334094,0.5000000,17,11,0.44524580590960103,0.386352745455,0.3483911989530378,0.7380869887634192,0.3483911989530378,0.05889306045460103,ELIGIBLE,R03b_20260811_FULL_v1,L1_ELIGIBILITY,v2026-08-11,2026-03-21..2026-08-06,baccarat_bet02_101_all_pairs_incl_sentinel,round_win = game_pnl > 0 (decisive only),COMPATIBILITY_ONLY_NOT_PRODUCTION,39187.2093,35396.6747,483.0410,8363,6242,-0.01232650,-0.05216444,-0.01154840,-0.01232650,-483.0410,39187.2093,OK,0.0000,19.3216,4.0000,96.0000,AG03-UNRESOLVED,ALL5_LEVELS_bet23_to_bet27,19.3216,19.3216,19.3216,0.0000,0.0000,4.000000,4.000000,4.000000,0.000000,0.000000,96.000000,96.000000,96.000000,100.000000,100.000000,5.0,57.9649,55.6772,425.0761,427.3638,PENDING_AG03,FALSE,NOT_FOR_ENFORCEMENT,463.7194,33980.8077,483.0410,463.7194,19.3216,0.01232650,0.01183344,19.3216,463.7194,0.01183344,19.3216,19.3216,19.3216,0.0000,0.0000,463.7194,0.01183344,57.9649,55.6772,425.0761,427.3638,0.01084732,0.0109057,0.00049306,4.6858,5.6707,0.0774,15.5820,0.2688,1264.1035,201.3548,4.5499,4.6885,2.0771,4.1543,6.1317,8.4025,10.5031,18.5864,3.9466,-2.0771,2.528253,4.474023,1.127938,29,192,48,6,0.01915741,0.01232650,0.05216444,0E-8,0.000000,0.903271,0.017936,-0.04061604,2026-05-16,2026-07-20,31,1797,733,66,0.469697,0.970424,0.970991,0.063858,,,,,,,,GLOBAL_BASELINE_NO_ENTITY_RANKING,,,NOT_APPLICABLE_GLOBAL_BASELINE,HF9g-P5,,,,X 全窗基线 · 不参与实体赏罚,8395920,840,A168_HF9F_20260827_0900,2026-08-27 09:00:00
2026-07-02,150107794,2252,0,75.6244123777,-18.7017127905,-18.7017127905,0.5000000,14,8,0.43472047125097084,0.346267962500,0.3724648800771893,0.9139098043534243,0.3724648800771893,0.08845250875097084,ELIGIBLE,R03b_20260811_FULL_v1,L1_ELIGIBILITY,v2026-08-11,2026-03-21..2026-08-06,baccarat_bet02_101_all_pairs_incl_sentinel,round_win = game_pnl > 0 (decisive only),COMPATIBILITY_ONLY_NOT_PRODUCTION,39187.2093,35396.6747,483.0410,8363,6242,-0.01232650,-0.05216444,-0.01154840,-0.01232650,-483.0410,39187.2093,OK,0.0000,19.3216,4.0000,96.0000,AG03-UNRESOLVED,ALL5_LEVELS_bet23_to_bet27,19.3216,19.3216,19.3216,0.0000,0.0000,4.000000,4.000000,4.000000,0.000000,0.000000,96.000000,96.000000,96.000000,100.000000,100.000000,5.0,57.9649,55.6772,425.0761,427.3638,PENDING_AG03,FALSE,NOT_FOR_ENFORCEMENT,463.7194,33980.8077,483.0410,463.7194,19.3216,0.01232650,0.01183344,19.3216,463.7194,0.01183344,19.3216,19.3216,19.3216,0.0000,0.0000,463.7194,0.01183344,57.9649,55.6772,425.0761,427.3638,0.01084732,0.0109057,0.00049306,4.6858,5.6707,0.0774,15.5820,0.2688,1264.1035,201.3548,4.5499,4.6885,2.0771,4.1543,6.1317,8.4025,10.5031,18.5864,3.9466,-2.0771,2.528253,4.474023,1.127938,29,192,48,6,0.01915741,0.01232650,0.05216444,0E-8,0.000000,0.903271,0.017936,-0.04061604,2026-05-16,2026-07-20,31,1797,733,66,0.469697,0.970424,0.970991,0.063858,,,,,,,,GLOBAL_BASELINE_NO_ENTITY_RANKING,,,NOT_APPLICABLE_GLOBAL_BASELINE,HF9g-P5,,,,X 全窗基线 · 不参与实体赏罚,8395921,840,A168_HF9F_20260827_0900,2026-08-27 09:00:00
2026-07-02,150107794,2280,0,27.3883006990,-6.9492703266,-6.9492703266,0.4000000,9,7,0.45904834075653737,0.439169085714,-0.26496240745243754,-0.17648044223250858,-0.26496240745243754,0.01987925504253737,ELIGIBLE,R03b_20260811_FULL_v1,L1_ELIGIBILITY,v2026-08-11,2026-03-21..2026-08-06,baccarat_bet02_101_all_pairs_incl_sentinel,round_win = game_pnl > 0 (decisive only),COMPATIBILITY_ONLY_NOT_PRODUCTION,39187.2093,35396.6747,483.0410,8363,6242,-0.01232650,-0.05216444,-0.01154840,-0.01232650,-483.0410,39187.2093,OK,0.0000,19.3216,4.0000,96.0000,AG03-UNRESOLVED,ALL5_LEVELS_bet23_to_bet27,19.3216,19.3216,19.3216,0.0000,0.0000,4.000000,4.000000,4.000000,0.000000,0.000000,96.000000,96.000000,96.000000,100.000000,100.000000,5.0,57.9649,55.6772,425.0761,427.3638,PENDING_AG03,FALSE,NOT_FOR_ENFORCEMENT,463.7194,33980.8077,483.0410,463.7194,19.3216,0.01232650,0.01183344,19.3216,463.7194,0.01183344,19.3216,19.3216,19.3216,0.0000,0.0000,463.7194,0.01183344,57.9649,55.6772,425.0761,427.3638,0.01084732,0.0109057,0.00049306,4.6858,5.6707,0.0774,15.5820,0.2688,1264.1035,201.3548,4.5499,4.6885,2.0771,4.1543,6.1317,8.4025,10.5031,18.5864,3.9466,-2.0771,2.528253,4.474023,1.127938,29,192,48,6,0.01915741,0.01232650,0.05216444,0E-8,0.000000,0.903271,0.017936,-0.04061604,2026-05-16,2026-07-20,31,1797,733,66,0.469697,0.970424,0.970991,0.063858,,,,,,,,GLOBAL_BASELINE_NO_ENTITY_RANKING,,,NOT_APPLICABLE_GLOBAL_BASELINE,HF9g-P5,,,,X 全窗基线 · 不参与实体赏罚,8395922,840,A168_HF9F_20260827_0900,2026-08-27 09:00:00
2026-07-02,150107794,471,0,22.4829334095,14.3073212607,14.3073212607,0.5000000,6,4,0.34375448750060950,0.293924150000,0.6579307536199018,0.9047191463631142,0.6579307536199018,0.04983033750060950,ELIGIBLE,R03b_20260811_FULL_v1,L1_ELIGIBILITY,v2026-08-11,2026-03-21..2026-08-06,baccarat_bet02_101_all_pairs_incl_sentinel,round_win = game_pnl > 0 (decisive only),COMPATIBILITY_ONLY_NOT_PRODUCTION,39187.2093,35396.6747,483.0410,8363,6242,-0.01232650,-0.05216444,-0.01154840,-0.01232650,-483.0410,39187.2093,OK,0.0000,19.3216,4.0000,96.0000,AG03-UNRESOLVED,ALL5_LEVELS_bet23_to_bet27,19.3216,19.3216,19.3216,0.0000,0.0000,4.000000,4.000000,4.000000,0.000000,0.000000,96.000000,96.000000,96.000000,100.000000,100.000000,5.0,57.9649,55.6772,425.0761,427.3638,PENDING_AG03,FALSE,NOT_FOR_ENFORCEMENT,463.7194,33980.8077,483.0410,463.7194,19.3216,0.01232650,0.01183344,19.3216,463.7194,0.01183344,19.3216,19.3216,19.3216,0.0000,0.0000,463.7194,0.01183344,57.9649,55.6772,425.0761,427.3638,0.01084732,0.0109057,0.00049306,4.6858,5.6707,0.0774,15.5820,0.2688,1264.1035,201.3548,4.5499,4.6885,2.0771,4.1543,6.1317,8.4025,10.5031,18.5864,3.9466,-2.0771,2.528253,4.474023,1.127938,29,192,48,6,0.01915741,0.01232650,0.05216444,0E-8,0.000000,0.903271,0.017936,-0.04061604,2026-05-16,2026-07-20,31,1797,733,66,0.469697,0.970424,0.970991,0.063858,,,,,,,,GLOBAL_BASELINE_NO_ENTITY_RANKING,,,NOT_APPLICABLE_GLOBAL_BASELINE,HF9g-P5,,,,X 全窗基线 · 不参与实体赏罚,8395923,840,A168_HF9F_20260827_0900,2026-08-27 09:00:00
2026-07-02,150107794,595,0,14.3073212606,-14.3073212606,-14.3073212606,0E-7,2,1,0.44778671428653714,0.300626750000,-0.9004968053875781,-0.655630731788307,-0.9004968053875781,0.14715996428653714,ELIGIBLE,R03b_20260811_FULL_v1,L1_ELIGIBILITY,v2026-08-11,2026-03-21..2026-08-06,baccarat_bet02_101_all_pairs_incl_sentinel,round_win = game_pnl > 0 (decisive only),COMPATIBILITY_ONLY_NOT_PRODUCTION,39187.2093,35396.6747,483.0410,8363,6242,-0.01232650,-0.05216444,-0.01154840,-0.01232650,-483.0410,39187.2093,OK,0.0000,19.3216,4.0000,96.0000,AG03-UNRESOLVED,ALL5_LEVELS_bet23_to_bet27,19.3216,19.3216,19.3216,0.0000,0.0000,4.000000,4.000000,4.000000,0.000000,0.000000,96.000000,96.000000,96.000000,100.000000,100.000000,5.0,57.9649,55.6772,425.0761,427.3638,PENDING_AG03,FALSE,NOT_FOR_ENFORCEMENT,463.7194,33980.8077,483.0410,463.7194,19.3216,0.01232650,0.01183344,19.3216,463.7194,0.01183344,19.3216,19.3216,19.3216,0.0000,0.0000,463.7194,0.01183344,57.9649,55.6772,425.0761,427.3638,0.01084732,0.0109057,0.00049306,4.6858,5.6707,0.0774,15.5820,0.2688,1264.1035,201.3548,4.5499,4.6885,2.0771,4.1543,6.1317,8.4025,10.5031,18.5864,3.9466,-2.0771,2.528253,4.474023,1.127938,29,192,48,6,0.01915741,0.01232650,0.05216444,0E-8,0.000000,0.903271,0.017936,-0.04061604,2026-05-16,2026-07-20,31,1797,733,66,0.469697,0.970424,0.970991,0.063858,,,,,,,,GLOBAL_BASELINE_NO_ENTITY_RANKING,,,NOT_APPLICABLE_GLOBAL_BASELINE,HF9g-P5,,,,X 全窗基线 · 不参与实体赏罚,8395924,840,A168_HF9F_20260827_0900,2026-08-27 09:00:00
2026-07-02,150107794,763,0,138.5766259247,-12.6415402851,-12.6415402851,0.5000000,23,16,0.47104586932777548,0.412745009375,0.23202240016313264,0.7089179844136128,0.23202240016313264,0.05830085995277548,ELIGIBLE,R03b_20260811_FULL_v1,L1_ELIGIBILITY,v2026-08-11,2026-03-21..2026-08-06,baccarat_bet02_101_all_pairs_incl_sentinel,round_win = game_pnl > 0 (decisive only),COMPATIBILITY_ONLY_NOT_PRODUCTION,39187.2093,35396.6747,483.0410,8363,6242,-0.01232650,-0.05216444,-0.01154840,-0.01232650,-483.0410,39187.2093,OK,0.0000,19.3216,4.0000,96.0000,AG03-UNRESOLVED,ALL5_LEVELS_bet23_to_bet27,19.3216,19.3216,19.3216,0.0000,0.0000,4.000000,4.000000,4.000000,0.000000,0.000000,96.000000,96.000000,96.000000,100.000000,100.000000,5.0,57.9649,55.6772,425.0761,427.3638,PENDING_AG03,FALSE,NOT_FOR_ENFORCEMENT,463.7194,33980.8077,483.0410,463.7194,19.3216,0.01232650,0.01183344,19.3216,463.7194,0.01183344,19.3216,19.3216,19.3216,0.0000,0.0000,463.7194,0.01183344,57.9649,55.6772,425.0761,427.3638,0.01084732,0.0109057,0.00049306,4.6858,5.6707,0.0774,15.5820,0.2688,1264.1035,201.3548,4.5499,4.6885,2.0771,4.1543,6.1317,8.4025,10.5031,18.5864,3.9466,-2.0771,2.528253,4.474023,1.127938,29,192,48,6,0.01915741,0.01232650,0.05216444,0E-8,0.000000,0.903271,0.017936,-0.04061604,2026-05-16,2026-07-20,31,1797,733,66,0.469697,0.970424,0.970991,0.063858,,,,,,,,GLOBAL_BASELINE_NO_ENTITY_RANKING,,,NOT_APPLICABLE_GLOBAL_BASELINE,HF9g-P5,,,,X 全窗基线 · 不参与实体赏罚,8395925,840,A168_HF9F_20260827_0900,2026-08-27 09:00:00
2026-07-02,150107794,789,0,50.0756244123,-11.6502473122,-11.6502473122,0.3333333,9,6,0.46454578730830165,0.398053225000,-0.644429258573075,-0.32386482917190457,-0.644429258573075,0.06649256230830165,ELIGIBLE,R03b_20260811_FULL_v1,L1_ELIGIBILITY,v2026-08-11,2026-03-21..2026-08-06,baccarat_bet02_101_all_pairs_incl_sentinel,round_win = game_pnl > 0 (decisive only),COMPATIBILITY_ONLY_NOT_PRODUCTION,39187.2093,35396.6747,483.0410,8363,6242,-0.01232650,-0.05216444,-0.01154840,-0.01232650,-483.0410,39187.2093,OK,0.0000,19.3216,4.0000,96.0000,AG03-UNRESOLVED,ALL5_LEVELS_bet23_to_bet27,19.3216,19.3216,19.3216,0.0000,0.0000,4.000000,4.000000,4.000000,0.000000,0.000000,96.000000,96.000000,96.000000,100.000000,100.000000,5.0,57.9649,55.6772,425.0761,427.3638,PENDING_AG03,FALSE,NOT_FOR_ENFORCEMENT,463.7194,33980.8077,483.0410,463.7194,19.3216,0.01232650,0.01183344,19.3216,463.7194,0.01183344,19.3216,19.3216,19.3216,0.0000,0.0000,463.7194,0.01183344,57.9649,55.6772,425.0761,427.3638,0.01084732,0.0109057,0.00049306,4.6858,5.6707,0.0774,15.5820,0.2688,1264.1035,201.3548,4.5499,4.6885,2.0771,4.1543,6.1317,8.4025,10.5031,18.5864,3.9466,-2.0771,2.528253,4.474023,1.127938,29,192,48,6,0.01915741,0.01232650,0.05216444,0E-8,0.000000,0.903271,0.017936,-0.04061604,2026-05-16,2026-07-20,31,1797,733,66,0.469697,0.970424,0.970991,0.063858,,,,,,,,GLOBAL_BASELINE_NO_ENTITY_RANKING,,,NOT_APPLICABLE_GLOBAL_BASELINE,HF9g-P5,,,,X 全窗基线 · 不参与实体赏罚,8395926,840,A168_HF9F_20260827_0900,2026-08-27 09:00:00
2026-07-02,150107794,925,0,24.5268364469,20.4390303724,20.4390303724,0.5000000,4,2,0.39358482500054178,0.293924150000,0.3080451378716033,0.6397330434626627,0.3080451378716033,0.09966067500054178,ELIGIBLE,R03b_20260811_FULL_v1,L1_ELIGIBILITY,v2026-08-11,2026-03-21..2026-08-06,baccarat_bet02_101_all_pairs_incl_sentinel,round_win = game_pnl > 0 (decisive only),COMPATIBILITY_ONLY_NOT_PRODUCTION,39187.2093,35396.6747,483.0410,8363,6242,-0.01232650,-0.05216444,-0.01154840,-0.01232650,-483.0410,39187.2093,OK,0.0000,19.3216,4.0000,96.0000,AG03-UNRESOLVED,ALL5_LEVELS_bet23_to_bet27,19.3216,19.3216,19.3216,0.0000,0.0000,4.000000,4.000000,4.000000,0.000000,0.000000,96.000000,96.000000,96.000000,100.000000,100.000000,5.0,57.9649,55.6772,425.0761,427.3638,PENDING_AG03,FALSE,NOT_FOR_ENFORCEMENT,463.7194,33980.8077,483.0410,463.7194,19.3216,0.01232650,0.01183344,19.3216,463.7194,0.01183344,19.3216,19.3216,19.3216,0.0000,0.0000,463.7194,0.01183344,57.9649,55.6772,425.0761,427.3638,0.01084732,0.0109057,0.00049306,4.6858,5.6707,0.0774,15.5820,0.2688,1264.1035,201.3548,4.5499,4.6885,2.0771,4.1543,6.1317,8.4025,10.5031,18.5864,3.9466,-2.0771,2.528253,4.474023,1.127938,29,192,48,6,0.01915741,0.01232650,0.05216444,0E-8,0.000000,0.903271,0.017936,-0.04061604,2026-05-16,2026-07-20,31,1797,733,66,0.469697,0.970424,0.970991,0.063858,,,,,,,,GLOBAL_BASELINE_NO_ENTITY_RANKING,,,NOT_APPLICABLE_GLOBAL_BASELINE,HF9g-P5,,,,X 全窗基线 · 不参与实体赏罚,8395927,840,A168_HF9F_20260827_0900,2026-08-27 09:00:00
2026-07-02,150107794,986,0,2.0439030372,-2.0439030372,-2.0439030372,0E-7,1,1,0.49324550000000000,0.493245500000,-0.9865810262130424,-0.9865810262130424,-0.9865810262130424,0E-17,ELIGIBLE,R03b_20260811_FULL_v1,L1_ELIGIBILITY,v2026-08-11,2026-03-21..2026-08-06,baccarat_bet02_101_all_pairs_incl_sentinel,round_win = game_pnl > 0 (decisive only),COMPATIBILITY_ONLY_NOT_PRODUCTION,39187.2093,35396.6747,483.0410,8363,6242,-0.01232650,-0.05216444,-0.01154840,-0.01232650,-483.0410,39187.2093,OK,0.0000,19.3216,4.0000,96.0000,AG03-UNRESOLVED,ALL5_LEVELS_bet23_to_bet27,19.3216,19.3216,19.3216,0.0000,0.0000,4.000000,4.000000,4.000000,0.000000,0.000000,96.000000,96.000000,96.000000,100.000000,100.000000,5.0,57.9649,55.6772,425.0761,427.3638,PENDING_AG03,FALSE,NOT_FOR_ENFORCEMENT,463.7194,33980.8077,483.0410,463.7194,19.3216,0.01232650,0.01183344,19.3216,463.7194,0.01183344,19.3216,19.3216,19.3216,0.0000,0.0000,463.7194,0.01183344,57.9649,55.6772,425.0761,427.3638,0.01084732,0.0109057,0.00049306,4.6858,5.6707,0.0774,15.5820,0.2688,1264.1035,201.3548,4.5499,4.6885,2.0771,4.1543,6.1317,8.4025,10.5031,18.5864,3.9466,-2.0771,2.528253,4.474023,1.127938,29,192,48,6,0.01915741,0.01232650,0.05216444,0E-8,0.000000,0.903271,0.017936,-0.04061604,2026-05-16,2026-07-20,31,1797,733,66,0.469697,0.970424,0.970991,0.063858,,,,,,,,GLOBAL_BASELINE_NO_ENTITY_RANKING,,,NOT_APPLICABLE_GLOBAL_BASELINE,HF9g-P5,,,,X 全窗基线 · 不参与实体赏罚,8395928,840,A168_HF9F_20260827_0900,2026-08-27 09:00:00
2026-07-03,150107794,-1,1,728.6514327755,4.7009769865,4.7009769865,0.4947368,157,102,0.44365387848898935,0.389908142647,1.0021741911583562,2.094899695758975,1.0021741911583562,0.05374573584198935,SENTINEL_DEALER,R03b_20260811_FULL_v1,L1_ELIGIBILITY,v2026-08-11,2026-03-21..2026-08-06,baccarat_bet02_101_all_pairs_incl_sentinel,round_win = game_pnl > 0 (decisive only),COMPATIBILITY_ONLY_NOT_PRODUCTION,39187.2093,35396.6747,483.0410,8363,6242,-0.01232650,-0.05216444,-0.01154840,-0.01232650,-483.0410,39187.2093,OK,0.0000,19.3216,4.0000,96.0000,AG03-UNRESOLVED,ALL5_LEVELS_bet23_to_bet27,19.3216,19.3216,19.3216,0.0000,0.0000,4.000000,4.000000,4.000000,0.000000,0.000000,96.000000,96.000000,96.000000,100.000000,100.000000,5.0,57.9649,55.6772,425.0761,427.3638,PENDING_AG03,FALSE,NOT_FOR_ENFORCEMENT,463.7194,33980.8077,483.0410,463.7194,19.3216,0.01232650,0.01183344,19.3216,463.7194,0.01183344,19.3216,19.3216,19.3216,0.0000,0.0000,463.7194,0.01183344,57.9649,55.6772,425.0761,427.3638,0.01084732,0.0109057,0.00049306,4.6858,5.6707,0.0774,15.5820,0.2688,1264.1035,201.3548,4.5499,4.6885,2.0771,4.1543,6.1317,8.4025,10.5031,18.5864,3.9466,-2.0771,2.528253,4.474023,1.127938,29,192,48,6,0.01915741,0.01232650,0.05216444,0E-8,0.000000,0.903271,0.017936,-0.04061604,2026-05-16,2026-07-20,31,1797,733,66,0.469697,0.970424,0.970991,0.063858,,,,,,,,GLOBAL_BASELINE_NO_ENTITY_RANKING,,,NOT_APPLICABLE_GLOBAL_BASELINE,HF9g-P5,,,,X 全窗基线 · 不参与实体赏罚,8395929,840,A168_HF9F_20260827_0900,2026-08-27 09:00:00
2026-07-03,150107794,1115,0,2.0439030372,2.0439030372,2.0439030372,1.0000000,1,1,0.49324550000000000,0.493245500000,1.01360149184955,1.01360149184955,1.01360149184955,0E-17,ELIGIBLE,R03b_20260811_FULL_v1,L1_ELIGIBILITY,v2026-08-11,2026-03-21..2026-08-06,baccarat_bet02_101_all_pairs_incl_sentinel,round_win = game_pnl > 0 (decisive only),COMPATIBILITY_ONLY_NOT_PRODUCTION,39187.2093,35396.6747,483.0410,8363,6242,-0.01232650,-0.05216444,-0.01154840,-0.01232650,-483.0410,39187.2093,OK,0.0000,19.3216,4.0000,96.0000,AG03-UNRESOLVED,ALL5_LEVELS_bet23_to_bet27,19.3216,19.3216,19.3216,0.0000,0.0000,4.000000,4.000000,4.000000,0.000000,0.000000,96.000000,96.000000,96.000000,100.000000,100.000000,5.0,57.9649,55.6772,425.0761,427.3638,PENDING_AG03,FALSE,NOT_FOR_ENFORCEMENT,463.7194,33980.8077,483.0410,463.7194,19.3216,0.01232650,0.01183344,19.3216,463.7194,0.01183344,19.3216,19.3216,19.3216,0.0000,0.0000,463.7194,0.01183344,57.9649,55.6772,425.0761,427.3638,0.01084732,0.0109057,0.00049306,4.6858,5.6707,0.0774,15.5820,0.2688,1264.1035,201.3548,4.5499,4.6885,2.0771,4.1543,6.1317,8.4025,10.5031,18.5864,3.9466,-2.0771,2.528253,4.474023,1.127938,29,192,48,6,0.01915741,0.01232650,0.05216444,0E-8,0.000000,0.903271,0.017936,-0.04061604,2026-05-16,2026-07-20,31,1797,733,66,0.469697,0.970424,0.970991,0.063858,,,,,,,,GLOBAL_BASELINE_NO_ENTITY_RANKING,,,NOT_APPLICABLE_GLOBAL_BASELINE,HF9g-P5,,,,X 全窗基线 · 不参与实体赏罚,8395930,840,A168_HF9F_20260827_0900,2026-08-27 09:00:00
2026-07-03,150107794,1151,0,23.0961043208,-5.7229285041,-5.7229285041,0.5000000,5,4,0.46225947500056000,0.445090812500,0.15139399126294723,0.22097326900573377,0.15139399126294723,0.01716866250056000,ELIGIBLE,R03b_20260811_FULL_v1,L1_ELIGIBILITY,v2026-08-11,2026-03-21..2026-08-06,baccarat_bet02_101_all_pairs_incl_sentinel,round_win = game_pnl > 0 (decisive only),COMPATIBILITY_ONLY_NOT_PRODUCTION,39187.2093,35396.6747,483.0410,8363,6242,-0.01232650,-0.05216444,-0.01154840,-0.01232650,-483.0410,39187.2093,OK,0.0000,19.3216,4.0000,96.0000,AG03-UNRESOLVED,ALL5_LEVELS_bet23_to_bet27,19.3216,19.3216,19.3216,0.0000,0.0000,4.000000,4.000000,4.000000,0.000000,0.000000,96.000000,96.000000,96.000000,100.000000,100.000000,5.0,57.9649,55.6772,425.0761,427.3638,PENDING_AG03,FALSE,NOT_FOR_ENFORCEMENT,463.7194,33980.8077,483.0410,463.7194,19.3216,0.01232650,0.01183344,19.3216,463.7194,0.01183344,19.3216,19.3216,19.3216,0.0000,0.0000,463.7194,0.01183344,57.9649,55.6772,425.0761,427.3638,0.01084732,0.0109057,0.00049306,4.6858,5.6707,0.0774,15.5820,0.2688,1264.1035,201.3548,4.5499,4.6885,2.0771,4.1543,6.1317,8.4025,10.5031,18.5864,3.9466,-2.0771,2.528253,4.474023,1.127938,29,192,48,6,0.01915741,0.01232650,0.05216444,0E-8,0.000000,0.903271,0.017936,-0.04061604,2026-05-16,2026-07-20,31,1797,733,66,0.469697,0.970424,0.970991,0.063858,,,,,,,,GLOBAL_BASELINE_NO_ENTITY_RANKING,,,NOT_APPLICABLE_GLOBAL_BASELINE,HF9g-P5,,,,X 全窗基线 · 不参与实体赏罚,8395931,840,A168_HF9F_20260827_0900,2026-08-27 09:00:00
2026-07-03,150107794,1205,0,6.1317091117,2.0439030373,2.0439030373,1.0000000,2,1,0.36036460000216711,0.293924150000,1.3322790069998138,1.549915577879723,1.3322790069998138,0.06644045000216711,ELIGIBLE,R03b_20260811_FULL_v1,L1_ELIGIBILITY,v2026-08-11,2026-03-21..2026-08-06,baccarat_bet02_101_all_pairs_incl_sentinel,round_win = game_pnl > 0 (decisive only),COMPATIBILITY_ONLY_NOT_PRODUCTION,39187.2093,35396.6747,483.0410,8363,6242,-0.01232650,-0.05216444,-0.01154840,-0.01232650,-483.0410,39187.2093,OK,0.0000,19.3216,4.0000,96.0000,AG03-UNRESOLVED,ALL5_LEVELS_bet23_to_bet27,19.3216,19.3216,19.3216,0.0000,0.0000,4.000000,4.000000,4.000000,0.000000,0.000000,96.000000,96.000000,96.000000,100.000000,100.000000,5.0,57.9649,55.6772,425.0761,427.3638,PENDING_AG03,FALSE,NOT_FOR_ENFORCEMENT,463.7194,33980.8077,483.0410,463.7194,19.3216,0.01232650,0.01183344,19.3216,463.7194,0.01183344,19.3216,19.3216,19.3216,0.0000,0.0000,463.7194,0.01183344,57.9649,55.6772,425.0761,427.3638,0.01084732,0.0109057,0.00049306,4.6858,5.6707,0.0774,15.5820,0.2688,1264.1035,201.3548,4.5499,4.6885,2.0771,4.1543,6.1317,8.4025,10.5031,18.5864,3.9466,-2.0771,2.528253,4.474023,1.127938,29,192,48,6,0.01915741,0.01232650,0.05216444,0E-8,0.000000,0.903271,0.017936,-0.04061604,2026-05-16,2026-07-20,31,1797,733,66,0.469697,0.970424,0.970991,0.063858,,,,,,,,GLOBAL_BASELINE_NO_ENTITY_RANKING,,,NOT_APPLICABLE_GLOBAL_BASELINE,HF9g-P5,,,,X 全窗基线 · 不参与实体赏罚,8395932,840,A168_HF9F_20260827_0900,2026-08-27 09:00:00
2026-07-03,150107794,1304,0,27.7970813063,15.3905898705,15.3905898705,0.8333333,8,6,0.39178769201285424,0.362598800000,2.215635070046382,2.398457708875249,2.215635070046382,0.02918889201285424,ELIGIBLE,R03b_20260811_FULL_v1,L1_ELIGIBILITY,v2026-08-11,2026-03-21..2026-08-06,baccarat_bet02_101_all_pairs_incl_sentinel,round_win = game_pnl > 0 (decisive only),COMPATIBILITY_ONLY_NOT_PRODUCTION,39187.2093,35396.6747,483.0410,8363,6242,-0.01232650,-0.05216444,-0.01154840,-0.01232650,-483.0410,39187.2093,OK,0.0000,19.3216,4.0000,96.0000,AG03-UNRESOLVED,ALL5_LEVELS_bet23_to_bet27,19.3216,19.3216,19.3216,0.0000,0.0000,4.000000,4.000000,4.000000,0.000000,0.000000,96.000000,96.000000,96.000000,100.000000,100.000000,5.0,57.9649,55.6772,425.0761,427.3638,PENDING_AG03,FALSE,NOT_FOR_ENFORCEMENT,463.7194,33980.8077,483.0410,463.7194,19.3216,0.01232650,0.01183344,19.3216,463.7194,0.01183344,19.3216,19.3216,19.3216,0.0000,0.0000,463.7194,0.01183344,57.9649,55.6772,425.0761,427.3638,0.01084732,0.0109057,0.00049306,4.6858,5.6707,0.0774,15.5820,0.2688,1264.1035,201.3548,4.5499,4.6885,2.0771,4.1543,6.1317,8.4025,10.5031,18.5864,3.9466,-2.0771,2.528253,4.474023,1.127938,29,192,48,6,0.01915741,0.01232650,0.05216444,0E-8,0.000000,0.903271,0.017936,-0.04061604,2026-05-16,2026-07-20,31,1797,733,66,0.469697,0.970424,0.970991,0.063858,,,,,,,,GLOBAL_BASELINE_NO_ENTITY_RANKING,,,NOT_APPLICABLE_GLOBAL_BASELINE,HF9g-P5,,,,X 全窗基线 · 不参与实体赏罚,8395933,840,A168_HF9F_20260827_0900,2026-08-27 09:00:00
2026-07-03,150107794,1325,0,4.0878060745,0E-10,0E-10,,1,1,0.50665070000000000,0.506650700000,,,,0E-17,NO_DECISIVE_ROUND,R03b_20260811_FULL_v1,L1_ELIGIBILITY,v2026-08-11,2026-03-21..2026-08-06,baccarat_bet02_101_all_pairs_incl_sentinel,round_win = game_pnl > 0 (decisive only),COMPATIBILITY_ONLY_NOT_PRODUCTION,39187.2093,35396.6747,483.0410,8363,6242,-0.01232650,-0.05216444,-0.01154840,-0.01232650,-483.0410,39187.2093,OK,0.0000,19.3216,4.0000,96.0000,AG03-UNRESOLVED,ALL5_LEVELS_bet23_to_bet27,19.3216,19.3216,19.3216,0.0000,0.0000,4.000000,4.000000,4.000000,0.000000,0.000000,96.000000,96.000000,96.000000,100.000000,100.000000,5.0,57.9649,55.6772,425.0761,427.3638,PENDING_AG03,FALSE,NOT_FOR_ENFORCEMENT,463.7194,33980.8077,483.0410,463.7194,19.3216,0.01232650,0.01183344,19.3216,463.7194,0.01183344,19.3216,19.3216,19.3216,0.0000,0.0000,463.7194,0.01183344,57.9649,55.6772,425.0761,427.3638,0.01084732,0.0109057,0.00049306,4.6858,5.6707,0.0774,15.5820,0.2688,1264.1035,201.3548,4.5499,4.6885,2.0771,4.1543,6.1317,8.4025,10.5031,18.5864,3.9466,-2.0771,2.528253,4.474023,1.127938,29,192,48,6,0.01915741,0.01232650,0.05216444,0E-8,0.000000,0.903271,0.017936,-0.04061604,2026-05-16,2026-07-20,31,1797,733,66,0.469697,0.970424,0.970991,0.063858,,,,,,,,GLOBAL_BASELINE_NO_ENTITY_RANKING,,,NOT_APPLICABLE_GLOBAL_BASELINE,HF9g-P5,,,,X 全窗基线 · 不参与实体赏罚,8395934,840,A168_HF9F_20260827_0900,2026-08-27 09:00:00
2026-07-03,150107794,1330,0,139.8029677470,-38.4866941911,-38.4866941911,0.3333333,20,12,0.45067203722637013,0.365391550000,-0.8169317030408934,-0.23062044598787662,-0.8169317030408934,0.08528048722637013,ELIGIBLE,R03b_20260811_FULL_v1,L1_ELIGIBILITY,v2026-08-11,2026-03-21..2026-08-06,baccarat_bet02_101_all_pairs_incl_sentinel,round_win = game_pnl > 0 (decisive only),COMPATIBILITY_ONLY_NOT_PRODUCTION,39187.2093,35396.6747,483.0410,8363,6242,-0.01232650,-0.05216444,-0.01154840,-0.01232650,-483.0410,39187.2093,OK,0.0000,19.3216,4.0000,96.0000,AG03-UNRESOLVED,ALL5_LEVELS_bet23_to_bet27,19.3216,19.3216,19.3216,0.0000,0.0000,4.000000,4.000000,4.000000,0.000000,0.000000,96.000000,96.000000,96.000000,100.000000,100.000000,5.0,57.9649,55.6772,425.0761,427.3638,PENDING_AG03,FALSE,NOT_FOR_ENFORCEMENT,463.7194,33980.8077,483.0410,463.7194,19.3216,0.01232650,0.01183344,19.3216,463.7194,0.01183344,19.3216,19.3216,19.3216,0.0000,0.0000,463.7194,0.01183344,57.9649,55.6772,425.0761,427.3638,0.01084732,0.0109057,0.00049306,4.6858,5.6707,0.0774,15.5820,0.2688,1264.1035,201.3548,4.5499,4.6885,2.0771,4.1543,6.1317,8.4025,10.5031,18.5864,3.9466,-2.0771,2.528253,4.474023,1.127938,29,192,48,6,0.01915741,0.01232650,0.05216444,0E-8,0.000000,0.903271,0.017936,-0.04061604,2026-05-16,2026-07-20,31,1797,733,66,0.469697,0.970424,0.970991,0.063858,,,,,,,,GLOBAL_BASELINE_NO_ENTITY_RANKING,,,NOT_APPLICABLE_GLOBAL_BASELINE,HF9g-P5,,,,X 全窗基线 · 不参与实体赏罚,8395935,840,A168_HF9F_20260827_0900,2026-08-27 09:00:00
2026-07-03,150107794,1383,0,12.2634182234,-12.2634182234,-12.2634182234,0E-7,3,2,0.36259879999888001,0.396936125000,-1.0666495161558147,-1.1473440127882213,-1.0666495161558147,-0.03433732500111999,ELIGIBLE,R03b_20260811_FULL_v1,L1_ELIGIBILITY,v2026-08-11,2026-03-21..2026-08-06,baccarat_bet02_101_all_pairs_incl_sentinel,round_win = game_pnl > 0 (decisive only),COMPATIBILITY_ONLY_NOT_PRODUCTION,39187.2093,35396.6747,483.0410,8363,6242,-0.01232650,-0.05216444,-0.01154840,-0.01232650,-483.0410,39187.2093,OK,0.0000,19.3216,4.0000,96.0000,AG03-UNRESOLVED,ALL5_LEVELS_bet23_to_bet27,19.3216,19.3216,19.3216,0.0000,0.0000,4.000000,4.000000,4.000000,0.000000,0.000000,96.000000,96.000000,96.000000,100.000000,100.000000,5.0,57.9649,55.6772,425.0761,427.3638,PENDING_AG03,FALSE,NOT_FOR_ENFORCEMENT,463.7194,33980.8077,483.0410,463.7194,19.3216,0.01232650,0.01183344,19.3216,463.7194,0.01183344,19.3216,19.3216,19.3216,0.0000,0.0000,463.7194,0.01183344,57.9649,55.6772,425.0761,427.3638,0.01084732,0.0109057,0.00049306,4.6858,5.6707,0.0774,15.5820,0.2688,1264.1035,201.3548,4.5499,4.6885,2.0771,4.1543,6.1317,8.4025,10.5031,18.5864,3.9466,-2.0771,2.528253,4.474023,1.127938,29,192,48,6,0.01915741,0.01232650,0.05216444,0E-8,0.000000,0.903271,0.017936,-0.04061604,2026-05-16,2026-07-20,31,1797,733,66,0.469697,0.970424,0.970991,0.063858,,,,,,,,GLOBAL_BASELINE_NO_ENTITY_RANKING,,,NOT_APPLICABLE_GLOBAL_BASELINE,HF9g-P5,,,,X 全窗基线 · 不参与实体赏罚,8395936,840,A168_HF9F_20260827_0900,2026-08-27 09:00:00
2026-07-03,150107794,1384,0,40.8780607447,-29.3197890691,-29.3197890691,0.2500000,8,4,0.39503393706448221,0.295599800000,-0.5933581640799813,-0.19986241475039554,-0.5933581640799813,0.09943413706448221,ELIGIBLE,R03b_20260811_FULL_v1,L1_ELIGIBILITY,v2026-08-11,2026-03-21..2026-08-06,baccarat_bet02_101_all_pairs_incl_sentinel,round_win = game_pnl > 0 (decisive only),COMPATIBILITY_ONLY_NOT_PRODUCTION,39187.2093,35396.6747,483.0410,8363,6242,-0.01232650,-0.05216444,-0.01154840,-0.01232650,-483.0410,39187.2093,OK,0.0000,19.3216,4.0000,96.0000,AG03-UNRESOLVED,ALL5_LEVELS_bet23_to_bet27,19.3216,19.3216,19.3216,0.0000,0.0000,4.000000,4.000000,4.000000,0.000000,0.000000,96.000000,96.000000,96.000000,100.000000,100.000000,5.0,57.9649,55.6772,425.0761,427.3638,PENDING_AG03,FALSE,NOT_FOR_ENFORCEMENT,463.7194,33980.8077,483.0410,463.7194,19.3216,0.01232650,0.01183344,19.3216,463.7194,0.01183344,19.3216,19.3216,19.3216,0.0000,0.0000,463.7194,0.01183344,57.9649,55.6772,425.0761,427.3638,0.01084732,0.0109057,0.00049306,4.6858,5.6707,0.0774,15.5820,0.2688,1264.1035,201.3548,4.5499,4.6885,2.0771,4.1543,6.1317,8.4025,10.5031,18.5864,3.9466,-2.0771,2.528253,4.474023,1.127938,29,192,48,6,0.01915741,0.01232650,0.05216444,0E-8,0.000000,0.903271,0.017936,-0.04061604,2026-05-16,2026-07-20,31,1797,733,66,0.469697,0.970424,0.970991,0.063858,,,,,,,,GLOBAL_BASELINE_NO_ENTITY_RANKING,,,NOT_APPLICABLE_GLOBAL_BASELINE,HF9g-P5,,,,X 全窗基线 · 不参与实体赏罚,8395937,840,A168_HF9F_20260827_0900,2026-08-27 09:00:00
2026-07-03,150107794,1385,0,22.4829334096,-6.1317091116,-6.1317091116,0.5000000,4,2,0.42016100500132194,0.293924150000,0.22875388483046674,0.6397330434626627,0.22875388483046674,0.12623685500132194,ELIGIBLE,R03b_20260811_FULL_v1,L1_ELIGIBILITY,v2026-08-11,2026-03-21..2026-08-06,baccarat_bet02_101_all_pairs_incl_sentinel,round_win = game_pnl > 0 (decisive only),COMPATIBILITY_ONLY_NOT_PRODUCTION,39187.2093,35396.6747,483.0410,8363,6242,-0.01232650,-0.05216444,-0.01154840,-0.01232650,-483.0410,39187.2093,OK,0.0000,19.3216,4.0000,96.0000,AG03-UNRESOLVED,ALL5_LEVELS_bet23_to_bet27,19.3216,19.3216,19.3216,0.0000,0.0000,4.000000,4.000000,4.000000,0.000000,0.000000,96.000000,96.000000,96.000000,100.000000,100.000000,5.0,57.9649,55.6772,425.0761,427.3638,PENDING_AG03,FALSE,NOT_FOR_ENFORCEMENT,463.7194,33980.8077,483.0410,463.7194,19.3216,0.01232650,0.01183344,19.3216,463.7194,0.01183344,19.3216,19.3216,19.3216,0.0000,0.0000,463.7194,0.01183344,57.9649,55.6772,425.0761,427.3638,0.01084732,0.0109057,0.00049306,4.6858,5.6707,0.0774,15.5820,0.2688,1264.1035,201.3548,4.5499,4.6885,2.0771,4.1543,6.1317,8.4025,10.5031,18.5864,3.9466,-2.0771,2.528253,4.474023,1.127938,29,192,48,6,0.01915741,0.01232650,0.05216444,0E-8,0.000000,0.903271,0.017936,-0.04061604,2026-05-16,2026-07-20,31,1797,733,66,0.469697,0.970424,0.970991,0.063858,,,,,,,,GLOBAL_BASELINE_NO_ENTITY_RANKING,,,NOT_APPLICABLE_GLOBAL_BASELINE,HF9g-P5,,,,X 全窗基线 · 不参与实体赏罚,8395938,840,A168_HF9F_20260827_0900,2026-08-27 09:00:00
2026-07-03,150107794,1401,0,73.5805093404,-8.7887830600,-8.7887830600,0.5555556,16,9,0.41982116888979107,0.340451983333,0.8250837494063853,1.3618138095928116,0.8250837494063853,0.07936918555679107,ELIGIBLE,R03b_20260811_FULL_v1,L1_ELIGIBILITY,v2026-08-11,2026-03-21..2026-08-06,baccarat_bet02_101_all_pairs_incl_sentinel,round_win = game_pnl > 0 (decisive only),COMPATIBILITY_ONLY_NOT_PRODUCTION,39187.2093,35396.6747,483.0410,8363,6242,-0.01232650,-0.05216444,-0.01154840,-0.01232650,-483.0410,39187.2093,OK,0.0000,19.3216,4.0000,96.0000,AG03-UNRESOLVED,ALL5_LEVELS_bet23_to_bet27,19.3216,19.3216,19.3216,0.0000,0.0000,4.000000,4.000000,4.000000,0.000000,0.000000,96.000000,96.000000,96.000000,100.000000,100.000000,5.0,57.9649,55.6772,425.0761,427.3638,PENDING_AG03,FALSE,NOT_FOR_ENFORCEMENT,463.7194,33980.8077,483.0410,463.7194,19.3216,0.01232650,0.01183344,19.3216,463.7194,0.01183344,19.3216,19.3216,19.3216,0.0000,0.0000,463.7194,0.01183344,57.9649,55.6772,425.0761,427.3638,0.01084732,0.0109057,0.00049306,4.6858,5.6707,0.0774,15.5820,0.2688,1264.1035,201.3548,4.5499,4.6885,2.0771,4.1543,6.1317,8.4025,10.5031,18.5864,3.9466,-2.0771,2.528253,4.474023,1.127938,29,192,48,6,0.01915741,0.01232650,0.05216444,0E-8,0.000000,0.903271,0.017936,-0.04061604,2026-05-16,2026-07-20,31,1797,733,66,0.469697,0.970424,0.970991,0.063858,,,,,,,,GLOBAL_BASELINE_NO_ENTITY_RANKING,,,NOT_APPLICABLE_GLOBAL_BASELINE,HF9g-P5,,,,X 全窗基线 · 不参与实体赏罚,8395939,840,A168_HF9F_20260827_0900,2026-08-27 09:00:00
2026-07-03,150107794,1702,0,62.1346523320,-12.1612230715,-12.1612230715,0.4285714,12,7,0.42809429428605956,0.352788135714,0.002551277566379422,0.4196065619764421,0.002551277566379422,0.07530615857205956,ELIGIBLE,R03b_20260811_FULL_v1,L1_ELIGIBILITY,v2026-08-11,2026-03-21..2026-08-06,baccarat_bet02_101_all_pairs_incl_sentinel,round_win = game_pnl > 0 (decisive only),COMPATIBILITY_ONLY_NOT_PRODUCTION,39187.2093,35396.6747,483.0410,8363,6242,-0.01232650,-0.05216444,-0.01154840,-0.01232650,-483.0410,39187.2093,OK,0.0000,19.3216,4.0000,96.0000,AG03-UNRESOLVED,ALL5_LEVELS_bet23_to_bet27,19.3216,19.3216,19.3216,0.0000,0.0000,4.000000,4.000000,4.000000,0.000000,0.000000,96.000000,96.000000,96.000000,100.000000,100.000000,5.0,57.9649,55.6772,425.0761,427.3638,PENDING_AG03,FALSE,NOT_FOR_ENFORCEMENT,463.7194,33980.8077,483.0410,463.7194,19.3216,0.01232650,0.01183344,19.3216,463.7194,0.01183344,19.3216,19.3216,19.3216,0.0000,0.0000,463.7194,0.01183344,57.9649,55.6772,425.0761,427.3638,0.01084732,0.0109057,0.00049306,4.6858,5.6707,0.0774,15.5820,0.2688,1264.1035,201.3548,4.5499,4.6885,2.0771,4.1543,6.1317,8.4025,10.5031,18.5864,3.9466,-2.0771,2.528253,4.474023,1.127938,29,192,48,6,0.01915741,0.01232650,0.05216444,0E-8,0.000000,0.903271,0.017936,-0.04061604,2026-05-16,2026-07-20,31,1797,733,66,0.469697,0.970424,0.970991,0.063858,,,,,,,,GLOBAL_BASELINE_NO_ENTITY_RANKING,,,NOT_APPLICABLE_GLOBAL_BASELINE,HF9g-P5,,,,X 全窗基线 · 不参与实体赏罚,8395940,840,A168_HF9F_20260827_0900,2026-08-27 09:00:00
2026-07-03,150107794,1942,0,15.5336630829,10.3217103381,10.3217103381,0.6666667,5,3,0.41351926581212126,0.369301400000,0.8903471050485215,1.0672089453545757,0.8903471050485215,0.04421786581212126,ELIGIBLE,R03b_20260811_FULL_v1,L1_ELIGIBILITY,v2026-08-11,2026-03-21..2026-08-06,baccarat_bet02_101_all_pairs_incl_sentinel,round_win = game_pnl > 0 (decisive only),COMPATIBILITY_ONLY_NOT_PRODUCTION,39187.2093,35396.6747,483.0410,8363,6242,-0.01232650,-0.05216444,-0.01154840,-0.01232650,-483.0410,39187.2093,OK,0.0000,19.3216,4.0000,96.0000,AG03-UNRESOLVED,ALL5_LEVELS_bet23_to_bet27,19.3216,19.3216,19.3216,0.0000,0.0000,4.000000,4.000000,4.000000,0.000000,0.000000,96.000000,96.000000,96.000000,100.000000,100.000000,5.0,57.9649,55.6772,425.0761,427.3638,PENDING_AG03,FALSE,NOT_FOR_ENFORCEMENT,463.7194,33980.8077,483.0410,463.7194,19.3216,0.01232650,0.01183344,19.3216,463.7194,0.01183344,19.3216,19.3216,19.3216,0.0000,0.0000,463.7194,0.01183344,57.9649,55.6772,425.0761,427.3638,0.01084732,0.0109057,0.00049306,4.6858,5.6707,0.0774,15.5820,0.2688,1264.1035,201.3548,4.5499,4.6885,2.0771,4.1543,6.1317,8.4025,10.5031,18.5864,3.9466,-2.0771,2.528253,4.474023,1.127938,29,192,48,6,0.01915741,0.01232650,0.05216444,0E-8,0.000000,0.903271,0.017936,-0.04061604,2026-05-16,2026-07-20,31,1797,733,66,0.469697,0.970424,0.970991,0.063858,,,,,,,,GLOBAL_BASELINE_NO_ENTITY_RANKING,,,NOT_APPLICABLE_GLOBAL_BASELINE,HF9g-P5,,,,X 全窗基线 · 不参与实体赏罚,8395941,840,A168_HF9F_20260827_0900,2026-08-27 09:00:00
2026-07-03,150107794,1947,0,23.5048849282,14.3073212608,14.3073212608,0.3333333,6,4,0.34019710624994167,0.297275450000,-0.025092915177979066,0.13664343499462528,-0.025092915177979066,0.04292165624994167,ELIGIBLE,R03b_20260811_FULL_v1,L1_ELIGIBILITY,v2026-08-11,2026-03-21..2026-08-06,baccarat_bet02_101_all_pairs_incl_sentinel,round_win = game_pnl > 0 (decisive only),COMPATIBILITY_ONLY_NOT_PRODUCTION,39187.2093,35396.6747,483.0410,8363,6242,-0.01232650,-0.05216444,-0.01154840,-0.01232650,-483.0410,39187.2093,OK,0.0000,19.3216,4.0000,96.0000,AG03-UNRESOLVED,ALL5_LEVELS_bet23_to_bet27,19.3216,19.3216,19.3216,0.0000,0.0000,4.000000,4.000000,4.000000,0.000000,0.000000,96.000000,96.000000,96.000000,100.000000,100.000000,5.0,57.9649,55.6772,425.0761,427.3638,PENDING_AG03,FALSE,NOT_FOR_ENFORCEMENT,463.7194,33980.8077,483.0410,463.7194,19.3216,0.01232650,0.01183344,19.3216,463.7194,0.01183344,19.3216,19.3216,19.3216,0.0000,0.0000,463.7194,0.01183344,57.9649,55.6772,425.0761,427.3638,0.01084732,0.0109057,0.00049306,4.6858,5.6707,0.0774,15.5820,0.2688,1264.1035,201.3548,4.5499,4.6885,2.0771,4.1543,6.1317,8.4025,10.5031,18.5864,3.9466,-2.0771,2.528253,4.474023,1.127938,29,192,48,6,0.01915741,0.01232650,0.05216444,0E-8,0.000000,0.903271,0.017936,-0.04061604,2026-05-16,2026-07-20,31,1797,733,66,0.469697,0.970424,0.970991,0.063858,,,,,,,,GLOBAL_BASELINE_NO_ENTITY_RANKING,,,NOT_APPLICABLE_GLOBAL_BASELINE,HF9g-P5,,,,X 全窗基线 · 不参与实体赏罚,8395942,840,A168_HF9F_20260827_0900,2026-08-27 09:00:00
2026-07-03,150107794,1966,0,6.1317091117,-6.1317091117,-6.1317091117,0E-7,2,2,0.49324550000000000,0.493245500000,-1.3952362676504506,-1.3952362676504506,-1.3952362676504506,0E-17,ELIGIBLE,R03b_20260811_FULL_v1,L1_ELIGIBILITY,v2026-08-11,2026-03-21..2026-08-06,baccarat_bet02_101_all_pairs_incl_sentinel,round_win = game_pnl > 0 (decisive only),COMPATIBILITY_ONLY_NOT_PRODUCTION,39187.2093,35396.6747,483.0410,8363,6242,-0.01232650,-0.05216444,-0.01154840,-0.01232650,-483.0410,39187.2093,OK,0.0000,19.3216,4.0000,96.0000,AG03-UNRESOLVED,ALL5_LEVELS_bet23_to_bet27,19.3216,19.3216,19.3216,0.0000,0.0000,4.000000,4.000000,4.000000,0.000000,0.000000,96.000000,96.000000,96.000000,100.000000,100.000000,5.0,57.9649,55.6772,425.0761,427.3638,PENDING_AG03,FALSE,NOT_FOR_ENFORCEMENT,463.7194,33980.8077,483.0410,463.7194,19.3216,0.01232650,0.01183344,19.3216,463.7194,0.01183344,19.3216,19.3216,19.3216,0.0000,0.0000,463.7194,0.01183344,57.9649,55.6772,425.0761,427.3638,0.01084732,0.0109057,0.00049306,4.6858,5.6707,0.0774,15.5820,0.2688,1264.1035,201.3548,4.5499,4.6885,2.0771,4.1543,6.1317,8.4025,10.5031,18.5864,3.9466,-2.0771,2.528253,4.474023,1.127938,29,192,48,6,0.01915741,0.01232650,0.05216444,0E-8,0.000000,0.903271,0.017936,-0.04061604,2026-05-16,2026-07-20,31,1797,733,66,0.469697,0.970424,0.970991,0.063858,,,,,,,,GLOBAL_BASELINE_NO_ENTITY_RANKING,,,NOT_APPLICABLE_GLOBAL_BASELINE,HF9g-P5,,,,X 全窗基线 · 不参与实体赏罚,8395943,840,A168_HF9F_20260827_0900,2026-08-27 09:00:00
2026-07-03,150107794,2088,0,14.3073212607,-12.2634182235,-12.2634182235,0E-7,4,4,0.50329940000000000,0.503299400000,-1.743518224870635,-1.743518224870635,-1.743518224870635,0E-17,ELIGIBLE,R03b_20260811_FULL_v1,L1_ELIGIBILITY,v2026-08-11,2026-03-21..2026-08-06,baccarat_bet02_101_all_pairs_incl_sentinel,round_win = game_pnl > 0 (decisive only),COMPATIBILITY_ONLY_NOT_PRODUCTION,39187.2093,35396.6747,483.0410,8363,6242,-0.01232650,-0.05216444,-0.01154840,-0.01232650,-483.0410,39187.2093,OK,0.0000,19.3216,4.0000,96.0000,AG03-UNRESOLVED,ALL5_LEVELS_bet23_to_bet27,19.3216,19.3216,19.3216,0.0000,0.0000,4.000000,4.000000,4.000000,0.000000,0.000000,96.000000,96.000000,96.000000,100.000000,100.000000,5.0,57.9649,55.6772,425.0761,427.3638,PENDING_AG03,FALSE,NOT_FOR_ENFORCEMENT,463.7194,33980.8077,483.0410,463.7194,19.3216,0.01232650,0.01183344,19.3216,463.7194,0.01183344,19.3216,19.3216,19.3216,0.0000,0.0000,463.7194,0.01183344,57.9649,55.6772,425.0761,427.3638,0.01084732,0.0109057,0.00049306,4.6858,5.6707,0.0774,15.5820,0.2688,1264.1035,201.3548,4.5499,4.6885,2.0771,4.1543,6.1317,8.4025,10.5031,18.5864,3.9466,-2.0771,2.528253,4.474023,1.127938,29,192,48,6,0.01915741,0.01232650,0.05216444,0E-8,0.000000,0.903271,0.017936,-0.04061604,2026-05-16,2026-07-20,31,1797,733,66,0.469697,0.970424,0.970991,0.063858,,,,,,,,GLOBAL_BASELINE_NO_ENTITY_RANKING,,,NOT_APPLICABLE_GLOBAL_BASELINE,HF9g-P5,,,,X 全窗基线 · 不参与实体赏罚,8395944,840,A168_HF9F_20260827_0900,2026-08-27 09:00:00
2026-07-03,150107794,2093,0,22.2785431059,17.0870293913,17.0870293913,1.0000000,5,4,0.48017426275478718,0.451793412500,2.0809394600151525,2.2030896666947726,2.0809394600151525,0.02838085025478718,ELIGIBLE,R03b_20260811_FULL_v1,L1_ELIGIBILITY,v2026-08-11,2026-03-21..2026-08-06,baccarat_bet02_101_all_pairs_incl_sentinel,round_win = game_pnl > 0 (decisive only),COMPATIBILITY_ONLY_NOT_PRODUCTION,39187.2093,35396.6747,483.0410,8363,6242,-0.01232650,-0.05216444,-0.01154840,-0.01232650,-483.0410,39187.2093,OK,0.0000,19.3216,4.0000,96.0000,AG03-UNRESOLVED,ALL5_LEVELS_bet23_to_bet27,19.3216,19.3216,19.3216,0.0000,0.0000,4.000000,4.000000,4.000000,0.000000,0.000000,96.000000,96.000000,96.000000,100.000000,100.000000,5.0,57.9649,55.6772,425.0761,427.3638,PENDING_AG03,FALSE,NOT_FOR_ENFORCEMENT,463.7194,33980.8077,483.0410,463.7194,19.3216,0.01232650,0.01183344,19.3216,463.7194,0.01183344,19.3216,19.3216,19.3216,0.0000,0.0000,463.7194,0.01183344,57.9649,55.6772,425.0761,427.3638,0.01084732,0.0109057,0.00049306,4.6858,5.6707,0.0774,15.5820,0.2688,1264.1035,201.3548,4.5499,4.6885,2.0771,4.1543,6.1317,8.4025,10.5031,18.5864,3.9466,-2.0771,2.528253,4.474023,1.127938,29,192,48,6,0.01915741,0.01232650,0.05216444,0E-8,0.000000,0.903271,0.017936,-0.04061604,2026-05-16,2026-07-20,31,1797,733,66,0.469697,0.970424,0.970991,0.063858,,,,,,,,GLOBAL_BASELINE_NO_ENTITY_RANKING,,,NOT_APPLICABLE_GLOBAL_BASELINE,HF9g-P5,,,,X 全窗基线 · 不参与实体赏罚,8395945,840,A168_HF9F_20260827_0900,2026-08-27 09:00:00
2026-07-03,150107794,2106,0,52.3239177532,-25.4772513591,-25.4772513591,0.4545455,13,11,0.47349378545466916,0.463707854545,-0.1258659942048007,-0.06093722118624015,-0.1258659942048007,0.00978593090966916,ELIGIBLE,R03b_20260811_FULL_v1,L1_ELIGIBILITY,v2026-08-11,2026-03-21..2026-08-06,baccarat_bet02_101_all_pairs_incl_sentinel,round_win = game_pnl > 0 (decisive only),COMPATIBILITY_ONLY_NOT_PRODUCTION,39187.2093,35396.6747,483.0410,8363,6242,-0.01232650,-0.05216444,-0.01154840,-0.01232650,-483.0410,39187.2093,OK,0.0000,19.3216,4.0000,96.0000,AG03-UNRESOLVED,ALL5_LEVELS_bet23_to_bet27,19.3216,19.3216,19.3216,0.0000,0.0000,4.000000,4.000000,4.000000,0.000000,0.000000,96.000000,96.000000,96.000000,100.000000,100.000000,5.0,57.9649,55.6772,425.0761,427.3638,PENDING_AG03,FALSE,NOT_FOR_ENFORCEMENT,463.7194,33980.8077,483.0410,463.7194,19.3216,0.01232650,0.01183344,19.3216,463.7194,0.01183344,19.3216,19.3216,19.3216,0.0000,0.0000,463.7194,0.01183344,57.9649,55.6772,425.0761,427.3638,0.01084732,0.0109057,0.00049306,4.6858,5.6707,0.0774,15.5820,0.2688,1264.1035,201.3548,4.5499,4.6885,2.0771,4.1543,6.1317,8.4025,10.5031,18.5864,3.9466,-2.0771,2.528253,4.474023,1.127938,29,192,48,6,0.01915741,0.01232650,0.05216444,0E-8,0.000000,0.903271,0.017936,-0.04061604,2026-05-16,2026-07-20,31,1797,733,66,0.469697,0.970424,0.970991,0.063858,,,,,,,,GLOBAL_BASELINE_NO_ENTITY_RANKING,,,NOT_APPLICABLE_GLOBAL_BASELINE,HF9g-P5,,,,X 全窗基线 · 不参与实体赏罚,8395946,840,A168_HF9F_20260827_0900,2026-08-27 09:00:00
2026-07-03,150107794,2108,0,8.1756121489,-8.1756121489,-8.1756121489,0E-7,2,1,0.40363872500125999,0.300626750000,-0.8227003755328068,-0.655630731788307,-0.8227003755328068,0.10301197500125999,ELIGIBLE,R03b_20260811_FULL_v1,L1_ELIGIBILITY,v2026-08-11,2026-03-21..2026-08-06,baccarat_bet02_101_all_pairs_incl_sentinel,round_win = game_pnl > 0 (decisive only),COMPATIBILITY_ONLY_NOT_PRODUCTION,39187.2093,35396.6747,483.0410,8363,6242,-0.01232650,-0.05216444,-0.01154840,-0.01232650,-483.0410,39187.2093,OK,0.0000,19.3216,4.0000,96.0000,AG03-UNRESOLVED,ALL5_LEVELS_bet23_to_bet27,19.3216,19.3216,19.3216,0.0000,0.0000,4.000000,4.000000,4.000000,0.000000,0.000000,96.000000,96.000000,96.000000,100.000000,100.000000,5.0,57.9649,55.6772,425.0761,427.3638,PENDING_AG03,FALSE,NOT_FOR_ENFORCEMENT,463.7194,33980.8077,483.0410,463.7194,19.3216,0.01232650,0.01183344,19.3216,463.7194,0.01183344,19.3216,19.3216,19.3216,0.0000,0.0000,463.7194,0.01183344,57.9649,55.6772,425.0761,427.3638,0.01084732,0.0109057,0.00049306,4.6858,5.6707,0.0774,15.5820,0.2688,1264.1035,201.3548,4.5499,4.6885,2.0771,4.1543,6.1317,8.4025,10.5031,18.5864,3.9466,-2.0771,2.528253,4.474023,1.127938,29,192,48,6,0.01915741,0.01232650,0.05216444,0E-8,0.000000,0.903271,0.017936,-0.04061604,2026-05-16,2026-07-20,31,1797,733,66,0.469697,0.970424,0.970991,0.063858,,,,,,,,GLOBAL_BASELINE_NO_ENTITY_RANKING,,,NOT_APPLICABLE_GLOBAL_BASELINE,HF9g-P5,,,,X 全窗基线 · 不参与实体赏罚,8395947,840,A168_HF9F_20260827_0900,2026-08-27 09:00:00
2026-07-03,150107794,2117,0,4.0878060744,-0.1021951518,-0.1021951518,0.5000000,2,2,0.30062675000000000,0.300626750000,0.6149128471998733,0.6149128471998733,0.6149128471998733,0E-17,ELIGIBLE,R03b_20260811_FULL_v1,L1_ELIGIBILITY,v2026-08-11,2026-03-21..2026-08-06,baccarat_bet02_101_all_pairs_incl_sentinel,round_win = game_pnl > 0 (decisive only),COMPATIBILITY_ONLY_NOT_PRODUCTION,39187.2093,35396.6747,483.0410,8363,6242,-0.01232650,-0.05216444,-0.01154840,-0.01232650,-483.0410,39187.2093,OK,0.0000,19.3216,4.0000,96.0000,AG03-UNRESOLVED,ALL5_LEVELS_bet23_to_bet27,19.3216,19.3216,19.3216,0.0000,0.0000,4.000000,4.000000,4.000000,0.000000,0.000000,96.000000,96.000000,96.000000,100.000000,100.000000,5.0,57.9649,55.6772,425.0761,427.3638,PENDING_AG03,FALSE,NOT_FOR_ENFORCEMENT,463.7194,33980.8077,483.0410,463.7194,19.3216,0.01232650,0.01183344,19.3216,463.7194,0.01183344,19.3216,19.3216,19.3216,0.0000,0.0000,463.7194,0.01183344,57.9649,55.6772,425.0761,427.3638,0.01084732,0.0109057,0.00049306,4.6858,5.6707,0.0774,15.5820,0.2688,1264.1035,201.3548,4.5499,4.6885,2.0771,4.1543,6.1317,8.4025,10.5031,18.5864,3.9466,-2.0771,2.528253,4.474023,1.127938,29,192,48,6,0.01915741,0.01232650,0.05216444,0E-8,0.000000,0.903271,0.017936,-0.04061604,2026-05-16,2026-07-20,31,1797,733,66,0.469697,0.970424,0.970991,0.063858,,,,,,,,GLOBAL_BASELINE_NO_ENTITY_RANKING,,,NOT_APPLICABLE_GLOBAL_BASELINE,HF9g-P5,,,,X 全窗基线 · 不参与实体赏罚,8395948,840,A168_HF9F_20260827_0900,2026-08-27 09:00:00
2026-07-03,150107794,2123,0,4.0878060745,3.8834157708,3.8834157708,1.0000000,1,1,0.50665070000000000,0.506650700000,0.9867858985152569,0.9867858985152569,0.9867858985152569,0E-17,ELIGIBLE,R03b_20260811_FULL_v1,L1_ELIGIBILITY,v2026-08-11,2026-03-21..2026-08-06,baccarat_bet02_101_all_pairs_incl_sentinel,round_win = game_pnl > 0 (decisive only),COMPATIBILITY_ONLY_NOT_PRODUCTION,39187.2093,35396.6747,483.0410,8363,6242,-0.01232650,-0.05216444,-0.01154840,-0.01232650,-483.0410,39187.2093,OK,0.0000,19.3216,4.0000,96.0000,AG03-UNRESOLVED,ALL5_LEVELS_bet23_to_bet27,19.3216,19.3216,19.3216,0.0000,0.0000,4.000000,4.000000,4.000000,0.000000,0.000000,96.000000,96.000000,96.000000,100.000000,100.000000,5.0,57.9649,55.6772,425.0761,427.3638,PENDING_AG03,FALSE,NOT_FOR_ENFORCEMENT,463.7194,33980.8077,483.0410,463.7194,19.3216,0.01232650,0.01183344,19.3216,463.7194,0.01183344,19.3216,19.3216,19.3216,0.0000,0.0000,463.7194,0.01183344,57.9649,55.6772,425.0761,427.3638,0.01084732,0.0109057,0.00049306,4.6858,5.6707,0.0774,15.5820,0.2688,1264.1035,201.3548,4.5499,4.6885,2.0771,4.1543,6.1317,8.4025,10.5031,18.5864,3.9466,-2.0771,2.528253,4.474023,1.127938,29,192,48,6,0.01915741,0.01232650,0.05216444,0E-8,0.000000,0.903271,0.017936,-0.04061604,2026-05-16,2026-07-20,31,1797,733,66,0.469697,0.970424,0.970991,0.063858,,,,,,,,GLOBAL_BASELINE_NO_ENTITY_RANKING,,,NOT_APPLICABLE_GLOBAL_BASELINE,HF9g-P5,,,,X 全窗基线 · 不参与实体赏罚,8395949,840,A168_HF9F_20260827_0900,2026-08-27 09:00:00
2026-07-03,150107794,2129,0,26.5707394841,-26.5707394841,-26.5707394841,0E-7,5,3,0.42355134166708666,0.367067200000,-1.4846816534621476,-1.3190298251603998,-1.4846816534621476,0.05648414166708666,ELIGIBLE,R03b_20260811_FULL_v1,L1_ELIGIBILITY,v2026-08-11,2026-03-21..2026-08-06,baccarat_bet02_101_all_pairs_incl_sentinel,round_win = game_pnl > 0 (decisive only),COMPATIBILITY_ONLY_NOT_PRODUCTION,39187.2093,35396.6747,483.0410,8363,6242,-0.01232650,-0.05216444,-0.01154840,-0.01232650,-483.0410,39187.2093,OK,0.0000,19.3216,4.0000,96.0000,AG03-UNRESOLVED,ALL5_LEVELS_bet23_to_bet27,19.3216,19.3216,19.3216,0.0000,0.0000,4.000000,4.000000,4.000000,0.000000,0.000000,96.000000,96.000000,96.000000,100.000000,100.000000,5.0,57.9649,55.6772,425.0761,427.3638,PENDING_AG03,FALSE,NOT_FOR_ENFORCEMENT,463.7194,33980.8077,483.0410,463.7194,19.3216,0.01232650,0.01183344,19.3216,463.7194,0.01183344,19.3216,19.3216,19.3216,0.0000,0.0000,463.7194,0.01183344,57.9649,55.6772,425.0761,427.3638,0.01084732,0.0109057,0.00049306,4.6858,5.6707,0.0774,15.5820,0.2688,1264.1035,201.3548,4.5499,4.6885,2.0771,4.1543,6.1317,8.4025,10.5031,18.5864,3.9466,-2.0771,2.528253,4.474023,1.127938,29,192,48,6,0.01915741,0.01232650,0.05216444,0E-8,0.000000,0.903271,0.017936,-0.04061604,2026-05-16,2026-07-20,31,1797,733,66,0.469697,0.970424,0.970991,0.063858,,,,,,,,GLOBAL_BASELINE_NO_ENTITY_RANKING,,,NOT_APPLICABLE_GLOBAL_BASELINE,HF9g-P5,,,,X 全窗基线 · 不参与实体赏罚,8395950,840,A168_HF9F_20260827_0900,2026-08-27 09:00:00
2026-07-03,150107794,2152,0,8.1756121489,3.7812206189,3.7812206189,1.0000000,2,1,0.40363872500125999,0.300626750000,1.2155093515696627,1.5252488199758223,1.2155093515696627,0.10301197500125999,ELIGIBLE,R03b_20260811_FULL_v1,L1_ELIGIBILITY,v2026-08-11,2026-03-21..2026-08-06,baccarat_bet02_101_all_pairs_incl_sentinel,round_win = game_pnl > 0 (decisive only),COMPATIBILITY_ONLY_NOT_PRODUCTION,39187.2093,35396.6747,483.0410,8363,6242,-0.01232650,-0.05216444,-0.01154840,-0.01232650,-483.0410,39187.2093,OK,0.0000,19.3216,4.0000,96.0000,AG03-UNRESOLVED,ALL5_LEVELS_bet23_to_bet27,19.3216,19.3216,19.3216,0.0000,0.0000,4.000000,4.000000,4.000000,0.000000,0.000000,96.000000,96.000000,96.000000,100.000000,100.000000,5.0,57.9649,55.6772,425.0761,427.3638,PENDING_AG03,FALSE,NOT_FOR_ENFORCEMENT,463.7194,33980.8077,483.0410,463.7194,19.3216,0.01232650,0.01183344,19.3216,463.7194,0.01183344,19.3216,19.3216,19.3216,0.0000,0.0000,463.7194,0.01183344,57.9649,55.6772,425.0761,427.3638,0.01084732,0.0109057,0.00049306,4.6858,5.6707,0.0774,15.5820,0.2688,1264.1035,201.3548,4.5499,4.6885,2.0771,4.1543,6.1317,8.4025,10.5031,18.5864,3.9466,-2.0771,2.528253,4.474023,1.127938,29,192,48,6,0.01915741,0.01232650,0.05216444,0E-8,0.000000,0.903271,0.017936,-0.04061604,2026-05-16,2026-07-20,31,1797,733,66,0.469697,0.970424,0.970991,0.063858,,,,,,,,GLOBAL_BASELINE_NO_ENTITY_RANKING,,,NOT_APPLICABLE_GLOBAL_BASELINE,HF9g-P5,,,,X 全窗基线 · 不参与实体赏罚,8395951,840,A168_HF9F_20260827_0900,2026-08-27 09:00:00
2026-07-03,150107794,2153,0,6.9492703266,6.9492703266,6.9492703266,1.0000000,1,1,0.49324550000000000,0.493245500000,1.01360149184955,1.01360149184955,1.01360149184955,0E-17,ELIGIBLE,R03b_20260811_FULL_v1,L1_ELIGIBILITY,v2026-08-11,2026-03-21..2026-08-06,baccarat_bet02_101_all_pairs_incl_sentinel,round_win = game_pnl > 0 (decisive only),COMPATIBILITY_ONLY_NOT_PRODUCTION,39187.2093,35396.6747,483.0410,8363,6242,-0.01232650,-0.05216444,-0.01154840,-0.01232650,-483.0410,39187.2093,OK,0.0000,19.3216,4.0000,96.0000,AG03-UNRESOLVED,ALL5_LEVELS_bet23_to_bet27,19.3216,19.3216,19.3216,0.0000,0.0000,4.000000,4.000000,4.000000,0.000000,0.000000,96.000000,96.000000,96.000000,100.000000,100.000000,5.0,57.9649,55.6772,425.0761,427.3638,PENDING_AG03,FALSE,NOT_FOR_ENFORCEMENT,463.7194,33980.8077,483.0410,463.7194,19.3216,0.01232650,0.01183344,19.3216,463.7194,0.01183344,19.3216,19.3216,19.3216,0.0000,0.0000,463.7194,0.01183344,57.9649,55.6772,425.0761,427.3638,0.01084732,0.0109057,0.00049306,4.6858,5.6707,0.0774,15.5820,0.2688,1264.1035,201.3548,4.5499,4.6885,2.0771,4.1543,6.1317,8.4025,10.5031,18.5864,3.9466,-2.0771,2.528253,4.474023,1.127938,29,192,48,6,0.01915741,0.01232650,0.05216444,0E-8,0.000000,0.903271,0.017936,-0.04061604,2026-05-16,2026-07-20,31,1797,733,66,0.469697,0.970424,0.970991,0.063858,,,,,,,,GLOBAL_BASELINE_NO_ENTITY_RANKING,,,NOT_APPLICABLE_GLOBAL_BASELINE,HF9g-P5,,,,X 全窗基线 · 不参与实体赏罚,8395952,840,A168_HF9F_20260827_0900,2026-08-27 09:00:00
2026-07-03,150107794,2155,0,53.7546498793,-3.1373911620,-3.1373911620,0.5714286,11,7,0.45748837119133427,0.388922728571,0.6051059770983783,0.9904808092837978,0.6051059770983783,0.06856564262033427,ELIGIBLE,R03b_20260811_FULL_v1,L1_ELIGIBILITY,v2026-08-11,2026-03-21..2026-08-06,baccarat_bet02_101_all_pairs_incl_sentinel,round_win = game_pnl > 0 (decisive only),COMPATIBILITY_ONLY_NOT_PRODUCTION,39187.2093,35396.6747,483.0410,8363,6242,-0.01232650,-0.05216444,-0.01154840,-0.01232650,-483.0410,39187.2093,OK,0.0000,19.3216,4.0000,96.0000,AG03-UNRESOLVED,ALL5_LEVELS_bet23_to_bet27,19.3216,19.3216,19.3216,0.0000,0.0000,4.000000,4.000000,4.000000,0.000000,0.000000,96.000000,96.000000,96.000000,100.000000,100.000000,5.0,57.9649,55.6772,425.0761,427.3638,PENDING_AG03,FALSE,NOT_FOR_ENFORCEMENT,463.7194,33980.8077,483.0410,463.7194,19.3216,0.01232650,0.01183344,19.3216,463.7194,0.01183344,19.3216,19.3216,19.3216,0.0000,0.0000,463.7194,0.01183344,57.9649,55.6772,425.0761,427.3638,0.01084732,0.0109057,0.00049306,4.6858,5.6707,0.0774,15.5820,0.2688,1264.1035,201.3548,4.5499,4.6885,2.0771,4.1543,6.1317,8.4025,10.5031,18.5864,3.9466,-2.0771,2.528253,4.474023,1.127938,29,192,48,6,0.01915741,0.01232650,0.05216444,0E-8,0.000000,0.903271,0.017936,-0.04061604,2026-05-16,2026-07-20,31,1797,733,66,0.469697,0.970424,0.970991,0.063858,,,,,,,,GLOBAL_BASELINE_NO_ENTITY_RANKING,,,NOT_APPLICABLE_GLOBAL_BASELINE,HF9g-P5,,,,X 全窗基线 · 不参与实体赏罚,8395953,840,A168_HF9F_20260827_0900,2026-08-27 09:00:00
2026-07-03,150107794,2170,0,7.9712218453,7.5726607530,7.5726607530,1.0000000,2,2,0.50665070000000000,0.506650700000,1.3955260008387969,1.3955260008387969,1.3955260008387969,0E-17,ELIGIBLE,R03b_20260811_FULL_v1,L1_ELIGIBILITY,v2026-08-11,2026-03-21..2026-08-06,baccarat_bet02_101_all_pairs_incl_sentinel,round_win = game_pnl > 0 (decisive only),COMPATIBILITY_ONLY_NOT_PRODUCTION,39187.2093,35396.6747,483.0410,8363,6242,-0.01232650,-0.05216444,-0.01154840,-0.01232650,-483.0410,39187.2093,OK,0.0000,19.3216,4.0000,96.0000,AG03-UNRESOLVED,ALL5_LEVELS_bet23_to_bet27,19.3216,19.3216,19.3216,0.0000,0.0000,4.000000,4.000000,4.000000,0.000000,0.000000,96.000000,96.000000,96.000000,100.000000,100.000000,5.0,57.9649,55.6772,425.0761,427.3638,PENDING_AG03,FALSE,NOT_FOR_ENFORCEMENT,463.7194,33980.8077,483.0410,463.7194,19.3216,0.01232650,0.01183344,19.3216,463.7194,0.01183344,19.3216,19.3216,19.3216,0.0000,0.0000,463.7194,0.01183344,57.9649,55.6772,425.0761,427.3638,0.01084732,0.0109057,0.00049306,4.6858,5.6707,0.0774,15.5820,0.2688,1264.1035,201.3548,4.5499,4.6885,2.0771,4.1543,6.1317,8.4025,10.5031,18.5864,3.9466,-2.0771,2.528253,4.474023,1.127938,29,192,48,6,0.01915741,0.01232650,0.05216444,0E-8,0.000000,0.903271,0.017936,-0.04061604,2026-05-16,2026-07-20,31,1797,733,66,0.469697,0.970424,0.970991,0.063858,,,,,,,,GLOBAL_BASELINE_NO_ENTITY_RANKING,,,NOT_APPLICABLE_GLOBAL_BASELINE,HF9g-P5,,,,X 全窗基线 · 不参与实体赏罚,8395954,840,A168_HF9F_20260827_0900,2026-08-27 09:00:00
2026-07-03,150107794,2174,0,18.3951273352,-6.3360994154,-6.3360994154,0.3333333,4,4,0.50329940000000000,0.503299400000,-0.5887925454369916,-0.5887925454369916,-0.5887925454369916,0E-17,ELIGIBLE,R03b_20260811_FULL_v1,L1_ELIGIBILITY,v2026-08-11,2026-03-21..2026-08-06,baccarat_bet02_101_all_pairs_incl_sentinel,round_win = game_pnl > 0 (decisive only),COMPATIBILITY_ONLY_NOT_PRODUCTION,39187.2093,35396.6747,483.0410,8363,6242,-0.01232650,-0.05216444,-0.01154840,-0.01232650,-483.0410,39187.2093,OK,0.0000,19.3216,4.0000,96.0000,AG03-UNRESOLVED,ALL5_LEVELS_bet23_to_bet27,19.3216,19.3216,19.3216,0.0000,0.0000,4.000000,4.000000,4.000000,0.000000,0.000000,96.000000,96.000000,96.000000,100.000000,100.000000,5.0,57.9649,55.6772,425.0761,427.3638,PENDING_AG03,FALSE,NOT_FOR_ENFORCEMENT,463.7194,33980.8077,483.0410,463.7194,19.3216,0.01232650,0.01183344,19.3216,463.7194,0.01183344,19.3216,19.3216,19.3216,0.0000,0.0000,463.7194,0.01183344,57.9649,55.6772,425.0761,427.3638,0.01084732,0.0109057,0.00049306,4.6858,5.6707,0.0774,15.5820,0.2688,1264.1035,201.3548,4.5499,4.6885,2.0771,4.1543,6.1317,8.4025,10.5031,18.5864,3.9466,-2.0771,2.528253,4.474023,1.127938,29,192,48,6,0.01915741,0.01232650,0.05216444,0E-8,0.000000,0.903271,0.017936,-0.04061604,2026-05-16,2026-07-20,31,1797,733,66,0.469697,0.970424,0.970991,0.063858,,,,,,,,GLOBAL_BASELINE_NO_ENTITY_RANKING,,,NOT_APPLICABLE_GLOBAL_BASELINE,HF9g-P5,,,,X 全窗基线 · 不参与实体赏罚,8395955,840,A168_HF9F_20260827_0900,2026-08-27 09:00:00
2026-07-03,150107794,2175,0,8.1756121489,-8.1756121489,-8.1756121489,0E-7,2,1,0.40363872500125999,0.300626750000,-0.8227003755328068,-0.655630731788307,-0.8227003755328068,0.10301197500125999,ELIGIBLE,R03b_20260811_FULL_v1,L1_ELIGIBILITY,v2026-08-11,2026-03-21..2026-08-06,baccarat_bet02_101_all_pairs_incl_sentinel,round_win = game_pnl > 0 (decisive only),COMPATIBILITY_ONLY_NOT_PRODUCTION,39187.2093,35396.6747,483.0410,8363,6242,-0.01232650,-0.05216444,-0.01154840,-0.01232650,-483.0410,39187.2093,OK,0.0000,19.3216,4.0000,96.0000,AG03-UNRESOLVED,ALL5_LEVELS_bet23_to_bet27,19.3216,19.3216,19.3216,0.0000,0.0000,4.000000,4.000000,4.000000,0.000000,0.000000,96.000000,96.000000,96.000000,100.000000,100.000000,5.0,57.9649,55.6772,425.0761,427.3638,PENDING_AG03,FALSE,NOT_FOR_ENFORCEMENT,463.7194,33980.8077,483.0410,463.7194,19.3216,0.01232650,0.01183344,19.3216,463.7194,0.01183344,19.3216,19.3216,19.3216,0.0000,0.0000,463.7194,0.01183344,57.9649,55.6772,425.0761,427.3638,0.01084732,0.0109057,0.00049306,4.6858,5.6707,0.0774,15.5820,0.2688,1264.1035,201.3548,4.5499,4.6885,2.0771,4.1543,6.1317,8.4025,10.5031,18.5864,3.9466,-2.0771,2.528253,4.474023,1.127938,29,192,48,6,0.01915741,0.01232650,0.05216444,0E-8,0.000000,0.903271,0.017936,-0.04061604,2026-05-16,2026-07-20,31,1797,733,66,0.469697,0.970424,0.970991,0.063858,,,,,,,,GLOBAL_BASELINE_NO_ENTITY_RANKING,,,NOT_APPLICABLE_GLOBAL_BASELINE,HF9g-P5,,,,X 全窗基线 · 不参与实体赏罚,8395956,840,A168_HF9F_20260827_0900,2026-08-27 09:00:00
2026-07-03,150107794,2177,0,36.3814740628,-8.4821976045,-8.4821976045,0.5000000,7,4,0.43824508237109796,0.350457087500,0.24892560722959495,0.6268656641715241,0.24892560722959495,0.08778799487109796,ELIGIBLE,R03b_20260811_FULL_v1,L1_ELIGIBILITY,v2026-08-11,2026-03-21..2026-08-06,baccarat_bet02_101_all_pairs_incl_sentinel,round_win = game_pnl > 0 (decisive only),COMPATIBILITY_ONLY_NOT_PRODUCTION,39187.2093,35396.6747,483.0410,8363,6242,-0.01232650,-0.05216444,-0.01154840,-0.01232650,-483.0410,39187.2093,OK,0.0000,19.3216,4.0000,96.0000,AG03-UNRESOLVED,ALL5_LEVELS_bet23_to_bet27,19.3216,19.3216,19.3216,0.0000,0.0000,4.000000,4.000000,4.000000,0.000000,0.000000,96.000000,96.000000,96.000000,100.000000,100.000000,5.0,57.9649,55.6772,425.0761,427.3638,PENDING_AG03,FALSE,NOT_FOR_ENFORCEMENT,463.7194,33980.8077,483.0410,463.7194,19.3216,0.01232650,0.01183344,19.3216,463.7194,0.01183344,19.3216,19.3216,19.3216,0.0000,0.0000,463.7194,0.01183344,57.9649,55.6772,425.0761,427.3638,0.01084732,0.0109057,0.00049306,4.6858,5.6707,0.0774,15.5820,0.2688,1264.1035,201.3548,4.5499,4.6885,2.0771,4.1543,6.1317,8.4025,10.5031,18.5864,3.9466,-2.0771,2.528253,4.474023,1.127938,29,192,48,6,0.01915741,0.01232650,0.05216444,0E-8,0.000000,0.903271,0.017936,-0.04061604,2026-05-16,2026-07-20,31,1797,733,66,0.469697,0.970424,0.970991,0.063858,,,,,,,,GLOBAL_BASELINE_NO_ENTITY_RANKING,,,NOT_APPLICABLE_GLOBAL_BASELINE,HF9g-P5,,,,X 全窗基线 · 不参与实体赏罚,8395957,840,A168_HF9F_20260827_0900,2026-08-27 09:00:00
2026-07-03,150107794,2196,0,12.2634182233,3.9856109225,3.9856109225,0.8000000,5,5,0.49860758000000000,0.498607580000,1.3478731046594083,1.3478731046594083,1.3478731046594083,0E-17,ELIGIBLE,R03b_20260811_FULL_v1,L1_ELIGIBILITY,v2026-08-11,2026-03-21..2026-08-06,baccarat_bet02_101_all_pairs_incl_sentinel,round_win = game_pnl > 0 (decisive only),COMPATIBILITY_ONLY_NOT_PRODUCTION,39187.2093,35396.6747,483.0410,8363,6242,-0.01232650,-0.05216444,-0.01154840,-0.01232650,-483.0410,39187.2093,OK,0.0000,19.3216,4.0000,96.0000,AG03-UNRESOLVED,ALL5_LEVELS_bet23_to_bet27,19.3216,19.3216,19.3216,0.0000,0.0000,4.000000,4.000000,4.000000,0.000000,0.000000,96.000000,96.000000,96.000000,100.000000,100.000000,5.0,57.9649,55.6772,425.0761,427.3638,PENDING_AG03,FALSE,NOT_FOR_ENFORCEMENT,463.7194,33980.8077,483.0410,463.7194,19.3216,0.01232650,0.01183344,19.3216,463.7194,0.01183344,19.3216,19.3216,19.3216,0.0000,0.0000,463.7194,0.01183344,57.9649,55.6772,425.0761,427.3638,0.01084732,0.0109057,0.00049306,4.6858,5.6707,0.0774,15.5820,0.2688,1264.1035,201.3548,4.5499,4.6885,2.0771,4.1543,6.1317,8.4025,10.5031,18.5864,3.9466,-2.0771,2.528253,4.474023,1.127938,29,192,48,6,0.01915741,0.01232650,0.05216444,0E-8,0.000000,0.903271,0.017936,-0.04061604,2026-05-16,2026-07-20,31,1797,733,66,0.469697,0.970424,0.970991,0.063858,,,,,,,,GLOBAL_BASELINE_NO_ENTITY_RANKING,,,NOT_APPLICABLE_GLOBAL_BASELINE,HF9g-P5,,,,X 全窗基线 · 不参与实体赏罚,8395958,840,A168_HF9F_20260827_0900,2026-08-27 09:00:00
2026-07-03,150107794,2210,0,31.2717164697,-31.2717164697,-31.2717164697,0E-7,6,3,0.40779221682459746,0.293924150000,-1.4372854799753403,-1.1175130002489002,-1.4372854799753403,0.11386806682459746,ELIGIBLE,R03b_20260811_FULL_v1,L1_ELIGIBILITY,v2026-08-11,2026-03-21..2026-08-06,baccarat_bet02_101_all_pairs_incl_sentinel,round_win = game_pnl > 0 (decisive only),COMPATIBILITY_ONLY_NOT_PRODUCTION,39187.2093,35396.6747,483.0410,8363,6242,-0.01232650,-0.05216444,-0.01154840,-0.01232650,-483.0410,39187.2093,OK,0.0000,19.3216,4.0000,96.0000,AG03-UNRESOLVED,ALL5_LEVELS_bet23_to_bet27,19.3216,19.3216,19.3216,0.0000,0.0000,4.000000,4.000000,4.000000,0.000000,0.000000,96.000000,96.000000,96.000000,100.000000,100.000000,5.0,57.9649,55.6772,425.0761,427.3638,PENDING_AG03,FALSE,NOT_FOR_ENFORCEMENT,463.7194,33980.8077,483.0410,463.7194,19.3216,0.01232650,0.01183344,19.3216,463.7194,0.01183344,19.3216,19.3216,19.3216,0.0000,0.0000,463.7194,0.01183344,57.9649,55.6772,425.0761,427.3638,0.01084732,0.0109057,0.00049306,4.6858,5.6707,0.0774,15.5820,0.2688,1264.1035,201.3548,4.5499,4.6885,2.0771,4.1543,6.1317,8.4025,10.5031,18.5864,3.9466,-2.0771,2.528253,4.474023,1.127938,29,192,48,6,0.01915741,0.01232650,0.05216444,0E-8,0.000000,0.903271,0.017936,-0.04061604,2026-05-16,2026-07-20,31,1797,733,66,0.469697,0.970424,0.970991,0.063858,,,,,,,,GLOBAL_BASELINE_NO_ENTITY_RANKING,,,NOT_APPLICABLE_GLOBAL_BASELINE,HF9g-P5,,,,X 全窗基线 · 不参与实体赏罚,8395959,840,A168_HF9F_20260827_0900,2026-08-27 09:00:00
2026-07-03,150107794,2212,0,61.7258717245,9.4837100927,9.4837100927,0.5555556,15,10,0.44351846051646638,0.398946905000,0.6765530604092346,0.9594515153800175,0.6765530604092346,0.04457155551646638,ELIGIBLE,R03b_20260811_FULL_v1,L1_ELIGIBILITY,v2026-08-11,2026-03-21..2026-08-06,baccarat_bet02_101_all_pairs_incl_sentinel,round_win = game_pnl > 0 (decisive only),COMPATIBILITY_ONLY_NOT_PRODUCTION,39187.2093,35396.6747,483.0410,8363,6242,-0.01232650,-0.05216444,-0.01154840,-0.01232650,-483.0410,39187.2093,OK,0.0000,19.3216,4.0000,96.0000,AG03-UNRESOLVED,ALL5_LEVELS_bet23_to_bet27,19.3216,19.3216,19.3216,0.0000,0.0000,4.000000,4.000000,4.000000,0.000000,0.000000,96.000000,96.000000,96.000000,100.000000,100.000000,5.0,57.9649,55.6772,425.0761,427.3638,PENDING_AG03,FALSE,NOT_FOR_ENFORCEMENT,463.7194,33980.8077,483.0410,463.7194,19.3216,0.01232650,0.01183344,19.3216,463.7194,0.01183344,19.3216,19.3216,19.3216,0.0000,0.0000,463.7194,0.01183344,57.9649,55.6772,425.0761,427.3638,0.01084732,0.0109057,0.00049306,4.6858,5.6707,0.0774,15.5820,0.2688,1264.1035,201.3548,4.5499,4.6885,2.0771,4.1543,6.1317,8.4025,10.5031,18.5864,3.9466,-2.0771,2.528253,4.474023,1.127938,29,192,48,6,0.01915741,0.01232650,0.05216444,0E-8,0.000000,0.903271,0.017936,-0.04061604,2026-05-16,2026-07-20,31,1797,733,66,0.469697,0.970424,0.970991,0.063858,,,,,,,,GLOBAL_BASELINE_NO_ENTITY_RANKING,,,NOT_APPLICABLE_GLOBAL_BASELINE,HF9g-P5,,,,X 全窗基线 · 不参与实体赏罚,8395960,840,A168_HF9F_20260827_0900,2026-08-27 09:00:00
2026-07-03,150107794,2222,0,51.0975759310,40.8780607448,40.8780607448,0.8000000,10,5,0.40404466571560861,0.299286230000,1.8043037670218036,2.4448985518196196,1.8043037670218036,0.10475843571560861,ELIGIBLE,R03b_20260811_FULL_v1,L1_ELIGIBILITY,v2026-08-11,2026-03-21..2026-08-06,baccarat_bet02_101_all_pairs_incl_sentinel,round_win = game_pnl > 0 (decisive only),COMPATIBILITY_ONLY_NOT_PRODUCTION,39187.2093,35396.6747,483.0410,8363,6242,-0.01232650,-0.05216444,-0.01154840,-0.01232650,-483.0410,39187.2093,OK,0.0000,19.3216,4.0000,96.0000,AG03-UNRESOLVED,ALL5_LEVELS_bet23_to_bet27,19.3216,19.3216,19.3216,0.0000,0.0000,4.000000,4.000000,4.000000,0.000000,0.000000,96.000000,96.000000,96.000000,100.000000,100.000000,5.0,57.9649,55.6772,425.0761,427.3638,PENDING_AG03,FALSE,NOT_FOR_ENFORCEMENT,463.7194,33980.8077,483.0410,463.7194,19.3216,0.01232650,0.01183344,19.3216,463.7194,0.01183344,19.3216,19.3216,19.3216,0.0000,0.0000,463.7194,0.01183344,57.9649,55.6772,425.0761,427.3638,0.01084732,0.0109057,0.00049306,4.6858,5.6707,0.0774,15.5820,0.2688,1264.1035,201.3548,4.5499,4.6885,2.0771,4.1543,6.1317,8.4025,10.5031,18.5864,3.9466,-2.0771,2.528253,4.474023,1.127938,29,192,48,6,0.01915741,0.01232650,0.05216444,0E-8,0.000000,0.903271,0.017936,-0.04061604,2026-05-16,2026-07-20,31,1797,733,66,0.469697,0.970424,0.970991,0.063858,,,,,,,,GLOBAL_BASELINE_NO_ENTITY_RANKING,,,NOT_APPLICABLE_GLOBAL_BASELINE,HF9g-P5,,,,X 全窗基线 · 不参与实体赏罚,8395961,840,A168_HF9F_20260827_0900,2026-08-27 09:00:00
2026-07-03,150107794,2239,0,36.7902546701,17.8330540001,17.8330540001,0.6666667,9,6,0.44816433750073028,0.401404525000,1.0762376152562003,1.3255406484409737,1.0762376152562003,0.04675981250073028,ELIGIBLE,R03b_20260811_FULL_v1,L1_ELIGIBILITY,v2026-08-11,2026-03-21..2026-08-06,baccarat_bet02_101_all_pairs_incl_sentinel,round_win = game_pnl > 0 (decisive only),COMPATIBILITY_ONLY_NOT_PRODUCTION,39187.2093,35396.6747,483.0410,8363,6242,-0.01232650,-0.05216444,-0.01154840,-0.01232650,-483.0410,39187.2093,OK,0.0000,19.3216,4.0000,96.0000,AG03-UNRESOLVED,ALL5_LEVELS_bet23_to_bet27,19.3216,19.3216,19.3216,0.0000,0.0000,4.000000,4.000000,4.000000,0.000000,0.000000,96.000000,96.000000,96.000000,100.000000,100.000000,5.0,57.9649,55.6772,425.0761,427.3638,PENDING_AG03,FALSE,NOT_FOR_ENFORCEMENT,463.7194,33980.8077,483.0410,463.7194,19.3216,0.01232650,0.01183344,19.3216,463.7194,0.01183344,19.3216,19.3216,19.3216,0.0000,0.0000,463.7194,0.01183344,57.9649,55.6772,425.0761,427.3638,0.01084732,0.0109057,0.00049306,4.6858,5.6707,0.0774,15.5820,0.2688,1264.1035,201.3548,4.5499,4.6885,2.0771,4.1543,6.1317,8.4025,10.5031,18.5864,3.9466,-2.0771,2.528253,4.474023,1.127938,29,192,48,6,0.01915741,0.01232650,0.05216444,0E-8,0.000000,0.903271,0.017936,-0.04061604,2026-05-16,2026-07-20,31,1797,733,66,0.469697,0.970424,0.970991,0.063858,,,,,,,,GLOBAL_BASELINE_NO_ENTITY_RANKING,,,NOT_APPLICABLE_GLOBAL_BASELINE,HF9g-P5,,,,X 全窗基线 · 不参与实体赏罚,8395962,840,A168_HF9F_20260827_0900,2026-08-27 09:00:00
2026-07-03,150107794,2261,0,111.1883252255,-3.8834157706,-3.8834157706,0.4545455,22,12,0.42053574370067036,0.328820025000,0.2284991025269235,0.8876072611080355,0.2284991025269235,0.09171571870067036,ELIGIBLE,R03b_20260811_FULL_v1,L1_ELIGIBILITY,v2026-08-11,2026-03-21..2026-08-06,baccarat_bet02_101_all_pairs_incl_sentinel,round_win = game_pnl > 0 (decisive only),COMPATIBILITY_ONLY_NOT_PRODUCTION,39187.2093,35396.6747,483.0410,8363,6242,-0.01232650,-0.05216444,-0.01154840,-0.01232650,-483.0410,39187.2093,OK,0.0000,19.3216,4.0000,96.0000,AG03-UNRESOLVED,ALL5_LEVELS_bet23_to_bet27,19.3216,19.3216,19.3216,0.0000,0.0000,4.000000,4.000000,4.000000,0.000000,0.000000,96.000000,96.000000,96.000000,100.000000,100.000000,5.0,57.9649,55.6772,425.0761,427.3638,PENDING_AG03,FALSE,NOT_FOR_ENFORCEMENT,463.7194,33980.8077,483.0410,463.7194,19.3216,0.01232650,0.01183344,19.3216,463.7194,0.01183344,19.3216,19.3216,19.3216,0.0000,0.0000,463.7194,0.01183344,57.9649,55.6772,425.0761,427.3638,0.01084732,0.0109057,0.00049306,4.6858,5.6707,0.0774,15.5820,0.2688,1264.1035,201.3548,4.5499,4.6885,2.0771,4.1543,6.1317,8.4025,10.5031,18.5864,3.9466,-2.0771,2.528253,4.474023,1.127938,29,192,48,6,0.01915741,0.01232650,0.05216444,0E-8,0.000000,0.903271,0.017936,-0.04061604,2026-05-16,2026-07-20,31,1797,733,66,0.469697,0.970424,0.970991,0.063858,,,,,,,,GLOBAL_BASELINE_NO_ENTITY_RANKING,,,NOT_APPLICABLE_GLOBAL_BASELINE,HF9g-P5,,,,X 全窗基线 · 不参与实体赏罚,8395963,840,A168_HF9F_20260827_0900,2026-08-27 09:00:00
2026-07-03,150107794,2281,0,9.6063442750,-9.6063442750,-9.6063442750,0E-7,3,2,0.42860073783762414,0.393584825000,-1.224818161387102,-1.1393289695942557,-1.224818161387102,0.03501591283762414,ELIGIBLE,R03b_20260811_FULL_v1,L1_ELIGIBILITY,v2026-08-11,2026-03-21..2026-08-06,baccarat_bet02_101_all_pairs_incl_sentinel,round_win = game_pnl > 0 (decisive only),COMPATIBILITY_ONLY_NOT_PRODUCTION,39187.2093,35396.6747,483.0410,8363,6242,-0.01232650,-0.05216444,-0.01154840,-0.01232650,-483.0410,39187.2093,OK,0.0000,19.3216,4.0000,96.0000,AG03-UNRESOLVED,ALL5_LEVELS_bet23_to_bet27,19.3216,19.3216,19.3216,0.0000,0.0000,4.000000,4.000000,4.000000,0.000000,0.000000,96.000000,96.000000,96.000000,100.000000,100.000000,5.0,57.9649,55.6772,425.0761,427.3638,PENDING_AG03,FALSE,NOT_FOR_ENFORCEMENT,463.7194,33980.8077,483.0410,463.7194,19.3216,0.01232650,0.01183344,19.3216,463.7194,0.01183344,19.3216,19.3216,19.3216,0.0000,0.0000,463.7194,0.01183344,57.9649,55.6772,425.0761,427.3638,0.01084732,0.0109057,0.00049306,4.6858,5.6707,0.0774,15.5820,0.2688,1264.1035,201.3548,4.5499,4.6885,2.0771,4.1543,6.1317,8.4025,10.5031,18.5864,3.9466,-2.0771,2.528253,4.474023,1.127938,29,192,48,6,0.01915741,0.01232650,0.05216444,0E-8,0.000000,0.903271,0.017936,-0.04061604,2026-05-16,2026-07-20,31,1797,733,66,0.469697,0.970424,0.970991,0.063858,,,,,,,,GLOBAL_BASELINE_NO_ENTITY_RANKING,,,NOT_APPLICABLE_GLOBAL_BASELINE,HF9g-P5,,,,X 全窗基线 · 不参与实体赏罚,8395964,840,A168_HF9F_20260827_0900,2026-08-27 09:00:00
2026-07-03,150107794,471,0,14.3073212606,0E-10,0E-10,0.5000000,4,3,0.30721223999973995,0.293924150000,0.5909831446832842,0.6397330434626627,0.5909831446832842,0.01328808999973995,ELIGIBLE,R03b_20260811_FULL_v1,L1_ELIGIBILITY,v2026-08-11,2026-03-21..2026-08-06,baccarat_bet02_101_all_pairs_incl_sentinel,round_win = game_pnl > 0 (decisive only),COMPATIBILITY_ONLY_NOT_PRODUCTION,39187.2093,35396.6747,483.0410,8363,6242,-0.01232650,-0.05216444,-0.01154840,-0.01232650,-483.0410,39187.2093,OK,0.0000,19.3216,4.0000,96.0000,AG03-UNRESOLVED,ALL5_LEVELS_bet23_to_bet27,19.3216,19.3216,19.3216,0.0000,0.0000,4.000000,4.000000,4.000000,0.000000,0.000000,96.000000,96.000000,96.000000,100.000000,100.000000,5.0,57.9649,55.6772,425.0761,427.3638,PENDING_AG03,FALSE,NOT_FOR_ENFORCEMENT,463.7194,33980.8077,483.0410,463.7194,19.3216,0.01232650,0.01183344,19.3216,463.7194,0.01183344,19.3216,19.3216,19.3216,0.0000,0.0000,463.7194,0.01183344,57.9649,55.6772,425.0761,427.3638,0.01084732,0.0109057,0.00049306,4.6858,5.6707,0.0774,15.5820,0.2688,1264.1035,201.3548,4.5499,4.6885,2.0771,4.1543,6.1317,8.4025,10.5031,18.5864,3.9466,-2.0771,2.528253,4.474023,1.127938,29,192,48,6,0.01915741,0.01232650,0.05216444,0E-8,0.000000,0.903271,0.017936,-0.04061604,2026-05-16,2026-07-20,31,1797,733,66,0.469697,0.970424,0.970991,0.063858,,,,,,,,GLOBAL_BASELINE_NO_ENTITY_RANKING,,,NOT_APPLICABLE_GLOBAL_BASELINE,HF9g-P5,,,,X 全窗基线 · 不参与实体赏罚,8395965,840,A168_HF9F_20260827_0900,2026-08-27 09:00:00
2026-07-03,150107794,925,0,16.3512242979,1E-10,1E-10,0.6666667,4,3,0.46337657500042000,0.429039250000,0.7061142695463859,0.8315828698512764,0.7061142695463859,0.03433732500042000,ELIGIBLE,R03b_20260811_FULL_v1,L1_ELIGIBILITY,v2026-08-11,2026-03-21..2026-08-06,baccarat_bet02_101_all_pairs_incl_sentinel,round_win = game_pnl > 0 (decisive only),COMPATIBILITY_ONLY_NOT_PRODUCTION,39187.2093,35396.6747,483.0410,8363,6242,-0.01232650,-0.05216444,-0.01154840,-0.01232650,-483.0410,39187.2093,OK,0.0000,19.3216,4.0000,96.0000,AG03-UNRESOLVED,ALL5_LEVELS_bet23_to_bet27,19.3216,19.3216,19.3216,0.0000,0.0000,4.000000,4.000000,4.000000,0.000000,0.000000,96.000000,96.000000,96.000000,100.000000,100.000000,5.0,57.9649,55.6772,425.0761,427.3638,PENDING_AG03,FALSE,NOT_FOR_ENFORCEMENT,463.7194,33980.8077,483.0410,463.7194,19.3216,0.01232650,0.01183344,19.3216,463.7194,0.01183344,19.3216,19.3216,19.3216,0.0000,0.0000,463.7194,0.01183344,57.9649,55.6772,425.0761,427.3638,0.01084732,0.0109057,0.00049306,4.6858,5.6707,0.0774,15.5820,0.2688,1264.1035,201.3548,4.5499,4.6885,2.0771,4.1543,6.1317,8.4025,10.5031,18.5864,3.9466,-2.0771,2.528253,4.474023,1.127938,29,192,48,6,0.01915741,0.01232650,0.05216444,0E-8,0.000000,0.903271,0.017936,-0.04061604,2026-05-16,2026-07-20,31,1797,733,66,0.469697,0.970424,0.970991,0.063858,,,,,,,,GLOBAL_BASELINE_NO_ENTITY_RANKING,,,NOT_APPLICABLE_GLOBAL_BASELINE,HF9g-P5,,,,X 全窗基线 · 不参与实体赏罚,8395966,840,A168_HF9F_20260827_0900,2026-08-27 09:00:00
2026-07-04,150107794,-1,1,250.9912929712,-68.1232882299,-68.1232882299,0.3648649,97,83,0.46431776217918071,0.461524707229,-1.7154261558097217,-1.6679444175262903,-1.7154261558097217,0.00279305495018071,SENTINEL_DEALER,R03b_20260811_FULL_v1,L1_ELIGIBILITY,v2026-08-11,2026-03-21..2026-08-06,baccarat_bet02_101_all_pairs_incl_sentinel,round_win = game_pnl > 0 (decisive only),COMPATIBILITY_ONLY_NOT_PRODUCTION,39187.2093,35396.6747,483.0410,8363,6242,-0.01232650,-0.05216444,-0.01154840,-0.01232650,-483.0410,39187.2093,OK,0.0000,19.3216,4.0000,96.0000,AG03-UNRESOLVED,ALL5_LEVELS_bet23_to_bet27,19.3216,19.3216,19.3216,0.0000,0.0000,4.000000,4.000000,4.000000,0.000000,0.000000,96.000000,96.000000,96.000000,100.000000,100.000000,5.0,57.9649,55.6772,425.0761,427.3638,PENDING_AG03,FALSE,NOT_FOR_ENFORCEMENT,463.7194,33980.8077,483.0410,463.7194,19.3216,0.01232650,0.01183344,19.3216,463.7194,0.01183344,19.3216,19.3216,19.3216,0.0000,0.0000,463.7194,0.01183344,57.9649,55.6772,425.0761,427.3638,0.01084732,0.0109057,0.00049306,4.6858,5.6707,0.0774,15.5820,0.2688,1264.1035,201.3548,4.5499,4.6885,2.0771,4.1543,6.1317,8.4025,10.5031,18.5864,3.9466,-2.0771,2.528253,4.474023,1.127938,29,192,48,6,0.01915741,0.01232650,0.05216444,0E-8,0.000000,0.903271,0.017936,-0.04061604,2026-05-16,2026-07-20,31,1797,733,66,0.469697,0.970424,0.970991,0.063858,,,,,,,,GLOBAL_BASELINE_NO_ENTITY_RANKING,,,NOT_APPLICABLE_GLOBAL_BASELINE,HF9g-P5,,,,X 全窗基线 · 不参与实体赏罚,8395967,840,A168_HF9F_20260827_0900,2026-08-27 09:00:00
2026-07-04,150107794,1115,0,19.2126885500,-15.1248824756,-15.1248824756,0.2000000,7,5,0.43793088413822063,0.417538520000,-1.0723539905552173,-0.9863687243580862,-1.0723539905552173,0.02039236413822063,ELIGIBLE,R03b_20260811_FULL_v1,L1_ELIGIBILITY,v2026-08-11,2026-03-21..2026-08-06,baccarat_bet02_101_all_pairs_incl_sentinel,round_win = game_pnl > 0 (decisive only),COMPATIBILITY_ONLY_NOT_PRODUCTION,39187.2093,35396.6747,483.0410,8363,6242,-0.01232650,-0.05216444,-0.01154840,-0.01232650,-483.0410,39187.2093,OK,0.0000,19.3216,4.0000,96.0000,AG03-UNRESOLVED,ALL5_LEVELS_bet23_to_bet27,19.3216,19.3216,19.3216,0.0000,0.0000,4.000000,4.000000,4.000000,0.000000,0.000000,96.000000,96.000000,96.000000,100.000000,100.000000,5.0,57.9649,55.6772,425.0761,427.3638,PENDING_AG03,FALSE,NOT_FOR_ENFORCEMENT,463.7194,33980.8077,483.0410,463.7194,19.3216,0.01232650,0.01183344,19.3216,463.7194,0.01183344,19.3216,19.3216,19.3216,0.0000,0.0000,463.7194,0.01183344,57.9649,55.6772,425.0761,427.3638,0.01084732,0.0109057,0.00049306,4.6858,5.6707,0.0774,15.5820,0.2688,1264.1035,201.3548,4.5499,4.6885,2.0771,4.1543,6.1317,8.4025,10.5031,18.5864,3.9466,-2.0771,2.528253,4.474023,1.127938,29,192,48,6,0.01915741,0.01232650,0.05216444,0E-8,0.000000,0.903271,0.017936,-0.04061604,2026-05-16,2026-07-20,31,1797,733,66,0.469697,0.970424,0.970991,0.063858,,,,,,,,GLOBAL_BASELINE_NO_ENTITY_RANKING,,,NOT_APPLICABLE_GLOBAL_BASELINE,HF9g-P5,,,,X 全窗基线 · 不参与实体赏罚,8395968,840,A168_HF9F_20260827_0900,2026-08-27 09:00:00
2026-07-04,150107794,1210,0,16.5556146015,0.1532927279,0.1532927279,0.6000000,7,6,0.47455795652199319,0.470079175000,0.5617215462239695,0.582066724679158,0.5617215462239695,0.00447878152199319,ELIGIBLE,R03b_20260811_FULL_v1,L1_ELIGIBILITY,v2026-08-11,2026-03-21..2026-08-06,baccarat_bet02_101_all_pairs_incl_sentinel,round_win = game_pnl > 0 (decisive only),COMPATIBILITY_ONLY_NOT_PRODUCTION,39187.2093,35396.6747,483.0410,8363,6242,-0.01232650,-0.05216444,-0.01154840,-0.01232650,-483.0410,39187.2093,OK,0.0000,19.3216,4.0000,96.0000,AG03-UNRESOLVED,ALL5_LEVELS_bet23_to_bet27,19.3216,19.3216,19.3216,0.0000,0.0000,4.000000,4.000000,4.000000,0.000000,0.000000,96.000000,96.000000,96.000000,100.000000,100.000000,5.0,57.9649,55.6772,425.0761,427.3638,PENDING_AG03,FALSE,NOT_FOR_ENFORCEMENT,463.7194,33980.8077,483.0410,463.7194,19.3216,0.01232650,0.01183344,19.3216,463.7194,0.01183344,19.3216,19.3216,19.3216,0.0000,0.0000,463.7194,0.01183344,57.9649,55.6772,425.0761,427.3638,0.01084732,0.0109057,0.00049306,4.6858,5.6707,0.0774,15.5820,0.2688,1264.1035,201.3548,4.5499,4.6885,2.0771,4.1543,6.1317,8.4025,10.5031,18.5864,3.9466,-2.0771,2.528253,4.474023,1.127938,29,192,48,6,0.01915741,0.01232650,0.05216444,0E-8,0.000000,0.903271,0.017936,-0.04061604,2026-05-16,2026-07-20,31,1797,733,66,0.469697,0.970424,0.970991,0.063858,,,,,,,,GLOBAL_BASELINE_NO_ENTITY_RANKING,,,NOT_APPLICABLE_GLOBAL_BASELINE,HF9g-P5,,,,X 全窗基线 · 不参与实体赏罚,8395969,840,A168_HF9F_20260827_0900,2026-08-27 09:00:00
2026-07-04,150107794,1304,0,2.0439030372,-2.0439030372,-2.0439030372,0E-7,1,1,0.50665070000000000,0.506650700000,-1.013391052207602,-1.013391052207602,-1.013391052207602,0E-17,ELIGIBLE,R03b_20260811_FULL_v1,L1_ELIGIBILITY,v2026-08-11,2026-03-21..2026-08-06,baccarat_bet02_101_all_pairs_incl_sentinel,round_win = game_pnl > 0 (decisive only),COMPATIBILITY_ONLY_NOT_PRODUCTION,39187.2093,35396.6747,483.0410,8363,6242,-0.01232650,-0.05216444,-0.01154840,-0.01232650,-483.0410,39187.2093,OK,0.0000,19.3216,4.0000,96.0000,AG03-UNRESOLVED,ALL5_LEVELS_bet23_to_bet27,19.3216,19.3216,19.3216,0.0000,0.0000,4.000000,4.000000,4.000000,0.000000,0.000000,96.000000,96.000000,96.000000,100.000000,100.000000,5.0,57.9649,55.6772,425.0761,427.3638,PENDING_AG03,FALSE,NOT_FOR_ENFORCEMENT,463.7194,33980.8077,483.0410,463.7194,19.3216,0.01232650,0.01183344,19.3216,463.7194,0.01183344,19.3216,19.3216,19.3216,0.0000,0.0000,463.7194,0.01183344,57.9649,55.6772,425.0761,427.3638,0.01084732,0.0109057,0.00049306,4.6858,5.6707,0.0774,15.5820,0.2688,1264.1035,201.3548,4.5499,4.6885,2.0771,4.1543,6.1317,8.4025,10.5031,18.5864,3.9466,-2.0771,2.528253,4.474023,1.127938,29,192,48,6,0.01915741,0.01232650,0.05216444,0E-8,0.000000,0.903271,0.017936,-0.04061604,2026-05-16,2026-07-20,31,1797,733,66,0.469697,0.970424,0.970991,0.063858,,,,,,,,GLOBAL_BASELINE_NO_ENTITY_RANKING,,,NOT_APPLICABLE_GLOBAL_BASELINE,HF9g-P5,,,,X 全窗基线 · 不参与实体赏罚,8395970,840,A168_HF9F_20260827_0900,2026-08-27 09:00:00
2026-07-04,150107794,1325,0,4.0878060745,-4.0878060745,-4.0878060745,0E-7,1,1,0.49324550000000000,0.493245500000,-0.9865810262130424,-0.9865810262130424,-0.9865810262130424,0E-17,ELIGIBLE,R03b_20260811_FULL_v1,L1_ELIGIBILITY,v2026-08-11,2026-03-21..2026-08-06,baccarat_bet02_101_all_pairs_incl_sentinel,round_win = game_pnl > 0 (decisive only),COMPATIBILITY_ONLY_NOT_PRODUCTION,39187.2093,35396.6747,483.0410,8363,6242,-0.01232650,-0.05216444,-0.01154840,-0.01232650,-483.0410,39187.2093,OK,0.0000,19.3216,4.0000,96.0000,AG03-UNRESOLVED,ALL5_LEVELS_bet23_to_bet27,19.3216,19.3216,19.3216,0.0000,0.0000,4.000000,4.000000,4.000000,0.000000,0.000000,96.000000,96.000000,96.000000,100.000000,100.000000,5.0,57.9649,55.6772,425.0761,427.3638,PENDING_AG03,FALSE,NOT_FOR_ENFORCEMENT,463.7194,33980.8077,483.0410,463.7194,19.3216,0.01232650,0.01183344,19.3216,463.7194,0.01183344,19.3216,19.3216,19.3216,0.0000,0.0000,463.7194,0.01183344,57.9649,55.6772,425.0761,427.3638,0.01084732,0.0109057,0.00049306,4.6858,5.6707,0.0774,15.5820,0.2688,1264.1035,201.3548,4.5499,4.6885,2.0771,4.1543,6.1317,8.4025,10.5031,18.5864,3.9466,-2.0771,2.528253,4.474023,1.127938,29,192,48,6,0.01915741,0.01232650,0.05216444,0E-8,0.000000,0.903271,0.017936,-0.04061604,2026-05-16,2026-07-20,31,1797,733,66,0.469697,0.970424,0.970991,0.063858,,,,,,,,GLOBAL_BASELINE_NO_ENTITY_RANKING,,,NOT_APPLICABLE_GLOBAL_BASELINE,HF9g-P5,,,,X 全窗基线 · 不参与实体赏罚,8395971,840,A168_HF9F_20260827_0900,2026-08-27 09:00:00
2026-07-04,150107794,1330,0,2.0439030372,-2.0439030372,-2.0439030372,0E-7,1,1,0.50665070000000000,0.506650700000,-1.013391052207602,-1.013391052207602,-1.013391052207602,0E-17,ELIGIBLE,R03b_20260811_FULL_v1,L1_ELIGIBILITY,v2026-08-11,2026-03-21..2026-08-06,baccarat_bet02_101_all_pairs_incl_sentinel,round_win = game_pnl > 0 (decisive only),COMPATIBILITY_ONLY_NOT_PRODUCTION,39187.2093,35396.6747,483.0410,8363,6242,-0.01232650,-0.05216444,-0.01154840,-0.01232650,-483.0410,39187.2093,OK,0.0000,19.3216,4.0000,96.0000,AG03-UNRESOLVED,ALL5_LEVELS_bet23_to_bet27,19.3216,19.3216,19.3216,0.0000,0.0000,4.000000,4.000000,4.000000,0.000000,0.000000,96.000000,96.000000,96.000000,100.000000,100.000000,5.0,57.9649,55.6772,425.0761,427.3638,PENDING_AG03,FALSE,NOT_FOR_ENFORCEMENT,463.7194,33980.8077,483.0410,463.7194,19.3216,0.01232650,0.01183344,19.3216,463.7194,0.01183344,19.3216,19.3216,19.3216,0.0000,0.0000,463.7194,0.01183344,57.9649,55.6772,425.0761,427.3638,0.01084732,0.0109057,0.00049306,4.6858,5.6707,0.0774,15.5820,0.2688,1264.1035,201.3548,4.5499,4.6885,2.0771,4.1543,6.1317,8.4025,10.5031,18.5864,3.9466,-2.0771,2.528253,4.474023,1.127938,29,192,48,6,0.01915741,0.01232650,0.05216444,0E-8,0.000000,0.903271,0.017936,-0.04061604,2026-05-16,2026-07-20,31,1797,733,66,0.469697,0.970424,0.970991,0.063858,,,,,,,,GLOBAL_BASELINE_NO_ENTITY_RANKING,,,NOT_APPLICABLE_GLOBAL_BASELINE,HF9g-P5,,,,X 全窗基线 · 不参与实体赏罚,8395972,840,A168_HF9F_20260827_0900,2026-08-27 09:00:00
2026-07-04,150107794,1383,0,4.9053672893,4.6600989249,4.6600989249,1.0000000,2,2,0.50665070000000000,0.506650700000,1.3955260008387969,1.3955260008387969,1.3955260008387969,0E-17,ELIGIBLE,R03b_20260811_FULL_v1,L1_ELIGIBILITY,v2026-08-11,2026-03-21..2026-08-06,baccarat_bet02_101_all_pairs_incl_sentinel,round_win = game_pnl > 0 (decisive only),COMPATIBILITY_ONLY_NOT_PRODUCTION,39187.2093,35396.6747,483.0410,8363,6242,-0.01232650,-0.05216444,-0.01154840,-0.01232650,-483.0410,39187.2093,OK,0.0000,19.3216,4.0000,96.0000,AG03-UNRESOLVED,ALL5_LEVELS_bet23_to_bet27,19.3216,19.3216,19.3216,0.0000,0.0000,4.000000,4.000000,4.000000,0.000000,0.000000,96.000000,96.000000,96.000000,100.000000,100.000000,5.0,57.9649,55.6772,425.0761,427.3638,PENDING_AG03,FALSE,NOT_FOR_ENFORCEMENT,463.7194,33980.8077,483.0410,463.7194,19.3216,0.01232650,0.01183344,19.3216,463.7194,0.01183344,19.3216,19.3216,19.3216,0.0000,0.0000,463.7194,0.01183344,57.9649,55.6772,425.0761,427.3638,0.01084732,0.0109057,0.00049306,4.6858,5.6707,0.0774,15.5820,0.2688,1264.1035,201.3548,4.5499,4.6885,2.0771,4.1543,6.1317,8.4025,10.5031,18.5864,3.9466,-2.0771,2.528253,4.474023,1.127938,29,192,48,6,0.01915741,0.01232650,0.05216444,0E-8,0.000000,0.903271,0.017936,-0.04061604,2026-05-16,2026-07-20,31,1797,733,66,0.469697,0.970424,0.970991,0.063858,,,,,,,,GLOBAL_BASELINE_NO_ENTITY_RANKING,,,NOT_APPLICABLE_GLOBAL_BASELINE,HF9g-P5,,,,X 全窗基线 · 不参与实体赏罚,8395973,840,A168_HF9F_20260827_0900,2026-08-27 09:00:00
2026-07-04,150107794,1485,0,11.8546376160,-0.6949270326,-0.6949270326,0.6666667,4,3,0.44693361304398639,0.437976050000,0.7655012019942694,0.7983739908840699,0.7655012019942694,0.00895756304398639,ELIGIBLE,R03b_20260811_FULL_v1,L1_ELIGIBILITY,v2026-08-11,2026-03-21..2026-08-06,baccarat_bet02_101_all_pairs_incl_sentinel,round_win = game_pnl > 0 (decisive only),COMPATIBILITY_ONLY_NOT_PRODUCTION,39187.2093,35396.6747,483.0410,8363,6242,-0.01232650,-0.05216444,-0.01154840,-0.01232650,-483.0410,39187.2093,OK,0.0000,19.3216,4.0000,96.0000,AG03-UNRESOLVED,ALL5_LEVELS_bet23_to_bet27,19.3216,19.3216,19.3216,0.0000,0.0000,4.000000,4.000000,4.000000,0.000000,0.000000,96.000000,96.000000,96.000000,100.000000,100.000000,5.0,57.9649,55.6772,425.0761,427.3638,PENDING_AG03,FALSE,NOT_FOR_ENFORCEMENT,463.7194,33980.8077,483.0410,463.7194,19.3216,0.01232650,0.01183344,19.3216,463.7194,0.01183344,19.3216,19.3216,19.3216,0.0000,0.0000,463.7194,0.01183344,57.9649,55.6772,425.0761,427.3638,0.01084732,0.0109057,0.00049306,4.6858,5.6707,0.0774,15.5820,0.2688,1264.1035,201.3548,4.5499,4.6885,2.0771,4.1543,6.1317,8.4025,10.5031,18.5864,3.9466,-2.0771,2.528253,4.474023,1.127938,29,192,48,6,0.01915741,0.01232650,0.05216444,0E-8,0.000000,0.903271,0.017936,-0.04061604,2026-05-16,2026-07-20,31,1797,733,66,0.469697,0.970424,0.970991,0.063858,,,,,,,,GLOBAL_BASELINE_NO_ENTITY_RANKING,,,NOT_APPLICABLE_GLOBAL_BASELINE,HF9g-P5,,,,X 全窗基线 · 不参与实体赏罚,8395974,840,A168_HF9F_20260827_0900,2026-08-27 09:00:00
2026-07-04,150107794,1949,0,13.2853697420,-3.0658545558,-3.0658545558,0.3333333,5,4,0.46337657500054178,0.446766462500,-0.45169633131967163,-0.39519005599683676,-0.45169633131967163,0.01661011250054178,ELIGIBLE,R03b_20260811_FULL_v1,L1_ELIGIBILITY,v2026-08-11,2026-03-21..2026-08-06,baccarat_bet02_101_all_pairs_incl_sentinel,round_win = game_pnl > 0 (decisive only),COMPATIBILITY_ONLY_NOT_PRODUCTION,39187.2093,35396.6747,483.0410,8363,6242,-0.01232650,-0.05216444,-0.01154840,-0.01232650,-483.0410,39187.2093,OK,0.0000,19.3216,4.0000,96.0000,AG03-UNRESOLVED,ALL5_LEVELS_bet23_to_bet27,19.3216,19.3216,19.3216,0.0000,0.0000,4.000000,4.000000,4.000000,0.000000,0.000000,96.000000,96.000000,96.000000,100.000000,100.000000,5.0,57.9649,55.6772,425.0761,427.3638,PENDING_AG03,FALSE,NOT_FOR_ENFORCEMENT,463.7194,33980.8077,483.0410,463.7194,19.3216,0.01232650,0.01183344,19.3216,463.7194,0.01183344,19.3216,19.3216,19.3216,0.0000,0.0000,463.7194,0.01183344,57.9649,55.6772,425.0761,427.3638,0.01084732,0.0109057,0.00049306,4.6858,5.6707,0.0774,15.5820,0.2688,1264.1035,201.3548,4.5499,4.6885,2.0771,4.1543,6.1317,8.4025,10.5031,18.5864,3.9466,-2.0771,2.528253,4.474023,1.127938,29,192,48,6,0.01915741,0.01232650,0.05216444,0E-8,0.000000,0.903271,0.017936,-0.04061604,2026-05-16,2026-07-20,31,1797,733,66,0.469697,0.970424,0.970991,0.063858,,,,,,,,GLOBAL_BASELINE_NO_ENTITY_RANKING,,,NOT_APPLICABLE_GLOBAL_BASELINE,HF9g-P5,,,,X 全窗基线 · 不参与实体赏罚,8395975,840,A168_HF9F_20260827_0900,2026-08-27 09:00:00
2026-07-04,150107794,1966,0,12.6721988309,-2.4526836447,-2.4526836447,0.3333333,4,3,0.45461739189174942,0.431273450000,-0.42188169625225413,-0.34252567542352924,-0.42188169625225413,0.02334394189174942,ELIGIBLE,R03b_20260811_FULL_v1,L1_ELIGIBILITY,v2026-08-11,2026-03-21..2026-08-06,baccarat_bet02_101_all_pairs_incl_sentinel,round_win = game_pnl > 0 (decisive only),COMPATIBILITY_ONLY_NOT_PRODUCTION,39187.2093,35396.6747,483.0410,8363,6242,-0.01232650,-0.05216444,-0.01154840,-0.01232650,-483.0410,39187.2093,OK,0.0000,19.3216,4.0000,96.0000,AG03-UNRESOLVED,ALL5_LEVELS_bet23_to_bet27,19.3216,19.3216,19.3216,0.0000,0.0000,4.000000,4.000000,4.000000,0.000000,0.000000,96.000000,96.000000,96.000000,100.000000,100.000000,5.0,57.9649,55.6772,425.0761,427.3638,PENDING_AG03,FALSE,NOT_FOR_ENFORCEMENT,463.7194,33980.8077,483.0410,463.7194,19.3216,0.01232650,0.01183344,19.3216,463.7194,0.01183344,19.3216,19.3216,19.3216,0.0000,0.0000,463.7194,0.01183344,57.9649,55.6772,425.0761,427.3638,0.01084732,0.0109057,0.00049306,4.6858,5.6707,0.0774,15.5820,0.2688,1264.1035,201.3548,4.5499,4.6885,2.0771,4.1543,6.1317,8.4025,10.5031,18.5864,3.9466,-2.0771,2.528253,4.474023,1.127938,29,192,48,6,0.01915741,0.01232650,0.05216444,0E-8,0.000000,0.903271,0.017936,-0.04061604,2026-05-16,2026-07-20,31,1797,733,66,0.469697,0.970424,0.970991,0.063858,,,,,,,,GLOBAL_BASELINE_NO_ENTITY_RANKING,,,NOT_APPLICABLE_GLOBAL_BASELINE,HF9g-P5,,,,X 全窗基线 · 不参与实体赏罚,8395976,840,A168_HF9F_20260827_0900,2026-08-27 09:00:00
2026-07-04,150107794,1994,0,26.5707394838,10.1173200342,10.1173200342,0.8000000,11,10,0.48263845000021671,0.475994405000,2.008381791298956,2.051557169753943,2.008381791298956,0.00664404500021671,ELIGIBLE,R03b_20260811_FULL_v1,L1_ELIGIBILITY,v2026-08-11,2026-03-21..2026-08-06,baccarat_bet02_101_all_pairs_incl_sentinel,round_win = game_pnl > 0 (decisive only),COMPATIBILITY_ONLY_NOT_PRODUCTION,39187.2093,35396.6747,483.0410,8363,6242,-0.01232650,-0.05216444,-0.01154840,-0.01232650,-483.0410,39187.2093,OK,0.0000,19.3216,4.0000,96.0000,AG03-UNRESOLVED,ALL5_LEVELS_bet23_to_bet27,19.3216,19.3216,19.3216,0.0000,0.0000,4.000000,4.000000,4.000000,0.000000,0.000000,96.000000,96.000000,96.000000,100.000000,100.000000,5.0,57.9649,55.6772,425.0761,427.3638,PENDING_AG03,FALSE,NOT_FOR_ENFORCEMENT,463.7194,33980.8077,483.0410,463.7194,19.3216,0.01232650,0.01183344,19.3216,463.7194,0.01183344,19.3216,19.3216,19.3216,0.0000,0.0000,463.7194,0.01183344,57.9649,55.6772,425.0761,427.3638,0.01084732,0.0109057,0.00049306,4.6858,5.6707,0.0774,15.5820,0.2688,1264.1035,201.3548,4.5499,4.6885,2.0771,4.1543,6.1317,8.4025,10.5031,18.5864,3.9466,-2.0771,2.528253,4.474023,1.127938,29,192,48,6,0.01915741,0.01232650,0.05216444,0E-8,0.000000,0.903271,0.017936,-0.04061604,2026-05-16,2026-07-20,31,1797,733,66,0.469697,0.970424,0.970991,0.063858,,,,,,,,GLOBAL_BASELINE_NO_ENTITY_RANKING,,,NOT_APPLICABLE_GLOBAL_BASELINE,HF9g-P5,,,,X 全窗基线 · 不参与实体赏罚,8395977,840,A168_HF9F_20260827_0900,2026-08-27 09:00:00
2026-07-04,150107794,2093,0,11.4458570084,0.1635122430,0.1635122430,0.6666667,5,4,0.46372904375017500,0.455144712500,0.7048535793582742,0.7356999755936141,0.7048535793582742,0.00858433125017500,ELIGIBLE,R03b_20260811_FULL_v1,L1_ELIGIBILITY,v2026-08-11,2026-03-21..2026-08-06,baccarat_bet02_101_all_pairs_incl_sentinel,round_win = game_pnl > 0 (decisive only),COMPATIBILITY_ONLY_NOT_PRODUCTION,39187.2093,35396.6747,483.0410,8363,6242,-0.01232650,-0.05216444,-0.01154840,-0.01232650,-483.0410,39187.2093,OK,0.0000,19.3216,4.0000,96.0000,AG03-UNRESOLVED,ALL5_LEVELS_bet23_to_bet27,19.3216,19.3216,19.3216,0.0000,0.0000,4.000000,4.000000,4.000000,0.000000,0.000000,96.000000,96.000000,96.000000,100.000000,100.000000,5.0,57.9649,55.6772,425.0761,427.3638,PENDING_AG03,FALSE,NOT_FOR_ENFORCEMENT,463.7194,33980.8077,483.0410,463.7194,19.3216,0.01232650,0.01183344,19.3216,463.7194,0.01183344,19.3216,19.3216,19.3216,0.0000,0.0000,463.7194,0.01183344,57.9649,55.6772,425.0761,427.3638,0.01084732,0.0109057,0.00049306,4.6858,5.6707,0.0774,15.5820,0.2688,1264.1035,201.3548,4.5499,4.6885,2.0771,4.1543,6.1317,8.4025,10.5031,18.5864,3.9466,-2.0771,2.528253,4.474023,1.127938,29,192,48,6,0.01915741,0.01232650,0.05216444,0E-8,0.000000,0.903271,0.017936,-0.04061604,2026-05-16,2026-07-20,31,1797,733,66,0.469697,0.970424,0.970991,0.063858,,,,,,,,GLOBAL_BASELINE_NO_ENTITY_RANKING,,,NOT_APPLICABLE_GLOBAL_BASELINE,HF9g-P5,,,,X 全窗基线 · 不参与实体赏罚,8395978,840,A168_HF9F_20260827_0900,2026-08-27 09:00:00
2026-07-04,150107794,2117,0,4.0878060744,-2.0439030372,-2.0439030372,0E-7,2,2,0.49324550000000000,0.493245500000,-0.9865810262130424,-0.9865810262130424,-0.9865810262130424,0E-17,ELIGIBLE,R03b_20260811_FULL_v1,L1_ELIGIBILITY,v2026-08-11,2026-03-21..2026-08-06,baccarat_bet02_101_all_pairs_incl_sentinel,round_win = game_pnl > 0 (decisive only),COMPATIBILITY_ONLY_NOT_PRODUCTION,39187.2093,35396.6747,483.0410,8363,6242,-0.01232650,-0.05216444,-0.01154840,-0.01232650,-483.0410,39187.2093,OK,0.0000,19.3216,4.0000,96.0000,AG03-UNRESOLVED,ALL5_LEVELS_bet23_to_bet27,19.3216,19.3216,19.3216,0.0000,0.0000,4.000000,4.000000,4.000000,0.000000,0.000000,96.000000,96.000000,96.000000,100.000000,100.000000,5.0,57.9649,55.6772,425.0761,427.3638,PENDING_AG03,FALSE,NOT_FOR_ENFORCEMENT,463.7194,33980.8077,483.0410,463.7194,19.3216,0.01232650,0.01183344,19.3216,463.7194,0.01183344,19.3216,19.3216,19.3216,0.0000,0.0000,463.7194,0.01183344,57.9649,55.6772,425.0761,427.3638,0.01084732,0.0109057,0.00049306,4.6858,5.6707,0.0774,15.5820,0.2688,1264.1035,201.3548,4.5499,4.6885,2.0771,4.1543,6.1317,8.4025,10.5031,18.5864,3.9466,-2.0771,2.528253,4.474023,1.127938,29,192,48,6,0.01915741,0.01232650,0.05216444,0E-8,0.000000,0.903271,0.017936,-0.04061604,2026-05-16,2026-07-20,31,1797,733,66,0.469697,0.970424,0.970991,0.063858,,,,,,,,GLOBAL_BASELINE_NO_ENTITY_RANKING,,,NOT_APPLICABLE_GLOBAL_BASELINE,HF9g-P5,,,,X 全窗基线 · 不参与实体赏罚,8395979,840,A168_HF9F_20260827_0900,2026-08-27 09:00:00
2026-07-04,150107794,2130,0,4.0878060745,-4.0878060745,-4.0878060745,0E-7,1,1,0.50665070000000000,0.506650700000,-1.013391052207602,-1.013391052207602,-1.013391052207602,0E-17,ELIGIBLE,R03b_20260811_FULL_v1,L1_ELIGIBILITY,v2026-08-11,2026-03-21..2026-08-06,baccarat_bet02_101_all_pairs_incl_sentinel,round_win = game_pnl > 0 (decisive only),COMPATIBILITY_ONLY_NOT_PRODUCTION,39187.2093,35396.6747,483.0410,8363,6242,-0.01232650,-0.05216444,-0.01154840,-0.01232650,-483.0410,39187.2093,OK,0.0000,19.3216,4.0000,96.0000,AG03-UNRESOLVED,ALL5_LEVELS_bet23_to_bet27,19.3216,19.3216,19.3216,0.0000,0.0000,4.000000,4.000000,4.000000,0.000000,0.000000,96.000000,96.000000,96.000000,100.000000,100.000000,5.0,57.9649,55.6772,425.0761,427.3638,PENDING_AG03,FALSE,NOT_FOR_ENFORCEMENT,463.7194,33980.8077,483.0410,463.7194,19.3216,0.01232650,0.01183344,19.3216,463.7194,0.01183344,19.3216,19.3216,19.3216,0.0000,0.0000,463.7194,0.01183344,57.9649,55.6772,425.0761,427.3638,0.01084732,0.0109057,0.00049306,4.6858,5.6707,0.0774,15.5820,0.2688,1264.1035,201.3548,4.5499,4.6885,2.0771,4.1543,6.1317,8.4025,10.5031,18.5864,3.9466,-2.0771,2.528253,4.474023,1.127938,29,192,48,6,0.01915741,0.01232650,0.05216444,0E-8,0.000000,0.903271,0.017936,-0.04061604,2026-05-16,2026-07-20,31,1797,733,66,0.469697,0.970424,0.970991,0.063858,,,,,,,,GLOBAL_BASELINE_NO_ENTITY_RANKING,,,NOT_APPLICABLE_GLOBAL_BASELINE,HF9g-P5,,,,X 全窗基线 · 不参与实体赏罚,8395980,840,A168_HF9F_20260827_0900,2026-08-27 09:00:00
2026-07-04,150107794,2152,0,12.6721988309,8.2573682706,8.2573682706,0.7500000,4,4,0.50329940000000000,0.503299400000,0.9868238854431842,0.9868238854431842,0.9868238854431842,0E-17,ELIGIBLE,R03b_20260811_FULL_v1,L1_ELIGIBILITY,v2026-08-11,2026-03-21..2026-08-06,baccarat_bet02_101_all_pairs_incl_sentinel,round_win = game_pnl > 0 (decisive only),COMPATIBILITY_ONLY_NOT_PRODUCTION,39187.2093,35396.6747,483.0410,8363,6242,-0.01232650,-0.05216444,-0.01154840,-0.01232650,-483.0410,39187.2093,OK,0.0000,19.3216,4.0000,96.0000,AG03-UNRESOLVED,ALL5_LEVELS_bet23_to_bet27,19.3216,19.3216,19.3216,0.0000,0.0000,4.000000,4.000000,4.000000,0.000000,0.000000,96.000000,96.000000,96.000000,100.000000,100.000000,5.0,57.9649,55.6772,425.0761,427.3638,PENDING_AG03,FALSE,NOT_FOR_ENFORCEMENT,463.7194,33980.8077,483.0410,463.7194,19.3216,0.01232650,0.01183344,19.3216,463.7194,0.01183344,19.3216,19.3216,19.3216,0.0000,0.0000,463.7194,0.01183344,57.9649,55.6772,425.0761,427.3638,0.01084732,0.0109057,0.00049306,4.6858,5.6707,0.0774,15.5820,0.2688,1264.1035,201.3548,4.5499,4.6885,2.0771,4.1543,6.1317,8.4025,10.5031,18.5864,3.9466,-2.0771,2.528253,4.474023,1.127938,29,192,48,6,0.01915741,0.01232650,0.05216444,0E-8,0.000000,0.903271,0.017936,-0.04061604,2026-05-16,2026-07-20,31,1797,733,66,0.469697,0.970424,0.970991,0.063858,,,,,,,,GLOBAL_BASELINE_NO_ENTITY_RANKING,,,NOT_APPLICABLE_GLOBAL_BASELINE,HF9g-P5,,,,X 全窗基线 · 不参与实体赏罚,8395981,840,A168_HF9F_20260827_0900,2026-08-27 09:00:00
2026-07-04,150107794,2153,0,6.1317091117,1.8395127336,1.8395127336,0.5000000,2,2,0.50665070000000000,0.506650700000,-0.018812684590367487,-0.018812684590367487,-0.018812684590367487,0E-17,ELIGIBLE,R03b_20260811_FULL_v1,L1_ELIGIBILITY,v2026-08-11,2026-03-21..2026-08-06,baccarat_bet02_101_all_pairs_incl_sentinel,round_win = game_pnl > 0 (decisive only),COMPATIBILITY_ONLY_NOT_PRODUCTION,39187.2093,35396.6747,483.0410,8363,6242,-0.01232650,-0.05216444,-0.01154840,-0.01232650,-483.0410,39187.2093,OK,0.0000,19.3216,4.0000,96.0000,AG03-UNRESOLVED,ALL5_LEVELS_bet23_to_bet27,19.3216,19.3216,19.3216,0.0000,0.0000,4.000000,4.000000,4.000000,0.000000,0.000000,96.000000,96.000000,96.000000,100.000000,100.000000,5.0,57.9649,55.6772,425.0761,427.3638,PENDING_AG03,FALSE,NOT_FOR_ENFORCEMENT,463.7194,33980.8077,483.0410,463.7194,19.3216,0.01232650,0.01183344,19.3216,463.7194,0.01183344,19.3216,19.3216,19.3216,0.0000,0.0000,463.7194,0.01183344,57.9649,55.6772,425.0761,427.3638,0.01084732,0.0109057,0.00049306,4.6858,5.6707,0.0774,15.5820,0.2688,1264.1035,201.3548,4.5499,4.6885,2.0771,4.1543,6.1317,8.4025,10.5031,18.5864,3.9466,-2.0771,2.528253,4.474023,1.127938,29,192,48,6,0.01915741,0.01232650,0.05216444,0E-8,0.000000,0.903271,0.017936,-0.04061604,2026-05-16,2026-07-20,31,1797,733,66,0.469697,0.970424,0.970991,0.063858,,,,,,,,GLOBAL_BASELINE_NO_ENTITY_RANKING,,,NOT_APPLICABLE_GLOBAL_BASELINE,HF9g-P5,,,,X 全窗基线 · 不参与实体赏罚,8395982,840,A168_HF9F_20260827_0900,2026-08-27 09:00:00
2026-07-04,150107794,2155,0,4.0878060745,3.8834157708,3.8834157708,1.0000000,1,1,0.50665070000000000,0.506650700000,0.9867858985152569,0.9867858985152569,0.9867858985152569,0E-17,ELIGIBLE,R03b_20260811_FULL_v1,L1_ELIGIBILITY,v2026-08-11,2026-03-21..2026-08-06,baccarat_bet02_101_all_pairs_incl_sentinel,round_win = game_pnl > 0 (decisive only),COMPATIBILITY_ONLY_NOT_PRODUCTION,39187.2093,35396.6747,483.0410,8363,6242,-0.01232650,-0.05216444,-0.01154840,-0.01232650,-483.0410,39187.2093,OK,0.0000,19.3216,4.0000,96.0000,AG03-UNRESOLVED,ALL5_LEVELS_bet23_to_bet27,19.3216,19.3216,19.3216,0.0000,0.0000,4.000000,4.000000,4.000000,0.000000,0.000000,96.000000,96.000000,96.000000,100.000000,100.000000,5.0,57.9649,55.6772,425.0761,427.3638,PENDING_AG03,FALSE,NOT_FOR_ENFORCEMENT,463.7194,33980.8077,483.0410,463.7194,19.3216,0.01232650,0.01183344,19.3216,463.7194,0.01183344,19.3216,19.3216,19.3216,0.0000,0.0000,463.7194,0.01183344,57.9649,55.6772,425.0761,427.3638,0.01084732,0.0109057,0.00049306,4.6858,5.6707,0.0774,15.5820,0.2688,1264.1035,201.3548,4.5499,4.6885,2.0771,4.1543,6.1317,8.4025,10.5031,18.5864,3.9466,-2.0771,2.528253,4.474023,1.127938,29,192,48,6,0.01915741,0.01232650,0.05216444,0E-8,0.000000,0.903271,0.017936,-0.04061604,2026-05-16,2026-07-20,31,1797,733,66,0.469697,0.970424,0.970991,0.063858,,,,,,,,GLOBAL_BASELINE_NO_ENTITY_RANKING,,,NOT_APPLICABLE_GLOBAL_BASELINE,HF9g-P5,,,,X 全窗基线 · 不参与实体赏罚,8395983,840,A168_HF9F_20260827_0900,2026-08-27 09:00:00
2026-07-04,150107794,2175,0,5.5185382005,0.0613170911,0.0613170911,0.5000000,2,2,0.49994810000000000,0.499948100000,0.00014679536856514622,0.00014679536856514622,0.00014679536856514622,0E-17,ELIGIBLE,R03b_20260811_FULL_v1,L1_ELIGIBILITY,v2026-08-11,2026-03-21..2026-08-06,baccarat_bet02_101_all_pairs_incl_sentinel,round_win = game_pnl > 0 (decisive only),COMPATIBILITY_ONLY_NOT_PRODUCTION,39187.2093,35396.6747,483.0410,8363,6242,-0.01232650,-0.05216444,-0.01154840,-0.01232650,-483.0410,39187.2093,OK,0.0000,19.3216,4.0000,96.0000,AG03-UNRESOLVED,ALL5_LEVELS_bet23_to_bet27,19.3216,19.3216,19.3216,0.0000,0.0000,4.000000,4.000000,4.000000,0.000000,0.000000,96.000000,96.000000,96.000000,100.000000,100.000000,5.0,57.9649,55.6772,425.0761,427.3638,PENDING_AG03,FALSE,NOT_FOR_ENFORCEMENT,463.7194,33980.8077,483.0410,463.7194,19.3216,0.01232650,0.01183344,19.3216,463.7194,0.01183344,19.3216,19.3216,19.3216,0.0000,0.0000,463.7194,0.01183344,57.9649,55.6772,425.0761,427.3638,0.01084732,0.0109057,0.00049306,4.6858,5.6707,0.0774,15.5820,0.2688,1264.1035,201.3548,4.5499,4.6885,2.0771,4.1543,6.1317,8.4025,10.5031,18.5864,3.9466,-2.0771,2.528253,4.474023,1.127938,29,192,48,6,0.01915741,0.01232650,0.05216444,0E-8,0.000000,0.903271,0.017936,-0.04061604,2026-05-16,2026-07-20,31,1797,733,66,0.469697,0.970424,0.970991,0.063858,,,,,,,,GLOBAL_BASELINE_NO_ENTITY_RANKING,,,NOT_APPLICABLE_GLOBAL_BASELINE,HF9g-P5,,,,X 全窗基线 · 不参与实体赏罚,8395984,840,A168_HF9F_20260827_0900,2026-08-27 09:00:00
2026-07-04,150107794,2209,0,11.2414667048,-11.2414667048,-11.2414667048,0E-7,4,4,0.39693612500000000,0.396936125000,-1.6225894635926723,-1.6225894635926723,-1.6225894635926723,0E-17,ELIGIBLE,R03b_20260811_FULL_v1,L1_ELIGIBILITY,v2026-08-11,2026-03-21..2026-08-06,baccarat_bet02_101_all_pairs_incl_sentinel,round_win = game_pnl > 0 (decisive only),COMPATIBILITY_ONLY_NOT_PRODUCTION,39187.2093,35396.6747,483.0410,8363,6242,-0.01232650,-0.05216444,-0.01154840,-0.01232650,-483.0410,39187.2093,OK,0.0000,19.3216,4.0000,96.0000,AG03-UNRESOLVED,ALL5_LEVELS_bet23_to_bet27,19.3216,19.3216,19.3216,0.0000,0.0000,4.000000,4.000000,4.000000,0.000000,0.000000,96.000000,96.000000,96.000000,100.000000,100.000000,5.0,57.9649,55.6772,425.0761,427.3638,PENDING_AG03,FALSE,NOT_FOR_ENFORCEMENT,463.7194,33980.8077,483.0410,463.7194,19.3216,0.01232650,0.01183344,19.3216,463.7194,0.01183344,19.3216,19.3216,19.3216,0.0000,0.0000,463.7194,0.01183344,57.9649,55.6772,425.0761,427.3638,0.01084732,0.0109057,0.00049306,4.6858,5.6707,0.0774,15.5820,0.2688,1264.1035,201.3548,4.5499,4.6885,2.0771,4.1543,6.1317,8.4025,10.5031,18.5864,3.9466,-2.0771,2.528253,4.474023,1.127938,29,192,48,6,0.01915741,0.01232650,0.05216444,0E-8,0.000000,0.903271,0.017936,-0.04061604,2026-05-16,2026-07-20,31,1797,733,66,0.469697,0.970424,0.970991,0.063858,,,,,,,,GLOBAL_BASELINE_NO_ENTITY_RANKING,,,NOT_APPLICABLE_GLOBAL_BASELINE,HF9g-P5,,,,X 全窗基线 · 不参与实体赏罚,8395985,840,A168_HF9F_20260827_0900,2026-08-27 09:00:00
2026-07-04,150107794,2239,0,2.0439030372,1.9417078854,1.9417078854,1.0000000,1,1,0.50665070000000000,0.506650700000,0.9867858985152569,0.9867858985152569,0.9867858985152569,0E-17,ELIGIBLE,R03b_20260811_FULL_v1,L1_ELIGIBILITY,v2026-08-11,2026-03-21..2026-08-06,baccarat_bet02_101_all_pairs_incl_sentinel,round_win = game_pnl > 0 (decisive only),COMPATIBILITY_ONLY_NOT_PRODUCTION,39187.2093,35396.6747,483.0410,8363,6242,-0.01232650,-0.05216444,-0.01154840,-0.01232650,-483.0410,39187.2093,OK,0.0000,19.3216,4.0000,96.0000,AG03-UNRESOLVED,ALL5_LEVELS_bet23_to_bet27,19.3216,19.3216,19.3216,0.0000,0.0000,4.000000,4.000000,4.000000,0.000000,0.000000,96.000000,96.000000,96.000000,100.000000,100.000000,5.0,57.9649,55.6772,425.0761,427.3638,PENDING_AG03,FALSE,NOT_FOR_ENFORCEMENT,463.7194,33980.8077,483.0410,463.7194,19.3216,0.01232650,0.01183344,19.3216,463.7194,0.01183344,19.3216,19.3216,19.3216,0.0000,0.0000,463.7194,0.01183344,57.9649,55.6772,425.0761,427.3638,0.01084732,0.0109057,0.00049306,4.6858,5.6707,0.0774,15.5820,0.2688,1264.1035,201.3548,4.5499,4.6885,2.0771,4.1543,6.1317,8.4025,10.5031,18.5864,3.9466,-2.0771,2.528253,4.474023,1.127938,29,192,48,6,0.01915741,0.01232650,0.05216444,0E-8,0.000000,0.903271,0.017936,-0.04061604,2026-05-16,2026-07-20,31,1797,733,66,0.469697,0.970424,0.970991,0.063858,,,,,,,,GLOBAL_BASELINE_NO_ENTITY_RANKING,,,NOT_APPLICABLE_GLOBAL_BASELINE,HF9g-P5,,,,X 全窗基线 · 不参与实体赏罚,8395986,840,A168_HF9F_20260827_0900,2026-08-27 09:00:00
2026-07-04,150107794,2246,0,8.1756121489,-8.1756121489,-8.1756121489,0E-7,3,2,0.43797605000111999,0.403638725000,-1.2484258930879921,-1.1634740288448888,-1.2484258930879921,0.03433732500111999,ELIGIBLE,R03b_20260811_FULL_v1,L1_ELIGIBILITY,v2026-08-11,2026-03-21..2026-08-06,baccarat_bet02_101_all_pairs_incl_sentinel,round_win = game_pnl > 0 (decisive only),COMPATIBILITY_ONLY_NOT_PRODUCTION,39187.2093,35396.6747,483.0410,8363,6242,-0.01232650,-0.05216444,-0.01154840,-0.01232650,-483.0410,39187.2093,OK,0.0000,19.3216,4.0000,96.0000,AG03-UNRESOLVED,ALL5_LEVELS_bet23_to_bet27,19.3216,19.3216,19.3216,0.0000,0.0000,4.000000,4.000000,4.000000,0.000000,0.000000,96.000000,96.000000,96.000000,100.000000,100.000000,5.0,57.9649,55.6772,425.0761,427.3638,PENDING_AG03,FALSE,NOT_FOR_ENFORCEMENT,463.7194,33980.8077,483.0410,463.7194,19.3216,0.01232650,0.01183344,19.3216,463.7194,0.01183344,19.3216,19.3216,19.3216,0.0000,0.0000,463.7194,0.01183344,57.9649,55.6772,425.0761,427.3638,0.01084732,0.0109057,0.00049306,4.6858,5.6707,0.0774,15.5820,0.2688,1264.1035,201.3548,4.5499,4.6885,2.0771,4.1543,6.1317,8.4025,10.5031,18.5864,3.9466,-2.0771,2.528253,4.474023,1.127938,29,192,48,6,0.01915741,0.01232650,0.05216444,0E-8,0.000000,0.903271,0.017936,-0.04061604,2026-05-16,2026-07-20,31,1797,733,66,0.469697,0.970424,0.970991,0.063858,,,,,,,,GLOBAL_BASELINE_NO_ENTITY_RANKING,,,NOT_APPLICABLE_GLOBAL_BASELINE,HF9g-P5,,,,X 全窗基线 · 不参与实体赏罚,8395987,840,A168_HF9F_20260827_0900,2026-08-27 09:00:00
2026-07-04,150107794,2256,0,9.1975636676,-5.2119527450,-5.2119527450,0.3333333,3,3,0.50218230000000000,0.502182300000,-0.5849155494134425,-0.5849155494134426,-0.5849155494134425,0E-17,ELIGIBLE,R03b_20260811_FULL_v1,L1_ELIGIBILITY,v2026-08-11,2026-03-21..2026-08-06,baccarat_bet02_101_all_pairs_incl_sentinel,round_win = game_pnl > 0 (decisive only),COMPATIBILITY_ONLY_NOT_PRODUCTION,39187.2093,35396.6747,483.0410,8363,6242,-0.01232650,-0.05216444,-0.01154840,-0.01232650,-483.0410,39187.2093,OK,0.0000,19.3216,4.0000,96.0000,AG03-UNRESOLVED,ALL5_LEVELS_bet23_to_bet27,19.3216,19.3216,19.3216,0.0000,0.0000,4.000000,4.000000,4.000000,0.000000,0.000000,96.000000,96.000000,96.000000,100.000000,100.000000,5.0,57.9649,55.6772,425.0761,427.3638,PENDING_AG03,FALSE,NOT_FOR_ENFORCEMENT,463.7194,33980.8077,483.0410,463.7194,19.3216,0.01232650,0.01183344,19.3216,463.7194,0.01183344,19.3216,19.3216,19.3216,0.0000,0.0000,463.7194,0.01183344,57.9649,55.6772,425.0761,427.3638,0.01084732,0.0109057,0.00049306,4.6858,5.6707,0.0774,15.5820,0.2688,1264.1035,201.3548,4.5499,4.6885,2.0771,4.1543,6.1317,8.4025,10.5031,18.5864,3.9466,-2.0771,2.528253,4.474023,1.127938,29,192,48,6,0.01915741,0.01232650,0.05216444,0E-8,0.000000,0.903271,0.017936,-0.04061604,2026-05-16,2026-07-20,31,1797,733,66,0.469697,0.970424,0.970991,0.063858,,,,,,,,GLOBAL_BASELINE_NO_ENTITY_RANKING,,,NOT_APPLICABLE_GLOBAL_BASELINE,HF9g-P5,,,,X 全窗基线 · 不参与实体赏罚,8395988,840,A168_HF9F_20260827_0900,2026-08-27 09:00:00
2026-07-04,150107794,2266,0,13.2853697421,-1.5533663082,-1.5533663082,0.6666667,4,4,0.49659680000000000,0.496596800000,0.5891529468324541,0.589152946832454,0.5891529468324541,0E-17,ELIGIBLE,R03b_20260811_FULL_v1,L1_ELIGIBILITY,v2026-08-11,2026-03-21..2026-08-06,baccarat_bet02_101_all_pairs_incl_sentinel,round_win = game_pnl > 0 (decisive only),COMPATIBILITY_ONLY_NOT_PRODUCTION,39187.2093,35396.6747,483.0410,8363,6242,-0.01232650,-0.05216444,-0.01154840,-0.01232650,-483.0410,39187.2093,OK,0.0000,19.3216,4.0000,96.0000,AG03-UNRESOLVED,ALL5_LEVELS_bet23_to_bet27,19.3216,19.3216,19.3216,0.0000,0.0000,4.000000,4.000000,4.000000,0.000000,0.000000,96.000000,96.000000,96.000000,100.000000,100.000000,5.0,57.9649,55.6772,425.0761,427.3638,PENDING_AG03,FALSE,NOT_FOR_ENFORCEMENT,463.7194,33980.8077,483.0410,463.7194,19.3216,0.01232650,0.01183344,19.3216,463.7194,0.01183344,19.3216,19.3216,19.3216,0.0000,0.0000,463.7194,0.01183344,57.9649,55.6772,425.0761,427.3638,0.01084732,0.0109057,0.00049306,4.6858,5.6707,0.0774,15.5820,0.2688,1264.1035,201.3548,4.5499,4.6885,2.0771,4.1543,6.1317,8.4025,10.5031,18.5864,3.9466,-2.0771,2.528253,4.474023,1.127938,29,192,48,6,0.01915741,0.01232650,0.05216444,0E-8,0.000000,0.903271,0.017936,-0.04061604,2026-05-16,2026-07-20,31,1797,733,66,0.469697,0.970424,0.970991,0.063858,,,,,,,,GLOBAL_BASELINE_NO_ENTITY_RANKING,,,NOT_APPLICABLE_GLOBAL_BASELINE,HF9g-P5,,,,X 全窗基线 · 不参与实体赏罚,8395989,840,A168_HF9F_20260827_0900,2026-08-27 09:00:00
2026-07-04,150107794,598,0,2.0439030372,-2.0439030372,-2.0439030372,0E-7,1,1,0.49324550000000000,0.493245500000,-0.9865810262130424,-0.9865810262130424,-0.9865810262130424,0E-17,ELIGIBLE,R03b_20260811_FULL_v1,L1_ELIGIBILITY,v2026-08-11,2026-03-21..2026-08-06,baccarat_bet02_101_all_pairs_incl_sentinel,round_win = game_pnl > 0 (decisive only),COMPATIBILITY_ONLY_NOT_PRODUCTION,39187.2093,35396.6747,483.0410,8363,6242,-0.01232650,-0.05216444,-0.01154840,-0.01232650,-483.0410,39187.2093,OK,0.0000,19.3216,4.0000,96.0000,AG03-UNRESOLVED,ALL5_LEVELS_bet23_to_bet27,19.3216,19.3216,19.3216,0.0000,0.0000,4.000000,4.000000,4.000000,0.000000,0.000000,96.000000,96.000000,96.000000,100.000000,100.000000,5.0,57.9649,55.6772,425.0761,427.3638,PENDING_AG03,FALSE,NOT_FOR_ENFORCEMENT,463.7194,33980.8077,483.0410,463.7194,19.3216,0.01232650,0.01183344,19.3216,463.7194,0.01183344,19.3216,19.3216,19.3216,0.0000,0.0000,463.7194,0.01183344,57.9649,55.6772,425.0761,427.3638,0.01084732,0.0109057,0.00049306,4.6858,5.6707,0.0774,15.5820,0.2688,1264.1035,201.3548,4.5499,4.6885,2.0771,4.1543,6.1317,8.4025,10.5031,18.5864,3.9466,-2.0771,2.528253,4.474023,1.127938,29,192,48,6,0.01915741,0.01232650,0.05216444,0E-8,0.000000,0.903271,0.017936,-0.04061604,2026-05-16,2026-07-20,31,1797,733,66,0.469697,0.970424,0.970991,0.063858,,,,,,,,GLOBAL_BASELINE_NO_ENTITY_RANKING,,,NOT_APPLICABLE_GLOBAL_BASELINE,HF9g-P5,,,,X 全窗基线 · 不参与实体赏罚,8395990,840,A168_HF9F_20260827_0900,2026-08-27 09:00:00
2026-07-04,150107794,627,0,22.4829334095,-1.1752442464,-1.1752442464,0.5714286,9,8,0.47934570500040320,0.474195106250,0.48767298930900843,0.5151977260975832,0.48767298930900843,0.00515059875040320,ELIGIBLE,R03b_20260811_FULL_v1,L1_ELIGIBILITY,v2026-08-11,2026-03-21..2026-08-06,baccarat_bet02_101_all_pairs_incl_sentinel,round_win = game_pnl > 0 (decisive only),COMPATIBILITY_ONLY_NOT_PRODUCTION,39187.2093,35396.6747,483.0410,8363,6242,-0.01232650,-0.05216444,-0.01154840,-0.01232650,-483.0410,39187.2093,OK,0.0000,19.3216,4.0000,96.0000,AG03-UNRESOLVED,ALL5_LEVELS_bet23_to_bet27,19.3216,19.3216,19.3216,0.0000,0.0000,4.000000,4.000000,4.000000,0.000000,0.000000,96.000000,96.000000,96.000000,100.000000,100.000000,5.0,57.9649,55.6772,425.0761,427.3638,PENDING_AG03,FALSE,NOT_FOR_ENFORCEMENT,463.7194,33980.8077,483.0410,463.7194,19.3216,0.01232650,0.01183344,19.3216,463.7194,0.01183344,19.3216,19.3216,19.3216,0.0000,0.0000,463.7194,0.01183344,57.9649,55.6772,425.0761,427.3638,0.01084732,0.0109057,0.00049306,4.6858,5.6707,0.0774,15.5820,0.2688,1264.1035,201.3548,4.5499,4.6885,2.0771,4.1543,6.1317,8.4025,10.5031,18.5864,3.9466,-2.0771,2.528253,4.474023,1.127938,29,192,48,6,0.01915741,0.01232650,0.05216444,0E-8,0.000000,0.903271,0.017936,-0.04061604,2026-05-16,2026-07-20,31,1797,733,66,0.469697,0.970424,0.970991,0.063858,,,,,,,,GLOBAL_BASELINE_NO_ENTITY_RANKING,,,NOT_APPLICABLE_GLOBAL_BASELINE,HF9g-P5,,,,X 全窗基线 · 不参与实体赏罚,8395991,840,A168_HF9F_20260827_0900,2026-08-27 09:00:00
2026-07-20,150107794,-1,1,394.2688958831,-32.7024485956,-32.7024485956,0.3750000,88,45,0.43767701463607425,0.404908877778,-0.799039981055624,-0.38535387327324805,-0.799039981055624,0.03276813685807425,SENTINEL_DEALER,R03b_20260811_FULL_v1,L1_ELIGIBILITY,v2026-08-11,2026-03-21..2026-08-06,baccarat_bet02_101_all_pairs_incl_sentinel,round_win = game_pnl > 0 (decisive only),COMPATIBILITY_ONLY_NOT_PRODUCTION,39187.2093,35396.6747,483.0410,8363,6242,-0.01232650,-0.05216444,-0.01154840,-0.01232650,-483.0410,39187.2093,OK,0.0000,19.3216,4.0000,96.0000,AG03-UNRESOLVED,ALL5_LEVELS_bet23_to_bet27,19.3216,19.3216,19.3216,0.0000,0.0000,4.000000,4.000000,4.000000,0.000000,0.000000,96.000000,96.000000,96.000000,100.000000,100.000000,5.0,57.9649,55.6772,425.0761,427.3638,PENDING_AG03,FALSE,NOT_FOR_ENFORCEMENT,463.7194,33980.8077,483.0410,463.7194,19.3216,0.01232650,0.01183344,19.3216,463.7194,0.01183344,19.3216,19.3216,19.3216,0.0000,0.0000,463.7194,0.01183344,57.9649,55.6772,425.0761,427.3638,0.01084732,0.0109057,0.00049306,4.6858,5.6707,0.0774,15.5820,0.2688,1264.1035,201.3548,4.5499,4.6885,2.0771,4.1543,6.1317,8.4025,10.5031,18.5864,3.9466,-2.0771,2.528253,4.474023,1.127938,29,192,48,6,0.01915741,0.01232650,0.05216444,0E-8,0.000000,0.903271,0.017936,-0.04061604,2026-05-16,2026-07-20,31,1797,733,66,0.469697,0.970424,0.970991,0.063858,,,,,,,,GLOBAL_BASELINE_NO_ENTITY_RANKING,,,NOT_APPLICABLE_GLOBAL_BASELINE,HF9g-P5,,,,X 全窗基线 · 不参与实体赏罚,8395992,840,A168_HF9F_20260827_0900,2026-08-27 09:00:00
2026-07-20,150107794,1094,0,12.2634182234,-4.2921963781,-4.2921963781,0.5000000,3,2,0.45514471250063000,0.403638725000,0.12738353789860477,0.27775789067037676,0.12738353789860477,0.05150598750063000,ELIGIBLE,R03b_20260811_FULL_v1,L1_ELIGIBILITY,v2026-08-11,2026-03-21..2026-08-06,baccarat_bet02_101_all_pairs_incl_sentinel,round_win = game_pnl > 0 (decisive only),COMPATIBILITY_ONLY_NOT_PRODUCTION,39187.2093,35396.6747,483.0410,8363,6242,-0.01232650,-0.05216444,-0.01154840,-0.01232650,-483.0410,39187.2093,OK,0.0000,19.3216,4.0000,96.0000,AG03-UNRESOLVED,ALL5_LEVELS_bet23_to_bet27,19.3216,19.3216,19.3216,0.0000,0.0000,4.000000,4.000000,4.000000,0.000000,0.000000,96.000000,96.000000,96.000000,100.000000,100.000000,5.0,57.9649,55.6772,425.0761,427.3638,PENDING_AG03,FALSE,NOT_FOR_ENFORCEMENT,463.7194,33980.8077,483.0410,463.7194,19.3216,0.01232650,0.01183344,19.3216,463.7194,0.01183344,19.3216,19.3216,19.3216,0.0000,0.0000,463.7194,0.01183344,57.9649,55.6772,425.0761,427.3638,0.01084732,0.0109057,0.00049306,4.6858,5.6707,0.0774,15.5820,0.2688,1264.1035,201.3548,4.5499,4.6885,2.0771,4.1543,6.1317,8.4025,10.5031,18.5864,3.9466,-2.0771,2.528253,4.474023,1.127938,29,192,48,6,0.01915741,0.01232650,0.05216444,0E-8,0.000000,0.903271,0.017936,-0.04061604,2026-05-16,2026-07-20,31,1797,733,66,0.469697,0.970424,0.970991,0.063858,,,,,,,,GLOBAL_BASELINE_NO_ENTITY_RANKING,,,NOT_APPLICABLE_GLOBAL_BASELINE,HF9g-P5,,,,X 全窗基线 · 不参与实体赏罚,8395993,840,A168_HF9F_20260827_0900,2026-08-27 09:00:00
2026-07-20,150107794,1750,0,5.5185382006,-0.7358050934,-0.7358050934,0.5000000,2,2,0.50665070000000000,0.506650700000,-0.018812684590367487,-0.018812684590367487,-0.018812684590367487,0E-17,ELIGIBLE,R03b_20260811_FULL_v1,L1_ELIGIBILITY,v2026-08-11,2026-03-21..2026-08-06,baccarat_bet02_101_all_pairs_incl_sentinel,round_win = game_pnl > 0 (decisive only),COMPATIBILITY_ONLY_NOT_PRODUCTION,39187.2093,35396.6747,483.0410,8363,6242,-0.01232650,-0.05216444,-0.01154840,-0.01232650,-483.0410,39187.2093,OK,0.0000,19.3216,4.0000,96.0000,AG03-UNRESOLVED,ALL5_LEVELS_bet23_to_bet27,19.3216,19.3216,19.3216,0.0000,0.0000,4.000000,4.000000,4.000000,0.000000,0.000000,96.000000,96.000000,96.000000,100.000000,100.000000,5.0,57.9649,55.6772,425.0761,427.3638,PENDING_AG03,FALSE,NOT_FOR_ENFORCEMENT,463.7194,33980.8077,483.0410,463.7194,19.3216,0.01232650,0.01183344,19.3216,463.7194,0.01183344,19.3216,19.3216,19.3216,0.0000,0.0000,463.7194,0.01183344,57.9649,55.6772,425.0761,427.3638,0.01084732,0.0109057,0.00049306,4.6858,5.6707,0.0774,15.5820,0.2688,1264.1035,201.3548,4.5499,4.6885,2.0771,4.1543,6.1317,8.4025,10.5031,18.5864,3.9466,-2.0771,2.528253,4.474023,1.127938,29,192,48,6,0.01915741,0.01232650,0.05216444,0E-8,0.000000,0.903271,0.017936,-0.04061604,2026-05-16,2026-07-20,31,1797,733,66,0.469697,0.970424,0.970991,0.063858,,,,,,,,GLOBAL_BASELINE_NO_ENTITY_RANKING,,,NOT_APPLICABLE_GLOBAL_BASELINE,HF9g-P5,,,,X 全窗基线 · 不参与实体赏罚,8395994,840,A168_HF9F_20260827_0900,2026-08-27 09:00:00
2026-07-20,150107794,2088,0,8.1756121489,-8.1756121489,-8.1756121489,0E-7,2,1,0.39358482500121900,0.293924150000,-0.8056272404044375,-0.6451964315166089,-0.8056272404044375,0.09966067500121900,ELIGIBLE,R03b_20260811_FULL_v1,L1_ELIGIBILITY,v2026-08-11,2026-03-21..2026-08-06,baccarat_bet02_101_all_pairs_incl_sentinel,round_win = game_pnl > 0 (decisive only),COMPATIBILITY_ONLY_NOT_PRODUCTION,39187.2093,35396.6747,483.0410,8363,6242,-0.01232650,-0.05216444,-0.01154840,-0.01232650,-483.0410,39187.2093,OK,0.0000,19.3216,4.0000,96.0000,AG03-UNRESOLVED,ALL5_LEVELS_bet23_to_bet27,19.3216,19.3216,19.3216,0.0000,0.0000,4.000000,4.000000,4.000000,0.000000,0.000000,96.000000,96.000000,96.000000,100.000000,100.000000,5.0,57.9649,55.6772,425.0761,427.3638,PENDING_AG03,FALSE,NOT_FOR_ENFORCEMENT,463.7194,33980.8077,483.0410,463.7194,19.3216,0.01232650,0.01183344,19.3216,463.7194,0.01183344,19.3216,19.3216,19.3216,0.0000,0.0000,463.7194,0.01183344,57.9649,55.6772,425.0761,427.3638,0.01084732,0.0109057,0.00049306,4.6858,5.6707,0.0774,15.5820,0.2688,1264.1035,201.3548,4.5499,4.6885,2.0771,4.1543,6.1317,8.4025,10.5031,18.5864,3.9466,-2.0771,2.528253,4.474023,1.127938,29,192,48,6,0.01915741,0.01232650,0.05216444,0E-8,0.000000,0.903271,0.017936,-0.04061604,2026-05-16,2026-07-20,31,1797,733,66,0.469697,0.970424,0.970991,0.063858,,,,,,,,GLOBAL_BASELINE_NO_ENTITY_RANKING,,,NOT_APPLICABLE_GLOBAL_BASELINE,HF9g-P5,,,,X 全窗基线 · 不参与实体赏罚,8395995,840,A168_HF9F_20260827_0900,2026-08-27 09:00:00
2026-07-20,150107794,2123,0,16.3512242978,7.5624412378,7.5624412378,1.0000000,4,2,0.40363872500125999,0.300626750000,1.7189898101811434,2.157027567203367,1.7189898101811434,0.10301197500125999,ELIGIBLE,R03b_20260811_FULL_v1,L1_ELIGIBILITY,v2026-08-11,2026-03-21..2026-08-06,baccarat_bet02_101_all_pairs_incl_sentinel,round_win = game_pnl > 0 (decisive only),COMPATIBILITY_ONLY_NOT_PRODUCTION,39187.2093,35396.6747,483.0410,8363,6242,-0.01232650,-0.05216444,-0.01154840,-0.01232650,-483.0410,39187.2093,OK,0.0000,19.3216,4.0000,96.0000,AG03-UNRESOLVED,ALL5_LEVELS_bet23_to_bet27,19.3216,19.3216,19.3216,0.0000,0.0000,4.000000,4.000000,4.000000,0.000000,0.000000,96.000000,96.000000,96.000000,100.000000,100.000000,5.0,57.9649,55.6772,425.0761,427.3638,PENDING_AG03,FALSE,NOT_FOR_ENFORCEMENT,463.7194,33980.8077,483.0410,463.7194,19.3216,0.01232650,0.01183344,19.3216,463.7194,0.01183344,19.3216,19.3216,19.3216,0.0000,0.0000,463.7194,0.01183344,57.9649,55.6772,425.0761,427.3638,0.01084732,0.0109057,0.00049306,4.6858,5.6707,0.0774,15.5820,0.2688,1264.1035,201.3548,4.5499,4.6885,2.0771,4.1543,6.1317,8.4025,10.5031,18.5864,3.9466,-2.0771,2.528253,4.474023,1.127938,29,192,48,6,0.01915741,0.01232650,0.05216444,0E-8,0.000000,0.903271,0.017936,-0.04061604,2026-05-16,2026-07-20,31,1797,733,66,0.469697,0.970424,0.970991,0.063858,,,,,,,,GLOBAL_BASELINE_NO_ENTITY_RANKING,,,NOT_APPLICABLE_GLOBAL_BASELINE,HF9g-P5,,,,X 全窗基线 · 不参与实体赏罚,8395996,840,A168_HF9F_20260827_0900,2026-08-27 09:00:00
2026-07-20,150107794,2141,0,2.0439030372,-2.0439030372,-2.0439030372,0E-7,1,1,0.50665070000000000,0.506650700000,-1.013391052207602,-1.013391052207602,-1.013391052207602,0E-17,ELIGIBLE,R03b_20260811_FULL_v1,L1_ELIGIBILITY,v2026-08-11,2026-03-21..2026-08-06,baccarat_bet02_101_all_pairs_incl_sentinel,round_win = game_pnl > 0 (decisive only),COMPATIBILITY_ONLY_NOT_PRODUCTION,39187.2093,35396.6747,483.0410,8363,6242,-0.01232650,-0.05216444,-0.01154840,-0.01232650,-483.0410,39187.2093,OK,0.0000,19.3216,4.0000,96.0000,AG03-UNRESOLVED,ALL5_LEVELS_bet23_to_bet27,19.3216,19.3216,19.3216,0.0000,0.0000,4.000000,4.000000,4.000000,0.000000,0.000000,96.000000,96.000000,96.000000,100.000000,100.000000,5.0,57.9649,55.6772,425.0761,427.3638,PENDING_AG03,FALSE,NOT_FOR_ENFORCEMENT,463.7194,33980.8077,483.0410,463.7194,19.3216,0.01232650,0.01183344,19.3216,463.7194,0.01183344,19.3216,19.3216,19.3216,0.0000,0.0000,463.7194,0.01183344,57.9649,55.6772,425.0761,427.3638,0.01084732,0.0109057,0.00049306,4.6858,5.6707,0.0774,15.5820,0.2688,1264.1035,201.3548,4.5499,4.6885,2.0771,4.1543,6.1317,8.4025,10.5031,18.5864,3.9466,-2.0771,2.528253,4.474023,1.127938,29,192,48,6,0.01915741,0.01232650,0.05216444,0E-8,0.000000,0.903271,0.017936,-0.04061604,2026-05-16,2026-07-20,31,1797,733,66,0.469697,0.970424,0.970991,0.063858,,,,,,,,GLOBAL_BASELINE_NO_ENTITY_RANKING,,,NOT_APPLICABLE_GLOBAL_BASELINE,HF9g-P5,,,,X 全窗基线 · 不参与实体赏罚,8395997,840,A168_HF9F_20260827_0900,2026-08-27 09:00:00
2026-07-20,150107794,2169,0,61.3170911171,7.7668315415,7.7668315415,0.6000000,12,5,0.43485844100064484,0.364833000000,0.7448842772110151,1.092371499785877,0.7448842772110151,0.07002544100064484,ELIGIBLE,R03b_20260811_FULL_v1,L1_ELIGIBILITY,v2026-08-11,2026-03-21..2026-08-06,baccarat_bet02_101_all_pairs_incl_sentinel,round_win = game_pnl > 0 (decisive only),COMPATIBILITY_ONLY_NOT_PRODUCTION,39187.2093,35396.6747,483.0410,8363,6242,-0.01232650,-0.05216444,-0.01154840,-0.01232650,-483.0410,39187.2093,OK,0.0000,19.3216,4.0000,96.0000,AG03-UNRESOLVED,ALL5_LEVELS_bet23_to_bet27,19.3216,19.3216,19.3216,0.0000,0.0000,4.000000,4.000000,4.000000,0.000000,0.000000,96.000000,96.000000,96.000000,100.000000,100.000000,5.0,57.9649,55.6772,425.0761,427.3638,PENDING_AG03,FALSE,NOT_FOR_ENFORCEMENT,463.7194,33980.8077,483.0410,463.7194,19.3216,0.01232650,0.01183344,19.3216,463.7194,0.01183344,19.3216,19.3216,19.3216,0.0000,0.0000,463.7194,0.01183344,57.9649,55.6772,425.0761,427.3638,0.01084732,0.0109057,0.00049306,4.6858,5.6707,0.0774,15.5820,0.2688,1264.1035,201.3548,4.5499,4.6885,2.0771,4.1543,6.1317,8.4025,10.5031,18.5864,3.9466,-2.0771,2.528253,4.474023,1.127938,29,192,48,6,0.01915741,0.01232650,0.05216444,0E-8,0.000000,0.903271,0.017936,-0.04061604,2026-05-16,2026-07-20,31,1797,733,66,0.469697,0.970424,0.970991,0.063858,,,,,,,,GLOBAL_BASELINE_NO_ENTITY_RANKING,,,NOT_APPLICABLE_GLOBAL_BASELINE,HF9g-P5,,,,X 全窗基线 · 不参与实体赏罚,8395998,840,A168_HF9F_20260827_0900,2026-08-27 09:00:00
2026-07-20,150107794,2201,0,145.1171156443,14.4095164127,14.4095164127,0.5833333,27,12,0.46026858199443752,0.431832000000,0.8553222829201719,1.0595251796146665,0.8553222829201719,0.02843658199443752,ELIGIBLE,R03b_20260811_FULL_v1,L1_ELIGIBILITY,v2026-08-11,2026-03-21..2026-08-06,baccarat_bet02_101_all_pairs_incl_sentinel,round_win = game_pnl > 0 (decisive only),COMPATIBILITY_ONLY_NOT_PRODUCTION,39187.2093,35396.6747,483.0410,8363,6242,-0.01232650,-0.05216444,-0.01154840,-0.01232650,-483.0410,39187.2093,OK,0.0000,19.3216,4.0000,96.0000,AG03-UNRESOLVED,ALL5_LEVELS_bet23_to_bet27,19.3216,19.3216,19.3216,0.0000,0.0000,4.000000,4.000000,4.000000,0.000000,0.000000,96.000000,96.000000,96.000000,100.000000,100.000000,5.0,57.9649,55.6772,425.0761,427.3638,PENDING_AG03,FALSE,NOT_FOR_ENFORCEMENT,463.7194,33980.8077,483.0410,463.7194,19.3216,0.01232650,0.01183344,19.3216,463.7194,0.01183344,19.3216,19.3216,19.3216,0.0000,0.0000,463.7194,0.01183344,57.9649,55.6772,425.0761,427.3638,0.01084732,0.0109057,0.00049306,4.6858,5.6707,0.0774,15.5820,0.2688,1264.1035,201.3548,4.5499,4.6885,2.0771,4.1543,6.1317,8.4025,10.5031,18.5864,3.9466,-2.0771,2.528253,4.474023,1.127938,29,192,48,6,0.01915741,0.01232650,0.05216444,0E-8,0.000000,0.903271,0.017936,-0.04061604,2026-05-16,2026-07-20,31,1797,733,66,0.469697,0.970424,0.970991,0.063858,,,,,,,,GLOBAL_BASELINE_NO_ENTITY_RANKING,,,NOT_APPLICABLE_GLOBAL_BASELINE,HF9g-P5,,,,X 全窗基线 · 不参与实体赏罚,8395999,840,A168_HF9F_20260827_0900,2026-08-27 09:00:00
2026-07-20,150107794,2205,0,2.0439030372,-2.0439030372,-2.0439030372,0E-7,1,1,0.50665070000000000,0.506650700000,-1.013391052207602,-1.013391052207602,-1.013391052207602,0E-17,ELIGIBLE,R03b_20260811_FULL_v1,L1_ELIGIBILITY,v2026-08-11,2026-03-21..2026-08-06,baccarat_bet02_101_all_pairs_incl_sentinel,round_win = game_pnl > 0 (decisive only),COMPATIBILITY_ONLY_NOT_PRODUCTION,39187.2093,35396.6747,483.0410,8363,6242,-0.01232650,-0.05216444,-0.01154840,-0.01232650,-483.0410,39187.2093,OK,0.0000,19.3216,4.0000,96.0000,AG03-UNRESOLVED,ALL5_LEVELS_bet23_to_bet27,19.3216,19.3216,19.3216,0.0000,0.0000,4.000000,4.000000,4.000000,0.000000,0.000000,96.000000,96.000000,96.000000,100.000000,100.000000,5.0,57.9649,55.6772,425.0761,427.3638,PENDING_AG03,FALSE,NOT_FOR_ENFORCEMENT,463.7194,33980.8077,483.0410,463.7194,19.3216,0.01232650,0.01183344,19.3216,463.7194,0.01183344,19.3216,19.3216,19.3216,0.0000,0.0000,463.7194,0.01183344,57.9649,55.6772,425.0761,427.3638,0.01084732,0.0109057,0.00049306,4.6858,5.6707,0.0774,15.5820,0.2688,1264.1035,201.3548,4.5499,4.6885,2.0771,4.1543,6.1317,8.4025,10.5031,18.5864,3.9466,-2.0771,2.528253,4.474023,1.127938,29,192,48,6,0.01915741,0.01232650,0.05216444,0E-8,0.000000,0.903271,0.017936,-0.04061604,2026-05-16,2026-07-20,31,1797,733,66,0.469697,0.970424,0.970991,0.063858,,,,,,,,GLOBAL_BASELINE_NO_ENTITY_RANKING,,,NOT_APPLICABLE_GLOBAL_BASELINE,HF9g-P5,,,,X 全窗基线 · 不参与实体赏罚,8396000,840,A168_HF9F_20260827_0900,2026-08-27 09:00:00
2026-07-20,150107794,2209,0,8.1756121489,3.7812206190,3.7812206190,1.0000000,3,2,0.50441650000003644,0.503299400000,1.4017764996684723,1.4049120381089935,1.4017764996684723,0.00111710000003644,ELIGIBLE,R03b_20260811_FULL_v1,L1_ELIGIBILITY,v2026-08-11,2026-03-21..2026-08-06,baccarat_bet02_101_all_pairs_incl_sentinel,round_win = game_pnl > 0 (decisive only),COMPATIBILITY_ONLY_NOT_PRODUCTION,39187.2093,35396.6747,483.0410,8363,6242,-0.01232650,-0.05216444,-0.01154840,-0.01232650,-483.0410,39187.2093,OK,0.0000,19.3216,4.0000,96.0000,AG03-UNRESOLVED,ALL5_LEVELS_bet23_to_bet27,19.3216,19.3216,19.3216,0.0000,0.0000,4.000000,4.000000,4.000000,0.000000,0.000000,96.000000,96.000000,96.000000,100.000000,100.000000,5.0,57.9649,55.6772,425.0761,427.3638,PENDING_AG03,FALSE,NOT_FOR_ENFORCEMENT,463.7194,33980.8077,483.0410,463.7194,19.3216,0.01232650,0.01183344,19.3216,463.7194,0.01183344,19.3216,19.3216,19.3216,0.0000,0.0000,463.7194,0.01183344,57.9649,55.6772,425.0761,427.3638,0.01084732,0.0109057,0.00049306,4.6858,5.6707,0.0774,15.5820,0.2688,1264.1035,201.3548,4.5499,4.6885,2.0771,4.1543,6.1317,8.4025,10.5031,18.5864,3.9466,-2.0771,2.528253,4.474023,1.127938,29,192,48,6,0.01915741,0.01232650,0.05216444,0E-8,0.000000,0.903271,0.017936,-0.04061604,2026-05-16,2026-07-20,31,1797,733,66,0.469697,0.970424,0.970991,0.063858,,,,,,,,GLOBAL_BASELINE_NO_ENTITY_RANKING,,,NOT_APPLICABLE_GLOBAL_BASELINE,HF9g-P5,,,,X 全窗基线 · 不参与实体赏罚,8396001,840,A168_HF9F_20260827_0900,2026-08-27 09:00:00
2026-07-20,150107794,2216,0,6.1317091117,1.8395127336,1.8395127336,1.0000000,2,1,0.36930140000223998,0.300626750000,1.3068340945986314,1.5252488199758223,1.3068340945986314,0.06867465000223998,ELIGIBLE,R03b_20260811_FULL_v1,L1_ELIGIBILITY,v2026-08-11,2026-03-21..2026-08-06,baccarat_bet02_101_all_pairs_incl_sentinel,round_win = game_pnl > 0 (decisive only),COMPATIBILITY_ONLY_NOT_PRODUCTION,39187.2093,35396.6747,483.0410,8363,6242,-0.01232650,-0.05216444,-0.01154840,-0.01232650,-483.0410,39187.2093,OK,0.0000,19.3216,4.0000,96.0000,AG03-UNRESOLVED,ALL5_LEVELS_bet23_to_bet27,19.3216,19.3216,19.3216,0.0000,0.0000,4.000000,4.000000,4.000000,0.000000,0.000000,96.000000,96.000000,96.000000,100.000000,100.000000,5.0,57.9649,55.6772,425.0761,427.3638,PENDING_AG03,FALSE,NOT_FOR_ENFORCEMENT,463.7194,33980.8077,483.0410,463.7194,19.3216,0.01232650,0.01183344,19.3216,463.7194,0.01183344,19.3216,19.3216,19.3216,0.0000,0.0000,463.7194,0.01183344,57.9649,55.6772,425.0761,427.3638,0.01084732,0.0109057,0.00049306,4.6858,5.6707,0.0774,15.5820,0.2688,1264.1035,201.3548,4.5499,4.6885,2.0771,4.1543,6.1317,8.4025,10.5031,18.5864,3.9466,-2.0771,2.528253,4.474023,1.127938,29,192,48,6,0.01915741,0.01232650,0.05216444,0E-8,0.000000,0.903271,0.017936,-0.04061604,2026-05-16,2026-07-20,31,1797,733,66,0.469697,0.970424,0.970991,0.063858,,,,,,,,GLOBAL_BASELINE_NO_ENTITY_RANKING,,,NOT_APPLICABLE_GLOBAL_BASELINE,HF9g-P5,,,,X 全窗基线 · 不参与实体赏罚,8396002,840,A168_HF9F_20260827_0900,2026-08-27 09:00:00
2026-07-20,150107794,2223,0,6.1317091117,5.8251236561,5.8251236561,1.0000000,1,1,0.50665070000000000,0.506650700000,0.9867858985152569,0.9867858985152569,0.9867858985152569,0E-17,ELIGIBLE,R03b_20260811_FULL_v1,L1_ELIGIBILITY,v2026-08-11,2026-03-21..2026-08-06,baccarat_bet02_101_all_pairs_incl_sentinel,round_win = game_pnl > 0 (decisive only),COMPATIBILITY_ONLY_NOT_PRODUCTION,39187.2093,35396.6747,483.0410,8363,6242,-0.01232650,-0.05216444,-0.01154840,-0.01232650,-483.0410,39187.2093,OK,0.0000,19.3216,4.0000,96.0000,AG03-UNRESOLVED,ALL5_LEVELS_bet23_to_bet27,19.3216,19.3216,19.3216,0.0000,0.0000,4.000000,4.000000,4.000000,0.000000,0.000000,96.000000,96.000000,96.000000,100.000000,100.000000,5.0,57.9649,55.6772,425.0761,427.3638,PENDING_AG03,FALSE,NOT_FOR_ENFORCEMENT,463.7194,33980.8077,483.0410,463.7194,19.3216,0.01232650,0.01183344,19.3216,463.7194,0.01183344,19.3216,19.3216,19.3216,0.0000,0.0000,463.7194,0.01183344,57.9649,55.6772,425.0761,427.3638,0.01084732,0.0109057,0.00049306,4.6858,5.6707,0.0774,15.5820,0.2688,1264.1035,201.3548,4.5499,4.6885,2.0771,4.1543,6.1317,8.4025,10.5031,18.5864,3.9466,-2.0771,2.528253,4.474023,1.127938,29,192,48,6,0.01915741,0.01232650,0.05216444,0E-8,0.000000,0.903271,0.017936,-0.04061604,2026-05-16,2026-07-20,31,1797,733,66,0.469697,0.970424,0.970991,0.063858,,,,,,,,GLOBAL_BASELINE_NO_ENTITY_RANKING,,,NOT_APPLICABLE_GLOBAL_BASELINE,HF9g-P5,,,,X 全窗基线 · 不参与实体赏罚,8396003,840,A168_HF9F_20260827_0900,2026-08-27 09:00:00
2026-07-20,150107794,2233,0,15.7380533867,-7.5624412377,-7.5624412377,0E-7,4,2,0.47007917500054178,0.435741850000,-1.3319717390525991,-1.2427698654363877,-1.3319717390525991,0.03433732500054178,ELIGIBLE,R03b_20260811_FULL_v1,L1_ELIGIBILITY,v2026-08-11,2026-03-21..2026-08-06,baccarat_bet02_101_all_pairs_incl_sentinel,round_win = game_pnl > 0 (decisive only),COMPATIBILITY_ONLY_NOT_PRODUCTION,39187.2093,35396.6747,483.0410,8363,6242,-0.01232650,-0.05216444,-0.01154840,-0.01232650,-483.0410,39187.2093,OK,0.0000,19.3216,4.0000,96.0000,AG03-UNRESOLVED,ALL5_LEVELS_bet23_to_bet27,19.3216,19.3216,19.3216,0.0000,0.0000,4.000000,4.000000,4.000000,0.000000,0.000000,96.000000,96.000000,96.000000,100.000000,100.000000,5.0,57.9649,55.6772,425.0761,427.3638,PENDING_AG03,FALSE,NOT_FOR_ENFORCEMENT,463.7194,33980.8077,483.0410,463.7194,19.3216,0.01232650,0.01183344,19.3216,463.7194,0.01183344,19.3216,19.3216,19.3216,0.0000,0.0000,463.7194,0.01183344,57.9649,55.6772,425.0761,427.3638,0.01084732,0.0109057,0.00049306,4.6858,5.6707,0.0774,15.5820,0.2688,1264.1035,201.3548,4.5499,4.6885,2.0771,4.1543,6.1317,8.4025,10.5031,18.5864,3.9466,-2.0771,2.528253,4.474023,1.127938,29,192,48,6,0.01915741,0.01232650,0.05216444,0E-8,0.000000,0.903271,0.017936,-0.04061604,2026-05-16,2026-07-20,31,1797,733,66,0.469697,0.970424,0.970991,0.063858,,,,,,,,GLOBAL_BASELINE_NO_ENTITY_RANKING,,,NOT_APPLICABLE_GLOBAL_BASELINE,HF9g-P5,,,,X 全窗基线 · 不参与实体赏罚,8396004,840,A168_HF9F_20260827_0900,2026-08-27 09:00:00
2026-07-20,150107794,2239,0,20.4390303724,-0.3065854556,-0.3065854556,0.5000000,5,2,0.46008383000078016,0.432390550000,0.1132614739894221,0.19300097157533275,0.1132614739894221,0.02769328000078016,ELIGIBLE,R03b_20260811_FULL_v1,L1_ELIGIBILITY,v2026-08-11,2026-03-21..2026-08-06,baccarat_bet02_101_all_pairs_incl_sentinel,round_win = game_pnl > 0 (decisive only),COMPATIBILITY_ONLY_NOT_PRODUCTION,39187.2093,35396.6747,483.0410,8363,6242,-0.01232650,-0.05216444,-0.01154840,-0.01232650,-483.0410,39187.2093,OK,0.0000,19.3216,4.0000,96.0000,AG03-UNRESOLVED,ALL5_LEVELS_bet23_to_bet27,19.3216,19.3216,19.3216,0.0000,0.0000,4.000000,4.000000,4.000000,0.000000,0.000000,96.000000,96.000000,96.000000,100.000000,100.000000,5.0,57.9649,55.6772,425.0761,427.3638,PENDING_AG03,FALSE,NOT_FOR_ENFORCEMENT,463.7194,33980.8077,483.0410,463.7194,19.3216,0.01232650,0.01183344,19.3216,463.7194,0.01183344,19.3216,19.3216,19.3216,0.0000,0.0000,463.7194,0.01183344,57.9649,55.6772,425.0761,427.3638,0.01084732,0.0109057,0.00049306,4.6858,5.6707,0.0774,15.5820,0.2688,1264.1035,201.3548,4.5499,4.6885,2.0771,4.1543,6.1317,8.4025,10.5031,18.5864,3.9466,-2.0771,2.528253,4.474023,1.127938,29,192,48,6,0.01915741,0.01232650,0.05216444,0E-8,0.000000,0.903271,0.017936,-0.04061604,2026-05-16,2026-07-20,31,1797,733,66,0.469697,0.970424,0.970991,0.063858,,,,,,,,GLOBAL_BASELINE_NO_ENTITY_RANKING,,,NOT_APPLICABLE_GLOBAL_BASELINE,HF9g-P5,,,,X 全窗基线 · 不参与实体赏罚,8396005,840,A168_HF9F_20260827_0900,2026-08-27 09:00:00
2026-07-20,150107794,2254,0,20.4390303724,4.0878060744,4.0878060744,0.5000000,4,2,0.38647006250063000,0.300626750000,0.32972326243589684,0.6149128471998733,0.32972326243589684,0.08584331250063000,ELIGIBLE,R03b_20260811_FULL_v1,L1_ELIGIBILITY,v2026-08-11,2026-03-21..2026-08-06,baccarat_bet02_101_all_pairs_incl_sentinel,round_win = game_pnl > 0 (decisive only),COMPATIBILITY_ONLY_NOT_PRODUCTION,39187.2093,35396.6747,483.0410,8363,6242,-0.01232650,-0.05216444,-0.01154840,-0.01232650,-483.0410,39187.2093,OK,0.0000,19.3216,4.0000,96.0000,AG03-UNRESOLVED,ALL5_LEVELS_bet23_to_bet27,19.3216,19.3216,19.3216,0.0000,0.0000,4.000000,4.000000,4.000000,0.000000,0.000000,96.000000,96.000000,96.000000,100.000000,100.000000,5.0,57.9649,55.6772,425.0761,427.3638,PENDING_AG03,FALSE,NOT_FOR_ENFORCEMENT,463.7194,33980.8077,483.0410,463.7194,19.3216,0.01232650,0.01183344,19.3216,463.7194,0.01183344,19.3216,19.3216,19.3216,0.0000,0.0000,463.7194,0.01183344,57.9649,55.6772,425.0761,427.3638,0.01084732,0.0109057,0.00049306,4.6858,5.6707,0.0774,15.5820,0.2688,1264.1035,201.3548,4.5499,4.6885,2.0771,4.1543,6.1317,8.4025,10.5031,18.5864,3.9466,-2.0771,2.528253,4.474023,1.127938,29,192,48,6,0.01915741,0.01232650,0.05216444,0E-8,0.000000,0.903271,0.017936,-0.04061604,2026-05-16,2026-07-20,31,1797,733,66,0.469697,0.970424,0.970991,0.063858,,,,,,,,GLOBAL_BASELINE_NO_ENTITY_RANKING,,,NOT_APPLICABLE_GLOBAL_BASELINE,HF9g-P5,,,,X 全窗基线 · 不参与实体赏罚,8396006,840,A168_HF9F_20260827_0900,2026-08-27 09:00:00
2026-07-20,150107794,583,0,4.0878060745,-4.0878060745,-4.0878060745,0E-7,1,1,0.49324550000000000,0.493245500000,-0.9865810262130424,-0.9865810262130424,-0.9865810262130424,0E-17,ELIGIBLE,R03b_20260811_FULL_v1,L1_ELIGIBILITY,v2026-08-11,2026-03-21..2026-08-06,baccarat_bet02_101_all_pairs_incl_sentinel,round_win = game_pnl > 0 (decisive only),COMPATIBILITY_ONLY_NOT_PRODUCTION,39187.2093,35396.6747,483.0410,8363,6242,-0.01232650,-0.05216444,-0.01154840,-0.01232650,-483.0410,39187.2093,OK,0.0000,19.3216,4.0000,96.0000,AG03-UNRESOLVED,ALL5_LEVELS_bet23_to_bet27,19.3216,19.3216,19.3216,0.0000,0.0000,4.000000,4.000000,4.000000,0.000000,0.000000,96.000000,96.000000,96.000000,100.000000,100.000000,5.0,57.9649,55.6772,425.0761,427.3638,PENDING_AG03,FALSE,NOT_FOR_ENFORCEMENT,463.7194,33980.8077,483.0410,463.7194,19.3216,0.01232650,0.01183344,19.3216,463.7194,0.01183344,19.3216,19.3216,19.3216,0.0000,0.0000,463.7194,0.01183344,57.9649,55.6772,425.0761,427.3638,0.01084732,0.0109057,0.00049306,4.6858,5.6707,0.0774,15.5820,0.2688,1264.1035,201.3548,4.5499,4.6885,2.0771,4.1543,6.1317,8.4025,10.5031,18.5864,3.9466,-2.0771,2.528253,4.474023,1.127938,29,192,48,6,0.01915741,0.01232650,0.05216444,0E-8,0.000000,0.903271,0.017936,-0.04061604,2026-05-16,2026-07-20,31,1797,733,66,0.469697,0.970424,0.970991,0.063858,,,,,,,,GLOBAL_BASELINE_NO_ENTITY_RANKING,,,NOT_APPLICABLE_GLOBAL_BASELINE,HF9g-P5,,,,X 全窗基线 · 不参与实体赏罚,8396007,840,A168_HF9F_20260827_0900,2026-08-27 09:00:00
2026-07-20,150107794,752,0,10.2195151862,-10.2195151862,-10.2195151862,0E-7,2,1,0.41351696000156032,0.293924150000,-0.8396899096226904,-0.6451964315166089,-0.8396899096226904,0.11959281000156032,ELIGIBLE,R03b_20260811_FULL_v1,L1_ELIGIBILITY,v2026-08-11,2026-03-21..2026-08-06,baccarat_bet02_101_all_pairs_incl_sentinel,round_win = game_pnl > 0 (decisive only),COMPATIBILITY_ONLY_NOT_PRODUCTION,39187.2093,35396.6747,483.0410,8363,6242,-0.01232650,-0.05216444,-0.01154840,-0.01232650,-483.0410,39187.2093,OK,0.0000,19.3216,4.0000,96.0000,AG03-UNRESOLVED,ALL5_LEVELS_bet23_to_bet27,19.3216,19.3216,19.3216,0.0000,0.0000,4.000000,4.000000,4.000000,0.000000,0.000000,96.000000,96.000000,96.000000,100.000000,100.000000,5.0,57.9649,55.6772,425.0761,427.3638,PENDING_AG03,FALSE,NOT_FOR_ENFORCEMENT,463.7194,33980.8077,483.0410,463.7194,19.3216,0.01232650,0.01183344,19.3216,463.7194,0.01183344,19.3216,19.3216,19.3216,0.0000,0.0000,463.7194,0.01183344,57.9649,55.6772,425.0761,427.3638,0.01084732,0.0109057,0.00049306,4.6858,5.6707,0.0774,15.5820,0.2688,1264.1035,201.3548,4.5499,4.6885,2.0771,4.1543,6.1317,8.4025,10.5031,18.5864,3.9466,-2.0771,2.528253,4.474023,1.127938,29,192,48,6,0.01915741,0.01232650,0.05216444,0E-8,0.000000,0.903271,0.017936,-0.04061604,2026-05-16,2026-07-20,31,1797,733,66,0.469697,0.970424,0.970991,0.063858,,,,,,,,GLOBAL_BASELINE_NO_ENTITY_RANKING,,,NOT_APPLICABLE_GLOBAL_BASELINE,HF9g-P5,,,,X 全窗基线 · 不参与实体赏罚,8396008,840,A168_HF9F_20260827_0900,2026-08-27 09:00:00
2026-07-20,150107794,772,0,12.2634182234,-12.2634182234,-12.2634182234,0E-7,3,2,0.43350765000108356,0.400287425000,-1.2371328983344188,-1.1553920997617628,-1.2371328983344188,0.03322022500108356,ELIGIBLE,R03b_20260811_FULL_v1,L1_ELIGIBILITY,v2026-08-11,2026-03-21..2026-08-06,baccarat_bet02_101_all_pairs_incl_sentinel,round_win = game_pnl > 0 (decisive only),COMPATIBILITY_ONLY_NOT_PRODUCTION,39187.2093,35396.6747,483.0410,8363,6242,-0.01232650,-0.05216444,-0.01154840,-0.01232650,-483.0410,39187.2093,OK,0.0000,19.3216,4.0000,96.0000,AG03-UNRESOLVED,ALL5_LEVELS_bet23_to_bet27,19.3216,19.3216,19.3216,0.0000,0.0000,4.000000,4.000000,4.000000,0.000000,0.000000,96.000000,96.000000,96.000000,100.000000,100.000000,5.0,57.9649,55.6772,425.0761,427.3638,PENDING_AG03,FALSE,NOT_FOR_ENFORCEMENT,463.7194,33980.8077,483.0410,463.7194,19.3216,0.01232650,0.01183344,19.3216,463.7194,0.01183344,19.3216,19.3216,19.3216,0.0000,0.0000,463.7194,0.01183344,57.9649,55.6772,425.0761,427.3638,0.01084732,0.0109057,0.00049306,4.6858,5.6707,0.0774,15.5820,0.2688,1264.1035,201.3548,4.5499,4.6885,2.0771,4.1543,6.1317,8.4025,10.5031,18.5864,3.9466,-2.0771,2.528253,4.474023,1.127938,29,192,48,6,0.01915741,0.01232650,0.05216444,0E-8,0.000000,0.903271,0.017936,-0.04061604,2026-05-16,2026-07-20,31,1797,733,66,0.469697,0.970424,0.970991,0.063858,,,,,,,,GLOBAL_BASELINE_NO_ENTITY_RANKING,,,NOT_APPLICABLE_GLOBAL_BASELINE,HF9g-P5,,,,X 全窗基线 · 不参与实体赏罚,8396009,840,A168_HF9F_20260827_0900,2026-08-27 09:00:00
2026-05-31,150832344,-1,1,106.5575473070,-106.5575473070,-106.5575473070,0E-7,1,1,0.50665070000000000,0.506650700000,-1.013391052207602,-1.013391052207602,-1.013391052207602,0E-17,SENTINEL_DEALER,R03b_20260811_FULL_v1,L1_ELIGIBILITY,v2026-08-11,2026-03-21..2026-08-06,baccarat_bet02_101_all_pairs_incl_sentinel,round_win = game_pnl > 0 (decisive only),COMPATIBILITY_ONLY_NOT_PRODUCTION,17195.2309,15230.2515,483.0713,141,141,-0.02809333,,-0.02809333,-0.02809333,-483.0713,17195.2309,OK,0.0000,19.3229,4.0000,96.0000,AG03-UNRESOLVED,ALL5_LEVELS_bet23_to_bet27,19.3229,19.3229,19.3229,28.9843,28.9843,4.000000,4.000000,4.000000,6.000000,6.000000,96.000000,96.000000,96.000000,94.000000,94.000000,5.0,115.9371,105.429,367.1342,377.6423,PENDING_AG03,FALSE,NOT_FOR_ENFORCEMENT,463.7484,14621.0415,483.0713,463.7484,19.3229,0.02809333,0.02696960,19.3229,463.7484,0.02696960,19.3229,19.3229,19.3229,28.9843,28.9843,463.7484,0.02696960,115.9371,105.429,367.1342,377.6423,0.02135093,0.02196204,0.00112373,121.9520,108.0160,3.4260,69.0102,6.9010,2456.4616,20.1429,,121.9520,41.5429,103.8573,169.8066,211.8687,385.7257,418.42,83.0858,0.0,3.713998,4.028799,1.174227,28,41,8,2,0E-8,0.02809333,,0E-8,0.000000,0.885725,0.000000,,2026-05-31,2026-06-25,7,70,60,26,0.269231,,,0.000000,,,,,,,,GLOBAL_BASELINE_NO_ENTITY_RANKING,,,NOT_APPLICABLE_GLOBAL_BASELINE,HF9g-P5,,,,X 全窗基线 · 不参与实体赏罚,8396010,840,A168_HF9F_20260827_0900,2026-08-27 09:00:00
2026-05-31,150832344,1400,0,101.1569698606,-101.1569698606,-101.1569698606,0E-7,1,1,0.50665070000000000,0.506650700000,-1.013391052207602,-1.013391052207602,-1.013391052207602,0E-17,ELIGIBLE,R03b_20260811_FULL_v1,L1_ELIGIBILITY,v2026-08-11,2026-03-21..2026-08-06,baccarat_bet02_101_all_pairs_incl_sentinel,round_win = game_pnl > 0 (decisive only),COMPATIBILITY_ONLY_NOT_PRODUCTION,17195.2309,15230.2515,483.0713,141,141,-0.02809333,,-0.02809333,-0.02809333,-483.0713,17195.2309,OK,0.0000,19.3229,4.0000,96.0000,AG03-UNRESOLVED,ALL5_LEVELS_bet23_to_bet27,19.3229,19.3229,19.3229,28.9843,28.9843,4.000000,4.000000,4.000000,6.000000,6.000000,96.000000,96.000000,96.000000,94.000000,94.000000,5.0,115.9371,105.429,367.1342,377.6423,PENDING_AG03,FALSE,NOT_FOR_ENFORCEMENT,463.7484,14621.0415,483.0713,463.7484,19.3229,0.02809333,0.02696960,19.3229,463.7484,0.02696960,19.3229,19.3229,19.3229,28.9843,28.9843,463.7484,0.02696960,115.9371,105.429,367.1342,377.6423,0.02135093,0.02196204,0.00112373,121.9520,108.0160,3.4260,69.0102,6.9010,2456.4616,20.1429,,121.9520,41.5429,103.8573,169.8066,211.8687,385.7257,418.42,83.0858,0.0,3.713998,4.028799,1.174227,28,41,8,2,0E-8,0.02809333,,0E-8,0.000000,0.885725,0.000000,,2026-05-31,2026-06-25,7,70,60,26,0.269231,,,0.000000,,,,,,,,GLOBAL_BASELINE_NO_ENTITY_RANKING,,,NOT_APPLICABLE_GLOBAL_BASELINE,HF9g-P5,,,,X 全窗基线 · 不参与实体赏罚,8396011,840,A168_HF9F_20260827_0900,2026-08-27 09:00:00
2026-05-31,150832344,2107,0,106.5575473070,101.2296699416,101.2296699416,1.0000000,1,1,0.50665070000000000,0.506650700000,0.9867858985152569,0.9867858985152569,0.9867858985152569,0E-17,ELIGIBLE,R03b_20260811_FULL_v1,L1_ELIGIBILITY,v2026-08-11,2026-03-21..2026-08-06,baccarat_bet02_101_all_pairs_incl_sentinel,round_win = game_pnl > 0 (decisive only),COMPATIBILITY_ONLY_NOT_PRODUCTION,17195.2309,15230.2515,483.0713,141,141,-0.02809333,,-0.02809333,-0.02809333,-483.0713,17195.2309,OK,0.0000,19.3229,4.0000,96.0000,AG03-UNRESOLVED,ALL5_LEVELS_bet23_to_bet27,19.3229,19.3229,19.3229,28.9843,28.9843,4.000000,4.000000,4.000000,6.000000,6.000000,96.000000,96.000000,96.000000,94.000000,94.000000,5.0,115.9371,105.429,367.1342,377.6423,PENDING_AG03,FALSE,NOT_FOR_ENFORCEMENT,463.7484,14621.0415,483.0713,463.7484,19.3229,0.02809333,0.02696960,19.3229,463.7484,0.02696960,19.3229,19.3229,19.3229,28.9843,28.9843,463.7484,0.02696960,115.9371,105.429,367.1342,377.6423,0.02135093,0.02196204,0.00112373,121.9520,108.0160,3.4260,69.0102,6.9010,2456.4616,20.1429,,121.9520,41.5429,103.8573,169.8066,211.8687,385.7257,418.42,83.0858,0.0,3.713998,4.028799,1.174227,28,41,8,2,0E-8,0.02809333,,0E-8,0.000000,0.885725,0.000000,,2026-05-31,2026-06-25,7,70,60,26,0.269231,,,0.000000,,,,,,,,GLOBAL_BASELINE_NO_ENTITY_RANKING,,,NOT_APPLICABLE_GLOBAL_BASELINE,HF9g-P5,,,,X 全窗基线 · 不参与实体赏罚,8396012,840,A168_HF9F_20260827_0900,2026-08-27 09:00:00
2026-06-01,150832344,-1,1,3873.8757451757,839.1666493569,839.1666493569,0.5882353,20,20,0.50262914000000000,0.502629140000,0.7059361907217612,0.7059361907217612,0.7059361907217612,0E-17,SENTINEL_DEALER,R03b_20260811_FULL_v1,L1_ELIGIBILITY,v2026-08-11,2026-03-21..2026-08-06,baccarat_bet02_101_all_pairs_incl_sentinel,round_win = game_pnl > 0 (decisive only),COMPATIBILITY_ONLY_NOT_PRODUCTION,17195.2309,15230.2515,483.0713,141,141,-0.02809333,,-0.02809333,-0.02809333,-483.0713,17195.2309,OK,0.0000,19.3229,4.0000,96.0000,AG03-UNRESOLVED,ALL5_LEVELS_bet23_to_bet27,19.3229,19.3229,19.3229,28.9843,28.9843,4.000000,4.000000,4.000000,6.000000,6.000000,96.000000,96.000000,96.000000,94.000000,94.000000,5.0,115.9371,105.429,367.1342,377.6423,PENDING_AG03,FALSE,NOT_FOR_ENFORCEMENT,463.7484,14621.0415,483.0713,463.7484,19.3229,0.02809333,0.02696960,19.3229,463.7484,0.02696960,19.3229,19.3229,19.3229,28.9843,28.9843,463.7484,0.02696960,115.9371,105.429,367.1342,377.6423,0.02135093,0.02196204,0.00112373,121.9520,108.0160,3.4260,69.0102,6.9010,2456.4616,20.1429,,121.9520,41.5429,103.8573,169.8066,211.8687,385.7257,418.42,83.0858,0.0,3.713998,4.028799,1.174227,28,41,8,2,0E-8,0.02809333,,0E-8,0.000000,0.885725,0.000000,,2026-05-31,2026-06-25,7,70,60,26,0.269231,,,0.000000,,,,,,,,GLOBAL_BASELINE_NO_ENTITY_RANKING,,,NOT_APPLICABLE_GLOBAL_BASELINE,HF9g-P5,,,,X 全窗基线 · 不参与实体赏罚,8396013,840,A168_HF9F_20260827_0900,2026-08-27 09:00:00
2026-06-01,150832344,1384,0,623.1435515028,-415.4290343352,-415.4290343352,0E-7,2,2,0.50665070000000000,0.506650700000,-1.013391052207602,-1.013391052207602,-1.013391052207602,0E-17,ELIGIBLE,R03b_20260811_FULL_v1,L1_ELIGIBILITY,v2026-08-11,2026-03-21..2026-08-06,baccarat_bet02_101_all_pairs_incl_sentinel,round_win = game_pnl > 0 (decisive only),COMPATIBILITY_ONLY_NOT_PRODUCTION,17195.2309,15230.2515,483.0713,141,141,-0.02809333,,-0.02809333,-0.02809333,-483.0713,17195.2309,OK,0.0000,19.3229,4.0000,96.0000,AG03-UNRESOLVED,ALL5_LEVELS_bet23_to_bet27,19.3229,19.3229,19.3229,28.9843,28.9843,4.000000,4.000000,4.000000,6.000000,6.000000,96.000000,96.000000,96.000000,94.000000,94.000000,5.0,115.9371,105.429,367.1342,377.6423,PENDING_AG03,FALSE,NOT_FOR_ENFORCEMENT,463.7484,14621.0415,483.0713,463.7484,19.3229,0.02809333,0.02696960,19.3229,463.7484,0.02696960,19.3229,19.3229,19.3229,28.9843,28.9843,463.7484,0.02696960,115.9371,105.429,367.1342,377.6423,0.02135093,0.02196204,0.00112373,121.9520,108.0160,3.4260,69.0102,6.9010,2456.4616,20.1429,,121.9520,41.5429,103.8573,169.8066,211.8687,385.7257,418.42,83.0858,0.0,3.713998,4.028799,1.174227,28,41,8,2,0E-8,0.02809333,,0E-8,0.000000,0.885725,0.000000,,2026-05-31,2026-06-25,7,70,60,26,0.269231,,,0.000000,,,,,,,,GLOBAL_BASELINE_NO_ENTITY_RANKING,,,NOT_APPLICABLE_GLOBAL_BASELINE,HF9g-P5,,,,X 全窗基线 · 不参与实体赏罚,8396014,840,A168_HF9F_20260827_0900,2026-08-27 09:00:00
2026-06-01,150832344,1385,0,41.5429034335,-41.5429034335,-41.5429034335,0E-7,1,1,0.50665070000000000,0.506650700000,-1.013391052207602,-1.013391052207602,-1.013391052207602,0E-17,ELIGIBLE,R03b_20260811_FULL_v1,L1_ELIGIBILITY,v2026-08-11,2026-03-21..2026-08-06,baccarat_bet02_101_all_pairs_incl_sentinel,round_win = game_pnl > 0 (decisive only),COMPATIBILITY_ONLY_NOT_PRODUCTION,17195.2309,15230.2515,483.0713,141,141,-0.02809333,,-0.02809333,-0.02809333,-483.0713,17195.2309,OK,0.0000,19.3229,4.0000,96.0000,AG03-UNRESOLVED,ALL5_LEVELS_bet23_to_bet27,19.3229,19.3229,19.3229,28.9843,28.9843,4.000000,4.000000,4.000000,6.000000,6.000000,96.000000,96.000000,96.000000,94.000000,94.000000,5.0,115.9371,105.429,367.1342,377.6423,PENDING_AG03,FALSE,NOT_FOR_ENFORCEMENT,463.7484,14621.0415,483.0713,463.7484,19.3229,0.02809333,0.02696960,19.3229,463.7484,0.02696960,19.3229,19.3229,19.3229,28.9843,28.9843,463.7484,0.02696960,115.9371,105.429,367.1342,377.6423,0.02135093,0.02196204,0.00112373,121.9520,108.0160,3.4260,69.0102,6.9010,2456.4616,20.1429,,121.9520,41.5429,103.8573,169.8066,211.8687,385.7257,418.42,83.0858,0.0,3.713998,4.028799,1.174227,28,41,8,2,0E-8,0.02809333,,0E-8,0.000000,0.885725,0.000000,,2026-05-31,2026-06-25,7,70,60,26,0.269231,,,0.000000,,,,,,,,GLOBAL_BASELINE_NO_ENTITY_RANKING,,,NOT_APPLICABLE_GLOBAL_BASELINE,HF9g-P5,,,,X 全窗基线 · 不参与实体赏罚,8396015,840,A168_HF9F_20260827_0900,2026-08-27 09:00:00
2026-06-01,150832344,1485,0,20.7714517168,20.7714517168,20.7714517168,1.0000000,1,1,0.49324550000000000,0.493245500000,1.01360149184955,1.01360149184955,1.01360149184955,0E-17,ELIGIBLE,R03b_20260811_FULL_v1,L1_ELIGIBILITY,v2026-08-11,2026-03-21..2026-08-06,baccarat_bet02_101_all_pairs_incl_sentinel,round_win = game_pnl > 0 (decisive only),COMPATIBILITY_ONLY_NOT_PRODUCTION,17195.2309,15230.2515,483.0713,141,141,-0.02809333,,-0.02809333,-0.02809333,-483.0713,17195.2309,OK,0.0000,19.3229,4.0000,96.0000,AG03-UNRESOLVED,ALL5_LEVELS_bet23_to_bet27,19.3229,19.3229,19.3229,28.9843,28.9843,4.000000,4.000000,4.000000,6.000000,6.000000,96.000000,96.000000,96.000000,94.000000,94.000000,5.0,115.9371,105.429,367.1342,377.6423,PENDING_AG03,FALSE,NOT_FOR_ENFORCEMENT,463.7484,14621.0415,483.0713,463.7484,19.3229,0.02809333,0.02696960,19.3229,463.7484,0.02696960,19.3229,19.3229,19.3229,28.9843,28.9843,463.7484,0.02696960,115.9371,105.429,367.1342,377.6423,0.02135093,0.02196204,0.00112373,121.9520,108.0160,3.4260,69.0102,6.9010,2456.4616,20.1429,,121.9520,41.5429,103.8573,169.8066,211.8687,385.7257,418.42,83.0858,0.0,3.713998,4.028799,1.174227,28,41,8,2,0E-8,0.02809333,,0E-8,0.000000,0.885725,0.000000,,2026-05-31,2026-06-25,7,70,60,26,0.269231,,,0.000000,,,,,,,,GLOBAL_BASELINE_NO_ENTITY_RANKING,,,NOT_APPLICABLE_GLOBAL_BASELINE,HF9g-P5,,,,X 全窗基线 · 不参与实体赏罚,8396016,840,A168_HF9F_20260827_0900,2026-08-27 09:00:00
2026-06-01,150832344,1507,0,62.3143551503,62.3143551503,62.3143551503,1.0000000,2,2,0.49324550000000000,0.493245500000,1.4334489766152358,1.4334489766152358,1.4334489766152358,0E-17,ELIGIBLE,R03b_20260811_FULL_v1,L1_ELIGIBILITY,v2026-08-11,2026-03-21..2026-08-06,baccarat_bet02_101_all_pairs_incl_sentinel,round_win = game_pnl > 0 (decisive only),COMPATIBILITY_ONLY_NOT_PRODUCTION,17195.2309,15230.2515,483.0713,141,141,-0.02809333,,-0.02809333,-0.02809333,-483.0713,17195.2309,OK,0.0000,19.3229,4.0000,96.0000,AG03-UNRESOLVED,ALL5_LEVELS_bet23_to_bet27,19.3229,19.3229,19.3229,28.9843,28.9843,4.000000,4.000000,4.000000,6.000000,6.000000,96.000000,96.000000,96.000000,94.000000,94.000000,5.0,115.9371,105.429,367.1342,377.6423,PENDING_AG03,FALSE,NOT_FOR_ENFORCEMENT,463.7484,14621.0415,483.0713,463.7484,19.3229,0.02809333,0.02696960,19.3229,463.7484,0.02696960,19.3229,19.3229,19.3229,28.9843,28.9843,463.7484,0.02696960,115.9371,105.429,367.1342,377.6423,0.02135093,0.02196204,0.00112373,121.9520,108.0160,3.4260,69.0102,6.9010,2456.4616,20.1429,,121.9520,41.5429,103.8573,169.8066,211.8687,385.7257,418.42,83.0858,0.0,3.713998,4.028799,1.174227,28,41,8,2,0E-8,0.02809333,,0E-8,0.000000,0.885725,0.000000,,2026-05-31,2026-06-25,7,70,60,26,0.269231,,,0.000000,,,,,,,,GLOBAL_BASELINE_NO_ENTITY_RANKING,,,NOT_APPLICABLE_GLOBAL_BASELINE,HF9g-P5,,,,X 全窗基线 · 不参与实体赏罚,8396017,840,A168_HF9F_20260827_0900,2026-08-27 09:00:00
2026-06-01,150832344,1994,0,207.7145171676,207.7145171676,207.7145171676,1.0000000,1,1,0.49324550000000000,0.493245500000,1.01360149184955,1.01360149184955,1.01360149184955,0E-17,ELIGIBLE,R03b_20260811_FULL_v1,L1_ELIGIBILITY,v2026-08-11,2026-03-21..2026-08-06,baccarat_bet02_101_all_pairs_incl_sentinel,round_win = game_pnl > 0 (decisive only),COMPATIBILITY_ONLY_NOT_PRODUCTION,17195.2309,15230.2515,483.0713,141,141,-0.02809333,,-0.02809333,-0.02809333,-483.0713,17195.2309,OK,0.0000,19.3229,4.0000,96.0000,AG03-UNRESOLVED,ALL5_LEVELS_bet23_to_bet27,19.3229,19.3229,19.3229,28.9843,28.9843,4.000000,4.000000,4.000000,6.000000,6.000000,96.000000,96.000000,96.000000,94.000000,94.000000,5.0,115.9371,105.429,367.1342,377.6423,PENDING_AG03,FALSE,NOT_FOR_ENFORCEMENT,463.7484,14621.0415,483.0713,463.7484,19.3229,0.02809333,0.02696960,19.3229,463.7484,0.02696960,19.3229,19.3229,19.3229,28.9843,28.9843,463.7484,0.02696960,115.9371,105.429,367.1342,377.6423,0.02135093,0.02196204,0.00112373,121.9520,108.0160,3.4260,69.0102,6.9010,2456.4616,20.1429,,121.9520,41.5429,103.8573,169.8066,211.8687,385.7257,418.42,83.0858,0.0,3.713998,4.028799,1.174227,28,41,8,2,0E-8,0.02809333,,0E-8,0.000000,0.885725,0.000000,,2026-05-31,2026-06-25,7,70,60,26,0.269231,,,0.000000,,,,,,,,GLOBAL_BASELINE_NO_ENTITY_RANKING,,,NOT_APPLICABLE_GLOBAL_BASELINE,HF9g-P5,,,,X 全窗基线 · 不参与实体赏罚,8396018,840,A168_HF9F_20260827_0900,2026-08-27 09:00:00
2026-06-01,150832344,2160,0,332.3432274682,157.8630330474,157.8630330474,1.0000000,2,2,0.50665070000000000,0.506650700000,0.9867858985152569,0.9867858985152569,0.9867858985152569,0E-17,ELIGIBLE,R03b_20260811_FULL_v1,L1_ELIGIBILITY,v2026-08-11,2026-03-21..2026-08-06,baccarat_bet02_101_all_pairs_incl_sentinel,round_win = game_pnl > 0 (decisive only),COMPATIBILITY_ONLY_NOT_PRODUCTION,17195.2309,15230.2515,483.0713,141,141,-0.02809333,,-0.02809333,-0.02809333,-483.0713,17195.2309,OK,0.0000,19.3229,4.0000,96.0000,AG03-UNRESOLVED,ALL5_LEVELS_bet23_to_bet27,19.3229,19.3229,19.3229,28.9843,28.9843,4.000000,4.000000,4.000000,6.000000,6.000000,96.000000,96.000000,96.000000,94.000000,94.000000,5.0,115.9371,105.429,367.1342,377.6423,PENDING_AG03,FALSE,NOT_FOR_ENFORCEMENT,463.7484,14621.0415,483.0713,463.7484,19.3229,0.02809333,0.02696960,19.3229,463.7484,0.02696960,19.3229,19.3229,19.3229,28.9843,28.9843,463.7484,0.02696960,115.9371,105.429,367.1342,377.6423,0.02135093,0.02196204,0.00112373,121.9520,108.0160,3.4260,69.0102,6.9010,2456.4616,20.1429,,121.9520,41.5429,103.8573,169.8066,211.8687,385.7257,418.42,83.0858,0.0,3.713998,4.028799,1.174227,28,41,8,2,0E-8,0.02809333,,0E-8,0.000000,0.885725,0.000000,,2026-05-31,2026-06-25,7,70,60,26,0.269231,,,0.000000,,,,,,,,GLOBAL_BASELINE_NO_ENTITY_RANKING,,,NOT_APPLICABLE_GLOBAL_BASELINE,HF9g-P5,,,,X 全窗基线 · 不参与实体赏罚,8396019,840,A168_HF9F_20260827_0900,2026-08-27 09:00:00
2026-06-01,150832344,2175,0,83.0858068670,78.9315165236,78.9315165236,1.0000000,2,2,0.50665070000000000,0.506650700000,1.3955260008387969,1.3955260008387969,1.3955260008387969,0E-17,ELIGIBLE,R03b_20260811_FULL_v1,L1_ELIGIBILITY,v2026-08-11,2026-03-21..2026-08-06,baccarat_bet02_101_all_pairs_incl_sentinel,round_win = game_pnl > 0 (decisive only),COMPATIBILITY_ONLY_NOT_PRODUCTION,17195.2309,15230.2515,483.0713,141,141,-0.02809333,,-0.02809333,-0.02809333,-483.0713,17195.2309,OK,0.0000,19.3229,4.0000,96.0000,AG03-UNRESOLVED,ALL5_LEVELS_bet23_to_bet27,19.3229,19.3229,19.3229,28.9843,28.9843,4.000000,4.000000,4.000000,6.000000,6.000000,96.000000,96.000000,96.000000,94.000000,94.000000,5.0,115.9371,105.429,367.1342,377.6423,PENDING_AG03,FALSE,NOT_FOR_ENFORCEMENT,463.7484,14621.0415,483.0713,463.7484,19.3229,0.02809333,0.02696960,19.3229,463.7484,0.02696960,19.3229,19.3229,19.3229,28.9843,28.9843,463.7484,0.02696960,115.9371,105.429,367.1342,377.6423,0.02135093,0.02196204,0.00112373,121.9520,108.0160,3.4260,69.0102,6.9010,2456.4616,20.1429,,121.9520,41.5429,103.8573,169.8066,211.8687,385.7257,418.42,83.0858,0.0,3.713998,4.028799,1.174227,28,41,8,2,0E-8,0.02809333,,0E-8,0.000000,0.885725,0.000000,,2026-05-31,2026-06-25,7,70,60,26,0.269231,,,0.000000,,,,,,,,GLOBAL_BASELINE_NO_ENTITY_RANKING,,,NOT_APPLICABLE_GLOBAL_BASELINE,HF9g-P5,,,,X 全窗基线 · 不参与实体赏罚,8396020,840,A168_HF9F_20260827_0900,2026-08-27 09:00:00
2026-06-01,150832344,2234,0,78.9315165237,-78.9315165237,-78.9315165237,0E-7,1,1,0.50665070000000000,0.506650700000,-1.013391052207602,-1.013391052207602,-1.013391052207602,0E-17,ELIGIBLE,R03b_20260811_FULL_v1,L1_ELIGIBILITY,v2026-08-11,2026-03-21..2026-08-06,baccarat_bet02_101_all_pairs_incl_sentinel,round_win = game_pnl > 0 (decisive only),COMPATIBILITY_ONLY_NOT_PRODUCTION,17195.2309,15230.2515,483.0713,141,141,-0.02809333,,-0.02809333,-0.02809333,-483.0713,17195.2309,OK,0.0000,19.3229,4.0000,96.0000,AG03-UNRESOLVED,ALL5_LEVELS_bet23_to_bet27,19.3229,19.3229,19.3229,28.9843,28.9843,4.000000,4.000000,4.000000,6.000000,6.000000,96.000000,96.000000,96.000000,94.000000,94.000000,5.0,115.9371,105.429,367.1342,377.6423,PENDING_AG03,FALSE,NOT_FOR_ENFORCEMENT,463.7484,14621.0415,483.0713,463.7484,19.3229,0.02809333,0.02696960,19.3229,463.7484,0.02696960,19.3229,19.3229,19.3229,28.9843,28.9843,463.7484,0.02696960,115.9371,105.429,367.1342,377.6423,0.02135093,0.02196204,0.00112373,121.9520,108.0160,3.4260,69.0102,6.9010,2456.4616,20.1429,,121.9520,41.5429,103.8573,169.8066,211.8687,385.7257,418.42,83.0858,0.0,3.713998,4.028799,1.174227,28,41,8,2,0E-8,0.02809333,,0E-8,0.000000,0.885725,0.000000,,2026-05-31,2026-06-25,7,70,60,26,0.269231,,,0.000000,,,,,,,,GLOBAL_BASELINE_NO_ENTITY_RANKING,,,NOT_APPLICABLE_GLOBAL_BASELINE,HF9g-P5,,,,X 全窗基线 · 不参与实体赏罚,8396021,840,A168_HF9F_20260827_0900,2026-08-27 09:00:00
2026-06-01,150832344,2248,0,334.4203726397,-0.3115717759,-0.3115717759,0.5714286,7,7,0.50282064285714286,0.502820642857,0.36304481076852674,0.3630448107692821,0.36304481076852674,1.4286E-13,ELIGIBLE,R03b_20260811_FULL_v1,L1_ELIGIBILITY,v2026-08-11,2026-03-21..2026-08-06,baccarat_bet02_101_all_pairs_incl_sentinel,round_win = game_pnl > 0 (decisive only),COMPATIBILITY_ONLY_NOT_PRODUCTION,17195.2309,15230.2515,483.0713,141,141,-0.02809333,,-0.02809333,-0.02809333,-483.0713,17195.2309,OK,0.0000,19.3229,4.0000,96.0000,AG03-UNRESOLVED,ALL5_LEVELS_bet23_to_bet27,19.3229,19.3229,19.3229,28.9843,28.9843,4.000000,4.000000,4.000000,6.000000,6.000000,96.000000,96.000000,96.000000,94.000000,94.000000,5.0,115.9371,105.429,367.1342,377.6423,PENDING_AG03,FALSE,NOT_FOR_ENFORCEMENT,463.7484,14621.0415,483.0713,463.7484,19.3229,0.02809333,0.02696960,19.3229,463.7484,0.02696960,19.3229,19.3229,19.3229,28.9843,28.9843,463.7484,0.02696960,115.9371,105.429,367.1342,377.6423,0.02135093,0.02196204,0.00112373,121.9520,108.0160,3.4260,69.0102,6.9010,2456.4616,20.1429,,121.9520,41.5429,103.8573,169.8066,211.8687,385.7257,418.42,83.0858,0.0,3.713998,4.028799,1.174227,28,41,8,2,0E-8,0.02809333,,0E-8,0.000000,0.885725,0.000000,,2026-05-31,2026-06-25,7,70,60,26,0.269231,,,0.000000,,,,,,,,GLOBAL_BASELINE_NO_ENTITY_RANKING,,,NOT_APPLICABLE_GLOBAL_BASELINE,HF9g-P5,,,,X 全窗基线 · 不参与实体赏罚,8396022,840,A168_HF9F_20260827_0900,2026-08-27 09:00:00
2026-06-01,150832344,2276,0,727.0008100866,-727.0008100866,-727.0008100866,0E-7,3,3,0.50218230000000000,0.502182300000,-1.7396270863184011,-1.7396270863184016,-1.7396270863184011,0E-17,ELIGIBLE,R03b_20260811_FULL_v1,L1_ELIGIBILITY,v2026-08-11,2026-03-21..2026-08-06,baccarat_bet02_101_all_pairs_incl_sentinel,round_win = game_pnl > 0 (decisive only),COMPATIBILITY_ONLY_NOT_PRODUCTION,17195.2309,15230.2515,483.0713,141,141,-0.02809333,,-0.02809333,-0.02809333,-483.0713,17195.2309,OK,0.0000,19.3229,4.0000,96.0000,AG03-UNRESOLVED,ALL5_LEVELS_bet23_to_bet27,19.3229,19.3229,19.3229,28.9843,28.9843,4.000000,4.000000,4.000000,6.000000,6.000000,96.000000,96.000000,96.000000,94.000000,94.000000,5.0,115.9371,105.429,367.1342,377.6423,PENDING_AG03,FALSE,NOT_FOR_ENFORCEMENT,463.7484,14621.0415,483.0713,463.7484,19.3229,0.02809333,0.02696960,19.3229,463.7484,0.02696960,19.3229,19.3229,19.3229,28.9843,28.9843,463.7484,0.02696960,115.9371,105.429,367.1342,377.6423,0.02135093,0.02196204,0.00112373,121.9520,108.0160,3.4260,69.0102,6.9010,2456.4616,20.1429,,121.9520,41.5429,103.8573,169.8066,211.8687,385.7257,418.42,83.0858,0.0,3.713998,4.028799,1.174227,28,41,8,2,0E-8,0.02809333,,0E-8,0.000000,0.885725,0.000000,,2026-05-31,2026-06-25,7,70,60,26,0.269231,,,0.000000,,,,,,,,GLOBAL_BASELINE_NO_ENTITY_RANKING,,,NOT_APPLICABLE_GLOBAL_BASELINE,HF9g-P5,,,,X 全窗基线 · 不参与实体赏罚,8396023,840,A168_HF9F_20260827_0900,2026-08-27 09:00:00
2026-06-16,150832344,-1,1,1170.0558752051,41.0963172218,41.0963172218,0.5714286,10,10,0.50665070000000000,0.506650700000,0.34280260342128577,0.34280260342128577,0.34280260342128577,0E-17,SENTINEL_DEALER,R03b_20260811_FULL_v1,L1_ELIGIBILITY,v2026-08-11,2026-03-21..2026-08-06,baccarat_bet02_101_all_pairs_incl_sentinel,round_win = game_pnl > 0 (decisive only),COMPATIBILITY_ONLY_NOT_PRODUCTION,17195.2309,15230.2515,483.0713,141,141,-0.02809333,,-0.02809333,-0.02809333,-483.0713,17195.2309,OK,0.0000,19.3229,4.0000,96.0000,AG03-UNRESOLVED,ALL5_LEVELS_bet23_to_bet27,19.3229,19.3229,19.3229,28.9843,28.9843,4.000000,4.000000,4.000000,6.000000,6.000000,96.000000,96.000000,96.000000,94.000000,94.000000,5.0,115.9371,105.429,367.1342,377.6423,PENDING_AG03,FALSE,NOT_FOR_ENFORCEMENT,463.7484,14621.0415,483.0713,463.7484,19.3229,0.02809333,0.02696960,19.3229,463.7484,0.02696960,19.3229,19.3229,19.3229,28.9843,28.9843,463.7484,0.02696960,115.9371,105.429,367.1342,377.6423,0.02135093,0.02196204,0.00112373,121.9520,108.0160,3.4260,69.0102,6.9010,2456.4616,20.1429,,121.9520,41.5429,103.8573,169.8066,211.8687,385.7257,418.42,83.0858,0.0,3.713998,4.028799,1.174227,28,41,8,2,0E-8,0.02809333,,0E-8,0.000000,0.885725,0.000000,,2026-05-31,2026-06-25,7,70,60,26,0.269231,,,0.000000,,,,,,,,GLOBAL_BASELINE_NO_ENTITY_RANKING,,,NOT_APPLICABLE_GLOBAL_BASELINE,HF9g-P5,,,,X 全窗基线 · 不参与实体赏罚,8396024,840,A168_HF9F_20260827_0900,2026-08-27 09:00:00
2026-06-16,150832344,1017,0,299.1089047214,24.9257420601,24.9257420601,0.5000000,2,2,0.50665070000000000,0.506650700000,-0.018812684590367487,-0.018812684590367487,-0.018812684590367487,0E-17,ELIGIBLE,R03b_20260811_FULL_v1,L1_ELIGIBILITY,v2026-08-11,2026-03-21..2026-08-06,baccarat_bet02_101_all_pairs_incl_sentinel,round_win = game_pnl > 0 (decisive only),COMPATIBILITY_ONLY_NOT_PRODUCTION,17195.2309,15230.2515,483.0713,141,141,-0.02809333,,-0.02809333,-0.02809333,-483.0713,17195.2309,OK,0.0000,19.3229,4.0000,96.0000,AG03-UNRESOLVED,ALL5_LEVELS_bet23_to_bet27,19.3229,19.3229,19.3229,28.9843,28.9843,4.000000,4.000000,4.000000,6.000000,6.000000,96.000000,96.000000,96.000000,94.000000,94.000000,5.0,115.9371,105.429,367.1342,377.6423,PENDING_AG03,FALSE,NOT_FOR_ENFORCEMENT,463.7484,14621.0415,483.0713,463.7484,19.3229,0.02809333,0.02696960,19.3229,463.7484,0.02696960,19.3229,19.3229,19.3229,28.9843,28.9843,463.7484,0.02696960,115.9371,105.429,367.1342,377.6423,0.02135093,0.02196204,0.00112373,121.9520,108.0160,3.4260,69.0102,6.9010,2456.4616,20.1429,,121.9520,41.5429,103.8573,169.8066,211.8687,385.7257,418.42,83.0858,0.0,3.713998,4.028799,1.174227,28,41,8,2,0E-8,0.02809333,,0E-8,0.000000,0.885725,0.000000,,2026-05-31,2026-06-25,7,70,60,26,0.269231,,,0.000000,,,,,,,,GLOBAL_BASELINE_NO_ENTITY_RANKING,,,NOT_APPLICABLE_GLOBAL_BASELINE,HF9g-P5,,,,X 全窗基线 · 不参与实体赏罚,8396025,840,A168_HF9F_20260827_0900,2026-08-27 09:00:00
2026-06-16,150832344,1299,0,415.4290343352,394.6575826184,394.6575826184,1.0000000,1,1,0.50665070000000000,0.506650700000,0.9867858985152569,0.9867858985152569,0.9867858985152569,0E-17,ELIGIBLE,R03b_20260811_FULL_v1,L1_ELIGIBILITY,v2026-08-11,2026-03-21..2026-08-06,baccarat_bet02_101_all_pairs_incl_sentinel,round_win = game_pnl > 0 (decisive only),COMPATIBILITY_ONLY_NOT_PRODUCTION,17195.2309,15230.2515,483.0713,141,141,-0.02809333,,-0.02809333,-0.02809333,-483.0713,17195.2309,OK,0.0000,19.3229,4.0000,96.0000,AG03-UNRESOLVED,ALL5_LEVELS_bet23_to_bet27,19.3229,19.3229,19.3229,28.9843,28.9843,4.000000,4.000000,4.000000,6.000000,6.000000,96.000000,96.000000,96.000000,94.000000,94.000000,5.0,115.9371,105.429,367.1342,377.6423,PENDING_AG03,FALSE,NOT_FOR_ENFORCEMENT,463.7484,14621.0415,483.0713,463.7484,19.3229,0.02809333,0.02696960,19.3229,463.7484,0.02696960,19.3229,19.3229,19.3229,28.9843,28.9843,463.7484,0.02696960,115.9371,105.429,367.1342,377.6423,0.02135093,0.02196204,0.00112373,121.9520,108.0160,3.4260,69.0102,6.9010,2456.4616,20.1429,,121.9520,41.5429,103.8573,169.8066,211.8687,385.7257,418.42,83.0858,0.0,3.713998,4.028799,1.174227,28,41,8,2,0E-8,0.02809333,,0E-8,0.000000,0.885725,0.000000,,2026-05-31,2026-06-25,7,70,60,26,0.269231,,,0.000000,,,,,,,,GLOBAL_BASELINE_NO_ENTITY_RANKING,,,NOT_APPLICABLE_GLOBAL_BASELINE,HF9g-P5,,,,X 全窗基线 · 不参与实体赏罚,8396026,840,A168_HF9F_20260827_0900,2026-08-27 09:00:00
2026-06-16,150832344,1646,0,207.7145171676,197.3287913092,197.3287913092,1.0000000,1,1,0.50665070000000000,0.506650700000,0.9867858985152569,0.9867858985152569,0.9867858985152569,0E-17,ELIGIBLE,R03b_20260811_FULL_v1,L1_ELIGIBILITY,v2026-08-11,2026-03-21..2026-08-06,baccarat_bet02_101_all_pairs_incl_sentinel,round_win = game_pnl > 0 (decisive only),COMPATIBILITY_ONLY_NOT_PRODUCTION,17195.2309,15230.2515,483.0713,141,141,-0.02809333,,-0.02809333,-0.02809333,-483.0713,17195.2309,OK,0.0000,19.3229,4.0000,96.0000,AG03-UNRESOLVED,ALL5_LEVELS_bet23_to_bet27,19.3229,19.3229,19.3229,28.9843,28.9843,4.000000,4.000000,4.000000,6.000000,6.000000,96.000000,96.000000,96.000000,94.000000,94.000000,5.0,115.9371,105.429,367.1342,377.6423,PENDING_AG03,FALSE,NOT_FOR_ENFORCEMENT,463.7484,14621.0415,483.0713,463.7484,19.3229,0.02809333,0.02696960,19.3229,463.7484,0.02696960,19.3229,19.3229,19.3229,28.9843,28.9843,463.7484,0.02696960,115.9371,105.429,367.1342,377.6423,0.02135093,0.02196204,0.00112373,121.9520,108.0160,3.4260,69.0102,6.9010,2456.4616,20.1429,,121.9520,41.5429,103.8573,169.8066,211.8687,385.7257,418.42,83.0858,0.0,3.713998,4.028799,1.174227,28,41,8,2,0E-8,0.02809333,,0E-8,0.000000,0.885725,0.000000,,2026-05-31,2026-06-25,7,70,60,26,0.269231,,,0.000000,,,,,,,,GLOBAL_BASELINE_NO_ENTITY_RANKING,,,NOT_APPLICABLE_GLOBAL_BASELINE,HF9g-P5,,,,X 全窗基线 · 不参与实体赏罚,8396027,840,A168_HF9F_20260827_0900,2026-08-27 09:00:00
2026-06-16,150832344,2108,0,207.7145171676,-207.7145171676,-207.7145171676,0E-7,1,1,0.50665070000000000,0.506650700000,-1.013391052207602,-1.013391052207602,-1.013391052207602,0E-17,ELIGIBLE,R03b_20260811_FULL_v1,L1_ELIGIBILITY,v2026-08-11,2026-03-21..2026-08-06,baccarat_bet02_101_all_pairs_incl_sentinel,round_win = game_pnl > 0 (decisive only),COMPATIBILITY_ONLY_NOT_PRODUCTION,17195.2309,15230.2515,483.0713,141,141,-0.02809333,,-0.02809333,-0.02809333,-483.0713,17195.2309,OK,0.0000,19.3229,4.0000,96.0000,AG03-UNRESOLVED,ALL5_LEVELS_bet23_to_bet27,19.3229,19.3229,19.3229,28.9843,28.9843,4.000000,4.000000,4.000000,6.000000,6.000000,96.000000,96.000000,96.000000,94.000000,94.000000,5.0,115.9371,105.429,367.1342,377.6423,PENDING_AG03,FALSE,NOT_FOR_ENFORCEMENT,463.7484,14621.0415,483.0713,463.7484,19.3229,0.02809333,0.02696960,19.3229,463.7484,0.02696960,19.3229,19.3229,19.3229,28.9843,28.9843,463.7484,0.02696960,115.9371,105.429,367.1342,377.6423,0.02135093,0.02196204,0.00112373,121.9520,108.0160,3.4260,69.0102,6.9010,2456.4616,20.1429,,121.9520,41.5429,103.8573,169.8066,211.8687,385.7257,418.42,83.0858,0.0,3.713998,4.028799,1.174227,28,41,8,2,0E-8,0.02809333,,0E-8,0.000000,0.885725,0.000000,,2026-05-31,2026-06-25,7,70,60,26,0.269231,,,0.000000,,,,,,,,GLOBAL_BASELINE_NO_ENTITY_RANKING,,,NOT_APPLICABLE_GLOBAL_BASELINE,HF9g-P5,,,,X 全窗基线 · 不参与实体赏罚,8396028,840,A168_HF9F_20260827_0900,2026-08-27 09:00:00
2026-06-16,150832344,763,0,93.4715327254,88.7979560892,88.7979560892,1.0000000,1,1,0.50665070000000000,0.506650700000,0.9867858985152569,0.9867858985152569,0.9867858985152569,0E-17,ELIGIBLE,R03b_20260811_FULL_v1,L1_ELIGIBILITY,v2026-08-11,2026-03-21..2026-08-06,baccarat_bet02_101_all_pairs_incl_sentinel,round_win = game_pnl > 0 (decisive only),COMPATIBILITY_ONLY_NOT_PRODUCTION,17195.2309,15230.2515,483.0713,141,141,-0.02809333,,-0.02809333,-0.02809333,-483.0713,17195.2309,OK,0.0000,19.3229,4.0000,96.0000,AG03-UNRESOLVED,ALL5_LEVELS_bet23_to_bet27,19.3229,19.3229,19.3229,28.9843,28.9843,4.000000,4.000000,4.000000,6.000000,6.000000,96.000000,96.000000,96.000000,94.000000,94.000000,5.0,115.9371,105.429,367.1342,377.6423,PENDING_AG03,FALSE,NOT_FOR_ENFORCEMENT,463.7484,14621.0415,483.0713,463.7484,19.3229,0.02809333,0.02696960,19.3229,463.7484,0.02696960,19.3229,19.3229,19.3229,28.9843,28.9843,463.7484,0.02696960,115.9371,105.429,367.1342,377.6423,0.02135093,0.02196204,0.00112373,121.9520,108.0160,3.4260,69.0102,6.9010,2456.4616,20.1429,,121.9520,41.5429,103.8573,169.8066,211.8687,385.7257,418.42,83.0858,0.0,3.713998,4.028799,1.174227,28,41,8,2,0E-8,0.02809333,,0E-8,0.000000,0.885725,0.000000,,2026-05-31,2026-06-25,7,70,60,26,0.269231,,,0.000000,,,,,,,,GLOBAL_BASELINE_NO_ENTITY_RANKING,,,NOT_APPLICABLE_GLOBAL_BASELINE,HF9g-P5,,,,X 全窗基线 · 不参与实体赏罚,8396029,840,A168_HF9F_20260827_0900,2026-08-27 09:00:00
2026-06-17,150832344,-1,1,990.7982468894,-990.7982468894,-990.7982468894,0E-7,3,3,0.50665070000000000,0.506650700000,-1.7552447903592512,-1.7552447903592512,-1.7552447903592512,0E-17,SENTINEL_DEALER,R03b_20260811_FULL_v1,L1_ELIGIBILITY,v2026-08-11,2026-03-21..2026-08-06,baccarat_bet02_101_all_pairs_incl_sentinel,round_win = game_pnl > 0 (decisive only),COMPATIBILITY_ONLY_NOT_PRODUCTION,17195.2309,15230.2515,483.0713,141,141,-0.02809333,,-0.02809333,-0.02809333,-483.0713,17195.2309,OK,0.0000,19.3229,4.0000,96.0000,AG03-UNRESOLVED,ALL5_LEVELS_bet23_to_bet27,19.3229,19.3229,19.3229,28.9843,28.9843,4.000000,4.000000,4.000000,6.000000,6.000000,96.000000,96.000000,96.000000,94.000000,94.000000,5.0,115.9371,105.429,367.1342,377.6423,PENDING_AG03,FALSE,NOT_FOR_ENFORCEMENT,463.7484,14621.0415,483.0713,463.7484,19.3229,0.02809333,0.02696960,19.3229,463.7484,0.02696960,19.3229,19.3229,19.3229,28.9843,28.9843,463.7484,0.02696960,115.9371,105.429,367.1342,377.6423,0.02135093,0.02196204,0.00112373,121.9520,108.0160,3.4260,69.0102,6.9010,2456.4616,20.1429,,121.9520,41.5429,103.8573,169.8066,211.8687,385.7257,418.42,83.0858,0.0,3.713998,4.028799,1.174227,28,41,8,2,0E-8,0.02809333,,0E-8,0.000000,0.885725,0.000000,,2026-05-31,2026-06-25,7,70,60,26,0.269231,,,0.000000,,,,,,,,GLOBAL_BASELINE_NO_ENTITY_RANKING,,,NOT_APPLICABLE_GLOBAL_BASELINE,HF9g-P5,,,,X 全窗基线 · 不参与实体赏罚,8396030,840,A168_HF9F_20260827_0900,2026-08-27 09:00:00
2026-06-17,150832344,1509,0,367.6546953866,209.1685187878,209.1685187878,1.0000000,3,3,0.50665070000000000,0.506650700000,1.3955260008387969,1.3955260008387969,1.3955260008387969,0E-17,ELIGIBLE,R03b_20260811_FULL_v1,L1_ELIGIBILITY,v2026-08-11,2026-03-21..2026-08-06,baccarat_bet02_101_all_pairs_incl_sentinel,round_win = game_pnl > 0 (decisive only),COMPATIBILITY_ONLY_NOT_PRODUCTION,17195.2309,15230.2515,483.0713,141,141,-0.02809333,,-0.02809333,-0.02809333,-483.0713,17195.2309,OK,0.0000,19.3229,4.0000,96.0000,AG03-UNRESOLVED,ALL5_LEVELS_bet23_to_bet27,19.3229,19.3229,19.3229,28.9843,28.9843,4.000000,4.000000,4.000000,6.000000,6.000000,96.000000,96.000000,96.000000,94.000000,94.000000,5.0,115.9371,105.429,367.1342,377.6423,PENDING_AG03,FALSE,NOT_FOR_ENFORCEMENT,463.7484,14621.0415,483.0713,463.7484,19.3229,0.02809333,0.02696960,19.3229,463.7484,0.02696960,19.3229,19.3229,19.3229,28.9843,28.9843,463.7484,0.02696960,115.9371,105.429,367.1342,377.6423,0.02135093,0.02196204,0.00112373,121.9520,108.0160,3.4260,69.0102,6.9010,2456.4616,20.1429,,121.9520,41.5429,103.8573,169.8066,211.8687,385.7257,418.42,83.0858,0.0,3.713998,4.028799,1.174227,28,41,8,2,0E-8,0.02809333,,0E-8,0.000000,0.885725,0.000000,,2026-05-31,2026-06-25,7,70,60,26,0.269231,,,0.000000,,,,,,,,GLOBAL_BASELINE_NO_ENTITY_RANKING,,,NOT_APPLICABLE_GLOBAL_BASELINE,HF9g-P5,,,,X 全窗基线 · 不参与实体赏罚,8396031,840,A168_HF9F_20260827_0900,2026-08-27 09:00:00
2026-06-17,150832344,2154,0,479.8205346571,374.8208462289,374.8208462289,0.7500000,4,4,0.50665070000000000,0.506650700000,0.9734833216690844,0.9734833216690844,0.9734833216690844,0E-17,ELIGIBLE,R03b_20260811_FULL_v1,L1_ELIGIBILITY,v2026-08-11,2026-03-21..2026-08-06,baccarat_bet02_101_all_pairs_incl_sentinel,round_win = game_pnl > 0 (decisive only),COMPATIBILITY_ONLY_NOT_PRODUCTION,17195.2309,15230.2515,483.0713,141,141,-0.02809333,,-0.02809333,-0.02809333,-483.0713,17195.2309,OK,0.0000,19.3229,4.0000,96.0000,AG03-UNRESOLVED,ALL5_LEVELS_bet23_to_bet27,19.3229,19.3229,19.3229,28.9843,28.9843,4.000000,4.000000,4.000000,6.000000,6.000000,96.000000,96.000000,96.000000,94.000000,94.000000,5.0,115.9371,105.429,367.1342,377.6423,PENDING_AG03,FALSE,NOT_FOR_ENFORCEMENT,463.7484,14621.0415,483.0713,463.7484,19.3229,0.02809333,0.02696960,19.3229,463.7484,0.02696960,19.3229,19.3229,19.3229,28.9843,28.9843,463.7484,0.02696960,115.9371,105.429,367.1342,377.6423,0.02135093,0.02196204,0.00112373,121.9520,108.0160,3.4260,69.0102,6.9010,2456.4616,20.1429,,121.9520,41.5429,103.8573,169.8066,211.8687,385.7257,418.42,83.0858,0.0,3.713998,4.028799,1.174227,28,41,8,2,0E-8,0.02809333,,0E-8,0.000000,0.885725,0.000000,,2026-05-31,2026-06-25,7,70,60,26,0.269231,,,0.000000,,,,,,,,GLOBAL_BASELINE_NO_ENTITY_RANKING,,,NOT_APPLICABLE_GLOBAL_BASELINE,HF9g-P5,,,,X 全窗基线 · 不参与实体赏罚,8396032,840,A168_HF9F_20260827_0900,2026-08-27 09:00:00
2026-06-17,150832344,2175,0,546.2891801508,93.6792472426,93.6792472426,0.5000000,2,2,0.50665070000000000,0.506650700000,-0.018812684590367487,-0.018812684590367487,-0.018812684590367487,0E-17,ELIGIBLE,R03b_20260811_FULL_v1,L1_ELIGIBILITY,v2026-08-11,2026-03-21..2026-08-06,baccarat_bet02_101_all_pairs_incl_sentinel,round_win = game_pnl > 0 (decisive only),COMPATIBILITY_ONLY_NOT_PRODUCTION,17195.2309,15230.2515,483.0713,141,141,-0.02809333,,-0.02809333,-0.02809333,-483.0713,17195.2309,OK,0.0000,19.3229,4.0000,96.0000,AG03-UNRESOLVED,ALL5_LEVELS_bet23_to_bet27,19.3229,19.3229,19.3229,28.9843,28.9843,4.000000,4.000000,4.000000,6.000000,6.000000,96.000000,96.000000,96.000000,94.000000,94.000000,5.0,115.9371,105.429,367.1342,377.6423,PENDING_AG03,FALSE,NOT_FOR_ENFORCEMENT,463.7484,14621.0415,483.0713,463.7484,19.3229,0.02809333,0.02696960,19.3229,463.7484,0.02696960,19.3229,19.3229,19.3229,28.9843,28.9843,463.7484,0.02696960,115.9371,105.429,367.1342,377.6423,0.02135093,0.02196204,0.00112373,121.9520,108.0160,3.4260,69.0102,6.9010,2456.4616,20.1429,,121.9520,41.5429,103.8573,169.8066,211.8687,385.7257,418.42,83.0858,0.0,3.713998,4.028799,1.174227,28,41,8,2,0E-8,0.02809333,,0E-8,0.000000,0.885725,0.000000,,2026-05-31,2026-06-25,7,70,60,26,0.269231,,,0.000000,,,,,,,,GLOBAL_BASELINE_NO_ENTITY_RANKING,,,NOT_APPLICABLE_GLOBAL_BASELINE,HF9g-P5,,,,X 全窗基线 · 不参与实体赏罚,8396033,840,A168_HF9F_20260827_0900,2026-08-27 09:00:00
2026-06-17,150832344,2196,0,442.4319215670,-442.4319215670,-442.4319215670,0E-7,2,2,0.50665070000000000,0.506650700000,-1.4331513700195317,-1.4331513700195317,-1.4331513700195317,0E-17,ELIGIBLE,R03b_20260811_FULL_v1,L1_ELIGIBILITY,v2026-08-11,2026-03-21..2026-08-06,baccarat_bet02_101_all_pairs_incl_sentinel,round_win = game_pnl > 0 (decisive only),COMPATIBILITY_ONLY_NOT_PRODUCTION,17195.2309,15230.2515,483.0713,141,141,-0.02809333,,-0.02809333,-0.02809333,-483.0713,17195.2309,OK,0.0000,19.3229,4.0000,96.0000,AG03-UNRESOLVED,ALL5_LEVELS_bet23_to_bet27,19.3229,19.3229,19.3229,28.9843,28.9843,4.000000,4.000000,4.000000,6.000000,6.000000,96.000000,96.000000,96.000000,94.000000,94.000000,5.0,115.9371,105.429,367.1342,377.6423,PENDING_AG03,FALSE,NOT_FOR_ENFORCEMENT,463.7484,14621.0415,483.0713,463.7484,19.3229,0.02809333,0.02696960,19.3229,463.7484,0.02696960,19.3229,19.3229,19.3229,28.9843,28.9843,463.7484,0.02696960,115.9371,105.429,367.1342,377.6423,0.02135093,0.02196204,0.00112373,121.9520,108.0160,3.4260,69.0102,6.9010,2456.4616,20.1429,,121.9520,41.5429,103.8573,169.8066,211.8687,385.7257,418.42,83.0858,0.0,3.713998,4.028799,1.174227,28,41,8,2,0E-8,0.02809333,,0E-8,0.000000,0.885725,0.000000,,2026-05-31,2026-06-25,7,70,60,26,0.269231,,,0.000000,,,,,,,,GLOBAL_BASELINE_NO_ENTITY_RANKING,,,NOT_APPLICABLE_GLOBAL_BASELINE,HF9g-P5,,,,X 全窗基线 · 不参与实体赏罚,8396034,840,A168_HF9F_20260827_0900,2026-08-27 09:00:00
2026-06-18,150832344,-1,1,245.1031302578,113.9314126665,113.9314126665,0.7500000,5,5,0.50665070000000000,0.506650700000,0.9734833216690844,0.9734833216690844,0.9734833216690844,0E-17,SENTINEL_DEALER,R03b_20260811_FULL_v1,L1_ELIGIBILITY,v2026-08-11,2026-03-21..2026-08-06,baccarat_bet02_101_all_pairs_incl_sentinel,round_win = game_pnl > 0 (decisive only),COMPATIBILITY_ONLY_NOT_PRODUCTION,17195.2309,15230.2515,483.0713,141,141,-0.02809333,,-0.02809333,-0.02809333,-483.0713,17195.2309,OK,0.0000,19.3229,4.0000,96.0000,AG03-UNRESOLVED,ALL5_LEVELS_bet23_to_bet27,19.3229,19.3229,19.3229,28.9843,28.9843,4.000000,4.000000,4.000000,6.000000,6.000000,96.000000,96.000000,96.000000,94.000000,94.000000,5.0,115.9371,105.429,367.1342,377.6423,PENDING_AG03,FALSE,NOT_FOR_ENFORCEMENT,463.7484,14621.0415,483.0713,463.7484,19.3229,0.02809333,0.02696960,19.3229,463.7484,0.02696960,19.3229,19.3229,19.3229,28.9843,28.9843,463.7484,0.02696960,115.9371,105.429,367.1342,377.6423,0.02135093,0.02196204,0.00112373,121.9520,108.0160,3.4260,69.0102,6.9010,2456.4616,20.1429,,121.9520,41.5429,103.8573,169.8066,211.8687,385.7257,418.42,83.0858,0.0,3.713998,4.028799,1.174227,28,41,8,2,0E-8,0.02809333,,0E-8,0.000000,0.885725,0.000000,,2026-05-31,2026-06-25,7,70,60,26,0.269231,,,0.000000,,,,,,,,GLOBAL_BASELINE_NO_ENTITY_RANKING,,,NOT_APPLICABLE_GLOBAL_BASELINE,HF9g-P5,,,,X 全窗基线 · 不参与实体赏罚,8396035,840,A168_HF9F_20260827_0900,2026-08-27 09:00:00
2026-06-18,150832344,1302,0,120.4744199572,82.0472342812,82.0472342812,0.5000000,2,2,0.50665070000000000,0.506650700000,-0.018812684590367487,-0.018812684590367487,-0.018812684590367487,0E-17,ELIGIBLE,R03b_20260811_FULL_v1,L1_ELIGIBILITY,v2026-08-11,2026-03-21..2026-08-06,baccarat_bet02_101_all_pairs_incl_sentinel,round_win = game_pnl > 0 (decisive only),COMPATIBILITY_ONLY_NOT_PRODUCTION,17195.2309,15230.2515,483.0713,141,141,-0.02809333,,-0.02809333,-0.02809333,-483.0713,17195.2309,OK,0.0000,19.3229,4.0000,96.0000,AG03-UNRESOLVED,ALL5_LEVELS_bet23_to_bet27,19.3229,19.3229,19.3229,28.9843,28.9843,4.000000,4.000000,4.000000,6.000000,6.000000,96.000000,96.000000,96.000000,94.000000,94.000000,5.0,115.9371,105.429,367.1342,377.6423,PENDING_AG03,FALSE,NOT_FOR_ENFORCEMENT,463.7484,14621.0415,483.0713,463.7484,19.3229,0.02809333,0.02696960,19.3229,463.7484,0.02696960,19.3229,19.3229,19.3229,28.9843,28.9843,463.7484,0.02696960,115.9371,105.429,367.1342,377.6423,0.02135093,0.02196204,0.00112373,121.9520,108.0160,3.4260,69.0102,6.9010,2456.4616,20.1429,,121.9520,41.5429,103.8573,169.8066,211.8687,385.7257,418.42,83.0858,0.0,3.713998,4.028799,1.174227,28,41,8,2,0E-8,0.02809333,,0E-8,0.000000,0.885725,0.000000,,2026-05-31,2026-06-25,7,70,60,26,0.269231,,,0.000000,,,,,,,,GLOBAL_BASELINE_NO_ENTITY_RANKING,,,NOT_APPLICABLE_GLOBAL_BASELINE,HF9g-P5,,,,X 全窗基线 · 不参与实体赏罚,8396036,840,A168_HF9F_20260827_0900,2026-08-27 09:00:00
2026-06-18,150832344,1307,0,207.7145171676,-103.8572585838,-103.8572585838,0E-7,2,2,0.50665070000000000,0.506650700000,-1.013391052207602,-1.013391052207602,-1.013391052207602,0E-17,ELIGIBLE,R03b_20260811_FULL_v1,L1_ELIGIBILITY,v2026-08-11,2026-03-21..2026-08-06,baccarat_bet02_101_all_pairs_incl_sentinel,round_win = game_pnl > 0 (decisive only),COMPATIBILITY_ONLY_NOT_PRODUCTION,17195.2309,15230.2515,483.0713,141,141,-0.02809333,,-0.02809333,-0.02809333,-483.0713,17195.2309,OK,0.0000,19.3229,4.0000,96.0000,AG03-UNRESOLVED,ALL5_LEVELS_bet23_to_bet27,19.3229,19.3229,19.3229,28.9843,28.9843,4.000000,4.000000,4.000000,6.000000,6.000000,96.000000,96.000000,96.000000,94.000000,94.000000,5.0,115.9371,105.429,367.1342,377.6423,PENDING_AG03,FALSE,NOT_FOR_ENFORCEMENT,463.7484,14621.0415,483.0713,463.7484,19.3229,0.02809333,0.02696960,19.3229,463.7484,0.02696960,19.3229,19.3229,19.3229,28.9843,28.9843,463.7484,0.02696960,115.9371,105.429,367.1342,377.6423,0.02135093,0.02196204,0.00112373,121.9520,108.0160,3.4260,69.0102,6.9010,2456.4616,20.1429,,121.9520,41.5429,103.8573,169.8066,211.8687,385.7257,418.42,83.0858,0.0,3.713998,4.028799,1.174227,28,41,8,2,0E-8,0.02809333,,0E-8,0.000000,0.885725,0.000000,,2026-05-31,2026-06-25,7,70,60,26,0.269231,,,0.000000,,,,,,,,GLOBAL_BASELINE_NO_ENTITY_RANKING,,,NOT_APPLICABLE_GLOBAL_BASELINE,HF9g-P5,,,,X 全窗基线 · 不参与实体赏罚,8396037,840,A168_HF9F_20260827_0900,2026-08-27 09:00:00
2026-06-18,150832344,1401,0,83.0858068670,78.9315165237,78.9315165237,1.0000000,1,1,0.50665070000000000,0.506650700000,0.9867858985152569,0.9867858985152569,0.9867858985152569,0E-17,ELIGIBLE,R03b_20260811_FULL_v1,L1_ELIGIBILITY,v2026-08-11,2026-03-21..2026-08-06,baccarat_bet02_101_all_pairs_incl_sentinel,round_win = game_pnl > 0 (decisive only),COMPATIBILITY_ONLY_NOT_PRODUCTION,17195.2309,15230.2515,483.0713,141,141,-0.02809333,,-0.02809333,-0.02809333,-483.0713,17195.2309,OK,0.0000,19.3229,4.0000,96.0000,AG03-UNRESOLVED,ALL5_LEVELS_bet23_to_bet27,19.3229,19.3229,19.3229,28.9843,28.9843,4.000000,4.000000,4.000000,6.000000,6.000000,96.000000,96.000000,96.000000,94.000000,94.000000,5.0,115.9371,105.429,367.1342,377.6423,PENDING_AG03,FALSE,NOT_FOR_ENFORCEMENT,463.7484,14621.0415,483.0713,463.7484,19.3229,0.02809333,0.02696960,19.3229,463.7484,0.02696960,19.3229,19.3229,19.3229,28.9843,28.9843,463.7484,0.02696960,115.9371,105.429,367.1342,377.6423,0.02135093,0.02196204,0.00112373,121.9520,108.0160,3.4260,69.0102,6.9010,2456.4616,20.1429,,121.9520,41.5429,103.8573,169.8066,211.8687,385.7257,418.42,83.0858,0.0,3.713998,4.028799,1.174227,28,41,8,2,0E-8,0.02809333,,0E-8,0.000000,0.885725,0.000000,,2026-05-31,2026-06-25,7,70,60,26,0.269231,,,0.000000,,,,,,,,GLOBAL_BASELINE_NO_ENTITY_RANKING,,,NOT_APPLICABLE_GLOBAL_BASELINE,HF9g-P5,,,,X 全窗基线 · 不参与实体赏罚,8396038,840,A168_HF9F_20260827_0900,2026-08-27 09:00:00
2026-06-18,150832344,1405,0,103.8572585838,-103.8572585838,-103.8572585838,0E-7,1,1,0.50665070000000000,0.506650700000,-1.013391052207602,-1.013391052207602,-1.013391052207602,0E-17,ELIGIBLE,R03b_20260811_FULL_v1,L1_ELIGIBILITY,v2026-08-11,2026-03-21..2026-08-06,baccarat_bet02_101_all_pairs_incl_sentinel,round_win = game_pnl > 0 (decisive only),COMPATIBILITY_ONLY_NOT_PRODUCTION,17195.2309,15230.2515,483.0713,141,141,-0.02809333,,-0.02809333,-0.02809333,-483.0713,17195.2309,OK,0.0000,19.3229,4.0000,96.0000,AG03-UNRESOLVED,ALL5_LEVELS_bet23_to_bet27,19.3229,19.3229,19.3229,28.9843,28.9843,4.000000,4.000000,4.000000,6.000000,6.000000,96.000000,96.000000,96.000000,94.000000,94.000000,5.0,115.9371,105.429,367.1342,377.6423,PENDING_AG03,FALSE,NOT_FOR_ENFORCEMENT,463.7484,14621.0415,483.0713,463.7484,19.3229,0.02809333,0.02696960,19.3229,463.7484,0.02696960,19.3229,19.3229,19.3229,28.9843,28.9843,463.7484,0.02696960,115.9371,105.429,367.1342,377.6423,0.02135093,0.02196204,0.00112373,121.9520,108.0160,3.4260,69.0102,6.9010,2456.4616,20.1429,,121.9520,41.5429,103.8573,169.8066,211.8687,385.7257,418.42,83.0858,0.0,3.713998,4.028799,1.174227,28,41,8,2,0E-8,0.02809333,,0E-8,0.000000,0.885725,0.000000,,2026-05-31,2026-06-25,7,70,60,26,0.269231,,,0.000000,,,,,,,,GLOBAL_BASELINE_NO_ENTITY_RANKING,,,NOT_APPLICABLE_GLOBAL_BASELINE,HF9g-P5,,,,X 全窗基线 · 不参与实体赏罚,8396039,840,A168_HF9F_20260827_0900,2026-08-27 09:00:00
2026-06-18,150832344,1646,0,207.7145171676,-103.8572585838,-103.8572585838,0E-7,2,2,0.50665070000000000,0.506650700000,-1.013391052207602,-1.013391052207602,-1.013391052207602,0E-17,ELIGIBLE,R03b_20260811_FULL_v1,L1_ELIGIBILITY,v2026-08-11,2026-03-21..2026-08-06,baccarat_bet02_101_all_pairs_incl_sentinel,round_win = game_pnl > 0 (decisive only),COMPATIBILITY_ONLY_NOT_PRODUCTION,17195.2309,15230.2515,483.0713,141,141,-0.02809333,,-0.02809333,-0.02809333,-483.0713,17195.2309,OK,0.0000,19.3229,4.0000,96.0000,AG03-UNRESOLVED,ALL5_LEVELS_bet23_to_bet27,19.3229,19.3229,19.3229,28.9843,28.9843,4.000000,4.000000,4.000000,6.000000,6.000000,96.000000,96.000000,96.000000,94.000000,94.000000,5.0,115.9371,105.429,367.1342,377.6423,PENDING_AG03,FALSE,NOT_FOR_ENFORCEMENT,463.7484,14621.0415,483.0713,463.7484,19.3229,0.02809333,0.02696960,19.3229,463.7484,0.02696960,19.3229,19.3229,19.3229,28.9843,28.9843,463.7484,0.02696960,115.9371,105.429,367.1342,377.6423,0.02135093,0.02196204,0.00112373,121.9520,108.0160,3.4260,69.0102,6.9010,2456.4616,20.1429,,121.9520,41.5429,103.8573,169.8066,211.8687,385.7257,418.42,83.0858,0.0,3.713998,4.028799,1.174227,28,41,8,2,0E-8,0.02809333,,0E-8,0.000000,0.885725,0.000000,,2026-05-31,2026-06-25,7,70,60,26,0.269231,,,0.000000,,,,,,,,GLOBAL_BASELINE_NO_ENTITY_RANKING,,,NOT_APPLICABLE_GLOBAL_BASELINE,HF9g-P5,,,,X 全窗基线 · 不参与实体赏罚,8396040,840,A168_HF9F_20260827_0900,2026-08-27 09:00:00
2026-06-18,150832344,1990,0,207.7145171676,-207.7145171676,-207.7145171676,0E-7,1,1,0.50665070000000000,0.506650700000,-1.013391052207602,-1.013391052207602,-1.013391052207602,0E-17,ELIGIBLE,R03b_20260811_FULL_v1,L1_ELIGIBILITY,v2026-08-11,2026-03-21..2026-08-06,baccarat_bet02_101_all_pairs_incl_sentinel,round_win = game_pnl > 0 (decisive only),COMPATIBILITY_ONLY_NOT_PRODUCTION,17195.2309,15230.2515,483.0713,141,141,-0.02809333,,-0.02809333,-0.02809333,-483.0713,17195.2309,OK,0.0000,19.3229,4.0000,96.0000,AG03-UNRESOLVED,ALL5_LEVELS_bet23_to_bet27,19.3229,19.3229,19.3229,28.9843,28.9843,4.000000,4.000000,4.000000,6.000000,6.000000,96.000000,96.000000,96.000000,94.000000,94.000000,5.0,115.9371,105.429,367.1342,377.6423,PENDING_AG03,FALSE,NOT_FOR_ENFORCEMENT,463.7484,14621.0415,483.0713,463.7484,19.3229,0.02809333,0.02696960,19.3229,463.7484,0.02696960,19.3229,19.3229,19.3229,28.9843,28.9843,463.7484,0.02696960,115.9371,105.429,367.1342,377.6423,0.02135093,0.02196204,0.00112373,121.9520,108.0160,3.4260,69.0102,6.9010,2456.4616,20.1429,,121.9520,41.5429,103.8573,169.8066,211.8687,385.7257,418.42,83.0858,0.0,3.713998,4.028799,1.174227,28,41,8,2,0E-8,0.02809333,,0E-8,0.000000,0.885725,0.000000,,2026-05-31,2026-06-25,7,70,60,26,0.269231,,,0.000000,,,,,,,,GLOBAL_BASELINE_NO_ENTITY_RANKING,,,NOT_APPLICABLE_GLOBAL_BASELINE,HF9g-P5,,,,X 全窗基线 · 不参与实体赏罚,8396041,840,A168_HF9F_20260827_0900,2026-08-27 09:00:00
2026-06-18,150832344,2169,0,58.1600648069,-58.1600648069,-58.1600648069,0E-7,1,1,0.50665070000000000,0.506650700000,-1.013391052207602,-1.013391052207602,-1.013391052207602,0E-17,ELIGIBLE,R03b_20260811_FULL_v1,L1_ELIGIBILITY,v2026-08-11,2026-03-21..2026-08-06,baccarat_bet02_101_all_pairs_incl_sentinel,round_win = game_pnl > 0 (decisive only),COMPATIBILITY_ONLY_NOT_PRODUCTION,17195.2309,15230.2515,483.0713,141,141,-0.02809333,,-0.02809333,-0.02809333,-483.0713,17195.2309,OK,0.0000,19.3229,4.0000,96.0000,AG03-UNRESOLVED,ALL5_LEVELS_bet23_to_bet27,19.3229,19.3229,19.3229,28.9843,28.9843,4.000000,4.000000,4.000000,6.000000,6.000000,96.000000,96.000000,96.000000,94.000000,94.000000,5.0,115.9371,105.429,367.1342,377.6423,PENDING_AG03,FALSE,NOT_FOR_ENFORCEMENT,463.7484,14621.0415,483.0713,463.7484,19.3229,0.02809333,0.02696960,19.3229,463.7484,0.02696960,19.3229,19.3229,19.3229,28.9843,28.9843,463.7484,0.02696960,115.9371,105.429,367.1342,377.6423,0.02135093,0.02196204,0.00112373,121.9520,108.0160,3.4260,69.0102,6.9010,2456.4616,20.1429,,121.9520,41.5429,103.8573,169.8066,211.8687,385.7257,418.42,83.0858,0.0,3.713998,4.028799,1.174227,28,41,8,2,0E-8,0.02809333,,0E-8,0.000000,0.885725,0.000000,,2026-05-31,2026-06-25,7,70,60,26,0.269231,,,0.000000,,,,,,,,GLOBAL_BASELINE_NO_ENTITY_RANKING,,,NOT_APPLICABLE_GLOBAL_BASELINE,HF9g-P5,,,,X 全窗基线 · 不参与实体赏罚,8396042,840,A168_HF9F_20260827_0900,2026-08-27 09:00:00
2026-06-18,150832344,2233,0,207.7145171676,197.3287913092,197.3287913092,1.0000000,2,2,0.50665070000000000,0.506650700000,1.3955260008387969,1.3955260008387969,1.3955260008387969,0E-17,ELIGIBLE,R03b_20260811_FULL_v1,L1_ELIGIBILITY,v2026-08-11,2026-03-21..2026-08-06,baccarat_bet02_101_all_pairs_incl_sentinel,round_win = game_pnl > 0 (decisive only),COMPATIBILITY_ONLY_NOT_PRODUCTION,17195.2309,15230.2515,483.0713,141,141,-0.02809333,,-0.02809333,-0.02809333,-483.0713,17195.2309,OK,0.0000,19.3229,4.0000,96.0000,AG03-UNRESOLVED,ALL5_LEVELS_bet23_to_bet27,19.3229,19.3229,19.3229,28.9843,28.9843,4.000000,4.000000,4.000000,6.000000,6.000000,96.000000,96.000000,96.000000,94.000000,94.000000,5.0,115.9371,105.429,367.1342,377.6423,PENDING_AG03,FALSE,NOT_FOR_ENFORCEMENT,463.7484,14621.0415,483.0713,463.7484,19.3229,0.02809333,0.02696960,19.3229,463.7484,0.02696960,19.3229,19.3229,19.3229,28.9843,28.9843,463.7484,0.02696960,115.9371,105.429,367.1342,377.6423,0.02135093,0.02196204,0.00112373,121.9520,108.0160,3.4260,69.0102,6.9010,2456.4616,20.1429,,121.9520,41.5429,103.8573,169.8066,211.8687,385.7257,418.42,83.0858,0.0,3.713998,4.028799,1.174227,28,41,8,2,0E-8,0.02809333,,0E-8,0.000000,0.885725,0.000000,,2026-05-31,2026-06-25,7,70,60,26,0.269231,,,0.000000,,,,,,,,GLOBAL_BASELINE_NO_ENTITY_RANKING,,,NOT_APPLICABLE_GLOBAL_BASELINE,HF9g-P5,,,,X 全窗基线 · 不参与实体赏罚,8396043,840,A168_HF9F_20260827_0900,2026-08-27 09:00:00
2026-06-22,150832344,-1,1,1090.5012151300,-41.4390461751,-41.4390461751,0.4000000,15,15,0.50575702000000000,0.505757020000,-0.8192446611182163,-0.8192446611182163,-0.8192446611182163,0E-17,SENTINEL_DEALER,R03b_20260811_FULL_v1,L1_ELIGIBILITY,v2026-08-11,2026-03-21..2026-08-06,baccarat_bet02_101_all_pairs_incl_sentinel,round_win = game_pnl > 0 (decisive only),COMPATIBILITY_ONLY_NOT_PRODUCTION,17195.2309,15230.2515,483.0713,141,141,-0.02809333,,-0.02809333,-0.02809333,-483.0713,17195.2309,OK,0.0000,19.3229,4.0000,96.0000,AG03-UNRESOLVED,ALL5_LEVELS_bet23_to_bet27,19.3229,19.3229,19.3229,28.9843,28.9843,4.000000,4.000000,4.000000,6.000000,6.000000,96.000000,96.000000,96.000000,94.000000,94.000000,5.0,115.9371,105.429,367.1342,377.6423,PENDING_AG03,FALSE,NOT_FOR_ENFORCEMENT,463.7484,14621.0415,483.0713,463.7484,19.3229,0.02809333,0.02696960,19.3229,463.7484,0.02696960,19.3229,19.3229,19.3229,28.9843,28.9843,463.7484,0.02696960,115.9371,105.429,367.1342,377.6423,0.02135093,0.02196204,0.00112373,121.9520,108.0160,3.4260,69.0102,6.9010,2456.4616,20.1429,,121.9520,41.5429,103.8573,169.8066,211.8687,385.7257,418.42,83.0858,0.0,3.713998,4.028799,1.174227,28,41,8,2,0E-8,0.02809333,,0E-8,0.000000,0.885725,0.000000,,2026-05-31,2026-06-25,7,70,60,26,0.269231,,,0.000000,,,,,,,,GLOBAL_BASELINE_NO_ENTITY_RANKING,,,NOT_APPLICABLE_GLOBAL_BASELINE,HF9g-P5,,,,X 全窗基线 · 不参与实体赏罚,8396044,840,A168_HF9F_20260827_0900,2026-08-27 09:00:00
2026-06-22,150832344,1017,0,103.8572585838,98.6643956546,98.6643956546,1.0000000,1,1,0.50665070000000000,0.506650700000,0.9867858985152569,0.9867858985152569,0.9867858985152569,0E-17,ELIGIBLE,R03b_20260811_FULL_v1,L1_ELIGIBILITY,v2026-08-11,2026-03-21..2026-08-06,baccarat_bet02_101_all_pairs_incl_sentinel,round_win = game_pnl > 0 (decisive only),COMPATIBILITY_ONLY_NOT_PRODUCTION,17195.2309,15230.2515,483.0713,141,141,-0.02809333,,-0.02809333,-0.02809333,-483.0713,17195.2309,OK,0.0000,19.3229,4.0000,96.0000,AG03-UNRESOLVED,ALL5_LEVELS_bet23_to_bet27,19.3229,19.3229,19.3229,28.9843,28.9843,4.000000,4.000000,4.000000,6.000000,6.000000,96.000000,96.000000,96.000000,94.000000,94.000000,5.0,115.9371,105.429,367.1342,377.6423,PENDING_AG03,FALSE,NOT_FOR_ENFORCEMENT,463.7484,14621.0415,483.0713,463.7484,19.3229,0.02809333,0.02696960,19.3229,463.7484,0.02696960,19.3229,19.3229,19.3229,28.9843,28.9843,463.7484,0.02696960,115.9371,105.429,367.1342,377.6423,0.02135093,0.02196204,0.00112373,121.9520,108.0160,3.4260,69.0102,6.9010,2456.4616,20.1429,,121.9520,41.5429,103.8573,169.8066,211.8687,385.7257,418.42,83.0858,0.0,3.713998,4.028799,1.174227,28,41,8,2,0E-8,0.02809333,,0E-8,0.000000,0.885725,0.000000,,2026-05-31,2026-06-25,7,70,60,26,0.269231,,,0.000000,,,,,,,,GLOBAL_BASELINE_NO_ENTITY_RANKING,,,NOT_APPLICABLE_GLOBAL_BASELINE,HF9g-P5,,,,X 全窗基线 · 不参与实体赏罚,8396045,840,A168_HF9F_20260827_0900,2026-08-27 09:00:00
2026-06-22,150832344,1205,0,103.8572585838,59.1986373928,59.1986373928,1.0000000,2,2,0.50665070000000000,0.506650700000,0.9867858985152569,0.9867858985152569,0.9867858985152569,0E-17,ELIGIBLE,R03b_20260811_FULL_v1,L1_ELIGIBILITY,v2026-08-11,2026-03-21..2026-08-06,baccarat_bet02_101_all_pairs_incl_sentinel,round_win = game_pnl > 0 (decisive only),COMPATIBILITY_ONLY_NOT_PRODUCTION,17195.2309,15230.2515,483.0713,141,141,-0.02809333,,-0.02809333,-0.02809333,-483.0713,17195.2309,OK,0.0000,19.3229,4.0000,96.0000,AG03-UNRESOLVED,ALL5_LEVELS_bet23_to_bet27,19.3229,19.3229,19.3229,28.9843,28.9843,4.000000,4.000000,4.000000,6.000000,6.000000,96.000000,96.000000,96.000000,94.000000,94.000000,5.0,115.9371,105.429,367.1342,377.6423,PENDING_AG03,FALSE,NOT_FOR_ENFORCEMENT,463.7484,14621.0415,483.0713,463.7484,19.3229,0.02809333,0.02696960,19.3229,463.7484,0.02696960,19.3229,19.3229,19.3229,28.9843,28.9843,463.7484,0.02696960,115.9371,105.429,367.1342,377.6423,0.02135093,0.02196204,0.00112373,121.9520,108.0160,3.4260,69.0102,6.9010,2456.4616,20.1429,,121.9520,41.5429,103.8573,169.8066,211.8687,385.7257,418.42,83.0858,0.0,3.713998,4.028799,1.174227,28,41,8,2,0E-8,0.02809333,,0E-8,0.000000,0.885725,0.000000,,2026-05-31,2026-06-25,7,70,60,26,0.269231,,,0.000000,,,,,,,,GLOBAL_BASELINE_NO_ENTITY_RANKING,,,NOT_APPLICABLE_GLOBAL_BASELINE,HF9g-P5,,,,X 全窗基线 · 不参与实体赏罚,8396046,840,A168_HF9F_20260827_0900,2026-08-27 09:00:00
2026-06-22,150832344,1353,0,97.6258230687,92.7445319153,92.7445319153,1.0000000,2,2,0.50665070000000000,0.506650700000,1.3955260008387969,1.3955260008387969,1.3955260008387969,0E-17,ELIGIBLE,R03b_20260811_FULL_v1,L1_ELIGIBILITY,v2026-08-11,2026-03-21..2026-08-06,baccarat_bet02_101_all_pairs_incl_sentinel,round_win = game_pnl > 0 (decisive only),COMPATIBILITY_ONLY_NOT_PRODUCTION,17195.2309,15230.2515,483.0713,141,141,-0.02809333,,-0.02809333,-0.02809333,-483.0713,17195.2309,OK,0.0000,19.3229,4.0000,96.0000,AG03-UNRESOLVED,ALL5_LEVELS_bet23_to_bet27,19.3229,19.3229,19.3229,28.9843,28.9843,4.000000,4.000000,4.000000,6.000000,6.000000,96.000000,96.000000,96.000000,94.000000,94.000000,5.0,115.9371,105.429,367.1342,377.6423,PENDING_AG03,FALSE,NOT_FOR_ENFORCEMENT,463.7484,14621.0415,483.0713,463.7484,19.3229,0.02809333,0.02696960,19.3229,463.7484,0.02696960,19.3229,19.3229,19.3229,28.9843,28.9843,463.7484,0.02696960,115.9371,105.429,367.1342,377.6423,0.02135093,0.02196204,0.00112373,121.9520,108.0160,3.4260,69.0102,6.9010,2456.4616,20.1429,,121.9520,41.5429,103.8573,169.8066,211.8687,385.7257,418.42,83.0858,0.0,3.713998,4.028799,1.174227,28,41,8,2,0E-8,0.02809333,,0E-8,0.000000,0.885725,0.000000,,2026-05-31,2026-06-25,7,70,60,26,0.269231,,,0.000000,,,,,,,,GLOBAL_BASELINE_NO_ENTITY_RANKING,,,NOT_APPLICABLE_GLOBAL_BASELINE,HF9g-P5,,,,X 全窗基线 · 不参与实体赏罚,8396047,840,A168_HF9F_20260827_0900,2026-08-27 09:00:00
2026-06-22,150832344,1402,0,103.8572585838,-103.8572585838,-103.8572585838,0E-7,1,1,0.50665070000000000,0.506650700000,-1.013391052207602,-1.013391052207602,-1.013391052207602,0E-17,ELIGIBLE,R03b_20260811_FULL_v1,L1_ELIGIBILITY,v2026-08-11,2026-03-21..2026-08-06,baccarat_bet02_101_all_pairs_incl_sentinel,round_win = game_pnl > 0 (decisive only),COMPATIBILITY_ONLY_NOT_PRODUCTION,17195.2309,15230.2515,483.0713,141,141,-0.02809333,,-0.02809333,-0.02809333,-483.0713,17195.2309,OK,0.0000,19.3229,4.0000,96.0000,AG03-UNRESOLVED,ALL5_LEVELS_bet23_to_bet27,19.3229,19.3229,19.3229,28.9843,28.9843,4.000000,4.000000,4.000000,6.000000,6.000000,96.000000,96.000000,96.000000,94.000000,94.000000,5.0,115.9371,105.429,367.1342,377.6423,PENDING_AG03,FALSE,NOT_FOR_ENFORCEMENT,463.7484,14621.0415,483.0713,463.7484,19.3229,0.02809333,0.02696960,19.3229,463.7484,0.02696960,19.3229,19.3229,19.3229,28.9843,28.9843,463.7484,0.02696960,115.9371,105.429,367.1342,377.6423,0.02135093,0.02196204,0.00112373,121.9520,108.0160,3.4260,69.0102,6.9010,2456.4616,20.1429,,121.9520,41.5429,103.8573,169.8066,211.8687,385.7257,418.42,83.0858,0.0,3.713998,4.028799,1.174227,28,41,8,2,0E-8,0.02809333,,0E-8,0.000000,0.885725,0.000000,,2026-05-31,2026-06-25,7,70,60,26,0.269231,,,0.000000,,,,,,,,GLOBAL_BASELINE_NO_ENTITY_RANKING,,,NOT_APPLICABLE_GLOBAL_BASELINE,HF9g-P5,,,,X 全窗基线 · 不参与实体赏罚,8396048,840,A168_HF9F_20260827_0900,2026-08-27 09:00:00
2026-06-22,150832344,1646,0,238.8716947428,-97.1065367759,-97.1065367759,0.3333333,3,3,0.50665070000000000,0.506650700000,-0.6004420894325239,-0.6004420894325239,-0.6004420894325239,0E-17,ELIGIBLE,R03b_20260811_FULL_v1,L1_ELIGIBILITY,v2026-08-11,2026-03-21..2026-08-06,baccarat_bet02_101_all_pairs_incl_sentinel,round_win = game_pnl > 0 (decisive only),COMPATIBILITY_ONLY_NOT_PRODUCTION,17195.2309,15230.2515,483.0713,141,141,-0.02809333,,-0.02809333,-0.02809333,-483.0713,17195.2309,OK,0.0000,19.3229,4.0000,96.0000,AG03-UNRESOLVED,ALL5_LEVELS_bet23_to_bet27,19.3229,19.3229,19.3229,28.9843,28.9843,4.000000,4.000000,4.000000,6.000000,6.000000,96.000000,96.000000,96.000000,94.000000,94.000000,5.0,115.9371,105.429,367.1342,377.6423,PENDING_AG03,FALSE,NOT_FOR_ENFORCEMENT,463.7484,14621.0415,483.0713,463.7484,19.3229,0.02809333,0.02696960,19.3229,463.7484,0.02696960,19.3229,19.3229,19.3229,28.9843,28.9843,463.7484,0.02696960,115.9371,105.429,367.1342,377.6423,0.02135093,0.02196204,0.00112373,121.9520,108.0160,3.4260,69.0102,6.9010,2456.4616,20.1429,,121.9520,41.5429,103.8573,169.8066,211.8687,385.7257,418.42,83.0858,0.0,3.713998,4.028799,1.174227,28,41,8,2,0E-8,0.02809333,,0E-8,0.000000,0.885725,0.000000,,2026-05-31,2026-06-25,7,70,60,26,0.269231,,,0.000000,,,,,,,,GLOBAL_BASELINE_NO_ENTITY_RANKING,,,NOT_APPLICABLE_GLOBAL_BASELINE,HF9g-P5,,,,X 全窗基线 · 不参与实体赏罚,8396049,840,A168_HF9F_20260827_0900,2026-08-27 09:00:00
2026-06-22,150832344,1714,0,207.7145171676,-207.7145171676,-207.7145171676,0E-7,1,1,0.50665070000000000,0.506650700000,-1.013391052207602,-1.013391052207602,-1.013391052207602,0E-17,ELIGIBLE,R03b_20260811_FULL_v1,L1_ELIGIBILITY,v2026-08-11,2026-03-21..2026-08-06,baccarat_bet02_101_all_pairs_incl_sentinel,round_win = game_pnl > 0 (decisive only),COMPATIBILITY_ONLY_NOT_PRODUCTION,17195.2309,15230.2515,483.0713,141,141,-0.02809333,,-0.02809333,-0.02809333,-483.0713,17195.2309,OK,0.0000,19.3229,4.0000,96.0000,AG03-UNRESOLVED,ALL5_LEVELS_bet23_to_bet27,19.3229,19.3229,19.3229,28.9843,28.9843,4.000000,4.000000,4.000000,6.000000,6.000000,96.000000,96.000000,96.000000,94.000000,94.000000,5.0,115.9371,105.429,367.1342,377.6423,PENDING_AG03,FALSE,NOT_FOR_ENFORCEMENT,463.7484,14621.0415,483.0713,463.7484,19.3229,0.02809333,0.02696960,19.3229,463.7484,0.02696960,19.3229,19.3229,19.3229,28.9843,28.9843,463.7484,0.02696960,115.9371,105.429,367.1342,377.6423,0.02135093,0.02196204,0.00112373,121.9520,108.0160,3.4260,69.0102,6.9010,2456.4616,20.1429,,121.9520,41.5429,103.8573,169.8066,211.8687,385.7257,418.42,83.0858,0.0,3.713998,4.028799,1.174227,28,41,8,2,0E-8,0.02809333,,0E-8,0.000000,0.885725,0.000000,,2026-05-31,2026-06-25,7,70,60,26,0.269231,,,0.000000,,,,,,,,GLOBAL_BASELINE_NO_ENTITY_RANKING,,,NOT_APPLICABLE_GLOBAL_BASELINE,HF9g-P5,,,,X 全窗基线 · 不参与实体赏罚,8396050,840,A168_HF9F_20260827_0900,2026-08-27 09:00:00
2026-06-22,150832344,2106,0,39.4657582619,1.0385725858,1.0385725858,0.5000000,2,2,0.50665070000000000,0.506650700000,-0.018812684590367487,-0.018812684590367487,-0.018812684590367487,0E-17,ELIGIBLE,R03b_20260811_FULL_v1,L1_ELIGIBILITY,v2026-08-11,2026-03-21..2026-08-06,baccarat_bet02_101_all_pairs_incl_sentinel,round_win = game_pnl > 0 (decisive only),COMPATIBILITY_ONLY_NOT_PRODUCTION,17195.2309,15230.2515,483.0713,141,141,-0.02809333,,-0.02809333,-0.02809333,-483.0713,17195.2309,OK,0.0000,19.3229,4.0000,96.0000,AG03-UNRESOLVED,ALL5_LEVELS_bet23_to_bet27,19.3229,19.3229,19.3229,28.9843,28.9843,4.000000,4.000000,4.000000,6.000000,6.000000,96.000000,96.000000,96.000000,94.000000,94.000000,5.0,115.9371,105.429,367.1342,377.6423,PENDING_AG03,FALSE,NOT_FOR_ENFORCEMENT,463.7484,14621.0415,483.0713,463.7484,19.3229,0.02809333,0.02696960,19.3229,463.7484,0.02696960,19.3229,19.3229,19.3229,28.9843,28.9843,463.7484,0.02696960,115.9371,105.429,367.1342,377.6423,0.02135093,0.02196204,0.00112373,121.9520,108.0160,3.4260,69.0102,6.9010,2456.4616,20.1429,,121.9520,41.5429,103.8573,169.8066,211.8687,385.7257,418.42,83.0858,0.0,3.713998,4.028799,1.174227,28,41,8,2,0E-8,0.02809333,,0E-8,0.000000,0.885725,0.000000,,2026-05-31,2026-06-25,7,70,60,26,0.269231,,,0.000000,,,,,,,,GLOBAL_BASELINE_NO_ENTITY_RANKING,,,NOT_APPLICABLE_GLOBAL_BASELINE,HF9g-P5,,,,X 全窗基线 · 不参与实体赏罚,8396051,840,A168_HF9F_20260827_0900,2026-08-27 09:00:00
2026-06-22,150832344,2117,0,8.3085806867,0E-10,0E-10,,1,1,0.50665070000000000,0.506650700000,,,,0E-17,NO_DECISIVE_ROUND,R03b_20260811_FULL_v1,L1_ELIGIBILITY,v2026-08-11,2026-03-21..2026-08-06,baccarat_bet02_101_all_pairs_incl_sentinel,round_win = game_pnl > 0 (decisive only),COMPATIBILITY_ONLY_NOT_PRODUCTION,17195.2309,15230.2515,483.0713,141,141,-0.02809333,,-0.02809333,-0.02809333,-483.0713,17195.2309,OK,0.0000,19.3229,4.0000,96.0000,AG03-UNRESOLVED,ALL5_LEVELS_bet23_to_bet27,19.3229,19.3229,19.3229,28.9843,28.9843,4.000000,4.000000,4.000000,6.000000,6.000000,96.000000,96.000000,96.000000,94.000000,94.000000,5.0,115.9371,105.429,367.1342,377.6423,PENDING_AG03,FALSE,NOT_FOR_ENFORCEMENT,463.7484,14621.0415,483.0713,463.7484,19.3229,0.02809333,0.02696960,19.3229,463.7484,0.02696960,19.3229,19.3229,19.3229,28.9843,28.9843,463.7484,0.02696960,115.9371,105.429,367.1342,377.6423,0.02135093,0.02196204,0.00112373,121.9520,108.0160,3.4260,69.0102,6.9010,2456.4616,20.1429,,121.9520,41.5429,103.8573,169.8066,211.8687,385.7257,418.42,83.0858,0.0,3.713998,4.028799,1.174227,28,41,8,2,0E-8,0.02809333,,0E-8,0.000000,0.885725,0.000000,,2026-05-31,2026-06-25,7,70,60,26,0.269231,,,0.000000,,,,,,,,GLOBAL_BASELINE_NO_ENTITY_RANKING,,,NOT_APPLICABLE_GLOBAL_BASELINE,HF9g-P5,,,,X 全窗基线 · 不参与实体赏罚,8396052,840,A168_HF9F_20260827_0900,2026-08-27 09:00:00
2026-06-22,150832344,2141,0,491.4525476185,288.6608645079,288.6608645079,0.5000000,4,4,0.50329940000000000,0.503299400000,-0.01319788734859681,-0.01319788734859681,-0.01319788734859681,0E-17,ELIGIBLE,R03b_20260811_FULL_v1,L1_ELIGIBILITY,v2026-08-11,2026-03-21..2026-08-06,baccarat_bet02_101_all_pairs_incl_sentinel,round_win = game_pnl > 0 (decisive only),COMPATIBILITY_ONLY_NOT_PRODUCTION,17195.2309,15230.2515,483.0713,141,141,-0.02809333,,-0.02809333,-0.02809333,-483.0713,17195.2309,OK,0.0000,19.3229,4.0000,96.0000,AG03-UNRESOLVED,ALL5_LEVELS_bet23_to_bet27,19.3229,19.3229,19.3229,28.9843,28.9843,4.000000,4.000000,4.000000,6.000000,6.000000,96.000000,96.000000,96.000000,94.000000,94.000000,5.0,115.9371,105.429,367.1342,377.6423,PENDING_AG03,FALSE,NOT_FOR_ENFORCEMENT,463.7484,14621.0415,483.0713,463.7484,19.3229,0.02809333,0.02696960,19.3229,463.7484,0.02696960,19.3229,19.3229,19.3229,28.9843,28.9843,463.7484,0.02696960,115.9371,105.429,367.1342,377.6423,0.02135093,0.02196204,0.00112373,121.9520,108.0160,3.4260,69.0102,6.9010,2456.4616,20.1429,,121.9520,41.5429,103.8573,169.8066,211.8687,385.7257,418.42,83.0858,0.0,3.713998,4.028799,1.174227,28,41,8,2,0E-8,0.02809333,,0E-8,0.000000,0.885725,0.000000,,2026-05-31,2026-06-25,7,70,60,26,0.269231,,,0.000000,,,,,,,,GLOBAL_BASELINE_NO_ENTITY_RANKING,,,NOT_APPLICABLE_GLOBAL_BASELINE,HF9g-P5,,,,X 全窗基线 · 不参与实体赏罚,8396053,840,A168_HF9F_20260827_0900,2026-08-27 09:00:00
2026-06-22,150832344,2169,0,62.3143551503,-62.3143551503,-62.3143551503,0E-7,1,1,0.50665070000000000,0.506650700000,-1.013391052207602,-1.013391052207602,-1.013391052207602,0E-17,ELIGIBLE,R03b_20260811_FULL_v1,L1_ELIGIBILITY,v2026-08-11,2026-03-21..2026-08-06,baccarat_bet02_101_all_pairs_incl_sentinel,round_win = game_pnl > 0 (decisive only),COMPATIBILITY_ONLY_NOT_PRODUCTION,17195.2309,15230.2515,483.0713,141,141,-0.02809333,,-0.02809333,-0.02809333,-483.0713,17195.2309,OK,0.0000,19.3229,4.0000,96.0000,AG03-UNRESOLVED,ALL5_LEVELS_bet23_to_bet27,19.3229,19.3229,19.3229,28.9843,28.9843,4.000000,4.000000,4.000000,6.000000,6.000000,96.000000,96.000000,96.000000,94.000000,94.000000,5.0,115.9371,105.429,367.1342,377.6423,PENDING_AG03,FALSE,NOT_FOR_ENFORCEMENT,463.7484,14621.0415,483.0713,463.7484,19.3229,0.02809333,0.02696960,19.3229,463.7484,0.02696960,19.3229,19.3229,19.3229,28.9843,28.9843,463.7484,0.02696960,115.9371,105.429,367.1342,377.6423,0.02135093,0.02196204,0.00112373,121.9520,108.0160,3.4260,69.0102,6.9010,2456.4616,20.1429,,121.9520,41.5429,103.8573,169.8066,211.8687,385.7257,418.42,83.0858,0.0,3.713998,4.028799,1.174227,28,41,8,2,0E-8,0.02809333,,0E-8,0.000000,0.885725,0.000000,,2026-05-31,2026-06-25,7,70,60,26,0.269231,,,0.000000,,,,,,,,GLOBAL_BASELINE_NO_ENTITY_RANKING,,,NOT_APPLICABLE_GLOBAL_BASELINE,HF9g-P5,,,,X 全窗基线 · 不参与实体赏罚,8396054,840,A168_HF9F_20260827_0900,2026-08-27 09:00:00
2026-06-22,150832344,2201,0,91.3943875538,0E-10,0E-10,,2,2,0.50665070000000000,0.506650700000,,,,0E-17,NO_DECISIVE_ROUND,R03b_20260811_FULL_v1,L1_ELIGIBILITY,v2026-08-11,2026-03-21..2026-08-06,baccarat_bet02_101_all_pairs_incl_sentinel,round_win = game_pnl > 0 (decisive only),COMPATIBILITY_ONLY_NOT_PRODUCTION,17195.2309,15230.2515,483.0713,141,141,-0.02809333,,-0.02809333,-0.02809333,-483.0713,17195.2309,OK,0.0000,19.3229,4.0000,96.0000,AG03-UNRESOLVED,ALL5_LEVELS_bet23_to_bet27,19.3229,19.3229,19.3229,28.9843,28.9843,4.000000,4.000000,4.000000,6.000000,6.000000,96.000000,96.000000,96.000000,94.000000,94.000000,5.0,115.9371,105.429,367.1342,377.6423,PENDING_AG03,FALSE,NOT_FOR_ENFORCEMENT,463.7484,14621.0415,483.0713,463.7484,19.3229,0.02809333,0.02696960,19.3229,463.7484,0.02696960,19.3229,19.3229,19.3229,28.9843,28.9843,463.7484,0.02696960,115.9371,105.429,367.1342,377.6423,0.02135093,0.02196204,0.00112373,121.9520,108.0160,3.4260,69.0102,6.9010,2456.4616,20.1429,,121.9520,41.5429,103.8573,169.8066,211.8687,385.7257,418.42,83.0858,0.0,3.713998,4.028799,1.174227,28,41,8,2,0E-8,0.02809333,,0E-8,0.000000,0.885725,0.000000,,2026-05-31,2026-06-25,7,70,60,26,0.269231,,,0.000000,,,,,,,,GLOBAL_BASELINE_NO_ENTITY_RANKING,,,NOT_APPLICABLE_GLOBAL_BASELINE,HF9g-P5,,,,X 全窗基线 · 不参与实体赏罚,8396055,840,A168_HF9F_20260827_0900,2026-08-27 09:00:00
2026-06-22,150832344,2205,0,31.1571775751,-31.1571775751,-31.1571775751,0E-7,1,1,0.50665070000000000,0.506650700000,-1.013391052207602,-1.013391052207602,-1.013391052207602,0E-17,ELIGIBLE,R03b_20260811_FULL_v1,L1_ELIGIBILITY,v2026-08-11,2026-03-21..2026-08-06,baccarat_bet02_101_all_pairs_incl_sentinel,round_win = game_pnl > 0 (decisive only),COMPATIBILITY_ONLY_NOT_PRODUCTION,17195.2309,15230.2515,483.0713,141,141,-0.02809333,,-0.02809333,-0.02809333,-483.0713,17195.2309,OK,0.0000,19.3229,4.0000,96.0000,AG03-UNRESOLVED,ALL5_LEVELS_bet23_to_bet27,19.3229,19.3229,19.3229,28.9843,28.9843,4.000000,4.000000,4.000000,6.000000,6.000000,96.000000,96.000000,96.000000,94.000000,94.000000,5.0,115.9371,105.429,367.1342,377.6423,PENDING_AG03,FALSE,NOT_FOR_ENFORCEMENT,463.7484,14621.0415,483.0713,463.7484,19.3229,0.02809333,0.02696960,19.3229,463.7484,0.02696960,19.3229,19.3229,19.3229,28.9843,28.9843,463.7484,0.02696960,115.9371,105.429,367.1342,377.6423,0.02135093,0.02196204,0.00112373,121.9520,108.0160,3.4260,69.0102,6.9010,2456.4616,20.1429,,121.9520,41.5429,103.8573,169.8066,211.8687,385.7257,418.42,83.0858,0.0,3.713998,4.028799,1.174227,28,41,8,2,0E-8,0.02809333,,0E-8,0.000000,0.885725,0.000000,,2026-05-31,2026-06-25,7,70,60,26,0.269231,,,0.000000,,,,,,,,GLOBAL_BASELINE_NO_ENTITY_RANKING,,,NOT_APPLICABLE_GLOBAL_BASELINE,HF9g-P5,,,,X 全窗基线 · 不参与实体赏罚,8396056,840,A168_HF9F_20260827_0900,2026-08-27 09:00:00
2026-06-22,150832344,2223,0,415.4290343352,-207.7145171676,-207.7145171676,0E-7,2,2,0.50665070000000000,0.506650700000,-1.013391052207602,-1.013391052207602,-1.013391052207602,0E-17,ELIGIBLE,R03b_20260811_FULL_v1,L1_ELIGIBILITY,v2026-08-11,2026-03-21..2026-08-06,baccarat_bet02_101_all_pairs_incl_sentinel,round_win = game_pnl > 0 (decisive only),COMPATIBILITY_ONLY_NOT_PRODUCTION,17195.2309,15230.2515,483.0713,141,141,-0.02809333,,-0.02809333,-0.02809333,-483.0713,17195.2309,OK,0.0000,19.3229,4.0000,96.0000,AG03-UNRESOLVED,ALL5_LEVELS_bet23_to_bet27,19.3229,19.3229,19.3229,28.9843,28.9843,4.000000,4.000000,4.000000,6.000000,6.000000,96.000000,96.000000,96.000000,94.000000,94.000000,5.0,115.9371,105.429,367.1342,377.6423,PENDING_AG03,FALSE,NOT_FOR_ENFORCEMENT,463.7484,14621.0415,483.0713,463.7484,19.3229,0.02809333,0.02696960,19.3229,463.7484,0.02696960,19.3229,19.3229,19.3229,28.9843,28.9843,463.7484,0.02696960,115.9371,105.429,367.1342,377.6423,0.02135093,0.02196204,0.00112373,121.9520,108.0160,3.4260,69.0102,6.9010,2456.4616,20.1429,,121.9520,41.5429,103.8573,169.8066,211.8687,385.7257,418.42,83.0858,0.0,3.713998,4.028799,1.174227,28,41,8,2,0E-8,0.02809333,,0E-8,0.000000,0.885725,0.000000,,2026-05-31,2026-06-25,7,70,60,26,0.269231,,,0.000000,,,,,,,,GLOBAL_BASELINE_NO_ENTITY_RANKING,,,NOT_APPLICABLE_GLOBAL_BASELINE,HF9g-P5,,,,X 全窗基线 · 不参与实体赏罚,8396057,840,A168_HF9F_20260827_0900,2026-08-27 09:00:00
2026-06-22,150832344,2229,0,29.0800324035,-29.0800324035,-29.0800324035,0E-7,2,2,0.50665070000000000,0.506650700000,-1.4331513700195317,-1.4331513700195317,-1.4331513700195317,0E-17,ELIGIBLE,R03b_20260811_FULL_v1,L1_ELIGIBILITY,v2026-08-11,2026-03-21..2026-08-06,baccarat_bet02_101_all_pairs_incl_sentinel,round_win = game_pnl > 0 (decisive only),COMPATIBILITY_ONLY_NOT_PRODUCTION,17195.2309,15230.2515,483.0713,141,141,-0.02809333,,-0.02809333,-0.02809333,-483.0713,17195.2309,OK,0.0000,19.3229,4.0000,96.0000,AG03-UNRESOLVED,ALL5_LEVELS_bet23_to_bet27,19.3229,19.3229,19.3229,28.9843,28.9843,4.000000,4.000000,4.000000,6.000000,6.000000,96.000000,96.000000,96.000000,94.000000,94.000000,5.0,115.9371,105.429,367.1342,377.6423,PENDING_AG03,FALSE,NOT_FOR_ENFORCEMENT,463.7484,14621.0415,483.0713,463.7484,19.3229,0.02809333,0.02696960,19.3229,463.7484,0.02696960,19.3229,19.3229,19.3229,28.9843,28.9843,463.7484,0.02696960,115.9371,105.429,367.1342,377.6423,0.02135093,0.02196204,0.00112373,121.9520,108.0160,3.4260,69.0102,6.9010,2456.4616,20.1429,,121.9520,41.5429,103.8573,169.8066,211.8687,385.7257,418.42,83.0858,0.0,3.713998,4.028799,1.174227,28,41,8,2,0E-8,0.02809333,,0E-8,0.000000,0.885725,0.000000,,2026-05-31,2026-06-25,7,70,60,26,0.269231,,,0.000000,,,,,,,,GLOBAL_BASELINE_NO_ENTITY_RANKING,,,NOT_APPLICABLE_GLOBAL_BASELINE,HF9g-P5,,,,X 全窗基线 · 不参与实体赏罚,8396058,840,A168_HF9F_20260827_0900,2026-08-27 09:00:00
2026-06-22,150832344,529,0,58.1600648069,-58.1600648069,-58.1600648069,0E-7,1,1,0.50665070000000000,0.506650700000,-1.013391052207602,-1.013391052207602,-1.013391052207602,0E-17,ELIGIBLE,R03b_20260811_FULL_v1,L1_ELIGIBILITY,v2026-08-11,2026-03-21..2026-08-06,baccarat_bet02_101_all_pairs_incl_sentinel,round_win = game_pnl > 0 (decisive only),COMPATIBILITY_ONLY_NOT_PRODUCTION,17195.2309,15230.2515,483.0713,141,141,-0.02809333,,-0.02809333,-0.02809333,-483.0713,17195.2309,OK,0.0000,19.3229,4.0000,96.0000,AG03-UNRESOLVED,ALL5_LEVELS_bet23_to_bet27,19.3229,19.3229,19.3229,28.9843,28.9843,4.000000,4.000000,4.000000,6.000000,6.000000,96.000000,96.000000,96.000000,94.000000,94.000000,5.0,115.9371,105.429,367.1342,377.6423,PENDING_AG03,FALSE,NOT_FOR_ENFORCEMENT,463.7484,14621.0415,483.0713,463.7484,19.3229,0.02809333,0.02696960,19.3229,463.7484,0.02696960,19.3229,19.3229,19.3229,28.9843,28.9843,463.7484,0.02696960,115.9371,105.429,367.1342,377.6423,0.02135093,0.02196204,0.00112373,121.9520,108.0160,3.4260,69.0102,6.9010,2456.4616,20.1429,,121.9520,41.5429,103.8573,169.8066,211.8687,385.7257,418.42,83.0858,0.0,3.713998,4.028799,1.174227,28,41,8,2,0E-8,0.02809333,,0E-8,0.000000,0.885725,0.000000,,2026-05-31,2026-06-25,7,70,60,26,0.269231,,,0.000000,,,,,,,,GLOBAL_BASELINE_NO_ENTITY_RANKING,,,NOT_APPLICABLE_GLOBAL_BASELINE,HF9g-P5,,,,X 全窗基线 · 不参与实体赏罚,8396059,840,A168_HF9F_20260827_0900,2026-08-27 09:00:00
2026-06-22,150832344,994,0,606.7341046466,88.4759985875,88.4759985875,0.3333333,4,4,0.50665070000000000,0.506650700000,-0.6004420894325239,-0.6004420894325239,-0.6004420894325239,0E-17,ELIGIBLE,R03b_20260811_FULL_v1,L1_ELIGIBILITY,v2026-08-11,2026-03-21..2026-08-06,baccarat_bet02_101_all_pairs_incl_sentinel,round_win = game_pnl > 0 (decisive only),COMPATIBILITY_ONLY_NOT_PRODUCTION,17195.2309,15230.2515,483.0713,141,141,-0.02809333,,-0.02809333,-0.02809333,-483.0713,17195.2309,OK,0.0000,19.3229,4.0000,96.0000,AG03-UNRESOLVED,ALL5_LEVELS_bet23_to_bet27,19.3229,19.3229,19.3229,28.9843,28.9843,4.000000,4.000000,4.000000,6.000000,6.000000,96.000000,96.000000,96.000000,94.000000,94.000000,5.0,115.9371,105.429,367.1342,377.6423,PENDING_AG03,FALSE,NOT_FOR_ENFORCEMENT,463.7484,14621.0415,483.0713,463.7484,19.3229,0.02809333,0.02696960,19.3229,463.7484,0.02696960,19.3229,19.3229,19.3229,28.9843,28.9843,463.7484,0.02696960,115.9371,105.429,367.1342,377.6423,0.02135093,0.02196204,0.00112373,121.9520,108.0160,3.4260,69.0102,6.9010,2456.4616,20.1429,,121.9520,41.5429,103.8573,169.8066,211.8687,385.7257,418.42,83.0858,0.0,3.713998,4.028799,1.174227,28,41,8,2,0E-8,0.02809333,,0E-8,0.000000,0.885725,0.000000,,2026-05-31,2026-06-25,7,70,60,26,0.269231,,,0.000000,,,,,,,,GLOBAL_BASELINE_NO_ENTITY_RANKING,,,NOT_APPLICABLE_GLOBAL_BASELINE,HF9g-P5,,,,X 全窗基线 · 不参与实体赏罚,8396060,840,A168_HF9F_20260827_0900,2026-08-27 09:00:00
2026-06-25,150832344,-1,1,54.0057744636,51.3054857405,51.3054857405,1.0000000,4,4,0.50665070000000000,0.506650700000,1.9735717970305138,1.9735717970305138,1.9735717970305138,0E-17,SENTINEL_DEALER,R03b_20260811_FULL_v1,L1_ELIGIBILITY,v2026-08-11,2026-03-21..2026-08-06,baccarat_bet02_101_all_pairs_incl_sentinel,round_win = game_pnl > 0 (decisive only),COMPATIBILITY_ONLY_NOT_PRODUCTION,17195.2309,15230.2515,483.0713,141,141,-0.02809333,,-0.02809333,-0.02809333,-483.0713,17195.2309,OK,0.0000,19.3229,4.0000,96.0000,AG03-UNRESOLVED,ALL5_LEVELS_bet23_to_bet27,19.3229,19.3229,19.3229,28.9843,28.9843,4.000000,4.000000,4.000000,6.000000,6.000000,96.000000,96.000000,96.000000,94.000000,94.000000,5.0,115.9371,105.429,367.1342,377.6423,PENDING_AG03,FALSE,NOT_FOR_ENFORCEMENT,463.7484,14621.0415,483.0713,463.7484,19.3229,0.02809333,0.02696960,19.3229,463.7484,0.02696960,19.3229,19.3229,19.3229,28.9843,28.9843,463.7484,0.02696960,115.9371,105.429,367.1342,377.6423,0.02135093,0.02196204,0.00112373,121.9520,108.0160,3.4260,69.0102,6.9010,2456.4616,20.1429,,121.9520,41.5429,103.8573,169.8066,211.8687,385.7257,418.42,83.0858,0.0,3.713998,4.028799,1.174227,28,41,8,2,0E-8,0.02809333,,0E-8,0.000000,0.885725,0.000000,,2026-05-31,2026-06-25,7,70,60,26,0.269231,,,0.000000,,,,,,,,GLOBAL_BASELINE_NO_ENTITY_RANKING,,,NOT_APPLICABLE_GLOBAL_BASELINE,HF9g-P5,,,,X 全窗基线 · 不参与实体赏罚,8396061,840,A168_HF9F_20260827_0900,2026-08-27 09:00:00
2026-03-25,121289974,1318,0,216.9734312875,-82.7342865419,-82.7342865419,0.2000000,14,5,0.36767791341299095,0.181629556666,-0.7776029797100793,0.10654581850910712,-0.7776029797100793,0.18604835674699095,ELIGIBLE,R03b_20260811_FULL_v1,L1_ELIGIBILITY,v2026-08-11,2026-03-21..2026-08-06,baccarat_bet02_101_all_pairs_incl_sentinel,round_win = game_pnl > 0 (decisive only),COMPATIBILITY_ONLY_NOT_PRODUCTION,3195.1154,3031.5157,483.1016,172,76,-0.15120004,,-0.15120004,-0.15120004,-483.1016,3195.1154,OK,0.0000,19.3241,4.0000,96.0000,AG03-UNRESOLVED,ALL5_LEVELS_bet23_to_bet27,19.3241,19.3241,19.3241,24.1551,24.1551,4.000000,4.000000,4.000000,5.000000,5.000000,96.000000,96.000000,96.000000,95.000000,95.000000,5.0,106.2824,97.3574,376.8192,385.7442,PENDING_AG03,FALSE,NOT_FOR_ENFORCEMENT,463.7775,2910.2551,483.1016,463.7775,19.3241,0.15120004,0.14515204,19.3241,463.7775,0.14515204,19.3241,19.3241,19.3241,24.1551,24.1551,463.7775,0.14515204,106.2824,97.3574,376.8192,385.7442,0.11793603,0.12072934,0.00604800,18.5763,39.8884,6.3566,48.3102,25.4264,319.5115,7.6000,,18.5763,5.2352,9.1616,26.176,47.1167,65.4399,73.2927,7.8528,-5.2352,7.142857,8.0,2.027625,8,18,11,8,0E-8,0.15120004,,0E-8,0.000000,0.948797,0.000000,,2026-03-25,2026-05-03,10,19,18,40,0.250000,,,0.000000,,,,,,,,GLOBAL_BASELINE_NO_ENTITY_RANKING,,,NOT_APPLICABLE_GLOBAL_BASELINE,HF9g-P5,,,,X 全窗基线 · 不参与实体赏罚,8396062,840,A168_HF9F_20260827_0900,2026-08-27 09:00:00
2026-04-11,121289974,2123,0,303.6410753087,70.0206790041,70.0206790041,0.7000000,24,11,0.33712376026188408,0.248600480303,2.4274350875789006,3.302742038916966,2.4274350875789006,0.08852327995888408,ELIGIBLE,R03b_20260811_FULL_v1,L1_ELIGIBILITY,v2026-08-11,2026-03-21..2026-08-06,baccarat_bet02_101_all_pairs_incl_sentinel,round_win = game_pnl > 0 (decisive only),COMPATIBILITY_ONLY_NOT_PRODUCTION,3195.1154,3031.5157,483.1016,172,76,-0.15120004,,-0.15120004,-0.15120004,-483.1016,3195.1154,OK,0.0000,19.3241,4.0000,96.0000,AG03-UNRESOLVED,ALL5_LEVELS_bet23_to_bet27,19.3241,19.3241,19.3241,24.1551,24.1551,4.000000,4.000000,4.000000,5.000000,5.000000,96.000000,96.000000,96.000000,95.000000,95.000000,5.0,106.2824,97.3574,376.8192,385.7442,PENDING_AG03,FALSE,NOT_FOR_ENFORCEMENT,463.7775,2910.2551,483.1016,463.7775,19.3241,0.15120004,0.14515204,19.3241,463.7775,0.14515204,19.3241,19.3241,19.3241,24.1551,24.1551,463.7775,0.14515204,106.2824,97.3574,376.8192,385.7442,0.11793603,0.12072934,0.00604800,18.5763,39.8884,6.3566,48.3102,25.4264,319.5115,7.6000,,18.5763,5.2352,9.1616,26.176,47.1167,65.4399,73.2927,7.8528,-5.2352,7.142857,8.0,2.027625,8,18,11,8,0E-8,0.15120004,,0E-8,0.000000,0.948797,0.000000,,2026-03-25,2026-05-03,10,19,18,40,0.250000,,,0.000000,,,,,,,,GLOBAL_BASELINE_NO_ENTITY_RANKING,,,NOT_APPLICABLE_GLOBAL_BASELINE,HF9g-P5,,,,X 全窗基线 · 不参与实体赏罚,8396063,840,A168_HF9F_20260827_0900,2026-08-27 09:00:00
2026-04-11,121289974,2145,0,166.2173127766,57.5871004895,57.5871004895,0.7500000,8,4,0.44599468960593164,0.286455462500,1.2231771457481504,2.050606672676785,1.2231771457481504,0.15953922710593164,ELIGIBLE,R03b_20260811_FULL_v1,L1_ELIGIBILITY,v2026-08-11,2026-03-21..2026-08-06,baccarat_bet02_101_all_pairs_incl_sentinel,round_win = game_pnl > 0 (decisive only),COMPATIBILITY_ONLY_NOT_PRODUCTION,3195.1154,3031.5157,483.1016,172,76,-0.15120004,,-0.15120004,-0.15120004,-483.1016,3195.1154,OK,0.0000,19.3241,4.0000,96.0000,AG03-UNRESOLVED,ALL5_LEVELS_bet23_to_bet27,19.3241,19.3241,19.3241,24.1551,24.1551,4.000000,4.000000,4.000000,5.000000,5.000000,96.000000,96.000000,96.000000,95.000000,95.000000,5.0,106.2824,97.3574,376.8192,385.7442,PENDING_AG03,FALSE,NOT_FOR_ENFORCEMENT,463.7775,2910.2551,483.1016,463.7775,19.3241,0.15120004,0.14515204,19.3241,463.7775,0.14515204,19.3241,19.3241,19.3241,24.1551,24.1551,463.7775,0.14515204,106.2824,97.3574,376.8192,385.7442,0.11793603,0.12072934,0.00604800,18.5763,39.8884,6.3566,48.3102,25.4264,319.5115,7.6000,,18.5763,5.2352,9.1616,26.176,47.1167,65.4399,73.2927,7.8528,-5.2352,7.142857,8.0,2.027625,8,18,11,8,0E-8,0.15120004,,0E-8,0.000000,0.948797,0.000000,,2026-03-25,2026-05-03,10,19,18,40,0.250000,,,0.000000,,,,,,,,GLOBAL_BASELINE_NO_ENTITY_RANKING,,,NOT_APPLICABLE_GLOBAL_BASELINE,HF9g-P5,,,,X 全窗基线 · 不参与实体赏罚,8396064,840,A168_HF9F_20260827_0900,2026-08-27 09:00:00
2026-04-14,121289974,1307,0,5.2351909536,-5.2351909536,-5.2351909536,0E-7,2,1,0.07469835000000000,0.074698350000,-0.2841278703448948,-0.28412787034489473,-0.2841278703448948,0E-17,ELIGIBLE,R03b_20260811_FULL_v1,L1_ELIGIBILITY,v2026-08-11,2026-03-21..2026-08-06,baccarat_bet02_101_all_pairs_incl_sentinel,round_win = game_pnl > 0 (decisive only),COMPATIBILITY_ONLY_NOT_PRODUCTION,3195.1154,3031.5157,483.1016,172,76,-0.15120004,,-0.15120004,-0.15120004,-483.1016,3195.1154,OK,0.0000,19.3241,4.0000,96.0000,AG03-UNRESOLVED,ALL5_LEVELS_bet23_to_bet27,19.3241,19.3241,19.3241,24.1551,24.1551,4.000000,4.000000,4.000000,5.000000,5.000000,96.000000,96.000000,96.000000,95.000000,95.000000,5.0,106.2824,97.3574,376.8192,385.7442,PENDING_AG03,FALSE,NOT_FOR_ENFORCEMENT,463.7775,2910.2551,483.1016,463.7775,19.3241,0.15120004,0.14515204,19.3241,463.7775,0.14515204,19.3241,19.3241,19.3241,24.1551,24.1551,463.7775,0.14515204,106.2824,97.3574,376.8192,385.7442,0.11793603,0.12072934,0.00604800,18.5763,39.8884,6.3566,48.3102,25.4264,319.5115,7.6000,,18.5763,5.2352,9.1616,26.176,47.1167,65.4399,73.2927,7.8528,-5.2352,7.142857,8.0,2.027625,8,18,11,8,0E-8,0.15120004,,0E-8,0.000000,0.948797,0.000000,,2026-03-25,2026-05-03,10,19,18,40,0.250000,,,0.000000,,,,,,,,GLOBAL_BASELINE_NO_ENTITY_RANKING,,,NOT_APPLICABLE_GLOBAL_BASELINE,HF9g-P5,,,,X 全窗基线 · 不参与实体赏罚,8396065,840,A168_HF9F_20260827_0900,2026-08-27 09:00:00
2026-04-15,121289974,1109,0,4.4499123106,-4.4499123106,-4.4499123106,0E-7,1,1,0.08158750000000000,0.081587500000,-0.29805260355172214,-0.2980526035517222,-0.29805260355172214,0E-17,ELIGIBLE,R03b_20260811_FULL_v1,L1_ELIGIBILITY,v2026-08-11,2026-03-21..2026-08-06,baccarat_bet02_101_all_pairs_incl_sentinel,round_win = game_pnl > 0 (decisive only),COMPATIBILITY_ONLY_NOT_PRODUCTION,3195.1154,3031.5157,483.1016,172,76,-0.15120004,,-0.15120004,-0.15120004,-483.1016,3195.1154,OK,0.0000,19.3241,4.0000,96.0000,AG03-UNRESOLVED,ALL5_LEVELS_bet23_to_bet27,19.3241,19.3241,19.3241,24.1551,24.1551,4.000000,4.000000,4.000000,5.000000,5.000000,96.000000,96.000000,96.000000,95.000000,95.000000,5.0,106.2824,97.3574,376.8192,385.7442,PENDING_AG03,FALSE,NOT_FOR_ENFORCEMENT,463.7775,2910.2551,483.1016,463.7775,19.3241,0.15120004,0.14515204,19.3241,463.7775,0.14515204,19.3241,19.3241,19.3241,24.1551,24.1551,463.7775,0.14515204,106.2824,97.3574,376.8192,385.7442,0.11793603,0.12072934,0.00604800,18.5763,39.8884,6.3566,48.3102,25.4264,319.5115,7.6000,,18.5763,5.2352,9.1616,26.176,47.1167,65.4399,73.2927,7.8528,-5.2352,7.142857,8.0,2.027625,8,18,11,8,0E-8,0.15120004,,0E-8,0.000000,0.948797,0.000000,,2026-03-25,2026-05-03,10,19,18,40,0.250000,,,0.000000,,,,,,,,GLOBAL_BASELINE_NO_ENTITY_RANKING,,,NOT_APPLICABLE_GLOBAL_BASELINE,HF9g-P5,,,,X 全窗基线 · 不参与实体赏罚,8396066,840,A168_HF9F_20260827_0900,2026-08-27 09:00:00
2026-04-15,121289974,2088,0,256.5243567259,26.1759547678,26.1759547678,0.2000000,13,5,0.34367319999971986,0.244875280000,-0.6764377938770451,-0.23335137104371928,-0.6764377938770451,0.09879791999971986,ELIGIBLE,R03b_20260811_FULL_v1,L1_ELIGIBILITY,v2026-08-11,2026-03-21..2026-08-06,baccarat_bet02_101_all_pairs_incl_sentinel,round_win = game_pnl > 0 (decisive only),COMPATIBILITY_ONLY_NOT_PRODUCTION,3195.1154,3031.5157,483.1016,172,76,-0.15120004,,-0.15120004,-0.15120004,-483.1016,3195.1154,OK,0.0000,19.3241,4.0000,96.0000,AG03-UNRESOLVED,ALL5_LEVELS_bet23_to_bet27,19.3241,19.3241,19.3241,24.1551,24.1551,4.000000,4.000000,4.000000,5.000000,5.000000,96.000000,96.000000,96.000000,95.000000,95.000000,5.0,106.2824,97.3574,376.8192,385.7442,PENDING_AG03,FALSE,NOT_FOR_ENFORCEMENT,463.7775,2910.2551,483.1016,463.7775,19.3241,0.15120004,0.14515204,19.3241,463.7775,0.14515204,19.3241,19.3241,19.3241,24.1551,24.1551,463.7775,0.14515204,106.2824,97.3574,376.8192,385.7442,0.11793603,0.12072934,0.00604800,18.5763,39.8884,6.3566,48.3102,25.4264,319.5115,7.6000,,18.5763,5.2352,9.1616,26.176,47.1167,65.4399,73.2927,7.8528,-5.2352,7.142857,8.0,2.027625,8,18,11,8,0E-8,0.15120004,,0E-8,0.000000,0.948797,0.000000,,2026-03-25,2026-05-03,10,19,18,40,0.250000,,,0.000000,,,,,,,,GLOBAL_BASELINE_NO_ENTITY_RANKING,,,NOT_APPLICABLE_GLOBAL_BASELINE,HF9g-P5,,,,X 全窗基线 · 不参与实体赏罚,8396067,840,A168_HF9F_20260827_0900,2026-08-27 09:00:00
2026-04-15,121289974,2106,0,162.2909195613,-11.3865403242,-11.3865403242,0.6000000,10,5,0.39111424485699843,0.285954410000,0.9571369951295501,1.5540548082823886,0.9571369951295501,0.10515983485699843,ELIGIBLE,R03b_20260811_FULL_v1,L1_ELIGIBILITY,v2026-08-11,2026-03-21..2026-08-06,baccarat_bet02_101_all_pairs_incl_sentinel,round_win = game_pnl > 0 (decisive only),COMPATIBILITY_ONLY_NOT_PRODUCTION,3195.1154,3031.5157,483.1016,172,76,-0.15120004,,-0.15120004,-0.15120004,-483.1016,3195.1154,OK,0.0000,19.3241,4.0000,96.0000,AG03-UNRESOLVED,ALL5_LEVELS_bet23_to_bet27,19.3241,19.3241,19.3241,24.1551,24.1551,4.000000,4.000000,4.000000,5.000000,5.000000,96.000000,96.000000,96.000000,95.000000,95.000000,5.0,106.2824,97.3574,376.8192,385.7442,PENDING_AG03,FALSE,NOT_FOR_ENFORCEMENT,463.7775,2910.2551,483.1016,463.7775,19.3241,0.15120004,0.14515204,19.3241,463.7775,0.14515204,19.3241,19.3241,19.3241,24.1551,24.1551,463.7775,0.14515204,106.2824,97.3574,376.8192,385.7442,0.11793603,0.12072934,0.00604800,18.5763,39.8884,6.3566,48.3102,25.4264,319.5115,7.6000,,18.5763,5.2352,9.1616,26.176,47.1167,65.4399,73.2927,7.8528,-5.2352,7.142857,8.0,2.027625,8,18,11,8,0E-8,0.15120004,,0E-8,0.000000,0.948797,0.000000,,2026-03-25,2026-05-03,10,19,18,40,0.250000,,,0.000000,,,,,,,,GLOBAL_BASELINE_NO_ENTITY_RANKING,,,NOT_APPLICABLE_GLOBAL_BASELINE,HF9g-P5,,,,X 全窗基线 · 不参与实体赏罚,8396068,840,A168_HF9F_20260827_0900,2026-08-27 09:00:00
2026-04-17,121289974,1307,0,722.4563515957,47.3784781299,47.3784781299,0.6363636,22,11,0.42944528434332032,0.288840518182,1.3864135196046192,2.5431236858670787,1.3864135196046192,0.14060476616132032,ELIGIBLE,R03b_20260811_FULL_v1,L1_ELIGIBILITY,v2026-08-11,2026-03-21..2026-08-06,baccarat_bet02_101_all_pairs_incl_sentinel,round_win = game_pnl > 0 (decisive only),COMPATIBILITY_ONLY_NOT_PRODUCTION,3195.1154,3031.5157,483.1016,172,76,-0.15120004,,-0.15120004,-0.15120004,-483.1016,3195.1154,OK,0.0000,19.3241,4.0000,96.0000,AG03-UNRESOLVED,ALL5_LEVELS_bet23_to_bet27,19.3241,19.3241,19.3241,24.1551,24.1551,4.000000,4.000000,4.000000,5.000000,5.000000,96.000000,96.000000,96.000000,95.000000,95.000000,5.0,106.2824,97.3574,376.8192,385.7442,PENDING_AG03,FALSE,NOT_FOR_ENFORCEMENT,463.7775,2910.2551,483.1016,463.7775,19.3241,0.15120004,0.14515204,19.3241,463.7775,0.14515204,19.3241,19.3241,19.3241,24.1551,24.1551,463.7775,0.14515204,106.2824,97.3574,376.8192,385.7442,0.11793603,0.12072934,0.00604800,18.5763,39.8884,6.3566,48.3102,25.4264,319.5115,7.6000,,18.5763,5.2352,9.1616,26.176,47.1167,65.4399,73.2927,7.8528,-5.2352,7.142857,8.0,2.027625,8,18,11,8,0E-8,0.15120004,,0E-8,0.000000,0.948797,0.000000,,2026-03-25,2026-05-03,10,19,18,40,0.250000,,,0.000000,,,,,,,,GLOBAL_BASELINE_NO_ENTITY_RANKING,,,NOT_APPLICABLE_GLOBAL_BASELINE,HF9g-P5,,,,X 全窗基线 · 不参与实体赏罚,8396069,840,A168_HF9F_20260827_0900,2026-08-27 09:00:00
2026-04-17,121289974,1646,0,6.0204695966,-6.0204695966,-6.0204695966,0E-7,2,1,0.07469992173913037,0.074698350000,-0.28413110083361803,-0.28412787034489473,-0.28413110083361803,0.00000157173913037,ELIGIBLE,R03b_20260811_FULL_v1,L1_ELIGIBILITY,v2026-08-11,2026-03-21..2026-08-06,baccarat_bet02_101_all_pairs_incl_sentinel,round_win = game_pnl > 0 (decisive only),COMPATIBILITY_ONLY_NOT_PRODUCTION,3195.1154,3031.5157,483.1016,172,76,-0.15120004,,-0.15120004,-0.15120004,-483.1016,3195.1154,OK,0.0000,19.3241,4.0000,96.0000,AG03-UNRESOLVED,ALL5_LEVELS_bet23_to_bet27,19.3241,19.3241,19.3241,24.1551,24.1551,4.000000,4.000000,4.000000,5.000000,5.000000,96.000000,96.000000,96.000000,95.000000,95.000000,5.0,106.2824,97.3574,376.8192,385.7442,PENDING_AG03,FALSE,NOT_FOR_ENFORCEMENT,463.7775,2910.2551,483.1016,463.7775,19.3241,0.15120004,0.14515204,19.3241,463.7775,0.14515204,19.3241,19.3241,19.3241,24.1551,24.1551,463.7775,0.14515204,106.2824,97.3574,376.8192,385.7442,0.11793603,0.12072934,0.00604800,18.5763,39.8884,6.3566,48.3102,25.4264,319.5115,7.6000,,18.5763,5.2352,9.1616,26.176,47.1167,65.4399,73.2927,7.8528,-5.2352,7.142857,8.0,2.027625,8,18,11,8,0E-8,0.15120004,,0E-8,0.000000,0.948797,0.000000,,2026-03-25,2026-05-03,10,19,18,40,0.250000,,,0.000000,,,,,,,,GLOBAL_BASELINE_NO_ENTITY_RANKING,,,NOT_APPLICABLE_GLOBAL_BASELINE,HF9g-P5,,,,X 全窗基线 · 不参与实体赏罚,8396070,840,A168_HF9F_20260827_0900,2026-08-27 09:00:00
2026-04-17,121289974,986,0,209.4076381437,-26.1759547680,-26.1759547680,0.3333333,6,3,0.46122765555550605,0.287416500000,-0.44437700190690516,0.17573522724870386,-0.44437700190690516,0.17381115555550605,ELIGIBLE,R03b_20260811_FULL_v1,L1_ELIGIBILITY,v2026-08-11,2026-03-21..2026-08-06,baccarat_bet02_101_all_pairs_incl_sentinel,round_win = game_pnl > 0 (decisive only),COMPATIBILITY_ONLY_NOT_PRODUCTION,3195.1154,3031.5157,483.1016,172,76,-0.15120004,,-0.15120004,-0.15120004,-483.1016,3195.1154,OK,0.0000,19.3241,4.0000,96.0000,AG03-UNRESOLVED,ALL5_LEVELS_bet23_to_bet27,19.3241,19.3241,19.3241,24.1551,24.1551,4.000000,4.000000,4.000000,5.000000,5.000000,96.000000,96.000000,96.000000,95.000000,95.000000,5.0,106.2824,97.3574,376.8192,385.7442,PENDING_AG03,FALSE,NOT_FOR_ENFORCEMENT,463.7775,2910.2551,483.1016,463.7775,19.3241,0.15120004,0.14515204,19.3241,463.7775,0.14515204,19.3241,19.3241,19.3241,24.1551,24.1551,463.7775,0.14515204,106.2824,97.3574,376.8192,385.7442,0.11793603,0.12072934,0.00604800,18.5763,39.8884,6.3566,48.3102,25.4264,319.5115,7.6000,,18.5763,5.2352,9.1616,26.176,47.1167,65.4399,73.2927,7.8528,-5.2352,7.142857,8.0,2.027625,8,18,11,8,0E-8,0.15120004,,0E-8,0.000000,0.948797,0.000000,,2026-03-25,2026-05-03,10,19,18,40,0.250000,,,0.000000,,,,,,,,GLOBAL_BASELINE_NO_ENTITY_RANKING,,,NOT_APPLICABLE_GLOBAL_BASELINE,HF9g-P5,,,,X 全窗基线 · 不参与实体赏罚,8396071,840,A168_HF9F_20260827_0900,2026-08-27 09:00:00
2026-04-18,121289974,1306,0,138.7325602703,-65.4398869199,-65.4398869199,0.2500000,8,4,0.44073896939391776,0.283761275000,-0.7683718083065731,-0.14977639474611942,-0.7683718083065731,0.15697769439391776,ELIGIBLE,R03b_20260811_FULL_v1,L1_ELIGIBILITY,v2026-08-11,2026-03-21..2026-08-06,baccarat_bet02_101_all_pairs_incl_sentinel,round_win = game_pnl > 0 (decisive only),COMPATIBILITY_ONLY_NOT_PRODUCTION,3195.1154,3031.5157,483.1016,172,76,-0.15120004,,-0.15120004,-0.15120004,-483.1016,3195.1154,OK,0.0000,19.3241,4.0000,96.0000,AG03-UNRESOLVED,ALL5_LEVELS_bet23_to_bet27,19.3241,19.3241,19.3241,24.1551,24.1551,4.000000,4.000000,4.000000,5.000000,5.000000,96.000000,96.000000,96.000000,95.000000,95.000000,5.0,106.2824,97.3574,376.8192,385.7442,PENDING_AG03,FALSE,NOT_FOR_ENFORCEMENT,463.7775,2910.2551,483.1016,463.7775,19.3241,0.15120004,0.14515204,19.3241,463.7775,0.14515204,19.3241,19.3241,19.3241,24.1551,24.1551,463.7775,0.14515204,106.2824,97.3574,376.8192,385.7442,0.11793603,0.12072934,0.00604800,18.5763,39.8884,6.3566,48.3102,25.4264,319.5115,7.6000,,18.5763,5.2352,9.1616,26.176,47.1167,65.4399,73.2927,7.8528,-5.2352,7.142857,8.0,2.027625,8,18,11,8,0E-8,0.15120004,,0E-8,0.000000,0.948797,0.000000,,2026-03-25,2026-05-03,10,19,18,40,0.250000,,,0.000000,,,,,,,,GLOBAL_BASELINE_NO_ENTITY_RANKING,,,NOT_APPLICABLE_GLOBAL_BASELINE,HF9g-P5,,,,X 全窗基线 · 不参与实体赏罚,8396072,840,A168_HF9F_20260827_0900,2026-08-27 09:00:00
2026-04-18,121289974,2101,0,96.0657539983,-24.6053974818,-24.6053974818,0.3333333,5,3,0.46674381666658205,0.360428366667,-0.4631731209989836,-0.09774537979022194,-0.4631731209989836,0.10631544999958205,ELIGIBLE,R03b_20260811_FULL_v1,L1_ELIGIBILITY,v2026-08-11,2026-03-21..2026-08-06,baccarat_bet02_101_all_pairs_incl_sentinel,round_win = game_pnl > 0 (decisive only),COMPATIBILITY_ONLY_NOT_PRODUCTION,3195.1154,3031.5157,483.1016,172,76,-0.15120004,,-0.15120004,-0.15120004,-483.1016,3195.1154,OK,0.0000,19.3241,4.0000,96.0000,AG03-UNRESOLVED,ALL5_LEVELS_bet23_to_bet27,19.3241,19.3241,19.3241,24.1551,24.1551,4.000000,4.000000,4.000000,5.000000,5.000000,96.000000,96.000000,96.000000,95.000000,95.000000,5.0,106.2824,97.3574,376.8192,385.7442,PENDING_AG03,FALSE,NOT_FOR_ENFORCEMENT,463.7775,2910.2551,483.1016,463.7775,19.3241,0.15120004,0.14515204,19.3241,463.7775,0.14515204,19.3241,19.3241,19.3241,24.1551,24.1551,463.7775,0.14515204,106.2824,97.3574,376.8192,385.7442,0.11793603,0.12072934,0.00604800,18.5763,39.8884,6.3566,48.3102,25.4264,319.5115,7.6000,,18.5763,5.2352,9.1616,26.176,47.1167,65.4399,73.2927,7.8528,-5.2352,7.142857,8.0,2.027625,8,18,11,8,0E-8,0.15120004,,0E-8,0.000000,0.948797,0.000000,,2026-03-25,2026-05-03,10,19,18,40,0.250000,,,0.000000,,,,,,,,GLOBAL_BASELINE_NO_ENTITY_RANKING,,,NOT_APPLICABLE_GLOBAL_BASELINE,HF9g-P5,,,,X 全窗基线 · 不参与实体赏罚,8396073,840,A168_HF9F_20260827_0900,2026-08-27 09:00:00
2026-04-18,121289974,2103,0,184.2787215664,-82.1924979714,-82.1924979714,0.3333333,6,3,0.45043676898500702,0.286200100000,-0.4076660194511606,0.18061953867911454,-0.4076660194511606,0.16423666898500702,ELIGIBLE,R03b_20260811_FULL_v1,L1_ELIGIBILITY,v2026-08-11,2026-03-21..2026-08-06,baccarat_bet02_101_all_pairs_incl_sentinel,round_win = game_pnl > 0 (decisive only),COMPATIBILITY_ONLY_NOT_PRODUCTION,3195.1154,3031.5157,483.1016,172,76,-0.15120004,,-0.15120004,-0.15120004,-483.1016,3195.1154,OK,0.0000,19.3241,4.0000,96.0000,AG03-UNRESOLVED,ALL5_LEVELS_bet23_to_bet27,19.3241,19.3241,19.3241,24.1551,24.1551,4.000000,4.000000,4.000000,5.000000,5.000000,96.000000,96.000000,96.000000,95.000000,95.000000,5.0,106.2824,97.3574,376.8192,385.7442,PENDING_AG03,FALSE,NOT_FOR_ENFORCEMENT,463.7775,2910.2551,483.1016,463.7775,19.3241,0.15120004,0.14515204,19.3241,463.7775,0.14515204,19.3241,19.3241,19.3241,24.1551,24.1551,463.7775,0.14515204,106.2824,97.3574,376.8192,385.7442,0.11793603,0.12072934,0.00604800,18.5763,39.8884,6.3566,48.3102,25.4264,319.5115,7.6000,,18.5763,5.2352,9.1616,26.176,47.1167,65.4399,73.2927,7.8528,-5.2352,7.142857,8.0,2.027625,8,18,11,8,0E-8,0.15120004,,0E-8,0.000000,0.948797,0.000000,,2026-03-25,2026-05-03,10,19,18,40,0.250000,,,0.000000,,,,,,,,GLOBAL_BASELINE_NO_ENTITY_RANKING,,,NOT_APPLICABLE_GLOBAL_BASELINE,HF9g-P5,,,,X 全窗基线 · 不参与实体赏罚,8396074,840,A168_HF9F_20260827_0900,2026-08-27 09:00:00
2026-04-22,121289974,2127,0,220.1397795986,-94.4951967125,-94.4951967125,0.4000000,13,5,0.41970602636983853,0.270914033334,-0.08928683509396157,0.6494697275064767,-0.08928683509396157,0.14879199303583853,ELIGIBLE,R03b_20260811_FULL_v1,L1_ELIGIBILITY,v2026-08-11,2026-03-21..2026-08-06,baccarat_bet02_101_all_pairs_incl_sentinel,round_win = game_pnl > 0 (decisive only),COMPATIBILITY_ONLY_NOT_PRODUCTION,3195.1154,3031.5157,483.1016,172,76,-0.15120004,,-0.15120004,-0.15120004,-483.1016,3195.1154,OK,0.0000,19.3241,4.0000,96.0000,AG03-UNRESOLVED,ALL5_LEVELS_bet23_to_bet27,19.3241,19.3241,19.3241,24.1551,24.1551,4.000000,4.000000,4.000000,5.000000,5.000000,96.000000,96.000000,96.000000,95.000000,95.000000,5.0,106.2824,97.3574,376.8192,385.7442,PENDING_AG03,FALSE,NOT_FOR_ENFORCEMENT,463.7775,2910.2551,483.1016,463.7775,19.3241,0.15120004,0.14515204,19.3241,463.7775,0.14515204,19.3241,19.3241,19.3241,24.1551,24.1551,463.7775,0.14515204,106.2824,97.3574,376.8192,385.7442,0.11793603,0.12072934,0.00604800,18.5763,39.8884,6.3566,48.3102,25.4264,319.5115,7.6000,,18.5763,5.2352,9.1616,26.176,47.1167,65.4399,73.2927,7.8528,-5.2352,7.142857,8.0,2.027625,8,18,11,8,0E-8,0.15120004,,0E-8,0.000000,0.948797,0.000000,,2026-03-25,2026-05-03,10,19,18,40,0.250000,,,0.000000,,,,,,,,GLOBAL_BASELINE_NO_ENTITY_RANKING,,,NOT_APPLICABLE_GLOBAL_BASELINE,HF9g-P5,,,,X 全窗基线 · 不参与实体赏罚,8396075,840,A168_HF9F_20260827_0900,2026-08-27 09:00:00
2026-04-22,121289974,2141,0,52.3519095360,-10.4703819072,-10.4703819072,0.5000000,4,2,0.40953366000000000,0.283965900000,0.2601714540894717,0.6775437720299715,0.2601714540894717,0.12556776000000000,ELIGIBLE,R03b_20260811_FULL_v1,L1_ELIGIBILITY,v2026-08-11,2026-03-21..2026-08-06,baccarat_bet02_101_all_pairs_incl_sentinel,round_win = game_pnl > 0 (decisive only),COMPATIBILITY_ONLY_NOT_PRODUCTION,3195.1154,3031.5157,483.1016,172,76,-0.15120004,,-0.15120004,-0.15120004,-483.1016,3195.1154,OK,0.0000,19.3241,4.0000,96.0000,AG03-UNRESOLVED,ALL5_LEVELS_bet23_to_bet27,19.3241,19.3241,19.3241,24.1551,24.1551,4.000000,4.000000,4.000000,5.000000,5.000000,96.000000,96.000000,96.000000,95.000000,95.000000,5.0,106.2824,97.3574,376.8192,385.7442,PENDING_AG03,FALSE,NOT_FOR_ENFORCEMENT,463.7775,2910.2551,483.1016,463.7775,19.3241,0.15120004,0.14515204,19.3241,463.7775,0.14515204,19.3241,19.3241,19.3241,24.1551,24.1551,463.7775,0.14515204,106.2824,97.3574,376.8192,385.7442,0.11793603,0.12072934,0.00604800,18.5763,39.8884,6.3566,48.3102,25.4264,319.5115,7.6000,,18.5763,5.2352,9.1616,26.176,47.1167,65.4399,73.2927,7.8528,-5.2352,7.142857,8.0,2.027625,8,18,11,8,0E-8,0.15120004,,0E-8,0.000000,0.948797,0.000000,,2026-03-25,2026-05-03,10,19,18,40,0.250000,,,0.000000,,,,,,,,GLOBAL_BASELINE_NO_ENTITY_RANKING,,,NOT_APPLICABLE_GLOBAL_BASELINE,HF9g-P5,,,,X 全窗基线 · 不参与实体赏罚,8396076,840,A168_HF9F_20260827_0900,2026-08-27 09:00:00
2026-04-29,121289974,2145,0,78.5278643039,-78.5278643039,-78.5278643039,0E-7,7,3,0.38175043063486625,0.262067811111,-1.3610324627001025,-1.0321890335038866,-1.3610324627001025,0.11968261952386625,ELIGIBLE,R03b_20260811_FULL_v1,L1_ELIGIBILITY,v2026-08-11,2026-03-21..2026-08-06,baccarat_bet02_101_all_pairs_incl_sentinel,round_win = game_pnl > 0 (decisive only),COMPATIBILITY_ONLY_NOT_PRODUCTION,3195.1154,3031.5157,483.1016,172,76,-0.15120004,,-0.15120004,-0.15120004,-483.1016,3195.1154,OK,0.0000,19.3241,4.0000,96.0000,AG03-UNRESOLVED,ALL5_LEVELS_bet23_to_bet27,19.3241,19.3241,19.3241,24.1551,24.1551,4.000000,4.000000,4.000000,5.000000,5.000000,96.000000,96.000000,96.000000,95.000000,95.000000,5.0,106.2824,97.3574,376.8192,385.7442,PENDING_AG03,FALSE,NOT_FOR_ENFORCEMENT,463.7775,2910.2551,483.1016,463.7775,19.3241,0.15120004,0.14515204,19.3241,463.7775,0.14515204,19.3241,19.3241,19.3241,24.1551,24.1551,463.7775,0.14515204,106.2824,97.3574,376.8192,385.7442,0.11793603,0.12072934,0.00604800,18.5763,39.8884,6.3566,48.3102,25.4264,319.5115,7.6000,,18.5763,5.2352,9.1616,26.176,47.1167,65.4399,73.2927,7.8528,-5.2352,7.142857,8.0,2.027625,8,18,11,8,0E-8,0.15120004,,0E-8,0.000000,0.948797,0.000000,,2026-03-25,2026-05-03,10,19,18,40,0.250000,,,0.000000,,,,,,,,GLOBAL_BASELINE_NO_ENTITY_RANKING,,,NOT_APPLICABLE_GLOBAL_BASELINE,HF9g-P5,,,,X 全窗基线 · 不参与实体赏罚,8396077,840,A168_HF9F_20260827_0900,2026-08-27 09:00:00
2026-05-01,121289974,1994,0,72.9074775570,-21.8073789633,-21.8073789633,0.5000000,5,2,0.38343481054466084,0.257420408334,0.33903817524745183,0.7846505191050345,0.33903817524745183,0.12601440221066084,ELIGIBLE,R03b_20260811_FULL_v1,L1_ELIGIBILITY,v2026-08-11,2026-03-21..2026-08-06,baccarat_bet02_101_all_pairs_incl_sentinel,round_win = game_pnl > 0 (decisive only),COMPATIBILITY_ONLY_NOT_PRODUCTION,3195.1154,3031.5157,483.1016,172,76,-0.15120004,,-0.15120004,-0.15120004,-483.1016,3195.1154,OK,0.0000,19.3241,4.0000,96.0000,AG03-UNRESOLVED,ALL5_LEVELS_bet23_to_bet27,19.3241,19.3241,19.3241,24.1551,24.1551,4.000000,4.000000,4.000000,5.000000,5.000000,96.000000,96.000000,96.000000,95.000000,95.000000,5.0,106.2824,97.3574,376.8192,385.7442,PENDING_AG03,FALSE,NOT_FOR_ENFORCEMENT,463.7775,2910.2551,483.1016,463.7775,19.3241,0.15120004,0.14515204,19.3241,463.7775,0.14515204,19.3241,19.3241,19.3241,24.1551,24.1551,463.7775,0.14515204,106.2824,97.3574,376.8192,385.7442,0.11793603,0.12072934,0.00604800,18.5763,39.8884,6.3566,48.3102,25.4264,319.5115,7.6000,,18.5763,5.2352,9.1616,26.176,47.1167,65.4399,73.2927,7.8528,-5.2352,7.142857,8.0,2.027625,8,18,11,8,0E-8,0.15120004,,0E-8,0.000000,0.948797,0.000000,,2026-03-25,2026-05-03,10,19,18,40,0.250000,,,0.000000,,,,,,,,GLOBAL_BASELINE_NO_ENTITY_RANKING,,,NOT_APPLICABLE_GLOBAL_BASELINE,HF9g-P5,,,,X 全窗基线 · 不参与实体赏罚,8396078,840,A168_HF9F_20260827_0900,2026-08-27 09:00:00
2026-05-01,121289974,2142,0,67.4588760313,-15.5674329303,-15.5674329303,0.5000000,5,2,0.40384775238095238,0.252844066667,0.2771322134717766,0.8041814118069085,0.2771322134717766,0.15100368571395238,ELIGIBLE,R03b_20260811_FULL_v1,L1_ELIGIBILITY,v2026-08-11,2026-03-21..2026-08-06,baccarat_bet02_101_all_pairs_incl_sentinel,round_win = game_pnl > 0 (decisive only),COMPATIBILITY_ONLY_NOT_PRODUCTION,3195.1154,3031.5157,483.1016,172,76,-0.15120004,,-0.15120004,-0.15120004,-483.1016,3195.1154,OK,0.0000,19.3241,4.0000,96.0000,AG03-UNRESOLVED,ALL5_LEVELS_bet23_to_bet27,19.3241,19.3241,19.3241,24.1551,24.1551,4.000000,4.000000,4.000000,5.000000,5.000000,96.000000,96.000000,96.000000,95.000000,95.000000,5.0,106.2824,97.3574,376.8192,385.7442,PENDING_AG03,FALSE,NOT_FOR_ENFORCEMENT,463.7775,2910.2551,483.1016,463.7775,19.3241,0.15120004,0.14515204,19.3241,463.7775,0.14515204,19.3241,19.3241,19.3241,24.1551,24.1551,463.7775,0.14515204,106.2824,97.3574,376.8192,385.7442,0.11793603,0.12072934,0.00604800,18.5763,39.8884,6.3566,48.3102,25.4264,319.5115,7.6000,,18.5763,5.2352,9.1616,26.176,47.1167,65.4399,73.2927,7.8528,-5.2352,7.142857,8.0,2.027625,8,18,11,8,0E-8,0.15120004,,0E-8,0.000000,0.948797,0.000000,,2026-03-25,2026-05-03,10,19,18,40,0.250000,,,0.000000,,,,,,,,GLOBAL_BASELINE_NO_ENTITY_RANKING,,,NOT_APPLICABLE_GLOBAL_BASELINE,HF9g-P5,,,,X 全窗基线 · 不参与实体赏罚,8396079,840,A168_HF9F_20260827_0900,2026-08-27 09:00:00
2026-05-01,121289974,2170,0,127.3934928132,-51.1130714546,-51.1130714546,0.5000000,8,2,0.37690202357080909,0.184311250000,0.3592307512992585,1.1514257690445797,0.3592307512992585,0.19259077357080909,ELIGIBLE,R03b_20260811_FULL_v1,L1_ELIGIBILITY,v2026-08-11,2026-03-21..2026-08-06,baccarat_bet02_101_all_pairs_incl_sentinel,round_win = game_pnl > 0 (decisive only),COMPATIBILITY_ONLY_NOT_PRODUCTION,3195.1154,3031.5157,483.1016,172,76,-0.15120004,,-0.15120004,-0.15120004,-483.1016,3195.1154,OK,0.0000,19.3241,4.0000,96.0000,AG03-UNRESOLVED,ALL5_LEVELS_bet23_to_bet27,19.3241,19.3241,19.3241,24.1551,24.1551,4.000000,4.000000,4.000000,5.000000,5.000000,96.000000,96.000000,96.000000,95.000000,95.000000,5.0,106.2824,97.3574,376.8192,385.7442,PENDING_AG03,FALSE,NOT_FOR_ENFORCEMENT,463.7775,2910.2551,483.1016,463.7775,19.3241,0.15120004,0.14515204,19.3241,463.7775,0.14515204,19.3241,19.3241,19.3241,24.1551,24.1551,463.7775,0.14515204,106.2824,97.3574,376.8192,385.7442,0.11793603,0.12072934,0.00604800,18.5763,39.8884,6.3566,48.3102,25.4264,319.5115,7.6000,,18.5763,5.2352,9.1616,26.176,47.1167,65.4399,73.2927,7.8528,-5.2352,7.142857,8.0,2.027625,8,18,11,8,0E-8,0.15120004,,0E-8,0.000000,0.948797,0.000000,,2026-03-25,2026-05-03,10,19,18,40,0.250000,,,0.000000,,,,,,,,GLOBAL_BASELINE_NO_ENTITY_RANKING,,,NOT_APPLICABLE_GLOBAL_BASELINE,HF9g-P5,,,,X 全窗基线 · 不参与实体赏罚,8396080,840,A168_HF9F_20260827_0900,2026-08-27 09:00:00
2026-05-03,121289974,1078,0,104.0423434178,-104.0423434178,-104.0423434178,0E-7,9,3,0.29712717844251004,0.156927672222,-1.1261427404395314,-0.7472707382023729,-1.1261427404395314,0.14019950622051004,ELIGIBLE,R03b_20260811_FULL_v1,L1_ELIGIBILITY,v2026-08-11,2026-03-21..2026-08-06,baccarat_bet02_101_all_pairs_incl_sentinel,round_win = game_pnl > 0 (decisive only),COMPATIBILITY_ONLY_NOT_PRODUCTION,3195.1154,3031.5157,483.1016,172,76,-0.15120004,,-0.15120004,-0.15120004,-483.1016,3195.1154,OK,0.0000,19.3241,4.0000,96.0000,AG03-UNRESOLVED,ALL5_LEVELS_bet23_to_bet27,19.3241,19.3241,19.3241,24.1551,24.1551,4.000000,4.000000,4.000000,5.000000,5.000000,96.000000,96.000000,96.000000,95.000000,95.000000,5.0,106.2824,97.3574,376.8192,385.7442,PENDING_AG03,FALSE,NOT_FOR_ENFORCEMENT,463.7775,2910.2551,483.1016,463.7775,19.3241,0.15120004,0.14515204,19.3241,463.7775,0.14515204,19.3241,19.3241,19.3241,24.1551,24.1551,463.7775,0.14515204,106.2824,97.3574,376.8192,385.7442,0.11793603,0.12072934,0.00604800,18.5763,39.8884,6.3566,48.3102,25.4264,319.5115,7.6000,,18.5763,5.2352,9.1616,26.176,47.1167,65.4399,73.2927,7.8528,-5.2352,7.142857,8.0,2.027625,8,18,11,8,0E-8,0.15120004,,0E-8,0.000000,0.948797,0.000000,,2026-03-25,2026-05-03,10,19,18,40,0.250000,,,0.000000,,,,,,,,GLOBAL_BASELINE_NO_ENTITY_RANKING,,,NOT_APPLICABLE_GLOBAL_BASELINE,HF9g-P5,,,,X 全窗基线 · 不参与实体赏罚,8396081,840,A168_HF9F_20260827_0900,2026-08-27 09:00:00
2026-07-21,153308133,1346,0,478.1452508197,-478.1452508197,-478.1452508197,0E-7,1,1,0.50665070000000000,0.506650700000,-1.013391052207602,-1.013391052207602,-1.013391052207602,0E-17,ELIGIBLE,R03b_20260811_FULL_v1,L1_ELIGIBILITY,v2026-08-11,2026-03-21..2026-08-06,baccarat_bet02_101_all_pairs_incl_sentinel,round_win = game_pnl > 0 (decisive only),COMPATIBILITY_ONLY_NOT_PRODUCTION,478.1453,478.1453,478.1453,1,1,-1.00000000,-1.00000000,,-1.00000000,-478.1453,478.1453,THIN_EXPOSURE,0.0000,14.3444,3.0000,97.0000,AG03-UNRESOLVED,ALL5_LEVELS_bet23_to_bet27,14.3444,14.3444,14.3444,19.1258,19.1258,3.000000,3.000000,3.000000,4.000000,4.000000,97.000000,97.000000,97.000000,96.000000,96.000000,5.0,81.2847,75.968,396.8606,402.1773,PENDING_AG03,FALSE,NOT_FOR_ENFORCEMENT,463.8009,463.8009,478.1453,463.8009,14.3444,1.00000000,0.97000000,14.3444,463.8009,0.97000000,14.3444,14.3444,14.3444,19.1258,19.1258,463.8009,0.97000000,81.2847,75.968,396.8606,402.1773,0.83000000,0.84111944,0.03000000,478.1453,478.1453,478.1453,478.1453,478.1453,478.1453,1.0000,478.1453,,478.1453,478.1453,478.1453,478.1453,478.1453,478.1453,478.1453,-478.1453,1.0,1.0,1.0,1,1,1,1,1.00000000,1.00000000,1.00000000,0E-8,0.000000,1.000000,0.000000,,2026-07-21,2026-07-21,1,1,1,1,1.000000,,1.000000,3.333333,,,,,,,,GLOBAL_BASELINE_NO_ENTITY_RANKING,,,NOT_APPLICABLE_GLOBAL_BASELINE,HF9g-P5,,,,X 全窗基线 · 不参与实体赏罚,8396082,840,A168_HF9F_20260827_0900,2026-08-27 09:00:00
2026-04-16,122135277,1374,0,39.5256916996,-39.5256916996,-39.5256916996,0E-7,1,1,0.49324550000000000,0.493245500000,-0.9865810262130424,-0.9865810262130424,-0.9865810262130424,0E-17,ELIGIBLE,R03b_20260811_FULL_v1,L1_ELIGIBILITY,v2026-08-11,2026-03-21..2026-08-06,baccarat_bet02_101_all_pairs_incl_sentinel,round_win = game_pnl > 0 (decisive only),COMPATIBILITY_ONLY_NOT_PRODUCTION,799.5526,793.0982,483.1334,18,15,-0.60425462,0.26065719,-0.79642636,-0.60425462,-483.1334,799.5526,THIN_EXPOSURE,0.0000,19.3253,4.0000,96.0000,AG03-UNRESOLVED,ALL5_LEVELS_bet23_to_bet27,19.3253,19.3253,19.3253,24.1567,24.1567,4.000000,4.000000,4.000000,5.000000,5.000000,96.000000,96.000000,96.000000,95.000000,95.000000,5.0,106.2893,97.3638,376.8440,385.7696,PENDING_AG03,FALSE,NOT_FOR_ENFORCEMENT,463.8080,761.3743,483.1334,463.8080,19.3253,0.60425462,0.58008444,19.3253,463.8080,0.58008444,19.3253,19.3253,19.3253,24.1567,24.1567,463.8080,0.58008444,106.2893,97.3638,376.8440,385.7696,0.47131860,0.48248175,0.02417018,44.4196,52.8732,32.2089,80.5222,60.3917,133.2588,2.5000,20.7649,59.4726,6.4544,20.1379,51.4311,120.0915,205.7243,257.1553,20.1379,-2.5716,10.215795,12.76974,2.205774,6,7,4,4,0.18179427,0.60425462,-0.26065719,0E-8,0.000000,0.991927,0.000000,1.05708355,2026-04-16,2026-07-14,6,8,8,90,0.066667,0.349150,0.467471,0.605981,,,,,,,,GLOBAL_BASELINE_NO_ENTITY_RANKING,,,NOT_APPLICABLE_GLOBAL_BASELINE,HF9g-P5,,,,X 全窗基线 · 不参与实体赏罚,8396083,840,A168_HF9F_20260827_0900,2026-08-27 09:00:00
2026-06-06,122135277,970,0,110.5767994446,-2.5715534756,-2.5715534756,0.5000000,4,2,0.47310757727240691,0.345567400000,0.07617351542750107,0.4592563138774899,0.07617351542750107,0.12754017727240691,ELIGIBLE,R03b_20260811_FULL_v1,L1_ELIGIBILITY,v2026-08-11,2026-03-21..2026-08-06,baccarat_bet02_101_all_pairs_incl_sentinel,round_win = game_pnl > 0 (decisive only),COMPATIBILITY_ONLY_NOT_PRODUCTION,799.5526,793.0982,483.1334,18,15,-0.60425462,0.26065719,-0.79642636,-0.60425462,-483.1334,799.5526,THIN_EXPOSURE,0.0000,19.3253,4.0000,96.0000,AG03-UNRESOLVED,ALL5_LEVELS_bet23_to_bet27,19.3253,19.3253,19.3253,24.1567,24.1567,4.000000,4.000000,4.000000,5.000000,5.000000,96.000000,96.000000,96.000000,95.000000,95.000000,5.0,106.2893,97.3638,376.8440,385.7696,PENDING_AG03,FALSE,NOT_FOR_ENFORCEMENT,463.8080,761.3743,483.1334,463.8080,19.3253,0.60425462,0.58008444,19.3253,463.8080,0.58008444,19.3253,19.3253,19.3253,24.1567,24.1567,463.8080,0.58008444,106.2893,97.3638,376.8440,385.7696,0.47131860,0.48248175,0.02417018,44.4196,52.8732,32.2089,80.5222,60.3917,133.2588,2.5000,20.7649,59.4726,6.4544,20.1379,51.4311,120.0915,205.7243,257.1553,20.1379,-2.5716,10.215795,12.76974,2.205774,6,7,4,4,0.18179427,0.60425462,-0.26065719,0E-8,0.000000,0.991927,0.000000,1.05708355,2026-04-16,2026-07-14,6,8,8,90,0.066667,0.349150,0.467471,0.605981,,,,,,,,GLOBAL_BASELINE_NO_ENTITY_RANKING,,,NOT_APPLICABLE_GLOBAL_BASELINE,HF9g-P5,,,,X 全窗基线 · 不参与实体赏罚,8396084,840,A168_HF9F_20260827_0900,2026-08-27 09:00:00
2026-06-26,122135277,2170,0,228.8682593154,-228.8682593154,-228.8682593154,0E-7,2,2,0.50665070000000000,0.506650700000,-1.4331513700195317,-1.4331513700195317,-1.4331513700195317,0E-17,ELIGIBLE,R03b_20260811_FULL_v1,L1_ELIGIBILITY,v2026-08-11,2026-03-21..2026-08-06,baccarat_bet02_101_all_pairs_incl_sentinel,round_win = game_pnl > 0 (decisive only),COMPATIBILITY_ONLY_NOT_PRODUCTION,799.5526,793.0982,483.1334,18,15,-0.60425462,0.26065719,-0.79642636,-0.60425462,-483.1334,799.5526,THIN_EXPOSURE,0.0000,19.3253,4.0000,96.0000,AG03-UNRESOLVED,ALL5_LEVELS_bet23_to_bet27,19.3253,19.3253,19.3253,24.1567,24.1567,4.000000,4.000000,4.000000,5.000000,5.000000,96.000000,96.000000,96.000000,95.000000,95.000000,5.0,106.2893,97.3638,376.8440,385.7696,PENDING_AG03,FALSE,NOT_FOR_ENFORCEMENT,463.8080,761.3743,483.1334,463.8080,19.3253,0.60425462,0.58008444,19.3253,463.8080,0.58008444,19.3253,19.3253,19.3253,24.1567,24.1567,463.8080,0.58008444,106.2893,97.3638,376.8440,385.7696,0.47131860,0.48248175,0.02417018,44.4196,52.8732,32.2089,80.5222,60.3917,133.2588,2.5000,20.7649,59.4726,6.4544,20.1379,51.4311,120.0915,205.7243,257.1553,20.1379,-2.5716,10.215795,12.76974,2.205774,6,7,4,4,0.18179427,0.60425462,-0.26065719,0E-8,0.000000,0.991927,0.000000,1.05708355,2026-04-16,2026-07-14,6,8,8,90,0.066667,0.349150,0.467471,0.605981,,,,,,,,GLOBAL_BASELINE_NO_ENTITY_RANKING,,,NOT_APPLICABLE_GLOBAL_BASELINE,HF9g-P5,,,,X 全窗基线 · 不参与实体赏罚,8396085,840,A168_HF9F_20260827_0900,2026-08-27 09:00:00
2026-06-26,122135277,2235,0,257.1553475455,-257.1553475455,-257.1553475455,0E-7,1,1,0.50665070000000000,0.506650700000,-1.013391052207602,-1.013391052207602,-1.013391052207602,0E-17,ELIGIBLE,R03b_20260811_FULL_v1,L1_ELIGIBILITY,v2026-08-11,2026-03-21..2026-08-06,baccarat_bet02_101_all_pairs_incl_sentinel,round_win = game_pnl > 0 (decisive only),COMPATIBILITY_ONLY_NOT_PRODUCTION,799.5526,793.0982,483.1334,18,15,-0.60425462,0.26065719,-0.79642636,-0.60425462,-483.1334,799.5526,THIN_EXPOSURE,0.0000,19.3253,4.0000,96.0000,AG03-UNRESOLVED,ALL5_LEVELS_bet23_to_bet27,19.3253,19.3253,19.3253,24.1567,24.1567,4.000000,4.000000,4.000000,5.000000,5.000000,96.000000,96.000000,96.000000,95.000000,95.000000,5.0,106.2893,97.3638,376.8440,385.7696,PENDING_AG03,FALSE,NOT_FOR_ENFORCEMENT,463.8080,761.3743,483.1334,463.8080,19.3253,0.60425462,0.58008444,19.3253,463.8080,0.58008444,19.3253,19.3253,19.3253,24.1567,24.1567,463.8080,0.58008444,106.2893,97.3638,376.8440,385.7696,0.47131860,0.48248175,0.02417018,44.4196,52.8732,32.2089,80.5222,60.3917,133.2588,2.5000,20.7649,59.4726,6.4544,20.1379,51.4311,120.0915,205.7243,257.1553,20.1379,-2.5716,10.215795,12.76974,2.205774,6,7,4,4,0.18179427,0.60425462,-0.26065719,0E-8,0.000000,0.991927,0.000000,1.05708355,2026-04-16,2026-07-14,6,8,8,90,0.066667,0.349150,0.467471,0.605981,,,,,,,,GLOBAL_BASELINE_NO_ENTITY_RANKING,,,NOT_APPLICABLE_GLOBAL_BASELINE,HF9g-P5,,,,X 全窗基线 · 不参与实体赏罚,8396086,840,A168_HF9F_20260827_0900,2026-08-27 09:00:00
2026-07-01,122135277,2196,0,18.0724446854,7.0998889836,7.0998889836,0.5000000,3,2,0.46599938333333334,0.384696750000,0.09639138965374902,0.3351603871392501,0.09639138965374902,0.08130263333333334,ELIGIBLE,R03b_20260811_FULL_v1,L1_ELIGIBILITY,v2026-08-11,2026-03-21..2026-08-06,baccarat_bet02_101_all_pairs_incl_sentinel,round_win = game_pnl > 0 (decisive only),COMPATIBILITY_ONLY_NOT_PRODUCTION,799.5526,793.0982,483.1334,18,15,-0.60425462,0.26065719,-0.79642636,-0.60425462,-483.1334,799.5526,THIN_EXPOSURE,0.0000,19.3253,4.0000,96.0000,AG03-UNRESOLVED,ALL5_LEVELS_bet23_to_bet27,19.3253,19.3253,19.3253,24.1567,24.1567,4.000000,4.000000,4.000000,5.000000,5.000000,96.000000,96.000000,96.000000,95.000000,95.000000,5.0,106.2893,97.3638,376.8440,385.7696,PENDING_AG03,FALSE,NOT_FOR_ENFORCEMENT,463.8080,761.3743,483.1334,463.8080,19.3253,0.60425462,0.58008444,19.3253,463.8080,0.58008444,19.3253,19.3253,19.3253,24.1567,24.1567,463.8080,0.58008444,106.2893,97.3638,376.8440,385.7696,0.47131860,0.48248175,0.02417018,44.4196,52.8732,32.2089,80.5222,60.3917,133.2588,2.5000,20.7649,59.4726,6.4544,20.1379,51.4311,120.0915,205.7243,257.1553,20.1379,-2.5716,10.215795,12.76974,2.205774,6,7,4,4,0.18179427,0.60425462,-0.26065719,0E-8,0.000000,0.991927,0.000000,1.05708355,2026-04-16,2026-07-14,6,8,8,90,0.066667,0.349150,0.467471,0.605981,,,,,,,,GLOBAL_BASELINE_NO_ENTITY_RANKING,,,NOT_APPLICABLE_GLOBAL_BASELINE,HF9g-P5,,,,X 全窗基线 · 不参与实体赏罚,8396087,840,A168_HF9F_20260827_0900,2026-08-27 09:00:00
2026-07-11,122135277,-1,1,45.6974672760,44.1742183668,44.1742183668,1.0000000,2,2,0.49994810000000000,0.499948100000,1.4143603653603398,1.4143603653603398,1.4143603653603398,0E-17,SENTINEL_DEALER,R03b_20260811_FULL_v1,L1_ELIGIBILITY,v2026-08-11,2026-03-21..2026-08-06,baccarat_bet02_101_all_pairs_incl_sentinel,round_win = game_pnl > 0 (decisive only),COMPATIBILITY_ONLY_NOT_PRODUCTION,799.5526,793.0982,483.1334,18,15,-0.60425462,0.26065719,-0.79642636,-0.60425462,-483.1334,799.5526,THIN_EXPOSURE,0.0000,19.3253,4.0000,96.0000,AG03-UNRESOLVED,ALL5_LEVELS_bet23_to_bet27,19.3253,19.3253,19.3253,24.1567,24.1567,4.000000,4.000000,4.000000,5.000000,5.000000,96.000000,96.000000,96.000000,95.000000,95.000000,5.0,106.2893,97.3638,376.8440,385.7696,PENDING_AG03,FALSE,NOT_FOR_ENFORCEMENT,463.8080,761.3743,483.1334,463.8080,19.3253,0.60425462,0.58008444,19.3253,463.8080,0.58008444,19.3253,19.3253,19.3253,24.1567,24.1567,463.8080,0.58008444,106.2893,97.3638,376.8440,385.7696,0.47131860,0.48248175,0.02417018,44.4196,52.8732,32.2089,80.5222,60.3917,133.2588,2.5000,20.7649,59.4726,6.4544,20.1379,51.4311,120.0915,205.7243,257.1553,20.1379,-2.5716,10.215795,12.76974,2.205774,6,7,4,4,0.18179427,0.60425462,-0.26065719,0E-8,0.000000,0.991927,0.000000,1.05708355,2026-04-16,2026-07-14,6,8,8,90,0.066667,0.349150,0.467471,0.605981,,,,,,,,GLOBAL_BASELINE_NO_ENTITY_RANKING,,,NOT_APPLICABLE_GLOBAL_BASELINE,HF9g-P5,,,,X 全窗基线 · 不参与实体赏罚,8396088,840,A168_HF9F_20260827_0900,2026-08-27 09:00:00
2026-07-14,122135277,2287,0,99.6566235510,-6.2866289727,-6.2866289727,0.7500000,5,5,0.49860758000000000,0.498607580000,1.005573579286957,1.005573579286957,1.005573579286957,0E-17,ELIGIBLE,R03b_20260811_FULL_v1,L1_ELIGIBILITY,v2026-08-11,2026-03-21..2026-08-06,baccarat_bet02_101_all_pairs_incl_sentinel,round_win = game_pnl > 0 (decisive only),COMPATIBILITY_ONLY_NOT_PRODUCTION,799.5526,793.0982,483.1334,18,15,-0.60425462,0.26065719,-0.79642636,-0.60425462,-483.1334,799.5526,THIN_EXPOSURE,0.0000,19.3253,4.0000,96.0000,AG03-UNRESOLVED,ALL5_LEVELS_bet23_to_bet27,19.3253,19.3253,19.3253,24.1567,24.1567,4.000000,4.000000,4.000000,5.000000,5.000000,96.000000,96.000000,96.000000,95.000000,95.000000,5.0,106.2893,97.3638,376.8440,385.7696,PENDING_AG03,FALSE,NOT_FOR_ENFORCEMENT,463.8080,761.3743,483.1334,463.8080,19.3253,0.60425462,0.58008444,19.3253,463.8080,0.58008444,19.3253,19.3253,19.3253,24.1567,24.1567,463.8080,0.58008444,106.2893,97.3638,376.8440,385.7696,0.47131860,0.48248175,0.02417018,44.4196,52.8732,32.2089,80.5222,60.3917,133.2588,2.5000,20.7649,59.4726,6.4544,20.1379,51.4311,120.0915,205.7243,257.1553,20.1379,-2.5716,10.215795,12.76974,2.205774,6,7,4,4,0.18179427,0.60425462,-0.26065719,0E-8,0.000000,0.991927,0.000000,1.05708355,2026-04-16,2026-07-14,6,8,8,90,0.066667,0.349150,0.467471,0.605981,,,,,,,,GLOBAL_BASELINE_NO_ENTITY_RANKING,,,NOT_APPLICABLE_GLOBAL_BASELINE,HF9g-P5,,,,X 全窗基线 · 不参与实体赏罚,8396089,840,A168_HF9F_20260827_0900,2026-08-27 09:00:00
2026-05-23,150470679,550,0,2058.6072891505,-483.1425270455,-483.1425270455,0.4444444,18,9,0.43629654285712995,0.293924150000,0.049289089371436653,0.991226717978616,0.049289089371436653,0.14237239285712995,ELIGIBLE,R03b_20260811_FULL_v1,L1_ELIGIBILITY,v2026-08-11,2026-03-21..2026-08-06,baccarat_bet02_101_all_pairs_incl_sentinel,round_win = game_pnl > 0 (decisive only),COMPATIBILITY_ONLY_NOT_PRODUCTION,2058.6073,1932.5701,483.1425,18,9,-0.23469388,,-0.23469388,-0.23469388,-483.1425,2058.6073,THIN_EXPOSURE,0.0000,19.3257,4.0000,96.0000,AG03-UNRESOLVED,ALL5_LEVELS_bet23_to_bet27,19.3257,19.3257,19.3257,28.9886,28.9886,4.000000,4.000000,4.000000,6.000000,6.000000,96.000000,96.000000,96.000000,94.000000,94.000000,5.0,115.9542,105.4445,367.1883,377.698,PENDING_AG03,FALSE,NOT_FOR_ENFORCEMENT,463.8168,1855.2673,483.1425,463.8168,19.3257,0.23469388,0.22530612,19.3257,463.8168,0.22530612,19.3257,19.3257,19.3257,28.9886,28.9886,463.8168,0.22530612,115.9542,105.4445,367.1883,377.698,0.17836735,0.18347258,0.00938776,114.3671,214.7300,53.6825,483.1425,483.1425,2058.6073,9.0000,,114.3671,42.0124,84.0248,252.0744,252.0744,252.0744,252.0744,42.0124,-42.0124,3.0,3.0,1.361111,1,1,1,2,0E-8,0.23469388,,0E-8,0.000000,0.938776,0.000000,,2026-05-23,2026-05-23,1,1,1,1,1.000000,,,0.000000,,,,,,,,GLOBAL_BASELINE_NO_ENTITY_RANKING,,,NOT_APPLICABLE_GLOBAL_BASELINE,HF9g-P5,,,,X 全窗基线 · 不参与实体赏罚,8396090,840,A168_HF9F_20260827_0900,2026-08-27 09:00:00
2026-07-14,152973949,1205,0,30.0000000000,-20.0000000000,-20.0000000000,0E-7,2,2,0.49324550000000000,0.493245500000,-0.9865810262130424,-0.9865810262130424,-0.9865810262130424,0E-17,ELIGIBLE,R03b_20260811_FULL_v1,L1_ELIGIBILITY,v2026-08-11,2026-03-21..2026-08-06,baccarat_bet02_101_all_pairs_incl_sentinel,round_win = game_pnl > 0 (decisive only),COMPATIBILITY_ONLY_NOT_PRODUCTION,29354.0000,26790.0000,478.2000,962,857,-0.01629080,-0.01629080,,-0.01629080,-478.2000,29354.0000,OK,0.0000,14.3460,3.0000,97.0000,AG03-UNRESOLVED,ALL5_LEVELS_bet23_to_bet27,14.3460,14.3460,14.3460,19.1280,19.1280,3.000000,3.000000,3.000000,4.000000,4.000000,97.000000,97.000000,97.000000,96.000000,96.000000,5.0,81.2940,75.9767,396.9060,402.2233,PENDING_AG03,FALSE,NOT_FOR_ENFORCEMENT,463.8540,25986.3000,478.2000,463.8540,14.3460,0.01629080,0.01580207,14.3460,463.8540,0.01580207,14.3460,14.3460,14.3460,19.1280,19.1280,463.8540,0.01580207,81.2940,75.9767,396.9060,402.2233,0.01352136,0.0137025,0.00048872,30.5135,31.2602,0.5580,31.8800,4.1224,1956.9333,57.1333,30.5135,,20.0,20.0,40.0,50.0,80.0,137.6001,20.0,-10.0,4.0,6.880005,1.525676,15,69,4,5,1.00000000,0.01629080,0.01629080,0E-8,0.000000,0.912652,0.000000,,2026-07-14,2026-08-06,15,116,62,24,0.625000,,1.000000,3.333333,,,,,,,,GLOBAL_BASELINE_NO_ENTITY_RANKING,,,NOT_APPLICABLE_GLOBAL_BASELINE,HF9g-P5,,,,X 全窗基线 · 不参与实体赏罚,8396091,840,A168_HF9F_20260827_0900,2026-08-27 09:00:00
2026-07-14,152973949,1646,0,80.0000000000,-41.0000000000,-41.0000000000,0.3333333,3,3,0.50218230000000000,0.502182300000,-0.5849155494134425,-0.5849155494134426,-0.5849155494134425,0E-17,ELIGIBLE,R03b_20260811_FULL_v1,L1_ELIGIBILITY,v2026-08-11,2026-03-21..2026-08-06,baccarat_bet02_101_all_pairs_incl_sentinel,round_win = game_pnl > 0 (decisive only),COMPATIBILITY_ONLY_NOT_PRODUCTION,29354.0000,26790.0000,478.2000,962,857,-0.01629080,-0.01629080,,-0.01629080,-478.2000,29354.0000,OK,0.0000,14.3460,3.0000,97.0000,AG03-UNRESOLVED,ALL5_LEVELS_bet23_to_bet27,14.3460,14.3460,14.3460,19.1280,19.1280,3.000000,3.000000,3.000000,4.000000,4.000000,97.000000,97.000000,97.000000,96.000000,96.000000,5.0,81.2940,75.9767,396.9060,402.2233,PENDING_AG03,FALSE,NOT_FOR_ENFORCEMENT,463.8540,25986.3000,478.2000,463.8540,14.3460,0.01629080,0.01580207,14.3460,463.8540,0.01580207,14.3460,14.3460,14.3460,19.1280,19.1280,463.8540,0.01580207,81.2940,75.9767,396.9060,402.2233,0.01352136,0.0137025,0.00048872,30.5135,31.2602,0.5580,31.8800,4.1224,1956.9333,57.1333,30.5135,,20.0,20.0,40.0,50.0,80.0,137.6001,20.0,-10.0,4.0,6.880005,1.525676,15,69,4,5,1.00000000,0.01629080,0.01629080,0E-8,0.000000,0.912652,0.000000,,2026-07-14,2026-08-06,15,116,62,24,0.625000,,1.000000,3.333333,,,,,,,,GLOBAL_BASELINE_NO_ENTITY_RANKING,,,NOT_APPLICABLE_GLOBAL_BASELINE,HF9g-P5,,,,X 全窗基线 · 不参与实体赏罚,8396092,840,A168_HF9F_20260827_0900,2026-08-27 09:00:00
2026-07-14,152973949,1654,0,130.0000000000,90.0000000000,90.0000000000,0.8000000,5,5,0.49324550000000000,0.493245500000,1.3719730223118614,1.3719730223118614,1.3719730223118614,0E-17,ELIGIBLE,R03b_20260811_FULL_v1,L1_ELIGIBILITY,v2026-08-11,2026-03-21..2026-08-06,baccarat_bet02_101_all_pairs_incl_sentinel,round_win = game_pnl > 0 (decisive only),COMPATIBILITY_ONLY_NOT_PRODUCTION,29354.0000,26790.0000,478.2000,962,857,-0.01629080,-0.01629080,,-0.01629080,-478.2000,29354.0000,OK,0.0000,14.3460,3.0000,97.0000,AG03-UNRESOLVED,ALL5_LEVELS_bet23_to_bet27,14.3460,14.3460,14.3460,19.1280,19.1280,3.000000,3.000000,3.000000,4.000000,4.000000,97.000000,97.000000,97.000000,96.000000,96.000000,5.0,81.2940,75.9767,396.9060,402.2233,PENDING_AG03,FALSE,NOT_FOR_ENFORCEMENT,463.8540,25986.3000,478.2000,463.8540,14.3460,0.01629080,0.01580207,14.3460,463.8540,0.01580207,14.3460,14.3460,14.3460,19.1280,19.1280,463.8540,0.01580207,81.2940,75.9767,396.9060,402.2233,0.01352136,0.0137025,0.00048872,30.5135,31.2602,0.5580,31.8800,4.1224,1956.9333,57.1333,30.5135,,20.0,20.0,40.0,50.0,80.0,137.6001,20.0,-10.0,4.0,6.880005,1.525676,15,69,4,5,1.00000000,0.01629080,0.01629080,0E-8,0.000000,0.912652,0.000000,,2026-07-14,2026-08-06,15,116,62,24,0.625000,,1.000000,3.333333,,,,,,,,GLOBAL_BASELINE_NO_ENTITY_RANKING,,,NOT_APPLICABLE_GLOBAL_BASELINE,HF9g-P5,,,,X 全窗基线 · 不参与实体赏罚,8396093,840,A168_HF9F_20260827_0900,2026-08-27 09:00:00
2026-07-14,152973949,1750,0,243.0000000000,-1.5500000000,-1.5500000000,0.5555556,9,9,0.50069283333333333,0.500692833333,0.32917664935493707,0.32917664935693675,0.32917664935493707,3.3333E-13,ELIGIBLE,R03b_20260811_FULL_v1,L1_ELIGIBILITY,v2026-08-11,2026-03-21..2026-08-06,baccarat_bet02_101_all_pairs_incl_sentinel,round_win = game_pnl > 0 (decisive only),COMPATIBILITY_ONLY_NOT_PRODUCTION,29354.0000,26790.0000,478.2000,962,857,-0.01629080,-0.01629080,,-0.01629080,-478.2000,29354.0000,OK,0.0000,14.3460,3.0000,97.0000,AG03-UNRESOLVED,ALL5_LEVELS_bet23_to_bet27,14.3460,14.3460,14.3460,19.1280,19.1280,3.000000,3.000000,3.000000,4.000000,4.000000,97.000000,97.000000,97.000000,96.000000,96.000000,5.0,81.2940,75.9767,396.9060,402.2233,PENDING_AG03,FALSE,NOT_FOR_ENFORCEMENT,463.8540,25986.3000,478.2000,463.8540,14.3460,0.01629080,0.01580207,14.3460,463.8540,0.01580207,14.3460,14.3460,14.3460,19.1280,19.1280,463.8540,0.01580207,81.2940,75.9767,396.9060,402.2233,0.01352136,0.0137025,0.00048872,30.5135,31.2602,0.5580,31.8800,4.1224,1956.9333,57.1333,30.5135,,20.0,20.0,40.0,50.0,80.0,137.6001,20.0,-10.0,4.0,6.880005,1.525676,15,69,4,5,1.00000000,0.01629080,0.01629080,0E-8,0.000000,0.912652,0.000000,,2026-07-14,2026-08-06,15,116,62,24,0.625000,,1.000000,3.333333,,,,,,,,GLOBAL_BASELINE_NO_ENTITY_RANKING,,,NOT_APPLICABLE_GLOBAL_BASELINE,HF9g-P5,,,,X 全窗基线 · 不参与实体赏罚,8396094,840,A168_HF9F_20260827_0900,2026-08-27 09:00:00
2026-07-14,152973949,1963,0,40.0000000000,-1.0000000000,-1.0000000000,0.5000000,3,2,0.40363872500000000,0.403638725000,0.2777578906703767,0.27775789067037676,0.2777578906703767,0E-17,ELIGIBLE,R03b_20260811_FULL_v1,L1_ELIGIBILITY,v2026-08-11,2026-03-21..2026-08-06,baccarat_bet02_101_all_pairs_incl_sentinel,round_win = game_pnl > 0 (decisive only),COMPATIBILITY_ONLY_NOT_PRODUCTION,29354.0000,26790.0000,478.2000,962,857,-0.01629080,-0.01629080,,-0.01629080,-478.2000,29354.0000,OK,0.0000,14.3460,3.0000,97.0000,AG03-UNRESOLVED,ALL5_LEVELS_bet23_to_bet27,14.3460,14.3460,14.3460,19.1280,19.1280,3.000000,3.000000,3.000000,4.000000,4.000000,97.000000,97.000000,97.000000,96.000000,96.000000,5.0,81.2940,75.9767,396.9060,402.2233,PENDING_AG03,FALSE,NOT_FOR_ENFORCEMENT,463.8540,25986.3000,478.2000,463.8540,14.3460,0.01629080,0.01580207,14.3460,463.8540,0.01580207,14.3460,14.3460,14.3460,19.1280,19.1280,463.8540,0.01580207,81.2940,75.9767,396.9060,402.2233,0.01352136,0.0137025,0.00048872,30.5135,31.2602,0.5580,31.8800,4.1224,1956.9333,57.1333,30.5135,,20.0,20.0,40.0,50.0,80.0,137.6001,20.0,-10.0,4.0,6.880005,1.525676,15,69,4,5,1.00000000,0.01629080,0.01629080,0E-8,0.000000,0.912652,0.000000,,2026-07-14,2026-08-06,15,116,62,24,0.625000,,1.000000,3.333333,,,,,,,,GLOBAL_BASELINE_NO_ENTITY_RANKING,,,NOT_APPLICABLE_GLOBAL_BASELINE,HF9g-P5,,,,X 全窗基线 · 不参与实体赏罚,8396095,840,A168_HF9F_20260827_0900,2026-08-27 09:00:00
2026-07-14,152973949,2115,0,110.0000000000,38.0000000000,38.0000000000,0.7500000,5,5,0.50396966000000000,0.503969660000,0.9841523774297893,0.9841523774297894,0.9841523774297893,0E-17,ELIGIBLE,R03b_20260811_FULL_v1,L1_ELIGIBILITY,v2026-08-11,2026-03-21..2026-08-06,baccarat_bet02_101_all_pairs_incl_sentinel,round_win = game_pnl > 0 (decisive only),COMPATIBILITY_ONLY_NOT_PRODUCTION,29354.0000,26790.0000,478.2000,962,857,-0.01629080,-0.01629080,,-0.01629080,-478.2000,29354.0000,OK,0.0000,14.3460,3.0000,97.0000,AG03-UNRESOLVED,ALL5_LEVELS_bet23_to_bet27,14.3460,14.3460,14.3460,19.1280,19.1280,3.000000,3.000000,3.000000,4.000000,4.000000,97.000000,97.000000,97.000000,96.000000,96.000000,5.0,81.2940,75.9767,396.9060,402.2233,PENDING_AG03,FALSE,NOT_FOR_ENFORCEMENT,463.8540,25986.3000,478.2000,463.8540,14.3460,0.01629080,0.01580207,14.3460,463.8540,0.01580207,14.3460,14.3460,14.3460,19.1280,19.1280,463.8540,0.01580207,81.2940,75.9767,396.9060,402.2233,0.01352136,0.0137025,0.00048872,30.5135,31.2602,0.5580,31.8800,4.1224,1956.9333,57.1333,30.5135,,20.0,20.0,40.0,50.0,80.0,137.6001,20.0,-10.0,4.0,6.880005,1.525676,15,69,4,5,1.00000000,0.01629080,0.01629080,0E-8,0.000000,0.912652,0.000000,,2026-07-14,2026-08-06,15,116,62,24,0.625000,,1.000000,3.333333,,,,,,,,GLOBAL_BASELINE_NO_ENTITY_RANKING,,,NOT_APPLICABLE_GLOBAL_BASELINE,HF9g-P5,,,,X 全窗基线 · 不参与实体赏罚,8396096,840,A168_HF9F_20260827_0900,2026-08-27 09:00:00
2026-07-14,152973949,2153,0,1280.0000000000,395.0000000000,395.0000000000,0.6060606,37,33,0.47538171818181818,0.475381718182,1.5032092910664685,1.5032092910643502,1.5032092910664685,-1.8182E-13,ELIGIBLE,R03b_20260811_FULL_v1,L1_ELIGIBILITY,v2026-08-11,2026-03-21..2026-08-06,baccarat_bet02_101_all_pairs_incl_sentinel,round_win = game_pnl > 0 (decisive only),COMPATIBILITY_ONLY_NOT_PRODUCTION,29354.0000,26790.0000,478.2000,962,857,-0.01629080,-0.01629080,,-0.01629080,-478.2000,29354.0000,OK,0.0000,14.3460,3.0000,97.0000,AG03-UNRESOLVED,ALL5_LEVELS_bet23_to_bet27,14.3460,14.3460,14.3460,19.1280,19.1280,3.000000,3.000000,3.000000,4.000000,4.000000,97.000000,97.000000,97.000000,96.000000,96.000000,5.0,81.2940,75.9767,396.9060,402.2233,PENDING_AG03,FALSE,NOT_FOR_ENFORCEMENT,463.8540,25986.3000,478.2000,463.8540,14.3460,0.01629080,0.01580207,14.3460,463.8540,0.01580207,14.3460,14.3460,14.3460,19.1280,19.1280,463.8540,0.01580207,81.2940,75.9767,396.9060,402.2233,0.01352136,0.0137025,0.00048872,30.5135,31.2602,0.5580,31.8800,4.1224,1956.9333,57.1333,30.5135,,20.0,20.0,40.0,50.0,80.0,137.6001,20.0,-10.0,4.0,6.880005,1.525676,15,69,4,5,1.00000000,0.01629080,0.01629080,0E-8,0.000000,0.912652,0.000000,,2026-07-14,2026-08-06,15,116,62,24,0.625000,,1.000000,3.333333,,,,,,,,GLOBAL_BASELINE_NO_ENTITY_RANKING,,,NOT_APPLICABLE_GLOBAL_BASELINE,HF9g-P5,,,,X 全窗基线 · 不参与实体赏罚,8396097,840,A168_HF9F_20260827_0900,2026-08-27 09:00:00
2026-07-14,152973949,2155,0,870.0000000000,109.5000000000,109.5000000000,0.5625000,22,20,0.47532414500000000,0.475324145000,0.6982576935735341,0.6982576935735341,0.6982576935735341,0E-17,ELIGIBLE,R03b_20260811_FULL_v1,L1_ELIGIBILITY,v2026-08-11,2026-03-21..2026-08-06,baccarat_bet02_101_all_pairs_incl_sentinel,round_win = game_pnl > 0 (decisive only),COMPATIBILITY_ONLY_NOT_PRODUCTION,29354.0000,26790.0000,478.2000,962,857,-0.01629080,-0.01629080,,-0.01629080,-478.2000,29354.0000,OK,0.0000,14.3460,3.0000,97.0000,AG03-UNRESOLVED,ALL5_LEVELS_bet23_to_bet27,14.3460,14.3460,14.3460,19.1280,19.1280,3.000000,3.000000,3.000000,4.000000,4.000000,97.000000,97.000000,97.000000,96.000000,96.000000,5.0,81.2940,75.9767,396.9060,402.2233,PENDING_AG03,FALSE,NOT_FOR_ENFORCEMENT,463.8540,25986.3000,478.2000,463.8540,14.3460,0.01629080,0.01580207,14.3460,463.8540,0.01580207,14.3460,14.3460,14.3460,19.1280,19.1280,463.8540,0.01580207,81.2940,75.9767,396.9060,402.2233,0.01352136,0.0137025,0.00048872,30.5135,31.2602,0.5580,31.8800,4.1224,1956.9333,57.1333,30.5135,,20.0,20.0,40.0,50.0,80.0,137.6001,20.0,-10.0,4.0,6.880005,1.525676,15,69,4,5,1.00000000,0.01629080,0.01629080,0E-8,0.000000,0.912652,0.000000,,2026-07-14,2026-08-06,15,116,62,24,0.625000,,1.000000,3.333333,,,,,,,,GLOBAL_BASELINE_NO_ENTITY_RANKING,,,NOT_APPLICABLE_GLOBAL_BASELINE,HF9g-P5,,,,X 全窗基线 · 不参与实体赏罚,8396098,840,A168_HF9F_20260827_0900,2026-08-27 09:00:00
2026-07-14,152973949,2201,0,160.0000000000,100.0000000000,100.0000000000,0.7500000,5,4,0.46002527500000000,0.443415162500,1.1636237535822334,1.2342686915292753,1.1636237535822334,0.01661011250000000,ELIGIBLE,R03b_20260811_FULL_v1,L1_ELIGIBILITY,v2026-08-11,2026-03-21..2026-08-06,baccarat_bet02_101_all_pairs_incl_sentinel,round_win = game_pnl > 0 (decisive only),COMPATIBILITY_ONLY_NOT_PRODUCTION,29354.0000,26790.0000,478.2000,962,857,-0.01629080,-0.01629080,,-0.01629080,-478.2000,29354.0000,OK,0.0000,14.3460,3.0000,97.0000,AG03-UNRESOLVED,ALL5_LEVELS_bet23_to_bet27,14.3460,14.3460,14.3460,19.1280,19.1280,3.000000,3.000000,3.000000,4.000000,4.000000,97.000000,97.000000,97.000000,96.000000,96.000000,5.0,81.2940,75.9767,396.9060,402.2233,PENDING_AG03,FALSE,NOT_FOR_ENFORCEMENT,463.8540,25986.3000,478.2000,463.8540,14.3460,0.01629080,0.01580207,14.3460,463.8540,0.01580207,14.3460,14.3460,14.3460,19.1280,19.1280,463.8540,0.01580207,81.2940,75.9767,396.9060,402.2233,0.01352136,0.0137025,0.00048872,30.5135,31.2602,0.5580,31.8800,4.1224,1956.9333,57.1333,30.5135,,20.0,20.0,40.0,50.0,80.0,137.6001,20.0,-10.0,4.0,6.880005,1.525676,15,69,4,5,1.00000000,0.01629080,0.01629080,0E-8,0.000000,0.912652,0.000000,,2026-07-14,2026-08-06,15,116,62,24,0.625000,,1.000000,3.333333,,,,,,,,GLOBAL_BASELINE_NO_ENTITY_RANKING,,,NOT_APPLICABLE_GLOBAL_BASELINE,HF9g-P5,,,,X 全窗基线 · 不参与实体赏罚,8396099,840,A168_HF9F_20260827_0900,2026-08-27 09:00:00
2026-07-14,152973949,2242,0,140.0000000000,-41.0000000000,-41.0000000000,0.4000000,8,6,0.44160212500000000,0.430156350000,-0.18733247070375647,-0.13619863391761405,-0.18733247070375647,0.01144577500000000,ELIGIBLE,R03b_20260811_FULL_v1,L1_ELIGIBILITY,v2026-08-11,2026-03-21..2026-08-06,baccarat_bet02_101_all_pairs_incl_sentinel,round_win = game_pnl > 0 (decisive only),COMPATIBILITY_ONLY_NOT_PRODUCTION,29354.0000,26790.0000,478.2000,962,857,-0.01629080,-0.01629080,,-0.01629080,-478.2000,29354.0000,OK,0.0000,14.3460,3.0000,97.0000,AG03-UNRESOLVED,ALL5_LEVELS_bet23_to_bet27,14.3460,14.3460,14.3460,19.1280,19.1280,3.000000,3.000000,3.000000,4.000000,4.000000,97.000000,97.000000,97.000000,96.000000,96.000000,5.0,81.2940,75.9767,396.9060,402.2233,PENDING_AG03,FALSE,NOT_FOR_ENFORCEMENT,463.8540,25986.3000,478.2000,463.8540,14.3460,0.01629080,0.01580207,14.3460,463.8540,0.01580207,14.3460,14.3460,14.3460,19.1280,19.1280,463.8540,0.01580207,81.2940,75.9767,396.9060,402.2233,0.01352136,0.0137025,0.00048872,30.5135,31.2602,0.5580,31.8800,4.1224,1956.9333,57.1333,30.5135,,20.0,20.0,40.0,50.0,80.0,137.6001,20.0,-10.0,4.0,6.880005,1.525676,15,69,4,5,1.00000000,0.01629080,0.01629080,0E-8,0.000000,0.912652,0.000000,,2026-07-14,2026-08-06,15,116,62,24,0.625000,,1.000000,3.333333,,,,,,,,GLOBAL_BASELINE_NO_ENTITY_RANKING,,,NOT_APPLICABLE_GLOBAL_BASELINE,HF9g-P5,,,,X 全窗基线 · 不参与实体赏罚,8396100,840,A168_HF9F_20260827_0900,2026-08-27 09:00:00
2026-07-14,152973949,2271,0,90.0000000000,-50.0000000000,-50.0000000000,0.3333333,3,3,0.49771390000000000,0.497713900000,-0.5694369385616226,-0.5694369385616226,-0.5694369385616226,0E-17,ELIGIBLE,R03b_20260811_FULL_v1,L1_ELIGIBILITY,v2026-08-11,2026-03-21..2026-08-06,baccarat_bet02_101_all_pairs_incl_sentinel,round_win = game_pnl > 0 (decisive only),COMPATIBILITY_ONLY_NOT_PRODUCTION,29354.0000,26790.0000,478.2000,962,857,-0.01629080,-0.01629080,,-0.01629080,-478.2000,29354.0000,OK,0.0000,14.3460,3.0000,97.0000,AG03-UNRESOLVED,ALL5_LEVELS_bet23_to_bet27,14.3460,14.3460,14.3460,19.1280,19.1280,3.000000,3.000000,3.000000,4.000000,4.000000,97.000000,97.000000,97.000000,96.000000,96.000000,5.0,81.2940,75.9767,396.9060,402.2233,PENDING_AG03,FALSE,NOT_FOR_ENFORCEMENT,463.8540,25986.3000,478.2000,463.8540,14.3460,0.01629080,0.01580207,14.3460,463.8540,0.01580207,14.3460,14.3460,14.3460,19.1280,19.1280,463.8540,0.01580207,81.2940,75.9767,396.9060,402.2233,0.01352136,0.0137025,0.00048872,30.5135,31.2602,0.5580,31.8800,4.1224,1956.9333,57.1333,30.5135,,20.0,20.0,40.0,50.0,80.0,137.6001,20.0,-10.0,4.0,6.880005,1.525676,15,69,4,5,1.00000000,0.01629080,0.01629080,0E-8,0.000000,0.912652,0.000000,,2026-07-14,2026-08-06,15,116,62,24,0.625000,,1.000000,3.333333,,,,,,,,GLOBAL_BASELINE_NO_ENTITY_RANKING,,,NOT_APPLICABLE_GLOBAL_BASELINE,HF9g-P5,,,,X 全窗基线 · 不参与实体赏罚,8396101,840,A168_HF9F_20260827_0900,2026-08-27 09:00:00
2026-07-14,152973949,529,0,169.0000000000,89.0000000000,89.0000000000,0.6000000,5,5,0.49592654000000000,0.495926540000,0.46544610904919037,0.46544610904919037,0.46544610904919037,0E-17,ELIGIBLE,R03b_20260811_FULL_v1,L1_ELIGIBILITY,v2026-08-11,2026-03-21..2026-08-06,baccarat_bet02_101_all_pairs_incl_sentinel,round_win = game_pnl > 0 (decisive only),COMPATIBILITY_ONLY_NOT_PRODUCTION,29354.0000,26790.0000,478.2000,962,857,-0.01629080,-0.01629080,,-0.01629080,-478.2000,29354.0000,OK,0.0000,14.3460,3.0000,97.0000,AG03-UNRESOLVED,ALL5_LEVELS_bet23_to_bet27,14.3460,14.3460,14.3460,19.1280,19.1280,3.000000,3.000000,3.000000,4.000000,4.000000,97.000000,97.000000,97.000000,96.000000,96.000000,5.0,81.2940,75.9767,396.9060,402.2233,PENDING_AG03,FALSE,NOT_FOR_ENFORCEMENT,463.8540,25986.3000,478.2000,463.8540,14.3460,0.01629080,0.01580207,14.3460,463.8540,0.01580207,14.3460,14.3460,14.3460,19.1280,19.1280,463.8540,0.01580207,81.2940,75.9767,396.9060,402.2233,0.01352136,0.0137025,0.00048872,30.5135,31.2602,0.5580,31.8800,4.1224,1956.9333,57.1333,30.5135,,20.0,20.0,40.0,50.0,80.0,137.6001,20.0,-10.0,4.0,6.880005,1.525676,15,69,4,5,1.00000000,0.01629080,0.01629080,0E-8,0.000000,0.912652,0.000000,,2026-07-14,2026-08-06,15,116,62,24,0.625000,,1.000000,3.333333,,,,,,,,GLOBAL_BASELINE_NO_ENTITY_RANKING,,,NOT_APPLICABLE_GLOBAL_BASELINE,HF9g-P5,,,,X 全窗基线 · 不参与实体赏罚,8396102,840,A168_HF9F_20260827_0900,2026-08-27 09:00:00
2026-07-14,152973949,772,0,50.0000000000,30.0000000000,30.0000000000,1.0000000,2,2,0.49324550000000000,0.493245500000,1.01360149184955,1.01360149184955,1.01360149184955,0E-17,ELIGIBLE,R03b_20260811_FULL_v1,L1_ELIGIBILITY,v2026-08-11,2026-03-21..2026-08-06,baccarat_bet02_101_all_pairs_incl_sentinel,round_win = game_pnl > 0 (decisive only),COMPATIBILITY_ONLY_NOT_PRODUCTION,29354.0000,26790.0000,478.2000,962,857,-0.01629080,-0.01629080,,-0.01629080,-478.2000,29354.0000,OK,0.0000,14.3460,3.0000,97.0000,AG03-UNRESOLVED,ALL5_LEVELS_bet23_to_bet27,14.3460,14.3460,14.3460,19.1280,19.1280,3.000000,3.000000,3.000000,4.000000,4.000000,97.000000,97.000000,97.000000,96.000000,96.000000,5.0,81.2940,75.9767,396.9060,402.2233,PENDING_AG03,FALSE,NOT_FOR_ENFORCEMENT,463.8540,25986.3000,478.2000,463.8540,14.3460,0.01629080,0.01580207,14.3460,463.8540,0.01580207,14.3460,14.3460,14.3460,19.1280,19.1280,463.8540,0.01580207,81.2940,75.9767,396.9060,402.2233,0.01352136,0.0137025,0.00048872,30.5135,31.2602,0.5580,31.8800,4.1224,1956.9333,57.1333,30.5135,,20.0,20.0,40.0,50.0,80.0,137.6001,20.0,-10.0,4.0,6.880005,1.525676,15,69,4,5,1.00000000,0.01629080,0.01629080,0E-8,0.000000,0.912652,0.000000,,2026-07-14,2026-08-06,15,116,62,24,0.625000,,1.000000,3.333333,,,,,,,,GLOBAL_BASELINE_NO_ENTITY_RANKING,,,NOT_APPLICABLE_GLOBAL_BASELINE,HF9g-P5,,,,X 全窗基线 · 不参与实体赏罚,8396103,840,A168_HF9F_20260827_0900,2026-08-27 09:00:00
2026-07-15,152973949,1323,0,147.0000000000,-21.0000000000,-21.0000000000,0.4000000,5,5,0.49860758000000000,0.498607580000,-0.440988213962219,-0.440988213962219,-0.440988213962219,0E-17,ELIGIBLE,R03b_20260811_FULL_v1,L1_ELIGIBILITY,v2026-08-11,2026-03-21..2026-08-06,baccarat_bet02_101_all_pairs_incl_sentinel,round_win = game_pnl > 0 (decisive only),COMPATIBILITY_ONLY_NOT_PRODUCTION,29354.0000,26790.0000,478.2000,962,857,-0.01629080,-0.01629080,,-0.01629080,-478.2000,29354.0000,OK,0.0000,14.3460,3.0000,97.0000,AG03-UNRESOLVED,ALL5_LEVELS_bet23_to_bet27,14.3460,14.3460,14.3460,19.1280,19.1280,3.000000,3.000000,3.000000,4.000000,4.000000,97.000000,97.000000,97.000000,96.000000,96.000000,5.0,81.2940,75.9767,396.9060,402.2233,PENDING_AG03,FALSE,NOT_FOR_ENFORCEMENT,463.8540,25986.3000,478.2000,463.8540,14.3460,0.01629080,0.01580207,14.3460,463.8540,0.01580207,14.3460,14.3460,14.3460,19.1280,19.1280,463.8540,0.01580207,81.2940,75.9767,396.9060,402.2233,0.01352136,0.0137025,0.00048872,30.5135,31.2602,0.5580,31.8800,4.1224,1956.9333,57.1333,30.5135,,20.0,20.0,40.0,50.0,80.0,137.6001,20.0,-10.0,4.0,6.880005,1.525676,15,69,4,5,1.00000000,0.01629080,0.01629080,0E-8,0.000000,0.912652,0.000000,,2026-07-14,2026-08-06,15,116,62,24,0.625000,,1.000000,3.333333,,,,,,,,GLOBAL_BASELINE_NO_ENTITY_RANKING,,,NOT_APPLICABLE_GLOBAL_BASELINE,HF9g-P5,,,,X 全窗基线 · 不参与实体赏罚,8396104,840,A168_HF9F_20260827_0900,2026-08-27 09:00:00
2026-07-15,152973949,2106,0,129.0000000000,-50.0000000000,-50.0000000000,0.5000000,4,4,0.49994810000000000,0.499948100000,0.00020760000111838688,0.00020760000111838688,0.00020760000111838688,0E-17,ELIGIBLE,R03b_20260811_FULL_v1,L1_ELIGIBILITY,v2026-08-11,2026-03-21..2026-08-06,baccarat_bet02_101_all_pairs_incl_sentinel,round_win = game_pnl > 0 (decisive only),COMPATIBILITY_ONLY_NOT_PRODUCTION,29354.0000,26790.0000,478.2000,962,857,-0.01629080,-0.01629080,,-0.01629080,-478.2000,29354.0000,OK,0.0000,14.3460,3.0000,97.0000,AG03-UNRESOLVED,ALL5_LEVELS_bet23_to_bet27,14.3460,14.3460,14.3460,19.1280,19.1280,3.000000,3.000000,3.000000,4.000000,4.000000,97.000000,97.000000,97.000000,96.000000,96.000000,5.0,81.2940,75.9767,396.9060,402.2233,PENDING_AG03,FALSE,NOT_FOR_ENFORCEMENT,463.8540,25986.3000,478.2000,463.8540,14.3460,0.01629080,0.01580207,14.3460,463.8540,0.01580207,14.3460,14.3460,14.3460,19.1280,19.1280,463.8540,0.01580207,81.2940,75.9767,396.9060,402.2233,0.01352136,0.0137025,0.00048872,30.5135,31.2602,0.5580,31.8800,4.1224,1956.9333,57.1333,30.5135,,20.0,20.0,40.0,50.0,80.0,137.6001,20.0,-10.0,4.0,6.880005,1.525676,15,69,4,5,1.00000000,0.01629080,0.01629080,0E-8,0.000000,0.912652,0.000000,,2026-07-14,2026-08-06,15,116,62,24,0.625000,,1.000000,3.333333,,,,,,,,GLOBAL_BASELINE_NO_ENTITY_RANKING,,,NOT_APPLICABLE_GLOBAL_BASELINE,HF9g-P5,,,,X 全窗基线 · 不参与实体赏罚,8396105,840,A168_HF9F_20260827_0900,2026-08-27 09:00:00
2026-07-15,152973949,2127,0,21.0000000000,-21.0000000000,-21.0000000000,0E-7,1,1,0.50665070000000000,0.506650700000,-1.013391052207602,-1.013391052207602,-1.013391052207602,0E-17,ELIGIBLE,R03b_20260811_FULL_v1,L1_ELIGIBILITY,v2026-08-11,2026-03-21..2026-08-06,baccarat_bet02_101_all_pairs_incl_sentinel,round_win = game_pnl > 0 (decisive only),COMPATIBILITY_ONLY_NOT_PRODUCTION,29354.0000,26790.0000,478.2000,962,857,-0.01629080,-0.01629080,,-0.01629080,-478.2000,29354.0000,OK,0.0000,14.3460,3.0000,97.0000,AG03-UNRESOLVED,ALL5_LEVELS_bet23_to_bet27,14.3460,14.3460,14.3460,19.1280,19.1280,3.000000,3.000000,3.000000,4.000000,4.000000,97.000000,97.000000,97.000000,96.000000,96.000000,5.0,81.2940,75.9767,396.9060,402.2233,PENDING_AG03,FALSE,NOT_FOR_ENFORCEMENT,463.8540,25986.3000,478.2000,463.8540,14.3460,0.01629080,0.01580207,14.3460,463.8540,0.01580207,14.3460,14.3460,14.3460,19.1280,19.1280,463.8540,0.01580207,81.2940,75.9767,396.9060,402.2233,0.01352136,0.0137025,0.00048872,30.5135,31.2602,0.5580,31.8800,4.1224,1956.9333,57.1333,30.5135,,20.0,20.0,40.0,50.0,80.0,137.6001,20.0,-10.0,4.0,6.880005,1.525676,15,69,4,5,1.00000000,0.01629080,0.01629080,0E-8,0.000000,0.912652,0.000000,,2026-07-14,2026-08-06,15,116,62,24,0.625000,,1.000000,3.333333,,,,,,,,GLOBAL_BASELINE_NO_ENTITY_RANKING,,,NOT_APPLICABLE_GLOBAL_BASELINE,HF9g-P5,,,,X 全窗基线 · 不参与实体赏罚,8396106,840,A168_HF9F_20260827_0900,2026-08-27 09:00:00
2026-07-16,152973949,1094,0,30.0000000000,-30.0000000000,-30.0000000000,0E-7,2,2,0.49994810000000000,0.499948100000,-1.4140667746232096,-1.4140667746232096,-1.4140667746232096,0E-17,ELIGIBLE,R03b_20260811_FULL_v1,L1_ELIGIBILITY,v2026-08-11,2026-03-21..2026-08-06,baccarat_bet02_101_all_pairs_incl_sentinel,round_win = game_pnl > 0 (decisive only),COMPATIBILITY_ONLY_NOT_PRODUCTION,29354.0000,26790.0000,478.2000,962,857,-0.01629080,-0.01629080,,-0.01629080,-478.2000,29354.0000,OK,0.0000,14.3460,3.0000,97.0000,AG03-UNRESOLVED,ALL5_LEVELS_bet23_to_bet27,14.3460,14.3460,14.3460,19.1280,19.1280,3.000000,3.000000,3.000000,4.000000,4.000000,97.000000,97.000000,97.000000,96.000000,96.000000,5.0,81.2940,75.9767,396.9060,402.2233,PENDING_AG03,FALSE,NOT_FOR_ENFORCEMENT,463.8540,25986.3000,478.2000,463.8540,14.3460,0.01629080,0.01580207,14.3460,463.8540,0.01580207,14.3460,14.3460,14.3460,19.1280,19.1280,463.8540,0.01580207,81.2940,75.9767,396.9060,402.2233,0.01352136,0.0137025,0.00048872,30.5135,31.2602,0.5580,31.8800,4.1224,1956.9333,57.1333,30.5135,,20.0,20.0,40.0,50.0,80.0,137.6001,20.0,-10.0,4.0,6.880005,1.525676,15,69,4,5,1.00000000,0.01629080,0.01629080,0E-8,0.000000,0.912652,0.000000,,2026-07-14,2026-08-06,15,116,62,24,0.625000,,1.000000,3.333333,,,,,,,,GLOBAL_BASELINE_NO_ENTITY_RANKING,,,NOT_APPLICABLE_GLOBAL_BASELINE,HF9g-P5,,,,X 全窗基线 · 不参与实体赏罚,8396107,840,A168_HF9F_20260827_0900,2026-08-27 09:00:00
2026-07-16,152973949,1318,0,10.0000000000,9.5000000000,9.5000000000,1.0000000,1,1,0.50665070000000000,0.506650700000,0.9867858985152569,0.9867858985152569,0.9867858985152569,0E-17,ELIGIBLE,R03b_20260811_FULL_v1,L1_ELIGIBILITY,v2026-08-11,2026-03-21..2026-08-06,baccarat_bet02_101_all_pairs_incl_sentinel,round_win = game_pnl > 0 (decisive only),COMPATIBILITY_ONLY_NOT_PRODUCTION,29354.0000,26790.0000,478.2000,962,857,-0.01629080,-0.01629080,,-0.01629080,-478.2000,29354.0000,OK,0.0000,14.3460,3.0000,97.0000,AG03-UNRESOLVED,ALL5_LEVELS_bet23_to_bet27,14.3460,14.3460,14.3460,19.1280,19.1280,3.000000,3.000000,3.000000,4.000000,4.000000,97.000000,97.000000,97.000000,96.000000,96.000000,5.0,81.2940,75.9767,396.9060,402.2233,PENDING_AG03,FALSE,NOT_FOR_ENFORCEMENT,463.8540,25986.3000,478.2000,463.8540,14.3460,0.01629080,0.01580207,14.3460,463.8540,0.01580207,14.3460,14.3460,14.3460,19.1280,19.1280,463.8540,0.01580207,81.2940,75.9767,396.9060,402.2233,0.01352136,0.0137025,0.00048872,30.5135,31.2602,0.5580,31.8800,4.1224,1956.9333,57.1333,30.5135,,20.0,20.0,40.0,50.0,80.0,137.6001,20.0,-10.0,4.0,6.880005,1.525676,15,69,4,5,1.00000000,0.01629080,0.01629080,0E-8,0.000000,0.912652,0.000000,,2026-07-14,2026-08-06,15,116,62,24,0.625000,,1.000000,3.333333,,,,,,,,GLOBAL_BASELINE_NO_ENTITY_RANKING,,,NOT_APPLICABLE_GLOBAL_BASELINE,HF9g-P5,,,,X 全窗基线 · 不参与实体赏罚,8396108,840,A168_HF9F_20260827_0900,2026-08-27 09:00:00
2026-07-16,152973949,1645,0,162.0000000000,-52.8000000000,-52.8000000000,0.5000000,8,8,0.50497505000000000,0.504975050000,-0.028144525985643355,-0.028144525985643355,-0.028144525985643355,0E-17,ELIGIBLE,R03b_20260811_FULL_v1,L1_ELIGIBILITY,v2026-08-11,2026-03-21..2026-08-06,baccarat_bet02_101_all_pairs_incl_sentinel,round_win = game_pnl > 0 (decisive only),COMPATIBILITY_ONLY_NOT_PRODUCTION,29354.0000,26790.0000,478.2000,962,857,-0.01629080,-0.01629080,,-0.01629080,-478.2000,29354.0000,OK,0.0000,14.3460,3.0000,97.0000,AG03-UNRESOLVED,ALL5_LEVELS_bet23_to_bet27,14.3460,14.3460,14.3460,19.1280,19.1280,3.000000,3.000000,3.000000,4.000000,4.000000,97.000000,97.000000,97.000000,96.000000,96.000000,5.0,81.2940,75.9767,396.9060,402.2233,PENDING_AG03,FALSE,NOT_FOR_ENFORCEMENT,463.8540,25986.3000,478.2000,463.8540,14.3460,0.01629080,0.01580207,14.3460,463.8540,0.01580207,14.3460,14.3460,14.3460,19.1280,19.1280,463.8540,0.01580207,81.2940,75.9767,396.9060,402.2233,0.01352136,0.0137025,0.00048872,30.5135,31.2602,0.5580,31.8800,4.1224,1956.9333,57.1333,30.5135,,20.0,20.0,40.0,50.0,80.0,137.6001,20.0,-10.0,4.0,6.880005,1.525676,15,69,4,5,1.00000000,0.01629080,0.01629080,0E-8,0.000000,0.912652,0.000000,,2026-07-14,2026-08-06,15,116,62,24,0.625000,,1.000000,3.333333,,,,,,,,GLOBAL_BASELINE_NO_ENTITY_RANKING,,,NOT_APPLICABLE_GLOBAL_BASELINE,HF9g-P5,,,,X 全窗基线 · 不参与实体赏罚,8396109,840,A168_HF9F_20260827_0900,2026-08-27 09:00:00
2026-07-16,152973949,2155,0,20.0000000000,-20.0000000000,-20.0000000000,0E-7,1,1,0.50665070000000000,0.506650700000,-1.013391052207602,-1.013391052207602,-1.013391052207602,0E-17,ELIGIBLE,R03b_20260811_FULL_v1,L1_ELIGIBILITY,v2026-08-11,2026-03-21..2026-08-06,baccarat_bet02_101_all_pairs_incl_sentinel,round_win = game_pnl > 0 (decisive only),COMPATIBILITY_ONLY_NOT_PRODUCTION,29354.0000,26790.0000,478.2000,962,857,-0.01629080,-0.01629080,,-0.01629080,-478.2000,29354.0000,OK,0.0000,14.3460,3.0000,97.0000,AG03-UNRESOLVED,ALL5_LEVELS_bet23_to_bet27,14.3460,14.3460,14.3460,19.1280,19.1280,3.000000,3.000000,3.000000,4.000000,4.000000,97.000000,97.000000,97.000000,96.000000,96.000000,5.0,81.2940,75.9767,396.9060,402.2233,PENDING_AG03,FALSE,NOT_FOR_ENFORCEMENT,463.8540,25986.3000,478.2000,463.8540,14.3460,0.01629080,0.01580207,14.3460,463.8540,0.01580207,14.3460,14.3460,14.3460,19.1280,19.1280,463.8540,0.01580207,81.2940,75.9767,396.9060,402.2233,0.01352136,0.0137025,0.00048872,30.5135,31.2602,0.5580,31.8800,4.1224,1956.9333,57.1333,30.5135,,20.0,20.0,40.0,50.0,80.0,137.6001,20.0,-10.0,4.0,6.880005,1.525676,15,69,4,5,1.00000000,0.01629080,0.01629080,0E-8,0.000000,0.912652,0.000000,,2026-07-14,2026-08-06,15,116,62,24,0.625000,,1.000000,3.333333,,,,,,,,GLOBAL_BASELINE_NO_ENTITY_RANKING,,,NOT_APPLICABLE_GLOBAL_BASELINE,HF9g-P5,,,,X 全窗基线 · 不参与实体赏罚,8396110,840,A168_HF9F_20260827_0900,2026-08-27 09:00:00
2026-07-16,152973949,2257,0,20.0000000000,-20.0000000000,-20.0000000000,0E-7,1,1,0.50665070000000000,0.506650700000,-1.013391052207602,-1.013391052207602,-1.013391052207602,0E-17,ELIGIBLE,R03b_20260811_FULL_v1,L1_ELIGIBILITY,v2026-08-11,2026-03-21..2026-08-06,baccarat_bet02_101_all_pairs_incl_sentinel,round_win = game_pnl > 0 (decisive only),COMPATIBILITY_ONLY_NOT_PRODUCTION,29354.0000,26790.0000,478.2000,962,857,-0.01629080,-0.01629080,,-0.01629080,-478.2000,29354.0000,OK,0.0000,14.3460,3.0000,97.0000,AG03-UNRESOLVED,ALL5_LEVELS_bet23_to_bet27,14.3460,14.3460,14.3460,19.1280,19.1280,3.000000,3.000000,3.000000,4.000000,4.000000,97.000000,97.000000,97.000000,96.000000,96.000000,5.0,81.2940,75.9767,396.9060,402.2233,PENDING_AG03,FALSE,NOT_FOR_ENFORCEMENT,463.8540,25986.3000,478.2000,463.8540,14.3460,0.01629080,0.01580207,14.3460,463.8540,0.01580207,14.3460,14.3460,14.3460,19.1280,19.1280,463.8540,0.01580207,81.2940,75.9767,396.9060,402.2233,0.01352136,0.0137025,0.00048872,30.5135,31.2602,0.5580,31.8800,4.1224,1956.9333,57.1333,30.5135,,20.0,20.0,40.0,50.0,80.0,137.6001,20.0,-10.0,4.0,6.880005,1.525676,15,69,4,5,1.00000000,0.01629080,0.01629080,0E-8,0.000000,0.912652,0.000000,,2026-07-14,2026-08-06,15,116,62,24,0.625000,,1.000000,3.333333,,,,,,,,GLOBAL_BASELINE_NO_ENTITY_RANKING,,,NOT_APPLICABLE_GLOBAL_BASELINE,HF9g-P5,,,,X 全窗基线 · 不参与实体赏罚,8396111,840,A168_HF9F_20260827_0900,2026-08-27 09:00:00
2026-07-17,152973949,1318,0,20.0000000000,-20.0000000000,-20.0000000000,0E-7,1,1,0.49324550000000000,0.493245500000,-0.9865810262130424,-0.9865810262130424,-0.9865810262130424,0E-17,ELIGIBLE,R03b_20260811_FULL_v1,L1_ELIGIBILITY,v2026-08-11,2026-03-21..2026-08-06,baccarat_bet02_101_all_pairs_incl_sentinel,round_win = game_pnl > 0 (decisive only),COMPATIBILITY_ONLY_NOT_PRODUCTION,29354.0000,26790.0000,478.2000,962,857,-0.01629080,-0.01629080,,-0.01629080,-478.2000,29354.0000,OK,0.0000,14.3460,3.0000,97.0000,AG03-UNRESOLVED,ALL5_LEVELS_bet23_to_bet27,14.3460,14.3460,14.3460,19.1280,19.1280,3.000000,3.000000,3.000000,4.000000,4.000000,97.000000,97.000000,97.000000,96.000000,96.000000,5.0,81.2940,75.9767,396.9060,402.2233,PENDING_AG03,FALSE,NOT_FOR_ENFORCEMENT,463.8540,25986.3000,478.2000,463.8540,14.3460,0.01629080,0.01580207,14.3460,463.8540,0.01580207,14.3460,14.3460,14.3460,19.1280,19.1280,463.8540,0.01580207,81.2940,75.9767,396.9060,402.2233,0.01352136,0.0137025,0.00048872,30.5135,31.2602,0.5580,31.8800,4.1224,1956.9333,57.1333,30.5135,,20.0,20.0,40.0,50.0,80.0,137.6001,20.0,-10.0,4.0,6.880005,1.525676,15,69,4,5,1.00000000,0.01629080,0.01629080,0E-8,0.000000,0.912652,0.000000,,2026-07-14,2026-08-06,15,116,62,24,0.625000,,1.000000,3.333333,,,,,,,,GLOBAL_BASELINE_NO_ENTITY_RANKING,,,NOT_APPLICABLE_GLOBAL_BASELINE,HF9g-P5,,,,X 全窗基线 · 不参与实体赏罚,8396112,840,A168_HF9F_20260827_0900,2026-08-27 09:00:00
2026-07-17,152973949,1485,0,400.0000000000,-39.0000000000,-39.0000000000,0.4285714,17,17,0.50191945294117647,0.501919452941,-0.5488903989449334,-0.5488903989436119,-0.5488903989449334,1.7647E-13,ELIGIBLE,R03b_20260811_FULL_v1,L1_ELIGIBILITY,v2026-08-11,2026-03-21..2026-08-06,baccarat_bet02_101_all_pairs_incl_sentinel,round_win = game_pnl > 0 (decisive only),COMPATIBILITY_ONLY_NOT_PRODUCTION,29354.0000,26790.0000,478.2000,962,857,-0.01629080,-0.01629080,,-0.01629080,-478.2000,29354.0000,OK,0.0000,14.3460,3.0000,97.0000,AG03-UNRESOLVED,ALL5_LEVELS_bet23_to_bet27,14.3460,14.3460,14.3460,19.1280,19.1280,3.000000,3.000000,3.000000,4.000000,4.000000,97.000000,97.000000,97.000000,96.000000,96.000000,5.0,81.2940,75.9767,396.9060,402.2233,PENDING_AG03,FALSE,NOT_FOR_ENFORCEMENT,463.8540,25986.3000,478.2000,463.8540,14.3460,0.01629080,0.01580207,14.3460,463.8540,0.01580207,14.3460,14.3460,14.3460,19.1280,19.1280,463.8540,0.01580207,81.2940,75.9767,396.9060,402.2233,0.01352136,0.0137025,0.00048872,30.5135,31.2602,0.5580,31.8800,4.1224,1956.9333,57.1333,30.5135,,20.0,20.0,40.0,50.0,80.0,137.6001,20.0,-10.0,4.0,6.880005,1.525676,15,69,4,5,1.00000000,0.01629080,0.01629080,0E-8,0.000000,0.912652,0.000000,,2026-07-14,2026-08-06,15,116,62,24,0.625000,,1.000000,3.333333,,,,,,,,GLOBAL_BASELINE_NO_ENTITY_RANKING,,,NOT_APPLICABLE_GLOBAL_BASELINE,HF9g-P5,,,,X 全窗基线 · 不参与实体赏罚,8396113,840,A168_HF9F_20260827_0900,2026-08-27 09:00:00
2026-07-17,152973949,2103,0,50.0000000000,-11.0000000000,-11.0000000000,0.5000000,2,2,0.50665070000000000,0.506650700000,-0.018812684590367487,-0.018812684590367487,-0.018812684590367487,0E-17,ELIGIBLE,R03b_20260811_FULL_v1,L1_ELIGIBILITY,v2026-08-11,2026-03-21..2026-08-06,baccarat_bet02_101_all_pairs_incl_sentinel,round_win = game_pnl > 0 (decisive only),COMPATIBILITY_ONLY_NOT_PRODUCTION,29354.0000,26790.0000,478.2000,962,857,-0.01629080,-0.01629080,,-0.01629080,-478.2000,29354.0000,OK,0.0000,14.3460,3.0000,97.0000,AG03-UNRESOLVED,ALL5_LEVELS_bet23_to_bet27,14.3460,14.3460,14.3460,19.1280,19.1280,3.000000,3.000000,3.000000,4.000000,4.000000,97.000000,97.000000,97.000000,96.000000,96.000000,5.0,81.2940,75.9767,396.9060,402.2233,PENDING_AG03,FALSE,NOT_FOR_ENFORCEMENT,463.8540,25986.3000,478.2000,463.8540,14.3460,0.01629080,0.01580207,14.3460,463.8540,0.01580207,14.3460,14.3460,14.3460,19.1280,19.1280,463.8540,0.01580207,81.2940,75.9767,396.9060,402.2233,0.01352136,0.0137025,0.00048872,30.5135,31.2602,0.5580,31.8800,4.1224,1956.9333,57.1333,30.5135,,20.0,20.0,40.0,50.0,80.0,137.6001,20.0,-10.0,4.0,6.880005,1.525676,15,69,4,5,1.00000000,0.01629080,0.01629080,0E-8,0.000000,0.912652,0.000000,,2026-07-14,2026-08-06,15,116,62,24,0.625000,,1.000000,3.333333,,,,,,,,GLOBAL_BASELINE_NO_ENTITY_RANKING,,,NOT_APPLICABLE_GLOBAL_BASELINE,HF9g-P5,,,,X 全窗基线 · 不参与实体赏罚,8396114,840,A168_HF9F_20260827_0900,2026-08-27 09:00:00
2026-07-17,152973949,462,0,33.0000000000,-33.0000000000,-33.0000000000,0E-7,2,2,0.49994810000000000,0.499948100000,-1.4140667746232096,-1.4140667746232096,-1.4140667746232096,0E-17,ELIGIBLE,R03b_20260811_FULL_v1,L1_ELIGIBILITY,v2026-08-11,2026-03-21..2026-08-06,baccarat_bet02_101_all_pairs_incl_sentinel,round_win = game_pnl > 0 (decisive only),COMPATIBILITY_ONLY_NOT_PRODUCTION,29354.0000,26790.0000,478.2000,962,857,-0.01629080,-0.01629080,,-0.01629080,-478.2000,29354.0000,OK,0.0000,14.3460,3.0000,97.0000,AG03-UNRESOLVED,ALL5_LEVELS_bet23_to_bet27,14.3460,14.3460,14.3460,19.1280,19.1280,3.000000,3.000000,3.000000,4.000000,4.000000,97.000000,97.000000,97.000000,96.000000,96.000000,5.0,81.2940,75.9767,396.9060,402.2233,PENDING_AG03,FALSE,NOT_FOR_ENFORCEMENT,463.8540,25986.3000,478.2000,463.8540,14.3460,0.01629080,0.01580207,14.3460,463.8540,0.01580207,14.3460,14.3460,14.3460,19.1280,19.1280,463.8540,0.01580207,81.2940,75.9767,396.9060,402.2233,0.01352136,0.0137025,0.00048872,30.5135,31.2602,0.5580,31.8800,4.1224,1956.9333,57.1333,30.5135,,20.0,20.0,40.0,50.0,80.0,137.6001,20.0,-10.0,4.0,6.880005,1.525676,15,69,4,5,1.00000000,0.01629080,0.01629080,0E-8,0.000000,0.912652,0.000000,,2026-07-14,2026-08-06,15,116,62,24,0.625000,,1.000000,3.333333,,,,,,,,GLOBAL_BASELINE_NO_ENTITY_RANKING,,,NOT_APPLICABLE_GLOBAL_BASELINE,HF9g-P5,,,,X 全窗基线 · 不参与实体赏罚,8396115,840,A168_HF9F_20260827_0900,2026-08-27 09:00:00
2026-07-18,152973949,1205,0,87.0000000000,-26.8500000000,-26.8500000000,0.3333333,4,4,0.50329940000000000,0.503299400000,-0.5887925454369916,-0.5887925454369916,-0.5887925454369916,0E-17,ELIGIBLE,R03b_20260811_FULL_v1,L1_ELIGIBILITY,v2026-08-11,2026-03-21..2026-08-06,baccarat_bet02_101_all_pairs_incl_sentinel,round_win = game_pnl > 0 (decisive only),COMPATIBILITY_ONLY_NOT_PRODUCTION,29354.0000,26790.0000,478.2000,962,857,-0.01629080,-0.01629080,,-0.01629080,-478.2000,29354.0000,OK,0.0000,14.3460,3.0000,97.0000,AG03-UNRESOLVED,ALL5_LEVELS_bet23_to_bet27,14.3460,14.3460,14.3460,19.1280,19.1280,3.000000,3.000000,3.000000,4.000000,4.000000,97.000000,97.000000,97.000000,96.000000,96.000000,5.0,81.2940,75.9767,396.9060,402.2233,PENDING_AG03,FALSE,NOT_FOR_ENFORCEMENT,463.8540,25986.3000,478.2000,463.8540,14.3460,0.01629080,0.01580207,14.3460,463.8540,0.01580207,14.3460,14.3460,14.3460,19.1280,19.1280,463.8540,0.01580207,81.2940,75.9767,396.9060,402.2233,0.01352136,0.0137025,0.00048872,30.5135,31.2602,0.5580,31.8800,4.1224,1956.9333,57.1333,30.5135,,20.0,20.0,40.0,50.0,80.0,137.6001,20.0,-10.0,4.0,6.880005,1.525676,15,69,4,5,1.00000000,0.01629080,0.01629080,0E-8,0.000000,0.912652,0.000000,,2026-07-14,2026-08-06,15,116,62,24,0.625000,,1.000000,3.333333,,,,,,,,GLOBAL_BASELINE_NO_ENTITY_RANKING,,,NOT_APPLICABLE_GLOBAL_BASELINE,HF9g-P5,,,,X 全窗基线 · 不参与实体赏罚,8396116,840,A168_HF9F_20260827_0900,2026-08-27 09:00:00
2026-07-18,152973949,1985,0,92.0000000000,-51.0000000000,-51.0000000000,0E-7,4,4,0.49994810000000000,0.499948100000,-1.4140667746232096,-1.4140667746232096,-1.4140667746232096,0E-17,ELIGIBLE,R03b_20260811_FULL_v1,L1_ELIGIBILITY,v2026-08-11,2026-03-21..2026-08-06,baccarat_bet02_101_all_pairs_incl_sentinel,round_win = game_pnl > 0 (decisive only),COMPATIBILITY_ONLY_NOT_PRODUCTION,29354.0000,26790.0000,478.2000,962,857,-0.01629080,-0.01629080,,-0.01629080,-478.2000,29354.0000,OK,0.0000,14.3460,3.0000,97.0000,AG03-UNRESOLVED,ALL5_LEVELS_bet23_to_bet27,14.3460,14.3460,14.3460,19.1280,19.1280,3.000000,3.000000,3.000000,4.000000,4.000000,97.000000,97.000000,97.000000,96.000000,96.000000,5.0,81.2940,75.9767,396.9060,402.2233,PENDING_AG03,FALSE,NOT_FOR_ENFORCEMENT,463.8540,25986.3000,478.2000,463.8540,14.3460,0.01629080,0.01580207,14.3460,463.8540,0.01580207,14.3460,14.3460,14.3460,19.1280,19.1280,463.8540,0.01580207,81.2940,75.9767,396.9060,402.2233,0.01352136,0.0137025,0.00048872,30.5135,31.2602,0.5580,31.8800,4.1224,1956.9333,57.1333,30.5135,,20.0,20.0,40.0,50.0,80.0,137.6001,20.0,-10.0,4.0,6.880005,1.525676,15,69,4,5,1.00000000,0.01629080,0.01629080,0E-8,0.000000,0.912652,0.000000,,2026-07-14,2026-08-06,15,116,62,24,0.625000,,1.000000,3.333333,,,,,,,,GLOBAL_BASELINE_NO_ENTITY_RANKING,,,NOT_APPLICABLE_GLOBAL_BASELINE,HF9g-P5,,,,X 全窗基线 · 不参与实体赏罚,8396117,840,A168_HF9F_20260827_0900,2026-08-27 09:00:00
2026-07-18,152973949,1990,0,154.0000000000,96.5000000000,96.5000000000,0.8571429,7,7,0.49899058571428571,0.498990585714,1.8951675454273618,1.8951675454288757,1.8951675454273618,2.8571E-13,ELIGIBLE,R03b_20260811_FULL_v1,L1_ELIGIBILITY,v2026-08-11,2026-03-21..2026-08-06,baccarat_bet02_101_all_pairs_incl_sentinel,round_win = game_pnl > 0 (decisive only),COMPATIBILITY_ONLY_NOT_PRODUCTION,29354.0000,26790.0000,478.2000,962,857,-0.01629080,-0.01629080,,-0.01629080,-478.2000,29354.0000,OK,0.0000,14.3460,3.0000,97.0000,AG03-UNRESOLVED,ALL5_LEVELS_bet23_to_bet27,14.3460,14.3460,14.3460,19.1280,19.1280,3.000000,3.000000,3.000000,4.000000,4.000000,97.000000,97.000000,97.000000,96.000000,96.000000,5.0,81.2940,75.9767,396.9060,402.2233,PENDING_AG03,FALSE,NOT_FOR_ENFORCEMENT,463.8540,25986.3000,478.2000,463.8540,14.3460,0.01629080,0.01580207,14.3460,463.8540,0.01580207,14.3460,14.3460,14.3460,19.1280,19.1280,463.8540,0.01580207,81.2940,75.9767,396.9060,402.2233,0.01352136,0.0137025,0.00048872,30.5135,31.2602,0.5580,31.8800,4.1224,1956.9333,57.1333,30.5135,,20.0,20.0,40.0,50.0,80.0,137.6001,20.0,-10.0,4.0,6.880005,1.525676,15,69,4,5,1.00000000,0.01629080,0.01629080,0E-8,0.000000,0.912652,0.000000,,2026-07-14,2026-08-06,15,116,62,24,0.625000,,1.000000,3.333333,,,,,,,,GLOBAL_BASELINE_NO_ENTITY_RANKING,,,NOT_APPLICABLE_GLOBAL_BASELINE,HF9g-P5,,,,X 全窗基线 · 不参与实体赏罚,8396118,840,A168_HF9F_20260827_0900,2026-08-27 09:00:00
2026-07-25,152973949,1301,0,88.0000000000,-10.5000000000,-10.5000000000,0.5000000,5,5,0.50128862000000000,0.501288620000,-0.0051544971185412255,-0.0051544971185412255,-0.0051544971185412255,0E-17,ELIGIBLE,R03b_20260811_FULL_v1,L1_ELIGIBILITY,v2026-08-11,2026-03-21..2026-08-06,baccarat_bet02_101_all_pairs_incl_sentinel,round_win = game_pnl > 0 (decisive only),COMPATIBILITY_ONLY_NOT_PRODUCTION,29354.0000,26790.0000,478.2000,962,857,-0.01629080,-0.01629080,,-0.01629080,-478.2000,29354.0000,OK,0.0000,14.3460,3.0000,97.0000,AG03-UNRESOLVED,ALL5_LEVELS_bet23_to_bet27,14.3460,14.3460,14.3460,19.1280,19.1280,3.000000,3.000000,3.000000,4.000000,4.000000,97.000000,97.000000,97.000000,96.000000,96.000000,5.0,81.2940,75.9767,396.9060,402.2233,PENDING_AG03,FALSE,NOT_FOR_ENFORCEMENT,463.8540,25986.3000,478.2000,463.8540,14.3460,0.01629080,0.01580207,14.3460,463.8540,0.01580207,14.3460,14.3460,14.3460,19.1280,19.1280,463.8540,0.01580207,81.2940,75.9767,396.9060,402.2233,0.01352136,0.0137025,0.00048872,30.5135,31.2602,0.5580,31.8800,4.1224,1956.9333,57.1333,30.5135,,20.0,20.0,40.0,50.0,80.0,137.6001,20.0,-10.0,4.0,6.880005,1.525676,15,69,4,5,1.00000000,0.01629080,0.01629080,0E-8,0.000000,0.912652,0.000000,,2026-07-14,2026-08-06,15,116,62,24,0.625000,,1.000000,3.333333,,,,,,,,GLOBAL_BASELINE_NO_ENTITY_RANKING,,,NOT_APPLICABLE_GLOBAL_BASELINE,HF9g-P5,,,,X 全窗基线 · 不参与实体赏罚,8396119,840,A168_HF9F_20260827_0900,2026-08-27 09:00:00
2026-07-27,152973949,1205,0,20.0000000000,-20.0000000000,-20.0000000000,0E-7,1,1,0.50665070000000000,0.506650700000,-1.013391052207602,-1.013391052207602,-1.013391052207602,0E-17,ELIGIBLE,R03b_20260811_FULL_v1,L1_ELIGIBILITY,v2026-08-11,2026-03-21..2026-08-06,baccarat_bet02_101_all_pairs_incl_sentinel,round_win = game_pnl > 0 (decisive only),COMPATIBILITY_ONLY_NOT_PRODUCTION,29354.0000,26790.0000,478.2000,962,857,-0.01629080,-0.01629080,,-0.01629080,-478.2000,29354.0000,OK,0.0000,14.3460,3.0000,97.0000,AG03-UNRESOLVED,ALL5_LEVELS_bet23_to_bet27,14.3460,14.3460,14.3460,19.1280,19.1280,3.000000,3.000000,3.000000,4.000000,4.000000,97.000000,97.000000,97.000000,96.000000,96.000000,5.0,81.2940,75.9767,396.9060,402.2233,PENDING_AG03,FALSE,NOT_FOR_ENFORCEMENT,463.8540,25986.3000,478.2000,463.8540,14.3460,0.01629080,0.01580207,14.3460,463.8540,0.01580207,14.3460,14.3460,14.3460,19.1280,19.1280,463.8540,0.01580207,81.2940,75.9767,396.9060,402.2233,0.01352136,0.0137025,0.00048872,30.5135,31.2602,0.5580,31.8800,4.1224,1956.9333,57.1333,30.5135,,20.0,20.0,40.0,50.0,80.0,137.6001,20.0,-10.0,4.0,6.880005,1.525676,15,69,4,5,1.00000000,0.01629080,0.01629080,0E-8,0.000000,0.912652,0.000000,,2026-07-14,2026-08-06,15,116,62,24,0.625000,,1.000000,3.333333,,,,,,,,GLOBAL_BASELINE_NO_ENTITY_RANKING,,,NOT_APPLICABLE_GLOBAL_BASELINE,HF9g-P5,,,,X 全窗基线 · 不参与实体赏罚,8396120,840,A168_HF9F_20260827_0900,2026-08-27 09:00:00
2026-07-27,152973949,1710,0,30.0000000000,-20.0000000000,-20.0000000000,0E-7,2,2,0.49324550000000000,0.493245500000,-0.9865810262130424,-0.9865810262130424,-0.9865810262130424,0E-17,ELIGIBLE,R03b_20260811_FULL_v1,L1_ELIGIBILITY,v2026-08-11,2026-03-21..2026-08-06,baccarat_bet02_101_all_pairs_incl_sentinel,round_win = game_pnl > 0 (decisive only),COMPATIBILITY_ONLY_NOT_PRODUCTION,29354.0000,26790.0000,478.2000,962,857,-0.01629080,-0.01629080,,-0.01629080,-478.2000,29354.0000,OK,0.0000,14.3460,3.0000,97.0000,AG03-UNRESOLVED,ALL5_LEVELS_bet23_to_bet27,14.3460,14.3460,14.3460,19.1280,19.1280,3.000000,3.000000,3.000000,4.000000,4.000000,97.000000,97.000000,97.000000,96.000000,96.000000,5.0,81.2940,75.9767,396.9060,402.2233,PENDING_AG03,FALSE,NOT_FOR_ENFORCEMENT,463.8540,25986.3000,478.2000,463.8540,14.3460,0.01629080,0.01580207,14.3460,463.8540,0.01580207,14.3460,14.3460,14.3460,19.1280,19.1280,463.8540,0.01580207,81.2940,75.9767,396.9060,402.2233,0.01352136,0.0137025,0.00048872,30.5135,31.2602,0.5580,31.8800,4.1224,1956.9333,57.1333,30.5135,,20.0,20.0,40.0,50.0,80.0,137.6001,20.0,-10.0,4.0,6.880005,1.525676,15,69,4,5,1.00000000,0.01629080,0.01629080,0E-8,0.000000,0.912652,0.000000,,2026-07-14,2026-08-06,15,116,62,24,0.625000,,1.000000,3.333333,,,,,,,,GLOBAL_BASELINE_NO_ENTITY_RANKING,,,NOT_APPLICABLE_GLOBAL_BASELINE,HF9g-P5,,,,X 全窗基线 · 不参与实体赏罚,8396121,840,A168_HF9F_20260827_0900,2026-08-27 09:00:00
2026-07-27,152973949,1990,0,10.0000000000,-10.0000000000,-10.0000000000,0E-7,1,1,0.49324550000000000,0.493245500000,-0.9865810262130424,-0.9865810262130424,-0.9865810262130424,0E-17,ELIGIBLE,R03b_20260811_FULL_v1,L1_ELIGIBILITY,v2026-08-11,2026-03-21..2026-08-06,baccarat_bet02_101_all_pairs_incl_sentinel,round_win = game_pnl > 0 (decisive only),COMPATIBILITY_ONLY_NOT_PRODUCTION,29354.0000,26790.0000,478.2000,962,857,-0.01629080,-0.01629080,,-0.01629080,-478.2000,29354.0000,OK,0.0000,14.3460,3.0000,97.0000,AG03-UNRESOLVED,ALL5_LEVELS_bet23_to_bet27,14.3460,14.3460,14.3460,19.1280,19.1280,3.000000,3.000000,3.000000,4.000000,4.000000,97.000000,97.000000,97.000000,96.000000,96.000000,5.0,81.2940,75.9767,396.9060,402.2233,PENDING_AG03,FALSE,NOT_FOR_ENFORCEMENT,463.8540,25986.3000,478.2000,463.8540,14.3460,0.01629080,0.01580207,14.3460,463.8540,0.01580207,14.3460,14.3460,14.3460,19.1280,19.1280,463.8540,0.01580207,81.2940,75.9767,396.9060,402.2233,0.01352136,0.0137025,0.00048872,30.5135,31.2602,0.5580,31.8800,4.1224,1956.9333,57.1333,30.5135,,20.0,20.0,40.0,50.0,80.0,137.6001,20.0,-10.0,4.0,6.880005,1.525676,15,69,4,5,1.00000000,0.01629080,0.01629080,0E-8,0.000000,0.912652,0.000000,,2026-07-14,2026-08-06,15,116,62,24,0.625000,,1.000000,3.333333,,,,,,,,GLOBAL_BASELINE_NO_ENTITY_RANKING,,,NOT_APPLICABLE_GLOBAL_BASELINE,HF9g-P5,,,,X 全窗基线 · 不参与实体赏罚,8396122,840,A168_HF9F_20260827_0900,2026-08-27 09:00:00
2026-07-28,152973949,1323,0,158.0000000000,-40.0000000000,-40.0000000000,0.5000000,6,6,0.50218230000000000,0.502182300000,-0.01069114476356389,-0.01069114476356389,-0.01069114476356389,0E-17,ELIGIBLE,R03b_20260811_FULL_v1,L1_ELIGIBILITY,v2026-08-11,2026-03-21..2026-08-06,baccarat_bet02_101_all_pairs_incl_sentinel,round_win = game_pnl > 0 (decisive only),COMPATIBILITY_ONLY_NOT_PRODUCTION,29354.0000,26790.0000,478.2000,962,857,-0.01629080,-0.01629080,,-0.01629080,-478.2000,29354.0000,OK,0.0000,14.3460,3.0000,97.0000,AG03-UNRESOLVED,ALL5_LEVELS_bet23_to_bet27,14.3460,14.3460,14.3460,19.1280,19.1280,3.000000,3.000000,3.000000,4.000000,4.000000,97.000000,97.000000,97.000000,96.000000,96.000000,5.0,81.2940,75.9767,396.9060,402.2233,PENDING_AG03,FALSE,NOT_FOR_ENFORCEMENT,463.8540,25986.3000,478.2000,463.8540,14.3460,0.01629080,0.01580207,14.3460,463.8540,0.01580207,14.3460,14.3460,14.3460,19.1280,19.1280,463.8540,0.01580207,81.2940,75.9767,396.9060,402.2233,0.01352136,0.0137025,0.00048872,30.5135,31.2602,0.5580,31.8800,4.1224,1956.9333,57.1333,30.5135,,20.0,20.0,40.0,50.0,80.0,137.6001,20.0,-10.0,4.0,6.880005,1.525676,15,69,4,5,1.00000000,0.01629080,0.01629080,0E-8,0.000000,0.912652,0.000000,,2026-07-14,2026-08-06,15,116,62,24,0.625000,,1.000000,3.333333,,,,,,,,GLOBAL_BASELINE_NO_ENTITY_RANKING,,,NOT_APPLICABLE_GLOBAL_BASELINE,HF9g-P5,,,,X 全窗基线 · 不参与实体赏罚,8396123,840,A168_HF9F_20260827_0900,2026-08-27 09:00:00
2026-07-28,152973949,2108,0,90.0000000000,-90.0000000000,-90.0000000000,0E-7,5,4,0.46561077500000000,0.448442112500,-1.8668639110336802,-1.8033816271278469,-1.8668639110336802,0.01716866250000000,ELIGIBLE,R03b_20260811_FULL_v1,L1_ELIGIBILITY,v2026-08-11,2026-03-21..2026-08-06,baccarat_bet02_101_all_pairs_incl_sentinel,round_win = game_pnl > 0 (decisive only),COMPATIBILITY_ONLY_NOT_PRODUCTION,29354.0000,26790.0000,478.2000,962,857,-0.01629080,-0.01629080,,-0.01629080,-478.2000,29354.0000,OK,0.0000,14.3460,3.0000,97.0000,AG03-UNRESOLVED,ALL5_LEVELS_bet23_to_bet27,14.3460,14.3460,14.3460,19.1280,19.1280,3.000000,3.000000,3.000000,4.000000,4.000000,97.000000,97.000000,97.000000,96.000000,96.000000,5.0,81.2940,75.9767,396.9060,402.2233,PENDING_AG03,FALSE,NOT_FOR_ENFORCEMENT,463.8540,25986.3000,478.2000,463.8540,14.3460,0.01629080,0.01580207,14.3460,463.8540,0.01580207,14.3460,14.3460,14.3460,19.1280,19.1280,463.8540,0.01580207,81.2940,75.9767,396.9060,402.2233,0.01352136,0.0137025,0.00048872,30.5135,31.2602,0.5580,31.8800,4.1224,1956.9333,57.1333,30.5135,,20.0,20.0,40.0,50.0,80.0,137.6001,20.0,-10.0,4.0,6.880005,1.525676,15,69,4,5,1.00000000,0.01629080,0.01629080,0E-8,0.000000,0.912652,0.000000,,2026-07-14,2026-08-06,15,116,62,24,0.625000,,1.000000,3.333333,,,,,,,,GLOBAL_BASELINE_NO_ENTITY_RANKING,,,NOT_APPLICABLE_GLOBAL_BASELINE,HF9g-P5,,,,X 全窗基线 · 不参与实体赏罚,8396124,840,A168_HF9F_20260827_0900,2026-08-27 09:00:00
2026-07-28,152973949,529,0,30.0000000000,28.5000000000,28.5000000000,1.0000000,1,1,0.50665070000000000,0.506650700000,0.9867858985152569,0.9867858985152569,0.9867858985152569,0E-17,ELIGIBLE,R03b_20260811_FULL_v1,L1_ELIGIBILITY,v2026-08-11,2026-03-21..2026-08-06,baccarat_bet02_101_all_pairs_incl_sentinel,round_win = game_pnl > 0 (decisive only),COMPATIBILITY_ONLY_NOT_PRODUCTION,29354.0000,26790.0000,478.2000,962,857,-0.01629080,-0.01629080,,-0.01629080,-478.2000,29354.0000,OK,0.0000,14.3460,3.0000,97.0000,AG03-UNRESOLVED,ALL5_LEVELS_bet23_to_bet27,14.3460,14.3460,14.3460,19.1280,19.1280,3.000000,3.000000,3.000000,4.000000,4.000000,97.000000,97.000000,97.000000,96.000000,96.000000,5.0,81.2940,75.9767,396.9060,402.2233,PENDING_AG03,FALSE,NOT_FOR_ENFORCEMENT,463.8540,25986.3000,478.2000,463.8540,14.3460,0.01629080,0.01580207,14.3460,463.8540,0.01580207,14.3460,14.3460,14.3460,19.1280,19.1280,463.8540,0.01580207,81.2940,75.9767,396.9060,402.2233,0.01352136,0.0137025,0.00048872,30.5135,31.2602,0.5580,31.8800,4.1224,1956.9333,57.1333,30.5135,,20.0,20.0,40.0,50.0,80.0,137.6001,20.0,-10.0,4.0,6.880005,1.525676,15,69,4,5,1.00000000,0.01629080,0.01629080,0E-8,0.000000,0.912652,0.000000,,2026-07-14,2026-08-06,15,116,62,24,0.625000,,1.000000,3.333333,,,,,,,,GLOBAL_BASELINE_NO_ENTITY_RANKING,,,NOT_APPLICABLE_GLOBAL_BASELINE,HF9g-P5,,,,X 全窗基线 · 不参与实体赏罚,8396125,840,A168_HF9F_20260827_0900,2026-08-27 09:00:00
2026-07-31,152973949,987,0,1169.0000000000,-69.2000000000,-69.2000000000,0.6250000,21,20,0.49129327500000000,0.487971252500,1.06981601151134,1.096547346478598,1.06981601151134,0.00332202250000000,ELIGIBLE,R03b_20260811_FULL_v1,L1_ELIGIBILITY,v2026-08-11,2026-03-21..2026-08-06,baccarat_bet02_101_all_pairs_incl_sentinel,round_win = game_pnl > 0 (decisive only),COMPATIBILITY_ONLY_NOT_PRODUCTION,29354.0000,26790.0000,478.2000,962,857,-0.01629080,-0.01629080,,-0.01629080,-478.2000,29354.0000,OK,0.0000,14.3460,3.0000,97.0000,AG03-UNRESOLVED,ALL5_LEVELS_bet23_to_bet27,14.3460,14.3460,14.3460,19.1280,19.1280,3.000000,3.000000,3.000000,4.000000,4.000000,97.000000,97.000000,97.000000,96.000000,96.000000,5.0,81.2940,75.9767,396.9060,402.2233,PENDING_AG03,FALSE,NOT_FOR_ENFORCEMENT,463.8540,25986.3000,478.2000,463.8540,14.3460,0.01629080,0.01580207,14.3460,463.8540,0.01580207,14.3460,14.3460,14.3460,19.1280,19.1280,463.8540,0.01580207,81.2940,75.9767,396.9060,402.2233,0.01352136,0.0137025,0.00048872,30.5135,31.2602,0.5580,31.8800,4.1224,1956.9333,57.1333,30.5135,,20.0,20.0,40.0,50.0,80.0,137.6001,20.0,-10.0,4.0,6.880005,1.525676,15,69,4,5,1.00000000,0.01629080,0.01629080,0E-8,0.000000,0.912652,0.000000,,2026-07-14,2026-08-06,15,116,62,24,0.625000,,1.000000,3.333333,,,,,,,,GLOBAL_BASELINE_NO_ENTITY_RANKING,,,NOT_APPLICABLE_GLOBAL_BASELINE,HF9g-P5,,,,X 全窗基线 · 不参与实体赏罚,8396126,840,A168_HF9F_20260827_0900,2026-08-27 09:00:00
2026-08-01,152973949,1017,0,238.0000000000,-82.0000000000,-82.0000000000,0.3333333,8,6,0.47580206250000000,0.435741850000,-0.6987701772707907,-0.5058923871856744,-0.6987701772707907,0.04006021250000000,ELIGIBLE,R03b_20260811_FULL_v1,L1_ELIGIBILITY,v2026-08-11,2026-03-21..2026-08-06,baccarat_bet02_101_all_pairs_incl_sentinel,round_win = game_pnl > 0 (decisive only),COMPATIBILITY_ONLY_NOT_PRODUCTION,29354.0000,26790.0000,478.2000,962,857,-0.01629080,-0.01629080,,-0.01629080,-478.2000,29354.0000,OK,0.0000,14.3460,3.0000,97.0000,AG03-UNRESOLVED,ALL5_LEVELS_bet23_to_bet27,14.3460,14.3460,14.3460,19.1280,19.1280,3.000000,3.000000,3.000000,4.000000,4.000000,97.000000,97.000000,97.000000,96.000000,96.000000,5.0,81.2940,75.9767,396.9060,402.2233,PENDING_AG03,FALSE,NOT_FOR_ENFORCEMENT,463.8540,25986.3000,478.2000,463.8540,14.3460,0.01629080,0.01580207,14.3460,463.8540,0.01580207,14.3460,14.3460,14.3460,19.1280,19.1280,463.8540,0.01580207,81.2940,75.9767,396.9060,402.2233,0.01352136,0.0137025,0.00048872,30.5135,31.2602,0.5580,31.8800,4.1224,1956.9333,57.1333,30.5135,,20.0,20.0,40.0,50.0,80.0,137.6001,20.0,-10.0,4.0,6.880005,1.525676,15,69,4,5,1.00000000,0.01629080,0.01629080,0E-8,0.000000,0.912652,0.000000,,2026-07-14,2026-08-06,15,116,62,24,0.625000,,1.000000,3.333333,,,,,,,,GLOBAL_BASELINE_NO_ENTITY_RANKING,,,NOT_APPLICABLE_GLOBAL_BASELINE,HF9g-P5,,,,X 全窗基线 · 不参与实体赏罚,8396127,840,A168_HF9F_20260827_0900,2026-08-27 09:00:00
2026-08-01,152973949,1094,0,141.0000000000,35.8000000000,35.8000000000,0.7500000,5,5,0.49592654000000000,0.495926540000,1.0163275685615971,1.0163275685615971,1.0163275685615971,0E-17,ELIGIBLE,R03b_20260811_FULL_v1,L1_ELIGIBILITY,v2026-08-11,2026-03-21..2026-08-06,baccarat_bet02_101_all_pairs_incl_sentinel,round_win = game_pnl > 0 (decisive only),COMPATIBILITY_ONLY_NOT_PRODUCTION,29354.0000,26790.0000,478.2000,962,857,-0.01629080,-0.01629080,,-0.01629080,-478.2000,29354.0000,OK,0.0000,14.3460,3.0000,97.0000,AG03-UNRESOLVED,ALL5_LEVELS_bet23_to_bet27,14.3460,14.3460,14.3460,19.1280,19.1280,3.000000,3.000000,3.000000,4.000000,4.000000,97.000000,97.000000,97.000000,96.000000,96.000000,5.0,81.2940,75.9767,396.9060,402.2233,PENDING_AG03,FALSE,NOT_FOR_ENFORCEMENT,463.8540,25986.3000,478.2000,463.8540,14.3460,0.01629080,0.01580207,14.3460,463.8540,0.01580207,14.3460,14.3460,14.3460,19.1280,19.1280,463.8540,0.01580207,81.2940,75.9767,396.9060,402.2233,0.01352136,0.0137025,0.00048872,30.5135,31.2602,0.5580,31.8800,4.1224,1956.9333,57.1333,30.5135,,20.0,20.0,40.0,50.0,80.0,137.6001,20.0,-10.0,4.0,6.880005,1.525676,15,69,4,5,1.00000000,0.01629080,0.01629080,0E-8,0.000000,0.912652,0.000000,,2026-07-14,2026-08-06,15,116,62,24,0.625000,,1.000000,3.333333,,,,,,,,GLOBAL_BASELINE_NO_ENTITY_RANKING,,,NOT_APPLICABLE_GLOBAL_BASELINE,HF9g-P5,,,,X 全窗基线 · 不参与实体赏罚,8396128,840,A168_HF9F_20260827_0900,2026-08-27 09:00:00
2026-08-01,152973949,1205,0,563.0000000000,83.0000000000,83.0000000000,0.6000000,14,12,0.43899555833333333,0.427922150000,1.0259463346550417,1.0998033071942015,1.0259463346550417,0.01107340833333333,ELIGIBLE,R03b_20260811_FULL_v1,L1_ELIGIBILITY,v2026-08-11,2026-03-21..2026-08-06,baccarat_bet02_101_all_pairs_incl_sentinel,round_win = game_pnl > 0 (decisive only),COMPATIBILITY_ONLY_NOT_PRODUCTION,29354.0000,26790.0000,478.2000,962,857,-0.01629080,-0.01629080,,-0.01629080,-478.2000,29354.0000,OK,0.0000,14.3460,3.0000,97.0000,AG03-UNRESOLVED,ALL5_LEVELS_bet23_to_bet27,14.3460,14.3460,14.3460,19.1280,19.1280,3.000000,3.000000,3.000000,4.000000,4.000000,97.000000,97.000000,97.000000,96.000000,96.000000,5.0,81.2940,75.9767,396.9060,402.2233,PENDING_AG03,FALSE,NOT_FOR_ENFORCEMENT,463.8540,25986.3000,478.2000,463.8540,14.3460,0.01629080,0.01580207,14.3460,463.8540,0.01580207,14.3460,14.3460,14.3460,19.1280,19.1280,463.8540,0.01580207,81.2940,75.9767,396.9060,402.2233,0.01352136,0.0137025,0.00048872,30.5135,31.2602,0.5580,31.8800,4.1224,1956.9333,57.1333,30.5135,,20.0,20.0,40.0,50.0,80.0,137.6001,20.0,-10.0,4.0,6.880005,1.525676,15,69,4,5,1.00000000,0.01629080,0.01629080,0E-8,0.000000,0.912652,0.000000,,2026-07-14,2026-08-06,15,116,62,24,0.625000,,1.000000,3.333333,,,,,,,,GLOBAL_BASELINE_NO_ENTITY_RANKING,,,NOT_APPLICABLE_GLOBAL_BASELINE,HF9g-P5,,,,X 全窗基线 · 不参与实体赏罚,8396129,840,A168_HF9F_20260827_0900,2026-08-27 09:00:00
2026-08-01,152973949,1304,0,208.0000000000,-69.0000000000,-69.0000000000,0.3750000,8,8,0.49827245000000000,0.498272450000,-0.6973384449544185,-0.6973384449544185,-0.6973384449544185,0E-17,ELIGIBLE,R03b_20260811_FULL_v1,L1_ELIGIBILITY,v2026-08-11,2026-03-21..2026-08-06,baccarat_bet02_101_all_pairs_incl_sentinel,round_win = game_pnl > 0 (decisive only),COMPATIBILITY_ONLY_NOT_PRODUCTION,29354.0000,26790.0000,478.2000,962,857,-0.01629080,-0.01629080,,-0.01629080,-478.2000,29354.0000,OK,0.0000,14.3460,3.0000,97.0000,AG03-UNRESOLVED,ALL5_LEVELS_bet23_to_bet27,14.3460,14.3460,14.3460,19.1280,19.1280,3.000000,3.000000,3.000000,4.000000,4.000000,97.000000,97.000000,97.000000,96.000000,96.000000,5.0,81.2940,75.9767,396.9060,402.2233,PENDING_AG03,FALSE,NOT_FOR_ENFORCEMENT,463.8540,25986.3000,478.2000,463.8540,14.3460,0.01629080,0.01580207,14.3460,463.8540,0.01580207,14.3460,14.3460,14.3460,19.1280,19.1280,463.8540,0.01580207,81.2940,75.9767,396.9060,402.2233,0.01352136,0.0137025,0.00048872,30.5135,31.2602,0.5580,31.8800,4.1224,1956.9333,57.1333,30.5135,,20.0,20.0,40.0,50.0,80.0,137.6001,20.0,-10.0,4.0,6.880005,1.525676,15,69,4,5,1.00000000,0.01629080,0.01629080,0E-8,0.000000,0.912652,0.000000,,2026-07-14,2026-08-06,15,116,62,24,0.625000,,1.000000,3.333333,,,,,,,,GLOBAL_BASELINE_NO_ENTITY_RANKING,,,NOT_APPLICABLE_GLOBAL_BASELINE,HF9g-P5,,,,X 全窗基线 · 不参与实体赏罚,8396130,840,A168_HF9F_20260827_0900,2026-08-27 09:00:00
2026-08-01,152973949,1353,0,968.0000000000,-51.0000000000,-51.0000000000,0.4545455,22,22,0.49629213636363636,0.496292136364,-0.3916293572274914,-0.3916293572309007,-0.3916293572274914,-3.6364E-13,ELIGIBLE,R03b_20260811_FULL_v1,L1_ELIGIBILITY,v2026-08-11,2026-03-21..2026-08-06,baccarat_bet02_101_all_pairs_incl_sentinel,round_win = game_pnl > 0 (decisive only),COMPATIBILITY_ONLY_NOT_PRODUCTION,29354.0000,26790.0000,478.2000,962,857,-0.01629080,-0.01629080,,-0.01629080,-478.2000,29354.0000,OK,0.0000,14.3460,3.0000,97.0000,AG03-UNRESOLVED,ALL5_LEVELS_bet23_to_bet27,14.3460,14.3460,14.3460,19.1280,19.1280,3.000000,3.000000,3.000000,4.000000,4.000000,97.000000,97.000000,97.000000,96.000000,96.000000,5.0,81.2940,75.9767,396.9060,402.2233,PENDING_AG03,FALSE,NOT_FOR_ENFORCEMENT,463.8540,25986.3000,478.2000,463.8540,14.3460,0.01629080,0.01580207,14.3460,463.8540,0.01580207,14.3460,14.3460,14.3460,19.1280,19.1280,463.8540,0.01580207,81.2940,75.9767,396.9060,402.2233,0.01352136,0.0137025,0.00048872,30.5135,31.2602,0.5580,31.8800,4.1224,1956.9333,57.1333,30.5135,,20.0,20.0,40.0,50.0,80.0,137.6001,20.0,-10.0,4.0,6.880005,1.525676,15,69,4,5,1.00000000,0.01629080,0.01629080,0E-8,0.000000,0.912652,0.000000,,2026-07-14,2026-08-06,15,116,62,24,0.625000,,1.000000,3.333333,,,,,,,,GLOBAL_BASELINE_NO_ENTITY_RANKING,,,NOT_APPLICABLE_GLOBAL_BASELINE,HF9g-P5,,,,X 全窗基线 · 不参与实体赏罚,8396131,840,A168_HF9F_20260827_0900,2026-08-27 09:00:00
2026-08-01,152973949,1382,0,20.0000000000,19.0000000000,19.0000000000,1.0000000,1,1,0.50665070000000000,0.506650700000,0.9867858985152569,0.9867858985152569,0.9867858985152569,0E-17,ELIGIBLE,R03b_20260811_FULL_v1,L1_ELIGIBILITY,v2026-08-11,2026-03-21..2026-08-06,baccarat_bet02_101_all_pairs_incl_sentinel,round_win = game_pnl > 0 (decisive only),COMPATIBILITY_ONLY_NOT_PRODUCTION,29354.0000,26790.0000,478.2000,962,857,-0.01629080,-0.01629080,,-0.01629080,-478.2000,29354.0000,OK,0.0000,14.3460,3.0000,97.0000,AG03-UNRESOLVED,ALL5_LEVELS_bet23_to_bet27,14.3460,14.3460,14.3460,19.1280,19.1280,3.000000,3.000000,3.000000,4.000000,4.000000,97.000000,97.000000,97.000000,96.000000,96.000000,5.0,81.2940,75.9767,396.9060,402.2233,PENDING_AG03,FALSE,NOT_FOR_ENFORCEMENT,463.8540,25986.3000,478.2000,463.8540,14.3460,0.01629080,0.01580207,14.3460,463.8540,0.01580207,14.3460,14.3460,14.3460,19.1280,19.1280,463.8540,0.01580207,81.2940,75.9767,396.9060,402.2233,0.01352136,0.0137025,0.00048872,30.5135,31.2602,0.5580,31.8800,4.1224,1956.9333,57.1333,30.5135,,20.0,20.0,40.0,50.0,80.0,137.6001,20.0,-10.0,4.0,6.880005,1.525676,15,69,4,5,1.00000000,0.01629080,0.01629080,0E-8,0.000000,0.912652,0.000000,,2026-07-14,2026-08-06,15,116,62,24,0.625000,,1.000000,3.333333,,,,,,,,GLOBAL_BASELINE_NO_ENTITY_RANKING,,,NOT_APPLICABLE_GLOBAL_BASELINE,HF9g-P5,,,,X 全窗基线 · 不参与实体赏罚,8396132,840,A168_HF9F_20260827_0900,2026-08-27 09:00:00
2026-08-01,152973949,1383,0,83.0000000000,-63.0000000000,-63.0000000000,0E-7,4,4,0.49659680000000000,0.496596800000,-1.7203016256901094,-1.7203016256901091,-1.7203016256901094,0E-17,ELIGIBLE,R03b_20260811_FULL_v1,L1_ELIGIBILITY,v2026-08-11,2026-03-21..2026-08-06,baccarat_bet02_101_all_pairs_incl_sentinel,round_win = game_pnl > 0 (decisive only),COMPATIBILITY_ONLY_NOT_PRODUCTION,29354.0000,26790.0000,478.2000,962,857,-0.01629080,-0.01629080,,-0.01629080,-478.2000,29354.0000,OK,0.0000,14.3460,3.0000,97.0000,AG03-UNRESOLVED,ALL5_LEVELS_bet23_to_bet27,14.3460,14.3460,14.3460,19.1280,19.1280,3.000000,3.000000,3.000000,4.000000,4.000000,97.000000,97.000000,97.000000,96.000000,96.000000,5.0,81.2940,75.9767,396.9060,402.2233,PENDING_AG03,FALSE,NOT_FOR_ENFORCEMENT,463.8540,25986.3000,478.2000,463.8540,14.3460,0.01629080,0.01580207,14.3460,463.8540,0.01580207,14.3460,14.3460,14.3460,19.1280,19.1280,463.8540,0.01580207,81.2940,75.9767,396.9060,402.2233,0.01352136,0.0137025,0.00048872,30.5135,31.2602,0.5580,31.8800,4.1224,1956.9333,57.1333,30.5135,,20.0,20.0,40.0,50.0,80.0,137.6001,20.0,-10.0,4.0,6.880005,1.525676,15,69,4,5,1.00000000,0.01629080,0.01629080,0E-8,0.000000,0.912652,0.000000,,2026-07-14,2026-08-06,15,116,62,24,0.625000,,1.000000,3.333333,,,,,,,,GLOBAL_BASELINE_NO_ENTITY_RANKING,,,NOT_APPLICABLE_GLOBAL_BASELINE,HF9g-P5,,,,X 全窗基线 · 不参与实体赏罚,8396133,840,A168_HF9F_20260827_0900,2026-08-27 09:00:00
2026-08-01,152973949,1385,0,2160.0000000000,262.0500000000,262.0500000000,0.6129032,41,38,0.49001219631578947,0.482511820175,1.3687296948737193,1.4528661937753382,1.3687296948737193,0.00750037614078947,ELIGIBLE,R03b_20260811_FULL_v1,L1_ELIGIBILITY,v2026-08-11,2026-03-21..2026-08-06,baccarat_bet02_101_all_pairs_incl_sentinel,round_win = game_pnl > 0 (decisive only),COMPATIBILITY_ONLY_NOT_PRODUCTION,29354.0000,26790.0000,478.2000,962,857,-0.01629080,-0.01629080,,-0.01629080,-478.2000,29354.0000,OK,0.0000,14.3460,3.0000,97.0000,AG03-UNRESOLVED,ALL5_LEVELS_bet23_to_bet27,14.3460,14.3460,14.3460,19.1280,19.1280,3.000000,3.000000,3.000000,4.000000,4.000000,97.000000,97.000000,97.000000,96.000000,96.000000,5.0,81.2940,75.9767,396.9060,402.2233,PENDING_AG03,FALSE,NOT_FOR_ENFORCEMENT,463.8540,25986.3000,478.2000,463.8540,14.3460,0.01629080,0.01580207,14.3460,463.8540,0.01580207,14.3460,14.3460,14.3460,19.1280,19.1280,463.8540,0.01580207,81.2940,75.9767,396.9060,402.2233,0.01352136,0.0137025,0.00048872,30.5135,31.2602,0.5580,31.8800,4.1224,1956.9333,57.1333,30.5135,,20.0,20.0,40.0,50.0,80.0,137.6001,20.0,-10.0,4.0,6.880005,1.525676,15,69,4,5,1.00000000,0.01629080,0.01629080,0E-8,0.000000,0.912652,0.000000,,2026-07-14,2026-08-06,15,116,62,24,0.625000,,1.000000,3.333333,,,,,,,,GLOBAL_BASELINE_NO_ENTITY_RANKING,,,NOT_APPLICABLE_GLOBAL_BASELINE,HF9g-P5,,,,X 全窗基线 · 不参与实体赏罚,8396134,840,A168_HF9F_20260827_0900,2026-08-27 09:00:00
2026-08-01,152973949,1485,0,1451.0000000000,-461.0000000000,-461.0000000000,0.3846154,34,29,0.46491462155172414,0.446414527586,-0.8209183204595238,-0.6338808394628366,-0.8209183204595238,0.01850009396572414,ELIGIBLE,R03b_20260811_FULL_v1,L1_ELIGIBILITY,v2026-08-11,2026-03-21..2026-08-06,baccarat_bet02_101_all_pairs_incl_sentinel,round_win = game_pnl > 0 (decisive only),COMPATIBILITY_ONLY_NOT_PRODUCTION,29354.0000,26790.0000,478.2000,962,857,-0.01629080,-0.01629080,,-0.01629080,-478.2000,29354.0000,OK,0.0000,14.3460,3.0000,97.0000,AG03-UNRESOLVED,ALL5_LEVELS_bet23_to_bet27,14.3460,14.3460,14.3460,19.1280,19.1280,3.000000,3.000000,3.000000,4.000000,4.000000,97.000000,97.000000,97.000000,96.000000,96.000000,5.0,81.2940,75.9767,396.9060,402.2233,PENDING_AG03,FALSE,NOT_FOR_ENFORCEMENT,463.8540,25986.3000,478.2000,463.8540,14.3460,0.01629080,0.01580207,14.3460,463.8540,0.01580207,14.3460,14.3460,14.3460,19.1280,19.1280,463.8540,0.01580207,81.2940,75.9767,396.9060,402.2233,0.01352136,0.0137025,0.00048872,30.5135,31.2602,0.5580,31.8800,4.1224,1956.9333,57.1333,30.5135,,20.0,20.0,40.0,50.0,80.0,137.6001,20.0,-10.0,4.0,6.880005,1.525676,15,69,4,5,1.00000000,0.01629080,0.01629080,0E-8,0.000000,0.912652,0.000000,,2026-07-14,2026-08-06,15,116,62,24,0.625000,,1.000000,3.333333,,,,,,,,GLOBAL_BASELINE_NO_ENTITY_RANKING,,,NOT_APPLICABLE_GLOBAL_BASELINE,HF9g-P5,,,,X 全窗基线 · 不参与实体赏罚,8396135,840,A168_HF9F_20260827_0900,2026-08-27 09:00:00
2026-08-01,152973949,1645,0,20.0000000000,-20.0000000000,-20.0000000000,0E-7,1,1,0.49324550000000000,0.493245500000,-0.9865810262130424,-0.9865810262130424,-0.9865810262130424,0E-17,ELIGIBLE,R03b_20260811_FULL_v1,L1_ELIGIBILITY,v2026-08-11,2026-03-21..2026-08-06,baccarat_bet02_101_all_pairs_incl_sentinel,round_win = game_pnl > 0 (decisive only),COMPATIBILITY_ONLY_NOT_PRODUCTION,29354.0000,26790.0000,478.2000,962,857,-0.01629080,-0.01629080,,-0.01629080,-478.2000,29354.0000,OK,0.0000,14.3460,3.0000,97.0000,AG03-UNRESOLVED,ALL5_LEVELS_bet23_to_bet27,14.3460,14.3460,14.3460,19.1280,19.1280,3.000000,3.000000,3.000000,4.000000,4.000000,97.000000,97.000000,97.000000,96.000000,96.000000,5.0,81.2940,75.9767,396.9060,402.2233,PENDING_AG03,FALSE,NOT_FOR_ENFORCEMENT,463.8540,25986.3000,478.2000,463.8540,14.3460,0.01629080,0.01580207,14.3460,463.8540,0.01580207,14.3460,14.3460,14.3460,19.1280,19.1280,463.8540,0.01580207,81.2940,75.9767,396.9060,402.2233,0.01352136,0.0137025,0.00048872,30.5135,31.2602,0.5580,31.8800,4.1224,1956.9333,57.1333,30.5135,,20.0,20.0,40.0,50.0,80.0,137.6001,20.0,-10.0,4.0,6.880005,1.525676,15,69,4,5,1.00000000,0.01629080,0.01629080,0E-8,0.000000,0.912652,0.000000,,2026-07-14,2026-08-06,15,116,62,24,0.625000,,1.000000,3.333333,,,,,,,,GLOBAL_BASELINE_NO_ENTITY_RANKING,,,NOT_APPLICABLE_GLOBAL_BASELINE,HF9g-P5,,,,X 全窗基线 · 不参与实体赏罚,8396136,840,A168_HF9F_20260827_0900,2026-08-27 09:00:00
2026-08-01,152973949,1704,0,935.0000000000,-78.9500000000,-78.9500000000,0.4210526,43,22,0.39664489149350649,0.345416453788,0.2174788063509745,0.6933496834819397,0.2174788063509745,0.05122843770550649,ELIGIBLE,R03b_20260811_FULL_v1,L1_ELIGIBILITY,v2026-08-11,2026-03-21..2026-08-06,baccarat_bet02_101_all_pairs_incl_sentinel,round_win = game_pnl > 0 (decisive only),COMPATIBILITY_ONLY_NOT_PRODUCTION,29354.0000,26790.0000,478.2000,962,857,-0.01629080,-0.01629080,,-0.01629080,-478.2000,29354.0000,OK,0.0000,14.3460,3.0000,97.0000,AG03-UNRESOLVED,ALL5_LEVELS_bet23_to_bet27,14.3460,14.3460,14.3460,19.1280,19.1280,3.000000,3.000000,3.000000,4.000000,4.000000,97.000000,97.000000,97.000000,96.000000,96.000000,5.0,81.2940,75.9767,396.9060,402.2233,PENDING_AG03,FALSE,NOT_FOR_ENFORCEMENT,463.8540,25986.3000,478.2000,463.8540,14.3460,0.01629080,0.01580207,14.3460,463.8540,0.01580207,14.3460,14.3460,14.3460,19.1280,19.1280,463.8540,0.01580207,81.2940,75.9767,396.9060,402.2233,0.01352136,0.0137025,0.00048872,30.5135,31.2602,0.5580,31.8800,4.1224,1956.9333,57.1333,30.5135,,20.0,20.0,40.0,50.0,80.0,137.6001,20.0,-10.0,4.0,6.880005,1.525676,15,69,4,5,1.00000000,0.01629080,0.01629080,0E-8,0.000000,0.912652,0.000000,,2026-07-14,2026-08-06,15,116,62,24,0.625000,,1.000000,3.333333,,,,,,,,GLOBAL_BASELINE_NO_ENTITY_RANKING,,,NOT_APPLICABLE_GLOBAL_BASELINE,HF9g-P5,,,,X 全窗基线 · 不参与实体赏罚,8396137,840,A168_HF9F_20260827_0900,2026-08-27 09:00:00
2026-08-01,152973949,1940,0,249.0000000000,-10.5000000000,-10.5000000000,0.4285714,7,7,0.49899058571428571,0.498990585714,-0.3726239140161595,-0.3726239140146481,-0.3726239140161595,2.8571E-13,ELIGIBLE,R03b_20260811_FULL_v1,L1_ELIGIBILITY,v2026-08-11,2026-03-21..2026-08-06,baccarat_bet02_101_all_pairs_incl_sentinel,round_win = game_pnl > 0 (decisive only),COMPATIBILITY_ONLY_NOT_PRODUCTION,29354.0000,26790.0000,478.2000,962,857,-0.01629080,-0.01629080,,-0.01629080,-478.2000,29354.0000,OK,0.0000,14.3460,3.0000,97.0000,AG03-UNRESOLVED,ALL5_LEVELS_bet23_to_bet27,14.3460,14.3460,14.3460,19.1280,19.1280,3.000000,3.000000,3.000000,4.000000,4.000000,97.000000,97.000000,97.000000,96.000000,96.000000,5.0,81.2940,75.9767,396.9060,402.2233,PENDING_AG03,FALSE,NOT_FOR_ENFORCEMENT,463.8540,25986.3000,478.2000,463.8540,14.3460,0.01629080,0.01580207,14.3460,463.8540,0.01580207,14.3460,14.3460,14.3460,19.1280,19.1280,463.8540,0.01580207,81.2940,75.9767,396.9060,402.2233,0.01352136,0.0137025,0.00048872,30.5135,31.2602,0.5580,31.8800,4.1224,1956.9333,57.1333,30.5135,,20.0,20.0,40.0,50.0,80.0,137.6001,20.0,-10.0,4.0,6.880005,1.525676,15,69,4,5,1.00000000,0.01629080,0.01629080,0E-8,0.000000,0.912652,0.000000,,2026-07-14,2026-08-06,15,116,62,24,0.625000,,1.000000,3.333333,,,,,,,,GLOBAL_BASELINE_NO_ENTITY_RANKING,,,NOT_APPLICABLE_GLOBAL_BASELINE,HF9g-P5,,,,X 全窗基线 · 不参与实体赏罚,8396138,840,A168_HF9F_20260827_0900,2026-08-27 09:00:00
2026-08-01,152973949,1942,0,732.0000000000,60.5000000000,60.5000000000,0.6363636,26,23,0.48095225869565217,0.474692254348,1.4589469944527964,1.5185584624049964,1.4589469944527964,0.00626000434765217,ELIGIBLE,R03b_20260811_FULL_v1,L1_ELIGIBILITY,v2026-08-11,2026-03-21..2026-08-06,baccarat_bet02_101_all_pairs_incl_sentinel,round_win = game_pnl > 0 (decisive only),COMPATIBILITY_ONLY_NOT_PRODUCTION,29354.0000,26790.0000,478.2000,962,857,-0.01629080,-0.01629080,,-0.01629080,-478.2000,29354.0000,OK,0.0000,14.3460,3.0000,97.0000,AG03-UNRESOLVED,ALL5_LEVELS_bet23_to_bet27,14.3460,14.3460,14.3460,19.1280,19.1280,3.000000,3.000000,3.000000,4.000000,4.000000,97.000000,97.000000,97.000000,96.000000,96.000000,5.0,81.2940,75.9767,396.9060,402.2233,PENDING_AG03,FALSE,NOT_FOR_ENFORCEMENT,463.8540,25986.3000,478.2000,463.8540,14.3460,0.01629080,0.01580207,14.3460,463.8540,0.01580207,14.3460,14.3460,14.3460,19.1280,19.1280,463.8540,0.01580207,81.2940,75.9767,396.9060,402.2233,0.01352136,0.0137025,0.00048872,30.5135,31.2602,0.5580,31.8800,4.1224,1956.9333,57.1333,30.5135,,20.0,20.0,40.0,50.0,80.0,137.6001,20.0,-10.0,4.0,6.880005,1.525676,15,69,4,5,1.00000000,0.01629080,0.01629080,0E-8,0.000000,0.912652,0.000000,,2026-07-14,2026-08-06,15,116,62,24,0.625000,,1.000000,3.333333,,,,,,,,GLOBAL_BASELINE_NO_ENTITY_RANKING,,,NOT_APPLICABLE_GLOBAL_BASELINE,HF9g-P5,,,,X 全窗基线 · 不参与实体赏罚,8396139,840,A168_HF9F_20260827_0900,2026-08-27 09:00:00
2026-08-01,152973949,1947,0,230.0000000000,-30.0000000000,-30.0000000000,0.5000000,8,8,0.49659680000000000,0.496596800000,0.019251852328098087,0.01925185232809809,0.019251852328098087,0E-17,ELIGIBLE,R03b_20260811_FULL_v1,L1_ELIGIBILITY,v2026-08-11,2026-03-21..2026-08-06,baccarat_bet02_101_all_pairs_incl_sentinel,round_win = game_pnl > 0 (decisive only),COMPATIBILITY_ONLY_NOT_PRODUCTION,29354.0000,26790.0000,478.2000,962,857,-0.01629080,-0.01629080,,-0.01629080,-478.2000,29354.0000,OK,0.0000,14.3460,3.0000,97.0000,AG03-UNRESOLVED,ALL5_LEVELS_bet23_to_bet27,14.3460,14.3460,14.3460,19.1280,19.1280,3.000000,3.000000,3.000000,4.000000,4.000000,97.000000,97.000000,97.000000,96.000000,96.000000,5.0,81.2940,75.9767,396.9060,402.2233,PENDING_AG03,FALSE,NOT_FOR_ENFORCEMENT,463.8540,25986.3000,478.2000,463.8540,14.3460,0.01629080,0.01580207,14.3460,463.8540,0.01580207,14.3460,14.3460,14.3460,19.1280,19.1280,463.8540,0.01580207,81.2940,75.9767,396.9060,402.2233,0.01352136,0.0137025,0.00048872,30.5135,31.2602,0.5580,31.8800,4.1224,1956.9333,57.1333,30.5135,,20.0,20.0,40.0,50.0,80.0,137.6001,20.0,-10.0,4.0,6.880005,1.525676,15,69,4,5,1.00000000,0.01629080,0.01629080,0E-8,0.000000,0.912652,0.000000,,2026-07-14,2026-08-06,15,116,62,24,0.625000,,1.000000,3.333333,,,,,,,,GLOBAL_BASELINE_NO_ENTITY_RANKING,,,NOT_APPLICABLE_GLOBAL_BASELINE,HF9g-P5,,,,X 全窗基线 · 不参与实体赏罚,8396140,840,A168_HF9F_20260827_0900,2026-08-27 09:00:00
2026-08-01,152973949,1951,0,30.0000000000,-30.0000000000,-30.0000000000,0E-7,2,2,0.49994810000000000,0.499948100000,-1.4140667746232096,-1.4140667746232096,-1.4140667746232096,0E-17,ELIGIBLE,R03b_20260811_FULL_v1,L1_ELIGIBILITY,v2026-08-11,2026-03-21..2026-08-06,baccarat_bet02_101_all_pairs_incl_sentinel,round_win = game_pnl > 0 (decisive only),COMPATIBILITY_ONLY_NOT_PRODUCTION,29354.0000,26790.0000,478.2000,962,857,-0.01629080,-0.01629080,,-0.01629080,-478.2000,29354.0000,OK,0.0000,14.3460,3.0000,97.0000,AG03-UNRESOLVED,ALL5_LEVELS_bet23_to_bet27,14.3460,14.3460,14.3460,19.1280,19.1280,3.000000,3.000000,3.000000,4.000000,4.000000,97.000000,97.000000,97.000000,96.000000,96.000000,5.0,81.2940,75.9767,396.9060,402.2233,PENDING_AG03,FALSE,NOT_FOR_ENFORCEMENT,463.8540,25986.3000,478.2000,463.8540,14.3460,0.01629080,0.01580207,14.3460,463.8540,0.01580207,14.3460,14.3460,14.3460,19.1280,19.1280,463.8540,0.01580207,81.2940,75.9767,396.9060,402.2233,0.01352136,0.0137025,0.00048872,30.5135,31.2602,0.5580,31.8800,4.1224,1956.9333,57.1333,30.5135,,20.0,20.0,40.0,50.0,80.0,137.6001,20.0,-10.0,4.0,6.880005,1.525676,15,69,4,5,1.00000000,0.01629080,0.01629080,0E-8,0.000000,0.912652,0.000000,,2026-07-14,2026-08-06,15,116,62,24,0.625000,,1.000000,3.333333,,,,,,,,GLOBAL_BASELINE_NO_ENTITY_RANKING,,,NOT_APPLICABLE_GLOBAL_BASELINE,HF9g-P5,,,,X 全窗基线 · 不参与实体赏罚,8396141,840,A168_HF9F_20260827_0900,2026-08-27 09:00:00
2026-08-01,152973949,1990,0,1717.0000000000,169.0000000000,169.0000000000,0.5454545,27,27,0.49523145555555556,0.495231455556,0.4711557724631675,0.4711557724589941,0.4711557724631675,-4.4444E-13,ELIGIBLE,R03b_20260811_FULL_v1,L1_ELIGIBILITY,v2026-08-11,2026-03-21..2026-08-06,baccarat_bet02_101_all_pairs_incl_sentinel,round_win = game_pnl > 0 (decisive only),COMPATIBILITY_ONLY_NOT_PRODUCTION,29354.0000,26790.0000,478.2000,962,857,-0.01629080,-0.01629080,,-0.01629080,-478.2000,29354.0000,OK,0.0000,14.3460,3.0000,97.0000,AG03-UNRESOLVED,ALL5_LEVELS_bet23_to_bet27,14.3460,14.3460,14.3460,19.1280,19.1280,3.000000,3.000000,3.000000,4.000000,4.000000,97.000000,97.000000,97.000000,96.000000,96.000000,5.0,81.2940,75.9767,396.9060,402.2233,PENDING_AG03,FALSE,NOT_FOR_ENFORCEMENT,463.8540,25986.3000,478.2000,463.8540,14.3460,0.01629080,0.01580207,14.3460,463.8540,0.01580207,14.3460,14.3460,14.3460,19.1280,19.1280,463.8540,0.01580207,81.2940,75.9767,396.9060,402.2233,0.01352136,0.0137025,0.00048872,30.5135,31.2602,0.5580,31.8800,4.1224,1956.9333,57.1333,30.5135,,20.0,20.0,40.0,50.0,80.0,137.6001,20.0,-10.0,4.0,6.880005,1.525676,15,69,4,5,1.00000000,0.01629080,0.01629080,0E-8,0.000000,0.912652,0.000000,,2026-07-14,2026-08-06,15,116,62,24,0.625000,,1.000000,3.333333,,,,,,,,GLOBAL_BASELINE_NO_ENTITY_RANKING,,,NOT_APPLICABLE_GLOBAL_BASELINE,HF9g-P5,,,,X 全窗基线 · 不参与实体赏罚,8396142,840,A168_HF9F_20260827_0900,2026-08-27 09:00:00
2026-08-01,152973949,2103,0,90.0000000000,47.5000000000,47.5000000000,0.6666667,3,3,0.50218230000000000,0.502182300000,0.5697959874915163,0.5697959874915164,0.5697959874915163,0E-17,ELIGIBLE,R03b_20260811_FULL_v1,L1_ELIGIBILITY,v2026-08-11,2026-03-21..2026-08-06,baccarat_bet02_101_all_pairs_incl_sentinel,round_win = game_pnl > 0 (decisive only),COMPATIBILITY_ONLY_NOT_PRODUCTION,29354.0000,26790.0000,478.2000,962,857,-0.01629080,-0.01629080,,-0.01629080,-478.2000,29354.0000,OK,0.0000,14.3460,3.0000,97.0000,AG03-UNRESOLVED,ALL5_LEVELS_bet23_to_bet27,14.3460,14.3460,14.3460,19.1280,19.1280,3.000000,3.000000,3.000000,4.000000,4.000000,97.000000,97.000000,97.000000,96.000000,96.000000,5.0,81.2940,75.9767,396.9060,402.2233,PENDING_AG03,FALSE,NOT_FOR_ENFORCEMENT,463.8540,25986.3000,478.2000,463.8540,14.3460,0.01629080,0.01580207,14.3460,463.8540,0.01580207,14.3460,14.3460,14.3460,19.1280,19.1280,463.8540,0.01580207,81.2940,75.9767,396.9060,402.2233,0.01352136,0.0137025,0.00048872,30.5135,31.2602,0.5580,31.8800,4.1224,1956.9333,57.1333,30.5135,,20.0,20.0,40.0,50.0,80.0,137.6001,20.0,-10.0,4.0,6.880005,1.525676,15,69,4,5,1.00000000,0.01629080,0.01629080,0E-8,0.000000,0.912652,0.000000,,2026-07-14,2026-08-06,15,116,62,24,0.625000,,1.000000,3.333333,,,,,,,,GLOBAL_BASELINE_NO_ENTITY_RANKING,,,NOT_APPLICABLE_GLOBAL_BASELINE,HF9g-P5,,,,X 全窗基线 · 不参与实体赏罚,8396143,840,A168_HF9F_20260827_0900,2026-08-27 09:00:00
2026-08-01,152973949,2130,0,200.0000000000,-5.0000000000,-5.0000000000,0.6666667,3,3,0.50665070000000000,0.506650700000,0.5543606114942035,0.5543606114942035,0.5543606114942035,0E-17,ELIGIBLE,R03b_20260811_FULL_v1,L1_ELIGIBILITY,v2026-08-11,2026-03-21..2026-08-06,baccarat_bet02_101_all_pairs_incl_sentinel,round_win = game_pnl > 0 (decisive only),COMPATIBILITY_ONLY_NOT_PRODUCTION,29354.0000,26790.0000,478.2000,962,857,-0.01629080,-0.01629080,,-0.01629080,-478.2000,29354.0000,OK,0.0000,14.3460,3.0000,97.0000,AG03-UNRESOLVED,ALL5_LEVELS_bet23_to_bet27,14.3460,14.3460,14.3460,19.1280,19.1280,3.000000,3.000000,3.000000,4.000000,4.000000,97.000000,97.000000,97.000000,96.000000,96.000000,5.0,81.2940,75.9767,396.9060,402.2233,PENDING_AG03,FALSE,NOT_FOR_ENFORCEMENT,463.8540,25986.3000,478.2000,463.8540,14.3460,0.01629080,0.01580207,14.3460,463.8540,0.01580207,14.3460,14.3460,14.3460,19.1280,19.1280,463.8540,0.01580207,81.2940,75.9767,396.9060,402.2233,0.01352136,0.0137025,0.00048872,30.5135,31.2602,0.5580,31.8800,4.1224,1956.9333,57.1333,30.5135,,20.0,20.0,40.0,50.0,80.0,137.6001,20.0,-10.0,4.0,6.880005,1.525676,15,69,4,5,1.00000000,0.01629080,0.01629080,0E-8,0.000000,0.912652,0.000000,,2026-07-14,2026-08-06,15,116,62,24,0.625000,,1.000000,3.333333,,,,,,,,GLOBAL_BASELINE_NO_ENTITY_RANKING,,,NOT_APPLICABLE_GLOBAL_BASELINE,HF9g-P5,,,,X 全窗基线 · 不参与实体赏罚,8396144,840,A168_HF9F_20260827_0900,2026-08-27 09:00:00
2026-08-01,152973949,2160,0,794.0000000000,-456.0000000000,-456.0000000000,0.3750000,17,16,0.49052594375000000,0.486233778125,-0.9243735042537115,-0.8902076934640819,-0.9243735042537115,0.00429216562500000,ELIGIBLE,R03b_20260811_FULL_v1,L1_ELIGIBILITY,v2026-08-11,2026-03-21..2026-08-06,baccarat_bet02_101_all_pairs_incl_sentinel,round_win = game_pnl > 0 (decisive only),COMPATIBILITY_ONLY_NOT_PRODUCTION,29354.0000,26790.0000,478.2000,962,857,-0.01629080,-0.01629080,,-0.01629080,-478.2000,29354.0000,OK,0.0000,14.3460,3.0000,97.0000,AG03-UNRESOLVED,ALL5_LEVELS_bet23_to_bet27,14.3460,14.3460,14.3460,19.1280,19.1280,3.000000,3.000000,3.000000,4.000000,4.000000,97.000000,97.000000,97.000000,96.000000,96.000000,5.0,81.2940,75.9767,396.9060,402.2233,PENDING_AG03,FALSE,NOT_FOR_ENFORCEMENT,463.8540,25986.3000,478.2000,463.8540,14.3460,0.01629080,0.01580207,14.3460,463.8540,0.01580207,14.3460,14.3460,14.3460,19.1280,19.1280,463.8540,0.01580207,81.2940,75.9767,396.9060,402.2233,0.01352136,0.0137025,0.00048872,30.5135,31.2602,0.5580,31.8800,4.1224,1956.9333,57.1333,30.5135,,20.0,20.0,40.0,50.0,80.0,137.6001,20.0,-10.0,4.0,6.880005,1.525676,15,69,4,5,1.00000000,0.01629080,0.01629080,0E-8,0.000000,0.912652,0.000000,,2026-07-14,2026-08-06,15,116,62,24,0.625000,,1.000000,3.333333,,,,,,,,GLOBAL_BASELINE_NO_ENTITY_RANKING,,,NOT_APPLICABLE_GLOBAL_BASELINE,HF9g-P5,,,,X 全窗基线 · 不参与实体赏罚,8396145,840,A168_HF9F_20260827_0900,2026-08-27 09:00:00
2026-08-01,152973949,2169,0,227.0000000000,-29.5000000000,-29.5000000000,0.6000000,9,5,0.42946111470149254,0.328510090000,0.7703780035717047,1.2925417901580272,0.7703780035717047,0.10095102470149254,ELIGIBLE,R03b_20260811_FULL_v1,L1_ELIGIBILITY,v2026-08-11,2026-03-21..2026-08-06,baccarat_bet02_101_all_pairs_incl_sentinel,round_win = game_pnl > 0 (decisive only),COMPATIBILITY_ONLY_NOT_PRODUCTION,29354.0000,26790.0000,478.2000,962,857,-0.01629080,-0.01629080,,-0.01629080,-478.2000,29354.0000,OK,0.0000,14.3460,3.0000,97.0000,AG03-UNRESOLVED,ALL5_LEVELS_bet23_to_bet27,14.3460,14.3460,14.3460,19.1280,19.1280,3.000000,3.000000,3.000000,4.000000,4.000000,97.000000,97.000000,97.000000,96.000000,96.000000,5.0,81.2940,75.9767,396.9060,402.2233,PENDING_AG03,FALSE,NOT_FOR_ENFORCEMENT,463.8540,25986.3000,478.2000,463.8540,14.3460,0.01629080,0.01580207,14.3460,463.8540,0.01580207,14.3460,14.3460,14.3460,19.1280,19.1280,463.8540,0.01580207,81.2940,75.9767,396.9060,402.2233,0.01352136,0.0137025,0.00048872,30.5135,31.2602,0.5580,31.8800,4.1224,1956.9333,57.1333,30.5135,,20.0,20.0,40.0,50.0,80.0,137.6001,20.0,-10.0,4.0,6.880005,1.525676,15,69,4,5,1.00000000,0.01629080,0.01629080,0E-8,0.000000,0.912652,0.000000,,2026-07-14,2026-08-06,15,116,62,24,0.625000,,1.000000,3.333333,,,,,,,,GLOBAL_BASELINE_NO_ENTITY_RANKING,,,NOT_APPLICABLE_GLOBAL_BASELINE,HF9g-P5,,,,X 全窗基线 · 不参与实体赏罚,8396146,840,A168_HF9F_20260827_0900,2026-08-27 09:00:00
2026-08-01,152973949,2267,0,40.0000000000,-40.0000000000,-40.0000000000,0E-7,2,1,0.38861172500000000,0.283977950000,-0.79725893846275,-0.629765857060584,-0.79725893846275,0.10463377500000000,ELIGIBLE,R03b_20260811_FULL_v1,L1_ELIGIBILITY,v2026-08-11,2026-03-21..2026-08-06,baccarat_bet02_101_all_pairs_incl_sentinel,round_win = game_pnl > 0 (decisive only),COMPATIBILITY_ONLY_NOT_PRODUCTION,29354.0000,26790.0000,478.2000,962,857,-0.01629080,-0.01629080,,-0.01629080,-478.2000,29354.0000,OK,0.0000,14.3460,3.0000,97.0000,AG03-UNRESOLVED,ALL5_LEVELS_bet23_to_bet27,14.3460,14.3460,14.3460,19.1280,19.1280,3.000000,3.000000,3.000000,4.000000,4.000000,97.000000,97.000000,97.000000,96.000000,96.000000,5.0,81.2940,75.9767,396.9060,402.2233,PENDING_AG03,FALSE,NOT_FOR_ENFORCEMENT,463.8540,25986.3000,478.2000,463.8540,14.3460,0.01629080,0.01580207,14.3460,463.8540,0.01580207,14.3460,14.3460,14.3460,19.1280,19.1280,463.8540,0.01580207,81.2940,75.9767,396.9060,402.2233,0.01352136,0.0137025,0.00048872,30.5135,31.2602,0.5580,31.8800,4.1224,1956.9333,57.1333,30.5135,,20.0,20.0,40.0,50.0,80.0,137.6001,20.0,-10.0,4.0,6.880005,1.525676,15,69,4,5,1.00000000,0.01629080,0.01629080,0E-8,0.000000,0.912652,0.000000,,2026-07-14,2026-08-06,15,116,62,24,0.625000,,1.000000,3.333333,,,,,,,,GLOBAL_BASELINE_NO_ENTITY_RANKING,,,NOT_APPLICABLE_GLOBAL_BASELINE,HF9g-P5,,,,X 全窗基线 · 不参与实体赏罚,8396147,840,A168_HF9F_20260827_0900,2026-08-27 09:00:00
2026-08-01,152973949,526,0,340.0000000000,-2.5000000000,-2.5000000000,0.3750000,12,8,0.38684644062500000,0.360408470833,-0.06879849628925976,0.08596010840999758,-0.06879849628925976,0.02643796979200000,ELIGIBLE,R03b_20260811_FULL_v1,L1_ELIGIBILITY,v2026-08-11,2026-03-21..2026-08-06,baccarat_bet02_101_all_pairs_incl_sentinel,round_win = game_pnl > 0 (decisive only),COMPATIBILITY_ONLY_NOT_PRODUCTION,29354.0000,26790.0000,478.2000,962,857,-0.01629080,-0.01629080,,-0.01629080,-478.2000,29354.0000,OK,0.0000,14.3460,3.0000,97.0000,AG03-UNRESOLVED,ALL5_LEVELS_bet23_to_bet27,14.3460,14.3460,14.3460,19.1280,19.1280,3.000000,3.000000,3.000000,4.000000,4.000000,97.000000,97.000000,97.000000,96.000000,96.000000,5.0,81.2940,75.9767,396.9060,402.2233,PENDING_AG03,FALSE,NOT_FOR_ENFORCEMENT,463.8540,25986.3000,478.2000,463.8540,14.3460,0.01629080,0.01580207,14.3460,463.8540,0.01580207,14.3460,14.3460,14.3460,19.1280,19.1280,463.8540,0.01580207,81.2940,75.9767,396.9060,402.2233,0.01352136,0.0137025,0.00048872,30.5135,31.2602,0.5580,31.8800,4.1224,1956.9333,57.1333,30.5135,,20.0,20.0,40.0,50.0,80.0,137.6001,20.0,-10.0,4.0,6.880005,1.525676,15,69,4,5,1.00000000,0.01629080,0.01629080,0E-8,0.000000,0.912652,0.000000,,2026-07-14,2026-08-06,15,116,62,24,0.625000,,1.000000,3.333333,,,,,,,,GLOBAL_BASELINE_NO_ENTITY_RANKING,,,NOT_APPLICABLE_GLOBAL_BASELINE,HF9g-P5,,,,X 全窗基线 · 不参与实体赏罚,8396148,840,A168_HF9F_20260827_0900,2026-08-27 09:00:00
2026-08-01,152973949,763,0,775.0000000000,-24.5500000000,-24.5500000000,0.6000000,21,21,0.50473567142857143,0.504735671429,0.8521082786791082,0.8521082786752816,0.8521082786791082,-4.2857E-13,ELIGIBLE,R03b_20260811_FULL_v1,L1_ELIGIBILITY,v2026-08-11,2026-03-21..2026-08-06,baccarat_bet02_101_all_pairs_incl_sentinel,round_win = game_pnl > 0 (decisive only),COMPATIBILITY_ONLY_NOT_PRODUCTION,29354.0000,26790.0000,478.2000,962,857,-0.01629080,-0.01629080,,-0.01629080,-478.2000,29354.0000,OK,0.0000,14.3460,3.0000,97.0000,AG03-UNRESOLVED,ALL5_LEVELS_bet23_to_bet27,14.3460,14.3460,14.3460,19.1280,19.1280,3.000000,3.000000,3.000000,4.000000,4.000000,97.000000,97.000000,97.000000,96.000000,96.000000,5.0,81.2940,75.9767,396.9060,402.2233,PENDING_AG03,FALSE,NOT_FOR_ENFORCEMENT,463.8540,25986.3000,478.2000,463.8540,14.3460,0.01629080,0.01580207,14.3460,463.8540,0.01580207,14.3460,14.3460,14.3460,19.1280,19.1280,463.8540,0.01580207,81.2940,75.9767,396.9060,402.2233,0.01352136,0.0137025,0.00048872,30.5135,31.2602,0.5580,31.8800,4.1224,1956.9333,57.1333,30.5135,,20.0,20.0,40.0,50.0,80.0,137.6001,20.0,-10.0,4.0,6.880005,1.525676,15,69,4,5,1.00000000,0.01629080,0.01629080,0E-8,0.000000,0.912652,0.000000,,2026-07-14,2026-08-06,15,116,62,24,0.625000,,1.000000,3.333333,,,,,,,,GLOBAL_BASELINE_NO_ENTITY_RANKING,,,NOT_APPLICABLE_GLOBAL_BASELINE,HF9g-P5,,,,X 全窗基线 · 不参与实体赏罚,8396149,840,A168_HF9F_20260827_0900,2026-08-27 09:00:00
2026-08-01,152973949,948,0,50.0000000000,-50.0000000000,-50.0000000000,0E-7,3,3,0.49771390000000000,0.497713900000,-1.724149546644903,-1.724149546644903,-1.724149546644903,0E-17,ELIGIBLE,R03b_20260811_FULL_v1,L1_ELIGIBILITY,v2026-08-11,2026-03-21..2026-08-06,baccarat_bet02_101_all_pairs_incl_sentinel,round_win = game_pnl > 0 (decisive only),COMPATIBILITY_ONLY_NOT_PRODUCTION,29354.0000,26790.0000,478.2000,962,857,-0.01629080,-0.01629080,,-0.01629080,-478.2000,29354.0000,OK,0.0000,14.3460,3.0000,97.0000,AG03-UNRESOLVED,ALL5_LEVELS_bet23_to_bet27,14.3460,14.3460,14.3460,19.1280,19.1280,3.000000,3.000000,3.000000,4.000000,4.000000,97.000000,97.000000,97.000000,96.000000,96.000000,5.0,81.2940,75.9767,396.9060,402.2233,PENDING_AG03,FALSE,NOT_FOR_ENFORCEMENT,463.8540,25986.3000,478.2000,463.8540,14.3460,0.01629080,0.01580207,14.3460,463.8540,0.01580207,14.3460,14.3460,14.3460,19.1280,19.1280,463.8540,0.01580207,81.2940,75.9767,396.9060,402.2233,0.01352136,0.0137025,0.00048872,30.5135,31.2602,0.5580,31.8800,4.1224,1956.9333,57.1333,30.5135,,20.0,20.0,40.0,50.0,80.0,137.6001,20.0,-10.0,4.0,6.880005,1.525676,15,69,4,5,1.00000000,0.01629080,0.01629080,0E-8,0.000000,0.912652,0.000000,,2026-07-14,2026-08-06,15,116,62,24,0.625000,,1.000000,3.333333,,,,,,,,GLOBAL_BASELINE_NO_ENTITY_RANKING,,,NOT_APPLICABLE_GLOBAL_BASELINE,HF9g-P5,,,,X 全窗基线 · 不参与实体赏罚,8396150,840,A168_HF9F_20260827_0900,2026-08-27 09:00:00
2026-08-02,152973949,-1,1,118.0000000000,50.5000000000,50.5000000000,0.5000000,5,4,0.46896207500000000,0.451793412500,0.1243915973130384,0.1937288555254134,0.1243915973130384,0.01716866250000000,SENTINEL_DEALER,R03b_20260811_FULL_v1,L1_ELIGIBILITY,v2026-08-11,2026-03-21..2026-08-06,baccarat_bet02_101_all_pairs_incl_sentinel,round_win = game_pnl > 0 (decisive only),COMPATIBILITY_ONLY_NOT_PRODUCTION,29354.0000,26790.0000,478.2000,962,857,-0.01629080,-0.01629080,,-0.01629080,-478.2000,29354.0000,OK,0.0000,14.3460,3.0000,97.0000,AG03-UNRESOLVED,ALL5_LEVELS_bet23_to_bet27,14.3460,14.3460,14.3460,19.1280,19.1280,3.000000,3.000000,3.000000,4.000000,4.000000,97.000000,97.000000,97.000000,96.000000,96.000000,5.0,81.2940,75.9767,396.9060,402.2233,PENDING_AG03,FALSE,NOT_FOR_ENFORCEMENT,463.8540,25986.3000,478.2000,463.8540,14.3460,0.01629080,0.01580207,14.3460,463.8540,0.01580207,14.3460,14.3460,14.3460,19.1280,19.1280,463.8540,0.01580207,81.2940,75.9767,396.9060,402.2233,0.01352136,0.0137025,0.00048872,30.5135,31.2602,0.5580,31.8800,4.1224,1956.9333,57.1333,30.5135,,20.0,20.0,40.0,50.0,80.0,137.6001,20.0,-10.0,4.0,6.880005,1.525676,15,69,4,5,1.00000000,0.01629080,0.01629080,0E-8,0.000000,0.912652,0.000000,,2026-07-14,2026-08-06,15,116,62,24,0.625000,,1.000000,3.333333,,,,,,,,GLOBAL_BASELINE_NO_ENTITY_RANKING,,,NOT_APPLICABLE_GLOBAL_BASELINE,HF9g-P5,,,,X 全窗基线 · 不参与实体赏罚,8396151,840,A168_HF9F_20260827_0900,2026-08-27 09:00:00
2026-08-02,152973949,1157,0,821.0000000000,103.5000000000,103.5000000000,0.5652174,31,24,0.45691308244047619,0.439019956250,1.0426971492462132,1.219547187489571,1.0426971492462132,0.01789312619047619,ELIGIBLE,R03b_20260811_FULL_v1,L1_ELIGIBILITY,v2026-08-11,2026-03-21..2026-08-06,baccarat_bet02_101_all_pairs_incl_sentinel,round_win = game_pnl > 0 (decisive only),COMPATIBILITY_ONLY_NOT_PRODUCTION,29354.0000,26790.0000,478.2000,962,857,-0.01629080,-0.01629080,,-0.01629080,-478.2000,29354.0000,OK,0.0000,14.3460,3.0000,97.0000,AG03-UNRESOLVED,ALL5_LEVELS_bet23_to_bet27,14.3460,14.3460,14.3460,19.1280,19.1280,3.000000,3.000000,3.000000,4.000000,4.000000,97.000000,97.000000,97.000000,96.000000,96.000000,5.0,81.2940,75.9767,396.9060,402.2233,PENDING_AG03,FALSE,NOT_FOR_ENFORCEMENT,463.8540,25986.3000,478.2000,463.8540,14.3460,0.01629080,0.01580207,14.3460,463.8540,0.01580207,14.3460,14.3460,14.3460,19.1280,19.1280,463.8540,0.01580207,81.2940,75.9767,396.9060,402.2233,0.01352136,0.0137025,0.00048872,30.5135,31.2602,0.5580,31.8800,4.1224,1956.9333,57.1333,30.5135,,20.0,20.0,40.0,50.0,80.0,137.6001,20.0,-10.0,4.0,6.880005,1.525676,15,69,4,5,1.00000000,0.01629080,0.01629080,0E-8,0.000000,0.912652,0.000000,,2026-07-14,2026-08-06,15,116,62,24,0.625000,,1.000000,3.333333,,,,,,,,GLOBAL_BASELINE_NO_ENTITY_RANKING,,,NOT_APPLICABLE_GLOBAL_BASELINE,HF9g-P5,,,,X 全窗基线 · 不参与实体赏罚,8396152,840,A168_HF9F_20260827_0900,2026-08-27 09:00:00
2026-08-02,152973949,1210,0,70.0000000000,-50.0000000000,-50.0000000000,0E-7,4,4,0.49659680000000000,0.496596800000,-1.7203016256901094,-1.7203016256901091,-1.7203016256901094,0E-17,ELIGIBLE,R03b_20260811_FULL_v1,L1_ELIGIBILITY,v2026-08-11,2026-03-21..2026-08-06,baccarat_bet02_101_all_pairs_incl_sentinel,round_win = game_pnl > 0 (decisive only),COMPATIBILITY_ONLY_NOT_PRODUCTION,29354.0000,26790.0000,478.2000,962,857,-0.01629080,-0.01629080,,-0.01629080,-478.2000,29354.0000,OK,0.0000,14.3460,3.0000,97.0000,AG03-UNRESOLVED,ALL5_LEVELS_bet23_to_bet27,14.3460,14.3460,14.3460,19.1280,19.1280,3.000000,3.000000,3.000000,4.000000,4.000000,97.000000,97.000000,97.000000,96.000000,96.000000,5.0,81.2940,75.9767,396.9060,402.2233,PENDING_AG03,FALSE,NOT_FOR_ENFORCEMENT,463.8540,25986.3000,478.2000,463.8540,14.3460,0.01629080,0.01580207,14.3460,463.8540,0.01580207,14.3460,14.3460,14.3460,19.1280,19.1280,463.8540,0.01580207,81.2940,75.9767,396.9060,402.2233,0.01352136,0.0137025,0.00048872,30.5135,31.2602,0.5580,31.8800,4.1224,1956.9333,57.1333,30.5135,,20.0,20.0,40.0,50.0,80.0,137.6001,20.0,-10.0,4.0,6.880005,1.525676,15,69,4,5,1.00000000,0.01629080,0.01629080,0E-8,0.000000,0.912652,0.000000,,2026-07-14,2026-08-06,15,116,62,24,0.625000,,1.000000,3.333333,,,,,,,,GLOBAL_BASELINE_NO_ENTITY_RANKING,,,NOT_APPLICABLE_GLOBAL_BASELINE,HF9g-P5,,,,X 全窗基线 · 不参与实体赏罚,8396153,840,A168_HF9F_20260827_0900,2026-08-27 09:00:00
2026-08-02,152973949,1353,0,399.0000000000,110.0000000000,110.0000000000,0.5000000,25,14,0.34537490434173670,0.309365114286,1.2167526062023433,1.5431440581991895,1.2167526062023433,0.03600979005573670,ELIGIBLE,R03b_20260811_FULL_v1,L1_ELIGIBILITY,v2026-08-11,2026-03-21..2026-08-06,baccarat_bet02_101_all_pairs_incl_sentinel,round_win = game_pnl > 0 (decisive only),COMPATIBILITY_ONLY_NOT_PRODUCTION,29354.0000,26790.0000,478.2000,962,857,-0.01629080,-0.01629080,,-0.01629080,-478.2000,29354.0000,OK,0.0000,14.3460,3.0000,97.0000,AG03-UNRESOLVED,ALL5_LEVELS_bet23_to_bet27,14.3460,14.3460,14.3460,19.1280,19.1280,3.000000,3.000000,3.000000,4.000000,4.000000,97.000000,97.000000,97.000000,96.000000,96.000000,5.0,81.2940,75.9767,396.9060,402.2233,PENDING_AG03,FALSE,NOT_FOR_ENFORCEMENT,463.8540,25986.3000,478.2000,463.8540,14.3460,0.01629080,0.01580207,14.3460,463.8540,0.01580207,14.3460,14.3460,14.3460,19.1280,19.1280,463.8540,0.01580207,81.2940,75.9767,396.9060,402.2233,0.01352136,0.0137025,0.00048872,30.5135,31.2602,0.5580,31.8800,4.1224,1956.9333,57.1333,30.5135,,20.0,20.0,40.0,50.0,80.0,137.6001,20.0,-10.0,4.0,6.880005,1.525676,15,69,4,5,1.00000000,0.01629080,0.01629080,0E-8,0.000000,0.912652,0.000000,,2026-07-14,2026-08-06,15,116,62,24,0.625000,,1.000000,3.333333,,,,,,,,GLOBAL_BASELINE_NO_ENTITY_RANKING,,,NOT_APPLICABLE_GLOBAL_BASELINE,HF9g-P5,,,,X 全窗基线 · 不参与实体赏罚,8396154,840,A168_HF9F_20260827_0900,2026-08-27 09:00:00
2026-08-02,152973949,1382,0,30.0000000000,-20.0000000000,-20.0000000000,0E-7,2,2,0.50665070000000000,0.506650700000,-1.013391052207602,-1.013391052207602,-1.013391052207602,0E-17,ELIGIBLE,R03b_20260811_FULL_v1,L1_ELIGIBILITY,v2026-08-11,2026-03-21..2026-08-06,baccarat_bet02_101_all_pairs_incl_sentinel,round_win = game_pnl > 0 (decisive only),COMPATIBILITY_ONLY_NOT_PRODUCTION,29354.0000,26790.0000,478.2000,962,857,-0.01629080,-0.01629080,,-0.01629080,-478.2000,29354.0000,OK,0.0000,14.3460,3.0000,97.0000,AG03-UNRESOLVED,ALL5_LEVELS_bet23_to_bet27,14.3460,14.3460,14.3460,19.1280,19.1280,3.000000,3.000000,3.000000,4.000000,4.000000,97.000000,97.000000,97.000000,96.000000,96.000000,5.0,81.2940,75.9767,396.9060,402.2233,PENDING_AG03,FALSE,NOT_FOR_ENFORCEMENT,463.8540,25986.3000,478.2000,463.8540,14.3460,0.01629080,0.01580207,14.3460,463.8540,0.01580207,14.3460,14.3460,14.3460,19.1280,19.1280,463.8540,0.01580207,81.2940,75.9767,396.9060,402.2233,0.01352136,0.0137025,0.00048872,30.5135,31.2602,0.5580,31.8800,4.1224,1956.9333,57.1333,30.5135,,20.0,20.0,40.0,50.0,80.0,137.6001,20.0,-10.0,4.0,6.880005,1.525676,15,69,4,5,1.00000000,0.01629080,0.01629080,0E-8,0.000000,0.912652,0.000000,,2026-07-14,2026-08-06,15,116,62,24,0.625000,,1.000000,3.333333,,,,,,,,GLOBAL_BASELINE_NO_ENTITY_RANKING,,,NOT_APPLICABLE_GLOBAL_BASELINE,HF9g-P5,,,,X 全窗基线 · 不参与实体赏罚,8396155,840,A168_HF9F_20260827_0900,2026-08-27 09:00:00
2026-08-02,152973949,1490,0,20.0000000000,-20.0000000000,-20.0000000000,0E-7,1,1,0.49324550000000000,0.493245500000,-0.9865810262130424,-0.9865810262130424,-0.9865810262130424,0E-17,ELIGIBLE,R03b_20260811_FULL_v1,L1_ELIGIBILITY,v2026-08-11,2026-03-21..2026-08-06,baccarat_bet02_101_all_pairs_incl_sentinel,round_win = game_pnl > 0 (decisive only),COMPATIBILITY_ONLY_NOT_PRODUCTION,29354.0000,26790.0000,478.2000,962,857,-0.01629080,-0.01629080,,-0.01629080,-478.2000,29354.0000,OK,0.0000,14.3460,3.0000,97.0000,AG03-UNRESOLVED,ALL5_LEVELS_bet23_to_bet27,14.3460,14.3460,14.3460,19.1280,19.1280,3.000000,3.000000,3.000000,4.000000,4.000000,97.000000,97.000000,97.000000,96.000000,96.000000,5.0,81.2940,75.9767,396.9060,402.2233,PENDING_AG03,FALSE,NOT_FOR_ENFORCEMENT,463.8540,25986.3000,478.2000,463.8540,14.3460,0.01629080,0.01580207,14.3460,463.8540,0.01580207,14.3460,14.3460,14.3460,19.1280,19.1280,463.8540,0.01580207,81.2940,75.9767,396.9060,402.2233,0.01352136,0.0137025,0.00048872,30.5135,31.2602,0.5580,31.8800,4.1224,1956.9333,57.1333,30.5135,,20.0,20.0,40.0,50.0,80.0,137.6001,20.0,-10.0,4.0,6.880005,1.525676,15,69,4,5,1.00000000,0.01629080,0.01629080,0E-8,0.000000,0.912652,0.000000,,2026-07-14,2026-08-06,15,116,62,24,0.625000,,1.000000,3.333333,,,,,,,,GLOBAL_BASELINE_NO_ENTITY_RANKING,,,NOT_APPLICABLE_GLOBAL_BASELINE,HF9g-P5,,,,X 全窗基线 · 不参与实体赏罚,8396156,840,A168_HF9F_20260827_0900,2026-08-27 09:00:00
2026-08-02,152973949,1508,0,399.0000000000,149.8000000000,149.8000000000,0.7272727,13,11,0.47976691090909091,0.462489200000,1.6431137126717879,1.7613388344696719,1.6431137126717879,0.01727771090909091,ELIGIBLE,R03b_20260811_FULL_v1,L1_ELIGIBILITY,v2026-08-11,2026-03-21..2026-08-06,baccarat_bet02_101_all_pairs_incl_sentinel,round_win = game_pnl > 0 (decisive only),COMPATIBILITY_ONLY_NOT_PRODUCTION,29354.0000,26790.0000,478.2000,962,857,-0.01629080,-0.01629080,,-0.01629080,-478.2000,29354.0000,OK,0.0000,14.3460,3.0000,97.0000,AG03-UNRESOLVED,ALL5_LEVELS_bet23_to_bet27,14.3460,14.3460,14.3460,19.1280,19.1280,3.000000,3.000000,3.000000,4.000000,4.000000,97.000000,97.000000,97.000000,96.000000,96.000000,5.0,81.2940,75.9767,396.9060,402.2233,PENDING_AG03,FALSE,NOT_FOR_ENFORCEMENT,463.8540,25986.3000,478.2000,463.8540,14.3460,0.01629080,0.01580207,14.3460,463.8540,0.01580207,14.3460,14.3460,14.3460,19.1280,19.1280,463.8540,0.01580207,81.2940,75.9767,396.9060,402.2233,0.01352136,0.0137025,0.00048872,30.5135,31.2602,0.5580,31.8800,4.1224,1956.9333,57.1333,30.5135,,20.0,20.0,40.0,50.0,80.0,137.6001,20.0,-10.0,4.0,6.880005,1.525676,15,69,4,5,1.00000000,0.01629080,0.01629080,0E-8,0.000000,0.912652,0.000000,,2026-07-14,2026-08-06,15,116,62,24,0.625000,,1.000000,3.333333,,,,,,,,GLOBAL_BASELINE_NO_ENTITY_RANKING,,,NOT_APPLICABLE_GLOBAL_BASELINE,HF9g-P5,,,,X 全窗基线 · 不参与实体赏罚,8396157,840,A168_HF9F_20260827_0900,2026-08-27 09:00:00
2026-08-02,152973949,1623,0,462.0000000000,-149.4000000000,-149.4000000000,0.3750000,20,18,0.48315180416666667,0.477428916667,-0.8657060545149795,-0.8202675363915765,-0.8657060545149795,0.00572288749966667,ELIGIBLE,R03b_20260811_FULL_v1,L1_ELIGIBILITY,v2026-08-11,2026-03-21..2026-08-06,baccarat_bet02_101_all_pairs_incl_sentinel,round_win = game_pnl > 0 (decisive only),COMPATIBILITY_ONLY_NOT_PRODUCTION,29354.0000,26790.0000,478.2000,962,857,-0.01629080,-0.01629080,,-0.01629080,-478.2000,29354.0000,OK,0.0000,14.3460,3.0000,97.0000,AG03-UNRESOLVED,ALL5_LEVELS_bet23_to_bet27,14.3460,14.3460,14.3460,19.1280,19.1280,3.000000,3.000000,3.000000,4.000000,4.000000,97.000000,97.000000,97.000000,96.000000,96.000000,5.0,81.2940,75.9767,396.9060,402.2233,PENDING_AG03,FALSE,NOT_FOR_ENFORCEMENT,463.8540,25986.3000,478.2000,463.8540,14.3460,0.01629080,0.01580207,14.3460,463.8540,0.01580207,14.3460,14.3460,14.3460,19.1280,19.1280,463.8540,0.01580207,81.2940,75.9767,396.9060,402.2233,0.01352136,0.0137025,0.00048872,30.5135,31.2602,0.5580,31.8800,4.1224,1956.9333,57.1333,30.5135,,20.0,20.0,40.0,50.0,80.0,137.6001,20.0,-10.0,4.0,6.880005,1.525676,15,69,4,5,1.00000000,0.01629080,0.01629080,0E-8,0.000000,0.912652,0.000000,,2026-07-14,2026-08-06,15,116,62,24,0.625000,,1.000000,3.333333,,,,,,,,GLOBAL_BASELINE_NO_ENTITY_RANKING,,,NOT_APPLICABLE_GLOBAL_BASELINE,HF9g-P5,,,,X 全窗基线 · 不参与实体赏罚,8396158,840,A168_HF9F_20260827_0900,2026-08-27 09:00:00
2026-08-02,152973949,1645,0,20.0000000000,-20.0000000000,-20.0000000000,0E-7,1,1,0.50665070000000000,0.506650700000,-1.013391052207602,-1.013391052207602,-1.013391052207602,0E-17,ELIGIBLE,R03b_20260811_FULL_v1,L1_ELIGIBILITY,v2026-08-11,2026-03-21..2026-08-06,baccarat_bet02_101_all_pairs_incl_sentinel,round_win = game_pnl > 0 (decisive only),COMPATIBILITY_ONLY_NOT_PRODUCTION,29354.0000,26790.0000,478.2000,962,857,-0.01629080,-0.01629080,,-0.01629080,-478.2000,29354.0000,OK,0.0000,14.3460,3.0000,97.0000,AG03-UNRESOLVED,ALL5_LEVELS_bet23_to_bet27,14.3460,14.3460,14.3460,19.1280,19.1280,3.000000,3.000000,3.000000,4.000000,4.000000,97.000000,97.000000,97.000000,96.000000,96.000000,5.0,81.2940,75.9767,396.9060,402.2233,PENDING_AG03,FALSE,NOT_FOR_ENFORCEMENT,463.8540,25986.3000,478.2000,463.8540,14.3460,0.01629080,0.01580207,14.3460,463.8540,0.01580207,14.3460,14.3460,14.3460,19.1280,19.1280,463.8540,0.01580207,81.2940,75.9767,396.9060,402.2233,0.01352136,0.0137025,0.00048872,30.5135,31.2602,0.5580,31.8800,4.1224,1956.9333,57.1333,30.5135,,20.0,20.0,40.0,50.0,80.0,137.6001,20.0,-10.0,4.0,6.880005,1.525676,15,69,4,5,1.00000000,0.01629080,0.01629080,0E-8,0.000000,0.912652,0.000000,,2026-07-14,2026-08-06,15,116,62,24,0.625000,,1.000000,3.333333,,,,,,,,GLOBAL_BASELINE_NO_ENTITY_RANKING,,,NOT_APPLICABLE_GLOBAL_BASELINE,HF9g-P5,,,,X 全窗基线 · 不参与实体赏罚,8396159,840,A168_HF9F_20260827_0900,2026-08-27 09:00:00
2026-08-02,152973949,1942,0,91.0000000000,-30.5500000000,-30.5500000000,0.3333333,3,3,0.49771390000000000,0.497713900000,-0.5694369385616226,-0.5694369385616226,-0.5694369385616226,0E-17,ELIGIBLE,R03b_20260811_FULL_v1,L1_ELIGIBILITY,v2026-08-11,2026-03-21..2026-08-06,baccarat_bet02_101_all_pairs_incl_sentinel,round_win = game_pnl > 0 (decisive only),COMPATIBILITY_ONLY_NOT_PRODUCTION,29354.0000,26790.0000,478.2000,962,857,-0.01629080,-0.01629080,,-0.01629080,-478.2000,29354.0000,OK,0.0000,14.3460,3.0000,97.0000,AG03-UNRESOLVED,ALL5_LEVELS_bet23_to_bet27,14.3460,14.3460,14.3460,19.1280,19.1280,3.000000,3.000000,3.000000,4.000000,4.000000,97.000000,97.000000,97.000000,96.000000,96.000000,5.0,81.2940,75.9767,396.9060,402.2233,PENDING_AG03,FALSE,NOT_FOR_ENFORCEMENT,463.8540,25986.3000,478.2000,463.8540,14.3460,0.01629080,0.01580207,14.3460,463.8540,0.01580207,14.3460,14.3460,14.3460,19.1280,19.1280,463.8540,0.01580207,81.2940,75.9767,396.9060,402.2233,0.01352136,0.0137025,0.00048872,30.5135,31.2602,0.5580,31.8800,4.1224,1956.9333,57.1333,30.5135,,20.0,20.0,40.0,50.0,80.0,137.6001,20.0,-10.0,4.0,6.880005,1.525676,15,69,4,5,1.00000000,0.01629080,0.01629080,0E-8,0.000000,0.912652,0.000000,,2026-07-14,2026-08-06,15,116,62,24,0.625000,,1.000000,3.333333,,,,,,,,GLOBAL_BASELINE_NO_ENTITY_RANKING,,,NOT_APPLICABLE_GLOBAL_BASELINE,HF9g-P5,,,,X 全窗基线 · 不参与实体赏罚,8396160,840,A168_HF9F_20260827_0900,2026-08-27 09:00:00
2026-08-02,152973949,1951,0,50.0000000000,-50.0000000000,-50.0000000000,0E-7,1,1,0.49324550000000000,0.493245500000,-0.9865810262130424,-0.9865810262130424,-0.9865810262130424,0E-17,ELIGIBLE,R03b_20260811_FULL_v1,L1_ELIGIBILITY,v2026-08-11,2026-03-21..2026-08-06,baccarat_bet02_101_all_pairs_incl_sentinel,round_win = game_pnl > 0 (decisive only),COMPATIBILITY_ONLY_NOT_PRODUCTION,29354.0000,26790.0000,478.2000,962,857,-0.01629080,-0.01629080,,-0.01629080,-478.2000,29354.0000,OK,0.0000,14.3460,3.0000,97.0000,AG03-UNRESOLVED,ALL5_LEVELS_bet23_to_bet27,14.3460,14.3460,14.3460,19.1280,19.1280,3.000000,3.000000,3.000000,4.000000,4.000000,97.000000,97.000000,97.000000,96.000000,96.000000,5.0,81.2940,75.9767,396.9060,402.2233,PENDING_AG03,FALSE,NOT_FOR_ENFORCEMENT,463.8540,25986.3000,478.2000,463.8540,14.3460,0.01629080,0.01580207,14.3460,463.8540,0.01580207,14.3460,14.3460,14.3460,19.1280,19.1280,463.8540,0.01580207,81.2940,75.9767,396.9060,402.2233,0.01352136,0.0137025,0.00048872,30.5135,31.2602,0.5580,31.8800,4.1224,1956.9333,57.1333,30.5135,,20.0,20.0,40.0,50.0,80.0,137.6001,20.0,-10.0,4.0,6.880005,1.525676,15,69,4,5,1.00000000,0.01629080,0.01629080,0E-8,0.000000,0.912652,0.000000,,2026-07-14,2026-08-06,15,116,62,24,0.625000,,1.000000,3.333333,,,,,,,,GLOBAL_BASELINE_NO_ENTITY_RANKING,,,NOT_APPLICABLE_GLOBAL_BASELINE,HF9g-P5,,,,X 全窗基线 · 不参与实体赏罚,8396161,840,A168_HF9F_20260827_0900,2026-08-27 09:00:00
2026-08-02,152973949,1990,0,302.0000000000,-55.4000000000,-55.4000000000,0.4166667,13,13,0.50252602307692308,0.502526023077,-0.5948586618188312,-0.5948586618193646,-0.5948586618188312,-7.692E-14,ELIGIBLE,R03b_20260811_FULL_v1,L1_ELIGIBILITY,v2026-08-11,2026-03-21..2026-08-06,baccarat_bet02_101_all_pairs_incl_sentinel,round_win = game_pnl > 0 (decisive only),COMPATIBILITY_ONLY_NOT_PRODUCTION,29354.0000,26790.0000,478.2000,962,857,-0.01629080,-0.01629080,,-0.01629080,-478.2000,29354.0000,OK,0.0000,14.3460,3.0000,97.0000,AG03-UNRESOLVED,ALL5_LEVELS_bet23_to_bet27,14.3460,14.3460,14.3460,19.1280,19.1280,3.000000,3.000000,3.000000,4.000000,4.000000,97.000000,97.000000,97.000000,96.000000,96.000000,5.0,81.2940,75.9767,396.9060,402.2233,PENDING_AG03,FALSE,NOT_FOR_ENFORCEMENT,463.8540,25986.3000,478.2000,463.8540,14.3460,0.01629080,0.01580207,14.3460,463.8540,0.01580207,14.3460,14.3460,14.3460,19.1280,19.1280,463.8540,0.01580207,81.2940,75.9767,396.9060,402.2233,0.01352136,0.0137025,0.00048872,30.5135,31.2602,0.5580,31.8800,4.1224,1956.9333,57.1333,30.5135,,20.0,20.0,40.0,50.0,80.0,137.6001,20.0,-10.0,4.0,6.880005,1.525676,15,69,4,5,1.00000000,0.01629080,0.01629080,0E-8,0.000000,0.912652,0.000000,,2026-07-14,2026-08-06,15,116,62,24,0.625000,,1.000000,3.333333,,,,,,,,GLOBAL_BASELINE_NO_ENTITY_RANKING,,,NOT_APPLICABLE_GLOBAL_BASELINE,HF9g-P5,,,,X 全窗基线 · 不参与实体赏罚,8396162,840,A168_HF9F_20260827_0900,2026-08-27 09:00:00
2026-08-02,152973949,2106,0,116.0000000000,-52.0000000000,-52.0000000000,0.4000000,5,5,0.49324550000000000,0.493245500000,-0.4170446088060018,-0.4170446088060018,-0.4170446088060018,0E-17,ELIGIBLE,R03b_20260811_FULL_v1,L1_ELIGIBILITY,v2026-08-11,2026-03-21..2026-08-06,baccarat_bet02_101_all_pairs_incl_sentinel,round_win = game_pnl > 0 (decisive only),COMPATIBILITY_ONLY_NOT_PRODUCTION,29354.0000,26790.0000,478.2000,962,857,-0.01629080,-0.01629080,,-0.01629080,-478.2000,29354.0000,OK,0.0000,14.3460,3.0000,97.0000,AG03-UNRESOLVED,ALL5_LEVELS_bet23_to_bet27,14.3460,14.3460,14.3460,19.1280,19.1280,3.000000,3.000000,3.000000,4.000000,4.000000,97.000000,97.000000,97.000000,96.000000,96.000000,5.0,81.2940,75.9767,396.9060,402.2233,PENDING_AG03,FALSE,NOT_FOR_ENFORCEMENT,463.8540,25986.3000,478.2000,463.8540,14.3460,0.01629080,0.01580207,14.3460,463.8540,0.01580207,14.3460,14.3460,14.3460,19.1280,19.1280,463.8540,0.01580207,81.2940,75.9767,396.9060,402.2233,0.01352136,0.0137025,0.00048872,30.5135,31.2602,0.5580,31.8800,4.1224,1956.9333,57.1333,30.5135,,20.0,20.0,40.0,50.0,80.0,137.6001,20.0,-10.0,4.0,6.880005,1.525676,15,69,4,5,1.00000000,0.01629080,0.01629080,0E-8,0.000000,0.912652,0.000000,,2026-07-14,2026-08-06,15,116,62,24,0.625000,,1.000000,3.333333,,,,,,,,GLOBAL_BASELINE_NO_ENTITY_RANKING,,,NOT_APPLICABLE_GLOBAL_BASELINE,HF9g-P5,,,,X 全窗基线 · 不参与实体赏罚,8396163,840,A168_HF9F_20260827_0900,2026-08-27 09:00:00
2026-08-02,152973949,2108,0,20.0000000000,-20.0000000000,-20.0000000000,0E-7,1,1,0.49324550000000000,0.493245500000,-0.9865810262130424,-0.9865810262130424,-0.9865810262130424,0E-17,ELIGIBLE,R03b_20260811_FULL_v1,L1_ELIGIBILITY,v2026-08-11,2026-03-21..2026-08-06,baccarat_bet02_101_all_pairs_incl_sentinel,round_win = game_pnl > 0 (decisive only),COMPATIBILITY_ONLY_NOT_PRODUCTION,29354.0000,26790.0000,478.2000,962,857,-0.01629080,-0.01629080,,-0.01629080,-478.2000,29354.0000,OK,0.0000,14.3460,3.0000,97.0000,AG03-UNRESOLVED,ALL5_LEVELS_bet23_to_bet27,14.3460,14.3460,14.3460,19.1280,19.1280,3.000000,3.000000,3.000000,4.000000,4.000000,97.000000,97.000000,97.000000,96.000000,96.000000,5.0,81.2940,75.9767,396.9060,402.2233,PENDING_AG03,FALSE,NOT_FOR_ENFORCEMENT,463.8540,25986.3000,478.2000,463.8540,14.3460,0.01629080,0.01580207,14.3460,463.8540,0.01580207,14.3460,14.3460,14.3460,19.1280,19.1280,463.8540,0.01580207,81.2940,75.9767,396.9060,402.2233,0.01352136,0.0137025,0.00048872,30.5135,31.2602,0.5580,31.8800,4.1224,1956.9333,57.1333,30.5135,,20.0,20.0,40.0,50.0,80.0,137.6001,20.0,-10.0,4.0,6.880005,1.525676,15,69,4,5,1.00000000,0.01629080,0.01629080,0E-8,0.000000,0.912652,0.000000,,2026-07-14,2026-08-06,15,116,62,24,0.625000,,1.000000,3.333333,,,,,,,,GLOBAL_BASELINE_NO_ENTITY_RANKING,,,NOT_APPLICABLE_GLOBAL_BASELINE,HF9g-P5,,,,X 全窗基线 · 不参与实体赏罚,8396164,840,A168_HF9F_20260827_0900,2026-08-27 09:00:00
2026-08-02,152973949,2147,0,140.0000000000,100.0000000000,100.0000000000,0.7500000,4,4,0.49659680000000000,0.496596800000,1.0136362796769356,1.0136362796769358,1.0136362796769356,0E-17,ELIGIBLE,R03b_20260811_FULL_v1,L1_ELIGIBILITY,v2026-08-11,2026-03-21..2026-08-06,baccarat_bet02_101_all_pairs_incl_sentinel,round_win = game_pnl > 0 (decisive only),COMPATIBILITY_ONLY_NOT_PRODUCTION,29354.0000,26790.0000,478.2000,962,857,-0.01629080,-0.01629080,,-0.01629080,-478.2000,29354.0000,OK,0.0000,14.3460,3.0000,97.0000,AG03-UNRESOLVED,ALL5_LEVELS_bet23_to_bet27,14.3460,14.3460,14.3460,19.1280,19.1280,3.000000,3.000000,3.000000,4.000000,4.000000,97.000000,97.000000,97.000000,96.000000,96.000000,5.0,81.2940,75.9767,396.9060,402.2233,PENDING_AG03,FALSE,NOT_FOR_ENFORCEMENT,463.8540,25986.3000,478.2000,463.8540,14.3460,0.01629080,0.01580207,14.3460,463.8540,0.01580207,14.3460,14.3460,14.3460,19.1280,19.1280,463.8540,0.01580207,81.2940,75.9767,396.9060,402.2233,0.01352136,0.0137025,0.00048872,30.5135,31.2602,0.5580,31.8800,4.1224,1956.9333,57.1333,30.5135,,20.0,20.0,40.0,50.0,80.0,137.6001,20.0,-10.0,4.0,6.880005,1.525676,15,69,4,5,1.00000000,0.01629080,0.01629080,0E-8,0.000000,0.912652,0.000000,,2026-07-14,2026-08-06,15,116,62,24,0.625000,,1.000000,3.333333,,,,,,,,GLOBAL_BASELINE_NO_ENTITY_RANKING,,,NOT_APPLICABLE_GLOBAL_BASELINE,HF9g-P5,,,,X 全窗基线 · 不参与实体赏罚,8396165,840,A168_HF9F_20260827_0900,2026-08-27 09:00:00
2026-08-02,152973949,2251,0,30.0000000000,-10.0000000000,-10.0000000000,0.5000000,2,2,0.49324550000000000,0.493245500000,0.01910635448239258,0.01910635448239258,0.01910635448239258,0E-17,ELIGIBLE,R03b_20260811_FULL_v1,L1_ELIGIBILITY,v2026-08-11,2026-03-21..2026-08-06,baccarat_bet02_101_all_pairs_incl_sentinel,round_win = game_pnl > 0 (decisive only),COMPATIBILITY_ONLY_NOT_PRODUCTION,29354.0000,26790.0000,478.2000,962,857,-0.01629080,-0.01629080,,-0.01629080,-478.2000,29354.0000,OK,0.0000,14.3460,3.0000,97.0000,AG03-UNRESOLVED,ALL5_LEVELS_bet23_to_bet27,14.3460,14.3460,14.3460,19.1280,19.1280,3.000000,3.000000,3.000000,4.000000,4.000000,97.000000,97.000000,97.000000,96.000000,96.000000,5.0,81.2940,75.9767,396.9060,402.2233,PENDING_AG03,FALSE,NOT_FOR_ENFORCEMENT,463.8540,25986.3000,478.2000,463.8540,14.3460,0.01629080,0.01580207,14.3460,463.8540,0.01580207,14.3460,14.3460,14.3460,19.1280,19.1280,463.8540,0.01580207,81.2940,75.9767,396.9060,402.2233,0.01352136,0.0137025,0.00048872,30.5135,31.2602,0.5580,31.8800,4.1224,1956.9333,57.1333,30.5135,,20.0,20.0,40.0,50.0,80.0,137.6001,20.0,-10.0,4.0,6.880005,1.525676,15,69,4,5,1.00000000,0.01629080,0.01629080,0E-8,0.000000,0.912652,0.000000,,2026-07-14,2026-08-06,15,116,62,24,0.625000,,1.000000,3.333333,,,,,,,,GLOBAL_BASELINE_NO_ENTITY_RANKING,,,NOT_APPLICABLE_GLOBAL_BASELINE,HF9g-P5,,,,X 全窗基线 · 不参与实体赏罚,8396166,840,A168_HF9F_20260827_0900,2026-08-27 09:00:00
2026-08-02,152973949,462,0,240.0000000000,0E-10,0E-10,0.6250000,8,8,0.49324550000000000,0.493245500000,0.7453840200312067,0.7453840200312067,0.7453840200312067,0E-17,ELIGIBLE,R03b_20260811_FULL_v1,L1_ELIGIBILITY,v2026-08-11,2026-03-21..2026-08-06,baccarat_bet02_101_all_pairs_incl_sentinel,round_win = game_pnl > 0 (decisive only),COMPATIBILITY_ONLY_NOT_PRODUCTION,29354.0000,26790.0000,478.2000,962,857,-0.01629080,-0.01629080,,-0.01629080,-478.2000,29354.0000,OK,0.0000,14.3460,3.0000,97.0000,AG03-UNRESOLVED,ALL5_LEVELS_bet23_to_bet27,14.3460,14.3460,14.3460,19.1280,19.1280,3.000000,3.000000,3.000000,4.000000,4.000000,97.000000,97.000000,97.000000,96.000000,96.000000,5.0,81.2940,75.9767,396.9060,402.2233,PENDING_AG03,FALSE,NOT_FOR_ENFORCEMENT,463.8540,25986.3000,478.2000,463.8540,14.3460,0.01629080,0.01580207,14.3460,463.8540,0.01580207,14.3460,14.3460,14.3460,19.1280,19.1280,463.8540,0.01580207,81.2940,75.9767,396.9060,402.2233,0.01352136,0.0137025,0.00048872,30.5135,31.2602,0.5580,31.8800,4.1224,1956.9333,57.1333,30.5135,,20.0,20.0,40.0,50.0,80.0,137.6001,20.0,-10.0,4.0,6.880005,1.525676,15,69,4,5,1.00000000,0.01629080,0.01629080,0E-8,0.000000,0.912652,0.000000,,2026-07-14,2026-08-06,15,116,62,24,0.625000,,1.000000,3.333333,,,,,,,,GLOBAL_BASELINE_NO_ENTITY_RANKING,,,NOT_APPLICABLE_GLOBAL_BASELINE,HF9g-P5,,,,X 全窗基线 · 不参与实体赏罚,8396167,840,A168_HF9F_20260827_0900,2026-08-27 09:00:00
2026-08-02,152973949,526,0,50.0000000000,-50.0000000000,-50.0000000000,0E-7,2,2,0.49324550000000000,0.493245500000,-1.3952362676504506,-1.3952362676504506,-1.3952362676504506,0E-17,ELIGIBLE,R03b_20260811_FULL_v1,L1_ELIGIBILITY,v2026-08-11,2026-03-21..2026-08-06,baccarat_bet02_101_all_pairs_incl_sentinel,round_win = game_pnl > 0 (decisive only),COMPATIBILITY_ONLY_NOT_PRODUCTION,29354.0000,26790.0000,478.2000,962,857,-0.01629080,-0.01629080,,-0.01629080,-478.2000,29354.0000,OK,0.0000,14.3460,3.0000,97.0000,AG03-UNRESOLVED,ALL5_LEVELS_bet23_to_bet27,14.3460,14.3460,14.3460,19.1280,19.1280,3.000000,3.000000,3.000000,4.000000,4.000000,97.000000,97.000000,97.000000,96.000000,96.000000,5.0,81.2940,75.9767,396.9060,402.2233,PENDING_AG03,FALSE,NOT_FOR_ENFORCEMENT,463.8540,25986.3000,478.2000,463.8540,14.3460,0.01629080,0.01580207,14.3460,463.8540,0.01580207,14.3460,14.3460,14.3460,19.1280,19.1280,463.8540,0.01580207,81.2940,75.9767,396.9060,402.2233,0.01352136,0.0137025,0.00048872,30.5135,31.2602,0.5580,31.8800,4.1224,1956.9333,57.1333,30.5135,,20.0,20.0,40.0,50.0,80.0,137.6001,20.0,-10.0,4.0,6.880005,1.525676,15,69,4,5,1.00000000,0.01629080,0.01629080,0E-8,0.000000,0.912652,0.000000,,2026-07-14,2026-08-06,15,116,62,24,0.625000,,1.000000,3.333333,,,,,,,,GLOBAL_BASELINE_NO_ENTITY_RANKING,,,NOT_APPLICABLE_GLOBAL_BASELINE,HF9g-P5,,,,X 全窗基线 · 不参与实体赏罚,8396168,840,A168_HF9F_20260827_0900,2026-08-27 09:00:00
2026-08-02,152973949,529,0,795.0000000000,207.3500000000,207.3500000000,0.6521739,25,24,0.49217719583333333,0.489408843750,1.534822462347462,1.5615380632693063,1.534822462347462,0.00276835208333333,ELIGIBLE,R03b_20260811_FULL_v1,L1_ELIGIBILITY,v2026-08-11,2026-03-21..2026-08-06,baccarat_bet02_101_all_pairs_incl_sentinel,round_win = game_pnl > 0 (decisive only),COMPATIBILITY_ONLY_NOT_PRODUCTION,29354.0000,26790.0000,478.2000,962,857,-0.01629080,-0.01629080,,-0.01629080,-478.2000,29354.0000,OK,0.0000,14.3460,3.0000,97.0000,AG03-UNRESOLVED,ALL5_LEVELS_bet23_to_bet27,14.3460,14.3460,14.3460,19.1280,19.1280,3.000000,3.000000,3.000000,4.000000,4.000000,97.000000,97.000000,97.000000,96.000000,96.000000,5.0,81.2940,75.9767,396.9060,402.2233,PENDING_AG03,FALSE,NOT_FOR_ENFORCEMENT,463.8540,25986.3000,478.2000,463.8540,14.3460,0.01629080,0.01580207,14.3460,463.8540,0.01580207,14.3460,14.3460,14.3460,19.1280,19.1280,463.8540,0.01580207,81.2940,75.9767,396.9060,402.2233,0.01352136,0.0137025,0.00048872,30.5135,31.2602,0.5580,31.8800,4.1224,1956.9333,57.1333,30.5135,,20.0,20.0,40.0,50.0,80.0,137.6001,20.0,-10.0,4.0,6.880005,1.525676,15,69,4,5,1.00000000,0.01629080,0.01629080,0E-8,0.000000,0.912652,0.000000,,2026-07-14,2026-08-06,15,116,62,24,0.625000,,1.000000,3.333333,,,,,,,,GLOBAL_BASELINE_NO_ENTITY_RANKING,,,NOT_APPLICABLE_GLOBAL_BASELINE,HF9g-P5,,,,X 全窗基线 · 不参与实体赏罚,8396169,840,A168_HF9F_20260827_0900,2026-08-27 09:00:00
2026-08-02,152973949,550,0,220.0000000000,-100.0000000000,-100.0000000000,0.4285714,7,7,0.49707555714285714,0.497075557143,-0.3624959764119633,-0.36249597641271863,-0.3624959764119633,-1.4286E-13,ELIGIBLE,R03b_20260811_FULL_v1,L1_ELIGIBILITY,v2026-08-11,2026-03-21..2026-08-06,baccarat_bet02_101_all_pairs_incl_sentinel,round_win = game_pnl > 0 (decisive only),COMPATIBILITY_ONLY_NOT_PRODUCTION,29354.0000,26790.0000,478.2000,962,857,-0.01629080,-0.01629080,,-0.01629080,-478.2000,29354.0000,OK,0.0000,14.3460,3.0000,97.0000,AG03-UNRESOLVED,ALL5_LEVELS_bet23_to_bet27,14.3460,14.3460,14.3460,19.1280,19.1280,3.000000,3.000000,3.000000,4.000000,4.000000,97.000000,97.000000,97.000000,96.000000,96.000000,5.0,81.2940,75.9767,396.9060,402.2233,PENDING_AG03,FALSE,NOT_FOR_ENFORCEMENT,463.8540,25986.3000,478.2000,463.8540,14.3460,0.01629080,0.01580207,14.3460,463.8540,0.01580207,14.3460,14.3460,14.3460,19.1280,19.1280,463.8540,0.01580207,81.2940,75.9767,396.9060,402.2233,0.01352136,0.0137025,0.00048872,30.5135,31.2602,0.5580,31.8800,4.1224,1956.9333,57.1333,30.5135,,20.0,20.0,40.0,50.0,80.0,137.6001,20.0,-10.0,4.0,6.880005,1.525676,15,69,4,5,1.00000000,0.01629080,0.01629080,0E-8,0.000000,0.912652,0.000000,,2026-07-14,2026-08-06,15,116,62,24,0.625000,,1.000000,3.333333,,,,,,,,GLOBAL_BASELINE_NO_ENTITY_RANKING,,,NOT_APPLICABLE_GLOBAL_BASELINE,HF9g-P5,,,,X 全窗基线 · 不参与实体赏罚,8396170,840,A168_HF9F_20260827_0900,2026-08-27 09:00:00
2026-08-02,152973949,583,0,116.0000000000,-39.9500000000,-39.9500000000,0.2857143,7,7,0.44204162857142857,0.442041628571,-0.832820644089154,-0.8328206440869549,-0.832820644089154,4.2857E-13,ELIGIBLE,R03b_20260811_FULL_v1,L1_ELIGIBILITY,v2026-08-11,2026-03-21..2026-08-06,baccarat_bet02_101_all_pairs_incl_sentinel,round_win = game_pnl > 0 (decisive only),COMPATIBILITY_ONLY_NOT_PRODUCTION,29354.0000,26790.0000,478.2000,962,857,-0.01629080,-0.01629080,,-0.01629080,-478.2000,29354.0000,OK,0.0000,14.3460,3.0000,97.0000,AG03-UNRESOLVED,ALL5_LEVELS_bet23_to_bet27,14.3460,14.3460,14.3460,19.1280,19.1280,3.000000,3.000000,3.000000,4.000000,4.000000,97.000000,97.000000,97.000000,96.000000,96.000000,5.0,81.2940,75.9767,396.9060,402.2233,PENDING_AG03,FALSE,NOT_FOR_ENFORCEMENT,463.8540,25986.3000,478.2000,463.8540,14.3460,0.01629080,0.01580207,14.3460,463.8540,0.01580207,14.3460,14.3460,14.3460,19.1280,19.1280,463.8540,0.01580207,81.2940,75.9767,396.9060,402.2233,0.01352136,0.0137025,0.00048872,30.5135,31.2602,0.5580,31.8800,4.1224,1956.9333,57.1333,30.5135,,20.0,20.0,40.0,50.0,80.0,137.6001,20.0,-10.0,4.0,6.880005,1.525676,15,69,4,5,1.00000000,0.01629080,0.01629080,0E-8,0.000000,0.912652,0.000000,,2026-07-14,2026-08-06,15,116,62,24,0.625000,,1.000000,3.333333,,,,,,,,GLOBAL_BASELINE_NO_ENTITY_RANKING,,,NOT_APPLICABLE_GLOBAL_BASELINE,HF9g-P5,,,,X 全窗基线 · 不参与实体赏罚,8396171,840,A168_HF9F_20260827_0900,2026-08-27 09:00:00
2026-08-02,152973949,919,0,313.0000000000,-79.0000000000,-79.0000000000,0.2857143,7,7,0.50090561428571429,0.500905614286,-1.138687347156492,-1.138687347158005,-1.138687347156492,-2.8571E-13,ELIGIBLE,R03b_20260811_FULL_v1,L1_ELIGIBILITY,v2026-08-11,2026-03-21..2026-08-06,baccarat_bet02_101_all_pairs_incl_sentinel,round_win = game_pnl > 0 (decisive only),COMPATIBILITY_ONLY_NOT_PRODUCTION,29354.0000,26790.0000,478.2000,962,857,-0.01629080,-0.01629080,,-0.01629080,-478.2000,29354.0000,OK,0.0000,14.3460,3.0000,97.0000,AG03-UNRESOLVED,ALL5_LEVELS_bet23_to_bet27,14.3460,14.3460,14.3460,19.1280,19.1280,3.000000,3.000000,3.000000,4.000000,4.000000,97.000000,97.000000,97.000000,96.000000,96.000000,5.0,81.2940,75.9767,396.9060,402.2233,PENDING_AG03,FALSE,NOT_FOR_ENFORCEMENT,463.8540,25986.3000,478.2000,463.8540,14.3460,0.01629080,0.01580207,14.3460,463.8540,0.01580207,14.3460,14.3460,14.3460,19.1280,19.1280,463.8540,0.01580207,81.2940,75.9767,396.9060,402.2233,0.01352136,0.0137025,0.00048872,30.5135,31.2602,0.5580,31.8800,4.1224,1956.9333,57.1333,30.5135,,20.0,20.0,40.0,50.0,80.0,137.6001,20.0,-10.0,4.0,6.880005,1.525676,15,69,4,5,1.00000000,0.01629080,0.01629080,0E-8,0.000000,0.912652,0.000000,,2026-07-14,2026-08-06,15,116,62,24,0.625000,,1.000000,3.333333,,,,,,,,GLOBAL_BASELINE_NO_ENTITY_RANKING,,,NOT_APPLICABLE_GLOBAL_BASELINE,HF9g-P5,,,,X 全窗基线 · 不参与实体赏罚,8396172,840,A168_HF9F_20260827_0900,2026-08-27 09:00:00
2026-08-02,152973949,970,0,60.0000000000,-21.0000000000,-21.0000000000,0.3333333,3,3,0.50218230000000000,0.502182300000,-0.5849155494134425,-0.5849155494134426,-0.5849155494134425,0E-17,ELIGIBLE,R03b_20260811_FULL_v1,L1_ELIGIBILITY,v2026-08-11,2026-03-21..2026-08-06,baccarat_bet02_101_all_pairs_incl_sentinel,round_win = game_pnl > 0 (decisive only),COMPATIBILITY_ONLY_NOT_PRODUCTION,29354.0000,26790.0000,478.2000,962,857,-0.01629080,-0.01629080,,-0.01629080,-478.2000,29354.0000,OK,0.0000,14.3460,3.0000,97.0000,AG03-UNRESOLVED,ALL5_LEVELS_bet23_to_bet27,14.3460,14.3460,14.3460,19.1280,19.1280,3.000000,3.000000,3.000000,4.000000,4.000000,97.000000,97.000000,97.000000,96.000000,96.000000,5.0,81.2940,75.9767,396.9060,402.2233,PENDING_AG03,FALSE,NOT_FOR_ENFORCEMENT,463.8540,25986.3000,478.2000,463.8540,14.3460,0.01629080,0.01580207,14.3460,463.8540,0.01580207,14.3460,14.3460,14.3460,19.1280,19.1280,463.8540,0.01580207,81.2940,75.9767,396.9060,402.2233,0.01352136,0.0137025,0.00048872,30.5135,31.2602,0.5580,31.8800,4.1224,1956.9333,57.1333,30.5135,,20.0,20.0,40.0,50.0,80.0,137.6001,20.0,-10.0,4.0,6.880005,1.525676,15,69,4,5,1.00000000,0.01629080,0.01629080,0E-8,0.000000,0.912652,0.000000,,2026-07-14,2026-08-06,15,116,62,24,0.625000,,1.000000,3.333333,,,,,,,,GLOBAL_BASELINE_NO_ENTITY_RANKING,,,NOT_APPLICABLE_GLOBAL_BASELINE,HF9g-P5,,,,X 全窗基线 · 不参与实体赏罚,8396173,840,A168_HF9F_20260827_0900,2026-08-27 09:00:00
2026-08-03,152973949,1646,0,70.0000000000,49.0000000000,49.0000000000,1.0000000,4,3,0.45342026666666667,0.431273450000,1.9016777516157637,1.9890056526381874,1.9016777516157637,0.02214681666666667,ELIGIBLE,R03b_20260811_FULL_v1,L1_ELIGIBILITY,v2026-08-11,2026-03-21..2026-08-06,baccarat_bet02_101_all_pairs_incl_sentinel,round_win = game_pnl > 0 (decisive only),COMPATIBILITY_ONLY_NOT_PRODUCTION,29354.0000,26790.0000,478.2000,962,857,-0.01629080,-0.01629080,,-0.01629080,-478.2000,29354.0000,OK,0.0000,14.3460,3.0000,97.0000,AG03-UNRESOLVED,ALL5_LEVELS_bet23_to_bet27,14.3460,14.3460,14.3460,19.1280,19.1280,3.000000,3.000000,3.000000,4.000000,4.000000,97.000000,97.000000,97.000000,96.000000,96.000000,5.0,81.2940,75.9767,396.9060,402.2233,PENDING_AG03,FALSE,NOT_FOR_ENFORCEMENT,463.8540,25986.3000,478.2000,463.8540,14.3460,0.01629080,0.01580207,14.3460,463.8540,0.01580207,14.3460,14.3460,14.3460,19.1280,19.1280,463.8540,0.01580207,81.2940,75.9767,396.9060,402.2233,0.01352136,0.0137025,0.00048872,30.5135,31.2602,0.5580,31.8800,4.1224,1956.9333,57.1333,30.5135,,20.0,20.0,40.0,50.0,80.0,137.6001,20.0,-10.0,4.0,6.880005,1.525676,15,69,4,5,1.00000000,0.01629080,0.01629080,0E-8,0.000000,0.912652,0.000000,,2026-07-14,2026-08-06,15,116,62,24,0.625000,,1.000000,3.333333,,,,,,,,GLOBAL_BASELINE_NO_ENTITY_RANKING,,,NOT_APPLICABLE_GLOBAL_BASELINE,HF9g-P5,,,,X 全窗基线 · 不参与实体赏罚,8396174,840,A168_HF9F_20260827_0900,2026-08-27 09:00:00
2026-08-03,152973949,1942,0,551.0000000000,210.4500000000,210.4500000000,0.7222222,20,20,0.50329940000000000,0.503299400000,1.857662191409443,1.857662191409443,1.857662191409443,0E-17,ELIGIBLE,R03b_20260811_FULL_v1,L1_ELIGIBILITY,v2026-08-11,2026-03-21..2026-08-06,baccarat_bet02_101_all_pairs_incl_sentinel,round_win = game_pnl > 0 (decisive only),COMPATIBILITY_ONLY_NOT_PRODUCTION,29354.0000,26790.0000,478.2000,962,857,-0.01629080,-0.01629080,,-0.01629080,-478.2000,29354.0000,OK,0.0000,14.3460,3.0000,97.0000,AG03-UNRESOLVED,ALL5_LEVELS_bet23_to_bet27,14.3460,14.3460,14.3460,19.1280,19.1280,3.000000,3.000000,3.000000,4.000000,4.000000,97.000000,97.000000,97.000000,96.000000,96.000000,5.0,81.2940,75.9767,396.9060,402.2233,PENDING_AG03,FALSE,NOT_FOR_ENFORCEMENT,463.8540,25986.3000,478.2000,463.8540,14.3460,0.01629080,0.01580207,14.3460,463.8540,0.01580207,14.3460,14.3460,14.3460,19.1280,19.1280,463.8540,0.01580207,81.2940,75.9767,396.9060,402.2233,0.01352136,0.0137025,0.00048872,30.5135,31.2602,0.5580,31.8800,4.1224,1956.9333,57.1333,30.5135,,20.0,20.0,40.0,50.0,80.0,137.6001,20.0,-10.0,4.0,6.880005,1.525676,15,69,4,5,1.00000000,0.01629080,0.01629080,0E-8,0.000000,0.912652,0.000000,,2026-07-14,2026-08-06,15,116,62,24,0.625000,,1.000000,3.333333,,,,,,,,GLOBAL_BASELINE_NO_ENTITY_RANKING,,,NOT_APPLICABLE_GLOBAL_BASELINE,HF9g-P5,,,,X 全窗基线 · 不参与实体赏罚,8396175,840,A168_HF9F_20260827_0900,2026-08-27 09:00:00
2026-08-03,152973949,1947,0,692.0000000000,130.6000000000,130.6000000000,0.6538462,30,28,0.48902033571428571,0.484274589286,1.6813055478262904,1.7301533391872521,1.6813055478262904,0.00474574642828571,ELIGIBLE,R03b_20260811_FULL_v1,L1_ELIGIBILITY,v2026-08-11,2026-03-21..2026-08-06,baccarat_bet02_101_all_pairs_incl_sentinel,round_win = game_pnl > 0 (decisive only),COMPATIBILITY_ONLY_NOT_PRODUCTION,29354.0000,26790.0000,478.2000,962,857,-0.01629080,-0.01629080,,-0.01629080,-478.2000,29354.0000,OK,0.0000,14.3460,3.0000,97.0000,AG03-UNRESOLVED,ALL5_LEVELS_bet23_to_bet27,14.3460,14.3460,14.3460,19.1280,19.1280,3.000000,3.000000,3.000000,4.000000,4.000000,97.000000,97.000000,97.000000,96.000000,96.000000,5.0,81.2940,75.9767,396.9060,402.2233,PENDING_AG03,FALSE,NOT_FOR_ENFORCEMENT,463.8540,25986.3000,478.2000,463.8540,14.3460,0.01629080,0.01580207,14.3460,463.8540,0.01580207,14.3460,14.3460,14.3460,19.1280,19.1280,463.8540,0.01580207,81.2940,75.9767,396.9060,402.2233,0.01352136,0.0137025,0.00048872,30.5135,31.2602,0.5580,31.8800,4.1224,1956.9333,57.1333,30.5135,,20.0,20.0,40.0,50.0,80.0,137.6001,20.0,-10.0,4.0,6.880005,1.525676,15,69,4,5,1.00000000,0.01629080,0.01629080,0E-8,0.000000,0.912652,0.000000,,2026-07-14,2026-08-06,15,116,62,24,0.625000,,1.000000,3.333333,,,,,,,,GLOBAL_BASELINE_NO_ENTITY_RANKING,,,NOT_APPLICABLE_GLOBAL_BASELINE,HF9g-P5,,,,X 全窗基线 · 不参与实体赏罚,8396176,840,A168_HF9F_20260827_0900,2026-08-27 09:00:00
2026-08-03,152973949,2101,0,100.0000000000,-20.0000000000,-20.0000000000,0.5000000,6,4,0.42680505000000000,0.393584825000,0.29596827525760383,0.4356416118034344,0.29596827525760383,0.03322022500000000,ELIGIBLE,R03b_20260811_FULL_v1,L1_ELIGIBILITY,v2026-08-11,2026-03-21..2026-08-06,baccarat_bet02_101_all_pairs_incl_sentinel,round_win = game_pnl > 0 (decisive only),COMPATIBILITY_ONLY_NOT_PRODUCTION,29354.0000,26790.0000,478.2000,962,857,-0.01629080,-0.01629080,,-0.01629080,-478.2000,29354.0000,OK,0.0000,14.3460,3.0000,97.0000,AG03-UNRESOLVED,ALL5_LEVELS_bet23_to_bet27,14.3460,14.3460,14.3460,19.1280,19.1280,3.000000,3.000000,3.000000,4.000000,4.000000,97.000000,97.000000,97.000000,96.000000,96.000000,5.0,81.2940,75.9767,396.9060,402.2233,PENDING_AG03,FALSE,NOT_FOR_ENFORCEMENT,463.8540,25986.3000,478.2000,463.8540,14.3460,0.01629080,0.01580207,14.3460,463.8540,0.01580207,14.3460,14.3460,14.3460,19.1280,19.1280,463.8540,0.01580207,81.2940,75.9767,396.9060,402.2233,0.01352136,0.0137025,0.00048872,30.5135,31.2602,0.5580,31.8800,4.1224,1956.9333,57.1333,30.5135,,20.0,20.0,40.0,50.0,80.0,137.6001,20.0,-10.0,4.0,6.880005,1.525676,15,69,4,5,1.00000000,0.01629080,0.01629080,0E-8,0.000000,0.912652,0.000000,,2026-07-14,2026-08-06,15,116,62,24,0.625000,,1.000000,3.333333,,,,,,,,GLOBAL_BASELINE_NO_ENTITY_RANKING,,,NOT_APPLICABLE_GLOBAL_BASELINE,HF9g-P5,,,,X 全窗基线 · 不参与实体赏罚,8396177,840,A168_HF9F_20260827_0900,2026-08-27 09:00:00
2026-08-03,152973949,2127,0,250.0000000000,-10.0000000000,-10.0000000000,0.4545455,13,11,0.47030399090909091,0.458223909091,-0.10471515461839674,-0.02448572377130362,-0.10471515461839674,0.01208008181809091,ELIGIBLE,R03b_20260811_FULL_v1,L1_ELIGIBILITY,v2026-08-11,2026-03-21..2026-08-06,baccarat_bet02_101_all_pairs_incl_sentinel,round_win = game_pnl > 0 (decisive only),COMPATIBILITY_ONLY_NOT_PRODUCTION,29354.0000,26790.0000,478.2000,962,857,-0.01629080,-0.01629080,,-0.01629080,-478.2000,29354.0000,OK,0.0000,14.3460,3.0000,97.0000,AG03-UNRESOLVED,ALL5_LEVELS_bet23_to_bet27,14.3460,14.3460,14.3460,19.1280,19.1280,3.000000,3.000000,3.000000,4.000000,4.000000,97.000000,97.000000,97.000000,96.000000,96.000000,5.0,81.2940,75.9767,396.9060,402.2233,PENDING_AG03,FALSE,NOT_FOR_ENFORCEMENT,463.8540,25986.3000,478.2000,463.8540,14.3460,0.01629080,0.01580207,14.3460,463.8540,0.01580207,14.3460,14.3460,14.3460,19.1280,19.1280,463.8540,0.01580207,81.2940,75.9767,396.9060,402.2233,0.01352136,0.0137025,0.00048872,30.5135,31.2602,0.5580,31.8800,4.1224,1956.9333,57.1333,30.5135,,20.0,20.0,40.0,50.0,80.0,137.6001,20.0,-10.0,4.0,6.880005,1.525676,15,69,4,5,1.00000000,0.01629080,0.01629080,0E-8,0.000000,0.912652,0.000000,,2026-07-14,2026-08-06,15,116,62,24,0.625000,,1.000000,3.333333,,,,,,,,GLOBAL_BASELINE_NO_ENTITY_RANKING,,,NOT_APPLICABLE_GLOBAL_BASELINE,HF9g-P5,,,,X 全窗基线 · 不参与实体赏罚,8396178,840,A168_HF9F_20260827_0900,2026-08-27 09:00:00
2026-08-03,152973949,2134,0,130.0000000000,-70.0000000000,-70.0000000000,0.2500000,6,5,0.45338123000000000,0.453381230000,-0.8170842265376995,-0.8170842265376995,-0.8170842265376995,0E-17,ELIGIBLE,R03b_20260811_FULL_v1,L1_ELIGIBILITY,v2026-08-11,2026-03-21..2026-08-06,baccarat_bet02_101_all_pairs_incl_sentinel,round_win = game_pnl > 0 (decisive only),COMPATIBILITY_ONLY_NOT_PRODUCTION,29354.0000,26790.0000,478.2000,962,857,-0.01629080,-0.01629080,,-0.01629080,-478.2000,29354.0000,OK,0.0000,14.3460,3.0000,97.0000,AG03-UNRESOLVED,ALL5_LEVELS_bet23_to_bet27,14.3460,14.3460,14.3460,19.1280,19.1280,3.000000,3.000000,3.000000,4.000000,4.000000,97.000000,97.000000,97.000000,96.000000,96.000000,5.0,81.2940,75.9767,396.9060,402.2233,PENDING_AG03,FALSE,NOT_FOR_ENFORCEMENT,463.8540,25986.3000,478.2000,463.8540,14.3460,0.01629080,0.01580207,14.3460,463.8540,0.01580207,14.3460,14.3460,14.3460,19.1280,19.1280,463.8540,0.01580207,81.2940,75.9767,396.9060,402.2233,0.01352136,0.0137025,0.00048872,30.5135,31.2602,0.5580,31.8800,4.1224,1956.9333,57.1333,30.5135,,20.0,20.0,40.0,50.0,80.0,137.6001,20.0,-10.0,4.0,6.880005,1.525676,15,69,4,5,1.00000000,0.01629080,0.01629080,0E-8,0.000000,0.912652,0.000000,,2026-07-14,2026-08-06,15,116,62,24,0.625000,,1.000000,3.333333,,,,,,,,GLOBAL_BASELINE_NO_ENTITY_RANKING,,,NOT_APPLICABLE_GLOBAL_BASELINE,HF9g-P5,,,,X 全窗基线 · 不参与实体赏罚,8396179,840,A168_HF9F_20260827_0900,2026-08-27 09:00:00
2026-08-03,152973949,2153,0,70.0000000000,10.0000000000,10.0000000000,0.5000000,2,2,0.49324550000000000,0.493245500000,0.01910635448239258,0.01910635448239258,0.01910635448239258,0E-17,ELIGIBLE,R03b_20260811_FULL_v1,L1_ELIGIBILITY,v2026-08-11,2026-03-21..2026-08-06,baccarat_bet02_101_all_pairs_incl_sentinel,round_win = game_pnl > 0 (decisive only),COMPATIBILITY_ONLY_NOT_PRODUCTION,29354.0000,26790.0000,478.2000,962,857,-0.01629080,-0.01629080,,-0.01629080,-478.2000,29354.0000,OK,0.0000,14.3460,3.0000,97.0000,AG03-UNRESOLVED,ALL5_LEVELS_bet23_to_bet27,14.3460,14.3460,14.3460,19.1280,19.1280,3.000000,3.000000,3.000000,4.000000,4.000000,97.000000,97.000000,97.000000,96.000000,96.000000,5.0,81.2940,75.9767,396.9060,402.2233,PENDING_AG03,FALSE,NOT_FOR_ENFORCEMENT,463.8540,25986.3000,478.2000,463.8540,14.3460,0.01629080,0.01580207,14.3460,463.8540,0.01580207,14.3460,14.3460,14.3460,19.1280,19.1280,463.8540,0.01580207,81.2940,75.9767,396.9060,402.2233,0.01352136,0.0137025,0.00048872,30.5135,31.2602,0.5580,31.8800,4.1224,1956.9333,57.1333,30.5135,,20.0,20.0,40.0,50.0,80.0,137.6001,20.0,-10.0,4.0,6.880005,1.525676,15,69,4,5,1.00000000,0.01629080,0.01629080,0E-8,0.000000,0.912652,0.000000,,2026-07-14,2026-08-06,15,116,62,24,0.625000,,1.000000,3.333333,,,,,,,,GLOBAL_BASELINE_NO_ENTITY_RANKING,,,NOT_APPLICABLE_GLOBAL_BASELINE,HF9g-P5,,,,X 全窗基线 · 不参与实体赏罚,8396180,840,A168_HF9F_20260827_0900,2026-08-27 09:00:00
2026-08-04,152973949,1004,0,86.0000000000,-86.0000000000,-86.0000000000,0E-7,3,3,0.49771390000000000,0.497713900000,-1.724149546644903,-1.724149546644903,-1.724149546644903,0E-17,ELIGIBLE,R03b_20260811_FULL_v1,L1_ELIGIBILITY,v2026-08-11,2026-03-21..2026-08-06,baccarat_bet02_101_all_pairs_incl_sentinel,round_win = game_pnl > 0 (decisive only),COMPATIBILITY_ONLY_NOT_PRODUCTION,29354.0000,26790.0000,478.2000,962,857,-0.01629080,-0.01629080,,-0.01629080,-478.2000,29354.0000,OK,0.0000,14.3460,3.0000,97.0000,AG03-UNRESOLVED,ALL5_LEVELS_bet23_to_bet27,14.3460,14.3460,14.3460,19.1280,19.1280,3.000000,3.000000,3.000000,4.000000,4.000000,97.000000,97.000000,97.000000,96.000000,96.000000,5.0,81.2940,75.9767,396.9060,402.2233,PENDING_AG03,FALSE,NOT_FOR_ENFORCEMENT,463.8540,25986.3000,478.2000,463.8540,14.3460,0.01629080,0.01580207,14.3460,463.8540,0.01580207,14.3460,14.3460,14.3460,19.1280,19.1280,463.8540,0.01580207,81.2940,75.9767,396.9060,402.2233,0.01352136,0.0137025,0.00048872,30.5135,31.2602,0.5580,31.8800,4.1224,1956.9333,57.1333,30.5135,,20.0,20.0,40.0,50.0,80.0,137.6001,20.0,-10.0,4.0,6.880005,1.525676,15,69,4,5,1.00000000,0.01629080,0.01629080,0E-8,0.000000,0.912652,0.000000,,2026-07-14,2026-08-06,15,116,62,24,0.625000,,1.000000,3.333333,,,,,,,,GLOBAL_BASELINE_NO_ENTITY_RANKING,,,NOT_APPLICABLE_GLOBAL_BASELINE,HF9g-P5,,,,X 全窗基线 · 不参与实体赏罚,8396181,840,A168_HF9F_20260827_0900,2026-08-27 09:00:00
2026-08-04,152973949,1301,0,966.0000000000,247.0000000000,247.0000000000,0.5555556,28,27,0.49262688888888889,0.490083383333,0.6540450027744127,0.6805406335534373,0.6540450027744127,0.00254350555588889,ELIGIBLE,R03b_20260811_FULL_v1,L1_ELIGIBILITY,v2026-08-11,2026-03-21..2026-08-06,baccarat_bet02_101_all_pairs_incl_sentinel,round_win = game_pnl > 0 (decisive only),COMPATIBILITY_ONLY_NOT_PRODUCTION,29354.0000,26790.0000,478.2000,962,857,-0.01629080,-0.01629080,,-0.01629080,-478.2000,29354.0000,OK,0.0000,14.3460,3.0000,97.0000,AG03-UNRESOLVED,ALL5_LEVELS_bet23_to_bet27,14.3460,14.3460,14.3460,19.1280,19.1280,3.000000,3.000000,3.000000,4.000000,4.000000,97.000000,97.000000,97.000000,96.000000,96.000000,5.0,81.2940,75.9767,396.9060,402.2233,PENDING_AG03,FALSE,NOT_FOR_ENFORCEMENT,463.8540,25986.3000,478.2000,463.8540,14.3460,0.01629080,0.01580207,14.3460,463.8540,0.01580207,14.3460,14.3460,14.3460,19.1280,19.1280,463.8540,0.01580207,81.2940,75.9767,396.9060,402.2233,0.01352136,0.0137025,0.00048872,30.5135,31.2602,0.5580,31.8800,4.1224,1956.9333,57.1333,30.5135,,20.0,20.0,40.0,50.0,80.0,137.6001,20.0,-10.0,4.0,6.880005,1.525676,15,69,4,5,1.00000000,0.01629080,0.01629080,0E-8,0.000000,0.912652,0.000000,,2026-07-14,2026-08-06,15,116,62,24,0.625000,,1.000000,3.333333,,,,,,,,GLOBAL_BASELINE_NO_ENTITY_RANKING,,,NOT_APPLICABLE_GLOBAL_BASELINE,HF9g-P5,,,,X 全窗基线 · 不参与实体赏罚,8396182,840,A168_HF9F_20260827_0900,2026-08-27 09:00:00
2026-08-04,152973949,1353,0,419.0000000000,50.0000000000,50.0000000000,0.6666667,20,14,0.43994610178571429,0.408779578571,1.5822200688714743,1.8171924020432124,1.5822200688714743,0.03116652321471429,ELIGIBLE,R03b_20260811_FULL_v1,L1_ELIGIBILITY,v2026-08-11,2026-03-21..2026-08-06,baccarat_bet02_101_all_pairs_incl_sentinel,round_win = game_pnl > 0 (decisive only),COMPATIBILITY_ONLY_NOT_PRODUCTION,29354.0000,26790.0000,478.2000,962,857,-0.01629080,-0.01629080,,-0.01629080,-478.2000,29354.0000,OK,0.0000,14.3460,3.0000,97.0000,AG03-UNRESOLVED,ALL5_LEVELS_bet23_to_bet27,14.3460,14.3460,14.3460,19.1280,19.1280,3.000000,3.000000,3.000000,4.000000,4.000000,97.000000,97.000000,97.000000,96.000000,96.000000,5.0,81.2940,75.9767,396.9060,402.2233,PENDING_AG03,FALSE,NOT_FOR_ENFORCEMENT,463.8540,25986.3000,478.2000,463.8540,14.3460,0.01629080,0.01580207,14.3460,463.8540,0.01580207,14.3460,14.3460,14.3460,19.1280,19.1280,463.8540,0.01580207,81.2940,75.9767,396.9060,402.2233,0.01352136,0.0137025,0.00048872,30.5135,31.2602,0.5580,31.8800,4.1224,1956.9333,57.1333,30.5135,,20.0,20.0,40.0,50.0,80.0,137.6001,20.0,-10.0,4.0,6.880005,1.525676,15,69,4,5,1.00000000,0.01629080,0.01629080,0E-8,0.000000,0.912652,0.000000,,2026-07-14,2026-08-06,15,116,62,24,0.625000,,1.000000,3.333333,,,,,,,,GLOBAL_BASELINE_NO_ENTITY_RANKING,,,NOT_APPLICABLE_GLOBAL_BASELINE,HF9g-P5,,,,X 全窗基线 · 不参与实体赏罚,8396183,840,A168_HF9F_20260827_0900,2026-08-27 09:00:00
2026-08-04,152973949,1400,0,27.0000000000,-27.0000000000,-27.0000000000,0E-7,1,1,0.49324550000000000,0.493245500000,-0.9865810262130424,-0.9865810262130424,-0.9865810262130424,0E-17,ELIGIBLE,R03b_20260811_FULL_v1,L1_ELIGIBILITY,v2026-08-11,2026-03-21..2026-08-06,baccarat_bet02_101_all_pairs_incl_sentinel,round_win = game_pnl > 0 (decisive only),COMPATIBILITY_ONLY_NOT_PRODUCTION,29354.0000,26790.0000,478.2000,962,857,-0.01629080,-0.01629080,,-0.01629080,-478.2000,29354.0000,OK,0.0000,14.3460,3.0000,97.0000,AG03-UNRESOLVED,ALL5_LEVELS_bet23_to_bet27,14.3460,14.3460,14.3460,19.1280,19.1280,3.000000,3.000000,3.000000,4.000000,4.000000,97.000000,97.000000,97.000000,96.000000,96.000000,5.0,81.2940,75.9767,396.9060,402.2233,PENDING_AG03,FALSE,NOT_FOR_ENFORCEMENT,463.8540,25986.3000,478.2000,463.8540,14.3460,0.01629080,0.01580207,14.3460,463.8540,0.01580207,14.3460,14.3460,14.3460,19.1280,19.1280,463.8540,0.01580207,81.2940,75.9767,396.9060,402.2233,0.01352136,0.0137025,0.00048872,30.5135,31.2602,0.5580,31.8800,4.1224,1956.9333,57.1333,30.5135,,20.0,20.0,40.0,50.0,80.0,137.6001,20.0,-10.0,4.0,6.880005,1.525676,15,69,4,5,1.00000000,0.01629080,0.01629080,0E-8,0.000000,0.912652,0.000000,,2026-07-14,2026-08-06,15,116,62,24,0.625000,,1.000000,3.333333,,,,,,,,GLOBAL_BASELINE_NO_ENTITY_RANKING,,,NOT_APPLICABLE_GLOBAL_BASELINE,HF9g-P5,,,,X 全窗基线 · 不参与实体赏罚,8396184,840,A168_HF9F_20260827_0900,2026-08-27 09:00:00
2026-08-04,152973949,1405,0,458.0000000000,-90.0000000000,-90.0000000000,0.4210526,22,20,0.44322102000000000,0.436465265000,-0.19451779272575404,-0.13546230492394148,-0.19451779272575404,0.00675575500000000,ELIGIBLE,R03b_20260811_FULL_v1,L1_ELIGIBILITY,v2026-08-11,2026-03-21..2026-08-06,baccarat_bet02_101_all_pairs_incl_sentinel,round_win = game_pnl > 0 (decisive only),COMPATIBILITY_ONLY_NOT_PRODUCTION,29354.0000,26790.0000,478.2000,962,857,-0.01629080,-0.01629080,,-0.01629080,-478.2000,29354.0000,OK,0.0000,14.3460,3.0000,97.0000,AG03-UNRESOLVED,ALL5_LEVELS_bet23_to_bet27,14.3460,14.3460,14.3460,19.1280,19.1280,3.000000,3.000000,3.000000,4.000000,4.000000,97.000000,97.000000,97.000000,96.000000,96.000000,5.0,81.2940,75.9767,396.9060,402.2233,PENDING_AG03,FALSE,NOT_FOR_ENFORCEMENT,463.8540,25986.3000,478.2000,463.8540,14.3460,0.01629080,0.01580207,14.3460,463.8540,0.01580207,14.3460,14.3460,14.3460,19.1280,19.1280,463.8540,0.01580207,81.2940,75.9767,396.9060,402.2233,0.01352136,0.0137025,0.00048872,30.5135,31.2602,0.5580,31.8800,4.1224,1956.9333,57.1333,30.5135,,20.0,20.0,40.0,50.0,80.0,137.6001,20.0,-10.0,4.0,6.880005,1.525676,15,69,4,5,1.00000000,0.01629080,0.01629080,0E-8,0.000000,0.912652,0.000000,,2026-07-14,2026-08-06,15,116,62,24,0.625000,,1.000000,3.333333,,,,,,,,GLOBAL_BASELINE_NO_ENTITY_RANKING,,,NOT_APPLICABLE_GLOBAL_BASELINE,HF9g-P5,,,,X 全窗基线 · 不参与实体赏罚,8396185,840,A168_HF9F_20260827_0900,2026-08-27 09:00:00
2026-08-04,152973949,1490,0,550.0000000000,180.0000000000,180.0000000000,0.6250000,20,19,0.46738718421052632,0.463890318421,1.2635932961860858,1.2922518160617937,1.2635932961860858,0.00349686578952632,ELIGIBLE,R03b_20260811_FULL_v1,L1_ELIGIBILITY,v2026-08-11,2026-03-21..2026-08-06,baccarat_bet02_101_all_pairs_incl_sentinel,round_win = game_pnl > 0 (decisive only),COMPATIBILITY_ONLY_NOT_PRODUCTION,29354.0000,26790.0000,478.2000,962,857,-0.01629080,-0.01629080,,-0.01629080,-478.2000,29354.0000,OK,0.0000,14.3460,3.0000,97.0000,AG03-UNRESOLVED,ALL5_LEVELS_bet23_to_bet27,14.3460,14.3460,14.3460,19.1280,19.1280,3.000000,3.000000,3.000000,4.000000,4.000000,97.000000,97.000000,97.000000,96.000000,96.000000,5.0,81.2940,75.9767,396.9060,402.2233,PENDING_AG03,FALSE,NOT_FOR_ENFORCEMENT,463.8540,25986.3000,478.2000,463.8540,14.3460,0.01629080,0.01580207,14.3460,463.8540,0.01580207,14.3460,14.3460,14.3460,19.1280,19.1280,463.8540,0.01580207,81.2940,75.9767,396.9060,402.2233,0.01352136,0.0137025,0.00048872,30.5135,31.2602,0.5580,31.8800,4.1224,1956.9333,57.1333,30.5135,,20.0,20.0,40.0,50.0,80.0,137.6001,20.0,-10.0,4.0,6.880005,1.525676,15,69,4,5,1.00000000,0.01629080,0.01629080,0E-8,0.000000,0.912652,0.000000,,2026-07-14,2026-08-06,15,116,62,24,0.625000,,1.000000,3.333333,,,,,,,,GLOBAL_BASELINE_NO_ENTITY_RANKING,,,NOT_APPLICABLE_GLOBAL_BASELINE,HF9g-P5,,,,X 全窗基线 · 不参与实体赏罚,8396186,840,A168_HF9F_20260827_0900,2026-08-27 09:00:00
2026-08-04,152973949,2106,0,30.0000000000,-30.0000000000,-30.0000000000,0E-7,1,1,0.49324550000000000,0.493245500000,-0.9865810262130424,-0.9865810262130424,-0.9865810262130424,0E-17,ELIGIBLE,R03b_20260811_FULL_v1,L1_ELIGIBILITY,v2026-08-11,2026-03-21..2026-08-06,baccarat_bet02_101_all_pairs_incl_sentinel,round_win = game_pnl > 0 (decisive only),COMPATIBILITY_ONLY_NOT_PRODUCTION,29354.0000,26790.0000,478.2000,962,857,-0.01629080,-0.01629080,,-0.01629080,-478.2000,29354.0000,OK,0.0000,14.3460,3.0000,97.0000,AG03-UNRESOLVED,ALL5_LEVELS_bet23_to_bet27,14.3460,14.3460,14.3460,19.1280,19.1280,3.000000,3.000000,3.000000,4.000000,4.000000,97.000000,97.000000,97.000000,96.000000,96.000000,5.0,81.2940,75.9767,396.9060,402.2233,PENDING_AG03,FALSE,NOT_FOR_ENFORCEMENT,463.8540,25986.3000,478.2000,463.8540,14.3460,0.01629080,0.01580207,14.3460,463.8540,0.01580207,14.3460,14.3460,14.3460,19.1280,19.1280,463.8540,0.01580207,81.2940,75.9767,396.9060,402.2233,0.01352136,0.0137025,0.00048872,30.5135,31.2602,0.5580,31.8800,4.1224,1956.9333,57.1333,30.5135,,20.0,20.0,40.0,50.0,80.0,137.6001,20.0,-10.0,4.0,6.880005,1.525676,15,69,4,5,1.00000000,0.01629080,0.01629080,0E-8,0.000000,0.912652,0.000000,,2026-07-14,2026-08-06,15,116,62,24,0.625000,,1.000000,3.333333,,,,,,,,GLOBAL_BASELINE_NO_ENTITY_RANKING,,,NOT_APPLICABLE_GLOBAL_BASELINE,HF9g-P5,,,,X 全窗基线 · 不参与实体赏罚,8396187,840,A168_HF9F_20260827_0900,2026-08-27 09:00:00
2026-08-04,152973949,2145,0,318.0000000000,-178.0000000000,-178.0000000000,0.2500000,11,10,0.48428482250000000,0.473983625000,-1.3259701968224173,-1.2687614117952235,-1.3259701968224173,0.01030119750000000,ELIGIBLE,R03b_20260811_FULL_v1,L1_ELIGIBILITY,v2026-08-11,2026-03-21..2026-08-06,baccarat_bet02_101_all_pairs_incl_sentinel,round_win = game_pnl > 0 (decisive only),COMPATIBILITY_ONLY_NOT_PRODUCTION,29354.0000,26790.0000,478.2000,962,857,-0.01629080,-0.01629080,,-0.01629080,-478.2000,29354.0000,OK,0.0000,14.3460,3.0000,97.0000,AG03-UNRESOLVED,ALL5_LEVELS_bet23_to_bet27,14.3460,14.3460,14.3460,19.1280,19.1280,3.000000,3.000000,3.000000,4.000000,4.000000,97.000000,97.000000,97.000000,96.000000,96.000000,5.0,81.2940,75.9767,396.9060,402.2233,PENDING_AG03,FALSE,NOT_FOR_ENFORCEMENT,463.8540,25986.3000,478.2000,463.8540,14.3460,0.01629080,0.01580207,14.3460,463.8540,0.01580207,14.3460,14.3460,14.3460,19.1280,19.1280,463.8540,0.01580207,81.2940,75.9767,396.9060,402.2233,0.01352136,0.0137025,0.00048872,30.5135,31.2602,0.5580,31.8800,4.1224,1956.9333,57.1333,30.5135,,20.0,20.0,40.0,50.0,80.0,137.6001,20.0,-10.0,4.0,6.880005,1.525676,15,69,4,5,1.00000000,0.01629080,0.01629080,0E-8,0.000000,0.912652,0.000000,,2026-07-14,2026-08-06,15,116,62,24,0.625000,,1.000000,3.333333,,,,,,,,GLOBAL_BASELINE_NO_ENTITY_RANKING,,,NOT_APPLICABLE_GLOBAL_BASELINE,HF9g-P5,,,,X 全窗基线 · 不参与实体赏罚,8396188,840,A168_HF9F_20260827_0900,2026-08-27 09:00:00
2026-08-04,152973949,2235,0,228.0000000000,68.5000000000,68.5000000000,0.7142857,10,8,0.46337657500000000,0.446766462500,1.331262349777666,1.4236706411369384,1.331262349777666,0.01661011250000000,ELIGIBLE,R03b_20260811_FULL_v1,L1_ELIGIBILITY,v2026-08-11,2026-03-21..2026-08-06,baccarat_bet02_101_all_pairs_incl_sentinel,round_win = game_pnl > 0 (decisive only),COMPATIBILITY_ONLY_NOT_PRODUCTION,29354.0000,26790.0000,478.2000,962,857,-0.01629080,-0.01629080,,-0.01629080,-478.2000,29354.0000,OK,0.0000,14.3460,3.0000,97.0000,AG03-UNRESOLVED,ALL5_LEVELS_bet23_to_bet27,14.3460,14.3460,14.3460,19.1280,19.1280,3.000000,3.000000,3.000000,4.000000,4.000000,97.000000,97.000000,97.000000,96.000000,96.000000,5.0,81.2940,75.9767,396.9060,402.2233,PENDING_AG03,FALSE,NOT_FOR_ENFORCEMENT,463.8540,25986.3000,478.2000,463.8540,14.3460,0.01629080,0.01580207,14.3460,463.8540,0.01580207,14.3460,14.3460,14.3460,19.1280,19.1280,463.8540,0.01580207,81.2940,75.9767,396.9060,402.2233,0.01352136,0.0137025,0.00048872,30.5135,31.2602,0.5580,31.8800,4.1224,1956.9333,57.1333,30.5135,,20.0,20.0,40.0,50.0,80.0,137.6001,20.0,-10.0,4.0,6.880005,1.525676,15,69,4,5,1.00000000,0.01629080,0.01629080,0E-8,0.000000,0.912652,0.000000,,2026-07-14,2026-08-06,15,116,62,24,0.625000,,1.000000,3.333333,,,,,,,,GLOBAL_BASELINE_NO_ENTITY_RANKING,,,NOT_APPLICABLE_GLOBAL_BASELINE,HF9g-P5,,,,X 全窗基线 · 不参与实体赏罚,8396189,840,A168_HF9F_20260827_0900,2026-08-27 09:00:00
2026-08-04,152973949,2261,0,120.0000000000,-50.0000000000,-50.0000000000,0.2500000,5,5,0.49860758000000000,0.498607580000,-0.9944341760919779,-0.9944341760919779,-0.9944341760919779,0E-17,ELIGIBLE,R03b_20260811_FULL_v1,L1_ELIGIBILITY,v2026-08-11,2026-03-21..2026-08-06,baccarat_bet02_101_all_pairs_incl_sentinel,round_win = game_pnl > 0 (decisive only),COMPATIBILITY_ONLY_NOT_PRODUCTION,29354.0000,26790.0000,478.2000,962,857,-0.01629080,-0.01629080,,-0.01629080,-478.2000,29354.0000,OK,0.0000,14.3460,3.0000,97.0000,AG03-UNRESOLVED,ALL5_LEVELS_bet23_to_bet27,14.3460,14.3460,14.3460,19.1280,19.1280,3.000000,3.000000,3.000000,4.000000,4.000000,97.000000,97.000000,97.000000,96.000000,96.000000,5.0,81.2940,75.9767,396.9060,402.2233,PENDING_AG03,FALSE,NOT_FOR_ENFORCEMENT,463.8540,25986.3000,478.2000,463.8540,14.3460,0.01629080,0.01580207,14.3460,463.8540,0.01580207,14.3460,14.3460,14.3460,19.1280,19.1280,463.8540,0.01580207,81.2940,75.9767,396.9060,402.2233,0.01352136,0.0137025,0.00048872,30.5135,31.2602,0.5580,31.8800,4.1224,1956.9333,57.1333,30.5135,,20.0,20.0,40.0,50.0,80.0,137.6001,20.0,-10.0,4.0,6.880005,1.525676,15,69,4,5,1.00000000,0.01629080,0.01629080,0E-8,0.000000,0.912652,0.000000,,2026-07-14,2026-08-06,15,116,62,24,0.625000,,1.000000,3.333333,,,,,,,,GLOBAL_BASELINE_NO_ENTITY_RANKING,,,NOT_APPLICABLE_GLOBAL_BASELINE,HF9g-P5,,,,X 全窗基线 · 不参与实体赏罚,8396190,840,A168_HF9F_20260827_0900,2026-08-27 09:00:00
2026-08-04,152973949,2271,0,100.0000000000,-20.0000000000,-20.0000000000,0.5000000,4,4,0.49659680000000000,0.496596800000,0.013613115331600182,0.013613115331600183,0.013613115331600182,0E-17,ELIGIBLE,R03b_20260811_FULL_v1,L1_ELIGIBILITY,v2026-08-11,2026-03-21..2026-08-06,baccarat_bet02_101_all_pairs_incl_sentinel,round_win = game_pnl > 0 (decisive only),COMPATIBILITY_ONLY_NOT_PRODUCTION,29354.0000,26790.0000,478.2000,962,857,-0.01629080,-0.01629080,,-0.01629080,-478.2000,29354.0000,OK,0.0000,14.3460,3.0000,97.0000,AG03-UNRESOLVED,ALL5_LEVELS_bet23_to_bet27,14.3460,14.3460,14.3460,19.1280,19.1280,3.000000,3.000000,3.000000,4.000000,4.000000,97.000000,97.000000,97.000000,96.000000,96.000000,5.0,81.2940,75.9767,396.9060,402.2233,PENDING_AG03,FALSE,NOT_FOR_ENFORCEMENT,463.8540,25986.3000,478.2000,463.8540,14.3460,0.01629080,0.01580207,14.3460,463.8540,0.01580207,14.3460,14.3460,14.3460,19.1280,19.1280,463.8540,0.01580207,81.2940,75.9767,396.9060,402.2233,0.01352136,0.0137025,0.00048872,30.5135,31.2602,0.5580,31.8800,4.1224,1956.9333,57.1333,30.5135,,20.0,20.0,40.0,50.0,80.0,137.6001,20.0,-10.0,4.0,6.880005,1.525676,15,69,4,5,1.00000000,0.01629080,0.01629080,0E-8,0.000000,0.912652,0.000000,,2026-07-14,2026-08-06,15,116,62,24,0.625000,,1.000000,3.333333,,,,,,,,GLOBAL_BASELINE_NO_ENTITY_RANKING,,,NOT_APPLICABLE_GLOBAL_BASELINE,HF9g-P5,,,,X 全窗基线 · 不参与实体赏罚,8396191,840,A168_HF9F_20260827_0900,2026-08-27 09:00:00
2026-08-04,152973949,471,0,220.0000000000,135.4500000000,135.4500000000,0.8750000,10,9,0.48370117407407407,0.475950077778,2.2146974153971875,2.2599831050116226,2.2146974153971875,0.00775109629607407,ELIGIBLE,R03b_20260811_FULL_v1,L1_ELIGIBILITY,v2026-08-11,2026-03-21..2026-08-06,baccarat_bet02_101_all_pairs_incl_sentinel,round_win = game_pnl > 0 (decisive only),COMPATIBILITY_ONLY_NOT_PRODUCTION,29354.0000,26790.0000,478.2000,962,857,-0.01629080,-0.01629080,,-0.01629080,-478.2000,29354.0000,OK,0.0000,14.3460,3.0000,97.0000,AG03-UNRESOLVED,ALL5_LEVELS_bet23_to_bet27,14.3460,14.3460,14.3460,19.1280,19.1280,3.000000,3.000000,3.000000,4.000000,4.000000,97.000000,97.000000,97.000000,96.000000,96.000000,5.0,81.2940,75.9767,396.9060,402.2233,PENDING_AG03,FALSE,NOT_FOR_ENFORCEMENT,463.8540,25986.3000,478.2000,463.8540,14.3460,0.01629080,0.01580207,14.3460,463.8540,0.01580207,14.3460,14.3460,14.3460,19.1280,19.1280,463.8540,0.01580207,81.2940,75.9767,396.9060,402.2233,0.01352136,0.0137025,0.00048872,30.5135,31.2602,0.5580,31.8800,4.1224,1956.9333,57.1333,30.5135,,20.0,20.0,40.0,50.0,80.0,137.6001,20.0,-10.0,4.0,6.880005,1.525676,15,69,4,5,1.00000000,0.01629080,0.01629080,0E-8,0.000000,0.912652,0.000000,,2026-07-14,2026-08-06,15,116,62,24,0.625000,,1.000000,3.333333,,,,,,,,GLOBAL_BASELINE_NO_ENTITY_RANKING,,,NOT_APPLICABLE_GLOBAL_BASELINE,HF9g-P5,,,,X 全窗基线 · 不参与实体赏罚,8396192,840,A168_HF9F_20260827_0900,2026-08-27 09:00:00
2026-08-04,152973949,526,0,20.0000000000,-20.0000000000,-20.0000000000,0E-7,1,1,0.49324550000000000,0.493245500000,-0.9865810262130424,-0.9865810262130424,-0.9865810262130424,0E-17,ELIGIBLE,R03b_20260811_FULL_v1,L1_ELIGIBILITY,v2026-08-11,2026-03-21..2026-08-06,baccarat_bet02_101_all_pairs_incl_sentinel,round_win = game_pnl > 0 (decisive only),COMPATIBILITY_ONLY_NOT_PRODUCTION,29354.0000,26790.0000,478.2000,962,857,-0.01629080,-0.01629080,,-0.01629080,-478.2000,29354.0000,OK,0.0000,14.3460,3.0000,97.0000,AG03-UNRESOLVED,ALL5_LEVELS_bet23_to_bet27,14.3460,14.3460,14.3460,19.1280,19.1280,3.000000,3.000000,3.000000,4.000000,4.000000,97.000000,97.000000,97.000000,96.000000,96.000000,5.0,81.2940,75.9767,396.9060,402.2233,PENDING_AG03,FALSE,NOT_FOR_ENFORCEMENT,463.8540,25986.3000,478.2000,463.8540,14.3460,0.01629080,0.01580207,14.3460,463.8540,0.01580207,14.3460,14.3460,14.3460,19.1280,19.1280,463.8540,0.01580207,81.2940,75.9767,396.9060,402.2233,0.01352136,0.0137025,0.00048872,30.5135,31.2602,0.5580,31.8800,4.1224,1956.9333,57.1333,30.5135,,20.0,20.0,40.0,50.0,80.0,137.6001,20.0,-10.0,4.0,6.880005,1.525676,15,69,4,5,1.00000000,0.01629080,0.01629080,0E-8,0.000000,0.912652,0.000000,,2026-07-14,2026-08-06,15,116,62,24,0.625000,,1.000000,3.333333,,,,,,,,GLOBAL_BASELINE_NO_ENTITY_RANKING,,,NOT_APPLICABLE_GLOBAL_BASELINE,HF9g-P5,,,,X 全窗基线 · 不参与实体赏罚,8396193,840,A168_HF9F_20260827_0900,2026-08-27 09:00:00
2026-08-04,152973949,919,0,60.0000000000,-60.0000000000,-60.0000000000,0E-7,3,3,0.49324550000000000,0.493245500000,-1.708808463184432,-1.7088084631844318,-1.708808463184432,0E-17,ELIGIBLE,R03b_20260811_FULL_v1,L1_ELIGIBILITY,v2026-08-11,2026-03-21..2026-08-06,baccarat_bet02_101_all_pairs_incl_sentinel,round_win = game_pnl > 0 (decisive only),COMPATIBILITY_ONLY_NOT_PRODUCTION,29354.0000,26790.0000,478.2000,962,857,-0.01629080,-0.01629080,,-0.01629080,-478.2000,29354.0000,OK,0.0000,14.3460,3.0000,97.0000,AG03-UNRESOLVED,ALL5_LEVELS_bet23_to_bet27,14.3460,14.3460,14.3460,19.1280,19.1280,3.000000,3.000000,3.000000,4.000000,4.000000,97.000000,97.000000,97.000000,96.000000,96.000000,5.0,81.2940,75.9767,396.9060,402.2233,PENDING_AG03,FALSE,NOT_FOR_ENFORCEMENT,463.8540,25986.3000,478.2000,463.8540,14.3460,0.01629080,0.01580207,14.3460,463.8540,0.01580207,14.3460,14.3460,14.3460,19.1280,19.1280,463.8540,0.01580207,81.2940,75.9767,396.9060,402.2233,0.01352136,0.0137025,0.00048872,30.5135,31.2602,0.5580,31.8800,4.1224,1956.9333,57.1333,30.5135,,20.0,20.0,40.0,50.0,80.0,137.6001,20.0,-10.0,4.0,6.880005,1.525676,15,69,4,5,1.00000000,0.01629080,0.01629080,0E-8,0.000000,0.912652,0.000000,,2026-07-14,2026-08-06,15,116,62,24,0.625000,,1.000000,3.333333,,,,,,,,GLOBAL_BASELINE_NO_ENTITY_RANKING,,,NOT_APPLICABLE_GLOBAL_BASELINE,HF9g-P5,,,,X 全窗基线 · 不参与实体赏罚,8396194,840,A168_HF9F_20260827_0900,2026-08-27 09:00:00
2026-08-05,152973949,1623,0,70.0000000000,-50.0000000000,-50.0000000000,0E-7,4,4,0.49324550000000000,0.493245500000,-1.708808463184432,-1.7088084631844318,-1.708808463184432,0E-17,ELIGIBLE,R03b_20260811_FULL_v1,L1_ELIGIBILITY,v2026-08-11,2026-03-21..2026-08-06,baccarat_bet02_101_all_pairs_incl_sentinel,round_win = game_pnl > 0 (decisive only),COMPATIBILITY_ONLY_NOT_PRODUCTION,29354.0000,26790.0000,478.2000,962,857,-0.01629080,-0.01629080,,-0.01629080,-478.2000,29354.0000,OK,0.0000,14.3460,3.0000,97.0000,AG03-UNRESOLVED,ALL5_LEVELS_bet23_to_bet27,14.3460,14.3460,14.3460,19.1280,19.1280,3.000000,3.000000,3.000000,4.000000,4.000000,97.000000,97.000000,97.000000,96.000000,96.000000,5.0,81.2940,75.9767,396.9060,402.2233,PENDING_AG03,FALSE,NOT_FOR_ENFORCEMENT,463.8540,25986.3000,478.2000,463.8540,14.3460,0.01629080,0.01580207,14.3460,463.8540,0.01580207,14.3460,14.3460,14.3460,19.1280,19.1280,463.8540,0.01580207,81.2940,75.9767,396.9060,402.2233,0.01352136,0.0137025,0.00048872,30.5135,31.2602,0.5580,31.8800,4.1224,1956.9333,57.1333,30.5135,,20.0,20.0,40.0,50.0,80.0,137.6001,20.0,-10.0,4.0,6.880005,1.525676,15,69,4,5,1.00000000,0.01629080,0.01629080,0E-8,0.000000,0.912652,0.000000,,2026-07-14,2026-08-06,15,116,62,24,0.625000,,1.000000,3.333333,,,,,,,,GLOBAL_BASELINE_NO_ENTITY_RANKING,,,NOT_APPLICABLE_GLOBAL_BASELINE,HF9g-P5,,,,X 全窗基线 · 不参与实体赏罚,8396195,840,A168_HF9F_20260827_0900,2026-08-27 09:00:00
2026-08-05,152973949,583,0,50.0000000000,-50.0000000000,-50.0000000000,0E-7,4,3,0.45639920000000000,0.433507650000,-1.587058812747788,-1.5151721724615492,-1.587058812747788,0.02289155000000000,ELIGIBLE,R03b_20260811_FULL_v1,L1_ELIGIBILITY,v2026-08-11,2026-03-21..2026-08-06,baccarat_bet02_101_all_pairs_incl_sentinel,round_win = game_pnl > 0 (decisive only),COMPATIBILITY_ONLY_NOT_PRODUCTION,29354.0000,26790.0000,478.2000,962,857,-0.01629080,-0.01629080,,-0.01629080,-478.2000,29354.0000,OK,0.0000,14.3460,3.0000,97.0000,AG03-UNRESOLVED,ALL5_LEVELS_bet23_to_bet27,14.3460,14.3460,14.3460,19.1280,19.1280,3.000000,3.000000,3.000000,4.000000,4.000000,97.000000,97.000000,97.000000,96.000000,96.000000,5.0,81.2940,75.9767,396.9060,402.2233,PENDING_AG03,FALSE,NOT_FOR_ENFORCEMENT,463.8540,25986.3000,478.2000,463.8540,14.3460,0.01629080,0.01580207,14.3460,463.8540,0.01580207,14.3460,14.3460,14.3460,19.1280,19.1280,463.8540,0.01580207,81.2940,75.9767,396.9060,402.2233,0.01352136,0.0137025,0.00048872,30.5135,31.2602,0.5580,31.8800,4.1224,1956.9333,57.1333,30.5135,,20.0,20.0,40.0,50.0,80.0,137.6001,20.0,-10.0,4.0,6.880005,1.525676,15,69,4,5,1.00000000,0.01629080,0.01629080,0E-8,0.000000,0.912652,0.000000,,2026-07-14,2026-08-06,15,116,62,24,0.625000,,1.000000,3.333333,,,,,,,,GLOBAL_BASELINE_NO_ENTITY_RANKING,,,NOT_APPLICABLE_GLOBAL_BASELINE,HF9g-P5,,,,X 全窗基线 · 不参与实体赏罚,8396196,840,A168_HF9F_20260827_0900,2026-08-27 09:00:00
2026-08-06,152973949,1323,0,96.0000000000,7.0000000000,7.0000000000,0.6666667,5,5,0.50396966000000000,0.503969660000,0.5636167270227992,0.5636167270227992,0.5636167270227992,0E-17,ELIGIBLE,R03b_20260811_FULL_v1,L1_ELIGIBILITY,v2026-08-11,2026-03-21..2026-08-06,baccarat_bet02_101_all_pairs_incl_sentinel,round_win = game_pnl > 0 (decisive only),COMPATIBILITY_ONLY_NOT_PRODUCTION,29354.0000,26790.0000,478.2000,962,857,-0.01629080,-0.01629080,,-0.01629080,-478.2000,29354.0000,OK,0.0000,14.3460,3.0000,97.0000,AG03-UNRESOLVED,ALL5_LEVELS_bet23_to_bet27,14.3460,14.3460,14.3460,19.1280,19.1280,3.000000,3.000000,3.000000,4.000000,4.000000,97.000000,97.000000,97.000000,96.000000,96.000000,5.0,81.2940,75.9767,396.9060,402.2233,PENDING_AG03,FALSE,NOT_FOR_ENFORCEMENT,463.8540,25986.3000,478.2000,463.8540,14.3460,0.01629080,0.01580207,14.3460,463.8540,0.01580207,14.3460,14.3460,14.3460,19.1280,19.1280,463.8540,0.01580207,81.2940,75.9767,396.9060,402.2233,0.01352136,0.0137025,0.00048872,30.5135,31.2602,0.5580,31.8800,4.1224,1956.9333,57.1333,30.5135,,20.0,20.0,40.0,50.0,80.0,137.6001,20.0,-10.0,4.0,6.880005,1.525676,15,69,4,5,1.00000000,0.01629080,0.01629080,0E-8,0.000000,0.912652,0.000000,,2026-07-14,2026-08-06,15,116,62,24,0.625000,,1.000000,3.333333,,,,,,,,GLOBAL_BASELINE_NO_ENTITY_RANKING,,,NOT_APPLICABLE_GLOBAL_BASELINE,HF9g-P5,,,,X 全窗基线 · 不参与实体赏罚,8396197,840,A168_HF9F_20260827_0900,2026-08-27 09:00:00
2026-08-06,152973949,1714,0,109.0000000000,-50.0000000000,-50.0000000000,0.4000000,5,5,0.50128862000000000,0.501288620000,-0.4529779837142727,-0.4529779837142727,-0.4529779837142727,0E-17,ELIGIBLE,R03b_20260811_FULL_v1,L1_ELIGIBILITY,v2026-08-11,2026-03-21..2026-08-06,baccarat_bet02_101_all_pairs_incl_sentinel,round_win = game_pnl > 0 (decisive only),COMPATIBILITY_ONLY_NOT_PRODUCTION,29354.0000,26790.0000,478.2000,962,857,-0.01629080,-0.01629080,,-0.01629080,-478.2000,29354.0000,OK,0.0000,14.3460,3.0000,97.0000,AG03-UNRESOLVED,ALL5_LEVELS_bet23_to_bet27,14.3460,14.3460,14.3460,19.1280,19.1280,3.000000,3.000000,3.000000,4.000000,4.000000,97.000000,97.000000,97.000000,96.000000,96.000000,5.0,81.2940,75.9767,396.9060,402.2233,PENDING_AG03,FALSE,NOT_FOR_ENFORCEMENT,463.8540,25986.3000,478.2000,463.8540,14.3460,0.01629080,0.01580207,14.3460,463.8540,0.01580207,14.3460,14.3460,14.3460,19.1280,19.1280,463.8540,0.01580207,81.2940,75.9767,396.9060,402.2233,0.01352136,0.0137025,0.00048872,30.5135,31.2602,0.5580,31.8800,4.1224,1956.9333,57.1333,30.5135,,20.0,20.0,40.0,50.0,80.0,137.6001,20.0,-10.0,4.0,6.880005,1.525676,15,69,4,5,1.00000000,0.01629080,0.01629080,0E-8,0.000000,0.912652,0.000000,,2026-07-14,2026-08-06,15,116,62,24,0.625000,,1.000000,3.333333,,,,,,,,GLOBAL_BASELINE_NO_ENTITY_RANKING,,,NOT_APPLICABLE_GLOBAL_BASELINE,HF9g-P5,,,,X 全窗基线 · 不参与实体赏罚,8396198,840,A168_HF9F_20260827_0900,2026-08-27 09:00:00
2026-08-06,152973949,2251,0,59.0000000000,-59.0000000000,-59.0000000000,0E-7,2,2,0.49324550000000000,0.493245500000,-1.3952362676504506,-1.3952362676504506,-1.3952362676504506,0E-17,ELIGIBLE,R03b_20260811_FULL_v1,L1_ELIGIBILITY,v2026-08-11,2026-03-21..2026-08-06,baccarat_bet02_101_all_pairs_incl_sentinel,round_win = game_pnl > 0 (decisive only),COMPATIBILITY_ONLY_NOT_PRODUCTION,29354.0000,26790.0000,478.2000,962,857,-0.01629080,-0.01629080,,-0.01629080,-478.2000,29354.0000,OK,0.0000,14.3460,3.0000,97.0000,AG03-UNRESOLVED,ALL5_LEVELS_bet23_to_bet27,14.3460,14.3460,14.3460,19.1280,19.1280,3.000000,3.000000,3.000000,4.000000,4.000000,97.000000,97.000000,97.000000,96.000000,96.000000,5.0,81.2940,75.9767,396.9060,402.2233,PENDING_AG03,FALSE,NOT_FOR_ENFORCEMENT,463.8540,25986.3000,478.2000,463.8540,14.3460,0.01629080,0.01580207,14.3460,463.8540,0.01580207,14.3460,14.3460,14.3460,19.1280,19.1280,463.8540,0.01580207,81.2940,75.9767,396.9060,402.2233,0.01352136,0.0137025,0.00048872,30.5135,31.2602,0.5580,31.8800,4.1224,1956.9333,57.1333,30.5135,,20.0,20.0,40.0,50.0,80.0,137.6001,20.0,-10.0,4.0,6.880005,1.525676,15,69,4,5,1.00000000,0.01629080,0.01629080,0E-8,0.000000,0.912652,0.000000,,2026-07-14,2026-08-06,15,116,62,24,0.625000,,1.000000,3.333333,,,,,,,,GLOBAL_BASELINE_NO_ENTITY_RANKING,,,NOT_APPLICABLE_GLOBAL_BASELINE,HF9g-P5,,,,X 全窗基线 · 不参与实体赏罚,8396199,840,A168_HF9F_20260827_0900,2026-08-27 09:00:00
2026-04-06,122755703,-1,1,130.8797738398,-130.8797738398,-130.8797738398,0E-7,1,1,0.49324550000000000,0.493245500000,-0.9865810262130424,-0.9865810262130424,-0.9865810262130424,0E-17,SENTINEL_DEALER,R03b_20260811_FULL_v1,L1_ELIGIBILITY,v2026-08-11,2026-03-21..2026-08-06,baccarat_bet02_101_all_pairs_incl_sentinel,round_win = game_pnl > 0 (decisive only),COMPATIBILITY_ONLY_NOT_PRODUCTION,1785.7236,1398.3195,483.1819,18,18,-0.27058047,,-0.27058047,-0.27058047,-483.1819,1785.7236,THIN_EXPOSURE,0.0000,19.3273,4.0000,96.0000,AG03-UNRESOLVED,ALL5_LEVELS_bet23_to_bet27,19.3273,19.3273,24.1591,24.1591,24.1591,4.000000,4.000000,5.000000,5.000000,5.000000,96.000000,96.000000,95.000000,95.000000,95.000000,5.0,111.1318,101.3924,372.0501,381.7895,PENDING_AG03,FALSE,NOT_FOR_ENFORCEMENT,463.8547,1342.3867,483.1819,463.8547,19.3273,0.27058047,0.25975726,19.3273,463.8547,0.25975726,19.3273,19.3273,24.1591,24.1591,24.1591,463.8547,0.25975726,111.1318,101.3924,372.0501,381.7895,0.20834697,0.213801,0.01082322,99.2069,77.6844,26.8434,483.1819,37.1678,1785.7236,18.0000,,99.2069,76.4338,103.1333,130.8798,130.8798,141.8737,149.2029,78.5279,-51.3049,1.375635,1.4467,0.961929,11,11,2,2,0E-8,0.27058047,,0E-8,0.000000,0.783055,0.000000,,2026-04-06,2026-04-06,1,13,11,1,1.000000,,,0.000000,,,,,,,,GLOBAL_BASELINE_NO_ENTITY_RANKING,,,NOT_APPLICABLE_GLOBAL_BASELINE,HF9g-P5,,,,X 全窗基线 · 不参与实体赏罚,8396200,840,A168_HF9F_20260827_0900,2026-08-27 09:00:00
2026-04-06,122755703,1210,0,154.9616522263,-154.9616522263,-154.9616522263,0E-7,2,2,0.50665070000000000,0.506650700000,-1.4331513700195317,-1.4331513700195317,-1.4331513700195317,0E-17,ELIGIBLE,R03b_20260811_FULL_v1,L1_ELIGIBILITY,v2026-08-11,2026-03-21..2026-08-06,baccarat_bet02_101_all_pairs_incl_sentinel,round_win = game_pnl > 0 (decisive only),COMPATIBILITY_ONLY_NOT_PRODUCTION,1785.7236,1398.3195,483.1819,18,18,-0.27058047,,-0.27058047,-0.27058047,-483.1819,1785.7236,THIN_EXPOSURE,0.0000,19.3273,4.0000,96.0000,AG03-UNRESOLVED,ALL5_LEVELS_bet23_to_bet27,19.3273,19.3273,24.1591,24.1591,24.1591,4.000000,4.000000,5.000000,5.000000,5.000000,96.000000,96.000000,95.000000,95.000000,95.000000,5.0,111.1318,101.3924,372.0501,381.7895,PENDING_AG03,FALSE,NOT_FOR_ENFORCEMENT,463.8547,1342.3867,483.1819,463.8547,19.3273,0.27058047,0.25975726,19.3273,463.8547,0.25975726,19.3273,19.3273,24.1591,24.1591,24.1591,463.8547,0.25975726,111.1318,101.3924,372.0501,381.7895,0.20834697,0.213801,0.01082322,99.2069,77.6844,26.8434,483.1819,37.1678,1785.7236,18.0000,,99.2069,76.4338,103.1333,130.8798,130.8798,141.8737,149.2029,78.5279,-51.3049,1.375635,1.4467,0.961929,11,11,2,2,0E-8,0.27058047,,0E-8,0.000000,0.783055,0.000000,,2026-04-06,2026-04-06,1,13,11,1,1.000000,,,0.000000,,,,,,,,GLOBAL_BASELINE_NO_ENTITY_RANKING,,,NOT_APPLICABLE_GLOBAL_BASELINE,HF9g-P5,,,,X 全窗基线 · 不参与实体赏罚,8396201,840,A168_HF9F_20260827_0900,2026-08-27 09:00:00
2026-04-06,122755703,1353,0,130.8797738398,130.8797738398,130.8797738398,1.0000000,1,1,0.49324550000000000,0.493245500000,1.01360149184955,1.01360149184955,1.01360149184955,0E-17,ELIGIBLE,R03b_20260811_FULL_v1,L1_ELIGIBILITY,v2026-08-11,2026-03-21..2026-08-06,baccarat_bet02_101_all_pairs_incl_sentinel,round_win = game_pnl > 0 (decisive only),COMPATIBILITY_ONLY_NOT_PRODUCTION,1785.7236,1398.3195,483.1819,18,18,-0.27058047,,-0.27058047,-0.27058047,-483.1819,1785.7236,THIN_EXPOSURE,0.0000,19.3273,4.0000,96.0000,AG03-UNRESOLVED,ALL5_LEVELS_bet23_to_bet27,19.3273,19.3273,24.1591,24.1591,24.1591,4.000000,4.000000,5.000000,5.000000,5.000000,96.000000,96.000000,95.000000,95.000000,95.000000,5.0,111.1318,101.3924,372.0501,381.7895,PENDING_AG03,FALSE,NOT_FOR_ENFORCEMENT,463.8547,1342.3867,483.1819,463.8547,19.3273,0.27058047,0.25975726,19.3273,463.8547,0.25975726,19.3273,19.3273,24.1591,24.1591,24.1591,463.8547,0.25975726,111.1318,101.3924,372.0501,381.7895,0.20834697,0.213801,0.01082322,99.2069,77.6844,26.8434,483.1819,37.1678,1785.7236,18.0000,,99.2069,76.4338,103.1333,130.8798,130.8798,141.8737,149.2029,78.5279,-51.3049,1.375635,1.4467,0.961929,11,11,2,2,0E-8,0.27058047,,0E-8,0.000000,0.783055,0.000000,,2026-04-06,2026-04-06,1,13,11,1,1.000000,,,0.000000,,,,,,,,GLOBAL_BASELINE_NO_ENTITY_RANKING,,,NOT_APPLICABLE_GLOBAL_BASELINE,HF9g-P5,,,,X 全窗基线 · 不参与实体赏罚,8396202,840,A168_HF9F_20260827_0900,2026-08-27 09:00:00
2026-04-06,122755703,1402,0,130.8797738399,-78.5278643039,-78.5278643039,0.3333333,3,3,0.49324550000000000,0.493245500000,-0.5540025479526107,-0.5540025479526106,-0.5540025479526107,0E-17,ELIGIBLE,R03b_20260811_FULL_v1,L1_ELIGIBILITY,v2026-08-11,2026-03-21..2026-08-06,baccarat_bet02_101_all_pairs_incl_sentinel,round_win = game_pnl > 0 (decisive only),COMPATIBILITY_ONLY_NOT_PRODUCTION,1785.7236,1398.3195,483.1819,18,18,-0.27058047,,-0.27058047,-0.27058047,-483.1819,1785.7236,THIN_EXPOSURE,0.0000,19.3273,4.0000,96.0000,AG03-UNRESOLVED,ALL5_LEVELS_bet23_to_bet27,19.3273,19.3273,24.1591,24.1591,24.1591,4.000000,4.000000,5.000000,5.000000,5.000000,96.000000,96.000000,95.000000,95.000000,95.000000,5.0,111.1318,101.3924,372.0501,381.7895,PENDING_AG03,FALSE,NOT_FOR_ENFORCEMENT,463.8547,1342.3867,483.1819,463.8547,19.3273,0.27058047,0.25975726,19.3273,463.8547,0.25975726,19.3273,19.3273,24.1591,24.1591,24.1591,463.8547,0.25975726,111.1318,101.3924,372.0501,381.7895,0.20834697,0.213801,0.01082322,99.2069,77.6844,26.8434,483.1819,37.1678,1785.7236,18.0000,,99.2069,76.4338,103.1333,130.8798,130.8798,141.8737,149.2029,78.5279,-51.3049,1.375635,1.4467,0.961929,11,11,2,2,0E-8,0.27058047,,0E-8,0.000000,0.783055,0.000000,,2026-04-06,2026-04-06,1,13,11,1,1.000000,,,0.000000,,,,,,,,GLOBAL_BASELINE_NO_ENTITY_RANKING,,,NOT_APPLICABLE_GLOBAL_BASELINE,HF9g-P5,,,,X 全窗基线 · 不参与实体赏罚,8396203,840,A168_HF9F_20260827_0900,2026-08-27 09:00:00
2026-04-06,122755703,1490,0,76.4337879224,-76.4337879224,-76.4337879224,0E-7,1,1,0.49324550000000000,0.493245500000,-0.9865810262130424,-0.9865810262130424,-0.9865810262130424,0E-17,ELIGIBLE,R03b_20260811_FULL_v1,L1_ELIGIBILITY,v2026-08-11,2026-03-21..2026-08-06,baccarat_bet02_101_all_pairs_incl_sentinel,round_win = game_pnl > 0 (decisive only),COMPATIBILITY_ONLY_NOT_PRODUCTION,1785.7236,1398.3195,483.1819,18,18,-0.27058047,,-0.27058047,-0.27058047,-483.1819,1785.7236,THIN_EXPOSURE,0.0000,19.3273,4.0000,96.0000,AG03-UNRESOLVED,ALL5_LEVELS_bet23_to_bet27,19.3273,19.3273,24.1591,24.1591,24.1591,4.000000,4.000000,5.000000,5.000000,5.000000,96.000000,96.000000,95.000000,95.000000,95.000000,5.0,111.1318,101.3924,372.0501,381.7895,PENDING_AG03,FALSE,NOT_FOR_ENFORCEMENT,463.8547,1342.3867,483.1819,463.8547,19.3273,0.27058047,0.25975726,19.3273,463.8547,0.25975726,19.3273,19.3273,24.1591,24.1591,24.1591,463.8547,0.25975726,111.1318,101.3924,372.0501,381.7895,0.20834697,0.213801,0.01082322,99.2069,77.6844,26.8434,483.1819,37.1678,1785.7236,18.0000,,99.2069,76.4338,103.1333,130.8798,130.8798,141.8737,149.2029,78.5279,-51.3049,1.375635,1.4467,0.961929,11,11,2,2,0E-8,0.27058047,,0E-8,0.000000,0.783055,0.000000,,2026-04-06,2026-04-06,1,13,11,1,1.000000,,,0.000000,,,,,,,,GLOBAL_BASELINE_NO_ENTITY_RANKING,,,NOT_APPLICABLE_GLOBAL_BASELINE,HF9g-P5,,,,X 全窗基线 · 不参与实体赏罚,8396204,840,A168_HF9F_20260827_0900,2026-08-27 09:00:00
2026-04-06,122755703,1985,0,125.6445828862,0E-10,0E-10,,1,1,0.49324550000000000,0.493245500000,,,,0E-17,NO_DECISIVE_ROUND,R03b_20260811_FULL_v1,L1_ELIGIBILITY,v2026-08-11,2026-03-21..2026-08-06,baccarat_bet02_101_all_pairs_incl_sentinel,round_win = game_pnl > 0 (decisive only),COMPATIBILITY_ONLY_NOT_PRODUCTION,1785.7236,1398.3195,483.1819,18,18,-0.27058047,,-0.27058047,-0.27058047,-483.1819,1785.7236,THIN_EXPOSURE,0.0000,19.3273,4.0000,96.0000,AG03-UNRESOLVED,ALL5_LEVELS_bet23_to_bet27,19.3273,19.3273,24.1591,24.1591,24.1591,4.000000,4.000000,5.000000,5.000000,5.000000,96.000000,96.000000,95.000000,95.000000,95.000000,5.0,111.1318,101.3924,372.0501,381.7895,PENDING_AG03,FALSE,NOT_FOR_ENFORCEMENT,463.8547,1342.3867,483.1819,463.8547,19.3273,0.27058047,0.25975726,19.3273,463.8547,0.25975726,19.3273,19.3273,24.1591,24.1591,24.1591,463.8547,0.25975726,111.1318,101.3924,372.0501,381.7895,0.20834697,0.213801,0.01082322,99.2069,77.6844,26.8434,483.1819,37.1678,1785.7236,18.0000,,99.2069,76.4338,103.1333,130.8798,130.8798,141.8737,149.2029,78.5279,-51.3049,1.375635,1.4467,0.961929,11,11,2,2,0E-8,0.27058047,,0E-8,0.000000,0.783055,0.000000,,2026-04-06,2026-04-06,1,13,11,1,1.000000,,,0.000000,,,,,,,,GLOBAL_BASELINE_NO_ENTITY_RANKING,,,NOT_APPLICABLE_GLOBAL_BASELINE,HF9g-P5,,,,X 全窗基线 · 不参与实体赏罚,8396205,840,A168_HF9F_20260827_0900,2026-08-27 09:00:00
2026-04-06,122755703,2235,0,207.3135617622,-54.4459859174,-54.4459859174,0.5000000,2,2,0.49994810000000000,0.499948100000,0.00014679536856514622,0.00014679536856514622,0.00014679536856514622,0E-17,ELIGIBLE,R03b_20260811_FULL_v1,L1_ELIGIBILITY,v2026-08-11,2026-03-21..2026-08-06,baccarat_bet02_101_all_pairs_incl_sentinel,round_win = game_pnl > 0 (decisive only),COMPATIBILITY_ONLY_NOT_PRODUCTION,1785.7236,1398.3195,483.1819,18,18,-0.27058047,,-0.27058047,-0.27058047,-483.1819,1785.7236,THIN_EXPOSURE,0.0000,19.3273,4.0000,96.0000,AG03-UNRESOLVED,ALL5_LEVELS_bet23_to_bet27,19.3273,19.3273,24.1591,24.1591,24.1591,4.000000,4.000000,5.000000,5.000000,5.000000,96.000000,96.000000,95.000000,95.000000,95.000000,5.0,111.1318,101.3924,372.0501,381.7895,PENDING_AG03,FALSE,NOT_FOR_ENFORCEMENT,463.8547,1342.3867,483.1819,463.8547,19.3273,0.27058047,0.25975726,19.3273,463.8547,0.25975726,19.3273,19.3273,24.1591,24.1591,24.1591,463.8547,0.25975726,111.1318,101.3924,372.0501,381.7895,0.20834697,0.213801,0.01082322,99.2069,77.6844,26.8434,483.1819,37.1678,1785.7236,18.0000,,99.2069,76.4338,103.1333,130.8798,130.8798,141.8737,149.2029,78.5279,-51.3049,1.375635,1.4467,0.961929,11,11,2,2,0E-8,0.27058047,,0E-8,0.000000,0.783055,0.000000,,2026-04-06,2026-04-06,1,13,11,1,1.000000,,,0.000000,,,,,,,,GLOBAL_BASELINE_NO_ENTITY_RANKING,,,NOT_APPLICABLE_GLOBAL_BASELINE,HF9g-P5,,,,X 全窗基线 · 不参与实体赏罚,8396206,840,A168_HF9F_20260827_0900,2026-08-27 09:00:00
2026-04-06,122755703,2246,0,410.9624898569,10.8630212287,10.8630212287,0.5000000,3,3,0.50218230000000000,0.502182300000,-0.00617253530718887,-0.00617253530718887,-0.00617253530718887,0E-17,ELIGIBLE,R03b_20260811_FULL_v1,L1_ELIGIBILITY,v2026-08-11,2026-03-21..2026-08-06,baccarat_bet02_101_all_pairs_incl_sentinel,round_win = game_pnl > 0 (decisive only),COMPATIBILITY_ONLY_NOT_PRODUCTION,1785.7236,1398.3195,483.1819,18,18,-0.27058047,,-0.27058047,-0.27058047,-483.1819,1785.7236,THIN_EXPOSURE,0.0000,19.3273,4.0000,96.0000,AG03-UNRESOLVED,ALL5_LEVELS_bet23_to_bet27,19.3273,19.3273,24.1591,24.1591,24.1591,4.000000,4.000000,5.000000,5.000000,5.000000,96.000000,96.000000,95.000000,95.000000,95.000000,5.0,111.1318,101.3924,372.0501,381.7895,PENDING_AG03,FALSE,NOT_FOR_ENFORCEMENT,463.8547,1342.3867,483.1819,463.8547,19.3273,0.27058047,0.25975726,19.3273,463.8547,0.25975726,19.3273,19.3273,24.1591,24.1591,24.1591,463.8547,0.25975726,111.1318,101.3924,372.0501,381.7895,0.20834697,0.213801,0.01082322,99.2069,77.6844,26.8434,483.1819,37.1678,1785.7236,18.0000,,99.2069,76.4338,103.1333,130.8798,130.8798,141.8737,149.2029,78.5279,-51.3049,1.375635,1.4467,0.961929,11,11,2,2,0E-8,0.27058047,,0E-8,0.000000,0.783055,0.000000,,2026-04-06,2026-04-06,1,13,11,1,1.000000,,,0.000000,,,,,,,,GLOBAL_BASELINE_NO_ENTITY_RANKING,,,NOT_APPLICABLE_GLOBAL_BASELINE,HF9g-P5,,,,X 全窗基线 · 不参与实体赏罚,8396207,840,A168_HF9F_20260827_0900,2026-08-27 09:00:00
2026-04-06,122755703,529,0,130.8797738398,0E-10,0E-10,,1,1,0.50665070000000000,0.506650700000,,,,0E-17,NO_DECISIVE_ROUND,R03b_20260811_FULL_v1,L1_ELIGIBILITY,v2026-08-11,2026-03-21..2026-08-06,baccarat_bet02_101_all_pairs_incl_sentinel,round_win = game_pnl > 0 (decisive only),COMPATIBILITY_ONLY_NOT_PRODUCTION,1785.7236,1398.3195,483.1819,18,18,-0.27058047,,-0.27058047,-0.27058047,-483.1819,1785.7236,THIN_EXPOSURE,0.0000,19.3273,4.0000,96.0000,AG03-UNRESOLVED,ALL5_LEVELS_bet23_to_bet27,19.3273,19.3273,24.1591,24.1591,24.1591,4.000000,4.000000,5.000000,5.000000,5.000000,96.000000,96.000000,95.000000,95.000000,95.000000,5.0,111.1318,101.3924,372.0501,381.7895,PENDING_AG03,FALSE,NOT_FOR_ENFORCEMENT,463.8547,1342.3867,483.1819,463.8547,19.3273,0.27058047,0.25975726,19.3273,463.8547,0.25975726,19.3273,19.3273,24.1591,24.1591,24.1591,463.8547,0.25975726,111.1318,101.3924,372.0501,381.7895,0.20834697,0.213801,0.01082322,99.2069,77.6844,26.8434,483.1819,37.1678,1785.7236,18.0000,,99.2069,76.4338,103.1333,130.8798,130.8798,141.8737,149.2029,78.5279,-51.3049,1.375635,1.4467,0.961929,11,11,2,2,0E-8,0.27058047,,0E-8,0.000000,0.783055,0.000000,,2026-04-06,2026-04-06,1,13,11,1,1.000000,,,0.000000,,,,,,,,GLOBAL_BASELINE_NO_ENTITY_RANKING,,,NOT_APPLICABLE_GLOBAL_BASELINE,HF9g-P5,,,,X 全窗基线 · 不参与实体赏罚,8396208,840,A168_HF9F_20260827_0900,2026-08-27 09:00:00
2026-04-06,122755703,772,0,161.2438813706,-4.0310970343,-4.0310970343,0.5000000,2,2,0.50665070000000000,0.506650700000,-0.018812684590367487,-0.018812684590367487,-0.018812684590367487,0E-17,ELIGIBLE,R03b_20260811_FULL_v1,L1_ELIGIBILITY,v2026-08-11,2026-03-21..2026-08-06,baccarat_bet02_101_all_pairs_incl_sentinel,round_win = game_pnl > 0 (decisive only),COMPATIBILITY_ONLY_NOT_PRODUCTION,1785.7236,1398.3195,483.1819,18,18,-0.27058047,,-0.27058047,-0.27058047,-483.1819,1785.7236,THIN_EXPOSURE,0.0000,19.3273,4.0000,96.0000,AG03-UNRESOLVED,ALL5_LEVELS_bet23_to_bet27,19.3273,19.3273,24.1591,24.1591,24.1591,4.000000,4.000000,5.000000,5.000000,5.000000,96.000000,96.000000,95.000000,95.000000,95.000000,5.0,111.1318,101.3924,372.0501,381.7895,PENDING_AG03,FALSE,NOT_FOR_ENFORCEMENT,463.8547,1342.3867,483.1819,463.8547,19.3273,0.27058047,0.25975726,19.3273,463.8547,0.25975726,19.3273,19.3273,24.1591,24.1591,24.1591,463.8547,0.25975726,111.1318,101.3924,372.0501,381.7895,0.20834697,0.213801,0.01082322,99.2069,77.6844,26.8434,483.1819,37.1678,1785.7236,18.0000,,99.2069,76.4338,103.1333,130.8798,130.8798,141.8737,149.2029,78.5279,-51.3049,1.375635,1.4467,0.961929,11,11,2,2,0E-8,0.27058047,,0E-8,0.000000,0.783055,0.000000,,2026-04-06,2026-04-06,1,13,11,1,1.000000,,,0.000000,,,,,,,,GLOBAL_BASELINE_NO_ENTITY_RANKING,,,NOT_APPLICABLE_GLOBAL_BASELINE,HF9g-P5,,,,X 全窗基线 · 不参与实体赏罚,8396209,840,A168_HF9F_20260827_0900,2026-08-27 09:00:00
2026-04-06,122755703,789,0,125.6445828862,-125.6445828862,-125.6445828862,0E-7,1,1,0.49324550000000000,0.493245500000,-0.9865810262130424,-0.9865810262130424,-0.9865810262130424,0E-17,ELIGIBLE,R03b_20260811_FULL_v1,L1_ELIGIBILITY,v2026-08-11,2026-03-21..2026-08-06,baccarat_bet02_101_all_pairs_incl_sentinel,round_win = game_pnl > 0 (decisive only),COMPATIBILITY_ONLY_NOT_PRODUCTION,1785.7236,1398.3195,483.1819,18,18,-0.27058047,,-0.27058047,-0.27058047,-483.1819,1785.7236,THIN_EXPOSURE,0.0000,19.3273,4.0000,96.0000,AG03-UNRESOLVED,ALL5_LEVELS_bet23_to_bet27,19.3273,19.3273,24.1591,24.1591,24.1591,4.000000,4.000000,5.000000,5.000000,5.000000,96.000000,96.000000,95.000000,95.000000,95.000000,5.0,111.1318,101.3924,372.0501,381.7895,PENDING_AG03,FALSE,NOT_FOR_ENFORCEMENT,463.8547,1342.3867,483.1819,463.8547,19.3273,0.27058047,0.25975726,19.3273,463.8547,0.25975726,19.3273,19.3273,24.1591,24.1591,24.1591,463.8547,0.25975726,111.1318,101.3924,372.0501,381.7895,0.20834697,0.213801,0.01082322,99.2069,77.6844,26.8434,483.1819,37.1678,1785.7236,18.0000,,99.2069,76.4338,103.1333,130.8798,130.8798,141.8737,149.2029,78.5279,-51.3049,1.375635,1.4467,0.961929,11,11,2,2,0E-8,0.27058047,,0E-8,0.000000,0.783055,0.000000,,2026-04-06,2026-04-06,1,13,11,1,1.000000,,,0.000000,,,,,,,,GLOBAL_BASELINE_NO_ENTITY_RANKING,,,NOT_APPLICABLE_GLOBAL_BASELINE,HF9g-P5,,,,X 全窗基线 · 不参与实体赏罚,8396210,840,A168_HF9F_20260827_0900,2026-08-27 09:00:00
2026-08-05,129947453,1385,0,187.2799460634,-187.2799460634,-187.2799460634,0E-7,1,1,0.49324550000000000,0.493245500000,-0.9865810262130424,-0.9865810262130424,-0.9865810262130424,0E-17,ELIGIBLE,R03b_20260811_FULL_v1,L1_ELIGIBILITY,v2026-08-11,2026-03-21..2026-08-06,baccarat_bet02_101_all_pairs_incl_sentinel,round_win = game_pnl > 0 (decisive only),COMPATIBILITY_ONLY_NOT_PRODUCTION,1588.1339,1213.5741,483.1823,7,7,-0.30424528,-0.30424528,,-0.30424528,-483.1823,1588.1339,THIN_EXPOSURE,0.0000,19.3273,4.0000,96.0000,AG03-UNRESOLVED,ALL5_LEVELS_bet23_to_bet27,19.3273,19.3273,19.3273,28.9909,28.9909,4.000000,4.000000,4.000000,6.000000,6.000000,96.000000,96.000000,96.000000,94.000000,94.000000,5.0,115.9637,105.4532,367.2185,377.7291,PENDING_AG03,FALSE,NOT_FOR_ENFORCEMENT,463.8550,1165.0311,483.1823,463.8550,19.3273,0.30424528,0.29207547,19.3273,463.8550,0.29207547,19.3273,19.3273,19.3273,28.9909,28.9909,463.8550,0.29207547,115.9637,105.4532,367.2185,377.7291,0.23122642,0.23784458,0.01216981,226.8763,173.3677,69.0260,483.1823,96.6365,1588.1339,7.0000,226.8763,,187.28,187.28,331.4855,374.5599,374.5599,374.5599,187.28,-187.28,2.0,2.0,1.211429,5,5,1,2,1.00000000,0.30424528,0.30424528,0E-8,0.000000,0.764151,0.000000,,2026-08-05,2026-08-05,1,5,5,1,1.000000,,1.000000,3.333333,,,,,,,,GLOBAL_BASELINE_NO_ENTITY_RANKING,,,NOT_APPLICABLE_GLOBAL_BASELINE,HF9g-P5,,,,X 全窗基线 · 不参与实体赏罚,8396211,840,A168_HF9F_20260827_0900,2026-08-27 09:00:00
2026-08-05,129947453,1623,0,561.8398381902,-187.2799460634,-187.2799460634,0E-7,2,2,0.50665070000000000,0.506650700000,-1.013391052207602,-1.013391052207602,-1.013391052207602,0E-17,ELIGIBLE,R03b_20260811_FULL_v1,L1_ELIGIBILITY,v2026-08-11,2026-03-21..2026-08-06,baccarat_bet02_101_all_pairs_incl_sentinel,round_win = game_pnl > 0 (decisive only),COMPATIBILITY_ONLY_NOT_PRODUCTION,1588.1339,1213.5741,483.1823,7,7,-0.30424528,-0.30424528,,-0.30424528,-483.1823,1588.1339,THIN_EXPOSURE,0.0000,19.3273,4.0000,96.0000,AG03-UNRESOLVED,ALL5_LEVELS_bet23_to_bet27,19.3273,19.3273,19.3273,28.9909,28.9909,4.000000,4.000000,4.000000,6.000000,6.000000,96.000000,96.000000,96.000000,94.000000,94.000000,5.0,115.9637,105.4532,367.2185,377.7291,PENDING_AG03,FALSE,NOT_FOR_ENFORCEMENT,463.8550,1165.0311,483.1823,463.8550,19.3273,0.30424528,0.29207547,19.3273,463.8550,0.29207547,19.3273,19.3273,19.3273,28.9909,28.9909,463.8550,0.29207547,115.9637,105.4532,367.2185,377.7291,0.23122642,0.23784458,0.01216981,226.8763,173.3677,69.0260,483.1823,96.6365,1588.1339,7.0000,226.8763,,187.28,187.28,331.4855,374.5599,374.5599,374.5599,187.28,-187.28,2.0,2.0,1.211429,5,5,1,2,1.00000000,0.30424528,0.30424528,0E-8,0.000000,0.764151,0.000000,,2026-08-05,2026-08-05,1,5,5,1,1.000000,,1.000000,3.333333,,,,,,,,GLOBAL_BASELINE_NO_ENTITY_RANKING,,,NOT_APPLICABLE_GLOBAL_BASELINE,HF9g-P5,,,,X 全窗基线 · 不参与实体赏罚,8396212,840,A168_HF9F_20260827_0900,2026-08-27 09:00:00
2026-08-05,129947453,1966,0,202.2623417484,-202.2623417484,-202.2623417484,0E-7,1,1,0.49324550000000000,0.493245500000,-0.9865810262130424,-0.9865810262130424,-0.9865810262130424,0E-17,ELIGIBLE,R03b_20260811_FULL_v1,L1_ELIGIBILITY,v2026-08-11,2026-03-21..2026-08-06,baccarat_bet02_101_all_pairs_incl_sentinel,round_win = game_pnl > 0 (decisive only),COMPATIBILITY_ONLY_NOT_PRODUCTION,1588.1339,1213.5741,483.1823,7,7,-0.30424528,-0.30424528,,-0.30424528,-483.1823,1588.1339,THIN_EXPOSURE,0.0000,19.3273,4.0000,96.0000,AG03-UNRESOLVED,ALL5_LEVELS_bet23_to_bet27,19.3273,19.3273,19.3273,28.9909,28.9909,4.000000,4.000000,4.000000,6.000000,6.000000,96.000000,96.000000,96.000000,94.000000,94.000000,5.0,115.9637,105.4532,367.2185,377.7291,PENDING_AG03,FALSE,NOT_FOR_ENFORCEMENT,463.8550,1165.0311,483.1823,463.8550,19.3273,0.30424528,0.29207547,19.3273,463.8550,0.29207547,19.3273,19.3273,19.3273,28.9909,28.9909,463.8550,0.29207547,115.9637,105.4532,367.2185,377.7291,0.23122642,0.23784458,0.01216981,226.8763,173.3677,69.0260,483.1823,96.6365,1588.1339,7.0000,226.8763,,187.28,187.28,331.4855,374.5599,374.5599,374.5599,187.28,-187.28,2.0,2.0,1.211429,5,5,1,2,1.00000000,0.30424528,0.30424528,0E-8,0.000000,0.764151,0.000000,,2026-08-05,2026-08-05,1,5,5,1,1.000000,,1.000000,3.333333,,,,,,,,GLOBAL_BASELINE_NO_ENTITY_RANKING,,,NOT_APPLICABLE_GLOBAL_BASELINE,HF9g-P5,,,,X 全窗基线 · 不参与实体赏罚,8396213,840,A168_HF9F_20260827_0900,2026-08-27 09:00:00
2026-08-05,129947453,2142,0,374.5598921268,355.8318975204,355.8318975204,1.0000000,1,1,0.50665070000000000,0.506650700000,0.9867858985152569,0.9867858985152569,0.9867858985152569,0E-17,ELIGIBLE,R03b_20260811_FULL_v1,L1_ELIGIBILITY,v2026-08-11,2026-03-21..2026-08-06,baccarat_bet02_101_all_pairs_incl_sentinel,round_win = game_pnl > 0 (decisive only),COMPATIBILITY_ONLY_NOT_PRODUCTION,1588.1339,1213.5741,483.1823,7,7,-0.30424528,-0.30424528,,-0.30424528,-483.1823,1588.1339,THIN_EXPOSURE,0.0000,19.3273,4.0000,96.0000,AG03-UNRESOLVED,ALL5_LEVELS_bet23_to_bet27,19.3273,19.3273,19.3273,28.9909,28.9909,4.000000,4.000000,4.000000,6.000000,6.000000,96.000000,96.000000,96.000000,94.000000,94.000000,5.0,115.9637,105.4532,367.2185,377.7291,PENDING_AG03,FALSE,NOT_FOR_ENFORCEMENT,463.8550,1165.0311,483.1823,463.8550,19.3273,0.30424528,0.29207547,19.3273,463.8550,0.29207547,19.3273,19.3273,19.3273,28.9909,28.9909,463.8550,0.29207547,115.9637,105.4532,367.2185,377.7291,0.23122642,0.23784458,0.01216981,226.8763,173.3677,69.0260,483.1823,96.6365,1588.1339,7.0000,226.8763,,187.28,187.28,331.4855,374.5599,374.5599,374.5599,187.28,-187.28,2.0,2.0,1.211429,5,5,1,2,1.00000000,0.30424528,0.30424528,0E-8,0.000000,0.764151,0.000000,,2026-08-05,2026-08-05,1,5,5,1,1.000000,,1.000000,3.333333,,,,,,,,GLOBAL_BASELINE_NO_ENTITY_RANKING,,,NOT_APPLICABLE_GLOBAL_BASELINE,HF9g-P5,,,,X 全窗基线 · 不参与实体赏罚,8396214,840,A168_HF9F_20260827_0900,2026-08-27 09:00:00
2026-08-05,129947453,772,0,262.1919244888,-262.1919244888,-262.1919244888,0E-7,2,2,0.49994810000000000,0.499948100000,-1.4140667746232096,-1.4140667746232096,-1.4140667746232096,0E-17,ELIGIBLE,R03b_20260811_FULL_v1,L1_ELIGIBILITY,v2026-08-11,2026-03-21..2026-08-06,baccarat_bet02_101_all_pairs_incl_sentinel,round_win = game_pnl > 0 (decisive only),COMPATIBILITY_ONLY_NOT_PRODUCTION,1588.1339,1213.5741,483.1823,7,7,-0.30424528,-0.30424528,,-0.30424528,-483.1823,1588.1339,THIN_EXPOSURE,0.0000,19.3273,4.0000,96.0000,AG03-UNRESOLVED,ALL5_LEVELS_bet23_to_bet27,19.3273,19.3273,19.3273,28.9909,28.9909,4.000000,4.000000,4.000000,6.000000,6.000000,96.000000,96.000000,96.000000,94.000000,94.000000,5.0,115.9637,105.4532,367.2185,377.7291,PENDING_AG03,FALSE,NOT_FOR_ENFORCEMENT,463.8550,1165.0311,483.1823,463.8550,19.3273,0.30424528,0.29207547,19.3273,463.8550,0.29207547,19.3273,19.3273,19.3273,28.9909,28.9909,463.8550,0.29207547,115.9637,105.4532,367.2185,377.7291,0.23122642,0.23784458,0.01216981,226.8763,173.3677,69.0260,483.1823,96.6365,1588.1339,7.0000,226.8763,,187.28,187.28,331.4855,374.5599,374.5599,374.5599,187.28,-187.28,2.0,2.0,1.211429,5,5,1,2,1.00000000,0.30424528,0.30424528,0E-8,0.000000,0.764151,0.000000,,2026-08-05,2026-08-05,1,5,5,1,1.000000,,1.000000,3.333333,,,,,,,,GLOBAL_BASELINE_NO_ENTITY_RANKING,,,NOT_APPLICABLE_GLOBAL_BASELINE,HF9g-P5,,,,X 全窗基线 · 不参与实体赏罚,8396215,840,A168_HF9F_20260827_0900,2026-08-27 09:00:00
2026-05-13,149782147,-1,1,378.9836347974,-241.1714039619,-238.6907838071,0.2000000,11,5,0.39477150333351631,0.296264800000,-0.8910002721016018,-0.4714198337499274,-0.8910002721016018,0.09850670333351631,SENTINEL_DEALER,R03b_20260811_FULL_v1,L1_ELIGIBILITY,v2026-08-11,2026-03-21..2026-08-06,baccarat_bet02_101_all_pairs_incl_sentinel,round_win = game_pnl > 0 (decisive only),COMPATIBILITY_ONLY_NOT_PRODUCTION,1533.1611,1412.5754,505.4953,43,19,-0.32970787,,-0.32970787,-0.33707865,-505.4953,1533.1611,OK,11.3006,30.3297,6.0000,94.0000,AG03-UNRESOLVED,ALL5_LEVELS_bet23_to_bet27,30.3297,30.3297,30.3297,30.3297,30.3297,6.000000,6.000000,6.000000,6.000000,6.000000,94.000000,94.000000,94.000000,94.000000,94.000000,5.0,151.6486,134.5103,342.5461,359.6844,PENDING_AG03,FALSE,NOT_FOR_ENFORCEMENT,475.1655,1327.8208,494.1947,463.8649,19.0291,0.32233708,0.30255461,30.3297,463.8649,0.30255461,30.3297,30.3297,30.3297,30.3297,30.3297,463.8649,0.30255461,151.6486,134.5103,342.5461,359.6844,0.22342472,0.23460314,0.01241169,35.6549,74.3461,26.6050,505.4953,50.5495,1533.1611,19.0000,,35.6549,17.2265,17.2265,34.4531,74.0741,109.3884,189.4918,17.2265,-17.0887,6.349999,11.000001,2.069768,10,9,1,5,0E-8,0.32970787,,0.00800000,0.800000,0.921348,1.000000,,2026-05-13,2026-05-13,1,10,10,1,1.000000,,,0.000000,,,,,,,,GLOBAL_BASELINE_NO_ENTITY_RANKING,,,NOT_APPLICABLE_GLOBAL_BASELINE,HF9g-P5,,,,X 全窗基线 · 不参与实体赏罚,8396216,840,A168_HF9F_20260827_0900,2026-08-27 09:00:00
2026-05-13,149782147,1210,0,292.8509905253,-155.0387596899,-152.6959517657,0.3333333,8,3,0.35640980277788786,0.245546775000,-0.08345463500723901,0.35326887338577656,-0.08345463500723901,0.11086302777788786,ELIGIBLE,R03b_20260811_FULL_v1,L1_ELIGIBILITY,v2026-08-11,2026-03-21..2026-08-06,baccarat_bet02_101_all_pairs_incl_sentinel,round_win = game_pnl > 0 (decisive only),COMPATIBILITY_ONLY_NOT_PRODUCTION,1533.1611,1412.5754,505.4953,43,19,-0.32970787,,-0.32970787,-0.33707865,-505.4953,1533.1611,OK,11.3006,30.3297,6.0000,94.0000,AG03-UNRESOLVED,ALL5_LEVELS_bet23_to_bet27,30.3297,30.3297,30.3297,30.3297,30.3297,6.000000,6.000000,6.000000,6.000000,6.000000,94.000000,94.000000,94.000000,94.000000,94.000000,5.0,151.6486,134.5103,342.5461,359.6844,PENDING_AG03,FALSE,NOT_FOR_ENFORCEMENT,475.1655,1327.8208,494.1947,463.8649,19.0291,0.32233708,0.30255461,30.3297,463.8649,0.30255461,30.3297,30.3297,30.3297,30.3297,30.3297,463.8649,0.30255461,151.6486,134.5103,342.5461,359.6844,0.22342472,0.23460314,0.01241169,35.6549,74.3461,26.6050,505.4953,50.5495,1533.1611,19.0000,,35.6549,17.2265,17.2265,34.4531,74.0741,109.3884,189.4918,17.2265,-17.0887,6.349999,11.000001,2.069768,10,9,1,5,0E-8,0.32970787,,0.00800000,0.800000,0.921348,1.000000,,2026-05-13,2026-05-13,1,10,10,1,1.000000,,,0.000000,,,,,,,,GLOBAL_BASELINE_NO_ENTITY_RANKING,,,NOT_APPLICABLE_GLOBAL_BASELINE,HF9g-P5,,,,X 全窗基线 · 不参与实体赏罚,8396217,840,A168_HF9F_20260827_0900,2026-08-27 09:00:00
2026-05-13,149782147,1304,0,155.0387596898,34.4530577090,35.5555555555,1.0000000,6,3,0.39329554444460983,0.329094916667,1.756483509372094,2.019226103974557,1.756483509372094,0.06420062777760983,ELIGIBLE,R03b_20260811_FULL_v1,L1_ELIGIBILITY,v2026-08-11,2026-03-21..2026-08-06,baccarat_bet02_101_all_pairs_incl_sentinel,round_win = game_pnl > 0 (decisive only),COMPATIBILITY_ONLY_NOT_PRODUCTION,1533.1611,1412.5754,505.4953,43,19,-0.32970787,,-0.32970787,-0.33707865,-505.4953,1533.1611,OK,11.3006,30.3297,6.0000,94.0000,AG03-UNRESOLVED,ALL5_LEVELS_bet23_to_bet27,30.3297,30.3297,30.3297,30.3297,30.3297,6.000000,6.000000,6.000000,6.000000,6.000000,94.000000,94.000000,94.000000,94.000000,94.000000,5.0,151.6486,134.5103,342.5461,359.6844,PENDING_AG03,FALSE,NOT_FOR_ENFORCEMENT,475.1655,1327.8208,494.1947,463.8649,19.0291,0.32233708,0.30255461,30.3297,463.8649,0.30255461,30.3297,30.3297,30.3297,30.3297,30.3297,463.8649,0.30255461,151.6486,134.5103,342.5461,359.6844,0.22342472,0.23460314,0.01241169,35.6549,74.3461,26.6050,505.4953,50.5495,1533.1611,19.0000,,35.6549,17.2265,17.2265,34.4531,74.0741,109.3884,189.4918,17.2265,-17.0887,6.349999,11.000001,2.069768,10,9,1,5,0E-8,0.32970787,,0.00800000,0.800000,0.921348,1.000000,,2026-05-13,2026-05-13,1,10,10,1,1.000000,,,0.000000,,,,,,,,GLOBAL_BASELINE_NO_ENTITY_RANKING,,,NOT_APPLICABLE_GLOBAL_BASELINE,HF9g-P5,,,,X 全窗基线 · 不参与实体赏罚,8396218,840,A168_HF9F_20260827_0900,2026-08-27 09:00:00
2026-05-13,149782147,1323,0,68.9061154177,-34.4530577088,-34.1774332472,0E-7,3,1,0.28711257500031860,0.213933200000,-0.634622740396413,-0.5216862217126026,-0.634622740396413,0.07317937500031860,ELIGIBLE,R03b_20260811_FULL_v1,L1_ELIGIBILITY,v2026-08-11,2026-03-21..2026-08-06,baccarat_bet02_101_all_pairs_incl_sentinel,round_win = game_pnl > 0 (decisive only),COMPATIBILITY_ONLY_NOT_PRODUCTION,1533.1611,1412.5754,505.4953,43,19,-0.32970787,,-0.32970787,-0.33707865,-505.4953,1533.1611,OK,11.3006,30.3297,6.0000,94.0000,AG03-UNRESOLVED,ALL5_LEVELS_bet23_to_bet27,30.3297,30.3297,30.3297,30.3297,30.3297,6.000000,6.000000,6.000000,6.000000,6.000000,94.000000,94.000000,94.000000,94.000000,94.000000,5.0,151.6486,134.5103,342.5461,359.6844,PENDING_AG03,FALSE,NOT_FOR_ENFORCEMENT,475.1655,1327.8208,494.1947,463.8649,19.0291,0.32233708,0.30255461,30.3297,463.8649,0.30255461,30.3297,30.3297,30.3297,30.3297,30.3297,463.8649,0.30255461,151.6486,134.5103,342.5461,359.6844,0.22342472,0.23460314,0.01241169,35.6549,74.3461,26.6050,505.4953,50.5495,1533.1611,19.0000,,35.6549,17.2265,17.2265,34.4531,74.0741,109.3884,189.4918,17.2265,-17.0887,6.349999,11.000001,2.069768,10,9,1,5,0E-8,0.32970787,,0.00800000,0.800000,0.921348,1.000000,,2026-05-13,2026-05-13,1,10,10,1,1.000000,,,0.000000,,,,,,,,GLOBAL_BASELINE_NO_ENTITY_RANKING,,,NOT_APPLICABLE_GLOBAL_BASELINE,HF9g-P5,,,,X 全窗基线 · 不参与实体赏罚,8396219,840,A168_HF9F_20260827_0900,2026-08-27 09:00:00
2026-05-13,149782147,1331,0,34.4530577088,-34.4530577088,-34.1774332472,0E-7,2,1,0.06757445000000000,0.067574450000,-0.2692056541018722,-0.2692056541018722,-0.2692056541018722,0E-17,ELIGIBLE,R03b_20260811_FULL_v1,L1_ELIGIBILITY,v2026-08-11,2026-03-21..2026-08-06,baccarat_bet02_101_all_pairs_incl_sentinel,round_win = game_pnl > 0 (decisive only),COMPATIBILITY_ONLY_NOT_PRODUCTION,1533.1611,1412.5754,505.4953,43,19,-0.32970787,,-0.32970787,-0.33707865,-505.4953,1533.1611,OK,11.3006,30.3297,6.0000,94.0000,AG03-UNRESOLVED,ALL5_LEVELS_bet23_to_bet27,30.3297,30.3297,30.3297,30.3297,30.3297,6.000000,6.000000,6.000000,6.000000,6.000000,94.000000,94.000000,94.000000,94.000000,94.000000,5.0,151.6486,134.5103,342.5461,359.6844,PENDING_AG03,FALSE,NOT_FOR_ENFORCEMENT,475.1655,1327.8208,494.1947,463.8649,19.0291,0.32233708,0.30255461,30.3297,463.8649,0.30255461,30.3297,30.3297,30.3297,30.3297,30.3297,463.8649,0.30255461,151.6486,134.5103,342.5461,359.6844,0.22342472,0.23460314,0.01241169,35.6549,74.3461,26.6050,505.4953,50.5495,1533.1611,19.0000,,35.6549,17.2265,17.2265,34.4531,74.0741,109.3884,189.4918,17.2265,-17.0887,6.349999,11.000001,2.069768,10,9,1,5,0E-8,0.32970787,,0.00800000,0.800000,0.921348,1.000000,,2026-05-13,2026-05-13,1,10,10,1,1.000000,,,0.000000,,,,,,,,GLOBAL_BASELINE_NO_ENTITY_RANKING,,,NOT_APPLICABLE_GLOBAL_BASELINE,HF9g-P5,,,,X 全窗基线 · 不参与实体赏罚,8396220,840,A168_HF9F_20260827_0900,2026-08-27 09:00:00
2026-05-13,149782147,1505,0,103.3591731265,34.4530577089,35.2799310939,1.0000000,3,1,0.36029195000014160,0.213933200000,1.332488987780643,1.9168610524486898,1.332488987780643,0.14635875000014160,ELIGIBLE,R03b_20260811_FULL_v1,L1_ELIGIBILITY,v2026-08-11,2026-03-21..2026-08-06,baccarat_bet02_101_all_pairs_incl_sentinel,round_win = game_pnl > 0 (decisive only),COMPATIBILITY_ONLY_NOT_PRODUCTION,1533.1611,1412.5754,505.4953,43,19,-0.32970787,,-0.32970787,-0.33707865,-505.4953,1533.1611,OK,11.3006,30.3297,6.0000,94.0000,AG03-UNRESOLVED,ALL5_LEVELS_bet23_to_bet27,30.3297,30.3297,30.3297,30.3297,30.3297,6.000000,6.000000,6.000000,6.000000,6.000000,94.000000,94.000000,94.000000,94.000000,94.000000,5.0,151.6486,134.5103,342.5461,359.6844,PENDING_AG03,FALSE,NOT_FOR_ENFORCEMENT,475.1655,1327.8208,494.1947,463.8649,19.0291,0.32233708,0.30255461,30.3297,463.8649,0.30255461,30.3297,30.3297,30.3297,30.3297,30.3297,463.8649,0.30255461,151.6486,134.5103,342.5461,359.6844,0.22342472,0.23460314,0.01241169,35.6549,74.3461,26.6050,505.4953,50.5495,1533.1611,19.0000,,35.6549,17.2265,17.2265,34.4531,74.0741,109.3884,189.4918,17.2265,-17.0887,6.349999,11.000001,2.069768,10,9,1,5,0E-8,0.32970787,,0.00800000,0.800000,0.921348,1.000000,,2026-05-13,2026-05-13,1,10,10,1,1.000000,,,0.000000,,,,,,,,GLOBAL_BASELINE_NO_ENTITY_RANKING,,,NOT_APPLICABLE_GLOBAL_BASELINE,HF9g-P5,,,,X 全窗基线 · 不参与实体赏罚,8396221,840,A168_HF9F_20260827_0900,2026-08-27 09:00:00
2026-05-13,149782147,1507,0,17.2265288544,-17.2265288544,-17.0887166236,0E-7,1,1,0.49324550000000000,0.493245500000,-0.9865810262130424,-0.9865810262130424,-0.9865810262130424,0E-17,ELIGIBLE,R03b_20260811_FULL_v1,L1_ELIGIBILITY,v2026-08-11,2026-03-21..2026-08-06,baccarat_bet02_101_all_pairs_incl_sentinel,round_win = game_pnl > 0 (decisive only),COMPATIBILITY_ONLY_NOT_PRODUCTION,1533.1611,1412.5754,505.4953,43,19,-0.32970787,,-0.32970787,-0.33707865,-505.4953,1533.1611,OK,11.3006,30.3297,6.0000,94.0000,AG03-UNRESOLVED,ALL5_LEVELS_bet23_to_bet27,30.3297,30.3297,30.3297,30.3297,30.3297,6.000000,6.000000,6.000000,6.000000,6.000000,94.000000,94.000000,94.000000,94.000000,94.000000,5.0,151.6486,134.5103,342.5461,359.6844,PENDING_AG03,FALSE,NOT_FOR_ENFORCEMENT,475.1655,1327.8208,494.1947,463.8649,19.0291,0.32233708,0.30255461,30.3297,463.8649,0.30255461,30.3297,30.3297,30.3297,30.3297,30.3297,463.8649,0.30255461,151.6486,134.5103,342.5461,359.6844,0.22342472,0.23460314,0.01241169,35.6549,74.3461,26.6050,505.4953,50.5495,1533.1611,19.0000,,35.6549,17.2265,17.2265,34.4531,74.0741,109.3884,189.4918,17.2265,-17.0887,6.349999,11.000001,2.069768,10,9,1,5,0E-8,0.32970787,,0.00800000,0.800000,0.921348,1.000000,,2026-05-13,2026-05-13,1,10,10,1,1.000000,,,0.000000,,,,,,,,GLOBAL_BASELINE_NO_ENTITY_RANKING,,,NOT_APPLICABLE_GLOBAL_BASELINE,HF9g-P5,,,,X 全窗基线 · 不参与实体赏罚,8396222,840,A168_HF9F_20260827_0900,2026-08-27 09:00:00
2026-05-13,149782147,1951,0,344.5305770886,34.4530577090,37.2093023256,0.3333333,6,3,0.30685064794873746,0.209262183333,0.0994593726023799,0.5282868546862259,0.0994593726023799,0.09758846461573746,ELIGIBLE,R03b_20260811_FULL_v1,L1_ELIGIBILITY,v2026-08-11,2026-03-21..2026-08-06,baccarat_bet02_101_all_pairs_incl_sentinel,round_win = game_pnl > 0 (decisive only),COMPATIBILITY_ONLY_NOT_PRODUCTION,1533.1611,1412.5754,505.4953,43,19,-0.32970787,,-0.32970787,-0.33707865,-505.4953,1533.1611,OK,11.3006,30.3297,6.0000,94.0000,AG03-UNRESOLVED,ALL5_LEVELS_bet23_to_bet27,30.3297,30.3297,30.3297,30.3297,30.3297,6.000000,6.000000,6.000000,6.000000,6.000000,94.000000,94.000000,94.000000,94.000000,94.000000,5.0,151.6486,134.5103,342.5461,359.6844,PENDING_AG03,FALSE,NOT_FOR_ENFORCEMENT,475.1655,1327.8208,494.1947,463.8649,19.0291,0.32233708,0.30255461,30.3297,463.8649,0.30255461,30.3297,30.3297,30.3297,30.3297,30.3297,463.8649,0.30255461,151.6486,134.5103,342.5461,359.6844,0.22342472,0.23460314,0.01241169,35.6549,74.3461,26.6050,505.4953,50.5495,1533.1611,19.0000,,35.6549,17.2265,17.2265,34.4531,74.0741,109.3884,189.4918,17.2265,-17.0887,6.349999,11.000001,2.069768,10,9,1,5,0E-8,0.32970787,,0.00800000,0.800000,0.921348,1.000000,,2026-05-13,2026-05-13,1,10,10,1,1.000000,,,0.000000,,,,,,,,GLOBAL_BASELINE_NO_ENTITY_RANKING,,,NOT_APPLICABLE_GLOBAL_BASELINE,HF9g-P5,,,,X 全窗基线 · 不参与实体赏罚,8396223,840,A168_HF9F_20260827_0900,2026-08-27 09:00:00
2026-05-13,149782147,583,0,137.8122308354,-137.8122308354,-136.7097329888,0E-7,3,1,0.39688163750015930,0.213933200000,-0.8112024008944722,-0.5216862217126026,-0.8112024008944722,0.18294843750015930,ELIGIBLE,R03b_20260811_FULL_v1,L1_ELIGIBILITY,v2026-08-11,2026-03-21..2026-08-06,baccarat_bet02_101_all_pairs_incl_sentinel,round_win = game_pnl > 0 (decisive only),COMPATIBILITY_ONLY_NOT_PRODUCTION,1533.1611,1412.5754,505.4953,43,19,-0.32970787,,-0.32970787,-0.33707865,-505.4953,1533.1611,OK,11.3006,30.3297,6.0000,94.0000,AG03-UNRESOLVED,ALL5_LEVELS_bet23_to_bet27,30.3297,30.3297,30.3297,30.3297,30.3297,6.000000,6.000000,6.000000,6.000000,6.000000,94.000000,94.000000,94.000000,94.000000,94.000000,5.0,151.6486,134.5103,342.5461,359.6844,PENDING_AG03,FALSE,NOT_FOR_ENFORCEMENT,475.1655,1327.8208,494.1947,463.8649,19.0291,0.32233708,0.30255461,30.3297,463.8649,0.30255461,30.3297,30.3297,30.3297,30.3297,30.3297,463.8649,0.30255461,151.6486,134.5103,342.5461,359.6844,0.22342472,0.23460314,0.01241169,35.6549,74.3461,26.6050,505.4953,50.5495,1533.1611,19.0000,,35.6549,17.2265,17.2265,34.4531,74.0741,109.3884,189.4918,17.2265,-17.0887,6.349999,11.000001,2.069768,10,9,1,5,0E-8,0.32970787,,0.00800000,0.800000,0.921348,1.000000,,2026-05-13,2026-05-13,1,10,10,1,1.000000,,,0.000000,,,,,,,,GLOBAL_BASELINE_NO_ENTITY_RANKING,,,NOT_APPLICABLE_GLOBAL_BASELINE,HF9g-P5,,,,X 全窗基线 · 不参与实体赏罚,8396224,840,A168_HF9F_20260827_0900,2026-08-27 09:00:00
2026-07-15,153032414,2177,0,102.1951518620,-102.1951518620,-102.1951518620,0E-7,1,1,0.49324550000000000,0.493245500000,-0.9865810262130424,-0.9865810262130424,-0.9865810262130424,0E-17,ELIGIBLE,R03b_20260811_FULL_v1,L1_ELIGIBILITY,v2026-08-11,2026-03-21..2026-08-06,baccarat_bet02_101_all_pairs_incl_sentinel,round_win = game_pnl > 0 (decisive only),COMPATIBILITY_ONLY_NOT_PRODUCTION,3754.8938,3622.2755,483.1981,91,79,-0.12868490,-0.12868490,,-0.12868490,-483.1981,3754.8938,OK,0.0000,19.3279,4.0000,96.0000,AG03-UNRESOLVED,ALL5_LEVELS_bet23_to_bet27,19.3279,19.3279,24.1599,28.9919,28.9919,4.000000,4.000000,5.000000,6.000000,6.000000,96.000000,96.000000,95.000000,94.000000,94.000000,5.0,120.7995,109.3915,362.3986,373.8067,PENDING_AG03,FALSE,NOT_FOR_ENFORCEMENT,463.8702,3477.3844,483.1981,463.8702,19.3279,0.12868490,0.12353751,19.3279,463.8702,0.12353751,19.3279,19.3279,24.1599,28.9919,28.9919,463.8702,0.12353751,120.7995,109.3915,362.3986,373.8067,0.09651368,0.09955186,0.00514740,41.2626,45.8516,6.1164,48.3198,13.0594,375.4894,7.9000,41.2626,,13.8395,20.439,40.4073,102.1952,162.4902,204.3903,20.439,-2.0204,7.949997,10.0,2.018813,21,27,11,3,1.00000000,0.12868490,0.12868490,0E-8,0.000000,0.964681,0.000000,,2026-07-15,2026-08-03,10,37,34,20,0.500000,,1.000000,3.333333,,,,,,,,GLOBAL_BASELINE_NO_ENTITY_RANKING,,,NOT_APPLICABLE_GLOBAL_BASELINE,HF9g-P5,,,,X 全窗基线 · 不参与实体赏罚,8396225,840,A168_HF9F_20260827_0900,2026-08-27 09:00:00
2026-07-15,153032414,994,0,81.7561214896,-81.7561214896,-81.7561214896,0E-7,2,2,0.50665070000000000,0.506650700000,-1.4331513700195317,-1.4331513700195317,-1.4331513700195317,0E-17,ELIGIBLE,R03b_20260811_FULL_v1,L1_ELIGIBILITY,v2026-08-11,2026-03-21..2026-08-06,baccarat_bet02_101_all_pairs_incl_sentinel,round_win = game_pnl > 0 (decisive only),COMPATIBILITY_ONLY_NOT_PRODUCTION,3754.8938,3622.2755,483.1981,91,79,-0.12868490,-0.12868490,,-0.12868490,-483.1981,3754.8938,OK,0.0000,19.3279,4.0000,96.0000,AG03-UNRESOLVED,ALL5_LEVELS_bet23_to_bet27,19.3279,19.3279,24.1599,28.9919,28.9919,4.000000,4.000000,5.000000,6.000000,6.000000,96.000000,96.000000,95.000000,94.000000,94.000000,5.0,120.7995,109.3915,362.3986,373.8067,PENDING_AG03,FALSE,NOT_FOR_ENFORCEMENT,463.8702,3477.3844,483.1981,463.8702,19.3279,0.12868490,0.12353751,19.3279,463.8702,0.12353751,19.3279,19.3279,24.1599,28.9919,28.9919,463.8702,0.12353751,120.7995,109.3915,362.3986,373.8067,0.09651368,0.09955186,0.00514740,41.2626,45.8516,6.1164,48.3198,13.0594,375.4894,7.9000,41.2626,,13.8395,20.439,40.4073,102.1952,162.4902,204.3903,20.439,-2.0204,7.949997,10.0,2.018813,21,27,11,3,1.00000000,0.12868490,0.12868490,0E-8,0.000000,0.964681,0.000000,,2026-07-15,2026-08-03,10,37,34,20,0.500000,,1.000000,3.333333,,,,,,,,GLOBAL_BASELINE_NO_ENTITY_RANKING,,,NOT_APPLICABLE_GLOBAL_BASELINE,HF9g-P5,,,,X 全窗基线 · 不参与实体赏罚,8396226,840,A168_HF9F_20260827_0900,2026-08-27 09:00:00
2026-07-16,153032414,1485,0,106.2829579365,32.7024485958,32.7024485958,1.0000000,2,1,0.47791308846146633,0.293924150000,1.0451940785605054,1.549915577879723,1.0451940785605054,0.18398893846146633,ELIGIBLE,R03b_20260811_FULL_v1,L1_ELIGIBILITY,v2026-08-11,2026-03-21..2026-08-06,baccarat_bet02_101_all_pairs_incl_sentinel,round_win = game_pnl > 0 (decisive only),COMPATIBILITY_ONLY_NOT_PRODUCTION,3754.8938,3622.2755,483.1981,91,79,-0.12868490,-0.12868490,,-0.12868490,-483.1981,3754.8938,OK,0.0000,19.3279,4.0000,96.0000,AG03-UNRESOLVED,ALL5_LEVELS_bet23_to_bet27,19.3279,19.3279,24.1599,28.9919,28.9919,4.000000,4.000000,5.000000,6.000000,6.000000,96.000000,96.000000,95.000000,94.000000,94.000000,5.0,120.7995,109.3915,362.3986,373.8067,PENDING_AG03,FALSE,NOT_FOR_ENFORCEMENT,463.8702,3477.3844,483.1981,463.8702,19.3279,0.12868490,0.12353751,19.3279,463.8702,0.12353751,19.3279,19.3279,24.1599,28.9919,28.9919,463.8702,0.12353751,120.7995,109.3915,362.3986,373.8067,0.09651368,0.09955186,0.00514740,41.2626,45.8516,6.1164,48.3198,13.0594,375.4894,7.9000,41.2626,,13.8395,20.439,40.4073,102.1952,162.4902,204.3903,20.439,-2.0204,7.949997,10.0,2.018813,21,27,11,3,1.00000000,0.12868490,0.12868490,0E-8,0.000000,0.964681,0.000000,,2026-07-15,2026-08-03,10,37,34,20,0.500000,,1.000000,3.333333,,,,,,,,GLOBAL_BASELINE_NO_ENTITY_RANKING,,,NOT_APPLICABLE_GLOBAL_BASELINE,HF9g-P5,,,,X 全窗基线 · 不参与实体赏罚,8396227,840,A168_HF9F_20260827_0900,2026-08-27 09:00:00
2026-07-16,153032414,994,0,14.3073212607,-14.3073212607,-14.3073212607,0E-7,2,1,0.38892272857101715,0.300626750000,-0.7977808304433422,-0.655630731788307,-0.7977808304433422,0.08829597857101715,ELIGIBLE,R03b_20260811_FULL_v1,L1_ELIGIBILITY,v2026-08-11,2026-03-21..2026-08-06,baccarat_bet02_101_all_pairs_incl_sentinel,round_win = game_pnl > 0 (decisive only),COMPATIBILITY_ONLY_NOT_PRODUCTION,3754.8938,3622.2755,483.1981,91,79,-0.12868490,-0.12868490,,-0.12868490,-483.1981,3754.8938,OK,0.0000,19.3279,4.0000,96.0000,AG03-UNRESOLVED,ALL5_LEVELS_bet23_to_bet27,19.3279,19.3279,24.1599,28.9919,28.9919,4.000000,4.000000,5.000000,6.000000,6.000000,96.000000,96.000000,95.000000,94.000000,94.000000,5.0,120.7995,109.3915,362.3986,373.8067,PENDING_AG03,FALSE,NOT_FOR_ENFORCEMENT,463.8702,3477.3844,483.1981,463.8702,19.3279,0.12868490,0.12353751,19.3279,463.8702,0.12353751,19.3279,19.3279,24.1599,28.9919,28.9919,463.8702,0.12353751,120.7995,109.3915,362.3986,373.8067,0.09651368,0.09955186,0.00514740,41.2626,45.8516,6.1164,48.3198,13.0594,375.4894,7.9000,41.2626,,13.8395,20.439,40.4073,102.1952,162.4902,204.3903,20.439,-2.0204,7.949997,10.0,2.018813,21,27,11,3,1.00000000,0.12868490,0.12868490,0E-8,0.000000,0.964681,0.000000,,2026-07-15,2026-08-03,10,37,34,20,0.500000,,1.000000,3.333333,,,,,,,,GLOBAL_BASELINE_NO_ENTITY_RANKING,,,NOT_APPLICABLE_GLOBAL_BASELINE,HF9g-P5,,,,X 全窗基线 · 不参与实体赏罚,8396228,840,A168_HF9F_20260827_0900,2026-08-27 09:00:00
2026-07-18,153032414,1385,0,102.1951518620,-102.1951518620,-102.1951518620,0E-7,1,1,0.49324550000000000,0.493245500000,-0.9865810262130424,-0.9865810262130424,-0.9865810262130424,0E-17,ELIGIBLE,R03b_20260811_FULL_v1,L1_ELIGIBILITY,v2026-08-11,2026-03-21..2026-08-06,baccarat_bet02_101_all_pairs_incl_sentinel,round_win = game_pnl > 0 (decisive only),COMPATIBILITY_ONLY_NOT_PRODUCTION,3754.8938,3622.2755,483.1981,91,79,-0.12868490,-0.12868490,,-0.12868490,-483.1981,3754.8938,OK,0.0000,19.3279,4.0000,96.0000,AG03-UNRESOLVED,ALL5_LEVELS_bet23_to_bet27,19.3279,19.3279,24.1599,28.9919,28.9919,4.000000,4.000000,5.000000,6.000000,6.000000,96.000000,96.000000,95.000000,94.000000,94.000000,5.0,120.7995,109.3915,362.3986,373.8067,PENDING_AG03,FALSE,NOT_FOR_ENFORCEMENT,463.8702,3477.3844,483.1981,463.8702,19.3279,0.12868490,0.12353751,19.3279,463.8702,0.12353751,19.3279,19.3279,24.1599,28.9919,28.9919,463.8702,0.12353751,120.7995,109.3915,362.3986,373.8067,0.09651368,0.09955186,0.00514740,41.2626,45.8516,6.1164,48.3198,13.0594,375.4894,7.9000,41.2626,,13.8395,20.439,40.4073,102.1952,162.4902,204.3903,20.439,-2.0204,7.949997,10.0,2.018813,21,27,11,3,1.00000000,0.12868490,0.12868490,0E-8,0.000000,0.964681,0.000000,,2026-07-15,2026-08-03,10,37,34,20,0.500000,,1.000000,3.333333,,,,,,,,GLOBAL_BASELINE_NO_ENTITY_RANKING,,,NOT_APPLICABLE_GLOBAL_BASELINE,HF9g-P5,,,,X 全窗基线 · 不参与实体赏罚,8396229,840,A168_HF9F_20260827_0900,2026-08-27 09:00:00
2026-07-21,153032414,-1,1,163.5122429792,35.7683031517,35.7683031517,0.5000000,2,2,0.49994810000000000,0.499948100000,0.00014679536856514622,0.00014679536856514622,0.00014679536856514622,0E-17,SENTINEL_DEALER,R03b_20260811_FULL_v1,L1_ELIGIBILITY,v2026-08-11,2026-03-21..2026-08-06,baccarat_bet02_101_all_pairs_incl_sentinel,round_win = game_pnl > 0 (decisive only),COMPATIBILITY_ONLY_NOT_PRODUCTION,3754.8938,3622.2755,483.1981,91,79,-0.12868490,-0.12868490,,-0.12868490,-483.1981,3754.8938,OK,0.0000,19.3279,4.0000,96.0000,AG03-UNRESOLVED,ALL5_LEVELS_bet23_to_bet27,19.3279,19.3279,24.1599,28.9919,28.9919,4.000000,4.000000,5.000000,6.000000,6.000000,96.000000,96.000000,95.000000,94.000000,94.000000,5.0,120.7995,109.3915,362.3986,373.8067,PENDING_AG03,FALSE,NOT_FOR_ENFORCEMENT,463.8702,3477.3844,483.1981,463.8702,19.3279,0.12868490,0.12353751,19.3279,463.8702,0.12353751,19.3279,19.3279,24.1599,28.9919,28.9919,463.8702,0.12353751,120.7995,109.3915,362.3986,373.8067,0.09651368,0.09955186,0.00514740,41.2626,45.8516,6.1164,48.3198,13.0594,375.4894,7.9000,41.2626,,13.8395,20.439,40.4073,102.1952,162.4902,204.3903,20.439,-2.0204,7.949997,10.0,2.018813,21,27,11,3,1.00000000,0.12868490,0.12868490,0E-8,0.000000,0.964681,0.000000,,2026-07-15,2026-08-03,10,37,34,20,0.500000,,1.000000,3.333333,,,,,,,,GLOBAL_BASELINE_NO_ENTITY_RANKING,,,NOT_APPLICABLE_GLOBAL_BASELINE,HF9g-P5,,,,X 全窗基线 · 不参与实体赏罚,8396230,840,A168_HF9F_20260827_0900,2026-08-27 09:00:00
2026-07-21,153032414,1646,0,384.2537710011,24.5268364469,24.5268364469,0.3333333,3,3,0.49771390000000000,0.497713900000,-0.5694369385616226,-0.5694369385616226,-0.5694369385616226,0E-17,ELIGIBLE,R03b_20260811_FULL_v1,L1_ELIGIBILITY,v2026-08-11,2026-03-21..2026-08-06,baccarat_bet02_101_all_pairs_incl_sentinel,round_win = game_pnl > 0 (decisive only),COMPATIBILITY_ONLY_NOT_PRODUCTION,3754.8938,3622.2755,483.1981,91,79,-0.12868490,-0.12868490,,-0.12868490,-483.1981,3754.8938,OK,0.0000,19.3279,4.0000,96.0000,AG03-UNRESOLVED,ALL5_LEVELS_bet23_to_bet27,19.3279,19.3279,24.1599,28.9919,28.9919,4.000000,4.000000,5.000000,6.000000,6.000000,96.000000,96.000000,95.000000,94.000000,94.000000,5.0,120.7995,109.3915,362.3986,373.8067,PENDING_AG03,FALSE,NOT_FOR_ENFORCEMENT,463.8702,3477.3844,483.1981,463.8702,19.3279,0.12868490,0.12353751,19.3279,463.8702,0.12353751,19.3279,19.3279,24.1599,28.9919,28.9919,463.8702,0.12353751,120.7995,109.3915,362.3986,373.8067,0.09651368,0.09955186,0.00514740,41.2626,45.8516,6.1164,48.3198,13.0594,375.4894,7.9000,41.2626,,13.8395,20.439,40.4073,102.1952,162.4902,204.3903,20.439,-2.0204,7.949997,10.0,2.018813,21,27,11,3,1.00000000,0.12868490,0.12868490,0E-8,0.000000,0.964681,0.000000,,2026-07-15,2026-08-03,10,37,34,20,0.500000,,1.000000,3.333333,,,,,,,,GLOBAL_BASELINE_NO_ENTITY_RANKING,,,NOT_APPLICABLE_GLOBAL_BASELINE,HF9g-P5,,,,X 全窗基线 · 不参与实体赏罚,8396231,840,A168_HF9F_20260827_0900,2026-08-27 09:00:00
2026-07-22,153032414,-1,1,817.5612148960,-163.5122429792,-163.5122429792,0.5000000,6,6,0.49547970000000000,0.495479700000,0.022145762000773162,0.022145762000773162,0.022145762000773162,0E-17,SENTINEL_DEALER,R03b_20260811_FULL_v1,L1_ELIGIBILITY,v2026-08-11,2026-03-21..2026-08-06,baccarat_bet02_101_all_pairs_incl_sentinel,round_win = game_pnl > 0 (decisive only),COMPATIBILITY_ONLY_NOT_PRODUCTION,3754.8938,3622.2755,483.1981,91,79,-0.12868490,-0.12868490,,-0.12868490,-483.1981,3754.8938,OK,0.0000,19.3279,4.0000,96.0000,AG03-UNRESOLVED,ALL5_LEVELS_bet23_to_bet27,19.3279,19.3279,24.1599,28.9919,28.9919,4.000000,4.000000,5.000000,6.000000,6.000000,96.000000,96.000000,95.000000,94.000000,94.000000,5.0,120.7995,109.3915,362.3986,373.8067,PENDING_AG03,FALSE,NOT_FOR_ENFORCEMENT,463.8702,3477.3844,483.1981,463.8702,19.3279,0.12868490,0.12353751,19.3279,463.8702,0.12353751,19.3279,19.3279,24.1599,28.9919,28.9919,463.8702,0.12353751,120.7995,109.3915,362.3986,373.8067,0.09651368,0.09955186,0.00514740,41.2626,45.8516,6.1164,48.3198,13.0594,375.4894,7.9000,41.2626,,13.8395,20.439,40.4073,102.1952,162.4902,204.3903,20.439,-2.0204,7.949997,10.0,2.018813,21,27,11,3,1.00000000,0.12868490,0.12868490,0E-8,0.000000,0.964681,0.000000,,2026-07-15,2026-08-03,10,37,34,20,0.500000,,1.000000,3.333333,,,,,,,,GLOBAL_BASELINE_NO_ENTITY_RANKING,,,NOT_APPLICABLE_GLOBAL_BASELINE,HF9g-P5,,,,X 全窗基线 · 不参与实体赏罚,8396232,840,A168_HF9F_20260827_0900,2026-08-27 09:00:00
2026-07-22,153032414,1257,0,143.0732126068,-143.0732126068,-143.0732126068,0E-7,1,1,0.49324550000000000,0.493245500000,-0.9865810262130424,-0.9865810262130424,-0.9865810262130424,0E-17,ELIGIBLE,R03b_20260811_FULL_v1,L1_ELIGIBILITY,v2026-08-11,2026-03-21..2026-08-06,baccarat_bet02_101_all_pairs_incl_sentinel,round_win = game_pnl > 0 (decisive only),COMPATIBILITY_ONLY_NOT_PRODUCTION,3754.8938,3622.2755,483.1981,91,79,-0.12868490,-0.12868490,,-0.12868490,-483.1981,3754.8938,OK,0.0000,19.3279,4.0000,96.0000,AG03-UNRESOLVED,ALL5_LEVELS_bet23_to_bet27,19.3279,19.3279,24.1599,28.9919,28.9919,4.000000,4.000000,5.000000,6.000000,6.000000,96.000000,96.000000,95.000000,94.000000,94.000000,5.0,120.7995,109.3915,362.3986,373.8067,PENDING_AG03,FALSE,NOT_FOR_ENFORCEMENT,463.8702,3477.3844,483.1981,463.8702,19.3279,0.12868490,0.12353751,19.3279,463.8702,0.12353751,19.3279,19.3279,24.1599,28.9919,28.9919,463.8702,0.12353751,120.7995,109.3915,362.3986,373.8067,0.09651368,0.09955186,0.00514740,41.2626,45.8516,6.1164,48.3198,13.0594,375.4894,7.9000,41.2626,,13.8395,20.439,40.4073,102.1952,162.4902,204.3903,20.439,-2.0204,7.949997,10.0,2.018813,21,27,11,3,1.00000000,0.12868490,0.12868490,0E-8,0.000000,0.964681,0.000000,,2026-07-15,2026-08-03,10,37,34,20,0.500000,,1.000000,3.333333,,,,,,,,GLOBAL_BASELINE_NO_ENTITY_RANKING,,,NOT_APPLICABLE_GLOBAL_BASELINE,HF9g-P5,,,,X 全窗基线 · 不参与实体赏罚,8396233,840,A168_HF9F_20260827_0900,2026-08-27 09:00:00
2026-07-22,153032414,1331,0,102.1951518620,102.1951518620,102.1951518620,1.0000000,1,1,0.49324550000000000,0.493245500000,1.01360149184955,1.01360149184955,1.01360149184955,0E-17,ELIGIBLE,R03b_20260811_FULL_v1,L1_ELIGIBILITY,v2026-08-11,2026-03-21..2026-08-06,baccarat_bet02_101_all_pairs_incl_sentinel,round_win = game_pnl > 0 (decisive only),COMPATIBILITY_ONLY_NOT_PRODUCTION,3754.8938,3622.2755,483.1981,91,79,-0.12868490,-0.12868490,,-0.12868490,-483.1981,3754.8938,OK,0.0000,19.3279,4.0000,96.0000,AG03-UNRESOLVED,ALL5_LEVELS_bet23_to_bet27,19.3279,19.3279,24.1599,28.9919,28.9919,4.000000,4.000000,5.000000,6.000000,6.000000,96.000000,96.000000,95.000000,94.000000,94.000000,5.0,120.7995,109.3915,362.3986,373.8067,PENDING_AG03,FALSE,NOT_FOR_ENFORCEMENT,463.8702,3477.3844,483.1981,463.8702,19.3279,0.12868490,0.12353751,19.3279,463.8702,0.12353751,19.3279,19.3279,24.1599,28.9919,28.9919,463.8702,0.12353751,120.7995,109.3915,362.3986,373.8067,0.09651368,0.09955186,0.00514740,41.2626,45.8516,6.1164,48.3198,13.0594,375.4894,7.9000,41.2626,,13.8395,20.439,40.4073,102.1952,162.4902,204.3903,20.439,-2.0204,7.949997,10.0,2.018813,21,27,11,3,1.00000000,0.12868490,0.12868490,0E-8,0.000000,0.964681,0.000000,,2026-07-15,2026-08-03,10,37,34,20,0.500000,,1.000000,3.333333,,,,,,,,GLOBAL_BASELINE_NO_ENTITY_RANKING,,,NOT_APPLICABLE_GLOBAL_BASELINE,HF9g-P5,,,,X 全窗基线 · 不参与实体赏罚,8396234,840,A168_HF9F_20260827_0900,2026-08-27 09:00:00
2026-07-22,153032414,1399,0,42.7175734783,31.4761067735,31.4761067735,1.0000000,3,3,0.49771390000000000,0.497713900000,1.4206944795187548,1.420694479518755,1.4206944795187548,0E-17,ELIGIBLE,R03b_20260811_FULL_v1,L1_ELIGIBILITY,v2026-08-11,2026-03-21..2026-08-06,baccarat_bet02_101_all_pairs_incl_sentinel,round_win = game_pnl > 0 (decisive only),COMPATIBILITY_ONLY_NOT_PRODUCTION,3754.8938,3622.2755,483.1981,91,79,-0.12868490,-0.12868490,,-0.12868490,-483.1981,3754.8938,OK,0.0000,19.3279,4.0000,96.0000,AG03-UNRESOLVED,ALL5_LEVELS_bet23_to_bet27,19.3279,19.3279,24.1599,28.9919,28.9919,4.000000,4.000000,5.000000,6.000000,6.000000,96.000000,96.000000,95.000000,94.000000,94.000000,5.0,120.7995,109.3915,362.3986,373.8067,PENDING_AG03,FALSE,NOT_FOR_ENFORCEMENT,463.8702,3477.3844,483.1981,463.8702,19.3279,0.12868490,0.12353751,19.3279,463.8702,0.12353751,19.3279,19.3279,24.1599,28.9919,28.9919,463.8702,0.12353751,120.7995,109.3915,362.3986,373.8067,0.09651368,0.09955186,0.00514740,41.2626,45.8516,6.1164,48.3198,13.0594,375.4894,7.9000,41.2626,,13.8395,20.439,40.4073,102.1952,162.4902,204.3903,20.439,-2.0204,7.949997,10.0,2.018813,21,27,11,3,1.00000000,0.12868490,0.12868490,0E-8,0.000000,0.964681,0.000000,,2026-07-15,2026-08-03,10,37,34,20,0.500000,,1.000000,3.333333,,,,,,,,GLOBAL_BASELINE_NO_ENTITY_RANKING,,,NOT_APPLICABLE_GLOBAL_BASELINE,HF9g-P5,,,,X 全窗基线 · 不参与实体赏罚,8396235,840,A168_HF9F_20260827_0900,2026-08-27 09:00:00
2026-07-22,153032414,1951,0,204.3903037240,-204.3903037240,-204.3903037240,0E-7,1,1,0.49324550000000000,0.493245500000,-0.9865810262130424,-0.9865810262130424,-0.9865810262130424,0E-17,ELIGIBLE,R03b_20260811_FULL_v1,L1_ELIGIBILITY,v2026-08-11,2026-03-21..2026-08-06,baccarat_bet02_101_all_pairs_incl_sentinel,round_win = game_pnl > 0 (decisive only),COMPATIBILITY_ONLY_NOT_PRODUCTION,3754.8938,3622.2755,483.1981,91,79,-0.12868490,-0.12868490,,-0.12868490,-483.1981,3754.8938,OK,0.0000,19.3279,4.0000,96.0000,AG03-UNRESOLVED,ALL5_LEVELS_bet23_to_bet27,19.3279,19.3279,24.1599,28.9919,28.9919,4.000000,4.000000,5.000000,6.000000,6.000000,96.000000,96.000000,95.000000,94.000000,94.000000,5.0,120.7995,109.3915,362.3986,373.8067,PENDING_AG03,FALSE,NOT_FOR_ENFORCEMENT,463.8702,3477.3844,483.1981,463.8702,19.3279,0.12868490,0.12353751,19.3279,463.8702,0.12353751,19.3279,19.3279,24.1599,28.9919,28.9919,463.8702,0.12353751,120.7995,109.3915,362.3986,373.8067,0.09651368,0.09955186,0.00514740,41.2626,45.8516,6.1164,48.3198,13.0594,375.4894,7.9000,41.2626,,13.8395,20.439,40.4073,102.1952,162.4902,204.3903,20.439,-2.0204,7.949997,10.0,2.018813,21,27,11,3,1.00000000,0.12868490,0.12868490,0E-8,0.000000,0.964681,0.000000,,2026-07-15,2026-08-03,10,37,34,20,0.500000,,1.000000,3.333333,,,,,,,,GLOBAL_BASELINE_NO_ENTITY_RANKING,,,NOT_APPLICABLE_GLOBAL_BASELINE,HF9g-P5,,,,X 全窗基线 · 不参与实体赏罚,8396236,840,A168_HF9F_20260827_0900,2026-08-27 09:00:00
2026-07-24,153032414,1302,0,20.4390303724,-20.4390303724,-20.4390303724,0E-7,1,1,0.50665070000000000,0.506650700000,-1.013391052207602,-1.013391052207602,-1.013391052207602,0E-17,ELIGIBLE,R03b_20260811_FULL_v1,L1_ELIGIBILITY,v2026-08-11,2026-03-21..2026-08-06,baccarat_bet02_101_all_pairs_incl_sentinel,round_win = game_pnl > 0 (decisive only),COMPATIBILITY_ONLY_NOT_PRODUCTION,3754.8938,3622.2755,483.1981,91,79,-0.12868490,-0.12868490,,-0.12868490,-483.1981,3754.8938,OK,0.0000,19.3279,4.0000,96.0000,AG03-UNRESOLVED,ALL5_LEVELS_bet23_to_bet27,19.3279,19.3279,24.1599,28.9919,28.9919,4.000000,4.000000,5.000000,6.000000,6.000000,96.000000,96.000000,95.000000,94.000000,94.000000,5.0,120.7995,109.3915,362.3986,373.8067,PENDING_AG03,FALSE,NOT_FOR_ENFORCEMENT,463.8702,3477.3844,483.1981,463.8702,19.3279,0.12868490,0.12353751,19.3279,463.8702,0.12353751,19.3279,19.3279,24.1599,28.9919,28.9919,463.8702,0.12353751,120.7995,109.3915,362.3986,373.8067,0.09651368,0.09955186,0.00514740,41.2626,45.8516,6.1164,48.3198,13.0594,375.4894,7.9000,41.2626,,13.8395,20.439,40.4073,102.1952,162.4902,204.3903,20.439,-2.0204,7.949997,10.0,2.018813,21,27,11,3,1.00000000,0.12868490,0.12868490,0E-8,0.000000,0.964681,0.000000,,2026-07-15,2026-08-03,10,37,34,20,0.500000,,1.000000,3.333333,,,,,,,,GLOBAL_BASELINE_NO_ENTITY_RANKING,,,NOT_APPLICABLE_GLOBAL_BASELINE,HF9g-P5,,,,X 全窗基线 · 不参与实体赏罚,8396237,840,A168_HF9F_20260827_0900,2026-08-27 09:00:00
2026-07-24,153032414,1654,0,40.8780607448,40.8780607448,40.8780607448,1.0000000,1,1,0.49324550000000000,0.493245500000,1.01360149184955,1.01360149184955,1.01360149184955,0E-17,ELIGIBLE,R03b_20260811_FULL_v1,L1_ELIGIBILITY,v2026-08-11,2026-03-21..2026-08-06,baccarat_bet02_101_all_pairs_incl_sentinel,round_win = game_pnl > 0 (decisive only),COMPATIBILITY_ONLY_NOT_PRODUCTION,3754.8938,3622.2755,483.1981,91,79,-0.12868490,-0.12868490,,-0.12868490,-483.1981,3754.8938,OK,0.0000,19.3279,4.0000,96.0000,AG03-UNRESOLVED,ALL5_LEVELS_bet23_to_bet27,19.3279,19.3279,24.1599,28.9919,28.9919,4.000000,4.000000,5.000000,6.000000,6.000000,96.000000,96.000000,95.000000,94.000000,94.000000,5.0,120.7995,109.3915,362.3986,373.8067,PENDING_AG03,FALSE,NOT_FOR_ENFORCEMENT,463.8702,3477.3844,483.1981,463.8702,19.3279,0.12868490,0.12353751,19.3279,463.8702,0.12353751,19.3279,19.3279,24.1599,28.9919,28.9919,463.8702,0.12353751,120.7995,109.3915,362.3986,373.8067,0.09651368,0.09955186,0.00514740,41.2626,45.8516,6.1164,48.3198,13.0594,375.4894,7.9000,41.2626,,13.8395,20.439,40.4073,102.1952,162.4902,204.3903,20.439,-2.0204,7.949997,10.0,2.018813,21,27,11,3,1.00000000,0.12868490,0.12868490,0E-8,0.000000,0.964681,0.000000,,2026-07-15,2026-08-03,10,37,34,20,0.500000,,1.000000,3.333333,,,,,,,,GLOBAL_BASELINE_NO_ENTITY_RANKING,,,NOT_APPLICABLE_GLOBAL_BASELINE,HF9g-P5,,,,X 全窗基线 · 不参与实体赏罚,8396238,840,A168_HF9F_20260827_0900,2026-08-27 09:00:00
2026-07-24,153032414,1990,0,102.1951518620,-102.1951518620,-102.1951518620,0E-7,1,1,0.49324550000000000,0.493245500000,-0.9865810262130424,-0.9865810262130424,-0.9865810262130424,0E-17,ELIGIBLE,R03b_20260811_FULL_v1,L1_ELIGIBILITY,v2026-08-11,2026-03-21..2026-08-06,baccarat_bet02_101_all_pairs_incl_sentinel,round_win = game_pnl > 0 (decisive only),COMPATIBILITY_ONLY_NOT_PRODUCTION,3754.8938,3622.2755,483.1981,91,79,-0.12868490,-0.12868490,,-0.12868490,-483.1981,3754.8938,OK,0.0000,19.3279,4.0000,96.0000,AG03-UNRESOLVED,ALL5_LEVELS_bet23_to_bet27,19.3279,19.3279,24.1599,28.9919,28.9919,4.000000,4.000000,5.000000,6.000000,6.000000,96.000000,96.000000,95.000000,94.000000,94.000000,5.0,120.7995,109.3915,362.3986,373.8067,PENDING_AG03,FALSE,NOT_FOR_ENFORCEMENT,463.8702,3477.3844,483.1981,463.8702,19.3279,0.12868490,0.12353751,19.3279,463.8702,0.12353751,19.3279,19.3279,24.1599,28.9919,28.9919,463.8702,0.12353751,120.7995,109.3915,362.3986,373.8067,0.09651368,0.09955186,0.00514740,41.2626,45.8516,6.1164,48.3198,13.0594,375.4894,7.9000,41.2626,,13.8395,20.439,40.4073,102.1952,162.4902,204.3903,20.439,-2.0204,7.949997,10.0,2.018813,21,27,11,3,1.00000000,0.12868490,0.12868490,0E-8,0.000000,0.964681,0.000000,,2026-07-15,2026-08-03,10,37,34,20,0.500000,,1.000000,3.333333,,,,,,,,GLOBAL_BASELINE_NO_ENTITY_RANKING,,,NOT_APPLICABLE_GLOBAL_BASELINE,HF9g-P5,,,,X 全窗基线 · 不参与实体赏罚,8396239,840,A168_HF9F_20260827_0900,2026-08-27 09:00:00
2026-07-24,153032414,2093,0,10.6282957936,-10.6282957936,-10.6282957936,0E-7,1,1,0.50665070000000000,0.506650700000,-1.013391052207602,-1.013391052207602,-1.013391052207602,0E-17,ELIGIBLE,R03b_20260811_FULL_v1,L1_ELIGIBILITY,v2026-08-11,2026-03-21..2026-08-06,baccarat_bet02_101_all_pairs_incl_sentinel,round_win = game_pnl > 0 (decisive only),COMPATIBILITY_ONLY_NOT_PRODUCTION,3754.8938,3622.2755,483.1981,91,79,-0.12868490,-0.12868490,,-0.12868490,-483.1981,3754.8938,OK,0.0000,19.3279,4.0000,96.0000,AG03-UNRESOLVED,ALL5_LEVELS_bet23_to_bet27,19.3279,19.3279,24.1599,28.9919,28.9919,4.000000,4.000000,5.000000,6.000000,6.000000,96.000000,96.000000,95.000000,94.000000,94.000000,5.0,120.7995,109.3915,362.3986,373.8067,PENDING_AG03,FALSE,NOT_FOR_ENFORCEMENT,463.8702,3477.3844,483.1981,463.8702,19.3279,0.12868490,0.12353751,19.3279,463.8702,0.12353751,19.3279,19.3279,24.1599,28.9919,28.9919,463.8702,0.12353751,120.7995,109.3915,362.3986,373.8067,0.09651368,0.09955186,0.00514740,41.2626,45.8516,6.1164,48.3198,13.0594,375.4894,7.9000,41.2626,,13.8395,20.439,40.4073,102.1952,162.4902,204.3903,20.439,-2.0204,7.949997,10.0,2.018813,21,27,11,3,1.00000000,0.12868490,0.12868490,0E-8,0.000000,0.964681,0.000000,,2026-07-15,2026-08-03,10,37,34,20,0.500000,,1.000000,3.333333,,,,,,,,GLOBAL_BASELINE_NO_ENTITY_RANKING,,,NOT_APPLICABLE_GLOBAL_BASELINE,HF9g-P5,,,,X 全窗基线 · 不参与实体赏罚,8396240,840,A168_HF9F_20260827_0900,2026-08-27 09:00:00
2026-07-25,153032414,2246,0,96.0634427503,13.2853697421,13.2853697421,0.6666667,3,3,0.50218230000000000,0.502182300000,0.5697959874915163,0.5697959874915164,0.5697959874915163,0E-17,ELIGIBLE,R03b_20260811_FULL_v1,L1_ELIGIBILITY,v2026-08-11,2026-03-21..2026-08-06,baccarat_bet02_101_all_pairs_incl_sentinel,round_win = game_pnl > 0 (decisive only),COMPATIBILITY_ONLY_NOT_PRODUCTION,3754.8938,3622.2755,483.1981,91,79,-0.12868490,-0.12868490,,-0.12868490,-483.1981,3754.8938,OK,0.0000,19.3279,4.0000,96.0000,AG03-UNRESOLVED,ALL5_LEVELS_bet23_to_bet27,19.3279,19.3279,24.1599,28.9919,28.9919,4.000000,4.000000,5.000000,6.000000,6.000000,96.000000,96.000000,95.000000,94.000000,94.000000,5.0,120.7995,109.3915,362.3986,373.8067,PENDING_AG03,FALSE,NOT_FOR_ENFORCEMENT,463.8702,3477.3844,483.1981,463.8702,19.3279,0.12868490,0.12353751,19.3279,463.8702,0.12353751,19.3279,19.3279,24.1599,28.9919,28.9919,463.8702,0.12353751,120.7995,109.3915,362.3986,373.8067,0.09651368,0.09955186,0.00514740,41.2626,45.8516,6.1164,48.3198,13.0594,375.4894,7.9000,41.2626,,13.8395,20.439,40.4073,102.1952,162.4902,204.3903,20.439,-2.0204,7.949997,10.0,2.018813,21,27,11,3,1.00000000,0.12868490,0.12868490,0E-8,0.000000,0.964681,0.000000,,2026-07-15,2026-08-03,10,37,34,20,0.500000,,1.000000,3.333333,,,,,,,,GLOBAL_BASELINE_NO_ENTITY_RANKING,,,NOT_APPLICABLE_GLOBAL_BASELINE,HF9g-P5,,,,X 全窗基线 · 不参与实体赏罚,8396241,840,A168_HF9F_20260827_0900,2026-08-27 09:00:00
2026-07-28,153032414,550,0,30.6585455586,-30.6585455586,-30.6585455586,0E-7,1,1,0.49324550000000000,0.493245500000,-0.9865810262130424,-0.9865810262130424,-0.9865810262130424,0E-17,ELIGIBLE,R03b_20260811_FULL_v1,L1_ELIGIBILITY,v2026-08-11,2026-03-21..2026-08-06,baccarat_bet02_101_all_pairs_incl_sentinel,round_win = game_pnl > 0 (decisive only),COMPATIBILITY_ONLY_NOT_PRODUCTION,3754.8938,3622.2755,483.1981,91,79,-0.12868490,-0.12868490,,-0.12868490,-483.1981,3754.8938,OK,0.0000,19.3279,4.0000,96.0000,AG03-UNRESOLVED,ALL5_LEVELS_bet23_to_bet27,19.3279,19.3279,24.1599,28.9919,28.9919,4.000000,4.000000,5.000000,6.000000,6.000000,96.000000,96.000000,95.000000,94.000000,94.000000,5.0,120.7995,109.3915,362.3986,373.8067,PENDING_AG03,FALSE,NOT_FOR_ENFORCEMENT,463.8702,3477.3844,483.1981,463.8702,19.3279,0.12868490,0.12353751,19.3279,463.8702,0.12353751,19.3279,19.3279,24.1599,28.9919,28.9919,463.8702,0.12353751,120.7995,109.3915,362.3986,373.8067,0.09651368,0.09955186,0.00514740,41.2626,45.8516,6.1164,48.3198,13.0594,375.4894,7.9000,41.2626,,13.8395,20.439,40.4073,102.1952,162.4902,204.3903,20.439,-2.0204,7.949997,10.0,2.018813,21,27,11,3,1.00000000,0.12868490,0.12868490,0E-8,0.000000,0.964681,0.000000,,2026-07-15,2026-08-03,10,37,34,20,0.500000,,1.000000,3.333333,,,,,,,,GLOBAL_BASELINE_NO_ENTITY_RANKING,,,NOT_APPLICABLE_GLOBAL_BASELINE,HF9g-P5,,,,X 全窗基线 · 不参与实体赏罚,8396242,840,A168_HF9F_20260827_0900,2026-08-27 09:00:00
2026-08-02,153032414,-1,1,89.0981089380,21.6078066915,21.6078066915,0.6666667,4,3,0.49806636875015933,0.437976050000,0.5840529318074446,0.7983739908840699,0.5840529318074446,0.06009031875015933,SENTINEL_DEALER,R03b_20260811_FULL_v1,L1_ELIGIBILITY,v2026-08-11,2026-03-21..2026-08-06,baccarat_bet02_101_all_pairs_incl_sentinel,round_win = game_pnl > 0 (decisive only),COMPATIBILITY_ONLY_NOT_PRODUCTION,3754.8938,3622.2755,483.1981,91,79,-0.12868490,-0.12868490,,-0.12868490,-483.1981,3754.8938,OK,0.0000,19.3279,4.0000,96.0000,AG03-UNRESOLVED,ALL5_LEVELS_bet23_to_bet27,19.3279,19.3279,24.1599,28.9919,28.9919,4.000000,4.000000,5.000000,6.000000,6.000000,96.000000,96.000000,95.000000,94.000000,94.000000,5.0,120.7995,109.3915,362.3986,373.8067,PENDING_AG03,FALSE,NOT_FOR_ENFORCEMENT,463.8702,3477.3844,483.1981,463.8702,19.3279,0.12868490,0.12353751,19.3279,463.8702,0.12353751,19.3279,19.3279,24.1599,28.9919,28.9919,463.8702,0.12353751,120.7995,109.3915,362.3986,373.8067,0.09651368,0.09955186,0.00514740,41.2626,45.8516,6.1164,48.3198,13.0594,375.4894,7.9000,41.2626,,13.8395,20.439,40.4073,102.1952,162.4902,204.3903,20.439,-2.0204,7.949997,10.0,2.018813,21,27,11,3,1.00000000,0.12868490,0.12868490,0E-8,0.000000,0.964681,0.000000,,2026-07-15,2026-08-03,10,37,34,20,0.500000,,1.000000,3.333333,,,,,,,,GLOBAL_BASELINE_NO_ENTITY_RANKING,,,NOT_APPLICABLE_GLOBAL_BASELINE,HF9g-P5,,,,X 全窗基线 · 不参与实体赏罚,8396243,840,A168_HF9F_20260827_0900,2026-08-27 09:00:00
2026-08-02,153032414,1157,0,63.2374333279,63.2374333279,63.2374333279,1.0000000,3,3,0.49324550000000000,0.493245500000,1.755609282511032,1.7556092825110319,1.755609282511032,0E-17,ELIGIBLE,R03b_20260811_FULL_v1,L1_ELIGIBILITY,v2026-08-11,2026-03-21..2026-08-06,baccarat_bet02_101_all_pairs_incl_sentinel,round_win = game_pnl > 0 (decisive only),COMPATIBILITY_ONLY_NOT_PRODUCTION,3754.8938,3622.2755,483.1981,91,79,-0.12868490,-0.12868490,,-0.12868490,-483.1981,3754.8938,OK,0.0000,19.3279,4.0000,96.0000,AG03-UNRESOLVED,ALL5_LEVELS_bet23_to_bet27,19.3279,19.3279,24.1599,28.9919,28.9919,4.000000,4.000000,5.000000,6.000000,6.000000,96.000000,96.000000,95.000000,94.000000,94.000000,5.0,120.7995,109.3915,362.3986,373.8067,PENDING_AG03,FALSE,NOT_FOR_ENFORCEMENT,463.8702,3477.3844,483.1981,463.8702,19.3279,0.12868490,0.12353751,19.3279,463.8702,0.12353751,19.3279,19.3279,24.1599,28.9919,28.9919,463.8702,0.12353751,120.7995,109.3915,362.3986,373.8067,0.09651368,0.09955186,0.00514740,41.2626,45.8516,6.1164,48.3198,13.0594,375.4894,7.9000,41.2626,,13.8395,20.439,40.4073,102.1952,162.4902,204.3903,20.439,-2.0204,7.949997,10.0,2.018813,21,27,11,3,1.00000000,0.12868490,0.12868490,0E-8,0.000000,0.964681,0.000000,,2026-07-15,2026-08-03,10,37,34,20,0.500000,,1.000000,3.333333,,,,,,,,GLOBAL_BASELINE_NO_ENTITY_RANKING,,,NOT_APPLICABLE_GLOBAL_BASELINE,HF9g-P5,,,,X 全窗基线 · 不参与实体赏罚,8396244,840,A168_HF9F_20260827_0900,2026-08-27 09:00:00
2026-08-02,153032414,1508,0,20.2036528204,-20.2036528204,-20.2036528204,0E-7,1,1,0.49324550000000000,0.493245500000,-0.9865810262130424,-0.9865810262130424,-0.9865810262130424,0E-17,ELIGIBLE,R03b_20260811_FULL_v1,L1_ELIGIBILITY,v2026-08-11,2026-03-21..2026-08-06,baccarat_bet02_101_all_pairs_incl_sentinel,round_win = game_pnl > 0 (decisive only),COMPATIBILITY_ONLY_NOT_PRODUCTION,3754.8938,3622.2755,483.1981,91,79,-0.12868490,-0.12868490,,-0.12868490,-483.1981,3754.8938,OK,0.0000,19.3279,4.0000,96.0000,AG03-UNRESOLVED,ALL5_LEVELS_bet23_to_bet27,19.3279,19.3279,24.1599,28.9919,28.9919,4.000000,4.000000,5.000000,6.000000,6.000000,96.000000,96.000000,95.000000,94.000000,94.000000,5.0,120.7995,109.3915,362.3986,373.8067,PENDING_AG03,FALSE,NOT_FOR_ENFORCEMENT,463.8702,3477.3844,483.1981,463.8702,19.3279,0.12868490,0.12353751,19.3279,463.8702,0.12353751,19.3279,19.3279,24.1599,28.9919,28.9919,463.8702,0.12353751,120.7995,109.3915,362.3986,373.8067,0.09651368,0.09955186,0.00514740,41.2626,45.8516,6.1164,48.3198,13.0594,375.4894,7.9000,41.2626,,13.8395,20.439,40.4073,102.1952,162.4902,204.3903,20.439,-2.0204,7.949997,10.0,2.018813,21,27,11,3,1.00000000,0.12868490,0.12868490,0E-8,0.000000,0.964681,0.000000,,2026-07-15,2026-08-03,10,37,34,20,0.500000,,1.000000,3.333333,,,,,,,,GLOBAL_BASELINE_NO_ENTITY_RANKING,,,NOT_APPLICABLE_GLOBAL_BASELINE,HF9g-P5,,,,X 全窗基线 · 不参与实体赏罚,8396245,840,A168_HF9F_20260827_0900,2026-08-27 09:00:00
2026-08-02,153032414,1623,0,30.3054792306,-30.3054792306,-30.3054792306,0E-7,1,1,0.49324550000000000,0.493245500000,-0.9865810262130424,-0.9865810262130424,-0.9865810262130424,0E-17,ELIGIBLE,R03b_20260811_FULL_v1,L1_ELIGIBILITY,v2026-08-11,2026-03-21..2026-08-06,baccarat_bet02_101_all_pairs_incl_sentinel,round_win = game_pnl > 0 (decisive only),COMPATIBILITY_ONLY_NOT_PRODUCTION,3754.8938,3622.2755,483.1981,91,79,-0.12868490,-0.12868490,,-0.12868490,-483.1981,3754.8938,OK,0.0000,19.3279,4.0000,96.0000,AG03-UNRESOLVED,ALL5_LEVELS_bet23_to_bet27,19.3279,19.3279,24.1599,28.9919,28.9919,4.000000,4.000000,5.000000,6.000000,6.000000,96.000000,96.000000,95.000000,94.000000,94.000000,5.0,120.7995,109.3915,362.3986,373.8067,PENDING_AG03,FALSE,NOT_FOR_ENFORCEMENT,463.8702,3477.3844,483.1981,463.8702,19.3279,0.12868490,0.12353751,19.3279,463.8702,0.12353751,19.3279,19.3279,24.1599,28.9919,28.9919,463.8702,0.12353751,120.7995,109.3915,362.3986,373.8067,0.09651368,0.09955186,0.00514740,41.2626,45.8516,6.1164,48.3198,13.0594,375.4894,7.9000,41.2626,,13.8395,20.439,40.4073,102.1952,162.4902,204.3903,20.439,-2.0204,7.949997,10.0,2.018813,21,27,11,3,1.00000000,0.12868490,0.12868490,0E-8,0.000000,0.964681,0.000000,,2026-07-15,2026-08-03,10,37,34,20,0.500000,,1.000000,3.333333,,,,,,,,GLOBAL_BASELINE_NO_ENTITY_RANKING,,,NOT_APPLICABLE_GLOBAL_BASELINE,HF9g-P5,,,,X 全窗基线 · 不参与实体赏罚,8396246,840,A168_HF9F_20260827_0900,2026-08-27 09:00:00
2026-08-02,153032414,1654,0,20.2036528204,19.1934701794,19.1934701794,1.0000000,1,1,0.50665070000000000,0.506650700000,0.9867858985152569,0.9867858985152569,0.9867858985152569,0E-17,ELIGIBLE,R03b_20260811_FULL_v1,L1_ELIGIBILITY,v2026-08-11,2026-03-21..2026-08-06,baccarat_bet02_101_all_pairs_incl_sentinel,round_win = game_pnl > 0 (decisive only),COMPATIBILITY_ONLY_NOT_PRODUCTION,3754.8938,3622.2755,483.1981,91,79,-0.12868490,-0.12868490,,-0.12868490,-483.1981,3754.8938,OK,0.0000,19.3279,4.0000,96.0000,AG03-UNRESOLVED,ALL5_LEVELS_bet23_to_bet27,19.3279,19.3279,24.1599,28.9919,28.9919,4.000000,4.000000,5.000000,6.000000,6.000000,96.000000,96.000000,95.000000,94.000000,94.000000,5.0,120.7995,109.3915,362.3986,373.8067,PENDING_AG03,FALSE,NOT_FOR_ENFORCEMENT,463.8702,3477.3844,483.1981,463.8702,19.3279,0.12868490,0.12353751,19.3279,463.8702,0.12353751,19.3279,19.3279,24.1599,28.9919,28.9919,463.8702,0.12353751,120.7995,109.3915,362.3986,373.8067,0.09651368,0.09955186,0.00514740,41.2626,45.8516,6.1164,48.3198,13.0594,375.4894,7.9000,41.2626,,13.8395,20.439,40.4073,102.1952,162.4902,204.3903,20.439,-2.0204,7.949997,10.0,2.018813,21,27,11,3,1.00000000,0.12868490,0.12868490,0E-8,0.000000,0.964681,0.000000,,2026-07-15,2026-08-03,10,37,34,20,0.500000,,1.000000,3.333333,,,,,,,,GLOBAL_BASELINE_NO_ENTITY_RANKING,,,NOT_APPLICABLE_GLOBAL_BASELINE,HF9g-P5,,,,X 全窗基线 · 不参与实体赏罚,8396247,840,A168_HF9F_20260827_0900,2026-08-27 09:00:00
2026-08-02,153032414,1990,0,60.6109584613,-21.2138354615,-21.2138354615,0.5000000,2,2,0.50665070000000000,0.506650700000,-0.018812684590367487,-0.018812684590367487,-0.018812684590367487,0E-17,ELIGIBLE,R03b_20260811_FULL_v1,L1_ELIGIBILITY,v2026-08-11,2026-03-21..2026-08-06,baccarat_bet02_101_all_pairs_incl_sentinel,round_win = game_pnl > 0 (decisive only),COMPATIBILITY_ONLY_NOT_PRODUCTION,3754.8938,3622.2755,483.1981,91,79,-0.12868490,-0.12868490,,-0.12868490,-483.1981,3754.8938,OK,0.0000,19.3279,4.0000,96.0000,AG03-UNRESOLVED,ALL5_LEVELS_bet23_to_bet27,19.3279,19.3279,24.1599,28.9919,28.9919,4.000000,4.000000,5.000000,6.000000,6.000000,96.000000,96.000000,95.000000,94.000000,94.000000,5.0,120.7995,109.3915,362.3986,373.8067,PENDING_AG03,FALSE,NOT_FOR_ENFORCEMENT,463.8702,3477.3844,483.1981,463.8702,19.3279,0.12868490,0.12353751,19.3279,463.8702,0.12353751,19.3279,19.3279,24.1599,28.9919,28.9919,463.8702,0.12353751,120.7995,109.3915,362.3986,373.8067,0.09651368,0.09955186,0.00514740,41.2626,45.8516,6.1164,48.3198,13.0594,375.4894,7.9000,41.2626,,13.8395,20.439,40.4073,102.1952,162.4902,204.3903,20.439,-2.0204,7.949997,10.0,2.018813,21,27,11,3,1.00000000,0.12868490,0.12868490,0E-8,0.000000,0.964681,0.000000,,2026-07-15,2026-08-03,10,37,34,20,0.500000,,1.000000,3.333333,,,,,,,,GLOBAL_BASELINE_NO_ENTITY_RANKING,,,NOT_APPLICABLE_GLOBAL_BASELINE,HF9g-P5,,,,X 全窗基线 · 不参与实体赏罚,8396248,840,A168_HF9F_20260827_0900,2026-08-27 09:00:00
2026-08-02,153032414,2212,0,20.2036528204,-20.2036528204,-20.2036528204,0E-7,1,1,0.49324550000000000,0.493245500000,-0.9865810262130424,-0.9865810262130424,-0.9865810262130424,0E-17,ELIGIBLE,R03b_20260811_FULL_v1,L1_ELIGIBILITY,v2026-08-11,2026-03-21..2026-08-06,baccarat_bet02_101_all_pairs_incl_sentinel,round_win = game_pnl > 0 (decisive only),COMPATIBILITY_ONLY_NOT_PRODUCTION,3754.8938,3622.2755,483.1981,91,79,-0.12868490,-0.12868490,,-0.12868490,-483.1981,3754.8938,OK,0.0000,19.3279,4.0000,96.0000,AG03-UNRESOLVED,ALL5_LEVELS_bet23_to_bet27,19.3279,19.3279,24.1599,28.9919,28.9919,4.000000,4.000000,5.000000,6.000000,6.000000,96.000000,96.000000,95.000000,94.000000,94.000000,5.0,120.7995,109.3915,362.3986,373.8067,PENDING_AG03,FALSE,NOT_FOR_ENFORCEMENT,463.8702,3477.3844,483.1981,463.8702,19.3279,0.12868490,0.12353751,19.3279,463.8702,0.12353751,19.3279,19.3279,24.1599,28.9919,28.9919,463.8702,0.12353751,120.7995,109.3915,362.3986,373.8067,0.09651368,0.09955186,0.00514740,41.2626,45.8516,6.1164,48.3198,13.0594,375.4894,7.9000,41.2626,,13.8395,20.439,40.4073,102.1952,162.4902,204.3903,20.439,-2.0204,7.949997,10.0,2.018813,21,27,11,3,1.00000000,0.12868490,0.12868490,0E-8,0.000000,0.964681,0.000000,,2026-07-15,2026-08-03,10,37,34,20,0.500000,,1.000000,3.333333,,,,,,,,GLOBAL_BASELINE_NO_ENTITY_RANKING,,,NOT_APPLICABLE_GLOBAL_BASELINE,HF9g-P5,,,,X 全窗基线 · 不参与实体赏罚,8396249,840,A168_HF9F_20260827_0900,2026-08-27 09:00:00
2026-08-02,153032414,2254,0,22.6280911589,-22.6280911589,-22.6280911589,0E-7,1,1,0.49324550000000000,0.493245500000,-0.9865810262130424,-0.9865810262130424,-0.9865810262130424,0E-17,ELIGIBLE,R03b_20260811_FULL_v1,L1_ELIGIBILITY,v2026-08-11,2026-03-21..2026-08-06,baccarat_bet02_101_all_pairs_incl_sentinel,round_win = game_pnl > 0 (decisive only),COMPATIBILITY_ONLY_NOT_PRODUCTION,3754.8938,3622.2755,483.1981,91,79,-0.12868490,-0.12868490,,-0.12868490,-483.1981,3754.8938,OK,0.0000,19.3279,4.0000,96.0000,AG03-UNRESOLVED,ALL5_LEVELS_bet23_to_bet27,19.3279,19.3279,24.1599,28.9919,28.9919,4.000000,4.000000,5.000000,6.000000,6.000000,96.000000,96.000000,95.000000,94.000000,94.000000,5.0,120.7995,109.3915,362.3986,373.8067,PENDING_AG03,FALSE,NOT_FOR_ENFORCEMENT,463.8702,3477.3844,483.1981,463.8702,19.3279,0.12868490,0.12353751,19.3279,463.8702,0.12353751,19.3279,19.3279,24.1599,28.9919,28.9919,463.8702,0.12353751,120.7995,109.3915,362.3986,373.8067,0.09651368,0.09955186,0.00514740,41.2626,45.8516,6.1164,48.3198,13.0594,375.4894,7.9000,41.2626,,13.8395,20.439,40.4073,102.1952,162.4902,204.3903,20.439,-2.0204,7.949997,10.0,2.018813,21,27,11,3,1.00000000,0.12868490,0.12868490,0E-8,0.000000,0.964681,0.000000,,2026-07-15,2026-08-03,10,37,34,20,0.500000,,1.000000,3.333333,,,,,,,,GLOBAL_BASELINE_NO_ENTITY_RANKING,,,NOT_APPLICABLE_GLOBAL_BASELINE,HF9g-P5,,,,X 全窗基线 · 不参与实体赏罚,8396250,840,A168_HF9F_20260827_0900,2026-08-27 09:00:00
2026-08-02,153032414,2288,0,14.1425569743,14.1425569743,14.1425569743,1.0000000,1,1,0.49324550000000000,0.493245500000,1.01360149184955,1.01360149184955,1.01360149184955,0E-17,ELIGIBLE,R03b_20260811_FULL_v1,L1_ELIGIBILITY,v2026-08-11,2026-03-21..2026-08-06,baccarat_bet02_101_all_pairs_incl_sentinel,round_win = game_pnl > 0 (decisive only),COMPATIBILITY_ONLY_NOT_PRODUCTION,3754.8938,3622.2755,483.1981,91,79,-0.12868490,-0.12868490,,-0.12868490,-483.1981,3754.8938,OK,0.0000,19.3279,4.0000,96.0000,AG03-UNRESOLVED,ALL5_LEVELS_bet23_to_bet27,19.3279,19.3279,24.1599,28.9919,28.9919,4.000000,4.000000,5.000000,6.000000,6.000000,96.000000,96.000000,95.000000,94.000000,94.000000,5.0,120.7995,109.3915,362.3986,373.8067,PENDING_AG03,FALSE,NOT_FOR_ENFORCEMENT,463.8702,3477.3844,483.1981,463.8702,19.3279,0.12868490,0.12353751,19.3279,463.8702,0.12353751,19.3279,19.3279,24.1599,28.9919,28.9919,463.8702,0.12353751,120.7995,109.3915,362.3986,373.8067,0.09651368,0.09955186,0.00514740,41.2626,45.8516,6.1164,48.3198,13.0594,375.4894,7.9000,41.2626,,13.8395,20.439,40.4073,102.1952,162.4902,204.3903,20.439,-2.0204,7.949997,10.0,2.018813,21,27,11,3,1.00000000,0.12868490,0.12868490,0E-8,0.000000,0.964681,0.000000,,2026-07-15,2026-08-03,10,37,34,20,0.500000,,1.000000,3.333333,,,,,,,,GLOBAL_BASELINE_NO_ENTITY_RANKING,,,NOT_APPLICABLE_GLOBAL_BASELINE,HF9g-P5,,,,X 全窗基线 · 不参与实体赏罚,8396251,840,A168_HF9F_20260827_0900,2026-08-27 09:00:00
2026-08-02,153032414,529,0,648.3352190072,238.4031032813,238.4031032813,0.6818182,32,23,0.48697212899157602,0.421952789130,1.8284387642984632,2.468005942451621,1.8284387642984632,0.06501933986157602,ELIGIBLE,R03b_20260811_FULL_v1,L1_ELIGIBILITY,v2026-08-11,2026-03-21..2026-08-06,baccarat_bet02_101_all_pairs_incl_sentinel,round_win = game_pnl > 0 (decisive only),COMPATIBILITY_ONLY_NOT_PRODUCTION,3754.8938,3622.2755,483.1981,91,79,-0.12868490,-0.12868490,,-0.12868490,-483.1981,3754.8938,OK,0.0000,19.3279,4.0000,96.0000,AG03-UNRESOLVED,ALL5_LEVELS_bet23_to_bet27,19.3279,19.3279,24.1599,28.9919,28.9919,4.000000,4.000000,5.000000,6.000000,6.000000,96.000000,96.000000,95.000000,94.000000,94.000000,5.0,120.7995,109.3915,362.3986,373.8067,PENDING_AG03,FALSE,NOT_FOR_ENFORCEMENT,463.8702,3477.3844,483.1981,463.8702,19.3279,0.12868490,0.12353751,19.3279,463.8702,0.12353751,19.3279,19.3279,24.1599,28.9919,28.9919,463.8702,0.12353751,120.7995,109.3915,362.3986,373.8067,0.09651368,0.09955186,0.00514740,41.2626,45.8516,6.1164,48.3198,13.0594,375.4894,7.9000,41.2626,,13.8395,20.439,40.4073,102.1952,162.4902,204.3903,20.439,-2.0204,7.949997,10.0,2.018813,21,27,11,3,1.00000000,0.12868490,0.12868490,0E-8,0.000000,0.964681,0.000000,,2026-07-15,2026-08-03,10,37,34,20,0.500000,,1.000000,3.333333,,,,,,,,GLOBAL_BASELINE_NO_ENTITY_RANKING,,,NOT_APPLICABLE_GLOBAL_BASELINE,HF9g-P5,,,,X 全窗基线 · 不参与实体赏罚,8396252,840,A168_HF9F_20260827_0900,2026-08-27 09:00:00
2026-08-02,153032414,550,0,40.4073056409,-40.4073056409,-40.4073056409,0E-7,1,1,0.50665070000000000,0.506650700000,-1.013391052207602,-1.013391052207602,-1.013391052207602,0E-17,ELIGIBLE,R03b_20260811_FULL_v1,L1_ELIGIBILITY,v2026-08-11,2026-03-21..2026-08-06,baccarat_bet02_101_all_pairs_incl_sentinel,round_win = game_pnl > 0 (decisive only),COMPATIBILITY_ONLY_NOT_PRODUCTION,3754.8938,3622.2755,483.1981,91,79,-0.12868490,-0.12868490,,-0.12868490,-483.1981,3754.8938,OK,0.0000,19.3279,4.0000,96.0000,AG03-UNRESOLVED,ALL5_LEVELS_bet23_to_bet27,19.3279,19.3279,24.1599,28.9919,28.9919,4.000000,4.000000,5.000000,6.000000,6.000000,96.000000,96.000000,95.000000,94.000000,94.000000,5.0,120.7995,109.3915,362.3986,373.8067,PENDING_AG03,FALSE,NOT_FOR_ENFORCEMENT,463.8702,3477.3844,483.1981,463.8702,19.3279,0.12868490,0.12353751,19.3279,463.8702,0.12353751,19.3279,19.3279,24.1599,28.9919,28.9919,463.8702,0.12353751,120.7995,109.3915,362.3986,373.8067,0.09651368,0.09955186,0.00514740,41.2626,45.8516,6.1164,48.3198,13.0594,375.4894,7.9000,41.2626,,13.8395,20.439,40.4073,102.1952,162.4902,204.3903,20.439,-2.0204,7.949997,10.0,2.018813,21,27,11,3,1.00000000,0.12868490,0.12868490,0E-8,0.000000,0.964681,0.000000,,2026-07-15,2026-08-03,10,37,34,20,0.500000,,1.000000,3.333333,,,,,,,,GLOBAL_BASELINE_NO_ENTITY_RANKING,,,NOT_APPLICABLE_GLOBAL_BASELINE,HF9g-P5,,,,X 全窗基线 · 不参与实体赏罚,8396253,840,A168_HF9F_20260827_0900,2026-08-27 09:00:00
2026-08-02,153032414,919,0,21.4158719897,21.4158719897,21.4158719897,1.0000000,1,1,0.49324550000000000,0.493245500000,1.01360149184955,1.01360149184955,1.01360149184955,0E-17,ELIGIBLE,R03b_20260811_FULL_v1,L1_ELIGIBILITY,v2026-08-11,2026-03-21..2026-08-06,baccarat_bet02_101_all_pairs_incl_sentinel,round_win = game_pnl > 0 (decisive only),COMPATIBILITY_ONLY_NOT_PRODUCTION,3754.8938,3622.2755,483.1981,91,79,-0.12868490,-0.12868490,,-0.12868490,-483.1981,3754.8938,OK,0.0000,19.3279,4.0000,96.0000,AG03-UNRESOLVED,ALL5_LEVELS_bet23_to_bet27,19.3279,19.3279,24.1599,28.9919,28.9919,4.000000,4.000000,5.000000,6.000000,6.000000,96.000000,96.000000,95.000000,94.000000,94.000000,5.0,120.7995,109.3915,362.3986,373.8067,PENDING_AG03,FALSE,NOT_FOR_ENFORCEMENT,463.8702,3477.3844,483.1981,463.8702,19.3279,0.12868490,0.12353751,19.3279,463.8702,0.12353751,19.3279,19.3279,24.1599,28.9919,28.9919,463.8702,0.12353751,120.7995,109.3915,362.3986,373.8067,0.09651368,0.09955186,0.00514740,41.2626,45.8516,6.1164,48.3198,13.0594,375.4894,7.9000,41.2626,,13.8395,20.439,40.4073,102.1952,162.4902,204.3903,20.439,-2.0204,7.949997,10.0,2.018813,21,27,11,3,1.00000000,0.12868490,0.12868490,0E-8,0.000000,0.964681,0.000000,,2026-07-15,2026-08-03,10,37,34,20,0.500000,,1.000000,3.333333,,,,,,,,GLOBAL_BASELINE_NO_ENTITY_RANKING,,,NOT_APPLICABLE_GLOBAL_BASELINE,HF9g-P5,,,,X 全窗基线 · 不参与实体赏罚,8396254,840,A168_HF9F_20260827_0900,2026-08-27 09:00:00
2026-08-02,153032414,970,0,58.5905931792,-19.1934701794,-19.1934701794,0.3333333,3,3,0.50218230000000000,0.502182300000,-0.5849155494134425,-0.5849155494134426,-0.5849155494134425,0E-17,ELIGIBLE,R03b_20260811_FULL_v1,L1_ELIGIBILITY,v2026-08-11,2026-03-21..2026-08-06,baccarat_bet02_101_all_pairs_incl_sentinel,round_win = game_pnl > 0 (decisive only),COMPATIBILITY_ONLY_NOT_PRODUCTION,3754.8938,3622.2755,483.1981,91,79,-0.12868490,-0.12868490,,-0.12868490,-483.1981,3754.8938,OK,0.0000,19.3279,4.0000,96.0000,AG03-UNRESOLVED,ALL5_LEVELS_bet23_to_bet27,19.3279,19.3279,24.1599,28.9919,28.9919,4.000000,4.000000,5.000000,6.000000,6.000000,96.000000,96.000000,95.000000,94.000000,94.000000,5.0,120.7995,109.3915,362.3986,373.8067,PENDING_AG03,FALSE,NOT_FOR_ENFORCEMENT,463.8702,3477.3844,483.1981,463.8702,19.3279,0.12868490,0.12353751,19.3279,463.8702,0.12353751,19.3279,19.3279,24.1599,28.9919,28.9919,463.8702,0.12353751,120.7995,109.3915,362.3986,373.8067,0.09651368,0.09955186,0.00514740,41.2626,45.8516,6.1164,48.3198,13.0594,375.4894,7.9000,41.2626,,13.8395,20.439,40.4073,102.1952,162.4902,204.3903,20.439,-2.0204,7.949997,10.0,2.018813,21,27,11,3,1.00000000,0.12868490,0.12868490,0E-8,0.000000,0.964681,0.000000,,2026-07-15,2026-08-03,10,37,34,20,0.500000,,1.000000,3.333333,,,,,,,,GLOBAL_BASELINE_NO_ENTITY_RANKING,,,NOT_APPLICABLE_GLOBAL_BASELINE,HF9g-P5,,,,X 全窗基线 · 不参与实体赏罚,8396255,840,A168_HF9F_20260827_0900,2026-08-27 09:00:00
2026-08-03,153032414,-1,1,10.7079359948,-10.7079359948,-10.7079359948,0E-7,1,1,0.49324550000000000,0.493245500000,-0.9865810262130424,-0.9865810262130424,-0.9865810262130424,0E-17,SENTINEL_DEALER,R03b_20260811_FULL_v1,L1_ELIGIBILITY,v2026-08-11,2026-03-21..2026-08-06,baccarat_bet02_101_all_pairs_incl_sentinel,round_win = game_pnl > 0 (decisive only),COMPATIBILITY_ONLY_NOT_PRODUCTION,3754.8938,3622.2755,483.1981,91,79,-0.12868490,-0.12868490,,-0.12868490,-483.1981,3754.8938,OK,0.0000,19.3279,4.0000,96.0000,AG03-UNRESOLVED,ALL5_LEVELS_bet23_to_bet27,19.3279,19.3279,24.1599,28.9919,28.9919,4.000000,4.000000,5.000000,6.000000,6.000000,96.000000,96.000000,95.000000,94.000000,94.000000,5.0,120.7995,109.3915,362.3986,373.8067,PENDING_AG03,FALSE,NOT_FOR_ENFORCEMENT,463.8702,3477.3844,483.1981,463.8702,19.3279,0.12868490,0.12353751,19.3279,463.8702,0.12353751,19.3279,19.3279,24.1599,28.9919,28.9919,463.8702,0.12353751,120.7995,109.3915,362.3986,373.8067,0.09651368,0.09955186,0.00514740,41.2626,45.8516,6.1164,48.3198,13.0594,375.4894,7.9000,41.2626,,13.8395,20.439,40.4073,102.1952,162.4902,204.3903,20.439,-2.0204,7.949997,10.0,2.018813,21,27,11,3,1.00000000,0.12868490,0.12868490,0E-8,0.000000,0.964681,0.000000,,2026-07-15,2026-08-03,10,37,34,20,0.500000,,1.000000,3.333333,,,,,,,,GLOBAL_BASELINE_NO_ENTITY_RANKING,,,NOT_APPLICABLE_GLOBAL_BASELINE,HF9g-P5,,,,X 全窗基线 · 不参与实体赏罚,8396256,840,A168_HF9F_20260827_0900,2026-08-27 09:00:00
2026-08-03,153032414,2059,0,53.3376434458,34.3462097948,34.3462097948,0.5000000,4,4,0.49659680000000000,0.496596800000,0.013613115331600182,0.013613115331600183,0.013613115331600182,0E-17,ELIGIBLE,R03b_20260811_FULL_v1,L1_ELIGIBILITY,v2026-08-11,2026-03-21..2026-08-06,baccarat_bet02_101_all_pairs_incl_sentinel,round_win = game_pnl > 0 (decisive only),COMPATIBILITY_ONLY_NOT_PRODUCTION,3754.8938,3622.2755,483.1981,91,79,-0.12868490,-0.12868490,,-0.12868490,-483.1981,3754.8938,OK,0.0000,19.3279,4.0000,96.0000,AG03-UNRESOLVED,ALL5_LEVELS_bet23_to_bet27,19.3279,19.3279,24.1599,28.9919,28.9919,4.000000,4.000000,5.000000,6.000000,6.000000,96.000000,96.000000,95.000000,94.000000,94.000000,5.0,120.7995,109.3915,362.3986,373.8067,PENDING_AG03,FALSE,NOT_FOR_ENFORCEMENT,463.8702,3477.3844,483.1981,463.8702,19.3279,0.12868490,0.12353751,19.3279,463.8702,0.12353751,19.3279,19.3279,24.1599,28.9919,28.9919,463.8702,0.12353751,120.7995,109.3915,362.3986,373.8067,0.09651368,0.09955186,0.00514740,41.2626,45.8516,6.1164,48.3198,13.0594,375.4894,7.9000,41.2626,,13.8395,20.439,40.4073,102.1952,162.4902,204.3903,20.439,-2.0204,7.949997,10.0,2.018813,21,27,11,3,1.00000000,0.12868490,0.12868490,0E-8,0.000000,0.964681,0.000000,,2026-07-15,2026-08-03,10,37,34,20,0.500000,,1.000000,3.333333,,,,,,,,GLOBAL_BASELINE_NO_ENTITY_RANKING,,,NOT_APPLICABLE_GLOBAL_BASELINE,HF9g-P5,,,,X 全窗基线 · 不参与实体赏罚,8396257,840,A168_HF9F_20260827_0900,2026-08-27 09:00:00
2026-08-03,153032414,2155,0,16.1629222563,-16.1629222563,-16.1629222563,0E-7,1,1,0.49324550000000000,0.493245500000,-0.9865810262130424,-0.9865810262130424,-0.9865810262130424,0E-17,ELIGIBLE,R03b_20260811_FULL_v1,L1_ELIGIBILITY,v2026-08-11,2026-03-21..2026-08-06,baccarat_bet02_101_all_pairs_incl_sentinel,round_win = game_pnl > 0 (decisive only),COMPATIBILITY_ONLY_NOT_PRODUCTION,3754.8938,3622.2755,483.1981,91,79,-0.12868490,-0.12868490,,-0.12868490,-483.1981,3754.8938,OK,0.0000,19.3279,4.0000,96.0000,AG03-UNRESOLVED,ALL5_LEVELS_bet23_to_bet27,19.3279,19.3279,24.1599,28.9919,28.9919,4.000000,4.000000,5.000000,6.000000,6.000000,96.000000,96.000000,95.000000,94.000000,94.000000,5.0,120.7995,109.3915,362.3986,373.8067,PENDING_AG03,FALSE,NOT_FOR_ENFORCEMENT,463.8702,3477.3844,483.1981,463.8702,19.3279,0.12868490,0.12353751,19.3279,463.8702,0.12353751,19.3279,19.3279,24.1599,28.9919,28.9919,463.8702,0.12353751,120.7995,109.3915,362.3986,373.8067,0.09651368,0.09955186,0.00514740,41.2626,45.8516,6.1164,48.3198,13.0594,375.4894,7.9000,41.2626,,13.8395,20.439,40.4073,102.1952,162.4902,204.3903,20.439,-2.0204,7.949997,10.0,2.018813,21,27,11,3,1.00000000,0.12868490,0.12868490,0E-8,0.000000,0.964681,0.000000,,2026-07-15,2026-08-03,10,37,34,20,0.500000,,1.000000,3.333333,,,,,,,,GLOBAL_BASELINE_NO_ENTITY_RANKING,,,NOT_APPLICABLE_GLOBAL_BASELINE,HF9g-P5,,,,X 全窗基线 · 不参与实体赏罚,8396258,840,A168_HF9F_20260827_0900,2026-08-27 09:00:00
2026-03-21,54653530,1017,0,38.7076388341,4.4237301524,4.4237301524,0.3333333,3,3,0.50665070000000000,0.506650700000,-0.6004420894325239,-0.6004420894325239,-0.6004420894325239,0E-17,ELIGIBLE,R03b_20260811_FULL_v1,L1_ELIGIBILITY,v2026-08-11,2026-03-21..2026-08-06,baccarat_bet02_101_all_pairs_incl_sentinel,round_win = game_pnl > 0 (decisive only),COMPATIBILITY_ONLY_NOT_PRODUCTION,53571.4227,48249.4483,483.2383,5739,5738,-0.00902045,-0.00297427,-0.01061372,-0.00902045,-483.2383,53571.4227,OK,0.0000,19.3295,4.0000,96.0000,AG03-UNRESOLVED,ALL5_LEVELS_bet23_to_bet27,19.3295,19.3295,24.1619,0.0000,0.0000,4.000000,4.000000,5.000000,0.000000,0.000000,96.000000,96.000000,95.000000,100.000000,100.000000,5.0,62.8210,60.1535,420.4173,423.0848,PENDING_AG03,FALSE,NOT_FOR_ENFORCEMENT,463.9088,46319.4703,483.2383,463.9088,19.3295,0.00902045,0.00865963,19.3295,463.9088,0.00865963,19.3295,19.3295,24.1619,0.0000,0.0000,463.9088,0.00865963,62.8210,60.1535,420.4173,423.0848,0.00784779,0.00789758,0.00036082,9.3346,8.4088,0.0842,5.5545,0.2517,615.7635,65.9540,8.3255,9.6426,5.1431,5.1891,8.2617,16.7816,25.8881,44.2602,5.1891,0.0,4.9889,8.529385,1.798876,29,193,98,2,0.20855820,0.00902045,0.00297427,0E-8,0.000000,0.900656,0.000000,0.00763944,2026-03-21,2026-08-06,87,1920,882,139,0.625899,0.863400,0.891889,0.695194,,,,,,,,GLOBAL_BASELINE_NO_ENTITY_RANKING,,,NOT_APPLICABLE_GLOBAL_BASELINE,HF9g-P5,,,,X 全窗基线 · 不参与实体赏罚,8396259,840,A168_HF9F_20260827_0900,2026-08-27 09:00:00
2026-03-21,54653530,1306,0,24.4885062012,12.4812386444,12.4812386444,0.7500000,4,4,0.50665070000000000,0.506650700000,0.9734833216690844,0.9734833216690844,0.9734833216690844,0E-17,ELIGIBLE,R03b_20260811_FULL_v1,L1_ELIGIBILITY,v2026-08-11,2026-03-21..2026-08-06,baccarat_bet02_101_all_pairs_incl_sentinel,round_win = game_pnl > 0 (decisive only),COMPATIBILITY_ONLY_NOT_PRODUCTION,53571.4227,48249.4483,483.2383,5739,5738,-0.00902045,-0.00297427,-0.01061372,-0.00902045,-483.2383,53571.4227,OK,0.0000,19.3295,4.0000,96.0000,AG03-UNRESOLVED,ALL5_LEVELS_bet23_to_bet27,19.3295,19.3295,24.1619,0.0000,0.0000,4.000000,4.000000,5.000000,0.000000,0.000000,96.000000,96.000000,95.000000,100.000000,100.000000,5.0,62.8210,60.1535,420.4173,423.0848,PENDING_AG03,FALSE,NOT_FOR_ENFORCEMENT,463.9088,46319.4703,483.2383,463.9088,19.3295,0.00902045,0.00865963,19.3295,463.9088,0.00865963,19.3295,19.3295,24.1619,0.0000,0.0000,463.9088,0.00865963,62.8210,60.1535,420.4173,423.0848,0.00784779,0.00789758,0.00036082,9.3346,8.4088,0.0842,5.5545,0.2517,615.7635,65.9540,8.3255,9.6426,5.1431,5.1891,8.2617,16.7816,25.8881,44.2602,5.1891,0.0,4.9889,8.529385,1.798876,29,193,98,2,0.20855820,0.00902045,0.00297427,0E-8,0.000000,0.900656,0.000000,0.00763944,2026-03-21,2026-08-06,87,1920,882,139,0.625899,0.863400,0.891889,0.695194,,,,,,,,GLOBAL_BASELINE_NO_ENTITY_RANKING,,,NOT_APPLICABLE_GLOBAL_BASELINE,HF9g-P5,,,,X 全窗基线 · 不参与实体赏罚,8396260,840,A168_HF9F_20260827_0900,2026-08-27 09:00:00
2026-03-21,54653530,1396,0,29.2282170788,8.2286647181,8.2286647181,0.6666667,4,4,0.50665070000000000,0.506650700000,0.5543606114942035,0.5543606114942035,0.5543606114942035,0E-17,ELIGIBLE,R03b_20260811_FULL_v1,L1_ELIGIBILITY,v2026-08-11,2026-03-21..2026-08-06,baccarat_bet02_101_all_pairs_incl_sentinel,round_win = game_pnl > 0 (decisive only),COMPATIBILITY_ONLY_NOT_PRODUCTION,53571.4227,48249.4483,483.2383,5739,5738,-0.00902045,-0.00297427,-0.01061372,-0.00902045,-483.2383,53571.4227,OK,0.0000,19.3295,4.0000,96.0000,AG03-UNRESOLVED,ALL5_LEVELS_bet23_to_bet27,19.3295,19.3295,24.1619,0.0000,0.0000,4.000000,4.000000,5.000000,0.000000,0.000000,96.000000,96.000000,95.000000,100.000000,100.000000,5.0,62.8210,60.1535,420.4173,423.0848,PENDING_AG03,FALSE,NOT_FOR_ENFORCEMENT,463.9088,46319.4703,483.2383,463.9088,19.3295,0.00902045,0.00865963,19.3295,463.9088,0.00865963,19.3295,19.3295,24.1619,0.0000,0.0000,463.9088,0.00865963,62.8210,60.1535,420.4173,423.0848,0.00784779,0.00789758,0.00036082,9.3346,8.4088,0.0842,5.5545,0.2517,615.7635,65.9540,8.3255,9.6426,5.1431,5.1891,8.2617,16.7816,25.8881,44.2602,5.1891,0.0,4.9889,8.529385,1.798876,29,193,98,2,0.20855820,0.00902045,0.00297427,0E-8,0.000000,0.900656,0.000000,0.00763944,2026-03-21,2026-08-06,87,1920,882,139,0.625899,0.863400,0.891889,0.695194,,,,,,,,GLOBAL_BASELINE_NO_ENTITY_RANKING,,,NOT_APPLICABLE_GLOBAL_BASELINE,HF9g-P5,,,,X 全窗基线 · 不参与实体赏罚,8396261,840,A168_HF9F_20260827_0900,2026-08-27 09:00:00
2026-03-21,54653530,1505,0,10.7960081102,10.2562077046,10.2562077046,1.0000000,2,2,0.50665070000000000,0.506650700000,1.3955260008387969,1.3955260008387969,1.3955260008387969,0E-17,ELIGIBLE,R03b_20260811_FULL_v1,L1_ELIGIBILITY,v2026-08-11,2026-03-21..2026-08-06,baccarat_bet02_101_all_pairs_incl_sentinel,round_win = game_pnl > 0 (decisive only),COMPATIBILITY_ONLY_NOT_PRODUCTION,53571.4227,48249.4483,483.2383,5739,5738,-0.00902045,-0.00297427,-0.01061372,-0.00902045,-483.2383,53571.4227,OK,0.0000,19.3295,4.0000,96.0000,AG03-UNRESOLVED,ALL5_LEVELS_bet23_to_bet27,19.3295,19.3295,24.1619,0.0000,0.0000,4.000000,4.000000,5.000000,0.000000,0.000000,96.000000,96.000000,95.000000,100.000000,100.000000,5.0,62.8210,60.1535,420.4173,423.0848,PENDING_AG03,FALSE,NOT_FOR_ENFORCEMENT,463.9088,46319.4703,483.2383,463.9088,19.3295,0.00902045,0.00865963,19.3295,463.9088,0.00865963,19.3295,19.3295,24.1619,0.0000,0.0000,463.9088,0.00865963,62.8210,60.1535,420.4173,423.0848,0.00784779,0.00789758,0.00036082,9.3346,8.4088,0.0842,5.5545,0.2517,615.7635,65.9540,8.3255,9.6426,5.1431,5.1891,8.2617,16.7816,25.8881,44.2602,5.1891,0.0,4.9889,8.529385,1.798876,29,193,98,2,0.20855820,0.00902045,0.00297427,0E-8,0.000000,0.900656,0.000000,0.00763944,2026-03-21,2026-08-06,87,1920,882,139,0.625899,0.863400,0.891889,0.695194,,,,,,,,GLOBAL_BASELINE_NO_ENTITY_RANKING,,,NOT_APPLICABLE_GLOBAL_BASELINE,HF9g-P5,,,,X 全窗基线 · 不参与实体赏罚,8396262,840,A168_HF9F_20260827_0900,2026-08-27 09:00:00
2026-03-21,54653530,1963,0,85.0514785266,-85.0514785266,-85.0514785266,0E-7,4,4,0.50665070000000000,0.506650700000,-2.026782104415204,-2.026782104415204,-2.026782104415204,0E-17,ELIGIBLE,R03b_20260811_FULL_v1,L1_ELIGIBILITY,v2026-08-11,2026-03-21..2026-08-06,baccarat_bet02_101_all_pairs_incl_sentinel,round_win = game_pnl > 0 (decisive only),COMPATIBILITY_ONLY_NOT_PRODUCTION,53571.4227,48249.4483,483.2383,5739,5738,-0.00902045,-0.00297427,-0.01061372,-0.00902045,-483.2383,53571.4227,OK,0.0000,19.3295,4.0000,96.0000,AG03-UNRESOLVED,ALL5_LEVELS_bet23_to_bet27,19.3295,19.3295,24.1619,0.0000,0.0000,4.000000,4.000000,5.000000,0.000000,0.000000,96.000000,96.000000,95.000000,100.000000,100.000000,5.0,62.8210,60.1535,420.4173,423.0848,PENDING_AG03,FALSE,NOT_FOR_ENFORCEMENT,463.9088,46319.4703,483.2383,463.9088,19.3295,0.00902045,0.00865963,19.3295,463.9088,0.00865963,19.3295,19.3295,24.1619,0.0000,0.0000,463.9088,0.00865963,62.8210,60.1535,420.4173,423.0848,0.00784779,0.00789758,0.00036082,9.3346,8.4088,0.0842,5.5545,0.2517,615.7635,65.9540,8.3255,9.6426,5.1431,5.1891,8.2617,16.7816,25.8881,44.2602,5.1891,0.0,4.9889,8.529385,1.798876,29,193,98,2,0.20855820,0.00902045,0.00297427,0E-8,0.000000,0.900656,0.000000,0.00763944,2026-03-21,2026-08-06,87,1920,882,139,0.625899,0.863400,0.891889,0.695194,,,,,,,,GLOBAL_BASELINE_NO_ENTITY_RANKING,,,NOT_APPLICABLE_GLOBAL_BASELINE,HF9g-P5,,,,X 全窗基线 · 不参与实体赏罚,8396263,840,A168_HF9F_20260827_0900,2026-08-27 09:00:00
2026-03-21,54653530,2246,0,42.1307633568,9.1634410301,9.1634410301,0.5000000,5,5,0.50665070000000000,0.506650700000,-0.02660515369234503,-0.02660515369234503,-0.02660515369234503,0E-17,ELIGIBLE,R03b_20260811_FULL_v1,L1_ELIGIBILITY,v2026-08-11,2026-03-21..2026-08-06,baccarat_bet02_101_all_pairs_incl_sentinel,round_win = game_pnl > 0 (decisive only),COMPATIBILITY_ONLY_NOT_PRODUCTION,53571.4227,48249.4483,483.2383,5739,5738,-0.00902045,-0.00297427,-0.01061372,-0.00902045,-483.2383,53571.4227,OK,0.0000,19.3295,4.0000,96.0000,AG03-UNRESOLVED,ALL5_LEVELS_bet23_to_bet27,19.3295,19.3295,24.1619,0.0000,0.0000,4.000000,4.000000,5.000000,0.000000,0.000000,96.000000,96.000000,95.000000,100.000000,100.000000,5.0,62.8210,60.1535,420.4173,423.0848,PENDING_AG03,FALSE,NOT_FOR_ENFORCEMENT,463.9088,46319.4703,483.2383,463.9088,19.3295,0.00902045,0.00865963,19.3295,463.9088,0.00865963,19.3295,19.3295,24.1619,0.0000,0.0000,463.9088,0.00865963,62.8210,60.1535,420.4173,423.0848,0.00784779,0.00789758,0.00036082,9.3346,8.4088,0.0842,5.5545,0.2517,615.7635,65.9540,8.3255,9.6426,5.1431,5.1891,8.2617,16.7816,25.8881,44.2602,5.1891,0.0,4.9889,8.529385,1.798876,29,193,98,2,0.20855820,0.00902045,0.00297427,0E-8,0.000000,0.900656,0.000000,0.00763944,2026-03-21,2026-08-06,87,1920,882,139,0.625899,0.863400,0.891889,0.695194,,,,,,,,GLOBAL_BASELINE_NO_ENTITY_RANKING,,,NOT_APPLICABLE_GLOBAL_BASELINE,HF9g-P5,,,,X 全窗基线 · 不参与实体赏罚,8396264,840,A168_HF9F_20260827_0900,2026-08-27 09:00:00
2026-03-24,54653530,1318,0,5.2663454196,5.2663454196,5.2663454196,1.0000000,1,1,0.49324550000000000,0.493245500000,1.01360149184955,1.01360149184955,1.01360149184955,0E-17,ELIGIBLE,R03b_20260811_FULL_v1,L1_ELIGIBILITY,v2026-08-11,2026-03-21..2026-08-06,baccarat_bet02_101_all_pairs_incl_sentinel,round_win = game_pnl > 0 (decisive only),COMPATIBILITY_ONLY_NOT_PRODUCTION,53571.4227,48249.4483,483.2383,5739,5738,-0.00902045,-0.00297427,-0.01061372,-0.00902045,-483.2383,53571.4227,OK,0.0000,19.3295,4.0000,96.0000,AG03-UNRESOLVED,ALL5_LEVELS_bet23_to_bet27,19.3295,19.3295,24.1619,0.0000,0.0000,4.000000,4.000000,5.000000,0.000000,0.000000,96.000000,96.000000,95.000000,100.000000,100.000000,5.0,62.8210,60.1535,420.4173,423.0848,PENDING_AG03,FALSE,NOT_FOR_ENFORCEMENT,463.9088,46319.4703,483.2383,463.9088,19.3295,0.00902045,0.00865963,19.3295,463.9088,0.00865963,19.3295,19.3295,24.1619,0.0000,0.0000,463.9088,0.00865963,62.8210,60.1535,420.4173,423.0848,0.00784779,0.00789758,0.00036082,9.3346,8.4088,0.0842,5.5545,0.2517,615.7635,65.9540,8.3255,9.6426,5.1431,5.1891,8.2617,16.7816,25.8881,44.2602,5.1891,0.0,4.9889,8.529385,1.798876,29,193,98,2,0.20855820,0.00902045,0.00297427,0E-8,0.000000,0.900656,0.000000,0.00763944,2026-03-21,2026-08-06,87,1920,882,139,0.625899,0.863400,0.891889,0.695194,,,,,,,,GLOBAL_BASELINE_NO_ENTITY_RANKING,,,NOT_APPLICABLE_GLOBAL_BASELINE,HF9g-P5,,,,X 全窗基线 · 不参与实体赏罚,8396265,840,A168_HF9F_20260827_0900,2026-08-27 09:00:00
2026-03-24,54653530,2141,0,44.7639360666,-34.2312452274,-34.2312452274,0.2500000,4,4,0.49324550000000000,0.493245500000,-0.9730707933947887,-0.9730707933947887,-0.9730707933947887,0E-17,ELIGIBLE,R03b_20260811_FULL_v1,L1_ELIGIBILITY,v2026-08-11,2026-03-21..2026-08-06,baccarat_bet02_101_all_pairs_incl_sentinel,round_win = game_pnl > 0 (decisive only),COMPATIBILITY_ONLY_NOT_PRODUCTION,53571.4227,48249.4483,483.2383,5739,5738,-0.00902045,-0.00297427,-0.01061372,-0.00902045,-483.2383,53571.4227,OK,0.0000,19.3295,4.0000,96.0000,AG03-UNRESOLVED,ALL5_LEVELS_bet23_to_bet27,19.3295,19.3295,24.1619,0.0000,0.0000,4.000000,4.000000,5.000000,0.000000,0.000000,96.000000,96.000000,95.000000,100.000000,100.000000,5.0,62.8210,60.1535,420.4173,423.0848,PENDING_AG03,FALSE,NOT_FOR_ENFORCEMENT,463.9088,46319.4703,483.2383,463.9088,19.3295,0.00902045,0.00865963,19.3295,463.9088,0.00865963,19.3295,19.3295,24.1619,0.0000,0.0000,463.9088,0.00865963,62.8210,60.1535,420.4173,423.0848,0.00784779,0.00789758,0.00036082,9.3346,8.4088,0.0842,5.5545,0.2517,615.7635,65.9540,8.3255,9.6426,5.1431,5.1891,8.2617,16.7816,25.8881,44.2602,5.1891,0.0,4.9889,8.529385,1.798876,29,193,98,2,0.20855820,0.00902045,0.00297427,0E-8,0.000000,0.900656,0.000000,0.00763944,2026-03-21,2026-08-06,87,1920,882,139,0.625899,0.863400,0.891889,0.695194,,,,,,,,GLOBAL_BASELINE_NO_ENTITY_RANKING,,,NOT_APPLICABLE_GLOBAL_BASELINE,HF9g-P5,,,,X 全窗基线 · 不参与实体赏罚,8396266,840,A168_HF9F_20260827_0900,2026-08-27 09:00:00
2026-03-26,54653530,-1,1,28.9648998078,1.8432208968,1.8432208968,0.3333333,3,3,0.50665070000000000,0.506650700000,-0.6004420894325239,-0.6004420894325239,-0.6004420894325239,0E-17,SENTINEL_DEALER,R03b_20260811_FULL_v1,L1_ELIGIBILITY,v2026-08-11,2026-03-21..2026-08-06,baccarat_bet02_101_all_pairs_incl_sentinel,round_win = game_pnl > 0 (decisive only),COMPATIBILITY_ONLY_NOT_PRODUCTION,53571.4227,48249.4483,483.2383,5739,5738,-0.00902045,-0.00297427,-0.01061372,-0.00902045,-483.2383,53571.4227,OK,0.0000,19.3295,4.0000,96.0000,AG03-UNRESOLVED,ALL5_LEVELS_bet23_to_bet27,19.3295,19.3295,24.1619,0.0000,0.0000,4.000000,4.000000,5.000000,0.000000,0.000000,96.000000,96.000000,95.000000,100.000000,100.000000,5.0,62.8210,60.1535,420.4173,423.0848,PENDING_AG03,FALSE,NOT_FOR_ENFORCEMENT,463.9088,46319.4703,483.2383,463.9088,19.3295,0.00902045,0.00865963,19.3295,463.9088,0.00865963,19.3295,19.3295,24.1619,0.0000,0.0000,463.9088,0.00865963,62.8210,60.1535,420.4173,423.0848,0.00784779,0.00789758,0.00036082,9.3346,8.4088,0.0842,5.5545,0.2517,615.7635,65.9540,8.3255,9.6426,5.1431,5.1891,8.2617,16.7816,25.8881,44.2602,5.1891,0.0,4.9889,8.529385,1.798876,29,193,98,2,0.20855820,0.00902045,0.00297427,0E-8,0.000000,0.900656,0.000000,0.00763944,2026-03-21,2026-08-06,87,1920,882,139,0.625899,0.863400,0.891889,0.695194,,,,,,,,GLOBAL_BASELINE_NO_ENTITY_RANKING,,,NOT_APPLICABLE_GLOBAL_BASELINE,HF9g-P5,,,,X 全窗基线 · 不参与实体赏罚,8396267,840,A168_HF9F_20260827_0900,2026-08-27 09:00:00
2026-03-26,54653530,1384,0,5.2663454196,5.0030281486,5.0030281486,1.0000000,1,1,0.50665070000000000,0.506650700000,0.9867858985152569,0.9867858985152569,0.9867858985152569,0E-17,ELIGIBLE,R03b_20260811_FULL_v1,L1_ELIGIBILITY,v2026-08-11,2026-03-21..2026-08-06,baccarat_bet02_101_all_pairs_incl_sentinel,round_win = game_pnl > 0 (decisive only),COMPATIBILITY_ONLY_NOT_PRODUCTION,53571.4227,48249.4483,483.2383,5739,5738,-0.00902045,-0.00297427,-0.01061372,-0.00902045,-483.2383,53571.4227,OK,0.0000,19.3295,4.0000,96.0000,AG03-UNRESOLVED,ALL5_LEVELS_bet23_to_bet27,19.3295,19.3295,24.1619,0.0000,0.0000,4.000000,4.000000,5.000000,0.000000,0.000000,96.000000,96.000000,95.000000,100.000000,100.000000,5.0,62.8210,60.1535,420.4173,423.0848,PENDING_AG03,FALSE,NOT_FOR_ENFORCEMENT,463.9088,46319.4703,483.2383,463.9088,19.3295,0.00902045,0.00865963,19.3295,463.9088,0.00865963,19.3295,19.3295,24.1619,0.0000,0.0000,463.9088,0.00865963,62.8210,60.1535,420.4173,423.0848,0.00784779,0.00789758,0.00036082,9.3346,8.4088,0.0842,5.5545,0.2517,615.7635,65.9540,8.3255,9.6426,5.1431,5.1891,8.2617,16.7816,25.8881,44.2602,5.1891,0.0,4.9889,8.529385,1.798876,29,193,98,2,0.20855820,0.00902045,0.00297427,0E-8,0.000000,0.900656,0.000000,0.00763944,2026-03-21,2026-08-06,87,1920,882,139,0.625899,0.863400,0.891889,0.695194,,,,,,,,GLOBAL_BASELINE_NO_ENTITY_RANKING,,,NOT_APPLICABLE_GLOBAL_BASELINE,HF9g-P5,,,,X 全窗基线 · 不参与实体赏罚,8396268,840,A168_HF9F_20260827_0900,2026-08-27 09:00:00
2026-03-26,54653530,1951,0,17.3789398847,5.7271506438,5.7271506438,0.5000000,2,2,0.50665070000000000,0.506650700000,-0.018812684590367487,-0.018812684590367487,-0.018812684590367487,0E-17,ELIGIBLE,R03b_20260811_FULL_v1,L1_ELIGIBILITY,v2026-08-11,2026-03-21..2026-08-06,baccarat_bet02_101_all_pairs_incl_sentinel,round_win = game_pnl > 0 (decisive only),COMPATIBILITY_ONLY_NOT_PRODUCTION,53571.4227,48249.4483,483.2383,5739,5738,-0.00902045,-0.00297427,-0.01061372,-0.00902045,-483.2383,53571.4227,OK,0.0000,19.3295,4.0000,96.0000,AG03-UNRESOLVED,ALL5_LEVELS_bet23_to_bet27,19.3295,19.3295,24.1619,0.0000,0.0000,4.000000,4.000000,5.000000,0.000000,0.000000,96.000000,96.000000,95.000000,100.000000,100.000000,5.0,62.8210,60.1535,420.4173,423.0848,PENDING_AG03,FALSE,NOT_FOR_ENFORCEMENT,463.9088,46319.4703,483.2383,463.9088,19.3295,0.00902045,0.00865963,19.3295,463.9088,0.00865963,19.3295,19.3295,24.1619,0.0000,0.0000,463.9088,0.00865963,62.8210,60.1535,420.4173,423.0848,0.00784779,0.00789758,0.00036082,9.3346,8.4088,0.0842,5.5545,0.2517,615.7635,65.9540,8.3255,9.6426,5.1431,5.1891,8.2617,16.7816,25.8881,44.2602,5.1891,0.0,4.9889,8.529385,1.798876,29,193,98,2,0.20855820,0.00902045,0.00297427,0E-8,0.000000,0.900656,0.000000,0.00763944,2026-03-21,2026-08-06,87,1920,882,139,0.625899,0.863400,0.891889,0.695194,,,,,,,,GLOBAL_BASELINE_NO_ENTITY_RANKING,,,NOT_APPLICABLE_GLOBAL_BASELINE,HF9g-P5,,,,X 全窗基线 · 不参与实体赏罚,8396269,840,A168_HF9F_20260827_0900,2026-08-27 09:00:00
2026-03-26,54653530,2141,0,6.5829317745,6.2537851858,6.2537851858,1.0000000,1,1,0.50665070000000000,0.506650700000,0.9867858985152569,0.9867858985152569,0.9867858985152569,0E-17,ELIGIBLE,R03b_20260811_FULL_v1,L1_ELIGIBILITY,v2026-08-11,2026-03-21..2026-08-06,baccarat_bet02_101_all_pairs_incl_sentinel,round_win = game_pnl > 0 (decisive only),COMPATIBILITY_ONLY_NOT_PRODUCTION,53571.4227,48249.4483,483.2383,5739,5738,-0.00902045,-0.00297427,-0.01061372,-0.00902045,-483.2383,53571.4227,OK,0.0000,19.3295,4.0000,96.0000,AG03-UNRESOLVED,ALL5_LEVELS_bet23_to_bet27,19.3295,19.3295,24.1619,0.0000,0.0000,4.000000,4.000000,5.000000,0.000000,0.000000,96.000000,96.000000,95.000000,100.000000,100.000000,5.0,62.8210,60.1535,420.4173,423.0848,PENDING_AG03,FALSE,NOT_FOR_ENFORCEMENT,463.9088,46319.4703,483.2383,463.9088,19.3295,0.00902045,0.00865963,19.3295,463.9088,0.00865963,19.3295,19.3295,24.1619,0.0000,0.0000,463.9088,0.00865963,62.8210,60.1535,420.4173,423.0848,0.00784779,0.00789758,0.00036082,9.3346,8.4088,0.0842,5.5545,0.2517,615.7635,65.9540,8.3255,9.6426,5.1431,5.1891,8.2617,16.7816,25.8881,44.2602,5.1891,0.0,4.9889,8.529385,1.798876,29,193,98,2,0.20855820,0.00902045,0.00297427,0E-8,0.000000,0.900656,0.000000,0.00763944,2026-03-21,2026-08-06,87,1920,882,139,0.625899,0.863400,0.891889,0.695194,,,,,,,,GLOBAL_BASELINE_NO_ENTITY_RANKING,,,NOT_APPLICABLE_GLOBAL_BASELINE,HF9g-P5,,,,X 全窗基线 · 不参与实体赏罚,8396270,840,A168_HF9F_20260827_0900,2026-08-27 09:00:00
2026-03-26,54653530,2176,0,5.2663454196,5.0030281486,5.0030281486,1.0000000,1,1,0.50665070000000000,0.506650700000,0.9867858985152569,0.9867858985152569,0.9867858985152569,0E-17,ELIGIBLE,R03b_20260811_FULL_v1,L1_ELIGIBILITY,v2026-08-11,2026-03-21..2026-08-06,baccarat_bet02_101_all_pairs_incl_sentinel,round_win = game_pnl > 0 (decisive only),COMPATIBILITY_ONLY_NOT_PRODUCTION,53571.4227,48249.4483,483.2383,5739,5738,-0.00902045,-0.00297427,-0.01061372,-0.00902045,-483.2383,53571.4227,OK,0.0000,19.3295,4.0000,96.0000,AG03-UNRESOLVED,ALL5_LEVELS_bet23_to_bet27,19.3295,19.3295,24.1619,0.0000,0.0000,4.000000,4.000000,5.000000,0.000000,0.000000,96.000000,96.000000,95.000000,100.000000,100.000000,5.0,62.8210,60.1535,420.4173,423.0848,PENDING_AG03,FALSE,NOT_FOR_ENFORCEMENT,463.9088,46319.4703,483.2383,463.9088,19.3295,0.00902045,0.00865963,19.3295,463.9088,0.00865963,19.3295,19.3295,24.1619,0.0000,0.0000,463.9088,0.00865963,62.8210,60.1535,420.4173,423.0848,0.00784779,0.00789758,0.00036082,9.3346,8.4088,0.0842,5.5545,0.2517,615.7635,65.9540,8.3255,9.6426,5.1431,5.1891,8.2617,16.7816,25.8881,44.2602,5.1891,0.0,4.9889,8.529385,1.798876,29,193,98,2,0.20855820,0.00902045,0.00297427,0E-8,0.000000,0.900656,0.000000,0.00763944,2026-03-21,2026-08-06,87,1920,882,139,0.625899,0.863400,0.891889,0.695194,,,,,,,,GLOBAL_BASELINE_NO_ENTITY_RANKING,,,NOT_APPLICABLE_GLOBAL_BASELINE,HF9g-P5,,,,X 全窗基线 · 不参与实体赏罚,8396271,840,A168_HF9F_20260827_0900,2026-08-27 09:00:00
2026-03-26,54653530,2177,0,104.2736393081,-67.6725386419,-67.6725386419,0E-7,5,5,0.50665070000000000,0.506650700000,-2.026782104415204,-2.026782104415204,-2.026782104415204,0E-17,ELIGIBLE,R03b_20260811_FULL_v1,L1_ELIGIBILITY,v2026-08-11,2026-03-21..2026-08-06,baccarat_bet02_101_all_pairs_incl_sentinel,round_win = game_pnl > 0 (decisive only),COMPATIBILITY_ONLY_NOT_PRODUCTION,53571.4227,48249.4483,483.2383,5739,5738,-0.00902045,-0.00297427,-0.01061372,-0.00902045,-483.2383,53571.4227,OK,0.0000,19.3295,4.0000,96.0000,AG03-UNRESOLVED,ALL5_LEVELS_bet23_to_bet27,19.3295,19.3295,24.1619,0.0000,0.0000,4.000000,4.000000,5.000000,0.000000,0.000000,96.000000,96.000000,95.000000,100.000000,100.000000,5.0,62.8210,60.1535,420.4173,423.0848,PENDING_AG03,FALSE,NOT_FOR_ENFORCEMENT,463.9088,46319.4703,483.2383,463.9088,19.3295,0.00902045,0.00865963,19.3295,463.9088,0.00865963,19.3295,19.3295,24.1619,0.0000,0.0000,463.9088,0.00865963,62.8210,60.1535,420.4173,423.0848,0.00784779,0.00789758,0.00036082,9.3346,8.4088,0.0842,5.5545,0.2517,615.7635,65.9540,8.3255,9.6426,5.1431,5.1891,8.2617,16.7816,25.8881,44.2602,5.1891,0.0,4.9889,8.529385,1.798876,29,193,98,2,0.20855820,0.00902045,0.00297427,0E-8,0.000000,0.900656,0.000000,0.00763944,2026-03-21,2026-08-06,87,1920,882,139,0.625899,0.863400,0.891889,0.695194,,,,,,,,GLOBAL_BASELINE_NO_ENTITY_RANKING,,,NOT_APPLICABLE_GLOBAL_BASELINE,HF9g-P5,,,,X 全窗基线 · 不参与实体赏罚,8396272,840,A168_HF9F_20260827_0900,2026-08-27 09:00:00
2026-03-26,54653530,2246,0,15.7990362588,4.7397108776,4.7397108776,0.5000000,2,2,0.50665070000000000,0.506650700000,-0.018812684590367487,-0.018812684590367487,-0.018812684590367487,0E-17,ELIGIBLE,R03b_20260811_FULL_v1,L1_ELIGIBILITY,v2026-08-11,2026-03-21..2026-08-06,baccarat_bet02_101_all_pairs_incl_sentinel,round_win = game_pnl > 0 (decisive only),COMPATIBILITY_ONLY_NOT_PRODUCTION,53571.4227,48249.4483,483.2383,5739,5738,-0.00902045,-0.00297427,-0.01061372,-0.00902045,-483.2383,53571.4227,OK,0.0000,19.3295,4.0000,96.0000,AG03-UNRESOLVED,ALL5_LEVELS_bet23_to_bet27,19.3295,19.3295,24.1619,0.0000,0.0000,4.000000,4.000000,5.000000,0.000000,0.000000,96.000000,96.000000,95.000000,100.000000,100.000000,5.0,62.8210,60.1535,420.4173,423.0848,PENDING_AG03,FALSE,NOT_FOR_ENFORCEMENT,463.9088,46319.4703,483.2383,463.9088,19.3295,0.00902045,0.00865963,19.3295,463.9088,0.00865963,19.3295,19.3295,24.1619,0.0000,0.0000,463.9088,0.00865963,62.8210,60.1535,420.4173,423.0848,0.00784779,0.00789758,0.00036082,9.3346,8.4088,0.0842,5.5545,0.2517,615.7635,65.9540,8.3255,9.6426,5.1431,5.1891,8.2617,16.7816,25.8881,44.2602,5.1891,0.0,4.9889,8.529385,1.798876,29,193,98,2,0.20855820,0.00902045,0.00297427,0E-8,0.000000,0.900656,0.000000,0.00763944,2026-03-21,2026-08-06,87,1920,882,139,0.625899,0.863400,0.891889,0.695194,,,,,,,,GLOBAL_BASELINE_NO_ENTITY_RANKING,,,NOT_APPLICABLE_GLOBAL_BASELINE,HF9g-P5,,,,X 全窗基线 · 不参与实体赏罚,8396273,840,A168_HF9F_20260827_0900,2026-08-27 09:00:00
2026-03-26,54653530,986,0,13.1658635490,2.2381968033,2.2381968033,0.5000000,2,2,0.50665070000000000,0.506650700000,-0.018812684590367487,-0.018812684590367487,-0.018812684590367487,0E-17,ELIGIBLE,R03b_20260811_FULL_v1,L1_ELIGIBILITY,v2026-08-11,2026-03-21..2026-08-06,baccarat_bet02_101_all_pairs_incl_sentinel,round_win = game_pnl > 0 (decisive only),COMPATIBILITY_ONLY_NOT_PRODUCTION,53571.4227,48249.4483,483.2383,5739,5738,-0.00902045,-0.00297427,-0.01061372,-0.00902045,-483.2383,53571.4227,OK,0.0000,19.3295,4.0000,96.0000,AG03-UNRESOLVED,ALL5_LEVELS_bet23_to_bet27,19.3295,19.3295,24.1619,0.0000,0.0000,4.000000,4.000000,5.000000,0.000000,0.000000,96.000000,96.000000,95.000000,100.000000,100.000000,5.0,62.8210,60.1535,420.4173,423.0848,PENDING_AG03,FALSE,NOT_FOR_ENFORCEMENT,463.9088,46319.4703,483.2383,463.9088,19.3295,0.00902045,0.00865963,19.3295,463.9088,0.00865963,19.3295,19.3295,24.1619,0.0000,0.0000,463.9088,0.00865963,62.8210,60.1535,420.4173,423.0848,0.00784779,0.00789758,0.00036082,9.3346,8.4088,0.0842,5.5545,0.2517,615.7635,65.9540,8.3255,9.6426,5.1431,5.1891,8.2617,16.7816,25.8881,44.2602,5.1891,0.0,4.9889,8.529385,1.798876,29,193,98,2,0.20855820,0.00902045,0.00297427,0E-8,0.000000,0.900656,0.000000,0.00763944,2026-03-21,2026-08-06,87,1920,882,139,0.625899,0.863400,0.891889,0.695194,,,,,,,,GLOBAL_BASELINE_NO_ENTITY_RANKING,,,NOT_APPLICABLE_GLOBAL_BASELINE,HF9g-P5,,,,X 全窗基线 · 不参与实体赏罚,8396274,840,A168_HF9F_20260827_0900,2026-08-27 09:00:00
2026-03-30,54653530,-1,1,22.9086025753,5.4638333728,5.4638333728,0.5000000,3,3,0.50665070000000000,0.506650700000,-0.018812684590367487,-0.018812684590367487,-0.018812684590367487,0E-17,SENTINEL_DEALER,R03b_20260811_FULL_v1,L1_ELIGIBILITY,v2026-08-11,2026-03-21..2026-08-06,baccarat_bet02_101_all_pairs_incl_sentinel,round_win = game_pnl > 0 (decisive only),COMPATIBILITY_ONLY_NOT_PRODUCTION,53571.4227,48249.4483,483.2383,5739,5738,-0.00902045,-0.00297427,-0.01061372,-0.00902045,-483.2383,53571.4227,OK,0.0000,19.3295,4.0000,96.0000,AG03-UNRESOLVED,ALL5_LEVELS_bet23_to_bet27,19.3295,19.3295,24.1619,0.0000,0.0000,4.000000,4.000000,5.000000,0.000000,0.000000,96.000000,96.000000,95.000000,100.000000,100.000000,5.0,62.8210,60.1535,420.4173,423.0848,PENDING_AG03,FALSE,NOT_FOR_ENFORCEMENT,463.9088,46319.4703,483.2383,463.9088,19.3295,0.00902045,0.00865963,19.3295,463.9088,0.00865963,19.3295,19.3295,24.1619,0.0000,0.0000,463.9088,0.00865963,62.8210,60.1535,420.4173,423.0848,0.00784779,0.00789758,0.00036082,9.3346,8.4088,0.0842,5.5545,0.2517,615.7635,65.9540,8.3255,9.6426,5.1431,5.1891,8.2617,16.7816,25.8881,44.2602,5.1891,0.0,4.9889,8.529385,1.798876,29,193,98,2,0.20855820,0.00902045,0.00297427,0E-8,0.000000,0.900656,0.000000,0.00763944,2026-03-21,2026-08-06,87,1920,882,139,0.625899,0.863400,0.891889,0.695194,,,,,,,,GLOBAL_BASELINE_NO_ENTITY_RANKING,,,NOT_APPLICABLE_GLOBAL_BASELINE,HF9g-P5,,,,X 全窗基线 · 不参与实体赏罚,8396275,840,A168_HF9F_20260827_0900,2026-08-27 09:00:00
2026-03-30,54653530,1109,0,13.1658635490,2.2381968033,2.2381968033,0.5000000,2,2,0.50665070000000000,0.506650700000,-0.018812684590367487,-0.018812684590367487,-0.018812684590367487,0E-17,ELIGIBLE,R03b_20260811_FULL_v1,L1_ELIGIBILITY,v2026-08-11,2026-03-21..2026-08-06,baccarat_bet02_101_all_pairs_incl_sentinel,round_win = game_pnl > 0 (decisive only),COMPATIBILITY_ONLY_NOT_PRODUCTION,53571.4227,48249.4483,483.2383,5739,5738,-0.00902045,-0.00297427,-0.01061372,-0.00902045,-483.2383,53571.4227,OK,0.0000,19.3295,4.0000,96.0000,AG03-UNRESOLVED,ALL5_LEVELS_bet23_to_bet27,19.3295,19.3295,24.1619,0.0000,0.0000,4.000000,4.000000,5.000000,0.000000,0.000000,96.000000,96.000000,95.000000,100.000000,100.000000,5.0,62.8210,60.1535,420.4173,423.0848,PENDING_AG03,FALSE,NOT_FOR_ENFORCEMENT,463.9088,46319.4703,483.2383,463.9088,19.3295,0.00902045,0.00865963,19.3295,463.9088,0.00865963,19.3295,19.3295,24.1619,0.0000,0.0000,463.9088,0.00865963,62.8210,60.1535,420.4173,423.0848,0.00784779,0.00789758,0.00036082,9.3346,8.4088,0.0842,5.5545,0.2517,615.7635,65.9540,8.3255,9.6426,5.1431,5.1891,8.2617,16.7816,25.8881,44.2602,5.1891,0.0,4.9889,8.529385,1.798876,29,193,98,2,0.20855820,0.00902045,0.00297427,0E-8,0.000000,0.900656,0.000000,0.00763944,2026-03-21,2026-08-06,87,1920,882,139,0.625899,0.863400,0.891889,0.695194,,,,,,,,GLOBAL_BASELINE_NO_ENTITY_RANKING,,,NOT_APPLICABLE_GLOBAL_BASELINE,HF9g-P5,,,,X 全窗基线 · 不参与实体赏罚,8396276,840,A168_HF9F_20260827_0900,2026-08-27 09:00:00
2026-03-30,54653530,1291,0,5.2663454196,5.0030281486,5.0030281486,1.0000000,1,1,0.50665070000000000,0.506650700000,0.9867858985152569,0.9867858985152569,0.9867858985152569,0E-17,ELIGIBLE,R03b_20260811_FULL_v1,L1_ELIGIBILITY,v2026-08-11,2026-03-21..2026-08-06,baccarat_bet02_101_all_pairs_incl_sentinel,round_win = game_pnl > 0 (decisive only),COMPATIBILITY_ONLY_NOT_PRODUCTION,53571.4227,48249.4483,483.2383,5739,5738,-0.00902045,-0.00297427,-0.01061372,-0.00902045,-483.2383,53571.4227,OK,0.0000,19.3295,4.0000,96.0000,AG03-UNRESOLVED,ALL5_LEVELS_bet23_to_bet27,19.3295,19.3295,24.1619,0.0000,0.0000,4.000000,4.000000,5.000000,0.000000,0.000000,96.000000,96.000000,95.000000,100.000000,100.000000,5.0,62.8210,60.1535,420.4173,423.0848,PENDING_AG03,FALSE,NOT_FOR_ENFORCEMENT,463.9088,46319.4703,483.2383,463.9088,19.3295,0.00902045,0.00865963,19.3295,463.9088,0.00865963,19.3295,19.3295,24.1619,0.0000,0.0000,463.9088,0.00865963,62.8210,60.1535,420.4173,423.0848,0.00784779,0.00789758,0.00036082,9.3346,8.4088,0.0842,5.5545,0.2517,615.7635,65.9540,8.3255,9.6426,5.1431,5.1891,8.2617,16.7816,25.8881,44.2602,5.1891,0.0,4.9889,8.529385,1.798876,29,193,98,2,0.20855820,0.00902045,0.00297427,0E-8,0.000000,0.900656,0.000000,0.00763944,2026-03-21,2026-08-06,87,1920,882,139,0.625899,0.863400,0.891889,0.695194,,,,,,,,GLOBAL_BASELINE_NO_ENTITY_RANKING,,,NOT_APPLICABLE_GLOBAL_BASELINE,HF9g-P5,,,,X 全窗基线 · 不参与实体赏罚,8396277,840,A168_HF9F_20260827_0900,2026-08-27 09:00:00
2026-03-30,54653530,1304,0,18.4322089686,7.2412249519,7.2412249519,0.6666667,3,3,0.50665070000000000,0.506650700000,0.5543606114942035,0.5543606114942035,0.5543606114942035,0E-17,ELIGIBLE,R03b_20260811_FULL_v1,L1_ELIGIBILITY,v2026-08-11,2026-03-21..2026-08-06,baccarat_bet02_101_all_pairs_incl_sentinel,round_win = game_pnl > 0 (decisive only),COMPATIBILITY_ONLY_NOT_PRODUCTION,53571.4227,48249.4483,483.2383,5739,5738,-0.00902045,-0.00297427,-0.01061372,-0.00902045,-483.2383,53571.4227,OK,0.0000,19.3295,4.0000,96.0000,AG03-UNRESOLVED,ALL5_LEVELS_bet23_to_bet27,19.3295,19.3295,24.1619,0.0000,0.0000,4.000000,4.000000,5.000000,0.000000,0.000000,96.000000,96.000000,95.000000,100.000000,100.000000,5.0,62.8210,60.1535,420.4173,423.0848,PENDING_AG03,FALSE,NOT_FOR_ENFORCEMENT,463.9088,46319.4703,483.2383,463.9088,19.3295,0.00902045,0.00865963,19.3295,463.9088,0.00865963,19.3295,19.3295,24.1619,0.0000,0.0000,463.9088,0.00865963,62.8210,60.1535,420.4173,423.0848,0.00784779,0.00789758,0.00036082,9.3346,8.4088,0.0842,5.5545,0.2517,615.7635,65.9540,8.3255,9.6426,5.1431,5.1891,8.2617,16.7816,25.8881,44.2602,5.1891,0.0,4.9889,8.529385,1.798876,29,193,98,2,0.20855820,0.00902045,0.00297427,0E-8,0.000000,0.900656,0.000000,0.00763944,2026-03-21,2026-08-06,87,1920,882,139,0.625899,0.863400,0.891889,0.695194,,,,,,,,GLOBAL_BASELINE_NO_ENTITY_RANKING,,,NOT_APPLICABLE_GLOBAL_BASELINE,HF9g-P5,,,,X 全窗基线 · 不参与实体赏罚,8396278,840,A168_HF9F_20260827_0900,2026-08-27 09:00:00
2026-03-30,54653530,1318,0,33.9679279564,10.4800273850,10.4800273850,0.6666667,4,4,0.50665070000000000,0.506650700000,0.5543606114942035,0.5543606114942035,0.5543606114942035,0E-17,ELIGIBLE,R03b_20260811_FULL_v1,L1_ELIGIBILITY,v2026-08-11,2026-03-21..2026-08-06,baccarat_bet02_101_all_pairs_incl_sentinel,round_win = game_pnl > 0 (decisive only),COMPATIBILITY_ONLY_NOT_PRODUCTION,53571.4227,48249.4483,483.2383,5739,5738,-0.00902045,-0.00297427,-0.01061372,-0.00902045,-483.2383,53571.4227,OK,0.0000,19.3295,4.0000,96.0000,AG03-UNRESOLVED,ALL5_LEVELS_bet23_to_bet27,19.3295,19.3295,24.1619,0.0000,0.0000,4.000000,4.000000,5.000000,0.000000,0.000000,96.000000,96.000000,95.000000,100.000000,100.000000,5.0,62.8210,60.1535,420.4173,423.0848,PENDING_AG03,FALSE,NOT_FOR_ENFORCEMENT,463.9088,46319.4703,483.2383,463.9088,19.3295,0.00902045,0.00865963,19.3295,463.9088,0.00865963,19.3295,19.3295,24.1619,0.0000,0.0000,463.9088,0.00865963,62.8210,60.1535,420.4173,423.0848,0.00784779,0.00789758,0.00036082,9.3346,8.4088,0.0842,5.5545,0.2517,615.7635,65.9540,8.3255,9.6426,5.1431,5.1891,8.2617,16.7816,25.8881,44.2602,5.1891,0.0,4.9889,8.529385,1.798876,29,193,98,2,0.20855820,0.00902045,0.00297427,0E-8,0.000000,0.900656,0.000000,0.00763944,2026-03-21,2026-08-06,87,1920,882,139,0.625899,0.863400,0.891889,0.695194,,,,,,,,GLOBAL_BASELINE_NO_ENTITY_RANKING,,,NOT_APPLICABLE_GLOBAL_BASELINE,HF9g-P5,,,,X 全窗基线 · 不参与实体赏罚,8396279,840,A168_HF9F_20260827_0900,2026-08-27 09:00:00
2026-03-30,54653530,1323,0,15.7990362588,4.7397108776,4.7397108776,0.5000000,2,2,0.50665070000000000,0.506650700000,-0.018812684590367487,-0.018812684590367487,-0.018812684590367487,0E-17,ELIGIBLE,R03b_20260811_FULL_v1,L1_ELIGIBILITY,v2026-08-11,2026-03-21..2026-08-06,baccarat_bet02_101_all_pairs_incl_sentinel,round_win = game_pnl > 0 (decisive only),COMPATIBILITY_ONLY_NOT_PRODUCTION,53571.4227,48249.4483,483.2383,5739,5738,-0.00902045,-0.00297427,-0.01061372,-0.00902045,-483.2383,53571.4227,OK,0.0000,19.3295,4.0000,96.0000,AG03-UNRESOLVED,ALL5_LEVELS_bet23_to_bet27,19.3295,19.3295,24.1619,0.0000,0.0000,4.000000,4.000000,5.000000,0.000000,0.000000,96.000000,96.000000,95.000000,100.000000,100.000000,5.0,62.8210,60.1535,420.4173,423.0848,PENDING_AG03,FALSE,NOT_FOR_ENFORCEMENT,463.9088,46319.4703,483.2383,463.9088,19.3295,0.00902045,0.00865963,19.3295,463.9088,0.00865963,19.3295,19.3295,24.1619,0.0000,0.0000,463.9088,0.00865963,62.8210,60.1535,420.4173,423.0848,0.00784779,0.00789758,0.00036082,9.3346,8.4088,0.0842,5.5545,0.2517,615.7635,65.9540,8.3255,9.6426,5.1431,5.1891,8.2617,16.7816,25.8881,44.2602,5.1891,0.0,4.9889,8.529385,1.798876,29,193,98,2,0.20855820,0.00902045,0.00297427,0E-8,0.000000,0.900656,0.000000,0.00763944,2026-03-21,2026-08-06,87,1920,882,139,0.625899,0.863400,0.891889,0.695194,,,,,,,,GLOBAL_BASELINE_NO_ENTITY_RANKING,,,NOT_APPLICABLE_GLOBAL_BASELINE,HF9g-P5,,,,X 全窗基线 · 不参与实体赏罚,8396280,840,A168_HF9F_20260827_0900,2026-08-27 09:00:00
2026-03-30,54653530,1396,0,23.6985543882,5.9904679148,5.9904679148,0.6666667,4,4,0.50665070000000000,0.506650700000,0.5543606114942035,0.5543606114942035,0.5543606114942035,0E-17,ELIGIBLE,R03b_20260811_FULL_v1,L1_ELIGIBILITY,v2026-08-11,2026-03-21..2026-08-06,baccarat_bet02_101_all_pairs_incl_sentinel,round_win = game_pnl > 0 (decisive only),COMPATIBILITY_ONLY_NOT_PRODUCTION,53571.4227,48249.4483,483.2383,5739,5738,-0.00902045,-0.00297427,-0.01061372,-0.00902045,-483.2383,53571.4227,OK,0.0000,19.3295,4.0000,96.0000,AG03-UNRESOLVED,ALL5_LEVELS_bet23_to_bet27,19.3295,19.3295,24.1619,0.0000,0.0000,4.000000,4.000000,5.000000,0.000000,0.000000,96.000000,96.000000,95.000000,100.000000,100.000000,5.0,62.8210,60.1535,420.4173,423.0848,PENDING_AG03,FALSE,NOT_FOR_ENFORCEMENT,463.9088,46319.4703,483.2383,463.9088,19.3295,0.00902045,0.00865963,19.3295,463.9088,0.00865963,19.3295,19.3295,24.1619,0.0000,0.0000,463.9088,0.00865963,62.8210,60.1535,420.4173,423.0848,0.00784779,0.00789758,0.00036082,9.3346,8.4088,0.0842,5.5545,0.2517,615.7635,65.9540,8.3255,9.6426,5.1431,5.1891,8.2617,16.7816,25.8881,44.2602,5.1891,0.0,4.9889,8.529385,1.798876,29,193,98,2,0.20855820,0.00902045,0.00297427,0E-8,0.000000,0.900656,0.000000,0.00763944,2026-03-21,2026-08-06,87,1920,882,139,0.625899,0.863400,0.891889,0.695194,,,,,,,,GLOBAL_BASELINE_NO_ENTITY_RANKING,,,NOT_APPLICABLE_GLOBAL_BASELINE,HF9g-P5,,,,X 全窗基线 · 不参与实体赏罚,8396281,840,A168_HF9F_20260827_0900,2026-08-27 09:00:00
2026-03-30,54653530,2202,0,5.2663454196,5.0030281486,5.0030281486,1.0000000,1,1,0.50665070000000000,0.506650700000,0.9867858985152569,0.9867858985152569,0.9867858985152569,0E-17,ELIGIBLE,R03b_20260811_FULL_v1,L1_ELIGIBILITY,v2026-08-11,2026-03-21..2026-08-06,baccarat_bet02_101_all_pairs_incl_sentinel,round_win = game_pnl > 0 (decisive only),COMPATIBILITY_ONLY_NOT_PRODUCTION,53571.4227,48249.4483,483.2383,5739,5738,-0.00902045,-0.00297427,-0.01061372,-0.00902045,-483.2383,53571.4227,OK,0.0000,19.3295,4.0000,96.0000,AG03-UNRESOLVED,ALL5_LEVELS_bet23_to_bet27,19.3295,19.3295,24.1619,0.0000,0.0000,4.000000,4.000000,5.000000,0.000000,0.000000,96.000000,96.000000,95.000000,100.000000,100.000000,5.0,62.8210,60.1535,420.4173,423.0848,PENDING_AG03,FALSE,NOT_FOR_ENFORCEMENT,463.9088,46319.4703,483.2383,463.9088,19.3295,0.00902045,0.00865963,19.3295,463.9088,0.00865963,19.3295,19.3295,24.1619,0.0000,0.0000,463.9088,0.00865963,62.8210,60.1535,420.4173,423.0848,0.00784779,0.00789758,0.00036082,9.3346,8.4088,0.0842,5.5545,0.2517,615.7635,65.9540,8.3255,9.6426,5.1431,5.1891,8.2617,16.7816,25.8881,44.2602,5.1891,0.0,4.9889,8.529385,1.798876,29,193,98,2,0.20855820,0.00902045,0.00297427,0E-8,0.000000,0.900656,0.000000,0.00763944,2026-03-21,2026-08-06,87,1920,882,139,0.625899,0.863400,0.891889,0.695194,,,,,,,,GLOBAL_BASELINE_NO_ENTITY_RANKING,,,NOT_APPLICABLE_GLOBAL_BASELINE,HF9g-P5,,,,X 全窗基线 · 不参与实体赏罚,8396282,840,A168_HF9F_20260827_0900,2026-08-27 09:00:00
2026-03-30,54653530,2233,0,18.4322089686,2.2381968033,2.2381968033,0.5000000,3,3,0.50665070000000000,0.506650700000,-0.018812684590367487,-0.018812684590367487,-0.018812684590367487,0E-17,ELIGIBLE,R03b_20260811_FULL_v1,L1_ELIGIBILITY,v2026-08-11,2026-03-21..2026-08-06,baccarat_bet02_101_all_pairs_incl_sentinel,round_win = game_pnl > 0 (decisive only),COMPATIBILITY_ONLY_NOT_PRODUCTION,53571.4227,48249.4483,483.2383,5739,5738,-0.00902045,-0.00297427,-0.01061372,-0.00902045,-483.2383,53571.4227,OK,0.0000,19.3295,4.0000,96.0000,AG03-UNRESOLVED,ALL5_LEVELS_bet23_to_bet27,19.3295,19.3295,24.1619,0.0000,0.0000,4.000000,4.000000,5.000000,0.000000,0.000000,96.000000,96.000000,95.000000,100.000000,100.000000,5.0,62.8210,60.1535,420.4173,423.0848,PENDING_AG03,FALSE,NOT_FOR_ENFORCEMENT,463.9088,46319.4703,483.2383,463.9088,19.3295,0.00902045,0.00865963,19.3295,463.9088,0.00865963,19.3295,19.3295,24.1619,0.0000,0.0000,463.9088,0.00865963,62.8210,60.1535,420.4173,423.0848,0.00784779,0.00789758,0.00036082,9.3346,8.4088,0.0842,5.5545,0.2517,615.7635,65.9540,8.3255,9.6426,5.1431,5.1891,8.2617,16.7816,25.8881,44.2602,5.1891,0.0,4.9889,8.529385,1.798876,29,193,98,2,0.20855820,0.00902045,0.00297427,0E-8,0.000000,0.900656,0.000000,0.00763944,2026-03-21,2026-08-06,87,1920,882,139,0.625899,0.863400,0.891889,0.695194,,,,,,,,GLOBAL_BASELINE_NO_ENTITY_RANKING,,,NOT_APPLICABLE_GLOBAL_BASELINE,HF9g-P5,,,,X 全窗基线 · 不参与实体赏罚,8396283,840,A168_HF9F_20260827_0900,2026-08-27 09:00:00
2026-03-30,54653530,462,0,18.4322089686,7.2412249519,7.2412249519,0.6666667,3,3,0.50665070000000000,0.506650700000,0.5543606114942035,0.5543606114942035,0.5543606114942035,0E-17,ELIGIBLE,R03b_20260811_FULL_v1,L1_ELIGIBILITY,v2026-08-11,2026-03-21..2026-08-06,baccarat_bet02_101_all_pairs_incl_sentinel,round_win = game_pnl > 0 (decisive only),COMPATIBILITY_ONLY_NOT_PRODUCTION,53571.4227,48249.4483,483.2383,5739,5738,-0.00902045,-0.00297427,-0.01061372,-0.00902045,-483.2383,53571.4227,OK,0.0000,19.3295,4.0000,96.0000,AG03-UNRESOLVED,ALL5_LEVELS_bet23_to_bet27,19.3295,19.3295,24.1619,0.0000,0.0000,4.000000,4.000000,5.000000,0.000000,0.000000,96.000000,96.000000,95.000000,100.000000,100.000000,5.0,62.8210,60.1535,420.4173,423.0848,PENDING_AG03,FALSE,NOT_FOR_ENFORCEMENT,463.9088,46319.4703,483.2383,463.9088,19.3295,0.00902045,0.00865963,19.3295,463.9088,0.00865963,19.3295,19.3295,24.1619,0.0000,0.0000,463.9088,0.00865963,62.8210,60.1535,420.4173,423.0848,0.00784779,0.00789758,0.00036082,9.3346,8.4088,0.0842,5.5545,0.2517,615.7635,65.9540,8.3255,9.6426,5.1431,5.1891,8.2617,16.7816,25.8881,44.2602,5.1891,0.0,4.9889,8.529385,1.798876,29,193,98,2,0.20855820,0.00902045,0.00297427,0E-8,0.000000,0.900656,0.000000,0.00763944,2026-03-21,2026-08-06,87,1920,882,139,0.625899,0.863400,0.891889,0.695194,,,,,,,,GLOBAL_BASELINE_NO_ENTITY_RANKING,,,NOT_APPLICABLE_GLOBAL_BASELINE,HF9g-P5,,,,X 全窗基线 · 不参与实体赏罚,8396284,840,A168_HF9F_20260827_0900,2026-08-27 09:00:00
2026-03-30,54653530,550,0,62.1428759512,-44.1714722068,-44.1714722068,0.2000000,5,5,0.50665070000000000,0.506650700000,-1.3715049547573244,-1.3715049547573244,-1.3715049547573244,0E-17,ELIGIBLE,R03b_20260811_FULL_v1,L1_ELIGIBILITY,v2026-08-11,2026-03-21..2026-08-06,baccarat_bet02_101_all_pairs_incl_sentinel,round_win = game_pnl > 0 (decisive only),COMPATIBILITY_ONLY_NOT_PRODUCTION,53571.4227,48249.4483,483.2383,5739,5738,-0.00902045,-0.00297427,-0.01061372,-0.00902045,-483.2383,53571.4227,OK,0.0000,19.3295,4.0000,96.0000,AG03-UNRESOLVED,ALL5_LEVELS_bet23_to_bet27,19.3295,19.3295,24.1619,0.0000,0.0000,4.000000,4.000000,5.000000,0.000000,0.000000,96.000000,96.000000,95.000000,100.000000,100.000000,5.0,62.8210,60.1535,420.4173,423.0848,PENDING_AG03,FALSE,NOT_FOR_ENFORCEMENT,463.9088,46319.4703,483.2383,463.9088,19.3295,0.00902045,0.00865963,19.3295,463.9088,0.00865963,19.3295,19.3295,24.1619,0.0000,0.0000,463.9088,0.00865963,62.8210,60.1535,420.4173,423.0848,0.00784779,0.00789758,0.00036082,9.3346,8.4088,0.0842,5.5545,0.2517,615.7635,65.9540,8.3255,9.6426,5.1431,5.1891,8.2617,16.7816,25.8881,44.2602,5.1891,0.0,4.9889,8.529385,1.798876,29,193,98,2,0.20855820,0.00902045,0.00297427,0E-8,0.000000,0.900656,0.000000,0.00763944,2026-03-21,2026-08-06,87,1920,882,139,0.625899,0.863400,0.891889,0.695194,,,,,,,,GLOBAL_BASELINE_NO_ENTITY_RANKING,,,NOT_APPLICABLE_GLOBAL_BASELINE,HF9g-P5,,,,X 全窗基线 · 不参与实体赏罚,8396285,840,A168_HF9F_20260827_0900,2026-08-27 09:00:00
2026-03-30,54653530,583,0,5.2663454196,-5.2663454196,-5.2663454196,0E-7,1,1,0.50665070000000000,0.506650700000,-1.013391052207602,-1.013391052207602,-1.013391052207602,0E-17,ELIGIBLE,R03b_20260811_FULL_v1,L1_ELIGIBILITY,v2026-08-11,2026-03-21..2026-08-06,baccarat_bet02_101_all_pairs_incl_sentinel,round_win = game_pnl > 0 (decisive only),COMPATIBILITY_ONLY_NOT_PRODUCTION,53571.4227,48249.4483,483.2383,5739,5738,-0.00902045,-0.00297427,-0.01061372,-0.00902045,-483.2383,53571.4227,OK,0.0000,19.3295,4.0000,96.0000,AG03-UNRESOLVED,ALL5_LEVELS_bet23_to_bet27,19.3295,19.3295,24.1619,0.0000,0.0000,4.000000,4.000000,5.000000,0.000000,0.000000,96.000000,96.000000,95.000000,100.000000,100.000000,5.0,62.8210,60.1535,420.4173,423.0848,PENDING_AG03,FALSE,NOT_FOR_ENFORCEMENT,463.9088,46319.4703,483.2383,463.9088,19.3295,0.00902045,0.00865963,19.3295,463.9088,0.00865963,19.3295,19.3295,24.1619,0.0000,0.0000,463.9088,0.00865963,62.8210,60.1535,420.4173,423.0848,0.00784779,0.00789758,0.00036082,9.3346,8.4088,0.0842,5.5545,0.2517,615.7635,65.9540,8.3255,9.6426,5.1431,5.1891,8.2617,16.7816,25.8881,44.2602,5.1891,0.0,4.9889,8.529385,1.798876,29,193,98,2,0.20855820,0.00902045,0.00297427,0E-8,0.000000,0.900656,0.000000,0.00763944,2026-03-21,2026-08-06,87,1920,882,139,0.625899,0.863400,0.891889,0.695194,,,,,,,,GLOBAL_BASELINE_NO_ENTITY_RANKING,,,NOT_APPLICABLE_GLOBAL_BASELINE,HF9g-P5,,,,X 全窗基线 · 不参与实体赏罚,8396286,840,A168_HF9F_20260827_0900,2026-08-27 09:00:00
2026-03-30,54653530,925,0,56.8765305316,3.7127735208,3.7127735208,0.3333333,4,4,0.50665070000000000,0.506650700000,-0.6004420894325239,-0.6004420894325239,-0.6004420894325239,0E-17,ELIGIBLE,R03b_20260811_FULL_v1,L1_ELIGIBILITY,v2026-08-11,2026-03-21..2026-08-06,baccarat_bet02_101_all_pairs_incl_sentinel,round_win = game_pnl > 0 (decisive only),COMPATIBILITY_ONLY_NOT_PRODUCTION,53571.4227,48249.4483,483.2383,5739,5738,-0.00902045,-0.00297427,-0.01061372,-0.00902045,-483.2383,53571.4227,OK,0.0000,19.3295,4.0000,96.0000,AG03-UNRESOLVED,ALL5_LEVELS_bet23_to_bet27,19.3295,19.3295,24.1619,0.0000,0.0000,4.000000,4.000000,5.000000,0.000000,0.000000,96.000000,96.000000,95.000000,100.000000,100.000000,5.0,62.8210,60.1535,420.4173,423.0848,PENDING_AG03,FALSE,NOT_FOR_ENFORCEMENT,463.9088,46319.4703,483.2383,463.9088,19.3295,0.00902045,0.00865963,19.3295,463.9088,0.00865963,19.3295,19.3295,24.1619,0.0000,0.0000,463.9088,0.00865963,62.8210,60.1535,420.4173,423.0848,0.00784779,0.00789758,0.00036082,9.3346,8.4088,0.0842,5.5545,0.2517,615.7635,65.9540,8.3255,9.6426,5.1431,5.1891,8.2617,16.7816,25.8881,44.2602,5.1891,0.0,4.9889,8.529385,1.798876,29,193,98,2,0.20855820,0.00902045,0.00297427,0E-8,0.000000,0.900656,0.000000,0.00763944,2026-03-21,2026-08-06,87,1920,882,139,0.625899,0.863400,0.891889,0.695194,,,,,,,,GLOBAL_BASELINE_NO_ENTITY_RANKING,,,NOT_APPLICABLE_GLOBAL_BASELINE,HF9g-P5,,,,X 全窗基线 · 不参与实体赏罚,8396287,840,A168_HF9F_20260827_0900,2026-08-27 09:00:00
2026-03-31,54653530,-1,1,5.2663454196,0E-10,0E-10,,1,1,0.50665070000000000,0.506650700000,,,,0E-17,SENTINEL_DEALER,R03b_20260811_FULL_v1,L1_ELIGIBILITY,v2026-08-11,2026-03-21..2026-08-06,baccarat_bet02_101_all_pairs_incl_sentinel,round_win = game_pnl > 0 (decisive only),COMPATIBILITY_ONLY_NOT_PRODUCTION,53571.4227,48249.4483,483.2383,5739,5738,-0.00902045,-0.00297427,-0.01061372,-0.00902045,-483.2383,53571.4227,OK,0.0000,19.3295,4.0000,96.0000,AG03-UNRESOLVED,ALL5_LEVELS_bet23_to_bet27,19.3295,19.3295,24.1619,0.0000,0.0000,4.000000,4.000000,5.000000,0.000000,0.000000,96.000000,96.000000,95.000000,100.000000,100.000000,5.0,62.8210,60.1535,420.4173,423.0848,PENDING_AG03,FALSE,NOT_FOR_ENFORCEMENT,463.9088,46319.4703,483.2383,463.9088,19.3295,0.00902045,0.00865963,19.3295,463.9088,0.00865963,19.3295,19.3295,24.1619,0.0000,0.0000,463.9088,0.00865963,62.8210,60.1535,420.4173,423.0848,0.00784779,0.00789758,0.00036082,9.3346,8.4088,0.0842,5.5545,0.2517,615.7635,65.9540,8.3255,9.6426,5.1431,5.1891,8.2617,16.7816,25.8881,44.2602,5.1891,0.0,4.9889,8.529385,1.798876,29,193,98,2,0.20855820,0.00902045,0.00297427,0E-8,0.000000,0.900656,0.000000,0.00763944,2026-03-21,2026-08-06,87,1920,882,139,0.625899,0.863400,0.891889,0.695194,,,,,,,,GLOBAL_BASELINE_NO_ENTITY_RANKING,,,NOT_APPLICABLE_GLOBAL_BASELINE,HF9g-P5,,,,X 全窗基线 · 不参与实体赏罚,8396288,840,A168_HF9F_20260827_0900,2026-08-27 09:00:00
2026-03-31,54653530,1185,0,5.2663454196,5.0030281486,5.0030281486,1.0000000,1,1,0.50665070000000000,0.506650700000,0.9867858985152569,0.9867858985152569,0.9867858985152569,0E-17,ELIGIBLE,R03b_20260811_FULL_v1,L1_ELIGIBILITY,v2026-08-11,2026-03-21..2026-08-06,baccarat_bet02_101_all_pairs_incl_sentinel,round_win = game_pnl > 0 (decisive only),COMPATIBILITY_ONLY_NOT_PRODUCTION,53571.4227,48249.4483,483.2383,5739,5738,-0.00902045,-0.00297427,-0.01061372,-0.00902045,-483.2383,53571.4227,OK,0.0000,19.3295,4.0000,96.0000,AG03-UNRESOLVED,ALL5_LEVELS_bet23_to_bet27,19.3295,19.3295,24.1619,0.0000,0.0000,4.000000,4.000000,5.000000,0.000000,0.000000,96.000000,96.000000,95.000000,100.000000,100.000000,5.0,62.8210,60.1535,420.4173,423.0848,PENDING_AG03,FALSE,NOT_FOR_ENFORCEMENT,463.9088,46319.4703,483.2383,463.9088,19.3295,0.00902045,0.00865963,19.3295,463.9088,0.00865963,19.3295,19.3295,24.1619,0.0000,0.0000,463.9088,0.00865963,62.8210,60.1535,420.4173,423.0848,0.00784779,0.00789758,0.00036082,9.3346,8.4088,0.0842,5.5545,0.2517,615.7635,65.9540,8.3255,9.6426,5.1431,5.1891,8.2617,16.7816,25.8881,44.2602,5.1891,0.0,4.9889,8.529385,1.798876,29,193,98,2,0.20855820,0.00902045,0.00297427,0E-8,0.000000,0.900656,0.000000,0.00763944,2026-03-21,2026-08-06,87,1920,882,139,0.625899,0.863400,0.891889,0.695194,,,,,,,,GLOBAL_BASELINE_NO_ENTITY_RANKING,,,NOT_APPLICABLE_GLOBAL_BASELINE,HF9g-P5,,,,X 全窗基线 · 不参与实体赏罚,8396289,840,A168_HF9F_20260827_0900,2026-08-27 09:00:00
2026-03-31,54653530,1384,0,70.3057113517,5.8983068699,5.8983068699,0.3333333,7,7,0.50665070000000000,0.506650700000,-0.8491533462951141,-0.8491533462951141,-0.8491533462951141,0E-17,ELIGIBLE,R03b_20260811_FULL_v1,L1_ELIGIBILITY,v2026-08-11,2026-03-21..2026-08-06,baccarat_bet02_101_all_pairs_incl_sentinel,round_win = game_pnl > 0 (decisive only),COMPATIBILITY_ONLY_NOT_PRODUCTION,53571.4227,48249.4483,483.2383,5739,5738,-0.00902045,-0.00297427,-0.01061372,-0.00902045,-483.2383,53571.4227,OK,0.0000,19.3295,4.0000,96.0000,AG03-UNRESOLVED,ALL5_LEVELS_bet23_to_bet27,19.3295,19.3295,24.1619,0.0000,0.0000,4.000000,4.000000,5.000000,0.000000,0.000000,96.000000,96.000000,95.000000,100.000000,100.000000,5.0,62.8210,60.1535,420.4173,423.0848,PENDING_AG03,FALSE,NOT_FOR_ENFORCEMENT,463.9088,46319.4703,483.2383,463.9088,19.3295,0.00902045,0.00865963,19.3295,463.9088,0.00865963,19.3295,19.3295,24.1619,0.0000,0.0000,463.9088,0.00865963,62.8210,60.1535,420.4173,423.0848,0.00784779,0.00789758,0.00036082,9.3346,8.4088,0.0842,5.5545,0.2517,615.7635,65.9540,8.3255,9.6426,5.1431,5.1891,8.2617,16.7816,25.8881,44.2602,5.1891,0.0,4.9889,8.529385,1.798876,29,193,98,2,0.20855820,0.00902045,0.00297427,0E-8,0.000000,0.900656,0.000000,0.00763944,2026-03-21,2026-08-06,87,1920,882,139,0.625899,0.863400,0.891889,0.695194,,,,,,,,GLOBAL_BASELINE_NO_ENTITY_RANKING,,,NOT_APPLICABLE_GLOBAL_BASELINE,HF9g-P5,,,,X 全窗基线 · 不参与实体赏罚,8396290,840,A168_HF9F_20260827_0900,2026-08-27 09:00:00
2026-03-31,54653530,1505,0,59.5097032415,10.3220370224,10.3220370224,0.4285714,7,7,0.50665070000000000,0.506650700000,-0.4131932236838825,-0.4131932236838825,-0.4131932236838825,0E-17,ELIGIBLE,R03b_20260811_FULL_v1,L1_ELIGIBILITY,v2026-08-11,2026-03-21..2026-08-06,baccarat_bet02_101_all_pairs_incl_sentinel,round_win = game_pnl > 0 (decisive only),COMPATIBILITY_ONLY_NOT_PRODUCTION,53571.4227,48249.4483,483.2383,5739,5738,-0.00902045,-0.00297427,-0.01061372,-0.00902045,-483.2383,53571.4227,OK,0.0000,19.3295,4.0000,96.0000,AG03-UNRESOLVED,ALL5_LEVELS_bet23_to_bet27,19.3295,19.3295,24.1619,0.0000,0.0000,4.000000,4.000000,5.000000,0.000000,0.000000,96.000000,96.000000,95.000000,100.000000,100.000000,5.0,62.8210,60.1535,420.4173,423.0848,PENDING_AG03,FALSE,NOT_FOR_ENFORCEMENT,463.9088,46319.4703,483.2383,463.9088,19.3295,0.00902045,0.00865963,19.3295,463.9088,0.00865963,19.3295,19.3295,24.1619,0.0000,0.0000,463.9088,0.00865963,62.8210,60.1535,420.4173,423.0848,0.00784779,0.00789758,0.00036082,9.3346,8.4088,0.0842,5.5545,0.2517,615.7635,65.9540,8.3255,9.6426,5.1431,5.1891,8.2617,16.7816,25.8881,44.2602,5.1891,0.0,4.9889,8.529385,1.798876,29,193,98,2,0.20855820,0.00902045,0.00297427,0E-8,0.000000,0.900656,0.000000,0.00763944,2026-03-21,2026-08-06,87,1920,882,139,0.625899,0.863400,0.891889,0.695194,,,,,,,,GLOBAL_BASELINE_NO_ENTITY_RANKING,,,NOT_APPLICABLE_GLOBAL_BASELINE,HF9g-P5,,,,X 全窗基线 · 不参与实体赏罚,8396291,840,A168_HF9F_20260827_0900,2026-08-27 09:00:00
2026-03-31,54653530,2264,0,31.0714379756,3.3309634779,3.3309634779,0.3333333,3,3,0.50665070000000000,0.506650700000,-0.6004420894325239,-0.6004420894325239,-0.6004420894325239,0E-17,ELIGIBLE,R03b_20260811_FULL_v1,L1_ELIGIBILITY,v2026-08-11,2026-03-21..2026-08-06,baccarat_bet02_101_all_pairs_incl_sentinel,round_win = game_pnl > 0 (decisive only),COMPATIBILITY_ONLY_NOT_PRODUCTION,53571.4227,48249.4483,483.2383,5739,5738,-0.00902045,-0.00297427,-0.01061372,-0.00902045,-483.2383,53571.4227,OK,0.0000,19.3295,4.0000,96.0000,AG03-UNRESOLVED,ALL5_LEVELS_bet23_to_bet27,19.3295,19.3295,24.1619,0.0000,0.0000,4.000000,4.000000,5.000000,0.000000,0.000000,96.000000,96.000000,95.000000,100.000000,100.000000,5.0,62.8210,60.1535,420.4173,423.0848,PENDING_AG03,FALSE,NOT_FOR_ENFORCEMENT,463.9088,46319.4703,483.2383,463.9088,19.3295,0.00902045,0.00865963,19.3295,463.9088,0.00865963,19.3295,19.3295,24.1619,0.0000,0.0000,463.9088,0.00865963,62.8210,60.1535,420.4173,423.0848,0.00784779,0.00789758,0.00036082,9.3346,8.4088,0.0842,5.5545,0.2517,615.7635,65.9540,8.3255,9.6426,5.1431,5.1891,8.2617,16.7816,25.8881,44.2602,5.1891,0.0,4.9889,8.529385,1.798876,29,193,98,2,0.20855820,0.00902045,0.00297427,0E-8,0.000000,0.900656,0.000000,0.00763944,2026-03-21,2026-08-06,87,1920,882,139,0.625899,0.863400,0.891889,0.695194,,,,,,,,GLOBAL_BASELINE_NO_ENTITY_RANKING,,,NOT_APPLICABLE_GLOBAL_BASELINE,HF9g-P5,,,,X 全窗基线 · 不参与实体赏罚,8396292,840,A168_HF9F_20260827_0900,2026-08-27 09:00:00
2026-03-31,54653530,583,0,24.4885062011,7.3465518603,7.3465518603,0.5000000,2,2,0.50665070000000000,0.506650700000,-0.018812684590367487,-0.018812684590367487,-0.018812684590367487,0E-17,ELIGIBLE,R03b_20260811_FULL_v1,L1_ELIGIBILITY,v2026-08-11,2026-03-21..2026-08-06,baccarat_bet02_101_all_pairs_incl_sentinel,round_win = game_pnl > 0 (decisive only),COMPATIBILITY_ONLY_NOT_PRODUCTION,53571.4227,48249.4483,483.2383,5739,5738,-0.00902045,-0.00297427,-0.01061372,-0.00902045,-483.2383,53571.4227,OK,0.0000,19.3295,4.0000,96.0000,AG03-UNRESOLVED,ALL5_LEVELS_bet23_to_bet27,19.3295,19.3295,24.1619,0.0000,0.0000,4.000000,4.000000,5.000000,0.000000,0.000000,96.000000,96.000000,95.000000,100.000000,100.000000,5.0,62.8210,60.1535,420.4173,423.0848,PENDING_AG03,FALSE,NOT_FOR_ENFORCEMENT,463.9088,46319.4703,483.2383,463.9088,19.3295,0.00902045,0.00865963,19.3295,463.9088,0.00865963,19.3295,19.3295,24.1619,0.0000,0.0000,463.9088,0.00865963,62.8210,60.1535,420.4173,423.0848,0.00784779,0.00789758,0.00036082,9.3346,8.4088,0.0842,5.5545,0.2517,615.7635,65.9540,8.3255,9.6426,5.1431,5.1891,8.2617,16.7816,25.8881,44.2602,5.1891,0.0,4.9889,8.529385,1.798876,29,193,98,2,0.20855820,0.00902045,0.00297427,0E-8,0.000000,0.900656,0.000000,0.00763944,2026-03-21,2026-08-06,87,1920,882,139,0.625899,0.863400,0.891889,0.695194,,,,,,,,GLOBAL_BASELINE_NO_ENTITY_RANKING,,,NOT_APPLICABLE_GLOBAL_BASELINE,HF9g-P5,,,,X 全窗基线 · 不参与实体赏罚,8396293,840,A168_HF9F_20260827_0900,2026-08-27 09:00:00
2026-04-01,54653530,1004,0,13.0879773840,2.2249561553,2.2249561553,0.5000000,2,2,0.50665070000000000,0.506650700000,-0.018812684590367487,-0.018812684590367487,-0.018812684590367487,0E-17,ELIGIBLE,R03b_20260811_FULL_v1,L1_ELIGIBILITY,v2026-08-11,2026-03-21..2026-08-06,baccarat_bet02_101_all_pairs_incl_sentinel,round_win = game_pnl > 0 (decisive only),COMPATIBILITY_ONLY_NOT_PRODUCTION,53571.4227,48249.4483,483.2383,5739,5738,-0.00902045,-0.00297427,-0.01061372,-0.00902045,-483.2383,53571.4227,OK,0.0000,19.3295,4.0000,96.0000,AG03-UNRESOLVED,ALL5_LEVELS_bet23_to_bet27,19.3295,19.3295,24.1619,0.0000,0.0000,4.000000,4.000000,5.000000,0.000000,0.000000,96.000000,96.000000,95.000000,100.000000,100.000000,5.0,62.8210,60.1535,420.4173,423.0848,PENDING_AG03,FALSE,NOT_FOR_ENFORCEMENT,463.9088,46319.4703,483.2383,463.9088,19.3295,0.00902045,0.00865963,19.3295,463.9088,0.00865963,19.3295,19.3295,24.1619,0.0000,0.0000,463.9088,0.00865963,62.8210,60.1535,420.4173,423.0848,0.00784779,0.00789758,0.00036082,9.3346,8.4088,0.0842,5.5545,0.2517,615.7635,65.9540,8.3255,9.6426,5.1431,5.1891,8.2617,16.7816,25.8881,44.2602,5.1891,0.0,4.9889,8.529385,1.798876,29,193,98,2,0.20855820,0.00902045,0.00297427,0E-8,0.000000,0.900656,0.000000,0.00763944,2026-03-21,2026-08-06,87,1920,882,139,0.625899,0.863400,0.891889,0.695194,,,,,,,,GLOBAL_BASELINE_NO_ENTITY_RANKING,,,NOT_APPLICABLE_GLOBAL_BASELINE,HF9g-P5,,,,X 全窗基线 · 不参与实体赏罚,8396294,840,A168_HF9F_20260827_0900,2026-08-27 09:00:00
2026-04-01,54653530,1210,0,5.2351909536,4.9734314059,4.9734314059,1.0000000,1,1,0.50665070000000000,0.506650700000,0.9867858985152569,0.9867858985152569,0.9867858985152569,0E-17,ELIGIBLE,R03b_20260811_FULL_v1,L1_ELIGIBILITY,v2026-08-11,2026-03-21..2026-08-06,baccarat_bet02_101_all_pairs_incl_sentinel,round_win = game_pnl > 0 (decisive only),COMPATIBILITY_ONLY_NOT_PRODUCTION,53571.4227,48249.4483,483.2383,5739,5738,-0.00902045,-0.00297427,-0.01061372,-0.00902045,-483.2383,53571.4227,OK,0.0000,19.3295,4.0000,96.0000,AG03-UNRESOLVED,ALL5_LEVELS_bet23_to_bet27,19.3295,19.3295,24.1619,0.0000,0.0000,4.000000,4.000000,5.000000,0.000000,0.000000,96.000000,96.000000,95.000000,100.000000,100.000000,5.0,62.8210,60.1535,420.4173,423.0848,PENDING_AG03,FALSE,NOT_FOR_ENFORCEMENT,463.9088,46319.4703,483.2383,463.9088,19.3295,0.00902045,0.00865963,19.3295,463.9088,0.00865963,19.3295,19.3295,24.1619,0.0000,0.0000,463.9088,0.00865963,62.8210,60.1535,420.4173,423.0848,0.00784779,0.00789758,0.00036082,9.3346,8.4088,0.0842,5.5545,0.2517,615.7635,65.9540,8.3255,9.6426,5.1431,5.1891,8.2617,16.7816,25.8881,44.2602,5.1891,0.0,4.9889,8.529385,1.798876,29,193,98,2,0.20855820,0.00902045,0.00297427,0E-8,0.000000,0.900656,0.000000,0.00763944,2026-03-21,2026-08-06,87,1920,882,139,0.625899,0.863400,0.891889,0.695194,,,,,,,,GLOBAL_BASELINE_NO_ENTITY_RANKING,,,NOT_APPLICABLE_GLOBAL_BASELINE,HF9g-P5,,,,X 全窗基线 · 不参与实体赏罚,8396295,840,A168_HF9F_20260827_0900,2026-08-27 09:00:00
2026-04-01,54653530,1402,0,41.6197680810,39.5387796770,39.5387796770,1.0000000,1,1,0.50665070000000000,0.506650700000,0.9867858985152569,0.9867858985152569,0.9867858985152569,0E-17,ELIGIBLE,R03b_20260811_FULL_v1,L1_ELIGIBILITY,v2026-08-11,2026-03-21..2026-08-06,baccarat_bet02_101_all_pairs_incl_sentinel,round_win = game_pnl > 0 (decisive only),COMPATIBILITY_ONLY_NOT_PRODUCTION,53571.4227,48249.4483,483.2383,5739,5738,-0.00902045,-0.00297427,-0.01061372,-0.00902045,-483.2383,53571.4227,OK,0.0000,19.3295,4.0000,96.0000,AG03-UNRESOLVED,ALL5_LEVELS_bet23_to_bet27,19.3295,19.3295,24.1619,0.0000,0.0000,4.000000,4.000000,5.000000,0.000000,0.000000,96.000000,96.000000,95.000000,100.000000,100.000000,5.0,62.8210,60.1535,420.4173,423.0848,PENDING_AG03,FALSE,NOT_FOR_ENFORCEMENT,463.9088,46319.4703,483.2383,463.9088,19.3295,0.00902045,0.00865963,19.3295,463.9088,0.00865963,19.3295,19.3295,24.1619,0.0000,0.0000,463.9088,0.00865963,62.8210,60.1535,420.4173,423.0848,0.00784779,0.00789758,0.00036082,9.3346,8.4088,0.0842,5.5545,0.2517,615.7635,65.9540,8.3255,9.6426,5.1431,5.1891,8.2617,16.7816,25.8881,44.2602,5.1891,0.0,4.9889,8.529385,1.798876,29,193,98,2,0.20855820,0.00902045,0.00297427,0E-8,0.000000,0.900656,0.000000,0.00763944,2026-03-21,2026-08-06,87,1920,882,139,0.625899,0.863400,0.891889,0.695194,,,,,,,,GLOBAL_BASELINE_NO_ENTITY_RANKING,,,NOT_APPLICABLE_GLOBAL_BASELINE,HF9g-P5,,,,X 全窗基线 · 不参与实体赏罚,8396296,840,A168_HF9F_20260827_0900,2026-08-27 09:00:00
2026-04-01,54653530,1654,0,5.2351909536,4.9734314059,4.9734314059,1.0000000,1,1,0.50665070000000000,0.506650700000,0.9867858985152569,0.9867858985152569,0.9867858985152569,0E-17,ELIGIBLE,R03b_20260811_FULL_v1,L1_ELIGIBILITY,v2026-08-11,2026-03-21..2026-08-06,baccarat_bet02_101_all_pairs_incl_sentinel,round_win = game_pnl > 0 (decisive only),COMPATIBILITY_ONLY_NOT_PRODUCTION,53571.4227,48249.4483,483.2383,5739,5738,-0.00902045,-0.00297427,-0.01061372,-0.00902045,-483.2383,53571.4227,OK,0.0000,19.3295,4.0000,96.0000,AG03-UNRESOLVED,ALL5_LEVELS_bet23_to_bet27,19.3295,19.3295,24.1619,0.0000,0.0000,4.000000,4.000000,5.000000,0.000000,0.000000,96.000000,96.000000,95.000000,100.000000,100.000000,5.0,62.8210,60.1535,420.4173,423.0848,PENDING_AG03,FALSE,NOT_FOR_ENFORCEMENT,463.9088,46319.4703,483.2383,463.9088,19.3295,0.00902045,0.00865963,19.3295,463.9088,0.00865963,19.3295,19.3295,24.1619,0.0000,0.0000,463.9088,0.00865963,62.8210,60.1535,420.4173,423.0848,0.00784779,0.00789758,0.00036082,9.3346,8.4088,0.0842,5.5545,0.2517,615.7635,65.9540,8.3255,9.6426,5.1431,5.1891,8.2617,16.7816,25.8881,44.2602,5.1891,0.0,4.9889,8.529385,1.798876,29,193,98,2,0.20855820,0.00902045,0.00297427,0E-8,0.000000,0.900656,0.000000,0.00763944,2026-03-21,2026-08-06,87,1920,882,139,0.625899,0.863400,0.891889,0.695194,,,,,,,,GLOBAL_BASELINE_NO_ENTITY_RANKING,,,NOT_APPLICABLE_GLOBAL_BASELINE,HF9g-P5,,,,X 全窗基线 · 不参与实体赏罚,8396297,840,A168_HF9F_20260827_0900,2026-08-27 09:00:00
2026-04-01,54653530,1951,0,57.0635813941,4.9210794964,4.9210794964,0.4000000,7,7,0.50282064285714286,0.502820642857,-0.45983521081771717,-0.4598352108170775,-0.45983521081771717,1.4286E-13,ELIGIBLE,R03b_20260811_FULL_v1,L1_ELIGIBILITY,v2026-08-11,2026-03-21..2026-08-06,baccarat_bet02_101_all_pairs_incl_sentinel,round_win = game_pnl > 0 (decisive only),COMPATIBILITY_ONLY_NOT_PRODUCTION,53571.4227,48249.4483,483.2383,5739,5738,-0.00902045,-0.00297427,-0.01061372,-0.00902045,-483.2383,53571.4227,OK,0.0000,19.3295,4.0000,96.0000,AG03-UNRESOLVED,ALL5_LEVELS_bet23_to_bet27,19.3295,19.3295,24.1619,0.0000,0.0000,4.000000,4.000000,5.000000,0.000000,0.000000,96.000000,96.000000,95.000000,100.000000,100.000000,5.0,62.8210,60.1535,420.4173,423.0848,PENDING_AG03,FALSE,NOT_FOR_ENFORCEMENT,463.9088,46319.4703,483.2383,463.9088,19.3295,0.00902045,0.00865963,19.3295,463.9088,0.00865963,19.3295,19.3295,24.1619,0.0000,0.0000,463.9088,0.00865963,62.8210,60.1535,420.4173,423.0848,0.00784779,0.00789758,0.00036082,9.3346,8.4088,0.0842,5.5545,0.2517,615.7635,65.9540,8.3255,9.6426,5.1431,5.1891,8.2617,16.7816,25.8881,44.2602,5.1891,0.0,4.9889,8.529385,1.798876,29,193,98,2,0.20855820,0.00902045,0.00297427,0E-8,0.000000,0.900656,0.000000,0.00763944,2026-03-21,2026-08-06,87,1920,882,139,0.625899,0.863400,0.891889,0.695194,,,,,,,,GLOBAL_BASELINE_NO_ENTITY_RANKING,,,NOT_APPLICABLE_GLOBAL_BASELINE,HF9g-P5,,,,X 全窗基线 · 不参与实体赏罚,8396298,840,A168_HF9F_20260827_0900,2026-08-27 09:00:00
2026-04-01,54653530,2196,0,104.4420595242,-31.6729052693,-31.6729052693,0.2500000,6,6,0.50665070000000000,0.506650700000,-1.0266936290537745,-1.0266936290537745,-1.0266936290537745,0E-17,ELIGIBLE,R03b_20260811_FULL_v1,L1_ELIGIBILITY,v2026-08-11,2026-03-21..2026-08-06,baccarat_bet02_101_all_pairs_incl_sentinel,round_win = game_pnl > 0 (decisive only),COMPATIBILITY_ONLY_NOT_PRODUCTION,53571.4227,48249.4483,483.2383,5739,5738,-0.00902045,-0.00297427,-0.01061372,-0.00902045,-483.2383,53571.4227,OK,0.0000,19.3295,4.0000,96.0000,AG03-UNRESOLVED,ALL5_LEVELS_bet23_to_bet27,19.3295,19.3295,24.1619,0.0000,0.0000,4.000000,4.000000,5.000000,0.000000,0.000000,96.000000,96.000000,95.000000,100.000000,100.000000,5.0,62.8210,60.1535,420.4173,423.0848,PENDING_AG03,FALSE,NOT_FOR_ENFORCEMENT,463.9088,46319.4703,483.2383,463.9088,19.3295,0.00902045,0.00865963,19.3295,463.9088,0.00865963,19.3295,19.3295,24.1619,0.0000,0.0000,463.9088,0.00865963,62.8210,60.1535,420.4173,423.0848,0.00784779,0.00789758,0.00036082,9.3346,8.4088,0.0842,5.5545,0.2517,615.7635,65.9540,8.3255,9.6426,5.1431,5.1891,8.2617,16.7816,25.8881,44.2602,5.1891,0.0,4.9889,8.529385,1.798876,29,193,98,2,0.20855820,0.00902045,0.00297427,0E-8,0.000000,0.900656,0.000000,0.00763944,2026-03-21,2026-08-06,87,1920,882,139,0.625899,0.863400,0.891889,0.695194,,,,,,,,GLOBAL_BASELINE_NO_ENTITY_RANKING,,,NOT_APPLICABLE_GLOBAL_BASELINE,HF9g-P5,,,,X 全窗基线 · 不参与实体赏罚,8396299,840,A168_HF9F_20260827_0900,2026-08-27 09:00:00
2026-04-01,54653530,2232,0,5.2351909536,0E-10,0E-10,,1,1,0.50665070000000000,0.506650700000,,,,0E-17,NO_DECISIVE_ROUND,R03b_20260811_FULL_v1,L1_ELIGIBILITY,v2026-08-11,2026-03-21..2026-08-06,baccarat_bet02_101_all_pairs_incl_sentinel,round_win = game_pnl > 0 (decisive only),COMPATIBILITY_ONLY_NOT_PRODUCTION,53571.4227,48249.4483,483.2383,5739,5738,-0.00902045,-0.00297427,-0.01061372,-0.00902045,-483.2383,53571.4227,OK,0.0000,19.3295,4.0000,96.0000,AG03-UNRESOLVED,ALL5_LEVELS_bet23_to_bet27,19.3295,19.3295,24.1619,0.0000,0.0000,4.000000,4.000000,5.000000,0.000000,0.000000,96.000000,96.000000,95.000000,100.000000,100.000000,5.0,62.8210,60.1535,420.4173,423.0848,PENDING_AG03,FALSE,NOT_FOR_ENFORCEMENT,463.9088,46319.4703,483.2383,463.9088,19.3295,0.00902045,0.00865963,19.3295,463.9088,0.00865963,19.3295,19.3295,24.1619,0.0000,0.0000,463.9088,0.00865963,62.8210,60.1535,420.4173,423.0848,0.00784779,0.00789758,0.00036082,9.3346,8.4088,0.0842,5.5545,0.2517,615.7635,65.9540,8.3255,9.6426,5.1431,5.1891,8.2617,16.7816,25.8881,44.2602,5.1891,0.0,4.9889,8.529385,1.798876,29,193,98,2,0.20855820,0.00902045,0.00297427,0E-8,0.000000,0.900656,0.000000,0.00763944,2026-03-21,2026-08-06,87,1920,882,139,0.625899,0.863400,0.891889,0.695194,,,,,,,,GLOBAL_BASELINE_NO_ENTITY_RANKING,,,NOT_APPLICABLE_GLOBAL_BASELINE,HF9g-P5,,,,X 全窗基线 · 不参与实体赏罚,8396300,840,A168_HF9F_20260827_0900,2026-08-27 09:00:00
2026-04-01,54653530,2251,0,65.4398869199,1.0470381907,1.0470381907,0.2500000,5,5,0.50396966000000000,0.503969660000,-1.01591065835228,-1.0159106583522801,-1.01591065835228,0E-17,ELIGIBLE,R03b_20260811_FULL_v1,L1_ELIGIBILITY,v2026-08-11,2026-03-21..2026-08-06,baccarat_bet02_101_all_pairs_incl_sentinel,round_win = game_pnl > 0 (decisive only),COMPATIBILITY_ONLY_NOT_PRODUCTION,53571.4227,48249.4483,483.2383,5739,5738,-0.00902045,-0.00297427,-0.01061372,-0.00902045,-483.2383,53571.4227,OK,0.0000,19.3295,4.0000,96.0000,AG03-UNRESOLVED,ALL5_LEVELS_bet23_to_bet27,19.3295,19.3295,24.1619,0.0000,0.0000,4.000000,4.000000,5.000000,0.000000,0.000000,96.000000,96.000000,95.000000,100.000000,100.000000,5.0,62.8210,60.1535,420.4173,423.0848,PENDING_AG03,FALSE,NOT_FOR_ENFORCEMENT,463.9088,46319.4703,483.2383,463.9088,19.3295,0.00902045,0.00865963,19.3295,463.9088,0.00865963,19.3295,19.3295,24.1619,0.0000,0.0000,463.9088,0.00865963,62.8210,60.1535,420.4173,423.0848,0.00784779,0.00789758,0.00036082,9.3346,8.4088,0.0842,5.5545,0.2517,615.7635,65.9540,8.3255,9.6426,5.1431,5.1891,8.2617,16.7816,25.8881,44.2602,5.1891,0.0,4.9889,8.529385,1.798876,29,193,98,2,0.20855820,0.00902045,0.00297427,0E-8,0.000000,0.900656,0.000000,0.00763944,2026-03-21,2026-08-06,87,1920,882,139,0.625899,0.863400,0.891889,0.695194,,,,,,,,GLOBAL_BASELINE_NO_ENTITY_RANKING,,,NOT_APPLICABLE_GLOBAL_BASELINE,HF9g-P5,,,,X 全窗基线 · 不参与实体赏罚,8396301,840,A168_HF9F_20260827_0900,2026-08-27 09:00:00
2026-04-02,54653530,1210,0,5.7587100489,-5.7587100489,-5.7587100489,0E-7,1,1,0.50665070000000000,0.506650700000,-1.013391052207602,-1.013391052207602,-1.013391052207602,0E-17,ELIGIBLE,R03b_20260811_FULL_v1,L1_ELIGIBILITY,v2026-08-11,2026-03-21..2026-08-06,baccarat_bet02_101_all_pairs_incl_sentinel,round_win = game_pnl > 0 (decisive only),COMPATIBILITY_ONLY_NOT_PRODUCTION,53571.4227,48249.4483,483.2383,5739,5738,-0.00902045,-0.00297427,-0.01061372,-0.00902045,-483.2383,53571.4227,OK,0.0000,19.3295,4.0000,96.0000,AG03-UNRESOLVED,ALL5_LEVELS_bet23_to_bet27,19.3295,19.3295,24.1619,0.0000,0.0000,4.000000,4.000000,5.000000,0.000000,0.000000,96.000000,96.000000,95.000000,100.000000,100.000000,5.0,62.8210,60.1535,420.4173,423.0848,PENDING_AG03,FALSE,NOT_FOR_ENFORCEMENT,463.9088,46319.4703,483.2383,463.9088,19.3295,0.00902045,0.00865963,19.3295,463.9088,0.00865963,19.3295,19.3295,24.1619,0.0000,0.0000,463.9088,0.00865963,62.8210,60.1535,420.4173,423.0848,0.00784779,0.00789758,0.00036082,9.3346,8.4088,0.0842,5.5545,0.2517,615.7635,65.9540,8.3255,9.6426,5.1431,5.1891,8.2617,16.7816,25.8881,44.2602,5.1891,0.0,4.9889,8.529385,1.798876,29,193,98,2,0.20855820,0.00902045,0.00297427,0E-8,0.000000,0.900656,0.000000,0.00763944,2026-03-21,2026-08-06,87,1920,882,139,0.625899,0.863400,0.891889,0.695194,,,,,,,,GLOBAL_BASELINE_NO_ENTITY_RANKING,,,NOT_APPLICABLE_GLOBAL_BASELINE,HF9g-P5,,,,X 全窗基线 · 不参与实体赏罚,8396302,840,A168_HF9F_20260827_0900,2026-08-27 09:00:00
2026-04-02,54653530,2088,0,5.2351909536,4.9734314059,4.9734314059,1.0000000,1,1,0.50665070000000000,0.506650700000,0.9867858985152569,0.9867858985152569,0.9867858985152569,0E-17,ELIGIBLE,R03b_20260811_FULL_v1,L1_ELIGIBILITY,v2026-08-11,2026-03-21..2026-08-06,baccarat_bet02_101_all_pairs_incl_sentinel,round_win = game_pnl > 0 (decisive only),COMPATIBILITY_ONLY_NOT_PRODUCTION,53571.4227,48249.4483,483.2383,5739,5738,-0.00902045,-0.00297427,-0.01061372,-0.00902045,-483.2383,53571.4227,OK,0.0000,19.3295,4.0000,96.0000,AG03-UNRESOLVED,ALL5_LEVELS_bet23_to_bet27,19.3295,19.3295,24.1619,0.0000,0.0000,4.000000,4.000000,5.000000,0.000000,0.000000,96.000000,96.000000,95.000000,100.000000,100.000000,5.0,62.8210,60.1535,420.4173,423.0848,PENDING_AG03,FALSE,NOT_FOR_ENFORCEMENT,463.9088,46319.4703,483.2383,463.9088,19.3295,0.00902045,0.00865963,19.3295,463.9088,0.00865963,19.3295,19.3295,24.1619,0.0000,0.0000,463.9088,0.00865963,62.8210,60.1535,420.4173,423.0848,0.00784779,0.00789758,0.00036082,9.3346,8.4088,0.0842,5.5545,0.2517,615.7635,65.9540,8.3255,9.6426,5.1431,5.1891,8.2617,16.7816,25.8881,44.2602,5.1891,0.0,4.9889,8.529385,1.798876,29,193,98,2,0.20855820,0.00902045,0.00297427,0E-8,0.000000,0.900656,0.000000,0.00763944,2026-03-21,2026-08-06,87,1920,882,139,0.625899,0.863400,0.891889,0.695194,,,,,,,,GLOBAL_BASELINE_NO_ENTITY_RANKING,,,NOT_APPLICABLE_GLOBAL_BASELINE,HF9g-P5,,,,X 全窗基线 · 不参与实体赏罚,8396303,840,A168_HF9F_20260827_0900,2026-08-27 09:00:00
2026-04-02,54653530,2235,0,12.3026987409,-12.3026987409,-12.3026987409,0E-7,1,1,0.50665070000000000,0.506650700000,-1.013391052207602,-1.013391052207602,-1.013391052207602,0E-17,ELIGIBLE,R03b_20260811_FULL_v1,L1_ELIGIBILITY,v2026-08-11,2026-03-21..2026-08-06,baccarat_bet02_101_all_pairs_incl_sentinel,round_win = game_pnl > 0 (decisive only),COMPATIBILITY_ONLY_NOT_PRODUCTION,53571.4227,48249.4483,483.2383,5739,5738,-0.00902045,-0.00297427,-0.01061372,-0.00902045,-483.2383,53571.4227,OK,0.0000,19.3295,4.0000,96.0000,AG03-UNRESOLVED,ALL5_LEVELS_bet23_to_bet27,19.3295,19.3295,24.1619,0.0000,0.0000,4.000000,4.000000,5.000000,0.000000,0.000000,96.000000,96.000000,95.000000,100.000000,100.000000,5.0,62.8210,60.1535,420.4173,423.0848,PENDING_AG03,FALSE,NOT_FOR_ENFORCEMENT,463.9088,46319.4703,483.2383,463.9088,19.3295,0.00902045,0.00865963,19.3295,463.9088,0.00865963,19.3295,19.3295,24.1619,0.0000,0.0000,463.9088,0.00865963,62.8210,60.1535,420.4173,423.0848,0.00784779,0.00789758,0.00036082,9.3346,8.4088,0.0842,5.5545,0.2517,615.7635,65.9540,8.3255,9.6426,5.1431,5.1891,8.2617,16.7816,25.8881,44.2602,5.1891,0.0,4.9889,8.529385,1.798876,29,193,98,2,0.20855820,0.00902045,0.00297427,0E-8,0.000000,0.900656,0.000000,0.00763944,2026-03-21,2026-08-06,87,1920,882,139,0.625899,0.863400,0.891889,0.695194,,,,,,,,GLOBAL_BASELINE_NO_ENTITY_RANKING,,,NOT_APPLICABLE_GLOBAL_BASELINE,HF9g-P5,,,,X 全窗基线 · 不参与实体赏罚,8396304,840,A168_HF9F_20260827_0900,2026-08-27 09:00:00
2026-04-02,54653530,583,0,5.2351909536,4.9734314059,4.9734314059,1.0000000,1,1,0.50665070000000000,0.506650700000,0.9867858985152569,0.9867858985152569,0.9867858985152569,0E-17,ELIGIBLE,R03b_20260811_FULL_v1,L1_ELIGIBILITY,v2026-08-11,2026-03-21..2026-08-06,baccarat_bet02_101_all_pairs_incl_sentinel,round_win = game_pnl > 0 (decisive only),COMPATIBILITY_ONLY_NOT_PRODUCTION,53571.4227,48249.4483,483.2383,5739,5738,-0.00902045,-0.00297427,-0.01061372,-0.00902045,-483.2383,53571.4227,OK,0.0000,19.3295,4.0000,96.0000,AG03-UNRESOLVED,ALL5_LEVELS_bet23_to_bet27,19.3295,19.3295,24.1619,0.0000,0.0000,4.000000,4.000000,5.000000,0.000000,0.000000,96.000000,96.000000,95.000000,100.000000,100.000000,5.0,62.8210,60.1535,420.4173,423.0848,PENDING_AG03,FALSE,NOT_FOR_ENFORCEMENT,463.9088,46319.4703,483.2383,463.9088,19.3295,0.00902045,0.00865963,19.3295,463.9088,0.00865963,19.3295,19.3295,24.1619,0.0000,0.0000,463.9088,0.00865963,62.8210,60.1535,420.4173,423.0848,0.00784779,0.00789758,0.00036082,9.3346,8.4088,0.0842,5.5545,0.2517,615.7635,65.9540,8.3255,9.6426,5.1431,5.1891,8.2617,16.7816,25.8881,44.2602,5.1891,0.0,4.9889,8.529385,1.798876,29,193,98,2,0.20855820,0.00902045,0.00297427,0E-8,0.000000,0.900656,0.000000,0.00763944,2026-03-21,2026-08-06,87,1920,882,139,0.625899,0.863400,0.891889,0.695194,,,,,,,,GLOBAL_BASELINE_NO_ENTITY_RANKING,,,NOT_APPLICABLE_GLOBAL_BASELINE,HF9g-P5,,,,X 全窗基线 · 不参与实体赏罚,8396305,840,A168_HF9F_20260827_0900,2026-08-27 09:00:00
2026-04-03,54653530,2252,0,56.8018218465,10.1431824726,10.1431824726,0.5000000,6,6,0.50665070000000000,0.506650700000,-0.02660515369234503,-0.02660515369234503,-0.02660515369234503,0E-17,ELIGIBLE,R03b_20260811_FULL_v1,L1_ELIGIBILITY,v2026-08-11,2026-03-21..2026-08-06,baccarat_bet02_101_all_pairs_incl_sentinel,round_win = game_pnl > 0 (decisive only),COMPATIBILITY_ONLY_NOT_PRODUCTION,53571.4227,48249.4483,483.2383,5739,5738,-0.00902045,-0.00297427,-0.01061372,-0.00902045,-483.2383,53571.4227,OK,0.0000,19.3295,4.0000,96.0000,AG03-UNRESOLVED,ALL5_LEVELS_bet23_to_bet27,19.3295,19.3295,24.1619,0.0000,0.0000,4.000000,4.000000,5.000000,0.000000,0.000000,96.000000,96.000000,95.000000,100.000000,100.000000,5.0,62.8210,60.1535,420.4173,423.0848,PENDING_AG03,FALSE,NOT_FOR_ENFORCEMENT,463.9088,46319.4703,483.2383,463.9088,19.3295,0.00902045,0.00865963,19.3295,463.9088,0.00865963,19.3295,19.3295,24.1619,0.0000,0.0000,463.9088,0.00865963,62.8210,60.1535,420.4173,423.0848,0.00784779,0.00789758,0.00036082,9.3346,8.4088,0.0842,5.5545,0.2517,615.7635,65.9540,8.3255,9.6426,5.1431,5.1891,8.2617,16.7816,25.8881,44.2602,5.1891,0.0,4.9889,8.529385,1.798876,29,193,98,2,0.20855820,0.00902045,0.00297427,0E-8,0.000000,0.900656,0.000000,0.00763944,2026-03-21,2026-08-06,87,1920,882,139,0.625899,0.863400,0.891889,0.695194,,,,,,,,GLOBAL_BASELINE_NO_ENTITY_RANKING,,,NOT_APPLICABLE_GLOBAL_BASELINE,HF9g-P5,,,,X 全窗基线 · 不参与实体赏罚,8396306,840,A168_HF9F_20260827_0900,2026-08-27 09:00:00
2026-04-04,54653530,-1,1,73.8161924455,15.2736696071,15.2736696071,0.5000000,7,7,0.50665070000000000,0.506650700000,-0.032584525537284574,-0.032584525537284574,-0.032584525537284574,0E-17,SENTINEL_DEALER,R03b_20260811_FULL_v1,L1_ELIGIBILITY,v2026-08-11,2026-03-21..2026-08-06,baccarat_bet02_101_all_pairs_incl_sentinel,round_win = game_pnl > 0 (decisive only),COMPATIBILITY_ONLY_NOT_PRODUCTION,53571.4227,48249.4483,483.2383,5739,5738,-0.00902045,-0.00297427,-0.01061372,-0.00902045,-483.2383,53571.4227,OK,0.0000,19.3295,4.0000,96.0000,AG03-UNRESOLVED,ALL5_LEVELS_bet23_to_bet27,19.3295,19.3295,24.1619,0.0000,0.0000,4.000000,4.000000,5.000000,0.000000,0.000000,96.000000,96.000000,95.000000,100.000000,100.000000,5.0,62.8210,60.1535,420.4173,423.0848,PENDING_AG03,FALSE,NOT_FOR_ENFORCEMENT,463.9088,46319.4703,483.2383,463.9088,19.3295,0.00902045,0.00865963,19.3295,463.9088,0.00865963,19.3295,19.3295,24.1619,0.0000,0.0000,463.9088,0.00865963,62.8210,60.1535,420.4173,423.0848,0.00784779,0.00789758,0.00036082,9.3346,8.4088,0.0842,5.5545,0.2517,615.7635,65.9540,8.3255,9.6426,5.1431,5.1891,8.2617,16.7816,25.8881,44.2602,5.1891,0.0,4.9889,8.529385,1.798876,29,193,98,2,0.20855820,0.00902045,0.00297427,0E-8,0.000000,0.900656,0.000000,0.00763944,2026-03-21,2026-08-06,87,1920,882,139,0.625899,0.863400,0.891889,0.695194,,,,,,,,GLOBAL_BASELINE_NO_ENTITY_RANKING,,,NOT_APPLICABLE_GLOBAL_BASELINE,HF9g-P5,,,,X 全窗基线 · 不参与实体赏罚,8396307,840,A168_HF9F_20260827_0900,2026-08-27 09:00:00
2026-04-04,54653530,1004,0,5.2351909536,4.9734314059,4.9734314059,1.0000000,1,1,0.50665070000000000,0.506650700000,0.9867858985152569,0.9867858985152569,0.9867858985152569,0E-17,ELIGIBLE,R03b_20260811_FULL_v1,L1_ELIGIBILITY,v2026-08-11,2026-03-21..2026-08-06,baccarat_bet02_101_all_pairs_incl_sentinel,round_win = game_pnl > 0 (decisive only),COMPATIBILITY_ONLY_NOT_PRODUCTION,53571.4227,48249.4483,483.2383,5739,5738,-0.00902045,-0.00297427,-0.01061372,-0.00902045,-483.2383,53571.4227,OK,0.0000,19.3295,4.0000,96.0000,AG03-UNRESOLVED,ALL5_LEVELS_bet23_to_bet27,19.3295,19.3295,24.1619,0.0000,0.0000,4.000000,4.000000,5.000000,0.000000,0.000000,96.000000,96.000000,95.000000,100.000000,100.000000,5.0,62.8210,60.1535,420.4173,423.0848,PENDING_AG03,FALSE,NOT_FOR_ENFORCEMENT,463.9088,46319.4703,483.2383,463.9088,19.3295,0.00902045,0.00865963,19.3295,463.9088,0.00865963,19.3295,19.3295,24.1619,0.0000,0.0000,463.9088,0.00865963,62.8210,60.1535,420.4173,423.0848,0.00784779,0.00789758,0.00036082,9.3346,8.4088,0.0842,5.5545,0.2517,615.7635,65.9540,8.3255,9.6426,5.1431,5.1891,8.2617,16.7816,25.8881,44.2602,5.1891,0.0,4.9889,8.529385,1.798876,29,193,98,2,0.20855820,0.00902045,0.00297427,0E-8,0.000000,0.900656,0.000000,0.00763944,2026-03-21,2026-08-06,87,1920,882,139,0.625899,0.863400,0.891889,0.695194,,,,,,,,GLOBAL_BASELINE_NO_ENTITY_RANKING,,,NOT_APPLICABLE_GLOBAL_BASELINE,HF9g-P5,,,,X 全窗基线 · 不参与实体赏罚,8396308,840,A168_HF9F_20260827_0900,2026-08-27 09:00:00
2026-04-04,54653530,1109,0,89.7835248541,5.2875428631,5.2875428631,0.2500000,5,5,0.50665070000000000,0.506650700000,-1.0266936290537745,-1.0266936290537745,-1.0266936290537745,0E-17,ELIGIBLE,R03b_20260811_FULL_v1,L1_ELIGIBILITY,v2026-08-11,2026-03-21..2026-08-06,baccarat_bet02_101_all_pairs_incl_sentinel,round_win = game_pnl > 0 (decisive only),COMPATIBILITY_ONLY_NOT_PRODUCTION,53571.4227,48249.4483,483.2383,5739,5738,-0.00902045,-0.00297427,-0.01061372,-0.00902045,-483.2383,53571.4227,OK,0.0000,19.3295,4.0000,96.0000,AG03-UNRESOLVED,ALL5_LEVELS_bet23_to_bet27,19.3295,19.3295,24.1619,0.0000,0.0000,4.000000,4.000000,5.000000,0.000000,0.000000,96.000000,96.000000,95.000000,100.000000,100.000000,5.0,62.8210,60.1535,420.4173,423.0848,PENDING_AG03,FALSE,NOT_FOR_ENFORCEMENT,463.9088,46319.4703,483.2383,463.9088,19.3295,0.00902045,0.00865963,19.3295,463.9088,0.00865963,19.3295,19.3295,24.1619,0.0000,0.0000,463.9088,0.00865963,62.8210,60.1535,420.4173,423.0848,0.00784779,0.00789758,0.00036082,9.3346,8.4088,0.0842,5.5545,0.2517,615.7635,65.9540,8.3255,9.6426,5.1431,5.1891,8.2617,16.7816,25.8881,44.2602,5.1891,0.0,4.9889,8.529385,1.798876,29,193,98,2,0.20855820,0.00902045,0.00297427,0E-8,0.000000,0.900656,0.000000,0.00763944,2026-03-21,2026-08-06,87,1920,882,139,0.625899,0.863400,0.891889,0.695194,,,,,,,,GLOBAL_BASELINE_NO_ENTITY_RANKING,,,NOT_APPLICABLE_GLOBAL_BASELINE,HF9g-P5,,,,X 全窗基线 · 不参与实体赏罚,8396309,840,A168_HF9F_20260827_0900,2026-08-27 09:00:00
2026-04-04,54653530,1384,0,5.2351909536,-5.2351909536,-5.2351909536,0E-7,1,1,0.50665070000000000,0.506650700000,-1.013391052207602,-1.013391052207602,-1.013391052207602,0E-17,ELIGIBLE,R03b_20260811_FULL_v1,L1_ELIGIBILITY,v2026-08-11,2026-03-21..2026-08-06,baccarat_bet02_101_all_pairs_incl_sentinel,round_win = game_pnl > 0 (decisive only),COMPATIBILITY_ONLY_NOT_PRODUCTION,53571.4227,48249.4483,483.2383,5739,5738,-0.00902045,-0.00297427,-0.01061372,-0.00902045,-483.2383,53571.4227,OK,0.0000,19.3295,4.0000,96.0000,AG03-UNRESOLVED,ALL5_LEVELS_bet23_to_bet27,19.3295,19.3295,24.1619,0.0000,0.0000,4.000000,4.000000,5.000000,0.000000,0.000000,96.000000,96.000000,95.000000,100.000000,100.000000,5.0,62.8210,60.1535,420.4173,423.0848,PENDING_AG03,FALSE,NOT_FOR_ENFORCEMENT,463.9088,46319.4703,483.2383,463.9088,19.3295,0.00902045,0.00865963,19.3295,463.9088,0.00865963,19.3295,19.3295,24.1619,0.0000,0.0000,463.9088,0.00865963,62.8210,60.1535,420.4173,423.0848,0.00784779,0.00789758,0.00036082,9.3346,8.4088,0.0842,5.5545,0.2517,615.7635,65.9540,8.3255,9.6426,5.1431,5.1891,8.2617,16.7816,25.8881,44.2602,5.1891,0.0,4.9889,8.529385,1.798876,29,193,98,2,0.20855820,0.00902045,0.00297427,0E-8,0.000000,0.900656,0.000000,0.00763944,2026-03-21,2026-08-06,87,1920,882,139,0.625899,0.863400,0.891889,0.695194,,,,,,,,GLOBAL_BASELINE_NO_ENTITY_RANKING,,,NOT_APPLICABLE_GLOBAL_BASELINE,HF9g-P5,,,,X 全窗基线 · 不参与实体赏罚,8396310,840,A168_HF9F_20260827_0900,2026-08-27 09:00:00
2026-04-04,54653530,1402,0,27.2229929586,15.6532209512,15.6532209512,0.6666667,3,3,0.50665070000000000,0.506650700000,0.5543606114942035,0.5543606114942035,0.5543606114942035,0E-17,ELIGIBLE,R03b_20260811_FULL_v1,L1_ELIGIBILITY,v2026-08-11,2026-03-21..2026-08-06,baccarat_bet02_101_all_pairs_incl_sentinel,round_win = game_pnl > 0 (decisive only),COMPATIBILITY_ONLY_NOT_PRODUCTION,53571.4227,48249.4483,483.2383,5739,5738,-0.00902045,-0.00297427,-0.01061372,-0.00902045,-483.2383,53571.4227,OK,0.0000,19.3295,4.0000,96.0000,AG03-UNRESOLVED,ALL5_LEVELS_bet23_to_bet27,19.3295,19.3295,24.1619,0.0000,0.0000,4.000000,4.000000,5.000000,0.000000,0.000000,96.000000,96.000000,95.000000,100.000000,100.000000,5.0,62.8210,60.1535,420.4173,423.0848,PENDING_AG03,FALSE,NOT_FOR_ENFORCEMENT,463.9088,46319.4703,483.2383,463.9088,19.3295,0.00902045,0.00865963,19.3295,463.9088,0.00865963,19.3295,19.3295,24.1619,0.0000,0.0000,463.9088,0.00865963,62.8210,60.1535,420.4173,423.0848,0.00784779,0.00789758,0.00036082,9.3346,8.4088,0.0842,5.5545,0.2517,615.7635,65.9540,8.3255,9.6426,5.1431,5.1891,8.2617,16.7816,25.8881,44.2602,5.1891,0.0,4.9889,8.529385,1.798876,29,193,98,2,0.20855820,0.00902045,0.00297427,0E-8,0.000000,0.900656,0.000000,0.00763944,2026-03-21,2026-08-06,87,1920,882,139,0.625899,0.863400,0.891889,0.695194,,,,,,,,GLOBAL_BASELINE_NO_ENTITY_RANKING,,,NOT_APPLICABLE_GLOBAL_BASELINE,HF9g-P5,,,,X 全窗基线 · 不参与实体赏罚,8396311,840,A168_HF9F_20260827_0900,2026-08-27 09:00:00
2026-04-04,54653530,1645,0,5.2351909536,4.9734314059,4.9734314059,1.0000000,1,1,0.50665070000000000,0.506650700000,0.9867858985152569,0.9867858985152569,0.9867858985152569,0E-17,ELIGIBLE,R03b_20260811_FULL_v1,L1_ELIGIBILITY,v2026-08-11,2026-03-21..2026-08-06,baccarat_bet02_101_all_pairs_incl_sentinel,round_win = game_pnl > 0 (decisive only),COMPATIBILITY_ONLY_NOT_PRODUCTION,53571.4227,48249.4483,483.2383,5739,5738,-0.00902045,-0.00297427,-0.01061372,-0.00902045,-483.2383,53571.4227,OK,0.0000,19.3295,4.0000,96.0000,AG03-UNRESOLVED,ALL5_LEVELS_bet23_to_bet27,19.3295,19.3295,24.1619,0.0000,0.0000,4.000000,4.000000,5.000000,0.000000,0.000000,96.000000,96.000000,95.000000,100.000000,100.000000,5.0,62.8210,60.1535,420.4173,423.0848,PENDING_AG03,FALSE,NOT_FOR_ENFORCEMENT,463.9088,46319.4703,483.2383,463.9088,19.3295,0.00902045,0.00865963,19.3295,463.9088,0.00865963,19.3295,19.3295,24.1619,0.0000,0.0000,463.9088,0.00865963,62.8210,60.1535,420.4173,423.0848,0.00784779,0.00789758,0.00036082,9.3346,8.4088,0.0842,5.5545,0.2517,615.7635,65.9540,8.3255,9.6426,5.1431,5.1891,8.2617,16.7816,25.8881,44.2602,5.1891,0.0,4.9889,8.529385,1.798876,29,193,98,2,0.20855820,0.00902045,0.00297427,0E-8,0.000000,0.900656,0.000000,0.00763944,2026-03-21,2026-08-06,87,1920,882,139,0.625899,0.863400,0.891889,0.695194,,,,,,,,GLOBAL_BASELINE_NO_ENTITY_RANKING,,,NOT_APPLICABLE_GLOBAL_BASELINE,HF9g-P5,,,,X 全窗基线 · 不参与实体赏罚,8396312,840,A168_HF9F_20260827_0900,2026-08-27 09:00:00
2026-04-04,54653530,1951,0,26.4377143157,14.9072062403,14.9072062403,0.7500000,4,4,0.50329940000000000,0.503299400000,0.9868238854431842,0.9868238854431842,0.9868238854431842,0E-17,ELIGIBLE,R03b_20260811_FULL_v1,L1_ELIGIBILITY,v2026-08-11,2026-03-21..2026-08-06,baccarat_bet02_101_all_pairs_incl_sentinel,round_win = game_pnl > 0 (decisive only),COMPATIBILITY_ONLY_NOT_PRODUCTION,53571.4227,48249.4483,483.2383,5739,5738,-0.00902045,-0.00297427,-0.01061372,-0.00902045,-483.2383,53571.4227,OK,0.0000,19.3295,4.0000,96.0000,AG03-UNRESOLVED,ALL5_LEVELS_bet23_to_bet27,19.3295,19.3295,24.1619,0.0000,0.0000,4.000000,4.000000,5.000000,0.000000,0.000000,96.000000,96.000000,95.000000,100.000000,100.000000,5.0,62.8210,60.1535,420.4173,423.0848,PENDING_AG03,FALSE,NOT_FOR_ENFORCEMENT,463.9088,46319.4703,483.2383,463.9088,19.3295,0.00902045,0.00865963,19.3295,463.9088,0.00865963,19.3295,19.3295,24.1619,0.0000,0.0000,463.9088,0.00865963,62.8210,60.1535,420.4173,423.0848,0.00784779,0.00789758,0.00036082,9.3346,8.4088,0.0842,5.5545,0.2517,615.7635,65.9540,8.3255,9.6426,5.1431,5.1891,8.2617,16.7816,25.8881,44.2602,5.1891,0.0,4.9889,8.529385,1.798876,29,193,98,2,0.20855820,0.00902045,0.00297427,0E-8,0.000000,0.900656,0.000000,0.00763944,2026-03-21,2026-08-06,87,1920,882,139,0.625899,0.863400,0.891889,0.695194,,,,,,,,GLOBAL_BASELINE_NO_ENTITY_RANKING,,,NOT_APPLICABLE_GLOBAL_BASELINE,HF9g-P5,,,,X 全窗基线 · 不参与实体赏罚,8396313,840,A168_HF9F_20260827_0900,2026-08-27 09:00:00
2026-04-04,54653530,1957,0,104.4420595241,-98.6833494752,-98.6833494752,0E-7,5,5,0.50665070000000000,0.506650700000,-2.026782104415204,-2.026782104415204,-2.026782104415204,0E-17,ELIGIBLE,R03b_20260811_FULL_v1,L1_ELIGIBILITY,v2026-08-11,2026-03-21..2026-08-06,baccarat_bet02_101_all_pairs_incl_sentinel,round_win = game_pnl > 0 (decisive only),COMPATIBILITY_ONLY_NOT_PRODUCTION,53571.4227,48249.4483,483.2383,5739,5738,-0.00902045,-0.00297427,-0.01061372,-0.00902045,-483.2383,53571.4227,OK,0.0000,19.3295,4.0000,96.0000,AG03-UNRESOLVED,ALL5_LEVELS_bet23_to_bet27,19.3295,19.3295,24.1619,0.0000,0.0000,4.000000,4.000000,5.000000,0.000000,0.000000,96.000000,96.000000,95.000000,100.000000,100.000000,5.0,62.8210,60.1535,420.4173,423.0848,PENDING_AG03,FALSE,NOT_FOR_ENFORCEMENT,463.9088,46319.4703,483.2383,463.9088,19.3295,0.00902045,0.00865963,19.3295,463.9088,0.00865963,19.3295,19.3295,24.1619,0.0000,0.0000,463.9088,0.00865963,62.8210,60.1535,420.4173,423.0848,0.00784779,0.00789758,0.00036082,9.3346,8.4088,0.0842,5.5545,0.2517,615.7635,65.9540,8.3255,9.6426,5.1431,5.1891,8.2617,16.7816,25.8881,44.2602,5.1891,0.0,4.9889,8.529385,1.798876,29,193,98,2,0.20855820,0.00902045,0.00297427,0E-8,0.000000,0.900656,0.000000,0.00763944,2026-03-21,2026-08-06,87,1920,882,139,0.625899,0.863400,0.891889,0.695194,,,,,,,,GLOBAL_BASELINE_NO_ENTITY_RANKING,,,NOT_APPLICABLE_GLOBAL_BASELINE,HF9g-P5,,,,X 全窗基线 · 不参与实体赏罚,8396314,840,A168_HF9F_20260827_0900,2026-08-27 09:00:00
2026-04-04,54653530,2103,0,5.7587100489,5.4707745465,5.4707745465,1.0000000,1,1,0.50665070000000000,0.506650700000,0.9867858985152569,0.9867858985152569,0.9867858985152569,0E-17,ELIGIBLE,R03b_20260811_FULL_v1,L1_ELIGIBILITY,v2026-08-11,2026-03-21..2026-08-06,baccarat_bet02_101_all_pairs_incl_sentinel,round_win = game_pnl > 0 (decisive only),COMPATIBILITY_ONLY_NOT_PRODUCTION,53571.4227,48249.4483,483.2383,5739,5738,-0.00902045,-0.00297427,-0.01061372,-0.00902045,-483.2383,53571.4227,OK,0.0000,19.3295,4.0000,96.0000,AG03-UNRESOLVED,ALL5_LEVELS_bet23_to_bet27,19.3295,19.3295,24.1619,0.0000,0.0000,4.000000,4.000000,5.000000,0.000000,0.000000,96.000000,96.000000,95.000000,100.000000,100.000000,5.0,62.8210,60.1535,420.4173,423.0848,PENDING_AG03,FALSE,NOT_FOR_ENFORCEMENT,463.9088,46319.4703,483.2383,463.9088,19.3295,0.00902045,0.00865963,19.3295,463.9088,0.00865963,19.3295,19.3295,24.1619,0.0000,0.0000,463.9088,0.00865963,62.8210,60.1535,420.4173,423.0848,0.00784779,0.00789758,0.00036082,9.3346,8.4088,0.0842,5.5545,0.2517,615.7635,65.9540,8.3255,9.6426,5.1431,5.1891,8.2617,16.7816,25.8881,44.2602,5.1891,0.0,4.9889,8.529385,1.798876,29,193,98,2,0.20855820,0.00902045,0.00297427,0E-8,0.000000,0.900656,0.000000,0.00763944,2026-03-21,2026-08-06,87,1920,882,139,0.625899,0.863400,0.891889,0.695194,,,,,,,,GLOBAL_BASELINE_NO_ENTITY_RANKING,,,NOT_APPLICABLE_GLOBAL_BASELINE,HF9g-P5,,,,X 全窗基线 · 不参与实体赏罚,8396315,840,A168_HF9F_20260827_0900,2026-08-27 09:00:00
2026-04-04,54653530,2160,0,16.4908515038,4.9472554511,4.9472554511,0.5000000,2,2,0.50665070000000000,0.506650700000,-0.018812684590367487,-0.018812684590367487,-0.018812684590367487,0E-17,ELIGIBLE,R03b_20260811_FULL_v1,L1_ELIGIBILITY,v2026-08-11,2026-03-21..2026-08-06,baccarat_bet02_101_all_pairs_incl_sentinel,round_win = game_pnl > 0 (decisive only),COMPATIBILITY_ONLY_NOT_PRODUCTION,53571.4227,48249.4483,483.2383,5739,5738,-0.00902045,-0.00297427,-0.01061372,-0.00902045,-483.2383,53571.4227,OK,0.0000,19.3295,4.0000,96.0000,AG03-UNRESOLVED,ALL5_LEVELS_bet23_to_bet27,19.3295,19.3295,24.1619,0.0000,0.0000,4.000000,4.000000,5.000000,0.000000,0.000000,96.000000,96.000000,95.000000,100.000000,100.000000,5.0,62.8210,60.1535,420.4173,423.0848,PENDING_AG03,FALSE,NOT_FOR_ENFORCEMENT,463.9088,46319.4703,483.2383,463.9088,19.3295,0.00902045,0.00865963,19.3295,463.9088,0.00865963,19.3295,19.3295,24.1619,0.0000,0.0000,463.9088,0.00865963,62.8210,60.1535,420.4173,423.0848,0.00784779,0.00789758,0.00036082,9.3346,8.4088,0.0842,5.5545,0.2517,615.7635,65.9540,8.3255,9.6426,5.1431,5.1891,8.2617,16.7816,25.8881,44.2602,5.1891,0.0,4.9889,8.529385,1.798876,29,193,98,2,0.20855820,0.00902045,0.00297427,0E-8,0.000000,0.900656,0.000000,0.00763944,2026-03-21,2026-08-06,87,1920,882,139,0.625899,0.863400,0.891889,0.695194,,,,,,,,GLOBAL_BASELINE_NO_ENTITY_RANKING,,,NOT_APPLICABLE_GLOBAL_BASELINE,HF9g-P5,,,,X 全窗基线 · 不参与实体赏罚,8396316,840,A168_HF9F_20260827_0900,2026-08-27 09:00:00
2026-04-04,54653530,2209,0,109.4154909300,6.9628039683,6.9628039683,0.2500000,4,4,0.50665070000000000,0.506650700000,-1.0266936290537745,-1.0266936290537745,-1.0266936290537745,0E-17,ELIGIBLE,R03b_20260811_FULL_v1,L1_ELIGIBILITY,v2026-08-11,2026-03-21..2026-08-06,baccarat_bet02_101_all_pairs_incl_sentinel,round_win = game_pnl > 0 (decisive only),COMPATIBILITY_ONLY_NOT_PRODUCTION,53571.4227,48249.4483,483.2383,5739,5738,-0.00902045,-0.00297427,-0.01061372,-0.00902045,-483.2383,53571.4227,OK,0.0000,19.3295,4.0000,96.0000,AG03-UNRESOLVED,ALL5_LEVELS_bet23_to_bet27,19.3295,19.3295,24.1619,0.0000,0.0000,4.000000,4.000000,5.000000,0.000000,0.000000,96.000000,96.000000,95.000000,100.000000,100.000000,5.0,62.8210,60.1535,420.4173,423.0848,PENDING_AG03,FALSE,NOT_FOR_ENFORCEMENT,463.9088,46319.4703,483.2383,463.9088,19.3295,0.00902045,0.00865963,19.3295,463.9088,0.00865963,19.3295,19.3295,24.1619,0.0000,0.0000,463.9088,0.00865963,62.8210,60.1535,420.4173,423.0848,0.00784779,0.00789758,0.00036082,9.3346,8.4088,0.0842,5.5545,0.2517,615.7635,65.9540,8.3255,9.6426,5.1431,5.1891,8.2617,16.7816,25.8881,44.2602,5.1891,0.0,4.9889,8.529385,1.798876,29,193,98,2,0.20855820,0.00902045,0.00297427,0E-8,0.000000,0.900656,0.000000,0.00763944,2026-03-21,2026-08-06,87,1920,882,139,0.625899,0.863400,0.891889,0.695194,,,,,,,,GLOBAL_BASELINE_NO_ENTITY_RANKING,,,NOT_APPLICABLE_GLOBAL_BASELINE,HF9g-P5,,,,X 全窗基线 · 不参与实体赏罚,8396317,840,A168_HF9F_20260827_0900,2026-08-27 09:00:00
2026-04-04,54653530,2220,0,5.2351909536,5.2351909536,5.2351909536,1.0000000,1,1,0.49324550000000000,0.493245500000,1.01360149184955,1.01360149184955,1.01360149184955,0E-17,ELIGIBLE,R03b_20260811_FULL_v1,L1_ELIGIBILITY,v2026-08-11,2026-03-21..2026-08-06,baccarat_bet02_101_all_pairs_incl_sentinel,round_win = game_pnl > 0 (decisive only),COMPATIBILITY_ONLY_NOT_PRODUCTION,53571.4227,48249.4483,483.2383,5739,5738,-0.00902045,-0.00297427,-0.01061372,-0.00902045,-483.2383,53571.4227,OK,0.0000,19.3295,4.0000,96.0000,AG03-UNRESOLVED,ALL5_LEVELS_bet23_to_bet27,19.3295,19.3295,24.1619,0.0000,0.0000,4.000000,4.000000,5.000000,0.000000,0.000000,96.000000,96.000000,95.000000,100.000000,100.000000,5.0,62.8210,60.1535,420.4173,423.0848,PENDING_AG03,FALSE,NOT_FOR_ENFORCEMENT,463.9088,46319.4703,483.2383,463.9088,19.3295,0.00902045,0.00865963,19.3295,463.9088,0.00865963,19.3295,19.3295,24.1619,0.0000,0.0000,463.9088,0.00865963,62.8210,60.1535,420.4173,423.0848,0.00784779,0.00789758,0.00036082,9.3346,8.4088,0.0842,5.5545,0.2517,615.7635,65.9540,8.3255,9.6426,5.1431,5.1891,8.2617,16.7816,25.8881,44.2602,5.1891,0.0,4.9889,8.529385,1.798876,29,193,98,2,0.20855820,0.00902045,0.00297427,0E-8,0.000000,0.900656,0.000000,0.00763944,2026-03-21,2026-08-06,87,1920,882,139,0.625899,0.863400,0.891889,0.695194,,,,,,,,GLOBAL_BASELINE_NO_ENTITY_RANKING,,,NOT_APPLICABLE_GLOBAL_BASELINE,HF9g-P5,,,,X 全窗基线 · 不参与实体赏罚,8396318,840,A168_HF9F_20260827_0900,2026-08-27 09:00:00
2026-04-04,54653530,2234,0,56.0165432034,10.3395021333,10.3395021333,0.4000000,5,5,0.50665070000000000,0.506650700000,-0.4769986289884125,-0.4769986289884125,-0.4769986289884125,0E-17,ELIGIBLE,R03b_20260811_FULL_v1,L1_ELIGIBILITY,v2026-08-11,2026-03-21..2026-08-06,baccarat_bet02_101_all_pairs_incl_sentinel,round_win = game_pnl > 0 (decisive only),COMPATIBILITY_ONLY_NOT_PRODUCTION,53571.4227,48249.4483,483.2383,5739,5738,-0.00902045,-0.00297427,-0.01061372,-0.00902045,-483.2383,53571.4227,OK,0.0000,19.3295,4.0000,96.0000,AG03-UNRESOLVED,ALL5_LEVELS_bet23_to_bet27,19.3295,19.3295,24.1619,0.0000,0.0000,4.000000,4.000000,5.000000,0.000000,0.000000,96.000000,96.000000,95.000000,100.000000,100.000000,5.0,62.8210,60.1535,420.4173,423.0848,PENDING_AG03,FALSE,NOT_FOR_ENFORCEMENT,463.9088,46319.4703,483.2383,463.9088,19.3295,0.00902045,0.00865963,19.3295,463.9088,0.00865963,19.3295,19.3295,24.1619,0.0000,0.0000,463.9088,0.00865963,62.8210,60.1535,420.4173,423.0848,0.00784779,0.00789758,0.00036082,9.3346,8.4088,0.0842,5.5545,0.2517,615.7635,65.9540,8.3255,9.6426,5.1431,5.1891,8.2617,16.7816,25.8881,44.2602,5.1891,0.0,4.9889,8.529385,1.798876,29,193,98,2,0.20855820,0.00902045,0.00297427,0E-8,0.000000,0.900656,0.000000,0.00763944,2026-03-21,2026-08-06,87,1920,882,139,0.625899,0.863400,0.891889,0.695194,,,,,,,,GLOBAL_BASELINE_NO_ENTITY_RANKING,,,NOT_APPLICABLE_GLOBAL_BASELINE,HF9g-P5,,,,X 全窗基线 · 不参与实体赏罚,8396319,840,A168_HF9F_20260827_0900,2026-08-27 09:00:00
2026-04-04,54653530,789,0,147.1088657959,-147.1088657959,-147.1088657959,0E-7,5,5,0.50665070000000000,0.506650700000,-2.266011280526236,-2.266011280526236,-2.266011280526236,0E-17,ELIGIBLE,R03b_20260811_FULL_v1,L1_ELIGIBILITY,v2026-08-11,2026-03-21..2026-08-06,baccarat_bet02_101_all_pairs_incl_sentinel,round_win = game_pnl > 0 (decisive only),COMPATIBILITY_ONLY_NOT_PRODUCTION,53571.4227,48249.4483,483.2383,5739,5738,-0.00902045,-0.00297427,-0.01061372,-0.00902045,-483.2383,53571.4227,OK,0.0000,19.3295,4.0000,96.0000,AG03-UNRESOLVED,ALL5_LEVELS_bet23_to_bet27,19.3295,19.3295,24.1619,0.0000,0.0000,4.000000,4.000000,5.000000,0.000000,0.000000,96.000000,96.000000,95.000000,100.000000,100.000000,5.0,62.8210,60.1535,420.4173,423.0848,PENDING_AG03,FALSE,NOT_FOR_ENFORCEMENT,463.9088,46319.4703,483.2383,463.9088,19.3295,0.00902045,0.00865963,19.3295,463.9088,0.00865963,19.3295,19.3295,24.1619,0.0000,0.0000,463.9088,0.00865963,62.8210,60.1535,420.4173,423.0848,0.00784779,0.00789758,0.00036082,9.3346,8.4088,0.0842,5.5545,0.2517,615.7635,65.9540,8.3255,9.6426,5.1431,5.1891,8.2617,16.7816,25.8881,44.2602,5.1891,0.0,4.9889,8.529385,1.798876,29,193,98,2,0.20855820,0.00902045,0.00297427,0E-8,0.000000,0.900656,0.000000,0.00763944,2026-03-21,2026-08-06,87,1920,882,139,0.625899,0.863400,0.891889,0.695194,,,,,,,,GLOBAL_BASELINE_NO_ENTITY_RANKING,,,NOT_APPLICABLE_GLOBAL_BASELINE,HF9g-P5,,,,X 全窗基线 · 不参与实体赏罚,8396320,840,A168_HF9F_20260827_0900,2026-08-27 09:00:00
2026-04-06,54653530,2246,0,29.0553097924,-29.0553097924,-29.0553097924,0E-7,3,3,0.49324550000000000,0.493245500000,-1.708808463184432,-1.7088084631844318,-1.708808463184432,0E-17,ELIGIBLE,R03b_20260811_FULL_v1,L1_ELIGIBILITY,v2026-08-11,2026-03-21..2026-08-06,baccarat_bet02_101_all_pairs_incl_sentinel,round_win = game_pnl > 0 (decisive only),COMPATIBILITY_ONLY_NOT_PRODUCTION,53571.4227,48249.4483,483.2383,5739,5738,-0.00902045,-0.00297427,-0.01061372,-0.00902045,-483.2383,53571.4227,OK,0.0000,19.3295,4.0000,96.0000,AG03-UNRESOLVED,ALL5_LEVELS_bet23_to_bet27,19.3295,19.3295,24.1619,0.0000,0.0000,4.000000,4.000000,5.000000,0.000000,0.000000,96.000000,96.000000,95.000000,100.000000,100.000000,5.0,62.8210,60.1535,420.4173,423.0848,PENDING_AG03,FALSE,NOT_FOR_ENFORCEMENT,463.9088,46319.4703,483.2383,463.9088,19.3295,0.00902045,0.00865963,19.3295,463.9088,0.00865963,19.3295,19.3295,24.1619,0.0000,0.0000,463.9088,0.00865963,62.8210,60.1535,420.4173,423.0848,0.00784779,0.00789758,0.00036082,9.3346,8.4088,0.0842,5.5545,0.2517,615.7635,65.9540,8.3255,9.6426,5.1431,5.1891,8.2617,16.7816,25.8881,44.2602,5.1891,0.0,4.9889,8.529385,1.798876,29,193,98,2,0.20855820,0.00902045,0.00297427,0E-8,0.000000,0.900656,0.000000,0.00763944,2026-03-21,2026-08-06,87,1920,882,139,0.625899,0.863400,0.891889,0.695194,,,,,,,,GLOBAL_BASELINE_NO_ENTITY_RANKING,,,NOT_APPLICABLE_GLOBAL_BASELINE,HF9g-P5,,,,X 全窗基线 · 不参与实体赏罚,8396321,840,A168_HF9F_20260827_0900,2026-08-27 09:00:00
2026-04-08,54653530,-1,1,132.9738502212,-11.0855168442,-11.0855168442,0.2000000,6,6,0.50665070000000000,0.506650700000,-1.3715049547573244,-1.3715049547573244,-1.3715049547573244,0E-17,SENTINEL_DEALER,R03b_20260811_FULL_v1,L1_ELIGIBILITY,v2026-08-11,2026-03-21..2026-08-06,baccarat_bet02_101_all_pairs_incl_sentinel,round_win = game_pnl > 0 (decisive only),COMPATIBILITY_ONLY_NOT_PRODUCTION,53571.4227,48249.4483,483.2383,5739,5738,-0.00902045,-0.00297427,-0.01061372,-0.00902045,-483.2383,53571.4227,OK,0.0000,19.3295,4.0000,96.0000,AG03-UNRESOLVED,ALL5_LEVELS_bet23_to_bet27,19.3295,19.3295,24.1619,0.0000,0.0000,4.000000,4.000000,5.000000,0.000000,0.000000,96.000000,96.000000,95.000000,100.000000,100.000000,5.0,62.8210,60.1535,420.4173,423.0848,PENDING_AG03,FALSE,NOT_FOR_ENFORCEMENT,463.9088,46319.4703,483.2383,463.9088,19.3295,0.00902045,0.00865963,19.3295,463.9088,0.00865963,19.3295,19.3295,24.1619,0.0000,0.0000,463.9088,0.00865963,62.8210,60.1535,420.4173,423.0848,0.00784779,0.00789758,0.00036082,9.3346,8.4088,0.0842,5.5545,0.2517,615.7635,65.9540,8.3255,9.6426,5.1431,5.1891,8.2617,16.7816,25.8881,44.2602,5.1891,0.0,4.9889,8.529385,1.798876,29,193,98,2,0.20855820,0.00902045,0.00297427,0E-8,0.000000,0.900656,0.000000,0.00763944,2026-03-21,2026-08-06,87,1920,882,139,0.625899,0.863400,0.891889,0.695194,,,,,,,,GLOBAL_BASELINE_NO_ENTITY_RANKING,,,NOT_APPLICABLE_GLOBAL_BASELINE,HF9g-P5,,,,X 全窗基线 · 不参与实体赏罚,8396322,840,A168_HF9F_20260827_0900,2026-08-27 09:00:00
2026-04-08,54653530,1402,0,29.8405884355,12.4074025600,12.4074025600,0.7500000,5,5,0.50665070000000000,0.506650700000,0.9734833216690844,0.9734833216690844,0.9734833216690844,0E-17,ELIGIBLE,R03b_20260811_FULL_v1,L1_ELIGIBILITY,v2026-08-11,2026-03-21..2026-08-06,baccarat_bet02_101_all_pairs_incl_sentinel,round_win = game_pnl > 0 (decisive only),COMPATIBILITY_ONLY_NOT_PRODUCTION,53571.4227,48249.4483,483.2383,5739,5738,-0.00902045,-0.00297427,-0.01061372,-0.00902045,-483.2383,53571.4227,OK,0.0000,19.3295,4.0000,96.0000,AG03-UNRESOLVED,ALL5_LEVELS_bet23_to_bet27,19.3295,19.3295,24.1619,0.0000,0.0000,4.000000,4.000000,5.000000,0.000000,0.000000,96.000000,96.000000,95.000000,100.000000,100.000000,5.0,62.8210,60.1535,420.4173,423.0848,PENDING_AG03,FALSE,NOT_FOR_ENFORCEMENT,463.9088,46319.4703,483.2383,463.9088,19.3295,0.00902045,0.00865963,19.3295,463.9088,0.00865963,19.3295,19.3295,24.1619,0.0000,0.0000,463.9088,0.00865963,62.8210,60.1535,420.4173,423.0848,0.00784779,0.00789758,0.00036082,9.3346,8.4088,0.0842,5.5545,0.2517,615.7635,65.9540,8.3255,9.6426,5.1431,5.1891,8.2617,16.7816,25.8881,44.2602,5.1891,0.0,4.9889,8.529385,1.798876,29,193,98,2,0.20855820,0.00902045,0.00297427,0E-8,0.000000,0.900656,0.000000,0.00763944,2026-03-21,2026-08-06,87,1920,882,139,0.625899,0.863400,0.891889,0.695194,,,,,,,,GLOBAL_BASELINE_NO_ENTITY_RANKING,,,NOT_APPLICABLE_GLOBAL_BASELINE,HF9g-P5,,,,X 全窗基线 · 不参与实体赏罚,8396323,840,A168_HF9F_20260827_0900,2026-08-27 09:00:00
2026-04-08,54653530,1405,0,13.0879773840,2.2249561553,2.2249561553,0.5000000,2,2,0.50665070000000000,0.506650700000,-0.018812684590367487,-0.018812684590367487,-0.018812684590367487,0E-17,ELIGIBLE,R03b_20260811_FULL_v1,L1_ELIGIBILITY,v2026-08-11,2026-03-21..2026-08-06,baccarat_bet02_101_all_pairs_incl_sentinel,round_win = game_pnl > 0 (decisive only),COMPATIBILITY_ONLY_NOT_PRODUCTION,53571.4227,48249.4483,483.2383,5739,5738,-0.00902045,-0.00297427,-0.01061372,-0.00902045,-483.2383,53571.4227,OK,0.0000,19.3295,4.0000,96.0000,AG03-UNRESOLVED,ALL5_LEVELS_bet23_to_bet27,19.3295,19.3295,24.1619,0.0000,0.0000,4.000000,4.000000,5.000000,0.000000,0.000000,96.000000,96.000000,95.000000,100.000000,100.000000,5.0,62.8210,60.1535,420.4173,423.0848,PENDING_AG03,FALSE,NOT_FOR_ENFORCEMENT,463.9088,46319.4703,483.2383,463.9088,19.3295,0.00902045,0.00865963,19.3295,463.9088,0.00865963,19.3295,19.3295,24.1619,0.0000,0.0000,463.9088,0.00865963,62.8210,60.1535,420.4173,423.0848,0.00784779,0.00789758,0.00036082,9.3346,8.4088,0.0842,5.5545,0.2517,615.7635,65.9540,8.3255,9.6426,5.1431,5.1891,8.2617,16.7816,25.8881,44.2602,5.1891,0.0,4.9889,8.529385,1.798876,29,193,98,2,0.20855820,0.00902045,0.00297427,0E-8,0.000000,0.900656,0.000000,0.00763944,2026-03-21,2026-08-06,87,1920,882,139,0.625899,0.863400,0.891889,0.695194,,,,,,,,GLOBAL_BASELINE_NO_ENTITY_RANKING,,,NOT_APPLICABLE_GLOBAL_BASELINE,HF9g-P5,,,,X 全窗基线 · 不参与实体赏罚,8396324,840,A168_HF9F_20260827_0900,2026-08-27 09:00:00
2026-04-08,54653530,1509,0,76.6955474702,46.7240792607,46.7240792607,0.8888889,11,11,0.50665070000000000,0.506650700000,2.293632045304818,2.293632045304818,2.293632045304818,0E-17,ELIGIBLE,R03b_20260811_FULL_v1,L1_ELIGIBILITY,v2026-08-11,2026-03-21..2026-08-06,baccarat_bet02_101_all_pairs_incl_sentinel,round_win = game_pnl > 0 (decisive only),COMPATIBILITY_ONLY_NOT_PRODUCTION,53571.4227,48249.4483,483.2383,5739,5738,-0.00902045,-0.00297427,-0.01061372,-0.00902045,-483.2383,53571.4227,OK,0.0000,19.3295,4.0000,96.0000,AG03-UNRESOLVED,ALL5_LEVELS_bet23_to_bet27,19.3295,19.3295,24.1619,0.0000,0.0000,4.000000,4.000000,5.000000,0.000000,0.000000,96.000000,96.000000,95.000000,100.000000,100.000000,5.0,62.8210,60.1535,420.4173,423.0848,PENDING_AG03,FALSE,NOT_FOR_ENFORCEMENT,463.9088,46319.4703,483.2383,463.9088,19.3295,0.00902045,0.00865963,19.3295,463.9088,0.00865963,19.3295,19.3295,24.1619,0.0000,0.0000,463.9088,0.00865963,62.8210,60.1535,420.4173,423.0848,0.00784779,0.00789758,0.00036082,9.3346,8.4088,0.0842,5.5545,0.2517,615.7635,65.9540,8.3255,9.6426,5.1431,5.1891,8.2617,16.7816,25.8881,44.2602,5.1891,0.0,4.9889,8.529385,1.798876,29,193,98,2,0.20855820,0.00902045,0.00297427,0E-8,0.000000,0.900656,0.000000,0.00763944,2026-03-21,2026-08-06,87,1920,882,139,0.625899,0.863400,0.891889,0.695194,,,,,,,,GLOBAL_BASELINE_NO_ENTITY_RANKING,,,NOT_APPLICABLE_GLOBAL_BASELINE,HF9g-P5,,,,X 全窗基线 · 不参与实体赏罚,8396325,840,A168_HF9F_20260827_0900,2026-08-27 09:00:00
2026-04-08,54653530,1947,0,28.7935502448,1.8323168337,1.8323168337,0.3333333,3,3,0.50665070000000000,0.506650700000,-0.6004420894325239,-0.6004420894325239,-0.6004420894325239,0E-17,ELIGIBLE,R03b_20260811_FULL_v1,L1_ELIGIBILITY,v2026-08-11,2026-03-21..2026-08-06,baccarat_bet02_101_all_pairs_incl_sentinel,round_win = game_pnl > 0 (decisive only),COMPATIBILITY_ONLY_NOT_PRODUCTION,53571.4227,48249.4483,483.2383,5739,5738,-0.00902045,-0.00297427,-0.01061372,-0.00902045,-483.2383,53571.4227,OK,0.0000,19.3295,4.0000,96.0000,AG03-UNRESOLVED,ALL5_LEVELS_bet23_to_bet27,19.3295,19.3295,24.1619,0.0000,0.0000,4.000000,4.000000,5.000000,0.000000,0.000000,96.000000,96.000000,95.000000,100.000000,100.000000,5.0,62.8210,60.1535,420.4173,423.0848,PENDING_AG03,FALSE,NOT_FOR_ENFORCEMENT,463.9088,46319.4703,483.2383,463.9088,19.3295,0.00902045,0.00865963,19.3295,463.9088,0.00865963,19.3295,19.3295,24.1619,0.0000,0.0000,463.9088,0.00865963,62.8210,60.1535,420.4173,423.0848,0.00784779,0.00789758,0.00036082,9.3346,8.4088,0.0842,5.5545,0.2517,615.7635,65.9540,8.3255,9.6426,5.1431,5.1891,8.2617,16.7816,25.8881,44.2602,5.1891,0.0,4.9889,8.529385,1.798876,29,193,98,2,0.20855820,0.00902045,0.00297427,0E-8,0.000000,0.900656,0.000000,0.00763944,2026-03-21,2026-08-06,87,1920,882,139,0.625899,0.863400,0.891889,0.695194,,,,,,,,GLOBAL_BASELINE_NO_ENTITY_RANKING,,,NOT_APPLICABLE_GLOBAL_BASELINE,HF9g-P5,,,,X 全窗基线 · 不参与实体赏罚,8396326,840,A168_HF9F_20260827_0900,2026-08-27 09:00:00
2026-04-08,54653530,2171,0,10.4703819072,4.9734314059,4.9734314059,1.0000000,2,2,0.50665070000000000,0.506650700000,0.9867858985152569,0.9867858985152569,0.9867858985152569,0E-17,ELIGIBLE,R03b_20260811_FULL_v1,L1_ELIGIBILITY,v2026-08-11,2026-03-21..2026-08-06,baccarat_bet02_101_all_pairs_incl_sentinel,round_win = game_pnl > 0 (decisive only),COMPATIBILITY_ONLY_NOT_PRODUCTION,53571.4227,48249.4483,483.2383,5739,5738,-0.00902045,-0.00297427,-0.01061372,-0.00902045,-483.2383,53571.4227,OK,0.0000,19.3295,4.0000,96.0000,AG03-UNRESOLVED,ALL5_LEVELS_bet23_to_bet27,19.3295,19.3295,24.1619,0.0000,0.0000,4.000000,4.000000,5.000000,0.000000,0.000000,96.000000,96.000000,95.000000,100.000000,100.000000,5.0,62.8210,60.1535,420.4173,423.0848,PENDING_AG03,FALSE,NOT_FOR_ENFORCEMENT,463.9088,46319.4703,483.2383,463.9088,19.3295,0.00902045,0.00865963,19.3295,463.9088,0.00865963,19.3295,19.3295,24.1619,0.0000,0.0000,463.9088,0.00865963,62.8210,60.1535,420.4173,423.0848,0.00784779,0.00789758,0.00036082,9.3346,8.4088,0.0842,5.5545,0.2517,615.7635,65.9540,8.3255,9.6426,5.1431,5.1891,8.2617,16.7816,25.8881,44.2602,5.1891,0.0,4.9889,8.529385,1.798876,29,193,98,2,0.20855820,0.00902045,0.00297427,0E-8,0.000000,0.900656,0.000000,0.00763944,2026-03-21,2026-08-06,87,1920,882,139,0.625899,0.863400,0.891889,0.695194,,,,,,,,GLOBAL_BASELINE_NO_ENTITY_RANKING,,,NOT_APPLICABLE_GLOBAL_BASELINE,HF9g-P5,,,,X 全窗基线 · 不参与实体赏罚,8396327,840,A168_HF9F_20260827_0900,2026-08-27 09:00:00
2026-04-08,54653530,2224,0,5.2351909536,4.9734314059,4.9734314059,1.0000000,1,1,0.50665070000000000,0.506650700000,0.9867858985152569,0.9867858985152569,0.9867858985152569,0E-17,ELIGIBLE,R03b_20260811_FULL_v1,L1_ELIGIBILITY,v2026-08-11,2026-03-21..2026-08-06,baccarat_bet02_101_all_pairs_incl_sentinel,round_win = game_pnl > 0 (decisive only),COMPATIBILITY_ONLY_NOT_PRODUCTION,53571.4227,48249.4483,483.2383,5739,5738,-0.00902045,-0.00297427,-0.01061372,-0.00902045,-483.2383,53571.4227,OK,0.0000,19.3295,4.0000,96.0000,AG03-UNRESOLVED,ALL5_LEVELS_bet23_to_bet27,19.3295,19.3295,24.1619,0.0000,0.0000,4.000000,4.000000,5.000000,0.000000,0.000000,96.000000,96.000000,95.000000,100.000000,100.000000,5.0,62.8210,60.1535,420.4173,423.0848,PENDING_AG03,FALSE,NOT_FOR_ENFORCEMENT,463.9088,46319.4703,483.2383,463.9088,19.3295,0.00902045,0.00865963,19.3295,463.9088,0.00865963,19.3295,19.3295,24.1619,0.0000,0.0000,463.9088,0.00865963,62.8210,60.1535,420.4173,423.0848,0.00784779,0.00789758,0.00036082,9.3346,8.4088,0.0842,5.5545,0.2517,615.7635,65.9540,8.3255,9.6426,5.1431,5.1891,8.2617,16.7816,25.8881,44.2602,5.1891,0.0,4.9889,8.529385,1.798876,29,193,98,2,0.20855820,0.00902045,0.00297427,0E-8,0.000000,0.900656,0.000000,0.00763944,2026-03-21,2026-08-06,87,1920,882,139,0.625899,0.863400,0.891889,0.695194,,,,,,,,GLOBAL_BASELINE_NO_ENTITY_RANKING,,,NOT_APPLICABLE_GLOBAL_BASELINE,HF9g-P5,,,,X 全窗基线 · 不参与实体赏罚,8396328,840,A168_HF9F_20260827_0900,2026-08-27 09:00:00
2026-04-08,54653530,919,0,31.9346648169,3.2850823234,3.2850823234,0.3333333,3,3,0.50665070000000000,0.506650700000,-0.6004420894325239,-0.6004420894325239,-0.6004420894325239,0E-17,ELIGIBLE,R03b_20260811_FULL_v1,L1_ELIGIBILITY,v2026-08-11,2026-03-21..2026-08-06,baccarat_bet02_101_all_pairs_incl_sentinel,round_win = game_pnl > 0 (decisive only),COMPATIBILITY_ONLY_NOT_PRODUCTION,53571.4227,48249.4483,483.2383,5739,5738,-0.00902045,-0.00297427,-0.01061372,-0.00902045,-483.2383,53571.4227,OK,0.0000,19.3295,4.0000,96.0000,AG03-UNRESOLVED,ALL5_LEVELS_bet23_to_bet27,19.3295,19.3295,24.1619,0.0000,0.0000,4.000000,4.000000,5.000000,0.000000,0.000000,96.000000,96.000000,95.000000,100.000000,100.000000,5.0,62.8210,60.1535,420.4173,423.0848,PENDING_AG03,FALSE,NOT_FOR_ENFORCEMENT,463.9088,46319.4703,483.2383,463.9088,19.3295,0.00902045,0.00865963,19.3295,463.9088,0.00865963,19.3295,19.3295,24.1619,0.0000,0.0000,463.9088,0.00865963,62.8210,60.1535,420.4173,423.0848,0.00784779,0.00789758,0.00036082,9.3346,8.4088,0.0842,5.5545,0.2517,615.7635,65.9540,8.3255,9.6426,5.1431,5.1891,8.2617,16.7816,25.8881,44.2602,5.1891,0.0,4.9889,8.529385,1.798876,29,193,98,2,0.20855820,0.00902045,0.00297427,0E-8,0.000000,0.900656,0.000000,0.00763944,2026-03-21,2026-08-06,87,1920,882,139,0.625899,0.863400,0.891889,0.695194,,,,,,,,GLOBAL_BASELINE_NO_ENTITY_RANKING,,,NOT_APPLICABLE_GLOBAL_BASELINE,HF9g-P5,,,,X 全窗基线 · 不参与实体赏罚,8396329,840,A168_HF9F_20260827_0900,2026-08-27 09:00:00
2026-04-09,54653530,-1,1,74.0779519933,12.6953380624,12.6953380624,0.5000000,6,6,0.50665070000000000,0.506650700000,-0.032584525537284574,-0.032584525537284574,-0.032584525537284574,0E-17,SENTINEL_DEALER,R03b_20260811_FULL_v1,L1_ELIGIBILITY,v2026-08-11,2026-03-21..2026-08-06,baccarat_bet02_101_all_pairs_incl_sentinel,round_win = game_pnl > 0 (decisive only),COMPATIBILITY_ONLY_NOT_PRODUCTION,53571.4227,48249.4483,483.2383,5739,5738,-0.00902045,-0.00297427,-0.01061372,-0.00902045,-483.2383,53571.4227,OK,0.0000,19.3295,4.0000,96.0000,AG03-UNRESOLVED,ALL5_LEVELS_bet23_to_bet27,19.3295,19.3295,24.1619,0.0000,0.0000,4.000000,4.000000,5.000000,0.000000,0.000000,96.000000,96.000000,95.000000,100.000000,100.000000,5.0,62.8210,60.1535,420.4173,423.0848,PENDING_AG03,FALSE,NOT_FOR_ENFORCEMENT,463.9088,46319.4703,483.2383,463.9088,19.3295,0.00902045,0.00865963,19.3295,463.9088,0.00865963,19.3295,19.3295,24.1619,0.0000,0.0000,463.9088,0.00865963,62.8210,60.1535,420.4173,423.0848,0.00784779,0.00789758,0.00036082,9.3346,8.4088,0.0842,5.5545,0.2517,615.7635,65.9540,8.3255,9.6426,5.1431,5.1891,8.2617,16.7816,25.8881,44.2602,5.1891,0.0,4.9889,8.529385,1.798876,29,193,98,2,0.20855820,0.00902045,0.00297427,0E-8,0.000000,0.900656,0.000000,0.00763944,2026-03-21,2026-08-06,87,1920,882,139,0.625899,0.863400,0.891889,0.695194,,,,,,,,GLOBAL_BASELINE_NO_ENTITY_RANKING,,,NOT_APPLICABLE_GLOBAL_BASELINE,HF9g-P5,,,,X 全窗基线 · 不参与实体赏罚,8396330,840,A168_HF9F_20260827_0900,2026-08-27 09:00:00
2026-04-09,54653530,1947,0,5.2351909536,4.9734314059,4.9734314059,1.0000000,1,1,0.50665070000000000,0.506650700000,0.9867858985152569,0.9867858985152569,0.9867858985152569,0E-17,ELIGIBLE,R03b_20260811_FULL_v1,L1_ELIGIBILITY,v2026-08-11,2026-03-21..2026-08-06,baccarat_bet02_101_all_pairs_incl_sentinel,round_win = game_pnl > 0 (decisive only),COMPATIBILITY_ONLY_NOT_PRODUCTION,53571.4227,48249.4483,483.2383,5739,5738,-0.00902045,-0.00297427,-0.01061372,-0.00902045,-483.2383,53571.4227,OK,0.0000,19.3295,4.0000,96.0000,AG03-UNRESOLVED,ALL5_LEVELS_bet23_to_bet27,19.3295,19.3295,24.1619,0.0000,0.0000,4.000000,4.000000,5.000000,0.000000,0.000000,96.000000,96.000000,95.000000,100.000000,100.000000,5.0,62.8210,60.1535,420.4173,423.0848,PENDING_AG03,FALSE,NOT_FOR_ENFORCEMENT,463.9088,46319.4703,483.2383,463.9088,19.3295,0.00902045,0.00865963,19.3295,463.9088,0.00865963,19.3295,19.3295,24.1619,0.0000,0.0000,463.9088,0.00865963,62.8210,60.1535,420.4173,423.0848,0.00784779,0.00789758,0.00036082,9.3346,8.4088,0.0842,5.5545,0.2517,615.7635,65.9540,8.3255,9.6426,5.1431,5.1891,8.2617,16.7816,25.8881,44.2602,5.1891,0.0,4.9889,8.529385,1.798876,29,193,98,2,0.20855820,0.00902045,0.00297427,0E-8,0.000000,0.900656,0.000000,0.00763944,2026-03-21,2026-08-06,87,1920,882,139,0.625899,0.863400,0.891889,0.695194,,,,,,,,GLOBAL_BASELINE_NO_ENTITY_RANKING,,,NOT_APPLICABLE_GLOBAL_BASELINE,HF9g-P5,,,,X 全窗基线 · 不参与实体赏罚,8396331,840,A168_HF9F_20260827_0900,2026-08-27 09:00:00
2026-04-09,54653530,2224,0,125.3828233385,-1.8584927886,-1.8584927886,0.2000000,5,5,0.50665070000000000,0.506650700000,-1.3715049547573244,-1.3715049547573244,-1.3715049547573244,0E-17,ELIGIBLE,R03b_20260811_FULL_v1,L1_ELIGIBILITY,v2026-08-11,2026-03-21..2026-08-06,baccarat_bet02_101_all_pairs_incl_sentinel,round_win = game_pnl > 0 (decisive only),COMPATIBILITY_ONLY_NOT_PRODUCTION,53571.4227,48249.4483,483.2383,5739,5738,-0.00902045,-0.00297427,-0.01061372,-0.00902045,-483.2383,53571.4227,OK,0.0000,19.3295,4.0000,96.0000,AG03-UNRESOLVED,ALL5_LEVELS_bet23_to_bet27,19.3295,19.3295,24.1619,0.0000,0.0000,4.000000,4.000000,5.000000,0.000000,0.000000,96.000000,96.000000,95.000000,100.000000,100.000000,5.0,62.8210,60.1535,420.4173,423.0848,PENDING_AG03,FALSE,NOT_FOR_ENFORCEMENT,463.9088,46319.4703,483.2383,463.9088,19.3295,0.00902045,0.00865963,19.3295,463.9088,0.00865963,19.3295,19.3295,24.1619,0.0000,0.0000,463.9088,0.00865963,62.8210,60.1535,420.4173,423.0848,0.00784779,0.00789758,0.00036082,9.3346,8.4088,0.0842,5.5545,0.2517,615.7635,65.9540,8.3255,9.6426,5.1431,5.1891,8.2617,16.7816,25.8881,44.2602,5.1891,0.0,4.9889,8.529385,1.798876,29,193,98,2,0.20855820,0.00902045,0.00297427,0E-8,0.000000,0.900656,0.000000,0.00763944,2026-03-21,2026-08-06,87,1920,882,139,0.625899,0.863400,0.891889,0.695194,,,,,,,,GLOBAL_BASELINE_NO_ENTITY_RANKING,,,NOT_APPLICABLE_GLOBAL_BASELINE,HF9g-P5,,,,X 全窗基线 · 不参与实体赏罚,8396332,840,A168_HF9F_20260827_0900,2026-08-27 09:00:00
2026-04-11,54653530,2216,0,36.6463366752,-36.6463366752,-36.6463366752,0E-7,2,2,0.50665070000000000,0.506650700000,-1.4331513700195317,-1.4331513700195317,-1.4331513700195317,0E-17,ELIGIBLE,R03b_20260811_FULL_v1,L1_ELIGIBILITY,v2026-08-11,2026-03-21..2026-08-06,baccarat_bet02_101_all_pairs_incl_sentinel,round_win = game_pnl > 0 (decisive only),COMPATIBILITY_ONLY_NOT_PRODUCTION,53571.4227,48249.4483,483.2383,5739,5738,-0.00902045,-0.00297427,-0.01061372,-0.00902045,-483.2383,53571.4227,OK,0.0000,19.3295,4.0000,96.0000,AG03-UNRESOLVED,ALL5_LEVELS_bet23_to_bet27,19.3295,19.3295,24.1619,0.0000,0.0000,4.000000,4.000000,5.000000,0.000000,0.000000,96.000000,96.000000,95.000000,100.000000,100.000000,5.0,62.8210,60.1535,420.4173,423.0848,PENDING_AG03,FALSE,NOT_FOR_ENFORCEMENT,463.9088,46319.4703,483.2383,463.9088,19.3295,0.00902045,0.00865963,19.3295,463.9088,0.00865963,19.3295,19.3295,24.1619,0.0000,0.0000,463.9088,0.00865963,62.8210,60.1535,420.4173,423.0848,0.00784779,0.00789758,0.00036082,9.3346,8.4088,0.0842,5.5545,0.2517,615.7635,65.9540,8.3255,9.6426,5.1431,5.1891,8.2617,16.7816,25.8881,44.2602,5.1891,0.0,4.9889,8.529385,1.798876,29,193,98,2,0.20855820,0.00902045,0.00297427,0E-8,0.000000,0.900656,0.000000,0.00763944,2026-03-21,2026-08-06,87,1920,882,139,0.625899,0.863400,0.891889,0.695194,,,,,,,,GLOBAL_BASELINE_NO_ENTITY_RANKING,,,NOT_APPLICABLE_GLOBAL_BASELINE,HF9g-P5,,,,X 全窗基线 · 不参与实体赏罚,8396333,840,A168_HF9F_20260827_0900,2026-08-27 09:00:00
2026-04-14,54653530,1325,0,5.2351909536,4.9734314059,4.9734314059,1.0000000,1,1,0.50665070000000000,0.506650700000,0.9867858985152569,0.9867858985152569,0.9867858985152569,0E-17,ELIGIBLE,R03b_20260811_FULL_v1,L1_ELIGIBILITY,v2026-08-11,2026-03-21..2026-08-06,baccarat_bet02_101_all_pairs_incl_sentinel,round_win = game_pnl > 0 (decisive only),COMPATIBILITY_ONLY_NOT_PRODUCTION,53571.4227,48249.4483,483.2383,5739,5738,-0.00902045,-0.00297427,-0.01061372,-0.00902045,-483.2383,53571.4227,OK,0.0000,19.3295,4.0000,96.0000,AG03-UNRESOLVED,ALL5_LEVELS_bet23_to_bet27,19.3295,19.3295,24.1619,0.0000,0.0000,4.000000,4.000000,5.000000,0.000000,0.000000,96.000000,96.000000,95.000000,100.000000,100.000000,5.0,62.8210,60.1535,420.4173,423.0848,PENDING_AG03,FALSE,NOT_FOR_ENFORCEMENT,463.9088,46319.4703,483.2383,463.9088,19.3295,0.00902045,0.00865963,19.3295,463.9088,0.00865963,19.3295,19.3295,24.1619,0.0000,0.0000,463.9088,0.00865963,62.8210,60.1535,420.4173,423.0848,0.00784779,0.00789758,0.00036082,9.3346,8.4088,0.0842,5.5545,0.2517,615.7635,65.9540,8.3255,9.6426,5.1431,5.1891,8.2617,16.7816,25.8881,44.2602,5.1891,0.0,4.9889,8.529385,1.798876,29,193,98,2,0.20855820,0.00902045,0.00297427,0E-8,0.000000,0.900656,0.000000,0.00763944,2026-03-21,2026-08-06,87,1920,882,139,0.625899,0.863400,0.891889,0.695194,,,,,,,,GLOBAL_BASELINE_NO_ENTITY_RANKING,,,NOT_APPLICABLE_GLOBAL_BASELINE,HF9g-P5,,,,X 全窗基线 · 不参与实体赏罚,8396334,840,A168_HF9F_20260827_0900,2026-08-27 09:00:00
2026-04-14,54653530,2223,0,5.2351909536,4.9734314059,4.9734314059,1.0000000,1,1,0.50665070000000000,0.506650700000,0.9867858985152569,0.9867858985152569,0.9867858985152569,0E-17,ELIGIBLE,R03b_20260811_FULL_v1,L1_ELIGIBILITY,v2026-08-11,2026-03-21..2026-08-06,baccarat_bet02_101_all_pairs_incl_sentinel,round_win = game_pnl > 0 (decisive only),COMPATIBILITY_ONLY_NOT_PRODUCTION,53571.4227,48249.4483,483.2383,5739,5738,-0.00902045,-0.00297427,-0.01061372,-0.00902045,-483.2383,53571.4227,OK,0.0000,19.3295,4.0000,96.0000,AG03-UNRESOLVED,ALL5_LEVELS_bet23_to_bet27,19.3295,19.3295,24.1619,0.0000,0.0000,4.000000,4.000000,5.000000,0.000000,0.000000,96.000000,96.000000,95.000000,100.000000,100.000000,5.0,62.8210,60.1535,420.4173,423.0848,PENDING_AG03,FALSE,NOT_FOR_ENFORCEMENT,463.9088,46319.4703,483.2383,463.9088,19.3295,0.00902045,0.00865963,19.3295,463.9088,0.00865963,19.3295,19.3295,24.1619,0.0000,0.0000,463.9088,0.00865963,62.8210,60.1535,420.4173,423.0848,0.00784779,0.00789758,0.00036082,9.3346,8.4088,0.0842,5.5545,0.2517,615.7635,65.9540,8.3255,9.6426,5.1431,5.1891,8.2617,16.7816,25.8881,44.2602,5.1891,0.0,4.9889,8.529385,1.798876,29,193,98,2,0.20855820,0.00902045,0.00297427,0E-8,0.000000,0.900656,0.000000,0.00763944,2026-03-21,2026-08-06,87,1920,882,139,0.625899,0.863400,0.891889,0.695194,,,,,,,,GLOBAL_BASELINE_NO_ENTITY_RANKING,,,NOT_APPLICABLE_GLOBAL_BASELINE,HF9g-P5,,,,X 全窗基线 · 不参与实体赏罚,8396335,840,A168_HF9F_20260827_0900,2026-08-27 09:00:00
2026-04-14,54653530,2233,0,15.7055728608,4.7116718582,4.7116718582,0.5000000,2,2,0.50665070000000000,0.506650700000,-0.018812684590367487,-0.018812684590367487,-0.018812684590367487,0E-17,ELIGIBLE,R03b_20260811_FULL_v1,L1_ELIGIBILITY,v2026-08-11,2026-03-21..2026-08-06,baccarat_bet02_101_all_pairs_incl_sentinel,round_win = game_pnl > 0 (decisive only),COMPATIBILITY_ONLY_NOT_PRODUCTION,53571.4227,48249.4483,483.2383,5739,5738,-0.00902045,-0.00297427,-0.01061372,-0.00902045,-483.2383,53571.4227,OK,0.0000,19.3295,4.0000,96.0000,AG03-UNRESOLVED,ALL5_LEVELS_bet23_to_bet27,19.3295,19.3295,24.1619,0.0000,0.0000,4.000000,4.000000,5.000000,0.000000,0.000000,96.000000,96.000000,95.000000,100.000000,100.000000,5.0,62.8210,60.1535,420.4173,423.0848,PENDING_AG03,FALSE,NOT_FOR_ENFORCEMENT,463.9088,46319.4703,483.2383,463.9088,19.3295,0.00902045,0.00865963,19.3295,463.9088,0.00865963,19.3295,19.3295,24.1619,0.0000,0.0000,463.9088,0.00865963,62.8210,60.1535,420.4173,423.0848,0.00784779,0.00789758,0.00036082,9.3346,8.4088,0.0842,5.5545,0.2517,615.7635,65.9540,8.3255,9.6426,5.1431,5.1891,8.2617,16.7816,25.8881,44.2602,5.1891,0.0,4.9889,8.529385,1.798876,29,193,98,2,0.20855820,0.00902045,0.00297427,0E-8,0.000000,0.900656,0.000000,0.00763944,2026-03-21,2026-08-06,87,1920,882,139,0.625899,0.863400,0.891889,0.695194,,,,,,,,GLOBAL_BASELINE_NO_ENTITY_RANKING,,,NOT_APPLICABLE_GLOBAL_BASELINE,HF9g-P5,,,,X 全窗基线 · 不参与实体赏罚,8396336,840,A168_HF9F_20260827_0900,2026-08-27 09:00:00
2026-04-14,54653530,763,0,13.6114964793,2.7222992959,2.7222992959,0.5000000,2,2,0.50665070000000000,0.506650700000,-0.018812684590367487,-0.018812684590367487,-0.018812684590367487,0E-17,ELIGIBLE,R03b_20260811_FULL_v1,L1_ELIGIBILITY,v2026-08-11,2026-03-21..2026-08-06,baccarat_bet02_101_all_pairs_incl_sentinel,round_win = game_pnl > 0 (decisive only),COMPATIBILITY_ONLY_NOT_PRODUCTION,53571.4227,48249.4483,483.2383,5739,5738,-0.00902045,-0.00297427,-0.01061372,-0.00902045,-483.2383,53571.4227,OK,0.0000,19.3295,4.0000,96.0000,AG03-UNRESOLVED,ALL5_LEVELS_bet23_to_bet27,19.3295,19.3295,24.1619,0.0000,0.0000,4.000000,4.000000,5.000000,0.000000,0.000000,96.000000,96.000000,95.000000,100.000000,100.000000,5.0,62.8210,60.1535,420.4173,423.0848,PENDING_AG03,FALSE,NOT_FOR_ENFORCEMENT,463.9088,46319.4703,483.2383,463.9088,19.3295,0.00902045,0.00865963,19.3295,463.9088,0.00865963,19.3295,19.3295,24.1619,0.0000,0.0000,463.9088,0.00865963,62.8210,60.1535,420.4173,423.0848,0.00784779,0.00789758,0.00036082,9.3346,8.4088,0.0842,5.5545,0.2517,615.7635,65.9540,8.3255,9.6426,5.1431,5.1891,8.2617,16.7816,25.8881,44.2602,5.1891,0.0,4.9889,8.529385,1.798876,29,193,98,2,0.20855820,0.00902045,0.00297427,0E-8,0.000000,0.900656,0.000000,0.00763944,2026-03-21,2026-08-06,87,1920,882,139,0.625899,0.863400,0.891889,0.695194,,,,,,,,GLOBAL_BASELINE_NO_ENTITY_RANKING,,,NOT_APPLICABLE_GLOBAL_BASELINE,HF9g-P5,,,,X 全窗基线 · 不参与实体赏罚,8396337,840,A168_HF9F_20260827_0900,2026-08-27 09:00:00
2026-04-14,54653530,994,0,283.4855901371,-85.3859644533,-85.3859644533,0.3000000,13,13,0.50665070000000000,0.506650700000,-1.3070894191142455,-1.3070894191142455,-1.3070894191142455,0E-17,ELIGIBLE,R03b_20260811_FULL_v1,L1_ELIGIBILITY,v2026-08-11,2026-03-21..2026-08-06,baccarat_bet02_101_all_pairs_incl_sentinel,round_win = game_pnl > 0 (decisive only),COMPATIBILITY_ONLY_NOT_PRODUCTION,53571.4227,48249.4483,483.2383,5739,5738,-0.00902045,-0.00297427,-0.01061372,-0.00902045,-483.2383,53571.4227,OK,0.0000,19.3295,4.0000,96.0000,AG03-UNRESOLVED,ALL5_LEVELS_bet23_to_bet27,19.3295,19.3295,24.1619,0.0000,0.0000,4.000000,4.000000,5.000000,0.000000,0.000000,96.000000,96.000000,95.000000,100.000000,100.000000,5.0,62.8210,60.1535,420.4173,423.0848,PENDING_AG03,FALSE,NOT_FOR_ENFORCEMENT,463.9088,46319.4703,483.2383,463.9088,19.3295,0.00902045,0.00865963,19.3295,463.9088,0.00865963,19.3295,19.3295,24.1619,0.0000,0.0000,463.9088,0.00865963,62.8210,60.1535,420.4173,423.0848,0.00784779,0.00789758,0.00036082,9.3346,8.4088,0.0842,5.5545,0.2517,615.7635,65.9540,8.3255,9.6426,5.1431,5.1891,8.2617,16.7816,25.8881,44.2602,5.1891,0.0,4.9889,8.529385,1.798876,29,193,98,2,0.20855820,0.00902045,0.00297427,0E-8,0.000000,0.900656,0.000000,0.00763944,2026-03-21,2026-08-06,87,1920,882,139,0.625899,0.863400,0.891889,0.695194,,,,,,,,GLOBAL_BASELINE_NO_ENTITY_RANKING,,,NOT_APPLICABLE_GLOBAL_BASELINE,HF9g-P5,,,,X 全窗基线 · 不参与实体赏罚,8396338,840,A168_HF9F_20260827_0900,2026-08-27 09:00:00
2026-04-17,54653530,-1,1,36.6463366752,4.1881527628,4.1881527628,0.3333333,3,3,0.50665070000000000,0.506650700000,-0.6004420894325239,-0.6004420894325239,-0.6004420894325239,0E-17,SENTINEL_DEALER,R03b_20260811_FULL_v1,L1_ELIGIBILITY,v2026-08-11,2026-03-21..2026-08-06,baccarat_bet02_101_all_pairs_incl_sentinel,round_win = game_pnl > 0 (decisive only),COMPATIBILITY_ONLY_NOT_PRODUCTION,53571.4227,48249.4483,483.2383,5739,5738,-0.00902045,-0.00297427,-0.01061372,-0.00902045,-483.2383,53571.4227,OK,0.0000,19.3295,4.0000,96.0000,AG03-UNRESOLVED,ALL5_LEVELS_bet23_to_bet27,19.3295,19.3295,24.1619,0.0000,0.0000,4.000000,4.000000,5.000000,0.000000,0.000000,96.000000,96.000000,95.000000,100.000000,100.000000,5.0,62.8210,60.1535,420.4173,423.0848,PENDING_AG03,FALSE,NOT_FOR_ENFORCEMENT,463.9088,46319.4703,483.2383,463.9088,19.3295,0.00902045,0.00865963,19.3295,463.9088,0.00865963,19.3295,19.3295,24.1619,0.0000,0.0000,463.9088,0.00865963,62.8210,60.1535,420.4173,423.0848,0.00784779,0.00789758,0.00036082,9.3346,8.4088,0.0842,5.5545,0.2517,615.7635,65.9540,8.3255,9.6426,5.1431,5.1891,8.2617,16.7816,25.8881,44.2602,5.1891,0.0,4.9889,8.529385,1.798876,29,193,98,2,0.20855820,0.00902045,0.00297427,0E-8,0.000000,0.900656,0.000000,0.00763944,2026-03-21,2026-08-06,87,1920,882,139,0.625899,0.863400,0.891889,0.695194,,,,,,,,GLOBAL_BASELINE_NO_ENTITY_RANKING,,,NOT_APPLICABLE_GLOBAL_BASELINE,HF9g-P5,,,,X 全窗基线 · 不参与实体赏罚,8396339,840,A168_HF9F_20260827_0900,2026-08-27 09:00:00
2026-04-17,54653530,1078,0,126.9533806247,16.2945318429,16.2945318429,0.4285714,7,7,0.50473567142857143,0.504735671429,-0.403041368878626,-0.40304136888089725,-0.403041368878626,-4.2857E-13,ELIGIBLE,R03b_20260811_FULL_v1,L1_ELIGIBILITY,v2026-08-11,2026-03-21..2026-08-06,baccarat_bet02_101_all_pairs_incl_sentinel,round_win = game_pnl > 0 (decisive only),COMPATIBILITY_ONLY_NOT_PRODUCTION,53571.4227,48249.4483,483.2383,5739,5738,-0.00902045,-0.00297427,-0.01061372,-0.00902045,-483.2383,53571.4227,OK,0.0000,19.3295,4.0000,96.0000,AG03-UNRESOLVED,ALL5_LEVELS_bet23_to_bet27,19.3295,19.3295,24.1619,0.0000,0.0000,4.000000,4.000000,5.000000,0.000000,0.000000,96.000000,96.000000,95.000000,100.000000,100.000000,5.0,62.8210,60.1535,420.4173,423.0848,PENDING_AG03,FALSE,NOT_FOR_ENFORCEMENT,463.9088,46319.4703,483.2383,463.9088,19.3295,0.00902045,0.00865963,19.3295,463.9088,0.00865963,19.3295,19.3295,24.1619,0.0000,0.0000,463.9088,0.00865963,62.8210,60.1535,420.4173,423.0848,0.00784779,0.00789758,0.00036082,9.3346,8.4088,0.0842,5.5545,0.2517,615.7635,65.9540,8.3255,9.6426,5.1431,5.1891,8.2617,16.7816,25.8881,44.2602,5.1891,0.0,4.9889,8.529385,1.798876,29,193,98,2,0.20855820,0.00902045,0.00297427,0E-8,0.000000,0.900656,0.000000,0.00763944,2026-03-21,2026-08-06,87,1920,882,139,0.625899,0.863400,0.891889,0.695194,,,,,,,,GLOBAL_BASELINE_NO_ENTITY_RANKING,,,NOT_APPLICABLE_GLOBAL_BASELINE,HF9g-P5,,,,X 全窗基线 · 不参与实体赏罚,8396340,840,A168_HF9F_20260827_0900,2026-08-27 09:00:00
2026-04-17,54653530,1384,0,5.2351909536,4.9734314059,4.9734314059,1.0000000,1,1,0.50665070000000000,0.506650700000,0.9867858985152569,0.9867858985152569,0.9867858985152569,0E-17,ELIGIBLE,R03b_20260811_FULL_v1,L1_ELIGIBILITY,v2026-08-11,2026-03-21..2026-08-06,baccarat_bet02_101_all_pairs_incl_sentinel,round_win = game_pnl > 0 (decisive only),COMPATIBILITY_ONLY_NOT_PRODUCTION,53571.4227,48249.4483,483.2383,5739,5738,-0.00902045,-0.00297427,-0.01061372,-0.00902045,-483.2383,53571.4227,OK,0.0000,19.3295,4.0000,96.0000,AG03-UNRESOLVED,ALL5_LEVELS_bet23_to_bet27,19.3295,19.3295,24.1619,0.0000,0.0000,4.000000,4.000000,5.000000,0.000000,0.000000,96.000000,96.000000,95.000000,100.000000,100.000000,5.0,62.8210,60.1535,420.4173,423.0848,PENDING_AG03,FALSE,NOT_FOR_ENFORCEMENT,463.9088,46319.4703,483.2383,463.9088,19.3295,0.00902045,0.00865963,19.3295,463.9088,0.00865963,19.3295,19.3295,24.1619,0.0000,0.0000,463.9088,0.00865963,62.8210,60.1535,420.4173,423.0848,0.00784779,0.00789758,0.00036082,9.3346,8.4088,0.0842,5.5545,0.2517,615.7635,65.9540,8.3255,9.6426,5.1431,5.1891,8.2617,16.7816,25.8881,44.2602,5.1891,0.0,4.9889,8.529385,1.798876,29,193,98,2,0.20855820,0.00902045,0.00297427,0E-8,0.000000,0.900656,0.000000,0.00763944,2026-03-21,2026-08-06,87,1920,882,139,0.625899,0.863400,0.891889,0.695194,,,,,,,,GLOBAL_BASELINE_NO_ENTITY_RANKING,,,NOT_APPLICABLE_GLOBAL_BASELINE,HF9g-P5,,,,X 全窗基线 · 不参与实体赏罚,8396341,840,A168_HF9F_20260827_0900,2026-08-27 09:00:00
2026-04-17,54653530,1385,0,36.6463366752,5.2351909536,5.2351909536,0.3333333,3,3,0.50218230000000000,0.502182300000,-0.5849155494134425,-0.5849155494134426,-0.5849155494134425,0E-17,ELIGIBLE,R03b_20260811_FULL_v1,L1_ELIGIBILITY,v2026-08-11,2026-03-21..2026-08-06,baccarat_bet02_101_all_pairs_incl_sentinel,round_win = game_pnl > 0 (decisive only),COMPATIBILITY_ONLY_NOT_PRODUCTION,53571.4227,48249.4483,483.2383,5739,5738,-0.00902045,-0.00297427,-0.01061372,-0.00902045,-483.2383,53571.4227,OK,0.0000,19.3295,4.0000,96.0000,AG03-UNRESOLVED,ALL5_LEVELS_bet23_to_bet27,19.3295,19.3295,24.1619,0.0000,0.0000,4.000000,4.000000,5.000000,0.000000,0.000000,96.000000,96.000000,95.000000,100.000000,100.000000,5.0,62.8210,60.1535,420.4173,423.0848,PENDING_AG03,FALSE,NOT_FOR_ENFORCEMENT,463.9088,46319.4703,483.2383,463.9088,19.3295,0.00902045,0.00865963,19.3295,463.9088,0.00865963,19.3295,19.3295,24.1619,0.0000,0.0000,463.9088,0.00865963,62.8210,60.1535,420.4173,423.0848,0.00784779,0.00789758,0.00036082,9.3346,8.4088,0.0842,5.5545,0.2517,615.7635,65.9540,8.3255,9.6426,5.1431,5.1891,8.2617,16.7816,25.8881,44.2602,5.1891,0.0,4.9889,8.529385,1.798876,29,193,98,2,0.20855820,0.00902045,0.00297427,0E-8,0.000000,0.900656,0.000000,0.00763944,2026-03-21,2026-08-06,87,1920,882,139,0.625899,0.863400,0.891889,0.695194,,,,,,,,GLOBAL_BASELINE_NO_ENTITY_RANKING,,,NOT_APPLICABLE_GLOBAL_BASELINE,HF9g-P5,,,,X 全窗基线 · 不参与实体赏罚,8396342,840,A168_HF9F_20260827_0900,2026-08-27 09:00:00
2026-04-17,54653530,1702,0,42.1432871765,10.4572939298,10.4572939298,0.5000000,4,4,0.49659680000000000,0.496596800000,0.013613115331600182,0.013613115331600183,0.013613115331600182,0E-17,ELIGIBLE,R03b_20260811_FULL_v1,L1_ELIGIBILITY,v2026-08-11,2026-03-21..2026-08-06,baccarat_bet02_101_all_pairs_incl_sentinel,round_win = game_pnl > 0 (decisive only),COMPATIBILITY_ONLY_NOT_PRODUCTION,53571.4227,48249.4483,483.2383,5739,5738,-0.00902045,-0.00297427,-0.01061372,-0.00902045,-483.2383,53571.4227,OK,0.0000,19.3295,4.0000,96.0000,AG03-UNRESOLVED,ALL5_LEVELS_bet23_to_bet27,19.3295,19.3295,24.1619,0.0000,0.0000,4.000000,4.000000,5.000000,0.000000,0.000000,96.000000,96.000000,95.000000,100.000000,100.000000,5.0,62.8210,60.1535,420.4173,423.0848,PENDING_AG03,FALSE,NOT_FOR_ENFORCEMENT,463.9088,46319.4703,483.2383,463.9088,19.3295,0.00902045,0.00865963,19.3295,463.9088,0.00865963,19.3295,19.3295,24.1619,0.0000,0.0000,463.9088,0.00865963,62.8210,60.1535,420.4173,423.0848,0.00784779,0.00789758,0.00036082,9.3346,8.4088,0.0842,5.5545,0.2517,615.7635,65.9540,8.3255,9.6426,5.1431,5.1891,8.2617,16.7816,25.8881,44.2602,5.1891,0.0,4.9889,8.529385,1.798876,29,193,98,2,0.20855820,0.00902045,0.00297427,0E-8,0.000000,0.900656,0.000000,0.00763944,2026-03-21,2026-08-06,87,1920,882,139,0.625899,0.863400,0.891889,0.695194,,,,,,,,GLOBAL_BASELINE_NO_ENTITY_RANKING,,,NOT_APPLICABLE_GLOBAL_BASELINE,HF9g-P5,,,,X 全窗基线 · 不参与实体赏罚,8396343,840,A168_HF9F_20260827_0900,2026-08-27 09:00:00
2026-04-17,54653530,1710,0,16.4908515038,4.9472554511,4.9472554511,0.5000000,2,2,0.50665070000000000,0.506650700000,-0.018812684590367487,-0.018812684590367487,-0.018812684590367487,0E-17,ELIGIBLE,R03b_20260811_FULL_v1,L1_ELIGIBILITY,v2026-08-11,2026-03-21..2026-08-06,baccarat_bet02_101_all_pairs_incl_sentinel,round_win = game_pnl > 0 (decisive only),COMPATIBILITY_ONLY_NOT_PRODUCTION,53571.4227,48249.4483,483.2383,5739,5738,-0.00902045,-0.00297427,-0.01061372,-0.00902045,-483.2383,53571.4227,OK,0.0000,19.3295,4.0000,96.0000,AG03-UNRESOLVED,ALL5_LEVELS_bet23_to_bet27,19.3295,19.3295,24.1619,0.0000,0.0000,4.000000,4.000000,5.000000,0.000000,0.000000,96.000000,96.000000,95.000000,100.000000,100.000000,5.0,62.8210,60.1535,420.4173,423.0848,PENDING_AG03,FALSE,NOT_FOR_ENFORCEMENT,463.9088,46319.4703,483.2383,463.9088,19.3295,0.00902045,0.00865963,19.3295,463.9088,0.00865963,19.3295,19.3295,24.1619,0.0000,0.0000,463.9088,0.00865963,62.8210,60.1535,420.4173,423.0848,0.00784779,0.00789758,0.00036082,9.3346,8.4088,0.0842,5.5545,0.2517,615.7635,65.9540,8.3255,9.6426,5.1431,5.1891,8.2617,16.7816,25.8881,44.2602,5.1891,0.0,4.9889,8.529385,1.798876,29,193,98,2,0.20855820,0.00902045,0.00297427,0E-8,0.000000,0.900656,0.000000,0.00763944,2026-03-21,2026-08-06,87,1920,882,139,0.625899,0.863400,0.891889,0.695194,,,,,,,,GLOBAL_BASELINE_NO_ENTITY_RANKING,,,NOT_APPLICABLE_GLOBAL_BASELINE,HF9g-P5,,,,X 全窗基线 · 不参与实体赏罚,8396344,840,A168_HF9F_20260827_0900,2026-08-27 09:00:00
2026-04-17,54653530,1966,0,71.9838756119,68.3846818313,68.3846818313,1.0000000,1,1,0.50665070000000000,0.506650700000,0.9867858985152569,0.9867858985152569,0.9867858985152569,0E-17,ELIGIBLE,R03b_20260811_FULL_v1,L1_ELIGIBILITY,v2026-08-11,2026-03-21..2026-08-06,baccarat_bet02_101_all_pairs_incl_sentinel,round_win = game_pnl > 0 (decisive only),COMPATIBILITY_ONLY_NOT_PRODUCTION,53571.4227,48249.4483,483.2383,5739,5738,-0.00902045,-0.00297427,-0.01061372,-0.00902045,-483.2383,53571.4227,OK,0.0000,19.3295,4.0000,96.0000,AG03-UNRESOLVED,ALL5_LEVELS_bet23_to_bet27,19.3295,19.3295,24.1619,0.0000,0.0000,4.000000,4.000000,5.000000,0.000000,0.000000,96.000000,96.000000,95.000000,100.000000,100.000000,5.0,62.8210,60.1535,420.4173,423.0848,PENDING_AG03,FALSE,NOT_FOR_ENFORCEMENT,463.9088,46319.4703,483.2383,463.9088,19.3295,0.00902045,0.00865963,19.3295,463.9088,0.00865963,19.3295,19.3295,24.1619,0.0000,0.0000,463.9088,0.00865963,62.8210,60.1535,420.4173,423.0848,0.00784779,0.00789758,0.00036082,9.3346,8.4088,0.0842,5.5545,0.2517,615.7635,65.9540,8.3255,9.6426,5.1431,5.1891,8.2617,16.7816,25.8881,44.2602,5.1891,0.0,4.9889,8.529385,1.798876,29,193,98,2,0.20855820,0.00902045,0.00297427,0E-8,0.000000,0.900656,0.000000,0.00763944,2026-03-21,2026-08-06,87,1920,882,139,0.625899,0.863400,0.891889,0.695194,,,,,,,,GLOBAL_BASELINE_NO_ENTITY_RANKING,,,NOT_APPLICABLE_GLOBAL_BASELINE,HF9g-P5,,,,X 全窗基线 · 不参与实体赏罚,8396345,840,A168_HF9F_20260827_0900,2026-08-27 09:00:00
2026-04-17,54653530,2117,0,5.4969505013,5.2221029762,5.2221029762,1.0000000,1,1,0.50665070000000000,0.506650700000,0.9867858985152569,0.9867858985152569,0.9867858985152569,0E-17,ELIGIBLE,R03b_20260811_FULL_v1,L1_ELIGIBILITY,v2026-08-11,2026-03-21..2026-08-06,baccarat_bet02_101_all_pairs_incl_sentinel,round_win = game_pnl > 0 (decisive only),COMPATIBILITY_ONLY_NOT_PRODUCTION,53571.4227,48249.4483,483.2383,5739,5738,-0.00902045,-0.00297427,-0.01061372,-0.00902045,-483.2383,53571.4227,OK,0.0000,19.3295,4.0000,96.0000,AG03-UNRESOLVED,ALL5_LEVELS_bet23_to_bet27,19.3295,19.3295,24.1619,0.0000,0.0000,4.000000,4.000000,5.000000,0.000000,0.000000,96.000000,96.000000,95.000000,100.000000,100.000000,5.0,62.8210,60.1535,420.4173,423.0848,PENDING_AG03,FALSE,NOT_FOR_ENFORCEMENT,463.9088,46319.4703,483.2383,463.9088,19.3295,0.00902045,0.00865963,19.3295,463.9088,0.00865963,19.3295,19.3295,24.1619,0.0000,0.0000,463.9088,0.00865963,62.8210,60.1535,420.4173,423.0848,0.00784779,0.00789758,0.00036082,9.3346,8.4088,0.0842,5.5545,0.2517,615.7635,65.9540,8.3255,9.6426,5.1431,5.1891,8.2617,16.7816,25.8881,44.2602,5.1891,0.0,4.9889,8.529385,1.798876,29,193,98,2,0.20855820,0.00902045,0.00297427,0E-8,0.000000,0.900656,0.000000,0.00763944,2026-03-21,2026-08-06,87,1920,882,139,0.625899,0.863400,0.891889,0.695194,,,,,,,,GLOBAL_BASELINE_NO_ENTITY_RANKING,,,NOT_APPLICABLE_GLOBAL_BASELINE,HF9g-P5,,,,X 全窗基线 · 不参与实体赏罚,8396346,840,A168_HF9F_20260827_0900,2026-08-27 09:00:00
2026-04-17,54653530,2171,0,38.4786535089,4.3975604010,4.3975604010,0.3333333,3,3,0.50665070000000000,0.506650700000,-0.6004420894325239,-0.6004420894325239,-0.6004420894325239,0E-17,ELIGIBLE,R03b_20260811_FULL_v1,L1_ELIGIBILITY,v2026-08-11,2026-03-21..2026-08-06,baccarat_bet02_101_all_pairs_incl_sentinel,round_win = game_pnl > 0 (decisive only),COMPATIBILITY_ONLY_NOT_PRODUCTION,53571.4227,48249.4483,483.2383,5739,5738,-0.00902045,-0.00297427,-0.01061372,-0.00902045,-483.2383,53571.4227,OK,0.0000,19.3295,4.0000,96.0000,AG03-UNRESOLVED,ALL5_LEVELS_bet23_to_bet27,19.3295,19.3295,24.1619,0.0000,0.0000,4.000000,4.000000,5.000000,0.000000,0.000000,96.000000,96.000000,95.000000,100.000000,100.000000,5.0,62.8210,60.1535,420.4173,423.0848,PENDING_AG03,FALSE,NOT_FOR_ENFORCEMENT,463.9088,46319.4703,483.2383,463.9088,19.3295,0.00902045,0.00865963,19.3295,463.9088,0.00865963,19.3295,19.3295,24.1619,0.0000,0.0000,463.9088,0.00865963,62.8210,60.1535,420.4173,423.0848,0.00784779,0.00789758,0.00036082,9.3346,8.4088,0.0842,5.5545,0.2517,615.7635,65.9540,8.3255,9.6426,5.1431,5.1891,8.2617,16.7816,25.8881,44.2602,5.1891,0.0,4.9889,8.529385,1.798876,29,193,98,2,0.20855820,0.00902045,0.00297427,0E-8,0.000000,0.900656,0.000000,0.00763944,2026-03-21,2026-08-06,87,1920,882,139,0.625899,0.863400,0.891889,0.695194,,,,,,,,GLOBAL_BASELINE_NO_ENTITY_RANKING,,,NOT_APPLICABLE_GLOBAL_BASELINE,HF9g-P5,,,,X 全窗基线 · 不参与实体赏罚,8396347,840,A168_HF9F_20260827_0900,2026-08-27 09:00:00
2026-04-17,54653530,2177,0,30.1023479832,5.8895898228,5.8895898228,0.5000000,4,4,0.50329940000000000,0.503299400000,-0.01319788734859681,-0.01319788734859681,-0.01319788734859681,0E-17,ELIGIBLE,R03b_20260811_FULL_v1,L1_ELIGIBILITY,v2026-08-11,2026-03-21..2026-08-06,baccarat_bet02_101_all_pairs_incl_sentinel,round_win = game_pnl > 0 (decisive only),COMPATIBILITY_ONLY_NOT_PRODUCTION,53571.4227,48249.4483,483.2383,5739,5738,-0.00902045,-0.00297427,-0.01061372,-0.00902045,-483.2383,53571.4227,OK,0.0000,19.3295,4.0000,96.0000,AG03-UNRESOLVED,ALL5_LEVELS_bet23_to_bet27,19.3295,19.3295,24.1619,0.0000,0.0000,4.000000,4.000000,5.000000,0.000000,0.000000,96.000000,96.000000,95.000000,100.000000,100.000000,5.0,62.8210,60.1535,420.4173,423.0848,PENDING_AG03,FALSE,NOT_FOR_ENFORCEMENT,463.9088,46319.4703,483.2383,463.9088,19.3295,0.00902045,0.00865963,19.3295,463.9088,0.00865963,19.3295,19.3295,24.1619,0.0000,0.0000,463.9088,0.00865963,62.8210,60.1535,420.4173,423.0848,0.00784779,0.00789758,0.00036082,9.3346,8.4088,0.0842,5.5545,0.2517,615.7635,65.9540,8.3255,9.6426,5.1431,5.1891,8.2617,16.7816,25.8881,44.2602,5.1891,0.0,4.9889,8.529385,1.798876,29,193,98,2,0.20855820,0.00902045,0.00297427,0E-8,0.000000,0.900656,0.000000,0.00763944,2026-03-21,2026-08-06,87,1920,882,139,0.625899,0.863400,0.891889,0.695194,,,,,,,,GLOBAL_BASELINE_NO_ENTITY_RANKING,,,NOT_APPLICABLE_GLOBAL_BASELINE,HF9g-P5,,,,X 全窗基线 · 不参与实体赏罚,8396348,840,A168_HF9F_20260827_0900,2026-08-27 09:00:00
2026-04-17,54653530,2241,0,6.5439886920,6.2167892574,6.2167892574,1.0000000,1,1,0.50665070000000000,0.506650700000,0.9867858985152569,0.9867858985152569,0.9867858985152569,0E-17,ELIGIBLE,R03b_20260811_FULL_v1,L1_ELIGIBILITY,v2026-08-11,2026-03-21..2026-08-06,baccarat_bet02_101_all_pairs_incl_sentinel,round_win = game_pnl > 0 (decisive only),COMPATIBILITY_ONLY_NOT_PRODUCTION,53571.4227,48249.4483,483.2383,5739,5738,-0.00902045,-0.00297427,-0.01061372,-0.00902045,-483.2383,53571.4227,OK,0.0000,19.3295,4.0000,96.0000,AG03-UNRESOLVED,ALL5_LEVELS_bet23_to_bet27,19.3295,19.3295,24.1619,0.0000,0.0000,4.000000,4.000000,5.000000,0.000000,0.000000,96.000000,96.000000,95.000000,100.000000,100.000000,5.0,62.8210,60.1535,420.4173,423.0848,PENDING_AG03,FALSE,NOT_FOR_ENFORCEMENT,463.9088,46319.4703,483.2383,463.9088,19.3295,0.00902045,0.00865963,19.3295,463.9088,0.00865963,19.3295,19.3295,24.1619,0.0000,0.0000,463.9088,0.00865963,62.8210,60.1535,420.4173,423.0848,0.00784779,0.00789758,0.00036082,9.3346,8.4088,0.0842,5.5545,0.2517,615.7635,65.9540,8.3255,9.6426,5.1431,5.1891,8.2617,16.7816,25.8881,44.2602,5.1891,0.0,4.9889,8.529385,1.798876,29,193,98,2,0.20855820,0.00902045,0.00297427,0E-8,0.000000,0.900656,0.000000,0.00763944,2026-03-21,2026-08-06,87,1920,882,139,0.625899,0.863400,0.891889,0.695194,,,,,,,,GLOBAL_BASELINE_NO_ENTITY_RANKING,,,NOT_APPLICABLE_GLOBAL_BASELINE,HF9g-P5,,,,X 全窗基线 · 不参与实体赏罚,8396349,840,A168_HF9F_20260827_0900,2026-08-27 09:00:00
2026-04-17,54653530,2242,0,78.5278643039,-78.5278643039,-78.5278643039,0E-7,4,4,0.50665070000000000,0.506650700000,-2.026782104415204,-2.026782104415204,-2.026782104415204,0E-17,ELIGIBLE,R03b_20260811_FULL_v1,L1_ELIGIBILITY,v2026-08-11,2026-03-21..2026-08-06,baccarat_bet02_101_all_pairs_incl_sentinel,round_win = game_pnl > 0 (decisive only),COMPATIBILITY_ONLY_NOT_PRODUCTION,53571.4227,48249.4483,483.2383,5739,5738,-0.00902045,-0.00297427,-0.01061372,-0.00902045,-483.2383,53571.4227,OK,0.0000,19.3295,4.0000,96.0000,AG03-UNRESOLVED,ALL5_LEVELS_bet23_to_bet27,19.3295,19.3295,24.1619,0.0000,0.0000,4.000000,4.000000,5.000000,0.000000,0.000000,96.000000,96.000000,95.000000,100.000000,100.000000,5.0,62.8210,60.1535,420.4173,423.0848,PENDING_AG03,FALSE,NOT_FOR_ENFORCEMENT,463.9088,46319.4703,483.2383,463.9088,19.3295,0.00902045,0.00865963,19.3295,463.9088,0.00865963,19.3295,19.3295,24.1619,0.0000,0.0000,463.9088,0.00865963,62.8210,60.1535,420.4173,423.0848,0.00784779,0.00789758,0.00036082,9.3346,8.4088,0.0842,5.5545,0.2517,615.7635,65.9540,8.3255,9.6426,5.1431,5.1891,8.2617,16.7816,25.8881,44.2602,5.1891,0.0,4.9889,8.529385,1.798876,29,193,98,2,0.20855820,0.00902045,0.00297427,0E-8,0.000000,0.900656,0.000000,0.00763944,2026-03-21,2026-08-06,87,1920,882,139,0.625899,0.863400,0.891889,0.695194,,,,,,,,GLOBAL_BASELINE_NO_ENTITY_RANKING,,,NOT_APPLICABLE_GLOBAL_BASELINE,HF9g-P5,,,,X 全窗基线 · 不参与实体赏罚,8396350,840,A168_HF9F_20260827_0900,2026-08-27 09:00:00
2026-04-17,54653530,2251,0,136.1149647934,-83.7892312122,-83.7892312122,0.4444444,9,9,0.50367176666666667,0.503671766667,-0.35537351566192493,-0.3553735156639268,-0.35537351566192493,-3.3333E-13,ELIGIBLE,R03b_20260811_FULL_v1,L1_ELIGIBILITY,v2026-08-11,2026-03-21..2026-08-06,baccarat_bet02_101_all_pairs_incl_sentinel,round_win = game_pnl > 0 (decisive only),COMPATIBILITY_ONLY_NOT_PRODUCTION,53571.4227,48249.4483,483.2383,5739,5738,-0.00902045,-0.00297427,-0.01061372,-0.00902045,-483.2383,53571.4227,OK,0.0000,19.3295,4.0000,96.0000,AG03-UNRESOLVED,ALL5_LEVELS_bet23_to_bet27,19.3295,19.3295,24.1619,0.0000,0.0000,4.000000,4.000000,5.000000,0.000000,0.000000,96.000000,96.000000,95.000000,100.000000,100.000000,5.0,62.8210,60.1535,420.4173,423.0848,PENDING_AG03,FALSE,NOT_FOR_ENFORCEMENT,463.9088,46319.4703,483.2383,463.9088,19.3295,0.00902045,0.00865963,19.3295,463.9088,0.00865963,19.3295,19.3295,24.1619,0.0000,0.0000,463.9088,0.00865963,62.8210,60.1535,420.4173,423.0848,0.00784779,0.00789758,0.00036082,9.3346,8.4088,0.0842,5.5545,0.2517,615.7635,65.9540,8.3255,9.6426,5.1431,5.1891,8.2617,16.7816,25.8881,44.2602,5.1891,0.0,4.9889,8.529385,1.798876,29,193,98,2,0.20855820,0.00902045,0.00297427,0E-8,0.000000,0.900656,0.000000,0.00763944,2026-03-21,2026-08-06,87,1920,882,139,0.625899,0.863400,0.891889,0.695194,,,,,,,,GLOBAL_BASELINE_NO_ENTITY_RANKING,,,NOT_APPLICABLE_GLOBAL_BASELINE,HF9g-P5,,,,X 全窗基线 · 不参与实体赏罚,8396351,840,A168_HF9F_20260827_0900,2026-08-27 09:00:00
2026-04-17,54653530,772,0,47.1167185824,15.4438133131,15.4438133131,0.6000000,5,5,0.49592654000000000,0.495926540000,0.46544610904919037,0.46544610904919037,0.46544610904919037,0E-17,ELIGIBLE,R03b_20260811_FULL_v1,L1_ELIGIBILITY,v2026-08-11,2026-03-21..2026-08-06,baccarat_bet02_101_all_pairs_incl_sentinel,round_win = game_pnl > 0 (decisive only),COMPATIBILITY_ONLY_NOT_PRODUCTION,53571.4227,48249.4483,483.2383,5739,5738,-0.00902045,-0.00297427,-0.01061372,-0.00902045,-483.2383,53571.4227,OK,0.0000,19.3295,4.0000,96.0000,AG03-UNRESOLVED,ALL5_LEVELS_bet23_to_bet27,19.3295,19.3295,24.1619,0.0000,0.0000,4.000000,4.000000,5.000000,0.000000,0.000000,96.000000,96.000000,95.000000,100.000000,100.000000,5.0,62.8210,60.1535,420.4173,423.0848,PENDING_AG03,FALSE,NOT_FOR_ENFORCEMENT,463.9088,46319.4703,483.2383,463.9088,19.3295,0.00902045,0.00865963,19.3295,463.9088,0.00865963,19.3295,19.3295,24.1619,0.0000,0.0000,463.9088,0.00865963,62.8210,60.1535,420.4173,423.0848,0.00784779,0.00789758,0.00036082,9.3346,8.4088,0.0842,5.5545,0.2517,615.7635,65.9540,8.3255,9.6426,5.1431,5.1891,8.2617,16.7816,25.8881,44.2602,5.1891,0.0,4.9889,8.529385,1.798876,29,193,98,2,0.20855820,0.00902045,0.00297427,0E-8,0.000000,0.900656,0.000000,0.00763944,2026-03-21,2026-08-06,87,1920,882,139,0.625899,0.863400,0.891889,0.695194,,,,,,,,GLOBAL_BASELINE_NO_ENTITY_RANKING,,,NOT_APPLICABLE_GLOBAL_BASELINE,HF9g-P5,,,,X 全窗基线 · 不参与实体赏罚,8396352,840,A168_HF9F_20260827_0900,2026-08-27 09:00:00
2026-04-18,54653530,1306,0,11.2556605502,10.6928775227,10.6928775227,1.0000000,2,2,0.50665070000000000,0.506650700000,1.3955260008387969,1.3955260008387969,1.3955260008387969,0E-17,ELIGIBLE,R03b_20260811_FULL_v1,L1_ELIGIBILITY,v2026-08-11,2026-03-21..2026-08-06,baccarat_bet02_101_all_pairs_incl_sentinel,round_win = game_pnl > 0 (decisive only),COMPATIBILITY_ONLY_NOT_PRODUCTION,53571.4227,48249.4483,483.2383,5739,5738,-0.00902045,-0.00297427,-0.01061372,-0.00902045,-483.2383,53571.4227,OK,0.0000,19.3295,4.0000,96.0000,AG03-UNRESOLVED,ALL5_LEVELS_bet23_to_bet27,19.3295,19.3295,24.1619,0.0000,0.0000,4.000000,4.000000,5.000000,0.000000,0.000000,96.000000,96.000000,95.000000,100.000000,100.000000,5.0,62.8210,60.1535,420.4173,423.0848,PENDING_AG03,FALSE,NOT_FOR_ENFORCEMENT,463.9088,46319.4703,483.2383,463.9088,19.3295,0.00902045,0.00865963,19.3295,463.9088,0.00865963,19.3295,19.3295,24.1619,0.0000,0.0000,463.9088,0.00865963,62.8210,60.1535,420.4173,423.0848,0.00784779,0.00789758,0.00036082,9.3346,8.4088,0.0842,5.5545,0.2517,615.7635,65.9540,8.3255,9.6426,5.1431,5.1891,8.2617,16.7816,25.8881,44.2602,5.1891,0.0,4.9889,8.529385,1.798876,29,193,98,2,0.20855820,0.00902045,0.00297427,0E-8,0.000000,0.900656,0.000000,0.00763944,2026-03-21,2026-08-06,87,1920,882,139,0.625899,0.863400,0.891889,0.695194,,,,,,,,GLOBAL_BASELINE_NO_ENTITY_RANKING,,,NOT_APPLICABLE_GLOBAL_BASELINE,HF9g-P5,,,,X 全窗基线 · 不参与实体赏罚,8396353,840,A168_HF9F_20260827_0900,2026-08-27 09:00:00
2026-04-18,54653530,1385,0,5.2351909536,4.9734314059,4.9734314059,1.0000000,1,1,0.50665070000000000,0.506650700000,0.9867858985152569,0.9867858985152569,0.9867858985152569,0E-17,ELIGIBLE,R03b_20260811_FULL_v1,L1_ELIGIBILITY,v2026-08-11,2026-03-21..2026-08-06,baccarat_bet02_101_all_pairs_incl_sentinel,round_win = game_pnl > 0 (decisive only),COMPATIBILITY_ONLY_NOT_PRODUCTION,53571.4227,48249.4483,483.2383,5739,5738,-0.00902045,-0.00297427,-0.01061372,-0.00902045,-483.2383,53571.4227,OK,0.0000,19.3295,4.0000,96.0000,AG03-UNRESOLVED,ALL5_LEVELS_bet23_to_bet27,19.3295,19.3295,24.1619,0.0000,0.0000,4.000000,4.000000,5.000000,0.000000,0.000000,96.000000,96.000000,95.000000,100.000000,100.000000,5.0,62.8210,60.1535,420.4173,423.0848,PENDING_AG03,FALSE,NOT_FOR_ENFORCEMENT,463.9088,46319.4703,483.2383,463.9088,19.3295,0.00902045,0.00865963,19.3295,463.9088,0.00865963,19.3295,19.3295,24.1619,0.0000,0.0000,463.9088,0.00865963,62.8210,60.1535,420.4173,423.0848,0.00784779,0.00789758,0.00036082,9.3346,8.4088,0.0842,5.5545,0.2517,615.7635,65.9540,8.3255,9.6426,5.1431,5.1891,8.2617,16.7816,25.8881,44.2602,5.1891,0.0,4.9889,8.529385,1.798876,29,193,98,2,0.20855820,0.00902045,0.00297427,0E-8,0.000000,0.900656,0.000000,0.00763944,2026-03-21,2026-08-06,87,1920,882,139,0.625899,0.863400,0.891889,0.695194,,,,,,,,GLOBAL_BASELINE_NO_ENTITY_RANKING,,,NOT_APPLICABLE_GLOBAL_BASELINE,HF9g-P5,,,,X 全窗基线 · 不参与实体赏罚,8396354,840,A168_HF9F_20260827_0900,2026-08-27 09:00:00
2026-04-18,54653530,1750,0,83.2395361621,-83.2395361621,-83.2395361621,0E-7,4,4,0.50665070000000000,0.506650700000,-2.026782104415204,-2.026782104415204,-2.026782104415204,0E-17,ELIGIBLE,R03b_20260811_FULL_v1,L1_ELIGIBILITY,v2026-08-11,2026-03-21..2026-08-06,baccarat_bet02_101_all_pairs_incl_sentinel,round_win = game_pnl > 0 (decisive only),COMPATIBILITY_ONLY_NOT_PRODUCTION,53571.4227,48249.4483,483.2383,5739,5738,-0.00902045,-0.00297427,-0.01061372,-0.00902045,-483.2383,53571.4227,OK,0.0000,19.3295,4.0000,96.0000,AG03-UNRESOLVED,ALL5_LEVELS_bet23_to_bet27,19.3295,19.3295,24.1619,0.0000,0.0000,4.000000,4.000000,5.000000,0.000000,0.000000,96.000000,96.000000,95.000000,100.000000,100.000000,5.0,62.8210,60.1535,420.4173,423.0848,PENDING_AG03,FALSE,NOT_FOR_ENFORCEMENT,463.9088,46319.4703,483.2383,463.9088,19.3295,0.00902045,0.00865963,19.3295,463.9088,0.00865963,19.3295,19.3295,24.1619,0.0000,0.0000,463.9088,0.00865963,62.8210,60.1535,420.4173,423.0848,0.00784779,0.00789758,0.00036082,9.3346,8.4088,0.0842,5.5545,0.2517,615.7635,65.9540,8.3255,9.6426,5.1431,5.1891,8.2617,16.7816,25.8881,44.2602,5.1891,0.0,4.9889,8.529385,1.798876,29,193,98,2,0.20855820,0.00902045,0.00297427,0E-8,0.000000,0.900656,0.000000,0.00763944,2026-03-21,2026-08-06,87,1920,882,139,0.625899,0.863400,0.891889,0.695194,,,,,,,,GLOBAL_BASELINE_NO_ENTITY_RANKING,,,NOT_APPLICABLE_GLOBAL_BASELINE,HF9g-P5,,,,X 全窗基线 · 不参与实体赏罚,8396355,840,A168_HF9F_20260827_0900,2026-08-27 09:00:00
2026-04-18,54653530,2141,0,179.5670497081,-114.6506818836,-114.6506818836,0E-7,5,5,0.50665070000000000,0.506650700000,-2.026782104415204,-2.026782104415204,-2.026782104415204,0E-17,ELIGIBLE,R03b_20260811_FULL_v1,L1_ELIGIBILITY,v2026-08-11,2026-03-21..2026-08-06,baccarat_bet02_101_all_pairs_incl_sentinel,round_win = game_pnl > 0 (decisive only),COMPATIBILITY_ONLY_NOT_PRODUCTION,53571.4227,48249.4483,483.2383,5739,5738,-0.00902045,-0.00297427,-0.01061372,-0.00902045,-483.2383,53571.4227,OK,0.0000,19.3295,4.0000,96.0000,AG03-UNRESOLVED,ALL5_LEVELS_bet23_to_bet27,19.3295,19.3295,24.1619,0.0000,0.0000,4.000000,4.000000,5.000000,0.000000,0.000000,96.000000,96.000000,95.000000,100.000000,100.000000,5.0,62.8210,60.1535,420.4173,423.0848,PENDING_AG03,FALSE,NOT_FOR_ENFORCEMENT,463.9088,46319.4703,483.2383,463.9088,19.3295,0.00902045,0.00865963,19.3295,463.9088,0.00865963,19.3295,19.3295,24.1619,0.0000,0.0000,463.9088,0.00865963,62.8210,60.1535,420.4173,423.0848,0.00784779,0.00789758,0.00036082,9.3346,8.4088,0.0842,5.5545,0.2517,615.7635,65.9540,8.3255,9.6426,5.1431,5.1891,8.2617,16.7816,25.8881,44.2602,5.1891,0.0,4.9889,8.529385,1.798876,29,193,98,2,0.20855820,0.00902045,0.00297427,0E-8,0.000000,0.900656,0.000000,0.00763944,2026-03-21,2026-08-06,87,1920,882,139,0.625899,0.863400,0.891889,0.695194,,,,,,,,GLOBAL_BASELINE_NO_ENTITY_RANKING,,,NOT_APPLICABLE_GLOBAL_BASELINE,HF9g-P5,,,,X 全窗基线 · 不参与实体赏罚,8396356,840,A168_HF9F_20260827_0900,2026-08-27 09:00:00
2026-04-18,54653530,2251,0,34.0287411983,21.8700102086,21.8700102086,0.8000000,5,5,0.50396966000000000,0.503969660000,1.3239296534401845,1.3239296534401845,1.3239296534401845,0E-17,ELIGIBLE,R03b_20260811_FULL_v1,L1_ELIGIBILITY,v2026-08-11,2026-03-21..2026-08-06,baccarat_bet02_101_all_pairs_incl_sentinel,round_win = game_pnl > 0 (decisive only),COMPATIBILITY_ONLY_NOT_PRODUCTION,53571.4227,48249.4483,483.2383,5739,5738,-0.00902045,-0.00297427,-0.01061372,-0.00902045,-483.2383,53571.4227,OK,0.0000,19.3295,4.0000,96.0000,AG03-UNRESOLVED,ALL5_LEVELS_bet23_to_bet27,19.3295,19.3295,24.1619,0.0000,0.0000,4.000000,4.000000,5.000000,0.000000,0.000000,96.000000,96.000000,95.000000,100.000000,100.000000,5.0,62.8210,60.1535,420.4173,423.0848,PENDING_AG03,FALSE,NOT_FOR_ENFORCEMENT,463.9088,46319.4703,483.2383,463.9088,19.3295,0.00902045,0.00865963,19.3295,463.9088,0.00865963,19.3295,19.3295,24.1619,0.0000,0.0000,463.9088,0.00865963,62.8210,60.1535,420.4173,423.0848,0.00784779,0.00789758,0.00036082,9.3346,8.4088,0.0842,5.5545,0.2517,615.7635,65.9540,8.3255,9.6426,5.1431,5.1891,8.2617,16.7816,25.8881,44.2602,5.1891,0.0,4.9889,8.529385,1.798876,29,193,98,2,0.20855820,0.00902045,0.00297427,0E-8,0.000000,0.900656,0.000000,0.00763944,2026-03-21,2026-08-06,87,1920,882,139,0.625899,0.863400,0.891889,0.695194,,,,,,,,GLOBAL_BASELINE_NO_ENTITY_RANKING,,,NOT_APPLICABLE_GLOBAL_BASELINE,HF9g-P5,,,,X 全窗基线 · 不参与实体赏罚,8396357,840,A168_HF9F_20260827_0900,2026-08-27 09:00:00
2026-04-18,54653530,550,0,6.5439886920,6.2167892574,6.2167892574,1.0000000,1,1,0.50665070000000000,0.506650700000,0.9867858985152569,0.9867858985152569,0.9867858985152569,0E-17,ELIGIBLE,R03b_20260811_FULL_v1,L1_ELIGIBILITY,v2026-08-11,2026-03-21..2026-08-06,baccarat_bet02_101_all_pairs_incl_sentinel,round_win = game_pnl > 0 (decisive only),COMPATIBILITY_ONLY_NOT_PRODUCTION,53571.4227,48249.4483,483.2383,5739,5738,-0.00902045,-0.00297427,-0.01061372,-0.00902045,-483.2383,53571.4227,OK,0.0000,19.3295,4.0000,96.0000,AG03-UNRESOLVED,ALL5_LEVELS_bet23_to_bet27,19.3295,19.3295,24.1619,0.0000,0.0000,4.000000,4.000000,5.000000,0.000000,0.000000,96.000000,96.000000,95.000000,100.000000,100.000000,5.0,62.8210,60.1535,420.4173,423.0848,PENDING_AG03,FALSE,NOT_FOR_ENFORCEMENT,463.9088,46319.4703,483.2383,463.9088,19.3295,0.00902045,0.00865963,19.3295,463.9088,0.00865963,19.3295,19.3295,24.1619,0.0000,0.0000,463.9088,0.00865963,62.8210,60.1535,420.4173,423.0848,0.00784779,0.00789758,0.00036082,9.3346,8.4088,0.0842,5.5545,0.2517,615.7635,65.9540,8.3255,9.6426,5.1431,5.1891,8.2617,16.7816,25.8881,44.2602,5.1891,0.0,4.9889,8.529385,1.798876,29,193,98,2,0.20855820,0.00902045,0.00297427,0E-8,0.000000,0.900656,0.000000,0.00763944,2026-03-21,2026-08-06,87,1920,882,139,0.625899,0.863400,0.891889,0.695194,,,,,,,,GLOBAL_BASELINE_NO_ENTITY_RANKING,,,NOT_APPLICABLE_GLOBAL_BASELINE,HF9g-P5,,,,X 全窗基线 · 不参与实体赏罚,8396358,840,A168_HF9F_20260827_0900,2026-08-27 09:00:00
2026-04-21,54653530,1109,0,41.0962489857,13.8732560271,13.8732560271,0.6000000,5,5,0.49592654000000000,0.495926540000,0.46544610904919037,0.46544610904919037,0.46544610904919037,0E-17,ELIGIBLE,R03b_20260811_FULL_v1,L1_ELIGIBILITY,v2026-08-11,2026-03-21..2026-08-06,baccarat_bet02_101_all_pairs_incl_sentinel,round_win = game_pnl > 0 (decisive only),COMPATIBILITY_ONLY_NOT_PRODUCTION,53571.4227,48249.4483,483.2383,5739,5738,-0.00902045,-0.00297427,-0.01061372,-0.00902045,-483.2383,53571.4227,OK,0.0000,19.3295,4.0000,96.0000,AG03-UNRESOLVED,ALL5_LEVELS_bet23_to_bet27,19.3295,19.3295,24.1619,0.0000,0.0000,4.000000,4.000000,5.000000,0.000000,0.000000,96.000000,96.000000,95.000000,100.000000,100.000000,5.0,62.8210,60.1535,420.4173,423.0848,PENDING_AG03,FALSE,NOT_FOR_ENFORCEMENT,463.9088,46319.4703,483.2383,463.9088,19.3295,0.00902045,0.00865963,19.3295,463.9088,0.00865963,19.3295,19.3295,24.1619,0.0000,0.0000,463.9088,0.00865963,62.8210,60.1535,420.4173,423.0848,0.00784779,0.00789758,0.00036082,9.3346,8.4088,0.0842,5.5545,0.2517,615.7635,65.9540,8.3255,9.6426,5.1431,5.1891,8.2617,16.7816,25.8881,44.2602,5.1891,0.0,4.9889,8.529385,1.798876,29,193,98,2,0.20855820,0.00902045,0.00297427,0E-8,0.000000,0.900656,0.000000,0.00763944,2026-03-21,2026-08-06,87,1920,882,139,0.625899,0.863400,0.891889,0.695194,,,,,,,,GLOBAL_BASELINE_NO_ENTITY_RANKING,,,NOT_APPLICABLE_GLOBAL_BASELINE,HF9g-P5,,,,X 全窗基线 · 不参与实体赏罚,8396359,840,A168_HF9F_20260827_0900,2026-08-27 09:00:00
2026-04-21,54653530,2169,0,15.7055728608,-15.7055728608,-15.7055728608,0E-7,2,2,0.50665070000000000,0.506650700000,-1.4331513700195317,-1.4331513700195317,-1.4331513700195317,0E-17,ELIGIBLE,R03b_20260811_FULL_v1,L1_ELIGIBILITY,v2026-08-11,2026-03-21..2026-08-06,baccarat_bet02_101_all_pairs_incl_sentinel,round_win = game_pnl > 0 (decisive only),COMPATIBILITY_ONLY_NOT_PRODUCTION,53571.4227,48249.4483,483.2383,5739,5738,-0.00902045,-0.00297427,-0.01061372,-0.00902045,-483.2383,53571.4227,OK,0.0000,19.3295,4.0000,96.0000,AG03-UNRESOLVED,ALL5_LEVELS_bet23_to_bet27,19.3295,19.3295,24.1619,0.0000,0.0000,4.000000,4.000000,5.000000,0.000000,0.000000,96.000000,96.000000,95.000000,100.000000,100.000000,5.0,62.8210,60.1535,420.4173,423.0848,PENDING_AG03,FALSE,NOT_FOR_ENFORCEMENT,463.9088,46319.4703,483.2383,463.9088,19.3295,0.00902045,0.00865963,19.3295,463.9088,0.00865963,19.3295,19.3295,24.1619,0.0000,0.0000,463.9088,0.00865963,62.8210,60.1535,420.4173,423.0848,0.00784779,0.00789758,0.00036082,9.3346,8.4088,0.0842,5.5545,0.2517,615.7635,65.9540,8.3255,9.6426,5.1431,5.1891,8.2617,16.7816,25.8881,44.2602,5.1891,0.0,4.9889,8.529385,1.798876,29,193,98,2,0.20855820,0.00902045,0.00297427,0E-8,0.000000,0.900656,0.000000,0.00763944,2026-03-21,2026-08-06,87,1920,882,139,0.625899,0.863400,0.891889,0.695194,,,,,,,,GLOBAL_BASELINE_NO_ENTITY_RANKING,,,NOT_APPLICABLE_GLOBAL_BASELINE,HF9g-P5,,,,X 全窗基线 · 不参与实体赏罚,8396360,840,A168_HF9F_20260827_0900,2026-08-27 09:00:00
2026-04-21,54653530,2174,0,55.7547836558,-55.7547836558,-55.7547836558,0E-7,2,2,0.50665070000000000,0.506650700000,-1.4331513700195317,-1.4331513700195317,-1.4331513700195317,0E-17,ELIGIBLE,R03b_20260811_FULL_v1,L1_ELIGIBILITY,v2026-08-11,2026-03-21..2026-08-06,baccarat_bet02_101_all_pairs_incl_sentinel,round_win = game_pnl > 0 (decisive only),COMPATIBILITY_ONLY_NOT_PRODUCTION,53571.4227,48249.4483,483.2383,5739,5738,-0.00902045,-0.00297427,-0.01061372,-0.00902045,-483.2383,53571.4227,OK,0.0000,19.3295,4.0000,96.0000,AG03-UNRESOLVED,ALL5_LEVELS_bet23_to_bet27,19.3295,19.3295,24.1619,0.0000,0.0000,4.000000,4.000000,5.000000,0.000000,0.000000,96.000000,96.000000,95.000000,100.000000,100.000000,5.0,62.8210,60.1535,420.4173,423.0848,PENDING_AG03,FALSE,NOT_FOR_ENFORCEMENT,463.9088,46319.4703,483.2383,463.9088,19.3295,0.00902045,0.00865963,19.3295,463.9088,0.00865963,19.3295,19.3295,24.1619,0.0000,0.0000,463.9088,0.00865963,62.8210,60.1535,420.4173,423.0848,0.00784779,0.00789758,0.00036082,9.3346,8.4088,0.0842,5.5545,0.2517,615.7635,65.9540,8.3255,9.6426,5.1431,5.1891,8.2617,16.7816,25.8881,44.2602,5.1891,0.0,4.9889,8.529385,1.798876,29,193,98,2,0.20855820,0.00902045,0.00297427,0E-8,0.000000,0.900656,0.000000,0.00763944,2026-03-21,2026-08-06,87,1920,882,139,0.625899,0.863400,0.891889,0.695194,,,,,,,,GLOBAL_BASELINE_NO_ENTITY_RANKING,,,NOT_APPLICABLE_GLOBAL_BASELINE,HF9g-P5,,,,X 全窗基线 · 不参与实体赏罚,8396361,840,A168_HF9F_20260827_0900,2026-08-27 09:00:00
2026-04-22,54653530,1331,0,15.7055728608,-15.7055728608,-15.7055728608,0E-7,2,2,0.50665070000000000,0.506650700000,-1.4331513700195317,-1.4331513700195317,-1.4331513700195317,0E-17,ELIGIBLE,R03b_20260811_FULL_v1,L1_ELIGIBILITY,v2026-08-11,2026-03-21..2026-08-06,baccarat_bet02_101_all_pairs_incl_sentinel,round_win = game_pnl > 0 (decisive only),COMPATIBILITY_ONLY_NOT_PRODUCTION,53571.4227,48249.4483,483.2383,5739,5738,-0.00902045,-0.00297427,-0.01061372,-0.00902045,-483.2383,53571.4227,OK,0.0000,19.3295,4.0000,96.0000,AG03-UNRESOLVED,ALL5_LEVELS_bet23_to_bet27,19.3295,19.3295,24.1619,0.0000,0.0000,4.000000,4.000000,5.000000,0.000000,0.000000,96.000000,96.000000,95.000000,100.000000,100.000000,5.0,62.8210,60.1535,420.4173,423.0848,PENDING_AG03,FALSE,NOT_FOR_ENFORCEMENT,463.9088,46319.4703,483.2383,463.9088,19.3295,0.00902045,0.00865963,19.3295,463.9088,0.00865963,19.3295,19.3295,24.1619,0.0000,0.0000,463.9088,0.00865963,62.8210,60.1535,420.4173,423.0848,0.00784779,0.00789758,0.00036082,9.3346,8.4088,0.0842,5.5545,0.2517,615.7635,65.9540,8.3255,9.6426,5.1431,5.1891,8.2617,16.7816,25.8881,44.2602,5.1891,0.0,4.9889,8.529385,1.798876,29,193,98,2,0.20855820,0.00902045,0.00297427,0E-8,0.000000,0.900656,0.000000,0.00763944,2026-03-21,2026-08-06,87,1920,882,139,0.625899,0.863400,0.891889,0.695194,,,,,,,,GLOBAL_BASELINE_NO_ENTITY_RANKING,,,NOT_APPLICABLE_GLOBAL_BASELINE,HF9g-P5,,,,X 全窗基线 · 不参与实体赏罚,8396362,840,A168_HF9F_20260827_0900,2026-08-27 09:00:00
2026-04-24,54653530,1004,0,36.6463366752,4.1881527628,4.1881527628,0.3333333,3,3,0.50665070000000000,0.506650700000,-0.6004420894325239,-0.6004420894325239,-0.6004420894325239,0E-17,ELIGIBLE,R03b_20260811_FULL_v1,L1_ELIGIBILITY,v2026-08-11,2026-03-21..2026-08-06,baccarat_bet02_101_all_pairs_incl_sentinel,round_win = game_pnl > 0 (decisive only),COMPATIBILITY_ONLY_NOT_PRODUCTION,53571.4227,48249.4483,483.2383,5739,5738,-0.00902045,-0.00297427,-0.01061372,-0.00902045,-483.2383,53571.4227,OK,0.0000,19.3295,4.0000,96.0000,AG03-UNRESOLVED,ALL5_LEVELS_bet23_to_bet27,19.3295,19.3295,24.1619,0.0000,0.0000,4.000000,4.000000,5.000000,0.000000,0.000000,96.000000,96.000000,95.000000,100.000000,100.000000,5.0,62.8210,60.1535,420.4173,423.0848,PENDING_AG03,FALSE,NOT_FOR_ENFORCEMENT,463.9088,46319.4703,483.2383,463.9088,19.3295,0.00902045,0.00865963,19.3295,463.9088,0.00865963,19.3295,19.3295,24.1619,0.0000,0.0000,463.9088,0.00865963,62.8210,60.1535,420.4173,423.0848,0.00784779,0.00789758,0.00036082,9.3346,8.4088,0.0842,5.5545,0.2517,615.7635,65.9540,8.3255,9.6426,5.1431,5.1891,8.2617,16.7816,25.8881,44.2602,5.1891,0.0,4.9889,8.529385,1.798876,29,193,98,2,0.20855820,0.00902045,0.00297427,0E-8,0.000000,0.900656,0.000000,0.00763944,2026-03-21,2026-08-06,87,1920,882,139,0.625899,0.863400,0.891889,0.695194,,,,,,,,GLOBAL_BASELINE_NO_ENTITY_RANKING,,,NOT_APPLICABLE_GLOBAL_BASELINE,HF9g-P5,,,,X 全窗基线 · 不参与实体赏罚,8396363,840,A168_HF9F_20260827_0900,2026-08-27 09:00:00
2026-04-24,54653530,1994,0,5.2351909536,5.2351909536,5.2351909536,1.0000000,1,1,0.49324550000000000,0.493245500000,1.01360149184955,1.01360149184955,1.01360149184955,0E-17,ELIGIBLE,R03b_20260811_FULL_v1,L1_ELIGIBILITY,v2026-08-11,2026-03-21..2026-08-06,baccarat_bet02_101_all_pairs_incl_sentinel,round_win = game_pnl > 0 (decisive only),COMPATIBILITY_ONLY_NOT_PRODUCTION,53571.4227,48249.4483,483.2383,5739,5738,-0.00902045,-0.00297427,-0.01061372,-0.00902045,-483.2383,53571.4227,OK,0.0000,19.3295,4.0000,96.0000,AG03-UNRESOLVED,ALL5_LEVELS_bet23_to_bet27,19.3295,19.3295,24.1619,0.0000,0.0000,4.000000,4.000000,5.000000,0.000000,0.000000,96.000000,96.000000,95.000000,100.000000,100.000000,5.0,62.8210,60.1535,420.4173,423.0848,PENDING_AG03,FALSE,NOT_FOR_ENFORCEMENT,463.9088,46319.4703,483.2383,463.9088,19.3295,0.00902045,0.00865963,19.3295,463.9088,0.00865963,19.3295,19.3295,24.1619,0.0000,0.0000,463.9088,0.00865963,62.8210,60.1535,420.4173,423.0848,0.00784779,0.00789758,0.00036082,9.3346,8.4088,0.0842,5.5545,0.2517,615.7635,65.9540,8.3255,9.6426,5.1431,5.1891,8.2617,16.7816,25.8881,44.2602,5.1891,0.0,4.9889,8.529385,1.798876,29,193,98,2,0.20855820,0.00902045,0.00297427,0E-8,0.000000,0.900656,0.000000,0.00763944,2026-03-21,2026-08-06,87,1920,882,139,0.625899,0.863400,0.891889,0.695194,,,,,,,,GLOBAL_BASELINE_NO_ENTITY_RANKING,,,NOT_APPLICABLE_GLOBAL_BASELINE,HF9g-P5,,,,X 全窗基线 · 不参与实体赏罚,8396364,840,A168_HF9F_20260827_0900,2026-08-27 09:00:00
2026-04-24,54653530,2244,0,14.3967751224,3.4683140067,3.4683140067,0.5000000,2,2,0.50665070000000000,0.506650700000,-0.018812684590367487,-0.018812684590367487,-0.018812684590367487,0E-17,ELIGIBLE,R03b_20260811_FULL_v1,L1_ELIGIBILITY,v2026-08-11,2026-03-21..2026-08-06,baccarat_bet02_101_all_pairs_incl_sentinel,round_win = game_pnl > 0 (decisive only),COMPATIBILITY_ONLY_NOT_PRODUCTION,53571.4227,48249.4483,483.2383,5739,5738,-0.00902045,-0.00297427,-0.01061372,-0.00902045,-483.2383,53571.4227,OK,0.0000,19.3295,4.0000,96.0000,AG03-UNRESOLVED,ALL5_LEVELS_bet23_to_bet27,19.3295,19.3295,24.1619,0.0000,0.0000,4.000000,4.000000,5.000000,0.000000,0.000000,96.000000,96.000000,95.000000,100.000000,100.000000,5.0,62.8210,60.1535,420.4173,423.0848,PENDING_AG03,FALSE,NOT_FOR_ENFORCEMENT,463.9088,46319.4703,483.2383,463.9088,19.3295,0.00902045,0.00865963,19.3295,463.9088,0.00865963,19.3295,19.3295,24.1619,0.0000,0.0000,463.9088,0.00865963,62.8210,60.1535,420.4173,423.0848,0.00784779,0.00789758,0.00036082,9.3346,8.4088,0.0842,5.5545,0.2517,615.7635,65.9540,8.3255,9.6426,5.1431,5.1891,8.2617,16.7816,25.8881,44.2602,5.1891,0.0,4.9889,8.529385,1.798876,29,193,98,2,0.20855820,0.00902045,0.00297427,0E-8,0.000000,0.900656,0.000000,0.00763944,2026-03-21,2026-08-06,87,1920,882,139,0.625899,0.863400,0.891889,0.695194,,,,,,,,GLOBAL_BASELINE_NO_ENTITY_RANKING,,,NOT_APPLICABLE_GLOBAL_BASELINE,HF9g-P5,,,,X 全窗基线 · 不参与实体赏罚,8396365,840,A168_HF9F_20260827_0900,2026-08-27 09:00:00
2026-04-24,54653530,2261,0,61.7752532524,4.1881527628,4.1881527628,0.2500000,4,4,0.49324550000000000,0.493245500000,-0.9730707933947887,-0.9730707933947887,-0.9730707933947887,0E-17,ELIGIBLE,R03b_20260811_FULL_v1,L1_ELIGIBILITY,v2026-08-11,2026-03-21..2026-08-06,baccarat_bet02_101_all_pairs_incl_sentinel,round_win = game_pnl > 0 (decisive only),COMPATIBILITY_ONLY_NOT_PRODUCTION,53571.4227,48249.4483,483.2383,5739,5738,-0.00902045,-0.00297427,-0.01061372,-0.00902045,-483.2383,53571.4227,OK,0.0000,19.3295,4.0000,96.0000,AG03-UNRESOLVED,ALL5_LEVELS_bet23_to_bet27,19.3295,19.3295,24.1619,0.0000,0.0000,4.000000,4.000000,5.000000,0.000000,0.000000,96.000000,96.000000,95.000000,100.000000,100.000000,5.0,62.8210,60.1535,420.4173,423.0848,PENDING_AG03,FALSE,NOT_FOR_ENFORCEMENT,463.9088,46319.4703,483.2383,463.9088,19.3295,0.00902045,0.00865963,19.3295,463.9088,0.00865963,19.3295,19.3295,24.1619,0.0000,0.0000,463.9088,0.00865963,62.8210,60.1535,420.4173,423.0848,0.00784779,0.00789758,0.00036082,9.3346,8.4088,0.0842,5.5545,0.2517,615.7635,65.9540,8.3255,9.6426,5.1431,5.1891,8.2617,16.7816,25.8881,44.2602,5.1891,0.0,4.9889,8.529385,1.798876,29,193,98,2,0.20855820,0.00902045,0.00297427,0E-8,0.000000,0.900656,0.000000,0.00763944,2026-03-21,2026-08-06,87,1920,882,139,0.625899,0.863400,0.891889,0.695194,,,,,,,,GLOBAL_BASELINE_NO_ENTITY_RANKING,,,NOT_APPLICABLE_GLOBAL_BASELINE,HF9g-P5,,,,X 全窗基线 · 不参与实体赏罚,8396366,840,A168_HF9F_20260827_0900,2026-08-27 09:00:00
2026-04-25,54653530,1004,0,17.0143705992,5.9550297097,5.9550297097,0.5000000,2,2,0.50665070000000000,0.506650700000,-0.018812684590367487,-0.018812684590367487,-0.018812684590367487,0E-17,ELIGIBLE,R03b_20260811_FULL_v1,L1_ELIGIBILITY,v2026-08-11,2026-03-21..2026-08-06,baccarat_bet02_101_all_pairs_incl_sentinel,round_win = game_pnl > 0 (decisive only),COMPATIBILITY_ONLY_NOT_PRODUCTION,53571.4227,48249.4483,483.2383,5739,5738,-0.00902045,-0.00297427,-0.01061372,-0.00902045,-483.2383,53571.4227,OK,0.0000,19.3295,4.0000,96.0000,AG03-UNRESOLVED,ALL5_LEVELS_bet23_to_bet27,19.3295,19.3295,24.1619,0.0000,0.0000,4.000000,4.000000,5.000000,0.000000,0.000000,96.000000,96.000000,95.000000,100.000000,100.000000,5.0,62.8210,60.1535,420.4173,423.0848,PENDING_AG03,FALSE,NOT_FOR_ENFORCEMENT,463.9088,46319.4703,483.2383,463.9088,19.3295,0.00902045,0.00865963,19.3295,463.9088,0.00865963,19.3295,19.3295,24.1619,0.0000,0.0000,463.9088,0.00865963,62.8210,60.1535,420.4173,423.0848,0.00784779,0.00789758,0.00036082,9.3346,8.4088,0.0842,5.5545,0.2517,615.7635,65.9540,8.3255,9.6426,5.1431,5.1891,8.2617,16.7816,25.8881,44.2602,5.1891,0.0,4.9889,8.529385,1.798876,29,193,98,2,0.20855820,0.00902045,0.00297427,0E-8,0.000000,0.900656,0.000000,0.00763944,2026-03-21,2026-08-06,87,1920,882,139,0.625899,0.863400,0.891889,0.695194,,,,,,,,GLOBAL_BASELINE_NO_ENTITY_RANKING,,,NOT_APPLICABLE_GLOBAL_BASELINE,HF9g-P5,,,,X 全窗基线 · 不参与实体赏罚,8396367,840,A168_HF9F_20260827_0900,2026-08-27 09:00:00
2026-04-25,54653530,1205,0,114.3889223360,-104.1802999765,-104.1802999765,0.1666667,6,6,0.50218230000000000,0.502182300000,-1.6436998608832374,-1.6436998608832374,-1.6436998608832374,0E-17,ELIGIBLE,R03b_20260811_FULL_v1,L1_ELIGIBILITY,v2026-08-11,2026-03-21..2026-08-06,baccarat_bet02_101_all_pairs_incl_sentinel,round_win = game_pnl > 0 (decisive only),COMPATIBILITY_ONLY_NOT_PRODUCTION,53571.4227,48249.4483,483.2383,5739,5738,-0.00902045,-0.00297427,-0.01061372,-0.00902045,-483.2383,53571.4227,OK,0.0000,19.3295,4.0000,96.0000,AG03-UNRESOLVED,ALL5_LEVELS_bet23_to_bet27,19.3295,19.3295,24.1619,0.0000,0.0000,4.000000,4.000000,5.000000,0.000000,0.000000,96.000000,96.000000,95.000000,100.000000,100.000000,5.0,62.8210,60.1535,420.4173,423.0848,PENDING_AG03,FALSE,NOT_FOR_ENFORCEMENT,463.9088,46319.4703,483.2383,463.9088,19.3295,0.00902045,0.00865963,19.3295,463.9088,0.00865963,19.3295,19.3295,24.1619,0.0000,0.0000,463.9088,0.00865963,62.8210,60.1535,420.4173,423.0848,0.00784779,0.00789758,0.00036082,9.3346,8.4088,0.0842,5.5545,0.2517,615.7635,65.9540,8.3255,9.6426,5.1431,5.1891,8.2617,16.7816,25.8881,44.2602,5.1891,0.0,4.9889,8.529385,1.798876,29,193,98,2,0.20855820,0.00902045,0.00297427,0E-8,0.000000,0.900656,0.000000,0.00763944,2026-03-21,2026-08-06,87,1920,882,139,0.625899,0.863400,0.891889,0.695194,,,,,,,,GLOBAL_BASELINE_NO_ENTITY_RANKING,,,NOT_APPLICABLE_GLOBAL_BASELINE,HF9g-P5,,,,X 全窗基线 · 不参与实体赏罚,8396368,840,A168_HF9F_20260827_0900,2026-08-27 09:00:00
2026-04-25,54653530,1396,0,5.2351909536,-5.2351909536,-5.2351909536,0E-7,1,1,0.50665070000000000,0.506650700000,-1.013391052207602,-1.013391052207602,-1.013391052207602,0E-17,ELIGIBLE,R03b_20260811_FULL_v1,L1_ELIGIBILITY,v2026-08-11,2026-03-21..2026-08-06,baccarat_bet02_101_all_pairs_incl_sentinel,round_win = game_pnl > 0 (decisive only),COMPATIBILITY_ONLY_NOT_PRODUCTION,53571.4227,48249.4483,483.2383,5739,5738,-0.00902045,-0.00297427,-0.01061372,-0.00902045,-483.2383,53571.4227,OK,0.0000,19.3295,4.0000,96.0000,AG03-UNRESOLVED,ALL5_LEVELS_bet23_to_bet27,19.3295,19.3295,24.1619,0.0000,0.0000,4.000000,4.000000,5.000000,0.000000,0.000000,96.000000,96.000000,95.000000,100.000000,100.000000,5.0,62.8210,60.1535,420.4173,423.0848,PENDING_AG03,FALSE,NOT_FOR_ENFORCEMENT,463.9088,46319.4703,483.2383,463.9088,19.3295,0.00902045,0.00865963,19.3295,463.9088,0.00865963,19.3295,19.3295,24.1619,0.0000,0.0000,463.9088,0.00865963,62.8210,60.1535,420.4173,423.0848,0.00784779,0.00789758,0.00036082,9.3346,8.4088,0.0842,5.5545,0.2517,615.7635,65.9540,8.3255,9.6426,5.1431,5.1891,8.2617,16.7816,25.8881,44.2602,5.1891,0.0,4.9889,8.529385,1.798876,29,193,98,2,0.20855820,0.00902045,0.00297427,0E-8,0.000000,0.900656,0.000000,0.00763944,2026-03-21,2026-08-06,87,1920,882,139,0.625899,0.863400,0.891889,0.695194,,,,,,,,GLOBAL_BASELINE_NO_ENTITY_RANKING,,,NOT_APPLICABLE_GLOBAL_BASELINE,HF9g-P5,,,,X 全窗基线 · 不参与实体赏罚,8396369,840,A168_HF9F_20260827_0900,2026-08-27 09:00:00
2026-04-25,54653530,2083,0,5.2351909536,4.9734314059,4.9734314059,1.0000000,1,1,0.50665070000000000,0.506650700000,0.9867858985152569,0.9867858985152569,0.9867858985152569,0E-17,ELIGIBLE,R03b_20260811_FULL_v1,L1_ELIGIBILITY,v2026-08-11,2026-03-21..2026-08-06,baccarat_bet02_101_all_pairs_incl_sentinel,round_win = game_pnl > 0 (decisive only),COMPATIBILITY_ONLY_NOT_PRODUCTION,53571.4227,48249.4483,483.2383,5739,5738,-0.00902045,-0.00297427,-0.01061372,-0.00902045,-483.2383,53571.4227,OK,0.0000,19.3295,4.0000,96.0000,AG03-UNRESOLVED,ALL5_LEVELS_bet23_to_bet27,19.3295,19.3295,24.1619,0.0000,0.0000,4.000000,4.000000,5.000000,0.000000,0.000000,96.000000,96.000000,95.000000,100.000000,100.000000,5.0,62.8210,60.1535,420.4173,423.0848,PENDING_AG03,FALSE,NOT_FOR_ENFORCEMENT,463.9088,46319.4703,483.2383,463.9088,19.3295,0.00902045,0.00865963,19.3295,463.9088,0.00865963,19.3295,19.3295,24.1619,0.0000,0.0000,463.9088,0.00865963,62.8210,60.1535,420.4173,423.0848,0.00784779,0.00789758,0.00036082,9.3346,8.4088,0.0842,5.5545,0.2517,615.7635,65.9540,8.3255,9.6426,5.1431,5.1891,8.2617,16.7816,25.8881,44.2602,5.1891,0.0,4.9889,8.529385,1.798876,29,193,98,2,0.20855820,0.00902045,0.00297427,0E-8,0.000000,0.900656,0.000000,0.00763944,2026-03-21,2026-08-06,87,1920,882,139,0.625899,0.863400,0.891889,0.695194,,,,,,,,GLOBAL_BASELINE_NO_ENTITY_RANKING,,,NOT_APPLICABLE_GLOBAL_BASELINE,HF9g-P5,,,,X 全窗基线 · 不参与实体赏罚,8396370,840,A168_HF9F_20260827_0900,2026-08-27 09:00:00
2026-04-25,54653530,2088,0,44.4991231056,13.0879773840,13.0879773840,0.5000000,4,4,0.49994810000000000,0.499948100000,0.00020760000111838688,0.00020760000111838688,0.00020760000111838688,0E-17,ELIGIBLE,R03b_20260811_FULL_v1,L1_ELIGIBILITY,v2026-08-11,2026-03-21..2026-08-06,baccarat_bet02_101_all_pairs_incl_sentinel,round_win = game_pnl > 0 (decisive only),COMPATIBILITY_ONLY_NOT_PRODUCTION,53571.4227,48249.4483,483.2383,5739,5738,-0.00902045,-0.00297427,-0.01061372,-0.00902045,-483.2383,53571.4227,OK,0.0000,19.3295,4.0000,96.0000,AG03-UNRESOLVED,ALL5_LEVELS_bet23_to_bet27,19.3295,19.3295,24.1619,0.0000,0.0000,4.000000,4.000000,5.000000,0.000000,0.000000,96.000000,96.000000,95.000000,100.000000,100.000000,5.0,62.8210,60.1535,420.4173,423.0848,PENDING_AG03,FALSE,NOT_FOR_ENFORCEMENT,463.9088,46319.4703,483.2383,463.9088,19.3295,0.00902045,0.00865963,19.3295,463.9088,0.00865963,19.3295,19.3295,24.1619,0.0000,0.0000,463.9088,0.00865963,62.8210,60.1535,420.4173,423.0848,0.00784779,0.00789758,0.00036082,9.3346,8.4088,0.0842,5.5545,0.2517,615.7635,65.9540,8.3255,9.6426,5.1431,5.1891,8.2617,16.7816,25.8881,44.2602,5.1891,0.0,4.9889,8.529385,1.798876,29,193,98,2,0.20855820,0.00902045,0.00297427,0E-8,0.000000,0.900656,0.000000,0.00763944,2026-03-21,2026-08-06,87,1920,882,139,0.625899,0.863400,0.891889,0.695194,,,,,,,,GLOBAL_BASELINE_NO_ENTITY_RANKING,,,NOT_APPLICABLE_GLOBAL_BASELINE,HF9g-P5,,,,X 全窗基线 · 不参与实体赏罚,8396371,840,A168_HF9F_20260827_0900,2026-08-27 09:00:00
2026-04-25,54653530,2174,0,59.9429364186,9.8814229249,9.8814229249,0.5000000,6,6,0.50441650000000000,0.504416500000,-0.01766668920767576,-0.017666689207675765,-0.01766668920767576,0E-17,ELIGIBLE,R03b_20260811_FULL_v1,L1_ELIGIBILITY,v2026-08-11,2026-03-21..2026-08-06,baccarat_bet02_101_all_pairs_incl_sentinel,round_win = game_pnl > 0 (decisive only),COMPATIBILITY_ONLY_NOT_PRODUCTION,53571.4227,48249.4483,483.2383,5739,5738,-0.00902045,-0.00297427,-0.01061372,-0.00902045,-483.2383,53571.4227,OK,0.0000,19.3295,4.0000,96.0000,AG03-UNRESOLVED,ALL5_LEVELS_bet23_to_bet27,19.3295,19.3295,24.1619,0.0000,0.0000,4.000000,4.000000,5.000000,0.000000,0.000000,96.000000,96.000000,95.000000,100.000000,100.000000,5.0,62.8210,60.1535,420.4173,423.0848,PENDING_AG03,FALSE,NOT_FOR_ENFORCEMENT,463.9088,46319.4703,483.2383,463.9088,19.3295,0.00902045,0.00865963,19.3295,463.9088,0.00865963,19.3295,19.3295,24.1619,0.0000,0.0000,463.9088,0.00865963,62.8210,60.1535,420.4173,423.0848,0.00784779,0.00789758,0.00036082,9.3346,8.4088,0.0842,5.5545,0.2517,615.7635,65.9540,8.3255,9.6426,5.1431,5.1891,8.2617,16.7816,25.8881,44.2602,5.1891,0.0,4.9889,8.529385,1.798876,29,193,98,2,0.20855820,0.00902045,0.00297427,0E-8,0.000000,0.900656,0.000000,0.00763944,2026-03-21,2026-08-06,87,1920,882,139,0.625899,0.863400,0.891889,0.695194,,,,,,,,GLOBAL_BASELINE_NO_ENTITY_RANKING,,,NOT_APPLICABLE_GLOBAL_BASELINE,HF9g-P5,,,,X 全窗基线 · 不参与实体赏罚,8396372,840,A168_HF9F_20260827_0900,2026-08-27 09:00:00
2026-04-25,54653530,2261,0,5.2351909536,4.9734314059,4.9734314059,1.0000000,1,1,0.50665070000000000,0.506650700000,0.9867858985152569,0.9867858985152569,0.9867858985152569,0E-17,ELIGIBLE,R03b_20260811_FULL_v1,L1_ELIGIBILITY,v2026-08-11,2026-03-21..2026-08-06,baccarat_bet02_101_all_pairs_incl_sentinel,round_win = game_pnl > 0 (decisive only),COMPATIBILITY_ONLY_NOT_PRODUCTION,53571.4227,48249.4483,483.2383,5739,5738,-0.00902045,-0.00297427,-0.01061372,-0.00902045,-483.2383,53571.4227,OK,0.0000,19.3295,4.0000,96.0000,AG03-UNRESOLVED,ALL5_LEVELS_bet23_to_bet27,19.3295,19.3295,24.1619,0.0000,0.0000,4.000000,4.000000,5.000000,0.000000,0.000000,96.000000,96.000000,95.000000,100.000000,100.000000,5.0,62.8210,60.1535,420.4173,423.0848,PENDING_AG03,FALSE,NOT_FOR_ENFORCEMENT,463.9088,46319.4703,483.2383,463.9088,19.3295,0.00902045,0.00865963,19.3295,463.9088,0.00865963,19.3295,19.3295,24.1619,0.0000,0.0000,463.9088,0.00865963,62.8210,60.1535,420.4173,423.0848,0.00784779,0.00789758,0.00036082,9.3346,8.4088,0.0842,5.5545,0.2517,615.7635,65.9540,8.3255,9.6426,5.1431,5.1891,8.2617,16.7816,25.8881,44.2602,5.1891,0.0,4.9889,8.529385,1.798876,29,193,98,2,0.20855820,0.00902045,0.00297427,0E-8,0.000000,0.900656,0.000000,0.00763944,2026-03-21,2026-08-06,87,1920,882,139,0.625899,0.863400,0.891889,0.695194,,,,,,,,GLOBAL_BASELINE_NO_ENTITY_RANKING,,,NOT_APPLICABLE_GLOBAL_BASELINE,HF9g-P5,,,,X 全窗基线 · 不参与实体赏罚,8396373,840,A168_HF9F_20260827_0900,2026-08-27 09:00:00
2026-04-27,54653530,-1,1,64.3928487292,9.5149595581,9.5149595581,0.5000000,7,7,0.50665070000000000,0.506650700000,-0.032584525537284574,-0.032584525537284574,-0.032584525537284574,0E-17,SENTINEL_DEALER,R03b_20260811_FULL_v1,L1_ELIGIBILITY,v2026-08-11,2026-03-21..2026-08-06,baccarat_bet02_101_all_pairs_incl_sentinel,round_win = game_pnl > 0 (decisive only),COMPATIBILITY_ONLY_NOT_PRODUCTION,53571.4227,48249.4483,483.2383,5739,5738,-0.00902045,-0.00297427,-0.01061372,-0.00902045,-483.2383,53571.4227,OK,0.0000,19.3295,4.0000,96.0000,AG03-UNRESOLVED,ALL5_LEVELS_bet23_to_bet27,19.3295,19.3295,24.1619,0.0000,0.0000,4.000000,4.000000,5.000000,0.000000,0.000000,96.000000,96.000000,95.000000,100.000000,100.000000,5.0,62.8210,60.1535,420.4173,423.0848,PENDING_AG03,FALSE,NOT_FOR_ENFORCEMENT,463.9088,46319.4703,483.2383,463.9088,19.3295,0.00902045,0.00865963,19.3295,463.9088,0.00865963,19.3295,19.3295,24.1619,0.0000,0.0000,463.9088,0.00865963,62.8210,60.1535,420.4173,423.0848,0.00784779,0.00789758,0.00036082,9.3346,8.4088,0.0842,5.5545,0.2517,615.7635,65.9540,8.3255,9.6426,5.1431,5.1891,8.2617,16.7816,25.8881,44.2602,5.1891,0.0,4.9889,8.529385,1.798876,29,193,98,2,0.20855820,0.00902045,0.00297427,0E-8,0.000000,0.900656,0.000000,0.00763944,2026-03-21,2026-08-06,87,1920,882,139,0.625899,0.863400,0.891889,0.695194,,,,,,,,GLOBAL_BASELINE_NO_ENTITY_RANKING,,,NOT_APPLICABLE_GLOBAL_BASELINE,HF9g-P5,,,,X 全窗基线 · 不参与实体赏罚,8396374,840,A168_HF9F_20260827_0900,2026-08-27 09:00:00
2026-04-27,54653530,1115,0,5.2351909536,4.9734314059,4.9734314059,1.0000000,1,1,0.50665070000000000,0.506650700000,0.9867858985152569,0.9867858985152569,0.9867858985152569,0E-17,ELIGIBLE,R03b_20260811_FULL_v1,L1_ELIGIBILITY,v2026-08-11,2026-03-21..2026-08-06,baccarat_bet02_101_all_pairs_incl_sentinel,round_win = game_pnl > 0 (decisive only),COMPATIBILITY_ONLY_NOT_PRODUCTION,53571.4227,48249.4483,483.2383,5739,5738,-0.00902045,-0.00297427,-0.01061372,-0.00902045,-483.2383,53571.4227,OK,0.0000,19.3295,4.0000,96.0000,AG03-UNRESOLVED,ALL5_LEVELS_bet23_to_bet27,19.3295,19.3295,24.1619,0.0000,0.0000,4.000000,4.000000,5.000000,0.000000,0.000000,96.000000,96.000000,95.000000,100.000000,100.000000,5.0,62.8210,60.1535,420.4173,423.0848,PENDING_AG03,FALSE,NOT_FOR_ENFORCEMENT,463.9088,46319.4703,483.2383,463.9088,19.3295,0.00902045,0.00865963,19.3295,463.9088,0.00865963,19.3295,19.3295,24.1619,0.0000,0.0000,463.9088,0.00865963,62.8210,60.1535,420.4173,423.0848,0.00784779,0.00789758,0.00036082,9.3346,8.4088,0.0842,5.5545,0.2517,615.7635,65.9540,8.3255,9.6426,5.1431,5.1891,8.2617,16.7816,25.8881,44.2602,5.1891,0.0,4.9889,8.529385,1.798876,29,193,98,2,0.20855820,0.00902045,0.00297427,0E-8,0.000000,0.900656,0.000000,0.00763944,2026-03-21,2026-08-06,87,1920,882,139,0.625899,0.863400,0.891889,0.695194,,,,,,,,GLOBAL_BASELINE_NO_ENTITY_RANKING,,,NOT_APPLICABLE_GLOBAL_BASELINE,HF9g-P5,,,,X 全窗基线 · 不参与实体赏罚,8396375,840,A168_HF9F_20260827_0900,2026-08-27 09:00:00
2026-04-27,54653530,1325,0,5.2351909536,4.9734314059,4.9734314059,1.0000000,1,1,0.50665070000000000,0.506650700000,0.9867858985152569,0.9867858985152569,0.9867858985152569,0E-17,ELIGIBLE,R03b_20260811_FULL_v1,L1_ELIGIBILITY,v2026-08-11,2026-03-21..2026-08-06,baccarat_bet02_101_all_pairs_incl_sentinel,round_win = game_pnl > 0 (decisive only),COMPATIBILITY_ONLY_NOT_PRODUCTION,53571.4227,48249.4483,483.2383,5739,5738,-0.00902045,-0.00297427,-0.01061372,-0.00902045,-483.2383,53571.4227,OK,0.0000,19.3295,4.0000,96.0000,AG03-UNRESOLVED,ALL5_LEVELS_bet23_to_bet27,19.3295,19.3295,24.1619,0.0000,0.0000,4.000000,4.000000,5.000000,0.000000,0.000000,96.000000,96.000000,95.000000,100.000000,100.000000,5.0,62.8210,60.1535,420.4173,423.0848,PENDING_AG03,FALSE,NOT_FOR_ENFORCEMENT,463.9088,46319.4703,483.2383,463.9088,19.3295,0.00902045,0.00865963,19.3295,463.9088,0.00865963,19.3295,19.3295,24.1619,0.0000,0.0000,463.9088,0.00865963,62.8210,60.1535,420.4173,423.0848,0.00784779,0.00789758,0.00036082,9.3346,8.4088,0.0842,5.5545,0.2517,615.7635,65.9540,8.3255,9.6426,5.1431,5.1891,8.2617,16.7816,25.8881,44.2602,5.1891,0.0,4.9889,8.529385,1.798876,29,193,98,2,0.20855820,0.00902045,0.00297427,0E-8,0.000000,0.900656,0.000000,0.00763944,2026-03-21,2026-08-06,87,1920,882,139,0.625899,0.863400,0.891889,0.695194,,,,,,,,GLOBAL_BASELINE_NO_ENTITY_RANKING,,,NOT_APPLICABLE_GLOBAL_BASELINE,HF9g-P5,,,,X 全窗基线 · 不参与实体赏罚,8396376,840,A168_HF9F_20260827_0900,2026-08-27 09:00:00
2026-04-27,54653530,1384,0,5.2351909536,4.9734314059,4.9734314059,1.0000000,1,1,0.50665070000000000,0.506650700000,0.9867858985152569,0.9867858985152569,0.9867858985152569,0E-17,ELIGIBLE,R03b_20260811_FULL_v1,L1_ELIGIBILITY,v2026-08-11,2026-03-21..2026-08-06,baccarat_bet02_101_all_pairs_incl_sentinel,round_win = game_pnl > 0 (decisive only),COMPATIBILITY_ONLY_NOT_PRODUCTION,53571.4227,48249.4483,483.2383,5739,5738,-0.00902045,-0.00297427,-0.01061372,-0.00902045,-483.2383,53571.4227,OK,0.0000,19.3295,4.0000,96.0000,AG03-UNRESOLVED,ALL5_LEVELS_bet23_to_bet27,19.3295,19.3295,24.1619,0.0000,0.0000,4.000000,4.000000,5.000000,0.000000,0.000000,96.000000,96.000000,95.000000,100.000000,100.000000,5.0,62.8210,60.1535,420.4173,423.0848,PENDING_AG03,FALSE,NOT_FOR_ENFORCEMENT,463.9088,46319.4703,483.2383,463.9088,19.3295,0.00902045,0.00865963,19.3295,463.9088,0.00865963,19.3295,19.3295,24.1619,0.0000,0.0000,463.9088,0.00865963,62.8210,60.1535,420.4173,423.0848,0.00784779,0.00789758,0.00036082,9.3346,8.4088,0.0842,5.5545,0.2517,615.7635,65.9540,8.3255,9.6426,5.1431,5.1891,8.2617,16.7816,25.8881,44.2602,5.1891,0.0,4.9889,8.529385,1.798876,29,193,98,2,0.20855820,0.00902045,0.00297427,0E-8,0.000000,0.900656,0.000000,0.00763944,2026-03-21,2026-08-06,87,1920,882,139,0.625899,0.863400,0.891889,0.695194,,,,,,,,GLOBAL_BASELINE_NO_ENTITY_RANKING,,,NOT_APPLICABLE_GLOBAL_BASELINE,HF9g-P5,,,,X 全窗基线 · 不参与实体赏罚,8396377,840,A168_HF9F_20260827_0900,2026-08-27 09:00:00
2026-04-27,54653530,1507,0,13.3497369317,2.4736277256,2.4736277256,0.5000000,2,2,0.50665070000000000,0.506650700000,-0.018812684590367487,-0.018812684590367487,-0.018812684590367487,0E-17,ELIGIBLE,R03b_20260811_FULL_v1,L1_ELIGIBILITY,v2026-08-11,2026-03-21..2026-08-06,baccarat_bet02_101_all_pairs_incl_sentinel,round_win = game_pnl > 0 (decisive only),COMPATIBILITY_ONLY_NOT_PRODUCTION,53571.4227,48249.4483,483.2383,5739,5738,-0.00902045,-0.00297427,-0.01061372,-0.00902045,-483.2383,53571.4227,OK,0.0000,19.3295,4.0000,96.0000,AG03-UNRESOLVED,ALL5_LEVELS_bet23_to_bet27,19.3295,19.3295,24.1619,0.0000,0.0000,4.000000,4.000000,5.000000,0.000000,0.000000,96.000000,96.000000,95.000000,100.000000,100.000000,5.0,62.8210,60.1535,420.4173,423.0848,PENDING_AG03,FALSE,NOT_FOR_ENFORCEMENT,463.9088,46319.4703,483.2383,463.9088,19.3295,0.00902045,0.00865963,19.3295,463.9088,0.00865963,19.3295,19.3295,24.1619,0.0000,0.0000,463.9088,0.00865963,62.8210,60.1535,420.4173,423.0848,0.00784779,0.00789758,0.00036082,9.3346,8.4088,0.0842,5.5545,0.2517,615.7635,65.9540,8.3255,9.6426,5.1431,5.1891,8.2617,16.7816,25.8881,44.2602,5.1891,0.0,4.9889,8.529385,1.798876,29,193,98,2,0.20855820,0.00902045,0.00297427,0E-8,0.000000,0.900656,0.000000,0.00763944,2026-03-21,2026-08-06,87,1920,882,139,0.625899,0.863400,0.891889,0.695194,,,,,,,,GLOBAL_BASELINE_NO_ENTITY_RANKING,,,NOT_APPLICABLE_GLOBAL_BASELINE,HF9g-P5,,,,X 全窗基线 · 不参与实体赏罚,8396378,840,A168_HF9F_20260827_0900,2026-08-27 09:00:00
2026-04-27,54653530,1509,0,8.1145459781,7.7088186792,7.7088186792,1.0000000,1,1,0.50665070000000000,0.506650700000,0.9867858985152569,0.9867858985152569,0.9867858985152569,0E-17,ELIGIBLE,R03b_20260811_FULL_v1,L1_ELIGIBILITY,v2026-08-11,2026-03-21..2026-08-06,baccarat_bet02_101_all_pairs_incl_sentinel,round_win = game_pnl > 0 (decisive only),COMPATIBILITY_ONLY_NOT_PRODUCTION,53571.4227,48249.4483,483.2383,5739,5738,-0.00902045,-0.00297427,-0.01061372,-0.00902045,-483.2383,53571.4227,OK,0.0000,19.3295,4.0000,96.0000,AG03-UNRESOLVED,ALL5_LEVELS_bet23_to_bet27,19.3295,19.3295,24.1619,0.0000,0.0000,4.000000,4.000000,5.000000,0.000000,0.000000,96.000000,96.000000,95.000000,100.000000,100.000000,5.0,62.8210,60.1535,420.4173,423.0848,PENDING_AG03,FALSE,NOT_FOR_ENFORCEMENT,463.9088,46319.4703,483.2383,463.9088,19.3295,0.00902045,0.00865963,19.3295,463.9088,0.00865963,19.3295,19.3295,24.1619,0.0000,0.0000,463.9088,0.00865963,62.8210,60.1535,420.4173,423.0848,0.00784779,0.00789758,0.00036082,9.3346,8.4088,0.0842,5.5545,0.2517,615.7635,65.9540,8.3255,9.6426,5.1431,5.1891,8.2617,16.7816,25.8881,44.2602,5.1891,0.0,4.9889,8.529385,1.798876,29,193,98,2,0.20855820,0.00902045,0.00297427,0E-8,0.000000,0.900656,0.000000,0.00763944,2026-03-21,2026-08-06,87,1920,882,139,0.625899,0.863400,0.891889,0.695194,,,,,,,,GLOBAL_BASELINE_NO_ENTITY_RANKING,,,NOT_APPLICABLE_GLOBAL_BASELINE,HF9g-P5,,,,X 全窗基线 · 不参与实体赏罚,8396379,840,A168_HF9F_20260827_0900,2026-08-27 09:00:00
2026-04-27,54653530,1941,0,13.0879773840,2.2249561553,2.2249561553,0.5000000,2,2,0.50665070000000000,0.506650700000,-0.018812684590367487,-0.018812684590367487,-0.018812684590367487,0E-17,ELIGIBLE,R03b_20260811_FULL_v1,L1_ELIGIBILITY,v2026-08-11,2026-03-21..2026-08-06,baccarat_bet02_101_all_pairs_incl_sentinel,round_win = game_pnl > 0 (decisive only),COMPATIBILITY_ONLY_NOT_PRODUCTION,53571.4227,48249.4483,483.2383,5739,5738,-0.00902045,-0.00297427,-0.01061372,-0.00902045,-483.2383,53571.4227,OK,0.0000,19.3295,4.0000,96.0000,AG03-UNRESOLVED,ALL5_LEVELS_bet23_to_bet27,19.3295,19.3295,24.1619,0.0000,0.0000,4.000000,4.000000,5.000000,0.000000,0.000000,96.000000,96.000000,95.000000,100.000000,100.000000,5.0,62.8210,60.1535,420.4173,423.0848,PENDING_AG03,FALSE,NOT_FOR_ENFORCEMENT,463.9088,46319.4703,483.2383,463.9088,19.3295,0.00902045,0.00865963,19.3295,463.9088,0.00865963,19.3295,19.3295,24.1619,0.0000,0.0000,463.9088,0.00865963,62.8210,60.1535,420.4173,423.0848,0.00784779,0.00789758,0.00036082,9.3346,8.4088,0.0842,5.5545,0.2517,615.7635,65.9540,8.3255,9.6426,5.1431,5.1891,8.2617,16.7816,25.8881,44.2602,5.1891,0.0,4.9889,8.529385,1.798876,29,193,98,2,0.20855820,0.00902045,0.00297427,0E-8,0.000000,0.900656,0.000000,0.00763944,2026-03-21,2026-08-06,87,1920,882,139,0.625899,0.863400,0.891889,0.695194,,,,,,,,GLOBAL_BASELINE_NO_ENTITY_RANKING,,,NOT_APPLICABLE_GLOBAL_BASELINE,HF9g-P5,,,,X 全窗基线 · 不参与实体赏罚,8396380,840,A168_HF9F_20260827_0900,2026-08-27 09:00:00
2026-04-27,54653530,1951,0,5.2351909536,4.9734314059,4.9734314059,1.0000000,1,1,0.50665070000000000,0.506650700000,0.9867858985152569,0.9867858985152569,0.9867858985152569,0E-17,ELIGIBLE,R03b_20260811_FULL_v1,L1_ELIGIBILITY,v2026-08-11,2026-03-21..2026-08-06,baccarat_bet02_101_all_pairs_incl_sentinel,round_win = game_pnl > 0 (decisive only),COMPATIBILITY_ONLY_NOT_PRODUCTION,53571.4227,48249.4483,483.2383,5739,5738,-0.00902045,-0.00297427,-0.01061372,-0.00902045,-483.2383,53571.4227,OK,0.0000,19.3295,4.0000,96.0000,AG03-UNRESOLVED,ALL5_LEVELS_bet23_to_bet27,19.3295,19.3295,24.1619,0.0000,0.0000,4.000000,4.000000,5.000000,0.000000,0.000000,96.000000,96.000000,95.000000,100.000000,100.000000,5.0,62.8210,60.1535,420.4173,423.0848,PENDING_AG03,FALSE,NOT_FOR_ENFORCEMENT,463.9088,46319.4703,483.2383,463.9088,19.3295,0.00902045,0.00865963,19.3295,463.9088,0.00865963,19.3295,19.3295,24.1619,0.0000,0.0000,463.9088,0.00865963,62.8210,60.1535,420.4173,423.0848,0.00784779,0.00789758,0.00036082,9.3346,8.4088,0.0842,5.5545,0.2517,615.7635,65.9540,8.3255,9.6426,5.1431,5.1891,8.2617,16.7816,25.8881,44.2602,5.1891,0.0,4.9889,8.529385,1.798876,29,193,98,2,0.20855820,0.00902045,0.00297427,0E-8,0.000000,0.900656,0.000000,0.00763944,2026-03-21,2026-08-06,87,1920,882,139,0.625899,0.863400,0.891889,0.695194,,,,,,,,GLOBAL_BASELINE_NO_ENTITY_RANKING,,,NOT_APPLICABLE_GLOBAL_BASELINE,HF9g-P5,,,,X 全窗基线 · 不参与实体赏罚,8396381,840,A168_HF9F_20260827_0900,2026-08-27 09:00:00
2026-04-27,54653530,2106,0,5.2351909536,5.2351909536,5.2351909536,1.0000000,1,1,0.49324550000000000,0.493245500000,1.01360149184955,1.01360149184955,1.01360149184955,0E-17,ELIGIBLE,R03b_20260811_FULL_v1,L1_ELIGIBILITY,v2026-08-11,2026-03-21..2026-08-06,baccarat_bet02_101_all_pairs_incl_sentinel,round_win = game_pnl > 0 (decisive only),COMPATIBILITY_ONLY_NOT_PRODUCTION,53571.4227,48249.4483,483.2383,5739,5738,-0.00902045,-0.00297427,-0.01061372,-0.00902045,-483.2383,53571.4227,OK,0.0000,19.3295,4.0000,96.0000,AG03-UNRESOLVED,ALL5_LEVELS_bet23_to_bet27,19.3295,19.3295,24.1619,0.0000,0.0000,4.000000,4.000000,5.000000,0.000000,0.000000,96.000000,96.000000,95.000000,100.000000,100.000000,5.0,62.8210,60.1535,420.4173,423.0848,PENDING_AG03,FALSE,NOT_FOR_ENFORCEMENT,463.9088,46319.4703,483.2383,463.9088,19.3295,0.00902045,0.00865963,19.3295,463.9088,0.00865963,19.3295,19.3295,24.1619,0.0000,0.0000,463.9088,0.00865963,62.8210,60.1535,420.4173,423.0848,0.00784779,0.00789758,0.00036082,9.3346,8.4088,0.0842,5.5545,0.2517,615.7635,65.9540,8.3255,9.6426,5.1431,5.1891,8.2617,16.7816,25.8881,44.2602,5.1891,0.0,4.9889,8.529385,1.798876,29,193,98,2,0.20855820,0.00902045,0.00297427,0E-8,0.000000,0.900656,0.000000,0.00763944,2026-03-21,2026-08-06,87,1920,882,139,0.625899,0.863400,0.891889,0.695194,,,,,,,,GLOBAL_BASELINE_NO_ENTITY_RANKING,,,NOT_APPLICABLE_GLOBAL_BASELINE,HF9g-P5,,,,X 全窗基线 · 不参与实体赏罚,8396382,840,A168_HF9F_20260827_0900,2026-08-27 09:00:00
2026-04-27,54653530,2136,0,13.3497369317,2.4736277256,2.4736277256,0.5000000,2,2,0.50665070000000000,0.506650700000,-0.018812684590367487,-0.018812684590367487,-0.018812684590367487,0E-17,ELIGIBLE,R03b_20260811_FULL_v1,L1_ELIGIBILITY,v2026-08-11,2026-03-21..2026-08-06,baccarat_bet02_101_all_pairs_incl_sentinel,round_win = game_pnl > 0 (decisive only),COMPATIBILITY_ONLY_NOT_PRODUCTION,53571.4227,48249.4483,483.2383,5739,5738,-0.00902045,-0.00297427,-0.01061372,-0.00902045,-483.2383,53571.4227,OK,0.0000,19.3295,4.0000,96.0000,AG03-UNRESOLVED,ALL5_LEVELS_bet23_to_bet27,19.3295,19.3295,24.1619,0.0000,0.0000,4.000000,4.000000,5.000000,0.000000,0.000000,96.000000,96.000000,95.000000,100.000000,100.000000,5.0,62.8210,60.1535,420.4173,423.0848,PENDING_AG03,FALSE,NOT_FOR_ENFORCEMENT,463.9088,46319.4703,483.2383,463.9088,19.3295,0.00902045,0.00865963,19.3295,463.9088,0.00865963,19.3295,19.3295,24.1619,0.0000,0.0000,463.9088,0.00865963,62.8210,60.1535,420.4173,423.0848,0.00784779,0.00789758,0.00036082,9.3346,8.4088,0.0842,5.5545,0.2517,615.7635,65.9540,8.3255,9.6426,5.1431,5.1891,8.2617,16.7816,25.8881,44.2602,5.1891,0.0,4.9889,8.529385,1.798876,29,193,98,2,0.20855820,0.00902045,0.00297427,0E-8,0.000000,0.900656,0.000000,0.00763944,2026-03-21,2026-08-06,87,1920,882,139,0.625899,0.863400,0.891889,0.695194,,,,,,,,GLOBAL_BASELINE_NO_ENTITY_RANKING,,,NOT_APPLICABLE_GLOBAL_BASELINE,HF9g-P5,,,,X 全窗基线 · 不参与实体赏罚,8396383,840,A168_HF9F_20260827_0900,2026-08-27 09:00:00
2026-04-27,54653530,2160,0,60.2046959663,-60.2046959663,-60.2046959663,0E-7,4,4,0.49324550000000000,0.493245500000,-1.973162052426085,-1.973162052426085,-1.973162052426085,0E-17,ELIGIBLE,R03b_20260811_FULL_v1,L1_ELIGIBILITY,v2026-08-11,2026-03-21..2026-08-06,baccarat_bet02_101_all_pairs_incl_sentinel,round_win = game_pnl > 0 (decisive only),COMPATIBILITY_ONLY_NOT_PRODUCTION,53571.4227,48249.4483,483.2383,5739,5738,-0.00902045,-0.00297427,-0.01061372,-0.00902045,-483.2383,53571.4227,OK,0.0000,19.3295,4.0000,96.0000,AG03-UNRESOLVED,ALL5_LEVELS_bet23_to_bet27,19.3295,19.3295,24.1619,0.0000,0.0000,4.000000,4.000000,5.000000,0.000000,0.000000,96.000000,96.000000,95.000000,100.000000,100.000000,5.0,62.8210,60.1535,420.4173,423.0848,PENDING_AG03,FALSE,NOT_FOR_ENFORCEMENT,463.9088,46319.4703,483.2383,463.9088,19.3295,0.00902045,0.00865963,19.3295,463.9088,0.00865963,19.3295,19.3295,24.1619,0.0000,0.0000,463.9088,0.00865963,62.8210,60.1535,420.4173,423.0848,0.00784779,0.00789758,0.00036082,9.3346,8.4088,0.0842,5.5545,0.2517,615.7635,65.9540,8.3255,9.6426,5.1431,5.1891,8.2617,16.7816,25.8881,44.2602,5.1891,0.0,4.9889,8.529385,1.798876,29,193,98,2,0.20855820,0.00902045,0.00297427,0E-8,0.000000,0.900656,0.000000,0.00763944,2026-03-21,2026-08-06,87,1920,882,139,0.625899,0.863400,0.891889,0.695194,,,,,,,,GLOBAL_BASELINE_NO_ENTITY_RANKING,,,NOT_APPLICABLE_GLOBAL_BASELINE,HF9g-P5,,,,X 全窗基线 · 不参与实体赏罚,8396384,840,A168_HF9F_20260827_0900,2026-08-27 09:00:00
2026-04-27,54653530,2167,0,29.8405884355,2.3165719969,2.3165719969,0.3333333,3,3,0.50665070000000000,0.506650700000,-0.6004420894325239,-0.6004420894325239,-0.6004420894325239,0E-17,ELIGIBLE,R03b_20260811_FULL_v1,L1_ELIGIBILITY,v2026-08-11,2026-03-21..2026-08-06,baccarat_bet02_101_all_pairs_incl_sentinel,round_win = game_pnl > 0 (decisive only),COMPATIBILITY_ONLY_NOT_PRODUCTION,53571.4227,48249.4483,483.2383,5739,5738,-0.00902045,-0.00297427,-0.01061372,-0.00902045,-483.2383,53571.4227,OK,0.0000,19.3295,4.0000,96.0000,AG03-UNRESOLVED,ALL5_LEVELS_bet23_to_bet27,19.3295,19.3295,24.1619,0.0000,0.0000,4.000000,4.000000,5.000000,0.000000,0.000000,96.000000,96.000000,95.000000,100.000000,100.000000,5.0,62.8210,60.1535,420.4173,423.0848,PENDING_AG03,FALSE,NOT_FOR_ENFORCEMENT,463.9088,46319.4703,483.2383,463.9088,19.3295,0.00902045,0.00865963,19.3295,463.9088,0.00865963,19.3295,19.3295,24.1619,0.0000,0.0000,463.9088,0.00865963,62.8210,60.1535,420.4173,423.0848,0.00784779,0.00789758,0.00036082,9.3346,8.4088,0.0842,5.5545,0.2517,615.7635,65.9540,8.3255,9.6426,5.1431,5.1891,8.2617,16.7816,25.8881,44.2602,5.1891,0.0,4.9889,8.529385,1.798876,29,193,98,2,0.20855820,0.00902045,0.00297427,0E-8,0.000000,0.900656,0.000000,0.00763944,2026-03-21,2026-08-06,87,1920,882,139,0.625899,0.863400,0.891889,0.695194,,,,,,,,GLOBAL_BASELINE_NO_ENTITY_RANKING,,,NOT_APPLICABLE_GLOBAL_BASELINE,HF9g-P5,,,,X 全窗基线 · 不参与实体赏罚,8396385,840,A168_HF9F_20260827_0900,2026-08-27 09:00:00
2026-04-27,54653530,2171,0,5.2351909536,4.9734314059,4.9734314059,1.0000000,1,1,0.50665070000000000,0.506650700000,0.9867858985152569,0.9867858985152569,0.9867858985152569,0E-17,ELIGIBLE,R03b_20260811_FULL_v1,L1_ELIGIBILITY,v2026-08-11,2026-03-21..2026-08-06,baccarat_bet02_101_all_pairs_incl_sentinel,round_win = game_pnl > 0 (decisive only),COMPATIBILITY_ONLY_NOT_PRODUCTION,53571.4227,48249.4483,483.2383,5739,5738,-0.00902045,-0.00297427,-0.01061372,-0.00902045,-483.2383,53571.4227,OK,0.0000,19.3295,4.0000,96.0000,AG03-UNRESOLVED,ALL5_LEVELS_bet23_to_bet27,19.3295,19.3295,24.1619,0.0000,0.0000,4.000000,4.000000,5.000000,0.000000,0.000000,96.000000,96.000000,95.000000,100.000000,100.000000,5.0,62.8210,60.1535,420.4173,423.0848,PENDING_AG03,FALSE,NOT_FOR_ENFORCEMENT,463.9088,46319.4703,483.2383,463.9088,19.3295,0.00902045,0.00865963,19.3295,463.9088,0.00865963,19.3295,19.3295,24.1619,0.0000,0.0000,463.9088,0.00865963,62.8210,60.1535,420.4173,423.0848,0.00784779,0.00789758,0.00036082,9.3346,8.4088,0.0842,5.5545,0.2517,615.7635,65.9540,8.3255,9.6426,5.1431,5.1891,8.2617,16.7816,25.8881,44.2602,5.1891,0.0,4.9889,8.529385,1.798876,29,193,98,2,0.20855820,0.00902045,0.00297427,0E-8,0.000000,0.900656,0.000000,0.00763944,2026-03-21,2026-08-06,87,1920,882,139,0.625899,0.863400,0.891889,0.695194,,,,,,,,GLOBAL_BASELINE_NO_ENTITY_RANKING,,,NOT_APPLICABLE_GLOBAL_BASELINE,HF9g-P5,,,,X 全窗基线 · 不参与实体赏罚,8396386,840,A168_HF9F_20260827_0900,2026-08-27 09:00:00
2026-04-27,54653530,2175,0,44.7608826532,2.0809884040,2.0809884040,0.3333333,5,5,0.50665070000000000,0.506650700000,-0.6004420894325239,-0.6004420894325239,-0.6004420894325239,0E-17,ELIGIBLE,R03b_20260811_FULL_v1,L1_ELIGIBILITY,v2026-08-11,2026-03-21..2026-08-06,baccarat_bet02_101_all_pairs_incl_sentinel,round_win = game_pnl > 0 (decisive only),COMPATIBILITY_ONLY_NOT_PRODUCTION,53571.4227,48249.4483,483.2383,5739,5738,-0.00902045,-0.00297427,-0.01061372,-0.00902045,-483.2383,53571.4227,OK,0.0000,19.3295,4.0000,96.0000,AG03-UNRESOLVED,ALL5_LEVELS_bet23_to_bet27,19.3295,19.3295,24.1619,0.0000,0.0000,4.000000,4.000000,5.000000,0.000000,0.000000,96.000000,96.000000,95.000000,100.000000,100.000000,5.0,62.8210,60.1535,420.4173,423.0848,PENDING_AG03,FALSE,NOT_FOR_ENFORCEMENT,463.9088,46319.4703,483.2383,463.9088,19.3295,0.00902045,0.00865963,19.3295,463.9088,0.00865963,19.3295,19.3295,24.1619,0.0000,0.0000,463.9088,0.00865963,62.8210,60.1535,420.4173,423.0848,0.00784779,0.00789758,0.00036082,9.3346,8.4088,0.0842,5.5545,0.2517,615.7635,65.9540,8.3255,9.6426,5.1431,5.1891,8.2617,16.7816,25.8881,44.2602,5.1891,0.0,4.9889,8.529385,1.798876,29,193,98,2,0.20855820,0.00902045,0.00297427,0E-8,0.000000,0.900656,0.000000,0.00763944,2026-03-21,2026-08-06,87,1920,882,139,0.625899,0.863400,0.891889,0.695194,,,,,,,,GLOBAL_BASELINE_NO_ENTITY_RANKING,,,NOT_APPLICABLE_GLOBAL_BASELINE,HF9g-P5,,,,X 全窗基线 · 不参与实体赏罚,8396387,840,A168_HF9F_20260827_0900,2026-08-27 09:00:00
2026-04-27,54653530,2177,0,30.8876266262,3.8216893961,3.8216893961,0.3333333,3,3,0.50665070000000000,0.506650700000,-0.6004420894325239,-0.6004420894325239,-0.6004420894325239,0E-17,ELIGIBLE,R03b_20260811_FULL_v1,L1_ELIGIBILITY,v2026-08-11,2026-03-21..2026-08-06,baccarat_bet02_101_all_pairs_incl_sentinel,round_win = game_pnl > 0 (decisive only),COMPATIBILITY_ONLY_NOT_PRODUCTION,53571.4227,48249.4483,483.2383,5739,5738,-0.00902045,-0.00297427,-0.01061372,-0.00902045,-483.2383,53571.4227,OK,0.0000,19.3295,4.0000,96.0000,AG03-UNRESOLVED,ALL5_LEVELS_bet23_to_bet27,19.3295,19.3295,24.1619,0.0000,0.0000,4.000000,4.000000,5.000000,0.000000,0.000000,96.000000,96.000000,95.000000,100.000000,100.000000,5.0,62.8210,60.1535,420.4173,423.0848,PENDING_AG03,FALSE,NOT_FOR_ENFORCEMENT,463.9088,46319.4703,483.2383,463.9088,19.3295,0.00902045,0.00865963,19.3295,463.9088,0.00865963,19.3295,19.3295,24.1619,0.0000,0.0000,463.9088,0.00865963,62.8210,60.1535,420.4173,423.0848,0.00784779,0.00789758,0.00036082,9.3346,8.4088,0.0842,5.5545,0.2517,615.7635,65.9540,8.3255,9.6426,5.1431,5.1891,8.2617,16.7816,25.8881,44.2602,5.1891,0.0,4.9889,8.529385,1.798876,29,193,98,2,0.20855820,0.00902045,0.00297427,0E-8,0.000000,0.900656,0.000000,0.00763944,2026-03-21,2026-08-06,87,1920,882,139,0.625899,0.863400,0.891889,0.695194,,,,,,,,GLOBAL_BASELINE_NO_ENTITY_RANKING,,,NOT_APPLICABLE_GLOBAL_BASELINE,HF9g-P5,,,,X 全窗基线 · 不参与实体赏罚,8396388,840,A168_HF9F_20260827_0900,2026-08-27 09:00:00
2026-04-27,54653530,2205,0,5.2351909536,-5.2351909536,-5.2351909536,0E-7,1,1,0.50665070000000000,0.506650700000,-1.013391052207602,-1.013391052207602,-1.013391052207602,0E-17,ELIGIBLE,R03b_20260811_FULL_v1,L1_ELIGIBILITY,v2026-08-11,2026-03-21..2026-08-06,baccarat_bet02_101_all_pairs_incl_sentinel,round_win = game_pnl > 0 (decisive only),COMPATIBILITY_ONLY_NOT_PRODUCTION,53571.4227,48249.4483,483.2383,5739,5738,-0.00902045,-0.00297427,-0.01061372,-0.00902045,-483.2383,53571.4227,OK,0.0000,19.3295,4.0000,96.0000,AG03-UNRESOLVED,ALL5_LEVELS_bet23_to_bet27,19.3295,19.3295,24.1619,0.0000,0.0000,4.000000,4.000000,5.000000,0.000000,0.000000,96.000000,96.000000,95.000000,100.000000,100.000000,5.0,62.8210,60.1535,420.4173,423.0848,PENDING_AG03,FALSE,NOT_FOR_ENFORCEMENT,463.9088,46319.4703,483.2383,463.9088,19.3295,0.00902045,0.00865963,19.3295,463.9088,0.00865963,19.3295,19.3295,24.1619,0.0000,0.0000,463.9088,0.00865963,62.8210,60.1535,420.4173,423.0848,0.00784779,0.00789758,0.00036082,9.3346,8.4088,0.0842,5.5545,0.2517,615.7635,65.9540,8.3255,9.6426,5.1431,5.1891,8.2617,16.7816,25.8881,44.2602,5.1891,0.0,4.9889,8.529385,1.798876,29,193,98,2,0.20855820,0.00902045,0.00297427,0E-8,0.000000,0.900656,0.000000,0.00763944,2026-03-21,2026-08-06,87,1920,882,139,0.625899,0.863400,0.891889,0.695194,,,,,,,,GLOBAL_BASELINE_NO_ENTITY_RANKING,,,NOT_APPLICABLE_GLOBAL_BASELINE,HF9g-P5,,,,X 全窗基线 · 不参与实体赏罚,8396389,840,A168_HF9F_20260827_0900,2026-08-27 09:00:00
2026-04-27,54653530,2233,0,5.2351909536,4.9734314059,4.9734314059,1.0000000,1,1,0.50665070000000000,0.506650700000,0.9867858985152569,0.9867858985152569,0.9867858985152569,0E-17,ELIGIBLE,R03b_20260811_FULL_v1,L1_ELIGIBILITY,v2026-08-11,2026-03-21..2026-08-06,baccarat_bet02_101_all_pairs_incl_sentinel,round_win = game_pnl > 0 (decisive only),COMPATIBILITY_ONLY_NOT_PRODUCTION,53571.4227,48249.4483,483.2383,5739,5738,-0.00902045,-0.00297427,-0.01061372,-0.00902045,-483.2383,53571.4227,OK,0.0000,19.3295,4.0000,96.0000,AG03-UNRESOLVED,ALL5_LEVELS_bet23_to_bet27,19.3295,19.3295,24.1619,0.0000,0.0000,4.000000,4.000000,5.000000,0.000000,0.000000,96.000000,96.000000,95.000000,100.000000,100.000000,5.0,62.8210,60.1535,420.4173,423.0848,PENDING_AG03,FALSE,NOT_FOR_ENFORCEMENT,463.9088,46319.4703,483.2383,463.9088,19.3295,0.00902045,0.00865963,19.3295,463.9088,0.00865963,19.3295,19.3295,24.1619,0.0000,0.0000,463.9088,0.00865963,62.8210,60.1535,420.4173,423.0848,0.00784779,0.00789758,0.00036082,9.3346,8.4088,0.0842,5.5545,0.2517,615.7635,65.9540,8.3255,9.6426,5.1431,5.1891,8.2617,16.7816,25.8881,44.2602,5.1891,0.0,4.9889,8.529385,1.798876,29,193,98,2,0.20855820,0.00902045,0.00297427,0E-8,0.000000,0.900656,0.000000,0.00763944,2026-03-21,2026-08-06,87,1920,882,139,0.625899,0.863400,0.891889,0.695194,,,,,,,,GLOBAL_BASELINE_NO_ENTITY_RANKING,,,NOT_APPLICABLE_GLOBAL_BASELINE,HF9g-P5,,,,X 全窗基线 · 不参与实体赏罚,8396390,840,A168_HF9F_20260827_0900,2026-08-27 09:00:00
2026-04-27,54653530,919,0,13.3497369317,2.4736277256,2.4736277256,0.5000000,2,2,0.50665070000000000,0.506650700000,-0.018812684590367487,-0.018812684590367487,-0.018812684590367487,0E-17,ELIGIBLE,R03b_20260811_FULL_v1,L1_ELIGIBILITY,v2026-08-11,2026-03-21..2026-08-06,baccarat_bet02_101_all_pairs_incl_sentinel,round_win = game_pnl > 0 (decisive only),COMPATIBILITY_ONLY_NOT_PRODUCTION,53571.4227,48249.4483,483.2383,5739,5738,-0.00902045,-0.00297427,-0.01061372,-0.00902045,-483.2383,53571.4227,OK,0.0000,19.3295,4.0000,96.0000,AG03-UNRESOLVED,ALL5_LEVELS_bet23_to_bet27,19.3295,19.3295,24.1619,0.0000,0.0000,4.000000,4.000000,5.000000,0.000000,0.000000,96.000000,96.000000,95.000000,100.000000,100.000000,5.0,62.8210,60.1535,420.4173,423.0848,PENDING_AG03,FALSE,NOT_FOR_ENFORCEMENT,463.9088,46319.4703,483.2383,463.9088,19.3295,0.00902045,0.00865963,19.3295,463.9088,0.00865963,19.3295,19.3295,24.1619,0.0000,0.0000,463.9088,0.00865963,62.8210,60.1535,420.4173,423.0848,0.00784779,0.00789758,0.00036082,9.3346,8.4088,0.0842,5.5545,0.2517,615.7635,65.9540,8.3255,9.6426,5.1431,5.1891,8.2617,16.7816,25.8881,44.2602,5.1891,0.0,4.9889,8.529385,1.798876,29,193,98,2,0.20855820,0.00902045,0.00297427,0E-8,0.000000,0.900656,0.000000,0.00763944,2026-03-21,2026-08-06,87,1920,882,139,0.625899,0.863400,0.891889,0.695194,,,,,,,,GLOBAL_BASELINE_NO_ENTITY_RANKING,,,NOT_APPLICABLE_GLOBAL_BASELINE,HF9g-P5,,,,X 全窗基线 · 不参与实体赏罚,8396391,840,A168_HF9F_20260827_0900,2026-08-27 09:00:00
2026-04-27,54653530,987,0,5.2351909536,4.9734314059,4.9734314059,1.0000000,1,1,0.50665070000000000,0.506650700000,0.9867858985152569,0.9867858985152569,0.9867858985152569,0E-17,ELIGIBLE,R03b_20260811_FULL_v1,L1_ELIGIBILITY,v2026-08-11,2026-03-21..2026-08-06,baccarat_bet02_101_all_pairs_incl_sentinel,round_win = game_pnl > 0 (decisive only),COMPATIBILITY_ONLY_NOT_PRODUCTION,53571.4227,48249.4483,483.2383,5739,5738,-0.00902045,-0.00297427,-0.01061372,-0.00902045,-483.2383,53571.4227,OK,0.0000,19.3295,4.0000,96.0000,AG03-UNRESOLVED,ALL5_LEVELS_bet23_to_bet27,19.3295,19.3295,24.1619,0.0000,0.0000,4.000000,4.000000,5.000000,0.000000,0.000000,96.000000,96.000000,95.000000,100.000000,100.000000,5.0,62.8210,60.1535,420.4173,423.0848,PENDING_AG03,FALSE,NOT_FOR_ENFORCEMENT,463.9088,46319.4703,483.2383,463.9088,19.3295,0.00902045,0.00865963,19.3295,463.9088,0.00865963,19.3295,19.3295,24.1619,0.0000,0.0000,463.9088,0.00865963,62.8210,60.1535,420.4173,423.0848,0.00784779,0.00789758,0.00036082,9.3346,8.4088,0.0842,5.5545,0.2517,615.7635,65.9540,8.3255,9.6426,5.1431,5.1891,8.2617,16.7816,25.8881,44.2602,5.1891,0.0,4.9889,8.529385,1.798876,29,193,98,2,0.20855820,0.00902045,0.00297427,0E-8,0.000000,0.900656,0.000000,0.00763944,2026-03-21,2026-08-06,87,1920,882,139,0.625899,0.863400,0.891889,0.695194,,,,,,,,GLOBAL_BASELINE_NO_ENTITY_RANKING,,,NOT_APPLICABLE_GLOBAL_BASELINE,HF9g-P5,,,,X 全窗基线 · 不参与实体赏罚,8396392,840,A168_HF9F_20260827_0900,2026-08-27 09:00:00
2026-04-28,54653530,-1,1,36.6463366752,14.3967751223,14.3967751223,0.6000000,5,5,0.50665070000000000,0.506650700000,0.4175076967804994,0.4175076967804994,0.4175076967804994,0E-17,SENTINEL_DEALER,R03b_20260811_FULL_v1,L1_ELIGIBILITY,v2026-08-11,2026-03-21..2026-08-06,baccarat_bet02_101_all_pairs_incl_sentinel,round_win = game_pnl > 0 (decisive only),COMPATIBILITY_ONLY_NOT_PRODUCTION,53571.4227,48249.4483,483.2383,5739,5738,-0.00902045,-0.00297427,-0.01061372,-0.00902045,-483.2383,53571.4227,OK,0.0000,19.3295,4.0000,96.0000,AG03-UNRESOLVED,ALL5_LEVELS_bet23_to_bet27,19.3295,19.3295,24.1619,0.0000,0.0000,4.000000,4.000000,5.000000,0.000000,0.000000,96.000000,96.000000,95.000000,100.000000,100.000000,5.0,62.8210,60.1535,420.4173,423.0848,PENDING_AG03,FALSE,NOT_FOR_ENFORCEMENT,463.9088,46319.4703,483.2383,463.9088,19.3295,0.00902045,0.00865963,19.3295,463.9088,0.00865963,19.3295,19.3295,24.1619,0.0000,0.0000,463.9088,0.00865963,62.8210,60.1535,420.4173,423.0848,0.00784779,0.00789758,0.00036082,9.3346,8.4088,0.0842,5.5545,0.2517,615.7635,65.9540,8.3255,9.6426,5.1431,5.1891,8.2617,16.7816,25.8881,44.2602,5.1891,0.0,4.9889,8.529385,1.798876,29,193,98,2,0.20855820,0.00902045,0.00297427,0E-8,0.000000,0.900656,0.000000,0.00763944,2026-03-21,2026-08-06,87,1920,882,139,0.625899,0.863400,0.891889,0.695194,,,,,,,,GLOBAL_BASELINE_NO_ENTITY_RANKING,,,NOT_APPLICABLE_GLOBAL_BASELINE,HF9g-P5,,,,X 全窗基线 · 不参与实体赏罚,8396393,840,A168_HF9F_20260827_0900,2026-08-27 09:00:00
2026-04-28,54653530,1150,0,30.1023479832,3.0756746852,3.0756746852,0.3333333,3,3,0.50665070000000000,0.506650700000,-0.6004420894325239,-0.6004420894325239,-0.6004420894325239,0E-17,ELIGIBLE,R03b_20260811_FULL_v1,L1_ELIGIBILITY,v2026-08-11,2026-03-21..2026-08-06,baccarat_bet02_101_all_pairs_incl_sentinel,round_win = game_pnl > 0 (decisive only),COMPATIBILITY_ONLY_NOT_PRODUCTION,53571.4227,48249.4483,483.2383,5739,5738,-0.00902045,-0.00297427,-0.01061372,-0.00902045,-483.2383,53571.4227,OK,0.0000,19.3295,4.0000,96.0000,AG03-UNRESOLVED,ALL5_LEVELS_bet23_to_bet27,19.3295,19.3295,24.1619,0.0000,0.0000,4.000000,4.000000,5.000000,0.000000,0.000000,96.000000,96.000000,95.000000,100.000000,100.000000,5.0,62.8210,60.1535,420.4173,423.0848,PENDING_AG03,FALSE,NOT_FOR_ENFORCEMENT,463.9088,46319.4703,483.2383,463.9088,19.3295,0.00902045,0.00865963,19.3295,463.9088,0.00865963,19.3295,19.3295,24.1619,0.0000,0.0000,463.9088,0.00865963,62.8210,60.1535,420.4173,423.0848,0.00784779,0.00789758,0.00036082,9.3346,8.4088,0.0842,5.5545,0.2517,615.7635,65.9540,8.3255,9.6426,5.1431,5.1891,8.2617,16.7816,25.8881,44.2602,5.1891,0.0,4.9889,8.529385,1.798876,29,193,98,2,0.20855820,0.00902045,0.00297427,0E-8,0.000000,0.900656,0.000000,0.00763944,2026-03-21,2026-08-06,87,1920,882,139,0.625899,0.863400,0.891889,0.695194,,,,,,,,GLOBAL_BASELINE_NO_ENTITY_RANKING,,,NOT_APPLICABLE_GLOBAL_BASELINE,HF9g-P5,,,,X 全窗基线 · 不参与实体赏罚,8396394,840,A168_HF9F_20260827_0900,2026-08-27 09:00:00
2026-04-28,54653530,1151,0,10.7321414549,5.2221029762,5.2221029762,1.0000000,2,2,0.50665070000000000,0.506650700000,0.9867858985152569,0.9867858985152569,0.9867858985152569,0E-17,ELIGIBLE,R03b_20260811_FULL_v1,L1_ELIGIBILITY,v2026-08-11,2026-03-21..2026-08-06,baccarat_bet02_101_all_pairs_incl_sentinel,round_win = game_pnl > 0 (decisive only),COMPATIBILITY_ONLY_NOT_PRODUCTION,53571.4227,48249.4483,483.2383,5739,5738,-0.00902045,-0.00297427,-0.01061372,-0.00902045,-483.2383,53571.4227,OK,0.0000,19.3295,4.0000,96.0000,AG03-UNRESOLVED,ALL5_LEVELS_bet23_to_bet27,19.3295,19.3295,24.1619,0.0000,0.0000,4.000000,4.000000,5.000000,0.000000,0.000000,96.000000,96.000000,95.000000,100.000000,100.000000,5.0,62.8210,60.1535,420.4173,423.0848,PENDING_AG03,FALSE,NOT_FOR_ENFORCEMENT,463.9088,46319.4703,483.2383,463.9088,19.3295,0.00902045,0.00865963,19.3295,463.9088,0.00865963,19.3295,19.3295,24.1619,0.0000,0.0000,463.9088,0.00865963,62.8210,60.1535,420.4173,423.0848,0.00784779,0.00789758,0.00036082,9.3346,8.4088,0.0842,5.5545,0.2517,615.7635,65.9540,8.3255,9.6426,5.1431,5.1891,8.2617,16.7816,25.8881,44.2602,5.1891,0.0,4.9889,8.529385,1.798876,29,193,98,2,0.20855820,0.00902045,0.00297427,0E-8,0.000000,0.900656,0.000000,0.00763944,2026-03-21,2026-08-06,87,1920,882,139,0.625899,0.863400,0.891889,0.695194,,,,,,,,GLOBAL_BASELINE_NO_ENTITY_RANKING,,,NOT_APPLICABLE_GLOBAL_BASELINE,HF9g-P5,,,,X 全窗基线 · 不参与实体赏罚,8396395,840,A168_HF9F_20260827_0900,2026-08-27 09:00:00
2026-04-28,54653530,1205,0,13.0879773840,2.2249561553,2.2249561553,0.5000000,2,2,0.50665070000000000,0.506650700000,-0.018812684590367487,-0.018812684590367487,-0.018812684590367487,0E-17,ELIGIBLE,R03b_20260811_FULL_v1,L1_ELIGIBILITY,v2026-08-11,2026-03-21..2026-08-06,baccarat_bet02_101_all_pairs_incl_sentinel,round_win = game_pnl > 0 (decisive only),COMPATIBILITY_ONLY_NOT_PRODUCTION,53571.4227,48249.4483,483.2383,5739,5738,-0.00902045,-0.00297427,-0.01061372,-0.00902045,-483.2383,53571.4227,OK,0.0000,19.3295,4.0000,96.0000,AG03-UNRESOLVED,ALL5_LEVELS_bet23_to_bet27,19.3295,19.3295,24.1619,0.0000,0.0000,4.000000,4.000000,5.000000,0.000000,0.000000,96.000000,96.000000,95.000000,100.000000,100.000000,5.0,62.8210,60.1535,420.4173,423.0848,PENDING_AG03,FALSE,NOT_FOR_ENFORCEMENT,463.9088,46319.4703,483.2383,463.9088,19.3295,0.00902045,0.00865963,19.3295,463.9088,0.00865963,19.3295,19.3295,24.1619,0.0000,0.0000,463.9088,0.00865963,62.8210,60.1535,420.4173,423.0848,0.00784779,0.00789758,0.00036082,9.3346,8.4088,0.0842,5.5545,0.2517,615.7635,65.9540,8.3255,9.6426,5.1431,5.1891,8.2617,16.7816,25.8881,44.2602,5.1891,0.0,4.9889,8.529385,1.798876,29,193,98,2,0.20855820,0.00902045,0.00297427,0E-8,0.000000,0.900656,0.000000,0.00763944,2026-03-21,2026-08-06,87,1920,882,139,0.625899,0.863400,0.891889,0.695194,,,,,,,,GLOBAL_BASELINE_NO_ENTITY_RANKING,,,NOT_APPLICABLE_GLOBAL_BASELINE,HF9g-P5,,,,X 全窗基线 · 不参与实体赏罚,8396396,840,A168_HF9F_20260827_0900,2026-08-27 09:00:00
2026-04-28,54653530,1485,0,13.0879773840,2.2249561553,2.2249561553,0.5000000,2,2,0.50665070000000000,0.506650700000,-0.018812684590367487,-0.018812684590367487,-0.018812684590367487,0E-17,ELIGIBLE,R03b_20260811_FULL_v1,L1_ELIGIBILITY,v2026-08-11,2026-03-21..2026-08-06,baccarat_bet02_101_all_pairs_incl_sentinel,round_win = game_pnl > 0 (decisive only),COMPATIBILITY_ONLY_NOT_PRODUCTION,53571.4227,48249.4483,483.2383,5739,5738,-0.00902045,-0.00297427,-0.01061372,-0.00902045,-483.2383,53571.4227,OK,0.0000,19.3295,4.0000,96.0000,AG03-UNRESOLVED,ALL5_LEVELS_bet23_to_bet27,19.3295,19.3295,24.1619,0.0000,0.0000,4.000000,4.000000,5.000000,0.000000,0.000000,96.000000,96.000000,95.000000,100.000000,100.000000,5.0,62.8210,60.1535,420.4173,423.0848,PENDING_AG03,FALSE,NOT_FOR_ENFORCEMENT,463.9088,46319.4703,483.2383,463.9088,19.3295,0.00902045,0.00865963,19.3295,463.9088,0.00865963,19.3295,19.3295,24.1619,0.0000,0.0000,463.9088,0.00865963,62.8210,60.1535,420.4173,423.0848,0.00784779,0.00789758,0.00036082,9.3346,8.4088,0.0842,5.5545,0.2517,615.7635,65.9540,8.3255,9.6426,5.1431,5.1891,8.2617,16.7816,25.8881,44.2602,5.1891,0.0,4.9889,8.529385,1.798876,29,193,98,2,0.20855820,0.00902045,0.00297427,0E-8,0.000000,0.900656,0.000000,0.00763944,2026-03-21,2026-08-06,87,1920,882,139,0.625899,0.863400,0.891889,0.695194,,,,,,,,GLOBAL_BASELINE_NO_ENTITY_RANKING,,,NOT_APPLICABLE_GLOBAL_BASELINE,HF9g-P5,,,,X 全窗基线 · 不参与实体赏罚,8396397,840,A168_HF9F_20260827_0900,2026-08-27 09:00:00
2026-04-28,54653530,1490,0,5.2351909536,4.9734314059,4.9734314059,1.0000000,1,1,0.50665070000000000,0.506650700000,0.9867858985152569,0.9867858985152569,0.9867858985152569,0E-17,ELIGIBLE,R03b_20260811_FULL_v1,L1_ELIGIBILITY,v2026-08-11,2026-03-21..2026-08-06,baccarat_bet02_101_all_pairs_incl_sentinel,round_win = game_pnl > 0 (decisive only),COMPATIBILITY_ONLY_NOT_PRODUCTION,53571.4227,48249.4483,483.2383,5739,5738,-0.00902045,-0.00297427,-0.01061372,-0.00902045,-483.2383,53571.4227,OK,0.0000,19.3295,4.0000,96.0000,AG03-UNRESOLVED,ALL5_LEVELS_bet23_to_bet27,19.3295,19.3295,24.1619,0.0000,0.0000,4.000000,4.000000,5.000000,0.000000,0.000000,96.000000,96.000000,95.000000,100.000000,100.000000,5.0,62.8210,60.1535,420.4173,423.0848,PENDING_AG03,FALSE,NOT_FOR_ENFORCEMENT,463.9088,46319.4703,483.2383,463.9088,19.3295,0.00902045,0.00865963,19.3295,463.9088,0.00865963,19.3295,19.3295,24.1619,0.0000,0.0000,463.9088,0.00865963,62.8210,60.1535,420.4173,423.0848,0.00784779,0.00789758,0.00036082,9.3346,8.4088,0.0842,5.5545,0.2517,615.7635,65.9540,8.3255,9.6426,5.1431,5.1891,8.2617,16.7816,25.8881,44.2602,5.1891,0.0,4.9889,8.529385,1.798876,29,193,98,2,0.20855820,0.00902045,0.00297427,0E-8,0.000000,0.900656,0.000000,0.00763944,2026-03-21,2026-08-06,87,1920,882,139,0.625899,0.863400,0.891889,0.695194,,,,,,,,GLOBAL_BASELINE_NO_ENTITY_RANKING,,,NOT_APPLICABLE_GLOBAL_BASELINE,HF9g-P5,,,,X 全窗基线 · 不参与实体赏罚,8396398,840,A168_HF9F_20260827_0900,2026-08-27 09:00:00
2026-04-28,54653530,2088,0,5.2351909536,4.9734314059,4.9734314059,1.0000000,1,1,0.50665070000000000,0.506650700000,0.9867858985152569,0.9867858985152569,0.9867858985152569,0E-17,ELIGIBLE,R03b_20260811_FULL_v1,L1_ELIGIBILITY,v2026-08-11,2026-03-21..2026-08-06,baccarat_bet02_101_all_pairs_incl_sentinel,round_win = game_pnl > 0 (decisive only),COMPATIBILITY_ONLY_NOT_PRODUCTION,53571.4227,48249.4483,483.2383,5739,5738,-0.00902045,-0.00297427,-0.01061372,-0.00902045,-483.2383,53571.4227,OK,0.0000,19.3295,4.0000,96.0000,AG03-UNRESOLVED,ALL5_LEVELS_bet23_to_bet27,19.3295,19.3295,24.1619,0.0000,0.0000,4.000000,4.000000,5.000000,0.000000,0.000000,96.000000,96.000000,95.000000,100.000000,100.000000,5.0,62.8210,60.1535,420.4173,423.0848,PENDING_AG03,FALSE,NOT_FOR_ENFORCEMENT,463.9088,46319.4703,483.2383,463.9088,19.3295,0.00902045,0.00865963,19.3295,463.9088,0.00865963,19.3295,19.3295,24.1619,0.0000,0.0000,463.9088,0.00865963,62.8210,60.1535,420.4173,423.0848,0.00784779,0.00789758,0.00036082,9.3346,8.4088,0.0842,5.5545,0.2517,615.7635,65.9540,8.3255,9.6426,5.1431,5.1891,8.2617,16.7816,25.8881,44.2602,5.1891,0.0,4.9889,8.529385,1.798876,29,193,98,2,0.20855820,0.00902045,0.00297427,0E-8,0.000000,0.900656,0.000000,0.00763944,2026-03-21,2026-08-06,87,1920,882,139,0.625899,0.863400,0.891889,0.695194,,,,,,,,GLOBAL_BASELINE_NO_ENTITY_RANKING,,,NOT_APPLICABLE_GLOBAL_BASELINE,HF9g-P5,,,,X 全窗基线 · 不参与实体赏罚,8396399,840,A168_HF9F_20260827_0900,2026-08-27 09:00:00
2026-04-28,54653530,2092,0,14.3967751224,-14.3967751224,-14.3967751224,0E-7,2,2,0.50665070000000000,0.506650700000,-1.4331513700195317,-1.4331513700195317,-1.4331513700195317,0E-17,ELIGIBLE,R03b_20260811_FULL_v1,L1_ELIGIBILITY,v2026-08-11,2026-03-21..2026-08-06,baccarat_bet02_101_all_pairs_incl_sentinel,round_win = game_pnl > 0 (decisive only),COMPATIBILITY_ONLY_NOT_PRODUCTION,53571.4227,48249.4483,483.2383,5739,5738,-0.00902045,-0.00297427,-0.01061372,-0.00902045,-483.2383,53571.4227,OK,0.0000,19.3295,4.0000,96.0000,AG03-UNRESOLVED,ALL5_LEVELS_bet23_to_bet27,19.3295,19.3295,24.1619,0.0000,0.0000,4.000000,4.000000,5.000000,0.000000,0.000000,96.000000,96.000000,95.000000,100.000000,100.000000,5.0,62.8210,60.1535,420.4173,423.0848,PENDING_AG03,FALSE,NOT_FOR_ENFORCEMENT,463.9088,46319.4703,483.2383,463.9088,19.3295,0.00902045,0.00865963,19.3295,463.9088,0.00865963,19.3295,19.3295,24.1619,0.0000,0.0000,463.9088,0.00865963,62.8210,60.1535,420.4173,423.0848,0.00784779,0.00789758,0.00036082,9.3346,8.4088,0.0842,5.5545,0.2517,615.7635,65.9540,8.3255,9.6426,5.1431,5.1891,8.2617,16.7816,25.8881,44.2602,5.1891,0.0,4.9889,8.529385,1.798876,29,193,98,2,0.20855820,0.00902045,0.00297427,0E-8,0.000000,0.900656,0.000000,0.00763944,2026-03-21,2026-08-06,87,1920,882,139,0.625899,0.863400,0.891889,0.695194,,,,,,,,GLOBAL_BASELINE_NO_ENTITY_RANKING,,,NOT_APPLICABLE_GLOBAL_BASELINE,HF9g-P5,,,,X 全窗基线 · 不参与实体赏罚,8396400,840,A168_HF9F_20260827_0900,2026-08-27 09:00:00
2026-04-28,54653530,2093,0,29.5788288878,2.8793550244,2.8793550244,0.3333333,3,3,0.50218230000000000,0.502182300000,-0.5849155494134425,-0.5849155494134426,-0.5849155494134425,0E-17,ELIGIBLE,R03b_20260811_FULL_v1,L1_ELIGIBILITY,v2026-08-11,2026-03-21..2026-08-06,baccarat_bet02_101_all_pairs_incl_sentinel,round_win = game_pnl > 0 (decisive only),COMPATIBILITY_ONLY_NOT_PRODUCTION,53571.4227,48249.4483,483.2383,5739,5738,-0.00902045,-0.00297427,-0.01061372,-0.00902045,-483.2383,53571.4227,OK,0.0000,19.3295,4.0000,96.0000,AG03-UNRESOLVED,ALL5_LEVELS_bet23_to_bet27,19.3295,19.3295,24.1619,0.0000,0.0000,4.000000,4.000000,5.000000,0.000000,0.000000,96.000000,96.000000,95.000000,100.000000,100.000000,5.0,62.8210,60.1535,420.4173,423.0848,PENDING_AG03,FALSE,NOT_FOR_ENFORCEMENT,463.9088,46319.4703,483.2383,463.9088,19.3295,0.00902045,0.00865963,19.3295,463.9088,0.00865963,19.3295,19.3295,24.1619,0.0000,0.0000,463.9088,0.00865963,62.8210,60.1535,420.4173,423.0848,0.00784779,0.00789758,0.00036082,9.3346,8.4088,0.0842,5.5545,0.2517,615.7635,65.9540,8.3255,9.6426,5.1431,5.1891,8.2617,16.7816,25.8881,44.2602,5.1891,0.0,4.9889,8.529385,1.798876,29,193,98,2,0.20855820,0.00902045,0.00297427,0E-8,0.000000,0.900656,0.000000,0.00763944,2026-03-21,2026-08-06,87,1920,882,139,0.625899,0.863400,0.891889,0.695194,,,,,,,,GLOBAL_BASELINE_NO_ENTITY_RANKING,,,NOT_APPLICABLE_GLOBAL_BASELINE,HF9g-P5,,,,X 全窗基线 · 不参与实体赏罚,8396401,840,A168_HF9F_20260827_0900,2026-08-27 09:00:00
2026-04-28,54653530,2141,0,19.3702065283,2.7092113185,2.7092113185,0.5000000,3,3,0.50665070000000000,0.506650700000,-0.018812684590367487,-0.018812684590367487,-0.018812684590367487,0E-17,ELIGIBLE,R03b_20260811_FULL_v1,L1_ELIGIBILITY,v2026-08-11,2026-03-21..2026-08-06,baccarat_bet02_101_all_pairs_incl_sentinel,round_win = game_pnl > 0 (decisive only),COMPATIBILITY_ONLY_NOT_PRODUCTION,53571.4227,48249.4483,483.2383,5739,5738,-0.00902045,-0.00297427,-0.01061372,-0.00902045,-483.2383,53571.4227,OK,0.0000,19.3295,4.0000,96.0000,AG03-UNRESOLVED,ALL5_LEVELS_bet23_to_bet27,19.3295,19.3295,24.1619,0.0000,0.0000,4.000000,4.000000,5.000000,0.000000,0.000000,96.000000,96.000000,95.000000,100.000000,100.000000,5.0,62.8210,60.1535,420.4173,423.0848,PENDING_AG03,FALSE,NOT_FOR_ENFORCEMENT,463.9088,46319.4703,483.2383,463.9088,19.3295,0.00902045,0.00865963,19.3295,463.9088,0.00865963,19.3295,19.3295,24.1619,0.0000,0.0000,463.9088,0.00865963,62.8210,60.1535,420.4173,423.0848,0.00784779,0.00789758,0.00036082,9.3346,8.4088,0.0842,5.5545,0.2517,615.7635,65.9540,8.3255,9.6426,5.1431,5.1891,8.2617,16.7816,25.8881,44.2602,5.1891,0.0,4.9889,8.529385,1.798876,29,193,98,2,0.20855820,0.00902045,0.00297427,0E-8,0.000000,0.900656,0.000000,0.00763944,2026-03-21,2026-08-06,87,1920,882,139,0.625899,0.863400,0.891889,0.695194,,,,,,,,GLOBAL_BASELINE_NO_ENTITY_RANKING,,,NOT_APPLICABLE_GLOBAL_BASELINE,HF9g-P5,,,,X 全窗基线 · 不参与实体赏罚,8396402,840,A168_HF9F_20260827_0900,2026-08-27 09:00:00
2026-04-28,54653530,2202,0,5.2351909536,4.9734314059,4.9734314059,1.0000000,1,1,0.50665070000000000,0.506650700000,0.9867858985152569,0.9867858985152569,0.9867858985152569,0E-17,ELIGIBLE,R03b_20260811_FULL_v1,L1_ELIGIBILITY,v2026-08-11,2026-03-21..2026-08-06,baccarat_bet02_101_all_pairs_incl_sentinel,round_win = game_pnl > 0 (decisive only),COMPATIBILITY_ONLY_NOT_PRODUCTION,53571.4227,48249.4483,483.2383,5739,5738,-0.00902045,-0.00297427,-0.01061372,-0.00902045,-483.2383,53571.4227,OK,0.0000,19.3295,4.0000,96.0000,AG03-UNRESOLVED,ALL5_LEVELS_bet23_to_bet27,19.3295,19.3295,24.1619,0.0000,0.0000,4.000000,4.000000,5.000000,0.000000,0.000000,96.000000,96.000000,95.000000,100.000000,100.000000,5.0,62.8210,60.1535,420.4173,423.0848,PENDING_AG03,FALSE,NOT_FOR_ENFORCEMENT,463.9088,46319.4703,483.2383,463.9088,19.3295,0.00902045,0.00865963,19.3295,463.9088,0.00865963,19.3295,19.3295,24.1619,0.0000,0.0000,463.9088,0.00865963,62.8210,60.1535,420.4173,423.0848,0.00784779,0.00789758,0.00036082,9.3346,8.4088,0.0842,5.5545,0.2517,615.7635,65.9540,8.3255,9.6426,5.1431,5.1891,8.2617,16.7816,25.8881,44.2602,5.1891,0.0,4.9889,8.529385,1.798876,29,193,98,2,0.20855820,0.00902045,0.00297427,0E-8,0.000000,0.900656,0.000000,0.00763944,2026-03-21,2026-08-06,87,1920,882,139,0.625899,0.863400,0.891889,0.695194,,,,,,,,GLOBAL_BASELINE_NO_ENTITY_RANKING,,,NOT_APPLICABLE_GLOBAL_BASELINE,HF9g-P5,,,,X 全窗基线 · 不参与实体赏罚,8396403,840,A168_HF9F_20260827_0900,2026-08-27 09:00:00
2026-04-28,54653530,2212,0,60.9899746094,-60.9899746094,-60.9899746094,0E-7,2,2,0.50665070000000000,0.506650700000,-1.4331513700195317,-1.4331513700195317,-1.4331513700195317,0E-17,ELIGIBLE,R03b_20260811_FULL_v1,L1_ELIGIBILITY,v2026-08-11,2026-03-21..2026-08-06,baccarat_bet02_101_all_pairs_incl_sentinel,round_win = game_pnl > 0 (decisive only),COMPATIBILITY_ONLY_NOT_PRODUCTION,53571.4227,48249.4483,483.2383,5739,5738,-0.00902045,-0.00297427,-0.01061372,-0.00902045,-483.2383,53571.4227,OK,0.0000,19.3295,4.0000,96.0000,AG03-UNRESOLVED,ALL5_LEVELS_bet23_to_bet27,19.3295,19.3295,24.1619,0.0000,0.0000,4.000000,4.000000,5.000000,0.000000,0.000000,96.000000,96.000000,95.000000,100.000000,100.000000,5.0,62.8210,60.1535,420.4173,423.0848,PENDING_AG03,FALSE,NOT_FOR_ENFORCEMENT,463.9088,46319.4703,483.2383,463.9088,19.3295,0.00902045,0.00865963,19.3295,463.9088,0.00865963,19.3295,19.3295,24.1619,0.0000,0.0000,463.9088,0.00865963,62.8210,60.1535,420.4173,423.0848,0.00784779,0.00789758,0.00036082,9.3346,8.4088,0.0842,5.5545,0.2517,615.7635,65.9540,8.3255,9.6426,5.1431,5.1891,8.2617,16.7816,25.8881,44.2602,5.1891,0.0,4.9889,8.529385,1.798876,29,193,98,2,0.20855820,0.00902045,0.00297427,0E-8,0.000000,0.900656,0.000000,0.00763944,2026-03-21,2026-08-06,87,1920,882,139,0.625899,0.863400,0.891889,0.695194,,,,,,,,GLOBAL_BASELINE_NO_ENTITY_RANKING,,,NOT_APPLICABLE_GLOBAL_BASELINE,HF9g-P5,,,,X 全窗基线 · 不参与实体赏罚,8396404,840,A168_HF9F_20260827_0900,2026-08-27 09:00:00
2026-04-28,54653530,2246,0,10.7321414549,10.1955343821,10.1955343821,1.0000000,2,2,0.50665070000000000,0.506650700000,1.3955260008387969,1.3955260008387969,1.3955260008387969,0E-17,ELIGIBLE,R03b_20260811_FULL_v1,L1_ELIGIBILITY,v2026-08-11,2026-03-21..2026-08-06,baccarat_bet02_101_all_pairs_incl_sentinel,round_win = game_pnl > 0 (decisive only),COMPATIBILITY_ONLY_NOT_PRODUCTION,53571.4227,48249.4483,483.2383,5739,5738,-0.00902045,-0.00297427,-0.01061372,-0.00902045,-483.2383,53571.4227,OK,0.0000,19.3295,4.0000,96.0000,AG03-UNRESOLVED,ALL5_LEVELS_bet23_to_bet27,19.3295,19.3295,24.1619,0.0000,0.0000,4.000000,4.000000,5.000000,0.000000,0.000000,96.000000,96.000000,95.000000,100.000000,100.000000,5.0,62.8210,60.1535,420.4173,423.0848,PENDING_AG03,FALSE,NOT_FOR_ENFORCEMENT,463.9088,46319.4703,483.2383,463.9088,19.3295,0.00902045,0.00865963,19.3295,463.9088,0.00865963,19.3295,19.3295,24.1619,0.0000,0.0000,463.9088,0.00865963,62.8210,60.1535,420.4173,423.0848,0.00784779,0.00789758,0.00036082,9.3346,8.4088,0.0842,5.5545,0.2517,615.7635,65.9540,8.3255,9.6426,5.1431,5.1891,8.2617,16.7816,25.8881,44.2602,5.1891,0.0,4.9889,8.529385,1.798876,29,193,98,2,0.20855820,0.00902045,0.00297427,0E-8,0.000000,0.900656,0.000000,0.00763944,2026-03-21,2026-08-06,87,1920,882,139,0.625899,0.863400,0.891889,0.695194,,,,,,,,GLOBAL_BASELINE_NO_ENTITY_RANKING,,,NOT_APPLICABLE_GLOBAL_BASELINE,HF9g-P5,,,,X 全窗基线 · 不参与实体赏罚,8396405,840,A168_HF9F_20260827_0900,2026-08-27 09:00:00
2026-04-28,54653530,2252,0,5.2351909536,5.2351909536,5.2351909536,1.0000000,1,1,0.49324550000000000,0.493245500000,1.01360149184955,1.01360149184955,1.01360149184955,0E-17,ELIGIBLE,R03b_20260811_FULL_v1,L1_ELIGIBILITY,v2026-08-11,2026-03-21..2026-08-06,baccarat_bet02_101_all_pairs_incl_sentinel,round_win = game_pnl > 0 (decisive only),COMPATIBILITY_ONLY_NOT_PRODUCTION,53571.4227,48249.4483,483.2383,5739,5738,-0.00902045,-0.00297427,-0.01061372,-0.00902045,-483.2383,53571.4227,OK,0.0000,19.3295,4.0000,96.0000,AG03-UNRESOLVED,ALL5_LEVELS_bet23_to_bet27,19.3295,19.3295,24.1619,0.0000,0.0000,4.000000,4.000000,5.000000,0.000000,0.000000,96.000000,96.000000,95.000000,100.000000,100.000000,5.0,62.8210,60.1535,420.4173,423.0848,PENDING_AG03,FALSE,NOT_FOR_ENFORCEMENT,463.9088,46319.4703,483.2383,463.9088,19.3295,0.00902045,0.00865963,19.3295,463.9088,0.00865963,19.3295,19.3295,24.1619,0.0000,0.0000,463.9088,0.00865963,62.8210,60.1535,420.4173,423.0848,0.00784779,0.00789758,0.00036082,9.3346,8.4088,0.0842,5.5545,0.2517,615.7635,65.9540,8.3255,9.6426,5.1431,5.1891,8.2617,16.7816,25.8881,44.2602,5.1891,0.0,4.9889,8.529385,1.798876,29,193,98,2,0.20855820,0.00902045,0.00297427,0E-8,0.000000,0.900656,0.000000,0.00763944,2026-03-21,2026-08-06,87,1920,882,139,0.625899,0.863400,0.891889,0.695194,,,,,,,,GLOBAL_BASELINE_NO_ENTITY_RANKING,,,NOT_APPLICABLE_GLOBAL_BASELINE,HF9g-P5,,,,X 全窗基线 · 不参与实体赏罚,8396406,840,A168_HF9F_20260827_0900,2026-08-27 09:00:00
2026-04-28,54653530,2271,0,5.2351909536,4.9734314059,4.9734314059,1.0000000,1,1,0.50665070000000000,0.506650700000,0.9867858985152569,0.9867858985152569,0.9867858985152569,0E-17,ELIGIBLE,R03b_20260811_FULL_v1,L1_ELIGIBILITY,v2026-08-11,2026-03-21..2026-08-06,baccarat_bet02_101_all_pairs_incl_sentinel,round_win = game_pnl > 0 (decisive only),COMPATIBILITY_ONLY_NOT_PRODUCTION,53571.4227,48249.4483,483.2383,5739,5738,-0.00902045,-0.00297427,-0.01061372,-0.00902045,-483.2383,53571.4227,OK,0.0000,19.3295,4.0000,96.0000,AG03-UNRESOLVED,ALL5_LEVELS_bet23_to_bet27,19.3295,19.3295,24.1619,0.0000,0.0000,4.000000,4.000000,5.000000,0.000000,0.000000,96.000000,96.000000,95.000000,100.000000,100.000000,5.0,62.8210,60.1535,420.4173,423.0848,PENDING_AG03,FALSE,NOT_FOR_ENFORCEMENT,463.9088,46319.4703,483.2383,463.9088,19.3295,0.00902045,0.00865963,19.3295,463.9088,0.00865963,19.3295,19.3295,24.1619,0.0000,0.0000,463.9088,0.00865963,62.8210,60.1535,420.4173,423.0848,0.00784779,0.00789758,0.00036082,9.3346,8.4088,0.0842,5.5545,0.2517,615.7635,65.9540,8.3255,9.6426,5.1431,5.1891,8.2617,16.7816,25.8881,44.2602,5.1891,0.0,4.9889,8.529385,1.798876,29,193,98,2,0.20855820,0.00902045,0.00297427,0E-8,0.000000,0.900656,0.000000,0.00763944,2026-03-21,2026-08-06,87,1920,882,139,0.625899,0.863400,0.891889,0.695194,,,,,,,,GLOBAL_BASELINE_NO_ENTITY_RANKING,,,NOT_APPLICABLE_GLOBAL_BASELINE,HF9g-P5,,,,X 全窗基线 · 不参与实体赏罚,8396407,840,A168_HF9F_20260827_0900,2026-08-27 09:00:00
2026-04-30,54653530,1094,0,21.7260424574,9.9206868570,9.9206868570,0.6666667,3,3,0.50665070000000000,0.506650700000,0.5543606114942035,0.5543606114942035,0.5543606114942035,0E-17,ELIGIBLE,R03b_20260811_FULL_v1,L1_ELIGIBILITY,v2026-08-11,2026-03-21..2026-08-06,baccarat_bet02_101_all_pairs_incl_sentinel,round_win = game_pnl > 0 (decisive only),COMPATIBILITY_ONLY_NOT_PRODUCTION,53571.4227,48249.4483,483.2383,5739,5738,-0.00902045,-0.00297427,-0.01061372,-0.00902045,-483.2383,53571.4227,OK,0.0000,19.3295,4.0000,96.0000,AG03-UNRESOLVED,ALL5_LEVELS_bet23_to_bet27,19.3295,19.3295,24.1619,0.0000,0.0000,4.000000,4.000000,5.000000,0.000000,0.000000,96.000000,96.000000,95.000000,100.000000,100.000000,5.0,62.8210,60.1535,420.4173,423.0848,PENDING_AG03,FALSE,NOT_FOR_ENFORCEMENT,463.9088,46319.4703,483.2383,463.9088,19.3295,0.00902045,0.00865963,19.3295,463.9088,0.00865963,19.3295,19.3295,24.1619,0.0000,0.0000,463.9088,0.00865963,62.8210,60.1535,420.4173,423.0848,0.00784779,0.00789758,0.00036082,9.3346,8.4088,0.0842,5.5545,0.2517,615.7635,65.9540,8.3255,9.6426,5.1431,5.1891,8.2617,16.7816,25.8881,44.2602,5.1891,0.0,4.9889,8.529385,1.798876,29,193,98,2,0.20855820,0.00902045,0.00297427,0E-8,0.000000,0.900656,0.000000,0.00763944,2026-03-21,2026-08-06,87,1920,882,139,0.625899,0.863400,0.891889,0.695194,,,,,,,,GLOBAL_BASELINE_NO_ENTITY_RANKING,,,NOT_APPLICABLE_GLOBAL_BASELINE,HF9g-P5,,,,X 全窗基线 · 不参与实体赏罚,8396408,840,A168_HF9F_20260827_0900,2026-08-27 09:00:00
2026-04-30,54653530,1990,0,13.6114964793,2.7222992959,2.7222992959,0.5000000,2,2,0.50665070000000000,0.506650700000,-0.018812684590367487,-0.018812684590367487,-0.018812684590367487,0E-17,ELIGIBLE,R03b_20260811_FULL_v1,L1_ELIGIBILITY,v2026-08-11,2026-03-21..2026-08-06,baccarat_bet02_101_all_pairs_incl_sentinel,round_win = game_pnl > 0 (decisive only),COMPATIBILITY_ONLY_NOT_PRODUCTION,53571.4227,48249.4483,483.2383,5739,5738,-0.00902045,-0.00297427,-0.01061372,-0.00902045,-483.2383,53571.4227,OK,0.0000,19.3295,4.0000,96.0000,AG03-UNRESOLVED,ALL5_LEVELS_bet23_to_bet27,19.3295,19.3295,24.1619,0.0000,0.0000,4.000000,4.000000,5.000000,0.000000,0.000000,96.000000,96.000000,95.000000,100.000000,100.000000,5.0,62.8210,60.1535,420.4173,423.0848,PENDING_AG03,FALSE,NOT_FOR_ENFORCEMENT,463.9088,46319.4703,483.2383,463.9088,19.3295,0.00902045,0.00865963,19.3295,463.9088,0.00865963,19.3295,19.3295,24.1619,0.0000,0.0000,463.9088,0.00865963,62.8210,60.1535,420.4173,423.0848,0.00784779,0.00789758,0.00036082,9.3346,8.4088,0.0842,5.5545,0.2517,615.7635,65.9540,8.3255,9.6426,5.1431,5.1891,8.2617,16.7816,25.8881,44.2602,5.1891,0.0,4.9889,8.529385,1.798876,29,193,98,2,0.20855820,0.00902045,0.00297427,0E-8,0.000000,0.900656,0.000000,0.00763944,2026-03-21,2026-08-06,87,1920,882,139,0.625899,0.863400,0.891889,0.695194,,,,,,,,GLOBAL_BASELINE_NO_ENTITY_RANKING,,,NOT_APPLICABLE_GLOBAL_BASELINE,HF9g-P5,,,,X 全窗基线 · 不参与实体赏罚,8396409,840,A168_HF9F_20260827_0900,2026-08-27 09:00:00
2026-04-30,54653530,2152,0,5.2351909536,4.9734314059,4.9734314059,1.0000000,1,1,0.50665070000000000,0.506650700000,0.9867858985152569,0.9867858985152569,0.9867858985152569,0E-17,ELIGIBLE,R03b_20260811_FULL_v1,L1_ELIGIBILITY,v2026-08-11,2026-03-21..2026-08-06,baccarat_bet02_101_all_pairs_incl_sentinel,round_win = game_pnl > 0 (decisive only),COMPATIBILITY_ONLY_NOT_PRODUCTION,53571.4227,48249.4483,483.2383,5739,5738,-0.00902045,-0.00297427,-0.01061372,-0.00902045,-483.2383,53571.4227,OK,0.0000,19.3295,4.0000,96.0000,AG03-UNRESOLVED,ALL5_LEVELS_bet23_to_bet27,19.3295,19.3295,24.1619,0.0000,0.0000,4.000000,4.000000,5.000000,0.000000,0.000000,96.000000,96.000000,95.000000,100.000000,100.000000,5.0,62.8210,60.1535,420.4173,423.0848,PENDING_AG03,FALSE,NOT_FOR_ENFORCEMENT,463.9088,46319.4703,483.2383,463.9088,19.3295,0.00902045,0.00865963,19.3295,463.9088,0.00865963,19.3295,19.3295,24.1619,0.0000,0.0000,463.9088,0.00865963,62.8210,60.1535,420.4173,423.0848,0.00784779,0.00789758,0.00036082,9.3346,8.4088,0.0842,5.5545,0.2517,615.7635,65.9540,8.3255,9.6426,5.1431,5.1891,8.2617,16.7816,25.8881,44.2602,5.1891,0.0,4.9889,8.529385,1.798876,29,193,98,2,0.20855820,0.00902045,0.00297427,0E-8,0.000000,0.900656,0.000000,0.00763944,2026-03-21,2026-08-06,87,1920,882,139,0.625899,0.863400,0.891889,0.695194,,,,,,,,GLOBAL_BASELINE_NO_ENTITY_RANKING,,,NOT_APPLICABLE_GLOBAL_BASELINE,HF9g-P5,,,,X 全窗基线 · 不参与实体赏罚,8396410,840,A168_HF9F_20260827_0900,2026-08-27 09:00:00
2026-04-30,54653530,2174,0,20.9407638144,9.6851032641,9.6851032641,0.6666667,3,3,0.50665070000000000,0.506650700000,0.5543606114942035,0.5543606114942035,0.5543606114942035,0E-17,ELIGIBLE,R03b_20260811_FULL_v1,L1_ELIGIBILITY,v2026-08-11,2026-03-21..2026-08-06,baccarat_bet02_101_all_pairs_incl_sentinel,round_win = game_pnl > 0 (decisive only),COMPATIBILITY_ONLY_NOT_PRODUCTION,53571.4227,48249.4483,483.2383,5739,5738,-0.00902045,-0.00297427,-0.01061372,-0.00902045,-483.2383,53571.4227,OK,0.0000,19.3295,4.0000,96.0000,AG03-UNRESOLVED,ALL5_LEVELS_bet23_to_bet27,19.3295,19.3295,24.1619,0.0000,0.0000,4.000000,4.000000,5.000000,0.000000,0.000000,96.000000,96.000000,95.000000,100.000000,100.000000,5.0,62.8210,60.1535,420.4173,423.0848,PENDING_AG03,FALSE,NOT_FOR_ENFORCEMENT,463.9088,46319.4703,483.2383,463.9088,19.3295,0.00902045,0.00865963,19.3295,463.9088,0.00865963,19.3295,19.3295,24.1619,0.0000,0.0000,463.9088,0.00865963,62.8210,60.1535,420.4173,423.0848,0.00784779,0.00789758,0.00036082,9.3346,8.4088,0.0842,5.5545,0.2517,615.7635,65.9540,8.3255,9.6426,5.1431,5.1891,8.2617,16.7816,25.8881,44.2602,5.1891,0.0,4.9889,8.529385,1.798876,29,193,98,2,0.20855820,0.00902045,0.00297427,0E-8,0.000000,0.900656,0.000000,0.00763944,2026-03-21,2026-08-06,87,1920,882,139,0.625899,0.863400,0.891889,0.695194,,,,,,,,GLOBAL_BASELINE_NO_ENTITY_RANKING,,,NOT_APPLICABLE_GLOBAL_BASELINE,HF9g-P5,,,,X 全窗基线 · 不参与实体赏罚,8396411,840,A168_HF9F_20260827_0900,2026-08-27 09:00:00
2026-04-30,54653530,986,0,41.8815276288,9.4233437164,9.4233437164,0.5000000,5,5,0.50665070000000000,0.506650700000,-0.02660515369234503,-0.02660515369234503,-0.02660515369234503,0E-17,ELIGIBLE,R03b_20260811_FULL_v1,L1_ELIGIBILITY,v2026-08-11,2026-03-21..2026-08-06,baccarat_bet02_101_all_pairs_incl_sentinel,round_win = game_pnl > 0 (decisive only),COMPATIBILITY_ONLY_NOT_PRODUCTION,53571.4227,48249.4483,483.2383,5739,5738,-0.00902045,-0.00297427,-0.01061372,-0.00902045,-483.2383,53571.4227,OK,0.0000,19.3295,4.0000,96.0000,AG03-UNRESOLVED,ALL5_LEVELS_bet23_to_bet27,19.3295,19.3295,24.1619,0.0000,0.0000,4.000000,4.000000,5.000000,0.000000,0.000000,96.000000,96.000000,95.000000,100.000000,100.000000,5.0,62.8210,60.1535,420.4173,423.0848,PENDING_AG03,FALSE,NOT_FOR_ENFORCEMENT,463.9088,46319.4703,483.2383,463.9088,19.3295,0.00902045,0.00865963,19.3295,463.9088,0.00865963,19.3295,19.3295,24.1619,0.0000,0.0000,463.9088,0.00865963,62.8210,60.1535,420.4173,423.0848,0.00784779,0.00789758,0.00036082,9.3346,8.4088,0.0842,5.5545,0.2517,615.7635,65.9540,8.3255,9.6426,5.1431,5.1891,8.2617,16.7816,25.8881,44.2602,5.1891,0.0,4.9889,8.529385,1.798876,29,193,98,2,0.20855820,0.00902045,0.00297427,0E-8,0.000000,0.900656,0.000000,0.00763944,2026-03-21,2026-08-06,87,1920,882,139,0.625899,0.863400,0.891889,0.695194,,,,,,,,GLOBAL_BASELINE_NO_ENTITY_RANKING,,,NOT_APPLICABLE_GLOBAL_BASELINE,HF9g-P5,,,,X 全窗基线 · 不参与实体赏罚,8396412,840,A168_HF9F_20260827_0900,2026-08-27 09:00:00
2026-05-01,54653530,-1,1,33.7294380157,-28.5402937056,-28.5402937056,0E-7,4,4,0.49324550000000000,0.493245500000,-1.708808463184432,-1.7088084631844318,-1.708808463184432,0E-17,SENTINEL_DEALER,R03b_20260811_FULL_v1,L1_ELIGIBILITY,v2026-08-11,2026-03-21..2026-08-06,baccarat_bet02_101_all_pairs_incl_sentinel,round_win = game_pnl > 0 (decisive only),COMPATIBILITY_ONLY_NOT_PRODUCTION,53571.4227,48249.4483,483.2383,5739,5738,-0.00902045,-0.00297427,-0.01061372,-0.00902045,-483.2383,53571.4227,OK,0.0000,19.3295,4.0000,96.0000,AG03-UNRESOLVED,ALL5_LEVELS_bet23_to_bet27,19.3295,19.3295,24.1619,0.0000,0.0000,4.000000,4.000000,5.000000,0.000000,0.000000,96.000000,96.000000,95.000000,100.000000,100.000000,5.0,62.8210,60.1535,420.4173,423.0848,PENDING_AG03,FALSE,NOT_FOR_ENFORCEMENT,463.9088,46319.4703,483.2383,463.9088,19.3295,0.00902045,0.00865963,19.3295,463.9088,0.00865963,19.3295,19.3295,24.1619,0.0000,0.0000,463.9088,0.00865963,62.8210,60.1535,420.4173,423.0848,0.00784779,0.00789758,0.00036082,9.3346,8.4088,0.0842,5.5545,0.2517,615.7635,65.9540,8.3255,9.6426,5.1431,5.1891,8.2617,16.7816,25.8881,44.2602,5.1891,0.0,4.9889,8.529385,1.798876,29,193,98,2,0.20855820,0.00902045,0.00297427,0E-8,0.000000,0.900656,0.000000,0.00763944,2026-03-21,2026-08-06,87,1920,882,139,0.625899,0.863400,0.891889,0.695194,,,,,,,,GLOBAL_BASELINE_NO_ENTITY_RANKING,,,NOT_APPLICABLE_GLOBAL_BASELINE,HF9g-P5,,,,X 全窗基线 · 不参与实体赏罚,8396413,840,A168_HF9F_20260827_0900,2026-08-27 09:00:00
2026-05-01,54653530,2123,0,28.5402937056,-28.5402937056,-28.5402937056,0E-7,3,3,0.50665070000000000,0.506650700000,-1.7552447903592512,-1.7552447903592512,-1.7552447903592512,0E-17,ELIGIBLE,R03b_20260811_FULL_v1,L1_ELIGIBILITY,v2026-08-11,2026-03-21..2026-08-06,baccarat_bet02_101_all_pairs_incl_sentinel,round_win = game_pnl > 0 (decisive only),COMPATIBILITY_ONLY_NOT_PRODUCTION,53571.4227,48249.4483,483.2383,5739,5738,-0.00902045,-0.00297427,-0.01061372,-0.00902045,-483.2383,53571.4227,OK,0.0000,19.3295,4.0000,96.0000,AG03-UNRESOLVED,ALL5_LEVELS_bet23_to_bet27,19.3295,19.3295,24.1619,0.0000,0.0000,4.000000,4.000000,5.000000,0.000000,0.000000,96.000000,96.000000,95.000000,100.000000,100.000000,5.0,62.8210,60.1535,420.4173,423.0848,PENDING_AG03,FALSE,NOT_FOR_ENFORCEMENT,463.9088,46319.4703,483.2383,463.9088,19.3295,0.00902045,0.00865963,19.3295,463.9088,0.00865963,19.3295,19.3295,24.1619,0.0000,0.0000,463.9088,0.00865963,62.8210,60.1535,420.4173,423.0848,0.00784779,0.00789758,0.00036082,9.3346,8.4088,0.0842,5.5545,0.2517,615.7635,65.9540,8.3255,9.6426,5.1431,5.1891,8.2617,16.7816,25.8881,44.2602,5.1891,0.0,4.9889,8.529385,1.798876,29,193,98,2,0.20855820,0.00902045,0.00297427,0E-8,0.000000,0.900656,0.000000,0.00763944,2026-03-21,2026-08-06,87,1920,882,139,0.625899,0.863400,0.891889,0.695194,,,,,,,,GLOBAL_BASELINE_NO_ENTITY_RANKING,,,NOT_APPLICABLE_GLOBAL_BASELINE,HF9g-P5,,,,X 全窗基线 · 不参与实体赏罚,8396414,840,A168_HF9F_20260827_0900,2026-08-27 09:00:00
2026-05-05,54653530,-1,1,5.1891443101,4.9296870946,4.9296870946,1.0000000,1,1,0.50665070000000000,0.506650700000,0.9867858985152569,0.9867858985152569,0.9867858985152569,0E-17,SENTINEL_DEALER,R03b_20260811_FULL_v1,L1_ELIGIBILITY,v2026-08-11,2026-03-21..2026-08-06,baccarat_bet02_101_all_pairs_incl_sentinel,round_win = game_pnl > 0 (decisive only),COMPATIBILITY_ONLY_NOT_PRODUCTION,53571.4227,48249.4483,483.2383,5739,5738,-0.00902045,-0.00297427,-0.01061372,-0.00902045,-483.2383,53571.4227,OK,0.0000,19.3295,4.0000,96.0000,AG03-UNRESOLVED,ALL5_LEVELS_bet23_to_bet27,19.3295,19.3295,24.1619,0.0000,0.0000,4.000000,4.000000,5.000000,0.000000,0.000000,96.000000,96.000000,95.000000,100.000000,100.000000,5.0,62.8210,60.1535,420.4173,423.0848,PENDING_AG03,FALSE,NOT_FOR_ENFORCEMENT,463.9088,46319.4703,483.2383,463.9088,19.3295,0.00902045,0.00865963,19.3295,463.9088,0.00865963,19.3295,19.3295,24.1619,0.0000,0.0000,463.9088,0.00865963,62.8210,60.1535,420.4173,423.0848,0.00784779,0.00789758,0.00036082,9.3346,8.4088,0.0842,5.5545,0.2517,615.7635,65.9540,8.3255,9.6426,5.1431,5.1891,8.2617,16.7816,25.8881,44.2602,5.1891,0.0,4.9889,8.529385,1.798876,29,193,98,2,0.20855820,0.00902045,0.00297427,0E-8,0.000000,0.900656,0.000000,0.00763944,2026-03-21,2026-08-06,87,1920,882,139,0.625899,0.863400,0.891889,0.695194,,,,,,,,GLOBAL_BASELINE_NO_ENTITY_RANKING,,,NOT_APPLICABLE_GLOBAL_BASELINE,HF9g-P5,,,,X 全窗基线 · 不参与实体赏罚,8396415,840,A168_HF9F_20260827_0900,2026-08-27 09:00:00
2026-05-05,54653530,1017,0,41.2536972654,4.4886098282,4.4886098282,0.3333333,4,4,0.50665070000000000,0.506650700000,-0.6004420894325239,-0.6004420894325239,-0.6004420894325239,0E-17,ELIGIBLE,R03b_20260811_FULL_v1,L1_ELIGIBILITY,v2026-08-11,2026-03-21..2026-08-06,baccarat_bet02_101_all_pairs_incl_sentinel,round_win = game_pnl > 0 (decisive only),COMPATIBILITY_ONLY_NOT_PRODUCTION,53571.4227,48249.4483,483.2383,5739,5738,-0.00902045,-0.00297427,-0.01061372,-0.00902045,-483.2383,53571.4227,OK,0.0000,19.3295,4.0000,96.0000,AG03-UNRESOLVED,ALL5_LEVELS_bet23_to_bet27,19.3295,19.3295,24.1619,0.0000,0.0000,4.000000,4.000000,5.000000,0.000000,0.000000,96.000000,96.000000,95.000000,100.000000,100.000000,5.0,62.8210,60.1535,420.4173,423.0848,PENDING_AG03,FALSE,NOT_FOR_ENFORCEMENT,463.9088,46319.4703,483.2383,463.9088,19.3295,0.00902045,0.00865963,19.3295,463.9088,0.00865963,19.3295,19.3295,24.1619,0.0000,0.0000,463.9088,0.00865963,62.8210,60.1535,420.4173,423.0848,0.00784779,0.00789758,0.00036082,9.3346,8.4088,0.0842,5.5545,0.2517,615.7635,65.9540,8.3255,9.6426,5.1431,5.1891,8.2617,16.7816,25.8881,44.2602,5.1891,0.0,4.9889,8.529385,1.798876,29,193,98,2,0.20855820,0.00902045,0.00297427,0E-8,0.000000,0.900656,0.000000,0.00763944,2026-03-21,2026-08-06,87,1920,882,139,0.625899,0.863400,0.891889,0.695194,,,,,,,,GLOBAL_BASELINE_NO_ENTITY_RANKING,,,NOT_APPLICABLE_GLOBAL_BASELINE,HF9g-P5,,,,X 全窗基线 · 不参与实体赏罚,8396416,840,A168_HF9F_20260827_0900,2026-08-27 09:00:00
2026-05-05,54653530,1210,0,85.6208811168,22.3133205334,22.3133205334,0.5454545,11,11,0.49812011818181818,0.498120118182,0.3139832890738838,0.31398328907267725,0.3139832890738838,-1.8182E-13,ELIGIBLE,R03b_20260811_FULL_v1,L1_ELIGIBILITY,v2026-08-11,2026-03-21..2026-08-06,baccarat_bet02_101_all_pairs_incl_sentinel,round_win = game_pnl > 0 (decisive only),COMPATIBILITY_ONLY_NOT_PRODUCTION,53571.4227,48249.4483,483.2383,5739,5738,-0.00902045,-0.00297427,-0.01061372,-0.00902045,-483.2383,53571.4227,OK,0.0000,19.3295,4.0000,96.0000,AG03-UNRESOLVED,ALL5_LEVELS_bet23_to_bet27,19.3295,19.3295,24.1619,0.0000,0.0000,4.000000,4.000000,5.000000,0.000000,0.000000,96.000000,96.000000,95.000000,100.000000,100.000000,5.0,62.8210,60.1535,420.4173,423.0848,PENDING_AG03,FALSE,NOT_FOR_ENFORCEMENT,463.9088,46319.4703,483.2383,463.9088,19.3295,0.00902045,0.00865963,19.3295,463.9088,0.00865963,19.3295,19.3295,24.1619,0.0000,0.0000,463.9088,0.00865963,62.8210,60.1535,420.4173,423.0848,0.00784779,0.00789758,0.00036082,9.3346,8.4088,0.0842,5.5545,0.2517,615.7635,65.9540,8.3255,9.6426,5.1431,5.1891,8.2617,16.7816,25.8881,44.2602,5.1891,0.0,4.9889,8.529385,1.798876,29,193,98,2,0.20855820,0.00902045,0.00297427,0E-8,0.000000,0.900656,0.000000,0.00763944,2026-03-21,2026-08-06,87,1920,882,139,0.625899,0.863400,0.891889,0.695194,,,,,,,,GLOBAL_BASELINE_NO_ENTITY_RANKING,,,NOT_APPLICABLE_GLOBAL_BASELINE,HF9g-P5,,,,X 全窗基线 · 不参与实体赏罚,8396417,840,A168_HF9F_20260827_0900,2026-08-27 09:00:00
2026-05-05,54653530,1942,0,5.1891443101,4.9296870946,4.9296870946,1.0000000,1,1,0.50665070000000000,0.506650700000,0.9867858985152569,0.9867858985152569,0.9867858985152569,0E-17,ELIGIBLE,R03b_20260811_FULL_v1,L1_ELIGIBILITY,v2026-08-11,2026-03-21..2026-08-06,baccarat_bet02_101_all_pairs_incl_sentinel,round_win = game_pnl > 0 (decisive only),COMPATIBILITY_ONLY_NOT_PRODUCTION,53571.4227,48249.4483,483.2383,5739,5738,-0.00902045,-0.00297427,-0.01061372,-0.00902045,-483.2383,53571.4227,OK,0.0000,19.3295,4.0000,96.0000,AG03-UNRESOLVED,ALL5_LEVELS_bet23_to_bet27,19.3295,19.3295,24.1619,0.0000,0.0000,4.000000,4.000000,5.000000,0.000000,0.000000,96.000000,96.000000,95.000000,100.000000,100.000000,5.0,62.8210,60.1535,420.4173,423.0848,PENDING_AG03,FALSE,NOT_FOR_ENFORCEMENT,463.9088,46319.4703,483.2383,463.9088,19.3295,0.00902045,0.00865963,19.3295,463.9088,0.00865963,19.3295,19.3295,24.1619,0.0000,0.0000,463.9088,0.00865963,62.8210,60.1535,420.4173,423.0848,0.00784779,0.00789758,0.00036082,9.3346,8.4088,0.0842,5.5545,0.2517,615.7635,65.9540,8.3255,9.6426,5.1431,5.1891,8.2617,16.7816,25.8881,44.2602,5.1891,0.0,4.9889,8.529385,1.798876,29,193,98,2,0.20855820,0.00902045,0.00297427,0E-8,0.000000,0.900656,0.000000,0.00763944,2026-03-21,2026-08-06,87,1920,882,139,0.625899,0.863400,0.891889,0.695194,,,,,,,,GLOBAL_BASELINE_NO_ENTITY_RANKING,,,NOT_APPLICABLE_GLOBAL_BASELINE,HF9g-P5,,,,X 全窗基线 · 不参与实体赏罚,8396418,840,A168_HF9F_20260827_0900,2026-08-27 09:00:00
2026-05-05,54653530,2093,0,33.9888952312,-18.8106481241,-18.8106481241,0.2500000,4,4,0.50665070000000000,0.506650700000,-1.0266936290537745,-1.0266936290537745,-1.0266936290537745,0E-17,ELIGIBLE,R03b_20260811_FULL_v1,L1_ELIGIBILITY,v2026-08-11,2026-03-21..2026-08-06,baccarat_bet02_101_all_pairs_incl_sentinel,round_win = game_pnl > 0 (decisive only),COMPATIBILITY_ONLY_NOT_PRODUCTION,53571.4227,48249.4483,483.2383,5739,5738,-0.00902045,-0.00297427,-0.01061372,-0.00902045,-483.2383,53571.4227,OK,0.0000,19.3295,4.0000,96.0000,AG03-UNRESOLVED,ALL5_LEVELS_bet23_to_bet27,19.3295,19.3295,24.1619,0.0000,0.0000,4.000000,4.000000,5.000000,0.000000,0.000000,96.000000,96.000000,95.000000,100.000000,100.000000,5.0,62.8210,60.1535,420.4173,423.0848,PENDING_AG03,FALSE,NOT_FOR_ENFORCEMENT,463.9088,46319.4703,483.2383,463.9088,19.3295,0.00902045,0.00865963,19.3295,463.9088,0.00865963,19.3295,19.3295,24.1619,0.0000,0.0000,463.9088,0.00865963,62.8210,60.1535,420.4173,423.0848,0.00784779,0.00789758,0.00036082,9.3346,8.4088,0.0842,5.5545,0.2517,615.7635,65.9540,8.3255,9.6426,5.1431,5.1891,8.2617,16.7816,25.8881,44.2602,5.1891,0.0,4.9889,8.529385,1.798876,29,193,98,2,0.20855820,0.00902045,0.00297427,0E-8,0.000000,0.900656,0.000000,0.00763944,2026-03-21,2026-08-06,87,1920,882,139,0.625899,0.863400,0.891889,0.695194,,,,,,,,GLOBAL_BASELINE_NO_ENTITY_RANKING,,,NOT_APPLICABLE_GLOBAL_BASELINE,HF9g-P5,,,,X 全窗基线 · 不参与实体赏罚,8396419,840,A168_HF9F_20260827_0900,2026-08-27 09:00:00
2026-05-05,54653530,2106,0,28.5402937056,-28.5402937056,-28.5402937056,0E-7,3,3,0.50665070000000000,0.506650700000,-1.7552447903592512,-1.7552447903592512,-1.7552447903592512,0E-17,ELIGIBLE,R03b_20260811_FULL_v1,L1_ELIGIBILITY,v2026-08-11,2026-03-21..2026-08-06,baccarat_bet02_101_all_pairs_incl_sentinel,round_win = game_pnl > 0 (decisive only),COMPATIBILITY_ONLY_NOT_PRODUCTION,53571.4227,48249.4483,483.2383,5739,5738,-0.00902045,-0.00297427,-0.01061372,-0.00902045,-483.2383,53571.4227,OK,0.0000,19.3295,4.0000,96.0000,AG03-UNRESOLVED,ALL5_LEVELS_bet23_to_bet27,19.3295,19.3295,24.1619,0.0000,0.0000,4.000000,4.000000,5.000000,0.000000,0.000000,96.000000,96.000000,95.000000,100.000000,100.000000,5.0,62.8210,60.1535,420.4173,423.0848,PENDING_AG03,FALSE,NOT_FOR_ENFORCEMENT,463.9088,46319.4703,483.2383,463.9088,19.3295,0.00902045,0.00865963,19.3295,463.9088,0.00865963,19.3295,19.3295,24.1619,0.0000,0.0000,463.9088,0.00865963,62.8210,60.1535,420.4173,423.0848,0.00784779,0.00789758,0.00036082,9.3346,8.4088,0.0842,5.5545,0.2517,615.7635,65.9540,8.3255,9.6426,5.1431,5.1891,8.2617,16.7816,25.8881,44.2602,5.1891,0.0,4.9889,8.529385,1.798876,29,193,98,2,0.20855820,0.00902045,0.00297427,0E-8,0.000000,0.900656,0.000000,0.00763944,2026-03-21,2026-08-06,87,1920,882,139,0.625899,0.863400,0.891889,0.695194,,,,,,,,GLOBAL_BASELINE_NO_ENTITY_RANKING,,,NOT_APPLICABLE_GLOBAL_BASELINE,HF9g-P5,,,,X 全窗基线 · 不参与实体赏罚,8396420,840,A168_HF9F_20260827_0900,2026-08-27 09:00:00
2026-05-05,54653530,2123,0,13.4917752063,2.6983550413,2.6983550413,0.5000000,2,2,0.50665070000000000,0.506650700000,-0.018812684590367487,-0.018812684590367487,-0.018812684590367487,0E-17,ELIGIBLE,R03b_20260811_FULL_v1,L1_ELIGIBILITY,v2026-08-11,2026-03-21..2026-08-06,baccarat_bet02_101_all_pairs_incl_sentinel,round_win = game_pnl > 0 (decisive only),COMPATIBILITY_ONLY_NOT_PRODUCTION,53571.4227,48249.4483,483.2383,5739,5738,-0.00902045,-0.00297427,-0.01061372,-0.00902045,-483.2383,53571.4227,OK,0.0000,19.3295,4.0000,96.0000,AG03-UNRESOLVED,ALL5_LEVELS_bet23_to_bet27,19.3295,19.3295,24.1619,0.0000,0.0000,4.000000,4.000000,5.000000,0.000000,0.000000,96.000000,96.000000,95.000000,100.000000,100.000000,5.0,62.8210,60.1535,420.4173,423.0848,PENDING_AG03,FALSE,NOT_FOR_ENFORCEMENT,463.9088,46319.4703,483.2383,463.9088,19.3295,0.00902045,0.00865963,19.3295,463.9088,0.00865963,19.3295,19.3295,24.1619,0.0000,0.0000,463.9088,0.00865963,62.8210,60.1535,420.4173,423.0848,0.00784779,0.00789758,0.00036082,9.3346,8.4088,0.0842,5.5545,0.2517,615.7635,65.9540,8.3255,9.6426,5.1431,5.1891,8.2617,16.7816,25.8881,44.2602,5.1891,0.0,4.9889,8.529385,1.798876,29,193,98,2,0.20855820,0.00902045,0.00297427,0E-8,0.000000,0.900656,0.000000,0.00763944,2026-03-21,2026-08-06,87,1920,882,139,0.625899,0.863400,0.891889,0.695194,,,,,,,,GLOBAL_BASELINE_NO_ENTITY_RANKING,,,NOT_APPLICABLE_GLOBAL_BASELINE,HF9g-P5,,,,X 全窗基线 · 不参与实体赏罚,8396421,840,A168_HF9F_20260827_0900,2026-08-27 09:00:00
2026-05-05,54653530,2170,0,10.3782886202,9.8593741892,9.8593741892,1.0000000,2,2,0.50665070000000000,0.506650700000,1.3955260008387969,1.3955260008387969,1.3955260008387969,0E-17,ELIGIBLE,R03b_20260811_FULL_v1,L1_ELIGIBILITY,v2026-08-11,2026-03-21..2026-08-06,baccarat_bet02_101_all_pairs_incl_sentinel,round_win = game_pnl > 0 (decisive only),COMPATIBILITY_ONLY_NOT_PRODUCTION,53571.4227,48249.4483,483.2383,5739,5738,-0.00902045,-0.00297427,-0.01061372,-0.00902045,-483.2383,53571.4227,OK,0.0000,19.3295,4.0000,96.0000,AG03-UNRESOLVED,ALL5_LEVELS_bet23_to_bet27,19.3295,19.3295,24.1619,0.0000,0.0000,4.000000,4.000000,5.000000,0.000000,0.000000,96.000000,96.000000,95.000000,100.000000,100.000000,5.0,62.8210,60.1535,420.4173,423.0848,PENDING_AG03,FALSE,NOT_FOR_ENFORCEMENT,463.9088,46319.4703,483.2383,463.9088,19.3295,0.00902045,0.00865963,19.3295,463.9088,0.00865963,19.3295,19.3295,24.1619,0.0000,0.0000,463.9088,0.00865963,62.8210,60.1535,420.4173,423.0848,0.00784779,0.00789758,0.00036082,9.3346,8.4088,0.0842,5.5545,0.2517,615.7635,65.9540,8.3255,9.6426,5.1431,5.1891,8.2617,16.7816,25.8881,44.2602,5.1891,0.0,4.9889,8.529385,1.798876,29,193,98,2,0.20855820,0.00902045,0.00297427,0E-8,0.000000,0.900656,0.000000,0.00763944,2026-03-21,2026-08-06,87,1920,882,139,0.625899,0.863400,0.891889,0.695194,,,,,,,,GLOBAL_BASELINE_NO_ENTITY_RANKING,,,NOT_APPLICABLE_GLOBAL_BASELINE,HF9g-P5,,,,X 全窗基线 · 不参与实体赏罚,8396422,840,A168_HF9F_20260827_0900,2026-08-27 09:00:00
2026-05-05,54653530,2171,0,12.9728607753,2.2053863318,2.2053863318,0.5000000,2,2,0.50665070000000000,0.506650700000,-0.018812684590367487,-0.018812684590367487,-0.018812684590367487,0E-17,ELIGIBLE,R03b_20260811_FULL_v1,L1_ELIGIBILITY,v2026-08-11,2026-03-21..2026-08-06,baccarat_bet02_101_all_pairs_incl_sentinel,round_win = game_pnl > 0 (decisive only),COMPATIBILITY_ONLY_NOT_PRODUCTION,53571.4227,48249.4483,483.2383,5739,5738,-0.00902045,-0.00297427,-0.01061372,-0.00902045,-483.2383,53571.4227,OK,0.0000,19.3295,4.0000,96.0000,AG03-UNRESOLVED,ALL5_LEVELS_bet23_to_bet27,19.3295,19.3295,24.1619,0.0000,0.0000,4.000000,4.000000,5.000000,0.000000,0.000000,96.000000,96.000000,95.000000,100.000000,100.000000,5.0,62.8210,60.1535,420.4173,423.0848,PENDING_AG03,FALSE,NOT_FOR_ENFORCEMENT,463.9088,46319.4703,483.2383,463.9088,19.3295,0.00902045,0.00865963,19.3295,463.9088,0.00865963,19.3295,19.3295,24.1619,0.0000,0.0000,463.9088,0.00865963,62.8210,60.1535,420.4173,423.0848,0.00784779,0.00789758,0.00036082,9.3346,8.4088,0.0842,5.5545,0.2517,615.7635,65.9540,8.3255,9.6426,5.1431,5.1891,8.2617,16.7816,25.8881,44.2602,5.1891,0.0,4.9889,8.529385,1.798876,29,193,98,2,0.20855820,0.00902045,0.00297427,0E-8,0.000000,0.900656,0.000000,0.00763944,2026-03-21,2026-08-06,87,1920,882,139,0.625899,0.863400,0.891889,0.695194,,,,,,,,GLOBAL_BASELINE_NO_ENTITY_RANKING,,,NOT_APPLICABLE_GLOBAL_BASELINE,HF9g-P5,,,,X 全窗基线 · 不参与实体赏罚,8396423,840,A168_HF9F_20260827_0900,2026-08-27 09:00:00
2026-05-05,54653530,2222,0,16.0863473613,5.1631985886,5.1631985886,0.5000000,2,2,0.50665070000000000,0.506650700000,-0.018812684590367487,-0.018812684590367487,-0.018812684590367487,0E-17,ELIGIBLE,R03b_20260811_FULL_v1,L1_ELIGIBILITY,v2026-08-11,2026-03-21..2026-08-06,baccarat_bet02_101_all_pairs_incl_sentinel,round_win = game_pnl > 0 (decisive only),COMPATIBILITY_ONLY_NOT_PRODUCTION,53571.4227,48249.4483,483.2383,5739,5738,-0.00902045,-0.00297427,-0.01061372,-0.00902045,-483.2383,53571.4227,OK,0.0000,19.3295,4.0000,96.0000,AG03-UNRESOLVED,ALL5_LEVELS_bet23_to_bet27,19.3295,19.3295,24.1619,0.0000,0.0000,4.000000,4.000000,5.000000,0.000000,0.000000,96.000000,96.000000,95.000000,100.000000,100.000000,5.0,62.8210,60.1535,420.4173,423.0848,PENDING_AG03,FALSE,NOT_FOR_ENFORCEMENT,463.9088,46319.4703,483.2383,463.9088,19.3295,0.00902045,0.00865963,19.3295,463.9088,0.00865963,19.3295,19.3295,24.1619,0.0000,0.0000,463.9088,0.00865963,62.8210,60.1535,420.4173,423.0848,0.00784779,0.00789758,0.00036082,9.3346,8.4088,0.0842,5.5545,0.2517,615.7635,65.9540,8.3255,9.6426,5.1431,5.1891,8.2617,16.7816,25.8881,44.2602,5.1891,0.0,4.9889,8.529385,1.798876,29,193,98,2,0.20855820,0.00902045,0.00297427,0E-8,0.000000,0.900656,0.000000,0.00763944,2026-03-21,2026-08-06,87,1920,882,139,0.625899,0.863400,0.891889,0.695194,,,,,,,,GLOBAL_BASELINE_NO_ENTITY_RANKING,,,NOT_APPLICABLE_GLOBAL_BASELINE,HF9g-P5,,,,X 全窗基线 · 不参与实体赏罚,8396424,840,A168_HF9F_20260827_0900,2026-08-27 09:00:00
2026-05-05,54653530,2252,0,10.3782886202,10.1188314047,10.1188314047,1.0000000,2,2,0.49994810000000000,0.499948100000,1.4143603653603398,1.4143603653603398,1.4143603653603398,0E-17,ELIGIBLE,R03b_20260811_FULL_v1,L1_ELIGIBILITY,v2026-08-11,2026-03-21..2026-08-06,baccarat_bet02_101_all_pairs_incl_sentinel,round_win = game_pnl > 0 (decisive only),COMPATIBILITY_ONLY_NOT_PRODUCTION,53571.4227,48249.4483,483.2383,5739,5738,-0.00902045,-0.00297427,-0.01061372,-0.00902045,-483.2383,53571.4227,OK,0.0000,19.3295,4.0000,96.0000,AG03-UNRESOLVED,ALL5_LEVELS_bet23_to_bet27,19.3295,19.3295,24.1619,0.0000,0.0000,4.000000,4.000000,5.000000,0.000000,0.000000,96.000000,96.000000,95.000000,100.000000,100.000000,5.0,62.8210,60.1535,420.4173,423.0848,PENDING_AG03,FALSE,NOT_FOR_ENFORCEMENT,463.9088,46319.4703,483.2383,463.9088,19.3295,0.00902045,0.00865963,19.3295,463.9088,0.00865963,19.3295,19.3295,24.1619,0.0000,0.0000,463.9088,0.00865963,62.8210,60.1535,420.4173,423.0848,0.00784779,0.00789758,0.00036082,9.3346,8.4088,0.0842,5.5545,0.2517,615.7635,65.9540,8.3255,9.6426,5.1431,5.1891,8.2617,16.7816,25.8881,44.2602,5.1891,0.0,4.9889,8.529385,1.798876,29,193,98,2,0.20855820,0.00902045,0.00297427,0E-8,0.000000,0.900656,0.000000,0.00763944,2026-03-21,2026-08-06,87,1920,882,139,0.625899,0.863400,0.891889,0.695194,,,,,,,,GLOBAL_BASELINE_NO_ENTITY_RANKING,,,NOT_APPLICABLE_GLOBAL_BASELINE,HF9g-P5,,,,X 全窗基线 · 不参与实体赏罚,8396425,840,A168_HF9F_20260827_0900,2026-08-27 09:00:00
2026-05-05,54653530,2266,0,70.3129054018,-43.5888122048,-43.5888122048,0E-7,4,4,0.50665070000000000,0.506650700000,-1.7552447903592512,-1.7552447903592512,-1.7552447903592512,0E-17,ELIGIBLE,R03b_20260811_FULL_v1,L1_ELIGIBILITY,v2026-08-11,2026-03-21..2026-08-06,baccarat_bet02_101_all_pairs_incl_sentinel,round_win = game_pnl > 0 (decisive only),COMPATIBILITY_ONLY_NOT_PRODUCTION,53571.4227,48249.4483,483.2383,5739,5738,-0.00902045,-0.00297427,-0.01061372,-0.00902045,-483.2383,53571.4227,OK,0.0000,19.3295,4.0000,96.0000,AG03-UNRESOLVED,ALL5_LEVELS_bet23_to_bet27,19.3295,19.3295,24.1619,0.0000,0.0000,4.000000,4.000000,5.000000,0.000000,0.000000,96.000000,96.000000,95.000000,100.000000,100.000000,5.0,62.8210,60.1535,420.4173,423.0848,PENDING_AG03,FALSE,NOT_FOR_ENFORCEMENT,463.9088,46319.4703,483.2383,463.9088,19.3295,0.00902045,0.00865963,19.3295,463.9088,0.00865963,19.3295,19.3295,24.1619,0.0000,0.0000,463.9088,0.00865963,62.8210,60.1535,420.4173,423.0848,0.00784779,0.00789758,0.00036082,9.3346,8.4088,0.0842,5.5545,0.2517,615.7635,65.9540,8.3255,9.6426,5.1431,5.1891,8.2617,16.7816,25.8881,44.2602,5.1891,0.0,4.9889,8.529385,1.798876,29,193,98,2,0.20855820,0.00902045,0.00297427,0E-8,0.000000,0.900656,0.000000,0.00763944,2026-03-21,2026-08-06,87,1920,882,139,0.625899,0.863400,0.891889,0.695194,,,,,,,,GLOBAL_BASELINE_NO_ENTITY_RANKING,,,NOT_APPLICABLE_GLOBAL_BASELINE,HF9g-P5,,,,X 全窗基线 · 不参与实体赏罚,8396426,840,A168_HF9F_20260827_0900,2026-08-27 09:00:00
2026-05-05,54653530,626,0,44.1077266360,1.8162005085,1.8162005085,0.3333333,5,5,0.50665070000000000,0.506650700000,-0.6004420894325239,-0.6004420894325239,-0.6004420894325239,0E-17,ELIGIBLE,R03b_20260811_FULL_v1,L1_ELIGIBILITY,v2026-08-11,2026-03-21..2026-08-06,baccarat_bet02_101_all_pairs_incl_sentinel,round_win = game_pnl > 0 (decisive only),COMPATIBILITY_ONLY_NOT_PRODUCTION,53571.4227,48249.4483,483.2383,5739,5738,-0.00902045,-0.00297427,-0.01061372,-0.00902045,-483.2383,53571.4227,OK,0.0000,19.3295,4.0000,96.0000,AG03-UNRESOLVED,ALL5_LEVELS_bet23_to_bet27,19.3295,19.3295,24.1619,0.0000,0.0000,4.000000,4.000000,5.000000,0.000000,0.000000,96.000000,96.000000,95.000000,100.000000,100.000000,5.0,62.8210,60.1535,420.4173,423.0848,PENDING_AG03,FALSE,NOT_FOR_ENFORCEMENT,463.9088,46319.4703,483.2383,463.9088,19.3295,0.00902045,0.00865963,19.3295,463.9088,0.00865963,19.3295,19.3295,24.1619,0.0000,0.0000,463.9088,0.00865963,62.8210,60.1535,420.4173,423.0848,0.00784779,0.00789758,0.00036082,9.3346,8.4088,0.0842,5.5545,0.2517,615.7635,65.9540,8.3255,9.6426,5.1431,5.1891,8.2617,16.7816,25.8881,44.2602,5.1891,0.0,4.9889,8.529385,1.798876,29,193,98,2,0.20855820,0.00902045,0.00297427,0E-8,0.000000,0.900656,0.000000,0.00763944,2026-03-21,2026-08-06,87,1920,882,139,0.625899,0.863400,0.891889,0.695194,,,,,,,,GLOBAL_BASELINE_NO_ENTITY_RANKING,,,NOT_APPLICABLE_GLOBAL_BASELINE,HF9g-P5,,,,X 全窗基线 · 不参与实体赏罚,8396427,840,A168_HF9F_20260827_0900,2026-08-27 09:00:00
2026-05-06,54653530,-1,1,28.5402937056,2.5945721550,2.5945721550,0.3333333,3,3,0.50218230000000000,0.502182300000,-0.5849155494134425,-0.5849155494134426,-0.5849155494134425,0E-17,SENTINEL_DEALER,R03b_20260811_FULL_v1,L1_ELIGIBILITY,v2026-08-11,2026-03-21..2026-08-06,baccarat_bet02_101_all_pairs_incl_sentinel,round_win = game_pnl > 0 (decisive only),COMPATIBILITY_ONLY_NOT_PRODUCTION,53571.4227,48249.4483,483.2383,5739,5738,-0.00902045,-0.00297427,-0.01061372,-0.00902045,-483.2383,53571.4227,OK,0.0000,19.3295,4.0000,96.0000,AG03-UNRESOLVED,ALL5_LEVELS_bet23_to_bet27,19.3295,19.3295,24.1619,0.0000,0.0000,4.000000,4.000000,5.000000,0.000000,0.000000,96.000000,96.000000,95.000000,100.000000,100.000000,5.0,62.8210,60.1535,420.4173,423.0848,PENDING_AG03,FALSE,NOT_FOR_ENFORCEMENT,463.9088,46319.4703,483.2383,463.9088,19.3295,0.00902045,0.00865963,19.3295,463.9088,0.00865963,19.3295,19.3295,24.1619,0.0000,0.0000,463.9088,0.00865963,62.8210,60.1535,420.4173,423.0848,0.00784779,0.00789758,0.00036082,9.3346,8.4088,0.0842,5.5545,0.2517,615.7635,65.9540,8.3255,9.6426,5.1431,5.1891,8.2617,16.7816,25.8881,44.2602,5.1891,0.0,4.9889,8.529385,1.798876,29,193,98,2,0.20855820,0.00902045,0.00297427,0E-8,0.000000,0.900656,0.000000,0.00763944,2026-03-21,2026-08-06,87,1920,882,139,0.625899,0.863400,0.891889,0.695194,,,,,,,,GLOBAL_BASELINE_NO_ENTITY_RANKING,,,NOT_APPLICABLE_GLOBAL_BASELINE,HF9g-P5,,,,X 全窗基线 · 不参与实体赏罚,8396428,840,A168_HF9F_20260827_0900,2026-08-27 09:00:00
2026-05-06,54653530,2141,0,68.7561621089,-68.7561621089,-68.7561621089,0E-7,4,4,0.50329940000000000,0.503299400000,-2.013241432932159,-2.013241432932159,-2.013241432932159,0E-17,ELIGIBLE,R03b_20260811_FULL_v1,L1_ELIGIBILITY,v2026-08-11,2026-03-21..2026-08-06,baccarat_bet02_101_all_pairs_incl_sentinel,round_win = game_pnl > 0 (decisive only),COMPATIBILITY_ONLY_NOT_PRODUCTION,53571.4227,48249.4483,483.2383,5739,5738,-0.00902045,-0.00297427,-0.01061372,-0.00902045,-483.2383,53571.4227,OK,0.0000,19.3295,4.0000,96.0000,AG03-UNRESOLVED,ALL5_LEVELS_bet23_to_bet27,19.3295,19.3295,24.1619,0.0000,0.0000,4.000000,4.000000,5.000000,0.000000,0.000000,96.000000,96.000000,95.000000,100.000000,100.000000,5.0,62.8210,60.1535,420.4173,423.0848,PENDING_AG03,FALSE,NOT_FOR_ENFORCEMENT,463.9088,46319.4703,483.2383,463.9088,19.3295,0.00902045,0.00865963,19.3295,463.9088,0.00865963,19.3295,19.3295,24.1619,0.0000,0.0000,463.9088,0.00865963,62.8210,60.1535,420.4173,423.0848,0.00784779,0.00789758,0.00036082,9.3346,8.4088,0.0842,5.5545,0.2517,615.7635,65.9540,8.3255,9.6426,5.1431,5.1891,8.2617,16.7816,25.8881,44.2602,5.1891,0.0,4.9889,8.529385,1.798876,29,193,98,2,0.20855820,0.00902045,0.00297427,0E-8,0.000000,0.900656,0.000000,0.00763944,2026-03-21,2026-08-06,87,1920,882,139,0.625899,0.863400,0.891889,0.695194,,,,,,,,GLOBAL_BASELINE_NO_ENTITY_RANKING,,,NOT_APPLICABLE_GLOBAL_BASELINE,HF9g-P5,,,,X 全窗基线 · 不参与实体赏罚,8396429,840,A168_HF9F_20260827_0900,2026-08-27 09:00:00
2026-05-06,54653530,2142,0,38.9185823258,2.3351149395,2.3351149395,0.4000000,5,5,0.49860758000000000,0.498607580000,-0.440988213962219,-0.440988213962219,-0.440988213962219,0E-17,ELIGIBLE,R03b_20260811_FULL_v1,L1_ELIGIBILITY,v2026-08-11,2026-03-21..2026-08-06,baccarat_bet02_101_all_pairs_incl_sentinel,round_win = game_pnl > 0 (decisive only),COMPATIBILITY_ONLY_NOT_PRODUCTION,53571.4227,48249.4483,483.2383,5739,5738,-0.00902045,-0.00297427,-0.01061372,-0.00902045,-483.2383,53571.4227,OK,0.0000,19.3295,4.0000,96.0000,AG03-UNRESOLVED,ALL5_LEVELS_bet23_to_bet27,19.3295,19.3295,24.1619,0.0000,0.0000,4.000000,4.000000,5.000000,0.000000,0.000000,96.000000,96.000000,95.000000,100.000000,100.000000,5.0,62.8210,60.1535,420.4173,423.0848,PENDING_AG03,FALSE,NOT_FOR_ENFORCEMENT,463.9088,46319.4703,483.2383,463.9088,19.3295,0.00902045,0.00865963,19.3295,463.9088,0.00865963,19.3295,19.3295,24.1619,0.0000,0.0000,463.9088,0.00865963,62.8210,60.1535,420.4173,423.0848,0.00784779,0.00789758,0.00036082,9.3346,8.4088,0.0842,5.5545,0.2517,615.7635,65.9540,8.3255,9.6426,5.1431,5.1891,8.2617,16.7816,25.8881,44.2602,5.1891,0.0,4.9889,8.529385,1.798876,29,193,98,2,0.20855820,0.00902045,0.00297427,0E-8,0.000000,0.900656,0.000000,0.00763944,2026-03-21,2026-08-06,87,1920,882,139,0.625899,0.863400,0.891889,0.695194,,,,,,,,GLOBAL_BASELINE_NO_ENTITY_RANKING,,,NOT_APPLICABLE_GLOBAL_BASELINE,HF9g-P5,,,,X 全窗基线 · 不参与实体赏罚,8396430,840,A168_HF9F_20260827_0900,2026-08-27 09:00:00
2026-05-06,54653530,2246,0,29.3186653521,12.1685434072,12.1685434072,0.6666667,3,3,0.50665070000000000,0.506650700000,0.5543606114942035,0.5543606114942035,0.5543606114942035,0E-17,ELIGIBLE,R03b_20260811_FULL_v1,L1_ELIGIBILITY,v2026-08-11,2026-03-21..2026-08-06,baccarat_bet02_101_all_pairs_incl_sentinel,round_win = game_pnl > 0 (decisive only),COMPATIBILITY_ONLY_NOT_PRODUCTION,53571.4227,48249.4483,483.2383,5739,5738,-0.00902045,-0.00297427,-0.01061372,-0.00902045,-483.2383,53571.4227,OK,0.0000,19.3295,4.0000,96.0000,AG03-UNRESOLVED,ALL5_LEVELS_bet23_to_bet27,19.3295,19.3295,24.1619,0.0000,0.0000,4.000000,4.000000,5.000000,0.000000,0.000000,96.000000,96.000000,95.000000,100.000000,100.000000,5.0,62.8210,60.1535,420.4173,423.0848,PENDING_AG03,FALSE,NOT_FOR_ENFORCEMENT,463.9088,46319.4703,483.2383,463.9088,19.3295,0.00902045,0.00865963,19.3295,463.9088,0.00865963,19.3295,19.3295,24.1619,0.0000,0.0000,463.9088,0.00865963,62.8210,60.1535,420.4173,423.0848,0.00784779,0.00789758,0.00036082,9.3346,8.4088,0.0842,5.5545,0.2517,615.7635,65.9540,8.3255,9.6426,5.1431,5.1891,8.2617,16.7816,25.8881,44.2602,5.1891,0.0,4.9889,8.529385,1.798876,29,193,98,2,0.20855820,0.00902045,0.00297427,0E-8,0.000000,0.900656,0.000000,0.00763944,2026-03-21,2026-08-06,87,1920,882,139,0.625899,0.863400,0.891889,0.695194,,,,,,,,GLOBAL_BASELINE_NO_ENTITY_RANKING,,,NOT_APPLICABLE_GLOBAL_BASELINE,HF9g-P5,,,,X 全窗基线 · 不参与实体赏罚,8396431,840,A168_HF9F_20260827_0900,2026-08-27 09:00:00
2026-05-06,54653530,2256,0,12.9728607753,2.2053863318,2.2053863318,0.5000000,2,2,0.50665070000000000,0.506650700000,-0.018812684590367487,-0.018812684590367487,-0.018812684590367487,0E-17,ELIGIBLE,R03b_20260811_FULL_v1,L1_ELIGIBILITY,v2026-08-11,2026-03-21..2026-08-06,baccarat_bet02_101_all_pairs_incl_sentinel,round_win = game_pnl > 0 (decisive only),COMPATIBILITY_ONLY_NOT_PRODUCTION,53571.4227,48249.4483,483.2383,5739,5738,-0.00902045,-0.00297427,-0.01061372,-0.00902045,-483.2383,53571.4227,OK,0.0000,19.3295,4.0000,96.0000,AG03-UNRESOLVED,ALL5_LEVELS_bet23_to_bet27,19.3295,19.3295,24.1619,0.0000,0.0000,4.000000,4.000000,5.000000,0.000000,0.000000,96.000000,96.000000,95.000000,100.000000,100.000000,5.0,62.8210,60.1535,420.4173,423.0848,PENDING_AG03,FALSE,NOT_FOR_ENFORCEMENT,463.9088,46319.4703,483.2383,463.9088,19.3295,0.00902045,0.00865963,19.3295,463.9088,0.00865963,19.3295,19.3295,24.1619,0.0000,0.0000,463.9088,0.00865963,62.8210,60.1535,420.4173,423.0848,0.00784779,0.00789758,0.00036082,9.3346,8.4088,0.0842,5.5545,0.2517,615.7635,65.9540,8.3255,9.6426,5.1431,5.1891,8.2617,16.7816,25.8881,44.2602,5.1891,0.0,4.9889,8.529385,1.798876,29,193,98,2,0.20855820,0.00902045,0.00297427,0E-8,0.000000,0.900656,0.000000,0.00763944,2026-03-21,2026-08-06,87,1920,882,139,0.625899,0.863400,0.891889,0.695194,,,,,,,,GLOBAL_BASELINE_NO_ENTITY_RANKING,,,NOT_APPLICABLE_GLOBAL_BASELINE,HF9g-P5,,,,X 全窗基线 · 不参与实体赏罚,8396432,840,A168_HF9F_20260827_0900,2026-08-27 09:00:00
2026-05-06,54653530,2261,0,16.6052617923,5.1502257278,5.1502257278,0.5000000,2,2,0.50665070000000000,0.506650700000,-0.018812684590367487,-0.018812684590367487,-0.018812684590367487,0E-17,ELIGIBLE,R03b_20260811_FULL_v1,L1_ELIGIBILITY,v2026-08-11,2026-03-21..2026-08-06,baccarat_bet02_101_all_pairs_incl_sentinel,round_win = game_pnl > 0 (decisive only),COMPATIBILITY_ONLY_NOT_PRODUCTION,53571.4227,48249.4483,483.2383,5739,5738,-0.00902045,-0.00297427,-0.01061372,-0.00902045,-483.2383,53571.4227,OK,0.0000,19.3295,4.0000,96.0000,AG03-UNRESOLVED,ALL5_LEVELS_bet23_to_bet27,19.3295,19.3295,24.1619,0.0000,0.0000,4.000000,4.000000,5.000000,0.000000,0.000000,96.000000,96.000000,95.000000,100.000000,100.000000,5.0,62.8210,60.1535,420.4173,423.0848,PENDING_AG03,FALSE,NOT_FOR_ENFORCEMENT,463.9088,46319.4703,483.2383,463.9088,19.3295,0.00902045,0.00865963,19.3295,463.9088,0.00865963,19.3295,19.3295,24.1619,0.0000,0.0000,463.9088,0.00865963,62.8210,60.1535,420.4173,423.0848,0.00784779,0.00789758,0.00036082,9.3346,8.4088,0.0842,5.5545,0.2517,615.7635,65.9540,8.3255,9.6426,5.1431,5.1891,8.2617,16.7816,25.8881,44.2602,5.1891,0.0,4.9889,8.529385,1.798876,29,193,98,2,0.20855820,0.00902045,0.00297427,0E-8,0.000000,0.900656,0.000000,0.00763944,2026-03-21,2026-08-06,87,1920,882,139,0.625899,0.863400,0.891889,0.695194,,,,,,,,GLOBAL_BASELINE_NO_ENTITY_RANKING,,,NOT_APPLICABLE_GLOBAL_BASELINE,HF9g-P5,,,,X 全窗基线 · 不参与实体赏罚,8396433,840,A168_HF9F_20260827_0900,2026-08-27 09:00:00
2026-05-06,54653530,462,0,10.3782886202,9.8593741892,9.8593741892,1.0000000,2,2,0.50665070000000000,0.506650700000,1.3955260008387969,1.3955260008387969,1.3955260008387969,0E-17,ELIGIBLE,R03b_20260811_FULL_v1,L1_ELIGIBILITY,v2026-08-11,2026-03-21..2026-08-06,baccarat_bet02_101_all_pairs_incl_sentinel,round_win = game_pnl > 0 (decisive only),COMPATIBILITY_ONLY_NOT_PRODUCTION,53571.4227,48249.4483,483.2383,5739,5738,-0.00902045,-0.00297427,-0.01061372,-0.00902045,-483.2383,53571.4227,OK,0.0000,19.3295,4.0000,96.0000,AG03-UNRESOLVED,ALL5_LEVELS_bet23_to_bet27,19.3295,19.3295,24.1619,0.0000,0.0000,4.000000,4.000000,5.000000,0.000000,0.000000,96.000000,96.000000,95.000000,100.000000,100.000000,5.0,62.8210,60.1535,420.4173,423.0848,PENDING_AG03,FALSE,NOT_FOR_ENFORCEMENT,463.9088,46319.4703,483.2383,463.9088,19.3295,0.00902045,0.00865963,19.3295,463.9088,0.00865963,19.3295,19.3295,24.1619,0.0000,0.0000,463.9088,0.00865963,62.8210,60.1535,420.4173,423.0848,0.00784779,0.00789758,0.00036082,9.3346,8.4088,0.0842,5.5545,0.2517,615.7635,65.9540,8.3255,9.6426,5.1431,5.1891,8.2617,16.7816,25.8881,44.2602,5.1891,0.0,4.9889,8.529385,1.798876,29,193,98,2,0.20855820,0.00902045,0.00297427,0E-8,0.000000,0.900656,0.000000,0.00763944,2026-03-21,2026-08-06,87,1920,882,139,0.625899,0.863400,0.891889,0.695194,,,,,,,,GLOBAL_BASELINE_NO_ENTITY_RANKING,,,NOT_APPLICABLE_GLOBAL_BASELINE,HF9g-P5,,,,X 全窗基线 · 不参与实体赏罚,8396434,840,A168_HF9F_20260827_0900,2026-08-27 09:00:00
2026-05-06,54653530,948,0,5.1891443101,0E-10,0E-10,,1,1,0.49324550000000000,0.493245500000,,,,0E-17,NO_DECISIVE_ROUND,R03b_20260811_FULL_v1,L1_ELIGIBILITY,v2026-08-11,2026-03-21..2026-08-06,baccarat_bet02_101_all_pairs_incl_sentinel,round_win = game_pnl > 0 (decisive only),COMPATIBILITY_ONLY_NOT_PRODUCTION,53571.4227,48249.4483,483.2383,5739,5738,-0.00902045,-0.00297427,-0.01061372,-0.00902045,-483.2383,53571.4227,OK,0.0000,19.3295,4.0000,96.0000,AG03-UNRESOLVED,ALL5_LEVELS_bet23_to_bet27,19.3295,19.3295,24.1619,0.0000,0.0000,4.000000,4.000000,5.000000,0.000000,0.000000,96.000000,96.000000,95.000000,100.000000,100.000000,5.0,62.8210,60.1535,420.4173,423.0848,PENDING_AG03,FALSE,NOT_FOR_ENFORCEMENT,463.9088,46319.4703,483.2383,463.9088,19.3295,0.00902045,0.00865963,19.3295,463.9088,0.00865963,19.3295,19.3295,24.1619,0.0000,0.0000,463.9088,0.00865963,62.8210,60.1535,420.4173,423.0848,0.00784779,0.00789758,0.00036082,9.3346,8.4088,0.0842,5.5545,0.2517,615.7635,65.9540,8.3255,9.6426,5.1431,5.1891,8.2617,16.7816,25.8881,44.2602,5.1891,0.0,4.9889,8.529385,1.798876,29,193,98,2,0.20855820,0.00902045,0.00297427,0E-8,0.000000,0.900656,0.000000,0.00763944,2026-03-21,2026-08-06,87,1920,882,139,0.625899,0.863400,0.891889,0.695194,,,,,,,,GLOBAL_BASELINE_NO_ENTITY_RANKING,,,NOT_APPLICABLE_GLOBAL_BASELINE,HF9g-P5,,,,X 全窗基线 · 不参与实体赏罚,8396435,840,A168_HF9F_20260827_0900,2026-08-27 09:00:00
2026-05-06,54653530,970,0,5.1891443101,4.9296870946,4.9296870946,1.0000000,1,1,0.50665070000000000,0.506650700000,0.9867858985152569,0.9867858985152569,0.9867858985152569,0E-17,ELIGIBLE,R03b_20260811_FULL_v1,L1_ELIGIBILITY,v2026-08-11,2026-03-21..2026-08-06,baccarat_bet02_101_all_pairs_incl_sentinel,round_win = game_pnl > 0 (decisive only),COMPATIBILITY_ONLY_NOT_PRODUCTION,53571.4227,48249.4483,483.2383,5739,5738,-0.00902045,-0.00297427,-0.01061372,-0.00902045,-483.2383,53571.4227,OK,0.0000,19.3295,4.0000,96.0000,AG03-UNRESOLVED,ALL5_LEVELS_bet23_to_bet27,19.3295,19.3295,24.1619,0.0000,0.0000,4.000000,4.000000,5.000000,0.000000,0.000000,96.000000,96.000000,95.000000,100.000000,100.000000,5.0,62.8210,60.1535,420.4173,423.0848,PENDING_AG03,FALSE,NOT_FOR_ENFORCEMENT,463.9088,46319.4703,483.2383,463.9088,19.3295,0.00902045,0.00865963,19.3295,463.9088,0.00865963,19.3295,19.3295,24.1619,0.0000,0.0000,463.9088,0.00865963,62.8210,60.1535,420.4173,423.0848,0.00784779,0.00789758,0.00036082,9.3346,8.4088,0.0842,5.5545,0.2517,615.7635,65.9540,8.3255,9.6426,5.1431,5.1891,8.2617,16.7816,25.8881,44.2602,5.1891,0.0,4.9889,8.529385,1.798876,29,193,98,2,0.20855820,0.00902045,0.00297427,0E-8,0.000000,0.900656,0.000000,0.00763944,2026-03-21,2026-08-06,87,1920,882,139,0.625899,0.863400,0.891889,0.695194,,,,,,,,GLOBAL_BASELINE_NO_ENTITY_RANKING,,,NOT_APPLICABLE_GLOBAL_BASELINE,HF9g-P5,,,,X 全窗基线 · 不参与实体赏罚,8396436,840,A168_HF9F_20260827_0900,2026-08-27 09:00:00
2026-05-08,54653530,1109,0,5.1891443101,4.9296870946,4.9296870946,1.0000000,1,1,0.50665070000000000,0.506650700000,0.9867858985152569,0.9867858985152569,0.9867858985152569,0E-17,ELIGIBLE,R03b_20260811_FULL_v1,L1_ELIGIBILITY,v2026-08-11,2026-03-21..2026-08-06,baccarat_bet02_101_all_pairs_incl_sentinel,round_win = game_pnl > 0 (decisive only),COMPATIBILITY_ONLY_NOT_PRODUCTION,53571.4227,48249.4483,483.2383,5739,5738,-0.00902045,-0.00297427,-0.01061372,-0.00902045,-483.2383,53571.4227,OK,0.0000,19.3295,4.0000,96.0000,AG03-UNRESOLVED,ALL5_LEVELS_bet23_to_bet27,19.3295,19.3295,24.1619,0.0000,0.0000,4.000000,4.000000,5.000000,0.000000,0.000000,96.000000,96.000000,95.000000,100.000000,100.000000,5.0,62.8210,60.1535,420.4173,423.0848,PENDING_AG03,FALSE,NOT_FOR_ENFORCEMENT,463.9088,46319.4703,483.2383,463.9088,19.3295,0.00902045,0.00865963,19.3295,463.9088,0.00865963,19.3295,19.3295,24.1619,0.0000,0.0000,463.9088,0.00865963,62.8210,60.1535,420.4173,423.0848,0.00784779,0.00789758,0.00036082,9.3346,8.4088,0.0842,5.5545,0.2517,615.7635,65.9540,8.3255,9.6426,5.1431,5.1891,8.2617,16.7816,25.8881,44.2602,5.1891,0.0,4.9889,8.529385,1.798876,29,193,98,2,0.20855820,0.00902045,0.00297427,0E-8,0.000000,0.900656,0.000000,0.00763944,2026-03-21,2026-08-06,87,1920,882,139,0.625899,0.863400,0.891889,0.695194,,,,,,,,GLOBAL_BASELINE_NO_ENTITY_RANKING,,,NOT_APPLICABLE_GLOBAL_BASELINE,HF9g-P5,,,,X 全窗基线 · 不参与实体赏罚,8396437,840,A168_HF9F_20260827_0900,2026-08-27 09:00:00
2026-05-08,54653530,1330,0,120.9070624254,28.9943438327,28.9943438327,0.6000000,11,11,0.50421339090909091,0.504213390909,0.6058292186886555,0.6058292186892293,0.6058292186886555,9.091E-14,ELIGIBLE,R03b_20260811_FULL_v1,L1_ELIGIBILITY,v2026-08-11,2026-03-21..2026-08-06,baccarat_bet02_101_all_pairs_incl_sentinel,round_win = game_pnl > 0 (decisive only),COMPATIBILITY_ONLY_NOT_PRODUCTION,53571.4227,48249.4483,483.2383,5739,5738,-0.00902045,-0.00297427,-0.01061372,-0.00902045,-483.2383,53571.4227,OK,0.0000,19.3295,4.0000,96.0000,AG03-UNRESOLVED,ALL5_LEVELS_bet23_to_bet27,19.3295,19.3295,24.1619,0.0000,0.0000,4.000000,4.000000,5.000000,0.000000,0.000000,96.000000,96.000000,95.000000,100.000000,100.000000,5.0,62.8210,60.1535,420.4173,423.0848,PENDING_AG03,FALSE,NOT_FOR_ENFORCEMENT,463.9088,46319.4703,483.2383,463.9088,19.3295,0.00902045,0.00865963,19.3295,463.9088,0.00865963,19.3295,19.3295,24.1619,0.0000,0.0000,463.9088,0.00865963,62.8210,60.1535,420.4173,423.0848,0.00784779,0.00789758,0.00036082,9.3346,8.4088,0.0842,5.5545,0.2517,615.7635,65.9540,8.3255,9.6426,5.1431,5.1891,8.2617,16.7816,25.8881,44.2602,5.1891,0.0,4.9889,8.529385,1.798876,29,193,98,2,0.20855820,0.00902045,0.00297427,0E-8,0.000000,0.900656,0.000000,0.00763944,2026-03-21,2026-08-06,87,1920,882,139,0.625899,0.863400,0.891889,0.695194,,,,,,,,GLOBAL_BASELINE_NO_ENTITY_RANKING,,,NOT_APPLICABLE_GLOBAL_BASELINE,HF9g-P5,,,,X 全窗基线 · 不参与实体赏罚,8396438,840,A168_HF9F_20260827_0900,2026-08-27 09:00:00
2026-05-08,54653530,1363,0,23.3511493955,12.5836749520,12.5836749520,0.7500000,4,4,0.49994810000000000,0.499948100000,1.0002076053883384,1.0002076053883384,1.0002076053883384,0E-17,ELIGIBLE,R03b_20260811_FULL_v1,L1_ELIGIBILITY,v2026-08-11,2026-03-21..2026-08-06,baccarat_bet02_101_all_pairs_incl_sentinel,round_win = game_pnl > 0 (decisive only),COMPATIBILITY_ONLY_NOT_PRODUCTION,53571.4227,48249.4483,483.2383,5739,5738,-0.00902045,-0.00297427,-0.01061372,-0.00902045,-483.2383,53571.4227,OK,0.0000,19.3295,4.0000,96.0000,AG03-UNRESOLVED,ALL5_LEVELS_bet23_to_bet27,19.3295,19.3295,24.1619,0.0000,0.0000,4.000000,4.000000,5.000000,0.000000,0.000000,96.000000,96.000000,95.000000,100.000000,100.000000,5.0,62.8210,60.1535,420.4173,423.0848,PENDING_AG03,FALSE,NOT_FOR_ENFORCEMENT,463.9088,46319.4703,483.2383,463.9088,19.3295,0.00902045,0.00865963,19.3295,463.9088,0.00865963,19.3295,19.3295,24.1619,0.0000,0.0000,463.9088,0.00865963,62.8210,60.1535,420.4173,423.0848,0.00784779,0.00789758,0.00036082,9.3346,8.4088,0.0842,5.5545,0.2517,615.7635,65.9540,8.3255,9.6426,5.1431,5.1891,8.2617,16.7816,25.8881,44.2602,5.1891,0.0,4.9889,8.529385,1.798876,29,193,98,2,0.20855820,0.00902045,0.00297427,0E-8,0.000000,0.900656,0.000000,0.00763944,2026-03-21,2026-08-06,87,1920,882,139,0.625899,0.863400,0.891889,0.695194,,,,,,,,GLOBAL_BASELINE_NO_ENTITY_RANKING,,,NOT_APPLICABLE_GLOBAL_BASELINE,HF9g-P5,,,,X 全窗基线 · 不参与实体赏罚,8396439,840,A168_HF9F_20260827_0900,2026-08-27 09:00:00
2026-05-08,54653530,1401,0,44.3671838514,2.9188936744,2.9188936744,0.5000000,7,7,0.50473567142857143,0.504735671429,-0.01894353541091367,-0.01894353541262818,-0.01894353541091367,-4.2857E-13,ELIGIBLE,R03b_20260811_FULL_v1,L1_ELIGIBILITY,v2026-08-11,2026-03-21..2026-08-06,baccarat_bet02_101_all_pairs_incl_sentinel,round_win = game_pnl > 0 (decisive only),COMPATIBILITY_ONLY_NOT_PRODUCTION,53571.4227,48249.4483,483.2383,5739,5738,-0.00902045,-0.00297427,-0.01061372,-0.00902045,-483.2383,53571.4227,OK,0.0000,19.3295,4.0000,96.0000,AG03-UNRESOLVED,ALL5_LEVELS_bet23_to_bet27,19.3295,19.3295,24.1619,0.0000,0.0000,4.000000,4.000000,5.000000,0.000000,0.000000,96.000000,96.000000,95.000000,100.000000,100.000000,5.0,62.8210,60.1535,420.4173,423.0848,PENDING_AG03,FALSE,NOT_FOR_ENFORCEMENT,463.9088,46319.4703,483.2383,463.9088,19.3295,0.00902045,0.00865963,19.3295,463.9088,0.00865963,19.3295,19.3295,24.1619,0.0000,0.0000,463.9088,0.00865963,62.8210,60.1535,420.4173,423.0848,0.00784779,0.00789758,0.00036082,9.3346,8.4088,0.0842,5.5545,0.2517,615.7635,65.9540,8.3255,9.6426,5.1431,5.1891,8.2617,16.7816,25.8881,44.2602,5.1891,0.0,4.9889,8.529385,1.798876,29,193,98,2,0.20855820,0.00902045,0.00297427,0E-8,0.000000,0.900656,0.000000,0.00763944,2026-03-21,2026-08-06,87,1920,882,139,0.625899,0.863400,0.891889,0.695194,,,,,,,,GLOBAL_BASELINE_NO_ENTITY_RANKING,,,NOT_APPLICABLE_GLOBAL_BASELINE,HF9g-P5,,,,X 全窗基线 · 不参与实体赏罚,8396440,840,A168_HF9F_20260827_0900,2026-08-27 09:00:00
2026-05-08,54653530,1402,0,10.3782886202,9.8593741892,9.8593741892,1.0000000,2,2,0.50665070000000000,0.506650700000,1.3955260008387969,1.3955260008387969,1.3955260008387969,0E-17,ELIGIBLE,R03b_20260811_FULL_v1,L1_ELIGIBILITY,v2026-08-11,2026-03-21..2026-08-06,baccarat_bet02_101_all_pairs_incl_sentinel,round_win = game_pnl > 0 (decisive only),COMPATIBILITY_ONLY_NOT_PRODUCTION,53571.4227,48249.4483,483.2383,5739,5738,-0.00902045,-0.00297427,-0.01061372,-0.00902045,-483.2383,53571.4227,OK,0.0000,19.3295,4.0000,96.0000,AG03-UNRESOLVED,ALL5_LEVELS_bet23_to_bet27,19.3295,19.3295,24.1619,0.0000,0.0000,4.000000,4.000000,5.000000,0.000000,0.000000,96.000000,96.000000,95.000000,100.000000,100.000000,5.0,62.8210,60.1535,420.4173,423.0848,PENDING_AG03,FALSE,NOT_FOR_ENFORCEMENT,463.9088,46319.4703,483.2383,463.9088,19.3295,0.00902045,0.00865963,19.3295,463.9088,0.00865963,19.3295,19.3295,24.1619,0.0000,0.0000,463.9088,0.00865963,62.8210,60.1535,420.4173,423.0848,0.00784779,0.00789758,0.00036082,9.3346,8.4088,0.0842,5.5545,0.2517,615.7635,65.9540,8.3255,9.6426,5.1431,5.1891,8.2617,16.7816,25.8881,44.2602,5.1891,0.0,4.9889,8.529385,1.798876,29,193,98,2,0.20855820,0.00902045,0.00297427,0E-8,0.000000,0.900656,0.000000,0.00763944,2026-03-21,2026-08-06,87,1920,882,139,0.625899,0.863400,0.891889,0.695194,,,,,,,,GLOBAL_BASELINE_NO_ENTITY_RANKING,,,NOT_APPLICABLE_GLOBAL_BASELINE,HF9g-P5,,,,X 全窗基线 · 不参与实体赏罚,8396441,840,A168_HF9F_20260827_0900,2026-08-27 09:00:00
2026-05-08,54653530,1710,0,30.3564942141,-30.3564942141,-30.3564942141,0E-7,3,3,0.49771390000000000,0.497713900000,-1.724149546644903,-1.724149546644903,-1.724149546644903,0E-17,ELIGIBLE,R03b_20260811_FULL_v1,L1_ELIGIBILITY,v2026-08-11,2026-03-21..2026-08-06,baccarat_bet02_101_all_pairs_incl_sentinel,round_win = game_pnl > 0 (decisive only),COMPATIBILITY_ONLY_NOT_PRODUCTION,53571.4227,48249.4483,483.2383,5739,5738,-0.00902045,-0.00297427,-0.01061372,-0.00902045,-483.2383,53571.4227,OK,0.0000,19.3295,4.0000,96.0000,AG03-UNRESOLVED,ALL5_LEVELS_bet23_to_bet27,19.3295,19.3295,24.1619,0.0000,0.0000,4.000000,4.000000,5.000000,0.000000,0.000000,96.000000,96.000000,95.000000,100.000000,100.000000,5.0,62.8210,60.1535,420.4173,423.0848,PENDING_AG03,FALSE,NOT_FOR_ENFORCEMENT,463.9088,46319.4703,483.2383,463.9088,19.3295,0.00902045,0.00865963,19.3295,463.9088,0.00865963,19.3295,19.3295,24.1619,0.0000,0.0000,463.9088,0.00865963,62.8210,60.1535,420.4173,423.0848,0.00784779,0.00789758,0.00036082,9.3346,8.4088,0.0842,5.5545,0.2517,615.7635,65.9540,8.3255,9.6426,5.1431,5.1891,8.2617,16.7816,25.8881,44.2602,5.1891,0.0,4.9889,8.529385,1.798876,29,193,98,2,0.20855820,0.00902045,0.00297427,0E-8,0.000000,0.900656,0.000000,0.00763944,2026-03-21,2026-08-06,87,1920,882,139,0.625899,0.863400,0.891889,0.695194,,,,,,,,GLOBAL_BASELINE_NO_ENTITY_RANKING,,,NOT_APPLICABLE_GLOBAL_BASELINE,HF9g-P5,,,,X 全窗基线 · 不参与实体赏罚,8396442,840,A168_HF9F_20260827_0900,2026-08-27 09:00:00
2026-05-08,54653530,1941,0,94.7018836594,9.1458668465,9.1458668465,0.4444444,10,10,0.50665070000000000,0.506650700000,-0.373270555658994,-0.373270555658994,-0.373270555658994,0E-17,ELIGIBLE,R03b_20260811_FULL_v1,L1_ELIGIBILITY,v2026-08-11,2026-03-21..2026-08-06,baccarat_bet02_101_all_pairs_incl_sentinel,round_win = game_pnl > 0 (decisive only),COMPATIBILITY_ONLY_NOT_PRODUCTION,53571.4227,48249.4483,483.2383,5739,5738,-0.00902045,-0.00297427,-0.01061372,-0.00902045,-483.2383,53571.4227,OK,0.0000,19.3295,4.0000,96.0000,AG03-UNRESOLVED,ALL5_LEVELS_bet23_to_bet27,19.3295,19.3295,24.1619,0.0000,0.0000,4.000000,4.000000,5.000000,0.000000,0.000000,96.000000,96.000000,95.000000,100.000000,100.000000,5.0,62.8210,60.1535,420.4173,423.0848,PENDING_AG03,FALSE,NOT_FOR_ENFORCEMENT,463.9088,46319.4703,483.2383,463.9088,19.3295,0.00902045,0.00865963,19.3295,463.9088,0.00865963,19.3295,19.3295,24.1619,0.0000,0.0000,463.9088,0.00865963,62.8210,60.1535,420.4173,423.0848,0.00784779,0.00789758,0.00036082,9.3346,8.4088,0.0842,5.5545,0.2517,615.7635,65.9540,8.3255,9.6426,5.1431,5.1891,8.2617,16.7816,25.8881,44.2602,5.1891,0.0,4.9889,8.529385,1.798876,29,193,98,2,0.20855820,0.00902045,0.00297427,0E-8,0.000000,0.900656,0.000000,0.00763944,2026-03-21,2026-08-06,87,1920,882,139,0.625899,0.863400,0.891889,0.695194,,,,,,,,GLOBAL_BASELINE_NO_ENTITY_RANKING,,,NOT_APPLICABLE_GLOBAL_BASELINE,HF9g-P5,,,,X 全窗基线 · 不参与实体赏罚,8396443,840,A168_HF9F_20260827_0900,2026-08-27 09:00:00
2026-05-08,54653530,1996,0,12.9728607753,2.5945721551,2.5945721551,0.5000000,2,2,0.49324550000000000,0.493245500000,0.01910635448239258,0.01910635448239258,0.01910635448239258,0E-17,ELIGIBLE,R03b_20260811_FULL_v1,L1_ELIGIBILITY,v2026-08-11,2026-03-21..2026-08-06,baccarat_bet02_101_all_pairs_incl_sentinel,round_win = game_pnl > 0 (decisive only),COMPATIBILITY_ONLY_NOT_PRODUCTION,53571.4227,48249.4483,483.2383,5739,5738,-0.00902045,-0.00297427,-0.01061372,-0.00902045,-483.2383,53571.4227,OK,0.0000,19.3295,4.0000,96.0000,AG03-UNRESOLVED,ALL5_LEVELS_bet23_to_bet27,19.3295,19.3295,24.1619,0.0000,0.0000,4.000000,4.000000,5.000000,0.000000,0.000000,96.000000,96.000000,95.000000,100.000000,100.000000,5.0,62.8210,60.1535,420.4173,423.0848,PENDING_AG03,FALSE,NOT_FOR_ENFORCEMENT,463.9088,46319.4703,483.2383,463.9088,19.3295,0.00902045,0.00865963,19.3295,463.9088,0.00865963,19.3295,19.3295,24.1619,0.0000,0.0000,463.9088,0.00865963,62.8210,60.1535,420.4173,423.0848,0.00784779,0.00789758,0.00036082,9.3346,8.4088,0.0842,5.5545,0.2517,615.7635,65.9540,8.3255,9.6426,5.1431,5.1891,8.2617,16.7816,25.8881,44.2602,5.1891,0.0,4.9889,8.529385,1.798876,29,193,98,2,0.20855820,0.00902045,0.00297427,0E-8,0.000000,0.900656,0.000000,0.00763944,2026-03-21,2026-08-06,87,1920,882,139,0.625899,0.863400,0.891889,0.695194,,,,,,,,GLOBAL_BASELINE_NO_ENTITY_RANKING,,,NOT_APPLICABLE_GLOBAL_BASELINE,HF9g-P5,,,,X 全窗基线 · 不参与实体赏罚,8396444,840,A168_HF9F_20260827_0900,2026-08-27 09:00:00
2026-05-08,54653530,2121,0,101.7072284781,36.6872502724,36.6872502724,0.6428571,14,14,0.50473567142857143,0.504735671429,1.0336528113283527,1.0336528113251537,1.0336528113283527,-4.2857E-13,ELIGIBLE,R03b_20260811_FULL_v1,L1_ELIGIBILITY,v2026-08-11,2026-03-21..2026-08-06,baccarat_bet02_101_all_pairs_incl_sentinel,round_win = game_pnl > 0 (decisive only),COMPATIBILITY_ONLY_NOT_PRODUCTION,53571.4227,48249.4483,483.2383,5739,5738,-0.00902045,-0.00297427,-0.01061372,-0.00902045,-483.2383,53571.4227,OK,0.0000,19.3295,4.0000,96.0000,AG03-UNRESOLVED,ALL5_LEVELS_bet23_to_bet27,19.3295,19.3295,24.1619,0.0000,0.0000,4.000000,4.000000,5.000000,0.000000,0.000000,96.000000,96.000000,95.000000,100.000000,100.000000,5.0,62.8210,60.1535,420.4173,423.0848,PENDING_AG03,FALSE,NOT_FOR_ENFORCEMENT,463.9088,46319.4703,483.2383,463.9088,19.3295,0.00902045,0.00865963,19.3295,463.9088,0.00865963,19.3295,19.3295,24.1619,0.0000,0.0000,463.9088,0.00865963,62.8210,60.1535,420.4173,423.0848,0.00784779,0.00789758,0.00036082,9.3346,8.4088,0.0842,5.5545,0.2517,615.7635,65.9540,8.3255,9.6426,5.1431,5.1891,8.2617,16.7816,25.8881,44.2602,5.1891,0.0,4.9889,8.529385,1.798876,29,193,98,2,0.20855820,0.00902045,0.00297427,0E-8,0.000000,0.900656,0.000000,0.00763944,2026-03-21,2026-08-06,87,1920,882,139,0.625899,0.863400,0.891889,0.695194,,,,,,,,GLOBAL_BASELINE_NO_ENTITY_RANKING,,,NOT_APPLICABLE_GLOBAL_BASELINE,HF9g-P5,,,,X 全窗基线 · 不参与实体赏罚,8396445,840,A168_HF9F_20260827_0900,2026-08-27 09:00:00
2026-05-08,54653530,2145,0,47.2212132219,22.0927819003,22.0927819003,0.6666667,3,3,0.50665070000000000,0.506650700000,0.5543606114942035,0.5543606114942035,0.5543606114942035,0E-17,ELIGIBLE,R03b_20260811_FULL_v1,L1_ELIGIBILITY,v2026-08-11,2026-03-21..2026-08-06,baccarat_bet02_101_all_pairs_incl_sentinel,round_win = game_pnl > 0 (decisive only),COMPATIBILITY_ONLY_NOT_PRODUCTION,53571.4227,48249.4483,483.2383,5739,5738,-0.00902045,-0.00297427,-0.01061372,-0.00902045,-483.2383,53571.4227,OK,0.0000,19.3295,4.0000,96.0000,AG03-UNRESOLVED,ALL5_LEVELS_bet23_to_bet27,19.3295,19.3295,24.1619,0.0000,0.0000,4.000000,4.000000,5.000000,0.000000,0.000000,96.000000,96.000000,95.000000,100.000000,100.000000,5.0,62.8210,60.1535,420.4173,423.0848,PENDING_AG03,FALSE,NOT_FOR_ENFORCEMENT,463.9088,46319.4703,483.2383,463.9088,19.3295,0.00902045,0.00865963,19.3295,463.9088,0.00865963,19.3295,19.3295,24.1619,0.0000,0.0000,463.9088,0.00865963,62.8210,60.1535,420.4173,423.0848,0.00784779,0.00789758,0.00036082,9.3346,8.4088,0.0842,5.5545,0.2517,615.7635,65.9540,8.3255,9.6426,5.1431,5.1891,8.2617,16.7816,25.8881,44.2602,5.1891,0.0,4.9889,8.529385,1.798876,29,193,98,2,0.20855820,0.00902045,0.00297427,0E-8,0.000000,0.900656,0.000000,0.00763944,2026-03-21,2026-08-06,87,1920,882,139,0.625899,0.863400,0.891889,0.695194,,,,,,,,GLOBAL_BASELINE_NO_ENTITY_RANKING,,,NOT_APPLICABLE_GLOBAL_BASELINE,HF9g-P5,,,,X 全窗基线 · 不参与实体赏罚,8396446,840,A168_HF9F_20260827_0900,2026-08-27 09:00:00
2026-05-08,54653530,2196,0,10.3782886202,9.8593741892,9.8593741892,1.0000000,2,2,0.50665070000000000,0.506650700000,1.3955260008387969,1.3955260008387969,1.3955260008387969,0E-17,ELIGIBLE,R03b_20260811_FULL_v1,L1_ELIGIBILITY,v2026-08-11,2026-03-21..2026-08-06,baccarat_bet02_101_all_pairs_incl_sentinel,round_win = game_pnl > 0 (decisive only),COMPATIBILITY_ONLY_NOT_PRODUCTION,53571.4227,48249.4483,483.2383,5739,5738,-0.00902045,-0.00297427,-0.01061372,-0.00902045,-483.2383,53571.4227,OK,0.0000,19.3295,4.0000,96.0000,AG03-UNRESOLVED,ALL5_LEVELS_bet23_to_bet27,19.3295,19.3295,24.1619,0.0000,0.0000,4.000000,4.000000,5.000000,0.000000,0.000000,96.000000,96.000000,95.000000,100.000000,100.000000,5.0,62.8210,60.1535,420.4173,423.0848,PENDING_AG03,FALSE,NOT_FOR_ENFORCEMENT,463.9088,46319.4703,483.2383,463.9088,19.3295,0.00902045,0.00865963,19.3295,463.9088,0.00865963,19.3295,19.3295,24.1619,0.0000,0.0000,463.9088,0.00865963,62.8210,60.1535,420.4173,423.0848,0.00784779,0.00789758,0.00036082,9.3346,8.4088,0.0842,5.5545,0.2517,615.7635,65.9540,8.3255,9.6426,5.1431,5.1891,8.2617,16.7816,25.8881,44.2602,5.1891,0.0,4.9889,8.529385,1.798876,29,193,98,2,0.20855820,0.00902045,0.00297427,0E-8,0.000000,0.900656,0.000000,0.00763944,2026-03-21,2026-08-06,87,1920,882,139,0.625899,0.863400,0.891889,0.695194,,,,,,,,GLOBAL_BASELINE_NO_ENTITY_RANKING,,,NOT_APPLICABLE_GLOBAL_BASELINE,HF9g-P5,,,,X 全窗基线 · 不参与实体赏罚,8396447,840,A168_HF9F_20260827_0900,2026-08-27 09:00:00
2026-05-08,54653530,2202,0,5.1891443101,4.9296870946,4.9296870946,1.0000000,1,1,0.50665070000000000,0.506650700000,0.9867858985152569,0.9867858985152569,0.9867858985152569,0E-17,ELIGIBLE,R03b_20260811_FULL_v1,L1_ELIGIBILITY,v2026-08-11,2026-03-21..2026-08-06,baccarat_bet02_101_all_pairs_incl_sentinel,round_win = game_pnl > 0 (decisive only),COMPATIBILITY_ONLY_NOT_PRODUCTION,53571.4227,48249.4483,483.2383,5739,5738,-0.00902045,-0.00297427,-0.01061372,-0.00902045,-483.2383,53571.4227,OK,0.0000,19.3295,4.0000,96.0000,AG03-UNRESOLVED,ALL5_LEVELS_bet23_to_bet27,19.3295,19.3295,24.1619,0.0000,0.0000,4.000000,4.000000,5.000000,0.000000,0.000000,96.000000,96.000000,95.000000,100.000000,100.000000,5.0,62.8210,60.1535,420.4173,423.0848,PENDING_AG03,FALSE,NOT_FOR_ENFORCEMENT,463.9088,46319.4703,483.2383,463.9088,19.3295,0.00902045,0.00865963,19.3295,463.9088,0.00865963,19.3295,19.3295,24.1619,0.0000,0.0000,463.9088,0.00865963,62.8210,60.1535,420.4173,423.0848,0.00784779,0.00789758,0.00036082,9.3346,8.4088,0.0842,5.5545,0.2517,615.7635,65.9540,8.3255,9.6426,5.1431,5.1891,8.2617,16.7816,25.8881,44.2602,5.1891,0.0,4.9889,8.529385,1.798876,29,193,98,2,0.20855820,0.00902045,0.00297427,0E-8,0.000000,0.900656,0.000000,0.00763944,2026-03-21,2026-08-06,87,1920,882,139,0.625899,0.863400,0.891889,0.695194,,,,,,,,GLOBAL_BASELINE_NO_ENTITY_RANKING,,,NOT_APPLICABLE_GLOBAL_BASELINE,HF9g-P5,,,,X 全窗基线 · 不参与实体赏罚,8396448,840,A168_HF9F_20260827_0900,2026-08-27 09:00:00
2026-05-08,54653530,2209,0,12.9728607753,2.5945721551,2.5945721551,0.5000000,2,2,0.49994810000000000,0.499948100000,0.00014679536856514622,0.00014679536856514622,0.00014679536856514622,0E-17,ELIGIBLE,R03b_20260811_FULL_v1,L1_ELIGIBILITY,v2026-08-11,2026-03-21..2026-08-06,baccarat_bet02_101_all_pairs_incl_sentinel,round_win = game_pnl > 0 (decisive only),COMPATIBILITY_ONLY_NOT_PRODUCTION,53571.4227,48249.4483,483.2383,5739,5738,-0.00902045,-0.00297427,-0.01061372,-0.00902045,-483.2383,53571.4227,OK,0.0000,19.3295,4.0000,96.0000,AG03-UNRESOLVED,ALL5_LEVELS_bet23_to_bet27,19.3295,19.3295,24.1619,0.0000,0.0000,4.000000,4.000000,5.000000,0.000000,0.000000,96.000000,96.000000,95.000000,100.000000,100.000000,5.0,62.8210,60.1535,420.4173,423.0848,PENDING_AG03,FALSE,NOT_FOR_ENFORCEMENT,463.9088,46319.4703,483.2383,463.9088,19.3295,0.00902045,0.00865963,19.3295,463.9088,0.00865963,19.3295,19.3295,24.1619,0.0000,0.0000,463.9088,0.00865963,62.8210,60.1535,420.4173,423.0848,0.00784779,0.00789758,0.00036082,9.3346,8.4088,0.0842,5.5545,0.2517,615.7635,65.9540,8.3255,9.6426,5.1431,5.1891,8.2617,16.7816,25.8881,44.2602,5.1891,0.0,4.9889,8.529385,1.798876,29,193,98,2,0.20855820,0.00902045,0.00297427,0E-8,0.000000,0.900656,0.000000,0.00763944,2026-03-21,2026-08-06,87,1920,882,139,0.625899,0.863400,0.891889,0.695194,,,,,,,,GLOBAL_BASELINE_NO_ENTITY_RANKING,,,NOT_APPLICABLE_GLOBAL_BASELINE,HF9g-P5,,,,X 全窗基线 · 不参与实体赏罚,8396449,840,A168_HF9F_20260827_0900,2026-08-27 09:00:00
2026-05-08,54653530,2222,0,30.0970369986,-30.0970369986,-30.0970369986,0E-7,3,3,0.50665070000000000,0.506650700000,-1.7552447903592512,-1.7552447903592512,-1.7552447903592512,0E-17,ELIGIBLE,R03b_20260811_FULL_v1,L1_ELIGIBILITY,v2026-08-11,2026-03-21..2026-08-06,baccarat_bet02_101_all_pairs_incl_sentinel,round_win = game_pnl > 0 (decisive only),COMPATIBILITY_ONLY_NOT_PRODUCTION,53571.4227,48249.4483,483.2383,5739,5738,-0.00902045,-0.00297427,-0.01061372,-0.00902045,-483.2383,53571.4227,OK,0.0000,19.3295,4.0000,96.0000,AG03-UNRESOLVED,ALL5_LEVELS_bet23_to_bet27,19.3295,19.3295,24.1619,0.0000,0.0000,4.000000,4.000000,5.000000,0.000000,0.000000,96.000000,96.000000,95.000000,100.000000,100.000000,5.0,62.8210,60.1535,420.4173,423.0848,PENDING_AG03,FALSE,NOT_FOR_ENFORCEMENT,463.9088,46319.4703,483.2383,463.9088,19.3295,0.00902045,0.00865963,19.3295,463.9088,0.00865963,19.3295,19.3295,24.1619,0.0000,0.0000,463.9088,0.00865963,62.8210,60.1535,420.4173,423.0848,0.00784779,0.00789758,0.00036082,9.3346,8.4088,0.0842,5.5545,0.2517,615.7635,65.9540,8.3255,9.6426,5.1431,5.1891,8.2617,16.7816,25.8881,44.2602,5.1891,0.0,4.9889,8.529385,1.798876,29,193,98,2,0.20855820,0.00902045,0.00297427,0E-8,0.000000,0.900656,0.000000,0.00763944,2026-03-21,2026-08-06,87,1920,882,139,0.625899,0.863400,0.891889,0.695194,,,,,,,,GLOBAL_BASELINE_NO_ENTITY_RANKING,,,NOT_APPLICABLE_GLOBAL_BASELINE,HF9g-P5,,,,X 全窗基线 · 不参与实体赏罚,8396450,840,A168_HF9F_20260827_0900,2026-08-27 09:00:00
2026-05-08,54653530,462,0,5.1891443101,4.9296870946,4.9296870946,1.0000000,1,1,0.50665070000000000,0.506650700000,0.9867858985152569,0.9867858985152569,0.9867858985152569,0E-17,ELIGIBLE,R03b_20260811_FULL_v1,L1_ELIGIBILITY,v2026-08-11,2026-03-21..2026-08-06,baccarat_bet02_101_all_pairs_incl_sentinel,round_win = game_pnl > 0 (decisive only),COMPATIBILITY_ONLY_NOT_PRODUCTION,53571.4227,48249.4483,483.2383,5739,5738,-0.00902045,-0.00297427,-0.01061372,-0.00902045,-483.2383,53571.4227,OK,0.0000,19.3295,4.0000,96.0000,AG03-UNRESOLVED,ALL5_LEVELS_bet23_to_bet27,19.3295,19.3295,24.1619,0.0000,0.0000,4.000000,4.000000,5.000000,0.000000,0.000000,96.000000,96.000000,95.000000,100.000000,100.000000,5.0,62.8210,60.1535,420.4173,423.0848,PENDING_AG03,FALSE,NOT_FOR_ENFORCEMENT,463.9088,46319.4703,483.2383,463.9088,19.3295,0.00902045,0.00865963,19.3295,463.9088,0.00865963,19.3295,19.3295,24.1619,0.0000,0.0000,463.9088,0.00865963,62.8210,60.1535,420.4173,423.0848,0.00784779,0.00789758,0.00036082,9.3346,8.4088,0.0842,5.5545,0.2517,615.7635,65.9540,8.3255,9.6426,5.1431,5.1891,8.2617,16.7816,25.8881,44.2602,5.1891,0.0,4.9889,8.529385,1.798876,29,193,98,2,0.20855820,0.00902045,0.00297427,0E-8,0.000000,0.900656,0.000000,0.00763944,2026-03-21,2026-08-06,87,1920,882,139,0.625899,0.863400,0.891889,0.695194,,,,,,,,GLOBAL_BASELINE_NO_ENTITY_RANKING,,,NOT_APPLICABLE_GLOBAL_BASELINE,HF9g-P5,,,,X 全窗基线 · 不参与实体赏罚,8396451,840,A168_HF9F_20260827_0900,2026-08-27 09:00:00
2026-05-08,54653530,994,0,44.8860982824,12.1815162680,12.1815162680,0.6250000,8,8,0.50329940000000000,0.503299400000,0.6884575455922034,0.6884575455922034,0.6884575455922034,0E-17,ELIGIBLE,R03b_20260811_FULL_v1,L1_ELIGIBILITY,v2026-08-11,2026-03-21..2026-08-06,baccarat_bet02_101_all_pairs_incl_sentinel,round_win = game_pnl > 0 (decisive only),COMPATIBILITY_ONLY_NOT_PRODUCTION,53571.4227,48249.4483,483.2383,5739,5738,-0.00902045,-0.00297427,-0.01061372,-0.00902045,-483.2383,53571.4227,OK,0.0000,19.3295,4.0000,96.0000,AG03-UNRESOLVED,ALL5_LEVELS_bet23_to_bet27,19.3295,19.3295,24.1619,0.0000,0.0000,4.000000,4.000000,5.000000,0.000000,0.000000,96.000000,96.000000,95.000000,100.000000,100.000000,5.0,62.8210,60.1535,420.4173,423.0848,PENDING_AG03,FALSE,NOT_FOR_ENFORCEMENT,463.9088,46319.4703,483.2383,463.9088,19.3295,0.00902045,0.00865963,19.3295,463.9088,0.00865963,19.3295,19.3295,24.1619,0.0000,0.0000,463.9088,0.00865963,62.8210,60.1535,420.4173,423.0848,0.00784779,0.00789758,0.00036082,9.3346,8.4088,0.0842,5.5545,0.2517,615.7635,65.9540,8.3255,9.6426,5.1431,5.1891,8.2617,16.7816,25.8881,44.2602,5.1891,0.0,4.9889,8.529385,1.798876,29,193,98,2,0.20855820,0.00902045,0.00297427,0E-8,0.000000,0.900656,0.000000,0.00763944,2026-03-21,2026-08-06,87,1920,882,139,0.625899,0.863400,0.891889,0.695194,,,,,,,,GLOBAL_BASELINE_NO_ENTITY_RANKING,,,NOT_APPLICABLE_GLOBAL_BASELINE,HF9g-P5,,,,X 全窗基线 · 不参与实体赏罚,8396452,840,A168_HF9F_20260827_0900,2026-08-27 09:00:00
2026-05-09,54653530,-1,1,80.6911940222,35.1434798401,35.1434798401,0.7272727,12,12,0.49994810000000000,0.499948100000,1.5079009966654515,1.5079009966654515,1.5079009966654515,0E-17,SENTINEL_DEALER,R03b_20260811_FULL_v1,L1_ELIGIBILITY,v2026-08-11,2026-03-21..2026-08-06,baccarat_bet02_101_all_pairs_incl_sentinel,round_win = game_pnl > 0 (decisive only),COMPATIBILITY_ONLY_NOT_PRODUCTION,53571.4227,48249.4483,483.2383,5739,5738,-0.00902045,-0.00297427,-0.01061372,-0.00902045,-483.2383,53571.4227,OK,0.0000,19.3295,4.0000,96.0000,AG03-UNRESOLVED,ALL5_LEVELS_bet23_to_bet27,19.3295,19.3295,24.1619,0.0000,0.0000,4.000000,4.000000,5.000000,0.000000,0.000000,96.000000,96.000000,95.000000,100.000000,100.000000,5.0,62.8210,60.1535,420.4173,423.0848,PENDING_AG03,FALSE,NOT_FOR_ENFORCEMENT,463.9088,46319.4703,483.2383,463.9088,19.3295,0.00902045,0.00865963,19.3295,463.9088,0.00865963,19.3295,19.3295,24.1619,0.0000,0.0000,463.9088,0.00865963,62.8210,60.1535,420.4173,423.0848,0.00784779,0.00789758,0.00036082,9.3346,8.4088,0.0842,5.5545,0.2517,615.7635,65.9540,8.3255,9.6426,5.1431,5.1891,8.2617,16.7816,25.8881,44.2602,5.1891,0.0,4.9889,8.529385,1.798876,29,193,98,2,0.20855820,0.00902045,0.00297427,0E-8,0.000000,0.900656,0.000000,0.00763944,2026-03-21,2026-08-06,87,1920,882,139,0.625899,0.863400,0.891889,0.695194,,,,,,,,GLOBAL_BASELINE_NO_ENTITY_RANKING,,,NOT_APPLICABLE_GLOBAL_BASELINE,HF9g-P5,,,,X 全窗基线 · 不参与实体赏罚,8396453,840,A168_HF9F_20260827_0900,2026-08-27 09:00:00
2026-05-09,54653530,1087,0,5.1891443101,4.9296870946,4.9296870946,1.0000000,1,1,0.50665070000000000,0.506650700000,0.9867858985152569,0.9867858985152569,0.9867858985152569,0E-17,ELIGIBLE,R03b_20260811_FULL_v1,L1_ELIGIBILITY,v2026-08-11,2026-03-21..2026-08-06,baccarat_bet02_101_all_pairs_incl_sentinel,round_win = game_pnl > 0 (decisive only),COMPATIBILITY_ONLY_NOT_PRODUCTION,53571.4227,48249.4483,483.2383,5739,5738,-0.00902045,-0.00297427,-0.01061372,-0.00902045,-483.2383,53571.4227,OK,0.0000,19.3295,4.0000,96.0000,AG03-UNRESOLVED,ALL5_LEVELS_bet23_to_bet27,19.3295,19.3295,24.1619,0.0000,0.0000,4.000000,4.000000,5.000000,0.000000,0.000000,96.000000,96.000000,95.000000,100.000000,100.000000,5.0,62.8210,60.1535,420.4173,423.0848,PENDING_AG03,FALSE,NOT_FOR_ENFORCEMENT,463.9088,46319.4703,483.2383,463.9088,19.3295,0.00902045,0.00865963,19.3295,463.9088,0.00865963,19.3295,19.3295,24.1619,0.0000,0.0000,463.9088,0.00865963,62.8210,60.1535,420.4173,423.0848,0.00784779,0.00789758,0.00036082,9.3346,8.4088,0.0842,5.5545,0.2517,615.7635,65.9540,8.3255,9.6426,5.1431,5.1891,8.2617,16.7816,25.8881,44.2602,5.1891,0.0,4.9889,8.529385,1.798876,29,193,98,2,0.20855820,0.00902045,0.00297427,0E-8,0.000000,0.900656,0.000000,0.00763944,2026-03-21,2026-08-06,87,1920,882,139,0.625899,0.863400,0.891889,0.695194,,,,,,,,GLOBAL_BASELINE_NO_ENTITY_RANKING,,,NOT_APPLICABLE_GLOBAL_BASELINE,HF9g-P5,,,,X 全窗基线 · 不参与实体赏罚,8396454,840,A168_HF9F_20260827_0900,2026-08-27 09:00:00
2026-05-09,54653530,1094,0,70.0534481865,22.5727777490,22.5727777490,0.6000000,10,10,0.49726706000000000,0.497267060000,0.6497498682362389,0.649749868236239,0.6497498682362389,0E-17,ELIGIBLE,R03b_20260811_FULL_v1,L1_ELIGIBILITY,v2026-08-11,2026-03-21..2026-08-06,baccarat_bet02_101_all_pairs_incl_sentinel,round_win = game_pnl > 0 (decisive only),COMPATIBILITY_ONLY_NOT_PRODUCTION,53571.4227,48249.4483,483.2383,5739,5738,-0.00902045,-0.00297427,-0.01061372,-0.00902045,-483.2383,53571.4227,OK,0.0000,19.3295,4.0000,96.0000,AG03-UNRESOLVED,ALL5_LEVELS_bet23_to_bet27,19.3295,19.3295,24.1619,0.0000,0.0000,4.000000,4.000000,5.000000,0.000000,0.000000,96.000000,96.000000,95.000000,100.000000,100.000000,5.0,62.8210,60.1535,420.4173,423.0848,PENDING_AG03,FALSE,NOT_FOR_ENFORCEMENT,463.9088,46319.4703,483.2383,463.9088,19.3295,0.00902045,0.00865963,19.3295,463.9088,0.00865963,19.3295,19.3295,24.1619,0.0000,0.0000,463.9088,0.00865963,62.8210,60.1535,420.4173,423.0848,0.00784779,0.00789758,0.00036082,9.3346,8.4088,0.0842,5.5545,0.2517,615.7635,65.9540,8.3255,9.6426,5.1431,5.1891,8.2617,16.7816,25.8881,44.2602,5.1891,0.0,4.9889,8.529385,1.798876,29,193,98,2,0.20855820,0.00902045,0.00297427,0E-8,0.000000,0.900656,0.000000,0.00763944,2026-03-21,2026-08-06,87,1920,882,139,0.625899,0.863400,0.891889,0.695194,,,,,,,,GLOBAL_BASELINE_NO_ENTITY_RANKING,,,NOT_APPLICABLE_GLOBAL_BASELINE,HF9g-P5,,,,X 全窗基线 · 不参与实体赏罚,8396455,840,A168_HF9F_20260827_0900,2026-08-27 09:00:00
2026-05-09,54653530,1325,0,18.1620050854,7.1350734264,7.1350734264,0.6666667,3,3,0.50218230000000000,0.502182300000,0.5697959874915163,0.5697959874915164,0.5697959874915163,0E-17,ELIGIBLE,R03b_20260811_FULL_v1,L1_ELIGIBILITY,v2026-08-11,2026-03-21..2026-08-06,baccarat_bet02_101_all_pairs_incl_sentinel,round_win = game_pnl > 0 (decisive only),COMPATIBILITY_ONLY_NOT_PRODUCTION,53571.4227,48249.4483,483.2383,5739,5738,-0.00902045,-0.00297427,-0.01061372,-0.00902045,-483.2383,53571.4227,OK,0.0000,19.3295,4.0000,96.0000,AG03-UNRESOLVED,ALL5_LEVELS_bet23_to_bet27,19.3295,19.3295,24.1619,0.0000,0.0000,4.000000,4.000000,5.000000,0.000000,0.000000,96.000000,96.000000,95.000000,100.000000,100.000000,5.0,62.8210,60.1535,420.4173,423.0848,PENDING_AG03,FALSE,NOT_FOR_ENFORCEMENT,463.9088,46319.4703,483.2383,463.9088,19.3295,0.00902045,0.00865963,19.3295,463.9088,0.00865963,19.3295,19.3295,24.1619,0.0000,0.0000,463.9088,0.00865963,62.8210,60.1535,420.4173,423.0848,0.00784779,0.00789758,0.00036082,9.3346,8.4088,0.0842,5.5545,0.2517,615.7635,65.9540,8.3255,9.6426,5.1431,5.1891,8.2617,16.7816,25.8881,44.2602,5.1891,0.0,4.9889,8.529385,1.798876,29,193,98,2,0.20855820,0.00902045,0.00297427,0E-8,0.000000,0.900656,0.000000,0.00763944,2026-03-21,2026-08-06,87,1920,882,139,0.625899,0.863400,0.891889,0.695194,,,,,,,,GLOBAL_BASELINE_NO_ENTITY_RANKING,,,NOT_APPLICABLE_GLOBAL_BASELINE,HF9g-P5,,,,X 全窗基线 · 不参与实体赏罚,8396456,840,A168_HF9F_20260827_0900,2026-08-27 09:00:00
2026-05-09,54653530,1353,0,61.7508172903,18.1879508069,18.1879508069,0.5000000,6,6,0.50665070000000000,0.506650700000,-0.032584525537284574,-0.032584525537284574,-0.032584525537284574,0E-17,ELIGIBLE,R03b_20260811_FULL_v1,L1_ELIGIBILITY,v2026-08-11,2026-03-21..2026-08-06,baccarat_bet02_101_all_pairs_incl_sentinel,round_win = game_pnl > 0 (decisive only),COMPATIBILITY_ONLY_NOT_PRODUCTION,53571.4227,48249.4483,483.2383,5739,5738,-0.00902045,-0.00297427,-0.01061372,-0.00902045,-483.2383,53571.4227,OK,0.0000,19.3295,4.0000,96.0000,AG03-UNRESOLVED,ALL5_LEVELS_bet23_to_bet27,19.3295,19.3295,24.1619,0.0000,0.0000,4.000000,4.000000,5.000000,0.000000,0.000000,96.000000,96.000000,95.000000,100.000000,100.000000,5.0,62.8210,60.1535,420.4173,423.0848,PENDING_AG03,FALSE,NOT_FOR_ENFORCEMENT,463.9088,46319.4703,483.2383,463.9088,19.3295,0.00902045,0.00865963,19.3295,463.9088,0.00865963,19.3295,19.3295,24.1619,0.0000,0.0000,463.9088,0.00865963,62.8210,60.1535,420.4173,423.0848,0.00784779,0.00789758,0.00036082,9.3346,8.4088,0.0842,5.5545,0.2517,615.7635,65.9540,8.3255,9.6426,5.1431,5.1891,8.2617,16.7816,25.8881,44.2602,5.1891,0.0,4.9889,8.529385,1.798876,29,193,98,2,0.20855820,0.00902045,0.00297427,0E-8,0.000000,0.900656,0.000000,0.00763944,2026-03-21,2026-08-06,87,1920,882,139,0.625899,0.863400,0.891889,0.695194,,,,,,,,GLOBAL_BASELINE_NO_ENTITY_RANKING,,,NOT_APPLICABLE_GLOBAL_BASELINE,HF9g-P5,,,,X 全窗基线 · 不参与实体赏罚,8396457,840,A168_HF9F_20260827_0900,2026-08-27 09:00:00
2026-05-09,54653530,1363,0,12.9728607753,2.2053863318,2.2053863318,0.5000000,2,2,0.50665070000000000,0.506650700000,-0.018812684590367487,-0.018812684590367487,-0.018812684590367487,0E-17,ELIGIBLE,R03b_20260811_FULL_v1,L1_ELIGIBILITY,v2026-08-11,2026-03-21..2026-08-06,baccarat_bet02_101_all_pairs_incl_sentinel,round_win = game_pnl > 0 (decisive only),COMPATIBILITY_ONLY_NOT_PRODUCTION,53571.4227,48249.4483,483.2383,5739,5738,-0.00902045,-0.00297427,-0.01061372,-0.00902045,-483.2383,53571.4227,OK,0.0000,19.3295,4.0000,96.0000,AG03-UNRESOLVED,ALL5_LEVELS_bet23_to_bet27,19.3295,19.3295,24.1619,0.0000,0.0000,4.000000,4.000000,5.000000,0.000000,0.000000,96.000000,96.000000,95.000000,100.000000,100.000000,5.0,62.8210,60.1535,420.4173,423.0848,PENDING_AG03,FALSE,NOT_FOR_ENFORCEMENT,463.9088,46319.4703,483.2383,463.9088,19.3295,0.00902045,0.00865963,19.3295,463.9088,0.00865963,19.3295,19.3295,24.1619,0.0000,0.0000,463.9088,0.00865963,62.8210,60.1535,420.4173,423.0848,0.00784779,0.00789758,0.00036082,9.3346,8.4088,0.0842,5.5545,0.2517,615.7635,65.9540,8.3255,9.6426,5.1431,5.1891,8.2617,16.7816,25.8881,44.2602,5.1891,0.0,4.9889,8.529385,1.798876,29,193,98,2,0.20855820,0.00902045,0.00297427,0E-8,0.000000,0.900656,0.000000,0.00763944,2026-03-21,2026-08-06,87,1920,882,139,0.625899,0.863400,0.891889,0.695194,,,,,,,,GLOBAL_BASELINE_NO_ENTITY_RANKING,,,NOT_APPLICABLE_GLOBAL_BASELINE,HF9g-P5,,,,X 全窗基线 · 不参与实体赏罚,8396458,840,A168_HF9F_20260827_0900,2026-08-27 09:00:00
2026-05-09,54653530,1385,0,5.1891443101,4.9296870946,4.9296870946,1.0000000,1,1,0.50665070000000000,0.506650700000,0.9867858985152569,0.9867858985152569,0.9867858985152569,0E-17,ELIGIBLE,R03b_20260811_FULL_v1,L1_ELIGIBILITY,v2026-08-11,2026-03-21..2026-08-06,baccarat_bet02_101_all_pairs_incl_sentinel,round_win = game_pnl > 0 (decisive only),COMPATIBILITY_ONLY_NOT_PRODUCTION,53571.4227,48249.4483,483.2383,5739,5738,-0.00902045,-0.00297427,-0.01061372,-0.00902045,-483.2383,53571.4227,OK,0.0000,19.3295,4.0000,96.0000,AG03-UNRESOLVED,ALL5_LEVELS_bet23_to_bet27,19.3295,19.3295,24.1619,0.0000,0.0000,4.000000,4.000000,5.000000,0.000000,0.000000,96.000000,96.000000,95.000000,100.000000,100.000000,5.0,62.8210,60.1535,420.4173,423.0848,PENDING_AG03,FALSE,NOT_FOR_ENFORCEMENT,463.9088,46319.4703,483.2383,463.9088,19.3295,0.00902045,0.00865963,19.3295,463.9088,0.00865963,19.3295,19.3295,24.1619,0.0000,0.0000,463.9088,0.00865963,62.8210,60.1535,420.4173,423.0848,0.00784779,0.00789758,0.00036082,9.3346,8.4088,0.0842,5.5545,0.2517,615.7635,65.9540,8.3255,9.6426,5.1431,5.1891,8.2617,16.7816,25.8881,44.2602,5.1891,0.0,4.9889,8.529385,1.798876,29,193,98,2,0.20855820,0.00902045,0.00297427,0E-8,0.000000,0.900656,0.000000,0.00763944,2026-03-21,2026-08-06,87,1920,882,139,0.625899,0.863400,0.891889,0.695194,,,,,,,,GLOBAL_BASELINE_NO_ENTITY_RANKING,,,NOT_APPLICABLE_GLOBAL_BASELINE,HF9g-P5,,,,X 全窗基线 · 不参与实体赏罚,8396459,840,A168_HF9F_20260827_0900,2026-08-27 09:00:00
2026-05-09,54653530,1509,0,10.3782886202,9.8593741892,9.8593741892,1.0000000,2,2,0.50665070000000000,0.506650700000,1.3955260008387969,1.3955260008387969,1.3955260008387969,0E-17,ELIGIBLE,R03b_20260811_FULL_v1,L1_ELIGIBILITY,v2026-08-11,2026-03-21..2026-08-06,baccarat_bet02_101_all_pairs_incl_sentinel,round_win = game_pnl > 0 (decisive only),COMPATIBILITY_ONLY_NOT_PRODUCTION,53571.4227,48249.4483,483.2383,5739,5738,-0.00902045,-0.00297427,-0.01061372,-0.00902045,-483.2383,53571.4227,OK,0.0000,19.3295,4.0000,96.0000,AG03-UNRESOLVED,ALL5_LEVELS_bet23_to_bet27,19.3295,19.3295,24.1619,0.0000,0.0000,4.000000,4.000000,5.000000,0.000000,0.000000,96.000000,96.000000,95.000000,100.000000,100.000000,5.0,62.8210,60.1535,420.4173,423.0848,PENDING_AG03,FALSE,NOT_FOR_ENFORCEMENT,463.9088,46319.4703,483.2383,463.9088,19.3295,0.00902045,0.00865963,19.3295,463.9088,0.00865963,19.3295,19.3295,24.1619,0.0000,0.0000,463.9088,0.00865963,62.8210,60.1535,420.4173,423.0848,0.00784779,0.00789758,0.00036082,9.3346,8.4088,0.0842,5.5545,0.2517,615.7635,65.9540,8.3255,9.6426,5.1431,5.1891,8.2617,16.7816,25.8881,44.2602,5.1891,0.0,4.9889,8.529385,1.798876,29,193,98,2,0.20855820,0.00902045,0.00297427,0E-8,0.000000,0.900656,0.000000,0.00763944,2026-03-21,2026-08-06,87,1920,882,139,0.625899,0.863400,0.891889,0.695194,,,,,,,,GLOBAL_BASELINE_NO_ENTITY_RANKING,,,NOT_APPLICABLE_GLOBAL_BASELINE,HF9g-P5,,,,X 全窗基线 · 不参与实体赏罚,8396460,840,A168_HF9F_20260827_0900,2026-08-27 09:00:00
2026-05-09,54653530,1645,0,156.7121581651,-89.2792278553,-89.2792278553,0.1000000,11,11,0.50543204545454545,0.505432045455,-2.564328736480506,-2.5643287364834064,-2.564328736480506,-4.5455E-13,ELIGIBLE,R03b_20260811_FULL_v1,L1_ELIGIBILITY,v2026-08-11,2026-03-21..2026-08-06,baccarat_bet02_101_all_pairs_incl_sentinel,round_win = game_pnl > 0 (decisive only),COMPATIBILITY_ONLY_NOT_PRODUCTION,53571.4227,48249.4483,483.2383,5739,5738,-0.00902045,-0.00297427,-0.01061372,-0.00902045,-483.2383,53571.4227,OK,0.0000,19.3295,4.0000,96.0000,AG03-UNRESOLVED,ALL5_LEVELS_bet23_to_bet27,19.3295,19.3295,24.1619,0.0000,0.0000,4.000000,4.000000,5.000000,0.000000,0.000000,96.000000,96.000000,95.000000,100.000000,100.000000,5.0,62.8210,60.1535,420.4173,423.0848,PENDING_AG03,FALSE,NOT_FOR_ENFORCEMENT,463.9088,46319.4703,483.2383,463.9088,19.3295,0.00902045,0.00865963,19.3295,463.9088,0.00865963,19.3295,19.3295,24.1619,0.0000,0.0000,463.9088,0.00865963,62.8210,60.1535,420.4173,423.0848,0.00784779,0.00789758,0.00036082,9.3346,8.4088,0.0842,5.5545,0.2517,615.7635,65.9540,8.3255,9.6426,5.1431,5.1891,8.2617,16.7816,25.8881,44.2602,5.1891,0.0,4.9889,8.529385,1.798876,29,193,98,2,0.20855820,0.00902045,0.00297427,0E-8,0.000000,0.900656,0.000000,0.00763944,2026-03-21,2026-08-06,87,1920,882,139,0.625899,0.863400,0.891889,0.695194,,,,,,,,GLOBAL_BASELINE_NO_ENTITY_RANKING,,,NOT_APPLICABLE_GLOBAL_BASELINE,HF9g-P5,,,,X 全窗基线 · 不参与实体赏罚,8396461,840,A168_HF9F_20260827_0900,2026-08-27 09:00:00
2026-05-09,54653530,1751,0,41.5131544809,4.0215868403,4.0215868403,0.4000000,5,5,0.50396966000000000,0.503969660000,-0.4649811094771361,-0.4649811094771361,-0.4649811094771361,0E-17,ELIGIBLE,R03b_20260811_FULL_v1,L1_ELIGIBILITY,v2026-08-11,2026-03-21..2026-08-06,baccarat_bet02_101_all_pairs_incl_sentinel,round_win = game_pnl > 0 (decisive only),COMPATIBILITY_ONLY_NOT_PRODUCTION,53571.4227,48249.4483,483.2383,5739,5738,-0.00902045,-0.00297427,-0.01061372,-0.00902045,-483.2383,53571.4227,OK,0.0000,19.3295,4.0000,96.0000,AG03-UNRESOLVED,ALL5_LEVELS_bet23_to_bet27,19.3295,19.3295,24.1619,0.0000,0.0000,4.000000,4.000000,5.000000,0.000000,0.000000,96.000000,96.000000,95.000000,100.000000,100.000000,5.0,62.8210,60.1535,420.4173,423.0848,PENDING_AG03,FALSE,NOT_FOR_ENFORCEMENT,463.9088,46319.4703,483.2383,463.9088,19.3295,0.00902045,0.00865963,19.3295,463.9088,0.00865963,19.3295,19.3295,24.1619,0.0000,0.0000,463.9088,0.00865963,62.8210,60.1535,420.4173,423.0848,0.00784779,0.00789758,0.00036082,9.3346,8.4088,0.0842,5.5545,0.2517,615.7635,65.9540,8.3255,9.6426,5.1431,5.1891,8.2617,16.7816,25.8881,44.2602,5.1891,0.0,4.9889,8.529385,1.798876,29,193,98,2,0.20855820,0.00902045,0.00297427,0E-8,0.000000,0.900656,0.000000,0.00763944,2026-03-21,2026-08-06,87,1920,882,139,0.625899,0.863400,0.891889,0.695194,,,,,,,,GLOBAL_BASELINE_NO_ENTITY_RANKING,,,NOT_APPLICABLE_GLOBAL_BASELINE,HF9g-P5,,,,X 全窗基线 · 不参与实体赏罚,8396462,840,A168_HF9F_20260827_0900,2026-08-27 09:00:00
2026-05-09,54653530,2088,0,80.4317368067,1.5567432929,1.5567432929,0.4000000,10,10,0.50262914000000000,0.502629140000,-0.649092647016965,-0.649092647016965,-0.649092647016965,0E-17,ELIGIBLE,R03b_20260811_FULL_v1,L1_ELIGIBILITY,v2026-08-11,2026-03-21..2026-08-06,baccarat_bet02_101_all_pairs_incl_sentinel,round_win = game_pnl > 0 (decisive only),COMPATIBILITY_ONLY_NOT_PRODUCTION,53571.4227,48249.4483,483.2383,5739,5738,-0.00902045,-0.00297427,-0.01061372,-0.00902045,-483.2383,53571.4227,OK,0.0000,19.3295,4.0000,96.0000,AG03-UNRESOLVED,ALL5_LEVELS_bet23_to_bet27,19.3295,19.3295,24.1619,0.0000,0.0000,4.000000,4.000000,5.000000,0.000000,0.000000,96.000000,96.000000,95.000000,100.000000,100.000000,5.0,62.8210,60.1535,420.4173,423.0848,PENDING_AG03,FALSE,NOT_FOR_ENFORCEMENT,463.9088,46319.4703,483.2383,463.9088,19.3295,0.00902045,0.00865963,19.3295,463.9088,0.00865963,19.3295,19.3295,24.1619,0.0000,0.0000,463.9088,0.00865963,62.8210,60.1535,420.4173,423.0848,0.00784779,0.00789758,0.00036082,9.3346,8.4088,0.0842,5.5545,0.2517,615.7635,65.9540,8.3255,9.6426,5.1431,5.1891,8.2617,16.7816,25.8881,44.2602,5.1891,0.0,4.9889,8.529385,1.798876,29,193,98,2,0.20855820,0.00902045,0.00297427,0E-8,0.000000,0.900656,0.000000,0.00763944,2026-03-21,2026-08-06,87,1920,882,139,0.625899,0.863400,0.891889,0.695194,,,,,,,,GLOBAL_BASELINE_NO_ENTITY_RANKING,,,NOT_APPLICABLE_GLOBAL_BASELINE,HF9g-P5,,,,X 全窗基线 · 不参与实体赏罚,8396463,840,A168_HF9F_20260827_0900,2026-08-27 09:00:00
2026-05-09,54653530,2101,0,42.5509833428,-21.2754916714,-21.2754916714,0E-7,2,2,0.50665070000000000,0.506650700000,-1.013391052207602,-1.013391052207602,-1.013391052207602,0E-17,ELIGIBLE,R03b_20260811_FULL_v1,L1_ELIGIBILITY,v2026-08-11,2026-03-21..2026-08-06,baccarat_bet02_101_all_pairs_incl_sentinel,round_win = game_pnl > 0 (decisive only),COMPATIBILITY_ONLY_NOT_PRODUCTION,53571.4227,48249.4483,483.2383,5739,5738,-0.00902045,-0.00297427,-0.01061372,-0.00902045,-483.2383,53571.4227,OK,0.0000,19.3295,4.0000,96.0000,AG03-UNRESOLVED,ALL5_LEVELS_bet23_to_bet27,19.3295,19.3295,24.1619,0.0000,0.0000,4.000000,4.000000,5.000000,0.000000,0.000000,96.000000,96.000000,95.000000,100.000000,100.000000,5.0,62.8210,60.1535,420.4173,423.0848,PENDING_AG03,FALSE,NOT_FOR_ENFORCEMENT,463.9088,46319.4703,483.2383,463.9088,19.3295,0.00902045,0.00865963,19.3295,463.9088,0.00865963,19.3295,19.3295,24.1619,0.0000,0.0000,463.9088,0.00865963,62.8210,60.1535,420.4173,423.0848,0.00784779,0.00789758,0.00036082,9.3346,8.4088,0.0842,5.5545,0.2517,615.7635,65.9540,8.3255,9.6426,5.1431,5.1891,8.2617,16.7816,25.8881,44.2602,5.1891,0.0,4.9889,8.529385,1.798876,29,193,98,2,0.20855820,0.00902045,0.00297427,0E-8,0.000000,0.900656,0.000000,0.00763944,2026-03-21,2026-08-06,87,1920,882,139,0.625899,0.863400,0.891889,0.695194,,,,,,,,GLOBAL_BASELINE_NO_ENTITY_RANKING,,,NOT_APPLICABLE_GLOBAL_BASELINE,HF9g-P5,,,,X 全窗基线 · 不参与实体赏罚,8396464,840,A168_HF9F_20260827_0900,2026-08-27 09:00:00
2026-05-09,54653530,2103,0,30.0970369986,-12.3890820404,-12.3890820404,0.2500000,4,4,0.50665070000000000,0.506650700000,-1.0266936290537745,-1.0266936290537745,-1.0266936290537745,0E-17,ELIGIBLE,R03b_20260811_FULL_v1,L1_ELIGIBILITY,v2026-08-11,2026-03-21..2026-08-06,baccarat_bet02_101_all_pairs_incl_sentinel,round_win = game_pnl > 0 (decisive only),COMPATIBILITY_ONLY_NOT_PRODUCTION,53571.4227,48249.4483,483.2383,5739,5738,-0.00902045,-0.00297427,-0.01061372,-0.00902045,-483.2383,53571.4227,OK,0.0000,19.3295,4.0000,96.0000,AG03-UNRESOLVED,ALL5_LEVELS_bet23_to_bet27,19.3295,19.3295,24.1619,0.0000,0.0000,4.000000,4.000000,5.000000,0.000000,0.000000,96.000000,96.000000,95.000000,100.000000,100.000000,5.0,62.8210,60.1535,420.4173,423.0848,PENDING_AG03,FALSE,NOT_FOR_ENFORCEMENT,463.9088,46319.4703,483.2383,463.9088,19.3295,0.00902045,0.00865963,19.3295,463.9088,0.00865963,19.3295,19.3295,24.1619,0.0000,0.0000,463.9088,0.00865963,62.8210,60.1535,420.4173,423.0848,0.00784779,0.00789758,0.00036082,9.3346,8.4088,0.0842,5.5545,0.2517,615.7635,65.9540,8.3255,9.6426,5.1431,5.1891,8.2617,16.7816,25.8881,44.2602,5.1891,0.0,4.9889,8.529385,1.798876,29,193,98,2,0.20855820,0.00902045,0.00297427,0E-8,0.000000,0.900656,0.000000,0.00763944,2026-03-21,2026-08-06,87,1920,882,139,0.625899,0.863400,0.891889,0.695194,,,,,,,,GLOBAL_BASELINE_NO_ENTITY_RANKING,,,NOT_APPLICABLE_GLOBAL_BASELINE,HF9g-P5,,,,X 全窗基线 · 不参与实体赏罚,8396465,840,A168_HF9F_20260827_0900,2026-08-27 09:00:00
2026-05-09,54653530,2115,0,49.2968709460,-8.3026308962,-8.3026308962,0.5714286,7,7,0.49707555714285714,0.497075557143,0.39344589990031587,0.3934458998995593,0.39344589990031587,-1.4286E-13,ELIGIBLE,R03b_20260811_FULL_v1,L1_ELIGIBILITY,v2026-08-11,2026-03-21..2026-08-06,baccarat_bet02_101_all_pairs_incl_sentinel,round_win = game_pnl > 0 (decisive only),COMPATIBILITY_ONLY_NOT_PRODUCTION,53571.4227,48249.4483,483.2383,5739,5738,-0.00902045,-0.00297427,-0.01061372,-0.00902045,-483.2383,53571.4227,OK,0.0000,19.3295,4.0000,96.0000,AG03-UNRESOLVED,ALL5_LEVELS_bet23_to_bet27,19.3295,19.3295,24.1619,0.0000,0.0000,4.000000,4.000000,5.000000,0.000000,0.000000,96.000000,96.000000,95.000000,100.000000,100.000000,5.0,62.8210,60.1535,420.4173,423.0848,PENDING_AG03,FALSE,NOT_FOR_ENFORCEMENT,463.9088,46319.4703,483.2383,463.9088,19.3295,0.00902045,0.00865963,19.3295,463.9088,0.00865963,19.3295,19.3295,24.1619,0.0000,0.0000,463.9088,0.00865963,62.8210,60.1535,420.4173,423.0848,0.00784779,0.00789758,0.00036082,9.3346,8.4088,0.0842,5.5545,0.2517,615.7635,65.9540,8.3255,9.6426,5.1431,5.1891,8.2617,16.7816,25.8881,44.2602,5.1891,0.0,4.9889,8.529385,1.798876,29,193,98,2,0.20855820,0.00902045,0.00297427,0E-8,0.000000,0.900656,0.000000,0.00763944,2026-03-21,2026-08-06,87,1920,882,139,0.625899,0.863400,0.891889,0.695194,,,,,,,,GLOBAL_BASELINE_NO_ENTITY_RANKING,,,NOT_APPLICABLE_GLOBAL_BASELINE,HF9g-P5,,,,X 全窗基线 · 不参与实体赏罚,8396466,840,A168_HF9F_20260827_0900,2026-08-27 09:00:00
2026-05-09,54653530,2123,0,58.8967879197,-12.3501634580,-12.3501634580,0.4285714,7,7,0.50090561428571429,0.500905614286,-0.38275716120403624,-0.38275716120554854,-0.38275716120403624,-2.8571E-13,ELIGIBLE,R03b_20260811_FULL_v1,L1_ELIGIBILITY,v2026-08-11,2026-03-21..2026-08-06,baccarat_bet02_101_all_pairs_incl_sentinel,round_win = game_pnl > 0 (decisive only),COMPATIBILITY_ONLY_NOT_PRODUCTION,53571.4227,48249.4483,483.2383,5739,5738,-0.00902045,-0.00297427,-0.01061372,-0.00902045,-483.2383,53571.4227,OK,0.0000,19.3295,4.0000,96.0000,AG03-UNRESOLVED,ALL5_LEVELS_bet23_to_bet27,19.3295,19.3295,24.1619,0.0000,0.0000,4.000000,4.000000,5.000000,0.000000,0.000000,96.000000,96.000000,95.000000,100.000000,100.000000,5.0,62.8210,60.1535,420.4173,423.0848,PENDING_AG03,FALSE,NOT_FOR_ENFORCEMENT,463.9088,46319.4703,483.2383,463.9088,19.3295,0.00902045,0.00865963,19.3295,463.9088,0.00865963,19.3295,19.3295,24.1619,0.0000,0.0000,463.9088,0.00865963,62.8210,60.1535,420.4173,423.0848,0.00784779,0.00789758,0.00036082,9.3346,8.4088,0.0842,5.5545,0.2517,615.7635,65.9540,8.3255,9.6426,5.1431,5.1891,8.2617,16.7816,25.8881,44.2602,5.1891,0.0,4.9889,8.529385,1.798876,29,193,98,2,0.20855820,0.00902045,0.00297427,0E-8,0.000000,0.900656,0.000000,0.00763944,2026-03-21,2026-08-06,87,1920,882,139,0.625899,0.863400,0.891889,0.695194,,,,,,,,GLOBAL_BASELINE_NO_ENTITY_RANKING,,,NOT_APPLICABLE_GLOBAL_BASELINE,HF9g-P5,,,,X 全窗基线 · 不参与实体赏罚,8396467,840,A168_HF9F_20260827_0900,2026-08-27 09:00:00
2026-05-09,54653530,2142,0,23.8700638265,7.6280421359,7.6280421359,0.6666667,4,4,0.50665070000000000,0.506650700000,0.5543606114942035,0.5543606114942035,0.5543606114942035,0E-17,ELIGIBLE,R03b_20260811_FULL_v1,L1_ELIGIBILITY,v2026-08-11,2026-03-21..2026-08-06,baccarat_bet02_101_all_pairs_incl_sentinel,round_win = game_pnl > 0 (decisive only),COMPATIBILITY_ONLY_NOT_PRODUCTION,53571.4227,48249.4483,483.2383,5739,5738,-0.00902045,-0.00297427,-0.01061372,-0.00902045,-483.2383,53571.4227,OK,0.0000,19.3295,4.0000,96.0000,AG03-UNRESOLVED,ALL5_LEVELS_bet23_to_bet27,19.3295,19.3295,24.1619,0.0000,0.0000,4.000000,4.000000,5.000000,0.000000,0.000000,96.000000,96.000000,95.000000,100.000000,100.000000,5.0,62.8210,60.1535,420.4173,423.0848,PENDING_AG03,FALSE,NOT_FOR_ENFORCEMENT,463.9088,46319.4703,483.2383,463.9088,19.3295,0.00902045,0.00865963,19.3295,463.9088,0.00865963,19.3295,19.3295,24.1619,0.0000,0.0000,463.9088,0.00865963,62.8210,60.1535,420.4173,423.0848,0.00784779,0.00789758,0.00036082,9.3346,8.4088,0.0842,5.5545,0.2517,615.7635,65.9540,8.3255,9.6426,5.1431,5.1891,8.2617,16.7816,25.8881,44.2602,5.1891,0.0,4.9889,8.529385,1.798876,29,193,98,2,0.20855820,0.00902045,0.00297427,0E-8,0.000000,0.900656,0.000000,0.00763944,2026-03-21,2026-08-06,87,1920,882,139,0.625899,0.863400,0.891889,0.695194,,,,,,,,GLOBAL_BASELINE_NO_ENTITY_RANKING,,,NOT_APPLICABLE_GLOBAL_BASELINE,HF9g-P5,,,,X 全窗基线 · 不参与实体赏罚,8396468,840,A168_HF9F_20260827_0900,2026-08-27 09:00:00
2026-05-09,54653530,2167,0,32.4321519381,20.9511701520,20.9511701520,0.8000000,5,5,0.50396966000000000,0.503969660000,1.3239296534401845,1.3239296534401845,1.3239296534401845,0E-17,ELIGIBLE,R03b_20260811_FULL_v1,L1_ELIGIBILITY,v2026-08-11,2026-03-21..2026-08-06,baccarat_bet02_101_all_pairs_incl_sentinel,round_win = game_pnl > 0 (decisive only),COMPATIBILITY_ONLY_NOT_PRODUCTION,53571.4227,48249.4483,483.2383,5739,5738,-0.00902045,-0.00297427,-0.01061372,-0.00902045,-483.2383,53571.4227,OK,0.0000,19.3295,4.0000,96.0000,AG03-UNRESOLVED,ALL5_LEVELS_bet23_to_bet27,19.3295,19.3295,24.1619,0.0000,0.0000,4.000000,4.000000,5.000000,0.000000,0.000000,96.000000,96.000000,95.000000,100.000000,100.000000,5.0,62.8210,60.1535,420.4173,423.0848,PENDING_AG03,FALSE,NOT_FOR_ENFORCEMENT,463.9088,46319.4703,483.2383,463.9088,19.3295,0.00902045,0.00865963,19.3295,463.9088,0.00865963,19.3295,19.3295,24.1619,0.0000,0.0000,463.9088,0.00865963,62.8210,60.1535,420.4173,423.0848,0.00784779,0.00789758,0.00036082,9.3346,8.4088,0.0842,5.5545,0.2517,615.7635,65.9540,8.3255,9.6426,5.1431,5.1891,8.2617,16.7816,25.8881,44.2602,5.1891,0.0,4.9889,8.529385,1.798876,29,193,98,2,0.20855820,0.00902045,0.00297427,0E-8,0.000000,0.900656,0.000000,0.00763944,2026-03-21,2026-08-06,87,1920,882,139,0.625899,0.863400,0.891889,0.695194,,,,,,,,GLOBAL_BASELINE_NO_ENTITY_RANKING,,,NOT_APPLICABLE_GLOBAL_BASELINE,HF9g-P5,,,,X 全窗基线 · 不参与实体赏罚,8396469,840,A168_HF9F_20260827_0900,2026-08-27 09:00:00
2026-05-09,54653530,2196,0,52.1509003166,19.4463183021,19.4463183021,0.6666667,7,7,0.50090561428571429,0.500905614286,0.8120613271247304,0.8120613271233317,0.8120613271247304,-2.8571E-13,ELIGIBLE,R03b_20260811_FULL_v1,L1_ELIGIBILITY,v2026-08-11,2026-03-21..2026-08-06,baccarat_bet02_101_all_pairs_incl_sentinel,round_win = game_pnl > 0 (decisive only),COMPATIBILITY_ONLY_NOT_PRODUCTION,53571.4227,48249.4483,483.2383,5739,5738,-0.00902045,-0.00297427,-0.01061372,-0.00902045,-483.2383,53571.4227,OK,0.0000,19.3295,4.0000,96.0000,AG03-UNRESOLVED,ALL5_LEVELS_bet23_to_bet27,19.3295,19.3295,24.1619,0.0000,0.0000,4.000000,4.000000,5.000000,0.000000,0.000000,96.000000,96.000000,95.000000,100.000000,100.000000,5.0,62.8210,60.1535,420.4173,423.0848,PENDING_AG03,FALSE,NOT_FOR_ENFORCEMENT,463.9088,46319.4703,483.2383,463.9088,19.3295,0.00902045,0.00865963,19.3295,463.9088,0.00865963,19.3295,19.3295,24.1619,0.0000,0.0000,463.9088,0.00865963,62.8210,60.1535,420.4173,423.0848,0.00784779,0.00789758,0.00036082,9.3346,8.4088,0.0842,5.5545,0.2517,615.7635,65.9540,8.3255,9.6426,5.1431,5.1891,8.2617,16.7816,25.8881,44.2602,5.1891,0.0,4.9889,8.529385,1.798876,29,193,98,2,0.20855820,0.00902045,0.00297427,0E-8,0.000000,0.900656,0.000000,0.00763944,2026-03-21,2026-08-06,87,1920,882,139,0.625899,0.863400,0.891889,0.695194,,,,,,,,GLOBAL_BASELINE_NO_ENTITY_RANKING,,,NOT_APPLICABLE_GLOBAL_BASELINE,HF9g-P5,,,,X 全窗基线 · 不参与实体赏罚,8396470,840,A168_HF9F_20260827_0900,2026-08-27 09:00:00
2026-05-09,54653530,2201,0,49.8157853771,-15.7231072596,-15.7231072596,0.2500000,5,5,0.49592654000000000,0.495926540000,-0.983738807048034,-0.983738807048034,-0.983738807048034,0E-17,ELIGIBLE,R03b_20260811_FULL_v1,L1_ELIGIBILITY,v2026-08-11,2026-03-21..2026-08-06,baccarat_bet02_101_all_pairs_incl_sentinel,round_win = game_pnl > 0 (decisive only),COMPATIBILITY_ONLY_NOT_PRODUCTION,53571.4227,48249.4483,483.2383,5739,5738,-0.00902045,-0.00297427,-0.01061372,-0.00902045,-483.2383,53571.4227,OK,0.0000,19.3295,4.0000,96.0000,AG03-UNRESOLVED,ALL5_LEVELS_bet23_to_bet27,19.3295,19.3295,24.1619,0.0000,0.0000,4.000000,4.000000,5.000000,0.000000,0.000000,96.000000,96.000000,95.000000,100.000000,100.000000,5.0,62.8210,60.1535,420.4173,423.0848,PENDING_AG03,FALSE,NOT_FOR_ENFORCEMENT,463.9088,46319.4703,483.2383,463.9088,19.3295,0.00902045,0.00865963,19.3295,463.9088,0.00865963,19.3295,19.3295,24.1619,0.0000,0.0000,463.9088,0.00865963,62.8210,60.1535,420.4173,423.0848,0.00784779,0.00789758,0.00036082,9.3346,8.4088,0.0842,5.5545,0.2517,615.7635,65.9540,8.3255,9.6426,5.1431,5.1891,8.2617,16.7816,25.8881,44.2602,5.1891,0.0,4.9889,8.529385,1.798876,29,193,98,2,0.20855820,0.00902045,0.00297427,0E-8,0.000000,0.900656,0.000000,0.00763944,2026-03-21,2026-08-06,87,1920,882,139,0.625899,0.863400,0.891889,0.695194,,,,,,,,GLOBAL_BASELINE_NO_ENTITY_RANKING,,,NOT_APPLICABLE_GLOBAL_BASELINE,HF9g-P5,,,,X 全窗基线 · 不参与实体赏罚,8396471,840,A168_HF9F_20260827_0900,2026-08-27 09:00:00
2026-05-09,54653530,2233,0,41.2536972653,19.2128068082,19.2128068082,0.7500000,4,4,0.50329940000000000,0.503299400000,0.9868238854431842,0.9868238854431842,0.9868238854431842,0E-17,ELIGIBLE,R03b_20260811_FULL_v1,L1_ELIGIBILITY,v2026-08-11,2026-03-21..2026-08-06,baccarat_bet02_101_all_pairs_incl_sentinel,round_win = game_pnl > 0 (decisive only),COMPATIBILITY_ONLY_NOT_PRODUCTION,53571.4227,48249.4483,483.2383,5739,5738,-0.00902045,-0.00297427,-0.01061372,-0.00902045,-483.2383,53571.4227,OK,0.0000,19.3295,4.0000,96.0000,AG03-UNRESOLVED,ALL5_LEVELS_bet23_to_bet27,19.3295,19.3295,24.1619,0.0000,0.0000,4.000000,4.000000,5.000000,0.000000,0.000000,96.000000,96.000000,95.000000,100.000000,100.000000,5.0,62.8210,60.1535,420.4173,423.0848,PENDING_AG03,FALSE,NOT_FOR_ENFORCEMENT,463.9088,46319.4703,483.2383,463.9088,19.3295,0.00902045,0.00865963,19.3295,463.9088,0.00865963,19.3295,19.3295,24.1619,0.0000,0.0000,463.9088,0.00865963,62.8210,60.1535,420.4173,423.0848,0.00784779,0.00789758,0.00036082,9.3346,8.4088,0.0842,5.5545,0.2517,615.7635,65.9540,8.3255,9.6426,5.1431,5.1891,8.2617,16.7816,25.8881,44.2602,5.1891,0.0,4.9889,8.529385,1.798876,29,193,98,2,0.20855820,0.00902045,0.00297427,0E-8,0.000000,0.900656,0.000000,0.00763944,2026-03-21,2026-08-06,87,1920,882,139,0.625899,0.863400,0.891889,0.695194,,,,,,,,GLOBAL_BASELINE_NO_ENTITY_RANKING,,,NOT_APPLICABLE_GLOBAL_BASELINE,HF9g-P5,,,,X 全窗基线 · 不参与实体赏罚,8396472,840,A168_HF9F_20260827_0900,2026-08-27 09:00:00
2026-05-09,54653530,2239,0,5.1891443101,0E-10,0E-10,,1,1,0.50665070000000000,0.506650700000,,,,0E-17,NO_DECISIVE_ROUND,R03b_20260811_FULL_v1,L1_ELIGIBILITY,v2026-08-11,2026-03-21..2026-08-06,baccarat_bet02_101_all_pairs_incl_sentinel,round_win = game_pnl > 0 (decisive only),COMPATIBILITY_ONLY_NOT_PRODUCTION,53571.4227,48249.4483,483.2383,5739,5738,-0.00902045,-0.00297427,-0.01061372,-0.00902045,-483.2383,53571.4227,OK,0.0000,19.3295,4.0000,96.0000,AG03-UNRESOLVED,ALL5_LEVELS_bet23_to_bet27,19.3295,19.3295,24.1619,0.0000,0.0000,4.000000,4.000000,5.000000,0.000000,0.000000,96.000000,96.000000,95.000000,100.000000,100.000000,5.0,62.8210,60.1535,420.4173,423.0848,PENDING_AG03,FALSE,NOT_FOR_ENFORCEMENT,463.9088,46319.4703,483.2383,463.9088,19.3295,0.00902045,0.00865963,19.3295,463.9088,0.00865963,19.3295,19.3295,24.1619,0.0000,0.0000,463.9088,0.00865963,62.8210,60.1535,420.4173,423.0848,0.00784779,0.00789758,0.00036082,9.3346,8.4088,0.0842,5.5545,0.2517,615.7635,65.9540,8.3255,9.6426,5.1431,5.1891,8.2617,16.7816,25.8881,44.2602,5.1891,0.0,4.9889,8.529385,1.798876,29,193,98,2,0.20855820,0.00902045,0.00297427,0E-8,0.000000,0.900656,0.000000,0.00763944,2026-03-21,2026-08-06,87,1920,882,139,0.625899,0.863400,0.891889,0.695194,,,,,,,,GLOBAL_BASELINE_NO_ENTITY_RANKING,,,NOT_APPLICABLE_GLOBAL_BASELINE,HF9g-P5,,,,X 全窗基线 · 不参与实体赏罚,8396473,840,A168_HF9F_20260827_0900,2026-08-27 09:00:00
2026-05-09,54653530,2246,0,10.8972030512,10.6118001142,10.6118001142,1.0000000,2,2,0.49994810000000000,0.499948100000,1.4143603653603398,1.4143603653603398,1.4143603653603398,0E-17,ELIGIBLE,R03b_20260811_FULL_v1,L1_ELIGIBILITY,v2026-08-11,2026-03-21..2026-08-06,baccarat_bet02_101_all_pairs_incl_sentinel,round_win = game_pnl > 0 (decisive only),COMPATIBILITY_ONLY_NOT_PRODUCTION,53571.4227,48249.4483,483.2383,5739,5738,-0.00902045,-0.00297427,-0.01061372,-0.00902045,-483.2383,53571.4227,OK,0.0000,19.3295,4.0000,96.0000,AG03-UNRESOLVED,ALL5_LEVELS_bet23_to_bet27,19.3295,19.3295,24.1619,0.0000,0.0000,4.000000,4.000000,5.000000,0.000000,0.000000,96.000000,96.000000,95.000000,100.000000,100.000000,5.0,62.8210,60.1535,420.4173,423.0848,PENDING_AG03,FALSE,NOT_FOR_ENFORCEMENT,463.9088,46319.4703,483.2383,463.9088,19.3295,0.00902045,0.00865963,19.3295,463.9088,0.00865963,19.3295,19.3295,24.1619,0.0000,0.0000,463.9088,0.00865963,62.8210,60.1535,420.4173,423.0848,0.00784779,0.00789758,0.00036082,9.3346,8.4088,0.0842,5.5545,0.2517,615.7635,65.9540,8.3255,9.6426,5.1431,5.1891,8.2617,16.7816,25.8881,44.2602,5.1891,0.0,4.9889,8.529385,1.798876,29,193,98,2,0.20855820,0.00902045,0.00297427,0E-8,0.000000,0.900656,0.000000,0.00763944,2026-03-21,2026-08-06,87,1920,882,139,0.625899,0.863400,0.891889,0.695194,,,,,,,,GLOBAL_BASELINE_NO_ENTITY_RANKING,,,NOT_APPLICABLE_GLOBAL_BASELINE,HF9g-P5,,,,X 全窗基线 · 不参与实体赏罚,8396474,840,A168_HF9F_20260827_0900,2026-08-27 09:00:00
2026-05-09,54653530,2250,0,16.0863473613,5.1631985886,5.1631985886,0.5000000,2,2,0.49994810000000000,0.499948100000,0.00014679536856514622,0.00014679536856514622,0.00014679536856514622,0E-17,ELIGIBLE,R03b_20260811_FULL_v1,L1_ELIGIBILITY,v2026-08-11,2026-03-21..2026-08-06,baccarat_bet02_101_all_pairs_incl_sentinel,round_win = game_pnl > 0 (decisive only),COMPATIBILITY_ONLY_NOT_PRODUCTION,53571.4227,48249.4483,483.2383,5739,5738,-0.00902045,-0.00297427,-0.01061372,-0.00902045,-483.2383,53571.4227,OK,0.0000,19.3295,4.0000,96.0000,AG03-UNRESOLVED,ALL5_LEVELS_bet23_to_bet27,19.3295,19.3295,24.1619,0.0000,0.0000,4.000000,4.000000,5.000000,0.000000,0.000000,96.000000,96.000000,95.000000,100.000000,100.000000,5.0,62.8210,60.1535,420.4173,423.0848,PENDING_AG03,FALSE,NOT_FOR_ENFORCEMENT,463.9088,46319.4703,483.2383,463.9088,19.3295,0.00902045,0.00865963,19.3295,463.9088,0.00865963,19.3295,19.3295,24.1619,0.0000,0.0000,463.9088,0.00865963,62.8210,60.1535,420.4173,423.0848,0.00784779,0.00789758,0.00036082,9.3346,8.4088,0.0842,5.5545,0.2517,615.7635,65.9540,8.3255,9.6426,5.1431,5.1891,8.2617,16.7816,25.8881,44.2602,5.1891,0.0,4.9889,8.529385,1.798876,29,193,98,2,0.20855820,0.00902045,0.00297427,0E-8,0.000000,0.900656,0.000000,0.00763944,2026-03-21,2026-08-06,87,1920,882,139,0.625899,0.863400,0.891889,0.695194,,,,,,,,GLOBAL_BASELINE_NO_ENTITY_RANKING,,,NOT_APPLICABLE_GLOBAL_BASELINE,HF9g-P5,,,,X 全窗基线 · 不参与实体赏罚,8396475,840,A168_HF9F_20260827_0900,2026-08-27 09:00:00
2026-05-09,54653530,2252,0,23.6106066110,2.1924134710,2.1924134710,0.5000000,4,4,0.50665070000000000,0.506650700000,-0.02660515369234503,-0.02660515369234503,-0.02660515369234503,0E-17,ELIGIBLE,R03b_20260811_FULL_v1,L1_ELIGIBILITY,v2026-08-11,2026-03-21..2026-08-06,baccarat_bet02_101_all_pairs_incl_sentinel,round_win = game_pnl > 0 (decisive only),COMPATIBILITY_ONLY_NOT_PRODUCTION,53571.4227,48249.4483,483.2383,5739,5738,-0.00902045,-0.00297427,-0.01061372,-0.00902045,-483.2383,53571.4227,OK,0.0000,19.3295,4.0000,96.0000,AG03-UNRESOLVED,ALL5_LEVELS_bet23_to_bet27,19.3295,19.3295,24.1619,0.0000,0.0000,4.000000,4.000000,5.000000,0.000000,0.000000,96.000000,96.000000,95.000000,100.000000,100.000000,5.0,62.8210,60.1535,420.4173,423.0848,PENDING_AG03,FALSE,NOT_FOR_ENFORCEMENT,463.9088,46319.4703,483.2383,463.9088,19.3295,0.00902045,0.00865963,19.3295,463.9088,0.00865963,19.3295,19.3295,24.1619,0.0000,0.0000,463.9088,0.00865963,62.8210,60.1535,420.4173,423.0848,0.00784779,0.00789758,0.00036082,9.3346,8.4088,0.0842,5.5545,0.2517,615.7635,65.9540,8.3255,9.6426,5.1431,5.1891,8.2617,16.7816,25.8881,44.2602,5.1891,0.0,4.9889,8.529385,1.798876,29,193,98,2,0.20855820,0.00902045,0.00297427,0E-8,0.000000,0.900656,0.000000,0.00763944,2026-03-21,2026-08-06,87,1920,882,139,0.625899,0.863400,0.891889,0.695194,,,,,,,,GLOBAL_BASELINE_NO_ENTITY_RANKING,,,NOT_APPLICABLE_GLOBAL_BASELINE,HF9g-P5,,,,X 全窗基线 · 不参与实体赏罚,8396476,840,A168_HF9F_20260827_0900,2026-08-27 09:00:00
2026-05-09,54653530,2256,0,26.2051787660,24.8949198277,24.8949198277,1.0000000,1,1,0.50665070000000000,0.506650700000,0.9867858985152569,0.9867858985152569,0.9867858985152569,0E-17,ELIGIBLE,R03b_20260811_FULL_v1,L1_ELIGIBILITY,v2026-08-11,2026-03-21..2026-08-06,baccarat_bet02_101_all_pairs_incl_sentinel,round_win = game_pnl > 0 (decisive only),COMPATIBILITY_ONLY_NOT_PRODUCTION,53571.4227,48249.4483,483.2383,5739,5738,-0.00902045,-0.00297427,-0.01061372,-0.00902045,-483.2383,53571.4227,OK,0.0000,19.3295,4.0000,96.0000,AG03-UNRESOLVED,ALL5_LEVELS_bet23_to_bet27,19.3295,19.3295,24.1619,0.0000,0.0000,4.000000,4.000000,5.000000,0.000000,0.000000,96.000000,96.000000,95.000000,100.000000,100.000000,5.0,62.8210,60.1535,420.4173,423.0848,PENDING_AG03,FALSE,NOT_FOR_ENFORCEMENT,463.9088,46319.4703,483.2383,463.9088,19.3295,0.00902045,0.00865963,19.3295,463.9088,0.00865963,19.3295,19.3295,24.1619,0.0000,0.0000,463.9088,0.00865963,62.8210,60.1535,420.4173,423.0848,0.00784779,0.00789758,0.00036082,9.3346,8.4088,0.0842,5.5545,0.2517,615.7635,65.9540,8.3255,9.6426,5.1431,5.1891,8.2617,16.7816,25.8881,44.2602,5.1891,0.0,4.9889,8.529385,1.798876,29,193,98,2,0.20855820,0.00902045,0.00297427,0E-8,0.000000,0.900656,0.000000,0.00763944,2026-03-21,2026-08-06,87,1920,882,139,0.625899,0.863400,0.891889,0.695194,,,,,,,,GLOBAL_BASELINE_NO_ENTITY_RANKING,,,NOT_APPLICABLE_GLOBAL_BASELINE,HF9g-P5,,,,X 全窗基线 · 不参与实体赏罚,8396477,840,A168_HF9F_20260827_0900,2026-08-27 09:00:00
2026-05-09,54653530,2271,0,37.1023818172,4.8907685123,4.8907685123,0.3333333,3,3,0.50218230000000000,0.502182300000,-0.5849155494134425,-0.5849155494134426,-0.5849155494134425,0E-17,ELIGIBLE,R03b_20260811_FULL_v1,L1_ELIGIBILITY,v2026-08-11,2026-03-21..2026-08-06,baccarat_bet02_101_all_pairs_incl_sentinel,round_win = game_pnl > 0 (decisive only),COMPATIBILITY_ONLY_NOT_PRODUCTION,53571.4227,48249.4483,483.2383,5739,5738,-0.00902045,-0.00297427,-0.01061372,-0.00902045,-483.2383,53571.4227,OK,0.0000,19.3295,4.0000,96.0000,AG03-UNRESOLVED,ALL5_LEVELS_bet23_to_bet27,19.3295,19.3295,24.1619,0.0000,0.0000,4.000000,4.000000,5.000000,0.000000,0.000000,96.000000,96.000000,95.000000,100.000000,100.000000,5.0,62.8210,60.1535,420.4173,423.0848,PENDING_AG03,FALSE,NOT_FOR_ENFORCEMENT,463.9088,46319.4703,483.2383,463.9088,19.3295,0.00902045,0.00865963,19.3295,463.9088,0.00865963,19.3295,19.3295,24.1619,0.0000,0.0000,463.9088,0.00865963,62.8210,60.1535,420.4173,423.0848,0.00784779,0.00789758,0.00036082,9.3346,8.4088,0.0842,5.5545,0.2517,615.7635,65.9540,8.3255,9.6426,5.1431,5.1891,8.2617,16.7816,25.8881,44.2602,5.1891,0.0,4.9889,8.529385,1.798876,29,193,98,2,0.20855820,0.00902045,0.00297427,0E-8,0.000000,0.900656,0.000000,0.00763944,2026-03-21,2026-08-06,87,1920,882,139,0.625899,0.863400,0.891889,0.695194,,,,,,,,GLOBAL_BASELINE_NO_ENTITY_RANKING,,,NOT_APPLICABLE_GLOBAL_BASELINE,HF9g-P5,,,,X 全窗基线 · 不参与实体赏罚,8396478,840,A168_HF9F_20260827_0900,2026-08-27 09:00:00
2026-05-09,54653530,529,0,20.7565772404,-10.6377458357,-10.6377458357,0.3333333,3,3,0.50665070000000000,0.506650700000,-0.6004420894325239,-0.6004420894325239,-0.6004420894325239,0E-17,ELIGIBLE,R03b_20260811_FULL_v1,L1_ELIGIBILITY,v2026-08-11,2026-03-21..2026-08-06,baccarat_bet02_101_all_pairs_incl_sentinel,round_win = game_pnl > 0 (decisive only),COMPATIBILITY_ONLY_NOT_PRODUCTION,53571.4227,48249.4483,483.2383,5739,5738,-0.00902045,-0.00297427,-0.01061372,-0.00902045,-483.2383,53571.4227,OK,0.0000,19.3295,4.0000,96.0000,AG03-UNRESOLVED,ALL5_LEVELS_bet23_to_bet27,19.3295,19.3295,24.1619,0.0000,0.0000,4.000000,4.000000,5.000000,0.000000,0.000000,96.000000,96.000000,95.000000,100.000000,100.000000,5.0,62.8210,60.1535,420.4173,423.0848,PENDING_AG03,FALSE,NOT_FOR_ENFORCEMENT,463.9088,46319.4703,483.2383,463.9088,19.3295,0.00902045,0.00865963,19.3295,463.9088,0.00865963,19.3295,19.3295,24.1619,0.0000,0.0000,463.9088,0.00865963,62.8210,60.1535,420.4173,423.0848,0.00784779,0.00789758,0.00036082,9.3346,8.4088,0.0842,5.5545,0.2517,615.7635,65.9540,8.3255,9.6426,5.1431,5.1891,8.2617,16.7816,25.8881,44.2602,5.1891,0.0,4.9889,8.529385,1.798876,29,193,98,2,0.20855820,0.00902045,0.00297427,0E-8,0.000000,0.900656,0.000000,0.00763944,2026-03-21,2026-08-06,87,1920,882,139,0.625899,0.863400,0.891889,0.695194,,,,,,,,GLOBAL_BASELINE_NO_ENTITY_RANKING,,,NOT_APPLICABLE_GLOBAL_BASELINE,HF9g-P5,,,,X 全窗基线 · 不参与实体赏罚,8396479,840,A168_HF9F_20260827_0900,2026-08-27 09:00:00
2026-05-09,54653530,550,0,51.8914431011,29.3186653521,29.3186653521,0.7777778,9,9,0.50516123333333333,0.505161233333,1.6357864182235697,1.6357864182255588,1.6357864182235697,3.3333E-13,ELIGIBLE,R03b_20260811_FULL_v1,L1_ELIGIBILITY,v2026-08-11,2026-03-21..2026-08-06,baccarat_bet02_101_all_pairs_incl_sentinel,round_win = game_pnl > 0 (decisive only),COMPATIBILITY_ONLY_NOT_PRODUCTION,53571.4227,48249.4483,483.2383,5739,5738,-0.00902045,-0.00297427,-0.01061372,-0.00902045,-483.2383,53571.4227,OK,0.0000,19.3295,4.0000,96.0000,AG03-UNRESOLVED,ALL5_LEVELS_bet23_to_bet27,19.3295,19.3295,24.1619,0.0000,0.0000,4.000000,4.000000,5.000000,0.000000,0.000000,96.000000,96.000000,95.000000,100.000000,100.000000,5.0,62.8210,60.1535,420.4173,423.0848,PENDING_AG03,FALSE,NOT_FOR_ENFORCEMENT,463.9088,46319.4703,483.2383,463.9088,19.3295,0.00902045,0.00865963,19.3295,463.9088,0.00865963,19.3295,19.3295,24.1619,0.0000,0.0000,463.9088,0.00865963,62.8210,60.1535,420.4173,423.0848,0.00784779,0.00789758,0.00036082,9.3346,8.4088,0.0842,5.5545,0.2517,615.7635,65.9540,8.3255,9.6426,5.1431,5.1891,8.2617,16.7816,25.8881,44.2602,5.1891,0.0,4.9889,8.529385,1.798876,29,193,98,2,0.20855820,0.00902045,0.00297427,0E-8,0.000000,0.900656,0.000000,0.00763944,2026-03-21,2026-08-06,87,1920,882,139,0.625899,0.863400,0.891889,0.695194,,,,,,,,GLOBAL_BASELINE_NO_ENTITY_RANKING,,,NOT_APPLICABLE_GLOBAL_BASELINE,HF9g-P5,,,,X 全窗基线 · 不参与实体赏罚,8396480,840,A168_HF9F_20260827_0900,2026-08-27 09:00:00
2026-05-09,54653530,583,0,120.9070624256,17.1241762234,17.1241762234,0.4166667,12,12,0.49659680000000000,0.496596800000,-0.5537850357270144,-0.5537850357270144,-0.5537850357270144,0E-17,ELIGIBLE,R03b_20260811_FULL_v1,L1_ELIGIBILITY,v2026-08-11,2026-03-21..2026-08-06,baccarat_bet02_101_all_pairs_incl_sentinel,round_win = game_pnl > 0 (decisive only),COMPATIBILITY_ONLY_NOT_PRODUCTION,53571.4227,48249.4483,483.2383,5739,5738,-0.00902045,-0.00297427,-0.01061372,-0.00902045,-483.2383,53571.4227,OK,0.0000,19.3295,4.0000,96.0000,AG03-UNRESOLVED,ALL5_LEVELS_bet23_to_bet27,19.3295,19.3295,24.1619,0.0000,0.0000,4.000000,4.000000,5.000000,0.000000,0.000000,96.000000,96.000000,95.000000,100.000000,100.000000,5.0,62.8210,60.1535,420.4173,423.0848,PENDING_AG03,FALSE,NOT_FOR_ENFORCEMENT,463.9088,46319.4703,483.2383,463.9088,19.3295,0.00902045,0.00865963,19.3295,463.9088,0.00865963,19.3295,19.3295,24.1619,0.0000,0.0000,463.9088,0.00865963,62.8210,60.1535,420.4173,423.0848,0.00784779,0.00789758,0.00036082,9.3346,8.4088,0.0842,5.5545,0.2517,615.7635,65.9540,8.3255,9.6426,5.1431,5.1891,8.2617,16.7816,25.8881,44.2602,5.1891,0.0,4.9889,8.529385,1.798876,29,193,98,2,0.20855820,0.00902045,0.00297427,0E-8,0.000000,0.900656,0.000000,0.00763944,2026-03-21,2026-08-06,87,1920,882,139,0.625899,0.863400,0.891889,0.695194,,,,,,,,GLOBAL_BASELINE_NO_ENTITY_RANKING,,,NOT_APPLICABLE_GLOBAL_BASELINE,HF9g-P5,,,,X 全窗基线 · 不参与实体赏罚,8396481,840,A168_HF9F_20260827_0900,2026-08-27 09:00:00
2026-05-09,54653530,595,0,5.1891443101,5.1891443101,5.1891443101,1.0000000,1,1,0.49324550000000000,0.493245500000,1.01360149184955,1.01360149184955,1.01360149184955,0E-17,ELIGIBLE,R03b_20260811_FULL_v1,L1_ELIGIBILITY,v2026-08-11,2026-03-21..2026-08-06,baccarat_bet02_101_all_pairs_incl_sentinel,round_win = game_pnl > 0 (decisive only),COMPATIBILITY_ONLY_NOT_PRODUCTION,53571.4227,48249.4483,483.2383,5739,5738,-0.00902045,-0.00297427,-0.01061372,-0.00902045,-483.2383,53571.4227,OK,0.0000,19.3295,4.0000,96.0000,AG03-UNRESOLVED,ALL5_LEVELS_bet23_to_bet27,19.3295,19.3295,24.1619,0.0000,0.0000,4.000000,4.000000,5.000000,0.000000,0.000000,96.000000,96.000000,95.000000,100.000000,100.000000,5.0,62.8210,60.1535,420.4173,423.0848,PENDING_AG03,FALSE,NOT_FOR_ENFORCEMENT,463.9088,46319.4703,483.2383,463.9088,19.3295,0.00902045,0.00865963,19.3295,463.9088,0.00865963,19.3295,19.3295,24.1619,0.0000,0.0000,463.9088,0.00865963,62.8210,60.1535,420.4173,423.0848,0.00784779,0.00789758,0.00036082,9.3346,8.4088,0.0842,5.5545,0.2517,615.7635,65.9540,8.3255,9.6426,5.1431,5.1891,8.2617,16.7816,25.8881,44.2602,5.1891,0.0,4.9889,8.529385,1.798876,29,193,98,2,0.20855820,0.00902045,0.00297427,0E-8,0.000000,0.900656,0.000000,0.00763944,2026-03-21,2026-08-06,87,1920,882,139,0.625899,0.863400,0.891889,0.695194,,,,,,,,GLOBAL_BASELINE_NO_ENTITY_RANKING,,,NOT_APPLICABLE_GLOBAL_BASELINE,HF9g-P5,,,,X 全窗基线 · 不参与实体赏罚,8396482,840,A168_HF9F_20260827_0900,2026-08-27 09:00:00
2026-05-09,54653530,752,0,10.3782886202,9.8593741892,9.8593741892,1.0000000,2,2,0.50665070000000000,0.506650700000,1.3955260008387969,1.3955260008387969,1.3955260008387969,0E-17,ELIGIBLE,R03b_20260811_FULL_v1,L1_ELIGIBILITY,v2026-08-11,2026-03-21..2026-08-06,baccarat_bet02_101_all_pairs_incl_sentinel,round_win = game_pnl > 0 (decisive only),COMPATIBILITY_ONLY_NOT_PRODUCTION,53571.4227,48249.4483,483.2383,5739,5738,-0.00902045,-0.00297427,-0.01061372,-0.00902045,-483.2383,53571.4227,OK,0.0000,19.3295,4.0000,96.0000,AG03-UNRESOLVED,ALL5_LEVELS_bet23_to_bet27,19.3295,19.3295,24.1619,0.0000,0.0000,4.000000,4.000000,5.000000,0.000000,0.000000,96.000000,96.000000,95.000000,100.000000,100.000000,5.0,62.8210,60.1535,420.4173,423.0848,PENDING_AG03,FALSE,NOT_FOR_ENFORCEMENT,463.9088,46319.4703,483.2383,463.9088,19.3295,0.00902045,0.00865963,19.3295,463.9088,0.00865963,19.3295,19.3295,24.1619,0.0000,0.0000,463.9088,0.00865963,62.8210,60.1535,420.4173,423.0848,0.00784779,0.00789758,0.00036082,9.3346,8.4088,0.0842,5.5545,0.2517,615.7635,65.9540,8.3255,9.6426,5.1431,5.1891,8.2617,16.7816,25.8881,44.2602,5.1891,0.0,4.9889,8.529385,1.798876,29,193,98,2,0.20855820,0.00902045,0.00297427,0E-8,0.000000,0.900656,0.000000,0.00763944,2026-03-21,2026-08-06,87,1920,882,139,0.625899,0.863400,0.891889,0.695194,,,,,,,,GLOBAL_BASELINE_NO_ENTITY_RANKING,,,NOT_APPLICABLE_GLOBAL_BASELINE,HF9g-P5,,,,X 全窗基线 · 不参与实体赏罚,8396483,840,A168_HF9F_20260827_0900,2026-08-27 09:00:00
2026-05-09,54653530,763,0,10.3782886202,10.1188314047,10.1188314047,1.0000000,2,2,0.49994810000000000,0.499948100000,1.4143603653603398,1.4143603653603398,1.4143603653603398,0E-17,ELIGIBLE,R03b_20260811_FULL_v1,L1_ELIGIBILITY,v2026-08-11,2026-03-21..2026-08-06,baccarat_bet02_101_all_pairs_incl_sentinel,round_win = game_pnl > 0 (decisive only),COMPATIBILITY_ONLY_NOT_PRODUCTION,53571.4227,48249.4483,483.2383,5739,5738,-0.00902045,-0.00297427,-0.01061372,-0.00902045,-483.2383,53571.4227,OK,0.0000,19.3295,4.0000,96.0000,AG03-UNRESOLVED,ALL5_LEVELS_bet23_to_bet27,19.3295,19.3295,24.1619,0.0000,0.0000,4.000000,4.000000,5.000000,0.000000,0.000000,96.000000,96.000000,95.000000,100.000000,100.000000,5.0,62.8210,60.1535,420.4173,423.0848,PENDING_AG03,FALSE,NOT_FOR_ENFORCEMENT,463.9088,46319.4703,483.2383,463.9088,19.3295,0.00902045,0.00865963,19.3295,463.9088,0.00865963,19.3295,19.3295,24.1619,0.0000,0.0000,463.9088,0.00865963,62.8210,60.1535,420.4173,423.0848,0.00784779,0.00789758,0.00036082,9.3346,8.4088,0.0842,5.5545,0.2517,615.7635,65.9540,8.3255,9.6426,5.1431,5.1891,8.2617,16.7816,25.8881,44.2602,5.1891,0.0,4.9889,8.529385,1.798876,29,193,98,2,0.20855820,0.00902045,0.00297427,0E-8,0.000000,0.900656,0.000000,0.00763944,2026-03-21,2026-08-06,87,1920,882,139,0.625899,0.863400,0.891889,0.695194,,,,,,,,GLOBAL_BASELINE_NO_ENTITY_RANKING,,,NOT_APPLICABLE_GLOBAL_BASELINE,HF9g-P5,,,,X 全窗基线 · 不参与实体赏罚,8396484,840,A168_HF9F_20260827_0900,2026-08-27 09:00:00
2026-05-09,54653530,772,0,46.1833843600,-23.0916921800,-23.0916921800,0E-7,2,2,0.50665070000000000,0.506650700000,-1.013391052207602,-1.013391052207602,-1.013391052207602,0E-17,ELIGIBLE,R03b_20260811_FULL_v1,L1_ELIGIBILITY,v2026-08-11,2026-03-21..2026-08-06,baccarat_bet02_101_all_pairs_incl_sentinel,round_win = game_pnl > 0 (decisive only),COMPATIBILITY_ONLY_NOT_PRODUCTION,53571.4227,48249.4483,483.2383,5739,5738,-0.00902045,-0.00297427,-0.01061372,-0.00902045,-483.2383,53571.4227,OK,0.0000,19.3295,4.0000,96.0000,AG03-UNRESOLVED,ALL5_LEVELS_bet23_to_bet27,19.3295,19.3295,24.1619,0.0000,0.0000,4.000000,4.000000,5.000000,0.000000,0.000000,96.000000,96.000000,95.000000,100.000000,100.000000,5.0,62.8210,60.1535,420.4173,423.0848,PENDING_AG03,FALSE,NOT_FOR_ENFORCEMENT,463.9088,46319.4703,483.2383,463.9088,19.3295,0.00902045,0.00865963,19.3295,463.9088,0.00865963,19.3295,19.3295,24.1619,0.0000,0.0000,463.9088,0.00865963,62.8210,60.1535,420.4173,423.0848,0.00784779,0.00789758,0.00036082,9.3346,8.4088,0.0842,5.5545,0.2517,615.7635,65.9540,8.3255,9.6426,5.1431,5.1891,8.2617,16.7816,25.8881,44.2602,5.1891,0.0,4.9889,8.529385,1.798876,29,193,98,2,0.20855820,0.00902045,0.00297427,0E-8,0.000000,0.900656,0.000000,0.00763944,2026-03-21,2026-08-06,87,1920,882,139,0.625899,0.863400,0.891889,0.695194,,,,,,,,GLOBAL_BASELINE_NO_ENTITY_RANKING,,,NOT_APPLICABLE_GLOBAL_BASELINE,HF9g-P5,,,,X 全窗基线 · 不参与实体赏罚,8396485,840,A168_HF9F_20260827_0900,2026-08-27 09:00:00
2026-05-09,54653530,919,0,93.6640547974,0.3372943802,0.3372943802,0.3750000,8,8,0.50497505000000000,0.504975050000,-0.7352863131446508,-0.7352863131446508,-0.7352863131446508,0E-17,ELIGIBLE,R03b_20260811_FULL_v1,L1_ELIGIBILITY,v2026-08-11,2026-03-21..2026-08-06,baccarat_bet02_101_all_pairs_incl_sentinel,round_win = game_pnl > 0 (decisive only),COMPATIBILITY_ONLY_NOT_PRODUCTION,53571.4227,48249.4483,483.2383,5739,5738,-0.00902045,-0.00297427,-0.01061372,-0.00902045,-483.2383,53571.4227,OK,0.0000,19.3295,4.0000,96.0000,AG03-UNRESOLVED,ALL5_LEVELS_bet23_to_bet27,19.3295,19.3295,24.1619,0.0000,0.0000,4.000000,4.000000,5.000000,0.000000,0.000000,96.000000,96.000000,95.000000,100.000000,100.000000,5.0,62.8210,60.1535,420.4173,423.0848,PENDING_AG03,FALSE,NOT_FOR_ENFORCEMENT,463.9088,46319.4703,483.2383,463.9088,19.3295,0.00902045,0.00865963,19.3295,463.9088,0.00865963,19.3295,19.3295,24.1619,0.0000,0.0000,463.9088,0.00865963,62.8210,60.1535,420.4173,423.0848,0.00784779,0.00789758,0.00036082,9.3346,8.4088,0.0842,5.5545,0.2517,615.7635,65.9540,8.3255,9.6426,5.1431,5.1891,8.2617,16.7816,25.8881,44.2602,5.1891,0.0,4.9889,8.529385,1.798876,29,193,98,2,0.20855820,0.00902045,0.00297427,0E-8,0.000000,0.900656,0.000000,0.00763944,2026-03-21,2026-08-06,87,1920,882,139,0.625899,0.863400,0.891889,0.695194,,,,,,,,GLOBAL_BASELINE_NO_ENTITY_RANKING,,,NOT_APPLICABLE_GLOBAL_BASELINE,HF9g-P5,,,,X 全窗基线 · 不参与实体赏罚,8396486,840,A168_HF9F_20260827_0900,2026-08-27 09:00:00
2026-05-09,54653530,948,0,18.4214623009,7.3815577811,7.3815577811,0.6666667,3,3,0.50665070000000000,0.506650700000,0.5543606114942035,0.5543606114942035,0.5543606114942035,0E-17,ELIGIBLE,R03b_20260811_FULL_v1,L1_ELIGIBILITY,v2026-08-11,2026-03-21..2026-08-06,baccarat_bet02_101_all_pairs_incl_sentinel,round_win = game_pnl > 0 (decisive only),COMPATIBILITY_ONLY_NOT_PRODUCTION,53571.4227,48249.4483,483.2383,5739,5738,-0.00902045,-0.00297427,-0.01061372,-0.00902045,-483.2383,53571.4227,OK,0.0000,19.3295,4.0000,96.0000,AG03-UNRESOLVED,ALL5_LEVELS_bet23_to_bet27,19.3295,19.3295,24.1619,0.0000,0.0000,4.000000,4.000000,5.000000,0.000000,0.000000,96.000000,96.000000,95.000000,100.000000,100.000000,5.0,62.8210,60.1535,420.4173,423.0848,PENDING_AG03,FALSE,NOT_FOR_ENFORCEMENT,463.9088,46319.4703,483.2383,463.9088,19.3295,0.00902045,0.00865963,19.3295,463.9088,0.00865963,19.3295,19.3295,24.1619,0.0000,0.0000,463.9088,0.00865963,62.8210,60.1535,420.4173,423.0848,0.00784779,0.00789758,0.00036082,9.3346,8.4088,0.0842,5.5545,0.2517,615.7635,65.9540,8.3255,9.6426,5.1431,5.1891,8.2617,16.7816,25.8881,44.2602,5.1891,0.0,4.9889,8.529385,1.798876,29,193,98,2,0.20855820,0.00902045,0.00297427,0E-8,0.000000,0.900656,0.000000,0.00763944,2026-03-21,2026-08-06,87,1920,882,139,0.625899,0.863400,0.891889,0.695194,,,,,,,,GLOBAL_BASELINE_NO_ENTITY_RANKING,,,NOT_APPLICABLE_GLOBAL_BASELINE,HF9g-P5,,,,X 全窗基线 · 不参与实体赏罚,8396487,840,A168_HF9F_20260827_0900,2026-08-27 09:00:00
2026-05-09,54653530,986,0,15.5674329303,9.8593741892,9.8593741892,1.0000000,3,3,0.50665070000000000,0.506650700000,1.3955260008387969,1.3955260008387969,1.3955260008387969,0E-17,ELIGIBLE,R03b_20260811_FULL_v1,L1_ELIGIBILITY,v2026-08-11,2026-03-21..2026-08-06,baccarat_bet02_101_all_pairs_incl_sentinel,round_win = game_pnl > 0 (decisive only),COMPATIBILITY_ONLY_NOT_PRODUCTION,53571.4227,48249.4483,483.2383,5739,5738,-0.00902045,-0.00297427,-0.01061372,-0.00902045,-483.2383,53571.4227,OK,0.0000,19.3295,4.0000,96.0000,AG03-UNRESOLVED,ALL5_LEVELS_bet23_to_bet27,19.3295,19.3295,24.1619,0.0000,0.0000,4.000000,4.000000,5.000000,0.000000,0.000000,96.000000,96.000000,95.000000,100.000000,100.000000,5.0,62.8210,60.1535,420.4173,423.0848,PENDING_AG03,FALSE,NOT_FOR_ENFORCEMENT,463.9088,46319.4703,483.2383,463.9088,19.3295,0.00902045,0.00865963,19.3295,463.9088,0.00865963,19.3295,19.3295,24.1619,0.0000,0.0000,463.9088,0.00865963,62.8210,60.1535,420.4173,423.0848,0.00784779,0.00789758,0.00036082,9.3346,8.4088,0.0842,5.5545,0.2517,615.7635,65.9540,8.3255,9.6426,5.1431,5.1891,8.2617,16.7816,25.8881,44.2602,5.1891,0.0,4.9889,8.529385,1.798876,29,193,98,2,0.20855820,0.00902045,0.00297427,0E-8,0.000000,0.900656,0.000000,0.00763944,2026-03-21,2026-08-06,87,1920,882,139,0.625899,0.863400,0.891889,0.695194,,,,,,,,GLOBAL_BASELINE_NO_ENTITY_RANKING,,,NOT_APPLICABLE_GLOBAL_BASELINE,HF9g-P5,,,,X 全窗基线 · 不参与实体赏罚,8396488,840,A168_HF9F_20260827_0900,2026-08-27 09:00:00
2026-05-09,54653530,994,0,67.4588760314,-20.7565772404,-20.7565772404,0.1666667,6,6,0.49324550000000000,0.493245500000,-1.6000490105185914,-1.600049010518591,-1.6000490105185914,0E-17,ELIGIBLE,R03b_20260811_FULL_v1,L1_ELIGIBILITY,v2026-08-11,2026-03-21..2026-08-06,baccarat_bet02_101_all_pairs_incl_sentinel,round_win = game_pnl > 0 (decisive only),COMPATIBILITY_ONLY_NOT_PRODUCTION,53571.4227,48249.4483,483.2383,5739,5738,-0.00902045,-0.00297427,-0.01061372,-0.00902045,-483.2383,53571.4227,OK,0.0000,19.3295,4.0000,96.0000,AG03-UNRESOLVED,ALL5_LEVELS_bet23_to_bet27,19.3295,19.3295,24.1619,0.0000,0.0000,4.000000,4.000000,5.000000,0.000000,0.000000,96.000000,96.000000,95.000000,100.000000,100.000000,5.0,62.8210,60.1535,420.4173,423.0848,PENDING_AG03,FALSE,NOT_FOR_ENFORCEMENT,463.9088,46319.4703,483.2383,463.9088,19.3295,0.00902045,0.00865963,19.3295,463.9088,0.00865963,19.3295,19.3295,24.1619,0.0000,0.0000,463.9088,0.00865963,62.8210,60.1535,420.4173,423.0848,0.00784779,0.00789758,0.00036082,9.3346,8.4088,0.0842,5.5545,0.2517,615.7635,65.9540,8.3255,9.6426,5.1431,5.1891,8.2617,16.7816,25.8881,44.2602,5.1891,0.0,4.9889,8.529385,1.798876,29,193,98,2,0.20855820,0.00902045,0.00297427,0E-8,0.000000,0.900656,0.000000,0.00763944,2026-03-21,2026-08-06,87,1920,882,139,0.625899,0.863400,0.891889,0.695194,,,,,,,,GLOBAL_BASELINE_NO_ENTITY_RANKING,,,NOT_APPLICABLE_GLOBAL_BASELINE,HF9g-P5,,,,X 全窗基线 · 不参与实体赏罚,8396489,840,A168_HF9F_20260827_0900,2026-08-27 09:00:00
2026-05-10,54653530,-1,1,38.6591251103,-28.5402937056,-28.5402937056,0.2500000,4,4,0.50665070000000000,0.506650700000,-1.0266936290537745,-1.0266936290537745,-1.0266936290537745,0E-17,SENTINEL_DEALER,R03b_20260811_FULL_v1,L1_ELIGIBILITY,v2026-08-11,2026-03-21..2026-08-06,baccarat_bet02_101_all_pairs_incl_sentinel,round_win = game_pnl > 0 (decisive only),COMPATIBILITY_ONLY_NOT_PRODUCTION,53571.4227,48249.4483,483.2383,5739,5738,-0.00902045,-0.00297427,-0.01061372,-0.00902045,-483.2383,53571.4227,OK,0.0000,19.3295,4.0000,96.0000,AG03-UNRESOLVED,ALL5_LEVELS_bet23_to_bet27,19.3295,19.3295,24.1619,0.0000,0.0000,4.000000,4.000000,5.000000,0.000000,0.000000,96.000000,96.000000,95.000000,100.000000,100.000000,5.0,62.8210,60.1535,420.4173,423.0848,PENDING_AG03,FALSE,NOT_FOR_ENFORCEMENT,463.9088,46319.4703,483.2383,463.9088,19.3295,0.00902045,0.00865963,19.3295,463.9088,0.00865963,19.3295,19.3295,24.1619,0.0000,0.0000,463.9088,0.00865963,62.8210,60.1535,420.4173,423.0848,0.00784779,0.00789758,0.00036082,9.3346,8.4088,0.0842,5.5545,0.2517,615.7635,65.9540,8.3255,9.6426,5.1431,5.1891,8.2617,16.7816,25.8881,44.2602,5.1891,0.0,4.9889,8.529385,1.798876,29,193,98,2,0.20855820,0.00902045,0.00297427,0E-8,0.000000,0.900656,0.000000,0.00763944,2026-03-21,2026-08-06,87,1920,882,139,0.625899,0.863400,0.891889,0.695194,,,,,,,,GLOBAL_BASELINE_NO_ENTITY_RANKING,,,NOT_APPLICABLE_GLOBAL_BASELINE,HF9g-P5,,,,X 全窗基线 · 不参与实体赏罚,8396490,840,A168_HF9F_20260827_0900,2026-08-27 09:00:00
2026-05-10,54653530,1330,0,15.5674329303,4.9296870946,4.9296870946,1.0000000,3,3,0.50665070000000000,0.506650700000,0.9867858985152569,0.9867858985152569,0.9867858985152569,0E-17,ELIGIBLE,R03b_20260811_FULL_v1,L1_ELIGIBILITY,v2026-08-11,2026-03-21..2026-08-06,baccarat_bet02_101_all_pairs_incl_sentinel,round_win = game_pnl > 0 (decisive only),COMPATIBILITY_ONLY_NOT_PRODUCTION,53571.4227,48249.4483,483.2383,5739,5738,-0.00902045,-0.00297427,-0.01061372,-0.00902045,-483.2383,53571.4227,OK,0.0000,19.3295,4.0000,96.0000,AG03-UNRESOLVED,ALL5_LEVELS_bet23_to_bet27,19.3295,19.3295,24.1619,0.0000,0.0000,4.000000,4.000000,5.000000,0.000000,0.000000,96.000000,96.000000,95.000000,100.000000,100.000000,5.0,62.8210,60.1535,420.4173,423.0848,PENDING_AG03,FALSE,NOT_FOR_ENFORCEMENT,463.9088,46319.4703,483.2383,463.9088,19.3295,0.00902045,0.00865963,19.3295,463.9088,0.00865963,19.3295,19.3295,24.1619,0.0000,0.0000,463.9088,0.00865963,62.8210,60.1535,420.4173,423.0848,0.00784779,0.00789758,0.00036082,9.3346,8.4088,0.0842,5.5545,0.2517,615.7635,65.9540,8.3255,9.6426,5.1431,5.1891,8.2617,16.7816,25.8881,44.2602,5.1891,0.0,4.9889,8.529385,1.798876,29,193,98,2,0.20855820,0.00902045,0.00297427,0E-8,0.000000,0.900656,0.000000,0.00763944,2026-03-21,2026-08-06,87,1920,882,139,0.625899,0.863400,0.891889,0.695194,,,,,,,,GLOBAL_BASELINE_NO_ENTITY_RANKING,,,NOT_APPLICABLE_GLOBAL_BASELINE,HF9g-P5,,,,X 全窗基线 · 不参与实体赏罚,8396491,840,A168_HF9F_20260827_0900,2026-08-27 09:00:00
2026-05-10,54653530,2171,0,23.6106066110,12.5707020912,12.5707020912,0.7500000,4,4,0.49994810000000000,0.499948100000,1.0002076053883384,1.0002076053883384,1.0002076053883384,0E-17,ELIGIBLE,R03b_20260811_FULL_v1,L1_ELIGIBILITY,v2026-08-11,2026-03-21..2026-08-06,baccarat_bet02_101_all_pairs_incl_sentinel,round_win = game_pnl > 0 (decisive only),COMPATIBILITY_ONLY_NOT_PRODUCTION,53571.4227,48249.4483,483.2383,5739,5738,-0.00902045,-0.00297427,-0.01061372,-0.00902045,-483.2383,53571.4227,OK,0.0000,19.3295,4.0000,96.0000,AG03-UNRESOLVED,ALL5_LEVELS_bet23_to_bet27,19.3295,19.3295,24.1619,0.0000,0.0000,4.000000,4.000000,5.000000,0.000000,0.000000,96.000000,96.000000,95.000000,100.000000,100.000000,5.0,62.8210,60.1535,420.4173,423.0848,PENDING_AG03,FALSE,NOT_FOR_ENFORCEMENT,463.9088,46319.4703,483.2383,463.9088,19.3295,0.00902045,0.00865963,19.3295,463.9088,0.00865963,19.3295,19.3295,24.1619,0.0000,0.0000,463.9088,0.00865963,62.8210,60.1535,420.4173,423.0848,0.00784779,0.00789758,0.00036082,9.3346,8.4088,0.0842,5.5545,0.2517,615.7635,65.9540,8.3255,9.6426,5.1431,5.1891,8.2617,16.7816,25.8881,44.2602,5.1891,0.0,4.9889,8.529385,1.798876,29,193,98,2,0.20855820,0.00902045,0.00297427,0E-8,0.000000,0.900656,0.000000,0.00763944,2026-03-21,2026-08-06,87,1920,882,139,0.625899,0.863400,0.891889,0.695194,,,,,,,,GLOBAL_BASELINE_NO_ENTITY_RANKING,,,NOT_APPLICABLE_GLOBAL_BASELINE,HF9g-P5,,,,X 全窗基线 · 不参与实体赏罚,8396492,840,A168_HF9F_20260827_0900,2026-08-27 09:00:00
2026-05-10,54653530,2242,0,38.6591251103,-28.5402937056,-28.5402937056,0.2500000,4,4,0.50329940000000000,0.503299400000,-1.013219660140378,-1.013219660140378,-1.013219660140378,0E-17,ELIGIBLE,R03b_20260811_FULL_v1,L1_ELIGIBILITY,v2026-08-11,2026-03-21..2026-08-06,baccarat_bet02_101_all_pairs_incl_sentinel,round_win = game_pnl > 0 (decisive only),COMPATIBILITY_ONLY_NOT_PRODUCTION,53571.4227,48249.4483,483.2383,5739,5738,-0.00902045,-0.00297427,-0.01061372,-0.00902045,-483.2383,53571.4227,OK,0.0000,19.3295,4.0000,96.0000,AG03-UNRESOLVED,ALL5_LEVELS_bet23_to_bet27,19.3295,19.3295,24.1619,0.0000,0.0000,4.000000,4.000000,5.000000,0.000000,0.000000,96.000000,96.000000,95.000000,100.000000,100.000000,5.0,62.8210,60.1535,420.4173,423.0848,PENDING_AG03,FALSE,NOT_FOR_ENFORCEMENT,463.9088,46319.4703,483.2383,463.9088,19.3295,0.00902045,0.00865963,19.3295,463.9088,0.00865963,19.3295,19.3295,24.1619,0.0000,0.0000,463.9088,0.00865963,62.8210,60.1535,420.4173,423.0848,0.00784779,0.00789758,0.00036082,9.3346,8.4088,0.0842,5.5545,0.2517,615.7635,65.9540,8.3255,9.6426,5.1431,5.1891,8.2617,16.7816,25.8881,44.2602,5.1891,0.0,4.9889,8.529385,1.798876,29,193,98,2,0.20855820,0.00902045,0.00297427,0E-8,0.000000,0.900656,0.000000,0.00763944,2026-03-21,2026-08-06,87,1920,882,139,0.625899,0.863400,0.891889,0.695194,,,,,,,,GLOBAL_BASELINE_NO_ENTITY_RANKING,,,NOT_APPLICABLE_GLOBAL_BASELINE,HF9g-P5,,,,X 全窗基线 · 不参与实体赏罚,8396493,840,A168_HF9F_20260827_0900,2026-08-27 09:00:00
2026-05-11,54653530,1401,0,12.9728607753,2.2053863318,2.2053863318,0.5000000,2,2,0.50665070000000000,0.506650700000,-0.018812684590367487,-0.018812684590367487,-0.018812684590367487,0E-17,ELIGIBLE,R03b_20260811_FULL_v1,L1_ELIGIBILITY,v2026-08-11,2026-03-21..2026-08-06,baccarat_bet02_101_all_pairs_incl_sentinel,round_win = game_pnl > 0 (decisive only),COMPATIBILITY_ONLY_NOT_PRODUCTION,53571.4227,48249.4483,483.2383,5739,5738,-0.00902045,-0.00297427,-0.01061372,-0.00902045,-483.2383,53571.4227,OK,0.0000,19.3295,4.0000,96.0000,AG03-UNRESOLVED,ALL5_LEVELS_bet23_to_bet27,19.3295,19.3295,24.1619,0.0000,0.0000,4.000000,4.000000,5.000000,0.000000,0.000000,96.000000,96.000000,95.000000,100.000000,100.000000,5.0,62.8210,60.1535,420.4173,423.0848,PENDING_AG03,FALSE,NOT_FOR_ENFORCEMENT,463.9088,46319.4703,483.2383,463.9088,19.3295,0.00902045,0.00865963,19.3295,463.9088,0.00865963,19.3295,19.3295,24.1619,0.0000,0.0000,463.9088,0.00865963,62.8210,60.1535,420.4173,423.0848,0.00784779,0.00789758,0.00036082,9.3346,8.4088,0.0842,5.5545,0.2517,615.7635,65.9540,8.3255,9.6426,5.1431,5.1891,8.2617,16.7816,25.8881,44.2602,5.1891,0.0,4.9889,8.529385,1.798876,29,193,98,2,0.20855820,0.00902045,0.00297427,0E-8,0.000000,0.900656,0.000000,0.00763944,2026-03-21,2026-08-06,87,1920,882,139,0.625899,0.863400,0.891889,0.695194,,,,,,,,GLOBAL_BASELINE_NO_ENTITY_RANKING,,,NOT_APPLICABLE_GLOBAL_BASELINE,HF9g-P5,,,,X 全窗基线 · 不参与实体赏罚,8396494,840,A168_HF9F_20260827_0900,2026-08-27 09:00:00
2026-05-11,54653530,1490,0,5.1891443101,4.9296870946,4.9296870946,1.0000000,1,1,0.50665070000000000,0.506650700000,0.9867858985152569,0.9867858985152569,0.9867858985152569,0E-17,ELIGIBLE,R03b_20260811_FULL_v1,L1_ELIGIBILITY,v2026-08-11,2026-03-21..2026-08-06,baccarat_bet02_101_all_pairs_incl_sentinel,round_win = game_pnl > 0 (decisive only),COMPATIBILITY_ONLY_NOT_PRODUCTION,53571.4227,48249.4483,483.2383,5739,5738,-0.00902045,-0.00297427,-0.01061372,-0.00902045,-483.2383,53571.4227,OK,0.0000,19.3295,4.0000,96.0000,AG03-UNRESOLVED,ALL5_LEVELS_bet23_to_bet27,19.3295,19.3295,24.1619,0.0000,0.0000,4.000000,4.000000,5.000000,0.000000,0.000000,96.000000,96.000000,95.000000,100.000000,100.000000,5.0,62.8210,60.1535,420.4173,423.0848,PENDING_AG03,FALSE,NOT_FOR_ENFORCEMENT,463.9088,46319.4703,483.2383,463.9088,19.3295,0.00902045,0.00865963,19.3295,463.9088,0.00865963,19.3295,19.3295,24.1619,0.0000,0.0000,463.9088,0.00865963,62.8210,60.1535,420.4173,423.0848,0.00784779,0.00789758,0.00036082,9.3346,8.4088,0.0842,5.5545,0.2517,615.7635,65.9540,8.3255,9.6426,5.1431,5.1891,8.2617,16.7816,25.8881,44.2602,5.1891,0.0,4.9889,8.529385,1.798876,29,193,98,2,0.20855820,0.00902045,0.00297427,0E-8,0.000000,0.900656,0.000000,0.00763944,2026-03-21,2026-08-06,87,1920,882,139,0.625899,0.863400,0.891889,0.695194,,,,,,,,GLOBAL_BASELINE_NO_ENTITY_RANKING,,,NOT_APPLICABLE_GLOBAL_BASELINE,HF9g-P5,,,,X 全窗基线 · 不参与实体赏罚,8396495,840,A168_HF9F_20260827_0900,2026-08-27 09:00:00
2026-05-11,54653530,1646,0,5.4486015256,5.1761714493,5.1761714493,1.0000000,1,1,0.50665070000000000,0.506650700000,0.9867858985152569,0.9867858985152569,0.9867858985152569,0E-17,ELIGIBLE,R03b_20260811_FULL_v1,L1_ELIGIBILITY,v2026-08-11,2026-03-21..2026-08-06,baccarat_bet02_101_all_pairs_incl_sentinel,round_win = game_pnl > 0 (decisive only),COMPATIBILITY_ONLY_NOT_PRODUCTION,53571.4227,48249.4483,483.2383,5739,5738,-0.00902045,-0.00297427,-0.01061372,-0.00902045,-483.2383,53571.4227,OK,0.0000,19.3295,4.0000,96.0000,AG03-UNRESOLVED,ALL5_LEVELS_bet23_to_bet27,19.3295,19.3295,24.1619,0.0000,0.0000,4.000000,4.000000,5.000000,0.000000,0.000000,96.000000,96.000000,95.000000,100.000000,100.000000,5.0,62.8210,60.1535,420.4173,423.0848,PENDING_AG03,FALSE,NOT_FOR_ENFORCEMENT,463.9088,46319.4703,483.2383,463.9088,19.3295,0.00902045,0.00865963,19.3295,463.9088,0.00865963,19.3295,19.3295,24.1619,0.0000,0.0000,463.9088,0.00865963,62.8210,60.1535,420.4173,423.0848,0.00784779,0.00789758,0.00036082,9.3346,8.4088,0.0842,5.5545,0.2517,615.7635,65.9540,8.3255,9.6426,5.1431,5.1891,8.2617,16.7816,25.8881,44.2602,5.1891,0.0,4.9889,8.529385,1.798876,29,193,98,2,0.20855820,0.00902045,0.00297427,0E-8,0.000000,0.900656,0.000000,0.00763944,2026-03-21,2026-08-06,87,1920,882,139,0.625899,0.863400,0.891889,0.695194,,,,,,,,GLOBAL_BASELINE_NO_ENTITY_RANKING,,,NOT_APPLICABLE_GLOBAL_BASELINE,HF9g-P5,,,,X 全窗基线 · 不参与实体赏罚,8396496,840,A168_HF9F_20260827_0900,2026-08-27 09:00:00
2026-05-11,54653530,1940,0,27.2430076280,5.4096829433,5.4096829433,0.5000000,3,3,0.50665070000000000,0.506650700000,-0.018812684590367487,-0.018812684590367487,-0.018812684590367487,0E-17,ELIGIBLE,R03b_20260811_FULL_v1,L1_ELIGIBILITY,v2026-08-11,2026-03-21..2026-08-06,baccarat_bet02_101_all_pairs_incl_sentinel,round_win = game_pnl > 0 (decisive only),COMPATIBILITY_ONLY_NOT_PRODUCTION,53571.4227,48249.4483,483.2383,5739,5738,-0.00902045,-0.00297427,-0.01061372,-0.00902045,-483.2383,53571.4227,OK,0.0000,19.3295,4.0000,96.0000,AG03-UNRESOLVED,ALL5_LEVELS_bet23_to_bet27,19.3295,19.3295,24.1619,0.0000,0.0000,4.000000,4.000000,5.000000,0.000000,0.000000,96.000000,96.000000,95.000000,100.000000,100.000000,5.0,62.8210,60.1535,420.4173,423.0848,PENDING_AG03,FALSE,NOT_FOR_ENFORCEMENT,463.9088,46319.4703,483.2383,463.9088,19.3295,0.00902045,0.00865963,19.3295,463.9088,0.00865963,19.3295,19.3295,24.1619,0.0000,0.0000,463.9088,0.00865963,62.8210,60.1535,420.4173,423.0848,0.00784779,0.00789758,0.00036082,9.3346,8.4088,0.0842,5.5545,0.2517,615.7635,65.9540,8.3255,9.6426,5.1431,5.1891,8.2617,16.7816,25.8881,44.2602,5.1891,0.0,4.9889,8.529385,1.798876,29,193,98,2,0.20855820,0.00902045,0.00297427,0E-8,0.000000,0.900656,0.000000,0.00763944,2026-03-21,2026-08-06,87,1920,882,139,0.625899,0.863400,0.891889,0.695194,,,,,,,,GLOBAL_BASELINE_NO_ENTITY_RANKING,,,NOT_APPLICABLE_GLOBAL_BASELINE,HF9g-P5,,,,X 全窗基线 · 不参与实体赏罚,8396497,840,A168_HF9F_20260827_0900,2026-08-27 09:00:00
2026-05-11,54653530,2123,0,28.5402937056,-28.5402937056,-28.5402937056,0E-7,3,3,0.49324550000000000,0.493245500000,-1.708808463184432,-1.7088084631844318,-1.708808463184432,0E-17,ELIGIBLE,R03b_20260811_FULL_v1,L1_ELIGIBILITY,v2026-08-11,2026-03-21..2026-08-06,baccarat_bet02_101_all_pairs_incl_sentinel,round_win = game_pnl > 0 (decisive only),COMPATIBILITY_ONLY_NOT_PRODUCTION,53571.4227,48249.4483,483.2383,5739,5738,-0.00902045,-0.00297427,-0.01061372,-0.00902045,-483.2383,53571.4227,OK,0.0000,19.3295,4.0000,96.0000,AG03-UNRESOLVED,ALL5_LEVELS_bet23_to_bet27,19.3295,19.3295,24.1619,0.0000,0.0000,4.000000,4.000000,5.000000,0.000000,0.000000,96.000000,96.000000,95.000000,100.000000,100.000000,5.0,62.8210,60.1535,420.4173,423.0848,PENDING_AG03,FALSE,NOT_FOR_ENFORCEMENT,463.9088,46319.4703,483.2383,463.9088,19.3295,0.00902045,0.00865963,19.3295,463.9088,0.00865963,19.3295,19.3295,24.1619,0.0000,0.0000,463.9088,0.00865963,62.8210,60.1535,420.4173,423.0848,0.00784779,0.00789758,0.00036082,9.3346,8.4088,0.0842,5.5545,0.2517,615.7635,65.9540,8.3255,9.6426,5.1431,5.1891,8.2617,16.7816,25.8881,44.2602,5.1891,0.0,4.9889,8.529385,1.798876,29,193,98,2,0.20855820,0.00902045,0.00297427,0E-8,0.000000,0.900656,0.000000,0.00763944,2026-03-21,2026-08-06,87,1920,882,139,0.625899,0.863400,0.891889,0.695194,,,,,,,,GLOBAL_BASELINE_NO_ENTITY_RANKING,,,NOT_APPLICABLE_GLOBAL_BASELINE,HF9g-P5,,,,X 全窗基线 · 不参与实体赏罚,8396498,840,A168_HF9F_20260827_0900,2026-08-27 09:00:00
2026-05-11,54653530,772,0,13.4917752063,2.6983550413,2.6983550413,0.5000000,2,2,0.50665070000000000,0.506650700000,-0.018812684590367487,-0.018812684590367487,-0.018812684590367487,0E-17,ELIGIBLE,R03b_20260811_FULL_v1,L1_ELIGIBILITY,v2026-08-11,2026-03-21..2026-08-06,baccarat_bet02_101_all_pairs_incl_sentinel,round_win = game_pnl > 0 (decisive only),COMPATIBILITY_ONLY_NOT_PRODUCTION,53571.4227,48249.4483,483.2383,5739,5738,-0.00902045,-0.00297427,-0.01061372,-0.00902045,-483.2383,53571.4227,OK,0.0000,19.3295,4.0000,96.0000,AG03-UNRESOLVED,ALL5_LEVELS_bet23_to_bet27,19.3295,19.3295,24.1619,0.0000,0.0000,4.000000,4.000000,5.000000,0.000000,0.000000,96.000000,96.000000,95.000000,100.000000,100.000000,5.0,62.8210,60.1535,420.4173,423.0848,PENDING_AG03,FALSE,NOT_FOR_ENFORCEMENT,463.9088,46319.4703,483.2383,463.9088,19.3295,0.00902045,0.00865963,19.3295,463.9088,0.00865963,19.3295,19.3295,24.1619,0.0000,0.0000,463.9088,0.00865963,62.8210,60.1535,420.4173,423.0848,0.00784779,0.00789758,0.00036082,9.3346,8.4088,0.0842,5.5545,0.2517,615.7635,65.9540,8.3255,9.6426,5.1431,5.1891,8.2617,16.7816,25.8881,44.2602,5.1891,0.0,4.9889,8.529385,1.798876,29,193,98,2,0.20855820,0.00902045,0.00297427,0E-8,0.000000,0.900656,0.000000,0.00763944,2026-03-21,2026-08-06,87,1920,882,139,0.625899,0.863400,0.891889,0.695194,,,,,,,,GLOBAL_BASELINE_NO_ENTITY_RANKING,,,NOT_APPLICABLE_GLOBAL_BASELINE,HF9g-P5,,,,X 全窗基线 · 不参与实体赏罚,8396499,840,A168_HF9F_20260827_0900,2026-08-27 09:00:00
2026-05-11,54653530,948,0,20.7565772404,15.0485184993,15.0485184993,1.0000000,4,4,0.50329940000000000,0.503299400000,1.7206588134302945,1.7206588134302945,1.7206588134302945,0E-17,ELIGIBLE,R03b_20260811_FULL_v1,L1_ELIGIBILITY,v2026-08-11,2026-03-21..2026-08-06,baccarat_bet02_101_all_pairs_incl_sentinel,round_win = game_pnl > 0 (decisive only),COMPATIBILITY_ONLY_NOT_PRODUCTION,53571.4227,48249.4483,483.2383,5739,5738,-0.00902045,-0.00297427,-0.01061372,-0.00902045,-483.2383,53571.4227,OK,0.0000,19.3295,4.0000,96.0000,AG03-UNRESOLVED,ALL5_LEVELS_bet23_to_bet27,19.3295,19.3295,24.1619,0.0000,0.0000,4.000000,4.000000,5.000000,0.000000,0.000000,96.000000,96.000000,95.000000,100.000000,100.000000,5.0,62.8210,60.1535,420.4173,423.0848,PENDING_AG03,FALSE,NOT_FOR_ENFORCEMENT,463.9088,46319.4703,483.2383,463.9088,19.3295,0.00902045,0.00865963,19.3295,463.9088,0.00865963,19.3295,19.3295,24.1619,0.0000,0.0000,463.9088,0.00865963,62.8210,60.1535,420.4173,423.0848,0.00784779,0.00789758,0.00036082,9.3346,8.4088,0.0842,5.5545,0.2517,615.7635,65.9540,8.3255,9.6426,5.1431,5.1891,8.2617,16.7816,25.8881,44.2602,5.1891,0.0,4.9889,8.529385,1.798876,29,193,98,2,0.20855820,0.00902045,0.00297427,0E-8,0.000000,0.900656,0.000000,0.00763944,2026-03-21,2026-08-06,87,1920,882,139,0.625899,0.863400,0.891889,0.695194,,,,,,,,GLOBAL_BASELINE_NO_ENTITY_RANKING,,,NOT_APPLICABLE_GLOBAL_BASELINE,HF9g-P5,,,,X 全窗基线 · 不参与实体赏罚,8396500,840,A168_HF9F_20260827_0900,2026-08-27 09:00:00
2026-05-12,54653530,-1,1,16.8647190078,16.0214830574,16.0214830574,1.0000000,3,3,0.50665070000000000,0.506650700000,1.7091633124209307,1.7091633124209307,1.7091633124209307,0E-17,SENTINEL_DEALER,R03b_20260811_FULL_v1,L1_ELIGIBILITY,v2026-08-11,2026-03-21..2026-08-06,baccarat_bet02_101_all_pairs_incl_sentinel,round_win = game_pnl > 0 (decisive only),COMPATIBILITY_ONLY_NOT_PRODUCTION,53571.4227,48249.4483,483.2383,5739,5738,-0.00902045,-0.00297427,-0.01061372,-0.00902045,-483.2383,53571.4227,OK,0.0000,19.3295,4.0000,96.0000,AG03-UNRESOLVED,ALL5_LEVELS_bet23_to_bet27,19.3295,19.3295,24.1619,0.0000,0.0000,4.000000,4.000000,5.000000,0.000000,0.000000,96.000000,96.000000,95.000000,100.000000,100.000000,5.0,62.8210,60.1535,420.4173,423.0848,PENDING_AG03,FALSE,NOT_FOR_ENFORCEMENT,463.9088,46319.4703,483.2383,463.9088,19.3295,0.00902045,0.00865963,19.3295,463.9088,0.00865963,19.3295,19.3295,24.1619,0.0000,0.0000,463.9088,0.00865963,62.8210,60.1535,420.4173,423.0848,0.00784779,0.00789758,0.00036082,9.3346,8.4088,0.0842,5.5545,0.2517,615.7635,65.9540,8.3255,9.6426,5.1431,5.1891,8.2617,16.7816,25.8881,44.2602,5.1891,0.0,4.9889,8.529385,1.798876,29,193,98,2,0.20855820,0.00902045,0.00297427,0E-8,0.000000,0.900656,0.000000,0.00763944,2026-03-21,2026-08-06,87,1920,882,139,0.625899,0.863400,0.891889,0.695194,,,,,,,,GLOBAL_BASELINE_NO_ENTITY_RANKING,,,NOT_APPLICABLE_GLOBAL_BASELINE,HF9g-P5,,,,X 全窗基线 · 不参与实体赏罚,8396501,840,A168_HF9F_20260827_0900,2026-08-27 09:00:00
2026-05-12,54653530,1109,0,16.8647190078,-16.8647190078,-16.8647190078,0E-7,2,2,0.50665070000000000,0.506650700000,-1.4331513700195317,-1.4331513700195317,-1.4331513700195317,0E-17,ELIGIBLE,R03b_20260811_FULL_v1,L1_ELIGIBILITY,v2026-08-11,2026-03-21..2026-08-06,baccarat_bet02_101_all_pairs_incl_sentinel,round_win = game_pnl > 0 (decisive only),COMPATIBILITY_ONLY_NOT_PRODUCTION,53571.4227,48249.4483,483.2383,5739,5738,-0.00902045,-0.00297427,-0.01061372,-0.00902045,-483.2383,53571.4227,OK,0.0000,19.3295,4.0000,96.0000,AG03-UNRESOLVED,ALL5_LEVELS_bet23_to_bet27,19.3295,19.3295,24.1619,0.0000,0.0000,4.000000,4.000000,5.000000,0.000000,0.000000,96.000000,96.000000,95.000000,100.000000,100.000000,5.0,62.8210,60.1535,420.4173,423.0848,PENDING_AG03,FALSE,NOT_FOR_ENFORCEMENT,463.9088,46319.4703,483.2383,463.9088,19.3295,0.00902045,0.00865963,19.3295,463.9088,0.00865963,19.3295,19.3295,24.1619,0.0000,0.0000,463.9088,0.00865963,62.8210,60.1535,420.4173,423.0848,0.00784779,0.00789758,0.00036082,9.3346,8.4088,0.0842,5.5545,0.2517,615.7635,65.9540,8.3255,9.6426,5.1431,5.1891,8.2617,16.7816,25.8881,44.2602,5.1891,0.0,4.9889,8.529385,1.798876,29,193,98,2,0.20855820,0.00902045,0.00297427,0E-8,0.000000,0.900656,0.000000,0.00763944,2026-03-21,2026-08-06,87,1920,882,139,0.625899,0.863400,0.891889,0.695194,,,,,,,,GLOBAL_BASELINE_NO_ENTITY_RANKING,,,NOT_APPLICABLE_GLOBAL_BASELINE,HF9g-P5,,,,X 全窗基线 · 不参与实体赏罚,8396502,840,A168_HF9F_20260827_0900,2026-08-27 09:00:00
2026-05-12,54653530,1210,0,17.1241762233,4.9296870946,4.9296870946,1.0000000,3,3,0.50665070000000000,0.506650700000,0.9867858985152569,0.9867858985152569,0.9867858985152569,0E-17,ELIGIBLE,R03b_20260811_FULL_v1,L1_ELIGIBILITY,v2026-08-11,2026-03-21..2026-08-06,baccarat_bet02_101_all_pairs_incl_sentinel,round_win = game_pnl > 0 (decisive only),COMPATIBILITY_ONLY_NOT_PRODUCTION,53571.4227,48249.4483,483.2383,5739,5738,-0.00902045,-0.00297427,-0.01061372,-0.00902045,-483.2383,53571.4227,OK,0.0000,19.3295,4.0000,96.0000,AG03-UNRESOLVED,ALL5_LEVELS_bet23_to_bet27,19.3295,19.3295,24.1619,0.0000,0.0000,4.000000,4.000000,5.000000,0.000000,0.000000,96.000000,96.000000,95.000000,100.000000,100.000000,5.0,62.8210,60.1535,420.4173,423.0848,PENDING_AG03,FALSE,NOT_FOR_ENFORCEMENT,463.9088,46319.4703,483.2383,463.9088,19.3295,0.00902045,0.00865963,19.3295,463.9088,0.00865963,19.3295,19.3295,24.1619,0.0000,0.0000,463.9088,0.00865963,62.8210,60.1535,420.4173,423.0848,0.00784779,0.00789758,0.00036082,9.3346,8.4088,0.0842,5.5545,0.2517,615.7635,65.9540,8.3255,9.6426,5.1431,5.1891,8.2617,16.7816,25.8881,44.2602,5.1891,0.0,4.9889,8.529385,1.798876,29,193,98,2,0.20855820,0.00902045,0.00297427,0E-8,0.000000,0.900656,0.000000,0.00763944,2026-03-21,2026-08-06,87,1920,882,139,0.625899,0.863400,0.891889,0.695194,,,,,,,,GLOBAL_BASELINE_NO_ENTITY_RANKING,,,NOT_APPLICABLE_GLOBAL_BASELINE,HF9g-P5,,,,X 全窗基线 · 不参与实体赏罚,8396503,840,A168_HF9F_20260827_0900,2026-08-27 09:00:00
2026-05-12,54653530,1221,0,65.9021327384,-19.3555082767,-19.3555082767,0.3333333,6,6,0.50441650000000000,0.504416500000,-0.838165622096103,-0.838165622096103,-0.838165622096103,0E-17,ELIGIBLE,R03b_20260811_FULL_v1,L1_ELIGIBILITY,v2026-08-11,2026-03-21..2026-08-06,baccarat_bet02_101_all_pairs_incl_sentinel,round_win = game_pnl > 0 (decisive only),COMPATIBILITY_ONLY_NOT_PRODUCTION,53571.4227,48249.4483,483.2383,5739,5738,-0.00902045,-0.00297427,-0.01061372,-0.00902045,-483.2383,53571.4227,OK,0.0000,19.3295,4.0000,96.0000,AG03-UNRESOLVED,ALL5_LEVELS_bet23_to_bet27,19.3295,19.3295,24.1619,0.0000,0.0000,4.000000,4.000000,5.000000,0.000000,0.000000,96.000000,96.000000,95.000000,100.000000,100.000000,5.0,62.8210,60.1535,420.4173,423.0848,PENDING_AG03,FALSE,NOT_FOR_ENFORCEMENT,463.9088,46319.4703,483.2383,463.9088,19.3295,0.00902045,0.00865963,19.3295,463.9088,0.00865963,19.3295,19.3295,24.1619,0.0000,0.0000,463.9088,0.00865963,62.8210,60.1535,420.4173,423.0848,0.00784779,0.00789758,0.00036082,9.3346,8.4088,0.0842,5.5545,0.2517,615.7635,65.9540,8.3255,9.6426,5.1431,5.1891,8.2617,16.7816,25.8881,44.2602,5.1891,0.0,4.9889,8.529385,1.798876,29,193,98,2,0.20855820,0.00902045,0.00297427,0E-8,0.000000,0.900656,0.000000,0.00763944,2026-03-21,2026-08-06,87,1920,882,139,0.625899,0.863400,0.891889,0.695194,,,,,,,,GLOBAL_BASELINE_NO_ENTITY_RANKING,,,NOT_APPLICABLE_GLOBAL_BASELINE,HF9g-P5,,,,X 全窗基线 · 不参与实体赏罚,8396504,840,A168_HF9F_20260827_0900,2026-08-27 09:00:00
2026-05-12,54653530,1299,0,5.1891443101,-5.1891443101,-5.1891443101,0E-7,1,1,0.49324550000000000,0.493245500000,-0.9865810262130424,-0.9865810262130424,-0.9865810262130424,0E-17,ELIGIBLE,R03b_20260811_FULL_v1,L1_ELIGIBILITY,v2026-08-11,2026-03-21..2026-08-06,baccarat_bet02_101_all_pairs_incl_sentinel,round_win = game_pnl > 0 (decisive only),COMPATIBILITY_ONLY_NOT_PRODUCTION,53571.4227,48249.4483,483.2383,5739,5738,-0.00902045,-0.00297427,-0.01061372,-0.00902045,-483.2383,53571.4227,OK,0.0000,19.3295,4.0000,96.0000,AG03-UNRESOLVED,ALL5_LEVELS_bet23_to_bet27,19.3295,19.3295,24.1619,0.0000,0.0000,4.000000,4.000000,5.000000,0.000000,0.000000,96.000000,96.000000,95.000000,100.000000,100.000000,5.0,62.8210,60.1535,420.4173,423.0848,PENDING_AG03,FALSE,NOT_FOR_ENFORCEMENT,463.9088,46319.4703,483.2383,463.9088,19.3295,0.00902045,0.00865963,19.3295,463.9088,0.00865963,19.3295,19.3295,24.1619,0.0000,0.0000,463.9088,0.00865963,62.8210,60.1535,420.4173,423.0848,0.00784779,0.00789758,0.00036082,9.3346,8.4088,0.0842,5.5545,0.2517,615.7635,65.9540,8.3255,9.6426,5.1431,5.1891,8.2617,16.7816,25.8881,44.2602,5.1891,0.0,4.9889,8.529385,1.798876,29,193,98,2,0.20855820,0.00902045,0.00297427,0E-8,0.000000,0.900656,0.000000,0.00763944,2026-03-21,2026-08-06,87,1920,882,139,0.625899,0.863400,0.891889,0.695194,,,,,,,,GLOBAL_BASELINE_NO_ENTITY_RANKING,,,NOT_APPLICABLE_GLOBAL_BASELINE,HF9g-P5,,,,X 全窗基线 · 不参与实体赏罚,8396505,840,A168_HF9F_20260827_0900,2026-08-27 09:00:00
2026-05-12,54653530,1306,0,32.6916091536,19.9263141508,19.9263141508,0.8000000,5,5,0.50665070000000000,0.506650700000,1.3120140225494112,1.3120140225494112,1.3120140225494112,0E-17,ELIGIBLE,R03b_20260811_FULL_v1,L1_ELIGIBILITY,v2026-08-11,2026-03-21..2026-08-06,baccarat_bet02_101_all_pairs_incl_sentinel,round_win = game_pnl > 0 (decisive only),COMPATIBILITY_ONLY_NOT_PRODUCTION,53571.4227,48249.4483,483.2383,5739,5738,-0.00902045,-0.00297427,-0.01061372,-0.00902045,-483.2383,53571.4227,OK,0.0000,19.3295,4.0000,96.0000,AG03-UNRESOLVED,ALL5_LEVELS_bet23_to_bet27,19.3295,19.3295,24.1619,0.0000,0.0000,4.000000,4.000000,5.000000,0.000000,0.000000,96.000000,96.000000,95.000000,100.000000,100.000000,5.0,62.8210,60.1535,420.4173,423.0848,PENDING_AG03,FALSE,NOT_FOR_ENFORCEMENT,463.9088,46319.4703,483.2383,463.9088,19.3295,0.00902045,0.00865963,19.3295,463.9088,0.00865963,19.3295,19.3295,24.1619,0.0000,0.0000,463.9088,0.00865963,62.8210,60.1535,420.4173,423.0848,0.00784779,0.00789758,0.00036082,9.3346,8.4088,0.0842,5.5545,0.2517,615.7635,65.9540,8.3255,9.6426,5.1431,5.1891,8.2617,16.7816,25.8881,44.2602,5.1891,0.0,4.9889,8.529385,1.798876,29,193,98,2,0.20855820,0.00902045,0.00297427,0E-8,0.000000,0.900656,0.000000,0.00763944,2026-03-21,2026-08-06,87,1920,882,139,0.625899,0.863400,0.891889,0.695194,,,,,,,,GLOBAL_BASELINE_NO_ENTITY_RANKING,,,NOT_APPLICABLE_GLOBAL_BASELINE,HF9g-P5,,,,X 全窗基线 · 不参与实体赏罚,8396506,840,A168_HF9F_20260827_0900,2026-08-27 09:00:00
2026-05-12,54653530,1363,0,5.1891443101,4.9296870946,4.9296870946,1.0000000,1,1,0.50665070000000000,0.506650700000,0.9867858985152569,0.9867858985152569,0.9867858985152569,0E-17,ELIGIBLE,R03b_20260811_FULL_v1,L1_ELIGIBILITY,v2026-08-11,2026-03-21..2026-08-06,baccarat_bet02_101_all_pairs_incl_sentinel,round_win = game_pnl > 0 (decisive only),COMPATIBILITY_ONLY_NOT_PRODUCTION,53571.4227,48249.4483,483.2383,5739,5738,-0.00902045,-0.00297427,-0.01061372,-0.00902045,-483.2383,53571.4227,OK,0.0000,19.3295,4.0000,96.0000,AG03-UNRESOLVED,ALL5_LEVELS_bet23_to_bet27,19.3295,19.3295,24.1619,0.0000,0.0000,4.000000,4.000000,5.000000,0.000000,0.000000,96.000000,96.000000,95.000000,100.000000,100.000000,5.0,62.8210,60.1535,420.4173,423.0848,PENDING_AG03,FALSE,NOT_FOR_ENFORCEMENT,463.9088,46319.4703,483.2383,463.9088,19.3295,0.00902045,0.00865963,19.3295,463.9088,0.00865963,19.3295,19.3295,24.1619,0.0000,0.0000,463.9088,0.00865963,62.8210,60.1535,420.4173,423.0848,0.00784779,0.00789758,0.00036082,9.3346,8.4088,0.0842,5.5545,0.2517,615.7635,65.9540,8.3255,9.6426,5.1431,5.1891,8.2617,16.7816,25.8881,44.2602,5.1891,0.0,4.9889,8.529385,1.798876,29,193,98,2,0.20855820,0.00902045,0.00297427,0E-8,0.000000,0.900656,0.000000,0.00763944,2026-03-21,2026-08-06,87,1920,882,139,0.625899,0.863400,0.891889,0.695194,,,,,,,,GLOBAL_BASELINE_NO_ENTITY_RANKING,,,NOT_APPLICABLE_GLOBAL_BASELINE,HF9g-P5,,,,X 全窗基线 · 不参与实体赏罚,8396507,840,A168_HF9F_20260827_0900,2026-08-27 09:00:00
2026-05-12,54653530,1384,0,12.9728607753,2.2053863318,2.2053863318,0.5000000,2,2,0.50665070000000000,0.506650700000,-0.018812684590367487,-0.018812684590367487,-0.018812684590367487,0E-17,ELIGIBLE,R03b_20260811_FULL_v1,L1_ELIGIBILITY,v2026-08-11,2026-03-21..2026-08-06,baccarat_bet02_101_all_pairs_incl_sentinel,round_win = game_pnl > 0 (decisive only),COMPATIBILITY_ONLY_NOT_PRODUCTION,53571.4227,48249.4483,483.2383,5739,5738,-0.00902045,-0.00297427,-0.01061372,-0.00902045,-483.2383,53571.4227,OK,0.0000,19.3295,4.0000,96.0000,AG03-UNRESOLVED,ALL5_LEVELS_bet23_to_bet27,19.3295,19.3295,24.1619,0.0000,0.0000,4.000000,4.000000,5.000000,0.000000,0.000000,96.000000,96.000000,95.000000,100.000000,100.000000,5.0,62.8210,60.1535,420.4173,423.0848,PENDING_AG03,FALSE,NOT_FOR_ENFORCEMENT,463.9088,46319.4703,483.2383,463.9088,19.3295,0.00902045,0.00865963,19.3295,463.9088,0.00865963,19.3295,19.3295,24.1619,0.0000,0.0000,463.9088,0.00865963,62.8210,60.1535,420.4173,423.0848,0.00784779,0.00789758,0.00036082,9.3346,8.4088,0.0842,5.5545,0.2517,615.7635,65.9540,8.3255,9.6426,5.1431,5.1891,8.2617,16.7816,25.8881,44.2602,5.1891,0.0,4.9889,8.529385,1.798876,29,193,98,2,0.20855820,0.00902045,0.00297427,0E-8,0.000000,0.900656,0.000000,0.00763944,2026-03-21,2026-08-06,87,1920,882,139,0.625899,0.863400,0.891889,0.695194,,,,,,,,GLOBAL_BASELINE_NO_ENTITY_RANKING,,,NOT_APPLICABLE_GLOBAL_BASELINE,HF9g-P5,,,,X 全窗基线 · 不参与实体赏罚,8396508,840,A168_HF9F_20260827_0900,2026-08-27 09:00:00
2026-05-12,54653530,1396,0,15.5674329303,4.6702298791,4.6702298791,0.5000000,2,2,0.50665070000000000,0.506650700000,-0.018812684590367487,-0.018812684590367487,-0.018812684590367487,0E-17,ELIGIBLE,R03b_20260811_FULL_v1,L1_ELIGIBILITY,v2026-08-11,2026-03-21..2026-08-06,baccarat_bet02_101_all_pairs_incl_sentinel,round_win = game_pnl > 0 (decisive only),COMPATIBILITY_ONLY_NOT_PRODUCTION,53571.4227,48249.4483,483.2383,5739,5738,-0.00902045,-0.00297427,-0.01061372,-0.00902045,-483.2383,53571.4227,OK,0.0000,19.3295,4.0000,96.0000,AG03-UNRESOLVED,ALL5_LEVELS_bet23_to_bet27,19.3295,19.3295,24.1619,0.0000,0.0000,4.000000,4.000000,5.000000,0.000000,0.000000,96.000000,96.000000,95.000000,100.000000,100.000000,5.0,62.8210,60.1535,420.4173,423.0848,PENDING_AG03,FALSE,NOT_FOR_ENFORCEMENT,463.9088,46319.4703,483.2383,463.9088,19.3295,0.00902045,0.00865963,19.3295,463.9088,0.00865963,19.3295,19.3295,24.1619,0.0000,0.0000,463.9088,0.00865963,62.8210,60.1535,420.4173,423.0848,0.00784779,0.00789758,0.00036082,9.3346,8.4088,0.0842,5.5545,0.2517,615.7635,65.9540,8.3255,9.6426,5.1431,5.1891,8.2617,16.7816,25.8881,44.2602,5.1891,0.0,4.9889,8.529385,1.798876,29,193,98,2,0.20855820,0.00902045,0.00297427,0E-8,0.000000,0.900656,0.000000,0.00763944,2026-03-21,2026-08-06,87,1920,882,139,0.625899,0.863400,0.891889,0.695194,,,,,,,,GLOBAL_BASELINE_NO_ENTITY_RANKING,,,NOT_APPLICABLE_GLOBAL_BASELINE,HF9g-P5,,,,X 全窗基线 · 不参与实体赏罚,8396509,840,A168_HF9F_20260827_0900,2026-08-27 09:00:00
2026-05-12,54653530,1400,0,38.6591251103,-28.5402937056,-28.5402937056,0.2500000,4,4,0.50665070000000000,0.506650700000,-1.0266936290537745,-1.0266936290537745,-1.0266936290537745,0E-17,ELIGIBLE,R03b_20260811_FULL_v1,L1_ELIGIBILITY,v2026-08-11,2026-03-21..2026-08-06,baccarat_bet02_101_all_pairs_incl_sentinel,round_win = game_pnl > 0 (decisive only),COMPATIBILITY_ONLY_NOT_PRODUCTION,53571.4227,48249.4483,483.2383,5739,5738,-0.00902045,-0.00297427,-0.01061372,-0.00902045,-483.2383,53571.4227,OK,0.0000,19.3295,4.0000,96.0000,AG03-UNRESOLVED,ALL5_LEVELS_bet23_to_bet27,19.3295,19.3295,24.1619,0.0000,0.0000,4.000000,4.000000,5.000000,0.000000,0.000000,96.000000,96.000000,95.000000,100.000000,100.000000,5.0,62.8210,60.1535,420.4173,423.0848,PENDING_AG03,FALSE,NOT_FOR_ENFORCEMENT,463.9088,46319.4703,483.2383,463.9088,19.3295,0.00902045,0.00865963,19.3295,463.9088,0.00865963,19.3295,19.3295,24.1619,0.0000,0.0000,463.9088,0.00865963,62.8210,60.1535,420.4173,423.0848,0.00784779,0.00789758,0.00036082,9.3346,8.4088,0.0842,5.5545,0.2517,615.7635,65.9540,8.3255,9.6426,5.1431,5.1891,8.2617,16.7816,25.8881,44.2602,5.1891,0.0,4.9889,8.529385,1.798876,29,193,98,2,0.20855820,0.00902045,0.00297427,0E-8,0.000000,0.900656,0.000000,0.00763944,2026-03-21,2026-08-06,87,1920,882,139,0.625899,0.863400,0.891889,0.695194,,,,,,,,GLOBAL_BASELINE_NO_ENTITY_RANKING,,,NOT_APPLICABLE_GLOBAL_BASELINE,HF9g-P5,,,,X 全窗基线 · 不参与实体赏罚,8396510,840,A168_HF9F_20260827_0900,2026-08-27 09:00:00
2026-05-12,54653530,1485,0,49.0374137304,-38.4126407555,-38.4126407555,0.2500000,4,4,0.50329940000000000,0.503299400000,-1.013219660140378,-1.013219660140378,-1.013219660140378,0E-17,ELIGIBLE,R03b_20260811_FULL_v1,L1_ELIGIBILITY,v2026-08-11,2026-03-21..2026-08-06,baccarat_bet02_101_all_pairs_incl_sentinel,round_win = game_pnl > 0 (decisive only),COMPATIBILITY_ONLY_NOT_PRODUCTION,53571.4227,48249.4483,483.2383,5739,5738,-0.00902045,-0.00297427,-0.01061372,-0.00902045,-483.2383,53571.4227,OK,0.0000,19.3295,4.0000,96.0000,AG03-UNRESOLVED,ALL5_LEVELS_bet23_to_bet27,19.3295,19.3295,24.1619,0.0000,0.0000,4.000000,4.000000,5.000000,0.000000,0.000000,96.000000,96.000000,95.000000,100.000000,100.000000,5.0,62.8210,60.1535,420.4173,423.0848,PENDING_AG03,FALSE,NOT_FOR_ENFORCEMENT,463.9088,46319.4703,483.2383,463.9088,19.3295,0.00902045,0.00865963,19.3295,463.9088,0.00865963,19.3295,19.3295,24.1619,0.0000,0.0000,463.9088,0.00865963,62.8210,60.1535,420.4173,423.0848,0.00784779,0.00789758,0.00036082,9.3346,8.4088,0.0842,5.5545,0.2517,615.7635,65.9540,8.3255,9.6426,5.1431,5.1891,8.2617,16.7816,25.8881,44.2602,5.1891,0.0,4.9889,8.529385,1.798876,29,193,98,2,0.20855820,0.00902045,0.00297427,0E-8,0.000000,0.900656,0.000000,0.00763944,2026-03-21,2026-08-06,87,1920,882,139,0.625899,0.863400,0.891889,0.695194,,,,,,,,GLOBAL_BASELINE_NO_ENTITY_RANKING,,,NOT_APPLICABLE_GLOBAL_BASELINE,HF9g-P5,,,,X 全窗基线 · 不参与实体赏罚,8396511,840,A168_HF9F_20260827_0900,2026-08-27 09:00:00
2026-05-12,54653530,1505,0,39.1780395413,12.7004306989,12.7004306989,0.6000000,5,5,0.50396966000000000,0.503969660000,0.4294742719815242,0.4294742719815242,0.4294742719815242,0E-17,ELIGIBLE,R03b_20260811_FULL_v1,L1_ELIGIBILITY,v2026-08-11,2026-03-21..2026-08-06,baccarat_bet02_101_all_pairs_incl_sentinel,round_win = game_pnl > 0 (decisive only),COMPATIBILITY_ONLY_NOT_PRODUCTION,53571.4227,48249.4483,483.2383,5739,5738,-0.00902045,-0.00297427,-0.01061372,-0.00902045,-483.2383,53571.4227,OK,0.0000,19.3295,4.0000,96.0000,AG03-UNRESOLVED,ALL5_LEVELS_bet23_to_bet27,19.3295,19.3295,24.1619,0.0000,0.0000,4.000000,4.000000,5.000000,0.000000,0.000000,96.000000,96.000000,95.000000,100.000000,100.000000,5.0,62.8210,60.1535,420.4173,423.0848,PENDING_AG03,FALSE,NOT_FOR_ENFORCEMENT,463.9088,46319.4703,483.2383,463.9088,19.3295,0.00902045,0.00865963,19.3295,463.9088,0.00865963,19.3295,19.3295,24.1619,0.0000,0.0000,463.9088,0.00865963,62.8210,60.1535,420.4173,423.0848,0.00784779,0.00789758,0.00036082,9.3346,8.4088,0.0842,5.5545,0.2517,615.7635,65.9540,8.3255,9.6426,5.1431,5.1891,8.2617,16.7816,25.8881,44.2602,5.1891,0.0,4.9889,8.529385,1.798876,29,193,98,2,0.20855820,0.00902045,0.00297427,0E-8,0.000000,0.900656,0.000000,0.00763944,2026-03-21,2026-08-06,87,1920,882,139,0.625899,0.863400,0.891889,0.695194,,,,,,,,GLOBAL_BASELINE_NO_ENTITY_RANKING,,,NOT_APPLICABLE_GLOBAL_BASELINE,HF9g-P5,,,,X 全窗基线 · 不参与实体赏罚,8396512,840,A168_HF9F_20260827_0900,2026-08-27 09:00:00
2026-05-12,54653530,1710,0,18.1620050854,7.5242592497,7.5242592497,0.6666667,3,3,0.49771390000000000,0.497713900000,0.5852756695216578,0.5852756695216578,0.5852756695216578,0E-17,ELIGIBLE,R03b_20260811_FULL_v1,L1_ELIGIBILITY,v2026-08-11,2026-03-21..2026-08-06,baccarat_bet02_101_all_pairs_incl_sentinel,round_win = game_pnl > 0 (decisive only),COMPATIBILITY_ONLY_NOT_PRODUCTION,53571.4227,48249.4483,483.2383,5739,5738,-0.00902045,-0.00297427,-0.01061372,-0.00902045,-483.2383,53571.4227,OK,0.0000,19.3295,4.0000,96.0000,AG03-UNRESOLVED,ALL5_LEVELS_bet23_to_bet27,19.3295,19.3295,24.1619,0.0000,0.0000,4.000000,4.000000,5.000000,0.000000,0.000000,96.000000,96.000000,95.000000,100.000000,100.000000,5.0,62.8210,60.1535,420.4173,423.0848,PENDING_AG03,FALSE,NOT_FOR_ENFORCEMENT,463.9088,46319.4703,483.2383,463.9088,19.3295,0.00902045,0.00865963,19.3295,463.9088,0.00865963,19.3295,19.3295,24.1619,0.0000,0.0000,463.9088,0.00865963,62.8210,60.1535,420.4173,423.0848,0.00784779,0.00789758,0.00036082,9.3346,8.4088,0.0842,5.5545,0.2517,615.7635,65.9540,8.3255,9.6426,5.1431,5.1891,8.2617,16.7816,25.8881,44.2602,5.1891,0.0,4.9889,8.529385,1.798876,29,193,98,2,0.20855820,0.00902045,0.00297427,0E-8,0.000000,0.900656,0.000000,0.00763944,2026-03-21,2026-08-06,87,1920,882,139,0.625899,0.863400,0.891889,0.695194,,,,,,,,GLOBAL_BASELINE_NO_ENTITY_RANKING,,,NOT_APPLICABLE_GLOBAL_BASELINE,HF9g-P5,,,,X 全窗基线 · 不参与实体赏罚,8396513,840,A168_HF9F_20260827_0900,2026-08-27 09:00:00
2026-05-12,54653530,1947,0,10.3782886202,9.8593741892,9.8593741892,1.0000000,1,1,0.50665070000000000,0.506650700000,0.9867858985152569,0.9867858985152569,0.9867858985152569,0E-17,ELIGIBLE,R03b_20260811_FULL_v1,L1_ELIGIBILITY,v2026-08-11,2026-03-21..2026-08-06,baccarat_bet02_101_all_pairs_incl_sentinel,round_win = game_pnl > 0 (decisive only),COMPATIBILITY_ONLY_NOT_PRODUCTION,53571.4227,48249.4483,483.2383,5739,5738,-0.00902045,-0.00297427,-0.01061372,-0.00902045,-483.2383,53571.4227,OK,0.0000,19.3295,4.0000,96.0000,AG03-UNRESOLVED,ALL5_LEVELS_bet23_to_bet27,19.3295,19.3295,24.1619,0.0000,0.0000,4.000000,4.000000,5.000000,0.000000,0.000000,96.000000,96.000000,95.000000,100.000000,100.000000,5.0,62.8210,60.1535,420.4173,423.0848,PENDING_AG03,FALSE,NOT_FOR_ENFORCEMENT,463.9088,46319.4703,483.2383,463.9088,19.3295,0.00902045,0.00865963,19.3295,463.9088,0.00865963,19.3295,19.3295,24.1619,0.0000,0.0000,463.9088,0.00865963,62.8210,60.1535,420.4173,423.0848,0.00784779,0.00789758,0.00036082,9.3346,8.4088,0.0842,5.5545,0.2517,615.7635,65.9540,8.3255,9.6426,5.1431,5.1891,8.2617,16.7816,25.8881,44.2602,5.1891,0.0,4.9889,8.529385,1.798876,29,193,98,2,0.20855820,0.00902045,0.00297427,0E-8,0.000000,0.900656,0.000000,0.00763944,2026-03-21,2026-08-06,87,1920,882,139,0.625899,0.863400,0.891889,0.695194,,,,,,,,GLOBAL_BASELINE_NO_ENTITY_RANKING,,,NOT_APPLICABLE_GLOBAL_BASELINE,HF9g-P5,,,,X 全窗基线 · 不参与实体赏罚,8396514,840,A168_HF9F_20260827_0900,2026-08-27 09:00:00
2026-05-12,54653530,1990,0,6.4864303876,0E-10,0E-10,,1,1,0.50665070000000000,0.506650700000,,,,0E-17,NO_DECISIVE_ROUND,R03b_20260811_FULL_v1,L1_ELIGIBILITY,v2026-08-11,2026-03-21..2026-08-06,baccarat_bet02_101_all_pairs_incl_sentinel,round_win = game_pnl > 0 (decisive only),COMPATIBILITY_ONLY_NOT_PRODUCTION,53571.4227,48249.4483,483.2383,5739,5738,-0.00902045,-0.00297427,-0.01061372,-0.00902045,-483.2383,53571.4227,OK,0.0000,19.3295,4.0000,96.0000,AG03-UNRESOLVED,ALL5_LEVELS_bet23_to_bet27,19.3295,19.3295,24.1619,0.0000,0.0000,4.000000,4.000000,5.000000,0.000000,0.000000,96.000000,96.000000,95.000000,100.000000,100.000000,5.0,62.8210,60.1535,420.4173,423.0848,PENDING_AG03,FALSE,NOT_FOR_ENFORCEMENT,463.9088,46319.4703,483.2383,463.9088,19.3295,0.00902045,0.00865963,19.3295,463.9088,0.00865963,19.3295,19.3295,24.1619,0.0000,0.0000,463.9088,0.00865963,62.8210,60.1535,420.4173,423.0848,0.00784779,0.00789758,0.00036082,9.3346,8.4088,0.0842,5.5545,0.2517,615.7635,65.9540,8.3255,9.6426,5.1431,5.1891,8.2617,16.7816,25.8881,44.2602,5.1891,0.0,4.9889,8.529385,1.798876,29,193,98,2,0.20855820,0.00902045,0.00297427,0E-8,0.000000,0.900656,0.000000,0.00763944,2026-03-21,2026-08-06,87,1920,882,139,0.625899,0.863400,0.891889,0.695194,,,,,,,,GLOBAL_BASELINE_NO_ENTITY_RANKING,,,NOT_APPLICABLE_GLOBAL_BASELINE,HF9g-P5,,,,X 全窗基线 · 不参与实体赏罚,8396515,840,A168_HF9F_20260827_0900,2026-08-27 09:00:00
2026-05-12,54653530,2106,0,49.5563281615,36.9596803487,36.9596803487,0.8888889,9,9,0.50665070000000000,0.506650700000,2.293632045304818,2.293632045304818,2.293632045304818,0E-17,ELIGIBLE,R03b_20260811_FULL_v1,L1_ELIGIBILITY,v2026-08-11,2026-03-21..2026-08-06,baccarat_bet02_101_all_pairs_incl_sentinel,round_win = game_pnl > 0 (decisive only),COMPATIBILITY_ONLY_NOT_PRODUCTION,53571.4227,48249.4483,483.2383,5739,5738,-0.00902045,-0.00297427,-0.01061372,-0.00902045,-483.2383,53571.4227,OK,0.0000,19.3295,4.0000,96.0000,AG03-UNRESOLVED,ALL5_LEVELS_bet23_to_bet27,19.3295,19.3295,24.1619,0.0000,0.0000,4.000000,4.000000,5.000000,0.000000,0.000000,96.000000,96.000000,95.000000,100.000000,100.000000,5.0,62.8210,60.1535,420.4173,423.0848,PENDING_AG03,FALSE,NOT_FOR_ENFORCEMENT,463.9088,46319.4703,483.2383,463.9088,19.3295,0.00902045,0.00865963,19.3295,463.9088,0.00865963,19.3295,19.3295,24.1619,0.0000,0.0000,463.9088,0.00865963,62.8210,60.1535,420.4173,423.0848,0.00784779,0.00789758,0.00036082,9.3346,8.4088,0.0842,5.5545,0.2517,615.7635,65.9540,8.3255,9.6426,5.1431,5.1891,8.2617,16.7816,25.8881,44.2602,5.1891,0.0,4.9889,8.529385,1.798876,29,193,98,2,0.20855820,0.00902045,0.00297427,0E-8,0.000000,0.900656,0.000000,0.00763944,2026-03-21,2026-08-06,87,1920,882,139,0.625899,0.863400,0.891889,0.695194,,,,,,,,GLOBAL_BASELINE_NO_ENTITY_RANKING,,,NOT_APPLICABLE_GLOBAL_BASELINE,HF9g-P5,,,,X 全窗基线 · 不参与实体赏罚,8396516,840,A168_HF9F_20260827_0900,2026-08-27 09:00:00
2026-05-12,54653530,2121,0,45.9239271444,10.7415287220,10.7415287220,0.5000000,4,4,0.50329940000000000,0.503299400000,-0.01319788734859681,-0.01319788734859681,-0.01319788734859681,0E-17,ELIGIBLE,R03b_20260811_FULL_v1,L1_ELIGIBILITY,v2026-08-11,2026-03-21..2026-08-06,baccarat_bet02_101_all_pairs_incl_sentinel,round_win = game_pnl > 0 (decisive only),COMPATIBILITY_ONLY_NOT_PRODUCTION,53571.4227,48249.4483,483.2383,5739,5738,-0.00902045,-0.00297427,-0.01061372,-0.00902045,-483.2383,53571.4227,OK,0.0000,19.3295,4.0000,96.0000,AG03-UNRESOLVED,ALL5_LEVELS_bet23_to_bet27,19.3295,19.3295,24.1619,0.0000,0.0000,4.000000,4.000000,5.000000,0.000000,0.000000,96.000000,96.000000,95.000000,100.000000,100.000000,5.0,62.8210,60.1535,420.4173,423.0848,PENDING_AG03,FALSE,NOT_FOR_ENFORCEMENT,463.9088,46319.4703,483.2383,463.9088,19.3295,0.00902045,0.00865963,19.3295,463.9088,0.00865963,19.3295,19.3295,24.1619,0.0000,0.0000,463.9088,0.00865963,62.8210,60.1535,420.4173,423.0848,0.00784779,0.00789758,0.00036082,9.3346,8.4088,0.0842,5.5545,0.2517,615.7635,65.9540,8.3255,9.6426,5.1431,5.1891,8.2617,16.7816,25.8881,44.2602,5.1891,0.0,4.9889,8.529385,1.798876,29,193,98,2,0.20855820,0.00902045,0.00297427,0E-8,0.000000,0.900656,0.000000,0.00763944,2026-03-21,2026-08-06,87,1920,882,139,0.625899,0.863400,0.891889,0.695194,,,,,,,,GLOBAL_BASELINE_NO_ENTITY_RANKING,,,NOT_APPLICABLE_GLOBAL_BASELINE,HF9g-P5,,,,X 全窗基线 · 不参与实体赏罚,8396517,840,A168_HF9F_20260827_0900,2026-08-27 09:00:00
2026-05-12,54653530,2123,0,5.1891443101,4.9296870946,4.9296870946,1.0000000,1,1,0.50665070000000000,0.506650700000,0.9867858985152569,0.9867858985152569,0.9867858985152569,0E-17,ELIGIBLE,R03b_20260811_FULL_v1,L1_ELIGIBILITY,v2026-08-11,2026-03-21..2026-08-06,baccarat_bet02_101_all_pairs_incl_sentinel,round_win = game_pnl > 0 (decisive only),COMPATIBILITY_ONLY_NOT_PRODUCTION,53571.4227,48249.4483,483.2383,5739,5738,-0.00902045,-0.00297427,-0.01061372,-0.00902045,-483.2383,53571.4227,OK,0.0000,19.3295,4.0000,96.0000,AG03-UNRESOLVED,ALL5_LEVELS_bet23_to_bet27,19.3295,19.3295,24.1619,0.0000,0.0000,4.000000,4.000000,5.000000,0.000000,0.000000,96.000000,96.000000,95.000000,100.000000,100.000000,5.0,62.8210,60.1535,420.4173,423.0848,PENDING_AG03,FALSE,NOT_FOR_ENFORCEMENT,463.9088,46319.4703,483.2383,463.9088,19.3295,0.00902045,0.00865963,19.3295,463.9088,0.00865963,19.3295,19.3295,24.1619,0.0000,0.0000,463.9088,0.00865963,62.8210,60.1535,420.4173,423.0848,0.00784779,0.00789758,0.00036082,9.3346,8.4088,0.0842,5.5545,0.2517,615.7635,65.9540,8.3255,9.6426,5.1431,5.1891,8.2617,16.7816,25.8881,44.2602,5.1891,0.0,4.9889,8.529385,1.798876,29,193,98,2,0.20855820,0.00902045,0.00297427,0E-8,0.000000,0.900656,0.000000,0.00763944,2026-03-21,2026-08-06,87,1920,882,139,0.625899,0.863400,0.891889,0.695194,,,,,,,,GLOBAL_BASELINE_NO_ENTITY_RANKING,,,NOT_APPLICABLE_GLOBAL_BASELINE,HF9g-P5,,,,X 全窗基线 · 不参与实体赏罚,8396518,840,A168_HF9F_20260827_0900,2026-08-27 09:00:00
2026-05-12,54653530,2160,0,10.6377458357,10.1058585439,10.1058585439,1.0000000,2,2,0.50665070000000000,0.506650700000,1.3955260008387969,1.3955260008387969,1.3955260008387969,0E-17,ELIGIBLE,R03b_20260811_FULL_v1,L1_ELIGIBILITY,v2026-08-11,2026-03-21..2026-08-06,baccarat_bet02_101_all_pairs_incl_sentinel,round_win = game_pnl > 0 (decisive only),COMPATIBILITY_ONLY_NOT_PRODUCTION,53571.4227,48249.4483,483.2383,5739,5738,-0.00902045,-0.00297427,-0.01061372,-0.00902045,-483.2383,53571.4227,OK,0.0000,19.3295,4.0000,96.0000,AG03-UNRESOLVED,ALL5_LEVELS_bet23_to_bet27,19.3295,19.3295,24.1619,0.0000,0.0000,4.000000,4.000000,5.000000,0.000000,0.000000,96.000000,96.000000,95.000000,100.000000,100.000000,5.0,62.8210,60.1535,420.4173,423.0848,PENDING_AG03,FALSE,NOT_FOR_ENFORCEMENT,463.9088,46319.4703,483.2383,463.9088,19.3295,0.00902045,0.00865963,19.3295,463.9088,0.00865963,19.3295,19.3295,24.1619,0.0000,0.0000,463.9088,0.00865963,62.8210,60.1535,420.4173,423.0848,0.00784779,0.00789758,0.00036082,9.3346,8.4088,0.0842,5.5545,0.2517,615.7635,65.9540,8.3255,9.6426,5.1431,5.1891,8.2617,16.7816,25.8881,44.2602,5.1891,0.0,4.9889,8.529385,1.798876,29,193,98,2,0.20855820,0.00902045,0.00297427,0E-8,0.000000,0.900656,0.000000,0.00763944,2026-03-21,2026-08-06,87,1920,882,139,0.625899,0.863400,0.891889,0.695194,,,,,,,,GLOBAL_BASELINE_NO_ENTITY_RANKING,,,NOT_APPLICABLE_GLOBAL_BASELINE,HF9g-P5,,,,X 全窗基线 · 不参与实体赏罚,8396519,840,A168_HF9F_20260827_0900,2026-08-27 09:00:00
2026-05-12,54653530,2223,0,31.1348658606,19.4592911629,19.4592911629,0.8000000,5,5,0.50665070000000000,0.506650700000,1.3120140225494112,1.3120140225494112,1.3120140225494112,0E-17,ELIGIBLE,R03b_20260811_FULL_v1,L1_ELIGIBILITY,v2026-08-11,2026-03-21..2026-08-06,baccarat_bet02_101_all_pairs_incl_sentinel,round_win = game_pnl > 0 (decisive only),COMPATIBILITY_ONLY_NOT_PRODUCTION,53571.4227,48249.4483,483.2383,5739,5738,-0.00902045,-0.00297427,-0.01061372,-0.00902045,-483.2383,53571.4227,OK,0.0000,19.3295,4.0000,96.0000,AG03-UNRESOLVED,ALL5_LEVELS_bet23_to_bet27,19.3295,19.3295,24.1619,0.0000,0.0000,4.000000,4.000000,5.000000,0.000000,0.000000,96.000000,96.000000,95.000000,100.000000,100.000000,5.0,62.8210,60.1535,420.4173,423.0848,PENDING_AG03,FALSE,NOT_FOR_ENFORCEMENT,463.9088,46319.4703,483.2383,463.9088,19.3295,0.00902045,0.00865963,19.3295,463.9088,0.00865963,19.3295,19.3295,24.1619,0.0000,0.0000,463.9088,0.00865963,62.8210,60.1535,420.4173,423.0848,0.00784779,0.00789758,0.00036082,9.3346,8.4088,0.0842,5.5545,0.2517,615.7635,65.9540,8.3255,9.6426,5.1431,5.1891,8.2617,16.7816,25.8881,44.2602,5.1891,0.0,4.9889,8.529385,1.798876,29,193,98,2,0.20855820,0.00902045,0.00297427,0E-8,0.000000,0.900656,0.000000,0.00763944,2026-03-21,2026-08-06,87,1920,882,139,0.625899,0.863400,0.891889,0.695194,,,,,,,,GLOBAL_BASELINE_NO_ENTITY_RANKING,,,NOT_APPLICABLE_GLOBAL_BASELINE,HF9g-P5,,,,X 全窗基线 · 不参与实体赏罚,8396520,840,A168_HF9F_20260827_0900,2026-08-27 09:00:00
2026-05-12,54653530,2224,0,5.4486015256,5.1761714493,5.1761714493,1.0000000,1,1,0.50665070000000000,0.506650700000,0.9867858985152569,0.9867858985152569,0.9867858985152569,0E-17,ELIGIBLE,R03b_20260811_FULL_v1,L1_ELIGIBILITY,v2026-08-11,2026-03-21..2026-08-06,baccarat_bet02_101_all_pairs_incl_sentinel,round_win = game_pnl > 0 (decisive only),COMPATIBILITY_ONLY_NOT_PRODUCTION,53571.4227,48249.4483,483.2383,5739,5738,-0.00902045,-0.00297427,-0.01061372,-0.00902045,-483.2383,53571.4227,OK,0.0000,19.3295,4.0000,96.0000,AG03-UNRESOLVED,ALL5_LEVELS_bet23_to_bet27,19.3295,19.3295,24.1619,0.0000,0.0000,4.000000,4.000000,5.000000,0.000000,0.000000,96.000000,96.000000,95.000000,100.000000,100.000000,5.0,62.8210,60.1535,420.4173,423.0848,PENDING_AG03,FALSE,NOT_FOR_ENFORCEMENT,463.9088,46319.4703,483.2383,463.9088,19.3295,0.00902045,0.00865963,19.3295,463.9088,0.00865963,19.3295,19.3295,24.1619,0.0000,0.0000,463.9088,0.00865963,62.8210,60.1535,420.4173,423.0848,0.00784779,0.00789758,0.00036082,9.3346,8.4088,0.0842,5.5545,0.2517,615.7635,65.9540,8.3255,9.6426,5.1431,5.1891,8.2617,16.7816,25.8881,44.2602,5.1891,0.0,4.9889,8.529385,1.798876,29,193,98,2,0.20855820,0.00902045,0.00297427,0E-8,0.000000,0.900656,0.000000,0.00763944,2026-03-21,2026-08-06,87,1920,882,139,0.625899,0.863400,0.891889,0.695194,,,,,,,,GLOBAL_BASELINE_NO_ENTITY_RANKING,,,NOT_APPLICABLE_GLOBAL_BASELINE,HF9g-P5,,,,X 全窗基线 · 不参与实体赏罚,8396521,840,A168_HF9F_20260827_0900,2026-08-27 09:00:00
2026-05-12,54653530,2233,0,31.1348658606,8.3674952000,8.3674952000,0.6666667,5,5,0.50665070000000000,0.506650700000,0.5543606114942035,0.5543606114942035,0.5543606114942035,0E-17,ELIGIBLE,R03b_20260811_FULL_v1,L1_ELIGIBILITY,v2026-08-11,2026-03-21..2026-08-06,baccarat_bet02_101_all_pairs_incl_sentinel,round_win = game_pnl > 0 (decisive only),COMPATIBILITY_ONLY_NOT_PRODUCTION,53571.4227,48249.4483,483.2383,5739,5738,-0.00902045,-0.00297427,-0.01061372,-0.00902045,-483.2383,53571.4227,OK,0.0000,19.3295,4.0000,96.0000,AG03-UNRESOLVED,ALL5_LEVELS_bet23_to_bet27,19.3295,19.3295,24.1619,0.0000,0.0000,4.000000,4.000000,5.000000,0.000000,0.000000,96.000000,96.000000,95.000000,100.000000,100.000000,5.0,62.8210,60.1535,420.4173,423.0848,PENDING_AG03,FALSE,NOT_FOR_ENFORCEMENT,463.9088,46319.4703,483.2383,463.9088,19.3295,0.00902045,0.00865963,19.3295,463.9088,0.00865963,19.3295,19.3295,24.1619,0.0000,0.0000,463.9088,0.00865963,62.8210,60.1535,420.4173,423.0848,0.00784779,0.00789758,0.00036082,9.3346,8.4088,0.0842,5.5545,0.2517,615.7635,65.9540,8.3255,9.6426,5.1431,5.1891,8.2617,16.7816,25.8881,44.2602,5.1891,0.0,4.9889,8.529385,1.798876,29,193,98,2,0.20855820,0.00902045,0.00297427,0E-8,0.000000,0.900656,0.000000,0.00763944,2026-03-21,2026-08-06,87,1920,882,139,0.625899,0.863400,0.891889,0.695194,,,,,,,,GLOBAL_BASELINE_NO_ENTITY_RANKING,,,NOT_APPLICABLE_GLOBAL_BASELINE,HF9g-P5,,,,X 全窗基线 · 不参与实体赏罚,8396522,840,A168_HF9F_20260827_0900,2026-08-27 09:00:00
2026-05-12,54653530,2250,0,10.3782886202,0E-10,0E-10,,2,2,0.50665070000000000,0.506650700000,,,,0E-17,NO_DECISIVE_ROUND,R03b_20260811_FULL_v1,L1_ELIGIBILITY,v2026-08-11,2026-03-21..2026-08-06,baccarat_bet02_101_all_pairs_incl_sentinel,round_win = game_pnl > 0 (decisive only),COMPATIBILITY_ONLY_NOT_PRODUCTION,53571.4227,48249.4483,483.2383,5739,5738,-0.00902045,-0.00297427,-0.01061372,-0.00902045,-483.2383,53571.4227,OK,0.0000,19.3295,4.0000,96.0000,AG03-UNRESOLVED,ALL5_LEVELS_bet23_to_bet27,19.3295,19.3295,24.1619,0.0000,0.0000,4.000000,4.000000,5.000000,0.000000,0.000000,96.000000,96.000000,95.000000,100.000000,100.000000,5.0,62.8210,60.1535,420.4173,423.0848,PENDING_AG03,FALSE,NOT_FOR_ENFORCEMENT,463.9088,46319.4703,483.2383,463.9088,19.3295,0.00902045,0.00865963,19.3295,463.9088,0.00865963,19.3295,19.3295,24.1619,0.0000,0.0000,463.9088,0.00865963,62.8210,60.1535,420.4173,423.0848,0.00784779,0.00789758,0.00036082,9.3346,8.4088,0.0842,5.5545,0.2517,615.7635,65.9540,8.3255,9.6426,5.1431,5.1891,8.2617,16.7816,25.8881,44.2602,5.1891,0.0,4.9889,8.529385,1.798876,29,193,98,2,0.20855820,0.00902045,0.00297427,0E-8,0.000000,0.900656,0.000000,0.00763944,2026-03-21,2026-08-06,87,1920,882,139,0.625899,0.863400,0.891889,0.695194,,,,,,,,GLOBAL_BASELINE_NO_ENTITY_RANKING,,,NOT_APPLICABLE_GLOBAL_BASELINE,HF9g-P5,,,,X 全窗基线 · 不参与实体赏罚,8396523,840,A168_HF9F_20260827_0900,2026-08-27 09:00:00
2026-05-12,54653530,2256,0,26.9835504125,5.1631985886,5.1631985886,0.5000000,3,3,0.50665070000000000,0.506650700000,-0.018812684590367487,-0.018812684590367487,-0.018812684590367487,0E-17,ELIGIBLE,R03b_20260811_FULL_v1,L1_ELIGIBILITY,v2026-08-11,2026-03-21..2026-08-06,baccarat_bet02_101_all_pairs_incl_sentinel,round_win = game_pnl > 0 (decisive only),COMPATIBILITY_ONLY_NOT_PRODUCTION,53571.4227,48249.4483,483.2383,5739,5738,-0.00902045,-0.00297427,-0.01061372,-0.00902045,-483.2383,53571.4227,OK,0.0000,19.3295,4.0000,96.0000,AG03-UNRESOLVED,ALL5_LEVELS_bet23_to_bet27,19.3295,19.3295,24.1619,0.0000,0.0000,4.000000,4.000000,5.000000,0.000000,0.000000,96.000000,96.000000,95.000000,100.000000,100.000000,5.0,62.8210,60.1535,420.4173,423.0848,PENDING_AG03,FALSE,NOT_FOR_ENFORCEMENT,463.9088,46319.4703,483.2383,463.9088,19.3295,0.00902045,0.00865963,19.3295,463.9088,0.00865963,19.3295,19.3295,24.1619,0.0000,0.0000,463.9088,0.00865963,62.8210,60.1535,420.4173,423.0848,0.00784779,0.00789758,0.00036082,9.3346,8.4088,0.0842,5.5545,0.2517,615.7635,65.9540,8.3255,9.6426,5.1431,5.1891,8.2617,16.7816,25.8881,44.2602,5.1891,0.0,4.9889,8.529385,1.798876,29,193,98,2,0.20855820,0.00902045,0.00297427,0E-8,0.000000,0.900656,0.000000,0.00763944,2026-03-21,2026-08-06,87,1920,882,139,0.625899,0.863400,0.891889,0.695194,,,,,,,,GLOBAL_BASELINE_NO_ENTITY_RANKING,,,NOT_APPLICABLE_GLOBAL_BASELINE,HF9g-P5,,,,X 全窗基线 · 不参与实体赏罚,8396524,840,A168_HF9F_20260827_0900,2026-08-27 09:00:00
2026-05-12,54653530,462,0,45.6644699289,-35.5456385242,-35.5456385242,0.2500000,4,4,0.50665070000000000,0.506650700000,-1.0266936290537745,-1.0266936290537745,-1.0266936290537745,0E-17,ELIGIBLE,R03b_20260811_FULL_v1,L1_ELIGIBILITY,v2026-08-11,2026-03-21..2026-08-06,baccarat_bet02_101_all_pairs_incl_sentinel,round_win = game_pnl > 0 (decisive only),COMPATIBILITY_ONLY_NOT_PRODUCTION,53571.4227,48249.4483,483.2383,5739,5738,-0.00902045,-0.00297427,-0.01061372,-0.00902045,-483.2383,53571.4227,OK,0.0000,19.3295,4.0000,96.0000,AG03-UNRESOLVED,ALL5_LEVELS_bet23_to_bet27,19.3295,19.3295,24.1619,0.0000,0.0000,4.000000,4.000000,5.000000,0.000000,0.000000,96.000000,96.000000,95.000000,100.000000,100.000000,5.0,62.8210,60.1535,420.4173,423.0848,PENDING_AG03,FALSE,NOT_FOR_ENFORCEMENT,463.9088,46319.4703,483.2383,463.9088,19.3295,0.00902045,0.00865963,19.3295,463.9088,0.00865963,19.3295,19.3295,24.1619,0.0000,0.0000,463.9088,0.00865963,62.8210,60.1535,420.4173,423.0848,0.00784779,0.00789758,0.00036082,9.3346,8.4088,0.0842,5.5545,0.2517,615.7635,65.9540,8.3255,9.6426,5.1431,5.1891,8.2617,16.7816,25.8881,44.2602,5.1891,0.0,4.9889,8.529385,1.798876,29,193,98,2,0.20855820,0.00902045,0.00297427,0E-8,0.000000,0.900656,0.000000,0.00763944,2026-03-21,2026-08-06,87,1920,882,139,0.625899,0.863400,0.891889,0.695194,,,,,,,,GLOBAL_BASELINE_NO_ENTITY_RANKING,,,NOT_APPLICABLE_GLOBAL_BASELINE,HF9g-P5,,,,X 全窗基线 · 不参与实体赏罚,8396525,840,A168_HF9F_20260827_0900,2026-08-27 09:00:00
2026-05-12,54653530,919,0,5.4486015256,5.1761714493,5.1761714493,1.0000000,1,1,0.50665070000000000,0.506650700000,0.9867858985152569,0.9867858985152569,0.9867858985152569,0E-17,ELIGIBLE,R03b_20260811_FULL_v1,L1_ELIGIBILITY,v2026-08-11,2026-03-21..2026-08-06,baccarat_bet02_101_all_pairs_incl_sentinel,round_win = game_pnl > 0 (decisive only),COMPATIBILITY_ONLY_NOT_PRODUCTION,53571.4227,48249.4483,483.2383,5739,5738,-0.00902045,-0.00297427,-0.01061372,-0.00902045,-483.2383,53571.4227,OK,0.0000,19.3295,4.0000,96.0000,AG03-UNRESOLVED,ALL5_LEVELS_bet23_to_bet27,19.3295,19.3295,24.1619,0.0000,0.0000,4.000000,4.000000,5.000000,0.000000,0.000000,96.000000,96.000000,95.000000,100.000000,100.000000,5.0,62.8210,60.1535,420.4173,423.0848,PENDING_AG03,FALSE,NOT_FOR_ENFORCEMENT,463.9088,46319.4703,483.2383,463.9088,19.3295,0.00902045,0.00865963,19.3295,463.9088,0.00865963,19.3295,19.3295,24.1619,0.0000,0.0000,463.9088,0.00865963,62.8210,60.1535,420.4173,423.0848,0.00784779,0.00789758,0.00036082,9.3346,8.4088,0.0842,5.5545,0.2517,615.7635,65.9540,8.3255,9.6426,5.1431,5.1891,8.2617,16.7816,25.8881,44.2602,5.1891,0.0,4.9889,8.529385,1.798876,29,193,98,2,0.20855820,0.00902045,0.00297427,0E-8,0.000000,0.900656,0.000000,0.00763944,2026-03-21,2026-08-06,87,1920,882,139,0.625899,0.863400,0.891889,0.695194,,,,,,,,GLOBAL_BASELINE_NO_ENTITY_RANKING,,,NOT_APPLICABLE_GLOBAL_BASELINE,HF9g-P5,,,,X 全窗基线 · 不参与实体赏罚,8396526,840,A168_HF9F_20260827_0900,2026-08-27 09:00:00
2026-05-12,54653530,987,0,13.2323179908,2.4518706865,2.4518706865,0.5000000,2,2,0.50665070000000000,0.506650700000,-0.018812684590367487,-0.018812684590367487,-0.018812684590367487,0E-17,ELIGIBLE,R03b_20260811_FULL_v1,L1_ELIGIBILITY,v2026-08-11,2026-03-21..2026-08-06,baccarat_bet02_101_all_pairs_incl_sentinel,round_win = game_pnl > 0 (decisive only),COMPATIBILITY_ONLY_NOT_PRODUCTION,53571.4227,48249.4483,483.2383,5739,5738,-0.00902045,-0.00297427,-0.01061372,-0.00902045,-483.2383,53571.4227,OK,0.0000,19.3295,4.0000,96.0000,AG03-UNRESOLVED,ALL5_LEVELS_bet23_to_bet27,19.3295,19.3295,24.1619,0.0000,0.0000,4.000000,4.000000,5.000000,0.000000,0.000000,96.000000,96.000000,95.000000,100.000000,100.000000,5.0,62.8210,60.1535,420.4173,423.0848,PENDING_AG03,FALSE,NOT_FOR_ENFORCEMENT,463.9088,46319.4703,483.2383,463.9088,19.3295,0.00902045,0.00865963,19.3295,463.9088,0.00865963,19.3295,19.3295,24.1619,0.0000,0.0000,463.9088,0.00865963,62.8210,60.1535,420.4173,423.0848,0.00784779,0.00789758,0.00036082,9.3346,8.4088,0.0842,5.5545,0.2517,615.7635,65.9540,8.3255,9.6426,5.1431,5.1891,8.2617,16.7816,25.8881,44.2602,5.1891,0.0,4.9889,8.529385,1.798876,29,193,98,2,0.20855820,0.00902045,0.00297427,0E-8,0.000000,0.900656,0.000000,0.00763944,2026-03-21,2026-08-06,87,1920,882,139,0.625899,0.863400,0.891889,0.695194,,,,,,,,GLOBAL_BASELINE_NO_ENTITY_RANKING,,,NOT_APPLICABLE_GLOBAL_BASELINE,HF9g-P5,,,,X 全窗基线 · 不参与实体赏罚,8396527,840,A168_HF9F_20260827_0900,2026-08-27 09:00:00
2026-05-13,54653530,-1,1,114.9395464687,-10.5080172281,-10.5080172281,0.4000000,13,13,0.50665070000000000,0.506650700000,-0.6745779303487851,-0.6745779303487851,-0.6745779303487851,0E-17,SENTINEL_DEALER,R03b_20260811_FULL_v1,L1_ELIGIBILITY,v2026-08-11,2026-03-21..2026-08-06,baccarat_bet02_101_all_pairs_incl_sentinel,round_win = game_pnl > 0 (decisive only),COMPATIBILITY_ONLY_NOT_PRODUCTION,53571.4227,48249.4483,483.2383,5739,5738,-0.00902045,-0.00297427,-0.01061372,-0.00902045,-483.2383,53571.4227,OK,0.0000,19.3295,4.0000,96.0000,AG03-UNRESOLVED,ALL5_LEVELS_bet23_to_bet27,19.3295,19.3295,24.1619,0.0000,0.0000,4.000000,4.000000,5.000000,0.000000,0.000000,96.000000,96.000000,95.000000,100.000000,100.000000,5.0,62.8210,60.1535,420.4173,423.0848,PENDING_AG03,FALSE,NOT_FOR_ENFORCEMENT,463.9088,46319.4703,483.2383,463.9088,19.3295,0.00902045,0.00865963,19.3295,463.9088,0.00865963,19.3295,19.3295,24.1619,0.0000,0.0000,463.9088,0.00865963,62.8210,60.1535,420.4173,423.0848,0.00784779,0.00789758,0.00036082,9.3346,8.4088,0.0842,5.5545,0.2517,615.7635,65.9540,8.3255,9.6426,5.1431,5.1891,8.2617,16.7816,25.8881,44.2602,5.1891,0.0,4.9889,8.529385,1.798876,29,193,98,2,0.20855820,0.00902045,0.00297427,0E-8,0.000000,0.900656,0.000000,0.00763944,2026-03-21,2026-08-06,87,1920,882,139,0.625899,0.863400,0.891889,0.695194,,,,,,,,GLOBAL_BASELINE_NO_ENTITY_RANKING,,,NOT_APPLICABLE_GLOBAL_BASELINE,HF9g-P5,,,,X 全窗基线 · 不参与实体赏罚,8396528,840,A168_HF9F_20260827_0900,2026-08-27 09:00:00
2026-05-13,54653530,1004,0,13.2323179908,-13.2323179908,-13.2323179908,0E-7,2,2,0.50665070000000000,0.506650700000,-1.4331513700195317,-1.4331513700195317,-1.4331513700195317,0E-17,ELIGIBLE,R03b_20260811_FULL_v1,L1_ELIGIBILITY,v2026-08-11,2026-03-21..2026-08-06,baccarat_bet02_101_all_pairs_incl_sentinel,round_win = game_pnl > 0 (decisive only),COMPATIBILITY_ONLY_NOT_PRODUCTION,53571.4227,48249.4483,483.2383,5739,5738,-0.00902045,-0.00297427,-0.01061372,-0.00902045,-483.2383,53571.4227,OK,0.0000,19.3295,4.0000,96.0000,AG03-UNRESOLVED,ALL5_LEVELS_bet23_to_bet27,19.3295,19.3295,24.1619,0.0000,0.0000,4.000000,4.000000,5.000000,0.000000,0.000000,96.000000,96.000000,95.000000,100.000000,100.000000,5.0,62.8210,60.1535,420.4173,423.0848,PENDING_AG03,FALSE,NOT_FOR_ENFORCEMENT,463.9088,46319.4703,483.2383,463.9088,19.3295,0.00902045,0.00865963,19.3295,463.9088,0.00865963,19.3295,19.3295,24.1619,0.0000,0.0000,463.9088,0.00865963,62.8210,60.1535,420.4173,423.0848,0.00784779,0.00789758,0.00036082,9.3346,8.4088,0.0842,5.5545,0.2517,615.7635,65.9540,8.3255,9.6426,5.1431,5.1891,8.2617,16.7816,25.8881,44.2602,5.1891,0.0,4.9889,8.529385,1.798876,29,193,98,2,0.20855820,0.00902045,0.00297427,0E-8,0.000000,0.900656,0.000000,0.00763944,2026-03-21,2026-08-06,87,1920,882,139,0.625899,0.863400,0.891889,0.695194,,,,,,,,GLOBAL_BASELINE_NO_ENTITY_RANKING,,,NOT_APPLICABLE_GLOBAL_BASELINE,HF9g-P5,,,,X 全窗基线 · 不参与实体赏罚,8396529,840,A168_HF9F_20260827_0900,2026-08-27 09:00:00
2026-05-13,54653530,1221,0,47.9995848685,-32.3153961912,-32.3153961912,0.2000000,5,5,0.50665070000000000,0.506650700000,-1.3715049547573244,-1.3715049547573244,-1.3715049547573244,0E-17,ELIGIBLE,R03b_20260811_FULL_v1,L1_ELIGIBILITY,v2026-08-11,2026-03-21..2026-08-06,baccarat_bet02_101_all_pairs_incl_sentinel,round_win = game_pnl > 0 (decisive only),COMPATIBILITY_ONLY_NOT_PRODUCTION,53571.4227,48249.4483,483.2383,5739,5738,-0.00902045,-0.00297427,-0.01061372,-0.00902045,-483.2383,53571.4227,OK,0.0000,19.3295,4.0000,96.0000,AG03-UNRESOLVED,ALL5_LEVELS_bet23_to_bet27,19.3295,19.3295,24.1619,0.0000,0.0000,4.000000,4.000000,5.000000,0.000000,0.000000,96.000000,96.000000,95.000000,100.000000,100.000000,5.0,62.8210,60.1535,420.4173,423.0848,PENDING_AG03,FALSE,NOT_FOR_ENFORCEMENT,463.9088,46319.4703,483.2383,463.9088,19.3295,0.00902045,0.00865963,19.3295,463.9088,0.00865963,19.3295,19.3295,24.1619,0.0000,0.0000,463.9088,0.00865963,62.8210,60.1535,420.4173,423.0848,0.00784779,0.00789758,0.00036082,9.3346,8.4088,0.0842,5.5545,0.2517,615.7635,65.9540,8.3255,9.6426,5.1431,5.1891,8.2617,16.7816,25.8881,44.2602,5.1891,0.0,4.9889,8.529385,1.798876,29,193,98,2,0.20855820,0.00902045,0.00297427,0E-8,0.000000,0.900656,0.000000,0.00763944,2026-03-21,2026-08-06,87,1920,882,139,0.625899,0.863400,0.891889,0.695194,,,,,,,,GLOBAL_BASELINE_NO_ENTITY_RANKING,,,NOT_APPLICABLE_GLOBAL_BASELINE,HF9g-P5,,,,X 全窗基线 · 不参与实体赏罚,8396530,840,A168_HF9F_20260827_0900,2026-08-27 09:00:00
2026-05-13,54653530,1318,0,10.3782886202,4.9296870946,4.9296870946,1.0000000,2,2,0.50665070000000000,0.506650700000,0.9867858985152569,0.9867858985152569,0.9867858985152569,0E-17,ELIGIBLE,R03b_20260811_FULL_v1,L1_ELIGIBILITY,v2026-08-11,2026-03-21..2026-08-06,baccarat_bet02_101_all_pairs_incl_sentinel,round_win = game_pnl > 0 (decisive only),COMPATIBILITY_ONLY_NOT_PRODUCTION,53571.4227,48249.4483,483.2383,5739,5738,-0.00902045,-0.00297427,-0.01061372,-0.00902045,-483.2383,53571.4227,OK,0.0000,19.3295,4.0000,96.0000,AG03-UNRESOLVED,ALL5_LEVELS_bet23_to_bet27,19.3295,19.3295,24.1619,0.0000,0.0000,4.000000,4.000000,5.000000,0.000000,0.000000,96.000000,96.000000,95.000000,100.000000,100.000000,5.0,62.8210,60.1535,420.4173,423.0848,PENDING_AG03,FALSE,NOT_FOR_ENFORCEMENT,463.9088,46319.4703,483.2383,463.9088,19.3295,0.00902045,0.00865963,19.3295,463.9088,0.00865963,19.3295,19.3295,24.1619,0.0000,0.0000,463.9088,0.00865963,62.8210,60.1535,420.4173,423.0848,0.00784779,0.00789758,0.00036082,9.3346,8.4088,0.0842,5.5545,0.2517,615.7635,65.9540,8.3255,9.6426,5.1431,5.1891,8.2617,16.7816,25.8881,44.2602,5.1891,0.0,4.9889,8.529385,1.798876,29,193,98,2,0.20855820,0.00902045,0.00297427,0E-8,0.000000,0.900656,0.000000,0.00763944,2026-03-21,2026-08-06,87,1920,882,139,0.625899,0.863400,0.891889,0.695194,,,,,,,,GLOBAL_BASELINE_NO_ENTITY_RANKING,,,NOT_APPLICABLE_GLOBAL_BASELINE,HF9g-P5,,,,X 全窗基线 · 不参与实体赏罚,8396531,840,A168_HF9F_20260827_0900,2026-08-27 09:00:00
2026-05-13,54653530,1400,0,5.4486015256,5.1761714493,5.1761714493,1.0000000,1,1,0.50665070000000000,0.506650700000,0.9867858985152569,0.9867858985152569,0.9867858985152569,0E-17,ELIGIBLE,R03b_20260811_FULL_v1,L1_ELIGIBILITY,v2026-08-11,2026-03-21..2026-08-06,baccarat_bet02_101_all_pairs_incl_sentinel,round_win = game_pnl > 0 (decisive only),COMPATIBILITY_ONLY_NOT_PRODUCTION,53571.4227,48249.4483,483.2383,5739,5738,-0.00902045,-0.00297427,-0.01061372,-0.00902045,-483.2383,53571.4227,OK,0.0000,19.3295,4.0000,96.0000,AG03-UNRESOLVED,ALL5_LEVELS_bet23_to_bet27,19.3295,19.3295,24.1619,0.0000,0.0000,4.000000,4.000000,5.000000,0.000000,0.000000,96.000000,96.000000,95.000000,100.000000,100.000000,5.0,62.8210,60.1535,420.4173,423.0848,PENDING_AG03,FALSE,NOT_FOR_ENFORCEMENT,463.9088,46319.4703,483.2383,463.9088,19.3295,0.00902045,0.00865963,19.3295,463.9088,0.00865963,19.3295,19.3295,24.1619,0.0000,0.0000,463.9088,0.00865963,62.8210,60.1535,420.4173,423.0848,0.00784779,0.00789758,0.00036082,9.3346,8.4088,0.0842,5.5545,0.2517,615.7635,65.9540,8.3255,9.6426,5.1431,5.1891,8.2617,16.7816,25.8881,44.2602,5.1891,0.0,4.9889,8.529385,1.798876,29,193,98,2,0.20855820,0.00902045,0.00297427,0E-8,0.000000,0.900656,0.000000,0.00763944,2026-03-21,2026-08-06,87,1920,882,139,0.625899,0.863400,0.891889,0.695194,,,,,,,,GLOBAL_BASELINE_NO_ENTITY_RANKING,,,NOT_APPLICABLE_GLOBAL_BASELINE,HF9g-P5,,,,X 全窗基线 · 不参与实体赏罚,8396532,840,A168_HF9F_20260827_0900,2026-08-27 09:00:00
2026-05-13,54653530,1704,0,42.0320689119,4.5145555498,4.5145555498,0.4000000,5,5,0.50665070000000000,0.506650700000,-0.4769986289884125,-0.4769986289884125,-0.4769986289884125,0E-17,ELIGIBLE,R03b_20260811_FULL_v1,L1_ELIGIBILITY,v2026-08-11,2026-03-21..2026-08-06,baccarat_bet02_101_all_pairs_incl_sentinel,round_win = game_pnl > 0 (decisive only),COMPATIBILITY_ONLY_NOT_PRODUCTION,53571.4227,48249.4483,483.2383,5739,5738,-0.00902045,-0.00297427,-0.01061372,-0.00902045,-483.2383,53571.4227,OK,0.0000,19.3295,4.0000,96.0000,AG03-UNRESOLVED,ALL5_LEVELS_bet23_to_bet27,19.3295,19.3295,24.1619,0.0000,0.0000,4.000000,4.000000,5.000000,0.000000,0.000000,96.000000,96.000000,95.000000,100.000000,100.000000,5.0,62.8210,60.1535,420.4173,423.0848,PENDING_AG03,FALSE,NOT_FOR_ENFORCEMENT,463.9088,46319.4703,483.2383,463.9088,19.3295,0.00902045,0.00865963,19.3295,463.9088,0.00865963,19.3295,19.3295,24.1619,0.0000,0.0000,463.9088,0.00865963,62.8210,60.1535,420.4173,423.0848,0.00784779,0.00789758,0.00036082,9.3346,8.4088,0.0842,5.5545,0.2517,615.7635,65.9540,8.3255,9.6426,5.1431,5.1891,8.2617,16.7816,25.8881,44.2602,5.1891,0.0,4.9889,8.529385,1.798876,29,193,98,2,0.20855820,0.00902045,0.00297427,0E-8,0.000000,0.900656,0.000000,0.00763944,2026-03-21,2026-08-06,87,1920,882,139,0.625899,0.863400,0.891889,0.695194,,,,,,,,GLOBAL_BASELINE_NO_ENTITY_RANKING,,,NOT_APPLICABLE_GLOBAL_BASELINE,HF9g-P5,,,,X 全窗基线 · 不参与实体赏罚,8396533,840,A168_HF9F_20260827_0900,2026-08-27 09:00:00
2026-05-13,54653530,1710,0,69.2750765400,9.0291110996,9.0291110996,0.4000000,7,7,0.50665070000000000,0.506650700000,-0.4769986289884125,-0.4769986289884125,-0.4769986289884125,0E-17,ELIGIBLE,R03b_20260811_FULL_v1,L1_ELIGIBILITY,v2026-08-11,2026-03-21..2026-08-06,baccarat_bet02_101_all_pairs_incl_sentinel,round_win = game_pnl > 0 (decisive only),COMPATIBILITY_ONLY_NOT_PRODUCTION,53571.4227,48249.4483,483.2383,5739,5738,-0.00902045,-0.00297427,-0.01061372,-0.00902045,-483.2383,53571.4227,OK,0.0000,19.3295,4.0000,96.0000,AG03-UNRESOLVED,ALL5_LEVELS_bet23_to_bet27,19.3295,19.3295,24.1619,0.0000,0.0000,4.000000,4.000000,5.000000,0.000000,0.000000,96.000000,96.000000,95.000000,100.000000,100.000000,5.0,62.8210,60.1535,420.4173,423.0848,PENDING_AG03,FALSE,NOT_FOR_ENFORCEMENT,463.9088,46319.4703,483.2383,463.9088,19.3295,0.00902045,0.00865963,19.3295,463.9088,0.00865963,19.3295,19.3295,24.1619,0.0000,0.0000,463.9088,0.00865963,62.8210,60.1535,420.4173,423.0848,0.00784779,0.00789758,0.00036082,9.3346,8.4088,0.0842,5.5545,0.2517,615.7635,65.9540,8.3255,9.6426,5.1431,5.1891,8.2617,16.7816,25.8881,44.2602,5.1891,0.0,4.9889,8.529385,1.798876,29,193,98,2,0.20855820,0.00902045,0.00297427,0E-8,0.000000,0.900656,0.000000,0.00763944,2026-03-21,2026-08-06,87,1920,882,139,0.625899,0.863400,0.891889,0.695194,,,,,,,,GLOBAL_BASELINE_NO_ENTITY_RANKING,,,NOT_APPLICABLE_GLOBAL_BASELINE,HF9g-P5,,,,X 全窗基线 · 不参与实体赏罚,8396534,840,A168_HF9F_20260827_0900,2026-08-27 09:00:00
2026-05-13,54653530,1951,0,5.1891443101,4.9296870946,4.9296870946,1.0000000,1,1,0.50665070000000000,0.506650700000,0.9867858985152569,0.9867858985152569,0.9867858985152569,0E-17,ELIGIBLE,R03b_20260811_FULL_v1,L1_ELIGIBILITY,v2026-08-11,2026-03-21..2026-08-06,baccarat_bet02_101_all_pairs_incl_sentinel,round_win = game_pnl > 0 (decisive only),COMPATIBILITY_ONLY_NOT_PRODUCTION,53571.4227,48249.4483,483.2383,5739,5738,-0.00902045,-0.00297427,-0.01061372,-0.00902045,-483.2383,53571.4227,OK,0.0000,19.3295,4.0000,96.0000,AG03-UNRESOLVED,ALL5_LEVELS_bet23_to_bet27,19.3295,19.3295,24.1619,0.0000,0.0000,4.000000,4.000000,5.000000,0.000000,0.000000,96.000000,96.000000,95.000000,100.000000,100.000000,5.0,62.8210,60.1535,420.4173,423.0848,PENDING_AG03,FALSE,NOT_FOR_ENFORCEMENT,463.9088,46319.4703,483.2383,463.9088,19.3295,0.00902045,0.00865963,19.3295,463.9088,0.00865963,19.3295,19.3295,24.1619,0.0000,0.0000,463.9088,0.00865963,62.8210,60.1535,420.4173,423.0848,0.00784779,0.00789758,0.00036082,9.3346,8.4088,0.0842,5.5545,0.2517,615.7635,65.9540,8.3255,9.6426,5.1431,5.1891,8.2617,16.7816,25.8881,44.2602,5.1891,0.0,4.9889,8.529385,1.798876,29,193,98,2,0.20855820,0.00902045,0.00297427,0E-8,0.000000,0.900656,0.000000,0.00763944,2026-03-21,2026-08-06,87,1920,882,139,0.625899,0.863400,0.891889,0.695194,,,,,,,,GLOBAL_BASELINE_NO_ENTITY_RANKING,,,NOT_APPLICABLE_GLOBAL_BASELINE,HF9g-P5,,,,X 全窗基线 · 不参与实体赏罚,8396535,840,A168_HF9F_20260827_0900,2026-08-27 09:00:00
2026-05-13,54653530,1957,0,25.9457215506,4.4107726636,4.4107726636,0.5000000,4,4,0.50665070000000000,0.506650700000,-0.02660515369234503,-0.02660515369234503,-0.02660515369234503,0E-17,ELIGIBLE,R03b_20260811_FULL_v1,L1_ELIGIBILITY,v2026-08-11,2026-03-21..2026-08-06,baccarat_bet02_101_all_pairs_incl_sentinel,round_win = game_pnl > 0 (decisive only),COMPATIBILITY_ONLY_NOT_PRODUCTION,53571.4227,48249.4483,483.2383,5739,5738,-0.00902045,-0.00297427,-0.01061372,-0.00902045,-483.2383,53571.4227,OK,0.0000,19.3295,4.0000,96.0000,AG03-UNRESOLVED,ALL5_LEVELS_bet23_to_bet27,19.3295,19.3295,24.1619,0.0000,0.0000,4.000000,4.000000,5.000000,0.000000,0.000000,96.000000,96.000000,95.000000,100.000000,100.000000,5.0,62.8210,60.1535,420.4173,423.0848,PENDING_AG03,FALSE,NOT_FOR_ENFORCEMENT,463.9088,46319.4703,483.2383,463.9088,19.3295,0.00902045,0.00865963,19.3295,463.9088,0.00865963,19.3295,19.3295,24.1619,0.0000,0.0000,463.9088,0.00865963,62.8210,60.1535,420.4173,423.0848,0.00784779,0.00789758,0.00036082,9.3346,8.4088,0.0842,5.5545,0.2517,615.7635,65.9540,8.3255,9.6426,5.1431,5.1891,8.2617,16.7816,25.8881,44.2602,5.1891,0.0,4.9889,8.529385,1.798876,29,193,98,2,0.20855820,0.00902045,0.00297427,0E-8,0.000000,0.900656,0.000000,0.00763944,2026-03-21,2026-08-06,87,1920,882,139,0.625899,0.863400,0.891889,0.695194,,,,,,,,GLOBAL_BASELINE_NO_ENTITY_RANKING,,,NOT_APPLICABLE_GLOBAL_BASELINE,HF9g-P5,,,,X 全窗基线 · 不参与实体赏罚,8396536,840,A168_HF9F_20260827_0900,2026-08-27 09:00:00
2026-05-13,54653530,2108,0,5.1891443101,4.9296870946,4.9296870946,1.0000000,1,1,0.50665070000000000,0.506650700000,0.9867858985152569,0.9867858985152569,0.9867858985152569,0E-17,ELIGIBLE,R03b_20260811_FULL_v1,L1_ELIGIBILITY,v2026-08-11,2026-03-21..2026-08-06,baccarat_bet02_101_all_pairs_incl_sentinel,round_win = game_pnl > 0 (decisive only),COMPATIBILITY_ONLY_NOT_PRODUCTION,53571.4227,48249.4483,483.2383,5739,5738,-0.00902045,-0.00297427,-0.01061372,-0.00902045,-483.2383,53571.4227,OK,0.0000,19.3295,4.0000,96.0000,AG03-UNRESOLVED,ALL5_LEVELS_bet23_to_bet27,19.3295,19.3295,24.1619,0.0000,0.0000,4.000000,4.000000,5.000000,0.000000,0.000000,96.000000,96.000000,95.000000,100.000000,100.000000,5.0,62.8210,60.1535,420.4173,423.0848,PENDING_AG03,FALSE,NOT_FOR_ENFORCEMENT,463.9088,46319.4703,483.2383,463.9088,19.3295,0.00902045,0.00865963,19.3295,463.9088,0.00865963,19.3295,19.3295,24.1619,0.0000,0.0000,463.9088,0.00865963,62.8210,60.1535,420.4173,423.0848,0.00784779,0.00789758,0.00036082,9.3346,8.4088,0.0842,5.5545,0.2517,615.7635,65.9540,8.3255,9.6426,5.1431,5.1891,8.2617,16.7816,25.8881,44.2602,5.1891,0.0,4.9889,8.529385,1.798876,29,193,98,2,0.20855820,0.00902045,0.00297427,0E-8,0.000000,0.900656,0.000000,0.00763944,2026-03-21,2026-08-06,87,1920,882,139,0.625899,0.863400,0.891889,0.695194,,,,,,,,GLOBAL_BASELINE_NO_ENTITY_RANKING,,,NOT_APPLICABLE_GLOBAL_BASELINE,HF9g-P5,,,,X 全窗基线 · 不参与实体赏罚,8396537,840,A168_HF9F_20260827_0900,2026-08-27 09:00:00
2026-05-13,54653530,2115,0,54.4860152562,11.4161174822,11.4161174822,0.5000000,7,7,0.50665070000000000,0.506650700000,-0.032584525537284574,-0.032584525537284574,-0.032584525537284574,0E-17,ELIGIBLE,R03b_20260811_FULL_v1,L1_ELIGIBILITY,v2026-08-11,2026-03-21..2026-08-06,baccarat_bet02_101_all_pairs_incl_sentinel,round_win = game_pnl > 0 (decisive only),COMPATIBILITY_ONLY_NOT_PRODUCTION,53571.4227,48249.4483,483.2383,5739,5738,-0.00902045,-0.00297427,-0.01061372,-0.00902045,-483.2383,53571.4227,OK,0.0000,19.3295,4.0000,96.0000,AG03-UNRESOLVED,ALL5_LEVELS_bet23_to_bet27,19.3295,19.3295,24.1619,0.0000,0.0000,4.000000,4.000000,5.000000,0.000000,0.000000,96.000000,96.000000,95.000000,100.000000,100.000000,5.0,62.8210,60.1535,420.4173,423.0848,PENDING_AG03,FALSE,NOT_FOR_ENFORCEMENT,463.9088,46319.4703,483.2383,463.9088,19.3295,0.00902045,0.00865963,19.3295,463.9088,0.00865963,19.3295,19.3295,24.1619,0.0000,0.0000,463.9088,0.00865963,62.8210,60.1535,420.4173,423.0848,0.00784779,0.00789758,0.00036082,9.3346,8.4088,0.0842,5.5545,0.2517,615.7635,65.9540,8.3255,9.6426,5.1431,5.1891,8.2617,16.7816,25.8881,44.2602,5.1891,0.0,4.9889,8.529385,1.798876,29,193,98,2,0.20855820,0.00902045,0.00297427,0E-8,0.000000,0.900656,0.000000,0.00763944,2026-03-21,2026-08-06,87,1920,882,139,0.625899,0.863400,0.891889,0.695194,,,,,,,,GLOBAL_BASELINE_NO_ENTITY_RANKING,,,NOT_APPLICABLE_GLOBAL_BASELINE,HF9g-P5,,,,X 全窗基线 · 不参与实体赏罚,8396538,840,A168_HF9F_20260827_0900,2026-08-27 09:00:00
2026-05-13,54653530,2117,0,12.9728607753,-12.9728607753,-12.9728607753,0E-7,2,2,0.50665070000000000,0.506650700000,-1.4331513700195317,-1.4331513700195317,-1.4331513700195317,0E-17,ELIGIBLE,R03b_20260811_FULL_v1,L1_ELIGIBILITY,v2026-08-11,2026-03-21..2026-08-06,baccarat_bet02_101_all_pairs_incl_sentinel,round_win = game_pnl > 0 (decisive only),COMPATIBILITY_ONLY_NOT_PRODUCTION,53571.4227,48249.4483,483.2383,5739,5738,-0.00902045,-0.00297427,-0.01061372,-0.00902045,-483.2383,53571.4227,OK,0.0000,19.3295,4.0000,96.0000,AG03-UNRESOLVED,ALL5_LEVELS_bet23_to_bet27,19.3295,19.3295,24.1619,0.0000,0.0000,4.000000,4.000000,5.000000,0.000000,0.000000,96.000000,96.000000,95.000000,100.000000,100.000000,5.0,62.8210,60.1535,420.4173,423.0848,PENDING_AG03,FALSE,NOT_FOR_ENFORCEMENT,463.9088,46319.4703,483.2383,463.9088,19.3295,0.00902045,0.00865963,19.3295,463.9088,0.00865963,19.3295,19.3295,24.1619,0.0000,0.0000,463.9088,0.00865963,62.8210,60.1535,420.4173,423.0848,0.00784779,0.00789758,0.00036082,9.3346,8.4088,0.0842,5.5545,0.2517,615.7635,65.9540,8.3255,9.6426,5.1431,5.1891,8.2617,16.7816,25.8881,44.2602,5.1891,0.0,4.9889,8.529385,1.798876,29,193,98,2,0.20855820,0.00902045,0.00297427,0E-8,0.000000,0.900656,0.000000,0.00763944,2026-03-21,2026-08-06,87,1920,882,139,0.625899,0.863400,0.891889,0.695194,,,,,,,,GLOBAL_BASELINE_NO_ENTITY_RANKING,,,NOT_APPLICABLE_GLOBAL_BASELINE,HF9g-P5,,,,X 全窗基线 · 不参与实体赏罚,8396539,840,A168_HF9F_20260827_0900,2026-08-27 09:00:00
2026-05-13,54653530,2121,0,5.1891443101,4.9296870946,4.9296870946,1.0000000,1,1,0.50665070000000000,0.506650700000,0.9867858985152569,0.9867858985152569,0.9867858985152569,0E-17,ELIGIBLE,R03b_20260811_FULL_v1,L1_ELIGIBILITY,v2026-08-11,2026-03-21..2026-08-06,baccarat_bet02_101_all_pairs_incl_sentinel,round_win = game_pnl > 0 (decisive only),COMPATIBILITY_ONLY_NOT_PRODUCTION,53571.4227,48249.4483,483.2383,5739,5738,-0.00902045,-0.00297427,-0.01061372,-0.00902045,-483.2383,53571.4227,OK,0.0000,19.3295,4.0000,96.0000,AG03-UNRESOLVED,ALL5_LEVELS_bet23_to_bet27,19.3295,19.3295,24.1619,0.0000,0.0000,4.000000,4.000000,5.000000,0.000000,0.000000,96.000000,96.000000,95.000000,100.000000,100.000000,5.0,62.8210,60.1535,420.4173,423.0848,PENDING_AG03,FALSE,NOT_FOR_ENFORCEMENT,463.9088,46319.4703,483.2383,463.9088,19.3295,0.00902045,0.00865963,19.3295,463.9088,0.00865963,19.3295,19.3295,24.1619,0.0000,0.0000,463.9088,0.00865963,62.8210,60.1535,420.4173,423.0848,0.00784779,0.00789758,0.00036082,9.3346,8.4088,0.0842,5.5545,0.2517,615.7635,65.9540,8.3255,9.6426,5.1431,5.1891,8.2617,16.7816,25.8881,44.2602,5.1891,0.0,4.9889,8.529385,1.798876,29,193,98,2,0.20855820,0.00902045,0.00297427,0E-8,0.000000,0.900656,0.000000,0.00763944,2026-03-21,2026-08-06,87,1920,882,139,0.625899,0.863400,0.891889,0.695194,,,,,,,,GLOBAL_BASELINE_NO_ENTITY_RANKING,,,NOT_APPLICABLE_GLOBAL_BASELINE,HF9g-P5,,,,X 全窗基线 · 不参与实体赏罚,8396540,840,A168_HF9F_20260827_0900,2026-08-27 09:00:00
2026-05-13,54653530,2123,0,5.1891443101,4.9296870946,4.9296870946,1.0000000,1,1,0.50665070000000000,0.506650700000,0.9867858985152569,0.9867858985152569,0.9867858985152569,0E-17,ELIGIBLE,R03b_20260811_FULL_v1,L1_ELIGIBILITY,v2026-08-11,2026-03-21..2026-08-06,baccarat_bet02_101_all_pairs_incl_sentinel,round_win = game_pnl > 0 (decisive only),COMPATIBILITY_ONLY_NOT_PRODUCTION,53571.4227,48249.4483,483.2383,5739,5738,-0.00902045,-0.00297427,-0.01061372,-0.00902045,-483.2383,53571.4227,OK,0.0000,19.3295,4.0000,96.0000,AG03-UNRESOLVED,ALL5_LEVELS_bet23_to_bet27,19.3295,19.3295,24.1619,0.0000,0.0000,4.000000,4.000000,5.000000,0.000000,0.000000,96.000000,96.000000,95.000000,100.000000,100.000000,5.0,62.8210,60.1535,420.4173,423.0848,PENDING_AG03,FALSE,NOT_FOR_ENFORCEMENT,463.9088,46319.4703,483.2383,463.9088,19.3295,0.00902045,0.00865963,19.3295,463.9088,0.00865963,19.3295,19.3295,24.1619,0.0000,0.0000,463.9088,0.00865963,62.8210,60.1535,420.4173,423.0848,0.00784779,0.00789758,0.00036082,9.3346,8.4088,0.0842,5.5545,0.2517,615.7635,65.9540,8.3255,9.6426,5.1431,5.1891,8.2617,16.7816,25.8881,44.2602,5.1891,0.0,4.9889,8.529385,1.798876,29,193,98,2,0.20855820,0.00902045,0.00297427,0E-8,0.000000,0.900656,0.000000,0.00763944,2026-03-21,2026-08-06,87,1920,882,139,0.625899,0.863400,0.891889,0.695194,,,,,,,,GLOBAL_BASELINE_NO_ENTITY_RANKING,,,NOT_APPLICABLE_GLOBAL_BASELINE,HF9g-P5,,,,X 全窗基线 · 不参与实体赏罚,8396541,840,A168_HF9F_20260827_0900,2026-08-27 09:00:00
2026-05-13,54653530,2129,0,50.8536142390,22.6635877744,22.6635877744,0.7500000,5,5,0.50665070000000000,0.506650700000,0.9734833216690844,0.9734833216690844,0.9734833216690844,0E-17,ELIGIBLE,R03b_20260811_FULL_v1,L1_ELIGIBILITY,v2026-08-11,2026-03-21..2026-08-06,baccarat_bet02_101_all_pairs_incl_sentinel,round_win = game_pnl > 0 (decisive only),COMPATIBILITY_ONLY_NOT_PRODUCTION,53571.4227,48249.4483,483.2383,5739,5738,-0.00902045,-0.00297427,-0.01061372,-0.00902045,-483.2383,53571.4227,OK,0.0000,19.3295,4.0000,96.0000,AG03-UNRESOLVED,ALL5_LEVELS_bet23_to_bet27,19.3295,19.3295,24.1619,0.0000,0.0000,4.000000,4.000000,5.000000,0.000000,0.000000,96.000000,96.000000,95.000000,100.000000,100.000000,5.0,62.8210,60.1535,420.4173,423.0848,PENDING_AG03,FALSE,NOT_FOR_ENFORCEMENT,463.9088,46319.4703,483.2383,463.9088,19.3295,0.00902045,0.00865963,19.3295,463.9088,0.00865963,19.3295,19.3295,24.1619,0.0000,0.0000,463.9088,0.00865963,62.8210,60.1535,420.4173,423.0848,0.00784779,0.00789758,0.00036082,9.3346,8.4088,0.0842,5.5545,0.2517,615.7635,65.9540,8.3255,9.6426,5.1431,5.1891,8.2617,16.7816,25.8881,44.2602,5.1891,0.0,4.9889,8.529385,1.798876,29,193,98,2,0.20855820,0.00902045,0.00297427,0E-8,0.000000,0.900656,0.000000,0.00763944,2026-03-21,2026-08-06,87,1920,882,139,0.625899,0.863400,0.891889,0.695194,,,,,,,,GLOBAL_BASELINE_NO_ENTITY_RANKING,,,NOT_APPLICABLE_GLOBAL_BASELINE,HF9g-P5,,,,X 全窗基线 · 不参与实体赏罚,8396542,840,A168_HF9F_20260827_0900,2026-08-27 09:00:00
2026-05-13,54653530,2141,0,36.5834673863,-1.1675574698,-1.1675574698,0.5000000,6,6,0.50665070000000000,0.506650700000,-0.032584525537284574,-0.032584525537284574,-0.032584525537284574,0E-17,ELIGIBLE,R03b_20260811_FULL_v1,L1_ELIGIBILITY,v2026-08-11,2026-03-21..2026-08-06,baccarat_bet02_101_all_pairs_incl_sentinel,round_win = game_pnl > 0 (decisive only),COMPATIBILITY_ONLY_NOT_PRODUCTION,53571.4227,48249.4483,483.2383,5739,5738,-0.00902045,-0.00297427,-0.01061372,-0.00902045,-483.2383,53571.4227,OK,0.0000,19.3295,4.0000,96.0000,AG03-UNRESOLVED,ALL5_LEVELS_bet23_to_bet27,19.3295,19.3295,24.1619,0.0000,0.0000,4.000000,4.000000,5.000000,0.000000,0.000000,96.000000,96.000000,95.000000,100.000000,100.000000,5.0,62.8210,60.1535,420.4173,423.0848,PENDING_AG03,FALSE,NOT_FOR_ENFORCEMENT,463.9088,46319.4703,483.2383,463.9088,19.3295,0.00902045,0.00865963,19.3295,463.9088,0.00865963,19.3295,19.3295,24.1619,0.0000,0.0000,463.9088,0.00865963,62.8210,60.1535,420.4173,423.0848,0.00784779,0.00789758,0.00036082,9.3346,8.4088,0.0842,5.5545,0.2517,615.7635,65.9540,8.3255,9.6426,5.1431,5.1891,8.2617,16.7816,25.8881,44.2602,5.1891,0.0,4.9889,8.529385,1.798876,29,193,98,2,0.20855820,0.00902045,0.00297427,0E-8,0.000000,0.900656,0.000000,0.00763944,2026-03-21,2026-08-06,87,1920,882,139,0.625899,0.863400,0.891889,0.695194,,,,,,,,GLOBAL_BASELINE_NO_ENTITY_RANKING,,,NOT_APPLICABLE_GLOBAL_BASELINE,HF9g-P5,,,,X 全窗基线 · 不参与实体赏罚,8396543,840,A168_HF9F_20260827_0900,2026-08-27 09:00:00
2026-05-13,54653530,2155,0,5.1891443101,4.9296870946,4.9296870946,1.0000000,1,1,0.50665070000000000,0.506650700000,0.9867858985152569,0.9867858985152569,0.9867858985152569,0E-17,ELIGIBLE,R03b_20260811_FULL_v1,L1_ELIGIBILITY,v2026-08-11,2026-03-21..2026-08-06,baccarat_bet02_101_all_pairs_incl_sentinel,round_win = game_pnl > 0 (decisive only),COMPATIBILITY_ONLY_NOT_PRODUCTION,53571.4227,48249.4483,483.2383,5739,5738,-0.00902045,-0.00297427,-0.01061372,-0.00902045,-483.2383,53571.4227,OK,0.0000,19.3295,4.0000,96.0000,AG03-UNRESOLVED,ALL5_LEVELS_bet23_to_bet27,19.3295,19.3295,24.1619,0.0000,0.0000,4.000000,4.000000,5.000000,0.000000,0.000000,96.000000,96.000000,95.000000,100.000000,100.000000,5.0,62.8210,60.1535,420.4173,423.0848,PENDING_AG03,FALSE,NOT_FOR_ENFORCEMENT,463.9088,46319.4703,483.2383,463.9088,19.3295,0.00902045,0.00865963,19.3295,463.9088,0.00865963,19.3295,19.3295,24.1619,0.0000,0.0000,463.9088,0.00865963,62.8210,60.1535,420.4173,423.0848,0.00784779,0.00789758,0.00036082,9.3346,8.4088,0.0842,5.5545,0.2517,615.7635,65.9540,8.3255,9.6426,5.1431,5.1891,8.2617,16.7816,25.8881,44.2602,5.1891,0.0,4.9889,8.529385,1.798876,29,193,98,2,0.20855820,0.00902045,0.00297427,0E-8,0.000000,0.900656,0.000000,0.00763944,2026-03-21,2026-08-06,87,1920,882,139,0.625899,0.863400,0.891889,0.695194,,,,,,,,GLOBAL_BASELINE_NO_ENTITY_RANKING,,,NOT_APPLICABLE_GLOBAL_BASELINE,HF9g-P5,,,,X 全窗基线 · 不参与实体赏罚,8396544,840,A168_HF9F_20260827_0900,2026-08-27 09:00:00
2026-05-13,54653530,2169,0,106.3774583573,20.3673914171,20.3673914171,0.5714286,16,16,0.50665070000000000,0.506650700000,0.48479609097518783,0.4847960909751879,0.48479609097518783,0E-17,ELIGIBLE,R03b_20260811_FULL_v1,L1_ELIGIBILITY,v2026-08-11,2026-03-21..2026-08-06,baccarat_bet02_101_all_pairs_incl_sentinel,round_win = game_pnl > 0 (decisive only),COMPATIBILITY_ONLY_NOT_PRODUCTION,53571.4227,48249.4483,483.2383,5739,5738,-0.00902045,-0.00297427,-0.01061372,-0.00902045,-483.2383,53571.4227,OK,0.0000,19.3295,4.0000,96.0000,AG03-UNRESOLVED,ALL5_LEVELS_bet23_to_bet27,19.3295,19.3295,24.1619,0.0000,0.0000,4.000000,4.000000,5.000000,0.000000,0.000000,96.000000,96.000000,95.000000,100.000000,100.000000,5.0,62.8210,60.1535,420.4173,423.0848,PENDING_AG03,FALSE,NOT_FOR_ENFORCEMENT,463.9088,46319.4703,483.2383,463.9088,19.3295,0.00902045,0.00865963,19.3295,463.9088,0.00865963,19.3295,19.3295,24.1619,0.0000,0.0000,463.9088,0.00865963,62.8210,60.1535,420.4173,423.0848,0.00784779,0.00789758,0.00036082,9.3346,8.4088,0.0842,5.5545,0.2517,615.7635,65.9540,8.3255,9.6426,5.1431,5.1891,8.2617,16.7816,25.8881,44.2602,5.1891,0.0,4.9889,8.529385,1.798876,29,193,98,2,0.20855820,0.00902045,0.00297427,0E-8,0.000000,0.900656,0.000000,0.00763944,2026-03-21,2026-08-06,87,1920,882,139,0.625899,0.863400,0.891889,0.695194,,,,,,,,GLOBAL_BASELINE_NO_ENTITY_RANKING,,,NOT_APPLICABLE_GLOBAL_BASELINE,HF9g-P5,,,,X 全窗基线 · 不参与实体赏罚,8396545,840,A168_HF9F_20260827_0900,2026-08-27 09:00:00
2026-05-13,54653530,2205,0,15.5674329303,-15.5674329303,-15.5674329303,0E-7,1,1,0.50665070000000000,0.506650700000,-1.013391052207602,-1.013391052207602,-1.013391052207602,0E-17,ELIGIBLE,R03b_20260811_FULL_v1,L1_ELIGIBILITY,v2026-08-11,2026-03-21..2026-08-06,baccarat_bet02_101_all_pairs_incl_sentinel,round_win = game_pnl > 0 (decisive only),COMPATIBILITY_ONLY_NOT_PRODUCTION,53571.4227,48249.4483,483.2383,5739,5738,-0.00902045,-0.00297427,-0.01061372,-0.00902045,-483.2383,53571.4227,OK,0.0000,19.3295,4.0000,96.0000,AG03-UNRESOLVED,ALL5_LEVELS_bet23_to_bet27,19.3295,19.3295,24.1619,0.0000,0.0000,4.000000,4.000000,5.000000,0.000000,0.000000,96.000000,96.000000,95.000000,100.000000,100.000000,5.0,62.8210,60.1535,420.4173,423.0848,PENDING_AG03,FALSE,NOT_FOR_ENFORCEMENT,463.9088,46319.4703,483.2383,463.9088,19.3295,0.00902045,0.00865963,19.3295,463.9088,0.00865963,19.3295,19.3295,24.1619,0.0000,0.0000,463.9088,0.00865963,62.8210,60.1535,420.4173,423.0848,0.00784779,0.00789758,0.00036082,9.3346,8.4088,0.0842,5.5545,0.2517,615.7635,65.9540,8.3255,9.6426,5.1431,5.1891,8.2617,16.7816,25.8881,44.2602,5.1891,0.0,4.9889,8.529385,1.798876,29,193,98,2,0.20855820,0.00902045,0.00297427,0E-8,0.000000,0.900656,0.000000,0.00763944,2026-03-21,2026-08-06,87,1920,882,139,0.625899,0.863400,0.891889,0.695194,,,,,,,,GLOBAL_BASELINE_NO_ENTITY_RANKING,,,NOT_APPLICABLE_GLOBAL_BASELINE,HF9g-P5,,,,X 全窗基线 · 不参与实体赏罚,8396546,840,A168_HF9F_20260827_0900,2026-08-27 09:00:00
2026-05-13,54653530,2209,0,18.1620050854,7.1350734264,7.1350734264,0.6666667,3,3,0.50665070000000000,0.506650700000,0.5543606114942035,0.5543606114942035,0.5543606114942035,0E-17,ELIGIBLE,R03b_20260811_FULL_v1,L1_ELIGIBILITY,v2026-08-11,2026-03-21..2026-08-06,baccarat_bet02_101_all_pairs_incl_sentinel,round_win = game_pnl > 0 (decisive only),COMPATIBILITY_ONLY_NOT_PRODUCTION,53571.4227,48249.4483,483.2383,5739,5738,-0.00902045,-0.00297427,-0.01061372,-0.00902045,-483.2383,53571.4227,OK,0.0000,19.3295,4.0000,96.0000,AG03-UNRESOLVED,ALL5_LEVELS_bet23_to_bet27,19.3295,19.3295,24.1619,0.0000,0.0000,4.000000,4.000000,5.000000,0.000000,0.000000,96.000000,96.000000,95.000000,100.000000,100.000000,5.0,62.8210,60.1535,420.4173,423.0848,PENDING_AG03,FALSE,NOT_FOR_ENFORCEMENT,463.9088,46319.4703,483.2383,463.9088,19.3295,0.00902045,0.00865963,19.3295,463.9088,0.00865963,19.3295,19.3295,24.1619,0.0000,0.0000,463.9088,0.00865963,62.8210,60.1535,420.4173,423.0848,0.00784779,0.00789758,0.00036082,9.3346,8.4088,0.0842,5.5545,0.2517,615.7635,65.9540,8.3255,9.6426,5.1431,5.1891,8.2617,16.7816,25.8881,44.2602,5.1891,0.0,4.9889,8.529385,1.798876,29,193,98,2,0.20855820,0.00902045,0.00297427,0E-8,0.000000,0.900656,0.000000,0.00763944,2026-03-21,2026-08-06,87,1920,882,139,0.625899,0.863400,0.891889,0.695194,,,,,,,,GLOBAL_BASELINE_NO_ENTITY_RANKING,,,NOT_APPLICABLE_GLOBAL_BASELINE,HF9g-P5,,,,X 全窗基线 · 不参与实体赏罚,8396547,840,A168_HF9F_20260827_0900,2026-08-27 09:00:00
2026-05-13,54653530,2216,0,5.1891443101,4.9296870946,4.9296870946,1.0000000,1,1,0.50665070000000000,0.506650700000,0.9867858985152569,0.9867858985152569,0.9867858985152569,0E-17,ELIGIBLE,R03b_20260811_FULL_v1,L1_ELIGIBILITY,v2026-08-11,2026-03-21..2026-08-06,baccarat_bet02_101_all_pairs_incl_sentinel,round_win = game_pnl > 0 (decisive only),COMPATIBILITY_ONLY_NOT_PRODUCTION,53571.4227,48249.4483,483.2383,5739,5738,-0.00902045,-0.00297427,-0.01061372,-0.00902045,-483.2383,53571.4227,OK,0.0000,19.3295,4.0000,96.0000,AG03-UNRESOLVED,ALL5_LEVELS_bet23_to_bet27,19.3295,19.3295,24.1619,0.0000,0.0000,4.000000,4.000000,5.000000,0.000000,0.000000,96.000000,96.000000,95.000000,100.000000,100.000000,5.0,62.8210,60.1535,420.4173,423.0848,PENDING_AG03,FALSE,NOT_FOR_ENFORCEMENT,463.9088,46319.4703,483.2383,463.9088,19.3295,0.00902045,0.00865963,19.3295,463.9088,0.00865963,19.3295,19.3295,24.1619,0.0000,0.0000,463.9088,0.00865963,62.8210,60.1535,420.4173,423.0848,0.00784779,0.00789758,0.00036082,9.3346,8.4088,0.0842,5.5545,0.2517,615.7635,65.9540,8.3255,9.6426,5.1431,5.1891,8.2617,16.7816,25.8881,44.2602,5.1891,0.0,4.9889,8.529385,1.798876,29,193,98,2,0.20855820,0.00902045,0.00297427,0E-8,0.000000,0.900656,0.000000,0.00763944,2026-03-21,2026-08-06,87,1920,882,139,0.625899,0.863400,0.891889,0.695194,,,,,,,,GLOBAL_BASELINE_NO_ENTITY_RANKING,,,NOT_APPLICABLE_GLOBAL_BASELINE,HF9g-P5,,,,X 全窗基线 · 不参与实体赏罚,8396548,840,A168_HF9F_20260827_0900,2026-08-27 09:00:00
2026-05-13,54653530,2223,0,5.1891443101,4.9296870946,4.9296870946,1.0000000,1,1,0.50665070000000000,0.506650700000,0.9867858985152569,0.9867858985152569,0.9867858985152569,0E-17,ELIGIBLE,R03b_20260811_FULL_v1,L1_ELIGIBILITY,v2026-08-11,2026-03-21..2026-08-06,baccarat_bet02_101_all_pairs_incl_sentinel,round_win = game_pnl > 0 (decisive only),COMPATIBILITY_ONLY_NOT_PRODUCTION,53571.4227,48249.4483,483.2383,5739,5738,-0.00902045,-0.00297427,-0.01061372,-0.00902045,-483.2383,53571.4227,OK,0.0000,19.3295,4.0000,96.0000,AG03-UNRESOLVED,ALL5_LEVELS_bet23_to_bet27,19.3295,19.3295,24.1619,0.0000,0.0000,4.000000,4.000000,5.000000,0.000000,0.000000,96.000000,96.000000,95.000000,100.000000,100.000000,5.0,62.8210,60.1535,420.4173,423.0848,PENDING_AG03,FALSE,NOT_FOR_ENFORCEMENT,463.9088,46319.4703,483.2383,463.9088,19.3295,0.00902045,0.00865963,19.3295,463.9088,0.00865963,19.3295,19.3295,24.1619,0.0000,0.0000,463.9088,0.00865963,62.8210,60.1535,420.4173,423.0848,0.00784779,0.00789758,0.00036082,9.3346,8.4088,0.0842,5.5545,0.2517,615.7635,65.9540,8.3255,9.6426,5.1431,5.1891,8.2617,16.7816,25.8881,44.2602,5.1891,0.0,4.9889,8.529385,1.798876,29,193,98,2,0.20855820,0.00902045,0.00297427,0E-8,0.000000,0.900656,0.000000,0.00763944,2026-03-21,2026-08-06,87,1920,882,139,0.625899,0.863400,0.891889,0.695194,,,,,,,,GLOBAL_BASELINE_NO_ENTITY_RANKING,,,NOT_APPLICABLE_GLOBAL_BASELINE,HF9g-P5,,,,X 全窗基线 · 不参与实体赏罚,8396549,840,A168_HF9F_20260827_0900,2026-08-27 09:00:00
2026-05-13,54653530,2235,0,37.1023818173,-29.3186653521,-29.3186653521,0E-7,4,4,0.50665070000000000,0.506650700000,-1.7552447903592512,-1.7552447903592512,-1.7552447903592512,0E-17,ELIGIBLE,R03b_20260811_FULL_v1,L1_ELIGIBILITY,v2026-08-11,2026-03-21..2026-08-06,baccarat_bet02_101_all_pairs_incl_sentinel,round_win = game_pnl > 0 (decisive only),COMPATIBILITY_ONLY_NOT_PRODUCTION,53571.4227,48249.4483,483.2383,5739,5738,-0.00902045,-0.00297427,-0.01061372,-0.00902045,-483.2383,53571.4227,OK,0.0000,19.3295,4.0000,96.0000,AG03-UNRESOLVED,ALL5_LEVELS_bet23_to_bet27,19.3295,19.3295,24.1619,0.0000,0.0000,4.000000,4.000000,5.000000,0.000000,0.000000,96.000000,96.000000,95.000000,100.000000,100.000000,5.0,62.8210,60.1535,420.4173,423.0848,PENDING_AG03,FALSE,NOT_FOR_ENFORCEMENT,463.9088,46319.4703,483.2383,463.9088,19.3295,0.00902045,0.00865963,19.3295,463.9088,0.00865963,19.3295,19.3295,24.1619,0.0000,0.0000,463.9088,0.00865963,62.8210,60.1535,420.4173,423.0848,0.00784779,0.00789758,0.00036082,9.3346,8.4088,0.0842,5.5545,0.2517,615.7635,65.9540,8.3255,9.6426,5.1431,5.1891,8.2617,16.7816,25.8881,44.2602,5.1891,0.0,4.9889,8.529385,1.798876,29,193,98,2,0.20855820,0.00902045,0.00297427,0E-8,0.000000,0.900656,0.000000,0.00763944,2026-03-21,2026-08-06,87,1920,882,139,0.625899,0.863400,0.891889,0.695194,,,,,,,,GLOBAL_BASELINE_NO_ENTITY_RANKING,,,NOT_APPLICABLE_GLOBAL_BASELINE,HF9g-P5,,,,X 全窗基线 · 不参与实体赏罚,8396550,840,A168_HF9F_20260827_0900,2026-08-27 09:00:00
2026-05-13,54653530,2242,0,29.0592081366,2.3091692180,2.3091692180,0.3333333,3,3,0.50665070000000000,0.506650700000,-0.6004420894325239,-0.6004420894325239,-0.6004420894325239,0E-17,ELIGIBLE,R03b_20260811_FULL_v1,L1_ELIGIBILITY,v2026-08-11,2026-03-21..2026-08-06,baccarat_bet02_101_all_pairs_incl_sentinel,round_win = game_pnl > 0 (decisive only),COMPATIBILITY_ONLY_NOT_PRODUCTION,53571.4227,48249.4483,483.2383,5739,5738,-0.00902045,-0.00297427,-0.01061372,-0.00902045,-483.2383,53571.4227,OK,0.0000,19.3295,4.0000,96.0000,AG03-UNRESOLVED,ALL5_LEVELS_bet23_to_bet27,19.3295,19.3295,24.1619,0.0000,0.0000,4.000000,4.000000,5.000000,0.000000,0.000000,96.000000,96.000000,95.000000,100.000000,100.000000,5.0,62.8210,60.1535,420.4173,423.0848,PENDING_AG03,FALSE,NOT_FOR_ENFORCEMENT,463.9088,46319.4703,483.2383,463.9088,19.3295,0.00902045,0.00865963,19.3295,463.9088,0.00865963,19.3295,19.3295,24.1619,0.0000,0.0000,463.9088,0.00865963,62.8210,60.1535,420.4173,423.0848,0.00784779,0.00789758,0.00036082,9.3346,8.4088,0.0842,5.5545,0.2517,615.7635,65.9540,8.3255,9.6426,5.1431,5.1891,8.2617,16.7816,25.8881,44.2602,5.1891,0.0,4.9889,8.529385,1.798876,29,193,98,2,0.20855820,0.00902045,0.00297427,0E-8,0.000000,0.900656,0.000000,0.00763944,2026-03-21,2026-08-06,87,1920,882,139,0.625899,0.863400,0.891889,0.695194,,,,,,,,GLOBAL_BASELINE_NO_ENTITY_RANKING,,,NOT_APPLICABLE_GLOBAL_BASELINE,HF9g-P5,,,,X 全窗基线 · 不参与实体赏罚,8396551,840,A168_HF9F_20260827_0900,2026-08-27 09:00:00
2026-05-13,54653530,2251,0,23.3511493955,7.1350734264,7.1350734264,0.6666667,4,4,0.50665070000000000,0.506650700000,0.5543606114942035,0.5543606114942035,0.5543606114942035,0E-17,ELIGIBLE,R03b_20260811_FULL_v1,L1_ELIGIBILITY,v2026-08-11,2026-03-21..2026-08-06,baccarat_bet02_101_all_pairs_incl_sentinel,round_win = game_pnl > 0 (decisive only),COMPATIBILITY_ONLY_NOT_PRODUCTION,53571.4227,48249.4483,483.2383,5739,5738,-0.00902045,-0.00297427,-0.01061372,-0.00902045,-483.2383,53571.4227,OK,0.0000,19.3295,4.0000,96.0000,AG03-UNRESOLVED,ALL5_LEVELS_bet23_to_bet27,19.3295,19.3295,24.1619,0.0000,0.0000,4.000000,4.000000,5.000000,0.000000,0.000000,96.000000,96.000000,95.000000,100.000000,100.000000,5.0,62.8210,60.1535,420.4173,423.0848,PENDING_AG03,FALSE,NOT_FOR_ENFORCEMENT,463.9088,46319.4703,483.2383,463.9088,19.3295,0.00902045,0.00865963,19.3295,463.9088,0.00865963,19.3295,19.3295,24.1619,0.0000,0.0000,463.9088,0.00865963,62.8210,60.1535,420.4173,423.0848,0.00784779,0.00789758,0.00036082,9.3346,8.4088,0.0842,5.5545,0.2517,615.7635,65.9540,8.3255,9.6426,5.1431,5.1891,8.2617,16.7816,25.8881,44.2602,5.1891,0.0,4.9889,8.529385,1.798876,29,193,98,2,0.20855820,0.00902045,0.00297427,0E-8,0.000000,0.900656,0.000000,0.00763944,2026-03-21,2026-08-06,87,1920,882,139,0.625899,0.863400,0.891889,0.695194,,,,,,,,GLOBAL_BASELINE_NO_ENTITY_RANKING,,,NOT_APPLICABLE_GLOBAL_BASELINE,HF9g-P5,,,,X 全窗基线 · 不参与实体赏罚,8396552,840,A168_HF9F_20260827_0900,2026-08-27 09:00:00
2026-05-13,54653530,526,0,5.1891443101,4.9296870946,4.9296870946,1.0000000,1,1,0.50665070000000000,0.506650700000,0.9867858985152569,0.9867858985152569,0.9867858985152569,0E-17,ELIGIBLE,R03b_20260811_FULL_v1,L1_ELIGIBILITY,v2026-08-11,2026-03-21..2026-08-06,baccarat_bet02_101_all_pairs_incl_sentinel,round_win = game_pnl > 0 (decisive only),COMPATIBILITY_ONLY_NOT_PRODUCTION,53571.4227,48249.4483,483.2383,5739,5738,-0.00902045,-0.00297427,-0.01061372,-0.00902045,-483.2383,53571.4227,OK,0.0000,19.3295,4.0000,96.0000,AG03-UNRESOLVED,ALL5_LEVELS_bet23_to_bet27,19.3295,19.3295,24.1619,0.0000,0.0000,4.000000,4.000000,5.000000,0.000000,0.000000,96.000000,96.000000,95.000000,100.000000,100.000000,5.0,62.8210,60.1535,420.4173,423.0848,PENDING_AG03,FALSE,NOT_FOR_ENFORCEMENT,463.9088,46319.4703,483.2383,463.9088,19.3295,0.00902045,0.00865963,19.3295,463.9088,0.00865963,19.3295,19.3295,24.1619,0.0000,0.0000,463.9088,0.00865963,62.8210,60.1535,420.4173,423.0848,0.00784779,0.00789758,0.00036082,9.3346,8.4088,0.0842,5.5545,0.2517,615.7635,65.9540,8.3255,9.6426,5.1431,5.1891,8.2617,16.7816,25.8881,44.2602,5.1891,0.0,4.9889,8.529385,1.798876,29,193,98,2,0.20855820,0.00902045,0.00297427,0E-8,0.000000,0.900656,0.000000,0.00763944,2026-03-21,2026-08-06,87,1920,882,139,0.625899,0.863400,0.891889,0.695194,,,,,,,,GLOBAL_BASELINE_NO_ENTITY_RANKING,,,NOT_APPLICABLE_GLOBAL_BASELINE,HF9g-P5,,,,X 全窗基线 · 不参与实体赏罚,8396553,840,A168_HF9F_20260827_0900,2026-08-27 09:00:00
2026-05-13,54653530,529,0,23.6106066110,12.3112448757,12.3112448757,0.7500000,4,4,0.50665070000000000,0.506650700000,0.9734833216690844,0.9734833216690844,0.9734833216690844,0E-17,ELIGIBLE,R03b_20260811_FULL_v1,L1_ELIGIBILITY,v2026-08-11,2026-03-21..2026-08-06,baccarat_bet02_101_all_pairs_incl_sentinel,round_win = game_pnl > 0 (decisive only),COMPATIBILITY_ONLY_NOT_PRODUCTION,53571.4227,48249.4483,483.2383,5739,5738,-0.00902045,-0.00297427,-0.01061372,-0.00902045,-483.2383,53571.4227,OK,0.0000,19.3295,4.0000,96.0000,AG03-UNRESOLVED,ALL5_LEVELS_bet23_to_bet27,19.3295,19.3295,24.1619,0.0000,0.0000,4.000000,4.000000,5.000000,0.000000,0.000000,96.000000,96.000000,95.000000,100.000000,100.000000,5.0,62.8210,60.1535,420.4173,423.0848,PENDING_AG03,FALSE,NOT_FOR_ENFORCEMENT,463.9088,46319.4703,483.2383,463.9088,19.3295,0.00902045,0.00865963,19.3295,463.9088,0.00865963,19.3295,19.3295,24.1619,0.0000,0.0000,463.9088,0.00865963,62.8210,60.1535,420.4173,423.0848,0.00784779,0.00789758,0.00036082,9.3346,8.4088,0.0842,5.5545,0.2517,615.7635,65.9540,8.3255,9.6426,5.1431,5.1891,8.2617,16.7816,25.8881,44.2602,5.1891,0.0,4.9889,8.529385,1.798876,29,193,98,2,0.20855820,0.00902045,0.00297427,0E-8,0.000000,0.900656,0.000000,0.00763944,2026-03-21,2026-08-06,87,1920,882,139,0.625899,0.863400,0.891889,0.695194,,,,,,,,GLOBAL_BASELINE_NO_ENTITY_RANKING,,,NOT_APPLICABLE_GLOBAL_BASELINE,HF9g-P5,,,,X 全窗基线 · 不参与实体赏罚,8396554,840,A168_HF9F_20260827_0900,2026-08-27 09:00:00
2026-05-13,54653530,550,0,5.1891443101,4.9296870946,4.9296870946,1.0000000,1,1,0.50665070000000000,0.506650700000,0.9867858985152569,0.9867858985152569,0.9867858985152569,0E-17,ELIGIBLE,R03b_20260811_FULL_v1,L1_ELIGIBILITY,v2026-08-11,2026-03-21..2026-08-06,baccarat_bet02_101_all_pairs_incl_sentinel,round_win = game_pnl > 0 (decisive only),COMPATIBILITY_ONLY_NOT_PRODUCTION,53571.4227,48249.4483,483.2383,5739,5738,-0.00902045,-0.00297427,-0.01061372,-0.00902045,-483.2383,53571.4227,OK,0.0000,19.3295,4.0000,96.0000,AG03-UNRESOLVED,ALL5_LEVELS_bet23_to_bet27,19.3295,19.3295,24.1619,0.0000,0.0000,4.000000,4.000000,5.000000,0.000000,0.000000,96.000000,96.000000,95.000000,100.000000,100.000000,5.0,62.8210,60.1535,420.4173,423.0848,PENDING_AG03,FALSE,NOT_FOR_ENFORCEMENT,463.9088,46319.4703,483.2383,463.9088,19.3295,0.00902045,0.00865963,19.3295,463.9088,0.00865963,19.3295,19.3295,24.1619,0.0000,0.0000,463.9088,0.00865963,62.8210,60.1535,420.4173,423.0848,0.00784779,0.00789758,0.00036082,9.3346,8.4088,0.0842,5.5545,0.2517,615.7635,65.9540,8.3255,9.6426,5.1431,5.1891,8.2617,16.7816,25.8881,44.2602,5.1891,0.0,4.9889,8.529385,1.798876,29,193,98,2,0.20855820,0.00902045,0.00297427,0E-8,0.000000,0.900656,0.000000,0.00763944,2026-03-21,2026-08-06,87,1920,882,139,0.625899,0.863400,0.891889,0.695194,,,,,,,,GLOBAL_BASELINE_NO_ENTITY_RANKING,,,NOT_APPLICABLE_GLOBAL_BASELINE,HF9g-P5,,,,X 全窗基线 · 不参与实体赏罚,8396555,840,A168_HF9F_20260827_0900,2026-08-27 09:00:00
2026-05-13,54653530,583,0,31.6537802917,-5.8507602097,-5.8507602097,0.4000000,5,5,0.50665070000000000,0.506650700000,-0.4769986289884125,-0.4769986289884125,-0.4769986289884125,0E-17,ELIGIBLE,R03b_20260811_FULL_v1,L1_ELIGIBILITY,v2026-08-11,2026-03-21..2026-08-06,baccarat_bet02_101_all_pairs_incl_sentinel,round_win = game_pnl > 0 (decisive only),COMPATIBILITY_ONLY_NOT_PRODUCTION,53571.4227,48249.4483,483.2383,5739,5738,-0.00902045,-0.00297427,-0.01061372,-0.00902045,-483.2383,53571.4227,OK,0.0000,19.3295,4.0000,96.0000,AG03-UNRESOLVED,ALL5_LEVELS_bet23_to_bet27,19.3295,19.3295,24.1619,0.0000,0.0000,4.000000,4.000000,5.000000,0.000000,0.000000,96.000000,96.000000,95.000000,100.000000,100.000000,5.0,62.8210,60.1535,420.4173,423.0848,PENDING_AG03,FALSE,NOT_FOR_ENFORCEMENT,463.9088,46319.4703,483.2383,463.9088,19.3295,0.00902045,0.00865963,19.3295,463.9088,0.00865963,19.3295,19.3295,24.1619,0.0000,0.0000,463.9088,0.00865963,62.8210,60.1535,420.4173,423.0848,0.00784779,0.00789758,0.00036082,9.3346,8.4088,0.0842,5.5545,0.2517,615.7635,65.9540,8.3255,9.6426,5.1431,5.1891,8.2617,16.7816,25.8881,44.2602,5.1891,0.0,4.9889,8.529385,1.798876,29,193,98,2,0.20855820,0.00902045,0.00297427,0E-8,0.000000,0.900656,0.000000,0.00763944,2026-03-21,2026-08-06,87,1920,882,139,0.625899,0.863400,0.891889,0.695194,,,,,,,,GLOBAL_BASELINE_NO_ENTITY_RANKING,,,NOT_APPLICABLE_GLOBAL_BASELINE,HF9g-P5,,,,X 全窗基线 · 不参与实体赏罚,8396556,840,A168_HF9F_20260827_0900,2026-08-27 09:00:00
2026-05-13,54653530,752,0,12.9728607753,2.2053863318,2.2053863318,0.5000000,2,2,0.50665070000000000,0.506650700000,-0.018812684590367487,-0.018812684590367487,-0.018812684590367487,0E-17,ELIGIBLE,R03b_20260811_FULL_v1,L1_ELIGIBILITY,v2026-08-11,2026-03-21..2026-08-06,baccarat_bet02_101_all_pairs_incl_sentinel,round_win = game_pnl > 0 (decisive only),COMPATIBILITY_ONLY_NOT_PRODUCTION,53571.4227,48249.4483,483.2383,5739,5738,-0.00902045,-0.00297427,-0.01061372,-0.00902045,-483.2383,53571.4227,OK,0.0000,19.3295,4.0000,96.0000,AG03-UNRESOLVED,ALL5_LEVELS_bet23_to_bet27,19.3295,19.3295,24.1619,0.0000,0.0000,4.000000,4.000000,5.000000,0.000000,0.000000,96.000000,96.000000,95.000000,100.000000,100.000000,5.0,62.8210,60.1535,420.4173,423.0848,PENDING_AG03,FALSE,NOT_FOR_ENFORCEMENT,463.9088,46319.4703,483.2383,463.9088,19.3295,0.00902045,0.00865963,19.3295,463.9088,0.00865963,19.3295,19.3295,24.1619,0.0000,0.0000,463.9088,0.00865963,62.8210,60.1535,420.4173,423.0848,0.00784779,0.00789758,0.00036082,9.3346,8.4088,0.0842,5.5545,0.2517,615.7635,65.9540,8.3255,9.6426,5.1431,5.1891,8.2617,16.7816,25.8881,44.2602,5.1891,0.0,4.9889,8.529385,1.798876,29,193,98,2,0.20855820,0.00902045,0.00297427,0E-8,0.000000,0.900656,0.000000,0.00763944,2026-03-21,2026-08-06,87,1920,882,139,0.625899,0.863400,0.891889,0.695194,,,,,,,,GLOBAL_BASELINE_NO_ENTITY_RANKING,,,NOT_APPLICABLE_GLOBAL_BASELINE,HF9g-P5,,,,X 全窗基线 · 不参与实体赏罚,8396557,840,A168_HF9F_20260827_0900,2026-08-27 09:00:00
2026-05-13,54653530,763,0,54.4860152562,26.8538218048,26.8538218048,0.8571429,9,9,0.50665070000000000,0.506650700000,1.8547942576316225,1.8547942576316225,1.8547942576316225,0E-17,ELIGIBLE,R03b_20260811_FULL_v1,L1_ELIGIBILITY,v2026-08-11,2026-03-21..2026-08-06,baccarat_bet02_101_all_pairs_incl_sentinel,round_win = game_pnl > 0 (decisive only),COMPATIBILITY_ONLY_NOT_PRODUCTION,53571.4227,48249.4483,483.2383,5739,5738,-0.00902045,-0.00297427,-0.01061372,-0.00902045,-483.2383,53571.4227,OK,0.0000,19.3295,4.0000,96.0000,AG03-UNRESOLVED,ALL5_LEVELS_bet23_to_bet27,19.3295,19.3295,24.1619,0.0000,0.0000,4.000000,4.000000,5.000000,0.000000,0.000000,96.000000,96.000000,95.000000,100.000000,100.000000,5.0,62.8210,60.1535,420.4173,423.0848,PENDING_AG03,FALSE,NOT_FOR_ENFORCEMENT,463.9088,46319.4703,483.2383,463.9088,19.3295,0.00902045,0.00865963,19.3295,463.9088,0.00865963,19.3295,19.3295,24.1619,0.0000,0.0000,463.9088,0.00865963,62.8210,60.1535,420.4173,423.0848,0.00784779,0.00789758,0.00036082,9.3346,8.4088,0.0842,5.5545,0.2517,615.7635,65.9540,8.3255,9.6426,5.1431,5.1891,8.2617,16.7816,25.8881,44.2602,5.1891,0.0,4.9889,8.529385,1.798876,29,193,98,2,0.20855820,0.00902045,0.00297427,0E-8,0.000000,0.900656,0.000000,0.00763944,2026-03-21,2026-08-06,87,1920,882,139,0.625899,0.863400,0.891889,0.695194,,,,,,,,GLOBAL_BASELINE_NO_ENTITY_RANKING,,,NOT_APPLICABLE_GLOBAL_BASELINE,HF9g-P5,,,,X 全窗基线 · 不参与实体赏罚,8396558,840,A168_HF9F_20260827_0900,2026-08-27 09:00:00
2026-05-13,54653530,987,0,5.1891443101,0E-10,0E-10,,1,1,0.50665070000000000,0.506650700000,,,,0E-17,NO_DECISIVE_ROUND,R03b_20260811_FULL_v1,L1_ELIGIBILITY,v2026-08-11,2026-03-21..2026-08-06,baccarat_bet02_101_all_pairs_incl_sentinel,round_win = game_pnl > 0 (decisive only),COMPATIBILITY_ONLY_NOT_PRODUCTION,53571.4227,48249.4483,483.2383,5739,5738,-0.00902045,-0.00297427,-0.01061372,-0.00902045,-483.2383,53571.4227,OK,0.0000,19.3295,4.0000,96.0000,AG03-UNRESOLVED,ALL5_LEVELS_bet23_to_bet27,19.3295,19.3295,24.1619,0.0000,0.0000,4.000000,4.000000,5.000000,0.000000,0.000000,96.000000,96.000000,95.000000,100.000000,100.000000,5.0,62.8210,60.1535,420.4173,423.0848,PENDING_AG03,FALSE,NOT_FOR_ENFORCEMENT,463.9088,46319.4703,483.2383,463.9088,19.3295,0.00902045,0.00865963,19.3295,463.9088,0.00865963,19.3295,19.3295,24.1619,0.0000,0.0000,463.9088,0.00865963,62.8210,60.1535,420.4173,423.0848,0.00784779,0.00789758,0.00036082,9.3346,8.4088,0.0842,5.5545,0.2517,615.7635,65.9540,8.3255,9.6426,5.1431,5.1891,8.2617,16.7816,25.8881,44.2602,5.1891,0.0,4.9889,8.529385,1.798876,29,193,98,2,0.20855820,0.00902045,0.00297427,0E-8,0.000000,0.900656,0.000000,0.00763944,2026-03-21,2026-08-06,87,1920,882,139,0.625899,0.863400,0.891889,0.695194,,,,,,,,GLOBAL_BASELINE_NO_ENTITY_RANKING,,,NOT_APPLICABLE_GLOBAL_BASELINE,HF9g-P5,,,,X 全窗基线 · 不参与实体赏罚,8396559,840,A168_HF9F_20260827_0900,2026-08-27 09:00:00
2026-05-14,54653530,-1,1,12.9728607753,2.2053863318,2.2053863318,0.5000000,2,2,0.50665070000000000,0.506650700000,-0.018812684590367487,-0.018812684590367487,-0.018812684590367487,0E-17,SENTINEL_DEALER,R03b_20260811_FULL_v1,L1_ELIGIBILITY,v2026-08-11,2026-03-21..2026-08-06,baccarat_bet02_101_all_pairs_incl_sentinel,round_win = game_pnl > 0 (decisive only),COMPATIBILITY_ONLY_NOT_PRODUCTION,53571.4227,48249.4483,483.2383,5739,5738,-0.00902045,-0.00297427,-0.01061372,-0.00902045,-483.2383,53571.4227,OK,0.0000,19.3295,4.0000,96.0000,AG03-UNRESOLVED,ALL5_LEVELS_bet23_to_bet27,19.3295,19.3295,24.1619,0.0000,0.0000,4.000000,4.000000,5.000000,0.000000,0.000000,96.000000,96.000000,95.000000,100.000000,100.000000,5.0,62.8210,60.1535,420.4173,423.0848,PENDING_AG03,FALSE,NOT_FOR_ENFORCEMENT,463.9088,46319.4703,483.2383,463.9088,19.3295,0.00902045,0.00865963,19.3295,463.9088,0.00865963,19.3295,19.3295,24.1619,0.0000,0.0000,463.9088,0.00865963,62.8210,60.1535,420.4173,423.0848,0.00784779,0.00789758,0.00036082,9.3346,8.4088,0.0842,5.5545,0.2517,615.7635,65.9540,8.3255,9.6426,5.1431,5.1891,8.2617,16.7816,25.8881,44.2602,5.1891,0.0,4.9889,8.529385,1.798876,29,193,98,2,0.20855820,0.00902045,0.00297427,0E-8,0.000000,0.900656,0.000000,0.00763944,2026-03-21,2026-08-06,87,1920,882,139,0.625899,0.863400,0.891889,0.695194,,,,,,,,GLOBAL_BASELINE_NO_ENTITY_RANKING,,,NOT_APPLICABLE_GLOBAL_BASELINE,HF9g-P5,,,,X 全窗基线 · 不参与实体赏罚,8396560,840,A168_HF9F_20260827_0900,2026-08-27 09:00:00
2026-05-14,54653530,1331,0,10.6377458357,4.9296870946,4.9296870946,1.0000000,2,2,0.50665070000000000,0.506650700000,0.9867858985152569,0.9867858985152569,0.9867858985152569,0E-17,ELIGIBLE,R03b_20260811_FULL_v1,L1_ELIGIBILITY,v2026-08-11,2026-03-21..2026-08-06,baccarat_bet02_101_all_pairs_incl_sentinel,round_win = game_pnl > 0 (decisive only),COMPATIBILITY_ONLY_NOT_PRODUCTION,53571.4227,48249.4483,483.2383,5739,5738,-0.00902045,-0.00297427,-0.01061372,-0.00902045,-483.2383,53571.4227,OK,0.0000,19.3295,4.0000,96.0000,AG03-UNRESOLVED,ALL5_LEVELS_bet23_to_bet27,19.3295,19.3295,24.1619,0.0000,0.0000,4.000000,4.000000,5.000000,0.000000,0.000000,96.000000,96.000000,95.000000,100.000000,100.000000,5.0,62.8210,60.1535,420.4173,423.0848,PENDING_AG03,FALSE,NOT_FOR_ENFORCEMENT,463.9088,46319.4703,483.2383,463.9088,19.3295,0.00902045,0.00865963,19.3295,463.9088,0.00865963,19.3295,19.3295,24.1619,0.0000,0.0000,463.9088,0.00865963,62.8210,60.1535,420.4173,423.0848,0.00784779,0.00789758,0.00036082,9.3346,8.4088,0.0842,5.5545,0.2517,615.7635,65.9540,8.3255,9.6426,5.1431,5.1891,8.2617,16.7816,25.8881,44.2602,5.1891,0.0,4.9889,8.529385,1.798876,29,193,98,2,0.20855820,0.00902045,0.00297427,0E-8,0.000000,0.900656,0.000000,0.00763944,2026-03-21,2026-08-06,87,1920,882,139,0.625899,0.863400,0.891889,0.695194,,,,,,,,GLOBAL_BASELINE_NO_ENTITY_RANKING,,,NOT_APPLICABLE_GLOBAL_BASELINE,HF9g-P5,,,,X 全窗基线 · 不参与实体赏罚,8396561,840,A168_HF9F_20260827_0900,2026-08-27 09:00:00
2026-05-14,54653530,1401,0,28.0213792746,-28.0213792746,-28.0213792746,0E-7,3,3,0.50665070000000000,0.506650700000,-1.7552447903592512,-1.7552447903592512,-1.7552447903592512,0E-17,ELIGIBLE,R03b_20260811_FULL_v1,L1_ELIGIBILITY,v2026-08-11,2026-03-21..2026-08-06,baccarat_bet02_101_all_pairs_incl_sentinel,round_win = game_pnl > 0 (decisive only),COMPATIBILITY_ONLY_NOT_PRODUCTION,53571.4227,48249.4483,483.2383,5739,5738,-0.00902045,-0.00297427,-0.01061372,-0.00902045,-483.2383,53571.4227,OK,0.0000,19.3295,4.0000,96.0000,AG03-UNRESOLVED,ALL5_LEVELS_bet23_to_bet27,19.3295,19.3295,24.1619,0.0000,0.0000,4.000000,4.000000,5.000000,0.000000,0.000000,96.000000,96.000000,95.000000,100.000000,100.000000,5.0,62.8210,60.1535,420.4173,423.0848,PENDING_AG03,FALSE,NOT_FOR_ENFORCEMENT,463.9088,46319.4703,483.2383,463.9088,19.3295,0.00902045,0.00865963,19.3295,463.9088,0.00865963,19.3295,19.3295,24.1619,0.0000,0.0000,463.9088,0.00865963,62.8210,60.1535,420.4173,423.0848,0.00784779,0.00789758,0.00036082,9.3346,8.4088,0.0842,5.5545,0.2517,615.7635,65.9540,8.3255,9.6426,5.1431,5.1891,8.2617,16.7816,25.8881,44.2602,5.1891,0.0,4.9889,8.529385,1.798876,29,193,98,2,0.20855820,0.00902045,0.00297427,0E-8,0.000000,0.900656,0.000000,0.00763944,2026-03-21,2026-08-06,87,1920,882,139,0.625899,0.863400,0.891889,0.695194,,,,,,,,GLOBAL_BASELINE_NO_ENTITY_RANKING,,,NOT_APPLICABLE_GLOBAL_BASELINE,HF9g-P5,,,,X 全窗基线 · 不参与实体赏罚,8396562,840,A168_HF9F_20260827_0900,2026-08-27 09:00:00
2026-05-14,54653530,1507,0,5.1891443101,-5.1891443101,-5.1891443101,0E-7,1,1,0.50665070000000000,0.506650700000,-1.013391052207602,-1.013391052207602,-1.013391052207602,0E-17,ELIGIBLE,R03b_20260811_FULL_v1,L1_ELIGIBILITY,v2026-08-11,2026-03-21..2026-08-06,baccarat_bet02_101_all_pairs_incl_sentinel,round_win = game_pnl > 0 (decisive only),COMPATIBILITY_ONLY_NOT_PRODUCTION,53571.4227,48249.4483,483.2383,5739,5738,-0.00902045,-0.00297427,-0.01061372,-0.00902045,-483.2383,53571.4227,OK,0.0000,19.3295,4.0000,96.0000,AG03-UNRESOLVED,ALL5_LEVELS_bet23_to_bet27,19.3295,19.3295,24.1619,0.0000,0.0000,4.000000,4.000000,5.000000,0.000000,0.000000,96.000000,96.000000,95.000000,100.000000,100.000000,5.0,62.8210,60.1535,420.4173,423.0848,PENDING_AG03,FALSE,NOT_FOR_ENFORCEMENT,463.9088,46319.4703,483.2383,463.9088,19.3295,0.00902045,0.00865963,19.3295,463.9088,0.00865963,19.3295,19.3295,24.1619,0.0000,0.0000,463.9088,0.00865963,62.8210,60.1535,420.4173,423.0848,0.00784779,0.00789758,0.00036082,9.3346,8.4088,0.0842,5.5545,0.2517,615.7635,65.9540,8.3255,9.6426,5.1431,5.1891,8.2617,16.7816,25.8881,44.2602,5.1891,0.0,4.9889,8.529385,1.798876,29,193,98,2,0.20855820,0.00902045,0.00297427,0E-8,0.000000,0.900656,0.000000,0.00763944,2026-03-21,2026-08-06,87,1920,882,139,0.625899,0.863400,0.891889,0.695194,,,,,,,,GLOBAL_BASELINE_NO_ENTITY_RANKING,,,NOT_APPLICABLE_GLOBAL_BASELINE,HF9g-P5,,,,X 全窗基线 · 不参与实体赏罚,8396563,840,A168_HF9F_20260827_0900,2026-08-27 09:00:00
2026-05-14,54653530,1951,0,38.6591251103,-28.5402937056,-28.5402937056,0.2500000,4,4,0.50665070000000000,0.506650700000,-1.0266936290537745,-1.0266936290537745,-1.0266936290537745,0E-17,ELIGIBLE,R03b_20260811_FULL_v1,L1_ELIGIBILITY,v2026-08-11,2026-03-21..2026-08-06,baccarat_bet02_101_all_pairs_incl_sentinel,round_win = game_pnl > 0 (decisive only),COMPATIBILITY_ONLY_NOT_PRODUCTION,53571.4227,48249.4483,483.2383,5739,5738,-0.00902045,-0.00297427,-0.01061372,-0.00902045,-483.2383,53571.4227,OK,0.0000,19.3295,4.0000,96.0000,AG03-UNRESOLVED,ALL5_LEVELS_bet23_to_bet27,19.3295,19.3295,24.1619,0.0000,0.0000,4.000000,4.000000,5.000000,0.000000,0.000000,96.000000,96.000000,95.000000,100.000000,100.000000,5.0,62.8210,60.1535,420.4173,423.0848,PENDING_AG03,FALSE,NOT_FOR_ENFORCEMENT,463.9088,46319.4703,483.2383,463.9088,19.3295,0.00902045,0.00865963,19.3295,463.9088,0.00865963,19.3295,19.3295,24.1619,0.0000,0.0000,463.9088,0.00865963,62.8210,60.1535,420.4173,423.0848,0.00784779,0.00789758,0.00036082,9.3346,8.4088,0.0842,5.5545,0.2517,615.7635,65.9540,8.3255,9.6426,5.1431,5.1891,8.2617,16.7816,25.8881,44.2602,5.1891,0.0,4.9889,8.529385,1.798876,29,193,98,2,0.20855820,0.00902045,0.00297427,0E-8,0.000000,0.900656,0.000000,0.00763944,2026-03-21,2026-08-06,87,1920,882,139,0.625899,0.863400,0.891889,0.695194,,,,,,,,GLOBAL_BASELINE_NO_ENTITY_RANKING,,,NOT_APPLICABLE_GLOBAL_BASELINE,HF9g-P5,,,,X 全窗基线 · 不参与实体赏罚,8396564,840,A168_HF9F_20260827_0900,2026-08-27 09:00:00
2026-05-14,54653530,2065,0,5.1891443101,4.9296870946,4.9296870946,1.0000000,1,1,0.50665070000000000,0.506650700000,0.9867858985152569,0.9867858985152569,0.9867858985152569,0E-17,ELIGIBLE,R03b_20260811_FULL_v1,L1_ELIGIBILITY,v2026-08-11,2026-03-21..2026-08-06,baccarat_bet02_101_all_pairs_incl_sentinel,round_win = game_pnl > 0 (decisive only),COMPATIBILITY_ONLY_NOT_PRODUCTION,53571.4227,48249.4483,483.2383,5739,5738,-0.00902045,-0.00297427,-0.01061372,-0.00902045,-483.2383,53571.4227,OK,0.0000,19.3295,4.0000,96.0000,AG03-UNRESOLVED,ALL5_LEVELS_bet23_to_bet27,19.3295,19.3295,24.1619,0.0000,0.0000,4.000000,4.000000,5.000000,0.000000,0.000000,96.000000,96.000000,95.000000,100.000000,100.000000,5.0,62.8210,60.1535,420.4173,423.0848,PENDING_AG03,FALSE,NOT_FOR_ENFORCEMENT,463.9088,46319.4703,483.2383,463.9088,19.3295,0.00902045,0.00865963,19.3295,463.9088,0.00865963,19.3295,19.3295,24.1619,0.0000,0.0000,463.9088,0.00865963,62.8210,60.1535,420.4173,423.0848,0.00784779,0.00789758,0.00036082,9.3346,8.4088,0.0842,5.5545,0.2517,615.7635,65.9540,8.3255,9.6426,5.1431,5.1891,8.2617,16.7816,25.8881,44.2602,5.1891,0.0,4.9889,8.529385,1.798876,29,193,98,2,0.20855820,0.00902045,0.00297427,0E-8,0.000000,0.900656,0.000000,0.00763944,2026-03-21,2026-08-06,87,1920,882,139,0.625899,0.863400,0.891889,0.695194,,,,,,,,GLOBAL_BASELINE_NO_ENTITY_RANKING,,,NOT_APPLICABLE_GLOBAL_BASELINE,HF9g-P5,,,,X 全窗基线 · 不参与实体赏罚,8396565,840,A168_HF9F_20260827_0900,2026-08-27 09:00:00
2026-05-14,54653530,2141,0,31.1348658607,9.3404597582,9.3404597582,0.6000000,5,5,0.50665070000000000,0.506650700000,0.4175076967804994,0.4175076967804994,0.4175076967804994,0E-17,ELIGIBLE,R03b_20260811_FULL_v1,L1_ELIGIBILITY,v2026-08-11,2026-03-21..2026-08-06,baccarat_bet02_101_all_pairs_incl_sentinel,round_win = game_pnl > 0 (decisive only),COMPATIBILITY_ONLY_NOT_PRODUCTION,53571.4227,48249.4483,483.2383,5739,5738,-0.00902045,-0.00297427,-0.01061372,-0.00902045,-483.2383,53571.4227,OK,0.0000,19.3295,4.0000,96.0000,AG03-UNRESOLVED,ALL5_LEVELS_bet23_to_bet27,19.3295,19.3295,24.1619,0.0000,0.0000,4.000000,4.000000,5.000000,0.000000,0.000000,96.000000,96.000000,95.000000,100.000000,100.000000,5.0,62.8210,60.1535,420.4173,423.0848,PENDING_AG03,FALSE,NOT_FOR_ENFORCEMENT,463.9088,46319.4703,483.2383,463.9088,19.3295,0.00902045,0.00865963,19.3295,463.9088,0.00865963,19.3295,19.3295,24.1619,0.0000,0.0000,463.9088,0.00865963,62.8210,60.1535,420.4173,423.0848,0.00784779,0.00789758,0.00036082,9.3346,8.4088,0.0842,5.5545,0.2517,615.7635,65.9540,8.3255,9.6426,5.1431,5.1891,8.2617,16.7816,25.8881,44.2602,5.1891,0.0,4.9889,8.529385,1.798876,29,193,98,2,0.20855820,0.00902045,0.00297427,0E-8,0.000000,0.900656,0.000000,0.00763944,2026-03-21,2026-08-06,87,1920,882,139,0.625899,0.863400,0.891889,0.695194,,,,,,,,GLOBAL_BASELINE_NO_ENTITY_RANKING,,,NOT_APPLICABLE_GLOBAL_BASELINE,HF9g-P5,,,,X 全窗基线 · 不参与实体赏罚,8396566,840,A168_HF9F_20260827_0900,2026-08-27 09:00:00
2026-05-14,54653530,2196,0,12.9728607753,2.2053863318,2.2053863318,0.5000000,2,2,0.50665070000000000,0.506650700000,-0.018812684590367487,-0.018812684590367487,-0.018812684590367487,0E-17,ELIGIBLE,R03b_20260811_FULL_v1,L1_ELIGIBILITY,v2026-08-11,2026-03-21..2026-08-06,baccarat_bet02_101_all_pairs_incl_sentinel,round_win = game_pnl > 0 (decisive only),COMPATIBILITY_ONLY_NOT_PRODUCTION,53571.4227,48249.4483,483.2383,5739,5738,-0.00902045,-0.00297427,-0.01061372,-0.00902045,-483.2383,53571.4227,OK,0.0000,19.3295,4.0000,96.0000,AG03-UNRESOLVED,ALL5_LEVELS_bet23_to_bet27,19.3295,19.3295,24.1619,0.0000,0.0000,4.000000,4.000000,5.000000,0.000000,0.000000,96.000000,96.000000,95.000000,100.000000,100.000000,5.0,62.8210,60.1535,420.4173,423.0848,PENDING_AG03,FALSE,NOT_FOR_ENFORCEMENT,463.9088,46319.4703,483.2383,463.9088,19.3295,0.00902045,0.00865963,19.3295,463.9088,0.00865963,19.3295,19.3295,24.1619,0.0000,0.0000,463.9088,0.00865963,62.8210,60.1535,420.4173,423.0848,0.00784779,0.00789758,0.00036082,9.3346,8.4088,0.0842,5.5545,0.2517,615.7635,65.9540,8.3255,9.6426,5.1431,5.1891,8.2617,16.7816,25.8881,44.2602,5.1891,0.0,4.9889,8.529385,1.798876,29,193,98,2,0.20855820,0.00902045,0.00297427,0E-8,0.000000,0.900656,0.000000,0.00763944,2026-03-21,2026-08-06,87,1920,882,139,0.625899,0.863400,0.891889,0.695194,,,,,,,,GLOBAL_BASELINE_NO_ENTITY_RANKING,,,NOT_APPLICABLE_GLOBAL_BASELINE,HF9g-P5,,,,X 全窗基线 · 不参与实体赏罚,8396567,840,A168_HF9F_20260827_0900,2026-08-27 09:00:00
2026-05-14,54653530,2242,0,5.4486015256,5.1761714493,5.1761714493,1.0000000,1,1,0.50665070000000000,0.506650700000,0.9867858985152569,0.9867858985152569,0.9867858985152569,0E-17,ELIGIBLE,R03b_20260811_FULL_v1,L1_ELIGIBILITY,v2026-08-11,2026-03-21..2026-08-06,baccarat_bet02_101_all_pairs_incl_sentinel,round_win = game_pnl > 0 (decisive only),COMPATIBILITY_ONLY_NOT_PRODUCTION,53571.4227,48249.4483,483.2383,5739,5738,-0.00902045,-0.00297427,-0.01061372,-0.00902045,-483.2383,53571.4227,OK,0.0000,19.3295,4.0000,96.0000,AG03-UNRESOLVED,ALL5_LEVELS_bet23_to_bet27,19.3295,19.3295,24.1619,0.0000,0.0000,4.000000,4.000000,5.000000,0.000000,0.000000,96.000000,96.000000,95.000000,100.000000,100.000000,5.0,62.8210,60.1535,420.4173,423.0848,PENDING_AG03,FALSE,NOT_FOR_ENFORCEMENT,463.9088,46319.4703,483.2383,463.9088,19.3295,0.00902045,0.00865963,19.3295,463.9088,0.00865963,19.3295,19.3295,24.1619,0.0000,0.0000,463.9088,0.00865963,62.8210,60.1535,420.4173,423.0848,0.00784779,0.00789758,0.00036082,9.3346,8.4088,0.0842,5.5545,0.2517,615.7635,65.9540,8.3255,9.6426,5.1431,5.1891,8.2617,16.7816,25.8881,44.2602,5.1891,0.0,4.9889,8.529385,1.798876,29,193,98,2,0.20855820,0.00902045,0.00297427,0E-8,0.000000,0.900656,0.000000,0.00763944,2026-03-21,2026-08-06,87,1920,882,139,0.625899,0.863400,0.891889,0.695194,,,,,,,,GLOBAL_BASELINE_NO_ENTITY_RANKING,,,NOT_APPLICABLE_GLOBAL_BASELINE,HF9g-P5,,,,X 全窗基线 · 不参与实体赏罚,8396568,840,A168_HF9F_20260827_0900,2026-08-27 09:00:00
2026-05-14,54653530,2258,0,11.6755746977,11.0917959628,11.0917959628,1.0000000,1,1,0.50665070000000000,0.506650700000,0.9867858985152569,0.9867858985152569,0.9867858985152569,0E-17,ELIGIBLE,R03b_20260811_FULL_v1,L1_ELIGIBILITY,v2026-08-11,2026-03-21..2026-08-06,baccarat_bet02_101_all_pairs_incl_sentinel,round_win = game_pnl > 0 (decisive only),COMPATIBILITY_ONLY_NOT_PRODUCTION,53571.4227,48249.4483,483.2383,5739,5738,-0.00902045,-0.00297427,-0.01061372,-0.00902045,-483.2383,53571.4227,OK,0.0000,19.3295,4.0000,96.0000,AG03-UNRESOLVED,ALL5_LEVELS_bet23_to_bet27,19.3295,19.3295,24.1619,0.0000,0.0000,4.000000,4.000000,5.000000,0.000000,0.000000,96.000000,96.000000,95.000000,100.000000,100.000000,5.0,62.8210,60.1535,420.4173,423.0848,PENDING_AG03,FALSE,NOT_FOR_ENFORCEMENT,463.9088,46319.4703,483.2383,463.9088,19.3295,0.00902045,0.00865963,19.3295,463.9088,0.00865963,19.3295,19.3295,24.1619,0.0000,0.0000,463.9088,0.00865963,62.8210,60.1535,420.4173,423.0848,0.00784779,0.00789758,0.00036082,9.3346,8.4088,0.0842,5.5545,0.2517,615.7635,65.9540,8.3255,9.6426,5.1431,5.1891,8.2617,16.7816,25.8881,44.2602,5.1891,0.0,4.9889,8.529385,1.798876,29,193,98,2,0.20855820,0.00902045,0.00297427,0E-8,0.000000,0.900656,0.000000,0.00763944,2026-03-21,2026-08-06,87,1920,882,139,0.625899,0.863400,0.891889,0.695194,,,,,,,,GLOBAL_BASELINE_NO_ENTITY_RANKING,,,NOT_APPLICABLE_GLOBAL_BASELINE,HF9g-P5,,,,X 全窗基线 · 不参与实体赏罚,8396569,840,A168_HF9F_20260827_0900,2026-08-27 09:00:00
2026-05-15,54653530,-1,1,65.1237610919,23.6106066110,23.6106066110,0.7000000,11,11,0.50665070000000000,0.506650700000,1.2229565359475965,1.2229565359475965,1.2229565359475965,0E-17,SENTINEL_DEALER,R03b_20260811_FULL_v1,L1_ELIGIBILITY,v2026-08-11,2026-03-21..2026-08-06,baccarat_bet02_101_all_pairs_incl_sentinel,round_win = game_pnl > 0 (decisive only),COMPATIBILITY_ONLY_NOT_PRODUCTION,53571.4227,48249.4483,483.2383,5739,5738,-0.00902045,-0.00297427,-0.01061372,-0.00902045,-483.2383,53571.4227,OK,0.0000,19.3295,4.0000,96.0000,AG03-UNRESOLVED,ALL5_LEVELS_bet23_to_bet27,19.3295,19.3295,24.1619,0.0000,0.0000,4.000000,4.000000,5.000000,0.000000,0.000000,96.000000,96.000000,95.000000,100.000000,100.000000,5.0,62.8210,60.1535,420.4173,423.0848,PENDING_AG03,FALSE,NOT_FOR_ENFORCEMENT,463.9088,46319.4703,483.2383,463.9088,19.3295,0.00902045,0.00865963,19.3295,463.9088,0.00865963,19.3295,19.3295,24.1619,0.0000,0.0000,463.9088,0.00865963,62.8210,60.1535,420.4173,423.0848,0.00784779,0.00789758,0.00036082,9.3346,8.4088,0.0842,5.5545,0.2517,615.7635,65.9540,8.3255,9.6426,5.1431,5.1891,8.2617,16.7816,25.8881,44.2602,5.1891,0.0,4.9889,8.529385,1.798876,29,193,98,2,0.20855820,0.00902045,0.00297427,0E-8,0.000000,0.900656,0.000000,0.00763944,2026-03-21,2026-08-06,87,1920,882,139,0.625899,0.863400,0.891889,0.695194,,,,,,,,GLOBAL_BASELINE_NO_ENTITY_RANKING,,,NOT_APPLICABLE_GLOBAL_BASELINE,HF9g-P5,,,,X 全窗基线 · 不参与实体赏罚,8396570,840,A168_HF9F_20260827_0900,2026-08-27 09:00:00
2026-05-15,54653530,1017,0,97.2964558145,-97.2964558145,-97.2964558145,0E-7,5,5,0.49860758000000000,0.498607580000,-2.2298495325838465,-2.2298495325838465,-2.2298495325838465,0E-17,ELIGIBLE,R03b_20260811_FULL_v1,L1_ELIGIBILITY,v2026-08-11,2026-03-21..2026-08-06,baccarat_bet02_101_all_pairs_incl_sentinel,round_win = game_pnl > 0 (decisive only),COMPATIBILITY_ONLY_NOT_PRODUCTION,53571.4227,48249.4483,483.2383,5739,5738,-0.00902045,-0.00297427,-0.01061372,-0.00902045,-483.2383,53571.4227,OK,0.0000,19.3295,4.0000,96.0000,AG03-UNRESOLVED,ALL5_LEVELS_bet23_to_bet27,19.3295,19.3295,24.1619,0.0000,0.0000,4.000000,4.000000,5.000000,0.000000,0.000000,96.000000,96.000000,95.000000,100.000000,100.000000,5.0,62.8210,60.1535,420.4173,423.0848,PENDING_AG03,FALSE,NOT_FOR_ENFORCEMENT,463.9088,46319.4703,483.2383,463.9088,19.3295,0.00902045,0.00865963,19.3295,463.9088,0.00865963,19.3295,19.3295,24.1619,0.0000,0.0000,463.9088,0.00865963,62.8210,60.1535,420.4173,423.0848,0.00784779,0.00789758,0.00036082,9.3346,8.4088,0.0842,5.5545,0.2517,615.7635,65.9540,8.3255,9.6426,5.1431,5.1891,8.2617,16.7816,25.8881,44.2602,5.1891,0.0,4.9889,8.529385,1.798876,29,193,98,2,0.20855820,0.00902045,0.00297427,0E-8,0.000000,0.900656,0.000000,0.00763944,2026-03-21,2026-08-06,87,1920,882,139,0.625899,0.863400,0.891889,0.695194,,,,,,,,GLOBAL_BASELINE_NO_ENTITY_RANKING,,,NOT_APPLICABLE_GLOBAL_BASELINE,HF9g-P5,,,,X 全窗基线 · 不参与实体赏罚,8396571,840,A168_HF9F_20260827_0900,2026-08-27 09:00:00
2026-05-15,54653530,1304,0,5.1891443101,4.9296870946,4.9296870946,1.0000000,1,1,0.50665070000000000,0.506650700000,0.9867858985152569,0.9867858985152569,0.9867858985152569,0E-17,ELIGIBLE,R03b_20260811_FULL_v1,L1_ELIGIBILITY,v2026-08-11,2026-03-21..2026-08-06,baccarat_bet02_101_all_pairs_incl_sentinel,round_win = game_pnl > 0 (decisive only),COMPATIBILITY_ONLY_NOT_PRODUCTION,53571.4227,48249.4483,483.2383,5739,5738,-0.00902045,-0.00297427,-0.01061372,-0.00902045,-483.2383,53571.4227,OK,0.0000,19.3295,4.0000,96.0000,AG03-UNRESOLVED,ALL5_LEVELS_bet23_to_bet27,19.3295,19.3295,24.1619,0.0000,0.0000,4.000000,4.000000,5.000000,0.000000,0.000000,96.000000,96.000000,95.000000,100.000000,100.000000,5.0,62.8210,60.1535,420.4173,423.0848,PENDING_AG03,FALSE,NOT_FOR_ENFORCEMENT,463.9088,46319.4703,483.2383,463.9088,19.3295,0.00902045,0.00865963,19.3295,463.9088,0.00865963,19.3295,19.3295,24.1619,0.0000,0.0000,463.9088,0.00865963,62.8210,60.1535,420.4173,423.0848,0.00784779,0.00789758,0.00036082,9.3346,8.4088,0.0842,5.5545,0.2517,615.7635,65.9540,8.3255,9.6426,5.1431,5.1891,8.2617,16.7816,25.8881,44.2602,5.1891,0.0,4.9889,8.529385,1.798876,29,193,98,2,0.20855820,0.00902045,0.00297427,0E-8,0.000000,0.900656,0.000000,0.00763944,2026-03-21,2026-08-06,87,1920,882,139,0.625899,0.863400,0.891889,0.695194,,,,,,,,GLOBAL_BASELINE_NO_ENTITY_RANKING,,,NOT_APPLICABLE_GLOBAL_BASELINE,HF9g-P5,,,,X 全窗基线 · 不参与实体赏罚,8396572,840,A168_HF9F_20260827_0900,2026-08-27 09:00:00
2026-05-15,54653530,1306,0,10.6377458357,10.1058585439,10.1058585439,1.0000000,2,2,0.50665070000000000,0.506650700000,1.3955260008387969,1.3955260008387969,1.3955260008387969,0E-17,ELIGIBLE,R03b_20260811_FULL_v1,L1_ELIGIBILITY,v2026-08-11,2026-03-21..2026-08-06,baccarat_bet02_101_all_pairs_incl_sentinel,round_win = game_pnl > 0 (decisive only),COMPATIBILITY_ONLY_NOT_PRODUCTION,53571.4227,48249.4483,483.2383,5739,5738,-0.00902045,-0.00297427,-0.01061372,-0.00902045,-483.2383,53571.4227,OK,0.0000,19.3295,4.0000,96.0000,AG03-UNRESOLVED,ALL5_LEVELS_bet23_to_bet27,19.3295,19.3295,24.1619,0.0000,0.0000,4.000000,4.000000,5.000000,0.000000,0.000000,96.000000,96.000000,95.000000,100.000000,100.000000,5.0,62.8210,60.1535,420.4173,423.0848,PENDING_AG03,FALSE,NOT_FOR_ENFORCEMENT,463.9088,46319.4703,483.2383,463.9088,19.3295,0.00902045,0.00865963,19.3295,463.9088,0.00865963,19.3295,19.3295,24.1619,0.0000,0.0000,463.9088,0.00865963,62.8210,60.1535,420.4173,423.0848,0.00784779,0.00789758,0.00036082,9.3346,8.4088,0.0842,5.5545,0.2517,615.7635,65.9540,8.3255,9.6426,5.1431,5.1891,8.2617,16.7816,25.8881,44.2602,5.1891,0.0,4.9889,8.529385,1.798876,29,193,98,2,0.20855820,0.00902045,0.00297427,0E-8,0.000000,0.900656,0.000000,0.00763944,2026-03-21,2026-08-06,87,1920,882,139,0.625899,0.863400,0.891889,0.695194,,,,,,,,GLOBAL_BASELINE_NO_ENTITY_RANKING,,,NOT_APPLICABLE_GLOBAL_BASELINE,HF9g-P5,,,,X 全窗基线 · 不参与实体赏罚,8396573,840,A168_HF9F_20260827_0900,2026-08-27 09:00:00
2026-05-15,54653530,1307,0,102.4856001245,-71.6101914794,-71.6101914794,0.2000000,6,6,0.50665070000000000,0.506650700000,-1.3715049547573244,-1.3715049547573244,-1.3715049547573244,0E-17,ELIGIBLE,R03b_20260811_FULL_v1,L1_ELIGIBILITY,v2026-08-11,2026-03-21..2026-08-06,baccarat_bet02_101_all_pairs_incl_sentinel,round_win = game_pnl > 0 (decisive only),COMPATIBILITY_ONLY_NOT_PRODUCTION,53571.4227,48249.4483,483.2383,5739,5738,-0.00902045,-0.00297427,-0.01061372,-0.00902045,-483.2383,53571.4227,OK,0.0000,19.3295,4.0000,96.0000,AG03-UNRESOLVED,ALL5_LEVELS_bet23_to_bet27,19.3295,19.3295,24.1619,0.0000,0.0000,4.000000,4.000000,5.000000,0.000000,0.000000,96.000000,96.000000,95.000000,100.000000,100.000000,5.0,62.8210,60.1535,420.4173,423.0848,PENDING_AG03,FALSE,NOT_FOR_ENFORCEMENT,463.9088,46319.4703,483.2383,463.9088,19.3295,0.00902045,0.00865963,19.3295,463.9088,0.00865963,19.3295,19.3295,24.1619,0.0000,0.0000,463.9088,0.00865963,62.8210,60.1535,420.4173,423.0848,0.00784779,0.00789758,0.00036082,9.3346,8.4088,0.0842,5.5545,0.2517,615.7635,65.9540,8.3255,9.6426,5.1431,5.1891,8.2617,16.7816,25.8881,44.2602,5.1891,0.0,4.9889,8.529385,1.798876,29,193,98,2,0.20855820,0.00902045,0.00297427,0E-8,0.000000,0.900656,0.000000,0.00763944,2026-03-21,2026-08-06,87,1920,882,139,0.625899,0.863400,0.891889,0.695194,,,,,,,,GLOBAL_BASELINE_NO_ENTITY_RANKING,,,NOT_APPLICABLE_GLOBAL_BASELINE,HF9g-P5,,,,X 全窗基线 · 不参与实体赏罚,8396574,840,A168_HF9F_20260827_0900,2026-08-27 09:00:00
2026-05-15,54653530,1318,0,148.1500700535,-14.2312282705,-14.2312282705,0.3076923,15,15,0.50665070000000000,0.506650700000,-1.4348363067286125,-1.4348363067286125,-1.4348363067286125,0E-17,ELIGIBLE,R03b_20260811_FULL_v1,L1_ELIGIBILITY,v2026-08-11,2026-03-21..2026-08-06,baccarat_bet02_101_all_pairs_incl_sentinel,round_win = game_pnl > 0 (decisive only),COMPATIBILITY_ONLY_NOT_PRODUCTION,53571.4227,48249.4483,483.2383,5739,5738,-0.00902045,-0.00297427,-0.01061372,-0.00902045,-483.2383,53571.4227,OK,0.0000,19.3295,4.0000,96.0000,AG03-UNRESOLVED,ALL5_LEVELS_bet23_to_bet27,19.3295,19.3295,24.1619,0.0000,0.0000,4.000000,4.000000,5.000000,0.000000,0.000000,96.000000,96.000000,95.000000,100.000000,100.000000,5.0,62.8210,60.1535,420.4173,423.0848,PENDING_AG03,FALSE,NOT_FOR_ENFORCEMENT,463.9088,46319.4703,483.2383,463.9088,19.3295,0.00902045,0.00865963,19.3295,463.9088,0.00865963,19.3295,19.3295,24.1619,0.0000,0.0000,463.9088,0.00865963,62.8210,60.1535,420.4173,423.0848,0.00784779,0.00789758,0.00036082,9.3346,8.4088,0.0842,5.5545,0.2517,615.7635,65.9540,8.3255,9.6426,5.1431,5.1891,8.2617,16.7816,25.8881,44.2602,5.1891,0.0,4.9889,8.529385,1.798876,29,193,98,2,0.20855820,0.00902045,0.00297427,0E-8,0.000000,0.900656,0.000000,0.00763944,2026-03-21,2026-08-06,87,1920,882,139,0.625899,0.863400,0.891889,0.695194,,,,,,,,GLOBAL_BASELINE_NO_ENTITY_RANKING,,,NOT_APPLICABLE_GLOBAL_BASELINE,HF9g-P5,,,,X 全窗基线 · 不参与实体赏罚,8396575,840,A168_HF9F_20260827_0900,2026-08-27 09:00:00
2026-05-15,54653530,1323,0,5.1891443101,4.9296870946,4.9296870946,1.0000000,1,1,0.50665070000000000,0.506650700000,0.9867858985152569,0.9867858985152569,0.9867858985152569,0E-17,ELIGIBLE,R03b_20260811_FULL_v1,L1_ELIGIBILITY,v2026-08-11,2026-03-21..2026-08-06,baccarat_bet02_101_all_pairs_incl_sentinel,round_win = game_pnl > 0 (decisive only),COMPATIBILITY_ONLY_NOT_PRODUCTION,53571.4227,48249.4483,483.2383,5739,5738,-0.00902045,-0.00297427,-0.01061372,-0.00902045,-483.2383,53571.4227,OK,0.0000,19.3295,4.0000,96.0000,AG03-UNRESOLVED,ALL5_LEVELS_bet23_to_bet27,19.3295,19.3295,24.1619,0.0000,0.0000,4.000000,4.000000,5.000000,0.000000,0.000000,96.000000,96.000000,95.000000,100.000000,100.000000,5.0,62.8210,60.1535,420.4173,423.0848,PENDING_AG03,FALSE,NOT_FOR_ENFORCEMENT,463.9088,46319.4703,483.2383,463.9088,19.3295,0.00902045,0.00865963,19.3295,463.9088,0.00865963,19.3295,19.3295,24.1619,0.0000,0.0000,463.9088,0.00865963,62.8210,60.1535,420.4173,423.0848,0.00784779,0.00789758,0.00036082,9.3346,8.4088,0.0842,5.5545,0.2517,615.7635,65.9540,8.3255,9.6426,5.1431,5.1891,8.2617,16.7816,25.8881,44.2602,5.1891,0.0,4.9889,8.529385,1.798876,29,193,98,2,0.20855820,0.00902045,0.00297427,0E-8,0.000000,0.900656,0.000000,0.00763944,2026-03-21,2026-08-06,87,1920,882,139,0.625899,0.863400,0.891889,0.695194,,,,,,,,GLOBAL_BASELINE_NO_ENTITY_RANKING,,,NOT_APPLICABLE_GLOBAL_BASELINE,HF9g-P5,,,,X 全窗基线 · 不参与实体赏罚,8396576,840,A168_HF9F_20260827_0900,2026-08-27 09:00:00
2026-05-15,54653530,1353,0,44.8860982824,11.9090861917,11.9090861917,0.6000000,6,6,0.50665070000000000,0.506650700000,0.4175076967804994,0.4175076967804994,0.4175076967804994,0E-17,ELIGIBLE,R03b_20260811_FULL_v1,L1_ELIGIBILITY,v2026-08-11,2026-03-21..2026-08-06,baccarat_bet02_101_all_pairs_incl_sentinel,round_win = game_pnl > 0 (decisive only),COMPATIBILITY_ONLY_NOT_PRODUCTION,53571.4227,48249.4483,483.2383,5739,5738,-0.00902045,-0.00297427,-0.01061372,-0.00902045,-483.2383,53571.4227,OK,0.0000,19.3295,4.0000,96.0000,AG03-UNRESOLVED,ALL5_LEVELS_bet23_to_bet27,19.3295,19.3295,24.1619,0.0000,0.0000,4.000000,4.000000,5.000000,0.000000,0.000000,96.000000,96.000000,95.000000,100.000000,100.000000,5.0,62.8210,60.1535,420.4173,423.0848,PENDING_AG03,FALSE,NOT_FOR_ENFORCEMENT,463.9088,46319.4703,483.2383,463.9088,19.3295,0.00902045,0.00865963,19.3295,463.9088,0.00865963,19.3295,19.3295,24.1619,0.0000,0.0000,463.9088,0.00865963,62.8210,60.1535,420.4173,423.0848,0.00784779,0.00789758,0.00036082,9.3346,8.4088,0.0842,5.5545,0.2517,615.7635,65.9540,8.3255,9.6426,5.1431,5.1891,8.2617,16.7816,25.8881,44.2602,5.1891,0.0,4.9889,8.529385,1.798876,29,193,98,2,0.20855820,0.00902045,0.00297427,0E-8,0.000000,0.900656,0.000000,0.00763944,2026-03-21,2026-08-06,87,1920,882,139,0.625899,0.863400,0.891889,0.695194,,,,,,,,GLOBAL_BASELINE_NO_ENTITY_RANKING,,,NOT_APPLICABLE_GLOBAL_BASELINE,HF9g-P5,,,,X 全窗基线 · 不参与实体赏罚,8396577,840,A168_HF9F_20260827_0900,2026-08-27 09:00:00
2026-05-15,54653530,1382,0,5.1891443101,4.9296870946,4.9296870946,1.0000000,1,1,0.50665070000000000,0.506650700000,0.9867858985152569,0.9867858985152569,0.9867858985152569,0E-17,ELIGIBLE,R03b_20260811_FULL_v1,L1_ELIGIBILITY,v2026-08-11,2026-03-21..2026-08-06,baccarat_bet02_101_all_pairs_incl_sentinel,round_win = game_pnl > 0 (decisive only),COMPATIBILITY_ONLY_NOT_PRODUCTION,53571.4227,48249.4483,483.2383,5739,5738,-0.00902045,-0.00297427,-0.01061372,-0.00902045,-483.2383,53571.4227,OK,0.0000,19.3295,4.0000,96.0000,AG03-UNRESOLVED,ALL5_LEVELS_bet23_to_bet27,19.3295,19.3295,24.1619,0.0000,0.0000,4.000000,4.000000,5.000000,0.000000,0.000000,96.000000,96.000000,95.000000,100.000000,100.000000,5.0,62.8210,60.1535,420.4173,423.0848,PENDING_AG03,FALSE,NOT_FOR_ENFORCEMENT,463.9088,46319.4703,483.2383,463.9088,19.3295,0.00902045,0.00865963,19.3295,463.9088,0.00865963,19.3295,19.3295,24.1619,0.0000,0.0000,463.9088,0.00865963,62.8210,60.1535,420.4173,423.0848,0.00784779,0.00789758,0.00036082,9.3346,8.4088,0.0842,5.5545,0.2517,615.7635,65.9540,8.3255,9.6426,5.1431,5.1891,8.2617,16.7816,25.8881,44.2602,5.1891,0.0,4.9889,8.529385,1.798876,29,193,98,2,0.20855820,0.00902045,0.00297427,0E-8,0.000000,0.900656,0.000000,0.00763944,2026-03-21,2026-08-06,87,1920,882,139,0.625899,0.863400,0.891889,0.695194,,,,,,,,GLOBAL_BASELINE_NO_ENTITY_RANKING,,,NOT_APPLICABLE_GLOBAL_BASELINE,HF9g-P5,,,,X 全窗基线 · 不参与实体赏罚,8396578,840,A168_HF9F_20260827_0900,2026-08-27 09:00:00
2026-05-15,54653530,1396,0,25.9457215505,24.6484354730,24.6484354730,1.0000000,5,5,0.50665070000000000,0.506650700000,2.2065203483183233,2.2065203483183233,2.2065203483183233,0E-17,ELIGIBLE,R03b_20260811_FULL_v1,L1_ELIGIBILITY,v2026-08-11,2026-03-21..2026-08-06,baccarat_bet02_101_all_pairs_incl_sentinel,round_win = game_pnl > 0 (decisive only),COMPATIBILITY_ONLY_NOT_PRODUCTION,53571.4227,48249.4483,483.2383,5739,5738,-0.00902045,-0.00297427,-0.01061372,-0.00902045,-483.2383,53571.4227,OK,0.0000,19.3295,4.0000,96.0000,AG03-UNRESOLVED,ALL5_LEVELS_bet23_to_bet27,19.3295,19.3295,24.1619,0.0000,0.0000,4.000000,4.000000,5.000000,0.000000,0.000000,96.000000,96.000000,95.000000,100.000000,100.000000,5.0,62.8210,60.1535,420.4173,423.0848,PENDING_AG03,FALSE,NOT_FOR_ENFORCEMENT,463.9088,46319.4703,483.2383,463.9088,19.3295,0.00902045,0.00865963,19.3295,463.9088,0.00865963,19.3295,19.3295,24.1619,0.0000,0.0000,463.9088,0.00865963,62.8210,60.1535,420.4173,423.0848,0.00784779,0.00789758,0.00036082,9.3346,8.4088,0.0842,5.5545,0.2517,615.7635,65.9540,8.3255,9.6426,5.1431,5.1891,8.2617,16.7816,25.8881,44.2602,5.1891,0.0,4.9889,8.529385,1.798876,29,193,98,2,0.20855820,0.00902045,0.00297427,0E-8,0.000000,0.900656,0.000000,0.00763944,2026-03-21,2026-08-06,87,1920,882,139,0.625899,0.863400,0.891889,0.695194,,,,,,,,GLOBAL_BASELINE_NO_ENTITY_RANKING,,,NOT_APPLICABLE_GLOBAL_BASELINE,HF9g-P5,,,,X 全窗基线 · 不参与实体赏罚,8396579,840,A168_HF9F_20260827_0900,2026-08-27 09:00:00
2026-05-15,54653530,1401,0,21.2754916714,5.1631985885,5.1631985885,0.6666667,4,4,0.50665070000000000,0.506650700000,0.5543606114942035,0.5543606114942035,0.5543606114942035,0E-17,ELIGIBLE,R03b_20260811_FULL_v1,L1_ELIGIBILITY,v2026-08-11,2026-03-21..2026-08-06,baccarat_bet02_101_all_pairs_incl_sentinel,round_win = game_pnl > 0 (decisive only),COMPATIBILITY_ONLY_NOT_PRODUCTION,53571.4227,48249.4483,483.2383,5739,5738,-0.00902045,-0.00297427,-0.01061372,-0.00902045,-483.2383,53571.4227,OK,0.0000,19.3295,4.0000,96.0000,AG03-UNRESOLVED,ALL5_LEVELS_bet23_to_bet27,19.3295,19.3295,24.1619,0.0000,0.0000,4.000000,4.000000,5.000000,0.000000,0.000000,96.000000,96.000000,95.000000,100.000000,100.000000,5.0,62.8210,60.1535,420.4173,423.0848,PENDING_AG03,FALSE,NOT_FOR_ENFORCEMENT,463.9088,46319.4703,483.2383,463.9088,19.3295,0.00902045,0.00865963,19.3295,463.9088,0.00865963,19.3295,19.3295,24.1619,0.0000,0.0000,463.9088,0.00865963,62.8210,60.1535,420.4173,423.0848,0.00784779,0.00789758,0.00036082,9.3346,8.4088,0.0842,5.5545,0.2517,615.7635,65.9540,8.3255,9.6426,5.1431,5.1891,8.2617,16.7816,25.8881,44.2602,5.1891,0.0,4.9889,8.529385,1.798876,29,193,98,2,0.20855820,0.00902045,0.00297427,0E-8,0.000000,0.900656,0.000000,0.00763944,2026-03-21,2026-08-06,87,1920,882,139,0.625899,0.863400,0.891889,0.695194,,,,,,,,GLOBAL_BASELINE_NO_ENTITY_RANKING,,,NOT_APPLICABLE_GLOBAL_BASELINE,HF9g-P5,,,,X 全窗基线 · 不参与实体赏罚,8396580,840,A168_HF9F_20260827_0900,2026-08-27 09:00:00
2026-05-15,54653530,1405,0,13.2323179908,2.4518706865,2.4518706865,0.5000000,2,2,0.50665070000000000,0.506650700000,-0.018812684590367487,-0.018812684590367487,-0.018812684590367487,0E-17,ELIGIBLE,R03b_20260811_FULL_v1,L1_ELIGIBILITY,v2026-08-11,2026-03-21..2026-08-06,baccarat_bet02_101_all_pairs_incl_sentinel,round_win = game_pnl > 0 (decisive only),COMPATIBILITY_ONLY_NOT_PRODUCTION,53571.4227,48249.4483,483.2383,5739,5738,-0.00902045,-0.00297427,-0.01061372,-0.00902045,-483.2383,53571.4227,OK,0.0000,19.3295,4.0000,96.0000,AG03-UNRESOLVED,ALL5_LEVELS_bet23_to_bet27,19.3295,19.3295,24.1619,0.0000,0.0000,4.000000,4.000000,5.000000,0.000000,0.000000,96.000000,96.000000,95.000000,100.000000,100.000000,5.0,62.8210,60.1535,420.4173,423.0848,PENDING_AG03,FALSE,NOT_FOR_ENFORCEMENT,463.9088,46319.4703,483.2383,463.9088,19.3295,0.00902045,0.00865963,19.3295,463.9088,0.00865963,19.3295,19.3295,24.1619,0.0000,0.0000,463.9088,0.00865963,62.8210,60.1535,420.4173,423.0848,0.00784779,0.00789758,0.00036082,9.3346,8.4088,0.0842,5.5545,0.2517,615.7635,65.9540,8.3255,9.6426,5.1431,5.1891,8.2617,16.7816,25.8881,44.2602,5.1891,0.0,4.9889,8.529385,1.798876,29,193,98,2,0.20855820,0.00902045,0.00297427,0E-8,0.000000,0.900656,0.000000,0.00763944,2026-03-21,2026-08-06,87,1920,882,139,0.625899,0.863400,0.891889,0.695194,,,,,,,,GLOBAL_BASELINE_NO_ENTITY_RANKING,,,NOT_APPLICABLE_GLOBAL_BASELINE,HF9g-P5,,,,X 全窗基线 · 不参与实体赏罚,8396581,840,A168_HF9F_20260827_0900,2026-08-27 09:00:00
2026-05-15,54653530,1505,0,35.5456385242,7.4593949457,7.4593949457,0.5000000,4,4,0.50665070000000000,0.506650700000,-0.02660515369234503,-0.02660515369234503,-0.02660515369234503,0E-17,ELIGIBLE,R03b_20260811_FULL_v1,L1_ELIGIBILITY,v2026-08-11,2026-03-21..2026-08-06,baccarat_bet02_101_all_pairs_incl_sentinel,round_win = game_pnl > 0 (decisive only),COMPATIBILITY_ONLY_NOT_PRODUCTION,53571.4227,48249.4483,483.2383,5739,5738,-0.00902045,-0.00297427,-0.01061372,-0.00902045,-483.2383,53571.4227,OK,0.0000,19.3295,4.0000,96.0000,AG03-UNRESOLVED,ALL5_LEVELS_bet23_to_bet27,19.3295,19.3295,24.1619,0.0000,0.0000,4.000000,4.000000,5.000000,0.000000,0.000000,96.000000,96.000000,95.000000,100.000000,100.000000,5.0,62.8210,60.1535,420.4173,423.0848,PENDING_AG03,FALSE,NOT_FOR_ENFORCEMENT,463.9088,46319.4703,483.2383,463.9088,19.3295,0.00902045,0.00865963,19.3295,463.9088,0.00865963,19.3295,19.3295,24.1619,0.0000,0.0000,463.9088,0.00865963,62.8210,60.1535,420.4173,423.0848,0.00784779,0.00789758,0.00036082,9.3346,8.4088,0.0842,5.5545,0.2517,615.7635,65.9540,8.3255,9.6426,5.1431,5.1891,8.2617,16.7816,25.8881,44.2602,5.1891,0.0,4.9889,8.529385,1.798876,29,193,98,2,0.20855820,0.00902045,0.00297427,0E-8,0.000000,0.900656,0.000000,0.00763944,2026-03-21,2026-08-06,87,1920,882,139,0.625899,0.863400,0.891889,0.695194,,,,,,,,GLOBAL_BASELINE_NO_ENTITY_RANKING,,,NOT_APPLICABLE_GLOBAL_BASELINE,HF9g-P5,,,,X 全窗基线 · 不参与实体赏罚,8396582,840,A168_HF9F_20260827_0900,2026-08-27 09:00:00
2026-05-15,54653530,1623,0,14.2701468528,3.4378081054,3.4378081054,0.5000000,2,2,0.50665070000000000,0.506650700000,-0.018812684590367487,-0.018812684590367487,-0.018812684590367487,0E-17,ELIGIBLE,R03b_20260811_FULL_v1,L1_ELIGIBILITY,v2026-08-11,2026-03-21..2026-08-06,baccarat_bet02_101_all_pairs_incl_sentinel,round_win = game_pnl > 0 (decisive only),COMPATIBILITY_ONLY_NOT_PRODUCTION,53571.4227,48249.4483,483.2383,5739,5738,-0.00902045,-0.00297427,-0.01061372,-0.00902045,-483.2383,53571.4227,OK,0.0000,19.3295,4.0000,96.0000,AG03-UNRESOLVED,ALL5_LEVELS_bet23_to_bet27,19.3295,19.3295,24.1619,0.0000,0.0000,4.000000,4.000000,5.000000,0.000000,0.000000,96.000000,96.000000,95.000000,100.000000,100.000000,5.0,62.8210,60.1535,420.4173,423.0848,PENDING_AG03,FALSE,NOT_FOR_ENFORCEMENT,463.9088,46319.4703,483.2383,463.9088,19.3295,0.00902045,0.00865963,19.3295,463.9088,0.00865963,19.3295,19.3295,24.1619,0.0000,0.0000,463.9088,0.00865963,62.8210,60.1535,420.4173,423.0848,0.00784779,0.00789758,0.00036082,9.3346,8.4088,0.0842,5.5545,0.2517,615.7635,65.9540,8.3255,9.6426,5.1431,5.1891,8.2617,16.7816,25.8881,44.2602,5.1891,0.0,4.9889,8.529385,1.798876,29,193,98,2,0.20855820,0.00902045,0.00297427,0E-8,0.000000,0.900656,0.000000,0.00763944,2026-03-21,2026-08-06,87,1920,882,139,0.625899,0.863400,0.891889,0.695194,,,,,,,,GLOBAL_BASELINE_NO_ENTITY_RANKING,,,NOT_APPLICABLE_GLOBAL_BASELINE,HF9g-P5,,,,X 全窗基线 · 不参与实体赏罚,8396583,840,A168_HF9F_20260827_0900,2026-08-27 09:00:00
2026-05-15,54653530,1646,0,50.5941570235,10.1188314047,10.1188314047,0.5000000,4,4,0.50665070000000000,0.506650700000,-0.02660515369234503,-0.02660515369234503,-0.02660515369234503,0E-17,ELIGIBLE,R03b_20260811_FULL_v1,L1_ELIGIBILITY,v2026-08-11,2026-03-21..2026-08-06,baccarat_bet02_101_all_pairs_incl_sentinel,round_win = game_pnl > 0 (decisive only),COMPATIBILITY_ONLY_NOT_PRODUCTION,53571.4227,48249.4483,483.2383,5739,5738,-0.00902045,-0.00297427,-0.01061372,-0.00902045,-483.2383,53571.4227,OK,0.0000,19.3295,4.0000,96.0000,AG03-UNRESOLVED,ALL5_LEVELS_bet23_to_bet27,19.3295,19.3295,24.1619,0.0000,0.0000,4.000000,4.000000,5.000000,0.000000,0.000000,96.000000,96.000000,95.000000,100.000000,100.000000,5.0,62.8210,60.1535,420.4173,423.0848,PENDING_AG03,FALSE,NOT_FOR_ENFORCEMENT,463.9088,46319.4703,483.2383,463.9088,19.3295,0.00902045,0.00865963,19.3295,463.9088,0.00865963,19.3295,19.3295,24.1619,0.0000,0.0000,463.9088,0.00865963,62.8210,60.1535,420.4173,423.0848,0.00784779,0.00789758,0.00036082,9.3346,8.4088,0.0842,5.5545,0.2517,615.7635,65.9540,8.3255,9.6426,5.1431,5.1891,8.2617,16.7816,25.8881,44.2602,5.1891,0.0,4.9889,8.529385,1.798876,29,193,98,2,0.20855820,0.00902045,0.00297427,0E-8,0.000000,0.900656,0.000000,0.00763944,2026-03-21,2026-08-06,87,1920,882,139,0.625899,0.863400,0.891889,0.695194,,,,,,,,GLOBAL_BASELINE_NO_ENTITY_RANKING,,,NOT_APPLICABLE_GLOBAL_BASELINE,HF9g-P5,,,,X 全窗基线 · 不参与实体赏罚,8396584,840,A168_HF9F_20260827_0900,2026-08-27 09:00:00
2026-05-15,54653530,1942,0,5.1891443101,0E-10,0E-10,,1,1,0.50665070000000000,0.506650700000,,,,0E-17,NO_DECISIVE_ROUND,R03b_20260811_FULL_v1,L1_ELIGIBILITY,v2026-08-11,2026-03-21..2026-08-06,baccarat_bet02_101_all_pairs_incl_sentinel,round_win = game_pnl > 0 (decisive only),COMPATIBILITY_ONLY_NOT_PRODUCTION,53571.4227,48249.4483,483.2383,5739,5738,-0.00902045,-0.00297427,-0.01061372,-0.00902045,-483.2383,53571.4227,OK,0.0000,19.3295,4.0000,96.0000,AG03-UNRESOLVED,ALL5_LEVELS_bet23_to_bet27,19.3295,19.3295,24.1619,0.0000,0.0000,4.000000,4.000000,5.000000,0.000000,0.000000,96.000000,96.000000,95.000000,100.000000,100.000000,5.0,62.8210,60.1535,420.4173,423.0848,PENDING_AG03,FALSE,NOT_FOR_ENFORCEMENT,463.9088,46319.4703,483.2383,463.9088,19.3295,0.00902045,0.00865963,19.3295,463.9088,0.00865963,19.3295,19.3295,24.1619,0.0000,0.0000,463.9088,0.00865963,62.8210,60.1535,420.4173,423.0848,0.00784779,0.00789758,0.00036082,9.3346,8.4088,0.0842,5.5545,0.2517,615.7635,65.9540,8.3255,9.6426,5.1431,5.1891,8.2617,16.7816,25.8881,44.2602,5.1891,0.0,4.9889,8.529385,1.798876,29,193,98,2,0.20855820,0.00902045,0.00297427,0E-8,0.000000,0.900656,0.000000,0.00763944,2026-03-21,2026-08-06,87,1920,882,139,0.625899,0.863400,0.891889,0.695194,,,,,,,,GLOBAL_BASELINE_NO_ENTITY_RANKING,,,NOT_APPLICABLE_GLOBAL_BASELINE,HF9g-P5,,,,X 全窗基线 · 不参与实体赏罚,8396585,840,A168_HF9F_20260827_0900,2026-08-27 09:00:00
2026-05-15,54653530,1947,0,15.8268901458,15.0355456385,15.0355456385,1.0000000,2,2,0.50665070000000000,0.506650700000,1.3955260008387969,1.3955260008387969,1.3955260008387969,0E-17,ELIGIBLE,R03b_20260811_FULL_v1,L1_ELIGIBILITY,v2026-08-11,2026-03-21..2026-08-06,baccarat_bet02_101_all_pairs_incl_sentinel,round_win = game_pnl > 0 (decisive only),COMPATIBILITY_ONLY_NOT_PRODUCTION,53571.4227,48249.4483,483.2383,5739,5738,-0.00902045,-0.00297427,-0.01061372,-0.00902045,-483.2383,53571.4227,OK,0.0000,19.3295,4.0000,96.0000,AG03-UNRESOLVED,ALL5_LEVELS_bet23_to_bet27,19.3295,19.3295,24.1619,0.0000,0.0000,4.000000,4.000000,5.000000,0.000000,0.000000,96.000000,96.000000,95.000000,100.000000,100.000000,5.0,62.8210,60.1535,420.4173,423.0848,PENDING_AG03,FALSE,NOT_FOR_ENFORCEMENT,463.9088,46319.4703,483.2383,463.9088,19.3295,0.00902045,0.00865963,19.3295,463.9088,0.00865963,19.3295,19.3295,24.1619,0.0000,0.0000,463.9088,0.00865963,62.8210,60.1535,420.4173,423.0848,0.00784779,0.00789758,0.00036082,9.3346,8.4088,0.0842,5.5545,0.2517,615.7635,65.9540,8.3255,9.6426,5.1431,5.1891,8.2617,16.7816,25.8881,44.2602,5.1891,0.0,4.9889,8.529385,1.798876,29,193,98,2,0.20855820,0.00902045,0.00297427,0E-8,0.000000,0.900656,0.000000,0.00763944,2026-03-21,2026-08-06,87,1920,882,139,0.625899,0.863400,0.891889,0.695194,,,,,,,,GLOBAL_BASELINE_NO_ENTITY_RANKING,,,NOT_APPLICABLE_GLOBAL_BASELINE,HF9g-P5,,,,X 全窗基线 · 不参与实体赏罚,8396586,840,A168_HF9F_20260827_0900,2026-08-27 09:00:00
2026-05-15,54653530,2093,0,42.2915261273,24.6224897515,24.6224897515,0.8333333,7,7,0.50665070000000000,0.506650700000,1.6005531159783741,1.6005531159783741,1.6005531159783741,0E-17,ELIGIBLE,R03b_20260811_FULL_v1,L1_ELIGIBILITY,v2026-08-11,2026-03-21..2026-08-06,baccarat_bet02_101_all_pairs_incl_sentinel,round_win = game_pnl > 0 (decisive only),COMPATIBILITY_ONLY_NOT_PRODUCTION,53571.4227,48249.4483,483.2383,5739,5738,-0.00902045,-0.00297427,-0.01061372,-0.00902045,-483.2383,53571.4227,OK,0.0000,19.3295,4.0000,96.0000,AG03-UNRESOLVED,ALL5_LEVELS_bet23_to_bet27,19.3295,19.3295,24.1619,0.0000,0.0000,4.000000,4.000000,5.000000,0.000000,0.000000,96.000000,96.000000,95.000000,100.000000,100.000000,5.0,62.8210,60.1535,420.4173,423.0848,PENDING_AG03,FALSE,NOT_FOR_ENFORCEMENT,463.9088,46319.4703,483.2383,463.9088,19.3295,0.00902045,0.00865963,19.3295,463.9088,0.00865963,19.3295,19.3295,24.1619,0.0000,0.0000,463.9088,0.00865963,62.8210,60.1535,420.4173,423.0848,0.00784779,0.00789758,0.00036082,9.3346,8.4088,0.0842,5.5545,0.2517,615.7635,65.9540,8.3255,9.6426,5.1431,5.1891,8.2617,16.7816,25.8881,44.2602,5.1891,0.0,4.9889,8.529385,1.798876,29,193,98,2,0.20855820,0.00902045,0.00297427,0E-8,0.000000,0.900656,0.000000,0.00763944,2026-03-21,2026-08-06,87,1920,882,139,0.625899,0.863400,0.891889,0.695194,,,,,,,,GLOBAL_BASELINE_NO_ENTITY_RANKING,,,NOT_APPLICABLE_GLOBAL_BASELINE,HF9g-P5,,,,X 全窗基线 · 不参与实体赏罚,8396587,840,A168_HF9F_20260827_0900,2026-08-27 09:00:00
2026-05-15,54653530,2107,0,52.4103575321,16.0863473613,16.0863473613,0.5000000,2,2,0.49994810000000000,0.499948100000,0.00014679536856514622,0.00014679536856514622,0.00014679536856514622,0E-17,ELIGIBLE,R03b_20260811_FULL_v1,L1_ELIGIBILITY,v2026-08-11,2026-03-21..2026-08-06,baccarat_bet02_101_all_pairs_incl_sentinel,round_win = game_pnl > 0 (decisive only),COMPATIBILITY_ONLY_NOT_PRODUCTION,53571.4227,48249.4483,483.2383,5739,5738,-0.00902045,-0.00297427,-0.01061372,-0.00902045,-483.2383,53571.4227,OK,0.0000,19.3295,4.0000,96.0000,AG03-UNRESOLVED,ALL5_LEVELS_bet23_to_bet27,19.3295,19.3295,24.1619,0.0000,0.0000,4.000000,4.000000,5.000000,0.000000,0.000000,96.000000,96.000000,95.000000,100.000000,100.000000,5.0,62.8210,60.1535,420.4173,423.0848,PENDING_AG03,FALSE,NOT_FOR_ENFORCEMENT,463.9088,46319.4703,483.2383,463.9088,19.3295,0.00902045,0.00865963,19.3295,463.9088,0.00865963,19.3295,19.3295,24.1619,0.0000,0.0000,463.9088,0.00865963,62.8210,60.1535,420.4173,423.0848,0.00784779,0.00789758,0.00036082,9.3346,8.4088,0.0842,5.5545,0.2517,615.7635,65.9540,8.3255,9.6426,5.1431,5.1891,8.2617,16.7816,25.8881,44.2602,5.1891,0.0,4.9889,8.529385,1.798876,29,193,98,2,0.20855820,0.00902045,0.00297427,0E-8,0.000000,0.900656,0.000000,0.00763944,2026-03-21,2026-08-06,87,1920,882,139,0.625899,0.863400,0.891889,0.695194,,,,,,,,GLOBAL_BASELINE_NO_ENTITY_RANKING,,,NOT_APPLICABLE_GLOBAL_BASELINE,HF9g-P5,,,,X 全窗基线 · 不参与实体赏罚,8396588,840,A168_HF9F_20260827_0900,2026-08-27 09:00:00
2026-05-15,54653530,2142,0,16.0863473613,-16.0863473613,-16.0863473613,0E-7,1,1,0.50665070000000000,0.506650700000,-1.013391052207602,-1.013391052207602,-1.013391052207602,0E-17,ELIGIBLE,R03b_20260811_FULL_v1,L1_ELIGIBILITY,v2026-08-11,2026-03-21..2026-08-06,baccarat_bet02_101_all_pairs_incl_sentinel,round_win = game_pnl > 0 (decisive only),COMPATIBILITY_ONLY_NOT_PRODUCTION,53571.4227,48249.4483,483.2383,5739,5738,-0.00902045,-0.00297427,-0.01061372,-0.00902045,-483.2383,53571.4227,OK,0.0000,19.3295,4.0000,96.0000,AG03-UNRESOLVED,ALL5_LEVELS_bet23_to_bet27,19.3295,19.3295,24.1619,0.0000,0.0000,4.000000,4.000000,5.000000,0.000000,0.000000,96.000000,96.000000,95.000000,100.000000,100.000000,5.0,62.8210,60.1535,420.4173,423.0848,PENDING_AG03,FALSE,NOT_FOR_ENFORCEMENT,463.9088,46319.4703,483.2383,463.9088,19.3295,0.00902045,0.00865963,19.3295,463.9088,0.00865963,19.3295,19.3295,24.1619,0.0000,0.0000,463.9088,0.00865963,62.8210,60.1535,420.4173,423.0848,0.00784779,0.00789758,0.00036082,9.3346,8.4088,0.0842,5.5545,0.2517,615.7635,65.9540,8.3255,9.6426,5.1431,5.1891,8.2617,16.7816,25.8881,44.2602,5.1891,0.0,4.9889,8.529385,1.798876,29,193,98,2,0.20855820,0.00902045,0.00297427,0E-8,0.000000,0.900656,0.000000,0.00763944,2026-03-21,2026-08-06,87,1920,882,139,0.625899,0.863400,0.891889,0.695194,,,,,,,,GLOBAL_BASELINE_NO_ENTITY_RANKING,,,NOT_APPLICABLE_GLOBAL_BASELINE,HF9g-P5,,,,X 全窗基线 · 不参与实体赏罚,8396589,840,A168_HF9F_20260827_0900,2026-08-27 09:00:00
2026-05-15,54653530,2147,0,76.5398785741,8.9642467956,8.9642467956,0.3750000,8,8,0.50665070000000000,0.506650700000,-0.7447947118953172,-0.7447947118953172,-0.7447947118953172,0E-17,ELIGIBLE,R03b_20260811_FULL_v1,L1_ELIGIBILITY,v2026-08-11,2026-03-21..2026-08-06,baccarat_bet02_101_all_pairs_incl_sentinel,round_win = game_pnl > 0 (decisive only),COMPATIBILITY_ONLY_NOT_PRODUCTION,53571.4227,48249.4483,483.2383,5739,5738,-0.00902045,-0.00297427,-0.01061372,-0.00902045,-483.2383,53571.4227,OK,0.0000,19.3295,4.0000,96.0000,AG03-UNRESOLVED,ALL5_LEVELS_bet23_to_bet27,19.3295,19.3295,24.1619,0.0000,0.0000,4.000000,4.000000,5.000000,0.000000,0.000000,96.000000,96.000000,95.000000,100.000000,100.000000,5.0,62.8210,60.1535,420.4173,423.0848,PENDING_AG03,FALSE,NOT_FOR_ENFORCEMENT,463.9088,46319.4703,483.2383,463.9088,19.3295,0.00902045,0.00865963,19.3295,463.9088,0.00865963,19.3295,19.3295,24.1619,0.0000,0.0000,463.9088,0.00865963,62.8210,60.1535,420.4173,423.0848,0.00784779,0.00789758,0.00036082,9.3346,8.4088,0.0842,5.5545,0.2517,615.7635,65.9540,8.3255,9.6426,5.1431,5.1891,8.2617,16.7816,25.8881,44.2602,5.1891,0.0,4.9889,8.529385,1.798876,29,193,98,2,0.20855820,0.00902045,0.00297427,0E-8,0.000000,0.900656,0.000000,0.00763944,2026-03-21,2026-08-06,87,1920,882,139,0.625899,0.863400,0.891889,0.695194,,,,,,,,GLOBAL_BASELINE_NO_ENTITY_RANKING,,,NOT_APPLICABLE_GLOBAL_BASELINE,HF9g-P5,,,,X 全窗基线 · 不参与实体赏罚,8396590,840,A168_HF9F_20260827_0900,2026-08-27 09:00:00
2026-05-15,54653530,2153,0,5.1891443101,4.9296870946,4.9296870946,1.0000000,1,1,0.50665070000000000,0.506650700000,0.9867858985152569,0.9867858985152569,0.9867858985152569,0E-17,ELIGIBLE,R03b_20260811_FULL_v1,L1_ELIGIBILITY,v2026-08-11,2026-03-21..2026-08-06,baccarat_bet02_101_all_pairs_incl_sentinel,round_win = game_pnl > 0 (decisive only),COMPATIBILITY_ONLY_NOT_PRODUCTION,53571.4227,48249.4483,483.2383,5739,5738,-0.00902045,-0.00297427,-0.01061372,-0.00902045,-483.2383,53571.4227,OK,0.0000,19.3295,4.0000,96.0000,AG03-UNRESOLVED,ALL5_LEVELS_bet23_to_bet27,19.3295,19.3295,24.1619,0.0000,0.0000,4.000000,4.000000,5.000000,0.000000,0.000000,96.000000,96.000000,95.000000,100.000000,100.000000,5.0,62.8210,60.1535,420.4173,423.0848,PENDING_AG03,FALSE,NOT_FOR_ENFORCEMENT,463.9088,46319.4703,483.2383,463.9088,19.3295,0.00902045,0.00865963,19.3295,463.9088,0.00865963,19.3295,19.3295,24.1619,0.0000,0.0000,463.9088,0.00865963,62.8210,60.1535,420.4173,423.0848,0.00784779,0.00789758,0.00036082,9.3346,8.4088,0.0842,5.5545,0.2517,615.7635,65.9540,8.3255,9.6426,5.1431,5.1891,8.2617,16.7816,25.8881,44.2602,5.1891,0.0,4.9889,8.529385,1.798876,29,193,98,2,0.20855820,0.00902045,0.00297427,0E-8,0.000000,0.900656,0.000000,0.00763944,2026-03-21,2026-08-06,87,1920,882,139,0.625899,0.863400,0.891889,0.695194,,,,,,,,GLOBAL_BASELINE_NO_ENTITY_RANKING,,,NOT_APPLICABLE_GLOBAL_BASELINE,HF9g-P5,,,,X 全窗基线 · 不参与实体赏罚,8396591,840,A168_HF9F_20260827_0900,2026-08-27 09:00:00
2026-05-15,54653530,2155,0,95.9991697370,6.5512946915,6.5512946915,0.3750000,10,10,0.50665070000000000,0.506650700000,-0.7447947118953172,-0.7447947118953172,-0.7447947118953172,0E-17,ELIGIBLE,R03b_20260811_FULL_v1,L1_ELIGIBILITY,v2026-08-11,2026-03-21..2026-08-06,baccarat_bet02_101_all_pairs_incl_sentinel,round_win = game_pnl > 0 (decisive only),COMPATIBILITY_ONLY_NOT_PRODUCTION,53571.4227,48249.4483,483.2383,5739,5738,-0.00902045,-0.00297427,-0.01061372,-0.00902045,-483.2383,53571.4227,OK,0.0000,19.3295,4.0000,96.0000,AG03-UNRESOLVED,ALL5_LEVELS_bet23_to_bet27,19.3295,19.3295,24.1619,0.0000,0.0000,4.000000,4.000000,5.000000,0.000000,0.000000,96.000000,96.000000,95.000000,100.000000,100.000000,5.0,62.8210,60.1535,420.4173,423.0848,PENDING_AG03,FALSE,NOT_FOR_ENFORCEMENT,463.9088,46319.4703,483.2383,463.9088,19.3295,0.00902045,0.00865963,19.3295,463.9088,0.00865963,19.3295,19.3295,24.1619,0.0000,0.0000,463.9088,0.00865963,62.8210,60.1535,420.4173,423.0848,0.00784779,0.00789758,0.00036082,9.3346,8.4088,0.0842,5.5545,0.2517,615.7635,65.9540,8.3255,9.6426,5.1431,5.1891,8.2617,16.7816,25.8881,44.2602,5.1891,0.0,4.9889,8.529385,1.798876,29,193,98,2,0.20855820,0.00902045,0.00297427,0E-8,0.000000,0.900656,0.000000,0.00763944,2026-03-21,2026-08-06,87,1920,882,139,0.625899,0.863400,0.891889,0.695194,,,,,,,,GLOBAL_BASELINE_NO_ENTITY_RANKING,,,NOT_APPLICABLE_GLOBAL_BASELINE,HF9g-P5,,,,X 全窗基线 · 不参与实体赏罚,8396592,840,A168_HF9F_20260827_0900,2026-08-27 09:00:00
2026-05-15,54653530,2169,0,100.6693996160,5.7080587410,5.7080587410,0.2857143,8,8,0.50665070000000000,0.506650700000,-1.169189050789051,-1.169189050789051,-1.169189050789051,0E-17,ELIGIBLE,R03b_20260811_FULL_v1,L1_ELIGIBILITY,v2026-08-11,2026-03-21..2026-08-06,baccarat_bet02_101_all_pairs_incl_sentinel,round_win = game_pnl > 0 (decisive only),COMPATIBILITY_ONLY_NOT_PRODUCTION,53571.4227,48249.4483,483.2383,5739,5738,-0.00902045,-0.00297427,-0.01061372,-0.00902045,-483.2383,53571.4227,OK,0.0000,19.3295,4.0000,96.0000,AG03-UNRESOLVED,ALL5_LEVELS_bet23_to_bet27,19.3295,19.3295,24.1619,0.0000,0.0000,4.000000,4.000000,5.000000,0.000000,0.000000,96.000000,96.000000,95.000000,100.000000,100.000000,5.0,62.8210,60.1535,420.4173,423.0848,PENDING_AG03,FALSE,NOT_FOR_ENFORCEMENT,463.9088,46319.4703,483.2383,463.9088,19.3295,0.00902045,0.00865963,19.3295,463.9088,0.00865963,19.3295,19.3295,24.1619,0.0000,0.0000,463.9088,0.00865963,62.8210,60.1535,420.4173,423.0848,0.00784779,0.00789758,0.00036082,9.3346,8.4088,0.0842,5.5545,0.2517,615.7635,65.9540,8.3255,9.6426,5.1431,5.1891,8.2617,16.7816,25.8881,44.2602,5.1891,0.0,4.9889,8.529385,1.798876,29,193,98,2,0.20855820,0.00902045,0.00297427,0E-8,0.000000,0.900656,0.000000,0.00763944,2026-03-21,2026-08-06,87,1920,882,139,0.625899,0.863400,0.891889,0.695194,,,,,,,,GLOBAL_BASELINE_NO_ENTITY_RANKING,,,NOT_APPLICABLE_GLOBAL_BASELINE,HF9g-P5,,,,X 全窗基线 · 不参与实体赏罚,8396593,840,A168_HF9F_20260827_0900,2026-08-27 09:00:00
2026-05-15,54653530,2209,0,44.1077266359,1.8162005085,1.8162005085,0.3333333,4,4,0.50665070000000000,0.506650700000,-0.6004420894325239,-0.6004420894325239,-0.6004420894325239,0E-17,ELIGIBLE,R03b_20260811_FULL_v1,L1_ELIGIBILITY,v2026-08-11,2026-03-21..2026-08-06,baccarat_bet02_101_all_pairs_incl_sentinel,round_win = game_pnl > 0 (decisive only),COMPATIBILITY_ONLY_NOT_PRODUCTION,53571.4227,48249.4483,483.2383,5739,5738,-0.00902045,-0.00297427,-0.01061372,-0.00902045,-483.2383,53571.4227,OK,0.0000,19.3295,4.0000,96.0000,AG03-UNRESOLVED,ALL5_LEVELS_bet23_to_bet27,19.3295,19.3295,24.1619,0.0000,0.0000,4.000000,4.000000,5.000000,0.000000,0.000000,96.000000,96.000000,95.000000,100.000000,100.000000,5.0,62.8210,60.1535,420.4173,423.0848,PENDING_AG03,FALSE,NOT_FOR_ENFORCEMENT,463.9088,46319.4703,483.2383,463.9088,19.3295,0.00902045,0.00865963,19.3295,463.9088,0.00865963,19.3295,19.3295,24.1619,0.0000,0.0000,463.9088,0.00865963,62.8210,60.1535,420.4173,423.0848,0.00784779,0.00789758,0.00036082,9.3346,8.4088,0.0842,5.5545,0.2517,615.7635,65.9540,8.3255,9.6426,5.1431,5.1891,8.2617,16.7816,25.8881,44.2602,5.1891,0.0,4.9889,8.529385,1.798876,29,193,98,2,0.20855820,0.00902045,0.00297427,0E-8,0.000000,0.900656,0.000000,0.00763944,2026-03-21,2026-08-06,87,1920,882,139,0.625899,0.863400,0.891889,0.695194,,,,,,,,GLOBAL_BASELINE_NO_ENTITY_RANKING,,,NOT_APPLICABLE_GLOBAL_BASELINE,HF9g-P5,,,,X 全窗基线 · 不参与实体赏罚,8396594,840,A168_HF9F_20260827_0900,2026-08-27 09:00:00
2026-05-15,54653530,2212,0,10.3782886202,9.8593741892,9.8593741892,1.0000000,2,2,0.50665070000000000,0.506650700000,1.3955260008387969,1.3955260008387969,1.3955260008387969,0E-17,ELIGIBLE,R03b_20260811_FULL_v1,L1_ELIGIBILITY,v2026-08-11,2026-03-21..2026-08-06,baccarat_bet02_101_all_pairs_incl_sentinel,round_win = game_pnl > 0 (decisive only),COMPATIBILITY_ONLY_NOT_PRODUCTION,53571.4227,48249.4483,483.2383,5739,5738,-0.00902045,-0.00297427,-0.01061372,-0.00902045,-483.2383,53571.4227,OK,0.0000,19.3295,4.0000,96.0000,AG03-UNRESOLVED,ALL5_LEVELS_bet23_to_bet27,19.3295,19.3295,24.1619,0.0000,0.0000,4.000000,4.000000,5.000000,0.000000,0.000000,96.000000,96.000000,95.000000,100.000000,100.000000,5.0,62.8210,60.1535,420.4173,423.0848,PENDING_AG03,FALSE,NOT_FOR_ENFORCEMENT,463.9088,46319.4703,483.2383,463.9088,19.3295,0.00902045,0.00865963,19.3295,463.9088,0.00865963,19.3295,19.3295,24.1619,0.0000,0.0000,463.9088,0.00865963,62.8210,60.1535,420.4173,423.0848,0.00784779,0.00789758,0.00036082,9.3346,8.4088,0.0842,5.5545,0.2517,615.7635,65.9540,8.3255,9.6426,5.1431,5.1891,8.2617,16.7816,25.8881,44.2602,5.1891,0.0,4.9889,8.529385,1.798876,29,193,98,2,0.20855820,0.00902045,0.00297427,0E-8,0.000000,0.900656,0.000000,0.00763944,2026-03-21,2026-08-06,87,1920,882,139,0.625899,0.863400,0.891889,0.695194,,,,,,,,GLOBAL_BASELINE_NO_ENTITY_RANKING,,,NOT_APPLICABLE_GLOBAL_BASELINE,HF9g-P5,,,,X 全窗基线 · 不参与实体赏罚,8396595,840,A168_HF9F_20260827_0900,2026-08-27 09:00:00
2026-05-15,54653530,2216,0,29.5781225676,2.2961963572,2.2961963572,0.3333333,3,3,0.50665070000000000,0.506650700000,-0.6004420894325239,-0.6004420894325239,-0.6004420894325239,0E-17,ELIGIBLE,R03b_20260811_FULL_v1,L1_ELIGIBILITY,v2026-08-11,2026-03-21..2026-08-06,baccarat_bet02_101_all_pairs_incl_sentinel,round_win = game_pnl > 0 (decisive only),COMPATIBILITY_ONLY_NOT_PRODUCTION,53571.4227,48249.4483,483.2383,5739,5738,-0.00902045,-0.00297427,-0.01061372,-0.00902045,-483.2383,53571.4227,OK,0.0000,19.3295,4.0000,96.0000,AG03-UNRESOLVED,ALL5_LEVELS_bet23_to_bet27,19.3295,19.3295,24.1619,0.0000,0.0000,4.000000,4.000000,5.000000,0.000000,0.000000,96.000000,96.000000,95.000000,100.000000,100.000000,5.0,62.8210,60.1535,420.4173,423.0848,PENDING_AG03,FALSE,NOT_FOR_ENFORCEMENT,463.9088,46319.4703,483.2383,463.9088,19.3295,0.00902045,0.00865963,19.3295,463.9088,0.00865963,19.3295,19.3295,24.1619,0.0000,0.0000,463.9088,0.00865963,62.8210,60.1535,420.4173,423.0848,0.00784779,0.00789758,0.00036082,9.3346,8.4088,0.0842,5.5545,0.2517,615.7635,65.9540,8.3255,9.6426,5.1431,5.1891,8.2617,16.7816,25.8881,44.2602,5.1891,0.0,4.9889,8.529385,1.798876,29,193,98,2,0.20855820,0.00902045,0.00297427,0E-8,0.000000,0.900656,0.000000,0.00763944,2026-03-21,2026-08-06,87,1920,882,139,0.625899,0.863400,0.891889,0.695194,,,,,,,,GLOBAL_BASELINE_NO_ENTITY_RANKING,,,NOT_APPLICABLE_GLOBAL_BASELINE,HF9g-P5,,,,X 全窗基线 · 不参与实体赏罚,8396596,840,A168_HF9F_20260827_0900,2026-08-27 09:00:00
2026-05-15,54653530,2233,0,13.2323179908,-13.2323179908,-13.2323179908,0E-7,2,2,0.50665070000000000,0.506650700000,-1.4331513700195317,-1.4331513700195317,-1.4331513700195317,0E-17,ELIGIBLE,R03b_20260811_FULL_v1,L1_ELIGIBILITY,v2026-08-11,2026-03-21..2026-08-06,baccarat_bet02_101_all_pairs_incl_sentinel,round_win = game_pnl > 0 (decisive only),COMPATIBILITY_ONLY_NOT_PRODUCTION,53571.4227,48249.4483,483.2383,5739,5738,-0.00902045,-0.00297427,-0.01061372,-0.00902045,-483.2383,53571.4227,OK,0.0000,19.3295,4.0000,96.0000,AG03-UNRESOLVED,ALL5_LEVELS_bet23_to_bet27,19.3295,19.3295,24.1619,0.0000,0.0000,4.000000,4.000000,5.000000,0.000000,0.000000,96.000000,96.000000,95.000000,100.000000,100.000000,5.0,62.8210,60.1535,420.4173,423.0848,PENDING_AG03,FALSE,NOT_FOR_ENFORCEMENT,463.9088,46319.4703,483.2383,463.9088,19.3295,0.00902045,0.00865963,19.3295,463.9088,0.00865963,19.3295,19.3295,24.1619,0.0000,0.0000,463.9088,0.00865963,62.8210,60.1535,420.4173,423.0848,0.00784779,0.00789758,0.00036082,9.3346,8.4088,0.0842,5.5545,0.2517,615.7635,65.9540,8.3255,9.6426,5.1431,5.1891,8.2617,16.7816,25.8881,44.2602,5.1891,0.0,4.9889,8.529385,1.798876,29,193,98,2,0.20855820,0.00902045,0.00297427,0E-8,0.000000,0.900656,0.000000,0.00763944,2026-03-21,2026-08-06,87,1920,882,139,0.625899,0.863400,0.891889,0.695194,,,,,,,,GLOBAL_BASELINE_NO_ENTITY_RANKING,,,NOT_APPLICABLE_GLOBAL_BASELINE,HF9g-P5,,,,X 全窗基线 · 不参与实体赏罚,8396597,840,A168_HF9F_20260827_0900,2026-08-27 09:00:00
2026-05-15,54653530,2234,0,16.8647190078,9.8593741892,9.8593741892,1.0000000,3,3,0.50665070000000000,0.506650700000,1.3955260008387969,1.3955260008387969,1.3955260008387969,0E-17,ELIGIBLE,R03b_20260811_FULL_v1,L1_ELIGIBILITY,v2026-08-11,2026-03-21..2026-08-06,baccarat_bet02_101_all_pairs_incl_sentinel,round_win = game_pnl > 0 (decisive only),COMPATIBILITY_ONLY_NOT_PRODUCTION,53571.4227,48249.4483,483.2383,5739,5738,-0.00902045,-0.00297427,-0.01061372,-0.00902045,-483.2383,53571.4227,OK,0.0000,19.3295,4.0000,96.0000,AG03-UNRESOLVED,ALL5_LEVELS_bet23_to_bet27,19.3295,19.3295,24.1619,0.0000,0.0000,4.000000,4.000000,5.000000,0.000000,0.000000,96.000000,96.000000,95.000000,100.000000,100.000000,5.0,62.8210,60.1535,420.4173,423.0848,PENDING_AG03,FALSE,NOT_FOR_ENFORCEMENT,463.9088,46319.4703,483.2383,463.9088,19.3295,0.00902045,0.00865963,19.3295,463.9088,0.00865963,19.3295,19.3295,24.1619,0.0000,0.0000,463.9088,0.00865963,62.8210,60.1535,420.4173,423.0848,0.00784779,0.00789758,0.00036082,9.3346,8.4088,0.0842,5.5545,0.2517,615.7635,65.9540,8.3255,9.6426,5.1431,5.1891,8.2617,16.7816,25.8881,44.2602,5.1891,0.0,4.9889,8.529385,1.798876,29,193,98,2,0.20855820,0.00902045,0.00297427,0E-8,0.000000,0.900656,0.000000,0.00763944,2026-03-21,2026-08-06,87,1920,882,139,0.625899,0.863400,0.891889,0.695194,,,,,,,,GLOBAL_BASELINE_NO_ENTITY_RANKING,,,NOT_APPLICABLE_GLOBAL_BASELINE,HF9g-P5,,,,X 全窗基线 · 不参与实体赏罚,8396598,840,A168_HF9F_20260827_0900,2026-08-27 09:00:00
2026-05-15,54653530,2242,0,15.5674329303,4.6702298791,4.6702298791,0.5000000,2,2,0.50665070000000000,0.506650700000,-0.018812684590367487,-0.018812684590367487,-0.018812684590367487,0E-17,ELIGIBLE,R03b_20260811_FULL_v1,L1_ELIGIBILITY,v2026-08-11,2026-03-21..2026-08-06,baccarat_bet02_101_all_pairs_incl_sentinel,round_win = game_pnl > 0 (decisive only),COMPATIBILITY_ONLY_NOT_PRODUCTION,53571.4227,48249.4483,483.2383,5739,5738,-0.00902045,-0.00297427,-0.01061372,-0.00902045,-483.2383,53571.4227,OK,0.0000,19.3295,4.0000,96.0000,AG03-UNRESOLVED,ALL5_LEVELS_bet23_to_bet27,19.3295,19.3295,24.1619,0.0000,0.0000,4.000000,4.000000,5.000000,0.000000,0.000000,96.000000,96.000000,95.000000,100.000000,100.000000,5.0,62.8210,60.1535,420.4173,423.0848,PENDING_AG03,FALSE,NOT_FOR_ENFORCEMENT,463.9088,46319.4703,483.2383,463.9088,19.3295,0.00902045,0.00865963,19.3295,463.9088,0.00865963,19.3295,19.3295,24.1619,0.0000,0.0000,463.9088,0.00865963,62.8210,60.1535,420.4173,423.0848,0.00784779,0.00789758,0.00036082,9.3346,8.4088,0.0842,5.5545,0.2517,615.7635,65.9540,8.3255,9.6426,5.1431,5.1891,8.2617,16.7816,25.8881,44.2602,5.1891,0.0,4.9889,8.529385,1.798876,29,193,98,2,0.20855820,0.00902045,0.00297427,0E-8,0.000000,0.900656,0.000000,0.00763944,2026-03-21,2026-08-06,87,1920,882,139,0.625899,0.863400,0.891889,0.695194,,,,,,,,GLOBAL_BASELINE_NO_ENTITY_RANKING,,,NOT_APPLICABLE_GLOBAL_BASELINE,HF9g-P5,,,,X 全窗基线 · 不参与实体赏罚,8396599,840,A168_HF9F_20260827_0900,2026-08-27 09:00:00
2026-05-15,54653530,2256,0,10.3782886202,9.8593741892,9.8593741892,1.0000000,2,2,0.50665070000000000,0.506650700000,1.3955260008387969,1.3955260008387969,1.3955260008387969,0E-17,ELIGIBLE,R03b_20260811_FULL_v1,L1_ELIGIBILITY,v2026-08-11,2026-03-21..2026-08-06,baccarat_bet02_101_all_pairs_incl_sentinel,round_win = game_pnl > 0 (decisive only),COMPATIBILITY_ONLY_NOT_PRODUCTION,53571.4227,48249.4483,483.2383,5739,5738,-0.00902045,-0.00297427,-0.01061372,-0.00902045,-483.2383,53571.4227,OK,0.0000,19.3295,4.0000,96.0000,AG03-UNRESOLVED,ALL5_LEVELS_bet23_to_bet27,19.3295,19.3295,24.1619,0.0000,0.0000,4.000000,4.000000,5.000000,0.000000,0.000000,96.000000,96.000000,95.000000,100.000000,100.000000,5.0,62.8210,60.1535,420.4173,423.0848,PENDING_AG03,FALSE,NOT_FOR_ENFORCEMENT,463.9088,46319.4703,483.2383,463.9088,19.3295,0.00902045,0.00865963,19.3295,463.9088,0.00865963,19.3295,19.3295,24.1619,0.0000,0.0000,463.9088,0.00865963,62.8210,60.1535,420.4173,423.0848,0.00784779,0.00789758,0.00036082,9.3346,8.4088,0.0842,5.5545,0.2517,615.7635,65.9540,8.3255,9.6426,5.1431,5.1891,8.2617,16.7816,25.8881,44.2602,5.1891,0.0,4.9889,8.529385,1.798876,29,193,98,2,0.20855820,0.00902045,0.00297427,0E-8,0.000000,0.900656,0.000000,0.00763944,2026-03-21,2026-08-06,87,1920,882,139,0.625899,0.863400,0.891889,0.695194,,,,,,,,GLOBAL_BASELINE_NO_ENTITY_RANKING,,,NOT_APPLICABLE_GLOBAL_BASELINE,HF9g-P5,,,,X 全窗基线 · 不参与实体赏罚,8396600,840,A168_HF9F_20260827_0900,2026-08-27 09:00:00
2026-05-15,54653530,2266,0,19.4592911629,-9.3404597582,-9.3404597582,0.3333333,3,3,0.50218230000000000,0.502182300000,-0.5849155494134425,-0.5849155494134426,-0.5849155494134425,0E-17,ELIGIBLE,R03b_20260811_FULL_v1,L1_ELIGIBILITY,v2026-08-11,2026-03-21..2026-08-06,baccarat_bet02_101_all_pairs_incl_sentinel,round_win = game_pnl > 0 (decisive only),COMPATIBILITY_ONLY_NOT_PRODUCTION,53571.4227,48249.4483,483.2383,5739,5738,-0.00902045,-0.00297427,-0.01061372,-0.00902045,-483.2383,53571.4227,OK,0.0000,19.3295,4.0000,96.0000,AG03-UNRESOLVED,ALL5_LEVELS_bet23_to_bet27,19.3295,19.3295,24.1619,0.0000,0.0000,4.000000,4.000000,5.000000,0.000000,0.000000,96.000000,96.000000,95.000000,100.000000,100.000000,5.0,62.8210,60.1535,420.4173,423.0848,PENDING_AG03,FALSE,NOT_FOR_ENFORCEMENT,463.9088,46319.4703,483.2383,463.9088,19.3295,0.00902045,0.00865963,19.3295,463.9088,0.00865963,19.3295,19.3295,24.1619,0.0000,0.0000,463.9088,0.00865963,62.8210,60.1535,420.4173,423.0848,0.00784779,0.00789758,0.00036082,9.3346,8.4088,0.0842,5.5545,0.2517,615.7635,65.9540,8.3255,9.6426,5.1431,5.1891,8.2617,16.7816,25.8881,44.2602,5.1891,0.0,4.9889,8.529385,1.798876,29,193,98,2,0.20855820,0.00902045,0.00297427,0E-8,0.000000,0.900656,0.000000,0.00763944,2026-03-21,2026-08-06,87,1920,882,139,0.625899,0.863400,0.891889,0.695194,,,,,,,,GLOBAL_BASELINE_NO_ENTITY_RANKING,,,NOT_APPLICABLE_GLOBAL_BASELINE,HF9g-P5,,,,X 全窗基线 · 不参与实体赏罚,8396601,840,A168_HF9F_20260827_0900,2026-08-27 09:00:00
2026-05-15,54653530,462,0,14.2701468528,3.4378081054,3.4378081054,0.5000000,2,2,0.50665070000000000,0.506650700000,-0.018812684590367487,-0.018812684590367487,-0.018812684590367487,0E-17,ELIGIBLE,R03b_20260811_FULL_v1,L1_ELIGIBILITY,v2026-08-11,2026-03-21..2026-08-06,baccarat_bet02_101_all_pairs_incl_sentinel,round_win = game_pnl > 0 (decisive only),COMPATIBILITY_ONLY_NOT_PRODUCTION,53571.4227,48249.4483,483.2383,5739,5738,-0.00902045,-0.00297427,-0.01061372,-0.00902045,-483.2383,53571.4227,OK,0.0000,19.3295,4.0000,96.0000,AG03-UNRESOLVED,ALL5_LEVELS_bet23_to_bet27,19.3295,19.3295,24.1619,0.0000,0.0000,4.000000,4.000000,5.000000,0.000000,0.000000,96.000000,96.000000,95.000000,100.000000,100.000000,5.0,62.8210,60.1535,420.4173,423.0848,PENDING_AG03,FALSE,NOT_FOR_ENFORCEMENT,463.9088,46319.4703,483.2383,463.9088,19.3295,0.00902045,0.00865963,19.3295,463.9088,0.00865963,19.3295,19.3295,24.1619,0.0000,0.0000,463.9088,0.00865963,62.8210,60.1535,420.4173,423.0848,0.00784779,0.00789758,0.00036082,9.3346,8.4088,0.0842,5.5545,0.2517,615.7635,65.9540,8.3255,9.6426,5.1431,5.1891,8.2617,16.7816,25.8881,44.2602,5.1891,0.0,4.9889,8.529385,1.798876,29,193,98,2,0.20855820,0.00902045,0.00297427,0E-8,0.000000,0.900656,0.000000,0.00763944,2026-03-21,2026-08-06,87,1920,882,139,0.625899,0.863400,0.891889,0.695194,,,,,,,,GLOBAL_BASELINE_NO_ENTITY_RANKING,,,NOT_APPLICABLE_GLOBAL_BASELINE,HF9g-P5,,,,X 全窗基线 · 不参与实体赏罚,8396602,840,A168_HF9F_20260827_0900,2026-08-27 09:00:00
2026-05-15,54653530,550,0,88.7343677028,22.0668361786,22.0668361786,0.5454545,11,11,0.50665070000000000,0.506650700000,0.25741836475932667,0.25741836475932667,0.25741836475932667,0E-17,ELIGIBLE,R03b_20260811_FULL_v1,L1_ELIGIBILITY,v2026-08-11,2026-03-21..2026-08-06,baccarat_bet02_101_all_pairs_incl_sentinel,round_win = game_pnl > 0 (decisive only),COMPATIBILITY_ONLY_NOT_PRODUCTION,53571.4227,48249.4483,483.2383,5739,5738,-0.00902045,-0.00297427,-0.01061372,-0.00902045,-483.2383,53571.4227,OK,0.0000,19.3295,4.0000,96.0000,AG03-UNRESOLVED,ALL5_LEVELS_bet23_to_bet27,19.3295,19.3295,24.1619,0.0000,0.0000,4.000000,4.000000,5.000000,0.000000,0.000000,96.000000,96.000000,95.000000,100.000000,100.000000,5.0,62.8210,60.1535,420.4173,423.0848,PENDING_AG03,FALSE,NOT_FOR_ENFORCEMENT,463.9088,46319.4703,483.2383,463.9088,19.3295,0.00902045,0.00865963,19.3295,463.9088,0.00865963,19.3295,19.3295,24.1619,0.0000,0.0000,463.9088,0.00865963,62.8210,60.1535,420.4173,423.0848,0.00784779,0.00789758,0.00036082,9.3346,8.4088,0.0842,5.5545,0.2517,615.7635,65.9540,8.3255,9.6426,5.1431,5.1891,8.2617,16.7816,25.8881,44.2602,5.1891,0.0,4.9889,8.529385,1.798876,29,193,98,2,0.20855820,0.00902045,0.00297427,0E-8,0.000000,0.900656,0.000000,0.00763944,2026-03-21,2026-08-06,87,1920,882,139,0.625899,0.863400,0.891889,0.695194,,,,,,,,GLOBAL_BASELINE_NO_ENTITY_RANKING,,,NOT_APPLICABLE_GLOBAL_BASELINE,HF9g-P5,,,,X 全窗基线 · 不参与实体赏罚,8396603,840,A168_HF9F_20260827_0900,2026-08-27 09:00:00
2026-05-15,54653530,627,0,5.1891443101,4.9296870946,4.9296870946,1.0000000,1,1,0.50665070000000000,0.506650700000,0.9867858985152569,0.9867858985152569,0.9867858985152569,0E-17,ELIGIBLE,R03b_20260811_FULL_v1,L1_ELIGIBILITY,v2026-08-11,2026-03-21..2026-08-06,baccarat_bet02_101_all_pairs_incl_sentinel,round_win = game_pnl > 0 (decisive only),COMPATIBILITY_ONLY_NOT_PRODUCTION,53571.4227,48249.4483,483.2383,5739,5738,-0.00902045,-0.00297427,-0.01061372,-0.00902045,-483.2383,53571.4227,OK,0.0000,19.3295,4.0000,96.0000,AG03-UNRESOLVED,ALL5_LEVELS_bet23_to_bet27,19.3295,19.3295,24.1619,0.0000,0.0000,4.000000,4.000000,5.000000,0.000000,0.000000,96.000000,96.000000,95.000000,100.000000,100.000000,5.0,62.8210,60.1535,420.4173,423.0848,PENDING_AG03,FALSE,NOT_FOR_ENFORCEMENT,463.9088,46319.4703,483.2383,463.9088,19.3295,0.00902045,0.00865963,19.3295,463.9088,0.00865963,19.3295,19.3295,24.1619,0.0000,0.0000,463.9088,0.00865963,62.8210,60.1535,420.4173,423.0848,0.00784779,0.00789758,0.00036082,9.3346,8.4088,0.0842,5.5545,0.2517,615.7635,65.9540,8.3255,9.6426,5.1431,5.1891,8.2617,16.7816,25.8881,44.2602,5.1891,0.0,4.9889,8.529385,1.798876,29,193,98,2,0.20855820,0.00902045,0.00297427,0E-8,0.000000,0.900656,0.000000,0.00763944,2026-03-21,2026-08-06,87,1920,882,139,0.625899,0.863400,0.891889,0.695194,,,,,,,,GLOBAL_BASELINE_NO_ENTITY_RANKING,,,NOT_APPLICABLE_GLOBAL_BASELINE,HF9g-P5,,,,X 全窗基线 · 不参与实体赏罚,8396604,840,A168_HF9F_20260827_0900,2026-08-27 09:00:00
2026-05-15,54653530,752,0,124.5394634426,-57.6254475638,-57.6254475638,0.3333333,13,13,0.50665070000000000,0.506650700000,-1.2008841788650477,-1.2008841788650477,-1.2008841788650477,0E-17,ELIGIBLE,R03b_20260811_FULL_v1,L1_ELIGIBILITY,v2026-08-11,2026-03-21..2026-08-06,baccarat_bet02_101_all_pairs_incl_sentinel,round_win = game_pnl > 0 (decisive only),COMPATIBILITY_ONLY_NOT_PRODUCTION,53571.4227,48249.4483,483.2383,5739,5738,-0.00902045,-0.00297427,-0.01061372,-0.00902045,-483.2383,53571.4227,OK,0.0000,19.3295,4.0000,96.0000,AG03-UNRESOLVED,ALL5_LEVELS_bet23_to_bet27,19.3295,19.3295,24.1619,0.0000,0.0000,4.000000,4.000000,5.000000,0.000000,0.000000,96.000000,96.000000,95.000000,100.000000,100.000000,5.0,62.8210,60.1535,420.4173,423.0848,PENDING_AG03,FALSE,NOT_FOR_ENFORCEMENT,463.9088,46319.4703,483.2383,463.9088,19.3295,0.00902045,0.00865963,19.3295,463.9088,0.00865963,19.3295,19.3295,24.1619,0.0000,0.0000,463.9088,0.00865963,62.8210,60.1535,420.4173,423.0848,0.00784779,0.00789758,0.00036082,9.3346,8.4088,0.0842,5.5545,0.2517,615.7635,65.9540,8.3255,9.6426,5.1431,5.1891,8.2617,16.7816,25.8881,44.2602,5.1891,0.0,4.9889,8.529385,1.798876,29,193,98,2,0.20855820,0.00902045,0.00297427,0E-8,0.000000,0.900656,0.000000,0.00763944,2026-03-21,2026-08-06,87,1920,882,139,0.625899,0.863400,0.891889,0.695194,,,,,,,,GLOBAL_BASELINE_NO_ENTITY_RANKING,,,NOT_APPLICABLE_GLOBAL_BASELINE,HF9g-P5,,,,X 全窗基线 · 不参与实体赏罚,8396605,840,A168_HF9F_20260827_0900,2026-08-27 09:00:00
2026-05-15,54653530,925,0,19.4592911629,5.8377873489,5.8377873489,0.5000000,2,2,0.50665070000000000,0.506650700000,-0.018812684590367487,-0.018812684590367487,-0.018812684590367487,0E-17,ELIGIBLE,R03b_20260811_FULL_v1,L1_ELIGIBILITY,v2026-08-11,2026-03-21..2026-08-06,baccarat_bet02_101_all_pairs_incl_sentinel,round_win = game_pnl > 0 (decisive only),COMPATIBILITY_ONLY_NOT_PRODUCTION,53571.4227,48249.4483,483.2383,5739,5738,-0.00902045,-0.00297427,-0.01061372,-0.00902045,-483.2383,53571.4227,OK,0.0000,19.3295,4.0000,96.0000,AG03-UNRESOLVED,ALL5_LEVELS_bet23_to_bet27,19.3295,19.3295,24.1619,0.0000,0.0000,4.000000,4.000000,5.000000,0.000000,0.000000,96.000000,96.000000,95.000000,100.000000,100.000000,5.0,62.8210,60.1535,420.4173,423.0848,PENDING_AG03,FALSE,NOT_FOR_ENFORCEMENT,463.9088,46319.4703,483.2383,463.9088,19.3295,0.00902045,0.00865963,19.3295,463.9088,0.00865963,19.3295,19.3295,24.1619,0.0000,0.0000,463.9088,0.00865963,62.8210,60.1535,420.4173,423.0848,0.00784779,0.00789758,0.00036082,9.3346,8.4088,0.0842,5.5545,0.2517,615.7635,65.9540,8.3255,9.6426,5.1431,5.1891,8.2617,16.7816,25.8881,44.2602,5.1891,0.0,4.9889,8.529385,1.798876,29,193,98,2,0.20855820,0.00902045,0.00297427,0E-8,0.000000,0.900656,0.000000,0.00763944,2026-03-21,2026-08-06,87,1920,882,139,0.625899,0.863400,0.891889,0.695194,,,,,,,,GLOBAL_BASELINE_NO_ENTITY_RANKING,,,NOT_APPLICABLE_GLOBAL_BASELINE,HF9g-P5,,,,X 全窗基线 · 不参与实体赏罚,8396606,840,A168_HF9F_20260827_0900,2026-08-27 09:00:00
2026-05-15,54653530,970,0,55.5238441181,37.4526490581,37.4526490581,0.8750000,9,9,0.50665070000000000,0.506650700000,2.0838826589630113,2.0838826589630113,2.0838826589630113,0E-17,ELIGIBLE,R03b_20260811_FULL_v1,L1_ELIGIBILITY,v2026-08-11,2026-03-21..2026-08-06,baccarat_bet02_101_all_pairs_incl_sentinel,round_win = game_pnl > 0 (decisive only),COMPATIBILITY_ONLY_NOT_PRODUCTION,53571.4227,48249.4483,483.2383,5739,5738,-0.00902045,-0.00297427,-0.01061372,-0.00902045,-483.2383,53571.4227,OK,0.0000,19.3295,4.0000,96.0000,AG03-UNRESOLVED,ALL5_LEVELS_bet23_to_bet27,19.3295,19.3295,24.1619,0.0000,0.0000,4.000000,4.000000,5.000000,0.000000,0.000000,96.000000,96.000000,95.000000,100.000000,100.000000,5.0,62.8210,60.1535,420.4173,423.0848,PENDING_AG03,FALSE,NOT_FOR_ENFORCEMENT,463.9088,46319.4703,483.2383,463.9088,19.3295,0.00902045,0.00865963,19.3295,463.9088,0.00865963,19.3295,19.3295,24.1619,0.0000,0.0000,463.9088,0.00865963,62.8210,60.1535,420.4173,423.0848,0.00784779,0.00789758,0.00036082,9.3346,8.4088,0.0842,5.5545,0.2517,615.7635,65.9540,8.3255,9.6426,5.1431,5.1891,8.2617,16.7816,25.8881,44.2602,5.1891,0.0,4.9889,8.529385,1.798876,29,193,98,2,0.20855820,0.00902045,0.00297427,0E-8,0.000000,0.900656,0.000000,0.00763944,2026-03-21,2026-08-06,87,1920,882,139,0.625899,0.863400,0.891889,0.695194,,,,,,,,GLOBAL_BASELINE_NO_ENTITY_RANKING,,,NOT_APPLICABLE_GLOBAL_BASELINE,HF9g-P5,,,,X 全窗基线 · 不参与实体赏罚,8396607,840,A168_HF9F_20260827_0900,2026-08-27 09:00:00
2026-05-16,54653530,1115,0,12.9728607753,2.2053863318,2.2053863318,0.5000000,2,2,0.50665070000000000,0.506650700000,-0.018812684590367487,-0.018812684590367487,-0.018812684590367487,0E-17,ELIGIBLE,R03b_20260811_FULL_v1,L1_ELIGIBILITY,v2026-08-11,2026-03-21..2026-08-06,baccarat_bet02_101_all_pairs_incl_sentinel,round_win = game_pnl > 0 (decisive only),COMPATIBILITY_ONLY_NOT_PRODUCTION,53571.4227,48249.4483,483.2383,5739,5738,-0.00902045,-0.00297427,-0.01061372,-0.00902045,-483.2383,53571.4227,OK,0.0000,19.3295,4.0000,96.0000,AG03-UNRESOLVED,ALL5_LEVELS_bet23_to_bet27,19.3295,19.3295,24.1619,0.0000,0.0000,4.000000,4.000000,5.000000,0.000000,0.000000,96.000000,96.000000,95.000000,100.000000,100.000000,5.0,62.8210,60.1535,420.4173,423.0848,PENDING_AG03,FALSE,NOT_FOR_ENFORCEMENT,463.9088,46319.4703,483.2383,463.9088,19.3295,0.00902045,0.00865963,19.3295,463.9088,0.00865963,19.3295,19.3295,24.1619,0.0000,0.0000,463.9088,0.00865963,62.8210,60.1535,420.4173,423.0848,0.00784779,0.00789758,0.00036082,9.3346,8.4088,0.0842,5.5545,0.2517,615.7635,65.9540,8.3255,9.6426,5.1431,5.1891,8.2617,16.7816,25.8881,44.2602,5.1891,0.0,4.9889,8.529385,1.798876,29,193,98,2,0.20855820,0.00902045,0.00297427,0E-8,0.000000,0.900656,0.000000,0.00763944,2026-03-21,2026-08-06,87,1920,882,139,0.625899,0.863400,0.891889,0.695194,,,,,,,,GLOBAL_BASELINE_NO_ENTITY_RANKING,,,NOT_APPLICABLE_GLOBAL_BASELINE,HF9g-P5,,,,X 全窗基线 · 不参与实体赏罚,8396608,840,A168_HF9F_20260827_0900,2026-08-27 09:00:00
2026-05-16,54653530,1306,0,45.9239271444,-45.9239271444,-45.9239271444,0E-7,3,3,0.50218230000000000,0.502182300000,-1.7396270863184011,-1.7396270863184016,-1.7396270863184011,0E-17,ELIGIBLE,R03b_20260811_FULL_v1,L1_ELIGIBILITY,v2026-08-11,2026-03-21..2026-08-06,baccarat_bet02_101_all_pairs_incl_sentinel,round_win = game_pnl > 0 (decisive only),COMPATIBILITY_ONLY_NOT_PRODUCTION,53571.4227,48249.4483,483.2383,5739,5738,-0.00902045,-0.00297427,-0.01061372,-0.00902045,-483.2383,53571.4227,OK,0.0000,19.3295,4.0000,96.0000,AG03-UNRESOLVED,ALL5_LEVELS_bet23_to_bet27,19.3295,19.3295,24.1619,0.0000,0.0000,4.000000,4.000000,5.000000,0.000000,0.000000,96.000000,96.000000,95.000000,100.000000,100.000000,5.0,62.8210,60.1535,420.4173,423.0848,PENDING_AG03,FALSE,NOT_FOR_ENFORCEMENT,463.9088,46319.4703,483.2383,463.9088,19.3295,0.00902045,0.00865963,19.3295,463.9088,0.00865963,19.3295,19.3295,24.1619,0.0000,0.0000,463.9088,0.00865963,62.8210,60.1535,420.4173,423.0848,0.00784779,0.00789758,0.00036082,9.3346,8.4088,0.0842,5.5545,0.2517,615.7635,65.9540,8.3255,9.6426,5.1431,5.1891,8.2617,16.7816,25.8881,44.2602,5.1891,0.0,4.9889,8.529385,1.798876,29,193,98,2,0.20855820,0.00902045,0.00297427,0E-8,0.000000,0.900656,0.000000,0.00763944,2026-03-21,2026-08-06,87,1920,882,139,0.625899,0.863400,0.891889,0.695194,,,,,,,,GLOBAL_BASELINE_NO_ENTITY_RANKING,,,NOT_APPLICABLE_GLOBAL_BASELINE,HF9g-P5,,,,X 全窗基线 · 不参与实体赏罚,8396609,840,A168_HF9F_20260827_0900,2026-08-27 09:00:00
2026-05-16,54653530,1323,0,5.1891443101,4.9296870946,4.9296870946,1.0000000,1,1,0.50665070000000000,0.506650700000,0.9867858985152569,0.9867858985152569,0.9867858985152569,0E-17,ELIGIBLE,R03b_20260811_FULL_v1,L1_ELIGIBILITY,v2026-08-11,2026-03-21..2026-08-06,baccarat_bet02_101_all_pairs_incl_sentinel,round_win = game_pnl > 0 (decisive only),COMPATIBILITY_ONLY_NOT_PRODUCTION,53571.4227,48249.4483,483.2383,5739,5738,-0.00902045,-0.00297427,-0.01061372,-0.00902045,-483.2383,53571.4227,OK,0.0000,19.3295,4.0000,96.0000,AG03-UNRESOLVED,ALL5_LEVELS_bet23_to_bet27,19.3295,19.3295,24.1619,0.0000,0.0000,4.000000,4.000000,5.000000,0.000000,0.000000,96.000000,96.000000,95.000000,100.000000,100.000000,5.0,62.8210,60.1535,420.4173,423.0848,PENDING_AG03,FALSE,NOT_FOR_ENFORCEMENT,463.9088,46319.4703,483.2383,463.9088,19.3295,0.00902045,0.00865963,19.3295,463.9088,0.00865963,19.3295,19.3295,24.1619,0.0000,0.0000,463.9088,0.00865963,62.8210,60.1535,420.4173,423.0848,0.00784779,0.00789758,0.00036082,9.3346,8.4088,0.0842,5.5545,0.2517,615.7635,65.9540,8.3255,9.6426,5.1431,5.1891,8.2617,16.7816,25.8881,44.2602,5.1891,0.0,4.9889,8.529385,1.798876,29,193,98,2,0.20855820,0.00902045,0.00297427,0E-8,0.000000,0.900656,0.000000,0.00763944,2026-03-21,2026-08-06,87,1920,882,139,0.625899,0.863400,0.891889,0.695194,,,,,,,,GLOBAL_BASELINE_NO_ENTITY_RANKING,,,NOT_APPLICABLE_GLOBAL_BASELINE,HF9g-P5,,,,X 全窗基线 · 不参与实体赏罚,8396610,840,A168_HF9F_20260827_0900,2026-08-27 09:00:00
2026-05-16,54653530,1353,0,10.3782886202,9.8593741892,9.8593741892,1.0000000,2,2,0.50665070000000000,0.506650700000,1.3955260008387969,1.3955260008387969,1.3955260008387969,0E-17,ELIGIBLE,R03b_20260811_FULL_v1,L1_ELIGIBILITY,v2026-08-11,2026-03-21..2026-08-06,baccarat_bet02_101_all_pairs_incl_sentinel,round_win = game_pnl > 0 (decisive only),COMPATIBILITY_ONLY_NOT_PRODUCTION,53571.4227,48249.4483,483.2383,5739,5738,-0.00902045,-0.00297427,-0.01061372,-0.00902045,-483.2383,53571.4227,OK,0.0000,19.3295,4.0000,96.0000,AG03-UNRESOLVED,ALL5_LEVELS_bet23_to_bet27,19.3295,19.3295,24.1619,0.0000,0.0000,4.000000,4.000000,5.000000,0.000000,0.000000,96.000000,96.000000,95.000000,100.000000,100.000000,5.0,62.8210,60.1535,420.4173,423.0848,PENDING_AG03,FALSE,NOT_FOR_ENFORCEMENT,463.9088,46319.4703,483.2383,463.9088,19.3295,0.00902045,0.00865963,19.3295,463.9088,0.00865963,19.3295,19.3295,24.1619,0.0000,0.0000,463.9088,0.00865963,62.8210,60.1535,420.4173,423.0848,0.00784779,0.00789758,0.00036082,9.3346,8.4088,0.0842,5.5545,0.2517,615.7635,65.9540,8.3255,9.6426,5.1431,5.1891,8.2617,16.7816,25.8881,44.2602,5.1891,0.0,4.9889,8.529385,1.798876,29,193,98,2,0.20855820,0.00902045,0.00297427,0E-8,0.000000,0.900656,0.000000,0.00763944,2026-03-21,2026-08-06,87,1920,882,139,0.625899,0.863400,0.891889,0.695194,,,,,,,,GLOBAL_BASELINE_NO_ENTITY_RANKING,,,NOT_APPLICABLE_GLOBAL_BASELINE,HF9g-P5,,,,X 全窗基线 · 不参与实体赏罚,8396611,840,A168_HF9F_20260827_0900,2026-08-27 09:00:00
2026-05-16,54653530,1363,0,10.3782886202,4.9296870946,4.9296870946,1.0000000,2,2,0.50665070000000000,0.506650700000,0.9867858985152569,0.9867858985152569,0.9867858985152569,0E-17,ELIGIBLE,R03b_20260811_FULL_v1,L1_ELIGIBILITY,v2026-08-11,2026-03-21..2026-08-06,baccarat_bet02_101_all_pairs_incl_sentinel,round_win = game_pnl > 0 (decisive only),COMPATIBILITY_ONLY_NOT_PRODUCTION,53571.4227,48249.4483,483.2383,5739,5738,-0.00902045,-0.00297427,-0.01061372,-0.00902045,-483.2383,53571.4227,OK,0.0000,19.3295,4.0000,96.0000,AG03-UNRESOLVED,ALL5_LEVELS_bet23_to_bet27,19.3295,19.3295,24.1619,0.0000,0.0000,4.000000,4.000000,5.000000,0.000000,0.000000,96.000000,96.000000,95.000000,100.000000,100.000000,5.0,62.8210,60.1535,420.4173,423.0848,PENDING_AG03,FALSE,NOT_FOR_ENFORCEMENT,463.9088,46319.4703,483.2383,463.9088,19.3295,0.00902045,0.00865963,19.3295,463.9088,0.00865963,19.3295,19.3295,24.1619,0.0000,0.0000,463.9088,0.00865963,62.8210,60.1535,420.4173,423.0848,0.00784779,0.00789758,0.00036082,9.3346,8.4088,0.0842,5.5545,0.2517,615.7635,65.9540,8.3255,9.6426,5.1431,5.1891,8.2617,16.7816,25.8881,44.2602,5.1891,0.0,4.9889,8.529385,1.798876,29,193,98,2,0.20855820,0.00902045,0.00297427,0E-8,0.000000,0.900656,0.000000,0.00763944,2026-03-21,2026-08-06,87,1920,882,139,0.625899,0.863400,0.891889,0.695194,,,,,,,,GLOBAL_BASELINE_NO_ENTITY_RANKING,,,NOT_APPLICABLE_GLOBAL_BASELINE,HF9g-P5,,,,X 全窗基线 · 不参与实体赏罚,8396612,840,A168_HF9F_20260827_0900,2026-08-27 09:00:00
2026-05-16,54653530,2103,0,55.5238441181,-4.9296870946,-4.9296870946,0.2500000,4,4,0.50665070000000000,0.506650700000,-1.0266936290537745,-1.0266936290537745,-1.0266936290537745,0E-17,ELIGIBLE,R03b_20260811_FULL_v1,L1_ELIGIBILITY,v2026-08-11,2026-03-21..2026-08-06,baccarat_bet02_101_all_pairs_incl_sentinel,round_win = game_pnl > 0 (decisive only),COMPATIBILITY_ONLY_NOT_PRODUCTION,53571.4227,48249.4483,483.2383,5739,5738,-0.00902045,-0.00297427,-0.01061372,-0.00902045,-483.2383,53571.4227,OK,0.0000,19.3295,4.0000,96.0000,AG03-UNRESOLVED,ALL5_LEVELS_bet23_to_bet27,19.3295,19.3295,24.1619,0.0000,0.0000,4.000000,4.000000,5.000000,0.000000,0.000000,96.000000,96.000000,95.000000,100.000000,100.000000,5.0,62.8210,60.1535,420.4173,423.0848,PENDING_AG03,FALSE,NOT_FOR_ENFORCEMENT,463.9088,46319.4703,483.2383,463.9088,19.3295,0.00902045,0.00865963,19.3295,463.9088,0.00865963,19.3295,19.3295,24.1619,0.0000,0.0000,463.9088,0.00865963,62.8210,60.1535,420.4173,423.0848,0.00784779,0.00789758,0.00036082,9.3346,8.4088,0.0842,5.5545,0.2517,615.7635,65.9540,8.3255,9.6426,5.1431,5.1891,8.2617,16.7816,25.8881,44.2602,5.1891,0.0,4.9889,8.529385,1.798876,29,193,98,2,0.20855820,0.00902045,0.00297427,0E-8,0.000000,0.900656,0.000000,0.00763944,2026-03-21,2026-08-06,87,1920,882,139,0.625899,0.863400,0.891889,0.695194,,,,,,,,GLOBAL_BASELINE_NO_ENTITY_RANKING,,,NOT_APPLICABLE_GLOBAL_BASELINE,HF9g-P5,,,,X 全窗基线 · 不参与实体赏罚,8396613,840,A168_HF9F_20260827_0900,2026-08-27 09:00:00
2026-05-16,54653530,2115,0,5.1891443101,5.1891443101,5.1891443101,1.0000000,1,1,0.49324550000000000,0.493245500000,1.01360149184955,1.01360149184955,1.01360149184955,0E-17,ELIGIBLE,R03b_20260811_FULL_v1,L1_ELIGIBILITY,v2026-08-11,2026-03-21..2026-08-06,baccarat_bet02_101_all_pairs_incl_sentinel,round_win = game_pnl > 0 (decisive only),COMPATIBILITY_ONLY_NOT_PRODUCTION,53571.4227,48249.4483,483.2383,5739,5738,-0.00902045,-0.00297427,-0.01061372,-0.00902045,-483.2383,53571.4227,OK,0.0000,19.3295,4.0000,96.0000,AG03-UNRESOLVED,ALL5_LEVELS_bet23_to_bet27,19.3295,19.3295,24.1619,0.0000,0.0000,4.000000,4.000000,5.000000,0.000000,0.000000,96.000000,96.000000,95.000000,100.000000,100.000000,5.0,62.8210,60.1535,420.4173,423.0848,PENDING_AG03,FALSE,NOT_FOR_ENFORCEMENT,463.9088,46319.4703,483.2383,463.9088,19.3295,0.00902045,0.00865963,19.3295,463.9088,0.00865963,19.3295,19.3295,24.1619,0.0000,0.0000,463.9088,0.00865963,62.8210,60.1535,420.4173,423.0848,0.00784779,0.00789758,0.00036082,9.3346,8.4088,0.0842,5.5545,0.2517,615.7635,65.9540,8.3255,9.6426,5.1431,5.1891,8.2617,16.7816,25.8881,44.2602,5.1891,0.0,4.9889,8.529385,1.798876,29,193,98,2,0.20855820,0.00902045,0.00297427,0E-8,0.000000,0.900656,0.000000,0.00763944,2026-03-21,2026-08-06,87,1920,882,139,0.625899,0.863400,0.891889,0.695194,,,,,,,,GLOBAL_BASELINE_NO_ENTITY_RANKING,,,NOT_APPLICABLE_GLOBAL_BASELINE,HF9g-P5,,,,X 全窗基线 · 不参与实体赏罚,8396614,840,A168_HF9F_20260827_0900,2026-08-27 09:00:00
2026-05-16,54653530,2130,0,15.5674329303,9.8593741892,9.8593741892,1.0000000,3,3,0.50665070000000000,0.506650700000,1.3955260008387969,1.3955260008387969,1.3955260008387969,0E-17,ELIGIBLE,R03b_20260811_FULL_v1,L1_ELIGIBILITY,v2026-08-11,2026-03-21..2026-08-06,baccarat_bet02_101_all_pairs_incl_sentinel,round_win = game_pnl > 0 (decisive only),COMPATIBILITY_ONLY_NOT_PRODUCTION,53571.4227,48249.4483,483.2383,5739,5738,-0.00902045,-0.00297427,-0.01061372,-0.00902045,-483.2383,53571.4227,OK,0.0000,19.3295,4.0000,96.0000,AG03-UNRESOLVED,ALL5_LEVELS_bet23_to_bet27,19.3295,19.3295,24.1619,0.0000,0.0000,4.000000,4.000000,5.000000,0.000000,0.000000,96.000000,96.000000,95.000000,100.000000,100.000000,5.0,62.8210,60.1535,420.4173,423.0848,PENDING_AG03,FALSE,NOT_FOR_ENFORCEMENT,463.9088,46319.4703,483.2383,463.9088,19.3295,0.00902045,0.00865963,19.3295,463.9088,0.00865963,19.3295,19.3295,24.1619,0.0000,0.0000,463.9088,0.00865963,62.8210,60.1535,420.4173,423.0848,0.00784779,0.00789758,0.00036082,9.3346,8.4088,0.0842,5.5545,0.2517,615.7635,65.9540,8.3255,9.6426,5.1431,5.1891,8.2617,16.7816,25.8881,44.2602,5.1891,0.0,4.9889,8.529385,1.798876,29,193,98,2,0.20855820,0.00902045,0.00297427,0E-8,0.000000,0.900656,0.000000,0.00763944,2026-03-21,2026-08-06,87,1920,882,139,0.625899,0.863400,0.891889,0.695194,,,,,,,,GLOBAL_BASELINE_NO_ENTITY_RANKING,,,NOT_APPLICABLE_GLOBAL_BASELINE,HF9g-P5,,,,X 全窗基线 · 不参与实体赏罚,8396615,840,A168_HF9F_20260827_0900,2026-08-27 09:00:00
2026-05-16,54653530,2147,0,5.1891443101,4.9296870946,4.9296870946,1.0000000,1,1,0.50665070000000000,0.506650700000,0.9867858985152569,0.9867858985152569,0.9867858985152569,0E-17,ELIGIBLE,R03b_20260811_FULL_v1,L1_ELIGIBILITY,v2026-08-11,2026-03-21..2026-08-06,baccarat_bet02_101_all_pairs_incl_sentinel,round_win = game_pnl > 0 (decisive only),COMPATIBILITY_ONLY_NOT_PRODUCTION,53571.4227,48249.4483,483.2383,5739,5738,-0.00902045,-0.00297427,-0.01061372,-0.00902045,-483.2383,53571.4227,OK,0.0000,19.3295,4.0000,96.0000,AG03-UNRESOLVED,ALL5_LEVELS_bet23_to_bet27,19.3295,19.3295,24.1619,0.0000,0.0000,4.000000,4.000000,5.000000,0.000000,0.000000,96.000000,96.000000,95.000000,100.000000,100.000000,5.0,62.8210,60.1535,420.4173,423.0848,PENDING_AG03,FALSE,NOT_FOR_ENFORCEMENT,463.9088,46319.4703,483.2383,463.9088,19.3295,0.00902045,0.00865963,19.3295,463.9088,0.00865963,19.3295,19.3295,24.1619,0.0000,0.0000,463.9088,0.00865963,62.8210,60.1535,420.4173,423.0848,0.00784779,0.00789758,0.00036082,9.3346,8.4088,0.0842,5.5545,0.2517,615.7635,65.9540,8.3255,9.6426,5.1431,5.1891,8.2617,16.7816,25.8881,44.2602,5.1891,0.0,4.9889,8.529385,1.798876,29,193,98,2,0.20855820,0.00902045,0.00297427,0E-8,0.000000,0.900656,0.000000,0.00763944,2026-03-21,2026-08-06,87,1920,882,139,0.625899,0.863400,0.891889,0.695194,,,,,,,,GLOBAL_BASELINE_NO_ENTITY_RANKING,,,NOT_APPLICABLE_GLOBAL_BASELINE,HF9g-P5,,,,X 全窗基线 · 不参与实体赏罚,8396616,840,A168_HF9F_20260827_0900,2026-08-27 09:00:00
2026-05-16,54653530,2153,0,5.4486015256,5.1761714493,5.1761714493,1.0000000,1,1,0.50665070000000000,0.506650700000,0.9867858985152569,0.9867858985152569,0.9867858985152569,0E-17,ELIGIBLE,R03b_20260811_FULL_v1,L1_ELIGIBILITY,v2026-08-11,2026-03-21..2026-08-06,baccarat_bet02_101_all_pairs_incl_sentinel,round_win = game_pnl > 0 (decisive only),COMPATIBILITY_ONLY_NOT_PRODUCTION,53571.4227,48249.4483,483.2383,5739,5738,-0.00902045,-0.00297427,-0.01061372,-0.00902045,-483.2383,53571.4227,OK,0.0000,19.3295,4.0000,96.0000,AG03-UNRESOLVED,ALL5_LEVELS_bet23_to_bet27,19.3295,19.3295,24.1619,0.0000,0.0000,4.000000,4.000000,5.000000,0.000000,0.000000,96.000000,96.000000,95.000000,100.000000,100.000000,5.0,62.8210,60.1535,420.4173,423.0848,PENDING_AG03,FALSE,NOT_FOR_ENFORCEMENT,463.9088,46319.4703,483.2383,463.9088,19.3295,0.00902045,0.00865963,19.3295,463.9088,0.00865963,19.3295,19.3295,24.1619,0.0000,0.0000,463.9088,0.00865963,62.8210,60.1535,420.4173,423.0848,0.00784779,0.00789758,0.00036082,9.3346,8.4088,0.0842,5.5545,0.2517,615.7635,65.9540,8.3255,9.6426,5.1431,5.1891,8.2617,16.7816,25.8881,44.2602,5.1891,0.0,4.9889,8.529385,1.798876,29,193,98,2,0.20855820,0.00902045,0.00297427,0E-8,0.000000,0.900656,0.000000,0.00763944,2026-03-21,2026-08-06,87,1920,882,139,0.625899,0.863400,0.891889,0.695194,,,,,,,,GLOBAL_BASELINE_NO_ENTITY_RANKING,,,NOT_APPLICABLE_GLOBAL_BASELINE,HF9g-P5,,,,X 全窗基线 · 不参与实体赏罚,8396617,840,A168_HF9F_20260827_0900,2026-08-27 09:00:00
2026-05-16,54653530,2196,0,5.1891443101,5.1891443101,5.1891443101,1.0000000,1,1,0.49324550000000000,0.493245500000,1.01360149184955,1.01360149184955,1.01360149184955,0E-17,ELIGIBLE,R03b_20260811_FULL_v1,L1_ELIGIBILITY,v2026-08-11,2026-03-21..2026-08-06,baccarat_bet02_101_all_pairs_incl_sentinel,round_win = game_pnl > 0 (decisive only),COMPATIBILITY_ONLY_NOT_PRODUCTION,53571.4227,48249.4483,483.2383,5739,5738,-0.00902045,-0.00297427,-0.01061372,-0.00902045,-483.2383,53571.4227,OK,0.0000,19.3295,4.0000,96.0000,AG03-UNRESOLVED,ALL5_LEVELS_bet23_to_bet27,19.3295,19.3295,24.1619,0.0000,0.0000,4.000000,4.000000,5.000000,0.000000,0.000000,96.000000,96.000000,95.000000,100.000000,100.000000,5.0,62.8210,60.1535,420.4173,423.0848,PENDING_AG03,FALSE,NOT_FOR_ENFORCEMENT,463.9088,46319.4703,483.2383,463.9088,19.3295,0.00902045,0.00865963,19.3295,463.9088,0.00865963,19.3295,19.3295,24.1619,0.0000,0.0000,463.9088,0.00865963,62.8210,60.1535,420.4173,423.0848,0.00784779,0.00789758,0.00036082,9.3346,8.4088,0.0842,5.5545,0.2517,615.7635,65.9540,8.3255,9.6426,5.1431,5.1891,8.2617,16.7816,25.8881,44.2602,5.1891,0.0,4.9889,8.529385,1.798876,29,193,98,2,0.20855820,0.00902045,0.00297427,0E-8,0.000000,0.900656,0.000000,0.00763944,2026-03-21,2026-08-06,87,1920,882,139,0.625899,0.863400,0.891889,0.695194,,,,,,,,GLOBAL_BASELINE_NO_ENTITY_RANKING,,,NOT_APPLICABLE_GLOBAL_BASELINE,HF9g-P5,,,,X 全窗基线 · 不参与实体赏罚,8396618,840,A168_HF9F_20260827_0900,2026-08-27 09:00:00
2026-05-16,54653530,2233,0,63.5670177988,-48.3887706917,-48.3887706917,0.1666667,6,6,0.50665070000000000,0.506650700000,-1.6657221670529434,-1.6657221670529434,-1.6657221670529434,0E-17,ELIGIBLE,R03b_20260811_FULL_v1,L1_ELIGIBILITY,v2026-08-11,2026-03-21..2026-08-06,baccarat_bet02_101_all_pairs_incl_sentinel,round_win = game_pnl > 0 (decisive only),COMPATIBILITY_ONLY_NOT_PRODUCTION,53571.4227,48249.4483,483.2383,5739,5738,-0.00902045,-0.00297427,-0.01061372,-0.00902045,-483.2383,53571.4227,OK,0.0000,19.3295,4.0000,96.0000,AG03-UNRESOLVED,ALL5_LEVELS_bet23_to_bet27,19.3295,19.3295,24.1619,0.0000,0.0000,4.000000,4.000000,5.000000,0.000000,0.000000,96.000000,96.000000,95.000000,100.000000,100.000000,5.0,62.8210,60.1535,420.4173,423.0848,PENDING_AG03,FALSE,NOT_FOR_ENFORCEMENT,463.9088,46319.4703,483.2383,463.9088,19.3295,0.00902045,0.00865963,19.3295,463.9088,0.00865963,19.3295,19.3295,24.1619,0.0000,0.0000,463.9088,0.00865963,62.8210,60.1535,420.4173,423.0848,0.00784779,0.00789758,0.00036082,9.3346,8.4088,0.0842,5.5545,0.2517,615.7635,65.9540,8.3255,9.6426,5.1431,5.1891,8.2617,16.7816,25.8881,44.2602,5.1891,0.0,4.9889,8.529385,1.798876,29,193,98,2,0.20855820,0.00902045,0.00297427,0E-8,0.000000,0.900656,0.000000,0.00763944,2026-03-21,2026-08-06,87,1920,882,139,0.625899,0.863400,0.891889,0.695194,,,,,,,,GLOBAL_BASELINE_NO_ENTITY_RANKING,,,NOT_APPLICABLE_GLOBAL_BASELINE,HF9g-P5,,,,X 全窗基线 · 不参与实体赏罚,8396619,840,A168_HF9F_20260827_0900,2026-08-27 09:00:00
2026-05-16,54653530,2242,0,5.1891443101,4.9296870946,4.9296870946,1.0000000,1,1,0.50665070000000000,0.506650700000,0.9867858985152569,0.9867858985152569,0.9867858985152569,0E-17,ELIGIBLE,R03b_20260811_FULL_v1,L1_ELIGIBILITY,v2026-08-11,2026-03-21..2026-08-06,baccarat_bet02_101_all_pairs_incl_sentinel,round_win = game_pnl > 0 (decisive only),COMPATIBILITY_ONLY_NOT_PRODUCTION,53571.4227,48249.4483,483.2383,5739,5738,-0.00902045,-0.00297427,-0.01061372,-0.00902045,-483.2383,53571.4227,OK,0.0000,19.3295,4.0000,96.0000,AG03-UNRESOLVED,ALL5_LEVELS_bet23_to_bet27,19.3295,19.3295,24.1619,0.0000,0.0000,4.000000,4.000000,5.000000,0.000000,0.000000,96.000000,96.000000,95.000000,100.000000,100.000000,5.0,62.8210,60.1535,420.4173,423.0848,PENDING_AG03,FALSE,NOT_FOR_ENFORCEMENT,463.9088,46319.4703,483.2383,463.9088,19.3295,0.00902045,0.00865963,19.3295,463.9088,0.00865963,19.3295,19.3295,24.1619,0.0000,0.0000,463.9088,0.00865963,62.8210,60.1535,420.4173,423.0848,0.00784779,0.00789758,0.00036082,9.3346,8.4088,0.0842,5.5545,0.2517,615.7635,65.9540,8.3255,9.6426,5.1431,5.1891,8.2617,16.7816,25.8881,44.2602,5.1891,0.0,4.9889,8.529385,1.798876,29,193,98,2,0.20855820,0.00902045,0.00297427,0E-8,0.000000,0.900656,0.000000,0.00763944,2026-03-21,2026-08-06,87,1920,882,139,0.625899,0.863400,0.891889,0.695194,,,,,,,,GLOBAL_BASELINE_NO_ENTITY_RANKING,,,NOT_APPLICABLE_GLOBAL_BASELINE,HF9g-P5,,,,X 全窗基线 · 不参与实体赏罚,8396620,840,A168_HF9F_20260827_0900,2026-08-27 09:00:00
2026-05-16,54653530,919,0,5.1891443101,-5.1891443101,-5.1891443101,0E-7,1,1,0.50665070000000000,0.506650700000,-1.013391052207602,-1.013391052207602,-1.013391052207602,0E-17,ELIGIBLE,R03b_20260811_FULL_v1,L1_ELIGIBILITY,v2026-08-11,2026-03-21..2026-08-06,baccarat_bet02_101_all_pairs_incl_sentinel,round_win = game_pnl > 0 (decisive only),COMPATIBILITY_ONLY_NOT_PRODUCTION,53571.4227,48249.4483,483.2383,5739,5738,-0.00902045,-0.00297427,-0.01061372,-0.00902045,-483.2383,53571.4227,OK,0.0000,19.3295,4.0000,96.0000,AG03-UNRESOLVED,ALL5_LEVELS_bet23_to_bet27,19.3295,19.3295,24.1619,0.0000,0.0000,4.000000,4.000000,5.000000,0.000000,0.000000,96.000000,96.000000,95.000000,100.000000,100.000000,5.0,62.8210,60.1535,420.4173,423.0848,PENDING_AG03,FALSE,NOT_FOR_ENFORCEMENT,463.9088,46319.4703,483.2383,463.9088,19.3295,0.00902045,0.00865963,19.3295,463.9088,0.00865963,19.3295,19.3295,24.1619,0.0000,0.0000,463.9088,0.00865963,62.8210,60.1535,420.4173,423.0848,0.00784779,0.00789758,0.00036082,9.3346,8.4088,0.0842,5.5545,0.2517,615.7635,65.9540,8.3255,9.6426,5.1431,5.1891,8.2617,16.7816,25.8881,44.2602,5.1891,0.0,4.9889,8.529385,1.798876,29,193,98,2,0.20855820,0.00902045,0.00297427,0E-8,0.000000,0.900656,0.000000,0.00763944,2026-03-21,2026-08-06,87,1920,882,139,0.625899,0.863400,0.891889,0.695194,,,,,,,,GLOBAL_BASELINE_NO_ENTITY_RANKING,,,NOT_APPLICABLE_GLOBAL_BASELINE,HF9g-P5,,,,X 全窗基线 · 不参与实体赏罚,8396621,840,A168_HF9F_20260827_0900,2026-08-27 09:00:00
2026-05-17,54653530,1323,0,27.2430076281,5.6431944372,5.6431944372,0.5000000,4,4,0.50665070000000000,0.506650700000,-0.02660515369234503,-0.02660515369234503,-0.02660515369234503,0E-17,ELIGIBLE,R03b_20260811_FULL_v1,L1_ELIGIBILITY,v2026-08-11,2026-03-21..2026-08-06,baccarat_bet02_101_all_pairs_incl_sentinel,round_win = game_pnl > 0 (decisive only),COMPATIBILITY_ONLY_NOT_PRODUCTION,53571.4227,48249.4483,483.2383,5739,5738,-0.00902045,-0.00297427,-0.01061372,-0.00902045,-483.2383,53571.4227,OK,0.0000,19.3295,4.0000,96.0000,AG03-UNRESOLVED,ALL5_LEVELS_bet23_to_bet27,19.3295,19.3295,24.1619,0.0000,0.0000,4.000000,4.000000,5.000000,0.000000,0.000000,96.000000,96.000000,95.000000,100.000000,100.000000,5.0,62.8210,60.1535,420.4173,423.0848,PENDING_AG03,FALSE,NOT_FOR_ENFORCEMENT,463.9088,46319.4703,483.2383,463.9088,19.3295,0.00902045,0.00865963,19.3295,463.9088,0.00865963,19.3295,19.3295,24.1619,0.0000,0.0000,463.9088,0.00865963,62.8210,60.1535,420.4173,423.0848,0.00784779,0.00789758,0.00036082,9.3346,8.4088,0.0842,5.5545,0.2517,615.7635,65.9540,8.3255,9.6426,5.1431,5.1891,8.2617,16.7816,25.8881,44.2602,5.1891,0.0,4.9889,8.529385,1.798876,29,193,98,2,0.20855820,0.00902045,0.00297427,0E-8,0.000000,0.900656,0.000000,0.00763944,2026-03-21,2026-08-06,87,1920,882,139,0.625899,0.863400,0.891889,0.695194,,,,,,,,GLOBAL_BASELINE_NO_ENTITY_RANKING,,,NOT_APPLICABLE_GLOBAL_BASELINE,HF9g-P5,,,,X 全窗基线 · 不参与实体赏罚,8396622,840,A168_HF9F_20260827_0900,2026-08-27 09:00:00
2026-05-17,54653530,1405,0,68.4967048933,-36.8429246017,-36.8429246017,0E-7,5,5,0.50665070000000000,0.506650700000,-1.7552447903592512,-1.7552447903592512,-1.7552447903592512,0E-17,ELIGIBLE,R03b_20260811_FULL_v1,L1_ELIGIBILITY,v2026-08-11,2026-03-21..2026-08-06,baccarat_bet02_101_all_pairs_incl_sentinel,round_win = game_pnl > 0 (decisive only),COMPATIBILITY_ONLY_NOT_PRODUCTION,53571.4227,48249.4483,483.2383,5739,5738,-0.00902045,-0.00297427,-0.01061372,-0.00902045,-483.2383,53571.4227,OK,0.0000,19.3295,4.0000,96.0000,AG03-UNRESOLVED,ALL5_LEVELS_bet23_to_bet27,19.3295,19.3295,24.1619,0.0000,0.0000,4.000000,4.000000,5.000000,0.000000,0.000000,96.000000,96.000000,95.000000,100.000000,100.000000,5.0,62.8210,60.1535,420.4173,423.0848,PENDING_AG03,FALSE,NOT_FOR_ENFORCEMENT,463.9088,46319.4703,483.2383,463.9088,19.3295,0.00902045,0.00865963,19.3295,463.9088,0.00865963,19.3295,19.3295,24.1619,0.0000,0.0000,463.9088,0.00865963,62.8210,60.1535,420.4173,423.0848,0.00784779,0.00789758,0.00036082,9.3346,8.4088,0.0842,5.5545,0.2517,615.7635,65.9540,8.3255,9.6426,5.1431,5.1891,8.2617,16.7816,25.8881,44.2602,5.1891,0.0,4.9889,8.529385,1.798876,29,193,98,2,0.20855820,0.00902045,0.00297427,0E-8,0.000000,0.900656,0.000000,0.00763944,2026-03-21,2026-08-06,87,1920,882,139,0.625899,0.863400,0.891889,0.695194,,,,,,,,GLOBAL_BASELINE_NO_ENTITY_RANKING,,,NOT_APPLICABLE_GLOBAL_BASELINE,HF9g-P5,,,,X 全窗基线 · 不参与实体赏罚,8396623,840,A168_HF9F_20260827_0900,2026-08-27 09:00:00
2026-05-17,54653530,2235,0,13.4917752063,2.6983550413,2.6983550413,0.5000000,2,2,0.50665070000000000,0.506650700000,-0.018812684590367487,-0.018812684590367487,-0.018812684590367487,0E-17,ELIGIBLE,R03b_20260811_FULL_v1,L1_ELIGIBILITY,v2026-08-11,2026-03-21..2026-08-06,baccarat_bet02_101_all_pairs_incl_sentinel,round_win = game_pnl > 0 (decisive only),COMPATIBILITY_ONLY_NOT_PRODUCTION,53571.4227,48249.4483,483.2383,5739,5738,-0.00902045,-0.00297427,-0.01061372,-0.00902045,-483.2383,53571.4227,OK,0.0000,19.3295,4.0000,96.0000,AG03-UNRESOLVED,ALL5_LEVELS_bet23_to_bet27,19.3295,19.3295,24.1619,0.0000,0.0000,4.000000,4.000000,5.000000,0.000000,0.000000,96.000000,96.000000,95.000000,100.000000,100.000000,5.0,62.8210,60.1535,420.4173,423.0848,PENDING_AG03,FALSE,NOT_FOR_ENFORCEMENT,463.9088,46319.4703,483.2383,463.9088,19.3295,0.00902045,0.00865963,19.3295,463.9088,0.00865963,19.3295,19.3295,24.1619,0.0000,0.0000,463.9088,0.00865963,62.8210,60.1535,420.4173,423.0848,0.00784779,0.00789758,0.00036082,9.3346,8.4088,0.0842,5.5545,0.2517,615.7635,65.9540,8.3255,9.6426,5.1431,5.1891,8.2617,16.7816,25.8881,44.2602,5.1891,0.0,4.9889,8.529385,1.798876,29,193,98,2,0.20855820,0.00902045,0.00297427,0E-8,0.000000,0.900656,0.000000,0.00763944,2026-03-21,2026-08-06,87,1920,882,139,0.625899,0.863400,0.891889,0.695194,,,,,,,,GLOBAL_BASELINE_NO_ENTITY_RANKING,,,NOT_APPLICABLE_GLOBAL_BASELINE,HF9g-P5,,,,X 全窗基线 · 不参与实体赏罚,8396624,840,A168_HF9F_20260827_0900,2026-08-27 09:00:00
2026-05-27,54653530,1307,0,5.1891443101,4.9296870946,4.9296870946,1.0000000,1,1,0.50665070000000000,0.506650700000,0.9867858985152569,0.9867858985152569,0.9867858985152569,0E-17,ELIGIBLE,R03b_20260811_FULL_v1,L1_ELIGIBILITY,v2026-08-11,2026-03-21..2026-08-06,baccarat_bet02_101_all_pairs_incl_sentinel,round_win = game_pnl > 0 (decisive only),COMPATIBILITY_ONLY_NOT_PRODUCTION,53571.4227,48249.4483,483.2383,5739,5738,-0.00902045,-0.00297427,-0.01061372,-0.00902045,-483.2383,53571.4227,OK,0.0000,19.3295,4.0000,96.0000,AG03-UNRESOLVED,ALL5_LEVELS_bet23_to_bet27,19.3295,19.3295,24.1619,0.0000,0.0000,4.000000,4.000000,5.000000,0.000000,0.000000,96.000000,96.000000,95.000000,100.000000,100.000000,5.0,62.8210,60.1535,420.4173,423.0848,PENDING_AG03,FALSE,NOT_FOR_ENFORCEMENT,463.9088,46319.4703,483.2383,463.9088,19.3295,0.00902045,0.00865963,19.3295,463.9088,0.00865963,19.3295,19.3295,24.1619,0.0000,0.0000,463.9088,0.00865963,62.8210,60.1535,420.4173,423.0848,0.00784779,0.00789758,0.00036082,9.3346,8.4088,0.0842,5.5545,0.2517,615.7635,65.9540,8.3255,9.6426,5.1431,5.1891,8.2617,16.7816,25.8881,44.2602,5.1891,0.0,4.9889,8.529385,1.798876,29,193,98,2,0.20855820,0.00902045,0.00297427,0E-8,0.000000,0.900656,0.000000,0.00763944,2026-03-21,2026-08-06,87,1920,882,139,0.625899,0.863400,0.891889,0.695194,,,,,,,,GLOBAL_BASELINE_NO_ENTITY_RANKING,,,NOT_APPLICABLE_GLOBAL_BASELINE,HF9g-P5,,,,X 全窗基线 · 不参与实体赏罚,8396625,840,A168_HF9F_20260827_0900,2026-08-27 09:00:00
2026-05-27,54653530,2130,0,5.1891443101,4.9296870946,4.9296870946,1.0000000,1,1,0.50665070000000000,0.506650700000,0.9867858985152569,0.9867858985152569,0.9867858985152569,0E-17,ELIGIBLE,R03b_20260811_FULL_v1,L1_ELIGIBILITY,v2026-08-11,2026-03-21..2026-08-06,baccarat_bet02_101_all_pairs_incl_sentinel,round_win = game_pnl > 0 (decisive only),COMPATIBILITY_ONLY_NOT_PRODUCTION,53571.4227,48249.4483,483.2383,5739,5738,-0.00902045,-0.00297427,-0.01061372,-0.00902045,-483.2383,53571.4227,OK,0.0000,19.3295,4.0000,96.0000,AG03-UNRESOLVED,ALL5_LEVELS_bet23_to_bet27,19.3295,19.3295,24.1619,0.0000,0.0000,4.000000,4.000000,5.000000,0.000000,0.000000,96.000000,96.000000,95.000000,100.000000,100.000000,5.0,62.8210,60.1535,420.4173,423.0848,PENDING_AG03,FALSE,NOT_FOR_ENFORCEMENT,463.9088,46319.4703,483.2383,463.9088,19.3295,0.00902045,0.00865963,19.3295,463.9088,0.00865963,19.3295,19.3295,24.1619,0.0000,0.0000,463.9088,0.00865963,62.8210,60.1535,420.4173,423.0848,0.00784779,0.00789758,0.00036082,9.3346,8.4088,0.0842,5.5545,0.2517,615.7635,65.9540,8.3255,9.6426,5.1431,5.1891,8.2617,16.7816,25.8881,44.2602,5.1891,0.0,4.9889,8.529385,1.798876,29,193,98,2,0.20855820,0.00902045,0.00297427,0E-8,0.000000,0.900656,0.000000,0.00763944,2026-03-21,2026-08-06,87,1920,882,139,0.625899,0.863400,0.891889,0.695194,,,,,,,,GLOBAL_BASELINE_NO_ENTITY_RANKING,,,NOT_APPLICABLE_GLOBAL_BASELINE,HF9g-P5,,,,X 全窗基线 · 不参与实体赏罚,8396626,840,A168_HF9F_20260827_0900,2026-08-27 09:00:00
2026-05-27,54653530,2175,0,43.3293549893,-43.3293549893,-43.3293549893,0E-7,3,3,0.50665070000000000,0.506650700000,-1.7552447903592512,-1.7552447903592512,-1.7552447903592512,0E-17,ELIGIBLE,R03b_20260811_FULL_v1,L1_ELIGIBILITY,v2026-08-11,2026-03-21..2026-08-06,baccarat_bet02_101_all_pairs_incl_sentinel,round_win = game_pnl > 0 (decisive only),COMPATIBILITY_ONLY_NOT_PRODUCTION,53571.4227,48249.4483,483.2383,5739,5738,-0.00902045,-0.00297427,-0.01061372,-0.00902045,-483.2383,53571.4227,OK,0.0000,19.3295,4.0000,96.0000,AG03-UNRESOLVED,ALL5_LEVELS_bet23_to_bet27,19.3295,19.3295,24.1619,0.0000,0.0000,4.000000,4.000000,5.000000,0.000000,0.000000,96.000000,96.000000,95.000000,100.000000,100.000000,5.0,62.8210,60.1535,420.4173,423.0848,PENDING_AG03,FALSE,NOT_FOR_ENFORCEMENT,463.9088,46319.4703,483.2383,463.9088,19.3295,0.00902045,0.00865963,19.3295,463.9088,0.00865963,19.3295,19.3295,24.1619,0.0000,0.0000,463.9088,0.00865963,62.8210,60.1535,420.4173,423.0848,0.00784779,0.00789758,0.00036082,9.3346,8.4088,0.0842,5.5545,0.2517,615.7635,65.9540,8.3255,9.6426,5.1431,5.1891,8.2617,16.7816,25.8881,44.2602,5.1891,0.0,4.9889,8.529385,1.798876,29,193,98,2,0.20855820,0.00902045,0.00297427,0E-8,0.000000,0.900656,0.000000,0.00763944,2026-03-21,2026-08-06,87,1920,882,139,0.625899,0.863400,0.891889,0.695194,,,,,,,,GLOBAL_BASELINE_NO_ENTITY_RANKING,,,NOT_APPLICABLE_GLOBAL_BASELINE,HF9g-P5,,,,X 全窗基线 · 不参与实体赏罚,8396627,840,A168_HF9F_20260827_0900,2026-08-27 09:00:00
2026-05-27,54653530,550,0,5.1891443101,4.9296870946,4.9296870946,1.0000000,1,1,0.50665070000000000,0.506650700000,0.9867858985152569,0.9867858985152569,0.9867858985152569,0E-17,ELIGIBLE,R03b_20260811_FULL_v1,L1_ELIGIBILITY,v2026-08-11,2026-03-21..2026-08-06,baccarat_bet02_101_all_pairs_incl_sentinel,round_win = game_pnl > 0 (decisive only),COMPATIBILITY_ONLY_NOT_PRODUCTION,53571.4227,48249.4483,483.2383,5739,5738,-0.00902045,-0.00297427,-0.01061372,-0.00902045,-483.2383,53571.4227,OK,0.0000,19.3295,4.0000,96.0000,AG03-UNRESOLVED,ALL5_LEVELS_bet23_to_bet27,19.3295,19.3295,24.1619,0.0000,0.0000,4.000000,4.000000,5.000000,0.000000,0.000000,96.000000,96.000000,95.000000,100.000000,100.000000,5.0,62.8210,60.1535,420.4173,423.0848,PENDING_AG03,FALSE,NOT_FOR_ENFORCEMENT,463.9088,46319.4703,483.2383,463.9088,19.3295,0.00902045,0.00865963,19.3295,463.9088,0.00865963,19.3295,19.3295,24.1619,0.0000,0.0000,463.9088,0.00865963,62.8210,60.1535,420.4173,423.0848,0.00784779,0.00789758,0.00036082,9.3346,8.4088,0.0842,5.5545,0.2517,615.7635,65.9540,8.3255,9.6426,5.1431,5.1891,8.2617,16.7816,25.8881,44.2602,5.1891,0.0,4.9889,8.529385,1.798876,29,193,98,2,0.20855820,0.00902045,0.00297427,0E-8,0.000000,0.900656,0.000000,0.00763944,2026-03-21,2026-08-06,87,1920,882,139,0.625899,0.863400,0.891889,0.695194,,,,,,,,GLOBAL_BASELINE_NO_ENTITY_RANKING,,,NOT_APPLICABLE_GLOBAL_BASELINE,HF9g-P5,,,,X 全窗基线 · 不参与实体赏罚,8396628,840,A168_HF9F_20260827_0900,2026-08-27 09:00:00
2026-05-28,54653530,-1,1,5.1891443101,4.9296870946,4.9296870946,1.0000000,1,1,0.50665070000000000,0.506650700000,0.9867858985152569,0.9867858985152569,0.9867858985152569,0E-17,SENTINEL_DEALER,R03b_20260811_FULL_v1,L1_ELIGIBILITY,v2026-08-11,2026-03-21..2026-08-06,baccarat_bet02_101_all_pairs_incl_sentinel,round_win = game_pnl > 0 (decisive only),COMPATIBILITY_ONLY_NOT_PRODUCTION,53571.4227,48249.4483,483.2383,5739,5738,-0.00902045,-0.00297427,-0.01061372,-0.00902045,-483.2383,53571.4227,OK,0.0000,19.3295,4.0000,96.0000,AG03-UNRESOLVED,ALL5_LEVELS_bet23_to_bet27,19.3295,19.3295,24.1619,0.0000,0.0000,4.000000,4.000000,5.000000,0.000000,0.000000,96.000000,96.000000,95.000000,100.000000,100.000000,5.0,62.8210,60.1535,420.4173,423.0848,PENDING_AG03,FALSE,NOT_FOR_ENFORCEMENT,463.9088,46319.4703,483.2383,463.9088,19.3295,0.00902045,0.00865963,19.3295,463.9088,0.00865963,19.3295,19.3295,24.1619,0.0000,0.0000,463.9088,0.00865963,62.8210,60.1535,420.4173,423.0848,0.00784779,0.00789758,0.00036082,9.3346,8.4088,0.0842,5.5545,0.2517,615.7635,65.9540,8.3255,9.6426,5.1431,5.1891,8.2617,16.7816,25.8881,44.2602,5.1891,0.0,4.9889,8.529385,1.798876,29,193,98,2,0.20855820,0.00902045,0.00297427,0E-8,0.000000,0.900656,0.000000,0.00763944,2026-03-21,2026-08-06,87,1920,882,139,0.625899,0.863400,0.891889,0.695194,,,,,,,,GLOBAL_BASELINE_NO_ENTITY_RANKING,,,NOT_APPLICABLE_GLOBAL_BASELINE,HF9g-P5,,,,X 全窗基线 · 不参与实体赏罚,8396629,840,A168_HF9F_20260827_0900,2026-08-27 09:00:00
2026-05-28,54653530,1307,0,10.3782886202,-0.2594572155,-0.2594572155,0.5000000,2,2,0.50665070000000000,0.506650700000,-0.018812684590367487,-0.018812684590367487,-0.018812684590367487,0E-17,ELIGIBLE,R03b_20260811_FULL_v1,L1_ELIGIBILITY,v2026-08-11,2026-03-21..2026-08-06,baccarat_bet02_101_all_pairs_incl_sentinel,round_win = game_pnl > 0 (decisive only),COMPATIBILITY_ONLY_NOT_PRODUCTION,53571.4227,48249.4483,483.2383,5739,5738,-0.00902045,-0.00297427,-0.01061372,-0.00902045,-483.2383,53571.4227,OK,0.0000,19.3295,4.0000,96.0000,AG03-UNRESOLVED,ALL5_LEVELS_bet23_to_bet27,19.3295,19.3295,24.1619,0.0000,0.0000,4.000000,4.000000,5.000000,0.000000,0.000000,96.000000,96.000000,95.000000,100.000000,100.000000,5.0,62.8210,60.1535,420.4173,423.0848,PENDING_AG03,FALSE,NOT_FOR_ENFORCEMENT,463.9088,46319.4703,483.2383,463.9088,19.3295,0.00902045,0.00865963,19.3295,463.9088,0.00865963,19.3295,19.3295,24.1619,0.0000,0.0000,463.9088,0.00865963,62.8210,60.1535,420.4173,423.0848,0.00784779,0.00789758,0.00036082,9.3346,8.4088,0.0842,5.5545,0.2517,615.7635,65.9540,8.3255,9.6426,5.1431,5.1891,8.2617,16.7816,25.8881,44.2602,5.1891,0.0,4.9889,8.529385,1.798876,29,193,98,2,0.20855820,0.00902045,0.00297427,0E-8,0.000000,0.900656,0.000000,0.00763944,2026-03-21,2026-08-06,87,1920,882,139,0.625899,0.863400,0.891889,0.695194,,,,,,,,GLOBAL_BASELINE_NO_ENTITY_RANKING,,,NOT_APPLICABLE_GLOBAL_BASELINE,HF9g-P5,,,,X 全窗基线 · 不参与实体赏罚,8396630,840,A168_HF9F_20260827_0900,2026-08-27 09:00:00
2026-05-28,54653530,1402,0,68.2372476779,-58.1184162732,-58.1184162732,0.2000000,5,5,0.50665070000000000,0.506650700000,-1.3715049547573244,-1.3715049547573244,-1.3715049547573244,0E-17,ELIGIBLE,R03b_20260811_FULL_v1,L1_ELIGIBILITY,v2026-08-11,2026-03-21..2026-08-06,baccarat_bet02_101_all_pairs_incl_sentinel,round_win = game_pnl > 0 (decisive only),COMPATIBILITY_ONLY_NOT_PRODUCTION,53571.4227,48249.4483,483.2383,5739,5738,-0.00902045,-0.00297427,-0.01061372,-0.00902045,-483.2383,53571.4227,OK,0.0000,19.3295,4.0000,96.0000,AG03-UNRESOLVED,ALL5_LEVELS_bet23_to_bet27,19.3295,19.3295,24.1619,0.0000,0.0000,4.000000,4.000000,5.000000,0.000000,0.000000,96.000000,96.000000,95.000000,100.000000,100.000000,5.0,62.8210,60.1535,420.4173,423.0848,PENDING_AG03,FALSE,NOT_FOR_ENFORCEMENT,463.9088,46319.4703,483.2383,463.9088,19.3295,0.00902045,0.00865963,19.3295,463.9088,0.00865963,19.3295,19.3295,24.1619,0.0000,0.0000,463.9088,0.00865963,62.8210,60.1535,420.4173,423.0848,0.00784779,0.00789758,0.00036082,9.3346,8.4088,0.0842,5.5545,0.2517,615.7635,65.9540,8.3255,9.6426,5.1431,5.1891,8.2617,16.7816,25.8881,44.2602,5.1891,0.0,4.9889,8.529385,1.798876,29,193,98,2,0.20855820,0.00902045,0.00297427,0E-8,0.000000,0.900656,0.000000,0.00763944,2026-03-21,2026-08-06,87,1920,882,139,0.625899,0.863400,0.891889,0.695194,,,,,,,,GLOBAL_BASELINE_NO_ENTITY_RANKING,,,NOT_APPLICABLE_GLOBAL_BASELINE,HF9g-P5,,,,X 全窗基线 · 不参与实体赏罚,8396631,840,A168_HF9F_20260827_0900,2026-08-27 09:00:00
2026-05-28,54653530,1509,0,5.1891443101,0E-10,0E-10,,1,1,0.49324550000000000,0.493245500000,,,,0E-17,NO_DECISIVE_ROUND,R03b_20260811_FULL_v1,L1_ELIGIBILITY,v2026-08-11,2026-03-21..2026-08-06,baccarat_bet02_101_all_pairs_incl_sentinel,round_win = game_pnl > 0 (decisive only),COMPATIBILITY_ONLY_NOT_PRODUCTION,53571.4227,48249.4483,483.2383,5739,5738,-0.00902045,-0.00297427,-0.01061372,-0.00902045,-483.2383,53571.4227,OK,0.0000,19.3295,4.0000,96.0000,AG03-UNRESOLVED,ALL5_LEVELS_bet23_to_bet27,19.3295,19.3295,24.1619,0.0000,0.0000,4.000000,4.000000,5.000000,0.000000,0.000000,96.000000,96.000000,95.000000,100.000000,100.000000,5.0,62.8210,60.1535,420.4173,423.0848,PENDING_AG03,FALSE,NOT_FOR_ENFORCEMENT,463.9088,46319.4703,483.2383,463.9088,19.3295,0.00902045,0.00865963,19.3295,463.9088,0.00865963,19.3295,19.3295,24.1619,0.0000,0.0000,463.9088,0.00865963,62.8210,60.1535,420.4173,423.0848,0.00784779,0.00789758,0.00036082,9.3346,8.4088,0.0842,5.5545,0.2517,615.7635,65.9540,8.3255,9.6426,5.1431,5.1891,8.2617,16.7816,25.8881,44.2602,5.1891,0.0,4.9889,8.529385,1.798876,29,193,98,2,0.20855820,0.00902045,0.00297427,0E-8,0.000000,0.900656,0.000000,0.00763944,2026-03-21,2026-08-06,87,1920,882,139,0.625899,0.863400,0.891889,0.695194,,,,,,,,GLOBAL_BASELINE_NO_ENTITY_RANKING,,,NOT_APPLICABLE_GLOBAL_BASELINE,HF9g-P5,,,,X 全窗基线 · 不参与实体赏罚,8396632,840,A168_HF9F_20260827_0900,2026-08-27 09:00:00
2026-05-28,54653530,1623,0,16.0863473613,15.2820299933,15.2820299933,1.0000000,1,1,0.50665070000000000,0.506650700000,0.9867858985152569,0.9867858985152569,0.9867858985152569,0E-17,ELIGIBLE,R03b_20260811_FULL_v1,L1_ELIGIBILITY,v2026-08-11,2026-03-21..2026-08-06,baccarat_bet02_101_all_pairs_incl_sentinel,round_win = game_pnl > 0 (decisive only),COMPATIBILITY_ONLY_NOT_PRODUCTION,53571.4227,48249.4483,483.2383,5739,5738,-0.00902045,-0.00297427,-0.01061372,-0.00902045,-483.2383,53571.4227,OK,0.0000,19.3295,4.0000,96.0000,AG03-UNRESOLVED,ALL5_LEVELS_bet23_to_bet27,19.3295,19.3295,24.1619,0.0000,0.0000,4.000000,4.000000,5.000000,0.000000,0.000000,96.000000,96.000000,95.000000,100.000000,100.000000,5.0,62.8210,60.1535,420.4173,423.0848,PENDING_AG03,FALSE,NOT_FOR_ENFORCEMENT,463.9088,46319.4703,483.2383,463.9088,19.3295,0.00902045,0.00865963,19.3295,463.9088,0.00865963,19.3295,19.3295,24.1619,0.0000,0.0000,463.9088,0.00865963,62.8210,60.1535,420.4173,423.0848,0.00784779,0.00789758,0.00036082,9.3346,8.4088,0.0842,5.5545,0.2517,615.7635,65.9540,8.3255,9.6426,5.1431,5.1891,8.2617,16.7816,25.8881,44.2602,5.1891,0.0,4.9889,8.529385,1.798876,29,193,98,2,0.20855820,0.00902045,0.00297427,0E-8,0.000000,0.900656,0.000000,0.00763944,2026-03-21,2026-08-06,87,1920,882,139,0.625899,0.863400,0.891889,0.695194,,,,,,,,GLOBAL_BASELINE_NO_ENTITY_RANKING,,,NOT_APPLICABLE_GLOBAL_BASELINE,HF9g-P5,,,,X 全窗基线 · 不参与实体赏罚,8396633,840,A168_HF9F_20260827_0900,2026-08-27 09:00:00
2026-05-28,54653530,1654,0,87.4370816252,-31.9132375072,-31.9132375072,0.3333333,6,6,0.49324550000000000,0.493245500000,-0.783477916903833,-0.7834779169038328,-0.783477916903833,0E-17,ELIGIBLE,R03b_20260811_FULL_v1,L1_ELIGIBILITY,v2026-08-11,2026-03-21..2026-08-06,baccarat_bet02_101_all_pairs_incl_sentinel,round_win = game_pnl > 0 (decisive only),COMPATIBILITY_ONLY_NOT_PRODUCTION,53571.4227,48249.4483,483.2383,5739,5738,-0.00902045,-0.00297427,-0.01061372,-0.00902045,-483.2383,53571.4227,OK,0.0000,19.3295,4.0000,96.0000,AG03-UNRESOLVED,ALL5_LEVELS_bet23_to_bet27,19.3295,19.3295,24.1619,0.0000,0.0000,4.000000,4.000000,5.000000,0.000000,0.000000,96.000000,96.000000,95.000000,100.000000,100.000000,5.0,62.8210,60.1535,420.4173,423.0848,PENDING_AG03,FALSE,NOT_FOR_ENFORCEMENT,463.9088,46319.4703,483.2383,463.9088,19.3295,0.00902045,0.00865963,19.3295,463.9088,0.00865963,19.3295,19.3295,24.1619,0.0000,0.0000,463.9088,0.00865963,62.8210,60.1535,420.4173,423.0848,0.00784779,0.00789758,0.00036082,9.3346,8.4088,0.0842,5.5545,0.2517,615.7635,65.9540,8.3255,9.6426,5.1431,5.1891,8.2617,16.7816,25.8881,44.2602,5.1891,0.0,4.9889,8.529385,1.798876,29,193,98,2,0.20855820,0.00902045,0.00297427,0E-8,0.000000,0.900656,0.000000,0.00763944,2026-03-21,2026-08-06,87,1920,882,139,0.625899,0.863400,0.891889,0.695194,,,,,,,,GLOBAL_BASELINE_NO_ENTITY_RANKING,,,NOT_APPLICABLE_GLOBAL_BASELINE,HF9g-P5,,,,X 全窗基线 · 不参与实体赏罚,8396634,840,A168_HF9F_20260827_0900,2026-08-27 09:00:00
2026-05-28,54653530,2101,0,56.0427585491,-8.5880338332,-8.5880338332,0.3333333,4,4,0.50665070000000000,0.506650700000,-0.6004420894325239,-0.6004420894325239,-0.6004420894325239,0E-17,ELIGIBLE,R03b_20260811_FULL_v1,L1_ELIGIBILITY,v2026-08-11,2026-03-21..2026-08-06,baccarat_bet02_101_all_pairs_incl_sentinel,round_win = game_pnl > 0 (decisive only),COMPATIBILITY_ONLY_NOT_PRODUCTION,53571.4227,48249.4483,483.2383,5739,5738,-0.00902045,-0.00297427,-0.01061372,-0.00902045,-483.2383,53571.4227,OK,0.0000,19.3295,4.0000,96.0000,AG03-UNRESOLVED,ALL5_LEVELS_bet23_to_bet27,19.3295,19.3295,24.1619,0.0000,0.0000,4.000000,4.000000,5.000000,0.000000,0.000000,96.000000,96.000000,95.000000,100.000000,100.000000,5.0,62.8210,60.1535,420.4173,423.0848,PENDING_AG03,FALSE,NOT_FOR_ENFORCEMENT,463.9088,46319.4703,483.2383,463.9088,19.3295,0.00902045,0.00865963,19.3295,463.9088,0.00865963,19.3295,19.3295,24.1619,0.0000,0.0000,463.9088,0.00865963,62.8210,60.1535,420.4173,423.0848,0.00784779,0.00789758,0.00036082,9.3346,8.4088,0.0842,5.5545,0.2517,615.7635,65.9540,8.3255,9.6426,5.1431,5.1891,8.2617,16.7816,25.8881,44.2602,5.1891,0.0,4.9889,8.529385,1.798876,29,193,98,2,0.20855820,0.00902045,0.00297427,0E-8,0.000000,0.900656,0.000000,0.00763944,2026-03-21,2026-08-06,87,1920,882,139,0.625899,0.863400,0.891889,0.695194,,,,,,,,GLOBAL_BASELINE_NO_ENTITY_RANKING,,,NOT_APPLICABLE_GLOBAL_BASELINE,HF9g-P5,,,,X 全窗基线 · 不参与实体赏罚,8396635,840,A168_HF9F_20260827_0900,2026-08-27 09:00:00
2026-05-28,54653530,2160,0,13.2323179908,-13.2323179908,-13.2323179908,0E-7,2,2,0.50665070000000000,0.506650700000,-1.4331513700195317,-1.4331513700195317,-1.4331513700195317,0E-17,ELIGIBLE,R03b_20260811_FULL_v1,L1_ELIGIBILITY,v2026-08-11,2026-03-21..2026-08-06,baccarat_bet02_101_all_pairs_incl_sentinel,round_win = game_pnl > 0 (decisive only),COMPATIBILITY_ONLY_NOT_PRODUCTION,53571.4227,48249.4483,483.2383,5739,5738,-0.00902045,-0.00297427,-0.01061372,-0.00902045,-483.2383,53571.4227,OK,0.0000,19.3295,4.0000,96.0000,AG03-UNRESOLVED,ALL5_LEVELS_bet23_to_bet27,19.3295,19.3295,24.1619,0.0000,0.0000,4.000000,4.000000,5.000000,0.000000,0.000000,96.000000,96.000000,95.000000,100.000000,100.000000,5.0,62.8210,60.1535,420.4173,423.0848,PENDING_AG03,FALSE,NOT_FOR_ENFORCEMENT,463.9088,46319.4703,483.2383,463.9088,19.3295,0.00902045,0.00865963,19.3295,463.9088,0.00865963,19.3295,19.3295,24.1619,0.0000,0.0000,463.9088,0.00865963,62.8210,60.1535,420.4173,423.0848,0.00784779,0.00789758,0.00036082,9.3346,8.4088,0.0842,5.5545,0.2517,615.7635,65.9540,8.3255,9.6426,5.1431,5.1891,8.2617,16.7816,25.8881,44.2602,5.1891,0.0,4.9889,8.529385,1.798876,29,193,98,2,0.20855820,0.00902045,0.00297427,0E-8,0.000000,0.900656,0.000000,0.00763944,2026-03-21,2026-08-06,87,1920,882,139,0.625899,0.863400,0.891889,0.695194,,,,,,,,GLOBAL_BASELINE_NO_ENTITY_RANKING,,,NOT_APPLICABLE_GLOBAL_BASELINE,HF9g-P5,,,,X 全窗基线 · 不参与实体赏罚,8396636,840,A168_HF9F_20260827_0900,2026-08-27 09:00:00
2026-05-28,54653530,2167,0,29.3186653521,2.0497120025,2.0497120025,0.3333333,3,3,0.50665070000000000,0.506650700000,-0.6004420894325239,-0.6004420894325239,-0.6004420894325239,0E-17,ELIGIBLE,R03b_20260811_FULL_v1,L1_ELIGIBILITY,v2026-08-11,2026-03-21..2026-08-06,baccarat_bet02_101_all_pairs_incl_sentinel,round_win = game_pnl > 0 (decisive only),COMPATIBILITY_ONLY_NOT_PRODUCTION,53571.4227,48249.4483,483.2383,5739,5738,-0.00902045,-0.00297427,-0.01061372,-0.00902045,-483.2383,53571.4227,OK,0.0000,19.3295,4.0000,96.0000,AG03-UNRESOLVED,ALL5_LEVELS_bet23_to_bet27,19.3295,19.3295,24.1619,0.0000,0.0000,4.000000,4.000000,5.000000,0.000000,0.000000,96.000000,96.000000,95.000000,100.000000,100.000000,5.0,62.8210,60.1535,420.4173,423.0848,PENDING_AG03,FALSE,NOT_FOR_ENFORCEMENT,463.9088,46319.4703,483.2383,463.9088,19.3295,0.00902045,0.00865963,19.3295,463.9088,0.00865963,19.3295,19.3295,24.1619,0.0000,0.0000,463.9088,0.00865963,62.8210,60.1535,420.4173,423.0848,0.00784779,0.00789758,0.00036082,9.3346,8.4088,0.0842,5.5545,0.2517,615.7635,65.9540,8.3255,9.6426,5.1431,5.1891,8.2617,16.7816,25.8881,44.2602,5.1891,0.0,4.9889,8.529385,1.798876,29,193,98,2,0.20855820,0.00902045,0.00297427,0E-8,0.000000,0.900656,0.000000,0.00763944,2026-03-21,2026-08-06,87,1920,882,139,0.625899,0.863400,0.891889,0.695194,,,,,,,,GLOBAL_BASELINE_NO_ENTITY_RANKING,,,NOT_APPLICABLE_GLOBAL_BASELINE,HF9g-P5,,,,X 全窗基线 · 不参与实体赏罚,8396637,840,A168_HF9F_20260827_0900,2026-08-27 09:00:00
2026-05-28,54653530,2174,0,20.7565772404,20.2376628094,20.2376628094,1.0000000,4,4,0.49994810000000000,0.499948100000,2.0002076107755586,2.0002076107755586,2.0002076107755586,0E-17,ELIGIBLE,R03b_20260811_FULL_v1,L1_ELIGIBILITY,v2026-08-11,2026-03-21..2026-08-06,baccarat_bet02_101_all_pairs_incl_sentinel,round_win = game_pnl > 0 (decisive only),COMPATIBILITY_ONLY_NOT_PRODUCTION,53571.4227,48249.4483,483.2383,5739,5738,-0.00902045,-0.00297427,-0.01061372,-0.00902045,-483.2383,53571.4227,OK,0.0000,19.3295,4.0000,96.0000,AG03-UNRESOLVED,ALL5_LEVELS_bet23_to_bet27,19.3295,19.3295,24.1619,0.0000,0.0000,4.000000,4.000000,5.000000,0.000000,0.000000,96.000000,96.000000,95.000000,100.000000,100.000000,5.0,62.8210,60.1535,420.4173,423.0848,PENDING_AG03,FALSE,NOT_FOR_ENFORCEMENT,463.9088,46319.4703,483.2383,463.9088,19.3295,0.00902045,0.00865963,19.3295,463.9088,0.00865963,19.3295,19.3295,24.1619,0.0000,0.0000,463.9088,0.00865963,62.8210,60.1535,420.4173,423.0848,0.00784779,0.00789758,0.00036082,9.3346,8.4088,0.0842,5.5545,0.2517,615.7635,65.9540,8.3255,9.6426,5.1431,5.1891,8.2617,16.7816,25.8881,44.2602,5.1891,0.0,4.9889,8.529385,1.798876,29,193,98,2,0.20855820,0.00902045,0.00297427,0E-8,0.000000,0.900656,0.000000,0.00763944,2026-03-21,2026-08-06,87,1920,882,139,0.625899,0.863400,0.891889,0.695194,,,,,,,,GLOBAL_BASELINE_NO_ENTITY_RANKING,,,NOT_APPLICABLE_GLOBAL_BASELINE,HF9g-P5,,,,X 全窗基线 · 不参与实体赏罚,8396638,840,A168_HF9F_20260827_0900,2026-08-27 09:00:00
2026-05-28,54653530,2175,0,20.7565772405,2.5945721551,2.5945721551,0.5000000,3,3,0.49324550000000000,0.493245500000,0.01910635448239258,0.01910635448239258,0.01910635448239258,0E-17,ELIGIBLE,R03b_20260811_FULL_v1,L1_ELIGIBILITY,v2026-08-11,2026-03-21..2026-08-06,baccarat_bet02_101_all_pairs_incl_sentinel,round_win = game_pnl > 0 (decisive only),COMPATIBILITY_ONLY_NOT_PRODUCTION,53571.4227,48249.4483,483.2383,5739,5738,-0.00902045,-0.00297427,-0.01061372,-0.00902045,-483.2383,53571.4227,OK,0.0000,19.3295,4.0000,96.0000,AG03-UNRESOLVED,ALL5_LEVELS_bet23_to_bet27,19.3295,19.3295,24.1619,0.0000,0.0000,4.000000,4.000000,5.000000,0.000000,0.000000,96.000000,96.000000,95.000000,100.000000,100.000000,5.0,62.8210,60.1535,420.4173,423.0848,PENDING_AG03,FALSE,NOT_FOR_ENFORCEMENT,463.9088,46319.4703,483.2383,463.9088,19.3295,0.00902045,0.00865963,19.3295,463.9088,0.00865963,19.3295,19.3295,24.1619,0.0000,0.0000,463.9088,0.00865963,62.8210,60.1535,420.4173,423.0848,0.00784779,0.00789758,0.00036082,9.3346,8.4088,0.0842,5.5545,0.2517,615.7635,65.9540,8.3255,9.6426,5.1431,5.1891,8.2617,16.7816,25.8881,44.2602,5.1891,0.0,4.9889,8.529385,1.798876,29,193,98,2,0.20855820,0.00902045,0.00297427,0E-8,0.000000,0.900656,0.000000,0.00763944,2026-03-21,2026-08-06,87,1920,882,139,0.625899,0.863400,0.891889,0.695194,,,,,,,,GLOBAL_BASELINE_NO_ENTITY_RANKING,,,NOT_APPLICABLE_GLOBAL_BASELINE,HF9g-P5,,,,X 全窗基线 · 不参与实体赏罚,8396639,840,A168_HF9F_20260827_0900,2026-08-27 09:00:00
2026-05-29,54653530,-1,1,5.1891443101,4.9296870946,4.9296870946,1.0000000,1,1,0.50665070000000000,0.506650700000,0.9867858985152569,0.9867858985152569,0.9867858985152569,0E-17,SENTINEL_DEALER,R03b_20260811_FULL_v1,L1_ELIGIBILITY,v2026-08-11,2026-03-21..2026-08-06,baccarat_bet02_101_all_pairs_incl_sentinel,round_win = game_pnl > 0 (decisive only),COMPATIBILITY_ONLY_NOT_PRODUCTION,53571.4227,48249.4483,483.2383,5739,5738,-0.00902045,-0.00297427,-0.01061372,-0.00902045,-483.2383,53571.4227,OK,0.0000,19.3295,4.0000,96.0000,AG03-UNRESOLVED,ALL5_LEVELS_bet23_to_bet27,19.3295,19.3295,24.1619,0.0000,0.0000,4.000000,4.000000,5.000000,0.000000,0.000000,96.000000,96.000000,95.000000,100.000000,100.000000,5.0,62.8210,60.1535,420.4173,423.0848,PENDING_AG03,FALSE,NOT_FOR_ENFORCEMENT,463.9088,46319.4703,483.2383,463.9088,19.3295,0.00902045,0.00865963,19.3295,463.9088,0.00865963,19.3295,19.3295,24.1619,0.0000,0.0000,463.9088,0.00865963,62.8210,60.1535,420.4173,423.0848,0.00784779,0.00789758,0.00036082,9.3346,8.4088,0.0842,5.5545,0.2517,615.7635,65.9540,8.3255,9.6426,5.1431,5.1891,8.2617,16.7816,25.8881,44.2602,5.1891,0.0,4.9889,8.529385,1.798876,29,193,98,2,0.20855820,0.00902045,0.00297427,0E-8,0.000000,0.900656,0.000000,0.00763944,2026-03-21,2026-08-06,87,1920,882,139,0.625899,0.863400,0.891889,0.695194,,,,,,,,GLOBAL_BASELINE_NO_ENTITY_RANKING,,,NOT_APPLICABLE_GLOBAL_BASELINE,HF9g-P5,,,,X 全窗基线 · 不参与实体赏罚,8396640,840,A168_HF9F_20260827_0900,2026-08-27 09:00:00
2026-05-29,54653530,1004,0,5.1891443101,4.9296870946,4.9296870946,1.0000000,1,1,0.50665070000000000,0.506650700000,0.9867858985152569,0.9867858985152569,0.9867858985152569,0E-17,ELIGIBLE,R03b_20260811_FULL_v1,L1_ELIGIBILITY,v2026-08-11,2026-03-21..2026-08-06,baccarat_bet02_101_all_pairs_incl_sentinel,round_win = game_pnl > 0 (decisive only),COMPATIBILITY_ONLY_NOT_PRODUCTION,53571.4227,48249.4483,483.2383,5739,5738,-0.00902045,-0.00297427,-0.01061372,-0.00902045,-483.2383,53571.4227,OK,0.0000,19.3295,4.0000,96.0000,AG03-UNRESOLVED,ALL5_LEVELS_bet23_to_bet27,19.3295,19.3295,24.1619,0.0000,0.0000,4.000000,4.000000,5.000000,0.000000,0.000000,96.000000,96.000000,95.000000,100.000000,100.000000,5.0,62.8210,60.1535,420.4173,423.0848,PENDING_AG03,FALSE,NOT_FOR_ENFORCEMENT,463.9088,46319.4703,483.2383,463.9088,19.3295,0.00902045,0.00865963,19.3295,463.9088,0.00865963,19.3295,19.3295,24.1619,0.0000,0.0000,463.9088,0.00865963,62.8210,60.1535,420.4173,423.0848,0.00784779,0.00789758,0.00036082,9.3346,8.4088,0.0842,5.5545,0.2517,615.7635,65.9540,8.3255,9.6426,5.1431,5.1891,8.2617,16.7816,25.8881,44.2602,5.1891,0.0,4.9889,8.529385,1.798876,29,193,98,2,0.20855820,0.00902045,0.00297427,0E-8,0.000000,0.900656,0.000000,0.00763944,2026-03-21,2026-08-06,87,1920,882,139,0.625899,0.863400,0.891889,0.695194,,,,,,,,GLOBAL_BASELINE_NO_ENTITY_RANKING,,,NOT_APPLICABLE_GLOBAL_BASELINE,HF9g-P5,,,,X 全窗基线 · 不参与实体赏罚,8396641,840,A168_HF9F_20260827_0900,2026-08-27 09:00:00
2026-05-29,54653530,1151,0,5.1891443101,5.1891443101,5.1891443101,1.0000000,1,1,0.49324550000000000,0.493245500000,1.01360149184955,1.01360149184955,1.01360149184955,0E-17,ELIGIBLE,R03b_20260811_FULL_v1,L1_ELIGIBILITY,v2026-08-11,2026-03-21..2026-08-06,baccarat_bet02_101_all_pairs_incl_sentinel,round_win = game_pnl > 0 (decisive only),COMPATIBILITY_ONLY_NOT_PRODUCTION,53571.4227,48249.4483,483.2383,5739,5738,-0.00902045,-0.00297427,-0.01061372,-0.00902045,-483.2383,53571.4227,OK,0.0000,19.3295,4.0000,96.0000,AG03-UNRESOLVED,ALL5_LEVELS_bet23_to_bet27,19.3295,19.3295,24.1619,0.0000,0.0000,4.000000,4.000000,5.000000,0.000000,0.000000,96.000000,96.000000,95.000000,100.000000,100.000000,5.0,62.8210,60.1535,420.4173,423.0848,PENDING_AG03,FALSE,NOT_FOR_ENFORCEMENT,463.9088,46319.4703,483.2383,463.9088,19.3295,0.00902045,0.00865963,19.3295,463.9088,0.00865963,19.3295,19.3295,24.1619,0.0000,0.0000,463.9088,0.00865963,62.8210,60.1535,420.4173,423.0848,0.00784779,0.00789758,0.00036082,9.3346,8.4088,0.0842,5.5545,0.2517,615.7635,65.9540,8.3255,9.6426,5.1431,5.1891,8.2617,16.7816,25.8881,44.2602,5.1891,0.0,4.9889,8.529385,1.798876,29,193,98,2,0.20855820,0.00902045,0.00297427,0E-8,0.000000,0.900656,0.000000,0.00763944,2026-03-21,2026-08-06,87,1920,882,139,0.625899,0.863400,0.891889,0.695194,,,,,,,,GLOBAL_BASELINE_NO_ENTITY_RANKING,,,NOT_APPLICABLE_GLOBAL_BASELINE,HF9g-P5,,,,X 全窗基线 · 不参与实体赏罚,8396642,840,A168_HF9F_20260827_0900,2026-08-27 09:00:00
2026-05-29,54653530,1157,0,5.1891443101,4.9296870946,4.9296870946,1.0000000,1,1,0.50665070000000000,0.506650700000,0.9867858985152569,0.9867858985152569,0.9867858985152569,0E-17,ELIGIBLE,R03b_20260811_FULL_v1,L1_ELIGIBILITY,v2026-08-11,2026-03-21..2026-08-06,baccarat_bet02_101_all_pairs_incl_sentinel,round_win = game_pnl > 0 (decisive only),COMPATIBILITY_ONLY_NOT_PRODUCTION,53571.4227,48249.4483,483.2383,5739,5738,-0.00902045,-0.00297427,-0.01061372,-0.00902045,-483.2383,53571.4227,OK,0.0000,19.3295,4.0000,96.0000,AG03-UNRESOLVED,ALL5_LEVELS_bet23_to_bet27,19.3295,19.3295,24.1619,0.0000,0.0000,4.000000,4.000000,5.000000,0.000000,0.000000,96.000000,96.000000,95.000000,100.000000,100.000000,5.0,62.8210,60.1535,420.4173,423.0848,PENDING_AG03,FALSE,NOT_FOR_ENFORCEMENT,463.9088,46319.4703,483.2383,463.9088,19.3295,0.00902045,0.00865963,19.3295,463.9088,0.00865963,19.3295,19.3295,24.1619,0.0000,0.0000,463.9088,0.00865963,62.8210,60.1535,420.4173,423.0848,0.00784779,0.00789758,0.00036082,9.3346,8.4088,0.0842,5.5545,0.2517,615.7635,65.9540,8.3255,9.6426,5.1431,5.1891,8.2617,16.7816,25.8881,44.2602,5.1891,0.0,4.9889,8.529385,1.798876,29,193,98,2,0.20855820,0.00902045,0.00297427,0E-8,0.000000,0.900656,0.000000,0.00763944,2026-03-21,2026-08-06,87,1920,882,139,0.625899,0.863400,0.891889,0.695194,,,,,,,,GLOBAL_BASELINE_NO_ENTITY_RANKING,,,NOT_APPLICABLE_GLOBAL_BASELINE,HF9g-P5,,,,X 全窗基线 · 不参与实体赏罚,8396643,840,A168_HF9F_20260827_0900,2026-08-27 09:00:00
2026-05-29,54653530,1307,0,146.5933267604,-76.7993357895,-76.7993357895,0.4000000,6,6,0.50441650000000000,0.504416500000,-0.466983001748531,-0.466983001748531,-0.466983001748531,0E-17,ELIGIBLE,R03b_20260811_FULL_v1,L1_ELIGIBILITY,v2026-08-11,2026-03-21..2026-08-06,baccarat_bet02_101_all_pairs_incl_sentinel,round_win = game_pnl > 0 (decisive only),COMPATIBILITY_ONLY_NOT_PRODUCTION,53571.4227,48249.4483,483.2383,5739,5738,-0.00902045,-0.00297427,-0.01061372,-0.00902045,-483.2383,53571.4227,OK,0.0000,19.3295,4.0000,96.0000,AG03-UNRESOLVED,ALL5_LEVELS_bet23_to_bet27,19.3295,19.3295,24.1619,0.0000,0.0000,4.000000,4.000000,5.000000,0.000000,0.000000,96.000000,96.000000,95.000000,100.000000,100.000000,5.0,62.8210,60.1535,420.4173,423.0848,PENDING_AG03,FALSE,NOT_FOR_ENFORCEMENT,463.9088,46319.4703,483.2383,463.9088,19.3295,0.00902045,0.00865963,19.3295,463.9088,0.00865963,19.3295,19.3295,24.1619,0.0000,0.0000,463.9088,0.00865963,62.8210,60.1535,420.4173,423.0848,0.00784779,0.00789758,0.00036082,9.3346,8.4088,0.0842,5.5545,0.2517,615.7635,65.9540,8.3255,9.6426,5.1431,5.1891,8.2617,16.7816,25.8881,44.2602,5.1891,0.0,4.9889,8.529385,1.798876,29,193,98,2,0.20855820,0.00902045,0.00297427,0E-8,0.000000,0.900656,0.000000,0.00763944,2026-03-21,2026-08-06,87,1920,882,139,0.625899,0.863400,0.891889,0.695194,,,,,,,,GLOBAL_BASELINE_NO_ENTITY_RANKING,,,NOT_APPLICABLE_GLOBAL_BASELINE,HF9g-P5,,,,X 全窗基线 · 不参与实体赏罚,8396644,840,A168_HF9F_20260827_0900,2026-08-27 09:00:00
2026-05-29,54653530,1383,0,20.7565772404,9.8593741892,9.8593741892,0.6666667,3,3,0.50218230000000000,0.502182300000,0.5697959874915163,0.5697959874915164,0.5697959874915163,0E-17,ELIGIBLE,R03b_20260811_FULL_v1,L1_ELIGIBILITY,v2026-08-11,2026-03-21..2026-08-06,baccarat_bet02_101_all_pairs_incl_sentinel,round_win = game_pnl > 0 (decisive only),COMPATIBILITY_ONLY_NOT_PRODUCTION,53571.4227,48249.4483,483.2383,5739,5738,-0.00902045,-0.00297427,-0.01061372,-0.00902045,-483.2383,53571.4227,OK,0.0000,19.3295,4.0000,96.0000,AG03-UNRESOLVED,ALL5_LEVELS_bet23_to_bet27,19.3295,19.3295,24.1619,0.0000,0.0000,4.000000,4.000000,5.000000,0.000000,0.000000,96.000000,96.000000,95.000000,100.000000,100.000000,5.0,62.8210,60.1535,420.4173,423.0848,PENDING_AG03,FALSE,NOT_FOR_ENFORCEMENT,463.9088,46319.4703,483.2383,463.9088,19.3295,0.00902045,0.00865963,19.3295,463.9088,0.00865963,19.3295,19.3295,24.1619,0.0000,0.0000,463.9088,0.00865963,62.8210,60.1535,420.4173,423.0848,0.00784779,0.00789758,0.00036082,9.3346,8.4088,0.0842,5.5545,0.2517,615.7635,65.9540,8.3255,9.6426,5.1431,5.1891,8.2617,16.7816,25.8881,44.2602,5.1891,0.0,4.9889,8.529385,1.798876,29,193,98,2,0.20855820,0.00902045,0.00297427,0E-8,0.000000,0.900656,0.000000,0.00763944,2026-03-21,2026-08-06,87,1920,882,139,0.625899,0.863400,0.891889,0.695194,,,,,,,,GLOBAL_BASELINE_NO_ENTITY_RANKING,,,NOT_APPLICABLE_GLOBAL_BASELINE,HF9g-P5,,,,X 全窗基线 · 不参与实体赏罚,8396645,840,A168_HF9F_20260827_0900,2026-08-27 09:00:00
2026-05-29,54653530,1402,0,28.5402937056,-28.5402937056,-28.5402937056,0E-7,3,3,0.49771390000000000,0.497713900000,-1.724149546644903,-1.724149546644903,-1.724149546644903,0E-17,ELIGIBLE,R03b_20260811_FULL_v1,L1_ELIGIBILITY,v2026-08-11,2026-03-21..2026-08-06,baccarat_bet02_101_all_pairs_incl_sentinel,round_win = game_pnl > 0 (decisive only),COMPATIBILITY_ONLY_NOT_PRODUCTION,53571.4227,48249.4483,483.2383,5739,5738,-0.00902045,-0.00297427,-0.01061372,-0.00902045,-483.2383,53571.4227,OK,0.0000,19.3295,4.0000,96.0000,AG03-UNRESOLVED,ALL5_LEVELS_bet23_to_bet27,19.3295,19.3295,24.1619,0.0000,0.0000,4.000000,4.000000,5.000000,0.000000,0.000000,96.000000,96.000000,95.000000,100.000000,100.000000,5.0,62.8210,60.1535,420.4173,423.0848,PENDING_AG03,FALSE,NOT_FOR_ENFORCEMENT,463.9088,46319.4703,483.2383,463.9088,19.3295,0.00902045,0.00865963,19.3295,463.9088,0.00865963,19.3295,19.3295,24.1619,0.0000,0.0000,463.9088,0.00865963,62.8210,60.1535,420.4173,423.0848,0.00784779,0.00789758,0.00036082,9.3346,8.4088,0.0842,5.5545,0.2517,615.7635,65.9540,8.3255,9.6426,5.1431,5.1891,8.2617,16.7816,25.8881,44.2602,5.1891,0.0,4.9889,8.529385,1.798876,29,193,98,2,0.20855820,0.00902045,0.00297427,0E-8,0.000000,0.900656,0.000000,0.00763944,2026-03-21,2026-08-06,87,1920,882,139,0.625899,0.863400,0.891889,0.695194,,,,,,,,GLOBAL_BASELINE_NO_ENTITY_RANKING,,,NOT_APPLICABLE_GLOBAL_BASELINE,HF9g-P5,,,,X 全窗基线 · 不参与实体赏罚,8396646,840,A168_HF9F_20260827_0900,2026-08-27 09:00:00
2026-05-29,54653530,1654,0,5.1891443101,4.9296870946,4.9296870946,1.0000000,1,1,0.50665070000000000,0.506650700000,0.9867858985152569,0.9867858985152569,0.9867858985152569,0E-17,ELIGIBLE,R03b_20260811_FULL_v1,L1_ELIGIBILITY,v2026-08-11,2026-03-21..2026-08-06,baccarat_bet02_101_all_pairs_incl_sentinel,round_win = game_pnl > 0 (decisive only),COMPATIBILITY_ONLY_NOT_PRODUCTION,53571.4227,48249.4483,483.2383,5739,5738,-0.00902045,-0.00297427,-0.01061372,-0.00902045,-483.2383,53571.4227,OK,0.0000,19.3295,4.0000,96.0000,AG03-UNRESOLVED,ALL5_LEVELS_bet23_to_bet27,19.3295,19.3295,24.1619,0.0000,0.0000,4.000000,4.000000,5.000000,0.000000,0.000000,96.000000,96.000000,95.000000,100.000000,100.000000,5.0,62.8210,60.1535,420.4173,423.0848,PENDING_AG03,FALSE,NOT_FOR_ENFORCEMENT,463.9088,46319.4703,483.2383,463.9088,19.3295,0.00902045,0.00865963,19.3295,463.9088,0.00865963,19.3295,19.3295,24.1619,0.0000,0.0000,463.9088,0.00865963,62.8210,60.1535,420.4173,423.0848,0.00784779,0.00789758,0.00036082,9.3346,8.4088,0.0842,5.5545,0.2517,615.7635,65.9540,8.3255,9.6426,5.1431,5.1891,8.2617,16.7816,25.8881,44.2602,5.1891,0.0,4.9889,8.529385,1.798876,29,193,98,2,0.20855820,0.00902045,0.00297427,0E-8,0.000000,0.900656,0.000000,0.00763944,2026-03-21,2026-08-06,87,1920,882,139,0.625899,0.863400,0.891889,0.695194,,,,,,,,GLOBAL_BASELINE_NO_ENTITY_RANKING,,,NOT_APPLICABLE_GLOBAL_BASELINE,HF9g-P5,,,,X 全窗基线 · 不参与实体赏罚,8396647,840,A168_HF9F_20260827_0900,2026-08-27 09:00:00
2026-05-29,54653530,1714,0,5.1891443101,4.9296870946,4.9296870946,1.0000000,1,1,0.50665070000000000,0.506650700000,0.9867858985152569,0.9867858985152569,0.9867858985152569,0E-17,ELIGIBLE,R03b_20260811_FULL_v1,L1_ELIGIBILITY,v2026-08-11,2026-03-21..2026-08-06,baccarat_bet02_101_all_pairs_incl_sentinel,round_win = game_pnl > 0 (decisive only),COMPATIBILITY_ONLY_NOT_PRODUCTION,53571.4227,48249.4483,483.2383,5739,5738,-0.00902045,-0.00297427,-0.01061372,-0.00902045,-483.2383,53571.4227,OK,0.0000,19.3295,4.0000,96.0000,AG03-UNRESOLVED,ALL5_LEVELS_bet23_to_bet27,19.3295,19.3295,24.1619,0.0000,0.0000,4.000000,4.000000,5.000000,0.000000,0.000000,96.000000,96.000000,95.000000,100.000000,100.000000,5.0,62.8210,60.1535,420.4173,423.0848,PENDING_AG03,FALSE,NOT_FOR_ENFORCEMENT,463.9088,46319.4703,483.2383,463.9088,19.3295,0.00902045,0.00865963,19.3295,463.9088,0.00865963,19.3295,19.3295,24.1619,0.0000,0.0000,463.9088,0.00865963,62.8210,60.1535,420.4173,423.0848,0.00784779,0.00789758,0.00036082,9.3346,8.4088,0.0842,5.5545,0.2517,615.7635,65.9540,8.3255,9.6426,5.1431,5.1891,8.2617,16.7816,25.8881,44.2602,5.1891,0.0,4.9889,8.529385,1.798876,29,193,98,2,0.20855820,0.00902045,0.00297427,0E-8,0.000000,0.900656,0.000000,0.00763944,2026-03-21,2026-08-06,87,1920,882,139,0.625899,0.863400,0.891889,0.695194,,,,,,,,GLOBAL_BASELINE_NO_ENTITY_RANKING,,,NOT_APPLICABLE_GLOBAL_BASELINE,HF9g-P5,,,,X 全窗基线 · 不参与实体赏罚,8396648,840,A168_HF9F_20260827_0900,2026-08-27 09:00:00
2026-05-29,54653530,1941,0,5.1891443101,4.9296870946,4.9296870946,1.0000000,1,1,0.50665070000000000,0.506650700000,0.9867858985152569,0.9867858985152569,0.9867858985152569,0E-17,ELIGIBLE,R03b_20260811_FULL_v1,L1_ELIGIBILITY,v2026-08-11,2026-03-21..2026-08-06,baccarat_bet02_101_all_pairs_incl_sentinel,round_win = game_pnl > 0 (decisive only),COMPATIBILITY_ONLY_NOT_PRODUCTION,53571.4227,48249.4483,483.2383,5739,5738,-0.00902045,-0.00297427,-0.01061372,-0.00902045,-483.2383,53571.4227,OK,0.0000,19.3295,4.0000,96.0000,AG03-UNRESOLVED,ALL5_LEVELS_bet23_to_bet27,19.3295,19.3295,24.1619,0.0000,0.0000,4.000000,4.000000,5.000000,0.000000,0.000000,96.000000,96.000000,95.000000,100.000000,100.000000,5.0,62.8210,60.1535,420.4173,423.0848,PENDING_AG03,FALSE,NOT_FOR_ENFORCEMENT,463.9088,46319.4703,483.2383,463.9088,19.3295,0.00902045,0.00865963,19.3295,463.9088,0.00865963,19.3295,19.3295,24.1619,0.0000,0.0000,463.9088,0.00865963,62.8210,60.1535,420.4173,423.0848,0.00784779,0.00789758,0.00036082,9.3346,8.4088,0.0842,5.5545,0.2517,615.7635,65.9540,8.3255,9.6426,5.1431,5.1891,8.2617,16.7816,25.8881,44.2602,5.1891,0.0,4.9889,8.529385,1.798876,29,193,98,2,0.20855820,0.00902045,0.00297427,0E-8,0.000000,0.900656,0.000000,0.00763944,2026-03-21,2026-08-06,87,1920,882,139,0.625899,0.863400,0.891889,0.695194,,,,,,,,GLOBAL_BASELINE_NO_ENTITY_RANKING,,,NOT_APPLICABLE_GLOBAL_BASELINE,HF9g-P5,,,,X 全窗基线 · 不参与实体赏罚,8396649,840,A168_HF9F_20260827_0900,2026-08-27 09:00:00
2026-05-29,54653530,1994,0,13.4917752063,-13.4917752063,-13.4917752063,0E-7,2,2,0.50665070000000000,0.506650700000,-1.4331513700195317,-1.4331513700195317,-1.4331513700195317,0E-17,ELIGIBLE,R03b_20260811_FULL_v1,L1_ELIGIBILITY,v2026-08-11,2026-03-21..2026-08-06,baccarat_bet02_101_all_pairs_incl_sentinel,round_win = game_pnl > 0 (decisive only),COMPATIBILITY_ONLY_NOT_PRODUCTION,53571.4227,48249.4483,483.2383,5739,5738,-0.00902045,-0.00297427,-0.01061372,-0.00902045,-483.2383,53571.4227,OK,0.0000,19.3295,4.0000,96.0000,AG03-UNRESOLVED,ALL5_LEVELS_bet23_to_bet27,19.3295,19.3295,24.1619,0.0000,0.0000,4.000000,4.000000,5.000000,0.000000,0.000000,96.000000,96.000000,95.000000,100.000000,100.000000,5.0,62.8210,60.1535,420.4173,423.0848,PENDING_AG03,FALSE,NOT_FOR_ENFORCEMENT,463.9088,46319.4703,483.2383,463.9088,19.3295,0.00902045,0.00865963,19.3295,463.9088,0.00865963,19.3295,19.3295,24.1619,0.0000,0.0000,463.9088,0.00865963,62.8210,60.1535,420.4173,423.0848,0.00784779,0.00789758,0.00036082,9.3346,8.4088,0.0842,5.5545,0.2517,615.7635,65.9540,8.3255,9.6426,5.1431,5.1891,8.2617,16.7816,25.8881,44.2602,5.1891,0.0,4.9889,8.529385,1.798876,29,193,98,2,0.20855820,0.00902045,0.00297427,0E-8,0.000000,0.900656,0.000000,0.00763944,2026-03-21,2026-08-06,87,1920,882,139,0.625899,0.863400,0.891889,0.695194,,,,,,,,GLOBAL_BASELINE_NO_ENTITY_RANKING,,,NOT_APPLICABLE_GLOBAL_BASELINE,HF9g-P5,,,,X 全窗基线 · 不参与实体赏罚,8396650,840,A168_HF9F_20260827_0900,2026-08-27 09:00:00
2026-05-29,54653530,2101,0,143.4798401744,15.0225727777,15.0225727777,0.4545455,12,12,0.50553360000000000,0.505533600000,-0.3382378092684702,-0.3382378092684702,-0.3382378092684702,0E-17,ELIGIBLE,R03b_20260811_FULL_v1,L1_ELIGIBILITY,v2026-08-11,2026-03-21..2026-08-06,baccarat_bet02_101_all_pairs_incl_sentinel,round_win = game_pnl > 0 (decisive only),COMPATIBILITY_ONLY_NOT_PRODUCTION,53571.4227,48249.4483,483.2383,5739,5738,-0.00902045,-0.00297427,-0.01061372,-0.00902045,-483.2383,53571.4227,OK,0.0000,19.3295,4.0000,96.0000,AG03-UNRESOLVED,ALL5_LEVELS_bet23_to_bet27,19.3295,19.3295,24.1619,0.0000,0.0000,4.000000,4.000000,5.000000,0.000000,0.000000,96.000000,96.000000,95.000000,100.000000,100.000000,5.0,62.8210,60.1535,420.4173,423.0848,PENDING_AG03,FALSE,NOT_FOR_ENFORCEMENT,463.9088,46319.4703,483.2383,463.9088,19.3295,0.00902045,0.00865963,19.3295,463.9088,0.00865963,19.3295,19.3295,24.1619,0.0000,0.0000,463.9088,0.00865963,62.8210,60.1535,420.4173,423.0848,0.00784779,0.00789758,0.00036082,9.3346,8.4088,0.0842,5.5545,0.2517,615.7635,65.9540,8.3255,9.6426,5.1431,5.1891,8.2617,16.7816,25.8881,44.2602,5.1891,0.0,4.9889,8.529385,1.798876,29,193,98,2,0.20855820,0.00902045,0.00297427,0E-8,0.000000,0.900656,0.000000,0.00763944,2026-03-21,2026-08-06,87,1920,882,139,0.625899,0.863400,0.891889,0.695194,,,,,,,,GLOBAL_BASELINE_NO_ENTITY_RANKING,,,NOT_APPLICABLE_GLOBAL_BASELINE,HF9g-P5,,,,X 全窗基线 · 不参与实体赏罚,8396651,840,A168_HF9F_20260827_0900,2026-08-27 09:00:00
2026-05-29,54653530,2167,0,29.3186653521,2.0497120025,2.0497120025,0.3333333,3,3,0.50665070000000000,0.506650700000,-0.6004420894325239,-0.6004420894325239,-0.6004420894325239,0E-17,ELIGIBLE,R03b_20260811_FULL_v1,L1_ELIGIBILITY,v2026-08-11,2026-03-21..2026-08-06,baccarat_bet02_101_all_pairs_incl_sentinel,round_win = game_pnl > 0 (decisive only),COMPATIBILITY_ONLY_NOT_PRODUCTION,53571.4227,48249.4483,483.2383,5739,5738,-0.00902045,-0.00297427,-0.01061372,-0.00902045,-483.2383,53571.4227,OK,0.0000,19.3295,4.0000,96.0000,AG03-UNRESOLVED,ALL5_LEVELS_bet23_to_bet27,19.3295,19.3295,24.1619,0.0000,0.0000,4.000000,4.000000,5.000000,0.000000,0.000000,96.000000,96.000000,95.000000,100.000000,100.000000,5.0,62.8210,60.1535,420.4173,423.0848,PENDING_AG03,FALSE,NOT_FOR_ENFORCEMENT,463.9088,46319.4703,483.2383,463.9088,19.3295,0.00902045,0.00865963,19.3295,463.9088,0.00865963,19.3295,19.3295,24.1619,0.0000,0.0000,463.9088,0.00865963,62.8210,60.1535,420.4173,423.0848,0.00784779,0.00789758,0.00036082,9.3346,8.4088,0.0842,5.5545,0.2517,615.7635,65.9540,8.3255,9.6426,5.1431,5.1891,8.2617,16.7816,25.8881,44.2602,5.1891,0.0,4.9889,8.529385,1.798876,29,193,98,2,0.20855820,0.00902045,0.00297427,0E-8,0.000000,0.900656,0.000000,0.00763944,2026-03-21,2026-08-06,87,1920,882,139,0.625899,0.863400,0.891889,0.695194,,,,,,,,GLOBAL_BASELINE_NO_ENTITY_RANKING,,,NOT_APPLICABLE_GLOBAL_BASELINE,HF9g-P5,,,,X 全窗基线 · 不参与实体赏罚,8396652,840,A168_HF9F_20260827_0900,2026-08-27 09:00:00
2026-05-29,54653530,2174,0,34.5078096622,7.7837164651,7.7837164651,0.5000000,4,4,0.50329940000000000,0.503299400000,-0.01319788734859681,-0.01319788734859681,-0.01319788734859681,0E-17,ELIGIBLE,R03b_20260811_FULL_v1,L1_ELIGIBILITY,v2026-08-11,2026-03-21..2026-08-06,baccarat_bet02_101_all_pairs_incl_sentinel,round_win = game_pnl > 0 (decisive only),COMPATIBILITY_ONLY_NOT_PRODUCTION,53571.4227,48249.4483,483.2383,5739,5738,-0.00902045,-0.00297427,-0.01061372,-0.00902045,-483.2383,53571.4227,OK,0.0000,19.3295,4.0000,96.0000,AG03-UNRESOLVED,ALL5_LEVELS_bet23_to_bet27,19.3295,19.3295,24.1619,0.0000,0.0000,4.000000,4.000000,5.000000,0.000000,0.000000,96.000000,96.000000,95.000000,100.000000,100.000000,5.0,62.8210,60.1535,420.4173,423.0848,PENDING_AG03,FALSE,NOT_FOR_ENFORCEMENT,463.9088,46319.4703,483.2383,463.9088,19.3295,0.00902045,0.00865963,19.3295,463.9088,0.00865963,19.3295,19.3295,24.1619,0.0000,0.0000,463.9088,0.00865963,62.8210,60.1535,420.4173,423.0848,0.00784779,0.00789758,0.00036082,9.3346,8.4088,0.0842,5.5545,0.2517,615.7635,65.9540,8.3255,9.6426,5.1431,5.1891,8.2617,16.7816,25.8881,44.2602,5.1891,0.0,4.9889,8.529385,1.798876,29,193,98,2,0.20855820,0.00902045,0.00297427,0E-8,0.000000,0.900656,0.000000,0.00763944,2026-03-21,2026-08-06,87,1920,882,139,0.625899,0.863400,0.891889,0.695194,,,,,,,,GLOBAL_BASELINE_NO_ENTITY_RANKING,,,NOT_APPLICABLE_GLOBAL_BASELINE,HF9g-P5,,,,X 全窗基线 · 不参与实体赏罚,8396653,840,A168_HF9F_20260827_0900,2026-08-27 09:00:00
2026-05-29,54653530,2177,0,5.1891443101,5.1891443101,5.1891443101,1.0000000,1,1,0.49324550000000000,0.493245500000,1.01360149184955,1.01360149184955,1.01360149184955,0E-17,ELIGIBLE,R03b_20260811_FULL_v1,L1_ELIGIBILITY,v2026-08-11,2026-03-21..2026-08-06,baccarat_bet02_101_all_pairs_incl_sentinel,round_win = game_pnl > 0 (decisive only),COMPATIBILITY_ONLY_NOT_PRODUCTION,53571.4227,48249.4483,483.2383,5739,5738,-0.00902045,-0.00297427,-0.01061372,-0.00902045,-483.2383,53571.4227,OK,0.0000,19.3295,4.0000,96.0000,AG03-UNRESOLVED,ALL5_LEVELS_bet23_to_bet27,19.3295,19.3295,24.1619,0.0000,0.0000,4.000000,4.000000,5.000000,0.000000,0.000000,96.000000,96.000000,95.000000,100.000000,100.000000,5.0,62.8210,60.1535,420.4173,423.0848,PENDING_AG03,FALSE,NOT_FOR_ENFORCEMENT,463.9088,46319.4703,483.2383,463.9088,19.3295,0.00902045,0.00865963,19.3295,463.9088,0.00865963,19.3295,19.3295,24.1619,0.0000,0.0000,463.9088,0.00865963,62.8210,60.1535,420.4173,423.0848,0.00784779,0.00789758,0.00036082,9.3346,8.4088,0.0842,5.5545,0.2517,615.7635,65.9540,8.3255,9.6426,5.1431,5.1891,8.2617,16.7816,25.8881,44.2602,5.1891,0.0,4.9889,8.529385,1.798876,29,193,98,2,0.20855820,0.00902045,0.00297427,0E-8,0.000000,0.900656,0.000000,0.00763944,2026-03-21,2026-08-06,87,1920,882,139,0.625899,0.863400,0.891889,0.695194,,,,,,,,GLOBAL_BASELINE_NO_ENTITY_RANKING,,,NOT_APPLICABLE_GLOBAL_BASELINE,HF9g-P5,,,,X 全窗基线 · 不参与实体赏罚,8396654,840,A168_HF9F_20260827_0900,2026-08-27 09:00:00
2026-05-29,54653530,595,0,5.1891443101,4.9296870946,4.9296870946,1.0000000,1,1,0.50665070000000000,0.506650700000,0.9867858985152569,0.9867858985152569,0.9867858985152569,0E-17,ELIGIBLE,R03b_20260811_FULL_v1,L1_ELIGIBILITY,v2026-08-11,2026-03-21..2026-08-06,baccarat_bet02_101_all_pairs_incl_sentinel,round_win = game_pnl > 0 (decisive only),COMPATIBILITY_ONLY_NOT_PRODUCTION,53571.4227,48249.4483,483.2383,5739,5738,-0.00902045,-0.00297427,-0.01061372,-0.00902045,-483.2383,53571.4227,OK,0.0000,19.3295,4.0000,96.0000,AG03-UNRESOLVED,ALL5_LEVELS_bet23_to_bet27,19.3295,19.3295,24.1619,0.0000,0.0000,4.000000,4.000000,5.000000,0.000000,0.000000,96.000000,96.000000,95.000000,100.000000,100.000000,5.0,62.8210,60.1535,420.4173,423.0848,PENDING_AG03,FALSE,NOT_FOR_ENFORCEMENT,463.9088,46319.4703,483.2383,463.9088,19.3295,0.00902045,0.00865963,19.3295,463.9088,0.00865963,19.3295,19.3295,24.1619,0.0000,0.0000,463.9088,0.00865963,62.8210,60.1535,420.4173,423.0848,0.00784779,0.00789758,0.00036082,9.3346,8.4088,0.0842,5.5545,0.2517,615.7635,65.9540,8.3255,9.6426,5.1431,5.1891,8.2617,16.7816,25.8881,44.2602,5.1891,0.0,4.9889,8.529385,1.798876,29,193,98,2,0.20855820,0.00902045,0.00297427,0E-8,0.000000,0.900656,0.000000,0.00763944,2026-03-21,2026-08-06,87,1920,882,139,0.625899,0.863400,0.891889,0.695194,,,,,,,,GLOBAL_BASELINE_NO_ENTITY_RANKING,,,NOT_APPLICABLE_GLOBAL_BASELINE,HF9g-P5,,,,X 全窗基线 · 不参与实体赏罚,8396655,840,A168_HF9F_20260827_0900,2026-08-27 09:00:00
2026-05-30,54653530,-1,1,5.1891443101,-5.1891443101,-5.1891443101,0E-7,1,1,0.50665070000000000,0.506650700000,-1.013391052207602,-1.013391052207602,-1.013391052207602,0E-17,SENTINEL_DEALER,R03b_20260811_FULL_v1,L1_ELIGIBILITY,v2026-08-11,2026-03-21..2026-08-06,baccarat_bet02_101_all_pairs_incl_sentinel,round_win = game_pnl > 0 (decisive only),COMPATIBILITY_ONLY_NOT_PRODUCTION,53571.4227,48249.4483,483.2383,5739,5738,-0.00902045,-0.00297427,-0.01061372,-0.00902045,-483.2383,53571.4227,OK,0.0000,19.3295,4.0000,96.0000,AG03-UNRESOLVED,ALL5_LEVELS_bet23_to_bet27,19.3295,19.3295,24.1619,0.0000,0.0000,4.000000,4.000000,5.000000,0.000000,0.000000,96.000000,96.000000,95.000000,100.000000,100.000000,5.0,62.8210,60.1535,420.4173,423.0848,PENDING_AG03,FALSE,NOT_FOR_ENFORCEMENT,463.9088,46319.4703,483.2383,463.9088,19.3295,0.00902045,0.00865963,19.3295,463.9088,0.00865963,19.3295,19.3295,24.1619,0.0000,0.0000,463.9088,0.00865963,62.8210,60.1535,420.4173,423.0848,0.00784779,0.00789758,0.00036082,9.3346,8.4088,0.0842,5.5545,0.2517,615.7635,65.9540,8.3255,9.6426,5.1431,5.1891,8.2617,16.7816,25.8881,44.2602,5.1891,0.0,4.9889,8.529385,1.798876,29,193,98,2,0.20855820,0.00902045,0.00297427,0E-8,0.000000,0.900656,0.000000,0.00763944,2026-03-21,2026-08-06,87,1920,882,139,0.625899,0.863400,0.891889,0.695194,,,,,,,,GLOBAL_BASELINE_NO_ENTITY_RANKING,,,NOT_APPLICABLE_GLOBAL_BASELINE,HF9g-P5,,,,X 全窗基线 · 不参与实体赏罚,8396656,840,A168_HF9F_20260827_0900,2026-08-27 09:00:00
2026-05-30,54653530,1151,0,5.1891443101,-5.1891443101,-5.1891443101,0E-7,1,1,0.49324550000000000,0.493245500000,-0.9865810262130424,-0.9865810262130424,-0.9865810262130424,0E-17,ELIGIBLE,R03b_20260811_FULL_v1,L1_ELIGIBILITY,v2026-08-11,2026-03-21..2026-08-06,baccarat_bet02_101_all_pairs_incl_sentinel,round_win = game_pnl > 0 (decisive only),COMPATIBILITY_ONLY_NOT_PRODUCTION,53571.4227,48249.4483,483.2383,5739,5738,-0.00902045,-0.00297427,-0.01061372,-0.00902045,-483.2383,53571.4227,OK,0.0000,19.3295,4.0000,96.0000,AG03-UNRESOLVED,ALL5_LEVELS_bet23_to_bet27,19.3295,19.3295,24.1619,0.0000,0.0000,4.000000,4.000000,5.000000,0.000000,0.000000,96.000000,96.000000,95.000000,100.000000,100.000000,5.0,62.8210,60.1535,420.4173,423.0848,PENDING_AG03,FALSE,NOT_FOR_ENFORCEMENT,463.9088,46319.4703,483.2383,463.9088,19.3295,0.00902045,0.00865963,19.3295,463.9088,0.00865963,19.3295,19.3295,24.1619,0.0000,0.0000,463.9088,0.00865963,62.8210,60.1535,420.4173,423.0848,0.00784779,0.00789758,0.00036082,9.3346,8.4088,0.0842,5.5545,0.2517,615.7635,65.9540,8.3255,9.6426,5.1431,5.1891,8.2617,16.7816,25.8881,44.2602,5.1891,0.0,4.9889,8.529385,1.798876,29,193,98,2,0.20855820,0.00902045,0.00297427,0E-8,0.000000,0.900656,0.000000,0.00763944,2026-03-21,2026-08-06,87,1920,882,139,0.625899,0.863400,0.891889,0.695194,,,,,,,,GLOBAL_BASELINE_NO_ENTITY_RANKING,,,NOT_APPLICABLE_GLOBAL_BASELINE,HF9g-P5,,,,X 全窗基线 · 不参与实体赏罚,8396657,840,A168_HF9F_20260827_0900,2026-08-27 09:00:00
2026-05-30,54653530,1307,0,82.5073945308,-58.8967879197,-58.8967879197,0.1666667,7,7,0.50282064285714286,0.502820642857,-1.6468376381237455,-1.6468376381230425,-1.6468376381237455,1.4286E-13,ELIGIBLE,R03b_20260811_FULL_v1,L1_ELIGIBILITY,v2026-08-11,2026-03-21..2026-08-06,baccarat_bet02_101_all_pairs_incl_sentinel,round_win = game_pnl > 0 (decisive only),COMPATIBILITY_ONLY_NOT_PRODUCTION,53571.4227,48249.4483,483.2383,5739,5738,-0.00902045,-0.00297427,-0.01061372,-0.00902045,-483.2383,53571.4227,OK,0.0000,19.3295,4.0000,96.0000,AG03-UNRESOLVED,ALL5_LEVELS_bet23_to_bet27,19.3295,19.3295,24.1619,0.0000,0.0000,4.000000,4.000000,5.000000,0.000000,0.000000,96.000000,96.000000,95.000000,100.000000,100.000000,5.0,62.8210,60.1535,420.4173,423.0848,PENDING_AG03,FALSE,NOT_FOR_ENFORCEMENT,463.9088,46319.4703,483.2383,463.9088,19.3295,0.00902045,0.00865963,19.3295,463.9088,0.00865963,19.3295,19.3295,24.1619,0.0000,0.0000,463.9088,0.00865963,62.8210,60.1535,420.4173,423.0848,0.00784779,0.00789758,0.00036082,9.3346,8.4088,0.0842,5.5545,0.2517,615.7635,65.9540,8.3255,9.6426,5.1431,5.1891,8.2617,16.7816,25.8881,44.2602,5.1891,0.0,4.9889,8.529385,1.798876,29,193,98,2,0.20855820,0.00902045,0.00297427,0E-8,0.000000,0.900656,0.000000,0.00763944,2026-03-21,2026-08-06,87,1920,882,139,0.625899,0.863400,0.891889,0.695194,,,,,,,,GLOBAL_BASELINE_NO_ENTITY_RANKING,,,NOT_APPLICABLE_GLOBAL_BASELINE,HF9g-P5,,,,X 全窗基线 · 不参与实体赏罚,8396658,840,A168_HF9F_20260827_0900,2026-08-27 09:00:00
2026-05-30,54653530,1654,0,5.1891443101,-5.1891443101,-5.1891443101,0E-7,1,1,0.49324550000000000,0.493245500000,-0.9865810262130424,-0.9865810262130424,-0.9865810262130424,0E-17,ELIGIBLE,R03b_20260811_FULL_v1,L1_ELIGIBILITY,v2026-08-11,2026-03-21..2026-08-06,baccarat_bet02_101_all_pairs_incl_sentinel,round_win = game_pnl > 0 (decisive only),COMPATIBILITY_ONLY_NOT_PRODUCTION,53571.4227,48249.4483,483.2383,5739,5738,-0.00902045,-0.00297427,-0.01061372,-0.00902045,-483.2383,53571.4227,OK,0.0000,19.3295,4.0000,96.0000,AG03-UNRESOLVED,ALL5_LEVELS_bet23_to_bet27,19.3295,19.3295,24.1619,0.0000,0.0000,4.000000,4.000000,5.000000,0.000000,0.000000,96.000000,96.000000,95.000000,100.000000,100.000000,5.0,62.8210,60.1535,420.4173,423.0848,PENDING_AG03,FALSE,NOT_FOR_ENFORCEMENT,463.9088,46319.4703,483.2383,463.9088,19.3295,0.00902045,0.00865963,19.3295,463.9088,0.00865963,19.3295,19.3295,24.1619,0.0000,0.0000,463.9088,0.00865963,62.8210,60.1535,420.4173,423.0848,0.00784779,0.00789758,0.00036082,9.3346,8.4088,0.0842,5.5545,0.2517,615.7635,65.9540,8.3255,9.6426,5.1431,5.1891,8.2617,16.7816,25.8881,44.2602,5.1891,0.0,4.9889,8.529385,1.798876,29,193,98,2,0.20855820,0.00902045,0.00297427,0E-8,0.000000,0.900656,0.000000,0.00763944,2026-03-21,2026-08-06,87,1920,882,139,0.625899,0.863400,0.891889,0.695194,,,,,,,,GLOBAL_BASELINE_NO_ENTITY_RANKING,,,NOT_APPLICABLE_GLOBAL_BASELINE,HF9g-P5,,,,X 全窗基线 · 不参与实体赏罚,8396659,840,A168_HF9F_20260827_0900,2026-08-27 09:00:00
2026-06-03,54653530,-1,1,18.0008743282,7.0717720575,7.0717720575,0.6666667,3,3,0.50665070000000000,0.506650700000,0.5543606114942035,0.5543606114942035,0.5543606114942035,0E-17,SENTINEL_DEALER,R03b_20260811_FULL_v1,L1_ELIGIBILITY,v2026-08-11,2026-03-21..2026-08-06,baccarat_bet02_101_all_pairs_incl_sentinel,round_win = game_pnl > 0 (decisive only),COMPATIBILITY_ONLY_NOT_PRODUCTION,53571.4227,48249.4483,483.2383,5739,5738,-0.00902045,-0.00297427,-0.01061372,-0.00902045,-483.2383,53571.4227,OK,0.0000,19.3295,4.0000,96.0000,AG03-UNRESOLVED,ALL5_LEVELS_bet23_to_bet27,19.3295,19.3295,24.1619,0.0000,0.0000,4.000000,4.000000,5.000000,0.000000,0.000000,96.000000,96.000000,95.000000,100.000000,100.000000,5.0,62.8210,60.1535,420.4173,423.0848,PENDING_AG03,FALSE,NOT_FOR_ENFORCEMENT,463.9088,46319.4703,483.2383,463.9088,19.3295,0.00902045,0.00865963,19.3295,463.9088,0.00865963,19.3295,19.3295,24.1619,0.0000,0.0000,463.9088,0.00865963,62.8210,60.1535,420.4173,423.0848,0.00784779,0.00789758,0.00036082,9.3346,8.4088,0.0842,5.5545,0.2517,615.7635,65.9540,8.3255,9.6426,5.1431,5.1891,8.2617,16.7816,25.8881,44.2602,5.1891,0.0,4.9889,8.529385,1.798876,29,193,98,2,0.20855820,0.00902045,0.00297427,0E-8,0.000000,0.900656,0.000000,0.00763944,2026-03-21,2026-08-06,87,1920,882,139,0.625899,0.863400,0.891889,0.695194,,,,,,,,GLOBAL_BASELINE_NO_ENTITY_RANKING,,,NOT_APPLICABLE_GLOBAL_BASELINE,HF9g-P5,,,,X 全窗基线 · 不参与实体赏罚,8396660,840,A168_HF9F_20260827_0900,2026-08-27 09:00:00
2026-06-03,54653530,1210,0,5.1431069509,4.8859516034,4.8859516034,1.0000000,1,1,0.50665070000000000,0.506650700000,0.9867858985152569,0.9867858985152569,0.9867858985152569,0E-17,ELIGIBLE,R03b_20260811_FULL_v1,L1_ELIGIBILITY,v2026-08-11,2026-03-21..2026-08-06,baccarat_bet02_101_all_pairs_incl_sentinel,round_win = game_pnl > 0 (decisive only),COMPATIBILITY_ONLY_NOT_PRODUCTION,53571.4227,48249.4483,483.2383,5739,5738,-0.00902045,-0.00297427,-0.01061372,-0.00902045,-483.2383,53571.4227,OK,0.0000,19.3295,4.0000,96.0000,AG03-UNRESOLVED,ALL5_LEVELS_bet23_to_bet27,19.3295,19.3295,24.1619,0.0000,0.0000,4.000000,4.000000,5.000000,0.000000,0.000000,96.000000,96.000000,95.000000,100.000000,100.000000,5.0,62.8210,60.1535,420.4173,423.0848,PENDING_AG03,FALSE,NOT_FOR_ENFORCEMENT,463.9088,46319.4703,483.2383,463.9088,19.3295,0.00902045,0.00865963,19.3295,463.9088,0.00865963,19.3295,19.3295,24.1619,0.0000,0.0000,463.9088,0.00865963,62.8210,60.1535,420.4173,423.0848,0.00784779,0.00789758,0.00036082,9.3346,8.4088,0.0842,5.5545,0.2517,615.7635,65.9540,8.3255,9.6426,5.1431,5.1891,8.2617,16.7816,25.8881,44.2602,5.1891,0.0,4.9889,8.529385,1.798876,29,193,98,2,0.20855820,0.00902045,0.00297427,0E-8,0.000000,0.900656,0.000000,0.00763944,2026-03-21,2026-08-06,87,1920,882,139,0.625899,0.863400,0.891889,0.695194,,,,,,,,GLOBAL_BASELINE_NO_ENTITY_RANKING,,,NOT_APPLICABLE_GLOBAL_BASELINE,HF9g-P5,,,,X 全窗基线 · 不参与实体赏罚,8396661,840,A168_HF9F_20260827_0900,2026-08-27 09:00:00
2026-06-03,54653530,1382,0,28.8013989251,2.2886825931,2.2886825931,0.3333333,3,3,0.50218230000000000,0.502182300000,-0.5849155494134425,-0.5849155494134426,-0.5849155494134425,0E-17,ELIGIBLE,R03b_20260811_FULL_v1,L1_ELIGIBILITY,v2026-08-11,2026-03-21..2026-08-06,baccarat_bet02_101_all_pairs_incl_sentinel,round_win = game_pnl > 0 (decisive only),COMPATIBILITY_ONLY_NOT_PRODUCTION,53571.4227,48249.4483,483.2383,5739,5738,-0.00902045,-0.00297427,-0.01061372,-0.00902045,-483.2383,53571.4227,OK,0.0000,19.3295,4.0000,96.0000,AG03-UNRESOLVED,ALL5_LEVELS_bet23_to_bet27,19.3295,19.3295,24.1619,0.0000,0.0000,4.000000,4.000000,5.000000,0.000000,0.000000,96.000000,96.000000,95.000000,100.000000,100.000000,5.0,62.8210,60.1535,420.4173,423.0848,PENDING_AG03,FALSE,NOT_FOR_ENFORCEMENT,463.9088,46319.4703,483.2383,463.9088,19.3295,0.00902045,0.00865963,19.3295,463.9088,0.00865963,19.3295,19.3295,24.1619,0.0000,0.0000,463.9088,0.00865963,62.8210,60.1535,420.4173,423.0848,0.00784779,0.00789758,0.00036082,9.3346,8.4088,0.0842,5.5545,0.2517,615.7635,65.9540,8.3255,9.6426,5.1431,5.1891,8.2617,16.7816,25.8881,44.2602,5.1891,0.0,4.9889,8.529385,1.798876,29,193,98,2,0.20855820,0.00902045,0.00297427,0E-8,0.000000,0.900656,0.000000,0.00763944,2026-03-21,2026-08-06,87,1920,882,139,0.625899,0.863400,0.891889,0.695194,,,,,,,,GLOBAL_BASELINE_NO_ENTITY_RANKING,,,NOT_APPLICABLE_GLOBAL_BASELINE,HF9g-P5,,,,X 全窗基线 · 不参与实体赏罚,8396662,840,A168_HF9F_20260827_0900,2026-08-27 09:00:00
2026-06-03,54653530,1384,0,69.4319438372,-3.7158947720,-3.7158947720,0.4285714,8,8,0.50162375000000000,0.501623750000,-0.38655858877025023,-0.38655858877025023,-0.38655858877025023,0E-17,ELIGIBLE,R03b_20260811_FULL_v1,L1_ELIGIBILITY,v2026-08-11,2026-03-21..2026-08-06,baccarat_bet02_101_all_pairs_incl_sentinel,round_win = game_pnl > 0 (decisive only),COMPATIBILITY_ONLY_NOT_PRODUCTION,53571.4227,48249.4483,483.2383,5739,5738,-0.00902045,-0.00297427,-0.01061372,-0.00902045,-483.2383,53571.4227,OK,0.0000,19.3295,4.0000,96.0000,AG03-UNRESOLVED,ALL5_LEVELS_bet23_to_bet27,19.3295,19.3295,24.1619,0.0000,0.0000,4.000000,4.000000,5.000000,0.000000,0.000000,96.000000,96.000000,95.000000,100.000000,100.000000,5.0,62.8210,60.1535,420.4173,423.0848,PENDING_AG03,FALSE,NOT_FOR_ENFORCEMENT,463.9088,46319.4703,483.2383,463.9088,19.3295,0.00902045,0.00865963,19.3295,463.9088,0.00865963,19.3295,19.3295,24.1619,0.0000,0.0000,463.9088,0.00865963,62.8210,60.1535,420.4173,423.0848,0.00784779,0.00789758,0.00036082,9.3346,8.4088,0.0842,5.5545,0.2517,615.7635,65.9540,8.3255,9.6426,5.1431,5.1891,8.2617,16.7816,25.8881,44.2602,5.1891,0.0,4.9889,8.529385,1.798876,29,193,98,2,0.20855820,0.00902045,0.00297427,0E-8,0.000000,0.900656,0.000000,0.00763944,2026-03-21,2026-08-06,87,1920,882,139,0.625899,0.863400,0.891889,0.695194,,,,,,,,GLOBAL_BASELINE_NO_ENTITY_RANKING,,,NOT_APPLICABLE_GLOBAL_BASELINE,HF9g-P5,,,,X 全窗基线 · 不参与实体赏罚,8396663,840,A168_HF9F_20260827_0900,2026-08-27 09:00:00
2026-06-03,54653530,1654,0,53.7454676370,-28.2870882300,-28.2870882300,0.4000000,6,6,0.49994810000000000,0.499948100000,-0.4469814940518811,-0.4469814940518811,-0.4469814940518811,0E-17,ELIGIBLE,R03b_20260811_FULL_v1,L1_ELIGIBILITY,v2026-08-11,2026-03-21..2026-08-06,baccarat_bet02_101_all_pairs_incl_sentinel,round_win = game_pnl > 0 (decisive only),COMPATIBILITY_ONLY_NOT_PRODUCTION,53571.4227,48249.4483,483.2383,5739,5738,-0.00902045,-0.00297427,-0.01061372,-0.00902045,-483.2383,53571.4227,OK,0.0000,19.3295,4.0000,96.0000,AG03-UNRESOLVED,ALL5_LEVELS_bet23_to_bet27,19.3295,19.3295,24.1619,0.0000,0.0000,4.000000,4.000000,5.000000,0.000000,0.000000,96.000000,96.000000,95.000000,100.000000,100.000000,5.0,62.8210,60.1535,420.4173,423.0848,PENDING_AG03,FALSE,NOT_FOR_ENFORCEMENT,463.9088,46319.4703,483.2383,463.9088,19.3295,0.00902045,0.00865963,19.3295,463.9088,0.00865963,19.3295,19.3295,24.1619,0.0000,0.0000,463.9088,0.00865963,62.8210,60.1535,420.4173,423.0848,0.00784779,0.00789758,0.00036082,9.3346,8.4088,0.0842,5.5545,0.2517,615.7635,65.9540,8.3255,9.6426,5.1431,5.1891,8.2617,16.7816,25.8881,44.2602,5.1891,0.0,4.9889,8.529385,1.798876,29,193,98,2,0.20855820,0.00902045,0.00297427,0E-8,0.000000,0.900656,0.000000,0.00763944,2026-03-21,2026-08-06,87,1920,882,139,0.625899,0.863400,0.891889,0.695194,,,,,,,,GLOBAL_BASELINE_NO_ENTITY_RANKING,,,NOT_APPLICABLE_GLOBAL_BASELINE,HF9g-P5,,,,X 全窗基线 · 不参与实体赏罚,8396664,840,A168_HF9F_20260827_0900,2026-08-27 09:00:00
2026-06-03,54653530,1947,0,5.1431069509,4.8859516034,4.8859516034,1.0000000,1,1,0.50665070000000000,0.506650700000,0.9867858985152569,0.9867858985152569,0.9867858985152569,0E-17,ELIGIBLE,R03b_20260811_FULL_v1,L1_ELIGIBILITY,v2026-08-11,2026-03-21..2026-08-06,baccarat_bet02_101_all_pairs_incl_sentinel,round_win = game_pnl > 0 (decisive only),COMPATIBILITY_ONLY_NOT_PRODUCTION,53571.4227,48249.4483,483.2383,5739,5738,-0.00902045,-0.00297427,-0.01061372,-0.00902045,-483.2383,53571.4227,OK,0.0000,19.3295,4.0000,96.0000,AG03-UNRESOLVED,ALL5_LEVELS_bet23_to_bet27,19.3295,19.3295,24.1619,0.0000,0.0000,4.000000,4.000000,5.000000,0.000000,0.000000,96.000000,96.000000,95.000000,100.000000,100.000000,5.0,62.8210,60.1535,420.4173,423.0848,PENDING_AG03,FALSE,NOT_FOR_ENFORCEMENT,463.9088,46319.4703,483.2383,463.9088,19.3295,0.00902045,0.00865963,19.3295,463.9088,0.00865963,19.3295,19.3295,24.1619,0.0000,0.0000,463.9088,0.00865963,62.8210,60.1535,420.4173,423.0848,0.00784779,0.00789758,0.00036082,9.3346,8.4088,0.0842,5.5545,0.2517,615.7635,65.9540,8.3255,9.6426,5.1431,5.1891,8.2617,16.7816,25.8881,44.2602,5.1891,0.0,4.9889,8.529385,1.798876,29,193,98,2,0.20855820,0.00902045,0.00297427,0E-8,0.000000,0.900656,0.000000,0.00763944,2026-03-21,2026-08-06,87,1920,882,139,0.625899,0.863400,0.891889,0.695194,,,,,,,,GLOBAL_BASELINE_NO_ENTITY_RANKING,,,NOT_APPLICABLE_GLOBAL_BASELINE,HF9g-P5,,,,X 全窗基线 · 不参与实体赏罚,8396665,840,A168_HF9F_20260827_0900,2026-08-27 09:00:00
2026-06-03,54653530,1994,0,38.5733021318,28.0299328825,28.0299328825,0.8000000,5,5,0.49860758000000000,0.498607580000,1.3478731046594083,1.3478731046594083,1.3478731046594083,0E-17,ELIGIBLE,R03b_20260811_FULL_v1,L1_ELIGIBILITY,v2026-08-11,2026-03-21..2026-08-06,baccarat_bet02_101_all_pairs_incl_sentinel,round_win = game_pnl > 0 (decisive only),COMPATIBILITY_ONLY_NOT_PRODUCTION,53571.4227,48249.4483,483.2383,5739,5738,-0.00902045,-0.00297427,-0.01061372,-0.00902045,-483.2383,53571.4227,OK,0.0000,19.3295,4.0000,96.0000,AG03-UNRESOLVED,ALL5_LEVELS_bet23_to_bet27,19.3295,19.3295,24.1619,0.0000,0.0000,4.000000,4.000000,5.000000,0.000000,0.000000,96.000000,96.000000,95.000000,100.000000,100.000000,5.0,62.8210,60.1535,420.4173,423.0848,PENDING_AG03,FALSE,NOT_FOR_ENFORCEMENT,463.9088,46319.4703,483.2383,463.9088,19.3295,0.00902045,0.00865963,19.3295,463.9088,0.00865963,19.3295,19.3295,24.1619,0.0000,0.0000,463.9088,0.00865963,62.8210,60.1535,420.4173,423.0848,0.00784779,0.00789758,0.00036082,9.3346,8.4088,0.0842,5.5545,0.2517,615.7635,65.9540,8.3255,9.6426,5.1431,5.1891,8.2617,16.7816,25.8881,44.2602,5.1891,0.0,4.9889,8.529385,1.798876,29,193,98,2,0.20855820,0.00902045,0.00297427,0E-8,0.000000,0.900656,0.000000,0.00763944,2026-03-21,2026-08-06,87,1920,882,139,0.625899,0.863400,0.891889,0.695194,,,,,,,,GLOBAL_BASELINE_NO_ENTITY_RANKING,,,NOT_APPLICABLE_GLOBAL_BASELINE,HF9g-P5,,,,X 全窗基线 · 不参与实体赏罚,8396666,840,A168_HF9F_20260827_0900,2026-08-27 09:00:00
2026-06-03,54653530,2078,0,12.8577673773,2.1858204541,2.1858204541,0.5000000,2,2,0.50665070000000000,0.506650700000,-0.018812684590367487,-0.018812684590367487,-0.018812684590367487,0E-17,ELIGIBLE,R03b_20260811_FULL_v1,L1_ELIGIBILITY,v2026-08-11,2026-03-21..2026-08-06,baccarat_bet02_101_all_pairs_incl_sentinel,round_win = game_pnl > 0 (decisive only),COMPATIBILITY_ONLY_NOT_PRODUCTION,53571.4227,48249.4483,483.2383,5739,5738,-0.00902045,-0.00297427,-0.01061372,-0.00902045,-483.2383,53571.4227,OK,0.0000,19.3295,4.0000,96.0000,AG03-UNRESOLVED,ALL5_LEVELS_bet23_to_bet27,19.3295,19.3295,24.1619,0.0000,0.0000,4.000000,4.000000,5.000000,0.000000,0.000000,96.000000,96.000000,95.000000,100.000000,100.000000,5.0,62.8210,60.1535,420.4173,423.0848,PENDING_AG03,FALSE,NOT_FOR_ENFORCEMENT,463.9088,46319.4703,483.2383,463.9088,19.3295,0.00902045,0.00865963,19.3295,463.9088,0.00865963,19.3295,19.3295,24.1619,0.0000,0.0000,463.9088,0.00865963,62.8210,60.1535,420.4173,423.0848,0.00784779,0.00789758,0.00036082,9.3346,8.4088,0.0842,5.5545,0.2517,615.7635,65.9540,8.3255,9.6426,5.1431,5.1891,8.2617,16.7816,25.8881,44.2602,5.1891,0.0,4.9889,8.529385,1.798876,29,193,98,2,0.20855820,0.00902045,0.00297427,0E-8,0.000000,0.900656,0.000000,0.00763944,2026-03-21,2026-08-06,87,1920,882,139,0.625899,0.863400,0.891889,0.695194,,,,,,,,GLOBAL_BASELINE_NO_ENTITY_RANKING,,,NOT_APPLICABLE_GLOBAL_BASELINE,HF9g-P5,,,,X 全窗基线 · 不参与实体赏罚,8396667,840,A168_HF9F_20260827_0900,2026-08-27 09:00:00
2026-06-03,54653530,2101,0,25.7155347546,-12.8577673773,-12.8577673773,0E-7,4,4,0.49659680000000000,0.496596800000,-1.4046203955403829,-1.4046203955403829,-1.4046203955403829,0E-17,ELIGIBLE,R03b_20260811_FULL_v1,L1_ELIGIBILITY,v2026-08-11,2026-03-21..2026-08-06,baccarat_bet02_101_all_pairs_incl_sentinel,round_win = game_pnl > 0 (decisive only),COMPATIBILITY_ONLY_NOT_PRODUCTION,53571.4227,48249.4483,483.2383,5739,5738,-0.00902045,-0.00297427,-0.01061372,-0.00902045,-483.2383,53571.4227,OK,0.0000,19.3295,4.0000,96.0000,AG03-UNRESOLVED,ALL5_LEVELS_bet23_to_bet27,19.3295,19.3295,24.1619,0.0000,0.0000,4.000000,4.000000,5.000000,0.000000,0.000000,96.000000,96.000000,95.000000,100.000000,100.000000,5.0,62.8210,60.1535,420.4173,423.0848,PENDING_AG03,FALSE,NOT_FOR_ENFORCEMENT,463.9088,46319.4703,483.2383,463.9088,19.3295,0.00902045,0.00865963,19.3295,463.9088,0.00865963,19.3295,19.3295,24.1619,0.0000,0.0000,463.9088,0.00865963,62.8210,60.1535,420.4173,423.0848,0.00784779,0.00789758,0.00036082,9.3346,8.4088,0.0842,5.5545,0.2517,615.7635,65.9540,8.3255,9.6426,5.1431,5.1891,8.2617,16.7816,25.8881,44.2602,5.1891,0.0,4.9889,8.529385,1.798876,29,193,98,2,0.20855820,0.00902045,0.00297427,0E-8,0.000000,0.900656,0.000000,0.00763944,2026-03-21,2026-08-06,87,1920,882,139,0.625899,0.863400,0.891889,0.695194,,,,,,,,GLOBAL_BASELINE_NO_ENTITY_RANKING,,,NOT_APPLICABLE_GLOBAL_BASELINE,HF9g-P5,,,,X 全窗基线 · 不参与实体赏罚,8396668,840,A168_HF9F_20260827_0900,2026-08-27 09:00:00
2026-06-03,54653530,2160,0,5.1431069509,4.8859516034,4.8859516034,1.0000000,1,1,0.50665070000000000,0.506650700000,0.9867858985152569,0.9867858985152569,0.9867858985152569,0E-17,ELIGIBLE,R03b_20260811_FULL_v1,L1_ELIGIBILITY,v2026-08-11,2026-03-21..2026-08-06,baccarat_bet02_101_all_pairs_incl_sentinel,round_win = game_pnl > 0 (decisive only),COMPATIBILITY_ONLY_NOT_PRODUCTION,53571.4227,48249.4483,483.2383,5739,5738,-0.00902045,-0.00297427,-0.01061372,-0.00902045,-483.2383,53571.4227,OK,0.0000,19.3295,4.0000,96.0000,AG03-UNRESOLVED,ALL5_LEVELS_bet23_to_bet27,19.3295,19.3295,24.1619,0.0000,0.0000,4.000000,4.000000,5.000000,0.000000,0.000000,96.000000,96.000000,95.000000,100.000000,100.000000,5.0,62.8210,60.1535,420.4173,423.0848,PENDING_AG03,FALSE,NOT_FOR_ENFORCEMENT,463.9088,46319.4703,483.2383,463.9088,19.3295,0.00902045,0.00865963,19.3295,463.9088,0.00865963,19.3295,19.3295,24.1619,0.0000,0.0000,463.9088,0.00865963,62.8210,60.1535,420.4173,423.0848,0.00784779,0.00789758,0.00036082,9.3346,8.4088,0.0842,5.5545,0.2517,615.7635,65.9540,8.3255,9.6426,5.1431,5.1891,8.2617,16.7816,25.8881,44.2602,5.1891,0.0,4.9889,8.529385,1.798876,29,193,98,2,0.20855820,0.00902045,0.00297427,0E-8,0.000000,0.900656,0.000000,0.00763944,2026-03-21,2026-08-06,87,1920,882,139,0.625899,0.863400,0.891889,0.695194,,,,,,,,GLOBAL_BASELINE_NO_ENTITY_RANKING,,,NOT_APPLICABLE_GLOBAL_BASELINE,HF9g-P5,,,,X 全窗基线 · 不参与实体赏罚,8396669,840,A168_HF9F_20260827_0900,2026-08-27 09:00:00
2026-06-03,54653530,2170,0,36.2589040039,14.6449970427,14.6449970427,0.6666667,6,6,0.50218230000000000,0.502182300000,0.8058132132962729,0.8058132132962729,0.8058132132962729,0E-17,ELIGIBLE,R03b_20260811_FULL_v1,L1_ELIGIBILITY,v2026-08-11,2026-03-21..2026-08-06,baccarat_bet02_101_all_pairs_incl_sentinel,round_win = game_pnl > 0 (decisive only),COMPATIBILITY_ONLY_NOT_PRODUCTION,53571.4227,48249.4483,483.2383,5739,5738,-0.00902045,-0.00297427,-0.01061372,-0.00902045,-483.2383,53571.4227,OK,0.0000,19.3295,4.0000,96.0000,AG03-UNRESOLVED,ALL5_LEVELS_bet23_to_bet27,19.3295,19.3295,24.1619,0.0000,0.0000,4.000000,4.000000,5.000000,0.000000,0.000000,96.000000,96.000000,95.000000,100.000000,100.000000,5.0,62.8210,60.1535,420.4173,423.0848,PENDING_AG03,FALSE,NOT_FOR_ENFORCEMENT,463.9088,46319.4703,483.2383,463.9088,19.3295,0.00902045,0.00865963,19.3295,463.9088,0.00865963,19.3295,19.3295,24.1619,0.0000,0.0000,463.9088,0.00865963,62.8210,60.1535,420.4173,423.0848,0.00784779,0.00789758,0.00036082,9.3346,8.4088,0.0842,5.5545,0.2517,615.7635,65.9540,8.3255,9.6426,5.1431,5.1891,8.2617,16.7816,25.8881,44.2602,5.1891,0.0,4.9889,8.529385,1.798876,29,193,98,2,0.20855820,0.00902045,0.00297427,0E-8,0.000000,0.900656,0.000000,0.00763944,2026-03-21,2026-08-06,87,1920,882,139,0.625899,0.863400,0.891889,0.695194,,,,,,,,GLOBAL_BASELINE_NO_ENTITY_RANKING,,,NOT_APPLICABLE_GLOBAL_BASELINE,HF9g-P5,,,,X 全窗基线 · 不参与实体赏罚,8396670,840,A168_HF9F_20260827_0900,2026-08-27 09:00:00
2026-06-03,54653530,2235,0,13.3720780724,2.6744156145,2.6744156145,0.5000000,2,2,0.50665070000000000,0.506650700000,-0.018812684590367487,-0.018812684590367487,-0.018812684590367487,0E-17,ELIGIBLE,R03b_20260811_FULL_v1,L1_ELIGIBILITY,v2026-08-11,2026-03-21..2026-08-06,baccarat_bet02_101_all_pairs_incl_sentinel,round_win = game_pnl > 0 (decisive only),COMPATIBILITY_ONLY_NOT_PRODUCTION,53571.4227,48249.4483,483.2383,5739,5738,-0.00902045,-0.00297427,-0.01061372,-0.00902045,-483.2383,53571.4227,OK,0.0000,19.3295,4.0000,96.0000,AG03-UNRESOLVED,ALL5_LEVELS_bet23_to_bet27,19.3295,19.3295,24.1619,0.0000,0.0000,4.000000,4.000000,5.000000,0.000000,0.000000,96.000000,96.000000,95.000000,100.000000,100.000000,5.0,62.8210,60.1535,420.4173,423.0848,PENDING_AG03,FALSE,NOT_FOR_ENFORCEMENT,463.9088,46319.4703,483.2383,463.9088,19.3295,0.00902045,0.00865963,19.3295,463.9088,0.00865963,19.3295,19.3295,24.1619,0.0000,0.0000,463.9088,0.00865963,62.8210,60.1535,420.4173,423.0848,0.00784779,0.00789758,0.00036082,9.3346,8.4088,0.0842,5.5545,0.2517,615.7635,65.9540,8.3255,9.6426,5.1431,5.1891,8.2617,16.7816,25.8881,44.2602,5.1891,0.0,4.9889,8.529385,1.798876,29,193,98,2,0.20855820,0.00902045,0.00297427,0E-8,0.000000,0.900656,0.000000,0.00763944,2026-03-21,2026-08-06,87,1920,882,139,0.625899,0.863400,0.891889,0.695194,,,,,,,,GLOBAL_BASELINE_NO_ENTITY_RANKING,,,NOT_APPLICABLE_GLOBAL_BASELINE,HF9g-P5,,,,X 全窗基线 · 不参与实体赏罚,8396671,840,A168_HF9F_20260827_0900,2026-08-27 09:00:00
2026-06-03,54653530,2261,0,33.4301951809,7.7146604263,7.7146604263,0.5000000,4,4,0.49659680000000000,0.496596800000,0.013613115331600182,0.013613115331600183,0.013613115331600182,0E-17,ELIGIBLE,R03b_20260811_FULL_v1,L1_ELIGIBILITY,v2026-08-11,2026-03-21..2026-08-06,baccarat_bet02_101_all_pairs_incl_sentinel,round_win = game_pnl > 0 (decisive only),COMPATIBILITY_ONLY_NOT_PRODUCTION,53571.4227,48249.4483,483.2383,5739,5738,-0.00902045,-0.00297427,-0.01061372,-0.00902045,-483.2383,53571.4227,OK,0.0000,19.3295,4.0000,96.0000,AG03-UNRESOLVED,ALL5_LEVELS_bet23_to_bet27,19.3295,19.3295,24.1619,0.0000,0.0000,4.000000,4.000000,5.000000,0.000000,0.000000,96.000000,96.000000,95.000000,100.000000,100.000000,5.0,62.8210,60.1535,420.4173,423.0848,PENDING_AG03,FALSE,NOT_FOR_ENFORCEMENT,463.9088,46319.4703,483.2383,463.9088,19.3295,0.00902045,0.00865963,19.3295,463.9088,0.00865963,19.3295,19.3295,24.1619,0.0000,0.0000,463.9088,0.00865963,62.8210,60.1535,420.4173,423.0848,0.00784779,0.00789758,0.00036082,9.3346,8.4088,0.0842,5.5545,0.2517,615.7635,65.9540,8.3255,9.6426,5.1431,5.1891,8.2617,16.7816,25.8881,44.2602,5.1891,0.0,4.9889,8.529385,1.798876,29,193,98,2,0.20855820,0.00902045,0.00297427,0E-8,0.000000,0.900656,0.000000,0.00763944,2026-03-21,2026-08-06,87,1920,882,139,0.625899,0.863400,0.891889,0.695194,,,,,,,,GLOBAL_BASELINE_NO_ENTITY_RANKING,,,NOT_APPLICABLE_GLOBAL_BASELINE,HF9g-P5,,,,X 全窗基线 · 不参与实体赏罚,8396672,840,A168_HF9F_20260827_0900,2026-08-27 09:00:00
2026-06-03,54653530,2278,0,15.4293208527,4.8859516034,4.8859516034,1.0000000,3,3,0.50665070000000000,0.506650700000,0.9867858985152569,0.9867858985152569,0.9867858985152569,0E-17,ELIGIBLE,R03b_20260811_FULL_v1,L1_ELIGIBILITY,v2026-08-11,2026-03-21..2026-08-06,baccarat_bet02_101_all_pairs_incl_sentinel,round_win = game_pnl > 0 (decisive only),COMPATIBILITY_ONLY_NOT_PRODUCTION,53571.4227,48249.4483,483.2383,5739,5738,-0.00902045,-0.00297427,-0.01061372,-0.00902045,-483.2383,53571.4227,OK,0.0000,19.3295,4.0000,96.0000,AG03-UNRESOLVED,ALL5_LEVELS_bet23_to_bet27,19.3295,19.3295,24.1619,0.0000,0.0000,4.000000,4.000000,5.000000,0.000000,0.000000,96.000000,96.000000,95.000000,100.000000,100.000000,5.0,62.8210,60.1535,420.4173,423.0848,PENDING_AG03,FALSE,NOT_FOR_ENFORCEMENT,463.9088,46319.4703,483.2383,463.9088,19.3295,0.00902045,0.00865963,19.3295,463.9088,0.00865963,19.3295,19.3295,24.1619,0.0000,0.0000,463.9088,0.00865963,62.8210,60.1535,420.4173,423.0848,0.00784779,0.00789758,0.00036082,9.3346,8.4088,0.0842,5.5545,0.2517,615.7635,65.9540,8.3255,9.6426,5.1431,5.1891,8.2617,16.7816,25.8881,44.2602,5.1891,0.0,4.9889,8.529385,1.798876,29,193,98,2,0.20855820,0.00902045,0.00297427,0E-8,0.000000,0.900656,0.000000,0.00763944,2026-03-21,2026-08-06,87,1920,882,139,0.625899,0.863400,0.891889,0.695194,,,,,,,,GLOBAL_BASELINE_NO_ENTITY_RANKING,,,NOT_APPLICABLE_GLOBAL_BASELINE,HF9g-P5,,,,X 全窗基线 · 不参与实体赏罚,8396673,840,A168_HF9F_20260827_0900,2026-08-27 09:00:00
2026-06-03,54653530,471,0,12.8577673773,2.5715534755,2.5715534755,0.5000000,2,2,0.49324550000000000,0.493245500000,0.01910635448239258,0.01910635448239258,0.01910635448239258,0E-17,ELIGIBLE,R03b_20260811_FULL_v1,L1_ELIGIBILITY,v2026-08-11,2026-03-21..2026-08-06,baccarat_bet02_101_all_pairs_incl_sentinel,round_win = game_pnl > 0 (decisive only),COMPATIBILITY_ONLY_NOT_PRODUCTION,53571.4227,48249.4483,483.2383,5739,5738,-0.00902045,-0.00297427,-0.01061372,-0.00902045,-483.2383,53571.4227,OK,0.0000,19.3295,4.0000,96.0000,AG03-UNRESOLVED,ALL5_LEVELS_bet23_to_bet27,19.3295,19.3295,24.1619,0.0000,0.0000,4.000000,4.000000,5.000000,0.000000,0.000000,96.000000,96.000000,95.000000,100.000000,100.000000,5.0,62.8210,60.1535,420.4173,423.0848,PENDING_AG03,FALSE,NOT_FOR_ENFORCEMENT,463.9088,46319.4703,483.2383,463.9088,19.3295,0.00902045,0.00865963,19.3295,463.9088,0.00865963,19.3295,19.3295,24.1619,0.0000,0.0000,463.9088,0.00865963,62.8210,60.1535,420.4173,423.0848,0.00784779,0.00789758,0.00036082,9.3346,8.4088,0.0842,5.5545,0.2517,615.7635,65.9540,8.3255,9.6426,5.1431,5.1891,8.2617,16.7816,25.8881,44.2602,5.1891,0.0,4.9889,8.529385,1.798876,29,193,98,2,0.20855820,0.00902045,0.00297427,0E-8,0.000000,0.900656,0.000000,0.00763944,2026-03-21,2026-08-06,87,1920,882,139,0.625899,0.863400,0.891889,0.695194,,,,,,,,GLOBAL_BASELINE_NO_ENTITY_RANKING,,,NOT_APPLICABLE_GLOBAL_BASELINE,HF9g-P5,,,,X 全窗基线 · 不参与实体赏罚,8396674,840,A168_HF9F_20260827_0900,2026-08-27 09:00:00
2026-06-03,54653530,583,0,10.2862139018,5.1431069509,5.1431069509,1.0000000,2,2,0.49324550000000000,0.493245500000,1.01360149184955,1.01360149184955,1.01360149184955,0E-17,ELIGIBLE,R03b_20260811_FULL_v1,L1_ELIGIBILITY,v2026-08-11,2026-03-21..2026-08-06,baccarat_bet02_101_all_pairs_incl_sentinel,round_win = game_pnl > 0 (decisive only),COMPATIBILITY_ONLY_NOT_PRODUCTION,53571.4227,48249.4483,483.2383,5739,5738,-0.00902045,-0.00297427,-0.01061372,-0.00902045,-483.2383,53571.4227,OK,0.0000,19.3295,4.0000,96.0000,AG03-UNRESOLVED,ALL5_LEVELS_bet23_to_bet27,19.3295,19.3295,24.1619,0.0000,0.0000,4.000000,4.000000,5.000000,0.000000,0.000000,96.000000,96.000000,95.000000,100.000000,100.000000,5.0,62.8210,60.1535,420.4173,423.0848,PENDING_AG03,FALSE,NOT_FOR_ENFORCEMENT,463.9088,46319.4703,483.2383,463.9088,19.3295,0.00902045,0.00865963,19.3295,463.9088,0.00865963,19.3295,19.3295,24.1619,0.0000,0.0000,463.9088,0.00865963,62.8210,60.1535,420.4173,423.0848,0.00784779,0.00789758,0.00036082,9.3346,8.4088,0.0842,5.5545,0.2517,615.7635,65.9540,8.3255,9.6426,5.1431,5.1891,8.2617,16.7816,25.8881,44.2602,5.1891,0.0,4.9889,8.529385,1.798876,29,193,98,2,0.20855820,0.00902045,0.00297427,0E-8,0.000000,0.900656,0.000000,0.00763944,2026-03-21,2026-08-06,87,1920,882,139,0.625899,0.863400,0.891889,0.695194,,,,,,,,GLOBAL_BASELINE_NO_ENTITY_RANKING,,,NOT_APPLICABLE_GLOBAL_BASELINE,HF9g-P5,,,,X 全窗基线 · 不参与实体赏罚,8396675,840,A168_HF9F_20260827_0900,2026-08-27 09:00:00
2026-06-04,54653530,-1,1,574.9993571115,33.7644971333,33.7644971333,0.5737705,68,68,0.50487648235294118,0.504876482353,1.0762100159008998,1.076210015899982,1.0762100159008998,-5.882E-14,SENTINEL_DEALER,R03b_20260811_FULL_v1,L1_ELIGIBILITY,v2026-08-11,2026-03-21..2026-08-06,baccarat_bet02_101_all_pairs_incl_sentinel,round_win = game_pnl > 0 (decisive only),COMPATIBILITY_ONLY_NOT_PRODUCTION,53571.4227,48249.4483,483.2383,5739,5738,-0.00902045,-0.00297427,-0.01061372,-0.00902045,-483.2383,53571.4227,OK,0.0000,19.3295,4.0000,96.0000,AG03-UNRESOLVED,ALL5_LEVELS_bet23_to_bet27,19.3295,19.3295,24.1619,0.0000,0.0000,4.000000,4.000000,5.000000,0.000000,0.000000,96.000000,96.000000,95.000000,100.000000,100.000000,5.0,62.8210,60.1535,420.4173,423.0848,PENDING_AG03,FALSE,NOT_FOR_ENFORCEMENT,463.9088,46319.4703,483.2383,463.9088,19.3295,0.00902045,0.00865963,19.3295,463.9088,0.00865963,19.3295,19.3295,24.1619,0.0000,0.0000,463.9088,0.00865963,62.8210,60.1535,420.4173,423.0848,0.00784779,0.00789758,0.00036082,9.3346,8.4088,0.0842,5.5545,0.2517,615.7635,65.9540,8.3255,9.6426,5.1431,5.1891,8.2617,16.7816,25.8881,44.2602,5.1891,0.0,4.9889,8.529385,1.798876,29,193,98,2,0.20855820,0.00902045,0.00297427,0E-8,0.000000,0.900656,0.000000,0.00763944,2026-03-21,2026-08-06,87,1920,882,139,0.625899,0.863400,0.891889,0.695194,,,,,,,,GLOBAL_BASELINE_NO_ENTITY_RANKING,,,NOT_APPLICABLE_GLOBAL_BASELINE,HF9g-P5,,,,X 全窗基线 · 不参与实体赏罚,8396676,840,A168_HF9F_20260827_0900,2026-08-27 09:00:00
2026-06-04,54653530,1094,0,5.1431069509,4.8859516034,4.8859516034,1.0000000,1,1,0.50665070000000000,0.506650700000,0.9867858985152569,0.9867858985152569,0.9867858985152569,0E-17,ELIGIBLE,R03b_20260811_FULL_v1,L1_ELIGIBILITY,v2026-08-11,2026-03-21..2026-08-06,baccarat_bet02_101_all_pairs_incl_sentinel,round_win = game_pnl > 0 (decisive only),COMPATIBILITY_ONLY_NOT_PRODUCTION,53571.4227,48249.4483,483.2383,5739,5738,-0.00902045,-0.00297427,-0.01061372,-0.00902045,-483.2383,53571.4227,OK,0.0000,19.3295,4.0000,96.0000,AG03-UNRESOLVED,ALL5_LEVELS_bet23_to_bet27,19.3295,19.3295,24.1619,0.0000,0.0000,4.000000,4.000000,5.000000,0.000000,0.000000,96.000000,96.000000,95.000000,100.000000,100.000000,5.0,62.8210,60.1535,420.4173,423.0848,PENDING_AG03,FALSE,NOT_FOR_ENFORCEMENT,463.9088,46319.4703,483.2383,463.9088,19.3295,0.00902045,0.00865963,19.3295,463.9088,0.00865963,19.3295,19.3295,24.1619,0.0000,0.0000,463.9088,0.00865963,62.8210,60.1535,420.4173,423.0848,0.00784779,0.00789758,0.00036082,9.3346,8.4088,0.0842,5.5545,0.2517,615.7635,65.9540,8.3255,9.6426,5.1431,5.1891,8.2617,16.7816,25.8881,44.2602,5.1891,0.0,4.9889,8.529385,1.798876,29,193,98,2,0.20855820,0.00902045,0.00297427,0E-8,0.000000,0.900656,0.000000,0.00763944,2026-03-21,2026-08-06,87,1920,882,139,0.625899,0.863400,0.891889,0.695194,,,,,,,,GLOBAL_BASELINE_NO_ENTITY_RANKING,,,NOT_APPLICABLE_GLOBAL_BASELINE,HF9g-P5,,,,X 全窗基线 · 不参与实体赏罚,8396677,840,A168_HF9F_20260827_0900,2026-08-27 09:00:00
2026-06-04,54653530,1151,0,5.1431069509,4.8859516034,4.8859516034,1.0000000,1,1,0.50665070000000000,0.506650700000,0.9867858985152569,0.9867858985152569,0.9867858985152569,0E-17,ELIGIBLE,R03b_20260811_FULL_v1,L1_ELIGIBILITY,v2026-08-11,2026-03-21..2026-08-06,baccarat_bet02_101_all_pairs_incl_sentinel,round_win = game_pnl > 0 (decisive only),COMPATIBILITY_ONLY_NOT_PRODUCTION,53571.4227,48249.4483,483.2383,5739,5738,-0.00902045,-0.00297427,-0.01061372,-0.00902045,-483.2383,53571.4227,OK,0.0000,19.3295,4.0000,96.0000,AG03-UNRESOLVED,ALL5_LEVELS_bet23_to_bet27,19.3295,19.3295,24.1619,0.0000,0.0000,4.000000,4.000000,5.000000,0.000000,0.000000,96.000000,96.000000,95.000000,100.000000,100.000000,5.0,62.8210,60.1535,420.4173,423.0848,PENDING_AG03,FALSE,NOT_FOR_ENFORCEMENT,463.9088,46319.4703,483.2383,463.9088,19.3295,0.00902045,0.00865963,19.3295,463.9088,0.00865963,19.3295,19.3295,24.1619,0.0000,0.0000,463.9088,0.00865963,62.8210,60.1535,420.4173,423.0848,0.00784779,0.00789758,0.00036082,9.3346,8.4088,0.0842,5.5545,0.2517,615.7635,65.9540,8.3255,9.6426,5.1431,5.1891,8.2617,16.7816,25.8881,44.2602,5.1891,0.0,4.9889,8.529385,1.798876,29,193,98,2,0.20855820,0.00902045,0.00297427,0E-8,0.000000,0.900656,0.000000,0.00763944,2026-03-21,2026-08-06,87,1920,882,139,0.625899,0.863400,0.891889,0.695194,,,,,,,,GLOBAL_BASELINE_NO_ENTITY_RANKING,,,NOT_APPLICABLE_GLOBAL_BASELINE,HF9g-P5,,,,X 全窗基线 · 不参与实体赏罚,8396678,840,A168_HF9F_20260827_0900,2026-08-27 09:00:00
2026-06-04,54653530,1157,0,46.2879625582,9.6433255329,9.6433255329,0.5000000,6,6,0.49994810000000000,0.499948100000,0.00025425703667063243,0.00025425703667063243,0.00025425703667063243,0E-17,ELIGIBLE,R03b_20260811_FULL_v1,L1_ELIGIBILITY,v2026-08-11,2026-03-21..2026-08-06,baccarat_bet02_101_all_pairs_incl_sentinel,round_win = game_pnl > 0 (decisive only),COMPATIBILITY_ONLY_NOT_PRODUCTION,53571.4227,48249.4483,483.2383,5739,5738,-0.00902045,-0.00297427,-0.01061372,-0.00902045,-483.2383,53571.4227,OK,0.0000,19.3295,4.0000,96.0000,AG03-UNRESOLVED,ALL5_LEVELS_bet23_to_bet27,19.3295,19.3295,24.1619,0.0000,0.0000,4.000000,4.000000,5.000000,0.000000,0.000000,96.000000,96.000000,95.000000,100.000000,100.000000,5.0,62.8210,60.1535,420.4173,423.0848,PENDING_AG03,FALSE,NOT_FOR_ENFORCEMENT,463.9088,46319.4703,483.2383,463.9088,19.3295,0.00902045,0.00865963,19.3295,463.9088,0.00865963,19.3295,19.3295,24.1619,0.0000,0.0000,463.9088,0.00865963,62.8210,60.1535,420.4173,423.0848,0.00784779,0.00789758,0.00036082,9.3346,8.4088,0.0842,5.5545,0.2517,615.7635,65.9540,8.3255,9.6426,5.1431,5.1891,8.2617,16.7816,25.8881,44.2602,5.1891,0.0,4.9889,8.529385,1.798876,29,193,98,2,0.20855820,0.00902045,0.00297427,0E-8,0.000000,0.900656,0.000000,0.00763944,2026-03-21,2026-08-06,87,1920,882,139,0.625899,0.863400,0.891889,0.695194,,,,,,,,GLOBAL_BASELINE_NO_ENTITY_RANKING,,,NOT_APPLICABLE_GLOBAL_BASELINE,HF9g-P5,,,,X 全窗基线 · 不参与实体赏罚,8396679,840,A168_HF9F_20260827_0900,2026-08-27 09:00:00
2026-06-04,54653530,1221,0,23.4011366266,7.3160696377,7.3160696377,0.6666667,4,4,0.50665070000000000,0.506650700000,0.5543606114942035,0.5543606114942035,0.5543606114942035,0E-17,ELIGIBLE,R03b_20260811_FULL_v1,L1_ELIGIBILITY,v2026-08-11,2026-03-21..2026-08-06,baccarat_bet02_101_all_pairs_incl_sentinel,round_win = game_pnl > 0 (decisive only),COMPATIBILITY_ONLY_NOT_PRODUCTION,53571.4227,48249.4483,483.2383,5739,5738,-0.00902045,-0.00297427,-0.01061372,-0.00902045,-483.2383,53571.4227,OK,0.0000,19.3295,4.0000,96.0000,AG03-UNRESOLVED,ALL5_LEVELS_bet23_to_bet27,19.3295,19.3295,24.1619,0.0000,0.0000,4.000000,4.000000,5.000000,0.000000,0.000000,96.000000,96.000000,95.000000,100.000000,100.000000,5.0,62.8210,60.1535,420.4173,423.0848,PENDING_AG03,FALSE,NOT_FOR_ENFORCEMENT,463.9088,46319.4703,483.2383,463.9088,19.3295,0.00902045,0.00865963,19.3295,463.9088,0.00865963,19.3295,19.3295,24.1619,0.0000,0.0000,463.9088,0.00865963,62.8210,60.1535,420.4173,423.0848,0.00784779,0.00789758,0.00036082,9.3346,8.4088,0.0842,5.5545,0.2517,615.7635,65.9540,8.3255,9.6426,5.1431,5.1891,8.2617,16.7816,25.8881,44.2602,5.1891,0.0,4.9889,8.529385,1.798876,29,193,98,2,0.20855820,0.00902045,0.00297427,0E-8,0.000000,0.900656,0.000000,0.00763944,2026-03-21,2026-08-06,87,1920,882,139,0.625899,0.863400,0.891889,0.695194,,,,,,,,GLOBAL_BASELINE_NO_ENTITY_RANKING,,,NOT_APPLICABLE_GLOBAL_BASELINE,HF9g-P5,,,,X 全窗基线 · 不参与实体赏罚,8396680,840,A168_HF9F_20260827_0900,2026-08-27 09:00:00
2026-06-04,54653530,1299,0,13.1149227248,2.4301180343,2.4301180343,0.5000000,2,2,0.50665070000000000,0.506650700000,-0.018812684590367487,-0.018812684590367487,-0.018812684590367487,0E-17,ELIGIBLE,R03b_20260811_FULL_v1,L1_ELIGIBILITY,v2026-08-11,2026-03-21..2026-08-06,baccarat_bet02_101_all_pairs_incl_sentinel,round_win = game_pnl > 0 (decisive only),COMPATIBILITY_ONLY_NOT_PRODUCTION,53571.4227,48249.4483,483.2383,5739,5738,-0.00902045,-0.00297427,-0.01061372,-0.00902045,-483.2383,53571.4227,OK,0.0000,19.3295,4.0000,96.0000,AG03-UNRESOLVED,ALL5_LEVELS_bet23_to_bet27,19.3295,19.3295,24.1619,0.0000,0.0000,4.000000,4.000000,5.000000,0.000000,0.000000,96.000000,96.000000,95.000000,100.000000,100.000000,5.0,62.8210,60.1535,420.4173,423.0848,PENDING_AG03,FALSE,NOT_FOR_ENFORCEMENT,463.9088,46319.4703,483.2383,463.9088,19.3295,0.00902045,0.00865963,19.3295,463.9088,0.00865963,19.3295,19.3295,24.1619,0.0000,0.0000,463.9088,0.00865963,62.8210,60.1535,420.4173,423.0848,0.00784779,0.00789758,0.00036082,9.3346,8.4088,0.0842,5.5545,0.2517,615.7635,65.9540,8.3255,9.6426,5.1431,5.1891,8.2617,16.7816,25.8881,44.2602,5.1891,0.0,4.9889,8.529385,1.798876,29,193,98,2,0.20855820,0.00902045,0.00297427,0E-8,0.000000,0.900656,0.000000,0.00763944,2026-03-21,2026-08-06,87,1920,882,139,0.625899,0.863400,0.891889,0.695194,,,,,,,,GLOBAL_BASELINE_NO_ENTITY_RANKING,,,NOT_APPLICABLE_GLOBAL_BASELINE,HF9g-P5,,,,X 全窗基线 · 不参与实体赏罚,8396681,840,A168_HF9F_20260827_0900,2026-08-27 09:00:00
2026-06-04,54653530,1302,0,45.5164965156,2.2758248258,2.2758248258,0.3333333,4,4,0.50665070000000000,0.506650700000,-0.6004420894325239,-0.6004420894325239,-0.6004420894325239,0E-17,ELIGIBLE,R03b_20260811_FULL_v1,L1_ELIGIBILITY,v2026-08-11,2026-03-21..2026-08-06,baccarat_bet02_101_all_pairs_incl_sentinel,round_win = game_pnl > 0 (decisive only),COMPATIBILITY_ONLY_NOT_PRODUCTION,53571.4227,48249.4483,483.2383,5739,5738,-0.00902045,-0.00297427,-0.01061372,-0.00902045,-483.2383,53571.4227,OK,0.0000,19.3295,4.0000,96.0000,AG03-UNRESOLVED,ALL5_LEVELS_bet23_to_bet27,19.3295,19.3295,24.1619,0.0000,0.0000,4.000000,4.000000,5.000000,0.000000,0.000000,96.000000,96.000000,95.000000,100.000000,100.000000,5.0,62.8210,60.1535,420.4173,423.0848,PENDING_AG03,FALSE,NOT_FOR_ENFORCEMENT,463.9088,46319.4703,483.2383,463.9088,19.3295,0.00902045,0.00865963,19.3295,463.9088,0.00865963,19.3295,19.3295,24.1619,0.0000,0.0000,463.9088,0.00865963,62.8210,60.1535,420.4173,423.0848,0.00784779,0.00789758,0.00036082,9.3346,8.4088,0.0842,5.5545,0.2517,615.7635,65.9540,8.3255,9.6426,5.1431,5.1891,8.2617,16.7816,25.8881,44.2602,5.1891,0.0,4.9889,8.529385,1.798876,29,193,98,2,0.20855820,0.00902045,0.00297427,0E-8,0.000000,0.900656,0.000000,0.00763944,2026-03-21,2026-08-06,87,1920,882,139,0.625899,0.863400,0.891889,0.695194,,,,,,,,GLOBAL_BASELINE_NO_ENTITY_RANKING,,,NOT_APPLICABLE_GLOBAL_BASELINE,HF9g-P5,,,,X 全窗基线 · 不参与实体赏罚,8396682,840,A168_HF9F_20260827_0900,2026-08-27 09:00:00
2026-06-04,54653530,1306,0,15.4293208527,14.6578548102,14.6578548102,1.0000000,3,3,0.50665070000000000,0.506650700000,1.7091633124209307,1.7091633124209307,1.7091633124209307,0E-17,ELIGIBLE,R03b_20260811_FULL_v1,L1_ELIGIBILITY,v2026-08-11,2026-03-21..2026-08-06,baccarat_bet02_101_all_pairs_incl_sentinel,round_win = game_pnl > 0 (decisive only),COMPATIBILITY_ONLY_NOT_PRODUCTION,53571.4227,48249.4483,483.2383,5739,5738,-0.00902045,-0.00297427,-0.01061372,-0.00902045,-483.2383,53571.4227,OK,0.0000,19.3295,4.0000,96.0000,AG03-UNRESOLVED,ALL5_LEVELS_bet23_to_bet27,19.3295,19.3295,24.1619,0.0000,0.0000,4.000000,4.000000,5.000000,0.000000,0.000000,96.000000,96.000000,95.000000,100.000000,100.000000,5.0,62.8210,60.1535,420.4173,423.0848,PENDING_AG03,FALSE,NOT_FOR_ENFORCEMENT,463.9088,46319.4703,483.2383,463.9088,19.3295,0.00902045,0.00865963,19.3295,463.9088,0.00865963,19.3295,19.3295,24.1619,0.0000,0.0000,463.9088,0.00865963,62.8210,60.1535,420.4173,423.0848,0.00784779,0.00789758,0.00036082,9.3346,8.4088,0.0842,5.5545,0.2517,615.7635,65.9540,8.3255,9.6426,5.1431,5.1891,8.2617,16.7816,25.8881,44.2602,5.1891,0.0,4.9889,8.529385,1.798876,29,193,98,2,0.20855820,0.00902045,0.00297427,0E-8,0.000000,0.900656,0.000000,0.00763944,2026-03-21,2026-08-06,87,1920,882,139,0.625899,0.863400,0.891889,0.695194,,,,,,,,GLOBAL_BASELINE_NO_ENTITY_RANKING,,,NOT_APPLICABLE_GLOBAL_BASELINE,HF9g-P5,,,,X 全窗基线 · 不参与实体赏罚,8396683,840,A168_HF9F_20260827_0900,2026-08-27 09:00:00
2026-06-04,54653530,1307,0,31.3729524005,19.7752462264,19.7752462264,0.8000000,5,5,0.50665070000000000,0.506650700000,1.3120140225494112,1.3120140225494112,1.3120140225494112,0E-17,ELIGIBLE,R03b_20260811_FULL_v1,L1_ELIGIBILITY,v2026-08-11,2026-03-21..2026-08-06,baccarat_bet02_101_all_pairs_incl_sentinel,round_win = game_pnl > 0 (decisive only),COMPATIBILITY_ONLY_NOT_PRODUCTION,53571.4227,48249.4483,483.2383,5739,5738,-0.00902045,-0.00297427,-0.01061372,-0.00902045,-483.2383,53571.4227,OK,0.0000,19.3295,4.0000,96.0000,AG03-UNRESOLVED,ALL5_LEVELS_bet23_to_bet27,19.3295,19.3295,24.1619,0.0000,0.0000,4.000000,4.000000,5.000000,0.000000,0.000000,96.000000,96.000000,95.000000,100.000000,100.000000,5.0,62.8210,60.1535,420.4173,423.0848,PENDING_AG03,FALSE,NOT_FOR_ENFORCEMENT,463.9088,46319.4703,483.2383,463.9088,19.3295,0.00902045,0.00865963,19.3295,463.9088,0.00865963,19.3295,19.3295,24.1619,0.0000,0.0000,463.9088,0.00865963,62.8210,60.1535,420.4173,423.0848,0.00784779,0.00789758,0.00036082,9.3346,8.4088,0.0842,5.5545,0.2517,615.7635,65.9540,8.3255,9.6426,5.1431,5.1891,8.2617,16.7816,25.8881,44.2602,5.1891,0.0,4.9889,8.529385,1.798876,29,193,98,2,0.20855820,0.00902045,0.00297427,0E-8,0.000000,0.900656,0.000000,0.00763944,2026-03-21,2026-08-06,87,1920,882,139,0.625899,0.863400,0.891889,0.695194,,,,,,,,GLOBAL_BASELINE_NO_ENTITY_RANKING,,,NOT_APPLICABLE_GLOBAL_BASELINE,HF9g-P5,,,,X 全窗基线 · 不参与实体赏罚,8396684,840,A168_HF9F_20260827_0900,2026-08-27 09:00:00
2026-06-04,54653530,1325,0,23.1439812791,11.9577236609,11.9577236609,0.7500000,4,4,0.50665070000000000,0.506650700000,0.9734833216690844,0.9734833216690844,0.9734833216690844,0E-17,ELIGIBLE,R03b_20260811_FULL_v1,L1_ELIGIBILITY,v2026-08-11,2026-03-21..2026-08-06,baccarat_bet02_101_all_pairs_incl_sentinel,round_win = game_pnl > 0 (decisive only),COMPATIBILITY_ONLY_NOT_PRODUCTION,53571.4227,48249.4483,483.2383,5739,5738,-0.00902045,-0.00297427,-0.01061372,-0.00902045,-483.2383,53571.4227,OK,0.0000,19.3295,4.0000,96.0000,AG03-UNRESOLVED,ALL5_LEVELS_bet23_to_bet27,19.3295,19.3295,24.1619,0.0000,0.0000,4.000000,4.000000,5.000000,0.000000,0.000000,96.000000,96.000000,95.000000,100.000000,100.000000,5.0,62.8210,60.1535,420.4173,423.0848,PENDING_AG03,FALSE,NOT_FOR_ENFORCEMENT,463.9088,46319.4703,483.2383,463.9088,19.3295,0.00902045,0.00865963,19.3295,463.9088,0.00865963,19.3295,19.3295,24.1619,0.0000,0.0000,463.9088,0.00865963,62.8210,60.1535,420.4173,423.0848,0.00784779,0.00789758,0.00036082,9.3346,8.4088,0.0842,5.5545,0.2517,615.7635,65.9540,8.3255,9.6426,5.1431,5.1891,8.2617,16.7816,25.8881,44.2602,5.1891,0.0,4.9889,8.529385,1.798876,29,193,98,2,0.20855820,0.00902045,0.00297427,0E-8,0.000000,0.900656,0.000000,0.00763944,2026-03-21,2026-08-06,87,1920,882,139,0.625899,0.863400,0.891889,0.695194,,,,,,,,GLOBAL_BASELINE_NO_ENTITY_RANKING,,,NOT_APPLICABLE_GLOBAL_BASELINE,HF9g-P5,,,,X 全窗基线 · 不参与实体赏罚,8396685,840,A168_HF9F_20260827_0900,2026-08-27 09:00:00
2026-06-04,54653530,1331,0,10.2862139018,10.0290585543,10.0290585543,1.0000000,2,2,0.49994810000000000,0.499948100000,1.4143603653603398,1.4143603653603398,1.4143603653603398,0E-17,ELIGIBLE,R03b_20260811_FULL_v1,L1_ELIGIBILITY,v2026-08-11,2026-03-21..2026-08-06,baccarat_bet02_101_all_pairs_incl_sentinel,round_win = game_pnl > 0 (decisive only),COMPATIBILITY_ONLY_NOT_PRODUCTION,53571.4227,48249.4483,483.2383,5739,5738,-0.00902045,-0.00297427,-0.01061372,-0.00902045,-483.2383,53571.4227,OK,0.0000,19.3295,4.0000,96.0000,AG03-UNRESOLVED,ALL5_LEVELS_bet23_to_bet27,19.3295,19.3295,24.1619,0.0000,0.0000,4.000000,4.000000,5.000000,0.000000,0.000000,96.000000,96.000000,95.000000,100.000000,100.000000,5.0,62.8210,60.1535,420.4173,423.0848,PENDING_AG03,FALSE,NOT_FOR_ENFORCEMENT,463.9088,46319.4703,483.2383,463.9088,19.3295,0.00902045,0.00865963,19.3295,463.9088,0.00865963,19.3295,19.3295,24.1619,0.0000,0.0000,463.9088,0.00865963,62.8210,60.1535,420.4173,423.0848,0.00784779,0.00789758,0.00036082,9.3346,8.4088,0.0842,5.5545,0.2517,615.7635,65.9540,8.3255,9.6426,5.1431,5.1891,8.2617,16.7816,25.8881,44.2602,5.1891,0.0,4.9889,8.529385,1.798876,29,193,98,2,0.20855820,0.00902045,0.00297427,0E-8,0.000000,0.900656,0.000000,0.00763944,2026-03-21,2026-08-06,87,1920,882,139,0.625899,0.863400,0.891889,0.695194,,,,,,,,GLOBAL_BASELINE_NO_ENTITY_RANKING,,,NOT_APPLICABLE_GLOBAL_BASELINE,HF9g-P5,,,,X 全窗基线 · 不参与实体赏罚,8396686,840,A168_HF9F_20260827_0900,2026-08-27 09:00:00
2026-06-04,54653530,1363,0,18.0008743282,-7.9718157739,-7.9718157739,0.3333333,3,3,0.50665070000000000,0.506650700000,-0.6004420894325239,-0.6004420894325239,-0.6004420894325239,0E-17,ELIGIBLE,R03b_20260811_FULL_v1,L1_ELIGIBILITY,v2026-08-11,2026-03-21..2026-08-06,baccarat_bet02_101_all_pairs_incl_sentinel,round_win = game_pnl > 0 (decisive only),COMPATIBILITY_ONLY_NOT_PRODUCTION,53571.4227,48249.4483,483.2383,5739,5738,-0.00902045,-0.00297427,-0.01061372,-0.00902045,-483.2383,53571.4227,OK,0.0000,19.3295,4.0000,96.0000,AG03-UNRESOLVED,ALL5_LEVELS_bet23_to_bet27,19.3295,19.3295,24.1619,0.0000,0.0000,4.000000,4.000000,5.000000,0.000000,0.000000,96.000000,96.000000,95.000000,100.000000,100.000000,5.0,62.8210,60.1535,420.4173,423.0848,PENDING_AG03,FALSE,NOT_FOR_ENFORCEMENT,463.9088,46319.4703,483.2383,463.9088,19.3295,0.00902045,0.00865963,19.3295,463.9088,0.00865963,19.3295,19.3295,24.1619,0.0000,0.0000,463.9088,0.00865963,62.8210,60.1535,420.4173,423.0848,0.00784779,0.00789758,0.00036082,9.3346,8.4088,0.0842,5.5545,0.2517,615.7635,65.9540,8.3255,9.6426,5.1431,5.1891,8.2617,16.7816,25.8881,44.2602,5.1891,0.0,4.9889,8.529385,1.798876,29,193,98,2,0.20855820,0.00902045,0.00297427,0E-8,0.000000,0.900656,0.000000,0.00763944,2026-03-21,2026-08-06,87,1920,882,139,0.625899,0.863400,0.891889,0.695194,,,,,,,,GLOBAL_BASELINE_NO_ENTITY_RANKING,,,NOT_APPLICABLE_GLOBAL_BASELINE,HF9g-P5,,,,X 全窗基线 · 不参与实体赏罚,8396687,840,A168_HF9F_20260827_0900,2026-08-27 09:00:00
2026-06-04,54653530,1382,0,48.0880499910,14.5935659733,14.5935659733,0.6000000,5,5,0.50665070000000000,0.506650700000,0.4175076967804994,0.4175076967804994,0.4175076967804994,0E-17,ELIGIBLE,R03b_20260811_FULL_v1,L1_ELIGIBILITY,v2026-08-11,2026-03-21..2026-08-06,baccarat_bet02_101_all_pairs_incl_sentinel,round_win = game_pnl > 0 (decisive only),COMPATIBILITY_ONLY_NOT_PRODUCTION,53571.4227,48249.4483,483.2383,5739,5738,-0.00902045,-0.00297427,-0.01061372,-0.00902045,-483.2383,53571.4227,OK,0.0000,19.3295,4.0000,96.0000,AG03-UNRESOLVED,ALL5_LEVELS_bet23_to_bet27,19.3295,19.3295,24.1619,0.0000,0.0000,4.000000,4.000000,5.000000,0.000000,0.000000,96.000000,96.000000,95.000000,100.000000,100.000000,5.0,62.8210,60.1535,420.4173,423.0848,PENDING_AG03,FALSE,NOT_FOR_ENFORCEMENT,463.9088,46319.4703,483.2383,463.9088,19.3295,0.00902045,0.00865963,19.3295,463.9088,0.00865963,19.3295,19.3295,24.1619,0.0000,0.0000,463.9088,0.00865963,62.8210,60.1535,420.4173,423.0848,0.00784779,0.00789758,0.00036082,9.3346,8.4088,0.0842,5.5545,0.2517,615.7635,65.9540,8.3255,9.6426,5.1431,5.1891,8.2617,16.7816,25.8881,44.2602,5.1891,0.0,4.9889,8.529385,1.798876,29,193,98,2,0.20855820,0.00902045,0.00297427,0E-8,0.000000,0.900656,0.000000,0.00763944,2026-03-21,2026-08-06,87,1920,882,139,0.625899,0.863400,0.891889,0.695194,,,,,,,,GLOBAL_BASELINE_NO_ENTITY_RANKING,,,NOT_APPLICABLE_GLOBAL_BASELINE,HF9g-P5,,,,X 全窗基线 · 不参与实体赏罚,8396688,840,A168_HF9F_20260827_0900,2026-08-27 09:00:00
2026-06-04,54653530,1384,0,5.1431069509,4.8859516034,4.8859516034,1.0000000,1,1,0.50665070000000000,0.506650700000,0.9867858985152569,0.9867858985152569,0.9867858985152569,0E-17,ELIGIBLE,R03b_20260811_FULL_v1,L1_ELIGIBILITY,v2026-08-11,2026-03-21..2026-08-06,baccarat_bet02_101_all_pairs_incl_sentinel,round_win = game_pnl > 0 (decisive only),COMPATIBILITY_ONLY_NOT_PRODUCTION,53571.4227,48249.4483,483.2383,5739,5738,-0.00902045,-0.00297427,-0.01061372,-0.00902045,-483.2383,53571.4227,OK,0.0000,19.3295,4.0000,96.0000,AG03-UNRESOLVED,ALL5_LEVELS_bet23_to_bet27,19.3295,19.3295,24.1619,0.0000,0.0000,4.000000,4.000000,5.000000,0.000000,0.000000,96.000000,96.000000,95.000000,100.000000,100.000000,5.0,62.8210,60.1535,420.4173,423.0848,PENDING_AG03,FALSE,NOT_FOR_ENFORCEMENT,463.9088,46319.4703,483.2383,463.9088,19.3295,0.00902045,0.00865963,19.3295,463.9088,0.00865963,19.3295,19.3295,24.1619,0.0000,0.0000,463.9088,0.00865963,62.8210,60.1535,420.4173,423.0848,0.00784779,0.00789758,0.00036082,9.3346,8.4088,0.0842,5.5545,0.2517,615.7635,65.9540,8.3255,9.6426,5.1431,5.1891,8.2617,16.7816,25.8881,44.2602,5.1891,0.0,4.9889,8.529385,1.798876,29,193,98,2,0.20855820,0.00902045,0.00297427,0E-8,0.000000,0.900656,0.000000,0.00763944,2026-03-21,2026-08-06,87,1920,882,139,0.625899,0.863400,0.891889,0.695194,,,,,,,,GLOBAL_BASELINE_NO_ENTITY_RANKING,,,NOT_APPLICABLE_GLOBAL_BASELINE,HF9g-P5,,,,X 全窗基线 · 不参与实体赏罚,8396689,840,A168_HF9F_20260827_0900,2026-08-27 09:00:00
2026-06-04,54653530,1396,0,18.2580296757,7.3160696377,7.3160696377,0.6666667,3,3,0.50665070000000000,0.506650700000,0.5543606114942035,0.5543606114942035,0.5543606114942035,0E-17,ELIGIBLE,R03b_20260811_FULL_v1,L1_ELIGIBILITY,v2026-08-11,2026-03-21..2026-08-06,baccarat_bet02_101_all_pairs_incl_sentinel,round_win = game_pnl > 0 (decisive only),COMPATIBILITY_ONLY_NOT_PRODUCTION,53571.4227,48249.4483,483.2383,5739,5738,-0.00902045,-0.00297427,-0.01061372,-0.00902045,-483.2383,53571.4227,OK,0.0000,19.3295,4.0000,96.0000,AG03-UNRESOLVED,ALL5_LEVELS_bet23_to_bet27,19.3295,19.3295,24.1619,0.0000,0.0000,4.000000,4.000000,5.000000,0.000000,0.000000,96.000000,96.000000,95.000000,100.000000,100.000000,5.0,62.8210,60.1535,420.4173,423.0848,PENDING_AG03,FALSE,NOT_FOR_ENFORCEMENT,463.9088,46319.4703,483.2383,463.9088,19.3295,0.00902045,0.00865963,19.3295,463.9088,0.00865963,19.3295,19.3295,24.1619,0.0000,0.0000,463.9088,0.00865963,62.8210,60.1535,420.4173,423.0848,0.00784779,0.00789758,0.00036082,9.3346,8.4088,0.0842,5.5545,0.2517,615.7635,65.9540,8.3255,9.6426,5.1431,5.1891,8.2617,16.7816,25.8881,44.2602,5.1891,0.0,4.9889,8.529385,1.798876,29,193,98,2,0.20855820,0.00902045,0.00297427,0E-8,0.000000,0.900656,0.000000,0.00763944,2026-03-21,2026-08-06,87,1920,882,139,0.625899,0.863400,0.891889,0.695194,,,,,,,,GLOBAL_BASELINE_NO_ENTITY_RANKING,,,NOT_APPLICABLE_GLOBAL_BASELINE,HF9g-P5,,,,X 全窗基线 · 不参与实体赏罚,8396690,840,A168_HF9F_20260827_0900,2026-08-27 09:00:00
2026-06-04,54653530,1402,0,5.1431069509,4.8859516034,4.8859516034,1.0000000,1,1,0.50665070000000000,0.506650700000,0.9867858985152569,0.9867858985152569,0.9867858985152569,0E-17,ELIGIBLE,R03b_20260811_FULL_v1,L1_ELIGIBILITY,v2026-08-11,2026-03-21..2026-08-06,baccarat_bet02_101_all_pairs_incl_sentinel,round_win = game_pnl > 0 (decisive only),COMPATIBILITY_ONLY_NOT_PRODUCTION,53571.4227,48249.4483,483.2383,5739,5738,-0.00902045,-0.00297427,-0.01061372,-0.00902045,-483.2383,53571.4227,OK,0.0000,19.3295,4.0000,96.0000,AG03-UNRESOLVED,ALL5_LEVELS_bet23_to_bet27,19.3295,19.3295,24.1619,0.0000,0.0000,4.000000,4.000000,5.000000,0.000000,0.000000,96.000000,96.000000,95.000000,100.000000,100.000000,5.0,62.8210,60.1535,420.4173,423.0848,PENDING_AG03,FALSE,NOT_FOR_ENFORCEMENT,463.9088,46319.4703,483.2383,463.9088,19.3295,0.00902045,0.00865963,19.3295,463.9088,0.00865963,19.3295,19.3295,24.1619,0.0000,0.0000,463.9088,0.00865963,62.8210,60.1535,420.4173,423.0848,0.00784779,0.00789758,0.00036082,9.3346,8.4088,0.0842,5.5545,0.2517,615.7635,65.9540,8.3255,9.6426,5.1431,5.1891,8.2617,16.7816,25.8881,44.2602,5.1891,0.0,4.9889,8.529385,1.798876,29,193,98,2,0.20855820,0.00902045,0.00297427,0E-8,0.000000,0.900656,0.000000,0.00763944,2026-03-21,2026-08-06,87,1920,882,139,0.625899,0.863400,0.891889,0.695194,,,,,,,,GLOBAL_BASELINE_NO_ENTITY_RANKING,,,NOT_APPLICABLE_GLOBAL_BASELINE,HF9g-P5,,,,X 全窗基线 · 不参与实体赏罚,8396691,840,A168_HF9F_20260827_0900,2026-08-27 09:00:00
2026-06-04,54653530,1507,0,5.1431069509,4.8859516034,4.8859516034,1.0000000,1,1,0.50665070000000000,0.506650700000,0.9867858985152569,0.9867858985152569,0.9867858985152569,0E-17,ELIGIBLE,R03b_20260811_FULL_v1,L1_ELIGIBILITY,v2026-08-11,2026-03-21..2026-08-06,baccarat_bet02_101_all_pairs_incl_sentinel,round_win = game_pnl > 0 (decisive only),COMPATIBILITY_ONLY_NOT_PRODUCTION,53571.4227,48249.4483,483.2383,5739,5738,-0.00902045,-0.00297427,-0.01061372,-0.00902045,-483.2383,53571.4227,OK,0.0000,19.3295,4.0000,96.0000,AG03-UNRESOLVED,ALL5_LEVELS_bet23_to_bet27,19.3295,19.3295,24.1619,0.0000,0.0000,4.000000,4.000000,5.000000,0.000000,0.000000,96.000000,96.000000,95.000000,100.000000,100.000000,5.0,62.8210,60.1535,420.4173,423.0848,PENDING_AG03,FALSE,NOT_FOR_ENFORCEMENT,463.9088,46319.4703,483.2383,463.9088,19.3295,0.00902045,0.00865963,19.3295,463.9088,0.00865963,19.3295,19.3295,24.1619,0.0000,0.0000,463.9088,0.00865963,62.8210,60.1535,420.4173,423.0848,0.00784779,0.00789758,0.00036082,9.3346,8.4088,0.0842,5.5545,0.2517,615.7635,65.9540,8.3255,9.6426,5.1431,5.1891,8.2617,16.7816,25.8881,44.2602,5.1891,0.0,4.9889,8.529385,1.798876,29,193,98,2,0.20855820,0.00902045,0.00297427,0E-8,0.000000,0.900656,0.000000,0.00763944,2026-03-21,2026-08-06,87,1920,882,139,0.625899,0.863400,0.891889,0.695194,,,,,,,,GLOBAL_BASELINE_NO_ENTITY_RANKING,,,NOT_APPLICABLE_GLOBAL_BASELINE,HF9g-P5,,,,X 全窗基线 · 不参与实体赏罚,8396692,840,A168_HF9F_20260827_0900,2026-08-27 09:00:00
2026-06-04,54653530,1646,0,10.2862139018,4.8859516034,4.8859516034,1.0000000,2,2,0.50665070000000000,0.506650700000,0.9867858985152569,0.9867858985152569,0.9867858985152569,0E-17,ELIGIBLE,R03b_20260811_FULL_v1,L1_ELIGIBILITY,v2026-08-11,2026-03-21..2026-08-06,baccarat_bet02_101_all_pairs_incl_sentinel,round_win = game_pnl > 0 (decisive only),COMPATIBILITY_ONLY_NOT_PRODUCTION,53571.4227,48249.4483,483.2383,5739,5738,-0.00902045,-0.00297427,-0.01061372,-0.00902045,-483.2383,53571.4227,OK,0.0000,19.3295,4.0000,96.0000,AG03-UNRESOLVED,ALL5_LEVELS_bet23_to_bet27,19.3295,19.3295,24.1619,0.0000,0.0000,4.000000,4.000000,5.000000,0.000000,0.000000,96.000000,96.000000,95.000000,100.000000,100.000000,5.0,62.8210,60.1535,420.4173,423.0848,PENDING_AG03,FALSE,NOT_FOR_ENFORCEMENT,463.9088,46319.4703,483.2383,463.9088,19.3295,0.00902045,0.00865963,19.3295,463.9088,0.00865963,19.3295,19.3295,24.1619,0.0000,0.0000,463.9088,0.00865963,62.8210,60.1535,420.4173,423.0848,0.00784779,0.00789758,0.00036082,9.3346,8.4088,0.0842,5.5545,0.2517,615.7635,65.9540,8.3255,9.6426,5.1431,5.1891,8.2617,16.7816,25.8881,44.2602,5.1891,0.0,4.9889,8.529385,1.798876,29,193,98,2,0.20855820,0.00902045,0.00297427,0E-8,0.000000,0.900656,0.000000,0.00763944,2026-03-21,2026-08-06,87,1920,882,139,0.625899,0.863400,0.891889,0.695194,,,,,,,,GLOBAL_BASELINE_NO_ENTITY_RANKING,,,NOT_APPLICABLE_GLOBAL_BASELINE,HF9g-P5,,,,X 全窗基线 · 不参与实体赏罚,8396693,840,A168_HF9F_20260827_0900,2026-08-27 09:00:00
2026-06-04,54653530,1935,0,21.8582045413,10.7362357601,10.7362357601,0.6666667,3,3,0.50665070000000000,0.506650700000,0.5543606114942035,0.5543606114942035,0.5543606114942035,0E-17,ELIGIBLE,R03b_20260811_FULL_v1,L1_ELIGIBILITY,v2026-08-11,2026-03-21..2026-08-06,baccarat_bet02_101_all_pairs_incl_sentinel,round_win = game_pnl > 0 (decisive only),COMPATIBILITY_ONLY_NOT_PRODUCTION,53571.4227,48249.4483,483.2383,5739,5738,-0.00902045,-0.00297427,-0.01061372,-0.00902045,-483.2383,53571.4227,OK,0.0000,19.3295,4.0000,96.0000,AG03-UNRESOLVED,ALL5_LEVELS_bet23_to_bet27,19.3295,19.3295,24.1619,0.0000,0.0000,4.000000,4.000000,5.000000,0.000000,0.000000,96.000000,96.000000,95.000000,100.000000,100.000000,5.0,62.8210,60.1535,420.4173,423.0848,PENDING_AG03,FALSE,NOT_FOR_ENFORCEMENT,463.9088,46319.4703,483.2383,463.9088,19.3295,0.00902045,0.00865963,19.3295,463.9088,0.00865963,19.3295,19.3295,24.1619,0.0000,0.0000,463.9088,0.00865963,62.8210,60.1535,420.4173,423.0848,0.00784779,0.00789758,0.00036082,9.3346,8.4088,0.0842,5.5545,0.2517,615.7635,65.9540,8.3255,9.6426,5.1431,5.1891,8.2617,16.7816,25.8881,44.2602,5.1891,0.0,4.9889,8.529385,1.798876,29,193,98,2,0.20855820,0.00902045,0.00297427,0E-8,0.000000,0.900656,0.000000,0.00763944,2026-03-21,2026-08-06,87,1920,882,139,0.625899,0.863400,0.891889,0.695194,,,,,,,,GLOBAL_BASELINE_NO_ENTITY_RANKING,,,NOT_APPLICABLE_GLOBAL_BASELINE,HF9g-P5,,,,X 全窗基线 · 不参与实体赏罚,8396694,840,A168_HF9F_20260827_0900,2026-08-27 09:00:00
2026-06-04,54653530,1940,0,21.0867384987,10.0033430196,10.0033430196,0.6666667,3,3,0.50665070000000000,0.506650700000,0.5543606114942035,0.5543606114942035,0.5543606114942035,0E-17,ELIGIBLE,R03b_20260811_FULL_v1,L1_ELIGIBILITY,v2026-08-11,2026-03-21..2026-08-06,baccarat_bet02_101_all_pairs_incl_sentinel,round_win = game_pnl > 0 (decisive only),COMPATIBILITY_ONLY_NOT_PRODUCTION,53571.4227,48249.4483,483.2383,5739,5738,-0.00902045,-0.00297427,-0.01061372,-0.00902045,-483.2383,53571.4227,OK,0.0000,19.3295,4.0000,96.0000,AG03-UNRESOLVED,ALL5_LEVELS_bet23_to_bet27,19.3295,19.3295,24.1619,0.0000,0.0000,4.000000,4.000000,5.000000,0.000000,0.000000,96.000000,96.000000,95.000000,100.000000,100.000000,5.0,62.8210,60.1535,420.4173,423.0848,PENDING_AG03,FALSE,NOT_FOR_ENFORCEMENT,463.9088,46319.4703,483.2383,463.9088,19.3295,0.00902045,0.00865963,19.3295,463.9088,0.00865963,19.3295,19.3295,24.1619,0.0000,0.0000,463.9088,0.00865963,62.8210,60.1535,420.4173,423.0848,0.00784779,0.00789758,0.00036082,9.3346,8.4088,0.0842,5.5545,0.2517,615.7635,65.9540,8.3255,9.6426,5.1431,5.1891,8.2617,16.7816,25.8881,44.2602,5.1891,0.0,4.9889,8.529385,1.798876,29,193,98,2,0.20855820,0.00902045,0.00297427,0E-8,0.000000,0.900656,0.000000,0.00763944,2026-03-21,2026-08-06,87,1920,882,139,0.625899,0.863400,0.891889,0.695194,,,,,,,,GLOBAL_BASELINE_NO_ENTITY_RANKING,,,NOT_APPLICABLE_GLOBAL_BASELINE,HF9g-P5,,,,X 全窗基线 · 不参与实体赏罚,8396695,840,A168_HF9F_20260827_0900,2026-08-27 09:00:00
2026-06-04,54653530,1941,0,5.1431069509,4.8859516034,4.8859516034,1.0000000,1,1,0.50665070000000000,0.506650700000,0.9867858985152569,0.9867858985152569,0.9867858985152569,0E-17,ELIGIBLE,R03b_20260811_FULL_v1,L1_ELIGIBILITY,v2026-08-11,2026-03-21..2026-08-06,baccarat_bet02_101_all_pairs_incl_sentinel,round_win = game_pnl > 0 (decisive only),COMPATIBILITY_ONLY_NOT_PRODUCTION,53571.4227,48249.4483,483.2383,5739,5738,-0.00902045,-0.00297427,-0.01061372,-0.00902045,-483.2383,53571.4227,OK,0.0000,19.3295,4.0000,96.0000,AG03-UNRESOLVED,ALL5_LEVELS_bet23_to_bet27,19.3295,19.3295,24.1619,0.0000,0.0000,4.000000,4.000000,5.000000,0.000000,0.000000,96.000000,96.000000,95.000000,100.000000,100.000000,5.0,62.8210,60.1535,420.4173,423.0848,PENDING_AG03,FALSE,NOT_FOR_ENFORCEMENT,463.9088,46319.4703,483.2383,463.9088,19.3295,0.00902045,0.00865963,19.3295,463.9088,0.00865963,19.3295,19.3295,24.1619,0.0000,0.0000,463.9088,0.00865963,62.8210,60.1535,420.4173,423.0848,0.00784779,0.00789758,0.00036082,9.3346,8.4088,0.0842,5.5545,0.2517,615.7635,65.9540,8.3255,9.6426,5.1431,5.1891,8.2617,16.7816,25.8881,44.2602,5.1891,0.0,4.9889,8.529385,1.798876,29,193,98,2,0.20855820,0.00902045,0.00297427,0E-8,0.000000,0.900656,0.000000,0.00763944,2026-03-21,2026-08-06,87,1920,882,139,0.625899,0.863400,0.891889,0.695194,,,,,,,,GLOBAL_BASELINE_NO_ENTITY_RANKING,,,NOT_APPLICABLE_GLOBAL_BASELINE,HF9g-P5,,,,X 全窗基线 · 不参与实体赏罚,8396696,840,A168_HF9F_20260827_0900,2026-08-27 09:00:00
2026-06-04,54653530,1957,0,10.2862139018,9.7719032068,9.7719032068,1.0000000,2,2,0.50665070000000000,0.506650700000,1.3955260008387969,1.3955260008387969,1.3955260008387969,0E-17,ELIGIBLE,R03b_20260811_FULL_v1,L1_ELIGIBILITY,v2026-08-11,2026-03-21..2026-08-06,baccarat_bet02_101_all_pairs_incl_sentinel,round_win = game_pnl > 0 (decisive only),COMPATIBILITY_ONLY_NOT_PRODUCTION,53571.4227,48249.4483,483.2383,5739,5738,-0.00902045,-0.00297427,-0.01061372,-0.00902045,-483.2383,53571.4227,OK,0.0000,19.3295,4.0000,96.0000,AG03-UNRESOLVED,ALL5_LEVELS_bet23_to_bet27,19.3295,19.3295,24.1619,0.0000,0.0000,4.000000,4.000000,5.000000,0.000000,0.000000,96.000000,96.000000,95.000000,100.000000,100.000000,5.0,62.8210,60.1535,420.4173,423.0848,PENDING_AG03,FALSE,NOT_FOR_ENFORCEMENT,463.9088,46319.4703,483.2383,463.9088,19.3295,0.00902045,0.00865963,19.3295,463.9088,0.00865963,19.3295,19.3295,24.1619,0.0000,0.0000,463.9088,0.00865963,62.8210,60.1535,420.4173,423.0848,0.00784779,0.00789758,0.00036082,9.3346,8.4088,0.0842,5.5545,0.2517,615.7635,65.9540,8.3255,9.6426,5.1431,5.1891,8.2617,16.7816,25.8881,44.2602,5.1891,0.0,4.9889,8.529385,1.798876,29,193,98,2,0.20855820,0.00902045,0.00297427,0E-8,0.000000,0.900656,0.000000,0.00763944,2026-03-21,2026-08-06,87,1920,882,139,0.625899,0.863400,0.891889,0.695194,,,,,,,,GLOBAL_BASELINE_NO_ENTITY_RANKING,,,NOT_APPLICABLE_GLOBAL_BASELINE,HF9g-P5,,,,X 全窗基线 · 不参与实体赏罚,8396697,840,A168_HF9F_20260827_0900,2026-08-27 09:00:00
2026-06-04,54653530,1990,0,5.1431069509,4.8859516034,4.8859516034,1.0000000,1,1,0.50665070000000000,0.506650700000,0.9867858985152569,0.9867858985152569,0.9867858985152569,0E-17,ELIGIBLE,R03b_20260811_FULL_v1,L1_ELIGIBILITY,v2026-08-11,2026-03-21..2026-08-06,baccarat_bet02_101_all_pairs_incl_sentinel,round_win = game_pnl > 0 (decisive only),COMPATIBILITY_ONLY_NOT_PRODUCTION,53571.4227,48249.4483,483.2383,5739,5738,-0.00902045,-0.00297427,-0.01061372,-0.00902045,-483.2383,53571.4227,OK,0.0000,19.3295,4.0000,96.0000,AG03-UNRESOLVED,ALL5_LEVELS_bet23_to_bet27,19.3295,19.3295,24.1619,0.0000,0.0000,4.000000,4.000000,5.000000,0.000000,0.000000,96.000000,96.000000,95.000000,100.000000,100.000000,5.0,62.8210,60.1535,420.4173,423.0848,PENDING_AG03,FALSE,NOT_FOR_ENFORCEMENT,463.9088,46319.4703,483.2383,463.9088,19.3295,0.00902045,0.00865963,19.3295,463.9088,0.00865963,19.3295,19.3295,24.1619,0.0000,0.0000,463.9088,0.00865963,62.8210,60.1535,420.4173,423.0848,0.00784779,0.00789758,0.00036082,9.3346,8.4088,0.0842,5.5545,0.2517,615.7635,65.9540,8.3255,9.6426,5.1431,5.1891,8.2617,16.7816,25.8881,44.2602,5.1891,0.0,4.9889,8.529385,1.798876,29,193,98,2,0.20855820,0.00902045,0.00297427,0E-8,0.000000,0.900656,0.000000,0.00763944,2026-03-21,2026-08-06,87,1920,882,139,0.625899,0.863400,0.891889,0.695194,,,,,,,,GLOBAL_BASELINE_NO_ENTITY_RANKING,,,NOT_APPLICABLE_GLOBAL_BASELINE,HF9g-P5,,,,X 全窗基线 · 不参与实体赏罚,8396698,840,A168_HF9F_20260827_0900,2026-08-27 09:00:00
2026-06-04,54653530,2068,0,5.1431069509,4.8859516034,4.8859516034,1.0000000,1,1,0.50665070000000000,0.506650700000,0.9867858985152569,0.9867858985152569,0.9867858985152569,0E-17,ELIGIBLE,R03b_20260811_FULL_v1,L1_ELIGIBILITY,v2026-08-11,2026-03-21..2026-08-06,baccarat_bet02_101_all_pairs_incl_sentinel,round_win = game_pnl > 0 (decisive only),COMPATIBILITY_ONLY_NOT_PRODUCTION,53571.4227,48249.4483,483.2383,5739,5738,-0.00902045,-0.00297427,-0.01061372,-0.00902045,-483.2383,53571.4227,OK,0.0000,19.3295,4.0000,96.0000,AG03-UNRESOLVED,ALL5_LEVELS_bet23_to_bet27,19.3295,19.3295,24.1619,0.0000,0.0000,4.000000,4.000000,5.000000,0.000000,0.000000,96.000000,96.000000,95.000000,100.000000,100.000000,5.0,62.8210,60.1535,420.4173,423.0848,PENDING_AG03,FALSE,NOT_FOR_ENFORCEMENT,463.9088,46319.4703,483.2383,463.9088,19.3295,0.00902045,0.00865963,19.3295,463.9088,0.00865963,19.3295,19.3295,24.1619,0.0000,0.0000,463.9088,0.00865963,62.8210,60.1535,420.4173,423.0848,0.00784779,0.00789758,0.00036082,9.3346,8.4088,0.0842,5.5545,0.2517,615.7635,65.9540,8.3255,9.6426,5.1431,5.1891,8.2617,16.7816,25.8881,44.2602,5.1891,0.0,4.9889,8.529385,1.798876,29,193,98,2,0.20855820,0.00902045,0.00297427,0E-8,0.000000,0.900656,0.000000,0.00763944,2026-03-21,2026-08-06,87,1920,882,139,0.625899,0.863400,0.891889,0.695194,,,,,,,,GLOBAL_BASELINE_NO_ENTITY_RANKING,,,NOT_APPLICABLE_GLOBAL_BASELINE,HF9g-P5,,,,X 全窗基线 · 不参与实体赏罚,8396699,840,A168_HF9F_20260827_0900,2026-08-27 09:00:00
2026-06-04,54653530,2088,0,12.8577673773,-12.8577673773,-12.8577673773,0E-7,2,2,0.49324550000000000,0.493245500000,-1.3952362676504506,-1.3952362676504506,-1.3952362676504506,0E-17,ELIGIBLE,R03b_20260811_FULL_v1,L1_ELIGIBILITY,v2026-08-11,2026-03-21..2026-08-06,baccarat_bet02_101_all_pairs_incl_sentinel,round_win = game_pnl > 0 (decisive only),COMPATIBILITY_ONLY_NOT_PRODUCTION,53571.4227,48249.4483,483.2383,5739,5738,-0.00902045,-0.00297427,-0.01061372,-0.00902045,-483.2383,53571.4227,OK,0.0000,19.3295,4.0000,96.0000,AG03-UNRESOLVED,ALL5_LEVELS_bet23_to_bet27,19.3295,19.3295,24.1619,0.0000,0.0000,4.000000,4.000000,5.000000,0.000000,0.000000,96.000000,96.000000,95.000000,100.000000,100.000000,5.0,62.8210,60.1535,420.4173,423.0848,PENDING_AG03,FALSE,NOT_FOR_ENFORCEMENT,463.9088,46319.4703,483.2383,463.9088,19.3295,0.00902045,0.00865963,19.3295,463.9088,0.00865963,19.3295,19.3295,24.1619,0.0000,0.0000,463.9088,0.00865963,62.8210,60.1535,420.4173,423.0848,0.00784779,0.00789758,0.00036082,9.3346,8.4088,0.0842,5.5545,0.2517,615.7635,65.9540,8.3255,9.6426,5.1431,5.1891,8.2617,16.7816,25.8881,44.2602,5.1891,0.0,4.9889,8.529385,1.798876,29,193,98,2,0.20855820,0.00902045,0.00297427,0E-8,0.000000,0.900656,0.000000,0.00763944,2026-03-21,2026-08-06,87,1920,882,139,0.625899,0.863400,0.891889,0.695194,,,,,,,,GLOBAL_BASELINE_NO_ENTITY_RANKING,,,NOT_APPLICABLE_GLOBAL_BASELINE,HF9g-P5,,,,X 全窗基线 · 不参与实体赏罚,8396700,840,A168_HF9F_20260827_0900,2026-08-27 09:00:00
2026-06-04,54653530,2093,0,44.7450304729,12.0477280326,12.0477280326,0.6000000,6,6,0.50665070000000000,0.506650700000,0.4175076967804994,0.4175076967804994,0.4175076967804994,0E-17,ELIGIBLE,R03b_20260811_FULL_v1,L1_ELIGIBILITY,v2026-08-11,2026-03-21..2026-08-06,baccarat_bet02_101_all_pairs_incl_sentinel,round_win = game_pnl > 0 (decisive only),COMPATIBILITY_ONLY_NOT_PRODUCTION,53571.4227,48249.4483,483.2383,5739,5738,-0.00902045,-0.00297427,-0.01061372,-0.00902045,-483.2383,53571.4227,OK,0.0000,19.3295,4.0000,96.0000,AG03-UNRESOLVED,ALL5_LEVELS_bet23_to_bet27,19.3295,19.3295,24.1619,0.0000,0.0000,4.000000,4.000000,5.000000,0.000000,0.000000,96.000000,96.000000,95.000000,100.000000,100.000000,5.0,62.8210,60.1535,420.4173,423.0848,PENDING_AG03,FALSE,NOT_FOR_ENFORCEMENT,463.9088,46319.4703,483.2383,463.9088,19.3295,0.00902045,0.00865963,19.3295,463.9088,0.00865963,19.3295,19.3295,24.1619,0.0000,0.0000,463.9088,0.00865963,62.8210,60.1535,420.4173,423.0848,0.00784779,0.00789758,0.00036082,9.3346,8.4088,0.0842,5.5545,0.2517,615.7635,65.9540,8.3255,9.6426,5.1431,5.1891,8.2617,16.7816,25.8881,44.2602,5.1891,0.0,4.9889,8.529385,1.798876,29,193,98,2,0.20855820,0.00902045,0.00297427,0E-8,0.000000,0.900656,0.000000,0.00763944,2026-03-21,2026-08-06,87,1920,882,139,0.625899,0.863400,0.891889,0.695194,,,,,,,,GLOBAL_BASELINE_NO_ENTITY_RANKING,,,NOT_APPLICABLE_GLOBAL_BASELINE,HF9g-P5,,,,X 全窗基线 · 不参与实体赏罚,8396701,840,A168_HF9F_20260827_0900,2026-08-27 09:00:00
2026-06-04,54653530,2142,0,75.0893614833,26.2041299149,26.2041299149,0.6363636,11,11,0.50665070000000000,0.506650700000,0.860494406565227,0.860494406565227,0.860494406565227,0E-17,ELIGIBLE,R03b_20260811_FULL_v1,L1_ELIGIBILITY,v2026-08-11,2026-03-21..2026-08-06,baccarat_bet02_101_all_pairs_incl_sentinel,round_win = game_pnl > 0 (decisive only),COMPATIBILITY_ONLY_NOT_PRODUCTION,53571.4227,48249.4483,483.2383,5739,5738,-0.00902045,-0.00297427,-0.01061372,-0.00902045,-483.2383,53571.4227,OK,0.0000,19.3295,4.0000,96.0000,AG03-UNRESOLVED,ALL5_LEVELS_bet23_to_bet27,19.3295,19.3295,24.1619,0.0000,0.0000,4.000000,4.000000,5.000000,0.000000,0.000000,96.000000,96.000000,95.000000,100.000000,100.000000,5.0,62.8210,60.1535,420.4173,423.0848,PENDING_AG03,FALSE,NOT_FOR_ENFORCEMENT,463.9088,46319.4703,483.2383,463.9088,19.3295,0.00902045,0.00865963,19.3295,463.9088,0.00865963,19.3295,19.3295,24.1619,0.0000,0.0000,463.9088,0.00865963,62.8210,60.1535,420.4173,423.0848,0.00784779,0.00789758,0.00036082,9.3346,8.4088,0.0842,5.5545,0.2517,615.7635,65.9540,8.3255,9.6426,5.1431,5.1891,8.2617,16.7816,25.8881,44.2602,5.1891,0.0,4.9889,8.529385,1.798876,29,193,98,2,0.20855820,0.00902045,0.00297427,0E-8,0.000000,0.900656,0.000000,0.00763944,2026-03-21,2026-08-06,87,1920,882,139,0.625899,0.863400,0.891889,0.695194,,,,,,,,GLOBAL_BASELINE_NO_ENTITY_RANKING,,,NOT_APPLICABLE_GLOBAL_BASELINE,HF9g-P5,,,,X 全窗基线 · 不参与实体赏罚,8396702,840,A168_HF9F_20260827_0900,2026-08-27 09:00:00
2026-06-04,54653530,2147,0,29.3157096202,2.2758248258,2.2758248258,0.3333333,3,3,0.50665070000000000,0.506650700000,-0.6004420894325239,-0.6004420894325239,-0.6004420894325239,0E-17,ELIGIBLE,R03b_20260811_FULL_v1,L1_ELIGIBILITY,v2026-08-11,2026-03-21..2026-08-06,baccarat_bet02_101_all_pairs_incl_sentinel,round_win = game_pnl > 0 (decisive only),COMPATIBILITY_ONLY_NOT_PRODUCTION,53571.4227,48249.4483,483.2383,5739,5738,-0.00902045,-0.00297427,-0.01061372,-0.00902045,-483.2383,53571.4227,OK,0.0000,19.3295,4.0000,96.0000,AG03-UNRESOLVED,ALL5_LEVELS_bet23_to_bet27,19.3295,19.3295,24.1619,0.0000,0.0000,4.000000,4.000000,5.000000,0.000000,0.000000,96.000000,96.000000,95.000000,100.000000,100.000000,5.0,62.8210,60.1535,420.4173,423.0848,PENDING_AG03,FALSE,NOT_FOR_ENFORCEMENT,463.9088,46319.4703,483.2383,463.9088,19.3295,0.00902045,0.00865963,19.3295,463.9088,0.00865963,19.3295,19.3295,24.1619,0.0000,0.0000,463.9088,0.00865963,62.8210,60.1535,420.4173,423.0848,0.00784779,0.00789758,0.00036082,9.3346,8.4088,0.0842,5.5545,0.2517,615.7635,65.9540,8.3255,9.6426,5.1431,5.1891,8.2617,16.7816,25.8881,44.2602,5.1891,0.0,4.9889,8.529385,1.798876,29,193,98,2,0.20855820,0.00902045,0.00297427,0E-8,0.000000,0.900656,0.000000,0.00763944,2026-03-21,2026-08-06,87,1920,882,139,0.625899,0.863400,0.891889,0.695194,,,,,,,,GLOBAL_BASELINE_NO_ENTITY_RANKING,,,NOT_APPLICABLE_GLOBAL_BASELINE,HF9g-P5,,,,X 全窗基线 · 不参与实体赏罚,8396703,840,A168_HF9F_20260827_0900,2026-08-27 09:00:00
2026-06-04,54653530,2156,0,10.2862139018,9.7719032068,9.7719032068,1.0000000,2,2,0.50665070000000000,0.506650700000,1.3955260008387969,1.3955260008387969,1.3955260008387969,0E-17,ELIGIBLE,R03b_20260811_FULL_v1,L1_ELIGIBILITY,v2026-08-11,2026-03-21..2026-08-06,baccarat_bet02_101_all_pairs_incl_sentinel,round_win = game_pnl > 0 (decisive only),COMPATIBILITY_ONLY_NOT_PRODUCTION,53571.4227,48249.4483,483.2383,5739,5738,-0.00902045,-0.00297427,-0.01061372,-0.00902045,-483.2383,53571.4227,OK,0.0000,19.3295,4.0000,96.0000,AG03-UNRESOLVED,ALL5_LEVELS_bet23_to_bet27,19.3295,19.3295,24.1619,0.0000,0.0000,4.000000,4.000000,5.000000,0.000000,0.000000,96.000000,96.000000,95.000000,100.000000,100.000000,5.0,62.8210,60.1535,420.4173,423.0848,PENDING_AG03,FALSE,NOT_FOR_ENFORCEMENT,463.9088,46319.4703,483.2383,463.9088,19.3295,0.00902045,0.00865963,19.3295,463.9088,0.00865963,19.3295,19.3295,24.1619,0.0000,0.0000,463.9088,0.00865963,62.8210,60.1535,420.4173,423.0848,0.00784779,0.00789758,0.00036082,9.3346,8.4088,0.0842,5.5545,0.2517,615.7635,65.9540,8.3255,9.6426,5.1431,5.1891,8.2617,16.7816,25.8881,44.2602,5.1891,0.0,4.9889,8.529385,1.798876,29,193,98,2,0.20855820,0.00902045,0.00297427,0E-8,0.000000,0.900656,0.000000,0.00763944,2026-03-21,2026-08-06,87,1920,882,139,0.625899,0.863400,0.891889,0.695194,,,,,,,,GLOBAL_BASELINE_NO_ENTITY_RANKING,,,NOT_APPLICABLE_GLOBAL_BASELINE,HF9g-P5,,,,X 全窗基线 · 不参与实体赏罚,8396704,840,A168_HF9F_20260827_0900,2026-08-27 09:00:00
2026-06-04,54653530,2160,0,5.1431069509,-5.1431069509,-5.1431069509,0E-7,1,1,0.49324550000000000,0.493245500000,-0.9865810262130424,-0.9865810262130424,-0.9865810262130424,0E-17,ELIGIBLE,R03b_20260811_FULL_v1,L1_ELIGIBILITY,v2026-08-11,2026-03-21..2026-08-06,baccarat_bet02_101_all_pairs_incl_sentinel,round_win = game_pnl > 0 (decisive only),COMPATIBILITY_ONLY_NOT_PRODUCTION,53571.4227,48249.4483,483.2383,5739,5738,-0.00902045,-0.00297427,-0.01061372,-0.00902045,-483.2383,53571.4227,OK,0.0000,19.3295,4.0000,96.0000,AG03-UNRESOLVED,ALL5_LEVELS_bet23_to_bet27,19.3295,19.3295,24.1619,0.0000,0.0000,4.000000,4.000000,5.000000,0.000000,0.000000,96.000000,96.000000,95.000000,100.000000,100.000000,5.0,62.8210,60.1535,420.4173,423.0848,PENDING_AG03,FALSE,NOT_FOR_ENFORCEMENT,463.9088,46319.4703,483.2383,463.9088,19.3295,0.00902045,0.00865963,19.3295,463.9088,0.00865963,19.3295,19.3295,24.1619,0.0000,0.0000,463.9088,0.00865963,62.8210,60.1535,420.4173,423.0848,0.00784779,0.00789758,0.00036082,9.3346,8.4088,0.0842,5.5545,0.2517,615.7635,65.9540,8.3255,9.6426,5.1431,5.1891,8.2617,16.7816,25.8881,44.2602,5.1891,0.0,4.9889,8.529385,1.798876,29,193,98,2,0.20855820,0.00902045,0.00297427,0E-8,0.000000,0.900656,0.000000,0.00763944,2026-03-21,2026-08-06,87,1920,882,139,0.625899,0.863400,0.891889,0.695194,,,,,,,,GLOBAL_BASELINE_NO_ENTITY_RANKING,,,NOT_APPLICABLE_GLOBAL_BASELINE,HF9g-P5,,,,X 全窗基线 · 不参与实体赏罚,8396705,840,A168_HF9F_20260827_0900,2026-08-27 09:00:00
2026-06-04,54653530,2167,0,52.7168462468,14.4778460669,14.4778460669,0.5714286,7,7,0.50665070000000000,0.506650700000,0.34280260342128577,0.34280260342128577,0.34280260342128577,0E-17,ELIGIBLE,R03b_20260811_FULL_v1,L1_ELIGIBILITY,v2026-08-11,2026-03-21..2026-08-06,baccarat_bet02_101_all_pairs_incl_sentinel,round_win = game_pnl > 0 (decisive only),COMPATIBILITY_ONLY_NOT_PRODUCTION,53571.4227,48249.4483,483.2383,5739,5738,-0.00902045,-0.00297427,-0.01061372,-0.00902045,-483.2383,53571.4227,OK,0.0000,19.3295,4.0000,96.0000,AG03-UNRESOLVED,ALL5_LEVELS_bet23_to_bet27,19.3295,19.3295,24.1619,0.0000,0.0000,4.000000,4.000000,5.000000,0.000000,0.000000,96.000000,96.000000,95.000000,100.000000,100.000000,5.0,62.8210,60.1535,420.4173,423.0848,PENDING_AG03,FALSE,NOT_FOR_ENFORCEMENT,463.9088,46319.4703,483.2383,463.9088,19.3295,0.00902045,0.00865963,19.3295,463.9088,0.00865963,19.3295,19.3295,24.1619,0.0000,0.0000,463.9088,0.00865963,62.8210,60.1535,420.4173,423.0848,0.00784779,0.00789758,0.00036082,9.3346,8.4088,0.0842,5.5545,0.2517,615.7635,65.9540,8.3255,9.6426,5.1431,5.1891,8.2617,16.7816,25.8881,44.2602,5.1891,0.0,4.9889,8.529385,1.798876,29,193,98,2,0.20855820,0.00902045,0.00297427,0E-8,0.000000,0.900656,0.000000,0.00763944,2026-03-21,2026-08-06,87,1920,882,139,0.625899,0.863400,0.891889,0.695194,,,,,,,,GLOBAL_BASELINE_NO_ENTITY_RANKING,,,NOT_APPLICABLE_GLOBAL_BASELINE,HF9g-P5,,,,X 全窗基线 · 不参与实体赏罚,8396706,840,A168_HF9F_20260827_0900,2026-08-27 09:00:00
2026-06-04,54653530,2169,0,43.7164090828,-20.8295831512,-20.8295831512,0.2500000,5,5,0.50665070000000000,0.506650700000,-1.0266936290537745,-1.0266936290537745,-1.0266936290537745,0E-17,ELIGIBLE,R03b_20260811_FULL_v1,L1_ELIGIBILITY,v2026-08-11,2026-03-21..2026-08-06,baccarat_bet02_101_all_pairs_incl_sentinel,round_win = game_pnl > 0 (decisive only),COMPATIBILITY_ONLY_NOT_PRODUCTION,53571.4227,48249.4483,483.2383,5739,5738,-0.00902045,-0.00297427,-0.01061372,-0.00902045,-483.2383,53571.4227,OK,0.0000,19.3295,4.0000,96.0000,AG03-UNRESOLVED,ALL5_LEVELS_bet23_to_bet27,19.3295,19.3295,24.1619,0.0000,0.0000,4.000000,4.000000,5.000000,0.000000,0.000000,96.000000,96.000000,95.000000,100.000000,100.000000,5.0,62.8210,60.1535,420.4173,423.0848,PENDING_AG03,FALSE,NOT_FOR_ENFORCEMENT,463.9088,46319.4703,483.2383,463.9088,19.3295,0.00902045,0.00865963,19.3295,463.9088,0.00865963,19.3295,19.3295,24.1619,0.0000,0.0000,463.9088,0.00865963,62.8210,60.1535,420.4173,423.0848,0.00784779,0.00789758,0.00036082,9.3346,8.4088,0.0842,5.5545,0.2517,615.7635,65.9540,8.3255,9.6426,5.1431,5.1891,8.2617,16.7816,25.8881,44.2602,5.1891,0.0,4.9889,8.529385,1.798876,29,193,98,2,0.20855820,0.00902045,0.00297427,0E-8,0.000000,0.900656,0.000000,0.00763944,2026-03-21,2026-08-06,87,1920,882,139,0.625899,0.863400,0.891889,0.695194,,,,,,,,GLOBAL_BASELINE_NO_ENTITY_RANKING,,,NOT_APPLICABLE_GLOBAL_BASELINE,HF9g-P5,,,,X 全窗基线 · 不参与实体赏罚,8396707,840,A168_HF9F_20260827_0900,2026-08-27 09:00:00
2026-06-04,54653530,2170,0,51.4310695091,-15.9436315477,-15.9436315477,0.4285714,7,7,0.50282064285714286,0.502820642857,-0.39289616391791987,-0.3928961639171632,-0.39289616391791987,1.4286E-13,ELIGIBLE,R03b_20260811_FULL_v1,L1_ELIGIBILITY,v2026-08-11,2026-03-21..2026-08-06,baccarat_bet02_101_all_pairs_incl_sentinel,round_win = game_pnl > 0 (decisive only),COMPATIBILITY_ONLY_NOT_PRODUCTION,53571.4227,48249.4483,483.2383,5739,5738,-0.00902045,-0.00297427,-0.01061372,-0.00902045,-483.2383,53571.4227,OK,0.0000,19.3295,4.0000,96.0000,AG03-UNRESOLVED,ALL5_LEVELS_bet23_to_bet27,19.3295,19.3295,24.1619,0.0000,0.0000,4.000000,4.000000,5.000000,0.000000,0.000000,96.000000,96.000000,95.000000,100.000000,100.000000,5.0,62.8210,60.1535,420.4173,423.0848,PENDING_AG03,FALSE,NOT_FOR_ENFORCEMENT,463.9088,46319.4703,483.2383,463.9088,19.3295,0.00902045,0.00865963,19.3295,463.9088,0.00865963,19.3295,19.3295,24.1619,0.0000,0.0000,463.9088,0.00865963,62.8210,60.1535,420.4173,423.0848,0.00784779,0.00789758,0.00036082,9.3346,8.4088,0.0842,5.5545,0.2517,615.7635,65.9540,8.3255,9.6426,5.1431,5.1891,8.2617,16.7816,25.8881,44.2602,5.1891,0.0,4.9889,8.529385,1.798876,29,193,98,2,0.20855820,0.00902045,0.00297427,0E-8,0.000000,0.900656,0.000000,0.00763944,2026-03-21,2026-08-06,87,1920,882,139,0.625899,0.863400,0.891889,0.695194,,,,,,,,GLOBAL_BASELINE_NO_ENTITY_RANKING,,,NOT_APPLICABLE_GLOBAL_BASELINE,HF9g-P5,,,,X 全窗基线 · 不参与实体赏罚,8396708,840,A168_HF9F_20260827_0900,2026-08-27 09:00:00
2026-06-04,54653530,2174,0,5.1431069509,4.8859516034,4.8859516034,1.0000000,1,1,0.50665070000000000,0.506650700000,0.9867858985152569,0.9867858985152569,0.9867858985152569,0E-17,ELIGIBLE,R03b_20260811_FULL_v1,L1_ELIGIBILITY,v2026-08-11,2026-03-21..2026-08-06,baccarat_bet02_101_all_pairs_incl_sentinel,round_win = game_pnl > 0 (decisive only),COMPATIBILITY_ONLY_NOT_PRODUCTION,53571.4227,48249.4483,483.2383,5739,5738,-0.00902045,-0.00297427,-0.01061372,-0.00902045,-483.2383,53571.4227,OK,0.0000,19.3295,4.0000,96.0000,AG03-UNRESOLVED,ALL5_LEVELS_bet23_to_bet27,19.3295,19.3295,24.1619,0.0000,0.0000,4.000000,4.000000,5.000000,0.000000,0.000000,96.000000,96.000000,95.000000,100.000000,100.000000,5.0,62.8210,60.1535,420.4173,423.0848,PENDING_AG03,FALSE,NOT_FOR_ENFORCEMENT,463.9088,46319.4703,483.2383,463.9088,19.3295,0.00902045,0.00865963,19.3295,463.9088,0.00865963,19.3295,19.3295,24.1619,0.0000,0.0000,463.9088,0.00865963,62.8210,60.1535,420.4173,423.0848,0.00784779,0.00789758,0.00036082,9.3346,8.4088,0.0842,5.5545,0.2517,615.7635,65.9540,8.3255,9.6426,5.1431,5.1891,8.2617,16.7816,25.8881,44.2602,5.1891,0.0,4.9889,8.529385,1.798876,29,193,98,2,0.20855820,0.00902045,0.00297427,0E-8,0.000000,0.900656,0.000000,0.00763944,2026-03-21,2026-08-06,87,1920,882,139,0.625899,0.863400,0.891889,0.695194,,,,,,,,GLOBAL_BASELINE_NO_ENTITY_RANKING,,,NOT_APPLICABLE_GLOBAL_BASELINE,HF9g-P5,,,,X 全窗基线 · 不参与实体赏罚,8396709,840,A168_HF9F_20260827_0900,2026-08-27 09:00:00
2026-06-04,54653530,2175,0,10.2862139018,9.7719032068,9.7719032068,1.0000000,2,2,0.50665070000000000,0.506650700000,1.3955260008387969,1.3955260008387969,1.3955260008387969,0E-17,ELIGIBLE,R03b_20260811_FULL_v1,L1_ELIGIBILITY,v2026-08-11,2026-03-21..2026-08-06,baccarat_bet02_101_all_pairs_incl_sentinel,round_win = game_pnl > 0 (decisive only),COMPATIBILITY_ONLY_NOT_PRODUCTION,53571.4227,48249.4483,483.2383,5739,5738,-0.00902045,-0.00297427,-0.01061372,-0.00902045,-483.2383,53571.4227,OK,0.0000,19.3295,4.0000,96.0000,AG03-UNRESOLVED,ALL5_LEVELS_bet23_to_bet27,19.3295,19.3295,24.1619,0.0000,0.0000,4.000000,4.000000,5.000000,0.000000,0.000000,96.000000,96.000000,95.000000,100.000000,100.000000,5.0,62.8210,60.1535,420.4173,423.0848,PENDING_AG03,FALSE,NOT_FOR_ENFORCEMENT,463.9088,46319.4703,483.2383,463.9088,19.3295,0.00902045,0.00865963,19.3295,463.9088,0.00865963,19.3295,19.3295,24.1619,0.0000,0.0000,463.9088,0.00865963,62.8210,60.1535,420.4173,423.0848,0.00784779,0.00789758,0.00036082,9.3346,8.4088,0.0842,5.5545,0.2517,615.7635,65.9540,8.3255,9.6426,5.1431,5.1891,8.2617,16.7816,25.8881,44.2602,5.1891,0.0,4.9889,8.529385,1.798876,29,193,98,2,0.20855820,0.00902045,0.00297427,0E-8,0.000000,0.900656,0.000000,0.00763944,2026-03-21,2026-08-06,87,1920,882,139,0.625899,0.863400,0.891889,0.695194,,,,,,,,GLOBAL_BASELINE_NO_ENTITY_RANKING,,,NOT_APPLICABLE_GLOBAL_BASELINE,HF9g-P5,,,,X 全窗基线 · 不参与实体赏罚,8396710,840,A168_HF9F_20260827_0900,2026-08-27 09:00:00
2026-06-04,54653530,2177,0,54.5169336796,23.1439812792,23.1439812792,0.7500000,4,4,0.49994810000000000,0.499948100000,1.0002076053883384,1.0002076053883384,1.0002076053883384,0E-17,ELIGIBLE,R03b_20260811_FULL_v1,L1_ELIGIBILITY,v2026-08-11,2026-03-21..2026-08-06,baccarat_bet02_101_all_pairs_incl_sentinel,round_win = game_pnl > 0 (decisive only),COMPATIBILITY_ONLY_NOT_PRODUCTION,53571.4227,48249.4483,483.2383,5739,5738,-0.00902045,-0.00297427,-0.01061372,-0.00902045,-483.2383,53571.4227,OK,0.0000,19.3295,4.0000,96.0000,AG03-UNRESOLVED,ALL5_LEVELS_bet23_to_bet27,19.3295,19.3295,24.1619,0.0000,0.0000,4.000000,4.000000,5.000000,0.000000,0.000000,96.000000,96.000000,95.000000,100.000000,100.000000,5.0,62.8210,60.1535,420.4173,423.0848,PENDING_AG03,FALSE,NOT_FOR_ENFORCEMENT,463.9088,46319.4703,483.2383,463.9088,19.3295,0.00902045,0.00865963,19.3295,463.9088,0.00865963,19.3295,19.3295,24.1619,0.0000,0.0000,463.9088,0.00865963,62.8210,60.1535,420.4173,423.0848,0.00784779,0.00789758,0.00036082,9.3346,8.4088,0.0842,5.5545,0.2517,615.7635,65.9540,8.3255,9.6426,5.1431,5.1891,8.2617,16.7816,25.8881,44.2602,5.1891,0.0,4.9889,8.529385,1.798876,29,193,98,2,0.20855820,0.00902045,0.00297427,0E-8,0.000000,0.900656,0.000000,0.00763944,2026-03-21,2026-08-06,87,1920,882,139,0.625899,0.863400,0.891889,0.695194,,,,,,,,GLOBAL_BASELINE_NO_ENTITY_RANKING,,,NOT_APPLICABLE_GLOBAL_BASELINE,HF9g-P5,,,,X 全窗基线 · 不参与实体赏罚,8396711,840,A168_HF9F_20260827_0900,2026-08-27 09:00:00
2026-06-04,54653530,2188,0,10.2862139018,9.7719032068,9.7719032068,1.0000000,2,2,0.50665070000000000,0.506650700000,1.3955260008387969,1.3955260008387969,1.3955260008387969,0E-17,ELIGIBLE,R03b_20260811_FULL_v1,L1_ELIGIBILITY,v2026-08-11,2026-03-21..2026-08-06,baccarat_bet02_101_all_pairs_incl_sentinel,round_win = game_pnl > 0 (decisive only),COMPATIBILITY_ONLY_NOT_PRODUCTION,53571.4227,48249.4483,483.2383,5739,5738,-0.00902045,-0.00297427,-0.01061372,-0.00902045,-483.2383,53571.4227,OK,0.0000,19.3295,4.0000,96.0000,AG03-UNRESOLVED,ALL5_LEVELS_bet23_to_bet27,19.3295,19.3295,24.1619,0.0000,0.0000,4.000000,4.000000,5.000000,0.000000,0.000000,96.000000,96.000000,95.000000,100.000000,100.000000,5.0,62.8210,60.1535,420.4173,423.0848,PENDING_AG03,FALSE,NOT_FOR_ENFORCEMENT,463.9088,46319.4703,483.2383,463.9088,19.3295,0.00902045,0.00865963,19.3295,463.9088,0.00865963,19.3295,19.3295,24.1619,0.0000,0.0000,463.9088,0.00865963,62.8210,60.1535,420.4173,423.0848,0.00784779,0.00789758,0.00036082,9.3346,8.4088,0.0842,5.5545,0.2517,615.7635,65.9540,8.3255,9.6426,5.1431,5.1891,8.2617,16.7816,25.8881,44.2602,5.1891,0.0,4.9889,8.529385,1.798876,29,193,98,2,0.20855820,0.00902045,0.00297427,0E-8,0.000000,0.900656,0.000000,0.00763944,2026-03-21,2026-08-06,87,1920,882,139,0.625899,0.863400,0.891889,0.695194,,,,,,,,GLOBAL_BASELINE_NO_ENTITY_RANKING,,,NOT_APPLICABLE_GLOBAL_BASELINE,HF9g-P5,,,,X 全窗基线 · 不参与实体赏罚,8396712,840,A168_HF9F_20260827_0900,2026-08-27 09:00:00
2026-06-04,54653530,2205,0,5.1431069509,4.8859516034,4.8859516034,1.0000000,1,1,0.50665070000000000,0.506650700000,0.9867858985152569,0.9867858985152569,0.9867858985152569,0E-17,ELIGIBLE,R03b_20260811_FULL_v1,L1_ELIGIBILITY,v2026-08-11,2026-03-21..2026-08-06,baccarat_bet02_101_all_pairs_incl_sentinel,round_win = game_pnl > 0 (decisive only),COMPATIBILITY_ONLY_NOT_PRODUCTION,53571.4227,48249.4483,483.2383,5739,5738,-0.00902045,-0.00297427,-0.01061372,-0.00902045,-483.2383,53571.4227,OK,0.0000,19.3295,4.0000,96.0000,AG03-UNRESOLVED,ALL5_LEVELS_bet23_to_bet27,19.3295,19.3295,24.1619,0.0000,0.0000,4.000000,4.000000,5.000000,0.000000,0.000000,96.000000,96.000000,95.000000,100.000000,100.000000,5.0,62.8210,60.1535,420.4173,423.0848,PENDING_AG03,FALSE,NOT_FOR_ENFORCEMENT,463.9088,46319.4703,483.2383,463.9088,19.3295,0.00902045,0.00865963,19.3295,463.9088,0.00865963,19.3295,19.3295,24.1619,0.0000,0.0000,463.9088,0.00865963,62.8210,60.1535,420.4173,423.0848,0.00784779,0.00789758,0.00036082,9.3346,8.4088,0.0842,5.5545,0.2517,615.7635,65.9540,8.3255,9.6426,5.1431,5.1891,8.2617,16.7816,25.8881,44.2602,5.1891,0.0,4.9889,8.529385,1.798876,29,193,98,2,0.20855820,0.00902045,0.00297427,0E-8,0.000000,0.900656,0.000000,0.00763944,2026-03-21,2026-08-06,87,1920,882,139,0.625899,0.863400,0.891889,0.695194,,,,,,,,GLOBAL_BASELINE_NO_ENTITY_RANKING,,,NOT_APPLICABLE_GLOBAL_BASELINE,HF9g-P5,,,,X 全窗基线 · 不参与实体赏罚,8396713,840,A168_HF9F_20260827_0900,2026-08-27 09:00:00
2026-06-04,54653530,2209,0,5.1431069509,4.8859516034,4.8859516034,1.0000000,1,1,0.50665070000000000,0.506650700000,0.9867858985152569,0.9867858985152569,0.9867858985152569,0E-17,ELIGIBLE,R03b_20260811_FULL_v1,L1_ELIGIBILITY,v2026-08-11,2026-03-21..2026-08-06,baccarat_bet02_101_all_pairs_incl_sentinel,round_win = game_pnl > 0 (decisive only),COMPATIBILITY_ONLY_NOT_PRODUCTION,53571.4227,48249.4483,483.2383,5739,5738,-0.00902045,-0.00297427,-0.01061372,-0.00902045,-483.2383,53571.4227,OK,0.0000,19.3295,4.0000,96.0000,AG03-UNRESOLVED,ALL5_LEVELS_bet23_to_bet27,19.3295,19.3295,24.1619,0.0000,0.0000,4.000000,4.000000,5.000000,0.000000,0.000000,96.000000,96.000000,95.000000,100.000000,100.000000,5.0,62.8210,60.1535,420.4173,423.0848,PENDING_AG03,FALSE,NOT_FOR_ENFORCEMENT,463.9088,46319.4703,483.2383,463.9088,19.3295,0.00902045,0.00865963,19.3295,463.9088,0.00865963,19.3295,19.3295,24.1619,0.0000,0.0000,463.9088,0.00865963,62.8210,60.1535,420.4173,423.0848,0.00784779,0.00789758,0.00036082,9.3346,8.4088,0.0842,5.5545,0.2517,615.7635,65.9540,8.3255,9.6426,5.1431,5.1891,8.2617,16.7816,25.8881,44.2602,5.1891,0.0,4.9889,8.529385,1.798876,29,193,98,2,0.20855820,0.00902045,0.00297427,0E-8,0.000000,0.900656,0.000000,0.00763944,2026-03-21,2026-08-06,87,1920,882,139,0.625899,0.863400,0.891889,0.695194,,,,,,,,GLOBAL_BASELINE_NO_ENTITY_RANKING,,,NOT_APPLICABLE_GLOBAL_BASELINE,HF9g-P5,,,,X 全窗基线 · 不参与实体赏罚,8396714,840,A168_HF9F_20260827_0900,2026-08-27 09:00:00
2026-06-04,54653530,2216,0,5.1431069509,4.8859516034,4.8859516034,1.0000000,1,1,0.50665070000000000,0.506650700000,0.9867858985152569,0.9867858985152569,0.9867858985152569,0E-17,ELIGIBLE,R03b_20260811_FULL_v1,L1_ELIGIBILITY,v2026-08-11,2026-03-21..2026-08-06,baccarat_bet02_101_all_pairs_incl_sentinel,round_win = game_pnl > 0 (decisive only),COMPATIBILITY_ONLY_NOT_PRODUCTION,53571.4227,48249.4483,483.2383,5739,5738,-0.00902045,-0.00297427,-0.01061372,-0.00902045,-483.2383,53571.4227,OK,0.0000,19.3295,4.0000,96.0000,AG03-UNRESOLVED,ALL5_LEVELS_bet23_to_bet27,19.3295,19.3295,24.1619,0.0000,0.0000,4.000000,4.000000,5.000000,0.000000,0.000000,96.000000,96.000000,95.000000,100.000000,100.000000,5.0,62.8210,60.1535,420.4173,423.0848,PENDING_AG03,FALSE,NOT_FOR_ENFORCEMENT,463.9088,46319.4703,483.2383,463.9088,19.3295,0.00902045,0.00865963,19.3295,463.9088,0.00865963,19.3295,19.3295,24.1619,0.0000,0.0000,463.9088,0.00865963,62.8210,60.1535,420.4173,423.0848,0.00784779,0.00789758,0.00036082,9.3346,8.4088,0.0842,5.5545,0.2517,615.7635,65.9540,8.3255,9.6426,5.1431,5.1891,8.2617,16.7816,25.8881,44.2602,5.1891,0.0,4.9889,8.529385,1.798876,29,193,98,2,0.20855820,0.00902045,0.00297427,0E-8,0.000000,0.900656,0.000000,0.00763944,2026-03-21,2026-08-06,87,1920,882,139,0.625899,0.863400,0.891889,0.695194,,,,,,,,GLOBAL_BASELINE_NO_ENTITY_RANKING,,,NOT_APPLICABLE_GLOBAL_BASELINE,HF9g-P5,,,,X 全窗基线 · 不参与实体赏罚,8396715,840,A168_HF9F_20260827_0900,2026-08-27 09:00:00
2026-06-04,54653530,2222,0,5.1431069509,4.8859516034,4.8859516034,1.0000000,1,1,0.50665070000000000,0.506650700000,0.9867858985152569,0.9867858985152569,0.9867858985152569,0E-17,ELIGIBLE,R03b_20260811_FULL_v1,L1_ELIGIBILITY,v2026-08-11,2026-03-21..2026-08-06,baccarat_bet02_101_all_pairs_incl_sentinel,round_win = game_pnl > 0 (decisive only),COMPATIBILITY_ONLY_NOT_PRODUCTION,53571.4227,48249.4483,483.2383,5739,5738,-0.00902045,-0.00297427,-0.01061372,-0.00902045,-483.2383,53571.4227,OK,0.0000,19.3295,4.0000,96.0000,AG03-UNRESOLVED,ALL5_LEVELS_bet23_to_bet27,19.3295,19.3295,24.1619,0.0000,0.0000,4.000000,4.000000,5.000000,0.000000,0.000000,96.000000,96.000000,95.000000,100.000000,100.000000,5.0,62.8210,60.1535,420.4173,423.0848,PENDING_AG03,FALSE,NOT_FOR_ENFORCEMENT,463.9088,46319.4703,483.2383,463.9088,19.3295,0.00902045,0.00865963,19.3295,463.9088,0.00865963,19.3295,19.3295,24.1619,0.0000,0.0000,463.9088,0.00865963,62.8210,60.1535,420.4173,423.0848,0.00784779,0.00789758,0.00036082,9.3346,8.4088,0.0842,5.5545,0.2517,615.7635,65.9540,8.3255,9.6426,5.1431,5.1891,8.2617,16.7816,25.8881,44.2602,5.1891,0.0,4.9889,8.529385,1.798876,29,193,98,2,0.20855820,0.00902045,0.00297427,0E-8,0.000000,0.900656,0.000000,0.00763944,2026-03-21,2026-08-06,87,1920,882,139,0.625899,0.863400,0.891889,0.695194,,,,,,,,GLOBAL_BASELINE_NO_ENTITY_RANKING,,,NOT_APPLICABLE_GLOBAL_BASELINE,HF9g-P5,,,,X 全窗基线 · 不参与实体赏罚,8396716,840,A168_HF9F_20260827_0900,2026-08-27 09:00:00
2026-06-04,54653530,2223,0,10.2862139018,9.7719032068,9.7719032068,1.0000000,2,2,0.50665070000000000,0.506650700000,1.3955260008387969,1.3955260008387969,1.3955260008387969,0E-17,ELIGIBLE,R03b_20260811_FULL_v1,L1_ELIGIBILITY,v2026-08-11,2026-03-21..2026-08-06,baccarat_bet02_101_all_pairs_incl_sentinel,round_win = game_pnl > 0 (decisive only),COMPATIBILITY_ONLY_NOT_PRODUCTION,53571.4227,48249.4483,483.2383,5739,5738,-0.00902045,-0.00297427,-0.01061372,-0.00902045,-483.2383,53571.4227,OK,0.0000,19.3295,4.0000,96.0000,AG03-UNRESOLVED,ALL5_LEVELS_bet23_to_bet27,19.3295,19.3295,24.1619,0.0000,0.0000,4.000000,4.000000,5.000000,0.000000,0.000000,96.000000,96.000000,95.000000,100.000000,100.000000,5.0,62.8210,60.1535,420.4173,423.0848,PENDING_AG03,FALSE,NOT_FOR_ENFORCEMENT,463.9088,46319.4703,483.2383,463.9088,19.3295,0.00902045,0.00865963,19.3295,463.9088,0.00865963,19.3295,19.3295,24.1619,0.0000,0.0000,463.9088,0.00865963,62.8210,60.1535,420.4173,423.0848,0.00784779,0.00789758,0.00036082,9.3346,8.4088,0.0842,5.5545,0.2517,615.7635,65.9540,8.3255,9.6426,5.1431,5.1891,8.2617,16.7816,25.8881,44.2602,5.1891,0.0,4.9889,8.529385,1.798876,29,193,98,2,0.20855820,0.00902045,0.00297427,0E-8,0.000000,0.900656,0.000000,0.00763944,2026-03-21,2026-08-06,87,1920,882,139,0.625899,0.863400,0.891889,0.695194,,,,,,,,GLOBAL_BASELINE_NO_ENTITY_RANKING,,,NOT_APPLICABLE_GLOBAL_BASELINE,HF9g-P5,,,,X 全窗基线 · 不参与实体赏罚,8396717,840,A168_HF9F_20260827_0900,2026-08-27 09:00:00
2026-06-04,54653530,2239,0,5.1431069509,4.8859516034,4.8859516034,1.0000000,1,1,0.50665070000000000,0.506650700000,0.9867858985152569,0.9867858985152569,0.9867858985152569,0E-17,ELIGIBLE,R03b_20260811_FULL_v1,L1_ELIGIBILITY,v2026-08-11,2026-03-21..2026-08-06,baccarat_bet02_101_all_pairs_incl_sentinel,round_win = game_pnl > 0 (decisive only),COMPATIBILITY_ONLY_NOT_PRODUCTION,53571.4227,48249.4483,483.2383,5739,5738,-0.00902045,-0.00297427,-0.01061372,-0.00902045,-483.2383,53571.4227,OK,0.0000,19.3295,4.0000,96.0000,AG03-UNRESOLVED,ALL5_LEVELS_bet23_to_bet27,19.3295,19.3295,24.1619,0.0000,0.0000,4.000000,4.000000,5.000000,0.000000,0.000000,96.000000,96.000000,95.000000,100.000000,100.000000,5.0,62.8210,60.1535,420.4173,423.0848,PENDING_AG03,FALSE,NOT_FOR_ENFORCEMENT,463.9088,46319.4703,483.2383,463.9088,19.3295,0.00902045,0.00865963,19.3295,463.9088,0.00865963,19.3295,19.3295,24.1619,0.0000,0.0000,463.9088,0.00865963,62.8210,60.1535,420.4173,423.0848,0.00784779,0.00789758,0.00036082,9.3346,8.4088,0.0842,5.5545,0.2517,615.7635,65.9540,8.3255,9.6426,5.1431,5.1891,8.2617,16.7816,25.8881,44.2602,5.1891,0.0,4.9889,8.529385,1.798876,29,193,98,2,0.20855820,0.00902045,0.00297427,0E-8,0.000000,0.900656,0.000000,0.00763944,2026-03-21,2026-08-06,87,1920,882,139,0.625899,0.863400,0.891889,0.695194,,,,,,,,GLOBAL_BASELINE_NO_ENTITY_RANKING,,,NOT_APPLICABLE_GLOBAL_BASELINE,HF9g-P5,,,,X 全窗基线 · 不参与实体赏罚,8396718,840,A168_HF9F_20260827_0900,2026-08-27 09:00:00
2026-06-04,54653530,2258,0,30.8586417055,9.6433255330,9.6433255330,0.6000000,5,5,0.50396966000000000,0.503969660000,0.4294742719815242,0.4294742719815242,0.4294742719815242,0E-17,ELIGIBLE,R03b_20260811_FULL_v1,L1_ELIGIBILITY,v2026-08-11,2026-03-21..2026-08-06,baccarat_bet02_101_all_pairs_incl_sentinel,round_win = game_pnl > 0 (decisive only),COMPATIBILITY_ONLY_NOT_PRODUCTION,53571.4227,48249.4483,483.2383,5739,5738,-0.00902045,-0.00297427,-0.01061372,-0.00902045,-483.2383,53571.4227,OK,0.0000,19.3295,4.0000,96.0000,AG03-UNRESOLVED,ALL5_LEVELS_bet23_to_bet27,19.3295,19.3295,24.1619,0.0000,0.0000,4.000000,4.000000,5.000000,0.000000,0.000000,96.000000,96.000000,95.000000,100.000000,100.000000,5.0,62.8210,60.1535,420.4173,423.0848,PENDING_AG03,FALSE,NOT_FOR_ENFORCEMENT,463.9088,46319.4703,483.2383,463.9088,19.3295,0.00902045,0.00865963,19.3295,463.9088,0.00865963,19.3295,19.3295,24.1619,0.0000,0.0000,463.9088,0.00865963,62.8210,60.1535,420.4173,423.0848,0.00784779,0.00789758,0.00036082,9.3346,8.4088,0.0842,5.5545,0.2517,615.7635,65.9540,8.3255,9.6426,5.1431,5.1891,8.2617,16.7816,25.8881,44.2602,5.1891,0.0,4.9889,8.529385,1.798876,29,193,98,2,0.20855820,0.00902045,0.00297427,0E-8,0.000000,0.900656,0.000000,0.00763944,2026-03-21,2026-08-06,87,1920,882,139,0.625899,0.863400,0.891889,0.695194,,,,,,,,GLOBAL_BASELINE_NO_ENTITY_RANKING,,,NOT_APPLICABLE_GLOBAL_BASELINE,HF9g-P5,,,,X 全窗基线 · 不参与实体赏罚,8396719,840,A168_HF9F_20260827_0900,2026-08-27 09:00:00
2026-06-04,54653530,2266,0,23.6582919742,12.4463188213,12.4463188213,0.7500000,4,4,0.50665070000000000,0.506650700000,0.9734833216690844,0.9734833216690844,0.9734833216690844,0E-17,ELIGIBLE,R03b_20260811_FULL_v1,L1_ELIGIBILITY,v2026-08-11,2026-03-21..2026-08-06,baccarat_bet02_101_all_pairs_incl_sentinel,round_win = game_pnl > 0 (decisive only),COMPATIBILITY_ONLY_NOT_PRODUCTION,53571.4227,48249.4483,483.2383,5739,5738,-0.00902045,-0.00297427,-0.01061372,-0.00902045,-483.2383,53571.4227,OK,0.0000,19.3295,4.0000,96.0000,AG03-UNRESOLVED,ALL5_LEVELS_bet23_to_bet27,19.3295,19.3295,24.1619,0.0000,0.0000,4.000000,4.000000,5.000000,0.000000,0.000000,96.000000,96.000000,95.000000,100.000000,100.000000,5.0,62.8210,60.1535,420.4173,423.0848,PENDING_AG03,FALSE,NOT_FOR_ENFORCEMENT,463.9088,46319.4703,483.2383,463.9088,19.3295,0.00902045,0.00865963,19.3295,463.9088,0.00865963,19.3295,19.3295,24.1619,0.0000,0.0000,463.9088,0.00865963,62.8210,60.1535,420.4173,423.0848,0.00784779,0.00789758,0.00036082,9.3346,8.4088,0.0842,5.5545,0.2517,615.7635,65.9540,8.3255,9.6426,5.1431,5.1891,8.2617,16.7816,25.8881,44.2602,5.1891,0.0,4.9889,8.529385,1.798876,29,193,98,2,0.20855820,0.00902045,0.00297427,0E-8,0.000000,0.900656,0.000000,0.00763944,2026-03-21,2026-08-06,87,1920,882,139,0.625899,0.863400,0.891889,0.695194,,,,,,,,GLOBAL_BASELINE_NO_ENTITY_RANKING,,,NOT_APPLICABLE_GLOBAL_BASELINE,HF9g-P5,,,,X 全窗基线 · 不参与实体赏罚,8396720,840,A168_HF9F_20260827_0900,2026-08-27 09:00:00
2026-06-04,54653530,925,0,5.1431069509,4.8859516034,4.8859516034,1.0000000,1,1,0.50665070000000000,0.506650700000,0.9867858985152569,0.9867858985152569,0.9867858985152569,0E-17,ELIGIBLE,R03b_20260811_FULL_v1,L1_ELIGIBILITY,v2026-08-11,2026-03-21..2026-08-06,baccarat_bet02_101_all_pairs_incl_sentinel,round_win = game_pnl > 0 (decisive only),COMPATIBILITY_ONLY_NOT_PRODUCTION,53571.4227,48249.4483,483.2383,5739,5738,-0.00902045,-0.00297427,-0.01061372,-0.00902045,-483.2383,53571.4227,OK,0.0000,19.3295,4.0000,96.0000,AG03-UNRESOLVED,ALL5_LEVELS_bet23_to_bet27,19.3295,19.3295,24.1619,0.0000,0.0000,4.000000,4.000000,5.000000,0.000000,0.000000,96.000000,96.000000,95.000000,100.000000,100.000000,5.0,62.8210,60.1535,420.4173,423.0848,PENDING_AG03,FALSE,NOT_FOR_ENFORCEMENT,463.9088,46319.4703,483.2383,463.9088,19.3295,0.00902045,0.00865963,19.3295,463.9088,0.00865963,19.3295,19.3295,24.1619,0.0000,0.0000,463.9088,0.00865963,62.8210,60.1535,420.4173,423.0848,0.00784779,0.00789758,0.00036082,9.3346,8.4088,0.0842,5.5545,0.2517,615.7635,65.9540,8.3255,9.6426,5.1431,5.1891,8.2617,16.7816,25.8881,44.2602,5.1891,0.0,4.9889,8.529385,1.798876,29,193,98,2,0.20855820,0.00902045,0.00297427,0E-8,0.000000,0.900656,0.000000,0.00763944,2026-03-21,2026-08-06,87,1920,882,139,0.625899,0.863400,0.891889,0.695194,,,,,,,,GLOBAL_BASELINE_NO_ENTITY_RANKING,,,NOT_APPLICABLE_GLOBAL_BASELINE,HF9g-P5,,,,X 全窗基线 · 不参与实体赏罚,8396721,840,A168_HF9F_20260827_0900,2026-08-27 09:00:00
2026-06-04,54653530,948,0,5.1431069509,4.8859516034,4.8859516034,1.0000000,1,1,0.50665070000000000,0.506650700000,0.9867858985152569,0.9867858985152569,0.9867858985152569,0E-17,ELIGIBLE,R03b_20260811_FULL_v1,L1_ELIGIBILITY,v2026-08-11,2026-03-21..2026-08-06,baccarat_bet02_101_all_pairs_incl_sentinel,round_win = game_pnl > 0 (decisive only),COMPATIBILITY_ONLY_NOT_PRODUCTION,53571.4227,48249.4483,483.2383,5739,5738,-0.00902045,-0.00297427,-0.01061372,-0.00902045,-483.2383,53571.4227,OK,0.0000,19.3295,4.0000,96.0000,AG03-UNRESOLVED,ALL5_LEVELS_bet23_to_bet27,19.3295,19.3295,24.1619,0.0000,0.0000,4.000000,4.000000,5.000000,0.000000,0.000000,96.000000,96.000000,95.000000,100.000000,100.000000,5.0,62.8210,60.1535,420.4173,423.0848,PENDING_AG03,FALSE,NOT_FOR_ENFORCEMENT,463.9088,46319.4703,483.2383,463.9088,19.3295,0.00902045,0.00865963,19.3295,463.9088,0.00865963,19.3295,19.3295,24.1619,0.0000,0.0000,463.9088,0.00865963,62.8210,60.1535,420.4173,423.0848,0.00784779,0.00789758,0.00036082,9.3346,8.4088,0.0842,5.5545,0.2517,615.7635,65.9540,8.3255,9.6426,5.1431,5.1891,8.2617,16.7816,25.8881,44.2602,5.1891,0.0,4.9889,8.529385,1.798876,29,193,98,2,0.20855820,0.00902045,0.00297427,0E-8,0.000000,0.900656,0.000000,0.00763944,2026-03-21,2026-08-06,87,1920,882,139,0.625899,0.863400,0.891889,0.695194,,,,,,,,GLOBAL_BASELINE_NO_ENTITY_RANKING,,,NOT_APPLICABLE_GLOBAL_BASELINE,HF9g-P5,,,,X 全窗基线 · 不参与实体赏罚,8396722,840,A168_HF9F_20260827_0900,2026-08-27 09:00:00
2026-06-05,54653530,-1,1,537.9689870650,128.4748116341,128.4748116341,0.5762712,69,69,0.50606786521739130,0.506067865217,1.0785633107453334,1.0785633107513348,1.0785633107453334,3.9130E-13,SENTINEL_DEALER,R03b_20260811_FULL_v1,L1_ELIGIBILITY,v2026-08-11,2026-03-21..2026-08-06,baccarat_bet02_101_all_pairs_incl_sentinel,round_win = game_pnl > 0 (decisive only),COMPATIBILITY_ONLY_NOT_PRODUCTION,53571.4227,48249.4483,483.2383,5739,5738,-0.00902045,-0.00297427,-0.01061372,-0.00902045,-483.2383,53571.4227,OK,0.0000,19.3295,4.0000,96.0000,AG03-UNRESOLVED,ALL5_LEVELS_bet23_to_bet27,19.3295,19.3295,24.1619,0.0000,0.0000,4.000000,4.000000,5.000000,0.000000,0.000000,96.000000,96.000000,95.000000,100.000000,100.000000,5.0,62.8210,60.1535,420.4173,423.0848,PENDING_AG03,FALSE,NOT_FOR_ENFORCEMENT,463.9088,46319.4703,483.2383,463.9088,19.3295,0.00902045,0.00865963,19.3295,463.9088,0.00865963,19.3295,19.3295,24.1619,0.0000,0.0000,463.9088,0.00865963,62.8210,60.1535,420.4173,423.0848,0.00784779,0.00789758,0.00036082,9.3346,8.4088,0.0842,5.5545,0.2517,615.7635,65.9540,8.3255,9.6426,5.1431,5.1891,8.2617,16.7816,25.8881,44.2602,5.1891,0.0,4.9889,8.529385,1.798876,29,193,98,2,0.20855820,0.00902045,0.00297427,0E-8,0.000000,0.900656,0.000000,0.00763944,2026-03-21,2026-08-06,87,1920,882,139,0.625899,0.863400,0.891889,0.695194,,,,,,,,GLOBAL_BASELINE_NO_ENTITY_RANKING,,,NOT_APPLICABLE_GLOBAL_BASELINE,HF9g-P5,,,,X 全窗基线 · 不参与实体赏罚,8396723,840,A168_HF9F_20260827_0900,2026-08-27 09:00:00
2026-06-05,54653530,1017,0,5.1431069509,0E-10,0E-10,,1,1,0.50665070000000000,0.506650700000,,,,0E-17,NO_DECISIVE_ROUND,R03b_20260811_FULL_v1,L1_ELIGIBILITY,v2026-08-11,2026-03-21..2026-08-06,baccarat_bet02_101_all_pairs_incl_sentinel,round_win = game_pnl > 0 (decisive only),COMPATIBILITY_ONLY_NOT_PRODUCTION,53571.4227,48249.4483,483.2383,5739,5738,-0.00902045,-0.00297427,-0.01061372,-0.00902045,-483.2383,53571.4227,OK,0.0000,19.3295,4.0000,96.0000,AG03-UNRESOLVED,ALL5_LEVELS_bet23_to_bet27,19.3295,19.3295,24.1619,0.0000,0.0000,4.000000,4.000000,5.000000,0.000000,0.000000,96.000000,96.000000,95.000000,100.000000,100.000000,5.0,62.8210,60.1535,420.4173,423.0848,PENDING_AG03,FALSE,NOT_FOR_ENFORCEMENT,463.9088,46319.4703,483.2383,463.9088,19.3295,0.00902045,0.00865963,19.3295,463.9088,0.00865963,19.3295,19.3295,24.1619,0.0000,0.0000,463.9088,0.00865963,62.8210,60.1535,420.4173,423.0848,0.00784779,0.00789758,0.00036082,9.3346,8.4088,0.0842,5.5545,0.2517,615.7635,65.9540,8.3255,9.6426,5.1431,5.1891,8.2617,16.7816,25.8881,44.2602,5.1891,0.0,4.9889,8.529385,1.798876,29,193,98,2,0.20855820,0.00902045,0.00297427,0E-8,0.000000,0.900656,0.000000,0.00763944,2026-03-21,2026-08-06,87,1920,882,139,0.625899,0.863400,0.891889,0.695194,,,,,,,,GLOBAL_BASELINE_NO_ENTITY_RANKING,,,NOT_APPLICABLE_GLOBAL_BASELINE,HF9g-P5,,,,X 全窗基线 · 不参与实体赏罚,8396724,840,A168_HF9F_20260827_0900,2026-08-27 09:00:00
2026-06-05,54653530,1078,0,26.2298454496,-0.6557461362,-0.6557461362,0.5000000,4,4,0.50665070000000000,0.506650700000,-0.02660515369234503,-0.02660515369234503,-0.02660515369234503,0E-17,ELIGIBLE,R03b_20260811_FULL_v1,L1_ELIGIBILITY,v2026-08-11,2026-03-21..2026-08-06,baccarat_bet02_101_all_pairs_incl_sentinel,round_win = game_pnl > 0 (decisive only),COMPATIBILITY_ONLY_NOT_PRODUCTION,53571.4227,48249.4483,483.2383,5739,5738,-0.00902045,-0.00297427,-0.01061372,-0.00902045,-483.2383,53571.4227,OK,0.0000,19.3295,4.0000,96.0000,AG03-UNRESOLVED,ALL5_LEVELS_bet23_to_bet27,19.3295,19.3295,24.1619,0.0000,0.0000,4.000000,4.000000,5.000000,0.000000,0.000000,96.000000,96.000000,95.000000,100.000000,100.000000,5.0,62.8210,60.1535,420.4173,423.0848,PENDING_AG03,FALSE,NOT_FOR_ENFORCEMENT,463.9088,46319.4703,483.2383,463.9088,19.3295,0.00902045,0.00865963,19.3295,463.9088,0.00865963,19.3295,19.3295,24.1619,0.0000,0.0000,463.9088,0.00865963,62.8210,60.1535,420.4173,423.0848,0.00784779,0.00789758,0.00036082,9.3346,8.4088,0.0842,5.5545,0.2517,615.7635,65.9540,8.3255,9.6426,5.1431,5.1891,8.2617,16.7816,25.8881,44.2602,5.1891,0.0,4.9889,8.529385,1.798876,29,193,98,2,0.20855820,0.00902045,0.00297427,0E-8,0.000000,0.900656,0.000000,0.00763944,2026-03-21,2026-08-06,87,1920,882,139,0.625899,0.863400,0.891889,0.695194,,,,,,,,GLOBAL_BASELINE_NO_ENTITY_RANKING,,,NOT_APPLICABLE_GLOBAL_BASELINE,HF9g-P5,,,,X 全窗基线 · 不参与实体赏罚,8396725,840,A168_HF9F_20260827_0900,2026-08-27 09:00:00
2026-06-05,54653530,1094,0,10.2862139018,5.1431069509,5.1431069509,1.0000000,2,2,0.49324550000000000,0.493245500000,1.01360149184955,1.01360149184955,1.01360149184955,0E-17,ELIGIBLE,R03b_20260811_FULL_v1,L1_ELIGIBILITY,v2026-08-11,2026-03-21..2026-08-06,baccarat_bet02_101_all_pairs_incl_sentinel,round_win = game_pnl > 0 (decisive only),COMPATIBILITY_ONLY_NOT_PRODUCTION,53571.4227,48249.4483,483.2383,5739,5738,-0.00902045,-0.00297427,-0.01061372,-0.00902045,-483.2383,53571.4227,OK,0.0000,19.3295,4.0000,96.0000,AG03-UNRESOLVED,ALL5_LEVELS_bet23_to_bet27,19.3295,19.3295,24.1619,0.0000,0.0000,4.000000,4.000000,5.000000,0.000000,0.000000,96.000000,96.000000,95.000000,100.000000,100.000000,5.0,62.8210,60.1535,420.4173,423.0848,PENDING_AG03,FALSE,NOT_FOR_ENFORCEMENT,463.9088,46319.4703,483.2383,463.9088,19.3295,0.00902045,0.00865963,19.3295,463.9088,0.00865963,19.3295,19.3295,24.1619,0.0000,0.0000,463.9088,0.00865963,62.8210,60.1535,420.4173,423.0848,0.00784779,0.00789758,0.00036082,9.3346,8.4088,0.0842,5.5545,0.2517,615.7635,65.9540,8.3255,9.6426,5.1431,5.1891,8.2617,16.7816,25.8881,44.2602,5.1891,0.0,4.9889,8.529385,1.798876,29,193,98,2,0.20855820,0.00902045,0.00297427,0E-8,0.000000,0.900656,0.000000,0.00763944,2026-03-21,2026-08-06,87,1920,882,139,0.625899,0.863400,0.891889,0.695194,,,,,,,,GLOBAL_BASELINE_NO_ENTITY_RANKING,,,NOT_APPLICABLE_GLOBAL_BASELINE,HF9g-P5,,,,X 全窗基线 · 不参与实体赏罚,8396726,840,A168_HF9F_20260827_0900,2026-08-27 09:00:00
2026-06-05,54653530,1115,0,10.2862139018,5.1431069509,5.1431069509,1.0000000,2,2,0.49994810000000000,0.499948100000,1.0001038053877793,1.0001038053877793,1.0001038053877793,0E-17,ELIGIBLE,R03b_20260811_FULL_v1,L1_ELIGIBILITY,v2026-08-11,2026-03-21..2026-08-06,baccarat_bet02_101_all_pairs_incl_sentinel,round_win = game_pnl > 0 (decisive only),COMPATIBILITY_ONLY_NOT_PRODUCTION,53571.4227,48249.4483,483.2383,5739,5738,-0.00902045,-0.00297427,-0.01061372,-0.00902045,-483.2383,53571.4227,OK,0.0000,19.3295,4.0000,96.0000,AG03-UNRESOLVED,ALL5_LEVELS_bet23_to_bet27,19.3295,19.3295,24.1619,0.0000,0.0000,4.000000,4.000000,5.000000,0.000000,0.000000,96.000000,96.000000,95.000000,100.000000,100.000000,5.0,62.8210,60.1535,420.4173,423.0848,PENDING_AG03,FALSE,NOT_FOR_ENFORCEMENT,463.9088,46319.4703,483.2383,463.9088,19.3295,0.00902045,0.00865963,19.3295,463.9088,0.00865963,19.3295,19.3295,24.1619,0.0000,0.0000,463.9088,0.00865963,62.8210,60.1535,420.4173,423.0848,0.00784779,0.00789758,0.00036082,9.3346,8.4088,0.0842,5.5545,0.2517,615.7635,65.9540,8.3255,9.6426,5.1431,5.1891,8.2617,16.7816,25.8881,44.2602,5.1891,0.0,4.9889,8.529385,1.798876,29,193,98,2,0.20855820,0.00902045,0.00297427,0E-8,0.000000,0.900656,0.000000,0.00763944,2026-03-21,2026-08-06,87,1920,882,139,0.625899,0.863400,0.891889,0.695194,,,,,,,,GLOBAL_BASELINE_NO_ENTITY_RANKING,,,NOT_APPLICABLE_GLOBAL_BASELINE,HF9g-P5,,,,X 全窗基线 · 不参与实体赏罚,8396727,840,A168_HF9F_20260827_0900,2026-08-27 09:00:00
2026-06-05,54653530,1151,0,18.2580296757,7.3160696377,7.3160696377,0.6666667,3,3,0.50665070000000000,0.506650700000,0.5543606114942035,0.5543606114942035,0.5543606114942035,0E-17,ELIGIBLE,R03b_20260811_FULL_v1,L1_ELIGIBILITY,v2026-08-11,2026-03-21..2026-08-06,baccarat_bet02_101_all_pairs_incl_sentinel,round_win = game_pnl > 0 (decisive only),COMPATIBILITY_ONLY_NOT_PRODUCTION,53571.4227,48249.4483,483.2383,5739,5738,-0.00902045,-0.00297427,-0.01061372,-0.00902045,-483.2383,53571.4227,OK,0.0000,19.3295,4.0000,96.0000,AG03-UNRESOLVED,ALL5_LEVELS_bet23_to_bet27,19.3295,19.3295,24.1619,0.0000,0.0000,4.000000,4.000000,5.000000,0.000000,0.000000,96.000000,96.000000,95.000000,100.000000,100.000000,5.0,62.8210,60.1535,420.4173,423.0848,PENDING_AG03,FALSE,NOT_FOR_ENFORCEMENT,463.9088,46319.4703,483.2383,463.9088,19.3295,0.00902045,0.00865963,19.3295,463.9088,0.00865963,19.3295,19.3295,24.1619,0.0000,0.0000,463.9088,0.00865963,62.8210,60.1535,420.4173,423.0848,0.00784779,0.00789758,0.00036082,9.3346,8.4088,0.0842,5.5545,0.2517,615.7635,65.9540,8.3255,9.6426,5.1431,5.1891,8.2617,16.7816,25.8881,44.2602,5.1891,0.0,4.9889,8.529385,1.798876,29,193,98,2,0.20855820,0.00902045,0.00297427,0E-8,0.000000,0.900656,0.000000,0.00763944,2026-03-21,2026-08-06,87,1920,882,139,0.625899,0.863400,0.891889,0.695194,,,,,,,,GLOBAL_BASELINE_NO_ENTITY_RANKING,,,NOT_APPLICABLE_GLOBAL_BASELINE,HF9g-P5,,,,X 全窗基线 · 不参与实体赏罚,8396728,840,A168_HF9F_20260827_0900,2026-08-27 09:00:00
2026-06-05,54653530,1157,0,67.3747010569,-3.1887263096,-3.1887263096,0.2000000,5,5,0.50665070000000000,0.506650700000,-1.3715049547573244,-1.3715049547573244,-1.3715049547573244,0E-17,ELIGIBLE,R03b_20260811_FULL_v1,L1_ELIGIBILITY,v2026-08-11,2026-03-21..2026-08-06,baccarat_bet02_101_all_pairs_incl_sentinel,round_win = game_pnl > 0 (decisive only),COMPATIBILITY_ONLY_NOT_PRODUCTION,53571.4227,48249.4483,483.2383,5739,5738,-0.00902045,-0.00297427,-0.01061372,-0.00902045,-483.2383,53571.4227,OK,0.0000,19.3295,4.0000,96.0000,AG03-UNRESOLVED,ALL5_LEVELS_bet23_to_bet27,19.3295,19.3295,24.1619,0.0000,0.0000,4.000000,4.000000,5.000000,0.000000,0.000000,96.000000,96.000000,95.000000,100.000000,100.000000,5.0,62.8210,60.1535,420.4173,423.0848,PENDING_AG03,FALSE,NOT_FOR_ENFORCEMENT,463.9088,46319.4703,483.2383,463.9088,19.3295,0.00902045,0.00865963,19.3295,463.9088,0.00865963,19.3295,19.3295,24.1619,0.0000,0.0000,463.9088,0.00865963,62.8210,60.1535,420.4173,423.0848,0.00784779,0.00789758,0.00036082,9.3346,8.4088,0.0842,5.5545,0.2517,615.7635,65.9540,8.3255,9.6426,5.1431,5.1891,8.2617,16.7816,25.8881,44.2602,5.1891,0.0,4.9889,8.529385,1.798876,29,193,98,2,0.20855820,0.00902045,0.00297427,0E-8,0.000000,0.900656,0.000000,0.00763944,2026-03-21,2026-08-06,87,1920,882,139,0.625899,0.863400,0.891889,0.695194,,,,,,,,GLOBAL_BASELINE_NO_ENTITY_RANKING,,,NOT_APPLICABLE_GLOBAL_BASELINE,HF9g-P5,,,,X 全窗基线 · 不参与实体赏罚,8396729,840,A168_HF9F_20260827_0900,2026-08-27 09:00:00
2026-06-05,54653530,1210,0,5.1431069509,4.8859516034,4.8859516034,1.0000000,1,1,0.50665070000000000,0.506650700000,0.9867858985152569,0.9867858985152569,0.9867858985152569,0E-17,ELIGIBLE,R03b_20260811_FULL_v1,L1_ELIGIBILITY,v2026-08-11,2026-03-21..2026-08-06,baccarat_bet02_101_all_pairs_incl_sentinel,round_win = game_pnl > 0 (decisive only),COMPATIBILITY_ONLY_NOT_PRODUCTION,53571.4227,48249.4483,483.2383,5739,5738,-0.00902045,-0.00297427,-0.01061372,-0.00902045,-483.2383,53571.4227,OK,0.0000,19.3295,4.0000,96.0000,AG03-UNRESOLVED,ALL5_LEVELS_bet23_to_bet27,19.3295,19.3295,24.1619,0.0000,0.0000,4.000000,4.000000,5.000000,0.000000,0.000000,96.000000,96.000000,95.000000,100.000000,100.000000,5.0,62.8210,60.1535,420.4173,423.0848,PENDING_AG03,FALSE,NOT_FOR_ENFORCEMENT,463.9088,46319.4703,483.2383,463.9088,19.3295,0.00902045,0.00865963,19.3295,463.9088,0.00865963,19.3295,19.3295,24.1619,0.0000,0.0000,463.9088,0.00865963,62.8210,60.1535,420.4173,423.0848,0.00784779,0.00789758,0.00036082,9.3346,8.4088,0.0842,5.5545,0.2517,615.7635,65.9540,8.3255,9.6426,5.1431,5.1891,8.2617,16.7816,25.8881,44.2602,5.1891,0.0,4.9889,8.529385,1.798876,29,193,98,2,0.20855820,0.00902045,0.00297427,0E-8,0.000000,0.900656,0.000000,0.00763944,2026-03-21,2026-08-06,87,1920,882,139,0.625899,0.863400,0.891889,0.695194,,,,,,,,GLOBAL_BASELINE_NO_ENTITY_RANKING,,,NOT_APPLICABLE_GLOBAL_BASELINE,HF9g-P5,,,,X 全窗基线 · 不参与实体赏罚,8396730,840,A168_HF9F_20260827_0900,2026-08-27 09:00:00
2026-06-05,54653530,1221,0,5.1431069509,4.8859516034,4.8859516034,1.0000000,1,1,0.50665070000000000,0.506650700000,0.9867858985152569,0.9867858985152569,0.9867858985152569,0E-17,ELIGIBLE,R03b_20260811_FULL_v1,L1_ELIGIBILITY,v2026-08-11,2026-03-21..2026-08-06,baccarat_bet02_101_all_pairs_incl_sentinel,round_win = game_pnl > 0 (decisive only),COMPATIBILITY_ONLY_NOT_PRODUCTION,53571.4227,48249.4483,483.2383,5739,5738,-0.00902045,-0.00297427,-0.01061372,-0.00902045,-483.2383,53571.4227,OK,0.0000,19.3295,4.0000,96.0000,AG03-UNRESOLVED,ALL5_LEVELS_bet23_to_bet27,19.3295,19.3295,24.1619,0.0000,0.0000,4.000000,4.000000,5.000000,0.000000,0.000000,96.000000,96.000000,95.000000,100.000000,100.000000,5.0,62.8210,60.1535,420.4173,423.0848,PENDING_AG03,FALSE,NOT_FOR_ENFORCEMENT,463.9088,46319.4703,483.2383,463.9088,19.3295,0.00902045,0.00865963,19.3295,463.9088,0.00865963,19.3295,19.3295,24.1619,0.0000,0.0000,463.9088,0.00865963,62.8210,60.1535,420.4173,423.0848,0.00784779,0.00789758,0.00036082,9.3346,8.4088,0.0842,5.5545,0.2517,615.7635,65.9540,8.3255,9.6426,5.1431,5.1891,8.2617,16.7816,25.8881,44.2602,5.1891,0.0,4.9889,8.529385,1.798876,29,193,98,2,0.20855820,0.00902045,0.00297427,0E-8,0.000000,0.900656,0.000000,0.00763944,2026-03-21,2026-08-06,87,1920,882,139,0.625899,0.863400,0.891889,0.695194,,,,,,,,GLOBAL_BASELINE_NO_ENTITY_RANKING,,,NOT_APPLICABLE_GLOBAL_BASELINE,HF9g-P5,,,,X 全窗基线 · 不参与实体赏罚,8396731,840,A168_HF9F_20260827_0900,2026-08-27 09:00:00
2026-06-05,54653530,1307,0,5.1431069509,4.8859516034,4.8859516034,1.0000000,1,1,0.50665070000000000,0.506650700000,0.9867858985152569,0.9867858985152569,0.9867858985152569,0E-17,ELIGIBLE,R03b_20260811_FULL_v1,L1_ELIGIBILITY,v2026-08-11,2026-03-21..2026-08-06,baccarat_bet02_101_all_pairs_incl_sentinel,round_win = game_pnl > 0 (decisive only),COMPATIBILITY_ONLY_NOT_PRODUCTION,53571.4227,48249.4483,483.2383,5739,5738,-0.00902045,-0.00297427,-0.01061372,-0.00902045,-483.2383,53571.4227,OK,0.0000,19.3295,4.0000,96.0000,AG03-UNRESOLVED,ALL5_LEVELS_bet23_to_bet27,19.3295,19.3295,24.1619,0.0000,0.0000,4.000000,4.000000,5.000000,0.000000,0.000000,96.000000,96.000000,95.000000,100.000000,100.000000,5.0,62.8210,60.1535,420.4173,423.0848,PENDING_AG03,FALSE,NOT_FOR_ENFORCEMENT,463.9088,46319.4703,483.2383,463.9088,19.3295,0.00902045,0.00865963,19.3295,463.9088,0.00865963,19.3295,19.3295,24.1619,0.0000,0.0000,463.9088,0.00865963,62.8210,60.1535,420.4173,423.0848,0.00784779,0.00789758,0.00036082,9.3346,8.4088,0.0842,5.5545,0.2517,615.7635,65.9540,8.3255,9.6426,5.1431,5.1891,8.2617,16.7816,25.8881,44.2602,5.1891,0.0,4.9889,8.529385,1.798876,29,193,98,2,0.20855820,0.00902045,0.00297427,0E-8,0.000000,0.900656,0.000000,0.00763944,2026-03-21,2026-08-06,87,1920,882,139,0.625899,0.863400,0.891889,0.695194,,,,,,,,GLOBAL_BASELINE_NO_ENTITY_RANKING,,,NOT_APPLICABLE_GLOBAL_BASELINE,HF9g-P5,,,,X 全窗基线 · 不参与实体赏罚,8396732,840,A168_HF9F_20260827_0900,2026-08-27 09:00:00
2026-06-05,54653530,1330,0,25.9726901021,7.3160696377,7.3160696377,0.6666667,4,4,0.50665070000000000,0.506650700000,0.5543606114942035,0.5543606114942035,0.5543606114942035,0E-17,ELIGIBLE,R03b_20260811_FULL_v1,L1_ELIGIBILITY,v2026-08-11,2026-03-21..2026-08-06,baccarat_bet02_101_all_pairs_incl_sentinel,round_win = game_pnl > 0 (decisive only),COMPATIBILITY_ONLY_NOT_PRODUCTION,53571.4227,48249.4483,483.2383,5739,5738,-0.00902045,-0.00297427,-0.01061372,-0.00902045,-483.2383,53571.4227,OK,0.0000,19.3295,4.0000,96.0000,AG03-UNRESOLVED,ALL5_LEVELS_bet23_to_bet27,19.3295,19.3295,24.1619,0.0000,0.0000,4.000000,4.000000,5.000000,0.000000,0.000000,96.000000,96.000000,95.000000,100.000000,100.000000,5.0,62.8210,60.1535,420.4173,423.0848,PENDING_AG03,FALSE,NOT_FOR_ENFORCEMENT,463.9088,46319.4703,483.2383,463.9088,19.3295,0.00902045,0.00865963,19.3295,463.9088,0.00865963,19.3295,19.3295,24.1619,0.0000,0.0000,463.9088,0.00865963,62.8210,60.1535,420.4173,423.0848,0.00784779,0.00789758,0.00036082,9.3346,8.4088,0.0842,5.5545,0.2517,615.7635,65.9540,8.3255,9.6426,5.1431,5.1891,8.2617,16.7816,25.8881,44.2602,5.1891,0.0,4.9889,8.529385,1.798876,29,193,98,2,0.20855820,0.00902045,0.00297427,0E-8,0.000000,0.900656,0.000000,0.00763944,2026-03-21,2026-08-06,87,1920,882,139,0.625899,0.863400,0.891889,0.695194,,,,,,,,GLOBAL_BASELINE_NO_ENTITY_RANKING,,,NOT_APPLICABLE_GLOBAL_BASELINE,HF9g-P5,,,,X 全窗基线 · 不参与实体赏罚,8396733,840,A168_HF9F_20260827_0900,2026-08-27 09:00:00
2026-06-05,54653530,1353,0,10.2862139018,9.7719032068,9.7719032068,1.0000000,2,2,0.50665070000000000,0.506650700000,1.3955260008387969,1.3955260008387969,1.3955260008387969,0E-17,ELIGIBLE,R03b_20260811_FULL_v1,L1_ELIGIBILITY,v2026-08-11,2026-03-21..2026-08-06,baccarat_bet02_101_all_pairs_incl_sentinel,round_win = game_pnl > 0 (decisive only),COMPATIBILITY_ONLY_NOT_PRODUCTION,53571.4227,48249.4483,483.2383,5739,5738,-0.00902045,-0.00297427,-0.01061372,-0.00902045,-483.2383,53571.4227,OK,0.0000,19.3295,4.0000,96.0000,AG03-UNRESOLVED,ALL5_LEVELS_bet23_to_bet27,19.3295,19.3295,24.1619,0.0000,0.0000,4.000000,4.000000,5.000000,0.000000,0.000000,96.000000,96.000000,95.000000,100.000000,100.000000,5.0,62.8210,60.1535,420.4173,423.0848,PENDING_AG03,FALSE,NOT_FOR_ENFORCEMENT,463.9088,46319.4703,483.2383,463.9088,19.3295,0.00902045,0.00865963,19.3295,463.9088,0.00865963,19.3295,19.3295,24.1619,0.0000,0.0000,463.9088,0.00865963,62.8210,60.1535,420.4173,423.0848,0.00784779,0.00789758,0.00036082,9.3346,8.4088,0.0842,5.5545,0.2517,615.7635,65.9540,8.3255,9.6426,5.1431,5.1891,8.2617,16.7816,25.8881,44.2602,5.1891,0.0,4.9889,8.529385,1.798876,29,193,98,2,0.20855820,0.00902045,0.00297427,0E-8,0.000000,0.900656,0.000000,0.00763944,2026-03-21,2026-08-06,87,1920,882,139,0.625899,0.863400,0.891889,0.695194,,,,,,,,GLOBAL_BASELINE_NO_ENTITY_RANKING,,,NOT_APPLICABLE_GLOBAL_BASELINE,HF9g-P5,,,,X 全窗基线 · 不参与实体赏罚,8396734,840,A168_HF9F_20260827_0900,2026-08-27 09:00:00
2026-06-05,54653530,1382,0,92.3187697689,-59.7243294675,-59.7243294675,0.1428571,7,7,0.50665070000000000,0.506650700000,-1.925184877894219,-1.925184877894219,-1.925184877894219,0E-17,ELIGIBLE,R03b_20260811_FULL_v1,L1_ELIGIBILITY,v2026-08-11,2026-03-21..2026-08-06,baccarat_bet02_101_all_pairs_incl_sentinel,round_win = game_pnl > 0 (decisive only),COMPATIBILITY_ONLY_NOT_PRODUCTION,53571.4227,48249.4483,483.2383,5739,5738,-0.00902045,-0.00297427,-0.01061372,-0.00902045,-483.2383,53571.4227,OK,0.0000,19.3295,4.0000,96.0000,AG03-UNRESOLVED,ALL5_LEVELS_bet23_to_bet27,19.3295,19.3295,24.1619,0.0000,0.0000,4.000000,4.000000,5.000000,0.000000,0.000000,96.000000,96.000000,95.000000,100.000000,100.000000,5.0,62.8210,60.1535,420.4173,423.0848,PENDING_AG03,FALSE,NOT_FOR_ENFORCEMENT,463.9088,46319.4703,483.2383,463.9088,19.3295,0.00902045,0.00865963,19.3295,463.9088,0.00865963,19.3295,19.3295,24.1619,0.0000,0.0000,463.9088,0.00865963,62.8210,60.1535,420.4173,423.0848,0.00784779,0.00789758,0.00036082,9.3346,8.4088,0.0842,5.5545,0.2517,615.7635,65.9540,8.3255,9.6426,5.1431,5.1891,8.2617,16.7816,25.8881,44.2602,5.1891,0.0,4.9889,8.529385,1.798876,29,193,98,2,0.20855820,0.00902045,0.00297427,0E-8,0.000000,0.900656,0.000000,0.00763944,2026-03-21,2026-08-06,87,1920,882,139,0.625899,0.863400,0.891889,0.695194,,,,,,,,GLOBAL_BASELINE_NO_ENTITY_RANKING,,,NOT_APPLICABLE_GLOBAL_BASELINE,HF9g-P5,,,,X 全窗基线 · 不参与实体赏罚,8396735,840,A168_HF9F_20260827_0900,2026-08-27 09:00:00
2026-06-05,54653530,1399,0,40.1162342172,7.6760871242,7.6760871242,0.5000000,5,5,0.50396966000000000,0.503969660000,-0.0158791404612453,-0.0158791404612453,-0.0158791404612453,0E-17,ELIGIBLE,R03b_20260811_FULL_v1,L1_ELIGIBILITY,v2026-08-11,2026-03-21..2026-08-06,baccarat_bet02_101_all_pairs_incl_sentinel,round_win = game_pnl > 0 (decisive only),COMPATIBILITY_ONLY_NOT_PRODUCTION,53571.4227,48249.4483,483.2383,5739,5738,-0.00902045,-0.00297427,-0.01061372,-0.00902045,-483.2383,53571.4227,OK,0.0000,19.3295,4.0000,96.0000,AG03-UNRESOLVED,ALL5_LEVELS_bet23_to_bet27,19.3295,19.3295,24.1619,0.0000,0.0000,4.000000,4.000000,5.000000,0.000000,0.000000,96.000000,96.000000,95.000000,100.000000,100.000000,5.0,62.8210,60.1535,420.4173,423.0848,PENDING_AG03,FALSE,NOT_FOR_ENFORCEMENT,463.9088,46319.4703,483.2383,463.9088,19.3295,0.00902045,0.00865963,19.3295,463.9088,0.00865963,19.3295,19.3295,24.1619,0.0000,0.0000,463.9088,0.00865963,62.8210,60.1535,420.4173,423.0848,0.00784779,0.00789758,0.00036082,9.3346,8.4088,0.0842,5.5545,0.2517,615.7635,65.9540,8.3255,9.6426,5.1431,5.1891,8.2617,16.7816,25.8881,44.2602,5.1891,0.0,4.9889,8.529385,1.798876,29,193,98,2,0.20855820,0.00902045,0.00297427,0E-8,0.000000,0.900656,0.000000,0.00763944,2026-03-21,2026-08-06,87,1920,882,139,0.625899,0.863400,0.891889,0.695194,,,,,,,,GLOBAL_BASELINE_NO_ENTITY_RANKING,,,NOT_APPLICABLE_GLOBAL_BASELINE,HF9g-P5,,,,X 全窗基线 · 不参与实体赏罚,8396736,840,A168_HF9F_20260827_0900,2026-08-27 09:00:00
2026-06-05,54653530,1400,0,13.1149227248,2.4301180343,2.4301180343,0.5000000,2,2,0.50665070000000000,0.506650700000,-0.018812684590367487,-0.018812684590367487,-0.018812684590367487,0E-17,ELIGIBLE,R03b_20260811_FULL_v1,L1_ELIGIBILITY,v2026-08-11,2026-03-21..2026-08-06,baccarat_bet02_101_all_pairs_incl_sentinel,round_win = game_pnl > 0 (decisive only),COMPATIBILITY_ONLY_NOT_PRODUCTION,53571.4227,48249.4483,483.2383,5739,5738,-0.00902045,-0.00297427,-0.01061372,-0.00902045,-483.2383,53571.4227,OK,0.0000,19.3295,4.0000,96.0000,AG03-UNRESOLVED,ALL5_LEVELS_bet23_to_bet27,19.3295,19.3295,24.1619,0.0000,0.0000,4.000000,4.000000,5.000000,0.000000,0.000000,96.000000,96.000000,95.000000,100.000000,100.000000,5.0,62.8210,60.1535,420.4173,423.0848,PENDING_AG03,FALSE,NOT_FOR_ENFORCEMENT,463.9088,46319.4703,483.2383,463.9088,19.3295,0.00902045,0.00865963,19.3295,463.9088,0.00865963,19.3295,19.3295,24.1619,0.0000,0.0000,463.9088,0.00865963,62.8210,60.1535,420.4173,423.0848,0.00784779,0.00789758,0.00036082,9.3346,8.4088,0.0842,5.5545,0.2517,615.7635,65.9540,8.3255,9.6426,5.1431,5.1891,8.2617,16.7816,25.8881,44.2602,5.1891,0.0,4.9889,8.529385,1.798876,29,193,98,2,0.20855820,0.00902045,0.00297427,0E-8,0.000000,0.900656,0.000000,0.00763944,2026-03-21,2026-08-06,87,1920,882,139,0.625899,0.863400,0.891889,0.695194,,,,,,,,GLOBAL_BASELINE_NO_ENTITY_RANKING,,,NOT_APPLICABLE_GLOBAL_BASELINE,HF9g-P5,,,,X 全窗基线 · 不参与实体赏罚,8396737,840,A168_HF9F_20260827_0900,2026-08-27 09:00:00
2026-06-05,54653530,1490,0,109.2910227068,-24.0440249955,-24.0440249955,0.2000000,5,5,0.50665070000000000,0.506650700000,-1.3715049547573244,-1.3715049547573244,-1.3715049547573244,0E-17,ELIGIBLE,R03b_20260811_FULL_v1,L1_ELIGIBILITY,v2026-08-11,2026-03-21..2026-08-06,baccarat_bet02_101_all_pairs_incl_sentinel,round_win = game_pnl > 0 (decisive only),COMPATIBILITY_ONLY_NOT_PRODUCTION,53571.4227,48249.4483,483.2383,5739,5738,-0.00902045,-0.00297427,-0.01061372,-0.00902045,-483.2383,53571.4227,OK,0.0000,19.3295,4.0000,96.0000,AG03-UNRESOLVED,ALL5_LEVELS_bet23_to_bet27,19.3295,19.3295,24.1619,0.0000,0.0000,4.000000,4.000000,5.000000,0.000000,0.000000,96.000000,96.000000,95.000000,100.000000,100.000000,5.0,62.8210,60.1535,420.4173,423.0848,PENDING_AG03,FALSE,NOT_FOR_ENFORCEMENT,463.9088,46319.4703,483.2383,463.9088,19.3295,0.00902045,0.00865963,19.3295,463.9088,0.00865963,19.3295,19.3295,24.1619,0.0000,0.0000,463.9088,0.00865963,62.8210,60.1535,420.4173,423.0848,0.00784779,0.00789758,0.00036082,9.3346,8.4088,0.0842,5.5545,0.2517,615.7635,65.9540,8.3255,9.6426,5.1431,5.1891,8.2617,16.7816,25.8881,44.2602,5.1891,0.0,4.9889,8.529385,1.798876,29,193,98,2,0.20855820,0.00902045,0.00297427,0E-8,0.000000,0.900656,0.000000,0.00763944,2026-03-21,2026-08-06,87,1920,882,139,0.625899,0.863400,0.891889,0.695194,,,,,,,,GLOBAL_BASELINE_NO_ENTITY_RANKING,,,NOT_APPLICABLE_GLOBAL_BASELINE,HF9g-P5,,,,X 全窗基线 · 不参与实体赏罚,8396738,840,A168_HF9F_20260827_0900,2026-08-27 09:00:00
2026-06-05,54653530,1505,0,100.0334301952,-90.0043716409,-90.0043716409,0.1666667,6,6,0.50665070000000000,0.506650700000,-1.6657221670529434,-1.6657221670529434,-1.6657221670529434,0E-17,ELIGIBLE,R03b_20260811_FULL_v1,L1_ELIGIBILITY,v2026-08-11,2026-03-21..2026-08-06,baccarat_bet02_101_all_pairs_incl_sentinel,round_win = game_pnl > 0 (decisive only),COMPATIBILITY_ONLY_NOT_PRODUCTION,53571.4227,48249.4483,483.2383,5739,5738,-0.00902045,-0.00297427,-0.01061372,-0.00902045,-483.2383,53571.4227,OK,0.0000,19.3295,4.0000,96.0000,AG03-UNRESOLVED,ALL5_LEVELS_bet23_to_bet27,19.3295,19.3295,24.1619,0.0000,0.0000,4.000000,4.000000,5.000000,0.000000,0.000000,96.000000,96.000000,95.000000,100.000000,100.000000,5.0,62.8210,60.1535,420.4173,423.0848,PENDING_AG03,FALSE,NOT_FOR_ENFORCEMENT,463.9088,46319.4703,483.2383,463.9088,19.3295,0.00902045,0.00865963,19.3295,463.9088,0.00865963,19.3295,19.3295,24.1619,0.0000,0.0000,463.9088,0.00865963,62.8210,60.1535,420.4173,423.0848,0.00784779,0.00789758,0.00036082,9.3346,8.4088,0.0842,5.5545,0.2517,615.7635,65.9540,8.3255,9.6426,5.1431,5.1891,8.2617,16.7816,25.8881,44.2602,5.1891,0.0,4.9889,8.529385,1.798876,29,193,98,2,0.20855820,0.00902045,0.00297427,0E-8,0.000000,0.900656,0.000000,0.00763944,2026-03-21,2026-08-06,87,1920,882,139,0.625899,0.863400,0.891889,0.695194,,,,,,,,GLOBAL_BASELINE_NO_ENTITY_RANKING,,,NOT_APPLICABLE_GLOBAL_BASELINE,HF9g-P5,,,,X 全窗基线 · 不参与实体赏罚,8396739,840,A168_HF9F_20260827_0900,2026-08-27 09:00:00
2026-06-05,54653530,1507,0,34.2016612236,-24.1726026693,-24.1726026693,0.2500000,4,4,0.50665070000000000,0.506650700000,-1.0266936290537745,-1.0266936290537745,-1.0266936290537745,0E-17,ELIGIBLE,R03b_20260811_FULL_v1,L1_ELIGIBILITY,v2026-08-11,2026-03-21..2026-08-06,baccarat_bet02_101_all_pairs_incl_sentinel,round_win = game_pnl > 0 (decisive only),COMPATIBILITY_ONLY_NOT_PRODUCTION,53571.4227,48249.4483,483.2383,5739,5738,-0.00902045,-0.00297427,-0.01061372,-0.00902045,-483.2383,53571.4227,OK,0.0000,19.3295,4.0000,96.0000,AG03-UNRESOLVED,ALL5_LEVELS_bet23_to_bet27,19.3295,19.3295,24.1619,0.0000,0.0000,4.000000,4.000000,5.000000,0.000000,0.000000,96.000000,96.000000,95.000000,100.000000,100.000000,5.0,62.8210,60.1535,420.4173,423.0848,PENDING_AG03,FALSE,NOT_FOR_ENFORCEMENT,463.9088,46319.4703,483.2383,463.9088,19.3295,0.00902045,0.00865963,19.3295,463.9088,0.00865963,19.3295,19.3295,24.1619,0.0000,0.0000,463.9088,0.00865963,62.8210,60.1535,420.4173,423.0848,0.00784779,0.00789758,0.00036082,9.3346,8.4088,0.0842,5.5545,0.2517,615.7635,65.9540,8.3255,9.6426,5.1431,5.1891,8.2617,16.7816,25.8881,44.2602,5.1891,0.0,4.9889,8.529385,1.798876,29,193,98,2,0.20855820,0.00902045,0.00297427,0E-8,0.000000,0.900656,0.000000,0.00763944,2026-03-21,2026-08-06,87,1920,882,139,0.625899,0.863400,0.891889,0.695194,,,,,,,,GLOBAL_BASELINE_NO_ENTITY_RANKING,,,NOT_APPLICABLE_GLOBAL_BASELINE,HF9g-P5,,,,X 全窗基线 · 不参与实体赏罚,8396740,840,A168_HF9F_20260827_0900,2026-08-27 09:00:00
2026-06-05,54653530,1623,0,10.2862139018,-0.2571553475,-0.2571553475,0.5000000,2,2,0.50665070000000000,0.506650700000,-0.018812684590367487,-0.018812684590367487,-0.018812684590367487,0E-17,ELIGIBLE,R03b_20260811_FULL_v1,L1_ELIGIBILITY,v2026-08-11,2026-03-21..2026-08-06,baccarat_bet02_101_all_pairs_incl_sentinel,round_win = game_pnl > 0 (decisive only),COMPATIBILITY_ONLY_NOT_PRODUCTION,53571.4227,48249.4483,483.2383,5739,5738,-0.00902045,-0.00297427,-0.01061372,-0.00902045,-483.2383,53571.4227,OK,0.0000,19.3295,4.0000,96.0000,AG03-UNRESOLVED,ALL5_LEVELS_bet23_to_bet27,19.3295,19.3295,24.1619,0.0000,0.0000,4.000000,4.000000,5.000000,0.000000,0.000000,96.000000,96.000000,95.000000,100.000000,100.000000,5.0,62.8210,60.1535,420.4173,423.0848,PENDING_AG03,FALSE,NOT_FOR_ENFORCEMENT,463.9088,46319.4703,483.2383,463.9088,19.3295,0.00902045,0.00865963,19.3295,463.9088,0.00865963,19.3295,19.3295,24.1619,0.0000,0.0000,463.9088,0.00865963,62.8210,60.1535,420.4173,423.0848,0.00784779,0.00789758,0.00036082,9.3346,8.4088,0.0842,5.5545,0.2517,615.7635,65.9540,8.3255,9.6426,5.1431,5.1891,8.2617,16.7816,25.8881,44.2602,5.1891,0.0,4.9889,8.529385,1.798876,29,193,98,2,0.20855820,0.00902045,0.00297427,0E-8,0.000000,0.900656,0.000000,0.00763944,2026-03-21,2026-08-06,87,1920,882,139,0.625899,0.863400,0.891889,0.695194,,,,,,,,GLOBAL_BASELINE_NO_ENTITY_RANKING,,,NOT_APPLICABLE_GLOBAL_BASELINE,HF9g-P5,,,,X 全窗基线 · 不参与实体赏罚,8396741,840,A168_HF9F_20260827_0900,2026-08-27 09:00:00
2026-06-05,54653530,1645,0,64.2888368865,7.9075269370,7.9075269370,0.5000000,7,7,0.50665070000000000,0.506650700000,-0.02660515369234503,-0.02660515369234503,-0.02660515369234503,0E-17,ELIGIBLE,R03b_20260811_FULL_v1,L1_ELIGIBILITY,v2026-08-11,2026-03-21..2026-08-06,baccarat_bet02_101_all_pairs_incl_sentinel,round_win = game_pnl > 0 (decisive only),COMPATIBILITY_ONLY_NOT_PRODUCTION,53571.4227,48249.4483,483.2383,5739,5738,-0.00902045,-0.00297427,-0.01061372,-0.00902045,-483.2383,53571.4227,OK,0.0000,19.3295,4.0000,96.0000,AG03-UNRESOLVED,ALL5_LEVELS_bet23_to_bet27,19.3295,19.3295,24.1619,0.0000,0.0000,4.000000,4.000000,5.000000,0.000000,0.000000,96.000000,96.000000,95.000000,100.000000,100.000000,5.0,62.8210,60.1535,420.4173,423.0848,PENDING_AG03,FALSE,NOT_FOR_ENFORCEMENT,463.9088,46319.4703,483.2383,463.9088,19.3295,0.00902045,0.00865963,19.3295,463.9088,0.00865963,19.3295,19.3295,24.1619,0.0000,0.0000,463.9088,0.00865963,62.8210,60.1535,420.4173,423.0848,0.00784779,0.00789758,0.00036082,9.3346,8.4088,0.0842,5.5545,0.2517,615.7635,65.9540,8.3255,9.6426,5.1431,5.1891,8.2617,16.7816,25.8881,44.2602,5.1891,0.0,4.9889,8.529385,1.798876,29,193,98,2,0.20855820,0.00902045,0.00297427,0E-8,0.000000,0.900656,0.000000,0.00763944,2026-03-21,2026-08-06,87,1920,882,139,0.625899,0.863400,0.891889,0.695194,,,,,,,,GLOBAL_BASELINE_NO_ENTITY_RANKING,,,NOT_APPLICABLE_GLOBAL_BASELINE,HF9g-P5,,,,X 全窗基线 · 不参与实体赏罚,8396742,840,A168_HF9F_20260827_0900,2026-08-27 09:00:00
2026-06-05,54653530,1710,0,10.2862139018,9.7719032068,9.7719032068,1.0000000,2,2,0.50665070000000000,0.506650700000,1.3955260008387969,1.3955260008387969,1.3955260008387969,0E-17,ELIGIBLE,R03b_20260811_FULL_v1,L1_ELIGIBILITY,v2026-08-11,2026-03-21..2026-08-06,baccarat_bet02_101_all_pairs_incl_sentinel,round_win = game_pnl > 0 (decisive only),COMPATIBILITY_ONLY_NOT_PRODUCTION,53571.4227,48249.4483,483.2383,5739,5738,-0.00902045,-0.00297427,-0.01061372,-0.00902045,-483.2383,53571.4227,OK,0.0000,19.3295,4.0000,96.0000,AG03-UNRESOLVED,ALL5_LEVELS_bet23_to_bet27,19.3295,19.3295,24.1619,0.0000,0.0000,4.000000,4.000000,5.000000,0.000000,0.000000,96.000000,96.000000,95.000000,100.000000,100.000000,5.0,62.8210,60.1535,420.4173,423.0848,PENDING_AG03,FALSE,NOT_FOR_ENFORCEMENT,463.9088,46319.4703,483.2383,463.9088,19.3295,0.00902045,0.00865963,19.3295,463.9088,0.00865963,19.3295,19.3295,24.1619,0.0000,0.0000,463.9088,0.00865963,62.8210,60.1535,420.4173,423.0848,0.00784779,0.00789758,0.00036082,9.3346,8.4088,0.0842,5.5545,0.2517,615.7635,65.9540,8.3255,9.6426,5.1431,5.1891,8.2617,16.7816,25.8881,44.2602,5.1891,0.0,4.9889,8.529385,1.798876,29,193,98,2,0.20855820,0.00902045,0.00297427,0E-8,0.000000,0.900656,0.000000,0.00763944,2026-03-21,2026-08-06,87,1920,882,139,0.625899,0.863400,0.891889,0.695194,,,,,,,,GLOBAL_BASELINE_NO_ENTITY_RANKING,,,NOT_APPLICABLE_GLOBAL_BASELINE,HF9g-P5,,,,X 全窗基线 · 不参与实体赏罚,8396743,840,A168_HF9F_20260827_0900,2026-08-27 09:00:00
2026-06-05,54653530,1714,0,34.4588165711,7.1617764292,7.1617764292,0.5000000,4,4,0.50665070000000000,0.506650700000,-0.02660515369234503,-0.02660515369234503,-0.02660515369234503,0E-17,ELIGIBLE,R03b_20260811_FULL_v1,L1_ELIGIBILITY,v2026-08-11,2026-03-21..2026-08-06,baccarat_bet02_101_all_pairs_incl_sentinel,round_win = game_pnl > 0 (decisive only),COMPATIBILITY_ONLY_NOT_PRODUCTION,53571.4227,48249.4483,483.2383,5739,5738,-0.00902045,-0.00297427,-0.01061372,-0.00902045,-483.2383,53571.4227,OK,0.0000,19.3295,4.0000,96.0000,AG03-UNRESOLVED,ALL5_LEVELS_bet23_to_bet27,19.3295,19.3295,24.1619,0.0000,0.0000,4.000000,4.000000,5.000000,0.000000,0.000000,96.000000,96.000000,95.000000,100.000000,100.000000,5.0,62.8210,60.1535,420.4173,423.0848,PENDING_AG03,FALSE,NOT_FOR_ENFORCEMENT,463.9088,46319.4703,483.2383,463.9088,19.3295,0.00902045,0.00865963,19.3295,463.9088,0.00865963,19.3295,19.3295,24.1619,0.0000,0.0000,463.9088,0.00865963,62.8210,60.1535,420.4173,423.0848,0.00784779,0.00789758,0.00036082,9.3346,8.4088,0.0842,5.5545,0.2517,615.7635,65.9540,8.3255,9.6426,5.1431,5.1891,8.2617,16.7816,25.8881,44.2602,5.1891,0.0,4.9889,8.529385,1.798876,29,193,98,2,0.20855820,0.00902045,0.00297427,0E-8,0.000000,0.900656,0.000000,0.00763944,2026-03-21,2026-08-06,87,1920,882,139,0.625899,0.863400,0.891889,0.695194,,,,,,,,GLOBAL_BASELINE_NO_ENTITY_RANKING,,,NOT_APPLICABLE_GLOBAL_BASELINE,HF9g-P5,,,,X 全窗基线 · 不参与实体赏罚,8396744,840,A168_HF9F_20260827_0900,2026-08-27 09:00:00
2026-06-05,54653530,1947,0,13.1149227248,2.4301180343,2.4301180343,0.5000000,2,2,0.50665070000000000,0.506650700000,-0.018812684590367487,-0.018812684590367487,-0.018812684590367487,0E-17,ELIGIBLE,R03b_20260811_FULL_v1,L1_ELIGIBILITY,v2026-08-11,2026-03-21..2026-08-06,baccarat_bet02_101_all_pairs_incl_sentinel,round_win = game_pnl > 0 (decisive only),COMPATIBILITY_ONLY_NOT_PRODUCTION,53571.4227,48249.4483,483.2383,5739,5738,-0.00902045,-0.00297427,-0.01061372,-0.00902045,-483.2383,53571.4227,OK,0.0000,19.3295,4.0000,96.0000,AG03-UNRESOLVED,ALL5_LEVELS_bet23_to_bet27,19.3295,19.3295,24.1619,0.0000,0.0000,4.000000,4.000000,5.000000,0.000000,0.000000,96.000000,96.000000,95.000000,100.000000,100.000000,5.0,62.8210,60.1535,420.4173,423.0848,PENDING_AG03,FALSE,NOT_FOR_ENFORCEMENT,463.9088,46319.4703,483.2383,463.9088,19.3295,0.00902045,0.00865963,19.3295,463.9088,0.00865963,19.3295,19.3295,24.1619,0.0000,0.0000,463.9088,0.00865963,62.8210,60.1535,420.4173,423.0848,0.00784779,0.00789758,0.00036082,9.3346,8.4088,0.0842,5.5545,0.2517,615.7635,65.9540,8.3255,9.6426,5.1431,5.1891,8.2617,16.7816,25.8881,44.2602,5.1891,0.0,4.9889,8.529385,1.798876,29,193,98,2,0.20855820,0.00902045,0.00297427,0E-8,0.000000,0.900656,0.000000,0.00763944,2026-03-21,2026-08-06,87,1920,882,139,0.625899,0.863400,0.891889,0.695194,,,,,,,,GLOBAL_BASELINE_NO_ENTITY_RANKING,,,NOT_APPLICABLE_GLOBAL_BASELINE,HF9g-P5,,,,X 全窗基线 · 不参与实体赏罚,8396745,840,A168_HF9F_20260827_0900,2026-08-27 09:00:00
2026-06-05,54653530,1966,0,29.0585542726,2.8287088230,2.8287088230,0.3333333,3,3,0.50218230000000000,0.502182300000,-0.5849155494134425,-0.5849155494134426,-0.5849155494134425,0E-17,ELIGIBLE,R03b_20260811_FULL_v1,L1_ELIGIBILITY,v2026-08-11,2026-03-21..2026-08-06,baccarat_bet02_101_all_pairs_incl_sentinel,round_win = game_pnl > 0 (decisive only),COMPATIBILITY_ONLY_NOT_PRODUCTION,53571.4227,48249.4483,483.2383,5739,5738,-0.00902045,-0.00297427,-0.01061372,-0.00902045,-483.2383,53571.4227,OK,0.0000,19.3295,4.0000,96.0000,AG03-UNRESOLVED,ALL5_LEVELS_bet23_to_bet27,19.3295,19.3295,24.1619,0.0000,0.0000,4.000000,4.000000,5.000000,0.000000,0.000000,96.000000,96.000000,95.000000,100.000000,100.000000,5.0,62.8210,60.1535,420.4173,423.0848,PENDING_AG03,FALSE,NOT_FOR_ENFORCEMENT,463.9088,46319.4703,483.2383,463.9088,19.3295,0.00902045,0.00865963,19.3295,463.9088,0.00865963,19.3295,19.3295,24.1619,0.0000,0.0000,463.9088,0.00865963,62.8210,60.1535,420.4173,423.0848,0.00784779,0.00789758,0.00036082,9.3346,8.4088,0.0842,5.5545,0.2517,615.7635,65.9540,8.3255,9.6426,5.1431,5.1891,8.2617,16.7816,25.8881,44.2602,5.1891,0.0,4.9889,8.529385,1.798876,29,193,98,2,0.20855820,0.00902045,0.00297427,0E-8,0.000000,0.900656,0.000000,0.00763944,2026-03-21,2026-08-06,87,1920,882,139,0.625899,0.863400,0.891889,0.695194,,,,,,,,GLOBAL_BASELINE_NO_ENTITY_RANKING,,,NOT_APPLICABLE_GLOBAL_BASELINE,HF9g-P5,,,,X 全窗基线 · 不参与实体赏罚,8396746,840,A168_HF9F_20260827_0900,2026-08-27 09:00:00
2026-06-05,54653530,1985,0,28.2870882300,2.5715534754,2.5715534754,0.3333333,3,3,0.50218230000000000,0.502182300000,-0.5849155494134425,-0.5849155494134426,-0.5849155494134425,0E-17,ELIGIBLE,R03b_20260811_FULL_v1,L1_ELIGIBILITY,v2026-08-11,2026-03-21..2026-08-06,baccarat_bet02_101_all_pairs_incl_sentinel,round_win = game_pnl > 0 (decisive only),COMPATIBILITY_ONLY_NOT_PRODUCTION,53571.4227,48249.4483,483.2383,5739,5738,-0.00902045,-0.00297427,-0.01061372,-0.00902045,-483.2383,53571.4227,OK,0.0000,19.3295,4.0000,96.0000,AG03-UNRESOLVED,ALL5_LEVELS_bet23_to_bet27,19.3295,19.3295,24.1619,0.0000,0.0000,4.000000,4.000000,5.000000,0.000000,0.000000,96.000000,96.000000,95.000000,100.000000,100.000000,5.0,62.8210,60.1535,420.4173,423.0848,PENDING_AG03,FALSE,NOT_FOR_ENFORCEMENT,463.9088,46319.4703,483.2383,463.9088,19.3295,0.00902045,0.00865963,19.3295,463.9088,0.00865963,19.3295,19.3295,24.1619,0.0000,0.0000,463.9088,0.00865963,62.8210,60.1535,420.4173,423.0848,0.00784779,0.00789758,0.00036082,9.3346,8.4088,0.0842,5.5545,0.2517,615.7635,65.9540,8.3255,9.6426,5.1431,5.1891,8.2617,16.7816,25.8881,44.2602,5.1891,0.0,4.9889,8.529385,1.798876,29,193,98,2,0.20855820,0.00902045,0.00297427,0E-8,0.000000,0.900656,0.000000,0.00763944,2026-03-21,2026-08-06,87,1920,882,139,0.625899,0.863400,0.891889,0.695194,,,,,,,,GLOBAL_BASELINE_NO_ENTITY_RANKING,,,NOT_APPLICABLE_GLOBAL_BASELINE,HF9g-P5,,,,X 全窗基线 · 不参与实体赏罚,8396747,840,A168_HF9F_20260827_0900,2026-08-27 09:00:00
2026-06-05,54653530,1990,0,5.1431069509,4.8859516034,4.8859516034,1.0000000,1,1,0.50665070000000000,0.506650700000,0.9867858985152569,0.9867858985152569,0.9867858985152569,0E-17,ELIGIBLE,R03b_20260811_FULL_v1,L1_ELIGIBILITY,v2026-08-11,2026-03-21..2026-08-06,baccarat_bet02_101_all_pairs_incl_sentinel,round_win = game_pnl > 0 (decisive only),COMPATIBILITY_ONLY_NOT_PRODUCTION,53571.4227,48249.4483,483.2383,5739,5738,-0.00902045,-0.00297427,-0.01061372,-0.00902045,-483.2383,53571.4227,OK,0.0000,19.3295,4.0000,96.0000,AG03-UNRESOLVED,ALL5_LEVELS_bet23_to_bet27,19.3295,19.3295,24.1619,0.0000,0.0000,4.000000,4.000000,5.000000,0.000000,0.000000,96.000000,96.000000,95.000000,100.000000,100.000000,5.0,62.8210,60.1535,420.4173,423.0848,PENDING_AG03,FALSE,NOT_FOR_ENFORCEMENT,463.9088,46319.4703,483.2383,463.9088,19.3295,0.00902045,0.00865963,19.3295,463.9088,0.00865963,19.3295,19.3295,24.1619,0.0000,0.0000,463.9088,0.00865963,62.8210,60.1535,420.4173,423.0848,0.00784779,0.00789758,0.00036082,9.3346,8.4088,0.0842,5.5545,0.2517,615.7635,65.9540,8.3255,9.6426,5.1431,5.1891,8.2617,16.7816,25.8881,44.2602,5.1891,0.0,4.9889,8.529385,1.798876,29,193,98,2,0.20855820,0.00902045,0.00297427,0E-8,0.000000,0.900656,0.000000,0.00763944,2026-03-21,2026-08-06,87,1920,882,139,0.625899,0.863400,0.891889,0.695194,,,,,,,,GLOBAL_BASELINE_NO_ENTITY_RANKING,,,NOT_APPLICABLE_GLOBAL_BASELINE,HF9g-P5,,,,X 全窗基线 · 不参与实体赏罚,8396748,840,A168_HF9F_20260827_0900,2026-08-27 09:00:00
2026-06-05,54653530,2092,0,5.1431069509,4.8859516034,4.8859516034,1.0000000,1,1,0.50665070000000000,0.506650700000,0.9867858985152569,0.9867858985152569,0.9867858985152569,0E-17,ELIGIBLE,R03b_20260811_FULL_v1,L1_ELIGIBILITY,v2026-08-11,2026-03-21..2026-08-06,baccarat_bet02_101_all_pairs_incl_sentinel,round_win = game_pnl > 0 (decisive only),COMPATIBILITY_ONLY_NOT_PRODUCTION,53571.4227,48249.4483,483.2383,5739,5738,-0.00902045,-0.00297427,-0.01061372,-0.00902045,-483.2383,53571.4227,OK,0.0000,19.3295,4.0000,96.0000,AG03-UNRESOLVED,ALL5_LEVELS_bet23_to_bet27,19.3295,19.3295,24.1619,0.0000,0.0000,4.000000,4.000000,5.000000,0.000000,0.000000,96.000000,96.000000,95.000000,100.000000,100.000000,5.0,62.8210,60.1535,420.4173,423.0848,PENDING_AG03,FALSE,NOT_FOR_ENFORCEMENT,463.9088,46319.4703,483.2383,463.9088,19.3295,0.00902045,0.00865963,19.3295,463.9088,0.00865963,19.3295,19.3295,24.1619,0.0000,0.0000,463.9088,0.00865963,62.8210,60.1535,420.4173,423.0848,0.00784779,0.00789758,0.00036082,9.3346,8.4088,0.0842,5.5545,0.2517,615.7635,65.9540,8.3255,9.6426,5.1431,5.1891,8.2617,16.7816,25.8881,44.2602,5.1891,0.0,4.9889,8.529385,1.798876,29,193,98,2,0.20855820,0.00902045,0.00297427,0E-8,0.000000,0.900656,0.000000,0.00763944,2026-03-21,2026-08-06,87,1920,882,139,0.625899,0.863400,0.891889,0.695194,,,,,,,,GLOBAL_BASELINE_NO_ENTITY_RANKING,,,NOT_APPLICABLE_GLOBAL_BASELINE,HF9g-P5,,,,X 全窗基线 · 不参与实体赏罚,8396749,840,A168_HF9F_20260827_0900,2026-08-27 09:00:00
2026-06-05,54653530,2093,0,47.0594286008,7.2903541029,7.2903541029,0.5000000,7,7,0.50473567142857143,0.504735671429,-0.023200997840541474,-0.023200997842641315,-0.023200997840541474,-4.2857E-13,ELIGIBLE,R03b_20260811_FULL_v1,L1_ELIGIBILITY,v2026-08-11,2026-03-21..2026-08-06,baccarat_bet02_101_all_pairs_incl_sentinel,round_win = game_pnl > 0 (decisive only),COMPATIBILITY_ONLY_NOT_PRODUCTION,53571.4227,48249.4483,483.2383,5739,5738,-0.00902045,-0.00297427,-0.01061372,-0.00902045,-483.2383,53571.4227,OK,0.0000,19.3295,4.0000,96.0000,AG03-UNRESOLVED,ALL5_LEVELS_bet23_to_bet27,19.3295,19.3295,24.1619,0.0000,0.0000,4.000000,4.000000,5.000000,0.000000,0.000000,96.000000,96.000000,95.000000,100.000000,100.000000,5.0,62.8210,60.1535,420.4173,423.0848,PENDING_AG03,FALSE,NOT_FOR_ENFORCEMENT,463.9088,46319.4703,483.2383,463.9088,19.3295,0.00902045,0.00865963,19.3295,463.9088,0.00865963,19.3295,19.3295,24.1619,0.0000,0.0000,463.9088,0.00865963,62.8210,60.1535,420.4173,423.0848,0.00784779,0.00789758,0.00036082,9.3346,8.4088,0.0842,5.5545,0.2517,615.7635,65.9540,8.3255,9.6426,5.1431,5.1891,8.2617,16.7816,25.8881,44.2602,5.1891,0.0,4.9889,8.529385,1.798876,29,193,98,2,0.20855820,0.00902045,0.00297427,0E-8,0.000000,0.900656,0.000000,0.00763944,2026-03-21,2026-08-06,87,1920,882,139,0.625899,0.863400,0.891889,0.695194,,,,,,,,GLOBAL_BASELINE_NO_ENTITY_RANKING,,,NOT_APPLICABLE_GLOBAL_BASELINE,HF9g-P5,,,,X 全窗基线 · 不参与实体赏罚,8396750,840,A168_HF9F_20260827_0900,2026-08-27 09:00:00
2026-06-05,54653530,2129,0,5.1431069509,4.8859516034,4.8859516034,1.0000000,1,1,0.50665070000000000,0.506650700000,0.9867858985152569,0.9867858985152569,0.9867858985152569,0E-17,ELIGIBLE,R03b_20260811_FULL_v1,L1_ELIGIBILITY,v2026-08-11,2026-03-21..2026-08-06,baccarat_bet02_101_all_pairs_incl_sentinel,round_win = game_pnl > 0 (decisive only),COMPATIBILITY_ONLY_NOT_PRODUCTION,53571.4227,48249.4483,483.2383,5739,5738,-0.00902045,-0.00297427,-0.01061372,-0.00902045,-483.2383,53571.4227,OK,0.0000,19.3295,4.0000,96.0000,AG03-UNRESOLVED,ALL5_LEVELS_bet23_to_bet27,19.3295,19.3295,24.1619,0.0000,0.0000,4.000000,4.000000,5.000000,0.000000,0.000000,96.000000,96.000000,95.000000,100.000000,100.000000,5.0,62.8210,60.1535,420.4173,423.0848,PENDING_AG03,FALSE,NOT_FOR_ENFORCEMENT,463.9088,46319.4703,483.2383,463.9088,19.3295,0.00902045,0.00865963,19.3295,463.9088,0.00865963,19.3295,19.3295,24.1619,0.0000,0.0000,463.9088,0.00865963,62.8210,60.1535,420.4173,423.0848,0.00784779,0.00789758,0.00036082,9.3346,8.4088,0.0842,5.5545,0.2517,615.7635,65.9540,8.3255,9.6426,5.1431,5.1891,8.2617,16.7816,25.8881,44.2602,5.1891,0.0,4.9889,8.529385,1.798876,29,193,98,2,0.20855820,0.00902045,0.00297427,0E-8,0.000000,0.900656,0.000000,0.00763944,2026-03-21,2026-08-06,87,1920,882,139,0.625899,0.863400,0.891889,0.695194,,,,,,,,GLOBAL_BASELINE_NO_ENTITY_RANKING,,,NOT_APPLICABLE_GLOBAL_BASELINE,HF9g-P5,,,,X 全窗基线 · 不参与实体赏罚,8396751,840,A168_HF9F_20260827_0900,2026-08-27 09:00:00
2026-06-05,54653530,2130,0,5.1431069509,4.8859516034,4.8859516034,1.0000000,1,1,0.50665070000000000,0.506650700000,0.9867858985152569,0.9867858985152569,0.9867858985152569,0E-17,ELIGIBLE,R03b_20260811_FULL_v1,L1_ELIGIBILITY,v2026-08-11,2026-03-21..2026-08-06,baccarat_bet02_101_all_pairs_incl_sentinel,round_win = game_pnl > 0 (decisive only),COMPATIBILITY_ONLY_NOT_PRODUCTION,53571.4227,48249.4483,483.2383,5739,5738,-0.00902045,-0.00297427,-0.01061372,-0.00902045,-483.2383,53571.4227,OK,0.0000,19.3295,4.0000,96.0000,AG03-UNRESOLVED,ALL5_LEVELS_bet23_to_bet27,19.3295,19.3295,24.1619,0.0000,0.0000,4.000000,4.000000,5.000000,0.000000,0.000000,96.000000,96.000000,95.000000,100.000000,100.000000,5.0,62.8210,60.1535,420.4173,423.0848,PENDING_AG03,FALSE,NOT_FOR_ENFORCEMENT,463.9088,46319.4703,483.2383,463.9088,19.3295,0.00902045,0.00865963,19.3295,463.9088,0.00865963,19.3295,19.3295,24.1619,0.0000,0.0000,463.9088,0.00865963,62.8210,60.1535,420.4173,423.0848,0.00784779,0.00789758,0.00036082,9.3346,8.4088,0.0842,5.5545,0.2517,615.7635,65.9540,8.3255,9.6426,5.1431,5.1891,8.2617,16.7816,25.8881,44.2602,5.1891,0.0,4.9889,8.529385,1.798876,29,193,98,2,0.20855820,0.00902045,0.00297427,0E-8,0.000000,0.900656,0.000000,0.00763944,2026-03-21,2026-08-06,87,1920,882,139,0.625899,0.863400,0.891889,0.695194,,,,,,,,GLOBAL_BASELINE_NO_ENTITY_RANKING,,,NOT_APPLICABLE_GLOBAL_BASELINE,HF9g-P5,,,,X 全窗基线 · 不参与实体赏罚,8396752,840,A168_HF9F_20260827_0900,2026-08-27 09:00:00
2026-06-05,54653530,2141,0,56.5741764601,-46.5451179058,-46.5451179058,0.2000000,5,5,0.50665070000000000,0.506650700000,-1.3715049547573244,-1.3715049547573244,-1.3715049547573244,0E-17,ELIGIBLE,R03b_20260811_FULL_v1,L1_ELIGIBILITY,v2026-08-11,2026-03-21..2026-08-06,baccarat_bet02_101_all_pairs_incl_sentinel,round_win = game_pnl > 0 (decisive only),COMPATIBILITY_ONLY_NOT_PRODUCTION,53571.4227,48249.4483,483.2383,5739,5738,-0.00902045,-0.00297427,-0.01061372,-0.00902045,-483.2383,53571.4227,OK,0.0000,19.3295,4.0000,96.0000,AG03-UNRESOLVED,ALL5_LEVELS_bet23_to_bet27,19.3295,19.3295,24.1619,0.0000,0.0000,4.000000,4.000000,5.000000,0.000000,0.000000,96.000000,96.000000,95.000000,100.000000,100.000000,5.0,62.8210,60.1535,420.4173,423.0848,PENDING_AG03,FALSE,NOT_FOR_ENFORCEMENT,463.9088,46319.4703,483.2383,463.9088,19.3295,0.00902045,0.00865963,19.3295,463.9088,0.00865963,19.3295,19.3295,24.1619,0.0000,0.0000,463.9088,0.00865963,62.8210,60.1535,420.4173,423.0848,0.00784779,0.00789758,0.00036082,9.3346,8.4088,0.0842,5.5545,0.2517,615.7635,65.9540,8.3255,9.6426,5.1431,5.1891,8.2617,16.7816,25.8881,44.2602,5.1891,0.0,4.9889,8.529385,1.798876,29,193,98,2,0.20855820,0.00902045,0.00297427,0E-8,0.000000,0.900656,0.000000,0.00763944,2026-03-21,2026-08-06,87,1920,882,139,0.625899,0.863400,0.891889,0.695194,,,,,,,,GLOBAL_BASELINE_NO_ENTITY_RANKING,,,NOT_APPLICABLE_GLOBAL_BASELINE,HF9g-P5,,,,X 全窗基线 · 不参与实体赏罚,8396753,840,A168_HF9F_20260827_0900,2026-08-27 09:00:00
2026-06-05,54653530,2142,0,15.4293208527,14.6578548102,14.6578548102,1.0000000,3,3,0.50665070000000000,0.506650700000,1.7091633124209307,1.7091633124209307,1.7091633124209307,0E-17,ELIGIBLE,R03b_20260811_FULL_v1,L1_ELIGIBILITY,v2026-08-11,2026-03-21..2026-08-06,baccarat_bet02_101_all_pairs_incl_sentinel,round_win = game_pnl > 0 (decisive only),COMPATIBILITY_ONLY_NOT_PRODUCTION,53571.4227,48249.4483,483.2383,5739,5738,-0.00902045,-0.00297427,-0.01061372,-0.00902045,-483.2383,53571.4227,OK,0.0000,19.3295,4.0000,96.0000,AG03-UNRESOLVED,ALL5_LEVELS_bet23_to_bet27,19.3295,19.3295,24.1619,0.0000,0.0000,4.000000,4.000000,5.000000,0.000000,0.000000,96.000000,96.000000,95.000000,100.000000,100.000000,5.0,62.8210,60.1535,420.4173,423.0848,PENDING_AG03,FALSE,NOT_FOR_ENFORCEMENT,463.9088,46319.4703,483.2383,463.9088,19.3295,0.00902045,0.00865963,19.3295,463.9088,0.00865963,19.3295,19.3295,24.1619,0.0000,0.0000,463.9088,0.00865963,62.8210,60.1535,420.4173,423.0848,0.00784779,0.00789758,0.00036082,9.3346,8.4088,0.0842,5.5545,0.2517,615.7635,65.9540,8.3255,9.6426,5.1431,5.1891,8.2617,16.7816,25.8881,44.2602,5.1891,0.0,4.9889,8.529385,1.798876,29,193,98,2,0.20855820,0.00902045,0.00297427,0E-8,0.000000,0.900656,0.000000,0.00763944,2026-03-21,2026-08-06,87,1920,882,139,0.625899,0.863400,0.891889,0.695194,,,,,,,,GLOBAL_BASELINE_NO_ENTITY_RANKING,,,NOT_APPLICABLE_GLOBAL_BASELINE,HF9g-P5,,,,X 全窗基线 · 不参与实体赏罚,8396754,840,A168_HF9F_20260827_0900,2026-08-27 09:00:00
2026-06-05,54653530,2152,0,33.9445058760,32.2472805822,32.2472805822,1.0000000,1,1,0.50665070000000000,0.506650700000,0.9867858985152569,0.9867858985152569,0.9867858985152569,0E-17,ELIGIBLE,R03b_20260811_FULL_v1,L1_ELIGIBILITY,v2026-08-11,2026-03-21..2026-08-06,baccarat_bet02_101_all_pairs_incl_sentinel,round_win = game_pnl > 0 (decisive only),COMPATIBILITY_ONLY_NOT_PRODUCTION,53571.4227,48249.4483,483.2383,5739,5738,-0.00902045,-0.00297427,-0.01061372,-0.00902045,-483.2383,53571.4227,OK,0.0000,19.3295,4.0000,96.0000,AG03-UNRESOLVED,ALL5_LEVELS_bet23_to_bet27,19.3295,19.3295,24.1619,0.0000,0.0000,4.000000,4.000000,5.000000,0.000000,0.000000,96.000000,96.000000,95.000000,100.000000,100.000000,5.0,62.8210,60.1535,420.4173,423.0848,PENDING_AG03,FALSE,NOT_FOR_ENFORCEMENT,463.9088,46319.4703,483.2383,463.9088,19.3295,0.00902045,0.00865963,19.3295,463.9088,0.00865963,19.3295,19.3295,24.1619,0.0000,0.0000,463.9088,0.00865963,62.8210,60.1535,420.4173,423.0848,0.00784779,0.00789758,0.00036082,9.3346,8.4088,0.0842,5.5545,0.2517,615.7635,65.9540,8.3255,9.6426,5.1431,5.1891,8.2617,16.7816,25.8881,44.2602,5.1891,0.0,4.9889,8.529385,1.798876,29,193,98,2,0.20855820,0.00902045,0.00297427,0E-8,0.000000,0.900656,0.000000,0.00763944,2026-03-21,2026-08-06,87,1920,882,139,0.625899,0.863400,0.891889,0.695194,,,,,,,,GLOBAL_BASELINE_NO_ENTITY_RANKING,,,NOT_APPLICABLE_GLOBAL_BASELINE,HF9g-P5,,,,X 全窗基线 · 不参与实体赏罚,8396755,840,A168_HF9F_20260827_0900,2026-08-27 09:00:00
2026-06-05,54653530,2153,0,10.2862139018,5.1431069509,5.1431069509,1.0000000,2,2,0.49324550000000000,0.493245500000,1.01360149184955,1.01360149184955,1.01360149184955,0E-17,ELIGIBLE,R03b_20260811_FULL_v1,L1_ELIGIBILITY,v2026-08-11,2026-03-21..2026-08-06,baccarat_bet02_101_all_pairs_incl_sentinel,round_win = game_pnl > 0 (decisive only),COMPATIBILITY_ONLY_NOT_PRODUCTION,53571.4227,48249.4483,483.2383,5739,5738,-0.00902045,-0.00297427,-0.01061372,-0.00902045,-483.2383,53571.4227,OK,0.0000,19.3295,4.0000,96.0000,AG03-UNRESOLVED,ALL5_LEVELS_bet23_to_bet27,19.3295,19.3295,24.1619,0.0000,0.0000,4.000000,4.000000,5.000000,0.000000,0.000000,96.000000,96.000000,95.000000,100.000000,100.000000,5.0,62.8210,60.1535,420.4173,423.0848,PENDING_AG03,FALSE,NOT_FOR_ENFORCEMENT,463.9088,46319.4703,483.2383,463.9088,19.3295,0.00902045,0.00865963,19.3295,463.9088,0.00865963,19.3295,19.3295,24.1619,0.0000,0.0000,463.9088,0.00865963,62.8210,60.1535,420.4173,423.0848,0.00784779,0.00789758,0.00036082,9.3346,8.4088,0.0842,5.5545,0.2517,615.7635,65.9540,8.3255,9.6426,5.1431,5.1891,8.2617,16.7816,25.8881,44.2602,5.1891,0.0,4.9889,8.529385,1.798876,29,193,98,2,0.20855820,0.00902045,0.00297427,0E-8,0.000000,0.900656,0.000000,0.00763944,2026-03-21,2026-08-06,87,1920,882,139,0.625899,0.863400,0.891889,0.695194,,,,,,,,GLOBAL_BASELINE_NO_ENTITY_RANKING,,,NOT_APPLICABLE_GLOBAL_BASELINE,HF9g-P5,,,,X 全窗基线 · 不参与实体赏罚,8396756,840,A168_HF9F_20260827_0900,2026-08-27 09:00:00
2026-06-05,54653530,2156,0,57.3456425027,14.4907038342,14.4907038342,0.5714286,8,8,0.50665070000000000,0.506650700000,0.34280260342128577,0.34280260342128577,0.34280260342128577,0E-17,ELIGIBLE,R03b_20260811_FULL_v1,L1_ELIGIBILITY,v2026-08-11,2026-03-21..2026-08-06,baccarat_bet02_101_all_pairs_incl_sentinel,round_win = game_pnl > 0 (decisive only),COMPATIBILITY_ONLY_NOT_PRODUCTION,53571.4227,48249.4483,483.2383,5739,5738,-0.00902045,-0.00297427,-0.01061372,-0.00902045,-483.2383,53571.4227,OK,0.0000,19.3295,4.0000,96.0000,AG03-UNRESOLVED,ALL5_LEVELS_bet23_to_bet27,19.3295,19.3295,24.1619,0.0000,0.0000,4.000000,4.000000,5.000000,0.000000,0.000000,96.000000,96.000000,95.000000,100.000000,100.000000,5.0,62.8210,60.1535,420.4173,423.0848,PENDING_AG03,FALSE,NOT_FOR_ENFORCEMENT,463.9088,46319.4703,483.2383,463.9088,19.3295,0.00902045,0.00865963,19.3295,463.9088,0.00865963,19.3295,19.3295,24.1619,0.0000,0.0000,463.9088,0.00865963,62.8210,60.1535,420.4173,423.0848,0.00784779,0.00789758,0.00036082,9.3346,8.4088,0.0842,5.5545,0.2517,615.7635,65.9540,8.3255,9.6426,5.1431,5.1891,8.2617,16.7816,25.8881,44.2602,5.1891,0.0,4.9889,8.529385,1.798876,29,193,98,2,0.20855820,0.00902045,0.00297427,0E-8,0.000000,0.900656,0.000000,0.00763944,2026-03-21,2026-08-06,87,1920,882,139,0.625899,0.863400,0.891889,0.695194,,,,,,,,GLOBAL_BASELINE_NO_ENTITY_RANKING,,,NOT_APPLICABLE_GLOBAL_BASELINE,HF9g-P5,,,,X 全窗基线 · 不参与实体赏罚,8396757,840,A168_HF9F_20260827_0900,2026-08-27 09:00:00
2026-06-05,54653530,2170,0,15.4293208527,14.6578548102,14.6578548102,1.0000000,3,3,0.50665070000000000,0.506650700000,1.7091633124209307,1.7091633124209307,1.7091633124209307,0E-17,ELIGIBLE,R03b_20260811_FULL_v1,L1_ELIGIBILITY,v2026-08-11,2026-03-21..2026-08-06,baccarat_bet02_101_all_pairs_incl_sentinel,round_win = game_pnl > 0 (decisive only),COMPATIBILITY_ONLY_NOT_PRODUCTION,53571.4227,48249.4483,483.2383,5739,5738,-0.00902045,-0.00297427,-0.01061372,-0.00902045,-483.2383,53571.4227,OK,0.0000,19.3295,4.0000,96.0000,AG03-UNRESOLVED,ALL5_LEVELS_bet23_to_bet27,19.3295,19.3295,24.1619,0.0000,0.0000,4.000000,4.000000,5.000000,0.000000,0.000000,96.000000,96.000000,95.000000,100.000000,100.000000,5.0,62.8210,60.1535,420.4173,423.0848,PENDING_AG03,FALSE,NOT_FOR_ENFORCEMENT,463.9088,46319.4703,483.2383,463.9088,19.3295,0.00902045,0.00865963,19.3295,463.9088,0.00865963,19.3295,19.3295,24.1619,0.0000,0.0000,463.9088,0.00865963,62.8210,60.1535,420.4173,423.0848,0.00784779,0.00789758,0.00036082,9.3346,8.4088,0.0842,5.5545,0.2517,615.7635,65.9540,8.3255,9.6426,5.1431,5.1891,8.2617,16.7816,25.8881,44.2602,5.1891,0.0,4.9889,8.529385,1.798876,29,193,98,2,0.20855820,0.00902045,0.00297427,0E-8,0.000000,0.900656,0.000000,0.00763944,2026-03-21,2026-08-06,87,1920,882,139,0.625899,0.863400,0.891889,0.695194,,,,,,,,GLOBAL_BASELINE_NO_ENTITY_RANKING,,,NOT_APPLICABLE_GLOBAL_BASELINE,HF9g-P5,,,,X 全窗基线 · 不参与实体赏罚,8396758,840,A168_HF9F_20260827_0900,2026-08-27 09:00:00
2026-06-05,54653530,2174,0,18.2580296757,7.3160696377,7.3160696377,0.6666667,3,3,0.50665070000000000,0.506650700000,0.5543606114942035,0.5543606114942035,0.5543606114942035,0E-17,ELIGIBLE,R03b_20260811_FULL_v1,L1_ELIGIBILITY,v2026-08-11,2026-03-21..2026-08-06,baccarat_bet02_101_all_pairs_incl_sentinel,round_win = game_pnl > 0 (decisive only),COMPATIBILITY_ONLY_NOT_PRODUCTION,53571.4227,48249.4483,483.2383,5739,5738,-0.00902045,-0.00297427,-0.01061372,-0.00902045,-483.2383,53571.4227,OK,0.0000,19.3295,4.0000,96.0000,AG03-UNRESOLVED,ALL5_LEVELS_bet23_to_bet27,19.3295,19.3295,24.1619,0.0000,0.0000,4.000000,4.000000,5.000000,0.000000,0.000000,96.000000,96.000000,95.000000,100.000000,100.000000,5.0,62.8210,60.1535,420.4173,423.0848,PENDING_AG03,FALSE,NOT_FOR_ENFORCEMENT,463.9088,46319.4703,483.2383,463.9088,19.3295,0.00902045,0.00865963,19.3295,463.9088,0.00865963,19.3295,19.3295,24.1619,0.0000,0.0000,463.9088,0.00865963,62.8210,60.1535,420.4173,423.0848,0.00784779,0.00789758,0.00036082,9.3346,8.4088,0.0842,5.5545,0.2517,615.7635,65.9540,8.3255,9.6426,5.1431,5.1891,8.2617,16.7816,25.8881,44.2602,5.1891,0.0,4.9889,8.529385,1.798876,29,193,98,2,0.20855820,0.00902045,0.00297427,0E-8,0.000000,0.900656,0.000000,0.00763944,2026-03-21,2026-08-06,87,1920,882,139,0.625899,0.863400,0.891889,0.695194,,,,,,,,GLOBAL_BASELINE_NO_ENTITY_RANKING,,,NOT_APPLICABLE_GLOBAL_BASELINE,HF9g-P5,,,,X 全窗基线 · 不参与实体赏罚,8396759,840,A168_HF9F_20260827_0900,2026-08-27 09:00:00
2026-06-05,54653530,2177,0,21.0867384987,10.0033430195,10.0033430195,0.6666667,3,3,0.50665070000000000,0.506650700000,0.5543606114942035,0.5543606114942035,0.5543606114942035,0E-17,ELIGIBLE,R03b_20260811_FULL_v1,L1_ELIGIBILITY,v2026-08-11,2026-03-21..2026-08-06,baccarat_bet02_101_all_pairs_incl_sentinel,round_win = game_pnl > 0 (decisive only),COMPATIBILITY_ONLY_NOT_PRODUCTION,53571.4227,48249.4483,483.2383,5739,5738,-0.00902045,-0.00297427,-0.01061372,-0.00902045,-483.2383,53571.4227,OK,0.0000,19.3295,4.0000,96.0000,AG03-UNRESOLVED,ALL5_LEVELS_bet23_to_bet27,19.3295,19.3295,24.1619,0.0000,0.0000,4.000000,4.000000,5.000000,0.000000,0.000000,96.000000,96.000000,95.000000,100.000000,100.000000,5.0,62.8210,60.1535,420.4173,423.0848,PENDING_AG03,FALSE,NOT_FOR_ENFORCEMENT,463.9088,46319.4703,483.2383,463.9088,19.3295,0.00902045,0.00865963,19.3295,463.9088,0.00865963,19.3295,19.3295,24.1619,0.0000,0.0000,463.9088,0.00865963,62.8210,60.1535,420.4173,423.0848,0.00784779,0.00789758,0.00036082,9.3346,8.4088,0.0842,5.5545,0.2517,615.7635,65.9540,8.3255,9.6426,5.1431,5.1891,8.2617,16.7816,25.8881,44.2602,5.1891,0.0,4.9889,8.529385,1.798876,29,193,98,2,0.20855820,0.00902045,0.00297427,0E-8,0.000000,0.900656,0.000000,0.00763944,2026-03-21,2026-08-06,87,1920,882,139,0.625899,0.863400,0.891889,0.695194,,,,,,,,GLOBAL_BASELINE_NO_ENTITY_RANKING,,,NOT_APPLICABLE_GLOBAL_BASELINE,HF9g-P5,,,,X 全窗基线 · 不参与实体赏罚,8396760,840,A168_HF9F_20260827_0900,2026-08-27 09:00:00
2026-06-05,54653530,2196,0,13.1149227248,2.4301180343,2.4301180343,0.5000000,2,2,0.50665070000000000,0.506650700000,-0.018812684590367487,-0.018812684590367487,-0.018812684590367487,0E-17,ELIGIBLE,R03b_20260811_FULL_v1,L1_ELIGIBILITY,v2026-08-11,2026-03-21..2026-08-06,baccarat_bet02_101_all_pairs_incl_sentinel,round_win = game_pnl > 0 (decisive only),COMPATIBILITY_ONLY_NOT_PRODUCTION,53571.4227,48249.4483,483.2383,5739,5738,-0.00902045,-0.00297427,-0.01061372,-0.00902045,-483.2383,53571.4227,OK,0.0000,19.3295,4.0000,96.0000,AG03-UNRESOLVED,ALL5_LEVELS_bet23_to_bet27,19.3295,19.3295,24.1619,0.0000,0.0000,4.000000,4.000000,5.000000,0.000000,0.000000,96.000000,96.000000,95.000000,100.000000,100.000000,5.0,62.8210,60.1535,420.4173,423.0848,PENDING_AG03,FALSE,NOT_FOR_ENFORCEMENT,463.9088,46319.4703,483.2383,463.9088,19.3295,0.00902045,0.00865963,19.3295,463.9088,0.00865963,19.3295,19.3295,24.1619,0.0000,0.0000,463.9088,0.00865963,62.8210,60.1535,420.4173,423.0848,0.00784779,0.00789758,0.00036082,9.3346,8.4088,0.0842,5.5545,0.2517,615.7635,65.9540,8.3255,9.6426,5.1431,5.1891,8.2617,16.7816,25.8881,44.2602,5.1891,0.0,4.9889,8.529385,1.798876,29,193,98,2,0.20855820,0.00902045,0.00297427,0E-8,0.000000,0.900656,0.000000,0.00763944,2026-03-21,2026-08-06,87,1920,882,139,0.625899,0.863400,0.891889,0.695194,,,,,,,,GLOBAL_BASELINE_NO_ENTITY_RANKING,,,NOT_APPLICABLE_GLOBAL_BASELINE,HF9g-P5,,,,X 全窗基线 · 不参与实体赏罚,8396761,840,A168_HF9F_20260827_0900,2026-08-27 09:00:00
2026-06-05,54653530,2209,0,10.2862139018,-0.2571553475,-0.2571553475,0.5000000,2,2,0.50665070000000000,0.506650700000,-0.018812684590367487,-0.018812684590367487,-0.018812684590367487,0E-17,ELIGIBLE,R03b_20260811_FULL_v1,L1_ELIGIBILITY,v2026-08-11,2026-03-21..2026-08-06,baccarat_bet02_101_all_pairs_incl_sentinel,round_win = game_pnl > 0 (decisive only),COMPATIBILITY_ONLY_NOT_PRODUCTION,53571.4227,48249.4483,483.2383,5739,5738,-0.00902045,-0.00297427,-0.01061372,-0.00902045,-483.2383,53571.4227,OK,0.0000,19.3295,4.0000,96.0000,AG03-UNRESOLVED,ALL5_LEVELS_bet23_to_bet27,19.3295,19.3295,24.1619,0.0000,0.0000,4.000000,4.000000,5.000000,0.000000,0.000000,96.000000,96.000000,95.000000,100.000000,100.000000,5.0,62.8210,60.1535,420.4173,423.0848,PENDING_AG03,FALSE,NOT_FOR_ENFORCEMENT,463.9088,46319.4703,483.2383,463.9088,19.3295,0.00902045,0.00865963,19.3295,463.9088,0.00865963,19.3295,19.3295,24.1619,0.0000,0.0000,463.9088,0.00865963,62.8210,60.1535,420.4173,423.0848,0.00784779,0.00789758,0.00036082,9.3346,8.4088,0.0842,5.5545,0.2517,615.7635,65.9540,8.3255,9.6426,5.1431,5.1891,8.2617,16.7816,25.8881,44.2602,5.1891,0.0,4.9889,8.529385,1.798876,29,193,98,2,0.20855820,0.00902045,0.00297427,0E-8,0.000000,0.900656,0.000000,0.00763944,2026-03-21,2026-08-06,87,1920,882,139,0.625899,0.863400,0.891889,0.695194,,,,,,,,GLOBAL_BASELINE_NO_ENTITY_RANKING,,,NOT_APPLICABLE_GLOBAL_BASELINE,HF9g-P5,,,,X 全窗基线 · 不参与实体赏罚,8396762,840,A168_HF9F_20260827_0900,2026-08-27 09:00:00
2026-06-05,54653530,2212,0,5.1431069509,4.8859516034,4.8859516034,1.0000000,1,1,0.50665070000000000,0.506650700000,0.9867858985152569,0.9867858985152569,0.9867858985152569,0E-17,ELIGIBLE,R03b_20260811_FULL_v1,L1_ELIGIBILITY,v2026-08-11,2026-03-21..2026-08-06,baccarat_bet02_101_all_pairs_incl_sentinel,round_win = game_pnl > 0 (decisive only),COMPATIBILITY_ONLY_NOT_PRODUCTION,53571.4227,48249.4483,483.2383,5739,5738,-0.00902045,-0.00297427,-0.01061372,-0.00902045,-483.2383,53571.4227,OK,0.0000,19.3295,4.0000,96.0000,AG03-UNRESOLVED,ALL5_LEVELS_bet23_to_bet27,19.3295,19.3295,24.1619,0.0000,0.0000,4.000000,4.000000,5.000000,0.000000,0.000000,96.000000,96.000000,95.000000,100.000000,100.000000,5.0,62.8210,60.1535,420.4173,423.0848,PENDING_AG03,FALSE,NOT_FOR_ENFORCEMENT,463.9088,46319.4703,483.2383,463.9088,19.3295,0.00902045,0.00865963,19.3295,463.9088,0.00865963,19.3295,19.3295,24.1619,0.0000,0.0000,463.9088,0.00865963,62.8210,60.1535,420.4173,423.0848,0.00784779,0.00789758,0.00036082,9.3346,8.4088,0.0842,5.5545,0.2517,615.7635,65.9540,8.3255,9.6426,5.1431,5.1891,8.2617,16.7816,25.8881,44.2602,5.1891,0.0,4.9889,8.529385,1.798876,29,193,98,2,0.20855820,0.00902045,0.00297427,0E-8,0.000000,0.900656,0.000000,0.00763944,2026-03-21,2026-08-06,87,1920,882,139,0.625899,0.863400,0.891889,0.695194,,,,,,,,GLOBAL_BASELINE_NO_ENTITY_RANKING,,,NOT_APPLICABLE_GLOBAL_BASELINE,HF9g-P5,,,,X 全窗基线 · 不参与实体赏罚,8396763,840,A168_HF9F_20260827_0900,2026-08-27 09:00:00
2026-06-05,54653530,2220,0,18.0008743282,7.4575050789,7.4575050789,0.6666667,3,3,0.50218230000000000,0.502182300000,0.5697959874915163,0.5697959874915164,0.5697959874915163,0E-17,ELIGIBLE,R03b_20260811_FULL_v1,L1_ELIGIBILITY,v2026-08-11,2026-03-21..2026-08-06,baccarat_bet02_101_all_pairs_incl_sentinel,round_win = game_pnl > 0 (decisive only),COMPATIBILITY_ONLY_NOT_PRODUCTION,53571.4227,48249.4483,483.2383,5739,5738,-0.00902045,-0.00297427,-0.01061372,-0.00902045,-483.2383,53571.4227,OK,0.0000,19.3295,4.0000,96.0000,AG03-UNRESOLVED,ALL5_LEVELS_bet23_to_bet27,19.3295,19.3295,24.1619,0.0000,0.0000,4.000000,4.000000,5.000000,0.000000,0.000000,96.000000,96.000000,95.000000,100.000000,100.000000,5.0,62.8210,60.1535,420.4173,423.0848,PENDING_AG03,FALSE,NOT_FOR_ENFORCEMENT,463.9088,46319.4703,483.2383,463.9088,19.3295,0.00902045,0.00865963,19.3295,463.9088,0.00865963,19.3295,19.3295,24.1619,0.0000,0.0000,463.9088,0.00865963,62.8210,60.1535,420.4173,423.0848,0.00784779,0.00789758,0.00036082,9.3346,8.4088,0.0842,5.5545,0.2517,615.7635,65.9540,8.3255,9.6426,5.1431,5.1891,8.2617,16.7816,25.8881,44.2602,5.1891,0.0,4.9889,8.529385,1.798876,29,193,98,2,0.20855820,0.00902045,0.00297427,0E-8,0.000000,0.900656,0.000000,0.00763944,2026-03-21,2026-08-06,87,1920,882,139,0.625899,0.863400,0.891889,0.695194,,,,,,,,GLOBAL_BASELINE_NO_ENTITY_RANKING,,,NOT_APPLICABLE_GLOBAL_BASELINE,HF9g-P5,,,,X 全窗基线 · 不参与实体赏罚,8396764,840,A168_HF9F_20260827_0900,2026-08-27 09:00:00
2026-06-05,54653530,2222,0,10.2862139018,9.7719032068,9.7719032068,1.0000000,2,2,0.50665070000000000,0.506650700000,1.3955260008387969,1.3955260008387969,1.3955260008387969,0E-17,ELIGIBLE,R03b_20260811_FULL_v1,L1_ELIGIBILITY,v2026-08-11,2026-03-21..2026-08-06,baccarat_bet02_101_all_pairs_incl_sentinel,round_win = game_pnl > 0 (decisive only),COMPATIBILITY_ONLY_NOT_PRODUCTION,53571.4227,48249.4483,483.2383,5739,5738,-0.00902045,-0.00297427,-0.01061372,-0.00902045,-483.2383,53571.4227,OK,0.0000,19.3295,4.0000,96.0000,AG03-UNRESOLVED,ALL5_LEVELS_bet23_to_bet27,19.3295,19.3295,24.1619,0.0000,0.0000,4.000000,4.000000,5.000000,0.000000,0.000000,96.000000,96.000000,95.000000,100.000000,100.000000,5.0,62.8210,60.1535,420.4173,423.0848,PENDING_AG03,FALSE,NOT_FOR_ENFORCEMENT,463.9088,46319.4703,483.2383,463.9088,19.3295,0.00902045,0.00865963,19.3295,463.9088,0.00865963,19.3295,19.3295,24.1619,0.0000,0.0000,463.9088,0.00865963,62.8210,60.1535,420.4173,423.0848,0.00784779,0.00789758,0.00036082,9.3346,8.4088,0.0842,5.5545,0.2517,615.7635,65.9540,8.3255,9.6426,5.1431,5.1891,8.2617,16.7816,25.8881,44.2602,5.1891,0.0,4.9889,8.529385,1.798876,29,193,98,2,0.20855820,0.00902045,0.00297427,0E-8,0.000000,0.900656,0.000000,0.00763944,2026-03-21,2026-08-06,87,1920,882,139,0.625899,0.863400,0.891889,0.695194,,,,,,,,GLOBAL_BASELINE_NO_ENTITY_RANKING,,,NOT_APPLICABLE_GLOBAL_BASELINE,HF9g-P5,,,,X 全窗基线 · 不参与实体赏罚,8396765,840,A168_HF9F_20260827_0900,2026-08-27 09:00:00
2026-06-05,54653530,2223,0,28.5442435775,12.2020212411,12.2020212411,0.7500000,5,5,0.50128862000000000,0.501288620000,0.9948488239810122,0.9948488239810122,0.9948488239810122,0E-17,ELIGIBLE,R03b_20260811_FULL_v1,L1_ELIGIBILITY,v2026-08-11,2026-03-21..2026-08-06,baccarat_bet02_101_all_pairs_incl_sentinel,round_win = game_pnl > 0 (decisive only),COMPATIBILITY_ONLY_NOT_PRODUCTION,53571.4227,48249.4483,483.2383,5739,5738,-0.00902045,-0.00297427,-0.01061372,-0.00902045,-483.2383,53571.4227,OK,0.0000,19.3295,4.0000,96.0000,AG03-UNRESOLVED,ALL5_LEVELS_bet23_to_bet27,19.3295,19.3295,24.1619,0.0000,0.0000,4.000000,4.000000,5.000000,0.000000,0.000000,96.000000,96.000000,95.000000,100.000000,100.000000,5.0,62.8210,60.1535,420.4173,423.0848,PENDING_AG03,FALSE,NOT_FOR_ENFORCEMENT,463.9088,46319.4703,483.2383,463.9088,19.3295,0.00902045,0.00865963,19.3295,463.9088,0.00865963,19.3295,19.3295,24.1619,0.0000,0.0000,463.9088,0.00865963,62.8210,60.1535,420.4173,423.0848,0.00784779,0.00789758,0.00036082,9.3346,8.4088,0.0842,5.5545,0.2517,615.7635,65.9540,8.3255,9.6426,5.1431,5.1891,8.2617,16.7816,25.8881,44.2602,5.1891,0.0,4.9889,8.529385,1.798876,29,193,98,2,0.20855820,0.00902045,0.00297427,0E-8,0.000000,0.900656,0.000000,0.00763944,2026-03-21,2026-08-06,87,1920,882,139,0.625899,0.863400,0.891889,0.695194,,,,,,,,GLOBAL_BASELINE_NO_ENTITY_RANKING,,,NOT_APPLICABLE_GLOBAL_BASELINE,HF9g-P5,,,,X 全窗基线 · 不参与实体赏罚,8396766,840,A168_HF9F_20260827_0900,2026-08-27 09:00:00
2026-06-05,54653530,2235,0,10.2862139018,-0.2571553475,-0.2571553475,0.5000000,2,2,0.50665070000000000,0.506650700000,-0.018812684590367487,-0.018812684590367487,-0.018812684590367487,0E-17,ELIGIBLE,R03b_20260811_FULL_v1,L1_ELIGIBILITY,v2026-08-11,2026-03-21..2026-08-06,baccarat_bet02_101_all_pairs_incl_sentinel,round_win = game_pnl > 0 (decisive only),COMPATIBILITY_ONLY_NOT_PRODUCTION,53571.4227,48249.4483,483.2383,5739,5738,-0.00902045,-0.00297427,-0.01061372,-0.00902045,-483.2383,53571.4227,OK,0.0000,19.3295,4.0000,96.0000,AG03-UNRESOLVED,ALL5_LEVELS_bet23_to_bet27,19.3295,19.3295,24.1619,0.0000,0.0000,4.000000,4.000000,5.000000,0.000000,0.000000,96.000000,96.000000,95.000000,100.000000,100.000000,5.0,62.8210,60.1535,420.4173,423.0848,PENDING_AG03,FALSE,NOT_FOR_ENFORCEMENT,463.9088,46319.4703,483.2383,463.9088,19.3295,0.00902045,0.00865963,19.3295,463.9088,0.00865963,19.3295,19.3295,24.1619,0.0000,0.0000,463.9088,0.00865963,62.8210,60.1535,420.4173,423.0848,0.00784779,0.00789758,0.00036082,9.3346,8.4088,0.0842,5.5545,0.2517,615.7635,65.9540,8.3255,9.6426,5.1431,5.1891,8.2617,16.7816,25.8881,44.2602,5.1891,0.0,4.9889,8.529385,1.798876,29,193,98,2,0.20855820,0.00902045,0.00297427,0E-8,0.000000,0.900656,0.000000,0.00763944,2026-03-21,2026-08-06,87,1920,882,139,0.625899,0.863400,0.891889,0.695194,,,,,,,,GLOBAL_BASELINE_NO_ENTITY_RANKING,,,NOT_APPLICABLE_GLOBAL_BASELINE,HF9g-P5,,,,X 全窗基线 · 不参与实体赏罚,8396767,840,A168_HF9F_20260827_0900,2026-08-27 09:00:00
2026-06-05,54653530,2242,0,5.1431069509,4.8859516034,4.8859516034,1.0000000,1,1,0.50665070000000000,0.506650700000,0.9867858985152569,0.9867858985152569,0.9867858985152569,0E-17,ELIGIBLE,R03b_20260811_FULL_v1,L1_ELIGIBILITY,v2026-08-11,2026-03-21..2026-08-06,baccarat_bet02_101_all_pairs_incl_sentinel,round_win = game_pnl > 0 (decisive only),COMPATIBILITY_ONLY_NOT_PRODUCTION,53571.4227,48249.4483,483.2383,5739,5738,-0.00902045,-0.00297427,-0.01061372,-0.00902045,-483.2383,53571.4227,OK,0.0000,19.3295,4.0000,96.0000,AG03-UNRESOLVED,ALL5_LEVELS_bet23_to_bet27,19.3295,19.3295,24.1619,0.0000,0.0000,4.000000,4.000000,5.000000,0.000000,0.000000,96.000000,96.000000,95.000000,100.000000,100.000000,5.0,62.8210,60.1535,420.4173,423.0848,PENDING_AG03,FALSE,NOT_FOR_ENFORCEMENT,463.9088,46319.4703,483.2383,463.9088,19.3295,0.00902045,0.00865963,19.3295,463.9088,0.00865963,19.3295,19.3295,24.1619,0.0000,0.0000,463.9088,0.00865963,62.8210,60.1535,420.4173,423.0848,0.00784779,0.00789758,0.00036082,9.3346,8.4088,0.0842,5.5545,0.2517,615.7635,65.9540,8.3255,9.6426,5.1431,5.1891,8.2617,16.7816,25.8881,44.2602,5.1891,0.0,4.9889,8.529385,1.798876,29,193,98,2,0.20855820,0.00902045,0.00297427,0E-8,0.000000,0.900656,0.000000,0.00763944,2026-03-21,2026-08-06,87,1920,882,139,0.625899,0.863400,0.891889,0.695194,,,,,,,,GLOBAL_BASELINE_NO_ENTITY_RANKING,,,NOT_APPLICABLE_GLOBAL_BASELINE,HF9g-P5,,,,X 全窗基线 · 不参与实体赏罚,8396768,840,A168_HF9F_20260827_0900,2026-08-27 09:00:00
2026-06-05,54653530,2244,0,5.1431069509,4.8859516034,4.8859516034,1.0000000,1,1,0.50665070000000000,0.506650700000,0.9867858985152569,0.9867858985152569,0.9867858985152569,0E-17,ELIGIBLE,R03b_20260811_FULL_v1,L1_ELIGIBILITY,v2026-08-11,2026-03-21..2026-08-06,baccarat_bet02_101_all_pairs_incl_sentinel,round_win = game_pnl > 0 (decisive only),COMPATIBILITY_ONLY_NOT_PRODUCTION,53571.4227,48249.4483,483.2383,5739,5738,-0.00902045,-0.00297427,-0.01061372,-0.00902045,-483.2383,53571.4227,OK,0.0000,19.3295,4.0000,96.0000,AG03-UNRESOLVED,ALL5_LEVELS_bet23_to_bet27,19.3295,19.3295,24.1619,0.0000,0.0000,4.000000,4.000000,5.000000,0.000000,0.000000,96.000000,96.000000,95.000000,100.000000,100.000000,5.0,62.8210,60.1535,420.4173,423.0848,PENDING_AG03,FALSE,NOT_FOR_ENFORCEMENT,463.9088,46319.4703,483.2383,463.9088,19.3295,0.00902045,0.00865963,19.3295,463.9088,0.00865963,19.3295,19.3295,24.1619,0.0000,0.0000,463.9088,0.00865963,62.8210,60.1535,420.4173,423.0848,0.00784779,0.00789758,0.00036082,9.3346,8.4088,0.0842,5.5545,0.2517,615.7635,65.9540,8.3255,9.6426,5.1431,5.1891,8.2617,16.7816,25.8881,44.2602,5.1891,0.0,4.9889,8.529385,1.798876,29,193,98,2,0.20855820,0.00902045,0.00297427,0E-8,0.000000,0.900656,0.000000,0.00763944,2026-03-21,2026-08-06,87,1920,882,139,0.625899,0.863400,0.891889,0.695194,,,,,,,,GLOBAL_BASELINE_NO_ENTITY_RANKING,,,NOT_APPLICABLE_GLOBAL_BASELINE,HF9g-P5,,,,X 全窗基线 · 不参与实体赏罚,8396769,840,A168_HF9F_20260827_0900,2026-08-27 09:00:00
2026-06-05,54653530,2248,0,5.1431069509,4.8859516034,4.8859516034,1.0000000,1,1,0.50665070000000000,0.506650700000,0.9867858985152569,0.9867858985152569,0.9867858985152569,0E-17,ELIGIBLE,R03b_20260811_FULL_v1,L1_ELIGIBILITY,v2026-08-11,2026-03-21..2026-08-06,baccarat_bet02_101_all_pairs_incl_sentinel,round_win = game_pnl > 0 (decisive only),COMPATIBILITY_ONLY_NOT_PRODUCTION,53571.4227,48249.4483,483.2383,5739,5738,-0.00902045,-0.00297427,-0.01061372,-0.00902045,-483.2383,53571.4227,OK,0.0000,19.3295,4.0000,96.0000,AG03-UNRESOLVED,ALL5_LEVELS_bet23_to_bet27,19.3295,19.3295,24.1619,0.0000,0.0000,4.000000,4.000000,5.000000,0.000000,0.000000,96.000000,96.000000,95.000000,100.000000,100.000000,5.0,62.8210,60.1535,420.4173,423.0848,PENDING_AG03,FALSE,NOT_FOR_ENFORCEMENT,463.9088,46319.4703,483.2383,463.9088,19.3295,0.00902045,0.00865963,19.3295,463.9088,0.00865963,19.3295,19.3295,24.1619,0.0000,0.0000,463.9088,0.00865963,62.8210,60.1535,420.4173,423.0848,0.00784779,0.00789758,0.00036082,9.3346,8.4088,0.0842,5.5545,0.2517,615.7635,65.9540,8.3255,9.6426,5.1431,5.1891,8.2617,16.7816,25.8881,44.2602,5.1891,0.0,4.9889,8.529385,1.798876,29,193,98,2,0.20855820,0.00902045,0.00297427,0E-8,0.000000,0.900656,0.000000,0.00763944,2026-03-21,2026-08-06,87,1920,882,139,0.625899,0.863400,0.891889,0.695194,,,,,,,,GLOBAL_BASELINE_NO_ENTITY_RANKING,,,NOT_APPLICABLE_GLOBAL_BASELINE,HF9g-P5,,,,X 全窗基线 · 不参与实体赏罚,8396770,840,A168_HF9F_20260827_0900,2026-08-27 09:00:00
2026-06-05,54653530,2266,0,25.7155347545,14.6578548102,14.6578548102,1.0000000,5,5,0.50665070000000000,0.506650700000,1.7091633124209307,1.7091633124209307,1.7091633124209307,0E-17,ELIGIBLE,R03b_20260811_FULL_v1,L1_ELIGIBILITY,v2026-08-11,2026-03-21..2026-08-06,baccarat_bet02_101_all_pairs_incl_sentinel,round_win = game_pnl > 0 (decisive only),COMPATIBILITY_ONLY_NOT_PRODUCTION,53571.4227,48249.4483,483.2383,5739,5738,-0.00902045,-0.00297427,-0.01061372,-0.00902045,-483.2383,53571.4227,OK,0.0000,19.3295,4.0000,96.0000,AG03-UNRESOLVED,ALL5_LEVELS_bet23_to_bet27,19.3295,19.3295,24.1619,0.0000,0.0000,4.000000,4.000000,5.000000,0.000000,0.000000,96.000000,96.000000,95.000000,100.000000,100.000000,5.0,62.8210,60.1535,420.4173,423.0848,PENDING_AG03,FALSE,NOT_FOR_ENFORCEMENT,463.9088,46319.4703,483.2383,463.9088,19.3295,0.00902045,0.00865963,19.3295,463.9088,0.00865963,19.3295,19.3295,24.1619,0.0000,0.0000,463.9088,0.00865963,62.8210,60.1535,420.4173,423.0848,0.00784779,0.00789758,0.00036082,9.3346,8.4088,0.0842,5.5545,0.2517,615.7635,65.9540,8.3255,9.6426,5.1431,5.1891,8.2617,16.7816,25.8881,44.2602,5.1891,0.0,4.9889,8.529385,1.798876,29,193,98,2,0.20855820,0.00902045,0.00297427,0E-8,0.000000,0.900656,0.000000,0.00763944,2026-03-21,2026-08-06,87,1920,882,139,0.625899,0.863400,0.891889,0.695194,,,,,,,,GLOBAL_BASELINE_NO_ENTITY_RANKING,,,NOT_APPLICABLE_GLOBAL_BASELINE,HF9g-P5,,,,X 全窗基线 · 不参与实体赏罚,8396771,840,A168_HF9F_20260827_0900,2026-08-27 09:00:00
2026-06-05,54653530,2267,0,10.2862139018,9.7719032068,9.7719032068,1.0000000,2,2,0.50665070000000000,0.506650700000,1.3955260008387969,1.3955260008387969,1.3955260008387969,0E-17,ELIGIBLE,R03b_20260811_FULL_v1,L1_ELIGIBILITY,v2026-08-11,2026-03-21..2026-08-06,baccarat_bet02_101_all_pairs_incl_sentinel,round_win = game_pnl > 0 (decisive only),COMPATIBILITY_ONLY_NOT_PRODUCTION,53571.4227,48249.4483,483.2383,5739,5738,-0.00902045,-0.00297427,-0.01061372,-0.00902045,-483.2383,53571.4227,OK,0.0000,19.3295,4.0000,96.0000,AG03-UNRESOLVED,ALL5_LEVELS_bet23_to_bet27,19.3295,19.3295,24.1619,0.0000,0.0000,4.000000,4.000000,5.000000,0.000000,0.000000,96.000000,96.000000,95.000000,100.000000,100.000000,5.0,62.8210,60.1535,420.4173,423.0848,PENDING_AG03,FALSE,NOT_FOR_ENFORCEMENT,463.9088,46319.4703,483.2383,463.9088,19.3295,0.00902045,0.00865963,19.3295,463.9088,0.00865963,19.3295,19.3295,24.1619,0.0000,0.0000,463.9088,0.00865963,62.8210,60.1535,420.4173,423.0848,0.00784779,0.00789758,0.00036082,9.3346,8.4088,0.0842,5.5545,0.2517,615.7635,65.9540,8.3255,9.6426,5.1431,5.1891,8.2617,16.7816,25.8881,44.2602,5.1891,0.0,4.9889,8.529385,1.798876,29,193,98,2,0.20855820,0.00902045,0.00297427,0E-8,0.000000,0.900656,0.000000,0.00763944,2026-03-21,2026-08-06,87,1920,882,139,0.625899,0.863400,0.891889,0.695194,,,,,,,,GLOBAL_BASELINE_NO_ENTITY_RANKING,,,NOT_APPLICABLE_GLOBAL_BASELINE,HF9g-P5,,,,X 全窗基线 · 不参与实体赏罚,8396772,840,A168_HF9F_20260827_0900,2026-08-27 09:00:00
2026-06-05,54653530,2278,0,15.4293208527,4.6287962559,4.6287962559,0.6666667,3,3,0.50665070000000000,0.506650700000,0.5543606114942035,0.5543606114942035,0.5543606114942035,0E-17,ELIGIBLE,R03b_20260811_FULL_v1,L1_ELIGIBILITY,v2026-08-11,2026-03-21..2026-08-06,baccarat_bet02_101_all_pairs_incl_sentinel,round_win = game_pnl > 0 (decisive only),COMPATIBILITY_ONLY_NOT_PRODUCTION,53571.4227,48249.4483,483.2383,5739,5738,-0.00902045,-0.00297427,-0.01061372,-0.00902045,-483.2383,53571.4227,OK,0.0000,19.3295,4.0000,96.0000,AG03-UNRESOLVED,ALL5_LEVELS_bet23_to_bet27,19.3295,19.3295,24.1619,0.0000,0.0000,4.000000,4.000000,5.000000,0.000000,0.000000,96.000000,96.000000,95.000000,100.000000,100.000000,5.0,62.8210,60.1535,420.4173,423.0848,PENDING_AG03,FALSE,NOT_FOR_ENFORCEMENT,463.9088,46319.4703,483.2383,463.9088,19.3295,0.00902045,0.00865963,19.3295,463.9088,0.00865963,19.3295,19.3295,24.1619,0.0000,0.0000,463.9088,0.00865963,62.8210,60.1535,420.4173,423.0848,0.00784779,0.00789758,0.00036082,9.3346,8.4088,0.0842,5.5545,0.2517,615.7635,65.9540,8.3255,9.6426,5.1431,5.1891,8.2617,16.7816,25.8881,44.2602,5.1891,0.0,4.9889,8.529385,1.798876,29,193,98,2,0.20855820,0.00902045,0.00297427,0E-8,0.000000,0.900656,0.000000,0.00763944,2026-03-21,2026-08-06,87,1920,882,139,0.625899,0.863400,0.891889,0.695194,,,,,,,,GLOBAL_BASELINE_NO_ENTITY_RANKING,,,NOT_APPLICABLE_GLOBAL_BASELINE,HF9g-P5,,,,X 全窗基线 · 不参与实体赏罚,8396773,840,A168_HF9F_20260827_0900,2026-08-27 09:00:00
2026-06-05,54653530,2280,0,95.4046339394,8.0232468434,8.0232468434,0.3750000,9,9,0.50665070000000000,0.506650700000,-0.7447947118953172,-0.7447947118953172,-0.7447947118953172,0E-17,ELIGIBLE,R03b_20260811_FULL_v1,L1_ELIGIBILITY,v2026-08-11,2026-03-21..2026-08-06,baccarat_bet02_101_all_pairs_incl_sentinel,round_win = game_pnl > 0 (decisive only),COMPATIBILITY_ONLY_NOT_PRODUCTION,53571.4227,48249.4483,483.2383,5739,5738,-0.00902045,-0.00297427,-0.01061372,-0.00902045,-483.2383,53571.4227,OK,0.0000,19.3295,4.0000,96.0000,AG03-UNRESOLVED,ALL5_LEVELS_bet23_to_bet27,19.3295,19.3295,24.1619,0.0000,0.0000,4.000000,4.000000,5.000000,0.000000,0.000000,96.000000,96.000000,95.000000,100.000000,100.000000,5.0,62.8210,60.1535,420.4173,423.0848,PENDING_AG03,FALSE,NOT_FOR_ENFORCEMENT,463.9088,46319.4703,483.2383,463.9088,19.3295,0.00902045,0.00865963,19.3295,463.9088,0.00865963,19.3295,19.3295,24.1619,0.0000,0.0000,463.9088,0.00865963,62.8210,60.1535,420.4173,423.0848,0.00784779,0.00789758,0.00036082,9.3346,8.4088,0.0842,5.5545,0.2517,615.7635,65.9540,8.3255,9.6426,5.1431,5.1891,8.2617,16.7816,25.8881,44.2602,5.1891,0.0,4.9889,8.529385,1.798876,29,193,98,2,0.20855820,0.00902045,0.00297427,0E-8,0.000000,0.900656,0.000000,0.00763944,2026-03-21,2026-08-06,87,1920,882,139,0.625899,0.863400,0.891889,0.695194,,,,,,,,GLOBAL_BASELINE_NO_ENTITY_RANKING,,,NOT_APPLICABLE_GLOBAL_BASELINE,HF9g-P5,,,,X 全窗基线 · 不参与实体赏罚,8396774,840,A168_HF9F_20260827_0900,2026-08-27 09:00:00
2026-06-05,54653530,471,0,16.2007868954,15.3907475506,15.3907475506,1.0000000,1,1,0.50665070000000000,0.506650700000,0.9867858985152569,0.9867858985152569,0.9867858985152569,0E-17,ELIGIBLE,R03b_20260811_FULL_v1,L1_ELIGIBILITY,v2026-08-11,2026-03-21..2026-08-06,baccarat_bet02_101_all_pairs_incl_sentinel,round_win = game_pnl > 0 (decisive only),COMPATIBILITY_ONLY_NOT_PRODUCTION,53571.4227,48249.4483,483.2383,5739,5738,-0.00902045,-0.00297427,-0.01061372,-0.00902045,-483.2383,53571.4227,OK,0.0000,19.3295,4.0000,96.0000,AG03-UNRESOLVED,ALL5_LEVELS_bet23_to_bet27,19.3295,19.3295,24.1619,0.0000,0.0000,4.000000,4.000000,5.000000,0.000000,0.000000,96.000000,96.000000,95.000000,100.000000,100.000000,5.0,62.8210,60.1535,420.4173,423.0848,PENDING_AG03,FALSE,NOT_FOR_ENFORCEMENT,463.9088,46319.4703,483.2383,463.9088,19.3295,0.00902045,0.00865963,19.3295,463.9088,0.00865963,19.3295,19.3295,24.1619,0.0000,0.0000,463.9088,0.00865963,62.8210,60.1535,420.4173,423.0848,0.00784779,0.00789758,0.00036082,9.3346,8.4088,0.0842,5.5545,0.2517,615.7635,65.9540,8.3255,9.6426,5.1431,5.1891,8.2617,16.7816,25.8881,44.2602,5.1891,0.0,4.9889,8.529385,1.798876,29,193,98,2,0.20855820,0.00902045,0.00297427,0E-8,0.000000,0.900656,0.000000,0.00763944,2026-03-21,2026-08-06,87,1920,882,139,0.625899,0.863400,0.891889,0.695194,,,,,,,,GLOBAL_BASELINE_NO_ENTITY_RANKING,,,NOT_APPLICABLE_GLOBAL_BASELINE,HF9g-P5,,,,X 全窗基线 · 不参与实体赏罚,8396775,840,A168_HF9F_20260827_0900,2026-08-27 09:00:00
2026-06-05,54653530,526,0,83.3183326048,23.4911409983,23.4911409983,0.5833333,12,12,0.50665070000000000,0.506650700000,0.5313198725250433,0.5313198725250433,0.5313198725250433,0E-17,ELIGIBLE,R03b_20260811_FULL_v1,L1_ELIGIBILITY,v2026-08-11,2026-03-21..2026-08-06,baccarat_bet02_101_all_pairs_incl_sentinel,round_win = game_pnl > 0 (decisive only),COMPATIBILITY_ONLY_NOT_PRODUCTION,53571.4227,48249.4483,483.2383,5739,5738,-0.00902045,-0.00297427,-0.01061372,-0.00902045,-483.2383,53571.4227,OK,0.0000,19.3295,4.0000,96.0000,AG03-UNRESOLVED,ALL5_LEVELS_bet23_to_bet27,19.3295,19.3295,24.1619,0.0000,0.0000,4.000000,4.000000,5.000000,0.000000,0.000000,96.000000,96.000000,95.000000,100.000000,100.000000,5.0,62.8210,60.1535,420.4173,423.0848,PENDING_AG03,FALSE,NOT_FOR_ENFORCEMENT,463.9088,46319.4703,483.2383,463.9088,19.3295,0.00902045,0.00865963,19.3295,463.9088,0.00865963,19.3295,19.3295,24.1619,0.0000,0.0000,463.9088,0.00865963,62.8210,60.1535,420.4173,423.0848,0.00784779,0.00789758,0.00036082,9.3346,8.4088,0.0842,5.5545,0.2517,615.7635,65.9540,8.3255,9.6426,5.1431,5.1891,8.2617,16.7816,25.8881,44.2602,5.1891,0.0,4.9889,8.529385,1.798876,29,193,98,2,0.20855820,0.00902045,0.00297427,0E-8,0.000000,0.900656,0.000000,0.00763944,2026-03-21,2026-08-06,87,1920,882,139,0.625899,0.863400,0.891889,0.695194,,,,,,,,GLOBAL_BASELINE_NO_ENTITY_RANKING,,,NOT_APPLICABLE_GLOBAL_BASELINE,HF9g-P5,,,,X 全窗基线 · 不参与实体赏罚,8396776,840,A168_HF9F_20260827_0900,2026-08-27 09:00:00
2026-06-05,54653530,550,0,5.1431069509,4.8859516034,4.8859516034,1.0000000,1,1,0.50665070000000000,0.506650700000,0.9867858985152569,0.9867858985152569,0.9867858985152569,0E-17,ELIGIBLE,R03b_20260811_FULL_v1,L1_ELIGIBILITY,v2026-08-11,2026-03-21..2026-08-06,baccarat_bet02_101_all_pairs_incl_sentinel,round_win = game_pnl > 0 (decisive only),COMPATIBILITY_ONLY_NOT_PRODUCTION,53571.4227,48249.4483,483.2383,5739,5738,-0.00902045,-0.00297427,-0.01061372,-0.00902045,-483.2383,53571.4227,OK,0.0000,19.3295,4.0000,96.0000,AG03-UNRESOLVED,ALL5_LEVELS_bet23_to_bet27,19.3295,19.3295,24.1619,0.0000,0.0000,4.000000,4.000000,5.000000,0.000000,0.000000,96.000000,96.000000,95.000000,100.000000,100.000000,5.0,62.8210,60.1535,420.4173,423.0848,PENDING_AG03,FALSE,NOT_FOR_ENFORCEMENT,463.9088,46319.4703,483.2383,463.9088,19.3295,0.00902045,0.00865963,19.3295,463.9088,0.00865963,19.3295,19.3295,24.1619,0.0000,0.0000,463.9088,0.00865963,62.8210,60.1535,420.4173,423.0848,0.00784779,0.00789758,0.00036082,9.3346,8.4088,0.0842,5.5545,0.2517,615.7635,65.9540,8.3255,9.6426,5.1431,5.1891,8.2617,16.7816,25.8881,44.2602,5.1891,0.0,4.9889,8.529385,1.798876,29,193,98,2,0.20855820,0.00902045,0.00297427,0E-8,0.000000,0.900656,0.000000,0.00763944,2026-03-21,2026-08-06,87,1920,882,139,0.625899,0.863400,0.891889,0.695194,,,,,,,,GLOBAL_BASELINE_NO_ENTITY_RANKING,,,NOT_APPLICABLE_GLOBAL_BASELINE,HF9g-P5,,,,X 全窗基线 · 不参与实体赏罚,8396777,840,A168_HF9F_20260827_0900,2026-08-27 09:00:00
2026-06-05,54653530,583,0,64.5459922338,11.4305551985,11.4305551985,0.5000000,8,8,0.50665070000000000,0.506650700000,-0.032584525537284574,-0.032584525537284574,-0.032584525537284574,0E-17,ELIGIBLE,R03b_20260811_FULL_v1,L1_ELIGIBILITY,v2026-08-11,2026-03-21..2026-08-06,baccarat_bet02_101_all_pairs_incl_sentinel,round_win = game_pnl > 0 (decisive only),COMPATIBILITY_ONLY_NOT_PRODUCTION,53571.4227,48249.4483,483.2383,5739,5738,-0.00902045,-0.00297427,-0.01061372,-0.00902045,-483.2383,53571.4227,OK,0.0000,19.3295,4.0000,96.0000,AG03-UNRESOLVED,ALL5_LEVELS_bet23_to_bet27,19.3295,19.3295,24.1619,0.0000,0.0000,4.000000,4.000000,5.000000,0.000000,0.000000,96.000000,96.000000,95.000000,100.000000,100.000000,5.0,62.8210,60.1535,420.4173,423.0848,PENDING_AG03,FALSE,NOT_FOR_ENFORCEMENT,463.9088,46319.4703,483.2383,463.9088,19.3295,0.00902045,0.00865963,19.3295,463.9088,0.00865963,19.3295,19.3295,24.1619,0.0000,0.0000,463.9088,0.00865963,62.8210,60.1535,420.4173,423.0848,0.00784779,0.00789758,0.00036082,9.3346,8.4088,0.0842,5.5545,0.2517,615.7635,65.9540,8.3255,9.6426,5.1431,5.1891,8.2617,16.7816,25.8881,44.2602,5.1891,0.0,4.9889,8.529385,1.798876,29,193,98,2,0.20855820,0.00902045,0.00297427,0E-8,0.000000,0.900656,0.000000,0.00763944,2026-03-21,2026-08-06,87,1920,882,139,0.625899,0.863400,0.891889,0.695194,,,,,,,,GLOBAL_BASELINE_NO_ENTITY_RANKING,,,NOT_APPLICABLE_GLOBAL_BASELINE,HF9g-P5,,,,X 全窗基线 · 不参与实体赏罚,8396778,840,A168_HF9F_20260827_0900,2026-08-27 09:00:00
2026-06-05,54653530,801,0,5.1431069509,5.1431069509,5.1431069509,1.0000000,1,1,0.49324550000000000,0.493245500000,1.01360149184955,1.01360149184955,1.01360149184955,0E-17,ELIGIBLE,R03b_20260811_FULL_v1,L1_ELIGIBILITY,v2026-08-11,2026-03-21..2026-08-06,baccarat_bet02_101_all_pairs_incl_sentinel,round_win = game_pnl > 0 (decisive only),COMPATIBILITY_ONLY_NOT_PRODUCTION,53571.4227,48249.4483,483.2383,5739,5738,-0.00902045,-0.00297427,-0.01061372,-0.00902045,-483.2383,53571.4227,OK,0.0000,19.3295,4.0000,96.0000,AG03-UNRESOLVED,ALL5_LEVELS_bet23_to_bet27,19.3295,19.3295,24.1619,0.0000,0.0000,4.000000,4.000000,5.000000,0.000000,0.000000,96.000000,96.000000,95.000000,100.000000,100.000000,5.0,62.8210,60.1535,420.4173,423.0848,PENDING_AG03,FALSE,NOT_FOR_ENFORCEMENT,463.9088,46319.4703,483.2383,463.9088,19.3295,0.00902045,0.00865963,19.3295,463.9088,0.00865963,19.3295,19.3295,24.1619,0.0000,0.0000,463.9088,0.00865963,62.8210,60.1535,420.4173,423.0848,0.00784779,0.00789758,0.00036082,9.3346,8.4088,0.0842,5.5545,0.2517,615.7635,65.9540,8.3255,9.6426,5.1431,5.1891,8.2617,16.7816,25.8881,44.2602,5.1891,0.0,4.9889,8.529385,1.798876,29,193,98,2,0.20855820,0.00902045,0.00297427,0E-8,0.000000,0.900656,0.000000,0.00763944,2026-03-21,2026-08-06,87,1920,882,139,0.625899,0.863400,0.891889,0.695194,,,,,,,,GLOBAL_BASELINE_NO_ENTITY_RANKING,,,NOT_APPLICABLE_GLOBAL_BASELINE,HF9g-P5,,,,X 全窗基线 · 不参与实体赏罚,8396779,840,A168_HF9F_20260827_0900,2026-08-27 09:00:00
2026-06-05,54653530,919,0,5.1431069509,4.8859516034,4.8859516034,1.0000000,1,1,0.50665070000000000,0.506650700000,0.9867858985152569,0.9867858985152569,0.9867858985152569,0E-17,ELIGIBLE,R03b_20260811_FULL_v1,L1_ELIGIBILITY,v2026-08-11,2026-03-21..2026-08-06,baccarat_bet02_101_all_pairs_incl_sentinel,round_win = game_pnl > 0 (decisive only),COMPATIBILITY_ONLY_NOT_PRODUCTION,53571.4227,48249.4483,483.2383,5739,5738,-0.00902045,-0.00297427,-0.01061372,-0.00902045,-483.2383,53571.4227,OK,0.0000,19.3295,4.0000,96.0000,AG03-UNRESOLVED,ALL5_LEVELS_bet23_to_bet27,19.3295,19.3295,24.1619,0.0000,0.0000,4.000000,4.000000,5.000000,0.000000,0.000000,96.000000,96.000000,95.000000,100.000000,100.000000,5.0,62.8210,60.1535,420.4173,423.0848,PENDING_AG03,FALSE,NOT_FOR_ENFORCEMENT,463.9088,46319.4703,483.2383,463.9088,19.3295,0.00902045,0.00865963,19.3295,463.9088,0.00865963,19.3295,19.3295,24.1619,0.0000,0.0000,463.9088,0.00865963,62.8210,60.1535,420.4173,423.0848,0.00784779,0.00789758,0.00036082,9.3346,8.4088,0.0842,5.5545,0.2517,615.7635,65.9540,8.3255,9.6426,5.1431,5.1891,8.2617,16.7816,25.8881,44.2602,5.1891,0.0,4.9889,8.529385,1.798876,29,193,98,2,0.20855820,0.00902045,0.00297427,0E-8,0.000000,0.900656,0.000000,0.00763944,2026-03-21,2026-08-06,87,1920,882,139,0.625899,0.863400,0.891889,0.695194,,,,,,,,GLOBAL_BASELINE_NO_ENTITY_RANKING,,,NOT_APPLICABLE_GLOBAL_BASELINE,HF9g-P5,,,,X 全窗基线 · 不参与实体赏罚,8396780,840,A168_HF9F_20260827_0900,2026-08-27 09:00:00
2026-06-05,54653530,986,0,15.4293208527,14.6578548102,14.6578548102,1.0000000,3,3,0.50665070000000000,0.506650700000,1.7091633124209307,1.7091633124209307,1.7091633124209307,0E-17,ELIGIBLE,R03b_20260811_FULL_v1,L1_ELIGIBILITY,v2026-08-11,2026-03-21..2026-08-06,baccarat_bet02_101_all_pairs_incl_sentinel,round_win = game_pnl > 0 (decisive only),COMPATIBILITY_ONLY_NOT_PRODUCTION,53571.4227,48249.4483,483.2383,5739,5738,-0.00902045,-0.00297427,-0.01061372,-0.00902045,-483.2383,53571.4227,OK,0.0000,19.3295,4.0000,96.0000,AG03-UNRESOLVED,ALL5_LEVELS_bet23_to_bet27,19.3295,19.3295,24.1619,0.0000,0.0000,4.000000,4.000000,5.000000,0.000000,0.000000,96.000000,96.000000,95.000000,100.000000,100.000000,5.0,62.8210,60.1535,420.4173,423.0848,PENDING_AG03,FALSE,NOT_FOR_ENFORCEMENT,463.9088,46319.4703,483.2383,463.9088,19.3295,0.00902045,0.00865963,19.3295,463.9088,0.00865963,19.3295,19.3295,24.1619,0.0000,0.0000,463.9088,0.00865963,62.8210,60.1535,420.4173,423.0848,0.00784779,0.00789758,0.00036082,9.3346,8.4088,0.0842,5.5545,0.2517,615.7635,65.9540,8.3255,9.6426,5.1431,5.1891,8.2617,16.7816,25.8881,44.2602,5.1891,0.0,4.9889,8.529385,1.798876,29,193,98,2,0.20855820,0.00902045,0.00297427,0E-8,0.000000,0.900656,0.000000,0.00763944,2026-03-21,2026-08-06,87,1920,882,139,0.625899,0.863400,0.891889,0.695194,,,,,,,,GLOBAL_BASELINE_NO_ENTITY_RANKING,,,NOT_APPLICABLE_GLOBAL_BASELINE,HF9g-P5,,,,X 全窗基线 · 不参与实体赏罚,8396781,840,A168_HF9F_20260827_0900,2026-08-27 09:00:00
2026-06-06,54653530,-1,1,132.1778486383,0.2442975803,0.2442975803,0.5000000,19,19,0.50241747894736842,0.502417478947,-0.019340057634770695,-0.01934005763182323,-0.019340057634770695,3.6842E-13,SENTINEL_DEALER,R03b_20260811_FULL_v1,L1_ELIGIBILITY,v2026-08-11,2026-03-21..2026-08-06,baccarat_bet02_101_all_pairs_incl_sentinel,round_win = game_pnl > 0 (decisive only),COMPATIBILITY_ONLY_NOT_PRODUCTION,53571.4227,48249.4483,483.2383,5739,5738,-0.00902045,-0.00297427,-0.01061372,-0.00902045,-483.2383,53571.4227,OK,0.0000,19.3295,4.0000,96.0000,AG03-UNRESOLVED,ALL5_LEVELS_bet23_to_bet27,19.3295,19.3295,24.1619,0.0000,0.0000,4.000000,4.000000,5.000000,0.000000,0.000000,96.000000,96.000000,95.000000,100.000000,100.000000,5.0,62.8210,60.1535,420.4173,423.0848,PENDING_AG03,FALSE,NOT_FOR_ENFORCEMENT,463.9088,46319.4703,483.2383,463.9088,19.3295,0.00902045,0.00865963,19.3295,463.9088,0.00865963,19.3295,19.3295,24.1619,0.0000,0.0000,463.9088,0.00865963,62.8210,60.1535,420.4173,423.0848,0.00784779,0.00789758,0.00036082,9.3346,8.4088,0.0842,5.5545,0.2517,615.7635,65.9540,8.3255,9.6426,5.1431,5.1891,8.2617,16.7816,25.8881,44.2602,5.1891,0.0,4.9889,8.529385,1.798876,29,193,98,2,0.20855820,0.00902045,0.00297427,0E-8,0.000000,0.900656,0.000000,0.00763944,2026-03-21,2026-08-06,87,1920,882,139,0.625899,0.863400,0.891889,0.695194,,,,,,,,GLOBAL_BASELINE_NO_ENTITY_RANKING,,,NOT_APPLICABLE_GLOBAL_BASELINE,HF9g-P5,,,,X 全窗基线 · 不参与实体赏罚,8396782,840,A168_HF9F_20260827_0900,2026-08-27 09:00:00
2026-06-06,54653530,1017,0,5.1431069509,5.1431069509,5.1431069509,1.0000000,1,1,0.49324550000000000,0.493245500000,1.01360149184955,1.01360149184955,1.01360149184955,0E-17,ELIGIBLE,R03b_20260811_FULL_v1,L1_ELIGIBILITY,v2026-08-11,2026-03-21..2026-08-06,baccarat_bet02_101_all_pairs_incl_sentinel,round_win = game_pnl > 0 (decisive only),COMPATIBILITY_ONLY_NOT_PRODUCTION,53571.4227,48249.4483,483.2383,5739,5738,-0.00902045,-0.00297427,-0.01061372,-0.00902045,-483.2383,53571.4227,OK,0.0000,19.3295,4.0000,96.0000,AG03-UNRESOLVED,ALL5_LEVELS_bet23_to_bet27,19.3295,19.3295,24.1619,0.0000,0.0000,4.000000,4.000000,5.000000,0.000000,0.000000,96.000000,96.000000,95.000000,100.000000,100.000000,5.0,62.8210,60.1535,420.4173,423.0848,PENDING_AG03,FALSE,NOT_FOR_ENFORCEMENT,463.9088,46319.4703,483.2383,463.9088,19.3295,0.00902045,0.00865963,19.3295,463.9088,0.00865963,19.3295,19.3295,24.1619,0.0000,0.0000,463.9088,0.00865963,62.8210,60.1535,420.4173,423.0848,0.00784779,0.00789758,0.00036082,9.3346,8.4088,0.0842,5.5545,0.2517,615.7635,65.9540,8.3255,9.6426,5.1431,5.1891,8.2617,16.7816,25.8881,44.2602,5.1891,0.0,4.9889,8.529385,1.798876,29,193,98,2,0.20855820,0.00902045,0.00297427,0E-8,0.000000,0.900656,0.000000,0.00763944,2026-03-21,2026-08-06,87,1920,882,139,0.625899,0.863400,0.891889,0.695194,,,,,,,,GLOBAL_BASELINE_NO_ENTITY_RANKING,,,NOT_APPLICABLE_GLOBAL_BASELINE,HF9g-P5,,,,X 全窗基线 · 不参与实体赏罚,8396783,840,A168_HF9F_20260827_0900,2026-08-27 09:00:00
2026-06-06,54653530,1094,0,77.9180703063,6.5317458277,6.5317458277,0.4444444,11,11,0.50421339090909091,0.504213390909,-0.35862641216157626,-0.35862641216103014,-0.35862641216157626,9.091E-14,ELIGIBLE,R03b_20260811_FULL_v1,L1_ELIGIBILITY,v2026-08-11,2026-03-21..2026-08-06,baccarat_bet02_101_all_pairs_incl_sentinel,round_win = game_pnl > 0 (decisive only),COMPATIBILITY_ONLY_NOT_PRODUCTION,53571.4227,48249.4483,483.2383,5739,5738,-0.00902045,-0.00297427,-0.01061372,-0.00902045,-483.2383,53571.4227,OK,0.0000,19.3295,4.0000,96.0000,AG03-UNRESOLVED,ALL5_LEVELS_bet23_to_bet27,19.3295,19.3295,24.1619,0.0000,0.0000,4.000000,4.000000,5.000000,0.000000,0.000000,96.000000,96.000000,95.000000,100.000000,100.000000,5.0,62.8210,60.1535,420.4173,423.0848,PENDING_AG03,FALSE,NOT_FOR_ENFORCEMENT,463.9088,46319.4703,483.2383,463.9088,19.3295,0.00902045,0.00865963,19.3295,463.9088,0.00865963,19.3295,19.3295,24.1619,0.0000,0.0000,463.9088,0.00865963,62.8210,60.1535,420.4173,423.0848,0.00784779,0.00789758,0.00036082,9.3346,8.4088,0.0842,5.5545,0.2517,615.7635,65.9540,8.3255,9.6426,5.1431,5.1891,8.2617,16.7816,25.8881,44.2602,5.1891,0.0,4.9889,8.529385,1.798876,29,193,98,2,0.20855820,0.00902045,0.00297427,0E-8,0.000000,0.900656,0.000000,0.00763944,2026-03-21,2026-08-06,87,1920,882,139,0.625899,0.863400,0.891889,0.695194,,,,,,,,GLOBAL_BASELINE_NO_ENTITY_RANKING,,,NOT_APPLICABLE_GLOBAL_BASELINE,HF9g-P5,,,,X 全窗基线 · 不参与实体赏罚,8396784,840,A168_HF9F_20260827_0900,2026-08-27 09:00:00
2026-06-06,54653530,1115,0,15.4293208527,4.6287962558,4.6287962558,0.5000000,2,2,0.50665070000000000,0.506650700000,-0.018812684590367487,-0.018812684590367487,-0.018812684590367487,0E-17,ELIGIBLE,R03b_20260811_FULL_v1,L1_ELIGIBILITY,v2026-08-11,2026-03-21..2026-08-06,baccarat_bet02_101_all_pairs_incl_sentinel,round_win = game_pnl > 0 (decisive only),COMPATIBILITY_ONLY_NOT_PRODUCTION,53571.4227,48249.4483,483.2383,5739,5738,-0.00902045,-0.00297427,-0.01061372,-0.00902045,-483.2383,53571.4227,OK,0.0000,19.3295,4.0000,96.0000,AG03-UNRESOLVED,ALL5_LEVELS_bet23_to_bet27,19.3295,19.3295,24.1619,0.0000,0.0000,4.000000,4.000000,5.000000,0.000000,0.000000,96.000000,96.000000,95.000000,100.000000,100.000000,5.0,62.8210,60.1535,420.4173,423.0848,PENDING_AG03,FALSE,NOT_FOR_ENFORCEMENT,463.9088,46319.4703,483.2383,463.9088,19.3295,0.00902045,0.00865963,19.3295,463.9088,0.00865963,19.3295,19.3295,24.1619,0.0000,0.0000,463.9088,0.00865963,62.8210,60.1535,420.4173,423.0848,0.00784779,0.00789758,0.00036082,9.3346,8.4088,0.0842,5.5545,0.2517,615.7635,65.9540,8.3255,9.6426,5.1431,5.1891,8.2617,16.7816,25.8881,44.2602,5.1891,0.0,4.9889,8.529385,1.798876,29,193,98,2,0.20855820,0.00902045,0.00297427,0E-8,0.000000,0.900656,0.000000,0.00763944,2026-03-21,2026-08-06,87,1920,882,139,0.625899,0.863400,0.891889,0.695194,,,,,,,,GLOBAL_BASELINE_NO_ENTITY_RANKING,,,NOT_APPLICABLE_GLOBAL_BASELINE,HF9g-P5,,,,X 全窗基线 · 不参与实体赏罚,8396785,840,A168_HF9F_20260827_0900,2026-08-27 09:00:00
2026-06-06,54653530,1299,0,5.1431069509,4.8859516034,4.8859516034,1.0000000,1,1,0.50665070000000000,0.506650700000,0.9867858985152569,0.9867858985152569,0.9867858985152569,0E-17,ELIGIBLE,R03b_20260811_FULL_v1,L1_ELIGIBILITY,v2026-08-11,2026-03-21..2026-08-06,baccarat_bet02_101_all_pairs_incl_sentinel,round_win = game_pnl > 0 (decisive only),COMPATIBILITY_ONLY_NOT_PRODUCTION,53571.4227,48249.4483,483.2383,5739,5738,-0.00902045,-0.00297427,-0.01061372,-0.00902045,-483.2383,53571.4227,OK,0.0000,19.3295,4.0000,96.0000,AG03-UNRESOLVED,ALL5_LEVELS_bet23_to_bet27,19.3295,19.3295,24.1619,0.0000,0.0000,4.000000,4.000000,5.000000,0.000000,0.000000,96.000000,96.000000,95.000000,100.000000,100.000000,5.0,62.8210,60.1535,420.4173,423.0848,PENDING_AG03,FALSE,NOT_FOR_ENFORCEMENT,463.9088,46319.4703,483.2383,463.9088,19.3295,0.00902045,0.00865963,19.3295,463.9088,0.00865963,19.3295,19.3295,24.1619,0.0000,0.0000,463.9088,0.00865963,62.8210,60.1535,420.4173,423.0848,0.00784779,0.00789758,0.00036082,9.3346,8.4088,0.0842,5.5545,0.2517,615.7635,65.9540,8.3255,9.6426,5.1431,5.1891,8.2617,16.7816,25.8881,44.2602,5.1891,0.0,4.9889,8.529385,1.798876,29,193,98,2,0.20855820,0.00902045,0.00297427,0E-8,0.000000,0.900656,0.000000,0.00763944,2026-03-21,2026-08-06,87,1920,882,139,0.625899,0.863400,0.891889,0.695194,,,,,,,,GLOBAL_BASELINE_NO_ENTITY_RANKING,,,NOT_APPLICABLE_GLOBAL_BASELINE,HF9g-P5,,,,X 全窗基线 · 不参与实体赏罚,8396786,840,A168_HF9F_20260827_0900,2026-08-27 09:00:00
2026-06-06,54653530,1318,0,142.4640625400,5.4002622986,5.4002622986,0.4166667,14,14,0.50282064285714286,0.502820642857,-0.5969017541514067,-0.5969017541504159,-0.5969017541514067,1.4286E-13,ELIGIBLE,R03b_20260811_FULL_v1,L1_ELIGIBILITY,v2026-08-11,2026-03-21..2026-08-06,baccarat_bet02_101_all_pairs_incl_sentinel,round_win = game_pnl > 0 (decisive only),COMPATIBILITY_ONLY_NOT_PRODUCTION,53571.4227,48249.4483,483.2383,5739,5738,-0.00902045,-0.00297427,-0.01061372,-0.00902045,-483.2383,53571.4227,OK,0.0000,19.3295,4.0000,96.0000,AG03-UNRESOLVED,ALL5_LEVELS_bet23_to_bet27,19.3295,19.3295,24.1619,0.0000,0.0000,4.000000,4.000000,5.000000,0.000000,0.000000,96.000000,96.000000,95.000000,100.000000,100.000000,5.0,62.8210,60.1535,420.4173,423.0848,PENDING_AG03,FALSE,NOT_FOR_ENFORCEMENT,463.9088,46319.4703,483.2383,463.9088,19.3295,0.00902045,0.00865963,19.3295,463.9088,0.00865963,19.3295,19.3295,24.1619,0.0000,0.0000,463.9088,0.00865963,62.8210,60.1535,420.4173,423.0848,0.00784779,0.00789758,0.00036082,9.3346,8.4088,0.0842,5.5545,0.2517,615.7635,65.9540,8.3255,9.6426,5.1431,5.1891,8.2617,16.7816,25.8881,44.2602,5.1891,0.0,4.9889,8.529385,1.798876,29,193,98,2,0.20855820,0.00902045,0.00297427,0E-8,0.000000,0.900656,0.000000,0.00763944,2026-03-21,2026-08-06,87,1920,882,139,0.625899,0.863400,0.891889,0.695194,,,,,,,,GLOBAL_BASELINE_NO_ENTITY_RANKING,,,NOT_APPLICABLE_GLOBAL_BASELINE,HF9g-P5,,,,X 全窗基线 · 不参与实体赏罚,8396787,840,A168_HF9F_20260827_0900,2026-08-27 09:00:00
2026-06-06,54653530,1331,0,270.0131149225,3.1887263098,3.1887263098,0.5000000,30,30,0.50084178000000000,0.500841780000,-0.008584517458180608,-0.008584517458180608,-0.008584517458180608,0E-17,ELIGIBLE,R03b_20260811_FULL_v1,L1_ELIGIBILITY,v2026-08-11,2026-03-21..2026-08-06,baccarat_bet02_101_all_pairs_incl_sentinel,round_win = game_pnl > 0 (decisive only),COMPATIBILITY_ONLY_NOT_PRODUCTION,53571.4227,48249.4483,483.2383,5739,5738,-0.00902045,-0.00297427,-0.01061372,-0.00902045,-483.2383,53571.4227,OK,0.0000,19.3295,4.0000,96.0000,AG03-UNRESOLVED,ALL5_LEVELS_bet23_to_bet27,19.3295,19.3295,24.1619,0.0000,0.0000,4.000000,4.000000,5.000000,0.000000,0.000000,96.000000,96.000000,95.000000,100.000000,100.000000,5.0,62.8210,60.1535,420.4173,423.0848,PENDING_AG03,FALSE,NOT_FOR_ENFORCEMENT,463.9088,46319.4703,483.2383,463.9088,19.3295,0.00902045,0.00865963,19.3295,463.9088,0.00865963,19.3295,19.3295,24.1619,0.0000,0.0000,463.9088,0.00865963,62.8210,60.1535,420.4173,423.0848,0.00784779,0.00789758,0.00036082,9.3346,8.4088,0.0842,5.5545,0.2517,615.7635,65.9540,8.3255,9.6426,5.1431,5.1891,8.2617,16.7816,25.8881,44.2602,5.1891,0.0,4.9889,8.529385,1.798876,29,193,98,2,0.20855820,0.00902045,0.00297427,0E-8,0.000000,0.900656,0.000000,0.00763944,2026-03-21,2026-08-06,87,1920,882,139,0.625899,0.863400,0.891889,0.695194,,,,,,,,GLOBAL_BASELINE_NO_ENTITY_RANKING,,,NOT_APPLICABLE_GLOBAL_BASELINE,HF9g-P5,,,,X 全窗基线 · 不参与实体赏罚,8396788,840,A168_HF9F_20260827_0900,2026-08-27 09:00:00
2026-06-06,54653530,1400,0,204.1813459513,-122.0587857126,-122.0587857126,0.2631579,20,20,0.50329940000000000,0.503299400000,-2.0935506886344832,-2.0935506886344837,-2.0935506886344832,0E-17,ELIGIBLE,R03b_20260811_FULL_v1,L1_ELIGIBILITY,v2026-08-11,2026-03-21..2026-08-06,baccarat_bet02_101_all_pairs_incl_sentinel,round_win = game_pnl > 0 (decisive only),COMPATIBILITY_ONLY_NOT_PRODUCTION,53571.4227,48249.4483,483.2383,5739,5738,-0.00902045,-0.00297427,-0.01061372,-0.00902045,-483.2383,53571.4227,OK,0.0000,19.3295,4.0000,96.0000,AG03-UNRESOLVED,ALL5_LEVELS_bet23_to_bet27,19.3295,19.3295,24.1619,0.0000,0.0000,4.000000,4.000000,5.000000,0.000000,0.000000,96.000000,96.000000,95.000000,100.000000,100.000000,5.0,62.8210,60.1535,420.4173,423.0848,PENDING_AG03,FALSE,NOT_FOR_ENFORCEMENT,463.9088,46319.4703,483.2383,463.9088,19.3295,0.00902045,0.00865963,19.3295,463.9088,0.00865963,19.3295,19.3295,24.1619,0.0000,0.0000,463.9088,0.00865963,62.8210,60.1535,420.4173,423.0848,0.00784779,0.00789758,0.00036082,9.3346,8.4088,0.0842,5.5545,0.2517,615.7635,65.9540,8.3255,9.6426,5.1431,5.1891,8.2617,16.7816,25.8881,44.2602,5.1891,0.0,4.9889,8.529385,1.798876,29,193,98,2,0.20855820,0.00902045,0.00297427,0E-8,0.000000,0.900656,0.000000,0.00763944,2026-03-21,2026-08-06,87,1920,882,139,0.625899,0.863400,0.891889,0.695194,,,,,,,,GLOBAL_BASELINE_NO_ENTITY_RANKING,,,NOT_APPLICABLE_GLOBAL_BASELINE,HF9g-P5,,,,X 全窗基线 · 不参与实体赏罚,8396789,840,A168_HF9F_20260827_0900,2026-08-27 09:00:00
2026-06-06,54653530,1485,0,67.8890117520,-62.7459048011,-62.7459048011,0E-7,7,7,0.50473567142857143,0.504735671429,-2.472800615390478,-2.472800615392598,-2.472800615390478,-4.2857E-13,ELIGIBLE,R03b_20260811_FULL_v1,L1_ELIGIBILITY,v2026-08-11,2026-03-21..2026-08-06,baccarat_bet02_101_all_pairs_incl_sentinel,round_win = game_pnl > 0 (decisive only),COMPATIBILITY_ONLY_NOT_PRODUCTION,53571.4227,48249.4483,483.2383,5739,5738,-0.00902045,-0.00297427,-0.01061372,-0.00902045,-483.2383,53571.4227,OK,0.0000,19.3295,4.0000,96.0000,AG03-UNRESOLVED,ALL5_LEVELS_bet23_to_bet27,19.3295,19.3295,24.1619,0.0000,0.0000,4.000000,4.000000,5.000000,0.000000,0.000000,96.000000,96.000000,95.000000,100.000000,100.000000,5.0,62.8210,60.1535,420.4173,423.0848,PENDING_AG03,FALSE,NOT_FOR_ENFORCEMENT,463.9088,46319.4703,483.2383,463.9088,19.3295,0.00902045,0.00865963,19.3295,463.9088,0.00865963,19.3295,19.3295,24.1619,0.0000,0.0000,463.9088,0.00865963,62.8210,60.1535,420.4173,423.0848,0.00784779,0.00789758,0.00036082,9.3346,8.4088,0.0842,5.5545,0.2517,615.7635,65.9540,8.3255,9.6426,5.1431,5.1891,8.2617,16.7816,25.8881,44.2602,5.1891,0.0,4.9889,8.529385,1.798876,29,193,98,2,0.20855820,0.00902045,0.00297427,0E-8,0.000000,0.900656,0.000000,0.00763944,2026-03-21,2026-08-06,87,1920,882,139,0.625899,0.863400,0.891889,0.695194,,,,,,,,GLOBAL_BASELINE_NO_ENTITY_RANKING,,,NOT_APPLICABLE_GLOBAL_BASELINE,HF9g-P5,,,,X 全窗基线 · 不参与实体赏罚,8396790,840,A168_HF9F_20260827_0900,2026-08-27 09:00:00
2026-06-06,54653530,1505,0,189.0091804457,32.0801296066,32.0801296066,0.4000000,15,15,0.49950126000000000,0.499501260000,-0.7707338292405164,-0.7707338292405164,-0.7707338292405164,0E-17,ELIGIBLE,R03b_20260811_FULL_v1,L1_ELIGIBILITY,v2026-08-11,2026-03-21..2026-08-06,baccarat_bet02_101_all_pairs_incl_sentinel,round_win = game_pnl > 0 (decisive only),COMPATIBILITY_ONLY_NOT_PRODUCTION,53571.4227,48249.4483,483.2383,5739,5738,-0.00902045,-0.00297427,-0.01061372,-0.00902045,-483.2383,53571.4227,OK,0.0000,19.3295,4.0000,96.0000,AG03-UNRESOLVED,ALL5_LEVELS_bet23_to_bet27,19.3295,19.3295,24.1619,0.0000,0.0000,4.000000,4.000000,5.000000,0.000000,0.000000,96.000000,96.000000,95.000000,100.000000,100.000000,5.0,62.8210,60.1535,420.4173,423.0848,PENDING_AG03,FALSE,NOT_FOR_ENFORCEMENT,463.9088,46319.4703,483.2383,463.9088,19.3295,0.00902045,0.00865963,19.3295,463.9088,0.00865963,19.3295,19.3295,24.1619,0.0000,0.0000,463.9088,0.00865963,62.8210,60.1535,420.4173,423.0848,0.00784779,0.00789758,0.00036082,9.3346,8.4088,0.0842,5.5545,0.2517,615.7635,65.9540,8.3255,9.6426,5.1431,5.1891,8.2617,16.7816,25.8881,44.2602,5.1891,0.0,4.9889,8.529385,1.798876,29,193,98,2,0.20855820,0.00902045,0.00297427,0E-8,0.000000,0.900656,0.000000,0.00763944,2026-03-21,2026-08-06,87,1920,882,139,0.625899,0.863400,0.891889,0.695194,,,,,,,,GLOBAL_BASELINE_NO_ENTITY_RANKING,,,NOT_APPLICABLE_GLOBAL_BASELINE,HF9g-P5,,,,X 全窗基线 · 不参与实体赏罚,8396791,840,A168_HF9F_20260827_0900,2026-08-27 09:00:00
2026-06-06,54653530,1509,0,5.1431069509,4.8859516034,4.8859516034,1.0000000,1,1,0.50665070000000000,0.506650700000,0.9867858985152569,0.9867858985152569,0.9867858985152569,0E-17,ELIGIBLE,R03b_20260811_FULL_v1,L1_ELIGIBILITY,v2026-08-11,2026-03-21..2026-08-06,baccarat_bet02_101_all_pairs_incl_sentinel,round_win = game_pnl > 0 (decisive only),COMPATIBILITY_ONLY_NOT_PRODUCTION,53571.4227,48249.4483,483.2383,5739,5738,-0.00902045,-0.00297427,-0.01061372,-0.00902045,-483.2383,53571.4227,OK,0.0000,19.3295,4.0000,96.0000,AG03-UNRESOLVED,ALL5_LEVELS_bet23_to_bet27,19.3295,19.3295,24.1619,0.0000,0.0000,4.000000,4.000000,5.000000,0.000000,0.000000,96.000000,96.000000,95.000000,100.000000,100.000000,5.0,62.8210,60.1535,420.4173,423.0848,PENDING_AG03,FALSE,NOT_FOR_ENFORCEMENT,463.9088,46319.4703,483.2383,463.9088,19.3295,0.00902045,0.00865963,19.3295,463.9088,0.00865963,19.3295,19.3295,24.1619,0.0000,0.0000,463.9088,0.00865963,62.8210,60.1535,420.4173,423.0848,0.00784779,0.00789758,0.00036082,9.3346,8.4088,0.0842,5.5545,0.2517,615.7635,65.9540,8.3255,9.6426,5.1431,5.1891,8.2617,16.7816,25.8881,44.2602,5.1891,0.0,4.9889,8.529385,1.798876,29,193,98,2,0.20855820,0.00902045,0.00297427,0E-8,0.000000,0.900656,0.000000,0.00763944,2026-03-21,2026-08-06,87,1920,882,139,0.625899,0.863400,0.891889,0.695194,,,,,,,,GLOBAL_BASELINE_NO_ENTITY_RANKING,,,NOT_APPLICABLE_GLOBAL_BASELINE,HF9g-P5,,,,X 全窗基线 · 不参与实体赏罚,8396792,840,A168_HF9F_20260827_0900,2026-08-27 09:00:00
2026-06-06,54653530,1623,0,58.3742638928,-58.3742638928,-58.3742638928,0E-7,2,2,0.50665070000000000,0.506650700000,-1.4331513700195317,-1.4331513700195317,-1.4331513700195317,0E-17,ELIGIBLE,R03b_20260811_FULL_v1,L1_ELIGIBILITY,v2026-08-11,2026-03-21..2026-08-06,baccarat_bet02_101_all_pairs_incl_sentinel,round_win = game_pnl > 0 (decisive only),COMPATIBILITY_ONLY_NOT_PRODUCTION,53571.4227,48249.4483,483.2383,5739,5738,-0.00902045,-0.00297427,-0.01061372,-0.00902045,-483.2383,53571.4227,OK,0.0000,19.3295,4.0000,96.0000,AG03-UNRESOLVED,ALL5_LEVELS_bet23_to_bet27,19.3295,19.3295,24.1619,0.0000,0.0000,4.000000,4.000000,5.000000,0.000000,0.000000,96.000000,96.000000,95.000000,100.000000,100.000000,5.0,62.8210,60.1535,420.4173,423.0848,PENDING_AG03,FALSE,NOT_FOR_ENFORCEMENT,463.9088,46319.4703,483.2383,463.9088,19.3295,0.00902045,0.00865963,19.3295,463.9088,0.00865963,19.3295,19.3295,24.1619,0.0000,0.0000,463.9088,0.00865963,62.8210,60.1535,420.4173,423.0848,0.00784779,0.00789758,0.00036082,9.3346,8.4088,0.0842,5.5545,0.2517,615.7635,65.9540,8.3255,9.6426,5.1431,5.1891,8.2617,16.7816,25.8881,44.2602,5.1891,0.0,4.9889,8.529385,1.798876,29,193,98,2,0.20855820,0.00902045,0.00297427,0E-8,0.000000,0.900656,0.000000,0.00763944,2026-03-21,2026-08-06,87,1920,882,139,0.625899,0.863400,0.891889,0.695194,,,,,,,,GLOBAL_BASELINE_NO_ENTITY_RANKING,,,NOT_APPLICABLE_GLOBAL_BASELINE,HF9g-P5,,,,X 全窗基线 · 不参与实体赏罚,8396793,840,A168_HF9F_20260827_0900,2026-08-27 09:00:00
2026-06-06,54653530,1704,0,28.2870882300,12.8577673773,12.8577673773,0.7500000,5,5,0.49324550000000000,0.493245500000,1.0271117246678039,1.0271117246678039,1.0271117246678039,0E-17,ELIGIBLE,R03b_20260811_FULL_v1,L1_ELIGIBILITY,v2026-08-11,2026-03-21..2026-08-06,baccarat_bet02_101_all_pairs_incl_sentinel,round_win = game_pnl > 0 (decisive only),COMPATIBILITY_ONLY_NOT_PRODUCTION,53571.4227,48249.4483,483.2383,5739,5738,-0.00902045,-0.00297427,-0.01061372,-0.00902045,-483.2383,53571.4227,OK,0.0000,19.3295,4.0000,96.0000,AG03-UNRESOLVED,ALL5_LEVELS_bet23_to_bet27,19.3295,19.3295,24.1619,0.0000,0.0000,4.000000,4.000000,5.000000,0.000000,0.000000,96.000000,96.000000,95.000000,100.000000,100.000000,5.0,62.8210,60.1535,420.4173,423.0848,PENDING_AG03,FALSE,NOT_FOR_ENFORCEMENT,463.9088,46319.4703,483.2383,463.9088,19.3295,0.00902045,0.00865963,19.3295,463.9088,0.00865963,19.3295,19.3295,24.1619,0.0000,0.0000,463.9088,0.00865963,62.8210,60.1535,420.4173,423.0848,0.00784779,0.00789758,0.00036082,9.3346,8.4088,0.0842,5.5545,0.2517,615.7635,65.9540,8.3255,9.6426,5.1431,5.1891,8.2617,16.7816,25.8881,44.2602,5.1891,0.0,4.9889,8.529385,1.798876,29,193,98,2,0.20855820,0.00902045,0.00297427,0E-8,0.000000,0.900656,0.000000,0.00763944,2026-03-21,2026-08-06,87,1920,882,139,0.625899,0.863400,0.891889,0.695194,,,,,,,,GLOBAL_BASELINE_NO_ENTITY_RANKING,,,NOT_APPLICABLE_GLOBAL_BASELINE,HF9g-P5,,,,X 全窗基线 · 不参与实体赏罚,8396794,840,A168_HF9F_20260827_0900,2026-08-27 09:00:00
2026-06-06,54653530,1714,0,5.1431069509,4.8859516034,4.8859516034,1.0000000,1,1,0.50665070000000000,0.506650700000,0.9867858985152569,0.9867858985152569,0.9867858985152569,0E-17,ELIGIBLE,R03b_20260811_FULL_v1,L1_ELIGIBILITY,v2026-08-11,2026-03-21..2026-08-06,baccarat_bet02_101_all_pairs_incl_sentinel,round_win = game_pnl > 0 (decisive only),COMPATIBILITY_ONLY_NOT_PRODUCTION,53571.4227,48249.4483,483.2383,5739,5738,-0.00902045,-0.00297427,-0.01061372,-0.00902045,-483.2383,53571.4227,OK,0.0000,19.3295,4.0000,96.0000,AG03-UNRESOLVED,ALL5_LEVELS_bet23_to_bet27,19.3295,19.3295,24.1619,0.0000,0.0000,4.000000,4.000000,5.000000,0.000000,0.000000,96.000000,96.000000,95.000000,100.000000,100.000000,5.0,62.8210,60.1535,420.4173,423.0848,PENDING_AG03,FALSE,NOT_FOR_ENFORCEMENT,463.9088,46319.4703,483.2383,463.9088,19.3295,0.00902045,0.00865963,19.3295,463.9088,0.00865963,19.3295,19.3295,24.1619,0.0000,0.0000,463.9088,0.00865963,62.8210,60.1535,420.4173,423.0848,0.00784779,0.00789758,0.00036082,9.3346,8.4088,0.0842,5.5545,0.2517,615.7635,65.9540,8.3255,9.6426,5.1431,5.1891,8.2617,16.7816,25.8881,44.2602,5.1891,0.0,4.9889,8.529385,1.798876,29,193,98,2,0.20855820,0.00902045,0.00297427,0E-8,0.000000,0.900656,0.000000,0.00763944,2026-03-21,2026-08-06,87,1920,882,139,0.625899,0.863400,0.891889,0.695194,,,,,,,,GLOBAL_BASELINE_NO_ENTITY_RANKING,,,NOT_APPLICABLE_GLOBAL_BASELINE,HF9g-P5,,,,X 全窗基线 · 不参与实体赏罚,8396795,840,A168_HF9F_20260827_0900,2026-08-27 09:00:00
2026-06-06,54653530,1940,0,5.1431069509,4.8859516034,4.8859516034,1.0000000,1,1,0.50665070000000000,0.506650700000,0.9867858985152569,0.9867858985152569,0.9867858985152569,0E-17,ELIGIBLE,R03b_20260811_FULL_v1,L1_ELIGIBILITY,v2026-08-11,2026-03-21..2026-08-06,baccarat_bet02_101_all_pairs_incl_sentinel,round_win = game_pnl > 0 (decisive only),COMPATIBILITY_ONLY_NOT_PRODUCTION,53571.4227,48249.4483,483.2383,5739,5738,-0.00902045,-0.00297427,-0.01061372,-0.00902045,-483.2383,53571.4227,OK,0.0000,19.3295,4.0000,96.0000,AG03-UNRESOLVED,ALL5_LEVELS_bet23_to_bet27,19.3295,19.3295,24.1619,0.0000,0.0000,4.000000,4.000000,5.000000,0.000000,0.000000,96.000000,96.000000,95.000000,100.000000,100.000000,5.0,62.8210,60.1535,420.4173,423.0848,PENDING_AG03,FALSE,NOT_FOR_ENFORCEMENT,463.9088,46319.4703,483.2383,463.9088,19.3295,0.00902045,0.00865963,19.3295,463.9088,0.00865963,19.3295,19.3295,24.1619,0.0000,0.0000,463.9088,0.00865963,62.8210,60.1535,420.4173,423.0848,0.00784779,0.00789758,0.00036082,9.3346,8.4088,0.0842,5.5545,0.2517,615.7635,65.9540,8.3255,9.6426,5.1431,5.1891,8.2617,16.7816,25.8881,44.2602,5.1891,0.0,4.9889,8.529385,1.798876,29,193,98,2,0.20855820,0.00902045,0.00297427,0E-8,0.000000,0.900656,0.000000,0.00763944,2026-03-21,2026-08-06,87,1920,882,139,0.625899,0.863400,0.891889,0.695194,,,,,,,,GLOBAL_BASELINE_NO_ENTITY_RANKING,,,NOT_APPLICABLE_GLOBAL_BASELINE,HF9g-P5,,,,X 全窗基线 · 不参与实体赏罚,8396796,840,A168_HF9F_20260827_0900,2026-08-27 09:00:00
2026-06-06,54653530,1942,0,5.1431069509,4.8859516034,4.8859516034,1.0000000,1,1,0.50665070000000000,0.506650700000,0.9867858985152569,0.9867858985152569,0.9867858985152569,0E-17,ELIGIBLE,R03b_20260811_FULL_v1,L1_ELIGIBILITY,v2026-08-11,2026-03-21..2026-08-06,baccarat_bet02_101_all_pairs_incl_sentinel,round_win = game_pnl > 0 (decisive only),COMPATIBILITY_ONLY_NOT_PRODUCTION,53571.4227,48249.4483,483.2383,5739,5738,-0.00902045,-0.00297427,-0.01061372,-0.00902045,-483.2383,53571.4227,OK,0.0000,19.3295,4.0000,96.0000,AG03-UNRESOLVED,ALL5_LEVELS_bet23_to_bet27,19.3295,19.3295,24.1619,0.0000,0.0000,4.000000,4.000000,5.000000,0.000000,0.000000,96.000000,96.000000,95.000000,100.000000,100.000000,5.0,62.8210,60.1535,420.4173,423.0848,PENDING_AG03,FALSE,NOT_FOR_ENFORCEMENT,463.9088,46319.4703,483.2383,463.9088,19.3295,0.00902045,0.00865963,19.3295,463.9088,0.00865963,19.3295,19.3295,24.1619,0.0000,0.0000,463.9088,0.00865963,62.8210,60.1535,420.4173,423.0848,0.00784779,0.00789758,0.00036082,9.3346,8.4088,0.0842,5.5545,0.2517,615.7635,65.9540,8.3255,9.6426,5.1431,5.1891,8.2617,16.7816,25.8881,44.2602,5.1891,0.0,4.9889,8.529385,1.798876,29,193,98,2,0.20855820,0.00902045,0.00297427,0E-8,0.000000,0.900656,0.000000,0.00763944,2026-03-21,2026-08-06,87,1920,882,139,0.625899,0.863400,0.891889,0.695194,,,,,,,,GLOBAL_BASELINE_NO_ENTITY_RANKING,,,NOT_APPLICABLE_GLOBAL_BASELINE,HF9g-P5,,,,X 全窗基线 · 不参与实体赏罚,8396797,840,A168_HF9F_20260827_0900,2026-08-27 09:00:00
2026-06-06,54653530,1947,0,5.1431069509,4.8859516034,4.8859516034,1.0000000,1,1,0.50665070000000000,0.506650700000,0.9867858985152569,0.9867858985152569,0.9867858985152569,0E-17,ELIGIBLE,R03b_20260811_FULL_v1,L1_ELIGIBILITY,v2026-08-11,2026-03-21..2026-08-06,baccarat_bet02_101_all_pairs_incl_sentinel,round_win = game_pnl > 0 (decisive only),COMPATIBILITY_ONLY_NOT_PRODUCTION,53571.4227,48249.4483,483.2383,5739,5738,-0.00902045,-0.00297427,-0.01061372,-0.00902045,-483.2383,53571.4227,OK,0.0000,19.3295,4.0000,96.0000,AG03-UNRESOLVED,ALL5_LEVELS_bet23_to_bet27,19.3295,19.3295,24.1619,0.0000,0.0000,4.000000,4.000000,5.000000,0.000000,0.000000,96.000000,96.000000,95.000000,100.000000,100.000000,5.0,62.8210,60.1535,420.4173,423.0848,PENDING_AG03,FALSE,NOT_FOR_ENFORCEMENT,463.9088,46319.4703,483.2383,463.9088,19.3295,0.00902045,0.00865963,19.3295,463.9088,0.00865963,19.3295,19.3295,24.1619,0.0000,0.0000,463.9088,0.00865963,62.8210,60.1535,420.4173,423.0848,0.00784779,0.00789758,0.00036082,9.3346,8.4088,0.0842,5.5545,0.2517,615.7635,65.9540,8.3255,9.6426,5.1431,5.1891,8.2617,16.7816,25.8881,44.2602,5.1891,0.0,4.9889,8.529385,1.798876,29,193,98,2,0.20855820,0.00902045,0.00297427,0E-8,0.000000,0.900656,0.000000,0.00763944,2026-03-21,2026-08-06,87,1920,882,139,0.625899,0.863400,0.891889,0.695194,,,,,,,,GLOBAL_BASELINE_NO_ENTITY_RANKING,,,NOT_APPLICABLE_GLOBAL_BASELINE,HF9g-P5,,,,X 全窗基线 · 不参与实体赏罚,8396798,840,A168_HF9F_20260827_0900,2026-08-27 09:00:00
2026-06-06,54653530,1990,0,87.6899735130,23.2597011856,23.2597011856,0.6250000,9,9,0.50218230000000000,0.502182300000,0.6947684457661463,0.6947684457661463,0.6947684457661463,0E-17,ELIGIBLE,R03b_20260811_FULL_v1,L1_ELIGIBILITY,v2026-08-11,2026-03-21..2026-08-06,baccarat_bet02_101_all_pairs_incl_sentinel,round_win = game_pnl > 0 (decisive only),COMPATIBILITY_ONLY_NOT_PRODUCTION,53571.4227,48249.4483,483.2383,5739,5738,-0.00902045,-0.00297427,-0.01061372,-0.00902045,-483.2383,53571.4227,OK,0.0000,19.3295,4.0000,96.0000,AG03-UNRESOLVED,ALL5_LEVELS_bet23_to_bet27,19.3295,19.3295,24.1619,0.0000,0.0000,4.000000,4.000000,5.000000,0.000000,0.000000,96.000000,96.000000,95.000000,100.000000,100.000000,5.0,62.8210,60.1535,420.4173,423.0848,PENDING_AG03,FALSE,NOT_FOR_ENFORCEMENT,463.9088,46319.4703,483.2383,463.9088,19.3295,0.00902045,0.00865963,19.3295,463.9088,0.00865963,19.3295,19.3295,24.1619,0.0000,0.0000,463.9088,0.00865963,62.8210,60.1535,420.4173,423.0848,0.00784779,0.00789758,0.00036082,9.3346,8.4088,0.0842,5.5545,0.2517,615.7635,65.9540,8.3255,9.6426,5.1431,5.1891,8.2617,16.7816,25.8881,44.2602,5.1891,0.0,4.9889,8.529385,1.798876,29,193,98,2,0.20855820,0.00902045,0.00297427,0E-8,0.000000,0.900656,0.000000,0.00763944,2026-03-21,2026-08-06,87,1920,882,139,0.625899,0.863400,0.891889,0.695194,,,,,,,,GLOBAL_BASELINE_NO_ENTITY_RANKING,,,NOT_APPLICABLE_GLOBAL_BASELINE,HF9g-P5,,,,X 全窗基线 · 不参与实体赏罚,8396799,840,A168_HF9F_20260827_0900,2026-08-27 09:00:00
2026-06-06,54653530,1994,0,132.6921593335,-65.4974670198,-65.4974670198,0.2000000,10,10,0.50665070000000000,0.506650700000,-1.939600907879706,-1.939600907879706,-1.939600907879706,0E-17,ELIGIBLE,R03b_20260811_FULL_v1,L1_ELIGIBILITY,v2026-08-11,2026-03-21..2026-08-06,baccarat_bet02_101_all_pairs_incl_sentinel,round_win = game_pnl > 0 (decisive only),COMPATIBILITY_ONLY_NOT_PRODUCTION,53571.4227,48249.4483,483.2383,5739,5738,-0.00902045,-0.00297427,-0.01061372,-0.00902045,-483.2383,53571.4227,OK,0.0000,19.3295,4.0000,96.0000,AG03-UNRESOLVED,ALL5_LEVELS_bet23_to_bet27,19.3295,19.3295,24.1619,0.0000,0.0000,4.000000,4.000000,5.000000,0.000000,0.000000,96.000000,96.000000,95.000000,100.000000,100.000000,5.0,62.8210,60.1535,420.4173,423.0848,PENDING_AG03,FALSE,NOT_FOR_ENFORCEMENT,463.9088,46319.4703,483.2383,463.9088,19.3295,0.00902045,0.00865963,19.3295,463.9088,0.00865963,19.3295,19.3295,24.1619,0.0000,0.0000,463.9088,0.00865963,62.8210,60.1535,420.4173,423.0848,0.00784779,0.00789758,0.00036082,9.3346,8.4088,0.0842,5.5545,0.2517,615.7635,65.9540,8.3255,9.6426,5.1431,5.1891,8.2617,16.7816,25.8881,44.2602,5.1891,0.0,4.9889,8.529385,1.798876,29,193,98,2,0.20855820,0.00902045,0.00297427,0E-8,0.000000,0.900656,0.000000,0.00763944,2026-03-21,2026-08-06,87,1920,882,139,0.625899,0.863400,0.891889,0.695194,,,,,,,,GLOBAL_BASELINE_NO_ENTITY_RANKING,,,NOT_APPLICABLE_GLOBAL_BASELINE,HF9g-P5,,,,X 全窗基线 · 不参与实体赏罚,8396800,840,A168_HF9F_20260827_0900,2026-08-27 09:00:00
2026-06-06,54653530,2088,0,33.4301951809,4.1787743976,4.1787743976,0.3333333,3,3,0.50665070000000000,0.506650700000,-0.6004420894325239,-0.6004420894325239,-0.6004420894325239,0E-17,ELIGIBLE,R03b_20260811_FULL_v1,L1_ELIGIBILITY,v2026-08-11,2026-03-21..2026-08-06,baccarat_bet02_101_all_pairs_incl_sentinel,round_win = game_pnl > 0 (decisive only),COMPATIBILITY_ONLY_NOT_PRODUCTION,53571.4227,48249.4483,483.2383,5739,5738,-0.00902045,-0.00297427,-0.01061372,-0.00902045,-483.2383,53571.4227,OK,0.0000,19.3295,4.0000,96.0000,AG03-UNRESOLVED,ALL5_LEVELS_bet23_to_bet27,19.3295,19.3295,24.1619,0.0000,0.0000,4.000000,4.000000,5.000000,0.000000,0.000000,96.000000,96.000000,95.000000,100.000000,100.000000,5.0,62.8210,60.1535,420.4173,423.0848,PENDING_AG03,FALSE,NOT_FOR_ENFORCEMENT,463.9088,46319.4703,483.2383,463.9088,19.3295,0.00902045,0.00865963,19.3295,463.9088,0.00865963,19.3295,19.3295,24.1619,0.0000,0.0000,463.9088,0.00865963,62.8210,60.1535,420.4173,423.0848,0.00784779,0.00789758,0.00036082,9.3346,8.4088,0.0842,5.5545,0.2517,615.7635,65.9540,8.3255,9.6426,5.1431,5.1891,8.2617,16.7816,25.8881,44.2602,5.1891,0.0,4.9889,8.529385,1.798876,29,193,98,2,0.20855820,0.00902045,0.00297427,0E-8,0.000000,0.900656,0.000000,0.00763944,2026-03-21,2026-08-06,87,1920,882,139,0.625899,0.863400,0.891889,0.695194,,,,,,,,GLOBAL_BASELINE_NO_ENTITY_RANKING,,,NOT_APPLICABLE_GLOBAL_BASELINE,HF9g-P5,,,,X 全窗基线 · 不参与实体赏罚,8396801,840,A168_HF9F_20260827_0900,2026-08-27 09:00:00
2026-06-06,54653530,2101,0,23.1439812791,12.3434566823,12.3434566823,0.7500000,4,4,0.49994810000000000,0.499948100000,1.0002076053883384,1.0002076053883384,1.0002076053883384,0E-17,ELIGIBLE,R03b_20260811_FULL_v1,L1_ELIGIBILITY,v2026-08-11,2026-03-21..2026-08-06,baccarat_bet02_101_all_pairs_incl_sentinel,round_win = game_pnl > 0 (decisive only),COMPATIBILITY_ONLY_NOT_PRODUCTION,53571.4227,48249.4483,483.2383,5739,5738,-0.00902045,-0.00297427,-0.01061372,-0.00902045,-483.2383,53571.4227,OK,0.0000,19.3295,4.0000,96.0000,AG03-UNRESOLVED,ALL5_LEVELS_bet23_to_bet27,19.3295,19.3295,24.1619,0.0000,0.0000,4.000000,4.000000,5.000000,0.000000,0.000000,96.000000,96.000000,95.000000,100.000000,100.000000,5.0,62.8210,60.1535,420.4173,423.0848,PENDING_AG03,FALSE,NOT_FOR_ENFORCEMENT,463.9088,46319.4703,483.2383,463.9088,19.3295,0.00902045,0.00865963,19.3295,463.9088,0.00865963,19.3295,19.3295,24.1619,0.0000,0.0000,463.9088,0.00865963,62.8210,60.1535,420.4173,423.0848,0.00784779,0.00789758,0.00036082,9.3346,8.4088,0.0842,5.5545,0.2517,615.7635,65.9540,8.3255,9.6426,5.1431,5.1891,8.2617,16.7816,25.8881,44.2602,5.1891,0.0,4.9889,8.529385,1.798876,29,193,98,2,0.20855820,0.00902045,0.00297427,0E-8,0.000000,0.900656,0.000000,0.00763944,2026-03-21,2026-08-06,87,1920,882,139,0.625899,0.863400,0.891889,0.695194,,,,,,,,GLOBAL_BASELINE_NO_ENTITY_RANKING,,,NOT_APPLICABLE_GLOBAL_BASELINE,HF9g-P5,,,,X 全窗基线 · 不参与实体赏罚,8396802,840,A168_HF9F_20260827_0900,2026-08-27 09:00:00
2026-06-06,54653530,2103,0,5.1431069509,4.8859516034,4.8859516034,1.0000000,1,1,0.50665070000000000,0.506650700000,0.9867858985152569,0.9867858985152569,0.9867858985152569,0E-17,ELIGIBLE,R03b_20260811_FULL_v1,L1_ELIGIBILITY,v2026-08-11,2026-03-21..2026-08-06,baccarat_bet02_101_all_pairs_incl_sentinel,round_win = game_pnl > 0 (decisive only),COMPATIBILITY_ONLY_NOT_PRODUCTION,53571.4227,48249.4483,483.2383,5739,5738,-0.00902045,-0.00297427,-0.01061372,-0.00902045,-483.2383,53571.4227,OK,0.0000,19.3295,4.0000,96.0000,AG03-UNRESOLVED,ALL5_LEVELS_bet23_to_bet27,19.3295,19.3295,24.1619,0.0000,0.0000,4.000000,4.000000,5.000000,0.000000,0.000000,96.000000,96.000000,95.000000,100.000000,100.000000,5.0,62.8210,60.1535,420.4173,423.0848,PENDING_AG03,FALSE,NOT_FOR_ENFORCEMENT,463.9088,46319.4703,483.2383,463.9088,19.3295,0.00902045,0.00865963,19.3295,463.9088,0.00865963,19.3295,19.3295,24.1619,0.0000,0.0000,463.9088,0.00865963,62.8210,60.1535,420.4173,423.0848,0.00784779,0.00789758,0.00036082,9.3346,8.4088,0.0842,5.5545,0.2517,615.7635,65.9540,8.3255,9.6426,5.1431,5.1891,8.2617,16.7816,25.8881,44.2602,5.1891,0.0,4.9889,8.529385,1.798876,29,193,98,2,0.20855820,0.00902045,0.00297427,0E-8,0.000000,0.900656,0.000000,0.00763944,2026-03-21,2026-08-06,87,1920,882,139,0.625899,0.863400,0.891889,0.695194,,,,,,,,GLOBAL_BASELINE_NO_ENTITY_RANKING,,,NOT_APPLICABLE_GLOBAL_BASELINE,HF9g-P5,,,,X 全窗基线 · 不参与实体赏罚,8396803,840,A168_HF9F_20260827_0900,2026-08-27 09:00:00
2026-06-06,54653530,2115,0,47.5737392960,10.0933473911,10.0933473911,0.5000000,6,6,0.50665070000000000,0.506650700000,-0.032584525537284574,-0.032584525537284574,-0.032584525537284574,0E-17,ELIGIBLE,R03b_20260811_FULL_v1,L1_ELIGIBILITY,v2026-08-11,2026-03-21..2026-08-06,baccarat_bet02_101_all_pairs_incl_sentinel,round_win = game_pnl > 0 (decisive only),COMPATIBILITY_ONLY_NOT_PRODUCTION,53571.4227,48249.4483,483.2383,5739,5738,-0.00902045,-0.00297427,-0.01061372,-0.00902045,-483.2383,53571.4227,OK,0.0000,19.3295,4.0000,96.0000,AG03-UNRESOLVED,ALL5_LEVELS_bet23_to_bet27,19.3295,19.3295,24.1619,0.0000,0.0000,4.000000,4.000000,5.000000,0.000000,0.000000,96.000000,96.000000,95.000000,100.000000,100.000000,5.0,62.8210,60.1535,420.4173,423.0848,PENDING_AG03,FALSE,NOT_FOR_ENFORCEMENT,463.9088,46319.4703,483.2383,463.9088,19.3295,0.00902045,0.00865963,19.3295,463.9088,0.00865963,19.3295,19.3295,24.1619,0.0000,0.0000,463.9088,0.00865963,62.8210,60.1535,420.4173,423.0848,0.00784779,0.00789758,0.00036082,9.3346,8.4088,0.0842,5.5545,0.2517,615.7635,65.9540,8.3255,9.6426,5.1431,5.1891,8.2617,16.7816,25.8881,44.2602,5.1891,0.0,4.9889,8.529385,1.798876,29,193,98,2,0.20855820,0.00902045,0.00297427,0E-8,0.000000,0.900656,0.000000,0.00763944,2026-03-21,2026-08-06,87,1920,882,139,0.625899,0.863400,0.891889,0.695194,,,,,,,,GLOBAL_BASELINE_NO_ENTITY_RANKING,,,NOT_APPLICABLE_GLOBAL_BASELINE,HF9g-P5,,,,X 全窗基线 · 不参与实体赏罚,8396804,840,A168_HF9F_20260827_0900,2026-08-27 09:00:00
2026-06-06,54653530,2117,0,5.1431069509,5.1431069509,5.1431069509,1.0000000,1,1,0.49324550000000000,0.493245500000,1.01360149184955,1.01360149184955,1.01360149184955,0E-17,ELIGIBLE,R03b_20260811_FULL_v1,L1_ELIGIBILITY,v2026-08-11,2026-03-21..2026-08-06,baccarat_bet02_101_all_pairs_incl_sentinel,round_win = game_pnl > 0 (decisive only),COMPATIBILITY_ONLY_NOT_PRODUCTION,53571.4227,48249.4483,483.2383,5739,5738,-0.00902045,-0.00297427,-0.01061372,-0.00902045,-483.2383,53571.4227,OK,0.0000,19.3295,4.0000,96.0000,AG03-UNRESOLVED,ALL5_LEVELS_bet23_to_bet27,19.3295,19.3295,24.1619,0.0000,0.0000,4.000000,4.000000,5.000000,0.000000,0.000000,96.000000,96.000000,95.000000,100.000000,100.000000,5.0,62.8210,60.1535,420.4173,423.0848,PENDING_AG03,FALSE,NOT_FOR_ENFORCEMENT,463.9088,46319.4703,483.2383,463.9088,19.3295,0.00902045,0.00865963,19.3295,463.9088,0.00865963,19.3295,19.3295,24.1619,0.0000,0.0000,463.9088,0.00865963,62.8210,60.1535,420.4173,423.0848,0.00784779,0.00789758,0.00036082,9.3346,8.4088,0.0842,5.5545,0.2517,615.7635,65.9540,8.3255,9.6426,5.1431,5.1891,8.2617,16.7816,25.8881,44.2602,5.1891,0.0,4.9889,8.529385,1.798876,29,193,98,2,0.20855820,0.00902045,0.00297427,0E-8,0.000000,0.900656,0.000000,0.00763944,2026-03-21,2026-08-06,87,1920,882,139,0.625899,0.863400,0.891889,0.695194,,,,,,,,GLOBAL_BASELINE_NO_ENTITY_RANKING,,,NOT_APPLICABLE_GLOBAL_BASELINE,HF9g-P5,,,,X 全窗基线 · 不参与实体赏罚,8396805,840,A168_HF9F_20260827_0900,2026-08-27 09:00:00
2026-06-06,54653530,2129,0,5.1431069509,5.1431069509,5.1431069509,1.0000000,1,1,0.49324550000000000,0.493245500000,1.01360149184955,1.01360149184955,1.01360149184955,0E-17,ELIGIBLE,R03b_20260811_FULL_v1,L1_ELIGIBILITY,v2026-08-11,2026-03-21..2026-08-06,baccarat_bet02_101_all_pairs_incl_sentinel,round_win = game_pnl > 0 (decisive only),COMPATIBILITY_ONLY_NOT_PRODUCTION,53571.4227,48249.4483,483.2383,5739,5738,-0.00902045,-0.00297427,-0.01061372,-0.00902045,-483.2383,53571.4227,OK,0.0000,19.3295,4.0000,96.0000,AG03-UNRESOLVED,ALL5_LEVELS_bet23_to_bet27,19.3295,19.3295,24.1619,0.0000,0.0000,4.000000,4.000000,5.000000,0.000000,0.000000,96.000000,96.000000,95.000000,100.000000,100.000000,5.0,62.8210,60.1535,420.4173,423.0848,PENDING_AG03,FALSE,NOT_FOR_ENFORCEMENT,463.9088,46319.4703,483.2383,463.9088,19.3295,0.00902045,0.00865963,19.3295,463.9088,0.00865963,19.3295,19.3295,24.1619,0.0000,0.0000,463.9088,0.00865963,62.8210,60.1535,420.4173,423.0848,0.00784779,0.00789758,0.00036082,9.3346,8.4088,0.0842,5.5545,0.2517,615.7635,65.9540,8.3255,9.6426,5.1431,5.1891,8.2617,16.7816,25.8881,44.2602,5.1891,0.0,4.9889,8.529385,1.798876,29,193,98,2,0.20855820,0.00902045,0.00297427,0E-8,0.000000,0.900656,0.000000,0.00763944,2026-03-21,2026-08-06,87,1920,882,139,0.625899,0.863400,0.891889,0.695194,,,,,,,,GLOBAL_BASELINE_NO_ENTITY_RANKING,,,NOT_APPLICABLE_GLOBAL_BASELINE,HF9g-P5,,,,X 全窗基线 · 不参与实体赏罚,8396806,840,A168_HF9F_20260827_0900,2026-08-27 09:00:00
2026-06-06,54653530,2130,0,23.4011366266,-13.1149227248,-13.1149227248,0.2500000,4,4,0.49994810000000000,0.499948100000,-0.9997924053861017,-0.9997924053861017,-0.9997924053861017,0E-17,ELIGIBLE,R03b_20260811_FULL_v1,L1_ELIGIBILITY,v2026-08-11,2026-03-21..2026-08-06,baccarat_bet02_101_all_pairs_incl_sentinel,round_win = game_pnl > 0 (decisive only),COMPATIBILITY_ONLY_NOT_PRODUCTION,53571.4227,48249.4483,483.2383,5739,5738,-0.00902045,-0.00297427,-0.01061372,-0.00902045,-483.2383,53571.4227,OK,0.0000,19.3295,4.0000,96.0000,AG03-UNRESOLVED,ALL5_LEVELS_bet23_to_bet27,19.3295,19.3295,24.1619,0.0000,0.0000,4.000000,4.000000,5.000000,0.000000,0.000000,96.000000,96.000000,95.000000,100.000000,100.000000,5.0,62.8210,60.1535,420.4173,423.0848,PENDING_AG03,FALSE,NOT_FOR_ENFORCEMENT,463.9088,46319.4703,483.2383,463.9088,19.3295,0.00902045,0.00865963,19.3295,463.9088,0.00865963,19.3295,19.3295,24.1619,0.0000,0.0000,463.9088,0.00865963,62.8210,60.1535,420.4173,423.0848,0.00784779,0.00789758,0.00036082,9.3346,8.4088,0.0842,5.5545,0.2517,615.7635,65.9540,8.3255,9.6426,5.1431,5.1891,8.2617,16.7816,25.8881,44.2602,5.1891,0.0,4.9889,8.529385,1.798876,29,193,98,2,0.20855820,0.00902045,0.00297427,0E-8,0.000000,0.900656,0.000000,0.00763944,2026-03-21,2026-08-06,87,1920,882,139,0.625899,0.863400,0.891889,0.695194,,,,,,,,GLOBAL_BASELINE_NO_ENTITY_RANKING,,,NOT_APPLICABLE_GLOBAL_BASELINE,HF9g-P5,,,,X 全窗基线 · 不参与实体赏罚,8396807,840,A168_HF9F_20260827_0900,2026-08-27 09:00:00
2026-06-06,54653530,2142,0,211.3816956824,33.3016175072,33.3016175072,0.4736842,21,21,0.50218230000000000,0.502182300000,-0.24844295059676644,-0.24844295059676644,-0.24844295059676644,0E-17,ELIGIBLE,R03b_20260811_FULL_v1,L1_ELIGIBILITY,v2026-08-11,2026-03-21..2026-08-06,baccarat_bet02_101_all_pairs_incl_sentinel,round_win = game_pnl > 0 (decisive only),COMPATIBILITY_ONLY_NOT_PRODUCTION,53571.4227,48249.4483,483.2383,5739,5738,-0.00902045,-0.00297427,-0.01061372,-0.00902045,-483.2383,53571.4227,OK,0.0000,19.3295,4.0000,96.0000,AG03-UNRESOLVED,ALL5_LEVELS_bet23_to_bet27,19.3295,19.3295,24.1619,0.0000,0.0000,4.000000,4.000000,5.000000,0.000000,0.000000,96.000000,96.000000,95.000000,100.000000,100.000000,5.0,62.8210,60.1535,420.4173,423.0848,PENDING_AG03,FALSE,NOT_FOR_ENFORCEMENT,463.9088,46319.4703,483.2383,463.9088,19.3295,0.00902045,0.00865963,19.3295,463.9088,0.00865963,19.3295,19.3295,24.1619,0.0000,0.0000,463.9088,0.00865963,62.8210,60.1535,420.4173,423.0848,0.00784779,0.00789758,0.00036082,9.3346,8.4088,0.0842,5.5545,0.2517,615.7635,65.9540,8.3255,9.6426,5.1431,5.1891,8.2617,16.7816,25.8881,44.2602,5.1891,0.0,4.9889,8.529385,1.798876,29,193,98,2,0.20855820,0.00902045,0.00297427,0E-8,0.000000,0.900656,0.000000,0.00763944,2026-03-21,2026-08-06,87,1920,882,139,0.625899,0.863400,0.891889,0.695194,,,,,,,,GLOBAL_BASELINE_NO_ENTITY_RANKING,,,NOT_APPLICABLE_GLOBAL_BASELINE,HF9g-P5,,,,X 全窗基线 · 不参与实体赏罚,8396808,840,A168_HF9F_20260827_0900,2026-08-27 09:00:00
2026-06-06,54653530,2156,0,31.1157970530,10.1447784607,10.1447784607,0.6000000,5,5,0.49860758000000000,0.498607580000,0.4534424453485946,0.4534424453485946,0.4534424453485946,0E-17,ELIGIBLE,R03b_20260811_FULL_v1,L1_ELIGIBILITY,v2026-08-11,2026-03-21..2026-08-06,baccarat_bet02_101_all_pairs_incl_sentinel,round_win = game_pnl > 0 (decisive only),COMPATIBILITY_ONLY_NOT_PRODUCTION,53571.4227,48249.4483,483.2383,5739,5738,-0.00902045,-0.00297427,-0.01061372,-0.00902045,-483.2383,53571.4227,OK,0.0000,19.3295,4.0000,96.0000,AG03-UNRESOLVED,ALL5_LEVELS_bet23_to_bet27,19.3295,19.3295,24.1619,0.0000,0.0000,4.000000,4.000000,5.000000,0.000000,0.000000,96.000000,96.000000,95.000000,100.000000,100.000000,5.0,62.8210,60.1535,420.4173,423.0848,PENDING_AG03,FALSE,NOT_FOR_ENFORCEMENT,463.9088,46319.4703,483.2383,463.9088,19.3295,0.00902045,0.00865963,19.3295,463.9088,0.00865963,19.3295,19.3295,24.1619,0.0000,0.0000,463.9088,0.00865963,62.8210,60.1535,420.4173,423.0848,0.00784779,0.00789758,0.00036082,9.3346,8.4088,0.0842,5.5545,0.2517,615.7635,65.9540,8.3255,9.6426,5.1431,5.1891,8.2617,16.7816,25.8881,44.2602,5.1891,0.0,4.9889,8.529385,1.798876,29,193,98,2,0.20855820,0.00902045,0.00297427,0E-8,0.000000,0.900656,0.000000,0.00763944,2026-03-21,2026-08-06,87,1920,882,139,0.625899,0.863400,0.891889,0.695194,,,,,,,,GLOBAL_BASELINE_NO_ENTITY_RANKING,,,NOT_APPLICABLE_GLOBAL_BASELINE,HF9g-P5,,,,X 全窗基线 · 不参与实体赏罚,8396809,840,A168_HF9F_20260827_0900,2026-08-27 09:00:00
2026-06-06,54653530,2167,0,5.1431069509,0E-10,0E-10,,1,1,0.50665070000000000,0.506650700000,,,,0E-17,NO_DECISIVE_ROUND,R03b_20260811_FULL_v1,L1_ELIGIBILITY,v2026-08-11,2026-03-21..2026-08-06,baccarat_bet02_101_all_pairs_incl_sentinel,round_win = game_pnl > 0 (decisive only),COMPATIBILITY_ONLY_NOT_PRODUCTION,53571.4227,48249.4483,483.2383,5739,5738,-0.00902045,-0.00297427,-0.01061372,-0.00902045,-483.2383,53571.4227,OK,0.0000,19.3295,4.0000,96.0000,AG03-UNRESOLVED,ALL5_LEVELS_bet23_to_bet27,19.3295,19.3295,24.1619,0.0000,0.0000,4.000000,4.000000,5.000000,0.000000,0.000000,96.000000,96.000000,95.000000,100.000000,100.000000,5.0,62.8210,60.1535,420.4173,423.0848,PENDING_AG03,FALSE,NOT_FOR_ENFORCEMENT,463.9088,46319.4703,483.2383,463.9088,19.3295,0.00902045,0.00865963,19.3295,463.9088,0.00865963,19.3295,19.3295,24.1619,0.0000,0.0000,463.9088,0.00865963,62.8210,60.1535,420.4173,423.0848,0.00784779,0.00789758,0.00036082,9.3346,8.4088,0.0842,5.5545,0.2517,615.7635,65.9540,8.3255,9.6426,5.1431,5.1891,8.2617,16.7816,25.8881,44.2602,5.1891,0.0,4.9889,8.529385,1.798876,29,193,98,2,0.20855820,0.00902045,0.00297427,0E-8,0.000000,0.900656,0.000000,0.00763944,2026-03-21,2026-08-06,87,1920,882,139,0.625899,0.863400,0.891889,0.695194,,,,,,,,GLOBAL_BASELINE_NO_ENTITY_RANKING,,,NOT_APPLICABLE_GLOBAL_BASELINE,HF9g-P5,,,,X 全窗基线 · 不参与实体赏罚,8396810,840,A168_HF9F_20260827_0900,2026-08-27 09:00:00
2026-06-06,54653530,2170,0,110.5767994446,-79.7181577392,-79.7181577392,0.1428571,7,7,0.50473567142857143,0.504735671429,-1.9149670770938836,-1.914967077096167,-1.9149670770938836,-4.2857E-13,ELIGIBLE,R03b_20260811_FULL_v1,L1_ELIGIBILITY,v2026-08-11,2026-03-21..2026-08-06,baccarat_bet02_101_all_pairs_incl_sentinel,round_win = game_pnl > 0 (decisive only),COMPATIBILITY_ONLY_NOT_PRODUCTION,53571.4227,48249.4483,483.2383,5739,5738,-0.00902045,-0.00297427,-0.01061372,-0.00902045,-483.2383,53571.4227,OK,0.0000,19.3295,4.0000,96.0000,AG03-UNRESOLVED,ALL5_LEVELS_bet23_to_bet27,19.3295,19.3295,24.1619,0.0000,0.0000,4.000000,4.000000,5.000000,0.000000,0.000000,96.000000,96.000000,95.000000,100.000000,100.000000,5.0,62.8210,60.1535,420.4173,423.0848,PENDING_AG03,FALSE,NOT_FOR_ENFORCEMENT,463.9088,46319.4703,483.2383,463.9088,19.3295,0.00902045,0.00865963,19.3295,463.9088,0.00865963,19.3295,19.3295,24.1619,0.0000,0.0000,463.9088,0.00865963,62.8210,60.1535,420.4173,423.0848,0.00784779,0.00789758,0.00036082,9.3346,8.4088,0.0842,5.5545,0.2517,615.7635,65.9540,8.3255,9.6426,5.1431,5.1891,8.2617,16.7816,25.8881,44.2602,5.1891,0.0,4.9889,8.529385,1.798876,29,193,98,2,0.20855820,0.00902045,0.00297427,0E-8,0.000000,0.900656,0.000000,0.00763944,2026-03-21,2026-08-06,87,1920,882,139,0.625899,0.863400,0.891889,0.695194,,,,,,,,GLOBAL_BASELINE_NO_ENTITY_RANKING,,,NOT_APPLICABLE_GLOBAL_BASELINE,HF9g-P5,,,,X 全窗基线 · 不参与实体赏罚,8396811,840,A168_HF9F_20260827_0900,2026-08-27 09:00:00
2026-06-06,54653530,2171,0,211.1245403346,20.8295831515,20.8295831515,0.5500000,22,22,0.50421339090909091,0.504213390909,0.4095424227412714,0.40954242274208397,0.4095424227412714,9.091E-14,ELIGIBLE,R03b_20260811_FULL_v1,L1_ELIGIBILITY,v2026-08-11,2026-03-21..2026-08-06,baccarat_bet02_101_all_pairs_incl_sentinel,round_win = game_pnl > 0 (decisive only),COMPATIBILITY_ONLY_NOT_PRODUCTION,53571.4227,48249.4483,483.2383,5739,5738,-0.00902045,-0.00297427,-0.01061372,-0.00902045,-483.2383,53571.4227,OK,0.0000,19.3295,4.0000,96.0000,AG03-UNRESOLVED,ALL5_LEVELS_bet23_to_bet27,19.3295,19.3295,24.1619,0.0000,0.0000,4.000000,4.000000,5.000000,0.000000,0.000000,96.000000,96.000000,95.000000,100.000000,100.000000,5.0,62.8210,60.1535,420.4173,423.0848,PENDING_AG03,FALSE,NOT_FOR_ENFORCEMENT,463.9088,46319.4703,483.2383,463.9088,19.3295,0.00902045,0.00865963,19.3295,463.9088,0.00865963,19.3295,19.3295,24.1619,0.0000,0.0000,463.9088,0.00865963,62.8210,60.1535,420.4173,423.0848,0.00784779,0.00789758,0.00036082,9.3346,8.4088,0.0842,5.5545,0.2517,615.7635,65.9540,8.3255,9.6426,5.1431,5.1891,8.2617,16.7816,25.8881,44.2602,5.1891,0.0,4.9889,8.529385,1.798876,29,193,98,2,0.20855820,0.00902045,0.00297427,0E-8,0.000000,0.900656,0.000000,0.00763944,2026-03-21,2026-08-06,87,1920,882,139,0.625899,0.863400,0.891889,0.695194,,,,,,,,GLOBAL_BASELINE_NO_ENTITY_RANKING,,,NOT_APPLICABLE_GLOBAL_BASELINE,HF9g-P5,,,,X 全窗基线 · 不参与实体赏罚,8396812,840,A168_HF9F_20260827_0900,2026-08-27 09:00:00
2026-06-06,54653530,2174,0,15.4293208527,-0.2571553475,-0.2571553475,0.5000000,3,3,0.50665070000000000,0.506650700000,-0.018812684590367487,-0.018812684590367487,-0.018812684590367487,0E-17,ELIGIBLE,R03b_20260811_FULL_v1,L1_ELIGIBILITY,v2026-08-11,2026-03-21..2026-08-06,baccarat_bet02_101_all_pairs_incl_sentinel,round_win = game_pnl > 0 (decisive only),COMPATIBILITY_ONLY_NOT_PRODUCTION,53571.4227,48249.4483,483.2383,5739,5738,-0.00902045,-0.00297427,-0.01061372,-0.00902045,-483.2383,53571.4227,OK,0.0000,19.3295,4.0000,96.0000,AG03-UNRESOLVED,ALL5_LEVELS_bet23_to_bet27,19.3295,19.3295,24.1619,0.0000,0.0000,4.000000,4.000000,5.000000,0.000000,0.000000,96.000000,96.000000,95.000000,100.000000,100.000000,5.0,62.8210,60.1535,420.4173,423.0848,PENDING_AG03,FALSE,NOT_FOR_ENFORCEMENT,463.9088,46319.4703,483.2383,463.9088,19.3295,0.00902045,0.00865963,19.3295,463.9088,0.00865963,19.3295,19.3295,24.1619,0.0000,0.0000,463.9088,0.00865963,62.8210,60.1535,420.4173,423.0848,0.00784779,0.00789758,0.00036082,9.3346,8.4088,0.0842,5.5545,0.2517,615.7635,65.9540,8.3255,9.6426,5.1431,5.1891,8.2617,16.7816,25.8881,44.2602,5.1891,0.0,4.9889,8.529385,1.798876,29,193,98,2,0.20855820,0.00902045,0.00297427,0E-8,0.000000,0.900656,0.000000,0.00763944,2026-03-21,2026-08-06,87,1920,882,139,0.625899,0.863400,0.891889,0.695194,,,,,,,,GLOBAL_BASELINE_NO_ENTITY_RANKING,,,NOT_APPLICABLE_GLOBAL_BASELINE,HF9g-P5,,,,X 全窗基线 · 不参与实体赏罚,8396813,840,A168_HF9F_20260827_0900,2026-08-27 09:00:00
2026-06-06,54653530,2175,0,86.4041967753,-69.4319438373,-69.4319438373,0E-7,5,5,0.50665070000000000,0.506650700000,-2.026782104415204,-2.026782104415204,-2.026782104415204,0E-17,ELIGIBLE,R03b_20260811_FULL_v1,L1_ELIGIBILITY,v2026-08-11,2026-03-21..2026-08-06,baccarat_bet02_101_all_pairs_incl_sentinel,round_win = game_pnl > 0 (decisive only),COMPATIBILITY_ONLY_NOT_PRODUCTION,53571.4227,48249.4483,483.2383,5739,5738,-0.00902045,-0.00297427,-0.01061372,-0.00902045,-483.2383,53571.4227,OK,0.0000,19.3295,4.0000,96.0000,AG03-UNRESOLVED,ALL5_LEVELS_bet23_to_bet27,19.3295,19.3295,24.1619,0.0000,0.0000,4.000000,4.000000,5.000000,0.000000,0.000000,96.000000,96.000000,95.000000,100.000000,100.000000,5.0,62.8210,60.1535,420.4173,423.0848,PENDING_AG03,FALSE,NOT_FOR_ENFORCEMENT,463.9088,46319.4703,483.2383,463.9088,19.3295,0.00902045,0.00865963,19.3295,463.9088,0.00865963,19.3295,19.3295,24.1619,0.0000,0.0000,463.9088,0.00865963,62.8210,60.1535,420.4173,423.0848,0.00784779,0.00789758,0.00036082,9.3346,8.4088,0.0842,5.5545,0.2517,615.7635,65.9540,8.3255,9.6426,5.1431,5.1891,8.2617,16.7816,25.8881,44.2602,5.1891,0.0,4.9889,8.529385,1.798876,29,193,98,2,0.20855820,0.00902045,0.00297427,0E-8,0.000000,0.900656,0.000000,0.00763944,2026-03-21,2026-08-06,87,1920,882,139,0.625899,0.863400,0.891889,0.695194,,,,,,,,GLOBAL_BASELINE_NO_ENTITY_RANKING,,,NOT_APPLICABLE_GLOBAL_BASELINE,HF9g-P5,,,,X 全窗基线 · 不参与实体赏罚,8396814,840,A168_HF9F_20260827_0900,2026-08-27 09:00:00
2026-06-06,54653530,2177,0,18.0008743282,7.4575050789,7.4575050789,0.6666667,3,3,0.49771390000000000,0.497713900000,0.5852756695216578,0.5852756695216578,0.5852756695216578,0E-17,ELIGIBLE,R03b_20260811_FULL_v1,L1_ELIGIBILITY,v2026-08-11,2026-03-21..2026-08-06,baccarat_bet02_101_all_pairs_incl_sentinel,round_win = game_pnl > 0 (decisive only),COMPATIBILITY_ONLY_NOT_PRODUCTION,53571.4227,48249.4483,483.2383,5739,5738,-0.00902045,-0.00297427,-0.01061372,-0.00902045,-483.2383,53571.4227,OK,0.0000,19.3295,4.0000,96.0000,AG03-UNRESOLVED,ALL5_LEVELS_bet23_to_bet27,19.3295,19.3295,24.1619,0.0000,0.0000,4.000000,4.000000,5.000000,0.000000,0.000000,96.000000,96.000000,95.000000,100.000000,100.000000,5.0,62.8210,60.1535,420.4173,423.0848,PENDING_AG03,FALSE,NOT_FOR_ENFORCEMENT,463.9088,46319.4703,483.2383,463.9088,19.3295,0.00902045,0.00865963,19.3295,463.9088,0.00865963,19.3295,19.3295,24.1619,0.0000,0.0000,463.9088,0.00865963,62.8210,60.1535,420.4173,423.0848,0.00784779,0.00789758,0.00036082,9.3346,8.4088,0.0842,5.5545,0.2517,615.7635,65.9540,8.3255,9.6426,5.1431,5.1891,8.2617,16.7816,25.8881,44.2602,5.1891,0.0,4.9889,8.529385,1.798876,29,193,98,2,0.20855820,0.00902045,0.00297427,0E-8,0.000000,0.900656,0.000000,0.00763944,2026-03-21,2026-08-06,87,1920,882,139,0.625899,0.863400,0.891889,0.695194,,,,,,,,GLOBAL_BASELINE_NO_ENTITY_RANKING,,,NOT_APPLICABLE_GLOBAL_BASELINE,HF9g-P5,,,,X 全窗基线 · 不参与实体赏罚,8396815,840,A168_HF9F_20260827_0900,2026-08-27 09:00:00
2026-06-06,54653530,2188,0,15.4293208527,5.1431069509,5.1431069509,0.5000000,2,2,0.49324550000000000,0.493245500000,0.01910635448239258,0.01910635448239258,0.01910635448239258,0E-17,ELIGIBLE,R03b_20260811_FULL_v1,L1_ELIGIBILITY,v2026-08-11,2026-03-21..2026-08-06,baccarat_bet02_101_all_pairs_incl_sentinel,round_win = game_pnl > 0 (decisive only),COMPATIBILITY_ONLY_NOT_PRODUCTION,53571.4227,48249.4483,483.2383,5739,5738,-0.00902045,-0.00297427,-0.01061372,-0.00902045,-483.2383,53571.4227,OK,0.0000,19.3295,4.0000,96.0000,AG03-UNRESOLVED,ALL5_LEVELS_bet23_to_bet27,19.3295,19.3295,24.1619,0.0000,0.0000,4.000000,4.000000,5.000000,0.000000,0.000000,96.000000,96.000000,95.000000,100.000000,100.000000,5.0,62.8210,60.1535,420.4173,423.0848,PENDING_AG03,FALSE,NOT_FOR_ENFORCEMENT,463.9088,46319.4703,483.2383,463.9088,19.3295,0.00902045,0.00865963,19.3295,463.9088,0.00865963,19.3295,19.3295,24.1619,0.0000,0.0000,463.9088,0.00865963,62.8210,60.1535,420.4173,423.0848,0.00784779,0.00789758,0.00036082,9.3346,8.4088,0.0842,5.5545,0.2517,615.7635,65.9540,8.3255,9.6426,5.1431,5.1891,8.2617,16.7816,25.8881,44.2602,5.1891,0.0,4.9889,8.529385,1.798876,29,193,98,2,0.20855820,0.00902045,0.00297427,0E-8,0.000000,0.900656,0.000000,0.00763944,2026-03-21,2026-08-06,87,1920,882,139,0.625899,0.863400,0.891889,0.695194,,,,,,,,GLOBAL_BASELINE_NO_ENTITY_RANKING,,,NOT_APPLICABLE_GLOBAL_BASELINE,HF9g-P5,,,,X 全窗基线 · 不参与实体赏罚,8396816,840,A168_HF9F_20260827_0900,2026-08-27 09:00:00
2026-06-06,54653530,2202,0,182.5802967572,42.8420809012,42.8420809012,0.4500000,20,20,0.50396966000000000,0.503969660000,-0.48273452822494195,-0.48273452822494195,-0.48273452822494195,0E-17,ELIGIBLE,R03b_20260811_FULL_v1,L1_ELIGIBILITY,v2026-08-11,2026-03-21..2026-08-06,baccarat_bet02_101_all_pairs_incl_sentinel,round_win = game_pnl > 0 (decisive only),COMPATIBILITY_ONLY_NOT_PRODUCTION,53571.4227,48249.4483,483.2383,5739,5738,-0.00902045,-0.00297427,-0.01061372,-0.00902045,-483.2383,53571.4227,OK,0.0000,19.3295,4.0000,96.0000,AG03-UNRESOLVED,ALL5_LEVELS_bet23_to_bet27,19.3295,19.3295,24.1619,0.0000,0.0000,4.000000,4.000000,5.000000,0.000000,0.000000,96.000000,96.000000,95.000000,100.000000,100.000000,5.0,62.8210,60.1535,420.4173,423.0848,PENDING_AG03,FALSE,NOT_FOR_ENFORCEMENT,463.9088,46319.4703,483.2383,463.9088,19.3295,0.00902045,0.00865963,19.3295,463.9088,0.00865963,19.3295,19.3295,24.1619,0.0000,0.0000,463.9088,0.00865963,62.8210,60.1535,420.4173,423.0848,0.00784779,0.00789758,0.00036082,9.3346,8.4088,0.0842,5.5545,0.2517,615.7635,65.9540,8.3255,9.6426,5.1431,5.1891,8.2617,16.7816,25.8881,44.2602,5.1891,0.0,4.9889,8.529385,1.798876,29,193,98,2,0.20855820,0.00902045,0.00297427,0E-8,0.000000,0.900656,0.000000,0.00763944,2026-03-21,2026-08-06,87,1920,882,139,0.625899,0.863400,0.891889,0.695194,,,,,,,,GLOBAL_BASELINE_NO_ENTITY_RANKING,,,NOT_APPLICABLE_GLOBAL_BASELINE,HF9g-P5,,,,X 全窗基线 · 不参与实体赏罚,8396817,840,A168_HF9F_20260827_0900,2026-08-27 09:00:00
2026-06-06,54653530,2209,0,10.2862139018,9.7719032068,9.7719032068,1.0000000,2,2,0.50665070000000000,0.506650700000,1.3955260008387969,1.3955260008387969,1.3955260008387969,0E-17,ELIGIBLE,R03b_20260811_FULL_v1,L1_ELIGIBILITY,v2026-08-11,2026-03-21..2026-08-06,baccarat_bet02_101_all_pairs_incl_sentinel,round_win = game_pnl > 0 (decisive only),COMPATIBILITY_ONLY_NOT_PRODUCTION,53571.4227,48249.4483,483.2383,5739,5738,-0.00902045,-0.00297427,-0.01061372,-0.00902045,-483.2383,53571.4227,OK,0.0000,19.3295,4.0000,96.0000,AG03-UNRESOLVED,ALL5_LEVELS_bet23_to_bet27,19.3295,19.3295,24.1619,0.0000,0.0000,4.000000,4.000000,5.000000,0.000000,0.000000,96.000000,96.000000,95.000000,100.000000,100.000000,5.0,62.8210,60.1535,420.4173,423.0848,PENDING_AG03,FALSE,NOT_FOR_ENFORCEMENT,463.9088,46319.4703,483.2383,463.9088,19.3295,0.00902045,0.00865963,19.3295,463.9088,0.00865963,19.3295,19.3295,24.1619,0.0000,0.0000,463.9088,0.00865963,62.8210,60.1535,420.4173,423.0848,0.00784779,0.00789758,0.00036082,9.3346,8.4088,0.0842,5.5545,0.2517,615.7635,65.9540,8.3255,9.6426,5.1431,5.1891,8.2617,16.7816,25.8881,44.2602,5.1891,0.0,4.9889,8.529385,1.798876,29,193,98,2,0.20855820,0.00902045,0.00297427,0E-8,0.000000,0.900656,0.000000,0.00763944,2026-03-21,2026-08-06,87,1920,882,139,0.625899,0.863400,0.891889,0.695194,,,,,,,,GLOBAL_BASELINE_NO_ENTITY_RANKING,,,NOT_APPLICABLE_GLOBAL_BASELINE,HF9g-P5,,,,X 全窗基线 · 不参与实体赏罚,8396818,840,A168_HF9F_20260827_0900,2026-08-27 09:00:00
2026-06-06,54653530,2216,0,5.1431069509,-5.1431069509,-5.1431069509,0E-7,1,1,0.50665070000000000,0.506650700000,-1.013391052207602,-1.013391052207602,-1.013391052207602,0E-17,ELIGIBLE,R03b_20260811_FULL_v1,L1_ELIGIBILITY,v2026-08-11,2026-03-21..2026-08-06,baccarat_bet02_101_all_pairs_incl_sentinel,round_win = game_pnl > 0 (decisive only),COMPATIBILITY_ONLY_NOT_PRODUCTION,53571.4227,48249.4483,483.2383,5739,5738,-0.00902045,-0.00297427,-0.01061372,-0.00902045,-483.2383,53571.4227,OK,0.0000,19.3295,4.0000,96.0000,AG03-UNRESOLVED,ALL5_LEVELS_bet23_to_bet27,19.3295,19.3295,24.1619,0.0000,0.0000,4.000000,4.000000,5.000000,0.000000,0.000000,96.000000,96.000000,95.000000,100.000000,100.000000,5.0,62.8210,60.1535,420.4173,423.0848,PENDING_AG03,FALSE,NOT_FOR_ENFORCEMENT,463.9088,46319.4703,483.2383,463.9088,19.3295,0.00902045,0.00865963,19.3295,463.9088,0.00865963,19.3295,19.3295,24.1619,0.0000,0.0000,463.9088,0.00865963,62.8210,60.1535,420.4173,423.0848,0.00784779,0.00789758,0.00036082,9.3346,8.4088,0.0842,5.5545,0.2517,615.7635,65.9540,8.3255,9.6426,5.1431,5.1891,8.2617,16.7816,25.8881,44.2602,5.1891,0.0,4.9889,8.529385,1.798876,29,193,98,2,0.20855820,0.00902045,0.00297427,0E-8,0.000000,0.900656,0.000000,0.00763944,2026-03-21,2026-08-06,87,1920,882,139,0.625899,0.863400,0.891889,0.695194,,,,,,,,GLOBAL_BASELINE_NO_ENTITY_RANKING,,,NOT_APPLICABLE_GLOBAL_BASELINE,HF9g-P5,,,,X 全窗基线 · 不参与实体赏罚,8396819,840,A168_HF9F_20260827_0900,2026-08-27 09:00:00
2026-06-06,54653530,2218,0,5.1431069509,4.8859516034,4.8859516034,1.0000000,1,1,0.50665070000000000,0.506650700000,0.9867858985152569,0.9867858985152569,0.9867858985152569,0E-17,ELIGIBLE,R03b_20260811_FULL_v1,L1_ELIGIBILITY,v2026-08-11,2026-03-21..2026-08-06,baccarat_bet02_101_all_pairs_incl_sentinel,round_win = game_pnl > 0 (decisive only),COMPATIBILITY_ONLY_NOT_PRODUCTION,53571.4227,48249.4483,483.2383,5739,5738,-0.00902045,-0.00297427,-0.01061372,-0.00902045,-483.2383,53571.4227,OK,0.0000,19.3295,4.0000,96.0000,AG03-UNRESOLVED,ALL5_LEVELS_bet23_to_bet27,19.3295,19.3295,24.1619,0.0000,0.0000,4.000000,4.000000,5.000000,0.000000,0.000000,96.000000,96.000000,95.000000,100.000000,100.000000,5.0,62.8210,60.1535,420.4173,423.0848,PENDING_AG03,FALSE,NOT_FOR_ENFORCEMENT,463.9088,46319.4703,483.2383,463.9088,19.3295,0.00902045,0.00865963,19.3295,463.9088,0.00865963,19.3295,19.3295,24.1619,0.0000,0.0000,463.9088,0.00865963,62.8210,60.1535,420.4173,423.0848,0.00784779,0.00789758,0.00036082,9.3346,8.4088,0.0842,5.5545,0.2517,615.7635,65.9540,8.3255,9.6426,5.1431,5.1891,8.2617,16.7816,25.8881,44.2602,5.1891,0.0,4.9889,8.529385,1.798876,29,193,98,2,0.20855820,0.00902045,0.00297427,0E-8,0.000000,0.900656,0.000000,0.00763944,2026-03-21,2026-08-06,87,1920,882,139,0.625899,0.863400,0.891889,0.695194,,,,,,,,GLOBAL_BASELINE_NO_ENTITY_RANKING,,,NOT_APPLICABLE_GLOBAL_BASELINE,HF9g-P5,,,,X 全窗基线 · 不参与实体赏罚,8396820,840,A168_HF9F_20260827_0900,2026-08-27 09:00:00
2026-06-06,54653530,2220,0,5.1431069509,4.8859516034,4.8859516034,1.0000000,1,1,0.50665070000000000,0.506650700000,0.9867858985152569,0.9867858985152569,0.9867858985152569,0E-17,ELIGIBLE,R03b_20260811_FULL_v1,L1_ELIGIBILITY,v2026-08-11,2026-03-21..2026-08-06,baccarat_bet02_101_all_pairs_incl_sentinel,round_win = game_pnl > 0 (decisive only),COMPATIBILITY_ONLY_NOT_PRODUCTION,53571.4227,48249.4483,483.2383,5739,5738,-0.00902045,-0.00297427,-0.01061372,-0.00902045,-483.2383,53571.4227,OK,0.0000,19.3295,4.0000,96.0000,AG03-UNRESOLVED,ALL5_LEVELS_bet23_to_bet27,19.3295,19.3295,24.1619,0.0000,0.0000,4.000000,4.000000,5.000000,0.000000,0.000000,96.000000,96.000000,95.000000,100.000000,100.000000,5.0,62.8210,60.1535,420.4173,423.0848,PENDING_AG03,FALSE,NOT_FOR_ENFORCEMENT,463.9088,46319.4703,483.2383,463.9088,19.3295,0.00902045,0.00865963,19.3295,463.9088,0.00865963,19.3295,19.3295,24.1619,0.0000,0.0000,463.9088,0.00865963,62.8210,60.1535,420.4173,423.0848,0.00784779,0.00789758,0.00036082,9.3346,8.4088,0.0842,5.5545,0.2517,615.7635,65.9540,8.3255,9.6426,5.1431,5.1891,8.2617,16.7816,25.8881,44.2602,5.1891,0.0,4.9889,8.529385,1.798876,29,193,98,2,0.20855820,0.00902045,0.00297427,0E-8,0.000000,0.900656,0.000000,0.00763944,2026-03-21,2026-08-06,87,1920,882,139,0.625899,0.863400,0.891889,0.695194,,,,,,,,GLOBAL_BASELINE_NO_ENTITY_RANKING,,,NOT_APPLICABLE_GLOBAL_BASELINE,HF9g-P5,,,,X 全窗基线 · 不参与实体赏罚,8396821,840,A168_HF9F_20260827_0900,2026-08-27 09:00:00
2026-06-06,54653530,2222,0,147.6071694910,24.3526114126,24.3526114126,0.4615385,16,16,0.50413722500000000,0.504137225000,-0.3071945683158451,-0.3071945683158451,-0.3071945683158451,0E-17,ELIGIBLE,R03b_20260811_FULL_v1,L1_ELIGIBILITY,v2026-08-11,2026-03-21..2026-08-06,baccarat_bet02_101_all_pairs_incl_sentinel,round_win = game_pnl > 0 (decisive only),COMPATIBILITY_ONLY_NOT_PRODUCTION,53571.4227,48249.4483,483.2383,5739,5738,-0.00902045,-0.00297427,-0.01061372,-0.00902045,-483.2383,53571.4227,OK,0.0000,19.3295,4.0000,96.0000,AG03-UNRESOLVED,ALL5_LEVELS_bet23_to_bet27,19.3295,19.3295,24.1619,0.0000,0.0000,4.000000,4.000000,5.000000,0.000000,0.000000,96.000000,96.000000,95.000000,100.000000,100.000000,5.0,62.8210,60.1535,420.4173,423.0848,PENDING_AG03,FALSE,NOT_FOR_ENFORCEMENT,463.9088,46319.4703,483.2383,463.9088,19.3295,0.00902045,0.00865963,19.3295,463.9088,0.00865963,19.3295,19.3295,24.1619,0.0000,0.0000,463.9088,0.00865963,62.8210,60.1535,420.4173,423.0848,0.00784779,0.00789758,0.00036082,9.3346,8.4088,0.0842,5.5545,0.2517,615.7635,65.9540,8.3255,9.6426,5.1431,5.1891,8.2617,16.7816,25.8881,44.2602,5.1891,0.0,4.9889,8.529385,1.798876,29,193,98,2,0.20855820,0.00902045,0.00297427,0E-8,0.000000,0.900656,0.000000,0.00763944,2026-03-21,2026-08-06,87,1920,882,139,0.625899,0.863400,0.891889,0.695194,,,,,,,,GLOBAL_BASELINE_NO_ENTITY_RANKING,,,NOT_APPLICABLE_GLOBAL_BASELINE,HF9g-P5,,,,X 全窗基线 · 不参与实体赏罚,8396822,840,A168_HF9F_20260827_0900,2026-08-27 09:00:00
2026-06-06,54653530,2239,0,70.7177205750,-35.6160156350,-35.6160156350,0.1666667,6,6,0.50441650000000000,0.504416500000,-1.6546940571906357,-1.6546940571906357,-1.6546940571906357,0E-17,ELIGIBLE,R03b_20260811_FULL_v1,L1_ELIGIBILITY,v2026-08-11,2026-03-21..2026-08-06,baccarat_bet02_101_all_pairs_incl_sentinel,round_win = game_pnl > 0 (decisive only),COMPATIBILITY_ONLY_NOT_PRODUCTION,53571.4227,48249.4483,483.2383,5739,5738,-0.00902045,-0.00297427,-0.01061372,-0.00902045,-483.2383,53571.4227,OK,0.0000,19.3295,4.0000,96.0000,AG03-UNRESOLVED,ALL5_LEVELS_bet23_to_bet27,19.3295,19.3295,24.1619,0.0000,0.0000,4.000000,4.000000,5.000000,0.000000,0.000000,96.000000,96.000000,95.000000,100.000000,100.000000,5.0,62.8210,60.1535,420.4173,423.0848,PENDING_AG03,FALSE,NOT_FOR_ENFORCEMENT,463.9088,46319.4703,483.2383,463.9088,19.3295,0.00902045,0.00865963,19.3295,463.9088,0.00865963,19.3295,19.3295,24.1619,0.0000,0.0000,463.9088,0.00865963,62.8210,60.1535,420.4173,423.0848,0.00784779,0.00789758,0.00036082,9.3346,8.4088,0.0842,5.5545,0.2517,615.7635,65.9540,8.3255,9.6426,5.1431,5.1891,8.2617,16.7816,25.8881,44.2602,5.1891,0.0,4.9889,8.529385,1.798876,29,193,98,2,0.20855820,0.00902045,0.00297427,0E-8,0.000000,0.900656,0.000000,0.00763944,2026-03-21,2026-08-06,87,1920,882,139,0.625899,0.863400,0.891889,0.695194,,,,,,,,GLOBAL_BASELINE_NO_ENTITY_RANKING,,,NOT_APPLICABLE_GLOBAL_BASELINE,HF9g-P5,,,,X 全窗基线 · 不参与实体赏罚,8396823,840,A168_HF9F_20260827_0900,2026-08-27 09:00:00
2026-06-06,54653530,2242,0,33.9445058760,7.1746341965,7.1746341965,0.5000000,4,4,0.50665070000000000,0.506650700000,-0.02660515369234503,-0.02660515369234503,-0.02660515369234503,0E-17,ELIGIBLE,R03b_20260811_FULL_v1,L1_ELIGIBILITY,v2026-08-11,2026-03-21..2026-08-06,baccarat_bet02_101_all_pairs_incl_sentinel,round_win = game_pnl > 0 (decisive only),COMPATIBILITY_ONLY_NOT_PRODUCTION,53571.4227,48249.4483,483.2383,5739,5738,-0.00902045,-0.00297427,-0.01061372,-0.00902045,-483.2383,53571.4227,OK,0.0000,19.3295,4.0000,96.0000,AG03-UNRESOLVED,ALL5_LEVELS_bet23_to_bet27,19.3295,19.3295,24.1619,0.0000,0.0000,4.000000,4.000000,5.000000,0.000000,0.000000,96.000000,96.000000,95.000000,100.000000,100.000000,5.0,62.8210,60.1535,420.4173,423.0848,PENDING_AG03,FALSE,NOT_FOR_ENFORCEMENT,463.9088,46319.4703,483.2383,463.9088,19.3295,0.00902045,0.00865963,19.3295,463.9088,0.00865963,19.3295,19.3295,24.1619,0.0000,0.0000,463.9088,0.00865963,62.8210,60.1535,420.4173,423.0848,0.00784779,0.00789758,0.00036082,9.3346,8.4088,0.0842,5.5545,0.2517,615.7635,65.9540,8.3255,9.6426,5.1431,5.1891,8.2617,16.7816,25.8881,44.2602,5.1891,0.0,4.9889,8.529385,1.798876,29,193,98,2,0.20855820,0.00902045,0.00297427,0E-8,0.000000,0.900656,0.000000,0.00763944,2026-03-21,2026-08-06,87,1920,882,139,0.625899,0.863400,0.891889,0.695194,,,,,,,,GLOBAL_BASELINE_NO_ENTITY_RANKING,,,NOT_APPLICABLE_GLOBAL_BASELINE,HF9g-P5,,,,X 全窗基线 · 不参与实体赏罚,8396824,840,A168_HF9F_20260827_0900,2026-08-27 09:00:00
2026-06-06,54653530,2252,0,20.8295831512,9.7590454393,9.7590454393,0.6666667,3,3,0.50665070000000000,0.506650700000,0.5543606114942035,0.5543606114942035,0.5543606114942035,0E-17,ELIGIBLE,R03b_20260811_FULL_v1,L1_ELIGIBILITY,v2026-08-11,2026-03-21..2026-08-06,baccarat_bet02_101_all_pairs_incl_sentinel,round_win = game_pnl > 0 (decisive only),COMPATIBILITY_ONLY_NOT_PRODUCTION,53571.4227,48249.4483,483.2383,5739,5738,-0.00902045,-0.00297427,-0.01061372,-0.00902045,-483.2383,53571.4227,OK,0.0000,19.3295,4.0000,96.0000,AG03-UNRESOLVED,ALL5_LEVELS_bet23_to_bet27,19.3295,19.3295,24.1619,0.0000,0.0000,4.000000,4.000000,5.000000,0.000000,0.000000,96.000000,96.000000,95.000000,100.000000,100.000000,5.0,62.8210,60.1535,420.4173,423.0848,PENDING_AG03,FALSE,NOT_FOR_ENFORCEMENT,463.9088,46319.4703,483.2383,463.9088,19.3295,0.00902045,0.00865963,19.3295,463.9088,0.00865963,19.3295,19.3295,24.1619,0.0000,0.0000,463.9088,0.00865963,62.8210,60.1535,420.4173,423.0848,0.00784779,0.00789758,0.00036082,9.3346,8.4088,0.0842,5.5545,0.2517,615.7635,65.9540,8.3255,9.6426,5.1431,5.1891,8.2617,16.7816,25.8881,44.2602,5.1891,0.0,4.9889,8.529385,1.798876,29,193,98,2,0.20855820,0.00902045,0.00297427,0E-8,0.000000,0.900656,0.000000,0.00763944,2026-03-21,2026-08-06,87,1920,882,139,0.625899,0.863400,0.891889,0.695194,,,,,,,,GLOBAL_BASELINE_NO_ENTITY_RANKING,,,NOT_APPLICABLE_GLOBAL_BASELINE,HF9g-P5,,,,X 全窗基线 · 不参与实体赏罚,8396825,840,A168_HF9F_20260827_0900,2026-08-27 09:00:00
2026-06-06,54653530,2256,0,211.3816956822,-107.2852109959,-107.2852109959,0.3076923,14,14,0.49803307142857143,0.498033071429,-1.3725773874420082,-1.3725773874450942,-1.3725773874420082,-4.2857E-13,ELIGIBLE,R03b_20260811_FULL_v1,L1_ELIGIBILITY,v2026-08-11,2026-03-21..2026-08-06,baccarat_bet02_101_all_pairs_incl_sentinel,round_win = game_pnl > 0 (decisive only),COMPATIBILITY_ONLY_NOT_PRODUCTION,53571.4227,48249.4483,483.2383,5739,5738,-0.00902045,-0.00297427,-0.01061372,-0.00902045,-483.2383,53571.4227,OK,0.0000,19.3295,4.0000,96.0000,AG03-UNRESOLVED,ALL5_LEVELS_bet23_to_bet27,19.3295,19.3295,24.1619,0.0000,0.0000,4.000000,4.000000,5.000000,0.000000,0.000000,96.000000,96.000000,95.000000,100.000000,100.000000,5.0,62.8210,60.1535,420.4173,423.0848,PENDING_AG03,FALSE,NOT_FOR_ENFORCEMENT,463.9088,46319.4703,483.2383,463.9088,19.3295,0.00902045,0.00865963,19.3295,463.9088,0.00865963,19.3295,19.3295,24.1619,0.0000,0.0000,463.9088,0.00865963,62.8210,60.1535,420.4173,423.0848,0.00784779,0.00789758,0.00036082,9.3346,8.4088,0.0842,5.5545,0.2517,615.7635,65.9540,8.3255,9.6426,5.1431,5.1891,8.2617,16.7816,25.8881,44.2602,5.1891,0.0,4.9889,8.529385,1.798876,29,193,98,2,0.20855820,0.00902045,0.00297427,0E-8,0.000000,0.900656,0.000000,0.00763944,2026-03-21,2026-08-06,87,1920,882,139,0.625899,0.863400,0.891889,0.695194,,,,,,,,GLOBAL_BASELINE_NO_ENTITY_RANKING,,,NOT_APPLICABLE_GLOBAL_BASELINE,HF9g-P5,,,,X 全窗基线 · 不参与实体赏罚,8396826,840,A168_HF9F_20260827_0900,2026-08-27 09:00:00
2026-06-06,54653530,526,0,66.8603903617,14.9150101577,14.9150101577,0.6000000,6,6,0.49994810000000000,0.499948100000,0.44744570176651083,0.44744570176651083,0.44744570176651083,0E-17,ELIGIBLE,R03b_20260811_FULL_v1,L1_ELIGIBILITY,v2026-08-11,2026-03-21..2026-08-06,baccarat_bet02_101_all_pairs_incl_sentinel,round_win = game_pnl > 0 (decisive only),COMPATIBILITY_ONLY_NOT_PRODUCTION,53571.4227,48249.4483,483.2383,5739,5738,-0.00902045,-0.00297427,-0.01061372,-0.00902045,-483.2383,53571.4227,OK,0.0000,19.3295,4.0000,96.0000,AG03-UNRESOLVED,ALL5_LEVELS_bet23_to_bet27,19.3295,19.3295,24.1619,0.0000,0.0000,4.000000,4.000000,5.000000,0.000000,0.000000,96.000000,96.000000,95.000000,100.000000,100.000000,5.0,62.8210,60.1535,420.4173,423.0848,PENDING_AG03,FALSE,NOT_FOR_ENFORCEMENT,463.9088,46319.4703,483.2383,463.9088,19.3295,0.00902045,0.00865963,19.3295,463.9088,0.00865963,19.3295,19.3295,24.1619,0.0000,0.0000,463.9088,0.00865963,62.8210,60.1535,420.4173,423.0848,0.00784779,0.00789758,0.00036082,9.3346,8.4088,0.0842,5.5545,0.2517,615.7635,65.9540,8.3255,9.6426,5.1431,5.1891,8.2617,16.7816,25.8881,44.2602,5.1891,0.0,4.9889,8.529385,1.798876,29,193,98,2,0.20855820,0.00902045,0.00297427,0E-8,0.000000,0.900656,0.000000,0.00763944,2026-03-21,2026-08-06,87,1920,882,139,0.625899,0.863400,0.891889,0.695194,,,,,,,,GLOBAL_BASELINE_NO_ENTITY_RANKING,,,NOT_APPLICABLE_GLOBAL_BASELINE,HF9g-P5,,,,X 全窗基线 · 不参与实体赏罚,8396827,840,A168_HF9F_20260827_0900,2026-08-27 09:00:00
2026-06-06,54653530,583,0,61.2029727158,1.4786432484,1.4786432484,0.2500000,4,4,0.50329940000000000,0.503299400000,-1.013219660140378,-1.013219660140378,-1.013219660140378,0E-17,ELIGIBLE,R03b_20260811_FULL_v1,L1_ELIGIBILITY,v2026-08-11,2026-03-21..2026-08-06,baccarat_bet02_101_all_pairs_incl_sentinel,round_win = game_pnl > 0 (decisive only),COMPATIBILITY_ONLY_NOT_PRODUCTION,53571.4227,48249.4483,483.2383,5739,5738,-0.00902045,-0.00297427,-0.01061372,-0.00902045,-483.2383,53571.4227,OK,0.0000,19.3295,4.0000,96.0000,AG03-UNRESOLVED,ALL5_LEVELS_bet23_to_bet27,19.3295,19.3295,24.1619,0.0000,0.0000,4.000000,4.000000,5.000000,0.000000,0.000000,96.000000,96.000000,95.000000,100.000000,100.000000,5.0,62.8210,60.1535,420.4173,423.0848,PENDING_AG03,FALSE,NOT_FOR_ENFORCEMENT,463.9088,46319.4703,483.2383,463.9088,19.3295,0.00902045,0.00865963,19.3295,463.9088,0.00865963,19.3295,19.3295,24.1619,0.0000,0.0000,463.9088,0.00865963,62.8210,60.1535,420.4173,423.0848,0.00784779,0.00789758,0.00036082,9.3346,8.4088,0.0842,5.5545,0.2517,615.7635,65.9540,8.3255,9.6426,5.1431,5.1891,8.2617,16.7816,25.8881,44.2602,5.1891,0.0,4.9889,8.529385,1.798876,29,193,98,2,0.20855820,0.00902045,0.00297427,0E-8,0.000000,0.900656,0.000000,0.00763944,2026-03-21,2026-08-06,87,1920,882,139,0.625899,0.863400,0.891889,0.695194,,,,,,,,GLOBAL_BASELINE_NO_ENTITY_RANKING,,,NOT_APPLICABLE_GLOBAL_BASELINE,HF9g-P5,,,,X 全窗基线 · 不参与实体赏罚,8396828,840,A168_HF9F_20260827_0900,2026-08-27 09:00:00
2026-06-06,54653530,595,0,73.2892740505,18.4766117211,18.4766117211,0.6000000,5,5,0.50665070000000000,0.506650700000,0.4175076967804994,0.4175076967804994,0.4175076967804994,0E-17,ELIGIBLE,R03b_20260811_FULL_v1,L1_ELIGIBILITY,v2026-08-11,2026-03-21..2026-08-06,baccarat_bet02_101_all_pairs_incl_sentinel,round_win = game_pnl > 0 (decisive only),COMPATIBILITY_ONLY_NOT_PRODUCTION,53571.4227,48249.4483,483.2383,5739,5738,-0.00902045,-0.00297427,-0.01061372,-0.00902045,-483.2383,53571.4227,OK,0.0000,19.3295,4.0000,96.0000,AG03-UNRESOLVED,ALL5_LEVELS_bet23_to_bet27,19.3295,19.3295,24.1619,0.0000,0.0000,4.000000,4.000000,5.000000,0.000000,0.000000,96.000000,96.000000,95.000000,100.000000,100.000000,5.0,62.8210,60.1535,420.4173,423.0848,PENDING_AG03,FALSE,NOT_FOR_ENFORCEMENT,463.9088,46319.4703,483.2383,463.9088,19.3295,0.00902045,0.00865963,19.3295,463.9088,0.00865963,19.3295,19.3295,24.1619,0.0000,0.0000,463.9088,0.00865963,62.8210,60.1535,420.4173,423.0848,0.00784779,0.00789758,0.00036082,9.3346,8.4088,0.0842,5.5545,0.2517,615.7635,65.9540,8.3255,9.6426,5.1431,5.1891,8.2617,16.7816,25.8881,44.2602,5.1891,0.0,4.9889,8.529385,1.798876,29,193,98,2,0.20855820,0.00902045,0.00297427,0E-8,0.000000,0.900656,0.000000,0.00763944,2026-03-21,2026-08-06,87,1920,882,139,0.625899,0.863400,0.891889,0.695194,,,,,,,,GLOBAL_BASELINE_NO_ENTITY_RANKING,,,NOT_APPLICABLE_GLOBAL_BASELINE,HF9g-P5,,,,X 全窗基线 · 不参与实体赏罚,8396829,840,A168_HF9F_20260827_0900,2026-08-27 09:00:00
2026-06-06,54653530,796,0,5.1431069509,4.8859516034,4.8859516034,1.0000000,1,1,0.50665070000000000,0.506650700000,0.9867858985152569,0.9867858985152569,0.9867858985152569,0E-17,ELIGIBLE,R03b_20260811_FULL_v1,L1_ELIGIBILITY,v2026-08-11,2026-03-21..2026-08-06,baccarat_bet02_101_all_pairs_incl_sentinel,round_win = game_pnl > 0 (decisive only),COMPATIBILITY_ONLY_NOT_PRODUCTION,53571.4227,48249.4483,483.2383,5739,5738,-0.00902045,-0.00297427,-0.01061372,-0.00902045,-483.2383,53571.4227,OK,0.0000,19.3295,4.0000,96.0000,AG03-UNRESOLVED,ALL5_LEVELS_bet23_to_bet27,19.3295,19.3295,24.1619,0.0000,0.0000,4.000000,4.000000,5.000000,0.000000,0.000000,96.000000,96.000000,95.000000,100.000000,100.000000,5.0,62.8210,60.1535,420.4173,423.0848,PENDING_AG03,FALSE,NOT_FOR_ENFORCEMENT,463.9088,46319.4703,483.2383,463.9088,19.3295,0.00902045,0.00865963,19.3295,463.9088,0.00865963,19.3295,19.3295,24.1619,0.0000,0.0000,463.9088,0.00865963,62.8210,60.1535,420.4173,423.0848,0.00784779,0.00789758,0.00036082,9.3346,8.4088,0.0842,5.5545,0.2517,615.7635,65.9540,8.3255,9.6426,5.1431,5.1891,8.2617,16.7816,25.8881,44.2602,5.1891,0.0,4.9889,8.529385,1.798876,29,193,98,2,0.20855820,0.00902045,0.00297427,0E-8,0.000000,0.900656,0.000000,0.00763944,2026-03-21,2026-08-06,87,1920,882,139,0.625899,0.863400,0.891889,0.695194,,,,,,,,GLOBAL_BASELINE_NO_ENTITY_RANKING,,,NOT_APPLICABLE_GLOBAL_BASELINE,HF9g-P5,,,,X 全窗基线 · 不参与实体赏罚,8396830,840,A168_HF9F_20260827_0900,2026-08-27 09:00:00
2026-06-07,54653530,-1,1,773.2661300690,-28.1070794863,-28.1070794863,0.4583333,51,51,0.50086806470588235,0.500868064706,-0.5893794148266662,-0.5893794148282968,-0.5893794148266662,-1.1765E-13,SENTINEL_DEALER,R03b_20260811_FULL_v1,L1_ELIGIBILITY,v2026-08-11,2026-03-21..2026-08-06,baccarat_bet02_101_all_pairs_incl_sentinel,round_win = game_pnl > 0 (decisive only),COMPATIBILITY_ONLY_NOT_PRODUCTION,53571.4227,48249.4483,483.2383,5739,5738,-0.00902045,-0.00297427,-0.01061372,-0.00902045,-483.2383,53571.4227,OK,0.0000,19.3295,4.0000,96.0000,AG03-UNRESOLVED,ALL5_LEVELS_bet23_to_bet27,19.3295,19.3295,24.1619,0.0000,0.0000,4.000000,4.000000,5.000000,0.000000,0.000000,96.000000,96.000000,95.000000,100.000000,100.000000,5.0,62.8210,60.1535,420.4173,423.0848,PENDING_AG03,FALSE,NOT_FOR_ENFORCEMENT,463.9088,46319.4703,483.2383,463.9088,19.3295,0.00902045,0.00865963,19.3295,463.9088,0.00865963,19.3295,19.3295,24.1619,0.0000,0.0000,463.9088,0.00865963,62.8210,60.1535,420.4173,423.0848,0.00784779,0.00789758,0.00036082,9.3346,8.4088,0.0842,5.5545,0.2517,615.7635,65.9540,8.3255,9.6426,5.1431,5.1891,8.2617,16.7816,25.8881,44.2602,5.1891,0.0,4.9889,8.529385,1.798876,29,193,98,2,0.20855820,0.00902045,0.00297427,0E-8,0.000000,0.900656,0.000000,0.00763944,2026-03-21,2026-08-06,87,1920,882,139,0.625899,0.863400,0.891889,0.695194,,,,,,,,GLOBAL_BASELINE_NO_ENTITY_RANKING,,,NOT_APPLICABLE_GLOBAL_BASELINE,HF9g-P5,,,,X 全窗基线 · 不参与实体赏罚,8396831,840,A168_HF9F_20260827_0900,2026-08-27 09:00:00
2026-06-07,54653530,1205,0,34.4588165711,-34.4588165711,-34.4588165711,0E-7,1,1,0.50665070000000000,0.506650700000,-1.013391052207602,-1.013391052207602,-1.013391052207602,0E-17,ELIGIBLE,R03b_20260811_FULL_v1,L1_ELIGIBILITY,v2026-08-11,2026-03-21..2026-08-06,baccarat_bet02_101_all_pairs_incl_sentinel,round_win = game_pnl > 0 (decisive only),COMPATIBILITY_ONLY_NOT_PRODUCTION,53571.4227,48249.4483,483.2383,5739,5738,-0.00902045,-0.00297427,-0.01061372,-0.00902045,-483.2383,53571.4227,OK,0.0000,19.3295,4.0000,96.0000,AG03-UNRESOLVED,ALL5_LEVELS_bet23_to_bet27,19.3295,19.3295,24.1619,0.0000,0.0000,4.000000,4.000000,5.000000,0.000000,0.000000,96.000000,96.000000,95.000000,100.000000,100.000000,5.0,62.8210,60.1535,420.4173,423.0848,PENDING_AG03,FALSE,NOT_FOR_ENFORCEMENT,463.9088,46319.4703,483.2383,463.9088,19.3295,0.00902045,0.00865963,19.3295,463.9088,0.00865963,19.3295,19.3295,24.1619,0.0000,0.0000,463.9088,0.00865963,62.8210,60.1535,420.4173,423.0848,0.00784779,0.00789758,0.00036082,9.3346,8.4088,0.0842,5.5545,0.2517,615.7635,65.9540,8.3255,9.6426,5.1431,5.1891,8.2617,16.7816,25.8881,44.2602,5.1891,0.0,4.9889,8.529385,1.798876,29,193,98,2,0.20855820,0.00902045,0.00297427,0E-8,0.000000,0.900656,0.000000,0.00763944,2026-03-21,2026-08-06,87,1920,882,139,0.625899,0.863400,0.891889,0.695194,,,,,,,,GLOBAL_BASELINE_NO_ENTITY_RANKING,,,NOT_APPLICABLE_GLOBAL_BASELINE,HF9g-P5,,,,X 全窗基线 · 不参与实体赏罚,8396832,840,A168_HF9F_20260827_0900,2026-08-27 09:00:00
2026-06-07,54653530,1318,0,28.2870882300,17.4865636332,17.4865636332,0.8000000,5,5,0.49860758000000000,0.498607580000,1.3478731046594083,1.3478731046594083,1.3478731046594083,0E-17,ELIGIBLE,R03b_20260811_FULL_v1,L1_ELIGIBILITY,v2026-08-11,2026-03-21..2026-08-06,baccarat_bet02_101_all_pairs_incl_sentinel,round_win = game_pnl > 0 (decisive only),COMPATIBILITY_ONLY_NOT_PRODUCTION,53571.4227,48249.4483,483.2383,5739,5738,-0.00902045,-0.00297427,-0.01061372,-0.00902045,-483.2383,53571.4227,OK,0.0000,19.3295,4.0000,96.0000,AG03-UNRESOLVED,ALL5_LEVELS_bet23_to_bet27,19.3295,19.3295,24.1619,0.0000,0.0000,4.000000,4.000000,5.000000,0.000000,0.000000,96.000000,96.000000,95.000000,100.000000,100.000000,5.0,62.8210,60.1535,420.4173,423.0848,PENDING_AG03,FALSE,NOT_FOR_ENFORCEMENT,463.9088,46319.4703,483.2383,463.9088,19.3295,0.00902045,0.00865963,19.3295,463.9088,0.00865963,19.3295,19.3295,24.1619,0.0000,0.0000,463.9088,0.00865963,62.8210,60.1535,420.4173,423.0848,0.00784779,0.00789758,0.00036082,9.3346,8.4088,0.0842,5.5545,0.2517,615.7635,65.9540,8.3255,9.6426,5.1431,5.1891,8.2617,16.7816,25.8881,44.2602,5.1891,0.0,4.9889,8.529385,1.798876,29,193,98,2,0.20855820,0.00902045,0.00297427,0E-8,0.000000,0.900656,0.000000,0.00763944,2026-03-21,2026-08-06,87,1920,882,139,0.625899,0.863400,0.891889,0.695194,,,,,,,,GLOBAL_BASELINE_NO_ENTITY_RANKING,,,NOT_APPLICABLE_GLOBAL_BASELINE,HF9g-P5,,,,X 全窗基线 · 不参与实体赏罚,8396833,840,A168_HF9F_20260827_0900,2026-08-27 09:00:00
2026-06-07,54653530,1325,0,101.5763622805,27.9656440456,27.9656440456,0.5833333,14,14,0.50090561428571429,0.500905614286,0.5710769260936263,0.5710769260916475,0.5710769260936263,-2.8571E-13,ELIGIBLE,R03b_20260811_FULL_v1,L1_ELIGIBILITY,v2026-08-11,2026-03-21..2026-08-06,baccarat_bet02_101_all_pairs_incl_sentinel,round_win = game_pnl > 0 (decisive only),COMPATIBILITY_ONLY_NOT_PRODUCTION,53571.4227,48249.4483,483.2383,5739,5738,-0.00902045,-0.00297427,-0.01061372,-0.00902045,-483.2383,53571.4227,OK,0.0000,19.3295,4.0000,96.0000,AG03-UNRESOLVED,ALL5_LEVELS_bet23_to_bet27,19.3295,19.3295,24.1619,0.0000,0.0000,4.000000,4.000000,5.000000,0.000000,0.000000,96.000000,96.000000,95.000000,100.000000,100.000000,5.0,62.8210,60.1535,420.4173,423.0848,PENDING_AG03,FALSE,NOT_FOR_ENFORCEMENT,463.9088,46319.4703,483.2383,463.9088,19.3295,0.00902045,0.00865963,19.3295,463.9088,0.00865963,19.3295,19.3295,24.1619,0.0000,0.0000,463.9088,0.00865963,62.8210,60.1535,420.4173,423.0848,0.00784779,0.00789758,0.00036082,9.3346,8.4088,0.0842,5.5545,0.2517,615.7635,65.9540,8.3255,9.6426,5.1431,5.1891,8.2617,16.7816,25.8881,44.2602,5.1891,0.0,4.9889,8.529385,1.798876,29,193,98,2,0.20855820,0.00902045,0.00297427,0E-8,0.000000,0.900656,0.000000,0.00763944,2026-03-21,2026-08-06,87,1920,882,139,0.625899,0.863400,0.891889,0.695194,,,,,,,,GLOBAL_BASELINE_NO_ENTITY_RANKING,,,NOT_APPLICABLE_GLOBAL_BASELINE,HF9g-P5,,,,X 全窗基线 · 不参与实体赏罚,8396834,840,A168_HF9F_20260827_0900,2026-08-27 09:00:00
2026-06-07,54653530,1331,0,28.2870882300,12.6006120298,12.6006120298,0.7500000,5,5,0.49860758000000000,0.498607580000,1.005573579286957,1.005573579286957,1.005573579286957,0E-17,ELIGIBLE,R03b_20260811_FULL_v1,L1_ELIGIBILITY,v2026-08-11,2026-03-21..2026-08-06,baccarat_bet02_101_all_pairs_incl_sentinel,round_win = game_pnl > 0 (decisive only),COMPATIBILITY_ONLY_NOT_PRODUCTION,53571.4227,48249.4483,483.2383,5739,5738,-0.00902045,-0.00297427,-0.01061372,-0.00902045,-483.2383,53571.4227,OK,0.0000,19.3295,4.0000,96.0000,AG03-UNRESOLVED,ALL5_LEVELS_bet23_to_bet27,19.3295,19.3295,24.1619,0.0000,0.0000,4.000000,4.000000,5.000000,0.000000,0.000000,96.000000,96.000000,95.000000,100.000000,100.000000,5.0,62.8210,60.1535,420.4173,423.0848,PENDING_AG03,FALSE,NOT_FOR_ENFORCEMENT,463.9088,46319.4703,483.2383,463.9088,19.3295,0.00902045,0.00865963,19.3295,463.9088,0.00865963,19.3295,19.3295,24.1619,0.0000,0.0000,463.9088,0.00865963,62.8210,60.1535,420.4173,423.0848,0.00784779,0.00789758,0.00036082,9.3346,8.4088,0.0842,5.5545,0.2517,615.7635,65.9540,8.3255,9.6426,5.1431,5.1891,8.2617,16.7816,25.8881,44.2602,5.1891,0.0,4.9889,8.529385,1.798876,29,193,98,2,0.20855820,0.00902045,0.00297427,0E-8,0.000000,0.900656,0.000000,0.00763944,2026-03-21,2026-08-06,87,1920,882,139,0.625899,0.863400,0.891889,0.695194,,,,,,,,GLOBAL_BASELINE_NO_ENTITY_RANKING,,,NOT_APPLICABLE_GLOBAL_BASELINE,HF9g-P5,,,,X 全窗基线 · 不参与实体赏罚,8396835,840,A168_HF9F_20260827_0900,2026-08-27 09:00:00
2026-06-07,54653530,1382,0,5.1431069509,4.8859516034,4.8859516034,1.0000000,1,1,0.50665070000000000,0.506650700000,0.9867858985152569,0.9867858985152569,0.9867858985152569,0E-17,ELIGIBLE,R03b_20260811_FULL_v1,L1_ELIGIBILITY,v2026-08-11,2026-03-21..2026-08-06,baccarat_bet02_101_all_pairs_incl_sentinel,round_win = game_pnl > 0 (decisive only),COMPATIBILITY_ONLY_NOT_PRODUCTION,53571.4227,48249.4483,483.2383,5739,5738,-0.00902045,-0.00297427,-0.01061372,-0.00902045,-483.2383,53571.4227,OK,0.0000,19.3295,4.0000,96.0000,AG03-UNRESOLVED,ALL5_LEVELS_bet23_to_bet27,19.3295,19.3295,24.1619,0.0000,0.0000,4.000000,4.000000,5.000000,0.000000,0.000000,96.000000,96.000000,95.000000,100.000000,100.000000,5.0,62.8210,60.1535,420.4173,423.0848,PENDING_AG03,FALSE,NOT_FOR_ENFORCEMENT,463.9088,46319.4703,483.2383,463.9088,19.3295,0.00902045,0.00865963,19.3295,463.9088,0.00865963,19.3295,19.3295,24.1619,0.0000,0.0000,463.9088,0.00865963,62.8210,60.1535,420.4173,423.0848,0.00784779,0.00789758,0.00036082,9.3346,8.4088,0.0842,5.5545,0.2517,615.7635,65.9540,8.3255,9.6426,5.1431,5.1891,8.2617,16.7816,25.8881,44.2602,5.1891,0.0,4.9889,8.529385,1.798876,29,193,98,2,0.20855820,0.00902045,0.00297427,0E-8,0.000000,0.900656,0.000000,0.00763944,2026-03-21,2026-08-06,87,1920,882,139,0.625899,0.863400,0.891889,0.695194,,,,,,,,GLOBAL_BASELINE_NO_ENTITY_RANKING,,,NOT_APPLICABLE_GLOBAL_BASELINE,HF9g-P5,,,,X 全窗基线 · 不参与实体赏罚,8396836,840,A168_HF9F_20260827_0900,2026-08-27 09:00:00
2026-06-07,54653530,1383,0,75.0893614832,25.0597886184,25.0597886184,0.7500000,13,13,0.50149485384615385,0.501494853846,1.4057636746604851,1.405763674661354,1.4057636746604851,1.5385E-13,ELIGIBLE,R03b_20260811_FULL_v1,L1_ELIGIBILITY,v2026-08-11,2026-03-21..2026-08-06,baccarat_bet02_101_all_pairs_incl_sentinel,round_win = game_pnl > 0 (decisive only),COMPATIBILITY_ONLY_NOT_PRODUCTION,53571.4227,48249.4483,483.2383,5739,5738,-0.00902045,-0.00297427,-0.01061372,-0.00902045,-483.2383,53571.4227,OK,0.0000,19.3295,4.0000,96.0000,AG03-UNRESOLVED,ALL5_LEVELS_bet23_to_bet27,19.3295,19.3295,24.1619,0.0000,0.0000,4.000000,4.000000,5.000000,0.000000,0.000000,96.000000,96.000000,95.000000,100.000000,100.000000,5.0,62.8210,60.1535,420.4173,423.0848,PENDING_AG03,FALSE,NOT_FOR_ENFORCEMENT,463.9088,46319.4703,483.2383,463.9088,19.3295,0.00902045,0.00865963,19.3295,463.9088,0.00865963,19.3295,19.3295,24.1619,0.0000,0.0000,463.9088,0.00865963,62.8210,60.1535,420.4173,423.0848,0.00784779,0.00789758,0.00036082,9.3346,8.4088,0.0842,5.5545,0.2517,615.7635,65.9540,8.3255,9.6426,5.1431,5.1891,8.2617,16.7816,25.8881,44.2602,5.1891,0.0,4.9889,8.529385,1.798876,29,193,98,2,0.20855820,0.00902045,0.00297427,0E-8,0.000000,0.900656,0.000000,0.00763944,2026-03-21,2026-08-06,87,1920,882,139,0.625899,0.863400,0.891889,0.695194,,,,,,,,GLOBAL_BASELINE_NO_ENTITY_RANKING,,,NOT_APPLICABLE_GLOBAL_BASELINE,HF9g-P5,,,,X 全窗基线 · 不参与实体赏罚,8396837,840,A168_HF9F_20260827_0900,2026-08-27 09:00:00
2026-06-07,54653530,1400,0,7.9718157739,7.5732249852,7.5732249852,1.0000000,1,1,0.50665070000000000,0.506650700000,0.9867858985152569,0.9867858985152569,0.9867858985152569,0E-17,ELIGIBLE,R03b_20260811_FULL_v1,L1_ELIGIBILITY,v2026-08-11,2026-03-21..2026-08-06,baccarat_bet02_101_all_pairs_incl_sentinel,round_win = game_pnl > 0 (decisive only),COMPATIBILITY_ONLY_NOT_PRODUCTION,53571.4227,48249.4483,483.2383,5739,5738,-0.00902045,-0.00297427,-0.01061372,-0.00902045,-483.2383,53571.4227,OK,0.0000,19.3295,4.0000,96.0000,AG03-UNRESOLVED,ALL5_LEVELS_bet23_to_bet27,19.3295,19.3295,24.1619,0.0000,0.0000,4.000000,4.000000,5.000000,0.000000,0.000000,96.000000,96.000000,95.000000,100.000000,100.000000,5.0,62.8210,60.1535,420.4173,423.0848,PENDING_AG03,FALSE,NOT_FOR_ENFORCEMENT,463.9088,46319.4703,483.2383,463.9088,19.3295,0.00902045,0.00865963,19.3295,463.9088,0.00865963,19.3295,19.3295,24.1619,0.0000,0.0000,463.9088,0.00865963,62.8210,60.1535,420.4173,423.0848,0.00784779,0.00789758,0.00036082,9.3346,8.4088,0.0842,5.5545,0.2517,615.7635,65.9540,8.3255,9.6426,5.1431,5.1891,8.2617,16.7816,25.8881,44.2602,5.1891,0.0,4.9889,8.529385,1.798876,29,193,98,2,0.20855820,0.00902045,0.00297427,0E-8,0.000000,0.900656,0.000000,0.00763944,2026-03-21,2026-08-06,87,1920,882,139,0.625899,0.863400,0.891889,0.695194,,,,,,,,GLOBAL_BASELINE_NO_ENTITY_RANKING,,,NOT_APPLICABLE_GLOBAL_BASELINE,HF9g-P5,,,,X 全窗基线 · 不参与实体赏罚,8396838,840,A168_HF9F_20260827_0900,2026-08-27 09:00:00
2026-06-07,54653530,1704,0,28.2870882300,-28.2870882300,-28.2870882300,0E-7,3,3,0.49771390000000000,0.497713900000,-1.724149546644903,-1.724149546644903,-1.724149546644903,0E-17,ELIGIBLE,R03b_20260811_FULL_v1,L1_ELIGIBILITY,v2026-08-11,2026-03-21..2026-08-06,baccarat_bet02_101_all_pairs_incl_sentinel,round_win = game_pnl > 0 (decisive only),COMPATIBILITY_ONLY_NOT_PRODUCTION,53571.4227,48249.4483,483.2383,5739,5738,-0.00902045,-0.00297427,-0.01061372,-0.00902045,-483.2383,53571.4227,OK,0.0000,19.3295,4.0000,96.0000,AG03-UNRESOLVED,ALL5_LEVELS_bet23_to_bet27,19.3295,19.3295,24.1619,0.0000,0.0000,4.000000,4.000000,5.000000,0.000000,0.000000,96.000000,96.000000,95.000000,100.000000,100.000000,5.0,62.8210,60.1535,420.4173,423.0848,PENDING_AG03,FALSE,NOT_FOR_ENFORCEMENT,463.9088,46319.4703,483.2383,463.9088,19.3295,0.00902045,0.00865963,19.3295,463.9088,0.00865963,19.3295,19.3295,24.1619,0.0000,0.0000,463.9088,0.00865963,62.8210,60.1535,420.4173,423.0848,0.00784779,0.00789758,0.00036082,9.3346,8.4088,0.0842,5.5545,0.2517,615.7635,65.9540,8.3255,9.6426,5.1431,5.1891,8.2617,16.7816,25.8881,44.2602,5.1891,0.0,4.9889,8.529385,1.798876,29,193,98,2,0.20855820,0.00902045,0.00297427,0E-8,0.000000,0.900656,0.000000,0.00763944,2026-03-21,2026-08-06,87,1920,882,139,0.625899,0.863400,0.891889,0.695194,,,,,,,,GLOBAL_BASELINE_NO_ENTITY_RANKING,,,NOT_APPLICABLE_GLOBAL_BASELINE,HF9g-P5,,,,X 全窗基线 · 不参与实体赏罚,8396839,840,A168_HF9F_20260827_0900,2026-08-27 09:00:00
2026-06-07,54653530,1710,0,33.4301951809,7.4575050788,7.4575050788,0.5000000,4,4,0.49994810000000000,0.499948100000,0.00020760000111838688,0.00020760000111838688,0.00020760000111838688,0E-17,ELIGIBLE,R03b_20260811_FULL_v1,L1_ELIGIBILITY,v2026-08-11,2026-03-21..2026-08-06,baccarat_bet02_101_all_pairs_incl_sentinel,round_win = game_pnl > 0 (decisive only),COMPATIBILITY_ONLY_NOT_PRODUCTION,53571.4227,48249.4483,483.2383,5739,5738,-0.00902045,-0.00297427,-0.01061372,-0.00902045,-483.2383,53571.4227,OK,0.0000,19.3295,4.0000,96.0000,AG03-UNRESOLVED,ALL5_LEVELS_bet23_to_bet27,19.3295,19.3295,24.1619,0.0000,0.0000,4.000000,4.000000,5.000000,0.000000,0.000000,96.000000,96.000000,95.000000,100.000000,100.000000,5.0,62.8210,60.1535,420.4173,423.0848,PENDING_AG03,FALSE,NOT_FOR_ENFORCEMENT,463.9088,46319.4703,483.2383,463.9088,19.3295,0.00902045,0.00865963,19.3295,463.9088,0.00865963,19.3295,19.3295,24.1619,0.0000,0.0000,463.9088,0.00865963,62.8210,60.1535,420.4173,423.0848,0.00784779,0.00789758,0.00036082,9.3346,8.4088,0.0842,5.5545,0.2517,615.7635,65.9540,8.3255,9.6426,5.1431,5.1891,8.2617,16.7816,25.8881,44.2602,5.1891,0.0,4.9889,8.529385,1.798876,29,193,98,2,0.20855820,0.00902045,0.00297427,0E-8,0.000000,0.900656,0.000000,0.00763944,2026-03-21,2026-08-06,87,1920,882,139,0.625899,0.863400,0.891889,0.695194,,,,,,,,GLOBAL_BASELINE_NO_ENTITY_RANKING,,,NOT_APPLICABLE_GLOBAL_BASELINE,HF9g-P5,,,,X 全窗基线 · 不参与实体赏罚,8396840,840,A168_HF9F_20260827_0900,2026-08-27 09:00:00
2026-06-07,54653530,1963,0,75.8608275259,-33.2373286702,-33.2373286702,0.1666667,6,6,0.49771390000000000,0.497713900000,-1.6218105569273533,-1.6218105569273533,-1.6218105569273533,0E-17,ELIGIBLE,R03b_20260811_FULL_v1,L1_ELIGIBILITY,v2026-08-11,2026-03-21..2026-08-06,baccarat_bet02_101_all_pairs_incl_sentinel,round_win = game_pnl > 0 (decisive only),COMPATIBILITY_ONLY_NOT_PRODUCTION,53571.4227,48249.4483,483.2383,5739,5738,-0.00902045,-0.00297427,-0.01061372,-0.00902045,-483.2383,53571.4227,OK,0.0000,19.3295,4.0000,96.0000,AG03-UNRESOLVED,ALL5_LEVELS_bet23_to_bet27,19.3295,19.3295,24.1619,0.0000,0.0000,4.000000,4.000000,5.000000,0.000000,0.000000,96.000000,96.000000,95.000000,100.000000,100.000000,5.0,62.8210,60.1535,420.4173,423.0848,PENDING_AG03,FALSE,NOT_FOR_ENFORCEMENT,463.9088,46319.4703,483.2383,463.9088,19.3295,0.00902045,0.00865963,19.3295,463.9088,0.00865963,19.3295,19.3295,24.1619,0.0000,0.0000,463.9088,0.00865963,62.8210,60.1535,420.4173,423.0848,0.00784779,0.00789758,0.00036082,9.3346,8.4088,0.0842,5.5545,0.2517,615.7635,65.9540,8.3255,9.6426,5.1431,5.1891,8.2617,16.7816,25.8881,44.2602,5.1891,0.0,4.9889,8.529385,1.798876,29,193,98,2,0.20855820,0.00902045,0.00297427,0E-8,0.000000,0.900656,0.000000,0.00763944,2026-03-21,2026-08-06,87,1920,882,139,0.625899,0.863400,0.891889,0.695194,,,,,,,,GLOBAL_BASELINE_NO_ENTITY_RANKING,,,NOT_APPLICABLE_GLOBAL_BASELINE,HF9g-P5,,,,X 全窗基线 · 不参与实体赏罚,8396841,840,A168_HF9F_20260827_0900,2026-08-27 09:00:00
2026-06-07,54653530,1990,0,18.2580296757,7.5732249852,7.5732249852,0.6666667,3,3,0.49771390000000000,0.497713900000,0.5852756695216578,0.5852756695216578,0.5852756695216578,0E-17,ELIGIBLE,R03b_20260811_FULL_v1,L1_ELIGIBILITY,v2026-08-11,2026-03-21..2026-08-06,baccarat_bet02_101_all_pairs_incl_sentinel,round_win = game_pnl > 0 (decisive only),COMPATIBILITY_ONLY_NOT_PRODUCTION,53571.4227,48249.4483,483.2383,5739,5738,-0.00902045,-0.00297427,-0.01061372,-0.00902045,-483.2383,53571.4227,OK,0.0000,19.3295,4.0000,96.0000,AG03-UNRESOLVED,ALL5_LEVELS_bet23_to_bet27,19.3295,19.3295,24.1619,0.0000,0.0000,4.000000,4.000000,5.000000,0.000000,0.000000,96.000000,96.000000,95.000000,100.000000,100.000000,5.0,62.8210,60.1535,420.4173,423.0848,PENDING_AG03,FALSE,NOT_FOR_ENFORCEMENT,463.9088,46319.4703,483.2383,463.9088,19.3295,0.00902045,0.00865963,19.3295,463.9088,0.00865963,19.3295,19.3295,24.1619,0.0000,0.0000,463.9088,0.00865963,62.8210,60.1535,420.4173,423.0848,0.00784779,0.00789758,0.00036082,9.3346,8.4088,0.0842,5.5545,0.2517,615.7635,65.9540,8.3255,9.6426,5.1431,5.1891,8.2617,16.7816,25.8881,44.2602,5.1891,0.0,4.9889,8.529385,1.798876,29,193,98,2,0.20855820,0.00902045,0.00297427,0E-8,0.000000,0.900656,0.000000,0.00763944,2026-03-21,2026-08-06,87,1920,882,139,0.625899,0.863400,0.891889,0.695194,,,,,,,,GLOBAL_BASELINE_NO_ENTITY_RANKING,,,NOT_APPLICABLE_GLOBAL_BASELINE,HF9g-P5,,,,X 全窗基线 · 不参与实体赏罚,8396842,840,A168_HF9F_20260827_0900,2026-08-27 09:00:00
2026-06-07,54653530,1994,0,50.1452927713,7.1489186619,7.1489186619,0.5000000,7,7,0.50473567142857143,0.504735671429,-0.023200997840541474,-0.023200997842641315,-0.023200997840541474,-4.2857E-13,ELIGIBLE,R03b_20260811_FULL_v1,L1_ELIGIBILITY,v2026-08-11,2026-03-21..2026-08-06,baccarat_bet02_101_all_pairs_incl_sentinel,round_win = game_pnl > 0 (decisive only),COMPATIBILITY_ONLY_NOT_PRODUCTION,53571.4227,48249.4483,483.2383,5739,5738,-0.00902045,-0.00297427,-0.01061372,-0.00902045,-483.2383,53571.4227,OK,0.0000,19.3295,4.0000,96.0000,AG03-UNRESOLVED,ALL5_LEVELS_bet23_to_bet27,19.3295,19.3295,24.1619,0.0000,0.0000,4.000000,4.000000,5.000000,0.000000,0.000000,96.000000,96.000000,95.000000,100.000000,100.000000,5.0,62.8210,60.1535,420.4173,423.0848,PENDING_AG03,FALSE,NOT_FOR_ENFORCEMENT,463.9088,46319.4703,483.2383,463.9088,19.3295,0.00902045,0.00865963,19.3295,463.9088,0.00865963,19.3295,19.3295,24.1619,0.0000,0.0000,463.9088,0.00865963,62.8210,60.1535,420.4173,423.0848,0.00784779,0.00789758,0.00036082,9.3346,8.4088,0.0842,5.5545,0.2517,615.7635,65.9540,8.3255,9.6426,5.1431,5.1891,8.2617,16.7816,25.8881,44.2602,5.1891,0.0,4.9889,8.529385,1.798876,29,193,98,2,0.20855820,0.00902045,0.00297427,0E-8,0.000000,0.900656,0.000000,0.00763944,2026-03-21,2026-08-06,87,1920,882,139,0.625899,0.863400,0.891889,0.695194,,,,,,,,GLOBAL_BASELINE_NO_ENTITY_RANKING,,,NOT_APPLICABLE_GLOBAL_BASELINE,HF9g-P5,,,,X 全窗基线 · 不参与实体赏罚,8396843,840,A168_HF9F_20260827_0900,2026-08-27 09:00:00
2026-06-07,54653530,2088,0,28.5442435775,12.4591765886,12.4591765886,0.7500000,5,5,0.49860758000000000,0.498607580000,1.005573579286957,1.005573579286957,1.005573579286957,0E-17,ELIGIBLE,R03b_20260811_FULL_v1,L1_ELIGIBILITY,v2026-08-11,2026-03-21..2026-08-06,baccarat_bet02_101_all_pairs_incl_sentinel,round_win = game_pnl > 0 (decisive only),COMPATIBILITY_ONLY_NOT_PRODUCTION,53571.4227,48249.4483,483.2383,5739,5738,-0.00902045,-0.00297427,-0.01061372,-0.00902045,-483.2383,53571.4227,OK,0.0000,19.3295,4.0000,96.0000,AG03-UNRESOLVED,ALL5_LEVELS_bet23_to_bet27,19.3295,19.3295,24.1619,0.0000,0.0000,4.000000,4.000000,5.000000,0.000000,0.000000,96.000000,96.000000,95.000000,100.000000,100.000000,5.0,62.8210,60.1535,420.4173,423.0848,PENDING_AG03,FALSE,NOT_FOR_ENFORCEMENT,463.9088,46319.4703,483.2383,463.9088,19.3295,0.00902045,0.00865963,19.3295,463.9088,0.00865963,19.3295,19.3295,24.1619,0.0000,0.0000,463.9088,0.00865963,62.8210,60.1535,420.4173,423.0848,0.00784779,0.00789758,0.00036082,9.3346,8.4088,0.0842,5.5545,0.2517,615.7635,65.9540,8.3255,9.6426,5.1431,5.1891,8.2617,16.7816,25.8881,44.2602,5.1891,0.0,4.9889,8.529385,1.798876,29,193,98,2,0.20855820,0.00902045,0.00297427,0E-8,0.000000,0.900656,0.000000,0.00763944,2026-03-21,2026-08-06,87,1920,882,139,0.625899,0.863400,0.891889,0.695194,,,,,,,,GLOBAL_BASELINE_NO_ENTITY_RANKING,,,NOT_APPLICABLE_GLOBAL_BASELINE,HF9g-P5,,,,X 全窗基线 · 不参与实体赏罚,8396844,840,A168_HF9F_20260827_0900,2026-08-27 09:00:00
2026-06-07,54653530,2101,0,68.6604777946,-3.1372952399,-3.1372952399,0.3750000,9,9,0.50367176666666667,0.503671766667,-0.7278970571502962,-0.7278970571521853,-0.7278970571502962,-3.3333E-13,ELIGIBLE,R03b_20260811_FULL_v1,L1_ELIGIBILITY,v2026-08-11,2026-03-21..2026-08-06,baccarat_bet02_101_all_pairs_incl_sentinel,round_win = game_pnl > 0 (decisive only),COMPATIBILITY_ONLY_NOT_PRODUCTION,53571.4227,48249.4483,483.2383,5739,5738,-0.00902045,-0.00297427,-0.01061372,-0.00902045,-483.2383,53571.4227,OK,0.0000,19.3295,4.0000,96.0000,AG03-UNRESOLVED,ALL5_LEVELS_bet23_to_bet27,19.3295,19.3295,24.1619,0.0000,0.0000,4.000000,4.000000,5.000000,0.000000,0.000000,96.000000,96.000000,95.000000,100.000000,100.000000,5.0,62.8210,60.1535,420.4173,423.0848,PENDING_AG03,FALSE,NOT_FOR_ENFORCEMENT,463.9088,46319.4703,483.2383,463.9088,19.3295,0.00902045,0.00865963,19.3295,463.9088,0.00865963,19.3295,19.3295,24.1619,0.0000,0.0000,463.9088,0.00865963,62.8210,60.1535,420.4173,423.0848,0.00784779,0.00789758,0.00036082,9.3346,8.4088,0.0842,5.5545,0.2517,615.7635,65.9540,8.3255,9.6426,5.1431,5.1891,8.2617,16.7816,25.8881,44.2602,5.1891,0.0,4.9889,8.529385,1.798876,29,193,98,2,0.20855820,0.00902045,0.00297427,0E-8,0.000000,0.900656,0.000000,0.00763944,2026-03-21,2026-08-06,87,1920,882,139,0.625899,0.863400,0.891889,0.695194,,,,,,,,GLOBAL_BASELINE_NO_ENTITY_RANKING,,,NOT_APPLICABLE_GLOBAL_BASELINE,HF9g-P5,,,,X 全窗基线 · 不参与实体赏罚,8396845,840,A168_HF9F_20260827_0900,2026-08-27 09:00:00
2026-06-07,54653530,2103,0,84.8612646900,7.8689536350,7.8689536350,0.3750000,10,10,0.50262914000000000,0.502629140000,-0.7219894243634376,-0.7219894243634376,-0.7219894243634376,0E-17,ELIGIBLE,R03b_20260811_FULL_v1,L1_ELIGIBILITY,v2026-08-11,2026-03-21..2026-08-06,baccarat_bet02_101_all_pairs_incl_sentinel,round_win = game_pnl > 0 (decisive only),COMPATIBILITY_ONLY_NOT_PRODUCTION,53571.4227,48249.4483,483.2383,5739,5738,-0.00902045,-0.00297427,-0.01061372,-0.00902045,-483.2383,53571.4227,OK,0.0000,19.3295,4.0000,96.0000,AG03-UNRESOLVED,ALL5_LEVELS_bet23_to_bet27,19.3295,19.3295,24.1619,0.0000,0.0000,4.000000,4.000000,5.000000,0.000000,0.000000,96.000000,96.000000,95.000000,100.000000,100.000000,5.0,62.8210,60.1535,420.4173,423.0848,PENDING_AG03,FALSE,NOT_FOR_ENFORCEMENT,463.9088,46319.4703,483.2383,463.9088,19.3295,0.00902045,0.00865963,19.3295,463.9088,0.00865963,19.3295,19.3295,24.1619,0.0000,0.0000,463.9088,0.00865963,62.8210,60.1535,420.4173,423.0848,0.00784779,0.00789758,0.00036082,9.3346,8.4088,0.0842,5.5545,0.2517,615.7635,65.9540,8.3255,9.6426,5.1431,5.1891,8.2617,16.7816,25.8881,44.2602,5.1891,0.0,4.9889,8.529385,1.798876,29,193,98,2,0.20855820,0.00902045,0.00297427,0E-8,0.000000,0.900656,0.000000,0.00763944,2026-03-21,2026-08-06,87,1920,882,139,0.625899,0.863400,0.891889,0.695194,,,,,,,,GLOBAL_BASELINE_NO_ENTITY_RANKING,,,NOT_APPLICABLE_GLOBAL_BASELINE,HF9g-P5,,,,X 全窗基线 · 不参与实体赏罚,8396846,840,A168_HF9F_20260827_0900,2026-08-27 09:00:00
2026-06-07,54653530,2115,0,23.1439812791,12.6006120298,12.6006120298,0.7500000,4,4,0.49994810000000000,0.499948100000,1.0002076053883384,1.0002076053883384,1.0002076053883384,0E-17,ELIGIBLE,R03b_20260811_FULL_v1,L1_ELIGIBILITY,v2026-08-11,2026-03-21..2026-08-06,baccarat_bet02_101_all_pairs_incl_sentinel,round_win = game_pnl > 0 (decisive only),COMPATIBILITY_ONLY_NOT_PRODUCTION,53571.4227,48249.4483,483.2383,5739,5738,-0.00902045,-0.00297427,-0.01061372,-0.00902045,-483.2383,53571.4227,OK,0.0000,19.3295,4.0000,96.0000,AG03-UNRESOLVED,ALL5_LEVELS_bet23_to_bet27,19.3295,19.3295,24.1619,0.0000,0.0000,4.000000,4.000000,5.000000,0.000000,0.000000,96.000000,96.000000,95.000000,100.000000,100.000000,5.0,62.8210,60.1535,420.4173,423.0848,PENDING_AG03,FALSE,NOT_FOR_ENFORCEMENT,463.9088,46319.4703,483.2383,463.9088,19.3295,0.00902045,0.00865963,19.3295,463.9088,0.00865963,19.3295,19.3295,24.1619,0.0000,0.0000,463.9088,0.00865963,62.8210,60.1535,420.4173,423.0848,0.00784779,0.00789758,0.00036082,9.3346,8.4088,0.0842,5.5545,0.2517,615.7635,65.9540,8.3255,9.6426,5.1431,5.1891,8.2617,16.7816,25.8881,44.2602,5.1891,0.0,4.9889,8.529385,1.798876,29,193,98,2,0.20855820,0.00902045,0.00297427,0E-8,0.000000,0.900656,0.000000,0.00763944,2026-03-21,2026-08-06,87,1920,882,139,0.625899,0.863400,0.891889,0.695194,,,,,,,,GLOBAL_BASELINE_NO_ENTITY_RANKING,,,NOT_APPLICABLE_GLOBAL_BASELINE,HF9g-P5,,,,X 全窗基线 · 不参与实体赏罚,8396847,840,A168_HF9F_20260827_0900,2026-08-27 09:00:00
2026-06-07,54653530,2121,0,10.2862139018,10.0290585543,10.0290585543,1.0000000,2,2,0.49994810000000000,0.499948100000,1.4143603653603398,1.4143603653603398,1.4143603653603398,0E-17,ELIGIBLE,R03b_20260811_FULL_v1,L1_ELIGIBILITY,v2026-08-11,2026-03-21..2026-08-06,baccarat_bet02_101_all_pairs_incl_sentinel,round_win = game_pnl > 0 (decisive only),COMPATIBILITY_ONLY_NOT_PRODUCTION,53571.4227,48249.4483,483.2383,5739,5738,-0.00902045,-0.00297427,-0.01061372,-0.00902045,-483.2383,53571.4227,OK,0.0000,19.3295,4.0000,96.0000,AG03-UNRESOLVED,ALL5_LEVELS_bet23_to_bet27,19.3295,19.3295,24.1619,0.0000,0.0000,4.000000,4.000000,5.000000,0.000000,0.000000,96.000000,96.000000,95.000000,100.000000,100.000000,5.0,62.8210,60.1535,420.4173,423.0848,PENDING_AG03,FALSE,NOT_FOR_ENFORCEMENT,463.9088,46319.4703,483.2383,463.9088,19.3295,0.00902045,0.00865963,19.3295,463.9088,0.00865963,19.3295,19.3295,24.1619,0.0000,0.0000,463.9088,0.00865963,62.8210,60.1535,420.4173,423.0848,0.00784779,0.00789758,0.00036082,9.3346,8.4088,0.0842,5.5545,0.2517,615.7635,65.9540,8.3255,9.6426,5.1431,5.1891,8.2617,16.7816,25.8881,44.2602,5.1891,0.0,4.9889,8.529385,1.798876,29,193,98,2,0.20855820,0.00902045,0.00297427,0E-8,0.000000,0.900656,0.000000,0.00763944,2026-03-21,2026-08-06,87,1920,882,139,0.625899,0.863400,0.891889,0.695194,,,,,,,,GLOBAL_BASELINE_NO_ENTITY_RANKING,,,NOT_APPLICABLE_GLOBAL_BASELINE,HF9g-P5,,,,X 全窗基线 · 不参与实体赏罚,8396848,840,A168_HF9F_20260827_0900,2026-08-27 09:00:00
2026-06-07,54653530,2130,0,15.4293208527,15.1721655052,15.1721655052,1.0000000,3,3,0.49771390000000000,0.497713900000,1.739988277604938,1.739988277604938,1.739988277604938,0E-17,ELIGIBLE,R03b_20260811_FULL_v1,L1_ELIGIBILITY,v2026-08-11,2026-03-21..2026-08-06,baccarat_bet02_101_all_pairs_incl_sentinel,round_win = game_pnl > 0 (decisive only),COMPATIBILITY_ONLY_NOT_PRODUCTION,53571.4227,48249.4483,483.2383,5739,5738,-0.00902045,-0.00297427,-0.01061372,-0.00902045,-483.2383,53571.4227,OK,0.0000,19.3295,4.0000,96.0000,AG03-UNRESOLVED,ALL5_LEVELS_bet23_to_bet27,19.3295,19.3295,24.1619,0.0000,0.0000,4.000000,4.000000,5.000000,0.000000,0.000000,96.000000,96.000000,95.000000,100.000000,100.000000,5.0,62.8210,60.1535,420.4173,423.0848,PENDING_AG03,FALSE,NOT_FOR_ENFORCEMENT,463.9088,46319.4703,483.2383,463.9088,19.3295,0.00902045,0.00865963,19.3295,463.9088,0.00865963,19.3295,19.3295,24.1619,0.0000,0.0000,463.9088,0.00865963,62.8210,60.1535,420.4173,423.0848,0.00784779,0.00789758,0.00036082,9.3346,8.4088,0.0842,5.5545,0.2517,615.7635,65.9540,8.3255,9.6426,5.1431,5.1891,8.2617,16.7816,25.8881,44.2602,5.1891,0.0,4.9889,8.529385,1.798876,29,193,98,2,0.20855820,0.00902045,0.00297427,0E-8,0.000000,0.900656,0.000000,0.00763944,2026-03-21,2026-08-06,87,1920,882,139,0.625899,0.863400,0.891889,0.695194,,,,,,,,GLOBAL_BASELINE_NO_ENTITY_RANKING,,,NOT_APPLICABLE_GLOBAL_BASELINE,HF9g-P5,,,,X 全窗基线 · 不参与实体赏罚,8396849,840,A168_HF9F_20260827_0900,2026-08-27 09:00:00
2026-06-07,54653530,2142,0,5.1431069509,4.8859516034,4.8859516034,1.0000000,1,1,0.50665070000000000,0.506650700000,0.9867858985152569,0.9867858985152569,0.9867858985152569,0E-17,ELIGIBLE,R03b_20260811_FULL_v1,L1_ELIGIBILITY,v2026-08-11,2026-03-21..2026-08-06,baccarat_bet02_101_all_pairs_incl_sentinel,round_win = game_pnl > 0 (decisive only),COMPATIBILITY_ONLY_NOT_PRODUCTION,53571.4227,48249.4483,483.2383,5739,5738,-0.00902045,-0.00297427,-0.01061372,-0.00902045,-483.2383,53571.4227,OK,0.0000,19.3295,4.0000,96.0000,AG03-UNRESOLVED,ALL5_LEVELS_bet23_to_bet27,19.3295,19.3295,24.1619,0.0000,0.0000,4.000000,4.000000,5.000000,0.000000,0.000000,96.000000,96.000000,95.000000,100.000000,100.000000,5.0,62.8210,60.1535,420.4173,423.0848,PENDING_AG03,FALSE,NOT_FOR_ENFORCEMENT,463.9088,46319.4703,483.2383,463.9088,19.3295,0.00902045,0.00865963,19.3295,463.9088,0.00865963,19.3295,19.3295,24.1619,0.0000,0.0000,463.9088,0.00865963,62.8210,60.1535,420.4173,423.0848,0.00784779,0.00789758,0.00036082,9.3346,8.4088,0.0842,5.5545,0.2517,615.7635,65.9540,8.3255,9.6426,5.1431,5.1891,8.2617,16.7816,25.8881,44.2602,5.1891,0.0,4.9889,8.529385,1.798876,29,193,98,2,0.20855820,0.00902045,0.00297427,0E-8,0.000000,0.900656,0.000000,0.00763944,2026-03-21,2026-08-06,87,1920,882,139,0.625899,0.863400,0.891889,0.695194,,,,,,,,GLOBAL_BASELINE_NO_ENTITY_RANKING,,,NOT_APPLICABLE_GLOBAL_BASELINE,HF9g-P5,,,,X 全窗基线 · 不参与实体赏罚,8396850,840,A168_HF9F_20260827_0900,2026-08-27 09:00:00
2026-06-07,54653530,2147,0,120.6058579988,39.1261861291,39.1261861291,0.4000000,10,10,0.50262914000000000,0.502629140000,-0.649092647016965,-0.649092647016965,-0.649092647016965,0E-17,ELIGIBLE,R03b_20260811_FULL_v1,L1_ELIGIBILITY,v2026-08-11,2026-03-21..2026-08-06,baccarat_bet02_101_all_pairs_incl_sentinel,round_win = game_pnl > 0 (decisive only),COMPATIBILITY_ONLY_NOT_PRODUCTION,53571.4227,48249.4483,483.2383,5739,5738,-0.00902045,-0.00297427,-0.01061372,-0.00902045,-483.2383,53571.4227,OK,0.0000,19.3295,4.0000,96.0000,AG03-UNRESOLVED,ALL5_LEVELS_bet23_to_bet27,19.3295,19.3295,24.1619,0.0000,0.0000,4.000000,4.000000,5.000000,0.000000,0.000000,96.000000,96.000000,95.000000,100.000000,100.000000,5.0,62.8210,60.1535,420.4173,423.0848,PENDING_AG03,FALSE,NOT_FOR_ENFORCEMENT,463.9088,46319.4703,483.2383,463.9088,19.3295,0.00902045,0.00865963,19.3295,463.9088,0.00865963,19.3295,19.3295,24.1619,0.0000,0.0000,463.9088,0.00865963,62.8210,60.1535,420.4173,423.0848,0.00784779,0.00789758,0.00036082,9.3346,8.4088,0.0842,5.5545,0.2517,615.7635,65.9540,8.3255,9.6426,5.1431,5.1891,8.2617,16.7816,25.8881,44.2602,5.1891,0.0,4.9889,8.529385,1.798876,29,193,98,2,0.20855820,0.00902045,0.00297427,0E-8,0.000000,0.900656,0.000000,0.00763944,2026-03-21,2026-08-06,87,1920,882,139,0.625899,0.863400,0.891889,0.695194,,,,,,,,GLOBAL_BASELINE_NO_ENTITY_RANKING,,,NOT_APPLICABLE_GLOBAL_BASELINE,HF9g-P5,,,,X 全窗基线 · 不参与实体赏罚,8396851,840,A168_HF9F_20260827_0900,2026-08-27 09:00:00
2026-06-07,54653530,2155,0,88.9757502507,35.6674467047,35.6674467047,0.6428571,14,14,0.50186312857142857,0.501863128571,1.0551099152080556,1.0551099152112595,1.0551099152080556,4.2857E-13,ELIGIBLE,R03b_20260811_FULL_v1,L1_ELIGIBILITY,v2026-08-11,2026-03-21..2026-08-06,baccarat_bet02_101_all_pairs_incl_sentinel,round_win = game_pnl > 0 (decisive only),COMPATIBILITY_ONLY_NOT_PRODUCTION,53571.4227,48249.4483,483.2383,5739,5738,-0.00902045,-0.00297427,-0.01061372,-0.00902045,-483.2383,53571.4227,OK,0.0000,19.3295,4.0000,96.0000,AG03-UNRESOLVED,ALL5_LEVELS_bet23_to_bet27,19.3295,19.3295,24.1619,0.0000,0.0000,4.000000,4.000000,5.000000,0.000000,0.000000,96.000000,96.000000,95.000000,100.000000,100.000000,5.0,62.8210,60.1535,420.4173,423.0848,PENDING_AG03,FALSE,NOT_FOR_ENFORCEMENT,463.9088,46319.4703,483.2383,463.9088,19.3295,0.00902045,0.00865963,19.3295,463.9088,0.00865963,19.3295,19.3295,24.1619,0.0000,0.0000,463.9088,0.00865963,62.8210,60.1535,420.4173,423.0848,0.00784779,0.00789758,0.00036082,9.3346,8.4088,0.0842,5.5545,0.2517,615.7635,65.9540,8.3255,9.6426,5.1431,5.1891,8.2617,16.7816,25.8881,44.2602,5.1891,0.0,4.9889,8.529385,1.798876,29,193,98,2,0.20855820,0.00902045,0.00297427,0E-8,0.000000,0.900656,0.000000,0.00763944,2026-03-21,2026-08-06,87,1920,882,139,0.625899,0.863400,0.891889,0.695194,,,,,,,,GLOBAL_BASELINE_NO_ENTITY_RANKING,,,NOT_APPLICABLE_GLOBAL_BASELINE,HF9g-P5,,,,X 全窗基线 · 不参与实体赏罚,8396852,840,A168_HF9F_20260827_0900,2026-08-27 09:00:00
2026-06-07,54653530,2156,0,38.5733021318,12.8577673772,12.8577673772,0.6000000,5,5,0.49592654000000000,0.495926540000,0.46544610904919037,0.46544610904919037,0.46544610904919037,0E-17,ELIGIBLE,R03b_20260811_FULL_v1,L1_ELIGIBILITY,v2026-08-11,2026-03-21..2026-08-06,baccarat_bet02_101_all_pairs_incl_sentinel,round_win = game_pnl > 0 (decisive only),COMPATIBILITY_ONLY_NOT_PRODUCTION,53571.4227,48249.4483,483.2383,5739,5738,-0.00902045,-0.00297427,-0.01061372,-0.00902045,-483.2383,53571.4227,OK,0.0000,19.3295,4.0000,96.0000,AG03-UNRESOLVED,ALL5_LEVELS_bet23_to_bet27,19.3295,19.3295,24.1619,0.0000,0.0000,4.000000,4.000000,5.000000,0.000000,0.000000,96.000000,96.000000,95.000000,100.000000,100.000000,5.0,62.8210,60.1535,420.4173,423.0848,PENDING_AG03,FALSE,NOT_FOR_ENFORCEMENT,463.9088,46319.4703,483.2383,463.9088,19.3295,0.00902045,0.00865963,19.3295,463.9088,0.00865963,19.3295,19.3295,24.1619,0.0000,0.0000,463.9088,0.00865963,62.8210,60.1535,420.4173,423.0848,0.00784779,0.00789758,0.00036082,9.3346,8.4088,0.0842,5.5545,0.2517,615.7635,65.9540,8.3255,9.6426,5.1431,5.1891,8.2617,16.7816,25.8881,44.2602,5.1891,0.0,4.9889,8.529385,1.798876,29,193,98,2,0.20855820,0.00902045,0.00297427,0E-8,0.000000,0.900656,0.000000,0.00763944,2026-03-21,2026-08-06,87,1920,882,139,0.625899,0.863400,0.891889,0.695194,,,,,,,,GLOBAL_BASELINE_NO_ENTITY_RANKING,,,NOT_APPLICABLE_GLOBAL_BASELINE,HF9g-P5,,,,X 全窗基线 · 不参与实体赏罚,8396853,840,A168_HF9F_20260827_0900,2026-08-27 09:00:00
2026-06-07,54653530,2167,0,18.2580296757,7.5732249852,7.5732249852,0.6666667,3,3,0.49771390000000000,0.497713900000,0.5852756695216578,0.5852756695216578,0.5852756695216578,0E-17,ELIGIBLE,R03b_20260811_FULL_v1,L1_ELIGIBILITY,v2026-08-11,2026-03-21..2026-08-06,baccarat_bet02_101_all_pairs_incl_sentinel,round_win = game_pnl > 0 (decisive only),COMPATIBILITY_ONLY_NOT_PRODUCTION,53571.4227,48249.4483,483.2383,5739,5738,-0.00902045,-0.00297427,-0.01061372,-0.00902045,-483.2383,53571.4227,OK,0.0000,19.3295,4.0000,96.0000,AG03-UNRESOLVED,ALL5_LEVELS_bet23_to_bet27,19.3295,19.3295,24.1619,0.0000,0.0000,4.000000,4.000000,5.000000,0.000000,0.000000,96.000000,96.000000,95.000000,100.000000,100.000000,5.0,62.8210,60.1535,420.4173,423.0848,PENDING_AG03,FALSE,NOT_FOR_ENFORCEMENT,463.9088,46319.4703,483.2383,463.9088,19.3295,0.00902045,0.00865963,19.3295,463.9088,0.00865963,19.3295,19.3295,24.1619,0.0000,0.0000,463.9088,0.00865963,62.8210,60.1535,420.4173,423.0848,0.00784779,0.00789758,0.00036082,9.3346,8.4088,0.0842,5.5545,0.2517,615.7635,65.9540,8.3255,9.6426,5.1431,5.1891,8.2617,16.7816,25.8881,44.2602,5.1891,0.0,4.9889,8.529385,1.798876,29,193,98,2,0.20855820,0.00902045,0.00297427,0E-8,0.000000,0.900656,0.000000,0.00763944,2026-03-21,2026-08-06,87,1920,882,139,0.625899,0.863400,0.891889,0.695194,,,,,,,,GLOBAL_BASELINE_NO_ENTITY_RANKING,,,NOT_APPLICABLE_GLOBAL_BASELINE,HF9g-P5,,,,X 全窗基线 · 不参与实体赏罚,8396854,840,A168_HF9F_20260827_0900,2026-08-27 09:00:00
2026-06-07,54653530,2174,0,112.8911975724,17.3322704247,17.3322704247,0.5714286,8,8,0.50665070000000000,0.506650700000,0.34280260342128577,0.34280260342128577,0.34280260342128577,0E-17,ELIGIBLE,R03b_20260811_FULL_v1,L1_ELIGIBILITY,v2026-08-11,2026-03-21..2026-08-06,baccarat_bet02_101_all_pairs_incl_sentinel,round_win = game_pnl > 0 (decisive only),COMPATIBILITY_ONLY_NOT_PRODUCTION,53571.4227,48249.4483,483.2383,5739,5738,-0.00902045,-0.00297427,-0.01061372,-0.00902045,-483.2383,53571.4227,OK,0.0000,19.3295,4.0000,96.0000,AG03-UNRESOLVED,ALL5_LEVELS_bet23_to_bet27,19.3295,19.3295,24.1619,0.0000,0.0000,4.000000,4.000000,5.000000,0.000000,0.000000,96.000000,96.000000,95.000000,100.000000,100.000000,5.0,62.8210,60.1535,420.4173,423.0848,PENDING_AG03,FALSE,NOT_FOR_ENFORCEMENT,463.9088,46319.4703,483.2383,463.9088,19.3295,0.00902045,0.00865963,19.3295,463.9088,0.00865963,19.3295,19.3295,24.1619,0.0000,0.0000,463.9088,0.00865963,62.8210,60.1535,420.4173,423.0848,0.00784779,0.00789758,0.00036082,9.3346,8.4088,0.0842,5.5545,0.2517,615.7635,65.9540,8.3255,9.6426,5.1431,5.1891,8.2617,16.7816,25.8881,44.2602,5.1891,0.0,4.9889,8.529385,1.798876,29,193,98,2,0.20855820,0.00902045,0.00297427,0E-8,0.000000,0.900656,0.000000,0.00763944,2026-03-21,2026-08-06,87,1920,882,139,0.625899,0.863400,0.891889,0.695194,,,,,,,,GLOBAL_BASELINE_NO_ENTITY_RANKING,,,NOT_APPLICABLE_GLOBAL_BASELINE,HF9g-P5,,,,X 全窗基线 · 不参与实体赏罚,8396855,840,A168_HF9F_20260827_0900,2026-08-27 09:00:00
2026-06-07,54653530,2175,0,5.1431069509,4.8859516034,4.8859516034,1.0000000,1,1,0.50665070000000000,0.506650700000,0.9867858985152569,0.9867858985152569,0.9867858985152569,0E-17,ELIGIBLE,R03b_20260811_FULL_v1,L1_ELIGIBILITY,v2026-08-11,2026-03-21..2026-08-06,baccarat_bet02_101_all_pairs_incl_sentinel,round_win = game_pnl > 0 (decisive only),COMPATIBILITY_ONLY_NOT_PRODUCTION,53571.4227,48249.4483,483.2383,5739,5738,-0.00902045,-0.00297427,-0.01061372,-0.00902045,-483.2383,53571.4227,OK,0.0000,19.3295,4.0000,96.0000,AG03-UNRESOLVED,ALL5_LEVELS_bet23_to_bet27,19.3295,19.3295,24.1619,0.0000,0.0000,4.000000,4.000000,5.000000,0.000000,0.000000,96.000000,96.000000,95.000000,100.000000,100.000000,5.0,62.8210,60.1535,420.4173,423.0848,PENDING_AG03,FALSE,NOT_FOR_ENFORCEMENT,463.9088,46319.4703,483.2383,463.9088,19.3295,0.00902045,0.00865963,19.3295,463.9088,0.00865963,19.3295,19.3295,24.1619,0.0000,0.0000,463.9088,0.00865963,62.8210,60.1535,420.4173,423.0848,0.00784779,0.00789758,0.00036082,9.3346,8.4088,0.0842,5.5545,0.2517,615.7635,65.9540,8.3255,9.6426,5.1431,5.1891,8.2617,16.7816,25.8881,44.2602,5.1891,0.0,4.9889,8.529385,1.798876,29,193,98,2,0.20855820,0.00902045,0.00297427,0E-8,0.000000,0.900656,0.000000,0.00763944,2026-03-21,2026-08-06,87,1920,882,139,0.625899,0.863400,0.891889,0.695194,,,,,,,,GLOBAL_BASELINE_NO_ENTITY_RANKING,,,NOT_APPLICABLE_GLOBAL_BASELINE,HF9g-P5,,,,X 全窗基线 · 不参与实体赏罚,8396856,840,A168_HF9F_20260827_0900,2026-08-27 09:00:00
2026-06-07,54653530,2196,0,23.1439812791,12.6006120298,12.6006120298,0.7500000,4,4,0.49659680000000000,0.496596800000,1.0136362796769356,1.0136362796769358,1.0136362796769356,0E-17,ELIGIBLE,R03b_20260811_FULL_v1,L1_ELIGIBILITY,v2026-08-11,2026-03-21..2026-08-06,baccarat_bet02_101_all_pairs_incl_sentinel,round_win = game_pnl > 0 (decisive only),COMPATIBILITY_ONLY_NOT_PRODUCTION,53571.4227,48249.4483,483.2383,5739,5738,-0.00902045,-0.00297427,-0.01061372,-0.00902045,-483.2383,53571.4227,OK,0.0000,19.3295,4.0000,96.0000,AG03-UNRESOLVED,ALL5_LEVELS_bet23_to_bet27,19.3295,19.3295,24.1619,0.0000,0.0000,4.000000,4.000000,5.000000,0.000000,0.000000,96.000000,96.000000,95.000000,100.000000,100.000000,5.0,62.8210,60.1535,420.4173,423.0848,PENDING_AG03,FALSE,NOT_FOR_ENFORCEMENT,463.9088,46319.4703,483.2383,463.9088,19.3295,0.00902045,0.00865963,19.3295,463.9088,0.00865963,19.3295,19.3295,24.1619,0.0000,0.0000,463.9088,0.00865963,62.8210,60.1535,420.4173,423.0848,0.00784779,0.00789758,0.00036082,9.3346,8.4088,0.0842,5.5545,0.2517,615.7635,65.9540,8.3255,9.6426,5.1431,5.1891,8.2617,16.7816,25.8881,44.2602,5.1891,0.0,4.9889,8.529385,1.798876,29,193,98,2,0.20855820,0.00902045,0.00297427,0E-8,0.000000,0.900656,0.000000,0.00763944,2026-03-21,2026-08-06,87,1920,882,139,0.625899,0.863400,0.891889,0.695194,,,,,,,,GLOBAL_BASELINE_NO_ENTITY_RANKING,,,NOT_APPLICABLE_GLOBAL_BASELINE,HF9g-P5,,,,X 全窗基线 · 不参与实体赏罚,8396857,840,A168_HF9F_20260827_0900,2026-08-27 09:00:00
2026-06-07,54653530,2216,0,12.8577673773,2.1858204541,2.1858204541,0.5000000,2,2,0.50665070000000000,0.506650700000,-0.018812684590367487,-0.018812684590367487,-0.018812684590367487,0E-17,ELIGIBLE,R03b_20260811_FULL_v1,L1_ELIGIBILITY,v2026-08-11,2026-03-21..2026-08-06,baccarat_bet02_101_all_pairs_incl_sentinel,round_win = game_pnl > 0 (decisive only),COMPATIBILITY_ONLY_NOT_PRODUCTION,53571.4227,48249.4483,483.2383,5739,5738,-0.00902045,-0.00297427,-0.01061372,-0.00902045,-483.2383,53571.4227,OK,0.0000,19.3295,4.0000,96.0000,AG03-UNRESOLVED,ALL5_LEVELS_bet23_to_bet27,19.3295,19.3295,24.1619,0.0000,0.0000,4.000000,4.000000,5.000000,0.000000,0.000000,96.000000,96.000000,95.000000,100.000000,100.000000,5.0,62.8210,60.1535,420.4173,423.0848,PENDING_AG03,FALSE,NOT_FOR_ENFORCEMENT,463.9088,46319.4703,483.2383,463.9088,19.3295,0.00902045,0.00865963,19.3295,463.9088,0.00865963,19.3295,19.3295,24.1619,0.0000,0.0000,463.9088,0.00865963,62.8210,60.1535,420.4173,423.0848,0.00784779,0.00789758,0.00036082,9.3346,8.4088,0.0842,5.5545,0.2517,615.7635,65.9540,8.3255,9.6426,5.1431,5.1891,8.2617,16.7816,25.8881,44.2602,5.1891,0.0,4.9889,8.529385,1.798876,29,193,98,2,0.20855820,0.00902045,0.00297427,0E-8,0.000000,0.900656,0.000000,0.00763944,2026-03-21,2026-08-06,87,1920,882,139,0.625899,0.863400,0.891889,0.695194,,,,,,,,GLOBAL_BASELINE_NO_ENTITY_RANKING,,,NOT_APPLICABLE_GLOBAL_BASELINE,HF9g-P5,,,,X 全窗基线 · 不参与实体赏罚,8396858,840,A168_HF9F_20260827_0900,2026-08-27 09:00:00
2026-06-07,54653530,2224,0,5.1431069509,4.8859516034,4.8859516034,1.0000000,1,1,0.50665070000000000,0.506650700000,0.9867858985152569,0.9867858985152569,0.9867858985152569,0E-17,ELIGIBLE,R03b_20260811_FULL_v1,L1_ELIGIBILITY,v2026-08-11,2026-03-21..2026-08-06,baccarat_bet02_101_all_pairs_incl_sentinel,round_win = game_pnl > 0 (decisive only),COMPATIBILITY_ONLY_NOT_PRODUCTION,53571.4227,48249.4483,483.2383,5739,5738,-0.00902045,-0.00297427,-0.01061372,-0.00902045,-483.2383,53571.4227,OK,0.0000,19.3295,4.0000,96.0000,AG03-UNRESOLVED,ALL5_LEVELS_bet23_to_bet27,19.3295,19.3295,24.1619,0.0000,0.0000,4.000000,4.000000,5.000000,0.000000,0.000000,96.000000,96.000000,95.000000,100.000000,100.000000,5.0,62.8210,60.1535,420.4173,423.0848,PENDING_AG03,FALSE,NOT_FOR_ENFORCEMENT,463.9088,46319.4703,483.2383,463.9088,19.3295,0.00902045,0.00865963,19.3295,463.9088,0.00865963,19.3295,19.3295,24.1619,0.0000,0.0000,463.9088,0.00865963,62.8210,60.1535,420.4173,423.0848,0.00784779,0.00789758,0.00036082,9.3346,8.4088,0.0842,5.5545,0.2517,615.7635,65.9540,8.3255,9.6426,5.1431,5.1891,8.2617,16.7816,25.8881,44.2602,5.1891,0.0,4.9889,8.529385,1.798876,29,193,98,2,0.20855820,0.00902045,0.00297427,0E-8,0.000000,0.900656,0.000000,0.00763944,2026-03-21,2026-08-06,87,1920,882,139,0.625899,0.863400,0.891889,0.695194,,,,,,,,GLOBAL_BASELINE_NO_ENTITY_RANKING,,,NOT_APPLICABLE_GLOBAL_BASELINE,HF9g-P5,,,,X 全窗基线 · 不参与实体赏罚,8396859,840,A168_HF9F_20260827_0900,2026-08-27 09:00:00
2026-06-07,54653530,2242,0,5.1431069509,4.8859516034,4.8859516034,1.0000000,1,1,0.50665070000000000,0.506650700000,0.9867858985152569,0.9867858985152569,0.9867858985152569,0E-17,ELIGIBLE,R03b_20260811_FULL_v1,L1_ELIGIBILITY,v2026-08-11,2026-03-21..2026-08-06,baccarat_bet02_101_all_pairs_incl_sentinel,round_win = game_pnl > 0 (decisive only),COMPATIBILITY_ONLY_NOT_PRODUCTION,53571.4227,48249.4483,483.2383,5739,5738,-0.00902045,-0.00297427,-0.01061372,-0.00902045,-483.2383,53571.4227,OK,0.0000,19.3295,4.0000,96.0000,AG03-UNRESOLVED,ALL5_LEVELS_bet23_to_bet27,19.3295,19.3295,24.1619,0.0000,0.0000,4.000000,4.000000,5.000000,0.000000,0.000000,96.000000,96.000000,95.000000,100.000000,100.000000,5.0,62.8210,60.1535,420.4173,423.0848,PENDING_AG03,FALSE,NOT_FOR_ENFORCEMENT,463.9088,46319.4703,483.2383,463.9088,19.3295,0.00902045,0.00865963,19.3295,463.9088,0.00865963,19.3295,19.3295,24.1619,0.0000,0.0000,463.9088,0.00865963,62.8210,60.1535,420.4173,423.0848,0.00784779,0.00789758,0.00036082,9.3346,8.4088,0.0842,5.5545,0.2517,615.7635,65.9540,8.3255,9.6426,5.1431,5.1891,8.2617,16.7816,25.8881,44.2602,5.1891,0.0,4.9889,8.529385,1.798876,29,193,98,2,0.20855820,0.00902045,0.00297427,0E-8,0.000000,0.900656,0.000000,0.00763944,2026-03-21,2026-08-06,87,1920,882,139,0.625899,0.863400,0.891889,0.695194,,,,,,,,GLOBAL_BASELINE_NO_ENTITY_RANKING,,,NOT_APPLICABLE_GLOBAL_BASELINE,HF9g-P5,,,,X 全窗基线 · 不参与实体赏罚,8396860,840,A168_HF9F_20260827_0900,2026-08-27 09:00:00
2026-06-07,54653530,2248,0,10.2862139018,9.7719032068,9.7719032068,1.0000000,2,2,0.50665070000000000,0.506650700000,1.3955260008387969,1.3955260008387969,1.3955260008387969,0E-17,ELIGIBLE,R03b_20260811_FULL_v1,L1_ELIGIBILITY,v2026-08-11,2026-03-21..2026-08-06,baccarat_bet02_101_all_pairs_incl_sentinel,round_win = game_pnl > 0 (decisive only),COMPATIBILITY_ONLY_NOT_PRODUCTION,53571.4227,48249.4483,483.2383,5739,5738,-0.00902045,-0.00297427,-0.01061372,-0.00902045,-483.2383,53571.4227,OK,0.0000,19.3295,4.0000,96.0000,AG03-UNRESOLVED,ALL5_LEVELS_bet23_to_bet27,19.3295,19.3295,24.1619,0.0000,0.0000,4.000000,4.000000,5.000000,0.000000,0.000000,96.000000,96.000000,95.000000,100.000000,100.000000,5.0,62.8210,60.1535,420.4173,423.0848,PENDING_AG03,FALSE,NOT_FOR_ENFORCEMENT,463.9088,46319.4703,483.2383,463.9088,19.3295,0.00902045,0.00865963,19.3295,463.9088,0.00865963,19.3295,19.3295,24.1619,0.0000,0.0000,463.9088,0.00865963,62.8210,60.1535,420.4173,423.0848,0.00784779,0.00789758,0.00036082,9.3346,8.4088,0.0842,5.5545,0.2517,615.7635,65.9540,8.3255,9.6426,5.1431,5.1891,8.2617,16.7816,25.8881,44.2602,5.1891,0.0,4.9889,8.529385,1.798876,29,193,98,2,0.20855820,0.00902045,0.00297427,0E-8,0.000000,0.900656,0.000000,0.00763944,2026-03-21,2026-08-06,87,1920,882,139,0.625899,0.863400,0.891889,0.695194,,,,,,,,GLOBAL_BASELINE_NO_ENTITY_RANKING,,,NOT_APPLICABLE_GLOBAL_BASELINE,HF9g-P5,,,,X 全窗基线 · 不参与实体赏罚,8396861,840,A168_HF9F_20260827_0900,2026-08-27 09:00:00
2026-06-07,54653530,2250,0,5.1431069509,4.8859516034,4.8859516034,1.0000000,1,1,0.50665070000000000,0.506650700000,0.9867858985152569,0.9867858985152569,0.9867858985152569,0E-17,ELIGIBLE,R03b_20260811_FULL_v1,L1_ELIGIBILITY,v2026-08-11,2026-03-21..2026-08-06,baccarat_bet02_101_all_pairs_incl_sentinel,round_win = game_pnl > 0 (decisive only),COMPATIBILITY_ONLY_NOT_PRODUCTION,53571.4227,48249.4483,483.2383,5739,5738,-0.00902045,-0.00297427,-0.01061372,-0.00902045,-483.2383,53571.4227,OK,0.0000,19.3295,4.0000,96.0000,AG03-UNRESOLVED,ALL5_LEVELS_bet23_to_bet27,19.3295,19.3295,24.1619,0.0000,0.0000,4.000000,4.000000,5.000000,0.000000,0.000000,96.000000,96.000000,95.000000,100.000000,100.000000,5.0,62.8210,60.1535,420.4173,423.0848,PENDING_AG03,FALSE,NOT_FOR_ENFORCEMENT,463.9088,46319.4703,483.2383,463.9088,19.3295,0.00902045,0.00865963,19.3295,463.9088,0.00865963,19.3295,19.3295,24.1619,0.0000,0.0000,463.9088,0.00865963,62.8210,60.1535,420.4173,423.0848,0.00784779,0.00789758,0.00036082,9.3346,8.4088,0.0842,5.5545,0.2517,615.7635,65.9540,8.3255,9.6426,5.1431,5.1891,8.2617,16.7816,25.8881,44.2602,5.1891,0.0,4.9889,8.529385,1.798876,29,193,98,2,0.20855820,0.00902045,0.00297427,0E-8,0.000000,0.900656,0.000000,0.00763944,2026-03-21,2026-08-06,87,1920,882,139,0.625899,0.863400,0.891889,0.695194,,,,,,,,GLOBAL_BASELINE_NO_ENTITY_RANKING,,,NOT_APPLICABLE_GLOBAL_BASELINE,HF9g-P5,,,,X 全窗基线 · 不参与实体赏罚,8396862,840,A168_HF9F_20260827_0900,2026-08-27 09:00:00
2026-06-07,54653530,2252,0,10.2862139018,10.0290585543,10.0290585543,1.0000000,2,2,0.49994810000000000,0.499948100000,1.4143603653603398,1.4143603653603398,1.4143603653603398,0E-17,ELIGIBLE,R03b_20260811_FULL_v1,L1_ELIGIBILITY,v2026-08-11,2026-03-21..2026-08-06,baccarat_bet02_101_all_pairs_incl_sentinel,round_win = game_pnl > 0 (decisive only),COMPATIBILITY_ONLY_NOT_PRODUCTION,53571.4227,48249.4483,483.2383,5739,5738,-0.00902045,-0.00297427,-0.01061372,-0.00902045,-483.2383,53571.4227,OK,0.0000,19.3295,4.0000,96.0000,AG03-UNRESOLVED,ALL5_LEVELS_bet23_to_bet27,19.3295,19.3295,24.1619,0.0000,0.0000,4.000000,4.000000,5.000000,0.000000,0.000000,96.000000,96.000000,95.000000,100.000000,100.000000,5.0,62.8210,60.1535,420.4173,423.0848,PENDING_AG03,FALSE,NOT_FOR_ENFORCEMENT,463.9088,46319.4703,483.2383,463.9088,19.3295,0.00902045,0.00865963,19.3295,463.9088,0.00865963,19.3295,19.3295,24.1619,0.0000,0.0000,463.9088,0.00865963,62.8210,60.1535,420.4173,423.0848,0.00784779,0.00789758,0.00036082,9.3346,8.4088,0.0842,5.5545,0.2517,615.7635,65.9540,8.3255,9.6426,5.1431,5.1891,8.2617,16.7816,25.8881,44.2602,5.1891,0.0,4.9889,8.529385,1.798876,29,193,98,2,0.20855820,0.00902045,0.00297427,0E-8,0.000000,0.900656,0.000000,0.00763944,2026-03-21,2026-08-06,87,1920,882,139,0.625899,0.863400,0.891889,0.695194,,,,,,,,GLOBAL_BASELINE_NO_ENTITY_RANKING,,,NOT_APPLICABLE_GLOBAL_BASELINE,HF9g-P5,,,,X 全窗基线 · 不参与实体赏罚,8396863,840,A168_HF9F_20260827_0900,2026-08-27 09:00:00
2026-06-07,54653530,2278,0,10.2862139018,10.0290585543,10.0290585543,1.0000000,2,2,0.49994810000000000,0.499948100000,1.4143603653603398,1.4143603653603398,1.4143603653603398,0E-17,ELIGIBLE,R03b_20260811_FULL_v1,L1_ELIGIBILITY,v2026-08-11,2026-03-21..2026-08-06,baccarat_bet02_101_all_pairs_incl_sentinel,round_win = game_pnl > 0 (decisive only),COMPATIBILITY_ONLY_NOT_PRODUCTION,53571.4227,48249.4483,483.2383,5739,5738,-0.00902045,-0.00297427,-0.01061372,-0.00902045,-483.2383,53571.4227,OK,0.0000,19.3295,4.0000,96.0000,AG03-UNRESOLVED,ALL5_LEVELS_bet23_to_bet27,19.3295,19.3295,24.1619,0.0000,0.0000,4.000000,4.000000,5.000000,0.000000,0.000000,96.000000,96.000000,95.000000,100.000000,100.000000,5.0,62.8210,60.1535,420.4173,423.0848,PENDING_AG03,FALSE,NOT_FOR_ENFORCEMENT,463.9088,46319.4703,483.2383,463.9088,19.3295,0.00902045,0.00865963,19.3295,463.9088,0.00865963,19.3295,19.3295,24.1619,0.0000,0.0000,463.9088,0.00865963,62.8210,60.1535,420.4173,423.0848,0.00784779,0.00789758,0.00036082,9.3346,8.4088,0.0842,5.5545,0.2517,615.7635,65.9540,8.3255,9.6426,5.1431,5.1891,8.2617,16.7816,25.8881,44.2602,5.1891,0.0,4.9889,8.529385,1.798876,29,193,98,2,0.20855820,0.00902045,0.00297427,0E-8,0.000000,0.900656,0.000000,0.00763944,2026-03-21,2026-08-06,87,1920,882,139,0.625899,0.863400,0.891889,0.695194,,,,,,,,GLOBAL_BASELINE_NO_ENTITY_RANKING,,,NOT_APPLICABLE_GLOBAL_BASELINE,HF9g-P5,,,,X 全窗基线 · 不参与实体赏罚,8396864,840,A168_HF9F_20260827_0900,2026-08-27 09:00:00
2026-06-07,54653530,2280,0,5.1431069509,4.8859516034,4.8859516034,1.0000000,1,1,0.50665070000000000,0.506650700000,0.9867858985152569,0.9867858985152569,0.9867858985152569,0E-17,ELIGIBLE,R03b_20260811_FULL_v1,L1_ELIGIBILITY,v2026-08-11,2026-03-21..2026-08-06,baccarat_bet02_101_all_pairs_incl_sentinel,round_win = game_pnl > 0 (decisive only),COMPATIBILITY_ONLY_NOT_PRODUCTION,53571.4227,48249.4483,483.2383,5739,5738,-0.00902045,-0.00297427,-0.01061372,-0.00902045,-483.2383,53571.4227,OK,0.0000,19.3295,4.0000,96.0000,AG03-UNRESOLVED,ALL5_LEVELS_bet23_to_bet27,19.3295,19.3295,24.1619,0.0000,0.0000,4.000000,4.000000,5.000000,0.000000,0.000000,96.000000,96.000000,95.000000,100.000000,100.000000,5.0,62.8210,60.1535,420.4173,423.0848,PENDING_AG03,FALSE,NOT_FOR_ENFORCEMENT,463.9088,46319.4703,483.2383,463.9088,19.3295,0.00902045,0.00865963,19.3295,463.9088,0.00865963,19.3295,19.3295,24.1619,0.0000,0.0000,463.9088,0.00865963,62.8210,60.1535,420.4173,423.0848,0.00784779,0.00789758,0.00036082,9.3346,8.4088,0.0842,5.5545,0.2517,615.7635,65.9540,8.3255,9.6426,5.1431,5.1891,8.2617,16.7816,25.8881,44.2602,5.1891,0.0,4.9889,8.529385,1.798876,29,193,98,2,0.20855820,0.00902045,0.00297427,0E-8,0.000000,0.900656,0.000000,0.00763944,2026-03-21,2026-08-06,87,1920,882,139,0.625899,0.863400,0.891889,0.695194,,,,,,,,GLOBAL_BASELINE_NO_ENTITY_RANKING,,,NOT_APPLICABLE_GLOBAL_BASELINE,HF9g-P5,,,,X 全窗基线 · 不参与实体赏罚,8396865,840,A168_HF9F_20260827_0900,2026-08-27 09:00:00
2026-06-07,54653530,576,0,47.8308946435,45.4393499113,45.4393499113,1.0000000,1,1,0.50665070000000000,0.506650700000,0.9867858985152569,0.9867858985152569,0.9867858985152569,0E-17,ELIGIBLE,R03b_20260811_FULL_v1,L1_ELIGIBILITY,v2026-08-11,2026-03-21..2026-08-06,baccarat_bet02_101_all_pairs_incl_sentinel,round_win = game_pnl > 0 (decisive only),COMPATIBILITY_ONLY_NOT_PRODUCTION,53571.4227,48249.4483,483.2383,5739,5738,-0.00902045,-0.00297427,-0.01061372,-0.00902045,-483.2383,53571.4227,OK,0.0000,19.3295,4.0000,96.0000,AG03-UNRESOLVED,ALL5_LEVELS_bet23_to_bet27,19.3295,19.3295,24.1619,0.0000,0.0000,4.000000,4.000000,5.000000,0.000000,0.000000,96.000000,96.000000,95.000000,100.000000,100.000000,5.0,62.8210,60.1535,420.4173,423.0848,PENDING_AG03,FALSE,NOT_FOR_ENFORCEMENT,463.9088,46319.4703,483.2383,463.9088,19.3295,0.00902045,0.00865963,19.3295,463.9088,0.00865963,19.3295,19.3295,24.1619,0.0000,0.0000,463.9088,0.00865963,62.8210,60.1535,420.4173,423.0848,0.00784779,0.00789758,0.00036082,9.3346,8.4088,0.0842,5.5545,0.2517,615.7635,65.9540,8.3255,9.6426,5.1431,5.1891,8.2617,16.7816,25.8881,44.2602,5.1891,0.0,4.9889,8.529385,1.798876,29,193,98,2,0.20855820,0.00902045,0.00297427,0E-8,0.000000,0.900656,0.000000,0.00763944,2026-03-21,2026-08-06,87,1920,882,139,0.625899,0.863400,0.891889,0.695194,,,,,,,,GLOBAL_BASELINE_NO_ENTITY_RANKING,,,NOT_APPLICABLE_GLOBAL_BASELINE,HF9g-P5,,,,X 全窗基线 · 不参与实体赏罚,8396866,840,A168_HF9F_20260827_0900,2026-08-27 09:00:00
2026-06-07,54653530,772,0,29.5728649677,-29.5728649677,-29.5728649677,0E-7,3,3,0.50218230000000000,0.502182300000,-1.7396270863184011,-1.7396270863184016,-1.7396270863184011,0E-17,ELIGIBLE,R03b_20260811_FULL_v1,L1_ELIGIBILITY,v2026-08-11,2026-03-21..2026-08-06,baccarat_bet02_101_all_pairs_incl_sentinel,round_win = game_pnl > 0 (decisive only),COMPATIBILITY_ONLY_NOT_PRODUCTION,53571.4227,48249.4483,483.2383,5739,5738,-0.00902045,-0.00297427,-0.01061372,-0.00902045,-483.2383,53571.4227,OK,0.0000,19.3295,4.0000,96.0000,AG03-UNRESOLVED,ALL5_LEVELS_bet23_to_bet27,19.3295,19.3295,24.1619,0.0000,0.0000,4.000000,4.000000,5.000000,0.000000,0.000000,96.000000,96.000000,95.000000,100.000000,100.000000,5.0,62.8210,60.1535,420.4173,423.0848,PENDING_AG03,FALSE,NOT_FOR_ENFORCEMENT,463.9088,46319.4703,483.2383,463.9088,19.3295,0.00902045,0.00865963,19.3295,463.9088,0.00865963,19.3295,19.3295,24.1619,0.0000,0.0000,463.9088,0.00865963,62.8210,60.1535,420.4173,423.0848,0.00784779,0.00789758,0.00036082,9.3346,8.4088,0.0842,5.5545,0.2517,615.7635,65.9540,8.3255,9.6426,5.1431,5.1891,8.2617,16.7816,25.8881,44.2602,5.1891,0.0,4.9889,8.529385,1.798876,29,193,98,2,0.20855820,0.00902045,0.00297427,0E-8,0.000000,0.900656,0.000000,0.00763944,2026-03-21,2026-08-06,87,1920,882,139,0.625899,0.863400,0.891889,0.695194,,,,,,,,GLOBAL_BASELINE_NO_ENTITY_RANKING,,,NOT_APPLICABLE_GLOBAL_BASELINE,HF9g-P5,,,,X 全窗基线 · 不参与实体赏罚,8396867,840,A168_HF9F_20260827_0900,2026-08-27 09:00:00
2026-06-07,54653530,915,0,66.8603903618,-61.7172834109,-61.7172834109,0E-7,5,5,0.50128862000000000,0.501288620000,-2.005161139317648,-2.005161139317648,-2.005161139317648,0E-17,ELIGIBLE,R03b_20260811_FULL_v1,L1_ELIGIBILITY,v2026-08-11,2026-03-21..2026-08-06,baccarat_bet02_101_all_pairs_incl_sentinel,round_win = game_pnl > 0 (decisive only),COMPATIBILITY_ONLY_NOT_PRODUCTION,53571.4227,48249.4483,483.2383,5739,5738,-0.00902045,-0.00297427,-0.01061372,-0.00902045,-483.2383,53571.4227,OK,0.0000,19.3295,4.0000,96.0000,AG03-UNRESOLVED,ALL5_LEVELS_bet23_to_bet27,19.3295,19.3295,24.1619,0.0000,0.0000,4.000000,4.000000,5.000000,0.000000,0.000000,96.000000,96.000000,95.000000,100.000000,100.000000,5.0,62.8210,60.1535,420.4173,423.0848,PENDING_AG03,FALSE,NOT_FOR_ENFORCEMENT,463.9088,46319.4703,483.2383,463.9088,19.3295,0.00902045,0.00865963,19.3295,463.9088,0.00865963,19.3295,19.3295,24.1619,0.0000,0.0000,463.9088,0.00865963,62.8210,60.1535,420.4173,423.0848,0.00784779,0.00789758,0.00036082,9.3346,8.4088,0.0842,5.5545,0.2517,615.7635,65.9540,8.3255,9.6426,5.1431,5.1891,8.2617,16.7816,25.8881,44.2602,5.1891,0.0,4.9889,8.529385,1.798876,29,193,98,2,0.20855820,0.00902045,0.00297427,0E-8,0.000000,0.900656,0.000000,0.00763944,2026-03-21,2026-08-06,87,1920,882,139,0.625899,0.863400,0.891889,0.695194,,,,,,,,GLOBAL_BASELINE_NO_ENTITY_RANKING,,,NOT_APPLICABLE_GLOBAL_BASELINE,HF9g-P5,,,,X 全窗基线 · 不参与实体赏罚,8396868,840,A168_HF9F_20260827_0900,2026-08-27 09:00:00
2026-06-07,54653530,919,0,5.1431069509,5.1431069509,5.1431069509,1.0000000,1,1,0.49324550000000000,0.493245500000,1.01360149184955,1.01360149184955,1.01360149184955,0E-17,ELIGIBLE,R03b_20260811_FULL_v1,L1_ELIGIBILITY,v2026-08-11,2026-03-21..2026-08-06,baccarat_bet02_101_all_pairs_incl_sentinel,round_win = game_pnl > 0 (decisive only),COMPATIBILITY_ONLY_NOT_PRODUCTION,53571.4227,48249.4483,483.2383,5739,5738,-0.00902045,-0.00297427,-0.01061372,-0.00902045,-483.2383,53571.4227,OK,0.0000,19.3295,4.0000,96.0000,AG03-UNRESOLVED,ALL5_LEVELS_bet23_to_bet27,19.3295,19.3295,24.1619,0.0000,0.0000,4.000000,4.000000,5.000000,0.000000,0.000000,96.000000,96.000000,95.000000,100.000000,100.000000,5.0,62.8210,60.1535,420.4173,423.0848,PENDING_AG03,FALSE,NOT_FOR_ENFORCEMENT,463.9088,46319.4703,483.2383,463.9088,19.3295,0.00902045,0.00865963,19.3295,463.9088,0.00865963,19.3295,19.3295,24.1619,0.0000,0.0000,463.9088,0.00865963,62.8210,60.1535,420.4173,423.0848,0.00784779,0.00789758,0.00036082,9.3346,8.4088,0.0842,5.5545,0.2517,615.7635,65.9540,8.3255,9.6426,5.1431,5.1891,8.2617,16.7816,25.8881,44.2602,5.1891,0.0,4.9889,8.529385,1.798876,29,193,98,2,0.20855820,0.00902045,0.00297427,0E-8,0.000000,0.900656,0.000000,0.00763944,2026-03-21,2026-08-06,87,1920,882,139,0.625899,0.863400,0.891889,0.695194,,,,,,,,GLOBAL_BASELINE_NO_ENTITY_RANKING,,,NOT_APPLICABLE_GLOBAL_BASELINE,HF9g-P5,,,,X 全窗基线 · 不参与实体赏罚,8396869,840,A168_HF9F_20260827_0900,2026-08-27 09:00:00
2026-06-08,54653530,-1,1,241.4688713451,44.3207241496,44.3207241496,0.5416667,27,27,0.50317527777777778,0.503175277778,0.37714465419012533,0.37714465418794907,0.37714465419012533,-2.2222E-13,SENTINEL_DEALER,R03b_20260811_FULL_v1,L1_ELIGIBILITY,v2026-08-11,2026-03-21..2026-08-06,baccarat_bet02_101_all_pairs_incl_sentinel,round_win = game_pnl > 0 (decisive only),COMPATIBILITY_ONLY_NOT_PRODUCTION,53571.4227,48249.4483,483.2383,5739,5738,-0.00902045,-0.00297427,-0.01061372,-0.00902045,-483.2383,53571.4227,OK,0.0000,19.3295,4.0000,96.0000,AG03-UNRESOLVED,ALL5_LEVELS_bet23_to_bet27,19.3295,19.3295,24.1619,0.0000,0.0000,4.000000,4.000000,5.000000,0.000000,0.000000,96.000000,96.000000,95.000000,100.000000,100.000000,5.0,62.8210,60.1535,420.4173,423.0848,PENDING_AG03,FALSE,NOT_FOR_ENFORCEMENT,463.9088,46319.4703,483.2383,463.9088,19.3295,0.00902045,0.00865963,19.3295,463.9088,0.00865963,19.3295,19.3295,24.1619,0.0000,0.0000,463.9088,0.00865963,62.8210,60.1535,420.4173,423.0848,0.00784779,0.00789758,0.00036082,9.3346,8.4088,0.0842,5.5545,0.2517,615.7635,65.9540,8.3255,9.6426,5.1431,5.1891,8.2617,16.7816,25.8881,44.2602,5.1891,0.0,4.9889,8.529385,1.798876,29,193,98,2,0.20855820,0.00902045,0.00297427,0E-8,0.000000,0.900656,0.000000,0.00763944,2026-03-21,2026-08-06,87,1920,882,139,0.625899,0.863400,0.891889,0.695194,,,,,,,,GLOBAL_BASELINE_NO_ENTITY_RANKING,,,NOT_APPLICABLE_GLOBAL_BASELINE,HF9g-P5,,,,X 全窗基线 · 不参与实体赏罚,8396870,840,A168_HF9F_20260827_0900,2026-08-27 09:00:00
2026-06-08,54653530,1094,0,13.1149227248,2.4301180343,2.4301180343,0.5000000,2,2,0.50665070000000000,0.506650700000,-0.018812684590367487,-0.018812684590367487,-0.018812684590367487,0E-17,ELIGIBLE,R03b_20260811_FULL_v1,L1_ELIGIBILITY,v2026-08-11,2026-03-21..2026-08-06,baccarat_bet02_101_all_pairs_incl_sentinel,round_win = game_pnl > 0 (decisive only),COMPATIBILITY_ONLY_NOT_PRODUCTION,53571.4227,48249.4483,483.2383,5739,5738,-0.00902045,-0.00297427,-0.01061372,-0.00902045,-483.2383,53571.4227,OK,0.0000,19.3295,4.0000,96.0000,AG03-UNRESOLVED,ALL5_LEVELS_bet23_to_bet27,19.3295,19.3295,24.1619,0.0000,0.0000,4.000000,4.000000,5.000000,0.000000,0.000000,96.000000,96.000000,95.000000,100.000000,100.000000,5.0,62.8210,60.1535,420.4173,423.0848,PENDING_AG03,FALSE,NOT_FOR_ENFORCEMENT,463.9088,46319.4703,483.2383,463.9088,19.3295,0.00902045,0.00865963,19.3295,463.9088,0.00865963,19.3295,19.3295,24.1619,0.0000,0.0000,463.9088,0.00865963,62.8210,60.1535,420.4173,423.0848,0.00784779,0.00789758,0.00036082,9.3346,8.4088,0.0842,5.5545,0.2517,615.7635,65.9540,8.3255,9.6426,5.1431,5.1891,8.2617,16.7816,25.8881,44.2602,5.1891,0.0,4.9889,8.529385,1.798876,29,193,98,2,0.20855820,0.00902045,0.00297427,0E-8,0.000000,0.900656,0.000000,0.00763944,2026-03-21,2026-08-06,87,1920,882,139,0.625899,0.863400,0.891889,0.695194,,,,,,,,GLOBAL_BASELINE_NO_ENTITY_RANKING,,,NOT_APPLICABLE_GLOBAL_BASELINE,HF9g-P5,,,,X 全窗基线 · 不参与实体赏罚,8396871,840,A168_HF9F_20260827_0900,2026-08-27 09:00:00
2026-06-08,54653530,1157,0,63.2602154961,10.1447784607,10.1447784607,0.5000000,7,7,0.50282064285714286,0.502820642857,-0.013818491375558404,-0.0138184913748585,-0.013818491375558404,1.4286E-13,ELIGIBLE,R03b_20260811_FULL_v1,L1_ELIGIBILITY,v2026-08-11,2026-03-21..2026-08-06,baccarat_bet02_101_all_pairs_incl_sentinel,round_win = game_pnl > 0 (decisive only),COMPATIBILITY_ONLY_NOT_PRODUCTION,53571.4227,48249.4483,483.2383,5739,5738,-0.00902045,-0.00297427,-0.01061372,-0.00902045,-483.2383,53571.4227,OK,0.0000,19.3295,4.0000,96.0000,AG03-UNRESOLVED,ALL5_LEVELS_bet23_to_bet27,19.3295,19.3295,24.1619,0.0000,0.0000,4.000000,4.000000,5.000000,0.000000,0.000000,96.000000,96.000000,95.000000,100.000000,100.000000,5.0,62.8210,60.1535,420.4173,423.0848,PENDING_AG03,FALSE,NOT_FOR_ENFORCEMENT,463.9088,46319.4703,483.2383,463.9088,19.3295,0.00902045,0.00865963,19.3295,463.9088,0.00865963,19.3295,19.3295,24.1619,0.0000,0.0000,463.9088,0.00865963,62.8210,60.1535,420.4173,423.0848,0.00784779,0.00789758,0.00036082,9.3346,8.4088,0.0842,5.5545,0.2517,615.7635,65.9540,8.3255,9.6426,5.1431,5.1891,8.2617,16.7816,25.8881,44.2602,5.1891,0.0,4.9889,8.529385,1.798876,29,193,98,2,0.20855820,0.00902045,0.00297427,0E-8,0.000000,0.900656,0.000000,0.00763944,2026-03-21,2026-08-06,87,1920,882,139,0.625899,0.863400,0.891889,0.695194,,,,,,,,GLOBAL_BASELINE_NO_ENTITY_RANKING,,,NOT_APPLICABLE_GLOBAL_BASELINE,HF9g-P5,,,,X 全窗基线 · 不参与实体赏罚,8396872,840,A168_HF9F_20260827_0900,2026-08-27 09:00:00
2026-06-08,54653530,1210,0,151.4644997043,-51.3410651374,-51.3410651374,0.2727273,12,12,0.50218230000000000,0.502182300000,-1.5220469608120764,-1.5220469608120764,-1.5220469608120764,0E-17,ELIGIBLE,R03b_20260811_FULL_v1,L1_ELIGIBILITY,v2026-08-11,2026-03-21..2026-08-06,baccarat_bet02_101_all_pairs_incl_sentinel,round_win = game_pnl > 0 (decisive only),COMPATIBILITY_ONLY_NOT_PRODUCTION,53571.4227,48249.4483,483.2383,5739,5738,-0.00902045,-0.00297427,-0.01061372,-0.00902045,-483.2383,53571.4227,OK,0.0000,19.3295,4.0000,96.0000,AG03-UNRESOLVED,ALL5_LEVELS_bet23_to_bet27,19.3295,19.3295,24.1619,0.0000,0.0000,4.000000,4.000000,5.000000,0.000000,0.000000,96.000000,96.000000,95.000000,100.000000,100.000000,5.0,62.8210,60.1535,420.4173,423.0848,PENDING_AG03,FALSE,NOT_FOR_ENFORCEMENT,463.9088,46319.4703,483.2383,463.9088,19.3295,0.00902045,0.00865963,19.3295,463.9088,0.00865963,19.3295,19.3295,24.1619,0.0000,0.0000,463.9088,0.00865963,62.8210,60.1535,420.4173,423.0848,0.00784779,0.00789758,0.00036082,9.3346,8.4088,0.0842,5.5545,0.2517,615.7635,65.9540,8.3255,9.6426,5.1431,5.1891,8.2617,16.7816,25.8881,44.2602,5.1891,0.0,4.9889,8.529385,1.798876,29,193,98,2,0.20855820,0.00902045,0.00297427,0E-8,0.000000,0.900656,0.000000,0.00763944,2026-03-21,2026-08-06,87,1920,882,139,0.625899,0.863400,0.891889,0.695194,,,,,,,,GLOBAL_BASELINE_NO_ENTITY_RANKING,,,NOT_APPLICABLE_GLOBAL_BASELINE,HF9g-P5,,,,X 全窗基线 · 不参与实体赏罚,8396873,840,A168_HF9F_20260827_0900,2026-08-27 09:00:00
2026-06-08,54653530,1307,0,92.3187697687,36.9532234425,36.9532234425,0.7272727,13,13,0.50665070000000000,0.506650700000,1.4635704483711276,1.4635704483711276,1.4635704483711276,0E-17,ELIGIBLE,R03b_20260811_FULL_v1,L1_ELIGIBILITY,v2026-08-11,2026-03-21..2026-08-06,baccarat_bet02_101_all_pairs_incl_sentinel,round_win = game_pnl > 0 (decisive only),COMPATIBILITY_ONLY_NOT_PRODUCTION,53571.4227,48249.4483,483.2383,5739,5738,-0.00902045,-0.00297427,-0.01061372,-0.00902045,-483.2383,53571.4227,OK,0.0000,19.3295,4.0000,96.0000,AG03-UNRESOLVED,ALL5_LEVELS_bet23_to_bet27,19.3295,19.3295,24.1619,0.0000,0.0000,4.000000,4.000000,5.000000,0.000000,0.000000,96.000000,96.000000,95.000000,100.000000,100.000000,5.0,62.8210,60.1535,420.4173,423.0848,PENDING_AG03,FALSE,NOT_FOR_ENFORCEMENT,463.9088,46319.4703,483.2383,463.9088,19.3295,0.00902045,0.00865963,19.3295,463.9088,0.00865963,19.3295,19.3295,24.1619,0.0000,0.0000,463.9088,0.00865963,62.8210,60.1535,420.4173,423.0848,0.00784779,0.00789758,0.00036082,9.3346,8.4088,0.0842,5.5545,0.2517,615.7635,65.9540,8.3255,9.6426,5.1431,5.1891,8.2617,16.7816,25.8881,44.2602,5.1891,0.0,4.9889,8.529385,1.798876,29,193,98,2,0.20855820,0.00902045,0.00297427,0E-8,0.000000,0.900656,0.000000,0.00763944,2026-03-21,2026-08-06,87,1920,882,139,0.625899,0.863400,0.891889,0.695194,,,,,,,,GLOBAL_BASELINE_NO_ENTITY_RANKING,,,NOT_APPLICABLE_GLOBAL_BASELINE,HF9g-P5,,,,X 全窗基线 · 不参与实体赏罚,8396874,840,A168_HF9F_20260827_0900,2026-08-27 09:00:00
2026-06-08,54653530,1325,0,64.8031475814,9.8876231131,9.8876231131,0.5000000,9,9,0.49920336666666667,0.499203366667,0.004506444376759088,0.004506444374873482,0.004506444376759088,-3.3333E-13,ELIGIBLE,R03b_20260811_FULL_v1,L1_ELIGIBILITY,v2026-08-11,2026-03-21..2026-08-06,baccarat_bet02_101_all_pairs_incl_sentinel,round_win = game_pnl > 0 (decisive only),COMPATIBILITY_ONLY_NOT_PRODUCTION,53571.4227,48249.4483,483.2383,5739,5738,-0.00902045,-0.00297427,-0.01061372,-0.00902045,-483.2383,53571.4227,OK,0.0000,19.3295,4.0000,96.0000,AG03-UNRESOLVED,ALL5_LEVELS_bet23_to_bet27,19.3295,19.3295,24.1619,0.0000,0.0000,4.000000,4.000000,5.000000,0.000000,0.000000,96.000000,96.000000,95.000000,100.000000,100.000000,5.0,62.8210,60.1535,420.4173,423.0848,PENDING_AG03,FALSE,NOT_FOR_ENFORCEMENT,463.9088,46319.4703,483.2383,463.9088,19.3295,0.00902045,0.00865963,19.3295,463.9088,0.00865963,19.3295,19.3295,24.1619,0.0000,0.0000,463.9088,0.00865963,62.8210,60.1535,420.4173,423.0848,0.00784779,0.00789758,0.00036082,9.3346,8.4088,0.0842,5.5545,0.2517,615.7635,65.9540,8.3255,9.6426,5.1431,5.1891,8.2617,16.7816,25.8881,44.2602,5.1891,0.0,4.9889,8.529385,1.798876,29,193,98,2,0.20855820,0.00902045,0.00297427,0E-8,0.000000,0.900656,0.000000,0.00763944,2026-03-21,2026-08-06,87,1920,882,139,0.625899,0.863400,0.891889,0.695194,,,,,,,,GLOBAL_BASELINE_NO_ENTITY_RANKING,,,NOT_APPLICABLE_GLOBAL_BASELINE,HF9g-P5,,,,X 全窗基线 · 不参与实体赏罚,8396875,840,A168_HF9F_20260827_0900,2026-08-27 09:00:00
2026-06-08,54653530,1383,0,107.2337799264,-107.2337799264,-107.2337799264,0E-7,5,5,0.50665070000000000,0.506650700000,-2.266011280526236,-2.266011280526236,-2.266011280526236,0E-17,ELIGIBLE,R03b_20260811_FULL_v1,L1_ELIGIBILITY,v2026-08-11,2026-03-21..2026-08-06,baccarat_bet02_101_all_pairs_incl_sentinel,round_win = game_pnl > 0 (decisive only),COMPATIBILITY_ONLY_NOT_PRODUCTION,53571.4227,48249.4483,483.2383,5739,5738,-0.00902045,-0.00297427,-0.01061372,-0.00902045,-483.2383,53571.4227,OK,0.0000,19.3295,4.0000,96.0000,AG03-UNRESOLVED,ALL5_LEVELS_bet23_to_bet27,19.3295,19.3295,24.1619,0.0000,0.0000,4.000000,4.000000,5.000000,0.000000,0.000000,96.000000,96.000000,95.000000,100.000000,100.000000,5.0,62.8210,60.1535,420.4173,423.0848,PENDING_AG03,FALSE,NOT_FOR_ENFORCEMENT,463.9088,46319.4703,483.2383,463.9088,19.3295,0.00902045,0.00865963,19.3295,463.9088,0.00865963,19.3295,19.3295,24.1619,0.0000,0.0000,463.9088,0.00865963,62.8210,60.1535,420.4173,423.0848,0.00784779,0.00789758,0.00036082,9.3346,8.4088,0.0842,5.5545,0.2517,615.7635,65.9540,8.3255,9.6426,5.1431,5.1891,8.2617,16.7816,25.8881,44.2602,5.1891,0.0,4.9889,8.529385,1.798876,29,193,98,2,0.20855820,0.00902045,0.00297427,0E-8,0.000000,0.900656,0.000000,0.00763944,2026-03-21,2026-08-06,87,1920,882,139,0.625899,0.863400,0.891889,0.695194,,,,,,,,GLOBAL_BASELINE_NO_ENTITY_RANKING,,,NOT_APPLICABLE_GLOBAL_BASELINE,HF9g-P5,,,,X 全窗基线 · 不参与实体赏罚,8396876,840,A168_HF9F_20260827_0900,2026-08-27 09:00:00
2026-06-08,54653530,1396,0,144.2641499729,15.4550363876,15.4550363876,0.4000000,7,7,0.50473567142857143,0.504735671429,-0.46841317225253143,-0.46841317225445195,-0.46841317225253143,-4.2857E-13,ELIGIBLE,R03b_20260811_FULL_v1,L1_ELIGIBILITY,v2026-08-11,2026-03-21..2026-08-06,baccarat_bet02_101_all_pairs_incl_sentinel,round_win = game_pnl > 0 (decisive only),COMPATIBILITY_ONLY_NOT_PRODUCTION,53571.4227,48249.4483,483.2383,5739,5738,-0.00902045,-0.00297427,-0.01061372,-0.00902045,-483.2383,53571.4227,OK,0.0000,19.3295,4.0000,96.0000,AG03-UNRESOLVED,ALL5_LEVELS_bet23_to_bet27,19.3295,19.3295,24.1619,0.0000,0.0000,4.000000,4.000000,5.000000,0.000000,0.000000,96.000000,96.000000,95.000000,100.000000,100.000000,5.0,62.8210,60.1535,420.4173,423.0848,PENDING_AG03,FALSE,NOT_FOR_ENFORCEMENT,463.9088,46319.4703,483.2383,463.9088,19.3295,0.00902045,0.00865963,19.3295,463.9088,0.00865963,19.3295,19.3295,24.1619,0.0000,0.0000,463.9088,0.00865963,62.8210,60.1535,420.4173,423.0848,0.00784779,0.00789758,0.00036082,9.3346,8.4088,0.0842,5.5545,0.2517,615.7635,65.9540,8.3255,9.6426,5.1431,5.1891,8.2617,16.7816,25.8881,44.2602,5.1891,0.0,4.9889,8.529385,1.798876,29,193,98,2,0.20855820,0.00902045,0.00297427,0E-8,0.000000,0.900656,0.000000,0.00763944,2026-03-21,2026-08-06,87,1920,882,139,0.625899,0.863400,0.891889,0.695194,,,,,,,,GLOBAL_BASELINE_NO_ENTITY_RANKING,,,NOT_APPLICABLE_GLOBAL_BASELINE,HF9g-P5,,,,X 全窗基线 · 不参与实体赏罚,8396877,840,A168_HF9F_20260827_0900,2026-08-27 09:00:00
2026-06-08,54653530,1485,0,31.1157970530,3.9859078870,3.9859078870,0.3333333,3,3,0.50665070000000000,0.506650700000,-0.6004420894325239,-0.6004420894325239,-0.6004420894325239,0E-17,ELIGIBLE,R03b_20260811_FULL_v1,L1_ELIGIBILITY,v2026-08-11,2026-03-21..2026-08-06,baccarat_bet02_101_all_pairs_incl_sentinel,round_win = game_pnl > 0 (decisive only),COMPATIBILITY_ONLY_NOT_PRODUCTION,53571.4227,48249.4483,483.2383,5739,5738,-0.00902045,-0.00297427,-0.01061372,-0.00902045,-483.2383,53571.4227,OK,0.0000,19.3295,4.0000,96.0000,AG03-UNRESOLVED,ALL5_LEVELS_bet23_to_bet27,19.3295,19.3295,24.1619,0.0000,0.0000,4.000000,4.000000,5.000000,0.000000,0.000000,96.000000,96.000000,95.000000,100.000000,100.000000,5.0,62.8210,60.1535,420.4173,423.0848,PENDING_AG03,FALSE,NOT_FOR_ENFORCEMENT,463.9088,46319.4703,483.2383,463.9088,19.3295,0.00902045,0.00865963,19.3295,463.9088,0.00865963,19.3295,19.3295,24.1619,0.0000,0.0000,463.9088,0.00865963,62.8210,60.1535,420.4173,423.0848,0.00784779,0.00789758,0.00036082,9.3346,8.4088,0.0842,5.5545,0.2517,615.7635,65.9540,8.3255,9.6426,5.1431,5.1891,8.2617,16.7816,25.8881,44.2602,5.1891,0.0,4.9889,8.529385,1.798876,29,193,98,2,0.20855820,0.00902045,0.00297427,0E-8,0.000000,0.900656,0.000000,0.00763944,2026-03-21,2026-08-06,87,1920,882,139,0.625899,0.863400,0.891889,0.695194,,,,,,,,GLOBAL_BASELINE_NO_ENTITY_RANKING,,,NOT_APPLICABLE_GLOBAL_BASELINE,HF9g-P5,,,,X 全窗基线 · 不参与实体赏罚,8396878,840,A168_HF9F_20260827_0900,2026-08-27 09:00:00
2026-06-08,54653530,1505,0,10.2862139018,5.1431069509,5.1431069509,1.0000000,2,2,0.49324550000000000,0.493245500000,1.01360149184955,1.01360149184955,1.01360149184955,0E-17,ELIGIBLE,R03b_20260811_FULL_v1,L1_ELIGIBILITY,v2026-08-11,2026-03-21..2026-08-06,baccarat_bet02_101_all_pairs_incl_sentinel,round_win = game_pnl > 0 (decisive only),COMPATIBILITY_ONLY_NOT_PRODUCTION,53571.4227,48249.4483,483.2383,5739,5738,-0.00902045,-0.00297427,-0.01061372,-0.00902045,-483.2383,53571.4227,OK,0.0000,19.3295,4.0000,96.0000,AG03-UNRESOLVED,ALL5_LEVELS_bet23_to_bet27,19.3295,19.3295,24.1619,0.0000,0.0000,4.000000,4.000000,5.000000,0.000000,0.000000,96.000000,96.000000,95.000000,100.000000,100.000000,5.0,62.8210,60.1535,420.4173,423.0848,PENDING_AG03,FALSE,NOT_FOR_ENFORCEMENT,463.9088,46319.4703,483.2383,463.9088,19.3295,0.00902045,0.00865963,19.3295,463.9088,0.00865963,19.3295,19.3295,24.1619,0.0000,0.0000,463.9088,0.00865963,62.8210,60.1535,420.4173,423.0848,0.00784779,0.00789758,0.00036082,9.3346,8.4088,0.0842,5.5545,0.2517,615.7635,65.9540,8.3255,9.6426,5.1431,5.1891,8.2617,16.7816,25.8881,44.2602,5.1891,0.0,4.9889,8.529385,1.798876,29,193,98,2,0.20855820,0.00902045,0.00297427,0E-8,0.000000,0.900656,0.000000,0.00763944,2026-03-21,2026-08-06,87,1920,882,139,0.625899,0.863400,0.891889,0.695194,,,,,,,,GLOBAL_BASELINE_NO_ENTITY_RANKING,,,NOT_APPLICABLE_GLOBAL_BASELINE,HF9g-P5,,,,X 全窗基线 · 不参与实体赏罚,8396879,840,A168_HF9F_20260827_0900,2026-08-27 09:00:00
2026-06-08,54653530,1623,0,25.7155347545,10.0290585543,10.0290585543,0.6666667,4,4,0.49994810000000000,0.499948100000,0.5775300591747329,0.5775300591747329,0.5775300591747329,0E-17,ELIGIBLE,R03b_20260811_FULL_v1,L1_ELIGIBILITY,v2026-08-11,2026-03-21..2026-08-06,baccarat_bet02_101_all_pairs_incl_sentinel,round_win = game_pnl > 0 (decisive only),COMPATIBILITY_ONLY_NOT_PRODUCTION,53571.4227,48249.4483,483.2383,5739,5738,-0.00902045,-0.00297427,-0.01061372,-0.00902045,-483.2383,53571.4227,OK,0.0000,19.3295,4.0000,96.0000,AG03-UNRESOLVED,ALL5_LEVELS_bet23_to_bet27,19.3295,19.3295,24.1619,0.0000,0.0000,4.000000,4.000000,5.000000,0.000000,0.000000,96.000000,96.000000,95.000000,100.000000,100.000000,5.0,62.8210,60.1535,420.4173,423.0848,PENDING_AG03,FALSE,NOT_FOR_ENFORCEMENT,463.9088,46319.4703,483.2383,463.9088,19.3295,0.00902045,0.00865963,19.3295,463.9088,0.00865963,19.3295,19.3295,24.1619,0.0000,0.0000,463.9088,0.00865963,62.8210,60.1535,420.4173,423.0848,0.00784779,0.00789758,0.00036082,9.3346,8.4088,0.0842,5.5545,0.2517,615.7635,65.9540,8.3255,9.6426,5.1431,5.1891,8.2617,16.7816,25.8881,44.2602,5.1891,0.0,4.9889,8.529385,1.798876,29,193,98,2,0.20855820,0.00902045,0.00297427,0E-8,0.000000,0.900656,0.000000,0.00763944,2026-03-21,2026-08-06,87,1920,882,139,0.625899,0.863400,0.891889,0.695194,,,,,,,,GLOBAL_BASELINE_NO_ENTITY_RANKING,,,NOT_APPLICABLE_GLOBAL_BASELINE,HF9g-P5,,,,X 全窗基线 · 不参与实体赏罚,8396880,840,A168_HF9F_20260827_0900,2026-08-27 09:00:00
2026-06-08,54653530,1654,0,5.1431069509,5.1431069509,5.1431069509,1.0000000,1,1,0.49324550000000000,0.493245500000,1.01360149184955,1.01360149184955,1.01360149184955,0E-17,ELIGIBLE,R03b_20260811_FULL_v1,L1_ELIGIBILITY,v2026-08-11,2026-03-21..2026-08-06,baccarat_bet02_101_all_pairs_incl_sentinel,round_win = game_pnl > 0 (decisive only),COMPATIBILITY_ONLY_NOT_PRODUCTION,53571.4227,48249.4483,483.2383,5739,5738,-0.00902045,-0.00297427,-0.01061372,-0.00902045,-483.2383,53571.4227,OK,0.0000,19.3295,4.0000,96.0000,AG03-UNRESOLVED,ALL5_LEVELS_bet23_to_bet27,19.3295,19.3295,24.1619,0.0000,0.0000,4.000000,4.000000,5.000000,0.000000,0.000000,96.000000,96.000000,95.000000,100.000000,100.000000,5.0,62.8210,60.1535,420.4173,423.0848,PENDING_AG03,FALSE,NOT_FOR_ENFORCEMENT,463.9088,46319.4703,483.2383,463.9088,19.3295,0.00902045,0.00865963,19.3295,463.9088,0.00865963,19.3295,19.3295,24.1619,0.0000,0.0000,463.9088,0.00865963,62.8210,60.1535,420.4173,423.0848,0.00784779,0.00789758,0.00036082,9.3346,8.4088,0.0842,5.5545,0.2517,615.7635,65.9540,8.3255,9.6426,5.1431,5.1891,8.2617,16.7816,25.8881,44.2602,5.1891,0.0,4.9889,8.529385,1.798876,29,193,98,2,0.20855820,0.00902045,0.00297427,0E-8,0.000000,0.900656,0.000000,0.00763944,2026-03-21,2026-08-06,87,1920,882,139,0.625899,0.863400,0.891889,0.695194,,,,,,,,GLOBAL_BASELINE_NO_ENTITY_RANKING,,,NOT_APPLICABLE_GLOBAL_BASELINE,HF9g-P5,,,,X 全窗基线 · 不参与实体赏罚,8396881,840,A168_HF9F_20260827_0900,2026-08-27 09:00:00
2026-06-08,54653530,1704,0,68.9176331422,-53.3725923831,-53.3725923831,0.1666667,6,6,0.50218230000000000,0.502182300000,-1.6436998608832374,-1.6436998608832374,-1.6436998608832374,0E-17,ELIGIBLE,R03b_20260811_FULL_v1,L1_ELIGIBILITY,v2026-08-11,2026-03-21..2026-08-06,baccarat_bet02_101_all_pairs_incl_sentinel,round_win = game_pnl > 0 (decisive only),COMPATIBILITY_ONLY_NOT_PRODUCTION,53571.4227,48249.4483,483.2383,5739,5738,-0.00902045,-0.00297427,-0.01061372,-0.00902045,-483.2383,53571.4227,OK,0.0000,19.3295,4.0000,96.0000,AG03-UNRESOLVED,ALL5_LEVELS_bet23_to_bet27,19.3295,19.3295,24.1619,0.0000,0.0000,4.000000,4.000000,5.000000,0.000000,0.000000,96.000000,96.000000,95.000000,100.000000,100.000000,5.0,62.8210,60.1535,420.4173,423.0848,PENDING_AG03,FALSE,NOT_FOR_ENFORCEMENT,463.9088,46319.4703,483.2383,463.9088,19.3295,0.00902045,0.00865963,19.3295,463.9088,0.00865963,19.3295,19.3295,24.1619,0.0000,0.0000,463.9088,0.00865963,62.8210,60.1535,420.4173,423.0848,0.00784779,0.00789758,0.00036082,9.3346,8.4088,0.0842,5.5545,0.2517,615.7635,65.9540,8.3255,9.6426,5.1431,5.1891,8.2617,16.7816,25.8881,44.2602,5.1891,0.0,4.9889,8.529385,1.798876,29,193,98,2,0.20855820,0.00902045,0.00297427,0E-8,0.000000,0.900656,0.000000,0.00763944,2026-03-21,2026-08-06,87,1920,882,139,0.625899,0.863400,0.891889,0.695194,,,,,,,,GLOBAL_BASELINE_NO_ENTITY_RANKING,,,NOT_APPLICABLE_GLOBAL_BASELINE,HF9g-P5,,,,X 全窗基线 · 不参与实体赏罚,8396882,840,A168_HF9F_20260827_0900,2026-08-27 09:00:00
2026-06-08,54653530,1710,0,63.0030601486,9.9776274848,9.9776274848,0.4285714,7,7,0.50090561428571429,0.500905614286,-0.38275716120403624,-0.38275716120554854,-0.38275716120403624,-2.8571E-13,ELIGIBLE,R03b_20260811_FULL_v1,L1_ELIGIBILITY,v2026-08-11,2026-03-21..2026-08-06,baccarat_bet02_101_all_pairs_incl_sentinel,round_win = game_pnl > 0 (decisive only),COMPATIBILITY_ONLY_NOT_PRODUCTION,53571.4227,48249.4483,483.2383,5739,5738,-0.00902045,-0.00297427,-0.01061372,-0.00902045,-483.2383,53571.4227,OK,0.0000,19.3295,4.0000,96.0000,AG03-UNRESOLVED,ALL5_LEVELS_bet23_to_bet27,19.3295,19.3295,24.1619,0.0000,0.0000,4.000000,4.000000,5.000000,0.000000,0.000000,96.000000,96.000000,95.000000,100.000000,100.000000,5.0,62.8210,60.1535,420.4173,423.0848,PENDING_AG03,FALSE,NOT_FOR_ENFORCEMENT,463.9088,46319.4703,483.2383,463.9088,19.3295,0.00902045,0.00865963,19.3295,463.9088,0.00865963,19.3295,19.3295,24.1619,0.0000,0.0000,463.9088,0.00865963,62.8210,60.1535,420.4173,423.0848,0.00784779,0.00789758,0.00036082,9.3346,8.4088,0.0842,5.5545,0.2517,615.7635,65.9540,8.3255,9.6426,5.1431,5.1891,8.2617,16.7816,25.8881,44.2602,5.1891,0.0,4.9889,8.529385,1.798876,29,193,98,2,0.20855820,0.00902045,0.00297427,0E-8,0.000000,0.900656,0.000000,0.00763944,2026-03-21,2026-08-06,87,1920,882,139,0.625899,0.863400,0.891889,0.695194,,,,,,,,GLOBAL_BASELINE_NO_ENTITY_RANKING,,,NOT_APPLICABLE_GLOBAL_BASELINE,HF9g-P5,,,,X 全窗基线 · 不参与实体赏罚,8396883,840,A168_HF9F_20260827_0900,2026-08-27 09:00:00
2026-06-08,54653530,1714,0,5.1431069509,5.1431069509,5.1431069509,1.0000000,1,1,0.49324550000000000,0.493245500000,1.01360149184955,1.01360149184955,1.01360149184955,0E-17,ELIGIBLE,R03b_20260811_FULL_v1,L1_ELIGIBILITY,v2026-08-11,2026-03-21..2026-08-06,baccarat_bet02_101_all_pairs_incl_sentinel,round_win = game_pnl > 0 (decisive only),COMPATIBILITY_ONLY_NOT_PRODUCTION,53571.4227,48249.4483,483.2383,5739,5738,-0.00902045,-0.00297427,-0.01061372,-0.00902045,-483.2383,53571.4227,OK,0.0000,19.3295,4.0000,96.0000,AG03-UNRESOLVED,ALL5_LEVELS_bet23_to_bet27,19.3295,19.3295,24.1619,0.0000,0.0000,4.000000,4.000000,5.000000,0.000000,0.000000,96.000000,96.000000,95.000000,100.000000,100.000000,5.0,62.8210,60.1535,420.4173,423.0848,PENDING_AG03,FALSE,NOT_FOR_ENFORCEMENT,463.9088,46319.4703,483.2383,463.9088,19.3295,0.00902045,0.00865963,19.3295,463.9088,0.00865963,19.3295,19.3295,24.1619,0.0000,0.0000,463.9088,0.00865963,62.8210,60.1535,420.4173,423.0848,0.00784779,0.00789758,0.00036082,9.3346,8.4088,0.0842,5.5545,0.2517,615.7635,65.9540,8.3255,9.6426,5.1431,5.1891,8.2617,16.7816,25.8881,44.2602,5.1891,0.0,4.9889,8.529385,1.798876,29,193,98,2,0.20855820,0.00902045,0.00297427,0E-8,0.000000,0.900656,0.000000,0.00763944,2026-03-21,2026-08-06,87,1920,882,139,0.625899,0.863400,0.891889,0.695194,,,,,,,,GLOBAL_BASELINE_NO_ENTITY_RANKING,,,NOT_APPLICABLE_GLOBAL_BASELINE,HF9g-P5,,,,X 全窗基线 · 不参与实体赏罚,8396884,840,A168_HF9F_20260827_0900,2026-08-27 09:00:00
2026-06-08,54653530,1947,0,5.1431069509,5.1431069509,5.1431069509,1.0000000,1,1,0.49324550000000000,0.493245500000,1.01360149184955,1.01360149184955,1.01360149184955,0E-17,ELIGIBLE,R03b_20260811_FULL_v1,L1_ELIGIBILITY,v2026-08-11,2026-03-21..2026-08-06,baccarat_bet02_101_all_pairs_incl_sentinel,round_win = game_pnl > 0 (decisive only),COMPATIBILITY_ONLY_NOT_PRODUCTION,53571.4227,48249.4483,483.2383,5739,5738,-0.00902045,-0.00297427,-0.01061372,-0.00902045,-483.2383,53571.4227,OK,0.0000,19.3295,4.0000,96.0000,AG03-UNRESOLVED,ALL5_LEVELS_bet23_to_bet27,19.3295,19.3295,24.1619,0.0000,0.0000,4.000000,4.000000,5.000000,0.000000,0.000000,96.000000,96.000000,95.000000,100.000000,100.000000,5.0,62.8210,60.1535,420.4173,423.0848,PENDING_AG03,FALSE,NOT_FOR_ENFORCEMENT,463.9088,46319.4703,483.2383,463.9088,19.3295,0.00902045,0.00865963,19.3295,463.9088,0.00865963,19.3295,19.3295,24.1619,0.0000,0.0000,463.9088,0.00865963,62.8210,60.1535,420.4173,423.0848,0.00784779,0.00789758,0.00036082,9.3346,8.4088,0.0842,5.5545,0.2517,615.7635,65.9540,8.3255,9.6426,5.1431,5.1891,8.2617,16.7816,25.8881,44.2602,5.1891,0.0,4.9889,8.529385,1.798876,29,193,98,2,0.20855820,0.00902045,0.00297427,0E-8,0.000000,0.900656,0.000000,0.00763944,2026-03-21,2026-08-06,87,1920,882,139,0.625899,0.863400,0.891889,0.695194,,,,,,,,GLOBAL_BASELINE_NO_ENTITY_RANKING,,,NOT_APPLICABLE_GLOBAL_BASELINE,HF9g-P5,,,,X 全窗基线 · 不参与实体赏罚,8396885,840,A168_HF9F_20260827_0900,2026-08-27 09:00:00
2026-06-08,54653530,1963,0,10.2862139018,10.0290585543,10.0290585543,1.0000000,2,2,0.49994810000000000,0.499948100000,1.4143603653603398,1.4143603653603398,1.4143603653603398,0E-17,ELIGIBLE,R03b_20260811_FULL_v1,L1_ELIGIBILITY,v2026-08-11,2026-03-21..2026-08-06,baccarat_bet02_101_all_pairs_incl_sentinel,round_win = game_pnl > 0 (decisive only),COMPATIBILITY_ONLY_NOT_PRODUCTION,53571.4227,48249.4483,483.2383,5739,5738,-0.00902045,-0.00297427,-0.01061372,-0.00902045,-483.2383,53571.4227,OK,0.0000,19.3295,4.0000,96.0000,AG03-UNRESOLVED,ALL5_LEVELS_bet23_to_bet27,19.3295,19.3295,24.1619,0.0000,0.0000,4.000000,4.000000,5.000000,0.000000,0.000000,96.000000,96.000000,95.000000,100.000000,100.000000,5.0,62.8210,60.1535,420.4173,423.0848,PENDING_AG03,FALSE,NOT_FOR_ENFORCEMENT,463.9088,46319.4703,483.2383,463.9088,19.3295,0.00902045,0.00865963,19.3295,463.9088,0.00865963,19.3295,19.3295,24.1619,0.0000,0.0000,463.9088,0.00865963,62.8210,60.1535,420.4173,423.0848,0.00784779,0.00789758,0.00036082,9.3346,8.4088,0.0842,5.5545,0.2517,615.7635,65.9540,8.3255,9.6426,5.1431,5.1891,8.2617,16.7816,25.8881,44.2602,5.1891,0.0,4.9889,8.529385,1.798876,29,193,98,2,0.20855820,0.00902045,0.00297427,0E-8,0.000000,0.900656,0.000000,0.00763944,2026-03-21,2026-08-06,87,1920,882,139,0.625899,0.863400,0.891889,0.695194,,,,,,,,GLOBAL_BASELINE_NO_ENTITY_RANKING,,,NOT_APPLICABLE_GLOBAL_BASELINE,HF9g-P5,,,,X 全窗基线 · 不参与实体赏罚,8396886,840,A168_HF9F_20260827_0900,2026-08-27 09:00:00
2026-06-08,54653530,1985,0,5.1431069509,4.8859516034,4.8859516034,1.0000000,1,1,0.50665070000000000,0.506650700000,0.9867858985152569,0.9867858985152569,0.9867858985152569,0E-17,ELIGIBLE,R03b_20260811_FULL_v1,L1_ELIGIBILITY,v2026-08-11,2026-03-21..2026-08-06,baccarat_bet02_101_all_pairs_incl_sentinel,round_win = game_pnl > 0 (decisive only),COMPATIBILITY_ONLY_NOT_PRODUCTION,53571.4227,48249.4483,483.2383,5739,5738,-0.00902045,-0.00297427,-0.01061372,-0.00902045,-483.2383,53571.4227,OK,0.0000,19.3295,4.0000,96.0000,AG03-UNRESOLVED,ALL5_LEVELS_bet23_to_bet27,19.3295,19.3295,24.1619,0.0000,0.0000,4.000000,4.000000,5.000000,0.000000,0.000000,96.000000,96.000000,95.000000,100.000000,100.000000,5.0,62.8210,60.1535,420.4173,423.0848,PENDING_AG03,FALSE,NOT_FOR_ENFORCEMENT,463.9088,46319.4703,483.2383,463.9088,19.3295,0.00902045,0.00865963,19.3295,463.9088,0.00865963,19.3295,19.3295,24.1619,0.0000,0.0000,463.9088,0.00865963,62.8210,60.1535,420.4173,423.0848,0.00784779,0.00789758,0.00036082,9.3346,8.4088,0.0842,5.5545,0.2517,615.7635,65.9540,8.3255,9.6426,5.1431,5.1891,8.2617,16.7816,25.8881,44.2602,5.1891,0.0,4.9889,8.529385,1.798876,29,193,98,2,0.20855820,0.00902045,0.00297427,0E-8,0.000000,0.900656,0.000000,0.00763944,2026-03-21,2026-08-06,87,1920,882,139,0.625899,0.863400,0.891889,0.695194,,,,,,,,GLOBAL_BASELINE_NO_ENTITY_RANKING,,,NOT_APPLICABLE_GLOBAL_BASELINE,HF9g-P5,,,,X 全窗基线 · 不参与实体赏罚,8396887,840,A168_HF9F_20260827_0900,2026-08-27 09:00:00
2026-06-08,54653530,2088,0,15.4293208527,5.1431069509,5.1431069509,0.5000000,2,2,0.49324550000000000,0.493245500000,0.01910635448239258,0.01910635448239258,0.01910635448239258,0E-17,ELIGIBLE,R03b_20260811_FULL_v1,L1_ELIGIBILITY,v2026-08-11,2026-03-21..2026-08-06,baccarat_bet02_101_all_pairs_incl_sentinel,round_win = game_pnl > 0 (decisive only),COMPATIBILITY_ONLY_NOT_PRODUCTION,53571.4227,48249.4483,483.2383,5739,5738,-0.00902045,-0.00297427,-0.01061372,-0.00902045,-483.2383,53571.4227,OK,0.0000,19.3295,4.0000,96.0000,AG03-UNRESOLVED,ALL5_LEVELS_bet23_to_bet27,19.3295,19.3295,24.1619,0.0000,0.0000,4.000000,4.000000,5.000000,0.000000,0.000000,96.000000,96.000000,95.000000,100.000000,100.000000,5.0,62.8210,60.1535,420.4173,423.0848,PENDING_AG03,FALSE,NOT_FOR_ENFORCEMENT,463.9088,46319.4703,483.2383,463.9088,19.3295,0.00902045,0.00865963,19.3295,463.9088,0.00865963,19.3295,19.3295,24.1619,0.0000,0.0000,463.9088,0.00865963,62.8210,60.1535,420.4173,423.0848,0.00784779,0.00789758,0.00036082,9.3346,8.4088,0.0842,5.5545,0.2517,615.7635,65.9540,8.3255,9.6426,5.1431,5.1891,8.2617,16.7816,25.8881,44.2602,5.1891,0.0,4.9889,8.529385,1.798876,29,193,98,2,0.20855820,0.00902045,0.00297427,0E-8,0.000000,0.900656,0.000000,0.00763944,2026-03-21,2026-08-06,87,1920,882,139,0.625899,0.863400,0.891889,0.695194,,,,,,,,GLOBAL_BASELINE_NO_ENTITY_RANKING,,,NOT_APPLICABLE_GLOBAL_BASELINE,HF9g-P5,,,,X 全窗基线 · 不参与实体赏罚,8396888,840,A168_HF9F_20260827_0900,2026-08-27 09:00:00
2026-06-08,54653530,2089,0,5.1431069509,4.8859516034,4.8859516034,1.0000000,1,1,0.50665070000000000,0.506650700000,0.9867858985152569,0.9867858985152569,0.9867858985152569,0E-17,ELIGIBLE,R03b_20260811_FULL_v1,L1_ELIGIBILITY,v2026-08-11,2026-03-21..2026-08-06,baccarat_bet02_101_all_pairs_incl_sentinel,round_win = game_pnl > 0 (decisive only),COMPATIBILITY_ONLY_NOT_PRODUCTION,53571.4227,48249.4483,483.2383,5739,5738,-0.00902045,-0.00297427,-0.01061372,-0.00902045,-483.2383,53571.4227,OK,0.0000,19.3295,4.0000,96.0000,AG03-UNRESOLVED,ALL5_LEVELS_bet23_to_bet27,19.3295,19.3295,24.1619,0.0000,0.0000,4.000000,4.000000,5.000000,0.000000,0.000000,96.000000,96.000000,95.000000,100.000000,100.000000,5.0,62.8210,60.1535,420.4173,423.0848,PENDING_AG03,FALSE,NOT_FOR_ENFORCEMENT,463.9088,46319.4703,483.2383,463.9088,19.3295,0.00902045,0.00865963,19.3295,463.9088,0.00865963,19.3295,19.3295,24.1619,0.0000,0.0000,463.9088,0.00865963,62.8210,60.1535,420.4173,423.0848,0.00784779,0.00789758,0.00036082,9.3346,8.4088,0.0842,5.5545,0.2517,615.7635,65.9540,8.3255,9.6426,5.1431,5.1891,8.2617,16.7816,25.8881,44.2602,5.1891,0.0,4.9889,8.529385,1.798876,29,193,98,2,0.20855820,0.00902045,0.00297427,0E-8,0.000000,0.900656,0.000000,0.00763944,2026-03-21,2026-08-06,87,1920,882,139,0.625899,0.863400,0.891889,0.695194,,,,,,,,GLOBAL_BASELINE_NO_ENTITY_RANKING,,,NOT_APPLICABLE_GLOBAL_BASELINE,HF9g-P5,,,,X 全窗基线 · 不参与实体赏罚,8396889,840,A168_HF9F_20260827_0900,2026-08-27 09:00:00
2026-06-08,54653530,2115,0,62.7459048011,4.1144855607,4.1144855607,0.2500000,4,4,0.49994810000000000,0.499948100000,-0.9997924053861017,-0.9997924053861017,-0.9997924053861017,0E-17,ELIGIBLE,R03b_20260811_FULL_v1,L1_ELIGIBILITY,v2026-08-11,2026-03-21..2026-08-06,baccarat_bet02_101_all_pairs_incl_sentinel,round_win = game_pnl > 0 (decisive only),COMPATIBILITY_ONLY_NOT_PRODUCTION,53571.4227,48249.4483,483.2383,5739,5738,-0.00902045,-0.00297427,-0.01061372,-0.00902045,-483.2383,53571.4227,OK,0.0000,19.3295,4.0000,96.0000,AG03-UNRESOLVED,ALL5_LEVELS_bet23_to_bet27,19.3295,19.3295,24.1619,0.0000,0.0000,4.000000,4.000000,5.000000,0.000000,0.000000,96.000000,96.000000,95.000000,100.000000,100.000000,5.0,62.8210,60.1535,420.4173,423.0848,PENDING_AG03,FALSE,NOT_FOR_ENFORCEMENT,463.9088,46319.4703,483.2383,463.9088,19.3295,0.00902045,0.00865963,19.3295,463.9088,0.00865963,19.3295,19.3295,24.1619,0.0000,0.0000,463.9088,0.00865963,62.8210,60.1535,420.4173,423.0848,0.00784779,0.00789758,0.00036082,9.3346,8.4088,0.0842,5.5545,0.2517,615.7635,65.9540,8.3255,9.6426,5.1431,5.1891,8.2617,16.7816,25.8881,44.2602,5.1891,0.0,4.9889,8.529385,1.798876,29,193,98,2,0.20855820,0.00902045,0.00297427,0E-8,0.000000,0.900656,0.000000,0.00763944,2026-03-21,2026-08-06,87,1920,882,139,0.625899,0.863400,0.891889,0.695194,,,,,,,,GLOBAL_BASELINE_NO_ENTITY_RANKING,,,NOT_APPLICABLE_GLOBAL_BASELINE,HF9g-P5,,,,X 全窗基线 · 不参与实体赏罚,8396890,840,A168_HF9F_20260827_0900,2026-08-27 09:00:00
2026-06-08,54653530,2117,0,12.8577673773,2.5715534755,2.5715534755,0.5000000,2,2,0.49324550000000000,0.493245500000,0.01910635448239258,0.01910635448239258,0.01910635448239258,0E-17,ELIGIBLE,R03b_20260811_FULL_v1,L1_ELIGIBILITY,v2026-08-11,2026-03-21..2026-08-06,baccarat_bet02_101_all_pairs_incl_sentinel,round_win = game_pnl > 0 (decisive only),COMPATIBILITY_ONLY_NOT_PRODUCTION,53571.4227,48249.4483,483.2383,5739,5738,-0.00902045,-0.00297427,-0.01061372,-0.00902045,-483.2383,53571.4227,OK,0.0000,19.3295,4.0000,96.0000,AG03-UNRESOLVED,ALL5_LEVELS_bet23_to_bet27,19.3295,19.3295,24.1619,0.0000,0.0000,4.000000,4.000000,5.000000,0.000000,0.000000,96.000000,96.000000,95.000000,100.000000,100.000000,5.0,62.8210,60.1535,420.4173,423.0848,PENDING_AG03,FALSE,NOT_FOR_ENFORCEMENT,463.9088,46319.4703,483.2383,463.9088,19.3295,0.00902045,0.00865963,19.3295,463.9088,0.00865963,19.3295,19.3295,24.1619,0.0000,0.0000,463.9088,0.00865963,62.8210,60.1535,420.4173,423.0848,0.00784779,0.00789758,0.00036082,9.3346,8.4088,0.0842,5.5545,0.2517,615.7635,65.9540,8.3255,9.6426,5.1431,5.1891,8.2617,16.7816,25.8881,44.2602,5.1891,0.0,4.9889,8.529385,1.798876,29,193,98,2,0.20855820,0.00902045,0.00297427,0E-8,0.000000,0.900656,0.000000,0.00763944,2026-03-21,2026-08-06,87,1920,882,139,0.625899,0.863400,0.891889,0.695194,,,,,,,,GLOBAL_BASELINE_NO_ENTITY_RANKING,,,NOT_APPLICABLE_GLOBAL_BASELINE,HF9g-P5,,,,X 全窗基线 · 不参与实体赏罚,8396891,840,A168_HF9F_20260827_0900,2026-08-27 09:00:00
2026-06-08,54653530,2130,0,13.1149227248,2.4301180343,2.4301180343,0.5000000,2,2,0.50665070000000000,0.506650700000,-0.018812684590367487,-0.018812684590367487,-0.018812684590367487,0E-17,ELIGIBLE,R03b_20260811_FULL_v1,L1_ELIGIBILITY,v2026-08-11,2026-03-21..2026-08-06,baccarat_bet02_101_all_pairs_incl_sentinel,round_win = game_pnl > 0 (decisive only),COMPATIBILITY_ONLY_NOT_PRODUCTION,53571.4227,48249.4483,483.2383,5739,5738,-0.00902045,-0.00297427,-0.01061372,-0.00902045,-483.2383,53571.4227,OK,0.0000,19.3295,4.0000,96.0000,AG03-UNRESOLVED,ALL5_LEVELS_bet23_to_bet27,19.3295,19.3295,24.1619,0.0000,0.0000,4.000000,4.000000,5.000000,0.000000,0.000000,96.000000,96.000000,95.000000,100.000000,100.000000,5.0,62.8210,60.1535,420.4173,423.0848,PENDING_AG03,FALSE,NOT_FOR_ENFORCEMENT,463.9088,46319.4703,483.2383,463.9088,19.3295,0.00902045,0.00865963,19.3295,463.9088,0.00865963,19.3295,19.3295,24.1619,0.0000,0.0000,463.9088,0.00865963,62.8210,60.1535,420.4173,423.0848,0.00784779,0.00789758,0.00036082,9.3346,8.4088,0.0842,5.5545,0.2517,615.7635,65.9540,8.3255,9.6426,5.1431,5.1891,8.2617,16.7816,25.8881,44.2602,5.1891,0.0,4.9889,8.529385,1.798876,29,193,98,2,0.20855820,0.00902045,0.00297427,0E-8,0.000000,0.900656,0.000000,0.00763944,2026-03-21,2026-08-06,87,1920,882,139,0.625899,0.863400,0.891889,0.695194,,,,,,,,GLOBAL_BASELINE_NO_ENTITY_RANKING,,,NOT_APPLICABLE_GLOBAL_BASELINE,HF9g-P5,,,,X 全窗基线 · 不参与实体赏罚,8396892,840,A168_HF9F_20260827_0900,2026-08-27 09:00:00
2026-06-08,54653530,2142,0,50.1452927714,-10.3376449713,-10.3376449713,0.2000000,6,6,0.50665070000000000,0.506650700000,-1.3715049547573244,-1.3715049547573244,-1.3715049547573244,0E-17,ELIGIBLE,R03b_20260811_FULL_v1,L1_ELIGIBILITY,v2026-08-11,2026-03-21..2026-08-06,baccarat_bet02_101_all_pairs_incl_sentinel,round_win = game_pnl > 0 (decisive only),COMPATIBILITY_ONLY_NOT_PRODUCTION,53571.4227,48249.4483,483.2383,5739,5738,-0.00902045,-0.00297427,-0.01061372,-0.00902045,-483.2383,53571.4227,OK,0.0000,19.3295,4.0000,96.0000,AG03-UNRESOLVED,ALL5_LEVELS_bet23_to_bet27,19.3295,19.3295,24.1619,0.0000,0.0000,4.000000,4.000000,5.000000,0.000000,0.000000,96.000000,96.000000,95.000000,100.000000,100.000000,5.0,62.8210,60.1535,420.4173,423.0848,PENDING_AG03,FALSE,NOT_FOR_ENFORCEMENT,463.9088,46319.4703,483.2383,463.9088,19.3295,0.00902045,0.00865963,19.3295,463.9088,0.00865963,19.3295,19.3295,24.1619,0.0000,0.0000,463.9088,0.00865963,62.8210,60.1535,420.4173,423.0848,0.00784779,0.00789758,0.00036082,9.3346,8.4088,0.0842,5.5545,0.2517,615.7635,65.9540,8.3255,9.6426,5.1431,5.1891,8.2617,16.7816,25.8881,44.2602,5.1891,0.0,4.9889,8.529385,1.798876,29,193,98,2,0.20855820,0.00902045,0.00297427,0E-8,0.000000,0.900656,0.000000,0.00763944,2026-03-21,2026-08-06,87,1920,882,139,0.625899,0.863400,0.891889,0.695194,,,,,,,,GLOBAL_BASELINE_NO_ENTITY_RANKING,,,NOT_APPLICABLE_GLOBAL_BASELINE,HF9g-P5,,,,X 全窗基线 · 不参与实体赏罚,8396893,840,A168_HF9F_20260827_0900,2026-08-27 09:00:00
2026-06-08,54653530,2170,0,5.1431069509,-5.1431069509,-5.1431069509,0E-7,1,1,0.49324550000000000,0.493245500000,-0.9865810262130424,-0.9865810262130424,-0.9865810262130424,0E-17,ELIGIBLE,R03b_20260811_FULL_v1,L1_ELIGIBILITY,v2026-08-11,2026-03-21..2026-08-06,baccarat_bet02_101_all_pairs_incl_sentinel,round_win = game_pnl > 0 (decisive only),COMPATIBILITY_ONLY_NOT_PRODUCTION,53571.4227,48249.4483,483.2383,5739,5738,-0.00902045,-0.00297427,-0.01061372,-0.00902045,-483.2383,53571.4227,OK,0.0000,19.3295,4.0000,96.0000,AG03-UNRESOLVED,ALL5_LEVELS_bet23_to_bet27,19.3295,19.3295,24.1619,0.0000,0.0000,4.000000,4.000000,5.000000,0.000000,0.000000,96.000000,96.000000,95.000000,100.000000,100.000000,5.0,62.8210,60.1535,420.4173,423.0848,PENDING_AG03,FALSE,NOT_FOR_ENFORCEMENT,463.9088,46319.4703,483.2383,463.9088,19.3295,0.00902045,0.00865963,19.3295,463.9088,0.00865963,19.3295,19.3295,24.1619,0.0000,0.0000,463.9088,0.00865963,62.8210,60.1535,420.4173,423.0848,0.00784779,0.00789758,0.00036082,9.3346,8.4088,0.0842,5.5545,0.2517,615.7635,65.9540,8.3255,9.6426,5.1431,5.1891,8.2617,16.7816,25.8881,44.2602,5.1891,0.0,4.9889,8.529385,1.798876,29,193,98,2,0.20855820,0.00902045,0.00297427,0E-8,0.000000,0.900656,0.000000,0.00763944,2026-03-21,2026-08-06,87,1920,882,139,0.625899,0.863400,0.891889,0.695194,,,,,,,,GLOBAL_BASELINE_NO_ENTITY_RANKING,,,NOT_APPLICABLE_GLOBAL_BASELINE,HF9g-P5,,,,X 全窗基线 · 不参与实体赏罚,8396894,840,A168_HF9F_20260827_0900,2026-08-27 09:00:00
2026-06-08,54653530,2171,0,15.4293208527,9.7719032068,9.7719032068,1.0000000,3,3,0.50665070000000000,0.506650700000,1.3955260008387969,1.3955260008387969,1.3955260008387969,0E-17,ELIGIBLE,R03b_20260811_FULL_v1,L1_ELIGIBILITY,v2026-08-11,2026-03-21..2026-08-06,baccarat_bet02_101_all_pairs_incl_sentinel,round_win = game_pnl > 0 (decisive only),COMPATIBILITY_ONLY_NOT_PRODUCTION,53571.4227,48249.4483,483.2383,5739,5738,-0.00902045,-0.00297427,-0.01061372,-0.00902045,-483.2383,53571.4227,OK,0.0000,19.3295,4.0000,96.0000,AG03-UNRESOLVED,ALL5_LEVELS_bet23_to_bet27,19.3295,19.3295,24.1619,0.0000,0.0000,4.000000,4.000000,5.000000,0.000000,0.000000,96.000000,96.000000,95.000000,100.000000,100.000000,5.0,62.8210,60.1535,420.4173,423.0848,PENDING_AG03,FALSE,NOT_FOR_ENFORCEMENT,463.9088,46319.4703,483.2383,463.9088,19.3295,0.00902045,0.00865963,19.3295,463.9088,0.00865963,19.3295,19.3295,24.1619,0.0000,0.0000,463.9088,0.00865963,62.8210,60.1535,420.4173,423.0848,0.00784779,0.00789758,0.00036082,9.3346,8.4088,0.0842,5.5545,0.2517,615.7635,65.9540,8.3255,9.6426,5.1431,5.1891,8.2617,16.7816,25.8881,44.2602,5.1891,0.0,4.9889,8.529385,1.798876,29,193,98,2,0.20855820,0.00902045,0.00297427,0E-8,0.000000,0.900656,0.000000,0.00763944,2026-03-21,2026-08-06,87,1920,882,139,0.625899,0.863400,0.891889,0.695194,,,,,,,,GLOBAL_BASELINE_NO_ENTITY_RANKING,,,NOT_APPLICABLE_GLOBAL_BASELINE,HF9g-P5,,,,X 全窗基线 · 不参与实体赏罚,8396895,840,A168_HF9F_20260827_0900,2026-08-27 09:00:00
2026-06-08,54653530,2174,0,39.8590788696,2.7644199861,2.7644199861,0.4000000,5,5,0.50396966000000000,0.503969660000,-0.4649811094771361,-0.4649811094771361,-0.4649811094771361,0E-17,ELIGIBLE,R03b_20260811_FULL_v1,L1_ELIGIBILITY,v2026-08-11,2026-03-21..2026-08-06,baccarat_bet02_101_all_pairs_incl_sentinel,round_win = game_pnl > 0 (decisive only),COMPATIBILITY_ONLY_NOT_PRODUCTION,53571.4227,48249.4483,483.2383,5739,5738,-0.00902045,-0.00297427,-0.01061372,-0.00902045,-483.2383,53571.4227,OK,0.0000,19.3295,4.0000,96.0000,AG03-UNRESOLVED,ALL5_LEVELS_bet23_to_bet27,19.3295,19.3295,24.1619,0.0000,0.0000,4.000000,4.000000,5.000000,0.000000,0.000000,96.000000,96.000000,95.000000,100.000000,100.000000,5.0,62.8210,60.1535,420.4173,423.0848,PENDING_AG03,FALSE,NOT_FOR_ENFORCEMENT,463.9088,46319.4703,483.2383,463.9088,19.3295,0.00902045,0.00865963,19.3295,463.9088,0.00865963,19.3295,19.3295,24.1619,0.0000,0.0000,463.9088,0.00865963,62.8210,60.1535,420.4173,423.0848,0.00784779,0.00789758,0.00036082,9.3346,8.4088,0.0842,5.5545,0.2517,615.7635,65.9540,8.3255,9.6426,5.1431,5.1891,8.2617,16.7816,25.8881,44.2602,5.1891,0.0,4.9889,8.529385,1.798876,29,193,98,2,0.20855820,0.00902045,0.00297427,0E-8,0.000000,0.900656,0.000000,0.00763944,2026-03-21,2026-08-06,87,1920,882,139,0.625899,0.863400,0.891889,0.695194,,,,,,,,GLOBAL_BASELINE_NO_ENTITY_RANKING,,,NOT_APPLICABLE_GLOBAL_BASELINE,HF9g-P5,,,,X 全窗基线 · 不参与实体赏罚,8396896,840,A168_HF9F_20260827_0900,2026-08-27 09:00:00
2026-06-08,54653530,2177,0,39.0876128269,12.5748964950,12.5748964950,0.6000000,6,6,0.50441650000000000,0.504416500000,0.42747908374280613,0.42747908374280613,0.42747908374280613,0E-17,ELIGIBLE,R03b_20260811_FULL_v1,L1_ELIGIBILITY,v2026-08-11,2026-03-21..2026-08-06,baccarat_bet02_101_all_pairs_incl_sentinel,round_win = game_pnl > 0 (decisive only),COMPATIBILITY_ONLY_NOT_PRODUCTION,53571.4227,48249.4483,483.2383,5739,5738,-0.00902045,-0.00297427,-0.01061372,-0.00902045,-483.2383,53571.4227,OK,0.0000,19.3295,4.0000,96.0000,AG03-UNRESOLVED,ALL5_LEVELS_bet23_to_bet27,19.3295,19.3295,24.1619,0.0000,0.0000,4.000000,4.000000,5.000000,0.000000,0.000000,96.000000,96.000000,95.000000,100.000000,100.000000,5.0,62.8210,60.1535,420.4173,423.0848,PENDING_AG03,FALSE,NOT_FOR_ENFORCEMENT,463.9088,46319.4703,483.2383,463.9088,19.3295,0.00902045,0.00865963,19.3295,463.9088,0.00865963,19.3295,19.3295,24.1619,0.0000,0.0000,463.9088,0.00865963,62.8210,60.1535,420.4173,423.0848,0.00784779,0.00789758,0.00036082,9.3346,8.4088,0.0842,5.5545,0.2517,615.7635,65.9540,8.3255,9.6426,5.1431,5.1891,8.2617,16.7816,25.8881,44.2602,5.1891,0.0,4.9889,8.529385,1.798876,29,193,98,2,0.20855820,0.00902045,0.00297427,0E-8,0.000000,0.900656,0.000000,0.00763944,2026-03-21,2026-08-06,87,1920,882,139,0.625899,0.863400,0.891889,0.695194,,,,,,,,GLOBAL_BASELINE_NO_ENTITY_RANKING,,,NOT_APPLICABLE_GLOBAL_BASELINE,HF9g-P5,,,,X 全窗基线 · 不参与实体赏罚,8396897,840,A168_HF9F_20260827_0900,2026-08-27 09:00:00
2026-06-08,54653530,2222,0,5.1431069509,4.8859516034,4.8859516034,1.0000000,1,1,0.50665070000000000,0.506650700000,0.9867858985152569,0.9867858985152569,0.9867858985152569,0E-17,ELIGIBLE,R03b_20260811_FULL_v1,L1_ELIGIBILITY,v2026-08-11,2026-03-21..2026-08-06,baccarat_bet02_101_all_pairs_incl_sentinel,round_win = game_pnl > 0 (decisive only),COMPATIBILITY_ONLY_NOT_PRODUCTION,53571.4227,48249.4483,483.2383,5739,5738,-0.00902045,-0.00297427,-0.01061372,-0.00902045,-483.2383,53571.4227,OK,0.0000,19.3295,4.0000,96.0000,AG03-UNRESOLVED,ALL5_LEVELS_bet23_to_bet27,19.3295,19.3295,24.1619,0.0000,0.0000,4.000000,4.000000,5.000000,0.000000,0.000000,96.000000,96.000000,95.000000,100.000000,100.000000,5.0,62.8210,60.1535,420.4173,423.0848,PENDING_AG03,FALSE,NOT_FOR_ENFORCEMENT,463.9088,46319.4703,483.2383,463.9088,19.3295,0.00902045,0.00865963,19.3295,463.9088,0.00865963,19.3295,19.3295,24.1619,0.0000,0.0000,463.9088,0.00865963,62.8210,60.1535,420.4173,423.0848,0.00784779,0.00789758,0.00036082,9.3346,8.4088,0.0842,5.5545,0.2517,615.7635,65.9540,8.3255,9.6426,5.1431,5.1891,8.2617,16.7816,25.8881,44.2602,5.1891,0.0,4.9889,8.529385,1.798876,29,193,98,2,0.20855820,0.00902045,0.00297427,0E-8,0.000000,0.900656,0.000000,0.00763944,2026-03-21,2026-08-06,87,1920,882,139,0.625899,0.863400,0.891889,0.695194,,,,,,,,GLOBAL_BASELINE_NO_ENTITY_RANKING,,,NOT_APPLICABLE_GLOBAL_BASELINE,HF9g-P5,,,,X 全窗基线 · 不参与实体赏罚,8396898,840,A168_HF9F_20260827_0900,2026-08-27 09:00:00
2026-06-08,54653530,2233,0,116.7485277856,5.5931288091,5.5931288091,0.3333333,8,8,0.50665070000000000,0.506650700000,-0.8491533462951141,-0.8491533462951141,-0.8491533462951141,0E-17,ELIGIBLE,R03b_20260811_FULL_v1,L1_ELIGIBILITY,v2026-08-11,2026-03-21..2026-08-06,baccarat_bet02_101_all_pairs_incl_sentinel,round_win = game_pnl > 0 (decisive only),COMPATIBILITY_ONLY_NOT_PRODUCTION,53571.4227,48249.4483,483.2383,5739,5738,-0.00902045,-0.00297427,-0.01061372,-0.00902045,-483.2383,53571.4227,OK,0.0000,19.3295,4.0000,96.0000,AG03-UNRESOLVED,ALL5_LEVELS_bet23_to_bet27,19.3295,19.3295,24.1619,0.0000,0.0000,4.000000,4.000000,5.000000,0.000000,0.000000,96.000000,96.000000,95.000000,100.000000,100.000000,5.0,62.8210,60.1535,420.4173,423.0848,PENDING_AG03,FALSE,NOT_FOR_ENFORCEMENT,463.9088,46319.4703,483.2383,463.9088,19.3295,0.00902045,0.00865963,19.3295,463.9088,0.00865963,19.3295,19.3295,24.1619,0.0000,0.0000,463.9088,0.00865963,62.8210,60.1535,420.4173,423.0848,0.00784779,0.00789758,0.00036082,9.3346,8.4088,0.0842,5.5545,0.2517,615.7635,65.9540,8.3255,9.6426,5.1431,5.1891,8.2617,16.7816,25.8881,44.2602,5.1891,0.0,4.9889,8.529385,1.798876,29,193,98,2,0.20855820,0.00902045,0.00297427,0E-8,0.000000,0.900656,0.000000,0.00763944,2026-03-21,2026-08-06,87,1920,882,139,0.625899,0.863400,0.891889,0.695194,,,,,,,,GLOBAL_BASELINE_NO_ENTITY_RANKING,,,NOT_APPLICABLE_GLOBAL_BASELINE,HF9g-P5,,,,X 全窗基线 · 不参与实体赏罚,8396899,840,A168_HF9F_20260827_0900,2026-08-27 09:00:00
2026-06-08,54653530,2234,0,13.1149227248,2.4301180343,2.4301180343,0.5000000,2,2,0.50665070000000000,0.506650700000,-0.018812684590367487,-0.018812684590367487,-0.018812684590367487,0E-17,ELIGIBLE,R03b_20260811_FULL_v1,L1_ELIGIBILITY,v2026-08-11,2026-03-21..2026-08-06,baccarat_bet02_101_all_pairs_incl_sentinel,round_win = game_pnl > 0 (decisive only),COMPATIBILITY_ONLY_NOT_PRODUCTION,53571.4227,48249.4483,483.2383,5739,5738,-0.00902045,-0.00297427,-0.01061372,-0.00902045,-483.2383,53571.4227,OK,0.0000,19.3295,4.0000,96.0000,AG03-UNRESOLVED,ALL5_LEVELS_bet23_to_bet27,19.3295,19.3295,24.1619,0.0000,0.0000,4.000000,4.000000,5.000000,0.000000,0.000000,96.000000,96.000000,95.000000,100.000000,100.000000,5.0,62.8210,60.1535,420.4173,423.0848,PENDING_AG03,FALSE,NOT_FOR_ENFORCEMENT,463.9088,46319.4703,483.2383,463.9088,19.3295,0.00902045,0.00865963,19.3295,463.9088,0.00865963,19.3295,19.3295,24.1619,0.0000,0.0000,463.9088,0.00865963,62.8210,60.1535,420.4173,423.0848,0.00784779,0.00789758,0.00036082,9.3346,8.4088,0.0842,5.5545,0.2517,615.7635,65.9540,8.3255,9.6426,5.1431,5.1891,8.2617,16.7816,25.8881,44.2602,5.1891,0.0,4.9889,8.529385,1.798876,29,193,98,2,0.20855820,0.00902045,0.00297427,0E-8,0.000000,0.900656,0.000000,0.00763944,2026-03-21,2026-08-06,87,1920,882,139,0.625899,0.863400,0.891889,0.695194,,,,,,,,GLOBAL_BASELINE_NO_ENTITY_RANKING,,,NOT_APPLICABLE_GLOBAL_BASELINE,HF9g-P5,,,,X 全窗基线 · 不参与实体赏罚,8396900,840,A168_HF9F_20260827_0900,2026-08-27 09:00:00
2026-06-08,54653530,2252,0,10.2862139018,9.7719032068,9.7719032068,1.0000000,2,2,0.50665070000000000,0.506650700000,1.3955260008387969,1.3955260008387969,1.3955260008387969,0E-17,ELIGIBLE,R03b_20260811_FULL_v1,L1_ELIGIBILITY,v2026-08-11,2026-03-21..2026-08-06,baccarat_bet02_101_all_pairs_incl_sentinel,round_win = game_pnl > 0 (decisive only),COMPATIBILITY_ONLY_NOT_PRODUCTION,53571.4227,48249.4483,483.2383,5739,5738,-0.00902045,-0.00297427,-0.01061372,-0.00902045,-483.2383,53571.4227,OK,0.0000,19.3295,4.0000,96.0000,AG03-UNRESOLVED,ALL5_LEVELS_bet23_to_bet27,19.3295,19.3295,24.1619,0.0000,0.0000,4.000000,4.000000,5.000000,0.000000,0.000000,96.000000,96.000000,95.000000,100.000000,100.000000,5.0,62.8210,60.1535,420.4173,423.0848,PENDING_AG03,FALSE,NOT_FOR_ENFORCEMENT,463.9088,46319.4703,483.2383,463.9088,19.3295,0.00902045,0.00865963,19.3295,463.9088,0.00865963,19.3295,19.3295,24.1619,0.0000,0.0000,463.9088,0.00865963,62.8210,60.1535,420.4173,423.0848,0.00784779,0.00789758,0.00036082,9.3346,8.4088,0.0842,5.5545,0.2517,615.7635,65.9540,8.3255,9.6426,5.1431,5.1891,8.2617,16.7816,25.8881,44.2602,5.1891,0.0,4.9889,8.529385,1.798876,29,193,98,2,0.20855820,0.00902045,0.00297427,0E-8,0.000000,0.900656,0.000000,0.00763944,2026-03-21,2026-08-06,87,1920,882,139,0.625899,0.863400,0.891889,0.695194,,,,,,,,GLOBAL_BASELINE_NO_ENTITY_RANKING,,,NOT_APPLICABLE_GLOBAL_BASELINE,HF9g-P5,,,,X 全窗基线 · 不参与实体赏罚,8396901,840,A168_HF9F_20260827_0900,2026-08-27 09:00:00
2026-06-08,54653530,2258,0,5.1431069509,4.8859516034,4.8859516034,1.0000000,1,1,0.50665070000000000,0.506650700000,0.9867858985152569,0.9867858985152569,0.9867858985152569,0E-17,ELIGIBLE,R03b_20260811_FULL_v1,L1_ELIGIBILITY,v2026-08-11,2026-03-21..2026-08-06,baccarat_bet02_101_all_pairs_incl_sentinel,round_win = game_pnl > 0 (decisive only),COMPATIBILITY_ONLY_NOT_PRODUCTION,53571.4227,48249.4483,483.2383,5739,5738,-0.00902045,-0.00297427,-0.01061372,-0.00902045,-483.2383,53571.4227,OK,0.0000,19.3295,4.0000,96.0000,AG03-UNRESOLVED,ALL5_LEVELS_bet23_to_bet27,19.3295,19.3295,24.1619,0.0000,0.0000,4.000000,4.000000,5.000000,0.000000,0.000000,96.000000,96.000000,95.000000,100.000000,100.000000,5.0,62.8210,60.1535,420.4173,423.0848,PENDING_AG03,FALSE,NOT_FOR_ENFORCEMENT,463.9088,46319.4703,483.2383,463.9088,19.3295,0.00902045,0.00865963,19.3295,463.9088,0.00865963,19.3295,19.3295,24.1619,0.0000,0.0000,463.9088,0.00865963,62.8210,60.1535,420.4173,423.0848,0.00784779,0.00789758,0.00036082,9.3346,8.4088,0.0842,5.5545,0.2517,615.7635,65.9540,8.3255,9.6426,5.1431,5.1891,8.2617,16.7816,25.8881,44.2602,5.1891,0.0,4.9889,8.529385,1.798876,29,193,98,2,0.20855820,0.00902045,0.00297427,0E-8,0.000000,0.900656,0.000000,0.00763944,2026-03-21,2026-08-06,87,1920,882,139,0.625899,0.863400,0.891889,0.695194,,,,,,,,GLOBAL_BASELINE_NO_ENTITY_RANKING,,,NOT_APPLICABLE_GLOBAL_BASELINE,HF9g-P5,,,,X 全窗基线 · 不参与实体赏罚,8396902,840,A168_HF9F_20260827_0900,2026-08-27 09:00:00
2026-06-08,54653530,2261,0,15.4293208527,10.0290585543,10.0290585543,1.0000000,3,3,0.49771390000000000,0.497713900000,1.4206944795187548,1.420694479518755,1.4206944795187548,0E-17,ELIGIBLE,R03b_20260811_FULL_v1,L1_ELIGIBILITY,v2026-08-11,2026-03-21..2026-08-06,baccarat_bet02_101_all_pairs_incl_sentinel,round_win = game_pnl > 0 (decisive only),COMPATIBILITY_ONLY_NOT_PRODUCTION,53571.4227,48249.4483,483.2383,5739,5738,-0.00902045,-0.00297427,-0.01061372,-0.00902045,-483.2383,53571.4227,OK,0.0000,19.3295,4.0000,96.0000,AG03-UNRESOLVED,ALL5_LEVELS_bet23_to_bet27,19.3295,19.3295,24.1619,0.0000,0.0000,4.000000,4.000000,5.000000,0.000000,0.000000,96.000000,96.000000,95.000000,100.000000,100.000000,5.0,62.8210,60.1535,420.4173,423.0848,PENDING_AG03,FALSE,NOT_FOR_ENFORCEMENT,463.9088,46319.4703,483.2383,463.9088,19.3295,0.00902045,0.00865963,19.3295,463.9088,0.00865963,19.3295,19.3295,24.1619,0.0000,0.0000,463.9088,0.00865963,62.8210,60.1535,420.4173,423.0848,0.00784779,0.00789758,0.00036082,9.3346,8.4088,0.0842,5.5545,0.2517,615.7635,65.9540,8.3255,9.6426,5.1431,5.1891,8.2617,16.7816,25.8881,44.2602,5.1891,0.0,4.9889,8.529385,1.798876,29,193,98,2,0.20855820,0.00902045,0.00297427,0E-8,0.000000,0.900656,0.000000,0.00763944,2026-03-21,2026-08-06,87,1920,882,139,0.625899,0.863400,0.891889,0.695194,,,,,,,,GLOBAL_BASELINE_NO_ENTITY_RANKING,,,NOT_APPLICABLE_GLOBAL_BASELINE,HF9g-P5,,,,X 全窗基线 · 不参与实体赏罚,8396903,840,A168_HF9F_20260827_0900,2026-08-27 09:00:00
2026-06-08,54653530,529,0,5.1431069509,5.1431069509,5.1431069509,1.0000000,1,1,0.49324550000000000,0.493245500000,1.01360149184955,1.01360149184955,1.01360149184955,0E-17,ELIGIBLE,R03b_20260811_FULL_v1,L1_ELIGIBILITY,v2026-08-11,2026-03-21..2026-08-06,baccarat_bet02_101_all_pairs_incl_sentinel,round_win = game_pnl > 0 (decisive only),COMPATIBILITY_ONLY_NOT_PRODUCTION,53571.4227,48249.4483,483.2383,5739,5738,-0.00902045,-0.00297427,-0.01061372,-0.00902045,-483.2383,53571.4227,OK,0.0000,19.3295,4.0000,96.0000,AG03-UNRESOLVED,ALL5_LEVELS_bet23_to_bet27,19.3295,19.3295,24.1619,0.0000,0.0000,4.000000,4.000000,5.000000,0.000000,0.000000,96.000000,96.000000,95.000000,100.000000,100.000000,5.0,62.8210,60.1535,420.4173,423.0848,PENDING_AG03,FALSE,NOT_FOR_ENFORCEMENT,463.9088,46319.4703,483.2383,463.9088,19.3295,0.00902045,0.00865963,19.3295,463.9088,0.00865963,19.3295,19.3295,24.1619,0.0000,0.0000,463.9088,0.00865963,62.8210,60.1535,420.4173,423.0848,0.00784779,0.00789758,0.00036082,9.3346,8.4088,0.0842,5.5545,0.2517,615.7635,65.9540,8.3255,9.6426,5.1431,5.1891,8.2617,16.7816,25.8881,44.2602,5.1891,0.0,4.9889,8.529385,1.798876,29,193,98,2,0.20855820,0.00902045,0.00297427,0E-8,0.000000,0.900656,0.000000,0.00763944,2026-03-21,2026-08-06,87,1920,882,139,0.625899,0.863400,0.891889,0.695194,,,,,,,,GLOBAL_BASELINE_NO_ENTITY_RANKING,,,NOT_APPLICABLE_GLOBAL_BASELINE,HF9g-P5,,,,X 全窗基线 · 不参与实体赏罚,8396904,840,A168_HF9F_20260827_0900,2026-08-27 09:00:00
2026-06-08,54653530,986,0,39.8590788695,7.4060740094,7.4060740094,0.5000000,5,5,0.50665070000000000,0.506650700000,-0.02660515369234503,-0.02660515369234503,-0.02660515369234503,0E-17,ELIGIBLE,R03b_20260811_FULL_v1,L1_ELIGIBILITY,v2026-08-11,2026-03-21..2026-08-06,baccarat_bet02_101_all_pairs_incl_sentinel,round_win = game_pnl > 0 (decisive only),COMPATIBILITY_ONLY_NOT_PRODUCTION,53571.4227,48249.4483,483.2383,5739,5738,-0.00902045,-0.00297427,-0.01061372,-0.00902045,-483.2383,53571.4227,OK,0.0000,19.3295,4.0000,96.0000,AG03-UNRESOLVED,ALL5_LEVELS_bet23_to_bet27,19.3295,19.3295,24.1619,0.0000,0.0000,4.000000,4.000000,5.000000,0.000000,0.000000,96.000000,96.000000,95.000000,100.000000,100.000000,5.0,62.8210,60.1535,420.4173,423.0848,PENDING_AG03,FALSE,NOT_FOR_ENFORCEMENT,463.9088,46319.4703,483.2383,463.9088,19.3295,0.00902045,0.00865963,19.3295,463.9088,0.00865963,19.3295,19.3295,24.1619,0.0000,0.0000,463.9088,0.00865963,62.8210,60.1535,420.4173,423.0848,0.00784779,0.00789758,0.00036082,9.3346,8.4088,0.0842,5.5545,0.2517,615.7635,65.9540,8.3255,9.6426,5.1431,5.1891,8.2617,16.7816,25.8881,44.2602,5.1891,0.0,4.9889,8.529385,1.798876,29,193,98,2,0.20855820,0.00902045,0.00297427,0E-8,0.000000,0.900656,0.000000,0.00763944,2026-03-21,2026-08-06,87,1920,882,139,0.625899,0.863400,0.891889,0.695194,,,,,,,,GLOBAL_BASELINE_NO_ENTITY_RANKING,,,NOT_APPLICABLE_GLOBAL_BASELINE,HF9g-P5,,,,X 全窗基线 · 不参与实体赏罚,8396905,840,A168_HF9F_20260827_0900,2026-08-27 09:00:00
2026-06-09,54653530,1094,0,5.1431069509,4.8859516034,4.8859516034,1.0000000,1,1,0.50665070000000000,0.506650700000,0.9867858985152569,0.9867858985152569,0.9867858985152569,0E-17,ELIGIBLE,R03b_20260811_FULL_v1,L1_ELIGIBILITY,v2026-08-11,2026-03-21..2026-08-06,baccarat_bet02_101_all_pairs_incl_sentinel,round_win = game_pnl > 0 (decisive only),COMPATIBILITY_ONLY_NOT_PRODUCTION,53571.4227,48249.4483,483.2383,5739,5738,-0.00902045,-0.00297427,-0.01061372,-0.00902045,-483.2383,53571.4227,OK,0.0000,19.3295,4.0000,96.0000,AG03-UNRESOLVED,ALL5_LEVELS_bet23_to_bet27,19.3295,19.3295,24.1619,0.0000,0.0000,4.000000,4.000000,5.000000,0.000000,0.000000,96.000000,96.000000,95.000000,100.000000,100.000000,5.0,62.8210,60.1535,420.4173,423.0848,PENDING_AG03,FALSE,NOT_FOR_ENFORCEMENT,463.9088,46319.4703,483.2383,463.9088,19.3295,0.00902045,0.00865963,19.3295,463.9088,0.00865963,19.3295,19.3295,24.1619,0.0000,0.0000,463.9088,0.00865963,62.8210,60.1535,420.4173,423.0848,0.00784779,0.00789758,0.00036082,9.3346,8.4088,0.0842,5.5545,0.2517,615.7635,65.9540,8.3255,9.6426,5.1431,5.1891,8.2617,16.7816,25.8881,44.2602,5.1891,0.0,4.9889,8.529385,1.798876,29,193,98,2,0.20855820,0.00902045,0.00297427,0E-8,0.000000,0.900656,0.000000,0.00763944,2026-03-21,2026-08-06,87,1920,882,139,0.625899,0.863400,0.891889,0.695194,,,,,,,,GLOBAL_BASELINE_NO_ENTITY_RANKING,,,NOT_APPLICABLE_GLOBAL_BASELINE,HF9g-P5,,,,X 全窗基线 · 不参与实体赏罚,8396906,840,A168_HF9F_20260827_0900,2026-08-27 09:00:00
2026-06-09,54653530,1157,0,5.1431069509,4.8859516034,4.8859516034,1.0000000,1,1,0.50665070000000000,0.506650700000,0.9867858985152569,0.9867858985152569,0.9867858985152569,0E-17,ELIGIBLE,R03b_20260811_FULL_v1,L1_ELIGIBILITY,v2026-08-11,2026-03-21..2026-08-06,baccarat_bet02_101_all_pairs_incl_sentinel,round_win = game_pnl > 0 (decisive only),COMPATIBILITY_ONLY_NOT_PRODUCTION,53571.4227,48249.4483,483.2383,5739,5738,-0.00902045,-0.00297427,-0.01061372,-0.00902045,-483.2383,53571.4227,OK,0.0000,19.3295,4.0000,96.0000,AG03-UNRESOLVED,ALL5_LEVELS_bet23_to_bet27,19.3295,19.3295,24.1619,0.0000,0.0000,4.000000,4.000000,5.000000,0.000000,0.000000,96.000000,96.000000,95.000000,100.000000,100.000000,5.0,62.8210,60.1535,420.4173,423.0848,PENDING_AG03,FALSE,NOT_FOR_ENFORCEMENT,463.9088,46319.4703,483.2383,463.9088,19.3295,0.00902045,0.00865963,19.3295,463.9088,0.00865963,19.3295,19.3295,24.1619,0.0000,0.0000,463.9088,0.00865963,62.8210,60.1535,420.4173,423.0848,0.00784779,0.00789758,0.00036082,9.3346,8.4088,0.0842,5.5545,0.2517,615.7635,65.9540,8.3255,9.6426,5.1431,5.1891,8.2617,16.7816,25.8881,44.2602,5.1891,0.0,4.9889,8.529385,1.798876,29,193,98,2,0.20855820,0.00902045,0.00297427,0E-8,0.000000,0.900656,0.000000,0.00763944,2026-03-21,2026-08-06,87,1920,882,139,0.625899,0.863400,0.891889,0.695194,,,,,,,,GLOBAL_BASELINE_NO_ENTITY_RANKING,,,NOT_APPLICABLE_GLOBAL_BASELINE,HF9g-P5,,,,X 全窗基线 · 不参与实体赏罚,8396907,840,A168_HF9F_20260827_0900,2026-08-27 09:00:00
2026-06-09,54653530,1210,0,10.2862139018,-0.2571553475,-0.2571553475,0.5000000,2,2,0.50665070000000000,0.506650700000,-0.018812684590367487,-0.018812684590367487,-0.018812684590367487,0E-17,ELIGIBLE,R03b_20260811_FULL_v1,L1_ELIGIBILITY,v2026-08-11,2026-03-21..2026-08-06,baccarat_bet02_101_all_pairs_incl_sentinel,round_win = game_pnl > 0 (decisive only),COMPATIBILITY_ONLY_NOT_PRODUCTION,53571.4227,48249.4483,483.2383,5739,5738,-0.00902045,-0.00297427,-0.01061372,-0.00902045,-483.2383,53571.4227,OK,0.0000,19.3295,4.0000,96.0000,AG03-UNRESOLVED,ALL5_LEVELS_bet23_to_bet27,19.3295,19.3295,24.1619,0.0000,0.0000,4.000000,4.000000,5.000000,0.000000,0.000000,96.000000,96.000000,95.000000,100.000000,100.000000,5.0,62.8210,60.1535,420.4173,423.0848,PENDING_AG03,FALSE,NOT_FOR_ENFORCEMENT,463.9088,46319.4703,483.2383,463.9088,19.3295,0.00902045,0.00865963,19.3295,463.9088,0.00865963,19.3295,19.3295,24.1619,0.0000,0.0000,463.9088,0.00865963,62.8210,60.1535,420.4173,423.0848,0.00784779,0.00789758,0.00036082,9.3346,8.4088,0.0842,5.5545,0.2517,615.7635,65.9540,8.3255,9.6426,5.1431,5.1891,8.2617,16.7816,25.8881,44.2602,5.1891,0.0,4.9889,8.529385,1.798876,29,193,98,2,0.20855820,0.00902045,0.00297427,0E-8,0.000000,0.900656,0.000000,0.00763944,2026-03-21,2026-08-06,87,1920,882,139,0.625899,0.863400,0.891889,0.695194,,,,,,,,GLOBAL_BASELINE_NO_ENTITY_RANKING,,,NOT_APPLICABLE_GLOBAL_BASELINE,HF9g-P5,,,,X 全窗基线 · 不参与实体赏罚,8396908,840,A168_HF9F_20260827_0900,2026-08-27 09:00:00
2026-06-09,54653530,1299,0,31.3729524005,9.7461876720,9.7461876720,0.6000000,5,5,0.50665070000000000,0.506650700000,0.4175076967804994,0.4175076967804994,0.4175076967804994,0E-17,ELIGIBLE,R03b_20260811_FULL_v1,L1_ELIGIBILITY,v2026-08-11,2026-03-21..2026-08-06,baccarat_bet02_101_all_pairs_incl_sentinel,round_win = game_pnl > 0 (decisive only),COMPATIBILITY_ONLY_NOT_PRODUCTION,53571.4227,48249.4483,483.2383,5739,5738,-0.00902045,-0.00297427,-0.01061372,-0.00902045,-483.2383,53571.4227,OK,0.0000,19.3295,4.0000,96.0000,AG03-UNRESOLVED,ALL5_LEVELS_bet23_to_bet27,19.3295,19.3295,24.1619,0.0000,0.0000,4.000000,4.000000,5.000000,0.000000,0.000000,96.000000,96.000000,95.000000,100.000000,100.000000,5.0,62.8210,60.1535,420.4173,423.0848,PENDING_AG03,FALSE,NOT_FOR_ENFORCEMENT,463.9088,46319.4703,483.2383,463.9088,19.3295,0.00902045,0.00865963,19.3295,463.9088,0.00865963,19.3295,19.3295,24.1619,0.0000,0.0000,463.9088,0.00865963,62.8210,60.1535,420.4173,423.0848,0.00784779,0.00789758,0.00036082,9.3346,8.4088,0.0842,5.5545,0.2517,615.7635,65.9540,8.3255,9.6426,5.1431,5.1891,8.2617,16.7816,25.8881,44.2602,5.1891,0.0,4.9889,8.529385,1.798876,29,193,98,2,0.20855820,0.00902045,0.00297427,0E-8,0.000000,0.900656,0.000000,0.00763944,2026-03-21,2026-08-06,87,1920,882,139,0.625899,0.863400,0.891889,0.695194,,,,,,,,GLOBAL_BASELINE_NO_ENTITY_RANKING,,,NOT_APPLICABLE_GLOBAL_BASELINE,HF9g-P5,,,,X 全窗基线 · 不参与实体赏罚,8396909,840,A168_HF9F_20260827_0900,2026-08-27 09:00:00
2026-06-09,54653530,1306,0,74.8322061357,-17.0365417748,-17.0365417748,0.7500000,5,5,0.50665070000000000,0.506650700000,0.9734833216690844,0.9734833216690844,0.9734833216690844,0E-17,ELIGIBLE,R03b_20260811_FULL_v1,L1_ELIGIBILITY,v2026-08-11,2026-03-21..2026-08-06,baccarat_bet02_101_all_pairs_incl_sentinel,round_win = game_pnl > 0 (decisive only),COMPATIBILITY_ONLY_NOT_PRODUCTION,53571.4227,48249.4483,483.2383,5739,5738,-0.00902045,-0.00297427,-0.01061372,-0.00902045,-483.2383,53571.4227,OK,0.0000,19.3295,4.0000,96.0000,AG03-UNRESOLVED,ALL5_LEVELS_bet23_to_bet27,19.3295,19.3295,24.1619,0.0000,0.0000,4.000000,4.000000,5.000000,0.000000,0.000000,96.000000,96.000000,95.000000,100.000000,100.000000,5.0,62.8210,60.1535,420.4173,423.0848,PENDING_AG03,FALSE,NOT_FOR_ENFORCEMENT,463.9088,46319.4703,483.2383,463.9088,19.3295,0.00902045,0.00865963,19.3295,463.9088,0.00865963,19.3295,19.3295,24.1619,0.0000,0.0000,463.9088,0.00865963,62.8210,60.1535,420.4173,423.0848,0.00784779,0.00789758,0.00036082,9.3346,8.4088,0.0842,5.5545,0.2517,615.7635,65.9540,8.3255,9.6426,5.1431,5.1891,8.2617,16.7816,25.8881,44.2602,5.1891,0.0,4.9889,8.529385,1.798876,29,193,98,2,0.20855820,0.00902045,0.00297427,0E-8,0.000000,0.900656,0.000000,0.00763944,2026-03-21,2026-08-06,87,1920,882,139,0.625899,0.863400,0.891889,0.695194,,,,,,,,GLOBAL_BASELINE_NO_ENTITY_RANKING,,,NOT_APPLICABLE_GLOBAL_BASELINE,HF9g-P5,,,,X 全窗基线 · 不参与实体赏罚,8396910,840,A168_HF9F_20260827_0900,2026-08-27 09:00:00
2026-06-09,54653530,1330,0,68.4033224471,-68.4033224471,-68.4033224471,0E-7,4,4,0.50665070000000000,0.506650700000,-2.026782104415204,-2.026782104415204,-2.026782104415204,0E-17,ELIGIBLE,R03b_20260811_FULL_v1,L1_ELIGIBILITY,v2026-08-11,2026-03-21..2026-08-06,baccarat_bet02_101_all_pairs_incl_sentinel,round_win = game_pnl > 0 (decisive only),COMPATIBILITY_ONLY_NOT_PRODUCTION,53571.4227,48249.4483,483.2383,5739,5738,-0.00902045,-0.00297427,-0.01061372,-0.00902045,-483.2383,53571.4227,OK,0.0000,19.3295,4.0000,96.0000,AG03-UNRESOLVED,ALL5_LEVELS_bet23_to_bet27,19.3295,19.3295,24.1619,0.0000,0.0000,4.000000,4.000000,5.000000,0.000000,0.000000,96.000000,96.000000,95.000000,100.000000,100.000000,5.0,62.8210,60.1535,420.4173,423.0848,PENDING_AG03,FALSE,NOT_FOR_ENFORCEMENT,463.9088,46319.4703,483.2383,463.9088,19.3295,0.00902045,0.00865963,19.3295,463.9088,0.00865963,19.3295,19.3295,24.1619,0.0000,0.0000,463.9088,0.00865963,62.8210,60.1535,420.4173,423.0848,0.00784779,0.00789758,0.00036082,9.3346,8.4088,0.0842,5.5545,0.2517,615.7635,65.9540,8.3255,9.6426,5.1431,5.1891,8.2617,16.7816,25.8881,44.2602,5.1891,0.0,4.9889,8.529385,1.798876,29,193,98,2,0.20855820,0.00902045,0.00297427,0E-8,0.000000,0.900656,0.000000,0.00763944,2026-03-21,2026-08-06,87,1920,882,139,0.625899,0.863400,0.891889,0.695194,,,,,,,,GLOBAL_BASELINE_NO_ENTITY_RANKING,,,NOT_APPLICABLE_GLOBAL_BASELINE,HF9g-P5,,,,X 全窗基线 · 不参与实体赏罚,8396911,840,A168_HF9F_20260827_0900,2026-08-27 09:00:00
2026-06-09,54653530,1331,0,10.2862139018,-5.1431069509,-5.1431069509,0E-7,2,2,0.50665070000000000,0.506650700000,-1.013391052207602,-1.013391052207602,-1.013391052207602,0E-17,ELIGIBLE,R03b_20260811_FULL_v1,L1_ELIGIBILITY,v2026-08-11,2026-03-21..2026-08-06,baccarat_bet02_101_all_pairs_incl_sentinel,round_win = game_pnl > 0 (decisive only),COMPATIBILITY_ONLY_NOT_PRODUCTION,53571.4227,48249.4483,483.2383,5739,5738,-0.00902045,-0.00297427,-0.01061372,-0.00902045,-483.2383,53571.4227,OK,0.0000,19.3295,4.0000,96.0000,AG03-UNRESOLVED,ALL5_LEVELS_bet23_to_bet27,19.3295,19.3295,24.1619,0.0000,0.0000,4.000000,4.000000,5.000000,0.000000,0.000000,96.000000,96.000000,95.000000,100.000000,100.000000,5.0,62.8210,60.1535,420.4173,423.0848,PENDING_AG03,FALSE,NOT_FOR_ENFORCEMENT,463.9088,46319.4703,483.2383,463.9088,19.3295,0.00902045,0.00865963,19.3295,463.9088,0.00865963,19.3295,19.3295,24.1619,0.0000,0.0000,463.9088,0.00865963,62.8210,60.1535,420.4173,423.0848,0.00784779,0.00789758,0.00036082,9.3346,8.4088,0.0842,5.5545,0.2517,615.7635,65.9540,8.3255,9.6426,5.1431,5.1891,8.2617,16.7816,25.8881,44.2602,5.1891,0.0,4.9889,8.529385,1.798876,29,193,98,2,0.20855820,0.00902045,0.00297427,0E-8,0.000000,0.900656,0.000000,0.00763944,2026-03-21,2026-08-06,87,1920,882,139,0.625899,0.863400,0.891889,0.695194,,,,,,,,GLOBAL_BASELINE_NO_ENTITY_RANKING,,,NOT_APPLICABLE_GLOBAL_BASELINE,HF9g-P5,,,,X 全窗基线 · 不参与实体赏罚,8396912,840,A168_HF9F_20260827_0900,2026-08-27 09:00:00
2026-06-09,54653530,1383,0,5.1431069509,4.8859516034,4.8859516034,1.0000000,1,1,0.50665070000000000,0.506650700000,0.9867858985152569,0.9867858985152569,0.9867858985152569,0E-17,ELIGIBLE,R03b_20260811_FULL_v1,L1_ELIGIBILITY,v2026-08-11,2026-03-21..2026-08-06,baccarat_bet02_101_all_pairs_incl_sentinel,round_win = game_pnl > 0 (decisive only),COMPATIBILITY_ONLY_NOT_PRODUCTION,53571.4227,48249.4483,483.2383,5739,5738,-0.00902045,-0.00297427,-0.01061372,-0.00902045,-483.2383,53571.4227,OK,0.0000,19.3295,4.0000,96.0000,AG03-UNRESOLVED,ALL5_LEVELS_bet23_to_bet27,19.3295,19.3295,24.1619,0.0000,0.0000,4.000000,4.000000,5.000000,0.000000,0.000000,96.000000,96.000000,95.000000,100.000000,100.000000,5.0,62.8210,60.1535,420.4173,423.0848,PENDING_AG03,FALSE,NOT_FOR_ENFORCEMENT,463.9088,46319.4703,483.2383,463.9088,19.3295,0.00902045,0.00865963,19.3295,463.9088,0.00865963,19.3295,19.3295,24.1619,0.0000,0.0000,463.9088,0.00865963,62.8210,60.1535,420.4173,423.0848,0.00784779,0.00789758,0.00036082,9.3346,8.4088,0.0842,5.5545,0.2517,615.7635,65.9540,8.3255,9.6426,5.1431,5.1891,8.2617,16.7816,25.8881,44.2602,5.1891,0.0,4.9889,8.529385,1.798876,29,193,98,2,0.20855820,0.00902045,0.00297427,0E-8,0.000000,0.900656,0.000000,0.00763944,2026-03-21,2026-08-06,87,1920,882,139,0.625899,0.863400,0.891889,0.695194,,,,,,,,GLOBAL_BASELINE_NO_ENTITY_RANKING,,,NOT_APPLICABLE_GLOBAL_BASELINE,HF9g-P5,,,,X 全窗基线 · 不参与实体赏罚,8396913,840,A168_HF9F_20260827_0900,2026-08-27 09:00:00
2026-06-09,54653530,1490,0,49.3738267287,9.5018900918,9.5018900918,0.6000000,8,8,0.50665070000000000,0.506650700000,0.4175076967804994,0.4175076967804994,0.4175076967804994,0E-17,ELIGIBLE,R03b_20260811_FULL_v1,L1_ELIGIBILITY,v2026-08-11,2026-03-21..2026-08-06,baccarat_bet02_101_all_pairs_incl_sentinel,round_win = game_pnl > 0 (decisive only),COMPATIBILITY_ONLY_NOT_PRODUCTION,53571.4227,48249.4483,483.2383,5739,5738,-0.00902045,-0.00297427,-0.01061372,-0.00902045,-483.2383,53571.4227,OK,0.0000,19.3295,4.0000,96.0000,AG03-UNRESOLVED,ALL5_LEVELS_bet23_to_bet27,19.3295,19.3295,24.1619,0.0000,0.0000,4.000000,4.000000,5.000000,0.000000,0.000000,96.000000,96.000000,95.000000,100.000000,100.000000,5.0,62.8210,60.1535,420.4173,423.0848,PENDING_AG03,FALSE,NOT_FOR_ENFORCEMENT,463.9088,46319.4703,483.2383,463.9088,19.3295,0.00902045,0.00865963,19.3295,463.9088,0.00865963,19.3295,19.3295,24.1619,0.0000,0.0000,463.9088,0.00865963,62.8210,60.1535,420.4173,423.0848,0.00784779,0.00789758,0.00036082,9.3346,8.4088,0.0842,5.5545,0.2517,615.7635,65.9540,8.3255,9.6426,5.1431,5.1891,8.2617,16.7816,25.8881,44.2602,5.1891,0.0,4.9889,8.529385,1.798876,29,193,98,2,0.20855820,0.00902045,0.00297427,0E-8,0.000000,0.900656,0.000000,0.00763944,2026-03-21,2026-08-06,87,1920,882,139,0.625899,0.863400,0.891889,0.695194,,,,,,,,GLOBAL_BASELINE_NO_ENTITY_RANKING,,,NOT_APPLICABLE_GLOBAL_BASELINE,HF9g-P5,,,,X 全窗基线 · 不参与实体赏罚,8396914,840,A168_HF9F_20260827_0900,2026-08-27 09:00:00
2026-06-09,54653530,1505,0,73.8035847455,15.0950189010,15.0950189010,0.5000000,10,10,0.50262914000000000,0.502629140000,-0.016628371259645974,-0.016628371259645974,-0.016628371259645974,0E-17,ELIGIBLE,R03b_20260811_FULL_v1,L1_ELIGIBILITY,v2026-08-11,2026-03-21..2026-08-06,baccarat_bet02_101_all_pairs_incl_sentinel,round_win = game_pnl > 0 (decisive only),COMPATIBILITY_ONLY_NOT_PRODUCTION,53571.4227,48249.4483,483.2383,5739,5738,-0.00902045,-0.00297427,-0.01061372,-0.00902045,-483.2383,53571.4227,OK,0.0000,19.3295,4.0000,96.0000,AG03-UNRESOLVED,ALL5_LEVELS_bet23_to_bet27,19.3295,19.3295,24.1619,0.0000,0.0000,4.000000,4.000000,5.000000,0.000000,0.000000,96.000000,96.000000,95.000000,100.000000,100.000000,5.0,62.8210,60.1535,420.4173,423.0848,PENDING_AG03,FALSE,NOT_FOR_ENFORCEMENT,463.9088,46319.4703,483.2383,463.9088,19.3295,0.00902045,0.00865963,19.3295,463.9088,0.00865963,19.3295,19.3295,24.1619,0.0000,0.0000,463.9088,0.00865963,62.8210,60.1535,420.4173,423.0848,0.00784779,0.00789758,0.00036082,9.3346,8.4088,0.0842,5.5545,0.2517,615.7635,65.9540,8.3255,9.6426,5.1431,5.1891,8.2617,16.7816,25.8881,44.2602,5.1891,0.0,4.9889,8.529385,1.798876,29,193,98,2,0.20855820,0.00902045,0.00297427,0E-8,0.000000,0.900656,0.000000,0.00763944,2026-03-21,2026-08-06,87,1920,882,139,0.625899,0.863400,0.891889,0.695194,,,,,,,,GLOBAL_BASELINE_NO_ENTITY_RANKING,,,NOT_APPLICABLE_GLOBAL_BASELINE,HF9g-P5,,,,X 全窗基线 · 不参与实体赏罚,8396915,840,A168_HF9F_20260827_0900,2026-08-27 09:00:00
2026-06-09,54653530,1623,0,5.1431069509,-5.1431069509,-5.1431069509,0E-7,1,1,0.50665070000000000,0.506650700000,-1.013391052207602,-1.013391052207602,-1.013391052207602,0E-17,ELIGIBLE,R03b_20260811_FULL_v1,L1_ELIGIBILITY,v2026-08-11,2026-03-21..2026-08-06,baccarat_bet02_101_all_pairs_incl_sentinel,round_win = game_pnl > 0 (decisive only),COMPATIBILITY_ONLY_NOT_PRODUCTION,53571.4227,48249.4483,483.2383,5739,5738,-0.00902045,-0.00297427,-0.01061372,-0.00902045,-483.2383,53571.4227,OK,0.0000,19.3295,4.0000,96.0000,AG03-UNRESOLVED,ALL5_LEVELS_bet23_to_bet27,19.3295,19.3295,24.1619,0.0000,0.0000,4.000000,4.000000,5.000000,0.000000,0.000000,96.000000,96.000000,95.000000,100.000000,100.000000,5.0,62.8210,60.1535,420.4173,423.0848,PENDING_AG03,FALSE,NOT_FOR_ENFORCEMENT,463.9088,46319.4703,483.2383,463.9088,19.3295,0.00902045,0.00865963,19.3295,463.9088,0.00865963,19.3295,19.3295,24.1619,0.0000,0.0000,463.9088,0.00865963,62.8210,60.1535,420.4173,423.0848,0.00784779,0.00789758,0.00036082,9.3346,8.4088,0.0842,5.5545,0.2517,615.7635,65.9540,8.3255,9.6426,5.1431,5.1891,8.2617,16.7816,25.8881,44.2602,5.1891,0.0,4.9889,8.529385,1.798876,29,193,98,2,0.20855820,0.00902045,0.00297427,0E-8,0.000000,0.900656,0.000000,0.00763944,2026-03-21,2026-08-06,87,1920,882,139,0.625899,0.863400,0.891889,0.695194,,,,,,,,GLOBAL_BASELINE_NO_ENTITY_RANKING,,,NOT_APPLICABLE_GLOBAL_BASELINE,HF9g-P5,,,,X 全窗基线 · 不参与实体赏罚,8396916,840,A168_HF9F_20260827_0900,2026-08-27 09:00:00
2026-06-09,54653530,1710,0,25.7155347546,4.3716409082,4.3716409082,0.5000000,4,4,0.50665070000000000,0.506650700000,-0.02660515369234503,-0.02660515369234503,-0.02660515369234503,0E-17,ELIGIBLE,R03b_20260811_FULL_v1,L1_ELIGIBILITY,v2026-08-11,2026-03-21..2026-08-06,baccarat_bet02_101_all_pairs_incl_sentinel,round_win = game_pnl > 0 (decisive only),COMPATIBILITY_ONLY_NOT_PRODUCTION,53571.4227,48249.4483,483.2383,5739,5738,-0.00902045,-0.00297427,-0.01061372,-0.00902045,-483.2383,53571.4227,OK,0.0000,19.3295,4.0000,96.0000,AG03-UNRESOLVED,ALL5_LEVELS_bet23_to_bet27,19.3295,19.3295,24.1619,0.0000,0.0000,4.000000,4.000000,5.000000,0.000000,0.000000,96.000000,96.000000,95.000000,100.000000,100.000000,5.0,62.8210,60.1535,420.4173,423.0848,PENDING_AG03,FALSE,NOT_FOR_ENFORCEMENT,463.9088,46319.4703,483.2383,463.9088,19.3295,0.00902045,0.00865963,19.3295,463.9088,0.00865963,19.3295,19.3295,24.1619,0.0000,0.0000,463.9088,0.00865963,62.8210,60.1535,420.4173,423.0848,0.00784779,0.00789758,0.00036082,9.3346,8.4088,0.0842,5.5545,0.2517,615.7635,65.9540,8.3255,9.6426,5.1431,5.1891,8.2617,16.7816,25.8881,44.2602,5.1891,0.0,4.9889,8.529385,1.798876,29,193,98,2,0.20855820,0.00902045,0.00297427,0E-8,0.000000,0.900656,0.000000,0.00763944,2026-03-21,2026-08-06,87,1920,882,139,0.625899,0.863400,0.891889,0.695194,,,,,,,,GLOBAL_BASELINE_NO_ENTITY_RANKING,,,NOT_APPLICABLE_GLOBAL_BASELINE,HF9g-P5,,,,X 全窗基线 · 不参与实体赏罚,8396917,840,A168_HF9F_20260827_0900,2026-08-27 09:00:00
2026-06-09,54653530,1952,0,34.9731272662,2.7644199861,2.7644199861,0.3333333,4,4,0.50665070000000000,0.506650700000,-0.6004420894325239,-0.6004420894325239,-0.6004420894325239,0E-17,ELIGIBLE,R03b_20260811_FULL_v1,L1_ELIGIBILITY,v2026-08-11,2026-03-21..2026-08-06,baccarat_bet02_101_all_pairs_incl_sentinel,round_win = game_pnl > 0 (decisive only),COMPATIBILITY_ONLY_NOT_PRODUCTION,53571.4227,48249.4483,483.2383,5739,5738,-0.00902045,-0.00297427,-0.01061372,-0.00902045,-483.2383,53571.4227,OK,0.0000,19.3295,4.0000,96.0000,AG03-UNRESOLVED,ALL5_LEVELS_bet23_to_bet27,19.3295,19.3295,24.1619,0.0000,0.0000,4.000000,4.000000,5.000000,0.000000,0.000000,96.000000,96.000000,95.000000,100.000000,100.000000,5.0,62.8210,60.1535,420.4173,423.0848,PENDING_AG03,FALSE,NOT_FOR_ENFORCEMENT,463.9088,46319.4703,483.2383,463.9088,19.3295,0.00902045,0.00865963,19.3295,463.9088,0.00865963,19.3295,19.3295,24.1619,0.0000,0.0000,463.9088,0.00865963,62.8210,60.1535,420.4173,423.0848,0.00784779,0.00789758,0.00036082,9.3346,8.4088,0.0842,5.5545,0.2517,615.7635,65.9540,8.3255,9.6426,5.1431,5.1891,8.2617,16.7816,25.8881,44.2602,5.1891,0.0,4.9889,8.529385,1.798876,29,193,98,2,0.20855820,0.00902045,0.00297427,0E-8,0.000000,0.900656,0.000000,0.00763944,2026-03-21,2026-08-06,87,1920,882,139,0.625899,0.863400,0.891889,0.695194,,,,,,,,GLOBAL_BASELINE_NO_ENTITY_RANKING,,,NOT_APPLICABLE_GLOBAL_BASELINE,HF9g-P5,,,,X 全窗基线 · 不参与实体赏罚,8396918,840,A168_HF9F_20260827_0900,2026-08-27 09:00:00
2026-06-09,54653530,1963,0,5.1431069509,4.8859516034,4.8859516034,1.0000000,1,1,0.50665070000000000,0.506650700000,0.9867858985152569,0.9867858985152569,0.9867858985152569,0E-17,ELIGIBLE,R03b_20260811_FULL_v1,L1_ELIGIBILITY,v2026-08-11,2026-03-21..2026-08-06,baccarat_bet02_101_all_pairs_incl_sentinel,round_win = game_pnl > 0 (decisive only),COMPATIBILITY_ONLY_NOT_PRODUCTION,53571.4227,48249.4483,483.2383,5739,5738,-0.00902045,-0.00297427,-0.01061372,-0.00902045,-483.2383,53571.4227,OK,0.0000,19.3295,4.0000,96.0000,AG03-UNRESOLVED,ALL5_LEVELS_bet23_to_bet27,19.3295,19.3295,24.1619,0.0000,0.0000,4.000000,4.000000,5.000000,0.000000,0.000000,96.000000,96.000000,95.000000,100.000000,100.000000,5.0,62.8210,60.1535,420.4173,423.0848,PENDING_AG03,FALSE,NOT_FOR_ENFORCEMENT,463.9088,46319.4703,483.2383,463.9088,19.3295,0.00902045,0.00865963,19.3295,463.9088,0.00865963,19.3295,19.3295,24.1619,0.0000,0.0000,463.9088,0.00865963,62.8210,60.1535,420.4173,423.0848,0.00784779,0.00789758,0.00036082,9.3346,8.4088,0.0842,5.5545,0.2517,615.7635,65.9540,8.3255,9.6426,5.1431,5.1891,8.2617,16.7816,25.8881,44.2602,5.1891,0.0,4.9889,8.529385,1.798876,29,193,98,2,0.20855820,0.00902045,0.00297427,0E-8,0.000000,0.900656,0.000000,0.00763944,2026-03-21,2026-08-06,87,1920,882,139,0.625899,0.863400,0.891889,0.695194,,,,,,,,GLOBAL_BASELINE_NO_ENTITY_RANKING,,,NOT_APPLICABLE_GLOBAL_BASELINE,HF9g-P5,,,,X 全窗基线 · 不参与实体赏罚,8396919,840,A168_HF9F_20260827_0900,2026-08-27 09:00:00
2026-06-09,54653530,2088,0,12.8577673773,-12.8577673773,-12.8577673773,0E-7,2,2,0.50665070000000000,0.506650700000,-1.4331513700195317,-1.4331513700195317,-1.4331513700195317,0E-17,ELIGIBLE,R03b_20260811_FULL_v1,L1_ELIGIBILITY,v2026-08-11,2026-03-21..2026-08-06,baccarat_bet02_101_all_pairs_incl_sentinel,round_win = game_pnl > 0 (decisive only),COMPATIBILITY_ONLY_NOT_PRODUCTION,53571.4227,48249.4483,483.2383,5739,5738,-0.00902045,-0.00297427,-0.01061372,-0.00902045,-483.2383,53571.4227,OK,0.0000,19.3295,4.0000,96.0000,AG03-UNRESOLVED,ALL5_LEVELS_bet23_to_bet27,19.3295,19.3295,24.1619,0.0000,0.0000,4.000000,4.000000,5.000000,0.000000,0.000000,96.000000,96.000000,95.000000,100.000000,100.000000,5.0,62.8210,60.1535,420.4173,423.0848,PENDING_AG03,FALSE,NOT_FOR_ENFORCEMENT,463.9088,46319.4703,483.2383,463.9088,19.3295,0.00902045,0.00865963,19.3295,463.9088,0.00865963,19.3295,19.3295,24.1619,0.0000,0.0000,463.9088,0.00865963,62.8210,60.1535,420.4173,423.0848,0.00784779,0.00789758,0.00036082,9.3346,8.4088,0.0842,5.5545,0.2517,615.7635,65.9540,8.3255,9.6426,5.1431,5.1891,8.2617,16.7816,25.8881,44.2602,5.1891,0.0,4.9889,8.529385,1.798876,29,193,98,2,0.20855820,0.00902045,0.00297427,0E-8,0.000000,0.900656,0.000000,0.00763944,2026-03-21,2026-08-06,87,1920,882,139,0.625899,0.863400,0.891889,0.695194,,,,,,,,GLOBAL_BASELINE_NO_ENTITY_RANKING,,,NOT_APPLICABLE_GLOBAL_BASELINE,HF9g-P5,,,,X 全窗基线 · 不参与实体赏罚,8396920,840,A168_HF9F_20260827_0900,2026-08-27 09:00:00
2026-06-09,54653530,2142,0,105.6908478412,-32.9801733227,-32.9801733227,0.3333333,6,6,0.50665070000000000,0.506650700000,-0.8491533462951141,-0.8491533462951141,-0.8491533462951141,0E-17,ELIGIBLE,R03b_20260811_FULL_v1,L1_ELIGIBILITY,v2026-08-11,2026-03-21..2026-08-06,baccarat_bet02_101_all_pairs_incl_sentinel,round_win = game_pnl > 0 (decisive only),COMPATIBILITY_ONLY_NOT_PRODUCTION,53571.4227,48249.4483,483.2383,5739,5738,-0.00902045,-0.00297427,-0.01061372,-0.00902045,-483.2383,53571.4227,OK,0.0000,19.3295,4.0000,96.0000,AG03-UNRESOLVED,ALL5_LEVELS_bet23_to_bet27,19.3295,19.3295,24.1619,0.0000,0.0000,4.000000,4.000000,5.000000,0.000000,0.000000,96.000000,96.000000,95.000000,100.000000,100.000000,5.0,62.8210,60.1535,420.4173,423.0848,PENDING_AG03,FALSE,NOT_FOR_ENFORCEMENT,463.9088,46319.4703,483.2383,463.9088,19.3295,0.00902045,0.00865963,19.3295,463.9088,0.00865963,19.3295,19.3295,24.1619,0.0000,0.0000,463.9088,0.00865963,62.8210,60.1535,420.4173,423.0848,0.00784779,0.00789758,0.00036082,9.3346,8.4088,0.0842,5.5545,0.2517,615.7635,65.9540,8.3255,9.6426,5.1431,5.1891,8.2617,16.7816,25.8881,44.2602,5.1891,0.0,4.9889,8.529385,1.798876,29,193,98,2,0.20855820,0.00902045,0.00297427,0E-8,0.000000,0.900656,0.000000,0.00763944,2026-03-21,2026-08-06,87,1920,882,139,0.625899,0.863400,0.891889,0.695194,,,,,,,,GLOBAL_BASELINE_NO_ENTITY_RANKING,,,NOT_APPLICABLE_GLOBAL_BASELINE,HF9g-P5,,,,X 全窗基线 · 不参与实体赏罚,8396921,840,A168_HF9F_20260827_0900,2026-08-27 09:00:00
2026-06-09,54653530,2152,0,10.2862139018,4.8859516034,4.8859516034,1.0000000,2,2,0.50665070000000000,0.506650700000,0.9867858985152569,0.9867858985152569,0.9867858985152569,0E-17,ELIGIBLE,R03b_20260811_FULL_v1,L1_ELIGIBILITY,v2026-08-11,2026-03-21..2026-08-06,baccarat_bet02_101_all_pairs_incl_sentinel,round_win = game_pnl > 0 (decisive only),COMPATIBILITY_ONLY_NOT_PRODUCTION,53571.4227,48249.4483,483.2383,5739,5738,-0.00902045,-0.00297427,-0.01061372,-0.00902045,-483.2383,53571.4227,OK,0.0000,19.3295,4.0000,96.0000,AG03-UNRESOLVED,ALL5_LEVELS_bet23_to_bet27,19.3295,19.3295,24.1619,0.0000,0.0000,4.000000,4.000000,5.000000,0.000000,0.000000,96.000000,96.000000,95.000000,100.000000,100.000000,5.0,62.8210,60.1535,420.4173,423.0848,PENDING_AG03,FALSE,NOT_FOR_ENFORCEMENT,463.9088,46319.4703,483.2383,463.9088,19.3295,0.00902045,0.00865963,19.3295,463.9088,0.00865963,19.3295,19.3295,24.1619,0.0000,0.0000,463.9088,0.00865963,62.8210,60.1535,420.4173,423.0848,0.00784779,0.00789758,0.00036082,9.3346,8.4088,0.0842,5.5545,0.2517,615.7635,65.9540,8.3255,9.6426,5.1431,5.1891,8.2617,16.7816,25.8881,44.2602,5.1891,0.0,4.9889,8.529385,1.798876,29,193,98,2,0.20855820,0.00902045,0.00297427,0E-8,0.000000,0.900656,0.000000,0.00763944,2026-03-21,2026-08-06,87,1920,882,139,0.625899,0.863400,0.891889,0.695194,,,,,,,,GLOBAL_BASELINE_NO_ENTITY_RANKING,,,NOT_APPLICABLE_GLOBAL_BASELINE,HF9g-P5,,,,X 全窗基线 · 不参与实体赏罚,8396922,840,A168_HF9F_20260827_0900,2026-08-27 09:00:00
2026-06-09,54653530,2160,0,15.4293208527,-15.4293208527,-15.4293208527,0E-7,2,2,0.49994810000000000,0.499948100000,-1.4140667746232096,-1.4140667746232096,-1.4140667746232096,0E-17,ELIGIBLE,R03b_20260811_FULL_v1,L1_ELIGIBILITY,v2026-08-11,2026-03-21..2026-08-06,baccarat_bet02_101_all_pairs_incl_sentinel,round_win = game_pnl > 0 (decisive only),COMPATIBILITY_ONLY_NOT_PRODUCTION,53571.4227,48249.4483,483.2383,5739,5738,-0.00902045,-0.00297427,-0.01061372,-0.00902045,-483.2383,53571.4227,OK,0.0000,19.3295,4.0000,96.0000,AG03-UNRESOLVED,ALL5_LEVELS_bet23_to_bet27,19.3295,19.3295,24.1619,0.0000,0.0000,4.000000,4.000000,5.000000,0.000000,0.000000,96.000000,96.000000,95.000000,100.000000,100.000000,5.0,62.8210,60.1535,420.4173,423.0848,PENDING_AG03,FALSE,NOT_FOR_ENFORCEMENT,463.9088,46319.4703,483.2383,463.9088,19.3295,0.00902045,0.00865963,19.3295,463.9088,0.00865963,19.3295,19.3295,24.1619,0.0000,0.0000,463.9088,0.00865963,62.8210,60.1535,420.4173,423.0848,0.00784779,0.00789758,0.00036082,9.3346,8.4088,0.0842,5.5545,0.2517,615.7635,65.9540,8.3255,9.6426,5.1431,5.1891,8.2617,16.7816,25.8881,44.2602,5.1891,0.0,4.9889,8.529385,1.798876,29,193,98,2,0.20855820,0.00902045,0.00297427,0E-8,0.000000,0.900656,0.000000,0.00763944,2026-03-21,2026-08-06,87,1920,882,139,0.625899,0.863400,0.891889,0.695194,,,,,,,,GLOBAL_BASELINE_NO_ENTITY_RANKING,,,NOT_APPLICABLE_GLOBAL_BASELINE,HF9g-P5,,,,X 全窗基线 · 不参与实体赏罚,8396923,840,A168_HF9F_20260827_0900,2026-08-27 09:00:00
2026-06-09,54653530,2171,0,94.3760125491,-53.2568724766,-53.2568724766,0.3333333,9,9,0.50665070000000000,0.506650700000,-1.0399962058999468,-1.0399962058999468,-1.0399962058999468,0E-17,ELIGIBLE,R03b_20260811_FULL_v1,L1_ELIGIBILITY,v2026-08-11,2026-03-21..2026-08-06,baccarat_bet02_101_all_pairs_incl_sentinel,round_win = game_pnl > 0 (decisive only),COMPATIBILITY_ONLY_NOT_PRODUCTION,53571.4227,48249.4483,483.2383,5739,5738,-0.00902045,-0.00297427,-0.01061372,-0.00902045,-483.2383,53571.4227,OK,0.0000,19.3295,4.0000,96.0000,AG03-UNRESOLVED,ALL5_LEVELS_bet23_to_bet27,19.3295,19.3295,24.1619,0.0000,0.0000,4.000000,4.000000,5.000000,0.000000,0.000000,96.000000,96.000000,95.000000,100.000000,100.000000,5.0,62.8210,60.1535,420.4173,423.0848,PENDING_AG03,FALSE,NOT_FOR_ENFORCEMENT,463.9088,46319.4703,483.2383,463.9088,19.3295,0.00902045,0.00865963,19.3295,463.9088,0.00865963,19.3295,19.3295,24.1619,0.0000,0.0000,463.9088,0.00865963,62.8210,60.1535,420.4173,423.0848,0.00784779,0.00789758,0.00036082,9.3346,8.4088,0.0842,5.5545,0.2517,615.7635,65.9540,8.3255,9.6426,5.1431,5.1891,8.2617,16.7816,25.8881,44.2602,5.1891,0.0,4.9889,8.529385,1.798876,29,193,98,2,0.20855820,0.00902045,0.00297427,0E-8,0.000000,0.900656,0.000000,0.00763944,2026-03-21,2026-08-06,87,1920,882,139,0.625899,0.863400,0.891889,0.695194,,,,,,,,GLOBAL_BASELINE_NO_ENTITY_RANKING,,,NOT_APPLICABLE_GLOBAL_BASELINE,HF9g-P5,,,,X 全窗基线 · 不参与实体赏罚,8396924,840,A168_HF9F_20260827_0900,2026-08-27 09:00:00
2026-06-09,54653530,2174,0,89.2329055983,-58.3742638929,-58.3742638929,0.1428571,7,7,0.49899058571428571,0.498990585714,-1.884484886978507,-1.8844848869769975,-1.884484886978507,2.8571E-13,ELIGIBLE,R03b_20260811_FULL_v1,L1_ELIGIBILITY,v2026-08-11,2026-03-21..2026-08-06,baccarat_bet02_101_all_pairs_incl_sentinel,round_win = game_pnl > 0 (decisive only),COMPATIBILITY_ONLY_NOT_PRODUCTION,53571.4227,48249.4483,483.2383,5739,5738,-0.00902045,-0.00297427,-0.01061372,-0.00902045,-483.2383,53571.4227,OK,0.0000,19.3295,4.0000,96.0000,AG03-UNRESOLVED,ALL5_LEVELS_bet23_to_bet27,19.3295,19.3295,24.1619,0.0000,0.0000,4.000000,4.000000,5.000000,0.000000,0.000000,96.000000,96.000000,95.000000,100.000000,100.000000,5.0,62.8210,60.1535,420.4173,423.0848,PENDING_AG03,FALSE,NOT_FOR_ENFORCEMENT,463.9088,46319.4703,483.2383,463.9088,19.3295,0.00902045,0.00865963,19.3295,463.9088,0.00865963,19.3295,19.3295,24.1619,0.0000,0.0000,463.9088,0.00865963,62.8210,60.1535,420.4173,423.0848,0.00784779,0.00789758,0.00036082,9.3346,8.4088,0.0842,5.5545,0.2517,615.7635,65.9540,8.3255,9.6426,5.1431,5.1891,8.2617,16.7816,25.8881,44.2602,5.1891,0.0,4.9889,8.529385,1.798876,29,193,98,2,0.20855820,0.00902045,0.00297427,0E-8,0.000000,0.900656,0.000000,0.00763944,2026-03-21,2026-08-06,87,1920,882,139,0.625899,0.863400,0.891889,0.695194,,,,,,,,GLOBAL_BASELINE_NO_ENTITY_RANKING,,,NOT_APPLICABLE_GLOBAL_BASELINE,HF9g-P5,,,,X 全窗基线 · 不参与实体赏罚,8396925,840,A168_HF9F_20260827_0900,2026-08-27 09:00:00
2026-06-09,54653530,2177,0,43.9735644302,31.7458276547,31.7458276547,0.8750000,8,8,0.50665070000000000,0.506650700000,2.0838826589630113,2.0838826589630113,2.0838826589630113,0E-17,ELIGIBLE,R03b_20260811_FULL_v1,L1_ELIGIBILITY,v2026-08-11,2026-03-21..2026-08-06,baccarat_bet02_101_all_pairs_incl_sentinel,round_win = game_pnl > 0 (decisive only),COMPATIBILITY_ONLY_NOT_PRODUCTION,53571.4227,48249.4483,483.2383,5739,5738,-0.00902045,-0.00297427,-0.01061372,-0.00902045,-483.2383,53571.4227,OK,0.0000,19.3295,4.0000,96.0000,AG03-UNRESOLVED,ALL5_LEVELS_bet23_to_bet27,19.3295,19.3295,24.1619,0.0000,0.0000,4.000000,4.000000,5.000000,0.000000,0.000000,96.000000,96.000000,95.000000,100.000000,100.000000,5.0,62.8210,60.1535,420.4173,423.0848,PENDING_AG03,FALSE,NOT_FOR_ENFORCEMENT,463.9088,46319.4703,483.2383,463.9088,19.3295,0.00902045,0.00865963,19.3295,463.9088,0.00865963,19.3295,19.3295,24.1619,0.0000,0.0000,463.9088,0.00865963,62.8210,60.1535,420.4173,423.0848,0.00784779,0.00789758,0.00036082,9.3346,8.4088,0.0842,5.5545,0.2517,615.7635,65.9540,8.3255,9.6426,5.1431,5.1891,8.2617,16.7816,25.8881,44.2602,5.1891,0.0,4.9889,8.529385,1.798876,29,193,98,2,0.20855820,0.00902045,0.00297427,0E-8,0.000000,0.900656,0.000000,0.00763944,2026-03-21,2026-08-06,87,1920,882,139,0.625899,0.863400,0.891889,0.695194,,,,,,,,GLOBAL_BASELINE_NO_ENTITY_RANKING,,,NOT_APPLICABLE_GLOBAL_BASELINE,HF9g-P5,,,,X 全窗基线 · 不参与实体赏罚,8396926,840,A168_HF9F_20260827_0900,2026-08-27 09:00:00
2026-06-09,54653530,2202,0,33.6873505284,11.9448658935,11.9448658935,0.6000000,5,5,0.50665070000000000,0.506650700000,0.4175076967804994,0.4175076967804994,0.4175076967804994,0E-17,ELIGIBLE,R03b_20260811_FULL_v1,L1_ELIGIBILITY,v2026-08-11,2026-03-21..2026-08-06,baccarat_bet02_101_all_pairs_incl_sentinel,round_win = game_pnl > 0 (decisive only),COMPATIBILITY_ONLY_NOT_PRODUCTION,53571.4227,48249.4483,483.2383,5739,5738,-0.00902045,-0.00297427,-0.01061372,-0.00902045,-483.2383,53571.4227,OK,0.0000,19.3295,4.0000,96.0000,AG03-UNRESOLVED,ALL5_LEVELS_bet23_to_bet27,19.3295,19.3295,24.1619,0.0000,0.0000,4.000000,4.000000,5.000000,0.000000,0.000000,96.000000,96.000000,95.000000,100.000000,100.000000,5.0,62.8210,60.1535,420.4173,423.0848,PENDING_AG03,FALSE,NOT_FOR_ENFORCEMENT,463.9088,46319.4703,483.2383,463.9088,19.3295,0.00902045,0.00865963,19.3295,463.9088,0.00865963,19.3295,19.3295,24.1619,0.0000,0.0000,463.9088,0.00865963,62.8210,60.1535,420.4173,423.0848,0.00784779,0.00789758,0.00036082,9.3346,8.4088,0.0842,5.5545,0.2517,615.7635,65.9540,8.3255,9.6426,5.1431,5.1891,8.2617,16.7816,25.8881,44.2602,5.1891,0.0,4.9889,8.529385,1.798876,29,193,98,2,0.20855820,0.00902045,0.00297427,0E-8,0.000000,0.900656,0.000000,0.00763944,2026-03-21,2026-08-06,87,1920,882,139,0.625899,0.863400,0.891889,0.695194,,,,,,,,GLOBAL_BASELINE_NO_ENTITY_RANKING,,,NOT_APPLICABLE_GLOBAL_BASELINE,HF9g-P5,,,,X 全窗基线 · 不参与实体赏罚,8396927,840,A168_HF9F_20260827_0900,2026-08-27 09:00:00
2026-06-09,54653530,2229,0,5.1431069509,5.1431069509,5.1431069509,1.0000000,1,1,0.49324550000000000,0.493245500000,1.01360149184955,1.01360149184955,1.01360149184955,0E-17,ELIGIBLE,R03b_20260811_FULL_v1,L1_ELIGIBILITY,v2026-08-11,2026-03-21..2026-08-06,baccarat_bet02_101_all_pairs_incl_sentinel,round_win = game_pnl > 0 (decisive only),COMPATIBILITY_ONLY_NOT_PRODUCTION,53571.4227,48249.4483,483.2383,5739,5738,-0.00902045,-0.00297427,-0.01061372,-0.00902045,-483.2383,53571.4227,OK,0.0000,19.3295,4.0000,96.0000,AG03-UNRESOLVED,ALL5_LEVELS_bet23_to_bet27,19.3295,19.3295,24.1619,0.0000,0.0000,4.000000,4.000000,5.000000,0.000000,0.000000,96.000000,96.000000,95.000000,100.000000,100.000000,5.0,62.8210,60.1535,420.4173,423.0848,PENDING_AG03,FALSE,NOT_FOR_ENFORCEMENT,463.9088,46319.4703,483.2383,463.9088,19.3295,0.00902045,0.00865963,19.3295,463.9088,0.00865963,19.3295,19.3295,24.1619,0.0000,0.0000,463.9088,0.00865963,62.8210,60.1535,420.4173,423.0848,0.00784779,0.00789758,0.00036082,9.3346,8.4088,0.0842,5.5545,0.2517,615.7635,65.9540,8.3255,9.6426,5.1431,5.1891,8.2617,16.7816,25.8881,44.2602,5.1891,0.0,4.9889,8.529385,1.798876,29,193,98,2,0.20855820,0.00902045,0.00297427,0E-8,0.000000,0.900656,0.000000,0.00763944,2026-03-21,2026-08-06,87,1920,882,139,0.625899,0.863400,0.891889,0.695194,,,,,,,,GLOBAL_BASELINE_NO_ENTITY_RANKING,,,NOT_APPLICABLE_GLOBAL_BASELINE,HF9g-P5,,,,X 全窗基线 · 不参与实体赏罚,8396928,840,A168_HF9F_20260827_0900,2026-08-27 09:00:00
2026-06-09,54653530,2233,0,5.1431069509,-5.1431069509,-5.1431069509,0E-7,1,1,0.50665070000000000,0.506650700000,-1.013391052207602,-1.013391052207602,-1.013391052207602,0E-17,ELIGIBLE,R03b_20260811_FULL_v1,L1_ELIGIBILITY,v2026-08-11,2026-03-21..2026-08-06,baccarat_bet02_101_all_pairs_incl_sentinel,round_win = game_pnl > 0 (decisive only),COMPATIBILITY_ONLY_NOT_PRODUCTION,53571.4227,48249.4483,483.2383,5739,5738,-0.00902045,-0.00297427,-0.01061372,-0.00902045,-483.2383,53571.4227,OK,0.0000,19.3295,4.0000,96.0000,AG03-UNRESOLVED,ALL5_LEVELS_bet23_to_bet27,19.3295,19.3295,24.1619,0.0000,0.0000,4.000000,4.000000,5.000000,0.000000,0.000000,96.000000,96.000000,95.000000,100.000000,100.000000,5.0,62.8210,60.1535,420.4173,423.0848,PENDING_AG03,FALSE,NOT_FOR_ENFORCEMENT,463.9088,46319.4703,483.2383,463.9088,19.3295,0.00902045,0.00865963,19.3295,463.9088,0.00865963,19.3295,19.3295,24.1619,0.0000,0.0000,463.9088,0.00865963,62.8210,60.1535,420.4173,423.0848,0.00784779,0.00789758,0.00036082,9.3346,8.4088,0.0842,5.5545,0.2517,615.7635,65.9540,8.3255,9.6426,5.1431,5.1891,8.2617,16.7816,25.8881,44.2602,5.1891,0.0,4.9889,8.529385,1.798876,29,193,98,2,0.20855820,0.00902045,0.00297427,0E-8,0.000000,0.900656,0.000000,0.00763944,2026-03-21,2026-08-06,87,1920,882,139,0.625899,0.863400,0.891889,0.695194,,,,,,,,GLOBAL_BASELINE_NO_ENTITY_RANKING,,,NOT_APPLICABLE_GLOBAL_BASELINE,HF9g-P5,,,,X 全窗基线 · 不参与实体赏罚,8396929,840,A168_HF9F_20260827_0900,2026-08-27 09:00:00
2026-06-09,54653530,2252,0,36.0017486563,-25.9726901020,-25.9726901020,0.3333333,3,3,0.50665070000000000,0.506650700000,-0.6004420894325239,-0.6004420894325239,-0.6004420894325239,0E-17,ELIGIBLE,R03b_20260811_FULL_v1,L1_ELIGIBILITY,v2026-08-11,2026-03-21..2026-08-06,baccarat_bet02_101_all_pairs_incl_sentinel,round_win = game_pnl > 0 (decisive only),COMPATIBILITY_ONLY_NOT_PRODUCTION,53571.4227,48249.4483,483.2383,5739,5738,-0.00902045,-0.00297427,-0.01061372,-0.00902045,-483.2383,53571.4227,OK,0.0000,19.3295,4.0000,96.0000,AG03-UNRESOLVED,ALL5_LEVELS_bet23_to_bet27,19.3295,19.3295,24.1619,0.0000,0.0000,4.000000,4.000000,5.000000,0.000000,0.000000,96.000000,96.000000,95.000000,100.000000,100.000000,5.0,62.8210,60.1535,420.4173,423.0848,PENDING_AG03,FALSE,NOT_FOR_ENFORCEMENT,463.9088,46319.4703,483.2383,463.9088,19.3295,0.00902045,0.00865963,19.3295,463.9088,0.00865963,19.3295,19.3295,24.1619,0.0000,0.0000,463.9088,0.00865963,62.8210,60.1535,420.4173,423.0848,0.00784779,0.00789758,0.00036082,9.3346,8.4088,0.0842,5.5545,0.2517,615.7635,65.9540,8.3255,9.6426,5.1431,5.1891,8.2617,16.7816,25.8881,44.2602,5.1891,0.0,4.9889,8.529385,1.798876,29,193,98,2,0.20855820,0.00902045,0.00297427,0E-8,0.000000,0.900656,0.000000,0.00763944,2026-03-21,2026-08-06,87,1920,882,139,0.625899,0.863400,0.891889,0.695194,,,,,,,,GLOBAL_BASELINE_NO_ENTITY_RANKING,,,NOT_APPLICABLE_GLOBAL_BASELINE,HF9g-P5,,,,X 全窗基线 · 不参与实体赏罚,8396930,840,A168_HF9F_20260827_0900,2026-08-27 09:00:00
2026-06-09,54653530,2276,0,28.2870882300,-28.2870882300,-28.2870882300,0E-7,3,3,0.49771390000000000,0.497713900000,-1.724149546644903,-1.724149546644903,-1.724149546644903,0E-17,ELIGIBLE,R03b_20260811_FULL_v1,L1_ELIGIBILITY,v2026-08-11,2026-03-21..2026-08-06,baccarat_bet02_101_all_pairs_incl_sentinel,round_win = game_pnl > 0 (decisive only),COMPATIBILITY_ONLY_NOT_PRODUCTION,53571.4227,48249.4483,483.2383,5739,5738,-0.00902045,-0.00297427,-0.01061372,-0.00902045,-483.2383,53571.4227,OK,0.0000,19.3295,4.0000,96.0000,AG03-UNRESOLVED,ALL5_LEVELS_bet23_to_bet27,19.3295,19.3295,24.1619,0.0000,0.0000,4.000000,4.000000,5.000000,0.000000,0.000000,96.000000,96.000000,95.000000,100.000000,100.000000,5.0,62.8210,60.1535,420.4173,423.0848,PENDING_AG03,FALSE,NOT_FOR_ENFORCEMENT,463.9088,46319.4703,483.2383,463.9088,19.3295,0.00902045,0.00865963,19.3295,463.9088,0.00865963,19.3295,19.3295,24.1619,0.0000,0.0000,463.9088,0.00865963,62.8210,60.1535,420.4173,423.0848,0.00784779,0.00789758,0.00036082,9.3346,8.4088,0.0842,5.5545,0.2517,615.7635,65.9540,8.3255,9.6426,5.1431,5.1891,8.2617,16.7816,25.8881,44.2602,5.1891,0.0,4.9889,8.529385,1.798876,29,193,98,2,0.20855820,0.00902045,0.00297427,0E-8,0.000000,0.900656,0.000000,0.00763944,2026-03-21,2026-08-06,87,1920,882,139,0.625899,0.863400,0.891889,0.695194,,,,,,,,GLOBAL_BASELINE_NO_ENTITY_RANKING,,,NOT_APPLICABLE_GLOBAL_BASELINE,HF9g-P5,,,,X 全窗基线 · 不参与实体赏罚,8396931,840,A168_HF9F_20260827_0900,2026-08-27 09:00:00
2026-06-09,54653530,2281,0,26.2298454496,7.3160696377,7.3160696377,0.6666667,4,4,0.50665070000000000,0.506650700000,0.5543606114942035,0.5543606114942035,0.5543606114942035,0E-17,ELIGIBLE,R03b_20260811_FULL_v1,L1_ELIGIBILITY,v2026-08-11,2026-03-21..2026-08-06,baccarat_bet02_101_all_pairs_incl_sentinel,round_win = game_pnl > 0 (decisive only),COMPATIBILITY_ONLY_NOT_PRODUCTION,53571.4227,48249.4483,483.2383,5739,5738,-0.00902045,-0.00297427,-0.01061372,-0.00902045,-483.2383,53571.4227,OK,0.0000,19.3295,4.0000,96.0000,AG03-UNRESOLVED,ALL5_LEVELS_bet23_to_bet27,19.3295,19.3295,24.1619,0.0000,0.0000,4.000000,4.000000,5.000000,0.000000,0.000000,96.000000,96.000000,95.000000,100.000000,100.000000,5.0,62.8210,60.1535,420.4173,423.0848,PENDING_AG03,FALSE,NOT_FOR_ENFORCEMENT,463.9088,46319.4703,483.2383,463.9088,19.3295,0.00902045,0.00865963,19.3295,463.9088,0.00865963,19.3295,19.3295,24.1619,0.0000,0.0000,463.9088,0.00865963,62.8210,60.1535,420.4173,423.0848,0.00784779,0.00789758,0.00036082,9.3346,8.4088,0.0842,5.5545,0.2517,615.7635,65.9540,8.3255,9.6426,5.1431,5.1891,8.2617,16.7816,25.8881,44.2602,5.1891,0.0,4.9889,8.529385,1.798876,29,193,98,2,0.20855820,0.00902045,0.00297427,0E-8,0.000000,0.900656,0.000000,0.00763944,2026-03-21,2026-08-06,87,1920,882,139,0.625899,0.863400,0.891889,0.695194,,,,,,,,GLOBAL_BASELINE_NO_ENTITY_RANKING,,,NOT_APPLICABLE_GLOBAL_BASELINE,HF9g-P5,,,,X 全窗基线 · 不参与实体赏罚,8396932,840,A168_HF9F_20260827_0900,2026-08-27 09:00:00
2026-06-09,54653530,595,0,23.1439812791,12.6006120298,12.6006120298,0.7500000,4,4,0.49659680000000000,0.496596800000,1.0136362796769356,1.0136362796769358,1.0136362796769356,0E-17,ELIGIBLE,R03b_20260811_FULL_v1,L1_ELIGIBILITY,v2026-08-11,2026-03-21..2026-08-06,baccarat_bet02_101_all_pairs_incl_sentinel,round_win = game_pnl > 0 (decisive only),COMPATIBILITY_ONLY_NOT_PRODUCTION,53571.4227,48249.4483,483.2383,5739,5738,-0.00902045,-0.00297427,-0.01061372,-0.00902045,-483.2383,53571.4227,OK,0.0000,19.3295,4.0000,96.0000,AG03-UNRESOLVED,ALL5_LEVELS_bet23_to_bet27,19.3295,19.3295,24.1619,0.0000,0.0000,4.000000,4.000000,5.000000,0.000000,0.000000,96.000000,96.000000,95.000000,100.000000,100.000000,5.0,62.8210,60.1535,420.4173,423.0848,PENDING_AG03,FALSE,NOT_FOR_ENFORCEMENT,463.9088,46319.4703,483.2383,463.9088,19.3295,0.00902045,0.00865963,19.3295,463.9088,0.00865963,19.3295,19.3295,24.1619,0.0000,0.0000,463.9088,0.00865963,62.8210,60.1535,420.4173,423.0848,0.00784779,0.00789758,0.00036082,9.3346,8.4088,0.0842,5.5545,0.2517,615.7635,65.9540,8.3255,9.6426,5.1431,5.1891,8.2617,16.7816,25.8881,44.2602,5.1891,0.0,4.9889,8.529385,1.798876,29,193,98,2,0.20855820,0.00902045,0.00297427,0E-8,0.000000,0.900656,0.000000,0.00763944,2026-03-21,2026-08-06,87,1920,882,139,0.625899,0.863400,0.891889,0.695194,,,,,,,,GLOBAL_BASELINE_NO_ENTITY_RANKING,,,NOT_APPLICABLE_GLOBAL_BASELINE,HF9g-P5,,,,X 全窗基线 · 不参与实体赏罚,8396933,840,A168_HF9F_20260827_0900,2026-08-27 09:00:00
2026-06-09,54653530,763,0,12.8577673773,12.2148790084,12.2148790084,1.0000000,2,2,0.50665070000000000,0.506650700000,1.3955260008387969,1.3955260008387969,1.3955260008387969,0E-17,ELIGIBLE,R03b_20260811_FULL_v1,L1_ELIGIBILITY,v2026-08-11,2026-03-21..2026-08-06,baccarat_bet02_101_all_pairs_incl_sentinel,round_win = game_pnl > 0 (decisive only),COMPATIBILITY_ONLY_NOT_PRODUCTION,53571.4227,48249.4483,483.2383,5739,5738,-0.00902045,-0.00297427,-0.01061372,-0.00902045,-483.2383,53571.4227,OK,0.0000,19.3295,4.0000,96.0000,AG03-UNRESOLVED,ALL5_LEVELS_bet23_to_bet27,19.3295,19.3295,24.1619,0.0000,0.0000,4.000000,4.000000,5.000000,0.000000,0.000000,96.000000,96.000000,95.000000,100.000000,100.000000,5.0,62.8210,60.1535,420.4173,423.0848,PENDING_AG03,FALSE,NOT_FOR_ENFORCEMENT,463.9088,46319.4703,483.2383,463.9088,19.3295,0.00902045,0.00865963,19.3295,463.9088,0.00865963,19.3295,19.3295,24.1619,0.0000,0.0000,463.9088,0.00865963,62.8210,60.1535,420.4173,423.0848,0.00784779,0.00789758,0.00036082,9.3346,8.4088,0.0842,5.5545,0.2517,615.7635,65.9540,8.3255,9.6426,5.1431,5.1891,8.2617,16.7816,25.8881,44.2602,5.1891,0.0,4.9889,8.529385,1.798876,29,193,98,2,0.20855820,0.00902045,0.00297427,0E-8,0.000000,0.900656,0.000000,0.00763944,2026-03-21,2026-08-06,87,1920,882,139,0.625899,0.863400,0.891889,0.695194,,,,,,,,GLOBAL_BASELINE_NO_ENTITY_RANKING,,,NOT_APPLICABLE_GLOBAL_BASELINE,HF9g-P5,,,,X 全窗基线 · 不参与实体赏罚,8396934,840,A168_HF9F_20260827_0900,2026-08-27 09:00:00
2026-06-09,54653530,986,0,121.1201686938,-27.3484712114,-27.3484712114,0.3571429,14,14,0.50665070000000000,0.506650700000,-1.118913236709204,-1.118913236709204,-1.118913236709204,0E-17,ELIGIBLE,R03b_20260811_FULL_v1,L1_ELIGIBILITY,v2026-08-11,2026-03-21..2026-08-06,baccarat_bet02_101_all_pairs_incl_sentinel,round_win = game_pnl > 0 (decisive only),COMPATIBILITY_ONLY_NOT_PRODUCTION,53571.4227,48249.4483,483.2383,5739,5738,-0.00902045,-0.00297427,-0.01061372,-0.00902045,-483.2383,53571.4227,OK,0.0000,19.3295,4.0000,96.0000,AG03-UNRESOLVED,ALL5_LEVELS_bet23_to_bet27,19.3295,19.3295,24.1619,0.0000,0.0000,4.000000,4.000000,5.000000,0.000000,0.000000,96.000000,96.000000,95.000000,100.000000,100.000000,5.0,62.8210,60.1535,420.4173,423.0848,PENDING_AG03,FALSE,NOT_FOR_ENFORCEMENT,463.9088,46319.4703,483.2383,463.9088,19.3295,0.00902045,0.00865963,19.3295,463.9088,0.00865963,19.3295,19.3295,24.1619,0.0000,0.0000,463.9088,0.00865963,62.8210,60.1535,420.4173,423.0848,0.00784779,0.00789758,0.00036082,9.3346,8.4088,0.0842,5.5545,0.2517,615.7635,65.9540,8.3255,9.6426,5.1431,5.1891,8.2617,16.7816,25.8881,44.2602,5.1891,0.0,4.9889,8.529385,1.798876,29,193,98,2,0.20855820,0.00902045,0.00297427,0E-8,0.000000,0.900656,0.000000,0.00763944,2026-03-21,2026-08-06,87,1920,882,139,0.625899,0.863400,0.891889,0.695194,,,,,,,,GLOBAL_BASELINE_NO_ENTITY_RANKING,,,NOT_APPLICABLE_GLOBAL_BASELINE,HF9g-P5,,,,X 全窗基线 · 不参与实体赏罚,8396935,840,A168_HF9F_20260827_0900,2026-08-27 09:00:00
2026-06-10,54653530,-1,1,221.1535988892,-36.2846195385,-36.2846195385,0.3333333,20,20,0.49994810000000000,0.499948100000,-1.4137731838860794,-1.413773183886079,-1.4137731838860794,0E-17,SENTINEL_DEALER,R03b_20260811_FULL_v1,L1_ELIGIBILITY,v2026-08-11,2026-03-21..2026-08-06,baccarat_bet02_101_all_pairs_incl_sentinel,round_win = game_pnl > 0 (decisive only),COMPATIBILITY_ONLY_NOT_PRODUCTION,53571.4227,48249.4483,483.2383,5739,5738,-0.00902045,-0.00297427,-0.01061372,-0.00902045,-483.2383,53571.4227,OK,0.0000,19.3295,4.0000,96.0000,AG03-UNRESOLVED,ALL5_LEVELS_bet23_to_bet27,19.3295,19.3295,24.1619,0.0000,0.0000,4.000000,4.000000,5.000000,0.000000,0.000000,96.000000,96.000000,95.000000,100.000000,100.000000,5.0,62.8210,60.1535,420.4173,423.0848,PENDING_AG03,FALSE,NOT_FOR_ENFORCEMENT,463.9088,46319.4703,483.2383,463.9088,19.3295,0.00902045,0.00865963,19.3295,463.9088,0.00865963,19.3295,19.3295,24.1619,0.0000,0.0000,463.9088,0.00865963,62.8210,60.1535,420.4173,423.0848,0.00784779,0.00789758,0.00036082,9.3346,8.4088,0.0842,5.5545,0.2517,615.7635,65.9540,8.3255,9.6426,5.1431,5.1891,8.2617,16.7816,25.8881,44.2602,5.1891,0.0,4.9889,8.529385,1.798876,29,193,98,2,0.20855820,0.00902045,0.00297427,0E-8,0.000000,0.900656,0.000000,0.00763944,2026-03-21,2026-08-06,87,1920,882,139,0.625899,0.863400,0.891889,0.695194,,,,,,,,GLOBAL_BASELINE_NO_ENTITY_RANKING,,,NOT_APPLICABLE_GLOBAL_BASELINE,HF9g-P5,,,,X 全窗基线 · 不参与实体赏罚,8396936,840,A168_HF9F_20260827_0900,2026-08-27 09:00:00
2026-06-10,54653530,1094,0,30.8586417054,9.2575925117,9.2575925117,0.5000000,2,2,0.50665070000000000,0.506650700000,-0.018812684590367487,-0.018812684590367487,-0.018812684590367487,0E-17,ELIGIBLE,R03b_20260811_FULL_v1,L1_ELIGIBILITY,v2026-08-11,2026-03-21..2026-08-06,baccarat_bet02_101_all_pairs_incl_sentinel,round_win = game_pnl > 0 (decisive only),COMPATIBILITY_ONLY_NOT_PRODUCTION,53571.4227,48249.4483,483.2383,5739,5738,-0.00902045,-0.00297427,-0.01061372,-0.00902045,-483.2383,53571.4227,OK,0.0000,19.3295,4.0000,96.0000,AG03-UNRESOLVED,ALL5_LEVELS_bet23_to_bet27,19.3295,19.3295,24.1619,0.0000,0.0000,4.000000,4.000000,5.000000,0.000000,0.000000,96.000000,96.000000,95.000000,100.000000,100.000000,5.0,62.8210,60.1535,420.4173,423.0848,PENDING_AG03,FALSE,NOT_FOR_ENFORCEMENT,463.9088,46319.4703,483.2383,463.9088,19.3295,0.00902045,0.00865963,19.3295,463.9088,0.00865963,19.3295,19.3295,24.1619,0.0000,0.0000,463.9088,0.00865963,62.8210,60.1535,420.4173,423.0848,0.00784779,0.00789758,0.00036082,9.3346,8.4088,0.0842,5.5545,0.2517,615.7635,65.9540,8.3255,9.6426,5.1431,5.1891,8.2617,16.7816,25.8881,44.2602,5.1891,0.0,4.9889,8.529385,1.798876,29,193,98,2,0.20855820,0.00902045,0.00297427,0E-8,0.000000,0.900656,0.000000,0.00763944,2026-03-21,2026-08-06,87,1920,882,139,0.625899,0.863400,0.891889,0.695194,,,,,,,,GLOBAL_BASELINE_NO_ENTITY_RANKING,,,NOT_APPLICABLE_GLOBAL_BASELINE,HF9g-P5,,,,X 全窗基线 · 不参与实体赏罚,8396937,840,A168_HF9F_20260827_0900,2026-08-27 09:00:00
2026-06-10,54653530,1157,0,45.5164965155,2.5201224060,2.5201224060,0.3333333,4,4,0.50665070000000000,0.506650700000,-0.6004420894325239,-0.6004420894325239,-0.6004420894325239,0E-17,ELIGIBLE,R03b_20260811_FULL_v1,L1_ELIGIBILITY,v2026-08-11,2026-03-21..2026-08-06,baccarat_bet02_101_all_pairs_incl_sentinel,round_win = game_pnl > 0 (decisive only),COMPATIBILITY_ONLY_NOT_PRODUCTION,53571.4227,48249.4483,483.2383,5739,5738,-0.00902045,-0.00297427,-0.01061372,-0.00902045,-483.2383,53571.4227,OK,0.0000,19.3295,4.0000,96.0000,AG03-UNRESOLVED,ALL5_LEVELS_bet23_to_bet27,19.3295,19.3295,24.1619,0.0000,0.0000,4.000000,4.000000,5.000000,0.000000,0.000000,96.000000,96.000000,95.000000,100.000000,100.000000,5.0,62.8210,60.1535,420.4173,423.0848,PENDING_AG03,FALSE,NOT_FOR_ENFORCEMENT,463.9088,46319.4703,483.2383,463.9088,19.3295,0.00902045,0.00865963,19.3295,463.9088,0.00865963,19.3295,19.3295,24.1619,0.0000,0.0000,463.9088,0.00865963,62.8210,60.1535,420.4173,423.0848,0.00784779,0.00789758,0.00036082,9.3346,8.4088,0.0842,5.5545,0.2517,615.7635,65.9540,8.3255,9.6426,5.1431,5.1891,8.2617,16.7816,25.8881,44.2602,5.1891,0.0,4.9889,8.529385,1.798876,29,193,98,2,0.20855820,0.00902045,0.00297427,0E-8,0.000000,0.900656,0.000000,0.00763944,2026-03-21,2026-08-06,87,1920,882,139,0.625899,0.863400,0.891889,0.695194,,,,,,,,GLOBAL_BASELINE_NO_ENTITY_RANKING,,,NOT_APPLICABLE_GLOBAL_BASELINE,HF9g-P5,,,,X 全窗基线 · 不参与实体赏罚,8396938,840,A168_HF9F_20260827_0900,2026-08-27 09:00:00
2026-06-10,54653530,1220,0,12.8577673773,2.1858204541,2.1858204541,0.5000000,2,2,0.49994810000000000,0.499948100000,0.00014679536856514622,0.00014679536856514622,0.00014679536856514622,0E-17,ELIGIBLE,R03b_20260811_FULL_v1,L1_ELIGIBILITY,v2026-08-11,2026-03-21..2026-08-06,baccarat_bet02_101_all_pairs_incl_sentinel,round_win = game_pnl > 0 (decisive only),COMPATIBILITY_ONLY_NOT_PRODUCTION,53571.4227,48249.4483,483.2383,5739,5738,-0.00902045,-0.00297427,-0.01061372,-0.00902045,-483.2383,53571.4227,OK,0.0000,19.3295,4.0000,96.0000,AG03-UNRESOLVED,ALL5_LEVELS_bet23_to_bet27,19.3295,19.3295,24.1619,0.0000,0.0000,4.000000,4.000000,5.000000,0.000000,0.000000,96.000000,96.000000,95.000000,100.000000,100.000000,5.0,62.8210,60.1535,420.4173,423.0848,PENDING_AG03,FALSE,NOT_FOR_ENFORCEMENT,463.9088,46319.4703,483.2383,463.9088,19.3295,0.00902045,0.00865963,19.3295,463.9088,0.00865963,19.3295,19.3295,24.1619,0.0000,0.0000,463.9088,0.00865963,62.8210,60.1535,420.4173,423.0848,0.00784779,0.00789758,0.00036082,9.3346,8.4088,0.0842,5.5545,0.2517,615.7635,65.9540,8.3255,9.6426,5.1431,5.1891,8.2617,16.7816,25.8881,44.2602,5.1891,0.0,4.9889,8.529385,1.798876,29,193,98,2,0.20855820,0.00902045,0.00297427,0E-8,0.000000,0.900656,0.000000,0.00763944,2026-03-21,2026-08-06,87,1920,882,139,0.625899,0.863400,0.891889,0.695194,,,,,,,,GLOBAL_BASELINE_NO_ENTITY_RANKING,,,NOT_APPLICABLE_GLOBAL_BASELINE,HF9g-P5,,,,X 全窗基线 · 不参与实体赏罚,8396939,840,A168_HF9F_20260827_0900,2026-08-27 09:00:00
2026-06-10,54653530,1299,0,20.5724278037,2.5715534755,2.5715534755,0.5000000,3,3,0.49324550000000000,0.493245500000,0.01910635448239258,0.01910635448239258,0.01910635448239258,0E-17,ELIGIBLE,R03b_20260811_FULL_v1,L1_ELIGIBILITY,v2026-08-11,2026-03-21..2026-08-06,baccarat_bet02_101_all_pairs_incl_sentinel,round_win = game_pnl > 0 (decisive only),COMPATIBILITY_ONLY_NOT_PRODUCTION,53571.4227,48249.4483,483.2383,5739,5738,-0.00902045,-0.00297427,-0.01061372,-0.00902045,-483.2383,53571.4227,OK,0.0000,19.3295,4.0000,96.0000,AG03-UNRESOLVED,ALL5_LEVELS_bet23_to_bet27,19.3295,19.3295,24.1619,0.0000,0.0000,4.000000,4.000000,5.000000,0.000000,0.000000,96.000000,96.000000,95.000000,100.000000,100.000000,5.0,62.8210,60.1535,420.4173,423.0848,PENDING_AG03,FALSE,NOT_FOR_ENFORCEMENT,463.9088,46319.4703,483.2383,463.9088,19.3295,0.00902045,0.00865963,19.3295,463.9088,0.00865963,19.3295,19.3295,24.1619,0.0000,0.0000,463.9088,0.00865963,62.8210,60.1535,420.4173,423.0848,0.00784779,0.00789758,0.00036082,9.3346,8.4088,0.0842,5.5545,0.2517,615.7635,65.9540,8.3255,9.6426,5.1431,5.1891,8.2617,16.7816,25.8881,44.2602,5.1891,0.0,4.9889,8.529385,1.798876,29,193,98,2,0.20855820,0.00902045,0.00297427,0E-8,0.000000,0.900656,0.000000,0.00763944,2026-03-21,2026-08-06,87,1920,882,139,0.625899,0.863400,0.891889,0.695194,,,,,,,,GLOBAL_BASELINE_NO_ENTITY_RANKING,,,NOT_APPLICABLE_GLOBAL_BASELINE,HF9g-P5,,,,X 全窗基线 · 不参与实体赏罚,8396940,840,A168_HF9F_20260827_0900,2026-08-27 09:00:00
2026-06-10,54653530,1306,0,84.0897986474,6.4288836886,6.4288836886,0.3333333,6,6,0.50441650000000000,0.504416500000,-0.838165622096103,-0.838165622096103,-0.838165622096103,0E-17,ELIGIBLE,R03b_20260811_FULL_v1,L1_ELIGIBILITY,v2026-08-11,2026-03-21..2026-08-06,baccarat_bet02_101_all_pairs_incl_sentinel,round_win = game_pnl > 0 (decisive only),COMPATIBILITY_ONLY_NOT_PRODUCTION,53571.4227,48249.4483,483.2383,5739,5738,-0.00902045,-0.00297427,-0.01061372,-0.00902045,-483.2383,53571.4227,OK,0.0000,19.3295,4.0000,96.0000,AG03-UNRESOLVED,ALL5_LEVELS_bet23_to_bet27,19.3295,19.3295,24.1619,0.0000,0.0000,4.000000,4.000000,5.000000,0.000000,0.000000,96.000000,96.000000,95.000000,100.000000,100.000000,5.0,62.8210,60.1535,420.4173,423.0848,PENDING_AG03,FALSE,NOT_FOR_ENFORCEMENT,463.9088,46319.4703,483.2383,463.9088,19.3295,0.00902045,0.00865963,19.3295,463.9088,0.00865963,19.3295,19.3295,24.1619,0.0000,0.0000,463.9088,0.00865963,62.8210,60.1535,420.4173,423.0848,0.00784779,0.00789758,0.00036082,9.3346,8.4088,0.0842,5.5545,0.2517,615.7635,65.9540,8.3255,9.6426,5.1431,5.1891,8.2617,16.7816,25.8881,44.2602,5.1891,0.0,4.9889,8.529385,1.798876,29,193,98,2,0.20855820,0.00902045,0.00297427,0E-8,0.000000,0.900656,0.000000,0.00763944,2026-03-21,2026-08-06,87,1920,882,139,0.625899,0.863400,0.891889,0.695194,,,,,,,,GLOBAL_BASELINE_NO_ENTITY_RANKING,,,NOT_APPLICABLE_GLOBAL_BASELINE,HF9g-P5,,,,X 全窗基线 · 不参与实体赏罚,8396941,840,A168_HF9F_20260827_0900,2026-08-27 09:00:00
2026-06-10,54653530,1307,0,193.6379767017,63.7359528892,63.7359528892,0.6296296,30,30,0.49682022000000000,0.496820220000,1.380223782380357,1.380223782380357,1.380223782380357,0E-17,ELIGIBLE,R03b_20260811_FULL_v1,L1_ELIGIBILITY,v2026-08-11,2026-03-21..2026-08-06,baccarat_bet02_101_all_pairs_incl_sentinel,round_win = game_pnl > 0 (decisive only),COMPATIBILITY_ONLY_NOT_PRODUCTION,53571.4227,48249.4483,483.2383,5739,5738,-0.00902045,-0.00297427,-0.01061372,-0.00902045,-483.2383,53571.4227,OK,0.0000,19.3295,4.0000,96.0000,AG03-UNRESOLVED,ALL5_LEVELS_bet23_to_bet27,19.3295,19.3295,24.1619,0.0000,0.0000,4.000000,4.000000,5.000000,0.000000,0.000000,96.000000,96.000000,95.000000,100.000000,100.000000,5.0,62.8210,60.1535,420.4173,423.0848,PENDING_AG03,FALSE,NOT_FOR_ENFORCEMENT,463.9088,46319.4703,483.2383,463.9088,19.3295,0.00902045,0.00865963,19.3295,463.9088,0.00865963,19.3295,19.3295,24.1619,0.0000,0.0000,463.9088,0.00865963,62.8210,60.1535,420.4173,423.0848,0.00784779,0.00789758,0.00036082,9.3346,8.4088,0.0842,5.5545,0.2517,615.7635,65.9540,8.3255,9.6426,5.1431,5.1891,8.2617,16.7816,25.8881,44.2602,5.1891,0.0,4.9889,8.529385,1.798876,29,193,98,2,0.20855820,0.00902045,0.00297427,0E-8,0.000000,0.900656,0.000000,0.00763944,2026-03-21,2026-08-06,87,1920,882,139,0.625899,0.863400,0.891889,0.695194,,,,,,,,GLOBAL_BASELINE_NO_ENTITY_RANKING,,,NOT_APPLICABLE_GLOBAL_BASELINE,HF9g-P5,,,,X 全窗基线 · 不参与实体赏罚,8396942,840,A168_HF9F_20260827_0900,2026-08-27 09:00:00
2026-06-10,54653530,1318,0,139.1210430221,-22.5525239795,-22.5525239795,0.4285714,17,17,0.50428507647058824,0.504285076471,-0.5666098683102971,-0.5666098683133826,-0.5666098683102971,-4.1176E-13,ELIGIBLE,R03b_20260811_FULL_v1,L1_ELIGIBILITY,v2026-08-11,2026-03-21..2026-08-06,baccarat_bet02_101_all_pairs_incl_sentinel,round_win = game_pnl > 0 (decisive only),COMPATIBILITY_ONLY_NOT_PRODUCTION,53571.4227,48249.4483,483.2383,5739,5738,-0.00902045,-0.00297427,-0.01061372,-0.00902045,-483.2383,53571.4227,OK,0.0000,19.3295,4.0000,96.0000,AG03-UNRESOLVED,ALL5_LEVELS_bet23_to_bet27,19.3295,19.3295,24.1619,0.0000,0.0000,4.000000,4.000000,5.000000,0.000000,0.000000,96.000000,96.000000,95.000000,100.000000,100.000000,5.0,62.8210,60.1535,420.4173,423.0848,PENDING_AG03,FALSE,NOT_FOR_ENFORCEMENT,463.9088,46319.4703,483.2383,463.9088,19.3295,0.00902045,0.00865963,19.3295,463.9088,0.00865963,19.3295,19.3295,24.1619,0.0000,0.0000,463.9088,0.00865963,62.8210,60.1535,420.4173,423.0848,0.00784779,0.00789758,0.00036082,9.3346,8.4088,0.0842,5.5545,0.2517,615.7635,65.9540,8.3255,9.6426,5.1431,5.1891,8.2617,16.7816,25.8881,44.2602,5.1891,0.0,4.9889,8.529385,1.798876,29,193,98,2,0.20855820,0.00902045,0.00297427,0E-8,0.000000,0.900656,0.000000,0.00763944,2026-03-21,2026-08-06,87,1920,882,139,0.625899,0.863400,0.891889,0.695194,,,,,,,,GLOBAL_BASELINE_NO_ENTITY_RANKING,,,NOT_APPLICABLE_GLOBAL_BASELINE,HF9g-P5,,,,X 全窗基线 · 不参与实体赏罚,8396943,840,A168_HF9F_20260827_0900,2026-08-27 09:00:00
2026-06-10,54653530,1323,0,154.2932085272,4.1659166303,4.1659166303,0.3333333,9,9,0.50665070000000000,0.506650700000,-1.0399962058999468,-1.0399962058999468,-1.0399962058999468,0E-17,ELIGIBLE,R03b_20260811_FULL_v1,L1_ELIGIBILITY,v2026-08-11,2026-03-21..2026-08-06,baccarat_bet02_101_all_pairs_incl_sentinel,round_win = game_pnl > 0 (decisive only),COMPATIBILITY_ONLY_NOT_PRODUCTION,53571.4227,48249.4483,483.2383,5739,5738,-0.00902045,-0.00297427,-0.01061372,-0.00902045,-483.2383,53571.4227,OK,0.0000,19.3295,4.0000,96.0000,AG03-UNRESOLVED,ALL5_LEVELS_bet23_to_bet27,19.3295,19.3295,24.1619,0.0000,0.0000,4.000000,4.000000,5.000000,0.000000,0.000000,96.000000,96.000000,95.000000,100.000000,100.000000,5.0,62.8210,60.1535,420.4173,423.0848,PENDING_AG03,FALSE,NOT_FOR_ENFORCEMENT,463.9088,46319.4703,483.2383,463.9088,19.3295,0.00902045,0.00865963,19.3295,463.9088,0.00865963,19.3295,19.3295,24.1619,0.0000,0.0000,463.9088,0.00865963,62.8210,60.1535,420.4173,423.0848,0.00784779,0.00789758,0.00036082,9.3346,8.4088,0.0842,5.5545,0.2517,615.7635,65.9540,8.3255,9.6426,5.1431,5.1891,8.2617,16.7816,25.8881,44.2602,5.1891,0.0,4.9889,8.529385,1.798876,29,193,98,2,0.20855820,0.00902045,0.00297427,0E-8,0.000000,0.900656,0.000000,0.00763944,2026-03-21,2026-08-06,87,1920,882,139,0.625899,0.863400,0.891889,0.695194,,,,,,,,GLOBAL_BASELINE_NO_ENTITY_RANKING,,,NOT_APPLICABLE_GLOBAL_BASELINE,HF9g-P5,,,,X 全窗基线 · 不参与实体赏罚,8396944,840,A168_HF9F_20260827_0900,2026-08-27 09:00:00
2026-06-10,54653530,1325,0,460.0509167590,-51.7653714610,-51.7653714610,0.4090909,25,25,0.50396966000000000,0.503969660000,-0.8900696293061656,-0.8900696293061656,-0.8900696293061656,0E-17,ELIGIBLE,R03b_20260811_FULL_v1,L1_ELIGIBILITY,v2026-08-11,2026-03-21..2026-08-06,baccarat_bet02_101_all_pairs_incl_sentinel,round_win = game_pnl > 0 (decisive only),COMPATIBILITY_ONLY_NOT_PRODUCTION,53571.4227,48249.4483,483.2383,5739,5738,-0.00902045,-0.00297427,-0.01061372,-0.00902045,-483.2383,53571.4227,OK,0.0000,19.3295,4.0000,96.0000,AG03-UNRESOLVED,ALL5_LEVELS_bet23_to_bet27,19.3295,19.3295,24.1619,0.0000,0.0000,4.000000,4.000000,5.000000,0.000000,0.000000,96.000000,96.000000,95.000000,100.000000,100.000000,5.0,62.8210,60.1535,420.4173,423.0848,PENDING_AG03,FALSE,NOT_FOR_ENFORCEMENT,463.9088,46319.4703,483.2383,463.9088,19.3295,0.00902045,0.00865963,19.3295,463.9088,0.00865963,19.3295,19.3295,24.1619,0.0000,0.0000,463.9088,0.00865963,62.8210,60.1535,420.4173,423.0848,0.00784779,0.00789758,0.00036082,9.3346,8.4088,0.0842,5.5545,0.2517,615.7635,65.9540,8.3255,9.6426,5.1431,5.1891,8.2617,16.7816,25.8881,44.2602,5.1891,0.0,4.9889,8.529385,1.798876,29,193,98,2,0.20855820,0.00902045,0.00297427,0E-8,0.000000,0.900656,0.000000,0.00763944,2026-03-21,2026-08-06,87,1920,882,139,0.625899,0.863400,0.891889,0.695194,,,,,,,,GLOBAL_BASELINE_NO_ENTITY_RANKING,,,NOT_APPLICABLE_GLOBAL_BASELINE,HF9g-P5,,,,X 全窗基线 · 不参与实体赏罚,8396945,840,A168_HF9F_20260827_0900,2026-08-27 09:00:00
2026-06-10,54653530,1485,0,7.7146604264,-7.7146604264,-7.7146604264,0E-7,1,1,0.50665070000000000,0.506650700000,-1.013391052207602,-1.013391052207602,-1.013391052207602,0E-17,ELIGIBLE,R03b_20260811_FULL_v1,L1_ELIGIBILITY,v2026-08-11,2026-03-21..2026-08-06,baccarat_bet02_101_all_pairs_incl_sentinel,round_win = game_pnl > 0 (decisive only),COMPATIBILITY_ONLY_NOT_PRODUCTION,53571.4227,48249.4483,483.2383,5739,5738,-0.00902045,-0.00297427,-0.01061372,-0.00902045,-483.2383,53571.4227,OK,0.0000,19.3295,4.0000,96.0000,AG03-UNRESOLVED,ALL5_LEVELS_bet23_to_bet27,19.3295,19.3295,24.1619,0.0000,0.0000,4.000000,4.000000,5.000000,0.000000,0.000000,96.000000,96.000000,95.000000,100.000000,100.000000,5.0,62.8210,60.1535,420.4173,423.0848,PENDING_AG03,FALSE,NOT_FOR_ENFORCEMENT,463.9088,46319.4703,483.2383,463.9088,19.3295,0.00902045,0.00865963,19.3295,463.9088,0.00865963,19.3295,19.3295,24.1619,0.0000,0.0000,463.9088,0.00865963,62.8210,60.1535,420.4173,423.0848,0.00784779,0.00789758,0.00036082,9.3346,8.4088,0.0842,5.5545,0.2517,615.7635,65.9540,8.3255,9.6426,5.1431,5.1891,8.2617,16.7816,25.8881,44.2602,5.1891,0.0,4.9889,8.529385,1.798876,29,193,98,2,0.20855820,0.00902045,0.00297427,0E-8,0.000000,0.900656,0.000000,0.00763944,2026-03-21,2026-08-06,87,1920,882,139,0.625899,0.863400,0.891889,0.695194,,,,,,,,GLOBAL_BASELINE_NO_ENTITY_RANKING,,,NOT_APPLICABLE_GLOBAL_BASELINE,HF9g-P5,,,,X 全窗基线 · 不参与实体赏罚,8396946,840,A168_HF9F_20260827_0900,2026-08-27 09:00:00
2026-06-10,54653530,1490,0,21.3438938463,10.5047959472,10.5047959472,0.6666667,3,3,0.50218230000000000,0.502182300000,0.5697959874915163,0.5697959874915164,0.5697959874915163,0E-17,ELIGIBLE,R03b_20260811_FULL_v1,L1_ELIGIBILITY,v2026-08-11,2026-03-21..2026-08-06,baccarat_bet02_101_all_pairs_incl_sentinel,round_win = game_pnl > 0 (decisive only),COMPATIBILITY_ONLY_NOT_PRODUCTION,53571.4227,48249.4483,483.2383,5739,5738,-0.00902045,-0.00297427,-0.01061372,-0.00902045,-483.2383,53571.4227,OK,0.0000,19.3295,4.0000,96.0000,AG03-UNRESOLVED,ALL5_LEVELS_bet23_to_bet27,19.3295,19.3295,24.1619,0.0000,0.0000,4.000000,4.000000,5.000000,0.000000,0.000000,96.000000,96.000000,95.000000,100.000000,100.000000,5.0,62.8210,60.1535,420.4173,423.0848,PENDING_AG03,FALSE,NOT_FOR_ENFORCEMENT,463.9088,46319.4703,483.2383,463.9088,19.3295,0.00902045,0.00865963,19.3295,463.9088,0.00865963,19.3295,19.3295,24.1619,0.0000,0.0000,463.9088,0.00865963,62.8210,60.1535,420.4173,423.0848,0.00784779,0.00789758,0.00036082,9.3346,8.4088,0.0842,5.5545,0.2517,615.7635,65.9540,8.3255,9.6426,5.1431,5.1891,8.2617,16.7816,25.8881,44.2602,5.1891,0.0,4.9889,8.529385,1.798876,29,193,98,2,0.20855820,0.00902045,0.00297427,0E-8,0.000000,0.900656,0.000000,0.00763944,2026-03-21,2026-08-06,87,1920,882,139,0.625899,0.863400,0.891889,0.695194,,,,,,,,GLOBAL_BASELINE_NO_ENTITY_RANKING,,,NOT_APPLICABLE_GLOBAL_BASELINE,HF9g-P5,,,,X 全窗基线 · 不参与实体赏罚,8396947,840,A168_HF9F_20260827_0900,2026-08-27 09:00:00
2026-06-10,54653530,1623,0,69.1747884897,22.2953686323,22.2953686323,0.6666667,10,10,0.50531018000000000,0.505310180000,0.9681935238042554,0.9681935238042554,0.9681935238042554,0E-17,ELIGIBLE,R03b_20260811_FULL_v1,L1_ELIGIBILITY,v2026-08-11,2026-03-21..2026-08-06,baccarat_bet02_101_all_pairs_incl_sentinel,round_win = game_pnl > 0 (decisive only),COMPATIBILITY_ONLY_NOT_PRODUCTION,53571.4227,48249.4483,483.2383,5739,5738,-0.00902045,-0.00297427,-0.01061372,-0.00902045,-483.2383,53571.4227,OK,0.0000,19.3295,4.0000,96.0000,AG03-UNRESOLVED,ALL5_LEVELS_bet23_to_bet27,19.3295,19.3295,24.1619,0.0000,0.0000,4.000000,4.000000,5.000000,0.000000,0.000000,96.000000,96.000000,95.000000,100.000000,100.000000,5.0,62.8210,60.1535,420.4173,423.0848,PENDING_AG03,FALSE,NOT_FOR_ENFORCEMENT,463.9088,46319.4703,483.2383,463.9088,19.3295,0.00902045,0.00865963,19.3295,463.9088,0.00865963,19.3295,19.3295,24.1619,0.0000,0.0000,463.9088,0.00865963,62.8210,60.1535,420.4173,423.0848,0.00784779,0.00789758,0.00036082,9.3346,8.4088,0.0842,5.5545,0.2517,615.7635,65.9540,8.3255,9.6426,5.1431,5.1891,8.2617,16.7816,25.8881,44.2602,5.1891,0.0,4.9889,8.529385,1.798876,29,193,98,2,0.20855820,0.00902045,0.00297427,0E-8,0.000000,0.900656,0.000000,0.00763944,2026-03-21,2026-08-06,87,1920,882,139,0.625899,0.863400,0.891889,0.695194,,,,,,,,GLOBAL_BASELINE_NO_ENTITY_RANKING,,,NOT_APPLICABLE_GLOBAL_BASELINE,HF9g-P5,,,,X 全窗基线 · 不参与实体赏罚,8396948,840,A168_HF9F_20260827_0900,2026-08-27 09:00:00
2026-06-10,54653530,1645,0,55.8027104173,7.9718157739,7.9718157739,0.3333333,3,3,0.49771390000000000,0.497713900000,-0.5694369385616226,-0.5694369385616226,-0.5694369385616226,0E-17,ELIGIBLE,R03b_20260811_FULL_v1,L1_ELIGIBILITY,v2026-08-11,2026-03-21..2026-08-06,baccarat_bet02_101_all_pairs_incl_sentinel,round_win = game_pnl > 0 (decisive only),COMPATIBILITY_ONLY_NOT_PRODUCTION,53571.4227,48249.4483,483.2383,5739,5738,-0.00902045,-0.00297427,-0.01061372,-0.00902045,-483.2383,53571.4227,OK,0.0000,19.3295,4.0000,96.0000,AG03-UNRESOLVED,ALL5_LEVELS_bet23_to_bet27,19.3295,19.3295,24.1619,0.0000,0.0000,4.000000,4.000000,5.000000,0.000000,0.000000,96.000000,96.000000,95.000000,100.000000,100.000000,5.0,62.8210,60.1535,420.4173,423.0848,PENDING_AG03,FALSE,NOT_FOR_ENFORCEMENT,463.9088,46319.4703,483.2383,463.9088,19.3295,0.00902045,0.00865963,19.3295,463.9088,0.00865963,19.3295,19.3295,24.1619,0.0000,0.0000,463.9088,0.00865963,62.8210,60.1535,420.4173,423.0848,0.00784779,0.00789758,0.00036082,9.3346,8.4088,0.0842,5.5545,0.2517,615.7635,65.9540,8.3255,9.6426,5.1431,5.1891,8.2617,16.7816,25.8881,44.2602,5.1891,0.0,4.9889,8.529385,1.798876,29,193,98,2,0.20855820,0.00902045,0.00297427,0E-8,0.000000,0.900656,0.000000,0.00763944,2026-03-21,2026-08-06,87,1920,882,139,0.625899,0.863400,0.891889,0.695194,,,,,,,,GLOBAL_BASELINE_NO_ENTITY_RANKING,,,NOT_APPLICABLE_GLOBAL_BASELINE,HF9g-P5,,,,X 全窗基线 · 不参与实体赏罚,8396949,840,A168_HF9F_20260827_0900,2026-08-27 09:00:00
2026-06-10,54653530,1646,0,81.0039344768,4.1787743976,4.1787743976,0.3333333,6,6,0.50665070000000000,0.506650700000,-0.6004420894325239,-0.6004420894325239,-0.6004420894325239,0E-17,ELIGIBLE,R03b_20260811_FULL_v1,L1_ELIGIBILITY,v2026-08-11,2026-03-21..2026-08-06,baccarat_bet02_101_all_pairs_incl_sentinel,round_win = game_pnl > 0 (decisive only),COMPATIBILITY_ONLY_NOT_PRODUCTION,53571.4227,48249.4483,483.2383,5739,5738,-0.00902045,-0.00297427,-0.01061372,-0.00902045,-483.2383,53571.4227,OK,0.0000,19.3295,4.0000,96.0000,AG03-UNRESOLVED,ALL5_LEVELS_bet23_to_bet27,19.3295,19.3295,24.1619,0.0000,0.0000,4.000000,4.000000,5.000000,0.000000,0.000000,96.000000,96.000000,95.000000,100.000000,100.000000,5.0,62.8210,60.1535,420.4173,423.0848,PENDING_AG03,FALSE,NOT_FOR_ENFORCEMENT,463.9088,46319.4703,483.2383,463.9088,19.3295,0.00902045,0.00865963,19.3295,463.9088,0.00865963,19.3295,19.3295,24.1619,0.0000,0.0000,463.9088,0.00865963,62.8210,60.1535,420.4173,423.0848,0.00784779,0.00789758,0.00036082,9.3346,8.4088,0.0842,5.5545,0.2517,615.7635,65.9540,8.3255,9.6426,5.1431,5.1891,8.2617,16.7816,25.8881,44.2602,5.1891,0.0,4.9889,8.529385,1.798876,29,193,98,2,0.20855820,0.00902045,0.00297427,0E-8,0.000000,0.900656,0.000000,0.00763944,2026-03-21,2026-08-06,87,1920,882,139,0.625899,0.863400,0.891889,0.695194,,,,,,,,GLOBAL_BASELINE_NO_ENTITY_RANKING,,,NOT_APPLICABLE_GLOBAL_BASELINE,HF9g-P5,,,,X 全窗基线 · 不参与实体赏罚,8396950,840,A168_HF9F_20260827_0900,2026-08-27 09:00:00
2026-06-10,54653530,1704,0,18.0008743282,7.4575050789,7.4575050789,0.6666667,3,3,0.49771390000000000,0.497713900000,0.5852756695216578,0.5852756695216578,0.5852756695216578,0E-17,ELIGIBLE,R03b_20260811_FULL_v1,L1_ELIGIBILITY,v2026-08-11,2026-03-21..2026-08-06,baccarat_bet02_101_all_pairs_incl_sentinel,round_win = game_pnl > 0 (decisive only),COMPATIBILITY_ONLY_NOT_PRODUCTION,53571.4227,48249.4483,483.2383,5739,5738,-0.00902045,-0.00297427,-0.01061372,-0.00902045,-483.2383,53571.4227,OK,0.0000,19.3295,4.0000,96.0000,AG03-UNRESOLVED,ALL5_LEVELS_bet23_to_bet27,19.3295,19.3295,24.1619,0.0000,0.0000,4.000000,4.000000,5.000000,0.000000,0.000000,96.000000,96.000000,95.000000,100.000000,100.000000,5.0,62.8210,60.1535,420.4173,423.0848,PENDING_AG03,FALSE,NOT_FOR_ENFORCEMENT,463.9088,46319.4703,483.2383,463.9088,19.3295,0.00902045,0.00865963,19.3295,463.9088,0.00865963,19.3295,19.3295,24.1619,0.0000,0.0000,463.9088,0.00865963,62.8210,60.1535,420.4173,423.0848,0.00784779,0.00789758,0.00036082,9.3346,8.4088,0.0842,5.5545,0.2517,615.7635,65.9540,8.3255,9.6426,5.1431,5.1891,8.2617,16.7816,25.8881,44.2602,5.1891,0.0,4.9889,8.529385,1.798876,29,193,98,2,0.20855820,0.00902045,0.00297427,0E-8,0.000000,0.900656,0.000000,0.00763944,2026-03-21,2026-08-06,87,1920,882,139,0.625899,0.863400,0.891889,0.695194,,,,,,,,GLOBAL_BASELINE_NO_ENTITY_RANKING,,,NOT_APPLICABLE_GLOBAL_BASELINE,HF9g-P5,,,,X 全窗基线 · 不参与实体赏罚,8396951,840,A168_HF9F_20260827_0900,2026-08-27 09:00:00
2026-06-10,54653530,1710,0,12.8577673773,2.1858204541,2.1858204541,0.5000000,2,2,0.50665070000000000,0.506650700000,-0.018812684590367487,-0.018812684590367487,-0.018812684590367487,0E-17,ELIGIBLE,R03b_20260811_FULL_v1,L1_ELIGIBILITY,v2026-08-11,2026-03-21..2026-08-06,baccarat_bet02_101_all_pairs_incl_sentinel,round_win = game_pnl > 0 (decisive only),COMPATIBILITY_ONLY_NOT_PRODUCTION,53571.4227,48249.4483,483.2383,5739,5738,-0.00902045,-0.00297427,-0.01061372,-0.00902045,-483.2383,53571.4227,OK,0.0000,19.3295,4.0000,96.0000,AG03-UNRESOLVED,ALL5_LEVELS_bet23_to_bet27,19.3295,19.3295,24.1619,0.0000,0.0000,4.000000,4.000000,5.000000,0.000000,0.000000,96.000000,96.000000,95.000000,100.000000,100.000000,5.0,62.8210,60.1535,420.4173,423.0848,PENDING_AG03,FALSE,NOT_FOR_ENFORCEMENT,463.9088,46319.4703,483.2383,463.9088,19.3295,0.00902045,0.00865963,19.3295,463.9088,0.00865963,19.3295,19.3295,24.1619,0.0000,0.0000,463.9088,0.00865963,62.8210,60.1535,420.4173,423.0848,0.00784779,0.00789758,0.00036082,9.3346,8.4088,0.0842,5.5545,0.2517,615.7635,65.9540,8.3255,9.6426,5.1431,5.1891,8.2617,16.7816,25.8881,44.2602,5.1891,0.0,4.9889,8.529385,1.798876,29,193,98,2,0.20855820,0.00902045,0.00297427,0E-8,0.000000,0.900656,0.000000,0.00763944,2026-03-21,2026-08-06,87,1920,882,139,0.625899,0.863400,0.891889,0.695194,,,,,,,,GLOBAL_BASELINE_NO_ENTITY_RANKING,,,NOT_APPLICABLE_GLOBAL_BASELINE,HF9g-P5,,,,X 全窗基线 · 不参与实体赏罚,8396952,840,A168_HF9F_20260827_0900,2026-08-27 09:00:00
2026-06-10,54653530,1750,0,12.8577673773,2.5715534755,2.5715534755,0.5000000,2,2,0.49324550000000000,0.493245500000,0.01910635448239258,0.01910635448239258,0.01910635448239258,0E-17,ELIGIBLE,R03b_20260811_FULL_v1,L1_ELIGIBILITY,v2026-08-11,2026-03-21..2026-08-06,baccarat_bet02_101_all_pairs_incl_sentinel,round_win = game_pnl > 0 (decisive only),COMPATIBILITY_ONLY_NOT_PRODUCTION,53571.4227,48249.4483,483.2383,5739,5738,-0.00902045,-0.00297427,-0.01061372,-0.00902045,-483.2383,53571.4227,OK,0.0000,19.3295,4.0000,96.0000,AG03-UNRESOLVED,ALL5_LEVELS_bet23_to_bet27,19.3295,19.3295,24.1619,0.0000,0.0000,4.000000,4.000000,5.000000,0.000000,0.000000,96.000000,96.000000,95.000000,100.000000,100.000000,5.0,62.8210,60.1535,420.4173,423.0848,PENDING_AG03,FALSE,NOT_FOR_ENFORCEMENT,463.9088,46319.4703,483.2383,463.9088,19.3295,0.00902045,0.00865963,19.3295,463.9088,0.00865963,19.3295,19.3295,24.1619,0.0000,0.0000,463.9088,0.00865963,62.8210,60.1535,420.4173,423.0848,0.00784779,0.00789758,0.00036082,9.3346,8.4088,0.0842,5.5545,0.2517,615.7635,65.9540,8.3255,9.6426,5.1431,5.1891,8.2617,16.7816,25.8881,44.2602,5.1891,0.0,4.9889,8.529385,1.798876,29,193,98,2,0.20855820,0.00902045,0.00297427,0E-8,0.000000,0.900656,0.000000,0.00763944,2026-03-21,2026-08-06,87,1920,882,139,0.625899,0.863400,0.891889,0.695194,,,,,,,,GLOBAL_BASELINE_NO_ENTITY_RANKING,,,NOT_APPLICABLE_GLOBAL_BASELINE,HF9g-P5,,,,X 全窗基线 · 不参与实体赏罚,8396953,840,A168_HF9F_20260827_0900,2026-08-27 09:00:00
2026-06-10,54653530,1940,0,10.2862139018,-0.2571553475,-0.2571553475,0.5000000,2,2,0.50665070000000000,0.506650700000,-0.018812684590367487,-0.018812684590367487,-0.018812684590367487,0E-17,ELIGIBLE,R03b_20260811_FULL_v1,L1_ELIGIBILITY,v2026-08-11,2026-03-21..2026-08-06,baccarat_bet02_101_all_pairs_incl_sentinel,round_win = game_pnl > 0 (decisive only),COMPATIBILITY_ONLY_NOT_PRODUCTION,53571.4227,48249.4483,483.2383,5739,5738,-0.00902045,-0.00297427,-0.01061372,-0.00902045,-483.2383,53571.4227,OK,0.0000,19.3295,4.0000,96.0000,AG03-UNRESOLVED,ALL5_LEVELS_bet23_to_bet27,19.3295,19.3295,24.1619,0.0000,0.0000,4.000000,4.000000,5.000000,0.000000,0.000000,96.000000,96.000000,95.000000,100.000000,100.000000,5.0,62.8210,60.1535,420.4173,423.0848,PENDING_AG03,FALSE,NOT_FOR_ENFORCEMENT,463.9088,46319.4703,483.2383,463.9088,19.3295,0.00902045,0.00865963,19.3295,463.9088,0.00865963,19.3295,19.3295,24.1619,0.0000,0.0000,463.9088,0.00865963,62.8210,60.1535,420.4173,423.0848,0.00784779,0.00789758,0.00036082,9.3346,8.4088,0.0842,5.5545,0.2517,615.7635,65.9540,8.3255,9.6426,5.1431,5.1891,8.2617,16.7816,25.8881,44.2602,5.1891,0.0,4.9889,8.529385,1.798876,29,193,98,2,0.20855820,0.00902045,0.00297427,0E-8,0.000000,0.900656,0.000000,0.00763944,2026-03-21,2026-08-06,87,1920,882,139,0.625899,0.863400,0.891889,0.695194,,,,,,,,GLOBAL_BASELINE_NO_ENTITY_RANKING,,,NOT_APPLICABLE_GLOBAL_BASELINE,HF9g-P5,,,,X 全窗基线 · 不参与实体赏罚,8396954,840,A168_HF9F_20260827_0900,2026-08-27 09:00:00
2026-06-10,54653530,1941,0,31.1157970530,-5.2845423921,-5.2845423921,0.4000000,5,5,0.49860758000000000,0.498607580000,-0.440988213962219,-0.440988213962219,-0.440988213962219,0E-17,ELIGIBLE,R03b_20260811_FULL_v1,L1_ELIGIBILITY,v2026-08-11,2026-03-21..2026-08-06,baccarat_bet02_101_all_pairs_incl_sentinel,round_win = game_pnl > 0 (decisive only),COMPATIBILITY_ONLY_NOT_PRODUCTION,53571.4227,48249.4483,483.2383,5739,5738,-0.00902045,-0.00297427,-0.01061372,-0.00902045,-483.2383,53571.4227,OK,0.0000,19.3295,4.0000,96.0000,AG03-UNRESOLVED,ALL5_LEVELS_bet23_to_bet27,19.3295,19.3295,24.1619,0.0000,0.0000,4.000000,4.000000,5.000000,0.000000,0.000000,96.000000,96.000000,95.000000,100.000000,100.000000,5.0,62.8210,60.1535,420.4173,423.0848,PENDING_AG03,FALSE,NOT_FOR_ENFORCEMENT,463.9088,46319.4703,483.2383,463.9088,19.3295,0.00902045,0.00865963,19.3295,463.9088,0.00865963,19.3295,19.3295,24.1619,0.0000,0.0000,463.9088,0.00865963,62.8210,60.1535,420.4173,423.0848,0.00784779,0.00789758,0.00036082,9.3346,8.4088,0.0842,5.5545,0.2517,615.7635,65.9540,8.3255,9.6426,5.1431,5.1891,8.2617,16.7816,25.8881,44.2602,5.1891,0.0,4.9889,8.529385,1.798876,29,193,98,2,0.20855820,0.00902045,0.00297427,0E-8,0.000000,0.900656,0.000000,0.00763944,2026-03-21,2026-08-06,87,1920,882,139,0.625899,0.863400,0.891889,0.695194,,,,,,,,GLOBAL_BASELINE_NO_ENTITY_RANKING,,,NOT_APPLICABLE_GLOBAL_BASELINE,HF9g-P5,,,,X 全窗基线 · 不参与实体赏罚,8396955,840,A168_HF9F_20260827_0900,2026-08-27 09:00:00
2026-06-10,54653530,1951,0,23.4011366266,7.3160696377,7.3160696377,0.6666667,4,4,0.50665070000000000,0.506650700000,0.5543606114942035,0.5543606114942035,0.5543606114942035,0E-17,ELIGIBLE,R03b_20260811_FULL_v1,L1_ELIGIBILITY,v2026-08-11,2026-03-21..2026-08-06,baccarat_bet02_101_all_pairs_incl_sentinel,round_win = game_pnl > 0 (decisive only),COMPATIBILITY_ONLY_NOT_PRODUCTION,53571.4227,48249.4483,483.2383,5739,5738,-0.00902045,-0.00297427,-0.01061372,-0.00902045,-483.2383,53571.4227,OK,0.0000,19.3295,4.0000,96.0000,AG03-UNRESOLVED,ALL5_LEVELS_bet23_to_bet27,19.3295,19.3295,24.1619,0.0000,0.0000,4.000000,4.000000,5.000000,0.000000,0.000000,96.000000,96.000000,95.000000,100.000000,100.000000,5.0,62.8210,60.1535,420.4173,423.0848,PENDING_AG03,FALSE,NOT_FOR_ENFORCEMENT,463.9088,46319.4703,483.2383,463.9088,19.3295,0.00902045,0.00865963,19.3295,463.9088,0.00865963,19.3295,19.3295,24.1619,0.0000,0.0000,463.9088,0.00865963,62.8210,60.1535,420.4173,423.0848,0.00784779,0.00789758,0.00036082,9.3346,8.4088,0.0842,5.5545,0.2517,615.7635,65.9540,8.3255,9.6426,5.1431,5.1891,8.2617,16.7816,25.8881,44.2602,5.1891,0.0,4.9889,8.529385,1.798876,29,193,98,2,0.20855820,0.00902045,0.00297427,0E-8,0.000000,0.900656,0.000000,0.00763944,2026-03-21,2026-08-06,87,1920,882,139,0.625899,0.863400,0.891889,0.695194,,,,,,,,GLOBAL_BASELINE_NO_ENTITY_RANKING,,,NOT_APPLICABLE_GLOBAL_BASELINE,HF9g-P5,,,,X 全窗基线 · 不参与实体赏罚,8396956,840,A168_HF9F_20260827_0900,2026-08-27 09:00:00
2026-06-10,54653530,1963,0,16.7150975905,-16.7150975905,-16.7150975905,0E-7,1,1,0.50665070000000000,0.506650700000,-1.013391052207602,-1.013391052207602,-1.013391052207602,0E-17,ELIGIBLE,R03b_20260811_FULL_v1,L1_ELIGIBILITY,v2026-08-11,2026-03-21..2026-08-06,baccarat_bet02_101_all_pairs_incl_sentinel,round_win = game_pnl > 0 (decisive only),COMPATIBILITY_ONLY_NOT_PRODUCTION,53571.4227,48249.4483,483.2383,5739,5738,-0.00902045,-0.00297427,-0.01061372,-0.00902045,-483.2383,53571.4227,OK,0.0000,19.3295,4.0000,96.0000,AG03-UNRESOLVED,ALL5_LEVELS_bet23_to_bet27,19.3295,19.3295,24.1619,0.0000,0.0000,4.000000,4.000000,5.000000,0.000000,0.000000,96.000000,96.000000,95.000000,100.000000,100.000000,5.0,62.8210,60.1535,420.4173,423.0848,PENDING_AG03,FALSE,NOT_FOR_ENFORCEMENT,463.9088,46319.4703,483.2383,463.9088,19.3295,0.00902045,0.00865963,19.3295,463.9088,0.00865963,19.3295,19.3295,24.1619,0.0000,0.0000,463.9088,0.00865963,62.8210,60.1535,420.4173,423.0848,0.00784779,0.00789758,0.00036082,9.3346,8.4088,0.0842,5.5545,0.2517,615.7635,65.9540,8.3255,9.6426,5.1431,5.1891,8.2617,16.7816,25.8881,44.2602,5.1891,0.0,4.9889,8.529385,1.798876,29,193,98,2,0.20855820,0.00902045,0.00297427,0E-8,0.000000,0.900656,0.000000,0.00763944,2026-03-21,2026-08-06,87,1920,882,139,0.625899,0.863400,0.891889,0.695194,,,,,,,,GLOBAL_BASELINE_NO_ENTITY_RANKING,,,NOT_APPLICABLE_GLOBAL_BASELINE,HF9g-P5,,,,X 全窗基线 · 不参与实体赏罚,8396957,840,A168_HF9F_20260827_0900,2026-08-27 09:00:00
2026-06-10,54653530,1985,0,5.1431069509,4.8859516034,4.8859516034,1.0000000,1,1,0.50665070000000000,0.506650700000,0.9867858985152569,0.9867858985152569,0.9867858985152569,0E-17,ELIGIBLE,R03b_20260811_FULL_v1,L1_ELIGIBILITY,v2026-08-11,2026-03-21..2026-08-06,baccarat_bet02_101_all_pairs_incl_sentinel,round_win = game_pnl > 0 (decisive only),COMPATIBILITY_ONLY_NOT_PRODUCTION,53571.4227,48249.4483,483.2383,5739,5738,-0.00902045,-0.00297427,-0.01061372,-0.00902045,-483.2383,53571.4227,OK,0.0000,19.3295,4.0000,96.0000,AG03-UNRESOLVED,ALL5_LEVELS_bet23_to_bet27,19.3295,19.3295,24.1619,0.0000,0.0000,4.000000,4.000000,5.000000,0.000000,0.000000,96.000000,96.000000,95.000000,100.000000,100.000000,5.0,62.8210,60.1535,420.4173,423.0848,PENDING_AG03,FALSE,NOT_FOR_ENFORCEMENT,463.9088,46319.4703,483.2383,463.9088,19.3295,0.00902045,0.00865963,19.3295,463.9088,0.00865963,19.3295,19.3295,24.1619,0.0000,0.0000,463.9088,0.00865963,62.8210,60.1535,420.4173,423.0848,0.00784779,0.00789758,0.00036082,9.3346,8.4088,0.0842,5.5545,0.2517,615.7635,65.9540,8.3255,9.6426,5.1431,5.1891,8.2617,16.7816,25.8881,44.2602,5.1891,0.0,4.9889,8.529385,1.798876,29,193,98,2,0.20855820,0.00902045,0.00297427,0E-8,0.000000,0.900656,0.000000,0.00763944,2026-03-21,2026-08-06,87,1920,882,139,0.625899,0.863400,0.891889,0.695194,,,,,,,,GLOBAL_BASELINE_NO_ENTITY_RANKING,,,NOT_APPLICABLE_GLOBAL_BASELINE,HF9g-P5,,,,X 全窗基线 · 不参与实体赏罚,8396958,840,A168_HF9F_20260827_0900,2026-08-27 09:00:00
2026-06-10,54653530,1990,0,5.1431069509,4.8859516034,4.8859516034,1.0000000,1,1,0.50665070000000000,0.506650700000,0.9867858985152569,0.9867858985152569,0.9867858985152569,0E-17,ELIGIBLE,R03b_20260811_FULL_v1,L1_ELIGIBILITY,v2026-08-11,2026-03-21..2026-08-06,baccarat_bet02_101_all_pairs_incl_sentinel,round_win = game_pnl > 0 (decisive only),COMPATIBILITY_ONLY_NOT_PRODUCTION,53571.4227,48249.4483,483.2383,5739,5738,-0.00902045,-0.00297427,-0.01061372,-0.00902045,-483.2383,53571.4227,OK,0.0000,19.3295,4.0000,96.0000,AG03-UNRESOLVED,ALL5_LEVELS_bet23_to_bet27,19.3295,19.3295,24.1619,0.0000,0.0000,4.000000,4.000000,5.000000,0.000000,0.000000,96.000000,96.000000,95.000000,100.000000,100.000000,5.0,62.8210,60.1535,420.4173,423.0848,PENDING_AG03,FALSE,NOT_FOR_ENFORCEMENT,463.9088,46319.4703,483.2383,463.9088,19.3295,0.00902045,0.00865963,19.3295,463.9088,0.00865963,19.3295,19.3295,24.1619,0.0000,0.0000,463.9088,0.00865963,62.8210,60.1535,420.4173,423.0848,0.00784779,0.00789758,0.00036082,9.3346,8.4088,0.0842,5.5545,0.2517,615.7635,65.9540,8.3255,9.6426,5.1431,5.1891,8.2617,16.7816,25.8881,44.2602,5.1891,0.0,4.9889,8.529385,1.798876,29,193,98,2,0.20855820,0.00902045,0.00297427,0E-8,0.000000,0.900656,0.000000,0.00763944,2026-03-21,2026-08-06,87,1920,882,139,0.625899,0.863400,0.891889,0.695194,,,,,,,,GLOBAL_BASELINE_NO_ENTITY_RANKING,,,NOT_APPLICABLE_GLOBAL_BASELINE,HF9g-P5,,,,X 全窗基线 · 不参与实体赏罚,8396959,840,A168_HF9F_20260827_0900,2026-08-27 09:00:00
2026-06-10,54653530,2115,0,19.2866510659,18.3223185127,18.3223185127,1.0000000,3,3,0.50665070000000000,0.506650700000,1.7091633124209307,1.7091633124209307,1.7091633124209307,0E-17,ELIGIBLE,R03b_20260811_FULL_v1,L1_ELIGIBILITY,v2026-08-11,2026-03-21..2026-08-06,baccarat_bet02_101_all_pairs_incl_sentinel,round_win = game_pnl > 0 (decisive only),COMPATIBILITY_ONLY_NOT_PRODUCTION,53571.4227,48249.4483,483.2383,5739,5738,-0.00902045,-0.00297427,-0.01061372,-0.00902045,-483.2383,53571.4227,OK,0.0000,19.3295,4.0000,96.0000,AG03-UNRESOLVED,ALL5_LEVELS_bet23_to_bet27,19.3295,19.3295,24.1619,0.0000,0.0000,4.000000,4.000000,5.000000,0.000000,0.000000,96.000000,96.000000,95.000000,100.000000,100.000000,5.0,62.8210,60.1535,420.4173,423.0848,PENDING_AG03,FALSE,NOT_FOR_ENFORCEMENT,463.9088,46319.4703,483.2383,463.9088,19.3295,0.00902045,0.00865963,19.3295,463.9088,0.00865963,19.3295,19.3295,24.1619,0.0000,0.0000,463.9088,0.00865963,62.8210,60.1535,420.4173,423.0848,0.00784779,0.00789758,0.00036082,9.3346,8.4088,0.0842,5.5545,0.2517,615.7635,65.9540,8.3255,9.6426,5.1431,5.1891,8.2617,16.7816,25.8881,44.2602,5.1891,0.0,4.9889,8.529385,1.798876,29,193,98,2,0.20855820,0.00902045,0.00297427,0E-8,0.000000,0.900656,0.000000,0.00763944,2026-03-21,2026-08-06,87,1920,882,139,0.625899,0.863400,0.891889,0.695194,,,,,,,,GLOBAL_BASELINE_NO_ENTITY_RANKING,,,NOT_APPLICABLE_GLOBAL_BASELINE,HF9g-P5,,,,X 全窗基线 · 不参与实体赏罚,8396960,840,A168_HF9F_20260827_0900,2026-08-27 09:00:00
2026-06-10,54653530,2121,0,16.4579422430,7.8175225654,7.8175225654,1.0000000,2,2,0.50665070000000000,0.506650700000,0.9867858985152569,0.9867858985152569,0.9867858985152569,0E-17,ELIGIBLE,R03b_20260811_FULL_v1,L1_ELIGIBILITY,v2026-08-11,2026-03-21..2026-08-06,baccarat_bet02_101_all_pairs_incl_sentinel,round_win = game_pnl > 0 (decisive only),COMPATIBILITY_ONLY_NOT_PRODUCTION,53571.4227,48249.4483,483.2383,5739,5738,-0.00902045,-0.00297427,-0.01061372,-0.00902045,-483.2383,53571.4227,OK,0.0000,19.3295,4.0000,96.0000,AG03-UNRESOLVED,ALL5_LEVELS_bet23_to_bet27,19.3295,19.3295,24.1619,0.0000,0.0000,4.000000,4.000000,5.000000,0.000000,0.000000,96.000000,96.000000,95.000000,100.000000,100.000000,5.0,62.8210,60.1535,420.4173,423.0848,PENDING_AG03,FALSE,NOT_FOR_ENFORCEMENT,463.9088,46319.4703,483.2383,463.9088,19.3295,0.00902045,0.00865963,19.3295,463.9088,0.00865963,19.3295,19.3295,24.1619,0.0000,0.0000,463.9088,0.00865963,62.8210,60.1535,420.4173,423.0848,0.00784779,0.00789758,0.00036082,9.3346,8.4088,0.0842,5.5545,0.2517,615.7635,65.9540,8.3255,9.6426,5.1431,5.1891,8.2617,16.7816,25.8881,44.2602,5.1891,0.0,4.9889,8.529385,1.798876,29,193,98,2,0.20855820,0.00902045,0.00297427,0E-8,0.000000,0.900656,0.000000,0.00763944,2026-03-21,2026-08-06,87,1920,882,139,0.625899,0.863400,0.891889,0.695194,,,,,,,,GLOBAL_BASELINE_NO_ENTITY_RANKING,,,NOT_APPLICABLE_GLOBAL_BASELINE,HF9g-P5,,,,X 全窗基线 · 不参与实体赏罚,8396961,840,A168_HF9F_20260827_0900,2026-08-27 09:00:00
2026-06-10,54653530,2134,0,66.8603903618,3.4715971919,3.4715971919,0.2500000,5,5,0.50128862000000000,0.501288620000,-1.0051578182180947,-1.0051578182180947,-1.0051578182180947,0E-17,ELIGIBLE,R03b_20260811_FULL_v1,L1_ELIGIBILITY,v2026-08-11,2026-03-21..2026-08-06,baccarat_bet02_101_all_pairs_incl_sentinel,round_win = game_pnl > 0 (decisive only),COMPATIBILITY_ONLY_NOT_PRODUCTION,53571.4227,48249.4483,483.2383,5739,5738,-0.00902045,-0.00297427,-0.01061372,-0.00902045,-483.2383,53571.4227,OK,0.0000,19.3295,4.0000,96.0000,AG03-UNRESOLVED,ALL5_LEVELS_bet23_to_bet27,19.3295,19.3295,24.1619,0.0000,0.0000,4.000000,4.000000,5.000000,0.000000,0.000000,96.000000,96.000000,95.000000,100.000000,100.000000,5.0,62.8210,60.1535,420.4173,423.0848,PENDING_AG03,FALSE,NOT_FOR_ENFORCEMENT,463.9088,46319.4703,483.2383,463.9088,19.3295,0.00902045,0.00865963,19.3295,463.9088,0.00865963,19.3295,19.3295,24.1619,0.0000,0.0000,463.9088,0.00865963,62.8210,60.1535,420.4173,423.0848,0.00784779,0.00789758,0.00036082,9.3346,8.4088,0.0842,5.5545,0.2517,615.7635,65.9540,8.3255,9.6426,5.1431,5.1891,8.2617,16.7816,25.8881,44.2602,5.1891,0.0,4.9889,8.529385,1.798876,29,193,98,2,0.20855820,0.00902045,0.00297427,0E-8,0.000000,0.900656,0.000000,0.00763944,2026-03-21,2026-08-06,87,1920,882,139,0.625899,0.863400,0.891889,0.695194,,,,,,,,GLOBAL_BASELINE_NO_ENTITY_RANKING,,,NOT_APPLICABLE_GLOBAL_BASELINE,HF9g-P5,,,,X 全窗基线 · 不参与实体赏罚,8396962,840,A168_HF9F_20260827_0900,2026-08-27 09:00:00
2026-06-10,54653530,2155,0,34.7159719186,2.5201224060,2.5201224060,0.3333333,4,4,0.50665070000000000,0.506650700000,-0.6004420894325239,-0.6004420894325239,-0.6004420894325239,0E-17,ELIGIBLE,R03b_20260811_FULL_v1,L1_ELIGIBILITY,v2026-08-11,2026-03-21..2026-08-06,baccarat_bet02_101_all_pairs_incl_sentinel,round_win = game_pnl > 0 (decisive only),COMPATIBILITY_ONLY_NOT_PRODUCTION,53571.4227,48249.4483,483.2383,5739,5738,-0.00902045,-0.00297427,-0.01061372,-0.00902045,-483.2383,53571.4227,OK,0.0000,19.3295,4.0000,96.0000,AG03-UNRESOLVED,ALL5_LEVELS_bet23_to_bet27,19.3295,19.3295,24.1619,0.0000,0.0000,4.000000,4.000000,5.000000,0.000000,0.000000,96.000000,96.000000,95.000000,100.000000,100.000000,5.0,62.8210,60.1535,420.4173,423.0848,PENDING_AG03,FALSE,NOT_FOR_ENFORCEMENT,463.9088,46319.4703,483.2383,463.9088,19.3295,0.00902045,0.00865963,19.3295,463.9088,0.00865963,19.3295,19.3295,24.1619,0.0000,0.0000,463.9088,0.00865963,62.8210,60.1535,420.4173,423.0848,0.00784779,0.00789758,0.00036082,9.3346,8.4088,0.0842,5.5545,0.2517,615.7635,65.9540,8.3255,9.6426,5.1431,5.1891,8.2617,16.7816,25.8881,44.2602,5.1891,0.0,4.9889,8.529385,1.798876,29,193,98,2,0.20855820,0.00902045,0.00297427,0E-8,0.000000,0.900656,0.000000,0.00763944,2026-03-21,2026-08-06,87,1920,882,139,0.625899,0.863400,0.891889,0.695194,,,,,,,,GLOBAL_BASELINE_NO_ENTITY_RANKING,,,NOT_APPLICABLE_GLOBAL_BASELINE,HF9g-P5,,,,X 全窗基线 · 不参与实体赏罚,8396963,840,A168_HF9F_20260827_0900,2026-08-27 09:00:00
2026-06-10,54653530,2156,0,29.3157096202,2.2758248258,2.2758248258,0.3333333,3,3,0.50665070000000000,0.506650700000,-0.6004420894325239,-0.6004420894325239,-0.6004420894325239,0E-17,ELIGIBLE,R03b_20260811_FULL_v1,L1_ELIGIBILITY,v2026-08-11,2026-03-21..2026-08-06,baccarat_bet02_101_all_pairs_incl_sentinel,round_win = game_pnl > 0 (decisive only),COMPATIBILITY_ONLY_NOT_PRODUCTION,53571.4227,48249.4483,483.2383,5739,5738,-0.00902045,-0.00297427,-0.01061372,-0.00902045,-483.2383,53571.4227,OK,0.0000,19.3295,4.0000,96.0000,AG03-UNRESOLVED,ALL5_LEVELS_bet23_to_bet27,19.3295,19.3295,24.1619,0.0000,0.0000,4.000000,4.000000,5.000000,0.000000,0.000000,96.000000,96.000000,95.000000,100.000000,100.000000,5.0,62.8210,60.1535,420.4173,423.0848,PENDING_AG03,FALSE,NOT_FOR_ENFORCEMENT,463.9088,46319.4703,483.2383,463.9088,19.3295,0.00902045,0.00865963,19.3295,463.9088,0.00865963,19.3295,19.3295,24.1619,0.0000,0.0000,463.9088,0.00865963,62.8210,60.1535,420.4173,423.0848,0.00784779,0.00789758,0.00036082,9.3346,8.4088,0.0842,5.5545,0.2517,615.7635,65.9540,8.3255,9.6426,5.1431,5.1891,8.2617,16.7816,25.8881,44.2602,5.1891,0.0,4.9889,8.529385,1.798876,29,193,98,2,0.20855820,0.00902045,0.00297427,0E-8,0.000000,0.900656,0.000000,0.00763944,2026-03-21,2026-08-06,87,1920,882,139,0.625899,0.863400,0.891889,0.695194,,,,,,,,GLOBAL_BASELINE_NO_ENTITY_RANKING,,,NOT_APPLICABLE_GLOBAL_BASELINE,HF9g-P5,,,,X 全窗基线 · 不参与实体赏罚,8396964,840,A168_HF9F_20260827_0900,2026-08-27 09:00:00
2026-06-10,54653530,2175,0,12.8577673773,2.1858204541,2.1858204541,0.5000000,2,2,0.50665070000000000,0.506650700000,-0.018812684590367487,-0.018812684590367487,-0.018812684590367487,0E-17,ELIGIBLE,R03b_20260811_FULL_v1,L1_ELIGIBILITY,v2026-08-11,2026-03-21..2026-08-06,baccarat_bet02_101_all_pairs_incl_sentinel,round_win = game_pnl > 0 (decisive only),COMPATIBILITY_ONLY_NOT_PRODUCTION,53571.4227,48249.4483,483.2383,5739,5738,-0.00902045,-0.00297427,-0.01061372,-0.00902045,-483.2383,53571.4227,OK,0.0000,19.3295,4.0000,96.0000,AG03-UNRESOLVED,ALL5_LEVELS_bet23_to_bet27,19.3295,19.3295,24.1619,0.0000,0.0000,4.000000,4.000000,5.000000,0.000000,0.000000,96.000000,96.000000,95.000000,100.000000,100.000000,5.0,62.8210,60.1535,420.4173,423.0848,PENDING_AG03,FALSE,NOT_FOR_ENFORCEMENT,463.9088,46319.4703,483.2383,463.9088,19.3295,0.00902045,0.00865963,19.3295,463.9088,0.00865963,19.3295,19.3295,24.1619,0.0000,0.0000,463.9088,0.00865963,62.8210,60.1535,420.4173,423.0848,0.00784779,0.00789758,0.00036082,9.3346,8.4088,0.0842,5.5545,0.2517,615.7635,65.9540,8.3255,9.6426,5.1431,5.1891,8.2617,16.7816,25.8881,44.2602,5.1891,0.0,4.9889,8.529385,1.798876,29,193,98,2,0.20855820,0.00902045,0.00297427,0E-8,0.000000,0.900656,0.000000,0.00763944,2026-03-21,2026-08-06,87,1920,882,139,0.625899,0.863400,0.891889,0.695194,,,,,,,,GLOBAL_BASELINE_NO_ENTITY_RANKING,,,NOT_APPLICABLE_GLOBAL_BASELINE,HF9g-P5,,,,X 全窗基线 · 不参与实体赏罚,8396965,840,A168_HF9F_20260827_0900,2026-08-27 09:00:00
2026-06-10,54653530,2196,0,201.3526371280,-51.7782292282,-51.7782292282,0.3333333,14,14,0.50569318571428571,0.505693185714,-1.1942215036280275,-1.1942215036260404,-1.1942215036280275,2.8571E-13,ELIGIBLE,R03b_20260811_FULL_v1,L1_ELIGIBILITY,v2026-08-11,2026-03-21..2026-08-06,baccarat_bet02_101_all_pairs_incl_sentinel,round_win = game_pnl > 0 (decisive only),COMPATIBILITY_ONLY_NOT_PRODUCTION,53571.4227,48249.4483,483.2383,5739,5738,-0.00902045,-0.00297427,-0.01061372,-0.00902045,-483.2383,53571.4227,OK,0.0000,19.3295,4.0000,96.0000,AG03-UNRESOLVED,ALL5_LEVELS_bet23_to_bet27,19.3295,19.3295,24.1619,0.0000,0.0000,4.000000,4.000000,5.000000,0.000000,0.000000,96.000000,96.000000,95.000000,100.000000,100.000000,5.0,62.8210,60.1535,420.4173,423.0848,PENDING_AG03,FALSE,NOT_FOR_ENFORCEMENT,463.9088,46319.4703,483.2383,463.9088,19.3295,0.00902045,0.00865963,19.3295,463.9088,0.00865963,19.3295,19.3295,24.1619,0.0000,0.0000,463.9088,0.00865963,62.8210,60.1535,420.4173,423.0848,0.00784779,0.00789758,0.00036082,9.3346,8.4088,0.0842,5.5545,0.2517,615.7635,65.9540,8.3255,9.6426,5.1431,5.1891,8.2617,16.7816,25.8881,44.2602,5.1891,0.0,4.9889,8.529385,1.798876,29,193,98,2,0.20855820,0.00902045,0.00297427,0E-8,0.000000,0.900656,0.000000,0.00763944,2026-03-21,2026-08-06,87,1920,882,139,0.625899,0.863400,0.891889,0.695194,,,,,,,,GLOBAL_BASELINE_NO_ENTITY_RANKING,,,NOT_APPLICABLE_GLOBAL_BASELINE,HF9g-P5,,,,X 全窗基线 · 不参与实体赏罚,8396966,840,A168_HF9F_20260827_0900,2026-08-27 09:00:00
2026-06-10,54653530,2202,0,63.5173708437,-31.3729524005,-31.3729524005,0.2000000,7,7,0.50473567142857143,0.504735671429,-1.3628804838446171,-1.3628804838465447,-1.3628804838446171,-4.2857E-13,ELIGIBLE,R03b_20260811_FULL_v1,L1_ELIGIBILITY,v2026-08-11,2026-03-21..2026-08-06,baccarat_bet02_101_all_pairs_incl_sentinel,round_win = game_pnl > 0 (decisive only),COMPATIBILITY_ONLY_NOT_PRODUCTION,53571.4227,48249.4483,483.2383,5739,5738,-0.00902045,-0.00297427,-0.01061372,-0.00902045,-483.2383,53571.4227,OK,0.0000,19.3295,4.0000,96.0000,AG03-UNRESOLVED,ALL5_LEVELS_bet23_to_bet27,19.3295,19.3295,24.1619,0.0000,0.0000,4.000000,4.000000,5.000000,0.000000,0.000000,96.000000,96.000000,95.000000,100.000000,100.000000,5.0,62.8210,60.1535,420.4173,423.0848,PENDING_AG03,FALSE,NOT_FOR_ENFORCEMENT,463.9088,46319.4703,483.2383,463.9088,19.3295,0.00902045,0.00865963,19.3295,463.9088,0.00865963,19.3295,19.3295,24.1619,0.0000,0.0000,463.9088,0.00865963,62.8210,60.1535,420.4173,423.0848,0.00784779,0.00789758,0.00036082,9.3346,8.4088,0.0842,5.5545,0.2517,615.7635,65.9540,8.3255,9.6426,5.1431,5.1891,8.2617,16.7816,25.8881,44.2602,5.1891,0.0,4.9889,8.529385,1.798876,29,193,98,2,0.20855820,0.00902045,0.00297427,0E-8,0.000000,0.900656,0.000000,0.00763944,2026-03-21,2026-08-06,87,1920,882,139,0.625899,0.863400,0.891889,0.695194,,,,,,,,GLOBAL_BASELINE_NO_ENTITY_RANKING,,,NOT_APPLICABLE_GLOBAL_BASELINE,HF9g-P5,,,,X 全窗基线 · 不参与实体赏罚,8396967,840,A168_HF9F_20260827_0900,2026-08-27 09:00:00
2026-06-10,54653530,2224,0,12.8577673773,-12.8577673773,-12.8577673773,0E-7,2,2,0.50665070000000000,0.506650700000,-1.4331513700195317,-1.4331513700195317,-1.4331513700195317,0E-17,ELIGIBLE,R03b_20260811_FULL_v1,L1_ELIGIBILITY,v2026-08-11,2026-03-21..2026-08-06,baccarat_bet02_101_all_pairs_incl_sentinel,round_win = game_pnl > 0 (decisive only),COMPATIBILITY_ONLY_NOT_PRODUCTION,53571.4227,48249.4483,483.2383,5739,5738,-0.00902045,-0.00297427,-0.01061372,-0.00902045,-483.2383,53571.4227,OK,0.0000,19.3295,4.0000,96.0000,AG03-UNRESOLVED,ALL5_LEVELS_bet23_to_bet27,19.3295,19.3295,24.1619,0.0000,0.0000,4.000000,4.000000,5.000000,0.000000,0.000000,96.000000,96.000000,95.000000,100.000000,100.000000,5.0,62.8210,60.1535,420.4173,423.0848,PENDING_AG03,FALSE,NOT_FOR_ENFORCEMENT,463.9088,46319.4703,483.2383,463.9088,19.3295,0.00902045,0.00865963,19.3295,463.9088,0.00865963,19.3295,19.3295,24.1619,0.0000,0.0000,463.9088,0.00865963,62.8210,60.1535,420.4173,423.0848,0.00784779,0.00789758,0.00036082,9.3346,8.4088,0.0842,5.5545,0.2517,615.7635,65.9540,8.3255,9.6426,5.1431,5.1891,8.2617,16.7816,25.8881,44.2602,5.1891,0.0,4.9889,8.529385,1.798876,29,193,98,2,0.20855820,0.00902045,0.00297427,0E-8,0.000000,0.900656,0.000000,0.00763944,2026-03-21,2026-08-06,87,1920,882,139,0.625899,0.863400,0.891889,0.695194,,,,,,,,GLOBAL_BASELINE_NO_ENTITY_RANKING,,,NOT_APPLICABLE_GLOBAL_BASELINE,HF9g-P5,,,,X 全窗基线 · 不参与实体赏罚,8396968,840,A168_HF9F_20260827_0900,2026-08-27 09:00:00
2026-06-10,54653530,2229,0,12.8577673773,2.5715534755,2.5715534755,0.5000000,2,2,0.49324550000000000,0.493245500000,0.01910635448239258,0.01910635448239258,0.01910635448239258,0E-17,ELIGIBLE,R03b_20260811_FULL_v1,L1_ELIGIBILITY,v2026-08-11,2026-03-21..2026-08-06,baccarat_bet02_101_all_pairs_incl_sentinel,round_win = game_pnl > 0 (decisive only),COMPATIBILITY_ONLY_NOT_PRODUCTION,53571.4227,48249.4483,483.2383,5739,5738,-0.00902045,-0.00297427,-0.01061372,-0.00902045,-483.2383,53571.4227,OK,0.0000,19.3295,4.0000,96.0000,AG03-UNRESOLVED,ALL5_LEVELS_bet23_to_bet27,19.3295,19.3295,24.1619,0.0000,0.0000,4.000000,4.000000,5.000000,0.000000,0.000000,96.000000,96.000000,95.000000,100.000000,100.000000,5.0,62.8210,60.1535,420.4173,423.0848,PENDING_AG03,FALSE,NOT_FOR_ENFORCEMENT,463.9088,46319.4703,483.2383,463.9088,19.3295,0.00902045,0.00865963,19.3295,463.9088,0.00865963,19.3295,19.3295,24.1619,0.0000,0.0000,463.9088,0.00865963,62.8210,60.1535,420.4173,423.0848,0.00784779,0.00789758,0.00036082,9.3346,8.4088,0.0842,5.5545,0.2517,615.7635,65.9540,8.3255,9.6426,5.1431,5.1891,8.2617,16.7816,25.8881,44.2602,5.1891,0.0,4.9889,8.529385,1.798876,29,193,98,2,0.20855820,0.00902045,0.00297427,0E-8,0.000000,0.900656,0.000000,0.00763944,2026-03-21,2026-08-06,87,1920,882,139,0.625899,0.863400,0.891889,0.695194,,,,,,,,GLOBAL_BASELINE_NO_ENTITY_RANKING,,,NOT_APPLICABLE_GLOBAL_BASELINE,HF9g-P5,,,,X 全窗基线 · 不参与实体赏罚,8396969,840,A168_HF9F_20260827_0900,2026-08-27 09:00:00
2026-06-10,54653530,2233,0,77.4037596113,13.7449533263,13.7449533263,0.4444444,9,9,0.50367176666666667,0.503671766667,-0.35537351566192493,-0.3553735156639268,-0.35537351566192493,-3.3333E-13,ELIGIBLE,R03b_20260811_FULL_v1,L1_ELIGIBILITY,v2026-08-11,2026-03-21..2026-08-06,baccarat_bet02_101_all_pairs_incl_sentinel,round_win = game_pnl > 0 (decisive only),COMPATIBILITY_ONLY_NOT_PRODUCTION,53571.4227,48249.4483,483.2383,5739,5738,-0.00902045,-0.00297427,-0.01061372,-0.00902045,-483.2383,53571.4227,OK,0.0000,19.3295,4.0000,96.0000,AG03-UNRESOLVED,ALL5_LEVELS_bet23_to_bet27,19.3295,19.3295,24.1619,0.0000,0.0000,4.000000,4.000000,5.000000,0.000000,0.000000,96.000000,96.000000,95.000000,100.000000,100.000000,5.0,62.8210,60.1535,420.4173,423.0848,PENDING_AG03,FALSE,NOT_FOR_ENFORCEMENT,463.9088,46319.4703,483.2383,463.9088,19.3295,0.00902045,0.00865963,19.3295,463.9088,0.00865963,19.3295,19.3295,24.1619,0.0000,0.0000,463.9088,0.00865963,62.8210,60.1535,420.4173,423.0848,0.00784779,0.00789758,0.00036082,9.3346,8.4088,0.0842,5.5545,0.2517,615.7635,65.9540,8.3255,9.6426,5.1431,5.1891,8.2617,16.7816,25.8881,44.2602,5.1891,0.0,4.9889,8.529385,1.798876,29,193,98,2,0.20855820,0.00902045,0.00297427,0E-8,0.000000,0.900656,0.000000,0.00763944,2026-03-21,2026-08-06,87,1920,882,139,0.625899,0.863400,0.891889,0.695194,,,,,,,,GLOBAL_BASELINE_NO_ENTITY_RANKING,,,NOT_APPLICABLE_GLOBAL_BASELINE,HF9g-P5,,,,X 全窗基线 · 不参与实体赏罚,8396970,840,A168_HF9F_20260827_0900,2026-08-27 09:00:00
2026-06-10,54653530,2251,0,104.4050711035,34.4073855017,34.4073855017,0.6666667,16,16,0.50162375000000000,0.501623750000,1.278423676628616,1.278423676628616,1.278423676628616,0E-17,ELIGIBLE,R03b_20260811_FULL_v1,L1_ELIGIBILITY,v2026-08-11,2026-03-21..2026-08-06,baccarat_bet02_101_all_pairs_incl_sentinel,round_win = game_pnl > 0 (decisive only),COMPATIBILITY_ONLY_NOT_PRODUCTION,53571.4227,48249.4483,483.2383,5739,5738,-0.00902045,-0.00297427,-0.01061372,-0.00902045,-483.2383,53571.4227,OK,0.0000,19.3295,4.0000,96.0000,AG03-UNRESOLVED,ALL5_LEVELS_bet23_to_bet27,19.3295,19.3295,24.1619,0.0000,0.0000,4.000000,4.000000,5.000000,0.000000,0.000000,96.000000,96.000000,95.000000,100.000000,100.000000,5.0,62.8210,60.1535,420.4173,423.0848,PENDING_AG03,FALSE,NOT_FOR_ENFORCEMENT,463.9088,46319.4703,483.2383,463.9088,19.3295,0.00902045,0.00865963,19.3295,463.9088,0.00865963,19.3295,19.3295,24.1619,0.0000,0.0000,463.9088,0.00865963,62.8210,60.1535,420.4173,423.0848,0.00784779,0.00789758,0.00036082,9.3346,8.4088,0.0842,5.5545,0.2517,615.7635,65.9540,8.3255,9.6426,5.1431,5.1891,8.2617,16.7816,25.8881,44.2602,5.1891,0.0,4.9889,8.529385,1.798876,29,193,98,2,0.20855820,0.00902045,0.00297427,0E-8,0.000000,0.900656,0.000000,0.00763944,2026-03-21,2026-08-06,87,1920,882,139,0.625899,0.863400,0.891889,0.695194,,,,,,,,GLOBAL_BASELINE_NO_ENTITY_RANKING,,,NOT_APPLICABLE_GLOBAL_BASELINE,HF9g-P5,,,,X 全窗基线 · 不参与实体赏罚,8396971,840,A168_HF9F_20260827_0900,2026-08-27 09:00:00
2026-06-10,54653530,2252,0,53.4883122895,-14.6835703448,-14.6835703448,0.4000000,6,6,0.50218230000000000,0.502182300000,-0.4569774904649096,-0.4569774904649096,-0.4569774904649096,0E-17,ELIGIBLE,R03b_20260811_FULL_v1,L1_ELIGIBILITY,v2026-08-11,2026-03-21..2026-08-06,baccarat_bet02_101_all_pairs_incl_sentinel,round_win = game_pnl > 0 (decisive only),COMPATIBILITY_ONLY_NOT_PRODUCTION,53571.4227,48249.4483,483.2383,5739,5738,-0.00902045,-0.00297427,-0.01061372,-0.00902045,-483.2383,53571.4227,OK,0.0000,19.3295,4.0000,96.0000,AG03-UNRESOLVED,ALL5_LEVELS_bet23_to_bet27,19.3295,19.3295,24.1619,0.0000,0.0000,4.000000,4.000000,5.000000,0.000000,0.000000,96.000000,96.000000,95.000000,100.000000,100.000000,5.0,62.8210,60.1535,420.4173,423.0848,PENDING_AG03,FALSE,NOT_FOR_ENFORCEMENT,463.9088,46319.4703,483.2383,463.9088,19.3295,0.00902045,0.00865963,19.3295,463.9088,0.00865963,19.3295,19.3295,24.1619,0.0000,0.0000,463.9088,0.00865963,62.8210,60.1535,420.4173,423.0848,0.00784779,0.00789758,0.00036082,9.3346,8.4088,0.0842,5.5545,0.2517,615.7635,65.9540,8.3255,9.6426,5.1431,5.1891,8.2617,16.7816,25.8881,44.2602,5.1891,0.0,4.9889,8.529385,1.798876,29,193,98,2,0.20855820,0.00902045,0.00297427,0E-8,0.000000,0.900656,0.000000,0.00763944,2026-03-21,2026-08-06,87,1920,882,139,0.625899,0.863400,0.891889,0.695194,,,,,,,,GLOBAL_BASELINE_NO_ENTITY_RANKING,,,NOT_APPLICABLE_GLOBAL_BASELINE,HF9g-P5,,,,X 全窗基线 · 不参与实体赏罚,8396972,840,A168_HF9F_20260827_0900,2026-08-27 09:00:00
2026-06-10,54653530,2261,0,25.7155347546,4.7573739296,4.7573739296,0.5000000,4,4,0.49994810000000000,0.499948100000,0.00020760000111838688,0.00020760000111838688,0.00020760000111838688,0E-17,ELIGIBLE,R03b_20260811_FULL_v1,L1_ELIGIBILITY,v2026-08-11,2026-03-21..2026-08-06,baccarat_bet02_101_all_pairs_incl_sentinel,round_win = game_pnl > 0 (decisive only),COMPATIBILITY_ONLY_NOT_PRODUCTION,53571.4227,48249.4483,483.2383,5739,5738,-0.00902045,-0.00297427,-0.01061372,-0.00902045,-483.2383,53571.4227,OK,0.0000,19.3295,4.0000,96.0000,AG03-UNRESOLVED,ALL5_LEVELS_bet23_to_bet27,19.3295,19.3295,24.1619,0.0000,0.0000,4.000000,4.000000,5.000000,0.000000,0.000000,96.000000,96.000000,95.000000,100.000000,100.000000,5.0,62.8210,60.1535,420.4173,423.0848,PENDING_AG03,FALSE,NOT_FOR_ENFORCEMENT,463.9088,46319.4703,483.2383,463.9088,19.3295,0.00902045,0.00865963,19.3295,463.9088,0.00865963,19.3295,19.3295,24.1619,0.0000,0.0000,463.9088,0.00865963,62.8210,60.1535,420.4173,423.0848,0.00784779,0.00789758,0.00036082,9.3346,8.4088,0.0842,5.5545,0.2517,615.7635,65.9540,8.3255,9.6426,5.1431,5.1891,8.2617,16.7816,25.8881,44.2602,5.1891,0.0,4.9889,8.529385,1.798876,29,193,98,2,0.20855820,0.00902045,0.00297427,0E-8,0.000000,0.900656,0.000000,0.00763944,2026-03-21,2026-08-06,87,1920,882,139,0.625899,0.863400,0.891889,0.695194,,,,,,,,GLOBAL_BASELINE_NO_ENTITY_RANKING,,,NOT_APPLICABLE_GLOBAL_BASELINE,HF9g-P5,,,,X 全窗基线 · 不参与实体赏罚,8396973,840,A168_HF9F_20260827_0900,2026-08-27 09:00:00
2026-06-10,54653530,2266,0,198.7810836526,-131.9206932908,-131.9206932908,0E-7,7,7,0.50665070000000000,0.506650700000,-2.266011280526236,-2.266011280526236,-2.266011280526236,0E-17,ELIGIBLE,R03b_20260811_FULL_v1,L1_ELIGIBILITY,v2026-08-11,2026-03-21..2026-08-06,baccarat_bet02_101_all_pairs_incl_sentinel,round_win = game_pnl > 0 (decisive only),COMPATIBILITY_ONLY_NOT_PRODUCTION,53571.4227,48249.4483,483.2383,5739,5738,-0.00902045,-0.00297427,-0.01061372,-0.00902045,-483.2383,53571.4227,OK,0.0000,19.3295,4.0000,96.0000,AG03-UNRESOLVED,ALL5_LEVELS_bet23_to_bet27,19.3295,19.3295,24.1619,0.0000,0.0000,4.000000,4.000000,5.000000,0.000000,0.000000,96.000000,96.000000,95.000000,100.000000,100.000000,5.0,62.8210,60.1535,420.4173,423.0848,PENDING_AG03,FALSE,NOT_FOR_ENFORCEMENT,463.9088,46319.4703,483.2383,463.9088,19.3295,0.00902045,0.00865963,19.3295,463.9088,0.00865963,19.3295,19.3295,24.1619,0.0000,0.0000,463.9088,0.00865963,62.8210,60.1535,420.4173,423.0848,0.00784779,0.00789758,0.00036082,9.3346,8.4088,0.0842,5.5545,0.2517,615.7635,65.9540,8.3255,9.6426,5.1431,5.1891,8.2617,16.7816,25.8881,44.2602,5.1891,0.0,4.9889,8.529385,1.798876,29,193,98,2,0.20855820,0.00902045,0.00297427,0E-8,0.000000,0.900656,0.000000,0.00763944,2026-03-21,2026-08-06,87,1920,882,139,0.625899,0.863400,0.891889,0.695194,,,,,,,,GLOBAL_BASELINE_NO_ENTITY_RANKING,,,NOT_APPLICABLE_GLOBAL_BASELINE,HF9g-P5,,,,X 全窗基线 · 不参与实体赏罚,8396974,840,A168_HF9F_20260827_0900,2026-08-27 09:00:00
2026-06-10,54653530,2267,0,15.4293208527,4.8859516034,4.8859516034,1.0000000,3,3,0.50665070000000000,0.506650700000,0.9867858985152569,0.9867858985152569,0.9867858985152569,0E-17,ELIGIBLE,R03b_20260811_FULL_v1,L1_ELIGIBILITY,v2026-08-11,2026-03-21..2026-08-06,baccarat_bet02_101_all_pairs_incl_sentinel,round_win = game_pnl > 0 (decisive only),COMPATIBILITY_ONLY_NOT_PRODUCTION,53571.4227,48249.4483,483.2383,5739,5738,-0.00902045,-0.00297427,-0.01061372,-0.00902045,-483.2383,53571.4227,OK,0.0000,19.3295,4.0000,96.0000,AG03-UNRESOLVED,ALL5_LEVELS_bet23_to_bet27,19.3295,19.3295,24.1619,0.0000,0.0000,4.000000,4.000000,5.000000,0.000000,0.000000,96.000000,96.000000,95.000000,100.000000,100.000000,5.0,62.8210,60.1535,420.4173,423.0848,PENDING_AG03,FALSE,NOT_FOR_ENFORCEMENT,463.9088,46319.4703,483.2383,463.9088,19.3295,0.00902045,0.00865963,19.3295,463.9088,0.00865963,19.3295,19.3295,24.1619,0.0000,0.0000,463.9088,0.00865963,62.8210,60.1535,420.4173,423.0848,0.00784779,0.00789758,0.00036082,9.3346,8.4088,0.0842,5.5545,0.2517,615.7635,65.9540,8.3255,9.6426,5.1431,5.1891,8.2617,16.7816,25.8881,44.2602,5.1891,0.0,4.9889,8.529385,1.798876,29,193,98,2,0.20855820,0.00902045,0.00297427,0E-8,0.000000,0.900656,0.000000,0.00763944,2026-03-21,2026-08-06,87,1920,882,139,0.625899,0.863400,0.891889,0.695194,,,,,,,,GLOBAL_BASELINE_NO_ENTITY_RANKING,,,NOT_APPLICABLE_GLOBAL_BASELINE,HF9g-P5,,,,X 全窗基线 · 不参与实体赏罚,8396975,840,A168_HF9F_20260827_0900,2026-08-27 09:00:00
2026-06-10,54653530,2281,0,145.5499267107,-1.1057679944,-1.1057679944,0.4666667,17,17,0.50507361764705882,0.505073617647,-0.29751428043046996,-0.29751428043001393,-0.29751428043046996,5.882E-14,ELIGIBLE,R03b_20260811_FULL_v1,L1_ELIGIBILITY,v2026-08-11,2026-03-21..2026-08-06,baccarat_bet02_101_all_pairs_incl_sentinel,round_win = game_pnl > 0 (decisive only),COMPATIBILITY_ONLY_NOT_PRODUCTION,53571.4227,48249.4483,483.2383,5739,5738,-0.00902045,-0.00297427,-0.01061372,-0.00902045,-483.2383,53571.4227,OK,0.0000,19.3295,4.0000,96.0000,AG03-UNRESOLVED,ALL5_LEVELS_bet23_to_bet27,19.3295,19.3295,24.1619,0.0000,0.0000,4.000000,4.000000,5.000000,0.000000,0.000000,96.000000,96.000000,95.000000,100.000000,100.000000,5.0,62.8210,60.1535,420.4173,423.0848,PENDING_AG03,FALSE,NOT_FOR_ENFORCEMENT,463.9088,46319.4703,483.2383,463.9088,19.3295,0.00902045,0.00865963,19.3295,463.9088,0.00865963,19.3295,19.3295,24.1619,0.0000,0.0000,463.9088,0.00865963,62.8210,60.1535,420.4173,423.0848,0.00784779,0.00789758,0.00036082,9.3346,8.4088,0.0842,5.5545,0.2517,615.7635,65.9540,8.3255,9.6426,5.1431,5.1891,8.2617,16.7816,25.8881,44.2602,5.1891,0.0,4.9889,8.529385,1.798876,29,193,98,2,0.20855820,0.00902045,0.00297427,0E-8,0.000000,0.900656,0.000000,0.00763944,2026-03-21,2026-08-06,87,1920,882,139,0.625899,0.863400,0.891889,0.695194,,,,,,,,GLOBAL_BASELINE_NO_ENTITY_RANKING,,,NOT_APPLICABLE_GLOBAL_BASELINE,HF9g-P5,,,,X 全窗基线 · 不参与实体赏罚,8396976,840,A168_HF9F_20260827_0900,2026-08-27 09:00:00
2026-06-10,54653530,2287,0,5.1431069509,4.8859516034,4.8859516034,1.0000000,1,1,0.50665070000000000,0.506650700000,0.9867858985152569,0.9867858985152569,0.9867858985152569,0E-17,ELIGIBLE,R03b_20260811_FULL_v1,L1_ELIGIBILITY,v2026-08-11,2026-03-21..2026-08-06,baccarat_bet02_101_all_pairs_incl_sentinel,round_win = game_pnl > 0 (decisive only),COMPATIBILITY_ONLY_NOT_PRODUCTION,53571.4227,48249.4483,483.2383,5739,5738,-0.00902045,-0.00297427,-0.01061372,-0.00902045,-483.2383,53571.4227,OK,0.0000,19.3295,4.0000,96.0000,AG03-UNRESOLVED,ALL5_LEVELS_bet23_to_bet27,19.3295,19.3295,24.1619,0.0000,0.0000,4.000000,4.000000,5.000000,0.000000,0.000000,96.000000,96.000000,95.000000,100.000000,100.000000,5.0,62.8210,60.1535,420.4173,423.0848,PENDING_AG03,FALSE,NOT_FOR_ENFORCEMENT,463.9088,46319.4703,483.2383,463.9088,19.3295,0.00902045,0.00865963,19.3295,463.9088,0.00865963,19.3295,19.3295,24.1619,0.0000,0.0000,463.9088,0.00865963,62.8210,60.1535,420.4173,423.0848,0.00784779,0.00789758,0.00036082,9.3346,8.4088,0.0842,5.5545,0.2517,615.7635,65.9540,8.3255,9.6426,5.1431,5.1891,8.2617,16.7816,25.8881,44.2602,5.1891,0.0,4.9889,8.529385,1.798876,29,193,98,2,0.20855820,0.00902045,0.00297427,0E-8,0.000000,0.900656,0.000000,0.00763944,2026-03-21,2026-08-06,87,1920,882,139,0.625899,0.863400,0.891889,0.695194,,,,,,,,GLOBAL_BASELINE_NO_ENTITY_RANKING,,,NOT_APPLICABLE_GLOBAL_BASELINE,HF9g-P5,,,,X 全窗基线 · 不参与实体赏罚,8396977,840,A168_HF9F_20260827_0900,2026-08-27 09:00:00
2026-06-10,54653530,526,0,52.2025355517,13.7449533263,13.7449533263,0.5000000,6,6,0.50441650000000000,0.504416500000,-0.02163718700157003,-0.02163718700157003,-0.02163718700157003,0E-17,ELIGIBLE,R03b_20260811_FULL_v1,L1_ELIGIBILITY,v2026-08-11,2026-03-21..2026-08-06,baccarat_bet02_101_all_pairs_incl_sentinel,round_win = game_pnl > 0 (decisive only),COMPATIBILITY_ONLY_NOT_PRODUCTION,53571.4227,48249.4483,483.2383,5739,5738,-0.00902045,-0.00297427,-0.01061372,-0.00902045,-483.2383,53571.4227,OK,0.0000,19.3295,4.0000,96.0000,AG03-UNRESOLVED,ALL5_LEVELS_bet23_to_bet27,19.3295,19.3295,24.1619,0.0000,0.0000,4.000000,4.000000,5.000000,0.000000,0.000000,96.000000,96.000000,95.000000,100.000000,100.000000,5.0,62.8210,60.1535,420.4173,423.0848,PENDING_AG03,FALSE,NOT_FOR_ENFORCEMENT,463.9088,46319.4703,483.2383,463.9088,19.3295,0.00902045,0.00865963,19.3295,463.9088,0.00865963,19.3295,19.3295,24.1619,0.0000,0.0000,463.9088,0.00865963,62.8210,60.1535,420.4173,423.0848,0.00784779,0.00789758,0.00036082,9.3346,8.4088,0.0842,5.5545,0.2517,615.7635,65.9540,8.3255,9.6426,5.1431,5.1891,8.2617,16.7816,25.8881,44.2602,5.1891,0.0,4.9889,8.529385,1.798876,29,193,98,2,0.20855820,0.00902045,0.00297427,0E-8,0.000000,0.900656,0.000000,0.00763944,2026-03-21,2026-08-06,87,1920,882,139,0.625899,0.863400,0.891889,0.695194,,,,,,,,GLOBAL_BASELINE_NO_ENTITY_RANKING,,,NOT_APPLICABLE_GLOBAL_BASELINE,HF9g-P5,,,,X 全窗基线 · 不参与实体赏罚,8396978,840,A168_HF9F_20260827_0900,2026-08-27 09:00:00
2026-06-10,54653530,529,0,59.1457299355,-59.1457299355,-59.1457299355,0E-7,4,4,0.49324550000000000,0.493245500000,-1.973162052426085,-1.973162052426085,-1.973162052426085,0E-17,ELIGIBLE,R03b_20260811_FULL_v1,L1_ELIGIBILITY,v2026-08-11,2026-03-21..2026-08-06,baccarat_bet02_101_all_pairs_incl_sentinel,round_win = game_pnl > 0 (decisive only),COMPATIBILITY_ONLY_NOT_PRODUCTION,53571.4227,48249.4483,483.2383,5739,5738,-0.00902045,-0.00297427,-0.01061372,-0.00902045,-483.2383,53571.4227,OK,0.0000,19.3295,4.0000,96.0000,AG03-UNRESOLVED,ALL5_LEVELS_bet23_to_bet27,19.3295,19.3295,24.1619,0.0000,0.0000,4.000000,4.000000,5.000000,0.000000,0.000000,96.000000,96.000000,95.000000,100.000000,100.000000,5.0,62.8210,60.1535,420.4173,423.0848,PENDING_AG03,FALSE,NOT_FOR_ENFORCEMENT,463.9088,46319.4703,483.2383,463.9088,19.3295,0.00902045,0.00865963,19.3295,463.9088,0.00865963,19.3295,19.3295,24.1619,0.0000,0.0000,463.9088,0.00865963,62.8210,60.1535,420.4173,423.0848,0.00784779,0.00789758,0.00036082,9.3346,8.4088,0.0842,5.5545,0.2517,615.7635,65.9540,8.3255,9.6426,5.1431,5.1891,8.2617,16.7816,25.8881,44.2602,5.1891,0.0,4.9889,8.529385,1.798876,29,193,98,2,0.20855820,0.00902045,0.00297427,0E-8,0.000000,0.900656,0.000000,0.00763944,2026-03-21,2026-08-06,87,1920,882,139,0.625899,0.863400,0.891889,0.695194,,,,,,,,GLOBAL_BASELINE_NO_ENTITY_RANKING,,,NOT_APPLICABLE_GLOBAL_BASELINE,HF9g-P5,,,,X 全窗基线 · 不参与实体赏罚,8396979,840,A168_HF9F_20260827_0900,2026-08-27 09:00:00
2026-06-10,54653530,550,0,102.3478283231,97.7447476020,97.7447476020,1.0000000,4,4,0.49994810000000000,0.499948100000,2.0002076107755586,2.0002076107755586,2.0002076107755586,0E-17,ELIGIBLE,R03b_20260811_FULL_v1,L1_ELIGIBILITY,v2026-08-11,2026-03-21..2026-08-06,baccarat_bet02_101_all_pairs_incl_sentinel,round_win = game_pnl > 0 (decisive only),COMPATIBILITY_ONLY_NOT_PRODUCTION,53571.4227,48249.4483,483.2383,5739,5738,-0.00902045,-0.00297427,-0.01061372,-0.00902045,-483.2383,53571.4227,OK,0.0000,19.3295,4.0000,96.0000,AG03-UNRESOLVED,ALL5_LEVELS_bet23_to_bet27,19.3295,19.3295,24.1619,0.0000,0.0000,4.000000,4.000000,5.000000,0.000000,0.000000,96.000000,96.000000,95.000000,100.000000,100.000000,5.0,62.8210,60.1535,420.4173,423.0848,PENDING_AG03,FALSE,NOT_FOR_ENFORCEMENT,463.9088,46319.4703,483.2383,463.9088,19.3295,0.00902045,0.00865963,19.3295,463.9088,0.00865963,19.3295,19.3295,24.1619,0.0000,0.0000,463.9088,0.00865963,62.8210,60.1535,420.4173,423.0848,0.00784779,0.00789758,0.00036082,9.3346,8.4088,0.0842,5.5545,0.2517,615.7635,65.9540,8.3255,9.6426,5.1431,5.1891,8.2617,16.7816,25.8881,44.2602,5.1891,0.0,4.9889,8.529385,1.798876,29,193,98,2,0.20855820,0.00902045,0.00297427,0E-8,0.000000,0.900656,0.000000,0.00763944,2026-03-21,2026-08-06,87,1920,882,139,0.625899,0.863400,0.891889,0.695194,,,,,,,,GLOBAL_BASELINE_NO_ENTITY_RANKING,,,NOT_APPLICABLE_GLOBAL_BASELINE,HF9g-P5,,,,X 全窗基线 · 不参与实体赏罚,8396980,840,A168_HF9F_20260827_0900,2026-08-27 09:00:00
2026-06-10,54653530,763,0,20.5724278036,-0.5143106951,-0.5143106951,0.3333333,3,3,0.50665070000000000,0.506650700000,-0.6004420894325239,-0.6004420894325239,-0.6004420894325239,0E-17,ELIGIBLE,R03b_20260811_FULL_v1,L1_ELIGIBILITY,v2026-08-11,2026-03-21..2026-08-06,baccarat_bet02_101_all_pairs_incl_sentinel,round_win = game_pnl > 0 (decisive only),COMPATIBILITY_ONLY_NOT_PRODUCTION,53571.4227,48249.4483,483.2383,5739,5738,-0.00902045,-0.00297427,-0.01061372,-0.00902045,-483.2383,53571.4227,OK,0.0000,19.3295,4.0000,96.0000,AG03-UNRESOLVED,ALL5_LEVELS_bet23_to_bet27,19.3295,19.3295,24.1619,0.0000,0.0000,4.000000,4.000000,5.000000,0.000000,0.000000,96.000000,96.000000,95.000000,100.000000,100.000000,5.0,62.8210,60.1535,420.4173,423.0848,PENDING_AG03,FALSE,NOT_FOR_ENFORCEMENT,463.9088,46319.4703,483.2383,463.9088,19.3295,0.00902045,0.00865963,19.3295,463.9088,0.00865963,19.3295,19.3295,24.1619,0.0000,0.0000,463.9088,0.00865963,62.8210,60.1535,420.4173,423.0848,0.00784779,0.00789758,0.00036082,9.3346,8.4088,0.0842,5.5545,0.2517,615.7635,65.9540,8.3255,9.6426,5.1431,5.1891,8.2617,16.7816,25.8881,44.2602,5.1891,0.0,4.9889,8.529385,1.798876,29,193,98,2,0.20855820,0.00902045,0.00297427,0E-8,0.000000,0.900656,0.000000,0.00763944,2026-03-21,2026-08-06,87,1920,882,139,0.625899,0.863400,0.891889,0.695194,,,,,,,,GLOBAL_BASELINE_NO_ENTITY_RANKING,,,NOT_APPLICABLE_GLOBAL_BASELINE,HF9g-P5,,,,X 全窗基线 · 不参与实体赏罚,8396981,840,A168_HF9F_20260827_0900,2026-08-27 09:00:00
2026-06-10,54653530,772,0,135.0065574613,-57.8728109650,-57.8728109650,0.2727273,12,12,0.50329940000000000,0.503299400000,-1.5294757667877805,-1.5294757667877807,-1.5294757667877805,0E-17,ELIGIBLE,R03b_20260811_FULL_v1,L1_ELIGIBILITY,v2026-08-11,2026-03-21..2026-08-06,baccarat_bet02_101_all_pairs_incl_sentinel,round_win = game_pnl > 0 (decisive only),COMPATIBILITY_ONLY_NOT_PRODUCTION,53571.4227,48249.4483,483.2383,5739,5738,-0.00902045,-0.00297427,-0.01061372,-0.00902045,-483.2383,53571.4227,OK,0.0000,19.3295,4.0000,96.0000,AG03-UNRESOLVED,ALL5_LEVELS_bet23_to_bet27,19.3295,19.3295,24.1619,0.0000,0.0000,4.000000,4.000000,5.000000,0.000000,0.000000,96.000000,96.000000,95.000000,100.000000,100.000000,5.0,62.8210,60.1535,420.4173,423.0848,PENDING_AG03,FALSE,NOT_FOR_ENFORCEMENT,463.9088,46319.4703,483.2383,463.9088,19.3295,0.00902045,0.00865963,19.3295,463.9088,0.00865963,19.3295,19.3295,24.1619,0.0000,0.0000,463.9088,0.00865963,62.8210,60.1535,420.4173,423.0848,0.00784779,0.00789758,0.00036082,9.3346,8.4088,0.0842,5.5545,0.2517,615.7635,65.9540,8.3255,9.6426,5.1431,5.1891,8.2617,16.7816,25.8881,44.2602,5.1891,0.0,4.9889,8.529385,1.798876,29,193,98,2,0.20855820,0.00902045,0.00297427,0E-8,0.000000,0.900656,0.000000,0.00763944,2026-03-21,2026-08-06,87,1920,882,139,0.625899,0.863400,0.891889,0.695194,,,,,,,,GLOBAL_BASELINE_NO_ENTITY_RANKING,,,NOT_APPLICABLE_GLOBAL_BASELINE,HF9g-P5,,,,X 全窗基线 · 不参与实体赏罚,8396982,840,A168_HF9F_20260827_0900,2026-08-27 09:00:00
2026-06-10,54653530,789,0,25.7155347545,20.5724278036,20.5724278036,1.0000000,3,3,0.49324550000000000,0.493245500000,1.4334489766152358,1.4334489766152358,1.4334489766152358,0E-17,ELIGIBLE,R03b_20260811_FULL_v1,L1_ELIGIBILITY,v2026-08-11,2026-03-21..2026-08-06,baccarat_bet02_101_all_pairs_incl_sentinel,round_win = game_pnl > 0 (decisive only),COMPATIBILITY_ONLY_NOT_PRODUCTION,53571.4227,48249.4483,483.2383,5739,5738,-0.00902045,-0.00297427,-0.01061372,-0.00902045,-483.2383,53571.4227,OK,0.0000,19.3295,4.0000,96.0000,AG03-UNRESOLVED,ALL5_LEVELS_bet23_to_bet27,19.3295,19.3295,24.1619,0.0000,0.0000,4.000000,4.000000,5.000000,0.000000,0.000000,96.000000,96.000000,95.000000,100.000000,100.000000,5.0,62.8210,60.1535,420.4173,423.0848,PENDING_AG03,FALSE,NOT_FOR_ENFORCEMENT,463.9088,46319.4703,483.2383,463.9088,19.3295,0.00902045,0.00865963,19.3295,463.9088,0.00865963,19.3295,19.3295,24.1619,0.0000,0.0000,463.9088,0.00865963,62.8210,60.1535,420.4173,423.0848,0.00784779,0.00789758,0.00036082,9.3346,8.4088,0.0842,5.5545,0.2517,615.7635,65.9540,8.3255,9.6426,5.1431,5.1891,8.2617,16.7816,25.8881,44.2602,5.1891,0.0,4.9889,8.529385,1.798876,29,193,98,2,0.20855820,0.00902045,0.00297427,0E-8,0.000000,0.900656,0.000000,0.00763944,2026-03-21,2026-08-06,87,1920,882,139,0.625899,0.863400,0.891889,0.695194,,,,,,,,GLOBAL_BASELINE_NO_ENTITY_RANKING,,,NOT_APPLICABLE_GLOBAL_BASELINE,HF9g-P5,,,,X 全窗基线 · 不参与实体赏罚,8396983,840,A168_HF9F_20260827_0900,2026-08-27 09:00:00
2026-06-10,54653530,919,0,35.4874379613,7.6375138221,7.6375138221,0.5000000,4,4,0.50665070000000000,0.506650700000,-0.02660515369234503,-0.02660515369234503,-0.02660515369234503,0E-17,ELIGIBLE,R03b_20260811_FULL_v1,L1_ELIGIBILITY,v2026-08-11,2026-03-21..2026-08-06,baccarat_bet02_101_all_pairs_incl_sentinel,round_win = game_pnl > 0 (decisive only),COMPATIBILITY_ONLY_NOT_PRODUCTION,53571.4227,48249.4483,483.2383,5739,5738,-0.00902045,-0.00297427,-0.01061372,-0.00902045,-483.2383,53571.4227,OK,0.0000,19.3295,4.0000,96.0000,AG03-UNRESOLVED,ALL5_LEVELS_bet23_to_bet27,19.3295,19.3295,24.1619,0.0000,0.0000,4.000000,4.000000,5.000000,0.000000,0.000000,96.000000,96.000000,95.000000,100.000000,100.000000,5.0,62.8210,60.1535,420.4173,423.0848,PENDING_AG03,FALSE,NOT_FOR_ENFORCEMENT,463.9088,46319.4703,483.2383,463.9088,19.3295,0.00902045,0.00865963,19.3295,463.9088,0.00865963,19.3295,19.3295,24.1619,0.0000,0.0000,463.9088,0.00865963,62.8210,60.1535,420.4173,423.0848,0.00784779,0.00789758,0.00036082,9.3346,8.4088,0.0842,5.5545,0.2517,615.7635,65.9540,8.3255,9.6426,5.1431,5.1891,8.2617,16.7816,25.8881,44.2602,5.1891,0.0,4.9889,8.529385,1.798876,29,193,98,2,0.20855820,0.00902045,0.00297427,0E-8,0.000000,0.900656,0.000000,0.00763944,2026-03-21,2026-08-06,87,1920,882,139,0.625899,0.863400,0.891889,0.695194,,,,,,,,GLOBAL_BASELINE_NO_ENTITY_RANKING,,,NOT_APPLICABLE_GLOBAL_BASELINE,HF9g-P5,,,,X 全窗基线 · 不参与实体赏罚,8396984,840,A168_HF9F_20260827_0900,2026-08-27 09:00:00
2026-06-10,54653530,925,0,25.7155347545,-25.7155347545,-25.7155347545,0E-7,1,1,0.50665070000000000,0.506650700000,-1.013391052207602,-1.013391052207602,-1.013391052207602,0E-17,ELIGIBLE,R03b_20260811_FULL_v1,L1_ELIGIBILITY,v2026-08-11,2026-03-21..2026-08-06,baccarat_bet02_101_all_pairs_incl_sentinel,round_win = game_pnl > 0 (decisive only),COMPATIBILITY_ONLY_NOT_PRODUCTION,53571.4227,48249.4483,483.2383,5739,5738,-0.00902045,-0.00297427,-0.01061372,-0.00902045,-483.2383,53571.4227,OK,0.0000,19.3295,4.0000,96.0000,AG03-UNRESOLVED,ALL5_LEVELS_bet23_to_bet27,19.3295,19.3295,24.1619,0.0000,0.0000,4.000000,4.000000,5.000000,0.000000,0.000000,96.000000,96.000000,95.000000,100.000000,100.000000,5.0,62.8210,60.1535,420.4173,423.0848,PENDING_AG03,FALSE,NOT_FOR_ENFORCEMENT,463.9088,46319.4703,483.2383,463.9088,19.3295,0.00902045,0.00865963,19.3295,463.9088,0.00865963,19.3295,19.3295,24.1619,0.0000,0.0000,463.9088,0.00865963,62.8210,60.1535,420.4173,423.0848,0.00784779,0.00789758,0.00036082,9.3346,8.4088,0.0842,5.5545,0.2517,615.7635,65.9540,8.3255,9.6426,5.1431,5.1891,8.2617,16.7816,25.8881,44.2602,5.1891,0.0,4.9889,8.529385,1.798876,29,193,98,2,0.20855820,0.00902045,0.00297427,0E-8,0.000000,0.900656,0.000000,0.00763944,2026-03-21,2026-08-06,87,1920,882,139,0.625899,0.863400,0.891889,0.695194,,,,,,,,GLOBAL_BASELINE_NO_ENTITY_RANKING,,,NOT_APPLICABLE_GLOBAL_BASELINE,HF9g-P5,,,,X 全窗基线 · 不参与实体赏罚,8396985,840,A168_HF9F_20260827_0900,2026-08-27 09:00:00
2026-06-10,54653530,986,0,61.9744387584,39.2033327334,39.2033327334,0.7142857,7,7,0.50090561428571429,0.500905614286,1.129103210700875,1.1291032106993646,1.129103210700875,-2.8571E-13,ELIGIBLE,R03b_20260811_FULL_v1,L1_ELIGIBILITY,v2026-08-11,2026-03-21..2026-08-06,baccarat_bet02_101_all_pairs_incl_sentinel,round_win = game_pnl > 0 (decisive only),COMPATIBILITY_ONLY_NOT_PRODUCTION,53571.4227,48249.4483,483.2383,5739,5738,-0.00902045,-0.00297427,-0.01061372,-0.00902045,-483.2383,53571.4227,OK,0.0000,19.3295,4.0000,96.0000,AG03-UNRESOLVED,ALL5_LEVELS_bet23_to_bet27,19.3295,19.3295,24.1619,0.0000,0.0000,4.000000,4.000000,5.000000,0.000000,0.000000,96.000000,96.000000,95.000000,100.000000,100.000000,5.0,62.8210,60.1535,420.4173,423.0848,PENDING_AG03,FALSE,NOT_FOR_ENFORCEMENT,463.9088,46319.4703,483.2383,463.9088,19.3295,0.00902045,0.00865963,19.3295,463.9088,0.00865963,19.3295,19.3295,24.1619,0.0000,0.0000,463.9088,0.00865963,62.8210,60.1535,420.4173,423.0848,0.00784779,0.00789758,0.00036082,9.3346,8.4088,0.0842,5.5545,0.2517,615.7635,65.9540,8.3255,9.6426,5.1431,5.1891,8.2617,16.7816,25.8881,44.2602,5.1891,0.0,4.9889,8.529385,1.798876,29,193,98,2,0.20855820,0.00902045,0.00297427,0E-8,0.000000,0.900656,0.000000,0.00763944,2026-03-21,2026-08-06,87,1920,882,139,0.625899,0.863400,0.891889,0.695194,,,,,,,,GLOBAL_BASELINE_NO_ENTITY_RANKING,,,NOT_APPLICABLE_GLOBAL_BASELINE,HF9g-P5,,,,X 全窗基线 · 不参与实体赏罚,8396986,840,A168_HF9F_20260827_0900,2026-08-27 09:00:00
2026-06-10,54653530,994,0,53.4883122895,16.7150975904,16.7150975904,0.5000000,2,2,0.50665070000000000,0.506650700000,-0.018812684590367487,-0.018812684590367487,-0.018812684590367487,0E-17,ELIGIBLE,R03b_20260811_FULL_v1,L1_ELIGIBILITY,v2026-08-11,2026-03-21..2026-08-06,baccarat_bet02_101_all_pairs_incl_sentinel,round_win = game_pnl > 0 (decisive only),COMPATIBILITY_ONLY_NOT_PRODUCTION,53571.4227,48249.4483,483.2383,5739,5738,-0.00902045,-0.00297427,-0.01061372,-0.00902045,-483.2383,53571.4227,OK,0.0000,19.3295,4.0000,96.0000,AG03-UNRESOLVED,ALL5_LEVELS_bet23_to_bet27,19.3295,19.3295,24.1619,0.0000,0.0000,4.000000,4.000000,5.000000,0.000000,0.000000,96.000000,96.000000,95.000000,100.000000,100.000000,5.0,62.8210,60.1535,420.4173,423.0848,PENDING_AG03,FALSE,NOT_FOR_ENFORCEMENT,463.9088,46319.4703,483.2383,463.9088,19.3295,0.00902045,0.00865963,19.3295,463.9088,0.00865963,19.3295,19.3295,24.1619,0.0000,0.0000,463.9088,0.00865963,62.8210,60.1535,420.4173,423.0848,0.00784779,0.00789758,0.00036082,9.3346,8.4088,0.0842,5.5545,0.2517,615.7635,65.9540,8.3255,9.6426,5.1431,5.1891,8.2617,16.7816,25.8881,44.2602,5.1891,0.0,4.9889,8.529385,1.798876,29,193,98,2,0.20855820,0.00902045,0.00297427,0E-8,0.000000,0.900656,0.000000,0.00763944,2026-03-21,2026-08-06,87,1920,882,139,0.625899,0.863400,0.891889,0.695194,,,,,,,,GLOBAL_BASELINE_NO_ENTITY_RANKING,,,NOT_APPLICABLE_GLOBAL_BASELINE,HF9g-P5,,,,X 全窗基线 · 不参与实体赏罚,8396987,840,A168_HF9F_20260827_0900,2026-08-27 09:00:00
2026-06-11,54653530,1325,0,31.3729524006,-15.9436315478,-15.9436315478,0.2000000,5,5,0.50128862000000000,0.501288620000,-1.347408145195933,-1.347408145195933,-1.347408145195933,0E-17,ELIGIBLE,R03b_20260811_FULL_v1,L1_ELIGIBILITY,v2026-08-11,2026-03-21..2026-08-06,baccarat_bet02_101_all_pairs_incl_sentinel,round_win = game_pnl > 0 (decisive only),COMPATIBILITY_ONLY_NOT_PRODUCTION,53571.4227,48249.4483,483.2383,5739,5738,-0.00902045,-0.00297427,-0.01061372,-0.00902045,-483.2383,53571.4227,OK,0.0000,19.3295,4.0000,96.0000,AG03-UNRESOLVED,ALL5_LEVELS_bet23_to_bet27,19.3295,19.3295,24.1619,0.0000,0.0000,4.000000,4.000000,5.000000,0.000000,0.000000,96.000000,96.000000,95.000000,100.000000,100.000000,5.0,62.8210,60.1535,420.4173,423.0848,PENDING_AG03,FALSE,NOT_FOR_ENFORCEMENT,463.9088,46319.4703,483.2383,463.9088,19.3295,0.00902045,0.00865963,19.3295,463.9088,0.00865963,19.3295,19.3295,24.1619,0.0000,0.0000,463.9088,0.00865963,62.8210,60.1535,420.4173,423.0848,0.00784779,0.00789758,0.00036082,9.3346,8.4088,0.0842,5.5545,0.2517,615.7635,65.9540,8.3255,9.6426,5.1431,5.1891,8.2617,16.7816,25.8881,44.2602,5.1891,0.0,4.9889,8.529385,1.798876,29,193,98,2,0.20855820,0.00902045,0.00297427,0E-8,0.000000,0.900656,0.000000,0.00763944,2026-03-21,2026-08-06,87,1920,882,139,0.625899,0.863400,0.891889,0.695194,,,,,,,,GLOBAL_BASELINE_NO_ENTITY_RANKING,,,NOT_APPLICABLE_GLOBAL_BASELINE,HF9g-P5,,,,X 全窗基线 · 不参与实体赏罚,8396988,840,A168_HF9F_20260827_0900,2026-08-27 09:00:00
2026-06-11,54653530,1963,0,35.2302826137,33.4687684830,33.4687684830,1.0000000,1,1,0.50665070000000000,0.506650700000,0.9867858985152569,0.9867858985152569,0.9867858985152569,0E-17,ELIGIBLE,R03b_20260811_FULL_v1,L1_ELIGIBILITY,v2026-08-11,2026-03-21..2026-08-06,baccarat_bet02_101_all_pairs_incl_sentinel,round_win = game_pnl > 0 (decisive only),COMPATIBILITY_ONLY_NOT_PRODUCTION,53571.4227,48249.4483,483.2383,5739,5738,-0.00902045,-0.00297427,-0.01061372,-0.00902045,-483.2383,53571.4227,OK,0.0000,19.3295,4.0000,96.0000,AG03-UNRESOLVED,ALL5_LEVELS_bet23_to_bet27,19.3295,19.3295,24.1619,0.0000,0.0000,4.000000,4.000000,5.000000,0.000000,0.000000,96.000000,96.000000,95.000000,100.000000,100.000000,5.0,62.8210,60.1535,420.4173,423.0848,PENDING_AG03,FALSE,NOT_FOR_ENFORCEMENT,463.9088,46319.4703,483.2383,463.9088,19.3295,0.00902045,0.00865963,19.3295,463.9088,0.00865963,19.3295,19.3295,24.1619,0.0000,0.0000,463.9088,0.00865963,62.8210,60.1535,420.4173,423.0848,0.00784779,0.00789758,0.00036082,9.3346,8.4088,0.0842,5.5545,0.2517,615.7635,65.9540,8.3255,9.6426,5.1431,5.1891,8.2617,16.7816,25.8881,44.2602,5.1891,0.0,4.9889,8.529385,1.798876,29,193,98,2,0.20855820,0.00902045,0.00297427,0E-8,0.000000,0.900656,0.000000,0.00763944,2026-03-21,2026-08-06,87,1920,882,139,0.625899,0.863400,0.891889,0.695194,,,,,,,,GLOBAL_BASELINE_NO_ENTITY_RANKING,,,NOT_APPLICABLE_GLOBAL_BASELINE,HF9g-P5,,,,X 全窗基线 · 不参与实体赏罚,8396989,840,A168_HF9F_20260827_0900,2026-08-27 09:00:00
2026-06-11,54653530,2233,0,130.3777612057,-40.1162342173,-40.1162342173,0.2500000,8,8,0.50497505000000000,0.504975050000,-1.4424281003036579,-1.4424281003036579,-1.4424281003036579,0E-17,ELIGIBLE,R03b_20260811_FULL_v1,L1_ELIGIBILITY,v2026-08-11,2026-03-21..2026-08-06,baccarat_bet02_101_all_pairs_incl_sentinel,round_win = game_pnl > 0 (decisive only),COMPATIBILITY_ONLY_NOT_PRODUCTION,53571.4227,48249.4483,483.2383,5739,5738,-0.00902045,-0.00297427,-0.01061372,-0.00902045,-483.2383,53571.4227,OK,0.0000,19.3295,4.0000,96.0000,AG03-UNRESOLVED,ALL5_LEVELS_bet23_to_bet27,19.3295,19.3295,24.1619,0.0000,0.0000,4.000000,4.000000,5.000000,0.000000,0.000000,96.000000,96.000000,95.000000,100.000000,100.000000,5.0,62.8210,60.1535,420.4173,423.0848,PENDING_AG03,FALSE,NOT_FOR_ENFORCEMENT,463.9088,46319.4703,483.2383,463.9088,19.3295,0.00902045,0.00865963,19.3295,463.9088,0.00865963,19.3295,19.3295,24.1619,0.0000,0.0000,463.9088,0.00865963,62.8210,60.1535,420.4173,423.0848,0.00784779,0.00789758,0.00036082,9.3346,8.4088,0.0842,5.5545,0.2517,615.7635,65.9540,8.3255,9.6426,5.1431,5.1891,8.2617,16.7816,25.8881,44.2602,5.1891,0.0,4.9889,8.529385,1.798876,29,193,98,2,0.20855820,0.00902045,0.00297427,0E-8,0.000000,0.900656,0.000000,0.00763944,2026-03-21,2026-08-06,87,1920,882,139,0.625899,0.863400,0.891889,0.695194,,,,,,,,GLOBAL_BASELINE_NO_ENTITY_RANKING,,,NOT_APPLICABLE_GLOBAL_BASELINE,HF9g-P5,,,,X 全窗基线 · 不参与实体赏罚,8396990,840,A168_HF9F_20260827_0900,2026-08-27 09:00:00
2026-06-11,54653530,2281,0,143.4926839303,-118.0343045233,-118.0343045233,0.1666667,7,7,0.49707555714285714,0.497075557143,-1.6186940638566263,-1.6186940638573235,-1.6186940638566263,-1.4286E-13,ELIGIBLE,R03b_20260811_FULL_v1,L1_ELIGIBILITY,v2026-08-11,2026-03-21..2026-08-06,baccarat_bet02_101_all_pairs_incl_sentinel,round_win = game_pnl > 0 (decisive only),COMPATIBILITY_ONLY_NOT_PRODUCTION,53571.4227,48249.4483,483.2383,5739,5738,-0.00902045,-0.00297427,-0.01061372,-0.00902045,-483.2383,53571.4227,OK,0.0000,19.3295,4.0000,96.0000,AG03-UNRESOLVED,ALL5_LEVELS_bet23_to_bet27,19.3295,19.3295,24.1619,0.0000,0.0000,4.000000,4.000000,5.000000,0.000000,0.000000,96.000000,96.000000,95.000000,100.000000,100.000000,5.0,62.8210,60.1535,420.4173,423.0848,PENDING_AG03,FALSE,NOT_FOR_ENFORCEMENT,463.9088,46319.4703,483.2383,463.9088,19.3295,0.00902045,0.00865963,19.3295,463.9088,0.00865963,19.3295,19.3295,24.1619,0.0000,0.0000,463.9088,0.00865963,62.8210,60.1535,420.4173,423.0848,0.00784779,0.00789758,0.00036082,9.3346,8.4088,0.0842,5.5545,0.2517,615.7635,65.9540,8.3255,9.6426,5.1431,5.1891,8.2617,16.7816,25.8881,44.2602,5.1891,0.0,4.9889,8.529385,1.798876,29,193,98,2,0.20855820,0.00902045,0.00297427,0E-8,0.000000,0.900656,0.000000,0.00763944,2026-03-21,2026-08-06,87,1920,882,139,0.625899,0.863400,0.891889,0.695194,,,,,,,,GLOBAL_BASELINE_NO_ENTITY_RANKING,,,NOT_APPLICABLE_GLOBAL_BASELINE,HF9g-P5,,,,X 全窗基线 · 不参与实体赏罚,8396991,840,A168_HF9F_20260827_0900,2026-08-27 09:00:00
2026-06-11,54653530,550,0,5.1431069509,0E-10,0E-10,,1,1,0.50665070000000000,0.506650700000,,,,0E-17,NO_DECISIVE_ROUND,R03b_20260811_FULL_v1,L1_ELIGIBILITY,v2026-08-11,2026-03-21..2026-08-06,baccarat_bet02_101_all_pairs_incl_sentinel,round_win = game_pnl > 0 (decisive only),COMPATIBILITY_ONLY_NOT_PRODUCTION,53571.4227,48249.4483,483.2383,5739,5738,-0.00902045,-0.00297427,-0.01061372,-0.00902045,-483.2383,53571.4227,OK,0.0000,19.3295,4.0000,96.0000,AG03-UNRESOLVED,ALL5_LEVELS_bet23_to_bet27,19.3295,19.3295,24.1619,0.0000,0.0000,4.000000,4.000000,5.000000,0.000000,0.000000,96.000000,96.000000,95.000000,100.000000,100.000000,5.0,62.8210,60.1535,420.4173,423.0848,PENDING_AG03,FALSE,NOT_FOR_ENFORCEMENT,463.9088,46319.4703,483.2383,463.9088,19.3295,0.00902045,0.00865963,19.3295,463.9088,0.00865963,19.3295,19.3295,24.1619,0.0000,0.0000,463.9088,0.00865963,62.8210,60.1535,420.4173,423.0848,0.00784779,0.00789758,0.00036082,9.3346,8.4088,0.0842,5.5545,0.2517,615.7635,65.9540,8.3255,9.6426,5.1431,5.1891,8.2617,16.7816,25.8881,44.2602,5.1891,0.0,4.9889,8.529385,1.798876,29,193,98,2,0.20855820,0.00902045,0.00297427,0E-8,0.000000,0.900656,0.000000,0.00763944,2026-03-21,2026-08-06,87,1920,882,139,0.625899,0.863400,0.891889,0.695194,,,,,,,,GLOBAL_BASELINE_NO_ENTITY_RANKING,,,NOT_APPLICABLE_GLOBAL_BASELINE,HF9g-P5,,,,X 全窗基线 · 不参与实体赏罚,8396992,840,A168_HF9F_20260827_0900,2026-08-27 09:00:00
2026-06-12,54653530,994,0,28.2870882300,-28.2870882300,-28.2870882300,0E-7,3,3,0.49324550000000000,0.493245500000,-1.708808463184432,-1.7088084631844318,-1.708808463184432,0E-17,ELIGIBLE,R03b_20260811_FULL_v1,L1_ELIGIBILITY,v2026-08-11,2026-03-21..2026-08-06,baccarat_bet02_101_all_pairs_incl_sentinel,round_win = game_pnl > 0 (decisive only),COMPATIBILITY_ONLY_NOT_PRODUCTION,53571.4227,48249.4483,483.2383,5739,5738,-0.00902045,-0.00297427,-0.01061372,-0.00902045,-483.2383,53571.4227,OK,0.0000,19.3295,4.0000,96.0000,AG03-UNRESOLVED,ALL5_LEVELS_bet23_to_bet27,19.3295,19.3295,24.1619,0.0000,0.0000,4.000000,4.000000,5.000000,0.000000,0.000000,96.000000,96.000000,95.000000,100.000000,100.000000,5.0,62.8210,60.1535,420.4173,423.0848,PENDING_AG03,FALSE,NOT_FOR_ENFORCEMENT,463.9088,46319.4703,483.2383,463.9088,19.3295,0.00902045,0.00865963,19.3295,463.9088,0.00865963,19.3295,19.3295,24.1619,0.0000,0.0000,463.9088,0.00865963,62.8210,60.1535,420.4173,423.0848,0.00784779,0.00789758,0.00036082,9.3346,8.4088,0.0842,5.5545,0.2517,615.7635,65.9540,8.3255,9.6426,5.1431,5.1891,8.2617,16.7816,25.8881,44.2602,5.1891,0.0,4.9889,8.529385,1.798876,29,193,98,2,0.20855820,0.00902045,0.00297427,0E-8,0.000000,0.900656,0.000000,0.00763944,2026-03-21,2026-08-06,87,1920,882,139,0.625899,0.863400,0.891889,0.695194,,,,,,,,GLOBAL_BASELINE_NO_ENTITY_RANKING,,,NOT_APPLICABLE_GLOBAL_BASELINE,HF9g-P5,,,,X 全窗基线 · 不参与实体赏罚,8396993,840,A168_HF9F_20260827_0900,2026-08-27 09:00:00
2026-06-17,54653530,-1,1,5.1431069509,0E-10,0E-10,,1,1,0.50665070000000000,0.506650700000,,,,0E-17,SENTINEL_DEALER,R03b_20260811_FULL_v1,L1_ELIGIBILITY,v2026-08-11,2026-03-21..2026-08-06,baccarat_bet02_101_all_pairs_incl_sentinel,round_win = game_pnl > 0 (decisive only),COMPATIBILITY_ONLY_NOT_PRODUCTION,53571.4227,48249.4483,483.2383,5739,5738,-0.00902045,-0.00297427,-0.01061372,-0.00902045,-483.2383,53571.4227,OK,0.0000,19.3295,4.0000,96.0000,AG03-UNRESOLVED,ALL5_LEVELS_bet23_to_bet27,19.3295,19.3295,24.1619,0.0000,0.0000,4.000000,4.000000,5.000000,0.000000,0.000000,96.000000,96.000000,95.000000,100.000000,100.000000,5.0,62.8210,60.1535,420.4173,423.0848,PENDING_AG03,FALSE,NOT_FOR_ENFORCEMENT,463.9088,46319.4703,483.2383,463.9088,19.3295,0.00902045,0.00865963,19.3295,463.9088,0.00865963,19.3295,19.3295,24.1619,0.0000,0.0000,463.9088,0.00865963,62.8210,60.1535,420.4173,423.0848,0.00784779,0.00789758,0.00036082,9.3346,8.4088,0.0842,5.5545,0.2517,615.7635,65.9540,8.3255,9.6426,5.1431,5.1891,8.2617,16.7816,25.8881,44.2602,5.1891,0.0,4.9889,8.529385,1.798876,29,193,98,2,0.20855820,0.00902045,0.00297427,0E-8,0.000000,0.900656,0.000000,0.00763944,2026-03-21,2026-08-06,87,1920,882,139,0.625899,0.863400,0.891889,0.695194,,,,,,,,GLOBAL_BASELINE_NO_ENTITY_RANKING,,,NOT_APPLICABLE_GLOBAL_BASELINE,HF9g-P5,,,,X 全窗基线 · 不参与实体赏罚,8396994,840,A168_HF9F_20260827_0900,2026-08-27 09:00:00
2026-06-17,54653530,1299,0,5.1431069509,4.8859516034,4.8859516034,1.0000000,1,1,0.50665070000000000,0.506650700000,0.9867858985152569,0.9867858985152569,0.9867858985152569,0E-17,ELIGIBLE,R03b_20260811_FULL_v1,L1_ELIGIBILITY,v2026-08-11,2026-03-21..2026-08-06,baccarat_bet02_101_all_pairs_incl_sentinel,round_win = game_pnl > 0 (decisive only),COMPATIBILITY_ONLY_NOT_PRODUCTION,53571.4227,48249.4483,483.2383,5739,5738,-0.00902045,-0.00297427,-0.01061372,-0.00902045,-483.2383,53571.4227,OK,0.0000,19.3295,4.0000,96.0000,AG03-UNRESOLVED,ALL5_LEVELS_bet23_to_bet27,19.3295,19.3295,24.1619,0.0000,0.0000,4.000000,4.000000,5.000000,0.000000,0.000000,96.000000,96.000000,95.000000,100.000000,100.000000,5.0,62.8210,60.1535,420.4173,423.0848,PENDING_AG03,FALSE,NOT_FOR_ENFORCEMENT,463.9088,46319.4703,483.2383,463.9088,19.3295,0.00902045,0.00865963,19.3295,463.9088,0.00865963,19.3295,19.3295,24.1619,0.0000,0.0000,463.9088,0.00865963,62.8210,60.1535,420.4173,423.0848,0.00784779,0.00789758,0.00036082,9.3346,8.4088,0.0842,5.5545,0.2517,615.7635,65.9540,8.3255,9.6426,5.1431,5.1891,8.2617,16.7816,25.8881,44.2602,5.1891,0.0,4.9889,8.529385,1.798876,29,193,98,2,0.20855820,0.00902045,0.00297427,0E-8,0.000000,0.900656,0.000000,0.00763944,2026-03-21,2026-08-06,87,1920,882,139,0.625899,0.863400,0.891889,0.695194,,,,,,,,GLOBAL_BASELINE_NO_ENTITY_RANKING,,,NOT_APPLICABLE_GLOBAL_BASELINE,HF9g-P5,,,,X 全窗基线 · 不参与实体赏罚,8396995,840,A168_HF9F_20260827_0900,2026-08-27 09:00:00
2026-06-17,54653530,1307,0,18.2580296757,7.3160696377,7.3160696377,0.6666667,3,3,0.50665070000000000,0.506650700000,0.5543606114942035,0.5543606114942035,0.5543606114942035,0E-17,ELIGIBLE,R03b_20260811_FULL_v1,L1_ELIGIBILITY,v2026-08-11,2026-03-21..2026-08-06,baccarat_bet02_101_all_pairs_incl_sentinel,round_win = game_pnl > 0 (decisive only),COMPATIBILITY_ONLY_NOT_PRODUCTION,53571.4227,48249.4483,483.2383,5739,5738,-0.00902045,-0.00297427,-0.01061372,-0.00902045,-483.2383,53571.4227,OK,0.0000,19.3295,4.0000,96.0000,AG03-UNRESOLVED,ALL5_LEVELS_bet23_to_bet27,19.3295,19.3295,24.1619,0.0000,0.0000,4.000000,4.000000,5.000000,0.000000,0.000000,96.000000,96.000000,95.000000,100.000000,100.000000,5.0,62.8210,60.1535,420.4173,423.0848,PENDING_AG03,FALSE,NOT_FOR_ENFORCEMENT,463.9088,46319.4703,483.2383,463.9088,19.3295,0.00902045,0.00865963,19.3295,463.9088,0.00865963,19.3295,19.3295,24.1619,0.0000,0.0000,463.9088,0.00865963,62.8210,60.1535,420.4173,423.0848,0.00784779,0.00789758,0.00036082,9.3346,8.4088,0.0842,5.5545,0.2517,615.7635,65.9540,8.3255,9.6426,5.1431,5.1891,8.2617,16.7816,25.8881,44.2602,5.1891,0.0,4.9889,8.529385,1.798876,29,193,98,2,0.20855820,0.00902045,0.00297427,0E-8,0.000000,0.900656,0.000000,0.00763944,2026-03-21,2026-08-06,87,1920,882,139,0.625899,0.863400,0.891889,0.695194,,,,,,,,GLOBAL_BASELINE_NO_ENTITY_RANKING,,,NOT_APPLICABLE_GLOBAL_BASELINE,HF9g-P5,,,,X 全窗基线 · 不参与实体赏罚,8396996,840,A168_HF9F_20260827_0900,2026-08-27 09:00:00
2026-06-17,54653530,1325,0,29.5728649677,2.5201224060,2.5201224060,0.3333333,3,3,0.50665070000000000,0.506650700000,-0.6004420894325239,-0.6004420894325239,-0.6004420894325239,0E-17,ELIGIBLE,R03b_20260811_FULL_v1,L1_ELIGIBILITY,v2026-08-11,2026-03-21..2026-08-06,baccarat_bet02_101_all_pairs_incl_sentinel,round_win = game_pnl > 0 (decisive only),COMPATIBILITY_ONLY_NOT_PRODUCTION,53571.4227,48249.4483,483.2383,5739,5738,-0.00902045,-0.00297427,-0.01061372,-0.00902045,-483.2383,53571.4227,OK,0.0000,19.3295,4.0000,96.0000,AG03-UNRESOLVED,ALL5_LEVELS_bet23_to_bet27,19.3295,19.3295,24.1619,0.0000,0.0000,4.000000,4.000000,5.000000,0.000000,0.000000,96.000000,96.000000,95.000000,100.000000,100.000000,5.0,62.8210,60.1535,420.4173,423.0848,PENDING_AG03,FALSE,NOT_FOR_ENFORCEMENT,463.9088,46319.4703,483.2383,463.9088,19.3295,0.00902045,0.00865963,19.3295,463.9088,0.00865963,19.3295,19.3295,24.1619,0.0000,0.0000,463.9088,0.00865963,62.8210,60.1535,420.4173,423.0848,0.00784779,0.00789758,0.00036082,9.3346,8.4088,0.0842,5.5545,0.2517,615.7635,65.9540,8.3255,9.6426,5.1431,5.1891,8.2617,16.7816,25.8881,44.2602,5.1891,0.0,4.9889,8.529385,1.798876,29,193,98,2,0.20855820,0.00902045,0.00297427,0E-8,0.000000,0.900656,0.000000,0.00763944,2026-03-21,2026-08-06,87,1920,882,139,0.625899,0.863400,0.891889,0.695194,,,,,,,,GLOBAL_BASELINE_NO_ENTITY_RANKING,,,NOT_APPLICABLE_GLOBAL_BASELINE,HF9g-P5,,,,X 全窗基线 · 不参与实体赏罚,8396997,840,A168_HF9F_20260827_0900,2026-08-27 09:00:00
2026-06-17,54653530,1331,0,15.4293208527,4.6287962558,4.6287962558,0.5000000,2,2,0.50665070000000000,0.506650700000,-0.018812684590367487,-0.018812684590367487,-0.018812684590367487,0E-17,ELIGIBLE,R03b_20260811_FULL_v1,L1_ELIGIBILITY,v2026-08-11,2026-03-21..2026-08-06,baccarat_bet02_101_all_pairs_incl_sentinel,round_win = game_pnl > 0 (decisive only),COMPATIBILITY_ONLY_NOT_PRODUCTION,53571.4227,48249.4483,483.2383,5739,5738,-0.00902045,-0.00297427,-0.01061372,-0.00902045,-483.2383,53571.4227,OK,0.0000,19.3295,4.0000,96.0000,AG03-UNRESOLVED,ALL5_LEVELS_bet23_to_bet27,19.3295,19.3295,24.1619,0.0000,0.0000,4.000000,4.000000,5.000000,0.000000,0.000000,96.000000,96.000000,95.000000,100.000000,100.000000,5.0,62.8210,60.1535,420.4173,423.0848,PENDING_AG03,FALSE,NOT_FOR_ENFORCEMENT,463.9088,46319.4703,483.2383,463.9088,19.3295,0.00902045,0.00865963,19.3295,463.9088,0.00865963,19.3295,19.3295,24.1619,0.0000,0.0000,463.9088,0.00865963,62.8210,60.1535,420.4173,423.0848,0.00784779,0.00789758,0.00036082,9.3346,8.4088,0.0842,5.5545,0.2517,615.7635,65.9540,8.3255,9.6426,5.1431,5.1891,8.2617,16.7816,25.8881,44.2602,5.1891,0.0,4.9889,8.529385,1.798876,29,193,98,2,0.20855820,0.00902045,0.00297427,0E-8,0.000000,0.900656,0.000000,0.00763944,2026-03-21,2026-08-06,87,1920,882,139,0.625899,0.863400,0.891889,0.695194,,,,,,,,GLOBAL_BASELINE_NO_ENTITY_RANKING,,,NOT_APPLICABLE_GLOBAL_BASELINE,HF9g-P5,,,,X 全窗基线 · 不参与实体赏罚,8396998,840,A168_HF9F_20260827_0900,2026-08-27 09:00:00
2026-06-17,54653530,1353,0,20.5724278036,19.5438064136,19.5438064136,1.0000000,4,4,0.50665070000000000,0.506650700000,1.9735717970305138,1.9735717970305138,1.9735717970305138,0E-17,ELIGIBLE,R03b_20260811_FULL_v1,L1_ELIGIBILITY,v2026-08-11,2026-03-21..2026-08-06,baccarat_bet02_101_all_pairs_incl_sentinel,round_win = game_pnl > 0 (decisive only),COMPATIBILITY_ONLY_NOT_PRODUCTION,53571.4227,48249.4483,483.2383,5739,5738,-0.00902045,-0.00297427,-0.01061372,-0.00902045,-483.2383,53571.4227,OK,0.0000,19.3295,4.0000,96.0000,AG03-UNRESOLVED,ALL5_LEVELS_bet23_to_bet27,19.3295,19.3295,24.1619,0.0000,0.0000,4.000000,4.000000,5.000000,0.000000,0.000000,96.000000,96.000000,95.000000,100.000000,100.000000,5.0,62.8210,60.1535,420.4173,423.0848,PENDING_AG03,FALSE,NOT_FOR_ENFORCEMENT,463.9088,46319.4703,483.2383,463.9088,19.3295,0.00902045,0.00865963,19.3295,463.9088,0.00865963,19.3295,19.3295,24.1619,0.0000,0.0000,463.9088,0.00865963,62.8210,60.1535,420.4173,423.0848,0.00784779,0.00789758,0.00036082,9.3346,8.4088,0.0842,5.5545,0.2517,615.7635,65.9540,8.3255,9.6426,5.1431,5.1891,8.2617,16.7816,25.8881,44.2602,5.1891,0.0,4.9889,8.529385,1.798876,29,193,98,2,0.20855820,0.00902045,0.00297427,0E-8,0.000000,0.900656,0.000000,0.00763944,2026-03-21,2026-08-06,87,1920,882,139,0.625899,0.863400,0.891889,0.695194,,,,,,,,GLOBAL_BASELINE_NO_ENTITY_RANKING,,,NOT_APPLICABLE_GLOBAL_BASELINE,HF9g-P5,,,,X 全窗基线 · 不参与实体赏罚,8396999,840,A168_HF9F_20260827_0900,2026-08-27 09:00:00
2026-06-17,54653530,1714,0,5.1431069509,0E-10,0E-10,,1,1,0.50665070000000000,0.506650700000,,,,0E-17,NO_DECISIVE_ROUND,R03b_20260811_FULL_v1,L1_ELIGIBILITY,v2026-08-11,2026-03-21..2026-08-06,baccarat_bet02_101_all_pairs_incl_sentinel,round_win = game_pnl > 0 (decisive only),COMPATIBILITY_ONLY_NOT_PRODUCTION,53571.4227,48249.4483,483.2383,5739,5738,-0.00902045,-0.00297427,-0.01061372,-0.00902045,-483.2383,53571.4227,OK,0.0000,19.3295,4.0000,96.0000,AG03-UNRESOLVED,ALL5_LEVELS_bet23_to_bet27,19.3295,19.3295,24.1619,0.0000,0.0000,4.000000,4.000000,5.000000,0.000000,0.000000,96.000000,96.000000,95.000000,100.000000,100.000000,5.0,62.8210,60.1535,420.4173,423.0848,PENDING_AG03,FALSE,NOT_FOR_ENFORCEMENT,463.9088,46319.4703,483.2383,463.9088,19.3295,0.00902045,0.00865963,19.3295,463.9088,0.00865963,19.3295,19.3295,24.1619,0.0000,0.0000,463.9088,0.00865963,62.8210,60.1535,420.4173,423.0848,0.00784779,0.00789758,0.00036082,9.3346,8.4088,0.0842,5.5545,0.2517,615.7635,65.9540,8.3255,9.6426,5.1431,5.1891,8.2617,16.7816,25.8881,44.2602,5.1891,0.0,4.9889,8.529385,1.798876,29,193,98,2,0.20855820,0.00902045,0.00297427,0E-8,0.000000,0.900656,0.000000,0.00763944,2026-03-21,2026-08-06,87,1920,882,139,0.625899,0.863400,0.891889,0.695194,,,,,,,,GLOBAL_BASELINE_NO_ENTITY_RANKING,,,NOT_APPLICABLE_GLOBAL_BASELINE,HF9g-P5,,,,X 全窗基线 · 不参与实体赏罚,8397000,840,A168_HF9F_20260827_0900,2026-08-27 09:00:00
2026-06-17,54653530,1963,0,28.2870882300,-28.2870882300,-28.2870882300,0E-7,3,3,0.49324550000000000,0.493245500000,-1.708808463184432,-1.7088084631844318,-1.708808463184432,0E-17,ELIGIBLE,R03b_20260811_FULL_v1,L1_ELIGIBILITY,v2026-08-11,2026-03-21..2026-08-06,baccarat_bet02_101_all_pairs_incl_sentinel,round_win = game_pnl > 0 (decisive only),COMPATIBILITY_ONLY_NOT_PRODUCTION,53571.4227,48249.4483,483.2383,5739,5738,-0.00902045,-0.00297427,-0.01061372,-0.00902045,-483.2383,53571.4227,OK,0.0000,19.3295,4.0000,96.0000,AG03-UNRESOLVED,ALL5_LEVELS_bet23_to_bet27,19.3295,19.3295,24.1619,0.0000,0.0000,4.000000,4.000000,5.000000,0.000000,0.000000,96.000000,96.000000,95.000000,100.000000,100.000000,5.0,62.8210,60.1535,420.4173,423.0848,PENDING_AG03,FALSE,NOT_FOR_ENFORCEMENT,463.9088,46319.4703,483.2383,463.9088,19.3295,0.00902045,0.00865963,19.3295,463.9088,0.00865963,19.3295,19.3295,24.1619,0.0000,0.0000,463.9088,0.00865963,62.8210,60.1535,420.4173,423.0848,0.00784779,0.00789758,0.00036082,9.3346,8.4088,0.0842,5.5545,0.2517,615.7635,65.9540,8.3255,9.6426,5.1431,5.1891,8.2617,16.7816,25.8881,44.2602,5.1891,0.0,4.9889,8.529385,1.798876,29,193,98,2,0.20855820,0.00902045,0.00297427,0E-8,0.000000,0.900656,0.000000,0.00763944,2026-03-21,2026-08-06,87,1920,882,139,0.625899,0.863400,0.891889,0.695194,,,,,,,,GLOBAL_BASELINE_NO_ENTITY_RANKING,,,NOT_APPLICABLE_GLOBAL_BASELINE,HF9g-P5,,,,X 全窗基线 · 不参与实体赏罚,8397001,840,A168_HF9F_20260827_0900,2026-08-27 09:00:00
2026-06-17,54653530,1985,0,18.2580296757,7.3160696377,7.3160696377,0.6666667,3,3,0.50665070000000000,0.506650700000,0.5543606114942035,0.5543606114942035,0.5543606114942035,0E-17,ELIGIBLE,R03b_20260811_FULL_v1,L1_ELIGIBILITY,v2026-08-11,2026-03-21..2026-08-06,baccarat_bet02_101_all_pairs_incl_sentinel,round_win = game_pnl > 0 (decisive only),COMPATIBILITY_ONLY_NOT_PRODUCTION,53571.4227,48249.4483,483.2383,5739,5738,-0.00902045,-0.00297427,-0.01061372,-0.00902045,-483.2383,53571.4227,OK,0.0000,19.3295,4.0000,96.0000,AG03-UNRESOLVED,ALL5_LEVELS_bet23_to_bet27,19.3295,19.3295,24.1619,0.0000,0.0000,4.000000,4.000000,5.000000,0.000000,0.000000,96.000000,96.000000,95.000000,100.000000,100.000000,5.0,62.8210,60.1535,420.4173,423.0848,PENDING_AG03,FALSE,NOT_FOR_ENFORCEMENT,463.9088,46319.4703,483.2383,463.9088,19.3295,0.00902045,0.00865963,19.3295,463.9088,0.00865963,19.3295,19.3295,24.1619,0.0000,0.0000,463.9088,0.00865963,62.8210,60.1535,420.4173,423.0848,0.00784779,0.00789758,0.00036082,9.3346,8.4088,0.0842,5.5545,0.2517,615.7635,65.9540,8.3255,9.6426,5.1431,5.1891,8.2617,16.7816,25.8881,44.2602,5.1891,0.0,4.9889,8.529385,1.798876,29,193,98,2,0.20855820,0.00902045,0.00297427,0E-8,0.000000,0.900656,0.000000,0.00763944,2026-03-21,2026-08-06,87,1920,882,139,0.625899,0.863400,0.891889,0.695194,,,,,,,,GLOBAL_BASELINE_NO_ENTITY_RANKING,,,NOT_APPLICABLE_GLOBAL_BASELINE,HF9g-P5,,,,X 全窗基线 · 不参与实体赏罚,8397002,840,A168_HF9F_20260827_0900,2026-08-27 09:00:00
2026-06-17,54653530,1991,0,12.8577673773,2.1858204541,2.1858204541,0.5000000,2,2,0.50665070000000000,0.506650700000,-0.018812684590367487,-0.018812684590367487,-0.018812684590367487,0E-17,ELIGIBLE,R03b_20260811_FULL_v1,L1_ELIGIBILITY,v2026-08-11,2026-03-21..2026-08-06,baccarat_bet02_101_all_pairs_incl_sentinel,round_win = game_pnl > 0 (decisive only),COMPATIBILITY_ONLY_NOT_PRODUCTION,53571.4227,48249.4483,483.2383,5739,5738,-0.00902045,-0.00297427,-0.01061372,-0.00902045,-483.2383,53571.4227,OK,0.0000,19.3295,4.0000,96.0000,AG03-UNRESOLVED,ALL5_LEVELS_bet23_to_bet27,19.3295,19.3295,24.1619,0.0000,0.0000,4.000000,4.000000,5.000000,0.000000,0.000000,96.000000,96.000000,95.000000,100.000000,100.000000,5.0,62.8210,60.1535,420.4173,423.0848,PENDING_AG03,FALSE,NOT_FOR_ENFORCEMENT,463.9088,46319.4703,483.2383,463.9088,19.3295,0.00902045,0.00865963,19.3295,463.9088,0.00865963,19.3295,19.3295,24.1619,0.0000,0.0000,463.9088,0.00865963,62.8210,60.1535,420.4173,423.0848,0.00784779,0.00789758,0.00036082,9.3346,8.4088,0.0842,5.5545,0.2517,615.7635,65.9540,8.3255,9.6426,5.1431,5.1891,8.2617,16.7816,25.8881,44.2602,5.1891,0.0,4.9889,8.529385,1.798876,29,193,98,2,0.20855820,0.00902045,0.00297427,0E-8,0.000000,0.900656,0.000000,0.00763944,2026-03-21,2026-08-06,87,1920,882,139,0.625899,0.863400,0.891889,0.695194,,,,,,,,GLOBAL_BASELINE_NO_ENTITY_RANKING,,,NOT_APPLICABLE_GLOBAL_BASELINE,HF9g-P5,,,,X 全窗基线 · 不参与实体赏罚,8397003,840,A168_HF9F_20260827_0900,2026-08-27 09:00:00
2026-06-17,54653530,2134,0,5.1431069509,0E-10,0E-10,,1,1,0.50665070000000000,0.506650700000,,,,0E-17,NO_DECISIVE_ROUND,R03b_20260811_FULL_v1,L1_ELIGIBILITY,v2026-08-11,2026-03-21..2026-08-06,baccarat_bet02_101_all_pairs_incl_sentinel,round_win = game_pnl > 0 (decisive only),COMPATIBILITY_ONLY_NOT_PRODUCTION,53571.4227,48249.4483,483.2383,5739,5738,-0.00902045,-0.00297427,-0.01061372,-0.00902045,-483.2383,53571.4227,OK,0.0000,19.3295,4.0000,96.0000,AG03-UNRESOLVED,ALL5_LEVELS_bet23_to_bet27,19.3295,19.3295,24.1619,0.0000,0.0000,4.000000,4.000000,5.000000,0.000000,0.000000,96.000000,96.000000,95.000000,100.000000,100.000000,5.0,62.8210,60.1535,420.4173,423.0848,PENDING_AG03,FALSE,NOT_FOR_ENFORCEMENT,463.9088,46319.4703,483.2383,463.9088,19.3295,0.00902045,0.00865963,19.3295,463.9088,0.00865963,19.3295,19.3295,24.1619,0.0000,0.0000,463.9088,0.00865963,62.8210,60.1535,420.4173,423.0848,0.00784779,0.00789758,0.00036082,9.3346,8.4088,0.0842,5.5545,0.2517,615.7635,65.9540,8.3255,9.6426,5.1431,5.1891,8.2617,16.7816,25.8881,44.2602,5.1891,0.0,4.9889,8.529385,1.798876,29,193,98,2,0.20855820,0.00902045,0.00297427,0E-8,0.000000,0.900656,0.000000,0.00763944,2026-03-21,2026-08-06,87,1920,882,139,0.625899,0.863400,0.891889,0.695194,,,,,,,,GLOBAL_BASELINE_NO_ENTITY_RANKING,,,NOT_APPLICABLE_GLOBAL_BASELINE,HF9g-P5,,,,X 全窗基线 · 不参与实体赏罚,8397004,840,A168_HF9F_20260827_0900,2026-08-27 09:00:00
2026-06-17,54653530,2142,0,5.1431069509,4.8859516034,4.8859516034,1.0000000,1,1,0.50665070000000000,0.506650700000,0.9867858985152569,0.9867858985152569,0.9867858985152569,0E-17,ELIGIBLE,R03b_20260811_FULL_v1,L1_ELIGIBILITY,v2026-08-11,2026-03-21..2026-08-06,baccarat_bet02_101_all_pairs_incl_sentinel,round_win = game_pnl > 0 (decisive only),COMPATIBILITY_ONLY_NOT_PRODUCTION,53571.4227,48249.4483,483.2383,5739,5738,-0.00902045,-0.00297427,-0.01061372,-0.00902045,-483.2383,53571.4227,OK,0.0000,19.3295,4.0000,96.0000,AG03-UNRESOLVED,ALL5_LEVELS_bet23_to_bet27,19.3295,19.3295,24.1619,0.0000,0.0000,4.000000,4.000000,5.000000,0.000000,0.000000,96.000000,96.000000,95.000000,100.000000,100.000000,5.0,62.8210,60.1535,420.4173,423.0848,PENDING_AG03,FALSE,NOT_FOR_ENFORCEMENT,463.9088,46319.4703,483.2383,463.9088,19.3295,0.00902045,0.00865963,19.3295,463.9088,0.00865963,19.3295,19.3295,24.1619,0.0000,0.0000,463.9088,0.00865963,62.8210,60.1535,420.4173,423.0848,0.00784779,0.00789758,0.00036082,9.3346,8.4088,0.0842,5.5545,0.2517,615.7635,65.9540,8.3255,9.6426,5.1431,5.1891,8.2617,16.7816,25.8881,44.2602,5.1891,0.0,4.9889,8.529385,1.798876,29,193,98,2,0.20855820,0.00902045,0.00297427,0E-8,0.000000,0.900656,0.000000,0.00763944,2026-03-21,2026-08-06,87,1920,882,139,0.625899,0.863400,0.891889,0.695194,,,,,,,,GLOBAL_BASELINE_NO_ENTITY_RANKING,,,NOT_APPLICABLE_GLOBAL_BASELINE,HF9g-P5,,,,X 全窗基线 · 不参与实体赏罚,8397005,840,A168_HF9F_20260827_0900,2026-08-27 09:00:00
2026-06-17,54653530,2153,0,64.0316815388,3.1630107748,3.1630107748,0.2500000,4,4,0.50665070000000000,0.506650700000,-1.0266936290537745,-1.0266936290537745,-1.0266936290537745,0E-17,ELIGIBLE,R03b_20260811_FULL_v1,L1_ELIGIBILITY,v2026-08-11,2026-03-21..2026-08-06,baccarat_bet02_101_all_pairs_incl_sentinel,round_win = game_pnl > 0 (decisive only),COMPATIBILITY_ONLY_NOT_PRODUCTION,53571.4227,48249.4483,483.2383,5739,5738,-0.00902045,-0.00297427,-0.01061372,-0.00902045,-483.2383,53571.4227,OK,0.0000,19.3295,4.0000,96.0000,AG03-UNRESOLVED,ALL5_LEVELS_bet23_to_bet27,19.3295,19.3295,24.1619,0.0000,0.0000,4.000000,4.000000,5.000000,0.000000,0.000000,96.000000,96.000000,95.000000,100.000000,100.000000,5.0,62.8210,60.1535,420.4173,423.0848,PENDING_AG03,FALSE,NOT_FOR_ENFORCEMENT,463.9088,46319.4703,483.2383,463.9088,19.3295,0.00902045,0.00865963,19.3295,463.9088,0.00865963,19.3295,19.3295,24.1619,0.0000,0.0000,463.9088,0.00865963,62.8210,60.1535,420.4173,423.0848,0.00784779,0.00789758,0.00036082,9.3346,8.4088,0.0842,5.5545,0.2517,615.7635,65.9540,8.3255,9.6426,5.1431,5.1891,8.2617,16.7816,25.8881,44.2602,5.1891,0.0,4.9889,8.529385,1.798876,29,193,98,2,0.20855820,0.00902045,0.00297427,0E-8,0.000000,0.900656,0.000000,0.00763944,2026-03-21,2026-08-06,87,1920,882,139,0.625899,0.863400,0.891889,0.695194,,,,,,,,GLOBAL_BASELINE_NO_ENTITY_RANKING,,,NOT_APPLICABLE_GLOBAL_BASELINE,HF9g-P5,,,,X 全窗基线 · 不参与实体赏罚,8397006,840,A168_HF9F_20260827_0900,2026-08-27 09:00:00
2026-06-17,54653530,2175,0,5.1431069509,4.8859516034,4.8859516034,1.0000000,1,1,0.50665070000000000,0.506650700000,0.9867858985152569,0.9867858985152569,0.9867858985152569,0E-17,ELIGIBLE,R03b_20260811_FULL_v1,L1_ELIGIBILITY,v2026-08-11,2026-03-21..2026-08-06,baccarat_bet02_101_all_pairs_incl_sentinel,round_win = game_pnl > 0 (decisive only),COMPATIBILITY_ONLY_NOT_PRODUCTION,53571.4227,48249.4483,483.2383,5739,5738,-0.00902045,-0.00297427,-0.01061372,-0.00902045,-483.2383,53571.4227,OK,0.0000,19.3295,4.0000,96.0000,AG03-UNRESOLVED,ALL5_LEVELS_bet23_to_bet27,19.3295,19.3295,24.1619,0.0000,0.0000,4.000000,4.000000,5.000000,0.000000,0.000000,96.000000,96.000000,95.000000,100.000000,100.000000,5.0,62.8210,60.1535,420.4173,423.0848,PENDING_AG03,FALSE,NOT_FOR_ENFORCEMENT,463.9088,46319.4703,483.2383,463.9088,19.3295,0.00902045,0.00865963,19.3295,463.9088,0.00865963,19.3295,19.3295,24.1619,0.0000,0.0000,463.9088,0.00865963,62.8210,60.1535,420.4173,423.0848,0.00784779,0.00789758,0.00036082,9.3346,8.4088,0.0842,5.5545,0.2517,615.7635,65.9540,8.3255,9.6426,5.1431,5.1891,8.2617,16.7816,25.8881,44.2602,5.1891,0.0,4.9889,8.529385,1.798876,29,193,98,2,0.20855820,0.00902045,0.00297427,0E-8,0.000000,0.900656,0.000000,0.00763944,2026-03-21,2026-08-06,87,1920,882,139,0.625899,0.863400,0.891889,0.695194,,,,,,,,GLOBAL_BASELINE_NO_ENTITY_RANKING,,,NOT_APPLICABLE_GLOBAL_BASELINE,HF9g-P5,,,,X 全窗基线 · 不参与实体赏罚,8397007,840,A168_HF9F_20260827_0900,2026-08-27 09:00:00
2026-06-17,54653530,2187,0,198.5239283051,-114.6912850053,-114.6912850053,0E-7,3,3,0.49324550000000000,0.493245500000,-1.3952362676504506,-1.3952362676504506,-1.3952362676504506,0E-17,ELIGIBLE,R03b_20260811_FULL_v1,L1_ELIGIBILITY,v2026-08-11,2026-03-21..2026-08-06,baccarat_bet02_101_all_pairs_incl_sentinel,round_win = game_pnl > 0 (decisive only),COMPATIBILITY_ONLY_NOT_PRODUCTION,53571.4227,48249.4483,483.2383,5739,5738,-0.00902045,-0.00297427,-0.01061372,-0.00902045,-483.2383,53571.4227,OK,0.0000,19.3295,4.0000,96.0000,AG03-UNRESOLVED,ALL5_LEVELS_bet23_to_bet27,19.3295,19.3295,24.1619,0.0000,0.0000,4.000000,4.000000,5.000000,0.000000,0.000000,96.000000,96.000000,95.000000,100.000000,100.000000,5.0,62.8210,60.1535,420.4173,423.0848,PENDING_AG03,FALSE,NOT_FOR_ENFORCEMENT,463.9088,46319.4703,483.2383,463.9088,19.3295,0.00902045,0.00865963,19.3295,463.9088,0.00865963,19.3295,19.3295,24.1619,0.0000,0.0000,463.9088,0.00865963,62.8210,60.1535,420.4173,423.0848,0.00784779,0.00789758,0.00036082,9.3346,8.4088,0.0842,5.5545,0.2517,615.7635,65.9540,8.3255,9.6426,5.1431,5.1891,8.2617,16.7816,25.8881,44.2602,5.1891,0.0,4.9889,8.529385,1.798876,29,193,98,2,0.20855820,0.00902045,0.00297427,0E-8,0.000000,0.900656,0.000000,0.00763944,2026-03-21,2026-08-06,87,1920,882,139,0.625899,0.863400,0.891889,0.695194,,,,,,,,GLOBAL_BASELINE_NO_ENTITY_RANKING,,,NOT_APPLICABLE_GLOBAL_BASELINE,HF9g-P5,,,,X 全窗基线 · 不参与实体赏罚,8397008,840,A168_HF9F_20260827_0900,2026-08-27 09:00:00
2026-06-17,54653530,2205,0,5.1431069509,4.8859516034,4.8859516034,1.0000000,1,1,0.50665070000000000,0.506650700000,0.9867858985152569,0.9867858985152569,0.9867858985152569,0E-17,ELIGIBLE,R03b_20260811_FULL_v1,L1_ELIGIBILITY,v2026-08-11,2026-03-21..2026-08-06,baccarat_bet02_101_all_pairs_incl_sentinel,round_win = game_pnl > 0 (decisive only),COMPATIBILITY_ONLY_NOT_PRODUCTION,53571.4227,48249.4483,483.2383,5739,5738,-0.00902045,-0.00297427,-0.01061372,-0.00902045,-483.2383,53571.4227,OK,0.0000,19.3295,4.0000,96.0000,AG03-UNRESOLVED,ALL5_LEVELS_bet23_to_bet27,19.3295,19.3295,24.1619,0.0000,0.0000,4.000000,4.000000,5.000000,0.000000,0.000000,96.000000,96.000000,95.000000,100.000000,100.000000,5.0,62.8210,60.1535,420.4173,423.0848,PENDING_AG03,FALSE,NOT_FOR_ENFORCEMENT,463.9088,46319.4703,483.2383,463.9088,19.3295,0.00902045,0.00865963,19.3295,463.9088,0.00865963,19.3295,19.3295,24.1619,0.0000,0.0000,463.9088,0.00865963,62.8210,60.1535,420.4173,423.0848,0.00784779,0.00789758,0.00036082,9.3346,8.4088,0.0842,5.5545,0.2517,615.7635,65.9540,8.3255,9.6426,5.1431,5.1891,8.2617,16.7816,25.8881,44.2602,5.1891,0.0,4.9889,8.529385,1.798876,29,193,98,2,0.20855820,0.00902045,0.00297427,0E-8,0.000000,0.900656,0.000000,0.00763944,2026-03-21,2026-08-06,87,1920,882,139,0.625899,0.863400,0.891889,0.695194,,,,,,,,GLOBAL_BASELINE_NO_ENTITY_RANKING,,,NOT_APPLICABLE_GLOBAL_BASELINE,HF9g-P5,,,,X 全窗基线 · 不参与实体赏罚,8397009,840,A168_HF9F_20260827_0900,2026-08-27 09:00:00
2026-06-17,54653530,2223,0,74.8322061357,10.4147915756,10.4147915756,0.4000000,5,5,0.50665070000000000,0.506650700000,-0.4769986289884125,-0.4769986289884125,-0.4769986289884125,0E-17,ELIGIBLE,R03b_20260811_FULL_v1,L1_ELIGIBILITY,v2026-08-11,2026-03-21..2026-08-06,baccarat_bet02_101_all_pairs_incl_sentinel,round_win = game_pnl > 0 (decisive only),COMPATIBILITY_ONLY_NOT_PRODUCTION,53571.4227,48249.4483,483.2383,5739,5738,-0.00902045,-0.00297427,-0.01061372,-0.00902045,-483.2383,53571.4227,OK,0.0000,19.3295,4.0000,96.0000,AG03-UNRESOLVED,ALL5_LEVELS_bet23_to_bet27,19.3295,19.3295,24.1619,0.0000,0.0000,4.000000,4.000000,5.000000,0.000000,0.000000,96.000000,96.000000,95.000000,100.000000,100.000000,5.0,62.8210,60.1535,420.4173,423.0848,PENDING_AG03,FALSE,NOT_FOR_ENFORCEMENT,463.9088,46319.4703,483.2383,463.9088,19.3295,0.00902045,0.00865963,19.3295,463.9088,0.00865963,19.3295,19.3295,24.1619,0.0000,0.0000,463.9088,0.00865963,62.8210,60.1535,420.4173,423.0848,0.00784779,0.00789758,0.00036082,9.3346,8.4088,0.0842,5.5545,0.2517,615.7635,65.9540,8.3255,9.6426,5.1431,5.1891,8.2617,16.7816,25.8881,44.2602,5.1891,0.0,4.9889,8.529385,1.798876,29,193,98,2,0.20855820,0.00902045,0.00297427,0E-8,0.000000,0.900656,0.000000,0.00763944,2026-03-21,2026-08-06,87,1920,882,139,0.625899,0.863400,0.891889,0.695194,,,,,,,,GLOBAL_BASELINE_NO_ENTITY_RANKING,,,NOT_APPLICABLE_GLOBAL_BASELINE,HF9g-P5,,,,X 全窗基线 · 不参与实体赏罚,8397010,840,A168_HF9F_20260827_0900,2026-08-27 09:00:00
2026-06-17,54653530,2271,0,12.8577673773,2.5715534755,2.5715534755,0.5000000,2,2,0.49324550000000000,0.493245500000,0.01910635448239258,0.01910635448239258,0.01910635448239258,0E-17,ELIGIBLE,R03b_20260811_FULL_v1,L1_ELIGIBILITY,v2026-08-11,2026-03-21..2026-08-06,baccarat_bet02_101_all_pairs_incl_sentinel,round_win = game_pnl > 0 (decisive only),COMPATIBILITY_ONLY_NOT_PRODUCTION,53571.4227,48249.4483,483.2383,5739,5738,-0.00902045,-0.00297427,-0.01061372,-0.00902045,-483.2383,53571.4227,OK,0.0000,19.3295,4.0000,96.0000,AG03-UNRESOLVED,ALL5_LEVELS_bet23_to_bet27,19.3295,19.3295,24.1619,0.0000,0.0000,4.000000,4.000000,5.000000,0.000000,0.000000,96.000000,96.000000,95.000000,100.000000,100.000000,5.0,62.8210,60.1535,420.4173,423.0848,PENDING_AG03,FALSE,NOT_FOR_ENFORCEMENT,463.9088,46319.4703,483.2383,463.9088,19.3295,0.00902045,0.00865963,19.3295,463.9088,0.00865963,19.3295,19.3295,24.1619,0.0000,0.0000,463.9088,0.00865963,62.8210,60.1535,420.4173,423.0848,0.00784779,0.00789758,0.00036082,9.3346,8.4088,0.0842,5.5545,0.2517,615.7635,65.9540,8.3255,9.6426,5.1431,5.1891,8.2617,16.7816,25.8881,44.2602,5.1891,0.0,4.9889,8.529385,1.798876,29,193,98,2,0.20855820,0.00902045,0.00297427,0E-8,0.000000,0.900656,0.000000,0.00763944,2026-03-21,2026-08-06,87,1920,882,139,0.625899,0.863400,0.891889,0.695194,,,,,,,,GLOBAL_BASELINE_NO_ENTITY_RANKING,,,NOT_APPLICABLE_GLOBAL_BASELINE,HF9g-P5,,,,X 全窗基线 · 不参与实体赏罚,8397011,840,A168_HF9F_20260827_0900,2026-08-27 09:00:00
2026-06-18,54653530,-1,1,107.7480906216,34.1630879216,34.1630879216,0.6666667,12,12,0.50665070000000000,0.506650700000,1.108721222988407,1.108721222988407,1.108721222988407,0E-17,SENTINEL_DEALER,R03b_20260811_FULL_v1,L1_ELIGIBILITY,v2026-08-11,2026-03-21..2026-08-06,baccarat_bet02_101_all_pairs_incl_sentinel,round_win = game_pnl > 0 (decisive only),COMPATIBILITY_ONLY_NOT_PRODUCTION,53571.4227,48249.4483,483.2383,5739,5738,-0.00902045,-0.00297427,-0.01061372,-0.00902045,-483.2383,53571.4227,OK,0.0000,19.3295,4.0000,96.0000,AG03-UNRESOLVED,ALL5_LEVELS_bet23_to_bet27,19.3295,19.3295,24.1619,0.0000,0.0000,4.000000,4.000000,5.000000,0.000000,0.000000,96.000000,96.000000,95.000000,100.000000,100.000000,5.0,62.8210,60.1535,420.4173,423.0848,PENDING_AG03,FALSE,NOT_FOR_ENFORCEMENT,463.9088,46319.4703,483.2383,463.9088,19.3295,0.00902045,0.00865963,19.3295,463.9088,0.00865963,19.3295,19.3295,24.1619,0.0000,0.0000,463.9088,0.00865963,62.8210,60.1535,420.4173,423.0848,0.00784779,0.00789758,0.00036082,9.3346,8.4088,0.0842,5.5545,0.2517,615.7635,65.9540,8.3255,9.6426,5.1431,5.1891,8.2617,16.7816,25.8881,44.2602,5.1891,0.0,4.9889,8.529385,1.798876,29,193,98,2,0.20855820,0.00902045,0.00297427,0E-8,0.000000,0.900656,0.000000,0.00763944,2026-03-21,2026-08-06,87,1920,882,139,0.625899,0.863400,0.891889,0.695194,,,,,,,,GLOBAL_BASELINE_NO_ENTITY_RANKING,,,NOT_APPLICABLE_GLOBAL_BASELINE,HF9g-P5,,,,X 全窗基线 · 不参与实体赏罚,8397012,840,A168_HF9F_20260827_0900,2026-08-27 09:00:00
2026-06-18,54653530,1210,0,42.4306323450,-24.8797798750,-24.8797798750,0.2000000,5,5,0.49860758000000000,0.498607580000,-1.3354188732730328,-1.3354188732730328,-1.3354188732730328,0E-17,ELIGIBLE,R03b_20260811_FULL_v1,L1_ELIGIBILITY,v2026-08-11,2026-03-21..2026-08-06,baccarat_bet02_101_all_pairs_incl_sentinel,round_win = game_pnl > 0 (decisive only),COMPATIBILITY_ONLY_NOT_PRODUCTION,53571.4227,48249.4483,483.2383,5739,5738,-0.00902045,-0.00297427,-0.01061372,-0.00902045,-483.2383,53571.4227,OK,0.0000,19.3295,4.0000,96.0000,AG03-UNRESOLVED,ALL5_LEVELS_bet23_to_bet27,19.3295,19.3295,24.1619,0.0000,0.0000,4.000000,4.000000,5.000000,0.000000,0.000000,96.000000,96.000000,95.000000,100.000000,100.000000,5.0,62.8210,60.1535,420.4173,423.0848,PENDING_AG03,FALSE,NOT_FOR_ENFORCEMENT,463.9088,46319.4703,483.2383,463.9088,19.3295,0.00902045,0.00865963,19.3295,463.9088,0.00865963,19.3295,19.3295,24.1619,0.0000,0.0000,463.9088,0.00865963,62.8210,60.1535,420.4173,423.0848,0.00784779,0.00789758,0.00036082,9.3346,8.4088,0.0842,5.5545,0.2517,615.7635,65.9540,8.3255,9.6426,5.1431,5.1891,8.2617,16.7816,25.8881,44.2602,5.1891,0.0,4.9889,8.529385,1.798876,29,193,98,2,0.20855820,0.00902045,0.00297427,0E-8,0.000000,0.900656,0.000000,0.00763944,2026-03-21,2026-08-06,87,1920,882,139,0.625899,0.863400,0.891889,0.695194,,,,,,,,GLOBAL_BASELINE_NO_ENTITY_RANKING,,,NOT_APPLICABLE_GLOBAL_BASELINE,HF9g-P5,,,,X 全窗基线 · 不参与实体赏罚,8397013,840,A168_HF9F_20260827_0900,2026-08-27 09:00:00
2026-06-18,54653530,1307,0,12.8577673773,2.1858204541,2.1858204541,0.5000000,2,2,0.50665070000000000,0.506650700000,-0.018812684590367487,-0.018812684590367487,-0.018812684590367487,0E-17,ELIGIBLE,R03b_20260811_FULL_v1,L1_ELIGIBILITY,v2026-08-11,2026-03-21..2026-08-06,baccarat_bet02_101_all_pairs_incl_sentinel,round_win = game_pnl > 0 (decisive only),COMPATIBILITY_ONLY_NOT_PRODUCTION,53571.4227,48249.4483,483.2383,5739,5738,-0.00902045,-0.00297427,-0.01061372,-0.00902045,-483.2383,53571.4227,OK,0.0000,19.3295,4.0000,96.0000,AG03-UNRESOLVED,ALL5_LEVELS_bet23_to_bet27,19.3295,19.3295,24.1619,0.0000,0.0000,4.000000,4.000000,5.000000,0.000000,0.000000,96.000000,96.000000,95.000000,100.000000,100.000000,5.0,62.8210,60.1535,420.4173,423.0848,PENDING_AG03,FALSE,NOT_FOR_ENFORCEMENT,463.9088,46319.4703,483.2383,463.9088,19.3295,0.00902045,0.00865963,19.3295,463.9088,0.00865963,19.3295,19.3295,24.1619,0.0000,0.0000,463.9088,0.00865963,62.8210,60.1535,420.4173,423.0848,0.00784779,0.00789758,0.00036082,9.3346,8.4088,0.0842,5.5545,0.2517,615.7635,65.9540,8.3255,9.6426,5.1431,5.1891,8.2617,16.7816,25.8881,44.2602,5.1891,0.0,4.9889,8.529385,1.798876,29,193,98,2,0.20855820,0.00902045,0.00297427,0E-8,0.000000,0.900656,0.000000,0.00763944,2026-03-21,2026-08-06,87,1920,882,139,0.625899,0.863400,0.891889,0.695194,,,,,,,,GLOBAL_BASELINE_NO_ENTITY_RANKING,,,NOT_APPLICABLE_GLOBAL_BASELINE,HF9g-P5,,,,X 全窗基线 · 不参与实体赏罚,8397014,840,A168_HF9F_20260827_0900,2026-08-27 09:00:00
2026-06-18,54653530,1325,0,10.2862139018,9.7719032068,9.7719032068,1.0000000,2,2,0.50665070000000000,0.506650700000,1.3955260008387969,1.3955260008387969,1.3955260008387969,0E-17,ELIGIBLE,R03b_20260811_FULL_v1,L1_ELIGIBILITY,v2026-08-11,2026-03-21..2026-08-06,baccarat_bet02_101_all_pairs_incl_sentinel,round_win = game_pnl > 0 (decisive only),COMPATIBILITY_ONLY_NOT_PRODUCTION,53571.4227,48249.4483,483.2383,5739,5738,-0.00902045,-0.00297427,-0.01061372,-0.00902045,-483.2383,53571.4227,OK,0.0000,19.3295,4.0000,96.0000,AG03-UNRESOLVED,ALL5_LEVELS_bet23_to_bet27,19.3295,19.3295,24.1619,0.0000,0.0000,4.000000,4.000000,5.000000,0.000000,0.000000,96.000000,96.000000,95.000000,100.000000,100.000000,5.0,62.8210,60.1535,420.4173,423.0848,PENDING_AG03,FALSE,NOT_FOR_ENFORCEMENT,463.9088,46319.4703,483.2383,463.9088,19.3295,0.00902045,0.00865963,19.3295,463.9088,0.00865963,19.3295,19.3295,24.1619,0.0000,0.0000,463.9088,0.00865963,62.8210,60.1535,420.4173,423.0848,0.00784779,0.00789758,0.00036082,9.3346,8.4088,0.0842,5.5545,0.2517,615.7635,65.9540,8.3255,9.6426,5.1431,5.1891,8.2617,16.7816,25.8881,44.2602,5.1891,0.0,4.9889,8.529385,1.798876,29,193,98,2,0.20855820,0.00902045,0.00297427,0E-8,0.000000,0.900656,0.000000,0.00763944,2026-03-21,2026-08-06,87,1920,882,139,0.625899,0.863400,0.891889,0.695194,,,,,,,,GLOBAL_BASELINE_NO_ENTITY_RANKING,,,NOT_APPLICABLE_GLOBAL_BASELINE,HF9g-P5,,,,X 全窗基线 · 不参与实体赏罚,8397015,840,A168_HF9F_20260827_0900,2026-08-27 09:00:00
2026-06-18,54653530,1331,0,20.5724278036,19.5438064136,19.5438064136,1.0000000,4,4,0.50665070000000000,0.506650700000,1.9735717970305138,1.9735717970305138,1.9735717970305138,0E-17,ELIGIBLE,R03b_20260811_FULL_v1,L1_ELIGIBILITY,v2026-08-11,2026-03-21..2026-08-06,baccarat_bet02_101_all_pairs_incl_sentinel,round_win = game_pnl > 0 (decisive only),COMPATIBILITY_ONLY_NOT_PRODUCTION,53571.4227,48249.4483,483.2383,5739,5738,-0.00902045,-0.00297427,-0.01061372,-0.00902045,-483.2383,53571.4227,OK,0.0000,19.3295,4.0000,96.0000,AG03-UNRESOLVED,ALL5_LEVELS_bet23_to_bet27,19.3295,19.3295,24.1619,0.0000,0.0000,4.000000,4.000000,5.000000,0.000000,0.000000,96.000000,96.000000,95.000000,100.000000,100.000000,5.0,62.8210,60.1535,420.4173,423.0848,PENDING_AG03,FALSE,NOT_FOR_ENFORCEMENT,463.9088,46319.4703,483.2383,463.9088,19.3295,0.00902045,0.00865963,19.3295,463.9088,0.00865963,19.3295,19.3295,24.1619,0.0000,0.0000,463.9088,0.00865963,62.8210,60.1535,420.4173,423.0848,0.00784779,0.00789758,0.00036082,9.3346,8.4088,0.0842,5.5545,0.2517,615.7635,65.9540,8.3255,9.6426,5.1431,5.1891,8.2617,16.7816,25.8881,44.2602,5.1891,0.0,4.9889,8.529385,1.798876,29,193,98,2,0.20855820,0.00902045,0.00297427,0E-8,0.000000,0.900656,0.000000,0.00763944,2026-03-21,2026-08-06,87,1920,882,139,0.625899,0.863400,0.891889,0.695194,,,,,,,,GLOBAL_BASELINE_NO_ENTITY_RANKING,,,NOT_APPLICABLE_GLOBAL_BASELINE,HF9g-P5,,,,X 全窗基线 · 不参与实体赏罚,8397016,840,A168_HF9F_20260827_0900,2026-08-27 09:00:00
2026-06-18,54653530,1401,0,5.1431069509,4.8859516034,4.8859516034,1.0000000,1,1,0.50665070000000000,0.506650700000,0.9867858985152569,0.9867858985152569,0.9867858985152569,0E-17,ELIGIBLE,R03b_20260811_FULL_v1,L1_ELIGIBILITY,v2026-08-11,2026-03-21..2026-08-06,baccarat_bet02_101_all_pairs_incl_sentinel,round_win = game_pnl > 0 (decisive only),COMPATIBILITY_ONLY_NOT_PRODUCTION,53571.4227,48249.4483,483.2383,5739,5738,-0.00902045,-0.00297427,-0.01061372,-0.00902045,-483.2383,53571.4227,OK,0.0000,19.3295,4.0000,96.0000,AG03-UNRESOLVED,ALL5_LEVELS_bet23_to_bet27,19.3295,19.3295,24.1619,0.0000,0.0000,4.000000,4.000000,5.000000,0.000000,0.000000,96.000000,96.000000,95.000000,100.000000,100.000000,5.0,62.8210,60.1535,420.4173,423.0848,PENDING_AG03,FALSE,NOT_FOR_ENFORCEMENT,463.9088,46319.4703,483.2383,463.9088,19.3295,0.00902045,0.00865963,19.3295,463.9088,0.00865963,19.3295,19.3295,24.1619,0.0000,0.0000,463.9088,0.00865963,62.8210,60.1535,420.4173,423.0848,0.00784779,0.00789758,0.00036082,9.3346,8.4088,0.0842,5.5545,0.2517,615.7635,65.9540,8.3255,9.6426,5.1431,5.1891,8.2617,16.7816,25.8881,44.2602,5.1891,0.0,4.9889,8.529385,1.798876,29,193,98,2,0.20855820,0.00902045,0.00297427,0E-8,0.000000,0.900656,0.000000,0.00763944,2026-03-21,2026-08-06,87,1920,882,139,0.625899,0.863400,0.891889,0.695194,,,,,,,,GLOBAL_BASELINE_NO_ENTITY_RANKING,,,NOT_APPLICABLE_GLOBAL_BASELINE,HF9g-P5,,,,X 全窗基线 · 不参与实体赏罚,8397017,840,A168_HF9F_20260827_0900,2026-08-27 09:00:00
2026-06-18,54653530,1714,0,15.4293208527,4.6287962558,4.6287962558,0.5000000,2,2,0.50665070000000000,0.506650700000,-0.018812684590367487,-0.018812684590367487,-0.018812684590367487,0E-17,ELIGIBLE,R03b_20260811_FULL_v1,L1_ELIGIBILITY,v2026-08-11,2026-03-21..2026-08-06,baccarat_bet02_101_all_pairs_incl_sentinel,round_win = game_pnl > 0 (decisive only),COMPATIBILITY_ONLY_NOT_PRODUCTION,53571.4227,48249.4483,483.2383,5739,5738,-0.00902045,-0.00297427,-0.01061372,-0.00902045,-483.2383,53571.4227,OK,0.0000,19.3295,4.0000,96.0000,AG03-UNRESOLVED,ALL5_LEVELS_bet23_to_bet27,19.3295,19.3295,24.1619,0.0000,0.0000,4.000000,4.000000,5.000000,0.000000,0.000000,96.000000,96.000000,95.000000,100.000000,100.000000,5.0,62.8210,60.1535,420.4173,423.0848,PENDING_AG03,FALSE,NOT_FOR_ENFORCEMENT,463.9088,46319.4703,483.2383,463.9088,19.3295,0.00902045,0.00865963,19.3295,463.9088,0.00865963,19.3295,19.3295,24.1619,0.0000,0.0000,463.9088,0.00865963,62.8210,60.1535,420.4173,423.0848,0.00784779,0.00789758,0.00036082,9.3346,8.4088,0.0842,5.5545,0.2517,615.7635,65.9540,8.3255,9.6426,5.1431,5.1891,8.2617,16.7816,25.8881,44.2602,5.1891,0.0,4.9889,8.529385,1.798876,29,193,98,2,0.20855820,0.00902045,0.00297427,0E-8,0.000000,0.900656,0.000000,0.00763944,2026-03-21,2026-08-06,87,1920,882,139,0.625899,0.863400,0.891889,0.695194,,,,,,,,GLOBAL_BASELINE_NO_ENTITY_RANKING,,,NOT_APPLICABLE_GLOBAL_BASELINE,HF9g-P5,,,,X 全窗基线 · 不参与实体赏罚,8397018,840,A168_HF9F_20260827_0900,2026-08-27 09:00:00
2026-06-18,54653530,1985,0,16.2007868954,4.8602360686,4.8602360686,0.5000000,2,2,0.50665070000000000,0.506650700000,-0.018812684590367487,-0.018812684590367487,-0.018812684590367487,0E-17,ELIGIBLE,R03b_20260811_FULL_v1,L1_ELIGIBILITY,v2026-08-11,2026-03-21..2026-08-06,baccarat_bet02_101_all_pairs_incl_sentinel,round_win = game_pnl > 0 (decisive only),COMPATIBILITY_ONLY_NOT_PRODUCTION,53571.4227,48249.4483,483.2383,5739,5738,-0.00902045,-0.00297427,-0.01061372,-0.00902045,-483.2383,53571.4227,OK,0.0000,19.3295,4.0000,96.0000,AG03-UNRESOLVED,ALL5_LEVELS_bet23_to_bet27,19.3295,19.3295,24.1619,0.0000,0.0000,4.000000,4.000000,5.000000,0.000000,0.000000,96.000000,96.000000,95.000000,100.000000,100.000000,5.0,62.8210,60.1535,420.4173,423.0848,PENDING_AG03,FALSE,NOT_FOR_ENFORCEMENT,463.9088,46319.4703,483.2383,463.9088,19.3295,0.00902045,0.00865963,19.3295,463.9088,0.00865963,19.3295,19.3295,24.1619,0.0000,0.0000,463.9088,0.00865963,62.8210,60.1535,420.4173,423.0848,0.00784779,0.00789758,0.00036082,9.3346,8.4088,0.0842,5.5545,0.2517,615.7635,65.9540,8.3255,9.6426,5.1431,5.1891,8.2617,16.7816,25.8881,44.2602,5.1891,0.0,4.9889,8.529385,1.798876,29,193,98,2,0.20855820,0.00902045,0.00297427,0E-8,0.000000,0.900656,0.000000,0.00763944,2026-03-21,2026-08-06,87,1920,882,139,0.625899,0.863400,0.891889,0.695194,,,,,,,,GLOBAL_BASELINE_NO_ENTITY_RANKING,,,NOT_APPLICABLE_GLOBAL_BASELINE,HF9g-P5,,,,X 全窗基线 · 不参与实体赏罚,8397019,840,A168_HF9F_20260827_0900,2026-08-27 09:00:00
2026-06-18,54653530,2127,0,117.7771491759,6.6346079667,6.6346079667,0.2500000,5,5,0.50665070000000000,0.506650700000,-1.0266936290537745,-1.0266936290537745,-1.0266936290537745,0E-17,ELIGIBLE,R03b_20260811_FULL_v1,L1_ELIGIBILITY,v2026-08-11,2026-03-21..2026-08-06,baccarat_bet02_101_all_pairs_incl_sentinel,round_win = game_pnl > 0 (decisive only),COMPATIBILITY_ONLY_NOT_PRODUCTION,53571.4227,48249.4483,483.2383,5739,5738,-0.00902045,-0.00297427,-0.01061372,-0.00902045,-483.2383,53571.4227,OK,0.0000,19.3295,4.0000,96.0000,AG03-UNRESOLVED,ALL5_LEVELS_bet23_to_bet27,19.3295,19.3295,24.1619,0.0000,0.0000,4.000000,4.000000,5.000000,0.000000,0.000000,96.000000,96.000000,95.000000,100.000000,100.000000,5.0,62.8210,60.1535,420.4173,423.0848,PENDING_AG03,FALSE,NOT_FOR_ENFORCEMENT,463.9088,46319.4703,483.2383,463.9088,19.3295,0.00902045,0.00865963,19.3295,463.9088,0.00865963,19.3295,19.3295,24.1619,0.0000,0.0000,463.9088,0.00865963,62.8210,60.1535,420.4173,423.0848,0.00784779,0.00789758,0.00036082,9.3346,8.4088,0.0842,5.5545,0.2517,615.7635,65.9540,8.3255,9.6426,5.1431,5.1891,8.2617,16.7816,25.8881,44.2602,5.1891,0.0,4.9889,8.529385,1.798876,29,193,98,2,0.20855820,0.00902045,0.00297427,0E-8,0.000000,0.900656,0.000000,0.00763944,2026-03-21,2026-08-06,87,1920,882,139,0.625899,0.863400,0.891889,0.695194,,,,,,,,GLOBAL_BASELINE_NO_ENTITY_RANKING,,,NOT_APPLICABLE_GLOBAL_BASELINE,HF9g-P5,,,,X 全窗基线 · 不参与实体赏罚,8397020,840,A168_HF9F_20260827_0900,2026-08-27 09:00:00
2026-06-18,54653530,2134,0,169.9796847276,30.7300640316,30.7300640316,0.3333333,7,7,0.50665070000000000,0.506650700000,-0.8491533462951141,-0.8491533462951141,-0.8491533462951141,0E-17,ELIGIBLE,R03b_20260811_FULL_v1,L1_ELIGIBILITY,v2026-08-11,2026-03-21..2026-08-06,baccarat_bet02_101_all_pairs_incl_sentinel,round_win = game_pnl > 0 (decisive only),COMPATIBILITY_ONLY_NOT_PRODUCTION,53571.4227,48249.4483,483.2383,5739,5738,-0.00902045,-0.00297427,-0.01061372,-0.00902045,-483.2383,53571.4227,OK,0.0000,19.3295,4.0000,96.0000,AG03-UNRESOLVED,ALL5_LEVELS_bet23_to_bet27,19.3295,19.3295,24.1619,0.0000,0.0000,4.000000,4.000000,5.000000,0.000000,0.000000,96.000000,96.000000,95.000000,100.000000,100.000000,5.0,62.8210,60.1535,420.4173,423.0848,PENDING_AG03,FALSE,NOT_FOR_ENFORCEMENT,463.9088,46319.4703,483.2383,463.9088,19.3295,0.00902045,0.00865963,19.3295,463.9088,0.00865963,19.3295,19.3295,24.1619,0.0000,0.0000,463.9088,0.00865963,62.8210,60.1535,420.4173,423.0848,0.00784779,0.00789758,0.00036082,9.3346,8.4088,0.0842,5.5545,0.2517,615.7635,65.9540,8.3255,9.6426,5.1431,5.1891,8.2617,16.7816,25.8881,44.2602,5.1891,0.0,4.9889,8.529385,1.798876,29,193,98,2,0.20855820,0.00902045,0.00297427,0E-8,0.000000,0.900656,0.000000,0.00763944,2026-03-21,2026-08-06,87,1920,882,139,0.625899,0.863400,0.891889,0.695194,,,,,,,,GLOBAL_BASELINE_NO_ENTITY_RANKING,,,NOT_APPLICABLE_GLOBAL_BASELINE,HF9g-P5,,,,X 全窗基线 · 不参与实体赏罚,8397021,840,A168_HF9F_20260827_0900,2026-08-27 09:00:00
2026-06-18,54653530,2153,0,202.3812585183,-132.9493146810,-132.9493146810,0E-7,6,6,0.50665070000000000,0.506650700000,-2.266011280526236,-2.266011280526236,-2.266011280526236,0E-17,ELIGIBLE,R03b_20260811_FULL_v1,L1_ELIGIBILITY,v2026-08-11,2026-03-21..2026-08-06,baccarat_bet02_101_all_pairs_incl_sentinel,round_win = game_pnl > 0 (decisive only),COMPATIBILITY_ONLY_NOT_PRODUCTION,53571.4227,48249.4483,483.2383,5739,5738,-0.00902045,-0.00297427,-0.01061372,-0.00902045,-483.2383,53571.4227,OK,0.0000,19.3295,4.0000,96.0000,AG03-UNRESOLVED,ALL5_LEVELS_bet23_to_bet27,19.3295,19.3295,24.1619,0.0000,0.0000,4.000000,4.000000,5.000000,0.000000,0.000000,96.000000,96.000000,95.000000,100.000000,100.000000,5.0,62.8210,60.1535,420.4173,423.0848,PENDING_AG03,FALSE,NOT_FOR_ENFORCEMENT,463.9088,46319.4703,483.2383,463.9088,19.3295,0.00902045,0.00865963,19.3295,463.9088,0.00865963,19.3295,19.3295,24.1619,0.0000,0.0000,463.9088,0.00865963,62.8210,60.1535,420.4173,423.0848,0.00784779,0.00789758,0.00036082,9.3346,8.4088,0.0842,5.5545,0.2517,615.7635,65.9540,8.3255,9.6426,5.1431,5.1891,8.2617,16.7816,25.8881,44.2602,5.1891,0.0,4.9889,8.529385,1.798876,29,193,98,2,0.20855820,0.00902045,0.00297427,0E-8,0.000000,0.900656,0.000000,0.00763944,2026-03-21,2026-08-06,87,1920,882,139,0.625899,0.863400,0.891889,0.695194,,,,,,,,GLOBAL_BASELINE_NO_ENTITY_RANKING,,,NOT_APPLICABLE_GLOBAL_BASELINE,HF9g-P5,,,,X 全窗基线 · 不参与实体赏罚,8397022,840,A168_HF9F_20260827_0900,2026-08-27 09:00:00
2026-06-18,54653530,2223,0,5.1431069509,4.8859516034,4.8859516034,1.0000000,1,1,0.50665070000000000,0.506650700000,0.9867858985152569,0.9867858985152569,0.9867858985152569,0E-17,ELIGIBLE,R03b_20260811_FULL_v1,L1_ELIGIBILITY,v2026-08-11,2026-03-21..2026-08-06,baccarat_bet02_101_all_pairs_incl_sentinel,round_win = game_pnl > 0 (decisive only),COMPATIBILITY_ONLY_NOT_PRODUCTION,53571.4227,48249.4483,483.2383,5739,5738,-0.00902045,-0.00297427,-0.01061372,-0.00902045,-483.2383,53571.4227,OK,0.0000,19.3295,4.0000,96.0000,AG03-UNRESOLVED,ALL5_LEVELS_bet23_to_bet27,19.3295,19.3295,24.1619,0.0000,0.0000,4.000000,4.000000,5.000000,0.000000,0.000000,96.000000,96.000000,95.000000,100.000000,100.000000,5.0,62.8210,60.1535,420.4173,423.0848,PENDING_AG03,FALSE,NOT_FOR_ENFORCEMENT,463.9088,46319.4703,483.2383,463.9088,19.3295,0.00902045,0.00865963,19.3295,463.9088,0.00865963,19.3295,19.3295,24.1619,0.0000,0.0000,463.9088,0.00865963,62.8210,60.1535,420.4173,423.0848,0.00784779,0.00789758,0.00036082,9.3346,8.4088,0.0842,5.5545,0.2517,615.7635,65.9540,8.3255,9.6426,5.1431,5.1891,8.2617,16.7816,25.8881,44.2602,5.1891,0.0,4.9889,8.529385,1.798876,29,193,98,2,0.20855820,0.00902045,0.00297427,0E-8,0.000000,0.900656,0.000000,0.00763944,2026-03-21,2026-08-06,87,1920,882,139,0.625899,0.863400,0.891889,0.695194,,,,,,,,GLOBAL_BASELINE_NO_ENTITY_RANKING,,,NOT_APPLICABLE_GLOBAL_BASELINE,HF9g-P5,,,,X 全窗基线 · 不参与实体赏罚,8397023,840,A168_HF9F_20260827_0900,2026-08-27 09:00:00
2026-06-18,54653530,2267,0,5.1431069509,4.8859516034,4.8859516034,1.0000000,1,1,0.50665070000000000,0.506650700000,0.9867858985152569,0.9867858985152569,0.9867858985152569,0E-17,ELIGIBLE,R03b_20260811_FULL_v1,L1_ELIGIBILITY,v2026-08-11,2026-03-21..2026-08-06,baccarat_bet02_101_all_pairs_incl_sentinel,round_win = game_pnl > 0 (decisive only),COMPATIBILITY_ONLY_NOT_PRODUCTION,53571.4227,48249.4483,483.2383,5739,5738,-0.00902045,-0.00297427,-0.01061372,-0.00902045,-483.2383,53571.4227,OK,0.0000,19.3295,4.0000,96.0000,AG03-UNRESOLVED,ALL5_LEVELS_bet23_to_bet27,19.3295,19.3295,24.1619,0.0000,0.0000,4.000000,4.000000,5.000000,0.000000,0.000000,96.000000,96.000000,95.000000,100.000000,100.000000,5.0,62.8210,60.1535,420.4173,423.0848,PENDING_AG03,FALSE,NOT_FOR_ENFORCEMENT,463.9088,46319.4703,483.2383,463.9088,19.3295,0.00902045,0.00865963,19.3295,463.9088,0.00865963,19.3295,19.3295,24.1619,0.0000,0.0000,463.9088,0.00865963,62.8210,60.1535,420.4173,423.0848,0.00784779,0.00789758,0.00036082,9.3346,8.4088,0.0842,5.5545,0.2517,615.7635,65.9540,8.3255,9.6426,5.1431,5.1891,8.2617,16.7816,25.8881,44.2602,5.1891,0.0,4.9889,8.529385,1.798876,29,193,98,2,0.20855820,0.00902045,0.00297427,0E-8,0.000000,0.900656,0.000000,0.00763944,2026-03-21,2026-08-06,87,1920,882,139,0.625899,0.863400,0.891889,0.695194,,,,,,,,GLOBAL_BASELINE_NO_ENTITY_RANKING,,,NOT_APPLICABLE_GLOBAL_BASELINE,HF9g-P5,,,,X 全窗基线 · 不参与实体赏罚,8397024,840,A168_HF9F_20260827_0900,2026-08-27 09:00:00
2026-06-18,54653530,772,0,114.1769743102,-85.6327307326,-85.6327307326,0E-7,6,6,0.50665070000000000,0.506650700000,-2.026782104415204,-2.026782104415204,-2.026782104415204,0E-17,ELIGIBLE,R03b_20260811_FULL_v1,L1_ELIGIBILITY,v2026-08-11,2026-03-21..2026-08-06,baccarat_bet02_101_all_pairs_incl_sentinel,round_win = game_pnl > 0 (decisive only),COMPATIBILITY_ONLY_NOT_PRODUCTION,53571.4227,48249.4483,483.2383,5739,5738,-0.00902045,-0.00297427,-0.01061372,-0.00902045,-483.2383,53571.4227,OK,0.0000,19.3295,4.0000,96.0000,AG03-UNRESOLVED,ALL5_LEVELS_bet23_to_bet27,19.3295,19.3295,24.1619,0.0000,0.0000,4.000000,4.000000,5.000000,0.000000,0.000000,96.000000,96.000000,95.000000,100.000000,100.000000,5.0,62.8210,60.1535,420.4173,423.0848,PENDING_AG03,FALSE,NOT_FOR_ENFORCEMENT,463.9088,46319.4703,483.2383,463.9088,19.3295,0.00902045,0.00865963,19.3295,463.9088,0.00865963,19.3295,19.3295,24.1619,0.0000,0.0000,463.9088,0.00865963,62.8210,60.1535,420.4173,423.0848,0.00784779,0.00789758,0.00036082,9.3346,8.4088,0.0842,5.5545,0.2517,615.7635,65.9540,8.3255,9.6426,5.1431,5.1891,8.2617,16.7816,25.8881,44.2602,5.1891,0.0,4.9889,8.529385,1.798876,29,193,98,2,0.20855820,0.00902045,0.00297427,0E-8,0.000000,0.900656,0.000000,0.00763944,2026-03-21,2026-08-06,87,1920,882,139,0.625899,0.863400,0.891889,0.695194,,,,,,,,GLOBAL_BASELINE_NO_ENTITY_RANKING,,,NOT_APPLICABLE_GLOBAL_BASELINE,HF9g-P5,,,,X 全窗基线 · 不参与实体赏罚,8397025,840,A168_HF9F_20260827_0900,2026-08-27 09:00:00
2026-06-19,54653530,-1,1,338.6735927174,-122.8688250571,-122.8688250571,0.4117647,20,20,0.50665070000000000,0.506650700000,-0.7825191798199178,-0.7825191798199178,-0.7825191798199178,0E-17,SENTINEL_DEALER,R03b_20260811_FULL_v1,L1_ELIGIBILITY,v2026-08-11,2026-03-21..2026-08-06,baccarat_bet02_101_all_pairs_incl_sentinel,round_win = game_pnl > 0 (decisive only),COMPATIBILITY_ONLY_NOT_PRODUCTION,53571.4227,48249.4483,483.2383,5739,5738,-0.00902045,-0.00297427,-0.01061372,-0.00902045,-483.2383,53571.4227,OK,0.0000,19.3295,4.0000,96.0000,AG03-UNRESOLVED,ALL5_LEVELS_bet23_to_bet27,19.3295,19.3295,24.1619,0.0000,0.0000,4.000000,4.000000,5.000000,0.000000,0.000000,96.000000,96.000000,95.000000,100.000000,100.000000,5.0,62.8210,60.1535,420.4173,423.0848,PENDING_AG03,FALSE,NOT_FOR_ENFORCEMENT,463.9088,46319.4703,483.2383,463.9088,19.3295,0.00902045,0.00865963,19.3295,463.9088,0.00865963,19.3295,19.3295,24.1619,0.0000,0.0000,463.9088,0.00865963,62.8210,60.1535,420.4173,423.0848,0.00784779,0.00789758,0.00036082,9.3346,8.4088,0.0842,5.5545,0.2517,615.7635,65.9540,8.3255,9.6426,5.1431,5.1891,8.2617,16.7816,25.8881,44.2602,5.1891,0.0,4.9889,8.529385,1.798876,29,193,98,2,0.20855820,0.00902045,0.00297427,0E-8,0.000000,0.900656,0.000000,0.00763944,2026-03-21,2026-08-06,87,1920,882,139,0.625899,0.863400,0.891889,0.695194,,,,,,,,GLOBAL_BASELINE_NO_ENTITY_RANKING,,,NOT_APPLICABLE_GLOBAL_BASELINE,HF9g-P5,,,,X 全窗基线 · 不参与实体赏罚,8397026,840,A168_HF9F_20260827_0900,2026-08-27 09:00:00
2026-06-19,54653530,1004,0,40.1162342171,12.5363231929,12.5363231929,0.6000000,5,5,0.50665070000000000,0.506650700000,0.4175076967804994,0.4175076967804994,0.4175076967804994,0E-17,ELIGIBLE,R03b_20260811_FULL_v1,L1_ELIGIBILITY,v2026-08-11,2026-03-21..2026-08-06,baccarat_bet02_101_all_pairs_incl_sentinel,round_win = game_pnl > 0 (decisive only),COMPATIBILITY_ONLY_NOT_PRODUCTION,53571.4227,48249.4483,483.2383,5739,5738,-0.00902045,-0.00297427,-0.01061372,-0.00902045,-483.2383,53571.4227,OK,0.0000,19.3295,4.0000,96.0000,AG03-UNRESOLVED,ALL5_LEVELS_bet23_to_bet27,19.3295,19.3295,24.1619,0.0000,0.0000,4.000000,4.000000,5.000000,0.000000,0.000000,96.000000,96.000000,95.000000,100.000000,100.000000,5.0,62.8210,60.1535,420.4173,423.0848,PENDING_AG03,FALSE,NOT_FOR_ENFORCEMENT,463.9088,46319.4703,483.2383,463.9088,19.3295,0.00902045,0.00865963,19.3295,463.9088,0.00865963,19.3295,19.3295,24.1619,0.0000,0.0000,463.9088,0.00865963,62.8210,60.1535,420.4173,423.0848,0.00784779,0.00789758,0.00036082,9.3346,8.4088,0.0842,5.5545,0.2517,615.7635,65.9540,8.3255,9.6426,5.1431,5.1891,8.2617,16.7816,25.8881,44.2602,5.1891,0.0,4.9889,8.529385,1.798876,29,193,98,2,0.20855820,0.00902045,0.00297427,0E-8,0.000000,0.900656,0.000000,0.00763944,2026-03-21,2026-08-06,87,1920,882,139,0.625899,0.863400,0.891889,0.695194,,,,,,,,GLOBAL_BASELINE_NO_ENTITY_RANKING,,,NOT_APPLICABLE_GLOBAL_BASELINE,HF9g-P5,,,,X 全窗基线 · 不参与实体赏罚,8397027,840,A168_HF9F_20260827_0900,2026-08-27 09:00:00
2026-06-19,54653530,1205,0,5.1431069509,4.8859516034,4.8859516034,1.0000000,1,1,0.50665070000000000,0.506650700000,0.9867858985152569,0.9867858985152569,0.9867858985152569,0E-17,ELIGIBLE,R03b_20260811_FULL_v1,L1_ELIGIBILITY,v2026-08-11,2026-03-21..2026-08-06,baccarat_bet02_101_all_pairs_incl_sentinel,round_win = game_pnl > 0 (decisive only),COMPATIBILITY_ONLY_NOT_PRODUCTION,53571.4227,48249.4483,483.2383,5739,5738,-0.00902045,-0.00297427,-0.01061372,-0.00902045,-483.2383,53571.4227,OK,0.0000,19.3295,4.0000,96.0000,AG03-UNRESOLVED,ALL5_LEVELS_bet23_to_bet27,19.3295,19.3295,24.1619,0.0000,0.0000,4.000000,4.000000,5.000000,0.000000,0.000000,96.000000,96.000000,95.000000,100.000000,100.000000,5.0,62.8210,60.1535,420.4173,423.0848,PENDING_AG03,FALSE,NOT_FOR_ENFORCEMENT,463.9088,46319.4703,483.2383,463.9088,19.3295,0.00902045,0.00865963,19.3295,463.9088,0.00865963,19.3295,19.3295,24.1619,0.0000,0.0000,463.9088,0.00865963,62.8210,60.1535,420.4173,423.0848,0.00784779,0.00789758,0.00036082,9.3346,8.4088,0.0842,5.5545,0.2517,615.7635,65.9540,8.3255,9.6426,5.1431,5.1891,8.2617,16.7816,25.8881,44.2602,5.1891,0.0,4.9889,8.529385,1.798876,29,193,98,2,0.20855820,0.00902045,0.00297427,0E-8,0.000000,0.900656,0.000000,0.00763944,2026-03-21,2026-08-06,87,1920,882,139,0.625899,0.863400,0.891889,0.695194,,,,,,,,GLOBAL_BASELINE_NO_ENTITY_RANKING,,,NOT_APPLICABLE_GLOBAL_BASELINE,HF9g-P5,,,,X 全窗基线 · 不参与实体赏罚,8397028,840,A168_HF9F_20260827_0900,2026-08-27 09:00:00
2026-06-19,54653530,1302,0,29.8300203153,2.7644199861,2.7644199861,0.3333333,3,3,0.50665070000000000,0.506650700000,-0.6004420894325239,-0.6004420894325239,-0.6004420894325239,0E-17,ELIGIBLE,R03b_20260811_FULL_v1,L1_ELIGIBILITY,v2026-08-11,2026-03-21..2026-08-06,baccarat_bet02_101_all_pairs_incl_sentinel,round_win = game_pnl > 0 (decisive only),COMPATIBILITY_ONLY_NOT_PRODUCTION,53571.4227,48249.4483,483.2383,5739,5738,-0.00902045,-0.00297427,-0.01061372,-0.00902045,-483.2383,53571.4227,OK,0.0000,19.3295,4.0000,96.0000,AG03-UNRESOLVED,ALL5_LEVELS_bet23_to_bet27,19.3295,19.3295,24.1619,0.0000,0.0000,4.000000,4.000000,5.000000,0.000000,0.000000,96.000000,96.000000,95.000000,100.000000,100.000000,5.0,62.8210,60.1535,420.4173,423.0848,PENDING_AG03,FALSE,NOT_FOR_ENFORCEMENT,463.9088,46319.4703,483.2383,463.9088,19.3295,0.00902045,0.00865963,19.3295,463.9088,0.00865963,19.3295,19.3295,24.1619,0.0000,0.0000,463.9088,0.00865963,62.8210,60.1535,420.4173,423.0848,0.00784779,0.00789758,0.00036082,9.3346,8.4088,0.0842,5.5545,0.2517,615.7635,65.9540,8.3255,9.6426,5.1431,5.1891,8.2617,16.7816,25.8881,44.2602,5.1891,0.0,4.9889,8.529385,1.798876,29,193,98,2,0.20855820,0.00902045,0.00297427,0E-8,0.000000,0.900656,0.000000,0.00763944,2026-03-21,2026-08-06,87,1920,882,139,0.625899,0.863400,0.891889,0.695194,,,,,,,,GLOBAL_BASELINE_NO_ENTITY_RANKING,,,NOT_APPLICABLE_GLOBAL_BASELINE,HF9g-P5,,,,X 全窗基线 · 不参与实体赏罚,8397029,840,A168_HF9F_20260827_0900,2026-08-27 09:00:00
2026-06-19,54653530,1307,0,13.1149227248,2.4301180343,2.4301180343,0.5000000,2,2,0.50665070000000000,0.506650700000,-0.018812684590367487,-0.018812684590367487,-0.018812684590367487,0E-17,ELIGIBLE,R03b_20260811_FULL_v1,L1_ELIGIBILITY,v2026-08-11,2026-03-21..2026-08-06,baccarat_bet02_101_all_pairs_incl_sentinel,round_win = game_pnl > 0 (decisive only),COMPATIBILITY_ONLY_NOT_PRODUCTION,53571.4227,48249.4483,483.2383,5739,5738,-0.00902045,-0.00297427,-0.01061372,-0.00902045,-483.2383,53571.4227,OK,0.0000,19.3295,4.0000,96.0000,AG03-UNRESOLVED,ALL5_LEVELS_bet23_to_bet27,19.3295,19.3295,24.1619,0.0000,0.0000,4.000000,4.000000,5.000000,0.000000,0.000000,96.000000,96.000000,95.000000,100.000000,100.000000,5.0,62.8210,60.1535,420.4173,423.0848,PENDING_AG03,FALSE,NOT_FOR_ENFORCEMENT,463.9088,46319.4703,483.2383,463.9088,19.3295,0.00902045,0.00865963,19.3295,463.9088,0.00865963,19.3295,19.3295,24.1619,0.0000,0.0000,463.9088,0.00865963,62.8210,60.1535,420.4173,423.0848,0.00784779,0.00789758,0.00036082,9.3346,8.4088,0.0842,5.5545,0.2517,615.7635,65.9540,8.3255,9.6426,5.1431,5.1891,8.2617,16.7816,25.8881,44.2602,5.1891,0.0,4.9889,8.529385,1.798876,29,193,98,2,0.20855820,0.00902045,0.00297427,0E-8,0.000000,0.900656,0.000000,0.00763944,2026-03-21,2026-08-06,87,1920,882,139,0.625899,0.863400,0.891889,0.695194,,,,,,,,GLOBAL_BASELINE_NO_ENTITY_RANKING,,,NOT_APPLICABLE_GLOBAL_BASELINE,HF9g-P5,,,,X 全窗基线 · 不参与实体赏罚,8397030,840,A168_HF9F_20260827_0900,2026-08-27 09:00:00
2026-06-19,54653530,1325,0,5.1431069509,4.8859516034,4.8859516034,1.0000000,1,1,0.50665070000000000,0.506650700000,0.9867858985152569,0.9867858985152569,0.9867858985152569,0E-17,ELIGIBLE,R03b_20260811_FULL_v1,L1_ELIGIBILITY,v2026-08-11,2026-03-21..2026-08-06,baccarat_bet02_101_all_pairs_incl_sentinel,round_win = game_pnl > 0 (decisive only),COMPATIBILITY_ONLY_NOT_PRODUCTION,53571.4227,48249.4483,483.2383,5739,5738,-0.00902045,-0.00297427,-0.01061372,-0.00902045,-483.2383,53571.4227,OK,0.0000,19.3295,4.0000,96.0000,AG03-UNRESOLVED,ALL5_LEVELS_bet23_to_bet27,19.3295,19.3295,24.1619,0.0000,0.0000,4.000000,4.000000,5.000000,0.000000,0.000000,96.000000,96.000000,95.000000,100.000000,100.000000,5.0,62.8210,60.1535,420.4173,423.0848,PENDING_AG03,FALSE,NOT_FOR_ENFORCEMENT,463.9088,46319.4703,483.2383,463.9088,19.3295,0.00902045,0.00865963,19.3295,463.9088,0.00865963,19.3295,19.3295,24.1619,0.0000,0.0000,463.9088,0.00865963,62.8210,60.1535,420.4173,423.0848,0.00784779,0.00789758,0.00036082,9.3346,8.4088,0.0842,5.5545,0.2517,615.7635,65.9540,8.3255,9.6426,5.1431,5.1891,8.2617,16.7816,25.8881,44.2602,5.1891,0.0,4.9889,8.529385,1.798876,29,193,98,2,0.20855820,0.00902045,0.00297427,0E-8,0.000000,0.900656,0.000000,0.00763944,2026-03-21,2026-08-06,87,1920,882,139,0.625899,0.863400,0.891889,0.695194,,,,,,,,GLOBAL_BASELINE_NO_ENTITY_RANKING,,,NOT_APPLICABLE_GLOBAL_BASELINE,HF9g-P5,,,,X 全窗基线 · 不参与实体赏罚,8397031,840,A168_HF9F_20260827_0900,2026-08-27 09:00:00
2026-06-19,54653530,1363,0,63.2602154962,34.5231054080,34.5231054080,0.5000000,4,4,0.50665070000000000,0.506650700000,-0.02660515369234503,-0.02660515369234503,-0.02660515369234503,0E-17,ELIGIBLE,R03b_20260811_FULL_v1,L1_ELIGIBILITY,v2026-08-11,2026-03-21..2026-08-06,baccarat_bet02_101_all_pairs_incl_sentinel,round_win = game_pnl > 0 (decisive only),COMPATIBILITY_ONLY_NOT_PRODUCTION,53571.4227,48249.4483,483.2383,5739,5738,-0.00902045,-0.00297427,-0.01061372,-0.00902045,-483.2383,53571.4227,OK,0.0000,19.3295,4.0000,96.0000,AG03-UNRESOLVED,ALL5_LEVELS_bet23_to_bet27,19.3295,19.3295,24.1619,0.0000,0.0000,4.000000,4.000000,5.000000,0.000000,0.000000,96.000000,96.000000,95.000000,100.000000,100.000000,5.0,62.8210,60.1535,420.4173,423.0848,PENDING_AG03,FALSE,NOT_FOR_ENFORCEMENT,463.9088,46319.4703,483.2383,463.9088,19.3295,0.00902045,0.00865963,19.3295,463.9088,0.00865963,19.3295,19.3295,24.1619,0.0000,0.0000,463.9088,0.00865963,62.8210,60.1535,420.4173,423.0848,0.00784779,0.00789758,0.00036082,9.3346,8.4088,0.0842,5.5545,0.2517,615.7635,65.9540,8.3255,9.6426,5.1431,5.1891,8.2617,16.7816,25.8881,44.2602,5.1891,0.0,4.9889,8.529385,1.798876,29,193,98,2,0.20855820,0.00902045,0.00297427,0E-8,0.000000,0.900656,0.000000,0.00763944,2026-03-21,2026-08-06,87,1920,882,139,0.625899,0.863400,0.891889,0.695194,,,,,,,,GLOBAL_BASELINE_NO_ENTITY_RANKING,,,NOT_APPLICABLE_GLOBAL_BASELINE,HF9g-P5,,,,X 全窗基线 · 不参与实体赏罚,8397032,840,A168_HF9F_20260827_0900,2026-08-27 09:00:00
2026-06-19,54653530,1396,0,76.6322935685,-9.9390541826,-9.9390541826,0.1666667,6,6,0.50665070000000000,0.506650700000,-1.6657221670529434,-1.6657221670529434,-1.6657221670529434,0E-17,ELIGIBLE,R03b_20260811_FULL_v1,L1_ELIGIBILITY,v2026-08-11,2026-03-21..2026-08-06,baccarat_bet02_101_all_pairs_incl_sentinel,round_win = game_pnl > 0 (decisive only),COMPATIBILITY_ONLY_NOT_PRODUCTION,53571.4227,48249.4483,483.2383,5739,5738,-0.00902045,-0.00297427,-0.01061372,-0.00902045,-483.2383,53571.4227,OK,0.0000,19.3295,4.0000,96.0000,AG03-UNRESOLVED,ALL5_LEVELS_bet23_to_bet27,19.3295,19.3295,24.1619,0.0000,0.0000,4.000000,4.000000,5.000000,0.000000,0.000000,96.000000,96.000000,95.000000,100.000000,100.000000,5.0,62.8210,60.1535,420.4173,423.0848,PENDING_AG03,FALSE,NOT_FOR_ENFORCEMENT,463.9088,46319.4703,483.2383,463.9088,19.3295,0.00902045,0.00865963,19.3295,463.9088,0.00865963,19.3295,19.3295,24.1619,0.0000,0.0000,463.9088,0.00865963,62.8210,60.1535,420.4173,423.0848,0.00784779,0.00789758,0.00036082,9.3346,8.4088,0.0842,5.5545,0.2517,615.7635,65.9540,8.3255,9.6426,5.1431,5.1891,8.2617,16.7816,25.8881,44.2602,5.1891,0.0,4.9889,8.529385,1.798876,29,193,98,2,0.20855820,0.00902045,0.00297427,0E-8,0.000000,0.900656,0.000000,0.00763944,2026-03-21,2026-08-06,87,1920,882,139,0.625899,0.863400,0.891889,0.695194,,,,,,,,GLOBAL_BASELINE_NO_ENTITY_RANKING,,,NOT_APPLICABLE_GLOBAL_BASELINE,HF9g-P5,,,,X 全窗基线 · 不参与实体赏罚,8397033,840,A168_HF9F_20260827_0900,2026-08-27 09:00:00
2026-06-19,54653530,1399,0,34.7159719186,7.4060740094,7.4060740094,0.5000000,4,4,0.50665070000000000,0.506650700000,-0.02660515369234503,-0.02660515369234503,-0.02660515369234503,0E-17,ELIGIBLE,R03b_20260811_FULL_v1,L1_ELIGIBILITY,v2026-08-11,2026-03-21..2026-08-06,baccarat_bet02_101_all_pairs_incl_sentinel,round_win = game_pnl > 0 (decisive only),COMPATIBILITY_ONLY_NOT_PRODUCTION,53571.4227,48249.4483,483.2383,5739,5738,-0.00902045,-0.00297427,-0.01061372,-0.00902045,-483.2383,53571.4227,OK,0.0000,19.3295,4.0000,96.0000,AG03-UNRESOLVED,ALL5_LEVELS_bet23_to_bet27,19.3295,19.3295,24.1619,0.0000,0.0000,4.000000,4.000000,5.000000,0.000000,0.000000,96.000000,96.000000,95.000000,100.000000,100.000000,5.0,62.8210,60.1535,420.4173,423.0848,PENDING_AG03,FALSE,NOT_FOR_ENFORCEMENT,463.9088,46319.4703,483.2383,463.9088,19.3295,0.00902045,0.00865963,19.3295,463.9088,0.00865963,19.3295,19.3295,24.1619,0.0000,0.0000,463.9088,0.00865963,62.8210,60.1535,420.4173,423.0848,0.00784779,0.00789758,0.00036082,9.3346,8.4088,0.0842,5.5545,0.2517,615.7635,65.9540,8.3255,9.6426,5.1431,5.1891,8.2617,16.7816,25.8881,44.2602,5.1891,0.0,4.9889,8.529385,1.798876,29,193,98,2,0.20855820,0.00902045,0.00297427,0E-8,0.000000,0.900656,0.000000,0.00763944,2026-03-21,2026-08-06,87,1920,882,139,0.625899,0.863400,0.891889,0.695194,,,,,,,,GLOBAL_BASELINE_NO_ENTITY_RANKING,,,NOT_APPLICABLE_GLOBAL_BASELINE,HF9g-P5,,,,X 全窗基线 · 不参与实体赏罚,8397034,840,A168_HF9F_20260827_0900,2026-08-27 09:00:00
2026-06-19,54653530,1401,0,55.2883997222,32.4658626278,32.4658626278,0.7500000,8,8,0.50665070000000000,0.506650700000,1.3767133162484293,1.3767133162484293,1.3767133162484293,0E-17,ELIGIBLE,R03b_20260811_FULL_v1,L1_ELIGIBILITY,v2026-08-11,2026-03-21..2026-08-06,baccarat_bet02_101_all_pairs_incl_sentinel,round_win = game_pnl > 0 (decisive only),COMPATIBILITY_ONLY_NOT_PRODUCTION,53571.4227,48249.4483,483.2383,5739,5738,-0.00902045,-0.00297427,-0.01061372,-0.00902045,-483.2383,53571.4227,OK,0.0000,19.3295,4.0000,96.0000,AG03-UNRESOLVED,ALL5_LEVELS_bet23_to_bet27,19.3295,19.3295,24.1619,0.0000,0.0000,4.000000,4.000000,5.000000,0.000000,0.000000,96.000000,96.000000,95.000000,100.000000,100.000000,5.0,62.8210,60.1535,420.4173,423.0848,PENDING_AG03,FALSE,NOT_FOR_ENFORCEMENT,463.9088,46319.4703,483.2383,463.9088,19.3295,0.00902045,0.00865963,19.3295,463.9088,0.00865963,19.3295,19.3295,24.1619,0.0000,0.0000,463.9088,0.00865963,62.8210,60.1535,420.4173,423.0848,0.00784779,0.00789758,0.00036082,9.3346,8.4088,0.0842,5.5545,0.2517,615.7635,65.9540,8.3255,9.6426,5.1431,5.1891,8.2617,16.7816,25.8881,44.2602,5.1891,0.0,4.9889,8.529385,1.798876,29,193,98,2,0.20855820,0.00902045,0.00297427,0E-8,0.000000,0.900656,0.000000,0.00763944,2026-03-21,2026-08-06,87,1920,882,139,0.625899,0.863400,0.891889,0.695194,,,,,,,,GLOBAL_BASELINE_NO_ENTITY_RANKING,,,NOT_APPLICABLE_GLOBAL_BASELINE,HF9g-P5,,,,X 全窗基线 · 不参与实体赏罚,8397035,840,A168_HF9F_20260827_0900,2026-08-27 09:00:00
2026-06-19,54653530,1646,0,29.8300203153,-29.8300203153,-29.8300203153,0E-7,3,3,0.50665070000000000,0.506650700000,-1.7552447903592512,-1.7552447903592512,-1.7552447903592512,0E-17,ELIGIBLE,R03b_20260811_FULL_v1,L1_ELIGIBILITY,v2026-08-11,2026-03-21..2026-08-06,baccarat_bet02_101_all_pairs_incl_sentinel,round_win = game_pnl > 0 (decisive only),COMPATIBILITY_ONLY_NOT_PRODUCTION,53571.4227,48249.4483,483.2383,5739,5738,-0.00902045,-0.00297427,-0.01061372,-0.00902045,-483.2383,53571.4227,OK,0.0000,19.3295,4.0000,96.0000,AG03-UNRESOLVED,ALL5_LEVELS_bet23_to_bet27,19.3295,19.3295,24.1619,0.0000,0.0000,4.000000,4.000000,5.000000,0.000000,0.000000,96.000000,96.000000,95.000000,100.000000,100.000000,5.0,62.8210,60.1535,420.4173,423.0848,PENDING_AG03,FALSE,NOT_FOR_ENFORCEMENT,463.9088,46319.4703,483.2383,463.9088,19.3295,0.00902045,0.00865963,19.3295,463.9088,0.00865963,19.3295,19.3295,24.1619,0.0000,0.0000,463.9088,0.00865963,62.8210,60.1535,420.4173,423.0848,0.00784779,0.00789758,0.00036082,9.3346,8.4088,0.0842,5.5545,0.2517,615.7635,65.9540,8.3255,9.6426,5.1431,5.1891,8.2617,16.7816,25.8881,44.2602,5.1891,0.0,4.9889,8.529385,1.798876,29,193,98,2,0.20855820,0.00902045,0.00297427,0E-8,0.000000,0.900656,0.000000,0.00763944,2026-03-21,2026-08-06,87,1920,882,139,0.625899,0.863400,0.891889,0.695194,,,,,,,,GLOBAL_BASELINE_NO_ENTITY_RANKING,,,NOT_APPLICABLE_GLOBAL_BASELINE,HF9g-P5,,,,X 全窗基线 · 不参与实体赏罚,8397036,840,A168_HF9F_20260827_0900,2026-08-27 09:00:00
2026-06-19,54653530,1702,0,15.9436315478,7.5732249852,7.5732249852,1.0000000,2,2,0.50665070000000000,0.506650700000,0.9867858985152569,0.9867858985152569,0.9867858985152569,0E-17,ELIGIBLE,R03b_20260811_FULL_v1,L1_ELIGIBILITY,v2026-08-11,2026-03-21..2026-08-06,baccarat_bet02_101_all_pairs_incl_sentinel,round_win = game_pnl > 0 (decisive only),COMPATIBILITY_ONLY_NOT_PRODUCTION,53571.4227,48249.4483,483.2383,5739,5738,-0.00902045,-0.00297427,-0.01061372,-0.00902045,-483.2383,53571.4227,OK,0.0000,19.3295,4.0000,96.0000,AG03-UNRESOLVED,ALL5_LEVELS_bet23_to_bet27,19.3295,19.3295,24.1619,0.0000,0.0000,4.000000,4.000000,5.000000,0.000000,0.000000,96.000000,96.000000,95.000000,100.000000,100.000000,5.0,62.8210,60.1535,420.4173,423.0848,PENDING_AG03,FALSE,NOT_FOR_ENFORCEMENT,463.9088,46319.4703,483.2383,463.9088,19.3295,0.00902045,0.00865963,19.3295,463.9088,0.00865963,19.3295,19.3295,24.1619,0.0000,0.0000,463.9088,0.00865963,62.8210,60.1535,420.4173,423.0848,0.00784779,0.00789758,0.00036082,9.3346,8.4088,0.0842,5.5545,0.2517,615.7635,65.9540,8.3255,9.6426,5.1431,5.1891,8.2617,16.7816,25.8881,44.2602,5.1891,0.0,4.9889,8.529385,1.798876,29,193,98,2,0.20855820,0.00902045,0.00297427,0E-8,0.000000,0.900656,0.000000,0.00763944,2026-03-21,2026-08-06,87,1920,882,139,0.625899,0.863400,0.891889,0.695194,,,,,,,,GLOBAL_BASELINE_NO_ENTITY_RANKING,,,NOT_APPLICABLE_GLOBAL_BASELINE,HF9g-P5,,,,X 全窗基线 · 不参与实体赏罚,8397037,840,A168_HF9F_20260827_0900,2026-08-27 09:00:00
2026-06-19,54653530,1940,0,75.0893614833,-55.0312443747,-55.0312443747,0.3333333,6,6,0.50665070000000000,0.506650700000,-0.8491533462951141,-0.8491533462951141,-0.8491533462951141,0E-17,ELIGIBLE,R03b_20260811_FULL_v1,L1_ELIGIBILITY,v2026-08-11,2026-03-21..2026-08-06,baccarat_bet02_101_all_pairs_incl_sentinel,round_win = game_pnl > 0 (decisive only),COMPATIBILITY_ONLY_NOT_PRODUCTION,53571.4227,48249.4483,483.2383,5739,5738,-0.00902045,-0.00297427,-0.01061372,-0.00902045,-483.2383,53571.4227,OK,0.0000,19.3295,4.0000,96.0000,AG03-UNRESOLVED,ALL5_LEVELS_bet23_to_bet27,19.3295,19.3295,24.1619,0.0000,0.0000,4.000000,4.000000,5.000000,0.000000,0.000000,96.000000,96.000000,95.000000,100.000000,100.000000,5.0,62.8210,60.1535,420.4173,423.0848,PENDING_AG03,FALSE,NOT_FOR_ENFORCEMENT,463.9088,46319.4703,483.2383,463.9088,19.3295,0.00902045,0.00865963,19.3295,463.9088,0.00865963,19.3295,19.3295,24.1619,0.0000,0.0000,463.9088,0.00865963,62.8210,60.1535,420.4173,423.0848,0.00784779,0.00789758,0.00036082,9.3346,8.4088,0.0842,5.5545,0.2517,615.7635,65.9540,8.3255,9.6426,5.1431,5.1891,8.2617,16.7816,25.8881,44.2602,5.1891,0.0,4.9889,8.529385,1.798876,29,193,98,2,0.20855820,0.00902045,0.00297427,0E-8,0.000000,0.900656,0.000000,0.00763944,2026-03-21,2026-08-06,87,1920,882,139,0.625899,0.863400,0.891889,0.695194,,,,,,,,GLOBAL_BASELINE_NO_ENTITY_RANKING,,,NOT_APPLICABLE_GLOBAL_BASELINE,HF9g-P5,,,,X 全窗基线 · 不参与实体赏罚,8397038,840,A168_HF9F_20260827_0900,2026-08-27 09:00:00
2026-06-19,54653530,1966,0,15.4293208527,-0.2571553475,-0.2571553475,0.5000000,3,3,0.50665070000000000,0.506650700000,-0.018812684590367487,-0.018812684590367487,-0.018812684590367487,0E-17,ELIGIBLE,R03b_20260811_FULL_v1,L1_ELIGIBILITY,v2026-08-11,2026-03-21..2026-08-06,baccarat_bet02_101_all_pairs_incl_sentinel,round_win = game_pnl > 0 (decisive only),COMPATIBILITY_ONLY_NOT_PRODUCTION,53571.4227,48249.4483,483.2383,5739,5738,-0.00902045,-0.00297427,-0.01061372,-0.00902045,-483.2383,53571.4227,OK,0.0000,19.3295,4.0000,96.0000,AG03-UNRESOLVED,ALL5_LEVELS_bet23_to_bet27,19.3295,19.3295,24.1619,0.0000,0.0000,4.000000,4.000000,5.000000,0.000000,0.000000,96.000000,96.000000,95.000000,100.000000,100.000000,5.0,62.8210,60.1535,420.4173,423.0848,PENDING_AG03,FALSE,NOT_FOR_ENFORCEMENT,463.9088,46319.4703,483.2383,463.9088,19.3295,0.00902045,0.00865963,19.3295,463.9088,0.00865963,19.3295,19.3295,24.1619,0.0000,0.0000,463.9088,0.00865963,62.8210,60.1535,420.4173,423.0848,0.00784779,0.00789758,0.00036082,9.3346,8.4088,0.0842,5.5545,0.2517,615.7635,65.9540,8.3255,9.6426,5.1431,5.1891,8.2617,16.7816,25.8881,44.2602,5.1891,0.0,4.9889,8.529385,1.798876,29,193,98,2,0.20855820,0.00902045,0.00297427,0E-8,0.000000,0.900656,0.000000,0.00763944,2026-03-21,2026-08-06,87,1920,882,139,0.625899,0.863400,0.891889,0.695194,,,,,,,,GLOBAL_BASELINE_NO_ENTITY_RANKING,,,NOT_APPLICABLE_GLOBAL_BASELINE,HF9g-P5,,,,X 全窗基线 · 不参与实体赏罚,8397039,840,A168_HF9F_20260827_0900,2026-08-27 09:00:00
2026-06-19,54653530,2088,0,23.4011366266,7.3160696377,7.3160696377,0.6666667,4,4,0.50665070000000000,0.506650700000,0.5543606114942035,0.5543606114942035,0.5543606114942035,0E-17,ELIGIBLE,R03b_20260811_FULL_v1,L1_ELIGIBILITY,v2026-08-11,2026-03-21..2026-08-06,baccarat_bet02_101_all_pairs_incl_sentinel,round_win = game_pnl > 0 (decisive only),COMPATIBILITY_ONLY_NOT_PRODUCTION,53571.4227,48249.4483,483.2383,5739,5738,-0.00902045,-0.00297427,-0.01061372,-0.00902045,-483.2383,53571.4227,OK,0.0000,19.3295,4.0000,96.0000,AG03-UNRESOLVED,ALL5_LEVELS_bet23_to_bet27,19.3295,19.3295,24.1619,0.0000,0.0000,4.000000,4.000000,5.000000,0.000000,0.000000,96.000000,96.000000,95.000000,100.000000,100.000000,5.0,62.8210,60.1535,420.4173,423.0848,PENDING_AG03,FALSE,NOT_FOR_ENFORCEMENT,463.9088,46319.4703,483.2383,463.9088,19.3295,0.00902045,0.00865963,19.3295,463.9088,0.00865963,19.3295,19.3295,24.1619,0.0000,0.0000,463.9088,0.00865963,62.8210,60.1535,420.4173,423.0848,0.00784779,0.00789758,0.00036082,9.3346,8.4088,0.0842,5.5545,0.2517,615.7635,65.9540,8.3255,9.6426,5.1431,5.1891,8.2617,16.7816,25.8881,44.2602,5.1891,0.0,4.9889,8.529385,1.798876,29,193,98,2,0.20855820,0.00902045,0.00297427,0E-8,0.000000,0.900656,0.000000,0.00763944,2026-03-21,2026-08-06,87,1920,882,139,0.625899,0.863400,0.891889,0.695194,,,,,,,,GLOBAL_BASELINE_NO_ENTITY_RANKING,,,NOT_APPLICABLE_GLOBAL_BASELINE,HF9g-P5,,,,X 全窗基线 · 不参与实体赏罚,8397040,840,A168_HF9F_20260827_0900,2026-08-27 09:00:00
2026-06-19,54653530,2093,0,5.1431069509,4.8859516034,4.8859516034,1.0000000,1,1,0.50665070000000000,0.506650700000,0.9867858985152569,0.9867858985152569,0.9867858985152569,0E-17,ELIGIBLE,R03b_20260811_FULL_v1,L1_ELIGIBILITY,v2026-08-11,2026-03-21..2026-08-06,baccarat_bet02_101_all_pairs_incl_sentinel,round_win = game_pnl > 0 (decisive only),COMPATIBILITY_ONLY_NOT_PRODUCTION,53571.4227,48249.4483,483.2383,5739,5738,-0.00902045,-0.00297427,-0.01061372,-0.00902045,-483.2383,53571.4227,OK,0.0000,19.3295,4.0000,96.0000,AG03-UNRESOLVED,ALL5_LEVELS_bet23_to_bet27,19.3295,19.3295,24.1619,0.0000,0.0000,4.000000,4.000000,5.000000,0.000000,0.000000,96.000000,96.000000,95.000000,100.000000,100.000000,5.0,62.8210,60.1535,420.4173,423.0848,PENDING_AG03,FALSE,NOT_FOR_ENFORCEMENT,463.9088,46319.4703,483.2383,463.9088,19.3295,0.00902045,0.00865963,19.3295,463.9088,0.00865963,19.3295,19.3295,24.1619,0.0000,0.0000,463.9088,0.00865963,62.8210,60.1535,420.4173,423.0848,0.00784779,0.00789758,0.00036082,9.3346,8.4088,0.0842,5.5545,0.2517,615.7635,65.9540,8.3255,9.6426,5.1431,5.1891,8.2617,16.7816,25.8881,44.2602,5.1891,0.0,4.9889,8.529385,1.798876,29,193,98,2,0.20855820,0.00902045,0.00297427,0E-8,0.000000,0.900656,0.000000,0.00763944,2026-03-21,2026-08-06,87,1920,882,139,0.625899,0.863400,0.891889,0.695194,,,,,,,,GLOBAL_BASELINE_NO_ENTITY_RANKING,,,NOT_APPLICABLE_GLOBAL_BASELINE,HF9g-P5,,,,X 全窗基线 · 不参与实体赏罚,8397041,840,A168_HF9F_20260827_0900,2026-08-27 09:00:00
2026-06-19,54653530,2103,0,42.9449430401,9.7076143699,9.7076143699,0.5000000,4,4,0.50665070000000000,0.506650700000,-0.02660515369234503,-0.02660515369234503,-0.02660515369234503,0E-17,ELIGIBLE,R03b_20260811_FULL_v1,L1_ELIGIBILITY,v2026-08-11,2026-03-21..2026-08-06,baccarat_bet02_101_all_pairs_incl_sentinel,round_win = game_pnl > 0 (decisive only),COMPATIBILITY_ONLY_NOT_PRODUCTION,53571.4227,48249.4483,483.2383,5739,5738,-0.00902045,-0.00297427,-0.01061372,-0.00902045,-483.2383,53571.4227,OK,0.0000,19.3295,4.0000,96.0000,AG03-UNRESOLVED,ALL5_LEVELS_bet23_to_bet27,19.3295,19.3295,24.1619,0.0000,0.0000,4.000000,4.000000,5.000000,0.000000,0.000000,96.000000,96.000000,95.000000,100.000000,100.000000,5.0,62.8210,60.1535,420.4173,423.0848,PENDING_AG03,FALSE,NOT_FOR_ENFORCEMENT,463.9088,46319.4703,483.2383,463.9088,19.3295,0.00902045,0.00865963,19.3295,463.9088,0.00865963,19.3295,19.3295,24.1619,0.0000,0.0000,463.9088,0.00865963,62.8210,60.1535,420.4173,423.0848,0.00784779,0.00789758,0.00036082,9.3346,8.4088,0.0842,5.5545,0.2517,615.7635,65.9540,8.3255,9.6426,5.1431,5.1891,8.2617,16.7816,25.8881,44.2602,5.1891,0.0,4.9889,8.529385,1.798876,29,193,98,2,0.20855820,0.00902045,0.00297427,0E-8,0.000000,0.900656,0.000000,0.00763944,2026-03-21,2026-08-06,87,1920,882,139,0.625899,0.863400,0.891889,0.695194,,,,,,,,GLOBAL_BASELINE_NO_ENTITY_RANKING,,,NOT_APPLICABLE_GLOBAL_BASELINE,HF9g-P5,,,,X 全窗基线 · 不参与实体赏罚,8397042,840,A168_HF9F_20260827_0900,2026-08-27 09:00:00
2026-06-19,54653530,2108,0,10.2862139018,9.7719032068,9.7719032068,1.0000000,2,2,0.50665070000000000,0.506650700000,1.3955260008387969,1.3955260008387969,1.3955260008387969,0E-17,ELIGIBLE,R03b_20260811_FULL_v1,L1_ELIGIBILITY,v2026-08-11,2026-03-21..2026-08-06,baccarat_bet02_101_all_pairs_incl_sentinel,round_win = game_pnl > 0 (decisive only),COMPATIBILITY_ONLY_NOT_PRODUCTION,53571.4227,48249.4483,483.2383,5739,5738,-0.00902045,-0.00297427,-0.01061372,-0.00902045,-483.2383,53571.4227,OK,0.0000,19.3295,4.0000,96.0000,AG03-UNRESOLVED,ALL5_LEVELS_bet23_to_bet27,19.3295,19.3295,24.1619,0.0000,0.0000,4.000000,4.000000,5.000000,0.000000,0.000000,96.000000,96.000000,95.000000,100.000000,100.000000,5.0,62.8210,60.1535,420.4173,423.0848,PENDING_AG03,FALSE,NOT_FOR_ENFORCEMENT,463.9088,46319.4703,483.2383,463.9088,19.3295,0.00902045,0.00865963,19.3295,463.9088,0.00865963,19.3295,19.3295,24.1619,0.0000,0.0000,463.9088,0.00865963,62.8210,60.1535,420.4173,423.0848,0.00784779,0.00789758,0.00036082,9.3346,8.4088,0.0842,5.5545,0.2517,615.7635,65.9540,8.3255,9.6426,5.1431,5.1891,8.2617,16.7816,25.8881,44.2602,5.1891,0.0,4.9889,8.529385,1.798876,29,193,98,2,0.20855820,0.00902045,0.00297427,0E-8,0.000000,0.900656,0.000000,0.00763944,2026-03-21,2026-08-06,87,1920,882,139,0.625899,0.863400,0.891889,0.695194,,,,,,,,GLOBAL_BASELINE_NO_ENTITY_RANKING,,,NOT_APPLICABLE_GLOBAL_BASELINE,HF9g-P5,,,,X 全窗基线 · 不参与实体赏罚,8397043,840,A168_HF9F_20260827_0900,2026-08-27 09:00:00
2026-06-19,54653530,2127,0,36.5160593514,14.6321392754,14.6321392754,0.6666667,6,6,0.50665070000000000,0.506650700000,0.7839842952205449,0.7839842952205449,0.7839842952205449,0E-17,ELIGIBLE,R03b_20260811_FULL_v1,L1_ELIGIBILITY,v2026-08-11,2026-03-21..2026-08-06,baccarat_bet02_101_all_pairs_incl_sentinel,round_win = game_pnl > 0 (decisive only),COMPATIBILITY_ONLY_NOT_PRODUCTION,53571.4227,48249.4483,483.2383,5739,5738,-0.00902045,-0.00297427,-0.01061372,-0.00902045,-483.2383,53571.4227,OK,0.0000,19.3295,4.0000,96.0000,AG03-UNRESOLVED,ALL5_LEVELS_bet23_to_bet27,19.3295,19.3295,24.1619,0.0000,0.0000,4.000000,4.000000,5.000000,0.000000,0.000000,96.000000,96.000000,95.000000,100.000000,100.000000,5.0,62.8210,60.1535,420.4173,423.0848,PENDING_AG03,FALSE,NOT_FOR_ENFORCEMENT,463.9088,46319.4703,483.2383,463.9088,19.3295,0.00902045,0.00865963,19.3295,463.9088,0.00865963,19.3295,19.3295,24.1619,0.0000,0.0000,463.9088,0.00865963,62.8210,60.1535,420.4173,423.0848,0.00784779,0.00789758,0.00036082,9.3346,8.4088,0.0842,5.5545,0.2517,615.7635,65.9540,8.3255,9.6426,5.1431,5.1891,8.2617,16.7816,25.8881,44.2602,5.1891,0.0,4.9889,8.529385,1.798876,29,193,98,2,0.20855820,0.00902045,0.00297427,0E-8,0.000000,0.900656,0.000000,0.00763944,2026-03-21,2026-08-06,87,1920,882,139,0.625899,0.863400,0.891889,0.695194,,,,,,,,GLOBAL_BASELINE_NO_ENTITY_RANKING,,,NOT_APPLICABLE_GLOBAL_BASELINE,HF9g-P5,,,,X 全窗基线 · 不参与实体赏罚,8397044,840,A168_HF9F_20260827_0900,2026-08-27 09:00:00
2026-06-19,54653530,2155,0,13.1149227248,-5.1431069509,-5.1431069509,0E-7,2,2,0.50665070000000000,0.506650700000,-1.013391052207602,-1.013391052207602,-1.013391052207602,0E-17,ELIGIBLE,R03b_20260811_FULL_v1,L1_ELIGIBILITY,v2026-08-11,2026-03-21..2026-08-06,baccarat_bet02_101_all_pairs_incl_sentinel,round_win = game_pnl > 0 (decisive only),COMPATIBILITY_ONLY_NOT_PRODUCTION,53571.4227,48249.4483,483.2383,5739,5738,-0.00902045,-0.00297427,-0.01061372,-0.00902045,-483.2383,53571.4227,OK,0.0000,19.3295,4.0000,96.0000,AG03-UNRESOLVED,ALL5_LEVELS_bet23_to_bet27,19.3295,19.3295,24.1619,0.0000,0.0000,4.000000,4.000000,5.000000,0.000000,0.000000,96.000000,96.000000,95.000000,100.000000,100.000000,5.0,62.8210,60.1535,420.4173,423.0848,PENDING_AG03,FALSE,NOT_FOR_ENFORCEMENT,463.9088,46319.4703,483.2383,463.9088,19.3295,0.00902045,0.00865963,19.3295,463.9088,0.00865963,19.3295,19.3295,24.1619,0.0000,0.0000,463.9088,0.00865963,62.8210,60.1535,420.4173,423.0848,0.00784779,0.00789758,0.00036082,9.3346,8.4088,0.0842,5.5545,0.2517,615.7635,65.9540,8.3255,9.6426,5.1431,5.1891,8.2617,16.7816,25.8881,44.2602,5.1891,0.0,4.9889,8.529385,1.798876,29,193,98,2,0.20855820,0.00902045,0.00297427,0E-8,0.000000,0.900656,0.000000,0.00763944,2026-03-21,2026-08-06,87,1920,882,139,0.625899,0.863400,0.891889,0.695194,,,,,,,,GLOBAL_BASELINE_NO_ENTITY_RANKING,,,NOT_APPLICABLE_GLOBAL_BASELINE,HF9g-P5,,,,X 全窗基线 · 不参与实体赏罚,8397045,840,A168_HF9F_20260827_0900,2026-08-27 09:00:00
2026-06-19,54653530,2169,0,77.9180703063,22.5396662124,22.5396662124,0.6250000,9,9,0.50665070000000000,0.506650700000,0.6695439735338472,0.6695439735338472,0.6695439735338472,0E-17,ELIGIBLE,R03b_20260811_FULL_v1,L1_ELIGIBILITY,v2026-08-11,2026-03-21..2026-08-06,baccarat_bet02_101_all_pairs_incl_sentinel,round_win = game_pnl > 0 (decisive only),COMPATIBILITY_ONLY_NOT_PRODUCTION,53571.4227,48249.4483,483.2383,5739,5738,-0.00902045,-0.00297427,-0.01061372,-0.00902045,-483.2383,53571.4227,OK,0.0000,19.3295,4.0000,96.0000,AG03-UNRESOLVED,ALL5_LEVELS_bet23_to_bet27,19.3295,19.3295,24.1619,0.0000,0.0000,4.000000,4.000000,5.000000,0.000000,0.000000,96.000000,96.000000,95.000000,100.000000,100.000000,5.0,62.8210,60.1535,420.4173,423.0848,PENDING_AG03,FALSE,NOT_FOR_ENFORCEMENT,463.9088,46319.4703,483.2383,463.9088,19.3295,0.00902045,0.00865963,19.3295,463.9088,0.00865963,19.3295,19.3295,24.1619,0.0000,0.0000,463.9088,0.00865963,62.8210,60.1535,420.4173,423.0848,0.00784779,0.00789758,0.00036082,9.3346,8.4088,0.0842,5.5545,0.2517,615.7635,65.9540,8.3255,9.6426,5.1431,5.1891,8.2617,16.7816,25.8881,44.2602,5.1891,0.0,4.9889,8.529385,1.798876,29,193,98,2,0.20855820,0.00902045,0.00297427,0E-8,0.000000,0.900656,0.000000,0.00763944,2026-03-21,2026-08-06,87,1920,882,139,0.625899,0.863400,0.891889,0.695194,,,,,,,,GLOBAL_BASELINE_NO_ENTITY_RANKING,,,NOT_APPLICABLE_GLOBAL_BASELINE,HF9g-P5,,,,X 全窗基线 · 不参与实体赏罚,8397046,840,A168_HF9F_20260827_0900,2026-08-27 09:00:00
2026-06-19,54653530,2216,0,136.2923341991,-90.0043716409,-90.0043716409,0E-7,6,6,0.50665070000000000,0.506650700000,-2.026782104415204,-2.026782104415204,-2.026782104415204,0E-17,ELIGIBLE,R03b_20260811_FULL_v1,L1_ELIGIBILITY,v2026-08-11,2026-03-21..2026-08-06,baccarat_bet02_101_all_pairs_incl_sentinel,round_win = game_pnl > 0 (decisive only),COMPATIBILITY_ONLY_NOT_PRODUCTION,53571.4227,48249.4483,483.2383,5739,5738,-0.00902045,-0.00297427,-0.01061372,-0.00902045,-483.2383,53571.4227,OK,0.0000,19.3295,4.0000,96.0000,AG03-UNRESOLVED,ALL5_LEVELS_bet23_to_bet27,19.3295,19.3295,24.1619,0.0000,0.0000,4.000000,4.000000,5.000000,0.000000,0.000000,96.000000,96.000000,95.000000,100.000000,100.000000,5.0,62.8210,60.1535,420.4173,423.0848,PENDING_AG03,FALSE,NOT_FOR_ENFORCEMENT,463.9088,46319.4703,483.2383,463.9088,19.3295,0.00902045,0.00865963,19.3295,463.9088,0.00865963,19.3295,19.3295,24.1619,0.0000,0.0000,463.9088,0.00865963,62.8210,60.1535,420.4173,423.0848,0.00784779,0.00789758,0.00036082,9.3346,8.4088,0.0842,5.5545,0.2517,615.7635,65.9540,8.3255,9.6426,5.1431,5.1891,8.2617,16.7816,25.8881,44.2602,5.1891,0.0,4.9889,8.529385,1.798876,29,193,98,2,0.20855820,0.00902045,0.00297427,0E-8,0.000000,0.900656,0.000000,0.00763944,2026-03-21,2026-08-06,87,1920,882,139,0.625899,0.863400,0.891889,0.695194,,,,,,,,GLOBAL_BASELINE_NO_ENTITY_RANKING,,,NOT_APPLICABLE_GLOBAL_BASELINE,HF9g-P5,,,,X 全窗基线 · 不参与实体赏罚,8397047,840,A168_HF9F_20260827_0900,2026-08-27 09:00:00
2026-06-19,54653530,2229,0,10.2862139018,9.7719032068,9.7719032068,1.0000000,2,2,0.50665070000000000,0.506650700000,1.3955260008387969,1.3955260008387969,1.3955260008387969,0E-17,ELIGIBLE,R03b_20260811_FULL_v1,L1_ELIGIBILITY,v2026-08-11,2026-03-21..2026-08-06,baccarat_bet02_101_all_pairs_incl_sentinel,round_win = game_pnl > 0 (decisive only),COMPATIBILITY_ONLY_NOT_PRODUCTION,53571.4227,48249.4483,483.2383,5739,5738,-0.00902045,-0.00297427,-0.01061372,-0.00902045,-483.2383,53571.4227,OK,0.0000,19.3295,4.0000,96.0000,AG03-UNRESOLVED,ALL5_LEVELS_bet23_to_bet27,19.3295,19.3295,24.1619,0.0000,0.0000,4.000000,4.000000,5.000000,0.000000,0.000000,96.000000,96.000000,95.000000,100.000000,100.000000,5.0,62.8210,60.1535,420.4173,423.0848,PENDING_AG03,FALSE,NOT_FOR_ENFORCEMENT,463.9088,46319.4703,483.2383,463.9088,19.3295,0.00902045,0.00865963,19.3295,463.9088,0.00865963,19.3295,19.3295,24.1619,0.0000,0.0000,463.9088,0.00865963,62.8210,60.1535,420.4173,423.0848,0.00784779,0.00789758,0.00036082,9.3346,8.4088,0.0842,5.5545,0.2517,615.7635,65.9540,8.3255,9.6426,5.1431,5.1891,8.2617,16.7816,25.8881,44.2602,5.1891,0.0,4.9889,8.529385,1.798876,29,193,98,2,0.20855820,0.00902045,0.00297427,0E-8,0.000000,0.900656,0.000000,0.00763944,2026-03-21,2026-08-06,87,1920,882,139,0.625899,0.863400,0.891889,0.695194,,,,,,,,GLOBAL_BASELINE_NO_ENTITY_RANKING,,,NOT_APPLICABLE_GLOBAL_BASELINE,HF9g-P5,,,,X 全窗基线 · 不参与实体赏罚,8397048,840,A168_HF9F_20260827_0900,2026-08-27 09:00:00
2026-06-19,54653530,2233,0,45.0021858204,12.2920256128,12.2920256128,0.6000000,6,6,0.50665070000000000,0.506650700000,0.4175076967804994,0.4175076967804994,0.4175076967804994,0E-17,ELIGIBLE,R03b_20260811_FULL_v1,L1_ELIGIBILITY,v2026-08-11,2026-03-21..2026-08-06,baccarat_bet02_101_all_pairs_incl_sentinel,round_win = game_pnl > 0 (decisive only),COMPATIBILITY_ONLY_NOT_PRODUCTION,53571.4227,48249.4483,483.2383,5739,5738,-0.00902045,-0.00297427,-0.01061372,-0.00902045,-483.2383,53571.4227,OK,0.0000,19.3295,4.0000,96.0000,AG03-UNRESOLVED,ALL5_LEVELS_bet23_to_bet27,19.3295,19.3295,24.1619,0.0000,0.0000,4.000000,4.000000,5.000000,0.000000,0.000000,96.000000,96.000000,95.000000,100.000000,100.000000,5.0,62.8210,60.1535,420.4173,423.0848,PENDING_AG03,FALSE,NOT_FOR_ENFORCEMENT,463.9088,46319.4703,483.2383,463.9088,19.3295,0.00902045,0.00865963,19.3295,463.9088,0.00865963,19.3295,19.3295,24.1619,0.0000,0.0000,463.9088,0.00865963,62.8210,60.1535,420.4173,423.0848,0.00784779,0.00789758,0.00036082,9.3346,8.4088,0.0842,5.5545,0.2517,615.7635,65.9540,8.3255,9.6426,5.1431,5.1891,8.2617,16.7816,25.8881,44.2602,5.1891,0.0,4.9889,8.529385,1.798876,29,193,98,2,0.20855820,0.00902045,0.00297427,0E-8,0.000000,0.900656,0.000000,0.00763944,2026-03-21,2026-08-06,87,1920,882,139,0.625899,0.863400,0.891889,0.695194,,,,,,,,GLOBAL_BASELINE_NO_ENTITY_RANKING,,,NOT_APPLICABLE_GLOBAL_BASELINE,HF9g-P5,,,,X 全窗基线 · 不参与实体赏罚,8397049,840,A168_HF9F_20260827_0900,2026-08-27 09:00:00
2026-06-19,54653530,2258,0,10.2862139018,9.7719032068,9.7719032068,1.0000000,2,2,0.50665070000000000,0.506650700000,1.3955260008387969,1.3955260008387969,1.3955260008387969,0E-17,ELIGIBLE,R03b_20260811_FULL_v1,L1_ELIGIBILITY,v2026-08-11,2026-03-21..2026-08-06,baccarat_bet02_101_all_pairs_incl_sentinel,round_win = game_pnl > 0 (decisive only),COMPATIBILITY_ONLY_NOT_PRODUCTION,53571.4227,48249.4483,483.2383,5739,5738,-0.00902045,-0.00297427,-0.01061372,-0.00902045,-483.2383,53571.4227,OK,0.0000,19.3295,4.0000,96.0000,AG03-UNRESOLVED,ALL5_LEVELS_bet23_to_bet27,19.3295,19.3295,24.1619,0.0000,0.0000,4.000000,4.000000,5.000000,0.000000,0.000000,96.000000,96.000000,95.000000,100.000000,100.000000,5.0,62.8210,60.1535,420.4173,423.0848,PENDING_AG03,FALSE,NOT_FOR_ENFORCEMENT,463.9088,46319.4703,483.2383,463.9088,19.3295,0.00902045,0.00865963,19.3295,463.9088,0.00865963,19.3295,19.3295,24.1619,0.0000,0.0000,463.9088,0.00865963,62.8210,60.1535,420.4173,423.0848,0.00784779,0.00789758,0.00036082,9.3346,8.4088,0.0842,5.5545,0.2517,615.7635,65.9540,8.3255,9.6426,5.1431,5.1891,8.2617,16.7816,25.8881,44.2602,5.1891,0.0,4.9889,8.529385,1.798876,29,193,98,2,0.20855820,0.00902045,0.00297427,0E-8,0.000000,0.900656,0.000000,0.00763944,2026-03-21,2026-08-06,87,1920,882,139,0.625899,0.863400,0.891889,0.695194,,,,,,,,GLOBAL_BASELINE_NO_ENTITY_RANKING,,,NOT_APPLICABLE_GLOBAL_BASELINE,HF9g-P5,,,,X 全窗基线 · 不参与实体赏罚,8397050,840,A168_HF9F_20260827_0900,2026-08-27 09:00:00
2026-06-19,54653530,2271,0,13.1149227248,2.4301180343,2.4301180343,0.5000000,2,2,0.50665070000000000,0.506650700000,-0.018812684590367487,-0.018812684590367487,-0.018812684590367487,0E-17,ELIGIBLE,R03b_20260811_FULL_v1,L1_ELIGIBILITY,v2026-08-11,2026-03-21..2026-08-06,baccarat_bet02_101_all_pairs_incl_sentinel,round_win = game_pnl > 0 (decisive only),COMPATIBILITY_ONLY_NOT_PRODUCTION,53571.4227,48249.4483,483.2383,5739,5738,-0.00902045,-0.00297427,-0.01061372,-0.00902045,-483.2383,53571.4227,OK,0.0000,19.3295,4.0000,96.0000,AG03-UNRESOLVED,ALL5_LEVELS_bet23_to_bet27,19.3295,19.3295,24.1619,0.0000,0.0000,4.000000,4.000000,5.000000,0.000000,0.000000,96.000000,96.000000,95.000000,100.000000,100.000000,5.0,62.8210,60.1535,420.4173,423.0848,PENDING_AG03,FALSE,NOT_FOR_ENFORCEMENT,463.9088,46319.4703,483.2383,463.9088,19.3295,0.00902045,0.00865963,19.3295,463.9088,0.00865963,19.3295,19.3295,24.1619,0.0000,0.0000,463.9088,0.00865963,62.8210,60.1535,420.4173,423.0848,0.00784779,0.00789758,0.00036082,9.3346,8.4088,0.0842,5.5545,0.2517,615.7635,65.9540,8.3255,9.6426,5.1431,5.1891,8.2617,16.7816,25.8881,44.2602,5.1891,0.0,4.9889,8.529385,1.798876,29,193,98,2,0.20855820,0.00902045,0.00297427,0E-8,0.000000,0.900656,0.000000,0.00763944,2026-03-21,2026-08-06,87,1920,882,139,0.625899,0.863400,0.891889,0.695194,,,,,,,,GLOBAL_BASELINE_NO_ENTITY_RANKING,,,NOT_APPLICABLE_GLOBAL_BASELINE,HF9g-P5,,,,X 全窗基线 · 不参与实体赏罚,8397051,840,A168_HF9F_20260827_0900,2026-08-27 09:00:00
2026-06-19,54653530,763,0,5.1431069509,4.8859516034,4.8859516034,1.0000000,1,1,0.50665070000000000,0.506650700000,0.9867858985152569,0.9867858985152569,0.9867858985152569,0E-17,ELIGIBLE,R03b_20260811_FULL_v1,L1_ELIGIBILITY,v2026-08-11,2026-03-21..2026-08-06,baccarat_bet02_101_all_pairs_incl_sentinel,round_win = game_pnl > 0 (decisive only),COMPATIBILITY_ONLY_NOT_PRODUCTION,53571.4227,48249.4483,483.2383,5739,5738,-0.00902045,-0.00297427,-0.01061372,-0.00902045,-483.2383,53571.4227,OK,0.0000,19.3295,4.0000,96.0000,AG03-UNRESOLVED,ALL5_LEVELS_bet23_to_bet27,19.3295,19.3295,24.1619,0.0000,0.0000,4.000000,4.000000,5.000000,0.000000,0.000000,96.000000,96.000000,95.000000,100.000000,100.000000,5.0,62.8210,60.1535,420.4173,423.0848,PENDING_AG03,FALSE,NOT_FOR_ENFORCEMENT,463.9088,46319.4703,483.2383,463.9088,19.3295,0.00902045,0.00865963,19.3295,463.9088,0.00865963,19.3295,19.3295,24.1619,0.0000,0.0000,463.9088,0.00865963,62.8210,60.1535,420.4173,423.0848,0.00784779,0.00789758,0.00036082,9.3346,8.4088,0.0842,5.5545,0.2517,615.7635,65.9540,8.3255,9.6426,5.1431,5.1891,8.2617,16.7816,25.8881,44.2602,5.1891,0.0,4.9889,8.529385,1.798876,29,193,98,2,0.20855820,0.00902045,0.00297427,0E-8,0.000000,0.900656,0.000000,0.00763944,2026-03-21,2026-08-06,87,1920,882,139,0.625899,0.863400,0.891889,0.695194,,,,,,,,GLOBAL_BASELINE_NO_ENTITY_RANKING,,,NOT_APPLICABLE_GLOBAL_BASELINE,HF9g-P5,,,,X 全窗基线 · 不参与实体赏罚,8397052,840,A168_HF9F_20260827_0900,2026-08-27 09:00:00
2026-06-19,54653530,919,0,34.7159719186,7.4060740094,7.4060740094,0.5000000,4,4,0.50665070000000000,0.506650700000,-0.02660515369234503,-0.02660515369234503,-0.02660515369234503,0E-17,ELIGIBLE,R03b_20260811_FULL_v1,L1_ELIGIBILITY,v2026-08-11,2026-03-21..2026-08-06,baccarat_bet02_101_all_pairs_incl_sentinel,round_win = game_pnl > 0 (decisive only),COMPATIBILITY_ONLY_NOT_PRODUCTION,53571.4227,48249.4483,483.2383,5739,5738,-0.00902045,-0.00297427,-0.01061372,-0.00902045,-483.2383,53571.4227,OK,0.0000,19.3295,4.0000,96.0000,AG03-UNRESOLVED,ALL5_LEVELS_bet23_to_bet27,19.3295,19.3295,24.1619,0.0000,0.0000,4.000000,4.000000,5.000000,0.000000,0.000000,96.000000,96.000000,95.000000,100.000000,100.000000,5.0,62.8210,60.1535,420.4173,423.0848,PENDING_AG03,FALSE,NOT_FOR_ENFORCEMENT,463.9088,46319.4703,483.2383,463.9088,19.3295,0.00902045,0.00865963,19.3295,463.9088,0.00865963,19.3295,19.3295,24.1619,0.0000,0.0000,463.9088,0.00865963,62.8210,60.1535,420.4173,423.0848,0.00784779,0.00789758,0.00036082,9.3346,8.4088,0.0842,5.5545,0.2517,615.7635,65.9540,8.3255,9.6426,5.1431,5.1891,8.2617,16.7816,25.8881,44.2602,5.1891,0.0,4.9889,8.529385,1.798876,29,193,98,2,0.20855820,0.00902045,0.00297427,0E-8,0.000000,0.900656,0.000000,0.00763944,2026-03-21,2026-08-06,87,1920,882,139,0.625899,0.863400,0.891889,0.695194,,,,,,,,GLOBAL_BASELINE_NO_ENTITY_RANKING,,,NOT_APPLICABLE_GLOBAL_BASELINE,HF9g-P5,,,,X 全窗基线 · 不参与实体赏罚,8397053,840,A168_HF9F_20260827_0900,2026-08-27 09:00:00
2026-06-19,54653530,987,0,10.2862139018,9.7719032068,9.7719032068,1.0000000,2,2,0.50665070000000000,0.506650700000,1.3955260008387969,1.3955260008387969,1.3955260008387969,0E-17,ELIGIBLE,R03b_20260811_FULL_v1,L1_ELIGIBILITY,v2026-08-11,2026-03-21..2026-08-06,baccarat_bet02_101_all_pairs_incl_sentinel,round_win = game_pnl > 0 (decisive only),COMPATIBILITY_ONLY_NOT_PRODUCTION,53571.4227,48249.4483,483.2383,5739,5738,-0.00902045,-0.00297427,-0.01061372,-0.00902045,-483.2383,53571.4227,OK,0.0000,19.3295,4.0000,96.0000,AG03-UNRESOLVED,ALL5_LEVELS_bet23_to_bet27,19.3295,19.3295,24.1619,0.0000,0.0000,4.000000,4.000000,5.000000,0.000000,0.000000,96.000000,96.000000,95.000000,100.000000,100.000000,5.0,62.8210,60.1535,420.4173,423.0848,PENDING_AG03,FALSE,NOT_FOR_ENFORCEMENT,463.9088,46319.4703,483.2383,463.9088,19.3295,0.00902045,0.00865963,19.3295,463.9088,0.00865963,19.3295,19.3295,24.1619,0.0000,0.0000,463.9088,0.00865963,62.8210,60.1535,420.4173,423.0848,0.00784779,0.00789758,0.00036082,9.3346,8.4088,0.0842,5.5545,0.2517,615.7635,65.9540,8.3255,9.6426,5.1431,5.1891,8.2617,16.7816,25.8881,44.2602,5.1891,0.0,4.9889,8.529385,1.798876,29,193,98,2,0.20855820,0.00902045,0.00297427,0E-8,0.000000,0.900656,0.000000,0.00763944,2026-03-21,2026-08-06,87,1920,882,139,0.625899,0.863400,0.891889,0.695194,,,,,,,,GLOBAL_BASELINE_NO_ENTITY_RANKING,,,NOT_APPLICABLE_GLOBAL_BASELINE,HF9g-P5,,,,X 全窗基线 · 不参与实体赏罚,8397054,840,A168_HF9F_20260827_0900,2026-08-27 09:00:00
2026-06-21,54653530,1307,0,64.0316815389,2.1601049193,2.1601049193,0.2500000,4,4,0.50665070000000000,0.506650700000,-1.0266936290537745,-1.0266936290537745,-1.0266936290537745,0E-17,ELIGIBLE,R03b_20260811_FULL_v1,L1_ELIGIBILITY,v2026-08-11,2026-03-21..2026-08-06,baccarat_bet02_101_all_pairs_incl_sentinel,round_win = game_pnl > 0 (decisive only),COMPATIBILITY_ONLY_NOT_PRODUCTION,53571.4227,48249.4483,483.2383,5739,5738,-0.00902045,-0.00297427,-0.01061372,-0.00902045,-483.2383,53571.4227,OK,0.0000,19.3295,4.0000,96.0000,AG03-UNRESOLVED,ALL5_LEVELS_bet23_to_bet27,19.3295,19.3295,24.1619,0.0000,0.0000,4.000000,4.000000,5.000000,0.000000,0.000000,96.000000,96.000000,95.000000,100.000000,100.000000,5.0,62.8210,60.1535,420.4173,423.0848,PENDING_AG03,FALSE,NOT_FOR_ENFORCEMENT,463.9088,46319.4703,483.2383,463.9088,19.3295,0.00902045,0.00865963,19.3295,463.9088,0.00865963,19.3295,19.3295,24.1619,0.0000,0.0000,463.9088,0.00865963,62.8210,60.1535,420.4173,423.0848,0.00784779,0.00789758,0.00036082,9.3346,8.4088,0.0842,5.5545,0.2517,615.7635,65.9540,8.3255,9.6426,5.1431,5.1891,8.2617,16.7816,25.8881,44.2602,5.1891,0.0,4.9889,8.529385,1.798876,29,193,98,2,0.20855820,0.00902045,0.00297427,0E-8,0.000000,0.900656,0.000000,0.00763944,2026-03-21,2026-08-06,87,1920,882,139,0.625899,0.863400,0.891889,0.695194,,,,,,,,GLOBAL_BASELINE_NO_ENTITY_RANKING,,,NOT_APPLICABLE_GLOBAL_BASELINE,HF9g-P5,,,,X 全窗基线 · 不参与实体赏罚,8397055,840,A168_HF9F_20260827_0900,2026-08-27 09:00:00
2026-06-21,54653530,1405,0,5.1431069509,4.8859516034,4.8859516034,1.0000000,1,1,0.50665070000000000,0.506650700000,0.9867858985152569,0.9867858985152569,0.9867858985152569,0E-17,ELIGIBLE,R03b_20260811_FULL_v1,L1_ELIGIBILITY,v2026-08-11,2026-03-21..2026-08-06,baccarat_bet02_101_all_pairs_incl_sentinel,round_win = game_pnl > 0 (decisive only),COMPATIBILITY_ONLY_NOT_PRODUCTION,53571.4227,48249.4483,483.2383,5739,5738,-0.00902045,-0.00297427,-0.01061372,-0.00902045,-483.2383,53571.4227,OK,0.0000,19.3295,4.0000,96.0000,AG03-UNRESOLVED,ALL5_LEVELS_bet23_to_bet27,19.3295,19.3295,24.1619,0.0000,0.0000,4.000000,4.000000,5.000000,0.000000,0.000000,96.000000,96.000000,95.000000,100.000000,100.000000,5.0,62.8210,60.1535,420.4173,423.0848,PENDING_AG03,FALSE,NOT_FOR_ENFORCEMENT,463.9088,46319.4703,483.2383,463.9088,19.3295,0.00902045,0.00865963,19.3295,463.9088,0.00865963,19.3295,19.3295,24.1619,0.0000,0.0000,463.9088,0.00865963,62.8210,60.1535,420.4173,423.0848,0.00784779,0.00789758,0.00036082,9.3346,8.4088,0.0842,5.5545,0.2517,615.7635,65.9540,8.3255,9.6426,5.1431,5.1891,8.2617,16.7816,25.8881,44.2602,5.1891,0.0,4.9889,8.529385,1.798876,29,193,98,2,0.20855820,0.00902045,0.00297427,0E-8,0.000000,0.900656,0.000000,0.00763944,2026-03-21,2026-08-06,87,1920,882,139,0.625899,0.863400,0.891889,0.695194,,,,,,,,GLOBAL_BASELINE_NO_ENTITY_RANKING,,,NOT_APPLICABLE_GLOBAL_BASELINE,HF9g-P5,,,,X 全窗基线 · 不参与实体赏罚,8397056,840,A168_HF9F_20260827_0900,2026-08-27 09:00:00
2026-06-21,54653530,1654,0,71.2320312701,-71.2320312701,-71.2320312701,0E-7,4,4,0.50665070000000000,0.506650700000,-2.026782104415204,-2.026782104415204,-2.026782104415204,0E-17,ELIGIBLE,R03b_20260811_FULL_v1,L1_ELIGIBILITY,v2026-08-11,2026-03-21..2026-08-06,baccarat_bet02_101_all_pairs_incl_sentinel,round_win = game_pnl > 0 (decisive only),COMPATIBILITY_ONLY_NOT_PRODUCTION,53571.4227,48249.4483,483.2383,5739,5738,-0.00902045,-0.00297427,-0.01061372,-0.00902045,-483.2383,53571.4227,OK,0.0000,19.3295,4.0000,96.0000,AG03-UNRESOLVED,ALL5_LEVELS_bet23_to_bet27,19.3295,19.3295,24.1619,0.0000,0.0000,4.000000,4.000000,5.000000,0.000000,0.000000,96.000000,96.000000,95.000000,100.000000,100.000000,5.0,62.8210,60.1535,420.4173,423.0848,PENDING_AG03,FALSE,NOT_FOR_ENFORCEMENT,463.9088,46319.4703,483.2383,463.9088,19.3295,0.00902045,0.00865963,19.3295,463.9088,0.00865963,19.3295,19.3295,24.1619,0.0000,0.0000,463.9088,0.00865963,62.8210,60.1535,420.4173,423.0848,0.00784779,0.00789758,0.00036082,9.3346,8.4088,0.0842,5.5545,0.2517,615.7635,65.9540,8.3255,9.6426,5.1431,5.1891,8.2617,16.7816,25.8881,44.2602,5.1891,0.0,4.9889,8.529385,1.798876,29,193,98,2,0.20855820,0.00902045,0.00297427,0E-8,0.000000,0.900656,0.000000,0.00763944,2026-03-21,2026-08-06,87,1920,882,139,0.625899,0.863400,0.891889,0.695194,,,,,,,,GLOBAL_BASELINE_NO_ENTITY_RANKING,,,NOT_APPLICABLE_GLOBAL_BASELINE,HF9g-P5,,,,X 全窗基线 · 不参与实体赏罚,8397057,840,A168_HF9F_20260827_0900,2026-08-27 09:00:00
2026-06-21,54653530,2175,0,5.1431069509,4.8859516034,4.8859516034,1.0000000,1,1,0.50665070000000000,0.506650700000,0.9867858985152569,0.9867858985152569,0.9867858985152569,0E-17,ELIGIBLE,R03b_20260811_FULL_v1,L1_ELIGIBILITY,v2026-08-11,2026-03-21..2026-08-06,baccarat_bet02_101_all_pairs_incl_sentinel,round_win = game_pnl > 0 (decisive only),COMPATIBILITY_ONLY_NOT_PRODUCTION,53571.4227,48249.4483,483.2383,5739,5738,-0.00902045,-0.00297427,-0.01061372,-0.00902045,-483.2383,53571.4227,OK,0.0000,19.3295,4.0000,96.0000,AG03-UNRESOLVED,ALL5_LEVELS_bet23_to_bet27,19.3295,19.3295,24.1619,0.0000,0.0000,4.000000,4.000000,5.000000,0.000000,0.000000,96.000000,96.000000,95.000000,100.000000,100.000000,5.0,62.8210,60.1535,420.4173,423.0848,PENDING_AG03,FALSE,NOT_FOR_ENFORCEMENT,463.9088,46319.4703,483.2383,463.9088,19.3295,0.00902045,0.00865963,19.3295,463.9088,0.00865963,19.3295,19.3295,24.1619,0.0000,0.0000,463.9088,0.00865963,62.8210,60.1535,420.4173,423.0848,0.00784779,0.00789758,0.00036082,9.3346,8.4088,0.0842,5.5545,0.2517,615.7635,65.9540,8.3255,9.6426,5.1431,5.1891,8.2617,16.7816,25.8881,44.2602,5.1891,0.0,4.9889,8.529385,1.798876,29,193,98,2,0.20855820,0.00902045,0.00297427,0E-8,0.000000,0.900656,0.000000,0.00763944,2026-03-21,2026-08-06,87,1920,882,139,0.625899,0.863400,0.891889,0.695194,,,,,,,,GLOBAL_BASELINE_NO_ENTITY_RANKING,,,NOT_APPLICABLE_GLOBAL_BASELINE,HF9g-P5,,,,X 全窗基线 · 不参与实体赏罚,8397058,840,A168_HF9F_20260827_0900,2026-08-27 09:00:00
2026-06-22,54653530,-1,1,164.5794224290,-4.1016277931,-4.1016277931,0.4761905,22,22,0.50543204545454545,0.505432045455,-0.26801922660031796,-0.26801922660448685,-0.26801922660031796,-4.5455E-13,SENTINEL_DEALER,R03b_20260811_FULL_v1,L1_ELIGIBILITY,v2026-08-11,2026-03-21..2026-08-06,baccarat_bet02_101_all_pairs_incl_sentinel,round_win = game_pnl > 0 (decisive only),COMPATIBILITY_ONLY_NOT_PRODUCTION,53571.4227,48249.4483,483.2383,5739,5738,-0.00902045,-0.00297427,-0.01061372,-0.00902045,-483.2383,53571.4227,OK,0.0000,19.3295,4.0000,96.0000,AG03-UNRESOLVED,ALL5_LEVELS_bet23_to_bet27,19.3295,19.3295,24.1619,0.0000,0.0000,4.000000,4.000000,5.000000,0.000000,0.000000,96.000000,96.000000,95.000000,100.000000,100.000000,5.0,62.8210,60.1535,420.4173,423.0848,PENDING_AG03,FALSE,NOT_FOR_ENFORCEMENT,463.9088,46319.4703,483.2383,463.9088,19.3295,0.00902045,0.00865963,19.3295,463.9088,0.00865963,19.3295,19.3295,24.1619,0.0000,0.0000,463.9088,0.00865963,62.8210,60.1535,420.4173,423.0848,0.00784779,0.00789758,0.00036082,9.3346,8.4088,0.0842,5.5545,0.2517,615.7635,65.9540,8.3255,9.6426,5.1431,5.1891,8.2617,16.7816,25.8881,44.2602,5.1891,0.0,4.9889,8.529385,1.798876,29,193,98,2,0.20855820,0.00902045,0.00297427,0E-8,0.000000,0.900656,0.000000,0.00763944,2026-03-21,2026-08-06,87,1920,882,139,0.625899,0.863400,0.891889,0.695194,,,,,,,,GLOBAL_BASELINE_NO_ENTITY_RANKING,,,NOT_APPLICABLE_GLOBAL_BASELINE,HF9g-P5,,,,X 全窗基线 · 不参与实体赏罚,8397059,840,A168_HF9F_20260827_0900,2026-08-27 09:00:00
2026-06-22,54653530,1004,0,7.7146604264,7.7146604264,7.7146604264,1.0000000,1,1,0.49324550000000000,0.493245500000,1.01360149184955,1.01360149184955,1.01360149184955,0E-17,ELIGIBLE,R03b_20260811_FULL_v1,L1_ELIGIBILITY,v2026-08-11,2026-03-21..2026-08-06,baccarat_bet02_101_all_pairs_incl_sentinel,round_win = game_pnl > 0 (decisive only),COMPATIBILITY_ONLY_NOT_PRODUCTION,53571.4227,48249.4483,483.2383,5739,5738,-0.00902045,-0.00297427,-0.01061372,-0.00902045,-483.2383,53571.4227,OK,0.0000,19.3295,4.0000,96.0000,AG03-UNRESOLVED,ALL5_LEVELS_bet23_to_bet27,19.3295,19.3295,24.1619,0.0000,0.0000,4.000000,4.000000,5.000000,0.000000,0.000000,96.000000,96.000000,95.000000,100.000000,100.000000,5.0,62.8210,60.1535,420.4173,423.0848,PENDING_AG03,FALSE,NOT_FOR_ENFORCEMENT,463.9088,46319.4703,483.2383,463.9088,19.3295,0.00902045,0.00865963,19.3295,463.9088,0.00865963,19.3295,19.3295,24.1619,0.0000,0.0000,463.9088,0.00865963,62.8210,60.1535,420.4173,423.0848,0.00784779,0.00789758,0.00036082,9.3346,8.4088,0.0842,5.5545,0.2517,615.7635,65.9540,8.3255,9.6426,5.1431,5.1891,8.2617,16.7816,25.8881,44.2602,5.1891,0.0,4.9889,8.529385,1.798876,29,193,98,2,0.20855820,0.00902045,0.00297427,0E-8,0.000000,0.900656,0.000000,0.00763944,2026-03-21,2026-08-06,87,1920,882,139,0.625899,0.863400,0.891889,0.695194,,,,,,,,GLOBAL_BASELINE_NO_ENTITY_RANKING,,,NOT_APPLICABLE_GLOBAL_BASELINE,HF9g-P5,,,,X 全窗基线 · 不参与实体赏罚,8397060,840,A168_HF9F_20260827_0900,2026-08-27 09:00:00
2026-06-22,54653530,1157,0,75.0893614832,11.4176974312,11.4176974312,0.5000000,10,10,0.50665070000000000,0.506650700000,-0.037625369180734974,-0.037625369180734974,-0.037625369180734974,0E-17,ELIGIBLE,R03b_20260811_FULL_v1,L1_ELIGIBILITY,v2026-08-11,2026-03-21..2026-08-06,baccarat_bet02_101_all_pairs_incl_sentinel,round_win = game_pnl > 0 (decisive only),COMPATIBILITY_ONLY_NOT_PRODUCTION,53571.4227,48249.4483,483.2383,5739,5738,-0.00902045,-0.00297427,-0.01061372,-0.00902045,-483.2383,53571.4227,OK,0.0000,19.3295,4.0000,96.0000,AG03-UNRESOLVED,ALL5_LEVELS_bet23_to_bet27,19.3295,19.3295,24.1619,0.0000,0.0000,4.000000,4.000000,5.000000,0.000000,0.000000,96.000000,96.000000,95.000000,100.000000,100.000000,5.0,62.8210,60.1535,420.4173,423.0848,PENDING_AG03,FALSE,NOT_FOR_ENFORCEMENT,463.9088,46319.4703,483.2383,463.9088,19.3295,0.00902045,0.00865963,19.3295,463.9088,0.00865963,19.3295,19.3295,24.1619,0.0000,0.0000,463.9088,0.00865963,62.8210,60.1535,420.4173,423.0848,0.00784779,0.00789758,0.00036082,9.3346,8.4088,0.0842,5.5545,0.2517,615.7635,65.9540,8.3255,9.6426,5.1431,5.1891,8.2617,16.7816,25.8881,44.2602,5.1891,0.0,4.9889,8.529385,1.798876,29,193,98,2,0.20855820,0.00902045,0.00297427,0E-8,0.000000,0.900656,0.000000,0.00763944,2026-03-21,2026-08-06,87,1920,882,139,0.625899,0.863400,0.891889,0.695194,,,,,,,,GLOBAL_BASELINE_NO_ENTITY_RANKING,,,NOT_APPLICABLE_GLOBAL_BASELINE,HF9g-P5,,,,X 全窗基线 · 不参与实体赏罚,8397061,840,A168_HF9F_20260827_0900,2026-08-27 09:00:00
2026-06-22,54653530,1221,0,10.2862139018,-0.2571553475,-0.2571553475,0.5000000,2,2,0.50665070000000000,0.506650700000,-0.018812684590367487,-0.018812684590367487,-0.018812684590367487,0E-17,ELIGIBLE,R03b_20260811_FULL_v1,L1_ELIGIBILITY,v2026-08-11,2026-03-21..2026-08-06,baccarat_bet02_101_all_pairs_incl_sentinel,round_win = game_pnl > 0 (decisive only),COMPATIBILITY_ONLY_NOT_PRODUCTION,53571.4227,48249.4483,483.2383,5739,5738,-0.00902045,-0.00297427,-0.01061372,-0.00902045,-483.2383,53571.4227,OK,0.0000,19.3295,4.0000,96.0000,AG03-UNRESOLVED,ALL5_LEVELS_bet23_to_bet27,19.3295,19.3295,24.1619,0.0000,0.0000,4.000000,4.000000,5.000000,0.000000,0.000000,96.000000,96.000000,95.000000,100.000000,100.000000,5.0,62.8210,60.1535,420.4173,423.0848,PENDING_AG03,FALSE,NOT_FOR_ENFORCEMENT,463.9088,46319.4703,483.2383,463.9088,19.3295,0.00902045,0.00865963,19.3295,463.9088,0.00865963,19.3295,19.3295,24.1619,0.0000,0.0000,463.9088,0.00865963,62.8210,60.1535,420.4173,423.0848,0.00784779,0.00789758,0.00036082,9.3346,8.4088,0.0842,5.5545,0.2517,615.7635,65.9540,8.3255,9.6426,5.1431,5.1891,8.2617,16.7816,25.8881,44.2602,5.1891,0.0,4.9889,8.529385,1.798876,29,193,98,2,0.20855820,0.00902045,0.00297427,0E-8,0.000000,0.900656,0.000000,0.00763944,2026-03-21,2026-08-06,87,1920,882,139,0.625899,0.863400,0.891889,0.695194,,,,,,,,GLOBAL_BASELINE_NO_ENTITY_RANKING,,,NOT_APPLICABLE_GLOBAL_BASELINE,HF9g-P5,,,,X 全窗基线 · 不参与实体赏罚,8397062,840,A168_HF9F_20260827_0900,2026-08-27 09:00:00
2026-06-22,54653530,1306,0,32.4015737907,7.6632293569,7.6632293569,0.5000000,3,3,0.50665070000000000,0.506650700000,-0.018812684590367487,-0.018812684590367487,-0.018812684590367487,0E-17,ELIGIBLE,R03b_20260811_FULL_v1,L1_ELIGIBILITY,v2026-08-11,2026-03-21..2026-08-06,baccarat_bet02_101_all_pairs_incl_sentinel,round_win = game_pnl > 0 (decisive only),COMPATIBILITY_ONLY_NOT_PRODUCTION,53571.4227,48249.4483,483.2383,5739,5738,-0.00902045,-0.00297427,-0.01061372,-0.00902045,-483.2383,53571.4227,OK,0.0000,19.3295,4.0000,96.0000,AG03-UNRESOLVED,ALL5_LEVELS_bet23_to_bet27,19.3295,19.3295,24.1619,0.0000,0.0000,4.000000,4.000000,5.000000,0.000000,0.000000,96.000000,96.000000,95.000000,100.000000,100.000000,5.0,62.8210,60.1535,420.4173,423.0848,PENDING_AG03,FALSE,NOT_FOR_ENFORCEMENT,463.9088,46319.4703,483.2383,463.9088,19.3295,0.00902045,0.00865963,19.3295,463.9088,0.00865963,19.3295,19.3295,24.1619,0.0000,0.0000,463.9088,0.00865963,62.8210,60.1535,420.4173,423.0848,0.00784779,0.00789758,0.00036082,9.3346,8.4088,0.0842,5.5545,0.2517,615.7635,65.9540,8.3255,9.6426,5.1431,5.1891,8.2617,16.7816,25.8881,44.2602,5.1891,0.0,4.9889,8.529385,1.798876,29,193,98,2,0.20855820,0.00902045,0.00297427,0E-8,0.000000,0.900656,0.000000,0.00763944,2026-03-21,2026-08-06,87,1920,882,139,0.625899,0.863400,0.891889,0.695194,,,,,,,,GLOBAL_BASELINE_NO_ENTITY_RANKING,,,NOT_APPLICABLE_GLOBAL_BASELINE,HF9g-P5,,,,X 全窗基线 · 不参与实体赏罚,8397063,840,A168_HF9F_20260827_0900,2026-08-27 09:00:00
2026-06-22,54653530,1325,0,13.1149227248,2.4301180343,2.4301180343,0.5000000,2,2,0.50665070000000000,0.506650700000,-0.018812684590367487,-0.018812684590367487,-0.018812684590367487,0E-17,ELIGIBLE,R03b_20260811_FULL_v1,L1_ELIGIBILITY,v2026-08-11,2026-03-21..2026-08-06,baccarat_bet02_101_all_pairs_incl_sentinel,round_win = game_pnl > 0 (decisive only),COMPATIBILITY_ONLY_NOT_PRODUCTION,53571.4227,48249.4483,483.2383,5739,5738,-0.00902045,-0.00297427,-0.01061372,-0.00902045,-483.2383,53571.4227,OK,0.0000,19.3295,4.0000,96.0000,AG03-UNRESOLVED,ALL5_LEVELS_bet23_to_bet27,19.3295,19.3295,24.1619,0.0000,0.0000,4.000000,4.000000,5.000000,0.000000,0.000000,96.000000,96.000000,95.000000,100.000000,100.000000,5.0,62.8210,60.1535,420.4173,423.0848,PENDING_AG03,FALSE,NOT_FOR_ENFORCEMENT,463.9088,46319.4703,483.2383,463.9088,19.3295,0.00902045,0.00865963,19.3295,463.9088,0.00865963,19.3295,19.3295,24.1619,0.0000,0.0000,463.9088,0.00865963,62.8210,60.1535,420.4173,423.0848,0.00784779,0.00789758,0.00036082,9.3346,8.4088,0.0842,5.5545,0.2517,615.7635,65.9540,8.3255,9.6426,5.1431,5.1891,8.2617,16.7816,25.8881,44.2602,5.1891,0.0,4.9889,8.529385,1.798876,29,193,98,2,0.20855820,0.00902045,0.00297427,0E-8,0.000000,0.900656,0.000000,0.00763944,2026-03-21,2026-08-06,87,1920,882,139,0.625899,0.863400,0.891889,0.695194,,,,,,,,GLOBAL_BASELINE_NO_ENTITY_RANKING,,,NOT_APPLICABLE_GLOBAL_BASELINE,HF9g-P5,,,,X 全窗基线 · 不参与实体赏罚,8397064,840,A168_HF9F_20260827_0900,2026-08-27 09:00:00
2026-06-22,54653530,1353,0,13.1149227248,2.4301180343,2.4301180343,0.5000000,2,2,0.50665070000000000,0.506650700000,-0.018812684590367487,-0.018812684590367487,-0.018812684590367487,0E-17,ELIGIBLE,R03b_20260811_FULL_v1,L1_ELIGIBILITY,v2026-08-11,2026-03-21..2026-08-06,baccarat_bet02_101_all_pairs_incl_sentinel,round_win = game_pnl > 0 (decisive only),COMPATIBILITY_ONLY_NOT_PRODUCTION,53571.4227,48249.4483,483.2383,5739,5738,-0.00902045,-0.00297427,-0.01061372,-0.00902045,-483.2383,53571.4227,OK,0.0000,19.3295,4.0000,96.0000,AG03-UNRESOLVED,ALL5_LEVELS_bet23_to_bet27,19.3295,19.3295,24.1619,0.0000,0.0000,4.000000,4.000000,5.000000,0.000000,0.000000,96.000000,96.000000,95.000000,100.000000,100.000000,5.0,62.8210,60.1535,420.4173,423.0848,PENDING_AG03,FALSE,NOT_FOR_ENFORCEMENT,463.9088,46319.4703,483.2383,463.9088,19.3295,0.00902045,0.00865963,19.3295,463.9088,0.00865963,19.3295,19.3295,24.1619,0.0000,0.0000,463.9088,0.00865963,62.8210,60.1535,420.4173,423.0848,0.00784779,0.00789758,0.00036082,9.3346,8.4088,0.0842,5.5545,0.2517,615.7635,65.9540,8.3255,9.6426,5.1431,5.1891,8.2617,16.7816,25.8881,44.2602,5.1891,0.0,4.9889,8.529385,1.798876,29,193,98,2,0.20855820,0.00902045,0.00297427,0E-8,0.000000,0.900656,0.000000,0.00763944,2026-03-21,2026-08-06,87,1920,882,139,0.625899,0.863400,0.891889,0.695194,,,,,,,,GLOBAL_BASELINE_NO_ENTITY_RANKING,,,NOT_APPLICABLE_GLOBAL_BASELINE,HF9g-P5,,,,X 全窗基线 · 不参与实体赏罚,8397065,840,A168_HF9F_20260827_0900,2026-08-27 09:00:00
2026-06-22,54653530,1383,0,97.7190320671,-6.1717283410,-6.1717283410,0.2857143,9,9,0.50069283333333333,0.500692833333,-1.137560640527468,-1.137560640525703,-1.137560640527468,3.3333E-13,ELIGIBLE,R03b_20260811_FULL_v1,L1_ELIGIBILITY,v2026-08-11,2026-03-21..2026-08-06,baccarat_bet02_101_all_pairs_incl_sentinel,round_win = game_pnl > 0 (decisive only),COMPATIBILITY_ONLY_NOT_PRODUCTION,53571.4227,48249.4483,483.2383,5739,5738,-0.00902045,-0.00297427,-0.01061372,-0.00902045,-483.2383,53571.4227,OK,0.0000,19.3295,4.0000,96.0000,AG03-UNRESOLVED,ALL5_LEVELS_bet23_to_bet27,19.3295,19.3295,24.1619,0.0000,0.0000,4.000000,4.000000,5.000000,0.000000,0.000000,96.000000,96.000000,95.000000,100.000000,100.000000,5.0,62.8210,60.1535,420.4173,423.0848,PENDING_AG03,FALSE,NOT_FOR_ENFORCEMENT,463.9088,46319.4703,483.2383,463.9088,19.3295,0.00902045,0.00865963,19.3295,463.9088,0.00865963,19.3295,19.3295,24.1619,0.0000,0.0000,463.9088,0.00865963,62.8210,60.1535,420.4173,423.0848,0.00784779,0.00789758,0.00036082,9.3346,8.4088,0.0842,5.5545,0.2517,615.7635,65.9540,8.3255,9.6426,5.1431,5.1891,8.2617,16.7816,25.8881,44.2602,5.1891,0.0,4.9889,8.529385,1.798876,29,193,98,2,0.20855820,0.00902045,0.00297427,0E-8,0.000000,0.900656,0.000000,0.00763944,2026-03-21,2026-08-06,87,1920,882,139,0.625899,0.863400,0.891889,0.695194,,,,,,,,GLOBAL_BASELINE_NO_ENTITY_RANKING,,,NOT_APPLICABLE_GLOBAL_BASELINE,HF9g-P5,,,,X 全窗基线 · 不参与实体赏罚,8397066,840,A168_HF9F_20260827_0900,2026-08-27 09:00:00
2026-06-22,54653530,1384,0,44.2307197778,17.0751150771,17.0751150771,0.6666667,7,7,0.50665070000000000,0.506650700000,0.7839842952205449,0.7839842952205449,0.7839842952205449,0E-17,ELIGIBLE,R03b_20260811_FULL_v1,L1_ELIGIBILITY,v2026-08-11,2026-03-21..2026-08-06,baccarat_bet02_101_all_pairs_incl_sentinel,round_win = game_pnl > 0 (decisive only),COMPATIBILITY_ONLY_NOT_PRODUCTION,53571.4227,48249.4483,483.2383,5739,5738,-0.00902045,-0.00297427,-0.01061372,-0.00902045,-483.2383,53571.4227,OK,0.0000,19.3295,4.0000,96.0000,AG03-UNRESOLVED,ALL5_LEVELS_bet23_to_bet27,19.3295,19.3295,24.1619,0.0000,0.0000,4.000000,4.000000,5.000000,0.000000,0.000000,96.000000,96.000000,95.000000,100.000000,100.000000,5.0,62.8210,60.1535,420.4173,423.0848,PENDING_AG03,FALSE,NOT_FOR_ENFORCEMENT,463.9088,46319.4703,483.2383,463.9088,19.3295,0.00902045,0.00865963,19.3295,463.9088,0.00865963,19.3295,19.3295,24.1619,0.0000,0.0000,463.9088,0.00865963,62.8210,60.1535,420.4173,423.0848,0.00784779,0.00789758,0.00036082,9.3346,8.4088,0.0842,5.5545,0.2517,615.7635,65.9540,8.3255,9.6426,5.1431,5.1891,8.2617,16.7816,25.8881,44.2602,5.1891,0.0,4.9889,8.529385,1.798876,29,193,98,2,0.20855820,0.00902045,0.00297427,0E-8,0.000000,0.900656,0.000000,0.00763944,2026-03-21,2026-08-06,87,1920,882,139,0.625899,0.863400,0.891889,0.695194,,,,,,,,GLOBAL_BASELINE_NO_ENTITY_RANKING,,,NOT_APPLICABLE_GLOBAL_BASELINE,HF9g-P5,,,,X 全窗基线 · 不参与实体赏罚,8397067,840,A168_HF9F_20260827_0900,2026-08-27 09:00:00
2026-06-22,54653530,1401,0,5.1431069509,4.8859516034,4.8859516034,1.0000000,1,1,0.50665070000000000,0.506650700000,0.9867858985152569,0.9867858985152569,0.9867858985152569,0E-17,ELIGIBLE,R03b_20260811_FULL_v1,L1_ELIGIBILITY,v2026-08-11,2026-03-21..2026-08-06,baccarat_bet02_101_all_pairs_incl_sentinel,round_win = game_pnl > 0 (decisive only),COMPATIBILITY_ONLY_NOT_PRODUCTION,53571.4227,48249.4483,483.2383,5739,5738,-0.00902045,-0.00297427,-0.01061372,-0.00902045,-483.2383,53571.4227,OK,0.0000,19.3295,4.0000,96.0000,AG03-UNRESOLVED,ALL5_LEVELS_bet23_to_bet27,19.3295,19.3295,24.1619,0.0000,0.0000,4.000000,4.000000,5.000000,0.000000,0.000000,96.000000,96.000000,95.000000,100.000000,100.000000,5.0,62.8210,60.1535,420.4173,423.0848,PENDING_AG03,FALSE,NOT_FOR_ENFORCEMENT,463.9088,46319.4703,483.2383,463.9088,19.3295,0.00902045,0.00865963,19.3295,463.9088,0.00865963,19.3295,19.3295,24.1619,0.0000,0.0000,463.9088,0.00865963,62.8210,60.1535,420.4173,423.0848,0.00784779,0.00789758,0.00036082,9.3346,8.4088,0.0842,5.5545,0.2517,615.7635,65.9540,8.3255,9.6426,5.1431,5.1891,8.2617,16.7816,25.8881,44.2602,5.1891,0.0,4.9889,8.529385,1.798876,29,193,98,2,0.20855820,0.00902045,0.00297427,0E-8,0.000000,0.900656,0.000000,0.00763944,2026-03-21,2026-08-06,87,1920,882,139,0.625899,0.863400,0.891889,0.695194,,,,,,,,GLOBAL_BASELINE_NO_ENTITY_RANKING,,,NOT_APPLICABLE_GLOBAL_BASELINE,HF9g-P5,,,,X 全窗基线 · 不参与实体赏罚,8397068,840,A168_HF9F_20260827_0900,2026-08-27 09:00:00
2026-06-22,54653530,1405,0,5.1431069509,4.8859516034,4.8859516034,1.0000000,1,1,0.50665070000000000,0.506650700000,0.9867858985152569,0.9867858985152569,0.9867858985152569,0E-17,ELIGIBLE,R03b_20260811_FULL_v1,L1_ELIGIBILITY,v2026-08-11,2026-03-21..2026-08-06,baccarat_bet02_101_all_pairs_incl_sentinel,round_win = game_pnl > 0 (decisive only),COMPATIBILITY_ONLY_NOT_PRODUCTION,53571.4227,48249.4483,483.2383,5739,5738,-0.00902045,-0.00297427,-0.01061372,-0.00902045,-483.2383,53571.4227,OK,0.0000,19.3295,4.0000,96.0000,AG03-UNRESOLVED,ALL5_LEVELS_bet23_to_bet27,19.3295,19.3295,24.1619,0.0000,0.0000,4.000000,4.000000,5.000000,0.000000,0.000000,96.000000,96.000000,95.000000,100.000000,100.000000,5.0,62.8210,60.1535,420.4173,423.0848,PENDING_AG03,FALSE,NOT_FOR_ENFORCEMENT,463.9088,46319.4703,483.2383,463.9088,19.3295,0.00902045,0.00865963,19.3295,463.9088,0.00865963,19.3295,19.3295,24.1619,0.0000,0.0000,463.9088,0.00865963,62.8210,60.1535,420.4173,423.0848,0.00784779,0.00789758,0.00036082,9.3346,8.4088,0.0842,5.5545,0.2517,615.7635,65.9540,8.3255,9.6426,5.1431,5.1891,8.2617,16.7816,25.8881,44.2602,5.1891,0.0,4.9889,8.529385,1.798876,29,193,98,2,0.20855820,0.00902045,0.00297427,0E-8,0.000000,0.900656,0.000000,0.00763944,2026-03-21,2026-08-06,87,1920,882,139,0.625899,0.863400,0.891889,0.695194,,,,,,,,GLOBAL_BASELINE_NO_ENTITY_RANKING,,,NOT_APPLICABLE_GLOBAL_BASELINE,HF9g-P5,,,,X 全窗基线 · 不参与实体赏罚,8397069,840,A168_HF9F_20260827_0900,2026-08-27 09:00:00
2026-06-22,54653530,1490,0,15.4293208527,4.6287962558,4.6287962558,0.5000000,2,2,0.50665070000000000,0.506650700000,-0.018812684590367487,-0.018812684590367487,-0.018812684590367487,0E-17,ELIGIBLE,R03b_20260811_FULL_v1,L1_ELIGIBILITY,v2026-08-11,2026-03-21..2026-08-06,baccarat_bet02_101_all_pairs_incl_sentinel,round_win = game_pnl > 0 (decisive only),COMPATIBILITY_ONLY_NOT_PRODUCTION,53571.4227,48249.4483,483.2383,5739,5738,-0.00902045,-0.00297427,-0.01061372,-0.00902045,-483.2383,53571.4227,OK,0.0000,19.3295,4.0000,96.0000,AG03-UNRESOLVED,ALL5_LEVELS_bet23_to_bet27,19.3295,19.3295,24.1619,0.0000,0.0000,4.000000,4.000000,5.000000,0.000000,0.000000,96.000000,96.000000,95.000000,100.000000,100.000000,5.0,62.8210,60.1535,420.4173,423.0848,PENDING_AG03,FALSE,NOT_FOR_ENFORCEMENT,463.9088,46319.4703,483.2383,463.9088,19.3295,0.00902045,0.00865963,19.3295,463.9088,0.00865963,19.3295,19.3295,24.1619,0.0000,0.0000,463.9088,0.00865963,62.8210,60.1535,420.4173,423.0848,0.00784779,0.00789758,0.00036082,9.3346,8.4088,0.0842,5.5545,0.2517,615.7635,65.9540,8.3255,9.6426,5.1431,5.1891,8.2617,16.7816,25.8881,44.2602,5.1891,0.0,4.9889,8.529385,1.798876,29,193,98,2,0.20855820,0.00902045,0.00297427,0E-8,0.000000,0.900656,0.000000,0.00763944,2026-03-21,2026-08-06,87,1920,882,139,0.625899,0.863400,0.891889,0.695194,,,,,,,,GLOBAL_BASELINE_NO_ENTITY_RANKING,,,NOT_APPLICABLE_GLOBAL_BASELINE,HF9g-P5,,,,X 全窗基线 · 不参与实体赏罚,8397070,840,A168_HF9F_20260827_0900,2026-08-27 09:00:00
2026-06-22,54653530,1507,0,16.7150975904,5.8502841567,5.8502841567,0.5000000,2,2,0.50665070000000000,0.506650700000,-0.018812684590367487,-0.018812684590367487,-0.018812684590367487,0E-17,ELIGIBLE,R03b_20260811_FULL_v1,L1_ELIGIBILITY,v2026-08-11,2026-03-21..2026-08-06,baccarat_bet02_101_all_pairs_incl_sentinel,round_win = game_pnl > 0 (decisive only),COMPATIBILITY_ONLY_NOT_PRODUCTION,53571.4227,48249.4483,483.2383,5739,5738,-0.00902045,-0.00297427,-0.01061372,-0.00902045,-483.2383,53571.4227,OK,0.0000,19.3295,4.0000,96.0000,AG03-UNRESOLVED,ALL5_LEVELS_bet23_to_bet27,19.3295,19.3295,24.1619,0.0000,0.0000,4.000000,4.000000,5.000000,0.000000,0.000000,96.000000,96.000000,95.000000,100.000000,100.000000,5.0,62.8210,60.1535,420.4173,423.0848,PENDING_AG03,FALSE,NOT_FOR_ENFORCEMENT,463.9088,46319.4703,483.2383,463.9088,19.3295,0.00902045,0.00865963,19.3295,463.9088,0.00865963,19.3295,19.3295,24.1619,0.0000,0.0000,463.9088,0.00865963,62.8210,60.1535,420.4173,423.0848,0.00784779,0.00789758,0.00036082,9.3346,8.4088,0.0842,5.5545,0.2517,615.7635,65.9540,8.3255,9.6426,5.1431,5.1891,8.2617,16.7816,25.8881,44.2602,5.1891,0.0,4.9889,8.529385,1.798876,29,193,98,2,0.20855820,0.00902045,0.00297427,0E-8,0.000000,0.900656,0.000000,0.00763944,2026-03-21,2026-08-06,87,1920,882,139,0.625899,0.863400,0.891889,0.695194,,,,,,,,GLOBAL_BASELINE_NO_ENTITY_RANKING,,,NOT_APPLICABLE_GLOBAL_BASELINE,HF9g-P5,,,,X 全窗基线 · 不参与实体赏罚,8397071,840,A168_HF9F_20260827_0900,2026-08-27 09:00:00
2026-06-22,54653530,1704,0,43.9735644303,-43.9735644303,-43.9735644303,0E-7,2,2,0.50665070000000000,0.506650700000,-1.4331513700195317,-1.4331513700195317,-1.4331513700195317,0E-17,ELIGIBLE,R03b_20260811_FULL_v1,L1_ELIGIBILITY,v2026-08-11,2026-03-21..2026-08-06,baccarat_bet02_101_all_pairs_incl_sentinel,round_win = game_pnl > 0 (decisive only),COMPATIBILITY_ONLY_NOT_PRODUCTION,53571.4227,48249.4483,483.2383,5739,5738,-0.00902045,-0.00297427,-0.01061372,-0.00902045,-483.2383,53571.4227,OK,0.0000,19.3295,4.0000,96.0000,AG03-UNRESOLVED,ALL5_LEVELS_bet23_to_bet27,19.3295,19.3295,24.1619,0.0000,0.0000,4.000000,4.000000,5.000000,0.000000,0.000000,96.000000,96.000000,95.000000,100.000000,100.000000,5.0,62.8210,60.1535,420.4173,423.0848,PENDING_AG03,FALSE,NOT_FOR_ENFORCEMENT,463.9088,46319.4703,483.2383,463.9088,19.3295,0.00902045,0.00865963,19.3295,463.9088,0.00865963,19.3295,19.3295,24.1619,0.0000,0.0000,463.9088,0.00865963,62.8210,60.1535,420.4173,423.0848,0.00784779,0.00789758,0.00036082,9.3346,8.4088,0.0842,5.5545,0.2517,615.7635,65.9540,8.3255,9.6426,5.1431,5.1891,8.2617,16.7816,25.8881,44.2602,5.1891,0.0,4.9889,8.529385,1.798876,29,193,98,2,0.20855820,0.00902045,0.00297427,0E-8,0.000000,0.900656,0.000000,0.00763944,2026-03-21,2026-08-06,87,1920,882,139,0.625899,0.863400,0.891889,0.695194,,,,,,,,GLOBAL_BASELINE_NO_ENTITY_RANKING,,,NOT_APPLICABLE_GLOBAL_BASELINE,HF9g-P5,,,,X 全窗基线 · 不参与实体赏罚,8397072,840,A168_HF9F_20260827_0900,2026-08-27 09:00:00
2026-06-22,54653530,1710,0,5.1431069509,4.8859516034,4.8859516034,1.0000000,1,1,0.50665070000000000,0.506650700000,0.9867858985152569,0.9867858985152569,0.9867858985152569,0E-17,ELIGIBLE,R03b_20260811_FULL_v1,L1_ELIGIBILITY,v2026-08-11,2026-03-21..2026-08-06,baccarat_bet02_101_all_pairs_incl_sentinel,round_win = game_pnl > 0 (decisive only),COMPATIBILITY_ONLY_NOT_PRODUCTION,53571.4227,48249.4483,483.2383,5739,5738,-0.00902045,-0.00297427,-0.01061372,-0.00902045,-483.2383,53571.4227,OK,0.0000,19.3295,4.0000,96.0000,AG03-UNRESOLVED,ALL5_LEVELS_bet23_to_bet27,19.3295,19.3295,24.1619,0.0000,0.0000,4.000000,4.000000,5.000000,0.000000,0.000000,96.000000,96.000000,95.000000,100.000000,100.000000,5.0,62.8210,60.1535,420.4173,423.0848,PENDING_AG03,FALSE,NOT_FOR_ENFORCEMENT,463.9088,46319.4703,483.2383,463.9088,19.3295,0.00902045,0.00865963,19.3295,463.9088,0.00865963,19.3295,19.3295,24.1619,0.0000,0.0000,463.9088,0.00865963,62.8210,60.1535,420.4173,423.0848,0.00784779,0.00789758,0.00036082,9.3346,8.4088,0.0842,5.5545,0.2517,615.7635,65.9540,8.3255,9.6426,5.1431,5.1891,8.2617,16.7816,25.8881,44.2602,5.1891,0.0,4.9889,8.529385,1.798876,29,193,98,2,0.20855820,0.00902045,0.00297427,0E-8,0.000000,0.900656,0.000000,0.00763944,2026-03-21,2026-08-06,87,1920,882,139,0.625899,0.863400,0.891889,0.695194,,,,,,,,GLOBAL_BASELINE_NO_ENTITY_RANKING,,,NOT_APPLICABLE_GLOBAL_BASELINE,HF9g-P5,,,,X 全窗基线 · 不参与实体赏罚,8397073,840,A168_HF9F_20260827_0900,2026-08-27 09:00:00
2026-06-22,54653530,1940,0,5.1431069509,0E-10,0E-10,,1,1,0.49324550000000000,0.493245500000,,,,0E-17,NO_DECISIVE_ROUND,R03b_20260811_FULL_v1,L1_ELIGIBILITY,v2026-08-11,2026-03-21..2026-08-06,baccarat_bet02_101_all_pairs_incl_sentinel,round_win = game_pnl > 0 (decisive only),COMPATIBILITY_ONLY_NOT_PRODUCTION,53571.4227,48249.4483,483.2383,5739,5738,-0.00902045,-0.00297427,-0.01061372,-0.00902045,-483.2383,53571.4227,OK,0.0000,19.3295,4.0000,96.0000,AG03-UNRESOLVED,ALL5_LEVELS_bet23_to_bet27,19.3295,19.3295,24.1619,0.0000,0.0000,4.000000,4.000000,5.000000,0.000000,0.000000,96.000000,96.000000,95.000000,100.000000,100.000000,5.0,62.8210,60.1535,420.4173,423.0848,PENDING_AG03,FALSE,NOT_FOR_ENFORCEMENT,463.9088,46319.4703,483.2383,463.9088,19.3295,0.00902045,0.00865963,19.3295,463.9088,0.00865963,19.3295,19.3295,24.1619,0.0000,0.0000,463.9088,0.00865963,62.8210,60.1535,420.4173,423.0848,0.00784779,0.00789758,0.00036082,9.3346,8.4088,0.0842,5.5545,0.2517,615.7635,65.9540,8.3255,9.6426,5.1431,5.1891,8.2617,16.7816,25.8881,44.2602,5.1891,0.0,4.9889,8.529385,1.798876,29,193,98,2,0.20855820,0.00902045,0.00297427,0E-8,0.000000,0.900656,0.000000,0.00763944,2026-03-21,2026-08-06,87,1920,882,139,0.625899,0.863400,0.891889,0.695194,,,,,,,,GLOBAL_BASELINE_NO_ENTITY_RANKING,,,NOT_APPLICABLE_GLOBAL_BASELINE,HF9g-P5,,,,X 全窗基线 · 不参与实体赏罚,8397074,840,A168_HF9F_20260827_0900,2026-08-27 09:00:00
2026-06-22,54653530,1942,0,15.4293208527,4.6287962558,4.6287962558,0.5000000,2,2,0.50665070000000000,0.506650700000,-0.018812684590367487,-0.018812684590367487,-0.018812684590367487,0E-17,ELIGIBLE,R03b_20260811_FULL_v1,L1_ELIGIBILITY,v2026-08-11,2026-03-21..2026-08-06,baccarat_bet02_101_all_pairs_incl_sentinel,round_win = game_pnl > 0 (decisive only),COMPATIBILITY_ONLY_NOT_PRODUCTION,53571.4227,48249.4483,483.2383,5739,5738,-0.00902045,-0.00297427,-0.01061372,-0.00902045,-483.2383,53571.4227,OK,0.0000,19.3295,4.0000,96.0000,AG03-UNRESOLVED,ALL5_LEVELS_bet23_to_bet27,19.3295,19.3295,24.1619,0.0000,0.0000,4.000000,4.000000,5.000000,0.000000,0.000000,96.000000,96.000000,95.000000,100.000000,100.000000,5.0,62.8210,60.1535,420.4173,423.0848,PENDING_AG03,FALSE,NOT_FOR_ENFORCEMENT,463.9088,46319.4703,483.2383,463.9088,19.3295,0.00902045,0.00865963,19.3295,463.9088,0.00865963,19.3295,19.3295,24.1619,0.0000,0.0000,463.9088,0.00865963,62.8210,60.1535,420.4173,423.0848,0.00784779,0.00789758,0.00036082,9.3346,8.4088,0.0842,5.5545,0.2517,615.7635,65.9540,8.3255,9.6426,5.1431,5.1891,8.2617,16.7816,25.8881,44.2602,5.1891,0.0,4.9889,8.529385,1.798876,29,193,98,2,0.20855820,0.00902045,0.00297427,0E-8,0.000000,0.900656,0.000000,0.00763944,2026-03-21,2026-08-06,87,1920,882,139,0.625899,0.863400,0.891889,0.695194,,,,,,,,GLOBAL_BASELINE_NO_ENTITY_RANKING,,,NOT_APPLICABLE_GLOBAL_BASELINE,HF9g-P5,,,,X 全窗基线 · 不参与实体赏罚,8397075,840,A168_HF9F_20260827_0900,2026-08-27 09:00:00
2026-06-22,54653530,1963,0,5.1431069509,0E-10,0E-10,,1,1,0.49324550000000000,0.493245500000,,,,0E-17,NO_DECISIVE_ROUND,R03b_20260811_FULL_v1,L1_ELIGIBILITY,v2026-08-11,2026-03-21..2026-08-06,baccarat_bet02_101_all_pairs_incl_sentinel,round_win = game_pnl > 0 (decisive only),COMPATIBILITY_ONLY_NOT_PRODUCTION,53571.4227,48249.4483,483.2383,5739,5738,-0.00902045,-0.00297427,-0.01061372,-0.00902045,-483.2383,53571.4227,OK,0.0000,19.3295,4.0000,96.0000,AG03-UNRESOLVED,ALL5_LEVELS_bet23_to_bet27,19.3295,19.3295,24.1619,0.0000,0.0000,4.000000,4.000000,5.000000,0.000000,0.000000,96.000000,96.000000,95.000000,100.000000,100.000000,5.0,62.8210,60.1535,420.4173,423.0848,PENDING_AG03,FALSE,NOT_FOR_ENFORCEMENT,463.9088,46319.4703,483.2383,463.9088,19.3295,0.00902045,0.00865963,19.3295,463.9088,0.00865963,19.3295,19.3295,24.1619,0.0000,0.0000,463.9088,0.00865963,62.8210,60.1535,420.4173,423.0848,0.00784779,0.00789758,0.00036082,9.3346,8.4088,0.0842,5.5545,0.2517,615.7635,65.9540,8.3255,9.6426,5.1431,5.1891,8.2617,16.7816,25.8881,44.2602,5.1891,0.0,4.9889,8.529385,1.798876,29,193,98,2,0.20855820,0.00902045,0.00297427,0E-8,0.000000,0.900656,0.000000,0.00763944,2026-03-21,2026-08-06,87,1920,882,139,0.625899,0.863400,0.891889,0.695194,,,,,,,,GLOBAL_BASELINE_NO_ENTITY_RANKING,,,NOT_APPLICABLE_GLOBAL_BASELINE,HF9g-P5,,,,X 全窗基线 · 不参与实体赏罚,8397076,840,A168_HF9F_20260827_0900,2026-08-27 09:00:00
2026-06-22,54653530,2108,0,49.1166713811,16.5736621494,16.5736621494,0.6000000,5,5,0.50665070000000000,0.506650700000,0.4175076967804994,0.4175076967804994,0.4175076967804994,0E-17,ELIGIBLE,R03b_20260811_FULL_v1,L1_ELIGIBILITY,v2026-08-11,2026-03-21..2026-08-06,baccarat_bet02_101_all_pairs_incl_sentinel,round_win = game_pnl > 0 (decisive only),COMPATIBILITY_ONLY_NOT_PRODUCTION,53571.4227,48249.4483,483.2383,5739,5738,-0.00902045,-0.00297427,-0.01061372,-0.00902045,-483.2383,53571.4227,OK,0.0000,19.3295,4.0000,96.0000,AG03-UNRESOLVED,ALL5_LEVELS_bet23_to_bet27,19.3295,19.3295,24.1619,0.0000,0.0000,4.000000,4.000000,5.000000,0.000000,0.000000,96.000000,96.000000,95.000000,100.000000,100.000000,5.0,62.8210,60.1535,420.4173,423.0848,PENDING_AG03,FALSE,NOT_FOR_ENFORCEMENT,463.9088,46319.4703,483.2383,463.9088,19.3295,0.00902045,0.00865963,19.3295,463.9088,0.00865963,19.3295,19.3295,24.1619,0.0000,0.0000,463.9088,0.00865963,62.8210,60.1535,420.4173,423.0848,0.00784779,0.00789758,0.00036082,9.3346,8.4088,0.0842,5.5545,0.2517,615.7635,65.9540,8.3255,9.6426,5.1431,5.1891,8.2617,16.7816,25.8881,44.2602,5.1891,0.0,4.9889,8.529385,1.798876,29,193,98,2,0.20855820,0.00902045,0.00297427,0E-8,0.000000,0.900656,0.000000,0.00763944,2026-03-21,2026-08-06,87,1920,882,139,0.625899,0.863400,0.891889,0.695194,,,,,,,,GLOBAL_BASELINE_NO_ENTITY_RANKING,,,NOT_APPLICABLE_GLOBAL_BASELINE,HF9g-P5,,,,X 全窗基线 · 不参与实体赏罚,8397077,840,A168_HF9F_20260827_0900,2026-08-27 09:00:00
2026-06-22,54653530,2121,0,66.8603903617,8.4861264691,8.4861264691,0.4285714,8,8,0.50665070000000000,0.506650700000,-0.4131932236838825,-0.4131932236838825,-0.4131932236838825,0E-17,ELIGIBLE,R03b_20260811_FULL_v1,L1_ELIGIBILITY,v2026-08-11,2026-03-21..2026-08-06,baccarat_bet02_101_all_pairs_incl_sentinel,round_win = game_pnl > 0 (decisive only),COMPATIBILITY_ONLY_NOT_PRODUCTION,53571.4227,48249.4483,483.2383,5739,5738,-0.00902045,-0.00297427,-0.01061372,-0.00902045,-483.2383,53571.4227,OK,0.0000,19.3295,4.0000,96.0000,AG03-UNRESOLVED,ALL5_LEVELS_bet23_to_bet27,19.3295,19.3295,24.1619,0.0000,0.0000,4.000000,4.000000,5.000000,0.000000,0.000000,96.000000,96.000000,95.000000,100.000000,100.000000,5.0,62.8210,60.1535,420.4173,423.0848,PENDING_AG03,FALSE,NOT_FOR_ENFORCEMENT,463.9088,46319.4703,483.2383,463.9088,19.3295,0.00902045,0.00865963,19.3295,463.9088,0.00865963,19.3295,19.3295,24.1619,0.0000,0.0000,463.9088,0.00865963,62.8210,60.1535,420.4173,423.0848,0.00784779,0.00789758,0.00036082,9.3346,8.4088,0.0842,5.5545,0.2517,615.7635,65.9540,8.3255,9.6426,5.1431,5.1891,8.2617,16.7816,25.8881,44.2602,5.1891,0.0,4.9889,8.529385,1.798876,29,193,98,2,0.20855820,0.00902045,0.00297427,0E-8,0.000000,0.900656,0.000000,0.00763944,2026-03-21,2026-08-06,87,1920,882,139,0.625899,0.863400,0.891889,0.695194,,,,,,,,GLOBAL_BASELINE_NO_ENTITY_RANKING,,,NOT_APPLICABLE_GLOBAL_BASELINE,HF9g-P5,,,,X 全窗基线 · 不参与实体赏罚,8397078,840,A168_HF9F_20260827_0900,2026-08-27 09:00:00
2026-06-22,54653530,2123,0,72.0034973126,-21.3438938462,-21.3438938462,0.4285714,9,9,0.50516123333333333,0.505161233333,-0.4052967461577653,-0.40529674615599864,-0.4052967461577653,3.3333E-13,ELIGIBLE,R03b_20260811_FULL_v1,L1_ELIGIBILITY,v2026-08-11,2026-03-21..2026-08-06,baccarat_bet02_101_all_pairs_incl_sentinel,round_win = game_pnl > 0 (decisive only),COMPATIBILITY_ONLY_NOT_PRODUCTION,53571.4227,48249.4483,483.2383,5739,5738,-0.00902045,-0.00297427,-0.01061372,-0.00902045,-483.2383,53571.4227,OK,0.0000,19.3295,4.0000,96.0000,AG03-UNRESOLVED,ALL5_LEVELS_bet23_to_bet27,19.3295,19.3295,24.1619,0.0000,0.0000,4.000000,4.000000,5.000000,0.000000,0.000000,96.000000,96.000000,95.000000,100.000000,100.000000,5.0,62.8210,60.1535,420.4173,423.0848,PENDING_AG03,FALSE,NOT_FOR_ENFORCEMENT,463.9088,46319.4703,483.2383,463.9088,19.3295,0.00902045,0.00865963,19.3295,463.9088,0.00865963,19.3295,19.3295,24.1619,0.0000,0.0000,463.9088,0.00865963,62.8210,60.1535,420.4173,423.0848,0.00784779,0.00789758,0.00036082,9.3346,8.4088,0.0842,5.5545,0.2517,615.7635,65.9540,8.3255,9.6426,5.1431,5.1891,8.2617,16.7816,25.8881,44.2602,5.1891,0.0,4.9889,8.529385,1.798876,29,193,98,2,0.20855820,0.00902045,0.00297427,0E-8,0.000000,0.900656,0.000000,0.00763944,2026-03-21,2026-08-06,87,1920,882,139,0.625899,0.863400,0.891889,0.695194,,,,,,,,GLOBAL_BASELINE_NO_ENTITY_RANKING,,,NOT_APPLICABLE_GLOBAL_BASELINE,HF9g-P5,,,,X 全窗基线 · 不参与实体赏罚,8397079,840,A168_HF9F_20260827_0900,2026-08-27 09:00:00
2026-06-22,54653530,2134,0,13.1149227248,2.4301180343,2.4301180343,0.5000000,2,2,0.50665070000000000,0.506650700000,-0.018812684590367487,-0.018812684590367487,-0.018812684590367487,0E-17,ELIGIBLE,R03b_20260811_FULL_v1,L1_ELIGIBILITY,v2026-08-11,2026-03-21..2026-08-06,baccarat_bet02_101_all_pairs_incl_sentinel,round_win = game_pnl > 0 (decisive only),COMPATIBILITY_ONLY_NOT_PRODUCTION,53571.4227,48249.4483,483.2383,5739,5738,-0.00902045,-0.00297427,-0.01061372,-0.00902045,-483.2383,53571.4227,OK,0.0000,19.3295,4.0000,96.0000,AG03-UNRESOLVED,ALL5_LEVELS_bet23_to_bet27,19.3295,19.3295,24.1619,0.0000,0.0000,4.000000,4.000000,5.000000,0.000000,0.000000,96.000000,96.000000,95.000000,100.000000,100.000000,5.0,62.8210,60.1535,420.4173,423.0848,PENDING_AG03,FALSE,NOT_FOR_ENFORCEMENT,463.9088,46319.4703,483.2383,463.9088,19.3295,0.00902045,0.00865963,19.3295,463.9088,0.00865963,19.3295,19.3295,24.1619,0.0000,0.0000,463.9088,0.00865963,62.8210,60.1535,420.4173,423.0848,0.00784779,0.00789758,0.00036082,9.3346,8.4088,0.0842,5.5545,0.2517,615.7635,65.9540,8.3255,9.6426,5.1431,5.1891,8.2617,16.7816,25.8881,44.2602,5.1891,0.0,4.9889,8.529385,1.798876,29,193,98,2,0.20855820,0.00902045,0.00297427,0E-8,0.000000,0.900656,0.000000,0.00763944,2026-03-21,2026-08-06,87,1920,882,139,0.625899,0.863400,0.891889,0.695194,,,,,,,,GLOBAL_BASELINE_NO_ENTITY_RANKING,,,NOT_APPLICABLE_GLOBAL_BASELINE,HF9g-P5,,,,X 全窗基线 · 不参与实体赏罚,8397080,840,A168_HF9F_20260827_0900,2026-08-27 09:00:00
2026-06-22,54653530,2141,0,73.2892740503,30.0228868261,30.0228868261,0.6666667,9,9,0.50367176666666667,0.503671766667,0.9779957707801055,0.9779957707781104,0.9779957707801055,-3.3333E-13,ELIGIBLE,R03b_20260811_FULL_v1,L1_ELIGIBILITY,v2026-08-11,2026-03-21..2026-08-06,baccarat_bet02_101_all_pairs_incl_sentinel,round_win = game_pnl > 0 (decisive only),COMPATIBILITY_ONLY_NOT_PRODUCTION,53571.4227,48249.4483,483.2383,5739,5738,-0.00902045,-0.00297427,-0.01061372,-0.00902045,-483.2383,53571.4227,OK,0.0000,19.3295,4.0000,96.0000,AG03-UNRESOLVED,ALL5_LEVELS_bet23_to_bet27,19.3295,19.3295,24.1619,0.0000,0.0000,4.000000,4.000000,5.000000,0.000000,0.000000,96.000000,96.000000,95.000000,100.000000,100.000000,5.0,62.8210,60.1535,420.4173,423.0848,PENDING_AG03,FALSE,NOT_FOR_ENFORCEMENT,463.9088,46319.4703,483.2383,463.9088,19.3295,0.00902045,0.00865963,19.3295,463.9088,0.00865963,19.3295,19.3295,24.1619,0.0000,0.0000,463.9088,0.00865963,62.8210,60.1535,420.4173,423.0848,0.00784779,0.00789758,0.00036082,9.3346,8.4088,0.0842,5.5545,0.2517,615.7635,65.9540,8.3255,9.6426,5.1431,5.1891,8.2617,16.7816,25.8881,44.2602,5.1891,0.0,4.9889,8.529385,1.798876,29,193,98,2,0.20855820,0.00902045,0.00297427,0E-8,0.000000,0.900656,0.000000,0.00763944,2026-03-21,2026-08-06,87,1920,882,139,0.625899,0.863400,0.891889,0.695194,,,,,,,,GLOBAL_BASELINE_NO_ENTITY_RANKING,,,NOT_APPLICABLE_GLOBAL_BASELINE,HF9g-P5,,,,X 全窗基线 · 不参与实体赏罚,8397081,840,A168_HF9F_20260827_0900,2026-08-27 09:00:00
2026-06-22,54653530,2145,0,89.4900609459,10.4405071104,10.4405071104,0.4545455,13,13,0.50252602307692308,0.502526023077,-0.3182711477639058,-0.3182711477644162,-0.3182711477639058,-7.692E-14,ELIGIBLE,R03b_20260811_FULL_v1,L1_ELIGIBILITY,v2026-08-11,2026-03-21..2026-08-06,baccarat_bet02_101_all_pairs_incl_sentinel,round_win = game_pnl > 0 (decisive only),COMPATIBILITY_ONLY_NOT_PRODUCTION,53571.4227,48249.4483,483.2383,5739,5738,-0.00902045,-0.00297427,-0.01061372,-0.00902045,-483.2383,53571.4227,OK,0.0000,19.3295,4.0000,96.0000,AG03-UNRESOLVED,ALL5_LEVELS_bet23_to_bet27,19.3295,19.3295,24.1619,0.0000,0.0000,4.000000,4.000000,5.000000,0.000000,0.000000,96.000000,96.000000,95.000000,100.000000,100.000000,5.0,62.8210,60.1535,420.4173,423.0848,PENDING_AG03,FALSE,NOT_FOR_ENFORCEMENT,463.9088,46319.4703,483.2383,463.9088,19.3295,0.00902045,0.00865963,19.3295,463.9088,0.00865963,19.3295,19.3295,24.1619,0.0000,0.0000,463.9088,0.00865963,62.8210,60.1535,420.4173,423.0848,0.00784779,0.00789758,0.00036082,9.3346,8.4088,0.0842,5.5545,0.2517,615.7635,65.9540,8.3255,9.6426,5.1431,5.1891,8.2617,16.7816,25.8881,44.2602,5.1891,0.0,4.9889,8.529385,1.798876,29,193,98,2,0.20855820,0.00902045,0.00297427,0E-8,0.000000,0.900656,0.000000,0.00763944,2026-03-21,2026-08-06,87,1920,882,139,0.625899,0.863400,0.891889,0.695194,,,,,,,,GLOBAL_BASELINE_NO_ENTITY_RANKING,,,NOT_APPLICABLE_GLOBAL_BASELINE,HF9g-P5,,,,X 全窗基线 · 不参与实体赏罚,8397082,840,A168_HF9F_20260827_0900,2026-08-27 09:00:00
2026-06-22,54653530,2147,0,20.5724278036,9.5147478592,9.5147478592,0.6666667,3,3,0.50665070000000000,0.506650700000,0.5543606114942035,0.5543606114942035,0.5543606114942035,0E-17,ELIGIBLE,R03b_20260811_FULL_v1,L1_ELIGIBILITY,v2026-08-11,2026-03-21..2026-08-06,baccarat_bet02_101_all_pairs_incl_sentinel,round_win = game_pnl > 0 (decisive only),COMPATIBILITY_ONLY_NOT_PRODUCTION,53571.4227,48249.4483,483.2383,5739,5738,-0.00902045,-0.00297427,-0.01061372,-0.00902045,-483.2383,53571.4227,OK,0.0000,19.3295,4.0000,96.0000,AG03-UNRESOLVED,ALL5_LEVELS_bet23_to_bet27,19.3295,19.3295,24.1619,0.0000,0.0000,4.000000,4.000000,5.000000,0.000000,0.000000,96.000000,96.000000,95.000000,100.000000,100.000000,5.0,62.8210,60.1535,420.4173,423.0848,PENDING_AG03,FALSE,NOT_FOR_ENFORCEMENT,463.9088,46319.4703,483.2383,463.9088,19.3295,0.00902045,0.00865963,19.3295,463.9088,0.00865963,19.3295,19.3295,24.1619,0.0000,0.0000,463.9088,0.00865963,62.8210,60.1535,420.4173,423.0848,0.00784779,0.00789758,0.00036082,9.3346,8.4088,0.0842,5.5545,0.2517,615.7635,65.9540,8.3255,9.6426,5.1431,5.1891,8.2617,16.7816,25.8881,44.2602,5.1891,0.0,4.9889,8.529385,1.798876,29,193,98,2,0.20855820,0.00902045,0.00297427,0E-8,0.000000,0.900656,0.000000,0.00763944,2026-03-21,2026-08-06,87,1920,882,139,0.625899,0.863400,0.891889,0.695194,,,,,,,,GLOBAL_BASELINE_NO_ENTITY_RANKING,,,NOT_APPLICABLE_GLOBAL_BASELINE,HF9g-P5,,,,X 全窗基线 · 不参与实体赏罚,8397083,840,A168_HF9F_20260827_0900,2026-08-27 09:00:00
2026-06-22,54653530,2153,0,21.0867384987,2.4301180343,2.4301180343,0.5000000,3,3,0.50665070000000000,0.506650700000,-0.018812684590367487,-0.018812684590367487,-0.018812684590367487,0E-17,ELIGIBLE,R03b_20260811_FULL_v1,L1_ELIGIBILITY,v2026-08-11,2026-03-21..2026-08-06,baccarat_bet02_101_all_pairs_incl_sentinel,round_win = game_pnl > 0 (decisive only),COMPATIBILITY_ONLY_NOT_PRODUCTION,53571.4227,48249.4483,483.2383,5739,5738,-0.00902045,-0.00297427,-0.01061372,-0.00902045,-483.2383,53571.4227,OK,0.0000,19.3295,4.0000,96.0000,AG03-UNRESOLVED,ALL5_LEVELS_bet23_to_bet27,19.3295,19.3295,24.1619,0.0000,0.0000,4.000000,4.000000,5.000000,0.000000,0.000000,96.000000,96.000000,95.000000,100.000000,100.000000,5.0,62.8210,60.1535,420.4173,423.0848,PENDING_AG03,FALSE,NOT_FOR_ENFORCEMENT,463.9088,46319.4703,483.2383,463.9088,19.3295,0.00902045,0.00865963,19.3295,463.9088,0.00865963,19.3295,19.3295,24.1619,0.0000,0.0000,463.9088,0.00865963,62.8210,60.1535,420.4173,423.0848,0.00784779,0.00789758,0.00036082,9.3346,8.4088,0.0842,5.5545,0.2517,615.7635,65.9540,8.3255,9.6426,5.1431,5.1891,8.2617,16.7816,25.8881,44.2602,5.1891,0.0,4.9889,8.529385,1.798876,29,193,98,2,0.20855820,0.00902045,0.00297427,0E-8,0.000000,0.900656,0.000000,0.00763944,2026-03-21,2026-08-06,87,1920,882,139,0.625899,0.863400,0.891889,0.695194,,,,,,,,GLOBAL_BASELINE_NO_ENTITY_RANKING,,,NOT_APPLICABLE_GLOBAL_BASELINE,HF9g-P5,,,,X 全窗基线 · 不参与实体赏罚,8397084,840,A168_HF9F_20260827_0900,2026-08-27 09:00:00
2026-06-22,54653530,2155,0,10.2862139018,-10.2862139018,-10.2862139018,0E-7,1,1,0.50665070000000000,0.506650700000,-1.013391052207602,-1.013391052207602,-1.013391052207602,0E-17,ELIGIBLE,R03b_20260811_FULL_v1,L1_ELIGIBILITY,v2026-08-11,2026-03-21..2026-08-06,baccarat_bet02_101_all_pairs_incl_sentinel,round_win = game_pnl > 0 (decisive only),COMPATIBILITY_ONLY_NOT_PRODUCTION,53571.4227,48249.4483,483.2383,5739,5738,-0.00902045,-0.00297427,-0.01061372,-0.00902045,-483.2383,53571.4227,OK,0.0000,19.3295,4.0000,96.0000,AG03-UNRESOLVED,ALL5_LEVELS_bet23_to_bet27,19.3295,19.3295,24.1619,0.0000,0.0000,4.000000,4.000000,5.000000,0.000000,0.000000,96.000000,96.000000,95.000000,100.000000,100.000000,5.0,62.8210,60.1535,420.4173,423.0848,PENDING_AG03,FALSE,NOT_FOR_ENFORCEMENT,463.9088,46319.4703,483.2383,463.9088,19.3295,0.00902045,0.00865963,19.3295,463.9088,0.00865963,19.3295,19.3295,24.1619,0.0000,0.0000,463.9088,0.00865963,62.8210,60.1535,420.4173,423.0848,0.00784779,0.00789758,0.00036082,9.3346,8.4088,0.0842,5.5545,0.2517,615.7635,65.9540,8.3255,9.6426,5.1431,5.1891,8.2617,16.7816,25.8881,44.2602,5.1891,0.0,4.9889,8.529385,1.798876,29,193,98,2,0.20855820,0.00902045,0.00297427,0E-8,0.000000,0.900656,0.000000,0.00763944,2026-03-21,2026-08-06,87,1920,882,139,0.625899,0.863400,0.891889,0.695194,,,,,,,,GLOBAL_BASELINE_NO_ENTITY_RANKING,,,NOT_APPLICABLE_GLOBAL_BASELINE,HF9g-P5,,,,X 全窗基线 · 不参与实体赏罚,8397085,840,A168_HF9F_20260827_0900,2026-08-27 09:00:00
2026-06-22,54653530,2160,0,10.2862139018,9.7719032068,9.7719032068,1.0000000,2,2,0.50665070000000000,0.506650700000,1.3955260008387969,1.3955260008387969,1.3955260008387969,0E-17,ELIGIBLE,R03b_20260811_FULL_v1,L1_ELIGIBILITY,v2026-08-11,2026-03-21..2026-08-06,baccarat_bet02_101_all_pairs_incl_sentinel,round_win = game_pnl > 0 (decisive only),COMPATIBILITY_ONLY_NOT_PRODUCTION,53571.4227,48249.4483,483.2383,5739,5738,-0.00902045,-0.00297427,-0.01061372,-0.00902045,-483.2383,53571.4227,OK,0.0000,19.3295,4.0000,96.0000,AG03-UNRESOLVED,ALL5_LEVELS_bet23_to_bet27,19.3295,19.3295,24.1619,0.0000,0.0000,4.000000,4.000000,5.000000,0.000000,0.000000,96.000000,96.000000,95.000000,100.000000,100.000000,5.0,62.8210,60.1535,420.4173,423.0848,PENDING_AG03,FALSE,NOT_FOR_ENFORCEMENT,463.9088,46319.4703,483.2383,463.9088,19.3295,0.00902045,0.00865963,19.3295,463.9088,0.00865963,19.3295,19.3295,24.1619,0.0000,0.0000,463.9088,0.00865963,62.8210,60.1535,420.4173,423.0848,0.00784779,0.00789758,0.00036082,9.3346,8.4088,0.0842,5.5545,0.2517,615.7635,65.9540,8.3255,9.6426,5.1431,5.1891,8.2617,16.7816,25.8881,44.2602,5.1891,0.0,4.9889,8.529385,1.798876,29,193,98,2,0.20855820,0.00902045,0.00297427,0E-8,0.000000,0.900656,0.000000,0.00763944,2026-03-21,2026-08-06,87,1920,882,139,0.625899,0.863400,0.891889,0.695194,,,,,,,,GLOBAL_BASELINE_NO_ENTITY_RANKING,,,NOT_APPLICABLE_GLOBAL_BASELINE,HF9g-P5,,,,X 全窗基线 · 不参与实体赏罚,8397086,840,A168_HF9F_20260827_0900,2026-08-27 09:00:00
2026-06-22,54653530,2175,0,24.4297580168,7.6632293569,7.6632293569,0.5000000,2,2,0.50665070000000000,0.506650700000,-0.018812684590367487,-0.018812684590367487,-0.018812684590367487,0E-17,ELIGIBLE,R03b_20260811_FULL_v1,L1_ELIGIBILITY,v2026-08-11,2026-03-21..2026-08-06,baccarat_bet02_101_all_pairs_incl_sentinel,round_win = game_pnl > 0 (decisive only),COMPATIBILITY_ONLY_NOT_PRODUCTION,53571.4227,48249.4483,483.2383,5739,5738,-0.00902045,-0.00297427,-0.01061372,-0.00902045,-483.2383,53571.4227,OK,0.0000,19.3295,4.0000,96.0000,AG03-UNRESOLVED,ALL5_LEVELS_bet23_to_bet27,19.3295,19.3295,24.1619,0.0000,0.0000,4.000000,4.000000,5.000000,0.000000,0.000000,96.000000,96.000000,95.000000,100.000000,100.000000,5.0,62.8210,60.1535,420.4173,423.0848,PENDING_AG03,FALSE,NOT_FOR_ENFORCEMENT,463.9088,46319.4703,483.2383,463.9088,19.3295,0.00902045,0.00865963,19.3295,463.9088,0.00865963,19.3295,19.3295,24.1619,0.0000,0.0000,463.9088,0.00865963,62.8210,60.1535,420.4173,423.0848,0.00784779,0.00789758,0.00036082,9.3346,8.4088,0.0842,5.5545,0.2517,615.7635,65.9540,8.3255,9.6426,5.1431,5.1891,8.2617,16.7816,25.8881,44.2602,5.1891,0.0,4.9889,8.529385,1.798876,29,193,98,2,0.20855820,0.00902045,0.00297427,0E-8,0.000000,0.900656,0.000000,0.00763944,2026-03-21,2026-08-06,87,1920,882,139,0.625899,0.863400,0.891889,0.695194,,,,,,,,GLOBAL_BASELINE_NO_ENTITY_RANKING,,,NOT_APPLICABLE_GLOBAL_BASELINE,HF9g-P5,,,,X 全窗基线 · 不参与实体赏罚,8397087,840,A168_HF9F_20260827_0900,2026-08-27 09:00:00
2026-06-22,54653530,2188,0,5.1431069509,-5.1431069509,-5.1431069509,0E-7,1,1,0.50665070000000000,0.506650700000,-1.013391052207602,-1.013391052207602,-1.013391052207602,0E-17,ELIGIBLE,R03b_20260811_FULL_v1,L1_ELIGIBILITY,v2026-08-11,2026-03-21..2026-08-06,baccarat_bet02_101_all_pairs_incl_sentinel,round_win = game_pnl > 0 (decisive only),COMPATIBILITY_ONLY_NOT_PRODUCTION,53571.4227,48249.4483,483.2383,5739,5738,-0.00902045,-0.00297427,-0.01061372,-0.00902045,-483.2383,53571.4227,OK,0.0000,19.3295,4.0000,96.0000,AG03-UNRESOLVED,ALL5_LEVELS_bet23_to_bet27,19.3295,19.3295,24.1619,0.0000,0.0000,4.000000,4.000000,5.000000,0.000000,0.000000,96.000000,96.000000,95.000000,100.000000,100.000000,5.0,62.8210,60.1535,420.4173,423.0848,PENDING_AG03,FALSE,NOT_FOR_ENFORCEMENT,463.9088,46319.4703,483.2383,463.9088,19.3295,0.00902045,0.00865963,19.3295,463.9088,0.00865963,19.3295,19.3295,24.1619,0.0000,0.0000,463.9088,0.00865963,62.8210,60.1535,420.4173,423.0848,0.00784779,0.00789758,0.00036082,9.3346,8.4088,0.0842,5.5545,0.2517,615.7635,65.9540,8.3255,9.6426,5.1431,5.1891,8.2617,16.7816,25.8881,44.2602,5.1891,0.0,4.9889,8.529385,1.798876,29,193,98,2,0.20855820,0.00902045,0.00297427,0E-8,0.000000,0.900656,0.000000,0.00763944,2026-03-21,2026-08-06,87,1920,882,139,0.625899,0.863400,0.891889,0.695194,,,,,,,,GLOBAL_BASELINE_NO_ENTITY_RANKING,,,NOT_APPLICABLE_GLOBAL_BASELINE,HF9g-P5,,,,X 全窗基线 · 不参与实体赏罚,8397088,840,A168_HF9F_20260827_0900,2026-08-27 09:00:00
2026-06-22,54653530,2196,0,23.4011366266,12.4591765886,12.4591765886,0.7500000,4,4,0.50329940000000000,0.503299400000,0.9868238854431842,0.9868238854431842,0.9868238854431842,0E-17,ELIGIBLE,R03b_20260811_FULL_v1,L1_ELIGIBILITY,v2026-08-11,2026-03-21..2026-08-06,baccarat_bet02_101_all_pairs_incl_sentinel,round_win = game_pnl > 0 (decisive only),COMPATIBILITY_ONLY_NOT_PRODUCTION,53571.4227,48249.4483,483.2383,5739,5738,-0.00902045,-0.00297427,-0.01061372,-0.00902045,-483.2383,53571.4227,OK,0.0000,19.3295,4.0000,96.0000,AG03-UNRESOLVED,ALL5_LEVELS_bet23_to_bet27,19.3295,19.3295,24.1619,0.0000,0.0000,4.000000,4.000000,5.000000,0.000000,0.000000,96.000000,96.000000,95.000000,100.000000,100.000000,5.0,62.8210,60.1535,420.4173,423.0848,PENDING_AG03,FALSE,NOT_FOR_ENFORCEMENT,463.9088,46319.4703,483.2383,463.9088,19.3295,0.00902045,0.00865963,19.3295,463.9088,0.00865963,19.3295,19.3295,24.1619,0.0000,0.0000,463.9088,0.00865963,62.8210,60.1535,420.4173,423.0848,0.00784779,0.00789758,0.00036082,9.3346,8.4088,0.0842,5.5545,0.2517,615.7635,65.9540,8.3255,9.6426,5.1431,5.1891,8.2617,16.7816,25.8881,44.2602,5.1891,0.0,4.9889,8.529385,1.798876,29,193,98,2,0.20855820,0.00902045,0.00297427,0E-8,0.000000,0.900656,0.000000,0.00763944,2026-03-21,2026-08-06,87,1920,882,139,0.625899,0.863400,0.891889,0.695194,,,,,,,,GLOBAL_BASELINE_NO_ENTITY_RANKING,,,NOT_APPLICABLE_GLOBAL_BASELINE,HF9g-P5,,,,X 全窗基线 · 不参与实体赏罚,8397089,840,A168_HF9F_20260827_0900,2026-08-27 09:00:00
2026-06-22,54653530,2212,0,10.2862139018,4.8859516034,4.8859516034,1.0000000,2,2,0.50665070000000000,0.506650700000,0.9867858985152569,0.9867858985152569,0.9867858985152569,0E-17,ELIGIBLE,R03b_20260811_FULL_v1,L1_ELIGIBILITY,v2026-08-11,2026-03-21..2026-08-06,baccarat_bet02_101_all_pairs_incl_sentinel,round_win = game_pnl > 0 (decisive only),COMPATIBILITY_ONLY_NOT_PRODUCTION,53571.4227,48249.4483,483.2383,5739,5738,-0.00902045,-0.00297427,-0.01061372,-0.00902045,-483.2383,53571.4227,OK,0.0000,19.3295,4.0000,96.0000,AG03-UNRESOLVED,ALL5_LEVELS_bet23_to_bet27,19.3295,19.3295,24.1619,0.0000,0.0000,4.000000,4.000000,5.000000,0.000000,0.000000,96.000000,96.000000,95.000000,100.000000,100.000000,5.0,62.8210,60.1535,420.4173,423.0848,PENDING_AG03,FALSE,NOT_FOR_ENFORCEMENT,463.9088,46319.4703,483.2383,463.9088,19.3295,0.00902045,0.00865963,19.3295,463.9088,0.00865963,19.3295,19.3295,24.1619,0.0000,0.0000,463.9088,0.00865963,62.8210,60.1535,420.4173,423.0848,0.00784779,0.00789758,0.00036082,9.3346,8.4088,0.0842,5.5545,0.2517,615.7635,65.9540,8.3255,9.6426,5.1431,5.1891,8.2617,16.7816,25.8881,44.2602,5.1891,0.0,4.9889,8.529385,1.798876,29,193,98,2,0.20855820,0.00902045,0.00297427,0E-8,0.000000,0.900656,0.000000,0.00763944,2026-03-21,2026-08-06,87,1920,882,139,0.625899,0.863400,0.891889,0.695194,,,,,,,,GLOBAL_BASELINE_NO_ENTITY_RANKING,,,NOT_APPLICABLE_GLOBAL_BASELINE,HF9g-P5,,,,X 全窗基线 · 不参与实体赏罚,8397090,840,A168_HF9F_20260827_0900,2026-08-27 09:00:00
2026-06-22,54653530,2216,0,13.6292334199,2.9187131946,2.9187131946,0.5000000,2,2,0.50665070000000000,0.506650700000,-0.018812684590367487,-0.018812684590367487,-0.018812684590367487,0E-17,ELIGIBLE,R03b_20260811_FULL_v1,L1_ELIGIBILITY,v2026-08-11,2026-03-21..2026-08-06,baccarat_bet02_101_all_pairs_incl_sentinel,round_win = game_pnl > 0 (decisive only),COMPATIBILITY_ONLY_NOT_PRODUCTION,53571.4227,48249.4483,483.2383,5739,5738,-0.00902045,-0.00297427,-0.01061372,-0.00902045,-483.2383,53571.4227,OK,0.0000,19.3295,4.0000,96.0000,AG03-UNRESOLVED,ALL5_LEVELS_bet23_to_bet27,19.3295,19.3295,24.1619,0.0000,0.0000,4.000000,4.000000,5.000000,0.000000,0.000000,96.000000,96.000000,95.000000,100.000000,100.000000,5.0,62.8210,60.1535,420.4173,423.0848,PENDING_AG03,FALSE,NOT_FOR_ENFORCEMENT,463.9088,46319.4703,483.2383,463.9088,19.3295,0.00902045,0.00865963,19.3295,463.9088,0.00865963,19.3295,19.3295,24.1619,0.0000,0.0000,463.9088,0.00865963,62.8210,60.1535,420.4173,423.0848,0.00784779,0.00789758,0.00036082,9.3346,8.4088,0.0842,5.5545,0.2517,615.7635,65.9540,8.3255,9.6426,5.1431,5.1891,8.2617,16.7816,25.8881,44.2602,5.1891,0.0,4.9889,8.529385,1.798876,29,193,98,2,0.20855820,0.00902045,0.00297427,0E-8,0.000000,0.900656,0.000000,0.00763944,2026-03-21,2026-08-06,87,1920,882,139,0.625899,0.863400,0.891889,0.695194,,,,,,,,GLOBAL_BASELINE_NO_ENTITY_RANKING,,,NOT_APPLICABLE_GLOBAL_BASELINE,HF9g-P5,,,,X 全窗基线 · 不参与实体赏罚,8397091,840,A168_HF9F_20260827_0900,2026-08-27 09:00:00
2026-06-22,54653530,2224,0,20.5724278036,4.6287962558,4.6287962558,0.5000000,3,3,0.50665070000000000,0.506650700000,-0.018812684590367487,-0.018812684590367487,-0.018812684590367487,0E-17,ELIGIBLE,R03b_20260811_FULL_v1,L1_ELIGIBILITY,v2026-08-11,2026-03-21..2026-08-06,baccarat_bet02_101_all_pairs_incl_sentinel,round_win = game_pnl > 0 (decisive only),COMPATIBILITY_ONLY_NOT_PRODUCTION,53571.4227,48249.4483,483.2383,5739,5738,-0.00902045,-0.00297427,-0.01061372,-0.00902045,-483.2383,53571.4227,OK,0.0000,19.3295,4.0000,96.0000,AG03-UNRESOLVED,ALL5_LEVELS_bet23_to_bet27,19.3295,19.3295,24.1619,0.0000,0.0000,4.000000,4.000000,5.000000,0.000000,0.000000,96.000000,96.000000,95.000000,100.000000,100.000000,5.0,62.8210,60.1535,420.4173,423.0848,PENDING_AG03,FALSE,NOT_FOR_ENFORCEMENT,463.9088,46319.4703,483.2383,463.9088,19.3295,0.00902045,0.00865963,19.3295,463.9088,0.00865963,19.3295,19.3295,24.1619,0.0000,0.0000,463.9088,0.00865963,62.8210,60.1535,420.4173,423.0848,0.00784779,0.00789758,0.00036082,9.3346,8.4088,0.0842,5.5545,0.2517,615.7635,65.9540,8.3255,9.6426,5.1431,5.1891,8.2617,16.7816,25.8881,44.2602,5.1891,0.0,4.9889,8.529385,1.798876,29,193,98,2,0.20855820,0.00902045,0.00297427,0E-8,0.000000,0.900656,0.000000,0.00763944,2026-03-21,2026-08-06,87,1920,882,139,0.625899,0.863400,0.891889,0.695194,,,,,,,,GLOBAL_BASELINE_NO_ENTITY_RANKING,,,NOT_APPLICABLE_GLOBAL_BASELINE,HF9g-P5,,,,X 全窗基线 · 不参与实体赏罚,8397092,840,A168_HF9F_20260827_0900,2026-08-27 09:00:00
2026-06-22,54653530,2242,0,15.4293208527,4.6287962558,4.6287962558,0.5000000,2,2,0.50665070000000000,0.506650700000,-0.018812684590367487,-0.018812684590367487,-0.018812684590367487,0E-17,ELIGIBLE,R03b_20260811_FULL_v1,L1_ELIGIBILITY,v2026-08-11,2026-03-21..2026-08-06,baccarat_bet02_101_all_pairs_incl_sentinel,round_win = game_pnl > 0 (decisive only),COMPATIBILITY_ONLY_NOT_PRODUCTION,53571.4227,48249.4483,483.2383,5739,5738,-0.00902045,-0.00297427,-0.01061372,-0.00902045,-483.2383,53571.4227,OK,0.0000,19.3295,4.0000,96.0000,AG03-UNRESOLVED,ALL5_LEVELS_bet23_to_bet27,19.3295,19.3295,24.1619,0.0000,0.0000,4.000000,4.000000,5.000000,0.000000,0.000000,96.000000,96.000000,95.000000,100.000000,100.000000,5.0,62.8210,60.1535,420.4173,423.0848,PENDING_AG03,FALSE,NOT_FOR_ENFORCEMENT,463.9088,46319.4703,483.2383,463.9088,19.3295,0.00902045,0.00865963,19.3295,463.9088,0.00865963,19.3295,19.3295,24.1619,0.0000,0.0000,463.9088,0.00865963,62.8210,60.1535,420.4173,423.0848,0.00784779,0.00789758,0.00036082,9.3346,8.4088,0.0842,5.5545,0.2517,615.7635,65.9540,8.3255,9.6426,5.1431,5.1891,8.2617,16.7816,25.8881,44.2602,5.1891,0.0,4.9889,8.529385,1.798876,29,193,98,2,0.20855820,0.00902045,0.00297427,0E-8,0.000000,0.900656,0.000000,0.00763944,2026-03-21,2026-08-06,87,1920,882,139,0.625899,0.863400,0.891889,0.695194,,,,,,,,GLOBAL_BASELINE_NO_ENTITY_RANKING,,,NOT_APPLICABLE_GLOBAL_BASELINE,HF9g-P5,,,,X 全窗基线 · 不参与实体赏罚,8397093,840,A168_HF9F_20260827_0900,2026-08-27 09:00:00
2026-06-22,54653530,2246,0,23.4011366266,2.4301180343,2.4301180343,0.5000000,4,4,0.50665070000000000,0.506650700000,-0.018812684590367487,-0.018812684590367487,-0.018812684590367487,0E-17,ELIGIBLE,R03b_20260811_FULL_v1,L1_ELIGIBILITY,v2026-08-11,2026-03-21..2026-08-06,baccarat_bet02_101_all_pairs_incl_sentinel,round_win = game_pnl > 0 (decisive only),COMPATIBILITY_ONLY_NOT_PRODUCTION,53571.4227,48249.4483,483.2383,5739,5738,-0.00902045,-0.00297427,-0.01061372,-0.00902045,-483.2383,53571.4227,OK,0.0000,19.3295,4.0000,96.0000,AG03-UNRESOLVED,ALL5_LEVELS_bet23_to_bet27,19.3295,19.3295,24.1619,0.0000,0.0000,4.000000,4.000000,5.000000,0.000000,0.000000,96.000000,96.000000,95.000000,100.000000,100.000000,5.0,62.8210,60.1535,420.4173,423.0848,PENDING_AG03,FALSE,NOT_FOR_ENFORCEMENT,463.9088,46319.4703,483.2383,463.9088,19.3295,0.00902045,0.00865963,19.3295,463.9088,0.00865963,19.3295,19.3295,24.1619,0.0000,0.0000,463.9088,0.00865963,62.8210,60.1535,420.4173,423.0848,0.00784779,0.00789758,0.00036082,9.3346,8.4088,0.0842,5.5545,0.2517,615.7635,65.9540,8.3255,9.6426,5.1431,5.1891,8.2617,16.7816,25.8881,44.2602,5.1891,0.0,4.9889,8.529385,1.798876,29,193,98,2,0.20855820,0.00902045,0.00297427,0E-8,0.000000,0.900656,0.000000,0.00763944,2026-03-21,2026-08-06,87,1920,882,139,0.625899,0.863400,0.891889,0.695194,,,,,,,,GLOBAL_BASELINE_NO_ENTITY_RANKING,,,NOT_APPLICABLE_GLOBAL_BASELINE,HF9g-P5,,,,X 全窗基线 · 不参与实体赏罚,8397094,840,A168_HF9F_20260827_0900,2026-08-27 09:00:00
2026-06-22,54653530,2248,0,5.1431069509,4.8859516034,4.8859516034,1.0000000,1,1,0.50665070000000000,0.506650700000,0.9867858985152569,0.9867858985152569,0.9867858985152569,0E-17,ELIGIBLE,R03b_20260811_FULL_v1,L1_ELIGIBILITY,v2026-08-11,2026-03-21..2026-08-06,baccarat_bet02_101_all_pairs_incl_sentinel,round_win = game_pnl > 0 (decisive only),COMPATIBILITY_ONLY_NOT_PRODUCTION,53571.4227,48249.4483,483.2383,5739,5738,-0.00902045,-0.00297427,-0.01061372,-0.00902045,-483.2383,53571.4227,OK,0.0000,19.3295,4.0000,96.0000,AG03-UNRESOLVED,ALL5_LEVELS_bet23_to_bet27,19.3295,19.3295,24.1619,0.0000,0.0000,4.000000,4.000000,5.000000,0.000000,0.000000,96.000000,96.000000,95.000000,100.000000,100.000000,5.0,62.8210,60.1535,420.4173,423.0848,PENDING_AG03,FALSE,NOT_FOR_ENFORCEMENT,463.9088,46319.4703,483.2383,463.9088,19.3295,0.00902045,0.00865963,19.3295,463.9088,0.00865963,19.3295,19.3295,24.1619,0.0000,0.0000,463.9088,0.00865963,62.8210,60.1535,420.4173,423.0848,0.00784779,0.00789758,0.00036082,9.3346,8.4088,0.0842,5.5545,0.2517,615.7635,65.9540,8.3255,9.6426,5.1431,5.1891,8.2617,16.7816,25.8881,44.2602,5.1891,0.0,4.9889,8.529385,1.798876,29,193,98,2,0.20855820,0.00902045,0.00297427,0E-8,0.000000,0.900656,0.000000,0.00763944,2026-03-21,2026-08-06,87,1920,882,139,0.625899,0.863400,0.891889,0.695194,,,,,,,,GLOBAL_BASELINE_NO_ENTITY_RANKING,,,NOT_APPLICABLE_GLOBAL_BASELINE,HF9g-P5,,,,X 全窗基线 · 不参与实体赏罚,8397095,840,A168_HF9F_20260827_0900,2026-08-27 09:00:00
2026-06-22,54653530,2251,0,10.2862139018,9.7719032068,9.7719032068,1.0000000,2,2,0.50665070000000000,0.506650700000,1.3955260008387969,1.3955260008387969,1.3955260008387969,0E-17,ELIGIBLE,R03b_20260811_FULL_v1,L1_ELIGIBILITY,v2026-08-11,2026-03-21..2026-08-06,baccarat_bet02_101_all_pairs_incl_sentinel,round_win = game_pnl > 0 (decisive only),COMPATIBILITY_ONLY_NOT_PRODUCTION,53571.4227,48249.4483,483.2383,5739,5738,-0.00902045,-0.00297427,-0.01061372,-0.00902045,-483.2383,53571.4227,OK,0.0000,19.3295,4.0000,96.0000,AG03-UNRESOLVED,ALL5_LEVELS_bet23_to_bet27,19.3295,19.3295,24.1619,0.0000,0.0000,4.000000,4.000000,5.000000,0.000000,0.000000,96.000000,96.000000,95.000000,100.000000,100.000000,5.0,62.8210,60.1535,420.4173,423.0848,PENDING_AG03,FALSE,NOT_FOR_ENFORCEMENT,463.9088,46319.4703,483.2383,463.9088,19.3295,0.00902045,0.00865963,19.3295,463.9088,0.00865963,19.3295,19.3295,24.1619,0.0000,0.0000,463.9088,0.00865963,62.8210,60.1535,420.4173,423.0848,0.00784779,0.00789758,0.00036082,9.3346,8.4088,0.0842,5.5545,0.2517,615.7635,65.9540,8.3255,9.6426,5.1431,5.1891,8.2617,16.7816,25.8881,44.2602,5.1891,0.0,4.9889,8.529385,1.798876,29,193,98,2,0.20855820,0.00902045,0.00297427,0E-8,0.000000,0.900656,0.000000,0.00763944,2026-03-21,2026-08-06,87,1920,882,139,0.625899,0.863400,0.891889,0.695194,,,,,,,,GLOBAL_BASELINE_NO_ENTITY_RANKING,,,NOT_APPLICABLE_GLOBAL_BASELINE,HF9g-P5,,,,X 全窗基线 · 不参与实体赏罚,8397096,840,A168_HF9F_20260827_0900,2026-08-27 09:00:00
2026-06-22,54653530,2254,0,5.1431069509,4.8859516034,4.8859516034,1.0000000,1,1,0.50665070000000000,0.506650700000,0.9867858985152569,0.9867858985152569,0.9867858985152569,0E-17,ELIGIBLE,R03b_20260811_FULL_v1,L1_ELIGIBILITY,v2026-08-11,2026-03-21..2026-08-06,baccarat_bet02_101_all_pairs_incl_sentinel,round_win = game_pnl > 0 (decisive only),COMPATIBILITY_ONLY_NOT_PRODUCTION,53571.4227,48249.4483,483.2383,5739,5738,-0.00902045,-0.00297427,-0.01061372,-0.00902045,-483.2383,53571.4227,OK,0.0000,19.3295,4.0000,96.0000,AG03-UNRESOLVED,ALL5_LEVELS_bet23_to_bet27,19.3295,19.3295,24.1619,0.0000,0.0000,4.000000,4.000000,5.000000,0.000000,0.000000,96.000000,96.000000,95.000000,100.000000,100.000000,5.0,62.8210,60.1535,420.4173,423.0848,PENDING_AG03,FALSE,NOT_FOR_ENFORCEMENT,463.9088,46319.4703,483.2383,463.9088,19.3295,0.00902045,0.00865963,19.3295,463.9088,0.00865963,19.3295,19.3295,24.1619,0.0000,0.0000,463.9088,0.00865963,62.8210,60.1535,420.4173,423.0848,0.00784779,0.00789758,0.00036082,9.3346,8.4088,0.0842,5.5545,0.2517,615.7635,65.9540,8.3255,9.6426,5.1431,5.1891,8.2617,16.7816,25.8881,44.2602,5.1891,0.0,4.9889,8.529385,1.798876,29,193,98,2,0.20855820,0.00902045,0.00297427,0E-8,0.000000,0.900656,0.000000,0.00763944,2026-03-21,2026-08-06,87,1920,882,139,0.625899,0.863400,0.891889,0.695194,,,,,,,,GLOBAL_BASELINE_NO_ENTITY_RANKING,,,NOT_APPLICABLE_GLOBAL_BASELINE,HF9g-P5,,,,X 全窗基线 · 不参与实体赏罚,8397097,840,A168_HF9F_20260827_0900,2026-08-27 09:00:00
2026-06-22,54653530,2258,0,92.5759251163,-92.5759251163,-92.5759251163,0E-7,6,6,0.50665070000000000,0.506650700000,-2.4822909878107726,-2.4822909878107726,-2.4822909878107726,0E-17,ELIGIBLE,R03b_20260811_FULL_v1,L1_ELIGIBILITY,v2026-08-11,2026-03-21..2026-08-06,baccarat_bet02_101_all_pairs_incl_sentinel,round_win = game_pnl > 0 (decisive only),COMPATIBILITY_ONLY_NOT_PRODUCTION,53571.4227,48249.4483,483.2383,5739,5738,-0.00902045,-0.00297427,-0.01061372,-0.00902045,-483.2383,53571.4227,OK,0.0000,19.3295,4.0000,96.0000,AG03-UNRESOLVED,ALL5_LEVELS_bet23_to_bet27,19.3295,19.3295,24.1619,0.0000,0.0000,4.000000,4.000000,5.000000,0.000000,0.000000,96.000000,96.000000,95.000000,100.000000,100.000000,5.0,62.8210,60.1535,420.4173,423.0848,PENDING_AG03,FALSE,NOT_FOR_ENFORCEMENT,463.9088,46319.4703,483.2383,463.9088,19.3295,0.00902045,0.00865963,19.3295,463.9088,0.00865963,19.3295,19.3295,24.1619,0.0000,0.0000,463.9088,0.00865963,62.8210,60.1535,420.4173,423.0848,0.00784779,0.00789758,0.00036082,9.3346,8.4088,0.0842,5.5545,0.2517,615.7635,65.9540,8.3255,9.6426,5.1431,5.1891,8.2617,16.7816,25.8881,44.2602,5.1891,0.0,4.9889,8.529385,1.798876,29,193,98,2,0.20855820,0.00902045,0.00297427,0E-8,0.000000,0.900656,0.000000,0.00763944,2026-03-21,2026-08-06,87,1920,882,139,0.625899,0.863400,0.891889,0.695194,,,,,,,,GLOBAL_BASELINE_NO_ENTITY_RANKING,,,NOT_APPLICABLE_GLOBAL_BASELINE,HF9g-P5,,,,X 全窗基线 · 不参与实体赏罚,8397098,840,A168_HF9F_20260827_0900,2026-08-27 09:00:00
2026-06-22,54653530,2271,0,5.1431069509,4.8859516034,4.8859516034,1.0000000,1,1,0.50665070000000000,0.506650700000,0.9867858985152569,0.9867858985152569,0.9867858985152569,0E-17,ELIGIBLE,R03b_20260811_FULL_v1,L1_ELIGIBILITY,v2026-08-11,2026-03-21..2026-08-06,baccarat_bet02_101_all_pairs_incl_sentinel,round_win = game_pnl > 0 (decisive only),COMPATIBILITY_ONLY_NOT_PRODUCTION,53571.4227,48249.4483,483.2383,5739,5738,-0.00902045,-0.00297427,-0.01061372,-0.00902045,-483.2383,53571.4227,OK,0.0000,19.3295,4.0000,96.0000,AG03-UNRESOLVED,ALL5_LEVELS_bet23_to_bet27,19.3295,19.3295,24.1619,0.0000,0.0000,4.000000,4.000000,5.000000,0.000000,0.000000,96.000000,96.000000,95.000000,100.000000,100.000000,5.0,62.8210,60.1535,420.4173,423.0848,PENDING_AG03,FALSE,NOT_FOR_ENFORCEMENT,463.9088,46319.4703,483.2383,463.9088,19.3295,0.00902045,0.00865963,19.3295,463.9088,0.00865963,19.3295,19.3295,24.1619,0.0000,0.0000,463.9088,0.00865963,62.8210,60.1535,420.4173,423.0848,0.00784779,0.00789758,0.00036082,9.3346,8.4088,0.0842,5.5545,0.2517,615.7635,65.9540,8.3255,9.6426,5.1431,5.1891,8.2617,16.7816,25.8881,44.2602,5.1891,0.0,4.9889,8.529385,1.798876,29,193,98,2,0.20855820,0.00902045,0.00297427,0E-8,0.000000,0.900656,0.000000,0.00763944,2026-03-21,2026-08-06,87,1920,882,139,0.625899,0.863400,0.891889,0.695194,,,,,,,,GLOBAL_BASELINE_NO_ENTITY_RANKING,,,NOT_APPLICABLE_GLOBAL_BASELINE,HF9g-P5,,,,X 全窗基线 · 不参与实体赏罚,8397099,840,A168_HF9F_20260827_0900,2026-08-27 09:00:00
2026-06-22,54653530,2278,0,28.5442435775,12.2020212411,12.2020212411,0.7500000,5,5,0.50665070000000000,0.506650700000,0.9734833216690844,0.9734833216690844,0.9734833216690844,0E-17,ELIGIBLE,R03b_20260811_FULL_v1,L1_ELIGIBILITY,v2026-08-11,2026-03-21..2026-08-06,baccarat_bet02_101_all_pairs_incl_sentinel,round_win = game_pnl > 0 (decisive only),COMPATIBILITY_ONLY_NOT_PRODUCTION,53571.4227,48249.4483,483.2383,5739,5738,-0.00902045,-0.00297427,-0.01061372,-0.00902045,-483.2383,53571.4227,OK,0.0000,19.3295,4.0000,96.0000,AG03-UNRESOLVED,ALL5_LEVELS_bet23_to_bet27,19.3295,19.3295,24.1619,0.0000,0.0000,4.000000,4.000000,5.000000,0.000000,0.000000,96.000000,96.000000,95.000000,100.000000,100.000000,5.0,62.8210,60.1535,420.4173,423.0848,PENDING_AG03,FALSE,NOT_FOR_ENFORCEMENT,463.9088,46319.4703,483.2383,463.9088,19.3295,0.00902045,0.00865963,19.3295,463.9088,0.00865963,19.3295,19.3295,24.1619,0.0000,0.0000,463.9088,0.00865963,62.8210,60.1535,420.4173,423.0848,0.00784779,0.00789758,0.00036082,9.3346,8.4088,0.0842,5.5545,0.2517,615.7635,65.9540,8.3255,9.6426,5.1431,5.1891,8.2617,16.7816,25.8881,44.2602,5.1891,0.0,4.9889,8.529385,1.798876,29,193,98,2,0.20855820,0.00902045,0.00297427,0E-8,0.000000,0.900656,0.000000,0.00763944,2026-03-21,2026-08-06,87,1920,882,139,0.625899,0.863400,0.891889,0.695194,,,,,,,,GLOBAL_BASELINE_NO_ENTITY_RANKING,,,NOT_APPLICABLE_GLOBAL_BASELINE,HF9g-P5,,,,X 全窗基线 · 不参与实体赏罚,8397100,840,A168_HF9F_20260827_0900,2026-08-27 09:00:00
2026-06-22,54653530,462,0,5.1431069509,4.8859516034,4.8859516034,1.0000000,1,1,0.50665070000000000,0.506650700000,0.9867858985152569,0.9867858985152569,0.9867858985152569,0E-17,ELIGIBLE,R03b_20260811_FULL_v1,L1_ELIGIBILITY,v2026-08-11,2026-03-21..2026-08-06,baccarat_bet02_101_all_pairs_incl_sentinel,round_win = game_pnl > 0 (decisive only),COMPATIBILITY_ONLY_NOT_PRODUCTION,53571.4227,48249.4483,483.2383,5739,5738,-0.00902045,-0.00297427,-0.01061372,-0.00902045,-483.2383,53571.4227,OK,0.0000,19.3295,4.0000,96.0000,AG03-UNRESOLVED,ALL5_LEVELS_bet23_to_bet27,19.3295,19.3295,24.1619,0.0000,0.0000,4.000000,4.000000,5.000000,0.000000,0.000000,96.000000,96.000000,95.000000,100.000000,100.000000,5.0,62.8210,60.1535,420.4173,423.0848,PENDING_AG03,FALSE,NOT_FOR_ENFORCEMENT,463.9088,46319.4703,483.2383,463.9088,19.3295,0.00902045,0.00865963,19.3295,463.9088,0.00865963,19.3295,19.3295,24.1619,0.0000,0.0000,463.9088,0.00865963,62.8210,60.1535,420.4173,423.0848,0.00784779,0.00789758,0.00036082,9.3346,8.4088,0.0842,5.5545,0.2517,615.7635,65.9540,8.3255,9.6426,5.1431,5.1891,8.2617,16.7816,25.8881,44.2602,5.1891,0.0,4.9889,8.529385,1.798876,29,193,98,2,0.20855820,0.00902045,0.00297427,0E-8,0.000000,0.900656,0.000000,0.00763944,2026-03-21,2026-08-06,87,1920,882,139,0.625899,0.863400,0.891889,0.695194,,,,,,,,GLOBAL_BASELINE_NO_ENTITY_RANKING,,,NOT_APPLICABLE_GLOBAL_BASELINE,HF9g-P5,,,,X 全窗基线 · 不参与实体赏罚,8397101,840,A168_HF9F_20260827_0900,2026-08-27 09:00:00
2026-06-22,54653530,526,0,79.9753130867,-59.9171959782,-59.9171959782,0.2000000,5,5,0.50665070000000000,0.506650700000,-1.3715049547573244,-1.3715049547573244,-1.3715049547573244,0E-17,ELIGIBLE,R03b_20260811_FULL_v1,L1_ELIGIBILITY,v2026-08-11,2026-03-21..2026-08-06,baccarat_bet02_101_all_pairs_incl_sentinel,round_win = game_pnl > 0 (decisive only),COMPATIBILITY_ONLY_NOT_PRODUCTION,53571.4227,48249.4483,483.2383,5739,5738,-0.00902045,-0.00297427,-0.01061372,-0.00902045,-483.2383,53571.4227,OK,0.0000,19.3295,4.0000,96.0000,AG03-UNRESOLVED,ALL5_LEVELS_bet23_to_bet27,19.3295,19.3295,24.1619,0.0000,0.0000,4.000000,4.000000,5.000000,0.000000,0.000000,96.000000,96.000000,95.000000,100.000000,100.000000,5.0,62.8210,60.1535,420.4173,423.0848,PENDING_AG03,FALSE,NOT_FOR_ENFORCEMENT,463.9088,46319.4703,483.2383,463.9088,19.3295,0.00902045,0.00865963,19.3295,463.9088,0.00865963,19.3295,19.3295,24.1619,0.0000,0.0000,463.9088,0.00865963,62.8210,60.1535,420.4173,423.0848,0.00784779,0.00789758,0.00036082,9.3346,8.4088,0.0842,5.5545,0.2517,615.7635,65.9540,8.3255,9.6426,5.1431,5.1891,8.2617,16.7816,25.8881,44.2602,5.1891,0.0,4.9889,8.529385,1.798876,29,193,98,2,0.20855820,0.00902045,0.00297427,0E-8,0.000000,0.900656,0.000000,0.00763944,2026-03-21,2026-08-06,87,1920,882,139,0.625899,0.863400,0.891889,0.695194,,,,,,,,GLOBAL_BASELINE_NO_ENTITY_RANKING,,,NOT_APPLICABLE_GLOBAL_BASELINE,HF9g-P5,,,,X 全窗基线 · 不参与实体赏罚,8397102,840,A168_HF9F_20260827_0900,2026-08-27 09:00:00
2026-06-22,54653530,529,0,15.4293208527,-0.2571553475,-0.2571553475,0.5000000,3,3,0.50665070000000000,0.506650700000,-0.018812684590367487,-0.018812684590367487,-0.018812684590367487,0E-17,ELIGIBLE,R03b_20260811_FULL_v1,L1_ELIGIBILITY,v2026-08-11,2026-03-21..2026-08-06,baccarat_bet02_101_all_pairs_incl_sentinel,round_win = game_pnl > 0 (decisive only),COMPATIBILITY_ONLY_NOT_PRODUCTION,53571.4227,48249.4483,483.2383,5739,5738,-0.00902045,-0.00297427,-0.01061372,-0.00902045,-483.2383,53571.4227,OK,0.0000,19.3295,4.0000,96.0000,AG03-UNRESOLVED,ALL5_LEVELS_bet23_to_bet27,19.3295,19.3295,24.1619,0.0000,0.0000,4.000000,4.000000,5.000000,0.000000,0.000000,96.000000,96.000000,95.000000,100.000000,100.000000,5.0,62.8210,60.1535,420.4173,423.0848,PENDING_AG03,FALSE,NOT_FOR_ENFORCEMENT,463.9088,46319.4703,483.2383,463.9088,19.3295,0.00902045,0.00865963,19.3295,463.9088,0.00865963,19.3295,19.3295,24.1619,0.0000,0.0000,463.9088,0.00865963,62.8210,60.1535,420.4173,423.0848,0.00784779,0.00789758,0.00036082,9.3346,8.4088,0.0842,5.5545,0.2517,615.7635,65.9540,8.3255,9.6426,5.1431,5.1891,8.2617,16.7816,25.8881,44.2602,5.1891,0.0,4.9889,8.529385,1.798876,29,193,98,2,0.20855820,0.00902045,0.00297427,0E-8,0.000000,0.900656,0.000000,0.00763944,2026-03-21,2026-08-06,87,1920,882,139,0.625899,0.863400,0.891889,0.695194,,,,,,,,GLOBAL_BASELINE_NO_ENTITY_RANKING,,,NOT_APPLICABLE_GLOBAL_BASELINE,HF9g-P5,,,,X 全窗基线 · 不参与实体赏罚,8397103,840,A168_HF9F_20260827_0900,2026-08-27 09:00:00
2026-06-22,54653530,550,0,36.0017486563,4.1144855608,4.1144855608,0.3333333,3,3,0.50665070000000000,0.506650700000,-0.6004420894325239,-0.6004420894325239,-0.6004420894325239,0E-17,ELIGIBLE,R03b_20260811_FULL_v1,L1_ELIGIBILITY,v2026-08-11,2026-03-21..2026-08-06,baccarat_bet02_101_all_pairs_incl_sentinel,round_win = game_pnl > 0 (decisive only),COMPATIBILITY_ONLY_NOT_PRODUCTION,53571.4227,48249.4483,483.2383,5739,5738,-0.00902045,-0.00297427,-0.01061372,-0.00902045,-483.2383,53571.4227,OK,0.0000,19.3295,4.0000,96.0000,AG03-UNRESOLVED,ALL5_LEVELS_bet23_to_bet27,19.3295,19.3295,24.1619,0.0000,0.0000,4.000000,4.000000,5.000000,0.000000,0.000000,96.000000,96.000000,95.000000,100.000000,100.000000,5.0,62.8210,60.1535,420.4173,423.0848,PENDING_AG03,FALSE,NOT_FOR_ENFORCEMENT,463.9088,46319.4703,483.2383,463.9088,19.3295,0.00902045,0.00865963,19.3295,463.9088,0.00865963,19.3295,19.3295,24.1619,0.0000,0.0000,463.9088,0.00865963,62.8210,60.1535,420.4173,423.0848,0.00784779,0.00789758,0.00036082,9.3346,8.4088,0.0842,5.5545,0.2517,615.7635,65.9540,8.3255,9.6426,5.1431,5.1891,8.2617,16.7816,25.8881,44.2602,5.1891,0.0,4.9889,8.529385,1.798876,29,193,98,2,0.20855820,0.00902045,0.00297427,0E-8,0.000000,0.900656,0.000000,0.00763944,2026-03-21,2026-08-06,87,1920,882,139,0.625899,0.863400,0.891889,0.695194,,,,,,,,GLOBAL_BASELINE_NO_ENTITY_RANKING,,,NOT_APPLICABLE_GLOBAL_BASELINE,HF9g-P5,,,,X 全窗基线 · 不参与实体赏罚,8397104,840,A168_HF9F_20260827_0900,2026-08-27 09:00:00
2026-06-22,54653530,919,0,36.2589040039,-5.2845423920,-5.2845423920,0.3333333,6,6,0.49994810000000000,0.499948100000,-0.8162423282897021,-0.8162423282897021,-0.8162423282897021,0E-17,ELIGIBLE,R03b_20260811_FULL_v1,L1_ELIGIBILITY,v2026-08-11,2026-03-21..2026-08-06,baccarat_bet02_101_all_pairs_incl_sentinel,round_win = game_pnl > 0 (decisive only),COMPATIBILITY_ONLY_NOT_PRODUCTION,53571.4227,48249.4483,483.2383,5739,5738,-0.00902045,-0.00297427,-0.01061372,-0.00902045,-483.2383,53571.4227,OK,0.0000,19.3295,4.0000,96.0000,AG03-UNRESOLVED,ALL5_LEVELS_bet23_to_bet27,19.3295,19.3295,24.1619,0.0000,0.0000,4.000000,4.000000,5.000000,0.000000,0.000000,96.000000,96.000000,95.000000,100.000000,100.000000,5.0,62.8210,60.1535,420.4173,423.0848,PENDING_AG03,FALSE,NOT_FOR_ENFORCEMENT,463.9088,46319.4703,483.2383,463.9088,19.3295,0.00902045,0.00865963,19.3295,463.9088,0.00865963,19.3295,19.3295,24.1619,0.0000,0.0000,463.9088,0.00865963,62.8210,60.1535,420.4173,423.0848,0.00784779,0.00789758,0.00036082,9.3346,8.4088,0.0842,5.5545,0.2517,615.7635,65.9540,8.3255,9.6426,5.1431,5.1891,8.2617,16.7816,25.8881,44.2602,5.1891,0.0,4.9889,8.529385,1.798876,29,193,98,2,0.20855820,0.00902045,0.00297427,0E-8,0.000000,0.900656,0.000000,0.00763944,2026-03-21,2026-08-06,87,1920,882,139,0.625899,0.863400,0.891889,0.695194,,,,,,,,GLOBAL_BASELINE_NO_ENTITY_RANKING,,,NOT_APPLICABLE_GLOBAL_BASELINE,HF9g-P5,,,,X 全窗基线 · 不参与实体赏罚,8397105,840,A168_HF9F_20260827_0900,2026-08-27 09:00:00
2026-06-22,54653530,987,0,10.2862139018,9.7719032068,9.7719032068,1.0000000,2,2,0.50665070000000000,0.506650700000,1.3955260008387969,1.3955260008387969,1.3955260008387969,0E-17,ELIGIBLE,R03b_20260811_FULL_v1,L1_ELIGIBILITY,v2026-08-11,2026-03-21..2026-08-06,baccarat_bet02_101_all_pairs_incl_sentinel,round_win = game_pnl > 0 (decisive only),COMPATIBILITY_ONLY_NOT_PRODUCTION,53571.4227,48249.4483,483.2383,5739,5738,-0.00902045,-0.00297427,-0.01061372,-0.00902045,-483.2383,53571.4227,OK,0.0000,19.3295,4.0000,96.0000,AG03-UNRESOLVED,ALL5_LEVELS_bet23_to_bet27,19.3295,19.3295,24.1619,0.0000,0.0000,4.000000,4.000000,5.000000,0.000000,0.000000,96.000000,96.000000,95.000000,100.000000,100.000000,5.0,62.8210,60.1535,420.4173,423.0848,PENDING_AG03,FALSE,NOT_FOR_ENFORCEMENT,463.9088,46319.4703,483.2383,463.9088,19.3295,0.00902045,0.00865963,19.3295,463.9088,0.00865963,19.3295,19.3295,24.1619,0.0000,0.0000,463.9088,0.00865963,62.8210,60.1535,420.4173,423.0848,0.00784779,0.00789758,0.00036082,9.3346,8.4088,0.0842,5.5545,0.2517,615.7635,65.9540,8.3255,9.6426,5.1431,5.1891,8.2617,16.7816,25.8881,44.2602,5.1891,0.0,4.9889,8.529385,1.798876,29,193,98,2,0.20855820,0.00902045,0.00297427,0E-8,0.000000,0.900656,0.000000,0.00763944,2026-03-21,2026-08-06,87,1920,882,139,0.625899,0.863400,0.891889,0.695194,,,,,,,,GLOBAL_BASELINE_NO_ENTITY_RANKING,,,NOT_APPLICABLE_GLOBAL_BASELINE,HF9g-P5,,,,X 全窗基线 · 不参与实体赏罚,8397106,840,A168_HF9F_20260827_0900,2026-08-27 09:00:00
2026-06-22,54653530,994,0,56.5741764599,19.0294957184,19.0294957184,0.6666667,9,9,0.50516123333333333,0.505161233333,0.7912539611980197,0.7912539611996473,0.7912539611980197,3.3333E-13,ELIGIBLE,R03b_20260811_FULL_v1,L1_ELIGIBILITY,v2026-08-11,2026-03-21..2026-08-06,baccarat_bet02_101_all_pairs_incl_sentinel,round_win = game_pnl > 0 (decisive only),COMPATIBILITY_ONLY_NOT_PRODUCTION,53571.4227,48249.4483,483.2383,5739,5738,-0.00902045,-0.00297427,-0.01061372,-0.00902045,-483.2383,53571.4227,OK,0.0000,19.3295,4.0000,96.0000,AG03-UNRESOLVED,ALL5_LEVELS_bet23_to_bet27,19.3295,19.3295,24.1619,0.0000,0.0000,4.000000,4.000000,5.000000,0.000000,0.000000,96.000000,96.000000,95.000000,100.000000,100.000000,5.0,62.8210,60.1535,420.4173,423.0848,PENDING_AG03,FALSE,NOT_FOR_ENFORCEMENT,463.9088,46319.4703,483.2383,463.9088,19.3295,0.00902045,0.00865963,19.3295,463.9088,0.00865963,19.3295,19.3295,24.1619,0.0000,0.0000,463.9088,0.00865963,62.8210,60.1535,420.4173,423.0848,0.00784779,0.00789758,0.00036082,9.3346,8.4088,0.0842,5.5545,0.2517,615.7635,65.9540,8.3255,9.6426,5.1431,5.1891,8.2617,16.7816,25.8881,44.2602,5.1891,0.0,4.9889,8.529385,1.798876,29,193,98,2,0.20855820,0.00902045,0.00297427,0E-8,0.000000,0.900656,0.000000,0.00763944,2026-03-21,2026-08-06,87,1920,882,139,0.625899,0.863400,0.891889,0.695194,,,,,,,,GLOBAL_BASELINE_NO_ENTITY_RANKING,,,NOT_APPLICABLE_GLOBAL_BASELINE,HF9g-P5,,,,X 全窗基线 · 不参与实体赏罚,8397107,840,A168_HF9F_20260827_0900,2026-08-27 09:00:00
2026-06-24,54653530,1094,0,5.1431069509,4.8859516034,4.8859516034,1.0000000,1,1,0.50665070000000000,0.506650700000,0.9867858985152569,0.9867858985152569,0.9867858985152569,0E-17,ELIGIBLE,R03b_20260811_FULL_v1,L1_ELIGIBILITY,v2026-08-11,2026-03-21..2026-08-06,baccarat_bet02_101_all_pairs_incl_sentinel,round_win = game_pnl > 0 (decisive only),COMPATIBILITY_ONLY_NOT_PRODUCTION,53571.4227,48249.4483,483.2383,5739,5738,-0.00902045,-0.00297427,-0.01061372,-0.00902045,-483.2383,53571.4227,OK,0.0000,19.3295,4.0000,96.0000,AG03-UNRESOLVED,ALL5_LEVELS_bet23_to_bet27,19.3295,19.3295,24.1619,0.0000,0.0000,4.000000,4.000000,5.000000,0.000000,0.000000,96.000000,96.000000,95.000000,100.000000,100.000000,5.0,62.8210,60.1535,420.4173,423.0848,PENDING_AG03,FALSE,NOT_FOR_ENFORCEMENT,463.9088,46319.4703,483.2383,463.9088,19.3295,0.00902045,0.00865963,19.3295,463.9088,0.00865963,19.3295,19.3295,24.1619,0.0000,0.0000,463.9088,0.00865963,62.8210,60.1535,420.4173,423.0848,0.00784779,0.00789758,0.00036082,9.3346,8.4088,0.0842,5.5545,0.2517,615.7635,65.9540,8.3255,9.6426,5.1431,5.1891,8.2617,16.7816,25.8881,44.2602,5.1891,0.0,4.9889,8.529385,1.798876,29,193,98,2,0.20855820,0.00902045,0.00297427,0E-8,0.000000,0.900656,0.000000,0.00763944,2026-03-21,2026-08-06,87,1920,882,139,0.625899,0.863400,0.891889,0.695194,,,,,,,,GLOBAL_BASELINE_NO_ENTITY_RANKING,,,NOT_APPLICABLE_GLOBAL_BASELINE,HF9g-P5,,,,X 全窗基线 · 不参与实体赏罚,8397108,840,A168_HF9F_20260827_0900,2026-08-27 09:00:00
2026-06-24,54653530,1115,0,15.4293208527,4.8859516034,4.8859516034,1.0000000,3,3,0.50665070000000000,0.506650700000,0.9867858985152569,0.9867858985152569,0.9867858985152569,0E-17,ELIGIBLE,R03b_20260811_FULL_v1,L1_ELIGIBILITY,v2026-08-11,2026-03-21..2026-08-06,baccarat_bet02_101_all_pairs_incl_sentinel,round_win = game_pnl > 0 (decisive only),COMPATIBILITY_ONLY_NOT_PRODUCTION,53571.4227,48249.4483,483.2383,5739,5738,-0.00902045,-0.00297427,-0.01061372,-0.00902045,-483.2383,53571.4227,OK,0.0000,19.3295,4.0000,96.0000,AG03-UNRESOLVED,ALL5_LEVELS_bet23_to_bet27,19.3295,19.3295,24.1619,0.0000,0.0000,4.000000,4.000000,5.000000,0.000000,0.000000,96.000000,96.000000,95.000000,100.000000,100.000000,5.0,62.8210,60.1535,420.4173,423.0848,PENDING_AG03,FALSE,NOT_FOR_ENFORCEMENT,463.9088,46319.4703,483.2383,463.9088,19.3295,0.00902045,0.00865963,19.3295,463.9088,0.00865963,19.3295,19.3295,24.1619,0.0000,0.0000,463.9088,0.00865963,62.8210,60.1535,420.4173,423.0848,0.00784779,0.00789758,0.00036082,9.3346,8.4088,0.0842,5.5545,0.2517,615.7635,65.9540,8.3255,9.6426,5.1431,5.1891,8.2617,16.7816,25.8881,44.2602,5.1891,0.0,4.9889,8.529385,1.798876,29,193,98,2,0.20855820,0.00902045,0.00297427,0E-8,0.000000,0.900656,0.000000,0.00763944,2026-03-21,2026-08-06,87,1920,882,139,0.625899,0.863400,0.891889,0.695194,,,,,,,,GLOBAL_BASELINE_NO_ENTITY_RANKING,,,NOT_APPLICABLE_GLOBAL_BASELINE,HF9g-P5,,,,X 全窗基线 · 不参与实体赏罚,8397109,840,A168_HF9F_20260827_0900,2026-08-27 09:00:00
2026-06-24,54653530,1963,0,12.8577673773,2.5715534755,2.5715534755,0.5000000,2,2,0.49324550000000000,0.493245500000,0.01910635448239258,0.01910635448239258,0.01910635448239258,0E-17,ELIGIBLE,R03b_20260811_FULL_v1,L1_ELIGIBILITY,v2026-08-11,2026-03-21..2026-08-06,baccarat_bet02_101_all_pairs_incl_sentinel,round_win = game_pnl > 0 (decisive only),COMPATIBILITY_ONLY_NOT_PRODUCTION,53571.4227,48249.4483,483.2383,5739,5738,-0.00902045,-0.00297427,-0.01061372,-0.00902045,-483.2383,53571.4227,OK,0.0000,19.3295,4.0000,96.0000,AG03-UNRESOLVED,ALL5_LEVELS_bet23_to_bet27,19.3295,19.3295,24.1619,0.0000,0.0000,4.000000,4.000000,5.000000,0.000000,0.000000,96.000000,96.000000,95.000000,100.000000,100.000000,5.0,62.8210,60.1535,420.4173,423.0848,PENDING_AG03,FALSE,NOT_FOR_ENFORCEMENT,463.9088,46319.4703,483.2383,463.9088,19.3295,0.00902045,0.00865963,19.3295,463.9088,0.00865963,19.3295,19.3295,24.1619,0.0000,0.0000,463.9088,0.00865963,62.8210,60.1535,420.4173,423.0848,0.00784779,0.00789758,0.00036082,9.3346,8.4088,0.0842,5.5545,0.2517,615.7635,65.9540,8.3255,9.6426,5.1431,5.1891,8.2617,16.7816,25.8881,44.2602,5.1891,0.0,4.9889,8.529385,1.798876,29,193,98,2,0.20855820,0.00902045,0.00297427,0E-8,0.000000,0.900656,0.000000,0.00763944,2026-03-21,2026-08-06,87,1920,882,139,0.625899,0.863400,0.891889,0.695194,,,,,,,,GLOBAL_BASELINE_NO_ENTITY_RANKING,,,NOT_APPLICABLE_GLOBAL_BASELINE,HF9g-P5,,,,X 全窗基线 · 不参与实体赏罚,8397110,840,A168_HF9F_20260827_0900,2026-08-27 09:00:00
2026-06-24,54653530,1990,0,38.5733021318,17.1008306118,17.1008306118,0.6666667,6,6,0.50218230000000000,0.502182300000,0.8058132132962729,0.8058132132962729,0.8058132132962729,0E-17,ELIGIBLE,R03b_20260811_FULL_v1,L1_ELIGIBILITY,v2026-08-11,2026-03-21..2026-08-06,baccarat_bet02_101_all_pairs_incl_sentinel,round_win = game_pnl > 0 (decisive only),COMPATIBILITY_ONLY_NOT_PRODUCTION,53571.4227,48249.4483,483.2383,5739,5738,-0.00902045,-0.00297427,-0.01061372,-0.00902045,-483.2383,53571.4227,OK,0.0000,19.3295,4.0000,96.0000,AG03-UNRESOLVED,ALL5_LEVELS_bet23_to_bet27,19.3295,19.3295,24.1619,0.0000,0.0000,4.000000,4.000000,5.000000,0.000000,0.000000,96.000000,96.000000,95.000000,100.000000,100.000000,5.0,62.8210,60.1535,420.4173,423.0848,PENDING_AG03,FALSE,NOT_FOR_ENFORCEMENT,463.9088,46319.4703,483.2383,463.9088,19.3295,0.00902045,0.00865963,19.3295,463.9088,0.00865963,19.3295,19.3295,24.1619,0.0000,0.0000,463.9088,0.00865963,62.8210,60.1535,420.4173,423.0848,0.00784779,0.00789758,0.00036082,9.3346,8.4088,0.0842,5.5545,0.2517,615.7635,65.9540,8.3255,9.6426,5.1431,5.1891,8.2617,16.7816,25.8881,44.2602,5.1891,0.0,4.9889,8.529385,1.798876,29,193,98,2,0.20855820,0.00902045,0.00297427,0E-8,0.000000,0.900656,0.000000,0.00763944,2026-03-21,2026-08-06,87,1920,882,139,0.625899,0.863400,0.891889,0.695194,,,,,,,,GLOBAL_BASELINE_NO_ENTITY_RANKING,,,NOT_APPLICABLE_GLOBAL_BASELINE,HF9g-P5,,,,X 全窗基线 · 不参与实体赏罚,8397111,840,A168_HF9F_20260827_0900,2026-08-27 09:00:00
2026-06-24,54653530,2167,0,10.2862139018,10.2862139018,10.2862139018,1.0000000,2,2,0.49324550000000000,0.493245500000,1.4334489766152358,1.4334489766152358,1.4334489766152358,0E-17,ELIGIBLE,R03b_20260811_FULL_v1,L1_ELIGIBILITY,v2026-08-11,2026-03-21..2026-08-06,baccarat_bet02_101_all_pairs_incl_sentinel,round_win = game_pnl > 0 (decisive only),COMPATIBILITY_ONLY_NOT_PRODUCTION,53571.4227,48249.4483,483.2383,5739,5738,-0.00902045,-0.00297427,-0.01061372,-0.00902045,-483.2383,53571.4227,OK,0.0000,19.3295,4.0000,96.0000,AG03-UNRESOLVED,ALL5_LEVELS_bet23_to_bet27,19.3295,19.3295,24.1619,0.0000,0.0000,4.000000,4.000000,5.000000,0.000000,0.000000,96.000000,96.000000,95.000000,100.000000,100.000000,5.0,62.8210,60.1535,420.4173,423.0848,PENDING_AG03,FALSE,NOT_FOR_ENFORCEMENT,463.9088,46319.4703,483.2383,463.9088,19.3295,0.00902045,0.00865963,19.3295,463.9088,0.00865963,19.3295,19.3295,24.1619,0.0000,0.0000,463.9088,0.00865963,62.8210,60.1535,420.4173,423.0848,0.00784779,0.00789758,0.00036082,9.3346,8.4088,0.0842,5.5545,0.2517,615.7635,65.9540,8.3255,9.6426,5.1431,5.1891,8.2617,16.7816,25.8881,44.2602,5.1891,0.0,4.9889,8.529385,1.798876,29,193,98,2,0.20855820,0.00902045,0.00297427,0E-8,0.000000,0.900656,0.000000,0.00763944,2026-03-21,2026-08-06,87,1920,882,139,0.625899,0.863400,0.891889,0.695194,,,,,,,,GLOBAL_BASELINE_NO_ENTITY_RANKING,,,NOT_APPLICABLE_GLOBAL_BASELINE,HF9g-P5,,,,X 全窗基线 · 不参与实体赏罚,8397112,840,A168_HF9F_20260827_0900,2026-08-27 09:00:00
2026-06-24,54653530,2170,0,24.6869133644,7.4060740093,7.4060740093,0.5000000,2,2,0.50665070000000000,0.506650700000,-0.018812684590367487,-0.018812684590367487,-0.018812684590367487,0E-17,ELIGIBLE,R03b_20260811_FULL_v1,L1_ELIGIBILITY,v2026-08-11,2026-03-21..2026-08-06,baccarat_bet02_101_all_pairs_incl_sentinel,round_win = game_pnl > 0 (decisive only),COMPATIBILITY_ONLY_NOT_PRODUCTION,53571.4227,48249.4483,483.2383,5739,5738,-0.00902045,-0.00297427,-0.01061372,-0.00902045,-483.2383,53571.4227,OK,0.0000,19.3295,4.0000,96.0000,AG03-UNRESOLVED,ALL5_LEVELS_bet23_to_bet27,19.3295,19.3295,24.1619,0.0000,0.0000,4.000000,4.000000,5.000000,0.000000,0.000000,96.000000,96.000000,95.000000,100.000000,100.000000,5.0,62.8210,60.1535,420.4173,423.0848,PENDING_AG03,FALSE,NOT_FOR_ENFORCEMENT,463.9088,46319.4703,483.2383,463.9088,19.3295,0.00902045,0.00865963,19.3295,463.9088,0.00865963,19.3295,19.3295,24.1619,0.0000,0.0000,463.9088,0.00865963,62.8210,60.1535,420.4173,423.0848,0.00784779,0.00789758,0.00036082,9.3346,8.4088,0.0842,5.5545,0.2517,615.7635,65.9540,8.3255,9.6426,5.1431,5.1891,8.2617,16.7816,25.8881,44.2602,5.1891,0.0,4.9889,8.529385,1.798876,29,193,98,2,0.20855820,0.00902045,0.00297427,0E-8,0.000000,0.900656,0.000000,0.00763944,2026-03-21,2026-08-06,87,1920,882,139,0.625899,0.863400,0.891889,0.695194,,,,,,,,GLOBAL_BASELINE_NO_ENTITY_RANKING,,,NOT_APPLICABLE_GLOBAL_BASELINE,HF9g-P5,,,,X 全窗基线 · 不参与实体赏罚,8397113,840,A168_HF9F_20260827_0900,2026-08-27 09:00:00
2026-06-24,54653530,2174,0,34.9731272662,-29.8300203153,-29.8300203153,0E-7,4,4,0.50665070000000000,0.506650700000,-1.7552447903592512,-1.7552447903592512,-1.7552447903592512,0E-17,ELIGIBLE,R03b_20260811_FULL_v1,L1_ELIGIBILITY,v2026-08-11,2026-03-21..2026-08-06,baccarat_bet02_101_all_pairs_incl_sentinel,round_win = game_pnl > 0 (decisive only),COMPATIBILITY_ONLY_NOT_PRODUCTION,53571.4227,48249.4483,483.2383,5739,5738,-0.00902045,-0.00297427,-0.01061372,-0.00902045,-483.2383,53571.4227,OK,0.0000,19.3295,4.0000,96.0000,AG03-UNRESOLVED,ALL5_LEVELS_bet23_to_bet27,19.3295,19.3295,24.1619,0.0000,0.0000,4.000000,4.000000,5.000000,0.000000,0.000000,96.000000,96.000000,95.000000,100.000000,100.000000,5.0,62.8210,60.1535,420.4173,423.0848,PENDING_AG03,FALSE,NOT_FOR_ENFORCEMENT,463.9088,46319.4703,483.2383,463.9088,19.3295,0.00902045,0.00865963,19.3295,463.9088,0.00865963,19.3295,19.3295,24.1619,0.0000,0.0000,463.9088,0.00865963,62.8210,60.1535,420.4173,423.0848,0.00784779,0.00789758,0.00036082,9.3346,8.4088,0.0842,5.5545,0.2517,615.7635,65.9540,8.3255,9.6426,5.1431,5.1891,8.2617,16.7816,25.8881,44.2602,5.1891,0.0,4.9889,8.529385,1.798876,29,193,98,2,0.20855820,0.00902045,0.00297427,0E-8,0.000000,0.900656,0.000000,0.00763944,2026-03-21,2026-08-06,87,1920,882,139,0.625899,0.863400,0.891889,0.695194,,,,,,,,GLOBAL_BASELINE_NO_ENTITY_RANKING,,,NOT_APPLICABLE_GLOBAL_BASELINE,HF9g-P5,,,,X 全窗基线 · 不参与实体赏罚,8397114,840,A168_HF9F_20260827_0900,2026-08-27 09:00:00
2026-06-24,54653530,2196,0,5.1431069509,4.8859516034,4.8859516034,1.0000000,1,1,0.50665070000000000,0.506650700000,0.9867858985152569,0.9867858985152569,0.9867858985152569,0E-17,ELIGIBLE,R03b_20260811_FULL_v1,L1_ELIGIBILITY,v2026-08-11,2026-03-21..2026-08-06,baccarat_bet02_101_all_pairs_incl_sentinel,round_win = game_pnl > 0 (decisive only),COMPATIBILITY_ONLY_NOT_PRODUCTION,53571.4227,48249.4483,483.2383,5739,5738,-0.00902045,-0.00297427,-0.01061372,-0.00902045,-483.2383,53571.4227,OK,0.0000,19.3295,4.0000,96.0000,AG03-UNRESOLVED,ALL5_LEVELS_bet23_to_bet27,19.3295,19.3295,24.1619,0.0000,0.0000,4.000000,4.000000,5.000000,0.000000,0.000000,96.000000,96.000000,95.000000,100.000000,100.000000,5.0,62.8210,60.1535,420.4173,423.0848,PENDING_AG03,FALSE,NOT_FOR_ENFORCEMENT,463.9088,46319.4703,483.2383,463.9088,19.3295,0.00902045,0.00865963,19.3295,463.9088,0.00865963,19.3295,19.3295,24.1619,0.0000,0.0000,463.9088,0.00865963,62.8210,60.1535,420.4173,423.0848,0.00784779,0.00789758,0.00036082,9.3346,8.4088,0.0842,5.5545,0.2517,615.7635,65.9540,8.3255,9.6426,5.1431,5.1891,8.2617,16.7816,25.8881,44.2602,5.1891,0.0,4.9889,8.529385,1.798876,29,193,98,2,0.20855820,0.00902045,0.00297427,0E-8,0.000000,0.900656,0.000000,0.00763944,2026-03-21,2026-08-06,87,1920,882,139,0.625899,0.863400,0.891889,0.695194,,,,,,,,GLOBAL_BASELINE_NO_ENTITY_RANKING,,,NOT_APPLICABLE_GLOBAL_BASELINE,HF9g-P5,,,,X 全窗基线 · 不参与实体赏罚,8397115,840,A168_HF9F_20260827_0900,2026-08-27 09:00:00
2026-06-24,54653530,2209,0,18.2580296757,7.3160696377,7.3160696377,0.6666667,3,3,0.50665070000000000,0.506650700000,0.5543606114942035,0.5543606114942035,0.5543606114942035,0E-17,ELIGIBLE,R03b_20260811_FULL_v1,L1_ELIGIBILITY,v2026-08-11,2026-03-21..2026-08-06,baccarat_bet02_101_all_pairs_incl_sentinel,round_win = game_pnl > 0 (decisive only),COMPATIBILITY_ONLY_NOT_PRODUCTION,53571.4227,48249.4483,483.2383,5739,5738,-0.00902045,-0.00297427,-0.01061372,-0.00902045,-483.2383,53571.4227,OK,0.0000,19.3295,4.0000,96.0000,AG03-UNRESOLVED,ALL5_LEVELS_bet23_to_bet27,19.3295,19.3295,24.1619,0.0000,0.0000,4.000000,4.000000,5.000000,0.000000,0.000000,96.000000,96.000000,95.000000,100.000000,100.000000,5.0,62.8210,60.1535,420.4173,423.0848,PENDING_AG03,FALSE,NOT_FOR_ENFORCEMENT,463.9088,46319.4703,483.2383,463.9088,19.3295,0.00902045,0.00865963,19.3295,463.9088,0.00865963,19.3295,19.3295,24.1619,0.0000,0.0000,463.9088,0.00865963,62.8210,60.1535,420.4173,423.0848,0.00784779,0.00789758,0.00036082,9.3346,8.4088,0.0842,5.5545,0.2517,615.7635,65.9540,8.3255,9.6426,5.1431,5.1891,8.2617,16.7816,25.8881,44.2602,5.1891,0.0,4.9889,8.529385,1.798876,29,193,98,2,0.20855820,0.00902045,0.00297427,0E-8,0.000000,0.900656,0.000000,0.00763944,2026-03-21,2026-08-06,87,1920,882,139,0.625899,0.863400,0.891889,0.695194,,,,,,,,GLOBAL_BASELINE_NO_ENTITY_RANKING,,,NOT_APPLICABLE_GLOBAL_BASELINE,HF9g-P5,,,,X 全窗基线 · 不参与实体赏罚,8397116,840,A168_HF9F_20260827_0900,2026-08-27 09:00:00
2026-06-24,54653530,2222,0,5.1431069509,4.8859516034,4.8859516034,1.0000000,1,1,0.50665070000000000,0.506650700000,0.9867858985152569,0.9867858985152569,0.9867858985152569,0E-17,ELIGIBLE,R03b_20260811_FULL_v1,L1_ELIGIBILITY,v2026-08-11,2026-03-21..2026-08-06,baccarat_bet02_101_all_pairs_incl_sentinel,round_win = game_pnl > 0 (decisive only),COMPATIBILITY_ONLY_NOT_PRODUCTION,53571.4227,48249.4483,483.2383,5739,5738,-0.00902045,-0.00297427,-0.01061372,-0.00902045,-483.2383,53571.4227,OK,0.0000,19.3295,4.0000,96.0000,AG03-UNRESOLVED,ALL5_LEVELS_bet23_to_bet27,19.3295,19.3295,24.1619,0.0000,0.0000,4.000000,4.000000,5.000000,0.000000,0.000000,96.000000,96.000000,95.000000,100.000000,100.000000,5.0,62.8210,60.1535,420.4173,423.0848,PENDING_AG03,FALSE,NOT_FOR_ENFORCEMENT,463.9088,46319.4703,483.2383,463.9088,19.3295,0.00902045,0.00865963,19.3295,463.9088,0.00865963,19.3295,19.3295,24.1619,0.0000,0.0000,463.9088,0.00865963,62.8210,60.1535,420.4173,423.0848,0.00784779,0.00789758,0.00036082,9.3346,8.4088,0.0842,5.5545,0.2517,615.7635,65.9540,8.3255,9.6426,5.1431,5.1891,8.2617,16.7816,25.8881,44.2602,5.1891,0.0,4.9889,8.529385,1.798876,29,193,98,2,0.20855820,0.00902045,0.00297427,0E-8,0.000000,0.900656,0.000000,0.00763944,2026-03-21,2026-08-06,87,1920,882,139,0.625899,0.863400,0.891889,0.695194,,,,,,,,GLOBAL_BASELINE_NO_ENTITY_RANKING,,,NOT_APPLICABLE_GLOBAL_BASELINE,HF9g-P5,,,,X 全窗基线 · 不参与实体赏罚,8397117,840,A168_HF9F_20260827_0900,2026-08-27 09:00:00
2026-06-24,54653530,2267,0,30.8586417055,3.2401573790,3.2401573790,0.3333333,3,3,0.50665070000000000,0.506650700000,-0.6004420894325239,-0.6004420894325239,-0.6004420894325239,0E-17,ELIGIBLE,R03b_20260811_FULL_v1,L1_ELIGIBILITY,v2026-08-11,2026-03-21..2026-08-06,baccarat_bet02_101_all_pairs_incl_sentinel,round_win = game_pnl > 0 (decisive only),COMPATIBILITY_ONLY_NOT_PRODUCTION,53571.4227,48249.4483,483.2383,5739,5738,-0.00902045,-0.00297427,-0.01061372,-0.00902045,-483.2383,53571.4227,OK,0.0000,19.3295,4.0000,96.0000,AG03-UNRESOLVED,ALL5_LEVELS_bet23_to_bet27,19.3295,19.3295,24.1619,0.0000,0.0000,4.000000,4.000000,5.000000,0.000000,0.000000,96.000000,96.000000,95.000000,100.000000,100.000000,5.0,62.8210,60.1535,420.4173,423.0848,PENDING_AG03,FALSE,NOT_FOR_ENFORCEMENT,463.9088,46319.4703,483.2383,463.9088,19.3295,0.00902045,0.00865963,19.3295,463.9088,0.00865963,19.3295,19.3295,24.1619,0.0000,0.0000,463.9088,0.00865963,62.8210,60.1535,420.4173,423.0848,0.00784779,0.00789758,0.00036082,9.3346,8.4088,0.0842,5.5545,0.2517,615.7635,65.9540,8.3255,9.6426,5.1431,5.1891,8.2617,16.7816,25.8881,44.2602,5.1891,0.0,4.9889,8.529385,1.798876,29,193,98,2,0.20855820,0.00902045,0.00297427,0E-8,0.000000,0.900656,0.000000,0.00763944,2026-03-21,2026-08-06,87,1920,882,139,0.625899,0.863400,0.891889,0.695194,,,,,,,,GLOBAL_BASELINE_NO_ENTITY_RANKING,,,NOT_APPLICABLE_GLOBAL_BASELINE,HF9g-P5,,,,X 全窗基线 · 不参与实体赏罚,8397118,840,A168_HF9F_20260827_0900,2026-08-27 09:00:00
2026-06-24,54653530,462,0,69.9462545324,10.8005245968,10.8005245968,0.2500000,4,4,0.49659680000000000,0.496596800000,-0.9864100490137353,-0.9864100490137354,-0.9864100490137353,0E-17,ELIGIBLE,R03b_20260811_FULL_v1,L1_ELIGIBILITY,v2026-08-11,2026-03-21..2026-08-06,baccarat_bet02_101_all_pairs_incl_sentinel,round_win = game_pnl > 0 (decisive only),COMPATIBILITY_ONLY_NOT_PRODUCTION,53571.4227,48249.4483,483.2383,5739,5738,-0.00902045,-0.00297427,-0.01061372,-0.00902045,-483.2383,53571.4227,OK,0.0000,19.3295,4.0000,96.0000,AG03-UNRESOLVED,ALL5_LEVELS_bet23_to_bet27,19.3295,19.3295,24.1619,0.0000,0.0000,4.000000,4.000000,5.000000,0.000000,0.000000,96.000000,96.000000,95.000000,100.000000,100.000000,5.0,62.8210,60.1535,420.4173,423.0848,PENDING_AG03,FALSE,NOT_FOR_ENFORCEMENT,463.9088,46319.4703,483.2383,463.9088,19.3295,0.00902045,0.00865963,19.3295,463.9088,0.00865963,19.3295,19.3295,24.1619,0.0000,0.0000,463.9088,0.00865963,62.8210,60.1535,420.4173,423.0848,0.00784779,0.00789758,0.00036082,9.3346,8.4088,0.0842,5.5545,0.2517,615.7635,65.9540,8.3255,9.6426,5.1431,5.1891,8.2617,16.7816,25.8881,44.2602,5.1891,0.0,4.9889,8.529385,1.798876,29,193,98,2,0.20855820,0.00902045,0.00297427,0E-8,0.000000,0.900656,0.000000,0.00763944,2026-03-21,2026-08-06,87,1920,882,139,0.625899,0.863400,0.891889,0.695194,,,,,,,,GLOBAL_BASELINE_NO_ENTITY_RANKING,,,NOT_APPLICABLE_GLOBAL_BASELINE,HF9g-P5,,,,X 全窗基线 · 不参与实体赏罚,8397119,840,A168_HF9F_20260827_0900,2026-08-27 09:00:00
2026-06-24,54653530,471,0,5.1431069509,0E-10,0E-10,,1,1,0.50665070000000000,0.506650700000,,,,0E-17,NO_DECISIVE_ROUND,R03b_20260811_FULL_v1,L1_ELIGIBILITY,v2026-08-11,2026-03-21..2026-08-06,baccarat_bet02_101_all_pairs_incl_sentinel,round_win = game_pnl > 0 (decisive only),COMPATIBILITY_ONLY_NOT_PRODUCTION,53571.4227,48249.4483,483.2383,5739,5738,-0.00902045,-0.00297427,-0.01061372,-0.00902045,-483.2383,53571.4227,OK,0.0000,19.3295,4.0000,96.0000,AG03-UNRESOLVED,ALL5_LEVELS_bet23_to_bet27,19.3295,19.3295,24.1619,0.0000,0.0000,4.000000,4.000000,5.000000,0.000000,0.000000,96.000000,96.000000,95.000000,100.000000,100.000000,5.0,62.8210,60.1535,420.4173,423.0848,PENDING_AG03,FALSE,NOT_FOR_ENFORCEMENT,463.9088,46319.4703,483.2383,463.9088,19.3295,0.00902045,0.00865963,19.3295,463.9088,0.00865963,19.3295,19.3295,24.1619,0.0000,0.0000,463.9088,0.00865963,62.8210,60.1535,420.4173,423.0848,0.00784779,0.00789758,0.00036082,9.3346,8.4088,0.0842,5.5545,0.2517,615.7635,65.9540,8.3255,9.6426,5.1431,5.1891,8.2617,16.7816,25.8881,44.2602,5.1891,0.0,4.9889,8.529385,1.798876,29,193,98,2,0.20855820,0.00902045,0.00297427,0E-8,0.000000,0.900656,0.000000,0.00763944,2026-03-21,2026-08-06,87,1920,882,139,0.625899,0.863400,0.891889,0.695194,,,,,,,,GLOBAL_BASELINE_NO_ENTITY_RANKING,,,NOT_APPLICABLE_GLOBAL_BASELINE,HF9g-P5,,,,X 全窗基线 · 不参与实体赏罚,8397120,840,A168_HF9F_20260827_0900,2026-08-27 09:00:00
2026-06-24,54653530,986,0,10.2862139018,-0.2571553475,-0.2571553475,0.5000000,2,2,0.50665070000000000,0.506650700000,-0.018812684590367487,-0.018812684590367487,-0.018812684590367487,0E-17,ELIGIBLE,R03b_20260811_FULL_v1,L1_ELIGIBILITY,v2026-08-11,2026-03-21..2026-08-06,baccarat_bet02_101_all_pairs_incl_sentinel,round_win = game_pnl > 0 (decisive only),COMPATIBILITY_ONLY_NOT_PRODUCTION,53571.4227,48249.4483,483.2383,5739,5738,-0.00902045,-0.00297427,-0.01061372,-0.00902045,-483.2383,53571.4227,OK,0.0000,19.3295,4.0000,96.0000,AG03-UNRESOLVED,ALL5_LEVELS_bet23_to_bet27,19.3295,19.3295,24.1619,0.0000,0.0000,4.000000,4.000000,5.000000,0.000000,0.000000,96.000000,96.000000,95.000000,100.000000,100.000000,5.0,62.8210,60.1535,420.4173,423.0848,PENDING_AG03,FALSE,NOT_FOR_ENFORCEMENT,463.9088,46319.4703,483.2383,463.9088,19.3295,0.00902045,0.00865963,19.3295,463.9088,0.00865963,19.3295,19.3295,24.1619,0.0000,0.0000,463.9088,0.00865963,62.8210,60.1535,420.4173,423.0848,0.00784779,0.00789758,0.00036082,9.3346,8.4088,0.0842,5.5545,0.2517,615.7635,65.9540,8.3255,9.6426,5.1431,5.1891,8.2617,16.7816,25.8881,44.2602,5.1891,0.0,4.9889,8.529385,1.798876,29,193,98,2,0.20855820,0.00902045,0.00297427,0E-8,0.000000,0.900656,0.000000,0.00763944,2026-03-21,2026-08-06,87,1920,882,139,0.625899,0.863400,0.891889,0.695194,,,,,,,,GLOBAL_BASELINE_NO_ENTITY_RANKING,,,NOT_APPLICABLE_GLOBAL_BASELINE,HF9g-P5,,,,X 全窗基线 · 不参与实体赏罚,8397121,840,A168_HF9F_20260827_0900,2026-08-27 09:00:00
2026-06-24,54653530,994,0,25.7155347546,7.4575050789,7.4575050789,0.6666667,4,4,0.49659680000000000,0.496596800000,0.5891529468324541,0.589152946832454,0.5891529468324541,0E-17,ELIGIBLE,R03b_20260811_FULL_v1,L1_ELIGIBILITY,v2026-08-11,2026-03-21..2026-08-06,baccarat_bet02_101_all_pairs_incl_sentinel,round_win = game_pnl > 0 (decisive only),COMPATIBILITY_ONLY_NOT_PRODUCTION,53571.4227,48249.4483,483.2383,5739,5738,-0.00902045,-0.00297427,-0.01061372,-0.00902045,-483.2383,53571.4227,OK,0.0000,19.3295,4.0000,96.0000,AG03-UNRESOLVED,ALL5_LEVELS_bet23_to_bet27,19.3295,19.3295,24.1619,0.0000,0.0000,4.000000,4.000000,5.000000,0.000000,0.000000,96.000000,96.000000,95.000000,100.000000,100.000000,5.0,62.8210,60.1535,420.4173,423.0848,PENDING_AG03,FALSE,NOT_FOR_ENFORCEMENT,463.9088,46319.4703,483.2383,463.9088,19.3295,0.00902045,0.00865963,19.3295,463.9088,0.00865963,19.3295,19.3295,24.1619,0.0000,0.0000,463.9088,0.00865963,62.8210,60.1535,420.4173,423.0848,0.00784779,0.00789758,0.00036082,9.3346,8.4088,0.0842,5.5545,0.2517,615.7635,65.9540,8.3255,9.6426,5.1431,5.1891,8.2617,16.7816,25.8881,44.2602,5.1891,0.0,4.9889,8.529385,1.798876,29,193,98,2,0.20855820,0.00902045,0.00297427,0E-8,0.000000,0.900656,0.000000,0.00763944,2026-03-21,2026-08-06,87,1920,882,139,0.625899,0.863400,0.891889,0.695194,,,,,,,,GLOBAL_BASELINE_NO_ENTITY_RANKING,,,NOT_APPLICABLE_GLOBAL_BASELINE,HF9g-P5,,,,X 全窗基线 · 不参与实体赏罚,8397122,840,A168_HF9F_20260827_0900,2026-08-27 09:00:00
2026-06-25,54653530,-1,1,80.7467791293,7.5089361483,7.5089361483,0.3333333,6,6,0.50665070000000000,0.506650700000,-0.8491533462951141,-0.8491533462951141,-0.8491533462951141,0E-17,SENTINEL_DEALER,R03b_20260811_FULL_v1,L1_ELIGIBILITY,v2026-08-11,2026-03-21..2026-08-06,baccarat_bet02_101_all_pairs_incl_sentinel,round_win = game_pnl > 0 (decisive only),COMPATIBILITY_ONLY_NOT_PRODUCTION,53571.4227,48249.4483,483.2383,5739,5738,-0.00902045,-0.00297427,-0.01061372,-0.00902045,-483.2383,53571.4227,OK,0.0000,19.3295,4.0000,96.0000,AG03-UNRESOLVED,ALL5_LEVELS_bet23_to_bet27,19.3295,19.3295,24.1619,0.0000,0.0000,4.000000,4.000000,5.000000,0.000000,0.000000,96.000000,96.000000,95.000000,100.000000,100.000000,5.0,62.8210,60.1535,420.4173,423.0848,PENDING_AG03,FALSE,NOT_FOR_ENFORCEMENT,463.9088,46319.4703,483.2383,463.9088,19.3295,0.00902045,0.00865963,19.3295,463.9088,0.00865963,19.3295,19.3295,24.1619,0.0000,0.0000,463.9088,0.00865963,62.8210,60.1535,420.4173,423.0848,0.00784779,0.00789758,0.00036082,9.3346,8.4088,0.0842,5.5545,0.2517,615.7635,65.9540,8.3255,9.6426,5.1431,5.1891,8.2617,16.7816,25.8881,44.2602,5.1891,0.0,4.9889,8.529385,1.798876,29,193,98,2,0.20855820,0.00902045,0.00297427,0E-8,0.000000,0.900656,0.000000,0.00763944,2026-03-21,2026-08-06,87,1920,882,139,0.625899,0.863400,0.891889,0.695194,,,,,,,,GLOBAL_BASELINE_NO_ENTITY_RANKING,,,NOT_APPLICABLE_GLOBAL_BASELINE,HF9g-P5,,,,X 全窗基线 · 不参与实体赏罚,8397123,840,A168_HF9F_20260827_0900,2026-08-27 09:00:00
2026-06-25,54653530,1318,0,5.1431069509,5.1431069509,5.1431069509,1.0000000,1,1,0.49324550000000000,0.493245500000,1.01360149184955,1.01360149184955,1.01360149184955,0E-17,ELIGIBLE,R03b_20260811_FULL_v1,L1_ELIGIBILITY,v2026-08-11,2026-03-21..2026-08-06,baccarat_bet02_101_all_pairs_incl_sentinel,round_win = game_pnl > 0 (decisive only),COMPATIBILITY_ONLY_NOT_PRODUCTION,53571.4227,48249.4483,483.2383,5739,5738,-0.00902045,-0.00297427,-0.01061372,-0.00902045,-483.2383,53571.4227,OK,0.0000,19.3295,4.0000,96.0000,AG03-UNRESOLVED,ALL5_LEVELS_bet23_to_bet27,19.3295,19.3295,24.1619,0.0000,0.0000,4.000000,4.000000,5.000000,0.000000,0.000000,96.000000,96.000000,95.000000,100.000000,100.000000,5.0,62.8210,60.1535,420.4173,423.0848,PENDING_AG03,FALSE,NOT_FOR_ENFORCEMENT,463.9088,46319.4703,483.2383,463.9088,19.3295,0.00902045,0.00865963,19.3295,463.9088,0.00865963,19.3295,19.3295,24.1619,0.0000,0.0000,463.9088,0.00865963,62.8210,60.1535,420.4173,423.0848,0.00784779,0.00789758,0.00036082,9.3346,8.4088,0.0842,5.5545,0.2517,615.7635,65.9540,8.3255,9.6426,5.1431,5.1891,8.2617,16.7816,25.8881,44.2602,5.1891,0.0,4.9889,8.529385,1.798876,29,193,98,2,0.20855820,0.00902045,0.00297427,0E-8,0.000000,0.900656,0.000000,0.00763944,2026-03-21,2026-08-06,87,1920,882,139,0.625899,0.863400,0.891889,0.695194,,,,,,,,GLOBAL_BASELINE_NO_ENTITY_RANKING,,,NOT_APPLICABLE_GLOBAL_BASELINE,HF9g-P5,,,,X 全窗基线 · 不参与实体赏罚,8397124,840,A168_HF9F_20260827_0900,2026-08-27 09:00:00
2026-06-25,54653530,1383,0,5.1431069509,5.1431069509,5.1431069509,1.0000000,1,1,0.49324550000000000,0.493245500000,1.01360149184955,1.01360149184955,1.01360149184955,0E-17,ELIGIBLE,R03b_20260811_FULL_v1,L1_ELIGIBILITY,v2026-08-11,2026-03-21..2026-08-06,baccarat_bet02_101_all_pairs_incl_sentinel,round_win = game_pnl > 0 (decisive only),COMPATIBILITY_ONLY_NOT_PRODUCTION,53571.4227,48249.4483,483.2383,5739,5738,-0.00902045,-0.00297427,-0.01061372,-0.00902045,-483.2383,53571.4227,OK,0.0000,19.3295,4.0000,96.0000,AG03-UNRESOLVED,ALL5_LEVELS_bet23_to_bet27,19.3295,19.3295,24.1619,0.0000,0.0000,4.000000,4.000000,5.000000,0.000000,0.000000,96.000000,96.000000,95.000000,100.000000,100.000000,5.0,62.8210,60.1535,420.4173,423.0848,PENDING_AG03,FALSE,NOT_FOR_ENFORCEMENT,463.9088,46319.4703,483.2383,463.9088,19.3295,0.00902045,0.00865963,19.3295,463.9088,0.00865963,19.3295,19.3295,24.1619,0.0000,0.0000,463.9088,0.00865963,62.8210,60.1535,420.4173,423.0848,0.00784779,0.00789758,0.00036082,9.3346,8.4088,0.0842,5.5545,0.2517,615.7635,65.9540,8.3255,9.6426,5.1431,5.1891,8.2617,16.7816,25.8881,44.2602,5.1891,0.0,4.9889,8.529385,1.798876,29,193,98,2,0.20855820,0.00902045,0.00297427,0E-8,0.000000,0.900656,0.000000,0.00763944,2026-03-21,2026-08-06,87,1920,882,139,0.625899,0.863400,0.891889,0.695194,,,,,,,,GLOBAL_BASELINE_NO_ENTITY_RANKING,,,NOT_APPLICABLE_GLOBAL_BASELINE,HF9g-P5,,,,X 全窗基线 · 不参与实体赏罚,8397125,840,A168_HF9F_20260827_0900,2026-08-27 09:00:00
2026-06-25,54653530,1485,0,10.2862139018,9.7719032068,9.7719032068,1.0000000,2,2,0.50665070000000000,0.506650700000,1.3955260008387969,1.3955260008387969,1.3955260008387969,0E-17,ELIGIBLE,R03b_20260811_FULL_v1,L1_ELIGIBILITY,v2026-08-11,2026-03-21..2026-08-06,baccarat_bet02_101_all_pairs_incl_sentinel,round_win = game_pnl > 0 (decisive only),COMPATIBILITY_ONLY_NOT_PRODUCTION,53571.4227,48249.4483,483.2383,5739,5738,-0.00902045,-0.00297427,-0.01061372,-0.00902045,-483.2383,53571.4227,OK,0.0000,19.3295,4.0000,96.0000,AG03-UNRESOLVED,ALL5_LEVELS_bet23_to_bet27,19.3295,19.3295,24.1619,0.0000,0.0000,4.000000,4.000000,5.000000,0.000000,0.000000,96.000000,96.000000,95.000000,100.000000,100.000000,5.0,62.8210,60.1535,420.4173,423.0848,PENDING_AG03,FALSE,NOT_FOR_ENFORCEMENT,463.9088,46319.4703,483.2383,463.9088,19.3295,0.00902045,0.00865963,19.3295,463.9088,0.00865963,19.3295,19.3295,24.1619,0.0000,0.0000,463.9088,0.00865963,62.8210,60.1535,420.4173,423.0848,0.00784779,0.00789758,0.00036082,9.3346,8.4088,0.0842,5.5545,0.2517,615.7635,65.9540,8.3255,9.6426,5.1431,5.1891,8.2617,16.7816,25.8881,44.2602,5.1891,0.0,4.9889,8.529385,1.798876,29,193,98,2,0.20855820,0.00902045,0.00297427,0E-8,0.000000,0.900656,0.000000,0.00763944,2026-03-21,2026-08-06,87,1920,882,139,0.625899,0.863400,0.891889,0.695194,,,,,,,,GLOBAL_BASELINE_NO_ENTITY_RANKING,,,NOT_APPLICABLE_GLOBAL_BASELINE,HF9g-P5,,,,X 全窗基线 · 不参与实体赏罚,8397126,840,A168_HF9F_20260827_0900,2026-08-27 09:00:00
2026-06-25,54653530,2101,0,75.0893614833,19.4666598092,19.4666598092,0.6666667,5,5,0.50665070000000000,0.506650700000,0.5543606114942035,0.5543606114942035,0.5543606114942035,0E-17,ELIGIBLE,R03b_20260811_FULL_v1,L1_ELIGIBILITY,v2026-08-11,2026-03-21..2026-08-06,baccarat_bet02_101_all_pairs_incl_sentinel,round_win = game_pnl > 0 (decisive only),COMPATIBILITY_ONLY_NOT_PRODUCTION,53571.4227,48249.4483,483.2383,5739,5738,-0.00902045,-0.00297427,-0.01061372,-0.00902045,-483.2383,53571.4227,OK,0.0000,19.3295,4.0000,96.0000,AG03-UNRESOLVED,ALL5_LEVELS_bet23_to_bet27,19.3295,19.3295,24.1619,0.0000,0.0000,4.000000,4.000000,5.000000,0.000000,0.000000,96.000000,96.000000,95.000000,100.000000,100.000000,5.0,62.8210,60.1535,420.4173,423.0848,PENDING_AG03,FALSE,NOT_FOR_ENFORCEMENT,463.9088,46319.4703,483.2383,463.9088,19.3295,0.00902045,0.00865963,19.3295,463.9088,0.00865963,19.3295,19.3295,24.1619,0.0000,0.0000,463.9088,0.00865963,62.8210,60.1535,420.4173,423.0848,0.00784779,0.00789758,0.00036082,9.3346,8.4088,0.0842,5.5545,0.2517,615.7635,65.9540,8.3255,9.6426,5.1431,5.1891,8.2617,16.7816,25.8881,44.2602,5.1891,0.0,4.9889,8.529385,1.798876,29,193,98,2,0.20855820,0.00902045,0.00297427,0E-8,0.000000,0.900656,0.000000,0.00763944,2026-03-21,2026-08-06,87,1920,882,139,0.625899,0.863400,0.891889,0.695194,,,,,,,,GLOBAL_BASELINE_NO_ENTITY_RANKING,,,NOT_APPLICABLE_GLOBAL_BASELINE,HF9g-P5,,,,X 全窗基线 · 不参与实体赏罚,8397127,840,A168_HF9F_20260827_0900,2026-08-27 09:00:00
2026-06-25,54653530,2123,0,5.1431069509,4.8859516034,4.8859516034,1.0000000,1,1,0.50665070000000000,0.506650700000,0.9867858985152569,0.9867858985152569,0.9867858985152569,0E-17,ELIGIBLE,R03b_20260811_FULL_v1,L1_ELIGIBILITY,v2026-08-11,2026-03-21..2026-08-06,baccarat_bet02_101_all_pairs_incl_sentinel,round_win = game_pnl > 0 (decisive only),COMPATIBILITY_ONLY_NOT_PRODUCTION,53571.4227,48249.4483,483.2383,5739,5738,-0.00902045,-0.00297427,-0.01061372,-0.00902045,-483.2383,53571.4227,OK,0.0000,19.3295,4.0000,96.0000,AG03-UNRESOLVED,ALL5_LEVELS_bet23_to_bet27,19.3295,19.3295,24.1619,0.0000,0.0000,4.000000,4.000000,5.000000,0.000000,0.000000,96.000000,96.000000,95.000000,100.000000,100.000000,5.0,62.8210,60.1535,420.4173,423.0848,PENDING_AG03,FALSE,NOT_FOR_ENFORCEMENT,463.9088,46319.4703,483.2383,463.9088,19.3295,0.00902045,0.00865963,19.3295,463.9088,0.00865963,19.3295,19.3295,24.1619,0.0000,0.0000,463.9088,0.00865963,62.8210,60.1535,420.4173,423.0848,0.00784779,0.00789758,0.00036082,9.3346,8.4088,0.0842,5.5545,0.2517,615.7635,65.9540,8.3255,9.6426,5.1431,5.1891,8.2617,16.7816,25.8881,44.2602,5.1891,0.0,4.9889,8.529385,1.798876,29,193,98,2,0.20855820,0.00902045,0.00297427,0E-8,0.000000,0.900656,0.000000,0.00763944,2026-03-21,2026-08-06,87,1920,882,139,0.625899,0.863400,0.891889,0.695194,,,,,,,,GLOBAL_BASELINE_NO_ENTITY_RANKING,,,NOT_APPLICABLE_GLOBAL_BASELINE,HF9g-P5,,,,X 全窗基线 · 不参与实体赏罚,8397128,840,A168_HF9F_20260827_0900,2026-08-27 09:00:00
2026-06-25,54653530,2224,0,18.0008743282,7.4575050789,7.4575050789,0.6666667,3,3,0.49771390000000000,0.497713900000,0.5852756695216578,0.5852756695216578,0.5852756695216578,0E-17,ELIGIBLE,R03b_20260811_FULL_v1,L1_ELIGIBILITY,v2026-08-11,2026-03-21..2026-08-06,baccarat_bet02_101_all_pairs_incl_sentinel,round_win = game_pnl > 0 (decisive only),COMPATIBILITY_ONLY_NOT_PRODUCTION,53571.4227,48249.4483,483.2383,5739,5738,-0.00902045,-0.00297427,-0.01061372,-0.00902045,-483.2383,53571.4227,OK,0.0000,19.3295,4.0000,96.0000,AG03-UNRESOLVED,ALL5_LEVELS_bet23_to_bet27,19.3295,19.3295,24.1619,0.0000,0.0000,4.000000,4.000000,5.000000,0.000000,0.000000,96.000000,96.000000,95.000000,100.000000,100.000000,5.0,62.8210,60.1535,420.4173,423.0848,PENDING_AG03,FALSE,NOT_FOR_ENFORCEMENT,463.9088,46319.4703,483.2383,463.9088,19.3295,0.00902045,0.00865963,19.3295,463.9088,0.00865963,19.3295,19.3295,24.1619,0.0000,0.0000,463.9088,0.00865963,62.8210,60.1535,420.4173,423.0848,0.00784779,0.00789758,0.00036082,9.3346,8.4088,0.0842,5.5545,0.2517,615.7635,65.9540,8.3255,9.6426,5.1431,5.1891,8.2617,16.7816,25.8881,44.2602,5.1891,0.0,4.9889,8.529385,1.798876,29,193,98,2,0.20855820,0.00902045,0.00297427,0E-8,0.000000,0.900656,0.000000,0.00763944,2026-03-21,2026-08-06,87,1920,882,139,0.625899,0.863400,0.891889,0.695194,,,,,,,,GLOBAL_BASELINE_NO_ENTITY_RANKING,,,NOT_APPLICABLE_GLOBAL_BASELINE,HF9g-P5,,,,X 全窗基线 · 不参与实体赏罚,8397129,840,A168_HF9F_20260827_0900,2026-08-27 09:00:00
2026-06-25,54653530,583,0,5.1431069509,5.1431069509,5.1431069509,1.0000000,1,1,0.49324550000000000,0.493245500000,1.01360149184955,1.01360149184955,1.01360149184955,0E-17,ELIGIBLE,R03b_20260811_FULL_v1,L1_ELIGIBILITY,v2026-08-11,2026-03-21..2026-08-06,baccarat_bet02_101_all_pairs_incl_sentinel,round_win = game_pnl > 0 (decisive only),COMPATIBILITY_ONLY_NOT_PRODUCTION,53571.4227,48249.4483,483.2383,5739,5738,-0.00902045,-0.00297427,-0.01061372,-0.00902045,-483.2383,53571.4227,OK,0.0000,19.3295,4.0000,96.0000,AG03-UNRESOLVED,ALL5_LEVELS_bet23_to_bet27,19.3295,19.3295,24.1619,0.0000,0.0000,4.000000,4.000000,5.000000,0.000000,0.000000,96.000000,96.000000,95.000000,100.000000,100.000000,5.0,62.8210,60.1535,420.4173,423.0848,PENDING_AG03,FALSE,NOT_FOR_ENFORCEMENT,463.9088,46319.4703,483.2383,463.9088,19.3295,0.00902045,0.00865963,19.3295,463.9088,0.00865963,19.3295,19.3295,24.1619,0.0000,0.0000,463.9088,0.00865963,62.8210,60.1535,420.4173,423.0848,0.00784779,0.00789758,0.00036082,9.3346,8.4088,0.0842,5.5545,0.2517,615.7635,65.9540,8.3255,9.6426,5.1431,5.1891,8.2617,16.7816,25.8881,44.2602,5.1891,0.0,4.9889,8.529385,1.798876,29,193,98,2,0.20855820,0.00902045,0.00297427,0E-8,0.000000,0.900656,0.000000,0.00763944,2026-03-21,2026-08-06,87,1920,882,139,0.625899,0.863400,0.891889,0.695194,,,,,,,,GLOBAL_BASELINE_NO_ENTITY_RANKING,,,NOT_APPLICABLE_GLOBAL_BASELINE,HF9g-P5,,,,X 全窗基线 · 不参与实体赏罚,8397130,840,A168_HF9F_20260827_0900,2026-08-27 09:00:00
2026-06-25,54653530,763,0,115.7199063955,10.9676755728,10.9676755728,0.2500000,5,5,0.50665070000000000,0.506650700000,-1.0266936290537745,-1.0266936290537745,-1.0266936290537745,0E-17,ELIGIBLE,R03b_20260811_FULL_v1,L1_ELIGIBILITY,v2026-08-11,2026-03-21..2026-08-06,baccarat_bet02_101_all_pairs_incl_sentinel,round_win = game_pnl > 0 (decisive only),COMPATIBILITY_ONLY_NOT_PRODUCTION,53571.4227,48249.4483,483.2383,5739,5738,-0.00902045,-0.00297427,-0.01061372,-0.00902045,-483.2383,53571.4227,OK,0.0000,19.3295,4.0000,96.0000,AG03-UNRESOLVED,ALL5_LEVELS_bet23_to_bet27,19.3295,19.3295,24.1619,0.0000,0.0000,4.000000,4.000000,5.000000,0.000000,0.000000,96.000000,96.000000,95.000000,100.000000,100.000000,5.0,62.8210,60.1535,420.4173,423.0848,PENDING_AG03,FALSE,NOT_FOR_ENFORCEMENT,463.9088,46319.4703,483.2383,463.9088,19.3295,0.00902045,0.00865963,19.3295,463.9088,0.00865963,19.3295,19.3295,24.1619,0.0000,0.0000,463.9088,0.00865963,62.8210,60.1535,420.4173,423.0848,0.00784779,0.00789758,0.00036082,9.3346,8.4088,0.0842,5.5545,0.2517,615.7635,65.9540,8.3255,9.6426,5.1431,5.1891,8.2617,16.7816,25.8881,44.2602,5.1891,0.0,4.9889,8.529385,1.798876,29,193,98,2,0.20855820,0.00902045,0.00297427,0E-8,0.000000,0.900656,0.000000,0.00763944,2026-03-21,2026-08-06,87,1920,882,139,0.625899,0.863400,0.891889,0.695194,,,,,,,,GLOBAL_BASELINE_NO_ENTITY_RANKING,,,NOT_APPLICABLE_GLOBAL_BASELINE,HF9g-P5,,,,X 全窗基线 · 不参与实体赏罚,8397131,840,A168_HF9F_20260827_0900,2026-08-27 09:00:00
2026-06-25,54653530,948,0,15.4293208527,10.2862139018,10.2862139018,1.0000000,3,3,0.49324550000000000,0.493245500000,1.4334489766152358,1.4334489766152358,1.4334489766152358,0E-17,ELIGIBLE,R03b_20260811_FULL_v1,L1_ELIGIBILITY,v2026-08-11,2026-03-21..2026-08-06,baccarat_bet02_101_all_pairs_incl_sentinel,round_win = game_pnl > 0 (decisive only),COMPATIBILITY_ONLY_NOT_PRODUCTION,53571.4227,48249.4483,483.2383,5739,5738,-0.00902045,-0.00297427,-0.01061372,-0.00902045,-483.2383,53571.4227,OK,0.0000,19.3295,4.0000,96.0000,AG03-UNRESOLVED,ALL5_LEVELS_bet23_to_bet27,19.3295,19.3295,24.1619,0.0000,0.0000,4.000000,4.000000,5.000000,0.000000,0.000000,96.000000,96.000000,95.000000,100.000000,100.000000,5.0,62.8210,60.1535,420.4173,423.0848,PENDING_AG03,FALSE,NOT_FOR_ENFORCEMENT,463.9088,46319.4703,483.2383,463.9088,19.3295,0.00902045,0.00865963,19.3295,463.9088,0.00865963,19.3295,19.3295,24.1619,0.0000,0.0000,463.9088,0.00865963,62.8210,60.1535,420.4173,423.0848,0.00784779,0.00789758,0.00036082,9.3346,8.4088,0.0842,5.5545,0.2517,615.7635,65.9540,8.3255,9.6426,5.1431,5.1891,8.2617,16.7816,25.8881,44.2602,5.1891,0.0,4.9889,8.529385,1.798876,29,193,98,2,0.20855820,0.00902045,0.00297427,0E-8,0.000000,0.900656,0.000000,0.00763944,2026-03-21,2026-08-06,87,1920,882,139,0.625899,0.863400,0.891889,0.695194,,,,,,,,GLOBAL_BASELINE_NO_ENTITY_RANKING,,,NOT_APPLICABLE_GLOBAL_BASELINE,HF9g-P5,,,,X 全窗基线 · 不参与实体赏罚,8397132,840,A168_HF9F_20260827_0900,2026-08-27 09:00:00
2026-06-25,54653530,970,0,150.9501890093,-5.1945380205,-5.1945380205,0.2727273,12,12,0.50329940000000000,0.503299400000,-1.5294757667877805,-1.5294757667877807,-1.5294757667877805,0E-17,ELIGIBLE,R03b_20260811_FULL_v1,L1_ELIGIBILITY,v2026-08-11,2026-03-21..2026-08-06,baccarat_bet02_101_all_pairs_incl_sentinel,round_win = game_pnl > 0 (decisive only),COMPATIBILITY_ONLY_NOT_PRODUCTION,53571.4227,48249.4483,483.2383,5739,5738,-0.00902045,-0.00297427,-0.01061372,-0.00902045,-483.2383,53571.4227,OK,0.0000,19.3295,4.0000,96.0000,AG03-UNRESOLVED,ALL5_LEVELS_bet23_to_bet27,19.3295,19.3295,24.1619,0.0000,0.0000,4.000000,4.000000,5.000000,0.000000,0.000000,96.000000,96.000000,95.000000,100.000000,100.000000,5.0,62.8210,60.1535,420.4173,423.0848,PENDING_AG03,FALSE,NOT_FOR_ENFORCEMENT,463.9088,46319.4703,483.2383,463.9088,19.3295,0.00902045,0.00865963,19.3295,463.9088,0.00865963,19.3295,19.3295,24.1619,0.0000,0.0000,463.9088,0.00865963,62.8210,60.1535,420.4173,423.0848,0.00784779,0.00789758,0.00036082,9.3346,8.4088,0.0842,5.5545,0.2517,615.7635,65.9540,8.3255,9.6426,5.1431,5.1891,8.2617,16.7816,25.8881,44.2602,5.1891,0.0,4.9889,8.529385,1.798876,29,193,98,2,0.20855820,0.00902045,0.00297427,0E-8,0.000000,0.900656,0.000000,0.00763944,2026-03-21,2026-08-06,87,1920,882,139,0.625899,0.863400,0.891889,0.695194,,,,,,,,GLOBAL_BASELINE_NO_ENTITY_RANKING,,,NOT_APPLICABLE_GLOBAL_BASELINE,HF9g-P5,,,,X 全窗基线 · 不参与实体赏罚,8397133,840,A168_HF9F_20260827_0900,2026-08-27 09:00:00
2026-06-25,54653530,994,0,10.2862139018,4.8859516034,4.8859516034,1.0000000,2,2,0.50665070000000000,0.506650700000,0.9867858985152569,0.9867858985152569,0.9867858985152569,0E-17,ELIGIBLE,R03b_20260811_FULL_v1,L1_ELIGIBILITY,v2026-08-11,2026-03-21..2026-08-06,baccarat_bet02_101_all_pairs_incl_sentinel,round_win = game_pnl > 0 (decisive only),COMPATIBILITY_ONLY_NOT_PRODUCTION,53571.4227,48249.4483,483.2383,5739,5738,-0.00902045,-0.00297427,-0.01061372,-0.00902045,-483.2383,53571.4227,OK,0.0000,19.3295,4.0000,96.0000,AG03-UNRESOLVED,ALL5_LEVELS_bet23_to_bet27,19.3295,19.3295,24.1619,0.0000,0.0000,4.000000,4.000000,5.000000,0.000000,0.000000,96.000000,96.000000,95.000000,100.000000,100.000000,5.0,62.8210,60.1535,420.4173,423.0848,PENDING_AG03,FALSE,NOT_FOR_ENFORCEMENT,463.9088,46319.4703,483.2383,463.9088,19.3295,0.00902045,0.00865963,19.3295,463.9088,0.00865963,19.3295,19.3295,24.1619,0.0000,0.0000,463.9088,0.00865963,62.8210,60.1535,420.4173,423.0848,0.00784779,0.00789758,0.00036082,9.3346,8.4088,0.0842,5.5545,0.2517,615.7635,65.9540,8.3255,9.6426,5.1431,5.1891,8.2617,16.7816,25.8881,44.2602,5.1891,0.0,4.9889,8.529385,1.798876,29,193,98,2,0.20855820,0.00902045,0.00297427,0E-8,0.000000,0.900656,0.000000,0.00763944,2026-03-21,2026-08-06,87,1920,882,139,0.625899,0.863400,0.891889,0.695194,,,,,,,,GLOBAL_BASELINE_NO_ENTITY_RANKING,,,NOT_APPLICABLE_GLOBAL_BASELINE,HF9g-P5,,,,X 全窗基线 · 不参与实体赏罚,8397134,840,A168_HF9F_20260827_0900,2026-08-27 09:00:00
2026-06-26,54653530,-1,1,10.2862139018,9.7719032068,9.7719032068,1.0000000,2,2,0.50665070000000000,0.506650700000,1.3955260008387969,1.3955260008387969,1.3955260008387969,0E-17,SENTINEL_DEALER,R03b_20260811_FULL_v1,L1_ELIGIBILITY,v2026-08-11,2026-03-21..2026-08-06,baccarat_bet02_101_all_pairs_incl_sentinel,round_win = game_pnl > 0 (decisive only),COMPATIBILITY_ONLY_NOT_PRODUCTION,53571.4227,48249.4483,483.2383,5739,5738,-0.00902045,-0.00297427,-0.01061372,-0.00902045,-483.2383,53571.4227,OK,0.0000,19.3295,4.0000,96.0000,AG03-UNRESOLVED,ALL5_LEVELS_bet23_to_bet27,19.3295,19.3295,24.1619,0.0000,0.0000,4.000000,4.000000,5.000000,0.000000,0.000000,96.000000,96.000000,95.000000,100.000000,100.000000,5.0,62.8210,60.1535,420.4173,423.0848,PENDING_AG03,FALSE,NOT_FOR_ENFORCEMENT,463.9088,46319.4703,483.2383,463.9088,19.3295,0.00902045,0.00865963,19.3295,463.9088,0.00865963,19.3295,19.3295,24.1619,0.0000,0.0000,463.9088,0.00865963,62.8210,60.1535,420.4173,423.0848,0.00784779,0.00789758,0.00036082,9.3346,8.4088,0.0842,5.5545,0.2517,615.7635,65.9540,8.3255,9.6426,5.1431,5.1891,8.2617,16.7816,25.8881,44.2602,5.1891,0.0,4.9889,8.529385,1.798876,29,193,98,2,0.20855820,0.00902045,0.00297427,0E-8,0.000000,0.900656,0.000000,0.00763944,2026-03-21,2026-08-06,87,1920,882,139,0.625899,0.863400,0.891889,0.695194,,,,,,,,GLOBAL_BASELINE_NO_ENTITY_RANKING,,,NOT_APPLICABLE_GLOBAL_BASELINE,HF9g-P5,,,,X 全窗基线 · 不参与实体赏罚,8397135,840,A168_HF9F_20260827_0900,2026-08-27 09:00:00
2026-06-26,54653530,1004,0,51.9453802043,8.2289711215,8.2289711215,0.5000000,5,5,0.49860758000000000,0.498607580000,0.005569701597489473,0.005569701597489473,0.005569701597489473,0E-17,ELIGIBLE,R03b_20260811_FULL_v1,L1_ELIGIBILITY,v2026-08-11,2026-03-21..2026-08-06,baccarat_bet02_101_all_pairs_incl_sentinel,round_win = game_pnl > 0 (decisive only),COMPATIBILITY_ONLY_NOT_PRODUCTION,53571.4227,48249.4483,483.2383,5739,5738,-0.00902045,-0.00297427,-0.01061372,-0.00902045,-483.2383,53571.4227,OK,0.0000,19.3295,4.0000,96.0000,AG03-UNRESOLVED,ALL5_LEVELS_bet23_to_bet27,19.3295,19.3295,24.1619,0.0000,0.0000,4.000000,4.000000,5.000000,0.000000,0.000000,96.000000,96.000000,95.000000,100.000000,100.000000,5.0,62.8210,60.1535,420.4173,423.0848,PENDING_AG03,FALSE,NOT_FOR_ENFORCEMENT,463.9088,46319.4703,483.2383,463.9088,19.3295,0.00902045,0.00865963,19.3295,463.9088,0.00865963,19.3295,19.3295,24.1619,0.0000,0.0000,463.9088,0.00865963,62.8210,60.1535,420.4173,423.0848,0.00784779,0.00789758,0.00036082,9.3346,8.4088,0.0842,5.5545,0.2517,615.7635,65.9540,8.3255,9.6426,5.1431,5.1891,8.2617,16.7816,25.8881,44.2602,5.1891,0.0,4.9889,8.529385,1.798876,29,193,98,2,0.20855820,0.00902045,0.00297427,0E-8,0.000000,0.900656,0.000000,0.00763944,2026-03-21,2026-08-06,87,1920,882,139,0.625899,0.863400,0.891889,0.695194,,,,,,,,GLOBAL_BASELINE_NO_ENTITY_RANKING,,,NOT_APPLICABLE_GLOBAL_BASELINE,HF9g-P5,,,,X 全窗基线 · 不参与实体赏罚,8397136,840,A168_HF9F_20260827_0900,2026-08-27 09:00:00
2026-06-26,54653530,1299,0,54.0026229845,7.4575050788,7.4575050788,0.5000000,6,6,0.49994810000000000,0.499948100000,0.00020760000111838688,0.00020760000111838688,0.00020760000111838688,0E-17,ELIGIBLE,R03b_20260811_FULL_v1,L1_ELIGIBILITY,v2026-08-11,2026-03-21..2026-08-06,baccarat_bet02_101_all_pairs_incl_sentinel,round_win = game_pnl > 0 (decisive only),COMPATIBILITY_ONLY_NOT_PRODUCTION,53571.4227,48249.4483,483.2383,5739,5738,-0.00902045,-0.00297427,-0.01061372,-0.00902045,-483.2383,53571.4227,OK,0.0000,19.3295,4.0000,96.0000,AG03-UNRESOLVED,ALL5_LEVELS_bet23_to_bet27,19.3295,19.3295,24.1619,0.0000,0.0000,4.000000,4.000000,5.000000,0.000000,0.000000,96.000000,96.000000,95.000000,100.000000,100.000000,5.0,62.8210,60.1535,420.4173,423.0848,PENDING_AG03,FALSE,NOT_FOR_ENFORCEMENT,463.9088,46319.4703,483.2383,463.9088,19.3295,0.00902045,0.00865963,19.3295,463.9088,0.00865963,19.3295,19.3295,24.1619,0.0000,0.0000,463.9088,0.00865963,62.8210,60.1535,420.4173,423.0848,0.00784779,0.00789758,0.00036082,9.3346,8.4088,0.0842,5.5545,0.2517,615.7635,65.9540,8.3255,9.6426,5.1431,5.1891,8.2617,16.7816,25.8881,44.2602,5.1891,0.0,4.9889,8.529385,1.798876,29,193,98,2,0.20855820,0.00902045,0.00297427,0E-8,0.000000,0.900656,0.000000,0.00763944,2026-03-21,2026-08-06,87,1920,882,139,0.625899,0.863400,0.891889,0.695194,,,,,,,,GLOBAL_BASELINE_NO_ENTITY_RANKING,,,NOT_APPLICABLE_GLOBAL_BASELINE,HF9g-P5,,,,X 全窗基线 · 不参与实体赏罚,8397137,840,A168_HF9F_20260827_0900,2026-08-27 09:00:00
2026-06-26,54653530,1307,0,58.1171085453,19.9938282717,19.9938282717,0.5714286,7,7,0.50282064285714286,0.502820642857,0.36304481076852674,0.3630448107692821,0.36304481076852674,1.4286E-13,ELIGIBLE,R03b_20260811_FULL_v1,L1_ELIGIBILITY,v2026-08-11,2026-03-21..2026-08-06,baccarat_bet02_101_all_pairs_incl_sentinel,round_win = game_pnl > 0 (decisive only),COMPATIBILITY_ONLY_NOT_PRODUCTION,53571.4227,48249.4483,483.2383,5739,5738,-0.00902045,-0.00297427,-0.01061372,-0.00902045,-483.2383,53571.4227,OK,0.0000,19.3295,4.0000,96.0000,AG03-UNRESOLVED,ALL5_LEVELS_bet23_to_bet27,19.3295,19.3295,24.1619,0.0000,0.0000,4.000000,4.000000,5.000000,0.000000,0.000000,96.000000,96.000000,95.000000,100.000000,100.000000,5.0,62.8210,60.1535,420.4173,423.0848,PENDING_AG03,FALSE,NOT_FOR_ENFORCEMENT,463.9088,46319.4703,483.2383,463.9088,19.3295,0.00902045,0.00865963,19.3295,463.9088,0.00865963,19.3295,19.3295,24.1619,0.0000,0.0000,463.9088,0.00865963,62.8210,60.1535,420.4173,423.0848,0.00784779,0.00789758,0.00036082,9.3346,8.4088,0.0842,5.5545,0.2517,615.7635,65.9540,8.3255,9.6426,5.1431,5.1891,8.2617,16.7816,25.8881,44.2602,5.1891,0.0,4.9889,8.529385,1.798876,29,193,98,2,0.20855820,0.00902045,0.00297427,0E-8,0.000000,0.900656,0.000000,0.00763944,2026-03-21,2026-08-06,87,1920,882,139,0.625899,0.863400,0.891889,0.695194,,,,,,,,GLOBAL_BASELINE_NO_ENTITY_RANKING,,,NOT_APPLICABLE_GLOBAL_BASELINE,HF9g-P5,,,,X 全窗基线 · 不参与实体赏罚,8397138,840,A168_HF9F_20260827_0900,2026-08-27 09:00:00
2026-06-26,54653530,1325,0,10.2862139018,-5.1431069509,-5.1431069509,0E-7,2,2,0.50665070000000000,0.506650700000,-1.013391052207602,-1.013391052207602,-1.013391052207602,0E-17,ELIGIBLE,R03b_20260811_FULL_v1,L1_ELIGIBILITY,v2026-08-11,2026-03-21..2026-08-06,baccarat_bet02_101_all_pairs_incl_sentinel,round_win = game_pnl > 0 (decisive only),COMPATIBILITY_ONLY_NOT_PRODUCTION,53571.4227,48249.4483,483.2383,5739,5738,-0.00902045,-0.00297427,-0.01061372,-0.00902045,-483.2383,53571.4227,OK,0.0000,19.3295,4.0000,96.0000,AG03-UNRESOLVED,ALL5_LEVELS_bet23_to_bet27,19.3295,19.3295,24.1619,0.0000,0.0000,4.000000,4.000000,5.000000,0.000000,0.000000,96.000000,96.000000,95.000000,100.000000,100.000000,5.0,62.8210,60.1535,420.4173,423.0848,PENDING_AG03,FALSE,NOT_FOR_ENFORCEMENT,463.9088,46319.4703,483.2383,463.9088,19.3295,0.00902045,0.00865963,19.3295,463.9088,0.00865963,19.3295,19.3295,24.1619,0.0000,0.0000,463.9088,0.00865963,62.8210,60.1535,420.4173,423.0848,0.00784779,0.00789758,0.00036082,9.3346,8.4088,0.0842,5.5545,0.2517,615.7635,65.9540,8.3255,9.6426,5.1431,5.1891,8.2617,16.7816,25.8881,44.2602,5.1891,0.0,4.9889,8.529385,1.798876,29,193,98,2,0.20855820,0.00902045,0.00297427,0E-8,0.000000,0.900656,0.000000,0.00763944,2026-03-21,2026-08-06,87,1920,882,139,0.625899,0.863400,0.891889,0.695194,,,,,,,,GLOBAL_BASELINE_NO_ENTITY_RANKING,,,NOT_APPLICABLE_GLOBAL_BASELINE,HF9g-P5,,,,X 全窗基线 · 不参与实体赏罚,8397139,840,A168_HF9F_20260827_0900,2026-08-27 09:00:00
2026-06-26,54653530,1330,0,10.2862139018,10.0290585543,10.0290585543,1.0000000,2,2,0.49994810000000000,0.499948100000,1.4143603653603398,1.4143603653603398,1.4143603653603398,0E-17,ELIGIBLE,R03b_20260811_FULL_v1,L1_ELIGIBILITY,v2026-08-11,2026-03-21..2026-08-06,baccarat_bet02_101_all_pairs_incl_sentinel,round_win = game_pnl > 0 (decisive only),COMPATIBILITY_ONLY_NOT_PRODUCTION,53571.4227,48249.4483,483.2383,5739,5738,-0.00902045,-0.00297427,-0.01061372,-0.00902045,-483.2383,53571.4227,OK,0.0000,19.3295,4.0000,96.0000,AG03-UNRESOLVED,ALL5_LEVELS_bet23_to_bet27,19.3295,19.3295,24.1619,0.0000,0.0000,4.000000,4.000000,5.000000,0.000000,0.000000,96.000000,96.000000,95.000000,100.000000,100.000000,5.0,62.8210,60.1535,420.4173,423.0848,PENDING_AG03,FALSE,NOT_FOR_ENFORCEMENT,463.9088,46319.4703,483.2383,463.9088,19.3295,0.00902045,0.00865963,19.3295,463.9088,0.00865963,19.3295,19.3295,24.1619,0.0000,0.0000,463.9088,0.00865963,62.8210,60.1535,420.4173,423.0848,0.00784779,0.00789758,0.00036082,9.3346,8.4088,0.0842,5.5545,0.2517,615.7635,65.9540,8.3255,9.6426,5.1431,5.1891,8.2617,16.7816,25.8881,44.2602,5.1891,0.0,4.9889,8.529385,1.798876,29,193,98,2,0.20855820,0.00902045,0.00297427,0E-8,0.000000,0.900656,0.000000,0.00763944,2026-03-21,2026-08-06,87,1920,882,139,0.625899,0.863400,0.891889,0.695194,,,,,,,,GLOBAL_BASELINE_NO_ENTITY_RANKING,,,NOT_APPLICABLE_GLOBAL_BASELINE,HF9g-P5,,,,X 全窗基线 · 不参与实体赏罚,8397140,840,A168_HF9F_20260827_0900,2026-08-27 09:00:00
2026-06-26,54653530,1383,0,15.4293208527,9.7719032068,9.7719032068,1.0000000,3,3,0.50218230000000000,0.502182300000,1.4080544974538591,1.4080544974538591,1.4080544974538591,0E-17,ELIGIBLE,R03b_20260811_FULL_v1,L1_ELIGIBILITY,v2026-08-11,2026-03-21..2026-08-06,baccarat_bet02_101_all_pairs_incl_sentinel,round_win = game_pnl > 0 (decisive only),COMPATIBILITY_ONLY_NOT_PRODUCTION,53571.4227,48249.4483,483.2383,5739,5738,-0.00902045,-0.00297427,-0.01061372,-0.00902045,-483.2383,53571.4227,OK,0.0000,19.3295,4.0000,96.0000,AG03-UNRESOLVED,ALL5_LEVELS_bet23_to_bet27,19.3295,19.3295,24.1619,0.0000,0.0000,4.000000,4.000000,5.000000,0.000000,0.000000,96.000000,96.000000,95.000000,100.000000,100.000000,5.0,62.8210,60.1535,420.4173,423.0848,PENDING_AG03,FALSE,NOT_FOR_ENFORCEMENT,463.9088,46319.4703,483.2383,463.9088,19.3295,0.00902045,0.00865963,19.3295,463.9088,0.00865963,19.3295,19.3295,24.1619,0.0000,0.0000,463.9088,0.00865963,62.8210,60.1535,420.4173,423.0848,0.00784779,0.00789758,0.00036082,9.3346,8.4088,0.0842,5.5545,0.2517,615.7635,65.9540,8.3255,9.6426,5.1431,5.1891,8.2617,16.7816,25.8881,44.2602,5.1891,0.0,4.9889,8.529385,1.798876,29,193,98,2,0.20855820,0.00902045,0.00297427,0E-8,0.000000,0.900656,0.000000,0.00763944,2026-03-21,2026-08-06,87,1920,882,139,0.625899,0.863400,0.891889,0.695194,,,,,,,,GLOBAL_BASELINE_NO_ENTITY_RANKING,,,NOT_APPLICABLE_GLOBAL_BASELINE,HF9g-P5,,,,X 全窗基线 · 不参与实体赏罚,8397141,840,A168_HF9F_20260827_0900,2026-08-27 09:00:00
2026-06-26,54653530,1400,0,41.9163216499,-26.4870007971,-26.4870007971,0.2000000,5,5,0.50128862000000000,0.501288620000,-1.347408145195933,-1.347408145195933,-1.347408145195933,0E-17,ELIGIBLE,R03b_20260811_FULL_v1,L1_ELIGIBILITY,v2026-08-11,2026-03-21..2026-08-06,baccarat_bet02_101_all_pairs_incl_sentinel,round_win = game_pnl > 0 (decisive only),COMPATIBILITY_ONLY_NOT_PRODUCTION,53571.4227,48249.4483,483.2383,5739,5738,-0.00902045,-0.00297427,-0.01061372,-0.00902045,-483.2383,53571.4227,OK,0.0000,19.3295,4.0000,96.0000,AG03-UNRESOLVED,ALL5_LEVELS_bet23_to_bet27,19.3295,19.3295,24.1619,0.0000,0.0000,4.000000,4.000000,5.000000,0.000000,0.000000,96.000000,96.000000,95.000000,100.000000,100.000000,5.0,62.8210,60.1535,420.4173,423.0848,PENDING_AG03,FALSE,NOT_FOR_ENFORCEMENT,463.9088,46319.4703,483.2383,463.9088,19.3295,0.00902045,0.00865963,19.3295,463.9088,0.00865963,19.3295,19.3295,24.1619,0.0000,0.0000,463.9088,0.00865963,62.8210,60.1535,420.4173,423.0848,0.00784779,0.00789758,0.00036082,9.3346,8.4088,0.0842,5.5545,0.2517,615.7635,65.9540,8.3255,9.6426,5.1431,5.1891,8.2617,16.7816,25.8881,44.2602,5.1891,0.0,4.9889,8.529385,1.798876,29,193,98,2,0.20855820,0.00902045,0.00297427,0E-8,0.000000,0.900656,0.000000,0.00763944,2026-03-21,2026-08-06,87,1920,882,139,0.625899,0.863400,0.891889,0.695194,,,,,,,,GLOBAL_BASELINE_NO_ENTITY_RANKING,,,NOT_APPLICABLE_GLOBAL_BASELINE,HF9g-P5,,,,X 全窗基线 · 不参与实体赏罚,8397142,840,A168_HF9F_20260827_0900,2026-08-27 09:00:00
2026-06-26,54653530,1490,0,28.2870882300,9.5147478593,9.5147478593,0.7500000,5,5,0.50665070000000000,0.506650700000,0.9734833216690844,0.9734833216690844,0.9734833216690844,0E-17,ELIGIBLE,R03b_20260811_FULL_v1,L1_ELIGIBILITY,v2026-08-11,2026-03-21..2026-08-06,baccarat_bet02_101_all_pairs_incl_sentinel,round_win = game_pnl > 0 (decisive only),COMPATIBILITY_ONLY_NOT_PRODUCTION,53571.4227,48249.4483,483.2383,5739,5738,-0.00902045,-0.00297427,-0.01061372,-0.00902045,-483.2383,53571.4227,OK,0.0000,19.3295,4.0000,96.0000,AG03-UNRESOLVED,ALL5_LEVELS_bet23_to_bet27,19.3295,19.3295,24.1619,0.0000,0.0000,4.000000,4.000000,5.000000,0.000000,0.000000,96.000000,96.000000,95.000000,100.000000,100.000000,5.0,62.8210,60.1535,420.4173,423.0848,PENDING_AG03,FALSE,NOT_FOR_ENFORCEMENT,463.9088,46319.4703,483.2383,463.9088,19.3295,0.00902045,0.00865963,19.3295,463.9088,0.00865963,19.3295,19.3295,24.1619,0.0000,0.0000,463.9088,0.00865963,62.8210,60.1535,420.4173,423.0848,0.00784779,0.00789758,0.00036082,9.3346,8.4088,0.0842,5.5545,0.2517,615.7635,65.9540,8.3255,9.6426,5.1431,5.1891,8.2617,16.7816,25.8881,44.2602,5.1891,0.0,4.9889,8.529385,1.798876,29,193,98,2,0.20855820,0.00902045,0.00297427,0E-8,0.000000,0.900656,0.000000,0.00763944,2026-03-21,2026-08-06,87,1920,882,139,0.625899,0.863400,0.891889,0.695194,,,,,,,,GLOBAL_BASELINE_NO_ENTITY_RANKING,,,NOT_APPLICABLE_GLOBAL_BASELINE,HF9g-P5,,,,X 全窗基线 · 不参与实体赏罚,8397143,840,A168_HF9F_20260827_0900,2026-08-27 09:00:00
2026-06-26,54653530,1507,0,5.1431069509,4.8859516034,4.8859516034,1.0000000,1,1,0.50665070000000000,0.506650700000,0.9867858985152569,0.9867858985152569,0.9867858985152569,0E-17,ELIGIBLE,R03b_20260811_FULL_v1,L1_ELIGIBILITY,v2026-08-11,2026-03-21..2026-08-06,baccarat_bet02_101_all_pairs_incl_sentinel,round_win = game_pnl > 0 (decisive only),COMPATIBILITY_ONLY_NOT_PRODUCTION,53571.4227,48249.4483,483.2383,5739,5738,-0.00902045,-0.00297427,-0.01061372,-0.00902045,-483.2383,53571.4227,OK,0.0000,19.3295,4.0000,96.0000,AG03-UNRESOLVED,ALL5_LEVELS_bet23_to_bet27,19.3295,19.3295,24.1619,0.0000,0.0000,4.000000,4.000000,5.000000,0.000000,0.000000,96.000000,96.000000,95.000000,100.000000,100.000000,5.0,62.8210,60.1535,420.4173,423.0848,PENDING_AG03,FALSE,NOT_FOR_ENFORCEMENT,463.9088,46319.4703,483.2383,463.9088,19.3295,0.00902045,0.00865963,19.3295,463.9088,0.00865963,19.3295,19.3295,24.1619,0.0000,0.0000,463.9088,0.00865963,62.8210,60.1535,420.4173,423.0848,0.00784779,0.00789758,0.00036082,9.3346,8.4088,0.0842,5.5545,0.2517,615.7635,65.9540,8.3255,9.6426,5.1431,5.1891,8.2617,16.7816,25.8881,44.2602,5.1891,0.0,4.9889,8.529385,1.798876,29,193,98,2,0.20855820,0.00902045,0.00297427,0E-8,0.000000,0.900656,0.000000,0.00763944,2026-03-21,2026-08-06,87,1920,882,139,0.625899,0.863400,0.891889,0.695194,,,,,,,,GLOBAL_BASELINE_NO_ENTITY_RANKING,,,NOT_APPLICABLE_GLOBAL_BASELINE,HF9g-P5,,,,X 全窗基线 · 不参与实体赏罚,8397144,840,A168_HF9F_20260827_0900,2026-08-27 09:00:00
2026-06-26,54653530,1645,0,59.1457299355,-59.1457299355,-59.1457299355,0E-7,4,4,0.49324550000000000,0.493245500000,-1.973162052426085,-1.973162052426085,-1.973162052426085,0E-17,ELIGIBLE,R03b_20260811_FULL_v1,L1_ELIGIBILITY,v2026-08-11,2026-03-21..2026-08-06,baccarat_bet02_101_all_pairs_incl_sentinel,round_win = game_pnl > 0 (decisive only),COMPATIBILITY_ONLY_NOT_PRODUCTION,53571.4227,48249.4483,483.2383,5739,5738,-0.00902045,-0.00297427,-0.01061372,-0.00902045,-483.2383,53571.4227,OK,0.0000,19.3295,4.0000,96.0000,AG03-UNRESOLVED,ALL5_LEVELS_bet23_to_bet27,19.3295,19.3295,24.1619,0.0000,0.0000,4.000000,4.000000,5.000000,0.000000,0.000000,96.000000,96.000000,95.000000,100.000000,100.000000,5.0,62.8210,60.1535,420.4173,423.0848,PENDING_AG03,FALSE,NOT_FOR_ENFORCEMENT,463.9088,46319.4703,483.2383,463.9088,19.3295,0.00902045,0.00865963,19.3295,463.9088,0.00865963,19.3295,19.3295,24.1619,0.0000,0.0000,463.9088,0.00865963,62.8210,60.1535,420.4173,423.0848,0.00784779,0.00789758,0.00036082,9.3346,8.4088,0.0842,5.5545,0.2517,615.7635,65.9540,8.3255,9.6426,5.1431,5.1891,8.2617,16.7816,25.8881,44.2602,5.1891,0.0,4.9889,8.529385,1.798876,29,193,98,2,0.20855820,0.00902045,0.00297427,0E-8,0.000000,0.900656,0.000000,0.00763944,2026-03-21,2026-08-06,87,1920,882,139,0.625899,0.863400,0.891889,0.695194,,,,,,,,GLOBAL_BASELINE_NO_ENTITY_RANKING,,,NOT_APPLICABLE_GLOBAL_BASELINE,HF9g-P5,,,,X 全窗基线 · 不参与实体赏罚,8397145,840,A168_HF9F_20260827_0900,2026-08-27 09:00:00
2026-06-26,54653530,1646,0,10.2862139018,9.7719032068,9.7719032068,1.0000000,2,2,0.50665070000000000,0.506650700000,1.3955260008387969,1.3955260008387969,1.3955260008387969,0E-17,ELIGIBLE,R03b_20260811_FULL_v1,L1_ELIGIBILITY,v2026-08-11,2026-03-21..2026-08-06,baccarat_bet02_101_all_pairs_incl_sentinel,round_win = game_pnl > 0 (decisive only),COMPATIBILITY_ONLY_NOT_PRODUCTION,53571.4227,48249.4483,483.2383,5739,5738,-0.00902045,-0.00297427,-0.01061372,-0.00902045,-483.2383,53571.4227,OK,0.0000,19.3295,4.0000,96.0000,AG03-UNRESOLVED,ALL5_LEVELS_bet23_to_bet27,19.3295,19.3295,24.1619,0.0000,0.0000,4.000000,4.000000,5.000000,0.000000,0.000000,96.000000,96.000000,95.000000,100.000000,100.000000,5.0,62.8210,60.1535,420.4173,423.0848,PENDING_AG03,FALSE,NOT_FOR_ENFORCEMENT,463.9088,46319.4703,483.2383,463.9088,19.3295,0.00902045,0.00865963,19.3295,463.9088,0.00865963,19.3295,19.3295,24.1619,0.0000,0.0000,463.9088,0.00865963,62.8210,60.1535,420.4173,423.0848,0.00784779,0.00789758,0.00036082,9.3346,8.4088,0.0842,5.5545,0.2517,615.7635,65.9540,8.3255,9.6426,5.1431,5.1891,8.2617,16.7816,25.8881,44.2602,5.1891,0.0,4.9889,8.529385,1.798876,29,193,98,2,0.20855820,0.00902045,0.00297427,0E-8,0.000000,0.900656,0.000000,0.00763944,2026-03-21,2026-08-06,87,1920,882,139,0.625899,0.863400,0.891889,0.695194,,,,,,,,GLOBAL_BASELINE_NO_ENTITY_RANKING,,,NOT_APPLICABLE_GLOBAL_BASELINE,HF9g-P5,,,,X 全窗基线 · 不参与实体赏罚,8397146,840,A168_HF9F_20260827_0900,2026-08-27 09:00:00
2026-06-26,54653530,1704,0,5.1431069509,4.8859516034,4.8859516034,1.0000000,1,1,0.50665070000000000,0.506650700000,0.9867858985152569,0.9867858985152569,0.9867858985152569,0E-17,ELIGIBLE,R03b_20260811_FULL_v1,L1_ELIGIBILITY,v2026-08-11,2026-03-21..2026-08-06,baccarat_bet02_101_all_pairs_incl_sentinel,round_win = game_pnl > 0 (decisive only),COMPATIBILITY_ONLY_NOT_PRODUCTION,53571.4227,48249.4483,483.2383,5739,5738,-0.00902045,-0.00297427,-0.01061372,-0.00902045,-483.2383,53571.4227,OK,0.0000,19.3295,4.0000,96.0000,AG03-UNRESOLVED,ALL5_LEVELS_bet23_to_bet27,19.3295,19.3295,24.1619,0.0000,0.0000,4.000000,4.000000,5.000000,0.000000,0.000000,96.000000,96.000000,95.000000,100.000000,100.000000,5.0,62.8210,60.1535,420.4173,423.0848,PENDING_AG03,FALSE,NOT_FOR_ENFORCEMENT,463.9088,46319.4703,483.2383,463.9088,19.3295,0.00902045,0.00865963,19.3295,463.9088,0.00865963,19.3295,19.3295,24.1619,0.0000,0.0000,463.9088,0.00865963,62.8210,60.1535,420.4173,423.0848,0.00784779,0.00789758,0.00036082,9.3346,8.4088,0.0842,5.5545,0.2517,615.7635,65.9540,8.3255,9.6426,5.1431,5.1891,8.2617,16.7816,25.8881,44.2602,5.1891,0.0,4.9889,8.529385,1.798876,29,193,98,2,0.20855820,0.00902045,0.00297427,0E-8,0.000000,0.900656,0.000000,0.00763944,2026-03-21,2026-08-06,87,1920,882,139,0.625899,0.863400,0.891889,0.695194,,,,,,,,GLOBAL_BASELINE_NO_ENTITY_RANKING,,,NOT_APPLICABLE_GLOBAL_BASELINE,HF9g-P5,,,,X 全窗基线 · 不参与实体赏罚,8397147,840,A168_HF9F_20260827_0900,2026-08-27 09:00:00
2026-06-26,54653530,1711,0,18.5151850233,-2.4686913364,-2.4686913364,0.3333333,3,3,0.50665070000000000,0.506650700000,-0.6004420894325239,-0.6004420894325239,-0.6004420894325239,0E-17,ELIGIBLE,R03b_20260811_FULL_v1,L1_ELIGIBILITY,v2026-08-11,2026-03-21..2026-08-06,baccarat_bet02_101_all_pairs_incl_sentinel,round_win = game_pnl > 0 (decisive only),COMPATIBILITY_ONLY_NOT_PRODUCTION,53571.4227,48249.4483,483.2383,5739,5738,-0.00902045,-0.00297427,-0.01061372,-0.00902045,-483.2383,53571.4227,OK,0.0000,19.3295,4.0000,96.0000,AG03-UNRESOLVED,ALL5_LEVELS_bet23_to_bet27,19.3295,19.3295,24.1619,0.0000,0.0000,4.000000,4.000000,5.000000,0.000000,0.000000,96.000000,96.000000,95.000000,100.000000,100.000000,5.0,62.8210,60.1535,420.4173,423.0848,PENDING_AG03,FALSE,NOT_FOR_ENFORCEMENT,463.9088,46319.4703,483.2383,463.9088,19.3295,0.00902045,0.00865963,19.3295,463.9088,0.00865963,19.3295,19.3295,24.1619,0.0000,0.0000,463.9088,0.00865963,62.8210,60.1535,420.4173,423.0848,0.00784779,0.00789758,0.00036082,9.3346,8.4088,0.0842,5.5545,0.2517,615.7635,65.9540,8.3255,9.6426,5.1431,5.1891,8.2617,16.7816,25.8881,44.2602,5.1891,0.0,4.9889,8.529385,1.798876,29,193,98,2,0.20855820,0.00902045,0.00297427,0E-8,0.000000,0.900656,0.000000,0.00763944,2026-03-21,2026-08-06,87,1920,882,139,0.625899,0.863400,0.891889,0.695194,,,,,,,,GLOBAL_BASELINE_NO_ENTITY_RANKING,,,NOT_APPLICABLE_GLOBAL_BASELINE,HF9g-P5,,,,X 全窗基线 · 不参与实体赏罚,8397148,840,A168_HF9F_20260827_0900,2026-08-27 09:00:00
2026-06-26,54653530,1750,0,15.4293208527,4.6287962558,4.6287962558,0.5000000,2,2,0.49994810000000000,0.499948100000,0.00014679536856514622,0.00014679536856514622,0.00014679536856514622,0E-17,ELIGIBLE,R03b_20260811_FULL_v1,L1_ELIGIBILITY,v2026-08-11,2026-03-21..2026-08-06,baccarat_bet02_101_all_pairs_incl_sentinel,round_win = game_pnl > 0 (decisive only),COMPATIBILITY_ONLY_NOT_PRODUCTION,53571.4227,48249.4483,483.2383,5739,5738,-0.00902045,-0.00297427,-0.01061372,-0.00902045,-483.2383,53571.4227,OK,0.0000,19.3295,4.0000,96.0000,AG03-UNRESOLVED,ALL5_LEVELS_bet23_to_bet27,19.3295,19.3295,24.1619,0.0000,0.0000,4.000000,4.000000,5.000000,0.000000,0.000000,96.000000,96.000000,95.000000,100.000000,100.000000,5.0,62.8210,60.1535,420.4173,423.0848,PENDING_AG03,FALSE,NOT_FOR_ENFORCEMENT,463.9088,46319.4703,483.2383,463.9088,19.3295,0.00902045,0.00865963,19.3295,463.9088,0.00865963,19.3295,19.3295,24.1619,0.0000,0.0000,463.9088,0.00865963,62.8210,60.1535,420.4173,423.0848,0.00784779,0.00789758,0.00036082,9.3346,8.4088,0.0842,5.5545,0.2517,615.7635,65.9540,8.3255,9.6426,5.1431,5.1891,8.2617,16.7816,25.8881,44.2602,5.1891,0.0,4.9889,8.529385,1.798876,29,193,98,2,0.20855820,0.00902045,0.00297427,0E-8,0.000000,0.900656,0.000000,0.00763944,2026-03-21,2026-08-06,87,1920,882,139,0.625899,0.863400,0.891889,0.695194,,,,,,,,GLOBAL_BASELINE_NO_ENTITY_RANKING,,,NOT_APPLICABLE_GLOBAL_BASELINE,HF9g-P5,,,,X 全窗基线 · 不参与实体赏罚,8397149,840,A168_HF9F_20260827_0900,2026-08-27 09:00:00
2026-06-26,54653530,1951,0,5.1431069509,5.1431069509,5.1431069509,1.0000000,1,1,0.49324550000000000,0.493245500000,1.01360149184955,1.01360149184955,1.01360149184955,0E-17,ELIGIBLE,R03b_20260811_FULL_v1,L1_ELIGIBILITY,v2026-08-11,2026-03-21..2026-08-06,baccarat_bet02_101_all_pairs_incl_sentinel,round_win = game_pnl > 0 (decisive only),COMPATIBILITY_ONLY_NOT_PRODUCTION,53571.4227,48249.4483,483.2383,5739,5738,-0.00902045,-0.00297427,-0.01061372,-0.00902045,-483.2383,53571.4227,OK,0.0000,19.3295,4.0000,96.0000,AG03-UNRESOLVED,ALL5_LEVELS_bet23_to_bet27,19.3295,19.3295,24.1619,0.0000,0.0000,4.000000,4.000000,5.000000,0.000000,0.000000,96.000000,96.000000,95.000000,100.000000,100.000000,5.0,62.8210,60.1535,420.4173,423.0848,PENDING_AG03,FALSE,NOT_FOR_ENFORCEMENT,463.9088,46319.4703,483.2383,463.9088,19.3295,0.00902045,0.00865963,19.3295,463.9088,0.00865963,19.3295,19.3295,24.1619,0.0000,0.0000,463.9088,0.00865963,62.8210,60.1535,420.4173,423.0848,0.00784779,0.00789758,0.00036082,9.3346,8.4088,0.0842,5.5545,0.2517,615.7635,65.9540,8.3255,9.6426,5.1431,5.1891,8.2617,16.7816,25.8881,44.2602,5.1891,0.0,4.9889,8.529385,1.798876,29,193,98,2,0.20855820,0.00902045,0.00297427,0E-8,0.000000,0.900656,0.000000,0.00763944,2026-03-21,2026-08-06,87,1920,882,139,0.625899,0.863400,0.891889,0.695194,,,,,,,,GLOBAL_BASELINE_NO_ENTITY_RANKING,,,NOT_APPLICABLE_GLOBAL_BASELINE,HF9g-P5,,,,X 全窗基线 · 不参与实体赏罚,8397150,840,A168_HF9F_20260827_0900,2026-08-27 09:00:00
2026-06-26,54653530,1990,0,23.4011366266,-7.9718157739,-7.9718157739,0.3333333,4,4,0.49994810000000000,0.499948100000,-0.5771704854251445,-0.5771704854251445,-0.5771704854251445,0E-17,ELIGIBLE,R03b_20260811_FULL_v1,L1_ELIGIBILITY,v2026-08-11,2026-03-21..2026-08-06,baccarat_bet02_101_all_pairs_incl_sentinel,round_win = game_pnl > 0 (decisive only),COMPATIBILITY_ONLY_NOT_PRODUCTION,53571.4227,48249.4483,483.2383,5739,5738,-0.00902045,-0.00297427,-0.01061372,-0.00902045,-483.2383,53571.4227,OK,0.0000,19.3295,4.0000,96.0000,AG03-UNRESOLVED,ALL5_LEVELS_bet23_to_bet27,19.3295,19.3295,24.1619,0.0000,0.0000,4.000000,4.000000,5.000000,0.000000,0.000000,96.000000,96.000000,95.000000,100.000000,100.000000,5.0,62.8210,60.1535,420.4173,423.0848,PENDING_AG03,FALSE,NOT_FOR_ENFORCEMENT,463.9088,46319.4703,483.2383,463.9088,19.3295,0.00902045,0.00865963,19.3295,463.9088,0.00865963,19.3295,19.3295,24.1619,0.0000,0.0000,463.9088,0.00865963,62.8210,60.1535,420.4173,423.0848,0.00784779,0.00789758,0.00036082,9.3346,8.4088,0.0842,5.5545,0.2517,615.7635,65.9540,8.3255,9.6426,5.1431,5.1891,8.2617,16.7816,25.8881,44.2602,5.1891,0.0,4.9889,8.529385,1.798876,29,193,98,2,0.20855820,0.00902045,0.00297427,0E-8,0.000000,0.900656,0.000000,0.00763944,2026-03-21,2026-08-06,87,1920,882,139,0.625899,0.863400,0.891889,0.695194,,,,,,,,GLOBAL_BASELINE_NO_ENTITY_RANKING,,,NOT_APPLICABLE_GLOBAL_BASELINE,HF9g-P5,,,,X 全窗基线 · 不参与实体赏罚,8397151,840,A168_HF9F_20260827_0900,2026-08-27 09:00:00
2026-06-26,54653530,2106,0,14.1435441150,3.4073083550,3.4073083550,0.5000000,2,2,0.50665070000000000,0.506650700000,-0.018812684590367487,-0.018812684590367487,-0.018812684590367487,0E-17,ELIGIBLE,R03b_20260811_FULL_v1,L1_ELIGIBILITY,v2026-08-11,2026-03-21..2026-08-06,baccarat_bet02_101_all_pairs_incl_sentinel,round_win = game_pnl > 0 (decisive only),COMPATIBILITY_ONLY_NOT_PRODUCTION,53571.4227,48249.4483,483.2383,5739,5738,-0.00902045,-0.00297427,-0.01061372,-0.00902045,-483.2383,53571.4227,OK,0.0000,19.3295,4.0000,96.0000,AG03-UNRESOLVED,ALL5_LEVELS_bet23_to_bet27,19.3295,19.3295,24.1619,0.0000,0.0000,4.000000,4.000000,5.000000,0.000000,0.000000,96.000000,96.000000,95.000000,100.000000,100.000000,5.0,62.8210,60.1535,420.4173,423.0848,PENDING_AG03,FALSE,NOT_FOR_ENFORCEMENT,463.9088,46319.4703,483.2383,463.9088,19.3295,0.00902045,0.00865963,19.3295,463.9088,0.00865963,19.3295,19.3295,24.1619,0.0000,0.0000,463.9088,0.00865963,62.8210,60.1535,420.4173,423.0848,0.00784779,0.00789758,0.00036082,9.3346,8.4088,0.0842,5.5545,0.2517,615.7635,65.9540,8.3255,9.6426,5.1431,5.1891,8.2617,16.7816,25.8881,44.2602,5.1891,0.0,4.9889,8.529385,1.798876,29,193,98,2,0.20855820,0.00902045,0.00297427,0E-8,0.000000,0.900656,0.000000,0.00763944,2026-03-21,2026-08-06,87,1920,882,139,0.625899,0.863400,0.891889,0.695194,,,,,,,,GLOBAL_BASELINE_NO_ENTITY_RANKING,,,NOT_APPLICABLE_GLOBAL_BASELINE,HF9g-P5,,,,X 全窗基线 · 不参与实体赏罚,8397152,840,A168_HF9F_20260827_0900,2026-08-27 09:00:00
2026-06-26,54653530,2108,0,5.1431069509,4.8859516034,4.8859516034,1.0000000,1,1,0.50665070000000000,0.506650700000,0.9867858985152569,0.9867858985152569,0.9867858985152569,0E-17,ELIGIBLE,R03b_20260811_FULL_v1,L1_ELIGIBILITY,v2026-08-11,2026-03-21..2026-08-06,baccarat_bet02_101_all_pairs_incl_sentinel,round_win = game_pnl > 0 (decisive only),COMPATIBILITY_ONLY_NOT_PRODUCTION,53571.4227,48249.4483,483.2383,5739,5738,-0.00902045,-0.00297427,-0.01061372,-0.00902045,-483.2383,53571.4227,OK,0.0000,19.3295,4.0000,96.0000,AG03-UNRESOLVED,ALL5_LEVELS_bet23_to_bet27,19.3295,19.3295,24.1619,0.0000,0.0000,4.000000,4.000000,5.000000,0.000000,0.000000,96.000000,96.000000,95.000000,100.000000,100.000000,5.0,62.8210,60.1535,420.4173,423.0848,PENDING_AG03,FALSE,NOT_FOR_ENFORCEMENT,463.9088,46319.4703,483.2383,463.9088,19.3295,0.00902045,0.00865963,19.3295,463.9088,0.00865963,19.3295,19.3295,24.1619,0.0000,0.0000,463.9088,0.00865963,62.8210,60.1535,420.4173,423.0848,0.00784779,0.00789758,0.00036082,9.3346,8.4088,0.0842,5.5545,0.2517,615.7635,65.9540,8.3255,9.6426,5.1431,5.1891,8.2617,16.7816,25.8881,44.2602,5.1891,0.0,4.9889,8.529385,1.798876,29,193,98,2,0.20855820,0.00902045,0.00297427,0E-8,0.000000,0.900656,0.000000,0.00763944,2026-03-21,2026-08-06,87,1920,882,139,0.625899,0.863400,0.891889,0.695194,,,,,,,,GLOBAL_BASELINE_NO_ENTITY_RANKING,,,NOT_APPLICABLE_GLOBAL_BASELINE,HF9g-P5,,,,X 全窗基线 · 不参与实体赏罚,8397153,840,A168_HF9F_20260827_0900,2026-08-27 09:00:00
2026-06-26,54653530,2115,0,5.1431069509,5.1431069509,5.1431069509,1.0000000,1,1,0.49324550000000000,0.493245500000,1.01360149184955,1.01360149184955,1.01360149184955,0E-17,ELIGIBLE,R03b_20260811_FULL_v1,L1_ELIGIBILITY,v2026-08-11,2026-03-21..2026-08-06,baccarat_bet02_101_all_pairs_incl_sentinel,round_win = game_pnl > 0 (decisive only),COMPATIBILITY_ONLY_NOT_PRODUCTION,53571.4227,48249.4483,483.2383,5739,5738,-0.00902045,-0.00297427,-0.01061372,-0.00902045,-483.2383,53571.4227,OK,0.0000,19.3295,4.0000,96.0000,AG03-UNRESOLVED,ALL5_LEVELS_bet23_to_bet27,19.3295,19.3295,24.1619,0.0000,0.0000,4.000000,4.000000,5.000000,0.000000,0.000000,96.000000,96.000000,95.000000,100.000000,100.000000,5.0,62.8210,60.1535,420.4173,423.0848,PENDING_AG03,FALSE,NOT_FOR_ENFORCEMENT,463.9088,46319.4703,483.2383,463.9088,19.3295,0.00902045,0.00865963,19.3295,463.9088,0.00865963,19.3295,19.3295,24.1619,0.0000,0.0000,463.9088,0.00865963,62.8210,60.1535,420.4173,423.0848,0.00784779,0.00789758,0.00036082,9.3346,8.4088,0.0842,5.5545,0.2517,615.7635,65.9540,8.3255,9.6426,5.1431,5.1891,8.2617,16.7816,25.8881,44.2602,5.1891,0.0,4.9889,8.529385,1.798876,29,193,98,2,0.20855820,0.00902045,0.00297427,0E-8,0.000000,0.900656,0.000000,0.00763944,2026-03-21,2026-08-06,87,1920,882,139,0.625899,0.863400,0.891889,0.695194,,,,,,,,GLOBAL_BASELINE_NO_ENTITY_RANKING,,,NOT_APPLICABLE_GLOBAL_BASELINE,HF9g-P5,,,,X 全窗基线 · 不参与实体赏罚,8397154,840,A168_HF9F_20260827_0900,2026-08-27 09:00:00
2026-06-26,54653530,2134,0,27.0013114923,26.1012677759,26.1012677759,1.0000000,2,2,0.49994810000000000,0.499948100000,1.4143603653603398,1.4143603653603398,1.4143603653603398,0E-17,ELIGIBLE,R03b_20260811_FULL_v1,L1_ELIGIBILITY,v2026-08-11,2026-03-21..2026-08-06,baccarat_bet02_101_all_pairs_incl_sentinel,round_win = game_pnl > 0 (decisive only),COMPATIBILITY_ONLY_NOT_PRODUCTION,53571.4227,48249.4483,483.2383,5739,5738,-0.00902045,-0.00297427,-0.01061372,-0.00902045,-483.2383,53571.4227,OK,0.0000,19.3295,4.0000,96.0000,AG03-UNRESOLVED,ALL5_LEVELS_bet23_to_bet27,19.3295,19.3295,24.1619,0.0000,0.0000,4.000000,4.000000,5.000000,0.000000,0.000000,96.000000,96.000000,95.000000,100.000000,100.000000,5.0,62.8210,60.1535,420.4173,423.0848,PENDING_AG03,FALSE,NOT_FOR_ENFORCEMENT,463.9088,46319.4703,483.2383,463.9088,19.3295,0.00902045,0.00865963,19.3295,463.9088,0.00865963,19.3295,19.3295,24.1619,0.0000,0.0000,463.9088,0.00865963,62.8210,60.1535,420.4173,423.0848,0.00784779,0.00789758,0.00036082,9.3346,8.4088,0.0842,5.5545,0.2517,615.7635,65.9540,8.3255,9.6426,5.1431,5.1891,8.2617,16.7816,25.8881,44.2602,5.1891,0.0,4.9889,8.529385,1.798876,29,193,98,2,0.20855820,0.00902045,0.00297427,0E-8,0.000000,0.900656,0.000000,0.00763944,2026-03-21,2026-08-06,87,1920,882,139,0.625899,0.863400,0.891889,0.695194,,,,,,,,GLOBAL_BASELINE_NO_ENTITY_RANKING,,,NOT_APPLICABLE_GLOBAL_BASELINE,HF9g-P5,,,,X 全窗基线 · 不参与实体赏罚,8397155,840,A168_HF9F_20260827_0900,2026-08-27 09:00:00
2026-06-26,54653530,2142,0,28.5442435775,7.5732249852,7.5732249852,0.5000000,4,4,0.50329940000000000,0.503299400000,-0.01319788734859681,-0.01319788734859681,-0.01319788734859681,0E-17,ELIGIBLE,R03b_20260811_FULL_v1,L1_ELIGIBILITY,v2026-08-11,2026-03-21..2026-08-06,baccarat_bet02_101_all_pairs_incl_sentinel,round_win = game_pnl > 0 (decisive only),COMPATIBILITY_ONLY_NOT_PRODUCTION,53571.4227,48249.4483,483.2383,5739,5738,-0.00902045,-0.00297427,-0.01061372,-0.00902045,-483.2383,53571.4227,OK,0.0000,19.3295,4.0000,96.0000,AG03-UNRESOLVED,ALL5_LEVELS_bet23_to_bet27,19.3295,19.3295,24.1619,0.0000,0.0000,4.000000,4.000000,5.000000,0.000000,0.000000,96.000000,96.000000,95.000000,100.000000,100.000000,5.0,62.8210,60.1535,420.4173,423.0848,PENDING_AG03,FALSE,NOT_FOR_ENFORCEMENT,463.9088,46319.4703,483.2383,463.9088,19.3295,0.00902045,0.00865963,19.3295,463.9088,0.00865963,19.3295,19.3295,24.1619,0.0000,0.0000,463.9088,0.00865963,62.8210,60.1535,420.4173,423.0848,0.00784779,0.00789758,0.00036082,9.3346,8.4088,0.0842,5.5545,0.2517,615.7635,65.9540,8.3255,9.6426,5.1431,5.1891,8.2617,16.7816,25.8881,44.2602,5.1891,0.0,4.9889,8.529385,1.798876,29,193,98,2,0.20855820,0.00902045,0.00297427,0E-8,0.000000,0.900656,0.000000,0.00763944,2026-03-21,2026-08-06,87,1920,882,139,0.625899,0.863400,0.891889,0.695194,,,,,,,,GLOBAL_BASELINE_NO_ENTITY_RANKING,,,NOT_APPLICABLE_GLOBAL_BASELINE,HF9g-P5,,,,X 全窗基线 · 不参与实体赏罚,8397156,840,A168_HF9F_20260827_0900,2026-08-27 09:00:00
2026-06-26,54653530,2152,0,5.1431069509,4.8859516034,4.8859516034,1.0000000,1,1,0.50665070000000000,0.506650700000,0.9867858985152569,0.9867858985152569,0.9867858985152569,0E-17,ELIGIBLE,R03b_20260811_FULL_v1,L1_ELIGIBILITY,v2026-08-11,2026-03-21..2026-08-06,baccarat_bet02_101_all_pairs_incl_sentinel,round_win = game_pnl > 0 (decisive only),COMPATIBILITY_ONLY_NOT_PRODUCTION,53571.4227,48249.4483,483.2383,5739,5738,-0.00902045,-0.00297427,-0.01061372,-0.00902045,-483.2383,53571.4227,OK,0.0000,19.3295,4.0000,96.0000,AG03-UNRESOLVED,ALL5_LEVELS_bet23_to_bet27,19.3295,19.3295,24.1619,0.0000,0.0000,4.000000,4.000000,5.000000,0.000000,0.000000,96.000000,96.000000,95.000000,100.000000,100.000000,5.0,62.8210,60.1535,420.4173,423.0848,PENDING_AG03,FALSE,NOT_FOR_ENFORCEMENT,463.9088,46319.4703,483.2383,463.9088,19.3295,0.00902045,0.00865963,19.3295,463.9088,0.00865963,19.3295,19.3295,24.1619,0.0000,0.0000,463.9088,0.00865963,62.8210,60.1535,420.4173,423.0848,0.00784779,0.00789758,0.00036082,9.3346,8.4088,0.0842,5.5545,0.2517,615.7635,65.9540,8.3255,9.6426,5.1431,5.1891,8.2617,16.7816,25.8881,44.2602,5.1891,0.0,4.9889,8.529385,1.798876,29,193,98,2,0.20855820,0.00902045,0.00297427,0E-8,0.000000,0.900656,0.000000,0.00763944,2026-03-21,2026-08-06,87,1920,882,139,0.625899,0.863400,0.891889,0.695194,,,,,,,,GLOBAL_BASELINE_NO_ENTITY_RANKING,,,NOT_APPLICABLE_GLOBAL_BASELINE,HF9g-P5,,,,X 全窗基线 · 不参与实体赏罚,8397157,840,A168_HF9F_20260827_0900,2026-08-27 09:00:00
2026-06-26,54653530,2153,0,12.8577673773,2.5715534755,2.5715534755,0.5000000,2,2,0.49324550000000000,0.493245500000,0.01910635448239258,0.01910635448239258,0.01910635448239258,0E-17,ELIGIBLE,R03b_20260811_FULL_v1,L1_ELIGIBILITY,v2026-08-11,2026-03-21..2026-08-06,baccarat_bet02_101_all_pairs_incl_sentinel,round_win = game_pnl > 0 (decisive only),COMPATIBILITY_ONLY_NOT_PRODUCTION,53571.4227,48249.4483,483.2383,5739,5738,-0.00902045,-0.00297427,-0.01061372,-0.00902045,-483.2383,53571.4227,OK,0.0000,19.3295,4.0000,96.0000,AG03-UNRESOLVED,ALL5_LEVELS_bet23_to_bet27,19.3295,19.3295,24.1619,0.0000,0.0000,4.000000,4.000000,5.000000,0.000000,0.000000,96.000000,96.000000,95.000000,100.000000,100.000000,5.0,62.8210,60.1535,420.4173,423.0848,PENDING_AG03,FALSE,NOT_FOR_ENFORCEMENT,463.9088,46319.4703,483.2383,463.9088,19.3295,0.00902045,0.00865963,19.3295,463.9088,0.00865963,19.3295,19.3295,24.1619,0.0000,0.0000,463.9088,0.00865963,62.8210,60.1535,420.4173,423.0848,0.00784779,0.00789758,0.00036082,9.3346,8.4088,0.0842,5.5545,0.2517,615.7635,65.9540,8.3255,9.6426,5.1431,5.1891,8.2617,16.7816,25.8881,44.2602,5.1891,0.0,4.9889,8.529385,1.798876,29,193,98,2,0.20855820,0.00902045,0.00297427,0E-8,0.000000,0.900656,0.000000,0.00763944,2026-03-21,2026-08-06,87,1920,882,139,0.625899,0.863400,0.891889,0.695194,,,,,,,,GLOBAL_BASELINE_NO_ENTITY_RANKING,,,NOT_APPLICABLE_GLOBAL_BASELINE,HF9g-P5,,,,X 全窗基线 · 不参与实体赏罚,8397158,840,A168_HF9F_20260827_0900,2026-08-27 09:00:00
2026-06-26,54653530,2155,0,163.8079563865,37.5575385090,37.5575385090,0.5333333,17,17,0.50428507647058824,0.504285076471,0.22501509368372952,0.22501509368054154,0.22501509368372952,-4.1176E-13,ELIGIBLE,R03b_20260811_FULL_v1,L1_ELIGIBILITY,v2026-08-11,2026-03-21..2026-08-06,baccarat_bet02_101_all_pairs_incl_sentinel,round_win = game_pnl > 0 (decisive only),COMPATIBILITY_ONLY_NOT_PRODUCTION,53571.4227,48249.4483,483.2383,5739,5738,-0.00902045,-0.00297427,-0.01061372,-0.00902045,-483.2383,53571.4227,OK,0.0000,19.3295,4.0000,96.0000,AG03-UNRESOLVED,ALL5_LEVELS_bet23_to_bet27,19.3295,19.3295,24.1619,0.0000,0.0000,4.000000,4.000000,5.000000,0.000000,0.000000,96.000000,96.000000,95.000000,100.000000,100.000000,5.0,62.8210,60.1535,420.4173,423.0848,PENDING_AG03,FALSE,NOT_FOR_ENFORCEMENT,463.9088,46319.4703,483.2383,463.9088,19.3295,0.00902045,0.00865963,19.3295,463.9088,0.00865963,19.3295,19.3295,24.1619,0.0000,0.0000,463.9088,0.00865963,62.8210,60.1535,420.4173,423.0848,0.00784779,0.00789758,0.00036082,9.3346,8.4088,0.0842,5.5545,0.2517,615.7635,65.9540,8.3255,9.6426,5.1431,5.1891,8.2617,16.7816,25.8881,44.2602,5.1891,0.0,4.9889,8.529385,1.798876,29,193,98,2,0.20855820,0.00902045,0.00297427,0E-8,0.000000,0.900656,0.000000,0.00763944,2026-03-21,2026-08-06,87,1920,882,139,0.625899,0.863400,0.891889,0.695194,,,,,,,,GLOBAL_BASELINE_NO_ENTITY_RANKING,,,NOT_APPLICABLE_GLOBAL_BASELINE,HF9g-P5,,,,X 全窗基线 · 不参与实体赏罚,8397159,840,A168_HF9F_20260827_0900,2026-08-27 09:00:00
2026-06-26,54653530,2170,0,13.1149227248,2.4301180343,2.4301180343,0.5000000,2,2,0.49994810000000000,0.499948100000,0.00014679536856514622,0.00014679536856514622,0.00014679536856514622,0E-17,ELIGIBLE,R03b_20260811_FULL_v1,L1_ELIGIBILITY,v2026-08-11,2026-03-21..2026-08-06,baccarat_bet02_101_all_pairs_incl_sentinel,round_win = game_pnl > 0 (decisive only),COMPATIBILITY_ONLY_NOT_PRODUCTION,53571.4227,48249.4483,483.2383,5739,5738,-0.00902045,-0.00297427,-0.01061372,-0.00902045,-483.2383,53571.4227,OK,0.0000,19.3295,4.0000,96.0000,AG03-UNRESOLVED,ALL5_LEVELS_bet23_to_bet27,19.3295,19.3295,24.1619,0.0000,0.0000,4.000000,4.000000,5.000000,0.000000,0.000000,96.000000,96.000000,95.000000,100.000000,100.000000,5.0,62.8210,60.1535,420.4173,423.0848,PENDING_AG03,FALSE,NOT_FOR_ENFORCEMENT,463.9088,46319.4703,483.2383,463.9088,19.3295,0.00902045,0.00865963,19.3295,463.9088,0.00865963,19.3295,19.3295,24.1619,0.0000,0.0000,463.9088,0.00865963,62.8210,60.1535,420.4173,423.0848,0.00784779,0.00789758,0.00036082,9.3346,8.4088,0.0842,5.5545,0.2517,615.7635,65.9540,8.3255,9.6426,5.1431,5.1891,8.2617,16.7816,25.8881,44.2602,5.1891,0.0,4.9889,8.529385,1.798876,29,193,98,2,0.20855820,0.00902045,0.00297427,0E-8,0.000000,0.900656,0.000000,0.00763944,2026-03-21,2026-08-06,87,1920,882,139,0.625899,0.863400,0.891889,0.695194,,,,,,,,GLOBAL_BASELINE_NO_ENTITY_RANKING,,,NOT_APPLICABLE_GLOBAL_BASELINE,HF9g-P5,,,,X 全窗基线 · 不参与实体赏罚,8397160,840,A168_HF9F_20260827_0900,2026-08-27 09:00:00
2026-06-26,54653530,2171,0,34.9731272663,2.6744156145,2.6744156145,0.5000000,5,5,0.50665070000000000,0.506650700000,-0.018812684590367487,-0.018812684590367487,-0.018812684590367487,0E-17,ELIGIBLE,R03b_20260811_FULL_v1,L1_ELIGIBILITY,v2026-08-11,2026-03-21..2026-08-06,baccarat_bet02_101_all_pairs_incl_sentinel,round_win = game_pnl > 0 (decisive only),COMPATIBILITY_ONLY_NOT_PRODUCTION,53571.4227,48249.4483,483.2383,5739,5738,-0.00902045,-0.00297427,-0.01061372,-0.00902045,-483.2383,53571.4227,OK,0.0000,19.3295,4.0000,96.0000,AG03-UNRESOLVED,ALL5_LEVELS_bet23_to_bet27,19.3295,19.3295,24.1619,0.0000,0.0000,4.000000,4.000000,5.000000,0.000000,0.000000,96.000000,96.000000,95.000000,100.000000,100.000000,5.0,62.8210,60.1535,420.4173,423.0848,PENDING_AG03,FALSE,NOT_FOR_ENFORCEMENT,463.9088,46319.4703,483.2383,463.9088,19.3295,0.00902045,0.00865963,19.3295,463.9088,0.00865963,19.3295,19.3295,24.1619,0.0000,0.0000,463.9088,0.00865963,62.8210,60.1535,420.4173,423.0848,0.00784779,0.00789758,0.00036082,9.3346,8.4088,0.0842,5.5545,0.2517,615.7635,65.9540,8.3255,9.6426,5.1431,5.1891,8.2617,16.7816,25.8881,44.2602,5.1891,0.0,4.9889,8.529385,1.798876,29,193,98,2,0.20855820,0.00902045,0.00297427,0E-8,0.000000,0.900656,0.000000,0.00763944,2026-03-21,2026-08-06,87,1920,882,139,0.625899,0.863400,0.891889,0.695194,,,,,,,,GLOBAL_BASELINE_NO_ENTITY_RANKING,,,NOT_APPLICABLE_GLOBAL_BASELINE,HF9g-P5,,,,X 全窗基线 · 不参与实体赏罚,8397161,840,A168_HF9F_20260827_0900,2026-08-27 09:00:00
2026-06-26,54653530,2177,0,82.5468665622,-39.9233677065,-39.9233677065,0.2000000,5,5,0.50665070000000000,0.506650700000,-1.3715049547573244,-1.3715049547573244,-1.3715049547573244,0E-17,ELIGIBLE,R03b_20260811_FULL_v1,L1_ELIGIBILITY,v2026-08-11,2026-03-21..2026-08-06,baccarat_bet02_101_all_pairs_incl_sentinel,round_win = game_pnl > 0 (decisive only),COMPATIBILITY_ONLY_NOT_PRODUCTION,53571.4227,48249.4483,483.2383,5739,5738,-0.00902045,-0.00297427,-0.01061372,-0.00902045,-483.2383,53571.4227,OK,0.0000,19.3295,4.0000,96.0000,AG03-UNRESOLVED,ALL5_LEVELS_bet23_to_bet27,19.3295,19.3295,24.1619,0.0000,0.0000,4.000000,4.000000,5.000000,0.000000,0.000000,96.000000,96.000000,95.000000,100.000000,100.000000,5.0,62.8210,60.1535,420.4173,423.0848,PENDING_AG03,FALSE,NOT_FOR_ENFORCEMENT,463.9088,46319.4703,483.2383,463.9088,19.3295,0.00902045,0.00865963,19.3295,463.9088,0.00865963,19.3295,19.3295,24.1619,0.0000,0.0000,463.9088,0.00865963,62.8210,60.1535,420.4173,423.0848,0.00784779,0.00789758,0.00036082,9.3346,8.4088,0.0842,5.5545,0.2517,615.7635,65.9540,8.3255,9.6426,5.1431,5.1891,8.2617,16.7816,25.8881,44.2602,5.1891,0.0,4.9889,8.529385,1.798876,29,193,98,2,0.20855820,0.00902045,0.00297427,0E-8,0.000000,0.900656,0.000000,0.00763944,2026-03-21,2026-08-06,87,1920,882,139,0.625899,0.863400,0.891889,0.695194,,,,,,,,GLOBAL_BASELINE_NO_ENTITY_RANKING,,,NOT_APPLICABLE_GLOBAL_BASELINE,HF9g-P5,,,,X 全窗基线 · 不参与实体赏罚,8397162,840,A168_HF9F_20260827_0900,2026-08-27 09:00:00
2026-06-26,54653530,2205,0,10.2862139018,4.8859516034,4.8859516034,1.0000000,2,2,0.50665070000000000,0.506650700000,0.9867858985152569,0.9867858985152569,0.9867858985152569,0E-17,ELIGIBLE,R03b_20260811_FULL_v1,L1_ELIGIBILITY,v2026-08-11,2026-03-21..2026-08-06,baccarat_bet02_101_all_pairs_incl_sentinel,round_win = game_pnl > 0 (decisive only),COMPATIBILITY_ONLY_NOT_PRODUCTION,53571.4227,48249.4483,483.2383,5739,5738,-0.00902045,-0.00297427,-0.01061372,-0.00902045,-483.2383,53571.4227,OK,0.0000,19.3295,4.0000,96.0000,AG03-UNRESOLVED,ALL5_LEVELS_bet23_to_bet27,19.3295,19.3295,24.1619,0.0000,0.0000,4.000000,4.000000,5.000000,0.000000,0.000000,96.000000,96.000000,95.000000,100.000000,100.000000,5.0,62.8210,60.1535,420.4173,423.0848,PENDING_AG03,FALSE,NOT_FOR_ENFORCEMENT,463.9088,46319.4703,483.2383,463.9088,19.3295,0.00902045,0.00865963,19.3295,463.9088,0.00865963,19.3295,19.3295,24.1619,0.0000,0.0000,463.9088,0.00865963,62.8210,60.1535,420.4173,423.0848,0.00784779,0.00789758,0.00036082,9.3346,8.4088,0.0842,5.5545,0.2517,615.7635,65.9540,8.3255,9.6426,5.1431,5.1891,8.2617,16.7816,25.8881,44.2602,5.1891,0.0,4.9889,8.529385,1.798876,29,193,98,2,0.20855820,0.00902045,0.00297427,0E-8,0.000000,0.900656,0.000000,0.00763944,2026-03-21,2026-08-06,87,1920,882,139,0.625899,0.863400,0.891889,0.695194,,,,,,,,GLOBAL_BASELINE_NO_ENTITY_RANKING,,,NOT_APPLICABLE_GLOBAL_BASELINE,HF9g-P5,,,,X 全窗基线 · 不参与实体赏罚,8397163,840,A168_HF9F_20260827_0900,2026-08-27 09:00:00
2026-06-26,54653530,2209,0,104.1479157558,36.0146064239,36.0146064239,0.6153846,13,13,0.50561953076923077,0.505619530769,0.7915772778890116,0.7915772778906714,0.7915772778890116,2.3077E-13,ELIGIBLE,R03b_20260811_FULL_v1,L1_ELIGIBILITY,v2026-08-11,2026-03-21..2026-08-06,baccarat_bet02_101_all_pairs_incl_sentinel,round_win = game_pnl > 0 (decisive only),COMPATIBILITY_ONLY_NOT_PRODUCTION,53571.4227,48249.4483,483.2383,5739,5738,-0.00902045,-0.00297427,-0.01061372,-0.00902045,-483.2383,53571.4227,OK,0.0000,19.3295,4.0000,96.0000,AG03-UNRESOLVED,ALL5_LEVELS_bet23_to_bet27,19.3295,19.3295,24.1619,0.0000,0.0000,4.000000,4.000000,5.000000,0.000000,0.000000,96.000000,96.000000,95.000000,100.000000,100.000000,5.0,62.8210,60.1535,420.4173,423.0848,PENDING_AG03,FALSE,NOT_FOR_ENFORCEMENT,463.9088,46319.4703,483.2383,463.9088,19.3295,0.00902045,0.00865963,19.3295,463.9088,0.00865963,19.3295,19.3295,24.1619,0.0000,0.0000,463.9088,0.00865963,62.8210,60.1535,420.4173,423.0848,0.00784779,0.00789758,0.00036082,9.3346,8.4088,0.0842,5.5545,0.2517,615.7635,65.9540,8.3255,9.6426,5.1431,5.1891,8.2617,16.7816,25.8881,44.2602,5.1891,0.0,4.9889,8.529385,1.798876,29,193,98,2,0.20855820,0.00902045,0.00297427,0E-8,0.000000,0.900656,0.000000,0.00763944,2026-03-21,2026-08-06,87,1920,882,139,0.625899,0.863400,0.891889,0.695194,,,,,,,,GLOBAL_BASELINE_NO_ENTITY_RANKING,,,NOT_APPLICABLE_GLOBAL_BASELINE,HF9g-P5,,,,X 全窗基线 · 不参与实体赏罚,8397164,840,A168_HF9F_20260827_0900,2026-08-27 09:00:00
2026-06-26,54653530,2212,0,29.5728649677,2.5201224060,2.5201224060,0.3333333,3,3,0.50665070000000000,0.506650700000,-0.6004420894325239,-0.6004420894325239,-0.6004420894325239,0E-17,ELIGIBLE,R03b_20260811_FULL_v1,L1_ELIGIBILITY,v2026-08-11,2026-03-21..2026-08-06,baccarat_bet02_101_all_pairs_incl_sentinel,round_win = game_pnl > 0 (decisive only),COMPATIBILITY_ONLY_NOT_PRODUCTION,53571.4227,48249.4483,483.2383,5739,5738,-0.00902045,-0.00297427,-0.01061372,-0.00902045,-483.2383,53571.4227,OK,0.0000,19.3295,4.0000,96.0000,AG03-UNRESOLVED,ALL5_LEVELS_bet23_to_bet27,19.3295,19.3295,24.1619,0.0000,0.0000,4.000000,4.000000,5.000000,0.000000,0.000000,96.000000,96.000000,95.000000,100.000000,100.000000,5.0,62.8210,60.1535,420.4173,423.0848,PENDING_AG03,FALSE,NOT_FOR_ENFORCEMENT,463.9088,46319.4703,483.2383,463.9088,19.3295,0.00902045,0.00865963,19.3295,463.9088,0.00865963,19.3295,19.3295,24.1619,0.0000,0.0000,463.9088,0.00865963,62.8210,60.1535,420.4173,423.0848,0.00784779,0.00789758,0.00036082,9.3346,8.4088,0.0842,5.5545,0.2517,615.7635,65.9540,8.3255,9.6426,5.1431,5.1891,8.2617,16.7816,25.8881,44.2602,5.1891,0.0,4.9889,8.529385,1.798876,29,193,98,2,0.20855820,0.00902045,0.00297427,0E-8,0.000000,0.900656,0.000000,0.00763944,2026-03-21,2026-08-06,87,1920,882,139,0.625899,0.863400,0.891889,0.695194,,,,,,,,GLOBAL_BASELINE_NO_ENTITY_RANKING,,,NOT_APPLICABLE_GLOBAL_BASELINE,HF9g-P5,,,,X 全窗基线 · 不参与实体赏罚,8397165,840,A168_HF9F_20260827_0900,2026-08-27 09:00:00
2026-06-26,54653530,2220,0,26.2298454496,2.4301180343,2.4301180343,0.5000000,4,4,0.50665070000000000,0.506650700000,-0.018812684590367487,-0.018812684590367487,-0.018812684590367487,0E-17,ELIGIBLE,R03b_20260811_FULL_v1,L1_ELIGIBILITY,v2026-08-11,2026-03-21..2026-08-06,baccarat_bet02_101_all_pairs_incl_sentinel,round_win = game_pnl > 0 (decisive only),COMPATIBILITY_ONLY_NOT_PRODUCTION,53571.4227,48249.4483,483.2383,5739,5738,-0.00902045,-0.00297427,-0.01061372,-0.00902045,-483.2383,53571.4227,OK,0.0000,19.3295,4.0000,96.0000,AG03-UNRESOLVED,ALL5_LEVELS_bet23_to_bet27,19.3295,19.3295,24.1619,0.0000,0.0000,4.000000,4.000000,5.000000,0.000000,0.000000,96.000000,96.000000,95.000000,100.000000,100.000000,5.0,62.8210,60.1535,420.4173,423.0848,PENDING_AG03,FALSE,NOT_FOR_ENFORCEMENT,463.9088,46319.4703,483.2383,463.9088,19.3295,0.00902045,0.00865963,19.3295,463.9088,0.00865963,19.3295,19.3295,24.1619,0.0000,0.0000,463.9088,0.00865963,62.8210,60.1535,420.4173,423.0848,0.00784779,0.00789758,0.00036082,9.3346,8.4088,0.0842,5.5545,0.2517,615.7635,65.9540,8.3255,9.6426,5.1431,5.1891,8.2617,16.7816,25.8881,44.2602,5.1891,0.0,4.9889,8.529385,1.798876,29,193,98,2,0.20855820,0.00902045,0.00297427,0E-8,0.000000,0.900656,0.000000,0.00763944,2026-03-21,2026-08-06,87,1920,882,139,0.625899,0.863400,0.891889,0.695194,,,,,,,,GLOBAL_BASELINE_NO_ENTITY_RANKING,,,NOT_APPLICABLE_GLOBAL_BASELINE,HF9g-P5,,,,X 全窗基线 · 不参与实体赏罚,8397166,840,A168_HF9F_20260827_0900,2026-08-27 09:00:00
2026-06-26,54653530,2229,0,47.0594286008,4.6030807211,4.6030807211,0.4000000,6,6,0.49994810000000000,0.499948100000,-0.4469814940518811,-0.4469814940518811,-0.4469814940518811,0E-17,ELIGIBLE,R03b_20260811_FULL_v1,L1_ELIGIBILITY,v2026-08-11,2026-03-21..2026-08-06,baccarat_bet02_101_all_pairs_incl_sentinel,round_win = game_pnl > 0 (decisive only),COMPATIBILITY_ONLY_NOT_PRODUCTION,53571.4227,48249.4483,483.2383,5739,5738,-0.00902045,-0.00297427,-0.01061372,-0.00902045,-483.2383,53571.4227,OK,0.0000,19.3295,4.0000,96.0000,AG03-UNRESOLVED,ALL5_LEVELS_bet23_to_bet27,19.3295,19.3295,24.1619,0.0000,0.0000,4.000000,4.000000,5.000000,0.000000,0.000000,96.000000,96.000000,95.000000,100.000000,100.000000,5.0,62.8210,60.1535,420.4173,423.0848,PENDING_AG03,FALSE,NOT_FOR_ENFORCEMENT,463.9088,46319.4703,483.2383,463.9088,19.3295,0.00902045,0.00865963,19.3295,463.9088,0.00865963,19.3295,19.3295,24.1619,0.0000,0.0000,463.9088,0.00865963,62.8210,60.1535,420.4173,423.0848,0.00784779,0.00789758,0.00036082,9.3346,8.4088,0.0842,5.5545,0.2517,615.7635,65.9540,8.3255,9.6426,5.1431,5.1891,8.2617,16.7816,25.8881,44.2602,5.1891,0.0,4.9889,8.529385,1.798876,29,193,98,2,0.20855820,0.00902045,0.00297427,0E-8,0.000000,0.900656,0.000000,0.00763944,2026-03-21,2026-08-06,87,1920,882,139,0.625899,0.863400,0.891889,0.695194,,,,,,,,GLOBAL_BASELINE_NO_ENTITY_RANKING,,,NOT_APPLICABLE_GLOBAL_BASELINE,HF9g-P5,,,,X 全窗基线 · 不参与实体赏罚,8397167,840,A168_HF9F_20260827_0900,2026-08-27 09:00:00
2026-06-26,54653530,2233,0,93.8617018540,6.5574613624,6.5574613624,0.3750000,9,9,0.50665070000000000,0.506650700000,-0.7447947118953172,-0.7447947118953172,-0.7447947118953172,0E-17,ELIGIBLE,R03b_20260811_FULL_v1,L1_ELIGIBILITY,v2026-08-11,2026-03-21..2026-08-06,baccarat_bet02_101_all_pairs_incl_sentinel,round_win = game_pnl > 0 (decisive only),COMPATIBILITY_ONLY_NOT_PRODUCTION,53571.4227,48249.4483,483.2383,5739,5738,-0.00902045,-0.00297427,-0.01061372,-0.00902045,-483.2383,53571.4227,OK,0.0000,19.3295,4.0000,96.0000,AG03-UNRESOLVED,ALL5_LEVELS_bet23_to_bet27,19.3295,19.3295,24.1619,0.0000,0.0000,4.000000,4.000000,5.000000,0.000000,0.000000,96.000000,96.000000,95.000000,100.000000,100.000000,5.0,62.8210,60.1535,420.4173,423.0848,PENDING_AG03,FALSE,NOT_FOR_ENFORCEMENT,463.9088,46319.4703,483.2383,463.9088,19.3295,0.00902045,0.00865963,19.3295,463.9088,0.00865963,19.3295,19.3295,24.1619,0.0000,0.0000,463.9088,0.00865963,62.8210,60.1535,420.4173,423.0848,0.00784779,0.00789758,0.00036082,9.3346,8.4088,0.0842,5.5545,0.2517,615.7635,65.9540,8.3255,9.6426,5.1431,5.1891,8.2617,16.7816,25.8881,44.2602,5.1891,0.0,4.9889,8.529385,1.798876,29,193,98,2,0.20855820,0.00902045,0.00297427,0E-8,0.000000,0.900656,0.000000,0.00763944,2026-03-21,2026-08-06,87,1920,882,139,0.625899,0.863400,0.891889,0.695194,,,,,,,,GLOBAL_BASELINE_NO_ENTITY_RANKING,,,NOT_APPLICABLE_GLOBAL_BASELINE,HF9g-P5,,,,X 全窗基线 · 不参与实体赏罚,8397168,840,A168_HF9F_20260827_0900,2026-08-27 09:00:00
2026-06-26,54653530,2235,0,13.3720780724,2.6744156145,2.6744156145,0.5000000,2,2,0.50665070000000000,0.506650700000,-0.018812684590367487,-0.018812684590367487,-0.018812684590367487,0E-17,ELIGIBLE,R03b_20260811_FULL_v1,L1_ELIGIBILITY,v2026-08-11,2026-03-21..2026-08-06,baccarat_bet02_101_all_pairs_incl_sentinel,round_win = game_pnl > 0 (decisive only),COMPATIBILITY_ONLY_NOT_PRODUCTION,53571.4227,48249.4483,483.2383,5739,5738,-0.00902045,-0.00297427,-0.01061372,-0.00902045,-483.2383,53571.4227,OK,0.0000,19.3295,4.0000,96.0000,AG03-UNRESOLVED,ALL5_LEVELS_bet23_to_bet27,19.3295,19.3295,24.1619,0.0000,0.0000,4.000000,4.000000,5.000000,0.000000,0.000000,96.000000,96.000000,95.000000,100.000000,100.000000,5.0,62.8210,60.1535,420.4173,423.0848,PENDING_AG03,FALSE,NOT_FOR_ENFORCEMENT,463.9088,46319.4703,483.2383,463.9088,19.3295,0.00902045,0.00865963,19.3295,463.9088,0.00865963,19.3295,19.3295,24.1619,0.0000,0.0000,463.9088,0.00865963,62.8210,60.1535,420.4173,423.0848,0.00784779,0.00789758,0.00036082,9.3346,8.4088,0.0842,5.5545,0.2517,615.7635,65.9540,8.3255,9.6426,5.1431,5.1891,8.2617,16.7816,25.8881,44.2602,5.1891,0.0,4.9889,8.529385,1.798876,29,193,98,2,0.20855820,0.00902045,0.00297427,0E-8,0.000000,0.900656,0.000000,0.00763944,2026-03-21,2026-08-06,87,1920,882,139,0.625899,0.863400,0.891889,0.695194,,,,,,,,GLOBAL_BASELINE_NO_ENTITY_RANKING,,,NOT_APPLICABLE_GLOBAL_BASELINE,HF9g-P5,,,,X 全窗基线 · 不参与实体赏罚,8397169,840,A168_HF9F_20260827_0900,2026-08-27 09:00:00
2026-06-26,54653530,2246,0,13.1149227248,2.4301180343,2.4301180343,0.5000000,2,2,0.50665070000000000,0.506650700000,-0.018812684590367487,-0.018812684590367487,-0.018812684590367487,0E-17,ELIGIBLE,R03b_20260811_FULL_v1,L1_ELIGIBILITY,v2026-08-11,2026-03-21..2026-08-06,baccarat_bet02_101_all_pairs_incl_sentinel,round_win = game_pnl > 0 (decisive only),COMPATIBILITY_ONLY_NOT_PRODUCTION,53571.4227,48249.4483,483.2383,5739,5738,-0.00902045,-0.00297427,-0.01061372,-0.00902045,-483.2383,53571.4227,OK,0.0000,19.3295,4.0000,96.0000,AG03-UNRESOLVED,ALL5_LEVELS_bet23_to_bet27,19.3295,19.3295,24.1619,0.0000,0.0000,4.000000,4.000000,5.000000,0.000000,0.000000,96.000000,96.000000,95.000000,100.000000,100.000000,5.0,62.8210,60.1535,420.4173,423.0848,PENDING_AG03,FALSE,NOT_FOR_ENFORCEMENT,463.9088,46319.4703,483.2383,463.9088,19.3295,0.00902045,0.00865963,19.3295,463.9088,0.00865963,19.3295,19.3295,24.1619,0.0000,0.0000,463.9088,0.00865963,62.8210,60.1535,420.4173,423.0848,0.00784779,0.00789758,0.00036082,9.3346,8.4088,0.0842,5.5545,0.2517,615.7635,65.9540,8.3255,9.6426,5.1431,5.1891,8.2617,16.7816,25.8881,44.2602,5.1891,0.0,4.9889,8.529385,1.798876,29,193,98,2,0.20855820,0.00902045,0.00297427,0E-8,0.000000,0.900656,0.000000,0.00763944,2026-03-21,2026-08-06,87,1920,882,139,0.625899,0.863400,0.891889,0.695194,,,,,,,,GLOBAL_BASELINE_NO_ENTITY_RANKING,,,NOT_APPLICABLE_GLOBAL_BASELINE,HF9g-P5,,,,X 全窗基线 · 不参与实体赏罚,8397170,840,A168_HF9F_20260827_0900,2026-08-27 09:00:00
2026-06-26,54653530,2252,0,5.1431069509,4.8859516034,4.8859516034,1.0000000,1,1,0.50665070000000000,0.506650700000,0.9867858985152569,0.9867858985152569,0.9867858985152569,0E-17,ELIGIBLE,R03b_20260811_FULL_v1,L1_ELIGIBILITY,v2026-08-11,2026-03-21..2026-08-06,baccarat_bet02_101_all_pairs_incl_sentinel,round_win = game_pnl > 0 (decisive only),COMPATIBILITY_ONLY_NOT_PRODUCTION,53571.4227,48249.4483,483.2383,5739,5738,-0.00902045,-0.00297427,-0.01061372,-0.00902045,-483.2383,53571.4227,OK,0.0000,19.3295,4.0000,96.0000,AG03-UNRESOLVED,ALL5_LEVELS_bet23_to_bet27,19.3295,19.3295,24.1619,0.0000,0.0000,4.000000,4.000000,5.000000,0.000000,0.000000,96.000000,96.000000,95.000000,100.000000,100.000000,5.0,62.8210,60.1535,420.4173,423.0848,PENDING_AG03,FALSE,NOT_FOR_ENFORCEMENT,463.9088,46319.4703,483.2383,463.9088,19.3295,0.00902045,0.00865963,19.3295,463.9088,0.00865963,19.3295,19.3295,24.1619,0.0000,0.0000,463.9088,0.00865963,62.8210,60.1535,420.4173,423.0848,0.00784779,0.00789758,0.00036082,9.3346,8.4088,0.0842,5.5545,0.2517,615.7635,65.9540,8.3255,9.6426,5.1431,5.1891,8.2617,16.7816,25.8881,44.2602,5.1891,0.0,4.9889,8.529385,1.798876,29,193,98,2,0.20855820,0.00902045,0.00297427,0E-8,0.000000,0.900656,0.000000,0.00763944,2026-03-21,2026-08-06,87,1920,882,139,0.625899,0.863400,0.891889,0.695194,,,,,,,,GLOBAL_BASELINE_NO_ENTITY_RANKING,,,NOT_APPLICABLE_GLOBAL_BASELINE,HF9g-P5,,,,X 全窗基线 · 不参与实体赏罚,8397171,840,A168_HF9F_20260827_0900,2026-08-27 09:00:00
2026-06-26,54653530,2276,0,5.1431069509,4.8859516034,4.8859516034,1.0000000,1,1,0.50665070000000000,0.506650700000,0.9867858985152569,0.9867858985152569,0.9867858985152569,0E-17,ELIGIBLE,R03b_20260811_FULL_v1,L1_ELIGIBILITY,v2026-08-11,2026-03-21..2026-08-06,baccarat_bet02_101_all_pairs_incl_sentinel,round_win = game_pnl > 0 (decisive only),COMPATIBILITY_ONLY_NOT_PRODUCTION,53571.4227,48249.4483,483.2383,5739,5738,-0.00902045,-0.00297427,-0.01061372,-0.00902045,-483.2383,53571.4227,OK,0.0000,19.3295,4.0000,96.0000,AG03-UNRESOLVED,ALL5_LEVELS_bet23_to_bet27,19.3295,19.3295,24.1619,0.0000,0.0000,4.000000,4.000000,5.000000,0.000000,0.000000,96.000000,96.000000,95.000000,100.000000,100.000000,5.0,62.8210,60.1535,420.4173,423.0848,PENDING_AG03,FALSE,NOT_FOR_ENFORCEMENT,463.9088,46319.4703,483.2383,463.9088,19.3295,0.00902045,0.00865963,19.3295,463.9088,0.00865963,19.3295,19.3295,24.1619,0.0000,0.0000,463.9088,0.00865963,62.8210,60.1535,420.4173,423.0848,0.00784779,0.00789758,0.00036082,9.3346,8.4088,0.0842,5.5545,0.2517,615.7635,65.9540,8.3255,9.6426,5.1431,5.1891,8.2617,16.7816,25.8881,44.2602,5.1891,0.0,4.9889,8.529385,1.798876,29,193,98,2,0.20855820,0.00902045,0.00297427,0E-8,0.000000,0.900656,0.000000,0.00763944,2026-03-21,2026-08-06,87,1920,882,139,0.625899,0.863400,0.891889,0.695194,,,,,,,,GLOBAL_BASELINE_NO_ENTITY_RANKING,,,NOT_APPLICABLE_GLOBAL_BASELINE,HF9g-P5,,,,X 全窗基线 · 不参与实体赏罚,8397172,840,A168_HF9F_20260827_0900,2026-08-27 09:00:00
2026-06-26,54653530,2281,0,18.2580296757,7.3160696377,7.3160696377,0.6666667,3,3,0.50665070000000000,0.506650700000,0.5543606114942035,0.5543606114942035,0.5543606114942035,0E-17,ELIGIBLE,R03b_20260811_FULL_v1,L1_ELIGIBILITY,v2026-08-11,2026-03-21..2026-08-06,baccarat_bet02_101_all_pairs_incl_sentinel,round_win = game_pnl > 0 (decisive only),COMPATIBILITY_ONLY_NOT_PRODUCTION,53571.4227,48249.4483,483.2383,5739,5738,-0.00902045,-0.00297427,-0.01061372,-0.00902045,-483.2383,53571.4227,OK,0.0000,19.3295,4.0000,96.0000,AG03-UNRESOLVED,ALL5_LEVELS_bet23_to_bet27,19.3295,19.3295,24.1619,0.0000,0.0000,4.000000,4.000000,5.000000,0.000000,0.000000,96.000000,96.000000,95.000000,100.000000,100.000000,5.0,62.8210,60.1535,420.4173,423.0848,PENDING_AG03,FALSE,NOT_FOR_ENFORCEMENT,463.9088,46319.4703,483.2383,463.9088,19.3295,0.00902045,0.00865963,19.3295,463.9088,0.00865963,19.3295,19.3295,24.1619,0.0000,0.0000,463.9088,0.00865963,62.8210,60.1535,420.4173,423.0848,0.00784779,0.00789758,0.00036082,9.3346,8.4088,0.0842,5.5545,0.2517,615.7635,65.9540,8.3255,9.6426,5.1431,5.1891,8.2617,16.7816,25.8881,44.2602,5.1891,0.0,4.9889,8.529385,1.798876,29,193,98,2,0.20855820,0.00902045,0.00297427,0E-8,0.000000,0.900656,0.000000,0.00763944,2026-03-21,2026-08-06,87,1920,882,139,0.625899,0.863400,0.891889,0.695194,,,,,,,,GLOBAL_BASELINE_NO_ENTITY_RANKING,,,NOT_APPLICABLE_GLOBAL_BASELINE,HF9g-P5,,,,X 全窗基线 · 不参与实体赏罚,8397173,840,A168_HF9F_20260827_0900,2026-08-27 09:00:00
2026-06-26,54653530,526,0,61.9744387584,-20.9710185923,-20.9710185923,0.3333333,9,9,0.50367176666666667,0.503671766667,-0.8345069922372071,-0.8345069922388444,-0.8345069922372071,-3.3333E-13,ELIGIBLE,R03b_20260811_FULL_v1,L1_ELIGIBILITY,v2026-08-11,2026-03-21..2026-08-06,baccarat_bet02_101_all_pairs_incl_sentinel,round_win = game_pnl > 0 (decisive only),COMPATIBILITY_ONLY_NOT_PRODUCTION,53571.4227,48249.4483,483.2383,5739,5738,-0.00902045,-0.00297427,-0.01061372,-0.00902045,-483.2383,53571.4227,OK,0.0000,19.3295,4.0000,96.0000,AG03-UNRESOLVED,ALL5_LEVELS_bet23_to_bet27,19.3295,19.3295,24.1619,0.0000,0.0000,4.000000,4.000000,5.000000,0.000000,0.000000,96.000000,96.000000,95.000000,100.000000,100.000000,5.0,62.8210,60.1535,420.4173,423.0848,PENDING_AG03,FALSE,NOT_FOR_ENFORCEMENT,463.9088,46319.4703,483.2383,463.9088,19.3295,0.00902045,0.00865963,19.3295,463.9088,0.00865963,19.3295,19.3295,24.1619,0.0000,0.0000,463.9088,0.00865963,62.8210,60.1535,420.4173,423.0848,0.00784779,0.00789758,0.00036082,9.3346,8.4088,0.0842,5.5545,0.2517,615.7635,65.9540,8.3255,9.6426,5.1431,5.1891,8.2617,16.7816,25.8881,44.2602,5.1891,0.0,4.9889,8.529385,1.798876,29,193,98,2,0.20855820,0.00902045,0.00297427,0E-8,0.000000,0.900656,0.000000,0.00763944,2026-03-21,2026-08-06,87,1920,882,139,0.625899,0.863400,0.891889,0.695194,,,,,,,,GLOBAL_BASELINE_NO_ENTITY_RANKING,,,NOT_APPLICABLE_GLOBAL_BASELINE,HF9g-P5,,,,X 全窗基线 · 不参与实体赏罚,8397174,840,A168_HF9F_20260827_0900,2026-08-27 09:00:00
2026-06-26,54653530,529,0,71.7463419652,-45.0021858205,-45.0021858205,0.3333333,4,4,0.50329940000000000,0.503299400000,-0.5887925454369916,-0.5887925454369916,-0.5887925454369916,0E-17,ELIGIBLE,R03b_20260811_FULL_v1,L1_ELIGIBILITY,v2026-08-11,2026-03-21..2026-08-06,baccarat_bet02_101_all_pairs_incl_sentinel,round_win = game_pnl > 0 (decisive only),COMPATIBILITY_ONLY_NOT_PRODUCTION,53571.4227,48249.4483,483.2383,5739,5738,-0.00902045,-0.00297427,-0.01061372,-0.00902045,-483.2383,53571.4227,OK,0.0000,19.3295,4.0000,96.0000,AG03-UNRESOLVED,ALL5_LEVELS_bet23_to_bet27,19.3295,19.3295,24.1619,0.0000,0.0000,4.000000,4.000000,5.000000,0.000000,0.000000,96.000000,96.000000,95.000000,100.000000,100.000000,5.0,62.8210,60.1535,420.4173,423.0848,PENDING_AG03,FALSE,NOT_FOR_ENFORCEMENT,463.9088,46319.4703,483.2383,463.9088,19.3295,0.00902045,0.00865963,19.3295,463.9088,0.00865963,19.3295,19.3295,24.1619,0.0000,0.0000,463.9088,0.00865963,62.8210,60.1535,420.4173,423.0848,0.00784779,0.00789758,0.00036082,9.3346,8.4088,0.0842,5.5545,0.2517,615.7635,65.9540,8.3255,9.6426,5.1431,5.1891,8.2617,16.7816,25.8881,44.2602,5.1891,0.0,4.9889,8.529385,1.798876,29,193,98,2,0.20855820,0.00902045,0.00297427,0E-8,0.000000,0.900656,0.000000,0.00763944,2026-03-21,2026-08-06,87,1920,882,139,0.625899,0.863400,0.891889,0.695194,,,,,,,,GLOBAL_BASELINE_NO_ENTITY_RANKING,,,NOT_APPLICABLE_GLOBAL_BASELINE,HF9g-P5,,,,X 全窗基线 · 不参与实体赏罚,8397175,840,A168_HF9F_20260827_0900,2026-08-27 09:00:00
2026-06-26,54653530,550,0,76.1179828734,22.4368040735,22.4368040735,0.6000000,11,11,0.50421339090909091,0.504213390909,0.6058292186886555,0.6058292186892293,0.6058292186886555,9.091E-14,ELIGIBLE,R03b_20260811_FULL_v1,L1_ELIGIBILITY,v2026-08-11,2026-03-21..2026-08-06,baccarat_bet02_101_all_pairs_incl_sentinel,round_win = game_pnl > 0 (decisive only),COMPATIBILITY_ONLY_NOT_PRODUCTION,53571.4227,48249.4483,483.2383,5739,5738,-0.00902045,-0.00297427,-0.01061372,-0.00902045,-483.2383,53571.4227,OK,0.0000,19.3295,4.0000,96.0000,AG03-UNRESOLVED,ALL5_LEVELS_bet23_to_bet27,19.3295,19.3295,24.1619,0.0000,0.0000,4.000000,4.000000,5.000000,0.000000,0.000000,96.000000,96.000000,95.000000,100.000000,100.000000,5.0,62.8210,60.1535,420.4173,423.0848,PENDING_AG03,FALSE,NOT_FOR_ENFORCEMENT,463.9088,46319.4703,483.2383,463.9088,19.3295,0.00902045,0.00865963,19.3295,463.9088,0.00865963,19.3295,19.3295,24.1619,0.0000,0.0000,463.9088,0.00865963,62.8210,60.1535,420.4173,423.0848,0.00784779,0.00789758,0.00036082,9.3346,8.4088,0.0842,5.5545,0.2517,615.7635,65.9540,8.3255,9.6426,5.1431,5.1891,8.2617,16.7816,25.8881,44.2602,5.1891,0.0,4.9889,8.529385,1.798876,29,193,98,2,0.20855820,0.00902045,0.00297427,0E-8,0.000000,0.900656,0.000000,0.00763944,2026-03-21,2026-08-06,87,1920,882,139,0.625899,0.863400,0.891889,0.695194,,,,,,,,GLOBAL_BASELINE_NO_ENTITY_RANKING,,,NOT_APPLICABLE_GLOBAL_BASELINE,HF9g-P5,,,,X 全窗基线 · 不参与实体赏罚,8397176,840,A168_HF9F_20260827_0900,2026-08-27 09:00:00
2026-06-26,54653530,772,0,69.4319438372,8.2932599584,8.2932599584,0.4000000,5,5,0.50665070000000000,0.506650700000,-0.4769986289884125,-0.4769986289884125,-0.4769986289884125,0E-17,ELIGIBLE,R03b_20260811_FULL_v1,L1_ELIGIBILITY,v2026-08-11,2026-03-21..2026-08-06,baccarat_bet02_101_all_pairs_incl_sentinel,round_win = game_pnl > 0 (decisive only),COMPATIBILITY_ONLY_NOT_PRODUCTION,53571.4227,48249.4483,483.2383,5739,5738,-0.00902045,-0.00297427,-0.01061372,-0.00902045,-483.2383,53571.4227,OK,0.0000,19.3295,4.0000,96.0000,AG03-UNRESOLVED,ALL5_LEVELS_bet23_to_bet27,19.3295,19.3295,24.1619,0.0000,0.0000,4.000000,4.000000,5.000000,0.000000,0.000000,96.000000,96.000000,95.000000,100.000000,100.000000,5.0,62.8210,60.1535,420.4173,423.0848,PENDING_AG03,FALSE,NOT_FOR_ENFORCEMENT,463.9088,46319.4703,483.2383,463.9088,19.3295,0.00902045,0.00865963,19.3295,463.9088,0.00865963,19.3295,19.3295,24.1619,0.0000,0.0000,463.9088,0.00865963,62.8210,60.1535,420.4173,423.0848,0.00784779,0.00789758,0.00036082,9.3346,8.4088,0.0842,5.5545,0.2517,615.7635,65.9540,8.3255,9.6426,5.1431,5.1891,8.2617,16.7816,25.8881,44.2602,5.1891,0.0,4.9889,8.529385,1.798876,29,193,98,2,0.20855820,0.00902045,0.00297427,0E-8,0.000000,0.900656,0.000000,0.00763944,2026-03-21,2026-08-06,87,1920,882,139,0.625899,0.863400,0.891889,0.695194,,,,,,,,GLOBAL_BASELINE_NO_ENTITY_RANKING,,,NOT_APPLICABLE_GLOBAL_BASELINE,HF9g-P5,,,,X 全窗基线 · 不参与实体赏罚,8397177,840,A168_HF9F_20260827_0900,2026-08-27 09:00:00
2026-06-26,54653530,925,0,39.8590788695,7.4060740094,7.4060740094,0.5000000,5,5,0.50665070000000000,0.506650700000,-0.02660515369234503,-0.02660515369234503,-0.02660515369234503,0E-17,ELIGIBLE,R03b_20260811_FULL_v1,L1_ELIGIBILITY,v2026-08-11,2026-03-21..2026-08-06,baccarat_bet02_101_all_pairs_incl_sentinel,round_win = game_pnl > 0 (decisive only),COMPATIBILITY_ONLY_NOT_PRODUCTION,53571.4227,48249.4483,483.2383,5739,5738,-0.00902045,-0.00297427,-0.01061372,-0.00902045,-483.2383,53571.4227,OK,0.0000,19.3295,4.0000,96.0000,AG03-UNRESOLVED,ALL5_LEVELS_bet23_to_bet27,19.3295,19.3295,24.1619,0.0000,0.0000,4.000000,4.000000,5.000000,0.000000,0.000000,96.000000,96.000000,95.000000,100.000000,100.000000,5.0,62.8210,60.1535,420.4173,423.0848,PENDING_AG03,FALSE,NOT_FOR_ENFORCEMENT,463.9088,46319.4703,483.2383,463.9088,19.3295,0.00902045,0.00865963,19.3295,463.9088,0.00865963,19.3295,19.3295,24.1619,0.0000,0.0000,463.9088,0.00865963,62.8210,60.1535,420.4173,423.0848,0.00784779,0.00789758,0.00036082,9.3346,8.4088,0.0842,5.5545,0.2517,615.7635,65.9540,8.3255,9.6426,5.1431,5.1891,8.2617,16.7816,25.8881,44.2602,5.1891,0.0,4.9889,8.529385,1.798876,29,193,98,2,0.20855820,0.00902045,0.00297427,0E-8,0.000000,0.900656,0.000000,0.00763944,2026-03-21,2026-08-06,87,1920,882,139,0.625899,0.863400,0.891889,0.695194,,,,,,,,GLOBAL_BASELINE_NO_ENTITY_RANKING,,,NOT_APPLICABLE_GLOBAL_BASELINE,HF9g-P5,,,,X 全窗基线 · 不参与实体赏罚,8397178,840,A168_HF9F_20260827_0900,2026-08-27 09:00:00
2026-06-26,54653530,986,0,33.6873505284,17.3451281920,17.3451281920,0.8000000,6,6,0.50441650000000000,0.504416500000,1.3219411692341432,1.3219411692341432,1.3219411692341432,0E-17,ELIGIBLE,R03b_20260811_FULL_v1,L1_ELIGIBILITY,v2026-08-11,2026-03-21..2026-08-06,baccarat_bet02_101_all_pairs_incl_sentinel,round_win = game_pnl > 0 (decisive only),COMPATIBILITY_ONLY_NOT_PRODUCTION,53571.4227,48249.4483,483.2383,5739,5738,-0.00902045,-0.00297427,-0.01061372,-0.00902045,-483.2383,53571.4227,OK,0.0000,19.3295,4.0000,96.0000,AG03-UNRESOLVED,ALL5_LEVELS_bet23_to_bet27,19.3295,19.3295,24.1619,0.0000,0.0000,4.000000,4.000000,5.000000,0.000000,0.000000,96.000000,96.000000,95.000000,100.000000,100.000000,5.0,62.8210,60.1535,420.4173,423.0848,PENDING_AG03,FALSE,NOT_FOR_ENFORCEMENT,463.9088,46319.4703,483.2383,463.9088,19.3295,0.00902045,0.00865963,19.3295,463.9088,0.00865963,19.3295,19.3295,24.1619,0.0000,0.0000,463.9088,0.00865963,62.8210,60.1535,420.4173,423.0848,0.00784779,0.00789758,0.00036082,9.3346,8.4088,0.0842,5.5545,0.2517,615.7635,65.9540,8.3255,9.6426,5.1431,5.1891,8.2617,16.7816,25.8881,44.2602,5.1891,0.0,4.9889,8.529385,1.798876,29,193,98,2,0.20855820,0.00902045,0.00297427,0E-8,0.000000,0.900656,0.000000,0.00763944,2026-03-21,2026-08-06,87,1920,882,139,0.625899,0.863400,0.891889,0.695194,,,,,,,,GLOBAL_BASELINE_NO_ENTITY_RANKING,,,NOT_APPLICABLE_GLOBAL_BASELINE,HF9g-P5,,,,X 全窗基线 · 不参与实体赏罚,8397179,840,A168_HF9F_20260827_0900,2026-08-27 09:00:00
2026-06-27,54653530,-1,1,111.0911101398,-83.3183326048,-83.3183326048,0.2222222,10,10,0.50665070000000000,0.506650700000,-1.7067218561408997,-1.7067218561408997,-1.7067218561408997,0E-17,SENTINEL_DEALER,R03b_20260811_FULL_v1,L1_ELIGIBILITY,v2026-08-11,2026-03-21..2026-08-06,baccarat_bet02_101_all_pairs_incl_sentinel,round_win = game_pnl > 0 (decisive only),COMPATIBILITY_ONLY_NOT_PRODUCTION,53571.4227,48249.4483,483.2383,5739,5738,-0.00902045,-0.00297427,-0.01061372,-0.00902045,-483.2383,53571.4227,OK,0.0000,19.3295,4.0000,96.0000,AG03-UNRESOLVED,ALL5_LEVELS_bet23_to_bet27,19.3295,19.3295,24.1619,0.0000,0.0000,4.000000,4.000000,5.000000,0.000000,0.000000,96.000000,96.000000,95.000000,100.000000,100.000000,5.0,62.8210,60.1535,420.4173,423.0848,PENDING_AG03,FALSE,NOT_FOR_ENFORCEMENT,463.9088,46319.4703,483.2383,463.9088,19.3295,0.00902045,0.00865963,19.3295,463.9088,0.00865963,19.3295,19.3295,24.1619,0.0000,0.0000,463.9088,0.00865963,62.8210,60.1535,420.4173,423.0848,0.00784779,0.00789758,0.00036082,9.3346,8.4088,0.0842,5.5545,0.2517,615.7635,65.9540,8.3255,9.6426,5.1431,5.1891,8.2617,16.7816,25.8881,44.2602,5.1891,0.0,4.9889,8.529385,1.798876,29,193,98,2,0.20855820,0.00902045,0.00297427,0E-8,0.000000,0.900656,0.000000,0.00763944,2026-03-21,2026-08-06,87,1920,882,139,0.625899,0.863400,0.891889,0.695194,,,,,,,,GLOBAL_BASELINE_NO_ENTITY_RANKING,,,NOT_APPLICABLE_GLOBAL_BASELINE,HF9g-P5,,,,X 全窗基线 · 不参与实体赏罚,8397180,840,A168_HF9F_20260827_0900,2026-08-27 09:00:00
2026-06-27,54653530,1115,0,13.1149227248,2.4301180343,2.4301180343,0.5000000,2,2,0.50665070000000000,0.506650700000,-0.018812684590367487,-0.018812684590367487,-0.018812684590367487,0E-17,ELIGIBLE,R03b_20260811_FULL_v1,L1_ELIGIBILITY,v2026-08-11,2026-03-21..2026-08-06,baccarat_bet02_101_all_pairs_incl_sentinel,round_win = game_pnl > 0 (decisive only),COMPATIBILITY_ONLY_NOT_PRODUCTION,53571.4227,48249.4483,483.2383,5739,5738,-0.00902045,-0.00297427,-0.01061372,-0.00902045,-483.2383,53571.4227,OK,0.0000,19.3295,4.0000,96.0000,AG03-UNRESOLVED,ALL5_LEVELS_bet23_to_bet27,19.3295,19.3295,24.1619,0.0000,0.0000,4.000000,4.000000,5.000000,0.000000,0.000000,96.000000,96.000000,95.000000,100.000000,100.000000,5.0,62.8210,60.1535,420.4173,423.0848,PENDING_AG03,FALSE,NOT_FOR_ENFORCEMENT,463.9088,46319.4703,483.2383,463.9088,19.3295,0.00902045,0.00865963,19.3295,463.9088,0.00865963,19.3295,19.3295,24.1619,0.0000,0.0000,463.9088,0.00865963,62.8210,60.1535,420.4173,423.0848,0.00784779,0.00789758,0.00036082,9.3346,8.4088,0.0842,5.5545,0.2517,615.7635,65.9540,8.3255,9.6426,5.1431,5.1891,8.2617,16.7816,25.8881,44.2602,5.1891,0.0,4.9889,8.529385,1.798876,29,193,98,2,0.20855820,0.00902045,0.00297427,0E-8,0.000000,0.900656,0.000000,0.00763944,2026-03-21,2026-08-06,87,1920,882,139,0.625899,0.863400,0.891889,0.695194,,,,,,,,GLOBAL_BASELINE_NO_ENTITY_RANKING,,,NOT_APPLICABLE_GLOBAL_BASELINE,HF9g-P5,,,,X 全窗基线 · 不参与实体赏罚,8397181,840,A168_HF9F_20260827_0900,2026-08-27 09:00:00
2026-06-27,54653530,1151,0,74.5750507882,-59.1457299355,-59.1457299355,0E-7,5,5,0.50665070000000000,0.506650700000,-2.026782104415204,-2.026782104415204,-2.026782104415204,0E-17,ELIGIBLE,R03b_20260811_FULL_v1,L1_ELIGIBILITY,v2026-08-11,2026-03-21..2026-08-06,baccarat_bet02_101_all_pairs_incl_sentinel,round_win = game_pnl > 0 (decisive only),COMPATIBILITY_ONLY_NOT_PRODUCTION,53571.4227,48249.4483,483.2383,5739,5738,-0.00902045,-0.00297427,-0.01061372,-0.00902045,-483.2383,53571.4227,OK,0.0000,19.3295,4.0000,96.0000,AG03-UNRESOLVED,ALL5_LEVELS_bet23_to_bet27,19.3295,19.3295,24.1619,0.0000,0.0000,4.000000,4.000000,5.000000,0.000000,0.000000,96.000000,96.000000,95.000000,100.000000,100.000000,5.0,62.8210,60.1535,420.4173,423.0848,PENDING_AG03,FALSE,NOT_FOR_ENFORCEMENT,463.9088,46319.4703,483.2383,463.9088,19.3295,0.00902045,0.00865963,19.3295,463.9088,0.00865963,19.3295,19.3295,24.1619,0.0000,0.0000,463.9088,0.00865963,62.8210,60.1535,420.4173,423.0848,0.00784779,0.00789758,0.00036082,9.3346,8.4088,0.0842,5.5545,0.2517,615.7635,65.9540,8.3255,9.6426,5.1431,5.1891,8.2617,16.7816,25.8881,44.2602,5.1891,0.0,4.9889,8.529385,1.798876,29,193,98,2,0.20855820,0.00902045,0.00297427,0E-8,0.000000,0.900656,0.000000,0.00763944,2026-03-21,2026-08-06,87,1920,882,139,0.625899,0.863400,0.891889,0.695194,,,,,,,,GLOBAL_BASELINE_NO_ENTITY_RANKING,,,NOT_APPLICABLE_GLOBAL_BASELINE,HF9g-P5,,,,X 全窗基线 · 不参与实体赏罚,8397182,840,A168_HF9F_20260827_0900,2026-08-27 09:00:00
2026-06-27,54653530,1210,0,23.1439812791,12.6006120298,12.6006120298,0.7500000,4,4,0.49994810000000000,0.499948100000,1.0002076053883384,1.0002076053883384,1.0002076053883384,0E-17,ELIGIBLE,R03b_20260811_FULL_v1,L1_ELIGIBILITY,v2026-08-11,2026-03-21..2026-08-06,baccarat_bet02_101_all_pairs_incl_sentinel,round_win = game_pnl > 0 (decisive only),COMPATIBILITY_ONLY_NOT_PRODUCTION,53571.4227,48249.4483,483.2383,5739,5738,-0.00902045,-0.00297427,-0.01061372,-0.00902045,-483.2383,53571.4227,OK,0.0000,19.3295,4.0000,96.0000,AG03-UNRESOLVED,ALL5_LEVELS_bet23_to_bet27,19.3295,19.3295,24.1619,0.0000,0.0000,4.000000,4.000000,5.000000,0.000000,0.000000,96.000000,96.000000,95.000000,100.000000,100.000000,5.0,62.8210,60.1535,420.4173,423.0848,PENDING_AG03,FALSE,NOT_FOR_ENFORCEMENT,463.9088,46319.4703,483.2383,463.9088,19.3295,0.00902045,0.00865963,19.3295,463.9088,0.00865963,19.3295,19.3295,24.1619,0.0000,0.0000,463.9088,0.00865963,62.8210,60.1535,420.4173,423.0848,0.00784779,0.00789758,0.00036082,9.3346,8.4088,0.0842,5.5545,0.2517,615.7635,65.9540,8.3255,9.6426,5.1431,5.1891,8.2617,16.7816,25.8881,44.2602,5.1891,0.0,4.9889,8.529385,1.798876,29,193,98,2,0.20855820,0.00902045,0.00297427,0E-8,0.000000,0.900656,0.000000,0.00763944,2026-03-21,2026-08-06,87,1920,882,139,0.625899,0.863400,0.891889,0.695194,,,,,,,,GLOBAL_BASELINE_NO_ENTITY_RANKING,,,NOT_APPLICABLE_GLOBAL_BASELINE,HF9g-P5,,,,X 全窗基线 · 不参与实体赏罚,8397183,840,A168_HF9F_20260827_0900,2026-08-27 09:00:00
2026-06-27,54653530,1304,0,5.1431069509,4.8859516034,4.8859516034,1.0000000,1,1,0.50665070000000000,0.506650700000,0.9867858985152569,0.9867858985152569,0.9867858985152569,0E-17,ELIGIBLE,R03b_20260811_FULL_v1,L1_ELIGIBILITY,v2026-08-11,2026-03-21..2026-08-06,baccarat_bet02_101_all_pairs_incl_sentinel,round_win = game_pnl > 0 (decisive only),COMPATIBILITY_ONLY_NOT_PRODUCTION,53571.4227,48249.4483,483.2383,5739,5738,-0.00902045,-0.00297427,-0.01061372,-0.00902045,-483.2383,53571.4227,OK,0.0000,19.3295,4.0000,96.0000,AG03-UNRESOLVED,ALL5_LEVELS_bet23_to_bet27,19.3295,19.3295,24.1619,0.0000,0.0000,4.000000,4.000000,5.000000,0.000000,0.000000,96.000000,96.000000,95.000000,100.000000,100.000000,5.0,62.8210,60.1535,420.4173,423.0848,PENDING_AG03,FALSE,NOT_FOR_ENFORCEMENT,463.9088,46319.4703,483.2383,463.9088,19.3295,0.00902045,0.00865963,19.3295,463.9088,0.00865963,19.3295,19.3295,24.1619,0.0000,0.0000,463.9088,0.00865963,62.8210,60.1535,420.4173,423.0848,0.00784779,0.00789758,0.00036082,9.3346,8.4088,0.0842,5.5545,0.2517,615.7635,65.9540,8.3255,9.6426,5.1431,5.1891,8.2617,16.7816,25.8881,44.2602,5.1891,0.0,4.9889,8.529385,1.798876,29,193,98,2,0.20855820,0.00902045,0.00297427,0E-8,0.000000,0.900656,0.000000,0.00763944,2026-03-21,2026-08-06,87,1920,882,139,0.625899,0.863400,0.891889,0.695194,,,,,,,,GLOBAL_BASELINE_NO_ENTITY_RANKING,,,NOT_APPLICABLE_GLOBAL_BASELINE,HF9g-P5,,,,X 全窗基线 · 不参与实体赏罚,8397184,840,A168_HF9F_20260827_0900,2026-08-27 09:00:00
2026-06-27,54653530,1331,0,25.9726901021,4.6159384884,4.6159384884,0.5000000,4,4,0.50329940000000000,0.503299400000,-0.01319788734859681,-0.01319788734859681,-0.01319788734859681,0E-17,ELIGIBLE,R03b_20260811_FULL_v1,L1_ELIGIBILITY,v2026-08-11,2026-03-21..2026-08-06,baccarat_bet02_101_all_pairs_incl_sentinel,round_win = game_pnl > 0 (decisive only),COMPATIBILITY_ONLY_NOT_PRODUCTION,53571.4227,48249.4483,483.2383,5739,5738,-0.00902045,-0.00297427,-0.01061372,-0.00902045,-483.2383,53571.4227,OK,0.0000,19.3295,4.0000,96.0000,AG03-UNRESOLVED,ALL5_LEVELS_bet23_to_bet27,19.3295,19.3295,24.1619,0.0000,0.0000,4.000000,4.000000,5.000000,0.000000,0.000000,96.000000,96.000000,95.000000,100.000000,100.000000,5.0,62.8210,60.1535,420.4173,423.0848,PENDING_AG03,FALSE,NOT_FOR_ENFORCEMENT,463.9088,46319.4703,483.2383,463.9088,19.3295,0.00902045,0.00865963,19.3295,463.9088,0.00865963,19.3295,19.3295,24.1619,0.0000,0.0000,463.9088,0.00865963,62.8210,60.1535,420.4173,423.0848,0.00784779,0.00789758,0.00036082,9.3346,8.4088,0.0842,5.5545,0.2517,615.7635,65.9540,8.3255,9.6426,5.1431,5.1891,8.2617,16.7816,25.8881,44.2602,5.1891,0.0,4.9889,8.529385,1.798876,29,193,98,2,0.20855820,0.00902045,0.00297427,0E-8,0.000000,0.900656,0.000000,0.00763944,2026-03-21,2026-08-06,87,1920,882,139,0.625899,0.863400,0.891889,0.695194,,,,,,,,GLOBAL_BASELINE_NO_ENTITY_RANKING,,,NOT_APPLICABLE_GLOBAL_BASELINE,HF9g-P5,,,,X 全窗基线 · 不参与实体赏罚,8397185,840,A168_HF9F_20260827_0900,2026-08-27 09:00:00
2026-06-27,54653530,1353,0,29.3157096202,2.2758248258,2.2758248258,0.3333333,3,3,0.50665070000000000,0.506650700000,-0.6004420894325239,-0.6004420894325239,-0.6004420894325239,0E-17,ELIGIBLE,R03b_20260811_FULL_v1,L1_ELIGIBILITY,v2026-08-11,2026-03-21..2026-08-06,baccarat_bet02_101_all_pairs_incl_sentinel,round_win = game_pnl > 0 (decisive only),COMPATIBILITY_ONLY_NOT_PRODUCTION,53571.4227,48249.4483,483.2383,5739,5738,-0.00902045,-0.00297427,-0.01061372,-0.00902045,-483.2383,53571.4227,OK,0.0000,19.3295,4.0000,96.0000,AG03-UNRESOLVED,ALL5_LEVELS_bet23_to_bet27,19.3295,19.3295,24.1619,0.0000,0.0000,4.000000,4.000000,5.000000,0.000000,0.000000,96.000000,96.000000,95.000000,100.000000,100.000000,5.0,62.8210,60.1535,420.4173,423.0848,PENDING_AG03,FALSE,NOT_FOR_ENFORCEMENT,463.9088,46319.4703,483.2383,463.9088,19.3295,0.00902045,0.00865963,19.3295,463.9088,0.00865963,19.3295,19.3295,24.1619,0.0000,0.0000,463.9088,0.00865963,62.8210,60.1535,420.4173,423.0848,0.00784779,0.00789758,0.00036082,9.3346,8.4088,0.0842,5.5545,0.2517,615.7635,65.9540,8.3255,9.6426,5.1431,5.1891,8.2617,16.7816,25.8881,44.2602,5.1891,0.0,4.9889,8.529385,1.798876,29,193,98,2,0.20855820,0.00902045,0.00297427,0E-8,0.000000,0.900656,0.000000,0.00763944,2026-03-21,2026-08-06,87,1920,882,139,0.625899,0.863400,0.891889,0.695194,,,,,,,,GLOBAL_BASELINE_NO_ENTITY_RANKING,,,NOT_APPLICABLE_GLOBAL_BASELINE,HF9g-P5,,,,X 全窗基线 · 不参与实体赏罚,8397186,840,A168_HF9F_20260827_0900,2026-08-27 09:00:00
2026-06-27,54653530,1383,0,5.1431069509,5.1431069509,5.1431069509,1.0000000,1,1,0.49324550000000000,0.493245500000,1.01360149184955,1.01360149184955,1.01360149184955,0E-17,ELIGIBLE,R03b_20260811_FULL_v1,L1_ELIGIBILITY,v2026-08-11,2026-03-21..2026-08-06,baccarat_bet02_101_all_pairs_incl_sentinel,round_win = game_pnl > 0 (decisive only),COMPATIBILITY_ONLY_NOT_PRODUCTION,53571.4227,48249.4483,483.2383,5739,5738,-0.00902045,-0.00297427,-0.01061372,-0.00902045,-483.2383,53571.4227,OK,0.0000,19.3295,4.0000,96.0000,AG03-UNRESOLVED,ALL5_LEVELS_bet23_to_bet27,19.3295,19.3295,24.1619,0.0000,0.0000,4.000000,4.000000,5.000000,0.000000,0.000000,96.000000,96.000000,95.000000,100.000000,100.000000,5.0,62.8210,60.1535,420.4173,423.0848,PENDING_AG03,FALSE,NOT_FOR_ENFORCEMENT,463.9088,46319.4703,483.2383,463.9088,19.3295,0.00902045,0.00865963,19.3295,463.9088,0.00865963,19.3295,19.3295,24.1619,0.0000,0.0000,463.9088,0.00865963,62.8210,60.1535,420.4173,423.0848,0.00784779,0.00789758,0.00036082,9.3346,8.4088,0.0842,5.5545,0.2517,615.7635,65.9540,8.3255,9.6426,5.1431,5.1891,8.2617,16.7816,25.8881,44.2602,5.1891,0.0,4.9889,8.529385,1.798876,29,193,98,2,0.20855820,0.00902045,0.00297427,0E-8,0.000000,0.900656,0.000000,0.00763944,2026-03-21,2026-08-06,87,1920,882,139,0.625899,0.863400,0.891889,0.695194,,,,,,,,GLOBAL_BASELINE_NO_ENTITY_RANKING,,,NOT_APPLICABLE_GLOBAL_BASELINE,HF9g-P5,,,,X 全窗基线 · 不参与实体赏罚,8397187,840,A168_HF9F_20260827_0900,2026-08-27 09:00:00
2026-06-27,54653530,1396,0,10.2862139018,9.7719032068,9.7719032068,1.0000000,2,2,0.50665070000000000,0.506650700000,1.3955260008387969,1.3955260008387969,1.3955260008387969,0E-17,ELIGIBLE,R03b_20260811_FULL_v1,L1_ELIGIBILITY,v2026-08-11,2026-03-21..2026-08-06,baccarat_bet02_101_all_pairs_incl_sentinel,round_win = game_pnl > 0 (decisive only),COMPATIBILITY_ONLY_NOT_PRODUCTION,53571.4227,48249.4483,483.2383,5739,5738,-0.00902045,-0.00297427,-0.01061372,-0.00902045,-483.2383,53571.4227,OK,0.0000,19.3295,4.0000,96.0000,AG03-UNRESOLVED,ALL5_LEVELS_bet23_to_bet27,19.3295,19.3295,24.1619,0.0000,0.0000,4.000000,4.000000,5.000000,0.000000,0.000000,96.000000,96.000000,95.000000,100.000000,100.000000,5.0,62.8210,60.1535,420.4173,423.0848,PENDING_AG03,FALSE,NOT_FOR_ENFORCEMENT,463.9088,46319.4703,483.2383,463.9088,19.3295,0.00902045,0.00865963,19.3295,463.9088,0.00865963,19.3295,19.3295,24.1619,0.0000,0.0000,463.9088,0.00865963,62.8210,60.1535,420.4173,423.0848,0.00784779,0.00789758,0.00036082,9.3346,8.4088,0.0842,5.5545,0.2517,615.7635,65.9540,8.3255,9.6426,5.1431,5.1891,8.2617,16.7816,25.8881,44.2602,5.1891,0.0,4.9889,8.529385,1.798876,29,193,98,2,0.20855820,0.00902045,0.00297427,0E-8,0.000000,0.900656,0.000000,0.00763944,2026-03-21,2026-08-06,87,1920,882,139,0.625899,0.863400,0.891889,0.695194,,,,,,,,GLOBAL_BASELINE_NO_ENTITY_RANKING,,,NOT_APPLICABLE_GLOBAL_BASELINE,HF9g-P5,,,,X 全窗基线 · 不参与实体赏罚,8397188,840,A168_HF9F_20260827_0900,2026-08-27 09:00:00
2026-06-27,54653530,1710,0,18.2580296757,7.5732249852,7.5732249852,0.6666667,3,3,0.50218230000000000,0.502182300000,0.5697959874915163,0.5697959874915164,0.5697959874915163,0E-17,ELIGIBLE,R03b_20260811_FULL_v1,L1_ELIGIBILITY,v2026-08-11,2026-03-21..2026-08-06,baccarat_bet02_101_all_pairs_incl_sentinel,round_win = game_pnl > 0 (decisive only),COMPATIBILITY_ONLY_NOT_PRODUCTION,53571.4227,48249.4483,483.2383,5739,5738,-0.00902045,-0.00297427,-0.01061372,-0.00902045,-483.2383,53571.4227,OK,0.0000,19.3295,4.0000,96.0000,AG03-UNRESOLVED,ALL5_LEVELS_bet23_to_bet27,19.3295,19.3295,24.1619,0.0000,0.0000,4.000000,4.000000,5.000000,0.000000,0.000000,96.000000,96.000000,95.000000,100.000000,100.000000,5.0,62.8210,60.1535,420.4173,423.0848,PENDING_AG03,FALSE,NOT_FOR_ENFORCEMENT,463.9088,46319.4703,483.2383,463.9088,19.3295,0.00902045,0.00865963,19.3295,463.9088,0.00865963,19.3295,19.3295,24.1619,0.0000,0.0000,463.9088,0.00865963,62.8210,60.1535,420.4173,423.0848,0.00784779,0.00789758,0.00036082,9.3346,8.4088,0.0842,5.5545,0.2517,615.7635,65.9540,8.3255,9.6426,5.1431,5.1891,8.2617,16.7816,25.8881,44.2602,5.1891,0.0,4.9889,8.529385,1.798876,29,193,98,2,0.20855820,0.00902045,0.00297427,0E-8,0.000000,0.900656,0.000000,0.00763944,2026-03-21,2026-08-06,87,1920,882,139,0.625899,0.863400,0.891889,0.695194,,,,,,,,GLOBAL_BASELINE_NO_ENTITY_RANKING,,,NOT_APPLICABLE_GLOBAL_BASELINE,HF9g-P5,,,,X 全窗基线 · 不参与实体赏罚,8397189,840,A168_HF9F_20260827_0900,2026-08-27 09:00:00
2026-06-27,54653530,2103,0,18.0008743282,7.4575050789,7.4575050789,0.6666667,3,3,0.50218230000000000,0.502182300000,0.5697959874915163,0.5697959874915164,0.5697959874915163,0E-17,ELIGIBLE,R03b_20260811_FULL_v1,L1_ELIGIBILITY,v2026-08-11,2026-03-21..2026-08-06,baccarat_bet02_101_all_pairs_incl_sentinel,round_win = game_pnl > 0 (decisive only),COMPATIBILITY_ONLY_NOT_PRODUCTION,53571.4227,48249.4483,483.2383,5739,5738,-0.00902045,-0.00297427,-0.01061372,-0.00902045,-483.2383,53571.4227,OK,0.0000,19.3295,4.0000,96.0000,AG03-UNRESOLVED,ALL5_LEVELS_bet23_to_bet27,19.3295,19.3295,24.1619,0.0000,0.0000,4.000000,4.000000,5.000000,0.000000,0.000000,96.000000,96.000000,95.000000,100.000000,100.000000,5.0,62.8210,60.1535,420.4173,423.0848,PENDING_AG03,FALSE,NOT_FOR_ENFORCEMENT,463.9088,46319.4703,483.2383,463.9088,19.3295,0.00902045,0.00865963,19.3295,463.9088,0.00865963,19.3295,19.3295,24.1619,0.0000,0.0000,463.9088,0.00865963,62.8210,60.1535,420.4173,423.0848,0.00784779,0.00789758,0.00036082,9.3346,8.4088,0.0842,5.5545,0.2517,615.7635,65.9540,8.3255,9.6426,5.1431,5.1891,8.2617,16.7816,25.8881,44.2602,5.1891,0.0,4.9889,8.529385,1.798876,29,193,98,2,0.20855820,0.00902045,0.00297427,0E-8,0.000000,0.900656,0.000000,0.00763944,2026-03-21,2026-08-06,87,1920,882,139,0.625899,0.863400,0.891889,0.695194,,,,,,,,GLOBAL_BASELINE_NO_ENTITY_RANKING,,,NOT_APPLICABLE_GLOBAL_BASELINE,HF9g-P5,,,,X 全窗基线 · 不参与实体赏罚,8397190,840,A168_HF9F_20260827_0900,2026-08-27 09:00:00
2026-06-27,54653530,2106,0,13.1149227248,-5.1431069509,-5.1431069509,0E-7,2,2,0.50665070000000000,0.506650700000,-1.013391052207602,-1.013391052207602,-1.013391052207602,0E-17,ELIGIBLE,R03b_20260811_FULL_v1,L1_ELIGIBILITY,v2026-08-11,2026-03-21..2026-08-06,baccarat_bet02_101_all_pairs_incl_sentinel,round_win = game_pnl > 0 (decisive only),COMPATIBILITY_ONLY_NOT_PRODUCTION,53571.4227,48249.4483,483.2383,5739,5738,-0.00902045,-0.00297427,-0.01061372,-0.00902045,-483.2383,53571.4227,OK,0.0000,19.3295,4.0000,96.0000,AG03-UNRESOLVED,ALL5_LEVELS_bet23_to_bet27,19.3295,19.3295,24.1619,0.0000,0.0000,4.000000,4.000000,5.000000,0.000000,0.000000,96.000000,96.000000,95.000000,100.000000,100.000000,5.0,62.8210,60.1535,420.4173,423.0848,PENDING_AG03,FALSE,NOT_FOR_ENFORCEMENT,463.9088,46319.4703,483.2383,463.9088,19.3295,0.00902045,0.00865963,19.3295,463.9088,0.00865963,19.3295,19.3295,24.1619,0.0000,0.0000,463.9088,0.00865963,62.8210,60.1535,420.4173,423.0848,0.00784779,0.00789758,0.00036082,9.3346,8.4088,0.0842,5.5545,0.2517,615.7635,65.9540,8.3255,9.6426,5.1431,5.1891,8.2617,16.7816,25.8881,44.2602,5.1891,0.0,4.9889,8.529385,1.798876,29,193,98,2,0.20855820,0.00902045,0.00297427,0E-8,0.000000,0.900656,0.000000,0.00763944,2026-03-21,2026-08-06,87,1920,882,139,0.625899,0.863400,0.891889,0.695194,,,,,,,,GLOBAL_BASELINE_NO_ENTITY_RANKING,,,NOT_APPLICABLE_GLOBAL_BASELINE,HF9g-P5,,,,X 全窗基线 · 不参与实体赏罚,8397191,840,A168_HF9F_20260827_0900,2026-08-27 09:00:00
2026-06-27,54653530,2134,0,13.1149227248,12.4591765886,12.4591765886,1.0000000,2,2,0.50665070000000000,0.506650700000,1.3955260008387969,1.3955260008387969,1.3955260008387969,0E-17,ELIGIBLE,R03b_20260811_FULL_v1,L1_ELIGIBILITY,v2026-08-11,2026-03-21..2026-08-06,baccarat_bet02_101_all_pairs_incl_sentinel,round_win = game_pnl > 0 (decisive only),COMPATIBILITY_ONLY_NOT_PRODUCTION,53571.4227,48249.4483,483.2383,5739,5738,-0.00902045,-0.00297427,-0.01061372,-0.00902045,-483.2383,53571.4227,OK,0.0000,19.3295,4.0000,96.0000,AG03-UNRESOLVED,ALL5_LEVELS_bet23_to_bet27,19.3295,19.3295,24.1619,0.0000,0.0000,4.000000,4.000000,5.000000,0.000000,0.000000,96.000000,96.000000,95.000000,100.000000,100.000000,5.0,62.8210,60.1535,420.4173,423.0848,PENDING_AG03,FALSE,NOT_FOR_ENFORCEMENT,463.9088,46319.4703,483.2383,463.9088,19.3295,0.00902045,0.00865963,19.3295,463.9088,0.00865963,19.3295,19.3295,24.1619,0.0000,0.0000,463.9088,0.00865963,62.8210,60.1535,420.4173,423.0848,0.00784779,0.00789758,0.00036082,9.3346,8.4088,0.0842,5.5545,0.2517,615.7635,65.9540,8.3255,9.6426,5.1431,5.1891,8.2617,16.7816,25.8881,44.2602,5.1891,0.0,4.9889,8.529385,1.798876,29,193,98,2,0.20855820,0.00902045,0.00297427,0E-8,0.000000,0.900656,0.000000,0.00763944,2026-03-21,2026-08-06,87,1920,882,139,0.625899,0.863400,0.891889,0.695194,,,,,,,,GLOBAL_BASELINE_NO_ENTITY_RANKING,,,NOT_APPLICABLE_GLOBAL_BASELINE,HF9g-P5,,,,X 全窗基线 · 不参与实体赏罚,8397192,840,A168_HF9F_20260827_0900,2026-08-27 09:00:00
2026-06-27,54653530,2169,0,29.5728649678,-29.5728649678,-29.5728649678,0E-7,3,3,0.50665070000000000,0.506650700000,-1.7552447903592512,-1.7552447903592512,-1.7552447903592512,0E-17,ELIGIBLE,R03b_20260811_FULL_v1,L1_ELIGIBILITY,v2026-08-11,2026-03-21..2026-08-06,baccarat_bet02_101_all_pairs_incl_sentinel,round_win = game_pnl > 0 (decisive only),COMPATIBILITY_ONLY_NOT_PRODUCTION,53571.4227,48249.4483,483.2383,5739,5738,-0.00902045,-0.00297427,-0.01061372,-0.00902045,-483.2383,53571.4227,OK,0.0000,19.3295,4.0000,96.0000,AG03-UNRESOLVED,ALL5_LEVELS_bet23_to_bet27,19.3295,19.3295,24.1619,0.0000,0.0000,4.000000,4.000000,5.000000,0.000000,0.000000,96.000000,96.000000,95.000000,100.000000,100.000000,5.0,62.8210,60.1535,420.4173,423.0848,PENDING_AG03,FALSE,NOT_FOR_ENFORCEMENT,463.9088,46319.4703,483.2383,463.9088,19.3295,0.00902045,0.00865963,19.3295,463.9088,0.00865963,19.3295,19.3295,24.1619,0.0000,0.0000,463.9088,0.00865963,62.8210,60.1535,420.4173,423.0848,0.00784779,0.00789758,0.00036082,9.3346,8.4088,0.0842,5.5545,0.2517,615.7635,65.9540,8.3255,9.6426,5.1431,5.1891,8.2617,16.7816,25.8881,44.2602,5.1891,0.0,4.9889,8.529385,1.798876,29,193,98,2,0.20855820,0.00902045,0.00297427,0E-8,0.000000,0.900656,0.000000,0.00763944,2026-03-21,2026-08-06,87,1920,882,139,0.625899,0.863400,0.891889,0.695194,,,,,,,,GLOBAL_BASELINE_NO_ENTITY_RANKING,,,NOT_APPLICABLE_GLOBAL_BASELINE,HF9g-P5,,,,X 全窗基线 · 不参与实体赏罚,8397193,840,A168_HF9F_20260827_0900,2026-08-27 09:00:00
2026-06-27,54653530,2241,0,49.3738267288,11.1862576183,11.1862576183,0.5000000,6,6,0.50218230000000000,0.502182300000,-0.01069114476356389,-0.01069114476356389,-0.01069114476356389,0E-17,ELIGIBLE,R03b_20260811_FULL_v1,L1_ELIGIBILITY,v2026-08-11,2026-03-21..2026-08-06,baccarat_bet02_101_all_pairs_incl_sentinel,round_win = game_pnl > 0 (decisive only),COMPATIBILITY_ONLY_NOT_PRODUCTION,53571.4227,48249.4483,483.2383,5739,5738,-0.00902045,-0.00297427,-0.01061372,-0.00902045,-483.2383,53571.4227,OK,0.0000,19.3295,4.0000,96.0000,AG03-UNRESOLVED,ALL5_LEVELS_bet23_to_bet27,19.3295,19.3295,24.1619,0.0000,0.0000,4.000000,4.000000,5.000000,0.000000,0.000000,96.000000,96.000000,95.000000,100.000000,100.000000,5.0,62.8210,60.1535,420.4173,423.0848,PENDING_AG03,FALSE,NOT_FOR_ENFORCEMENT,463.9088,46319.4703,483.2383,463.9088,19.3295,0.00902045,0.00865963,19.3295,463.9088,0.00865963,19.3295,19.3295,24.1619,0.0000,0.0000,463.9088,0.00865963,62.8210,60.1535,420.4173,423.0848,0.00784779,0.00789758,0.00036082,9.3346,8.4088,0.0842,5.5545,0.2517,615.7635,65.9540,8.3255,9.6426,5.1431,5.1891,8.2617,16.7816,25.8881,44.2602,5.1891,0.0,4.9889,8.529385,1.798876,29,193,98,2,0.20855820,0.00902045,0.00297427,0E-8,0.000000,0.900656,0.000000,0.00763944,2026-03-21,2026-08-06,87,1920,882,139,0.625899,0.863400,0.891889,0.695194,,,,,,,,GLOBAL_BASELINE_NO_ENTITY_RANKING,,,NOT_APPLICABLE_GLOBAL_BASELINE,HF9g-P5,,,,X 全窗基线 · 不参与实体赏罚,8397194,840,A168_HF9F_20260827_0900,2026-08-27 09:00:00
2026-06-27,54653530,462,0,30.8586417054,19.2866510660,19.2866510660,0.8000000,5,5,0.50665070000000000,0.506650700000,1.3120140225494112,1.3120140225494112,1.3120140225494112,0E-17,ELIGIBLE,R03b_20260811_FULL_v1,L1_ELIGIBILITY,v2026-08-11,2026-03-21..2026-08-06,baccarat_bet02_101_all_pairs_incl_sentinel,round_win = game_pnl > 0 (decisive only),COMPATIBILITY_ONLY_NOT_PRODUCTION,53571.4227,48249.4483,483.2383,5739,5738,-0.00902045,-0.00297427,-0.01061372,-0.00902045,-483.2383,53571.4227,OK,0.0000,19.3295,4.0000,96.0000,AG03-UNRESOLVED,ALL5_LEVELS_bet23_to_bet27,19.3295,19.3295,24.1619,0.0000,0.0000,4.000000,4.000000,5.000000,0.000000,0.000000,96.000000,96.000000,95.000000,100.000000,100.000000,5.0,62.8210,60.1535,420.4173,423.0848,PENDING_AG03,FALSE,NOT_FOR_ENFORCEMENT,463.9088,46319.4703,483.2383,463.9088,19.3295,0.00902045,0.00865963,19.3295,463.9088,0.00865963,19.3295,19.3295,24.1619,0.0000,0.0000,463.9088,0.00865963,62.8210,60.1535,420.4173,423.0848,0.00784779,0.00789758,0.00036082,9.3346,8.4088,0.0842,5.5545,0.2517,615.7635,65.9540,8.3255,9.6426,5.1431,5.1891,8.2617,16.7816,25.8881,44.2602,5.1891,0.0,4.9889,8.529385,1.798876,29,193,98,2,0.20855820,0.00902045,0.00297427,0E-8,0.000000,0.900656,0.000000,0.00763944,2026-03-21,2026-08-06,87,1920,882,139,0.625899,0.863400,0.891889,0.695194,,,,,,,,GLOBAL_BASELINE_NO_ENTITY_RANKING,,,NOT_APPLICABLE_GLOBAL_BASELINE,HF9g-P5,,,,X 全窗基线 · 不参与实体赏罚,8397195,840,A168_HF9F_20260827_0900,2026-08-27 09:00:00
2026-06-27,54653530,529,0,45.5164965155,2.5201224060,2.5201224060,0.3333333,5,5,0.50665070000000000,0.506650700000,-0.6004420894325239,-0.6004420894325239,-0.6004420894325239,0E-17,ELIGIBLE,R03b_20260811_FULL_v1,L1_ELIGIBILITY,v2026-08-11,2026-03-21..2026-08-06,baccarat_bet02_101_all_pairs_incl_sentinel,round_win = game_pnl > 0 (decisive only),COMPATIBILITY_ONLY_NOT_PRODUCTION,53571.4227,48249.4483,483.2383,5739,5738,-0.00902045,-0.00297427,-0.01061372,-0.00902045,-483.2383,53571.4227,OK,0.0000,19.3295,4.0000,96.0000,AG03-UNRESOLVED,ALL5_LEVELS_bet23_to_bet27,19.3295,19.3295,24.1619,0.0000,0.0000,4.000000,4.000000,5.000000,0.000000,0.000000,96.000000,96.000000,95.000000,100.000000,100.000000,5.0,62.8210,60.1535,420.4173,423.0848,PENDING_AG03,FALSE,NOT_FOR_ENFORCEMENT,463.9088,46319.4703,483.2383,463.9088,19.3295,0.00902045,0.00865963,19.3295,463.9088,0.00865963,19.3295,19.3295,24.1619,0.0000,0.0000,463.9088,0.00865963,62.8210,60.1535,420.4173,423.0848,0.00784779,0.00789758,0.00036082,9.3346,8.4088,0.0842,5.5545,0.2517,615.7635,65.9540,8.3255,9.6426,5.1431,5.1891,8.2617,16.7816,25.8881,44.2602,5.1891,0.0,4.9889,8.529385,1.798876,29,193,98,2,0.20855820,0.00902045,0.00297427,0E-8,0.000000,0.900656,0.000000,0.00763944,2026-03-21,2026-08-06,87,1920,882,139,0.625899,0.863400,0.891889,0.695194,,,,,,,,GLOBAL_BASELINE_NO_ENTITY_RANKING,,,NOT_APPLICABLE_GLOBAL_BASELINE,HF9g-P5,,,,X 全窗基线 · 不参与实体赏罚,8397196,840,A168_HF9F_20260827_0900,2026-08-27 09:00:00
2026-06-27,54653530,789,0,63.2602154962,-63.2602154962,-63.2602154962,0E-7,4,4,0.50665070000000000,0.506650700000,-2.026782104415204,-2.026782104415204,-2.026782104415204,0E-17,ELIGIBLE,R03b_20260811_FULL_v1,L1_ELIGIBILITY,v2026-08-11,2026-03-21..2026-08-06,baccarat_bet02_101_all_pairs_incl_sentinel,round_win = game_pnl > 0 (decisive only),COMPATIBILITY_ONLY_NOT_PRODUCTION,53571.4227,48249.4483,483.2383,5739,5738,-0.00902045,-0.00297427,-0.01061372,-0.00902045,-483.2383,53571.4227,OK,0.0000,19.3295,4.0000,96.0000,AG03-UNRESOLVED,ALL5_LEVELS_bet23_to_bet27,19.3295,19.3295,24.1619,0.0000,0.0000,4.000000,4.000000,5.000000,0.000000,0.000000,96.000000,96.000000,95.000000,100.000000,100.000000,5.0,62.8210,60.1535,420.4173,423.0848,PENDING_AG03,FALSE,NOT_FOR_ENFORCEMENT,463.9088,46319.4703,483.2383,463.9088,19.3295,0.00902045,0.00865963,19.3295,463.9088,0.00865963,19.3295,19.3295,24.1619,0.0000,0.0000,463.9088,0.00865963,62.8210,60.1535,420.4173,423.0848,0.00784779,0.00789758,0.00036082,9.3346,8.4088,0.0842,5.5545,0.2517,615.7635,65.9540,8.3255,9.6426,5.1431,5.1891,8.2617,16.7816,25.8881,44.2602,5.1891,0.0,4.9889,8.529385,1.798876,29,193,98,2,0.20855820,0.00902045,0.00297427,0E-8,0.000000,0.900656,0.000000,0.00763944,2026-03-21,2026-08-06,87,1920,882,139,0.625899,0.863400,0.891889,0.695194,,,,,,,,GLOBAL_BASELINE_NO_ENTITY_RANKING,,,NOT_APPLICABLE_GLOBAL_BASELINE,HF9g-P5,,,,X 全窗基线 · 不参与实体赏罚,8397197,840,A168_HF9F_20260827_0900,2026-08-27 09:00:00
2026-06-27,54653530,970,0,5.1431069509,4.8859516034,4.8859516034,1.0000000,1,1,0.50665070000000000,0.506650700000,0.9867858985152569,0.9867858985152569,0.9867858985152569,0E-17,ELIGIBLE,R03b_20260811_FULL_v1,L1_ELIGIBILITY,v2026-08-11,2026-03-21..2026-08-06,baccarat_bet02_101_all_pairs_incl_sentinel,round_win = game_pnl > 0 (decisive only),COMPATIBILITY_ONLY_NOT_PRODUCTION,53571.4227,48249.4483,483.2383,5739,5738,-0.00902045,-0.00297427,-0.01061372,-0.00902045,-483.2383,53571.4227,OK,0.0000,19.3295,4.0000,96.0000,AG03-UNRESOLVED,ALL5_LEVELS_bet23_to_bet27,19.3295,19.3295,24.1619,0.0000,0.0000,4.000000,4.000000,5.000000,0.000000,0.000000,96.000000,96.000000,95.000000,100.000000,100.000000,5.0,62.8210,60.1535,420.4173,423.0848,PENDING_AG03,FALSE,NOT_FOR_ENFORCEMENT,463.9088,46319.4703,483.2383,463.9088,19.3295,0.00902045,0.00865963,19.3295,463.9088,0.00865963,19.3295,19.3295,24.1619,0.0000,0.0000,463.9088,0.00865963,62.8210,60.1535,420.4173,423.0848,0.00784779,0.00789758,0.00036082,9.3346,8.4088,0.0842,5.5545,0.2517,615.7635,65.9540,8.3255,9.6426,5.1431,5.1891,8.2617,16.7816,25.8881,44.2602,5.1891,0.0,4.9889,8.529385,1.798876,29,193,98,2,0.20855820,0.00902045,0.00297427,0E-8,0.000000,0.900656,0.000000,0.00763944,2026-03-21,2026-08-06,87,1920,882,139,0.625899,0.863400,0.891889,0.695194,,,,,,,,GLOBAL_BASELINE_NO_ENTITY_RANKING,,,NOT_APPLICABLE_GLOBAL_BASELINE,HF9g-P5,,,,X 全窗基线 · 不参与实体赏罚,8397198,840,A168_HF9F_20260827_0900,2026-08-27 09:00:00
2026-06-28,54653530,-1,1,83.8326432999,17.2679815877,17.2679815877,0.5714286,8,8,0.50665070000000000,0.506650700000,0.34280260342128577,0.34280260342128577,0.34280260342128577,0E-17,SENTINEL_DEALER,R03b_20260811_FULL_v1,L1_ELIGIBILITY,v2026-08-11,2026-03-21..2026-08-06,baccarat_bet02_101_all_pairs_incl_sentinel,round_win = game_pnl > 0 (decisive only),COMPATIBILITY_ONLY_NOT_PRODUCTION,53571.4227,48249.4483,483.2383,5739,5738,-0.00902045,-0.00297427,-0.01061372,-0.00902045,-483.2383,53571.4227,OK,0.0000,19.3295,4.0000,96.0000,AG03-UNRESOLVED,ALL5_LEVELS_bet23_to_bet27,19.3295,19.3295,24.1619,0.0000,0.0000,4.000000,4.000000,5.000000,0.000000,0.000000,96.000000,96.000000,95.000000,100.000000,100.000000,5.0,62.8210,60.1535,420.4173,423.0848,PENDING_AG03,FALSE,NOT_FOR_ENFORCEMENT,463.9088,46319.4703,483.2383,463.9088,19.3295,0.00902045,0.00865963,19.3295,463.9088,0.00865963,19.3295,19.3295,24.1619,0.0000,0.0000,463.9088,0.00865963,62.8210,60.1535,420.4173,423.0848,0.00784779,0.00789758,0.00036082,9.3346,8.4088,0.0842,5.5545,0.2517,615.7635,65.9540,8.3255,9.6426,5.1431,5.1891,8.2617,16.7816,25.8881,44.2602,5.1891,0.0,4.9889,8.529385,1.798876,29,193,98,2,0.20855820,0.00902045,0.00297427,0E-8,0.000000,0.900656,0.000000,0.00763944,2026-03-21,2026-08-06,87,1920,882,139,0.625899,0.863400,0.891889,0.695194,,,,,,,,GLOBAL_BASELINE_NO_ENTITY_RANKING,,,NOT_APPLICABLE_GLOBAL_BASELINE,HF9g-P5,,,,X 全窗基线 · 不参与实体赏罚,8397199,840,A168_HF9F_20260827_0900,2026-08-27 09:00:00
2026-06-28,54653530,1384,0,18.0008743282,7.0717720575,7.0717720575,0.6666667,3,3,0.50218230000000000,0.502182300000,0.5697959874915163,0.5697959874915164,0.5697959874915163,0E-17,ELIGIBLE,R03b_20260811_FULL_v1,L1_ELIGIBILITY,v2026-08-11,2026-03-21..2026-08-06,baccarat_bet02_101_all_pairs_incl_sentinel,round_win = game_pnl > 0 (decisive only),COMPATIBILITY_ONLY_NOT_PRODUCTION,53571.4227,48249.4483,483.2383,5739,5738,-0.00902045,-0.00297427,-0.01061372,-0.00902045,-483.2383,53571.4227,OK,0.0000,19.3295,4.0000,96.0000,AG03-UNRESOLVED,ALL5_LEVELS_bet23_to_bet27,19.3295,19.3295,24.1619,0.0000,0.0000,4.000000,4.000000,5.000000,0.000000,0.000000,96.000000,96.000000,95.000000,100.000000,100.000000,5.0,62.8210,60.1535,420.4173,423.0848,PENDING_AG03,FALSE,NOT_FOR_ENFORCEMENT,463.9088,46319.4703,483.2383,463.9088,19.3295,0.00902045,0.00865963,19.3295,463.9088,0.00865963,19.3295,19.3295,24.1619,0.0000,0.0000,463.9088,0.00865963,62.8210,60.1535,420.4173,423.0848,0.00784779,0.00789758,0.00036082,9.3346,8.4088,0.0842,5.5545,0.2517,615.7635,65.9540,8.3255,9.6426,5.1431,5.1891,8.2617,16.7816,25.8881,44.2602,5.1891,0.0,4.9889,8.529385,1.798876,29,193,98,2,0.20855820,0.00902045,0.00297427,0E-8,0.000000,0.900656,0.000000,0.00763944,2026-03-21,2026-08-06,87,1920,882,139,0.625899,0.863400,0.891889,0.695194,,,,,,,,GLOBAL_BASELINE_NO_ENTITY_RANKING,,,NOT_APPLICABLE_GLOBAL_BASELINE,HF9g-P5,,,,X 全窗基线 · 不参与实体赏罚,8397200,840,A168_HF9F_20260827_0900,2026-08-27 09:00:00
2026-06-28,54653530,1401,0,43.7164090827,-13.6292334198,-13.6292334198,0.5000000,6,6,0.50665070000000000,0.506650700000,-0.032584525537284574,-0.032584525537284574,-0.032584525537284574,0E-17,ELIGIBLE,R03b_20260811_FULL_v1,L1_ELIGIBILITY,v2026-08-11,2026-03-21..2026-08-06,baccarat_bet02_101_all_pairs_incl_sentinel,round_win = game_pnl > 0 (decisive only),COMPATIBILITY_ONLY_NOT_PRODUCTION,53571.4227,48249.4483,483.2383,5739,5738,-0.00902045,-0.00297427,-0.01061372,-0.00902045,-483.2383,53571.4227,OK,0.0000,19.3295,4.0000,96.0000,AG03-UNRESOLVED,ALL5_LEVELS_bet23_to_bet27,19.3295,19.3295,24.1619,0.0000,0.0000,4.000000,4.000000,5.000000,0.000000,0.000000,96.000000,96.000000,95.000000,100.000000,100.000000,5.0,62.8210,60.1535,420.4173,423.0848,PENDING_AG03,FALSE,NOT_FOR_ENFORCEMENT,463.9088,46319.4703,483.2383,463.9088,19.3295,0.00902045,0.00865963,19.3295,463.9088,0.00865963,19.3295,19.3295,24.1619,0.0000,0.0000,463.9088,0.00865963,62.8210,60.1535,420.4173,423.0848,0.00784779,0.00789758,0.00036082,9.3346,8.4088,0.0842,5.5545,0.2517,615.7635,65.9540,8.3255,9.6426,5.1431,5.1891,8.2617,16.7816,25.8881,44.2602,5.1891,0.0,4.9889,8.529385,1.798876,29,193,98,2,0.20855820,0.00902045,0.00297427,0E-8,0.000000,0.900656,0.000000,0.00763944,2026-03-21,2026-08-06,87,1920,882,139,0.625899,0.863400,0.891889,0.695194,,,,,,,,GLOBAL_BASELINE_NO_ENTITY_RANKING,,,NOT_APPLICABLE_GLOBAL_BASELINE,HF9g-P5,,,,X 全窗基线 · 不参与实体赏罚,8397201,840,A168_HF9F_20260827_0900,2026-08-27 09:00:00
2026-06-28,54653530,2134,0,63.2602154962,-26.5255740993,-26.5255740993,0.1666667,7,7,0.50665070000000000,0.506650700000,-1.6657221670529434,-1.6657221670529434,-1.6657221670529434,0E-17,ELIGIBLE,R03b_20260811_FULL_v1,L1_ELIGIBILITY,v2026-08-11,2026-03-21..2026-08-06,baccarat_bet02_101_all_pairs_incl_sentinel,round_win = game_pnl > 0 (decisive only),COMPATIBILITY_ONLY_NOT_PRODUCTION,53571.4227,48249.4483,483.2383,5739,5738,-0.00902045,-0.00297427,-0.01061372,-0.00902045,-483.2383,53571.4227,OK,0.0000,19.3295,4.0000,96.0000,AG03-UNRESOLVED,ALL5_LEVELS_bet23_to_bet27,19.3295,19.3295,24.1619,0.0000,0.0000,4.000000,4.000000,5.000000,0.000000,0.000000,96.000000,96.000000,95.000000,100.000000,100.000000,5.0,62.8210,60.1535,420.4173,423.0848,PENDING_AG03,FALSE,NOT_FOR_ENFORCEMENT,463.9088,46319.4703,483.2383,463.9088,19.3295,0.00902045,0.00865963,19.3295,463.9088,0.00865963,19.3295,19.3295,24.1619,0.0000,0.0000,463.9088,0.00865963,62.8210,60.1535,420.4173,423.0848,0.00784779,0.00789758,0.00036082,9.3346,8.4088,0.0842,5.5545,0.2517,615.7635,65.9540,8.3255,9.6426,5.1431,5.1891,8.2617,16.7816,25.8881,44.2602,5.1891,0.0,4.9889,8.529385,1.798876,29,193,98,2,0.20855820,0.00902045,0.00297427,0E-8,0.000000,0.900656,0.000000,0.00763944,2026-03-21,2026-08-06,87,1920,882,139,0.625899,0.863400,0.891889,0.695194,,,,,,,,GLOBAL_BASELINE_NO_ENTITY_RANKING,,,NOT_APPLICABLE_GLOBAL_BASELINE,HF9g-P5,,,,X 全窗基线 · 不参与实体赏罚,8397202,840,A168_HF9F_20260827_0900,2026-08-27 09:00:00
2026-06-28,54653530,2169,0,28.2870882300,-28.2870882300,-28.2870882300,0E-7,3,3,0.50665070000000000,0.506650700000,-1.7552447903592512,-1.7552447903592512,-1.7552447903592512,0E-17,ELIGIBLE,R03b_20260811_FULL_v1,L1_ELIGIBILITY,v2026-08-11,2026-03-21..2026-08-06,baccarat_bet02_101_all_pairs_incl_sentinel,round_win = game_pnl > 0 (decisive only),COMPATIBILITY_ONLY_NOT_PRODUCTION,53571.4227,48249.4483,483.2383,5739,5738,-0.00902045,-0.00297427,-0.01061372,-0.00902045,-483.2383,53571.4227,OK,0.0000,19.3295,4.0000,96.0000,AG03-UNRESOLVED,ALL5_LEVELS_bet23_to_bet27,19.3295,19.3295,24.1619,0.0000,0.0000,4.000000,4.000000,5.000000,0.000000,0.000000,96.000000,96.000000,95.000000,100.000000,100.000000,5.0,62.8210,60.1535,420.4173,423.0848,PENDING_AG03,FALSE,NOT_FOR_ENFORCEMENT,463.9088,46319.4703,483.2383,463.9088,19.3295,0.00902045,0.00865963,19.3295,463.9088,0.00865963,19.3295,19.3295,24.1619,0.0000,0.0000,463.9088,0.00865963,62.8210,60.1535,420.4173,423.0848,0.00784779,0.00789758,0.00036082,9.3346,8.4088,0.0842,5.5545,0.2517,615.7635,65.9540,8.3255,9.6426,5.1431,5.1891,8.2617,16.7816,25.8881,44.2602,5.1891,0.0,4.9889,8.529385,1.798876,29,193,98,2,0.20855820,0.00902045,0.00297427,0E-8,0.000000,0.900656,0.000000,0.00763944,2026-03-21,2026-08-06,87,1920,882,139,0.625899,0.863400,0.891889,0.695194,,,,,,,,GLOBAL_BASELINE_NO_ENTITY_RANKING,,,NOT_APPLICABLE_GLOBAL_BASELINE,HF9g-P5,,,,X 全窗基线 · 不参与实体赏罚,8397203,840,A168_HF9F_20260827_0900,2026-08-27 09:00:00
2026-06-28,54653530,2222,0,5.1431069509,4.8859516034,4.8859516034,1.0000000,1,1,0.50665070000000000,0.506650700000,0.9867858985152569,0.9867858985152569,0.9867858985152569,0E-17,ELIGIBLE,R03b_20260811_FULL_v1,L1_ELIGIBILITY,v2026-08-11,2026-03-21..2026-08-06,baccarat_bet02_101_all_pairs_incl_sentinel,round_win = game_pnl > 0 (decisive only),COMPATIBILITY_ONLY_NOT_PRODUCTION,53571.4227,48249.4483,483.2383,5739,5738,-0.00902045,-0.00297427,-0.01061372,-0.00902045,-483.2383,53571.4227,OK,0.0000,19.3295,4.0000,96.0000,AG03-UNRESOLVED,ALL5_LEVELS_bet23_to_bet27,19.3295,19.3295,24.1619,0.0000,0.0000,4.000000,4.000000,5.000000,0.000000,0.000000,96.000000,96.000000,95.000000,100.000000,100.000000,5.0,62.8210,60.1535,420.4173,423.0848,PENDING_AG03,FALSE,NOT_FOR_ENFORCEMENT,463.9088,46319.4703,483.2383,463.9088,19.3295,0.00902045,0.00865963,19.3295,463.9088,0.00865963,19.3295,19.3295,24.1619,0.0000,0.0000,463.9088,0.00865963,62.8210,60.1535,420.4173,423.0848,0.00784779,0.00789758,0.00036082,9.3346,8.4088,0.0842,5.5545,0.2517,615.7635,65.9540,8.3255,9.6426,5.1431,5.1891,8.2617,16.7816,25.8881,44.2602,5.1891,0.0,4.9889,8.529385,1.798876,29,193,98,2,0.20855820,0.00902045,0.00297427,0E-8,0.000000,0.900656,0.000000,0.00763944,2026-03-21,2026-08-06,87,1920,882,139,0.625899,0.863400,0.891889,0.695194,,,,,,,,GLOBAL_BASELINE_NO_ENTITY_RANKING,,,NOT_APPLICABLE_GLOBAL_BASELINE,HF9g-P5,,,,X 全窗基线 · 不参与实体赏罚,8397204,840,A168_HF9F_20260827_0900,2026-08-27 09:00:00
2026-06-28,54653530,2261,0,18.2580296757,7.5732249852,7.5732249852,0.6666667,3,3,0.50218230000000000,0.502182300000,0.5697959874915163,0.5697959874915164,0.5697959874915163,0E-17,ELIGIBLE,R03b_20260811_FULL_v1,L1_ELIGIBILITY,v2026-08-11,2026-03-21..2026-08-06,baccarat_bet02_101_all_pairs_incl_sentinel,round_win = game_pnl > 0 (decisive only),COMPATIBILITY_ONLY_NOT_PRODUCTION,53571.4227,48249.4483,483.2383,5739,5738,-0.00902045,-0.00297427,-0.01061372,-0.00902045,-483.2383,53571.4227,OK,0.0000,19.3295,4.0000,96.0000,AG03-UNRESOLVED,ALL5_LEVELS_bet23_to_bet27,19.3295,19.3295,24.1619,0.0000,0.0000,4.000000,4.000000,5.000000,0.000000,0.000000,96.000000,96.000000,95.000000,100.000000,100.000000,5.0,62.8210,60.1535,420.4173,423.0848,PENDING_AG03,FALSE,NOT_FOR_ENFORCEMENT,463.9088,46319.4703,483.2383,463.9088,19.3295,0.00902045,0.00865963,19.3295,463.9088,0.00865963,19.3295,19.3295,24.1619,0.0000,0.0000,463.9088,0.00865963,62.8210,60.1535,420.4173,423.0848,0.00784779,0.00789758,0.00036082,9.3346,8.4088,0.0842,5.5545,0.2517,615.7635,65.9540,8.3255,9.6426,5.1431,5.1891,8.2617,16.7816,25.8881,44.2602,5.1891,0.0,4.9889,8.529385,1.798876,29,193,98,2,0.20855820,0.00902045,0.00297427,0E-8,0.000000,0.900656,0.000000,0.00763944,2026-03-21,2026-08-06,87,1920,882,139,0.625899,0.863400,0.891889,0.695194,,,,,,,,GLOBAL_BASELINE_NO_ENTITY_RANKING,,,NOT_APPLICABLE_GLOBAL_BASELINE,HF9g-P5,,,,X 全窗基线 · 不参与实体赏罚,8397205,840,A168_HF9F_20260827_0900,2026-08-27 09:00:00
2026-06-28,54653530,789,0,12.8577673773,2.1858204541,2.1858204541,0.5000000,2,2,0.50665070000000000,0.506650700000,-0.018812684590367487,-0.018812684590367487,-0.018812684590367487,0E-17,ELIGIBLE,R03b_20260811_FULL_v1,L1_ELIGIBILITY,v2026-08-11,2026-03-21..2026-08-06,baccarat_bet02_101_all_pairs_incl_sentinel,round_win = game_pnl > 0 (decisive only),COMPATIBILITY_ONLY_NOT_PRODUCTION,53571.4227,48249.4483,483.2383,5739,5738,-0.00902045,-0.00297427,-0.01061372,-0.00902045,-483.2383,53571.4227,OK,0.0000,19.3295,4.0000,96.0000,AG03-UNRESOLVED,ALL5_LEVELS_bet23_to_bet27,19.3295,19.3295,24.1619,0.0000,0.0000,4.000000,4.000000,5.000000,0.000000,0.000000,96.000000,96.000000,95.000000,100.000000,100.000000,5.0,62.8210,60.1535,420.4173,423.0848,PENDING_AG03,FALSE,NOT_FOR_ENFORCEMENT,463.9088,46319.4703,483.2383,463.9088,19.3295,0.00902045,0.00865963,19.3295,463.9088,0.00865963,19.3295,19.3295,24.1619,0.0000,0.0000,463.9088,0.00865963,62.8210,60.1535,420.4173,423.0848,0.00784779,0.00789758,0.00036082,9.3346,8.4088,0.0842,5.5545,0.2517,615.7635,65.9540,8.3255,9.6426,5.1431,5.1891,8.2617,16.7816,25.8881,44.2602,5.1891,0.0,4.9889,8.529385,1.798876,29,193,98,2,0.20855820,0.00902045,0.00297427,0E-8,0.000000,0.900656,0.000000,0.00763944,2026-03-21,2026-08-06,87,1920,882,139,0.625899,0.863400,0.891889,0.695194,,,,,,,,GLOBAL_BASELINE_NO_ENTITY_RANKING,,,NOT_APPLICABLE_GLOBAL_BASELINE,HF9g-P5,,,,X 全窗基线 · 不参与实体赏罚,8397206,840,A168_HF9F_20260827_0900,2026-08-27 09:00:00
2026-06-29,54653530,1318,0,5.1431069509,4.8859516034,4.8859516034,1.0000000,1,1,0.50665070000000000,0.506650700000,0.9867858985152569,0.9867858985152569,0.9867858985152569,0E-17,ELIGIBLE,R03b_20260811_FULL_v1,L1_ELIGIBILITY,v2026-08-11,2026-03-21..2026-08-06,baccarat_bet02_101_all_pairs_incl_sentinel,round_win = game_pnl > 0 (decisive only),COMPATIBILITY_ONLY_NOT_PRODUCTION,53571.4227,48249.4483,483.2383,5739,5738,-0.00902045,-0.00297427,-0.01061372,-0.00902045,-483.2383,53571.4227,OK,0.0000,19.3295,4.0000,96.0000,AG03-UNRESOLVED,ALL5_LEVELS_bet23_to_bet27,19.3295,19.3295,24.1619,0.0000,0.0000,4.000000,4.000000,5.000000,0.000000,0.000000,96.000000,96.000000,95.000000,100.000000,100.000000,5.0,62.8210,60.1535,420.4173,423.0848,PENDING_AG03,FALSE,NOT_FOR_ENFORCEMENT,463.9088,46319.4703,483.2383,463.9088,19.3295,0.00902045,0.00865963,19.3295,463.9088,0.00865963,19.3295,19.3295,24.1619,0.0000,0.0000,463.9088,0.00865963,62.8210,60.1535,420.4173,423.0848,0.00784779,0.00789758,0.00036082,9.3346,8.4088,0.0842,5.5545,0.2517,615.7635,65.9540,8.3255,9.6426,5.1431,5.1891,8.2617,16.7816,25.8881,44.2602,5.1891,0.0,4.9889,8.529385,1.798876,29,193,98,2,0.20855820,0.00902045,0.00297427,0E-8,0.000000,0.900656,0.000000,0.00763944,2026-03-21,2026-08-06,87,1920,882,139,0.625899,0.863400,0.891889,0.695194,,,,,,,,GLOBAL_BASELINE_NO_ENTITY_RANKING,,,NOT_APPLICABLE_GLOBAL_BASELINE,HF9g-P5,,,,X 全窗基线 · 不参与实体赏罚,8397207,840,A168_HF9F_20260827_0900,2026-08-27 09:00:00
2026-06-29,54653530,1331,0,48.8595160337,-48.8595160337,-48.8595160337,0E-7,4,4,0.50665070000000000,0.506650700000,-2.026782104415204,-2.026782104415204,-2.026782104415204,0E-17,ELIGIBLE,R03b_20260811_FULL_v1,L1_ELIGIBILITY,v2026-08-11,2026-03-21..2026-08-06,baccarat_bet02_101_all_pairs_incl_sentinel,round_win = game_pnl > 0 (decisive only),COMPATIBILITY_ONLY_NOT_PRODUCTION,53571.4227,48249.4483,483.2383,5739,5738,-0.00902045,-0.00297427,-0.01061372,-0.00902045,-483.2383,53571.4227,OK,0.0000,19.3295,4.0000,96.0000,AG03-UNRESOLVED,ALL5_LEVELS_bet23_to_bet27,19.3295,19.3295,24.1619,0.0000,0.0000,4.000000,4.000000,5.000000,0.000000,0.000000,96.000000,96.000000,95.000000,100.000000,100.000000,5.0,62.8210,60.1535,420.4173,423.0848,PENDING_AG03,FALSE,NOT_FOR_ENFORCEMENT,463.9088,46319.4703,483.2383,463.9088,19.3295,0.00902045,0.00865963,19.3295,463.9088,0.00865963,19.3295,19.3295,24.1619,0.0000,0.0000,463.9088,0.00865963,62.8210,60.1535,420.4173,423.0848,0.00784779,0.00789758,0.00036082,9.3346,8.4088,0.0842,5.5545,0.2517,615.7635,65.9540,8.3255,9.6426,5.1431,5.1891,8.2617,16.7816,25.8881,44.2602,5.1891,0.0,4.9889,8.529385,1.798876,29,193,98,2,0.20855820,0.00902045,0.00297427,0E-8,0.000000,0.900656,0.000000,0.00763944,2026-03-21,2026-08-06,87,1920,882,139,0.625899,0.863400,0.891889,0.695194,,,,,,,,GLOBAL_BASELINE_NO_ENTITY_RANKING,,,NOT_APPLICABLE_GLOBAL_BASELINE,HF9g-P5,,,,X 全窗基线 · 不参与实体赏罚,8397208,840,A168_HF9F_20260827_0900,2026-08-27 09:00:00
2026-06-29,54653530,1353,0,12.8577673773,2.1858204541,2.1858204541,0.5000000,2,2,0.50665070000000000,0.506650700000,-0.018812684590367487,-0.018812684590367487,-0.018812684590367487,0E-17,ELIGIBLE,R03b_20260811_FULL_v1,L1_ELIGIBILITY,v2026-08-11,2026-03-21..2026-08-06,baccarat_bet02_101_all_pairs_incl_sentinel,round_win = game_pnl > 0 (decisive only),COMPATIBILITY_ONLY_NOT_PRODUCTION,53571.4227,48249.4483,483.2383,5739,5738,-0.00902045,-0.00297427,-0.01061372,-0.00902045,-483.2383,53571.4227,OK,0.0000,19.3295,4.0000,96.0000,AG03-UNRESOLVED,ALL5_LEVELS_bet23_to_bet27,19.3295,19.3295,24.1619,0.0000,0.0000,4.000000,4.000000,5.000000,0.000000,0.000000,96.000000,96.000000,95.000000,100.000000,100.000000,5.0,62.8210,60.1535,420.4173,423.0848,PENDING_AG03,FALSE,NOT_FOR_ENFORCEMENT,463.9088,46319.4703,483.2383,463.9088,19.3295,0.00902045,0.00865963,19.3295,463.9088,0.00865963,19.3295,19.3295,24.1619,0.0000,0.0000,463.9088,0.00865963,62.8210,60.1535,420.4173,423.0848,0.00784779,0.00789758,0.00036082,9.3346,8.4088,0.0842,5.5545,0.2517,615.7635,65.9540,8.3255,9.6426,5.1431,5.1891,8.2617,16.7816,25.8881,44.2602,5.1891,0.0,4.9889,8.529385,1.798876,29,193,98,2,0.20855820,0.00902045,0.00297427,0E-8,0.000000,0.900656,0.000000,0.00763944,2026-03-21,2026-08-06,87,1920,882,139,0.625899,0.863400,0.891889,0.695194,,,,,,,,GLOBAL_BASELINE_NO_ENTITY_RANKING,,,NOT_APPLICABLE_GLOBAL_BASELINE,HF9g-P5,,,,X 全窗基线 · 不参与实体赏罚,8397209,840,A168_HF9F_20260827_0900,2026-08-27 09:00:00
2026-06-29,54653530,1385,0,5.1431069509,4.8859516034,4.8859516034,1.0000000,1,1,0.50665070000000000,0.506650700000,0.9867858985152569,0.9867858985152569,0.9867858985152569,0E-17,ELIGIBLE,R03b_20260811_FULL_v1,L1_ELIGIBILITY,v2026-08-11,2026-03-21..2026-08-06,baccarat_bet02_101_all_pairs_incl_sentinel,round_win = game_pnl > 0 (decisive only),COMPATIBILITY_ONLY_NOT_PRODUCTION,53571.4227,48249.4483,483.2383,5739,5738,-0.00902045,-0.00297427,-0.01061372,-0.00902045,-483.2383,53571.4227,OK,0.0000,19.3295,4.0000,96.0000,AG03-UNRESOLVED,ALL5_LEVELS_bet23_to_bet27,19.3295,19.3295,24.1619,0.0000,0.0000,4.000000,4.000000,5.000000,0.000000,0.000000,96.000000,96.000000,95.000000,100.000000,100.000000,5.0,62.8210,60.1535,420.4173,423.0848,PENDING_AG03,FALSE,NOT_FOR_ENFORCEMENT,463.9088,46319.4703,483.2383,463.9088,19.3295,0.00902045,0.00865963,19.3295,463.9088,0.00865963,19.3295,19.3295,24.1619,0.0000,0.0000,463.9088,0.00865963,62.8210,60.1535,420.4173,423.0848,0.00784779,0.00789758,0.00036082,9.3346,8.4088,0.0842,5.5545,0.2517,615.7635,65.9540,8.3255,9.6426,5.1431,5.1891,8.2617,16.7816,25.8881,44.2602,5.1891,0.0,4.9889,8.529385,1.798876,29,193,98,2,0.20855820,0.00902045,0.00297427,0E-8,0.000000,0.900656,0.000000,0.00763944,2026-03-21,2026-08-06,87,1920,882,139,0.625899,0.863400,0.891889,0.695194,,,,,,,,GLOBAL_BASELINE_NO_ENTITY_RANKING,,,NOT_APPLICABLE_GLOBAL_BASELINE,HF9g-P5,,,,X 全窗基线 · 不参与实体赏罚,8397210,840,A168_HF9F_20260827_0900,2026-08-27 09:00:00
2026-06-29,54653530,1400,0,48.6023606861,18.5923316276,18.5923316276,0.6666667,6,6,0.50441650000000000,0.504416500000,0.7948912480929629,0.7948912480929629,0.7948912480929629,0E-17,ELIGIBLE,R03b_20260811_FULL_v1,L1_ELIGIBILITY,v2026-08-11,2026-03-21..2026-08-06,baccarat_bet02_101_all_pairs_incl_sentinel,round_win = game_pnl > 0 (decisive only),COMPATIBILITY_ONLY_NOT_PRODUCTION,53571.4227,48249.4483,483.2383,5739,5738,-0.00902045,-0.00297427,-0.01061372,-0.00902045,-483.2383,53571.4227,OK,0.0000,19.3295,4.0000,96.0000,AG03-UNRESOLVED,ALL5_LEVELS_bet23_to_bet27,19.3295,19.3295,24.1619,0.0000,0.0000,4.000000,4.000000,5.000000,0.000000,0.000000,96.000000,96.000000,95.000000,100.000000,100.000000,5.0,62.8210,60.1535,420.4173,423.0848,PENDING_AG03,FALSE,NOT_FOR_ENFORCEMENT,463.9088,46319.4703,483.2383,463.9088,19.3295,0.00902045,0.00865963,19.3295,463.9088,0.00865963,19.3295,19.3295,24.1619,0.0000,0.0000,463.9088,0.00865963,62.8210,60.1535,420.4173,423.0848,0.00784779,0.00789758,0.00036082,9.3346,8.4088,0.0842,5.5545,0.2517,615.7635,65.9540,8.3255,9.6426,5.1431,5.1891,8.2617,16.7816,25.8881,44.2602,5.1891,0.0,4.9889,8.529385,1.798876,29,193,98,2,0.20855820,0.00902045,0.00297427,0E-8,0.000000,0.900656,0.000000,0.00763944,2026-03-21,2026-08-06,87,1920,882,139,0.625899,0.863400,0.891889,0.695194,,,,,,,,GLOBAL_BASELINE_NO_ENTITY_RANKING,,,NOT_APPLICABLE_GLOBAL_BASELINE,HF9g-P5,,,,X 全窗基线 · 不参与实体赏罚,8397211,840,A168_HF9F_20260827_0900,2026-08-27 09:00:00
2026-06-29,54653530,2101,0,55.8027104173,-28.2227993930,-28.2227993930,0.3333333,6,6,0.50665070000000000,0.506650700000,-0.8491533462951141,-0.8491533462951141,-0.8491533462951141,0E-17,ELIGIBLE,R03b_20260811_FULL_v1,L1_ELIGIBILITY,v2026-08-11,2026-03-21..2026-08-06,baccarat_bet02_101_all_pairs_incl_sentinel,round_win = game_pnl > 0 (decisive only),COMPATIBILITY_ONLY_NOT_PRODUCTION,53571.4227,48249.4483,483.2383,5739,5738,-0.00902045,-0.00297427,-0.01061372,-0.00902045,-483.2383,53571.4227,OK,0.0000,19.3295,4.0000,96.0000,AG03-UNRESOLVED,ALL5_LEVELS_bet23_to_bet27,19.3295,19.3295,24.1619,0.0000,0.0000,4.000000,4.000000,5.000000,0.000000,0.000000,96.000000,96.000000,95.000000,100.000000,100.000000,5.0,62.8210,60.1535,420.4173,423.0848,PENDING_AG03,FALSE,NOT_FOR_ENFORCEMENT,463.9088,46319.4703,483.2383,463.9088,19.3295,0.00902045,0.00865963,19.3295,463.9088,0.00865963,19.3295,19.3295,24.1619,0.0000,0.0000,463.9088,0.00865963,62.8210,60.1535,420.4173,423.0848,0.00784779,0.00789758,0.00036082,9.3346,8.4088,0.0842,5.5545,0.2517,615.7635,65.9540,8.3255,9.6426,5.1431,5.1891,8.2617,16.7816,25.8881,44.2602,5.1891,0.0,4.9889,8.529385,1.798876,29,193,98,2,0.20855820,0.00902045,0.00297427,0E-8,0.000000,0.900656,0.000000,0.00763944,2026-03-21,2026-08-06,87,1920,882,139,0.625899,0.863400,0.891889,0.695194,,,,,,,,GLOBAL_BASELINE_NO_ENTITY_RANKING,,,NOT_APPLICABLE_GLOBAL_BASELINE,HF9g-P5,,,,X 全窗基线 · 不参与实体赏罚,8397212,840,A168_HF9F_20260827_0900,2026-08-27 09:00:00
2026-06-29,54653530,2106,0,5.1431069509,4.8859516034,4.8859516034,1.0000000,1,1,0.50665070000000000,0.506650700000,0.9867858985152569,0.9867858985152569,0.9867858985152569,0E-17,ELIGIBLE,R03b_20260811_FULL_v1,L1_ELIGIBILITY,v2026-08-11,2026-03-21..2026-08-06,baccarat_bet02_101_all_pairs_incl_sentinel,round_win = game_pnl > 0 (decisive only),COMPATIBILITY_ONLY_NOT_PRODUCTION,53571.4227,48249.4483,483.2383,5739,5738,-0.00902045,-0.00297427,-0.01061372,-0.00902045,-483.2383,53571.4227,OK,0.0000,19.3295,4.0000,96.0000,AG03-UNRESOLVED,ALL5_LEVELS_bet23_to_bet27,19.3295,19.3295,24.1619,0.0000,0.0000,4.000000,4.000000,5.000000,0.000000,0.000000,96.000000,96.000000,95.000000,100.000000,100.000000,5.0,62.8210,60.1535,420.4173,423.0848,PENDING_AG03,FALSE,NOT_FOR_ENFORCEMENT,463.9088,46319.4703,483.2383,463.9088,19.3295,0.00902045,0.00865963,19.3295,463.9088,0.00865963,19.3295,19.3295,24.1619,0.0000,0.0000,463.9088,0.00865963,62.8210,60.1535,420.4173,423.0848,0.00784779,0.00789758,0.00036082,9.3346,8.4088,0.0842,5.5545,0.2517,615.7635,65.9540,8.3255,9.6426,5.1431,5.1891,8.2617,16.7816,25.8881,44.2602,5.1891,0.0,4.9889,8.529385,1.798876,29,193,98,2,0.20855820,0.00902045,0.00297427,0E-8,0.000000,0.900656,0.000000,0.00763944,2026-03-21,2026-08-06,87,1920,882,139,0.625899,0.863400,0.891889,0.695194,,,,,,,,GLOBAL_BASELINE_NO_ENTITY_RANKING,,,NOT_APPLICABLE_GLOBAL_BASELINE,HF9g-P5,,,,X 全窗基线 · 不参与实体赏罚,8397213,840,A168_HF9F_20260827_0900,2026-08-27 09:00:00
2026-06-29,54653530,2127,0,50.9167588139,18.2837452106,18.2837452106,0.6666667,6,6,0.50665070000000000,0.506650700000,0.7839842952205449,0.7839842952205449,0.7839842952205449,0E-17,ELIGIBLE,R03b_20260811_FULL_v1,L1_ELIGIBILITY,v2026-08-11,2026-03-21..2026-08-06,baccarat_bet02_101_all_pairs_incl_sentinel,round_win = game_pnl > 0 (decisive only),COMPATIBILITY_ONLY_NOT_PRODUCTION,53571.4227,48249.4483,483.2383,5739,5738,-0.00902045,-0.00297427,-0.01061372,-0.00902045,-483.2383,53571.4227,OK,0.0000,19.3295,4.0000,96.0000,AG03-UNRESOLVED,ALL5_LEVELS_bet23_to_bet27,19.3295,19.3295,24.1619,0.0000,0.0000,4.000000,4.000000,5.000000,0.000000,0.000000,96.000000,96.000000,95.000000,100.000000,100.000000,5.0,62.8210,60.1535,420.4173,423.0848,PENDING_AG03,FALSE,NOT_FOR_ENFORCEMENT,463.9088,46319.4703,483.2383,463.9088,19.3295,0.00902045,0.00865963,19.3295,463.9088,0.00865963,19.3295,19.3295,24.1619,0.0000,0.0000,463.9088,0.00865963,62.8210,60.1535,420.4173,423.0848,0.00784779,0.00789758,0.00036082,9.3346,8.4088,0.0842,5.5545,0.2517,615.7635,65.9540,8.3255,9.6426,5.1431,5.1891,8.2617,16.7816,25.8881,44.2602,5.1891,0.0,4.9889,8.529385,1.798876,29,193,98,2,0.20855820,0.00902045,0.00297427,0E-8,0.000000,0.900656,0.000000,0.00763944,2026-03-21,2026-08-06,87,1920,882,139,0.625899,0.863400,0.891889,0.695194,,,,,,,,GLOBAL_BASELINE_NO_ENTITY_RANKING,,,NOT_APPLICABLE_GLOBAL_BASELINE,HF9g-P5,,,,X 全窗基线 · 不参与实体赏罚,8397214,840,A168_HF9F_20260827_0900,2026-08-27 09:00:00
2026-06-29,54653530,2134,0,41.9163216499,-41.9163216499,-41.9163216499,0E-7,3,3,0.50665070000000000,0.506650700000,-1.7552447903592512,-1.7552447903592512,-1.7552447903592512,0E-17,ELIGIBLE,R03b_20260811_FULL_v1,L1_ELIGIBILITY,v2026-08-11,2026-03-21..2026-08-06,baccarat_bet02_101_all_pairs_incl_sentinel,round_win = game_pnl > 0 (decisive only),COMPATIBILITY_ONLY_NOT_PRODUCTION,53571.4227,48249.4483,483.2383,5739,5738,-0.00902045,-0.00297427,-0.01061372,-0.00902045,-483.2383,53571.4227,OK,0.0000,19.3295,4.0000,96.0000,AG03-UNRESOLVED,ALL5_LEVELS_bet23_to_bet27,19.3295,19.3295,24.1619,0.0000,0.0000,4.000000,4.000000,5.000000,0.000000,0.000000,96.000000,96.000000,95.000000,100.000000,100.000000,5.0,62.8210,60.1535,420.4173,423.0848,PENDING_AG03,FALSE,NOT_FOR_ENFORCEMENT,463.9088,46319.4703,483.2383,463.9088,19.3295,0.00902045,0.00865963,19.3295,463.9088,0.00865963,19.3295,19.3295,24.1619,0.0000,0.0000,463.9088,0.00865963,62.8210,60.1535,420.4173,423.0848,0.00784779,0.00789758,0.00036082,9.3346,8.4088,0.0842,5.5545,0.2517,615.7635,65.9540,8.3255,9.6426,5.1431,5.1891,8.2617,16.7816,25.8881,44.2602,5.1891,0.0,4.9889,8.529385,1.798876,29,193,98,2,0.20855820,0.00902045,0.00297427,0E-8,0.000000,0.900656,0.000000,0.00763944,2026-03-21,2026-08-06,87,1920,882,139,0.625899,0.863400,0.891889,0.695194,,,,,,,,GLOBAL_BASELINE_NO_ENTITY_RANKING,,,NOT_APPLICABLE_GLOBAL_BASELINE,HF9g-P5,,,,X 全窗基线 · 不参与实体赏罚,8397215,840,A168_HF9F_20260827_0900,2026-08-27 09:00:00
2026-06-29,54653530,2153,0,43.4592537352,13.7063800242,13.7063800242,0.6000000,5,5,0.50665070000000000,0.506650700000,0.4175076967804994,0.4175076967804994,0.4175076967804994,0E-17,ELIGIBLE,R03b_20260811_FULL_v1,L1_ELIGIBILITY,v2026-08-11,2026-03-21..2026-08-06,baccarat_bet02_101_all_pairs_incl_sentinel,round_win = game_pnl > 0 (decisive only),COMPATIBILITY_ONLY_NOT_PRODUCTION,53571.4227,48249.4483,483.2383,5739,5738,-0.00902045,-0.00297427,-0.01061372,-0.00902045,-483.2383,53571.4227,OK,0.0000,19.3295,4.0000,96.0000,AG03-UNRESOLVED,ALL5_LEVELS_bet23_to_bet27,19.3295,19.3295,24.1619,0.0000,0.0000,4.000000,4.000000,5.000000,0.000000,0.000000,96.000000,96.000000,95.000000,100.000000,100.000000,5.0,62.8210,60.1535,420.4173,423.0848,PENDING_AG03,FALSE,NOT_FOR_ENFORCEMENT,463.9088,46319.4703,483.2383,463.9088,19.3295,0.00902045,0.00865963,19.3295,463.9088,0.00865963,19.3295,19.3295,24.1619,0.0000,0.0000,463.9088,0.00865963,62.8210,60.1535,420.4173,423.0848,0.00784779,0.00789758,0.00036082,9.3346,8.4088,0.0842,5.5545,0.2517,615.7635,65.9540,8.3255,9.6426,5.1431,5.1891,8.2617,16.7816,25.8881,44.2602,5.1891,0.0,4.9889,8.529385,1.798876,29,193,98,2,0.20855820,0.00902045,0.00297427,0E-8,0.000000,0.900656,0.000000,0.00763944,2026-03-21,2026-08-06,87,1920,882,139,0.625899,0.863400,0.891889,0.695194,,,,,,,,GLOBAL_BASELINE_NO_ENTITY_RANKING,,,NOT_APPLICABLE_GLOBAL_BASELINE,HF9g-P5,,,,X 全窗基线 · 不参与实体赏罚,8397216,840,A168_HF9F_20260827_0900,2026-08-27 09:00:00
2026-06-29,54653530,2188,0,5.1431069509,4.8859516034,4.8859516034,1.0000000,1,1,0.50665070000000000,0.506650700000,0.9867858985152569,0.9867858985152569,0.9867858985152569,0E-17,ELIGIBLE,R03b_20260811_FULL_v1,L1_ELIGIBILITY,v2026-08-11,2026-03-21..2026-08-06,baccarat_bet02_101_all_pairs_incl_sentinel,round_win = game_pnl > 0 (decisive only),COMPATIBILITY_ONLY_NOT_PRODUCTION,53571.4227,48249.4483,483.2383,5739,5738,-0.00902045,-0.00297427,-0.01061372,-0.00902045,-483.2383,53571.4227,OK,0.0000,19.3295,4.0000,96.0000,AG03-UNRESOLVED,ALL5_LEVELS_bet23_to_bet27,19.3295,19.3295,24.1619,0.0000,0.0000,4.000000,4.000000,5.000000,0.000000,0.000000,96.000000,96.000000,95.000000,100.000000,100.000000,5.0,62.8210,60.1535,420.4173,423.0848,PENDING_AG03,FALSE,NOT_FOR_ENFORCEMENT,463.9088,46319.4703,483.2383,463.9088,19.3295,0.00902045,0.00865963,19.3295,463.9088,0.00865963,19.3295,19.3295,24.1619,0.0000,0.0000,463.9088,0.00865963,62.8210,60.1535,420.4173,423.0848,0.00784779,0.00789758,0.00036082,9.3346,8.4088,0.0842,5.5545,0.2517,615.7635,65.9540,8.3255,9.6426,5.1431,5.1891,8.2617,16.7816,25.8881,44.2602,5.1891,0.0,4.9889,8.529385,1.798876,29,193,98,2,0.20855820,0.00902045,0.00297427,0E-8,0.000000,0.900656,0.000000,0.00763944,2026-03-21,2026-08-06,87,1920,882,139,0.625899,0.863400,0.891889,0.695194,,,,,,,,GLOBAL_BASELINE_NO_ENTITY_RANKING,,,NOT_APPLICABLE_GLOBAL_BASELINE,HF9g-P5,,,,X 全窗基线 · 不参与实体赏罚,8397217,840,A168_HF9F_20260827_0900,2026-08-27 09:00:00
2026-06-29,54653530,2251,0,20.5724278037,2.1858204541,2.1858204541,0.5000000,3,3,0.50665070000000000,0.506650700000,-0.018812684590367487,-0.018812684590367487,-0.018812684590367487,0E-17,ELIGIBLE,R03b_20260811_FULL_v1,L1_ELIGIBILITY,v2026-08-11,2026-03-21..2026-08-06,baccarat_bet02_101_all_pairs_incl_sentinel,round_win = game_pnl > 0 (decisive only),COMPATIBILITY_ONLY_NOT_PRODUCTION,53571.4227,48249.4483,483.2383,5739,5738,-0.00902045,-0.00297427,-0.01061372,-0.00902045,-483.2383,53571.4227,OK,0.0000,19.3295,4.0000,96.0000,AG03-UNRESOLVED,ALL5_LEVELS_bet23_to_bet27,19.3295,19.3295,24.1619,0.0000,0.0000,4.000000,4.000000,5.000000,0.000000,0.000000,96.000000,96.000000,95.000000,100.000000,100.000000,5.0,62.8210,60.1535,420.4173,423.0848,PENDING_AG03,FALSE,NOT_FOR_ENFORCEMENT,463.9088,46319.4703,483.2383,463.9088,19.3295,0.00902045,0.00865963,19.3295,463.9088,0.00865963,19.3295,19.3295,24.1619,0.0000,0.0000,463.9088,0.00865963,62.8210,60.1535,420.4173,423.0848,0.00784779,0.00789758,0.00036082,9.3346,8.4088,0.0842,5.5545,0.2517,615.7635,65.9540,8.3255,9.6426,5.1431,5.1891,8.2617,16.7816,25.8881,44.2602,5.1891,0.0,4.9889,8.529385,1.798876,29,193,98,2,0.20855820,0.00902045,0.00297427,0E-8,0.000000,0.900656,0.000000,0.00763944,2026-03-21,2026-08-06,87,1920,882,139,0.625899,0.863400,0.891889,0.695194,,,,,,,,GLOBAL_BASELINE_NO_ENTITY_RANKING,,,NOT_APPLICABLE_GLOBAL_BASELINE,HF9g-P5,,,,X 全窗基线 · 不参与实体赏罚,8397218,840,A168_HF9F_20260827_0900,2026-08-27 09:00:00
2026-06-30,54653530,1323,0,73.8388454289,4.6988356182,4.6988356182,0.2500000,4,4,0.50665070000000000,0.506650700000,-1.0266936290537745,-1.0266936290537745,-1.0266936290537745,0E-17,ELIGIBLE,R03b_20260811_FULL_v1,L1_ELIGIBILITY,v2026-08-11,2026-03-21..2026-08-06,baccarat_bet02_101_all_pairs_incl_sentinel,round_win = game_pnl > 0 (decisive only),COMPATIBILITY_ONLY_NOT_PRODUCTION,53571.4227,48249.4483,483.2383,5739,5738,-0.00902045,-0.00297427,-0.01061372,-0.00902045,-483.2383,53571.4227,OK,0.0000,19.3295,4.0000,96.0000,AG03-UNRESOLVED,ALL5_LEVELS_bet23_to_bet27,19.3295,19.3295,24.1619,0.0000,0.0000,4.000000,4.000000,5.000000,0.000000,0.000000,96.000000,96.000000,95.000000,100.000000,100.000000,5.0,62.8210,60.1535,420.4173,423.0848,PENDING_AG03,FALSE,NOT_FOR_ENFORCEMENT,463.9088,46319.4703,483.2383,463.9088,19.3295,0.00902045,0.00865963,19.3295,463.9088,0.00865963,19.3295,19.3295,24.1619,0.0000,0.0000,463.9088,0.00865963,62.8210,60.1535,420.4173,423.0848,0.00784779,0.00789758,0.00036082,9.3346,8.4088,0.0842,5.5545,0.2517,615.7635,65.9540,8.3255,9.6426,5.1431,5.1891,8.2617,16.7816,25.8881,44.2602,5.1891,0.0,4.9889,8.529385,1.798876,29,193,98,2,0.20855820,0.00902045,0.00297427,0E-8,0.000000,0.900656,0.000000,0.00763944,2026-03-21,2026-08-06,87,1920,882,139,0.625899,0.863400,0.891889,0.695194,,,,,,,,GLOBAL_BASELINE_NO_ENTITY_RANKING,,,NOT_APPLICABLE_GLOBAL_BASELINE,HF9g-P5,,,,X 全窗基线 · 不参与实体赏罚,8397219,840,A168_HF9F_20260827_0900,2026-08-27 09:00:00
2026-06-30,54653530,1382,0,12.9088890610,-12.9088890610,-12.9088890610,0E-7,2,2,0.50665070000000000,0.506650700000,-1.4331513700195317,-1.4331513700195317,-1.4331513700195317,0E-17,ELIGIBLE,R03b_20260811_FULL_v1,L1_ELIGIBILITY,v2026-08-11,2026-03-21..2026-08-06,baccarat_bet02_101_all_pairs_incl_sentinel,round_win = game_pnl > 0 (decisive only),COMPATIBILITY_ONLY_NOT_PRODUCTION,53571.4227,48249.4483,483.2383,5739,5738,-0.00902045,-0.00297427,-0.01061372,-0.00902045,-483.2383,53571.4227,OK,0.0000,19.3295,4.0000,96.0000,AG03-UNRESOLVED,ALL5_LEVELS_bet23_to_bet27,19.3295,19.3295,24.1619,0.0000,0.0000,4.000000,4.000000,5.000000,0.000000,0.000000,96.000000,96.000000,95.000000,100.000000,100.000000,5.0,62.8210,60.1535,420.4173,423.0848,PENDING_AG03,FALSE,NOT_FOR_ENFORCEMENT,463.9088,46319.4703,483.2383,463.9088,19.3295,0.00902045,0.00865963,19.3295,463.9088,0.00865963,19.3295,19.3295,24.1619,0.0000,0.0000,463.9088,0.00865963,62.8210,60.1535,420.4173,423.0848,0.00784779,0.00789758,0.00036082,9.3346,8.4088,0.0842,5.5545,0.2517,615.7635,65.9540,8.3255,9.6426,5.1431,5.1891,8.2617,16.7816,25.8881,44.2602,5.1891,0.0,4.9889,8.529385,1.798876,29,193,98,2,0.20855820,0.00902045,0.00297427,0E-8,0.000000,0.900656,0.000000,0.00763944,2026-03-21,2026-08-06,87,1920,882,139,0.625899,0.863400,0.891889,0.695194,,,,,,,,GLOBAL_BASELINE_NO_ENTITY_RANKING,,,NOT_APPLICABLE_GLOBAL_BASELINE,HF9g-P5,,,,X 全窗基线 · 不参与实体赏罚,8397220,840,A168_HF9F_20260827_0900,2026-08-27 09:00:00
2026-06-30,54653530,1654,0,89.5876900834,27.2119381406,27.2119381406,0.5714286,7,7,0.50665070000000000,0.506650700000,0.34280260342128577,0.34280260342128577,0.34280260342128577,0E-17,ELIGIBLE,R03b_20260811_FULL_v1,L1_ELIGIBILITY,v2026-08-11,2026-03-21..2026-08-06,baccarat_bet02_101_all_pairs_incl_sentinel,round_win = game_pnl > 0 (decisive only),COMPATIBILITY_ONLY_NOT_PRODUCTION,53571.4227,48249.4483,483.2383,5739,5738,-0.00902045,-0.00297427,-0.01061372,-0.00902045,-483.2383,53571.4227,OK,0.0000,19.3295,4.0000,96.0000,AG03-UNRESOLVED,ALL5_LEVELS_bet23_to_bet27,19.3295,19.3295,24.1619,0.0000,0.0000,4.000000,4.000000,5.000000,0.000000,0.000000,96.000000,96.000000,95.000000,100.000000,100.000000,5.0,62.8210,60.1535,420.4173,423.0848,PENDING_AG03,FALSE,NOT_FOR_ENFORCEMENT,463.9088,46319.4703,483.2383,463.9088,19.3295,0.00902045,0.00865963,19.3295,463.9088,0.00865963,19.3295,19.3295,24.1619,0.0000,0.0000,463.9088,0.00865963,62.8210,60.1535,420.4173,423.0848,0.00784779,0.00789758,0.00036082,9.3346,8.4088,0.0842,5.5545,0.2517,615.7635,65.9540,8.3255,9.6426,5.1431,5.1891,8.2617,16.7816,25.8881,44.2602,5.1891,0.0,4.9889,8.529385,1.798876,29,193,98,2,0.20855820,0.00902045,0.00297427,0E-8,0.000000,0.900656,0.000000,0.00763944,2026-03-21,2026-08-06,87,1920,882,139,0.625899,0.863400,0.891889,0.695194,,,,,,,,GLOBAL_BASELINE_NO_ENTITY_RANKING,,,NOT_APPLICABLE_GLOBAL_BASELINE,HF9g-P5,,,,X 全窗基线 · 不参与实体赏罚,8397221,840,A168_HF9F_20260827_0900,2026-08-27 09:00:00
2026-06-30,54653530,2171,0,12.9088890610,-12.9088890610,-12.9088890610,0E-7,2,2,0.49324550000000000,0.493245500000,-1.3952362676504506,-1.3952362676504506,-1.3952362676504506,0E-17,ELIGIBLE,R03b_20260811_FULL_v1,L1_ELIGIBILITY,v2026-08-11,2026-03-21..2026-08-06,baccarat_bet02_101_all_pairs_incl_sentinel,round_win = game_pnl > 0 (decisive only),COMPATIBILITY_ONLY_NOT_PRODUCTION,53571.4227,48249.4483,483.2383,5739,5738,-0.00902045,-0.00297427,-0.01061372,-0.00902045,-483.2383,53571.4227,OK,0.0000,19.3295,4.0000,96.0000,AG03-UNRESOLVED,ALL5_LEVELS_bet23_to_bet27,19.3295,19.3295,24.1619,0.0000,0.0000,4.000000,4.000000,5.000000,0.000000,0.000000,96.000000,96.000000,95.000000,100.000000,100.000000,5.0,62.8210,60.1535,420.4173,423.0848,PENDING_AG03,FALSE,NOT_FOR_ENFORCEMENT,463.9088,46319.4703,483.2383,463.9088,19.3295,0.00902045,0.00865963,19.3295,463.9088,0.00865963,19.3295,19.3295,24.1619,0.0000,0.0000,463.9088,0.00865963,62.8210,60.1535,420.4173,423.0848,0.00784779,0.00789758,0.00036082,9.3346,8.4088,0.0842,5.5545,0.2517,615.7635,65.9540,8.3255,9.6426,5.1431,5.1891,8.2617,16.7816,25.8881,44.2602,5.1891,0.0,4.9889,8.529385,1.798876,29,193,98,2,0.20855820,0.00902045,0.00297427,0E-8,0.000000,0.900656,0.000000,0.00763944,2026-03-21,2026-08-06,87,1920,882,139,0.625899,0.863400,0.891889,0.695194,,,,,,,,GLOBAL_BASELINE_NO_ENTITY_RANKING,,,NOT_APPLICABLE_GLOBAL_BASELINE,HF9g-P5,,,,X 全窗基线 · 不参与实体赏罚,8397222,840,A168_HF9F_20260827_0900,2026-08-27 09:00:00
2026-07-01,54653530,-1,1,65.8353342110,27.6895670359,27.6895670359,0.7000000,11,11,0.50543204545454545,0.505432045455,1.2306284188260588,1.2306284188231957,1.2306284188260588,-4.5455E-13,SENTINEL_DEALER,R03b_20260811_FULL_v1,L1_ELIGIBILITY,v2026-08-11,2026-03-21..2026-08-06,baccarat_bet02_101_all_pairs_incl_sentinel,round_win = game_pnl > 0 (decisive only),COMPATIBILITY_ONLY_NOT_PRODUCTION,53571.4227,48249.4483,483.2383,5739,5738,-0.00902045,-0.00297427,-0.01061372,-0.00902045,-483.2383,53571.4227,OK,0.0000,19.3295,4.0000,96.0000,AG03-UNRESOLVED,ALL5_LEVELS_bet23_to_bet27,19.3295,19.3295,24.1619,0.0000,0.0000,4.000000,4.000000,5.000000,0.000000,0.000000,96.000000,96.000000,95.000000,100.000000,100.000000,5.0,62.8210,60.1535,420.4173,423.0848,PENDING_AG03,FALSE,NOT_FOR_ENFORCEMENT,463.9088,46319.4703,483.2383,463.9088,19.3295,0.00902045,0.00865963,19.3295,463.9088,0.00865963,19.3295,19.3295,24.1619,0.0000,0.0000,463.9088,0.00865963,62.8210,60.1535,420.4173,423.0848,0.00784779,0.00789758,0.00036082,9.3346,8.4088,0.0842,5.5545,0.2517,615.7635,65.9540,8.3255,9.6426,5.1431,5.1891,8.2617,16.7816,25.8881,44.2602,5.1891,0.0,4.9889,8.529385,1.798876,29,193,98,2,0.20855820,0.00902045,0.00297427,0E-8,0.000000,0.900656,0.000000,0.00763944,2026-03-21,2026-08-06,87,1920,882,139,0.625899,0.863400,0.891889,0.695194,,,,,,,,GLOBAL_BASELINE_NO_ENTITY_RANKING,,,NOT_APPLICABLE_GLOBAL_BASELINE,HF9g-P5,,,,X 全窗基线 · 不参与实体赏罚,8397223,840,A168_HF9F_20260827_0900,2026-08-27 09:00:00
2026-07-01,54653530,1205,0,5.1635556244,-5.1635556244,-5.1635556244,0E-7,1,1,0.50665070000000000,0.506650700000,-1.013391052207602,-1.013391052207602,-1.013391052207602,0E-17,ELIGIBLE,R03b_20260811_FULL_v1,L1_ELIGIBILITY,v2026-08-11,2026-03-21..2026-08-06,baccarat_bet02_101_all_pairs_incl_sentinel,round_win = game_pnl > 0 (decisive only),COMPATIBILITY_ONLY_NOT_PRODUCTION,53571.4227,48249.4483,483.2383,5739,5738,-0.00902045,-0.00297427,-0.01061372,-0.00902045,-483.2383,53571.4227,OK,0.0000,19.3295,4.0000,96.0000,AG03-UNRESOLVED,ALL5_LEVELS_bet23_to_bet27,19.3295,19.3295,24.1619,0.0000,0.0000,4.000000,4.000000,5.000000,0.000000,0.000000,96.000000,96.000000,95.000000,100.000000,100.000000,5.0,62.8210,60.1535,420.4173,423.0848,PENDING_AG03,FALSE,NOT_FOR_ENFORCEMENT,463.9088,46319.4703,483.2383,463.9088,19.3295,0.00902045,0.00865963,19.3295,463.9088,0.00865963,19.3295,19.3295,24.1619,0.0000,0.0000,463.9088,0.00865963,62.8210,60.1535,420.4173,423.0848,0.00784779,0.00789758,0.00036082,9.3346,8.4088,0.0842,5.5545,0.2517,615.7635,65.9540,8.3255,9.6426,5.1431,5.1891,8.2617,16.7816,25.8881,44.2602,5.1891,0.0,4.9889,8.529385,1.798876,29,193,98,2,0.20855820,0.00902045,0.00297427,0E-8,0.000000,0.900656,0.000000,0.00763944,2026-03-21,2026-08-06,87,1920,882,139,0.625899,0.863400,0.891889,0.695194,,,,,,,,GLOBAL_BASELINE_NO_ENTITY_RANKING,,,NOT_APPLICABLE_GLOBAL_BASELINE,HF9g-P5,,,,X 全窗基线 · 不参与实体赏罚,8397224,840,A168_HF9F_20260827_0900,2026-08-27 09:00:00
2026-07-01,54653530,1318,0,84.1659566777,9.7333023520,9.7333023520,0.4000000,5,5,0.50396966000000000,0.503969660000,-0.4649811094771361,-0.4649811094771361,-0.4649811094771361,0E-17,ELIGIBLE,R03b_20260811_FULL_v1,L1_ELIGIBILITY,v2026-08-11,2026-03-21..2026-08-06,baccarat_bet02_101_all_pairs_incl_sentinel,round_win = game_pnl > 0 (decisive only),COMPATIBILITY_ONLY_NOT_PRODUCTION,53571.4227,48249.4483,483.2383,5739,5738,-0.00902045,-0.00297427,-0.01061372,-0.00902045,-483.2383,53571.4227,OK,0.0000,19.3295,4.0000,96.0000,AG03-UNRESOLVED,ALL5_LEVELS_bet23_to_bet27,19.3295,19.3295,24.1619,0.0000,0.0000,4.000000,4.000000,5.000000,0.000000,0.000000,96.000000,96.000000,95.000000,100.000000,100.000000,5.0,62.8210,60.1535,420.4173,423.0848,PENDING_AG03,FALSE,NOT_FOR_ENFORCEMENT,463.9088,46319.4703,483.2383,463.9088,19.3295,0.00902045,0.00865963,19.3295,463.9088,0.00865963,19.3295,19.3295,24.1619,0.0000,0.0000,463.9088,0.00865963,62.8210,60.1535,420.4173,423.0848,0.00784779,0.00789758,0.00036082,9.3346,8.4088,0.0842,5.5545,0.2517,615.7635,65.9540,8.3255,9.6426,5.1431,5.1891,8.2617,16.7816,25.8881,44.2602,5.1891,0.0,4.9889,8.529385,1.798876,29,193,98,2,0.20855820,0.00902045,0.00297427,0E-8,0.000000,0.900656,0.000000,0.00763944,2026-03-21,2026-08-06,87,1920,882,139,0.625899,0.863400,0.891889,0.695194,,,,,,,,GLOBAL_BASELINE_NO_ENTITY_RANKING,,,NOT_APPLICABLE_GLOBAL_BASELINE,HF9g-P5,,,,X 全窗基线 · 不参与实体赏罚,8397225,840,A168_HF9F_20260827_0900,2026-08-27 09:00:00
2026-07-01,54653530,1353,0,64.5444453050,-64.5444453050,-64.5444453050,0E-7,5,5,0.49592654000000000,0.495926540000,-2.2179245161756675,-2.2179245161756675,-2.2179245161756675,0E-17,ELIGIBLE,R03b_20260811_FULL_v1,L1_ELIGIBILITY,v2026-08-11,2026-03-21..2026-08-06,baccarat_bet02_101_all_pairs_incl_sentinel,round_win = game_pnl > 0 (decisive only),COMPATIBILITY_ONLY_NOT_PRODUCTION,53571.4227,48249.4483,483.2383,5739,5738,-0.00902045,-0.00297427,-0.01061372,-0.00902045,-483.2383,53571.4227,OK,0.0000,19.3295,4.0000,96.0000,AG03-UNRESOLVED,ALL5_LEVELS_bet23_to_bet27,19.3295,19.3295,24.1619,0.0000,0.0000,4.000000,4.000000,5.000000,0.000000,0.000000,96.000000,96.000000,95.000000,100.000000,100.000000,5.0,62.8210,60.1535,420.4173,423.0848,PENDING_AG03,FALSE,NOT_FOR_ENFORCEMENT,463.9088,46319.4703,483.2383,463.9088,19.3295,0.00902045,0.00865963,19.3295,463.9088,0.00865963,19.3295,19.3295,24.1619,0.0000,0.0000,463.9088,0.00865963,62.8210,60.1535,420.4173,423.0848,0.00784779,0.00789758,0.00036082,9.3346,8.4088,0.0842,5.5545,0.2517,615.7635,65.9540,8.3255,9.6426,5.1431,5.1891,8.2617,16.7816,25.8881,44.2602,5.1891,0.0,4.9889,8.529385,1.798876,29,193,98,2,0.20855820,0.00902045,0.00297427,0E-8,0.000000,0.900656,0.000000,0.00763944,2026-03-21,2026-08-06,87,1920,882,139,0.625899,0.863400,0.891889,0.695194,,,,,,,,GLOBAL_BASELINE_NO_ENTITY_RANKING,,,NOT_APPLICABLE_GLOBAL_BASELINE,HF9g-P5,,,,X 全窗基线 · 不参与实体赏罚,8397226,840,A168_HF9F_20260827_0900,2026-08-27 09:00:00
2026-07-01,54653530,1384,0,29.4322670590,7.8227867710,7.8227867710,0.5000000,4,4,0.50665070000000000,0.506650700000,-0.02660515369234503,-0.02660515369234503,-0.02660515369234503,0E-17,ELIGIBLE,R03b_20260811_FULL_v1,L1_ELIGIBILITY,v2026-08-11,2026-03-21..2026-08-06,baccarat_bet02_101_all_pairs_incl_sentinel,round_win = game_pnl > 0 (decisive only),COMPATIBILITY_ONLY_NOT_PRODUCTION,53571.4227,48249.4483,483.2383,5739,5738,-0.00902045,-0.00297427,-0.01061372,-0.00902045,-483.2383,53571.4227,OK,0.0000,19.3295,4.0000,96.0000,AG03-UNRESOLVED,ALL5_LEVELS_bet23_to_bet27,19.3295,19.3295,24.1619,0.0000,0.0000,4.000000,4.000000,5.000000,0.000000,0.000000,96.000000,96.000000,95.000000,100.000000,100.000000,5.0,62.8210,60.1535,420.4173,423.0848,PENDING_AG03,FALSE,NOT_FOR_ENFORCEMENT,463.9088,46319.4703,483.2383,463.9088,19.3295,0.00902045,0.00865963,19.3295,463.9088,0.00865963,19.3295,19.3295,24.1619,0.0000,0.0000,463.9088,0.00865963,62.8210,60.1535,420.4173,423.0848,0.00784779,0.00789758,0.00036082,9.3346,8.4088,0.0842,5.5545,0.2517,615.7635,65.9540,8.3255,9.6426,5.1431,5.1891,8.2617,16.7816,25.8881,44.2602,5.1891,0.0,4.9889,8.529385,1.798876,29,193,98,2,0.20855820,0.00902045,0.00297427,0E-8,0.000000,0.900656,0.000000,0.00763944,2026-03-21,2026-08-06,87,1920,882,139,0.625899,0.863400,0.891889,0.695194,,,,,,,,GLOBAL_BASELINE_NO_ENTITY_RANKING,,,NOT_APPLICABLE_GLOBAL_BASELINE,HF9g-P5,,,,X 全窗基线 · 不参与实体赏罚,8397227,840,A168_HF9F_20260827_0900,2026-08-27 09:00:00
2026-07-01,54653530,1396,0,152.8412464823,-73.3224898665,-73.3224898665,0E-7,6,6,0.50665070000000000,0.506650700000,-2.026782104415204,-2.026782104415204,-2.026782104415204,0E-17,ELIGIBLE,R03b_20260811_FULL_v1,L1_ELIGIBILITY,v2026-08-11,2026-03-21..2026-08-06,baccarat_bet02_101_all_pairs_incl_sentinel,round_win = game_pnl > 0 (decisive only),COMPATIBILITY_ONLY_NOT_PRODUCTION,53571.4227,48249.4483,483.2383,5739,5738,-0.00902045,-0.00297427,-0.01061372,-0.00902045,-483.2383,53571.4227,OK,0.0000,19.3295,4.0000,96.0000,AG03-UNRESOLVED,ALL5_LEVELS_bet23_to_bet27,19.3295,19.3295,24.1619,0.0000,0.0000,4.000000,4.000000,5.000000,0.000000,0.000000,96.000000,96.000000,95.000000,100.000000,100.000000,5.0,62.8210,60.1535,420.4173,423.0848,PENDING_AG03,FALSE,NOT_FOR_ENFORCEMENT,463.9088,46319.4703,483.2383,463.9088,19.3295,0.00902045,0.00865963,19.3295,463.9088,0.00865963,19.3295,19.3295,24.1619,0.0000,0.0000,463.9088,0.00865963,62.8210,60.1535,420.4173,423.0848,0.00784779,0.00789758,0.00036082,9.3346,8.4088,0.0842,5.5545,0.2517,615.7635,65.9540,8.3255,9.6426,5.1431,5.1891,8.2617,16.7816,25.8881,44.2602,5.1891,0.0,4.9889,8.529385,1.798876,29,193,98,2,0.20855820,0.00902045,0.00297427,0E-8,0.000000,0.900656,0.000000,0.00763944,2026-03-21,2026-08-06,87,1920,882,139,0.625899,0.863400,0.891889,0.695194,,,,,,,,GLOBAL_BASELINE_NO_ENTITY_RANKING,,,NOT_APPLICABLE_GLOBAL_BASELINE,HF9g-P5,,,,X 全窗基线 · 不参与实体赏罚,8397228,840,A168_HF9F_20260827_0900,2026-08-27 09:00:00
2026-07-01,54653530,1485,0,175.5608912296,-27.5992048123,-27.5992048123,0.3000000,11,11,0.50665070000000000,0.506650700000,-1.3070894191142455,-1.3070894191142455,-1.3070894191142455,0E-17,ELIGIBLE,R03b_20260811_FULL_v1,L1_ELIGIBILITY,v2026-08-11,2026-03-21..2026-08-06,baccarat_bet02_101_all_pairs_incl_sentinel,round_win = game_pnl > 0 (decisive only),COMPATIBILITY_ONLY_NOT_PRODUCTION,53571.4227,48249.4483,483.2383,5739,5738,-0.00902045,-0.00297427,-0.01061372,-0.00902045,-483.2383,53571.4227,OK,0.0000,19.3295,4.0000,96.0000,AG03-UNRESOLVED,ALL5_LEVELS_bet23_to_bet27,19.3295,19.3295,24.1619,0.0000,0.0000,4.000000,4.000000,5.000000,0.000000,0.000000,96.000000,96.000000,95.000000,100.000000,100.000000,5.0,62.8210,60.1535,420.4173,423.0848,PENDING_AG03,FALSE,NOT_FOR_ENFORCEMENT,463.9088,46319.4703,483.2383,463.9088,19.3295,0.00902045,0.00865963,19.3295,463.9088,0.00865963,19.3295,19.3295,24.1619,0.0000,0.0000,463.9088,0.00865963,62.8210,60.1535,420.4173,423.0848,0.00784779,0.00789758,0.00036082,9.3346,8.4088,0.0842,5.5545,0.2517,615.7635,65.9540,8.3255,9.6426,5.1431,5.1891,8.2617,16.7816,25.8881,44.2602,5.1891,0.0,4.9889,8.529385,1.798876,29,193,98,2,0.20855820,0.00902045,0.00297427,0E-8,0.000000,0.900656,0.000000,0.00763944,2026-03-21,2026-08-06,87,1920,882,139,0.625899,0.863400,0.891889,0.695194,,,,,,,,GLOBAL_BASELINE_NO_ENTITY_RANKING,,,NOT_APPLICABLE_GLOBAL_BASELINE,HF9g-P5,,,,X 全窗基线 · 不参与实体赏罚,8397229,840,A168_HF9F_20260827_0900,2026-08-27 09:00:00
2026-07-01,54653530,1505,0,36.6612449333,-36.6612449333,-36.6612449333,0E-7,3,3,0.50665070000000000,0.506650700000,-1.7552447903592512,-1.7552447903592512,-1.7552447903592512,0E-17,ELIGIBLE,R03b_20260811_FULL_v1,L1_ELIGIBILITY,v2026-08-11,2026-03-21..2026-08-06,baccarat_bet02_101_all_pairs_incl_sentinel,round_win = game_pnl > 0 (decisive only),COMPATIBILITY_ONLY_NOT_PRODUCTION,53571.4227,48249.4483,483.2383,5739,5738,-0.00902045,-0.00297427,-0.01061372,-0.00902045,-483.2383,53571.4227,OK,0.0000,19.3295,4.0000,96.0000,AG03-UNRESOLVED,ALL5_LEVELS_bet23_to_bet27,19.3295,19.3295,24.1619,0.0000,0.0000,4.000000,4.000000,5.000000,0.000000,0.000000,96.000000,96.000000,95.000000,100.000000,100.000000,5.0,62.8210,60.1535,420.4173,423.0848,PENDING_AG03,FALSE,NOT_FOR_ENFORCEMENT,463.9088,46319.4703,483.2383,463.9088,19.3295,0.00902045,0.00865963,19.3295,463.9088,0.00865963,19.3295,19.3295,24.1619,0.0000,0.0000,463.9088,0.00865963,62.8210,60.1535,420.4173,423.0848,0.00784779,0.00789758,0.00036082,9.3346,8.4088,0.0842,5.5545,0.2517,615.7635,65.9540,8.3255,9.6426,5.1431,5.1891,8.2617,16.7816,25.8881,44.2602,5.1891,0.0,4.9889,8.529385,1.798876,29,193,98,2,0.20855820,0.00902045,0.00297427,0E-8,0.000000,0.900656,0.000000,0.00763944,2026-03-21,2026-08-06,87,1920,882,139,0.625899,0.863400,0.891889,0.695194,,,,,,,,GLOBAL_BASELINE_NO_ENTITY_RANKING,,,NOT_APPLICABLE_GLOBAL_BASELINE,HF9g-P5,,,,X 全窗基线 · 不参与实体赏罚,8397230,840,A168_HF9F_20260827_0900,2026-08-27 09:00:00
2026-07-01,54653530,1654,0,10.3271112488,4.9053778432,4.9053778432,1.0000000,2,2,0.50665070000000000,0.506650700000,0.9867858985152569,0.9867858985152569,0.9867858985152569,0E-17,ELIGIBLE,R03b_20260811_FULL_v1,L1_ELIGIBILITY,v2026-08-11,2026-03-21..2026-08-06,baccarat_bet02_101_all_pairs_incl_sentinel,round_win = game_pnl > 0 (decisive only),COMPATIBILITY_ONLY_NOT_PRODUCTION,53571.4227,48249.4483,483.2383,5739,5738,-0.00902045,-0.00297427,-0.01061372,-0.00902045,-483.2383,53571.4227,OK,0.0000,19.3295,4.0000,96.0000,AG03-UNRESOLVED,ALL5_LEVELS_bet23_to_bet27,19.3295,19.3295,24.1619,0.0000,0.0000,4.000000,4.000000,5.000000,0.000000,0.000000,96.000000,96.000000,95.000000,100.000000,100.000000,5.0,62.8210,60.1535,420.4173,423.0848,PENDING_AG03,FALSE,NOT_FOR_ENFORCEMENT,463.9088,46319.4703,483.2383,463.9088,19.3295,0.00902045,0.00865963,19.3295,463.9088,0.00865963,19.3295,19.3295,24.1619,0.0000,0.0000,463.9088,0.00865963,62.8210,60.1535,420.4173,423.0848,0.00784779,0.00789758,0.00036082,9.3346,8.4088,0.0842,5.5545,0.2517,615.7635,65.9540,8.3255,9.6426,5.1431,5.1891,8.2617,16.7816,25.8881,44.2602,5.1891,0.0,4.9889,8.529385,1.798876,29,193,98,2,0.20855820,0.00902045,0.00297427,0E-8,0.000000,0.900656,0.000000,0.00763944,2026-03-21,2026-08-06,87,1920,882,139,0.625899,0.863400,0.891889,0.695194,,,,,,,,GLOBAL_BASELINE_NO_ENTITY_RANKING,,,NOT_APPLICABLE_GLOBAL_BASELINE,HF9g-P5,,,,X 全窗基线 · 不参与实体赏罚,8397231,840,A168_HF9F_20260827_0900,2026-08-27 09:00:00
2026-07-01,54653530,1703,0,10.3271112488,9.8107556864,9.8107556864,1.0000000,2,2,0.50665070000000000,0.506650700000,1.3955260008387969,1.3955260008387969,1.3955260008387969,0E-17,ELIGIBLE,R03b_20260811_FULL_v1,L1_ELIGIBILITY,v2026-08-11,2026-03-21..2026-08-06,baccarat_bet02_101_all_pairs_incl_sentinel,round_win = game_pnl > 0 (decisive only),COMPATIBILITY_ONLY_NOT_PRODUCTION,53571.4227,48249.4483,483.2383,5739,5738,-0.00902045,-0.00297427,-0.01061372,-0.00902045,-483.2383,53571.4227,OK,0.0000,19.3295,4.0000,96.0000,AG03-UNRESOLVED,ALL5_LEVELS_bet23_to_bet27,19.3295,19.3295,24.1619,0.0000,0.0000,4.000000,4.000000,5.000000,0.000000,0.000000,96.000000,96.000000,95.000000,100.000000,100.000000,5.0,62.8210,60.1535,420.4173,423.0848,PENDING_AG03,FALSE,NOT_FOR_ENFORCEMENT,463.9088,46319.4703,483.2383,463.9088,19.3295,0.00902045,0.00865963,19.3295,463.9088,0.00865963,19.3295,19.3295,24.1619,0.0000,0.0000,463.9088,0.00865963,62.8210,60.1535,420.4173,423.0848,0.00784779,0.00789758,0.00036082,9.3346,8.4088,0.0842,5.5545,0.2517,615.7635,65.9540,8.3255,9.6426,5.1431,5.1891,8.2617,16.7816,25.8881,44.2602,5.1891,0.0,4.9889,8.529385,1.798876,29,193,98,2,0.20855820,0.00902045,0.00297427,0E-8,0.000000,0.900656,0.000000,0.00763944,2026-03-21,2026-08-06,87,1920,882,139,0.625899,0.863400,0.891889,0.695194,,,,,,,,GLOBAL_BASELINE_NO_ENTITY_RANKING,,,NOT_APPLICABLE_GLOBAL_BASELINE,HF9g-P5,,,,X 全窗基线 · 不参与实体赏罚,8397232,840,A168_HF9F_20260827_0900,2026-08-27 09:00:00
2026-07-01,54653530,1704,0,10.3271112488,9.8107556864,9.8107556864,1.0000000,2,2,0.50665070000000000,0.506650700000,1.3955260008387969,1.3955260008387969,1.3955260008387969,0E-17,ELIGIBLE,R03b_20260811_FULL_v1,L1_ELIGIBILITY,v2026-08-11,2026-03-21..2026-08-06,baccarat_bet02_101_all_pairs_incl_sentinel,round_win = game_pnl > 0 (decisive only),COMPATIBILITY_ONLY_NOT_PRODUCTION,53571.4227,48249.4483,483.2383,5739,5738,-0.00902045,-0.00297427,-0.01061372,-0.00902045,-483.2383,53571.4227,OK,0.0000,19.3295,4.0000,96.0000,AG03-UNRESOLVED,ALL5_LEVELS_bet23_to_bet27,19.3295,19.3295,24.1619,0.0000,0.0000,4.000000,4.000000,5.000000,0.000000,0.000000,96.000000,96.000000,95.000000,100.000000,100.000000,5.0,62.8210,60.1535,420.4173,423.0848,PENDING_AG03,FALSE,NOT_FOR_ENFORCEMENT,463.9088,46319.4703,483.2383,463.9088,19.3295,0.00902045,0.00865963,19.3295,463.9088,0.00865963,19.3295,19.3295,24.1619,0.0000,0.0000,463.9088,0.00865963,62.8210,60.1535,420.4173,423.0848,0.00784779,0.00789758,0.00036082,9.3346,8.4088,0.0842,5.5545,0.2517,615.7635,65.9540,8.3255,9.6426,5.1431,5.1891,8.2617,16.7816,25.8881,44.2602,5.1891,0.0,4.9889,8.529385,1.798876,29,193,98,2,0.20855820,0.00902045,0.00297427,0E-8,0.000000,0.900656,0.000000,0.00763944,2026-03-21,2026-08-06,87,1920,882,139,0.625899,0.863400,0.891889,0.695194,,,,,,,,GLOBAL_BASELINE_NO_ENTITY_RANKING,,,NOT_APPLICABLE_GLOBAL_BASELINE,HF9g-P5,,,,X 全窗基线 · 不参与实体赏罚,8397233,840,A168_HF9F_20260827_0900,2026-08-27 09:00:00
2026-07-01,54653530,1947,0,5.1635556244,4.9053778432,4.9053778432,1.0000000,1,1,0.50665070000000000,0.506650700000,0.9867858985152569,0.9867858985152569,0.9867858985152569,0E-17,ELIGIBLE,R03b_20260811_FULL_v1,L1_ELIGIBILITY,v2026-08-11,2026-03-21..2026-08-06,baccarat_bet02_101_all_pairs_incl_sentinel,round_win = game_pnl > 0 (decisive only),COMPATIBILITY_ONLY_NOT_PRODUCTION,53571.4227,48249.4483,483.2383,5739,5738,-0.00902045,-0.00297427,-0.01061372,-0.00902045,-483.2383,53571.4227,OK,0.0000,19.3295,4.0000,96.0000,AG03-UNRESOLVED,ALL5_LEVELS_bet23_to_bet27,19.3295,19.3295,24.1619,0.0000,0.0000,4.000000,4.000000,5.000000,0.000000,0.000000,96.000000,96.000000,95.000000,100.000000,100.000000,5.0,62.8210,60.1535,420.4173,423.0848,PENDING_AG03,FALSE,NOT_FOR_ENFORCEMENT,463.9088,46319.4703,483.2383,463.9088,19.3295,0.00902045,0.00865963,19.3295,463.9088,0.00865963,19.3295,19.3295,24.1619,0.0000,0.0000,463.9088,0.00865963,62.8210,60.1535,420.4173,423.0848,0.00784779,0.00789758,0.00036082,9.3346,8.4088,0.0842,5.5545,0.2517,615.7635,65.9540,8.3255,9.6426,5.1431,5.1891,8.2617,16.7816,25.8881,44.2602,5.1891,0.0,4.9889,8.529385,1.798876,29,193,98,2,0.20855820,0.00902045,0.00297427,0E-8,0.000000,0.900656,0.000000,0.00763944,2026-03-21,2026-08-06,87,1920,882,139,0.625899,0.863400,0.891889,0.695194,,,,,,,,GLOBAL_BASELINE_NO_ENTITY_RANKING,,,NOT_APPLICABLE_GLOBAL_BASELINE,HF9g-P5,,,,X 全窗基线 · 不参与实体赏罚,8397234,840,A168_HF9F_20260827_0900,2026-08-27 09:00:00
2026-07-01,54653530,1966,0,10.3271112488,9.8107556864,9.8107556864,1.0000000,2,2,0.50665070000000000,0.506650700000,1.3955260008387969,1.3955260008387969,1.3955260008387969,0E-17,ELIGIBLE,R03b_20260811_FULL_v1,L1_ELIGIBILITY,v2026-08-11,2026-03-21..2026-08-06,baccarat_bet02_101_all_pairs_incl_sentinel,round_win = game_pnl > 0 (decisive only),COMPATIBILITY_ONLY_NOT_PRODUCTION,53571.4227,48249.4483,483.2383,5739,5738,-0.00902045,-0.00297427,-0.01061372,-0.00902045,-483.2383,53571.4227,OK,0.0000,19.3295,4.0000,96.0000,AG03-UNRESOLVED,ALL5_LEVELS_bet23_to_bet27,19.3295,19.3295,24.1619,0.0000,0.0000,4.000000,4.000000,5.000000,0.000000,0.000000,96.000000,96.000000,95.000000,100.000000,100.000000,5.0,62.8210,60.1535,420.4173,423.0848,PENDING_AG03,FALSE,NOT_FOR_ENFORCEMENT,463.9088,46319.4703,483.2383,463.9088,19.3295,0.00902045,0.00865963,19.3295,463.9088,0.00865963,19.3295,19.3295,24.1619,0.0000,0.0000,463.9088,0.00865963,62.8210,60.1535,420.4173,423.0848,0.00784779,0.00789758,0.00036082,9.3346,8.4088,0.0842,5.5545,0.2517,615.7635,65.9540,8.3255,9.6426,5.1431,5.1891,8.2617,16.7816,25.8881,44.2602,5.1891,0.0,4.9889,8.529385,1.798876,29,193,98,2,0.20855820,0.00902045,0.00297427,0E-8,0.000000,0.900656,0.000000,0.00763944,2026-03-21,2026-08-06,87,1920,882,139,0.625899,0.863400,0.891889,0.695194,,,,,,,,GLOBAL_BASELINE_NO_ENTITY_RANKING,,,NOT_APPLICABLE_GLOBAL_BASELINE,HF9g-P5,,,,X 全窗基线 · 不参与实体赏罚,8397235,840,A168_HF9F_20260827_0900,2026-08-27 09:00:00
2026-07-01,54653530,1994,0,119.7944904862,-77.9696899285,-77.9696899285,0E-7,5,5,0.50665070000000000,0.506650700000,-2.026782104415204,-2.026782104415204,-2.026782104415204,0E-17,ELIGIBLE,R03b_20260811_FULL_v1,L1_ELIGIBILITY,v2026-08-11,2026-03-21..2026-08-06,baccarat_bet02_101_all_pairs_incl_sentinel,round_win = game_pnl > 0 (decisive only),COMPATIBILITY_ONLY_NOT_PRODUCTION,53571.4227,48249.4483,483.2383,5739,5738,-0.00902045,-0.00297427,-0.01061372,-0.00902045,-483.2383,53571.4227,OK,0.0000,19.3295,4.0000,96.0000,AG03-UNRESOLVED,ALL5_LEVELS_bet23_to_bet27,19.3295,19.3295,24.1619,0.0000,0.0000,4.000000,4.000000,5.000000,0.000000,0.000000,96.000000,96.000000,95.000000,100.000000,100.000000,5.0,62.8210,60.1535,420.4173,423.0848,PENDING_AG03,FALSE,NOT_FOR_ENFORCEMENT,463.9088,46319.4703,483.2383,463.9088,19.3295,0.00902045,0.00865963,19.3295,463.9088,0.00865963,19.3295,19.3295,24.1619,0.0000,0.0000,463.9088,0.00865963,62.8210,60.1535,420.4173,423.0848,0.00784779,0.00789758,0.00036082,9.3346,8.4088,0.0842,5.5545,0.2517,615.7635,65.9540,8.3255,9.6426,5.1431,5.1891,8.2617,16.7816,25.8881,44.2602,5.1891,0.0,4.9889,8.529385,1.798876,29,193,98,2,0.20855820,0.00902045,0.00297427,0E-8,0.000000,0.900656,0.000000,0.00763944,2026-03-21,2026-08-06,87,1920,882,139,0.625899,0.863400,0.891889,0.695194,,,,,,,,GLOBAL_BASELINE_NO_ENTITY_RANKING,,,NOT_APPLICABLE_GLOBAL_BASELINE,HF9g-P5,,,,X 全窗基线 · 不参与实体赏罚,8397236,840,A168_HF9F_20260827_0900,2026-08-27 09:00:00
2026-07-01,54653530,2106,0,48.0210673069,4.9699222885,4.9699222885,0.4000000,6,6,0.50665070000000000,0.506650700000,-0.4769986289884125,-0.4769986289884125,-0.4769986289884125,0E-17,ELIGIBLE,R03b_20260811_FULL_v1,L1_ELIGIBILITY,v2026-08-11,2026-03-21..2026-08-06,baccarat_bet02_101_all_pairs_incl_sentinel,round_win = game_pnl > 0 (decisive only),COMPATIBILITY_ONLY_NOT_PRODUCTION,53571.4227,48249.4483,483.2383,5739,5738,-0.00902045,-0.00297427,-0.01061372,-0.00902045,-483.2383,53571.4227,OK,0.0000,19.3295,4.0000,96.0000,AG03-UNRESOLVED,ALL5_LEVELS_bet23_to_bet27,19.3295,19.3295,24.1619,0.0000,0.0000,4.000000,4.000000,5.000000,0.000000,0.000000,96.000000,96.000000,95.000000,100.000000,100.000000,5.0,62.8210,60.1535,420.4173,423.0848,PENDING_AG03,FALSE,NOT_FOR_ENFORCEMENT,463.9088,46319.4703,483.2383,463.9088,19.3295,0.00902045,0.00865963,19.3295,463.9088,0.00865963,19.3295,19.3295,24.1619,0.0000,0.0000,463.9088,0.00865963,62.8210,60.1535,420.4173,423.0848,0.00784779,0.00789758,0.00036082,9.3346,8.4088,0.0842,5.5545,0.2517,615.7635,65.9540,8.3255,9.6426,5.1431,5.1891,8.2617,16.7816,25.8881,44.2602,5.1891,0.0,4.9889,8.529385,1.798876,29,193,98,2,0.20855820,0.00902045,0.00297427,0E-8,0.000000,0.900656,0.000000,0.00763944,2026-03-21,2026-08-06,87,1920,882,139,0.625899,0.863400,0.891889,0.695194,,,,,,,,GLOBAL_BASELINE_NO_ENTITY_RANKING,,,NOT_APPLICABLE_GLOBAL_BASELINE,HF9g-P5,,,,X 全窗基线 · 不参与实体赏罚,8397237,840,A168_HF9F_20260827_0900,2026-08-27 09:00:00
2026-07-01,54653530,2123,0,5.1635556244,5.1635556244,5.1635556244,1.0000000,1,1,0.49324550000000000,0.493245500000,1.01360149184955,1.01360149184955,1.01360149184955,0E-17,ELIGIBLE,R03b_20260811_FULL_v1,L1_ELIGIBILITY,v2026-08-11,2026-03-21..2026-08-06,baccarat_bet02_101_all_pairs_incl_sentinel,round_win = game_pnl > 0 (decisive only),COMPATIBILITY_ONLY_NOT_PRODUCTION,53571.4227,48249.4483,483.2383,5739,5738,-0.00902045,-0.00297427,-0.01061372,-0.00902045,-483.2383,53571.4227,OK,0.0000,19.3295,4.0000,96.0000,AG03-UNRESOLVED,ALL5_LEVELS_bet23_to_bet27,19.3295,19.3295,24.1619,0.0000,0.0000,4.000000,4.000000,5.000000,0.000000,0.000000,96.000000,96.000000,95.000000,100.000000,100.000000,5.0,62.8210,60.1535,420.4173,423.0848,PENDING_AG03,FALSE,NOT_FOR_ENFORCEMENT,463.9088,46319.4703,483.2383,463.9088,19.3295,0.00902045,0.00865963,19.3295,463.9088,0.00865963,19.3295,19.3295,24.1619,0.0000,0.0000,463.9088,0.00865963,62.8210,60.1535,420.4173,423.0848,0.00784779,0.00789758,0.00036082,9.3346,8.4088,0.0842,5.5545,0.2517,615.7635,65.9540,8.3255,9.6426,5.1431,5.1891,8.2617,16.7816,25.8881,44.2602,5.1891,0.0,4.9889,8.529385,1.798876,29,193,98,2,0.20855820,0.00902045,0.00297427,0E-8,0.000000,0.900656,0.000000,0.00763944,2026-03-21,2026-08-06,87,1920,882,139,0.625899,0.863400,0.891889,0.695194,,,,,,,,GLOBAL_BASELINE_NO_ENTITY_RANKING,,,NOT_APPLICABLE_GLOBAL_BASELINE,HF9g-P5,,,,X 全窗基线 · 不参与实体赏罚,8397238,840,A168_HF9F_20260827_0900,2026-08-27 09:00:00
2026-07-01,54653530,2130,0,62.4790230553,29.1482714998,29.1482714998,0.7500000,8,8,0.50665070000000000,0.506650700000,1.3767133162484293,1.3767133162484293,1.3767133162484293,0E-17,ELIGIBLE,R03b_20260811_FULL_v1,L1_ELIGIBILITY,v2026-08-11,2026-03-21..2026-08-06,baccarat_bet02_101_all_pairs_incl_sentinel,round_win = game_pnl > 0 (decisive only),COMPATIBILITY_ONLY_NOT_PRODUCTION,53571.4227,48249.4483,483.2383,5739,5738,-0.00902045,-0.00297427,-0.01061372,-0.00902045,-483.2383,53571.4227,OK,0.0000,19.3295,4.0000,96.0000,AG03-UNRESOLVED,ALL5_LEVELS_bet23_to_bet27,19.3295,19.3295,24.1619,0.0000,0.0000,4.000000,4.000000,5.000000,0.000000,0.000000,96.000000,96.000000,95.000000,100.000000,100.000000,5.0,62.8210,60.1535,420.4173,423.0848,PENDING_AG03,FALSE,NOT_FOR_ENFORCEMENT,463.9088,46319.4703,483.2383,463.9088,19.3295,0.00902045,0.00865963,19.3295,463.9088,0.00865963,19.3295,19.3295,24.1619,0.0000,0.0000,463.9088,0.00865963,62.8210,60.1535,420.4173,423.0848,0.00784779,0.00789758,0.00036082,9.3346,8.4088,0.0842,5.5545,0.2517,615.7635,65.9540,8.3255,9.6426,5.1431,5.1891,8.2617,16.7816,25.8881,44.2602,5.1891,0.0,4.9889,8.529385,1.798876,29,193,98,2,0.20855820,0.00902045,0.00297427,0E-8,0.000000,0.900656,0.000000,0.00763944,2026-03-21,2026-08-06,87,1920,882,139,0.625899,0.863400,0.891889,0.695194,,,,,,,,GLOBAL_BASELINE_NO_ENTITY_RANKING,,,NOT_APPLICABLE_GLOBAL_BASELINE,HF9g-P5,,,,X 全窗基线 · 不参与实体赏罚,8397239,840,A168_HF9F_20260827_0900,2026-08-27 09:00:00
2026-07-01,54653530,2149,0,5.1635556244,4.9053778432,4.9053778432,1.0000000,1,1,0.50665070000000000,0.506650700000,0.9867858985152569,0.9867858985152569,0.9867858985152569,0E-17,ELIGIBLE,R03b_20260811_FULL_v1,L1_ELIGIBILITY,v2026-08-11,2026-03-21..2026-08-06,baccarat_bet02_101_all_pairs_incl_sentinel,round_win = game_pnl > 0 (decisive only),COMPATIBILITY_ONLY_NOT_PRODUCTION,53571.4227,48249.4483,483.2383,5739,5738,-0.00902045,-0.00297427,-0.01061372,-0.00902045,-483.2383,53571.4227,OK,0.0000,19.3295,4.0000,96.0000,AG03-UNRESOLVED,ALL5_LEVELS_bet23_to_bet27,19.3295,19.3295,24.1619,0.0000,0.0000,4.000000,4.000000,5.000000,0.000000,0.000000,96.000000,96.000000,95.000000,100.000000,100.000000,5.0,62.8210,60.1535,420.4173,423.0848,PENDING_AG03,FALSE,NOT_FOR_ENFORCEMENT,463.9088,46319.4703,483.2383,463.9088,19.3295,0.00902045,0.00865963,19.3295,463.9088,0.00865963,19.3295,19.3295,24.1619,0.0000,0.0000,463.9088,0.00865963,62.8210,60.1535,420.4173,423.0848,0.00784779,0.00789758,0.00036082,9.3346,8.4088,0.0842,5.5545,0.2517,615.7635,65.9540,8.3255,9.6426,5.1431,5.1891,8.2617,16.7816,25.8881,44.2602,5.1891,0.0,4.9889,8.529385,1.798876,29,193,98,2,0.20855820,0.00902045,0.00297427,0E-8,0.000000,0.900656,0.000000,0.00763944,2026-03-21,2026-08-06,87,1920,882,139,0.625899,0.863400,0.891889,0.695194,,,,,,,,GLOBAL_BASELINE_NO_ENTITY_RANKING,,,NOT_APPLICABLE_GLOBAL_BASELINE,HF9g-P5,,,,X 全窗基线 · 不参与实体赏罚,8397240,840,A168_HF9F_20260827_0900,2026-08-27 09:00:00
2026-07-01,54653530,2156,0,5.1635556244,4.9053778432,4.9053778432,1.0000000,1,1,0.50665070000000000,0.506650700000,0.9867858985152569,0.9867858985152569,0.9867858985152569,0E-17,ELIGIBLE,R03b_20260811_FULL_v1,L1_ELIGIBILITY,v2026-08-11,2026-03-21..2026-08-06,baccarat_bet02_101_all_pairs_incl_sentinel,round_win = game_pnl > 0 (decisive only),COMPATIBILITY_ONLY_NOT_PRODUCTION,53571.4227,48249.4483,483.2383,5739,5738,-0.00902045,-0.00297427,-0.01061372,-0.00902045,-483.2383,53571.4227,OK,0.0000,19.3295,4.0000,96.0000,AG03-UNRESOLVED,ALL5_LEVELS_bet23_to_bet27,19.3295,19.3295,24.1619,0.0000,0.0000,4.000000,4.000000,5.000000,0.000000,0.000000,96.000000,96.000000,95.000000,100.000000,100.000000,5.0,62.8210,60.1535,420.4173,423.0848,PENDING_AG03,FALSE,NOT_FOR_ENFORCEMENT,463.9088,46319.4703,483.2383,463.9088,19.3295,0.00902045,0.00865963,19.3295,463.9088,0.00865963,19.3295,19.3295,24.1619,0.0000,0.0000,463.9088,0.00865963,62.8210,60.1535,420.4173,423.0848,0.00784779,0.00789758,0.00036082,9.3346,8.4088,0.0842,5.5545,0.2517,615.7635,65.9540,8.3255,9.6426,5.1431,5.1891,8.2617,16.7816,25.8881,44.2602,5.1891,0.0,4.9889,8.529385,1.798876,29,193,98,2,0.20855820,0.00902045,0.00297427,0E-8,0.000000,0.900656,0.000000,0.00763944,2026-03-21,2026-08-06,87,1920,882,139,0.625899,0.863400,0.891889,0.695194,,,,,,,,GLOBAL_BASELINE_NO_ENTITY_RANKING,,,NOT_APPLICABLE_GLOBAL_BASELINE,HF9g-P5,,,,X 全窗基线 · 不参与实体赏罚,8397241,840,A168_HF9F_20260827_0900,2026-08-27 09:00:00
2026-07-01,54653530,2171,0,104.8201791753,25.8694136782,25.8694136782,0.5000000,10,10,0.49994810000000000,0.499948100000,0.00029359073713029245,0.00029359073713029245,0.00029359073713029245,0E-17,ELIGIBLE,R03b_20260811_FULL_v1,L1_ELIGIBILITY,v2026-08-11,2026-03-21..2026-08-06,baccarat_bet02_101_all_pairs_incl_sentinel,round_win = game_pnl > 0 (decisive only),COMPATIBILITY_ONLY_NOT_PRODUCTION,53571.4227,48249.4483,483.2383,5739,5738,-0.00902045,-0.00297427,-0.01061372,-0.00902045,-483.2383,53571.4227,OK,0.0000,19.3295,4.0000,96.0000,AG03-UNRESOLVED,ALL5_LEVELS_bet23_to_bet27,19.3295,19.3295,24.1619,0.0000,0.0000,4.000000,4.000000,5.000000,0.000000,0.000000,96.000000,96.000000,95.000000,100.000000,100.000000,5.0,62.8210,60.1535,420.4173,423.0848,PENDING_AG03,FALSE,NOT_FOR_ENFORCEMENT,463.9088,46319.4703,483.2383,463.9088,19.3295,0.00902045,0.00865963,19.3295,463.9088,0.00865963,19.3295,19.3295,24.1619,0.0000,0.0000,463.9088,0.00865963,62.8210,60.1535,420.4173,423.0848,0.00784779,0.00789758,0.00036082,9.3346,8.4088,0.0842,5.5545,0.2517,615.7635,65.9540,8.3255,9.6426,5.1431,5.1891,8.2617,16.7816,25.8881,44.2602,5.1891,0.0,4.9889,8.529385,1.798876,29,193,98,2,0.20855820,0.00902045,0.00297427,0E-8,0.000000,0.900656,0.000000,0.00763944,2026-03-21,2026-08-06,87,1920,882,139,0.625899,0.863400,0.891889,0.695194,,,,,,,,GLOBAL_BASELINE_NO_ENTITY_RANKING,,,NOT_APPLICABLE_GLOBAL_BASELINE,HF9g-P5,,,,X 全窗基线 · 不参与实体赏罚,8397242,840,A168_HF9F_20260827_0900,2026-08-27 09:00:00
2026-07-01,54653530,2177,0,44.4065783698,6.3253556399,6.3253556399,0.4000000,5,5,0.50128862000000000,0.501288620000,-0.4529779837142727,-0.4529779837142727,-0.4529779837142727,0E-17,ELIGIBLE,R03b_20260811_FULL_v1,L1_ELIGIBILITY,v2026-08-11,2026-03-21..2026-08-06,baccarat_bet02_101_all_pairs_incl_sentinel,round_win = game_pnl > 0 (decisive only),COMPATIBILITY_ONLY_NOT_PRODUCTION,53571.4227,48249.4483,483.2383,5739,5738,-0.00902045,-0.00297427,-0.01061372,-0.00902045,-483.2383,53571.4227,OK,0.0000,19.3295,4.0000,96.0000,AG03-UNRESOLVED,ALL5_LEVELS_bet23_to_bet27,19.3295,19.3295,24.1619,0.0000,0.0000,4.000000,4.000000,5.000000,0.000000,0.000000,96.000000,96.000000,95.000000,100.000000,100.000000,5.0,62.8210,60.1535,420.4173,423.0848,PENDING_AG03,FALSE,NOT_FOR_ENFORCEMENT,463.9088,46319.4703,483.2383,463.9088,19.3295,0.00902045,0.00865963,19.3295,463.9088,0.00865963,19.3295,19.3295,24.1619,0.0000,0.0000,463.9088,0.00865963,62.8210,60.1535,420.4173,423.0848,0.00784779,0.00789758,0.00036082,9.3346,8.4088,0.0842,5.5545,0.2517,615.7635,65.9540,8.3255,9.6426,5.1431,5.1891,8.2617,16.7816,25.8881,44.2602,5.1891,0.0,4.9889,8.529385,1.798876,29,193,98,2,0.20855820,0.00902045,0.00297427,0E-8,0.000000,0.900656,0.000000,0.00763944,2026-03-21,2026-08-06,87,1920,882,139,0.625899,0.863400,0.891889,0.695194,,,,,,,,GLOBAL_BASELINE_NO_ENTITY_RANKING,,,NOT_APPLICABLE_GLOBAL_BASELINE,HF9g-P5,,,,X 全窗基线 · 不参与实体赏罚,8397243,840,A168_HF9F_20260827_0900,2026-08-27 09:00:00
2026-07-01,54653530,2189,0,5.1635556244,4.9053778432,4.9053778432,1.0000000,1,1,0.50665070000000000,0.506650700000,0.9867858985152569,0.9867858985152569,0.9867858985152569,0E-17,ELIGIBLE,R03b_20260811_FULL_v1,L1_ELIGIBILITY,v2026-08-11,2026-03-21..2026-08-06,baccarat_bet02_101_all_pairs_incl_sentinel,round_win = game_pnl > 0 (decisive only),COMPATIBILITY_ONLY_NOT_PRODUCTION,53571.4227,48249.4483,483.2383,5739,5738,-0.00902045,-0.00297427,-0.01061372,-0.00902045,-483.2383,53571.4227,OK,0.0000,19.3295,4.0000,96.0000,AG03-UNRESOLVED,ALL5_LEVELS_bet23_to_bet27,19.3295,19.3295,24.1619,0.0000,0.0000,4.000000,4.000000,5.000000,0.000000,0.000000,96.000000,96.000000,95.000000,100.000000,100.000000,5.0,62.8210,60.1535,420.4173,423.0848,PENDING_AG03,FALSE,NOT_FOR_ENFORCEMENT,463.9088,46319.4703,483.2383,463.9088,19.3295,0.00902045,0.00865963,19.3295,463.9088,0.00865963,19.3295,19.3295,24.1619,0.0000,0.0000,463.9088,0.00865963,62.8210,60.1535,420.4173,423.0848,0.00784779,0.00789758,0.00036082,9.3346,8.4088,0.0842,5.5545,0.2517,615.7635,65.9540,8.3255,9.6426,5.1431,5.1891,8.2617,16.7816,25.8881,44.2602,5.1891,0.0,4.9889,8.529385,1.798876,29,193,98,2,0.20855820,0.00902045,0.00297427,0E-8,0.000000,0.900656,0.000000,0.00763944,2026-03-21,2026-08-06,87,1920,882,139,0.625899,0.863400,0.891889,0.695194,,,,,,,,GLOBAL_BASELINE_NO_ENTITY_RANKING,,,NOT_APPLICABLE_GLOBAL_BASELINE,HF9g-P5,,,,X 全窗基线 · 不参与实体赏罚,8397244,840,A168_HF9F_20260827_0900,2026-08-27 09:00:00
2026-07-01,54653530,2209,0,5.1635556244,0E-10,0E-10,,1,1,0.50665070000000000,0.506650700000,,,,0E-17,NO_DECISIVE_ROUND,R03b_20260811_FULL_v1,L1_ELIGIBILITY,v2026-08-11,2026-03-21..2026-08-06,baccarat_bet02_101_all_pairs_incl_sentinel,round_win = game_pnl > 0 (decisive only),COMPATIBILITY_ONLY_NOT_PRODUCTION,53571.4227,48249.4483,483.2383,5739,5738,-0.00902045,-0.00297427,-0.01061372,-0.00902045,-483.2383,53571.4227,OK,0.0000,19.3295,4.0000,96.0000,AG03-UNRESOLVED,ALL5_LEVELS_bet23_to_bet27,19.3295,19.3295,24.1619,0.0000,0.0000,4.000000,4.000000,5.000000,0.000000,0.000000,96.000000,96.000000,95.000000,100.000000,100.000000,5.0,62.8210,60.1535,420.4173,423.0848,PENDING_AG03,FALSE,NOT_FOR_ENFORCEMENT,463.9088,46319.4703,483.2383,463.9088,19.3295,0.00902045,0.00865963,19.3295,463.9088,0.00865963,19.3295,19.3295,24.1619,0.0000,0.0000,463.9088,0.00865963,62.8210,60.1535,420.4173,423.0848,0.00784779,0.00789758,0.00036082,9.3346,8.4088,0.0842,5.5545,0.2517,615.7635,65.9540,8.3255,9.6426,5.1431,5.1891,8.2617,16.7816,25.8881,44.2602,5.1891,0.0,4.9889,8.529385,1.798876,29,193,98,2,0.20855820,0.00902045,0.00297427,0E-8,0.000000,0.900656,0.000000,0.00763944,2026-03-21,2026-08-06,87,1920,882,139,0.625899,0.863400,0.891889,0.695194,,,,,,,,GLOBAL_BASELINE_NO_ENTITY_RANKING,,,NOT_APPLICABLE_GLOBAL_BASELINE,HF9g-P5,,,,X 全窗基线 · 不参与实体赏罚,8397245,840,A168_HF9F_20260827_0900,2026-08-27 09:00:00
2026-07-01,54653530,2246,0,23.7523558722,12.7539823923,12.7539823923,0.7500000,4,4,0.50329940000000000,0.503299400000,0.9868238854431842,0.9868238854431842,0.9868238854431842,0E-17,ELIGIBLE,R03b_20260811_FULL_v1,L1_ELIGIBILITY,v2026-08-11,2026-03-21..2026-08-06,baccarat_bet02_101_all_pairs_incl_sentinel,round_win = game_pnl > 0 (decisive only),COMPATIBILITY_ONLY_NOT_PRODUCTION,53571.4227,48249.4483,483.2383,5739,5738,-0.00902045,-0.00297427,-0.01061372,-0.00902045,-483.2383,53571.4227,OK,0.0000,19.3295,4.0000,96.0000,AG03-UNRESOLVED,ALL5_LEVELS_bet23_to_bet27,19.3295,19.3295,24.1619,0.0000,0.0000,4.000000,4.000000,5.000000,0.000000,0.000000,96.000000,96.000000,95.000000,100.000000,100.000000,5.0,62.8210,60.1535,420.4173,423.0848,PENDING_AG03,FALSE,NOT_FOR_ENFORCEMENT,463.9088,46319.4703,483.2383,463.9088,19.3295,0.00902045,0.00865963,19.3295,463.9088,0.00865963,19.3295,19.3295,24.1619,0.0000,0.0000,463.9088,0.00865963,62.8210,60.1535,420.4173,423.0848,0.00784779,0.00789758,0.00036082,9.3346,8.4088,0.0842,5.5545,0.2517,615.7635,65.9540,8.3255,9.6426,5.1431,5.1891,8.2617,16.7816,25.8881,44.2602,5.1891,0.0,4.9889,8.529385,1.798876,29,193,98,2,0.20855820,0.00902045,0.00297427,0E-8,0.000000,0.900656,0.000000,0.00763944,2026-03-21,2026-08-06,87,1920,882,139,0.625899,0.863400,0.891889,0.695194,,,,,,,,GLOBAL_BASELINE_NO_ENTITY_RANKING,,,NOT_APPLICABLE_GLOBAL_BASELINE,HF9g-P5,,,,X 全窗基线 · 不参与实体赏罚,8397246,840,A168_HF9F_20260827_0900,2026-08-27 09:00:00
2026-07-01,54653530,2252,0,14.1997779671,3.8726667183,3.8726667183,0.5000000,2,2,0.49994810000000000,0.499948100000,0.00014679536856514622,0.00014679536856514622,0.00014679536856514622,0E-17,ELIGIBLE,R03b_20260811_FULL_v1,L1_ELIGIBILITY,v2026-08-11,2026-03-21..2026-08-06,baccarat_bet02_101_all_pairs_incl_sentinel,round_win = game_pnl > 0 (decisive only),COMPATIBILITY_ONLY_NOT_PRODUCTION,53571.4227,48249.4483,483.2383,5739,5738,-0.00902045,-0.00297427,-0.01061372,-0.00902045,-483.2383,53571.4227,OK,0.0000,19.3295,4.0000,96.0000,AG03-UNRESOLVED,ALL5_LEVELS_bet23_to_bet27,19.3295,19.3295,24.1619,0.0000,0.0000,4.000000,4.000000,5.000000,0.000000,0.000000,96.000000,96.000000,95.000000,100.000000,100.000000,5.0,62.8210,60.1535,420.4173,423.0848,PENDING_AG03,FALSE,NOT_FOR_ENFORCEMENT,463.9088,46319.4703,483.2383,463.9088,19.3295,0.00902045,0.00865963,19.3295,463.9088,0.00865963,19.3295,19.3295,24.1619,0.0000,0.0000,463.9088,0.00865963,62.8210,60.1535,420.4173,423.0848,0.00784779,0.00789758,0.00036082,9.3346,8.4088,0.0842,5.5545,0.2517,615.7635,65.9540,8.3255,9.6426,5.1431,5.1891,8.2617,16.7816,25.8881,44.2602,5.1891,0.0,4.9889,8.529385,1.798876,29,193,98,2,0.20855820,0.00902045,0.00297427,0E-8,0.000000,0.900656,0.000000,0.00763944,2026-03-21,2026-08-06,87,1920,882,139,0.625899,0.863400,0.891889,0.695194,,,,,,,,GLOBAL_BASELINE_NO_ENTITY_RANKING,,,NOT_APPLICABLE_GLOBAL_BASELINE,HF9g-P5,,,,X 全窗基线 · 不参与实体赏罚,8397247,840,A168_HF9F_20260827_0900,2026-08-27 09:00:00
2026-07-01,54653530,2261,0,21.9451114037,15.9424779904,15.9424779904,1.0000000,3,3,0.50665070000000000,0.506650700000,1.3955260008387969,1.3955260008387969,1.3955260008387969,0E-17,ELIGIBLE,R03b_20260811_FULL_v1,L1_ELIGIBILITY,v2026-08-11,2026-03-21..2026-08-06,baccarat_bet02_101_all_pairs_incl_sentinel,round_win = game_pnl > 0 (decisive only),COMPATIBILITY_ONLY_NOT_PRODUCTION,53571.4227,48249.4483,483.2383,5739,5738,-0.00902045,-0.00297427,-0.01061372,-0.00902045,-483.2383,53571.4227,OK,0.0000,19.3295,4.0000,96.0000,AG03-UNRESOLVED,ALL5_LEVELS_bet23_to_bet27,19.3295,19.3295,24.1619,0.0000,0.0000,4.000000,4.000000,5.000000,0.000000,0.000000,96.000000,96.000000,95.000000,100.000000,100.000000,5.0,62.8210,60.1535,420.4173,423.0848,PENDING_AG03,FALSE,NOT_FOR_ENFORCEMENT,463.9088,46319.4703,483.2383,463.9088,19.3295,0.00902045,0.00865963,19.3295,463.9088,0.00865963,19.3295,19.3295,24.1619,0.0000,0.0000,463.9088,0.00865963,62.8210,60.1535,420.4173,423.0848,0.00784779,0.00789758,0.00036082,9.3346,8.4088,0.0842,5.5545,0.2517,615.7635,65.9540,8.3255,9.6426,5.1431,5.1891,8.2617,16.7816,25.8881,44.2602,5.1891,0.0,4.9889,8.529385,1.798876,29,193,98,2,0.20855820,0.00902045,0.00297427,0E-8,0.000000,0.900656,0.000000,0.00763944,2026-03-21,2026-08-06,87,1920,882,139,0.625899,0.863400,0.891889,0.695194,,,,,,,,GLOBAL_BASELINE_NO_ENTITY_RANKING,,,NOT_APPLICABLE_GLOBAL_BASELINE,HF9g-P5,,,,X 全窗基线 · 不参与实体赏罚,8397248,840,A168_HF9F_20260827_0900,2026-08-27 09:00:00
2026-07-01,54653530,2281,0,114.3727570804,-10.6627423643,-10.6627423643,0.3333333,6,6,0.50218230000000000,0.502182300000,-0.8271955028234007,-0.8271955028234007,-0.8271955028234007,0E-17,ELIGIBLE,R03b_20260811_FULL_v1,L1_ELIGIBILITY,v2026-08-11,2026-03-21..2026-08-06,baccarat_bet02_101_all_pairs_incl_sentinel,round_win = game_pnl > 0 (decisive only),COMPATIBILITY_ONLY_NOT_PRODUCTION,53571.4227,48249.4483,483.2383,5739,5738,-0.00902045,-0.00297427,-0.01061372,-0.00902045,-483.2383,53571.4227,OK,0.0000,19.3295,4.0000,96.0000,AG03-UNRESOLVED,ALL5_LEVELS_bet23_to_bet27,19.3295,19.3295,24.1619,0.0000,0.0000,4.000000,4.000000,5.000000,0.000000,0.000000,96.000000,96.000000,95.000000,100.000000,100.000000,5.0,62.8210,60.1535,420.4173,423.0848,PENDING_AG03,FALSE,NOT_FOR_ENFORCEMENT,463.9088,46319.4703,483.2383,463.9088,19.3295,0.00902045,0.00865963,19.3295,463.9088,0.00865963,19.3295,19.3295,24.1619,0.0000,0.0000,463.9088,0.00865963,62.8210,60.1535,420.4173,423.0848,0.00784779,0.00789758,0.00036082,9.3346,8.4088,0.0842,5.5545,0.2517,615.7635,65.9540,8.3255,9.6426,5.1431,5.1891,8.2617,16.7816,25.8881,44.2602,5.1891,0.0,4.9889,8.529385,1.798876,29,193,98,2,0.20855820,0.00902045,0.00297427,0E-8,0.000000,0.900656,0.000000,0.00763944,2026-03-21,2026-08-06,87,1920,882,139,0.625899,0.863400,0.891889,0.695194,,,,,,,,GLOBAL_BASELINE_NO_ENTITY_RANKING,,,NOT_APPLICABLE_GLOBAL_BASELINE,HF9g-P5,,,,X 全窗基线 · 不参与实体赏罚,8397249,840,A168_HF9F_20260827_0900,2026-08-27 09:00:00
2026-07-01,54653530,595,0,5.1635556244,4.9053778432,4.9053778432,1.0000000,1,1,0.50665070000000000,0.506650700000,0.9867858985152569,0.9867858985152569,0.9867858985152569,0E-17,ELIGIBLE,R03b_20260811_FULL_v1,L1_ELIGIBILITY,v2026-08-11,2026-03-21..2026-08-06,baccarat_bet02_101_all_pairs_incl_sentinel,round_win = game_pnl > 0 (decisive only),COMPATIBILITY_ONLY_NOT_PRODUCTION,53571.4227,48249.4483,483.2383,5739,5738,-0.00902045,-0.00297427,-0.01061372,-0.00902045,-483.2383,53571.4227,OK,0.0000,19.3295,4.0000,96.0000,AG03-UNRESOLVED,ALL5_LEVELS_bet23_to_bet27,19.3295,19.3295,24.1619,0.0000,0.0000,4.000000,4.000000,5.000000,0.000000,0.000000,96.000000,96.000000,95.000000,100.000000,100.000000,5.0,62.8210,60.1535,420.4173,423.0848,PENDING_AG03,FALSE,NOT_FOR_ENFORCEMENT,463.9088,46319.4703,483.2383,463.9088,19.3295,0.00902045,0.00865963,19.3295,463.9088,0.00865963,19.3295,19.3295,24.1619,0.0000,0.0000,463.9088,0.00865963,62.8210,60.1535,420.4173,423.0848,0.00784779,0.00789758,0.00036082,9.3346,8.4088,0.0842,5.5545,0.2517,615.7635,65.9540,8.3255,9.6426,5.1431,5.1891,8.2617,16.7816,25.8881,44.2602,5.1891,0.0,4.9889,8.529385,1.798876,29,193,98,2,0.20855820,0.00902045,0.00297427,0E-8,0.000000,0.900656,0.000000,0.00763944,2026-03-21,2026-08-06,87,1920,882,139,0.625899,0.863400,0.891889,0.695194,,,,,,,,GLOBAL_BASELINE_NO_ENTITY_RANKING,,,NOT_APPLICABLE_GLOBAL_BASELINE,HF9g-P5,,,,X 全窗基线 · 不参与实体赏罚,8397250,840,A168_HF9F_20260827_0900,2026-08-27 09:00:00
2026-07-01,54653530,948,0,14.1997779671,3.8726667183,3.8726667183,0.5000000,2,2,0.49324550000000000,0.493245500000,0.01910635448239258,0.01910635448239258,0.01910635448239258,0E-17,ELIGIBLE,R03b_20260811_FULL_v1,L1_ELIGIBILITY,v2026-08-11,2026-03-21..2026-08-06,baccarat_bet02_101_all_pairs_incl_sentinel,round_win = game_pnl > 0 (decisive only),COMPATIBILITY_ONLY_NOT_PRODUCTION,53571.4227,48249.4483,483.2383,5739,5738,-0.00902045,-0.00297427,-0.01061372,-0.00902045,-483.2383,53571.4227,OK,0.0000,19.3295,4.0000,96.0000,AG03-UNRESOLVED,ALL5_LEVELS_bet23_to_bet27,19.3295,19.3295,24.1619,0.0000,0.0000,4.000000,4.000000,5.000000,0.000000,0.000000,96.000000,96.000000,95.000000,100.000000,100.000000,5.0,62.8210,60.1535,420.4173,423.0848,PENDING_AG03,FALSE,NOT_FOR_ENFORCEMENT,463.9088,46319.4703,483.2383,463.9088,19.3295,0.00902045,0.00865963,19.3295,463.9088,0.00865963,19.3295,19.3295,24.1619,0.0000,0.0000,463.9088,0.00865963,62.8210,60.1535,420.4173,423.0848,0.00784779,0.00789758,0.00036082,9.3346,8.4088,0.0842,5.5545,0.2517,615.7635,65.9540,8.3255,9.6426,5.1431,5.1891,8.2617,16.7816,25.8881,44.2602,5.1891,0.0,4.9889,8.529385,1.798876,29,193,98,2,0.20855820,0.00902045,0.00297427,0E-8,0.000000,0.900656,0.000000,0.00763944,2026-03-21,2026-08-06,87,1920,882,139,0.625899,0.863400,0.891889,0.695194,,,,,,,,GLOBAL_BASELINE_NO_ENTITY_RANKING,,,NOT_APPLICABLE_GLOBAL_BASELINE,HF9g-P5,,,,X 全窗基线 · 不参与实体赏罚,8397251,840,A168_HF9F_20260827_0900,2026-08-27 09:00:00
2026-07-04,54653530,-1,1,95.5257790514,18.0724446854,18.0724446854,0.5000000,11,11,0.49324550000000000,0.493245500000,0.04272310742483761,0.04272310742483761,0.04272310742483761,0E-17,SENTINEL_DEALER,R03b_20260811_FULL_v1,L1_ELIGIBILITY,v2026-08-11,2026-03-21..2026-08-06,baccarat_bet02_101_all_pairs_incl_sentinel,round_win = game_pnl > 0 (decisive only),COMPATIBILITY_ONLY_NOT_PRODUCTION,53571.4227,48249.4483,483.2383,5739,5738,-0.00902045,-0.00297427,-0.01061372,-0.00902045,-483.2383,53571.4227,OK,0.0000,19.3295,4.0000,96.0000,AG03-UNRESOLVED,ALL5_LEVELS_bet23_to_bet27,19.3295,19.3295,24.1619,0.0000,0.0000,4.000000,4.000000,5.000000,0.000000,0.000000,96.000000,96.000000,95.000000,100.000000,100.000000,5.0,62.8210,60.1535,420.4173,423.0848,PENDING_AG03,FALSE,NOT_FOR_ENFORCEMENT,463.9088,46319.4703,483.2383,463.9088,19.3295,0.00902045,0.00865963,19.3295,463.9088,0.00865963,19.3295,19.3295,24.1619,0.0000,0.0000,463.9088,0.00865963,62.8210,60.1535,420.4173,423.0848,0.00784779,0.00789758,0.00036082,9.3346,8.4088,0.0842,5.5545,0.2517,615.7635,65.9540,8.3255,9.6426,5.1431,5.1891,8.2617,16.7816,25.8881,44.2602,5.1891,0.0,4.9889,8.529385,1.798876,29,193,98,2,0.20855820,0.00902045,0.00297427,0E-8,0.000000,0.900656,0.000000,0.00763944,2026-03-21,2026-08-06,87,1920,882,139,0.625899,0.863400,0.891889,0.695194,,,,,,,,GLOBAL_BASELINE_NO_ENTITY_RANKING,,,NOT_APPLICABLE_GLOBAL_BASELINE,HF9g-P5,,,,X 全窗基线 · 不参与实体赏罚,8397252,840,A168_HF9F_20260827_0900,2026-08-27 09:00:00
2026-07-04,54653530,1109,0,25.8177781220,20.6542224976,20.6542224976,1.0000000,5,5,0.49324550000000000,0.493245500000,2.0272029836991,2.0272029836991,2.0272029836991,0E-17,ELIGIBLE,R03b_20260811_FULL_v1,L1_ELIGIBILITY,v2026-08-11,2026-03-21..2026-08-06,baccarat_bet02_101_all_pairs_incl_sentinel,round_win = game_pnl > 0 (decisive only),COMPATIBILITY_ONLY_NOT_PRODUCTION,53571.4227,48249.4483,483.2383,5739,5738,-0.00902045,-0.00297427,-0.01061372,-0.00902045,-483.2383,53571.4227,OK,0.0000,19.3295,4.0000,96.0000,AG03-UNRESOLVED,ALL5_LEVELS_bet23_to_bet27,19.3295,19.3295,24.1619,0.0000,0.0000,4.000000,4.000000,5.000000,0.000000,0.000000,96.000000,96.000000,95.000000,100.000000,100.000000,5.0,62.8210,60.1535,420.4173,423.0848,PENDING_AG03,FALSE,NOT_FOR_ENFORCEMENT,463.9088,46319.4703,483.2383,463.9088,19.3295,0.00902045,0.00865963,19.3295,463.9088,0.00865963,19.3295,19.3295,24.1619,0.0000,0.0000,463.9088,0.00865963,62.8210,60.1535,420.4173,423.0848,0.00784779,0.00789758,0.00036082,9.3346,8.4088,0.0842,5.5545,0.2517,615.7635,65.9540,8.3255,9.6426,5.1431,5.1891,8.2617,16.7816,25.8881,44.2602,5.1891,0.0,4.9889,8.529385,1.798876,29,193,98,2,0.20855820,0.00902045,0.00297427,0E-8,0.000000,0.900656,0.000000,0.00763944,2026-03-21,2026-08-06,87,1920,882,139,0.625899,0.863400,0.891889,0.695194,,,,,,,,GLOBAL_BASELINE_NO_ENTITY_RANKING,,,NOT_APPLICABLE_GLOBAL_BASELINE,HF9g-P5,,,,X 全窗基线 · 不参与实体赏罚,8397253,840,A168_HF9F_20260827_0900,2026-08-27 09:00:00
2026-07-04,54653530,1115,0,12.9088890610,2.5817778122,2.5817778122,0.5000000,2,2,0.49324550000000000,0.493245500000,0.01910635448239258,0.01910635448239258,0.01910635448239258,0E-17,ELIGIBLE,R03b_20260811_FULL_v1,L1_ELIGIBILITY,v2026-08-11,2026-03-21..2026-08-06,baccarat_bet02_101_all_pairs_incl_sentinel,round_win = game_pnl > 0 (decisive only),COMPATIBILITY_ONLY_NOT_PRODUCTION,53571.4227,48249.4483,483.2383,5739,5738,-0.00902045,-0.00297427,-0.01061372,-0.00902045,-483.2383,53571.4227,OK,0.0000,19.3295,4.0000,96.0000,AG03-UNRESOLVED,ALL5_LEVELS_bet23_to_bet27,19.3295,19.3295,24.1619,0.0000,0.0000,4.000000,4.000000,5.000000,0.000000,0.000000,96.000000,96.000000,95.000000,100.000000,100.000000,5.0,62.8210,60.1535,420.4173,423.0848,PENDING_AG03,FALSE,NOT_FOR_ENFORCEMENT,463.9088,46319.4703,483.2383,463.9088,19.3295,0.00902045,0.00865963,19.3295,463.9088,0.00865963,19.3295,19.3295,24.1619,0.0000,0.0000,463.9088,0.00865963,62.8210,60.1535,420.4173,423.0848,0.00784779,0.00789758,0.00036082,9.3346,8.4088,0.0842,5.5545,0.2517,615.7635,65.9540,8.3255,9.6426,5.1431,5.1891,8.2617,16.7816,25.8881,44.2602,5.1891,0.0,4.9889,8.529385,1.798876,29,193,98,2,0.20855820,0.00902045,0.00297427,0E-8,0.000000,0.900656,0.000000,0.00763944,2026-03-21,2026-08-06,87,1920,882,139,0.625899,0.863400,0.891889,0.695194,,,,,,,,GLOBAL_BASELINE_NO_ENTITY_RANKING,,,NOT_APPLICABLE_GLOBAL_BASELINE,HF9g-P5,,,,X 全窗基线 · 不参与实体赏罚,8397254,840,A168_HF9F_20260827_0900,2026-08-27 09:00:00
2026-07-04,54653530,1157,0,107.1437792063,1.2908889061,1.2908889061,0.3333333,10,10,0.49324550000000000,0.493245500000,-0.959560560576535,-0.959560560576535,-0.959560560576535,0E-17,ELIGIBLE,R03b_20260811_FULL_v1,L1_ELIGIBILITY,v2026-08-11,2026-03-21..2026-08-06,baccarat_bet02_101_all_pairs_incl_sentinel,round_win = game_pnl > 0 (decisive only),COMPATIBILITY_ONLY_NOT_PRODUCTION,53571.4227,48249.4483,483.2383,5739,5738,-0.00902045,-0.00297427,-0.01061372,-0.00902045,-483.2383,53571.4227,OK,0.0000,19.3295,4.0000,96.0000,AG03-UNRESOLVED,ALL5_LEVELS_bet23_to_bet27,19.3295,19.3295,24.1619,0.0000,0.0000,4.000000,4.000000,5.000000,0.000000,0.000000,96.000000,96.000000,95.000000,100.000000,100.000000,5.0,62.8210,60.1535,420.4173,423.0848,PENDING_AG03,FALSE,NOT_FOR_ENFORCEMENT,463.9088,46319.4703,483.2383,463.9088,19.3295,0.00902045,0.00865963,19.3295,463.9088,0.00865963,19.3295,19.3295,24.1619,0.0000,0.0000,463.9088,0.00865963,62.8210,60.1535,420.4173,423.0848,0.00784779,0.00789758,0.00036082,9.3346,8.4088,0.0842,5.5545,0.2517,615.7635,65.9540,8.3255,9.6426,5.1431,5.1891,8.2617,16.7816,25.8881,44.2602,5.1891,0.0,4.9889,8.529385,1.798876,29,193,98,2,0.20855820,0.00902045,0.00297427,0E-8,0.000000,0.900656,0.000000,0.00763944,2026-03-21,2026-08-06,87,1920,882,139,0.625899,0.863400,0.891889,0.695194,,,,,,,,GLOBAL_BASELINE_NO_ENTITY_RANKING,,,NOT_APPLICABLE_GLOBAL_BASELINE,HF9g-P5,,,,X 全窗基线 · 不参与实体赏罚,8397255,840,A168_HF9F_20260827_0900,2026-08-27 09:00:00
2026-07-04,54653530,1307,0,31.7558670900,10.2883845816,10.2883845816,0.6000000,5,5,0.49860758000000000,0.498607580000,0.4534424453485946,0.4534424453485946,0.4534424453485946,0E-17,ELIGIBLE,R03b_20260811_FULL_v1,L1_ELIGIBILITY,v2026-08-11,2026-03-21..2026-08-06,baccarat_bet02_101_all_pairs_incl_sentinel,round_win = game_pnl > 0 (decisive only),COMPATIBILITY_ONLY_NOT_PRODUCTION,53571.4227,48249.4483,483.2383,5739,5738,-0.00902045,-0.00297427,-0.01061372,-0.00902045,-483.2383,53571.4227,OK,0.0000,19.3295,4.0000,96.0000,AG03-UNRESOLVED,ALL5_LEVELS_bet23_to_bet27,19.3295,19.3295,24.1619,0.0000,0.0000,4.000000,4.000000,5.000000,0.000000,0.000000,96.000000,96.000000,95.000000,100.000000,100.000000,5.0,62.8210,60.1535,420.4173,423.0848,PENDING_AG03,FALSE,NOT_FOR_ENFORCEMENT,463.9088,46319.4703,483.2383,463.9088,19.3295,0.00902045,0.00865963,19.3295,463.9088,0.00865963,19.3295,19.3295,24.1619,0.0000,0.0000,463.9088,0.00865963,62.8210,60.1535,420.4173,423.0848,0.00784779,0.00789758,0.00036082,9.3346,8.4088,0.0842,5.5545,0.2517,615.7635,65.9540,8.3255,9.6426,5.1431,5.1891,8.2617,16.7816,25.8881,44.2602,5.1891,0.0,4.9889,8.529385,1.798876,29,193,98,2,0.20855820,0.00902045,0.00297427,0E-8,0.000000,0.900656,0.000000,0.00763944,2026-03-21,2026-08-06,87,1920,882,139,0.625899,0.863400,0.891889,0.695194,,,,,,,,GLOBAL_BASELINE_NO_ENTITY_RANKING,,,NOT_APPLICABLE_GLOBAL_BASELINE,HF9g-P5,,,,X 全窗基线 · 不参与实体赏罚,8397256,840,A168_HF9F_20260827_0900,2026-08-27 09:00:00
2026-07-04,54653530,1323,0,82.6168899904,20.6542224976,20.6542224976,0.5454545,12,12,0.49324550000000000,0.493245500000,0.3463472332994882,0.3463472332994882,0.3463472332994882,0E-17,ELIGIBLE,R03b_20260811_FULL_v1,L1_ELIGIBILITY,v2026-08-11,2026-03-21..2026-08-06,baccarat_bet02_101_all_pairs_incl_sentinel,round_win = game_pnl > 0 (decisive only),COMPATIBILITY_ONLY_NOT_PRODUCTION,53571.4227,48249.4483,483.2383,5739,5738,-0.00902045,-0.00297427,-0.01061372,-0.00902045,-483.2383,53571.4227,OK,0.0000,19.3295,4.0000,96.0000,AG03-UNRESOLVED,ALL5_LEVELS_bet23_to_bet27,19.3295,19.3295,24.1619,0.0000,0.0000,4.000000,4.000000,5.000000,0.000000,0.000000,96.000000,96.000000,95.000000,100.000000,100.000000,5.0,62.8210,60.1535,420.4173,423.0848,PENDING_AG03,FALSE,NOT_FOR_ENFORCEMENT,463.9088,46319.4703,483.2383,463.9088,19.3295,0.00902045,0.00865963,19.3295,463.9088,0.00865963,19.3295,19.3295,24.1619,0.0000,0.0000,463.9088,0.00865963,62.8210,60.1535,420.4173,423.0848,0.00784779,0.00789758,0.00036082,9.3346,8.4088,0.0842,5.5545,0.2517,615.7635,65.9540,8.3255,9.6426,5.1431,5.1891,8.2617,16.7816,25.8881,44.2602,5.1891,0.0,4.9889,8.529385,1.798876,29,193,98,2,0.20855820,0.00902045,0.00297427,0E-8,0.000000,0.900656,0.000000,0.00763944,2026-03-21,2026-08-06,87,1920,882,139,0.625899,0.863400,0.891889,0.695194,,,,,,,,GLOBAL_BASELINE_NO_ENTITY_RANKING,,,NOT_APPLICABLE_GLOBAL_BASELINE,HF9g-P5,,,,X 全窗基线 · 不参与实体赏罚,8397257,840,A168_HF9F_20260827_0900,2026-08-27 09:00:00
2026-07-04,54653530,1331,0,12.9088890610,2.5817778122,2.5817778122,0.5000000,2,2,0.49324550000000000,0.493245500000,0.01910635448239258,0.01910635448239258,0.01910635448239258,0E-17,ELIGIBLE,R03b_20260811_FULL_v1,L1_ELIGIBILITY,v2026-08-11,2026-03-21..2026-08-06,baccarat_bet02_101_all_pairs_incl_sentinel,round_win = game_pnl > 0 (decisive only),COMPATIBILITY_ONLY_NOT_PRODUCTION,53571.4227,48249.4483,483.2383,5739,5738,-0.00902045,-0.00297427,-0.01061372,-0.00902045,-483.2383,53571.4227,OK,0.0000,19.3295,4.0000,96.0000,AG03-UNRESOLVED,ALL5_LEVELS_bet23_to_bet27,19.3295,19.3295,24.1619,0.0000,0.0000,4.000000,4.000000,5.000000,0.000000,0.000000,96.000000,96.000000,95.000000,100.000000,100.000000,5.0,62.8210,60.1535,420.4173,423.0848,PENDING_AG03,FALSE,NOT_FOR_ENFORCEMENT,463.9088,46319.4703,483.2383,463.9088,19.3295,0.00902045,0.00865963,19.3295,463.9088,0.00865963,19.3295,19.3295,24.1619,0.0000,0.0000,463.9088,0.00865963,62.8210,60.1535,420.4173,423.0848,0.00784779,0.00789758,0.00036082,9.3346,8.4088,0.0842,5.5545,0.2517,615.7635,65.9540,8.3255,9.6426,5.1431,5.1891,8.2617,16.7816,25.8881,44.2602,5.1891,0.0,4.9889,8.529385,1.798876,29,193,98,2,0.20855820,0.00902045,0.00297427,0E-8,0.000000,0.900656,0.000000,0.00763944,2026-03-21,2026-08-06,87,1920,882,139,0.625899,0.863400,0.891889,0.695194,,,,,,,,GLOBAL_BASELINE_NO_ENTITY_RANKING,,,NOT_APPLICABLE_GLOBAL_BASELINE,HF9g-P5,,,,X 全窗基线 · 不参与实体赏罚,8397258,840,A168_HF9F_20260827_0900,2026-08-27 09:00:00
2026-07-04,54653530,1353,0,28.3995559342,2.5817778122,2.5817778122,0.3333333,3,3,0.49324550000000000,0.493245500000,-0.5540025479526107,-0.5540025479526106,-0.5540025479526107,0E-17,ELIGIBLE,R03b_20260811_FULL_v1,L1_ELIGIBILITY,v2026-08-11,2026-03-21..2026-08-06,baccarat_bet02_101_all_pairs_incl_sentinel,round_win = game_pnl > 0 (decisive only),COMPATIBILITY_ONLY_NOT_PRODUCTION,53571.4227,48249.4483,483.2383,5739,5738,-0.00902045,-0.00297427,-0.01061372,-0.00902045,-483.2383,53571.4227,OK,0.0000,19.3295,4.0000,96.0000,AG03-UNRESOLVED,ALL5_LEVELS_bet23_to_bet27,19.3295,19.3295,24.1619,0.0000,0.0000,4.000000,4.000000,5.000000,0.000000,0.000000,96.000000,96.000000,95.000000,100.000000,100.000000,5.0,62.8210,60.1535,420.4173,423.0848,PENDING_AG03,FALSE,NOT_FOR_ENFORCEMENT,463.9088,46319.4703,483.2383,463.9088,19.3295,0.00902045,0.00865963,19.3295,463.9088,0.00865963,19.3295,19.3295,24.1619,0.0000,0.0000,463.9088,0.00865963,62.8210,60.1535,420.4173,423.0848,0.00784779,0.00789758,0.00036082,9.3346,8.4088,0.0842,5.5545,0.2517,615.7635,65.9540,8.3255,9.6426,5.1431,5.1891,8.2617,16.7816,25.8881,44.2602,5.1891,0.0,4.9889,8.529385,1.798876,29,193,98,2,0.20855820,0.00902045,0.00297427,0E-8,0.000000,0.900656,0.000000,0.00763944,2026-03-21,2026-08-06,87,1920,882,139,0.625899,0.863400,0.891889,0.695194,,,,,,,,GLOBAL_BASELINE_NO_ENTITY_RANKING,,,NOT_APPLICABLE_GLOBAL_BASELINE,HF9g-P5,,,,X 全窗基线 · 不参与实体赏罚,8397259,840,A168_HF9F_20260827_0900,2026-08-27 09:00:00
2026-07-04,54653530,1505,0,10.3271112488,10.3271112488,10.3271112488,1.0000000,2,2,0.49324550000000000,0.493245500000,1.4334489766152358,1.4334489766152358,1.4334489766152358,0E-17,ELIGIBLE,R03b_20260811_FULL_v1,L1_ELIGIBILITY,v2026-08-11,2026-03-21..2026-08-06,baccarat_bet02_101_all_pairs_incl_sentinel,round_win = game_pnl > 0 (decisive only),COMPATIBILITY_ONLY_NOT_PRODUCTION,53571.4227,48249.4483,483.2383,5739,5738,-0.00902045,-0.00297427,-0.01061372,-0.00902045,-483.2383,53571.4227,OK,0.0000,19.3295,4.0000,96.0000,AG03-UNRESOLVED,ALL5_LEVELS_bet23_to_bet27,19.3295,19.3295,24.1619,0.0000,0.0000,4.000000,4.000000,5.000000,0.000000,0.000000,96.000000,96.000000,95.000000,100.000000,100.000000,5.0,62.8210,60.1535,420.4173,423.0848,PENDING_AG03,FALSE,NOT_FOR_ENFORCEMENT,463.9088,46319.4703,483.2383,463.9088,19.3295,0.00902045,0.00865963,19.3295,463.9088,0.00865963,19.3295,19.3295,24.1619,0.0000,0.0000,463.9088,0.00865963,62.8210,60.1535,420.4173,423.0848,0.00784779,0.00789758,0.00036082,9.3346,8.4088,0.0842,5.5545,0.2517,615.7635,65.9540,8.3255,9.6426,5.1431,5.1891,8.2617,16.7816,25.8881,44.2602,5.1891,0.0,4.9889,8.529385,1.798876,29,193,98,2,0.20855820,0.00902045,0.00297427,0E-8,0.000000,0.900656,0.000000,0.00763944,2026-03-21,2026-08-06,87,1920,882,139,0.625899,0.863400,0.891889,0.695194,,,,,,,,GLOBAL_BASELINE_NO_ENTITY_RANKING,,,NOT_APPLICABLE_GLOBAL_BASELINE,HF9g-P5,,,,X 全窗基线 · 不参与实体赏罚,8397260,840,A168_HF9F_20260827_0900,2026-08-27 09:00:00
2026-07-04,54653530,1507,0,12.9088890610,2.5817778122,2.5817778122,0.5000000,2,2,0.49324550000000000,0.493245500000,0.01910635448239258,0.01910635448239258,0.01910635448239258,0E-17,ELIGIBLE,R03b_20260811_FULL_v1,L1_ELIGIBILITY,v2026-08-11,2026-03-21..2026-08-06,baccarat_bet02_101_all_pairs_incl_sentinel,round_win = game_pnl > 0 (decisive only),COMPATIBILITY_ONLY_NOT_PRODUCTION,53571.4227,48249.4483,483.2383,5739,5738,-0.00902045,-0.00297427,-0.01061372,-0.00902045,-483.2383,53571.4227,OK,0.0000,19.3295,4.0000,96.0000,AG03-UNRESOLVED,ALL5_LEVELS_bet23_to_bet27,19.3295,19.3295,24.1619,0.0000,0.0000,4.000000,4.000000,5.000000,0.000000,0.000000,96.000000,96.000000,95.000000,100.000000,100.000000,5.0,62.8210,60.1535,420.4173,423.0848,PENDING_AG03,FALSE,NOT_FOR_ENFORCEMENT,463.9088,46319.4703,483.2383,463.9088,19.3295,0.00902045,0.00865963,19.3295,463.9088,0.00865963,19.3295,19.3295,24.1619,0.0000,0.0000,463.9088,0.00865963,62.8210,60.1535,420.4173,423.0848,0.00784779,0.00789758,0.00036082,9.3346,8.4088,0.0842,5.5545,0.2517,615.7635,65.9540,8.3255,9.6426,5.1431,5.1891,8.2617,16.7816,25.8881,44.2602,5.1891,0.0,4.9889,8.529385,1.798876,29,193,98,2,0.20855820,0.00902045,0.00297427,0E-8,0.000000,0.900656,0.000000,0.00763944,2026-03-21,2026-08-06,87,1920,882,139,0.625899,0.863400,0.891889,0.695194,,,,,,,,GLOBAL_BASELINE_NO_ENTITY_RANKING,,,NOT_APPLICABLE_GLOBAL_BASELINE,HF9g-P5,,,,X 全窗基线 · 不参与实体赏罚,8397261,840,A168_HF9F_20260827_0900,2026-08-27 09:00:00
2026-07-04,54653530,1623,0,5.1635556244,5.1635556244,5.1635556244,1.0000000,1,1,0.49324550000000000,0.493245500000,1.01360149184955,1.01360149184955,1.01360149184955,0E-17,ELIGIBLE,R03b_20260811_FULL_v1,L1_ELIGIBILITY,v2026-08-11,2026-03-21..2026-08-06,baccarat_bet02_101_all_pairs_incl_sentinel,round_win = game_pnl > 0 (decisive only),COMPATIBILITY_ONLY_NOT_PRODUCTION,53571.4227,48249.4483,483.2383,5739,5738,-0.00902045,-0.00297427,-0.01061372,-0.00902045,-483.2383,53571.4227,OK,0.0000,19.3295,4.0000,96.0000,AG03-UNRESOLVED,ALL5_LEVELS_bet23_to_bet27,19.3295,19.3295,24.1619,0.0000,0.0000,4.000000,4.000000,5.000000,0.000000,0.000000,96.000000,96.000000,95.000000,100.000000,100.000000,5.0,62.8210,60.1535,420.4173,423.0848,PENDING_AG03,FALSE,NOT_FOR_ENFORCEMENT,463.9088,46319.4703,483.2383,463.9088,19.3295,0.00902045,0.00865963,19.3295,463.9088,0.00865963,19.3295,19.3295,24.1619,0.0000,0.0000,463.9088,0.00865963,62.8210,60.1535,420.4173,423.0848,0.00784779,0.00789758,0.00036082,9.3346,8.4088,0.0842,5.5545,0.2517,615.7635,65.9540,8.3255,9.6426,5.1431,5.1891,8.2617,16.7816,25.8881,44.2602,5.1891,0.0,4.9889,8.529385,1.798876,29,193,98,2,0.20855820,0.00902045,0.00297427,0E-8,0.000000,0.900656,0.000000,0.00763944,2026-03-21,2026-08-06,87,1920,882,139,0.625899,0.863400,0.891889,0.695194,,,,,,,,GLOBAL_BASELINE_NO_ENTITY_RANKING,,,NOT_APPLICABLE_GLOBAL_BASELINE,HF9g-P5,,,,X 全窗基线 · 不参与实体赏罚,8397262,840,A168_HF9F_20260827_0900,2026-08-27 09:00:00
2026-07-04,54653530,1646,0,18.0724446854,7.7453334366,7.7453334366,0.6666667,3,3,0.49324550000000000,0.493245500000,0.6008033672792107,0.6008033672792106,0.6008033672792107,0E-17,ELIGIBLE,R03b_20260811_FULL_v1,L1_ELIGIBILITY,v2026-08-11,2026-03-21..2026-08-06,baccarat_bet02_101_all_pairs_incl_sentinel,round_win = game_pnl > 0 (decisive only),COMPATIBILITY_ONLY_NOT_PRODUCTION,53571.4227,48249.4483,483.2383,5739,5738,-0.00902045,-0.00297427,-0.01061372,-0.00902045,-483.2383,53571.4227,OK,0.0000,19.3295,4.0000,96.0000,AG03-UNRESOLVED,ALL5_LEVELS_bet23_to_bet27,19.3295,19.3295,24.1619,0.0000,0.0000,4.000000,4.000000,5.000000,0.000000,0.000000,96.000000,96.000000,95.000000,100.000000,100.000000,5.0,62.8210,60.1535,420.4173,423.0848,PENDING_AG03,FALSE,NOT_FOR_ENFORCEMENT,463.9088,46319.4703,483.2383,463.9088,19.3295,0.00902045,0.00865963,19.3295,463.9088,0.00865963,19.3295,19.3295,24.1619,0.0000,0.0000,463.9088,0.00865963,62.8210,60.1535,420.4173,423.0848,0.00784779,0.00789758,0.00036082,9.3346,8.4088,0.0842,5.5545,0.2517,615.7635,65.9540,8.3255,9.6426,5.1431,5.1891,8.2617,16.7816,25.8881,44.2602,5.1891,0.0,4.9889,8.529385,1.798876,29,193,98,2,0.20855820,0.00902045,0.00297427,0E-8,0.000000,0.900656,0.000000,0.00763944,2026-03-21,2026-08-06,87,1920,882,139,0.625899,0.863400,0.891889,0.695194,,,,,,,,GLOBAL_BASELINE_NO_ENTITY_RANKING,,,NOT_APPLICABLE_GLOBAL_BASELINE,HF9g-P5,,,,X 全窗基线 · 不参与实体赏罚,8397263,840,A168_HF9F_20260827_0900,2026-08-27 09:00:00
2026-07-04,54653530,1654,0,28.3995559342,2.5817778122,2.5817778122,0.3333333,3,3,0.49324550000000000,0.493245500000,-0.5540025479526107,-0.5540025479526106,-0.5540025479526107,0E-17,ELIGIBLE,R03b_20260811_FULL_v1,L1_ELIGIBILITY,v2026-08-11,2026-03-21..2026-08-06,baccarat_bet02_101_all_pairs_incl_sentinel,round_win = game_pnl > 0 (decisive only),COMPATIBILITY_ONLY_NOT_PRODUCTION,53571.4227,48249.4483,483.2383,5739,5738,-0.00902045,-0.00297427,-0.01061372,-0.00902045,-483.2383,53571.4227,OK,0.0000,19.3295,4.0000,96.0000,AG03-UNRESOLVED,ALL5_LEVELS_bet23_to_bet27,19.3295,19.3295,24.1619,0.0000,0.0000,4.000000,4.000000,5.000000,0.000000,0.000000,96.000000,96.000000,95.000000,100.000000,100.000000,5.0,62.8210,60.1535,420.4173,423.0848,PENDING_AG03,FALSE,NOT_FOR_ENFORCEMENT,463.9088,46319.4703,483.2383,463.9088,19.3295,0.00902045,0.00865963,19.3295,463.9088,0.00865963,19.3295,19.3295,24.1619,0.0000,0.0000,463.9088,0.00865963,62.8210,60.1535,420.4173,423.0848,0.00784779,0.00789758,0.00036082,9.3346,8.4088,0.0842,5.5545,0.2517,615.7635,65.9540,8.3255,9.6426,5.1431,5.1891,8.2617,16.7816,25.8881,44.2602,5.1891,0.0,4.9889,8.529385,1.798876,29,193,98,2,0.20855820,0.00902045,0.00297427,0E-8,0.000000,0.900656,0.000000,0.00763944,2026-03-21,2026-08-06,87,1920,882,139,0.625899,0.863400,0.891889,0.695194,,,,,,,,GLOBAL_BASELINE_NO_ENTITY_RANKING,,,NOT_APPLICABLE_GLOBAL_BASELINE,HF9g-P5,,,,X 全窗基线 · 不参与实体赏罚,8397264,840,A168_HF9F_20260827_0900,2026-08-27 09:00:00
2026-07-04,54653530,1750,0,54.2173340562,38.7266671830,38.7266671830,0.8888889,10,10,0.49324550000000000,0.493245500000,2.374076969527786,2.374076969527786,2.374076969527786,0E-17,ELIGIBLE,R03b_20260811_FULL_v1,L1_ELIGIBILITY,v2026-08-11,2026-03-21..2026-08-06,baccarat_bet02_101_all_pairs_incl_sentinel,round_win = game_pnl > 0 (decisive only),COMPATIBILITY_ONLY_NOT_PRODUCTION,53571.4227,48249.4483,483.2383,5739,5738,-0.00902045,-0.00297427,-0.01061372,-0.00902045,-483.2383,53571.4227,OK,0.0000,19.3295,4.0000,96.0000,AG03-UNRESOLVED,ALL5_LEVELS_bet23_to_bet27,19.3295,19.3295,24.1619,0.0000,0.0000,4.000000,4.000000,5.000000,0.000000,0.000000,96.000000,96.000000,95.000000,100.000000,100.000000,5.0,62.8210,60.1535,420.4173,423.0848,PENDING_AG03,FALSE,NOT_FOR_ENFORCEMENT,463.9088,46319.4703,483.2383,463.9088,19.3295,0.00902045,0.00865963,19.3295,463.9088,0.00865963,19.3295,19.3295,24.1619,0.0000,0.0000,463.9088,0.00865963,62.8210,60.1535,420.4173,423.0848,0.00784779,0.00789758,0.00036082,9.3346,8.4088,0.0842,5.5545,0.2517,615.7635,65.9540,8.3255,9.6426,5.1431,5.1891,8.2617,16.7816,25.8881,44.2602,5.1891,0.0,4.9889,8.529385,1.798876,29,193,98,2,0.20855820,0.00902045,0.00297427,0E-8,0.000000,0.900656,0.000000,0.00763944,2026-03-21,2026-08-06,87,1920,882,139,0.625899,0.863400,0.891889,0.695194,,,,,,,,GLOBAL_BASELINE_NO_ENTITY_RANKING,,,NOT_APPLICABLE_GLOBAL_BASELINE,HF9g-P5,,,,X 全窗基线 · 不参与实体赏罚,8397265,840,A168_HF9F_20260827_0900,2026-08-27 09:00:00
2026-07-04,54653530,1951,0,10.3271112488,5.1635556244,5.1635556244,1.0000000,2,2,0.49324550000000000,0.493245500000,1.01360149184955,1.01360149184955,1.01360149184955,0E-17,ELIGIBLE,R03b_20260811_FULL_v1,L1_ELIGIBILITY,v2026-08-11,2026-03-21..2026-08-06,baccarat_bet02_101_all_pairs_incl_sentinel,round_win = game_pnl > 0 (decisive only),COMPATIBILITY_ONLY_NOT_PRODUCTION,53571.4227,48249.4483,483.2383,5739,5738,-0.00902045,-0.00297427,-0.01061372,-0.00902045,-483.2383,53571.4227,OK,0.0000,19.3295,4.0000,96.0000,AG03-UNRESOLVED,ALL5_LEVELS_bet23_to_bet27,19.3295,19.3295,24.1619,0.0000,0.0000,4.000000,4.000000,5.000000,0.000000,0.000000,96.000000,96.000000,95.000000,100.000000,100.000000,5.0,62.8210,60.1535,420.4173,423.0848,PENDING_AG03,FALSE,NOT_FOR_ENFORCEMENT,463.9088,46319.4703,483.2383,463.9088,19.3295,0.00902045,0.00865963,19.3295,463.9088,0.00865963,19.3295,19.3295,24.1619,0.0000,0.0000,463.9088,0.00865963,62.8210,60.1535,420.4173,423.0848,0.00784779,0.00789758,0.00036082,9.3346,8.4088,0.0842,5.5545,0.2517,615.7635,65.9540,8.3255,9.6426,5.1431,5.1891,8.2617,16.7816,25.8881,44.2602,5.1891,0.0,4.9889,8.529385,1.798876,29,193,98,2,0.20855820,0.00902045,0.00297427,0E-8,0.000000,0.900656,0.000000,0.00763944,2026-03-21,2026-08-06,87,1920,882,139,0.625899,0.863400,0.891889,0.695194,,,,,,,,GLOBAL_BASELINE_NO_ENTITY_RANKING,,,NOT_APPLICABLE_GLOBAL_BASELINE,HF9g-P5,,,,X 全窗基线 · 不参与实体赏罚,8397266,840,A168_HF9F_20260827_0900,2026-08-27 09:00:00
2026-07-04,54653530,1990,0,28.3995559342,2.5817778122,2.5817778122,0.3333333,3,3,0.49324550000000000,0.493245500000,-0.5540025479526107,-0.5540025479526106,-0.5540025479526107,0E-17,ELIGIBLE,R03b_20260811_FULL_v1,L1_ELIGIBILITY,v2026-08-11,2026-03-21..2026-08-06,baccarat_bet02_101_all_pairs_incl_sentinel,round_win = game_pnl > 0 (decisive only),COMPATIBILITY_ONLY_NOT_PRODUCTION,53571.4227,48249.4483,483.2383,5739,5738,-0.00902045,-0.00297427,-0.01061372,-0.00902045,-483.2383,53571.4227,OK,0.0000,19.3295,4.0000,96.0000,AG03-UNRESOLVED,ALL5_LEVELS_bet23_to_bet27,19.3295,19.3295,24.1619,0.0000,0.0000,4.000000,4.000000,5.000000,0.000000,0.000000,96.000000,96.000000,95.000000,100.000000,100.000000,5.0,62.8210,60.1535,420.4173,423.0848,PENDING_AG03,FALSE,NOT_FOR_ENFORCEMENT,463.9088,46319.4703,483.2383,463.9088,19.3295,0.00902045,0.00865963,19.3295,463.9088,0.00865963,19.3295,19.3295,24.1619,0.0000,0.0000,463.9088,0.00865963,62.8210,60.1535,420.4173,423.0848,0.00784779,0.00789758,0.00036082,9.3346,8.4088,0.0842,5.5545,0.2517,615.7635,65.9540,8.3255,9.6426,5.1431,5.1891,8.2617,16.7816,25.8881,44.2602,5.1891,0.0,4.9889,8.529385,1.798876,29,193,98,2,0.20855820,0.00902045,0.00297427,0E-8,0.000000,0.900656,0.000000,0.00763944,2026-03-21,2026-08-06,87,1920,882,139,0.625899,0.863400,0.891889,0.695194,,,,,,,,GLOBAL_BASELINE_NO_ENTITY_RANKING,,,NOT_APPLICABLE_GLOBAL_BASELINE,HF9g-P5,,,,X 全窗基线 · 不参与实体赏罚,8397267,840,A168_HF9F_20260827_0900,2026-08-27 09:00:00
2026-07-04,54653530,1994,0,15.4906668732,14.9743113108,14.9743113108,1.0000000,3,3,0.50218230000000000,0.502182300000,1.724507524396475,1.7245075243964754,1.724507524396475,0E-17,ELIGIBLE,R03b_20260811_FULL_v1,L1_ELIGIBILITY,v2026-08-11,2026-03-21..2026-08-06,baccarat_bet02_101_all_pairs_incl_sentinel,round_win = game_pnl > 0 (decisive only),COMPATIBILITY_ONLY_NOT_PRODUCTION,53571.4227,48249.4483,483.2383,5739,5738,-0.00902045,-0.00297427,-0.01061372,-0.00902045,-483.2383,53571.4227,OK,0.0000,19.3295,4.0000,96.0000,AG03-UNRESOLVED,ALL5_LEVELS_bet23_to_bet27,19.3295,19.3295,24.1619,0.0000,0.0000,4.000000,4.000000,5.000000,0.000000,0.000000,96.000000,96.000000,95.000000,100.000000,100.000000,5.0,62.8210,60.1535,420.4173,423.0848,PENDING_AG03,FALSE,NOT_FOR_ENFORCEMENT,463.9088,46319.4703,483.2383,463.9088,19.3295,0.00902045,0.00865963,19.3295,463.9088,0.00865963,19.3295,19.3295,24.1619,0.0000,0.0000,463.9088,0.00865963,62.8210,60.1535,420.4173,423.0848,0.00784779,0.00789758,0.00036082,9.3346,8.4088,0.0842,5.5545,0.2517,615.7635,65.9540,8.3255,9.6426,5.1431,5.1891,8.2617,16.7816,25.8881,44.2602,5.1891,0.0,4.9889,8.529385,1.798876,29,193,98,2,0.20855820,0.00902045,0.00297427,0E-8,0.000000,0.900656,0.000000,0.00763944,2026-03-21,2026-08-06,87,1920,882,139,0.625899,0.863400,0.891889,0.695194,,,,,,,,GLOBAL_BASELINE_NO_ENTITY_RANKING,,,NOT_APPLICABLE_GLOBAL_BASELINE,HF9g-P5,,,,X 全窗基线 · 不参与实体赏罚,8397268,840,A168_HF9F_20260827_0900,2026-08-27 09:00:00
2026-07-04,54653530,2088,0,72.2897787416,21.9451114037,21.9451114037,0.6250000,10,10,0.49324550000000000,0.493245500000,0.7453840200312067,0.7453840200312067,0.7453840200312067,0E-17,ELIGIBLE,R03b_20260811_FULL_v1,L1_ELIGIBILITY,v2026-08-11,2026-03-21..2026-08-06,baccarat_bet02_101_all_pairs_incl_sentinel,round_win = game_pnl > 0 (decisive only),COMPATIBILITY_ONLY_NOT_PRODUCTION,53571.4227,48249.4483,483.2383,5739,5738,-0.00902045,-0.00297427,-0.01061372,-0.00902045,-483.2383,53571.4227,OK,0.0000,19.3295,4.0000,96.0000,AG03-UNRESOLVED,ALL5_LEVELS_bet23_to_bet27,19.3295,19.3295,24.1619,0.0000,0.0000,4.000000,4.000000,5.000000,0.000000,0.000000,96.000000,96.000000,95.000000,100.000000,100.000000,5.0,62.8210,60.1535,420.4173,423.0848,PENDING_AG03,FALSE,NOT_FOR_ENFORCEMENT,463.9088,46319.4703,483.2383,463.9088,19.3295,0.00902045,0.00865963,19.3295,463.9088,0.00865963,19.3295,19.3295,24.1619,0.0000,0.0000,463.9088,0.00865963,62.8210,60.1535,420.4173,423.0848,0.00784779,0.00789758,0.00036082,9.3346,8.4088,0.0842,5.5545,0.2517,615.7635,65.9540,8.3255,9.6426,5.1431,5.1891,8.2617,16.7816,25.8881,44.2602,5.1891,0.0,4.9889,8.529385,1.798876,29,193,98,2,0.20855820,0.00902045,0.00297427,0E-8,0.000000,0.900656,0.000000,0.00763944,2026-03-21,2026-08-06,87,1920,882,139,0.625899,0.863400,0.891889,0.695194,,,,,,,,GLOBAL_BASELINE_NO_ENTITY_RANKING,,,NOT_APPLICABLE_GLOBAL_BASELINE,HF9g-P5,,,,X 全窗基线 · 不参与实体赏罚,8397269,840,A168_HF9F_20260827_0900,2026-08-27 09:00:00
2026-07-04,54653530,2103,0,239.3308031909,-11.7470890454,-11.7470890454,0.3333333,18,18,0.49696916666666667,0.496969166667,-1.267541002037759,-1.2675410020403362,-1.267541002037759,-3.3333E-13,ELIGIBLE,R03b_20260811_FULL_v1,L1_ELIGIBILITY,v2026-08-11,2026-03-21..2026-08-06,baccarat_bet02_101_all_pairs_incl_sentinel,round_win = game_pnl > 0 (decisive only),COMPATIBILITY_ONLY_NOT_PRODUCTION,53571.4227,48249.4483,483.2383,5739,5738,-0.00902045,-0.00297427,-0.01061372,-0.00902045,-483.2383,53571.4227,OK,0.0000,19.3295,4.0000,96.0000,AG03-UNRESOLVED,ALL5_LEVELS_bet23_to_bet27,19.3295,19.3295,24.1619,0.0000,0.0000,4.000000,4.000000,5.000000,0.000000,0.000000,96.000000,96.000000,95.000000,100.000000,100.000000,5.0,62.8210,60.1535,420.4173,423.0848,PENDING_AG03,FALSE,NOT_FOR_ENFORCEMENT,463.9088,46319.4703,483.2383,463.9088,19.3295,0.00902045,0.00865963,19.3295,463.9088,0.00865963,19.3295,19.3295,24.1619,0.0000,0.0000,463.9088,0.00865963,62.8210,60.1535,420.4173,423.0848,0.00784779,0.00789758,0.00036082,9.3346,8.4088,0.0842,5.5545,0.2517,615.7635,65.9540,8.3255,9.6426,5.1431,5.1891,8.2617,16.7816,25.8881,44.2602,5.1891,0.0,4.9889,8.529385,1.798876,29,193,98,2,0.20855820,0.00902045,0.00297427,0E-8,0.000000,0.900656,0.000000,0.00763944,2026-03-21,2026-08-06,87,1920,882,139,0.625899,0.863400,0.891889,0.695194,,,,,,,,GLOBAL_BASELINE_NO_ENTITY_RANKING,,,NOT_APPLICABLE_GLOBAL_BASELINE,HF9g-P5,,,,X 全窗基线 · 不参与实体赏罚,8397270,840,A168_HF9F_20260827_0900,2026-08-27 09:00:00
2026-07-04,54653530,2106,0,10.3271112488,5.1635556244,5.1635556244,1.0000000,2,2,0.49324550000000000,0.493245500000,1.01360149184955,1.01360149184955,1.01360149184955,0E-17,ELIGIBLE,R03b_20260811_FULL_v1,L1_ELIGIBILITY,v2026-08-11,2026-03-21..2026-08-06,baccarat_bet02_101_all_pairs_incl_sentinel,round_win = game_pnl > 0 (decisive only),COMPATIBILITY_ONLY_NOT_PRODUCTION,53571.4227,48249.4483,483.2383,5739,5738,-0.00902045,-0.00297427,-0.01061372,-0.00902045,-483.2383,53571.4227,OK,0.0000,19.3295,4.0000,96.0000,AG03-UNRESOLVED,ALL5_LEVELS_bet23_to_bet27,19.3295,19.3295,24.1619,0.0000,0.0000,4.000000,4.000000,5.000000,0.000000,0.000000,96.000000,96.000000,95.000000,100.000000,100.000000,5.0,62.8210,60.1535,420.4173,423.0848,PENDING_AG03,FALSE,NOT_FOR_ENFORCEMENT,463.9088,46319.4703,483.2383,463.9088,19.3295,0.00902045,0.00865963,19.3295,463.9088,0.00865963,19.3295,19.3295,24.1619,0.0000,0.0000,463.9088,0.00865963,62.8210,60.1535,420.4173,423.0848,0.00784779,0.00789758,0.00036082,9.3346,8.4088,0.0842,5.5545,0.2517,615.7635,65.9540,8.3255,9.6426,5.1431,5.1891,8.2617,16.7816,25.8881,44.2602,5.1891,0.0,4.9889,8.529385,1.798876,29,193,98,2,0.20855820,0.00902045,0.00297427,0E-8,0.000000,0.900656,0.000000,0.00763944,2026-03-21,2026-08-06,87,1920,882,139,0.625899,0.863400,0.891889,0.695194,,,,,,,,GLOBAL_BASELINE_NO_ENTITY_RANKING,,,NOT_APPLICABLE_GLOBAL_BASELINE,HF9g-P5,,,,X 全窗基线 · 不参与实体赏罚,8397271,840,A168_HF9F_20260827_0900,2026-08-27 09:00:00
2026-07-04,54653530,2115,0,167.8155577930,-121.3435571734,-121.3435571734,0E-7,7,7,0.49516052857142857,0.495160528571,-1.9807348959974804,-1.9807348959957827,-1.9807348959974804,4.2857E-13,ELIGIBLE,R03b_20260811_FULL_v1,L1_ELIGIBILITY,v2026-08-11,2026-03-21..2026-08-06,baccarat_bet02_101_all_pairs_incl_sentinel,round_win = game_pnl > 0 (decisive only),COMPATIBILITY_ONLY_NOT_PRODUCTION,53571.4227,48249.4483,483.2383,5739,5738,-0.00902045,-0.00297427,-0.01061372,-0.00902045,-483.2383,53571.4227,OK,0.0000,19.3295,4.0000,96.0000,AG03-UNRESOLVED,ALL5_LEVELS_bet23_to_bet27,19.3295,19.3295,24.1619,0.0000,0.0000,4.000000,4.000000,5.000000,0.000000,0.000000,96.000000,96.000000,95.000000,100.000000,100.000000,5.0,62.8210,60.1535,420.4173,423.0848,PENDING_AG03,FALSE,NOT_FOR_ENFORCEMENT,463.9088,46319.4703,483.2383,463.9088,19.3295,0.00902045,0.00865963,19.3295,463.9088,0.00865963,19.3295,19.3295,24.1619,0.0000,0.0000,463.9088,0.00865963,62.8210,60.1535,420.4173,423.0848,0.00784779,0.00789758,0.00036082,9.3346,8.4088,0.0842,5.5545,0.2517,615.7635,65.9540,8.3255,9.6426,5.1431,5.1891,8.2617,16.7816,25.8881,44.2602,5.1891,0.0,4.9889,8.529385,1.798876,29,193,98,2,0.20855820,0.00902045,0.00297427,0E-8,0.000000,0.900656,0.000000,0.00763944,2026-03-21,2026-08-06,87,1920,882,139,0.625899,0.863400,0.891889,0.695194,,,,,,,,GLOBAL_BASELINE_NO_ENTITY_RANKING,,,NOT_APPLICABLE_GLOBAL_BASELINE,HF9g-P5,,,,X 全窗基线 · 不参与实体赏罚,8397272,840,A168_HF9F_20260827_0900,2026-08-27 09:00:00
2026-07-04,54653530,2121,0,121.3435571734,2.5817778122,2.5817778122,0.2000000,5,5,0.49324550000000000,0.493245500000,-1.3115534243649334,-1.3115534243649334,-1.3115534243649334,0E-17,ELIGIBLE,R03b_20260811_FULL_v1,L1_ELIGIBILITY,v2026-08-11,2026-03-21..2026-08-06,baccarat_bet02_101_all_pairs_incl_sentinel,round_win = game_pnl > 0 (decisive only),COMPATIBILITY_ONLY_NOT_PRODUCTION,53571.4227,48249.4483,483.2383,5739,5738,-0.00902045,-0.00297427,-0.01061372,-0.00902045,-483.2383,53571.4227,OK,0.0000,19.3295,4.0000,96.0000,AG03-UNRESOLVED,ALL5_LEVELS_bet23_to_bet27,19.3295,19.3295,24.1619,0.0000,0.0000,4.000000,4.000000,5.000000,0.000000,0.000000,96.000000,96.000000,95.000000,100.000000,100.000000,5.0,62.8210,60.1535,420.4173,423.0848,PENDING_AG03,FALSE,NOT_FOR_ENFORCEMENT,463.9088,46319.4703,483.2383,463.9088,19.3295,0.00902045,0.00865963,19.3295,463.9088,0.00865963,19.3295,19.3295,24.1619,0.0000,0.0000,463.9088,0.00865963,62.8210,60.1535,420.4173,423.0848,0.00784779,0.00789758,0.00036082,9.3346,8.4088,0.0842,5.5545,0.2517,615.7635,65.9540,8.3255,9.6426,5.1431,5.1891,8.2617,16.7816,25.8881,44.2602,5.1891,0.0,4.9889,8.529385,1.798876,29,193,98,2,0.20855820,0.00902045,0.00297427,0E-8,0.000000,0.900656,0.000000,0.00763944,2026-03-21,2026-08-06,87,1920,882,139,0.625899,0.863400,0.891889,0.695194,,,,,,,,GLOBAL_BASELINE_NO_ENTITY_RANKING,,,NOT_APPLICABLE_GLOBAL_BASELINE,HF9g-P5,,,,X 全窗基线 · 不参与实体赏罚,8397273,840,A168_HF9F_20260827_0900,2026-08-27 09:00:00
2026-07-04,54653530,2127,0,12.9088890610,2.5817778122,2.5817778122,0.5000000,2,2,0.49324550000000000,0.493245500000,0.01910635448239258,0.01910635448239258,0.01910635448239258,0E-17,ELIGIBLE,R03b_20260811_FULL_v1,L1_ELIGIBILITY,v2026-08-11,2026-03-21..2026-08-06,baccarat_bet02_101_all_pairs_incl_sentinel,round_win = game_pnl > 0 (decisive only),COMPATIBILITY_ONLY_NOT_PRODUCTION,53571.4227,48249.4483,483.2383,5739,5738,-0.00902045,-0.00297427,-0.01061372,-0.00902045,-483.2383,53571.4227,OK,0.0000,19.3295,4.0000,96.0000,AG03-UNRESOLVED,ALL5_LEVELS_bet23_to_bet27,19.3295,19.3295,24.1619,0.0000,0.0000,4.000000,4.000000,5.000000,0.000000,0.000000,96.000000,96.000000,95.000000,100.000000,100.000000,5.0,62.8210,60.1535,420.4173,423.0848,PENDING_AG03,FALSE,NOT_FOR_ENFORCEMENT,463.9088,46319.4703,483.2383,463.9088,19.3295,0.00902045,0.00865963,19.3295,463.9088,0.00865963,19.3295,19.3295,24.1619,0.0000,0.0000,463.9088,0.00865963,62.8210,60.1535,420.4173,423.0848,0.00784779,0.00789758,0.00036082,9.3346,8.4088,0.0842,5.5545,0.2517,615.7635,65.9540,8.3255,9.6426,5.1431,5.1891,8.2617,16.7816,25.8881,44.2602,5.1891,0.0,4.9889,8.529385,1.798876,29,193,98,2,0.20855820,0.00902045,0.00297427,0E-8,0.000000,0.900656,0.000000,0.00763944,2026-03-21,2026-08-06,87,1920,882,139,0.625899,0.863400,0.891889,0.695194,,,,,,,,GLOBAL_BASELINE_NO_ENTITY_RANKING,,,NOT_APPLICABLE_GLOBAL_BASELINE,HF9g-P5,,,,X 全窗基线 · 不参与实体赏罚,8397274,840,A168_HF9F_20260827_0900,2026-08-27 09:00:00
2026-07-04,54653530,2142,0,56.7991118684,18.0724446854,18.0724446854,0.6250000,9,9,0.49324550000000000,0.493245500000,0.7453840200312067,0.7453840200312067,0.7453840200312067,0E-17,ELIGIBLE,R03b_20260811_FULL_v1,L1_ELIGIBILITY,v2026-08-11,2026-03-21..2026-08-06,baccarat_bet02_101_all_pairs_incl_sentinel,round_win = game_pnl > 0 (decisive only),COMPATIBILITY_ONLY_NOT_PRODUCTION,53571.4227,48249.4483,483.2383,5739,5738,-0.00902045,-0.00297427,-0.01061372,-0.00902045,-483.2383,53571.4227,OK,0.0000,19.3295,4.0000,96.0000,AG03-UNRESOLVED,ALL5_LEVELS_bet23_to_bet27,19.3295,19.3295,24.1619,0.0000,0.0000,4.000000,4.000000,5.000000,0.000000,0.000000,96.000000,96.000000,95.000000,100.000000,100.000000,5.0,62.8210,60.1535,420.4173,423.0848,PENDING_AG03,FALSE,NOT_FOR_ENFORCEMENT,463.9088,46319.4703,483.2383,463.9088,19.3295,0.00902045,0.00865963,19.3295,463.9088,0.00865963,19.3295,19.3295,24.1619,0.0000,0.0000,463.9088,0.00865963,62.8210,60.1535,420.4173,423.0848,0.00784779,0.00789758,0.00036082,9.3346,8.4088,0.0842,5.5545,0.2517,615.7635,65.9540,8.3255,9.6426,5.1431,5.1891,8.2617,16.7816,25.8881,44.2602,5.1891,0.0,4.9889,8.529385,1.798876,29,193,98,2,0.20855820,0.00902045,0.00297427,0E-8,0.000000,0.900656,0.000000,0.00763944,2026-03-21,2026-08-06,87,1920,882,139,0.625899,0.863400,0.891889,0.695194,,,,,,,,GLOBAL_BASELINE_NO_ENTITY_RANKING,,,NOT_APPLICABLE_GLOBAL_BASELINE,HF9g-P5,,,,X 全窗基线 · 不参与实体赏罚,8397275,840,A168_HF9F_20260827_0900,2026-08-27 09:00:00
2026-07-04,54653530,2145,0,10.3271112488,5.1635556244,5.1635556244,1.0000000,2,2,0.49324550000000000,0.493245500000,1.01360149184955,1.01360149184955,1.01360149184955,0E-17,ELIGIBLE,R03b_20260811_FULL_v1,L1_ELIGIBILITY,v2026-08-11,2026-03-21..2026-08-06,baccarat_bet02_101_all_pairs_incl_sentinel,round_win = game_pnl > 0 (decisive only),COMPATIBILITY_ONLY_NOT_PRODUCTION,53571.4227,48249.4483,483.2383,5739,5738,-0.00902045,-0.00297427,-0.01061372,-0.00902045,-483.2383,53571.4227,OK,0.0000,19.3295,4.0000,96.0000,AG03-UNRESOLVED,ALL5_LEVELS_bet23_to_bet27,19.3295,19.3295,24.1619,0.0000,0.0000,4.000000,4.000000,5.000000,0.000000,0.000000,96.000000,96.000000,95.000000,100.000000,100.000000,5.0,62.8210,60.1535,420.4173,423.0848,PENDING_AG03,FALSE,NOT_FOR_ENFORCEMENT,463.9088,46319.4703,483.2383,463.9088,19.3295,0.00902045,0.00865963,19.3295,463.9088,0.00865963,19.3295,19.3295,24.1619,0.0000,0.0000,463.9088,0.00865963,62.8210,60.1535,420.4173,423.0848,0.00784779,0.00789758,0.00036082,9.3346,8.4088,0.0842,5.5545,0.2517,615.7635,65.9540,8.3255,9.6426,5.1431,5.1891,8.2617,16.7816,25.8881,44.2602,5.1891,0.0,4.9889,8.529385,1.798876,29,193,98,2,0.20855820,0.00902045,0.00297427,0E-8,0.000000,0.900656,0.000000,0.00763944,2026-03-21,2026-08-06,87,1920,882,139,0.625899,0.863400,0.891889,0.695194,,,,,,,,GLOBAL_BASELINE_NO_ENTITY_RANKING,,,NOT_APPLICABLE_GLOBAL_BASELINE,HF9g-P5,,,,X 全窗基线 · 不参与实体赏罚,8397276,840,A168_HF9F_20260827_0900,2026-08-27 09:00:00
2026-07-04,54653530,2152,0,18.0724446854,2.5817778122,2.5817778122,0.5000000,3,3,0.49324550000000000,0.493245500000,0.01910635448239258,0.01910635448239258,0.01910635448239258,0E-17,ELIGIBLE,R03b_20260811_FULL_v1,L1_ELIGIBILITY,v2026-08-11,2026-03-21..2026-08-06,baccarat_bet02_101_all_pairs_incl_sentinel,round_win = game_pnl > 0 (decisive only),COMPATIBILITY_ONLY_NOT_PRODUCTION,53571.4227,48249.4483,483.2383,5739,5738,-0.00902045,-0.00297427,-0.01061372,-0.00902045,-483.2383,53571.4227,OK,0.0000,19.3295,4.0000,96.0000,AG03-UNRESOLVED,ALL5_LEVELS_bet23_to_bet27,19.3295,19.3295,24.1619,0.0000,0.0000,4.000000,4.000000,5.000000,0.000000,0.000000,96.000000,96.000000,95.000000,100.000000,100.000000,5.0,62.8210,60.1535,420.4173,423.0848,PENDING_AG03,FALSE,NOT_FOR_ENFORCEMENT,463.9088,46319.4703,483.2383,463.9088,19.3295,0.00902045,0.00865963,19.3295,463.9088,0.00865963,19.3295,19.3295,24.1619,0.0000,0.0000,463.9088,0.00865963,62.8210,60.1535,420.4173,423.0848,0.00784779,0.00789758,0.00036082,9.3346,8.4088,0.0842,5.5545,0.2517,615.7635,65.9540,8.3255,9.6426,5.1431,5.1891,8.2617,16.7816,25.8881,44.2602,5.1891,0.0,4.9889,8.529385,1.798876,29,193,98,2,0.20855820,0.00902045,0.00297427,0E-8,0.000000,0.900656,0.000000,0.00763944,2026-03-21,2026-08-06,87,1920,882,139,0.625899,0.863400,0.891889,0.695194,,,,,,,,GLOBAL_BASELINE_NO_ENTITY_RANKING,,,NOT_APPLICABLE_GLOBAL_BASELINE,HF9g-P5,,,,X 全窗基线 · 不参与实体赏罚,8397277,840,A168_HF9F_20260827_0900,2026-08-27 09:00:00
2026-07-04,54653530,2153,0,29.6904448403,3.0335889293,3.0335889293,0.3333333,3,3,0.49771390000000000,0.497713900000,-0.5694369385616226,-0.5694369385616226,-0.5694369385616226,0E-17,ELIGIBLE,R03b_20260811_FULL_v1,L1_ELIGIBILITY,v2026-08-11,2026-03-21..2026-08-06,baccarat_bet02_101_all_pairs_incl_sentinel,round_win = game_pnl > 0 (decisive only),COMPATIBILITY_ONLY_NOT_PRODUCTION,53571.4227,48249.4483,483.2383,5739,5738,-0.00902045,-0.00297427,-0.01061372,-0.00902045,-483.2383,53571.4227,OK,0.0000,19.3295,4.0000,96.0000,AG03-UNRESOLVED,ALL5_LEVELS_bet23_to_bet27,19.3295,19.3295,24.1619,0.0000,0.0000,4.000000,4.000000,5.000000,0.000000,0.000000,96.000000,96.000000,95.000000,100.000000,100.000000,5.0,62.8210,60.1535,420.4173,423.0848,PENDING_AG03,FALSE,NOT_FOR_ENFORCEMENT,463.9088,46319.4703,483.2383,463.9088,19.3295,0.00902045,0.00865963,19.3295,463.9088,0.00865963,19.3295,19.3295,24.1619,0.0000,0.0000,463.9088,0.00865963,62.8210,60.1535,420.4173,423.0848,0.00784779,0.00789758,0.00036082,9.3346,8.4088,0.0842,5.5545,0.2517,615.7635,65.9540,8.3255,9.6426,5.1431,5.1891,8.2617,16.7816,25.8881,44.2602,5.1891,0.0,4.9889,8.529385,1.798876,29,193,98,2,0.20855820,0.00902045,0.00297427,0E-8,0.000000,0.900656,0.000000,0.00763944,2026-03-21,2026-08-06,87,1920,882,139,0.625899,0.863400,0.891889,0.695194,,,,,,,,GLOBAL_BASELINE_NO_ENTITY_RANKING,,,NOT_APPLICABLE_GLOBAL_BASELINE,HF9g-P5,,,,X 全窗基线 · 不参与实体赏罚,8397278,840,A168_HF9F_20260827_0900,2026-08-27 09:00:00
2026-07-04,54653530,2167,0,60.6717785867,2.2590555857,2.2590555857,0.2500000,4,4,0.49659680000000000,0.496596800000,-0.9864100490137353,-0.9864100490137354,-0.9864100490137353,0E-17,ELIGIBLE,R03b_20260811_FULL_v1,L1_ELIGIBILITY,v2026-08-11,2026-03-21..2026-08-06,baccarat_bet02_101_all_pairs_incl_sentinel,round_win = game_pnl > 0 (decisive only),COMPATIBILITY_ONLY_NOT_PRODUCTION,53571.4227,48249.4483,483.2383,5739,5738,-0.00902045,-0.00297427,-0.01061372,-0.00902045,-483.2383,53571.4227,OK,0.0000,19.3295,4.0000,96.0000,AG03-UNRESOLVED,ALL5_LEVELS_bet23_to_bet27,19.3295,19.3295,24.1619,0.0000,0.0000,4.000000,4.000000,5.000000,0.000000,0.000000,96.000000,96.000000,95.000000,100.000000,100.000000,5.0,62.8210,60.1535,420.4173,423.0848,PENDING_AG03,FALSE,NOT_FOR_ENFORCEMENT,463.9088,46319.4703,483.2383,463.9088,19.3295,0.00902045,0.00865963,19.3295,463.9088,0.00865963,19.3295,19.3295,24.1619,0.0000,0.0000,463.9088,0.00865963,62.8210,60.1535,420.4173,423.0848,0.00784779,0.00789758,0.00036082,9.3346,8.4088,0.0842,5.5545,0.2517,615.7635,65.9540,8.3255,9.6426,5.1431,5.1891,8.2617,16.7816,25.8881,44.2602,5.1891,0.0,4.9889,8.529385,1.798876,29,193,98,2,0.20855820,0.00902045,0.00297427,0E-8,0.000000,0.900656,0.000000,0.00763944,2026-03-21,2026-08-06,87,1920,882,139,0.625899,0.863400,0.891889,0.695194,,,,,,,,GLOBAL_BASELINE_NO_ENTITY_RANKING,,,NOT_APPLICABLE_GLOBAL_BASELINE,HF9g-P5,,,,X 全窗基线 · 不参与实体赏罚,8397279,840,A168_HF9F_20260827_0900,2026-08-27 09:00:00
2026-07-04,54653530,2169,0,15.4906668732,15.4906668732,15.4906668732,1.0000000,3,3,0.49324550000000000,0.493245500000,1.755609282511032,1.7556092825110319,1.755609282511032,0E-17,ELIGIBLE,R03b_20260811_FULL_v1,L1_ELIGIBILITY,v2026-08-11,2026-03-21..2026-08-06,baccarat_bet02_101_all_pairs_incl_sentinel,round_win = game_pnl > 0 (decisive only),COMPATIBILITY_ONLY_NOT_PRODUCTION,53571.4227,48249.4483,483.2383,5739,5738,-0.00902045,-0.00297427,-0.01061372,-0.00902045,-483.2383,53571.4227,OK,0.0000,19.3295,4.0000,96.0000,AG03-UNRESOLVED,ALL5_LEVELS_bet23_to_bet27,19.3295,19.3295,24.1619,0.0000,0.0000,4.000000,4.000000,5.000000,0.000000,0.000000,96.000000,96.000000,95.000000,100.000000,100.000000,5.0,62.8210,60.1535,420.4173,423.0848,PENDING_AG03,FALSE,NOT_FOR_ENFORCEMENT,463.9088,46319.4703,483.2383,463.9088,19.3295,0.00902045,0.00865963,19.3295,463.9088,0.00865963,19.3295,19.3295,24.1619,0.0000,0.0000,463.9088,0.00865963,62.8210,60.1535,420.4173,423.0848,0.00784779,0.00789758,0.00036082,9.3346,8.4088,0.0842,5.5545,0.2517,615.7635,65.9540,8.3255,9.6426,5.1431,5.1891,8.2617,16.7816,25.8881,44.2602,5.1891,0.0,4.9889,8.529385,1.798876,29,193,98,2,0.20855820,0.00902045,0.00297427,0E-8,0.000000,0.900656,0.000000,0.00763944,2026-03-21,2026-08-06,87,1920,882,139,0.625899,0.863400,0.891889,0.695194,,,,,,,,GLOBAL_BASELINE_NO_ENTITY_RANKING,,,NOT_APPLICABLE_GLOBAL_BASELINE,HF9g-P5,,,,X 全窗基线 · 不参与实体赏罚,8397280,840,A168_HF9F_20260827_0900,2026-08-27 09:00:00
2026-07-04,54653530,2170,0,74.8715565538,38.7266671830,38.7266671830,0.7500000,13,13,0.49324550000000000,0.493245500000,1.7790096921743321,1.779009692174332,1.7790096921743321,0E-17,ELIGIBLE,R03b_20260811_FULL_v1,L1_ELIGIBILITY,v2026-08-11,2026-03-21..2026-08-06,baccarat_bet02_101_all_pairs_incl_sentinel,round_win = game_pnl > 0 (decisive only),COMPATIBILITY_ONLY_NOT_PRODUCTION,53571.4227,48249.4483,483.2383,5739,5738,-0.00902045,-0.00297427,-0.01061372,-0.00902045,-483.2383,53571.4227,OK,0.0000,19.3295,4.0000,96.0000,AG03-UNRESOLVED,ALL5_LEVELS_bet23_to_bet27,19.3295,19.3295,24.1619,0.0000,0.0000,4.000000,4.000000,5.000000,0.000000,0.000000,96.000000,96.000000,95.000000,100.000000,100.000000,5.0,62.8210,60.1535,420.4173,423.0848,PENDING_AG03,FALSE,NOT_FOR_ENFORCEMENT,463.9088,46319.4703,483.2383,463.9088,19.3295,0.00902045,0.00865963,19.3295,463.9088,0.00865963,19.3295,19.3295,24.1619,0.0000,0.0000,463.9088,0.00865963,62.8210,60.1535,420.4173,423.0848,0.00784779,0.00789758,0.00036082,9.3346,8.4088,0.0842,5.5545,0.2517,615.7635,65.9540,8.3255,9.6426,5.1431,5.1891,8.2617,16.7816,25.8881,44.2602,5.1891,0.0,4.9889,8.529385,1.798876,29,193,98,2,0.20855820,0.00902045,0.00297427,0E-8,0.000000,0.900656,0.000000,0.00763944,2026-03-21,2026-08-06,87,1920,882,139,0.625899,0.863400,0.891889,0.695194,,,,,,,,GLOBAL_BASELINE_NO_ENTITY_RANKING,,,NOT_APPLICABLE_GLOBAL_BASELINE,HF9g-P5,,,,X 全窗基线 · 不参与实体赏罚,8397281,840,A168_HF9F_20260827_0900,2026-08-27 09:00:00
2026-07-04,54653530,2174,0,28.3995559342,18.0724446854,18.0724446854,0.8000000,5,5,0.49324550000000000,0.493245500000,1.3719730223118614,1.3719730223118614,1.3719730223118614,0E-17,ELIGIBLE,R03b_20260811_FULL_v1,L1_ELIGIBILITY,v2026-08-11,2026-03-21..2026-08-06,baccarat_bet02_101_all_pairs_incl_sentinel,round_win = game_pnl > 0 (decisive only),COMPATIBILITY_ONLY_NOT_PRODUCTION,53571.4227,48249.4483,483.2383,5739,5738,-0.00902045,-0.00297427,-0.01061372,-0.00902045,-483.2383,53571.4227,OK,0.0000,19.3295,4.0000,96.0000,AG03-UNRESOLVED,ALL5_LEVELS_bet23_to_bet27,19.3295,19.3295,24.1619,0.0000,0.0000,4.000000,4.000000,5.000000,0.000000,0.000000,96.000000,96.000000,95.000000,100.000000,100.000000,5.0,62.8210,60.1535,420.4173,423.0848,PENDING_AG03,FALSE,NOT_FOR_ENFORCEMENT,463.9088,46319.4703,483.2383,463.9088,19.3295,0.00902045,0.00865963,19.3295,463.9088,0.00865963,19.3295,19.3295,24.1619,0.0000,0.0000,463.9088,0.00865963,62.8210,60.1535,420.4173,423.0848,0.00784779,0.00789758,0.00036082,9.3346,8.4088,0.0842,5.5545,0.2517,615.7635,65.9540,8.3255,9.6426,5.1431,5.1891,8.2617,16.7816,25.8881,44.2602,5.1891,0.0,4.9889,8.529385,1.798876,29,193,98,2,0.20855820,0.00902045,0.00297427,0E-8,0.000000,0.900656,0.000000,0.00763944,2026-03-21,2026-08-06,87,1920,882,139,0.625899,0.863400,0.891889,0.695194,,,,,,,,GLOBAL_BASELINE_NO_ENTITY_RANKING,,,NOT_APPLICABLE_GLOBAL_BASELINE,HF9g-P5,,,,X 全窗基线 · 不参与实体赏罚,8397282,840,A168_HF9F_20260827_0900,2026-08-27 09:00:00
2026-07-04,54653530,2175,0,107.1437792063,2.9174089278,2.9174089278,0.2500000,6,6,0.50441650000000000,0.504416500000,-1.0177057024351048,-1.0177057024351048,-1.0177057024351048,0E-17,ELIGIBLE,R03b_20260811_FULL_v1,L1_ELIGIBILITY,v2026-08-11,2026-03-21..2026-08-06,baccarat_bet02_101_all_pairs_incl_sentinel,round_win = game_pnl > 0 (decisive only),COMPATIBILITY_ONLY_NOT_PRODUCTION,53571.4227,48249.4483,483.2383,5739,5738,-0.00902045,-0.00297427,-0.01061372,-0.00902045,-483.2383,53571.4227,OK,0.0000,19.3295,4.0000,96.0000,AG03-UNRESOLVED,ALL5_LEVELS_bet23_to_bet27,19.3295,19.3295,24.1619,0.0000,0.0000,4.000000,4.000000,5.000000,0.000000,0.000000,96.000000,96.000000,95.000000,100.000000,100.000000,5.0,62.8210,60.1535,420.4173,423.0848,PENDING_AG03,FALSE,NOT_FOR_ENFORCEMENT,463.9088,46319.4703,483.2383,463.9088,19.3295,0.00902045,0.00865963,19.3295,463.9088,0.00865963,19.3295,19.3295,24.1619,0.0000,0.0000,463.9088,0.00865963,62.8210,60.1535,420.4173,423.0848,0.00784779,0.00789758,0.00036082,9.3346,8.4088,0.0842,5.5545,0.2517,615.7635,65.9540,8.3255,9.6426,5.1431,5.1891,8.2617,16.7816,25.8881,44.2602,5.1891,0.0,4.9889,8.529385,1.798876,29,193,98,2,0.20855820,0.00902045,0.00297427,0E-8,0.000000,0.900656,0.000000,0.00763944,2026-03-21,2026-08-06,87,1920,882,139,0.625899,0.863400,0.891889,0.695194,,,,,,,,GLOBAL_BASELINE_NO_ENTITY_RANKING,,,NOT_APPLICABLE_GLOBAL_BASELINE,HF9g-P5,,,,X 全窗基线 · 不参与实体赏罚,8397283,840,A168_HF9F_20260827_0900,2026-08-27 09:00:00
2026-07-04,54653530,2229,0,5.1635556244,5.1635556244,5.1635556244,1.0000000,1,1,0.49324550000000000,0.493245500000,1.01360149184955,1.01360149184955,1.01360149184955,0E-17,ELIGIBLE,R03b_20260811_FULL_v1,L1_ELIGIBILITY,v2026-08-11,2026-03-21..2026-08-06,baccarat_bet02_101_all_pairs_incl_sentinel,round_win = game_pnl > 0 (decisive only),COMPATIBILITY_ONLY_NOT_PRODUCTION,53571.4227,48249.4483,483.2383,5739,5738,-0.00902045,-0.00297427,-0.01061372,-0.00902045,-483.2383,53571.4227,OK,0.0000,19.3295,4.0000,96.0000,AG03-UNRESOLVED,ALL5_LEVELS_bet23_to_bet27,19.3295,19.3295,24.1619,0.0000,0.0000,4.000000,4.000000,5.000000,0.000000,0.000000,96.000000,96.000000,95.000000,100.000000,100.000000,5.0,62.8210,60.1535,420.4173,423.0848,PENDING_AG03,FALSE,NOT_FOR_ENFORCEMENT,463.9088,46319.4703,483.2383,463.9088,19.3295,0.00902045,0.00865963,19.3295,463.9088,0.00865963,19.3295,19.3295,24.1619,0.0000,0.0000,463.9088,0.00865963,62.8210,60.1535,420.4173,423.0848,0.00784779,0.00789758,0.00036082,9.3346,8.4088,0.0842,5.5545,0.2517,615.7635,65.9540,8.3255,9.6426,5.1431,5.1891,8.2617,16.7816,25.8881,44.2602,5.1891,0.0,4.9889,8.529385,1.798876,29,193,98,2,0.20855820,0.00902045,0.00297427,0E-8,0.000000,0.900656,0.000000,0.00763944,2026-03-21,2026-08-06,87,1920,882,139,0.625899,0.863400,0.891889,0.695194,,,,,,,,GLOBAL_BASELINE_NO_ENTITY_RANKING,,,NOT_APPLICABLE_GLOBAL_BASELINE,HF9g-P5,,,,X 全窗基线 · 不参与实体赏罚,8397284,840,A168_HF9F_20260827_0900,2026-08-27 09:00:00
2026-07-04,54653530,2234,0,45.1811117135,2.5817778122,2.5817778122,0.3333333,4,4,0.49659680000000000,0.496596800000,-0.5655743394288276,-0.5655743394288276,-0.5655743394288276,0E-17,ELIGIBLE,R03b_20260811_FULL_v1,L1_ELIGIBILITY,v2026-08-11,2026-03-21..2026-08-06,baccarat_bet02_101_all_pairs_incl_sentinel,round_win = game_pnl > 0 (decisive only),COMPATIBILITY_ONLY_NOT_PRODUCTION,53571.4227,48249.4483,483.2383,5739,5738,-0.00902045,-0.00297427,-0.01061372,-0.00902045,-483.2383,53571.4227,OK,0.0000,19.3295,4.0000,96.0000,AG03-UNRESOLVED,ALL5_LEVELS_bet23_to_bet27,19.3295,19.3295,24.1619,0.0000,0.0000,4.000000,4.000000,5.000000,0.000000,0.000000,96.000000,96.000000,95.000000,100.000000,100.000000,5.0,62.8210,60.1535,420.4173,423.0848,PENDING_AG03,FALSE,NOT_FOR_ENFORCEMENT,463.9088,46319.4703,483.2383,463.9088,19.3295,0.00902045,0.00865963,19.3295,463.9088,0.00865963,19.3295,19.3295,24.1619,0.0000,0.0000,463.9088,0.00865963,62.8210,60.1535,420.4173,423.0848,0.00784779,0.00789758,0.00036082,9.3346,8.4088,0.0842,5.5545,0.2517,615.7635,65.9540,8.3255,9.6426,5.1431,5.1891,8.2617,16.7816,25.8881,44.2602,5.1891,0.0,4.9889,8.529385,1.798876,29,193,98,2,0.20855820,0.00902045,0.00297427,0E-8,0.000000,0.900656,0.000000,0.00763944,2026-03-21,2026-08-06,87,1920,882,139,0.625899,0.863400,0.891889,0.695194,,,,,,,,GLOBAL_BASELINE_NO_ENTITY_RANKING,,,NOT_APPLICABLE_GLOBAL_BASELINE,HF9g-P5,,,,X 全窗基线 · 不参与实体赏罚,8397285,840,A168_HF9F_20260827_0900,2026-08-27 09:00:00
2026-07-04,54653530,2235,0,206.5422249760,38.7266671830,38.7266671830,0.5000000,25,25,0.49324550000000000,0.493245500000,0.06336860892962125,0.06336860892962126,0.06336860892962125,0E-17,ELIGIBLE,R03b_20260811_FULL_v1,L1_ELIGIBILITY,v2026-08-11,2026-03-21..2026-08-06,baccarat_bet02_101_all_pairs_incl_sentinel,round_win = game_pnl > 0 (decisive only),COMPATIBILITY_ONLY_NOT_PRODUCTION,53571.4227,48249.4483,483.2383,5739,5738,-0.00902045,-0.00297427,-0.01061372,-0.00902045,-483.2383,53571.4227,OK,0.0000,19.3295,4.0000,96.0000,AG03-UNRESOLVED,ALL5_LEVELS_bet23_to_bet27,19.3295,19.3295,24.1619,0.0000,0.0000,4.000000,4.000000,5.000000,0.000000,0.000000,96.000000,96.000000,95.000000,100.000000,100.000000,5.0,62.8210,60.1535,420.4173,423.0848,PENDING_AG03,FALSE,NOT_FOR_ENFORCEMENT,463.9088,46319.4703,483.2383,463.9088,19.3295,0.00902045,0.00865963,19.3295,463.9088,0.00865963,19.3295,19.3295,24.1619,0.0000,0.0000,463.9088,0.00865963,62.8210,60.1535,420.4173,423.0848,0.00784779,0.00789758,0.00036082,9.3346,8.4088,0.0842,5.5545,0.2517,615.7635,65.9540,8.3255,9.6426,5.1431,5.1891,8.2617,16.7816,25.8881,44.2602,5.1891,0.0,4.9889,8.529385,1.798876,29,193,98,2,0.20855820,0.00902045,0.00297427,0E-8,0.000000,0.900656,0.000000,0.00763944,2026-03-21,2026-08-06,87,1920,882,139,0.625899,0.863400,0.891889,0.695194,,,,,,,,GLOBAL_BASELINE_NO_ENTITY_RANKING,,,NOT_APPLICABLE_GLOBAL_BASELINE,HF9g-P5,,,,X 全窗基线 · 不参与实体赏罚,8397286,840,A168_HF9F_20260827_0900,2026-08-27 09:00:00
2026-07-04,54653530,2242,0,5.1635556244,5.1635556244,5.1635556244,1.0000000,1,1,0.49324550000000000,0.493245500000,1.01360149184955,1.01360149184955,1.01360149184955,0E-17,ELIGIBLE,R03b_20260811_FULL_v1,L1_ELIGIBILITY,v2026-08-11,2026-03-21..2026-08-06,baccarat_bet02_101_all_pairs_incl_sentinel,round_win = game_pnl > 0 (decisive only),COMPATIBILITY_ONLY_NOT_PRODUCTION,53571.4227,48249.4483,483.2383,5739,5738,-0.00902045,-0.00297427,-0.01061372,-0.00902045,-483.2383,53571.4227,OK,0.0000,19.3295,4.0000,96.0000,AG03-UNRESOLVED,ALL5_LEVELS_bet23_to_bet27,19.3295,19.3295,24.1619,0.0000,0.0000,4.000000,4.000000,5.000000,0.000000,0.000000,96.000000,96.000000,95.000000,100.000000,100.000000,5.0,62.8210,60.1535,420.4173,423.0848,PENDING_AG03,FALSE,NOT_FOR_ENFORCEMENT,463.9088,46319.4703,483.2383,463.9088,19.3295,0.00902045,0.00865963,19.3295,463.9088,0.00865963,19.3295,19.3295,24.1619,0.0000,0.0000,463.9088,0.00865963,62.8210,60.1535,420.4173,423.0848,0.00784779,0.00789758,0.00036082,9.3346,8.4088,0.0842,5.5545,0.2517,615.7635,65.9540,8.3255,9.6426,5.1431,5.1891,8.2617,16.7816,25.8881,44.2602,5.1891,0.0,4.9889,8.529385,1.798876,29,193,98,2,0.20855820,0.00902045,0.00297427,0E-8,0.000000,0.900656,0.000000,0.00763944,2026-03-21,2026-08-06,87,1920,882,139,0.625899,0.863400,0.891889,0.695194,,,,,,,,GLOBAL_BASELINE_NO_ENTITY_RANKING,,,NOT_APPLICABLE_GLOBAL_BASELINE,HF9g-P5,,,,X 全窗基线 · 不参与实体赏罚,8397287,840,A168_HF9F_20260827_0900,2026-08-27 09:00:00
2026-07-04,54653530,2250,0,12.9088890610,2.5817778122,2.5817778122,0.5000000,2,2,0.49324550000000000,0.493245500000,0.01910635448239258,0.01910635448239258,0.01910635448239258,0E-17,ELIGIBLE,R03b_20260811_FULL_v1,L1_ELIGIBILITY,v2026-08-11,2026-03-21..2026-08-06,baccarat_bet02_101_all_pairs_incl_sentinel,round_win = game_pnl > 0 (decisive only),COMPATIBILITY_ONLY_NOT_PRODUCTION,53571.4227,48249.4483,483.2383,5739,5738,-0.00902045,-0.00297427,-0.01061372,-0.00902045,-483.2383,53571.4227,OK,0.0000,19.3295,4.0000,96.0000,AG03-UNRESOLVED,ALL5_LEVELS_bet23_to_bet27,19.3295,19.3295,24.1619,0.0000,0.0000,4.000000,4.000000,5.000000,0.000000,0.000000,96.000000,96.000000,95.000000,100.000000,100.000000,5.0,62.8210,60.1535,420.4173,423.0848,PENDING_AG03,FALSE,NOT_FOR_ENFORCEMENT,463.9088,46319.4703,483.2383,463.9088,19.3295,0.00902045,0.00865963,19.3295,463.9088,0.00865963,19.3295,19.3295,24.1619,0.0000,0.0000,463.9088,0.00865963,62.8210,60.1535,420.4173,423.0848,0.00784779,0.00789758,0.00036082,9.3346,8.4088,0.0842,5.5545,0.2517,615.7635,65.9540,8.3255,9.6426,5.1431,5.1891,8.2617,16.7816,25.8881,44.2602,5.1891,0.0,4.9889,8.529385,1.798876,29,193,98,2,0.20855820,0.00902045,0.00297427,0E-8,0.000000,0.900656,0.000000,0.00763944,2026-03-21,2026-08-06,87,1920,882,139,0.625899,0.863400,0.891889,0.695194,,,,,,,,GLOBAL_BASELINE_NO_ENTITY_RANKING,,,NOT_APPLICABLE_GLOBAL_BASELINE,HF9g-P5,,,,X 全窗基线 · 不参与实体赏罚,8397288,840,A168_HF9F_20260827_0900,2026-08-27 09:00:00
2026-07-04,54653530,2261,0,5.1635556244,5.1635556244,5.1635556244,1.0000000,1,1,0.49324550000000000,0.493245500000,1.01360149184955,1.01360149184955,1.01360149184955,0E-17,ELIGIBLE,R03b_20260811_FULL_v1,L1_ELIGIBILITY,v2026-08-11,2026-03-21..2026-08-06,baccarat_bet02_101_all_pairs_incl_sentinel,round_win = game_pnl > 0 (decisive only),COMPATIBILITY_ONLY_NOT_PRODUCTION,53571.4227,48249.4483,483.2383,5739,5738,-0.00902045,-0.00297427,-0.01061372,-0.00902045,-483.2383,53571.4227,OK,0.0000,19.3295,4.0000,96.0000,AG03-UNRESOLVED,ALL5_LEVELS_bet23_to_bet27,19.3295,19.3295,24.1619,0.0000,0.0000,4.000000,4.000000,5.000000,0.000000,0.000000,96.000000,96.000000,95.000000,100.000000,100.000000,5.0,62.8210,60.1535,420.4173,423.0848,PENDING_AG03,FALSE,NOT_FOR_ENFORCEMENT,463.9088,46319.4703,483.2383,463.9088,19.3295,0.00902045,0.00865963,19.3295,463.9088,0.00865963,19.3295,19.3295,24.1619,0.0000,0.0000,463.9088,0.00865963,62.8210,60.1535,420.4173,423.0848,0.00784779,0.00789758,0.00036082,9.3346,8.4088,0.0842,5.5545,0.2517,615.7635,65.9540,8.3255,9.6426,5.1431,5.1891,8.2617,16.7816,25.8881,44.2602,5.1891,0.0,4.9889,8.529385,1.798876,29,193,98,2,0.20855820,0.00902045,0.00297427,0E-8,0.000000,0.900656,0.000000,0.00763944,2026-03-21,2026-08-06,87,1920,882,139,0.625899,0.863400,0.891889,0.695194,,,,,,,,GLOBAL_BASELINE_NO_ENTITY_RANKING,,,NOT_APPLICABLE_GLOBAL_BASELINE,HF9g-P5,,,,X 全窗基线 · 不参与实体赏罚,8397289,840,A168_HF9F_20260827_0900,2026-08-27 09:00:00
2026-07-04,54653530,2266,0,12.9088890610,2.5817778122,2.5817778122,0.5000000,2,2,0.49324550000000000,0.493245500000,0.01910635448239258,0.01910635448239258,0.01910635448239258,0E-17,ELIGIBLE,R03b_20260811_FULL_v1,L1_ELIGIBILITY,v2026-08-11,2026-03-21..2026-08-06,baccarat_bet02_101_all_pairs_incl_sentinel,round_win = game_pnl > 0 (decisive only),COMPATIBILITY_ONLY_NOT_PRODUCTION,53571.4227,48249.4483,483.2383,5739,5738,-0.00902045,-0.00297427,-0.01061372,-0.00902045,-483.2383,53571.4227,OK,0.0000,19.3295,4.0000,96.0000,AG03-UNRESOLVED,ALL5_LEVELS_bet23_to_bet27,19.3295,19.3295,24.1619,0.0000,0.0000,4.000000,4.000000,5.000000,0.000000,0.000000,96.000000,96.000000,95.000000,100.000000,100.000000,5.0,62.8210,60.1535,420.4173,423.0848,PENDING_AG03,FALSE,NOT_FOR_ENFORCEMENT,463.9088,46319.4703,483.2383,463.9088,19.3295,0.00902045,0.00865963,19.3295,463.9088,0.00865963,19.3295,19.3295,24.1619,0.0000,0.0000,463.9088,0.00865963,62.8210,60.1535,420.4173,423.0848,0.00784779,0.00789758,0.00036082,9.3346,8.4088,0.0842,5.5545,0.2517,615.7635,65.9540,8.3255,9.6426,5.1431,5.1891,8.2617,16.7816,25.8881,44.2602,5.1891,0.0,4.9889,8.529385,1.798876,29,193,98,2,0.20855820,0.00902045,0.00297427,0E-8,0.000000,0.900656,0.000000,0.00763944,2026-03-21,2026-08-06,87,1920,882,139,0.625899,0.863400,0.891889,0.695194,,,,,,,,GLOBAL_BASELINE_NO_ENTITY_RANKING,,,NOT_APPLICABLE_GLOBAL_BASELINE,HF9g-P5,,,,X 全窗基线 · 不参与实体赏罚,8397290,840,A168_HF9F_20260827_0900,2026-08-27 09:00:00
2026-07-04,54653530,2288,0,43.8902228074,5.1635556244,5.1635556244,0.5000000,7,7,0.49324550000000000,0.493245500000,0.03309317671092531,0.03309317671092531,0.03309317671092531,0E-17,ELIGIBLE,R03b_20260811_FULL_v1,L1_ELIGIBILITY,v2026-08-11,2026-03-21..2026-08-06,baccarat_bet02_101_all_pairs_incl_sentinel,round_win = game_pnl > 0 (decisive only),COMPATIBILITY_ONLY_NOT_PRODUCTION,53571.4227,48249.4483,483.2383,5739,5738,-0.00902045,-0.00297427,-0.01061372,-0.00902045,-483.2383,53571.4227,OK,0.0000,19.3295,4.0000,96.0000,AG03-UNRESOLVED,ALL5_LEVELS_bet23_to_bet27,19.3295,19.3295,24.1619,0.0000,0.0000,4.000000,4.000000,5.000000,0.000000,0.000000,96.000000,96.000000,95.000000,100.000000,100.000000,5.0,62.8210,60.1535,420.4173,423.0848,PENDING_AG03,FALSE,NOT_FOR_ENFORCEMENT,463.9088,46319.4703,483.2383,463.9088,19.3295,0.00902045,0.00865963,19.3295,463.9088,0.00865963,19.3295,19.3295,24.1619,0.0000,0.0000,463.9088,0.00865963,62.8210,60.1535,420.4173,423.0848,0.00784779,0.00789758,0.00036082,9.3346,8.4088,0.0842,5.5545,0.2517,615.7635,65.9540,8.3255,9.6426,5.1431,5.1891,8.2617,16.7816,25.8881,44.2602,5.1891,0.0,4.9889,8.529385,1.798876,29,193,98,2,0.20855820,0.00902045,0.00297427,0E-8,0.000000,0.900656,0.000000,0.00763944,2026-03-21,2026-08-06,87,1920,882,139,0.625899,0.863400,0.891889,0.695194,,,,,,,,GLOBAL_BASELINE_NO_ENTITY_RANKING,,,NOT_APPLICABLE_GLOBAL_BASELINE,HF9g-P5,,,,X 全窗基线 · 不参与实体赏罚,8397291,840,A168_HF9F_20260827_0900,2026-08-27 09:00:00
2026-07-04,54653530,462,0,5.1635556244,5.1635556244,5.1635556244,1.0000000,1,1,0.49324550000000000,0.493245500000,1.01360149184955,1.01360149184955,1.01360149184955,0E-17,ELIGIBLE,R03b_20260811_FULL_v1,L1_ELIGIBILITY,v2026-08-11,2026-03-21..2026-08-06,baccarat_bet02_101_all_pairs_incl_sentinel,round_win = game_pnl > 0 (decisive only),COMPATIBILITY_ONLY_NOT_PRODUCTION,53571.4227,48249.4483,483.2383,5739,5738,-0.00902045,-0.00297427,-0.01061372,-0.00902045,-483.2383,53571.4227,OK,0.0000,19.3295,4.0000,96.0000,AG03-UNRESOLVED,ALL5_LEVELS_bet23_to_bet27,19.3295,19.3295,24.1619,0.0000,0.0000,4.000000,4.000000,5.000000,0.000000,0.000000,96.000000,96.000000,95.000000,100.000000,100.000000,5.0,62.8210,60.1535,420.4173,423.0848,PENDING_AG03,FALSE,NOT_FOR_ENFORCEMENT,463.9088,46319.4703,483.2383,463.9088,19.3295,0.00902045,0.00865963,19.3295,463.9088,0.00865963,19.3295,19.3295,24.1619,0.0000,0.0000,463.9088,0.00865963,62.8210,60.1535,420.4173,423.0848,0.00784779,0.00789758,0.00036082,9.3346,8.4088,0.0842,5.5545,0.2517,615.7635,65.9540,8.3255,9.6426,5.1431,5.1891,8.2617,16.7816,25.8881,44.2602,5.1891,0.0,4.9889,8.529385,1.798876,29,193,98,2,0.20855820,0.00902045,0.00297427,0E-8,0.000000,0.900656,0.000000,0.00763944,2026-03-21,2026-08-06,87,1920,882,139,0.625899,0.863400,0.891889,0.695194,,,,,,,,GLOBAL_BASELINE_NO_ENTITY_RANKING,,,NOT_APPLICABLE_GLOBAL_BASELINE,HF9g-P5,,,,X 全窗基线 · 不参与实体赏罚,8397292,840,A168_HF9F_20260827_0900,2026-08-27 09:00:00
2026-07-04,54653530,550,0,12.9088890610,-5.1635556244,-5.1635556244,0E-7,2,2,0.49324550000000000,0.493245500000,-0.9865810262130424,-0.9865810262130424,-0.9865810262130424,0E-17,ELIGIBLE,R03b_20260811_FULL_v1,L1_ELIGIBILITY,v2026-08-11,2026-03-21..2026-08-06,baccarat_bet02_101_all_pairs_incl_sentinel,round_win = game_pnl > 0 (decisive only),COMPATIBILITY_ONLY_NOT_PRODUCTION,53571.4227,48249.4483,483.2383,5739,5738,-0.00902045,-0.00297427,-0.01061372,-0.00902045,-483.2383,53571.4227,OK,0.0000,19.3295,4.0000,96.0000,AG03-UNRESOLVED,ALL5_LEVELS_bet23_to_bet27,19.3295,19.3295,24.1619,0.0000,0.0000,4.000000,4.000000,5.000000,0.000000,0.000000,96.000000,96.000000,95.000000,100.000000,100.000000,5.0,62.8210,60.1535,420.4173,423.0848,PENDING_AG03,FALSE,NOT_FOR_ENFORCEMENT,463.9088,46319.4703,483.2383,463.9088,19.3295,0.00902045,0.00865963,19.3295,463.9088,0.00865963,19.3295,19.3295,24.1619,0.0000,0.0000,463.9088,0.00865963,62.8210,60.1535,420.4173,423.0848,0.00784779,0.00789758,0.00036082,9.3346,8.4088,0.0842,5.5545,0.2517,615.7635,65.9540,8.3255,9.6426,5.1431,5.1891,8.2617,16.7816,25.8881,44.2602,5.1891,0.0,4.9889,8.529385,1.798876,29,193,98,2,0.20855820,0.00902045,0.00297427,0E-8,0.000000,0.900656,0.000000,0.00763944,2026-03-21,2026-08-06,87,1920,882,139,0.625899,0.863400,0.891889,0.695194,,,,,,,,GLOBAL_BASELINE_NO_ENTITY_RANKING,,,NOT_APPLICABLE_GLOBAL_BASELINE,HF9g-P5,,,,X 全窗基线 · 不参与实体赏罚,8397293,840,A168_HF9F_20260827_0900,2026-08-27 09:00:00
2026-07-04,54653530,595,0,37.4357782769,11.6180001549,11.6180001549,0.5000000,4,4,0.49659680000000000,0.496596800000,0.013613115331600182,0.013613115331600183,0.013613115331600182,0E-17,ELIGIBLE,R03b_20260811_FULL_v1,L1_ELIGIBILITY,v2026-08-11,2026-03-21..2026-08-06,baccarat_bet02_101_all_pairs_incl_sentinel,round_win = game_pnl > 0 (decisive only),COMPATIBILITY_ONLY_NOT_PRODUCTION,53571.4227,48249.4483,483.2383,5739,5738,-0.00902045,-0.00297427,-0.01061372,-0.00902045,-483.2383,53571.4227,OK,0.0000,19.3295,4.0000,96.0000,AG03-UNRESOLVED,ALL5_LEVELS_bet23_to_bet27,19.3295,19.3295,24.1619,0.0000,0.0000,4.000000,4.000000,5.000000,0.000000,0.000000,96.000000,96.000000,95.000000,100.000000,100.000000,5.0,62.8210,60.1535,420.4173,423.0848,PENDING_AG03,FALSE,NOT_FOR_ENFORCEMENT,463.9088,46319.4703,483.2383,463.9088,19.3295,0.00902045,0.00865963,19.3295,463.9088,0.00865963,19.3295,19.3295,24.1619,0.0000,0.0000,463.9088,0.00865963,62.8210,60.1535,420.4173,423.0848,0.00784779,0.00789758,0.00036082,9.3346,8.4088,0.0842,5.5545,0.2517,615.7635,65.9540,8.3255,9.6426,5.1431,5.1891,8.2617,16.7816,25.8881,44.2602,5.1891,0.0,4.9889,8.529385,1.798876,29,193,98,2,0.20855820,0.00902045,0.00297427,0E-8,0.000000,0.900656,0.000000,0.00763944,2026-03-21,2026-08-06,87,1920,882,139,0.625899,0.863400,0.891889,0.695194,,,,,,,,GLOBAL_BASELINE_NO_ENTITY_RANKING,,,NOT_APPLICABLE_GLOBAL_BASELINE,HF9g-P5,,,,X 全窗基线 · 不参与实体赏罚,8397294,840,A168_HF9F_20260827_0900,2026-08-27 09:00:00
2026-07-04,54653530,752,0,5.1635556244,5.1635556244,5.1635556244,1.0000000,1,1,0.49324550000000000,0.493245500000,1.01360149184955,1.01360149184955,1.01360149184955,0E-17,ELIGIBLE,R03b_20260811_FULL_v1,L1_ELIGIBILITY,v2026-08-11,2026-03-21..2026-08-06,baccarat_bet02_101_all_pairs_incl_sentinel,round_win = game_pnl > 0 (decisive only),COMPATIBILITY_ONLY_NOT_PRODUCTION,53571.4227,48249.4483,483.2383,5739,5738,-0.00902045,-0.00297427,-0.01061372,-0.00902045,-483.2383,53571.4227,OK,0.0000,19.3295,4.0000,96.0000,AG03-UNRESOLVED,ALL5_LEVELS_bet23_to_bet27,19.3295,19.3295,24.1619,0.0000,0.0000,4.000000,4.000000,5.000000,0.000000,0.000000,96.000000,96.000000,95.000000,100.000000,100.000000,5.0,62.8210,60.1535,420.4173,423.0848,PENDING_AG03,FALSE,NOT_FOR_ENFORCEMENT,463.9088,46319.4703,483.2383,463.9088,19.3295,0.00902045,0.00865963,19.3295,463.9088,0.00865963,19.3295,19.3295,24.1619,0.0000,0.0000,463.9088,0.00865963,62.8210,60.1535,420.4173,423.0848,0.00784779,0.00789758,0.00036082,9.3346,8.4088,0.0842,5.5545,0.2517,615.7635,65.9540,8.3255,9.6426,5.1431,5.1891,8.2617,16.7816,25.8881,44.2602,5.1891,0.0,4.9889,8.529385,1.798876,29,193,98,2,0.20855820,0.00902045,0.00297427,0E-8,0.000000,0.900656,0.000000,0.00763944,2026-03-21,2026-08-06,87,1920,882,139,0.625899,0.863400,0.891889,0.695194,,,,,,,,GLOBAL_BASELINE_NO_ENTITY_RANKING,,,NOT_APPLICABLE_GLOBAL_BASELINE,HF9g-P5,,,,X 全窗基线 · 不参与实体赏罚,8397295,840,A168_HF9F_20260827_0900,2026-08-27 09:00:00
2026-07-04,54653530,948,0,15.4906668732,15.4906668732,15.4906668732,1.0000000,1,1,0.49324550000000000,0.493245500000,1.01360149184955,1.01360149184955,1.01360149184955,0E-17,ELIGIBLE,R03b_20260811_FULL_v1,L1_ELIGIBILITY,v2026-08-11,2026-03-21..2026-08-06,baccarat_bet02_101_all_pairs_incl_sentinel,round_win = game_pnl > 0 (decisive only),COMPATIBILITY_ONLY_NOT_PRODUCTION,53571.4227,48249.4483,483.2383,5739,5738,-0.00902045,-0.00297427,-0.01061372,-0.00902045,-483.2383,53571.4227,OK,0.0000,19.3295,4.0000,96.0000,AG03-UNRESOLVED,ALL5_LEVELS_bet23_to_bet27,19.3295,19.3295,24.1619,0.0000,0.0000,4.000000,4.000000,5.000000,0.000000,0.000000,96.000000,96.000000,95.000000,100.000000,100.000000,5.0,62.8210,60.1535,420.4173,423.0848,PENDING_AG03,FALSE,NOT_FOR_ENFORCEMENT,463.9088,46319.4703,483.2383,463.9088,19.3295,0.00902045,0.00865963,19.3295,463.9088,0.00865963,19.3295,19.3295,24.1619,0.0000,0.0000,463.9088,0.00865963,62.8210,60.1535,420.4173,423.0848,0.00784779,0.00789758,0.00036082,9.3346,8.4088,0.0842,5.5545,0.2517,615.7635,65.9540,8.3255,9.6426,5.1431,5.1891,8.2617,16.7816,25.8881,44.2602,5.1891,0.0,4.9889,8.529385,1.798876,29,193,98,2,0.20855820,0.00902045,0.00297427,0E-8,0.000000,0.900656,0.000000,0.00763944,2026-03-21,2026-08-06,87,1920,882,139,0.625899,0.863400,0.891889,0.695194,,,,,,,,GLOBAL_BASELINE_NO_ENTITY_RANKING,,,NOT_APPLICABLE_GLOBAL_BASELINE,HF9g-P5,,,,X 全窗基线 · 不参与实体赏罚,8397296,840,A168_HF9F_20260827_0900,2026-08-27 09:00:00
2026-07-05,54653530,-1,1,12.9088890610,2.5817778122,2.5817778122,0.5000000,2,2,0.49324550000000000,0.493245500000,0.01910635448239258,0.01910635448239258,0.01910635448239258,0E-17,SENTINEL_DEALER,R03b_20260811_FULL_v1,L1_ELIGIBILITY,v2026-08-11,2026-03-21..2026-08-06,baccarat_bet02_101_all_pairs_incl_sentinel,round_win = game_pnl > 0 (decisive only),COMPATIBILITY_ONLY_NOT_PRODUCTION,53571.4227,48249.4483,483.2383,5739,5738,-0.00902045,-0.00297427,-0.01061372,-0.00902045,-483.2383,53571.4227,OK,0.0000,19.3295,4.0000,96.0000,AG03-UNRESOLVED,ALL5_LEVELS_bet23_to_bet27,19.3295,19.3295,24.1619,0.0000,0.0000,4.000000,4.000000,5.000000,0.000000,0.000000,96.000000,96.000000,95.000000,100.000000,100.000000,5.0,62.8210,60.1535,420.4173,423.0848,PENDING_AG03,FALSE,NOT_FOR_ENFORCEMENT,463.9088,46319.4703,483.2383,463.9088,19.3295,0.00902045,0.00865963,19.3295,463.9088,0.00865963,19.3295,19.3295,24.1619,0.0000,0.0000,463.9088,0.00865963,62.8210,60.1535,420.4173,423.0848,0.00784779,0.00789758,0.00036082,9.3346,8.4088,0.0842,5.5545,0.2517,615.7635,65.9540,8.3255,9.6426,5.1431,5.1891,8.2617,16.7816,25.8881,44.2602,5.1891,0.0,4.9889,8.529385,1.798876,29,193,98,2,0.20855820,0.00902045,0.00297427,0E-8,0.000000,0.900656,0.000000,0.00763944,2026-03-21,2026-08-06,87,1920,882,139,0.625899,0.863400,0.891889,0.695194,,,,,,,,GLOBAL_BASELINE_NO_ENTITY_RANKING,,,NOT_APPLICABLE_GLOBAL_BASELINE,HF9g-P5,,,,X 全窗基线 · 不参与实体赏罚,8397297,840,A168_HF9F_20260827_0900,2026-08-27 09:00:00
2026-07-05,54653530,1109,0,5.1635556244,5.1635556244,5.1635556244,1.0000000,1,1,0.49324550000000000,0.493245500000,1.01360149184955,1.01360149184955,1.01360149184955,0E-17,ELIGIBLE,R03b_20260811_FULL_v1,L1_ELIGIBILITY,v2026-08-11,2026-03-21..2026-08-06,baccarat_bet02_101_all_pairs_incl_sentinel,round_win = game_pnl > 0 (decisive only),COMPATIBILITY_ONLY_NOT_PRODUCTION,53571.4227,48249.4483,483.2383,5739,5738,-0.00902045,-0.00297427,-0.01061372,-0.00902045,-483.2383,53571.4227,OK,0.0000,19.3295,4.0000,96.0000,AG03-UNRESOLVED,ALL5_LEVELS_bet23_to_bet27,19.3295,19.3295,24.1619,0.0000,0.0000,4.000000,4.000000,5.000000,0.000000,0.000000,96.000000,96.000000,95.000000,100.000000,100.000000,5.0,62.8210,60.1535,420.4173,423.0848,PENDING_AG03,FALSE,NOT_FOR_ENFORCEMENT,463.9088,46319.4703,483.2383,463.9088,19.3295,0.00902045,0.00865963,19.3295,463.9088,0.00865963,19.3295,19.3295,24.1619,0.0000,0.0000,463.9088,0.00865963,62.8210,60.1535,420.4173,423.0848,0.00784779,0.00789758,0.00036082,9.3346,8.4088,0.0842,5.5545,0.2517,615.7635,65.9540,8.3255,9.6426,5.1431,5.1891,8.2617,16.7816,25.8881,44.2602,5.1891,0.0,4.9889,8.529385,1.798876,29,193,98,2,0.20855820,0.00902045,0.00297427,0E-8,0.000000,0.900656,0.000000,0.00763944,2026-03-21,2026-08-06,87,1920,882,139,0.625899,0.863400,0.891889,0.695194,,,,,,,,GLOBAL_BASELINE_NO_ENTITY_RANKING,,,NOT_APPLICABLE_GLOBAL_BASELINE,HF9g-P5,,,,X 全窗基线 · 不参与实体赏罚,8397298,840,A168_HF9F_20260827_0900,2026-08-27 09:00:00
2026-07-05,54653530,1205,0,15.4906668732,15.4906668732,15.4906668732,1.0000000,3,3,0.49324550000000000,0.493245500000,1.755609282511032,1.7556092825110319,1.755609282511032,0E-17,ELIGIBLE,R03b_20260811_FULL_v1,L1_ELIGIBILITY,v2026-08-11,2026-03-21..2026-08-06,baccarat_bet02_101_all_pairs_incl_sentinel,round_win = game_pnl > 0 (decisive only),COMPATIBILITY_ONLY_NOT_PRODUCTION,53571.4227,48249.4483,483.2383,5739,5738,-0.00902045,-0.00297427,-0.01061372,-0.00902045,-483.2383,53571.4227,OK,0.0000,19.3295,4.0000,96.0000,AG03-UNRESOLVED,ALL5_LEVELS_bet23_to_bet27,19.3295,19.3295,24.1619,0.0000,0.0000,4.000000,4.000000,5.000000,0.000000,0.000000,96.000000,96.000000,95.000000,100.000000,100.000000,5.0,62.8210,60.1535,420.4173,423.0848,PENDING_AG03,FALSE,NOT_FOR_ENFORCEMENT,463.9088,46319.4703,483.2383,463.9088,19.3295,0.00902045,0.00865963,19.3295,463.9088,0.00865963,19.3295,19.3295,24.1619,0.0000,0.0000,463.9088,0.00865963,62.8210,60.1535,420.4173,423.0848,0.00784779,0.00789758,0.00036082,9.3346,8.4088,0.0842,5.5545,0.2517,615.7635,65.9540,8.3255,9.6426,5.1431,5.1891,8.2617,16.7816,25.8881,44.2602,5.1891,0.0,4.9889,8.529385,1.798876,29,193,98,2,0.20855820,0.00902045,0.00297427,0E-8,0.000000,0.900656,0.000000,0.00763944,2026-03-21,2026-08-06,87,1920,882,139,0.625899,0.863400,0.891889,0.695194,,,,,,,,GLOBAL_BASELINE_NO_ENTITY_RANKING,,,NOT_APPLICABLE_GLOBAL_BASELINE,HF9g-P5,,,,X 全窗基线 · 不参与实体赏罚,8397299,840,A168_HF9F_20260827_0900,2026-08-27 09:00:00
2026-07-05,54653530,1299,0,29.9486226215,2.7754111481,2.7754111481,0.3333333,3,3,0.50665070000000000,0.506650700000,-0.6004420894325239,-0.6004420894325239,-0.6004420894325239,0E-17,ELIGIBLE,R03b_20260811_FULL_v1,L1_ELIGIBILITY,v2026-08-11,2026-03-21..2026-08-06,baccarat_bet02_101_all_pairs_incl_sentinel,round_win = game_pnl > 0 (decisive only),COMPATIBILITY_ONLY_NOT_PRODUCTION,53571.4227,48249.4483,483.2383,5739,5738,-0.00902045,-0.00297427,-0.01061372,-0.00902045,-483.2383,53571.4227,OK,0.0000,19.3295,4.0000,96.0000,AG03-UNRESOLVED,ALL5_LEVELS_bet23_to_bet27,19.3295,19.3295,24.1619,0.0000,0.0000,4.000000,4.000000,5.000000,0.000000,0.000000,96.000000,96.000000,95.000000,100.000000,100.000000,5.0,62.8210,60.1535,420.4173,423.0848,PENDING_AG03,FALSE,NOT_FOR_ENFORCEMENT,463.9088,46319.4703,483.2383,463.9088,19.3295,0.00902045,0.00865963,19.3295,463.9088,0.00865963,19.3295,19.3295,24.1619,0.0000,0.0000,463.9088,0.00865963,62.8210,60.1535,420.4173,423.0848,0.00784779,0.00789758,0.00036082,9.3346,8.4088,0.0842,5.5545,0.2517,615.7635,65.9540,8.3255,9.6426,5.1431,5.1891,8.2617,16.7816,25.8881,44.2602,5.1891,0.0,4.9889,8.529385,1.798876,29,193,98,2,0.20855820,0.00902045,0.00297427,0E-8,0.000000,0.900656,0.000000,0.00763944,2026-03-21,2026-08-06,87,1920,882,139,0.625899,0.863400,0.891889,0.695194,,,,,,,,GLOBAL_BASELINE_NO_ENTITY_RANKING,,,NOT_APPLICABLE_GLOBAL_BASELINE,HF9g-P5,,,,X 全窗基线 · 不参与实体赏罚,8397300,840,A168_HF9F_20260827_0900,2026-08-27 09:00:00
2026-07-05,54653530,1318,0,49.0537784318,18.0724446854,18.0724446854,0.6666667,7,7,0.49324550000000000,0.493245500000,0.8496642703256836,0.8496642703256835,0.8496642703256836,0E-17,ELIGIBLE,R03b_20260811_FULL_v1,L1_ELIGIBILITY,v2026-08-11,2026-03-21..2026-08-06,baccarat_bet02_101_all_pairs_incl_sentinel,round_win = game_pnl > 0 (decisive only),COMPATIBILITY_ONLY_NOT_PRODUCTION,53571.4227,48249.4483,483.2383,5739,5738,-0.00902045,-0.00297427,-0.01061372,-0.00902045,-483.2383,53571.4227,OK,0.0000,19.3295,4.0000,96.0000,AG03-UNRESOLVED,ALL5_LEVELS_bet23_to_bet27,19.3295,19.3295,24.1619,0.0000,0.0000,4.000000,4.000000,5.000000,0.000000,0.000000,96.000000,96.000000,95.000000,100.000000,100.000000,5.0,62.8210,60.1535,420.4173,423.0848,PENDING_AG03,FALSE,NOT_FOR_ENFORCEMENT,463.9088,46319.4703,483.2383,463.9088,19.3295,0.00902045,0.00865963,19.3295,463.9088,0.00865963,19.3295,19.3295,24.1619,0.0000,0.0000,463.9088,0.00865963,62.8210,60.1535,420.4173,423.0848,0.00784779,0.00789758,0.00036082,9.3346,8.4088,0.0842,5.5545,0.2517,615.7635,65.9540,8.3255,9.6426,5.1431,5.1891,8.2617,16.7816,25.8881,44.2602,5.1891,0.0,4.9889,8.529385,1.798876,29,193,98,2,0.20855820,0.00902045,0.00297427,0E-8,0.000000,0.900656,0.000000,0.00763944,2026-03-21,2026-08-06,87,1920,882,139,0.625899,0.863400,0.891889,0.695194,,,,,,,,GLOBAL_BASELINE_NO_ENTITY_RANKING,,,NOT_APPLICABLE_GLOBAL_BASELINE,HF9g-P5,,,,X 全窗基线 · 不参与实体赏罚,8397301,840,A168_HF9F_20260827_0900,2026-08-27 09:00:00
2026-07-05,54653530,1323,0,29.6904448403,3.0335889293,3.0335889293,0.3333333,3,3,0.49771390000000000,0.497713900000,-0.5694369385616226,-0.5694369385616226,-0.5694369385616226,0E-17,ELIGIBLE,R03b_20260811_FULL_v1,L1_ELIGIBILITY,v2026-08-11,2026-03-21..2026-08-06,baccarat_bet02_101_all_pairs_incl_sentinel,round_win = game_pnl > 0 (decisive only),COMPATIBILITY_ONLY_NOT_PRODUCTION,53571.4227,48249.4483,483.2383,5739,5738,-0.00902045,-0.00297427,-0.01061372,-0.00902045,-483.2383,53571.4227,OK,0.0000,19.3295,4.0000,96.0000,AG03-UNRESOLVED,ALL5_LEVELS_bet23_to_bet27,19.3295,19.3295,24.1619,0.0000,0.0000,4.000000,4.000000,5.000000,0.000000,0.000000,96.000000,96.000000,95.000000,100.000000,100.000000,5.0,62.8210,60.1535,420.4173,423.0848,PENDING_AG03,FALSE,NOT_FOR_ENFORCEMENT,463.9088,46319.4703,483.2383,463.9088,19.3295,0.00902045,0.00865963,19.3295,463.9088,0.00865963,19.3295,19.3295,24.1619,0.0000,0.0000,463.9088,0.00865963,62.8210,60.1535,420.4173,423.0848,0.00784779,0.00789758,0.00036082,9.3346,8.4088,0.0842,5.5545,0.2517,615.7635,65.9540,8.3255,9.6426,5.1431,5.1891,8.2617,16.7816,25.8881,44.2602,5.1891,0.0,4.9889,8.529385,1.798876,29,193,98,2,0.20855820,0.00902045,0.00297427,0E-8,0.000000,0.900656,0.000000,0.00763944,2026-03-21,2026-08-06,87,1920,882,139,0.625899,0.863400,0.891889,0.695194,,,,,,,,GLOBAL_BASELINE_NO_ENTITY_RANKING,,,NOT_APPLICABLE_GLOBAL_BASELINE,HF9g-P5,,,,X 全窗基线 · 不参与实体赏罚,8397302,840,A168_HF9F_20260827_0900,2026-08-27 09:00:00
2026-07-05,54653530,1383,0,100.1729791133,20.9124002789,20.9124002789,0.5454545,11,11,0.49690146363636364,0.496901463636,0.3220708940307176,0.3220708940331312,0.3220708940307176,3.6364E-13,ELIGIBLE,R03b_20260811_FULL_v1,L1_ELIGIBILITY,v2026-08-11,2026-03-21..2026-08-06,baccarat_bet02_101_all_pairs_incl_sentinel,round_win = game_pnl > 0 (decisive only),COMPATIBILITY_ONLY_NOT_PRODUCTION,53571.4227,48249.4483,483.2383,5739,5738,-0.00902045,-0.00297427,-0.01061372,-0.00902045,-483.2383,53571.4227,OK,0.0000,19.3295,4.0000,96.0000,AG03-UNRESOLVED,ALL5_LEVELS_bet23_to_bet27,19.3295,19.3295,24.1619,0.0000,0.0000,4.000000,4.000000,5.000000,0.000000,0.000000,96.000000,96.000000,95.000000,100.000000,100.000000,5.0,62.8210,60.1535,420.4173,423.0848,PENDING_AG03,FALSE,NOT_FOR_ENFORCEMENT,463.9088,46319.4703,483.2383,463.9088,19.3295,0.00902045,0.00865963,19.3295,463.9088,0.00865963,19.3295,19.3295,24.1619,0.0000,0.0000,463.9088,0.00865963,62.8210,60.1535,420.4173,423.0848,0.00784779,0.00789758,0.00036082,9.3346,8.4088,0.0842,5.5545,0.2517,615.7635,65.9540,8.3255,9.6426,5.1431,5.1891,8.2617,16.7816,25.8881,44.2602,5.1891,0.0,4.9889,8.529385,1.798876,29,193,98,2,0.20855820,0.00902045,0.00297427,0E-8,0.000000,0.900656,0.000000,0.00763944,2026-03-21,2026-08-06,87,1920,882,139,0.625899,0.863400,0.891889,0.695194,,,,,,,,GLOBAL_BASELINE_NO_ENTITY_RANKING,,,NOT_APPLICABLE_GLOBAL_BASELINE,HF9g-P5,,,,X 全窗基线 · 不参与实体赏罚,8397303,840,A168_HF9F_20260827_0900,2026-08-27 09:00:00
2026-07-05,54653530,1384,0,143.5468463583,15.6843002091,15.6843002091,0.3846154,14,14,0.49516052857142857,0.495160528571,-0.7971897115860224,-0.7971897115829385,-0.7971897115860224,4.2857E-13,ELIGIBLE,R03b_20260811_FULL_v1,L1_ELIGIBILITY,v2026-08-11,2026-03-21..2026-08-06,baccarat_bet02_101_all_pairs_incl_sentinel,round_win = game_pnl > 0 (decisive only),COMPATIBILITY_ONLY_NOT_PRODUCTION,53571.4227,48249.4483,483.2383,5739,5738,-0.00902045,-0.00297427,-0.01061372,-0.00902045,-483.2383,53571.4227,OK,0.0000,19.3295,4.0000,96.0000,AG03-UNRESOLVED,ALL5_LEVELS_bet23_to_bet27,19.3295,19.3295,24.1619,0.0000,0.0000,4.000000,4.000000,5.000000,0.000000,0.000000,96.000000,96.000000,95.000000,100.000000,100.000000,5.0,62.8210,60.1535,420.4173,423.0848,PENDING_AG03,FALSE,NOT_FOR_ENFORCEMENT,463.9088,46319.4703,483.2383,463.9088,19.3295,0.00902045,0.00865963,19.3295,463.9088,0.00865963,19.3295,19.3295,24.1619,0.0000,0.0000,463.9088,0.00865963,62.8210,60.1535,420.4173,423.0848,0.00784779,0.00789758,0.00036082,9.3346,8.4088,0.0842,5.5545,0.2517,615.7635,65.9540,8.3255,9.6426,5.1431,5.1891,8.2617,16.7816,25.8881,44.2602,5.1891,0.0,4.9889,8.529385,1.798876,29,193,98,2,0.20855820,0.00902045,0.00297427,0E-8,0.000000,0.900656,0.000000,0.00763944,2026-03-21,2026-08-06,87,1920,882,139,0.625899,0.863400,0.891889,0.695194,,,,,,,,GLOBAL_BASELINE_NO_ENTITY_RANKING,,,NOT_APPLICABLE_GLOBAL_BASELINE,HF9g-P5,,,,X 全窗基线 · 不参与实体赏罚,8397304,840,A168_HF9F_20260827_0900,2026-08-27 09:00:00
2026-07-05,54653530,1401,0,10.3271112488,5.1635556244,5.1635556244,1.0000000,2,2,0.49324550000000000,0.493245500000,1.01360149184955,1.01360149184955,1.01360149184955,0E-17,ELIGIBLE,R03b_20260811_FULL_v1,L1_ELIGIBILITY,v2026-08-11,2026-03-21..2026-08-06,baccarat_bet02_101_all_pairs_incl_sentinel,round_win = game_pnl > 0 (decisive only),COMPATIBILITY_ONLY_NOT_PRODUCTION,53571.4227,48249.4483,483.2383,5739,5738,-0.00902045,-0.00297427,-0.01061372,-0.00902045,-483.2383,53571.4227,OK,0.0000,19.3295,4.0000,96.0000,AG03-UNRESOLVED,ALL5_LEVELS_bet23_to_bet27,19.3295,19.3295,24.1619,0.0000,0.0000,4.000000,4.000000,5.000000,0.000000,0.000000,96.000000,96.000000,95.000000,100.000000,100.000000,5.0,62.8210,60.1535,420.4173,423.0848,PENDING_AG03,FALSE,NOT_FOR_ENFORCEMENT,463.9088,46319.4703,483.2383,463.9088,19.3295,0.00902045,0.00865963,19.3295,463.9088,0.00865963,19.3295,19.3295,24.1619,0.0000,0.0000,463.9088,0.00865963,62.8210,60.1535,420.4173,423.0848,0.00784779,0.00789758,0.00036082,9.3346,8.4088,0.0842,5.5545,0.2517,615.7635,65.9540,8.3255,9.6426,5.1431,5.1891,8.2617,16.7816,25.8881,44.2602,5.1891,0.0,4.9889,8.529385,1.798876,29,193,98,2,0.20855820,0.00902045,0.00297427,0E-8,0.000000,0.900656,0.000000,0.00763944,2026-03-21,2026-08-06,87,1920,882,139,0.625899,0.863400,0.891889,0.695194,,,,,,,,GLOBAL_BASELINE_NO_ENTITY_RANKING,,,NOT_APPLICABLE_GLOBAL_BASELINE,HF9g-P5,,,,X 全窗基线 · 不参与实体赏罚,8397305,840,A168_HF9F_20260827_0900,2026-08-27 09:00:00
2026-07-05,54653530,1623,0,139.4160018588,1.9363333592,1.9363333592,0.2000000,7,7,0.49707555714285714,0.497075557143,-1.3285850057349882,-1.3285850057356248,-1.3285850057349882,-1.4286E-13,ELIGIBLE,R03b_20260811_FULL_v1,L1_ELIGIBILITY,v2026-08-11,2026-03-21..2026-08-06,baccarat_bet02_101_all_pairs_incl_sentinel,round_win = game_pnl > 0 (decisive only),COMPATIBILITY_ONLY_NOT_PRODUCTION,53571.4227,48249.4483,483.2383,5739,5738,-0.00902045,-0.00297427,-0.01061372,-0.00902045,-483.2383,53571.4227,OK,0.0000,19.3295,4.0000,96.0000,AG03-UNRESOLVED,ALL5_LEVELS_bet23_to_bet27,19.3295,19.3295,24.1619,0.0000,0.0000,4.000000,4.000000,5.000000,0.000000,0.000000,96.000000,96.000000,95.000000,100.000000,100.000000,5.0,62.8210,60.1535,420.4173,423.0848,PENDING_AG03,FALSE,NOT_FOR_ENFORCEMENT,463.9088,46319.4703,483.2383,463.9088,19.3295,0.00902045,0.00865963,19.3295,463.9088,0.00865963,19.3295,19.3295,24.1619,0.0000,0.0000,463.9088,0.00865963,62.8210,60.1535,420.4173,423.0848,0.00784779,0.00789758,0.00036082,9.3346,8.4088,0.0842,5.5545,0.2517,615.7635,65.9540,8.3255,9.6426,5.1431,5.1891,8.2617,16.7816,25.8881,44.2602,5.1891,0.0,4.9889,8.529385,1.798876,29,193,98,2,0.20855820,0.00902045,0.00297427,0E-8,0.000000,0.900656,0.000000,0.00763944,2026-03-21,2026-08-06,87,1920,882,139,0.625899,0.863400,0.891889,0.695194,,,,,,,,GLOBAL_BASELINE_NO_ENTITY_RANKING,,,NOT_APPLICABLE_GLOBAL_BASELINE,HF9g-P5,,,,X 全窗基线 · 不参与实体赏罚,8397306,840,A168_HF9F_20260827_0900,2026-08-27 09:00:00
2026-07-05,54653530,1704,0,21.1705780600,21.1705780600,21.1705780600,1.0000000,2,2,0.49324550000000000,0.493245500000,1.4334489766152358,1.4334489766152358,1.4334489766152358,0E-17,ELIGIBLE,R03b_20260811_FULL_v1,L1_ELIGIBILITY,v2026-08-11,2026-03-21..2026-08-06,baccarat_bet02_101_all_pairs_incl_sentinel,round_win = game_pnl > 0 (decisive only),COMPATIBILITY_ONLY_NOT_PRODUCTION,53571.4227,48249.4483,483.2383,5739,5738,-0.00902045,-0.00297427,-0.01061372,-0.00902045,-483.2383,53571.4227,OK,0.0000,19.3295,4.0000,96.0000,AG03-UNRESOLVED,ALL5_LEVELS_bet23_to_bet27,19.3295,19.3295,24.1619,0.0000,0.0000,4.000000,4.000000,5.000000,0.000000,0.000000,96.000000,96.000000,95.000000,100.000000,100.000000,5.0,62.8210,60.1535,420.4173,423.0848,PENDING_AG03,FALSE,NOT_FOR_ENFORCEMENT,463.9088,46319.4703,483.2383,463.9088,19.3295,0.00902045,0.00865963,19.3295,463.9088,0.00865963,19.3295,19.3295,24.1619,0.0000,0.0000,463.9088,0.00865963,62.8210,60.1535,420.4173,423.0848,0.00784779,0.00789758,0.00036082,9.3346,8.4088,0.0842,5.5545,0.2517,615.7635,65.9540,8.3255,9.6426,5.1431,5.1891,8.2617,16.7816,25.8881,44.2602,5.1891,0.0,4.9889,8.529385,1.798876,29,193,98,2,0.20855820,0.00902045,0.00297427,0E-8,0.000000,0.900656,0.000000,0.00763944,2026-03-21,2026-08-06,87,1920,882,139,0.625899,0.863400,0.891889,0.695194,,,,,,,,GLOBAL_BASELINE_NO_ENTITY_RANKING,,,NOT_APPLICABLE_GLOBAL_BASELINE,HF9g-P5,,,,X 全窗基线 · 不参与实体赏罚,8397307,840,A168_HF9F_20260827_0900,2026-08-27 09:00:00
2026-07-05,54653530,1942,0,13.1670668422,-13.1670668422,-13.1670668422,0E-7,2,2,0.49324550000000000,0.493245500000,-1.3952362676504506,-1.3952362676504506,-1.3952362676504506,0E-17,ELIGIBLE,R03b_20260811_FULL_v1,L1_ELIGIBILITY,v2026-08-11,2026-03-21..2026-08-06,baccarat_bet02_101_all_pairs_incl_sentinel,round_win = game_pnl > 0 (decisive only),COMPATIBILITY_ONLY_NOT_PRODUCTION,53571.4227,48249.4483,483.2383,5739,5738,-0.00902045,-0.00297427,-0.01061372,-0.00902045,-483.2383,53571.4227,OK,0.0000,19.3295,4.0000,96.0000,AG03-UNRESOLVED,ALL5_LEVELS_bet23_to_bet27,19.3295,19.3295,24.1619,0.0000,0.0000,4.000000,4.000000,5.000000,0.000000,0.000000,96.000000,96.000000,95.000000,100.000000,100.000000,5.0,62.8210,60.1535,420.4173,423.0848,PENDING_AG03,FALSE,NOT_FOR_ENFORCEMENT,463.9088,46319.4703,483.2383,463.9088,19.3295,0.00902045,0.00865963,19.3295,463.9088,0.00865963,19.3295,19.3295,24.1619,0.0000,0.0000,463.9088,0.00865963,62.8210,60.1535,420.4173,423.0848,0.00784779,0.00789758,0.00036082,9.3346,8.4088,0.0842,5.5545,0.2517,615.7635,65.9540,8.3255,9.6426,5.1431,5.1891,8.2617,16.7816,25.8881,44.2602,5.1891,0.0,4.9889,8.529385,1.798876,29,193,98,2,0.20855820,0.00902045,0.00297427,0E-8,0.000000,0.900656,0.000000,0.00763944,2026-03-21,2026-08-06,87,1920,882,139,0.625899,0.863400,0.891889,0.695194,,,,,,,,GLOBAL_BASELINE_NO_ENTITY_RANKING,,,NOT_APPLICABLE_GLOBAL_BASELINE,HF9g-P5,,,,X 全窗基线 · 不参与实体赏罚,8397308,840,A168_HF9F_20260827_0900,2026-08-27 09:00:00
2026-07-05,54653530,1985,0,54.7336896186,12.3667157204,12.3667157204,0.5714286,9,9,0.50367176666666667,0.503671766667,0.3585449779089449,0.35854497790718287,0.3585449779089449,-3.3333E-13,ELIGIBLE,R03b_20260811_FULL_v1,L1_ELIGIBILITY,v2026-08-11,2026-03-21..2026-08-06,baccarat_bet02_101_all_pairs_incl_sentinel,round_win = game_pnl > 0 (decisive only),COMPATIBILITY_ONLY_NOT_PRODUCTION,53571.4227,48249.4483,483.2383,5739,5738,-0.00902045,-0.00297427,-0.01061372,-0.00902045,-483.2383,53571.4227,OK,0.0000,19.3295,4.0000,96.0000,AG03-UNRESOLVED,ALL5_LEVELS_bet23_to_bet27,19.3295,19.3295,24.1619,0.0000,0.0000,4.000000,4.000000,5.000000,0.000000,0.000000,96.000000,96.000000,95.000000,100.000000,100.000000,5.0,62.8210,60.1535,420.4173,423.0848,PENDING_AG03,FALSE,NOT_FOR_ENFORCEMENT,463.9088,46319.4703,483.2383,463.9088,19.3295,0.00902045,0.00865963,19.3295,463.9088,0.00865963,19.3295,19.3295,24.1619,0.0000,0.0000,463.9088,0.00865963,62.8210,60.1535,420.4173,423.0848,0.00784779,0.00789758,0.00036082,9.3346,8.4088,0.0842,5.5545,0.2517,615.7635,65.9540,8.3255,9.6426,5.1431,5.1891,8.2617,16.7816,25.8881,44.2602,5.1891,0.0,4.9889,8.529385,1.798876,29,193,98,2,0.20855820,0.00902045,0.00297427,0E-8,0.000000,0.900656,0.000000,0.00763944,2026-03-21,2026-08-06,87,1920,882,139,0.625899,0.863400,0.891889,0.695194,,,,,,,,GLOBAL_BASELINE_NO_ENTITY_RANKING,,,NOT_APPLICABLE_GLOBAL_BASELINE,HF9g-P5,,,,X 全窗基线 · 不参与实体赏罚,8397309,840,A168_HF9F_20260827_0900,2026-08-27 09:00:00
2026-07-05,54653530,1994,0,41.5666227764,15.3486690935,15.3486690935,0.6666667,7,7,0.49707555714285714,0.497075557143,0.8308375778672678,0.8308375778665665,0.8308375778672678,-1.4286E-13,ELIGIBLE,R03b_20260811_FULL_v1,L1_ELIGIBILITY,v2026-08-11,2026-03-21..2026-08-06,baccarat_bet02_101_all_pairs_incl_sentinel,round_win = game_pnl > 0 (decisive only),COMPATIBILITY_ONLY_NOT_PRODUCTION,53571.4227,48249.4483,483.2383,5739,5738,-0.00902045,-0.00297427,-0.01061372,-0.00902045,-483.2383,53571.4227,OK,0.0000,19.3295,4.0000,96.0000,AG03-UNRESOLVED,ALL5_LEVELS_bet23_to_bet27,19.3295,19.3295,24.1619,0.0000,0.0000,4.000000,4.000000,5.000000,0.000000,0.000000,96.000000,96.000000,95.000000,100.000000,100.000000,5.0,62.8210,60.1535,420.4173,423.0848,PENDING_AG03,FALSE,NOT_FOR_ENFORCEMENT,463.9088,46319.4703,483.2383,463.9088,19.3295,0.00902045,0.00865963,19.3295,463.9088,0.00865963,19.3295,19.3295,24.1619,0.0000,0.0000,463.9088,0.00865963,62.8210,60.1535,420.4173,423.0848,0.00784779,0.00789758,0.00036082,9.3346,8.4088,0.0842,5.5545,0.2517,615.7635,65.9540,8.3255,9.6426,5.1431,5.1891,8.2617,16.7816,25.8881,44.2602,5.1891,0.0,4.9889,8.529385,1.798876,29,193,98,2,0.20855820,0.00902045,0.00297427,0E-8,0.000000,0.900656,0.000000,0.00763944,2026-03-21,2026-08-06,87,1920,882,139,0.625899,0.863400,0.891889,0.695194,,,,,,,,GLOBAL_BASELINE_NO_ENTITY_RANKING,,,NOT_APPLICABLE_GLOBAL_BASELINE,HF9g-P5,,,,X 全窗基线 · 不参与实体赏罚,8397310,840,A168_HF9F_20260827_0900,2026-08-27 09:00:00
2026-07-05,54653530,2088,0,89.8458678646,-54.6046007280,-54.6046007280,0.5000000,6,6,0.50441650000000000,0.504416500000,-0.02163718700157003,-0.02163718700157003,-0.02163718700157003,0E-17,ELIGIBLE,R03b_20260811_FULL_v1,L1_ELIGIBILITY,v2026-08-11,2026-03-21..2026-08-06,baccarat_bet02_101_all_pairs_incl_sentinel,round_win = game_pnl > 0 (decisive only),COMPATIBILITY_ONLY_NOT_PRODUCTION,53571.4227,48249.4483,483.2383,5739,5738,-0.00902045,-0.00297427,-0.01061372,-0.00902045,-483.2383,53571.4227,OK,0.0000,19.3295,4.0000,96.0000,AG03-UNRESOLVED,ALL5_LEVELS_bet23_to_bet27,19.3295,19.3295,24.1619,0.0000,0.0000,4.000000,4.000000,5.000000,0.000000,0.000000,96.000000,96.000000,95.000000,100.000000,100.000000,5.0,62.8210,60.1535,420.4173,423.0848,PENDING_AG03,FALSE,NOT_FOR_ENFORCEMENT,463.9088,46319.4703,483.2383,463.9088,19.3295,0.00902045,0.00865963,19.3295,463.9088,0.00865963,19.3295,19.3295,24.1619,0.0000,0.0000,463.9088,0.00865963,62.8210,60.1535,420.4173,423.0848,0.00784779,0.00789758,0.00036082,9.3346,8.4088,0.0842,5.5545,0.2517,615.7635,65.9540,8.3255,9.6426,5.1431,5.1891,8.2617,16.7816,25.8881,44.2602,5.1891,0.0,4.9889,8.529385,1.798876,29,193,98,2,0.20855820,0.00902045,0.00297427,0E-8,0.000000,0.900656,0.000000,0.00763944,2026-03-21,2026-08-06,87,1920,882,139,0.625899,0.863400,0.891889,0.695194,,,,,,,,GLOBAL_BASELINE_NO_ENTITY_RANKING,,,NOT_APPLICABLE_GLOBAL_BASELINE,HF9g-P5,,,,X 全窗基线 · 不参与实体赏罚,8397311,840,A168_HF9F_20260827_0900,2026-08-27 09:00:00
2026-07-05,54653530,2107,0,12.9088890610,2.5817778122,2.5817778122,0.5000000,2,2,0.49324550000000000,0.493245500000,0.01910635448239258,0.01910635448239258,0.01910635448239258,0E-17,ELIGIBLE,R03b_20260811_FULL_v1,L1_ELIGIBILITY,v2026-08-11,2026-03-21..2026-08-06,baccarat_bet02_101_all_pairs_incl_sentinel,round_win = game_pnl > 0 (decisive only),COMPATIBILITY_ONLY_NOT_PRODUCTION,53571.4227,48249.4483,483.2383,5739,5738,-0.00902045,-0.00297427,-0.01061372,-0.00902045,-483.2383,53571.4227,OK,0.0000,19.3295,4.0000,96.0000,AG03-UNRESOLVED,ALL5_LEVELS_bet23_to_bet27,19.3295,19.3295,24.1619,0.0000,0.0000,4.000000,4.000000,5.000000,0.000000,0.000000,96.000000,96.000000,95.000000,100.000000,100.000000,5.0,62.8210,60.1535,420.4173,423.0848,PENDING_AG03,FALSE,NOT_FOR_ENFORCEMENT,463.9088,46319.4703,483.2383,463.9088,19.3295,0.00902045,0.00865963,19.3295,463.9088,0.00865963,19.3295,19.3295,24.1619,0.0000,0.0000,463.9088,0.00865963,62.8210,60.1535,420.4173,423.0848,0.00784779,0.00789758,0.00036082,9.3346,8.4088,0.0842,5.5545,0.2517,615.7635,65.9540,8.3255,9.6426,5.1431,5.1891,8.2617,16.7816,25.8881,44.2602,5.1891,0.0,4.9889,8.529385,1.798876,29,193,98,2,0.20855820,0.00902045,0.00297427,0E-8,0.000000,0.900656,0.000000,0.00763944,2026-03-21,2026-08-06,87,1920,882,139,0.625899,0.863400,0.891889,0.695194,,,,,,,,GLOBAL_BASELINE_NO_ENTITY_RANKING,,,NOT_APPLICABLE_GLOBAL_BASELINE,HF9g-P5,,,,X 全窗基线 · 不参与实体赏罚,8397312,840,A168_HF9F_20260827_0900,2026-08-27 09:00:00
2026-07-05,54653530,2121,0,36.1448893708,10.3271112488,10.3271112488,0.5000000,4,4,0.49659680000000000,0.496596800000,0.013613115331600182,0.013613115331600183,0.013613115331600182,0E-17,ELIGIBLE,R03b_20260811_FULL_v1,L1_ELIGIBILITY,v2026-08-11,2026-03-21..2026-08-06,baccarat_bet02_101_all_pairs_incl_sentinel,round_win = game_pnl > 0 (decisive only),COMPATIBILITY_ONLY_NOT_PRODUCTION,53571.4227,48249.4483,483.2383,5739,5738,-0.00902045,-0.00297427,-0.01061372,-0.00902045,-483.2383,53571.4227,OK,0.0000,19.3295,4.0000,96.0000,AG03-UNRESOLVED,ALL5_LEVELS_bet23_to_bet27,19.3295,19.3295,24.1619,0.0000,0.0000,4.000000,4.000000,5.000000,0.000000,0.000000,96.000000,96.000000,95.000000,100.000000,100.000000,5.0,62.8210,60.1535,420.4173,423.0848,PENDING_AG03,FALSE,NOT_FOR_ENFORCEMENT,463.9088,46319.4703,483.2383,463.9088,19.3295,0.00902045,0.00865963,19.3295,463.9088,0.00865963,19.3295,19.3295,24.1619,0.0000,0.0000,463.9088,0.00865963,62.8210,60.1535,420.4173,423.0848,0.00784779,0.00789758,0.00036082,9.3346,8.4088,0.0842,5.5545,0.2517,615.7635,65.9540,8.3255,9.6426,5.1431,5.1891,8.2617,16.7816,25.8881,44.2602,5.1891,0.0,4.9889,8.529385,1.798876,29,193,98,2,0.20855820,0.00902045,0.00297427,0E-8,0.000000,0.900656,0.000000,0.00763944,2026-03-21,2026-08-06,87,1920,882,139,0.625899,0.863400,0.891889,0.695194,,,,,,,,GLOBAL_BASELINE_NO_ENTITY_RANKING,,,NOT_APPLICABLE_GLOBAL_BASELINE,HF9g-P5,,,,X 全窗基线 · 不参与实体赏罚,8397313,840,A168_HF9F_20260827_0900,2026-08-27 09:00:00
2026-07-05,54653530,2123,0,69.7080009294,-2.5817778122,-2.5817778122,0.2000000,6,6,0.49547970000000000,0.495479700000,-1.3214793953192199,-1.3214793953192199,-1.3214793953192199,0E-17,ELIGIBLE,R03b_20260811_FULL_v1,L1_ELIGIBILITY,v2026-08-11,2026-03-21..2026-08-06,baccarat_bet02_101_all_pairs_incl_sentinel,round_win = game_pnl > 0 (decisive only),COMPATIBILITY_ONLY_NOT_PRODUCTION,53571.4227,48249.4483,483.2383,5739,5738,-0.00902045,-0.00297427,-0.01061372,-0.00902045,-483.2383,53571.4227,OK,0.0000,19.3295,4.0000,96.0000,AG03-UNRESOLVED,ALL5_LEVELS_bet23_to_bet27,19.3295,19.3295,24.1619,0.0000,0.0000,4.000000,4.000000,5.000000,0.000000,0.000000,96.000000,96.000000,95.000000,100.000000,100.000000,5.0,62.8210,60.1535,420.4173,423.0848,PENDING_AG03,FALSE,NOT_FOR_ENFORCEMENT,463.9088,46319.4703,483.2383,463.9088,19.3295,0.00902045,0.00865963,19.3295,463.9088,0.00865963,19.3295,19.3295,24.1619,0.0000,0.0000,463.9088,0.00865963,62.8210,60.1535,420.4173,423.0848,0.00784779,0.00789758,0.00036082,9.3346,8.4088,0.0842,5.5545,0.2517,615.7635,65.9540,8.3255,9.6426,5.1431,5.1891,8.2617,16.7816,25.8881,44.2602,5.1891,0.0,4.9889,8.529385,1.798876,29,193,98,2,0.20855820,0.00902045,0.00297427,0E-8,0.000000,0.900656,0.000000,0.00763944,2026-03-21,2026-08-06,87,1920,882,139,0.625899,0.863400,0.891889,0.695194,,,,,,,,GLOBAL_BASELINE_NO_ENTITY_RANKING,,,NOT_APPLICABLE_GLOBAL_BASELINE,HF9g-P5,,,,X 全窗基线 · 不参与实体赏罚,8397314,840,A168_HF9F_20260827_0900,2026-08-27 09:00:00
2026-07-05,54653530,2153,0,160.0702243564,10.3271112488,10.3271112488,0.2500000,8,8,0.49492115000000000,0.494921150000,-1.385554729997152,-1.385554729997152,-1.385554729997152,0E-17,ELIGIBLE,R03b_20260811_FULL_v1,L1_ELIGIBILITY,v2026-08-11,2026-03-21..2026-08-06,baccarat_bet02_101_all_pairs_incl_sentinel,round_win = game_pnl > 0 (decisive only),COMPATIBILITY_ONLY_NOT_PRODUCTION,53571.4227,48249.4483,483.2383,5739,5738,-0.00902045,-0.00297427,-0.01061372,-0.00902045,-483.2383,53571.4227,OK,0.0000,19.3295,4.0000,96.0000,AG03-UNRESOLVED,ALL5_LEVELS_bet23_to_bet27,19.3295,19.3295,24.1619,0.0000,0.0000,4.000000,4.000000,5.000000,0.000000,0.000000,96.000000,96.000000,95.000000,100.000000,100.000000,5.0,62.8210,60.1535,420.4173,423.0848,PENDING_AG03,FALSE,NOT_FOR_ENFORCEMENT,463.9088,46319.4703,483.2383,463.9088,19.3295,0.00902045,0.00865963,19.3295,463.9088,0.00865963,19.3295,19.3295,24.1619,0.0000,0.0000,463.9088,0.00865963,62.8210,60.1535,420.4173,423.0848,0.00784779,0.00789758,0.00036082,9.3346,8.4088,0.0842,5.5545,0.2517,615.7635,65.9540,8.3255,9.6426,5.1431,5.1891,8.2617,16.7816,25.8881,44.2602,5.1891,0.0,4.9889,8.529385,1.798876,29,193,98,2,0.20855820,0.00902045,0.00297427,0E-8,0.000000,0.900656,0.000000,0.00763944,2026-03-21,2026-08-06,87,1920,882,139,0.625899,0.863400,0.891889,0.695194,,,,,,,,GLOBAL_BASELINE_NO_ENTITY_RANKING,,,NOT_APPLICABLE_GLOBAL_BASELINE,HF9g-P5,,,,X 全窗基线 · 不参与实体赏罚,8397315,840,A168_HF9F_20260827_0900,2026-08-27 09:00:00
2026-07-05,54653530,2155,0,67.1262231172,-67.1262231172,-67.1262231172,0E-7,4,4,0.49659680000000000,0.496596800000,-1.9864332133590707,-1.986433213359071,-1.9864332133590707,0E-17,ELIGIBLE,R03b_20260811_FULL_v1,L1_ELIGIBILITY,v2026-08-11,2026-03-21..2026-08-06,baccarat_bet02_101_all_pairs_incl_sentinel,round_win = game_pnl > 0 (decisive only),COMPATIBILITY_ONLY_NOT_PRODUCTION,53571.4227,48249.4483,483.2383,5739,5738,-0.00902045,-0.00297427,-0.01061372,-0.00902045,-483.2383,53571.4227,OK,0.0000,19.3295,4.0000,96.0000,AG03-UNRESOLVED,ALL5_LEVELS_bet23_to_bet27,19.3295,19.3295,24.1619,0.0000,0.0000,4.000000,4.000000,5.000000,0.000000,0.000000,96.000000,96.000000,95.000000,100.000000,100.000000,5.0,62.8210,60.1535,420.4173,423.0848,PENDING_AG03,FALSE,NOT_FOR_ENFORCEMENT,463.9088,46319.4703,483.2383,463.9088,19.3295,0.00902045,0.00865963,19.3295,463.9088,0.00865963,19.3295,19.3295,24.1619,0.0000,0.0000,463.9088,0.00865963,62.8210,60.1535,420.4173,423.0848,0.00784779,0.00789758,0.00036082,9.3346,8.4088,0.0842,5.5545,0.2517,615.7635,65.9540,8.3255,9.6426,5.1431,5.1891,8.2617,16.7816,25.8881,44.2602,5.1891,0.0,4.9889,8.529385,1.798876,29,193,98,2,0.20855820,0.00902045,0.00297427,0E-8,0.000000,0.900656,0.000000,0.00763944,2026-03-21,2026-08-06,87,1920,882,139,0.625899,0.863400,0.891889,0.695194,,,,,,,,GLOBAL_BASELINE_NO_ENTITY_RANKING,,,NOT_APPLICABLE_GLOBAL_BASELINE,HF9g-P5,,,,X 全窗基线 · 不参与实体赏罚,8397316,840,A168_HF9F_20260827_0900,2026-08-27 09:00:00
2026-07-05,54653530,2160,0,63.5117341801,3.6144889371,3.6144889371,0.2500000,4,4,0.49994810000000000,0.499948100000,-0.9997924053861017,-0.9997924053861017,-0.9997924053861017,0E-17,ELIGIBLE,R03b_20260811_FULL_v1,L1_ELIGIBILITY,v2026-08-11,2026-03-21..2026-08-06,baccarat_bet02_101_all_pairs_incl_sentinel,round_win = game_pnl > 0 (decisive only),COMPATIBILITY_ONLY_NOT_PRODUCTION,53571.4227,48249.4483,483.2383,5739,5738,-0.00902045,-0.00297427,-0.01061372,-0.00902045,-483.2383,53571.4227,OK,0.0000,19.3295,4.0000,96.0000,AG03-UNRESOLVED,ALL5_LEVELS_bet23_to_bet27,19.3295,19.3295,24.1619,0.0000,0.0000,4.000000,4.000000,5.000000,0.000000,0.000000,96.000000,96.000000,95.000000,100.000000,100.000000,5.0,62.8210,60.1535,420.4173,423.0848,PENDING_AG03,FALSE,NOT_FOR_ENFORCEMENT,463.9088,46319.4703,483.2383,463.9088,19.3295,0.00902045,0.00865963,19.3295,463.9088,0.00865963,19.3295,19.3295,24.1619,0.0000,0.0000,463.9088,0.00865963,62.8210,60.1535,420.4173,423.0848,0.00784779,0.00789758,0.00036082,9.3346,8.4088,0.0842,5.5545,0.2517,615.7635,65.9540,8.3255,9.6426,5.1431,5.1891,8.2617,16.7816,25.8881,44.2602,5.1891,0.0,4.9889,8.529385,1.798876,29,193,98,2,0.20855820,0.00902045,0.00297427,0E-8,0.000000,0.900656,0.000000,0.00763944,2026-03-21,2026-08-06,87,1920,882,139,0.625899,0.863400,0.891889,0.695194,,,,,,,,GLOBAL_BASELINE_NO_ENTITY_RANKING,,,NOT_APPLICABLE_GLOBAL_BASELINE,HF9g-P5,,,,X 全窗基线 · 不参与实体赏罚,8397317,840,A168_HF9F_20260827_0900,2026-08-27 09:00:00
2026-07-05,54653530,2171,0,101.4638680194,31.1104226371,31.1104226371,0.6363636,11,11,0.49690146363636364,0.496901463636,0.9251051626741229,0.9251051626765394,0.9251051626741229,3.6364E-13,ELIGIBLE,R03b_20260811_FULL_v1,L1_ELIGIBILITY,v2026-08-11,2026-03-21..2026-08-06,baccarat_bet02_101_all_pairs_incl_sentinel,round_win = game_pnl > 0 (decisive only),COMPATIBILITY_ONLY_NOT_PRODUCTION,53571.4227,48249.4483,483.2383,5739,5738,-0.00902045,-0.00297427,-0.01061372,-0.00902045,-483.2383,53571.4227,OK,0.0000,19.3295,4.0000,96.0000,AG03-UNRESOLVED,ALL5_LEVELS_bet23_to_bet27,19.3295,19.3295,24.1619,0.0000,0.0000,4.000000,4.000000,5.000000,0.000000,0.000000,96.000000,96.000000,95.000000,100.000000,100.000000,5.0,62.8210,60.1535,420.4173,423.0848,PENDING_AG03,FALSE,NOT_FOR_ENFORCEMENT,463.9088,46319.4703,483.2383,463.9088,19.3295,0.00902045,0.00865963,19.3295,463.9088,0.00865963,19.3295,19.3295,24.1619,0.0000,0.0000,463.9088,0.00865963,62.8210,60.1535,420.4173,423.0848,0.00784779,0.00789758,0.00036082,9.3346,8.4088,0.0842,5.5545,0.2517,615.7635,65.9540,8.3255,9.6426,5.1431,5.1891,8.2617,16.7816,25.8881,44.2602,5.1891,0.0,4.9889,8.529385,1.798876,29,193,98,2,0.20855820,0.00902045,0.00297427,0E-8,0.000000,0.900656,0.000000,0.00763944,2026-03-21,2026-08-06,87,1920,882,139,0.625899,0.863400,0.891889,0.695194,,,,,,,,GLOBAL_BASELINE_NO_ENTITY_RANKING,,,NOT_APPLICABLE_GLOBAL_BASELINE,HF9g-P5,,,,X 全窗基线 · 不参与实体赏罚,8397318,840,A168_HF9F_20260827_0900,2026-08-27 09:00:00
2026-07-05,54653530,2196,0,65.0608008674,35.3445382491,35.3445382491,0.8000000,11,11,0.49812011818181818,0.498120118182,1.9092695072510295,1.909269507249877,1.9092695072510295,-1.8182E-13,ELIGIBLE,R03b_20260811_FULL_v1,L1_ELIGIBILITY,v2026-08-11,2026-03-21..2026-08-06,baccarat_bet02_101_all_pairs_incl_sentinel,round_win = game_pnl > 0 (decisive only),COMPATIBILITY_ONLY_NOT_PRODUCTION,53571.4227,48249.4483,483.2383,5739,5738,-0.00902045,-0.00297427,-0.01061372,-0.00902045,-483.2383,53571.4227,OK,0.0000,19.3295,4.0000,96.0000,AG03-UNRESOLVED,ALL5_LEVELS_bet23_to_bet27,19.3295,19.3295,24.1619,0.0000,0.0000,4.000000,4.000000,5.000000,0.000000,0.000000,96.000000,96.000000,95.000000,100.000000,100.000000,5.0,62.8210,60.1535,420.4173,423.0848,PENDING_AG03,FALSE,NOT_FOR_ENFORCEMENT,463.9088,46319.4703,483.2383,463.9088,19.3295,0.00902045,0.00865963,19.3295,463.9088,0.00865963,19.3295,19.3295,24.1619,0.0000,0.0000,463.9088,0.00865963,62.8210,60.1535,420.4173,423.0848,0.00784779,0.00789758,0.00036082,9.3346,8.4088,0.0842,5.5545,0.2517,615.7635,65.9540,8.3255,9.6426,5.1431,5.1891,8.2617,16.7816,25.8881,44.2602,5.1891,0.0,4.9889,8.529385,1.798876,29,193,98,2,0.20855820,0.00902045,0.00297427,0E-8,0.000000,0.900656,0.000000,0.00763944,2026-03-21,2026-08-06,87,1920,882,139,0.625899,0.863400,0.891889,0.695194,,,,,,,,GLOBAL_BASELINE_NO_ENTITY_RANKING,,,NOT_APPLICABLE_GLOBAL_BASELINE,HF9g-P5,,,,X 全窗基线 · 不参与实体赏罚,8397319,840,A168_HF9F_20260827_0900,2026-08-27 09:00:00
2026-07-05,54653530,2235,0,319.8822709315,6.4286267525,6.4286267525,0.4285714,24,24,0.49827245000000000,0.498272450000,-0.6388242264868131,-0.6388242264868131,-0.6388242264868131,0E-17,ELIGIBLE,R03b_20260811_FULL_v1,L1_ELIGIBILITY,v2026-08-11,2026-03-21..2026-08-06,baccarat_bet02_101_all_pairs_incl_sentinel,round_win = game_pnl > 0 (decisive only),COMPATIBILITY_ONLY_NOT_PRODUCTION,53571.4227,48249.4483,483.2383,5739,5738,-0.00902045,-0.00297427,-0.01061372,-0.00902045,-483.2383,53571.4227,OK,0.0000,19.3295,4.0000,96.0000,AG03-UNRESOLVED,ALL5_LEVELS_bet23_to_bet27,19.3295,19.3295,24.1619,0.0000,0.0000,4.000000,4.000000,5.000000,0.000000,0.000000,96.000000,96.000000,95.000000,100.000000,100.000000,5.0,62.8210,60.1535,420.4173,423.0848,PENDING_AG03,FALSE,NOT_FOR_ENFORCEMENT,463.9088,46319.4703,483.2383,463.9088,19.3295,0.00902045,0.00865963,19.3295,463.9088,0.00865963,19.3295,19.3295,24.1619,0.0000,0.0000,463.9088,0.00865963,62.8210,60.1535,420.4173,423.0848,0.00784779,0.00789758,0.00036082,9.3346,8.4088,0.0842,5.5545,0.2517,615.7635,65.9540,8.3255,9.6426,5.1431,5.1891,8.2617,16.7816,25.8881,44.2602,5.1891,0.0,4.9889,8.529385,1.798876,29,193,98,2,0.20855820,0.00902045,0.00297427,0E-8,0.000000,0.900656,0.000000,0.00763944,2026-03-21,2026-08-06,87,1920,882,139,0.625899,0.863400,0.891889,0.695194,,,,,,,,GLOBAL_BASELINE_NO_ENTITY_RANKING,,,NOT_APPLICABLE_GLOBAL_BASELINE,HF9g-P5,,,,X 全窗基线 · 不参与实体赏罚,8397320,840,A168_HF9F_20260827_0900,2026-08-27 09:00:00
2026-07-05,54653530,2246,0,36.1448893708,25.5596003408,25.5596003408,0.8333333,6,6,0.49771390000000000,0.497713900000,1.6442099050618135,1.6442099050618135,1.6442099050618135,0E-17,ELIGIBLE,R03b_20260811_FULL_v1,L1_ELIGIBILITY,v2026-08-11,2026-03-21..2026-08-06,baccarat_bet02_101_all_pairs_incl_sentinel,round_win = game_pnl > 0 (decisive only),COMPATIBILITY_ONLY_NOT_PRODUCTION,53571.4227,48249.4483,483.2383,5739,5738,-0.00902045,-0.00297427,-0.01061372,-0.00902045,-483.2383,53571.4227,OK,0.0000,19.3295,4.0000,96.0000,AG03-UNRESOLVED,ALL5_LEVELS_bet23_to_bet27,19.3295,19.3295,24.1619,0.0000,0.0000,4.000000,4.000000,5.000000,0.000000,0.000000,96.000000,96.000000,95.000000,100.000000,100.000000,5.0,62.8210,60.1535,420.4173,423.0848,PENDING_AG03,FALSE,NOT_FOR_ENFORCEMENT,463.9088,46319.4703,483.2383,463.9088,19.3295,0.00902045,0.00865963,19.3295,463.9088,0.00865963,19.3295,19.3295,24.1619,0.0000,0.0000,463.9088,0.00865963,62.8210,60.1535,420.4173,423.0848,0.00784779,0.00789758,0.00036082,9.3346,8.4088,0.0842,5.5545,0.2517,615.7635,65.9540,8.3255,9.6426,5.1431,5.1891,8.2617,16.7816,25.8881,44.2602,5.1891,0.0,4.9889,8.529385,1.798876,29,193,98,2,0.20855820,0.00902045,0.00297427,0E-8,0.000000,0.900656,0.000000,0.00763944,2026-03-21,2026-08-06,87,1920,882,139,0.625899,0.863400,0.891889,0.695194,,,,,,,,GLOBAL_BASELINE_NO_ENTITY_RANKING,,,NOT_APPLICABLE_GLOBAL_BASELINE,HF9g-P5,,,,X 全窗基线 · 不参与实体赏罚,8397321,840,A168_HF9F_20260827_0900,2026-08-27 09:00:00
2026-07-05,54653530,2258,0,28.3995559342,2.5817778122,2.5817778122,0.3333333,3,3,0.49324550000000000,0.493245500000,-0.5540025479526107,-0.5540025479526106,-0.5540025479526107,0E-17,ELIGIBLE,R03b_20260811_FULL_v1,L1_ELIGIBILITY,v2026-08-11,2026-03-21..2026-08-06,baccarat_bet02_101_all_pairs_incl_sentinel,round_win = game_pnl > 0 (decisive only),COMPATIBILITY_ONLY_NOT_PRODUCTION,53571.4227,48249.4483,483.2383,5739,5738,-0.00902045,-0.00297427,-0.01061372,-0.00902045,-483.2383,53571.4227,OK,0.0000,19.3295,4.0000,96.0000,AG03-UNRESOLVED,ALL5_LEVELS_bet23_to_bet27,19.3295,19.3295,24.1619,0.0000,0.0000,4.000000,4.000000,5.000000,0.000000,0.000000,96.000000,96.000000,95.000000,100.000000,100.000000,5.0,62.8210,60.1535,420.4173,423.0848,PENDING_AG03,FALSE,NOT_FOR_ENFORCEMENT,463.9088,46319.4703,483.2383,463.9088,19.3295,0.00902045,0.00865963,19.3295,463.9088,0.00865963,19.3295,19.3295,24.1619,0.0000,0.0000,463.9088,0.00865963,62.8210,60.1535,420.4173,423.0848,0.00784779,0.00789758,0.00036082,9.3346,8.4088,0.0842,5.5545,0.2517,615.7635,65.9540,8.3255,9.6426,5.1431,5.1891,8.2617,16.7816,25.8881,44.2602,5.1891,0.0,4.9889,8.529385,1.798876,29,193,98,2,0.20855820,0.00902045,0.00297427,0E-8,0.000000,0.900656,0.000000,0.00763944,2026-03-21,2026-08-06,87,1920,882,139,0.625899,0.863400,0.891889,0.695194,,,,,,,,GLOBAL_BASELINE_NO_ENTITY_RANKING,,,NOT_APPLICABLE_GLOBAL_BASELINE,HF9g-P5,,,,X 全窗基线 · 不参与实体赏罚,8397322,840,A168_HF9F_20260827_0900,2026-08-27 09:00:00
2026-07-05,54653530,2274,0,5.1635556244,5.1635556244,5.1635556244,1.0000000,1,1,0.49324550000000000,0.493245500000,1.01360149184955,1.01360149184955,1.01360149184955,0E-17,ELIGIBLE,R03b_20260811_FULL_v1,L1_ELIGIBILITY,v2026-08-11,2026-03-21..2026-08-06,baccarat_bet02_101_all_pairs_incl_sentinel,round_win = game_pnl > 0 (decisive only),COMPATIBILITY_ONLY_NOT_PRODUCTION,53571.4227,48249.4483,483.2383,5739,5738,-0.00902045,-0.00297427,-0.01061372,-0.00902045,-483.2383,53571.4227,OK,0.0000,19.3295,4.0000,96.0000,AG03-UNRESOLVED,ALL5_LEVELS_bet23_to_bet27,19.3295,19.3295,24.1619,0.0000,0.0000,4.000000,4.000000,5.000000,0.000000,0.000000,96.000000,96.000000,95.000000,100.000000,100.000000,5.0,62.8210,60.1535,420.4173,423.0848,PENDING_AG03,FALSE,NOT_FOR_ENFORCEMENT,463.9088,46319.4703,483.2383,463.9088,19.3295,0.00902045,0.00865963,19.3295,463.9088,0.00865963,19.3295,19.3295,24.1619,0.0000,0.0000,463.9088,0.00865963,62.8210,60.1535,420.4173,423.0848,0.00784779,0.00789758,0.00036082,9.3346,8.4088,0.0842,5.5545,0.2517,615.7635,65.9540,8.3255,9.6426,5.1431,5.1891,8.2617,16.7816,25.8881,44.2602,5.1891,0.0,4.9889,8.529385,1.798876,29,193,98,2,0.20855820,0.00902045,0.00297427,0E-8,0.000000,0.900656,0.000000,0.00763944,2026-03-21,2026-08-06,87,1920,882,139,0.625899,0.863400,0.891889,0.695194,,,,,,,,GLOBAL_BASELINE_NO_ENTITY_RANKING,,,NOT_APPLICABLE_GLOBAL_BASELINE,HF9g-P5,,,,X 全窗基线 · 不参与实体赏罚,8397323,840,A168_HF9F_20260827_0900,2026-08-27 09:00:00
2026-07-05,54653530,2281,0,112.0491570495,7.0482534273,7.0482534273,0.2857143,10,10,0.49458602000000000,0.494586020000,-1.1053101274478478,-1.1053101274478478,-1.1053101274478478,0E-17,ELIGIBLE,R03b_20260811_FULL_v1,L1_ELIGIBILITY,v2026-08-11,2026-03-21..2026-08-06,baccarat_bet02_101_all_pairs_incl_sentinel,round_win = game_pnl > 0 (decisive only),COMPATIBILITY_ONLY_NOT_PRODUCTION,53571.4227,48249.4483,483.2383,5739,5738,-0.00902045,-0.00297427,-0.01061372,-0.00902045,-483.2383,53571.4227,OK,0.0000,19.3295,4.0000,96.0000,AG03-UNRESOLVED,ALL5_LEVELS_bet23_to_bet27,19.3295,19.3295,24.1619,0.0000,0.0000,4.000000,4.000000,5.000000,0.000000,0.000000,96.000000,96.000000,95.000000,100.000000,100.000000,5.0,62.8210,60.1535,420.4173,423.0848,PENDING_AG03,FALSE,NOT_FOR_ENFORCEMENT,463.9088,46319.4703,483.2383,463.9088,19.3295,0.00902045,0.00865963,19.3295,463.9088,0.00865963,19.3295,19.3295,24.1619,0.0000,0.0000,463.9088,0.00865963,62.8210,60.1535,420.4173,423.0848,0.00784779,0.00789758,0.00036082,9.3346,8.4088,0.0842,5.5545,0.2517,615.7635,65.9540,8.3255,9.6426,5.1431,5.1891,8.2617,16.7816,25.8881,44.2602,5.1891,0.0,4.9889,8.529385,1.798876,29,193,98,2,0.20855820,0.00902045,0.00297427,0E-8,0.000000,0.900656,0.000000,0.00763944,2026-03-21,2026-08-06,87,1920,882,139,0.625899,0.863400,0.891889,0.695194,,,,,,,,GLOBAL_BASELINE_NO_ENTITY_RANKING,,,NOT_APPLICABLE_GLOBAL_BASELINE,HF9g-P5,,,,X 全窗基线 · 不参与实体赏罚,8397324,840,A168_HF9F_20260827_0900,2026-08-27 09:00:00
2026-07-05,54653530,526,0,12.9088890610,2.5817778122,2.5817778122,0.5000000,2,2,0.49324550000000000,0.493245500000,0.01910635448239258,0.01910635448239258,0.01910635448239258,0E-17,ELIGIBLE,R03b_20260811_FULL_v1,L1_ELIGIBILITY,v2026-08-11,2026-03-21..2026-08-06,baccarat_bet02_101_all_pairs_incl_sentinel,round_win = game_pnl > 0 (decisive only),COMPATIBILITY_ONLY_NOT_PRODUCTION,53571.4227,48249.4483,483.2383,5739,5738,-0.00902045,-0.00297427,-0.01061372,-0.00902045,-483.2383,53571.4227,OK,0.0000,19.3295,4.0000,96.0000,AG03-UNRESOLVED,ALL5_LEVELS_bet23_to_bet27,19.3295,19.3295,24.1619,0.0000,0.0000,4.000000,4.000000,5.000000,0.000000,0.000000,96.000000,96.000000,95.000000,100.000000,100.000000,5.0,62.8210,60.1535,420.4173,423.0848,PENDING_AG03,FALSE,NOT_FOR_ENFORCEMENT,463.9088,46319.4703,483.2383,463.9088,19.3295,0.00902045,0.00865963,19.3295,463.9088,0.00865963,19.3295,19.3295,24.1619,0.0000,0.0000,463.9088,0.00865963,62.8210,60.1535,420.4173,423.0848,0.00784779,0.00789758,0.00036082,9.3346,8.4088,0.0842,5.5545,0.2517,615.7635,65.9540,8.3255,9.6426,5.1431,5.1891,8.2617,16.7816,25.8881,44.2602,5.1891,0.0,4.9889,8.529385,1.798876,29,193,98,2,0.20855820,0.00902045,0.00297427,0E-8,0.000000,0.900656,0.000000,0.00763944,2026-03-21,2026-08-06,87,1920,882,139,0.625899,0.863400,0.891889,0.695194,,,,,,,,GLOBAL_BASELINE_NO_ENTITY_RANKING,,,NOT_APPLICABLE_GLOBAL_BASELINE,HF9g-P5,,,,X 全窗基线 · 不参与实体赏罚,8397325,840,A168_HF9F_20260827_0900,2026-08-27 09:00:00
2026-07-05,54653530,595,0,18.0724446854,7.7453334366,7.7453334366,0.6666667,3,3,0.49324550000000000,0.493245500000,0.6008033672792107,0.6008033672792106,0.6008033672792107,0E-17,ELIGIBLE,R03b_20260811_FULL_v1,L1_ELIGIBILITY,v2026-08-11,2026-03-21..2026-08-06,baccarat_bet02_101_all_pairs_incl_sentinel,round_win = game_pnl > 0 (decisive only),COMPATIBILITY_ONLY_NOT_PRODUCTION,53571.4227,48249.4483,483.2383,5739,5738,-0.00902045,-0.00297427,-0.01061372,-0.00902045,-483.2383,53571.4227,OK,0.0000,19.3295,4.0000,96.0000,AG03-UNRESOLVED,ALL5_LEVELS_bet23_to_bet27,19.3295,19.3295,24.1619,0.0000,0.0000,4.000000,4.000000,5.000000,0.000000,0.000000,96.000000,96.000000,95.000000,100.000000,100.000000,5.0,62.8210,60.1535,420.4173,423.0848,PENDING_AG03,FALSE,NOT_FOR_ENFORCEMENT,463.9088,46319.4703,483.2383,463.9088,19.3295,0.00902045,0.00865963,19.3295,463.9088,0.00865963,19.3295,19.3295,24.1619,0.0000,0.0000,463.9088,0.00865963,62.8210,60.1535,420.4173,423.0848,0.00784779,0.00789758,0.00036082,9.3346,8.4088,0.0842,5.5545,0.2517,615.7635,65.9540,8.3255,9.6426,5.1431,5.1891,8.2617,16.7816,25.8881,44.2602,5.1891,0.0,4.9889,8.529385,1.798876,29,193,98,2,0.20855820,0.00902045,0.00297427,0E-8,0.000000,0.900656,0.000000,0.00763944,2026-03-21,2026-08-06,87,1920,882,139,0.625899,0.863400,0.891889,0.695194,,,,,,,,GLOBAL_BASELINE_NO_ENTITY_RANKING,,,NOT_APPLICABLE_GLOBAL_BASELINE,HF9g-P5,,,,X 全窗基线 · 不参与实体赏罚,8397326,840,A168_HF9F_20260827_0900,2026-08-27 09:00:00
2026-07-05,54653530,789,0,131.4124906410,28.2446492656,28.2446492656,0.5555556,11,11,0.50299473636363636,0.502994736364,0.3153705719700671,0.31537057196788654,0.3153705719700671,-3.6364E-13,ELIGIBLE,R03b_20260811_FULL_v1,L1_ELIGIBILITY,v2026-08-11,2026-03-21..2026-08-06,baccarat_bet02_101_all_pairs_incl_sentinel,round_win = game_pnl > 0 (decisive only),COMPATIBILITY_ONLY_NOT_PRODUCTION,53571.4227,48249.4483,483.2383,5739,5738,-0.00902045,-0.00297427,-0.01061372,-0.00902045,-483.2383,53571.4227,OK,0.0000,19.3295,4.0000,96.0000,AG03-UNRESOLVED,ALL5_LEVELS_bet23_to_bet27,19.3295,19.3295,24.1619,0.0000,0.0000,4.000000,4.000000,5.000000,0.000000,0.000000,96.000000,96.000000,95.000000,100.000000,100.000000,5.0,62.8210,60.1535,420.4173,423.0848,PENDING_AG03,FALSE,NOT_FOR_ENFORCEMENT,463.9088,46319.4703,483.2383,463.9088,19.3295,0.00902045,0.00865963,19.3295,463.9088,0.00865963,19.3295,19.3295,24.1619,0.0000,0.0000,463.9088,0.00865963,62.8210,60.1535,420.4173,423.0848,0.00784779,0.00789758,0.00036082,9.3346,8.4088,0.0842,5.5545,0.2517,615.7635,65.9540,8.3255,9.6426,5.1431,5.1891,8.2617,16.7816,25.8881,44.2602,5.1891,0.0,4.9889,8.529385,1.798876,29,193,98,2,0.20855820,0.00902045,0.00297427,0E-8,0.000000,0.900656,0.000000,0.00763944,2026-03-21,2026-08-06,87,1920,882,139,0.625899,0.863400,0.891889,0.695194,,,,,,,,GLOBAL_BASELINE_NO_ENTITY_RANKING,,,NOT_APPLICABLE_GLOBAL_BASELINE,HF9g-P5,,,,X 全窗基线 · 不参与实体赏罚,8397327,840,A168_HF9F_20260827_0900,2026-08-27 09:00:00
2026-07-05,54653530,970,0,201.8950249141,-93.6023545814,-93.6023545814,0.4000000,17,17,0.49639966470588235,0.496399664706,-0.7467279510167021,-0.7467279510176122,-0.7467279510167021,-1.1765E-13,ELIGIBLE,R03b_20260811_FULL_v1,L1_ELIGIBILITY,v2026-08-11,2026-03-21..2026-08-06,baccarat_bet02_101_all_pairs_incl_sentinel,round_win = game_pnl > 0 (decisive only),COMPATIBILITY_ONLY_NOT_PRODUCTION,53571.4227,48249.4483,483.2383,5739,5738,-0.00902045,-0.00297427,-0.01061372,-0.00902045,-483.2383,53571.4227,OK,0.0000,19.3295,4.0000,96.0000,AG03-UNRESOLVED,ALL5_LEVELS_bet23_to_bet27,19.3295,19.3295,24.1619,0.0000,0.0000,4.000000,4.000000,5.000000,0.000000,0.000000,96.000000,96.000000,95.000000,100.000000,100.000000,5.0,62.8210,60.1535,420.4173,423.0848,PENDING_AG03,FALSE,NOT_FOR_ENFORCEMENT,463.9088,46319.4703,483.2383,463.9088,19.3295,0.00902045,0.00865963,19.3295,463.9088,0.00865963,19.3295,19.3295,24.1619,0.0000,0.0000,463.9088,0.00865963,62.8210,60.1535,420.4173,423.0848,0.00784779,0.00789758,0.00036082,9.3346,8.4088,0.0842,5.5545,0.2517,615.7635,65.9540,8.3255,9.6426,5.1431,5.1891,8.2617,16.7816,25.8881,44.2602,5.1891,0.0,4.9889,8.529385,1.798876,29,193,98,2,0.20855820,0.00902045,0.00297427,0E-8,0.000000,0.900656,0.000000,0.00763944,2026-03-21,2026-08-06,87,1920,882,139,0.625899,0.863400,0.891889,0.695194,,,,,,,,GLOBAL_BASELINE_NO_ENTITY_RANKING,,,NOT_APPLICABLE_GLOBAL_BASELINE,HF9g-P5,,,,X 全窗基线 · 不参与实体赏罚,8397328,840,A168_HF9F_20260827_0900,2026-08-27 09:00:00
2026-07-06,54653530,-1,1,89.0713345209,17.5560891230,17.5560891230,0.5000000,8,8,0.49492115000000000,0.494921150000,0.02873179650040854,0.02873179650040854,0.02873179650040854,0E-17,SENTINEL_DEALER,R03b_20260811_FULL_v1,L1_ELIGIBILITY,v2026-08-11,2026-03-21..2026-08-06,baccarat_bet02_101_all_pairs_incl_sentinel,round_win = game_pnl > 0 (decisive only),COMPATIBILITY_ONLY_NOT_PRODUCTION,53571.4227,48249.4483,483.2383,5739,5738,-0.00902045,-0.00297427,-0.01061372,-0.00902045,-483.2383,53571.4227,OK,0.0000,19.3295,4.0000,96.0000,AG03-UNRESOLVED,ALL5_LEVELS_bet23_to_bet27,19.3295,19.3295,24.1619,0.0000,0.0000,4.000000,4.000000,5.000000,0.000000,0.000000,96.000000,96.000000,95.000000,100.000000,100.000000,5.0,62.8210,60.1535,420.4173,423.0848,PENDING_AG03,FALSE,NOT_FOR_ENFORCEMENT,463.9088,46319.4703,483.2383,463.9088,19.3295,0.00902045,0.00865963,19.3295,463.9088,0.00865963,19.3295,19.3295,24.1619,0.0000,0.0000,463.9088,0.00865963,62.8210,60.1535,420.4173,423.0848,0.00784779,0.00789758,0.00036082,9.3346,8.4088,0.0842,5.5545,0.2517,615.7635,65.9540,8.3255,9.6426,5.1431,5.1891,8.2617,16.7816,25.8881,44.2602,5.1891,0.0,4.9889,8.529385,1.798876,29,193,98,2,0.20855820,0.00902045,0.00297427,0E-8,0.000000,0.900656,0.000000,0.00763944,2026-03-21,2026-08-06,87,1920,882,139,0.625899,0.863400,0.891889,0.695194,,,,,,,,GLOBAL_BASELINE_NO_ENTITY_RANKING,,,NOT_APPLICABLE_GLOBAL_BASELINE,HF9g-P5,,,,X 全窗基线 · 不参与实体赏罚,8397329,840,A168_HF9F_20260827_0900,2026-08-27 09:00:00
2026-07-06,54653530,1330,0,5.1635556244,5.1635556244,5.1635556244,1.0000000,1,1,0.49324550000000000,0.493245500000,1.01360149184955,1.01360149184955,1.01360149184955,0E-17,ELIGIBLE,R03b_20260811_FULL_v1,L1_ELIGIBILITY,v2026-08-11,2026-03-21..2026-08-06,baccarat_bet02_101_all_pairs_incl_sentinel,round_win = game_pnl > 0 (decisive only),COMPATIBILITY_ONLY_NOT_PRODUCTION,53571.4227,48249.4483,483.2383,5739,5738,-0.00902045,-0.00297427,-0.01061372,-0.00902045,-483.2383,53571.4227,OK,0.0000,19.3295,4.0000,96.0000,AG03-UNRESOLVED,ALL5_LEVELS_bet23_to_bet27,19.3295,19.3295,24.1619,0.0000,0.0000,4.000000,4.000000,5.000000,0.000000,0.000000,96.000000,96.000000,95.000000,100.000000,100.000000,5.0,62.8210,60.1535,420.4173,423.0848,PENDING_AG03,FALSE,NOT_FOR_ENFORCEMENT,463.9088,46319.4703,483.2383,463.9088,19.3295,0.00902045,0.00865963,19.3295,463.9088,0.00865963,19.3295,19.3295,24.1619,0.0000,0.0000,463.9088,0.00865963,62.8210,60.1535,420.4173,423.0848,0.00784779,0.00789758,0.00036082,9.3346,8.4088,0.0842,5.5545,0.2517,615.7635,65.9540,8.3255,9.6426,5.1431,5.1891,8.2617,16.7816,25.8881,44.2602,5.1891,0.0,4.9889,8.529385,1.798876,29,193,98,2,0.20855820,0.00902045,0.00297427,0E-8,0.000000,0.900656,0.000000,0.00763944,2026-03-21,2026-08-06,87,1920,882,139,0.625899,0.863400,0.891889,0.695194,,,,,,,,GLOBAL_BASELINE_NO_ENTITY_RANKING,,,NOT_APPLICABLE_GLOBAL_BASELINE,HF9g-P5,,,,X 全窗基线 · 不参与实体赏罚,8397330,840,A168_HF9F_20260827_0900,2026-08-27 09:00:00
2026-07-06,54653530,1401,0,275.4756925618,-175.6254356750,-175.6254356750,0.3076923,14,14,0.49707555714285714,0.497075557143,-1.3656853930983834,-1.3656853930994113,-1.3656853930983834,-1.4286E-13,ELIGIBLE,R03b_20260811_FULL_v1,L1_ELIGIBILITY,v2026-08-11,2026-03-21..2026-08-06,baccarat_bet02_101_all_pairs_incl_sentinel,round_win = game_pnl > 0 (decisive only),COMPATIBILITY_ONLY_NOT_PRODUCTION,53571.4227,48249.4483,483.2383,5739,5738,-0.00902045,-0.00297427,-0.01061372,-0.00902045,-483.2383,53571.4227,OK,0.0000,19.3295,4.0000,96.0000,AG03-UNRESOLVED,ALL5_LEVELS_bet23_to_bet27,19.3295,19.3295,24.1619,0.0000,0.0000,4.000000,4.000000,5.000000,0.000000,0.000000,96.000000,96.000000,95.000000,100.000000,100.000000,5.0,62.8210,60.1535,420.4173,423.0848,PENDING_AG03,FALSE,NOT_FOR_ENFORCEMENT,463.9088,46319.4703,483.2383,463.9088,19.3295,0.00902045,0.00865963,19.3295,463.9088,0.00865963,19.3295,19.3295,24.1619,0.0000,0.0000,463.9088,0.00865963,62.8210,60.1535,420.4173,423.0848,0.00784779,0.00789758,0.00036082,9.3346,8.4088,0.0842,5.5545,0.2517,615.7635,65.9540,8.3255,9.6426,5.1431,5.1891,8.2617,16.7816,25.8881,44.2602,5.1891,0.0,4.9889,8.529385,1.798876,29,193,98,2,0.20855820,0.00902045,0.00297427,0E-8,0.000000,0.900656,0.000000,0.00763944,2026-03-21,2026-08-06,87,1920,882,139,0.625899,0.863400,0.891889,0.695194,,,,,,,,GLOBAL_BASELINE_NO_ENTITY_RANKING,,,NOT_APPLICABLE_GLOBAL_BASELINE,HF9g-P5,,,,X 全窗基线 · 不参与实体赏罚,8397331,840,A168_HF9F_20260827_0900,2026-08-27 09:00:00
2026-07-06,54653530,2177,0,144.3213797020,83.2494255544,83.2494255544,0.6250000,8,8,0.49659680000000000,0.496596800000,0.7263750131803139,0.726375013180314,0.7263750131803139,0E-17,ELIGIBLE,R03b_20260811_FULL_v1,L1_ELIGIBILITY,v2026-08-11,2026-03-21..2026-08-06,baccarat_bet02_101_all_pairs_incl_sentinel,round_win = game_pnl > 0 (decisive only),COMPATIBILITY_ONLY_NOT_PRODUCTION,53571.4227,48249.4483,483.2383,5739,5738,-0.00902045,-0.00297427,-0.01061372,-0.00902045,-483.2383,53571.4227,OK,0.0000,19.3295,4.0000,96.0000,AG03-UNRESOLVED,ALL5_LEVELS_bet23_to_bet27,19.3295,19.3295,24.1619,0.0000,0.0000,4.000000,4.000000,5.000000,0.000000,0.000000,96.000000,96.000000,95.000000,100.000000,100.000000,5.0,62.8210,60.1535,420.4173,423.0848,PENDING_AG03,FALSE,NOT_FOR_ENFORCEMENT,463.9088,46319.4703,483.2383,463.9088,19.3295,0.00902045,0.00865963,19.3295,463.9088,0.00865963,19.3295,19.3295,24.1619,0.0000,0.0000,463.9088,0.00865963,62.8210,60.1535,420.4173,423.0848,0.00784779,0.00789758,0.00036082,9.3346,8.4088,0.0842,5.5545,0.2517,615.7635,65.9540,8.3255,9.6426,5.1431,5.1891,8.2617,16.7816,25.8881,44.2602,5.1891,0.0,4.9889,8.529385,1.798876,29,193,98,2,0.20855820,0.00902045,0.00297427,0E-8,0.000000,0.900656,0.000000,0.00763944,2026-03-21,2026-08-06,87,1920,882,139,0.625899,0.863400,0.891889,0.695194,,,,,,,,GLOBAL_BASELINE_NO_ENTITY_RANKING,,,NOT_APPLICABLE_GLOBAL_BASELINE,HF9g-P5,,,,X 全窗基线 · 不参与实体赏罚,8397332,840,A168_HF9F_20260827_0900,2026-08-27 09:00:00
2026-07-06,54653530,970,0,47.7628895257,-37.4357782769,-37.4357782769,0.1666667,6,6,0.49547970000000000,0.495479700000,-1.6109141382103604,-1.6109141382103604,-1.6109141382103604,0E-17,ELIGIBLE,R03b_20260811_FULL_v1,L1_ELIGIBILITY,v2026-08-11,2026-03-21..2026-08-06,baccarat_bet02_101_all_pairs_incl_sentinel,round_win = game_pnl > 0 (decisive only),COMPATIBILITY_ONLY_NOT_PRODUCTION,53571.4227,48249.4483,483.2383,5739,5738,-0.00902045,-0.00297427,-0.01061372,-0.00902045,-483.2383,53571.4227,OK,0.0000,19.3295,4.0000,96.0000,AG03-UNRESOLVED,ALL5_LEVELS_bet23_to_bet27,19.3295,19.3295,24.1619,0.0000,0.0000,4.000000,4.000000,5.000000,0.000000,0.000000,96.000000,96.000000,95.000000,100.000000,100.000000,5.0,62.8210,60.1535,420.4173,423.0848,PENDING_AG03,FALSE,NOT_FOR_ENFORCEMENT,463.9088,46319.4703,483.2383,463.9088,19.3295,0.00902045,0.00865963,19.3295,463.9088,0.00865963,19.3295,19.3295,24.1619,0.0000,0.0000,463.9088,0.00865963,62.8210,60.1535,420.4173,423.0848,0.00784779,0.00789758,0.00036082,9.3346,8.4088,0.0842,5.5545,0.2517,615.7635,65.9540,8.3255,9.6426,5.1431,5.1891,8.2617,16.7816,25.8881,44.2602,5.1891,0.0,4.9889,8.529385,1.798876,29,193,98,2,0.20855820,0.00902045,0.00297427,0E-8,0.000000,0.900656,0.000000,0.00763944,2026-03-21,2026-08-06,87,1920,882,139,0.625899,0.863400,0.891889,0.695194,,,,,,,,GLOBAL_BASELINE_NO_ENTITY_RANKING,,,NOT_APPLICABLE_GLOBAL_BASELINE,HF9g-P5,,,,X 全窗基线 · 不参与实体赏罚,8397333,840,A168_HF9F_20260827_0900,2026-08-27 09:00:00
2026-07-12,54653530,-1,1,79.0024010533,35.6930782537,35.6930782537,0.7272727,12,12,0.49883100000000000,0.498831000000,1.5153151331954562,1.5153151331954562,1.5153151331954562,0E-17,SENTINEL_DEALER,R03b_20260811_FULL_v1,L1_ELIGIBILITY,v2026-08-11,2026-03-21..2026-08-06,baccarat_bet02_101_all_pairs_incl_sentinel,round_win = game_pnl > 0 (decisive only),COMPATIBILITY_ONLY_NOT_PRODUCTION,53571.4227,48249.4483,483.2383,5739,5738,-0.00902045,-0.00297427,-0.01061372,-0.00902045,-483.2383,53571.4227,OK,0.0000,19.3295,4.0000,96.0000,AG03-UNRESOLVED,ALL5_LEVELS_bet23_to_bet27,19.3295,19.3295,24.1619,0.0000,0.0000,4.000000,4.000000,5.000000,0.000000,0.000000,96.000000,96.000000,95.000000,100.000000,100.000000,5.0,62.8210,60.1535,420.4173,423.0848,PENDING_AG03,FALSE,NOT_FOR_ENFORCEMENT,463.9088,46319.4703,483.2383,463.9088,19.3295,0.00902045,0.00865963,19.3295,463.9088,0.00865963,19.3295,19.3295,24.1619,0.0000,0.0000,463.9088,0.00865963,62.8210,60.1535,420.4173,423.0848,0.00784779,0.00789758,0.00036082,9.3346,8.4088,0.0842,5.5545,0.2517,615.7635,65.9540,8.3255,9.6426,5.1431,5.1891,8.2617,16.7816,25.8881,44.2602,5.1891,0.0,4.9889,8.529385,1.798876,29,193,98,2,0.20855820,0.00902045,0.00297427,0E-8,0.000000,0.900656,0.000000,0.00763944,2026-03-21,2026-08-06,87,1920,882,139,0.625899,0.863400,0.891889,0.695194,,,,,,,,GLOBAL_BASELINE_NO_ENTITY_RANKING,,,NOT_APPLICABLE_GLOBAL_BASELINE,HF9g-P5,,,,X 全窗基线 · 不参与实体赏罚,8397334,840,A168_HF9F_20260827_0900,2026-08-27 09:00:00
2026-07-12,54653530,1507,0,20.6542224976,2.1945111404,2.1945111404,0.5000000,3,3,0.49771390000000000,0.497713900000,0.006466134837551399,0.0064661348375514,0.006466134837551399,0E-17,ELIGIBLE,R03b_20260811_FULL_v1,L1_ELIGIBILITY,v2026-08-11,2026-03-21..2026-08-06,baccarat_bet02_101_all_pairs_incl_sentinel,round_win = game_pnl > 0 (decisive only),COMPATIBILITY_ONLY_NOT_PRODUCTION,53571.4227,48249.4483,483.2383,5739,5738,-0.00902045,-0.00297427,-0.01061372,-0.00902045,-483.2383,53571.4227,OK,0.0000,19.3295,4.0000,96.0000,AG03-UNRESOLVED,ALL5_LEVELS_bet23_to_bet27,19.3295,19.3295,24.1619,0.0000,0.0000,4.000000,4.000000,5.000000,0.000000,0.000000,96.000000,96.000000,95.000000,100.000000,100.000000,5.0,62.8210,60.1535,420.4173,423.0848,PENDING_AG03,FALSE,NOT_FOR_ENFORCEMENT,463.9088,46319.4703,483.2383,463.9088,19.3295,0.00902045,0.00865963,19.3295,463.9088,0.00865963,19.3295,19.3295,24.1619,0.0000,0.0000,463.9088,0.00865963,62.8210,60.1535,420.4173,423.0848,0.00784779,0.00789758,0.00036082,9.3346,8.4088,0.0842,5.5545,0.2517,615.7635,65.9540,8.3255,9.6426,5.1431,5.1891,8.2617,16.7816,25.8881,44.2602,5.1891,0.0,4.9889,8.529385,1.798876,29,193,98,2,0.20855820,0.00902045,0.00297427,0E-8,0.000000,0.900656,0.000000,0.00763944,2026-03-21,2026-08-06,87,1920,882,139,0.625899,0.863400,0.891889,0.695194,,,,,,,,GLOBAL_BASELINE_NO_ENTITY_RANKING,,,NOT_APPLICABLE_GLOBAL_BASELINE,HF9g-P5,,,,X 全窗基线 · 不参与实体赏罚,8397335,840,A168_HF9F_20260827_0900,2026-08-27 09:00:00
2026-07-12,54653530,1704,0,5.1635556244,5.1635556244,5.1635556244,1.0000000,1,1,0.49324550000000000,0.493245500000,1.01360149184955,1.01360149184955,1.01360149184955,0E-17,ELIGIBLE,R03b_20260811_FULL_v1,L1_ELIGIBILITY,v2026-08-11,2026-03-21..2026-08-06,baccarat_bet02_101_all_pairs_incl_sentinel,round_win = game_pnl > 0 (decisive only),COMPATIBILITY_ONLY_NOT_PRODUCTION,53571.4227,48249.4483,483.2383,5739,5738,-0.00902045,-0.00297427,-0.01061372,-0.00902045,-483.2383,53571.4227,OK,0.0000,19.3295,4.0000,96.0000,AG03-UNRESOLVED,ALL5_LEVELS_bet23_to_bet27,19.3295,19.3295,24.1619,0.0000,0.0000,4.000000,4.000000,5.000000,0.000000,0.000000,96.000000,96.000000,95.000000,100.000000,100.000000,5.0,62.8210,60.1535,420.4173,423.0848,PENDING_AG03,FALSE,NOT_FOR_ENFORCEMENT,463.9088,46319.4703,483.2383,463.9088,19.3295,0.00902045,0.00865963,19.3295,463.9088,0.00865963,19.3295,19.3295,24.1619,0.0000,0.0000,463.9088,0.00865963,62.8210,60.1535,420.4173,423.0848,0.00784779,0.00789758,0.00036082,9.3346,8.4088,0.0842,5.5545,0.2517,615.7635,65.9540,8.3255,9.6426,5.1431,5.1891,8.2617,16.7816,25.8881,44.2602,5.1891,0.0,4.9889,8.529385,1.798876,29,193,98,2,0.20855820,0.00902045,0.00297427,0E-8,0.000000,0.900656,0.000000,0.00763944,2026-03-21,2026-08-06,87,1920,882,139,0.625899,0.863400,0.891889,0.695194,,,,,,,,GLOBAL_BASELINE_NO_ENTITY_RANKING,,,NOT_APPLICABLE_GLOBAL_BASELINE,HF9g-P5,,,,X 全窗基线 · 不参与实体赏罚,8397336,840,A168_HF9F_20260827_0900,2026-08-27 09:00:00
2026-07-12,54653530,2169,0,5.1635556244,5.1635556244,5.1635556244,1.0000000,1,1,0.49324550000000000,0.493245500000,1.01360149184955,1.01360149184955,1.01360149184955,0E-17,ELIGIBLE,R03b_20260811_FULL_v1,L1_ELIGIBILITY,v2026-08-11,2026-03-21..2026-08-06,baccarat_bet02_101_all_pairs_incl_sentinel,round_win = game_pnl > 0 (decisive only),COMPATIBILITY_ONLY_NOT_PRODUCTION,53571.4227,48249.4483,483.2383,5739,5738,-0.00902045,-0.00297427,-0.01061372,-0.00902045,-483.2383,53571.4227,OK,0.0000,19.3295,4.0000,96.0000,AG03-UNRESOLVED,ALL5_LEVELS_bet23_to_bet27,19.3295,19.3295,24.1619,0.0000,0.0000,4.000000,4.000000,5.000000,0.000000,0.000000,96.000000,96.000000,95.000000,100.000000,100.000000,5.0,62.8210,60.1535,420.4173,423.0848,PENDING_AG03,FALSE,NOT_FOR_ENFORCEMENT,463.9088,46319.4703,483.2383,463.9088,19.3295,0.00902045,0.00865963,19.3295,463.9088,0.00865963,19.3295,19.3295,24.1619,0.0000,0.0000,463.9088,0.00865963,62.8210,60.1535,420.4173,423.0848,0.00784779,0.00789758,0.00036082,9.3346,8.4088,0.0842,5.5545,0.2517,615.7635,65.9540,8.3255,9.6426,5.1431,5.1891,8.2617,16.7816,25.8881,44.2602,5.1891,0.0,4.9889,8.529385,1.798876,29,193,98,2,0.20855820,0.00902045,0.00297427,0E-8,0.000000,0.900656,0.000000,0.00763944,2026-03-21,2026-08-06,87,1920,882,139,0.625899,0.863400,0.891889,0.695194,,,,,,,,GLOBAL_BASELINE_NO_ENTITY_RANKING,,,NOT_APPLICABLE_GLOBAL_BASELINE,HF9g-P5,,,,X 全窗基线 · 不参与实体赏罚,8397337,840,A168_HF9F_20260827_0900,2026-08-27 09:00:00
2026-07-12,54653530,2252,0,86.7477344900,-58.8645341182,-58.8645341182,0E-7,8,8,0.50329940000000000,0.503299400000,-2.4657071198567158,-2.4657071198567158,-2.4657071198567158,0E-17,ELIGIBLE,R03b_20260811_FULL_v1,L1_ELIGIBILITY,v2026-08-11,2026-03-21..2026-08-06,baccarat_bet02_101_all_pairs_incl_sentinel,round_win = game_pnl > 0 (decisive only),COMPATIBILITY_ONLY_NOT_PRODUCTION,53571.4227,48249.4483,483.2383,5739,5738,-0.00902045,-0.00297427,-0.01061372,-0.00902045,-483.2383,53571.4227,OK,0.0000,19.3295,4.0000,96.0000,AG03-UNRESOLVED,ALL5_LEVELS_bet23_to_bet27,19.3295,19.3295,24.1619,0.0000,0.0000,4.000000,4.000000,5.000000,0.000000,0.000000,96.000000,96.000000,95.000000,100.000000,100.000000,5.0,62.8210,60.1535,420.4173,423.0848,PENDING_AG03,FALSE,NOT_FOR_ENFORCEMENT,463.9088,46319.4703,483.2383,463.9088,19.3295,0.00902045,0.00865963,19.3295,463.9088,0.00865963,19.3295,19.3295,24.1619,0.0000,0.0000,463.9088,0.00865963,62.8210,60.1535,420.4173,423.0848,0.00784779,0.00789758,0.00036082,9.3346,8.4088,0.0842,5.5545,0.2517,615.7635,65.9540,8.3255,9.6426,5.1431,5.1891,8.2617,16.7816,25.8881,44.2602,5.1891,0.0,4.9889,8.529385,1.798876,29,193,98,2,0.20855820,0.00902045,0.00297427,0E-8,0.000000,0.900656,0.000000,0.00763944,2026-03-21,2026-08-06,87,1920,882,139,0.625899,0.863400,0.891889,0.695194,,,,,,,,GLOBAL_BASELINE_NO_ENTITY_RANKING,,,NOT_APPLICABLE_GLOBAL_BASELINE,HF9g-P5,,,,X 全窗基线 · 不参与实体赏罚,8397338,840,A168_HF9F_20260827_0900,2026-08-27 09:00:00
2026-07-13,54653530,-1,1,74.0970232101,29.7420803966,29.7420803966,0.7000000,11,11,0.50665070000000000,0.506650700000,1.2229565359475965,1.2229565359475965,1.2229565359475965,0E-17,SENTINEL_DEALER,R03b_20260811_FULL_v1,L1_ELIGIBILITY,v2026-08-11,2026-03-21..2026-08-06,baccarat_bet02_101_all_pairs_incl_sentinel,round_win = game_pnl > 0 (decisive only),COMPATIBILITY_ONLY_NOT_PRODUCTION,53571.4227,48249.4483,483.2383,5739,5738,-0.00902045,-0.00297427,-0.01061372,-0.00902045,-483.2383,53571.4227,OK,0.0000,19.3295,4.0000,96.0000,AG03-UNRESOLVED,ALL5_LEVELS_bet23_to_bet27,19.3295,19.3295,24.1619,0.0000,0.0000,4.000000,4.000000,5.000000,0.000000,0.000000,96.000000,96.000000,95.000000,100.000000,100.000000,5.0,62.8210,60.1535,420.4173,423.0848,PENDING_AG03,FALSE,NOT_FOR_ENFORCEMENT,463.9088,46319.4703,483.2383,463.9088,19.3295,0.00902045,0.00865963,19.3295,463.9088,0.00865963,19.3295,19.3295,24.1619,0.0000,0.0000,463.9088,0.00865963,62.8210,60.1535,420.4173,423.0848,0.00784779,0.00789758,0.00036082,9.3346,8.4088,0.0842,5.5545,0.2517,615.7635,65.9540,8.3255,9.6426,5.1431,5.1891,8.2617,16.7816,25.8881,44.2602,5.1891,0.0,4.9889,8.529385,1.798876,29,193,98,2,0.20855820,0.00902045,0.00297427,0E-8,0.000000,0.900656,0.000000,0.00763944,2026-03-21,2026-08-06,87,1920,882,139,0.625899,0.863400,0.891889,0.695194,,,,,,,,GLOBAL_BASELINE_NO_ENTITY_RANKING,,,NOT_APPLICABLE_GLOBAL_BASELINE,HF9g-P5,,,,X 全窗基线 · 不参与实体赏罚,8397339,840,A168_HF9F_20260827_0900,2026-08-27 09:00:00
2026-07-13,54653530,1017,0,55.5082229623,-21.9451114037,-21.9451114037,0.3333333,7,7,0.49324550000000000,0.493245500000,-0.783477916903833,-0.7834779169038328,-0.783477916903833,0E-17,ELIGIBLE,R03b_20260811_FULL_v1,L1_ELIGIBILITY,v2026-08-11,2026-03-21..2026-08-06,baccarat_bet02_101_all_pairs_incl_sentinel,round_win = game_pnl > 0 (decisive only),COMPATIBILITY_ONLY_NOT_PRODUCTION,53571.4227,48249.4483,483.2383,5739,5738,-0.00902045,-0.00297427,-0.01061372,-0.00902045,-483.2383,53571.4227,OK,0.0000,19.3295,4.0000,96.0000,AG03-UNRESOLVED,ALL5_LEVELS_bet23_to_bet27,19.3295,19.3295,24.1619,0.0000,0.0000,4.000000,4.000000,5.000000,0.000000,0.000000,96.000000,96.000000,95.000000,100.000000,100.000000,5.0,62.8210,60.1535,420.4173,423.0848,PENDING_AG03,FALSE,NOT_FOR_ENFORCEMENT,463.9088,46319.4703,483.2383,463.9088,19.3295,0.00902045,0.00865963,19.3295,463.9088,0.00865963,19.3295,19.3295,24.1619,0.0000,0.0000,463.9088,0.00865963,62.8210,60.1535,420.4173,423.0848,0.00784779,0.00789758,0.00036082,9.3346,8.4088,0.0842,5.5545,0.2517,615.7635,65.9540,8.3255,9.6426,5.1431,5.1891,8.2617,16.7816,25.8881,44.2602,5.1891,0.0,4.9889,8.529385,1.798876,29,193,98,2,0.20855820,0.00902045,0.00297427,0E-8,0.000000,0.900656,0.000000,0.00763944,2026-03-21,2026-08-06,87,1920,882,139,0.625899,0.863400,0.891889,0.695194,,,,,,,,GLOBAL_BASELINE_NO_ENTITY_RANKING,,,NOT_APPLICABLE_GLOBAL_BASELINE,HF9g-P5,,,,X 全窗基线 · 不参与实体赏罚,8397340,840,A168_HF9F_20260827_0900,2026-08-27 09:00:00
2026-07-13,54653530,1109,0,42.0829783389,9.7720290192,9.7720290192,0.5000000,4,4,0.50665070000000000,0.506650700000,-0.02660515369234503,-0.02660515369234503,-0.02660515369234503,0E-17,ELIGIBLE,R03b_20260811_FULL_v1,L1_ELIGIBILITY,v2026-08-11,2026-03-21..2026-08-06,baccarat_bet02_101_all_pairs_incl_sentinel,round_win = game_pnl > 0 (decisive only),COMPATIBILITY_ONLY_NOT_PRODUCTION,53571.4227,48249.4483,483.2383,5739,5738,-0.00902045,-0.00297427,-0.01061372,-0.00902045,-483.2383,53571.4227,OK,0.0000,19.3295,4.0000,96.0000,AG03-UNRESOLVED,ALL5_LEVELS_bet23_to_bet27,19.3295,19.3295,24.1619,0.0000,0.0000,4.000000,4.000000,5.000000,0.000000,0.000000,96.000000,96.000000,95.000000,100.000000,100.000000,5.0,62.8210,60.1535,420.4173,423.0848,PENDING_AG03,FALSE,NOT_FOR_ENFORCEMENT,463.9088,46319.4703,483.2383,463.9088,19.3295,0.00902045,0.00865963,19.3295,463.9088,0.00865963,19.3295,19.3295,24.1619,0.0000,0.0000,463.9088,0.00865963,62.8210,60.1535,420.4173,423.0848,0.00784779,0.00789758,0.00036082,9.3346,8.4088,0.0842,5.5545,0.2517,615.7635,65.9540,8.3255,9.6426,5.1431,5.1891,8.2617,16.7816,25.8881,44.2602,5.1891,0.0,4.9889,8.529385,1.798876,29,193,98,2,0.20855820,0.00902045,0.00297427,0E-8,0.000000,0.900656,0.000000,0.00763944,2026-03-21,2026-08-06,87,1920,882,139,0.625899,0.863400,0.891889,0.695194,,,,,,,,GLOBAL_BASELINE_NO_ENTITY_RANKING,,,NOT_APPLICABLE_GLOBAL_BASELINE,HF9g-P5,,,,X 全窗基线 · 不参与实体赏罚,8397341,840,A168_HF9F_20260827_0900,2026-08-27 09:00:00
2026-07-13,54653530,1151,0,13.4252446234,2.6850489247,2.6850489247,0.5000000,2,2,0.50665070000000000,0.506650700000,-0.018812684590367487,-0.018812684590367487,-0.018812684590367487,0E-17,ELIGIBLE,R03b_20260811_FULL_v1,L1_ELIGIBILITY,v2026-08-11,2026-03-21..2026-08-06,baccarat_bet02_101_all_pairs_incl_sentinel,round_win = game_pnl > 0 (decisive only),COMPATIBILITY_ONLY_NOT_PRODUCTION,53571.4227,48249.4483,483.2383,5739,5738,-0.00902045,-0.00297427,-0.01061372,-0.00902045,-483.2383,53571.4227,OK,0.0000,19.3295,4.0000,96.0000,AG03-UNRESOLVED,ALL5_LEVELS_bet23_to_bet27,19.3295,19.3295,24.1619,0.0000,0.0000,4.000000,4.000000,5.000000,0.000000,0.000000,96.000000,96.000000,95.000000,100.000000,100.000000,5.0,62.8210,60.1535,420.4173,423.0848,PENDING_AG03,FALSE,NOT_FOR_ENFORCEMENT,463.9088,46319.4703,483.2383,463.9088,19.3295,0.00902045,0.00865963,19.3295,463.9088,0.00865963,19.3295,19.3295,24.1619,0.0000,0.0000,463.9088,0.00865963,62.8210,60.1535,420.4173,423.0848,0.00784779,0.00789758,0.00036082,9.3346,8.4088,0.0842,5.5545,0.2517,615.7635,65.9540,8.3255,9.6426,5.1431,5.1891,8.2617,16.7816,25.8881,44.2602,5.1891,0.0,4.9889,8.529385,1.798876,29,193,98,2,0.20855820,0.00902045,0.00297427,0E-8,0.000000,0.900656,0.000000,0.00763944,2026-03-21,2026-08-06,87,1920,882,139,0.625899,0.863400,0.891889,0.695194,,,,,,,,GLOBAL_BASELINE_NO_ENTITY_RANKING,,,NOT_APPLICABLE_GLOBAL_BASELINE,HF9g-P5,,,,X 全窗基线 · 不参与实体赏罚,8397342,840,A168_HF9F_20260827_0900,2026-08-27 09:00:00
2026-07-13,54653530,1299,0,13.1670668422,2.4397800325,2.4397800325,0.5000000,2,2,0.50665070000000000,0.506650700000,-0.018812684590367487,-0.018812684590367487,-0.018812684590367487,0E-17,ELIGIBLE,R03b_20260811_FULL_v1,L1_ELIGIBILITY,v2026-08-11,2026-03-21..2026-08-06,baccarat_bet02_101_all_pairs_incl_sentinel,round_win = game_pnl > 0 (decisive only),COMPATIBILITY_ONLY_NOT_PRODUCTION,53571.4227,48249.4483,483.2383,5739,5738,-0.00902045,-0.00297427,-0.01061372,-0.00902045,-483.2383,53571.4227,OK,0.0000,19.3295,4.0000,96.0000,AG03-UNRESOLVED,ALL5_LEVELS_bet23_to_bet27,19.3295,19.3295,24.1619,0.0000,0.0000,4.000000,4.000000,5.000000,0.000000,0.000000,96.000000,96.000000,95.000000,100.000000,100.000000,5.0,62.8210,60.1535,420.4173,423.0848,PENDING_AG03,FALSE,NOT_FOR_ENFORCEMENT,463.9088,46319.4703,483.2383,463.9088,19.3295,0.00902045,0.00865963,19.3295,463.9088,0.00865963,19.3295,19.3295,24.1619,0.0000,0.0000,463.9088,0.00865963,62.8210,60.1535,420.4173,423.0848,0.00784779,0.00789758,0.00036082,9.3346,8.4088,0.0842,5.5545,0.2517,615.7635,65.9540,8.3255,9.6426,5.1431,5.1891,8.2617,16.7816,25.8881,44.2602,5.1891,0.0,4.9889,8.529385,1.798876,29,193,98,2,0.20855820,0.00902045,0.00297427,0E-8,0.000000,0.900656,0.000000,0.00763944,2026-03-21,2026-08-06,87,1920,882,139,0.625899,0.863400,0.891889,0.695194,,,,,,,,GLOBAL_BASELINE_NO_ENTITY_RANKING,,,NOT_APPLICABLE_GLOBAL_BASELINE,HF9g-P5,,,,X 全窗基线 · 不参与实体赏罚,8397343,840,A168_HF9F_20260827_0900,2026-08-27 09:00:00
2026-07-13,54653530,1330,0,60.1554230242,-3.5112178245,-3.5112178245,0.6250000,8,8,0.50162375000000000,0.501623750000,0.6979251443573454,0.6979251443573454,0.6979251443573454,0E-17,ELIGIBLE,R03b_20260811_FULL_v1,L1_ELIGIBILITY,v2026-08-11,2026-03-21..2026-08-06,baccarat_bet02_101_all_pairs_incl_sentinel,round_win = game_pnl > 0 (decisive only),COMPATIBILITY_ONLY_NOT_PRODUCTION,53571.4227,48249.4483,483.2383,5739,5738,-0.00902045,-0.00297427,-0.01061372,-0.00902045,-483.2383,53571.4227,OK,0.0000,19.3295,4.0000,96.0000,AG03-UNRESOLVED,ALL5_LEVELS_bet23_to_bet27,19.3295,19.3295,24.1619,0.0000,0.0000,4.000000,4.000000,5.000000,0.000000,0.000000,96.000000,96.000000,95.000000,100.000000,100.000000,5.0,62.8210,60.1535,420.4173,423.0848,PENDING_AG03,FALSE,NOT_FOR_ENFORCEMENT,463.9088,46319.4703,483.2383,463.9088,19.3295,0.00902045,0.00865963,19.3295,463.9088,0.00865963,19.3295,19.3295,24.1619,0.0000,0.0000,463.9088,0.00865963,62.8210,60.1535,420.4173,423.0848,0.00784779,0.00789758,0.00036082,9.3346,8.4088,0.0842,5.5545,0.2517,615.7635,65.9540,8.3255,9.6426,5.1431,5.1891,8.2617,16.7816,25.8881,44.2602,5.1891,0.0,4.9889,8.529385,1.798876,29,193,98,2,0.20855820,0.00902045,0.00297427,0E-8,0.000000,0.900656,0.000000,0.00763944,2026-03-21,2026-08-06,87,1920,882,139,0.625899,0.863400,0.891889,0.695194,,,,,,,,GLOBAL_BASELINE_NO_ENTITY_RANKING,,,NOT_APPLICABLE_GLOBAL_BASELINE,HF9g-P5,,,,X 全窗基线 · 不参与实体赏罚,8397344,840,A168_HF9F_20260827_0900,2026-08-27 09:00:00
2026-07-13,54653530,1374,0,49.0537784318,-28.6577337154,-28.6577337154,0.2857143,7,7,0.49707555714285714,0.497075557143,-1.1184378527242427,-1.1184378527249965,-1.1184378527242427,-1.4286E-13,ELIGIBLE,R03b_20260811_FULL_v1,L1_ELIGIBILITY,v2026-08-11,2026-03-21..2026-08-06,baccarat_bet02_101_all_pairs_incl_sentinel,round_win = game_pnl > 0 (decisive only),COMPATIBILITY_ONLY_NOT_PRODUCTION,53571.4227,48249.4483,483.2383,5739,5738,-0.00902045,-0.00297427,-0.01061372,-0.00902045,-483.2383,53571.4227,OK,0.0000,19.3295,4.0000,96.0000,AG03-UNRESOLVED,ALL5_LEVELS_bet23_to_bet27,19.3295,19.3295,24.1619,0.0000,0.0000,4.000000,4.000000,5.000000,0.000000,0.000000,96.000000,96.000000,95.000000,100.000000,100.000000,5.0,62.8210,60.1535,420.4173,423.0848,PENDING_AG03,FALSE,NOT_FOR_ENFORCEMENT,463.9088,46319.4703,483.2383,463.9088,19.3295,0.00902045,0.00865963,19.3295,463.9088,0.00865963,19.3295,19.3295,24.1619,0.0000,0.0000,463.9088,0.00865963,62.8210,60.1535,420.4173,423.0848,0.00784779,0.00789758,0.00036082,9.3346,8.4088,0.0842,5.5545,0.2517,615.7635,65.9540,8.3255,9.6426,5.1431,5.1891,8.2617,16.7816,25.8881,44.2602,5.1891,0.0,4.9889,8.529385,1.798876,29,193,98,2,0.20855820,0.00902045,0.00297427,0E-8,0.000000,0.900656,0.000000,0.00763944,2026-03-21,2026-08-06,87,1920,882,139,0.625899,0.863400,0.891889,0.695194,,,,,,,,GLOBAL_BASELINE_NO_ENTITY_RANKING,,,NOT_APPLICABLE_GLOBAL_BASELINE,HF9g-P5,,,,X 全窗基线 · 不参与实体赏罚,8397345,840,A168_HF9F_20260827_0900,2026-08-27 09:00:00
2026-07-13,54653530,1402,0,150.7758242324,22.8229158599,22.8229158599,0.5000000,20,20,0.50195888000000000,0.501958880000,-0.017520889822272324,-0.017520889822272324,-0.017520889822272324,0E-17,ELIGIBLE,R03b_20260811_FULL_v1,L1_ELIGIBILITY,v2026-08-11,2026-03-21..2026-08-06,baccarat_bet02_101_all_pairs_incl_sentinel,round_win = game_pnl > 0 (decisive only),COMPATIBILITY_ONLY_NOT_PRODUCTION,53571.4227,48249.4483,483.2383,5739,5738,-0.00902045,-0.00297427,-0.01061372,-0.00902045,-483.2383,53571.4227,OK,0.0000,19.3295,4.0000,96.0000,AG03-UNRESOLVED,ALL5_LEVELS_bet23_to_bet27,19.3295,19.3295,24.1619,0.0000,0.0000,4.000000,4.000000,5.000000,0.000000,0.000000,96.000000,96.000000,95.000000,100.000000,100.000000,5.0,62.8210,60.1535,420.4173,423.0848,PENDING_AG03,FALSE,NOT_FOR_ENFORCEMENT,463.9088,46319.4703,483.2383,463.9088,19.3295,0.00902045,0.00865963,19.3295,463.9088,0.00865963,19.3295,19.3295,24.1619,0.0000,0.0000,463.9088,0.00865963,62.8210,60.1535,420.4173,423.0848,0.00784779,0.00789758,0.00036082,9.3346,8.4088,0.0842,5.5545,0.2517,615.7635,65.9540,8.3255,9.6426,5.1431,5.1891,8.2617,16.7816,25.8881,44.2602,5.1891,0.0,4.9889,8.529385,1.798876,29,193,98,2,0.20855820,0.00902045,0.00297427,0E-8,0.000000,0.900656,0.000000,0.00763944,2026-03-21,2026-08-06,87,1920,882,139,0.625899,0.863400,0.891889,0.695194,,,,,,,,GLOBAL_BASELINE_NO_ENTITY_RANKING,,,NOT_APPLICABLE_GLOBAL_BASELINE,HF9g-P5,,,,X 全窗基线 · 不参与实体赏罚,8397346,840,A168_HF9F_20260827_0900,2026-08-27 09:00:00
2026-07-13,54653530,1646,0,70.4825342730,14.8064957529,14.8064957529,0.5555556,11,11,0.50299473636363636,0.502994736364,0.3153705719700671,0.31537057196788654,0.3153705719700671,-3.6364E-13,ELIGIBLE,R03b_20260811_FULL_v1,L1_ELIGIBILITY,v2026-08-11,2026-03-21..2026-08-06,baccarat_bet02_101_all_pairs_incl_sentinel,round_win = game_pnl > 0 (decisive only),COMPATIBILITY_ONLY_NOT_PRODUCTION,53571.4227,48249.4483,483.2383,5739,5738,-0.00902045,-0.00297427,-0.01061372,-0.00902045,-483.2383,53571.4227,OK,0.0000,19.3295,4.0000,96.0000,AG03-UNRESOLVED,ALL5_LEVELS_bet23_to_bet27,19.3295,19.3295,24.1619,0.0000,0.0000,4.000000,4.000000,5.000000,0.000000,0.000000,96.000000,96.000000,95.000000,100.000000,100.000000,5.0,62.8210,60.1535,420.4173,423.0848,PENDING_AG03,FALSE,NOT_FOR_ENFORCEMENT,463.9088,46319.4703,483.2383,463.9088,19.3295,0.00902045,0.00865963,19.3295,463.9088,0.00865963,19.3295,19.3295,24.1619,0.0000,0.0000,463.9088,0.00865963,62.8210,60.1535,420.4173,423.0848,0.00784779,0.00789758,0.00036082,9.3346,8.4088,0.0842,5.5545,0.2517,615.7635,65.9540,8.3255,9.6426,5.1431,5.1891,8.2617,16.7816,25.8881,44.2602,5.1891,0.0,4.9889,8.529385,1.798876,29,193,98,2,0.20855820,0.00902045,0.00297427,0E-8,0.000000,0.900656,0.000000,0.00763944,2026-03-21,2026-08-06,87,1920,882,139,0.625899,0.863400,0.891889,0.695194,,,,,,,,GLOBAL_BASELINE_NO_ENTITY_RANKING,,,NOT_APPLICABLE_GLOBAL_BASELINE,HF9g-P5,,,,X 全窗基线 · 不参与实体赏罚,8397347,840,A168_HF9F_20260827_0900,2026-08-27 09:00:00
2026-07-13,54653530,1940,0,92.6858234580,-7.7195156584,-7.7195156584,0.5000000,13,13,0.50355719230769231,0.503557192308,-0.02464557495609555,-0.024645574958227452,-0.02464557495609555,-3.0769E-13,ELIGIBLE,R03b_20260811_FULL_v1,L1_ELIGIBILITY,v2026-08-11,2026-03-21..2026-08-06,baccarat_bet02_101_all_pairs_incl_sentinel,round_win = game_pnl > 0 (decisive only),COMPATIBILITY_ONLY_NOT_PRODUCTION,53571.4227,48249.4483,483.2383,5739,5738,-0.00902045,-0.00297427,-0.01061372,-0.00902045,-483.2383,53571.4227,OK,0.0000,19.3295,4.0000,96.0000,AG03-UNRESOLVED,ALL5_LEVELS_bet23_to_bet27,19.3295,19.3295,24.1619,0.0000,0.0000,4.000000,4.000000,5.000000,0.000000,0.000000,96.000000,96.000000,95.000000,100.000000,100.000000,5.0,62.8210,60.1535,420.4173,423.0848,PENDING_AG03,FALSE,NOT_FOR_ENFORCEMENT,463.9088,46319.4703,483.2383,463.9088,19.3295,0.00902045,0.00865963,19.3295,463.9088,0.00865963,19.3295,19.3295,24.1619,0.0000,0.0000,463.9088,0.00865963,62.8210,60.1535,420.4173,423.0848,0.00784779,0.00789758,0.00036082,9.3346,8.4088,0.0842,5.5545,0.2517,615.7635,65.9540,8.3255,9.6426,5.1431,5.1891,8.2617,16.7816,25.8881,44.2602,5.1891,0.0,4.9889,8.529385,1.798876,29,193,98,2,0.20855820,0.00902045,0.00297427,0E-8,0.000000,0.900656,0.000000,0.00763944,2026-03-21,2026-08-06,87,1920,882,139,0.625899,0.863400,0.891889,0.695194,,,,,,,,GLOBAL_BASELINE_NO_ENTITY_RANKING,,,NOT_APPLICABLE_GLOBAL_BASELINE,HF9g-P5,,,,X 全窗基线 · 不参与实体赏罚,8397348,840,A168_HF9F_20260827_0900,2026-08-27 09:00:00
2026-07-13,54653530,1942,0,13.4252446234,2.6850489247,2.6850489247,0.5000000,2,2,0.50665070000000000,0.506650700000,-0.018812684590367487,-0.018812684590367487,-0.018812684590367487,0E-17,ELIGIBLE,R03b_20260811_FULL_v1,L1_ELIGIBILITY,v2026-08-11,2026-03-21..2026-08-06,baccarat_bet02_101_all_pairs_incl_sentinel,round_win = game_pnl > 0 (decisive only),COMPATIBILITY_ONLY_NOT_PRODUCTION,53571.4227,48249.4483,483.2383,5739,5738,-0.00902045,-0.00297427,-0.01061372,-0.00902045,-483.2383,53571.4227,OK,0.0000,19.3295,4.0000,96.0000,AG03-UNRESOLVED,ALL5_LEVELS_bet23_to_bet27,19.3295,19.3295,24.1619,0.0000,0.0000,4.000000,4.000000,5.000000,0.000000,0.000000,96.000000,96.000000,95.000000,100.000000,100.000000,5.0,62.8210,60.1535,420.4173,423.0848,PENDING_AG03,FALSE,NOT_FOR_ENFORCEMENT,463.9088,46319.4703,483.2383,463.9088,19.3295,0.00902045,0.00865963,19.3295,463.9088,0.00865963,19.3295,19.3295,24.1619,0.0000,0.0000,463.9088,0.00865963,62.8210,60.1535,420.4173,423.0848,0.00784779,0.00789758,0.00036082,9.3346,8.4088,0.0842,5.5545,0.2517,615.7635,65.9540,8.3255,9.6426,5.1431,5.1891,8.2617,16.7816,25.8881,44.2602,5.1891,0.0,4.9889,8.529385,1.798876,29,193,98,2,0.20855820,0.00902045,0.00297427,0E-8,0.000000,0.900656,0.000000,0.00763944,2026-03-21,2026-08-06,87,1920,882,139,0.625899,0.863400,0.891889,0.695194,,,,,,,,GLOBAL_BASELINE_NO_ENTITY_RANKING,,,NOT_APPLICABLE_GLOBAL_BASELINE,HF9g-P5,,,,X 全窗基线 · 不参与实体赏罚,8397349,840,A168_HF9F_20260827_0900,2026-08-27 09:00:00
2026-07-13,54653530,1985,0,30.9813337464,24.7850669972,24.7850669972,1.0000000,6,6,0.50441650000000000,0.504416500000,2.2164032547254804,2.2164032547254804,2.2164032547254804,0E-17,ELIGIBLE,R03b_20260811_FULL_v1,L1_ELIGIBILITY,v2026-08-11,2026-03-21..2026-08-06,baccarat_bet02_101_all_pairs_incl_sentinel,round_win = game_pnl > 0 (decisive only),COMPATIBILITY_ONLY_NOT_PRODUCTION,53571.4227,48249.4483,483.2383,5739,5738,-0.00902045,-0.00297427,-0.01061372,-0.00902045,-483.2383,53571.4227,OK,0.0000,19.3295,4.0000,96.0000,AG03-UNRESOLVED,ALL5_LEVELS_bet23_to_bet27,19.3295,19.3295,24.1619,0.0000,0.0000,4.000000,4.000000,5.000000,0.000000,0.000000,96.000000,96.000000,95.000000,100.000000,100.000000,5.0,62.8210,60.1535,420.4173,423.0848,PENDING_AG03,FALSE,NOT_FOR_ENFORCEMENT,463.9088,46319.4703,483.2383,463.9088,19.3295,0.00902045,0.00865963,19.3295,463.9088,0.00865963,19.3295,19.3295,24.1619,0.0000,0.0000,463.9088,0.00865963,62.8210,60.1535,420.4173,423.0848,0.00784779,0.00789758,0.00036082,9.3346,8.4088,0.0842,5.5545,0.2517,615.7635,65.9540,8.3255,9.6426,5.1431,5.1891,8.2617,16.7816,25.8881,44.2602,5.1891,0.0,4.9889,8.529385,1.798876,29,193,98,2,0.20855820,0.00902045,0.00297427,0E-8,0.000000,0.900656,0.000000,0.00763944,2026-03-21,2026-08-06,87,1920,882,139,0.625899,0.863400,0.891889,0.695194,,,,,,,,GLOBAL_BASELINE_NO_ENTITY_RANKING,,,NOT_APPLICABLE_GLOBAL_BASELINE,HF9g-P5,,,,X 全窗基线 · 不参与实体赏罚,8397350,840,A168_HF9F_20260827_0900,2026-08-27 09:00:00
2026-07-13,54653530,2103,0,118.2454237987,6.3899000854,6.3899000854,0.5294118,19,19,0.50453408947368421,0.504534089474,0.20515500071736212,0.20515500071475912,0.20515500071736212,-3.1579E-13,ELIGIBLE,R03b_20260811_FULL_v1,L1_ELIGIBILITY,v2026-08-11,2026-03-21..2026-08-06,baccarat_bet02_101_all_pairs_incl_sentinel,round_win = game_pnl > 0 (decisive only),COMPATIBILITY_ONLY_NOT_PRODUCTION,53571.4227,48249.4483,483.2383,5739,5738,-0.00902045,-0.00297427,-0.01061372,-0.00902045,-483.2383,53571.4227,OK,0.0000,19.3295,4.0000,96.0000,AG03-UNRESOLVED,ALL5_LEVELS_bet23_to_bet27,19.3295,19.3295,24.1619,0.0000,0.0000,4.000000,4.000000,5.000000,0.000000,0.000000,96.000000,96.000000,95.000000,100.000000,100.000000,5.0,62.8210,60.1535,420.4173,423.0848,PENDING_AG03,FALSE,NOT_FOR_ENFORCEMENT,463.9088,46319.4703,483.2383,463.9088,19.3295,0.00902045,0.00865963,19.3295,463.9088,0.00865963,19.3295,19.3295,24.1619,0.0000,0.0000,463.9088,0.00865963,62.8210,60.1535,420.4173,423.0848,0.00784779,0.00789758,0.00036082,9.3346,8.4088,0.0842,5.5545,0.2517,615.7635,65.9540,8.3255,9.6426,5.1431,5.1891,8.2617,16.7816,25.8881,44.2602,5.1891,0.0,4.9889,8.529385,1.798876,29,193,98,2,0.20855820,0.00902045,0.00297427,0E-8,0.000000,0.900656,0.000000,0.00763944,2026-03-21,2026-08-06,87,1920,882,139,0.625899,0.863400,0.891889,0.695194,,,,,,,,GLOBAL_BASELINE_NO_ENTITY_RANKING,,,NOT_APPLICABLE_GLOBAL_BASELINE,HF9g-P5,,,,X 全窗基线 · 不参与实体赏罚,8397351,840,A168_HF9F_20260827_0900,2026-08-27 09:00:00
2026-07-13,54653530,2121,0,15.4906668732,9.8107556864,9.8107556864,1.0000000,3,3,0.50665070000000000,0.506650700000,1.3955260008387969,1.3955260008387969,1.3955260008387969,0E-17,ELIGIBLE,R03b_20260811_FULL_v1,L1_ELIGIBILITY,v2026-08-11,2026-03-21..2026-08-06,baccarat_bet02_101_all_pairs_incl_sentinel,round_win = game_pnl > 0 (decisive only),COMPATIBILITY_ONLY_NOT_PRODUCTION,53571.4227,48249.4483,483.2383,5739,5738,-0.00902045,-0.00297427,-0.01061372,-0.00902045,-483.2383,53571.4227,OK,0.0000,19.3295,4.0000,96.0000,AG03-UNRESOLVED,ALL5_LEVELS_bet23_to_bet27,19.3295,19.3295,24.1619,0.0000,0.0000,4.000000,4.000000,5.000000,0.000000,0.000000,96.000000,96.000000,95.000000,100.000000,100.000000,5.0,62.8210,60.1535,420.4173,423.0848,PENDING_AG03,FALSE,NOT_FOR_ENFORCEMENT,463.9088,46319.4703,483.2383,463.9088,19.3295,0.00902045,0.00865963,19.3295,463.9088,0.00865963,19.3295,19.3295,24.1619,0.0000,0.0000,463.9088,0.00865963,62.8210,60.1535,420.4173,423.0848,0.00784779,0.00789758,0.00036082,9.3346,8.4088,0.0842,5.5545,0.2517,615.7635,65.9540,8.3255,9.6426,5.1431,5.1891,8.2617,16.7816,25.8881,44.2602,5.1891,0.0,4.9889,8.529385,1.798876,29,193,98,2,0.20855820,0.00902045,0.00297427,0E-8,0.000000,0.900656,0.000000,0.00763944,2026-03-21,2026-08-06,87,1920,882,139,0.625899,0.863400,0.891889,0.695194,,,,,,,,GLOBAL_BASELINE_NO_ENTITY_RANKING,,,NOT_APPLICABLE_GLOBAL_BASELINE,HF9g-P5,,,,X 全窗基线 · 不参与实体赏罚,8397352,840,A168_HF9F_20260827_0900,2026-08-27 09:00:00
2026-07-13,54653530,2160,0,5.1635556244,4.9053778432,4.9053778432,1.0000000,1,1,0.50665070000000000,0.506650700000,0.9867858985152569,0.9867858985152569,0.9867858985152569,0E-17,ELIGIBLE,R03b_20260811_FULL_v1,L1_ELIGIBILITY,v2026-08-11,2026-03-21..2026-08-06,baccarat_bet02_101_all_pairs_incl_sentinel,round_win = game_pnl > 0 (decisive only),COMPATIBILITY_ONLY_NOT_PRODUCTION,53571.4227,48249.4483,483.2383,5739,5738,-0.00902045,-0.00297427,-0.01061372,-0.00902045,-483.2383,53571.4227,OK,0.0000,19.3295,4.0000,96.0000,AG03-UNRESOLVED,ALL5_LEVELS_bet23_to_bet27,19.3295,19.3295,24.1619,0.0000,0.0000,4.000000,4.000000,5.000000,0.000000,0.000000,96.000000,96.000000,95.000000,100.000000,100.000000,5.0,62.8210,60.1535,420.4173,423.0848,PENDING_AG03,FALSE,NOT_FOR_ENFORCEMENT,463.9088,46319.4703,483.2383,463.9088,19.3295,0.00902045,0.00865963,19.3295,463.9088,0.00865963,19.3295,19.3295,24.1619,0.0000,0.0000,463.9088,0.00865963,62.8210,60.1535,420.4173,423.0848,0.00784779,0.00789758,0.00036082,9.3346,8.4088,0.0842,5.5545,0.2517,615.7635,65.9540,8.3255,9.6426,5.1431,5.1891,8.2617,16.7816,25.8881,44.2602,5.1891,0.0,4.9889,8.529385,1.798876,29,193,98,2,0.20855820,0.00902045,0.00297427,0E-8,0.000000,0.900656,0.000000,0.00763944,2026-03-21,2026-08-06,87,1920,882,139,0.625899,0.863400,0.891889,0.695194,,,,,,,,GLOBAL_BASELINE_NO_ENTITY_RANKING,,,NOT_APPLICABLE_GLOBAL_BASELINE,HF9g-P5,,,,X 全窗基线 · 不参与实体赏罚,8397353,840,A168_HF9F_20260827_0900,2026-08-27 09:00:00
2026-07-13,54653530,2177,0,5.1635556244,0E-10,0E-10,,1,1,0.50665070000000000,0.506650700000,,,,0E-17,NO_DECISIVE_ROUND,R03b_20260811_FULL_v1,L1_ELIGIBILITY,v2026-08-11,2026-03-21..2026-08-06,baccarat_bet02_101_all_pairs_incl_sentinel,round_win = game_pnl > 0 (decisive only),COMPATIBILITY_ONLY_NOT_PRODUCTION,53571.4227,48249.4483,483.2383,5739,5738,-0.00902045,-0.00297427,-0.01061372,-0.00902045,-483.2383,53571.4227,OK,0.0000,19.3295,4.0000,96.0000,AG03-UNRESOLVED,ALL5_LEVELS_bet23_to_bet27,19.3295,19.3295,24.1619,0.0000,0.0000,4.000000,4.000000,5.000000,0.000000,0.000000,96.000000,96.000000,95.000000,100.000000,100.000000,5.0,62.8210,60.1535,420.4173,423.0848,PENDING_AG03,FALSE,NOT_FOR_ENFORCEMENT,463.9088,46319.4703,483.2383,463.9088,19.3295,0.00902045,0.00865963,19.3295,463.9088,0.00865963,19.3295,19.3295,24.1619,0.0000,0.0000,463.9088,0.00865963,62.8210,60.1535,420.4173,423.0848,0.00784779,0.00789758,0.00036082,9.3346,8.4088,0.0842,5.5545,0.2517,615.7635,65.9540,8.3255,9.6426,5.1431,5.1891,8.2617,16.7816,25.8881,44.2602,5.1891,0.0,4.9889,8.529385,1.798876,29,193,98,2,0.20855820,0.00902045,0.00297427,0E-8,0.000000,0.900656,0.000000,0.00763944,2026-03-21,2026-08-06,87,1920,882,139,0.625899,0.863400,0.891889,0.695194,,,,,,,,GLOBAL_BASELINE_NO_ENTITY_RANKING,,,NOT_APPLICABLE_GLOBAL_BASELINE,HF9g-P5,,,,X 全窗基线 · 不参与实体赏罚,8397354,840,A168_HF9F_20260827_0900,2026-08-27 09:00:00
2026-07-13,54653530,2223,0,10.3271112488,9.8107556864,9.8107556864,1.0000000,2,2,0.50665070000000000,0.506650700000,1.3955260008387969,1.3955260008387969,1.3955260008387969,0E-17,ELIGIBLE,R03b_20260811_FULL_v1,L1_ELIGIBILITY,v2026-08-11,2026-03-21..2026-08-06,baccarat_bet02_101_all_pairs_incl_sentinel,round_win = game_pnl > 0 (decisive only),COMPATIBILITY_ONLY_NOT_PRODUCTION,53571.4227,48249.4483,483.2383,5739,5738,-0.00902045,-0.00297427,-0.01061372,-0.00902045,-483.2383,53571.4227,OK,0.0000,19.3295,4.0000,96.0000,AG03-UNRESOLVED,ALL5_LEVELS_bet23_to_bet27,19.3295,19.3295,24.1619,0.0000,0.0000,4.000000,4.000000,5.000000,0.000000,0.000000,96.000000,96.000000,95.000000,100.000000,100.000000,5.0,62.8210,60.1535,420.4173,423.0848,PENDING_AG03,FALSE,NOT_FOR_ENFORCEMENT,463.9088,46319.4703,483.2383,463.9088,19.3295,0.00902045,0.00865963,19.3295,463.9088,0.00865963,19.3295,19.3295,24.1619,0.0000,0.0000,463.9088,0.00865963,62.8210,60.1535,420.4173,423.0848,0.00784779,0.00789758,0.00036082,9.3346,8.4088,0.0842,5.5545,0.2517,615.7635,65.9540,8.3255,9.6426,5.1431,5.1891,8.2617,16.7816,25.8881,44.2602,5.1891,0.0,4.9889,8.529385,1.798876,29,193,98,2,0.20855820,0.00902045,0.00297427,0E-8,0.000000,0.900656,0.000000,0.00763944,2026-03-21,2026-08-06,87,1920,882,139,0.625899,0.863400,0.891889,0.695194,,,,,,,,GLOBAL_BASELINE_NO_ENTITY_RANKING,,,NOT_APPLICABLE_GLOBAL_BASELINE,HF9g-P5,,,,X 全窗基线 · 不参与实体赏罚,8397355,840,A168_HF9F_20260827_0900,2026-08-27 09:00:00
2026-07-13,54653530,2252,0,35.6285338084,3.7693956058,3.7693956058,0.3333333,4,4,0.50665070000000000,0.506650700000,-0.6004420894325239,-0.6004420894325239,-0.6004420894325239,0E-17,ELIGIBLE,R03b_20260811_FULL_v1,L1_ELIGIBILITY,v2026-08-11,2026-03-21..2026-08-06,baccarat_bet02_101_all_pairs_incl_sentinel,round_win = game_pnl > 0 (decisive only),COMPATIBILITY_ONLY_NOT_PRODUCTION,53571.4227,48249.4483,483.2383,5739,5738,-0.00902045,-0.00297427,-0.01061372,-0.00902045,-483.2383,53571.4227,OK,0.0000,19.3295,4.0000,96.0000,AG03-UNRESOLVED,ALL5_LEVELS_bet23_to_bet27,19.3295,19.3295,24.1619,0.0000,0.0000,4.000000,4.000000,5.000000,0.000000,0.000000,96.000000,96.000000,95.000000,100.000000,100.000000,5.0,62.8210,60.1535,420.4173,423.0848,PENDING_AG03,FALSE,NOT_FOR_ENFORCEMENT,463.9088,46319.4703,483.2383,463.9088,19.3295,0.00902045,0.00865963,19.3295,463.9088,0.00865963,19.3295,19.3295,24.1619,0.0000,0.0000,463.9088,0.00865963,62.8210,60.1535,420.4173,423.0848,0.00784779,0.00789758,0.00036082,9.3346,8.4088,0.0842,5.5545,0.2517,615.7635,65.9540,8.3255,9.6426,5.1431,5.1891,8.2617,16.7816,25.8881,44.2602,5.1891,0.0,4.9889,8.529385,1.798876,29,193,98,2,0.20855820,0.00902045,0.00297427,0E-8,0.000000,0.900656,0.000000,0.00763944,2026-03-21,2026-08-06,87,1920,882,139,0.625899,0.863400,0.891889,0.695194,,,,,,,,GLOBAL_BASELINE_NO_ENTITY_RANKING,,,NOT_APPLICABLE_GLOBAL_BASELINE,HF9g-P5,,,,X 全窗基线 · 不参与实体赏罚,8397356,840,A168_HF9F_20260827_0900,2026-08-27 09:00:00
2026-07-13,54653530,526,0,5.1635556244,4.9053778432,4.9053778432,1.0000000,1,1,0.50665070000000000,0.506650700000,0.9867858985152569,0.9867858985152569,0.9867858985152569,0E-17,ELIGIBLE,R03b_20260811_FULL_v1,L1_ELIGIBILITY,v2026-08-11,2026-03-21..2026-08-06,baccarat_bet02_101_all_pairs_incl_sentinel,round_win = game_pnl > 0 (decisive only),COMPATIBILITY_ONLY_NOT_PRODUCTION,53571.4227,48249.4483,483.2383,5739,5738,-0.00902045,-0.00297427,-0.01061372,-0.00902045,-483.2383,53571.4227,OK,0.0000,19.3295,4.0000,96.0000,AG03-UNRESOLVED,ALL5_LEVELS_bet23_to_bet27,19.3295,19.3295,24.1619,0.0000,0.0000,4.000000,4.000000,5.000000,0.000000,0.000000,96.000000,96.000000,95.000000,100.000000,100.000000,5.0,62.8210,60.1535,420.4173,423.0848,PENDING_AG03,FALSE,NOT_FOR_ENFORCEMENT,463.9088,46319.4703,483.2383,463.9088,19.3295,0.00902045,0.00865963,19.3295,463.9088,0.00865963,19.3295,19.3295,24.1619,0.0000,0.0000,463.9088,0.00865963,62.8210,60.1535,420.4173,423.0848,0.00784779,0.00789758,0.00036082,9.3346,8.4088,0.0842,5.5545,0.2517,615.7635,65.9540,8.3255,9.6426,5.1431,5.1891,8.2617,16.7816,25.8881,44.2602,5.1891,0.0,4.9889,8.529385,1.798876,29,193,98,2,0.20855820,0.00902045,0.00297427,0E-8,0.000000,0.900656,0.000000,0.00763944,2026-03-21,2026-08-06,87,1920,882,139,0.625899,0.863400,0.891889,0.695194,,,,,,,,GLOBAL_BASELINE_NO_ENTITY_RANKING,,,NOT_APPLICABLE_GLOBAL_BASELINE,HF9g-P5,,,,X 全窗基线 · 不参与实体赏罚,8397357,840,A168_HF9F_20260827_0900,2026-08-27 09:00:00
2026-07-13,54653530,550,0,7.7453334366,7.3580667648,7.3580667648,1.0000000,1,1,0.50665070000000000,0.506650700000,0.9867858985152569,0.9867858985152569,0.9867858985152569,0E-17,ELIGIBLE,R03b_20260811_FULL_v1,L1_ELIGIBILITY,v2026-08-11,2026-03-21..2026-08-06,baccarat_bet02_101_all_pairs_incl_sentinel,round_win = game_pnl > 0 (decisive only),COMPATIBILITY_ONLY_NOT_PRODUCTION,53571.4227,48249.4483,483.2383,5739,5738,-0.00902045,-0.00297427,-0.01061372,-0.00902045,-483.2383,53571.4227,OK,0.0000,19.3295,4.0000,96.0000,AG03-UNRESOLVED,ALL5_LEVELS_bet23_to_bet27,19.3295,19.3295,24.1619,0.0000,0.0000,4.000000,4.000000,5.000000,0.000000,0.000000,96.000000,96.000000,95.000000,100.000000,100.000000,5.0,62.8210,60.1535,420.4173,423.0848,PENDING_AG03,FALSE,NOT_FOR_ENFORCEMENT,463.9088,46319.4703,483.2383,463.9088,19.3295,0.00902045,0.00865963,19.3295,463.9088,0.00865963,19.3295,19.3295,24.1619,0.0000,0.0000,463.9088,0.00865963,62.8210,60.1535,420.4173,423.0848,0.00784779,0.00789758,0.00036082,9.3346,8.4088,0.0842,5.5545,0.2517,615.7635,65.9540,8.3255,9.6426,5.1431,5.1891,8.2617,16.7816,25.8881,44.2602,5.1891,0.0,4.9889,8.529385,1.798876,29,193,98,2,0.20855820,0.00902045,0.00297427,0E-8,0.000000,0.900656,0.000000,0.00763944,2026-03-21,2026-08-06,87,1920,882,139,0.625899,0.863400,0.891889,0.695194,,,,,,,,GLOBAL_BASELINE_NO_ENTITY_RANKING,,,NOT_APPLICABLE_GLOBAL_BASELINE,HF9g-P5,,,,X 全窗基线 · 不参与实体赏罚,8397358,840,A168_HF9F_20260827_0900,2026-08-27 09:00:00
2026-07-13,54653530,915,0,12.9088890610,2.5817778122,2.5817778122,0.5000000,2,2,0.49994810000000000,0.499948100000,0.00014679536856514622,0.00014679536856514622,0.00014679536856514622,0E-17,ELIGIBLE,R03b_20260811_FULL_v1,L1_ELIGIBILITY,v2026-08-11,2026-03-21..2026-08-06,baccarat_bet02_101_all_pairs_incl_sentinel,round_win = game_pnl > 0 (decisive only),COMPATIBILITY_ONLY_NOT_PRODUCTION,53571.4227,48249.4483,483.2383,5739,5738,-0.00902045,-0.00297427,-0.01061372,-0.00902045,-483.2383,53571.4227,OK,0.0000,19.3295,4.0000,96.0000,AG03-UNRESOLVED,ALL5_LEVELS_bet23_to_bet27,19.3295,19.3295,24.1619,0.0000,0.0000,4.000000,4.000000,5.000000,0.000000,0.000000,96.000000,96.000000,95.000000,100.000000,100.000000,5.0,62.8210,60.1535,420.4173,423.0848,PENDING_AG03,FALSE,NOT_FOR_ENFORCEMENT,463.9088,46319.4703,483.2383,463.9088,19.3295,0.00902045,0.00865963,19.3295,463.9088,0.00865963,19.3295,19.3295,24.1619,0.0000,0.0000,463.9088,0.00865963,62.8210,60.1535,420.4173,423.0848,0.00784779,0.00789758,0.00036082,9.3346,8.4088,0.0842,5.5545,0.2517,615.7635,65.9540,8.3255,9.6426,5.1431,5.1891,8.2617,16.7816,25.8881,44.2602,5.1891,0.0,4.9889,8.529385,1.798876,29,193,98,2,0.20855820,0.00902045,0.00297427,0E-8,0.000000,0.900656,0.000000,0.00763944,2026-03-21,2026-08-06,87,1920,882,139,0.625899,0.863400,0.891889,0.695194,,,,,,,,GLOBAL_BASELINE_NO_ENTITY_RANKING,,,NOT_APPLICABLE_GLOBAL_BASELINE,HF9g-P5,,,,X 全窗基线 · 不参与实体赏罚,8397359,840,A168_HF9F_20260827_0900,2026-08-27 09:00:00
2026-07-16,54653530,1307,0,5.1635556244,4.9053778432,4.9053778432,1.0000000,1,1,0.50665070000000000,0.506650700000,0.9867858985152569,0.9867858985152569,0.9867858985152569,0E-17,ELIGIBLE,R03b_20260811_FULL_v1,L1_ELIGIBILITY,v2026-08-11,2026-03-21..2026-08-06,baccarat_bet02_101_all_pairs_incl_sentinel,round_win = game_pnl > 0 (decisive only),COMPATIBILITY_ONLY_NOT_PRODUCTION,53571.4227,48249.4483,483.2383,5739,5738,-0.00902045,-0.00297427,-0.01061372,-0.00902045,-483.2383,53571.4227,OK,0.0000,19.3295,4.0000,96.0000,AG03-UNRESOLVED,ALL5_LEVELS_bet23_to_bet27,19.3295,19.3295,24.1619,0.0000,0.0000,4.000000,4.000000,5.000000,0.000000,0.000000,96.000000,96.000000,95.000000,100.000000,100.000000,5.0,62.8210,60.1535,420.4173,423.0848,PENDING_AG03,FALSE,NOT_FOR_ENFORCEMENT,463.9088,46319.4703,483.2383,463.9088,19.3295,0.00902045,0.00865963,19.3295,463.9088,0.00865963,19.3295,19.3295,24.1619,0.0000,0.0000,463.9088,0.00865963,62.8210,60.1535,420.4173,423.0848,0.00784779,0.00789758,0.00036082,9.3346,8.4088,0.0842,5.5545,0.2517,615.7635,65.9540,8.3255,9.6426,5.1431,5.1891,8.2617,16.7816,25.8881,44.2602,5.1891,0.0,4.9889,8.529385,1.798876,29,193,98,2,0.20855820,0.00902045,0.00297427,0E-8,0.000000,0.900656,0.000000,0.00763944,2026-03-21,2026-08-06,87,1920,882,139,0.625899,0.863400,0.891889,0.695194,,,,,,,,GLOBAL_BASELINE_NO_ENTITY_RANKING,,,NOT_APPLICABLE_GLOBAL_BASELINE,HF9g-P5,,,,X 全窗基线 · 不参与实体赏罚,8397360,840,A168_HF9F_20260827_0900,2026-08-27 09:00:00
2026-07-16,54653530,2155,0,10.3271112488,9.8107556864,9.8107556864,1.0000000,2,2,0.50665070000000000,0.506650700000,1.3955260008387969,1.3955260008387969,1.3955260008387969,0E-17,ELIGIBLE,R03b_20260811_FULL_v1,L1_ELIGIBILITY,v2026-08-11,2026-03-21..2026-08-06,baccarat_bet02_101_all_pairs_incl_sentinel,round_win = game_pnl > 0 (decisive only),COMPATIBILITY_ONLY_NOT_PRODUCTION,53571.4227,48249.4483,483.2383,5739,5738,-0.00902045,-0.00297427,-0.01061372,-0.00902045,-483.2383,53571.4227,OK,0.0000,19.3295,4.0000,96.0000,AG03-UNRESOLVED,ALL5_LEVELS_bet23_to_bet27,19.3295,19.3295,24.1619,0.0000,0.0000,4.000000,4.000000,5.000000,0.000000,0.000000,96.000000,96.000000,95.000000,100.000000,100.000000,5.0,62.8210,60.1535,420.4173,423.0848,PENDING_AG03,FALSE,NOT_FOR_ENFORCEMENT,463.9088,46319.4703,483.2383,463.9088,19.3295,0.00902045,0.00865963,19.3295,463.9088,0.00865963,19.3295,19.3295,24.1619,0.0000,0.0000,463.9088,0.00865963,62.8210,60.1535,420.4173,423.0848,0.00784779,0.00789758,0.00036082,9.3346,8.4088,0.0842,5.5545,0.2517,615.7635,65.9540,8.3255,9.6426,5.1431,5.1891,8.2617,16.7816,25.8881,44.2602,5.1891,0.0,4.9889,8.529385,1.798876,29,193,98,2,0.20855820,0.00902045,0.00297427,0E-8,0.000000,0.900656,0.000000,0.00763944,2026-03-21,2026-08-06,87,1920,882,139,0.625899,0.863400,0.891889,0.695194,,,,,,,,GLOBAL_BASELINE_NO_ENTITY_RANKING,,,NOT_APPLICABLE_GLOBAL_BASELINE,HF9g-P5,,,,X 全窗基线 · 不参与实体赏罚,8397361,840,A168_HF9F_20260827_0900,2026-08-27 09:00:00
2026-07-16,54653530,2174,0,12.9088890610,2.1945111404,2.1945111404,0.5000000,2,2,0.50665070000000000,0.506650700000,-0.018812684590367487,-0.018812684590367487,-0.018812684590367487,0E-17,ELIGIBLE,R03b_20260811_FULL_v1,L1_ELIGIBILITY,v2026-08-11,2026-03-21..2026-08-06,baccarat_bet02_101_all_pairs_incl_sentinel,round_win = game_pnl > 0 (decisive only),COMPATIBILITY_ONLY_NOT_PRODUCTION,53571.4227,48249.4483,483.2383,5739,5738,-0.00902045,-0.00297427,-0.01061372,-0.00902045,-483.2383,53571.4227,OK,0.0000,19.3295,4.0000,96.0000,AG03-UNRESOLVED,ALL5_LEVELS_bet23_to_bet27,19.3295,19.3295,24.1619,0.0000,0.0000,4.000000,4.000000,5.000000,0.000000,0.000000,96.000000,96.000000,95.000000,100.000000,100.000000,5.0,62.8210,60.1535,420.4173,423.0848,PENDING_AG03,FALSE,NOT_FOR_ENFORCEMENT,463.9088,46319.4703,483.2383,463.9088,19.3295,0.00902045,0.00865963,19.3295,463.9088,0.00865963,19.3295,19.3295,24.1619,0.0000,0.0000,463.9088,0.00865963,62.8210,60.1535,420.4173,423.0848,0.00784779,0.00789758,0.00036082,9.3346,8.4088,0.0842,5.5545,0.2517,615.7635,65.9540,8.3255,9.6426,5.1431,5.1891,8.2617,16.7816,25.8881,44.2602,5.1891,0.0,4.9889,8.529385,1.798876,29,193,98,2,0.20855820,0.00902045,0.00297427,0E-8,0.000000,0.900656,0.000000,0.00763944,2026-03-21,2026-08-06,87,1920,882,139,0.625899,0.863400,0.891889,0.695194,,,,,,,,GLOBAL_BASELINE_NO_ENTITY_RANKING,,,NOT_APPLICABLE_GLOBAL_BASELINE,HF9g-P5,,,,X 全窗基线 · 不参与实体赏罚,8397362,840,A168_HF9F_20260827_0900,2026-08-27 09:00:00
2026-07-16,54653530,2271,0,43.3738672449,4.9570133994,4.9570133994,0.4000000,5,5,0.50665070000000000,0.506650700000,-0.4769986289884125,-0.4769986289884125,-0.4769986289884125,0E-17,ELIGIBLE,R03b_20260811_FULL_v1,L1_ELIGIBILITY,v2026-08-11,2026-03-21..2026-08-06,baccarat_bet02_101_all_pairs_incl_sentinel,round_win = game_pnl > 0 (decisive only),COMPATIBILITY_ONLY_NOT_PRODUCTION,53571.4227,48249.4483,483.2383,5739,5738,-0.00902045,-0.00297427,-0.01061372,-0.00902045,-483.2383,53571.4227,OK,0.0000,19.3295,4.0000,96.0000,AG03-UNRESOLVED,ALL5_LEVELS_bet23_to_bet27,19.3295,19.3295,24.1619,0.0000,0.0000,4.000000,4.000000,5.000000,0.000000,0.000000,96.000000,96.000000,95.000000,100.000000,100.000000,5.0,62.8210,60.1535,420.4173,423.0848,PENDING_AG03,FALSE,NOT_FOR_ENFORCEMENT,463.9088,46319.4703,483.2383,463.9088,19.3295,0.00902045,0.00865963,19.3295,463.9088,0.00865963,19.3295,19.3295,24.1619,0.0000,0.0000,463.9088,0.00865963,62.8210,60.1535,420.4173,423.0848,0.00784779,0.00789758,0.00036082,9.3346,8.4088,0.0842,5.5545,0.2517,615.7635,65.9540,8.3255,9.6426,5.1431,5.1891,8.2617,16.7816,25.8881,44.2602,5.1891,0.0,4.9889,8.529385,1.798876,29,193,98,2,0.20855820,0.00902045,0.00297427,0E-8,0.000000,0.900656,0.000000,0.00763944,2026-03-21,2026-08-06,87,1920,882,139,0.625899,0.863400,0.891889,0.695194,,,,,,,,GLOBAL_BASELINE_NO_ENTITY_RANKING,,,NOT_APPLICABLE_GLOBAL_BASELINE,HF9g-P5,,,,X 全窗基线 · 不参与实体赏罚,8397363,840,A168_HF9F_20260827_0900,2026-08-27 09:00:00
2026-07-17,54653530,-1,1,52.6682673689,17.8142669042,17.8142669042,0.6000000,5,5,0.50665070000000000,0.506650700000,0.4175076967804994,0.4175076967804994,0.4175076967804994,0E-17,SENTINEL_DEALER,R03b_20260811_FULL_v1,L1_ELIGIBILITY,v2026-08-11,2026-03-21..2026-08-06,baccarat_bet02_101_all_pairs_incl_sentinel,round_win = game_pnl > 0 (decisive only),COMPATIBILITY_ONLY_NOT_PRODUCTION,53571.4227,48249.4483,483.2383,5739,5738,-0.00902045,-0.00297427,-0.01061372,-0.00902045,-483.2383,53571.4227,OK,0.0000,19.3295,4.0000,96.0000,AG03-UNRESOLVED,ALL5_LEVELS_bet23_to_bet27,19.3295,19.3295,24.1619,0.0000,0.0000,4.000000,4.000000,5.000000,0.000000,0.000000,96.000000,96.000000,95.000000,100.000000,100.000000,5.0,62.8210,60.1535,420.4173,423.0848,PENDING_AG03,FALSE,NOT_FOR_ENFORCEMENT,463.9088,46319.4703,483.2383,463.9088,19.3295,0.00902045,0.00865963,19.3295,463.9088,0.00865963,19.3295,19.3295,24.1619,0.0000,0.0000,463.9088,0.00865963,62.8210,60.1535,420.4173,423.0848,0.00784779,0.00789758,0.00036082,9.3346,8.4088,0.0842,5.5545,0.2517,615.7635,65.9540,8.3255,9.6426,5.1431,5.1891,8.2617,16.7816,25.8881,44.2602,5.1891,0.0,4.9889,8.529385,1.798876,29,193,98,2,0.20855820,0.00902045,0.00297427,0E-8,0.000000,0.900656,0.000000,0.00763944,2026-03-21,2026-08-06,87,1920,882,139,0.625899,0.863400,0.891889,0.695194,,,,,,,,GLOBAL_BASELINE_NO_ENTITY_RANKING,,,NOT_APPLICABLE_GLOBAL_BASELINE,HF9g-P5,,,,X 全窗基线 · 不参与实体赏罚,8397364,840,A168_HF9F_20260827_0900,2026-08-27 09:00:00
2026-07-17,54653530,1299,0,5.1635556244,4.9053778432,4.9053778432,1.0000000,1,1,0.50665070000000000,0.506650700000,0.9867858985152569,0.9867858985152569,0.9867858985152569,0E-17,ELIGIBLE,R03b_20260811_FULL_v1,L1_ELIGIBILITY,v2026-08-11,2026-03-21..2026-08-06,baccarat_bet02_101_all_pairs_incl_sentinel,round_win = game_pnl > 0 (decisive only),COMPATIBILITY_ONLY_NOT_PRODUCTION,53571.4227,48249.4483,483.2383,5739,5738,-0.00902045,-0.00297427,-0.01061372,-0.00902045,-483.2383,53571.4227,OK,0.0000,19.3295,4.0000,96.0000,AG03-UNRESOLVED,ALL5_LEVELS_bet23_to_bet27,19.3295,19.3295,24.1619,0.0000,0.0000,4.000000,4.000000,5.000000,0.000000,0.000000,96.000000,96.000000,95.000000,100.000000,100.000000,5.0,62.8210,60.1535,420.4173,423.0848,PENDING_AG03,FALSE,NOT_FOR_ENFORCEMENT,463.9088,46319.4703,483.2383,463.9088,19.3295,0.00902045,0.00865963,19.3295,463.9088,0.00865963,19.3295,19.3295,24.1619,0.0000,0.0000,463.9088,0.00865963,62.8210,60.1535,420.4173,423.0848,0.00784779,0.00789758,0.00036082,9.3346,8.4088,0.0842,5.5545,0.2517,615.7635,65.9540,8.3255,9.6426,5.1431,5.1891,8.2617,16.7816,25.8881,44.2602,5.1891,0.0,4.9889,8.529385,1.798876,29,193,98,2,0.20855820,0.00902045,0.00297427,0E-8,0.000000,0.900656,0.000000,0.00763944,2026-03-21,2026-08-06,87,1920,882,139,0.625899,0.863400,0.891889,0.695194,,,,,,,,GLOBAL_BASELINE_NO_ENTITY_RANKING,,,NOT_APPLICABLE_GLOBAL_BASELINE,HF9g-P5,,,,X 全窗基线 · 不参与实体赏罚,8397365,840,A168_HF9F_20260827_0900,2026-08-27 09:00:00
2026-07-17,54653530,1306,0,100.4311568945,-66.4936875532,-66.4936875532,0.1666667,7,7,0.50665070000000000,0.506650700000,-1.6657221670529434,-1.6657221670529434,-1.6657221670529434,0E-17,ELIGIBLE,R03b_20260811_FULL_v1,L1_ELIGIBILITY,v2026-08-11,2026-03-21..2026-08-06,baccarat_bet02_101_all_pairs_incl_sentinel,round_win = game_pnl > 0 (decisive only),COMPATIBILITY_ONLY_NOT_PRODUCTION,53571.4227,48249.4483,483.2383,5739,5738,-0.00902045,-0.00297427,-0.01061372,-0.00902045,-483.2383,53571.4227,OK,0.0000,19.3295,4.0000,96.0000,AG03-UNRESOLVED,ALL5_LEVELS_bet23_to_bet27,19.3295,19.3295,24.1619,0.0000,0.0000,4.000000,4.000000,5.000000,0.000000,0.000000,96.000000,96.000000,95.000000,100.000000,100.000000,5.0,62.8210,60.1535,420.4173,423.0848,PENDING_AG03,FALSE,NOT_FOR_ENFORCEMENT,463.9088,46319.4703,483.2383,463.9088,19.3295,0.00902045,0.00865963,19.3295,463.9088,0.00865963,19.3295,19.3295,24.1619,0.0000,0.0000,463.9088,0.00865963,62.8210,60.1535,420.4173,423.0848,0.00784779,0.00789758,0.00036082,9.3346,8.4088,0.0842,5.5545,0.2517,615.7635,65.9540,8.3255,9.6426,5.1431,5.1891,8.2617,16.7816,25.8881,44.2602,5.1891,0.0,4.9889,8.529385,1.798876,29,193,98,2,0.20855820,0.00902045,0.00297427,0E-8,0.000000,0.900656,0.000000,0.00763944,2026-03-21,2026-08-06,87,1920,882,139,0.625899,0.863400,0.891889,0.695194,,,,,,,,GLOBAL_BASELINE_NO_ENTITY_RANKING,,,NOT_APPLICABLE_GLOBAL_BASELINE,HF9g-P5,,,,X 全窗基线 · 不参与实体赏罚,8397366,840,A168_HF9F_20260827_0900,2026-08-27 09:00:00
2026-07-17,54653530,1307,0,18.0724446854,7.0998889836,7.0998889836,0.6666667,3,3,0.50665070000000000,0.506650700000,0.5543606114942035,0.5543606114942035,0.5543606114942035,0E-17,ELIGIBLE,R03b_20260811_FULL_v1,L1_ELIGIBILITY,v2026-08-11,2026-03-21..2026-08-06,baccarat_bet02_101_all_pairs_incl_sentinel,round_win = game_pnl > 0 (decisive only),COMPATIBILITY_ONLY_NOT_PRODUCTION,53571.4227,48249.4483,483.2383,5739,5738,-0.00902045,-0.00297427,-0.01061372,-0.00902045,-483.2383,53571.4227,OK,0.0000,19.3295,4.0000,96.0000,AG03-UNRESOLVED,ALL5_LEVELS_bet23_to_bet27,19.3295,19.3295,24.1619,0.0000,0.0000,4.000000,4.000000,5.000000,0.000000,0.000000,96.000000,96.000000,95.000000,100.000000,100.000000,5.0,62.8210,60.1535,420.4173,423.0848,PENDING_AG03,FALSE,NOT_FOR_ENFORCEMENT,463.9088,46319.4703,483.2383,463.9088,19.3295,0.00902045,0.00865963,19.3295,463.9088,0.00865963,19.3295,19.3295,24.1619,0.0000,0.0000,463.9088,0.00865963,62.8210,60.1535,420.4173,423.0848,0.00784779,0.00789758,0.00036082,9.3346,8.4088,0.0842,5.5545,0.2517,615.7635,65.9540,8.3255,9.6426,5.1431,5.1891,8.2617,16.7816,25.8881,44.2602,5.1891,0.0,4.9889,8.529385,1.798876,29,193,98,2,0.20855820,0.00902045,0.00297427,0E-8,0.000000,0.900656,0.000000,0.00763944,2026-03-21,2026-08-06,87,1920,882,139,0.625899,0.863400,0.891889,0.695194,,,,,,,,GLOBAL_BASELINE_NO_ENTITY_RANKING,,,NOT_APPLICABLE_GLOBAL_BASELINE,HF9g-P5,,,,X 全窗基线 · 不参与实体赏罚,8397367,840,A168_HF9F_20260827_0900,2026-08-27 09:00:00
2026-07-17,54653530,1323,0,10.3271112488,9.8107556864,9.8107556864,1.0000000,2,2,0.50665070000000000,0.506650700000,1.3955260008387969,1.3955260008387969,1.3955260008387969,0E-17,ELIGIBLE,R03b_20260811_FULL_v1,L1_ELIGIBILITY,v2026-08-11,2026-03-21..2026-08-06,baccarat_bet02_101_all_pairs_incl_sentinel,round_win = game_pnl > 0 (decisive only),COMPATIBILITY_ONLY_NOT_PRODUCTION,53571.4227,48249.4483,483.2383,5739,5738,-0.00902045,-0.00297427,-0.01061372,-0.00902045,-483.2383,53571.4227,OK,0.0000,19.3295,4.0000,96.0000,AG03-UNRESOLVED,ALL5_LEVELS_bet23_to_bet27,19.3295,19.3295,24.1619,0.0000,0.0000,4.000000,4.000000,5.000000,0.000000,0.000000,96.000000,96.000000,95.000000,100.000000,100.000000,5.0,62.8210,60.1535,420.4173,423.0848,PENDING_AG03,FALSE,NOT_FOR_ENFORCEMENT,463.9088,46319.4703,483.2383,463.9088,19.3295,0.00902045,0.00865963,19.3295,463.9088,0.00865963,19.3295,19.3295,24.1619,0.0000,0.0000,463.9088,0.00865963,62.8210,60.1535,420.4173,423.0848,0.00784779,0.00789758,0.00036082,9.3346,8.4088,0.0842,5.5545,0.2517,615.7635,65.9540,8.3255,9.6426,5.1431,5.1891,8.2617,16.7816,25.8881,44.2602,5.1891,0.0,4.9889,8.529385,1.798876,29,193,98,2,0.20855820,0.00902045,0.00297427,0E-8,0.000000,0.900656,0.000000,0.00763944,2026-03-21,2026-08-06,87,1920,882,139,0.625899,0.863400,0.891889,0.695194,,,,,,,,GLOBAL_BASELINE_NO_ENTITY_RANKING,,,NOT_APPLICABLE_GLOBAL_BASELINE,HF9g-P5,,,,X 全窗基线 · 不参与实体赏罚,8397368,840,A168_HF9F_20260827_0900,2026-08-27 09:00:00
2026-07-17,54653530,1331,0,29.9486226215,2.7754111481,2.7754111481,0.3333333,3,3,0.50665070000000000,0.506650700000,-0.6004420894325239,-0.6004420894325239,-0.6004420894325239,0E-17,ELIGIBLE,R03b_20260811_FULL_v1,L1_ELIGIBILITY,v2026-08-11,2026-03-21..2026-08-06,baccarat_bet02_101_all_pairs_incl_sentinel,round_win = game_pnl > 0 (decisive only),COMPATIBILITY_ONLY_NOT_PRODUCTION,53571.4227,48249.4483,483.2383,5739,5738,-0.00902045,-0.00297427,-0.01061372,-0.00902045,-483.2383,53571.4227,OK,0.0000,19.3295,4.0000,96.0000,AG03-UNRESOLVED,ALL5_LEVELS_bet23_to_bet27,19.3295,19.3295,24.1619,0.0000,0.0000,4.000000,4.000000,5.000000,0.000000,0.000000,96.000000,96.000000,95.000000,100.000000,100.000000,5.0,62.8210,60.1535,420.4173,423.0848,PENDING_AG03,FALSE,NOT_FOR_ENFORCEMENT,463.9088,46319.4703,483.2383,463.9088,19.3295,0.00902045,0.00865963,19.3295,463.9088,0.00865963,19.3295,19.3295,24.1619,0.0000,0.0000,463.9088,0.00865963,62.8210,60.1535,420.4173,423.0848,0.00784779,0.00789758,0.00036082,9.3346,8.4088,0.0842,5.5545,0.2517,615.7635,65.9540,8.3255,9.6426,5.1431,5.1891,8.2617,16.7816,25.8881,44.2602,5.1891,0.0,4.9889,8.529385,1.798876,29,193,98,2,0.20855820,0.00902045,0.00297427,0E-8,0.000000,0.900656,0.000000,0.00763944,2026-03-21,2026-08-06,87,1920,882,139,0.625899,0.863400,0.891889,0.695194,,,,,,,,GLOBAL_BASELINE_NO_ENTITY_RANKING,,,NOT_APPLICABLE_GLOBAL_BASELINE,HF9g-P5,,,,X 全窗基线 · 不参与实体赏罚,8397369,840,A168_HF9F_20260827_0900,2026-08-27 09:00:00
2026-07-17,54653530,1363,0,5.1635556244,4.9053778432,4.9053778432,1.0000000,1,1,0.50665070000000000,0.506650700000,0.9867858985152569,0.9867858985152569,0.9867858985152569,0E-17,ELIGIBLE,R03b_20260811_FULL_v1,L1_ELIGIBILITY,v2026-08-11,2026-03-21..2026-08-06,baccarat_bet02_101_all_pairs_incl_sentinel,round_win = game_pnl > 0 (decisive only),COMPATIBILITY_ONLY_NOT_PRODUCTION,53571.4227,48249.4483,483.2383,5739,5738,-0.00902045,-0.00297427,-0.01061372,-0.00902045,-483.2383,53571.4227,OK,0.0000,19.3295,4.0000,96.0000,AG03-UNRESOLVED,ALL5_LEVELS_bet23_to_bet27,19.3295,19.3295,24.1619,0.0000,0.0000,4.000000,4.000000,5.000000,0.000000,0.000000,96.000000,96.000000,95.000000,100.000000,100.000000,5.0,62.8210,60.1535,420.4173,423.0848,PENDING_AG03,FALSE,NOT_FOR_ENFORCEMENT,463.9088,46319.4703,483.2383,463.9088,19.3295,0.00902045,0.00865963,19.3295,463.9088,0.00865963,19.3295,19.3295,24.1619,0.0000,0.0000,463.9088,0.00865963,62.8210,60.1535,420.4173,423.0848,0.00784779,0.00789758,0.00036082,9.3346,8.4088,0.0842,5.5545,0.2517,615.7635,65.9540,8.3255,9.6426,5.1431,5.1891,8.2617,16.7816,25.8881,44.2602,5.1891,0.0,4.9889,8.529385,1.798876,29,193,98,2,0.20855820,0.00902045,0.00297427,0E-8,0.000000,0.900656,0.000000,0.00763944,2026-03-21,2026-08-06,87,1920,882,139,0.625899,0.863400,0.891889,0.695194,,,,,,,,GLOBAL_BASELINE_NO_ENTITY_RANKING,,,NOT_APPLICABLE_GLOBAL_BASELINE,HF9g-P5,,,,X 全窗基线 · 不参与实体赏罚,8397370,840,A168_HF9F_20260827_0900,2026-08-27 09:00:00
2026-07-17,54653530,1374,0,5.1635556244,4.9053778432,4.9053778432,1.0000000,1,1,0.50665070000000000,0.506650700000,0.9867858985152569,0.9867858985152569,0.9867858985152569,0E-17,ELIGIBLE,R03b_20260811_FULL_v1,L1_ELIGIBILITY,v2026-08-11,2026-03-21..2026-08-06,baccarat_bet02_101_all_pairs_incl_sentinel,round_win = game_pnl > 0 (decisive only),COMPATIBILITY_ONLY_NOT_PRODUCTION,53571.4227,48249.4483,483.2383,5739,5738,-0.00902045,-0.00297427,-0.01061372,-0.00902045,-483.2383,53571.4227,OK,0.0000,19.3295,4.0000,96.0000,AG03-UNRESOLVED,ALL5_LEVELS_bet23_to_bet27,19.3295,19.3295,24.1619,0.0000,0.0000,4.000000,4.000000,5.000000,0.000000,0.000000,96.000000,96.000000,95.000000,100.000000,100.000000,5.0,62.8210,60.1535,420.4173,423.0848,PENDING_AG03,FALSE,NOT_FOR_ENFORCEMENT,463.9088,46319.4703,483.2383,463.9088,19.3295,0.00902045,0.00865963,19.3295,463.9088,0.00865963,19.3295,19.3295,24.1619,0.0000,0.0000,463.9088,0.00865963,62.8210,60.1535,420.4173,423.0848,0.00784779,0.00789758,0.00036082,9.3346,8.4088,0.0842,5.5545,0.2517,615.7635,65.9540,8.3255,9.6426,5.1431,5.1891,8.2617,16.7816,25.8881,44.2602,5.1891,0.0,4.9889,8.529385,1.798876,29,193,98,2,0.20855820,0.00902045,0.00297427,0E-8,0.000000,0.900656,0.000000,0.00763944,2026-03-21,2026-08-06,87,1920,882,139,0.625899,0.863400,0.891889,0.695194,,,,,,,,GLOBAL_BASELINE_NO_ENTITY_RANKING,,,NOT_APPLICABLE_GLOBAL_BASELINE,HF9g-P5,,,,X 全窗基线 · 不参与实体赏罚,8397371,840,A168_HF9F_20260827_0900,2026-08-27 09:00:00
2026-07-17,54653530,1399,0,10.3271112488,-0.2581777812,-0.2581777812,0.5000000,2,2,0.50665070000000000,0.506650700000,-0.018812684590367487,-0.018812684590367487,-0.018812684590367487,0E-17,ELIGIBLE,R03b_20260811_FULL_v1,L1_ELIGIBILITY,v2026-08-11,2026-03-21..2026-08-06,baccarat_bet02_101_all_pairs_incl_sentinel,round_win = game_pnl > 0 (decisive only),COMPATIBILITY_ONLY_NOT_PRODUCTION,53571.4227,48249.4483,483.2383,5739,5738,-0.00902045,-0.00297427,-0.01061372,-0.00902045,-483.2383,53571.4227,OK,0.0000,19.3295,4.0000,96.0000,AG03-UNRESOLVED,ALL5_LEVELS_bet23_to_bet27,19.3295,19.3295,24.1619,0.0000,0.0000,4.000000,4.000000,5.000000,0.000000,0.000000,96.000000,96.000000,95.000000,100.000000,100.000000,5.0,62.8210,60.1535,420.4173,423.0848,PENDING_AG03,FALSE,NOT_FOR_ENFORCEMENT,463.9088,46319.4703,483.2383,463.9088,19.3295,0.00902045,0.00865963,19.3295,463.9088,0.00865963,19.3295,19.3295,24.1619,0.0000,0.0000,463.9088,0.00865963,62.8210,60.1535,420.4173,423.0848,0.00784779,0.00789758,0.00036082,9.3346,8.4088,0.0842,5.5545,0.2517,615.7635,65.9540,8.3255,9.6426,5.1431,5.1891,8.2617,16.7816,25.8881,44.2602,5.1891,0.0,4.9889,8.529385,1.798876,29,193,98,2,0.20855820,0.00902045,0.00297427,0E-8,0.000000,0.900656,0.000000,0.00763944,2026-03-21,2026-08-06,87,1920,882,139,0.625899,0.863400,0.891889,0.695194,,,,,,,,GLOBAL_BASELINE_NO_ENTITY_RANKING,,,NOT_APPLICABLE_GLOBAL_BASELINE,HF9g-P5,,,,X 全窗基线 · 不参与实体赏罚,8397372,840,A168_HF9F_20260827_0900,2026-08-27 09:00:00
2026-07-17,54653530,1402,0,81.8423566468,-61.5754008210,-61.5754008210,0.1666667,7,7,0.50665070000000000,0.506650700000,-1.6657221670529434,-1.6657221670529434,-1.6657221670529434,0E-17,ELIGIBLE,R03b_20260811_FULL_v1,L1_ELIGIBILITY,v2026-08-11,2026-03-21..2026-08-06,baccarat_bet02_101_all_pairs_incl_sentinel,round_win = game_pnl > 0 (decisive only),COMPATIBILITY_ONLY_NOT_PRODUCTION,53571.4227,48249.4483,483.2383,5739,5738,-0.00902045,-0.00297427,-0.01061372,-0.00902045,-483.2383,53571.4227,OK,0.0000,19.3295,4.0000,96.0000,AG03-UNRESOLVED,ALL5_LEVELS_bet23_to_bet27,19.3295,19.3295,24.1619,0.0000,0.0000,4.000000,4.000000,5.000000,0.000000,0.000000,96.000000,96.000000,95.000000,100.000000,100.000000,5.0,62.8210,60.1535,420.4173,423.0848,PENDING_AG03,FALSE,NOT_FOR_ENFORCEMENT,463.9088,46319.4703,483.2383,463.9088,19.3295,0.00902045,0.00865963,19.3295,463.9088,0.00865963,19.3295,19.3295,24.1619,0.0000,0.0000,463.9088,0.00865963,62.8210,60.1535,420.4173,423.0848,0.00784779,0.00789758,0.00036082,9.3346,8.4088,0.0842,5.5545,0.2517,615.7635,65.9540,8.3255,9.6426,5.1431,5.1891,8.2617,16.7816,25.8881,44.2602,5.1891,0.0,4.9889,8.529385,1.798876,29,193,98,2,0.20855820,0.00902045,0.00297427,0E-8,0.000000,0.900656,0.000000,0.00763944,2026-03-21,2026-08-06,87,1920,882,139,0.625899,0.863400,0.891889,0.695194,,,,,,,,GLOBAL_BASELINE_NO_ENTITY_RANKING,,,NOT_APPLICABLE_GLOBAL_BASELINE,HF9g-P5,,,,X 全窗基线 · 不参与实体赏罚,8397373,840,A168_HF9F_20260827_0900,2026-08-27 09:00:00
2026-07-17,54653530,1490,0,13.4252446234,2.6850489247,2.6850489247,0.5000000,2,2,0.50665070000000000,0.506650700000,-0.018812684590367487,-0.018812684590367487,-0.018812684590367487,0E-17,ELIGIBLE,R03b_20260811_FULL_v1,L1_ELIGIBILITY,v2026-08-11,2026-03-21..2026-08-06,baccarat_bet02_101_all_pairs_incl_sentinel,round_win = game_pnl > 0 (decisive only),COMPATIBILITY_ONLY_NOT_PRODUCTION,53571.4227,48249.4483,483.2383,5739,5738,-0.00902045,-0.00297427,-0.01061372,-0.00902045,-483.2383,53571.4227,OK,0.0000,19.3295,4.0000,96.0000,AG03-UNRESOLVED,ALL5_LEVELS_bet23_to_bet27,19.3295,19.3295,24.1619,0.0000,0.0000,4.000000,4.000000,5.000000,0.000000,0.000000,96.000000,96.000000,95.000000,100.000000,100.000000,5.0,62.8210,60.1535,420.4173,423.0848,PENDING_AG03,FALSE,NOT_FOR_ENFORCEMENT,463.9088,46319.4703,483.2383,463.9088,19.3295,0.00902045,0.00865963,19.3295,463.9088,0.00865963,19.3295,19.3295,24.1619,0.0000,0.0000,463.9088,0.00865963,62.8210,60.1535,420.4173,423.0848,0.00784779,0.00789758,0.00036082,9.3346,8.4088,0.0842,5.5545,0.2517,615.7635,65.9540,8.3255,9.6426,5.1431,5.1891,8.2617,16.7816,25.8881,44.2602,5.1891,0.0,4.9889,8.529385,1.798876,29,193,98,2,0.20855820,0.00902045,0.00297427,0E-8,0.000000,0.900656,0.000000,0.00763944,2026-03-21,2026-08-06,87,1920,882,139,0.625899,0.863400,0.891889,0.695194,,,,,,,,GLOBAL_BASELINE_NO_ENTITY_RANKING,,,NOT_APPLICABLE_GLOBAL_BASELINE,HF9g-P5,,,,X 全窗基线 · 不参与实体赏罚,8397374,840,A168_HF9F_20260827_0900,2026-08-27 09:00:00
2026-07-17,54653530,1505,0,15.4906668732,14.7161335296,14.7161335296,1.0000000,3,3,0.50665070000000000,0.506650700000,1.7091633124209307,1.7091633124209307,1.7091633124209307,0E-17,ELIGIBLE,R03b_20260811_FULL_v1,L1_ELIGIBILITY,v2026-08-11,2026-03-21..2026-08-06,baccarat_bet02_101_all_pairs_incl_sentinel,round_win = game_pnl > 0 (decisive only),COMPATIBILITY_ONLY_NOT_PRODUCTION,53571.4227,48249.4483,483.2383,5739,5738,-0.00902045,-0.00297427,-0.01061372,-0.00902045,-483.2383,53571.4227,OK,0.0000,19.3295,4.0000,96.0000,AG03-UNRESOLVED,ALL5_LEVELS_bet23_to_bet27,19.3295,19.3295,24.1619,0.0000,0.0000,4.000000,4.000000,5.000000,0.000000,0.000000,96.000000,96.000000,95.000000,100.000000,100.000000,5.0,62.8210,60.1535,420.4173,423.0848,PENDING_AG03,FALSE,NOT_FOR_ENFORCEMENT,463.9088,46319.4703,483.2383,463.9088,19.3295,0.00902045,0.00865963,19.3295,463.9088,0.00865963,19.3295,19.3295,24.1619,0.0000,0.0000,463.9088,0.00865963,62.8210,60.1535,420.4173,423.0848,0.00784779,0.00789758,0.00036082,9.3346,8.4088,0.0842,5.5545,0.2517,615.7635,65.9540,8.3255,9.6426,5.1431,5.1891,8.2617,16.7816,25.8881,44.2602,5.1891,0.0,4.9889,8.529385,1.798876,29,193,98,2,0.20855820,0.00902045,0.00297427,0E-8,0.000000,0.900656,0.000000,0.00763944,2026-03-21,2026-08-06,87,1920,882,139,0.625899,0.863400,0.891889,0.695194,,,,,,,,GLOBAL_BASELINE_NO_ENTITY_RANKING,,,NOT_APPLICABLE_GLOBAL_BASELINE,HF9g-P5,,,,X 全窗基线 · 不参与实体赏罚,8397375,840,A168_HF9F_20260827_0900,2026-08-27 09:00:00
2026-07-17,54653530,1704,0,13.1670668422,2.4397800325,2.4397800325,0.5000000,2,2,0.50665070000000000,0.506650700000,-0.018812684590367487,-0.018812684590367487,-0.018812684590367487,0E-17,ELIGIBLE,R03b_20260811_FULL_v1,L1_ELIGIBILITY,v2026-08-11,2026-03-21..2026-08-06,baccarat_bet02_101_all_pairs_incl_sentinel,round_win = game_pnl > 0 (decisive only),COMPATIBILITY_ONLY_NOT_PRODUCTION,53571.4227,48249.4483,483.2383,5739,5738,-0.00902045,-0.00297427,-0.01061372,-0.00902045,-483.2383,53571.4227,OK,0.0000,19.3295,4.0000,96.0000,AG03-UNRESOLVED,ALL5_LEVELS_bet23_to_bet27,19.3295,19.3295,24.1619,0.0000,0.0000,4.000000,4.000000,5.000000,0.000000,0.000000,96.000000,96.000000,95.000000,100.000000,100.000000,5.0,62.8210,60.1535,420.4173,423.0848,PENDING_AG03,FALSE,NOT_FOR_ENFORCEMENT,463.9088,46319.4703,483.2383,463.9088,19.3295,0.00902045,0.00865963,19.3295,463.9088,0.00865963,19.3295,19.3295,24.1619,0.0000,0.0000,463.9088,0.00865963,62.8210,60.1535,420.4173,423.0848,0.00784779,0.00789758,0.00036082,9.3346,8.4088,0.0842,5.5545,0.2517,615.7635,65.9540,8.3255,9.6426,5.1431,5.1891,8.2617,16.7816,25.8881,44.2602,5.1891,0.0,4.9889,8.529385,1.798876,29,193,98,2,0.20855820,0.00902045,0.00297427,0E-8,0.000000,0.900656,0.000000,0.00763944,2026-03-21,2026-08-06,87,1920,882,139,0.625899,0.863400,0.891889,0.695194,,,,,,,,GLOBAL_BASELINE_NO_ENTITY_RANKING,,,NOT_APPLICABLE_GLOBAL_BASELINE,HF9g-P5,,,,X 全窗基线 · 不参与实体赏罚,8397376,840,A168_HF9F_20260827_0900,2026-08-27 09:00:00
2026-07-17,54653530,1951,0,12.9088890610,2.1945111404,2.1945111404,0.5000000,2,2,0.50665070000000000,0.506650700000,-0.018812684590367487,-0.018812684590367487,-0.018812684590367487,0E-17,ELIGIBLE,R03b_20260811_FULL_v1,L1_ELIGIBILITY,v2026-08-11,2026-03-21..2026-08-06,baccarat_bet02_101_all_pairs_incl_sentinel,round_win = game_pnl > 0 (decisive only),COMPATIBILITY_ONLY_NOT_PRODUCTION,53571.4227,48249.4483,483.2383,5739,5738,-0.00902045,-0.00297427,-0.01061372,-0.00902045,-483.2383,53571.4227,OK,0.0000,19.3295,4.0000,96.0000,AG03-UNRESOLVED,ALL5_LEVELS_bet23_to_bet27,19.3295,19.3295,24.1619,0.0000,0.0000,4.000000,4.000000,5.000000,0.000000,0.000000,96.000000,96.000000,95.000000,100.000000,100.000000,5.0,62.8210,60.1535,420.4173,423.0848,PENDING_AG03,FALSE,NOT_FOR_ENFORCEMENT,463.9088,46319.4703,483.2383,463.9088,19.3295,0.00902045,0.00865963,19.3295,463.9088,0.00865963,19.3295,19.3295,24.1619,0.0000,0.0000,463.9088,0.00865963,62.8210,60.1535,420.4173,423.0848,0.00784779,0.00789758,0.00036082,9.3346,8.4088,0.0842,5.5545,0.2517,615.7635,65.9540,8.3255,9.6426,5.1431,5.1891,8.2617,16.7816,25.8881,44.2602,5.1891,0.0,4.9889,8.529385,1.798876,29,193,98,2,0.20855820,0.00902045,0.00297427,0E-8,0.000000,0.900656,0.000000,0.00763944,2026-03-21,2026-08-06,87,1920,882,139,0.625899,0.863400,0.891889,0.695194,,,,,,,,GLOBAL_BASELINE_NO_ENTITY_RANKING,,,NOT_APPLICABLE_GLOBAL_BASELINE,HF9g-P5,,,,X 全窗基线 · 不参与实体赏罚,8397377,840,A168_HF9F_20260827_0900,2026-08-27 09:00:00
2026-07-17,54653530,1966,0,5.1635556244,4.9053778432,4.9053778432,1.0000000,1,1,0.50665070000000000,0.506650700000,0.9867858985152569,0.9867858985152569,0.9867858985152569,0E-17,ELIGIBLE,R03b_20260811_FULL_v1,L1_ELIGIBILITY,v2026-08-11,2026-03-21..2026-08-06,baccarat_bet02_101_all_pairs_incl_sentinel,round_win = game_pnl > 0 (decisive only),COMPATIBILITY_ONLY_NOT_PRODUCTION,53571.4227,48249.4483,483.2383,5739,5738,-0.00902045,-0.00297427,-0.01061372,-0.00902045,-483.2383,53571.4227,OK,0.0000,19.3295,4.0000,96.0000,AG03-UNRESOLVED,ALL5_LEVELS_bet23_to_bet27,19.3295,19.3295,24.1619,0.0000,0.0000,4.000000,4.000000,5.000000,0.000000,0.000000,96.000000,96.000000,95.000000,100.000000,100.000000,5.0,62.8210,60.1535,420.4173,423.0848,PENDING_AG03,FALSE,NOT_FOR_ENFORCEMENT,463.9088,46319.4703,483.2383,463.9088,19.3295,0.00902045,0.00865963,19.3295,463.9088,0.00865963,19.3295,19.3295,24.1619,0.0000,0.0000,463.9088,0.00865963,62.8210,60.1535,420.4173,423.0848,0.00784779,0.00789758,0.00036082,9.3346,8.4088,0.0842,5.5545,0.2517,615.7635,65.9540,8.3255,9.6426,5.1431,5.1891,8.2617,16.7816,25.8881,44.2602,5.1891,0.0,4.9889,8.529385,1.798876,29,193,98,2,0.20855820,0.00902045,0.00297427,0E-8,0.000000,0.900656,0.000000,0.00763944,2026-03-21,2026-08-06,87,1920,882,139,0.625899,0.863400,0.891889,0.695194,,,,,,,,GLOBAL_BASELINE_NO_ENTITY_RANKING,,,NOT_APPLICABLE_GLOBAL_BASELINE,HF9g-P5,,,,X 全窗基线 · 不参与实体赏罚,8397378,840,A168_HF9F_20260827_0900,2026-08-27 09:00:00
2026-07-17,54653530,1994,0,28.6577337154,7.3451578757,7.3451578757,0.6666667,5,5,0.50665070000000000,0.506650700000,0.5543606114942035,0.5543606114942035,0.5543606114942035,0E-17,ELIGIBLE,R03b_20260811_FULL_v1,L1_ELIGIBILITY,v2026-08-11,2026-03-21..2026-08-06,baccarat_bet02_101_all_pairs_incl_sentinel,round_win = game_pnl > 0 (decisive only),COMPATIBILITY_ONLY_NOT_PRODUCTION,53571.4227,48249.4483,483.2383,5739,5738,-0.00902045,-0.00297427,-0.01061372,-0.00902045,-483.2383,53571.4227,OK,0.0000,19.3295,4.0000,96.0000,AG03-UNRESOLVED,ALL5_LEVELS_bet23_to_bet27,19.3295,19.3295,24.1619,0.0000,0.0000,4.000000,4.000000,5.000000,0.000000,0.000000,96.000000,96.000000,95.000000,100.000000,100.000000,5.0,62.8210,60.1535,420.4173,423.0848,PENDING_AG03,FALSE,NOT_FOR_ENFORCEMENT,463.9088,46319.4703,483.2383,463.9088,19.3295,0.00902045,0.00865963,19.3295,463.9088,0.00865963,19.3295,19.3295,24.1619,0.0000,0.0000,463.9088,0.00865963,62.8210,60.1535,420.4173,423.0848,0.00784779,0.00789758,0.00036082,9.3346,8.4088,0.0842,5.5545,0.2517,615.7635,65.9540,8.3255,9.6426,5.1431,5.1891,8.2617,16.7816,25.8881,44.2602,5.1891,0.0,4.9889,8.529385,1.798876,29,193,98,2,0.20855820,0.00902045,0.00297427,0E-8,0.000000,0.900656,0.000000,0.00763944,2026-03-21,2026-08-06,87,1920,882,139,0.625899,0.863400,0.891889,0.695194,,,,,,,,GLOBAL_BASELINE_NO_ENTITY_RANKING,,,NOT_APPLICABLE_GLOBAL_BASELINE,HF9g-P5,,,,X 全窗基线 · 不参与实体赏罚,8397379,840,A168_HF9F_20260827_0900,2026-08-27 09:00:00
2026-07-17,54653530,2103,0,10.3271112488,-0.2581777812,-0.2581777812,0.5000000,2,2,0.50665070000000000,0.506650700000,-0.018812684590367487,-0.018812684590367487,-0.018812684590367487,0E-17,ELIGIBLE,R03b_20260811_FULL_v1,L1_ELIGIBILITY,v2026-08-11,2026-03-21..2026-08-06,baccarat_bet02_101_all_pairs_incl_sentinel,round_win = game_pnl > 0 (decisive only),COMPATIBILITY_ONLY_NOT_PRODUCTION,53571.4227,48249.4483,483.2383,5739,5738,-0.00902045,-0.00297427,-0.01061372,-0.00902045,-483.2383,53571.4227,OK,0.0000,19.3295,4.0000,96.0000,AG03-UNRESOLVED,ALL5_LEVELS_bet23_to_bet27,19.3295,19.3295,24.1619,0.0000,0.0000,4.000000,4.000000,5.000000,0.000000,0.000000,96.000000,96.000000,95.000000,100.000000,100.000000,5.0,62.8210,60.1535,420.4173,423.0848,PENDING_AG03,FALSE,NOT_FOR_ENFORCEMENT,463.9088,46319.4703,483.2383,463.9088,19.3295,0.00902045,0.00865963,19.3295,463.9088,0.00865963,19.3295,19.3295,24.1619,0.0000,0.0000,463.9088,0.00865963,62.8210,60.1535,420.4173,423.0848,0.00784779,0.00789758,0.00036082,9.3346,8.4088,0.0842,5.5545,0.2517,615.7635,65.9540,8.3255,9.6426,5.1431,5.1891,8.2617,16.7816,25.8881,44.2602,5.1891,0.0,4.9889,8.529385,1.798876,29,193,98,2,0.20855820,0.00902045,0.00297427,0E-8,0.000000,0.900656,0.000000,0.00763944,2026-03-21,2026-08-06,87,1920,882,139,0.625899,0.863400,0.891889,0.695194,,,,,,,,GLOBAL_BASELINE_NO_ENTITY_RANKING,,,NOT_APPLICABLE_GLOBAL_BASELINE,HF9g-P5,,,,X 全窗基线 · 不参与实体赏罚,8397380,840,A168_HF9F_20260827_0900,2026-08-27 09:00:00
2026-07-17,54653530,2115,0,10.3271112488,9.8107556864,9.8107556864,1.0000000,2,2,0.50665070000000000,0.506650700000,1.3955260008387969,1.3955260008387969,1.3955260008387969,0E-17,ELIGIBLE,R03b_20260811_FULL_v1,L1_ELIGIBILITY,v2026-08-11,2026-03-21..2026-08-06,baccarat_bet02_101_all_pairs_incl_sentinel,round_win = game_pnl > 0 (decisive only),COMPATIBILITY_ONLY_NOT_PRODUCTION,53571.4227,48249.4483,483.2383,5739,5738,-0.00902045,-0.00297427,-0.01061372,-0.00902045,-483.2383,53571.4227,OK,0.0000,19.3295,4.0000,96.0000,AG03-UNRESOLVED,ALL5_LEVELS_bet23_to_bet27,19.3295,19.3295,24.1619,0.0000,0.0000,4.000000,4.000000,5.000000,0.000000,0.000000,96.000000,96.000000,95.000000,100.000000,100.000000,5.0,62.8210,60.1535,420.4173,423.0848,PENDING_AG03,FALSE,NOT_FOR_ENFORCEMENT,463.9088,46319.4703,483.2383,463.9088,19.3295,0.00902045,0.00865963,19.3295,463.9088,0.00865963,19.3295,19.3295,24.1619,0.0000,0.0000,463.9088,0.00865963,62.8210,60.1535,420.4173,423.0848,0.00784779,0.00789758,0.00036082,9.3346,8.4088,0.0842,5.5545,0.2517,615.7635,65.9540,8.3255,9.6426,5.1431,5.1891,8.2617,16.7816,25.8881,44.2602,5.1891,0.0,4.9889,8.529385,1.798876,29,193,98,2,0.20855820,0.00902045,0.00297427,0E-8,0.000000,0.900656,0.000000,0.00763944,2026-03-21,2026-08-06,87,1920,882,139,0.625899,0.863400,0.891889,0.695194,,,,,,,,GLOBAL_BASELINE_NO_ENTITY_RANKING,,,NOT_APPLICABLE_GLOBAL_BASELINE,HF9g-P5,,,,X 全窗基线 · 不参与实体赏罚,8397381,840,A168_HF9F_20260827_0900,2026-08-27 09:00:00
2026-07-17,54653530,2129,0,10.3271112488,9.8107556864,9.8107556864,1.0000000,2,2,0.50665070000000000,0.506650700000,1.3955260008387969,1.3955260008387969,1.3955260008387969,0E-17,ELIGIBLE,R03b_20260811_FULL_v1,L1_ELIGIBILITY,v2026-08-11,2026-03-21..2026-08-06,baccarat_bet02_101_all_pairs_incl_sentinel,round_win = game_pnl > 0 (decisive only),COMPATIBILITY_ONLY_NOT_PRODUCTION,53571.4227,48249.4483,483.2383,5739,5738,-0.00902045,-0.00297427,-0.01061372,-0.00902045,-483.2383,53571.4227,OK,0.0000,19.3295,4.0000,96.0000,AG03-UNRESOLVED,ALL5_LEVELS_bet23_to_bet27,19.3295,19.3295,24.1619,0.0000,0.0000,4.000000,4.000000,5.000000,0.000000,0.000000,96.000000,96.000000,95.000000,100.000000,100.000000,5.0,62.8210,60.1535,420.4173,423.0848,PENDING_AG03,FALSE,NOT_FOR_ENFORCEMENT,463.9088,46319.4703,483.2383,463.9088,19.3295,0.00902045,0.00865963,19.3295,463.9088,0.00865963,19.3295,19.3295,24.1619,0.0000,0.0000,463.9088,0.00865963,62.8210,60.1535,420.4173,423.0848,0.00784779,0.00789758,0.00036082,9.3346,8.4088,0.0842,5.5545,0.2517,615.7635,65.9540,8.3255,9.6426,5.1431,5.1891,8.2617,16.7816,25.8881,44.2602,5.1891,0.0,4.9889,8.529385,1.798876,29,193,98,2,0.20855820,0.00902045,0.00297427,0E-8,0.000000,0.900656,0.000000,0.00763944,2026-03-21,2026-08-06,87,1920,882,139,0.625899,0.863400,0.891889,0.695194,,,,,,,,GLOBAL_BASELINE_NO_ENTITY_RANKING,,,NOT_APPLICABLE_GLOBAL_BASELINE,HF9g-P5,,,,X 全窗基线 · 不参与实体赏罚,8397382,840,A168_HF9F_20260827_0900,2026-08-27 09:00:00
2026-07-17,54653530,2147,0,21.1705780600,2.4397800325,2.4397800325,0.5000000,3,3,0.50665070000000000,0.506650700000,-0.018812684590367487,-0.018812684590367487,-0.018812684590367487,0E-17,ELIGIBLE,R03b_20260811_FULL_v1,L1_ELIGIBILITY,v2026-08-11,2026-03-21..2026-08-06,baccarat_bet02_101_all_pairs_incl_sentinel,round_win = game_pnl > 0 (decisive only),COMPATIBILITY_ONLY_NOT_PRODUCTION,53571.4227,48249.4483,483.2383,5739,5738,-0.00902045,-0.00297427,-0.01061372,-0.00902045,-483.2383,53571.4227,OK,0.0000,19.3295,4.0000,96.0000,AG03-UNRESOLVED,ALL5_LEVELS_bet23_to_bet27,19.3295,19.3295,24.1619,0.0000,0.0000,4.000000,4.000000,5.000000,0.000000,0.000000,96.000000,96.000000,95.000000,100.000000,100.000000,5.0,62.8210,60.1535,420.4173,423.0848,PENDING_AG03,FALSE,NOT_FOR_ENFORCEMENT,463.9088,46319.4703,483.2383,463.9088,19.3295,0.00902045,0.00865963,19.3295,463.9088,0.00865963,19.3295,19.3295,24.1619,0.0000,0.0000,463.9088,0.00865963,62.8210,60.1535,420.4173,423.0848,0.00784779,0.00789758,0.00036082,9.3346,8.4088,0.0842,5.5545,0.2517,615.7635,65.9540,8.3255,9.6426,5.1431,5.1891,8.2617,16.7816,25.8881,44.2602,5.1891,0.0,4.9889,8.529385,1.798876,29,193,98,2,0.20855820,0.00902045,0.00297427,0E-8,0.000000,0.900656,0.000000,0.00763944,2026-03-21,2026-08-06,87,1920,882,139,0.625899,0.863400,0.891889,0.695194,,,,,,,,GLOBAL_BASELINE_NO_ENTITY_RANKING,,,NOT_APPLICABLE_GLOBAL_BASELINE,HF9g-P5,,,,X 全窗基线 · 不参与实体赏罚,8397383,840,A168_HF9F_20260827_0900,2026-08-27 09:00:00
2026-07-17,54653530,2174,0,110.2419125811,14.1610512999,14.1610512999,0.5000000,10,10,0.50665070000000000,0.506650700000,-0.037625369180734974,-0.037625369180734974,-0.037625369180734974,0E-17,ELIGIBLE,R03b_20260811_FULL_v1,L1_ELIGIBILITY,v2026-08-11,2026-03-21..2026-08-06,baccarat_bet02_101_all_pairs_incl_sentinel,round_win = game_pnl > 0 (decisive only),COMPATIBILITY_ONLY_NOT_PRODUCTION,53571.4227,48249.4483,483.2383,5739,5738,-0.00902045,-0.00297427,-0.01061372,-0.00902045,-483.2383,53571.4227,OK,0.0000,19.3295,4.0000,96.0000,AG03-UNRESOLVED,ALL5_LEVELS_bet23_to_bet27,19.3295,19.3295,24.1619,0.0000,0.0000,4.000000,4.000000,5.000000,0.000000,0.000000,96.000000,96.000000,95.000000,100.000000,100.000000,5.0,62.8210,60.1535,420.4173,423.0848,PENDING_AG03,FALSE,NOT_FOR_ENFORCEMENT,463.9088,46319.4703,483.2383,463.9088,19.3295,0.00902045,0.00865963,19.3295,463.9088,0.00865963,19.3295,19.3295,24.1619,0.0000,0.0000,463.9088,0.00865963,62.8210,60.1535,420.4173,423.0848,0.00784779,0.00789758,0.00036082,9.3346,8.4088,0.0842,5.5545,0.2517,615.7635,65.9540,8.3255,9.6426,5.1431,5.1891,8.2617,16.7816,25.8881,44.2602,5.1891,0.0,4.9889,8.529385,1.798876,29,193,98,2,0.20855820,0.00902045,0.00297427,0E-8,0.000000,0.900656,0.000000,0.00763944,2026-03-21,2026-08-06,87,1920,882,139,0.625899,0.863400,0.891889,0.695194,,,,,,,,GLOBAL_BASELINE_NO_ENTITY_RANKING,,,NOT_APPLICABLE_GLOBAL_BASELINE,HF9g-P5,,,,X 全窗基线 · 不参与实体赏罚,8397384,840,A168_HF9F_20260827_0900,2026-08-27 09:00:00
2026-07-17,54653530,2224,0,63.7699119613,11.7470890456,11.7470890456,0.5000000,4,4,0.50665070000000000,0.506650700000,-0.02660515369234503,-0.02660515369234503,-0.02660515369234503,0E-17,ELIGIBLE,R03b_20260811_FULL_v1,L1_ELIGIBILITY,v2026-08-11,2026-03-21..2026-08-06,baccarat_bet02_101_all_pairs_incl_sentinel,round_win = game_pnl > 0 (decisive only),COMPATIBILITY_ONLY_NOT_PRODUCTION,53571.4227,48249.4483,483.2383,5739,5738,-0.00902045,-0.00297427,-0.01061372,-0.00902045,-483.2383,53571.4227,OK,0.0000,19.3295,4.0000,96.0000,AG03-UNRESOLVED,ALL5_LEVELS_bet23_to_bet27,19.3295,19.3295,24.1619,0.0000,0.0000,4.000000,4.000000,5.000000,0.000000,0.000000,96.000000,96.000000,95.000000,100.000000,100.000000,5.0,62.8210,60.1535,420.4173,423.0848,PENDING_AG03,FALSE,NOT_FOR_ENFORCEMENT,463.9088,46319.4703,483.2383,463.9088,19.3295,0.00902045,0.00865963,19.3295,463.9088,0.00865963,19.3295,19.3295,24.1619,0.0000,0.0000,463.9088,0.00865963,62.8210,60.1535,420.4173,423.0848,0.00784779,0.00789758,0.00036082,9.3346,8.4088,0.0842,5.5545,0.2517,615.7635,65.9540,8.3255,9.6426,5.1431,5.1891,8.2617,16.7816,25.8881,44.2602,5.1891,0.0,4.9889,8.529385,1.798876,29,193,98,2,0.20855820,0.00902045,0.00297427,0E-8,0.000000,0.900656,0.000000,0.00763944,2026-03-21,2026-08-06,87,1920,882,139,0.625899,0.863400,0.891889,0.695194,,,,,,,,GLOBAL_BASELINE_NO_ENTITY_RANKING,,,NOT_APPLICABLE_GLOBAL_BASELINE,HF9g-P5,,,,X 全窗基线 · 不参与实体赏罚,8397385,840,A168_HF9F_20260827_0900,2026-08-27 09:00:00
2026-07-17,54653530,2233,0,68.4171120232,5.2926445151,5.2926445151,0.3333333,7,7,0.50665070000000000,0.506650700000,-0.8491533462951141,-0.8491533462951141,-0.8491533462951141,0E-17,ELIGIBLE,R03b_20260811_FULL_v1,L1_ELIGIBILITY,v2026-08-11,2026-03-21..2026-08-06,baccarat_bet02_101_all_pairs_incl_sentinel,round_win = game_pnl > 0 (decisive only),COMPATIBILITY_ONLY_NOT_PRODUCTION,53571.4227,48249.4483,483.2383,5739,5738,-0.00902045,-0.00297427,-0.01061372,-0.00902045,-483.2383,53571.4227,OK,0.0000,19.3295,4.0000,96.0000,AG03-UNRESOLVED,ALL5_LEVELS_bet23_to_bet27,19.3295,19.3295,24.1619,0.0000,0.0000,4.000000,4.000000,5.000000,0.000000,0.000000,96.000000,96.000000,95.000000,100.000000,100.000000,5.0,62.8210,60.1535,420.4173,423.0848,PENDING_AG03,FALSE,NOT_FOR_ENFORCEMENT,463.9088,46319.4703,483.2383,463.9088,19.3295,0.00902045,0.00865963,19.3295,463.9088,0.00865963,19.3295,19.3295,24.1619,0.0000,0.0000,463.9088,0.00865963,62.8210,60.1535,420.4173,423.0848,0.00784779,0.00789758,0.00036082,9.3346,8.4088,0.0842,5.5545,0.2517,615.7635,65.9540,8.3255,9.6426,5.1431,5.1891,8.2617,16.7816,25.8881,44.2602,5.1891,0.0,4.9889,8.529385,1.798876,29,193,98,2,0.20855820,0.00902045,0.00297427,0E-8,0.000000,0.900656,0.000000,0.00763944,2026-03-21,2026-08-06,87,1920,882,139,0.625899,0.863400,0.891889,0.695194,,,,,,,,GLOBAL_BASELINE_NO_ENTITY_RANKING,,,NOT_APPLICABLE_GLOBAL_BASELINE,HF9g-P5,,,,X 全窗基线 · 不参与实体赏罚,8397386,840,A168_HF9F_20260827_0900,2026-08-27 09:00:00
2026-07-17,54653530,2235,0,74.0970232101,-26.5923114656,-26.5923114656,0.2500000,5,5,0.50665070000000000,0.506650700000,-1.0266936290537745,-1.0266936290537745,-1.0266936290537745,0E-17,ELIGIBLE,R03b_20260811_FULL_v1,L1_ELIGIBILITY,v2026-08-11,2026-03-21..2026-08-06,baccarat_bet02_101_all_pairs_incl_sentinel,round_win = game_pnl > 0 (decisive only),COMPATIBILITY_ONLY_NOT_PRODUCTION,53571.4227,48249.4483,483.2383,5739,5738,-0.00902045,-0.00297427,-0.01061372,-0.00902045,-483.2383,53571.4227,OK,0.0000,19.3295,4.0000,96.0000,AG03-UNRESOLVED,ALL5_LEVELS_bet23_to_bet27,19.3295,19.3295,24.1619,0.0000,0.0000,4.000000,4.000000,5.000000,0.000000,0.000000,96.000000,96.000000,95.000000,100.000000,100.000000,5.0,62.8210,60.1535,420.4173,423.0848,PENDING_AG03,FALSE,NOT_FOR_ENFORCEMENT,463.9088,46319.4703,483.2383,463.9088,19.3295,0.00902045,0.00865963,19.3295,463.9088,0.00865963,19.3295,19.3295,24.1619,0.0000,0.0000,463.9088,0.00865963,62.8210,60.1535,420.4173,423.0848,0.00784779,0.00789758,0.00036082,9.3346,8.4088,0.0842,5.5545,0.2517,615.7635,65.9540,8.3255,9.6426,5.1431,5.1891,8.2617,16.7816,25.8881,44.2602,5.1891,0.0,4.9889,8.529385,1.798876,29,193,98,2,0.20855820,0.00902045,0.00297427,0E-8,0.000000,0.900656,0.000000,0.00763944,2026-03-21,2026-08-06,87,1920,882,139,0.625899,0.863400,0.891889,0.695194,,,,,,,,GLOBAL_BASELINE_NO_ENTITY_RANKING,,,NOT_APPLICABLE_GLOBAL_BASELINE,HF9g-P5,,,,X 全窗基线 · 不参与实体赏罚,8397387,840,A168_HF9F_20260827_0900,2026-08-27 09:00:00
2026-07-17,54653530,2266,0,5.1635556244,4.9053778432,4.9053778432,1.0000000,1,1,0.50665070000000000,0.506650700000,0.9867858985152569,0.9867858985152569,0.9867858985152569,0E-17,ELIGIBLE,R03b_20260811_FULL_v1,L1_ELIGIBILITY,v2026-08-11,2026-03-21..2026-08-06,baccarat_bet02_101_all_pairs_incl_sentinel,round_win = game_pnl > 0 (decisive only),COMPATIBILITY_ONLY_NOT_PRODUCTION,53571.4227,48249.4483,483.2383,5739,5738,-0.00902045,-0.00297427,-0.01061372,-0.00902045,-483.2383,53571.4227,OK,0.0000,19.3295,4.0000,96.0000,AG03-UNRESOLVED,ALL5_LEVELS_bet23_to_bet27,19.3295,19.3295,24.1619,0.0000,0.0000,4.000000,4.000000,5.000000,0.000000,0.000000,96.000000,96.000000,95.000000,100.000000,100.000000,5.0,62.8210,60.1535,420.4173,423.0848,PENDING_AG03,FALSE,NOT_FOR_ENFORCEMENT,463.9088,46319.4703,483.2383,463.9088,19.3295,0.00902045,0.00865963,19.3295,463.9088,0.00865963,19.3295,19.3295,24.1619,0.0000,0.0000,463.9088,0.00865963,62.8210,60.1535,420.4173,423.0848,0.00784779,0.00789758,0.00036082,9.3346,8.4088,0.0842,5.5545,0.2517,615.7635,65.9540,8.3255,9.6426,5.1431,5.1891,8.2617,16.7816,25.8881,44.2602,5.1891,0.0,4.9889,8.529385,1.798876,29,193,98,2,0.20855820,0.00902045,0.00297427,0E-8,0.000000,0.900656,0.000000,0.00763944,2026-03-21,2026-08-06,87,1920,882,139,0.625899,0.863400,0.891889,0.695194,,,,,,,,GLOBAL_BASELINE_NO_ENTITY_RANKING,,,NOT_APPLICABLE_GLOBAL_BASELINE,HF9g-P5,,,,X 全窗基线 · 不参与实体赏罚,8397388,840,A168_HF9F_20260827_0900,2026-08-27 09:00:00
2026-07-17,54653530,2281,0,33.8212893398,22.0612914053,22.0612914053,0.8333333,6,6,0.50665070000000000,0.506650700000,1.6005531159783741,1.6005531159783741,1.6005531159783741,0E-17,ELIGIBLE,R03b_20260811_FULL_v1,L1_ELIGIBILITY,v2026-08-11,2026-03-21..2026-08-06,baccarat_bet02_101_all_pairs_incl_sentinel,round_win = game_pnl > 0 (decisive only),COMPATIBILITY_ONLY_NOT_PRODUCTION,53571.4227,48249.4483,483.2383,5739,5738,-0.00902045,-0.00297427,-0.01061372,-0.00902045,-483.2383,53571.4227,OK,0.0000,19.3295,4.0000,96.0000,AG03-UNRESOLVED,ALL5_LEVELS_bet23_to_bet27,19.3295,19.3295,24.1619,0.0000,0.0000,4.000000,4.000000,5.000000,0.000000,0.000000,96.000000,96.000000,95.000000,100.000000,100.000000,5.0,62.8210,60.1535,420.4173,423.0848,PENDING_AG03,FALSE,NOT_FOR_ENFORCEMENT,463.9088,46319.4703,483.2383,463.9088,19.3295,0.00902045,0.00865963,19.3295,463.9088,0.00865963,19.3295,19.3295,24.1619,0.0000,0.0000,463.9088,0.00865963,62.8210,60.1535,420.4173,423.0848,0.00784779,0.00789758,0.00036082,9.3346,8.4088,0.0842,5.5545,0.2517,615.7635,65.9540,8.3255,9.6426,5.1431,5.1891,8.2617,16.7816,25.8881,44.2602,5.1891,0.0,4.9889,8.529385,1.798876,29,193,98,2,0.20855820,0.00902045,0.00297427,0E-8,0.000000,0.900656,0.000000,0.00763944,2026-03-21,2026-08-06,87,1920,882,139,0.625899,0.863400,0.891889,0.695194,,,,,,,,GLOBAL_BASELINE_NO_ENTITY_RANKING,,,NOT_APPLICABLE_GLOBAL_BASELINE,HF9g-P5,,,,X 全窗基线 · 不参与实体赏罚,8397389,840,A168_HF9F_20260827_0900,2026-08-27 09:00:00
2026-07-17,54653530,583,0,10.3271112488,9.8107556864,9.8107556864,1.0000000,2,2,0.50665070000000000,0.506650700000,1.3955260008387969,1.3955260008387969,1.3955260008387969,0E-17,ELIGIBLE,R03b_20260811_FULL_v1,L1_ELIGIBILITY,v2026-08-11,2026-03-21..2026-08-06,baccarat_bet02_101_all_pairs_incl_sentinel,round_win = game_pnl > 0 (decisive only),COMPATIBILITY_ONLY_NOT_PRODUCTION,53571.4227,48249.4483,483.2383,5739,5738,-0.00902045,-0.00297427,-0.01061372,-0.00902045,-483.2383,53571.4227,OK,0.0000,19.3295,4.0000,96.0000,AG03-UNRESOLVED,ALL5_LEVELS_bet23_to_bet27,19.3295,19.3295,24.1619,0.0000,0.0000,4.000000,4.000000,5.000000,0.000000,0.000000,96.000000,96.000000,95.000000,100.000000,100.000000,5.0,62.8210,60.1535,420.4173,423.0848,PENDING_AG03,FALSE,NOT_FOR_ENFORCEMENT,463.9088,46319.4703,483.2383,463.9088,19.3295,0.00902045,0.00865963,19.3295,463.9088,0.00865963,19.3295,19.3295,24.1619,0.0000,0.0000,463.9088,0.00865963,62.8210,60.1535,420.4173,423.0848,0.00784779,0.00789758,0.00036082,9.3346,8.4088,0.0842,5.5545,0.2517,615.7635,65.9540,8.3255,9.6426,5.1431,5.1891,8.2617,16.7816,25.8881,44.2602,5.1891,0.0,4.9889,8.529385,1.798876,29,193,98,2,0.20855820,0.00902045,0.00297427,0E-8,0.000000,0.900656,0.000000,0.00763944,2026-03-21,2026-08-06,87,1920,882,139,0.625899,0.863400,0.891889,0.695194,,,,,,,,GLOBAL_BASELINE_NO_ENTITY_RANKING,,,NOT_APPLICABLE_GLOBAL_BASELINE,HF9g-P5,,,,X 全窗基线 · 不参与实体赏罚,8397390,840,A168_HF9F_20260827_0900,2026-08-27 09:00:00
2026-07-17,54653530,752,0,5.1635556244,4.9053778432,4.9053778432,1.0000000,1,1,0.50665070000000000,0.506650700000,0.9867858985152569,0.9867858985152569,0.9867858985152569,0E-17,ELIGIBLE,R03b_20260811_FULL_v1,L1_ELIGIBILITY,v2026-08-11,2026-03-21..2026-08-06,baccarat_bet02_101_all_pairs_incl_sentinel,round_win = game_pnl > 0 (decisive only),COMPATIBILITY_ONLY_NOT_PRODUCTION,53571.4227,48249.4483,483.2383,5739,5738,-0.00902045,-0.00297427,-0.01061372,-0.00902045,-483.2383,53571.4227,OK,0.0000,19.3295,4.0000,96.0000,AG03-UNRESOLVED,ALL5_LEVELS_bet23_to_bet27,19.3295,19.3295,24.1619,0.0000,0.0000,4.000000,4.000000,5.000000,0.000000,0.000000,96.000000,96.000000,95.000000,100.000000,100.000000,5.0,62.8210,60.1535,420.4173,423.0848,PENDING_AG03,FALSE,NOT_FOR_ENFORCEMENT,463.9088,46319.4703,483.2383,463.9088,19.3295,0.00902045,0.00865963,19.3295,463.9088,0.00865963,19.3295,19.3295,24.1619,0.0000,0.0000,463.9088,0.00865963,62.8210,60.1535,420.4173,423.0848,0.00784779,0.00789758,0.00036082,9.3346,8.4088,0.0842,5.5545,0.2517,615.7635,65.9540,8.3255,9.6426,5.1431,5.1891,8.2617,16.7816,25.8881,44.2602,5.1891,0.0,4.9889,8.529385,1.798876,29,193,98,2,0.20855820,0.00902045,0.00297427,0E-8,0.000000,0.900656,0.000000,0.00763944,2026-03-21,2026-08-06,87,1920,882,139,0.625899,0.863400,0.891889,0.695194,,,,,,,,GLOBAL_BASELINE_NO_ENTITY_RANKING,,,NOT_APPLICABLE_GLOBAL_BASELINE,HF9g-P5,,,,X 全窗基线 · 不参与实体赏罚,8397391,840,A168_HF9F_20260827_0900,2026-08-27 09:00:00
2026-07-17,54653530,994,0,23.7523558722,17.6593602355,17.6593602355,1.0000000,4,4,0.50665070000000000,0.506650700000,1.7091633124209307,1.7091633124209307,1.7091633124209307,0E-17,ELIGIBLE,R03b_20260811_FULL_v1,L1_ELIGIBILITY,v2026-08-11,2026-03-21..2026-08-06,baccarat_bet02_101_all_pairs_incl_sentinel,round_win = game_pnl > 0 (decisive only),COMPATIBILITY_ONLY_NOT_PRODUCTION,53571.4227,48249.4483,483.2383,5739,5738,-0.00902045,-0.00297427,-0.01061372,-0.00902045,-483.2383,53571.4227,OK,0.0000,19.3295,4.0000,96.0000,AG03-UNRESOLVED,ALL5_LEVELS_bet23_to_bet27,19.3295,19.3295,24.1619,0.0000,0.0000,4.000000,4.000000,5.000000,0.000000,0.000000,96.000000,96.000000,95.000000,100.000000,100.000000,5.0,62.8210,60.1535,420.4173,423.0848,PENDING_AG03,FALSE,NOT_FOR_ENFORCEMENT,463.9088,46319.4703,483.2383,463.9088,19.3295,0.00902045,0.00865963,19.3295,463.9088,0.00865963,19.3295,19.3295,24.1619,0.0000,0.0000,463.9088,0.00865963,62.8210,60.1535,420.4173,423.0848,0.00784779,0.00789758,0.00036082,9.3346,8.4088,0.0842,5.5545,0.2517,615.7635,65.9540,8.3255,9.6426,5.1431,5.1891,8.2617,16.7816,25.8881,44.2602,5.1891,0.0,4.9889,8.529385,1.798876,29,193,98,2,0.20855820,0.00902045,0.00297427,0E-8,0.000000,0.900656,0.000000,0.00763944,2026-03-21,2026-08-06,87,1920,882,139,0.625899,0.863400,0.891889,0.695194,,,,,,,,GLOBAL_BASELINE_NO_ENTITY_RANKING,,,NOT_APPLICABLE_GLOBAL_BASELINE,HF9g-P5,,,,X 全窗基线 · 不参与实体赏罚,8397392,840,A168_HF9F_20260827_0900,2026-08-27 09:00:00
2026-07-18,54653530,-1,1,13.6834224047,2.9303178169,2.9303178169,0.5000000,2,2,0.50665070000000000,0.506650700000,-0.018812684590367487,-0.018812684590367487,-0.018812684590367487,0E-17,SENTINEL_DEALER,R03b_20260811_FULL_v1,L1_ELIGIBILITY,v2026-08-11,2026-03-21..2026-08-06,baccarat_bet02_101_all_pairs_incl_sentinel,round_win = game_pnl > 0 (decisive only),COMPATIBILITY_ONLY_NOT_PRODUCTION,53571.4227,48249.4483,483.2383,5739,5738,-0.00902045,-0.00297427,-0.01061372,-0.00902045,-483.2383,53571.4227,OK,0.0000,19.3295,4.0000,96.0000,AG03-UNRESOLVED,ALL5_LEVELS_bet23_to_bet27,19.3295,19.3295,24.1619,0.0000,0.0000,4.000000,4.000000,5.000000,0.000000,0.000000,96.000000,96.000000,95.000000,100.000000,100.000000,5.0,62.8210,60.1535,420.4173,423.0848,PENDING_AG03,FALSE,NOT_FOR_ENFORCEMENT,463.9088,46319.4703,483.2383,463.9088,19.3295,0.00902045,0.00865963,19.3295,463.9088,0.00865963,19.3295,19.3295,24.1619,0.0000,0.0000,463.9088,0.00865963,62.8210,60.1535,420.4173,423.0848,0.00784779,0.00789758,0.00036082,9.3346,8.4088,0.0842,5.5545,0.2517,615.7635,65.9540,8.3255,9.6426,5.1431,5.1891,8.2617,16.7816,25.8881,44.2602,5.1891,0.0,4.9889,8.529385,1.798876,29,193,98,2,0.20855820,0.00902045,0.00297427,0E-8,0.000000,0.900656,0.000000,0.00763944,2026-03-21,2026-08-06,87,1920,882,139,0.625899,0.863400,0.891889,0.695194,,,,,,,,GLOBAL_BASELINE_NO_ENTITY_RANKING,,,NOT_APPLICABLE_GLOBAL_BASELINE,HF9g-P5,,,,X 全窗基线 · 不参与实体赏罚,8397393,840,A168_HF9F_20260827_0900,2026-08-27 09:00:00
2026-07-18,54653530,1205,0,29.6904448403,8.0680556632,8.0680556632,0.5000000,4,4,0.50665070000000000,0.506650700000,-0.02660515369234503,-0.02660515369234503,-0.02660515369234503,0E-17,ELIGIBLE,R03b_20260811_FULL_v1,L1_ELIGIBILITY,v2026-08-11,2026-03-21..2026-08-06,baccarat_bet02_101_all_pairs_incl_sentinel,round_win = game_pnl > 0 (decisive only),COMPATIBILITY_ONLY_NOT_PRODUCTION,53571.4227,48249.4483,483.2383,5739,5738,-0.00902045,-0.00297427,-0.01061372,-0.00902045,-483.2383,53571.4227,OK,0.0000,19.3295,4.0000,96.0000,AG03-UNRESOLVED,ALL5_LEVELS_bet23_to_bet27,19.3295,19.3295,24.1619,0.0000,0.0000,4.000000,4.000000,5.000000,0.000000,0.000000,96.000000,96.000000,95.000000,100.000000,100.000000,5.0,62.8210,60.1535,420.4173,423.0848,PENDING_AG03,FALSE,NOT_FOR_ENFORCEMENT,463.9088,46319.4703,483.2383,463.9088,19.3295,0.00902045,0.00865963,19.3295,463.9088,0.00865963,19.3295,19.3295,24.1619,0.0000,0.0000,463.9088,0.00865963,62.8210,60.1535,420.4173,423.0848,0.00784779,0.00789758,0.00036082,9.3346,8.4088,0.0842,5.5545,0.2517,615.7635,65.9540,8.3255,9.6426,5.1431,5.1891,8.2617,16.7816,25.8881,44.2602,5.1891,0.0,4.9889,8.529385,1.798876,29,193,98,2,0.20855820,0.00902045,0.00297427,0E-8,0.000000,0.900656,0.000000,0.00763944,2026-03-21,2026-08-06,87,1920,882,139,0.625899,0.863400,0.891889,0.695194,,,,,,,,GLOBAL_BASELINE_NO_ENTITY_RANKING,,,NOT_APPLICABLE_GLOBAL_BASELINE,HF9g-P5,,,,X 全窗基线 · 不参与实体赏罚,8397394,840,A168_HF9F_20260827_0900,2026-08-27 09:00:00
2026-07-18,54653530,1221,0,18.0724446854,7.3580667648,7.3580667648,0.6666667,3,3,0.50218230000000000,0.502182300000,0.5697959874915163,0.5697959874915164,0.5697959874915163,0E-17,ELIGIBLE,R03b_20260811_FULL_v1,L1_ELIGIBILITY,v2026-08-11,2026-03-21..2026-08-06,baccarat_bet02_101_all_pairs_incl_sentinel,round_win = game_pnl > 0 (decisive only),COMPATIBILITY_ONLY_NOT_PRODUCTION,53571.4227,48249.4483,483.2383,5739,5738,-0.00902045,-0.00297427,-0.01061372,-0.00902045,-483.2383,53571.4227,OK,0.0000,19.3295,4.0000,96.0000,AG03-UNRESOLVED,ALL5_LEVELS_bet23_to_bet27,19.3295,19.3295,24.1619,0.0000,0.0000,4.000000,4.000000,5.000000,0.000000,0.000000,96.000000,96.000000,95.000000,100.000000,100.000000,5.0,62.8210,60.1535,420.4173,423.0848,PENDING_AG03,FALSE,NOT_FOR_ENFORCEMENT,463.9088,46319.4703,483.2383,463.9088,19.3295,0.00902045,0.00865963,19.3295,463.9088,0.00865963,19.3295,19.3295,24.1619,0.0000,0.0000,463.9088,0.00865963,62.8210,60.1535,420.4173,423.0848,0.00784779,0.00789758,0.00036082,9.3346,8.4088,0.0842,5.5545,0.2517,615.7635,65.9540,8.3255,9.6426,5.1431,5.1891,8.2617,16.7816,25.8881,44.2602,5.1891,0.0,4.9889,8.529385,1.798876,29,193,98,2,0.20855820,0.00902045,0.00297427,0E-8,0.000000,0.900656,0.000000,0.00763944,2026-03-21,2026-08-06,87,1920,882,139,0.625899,0.863400,0.891889,0.695194,,,,,,,,GLOBAL_BASELINE_NO_ENTITY_RANKING,,,NOT_APPLICABLE_GLOBAL_BASELINE,HF9g-P5,,,,X 全窗基线 · 不参与实体赏罚,8397395,840,A168_HF9F_20260827_0900,2026-08-27 09:00:00
2026-07-18,54653530,1299,0,5.1635556244,4.9053778432,4.9053778432,1.0000000,1,1,0.50665070000000000,0.506650700000,0.9867858985152569,0.9867858985152569,0.9867858985152569,0E-17,ELIGIBLE,R03b_20260811_FULL_v1,L1_ELIGIBILITY,v2026-08-11,2026-03-21..2026-08-06,baccarat_bet02_101_all_pairs_incl_sentinel,round_win = game_pnl > 0 (decisive only),COMPATIBILITY_ONLY_NOT_PRODUCTION,53571.4227,48249.4483,483.2383,5739,5738,-0.00902045,-0.00297427,-0.01061372,-0.00902045,-483.2383,53571.4227,OK,0.0000,19.3295,4.0000,96.0000,AG03-UNRESOLVED,ALL5_LEVELS_bet23_to_bet27,19.3295,19.3295,24.1619,0.0000,0.0000,4.000000,4.000000,5.000000,0.000000,0.000000,96.000000,96.000000,95.000000,100.000000,100.000000,5.0,62.8210,60.1535,420.4173,423.0848,PENDING_AG03,FALSE,NOT_FOR_ENFORCEMENT,463.9088,46319.4703,483.2383,463.9088,19.3295,0.00902045,0.00865963,19.3295,463.9088,0.00865963,19.3295,19.3295,24.1619,0.0000,0.0000,463.9088,0.00865963,62.8210,60.1535,420.4173,423.0848,0.00784779,0.00789758,0.00036082,9.3346,8.4088,0.0842,5.5545,0.2517,615.7635,65.9540,8.3255,9.6426,5.1431,5.1891,8.2617,16.7816,25.8881,44.2602,5.1891,0.0,4.9889,8.529385,1.798876,29,193,98,2,0.20855820,0.00902045,0.00297427,0E-8,0.000000,0.900656,0.000000,0.00763944,2026-03-21,2026-08-06,87,1920,882,139,0.625899,0.863400,0.891889,0.695194,,,,,,,,GLOBAL_BASELINE_NO_ENTITY_RANKING,,,NOT_APPLICABLE_GLOBAL_BASELINE,HF9g-P5,,,,X 全窗基线 · 不参与实体赏罚,8397396,840,A168_HF9F_20260827_0900,2026-08-27 09:00:00
2026-07-18,54653530,1306,0,15.4906668732,9.8107556864,9.8107556864,1.0000000,3,3,0.50665070000000000,0.506650700000,1.3955260008387969,1.3955260008387969,1.3955260008387969,0E-17,ELIGIBLE,R03b_20260811_FULL_v1,L1_ELIGIBILITY,v2026-08-11,2026-03-21..2026-08-06,baccarat_bet02_101_all_pairs_incl_sentinel,round_win = game_pnl > 0 (decisive only),COMPATIBILITY_ONLY_NOT_PRODUCTION,53571.4227,48249.4483,483.2383,5739,5738,-0.00902045,-0.00297427,-0.01061372,-0.00902045,-483.2383,53571.4227,OK,0.0000,19.3295,4.0000,96.0000,AG03-UNRESOLVED,ALL5_LEVELS_bet23_to_bet27,19.3295,19.3295,24.1619,0.0000,0.0000,4.000000,4.000000,5.000000,0.000000,0.000000,96.000000,96.000000,95.000000,100.000000,100.000000,5.0,62.8210,60.1535,420.4173,423.0848,PENDING_AG03,FALSE,NOT_FOR_ENFORCEMENT,463.9088,46319.4703,483.2383,463.9088,19.3295,0.00902045,0.00865963,19.3295,463.9088,0.00865963,19.3295,19.3295,24.1619,0.0000,0.0000,463.9088,0.00865963,62.8210,60.1535,420.4173,423.0848,0.00784779,0.00789758,0.00036082,9.3346,8.4088,0.0842,5.5545,0.2517,615.7635,65.9540,8.3255,9.6426,5.1431,5.1891,8.2617,16.7816,25.8881,44.2602,5.1891,0.0,4.9889,8.529385,1.798876,29,193,98,2,0.20855820,0.00902045,0.00297427,0E-8,0.000000,0.900656,0.000000,0.00763944,2026-03-21,2026-08-06,87,1920,882,139,0.625899,0.863400,0.891889,0.695194,,,,,,,,GLOBAL_BASELINE_NO_ENTITY_RANKING,,,NOT_APPLICABLE_GLOBAL_BASELINE,HF9g-P5,,,,X 全窗基线 · 不参与实体赏罚,8397397,840,A168_HF9F_20260827_0900,2026-08-27 09:00:00
2026-07-18,54653530,1307,0,18.0724446854,7.0998889836,7.0998889836,0.6666667,3,3,0.50665070000000000,0.506650700000,0.5543606114942035,0.5543606114942035,0.5543606114942035,0E-17,ELIGIBLE,R03b_20260811_FULL_v1,L1_ELIGIBILITY,v2026-08-11,2026-03-21..2026-08-06,baccarat_bet02_101_all_pairs_incl_sentinel,round_win = game_pnl > 0 (decisive only),COMPATIBILITY_ONLY_NOT_PRODUCTION,53571.4227,48249.4483,483.2383,5739,5738,-0.00902045,-0.00297427,-0.01061372,-0.00902045,-483.2383,53571.4227,OK,0.0000,19.3295,4.0000,96.0000,AG03-UNRESOLVED,ALL5_LEVELS_bet23_to_bet27,19.3295,19.3295,24.1619,0.0000,0.0000,4.000000,4.000000,5.000000,0.000000,0.000000,96.000000,96.000000,95.000000,100.000000,100.000000,5.0,62.8210,60.1535,420.4173,423.0848,PENDING_AG03,FALSE,NOT_FOR_ENFORCEMENT,463.9088,46319.4703,483.2383,463.9088,19.3295,0.00902045,0.00865963,19.3295,463.9088,0.00865963,19.3295,19.3295,24.1619,0.0000,0.0000,463.9088,0.00865963,62.8210,60.1535,420.4173,423.0848,0.00784779,0.00789758,0.00036082,9.3346,8.4088,0.0842,5.5545,0.2517,615.7635,65.9540,8.3255,9.6426,5.1431,5.1891,8.2617,16.7816,25.8881,44.2602,5.1891,0.0,4.9889,8.529385,1.798876,29,193,98,2,0.20855820,0.00902045,0.00297427,0E-8,0.000000,0.900656,0.000000,0.00763944,2026-03-21,2026-08-06,87,1920,882,139,0.625899,0.863400,0.891889,0.695194,,,,,,,,GLOBAL_BASELINE_NO_ENTITY_RANKING,,,NOT_APPLICABLE_GLOBAL_BASELINE,HF9g-P5,,,,X 全窗基线 · 不参与实体赏罚,8397398,840,A168_HF9F_20260827_0900,2026-08-27 09:00:00
2026-07-18,54653530,1331,0,41.8248005576,14.6903157515,14.6903157515,0.6666667,7,7,0.50665070000000000,0.506650700000,0.7839842952205449,0.7839842952205449,0.7839842952205449,0E-17,ELIGIBLE,R03b_20260811_FULL_v1,L1_ELIGIBILITY,v2026-08-11,2026-03-21..2026-08-06,baccarat_bet02_101_all_pairs_incl_sentinel,round_win = game_pnl > 0 (decisive only),COMPATIBILITY_ONLY_NOT_PRODUCTION,53571.4227,48249.4483,483.2383,5739,5738,-0.00902045,-0.00297427,-0.01061372,-0.00902045,-483.2383,53571.4227,OK,0.0000,19.3295,4.0000,96.0000,AG03-UNRESOLVED,ALL5_LEVELS_bet23_to_bet27,19.3295,19.3295,24.1619,0.0000,0.0000,4.000000,4.000000,5.000000,0.000000,0.000000,96.000000,96.000000,95.000000,100.000000,100.000000,5.0,62.8210,60.1535,420.4173,423.0848,PENDING_AG03,FALSE,NOT_FOR_ENFORCEMENT,463.9088,46319.4703,483.2383,463.9088,19.3295,0.00902045,0.00865963,19.3295,463.9088,0.00865963,19.3295,19.3295,24.1619,0.0000,0.0000,463.9088,0.00865963,62.8210,60.1535,420.4173,423.0848,0.00784779,0.00789758,0.00036082,9.3346,8.4088,0.0842,5.5545,0.2517,615.7635,65.9540,8.3255,9.6426,5.1431,5.1891,8.2617,16.7816,25.8881,44.2602,5.1891,0.0,4.9889,8.529385,1.798876,29,193,98,2,0.20855820,0.00902045,0.00297427,0E-8,0.000000,0.900656,0.000000,0.00763944,2026-03-21,2026-08-06,87,1920,882,139,0.625899,0.863400,0.891889,0.695194,,,,,,,,GLOBAL_BASELINE_NO_ENTITY_RANKING,,,NOT_APPLICABLE_GLOBAL_BASELINE,HF9g-P5,,,,X 全窗基线 · 不参与实体赏罚,8397399,840,A168_HF9F_20260827_0900,2026-08-27 09:00:00
2026-07-18,54653530,1374,0,25.8177781220,14.4579557484,14.4579557484,0.7500000,4,4,0.50665070000000000,0.506650700000,0.9734833216690844,0.9734833216690844,0.9734833216690844,0E-17,ELIGIBLE,R03b_20260811_FULL_v1,L1_ELIGIBILITY,v2026-08-11,2026-03-21..2026-08-06,baccarat_bet02_101_all_pairs_incl_sentinel,round_win = game_pnl > 0 (decisive only),COMPATIBILITY_ONLY_NOT_PRODUCTION,53571.4227,48249.4483,483.2383,5739,5738,-0.00902045,-0.00297427,-0.01061372,-0.00902045,-483.2383,53571.4227,OK,0.0000,19.3295,4.0000,96.0000,AG03-UNRESOLVED,ALL5_LEVELS_bet23_to_bet27,19.3295,19.3295,24.1619,0.0000,0.0000,4.000000,4.000000,5.000000,0.000000,0.000000,96.000000,96.000000,95.000000,100.000000,100.000000,5.0,62.8210,60.1535,420.4173,423.0848,PENDING_AG03,FALSE,NOT_FOR_ENFORCEMENT,463.9088,46319.4703,483.2383,463.9088,19.3295,0.00902045,0.00865963,19.3295,463.9088,0.00865963,19.3295,19.3295,24.1619,0.0000,0.0000,463.9088,0.00865963,62.8210,60.1535,420.4173,423.0848,0.00784779,0.00789758,0.00036082,9.3346,8.4088,0.0842,5.5545,0.2517,615.7635,65.9540,8.3255,9.6426,5.1431,5.1891,8.2617,16.7816,25.8881,44.2602,5.1891,0.0,4.9889,8.529385,1.798876,29,193,98,2,0.20855820,0.00902045,0.00297427,0E-8,0.000000,0.900656,0.000000,0.00763944,2026-03-21,2026-08-06,87,1920,882,139,0.625899,0.863400,0.891889,0.695194,,,,,,,,GLOBAL_BASELINE_NO_ENTITY_RANKING,,,NOT_APPLICABLE_GLOBAL_BASELINE,HF9g-P5,,,,X 全窗基线 · 不参与实体赏罚,8397400,840,A168_HF9F_20260827_0900,2026-08-27 09:00:00
2026-07-18,54653530,1396,0,87.2640900524,-7.5904267677,-7.5904267677,0.4000000,11,11,0.50665070000000000,0.506650700000,-0.6745779303487851,-0.6745779303487851,-0.6745779303487851,0E-17,ELIGIBLE,R03b_20260811_FULL_v1,L1_ELIGIBILITY,v2026-08-11,2026-03-21..2026-08-06,baccarat_bet02_101_all_pairs_incl_sentinel,round_win = game_pnl > 0 (decisive only),COMPATIBILITY_ONLY_NOT_PRODUCTION,53571.4227,48249.4483,483.2383,5739,5738,-0.00902045,-0.00297427,-0.01061372,-0.00902045,-483.2383,53571.4227,OK,0.0000,19.3295,4.0000,96.0000,AG03-UNRESOLVED,ALL5_LEVELS_bet23_to_bet27,19.3295,19.3295,24.1619,0.0000,0.0000,4.000000,4.000000,5.000000,0.000000,0.000000,96.000000,96.000000,95.000000,100.000000,100.000000,5.0,62.8210,60.1535,420.4173,423.0848,PENDING_AG03,FALSE,NOT_FOR_ENFORCEMENT,463.9088,46319.4703,483.2383,463.9088,19.3295,0.00902045,0.00865963,19.3295,463.9088,0.00865963,19.3295,19.3295,24.1619,0.0000,0.0000,463.9088,0.00865963,62.8210,60.1535,420.4173,423.0848,0.00784779,0.00789758,0.00036082,9.3346,8.4088,0.0842,5.5545,0.2517,615.7635,65.9540,8.3255,9.6426,5.1431,5.1891,8.2617,16.7816,25.8881,44.2602,5.1891,0.0,4.9889,8.529385,1.798876,29,193,98,2,0.20855820,0.00902045,0.00297427,0E-8,0.000000,0.900656,0.000000,0.00763944,2026-03-21,2026-08-06,87,1920,882,139,0.625899,0.863400,0.891889,0.695194,,,,,,,,GLOBAL_BASELINE_NO_ENTITY_RANKING,,,NOT_APPLICABLE_GLOBAL_BASELINE,HF9g-P5,,,,X 全窗基线 · 不参与实体赏罚,8397401,840,A168_HF9F_20260827_0900,2026-08-27 09:00:00
2026-07-18,54653530,1402,0,61.7044897116,-36.5321560426,-36.5321560426,0.1428571,7,7,0.50282064285714286,0.502820642857,-1.904778113290813,-1.904778113290054,-1.904778113290813,1.4286E-13,ELIGIBLE,R03b_20260811_FULL_v1,L1_ELIGIBILITY,v2026-08-11,2026-03-21..2026-08-06,baccarat_bet02_101_all_pairs_incl_sentinel,round_win = game_pnl > 0 (decisive only),COMPATIBILITY_ONLY_NOT_PRODUCTION,53571.4227,48249.4483,483.2383,5739,5738,-0.00902045,-0.00297427,-0.01061372,-0.00902045,-483.2383,53571.4227,OK,0.0000,19.3295,4.0000,96.0000,AG03-UNRESOLVED,ALL5_LEVELS_bet23_to_bet27,19.3295,19.3295,24.1619,0.0000,0.0000,4.000000,4.000000,5.000000,0.000000,0.000000,96.000000,96.000000,95.000000,100.000000,100.000000,5.0,62.8210,60.1535,420.4173,423.0848,PENDING_AG03,FALSE,NOT_FOR_ENFORCEMENT,463.9088,46319.4703,483.2383,463.9088,19.3295,0.00902045,0.00865963,19.3295,463.9088,0.00865963,19.3295,19.3295,24.1619,0.0000,0.0000,463.9088,0.00865963,62.8210,60.1535,420.4173,423.0848,0.00784779,0.00789758,0.00036082,9.3346,8.4088,0.0842,5.5545,0.2517,615.7635,65.9540,8.3255,9.6426,5.1431,5.1891,8.2617,16.7816,25.8881,44.2602,5.1891,0.0,4.9889,8.529385,1.798876,29,193,98,2,0.20855820,0.00902045,0.00297427,0E-8,0.000000,0.900656,0.000000,0.00763944,2026-03-21,2026-08-06,87,1920,882,139,0.625899,0.863400,0.891889,0.695194,,,,,,,,GLOBAL_BASELINE_NO_ENTITY_RANKING,,,NOT_APPLICABLE_GLOBAL_BASELINE,HF9g-P5,,,,X 全窗基线 · 不参与实体赏罚,8397402,840,A168_HF9F_20260827_0900,2026-08-27 09:00:00
2026-07-18,54653530,1490,0,5.1635556244,4.9053778432,4.9053778432,1.0000000,1,1,0.50665070000000000,0.506650700000,0.9867858985152569,0.9867858985152569,0.9867858985152569,0E-17,ELIGIBLE,R03b_20260811_FULL_v1,L1_ELIGIBILITY,v2026-08-11,2026-03-21..2026-08-06,baccarat_bet02_101_all_pairs_incl_sentinel,round_win = game_pnl > 0 (decisive only),COMPATIBILITY_ONLY_NOT_PRODUCTION,53571.4227,48249.4483,483.2383,5739,5738,-0.00902045,-0.00297427,-0.01061372,-0.00902045,-483.2383,53571.4227,OK,0.0000,19.3295,4.0000,96.0000,AG03-UNRESOLVED,ALL5_LEVELS_bet23_to_bet27,19.3295,19.3295,24.1619,0.0000,0.0000,4.000000,4.000000,5.000000,0.000000,0.000000,96.000000,96.000000,95.000000,100.000000,100.000000,5.0,62.8210,60.1535,420.4173,423.0848,PENDING_AG03,FALSE,NOT_FOR_ENFORCEMENT,463.9088,46319.4703,483.2383,463.9088,19.3295,0.00902045,0.00865963,19.3295,463.9088,0.00865963,19.3295,19.3295,24.1619,0.0000,0.0000,463.9088,0.00865963,62.8210,60.1535,420.4173,423.0848,0.00784779,0.00789758,0.00036082,9.3346,8.4088,0.0842,5.5545,0.2517,615.7635,65.9540,8.3255,9.6426,5.1431,5.1891,8.2617,16.7816,25.8881,44.2602,5.1891,0.0,4.9889,8.529385,1.798876,29,193,98,2,0.20855820,0.00902045,0.00297427,0E-8,0.000000,0.900656,0.000000,0.00763944,2026-03-21,2026-08-06,87,1920,882,139,0.625899,0.863400,0.891889,0.695194,,,,,,,,GLOBAL_BASELINE_NO_ENTITY_RANKING,,,NOT_APPLICABLE_GLOBAL_BASELINE,HF9g-P5,,,,X 全窗基线 · 不参与实体赏罚,8397403,840,A168_HF9F_20260827_0900,2026-08-27 09:00:00
2026-07-18,54653530,1710,0,80.5514677406,13.7866935173,13.7866935173,0.5000000,11,11,0.50665070000000000,0.506650700000,-0.04206644158332448,-0.04206644158332448,-0.04206644158332448,0E-17,ELIGIBLE,R03b_20260811_FULL_v1,L1_ELIGIBILITY,v2026-08-11,2026-03-21..2026-08-06,baccarat_bet02_101_all_pairs_incl_sentinel,round_win = game_pnl > 0 (decisive only),COMPATIBILITY_ONLY_NOT_PRODUCTION,53571.4227,48249.4483,483.2383,5739,5738,-0.00902045,-0.00297427,-0.01061372,-0.00902045,-483.2383,53571.4227,OK,0.0000,19.3295,4.0000,96.0000,AG03-UNRESOLVED,ALL5_LEVELS_bet23_to_bet27,19.3295,19.3295,24.1619,0.0000,0.0000,4.000000,4.000000,5.000000,0.000000,0.000000,96.000000,96.000000,95.000000,100.000000,100.000000,5.0,62.8210,60.1535,420.4173,423.0848,PENDING_AG03,FALSE,NOT_FOR_ENFORCEMENT,463.9088,46319.4703,483.2383,463.9088,19.3295,0.00902045,0.00865963,19.3295,463.9088,0.00865963,19.3295,19.3295,24.1619,0.0000,0.0000,463.9088,0.00865963,62.8210,60.1535,420.4173,423.0848,0.00784779,0.00789758,0.00036082,9.3346,8.4088,0.0842,5.5545,0.2517,615.7635,65.9540,8.3255,9.6426,5.1431,5.1891,8.2617,16.7816,25.8881,44.2602,5.1891,0.0,4.9889,8.529385,1.798876,29,193,98,2,0.20855820,0.00902045,0.00297427,0E-8,0.000000,0.900656,0.000000,0.00763944,2026-03-21,2026-08-06,87,1920,882,139,0.625899,0.863400,0.891889,0.695194,,,,,,,,GLOBAL_BASELINE_NO_ENTITY_RANKING,,,NOT_APPLICABLE_GLOBAL_BASELINE,HF9g-P5,,,,X 全窗基线 · 不参与实体赏罚,8397404,840,A168_HF9F_20260827_0900,2026-08-27 09:00:00
2026-07-18,54653530,1985,0,97.0748457387,-97.0748457387,-97.0748457387,0E-7,7,7,0.50665070000000000,0.506650700000,-2.681180704999387,-2.681180704999387,-2.681180704999387,0E-17,ELIGIBLE,R03b_20260811_FULL_v1,L1_ELIGIBILITY,v2026-08-11,2026-03-21..2026-08-06,baccarat_bet02_101_all_pairs_incl_sentinel,round_win = game_pnl > 0 (decisive only),COMPATIBILITY_ONLY_NOT_PRODUCTION,53571.4227,48249.4483,483.2383,5739,5738,-0.00902045,-0.00297427,-0.01061372,-0.00902045,-483.2383,53571.4227,OK,0.0000,19.3295,4.0000,96.0000,AG03-UNRESOLVED,ALL5_LEVELS_bet23_to_bet27,19.3295,19.3295,24.1619,0.0000,0.0000,4.000000,4.000000,5.000000,0.000000,0.000000,96.000000,96.000000,95.000000,100.000000,100.000000,5.0,62.8210,60.1535,420.4173,423.0848,PENDING_AG03,FALSE,NOT_FOR_ENFORCEMENT,463.9088,46319.4703,483.2383,463.9088,19.3295,0.00902045,0.00865963,19.3295,463.9088,0.00865963,19.3295,19.3295,24.1619,0.0000,0.0000,463.9088,0.00865963,62.8210,60.1535,420.4173,423.0848,0.00784779,0.00789758,0.00036082,9.3346,8.4088,0.0842,5.5545,0.2517,615.7635,65.9540,8.3255,9.6426,5.1431,5.1891,8.2617,16.7816,25.8881,44.2602,5.1891,0.0,4.9889,8.529385,1.798876,29,193,98,2,0.20855820,0.00902045,0.00297427,0E-8,0.000000,0.900656,0.000000,0.00763944,2026-03-21,2026-08-06,87,1920,882,139,0.625899,0.863400,0.891889,0.695194,,,,,,,,GLOBAL_BASELINE_NO_ENTITY_RANKING,,,NOT_APPLICABLE_GLOBAL_BASELINE,HF9g-P5,,,,X 全窗基线 · 不参与实体赏罚,8397405,840,A168_HF9F_20260827_0900,2026-08-27 09:00:00
2026-07-18,54653530,2101,0,50.6028451191,7.7969689928,7.7969689928,0.4000000,5,5,0.50665070000000000,0.506650700000,-0.4769986289884125,-0.4769986289884125,-0.4769986289884125,0E-17,ELIGIBLE,R03b_20260811_FULL_v1,L1_ELIGIBILITY,v2026-08-11,2026-03-21..2026-08-06,baccarat_bet02_101_all_pairs_incl_sentinel,round_win = game_pnl > 0 (decisive only),COMPATIBILITY_ONLY_NOT_PRODUCTION,53571.4227,48249.4483,483.2383,5739,5738,-0.00902045,-0.00297427,-0.01061372,-0.00902045,-483.2383,53571.4227,OK,0.0000,19.3295,4.0000,96.0000,AG03-UNRESOLVED,ALL5_LEVELS_bet23_to_bet27,19.3295,19.3295,24.1619,0.0000,0.0000,4.000000,4.000000,5.000000,0.000000,0.000000,96.000000,96.000000,95.000000,100.000000,100.000000,5.0,62.8210,60.1535,420.4173,423.0848,PENDING_AG03,FALSE,NOT_FOR_ENFORCEMENT,463.9088,46319.4703,483.2383,463.9088,19.3295,0.00902045,0.00865963,19.3295,463.9088,0.00865963,19.3295,19.3295,24.1619,0.0000,0.0000,463.9088,0.00865963,62.8210,60.1535,420.4173,423.0848,0.00784779,0.00789758,0.00036082,9.3346,8.4088,0.0842,5.5545,0.2517,615.7635,65.9540,8.3255,9.6426,5.1431,5.1891,8.2617,16.7816,25.8881,44.2602,5.1891,0.0,4.9889,8.529385,1.798876,29,193,98,2,0.20855820,0.00902045,0.00297427,0E-8,0.000000,0.900656,0.000000,0.00763944,2026-03-21,2026-08-06,87,1920,882,139,0.625899,0.863400,0.891889,0.695194,,,,,,,,GLOBAL_BASELINE_NO_ENTITY_RANKING,,,NOT_APPLICABLE_GLOBAL_BASELINE,HF9g-P5,,,,X 全窗基线 · 不参与实体赏罚,8397406,840,A168_HF9F_20260827_0900,2026-08-27 09:00:00
2026-07-18,54653530,2123,0,5.1635556244,4.9053778432,4.9053778432,1.0000000,1,1,0.50665070000000000,0.506650700000,0.9867858985152569,0.9867858985152569,0.9867858985152569,0E-17,ELIGIBLE,R03b_20260811_FULL_v1,L1_ELIGIBILITY,v2026-08-11,2026-03-21..2026-08-06,baccarat_bet02_101_all_pairs_incl_sentinel,round_win = game_pnl > 0 (decisive only),COMPATIBILITY_ONLY_NOT_PRODUCTION,53571.4227,48249.4483,483.2383,5739,5738,-0.00902045,-0.00297427,-0.01061372,-0.00902045,-483.2383,53571.4227,OK,0.0000,19.3295,4.0000,96.0000,AG03-UNRESOLVED,ALL5_LEVELS_bet23_to_bet27,19.3295,19.3295,24.1619,0.0000,0.0000,4.000000,4.000000,5.000000,0.000000,0.000000,96.000000,96.000000,95.000000,100.000000,100.000000,5.0,62.8210,60.1535,420.4173,423.0848,PENDING_AG03,FALSE,NOT_FOR_ENFORCEMENT,463.9088,46319.4703,483.2383,463.9088,19.3295,0.00902045,0.00865963,19.3295,463.9088,0.00865963,19.3295,19.3295,24.1619,0.0000,0.0000,463.9088,0.00865963,62.8210,60.1535,420.4173,423.0848,0.00784779,0.00789758,0.00036082,9.3346,8.4088,0.0842,5.5545,0.2517,615.7635,65.9540,8.3255,9.6426,5.1431,5.1891,8.2617,16.7816,25.8881,44.2602,5.1891,0.0,4.9889,8.529385,1.798876,29,193,98,2,0.20855820,0.00902045,0.00297427,0E-8,0.000000,0.900656,0.000000,0.00763944,2026-03-21,2026-08-06,87,1920,882,139,0.625899,0.863400,0.891889,0.695194,,,,,,,,GLOBAL_BASELINE_NO_ENTITY_RANKING,,,NOT_APPLICABLE_GLOBAL_BASELINE,HF9g-P5,,,,X 全窗基线 · 不参与实体赏罚,8397407,840,A168_HF9F_20260827_0900,2026-08-27 09:00:00
2026-07-18,54653530,2167,0,5.1635556244,4.9053778432,4.9053778432,1.0000000,1,1,0.50665070000000000,0.506650700000,0.9867858985152569,0.9867858985152569,0.9867858985152569,0E-17,ELIGIBLE,R03b_20260811_FULL_v1,L1_ELIGIBILITY,v2026-08-11,2026-03-21..2026-08-06,baccarat_bet02_101_all_pairs_incl_sentinel,round_win = game_pnl > 0 (decisive only),COMPATIBILITY_ONLY_NOT_PRODUCTION,53571.4227,48249.4483,483.2383,5739,5738,-0.00902045,-0.00297427,-0.01061372,-0.00902045,-483.2383,53571.4227,OK,0.0000,19.3295,4.0000,96.0000,AG03-UNRESOLVED,ALL5_LEVELS_bet23_to_bet27,19.3295,19.3295,24.1619,0.0000,0.0000,4.000000,4.000000,5.000000,0.000000,0.000000,96.000000,96.000000,95.000000,100.000000,100.000000,5.0,62.8210,60.1535,420.4173,423.0848,PENDING_AG03,FALSE,NOT_FOR_ENFORCEMENT,463.9088,46319.4703,483.2383,463.9088,19.3295,0.00902045,0.00865963,19.3295,463.9088,0.00865963,19.3295,19.3295,24.1619,0.0000,0.0000,463.9088,0.00865963,62.8210,60.1535,420.4173,423.0848,0.00784779,0.00789758,0.00036082,9.3346,8.4088,0.0842,5.5545,0.2517,615.7635,65.9540,8.3255,9.6426,5.1431,5.1891,8.2617,16.7816,25.8881,44.2602,5.1891,0.0,4.9889,8.529385,1.798876,29,193,98,2,0.20855820,0.00902045,0.00297427,0E-8,0.000000,0.900656,0.000000,0.00763944,2026-03-21,2026-08-06,87,1920,882,139,0.625899,0.863400,0.891889,0.695194,,,,,,,,GLOBAL_BASELINE_NO_ENTITY_RANKING,,,NOT_APPLICABLE_GLOBAL_BASELINE,HF9g-P5,,,,X 全窗基线 · 不参与实体赏罚,8397408,840,A168_HF9F_20260827_0900,2026-08-27 09:00:00
2026-07-18,54653530,2174,0,26.8504892468,7.5904267679,7.5904267679,0.6666667,4,4,0.50665070000000000,0.506650700000,0.5543606114942035,0.5543606114942035,0.5543606114942035,0E-17,ELIGIBLE,R03b_20260811_FULL_v1,L1_ELIGIBILITY,v2026-08-11,2026-03-21..2026-08-06,baccarat_bet02_101_all_pairs_incl_sentinel,round_win = game_pnl > 0 (decisive only),COMPATIBILITY_ONLY_NOT_PRODUCTION,53571.4227,48249.4483,483.2383,5739,5738,-0.00902045,-0.00297427,-0.01061372,-0.00902045,-483.2383,53571.4227,OK,0.0000,19.3295,4.0000,96.0000,AG03-UNRESOLVED,ALL5_LEVELS_bet23_to_bet27,19.3295,19.3295,24.1619,0.0000,0.0000,4.000000,4.000000,5.000000,0.000000,0.000000,96.000000,96.000000,95.000000,100.000000,100.000000,5.0,62.8210,60.1535,420.4173,423.0848,PENDING_AG03,FALSE,NOT_FOR_ENFORCEMENT,463.9088,46319.4703,483.2383,463.9088,19.3295,0.00902045,0.00865963,19.3295,463.9088,0.00865963,19.3295,19.3295,24.1619,0.0000,0.0000,463.9088,0.00865963,62.8210,60.1535,420.4173,423.0848,0.00784779,0.00789758,0.00036082,9.3346,8.4088,0.0842,5.5545,0.2517,615.7635,65.9540,8.3255,9.6426,5.1431,5.1891,8.2617,16.7816,25.8881,44.2602,5.1891,0.0,4.9889,8.529385,1.798876,29,193,98,2,0.20855820,0.00902045,0.00297427,0E-8,0.000000,0.900656,0.000000,0.00763944,2026-03-21,2026-08-06,87,1920,882,139,0.625899,0.863400,0.891889,0.695194,,,,,,,,GLOBAL_BASELINE_NO_ENTITY_RANKING,,,NOT_APPLICABLE_GLOBAL_BASELINE,HF9g-P5,,,,X 全窗基线 · 不参与实体赏罚,8397409,840,A168_HF9F_20260827_0900,2026-08-27 09:00:00
2026-07-18,54653530,2212,0,42.3411561201,14.0448712984,14.0448712984,0.3333333,3,3,0.50665070000000000,0.506650700000,-0.6004420894325239,-0.6004420894325239,-0.6004420894325239,0E-17,ELIGIBLE,R03b_20260811_FULL_v1,L1_ELIGIBILITY,v2026-08-11,2026-03-21..2026-08-06,baccarat_bet02_101_all_pairs_incl_sentinel,round_win = game_pnl > 0 (decisive only),COMPATIBILITY_ONLY_NOT_PRODUCTION,53571.4227,48249.4483,483.2383,5739,5738,-0.00902045,-0.00297427,-0.01061372,-0.00902045,-483.2383,53571.4227,OK,0.0000,19.3295,4.0000,96.0000,AG03-UNRESOLVED,ALL5_LEVELS_bet23_to_bet27,19.3295,19.3295,24.1619,0.0000,0.0000,4.000000,4.000000,5.000000,0.000000,0.000000,96.000000,96.000000,95.000000,100.000000,100.000000,5.0,62.8210,60.1535,420.4173,423.0848,PENDING_AG03,FALSE,NOT_FOR_ENFORCEMENT,463.9088,46319.4703,483.2383,463.9088,19.3295,0.00902045,0.00865963,19.3295,463.9088,0.00865963,19.3295,19.3295,24.1619,0.0000,0.0000,463.9088,0.00865963,62.8210,60.1535,420.4173,423.0848,0.00784779,0.00789758,0.00036082,9.3346,8.4088,0.0842,5.5545,0.2517,615.7635,65.9540,8.3255,9.6426,5.1431,5.1891,8.2617,16.7816,25.8881,44.2602,5.1891,0.0,4.9889,8.529385,1.798876,29,193,98,2,0.20855820,0.00902045,0.00297427,0E-8,0.000000,0.900656,0.000000,0.00763944,2026-03-21,2026-08-06,87,1920,882,139,0.625899,0.863400,0.891889,0.695194,,,,,,,,GLOBAL_BASELINE_NO_ENTITY_RANKING,,,NOT_APPLICABLE_GLOBAL_BASELINE,HF9g-P5,,,,X 全窗基线 · 不参与实体赏罚,8397410,840,A168_HF9F_20260827_0900,2026-08-27 09:00:00
2026-07-18,54653530,2222,0,5.1635556244,4.9053778432,4.9053778432,1.0000000,1,1,0.50665070000000000,0.506650700000,0.9867858985152569,0.9867858985152569,0.9867858985152569,0E-17,ELIGIBLE,R03b_20260811_FULL_v1,L1_ELIGIBILITY,v2026-08-11,2026-03-21..2026-08-06,baccarat_bet02_101_all_pairs_incl_sentinel,round_win = game_pnl > 0 (decisive only),COMPATIBILITY_ONLY_NOT_PRODUCTION,53571.4227,48249.4483,483.2383,5739,5738,-0.00902045,-0.00297427,-0.01061372,-0.00902045,-483.2383,53571.4227,OK,0.0000,19.3295,4.0000,96.0000,AG03-UNRESOLVED,ALL5_LEVELS_bet23_to_bet27,19.3295,19.3295,24.1619,0.0000,0.0000,4.000000,4.000000,5.000000,0.000000,0.000000,96.000000,96.000000,95.000000,100.000000,100.000000,5.0,62.8210,60.1535,420.4173,423.0848,PENDING_AG03,FALSE,NOT_FOR_ENFORCEMENT,463.9088,46319.4703,483.2383,463.9088,19.3295,0.00902045,0.00865963,19.3295,463.9088,0.00865963,19.3295,19.3295,24.1619,0.0000,0.0000,463.9088,0.00865963,62.8210,60.1535,420.4173,423.0848,0.00784779,0.00789758,0.00036082,9.3346,8.4088,0.0842,5.5545,0.2517,615.7635,65.9540,8.3255,9.6426,5.1431,5.1891,8.2617,16.7816,25.8881,44.2602,5.1891,0.0,4.9889,8.529385,1.798876,29,193,98,2,0.20855820,0.00902045,0.00297427,0E-8,0.000000,0.900656,0.000000,0.00763944,2026-03-21,2026-08-06,87,1920,882,139,0.625899,0.863400,0.891889,0.695194,,,,,,,,GLOBAL_BASELINE_NO_ENTITY_RANKING,,,NOT_APPLICABLE_GLOBAL_BASELINE,HF9g-P5,,,,X 全窗基线 · 不参与实体赏罚,8397411,840,A168_HF9F_20260827_0900,2026-08-27 09:00:00
2026-07-18,54653530,2235,0,48.2792450882,13.1412490641,13.1412490641,0.5000000,4,4,0.50665070000000000,0.506650700000,-0.02660515369234503,-0.02660515369234503,-0.02660515369234503,0E-17,ELIGIBLE,R03b_20260811_FULL_v1,L1_ELIGIBILITY,v2026-08-11,2026-03-21..2026-08-06,baccarat_bet02_101_all_pairs_incl_sentinel,round_win = game_pnl > 0 (decisive only),COMPATIBILITY_ONLY_NOT_PRODUCTION,53571.4227,48249.4483,483.2383,5739,5738,-0.00902045,-0.00297427,-0.01061372,-0.00902045,-483.2383,53571.4227,OK,0.0000,19.3295,4.0000,96.0000,AG03-UNRESOLVED,ALL5_LEVELS_bet23_to_bet27,19.3295,19.3295,24.1619,0.0000,0.0000,4.000000,4.000000,5.000000,0.000000,0.000000,96.000000,96.000000,95.000000,100.000000,100.000000,5.0,62.8210,60.1535,420.4173,423.0848,PENDING_AG03,FALSE,NOT_FOR_ENFORCEMENT,463.9088,46319.4703,483.2383,463.9088,19.3295,0.00902045,0.00865963,19.3295,463.9088,0.00865963,19.3295,19.3295,24.1619,0.0000,0.0000,463.9088,0.00865963,62.8210,60.1535,420.4173,423.0848,0.00784779,0.00789758,0.00036082,9.3346,8.4088,0.0842,5.5545,0.2517,615.7635,65.9540,8.3255,9.6426,5.1431,5.1891,8.2617,16.7816,25.8881,44.2602,5.1891,0.0,4.9889,8.529385,1.798876,29,193,98,2,0.20855820,0.00902045,0.00297427,0E-8,0.000000,0.900656,0.000000,0.00763944,2026-03-21,2026-08-06,87,1920,882,139,0.625899,0.863400,0.891889,0.695194,,,,,,,,GLOBAL_BASELINE_NO_ENTITY_RANKING,,,NOT_APPLICABLE_GLOBAL_BASELINE,HF9g-P5,,,,X 全窗基线 · 不参与实体赏罚,8397412,840,A168_HF9F_20260827_0900,2026-08-27 09:00:00
2026-07-18,54653530,2251,0,5.1635556244,4.9053778432,4.9053778432,1.0000000,1,1,0.50665070000000000,0.506650700000,0.9867858985152569,0.9867858985152569,0.9867858985152569,0E-17,ELIGIBLE,R03b_20260811_FULL_v1,L1_ELIGIBILITY,v2026-08-11,2026-03-21..2026-08-06,baccarat_bet02_101_all_pairs_incl_sentinel,round_win = game_pnl > 0 (decisive only),COMPATIBILITY_ONLY_NOT_PRODUCTION,53571.4227,48249.4483,483.2383,5739,5738,-0.00902045,-0.00297427,-0.01061372,-0.00902045,-483.2383,53571.4227,OK,0.0000,19.3295,4.0000,96.0000,AG03-UNRESOLVED,ALL5_LEVELS_bet23_to_bet27,19.3295,19.3295,24.1619,0.0000,0.0000,4.000000,4.000000,5.000000,0.000000,0.000000,96.000000,96.000000,95.000000,100.000000,100.000000,5.0,62.8210,60.1535,420.4173,423.0848,PENDING_AG03,FALSE,NOT_FOR_ENFORCEMENT,463.9088,46319.4703,483.2383,463.9088,19.3295,0.00902045,0.00865963,19.3295,463.9088,0.00865963,19.3295,19.3295,24.1619,0.0000,0.0000,463.9088,0.00865963,62.8210,60.1535,420.4173,423.0848,0.00784779,0.00789758,0.00036082,9.3346,8.4088,0.0842,5.5545,0.2517,615.7635,65.9540,8.3255,9.6426,5.1431,5.1891,8.2617,16.7816,25.8881,44.2602,5.1891,0.0,4.9889,8.529385,1.798876,29,193,98,2,0.20855820,0.00902045,0.00297427,0E-8,0.000000,0.900656,0.000000,0.00763944,2026-03-21,2026-08-06,87,1920,882,139,0.625899,0.863400,0.891889,0.695194,,,,,,,,GLOBAL_BASELINE_NO_ENTITY_RANKING,,,NOT_APPLICABLE_GLOBAL_BASELINE,HF9g-P5,,,,X 全窗基线 · 不参与实体赏罚,8397413,840,A168_HF9F_20260827_0900,2026-08-27 09:00:00
2026-07-18,54653530,2267,0,13.1670668422,2.4397800325,2.4397800325,0.5000000,2,2,0.50665070000000000,0.506650700000,-0.018812684590367487,-0.018812684590367487,-0.018812684590367487,0E-17,ELIGIBLE,R03b_20260811_FULL_v1,L1_ELIGIBILITY,v2026-08-11,2026-03-21..2026-08-06,baccarat_bet02_101_all_pairs_incl_sentinel,round_win = game_pnl > 0 (decisive only),COMPATIBILITY_ONLY_NOT_PRODUCTION,53571.4227,48249.4483,483.2383,5739,5738,-0.00902045,-0.00297427,-0.01061372,-0.00902045,-483.2383,53571.4227,OK,0.0000,19.3295,4.0000,96.0000,AG03-UNRESOLVED,ALL5_LEVELS_bet23_to_bet27,19.3295,19.3295,24.1619,0.0000,0.0000,4.000000,4.000000,5.000000,0.000000,0.000000,96.000000,96.000000,95.000000,100.000000,100.000000,5.0,62.8210,60.1535,420.4173,423.0848,PENDING_AG03,FALSE,NOT_FOR_ENFORCEMENT,463.9088,46319.4703,483.2383,463.9088,19.3295,0.00902045,0.00865963,19.3295,463.9088,0.00865963,19.3295,19.3295,24.1619,0.0000,0.0000,463.9088,0.00865963,62.8210,60.1535,420.4173,423.0848,0.00784779,0.00789758,0.00036082,9.3346,8.4088,0.0842,5.5545,0.2517,615.7635,65.9540,8.3255,9.6426,5.1431,5.1891,8.2617,16.7816,25.8881,44.2602,5.1891,0.0,4.9889,8.529385,1.798876,29,193,98,2,0.20855820,0.00902045,0.00297427,0E-8,0.000000,0.900656,0.000000,0.00763944,2026-03-21,2026-08-06,87,1920,882,139,0.625899,0.863400,0.891889,0.695194,,,,,,,,GLOBAL_BASELINE_NO_ENTITY_RANKING,,,NOT_APPLICABLE_GLOBAL_BASELINE,HF9g-P5,,,,X 全窗基线 · 不参与实体赏罚,8397414,840,A168_HF9F_20260827_0900,2026-08-27 09:00:00
2026-07-18,54653530,2271,0,12.9088890610,2.1945111404,2.1945111404,0.5000000,2,2,0.50665070000000000,0.506650700000,-0.018812684590367487,-0.018812684590367487,-0.018812684590367487,0E-17,ELIGIBLE,R03b_20260811_FULL_v1,L1_ELIGIBILITY,v2026-08-11,2026-03-21..2026-08-06,baccarat_bet02_101_all_pairs_incl_sentinel,round_win = game_pnl > 0 (decisive only),COMPATIBILITY_ONLY_NOT_PRODUCTION,53571.4227,48249.4483,483.2383,5739,5738,-0.00902045,-0.00297427,-0.01061372,-0.00902045,-483.2383,53571.4227,OK,0.0000,19.3295,4.0000,96.0000,AG03-UNRESOLVED,ALL5_LEVELS_bet23_to_bet27,19.3295,19.3295,24.1619,0.0000,0.0000,4.000000,4.000000,5.000000,0.000000,0.000000,96.000000,96.000000,95.000000,100.000000,100.000000,5.0,62.8210,60.1535,420.4173,423.0848,PENDING_AG03,FALSE,NOT_FOR_ENFORCEMENT,463.9088,46319.4703,483.2383,463.9088,19.3295,0.00902045,0.00865963,19.3295,463.9088,0.00865963,19.3295,19.3295,24.1619,0.0000,0.0000,463.9088,0.00865963,62.8210,60.1535,420.4173,423.0848,0.00784779,0.00789758,0.00036082,9.3346,8.4088,0.0842,5.5545,0.2517,615.7635,65.9540,8.3255,9.6426,5.1431,5.1891,8.2617,16.7816,25.8881,44.2602,5.1891,0.0,4.9889,8.529385,1.798876,29,193,98,2,0.20855820,0.00902045,0.00297427,0E-8,0.000000,0.900656,0.000000,0.00763944,2026-03-21,2026-08-06,87,1920,882,139,0.625899,0.863400,0.891889,0.695194,,,,,,,,GLOBAL_BASELINE_NO_ENTITY_RANKING,,,NOT_APPLICABLE_GLOBAL_BASELINE,HF9g-P5,,,,X 全窗基线 · 不参与实体赏罚,8397415,840,A168_HF9F_20260827_0900,2026-08-27 09:00:00
2026-07-18,54653530,2281,0,15.4906668732,14.9743113108,14.9743113108,1.0000000,3,3,0.50218230000000000,0.502182300000,1.724507524396475,1.7245075243964754,1.724507524396475,0E-17,ELIGIBLE,R03b_20260811_FULL_v1,L1_ELIGIBILITY,v2026-08-11,2026-03-21..2026-08-06,baccarat_bet02_101_all_pairs_incl_sentinel,round_win = game_pnl > 0 (decisive only),COMPATIBILITY_ONLY_NOT_PRODUCTION,53571.4227,48249.4483,483.2383,5739,5738,-0.00902045,-0.00297427,-0.01061372,-0.00902045,-483.2383,53571.4227,OK,0.0000,19.3295,4.0000,96.0000,AG03-UNRESOLVED,ALL5_LEVELS_bet23_to_bet27,19.3295,19.3295,24.1619,0.0000,0.0000,4.000000,4.000000,5.000000,0.000000,0.000000,96.000000,96.000000,95.000000,100.000000,100.000000,5.0,62.8210,60.1535,420.4173,423.0848,PENDING_AG03,FALSE,NOT_FOR_ENFORCEMENT,463.9088,46319.4703,483.2383,463.9088,19.3295,0.00902045,0.00865963,19.3295,463.9088,0.00865963,19.3295,19.3295,24.1619,0.0000,0.0000,463.9088,0.00865963,62.8210,60.1535,420.4173,423.0848,0.00784779,0.00789758,0.00036082,9.3346,8.4088,0.0842,5.5545,0.2517,615.7635,65.9540,8.3255,9.6426,5.1431,5.1891,8.2617,16.7816,25.8881,44.2602,5.1891,0.0,4.9889,8.529385,1.798876,29,193,98,2,0.20855820,0.00902045,0.00297427,0E-8,0.000000,0.900656,0.000000,0.00763944,2026-03-21,2026-08-06,87,1920,882,139,0.625899,0.863400,0.891889,0.695194,,,,,,,,GLOBAL_BASELINE_NO_ENTITY_RANKING,,,NOT_APPLICABLE_GLOBAL_BASELINE,HF9g-P5,,,,X 全窗基线 · 不参与实体赏罚,8397416,840,A168_HF9F_20260827_0900,2026-08-27 09:00:00
2026-07-18,54653530,2287,0,5.1635556244,4.9053778432,4.9053778432,1.0000000,1,1,0.50665070000000000,0.506650700000,0.9867858985152569,0.9867858985152569,0.9867858985152569,0E-17,ELIGIBLE,R03b_20260811_FULL_v1,L1_ELIGIBILITY,v2026-08-11,2026-03-21..2026-08-06,baccarat_bet02_101_all_pairs_incl_sentinel,round_win = game_pnl > 0 (decisive only),COMPATIBILITY_ONLY_NOT_PRODUCTION,53571.4227,48249.4483,483.2383,5739,5738,-0.00902045,-0.00297427,-0.01061372,-0.00902045,-483.2383,53571.4227,OK,0.0000,19.3295,4.0000,96.0000,AG03-UNRESOLVED,ALL5_LEVELS_bet23_to_bet27,19.3295,19.3295,24.1619,0.0000,0.0000,4.000000,4.000000,5.000000,0.000000,0.000000,96.000000,96.000000,95.000000,100.000000,100.000000,5.0,62.8210,60.1535,420.4173,423.0848,PENDING_AG03,FALSE,NOT_FOR_ENFORCEMENT,463.9088,46319.4703,483.2383,463.9088,19.3295,0.00902045,0.00865963,19.3295,463.9088,0.00865963,19.3295,19.3295,24.1619,0.0000,0.0000,463.9088,0.00865963,62.8210,60.1535,420.4173,423.0848,0.00784779,0.00789758,0.00036082,9.3346,8.4088,0.0842,5.5545,0.2517,615.7635,65.9540,8.3255,9.6426,5.1431,5.1891,8.2617,16.7816,25.8881,44.2602,5.1891,0.0,4.9889,8.529385,1.798876,29,193,98,2,0.20855820,0.00902045,0.00297427,0E-8,0.000000,0.900656,0.000000,0.00763944,2026-03-21,2026-08-06,87,1920,882,139,0.625899,0.863400,0.891889,0.695194,,,,,,,,GLOBAL_BASELINE_NO_ENTITY_RANKING,,,NOT_APPLICABLE_GLOBAL_BASELINE,HF9g-P5,,,,X 全窗基线 · 不参与实体赏罚,8397417,840,A168_HF9F_20260827_0900,2026-08-27 09:00:00
2026-07-18,54653530,583,0,5.1635556244,0E-10,0E-10,,1,1,0.50665070000000000,0.506650700000,,,,0E-17,NO_DECISIVE_ROUND,R03b_20260811_FULL_v1,L1_ELIGIBILITY,v2026-08-11,2026-03-21..2026-08-06,baccarat_bet02_101_all_pairs_incl_sentinel,round_win = game_pnl > 0 (decisive only),COMPATIBILITY_ONLY_NOT_PRODUCTION,53571.4227,48249.4483,483.2383,5739,5738,-0.00902045,-0.00297427,-0.01061372,-0.00902045,-483.2383,53571.4227,OK,0.0000,19.3295,4.0000,96.0000,AG03-UNRESOLVED,ALL5_LEVELS_bet23_to_bet27,19.3295,19.3295,24.1619,0.0000,0.0000,4.000000,4.000000,5.000000,0.000000,0.000000,96.000000,96.000000,95.000000,100.000000,100.000000,5.0,62.8210,60.1535,420.4173,423.0848,PENDING_AG03,FALSE,NOT_FOR_ENFORCEMENT,463.9088,46319.4703,483.2383,463.9088,19.3295,0.00902045,0.00865963,19.3295,463.9088,0.00865963,19.3295,19.3295,24.1619,0.0000,0.0000,463.9088,0.00865963,62.8210,60.1535,420.4173,423.0848,0.00784779,0.00789758,0.00036082,9.3346,8.4088,0.0842,5.5545,0.2517,615.7635,65.9540,8.3255,9.6426,5.1431,5.1891,8.2617,16.7816,25.8881,44.2602,5.1891,0.0,4.9889,8.529385,1.798876,29,193,98,2,0.20855820,0.00902045,0.00297427,0E-8,0.000000,0.900656,0.000000,0.00763944,2026-03-21,2026-08-06,87,1920,882,139,0.625899,0.863400,0.891889,0.695194,,,,,,,,GLOBAL_BASELINE_NO_ENTITY_RANKING,,,NOT_APPLICABLE_GLOBAL_BASELINE,HF9g-P5,,,,X 全窗基线 · 不参与实体赏罚,8397418,840,A168_HF9F_20260827_0900,2026-08-27 09:00:00
2026-07-18,54653530,752,0,5.1635556244,4.9053778432,4.9053778432,1.0000000,1,1,0.50665070000000000,0.506650700000,0.9867858985152569,0.9867858985152569,0.9867858985152569,0E-17,ELIGIBLE,R03b_20260811_FULL_v1,L1_ELIGIBILITY,v2026-08-11,2026-03-21..2026-08-06,baccarat_bet02_101_all_pairs_incl_sentinel,round_win = game_pnl > 0 (decisive only),COMPATIBILITY_ONLY_NOT_PRODUCTION,53571.4227,48249.4483,483.2383,5739,5738,-0.00902045,-0.00297427,-0.01061372,-0.00902045,-483.2383,53571.4227,OK,0.0000,19.3295,4.0000,96.0000,AG03-UNRESOLVED,ALL5_LEVELS_bet23_to_bet27,19.3295,19.3295,24.1619,0.0000,0.0000,4.000000,4.000000,5.000000,0.000000,0.000000,96.000000,96.000000,95.000000,100.000000,100.000000,5.0,62.8210,60.1535,420.4173,423.0848,PENDING_AG03,FALSE,NOT_FOR_ENFORCEMENT,463.9088,46319.4703,483.2383,463.9088,19.3295,0.00902045,0.00865963,19.3295,463.9088,0.00865963,19.3295,19.3295,24.1619,0.0000,0.0000,463.9088,0.00865963,62.8210,60.1535,420.4173,423.0848,0.00784779,0.00789758,0.00036082,9.3346,8.4088,0.0842,5.5545,0.2517,615.7635,65.9540,8.3255,9.6426,5.1431,5.1891,8.2617,16.7816,25.8881,44.2602,5.1891,0.0,4.9889,8.529385,1.798876,29,193,98,2,0.20855820,0.00902045,0.00297427,0E-8,0.000000,0.900656,0.000000,0.00763944,2026-03-21,2026-08-06,87,1920,882,139,0.625899,0.863400,0.891889,0.695194,,,,,,,,GLOBAL_BASELINE_NO_ENTITY_RANKING,,,NOT_APPLICABLE_GLOBAL_BASELINE,HF9g-P5,,,,X 全窗基线 · 不参与实体赏罚,8397419,840,A168_HF9F_20260827_0900,2026-08-27 09:00:00
2026-07-18,54653530,772,0,23.4941780910,7.3451578757,7.3451578757,0.6666667,4,4,0.50665070000000000,0.506650700000,0.5543606114942035,0.5543606114942035,0.5543606114942035,0E-17,ELIGIBLE,R03b_20260811_FULL_v1,L1_ELIGIBILITY,v2026-08-11,2026-03-21..2026-08-06,baccarat_bet02_101_all_pairs_incl_sentinel,round_win = game_pnl > 0 (decisive only),COMPATIBILITY_ONLY_NOT_PRODUCTION,53571.4227,48249.4483,483.2383,5739,5738,-0.00902045,-0.00297427,-0.01061372,-0.00902045,-483.2383,53571.4227,OK,0.0000,19.3295,4.0000,96.0000,AG03-UNRESOLVED,ALL5_LEVELS_bet23_to_bet27,19.3295,19.3295,24.1619,0.0000,0.0000,4.000000,4.000000,5.000000,0.000000,0.000000,96.000000,96.000000,95.000000,100.000000,100.000000,5.0,62.8210,60.1535,420.4173,423.0848,PENDING_AG03,FALSE,NOT_FOR_ENFORCEMENT,463.9088,46319.4703,483.2383,463.9088,19.3295,0.00902045,0.00865963,19.3295,463.9088,0.00865963,19.3295,19.3295,24.1619,0.0000,0.0000,463.9088,0.00865963,62.8210,60.1535,420.4173,423.0848,0.00784779,0.00789758,0.00036082,9.3346,8.4088,0.0842,5.5545,0.2517,615.7635,65.9540,8.3255,9.6426,5.1431,5.1891,8.2617,16.7816,25.8881,44.2602,5.1891,0.0,4.9889,8.529385,1.798876,29,193,98,2,0.20855820,0.00902045,0.00297427,0E-8,0.000000,0.900656,0.000000,0.00763944,2026-03-21,2026-08-06,87,1920,882,139,0.625899,0.863400,0.891889,0.695194,,,,,,,,GLOBAL_BASELINE_NO_ENTITY_RANKING,,,NOT_APPLICABLE_GLOBAL_BASELINE,HF9g-P5,,,,X 全窗基线 · 不参与实体赏罚,8397420,840,A168_HF9F_20260827_0900,2026-08-27 09:00:00
2026-07-18,54653530,915,0,59.8972452430,-35.3703560271,-35.3703560271,0.1666667,7,7,0.50665070000000000,0.506650700000,-1.6657221670529434,-1.6657221670529434,-1.6657221670529434,0E-17,ELIGIBLE,R03b_20260811_FULL_v1,L1_ELIGIBILITY,v2026-08-11,2026-03-21..2026-08-06,baccarat_bet02_101_all_pairs_incl_sentinel,round_win = game_pnl > 0 (decisive only),COMPATIBILITY_ONLY_NOT_PRODUCTION,53571.4227,48249.4483,483.2383,5739,5738,-0.00902045,-0.00297427,-0.01061372,-0.00902045,-483.2383,53571.4227,OK,0.0000,19.3295,4.0000,96.0000,AG03-UNRESOLVED,ALL5_LEVELS_bet23_to_bet27,19.3295,19.3295,24.1619,0.0000,0.0000,4.000000,4.000000,5.000000,0.000000,0.000000,96.000000,96.000000,95.000000,100.000000,100.000000,5.0,62.8210,60.1535,420.4173,423.0848,PENDING_AG03,FALSE,NOT_FOR_ENFORCEMENT,463.9088,46319.4703,483.2383,463.9088,19.3295,0.00902045,0.00865963,19.3295,463.9088,0.00865963,19.3295,19.3295,24.1619,0.0000,0.0000,463.9088,0.00865963,62.8210,60.1535,420.4173,423.0848,0.00784779,0.00789758,0.00036082,9.3346,8.4088,0.0842,5.5545,0.2517,615.7635,65.9540,8.3255,9.6426,5.1431,5.1891,8.2617,16.7816,25.8881,44.2602,5.1891,0.0,4.9889,8.529385,1.798876,29,193,98,2,0.20855820,0.00902045,0.00297427,0E-8,0.000000,0.900656,0.000000,0.00763944,2026-03-21,2026-08-06,87,1920,882,139,0.625899,0.863400,0.891889,0.695194,,,,,,,,GLOBAL_BASELINE_NO_ENTITY_RANKING,,,NOT_APPLICABLE_GLOBAL_BASELINE,HF9g-P5,,,,X 全窗基线 · 不参与实体赏罚,8397421,840,A168_HF9F_20260827_0900,2026-08-27 09:00:00
2026-07-19,54653530,-1,1,18.3306224666,7.3451578757,7.3451578757,0.6666667,3,3,0.50665070000000000,0.506650700000,0.5543606114942035,0.5543606114942035,0.5543606114942035,0E-17,SENTINEL_DEALER,R03b_20260811_FULL_v1,L1_ELIGIBILITY,v2026-08-11,2026-03-21..2026-08-06,baccarat_bet02_101_all_pairs_incl_sentinel,round_win = game_pnl > 0 (decisive only),COMPATIBILITY_ONLY_NOT_PRODUCTION,53571.4227,48249.4483,483.2383,5739,5738,-0.00902045,-0.00297427,-0.01061372,-0.00902045,-483.2383,53571.4227,OK,0.0000,19.3295,4.0000,96.0000,AG03-UNRESOLVED,ALL5_LEVELS_bet23_to_bet27,19.3295,19.3295,24.1619,0.0000,0.0000,4.000000,4.000000,5.000000,0.000000,0.000000,96.000000,96.000000,95.000000,100.000000,100.000000,5.0,62.8210,60.1535,420.4173,423.0848,PENDING_AG03,FALSE,NOT_FOR_ENFORCEMENT,463.9088,46319.4703,483.2383,463.9088,19.3295,0.00902045,0.00865963,19.3295,463.9088,0.00865963,19.3295,19.3295,24.1619,0.0000,0.0000,463.9088,0.00865963,62.8210,60.1535,420.4173,423.0848,0.00784779,0.00789758,0.00036082,9.3346,8.4088,0.0842,5.5545,0.2517,615.7635,65.9540,8.3255,9.6426,5.1431,5.1891,8.2617,16.7816,25.8881,44.2602,5.1891,0.0,4.9889,8.529385,1.798876,29,193,98,2,0.20855820,0.00902045,0.00297427,0E-8,0.000000,0.900656,0.000000,0.00763944,2026-03-21,2026-08-06,87,1920,882,139,0.625899,0.863400,0.891889,0.695194,,,,,,,,GLOBAL_BASELINE_NO_ENTITY_RANKING,,,NOT_APPLICABLE_GLOBAL_BASELINE,HF9g-P5,,,,X 全窗基线 · 不参与实体赏罚,8397422,840,A168_HF9F_20260827_0900,2026-08-27 09:00:00
2026-07-19,54653530,1221,0,30.9813337464,4.2599333902,4.2599333902,0.5000000,4,4,0.50665070000000000,0.506650700000,-0.02660515369234503,-0.02660515369234503,-0.02660515369234503,0E-17,ELIGIBLE,R03b_20260811_FULL_v1,L1_ELIGIBILITY,v2026-08-11,2026-03-21..2026-08-06,baccarat_bet02_101_all_pairs_incl_sentinel,round_win = game_pnl > 0 (decisive only),COMPATIBILITY_ONLY_NOT_PRODUCTION,53571.4227,48249.4483,483.2383,5739,5738,-0.00902045,-0.00297427,-0.01061372,-0.00902045,-483.2383,53571.4227,OK,0.0000,19.3295,4.0000,96.0000,AG03-UNRESOLVED,ALL5_LEVELS_bet23_to_bet27,19.3295,19.3295,24.1619,0.0000,0.0000,4.000000,4.000000,5.000000,0.000000,0.000000,96.000000,96.000000,95.000000,100.000000,100.000000,5.0,62.8210,60.1535,420.4173,423.0848,PENDING_AG03,FALSE,NOT_FOR_ENFORCEMENT,463.9088,46319.4703,483.2383,463.9088,19.3295,0.00902045,0.00865963,19.3295,463.9088,0.00865963,19.3295,19.3295,24.1619,0.0000,0.0000,463.9088,0.00865963,62.8210,60.1535,420.4173,423.0848,0.00784779,0.00789758,0.00036082,9.3346,8.4088,0.0842,5.5545,0.2517,615.7635,65.9540,8.3255,9.6426,5.1431,5.1891,8.2617,16.7816,25.8881,44.2602,5.1891,0.0,4.9889,8.529385,1.798876,29,193,98,2,0.20855820,0.00902045,0.00297427,0E-8,0.000000,0.900656,0.000000,0.00763944,2026-03-21,2026-08-06,87,1920,882,139,0.625899,0.863400,0.891889,0.695194,,,,,,,,GLOBAL_BASELINE_NO_ENTITY_RANKING,,,NOT_APPLICABLE_GLOBAL_BASELINE,HF9g-P5,,,,X 全窗基线 · 不参与实体赏罚,8397423,840,A168_HF9F_20260827_0900,2026-08-27 09:00:00
2026-07-19,54653530,1307,0,25.8177781220,-25.8177781220,-25.8177781220,0E-7,3,3,0.50665070000000000,0.506650700000,-1.7552447903592512,-1.7552447903592512,-1.7552447903592512,0E-17,ELIGIBLE,R03b_20260811_FULL_v1,L1_ELIGIBILITY,v2026-08-11,2026-03-21..2026-08-06,baccarat_bet02_101_all_pairs_incl_sentinel,round_win = game_pnl > 0 (decisive only),COMPATIBILITY_ONLY_NOT_PRODUCTION,53571.4227,48249.4483,483.2383,5739,5738,-0.00902045,-0.00297427,-0.01061372,-0.00902045,-483.2383,53571.4227,OK,0.0000,19.3295,4.0000,96.0000,AG03-UNRESOLVED,ALL5_LEVELS_bet23_to_bet27,19.3295,19.3295,24.1619,0.0000,0.0000,4.000000,4.000000,5.000000,0.000000,0.000000,96.000000,96.000000,95.000000,100.000000,100.000000,5.0,62.8210,60.1535,420.4173,423.0848,PENDING_AG03,FALSE,NOT_FOR_ENFORCEMENT,463.9088,46319.4703,483.2383,463.9088,19.3295,0.00902045,0.00865963,19.3295,463.9088,0.00865963,19.3295,19.3295,24.1619,0.0000,0.0000,463.9088,0.00865963,62.8210,60.1535,420.4173,423.0848,0.00784779,0.00789758,0.00036082,9.3346,8.4088,0.0842,5.5545,0.2517,615.7635,65.9540,8.3255,9.6426,5.1431,5.1891,8.2617,16.7816,25.8881,44.2602,5.1891,0.0,4.9889,8.529385,1.798876,29,193,98,2,0.20855820,0.00902045,0.00297427,0E-8,0.000000,0.900656,0.000000,0.00763944,2026-03-21,2026-08-06,87,1920,882,139,0.625899,0.863400,0.891889,0.695194,,,,,,,,GLOBAL_BASELINE_NO_ENTITY_RANKING,,,NOT_APPLICABLE_GLOBAL_BASELINE,HF9g-P5,,,,X 全窗基线 · 不参与实体赏罚,8397424,840,A168_HF9F_20260827_0900,2026-08-27 09:00:00
2026-07-19,54653530,1363,0,65.5771564298,8.0551467741,8.0551467741,0.3333333,4,4,0.50665070000000000,0.506650700000,-0.6004420894325239,-0.6004420894325239,-0.6004420894325239,0E-17,ELIGIBLE,R03b_20260811_FULL_v1,L1_ELIGIBILITY,v2026-08-11,2026-03-21..2026-08-06,baccarat_bet02_101_all_pairs_incl_sentinel,round_win = game_pnl > 0 (decisive only),COMPATIBILITY_ONLY_NOT_PRODUCTION,53571.4227,48249.4483,483.2383,5739,5738,-0.00902045,-0.00297427,-0.01061372,-0.00902045,-483.2383,53571.4227,OK,0.0000,19.3295,4.0000,96.0000,AG03-UNRESOLVED,ALL5_LEVELS_bet23_to_bet27,19.3295,19.3295,24.1619,0.0000,0.0000,4.000000,4.000000,5.000000,0.000000,0.000000,96.000000,96.000000,95.000000,100.000000,100.000000,5.0,62.8210,60.1535,420.4173,423.0848,PENDING_AG03,FALSE,NOT_FOR_ENFORCEMENT,463.9088,46319.4703,483.2383,463.9088,19.3295,0.00902045,0.00865963,19.3295,463.9088,0.00865963,19.3295,19.3295,24.1619,0.0000,0.0000,463.9088,0.00865963,62.8210,60.1535,420.4173,423.0848,0.00784779,0.00789758,0.00036082,9.3346,8.4088,0.0842,5.5545,0.2517,615.7635,65.9540,8.3255,9.6426,5.1431,5.1891,8.2617,16.7816,25.8881,44.2602,5.1891,0.0,4.9889,8.529385,1.798876,29,193,98,2,0.20855820,0.00902045,0.00297427,0E-8,0.000000,0.900656,0.000000,0.00763944,2026-03-21,2026-08-06,87,1920,882,139,0.625899,0.863400,0.891889,0.695194,,,,,,,,GLOBAL_BASELINE_NO_ENTITY_RANKING,,,NOT_APPLICABLE_GLOBAL_BASELINE,HF9g-P5,,,,X 全窗基线 · 不参与实体赏罚,8397425,840,A168_HF9F_20260827_0900,2026-08-27 09:00:00
2026-07-19,54653530,1398,0,13.4252446234,2.6850489247,2.6850489247,0.5000000,2,2,0.50665070000000000,0.506650700000,-0.018812684590367487,-0.018812684590367487,-0.018812684590367487,0E-17,ELIGIBLE,R03b_20260811_FULL_v1,L1_ELIGIBILITY,v2026-08-11,2026-03-21..2026-08-06,baccarat_bet02_101_all_pairs_incl_sentinel,round_win = game_pnl > 0 (decisive only),COMPATIBILITY_ONLY_NOT_PRODUCTION,53571.4227,48249.4483,483.2383,5739,5738,-0.00902045,-0.00297427,-0.01061372,-0.00902045,-483.2383,53571.4227,OK,0.0000,19.3295,4.0000,96.0000,AG03-UNRESOLVED,ALL5_LEVELS_bet23_to_bet27,19.3295,19.3295,24.1619,0.0000,0.0000,4.000000,4.000000,5.000000,0.000000,0.000000,96.000000,96.000000,95.000000,100.000000,100.000000,5.0,62.8210,60.1535,420.4173,423.0848,PENDING_AG03,FALSE,NOT_FOR_ENFORCEMENT,463.9088,46319.4703,483.2383,463.9088,19.3295,0.00902045,0.00865963,19.3295,463.9088,0.00865963,19.3295,19.3295,24.1619,0.0000,0.0000,463.9088,0.00865963,62.8210,60.1535,420.4173,423.0848,0.00784779,0.00789758,0.00036082,9.3346,8.4088,0.0842,5.5545,0.2517,615.7635,65.9540,8.3255,9.6426,5.1431,5.1891,8.2617,16.7816,25.8881,44.2602,5.1891,0.0,4.9889,8.529385,1.798876,29,193,98,2,0.20855820,0.00902045,0.00297427,0E-8,0.000000,0.900656,0.000000,0.00763944,2026-03-21,2026-08-06,87,1920,882,139,0.625899,0.863400,0.891889,0.695194,,,,,,,,GLOBAL_BASELINE_NO_ENTITY_RANKING,,,NOT_APPLICABLE_GLOBAL_BASELINE,HF9g-P5,,,,X 全窗基线 · 不参与实体赏罚,8397426,840,A168_HF9F_20260827_0900,2026-08-27 09:00:00
2026-07-19,54653530,1505,0,15.4906668732,9.8107556864,9.8107556864,1.0000000,3,3,0.50665070000000000,0.506650700000,1.3955260008387969,1.3955260008387969,1.3955260008387969,0E-17,ELIGIBLE,R03b_20260811_FULL_v1,L1_ELIGIBILITY,v2026-08-11,2026-03-21..2026-08-06,baccarat_bet02_101_all_pairs_incl_sentinel,round_win = game_pnl > 0 (decisive only),COMPATIBILITY_ONLY_NOT_PRODUCTION,53571.4227,48249.4483,483.2383,5739,5738,-0.00902045,-0.00297427,-0.01061372,-0.00902045,-483.2383,53571.4227,OK,0.0000,19.3295,4.0000,96.0000,AG03-UNRESOLVED,ALL5_LEVELS_bet23_to_bet27,19.3295,19.3295,24.1619,0.0000,0.0000,4.000000,4.000000,5.000000,0.000000,0.000000,96.000000,96.000000,95.000000,100.000000,100.000000,5.0,62.8210,60.1535,420.4173,423.0848,PENDING_AG03,FALSE,NOT_FOR_ENFORCEMENT,463.9088,46319.4703,483.2383,463.9088,19.3295,0.00902045,0.00865963,19.3295,463.9088,0.00865963,19.3295,19.3295,24.1619,0.0000,0.0000,463.9088,0.00865963,62.8210,60.1535,420.4173,423.0848,0.00784779,0.00789758,0.00036082,9.3346,8.4088,0.0842,5.5545,0.2517,615.7635,65.9540,8.3255,9.6426,5.1431,5.1891,8.2617,16.7816,25.8881,44.2602,5.1891,0.0,4.9889,8.529385,1.798876,29,193,98,2,0.20855820,0.00902045,0.00297427,0E-8,0.000000,0.900656,0.000000,0.00763944,2026-03-21,2026-08-06,87,1920,882,139,0.625899,0.863400,0.891889,0.695194,,,,,,,,GLOBAL_BASELINE_NO_ENTITY_RANKING,,,NOT_APPLICABLE_GLOBAL_BASELINE,HF9g-P5,,,,X 全窗基线 · 不参与实体赏罚,8397427,840,A168_HF9F_20260827_0900,2026-08-27 09:00:00
2026-07-19,54653530,1645,0,5.1635556244,4.9053778432,4.9053778432,1.0000000,1,1,0.50665070000000000,0.506650700000,0.9867858985152569,0.9867858985152569,0.9867858985152569,0E-17,ELIGIBLE,R03b_20260811_FULL_v1,L1_ELIGIBILITY,v2026-08-11,2026-03-21..2026-08-06,baccarat_bet02_101_all_pairs_incl_sentinel,round_win = game_pnl > 0 (decisive only),COMPATIBILITY_ONLY_NOT_PRODUCTION,53571.4227,48249.4483,483.2383,5739,5738,-0.00902045,-0.00297427,-0.01061372,-0.00902045,-483.2383,53571.4227,OK,0.0000,19.3295,4.0000,96.0000,AG03-UNRESOLVED,ALL5_LEVELS_bet23_to_bet27,19.3295,19.3295,24.1619,0.0000,0.0000,4.000000,4.000000,5.000000,0.000000,0.000000,96.000000,96.000000,95.000000,100.000000,100.000000,5.0,62.8210,60.1535,420.4173,423.0848,PENDING_AG03,FALSE,NOT_FOR_ENFORCEMENT,463.9088,46319.4703,483.2383,463.9088,19.3295,0.00902045,0.00865963,19.3295,463.9088,0.00865963,19.3295,19.3295,24.1619,0.0000,0.0000,463.9088,0.00865963,62.8210,60.1535,420.4173,423.0848,0.00784779,0.00789758,0.00036082,9.3346,8.4088,0.0842,5.5545,0.2517,615.7635,65.9540,8.3255,9.6426,5.1431,5.1891,8.2617,16.7816,25.8881,44.2602,5.1891,0.0,4.9889,8.529385,1.798876,29,193,98,2,0.20855820,0.00902045,0.00297427,0E-8,0.000000,0.900656,0.000000,0.00763944,2026-03-21,2026-08-06,87,1920,882,139,0.625899,0.863400,0.891889,0.695194,,,,,,,,GLOBAL_BASELINE_NO_ENTITY_RANKING,,,NOT_APPLICABLE_GLOBAL_BASELINE,HF9g-P5,,,,X 全窗基线 · 不参与实体赏罚,8397428,840,A168_HF9F_20260827_0900,2026-08-27 09:00:00
2026-07-19,54653530,1704,0,5.1635556244,4.9053778432,4.9053778432,1.0000000,1,1,0.50665070000000000,0.506650700000,0.9867858985152569,0.9867858985152569,0.9867858985152569,0E-17,ELIGIBLE,R03b_20260811_FULL_v1,L1_ELIGIBILITY,v2026-08-11,2026-03-21..2026-08-06,baccarat_bet02_101_all_pairs_incl_sentinel,round_win = game_pnl > 0 (decisive only),COMPATIBILITY_ONLY_NOT_PRODUCTION,53571.4227,48249.4483,483.2383,5739,5738,-0.00902045,-0.00297427,-0.01061372,-0.00902045,-483.2383,53571.4227,OK,0.0000,19.3295,4.0000,96.0000,AG03-UNRESOLVED,ALL5_LEVELS_bet23_to_bet27,19.3295,19.3295,24.1619,0.0000,0.0000,4.000000,4.000000,5.000000,0.000000,0.000000,96.000000,96.000000,95.000000,100.000000,100.000000,5.0,62.8210,60.1535,420.4173,423.0848,PENDING_AG03,FALSE,NOT_FOR_ENFORCEMENT,463.9088,46319.4703,483.2383,463.9088,19.3295,0.00902045,0.00865963,19.3295,463.9088,0.00865963,19.3295,19.3295,24.1619,0.0000,0.0000,463.9088,0.00865963,62.8210,60.1535,420.4173,423.0848,0.00784779,0.00789758,0.00036082,9.3346,8.4088,0.0842,5.5545,0.2517,615.7635,65.9540,8.3255,9.6426,5.1431,5.1891,8.2617,16.7816,25.8881,44.2602,5.1891,0.0,4.9889,8.529385,1.798876,29,193,98,2,0.20855820,0.00902045,0.00297427,0E-8,0.000000,0.900656,0.000000,0.00763944,2026-03-21,2026-08-06,87,1920,882,139,0.625899,0.863400,0.891889,0.695194,,,,,,,,GLOBAL_BASELINE_NO_ENTITY_RANKING,,,NOT_APPLICABLE_GLOBAL_BASELINE,HF9g-P5,,,,X 全窗基线 · 不参与实体赏罚,8397429,840,A168_HF9F_20260827_0900,2026-08-27 09:00:00
2026-07-19,54653530,1750,0,13.6834224047,3.3563111559,3.3563111559,0.5000000,2,2,0.49994810000000000,0.499948100000,0.00014679536856514622,0.00014679536856514622,0.00014679536856514622,0E-17,ELIGIBLE,R03b_20260811_FULL_v1,L1_ELIGIBILITY,v2026-08-11,2026-03-21..2026-08-06,baccarat_bet02_101_all_pairs_incl_sentinel,round_win = game_pnl > 0 (decisive only),COMPATIBILITY_ONLY_NOT_PRODUCTION,53571.4227,48249.4483,483.2383,5739,5738,-0.00902045,-0.00297427,-0.01061372,-0.00902045,-483.2383,53571.4227,OK,0.0000,19.3295,4.0000,96.0000,AG03-UNRESOLVED,ALL5_LEVELS_bet23_to_bet27,19.3295,19.3295,24.1619,0.0000,0.0000,4.000000,4.000000,5.000000,0.000000,0.000000,96.000000,96.000000,95.000000,100.000000,100.000000,5.0,62.8210,60.1535,420.4173,423.0848,PENDING_AG03,FALSE,NOT_FOR_ENFORCEMENT,463.9088,46319.4703,483.2383,463.9088,19.3295,0.00902045,0.00865963,19.3295,463.9088,0.00865963,19.3295,19.3295,24.1619,0.0000,0.0000,463.9088,0.00865963,62.8210,60.1535,420.4173,423.0848,0.00784779,0.00789758,0.00036082,9.3346,8.4088,0.0842,5.5545,0.2517,615.7635,65.9540,8.3255,9.6426,5.1431,5.1891,8.2617,16.7816,25.8881,44.2602,5.1891,0.0,4.9889,8.529385,1.798876,29,193,98,2,0.20855820,0.00902045,0.00297427,0E-8,0.000000,0.900656,0.000000,0.00763944,2026-03-21,2026-08-06,87,1920,882,139,0.625899,0.863400,0.891889,0.695194,,,,,,,,GLOBAL_BASELINE_NO_ENTITY_RANKING,,,NOT_APPLICABLE_GLOBAL_BASELINE,HF9g-P5,,,,X 全窗基线 · 不参与实体赏罚,8397430,840,A168_HF9F_20260827_0900,2026-08-27 09:00:00
2026-07-19,54653530,1941,0,53.9591562750,9.6042134614,9.6042134614,0.5000000,7,7,0.50665070000000000,0.506650700000,-0.032584525537284574,-0.032584525537284574,-0.032584525537284574,0E-17,ELIGIBLE,R03b_20260811_FULL_v1,L1_ELIGIBILITY,v2026-08-11,2026-03-21..2026-08-06,baccarat_bet02_101_all_pairs_incl_sentinel,round_win = game_pnl > 0 (decisive only),COMPATIBILITY_ONLY_NOT_PRODUCTION,53571.4227,48249.4483,483.2383,5739,5738,-0.00902045,-0.00297427,-0.01061372,-0.00902045,-483.2383,53571.4227,OK,0.0000,19.3295,4.0000,96.0000,AG03-UNRESOLVED,ALL5_LEVELS_bet23_to_bet27,19.3295,19.3295,24.1619,0.0000,0.0000,4.000000,4.000000,5.000000,0.000000,0.000000,96.000000,96.000000,95.000000,100.000000,100.000000,5.0,62.8210,60.1535,420.4173,423.0848,PENDING_AG03,FALSE,NOT_FOR_ENFORCEMENT,463.9088,46319.4703,483.2383,463.9088,19.3295,0.00902045,0.00865963,19.3295,463.9088,0.00865963,19.3295,19.3295,24.1619,0.0000,0.0000,463.9088,0.00865963,62.8210,60.1535,420.4173,423.0848,0.00784779,0.00789758,0.00036082,9.3346,8.4088,0.0842,5.5545,0.2517,615.7635,65.9540,8.3255,9.6426,5.1431,5.1891,8.2617,16.7816,25.8881,44.2602,5.1891,0.0,4.9889,8.529385,1.798876,29,193,98,2,0.20855820,0.00902045,0.00297427,0E-8,0.000000,0.900656,0.000000,0.00763944,2026-03-21,2026-08-06,87,1920,882,139,0.625899,0.863400,0.891889,0.695194,,,,,,,,GLOBAL_BASELINE_NO_ENTITY_RANKING,,,NOT_APPLICABLE_GLOBAL_BASELINE,HF9g-P5,,,,X 全窗基线 · 不参与实体赏罚,8397431,840,A168_HF9F_20260827_0900,2026-08-27 09:00:00
2026-07-19,54653530,1985,0,38.7266671830,9.1007667880,9.1007667880,0.5000000,4,4,0.50665070000000000,0.506650700000,-0.02660515369234503,-0.02660515369234503,-0.02660515369234503,0E-17,ELIGIBLE,R03b_20260811_FULL_v1,L1_ELIGIBILITY,v2026-08-11,2026-03-21..2026-08-06,baccarat_bet02_101_all_pairs_incl_sentinel,round_win = game_pnl > 0 (decisive only),COMPATIBILITY_ONLY_NOT_PRODUCTION,53571.4227,48249.4483,483.2383,5739,5738,-0.00902045,-0.00297427,-0.01061372,-0.00902045,-483.2383,53571.4227,OK,0.0000,19.3295,4.0000,96.0000,AG03-UNRESOLVED,ALL5_LEVELS_bet23_to_bet27,19.3295,19.3295,24.1619,0.0000,0.0000,4.000000,4.000000,5.000000,0.000000,0.000000,96.000000,96.000000,95.000000,100.000000,100.000000,5.0,62.8210,60.1535,420.4173,423.0848,PENDING_AG03,FALSE,NOT_FOR_ENFORCEMENT,463.9088,46319.4703,483.2383,463.9088,19.3295,0.00902045,0.00865963,19.3295,463.9088,0.00865963,19.3295,19.3295,24.1619,0.0000,0.0000,463.9088,0.00865963,62.8210,60.1535,420.4173,423.0848,0.00784779,0.00789758,0.00036082,9.3346,8.4088,0.0842,5.5545,0.2517,615.7635,65.9540,8.3255,9.6426,5.1431,5.1891,8.2617,16.7816,25.8881,44.2602,5.1891,0.0,4.9889,8.529385,1.798876,29,193,98,2,0.20855820,0.00902045,0.00297427,0E-8,0.000000,0.900656,0.000000,0.00763944,2026-03-21,2026-08-06,87,1920,882,139,0.625899,0.863400,0.891889,0.695194,,,,,,,,GLOBAL_BASELINE_NO_ENTITY_RANKING,,,NOT_APPLICABLE_GLOBAL_BASELINE,HF9g-P5,,,,X 全窗基线 · 不参与实体赏罚,8397432,840,A168_HF9F_20260827_0900,2026-08-27 09:00:00
2026-07-19,54653530,1990,0,15.4906668732,4.6472000620,4.6472000620,0.5000000,2,2,0.50665070000000000,0.506650700000,-0.018812684590367487,-0.018812684590367487,-0.018812684590367487,0E-17,ELIGIBLE,R03b_20260811_FULL_v1,L1_ELIGIBILITY,v2026-08-11,2026-03-21..2026-08-06,baccarat_bet02_101_all_pairs_incl_sentinel,round_win = game_pnl > 0 (decisive only),COMPATIBILITY_ONLY_NOT_PRODUCTION,53571.4227,48249.4483,483.2383,5739,5738,-0.00902045,-0.00297427,-0.01061372,-0.00902045,-483.2383,53571.4227,OK,0.0000,19.3295,4.0000,96.0000,AG03-UNRESOLVED,ALL5_LEVELS_bet23_to_bet27,19.3295,19.3295,24.1619,0.0000,0.0000,4.000000,4.000000,5.000000,0.000000,0.000000,96.000000,96.000000,95.000000,100.000000,100.000000,5.0,62.8210,60.1535,420.4173,423.0848,PENDING_AG03,FALSE,NOT_FOR_ENFORCEMENT,463.9088,46319.4703,483.2383,463.9088,19.3295,0.00902045,0.00865963,19.3295,463.9088,0.00865963,19.3295,19.3295,24.1619,0.0000,0.0000,463.9088,0.00865963,62.8210,60.1535,420.4173,423.0848,0.00784779,0.00789758,0.00036082,9.3346,8.4088,0.0842,5.5545,0.2517,615.7635,65.9540,8.3255,9.6426,5.1431,5.1891,8.2617,16.7816,25.8881,44.2602,5.1891,0.0,4.9889,8.529385,1.798876,29,193,98,2,0.20855820,0.00902045,0.00297427,0E-8,0.000000,0.900656,0.000000,0.00763944,2026-03-21,2026-08-06,87,1920,882,139,0.625899,0.863400,0.891889,0.695194,,,,,,,,GLOBAL_BASELINE_NO_ENTITY_RANKING,,,NOT_APPLICABLE_GLOBAL_BASELINE,HF9g-P5,,,,X 全窗基线 · 不参与实体赏罚,8397433,840,A168_HF9F_20260827_0900,2026-08-27 09:00:00
2026-07-19,54653530,2101,0,58.3481785557,-50.6028451191,-50.6028451191,0E-7,5,5,0.50128862000000000,0.501288620000,-2.005161139317648,-2.005161139317648,-2.005161139317648,0E-17,ELIGIBLE,R03b_20260811_FULL_v1,L1_ELIGIBILITY,v2026-08-11,2026-03-21..2026-08-06,baccarat_bet02_101_all_pairs_incl_sentinel,round_win = game_pnl > 0 (decisive only),COMPATIBILITY_ONLY_NOT_PRODUCTION,53571.4227,48249.4483,483.2383,5739,5738,-0.00902045,-0.00297427,-0.01061372,-0.00902045,-483.2383,53571.4227,OK,0.0000,19.3295,4.0000,96.0000,AG03-UNRESOLVED,ALL5_LEVELS_bet23_to_bet27,19.3295,19.3295,24.1619,0.0000,0.0000,4.000000,4.000000,5.000000,0.000000,0.000000,96.000000,96.000000,95.000000,100.000000,100.000000,5.0,62.8210,60.1535,420.4173,423.0848,PENDING_AG03,FALSE,NOT_FOR_ENFORCEMENT,463.9088,46319.4703,483.2383,463.9088,19.3295,0.00902045,0.00865963,19.3295,463.9088,0.00865963,19.3295,19.3295,24.1619,0.0000,0.0000,463.9088,0.00865963,62.8210,60.1535,420.4173,423.0848,0.00784779,0.00789758,0.00036082,9.3346,8.4088,0.0842,5.5545,0.2517,615.7635,65.9540,8.3255,9.6426,5.1431,5.1891,8.2617,16.7816,25.8881,44.2602,5.1891,0.0,4.9889,8.529385,1.798876,29,193,98,2,0.20855820,0.00902045,0.00297427,0E-8,0.000000,0.900656,0.000000,0.00763944,2026-03-21,2026-08-06,87,1920,882,139,0.625899,0.863400,0.891889,0.695194,,,,,,,,GLOBAL_BASELINE_NO_ENTITY_RANKING,,,NOT_APPLICABLE_GLOBAL_BASELINE,HF9g-P5,,,,X 全窗基线 · 不参与实体赏罚,8397434,840,A168_HF9F_20260827_0900,2026-08-27 09:00:00
2026-07-19,54653530,2123,0,15.4906668732,14.7161335296,14.7161335296,1.0000000,3,3,0.50665070000000000,0.506650700000,1.7091633124209307,1.7091633124209307,1.7091633124209307,0E-17,ELIGIBLE,R03b_20260811_FULL_v1,L1_ELIGIBILITY,v2026-08-11,2026-03-21..2026-08-06,baccarat_bet02_101_all_pairs_incl_sentinel,round_win = game_pnl > 0 (decisive only),COMPATIBILITY_ONLY_NOT_PRODUCTION,53571.4227,48249.4483,483.2383,5739,5738,-0.00902045,-0.00297427,-0.01061372,-0.00902045,-483.2383,53571.4227,OK,0.0000,19.3295,4.0000,96.0000,AG03-UNRESOLVED,ALL5_LEVELS_bet23_to_bet27,19.3295,19.3295,24.1619,0.0000,0.0000,4.000000,4.000000,5.000000,0.000000,0.000000,96.000000,96.000000,95.000000,100.000000,100.000000,5.0,62.8210,60.1535,420.4173,423.0848,PENDING_AG03,FALSE,NOT_FOR_ENFORCEMENT,463.9088,46319.4703,483.2383,463.9088,19.3295,0.00902045,0.00865963,19.3295,463.9088,0.00865963,19.3295,19.3295,24.1619,0.0000,0.0000,463.9088,0.00865963,62.8210,60.1535,420.4173,423.0848,0.00784779,0.00789758,0.00036082,9.3346,8.4088,0.0842,5.5545,0.2517,615.7635,65.9540,8.3255,9.6426,5.1431,5.1891,8.2617,16.7816,25.8881,44.2602,5.1891,0.0,4.9889,8.529385,1.798876,29,193,98,2,0.20855820,0.00902045,0.00297427,0E-8,0.000000,0.900656,0.000000,0.00763944,2026-03-21,2026-08-06,87,1920,882,139,0.625899,0.863400,0.891889,0.695194,,,,,,,,GLOBAL_BASELINE_NO_ENTITY_RANKING,,,NOT_APPLICABLE_GLOBAL_BASELINE,HF9g-P5,,,,X 全窗基线 · 不参与实体赏罚,8397435,840,A168_HF9F_20260827_0900,2026-08-27 09:00:00
2026-07-19,54653530,2127,0,5.1635556244,-5.1635556244,-5.1635556244,0E-7,1,1,0.50665070000000000,0.506650700000,-1.013391052207602,-1.013391052207602,-1.013391052207602,0E-17,ELIGIBLE,R03b_20260811_FULL_v1,L1_ELIGIBILITY,v2026-08-11,2026-03-21..2026-08-06,baccarat_bet02_101_all_pairs_incl_sentinel,round_win = game_pnl > 0 (decisive only),COMPATIBILITY_ONLY_NOT_PRODUCTION,53571.4227,48249.4483,483.2383,5739,5738,-0.00902045,-0.00297427,-0.01061372,-0.00902045,-483.2383,53571.4227,OK,0.0000,19.3295,4.0000,96.0000,AG03-UNRESOLVED,ALL5_LEVELS_bet23_to_bet27,19.3295,19.3295,24.1619,0.0000,0.0000,4.000000,4.000000,5.000000,0.000000,0.000000,96.000000,96.000000,95.000000,100.000000,100.000000,5.0,62.8210,60.1535,420.4173,423.0848,PENDING_AG03,FALSE,NOT_FOR_ENFORCEMENT,463.9088,46319.4703,483.2383,463.9088,19.3295,0.00902045,0.00865963,19.3295,463.9088,0.00865963,19.3295,19.3295,24.1619,0.0000,0.0000,463.9088,0.00865963,62.8210,60.1535,420.4173,423.0848,0.00784779,0.00789758,0.00036082,9.3346,8.4088,0.0842,5.5545,0.2517,615.7635,65.9540,8.3255,9.6426,5.1431,5.1891,8.2617,16.7816,25.8881,44.2602,5.1891,0.0,4.9889,8.529385,1.798876,29,193,98,2,0.20855820,0.00902045,0.00297427,0E-8,0.000000,0.900656,0.000000,0.00763944,2026-03-21,2026-08-06,87,1920,882,139,0.625899,0.863400,0.891889,0.695194,,,,,,,,GLOBAL_BASELINE_NO_ENTITY_RANKING,,,NOT_APPLICABLE_GLOBAL_BASELINE,HF9g-P5,,,,X 全窗基线 · 不参与实体赏罚,8397436,840,A168_HF9F_20260827_0900,2026-08-27 09:00:00
2026-07-19,54653530,2141,0,33.3049337774,-33.3049337774,-33.3049337774,0E-7,3,3,0.50218230000000000,0.502182300000,-1.7396270863184011,-1.7396270863184016,-1.7396270863184011,0E-17,ELIGIBLE,R03b_20260811_FULL_v1,L1_ELIGIBILITY,v2026-08-11,2026-03-21..2026-08-06,baccarat_bet02_101_all_pairs_incl_sentinel,round_win = game_pnl > 0 (decisive only),COMPATIBILITY_ONLY_NOT_PRODUCTION,53571.4227,48249.4483,483.2383,5739,5738,-0.00902045,-0.00297427,-0.01061372,-0.00902045,-483.2383,53571.4227,OK,0.0000,19.3295,4.0000,96.0000,AG03-UNRESOLVED,ALL5_LEVELS_bet23_to_bet27,19.3295,19.3295,24.1619,0.0000,0.0000,4.000000,4.000000,5.000000,0.000000,0.000000,96.000000,96.000000,95.000000,100.000000,100.000000,5.0,62.8210,60.1535,420.4173,423.0848,PENDING_AG03,FALSE,NOT_FOR_ENFORCEMENT,463.9088,46319.4703,483.2383,463.9088,19.3295,0.00902045,0.00865963,19.3295,463.9088,0.00865963,19.3295,19.3295,24.1619,0.0000,0.0000,463.9088,0.00865963,62.8210,60.1535,420.4173,423.0848,0.00784779,0.00789758,0.00036082,9.3346,8.4088,0.0842,5.5545,0.2517,615.7635,65.9540,8.3255,9.6426,5.1431,5.1891,8.2617,16.7816,25.8881,44.2602,5.1891,0.0,4.9889,8.529385,1.798876,29,193,98,2,0.20855820,0.00902045,0.00297427,0E-8,0.000000,0.900656,0.000000,0.00763944,2026-03-21,2026-08-06,87,1920,882,139,0.625899,0.863400,0.891889,0.695194,,,,,,,,GLOBAL_BASELINE_NO_ENTITY_RANKING,,,NOT_APPLICABLE_GLOBAL_BASELINE,HF9g-P5,,,,X 全窗基线 · 不参与实体赏罚,8397437,840,A168_HF9F_20260827_0900,2026-08-27 09:00:00
2026-07-19,54653530,2147,0,41.3084449952,4.3890222808,4.3890222808,0.5000000,6,6,0.50665070000000000,0.506650700000,-0.02660515369234503,-0.02660515369234503,-0.02660515369234503,0E-17,ELIGIBLE,R03b_20260811_FULL_v1,L1_ELIGIBILITY,v2026-08-11,2026-03-21..2026-08-06,baccarat_bet02_101_all_pairs_incl_sentinel,round_win = game_pnl > 0 (decisive only),COMPATIBILITY_ONLY_NOT_PRODUCTION,53571.4227,48249.4483,483.2383,5739,5738,-0.00902045,-0.00297427,-0.01061372,-0.00902045,-483.2383,53571.4227,OK,0.0000,19.3295,4.0000,96.0000,AG03-UNRESOLVED,ALL5_LEVELS_bet23_to_bet27,19.3295,19.3295,24.1619,0.0000,0.0000,4.000000,4.000000,5.000000,0.000000,0.000000,96.000000,96.000000,95.000000,100.000000,100.000000,5.0,62.8210,60.1535,420.4173,423.0848,PENDING_AG03,FALSE,NOT_FOR_ENFORCEMENT,463.9088,46319.4703,483.2383,463.9088,19.3295,0.00902045,0.00865963,19.3295,463.9088,0.00865963,19.3295,19.3295,24.1619,0.0000,0.0000,463.9088,0.00865963,62.8210,60.1535,420.4173,423.0848,0.00784779,0.00789758,0.00036082,9.3346,8.4088,0.0842,5.5545,0.2517,615.7635,65.9540,8.3255,9.6426,5.1431,5.1891,8.2617,16.7816,25.8881,44.2602,5.1891,0.0,4.9889,8.529385,1.798876,29,193,98,2,0.20855820,0.00902045,0.00297427,0E-8,0.000000,0.900656,0.000000,0.00763944,2026-03-21,2026-08-06,87,1920,882,139,0.625899,0.863400,0.891889,0.695194,,,,,,,,GLOBAL_BASELINE_NO_ENTITY_RANKING,,,NOT_APPLICABLE_GLOBAL_BASELINE,HF9g-P5,,,,X 全窗基线 · 不参与实体赏罚,8397438,840,A168_HF9F_20260827_0900,2026-08-27 09:00:00
2026-07-19,54653530,2167,0,57.5736452119,-25.8177781219,-25.8177781219,0.2500000,7,7,0.50665070000000000,0.506650700000,-1.0266936290537745,-1.0266936290537745,-1.0266936290537745,0E-17,ELIGIBLE,R03b_20260811_FULL_v1,L1_ELIGIBILITY,v2026-08-11,2026-03-21..2026-08-06,baccarat_bet02_101_all_pairs_incl_sentinel,round_win = game_pnl > 0 (decisive only),COMPATIBILITY_ONLY_NOT_PRODUCTION,53571.4227,48249.4483,483.2383,5739,5738,-0.00902045,-0.00297427,-0.01061372,-0.00902045,-483.2383,53571.4227,OK,0.0000,19.3295,4.0000,96.0000,AG03-UNRESOLVED,ALL5_LEVELS_bet23_to_bet27,19.3295,19.3295,24.1619,0.0000,0.0000,4.000000,4.000000,5.000000,0.000000,0.000000,96.000000,96.000000,95.000000,100.000000,100.000000,5.0,62.8210,60.1535,420.4173,423.0848,PENDING_AG03,FALSE,NOT_FOR_ENFORCEMENT,463.9088,46319.4703,483.2383,463.9088,19.3295,0.00902045,0.00865963,19.3295,463.9088,0.00865963,19.3295,19.3295,24.1619,0.0000,0.0000,463.9088,0.00865963,62.8210,60.1535,420.4173,423.0848,0.00784779,0.00789758,0.00036082,9.3346,8.4088,0.0842,5.5545,0.2517,615.7635,65.9540,8.3255,9.6426,5.1431,5.1891,8.2617,16.7816,25.8881,44.2602,5.1891,0.0,4.9889,8.529385,1.798876,29,193,98,2,0.20855820,0.00902045,0.00297427,0E-8,0.000000,0.900656,0.000000,0.00763944,2026-03-21,2026-08-06,87,1920,882,139,0.625899,0.863400,0.891889,0.695194,,,,,,,,GLOBAL_BASELINE_NO_ENTITY_RANKING,,,NOT_APPLICABLE_GLOBAL_BASELINE,HF9g-P5,,,,X 全窗基线 · 不参与实体赏罚,8397439,840,A168_HF9F_20260827_0900,2026-08-27 09:00:00
2026-07-19,54653530,2169,0,56.7991118684,19.1051558103,19.1051558103,0.6250000,8,8,0.50329940000000000,0.503299400000,0.6884575455922034,0.6884575455922034,0.6884575455922034,0E-17,ELIGIBLE,R03b_20260811_FULL_v1,L1_ELIGIBILITY,v2026-08-11,2026-03-21..2026-08-06,baccarat_bet02_101_all_pairs_incl_sentinel,round_win = game_pnl > 0 (decisive only),COMPATIBILITY_ONLY_NOT_PRODUCTION,53571.4227,48249.4483,483.2383,5739,5738,-0.00902045,-0.00297427,-0.01061372,-0.00902045,-483.2383,53571.4227,OK,0.0000,19.3295,4.0000,96.0000,AG03-UNRESOLVED,ALL5_LEVELS_bet23_to_bet27,19.3295,19.3295,24.1619,0.0000,0.0000,4.000000,4.000000,5.000000,0.000000,0.000000,96.000000,96.000000,95.000000,100.000000,100.000000,5.0,62.8210,60.1535,420.4173,423.0848,PENDING_AG03,FALSE,NOT_FOR_ENFORCEMENT,463.9088,46319.4703,483.2383,463.9088,19.3295,0.00902045,0.00865963,19.3295,463.9088,0.00865963,19.3295,19.3295,24.1619,0.0000,0.0000,463.9088,0.00865963,62.8210,60.1535,420.4173,423.0848,0.00784779,0.00789758,0.00036082,9.3346,8.4088,0.0842,5.5545,0.2517,615.7635,65.9540,8.3255,9.6426,5.1431,5.1891,8.2617,16.7816,25.8881,44.2602,5.1891,0.0,4.9889,8.529385,1.798876,29,193,98,2,0.20855820,0.00902045,0.00297427,0E-8,0.000000,0.900656,0.000000,0.00763944,2026-03-21,2026-08-06,87,1920,882,139,0.625899,0.863400,0.891889,0.695194,,,,,,,,GLOBAL_BASELINE_NO_ENTITY_RANKING,,,NOT_APPLICABLE_GLOBAL_BASELINE,HF9g-P5,,,,X 全窗基线 · 不参与实体赏罚,8397440,840,A168_HF9F_20260827_0900,2026-08-27 09:00:00
2026-07-19,54653530,2174,0,53.9591562750,-25.9468670126,-25.9468670126,0.2000000,7,7,0.50665070000000000,0.506650700000,-1.3715049547573244,-1.3715049547573244,-1.3715049547573244,0E-17,ELIGIBLE,R03b_20260811_FULL_v1,L1_ELIGIBILITY,v2026-08-11,2026-03-21..2026-08-06,baccarat_bet02_101_all_pairs_incl_sentinel,round_win = game_pnl > 0 (decisive only),COMPATIBILITY_ONLY_NOT_PRODUCTION,53571.4227,48249.4483,483.2383,5739,5738,-0.00902045,-0.00297427,-0.01061372,-0.00902045,-483.2383,53571.4227,OK,0.0000,19.3295,4.0000,96.0000,AG03-UNRESOLVED,ALL5_LEVELS_bet23_to_bet27,19.3295,19.3295,24.1619,0.0000,0.0000,4.000000,4.000000,5.000000,0.000000,0.000000,96.000000,96.000000,95.000000,100.000000,100.000000,5.0,62.8210,60.1535,420.4173,423.0848,PENDING_AG03,FALSE,NOT_FOR_ENFORCEMENT,463.9088,46319.4703,483.2383,463.9088,19.3295,0.00902045,0.00865963,19.3295,463.9088,0.00865963,19.3295,19.3295,24.1619,0.0000,0.0000,463.9088,0.00865963,62.8210,60.1535,420.4173,423.0848,0.00784779,0.00789758,0.00036082,9.3346,8.4088,0.0842,5.5545,0.2517,615.7635,65.9540,8.3255,9.6426,5.1431,5.1891,8.2617,16.7816,25.8881,44.2602,5.1891,0.0,4.9889,8.529385,1.798876,29,193,98,2,0.20855820,0.00902045,0.00297427,0E-8,0.000000,0.900656,0.000000,0.00763944,2026-03-21,2026-08-06,87,1920,882,139,0.625899,0.863400,0.891889,0.695194,,,,,,,,GLOBAL_BASELINE_NO_ENTITY_RANKING,,,NOT_APPLICABLE_GLOBAL_BASELINE,HF9g-P5,,,,X 全窗基线 · 不参与实体赏罚,8397441,840,A168_HF9F_20260827_0900,2026-08-27 09:00:00
2026-07-19,54653530,2222,0,27.1086670281,6.0026334134,6.0026334134,0.5000000,4,4,0.49994810000000000,0.499948100000,0.00020760000111838688,0.00020760000111838688,0.00020760000111838688,0E-17,ELIGIBLE,R03b_20260811_FULL_v1,L1_ELIGIBILITY,v2026-08-11,2026-03-21..2026-08-06,baccarat_bet02_101_all_pairs_incl_sentinel,round_win = game_pnl > 0 (decisive only),COMPATIBILITY_ONLY_NOT_PRODUCTION,53571.4227,48249.4483,483.2383,5739,5738,-0.00902045,-0.00297427,-0.01061372,-0.00902045,-483.2383,53571.4227,OK,0.0000,19.3295,4.0000,96.0000,AG03-UNRESOLVED,ALL5_LEVELS_bet23_to_bet27,19.3295,19.3295,24.1619,0.0000,0.0000,4.000000,4.000000,5.000000,0.000000,0.000000,96.000000,96.000000,95.000000,100.000000,100.000000,5.0,62.8210,60.1535,420.4173,423.0848,PENDING_AG03,FALSE,NOT_FOR_ENFORCEMENT,463.9088,46319.4703,483.2383,463.9088,19.3295,0.00902045,0.00865963,19.3295,463.9088,0.00865963,19.3295,19.3295,24.1619,0.0000,0.0000,463.9088,0.00865963,62.8210,60.1535,420.4173,423.0848,0.00784779,0.00789758,0.00036082,9.3346,8.4088,0.0842,5.5545,0.2517,615.7635,65.9540,8.3255,9.6426,5.1431,5.1891,8.2617,16.7816,25.8881,44.2602,5.1891,0.0,4.9889,8.529385,1.798876,29,193,98,2,0.20855820,0.00902045,0.00297427,0E-8,0.000000,0.900656,0.000000,0.00763944,2026-03-21,2026-08-06,87,1920,882,139,0.625899,0.863400,0.891889,0.695194,,,,,,,,GLOBAL_BASELINE_NO_ENTITY_RANKING,,,NOT_APPLICABLE_GLOBAL_BASELINE,HF9g-P5,,,,X 全窗基线 · 不参与实体赏罚,8397442,840,A168_HF9F_20260827_0900,2026-08-27 09:00:00
2026-07-19,54653530,2229,0,46.2138228383,12.8185268377,12.8185268377,0.6000000,6,6,0.50665070000000000,0.506650700000,0.4175076967804994,0.4175076967804994,0.4175076967804994,0E-17,ELIGIBLE,R03b_20260811_FULL_v1,L1_ELIGIBILITY,v2026-08-11,2026-03-21..2026-08-06,baccarat_bet02_101_all_pairs_incl_sentinel,round_win = game_pnl > 0 (decisive only),COMPATIBILITY_ONLY_NOT_PRODUCTION,53571.4227,48249.4483,483.2383,5739,5738,-0.00902045,-0.00297427,-0.01061372,-0.00902045,-483.2383,53571.4227,OK,0.0000,19.3295,4.0000,96.0000,AG03-UNRESOLVED,ALL5_LEVELS_bet23_to_bet27,19.3295,19.3295,24.1619,0.0000,0.0000,4.000000,4.000000,5.000000,0.000000,0.000000,96.000000,96.000000,95.000000,100.000000,100.000000,5.0,62.8210,60.1535,420.4173,423.0848,PENDING_AG03,FALSE,NOT_FOR_ENFORCEMENT,463.9088,46319.4703,483.2383,463.9088,19.3295,0.00902045,0.00865963,19.3295,463.9088,0.00865963,19.3295,19.3295,24.1619,0.0000,0.0000,463.9088,0.00865963,62.8210,60.1535,420.4173,423.0848,0.00784779,0.00789758,0.00036082,9.3346,8.4088,0.0842,5.5545,0.2517,615.7635,65.9540,8.3255,9.6426,5.1431,5.1891,8.2617,16.7816,25.8881,44.2602,5.1891,0.0,4.9889,8.529385,1.798876,29,193,98,2,0.20855820,0.00902045,0.00297427,0E-8,0.000000,0.900656,0.000000,0.00763944,2026-03-21,2026-08-06,87,1920,882,139,0.625899,0.863400,0.891889,0.695194,,,,,,,,GLOBAL_BASELINE_NO_ENTITY_RANKING,,,NOT_APPLICABLE_GLOBAL_BASELINE,HF9g-P5,,,,X 全窗基线 · 不参与实体赏罚,8397443,840,A168_HF9F_20260827_0900,2026-08-27 09:00:00
2026-07-19,54653530,752,0,23.2360003098,7.3580667648,7.3580667648,0.6666667,4,4,0.50329940000000000,0.503299400000,0.5659331339966515,0.5659331339966515,0.5659331339966515,0E-17,ELIGIBLE,R03b_20260811_FULL_v1,L1_ELIGIBILITY,v2026-08-11,2026-03-21..2026-08-06,baccarat_bet02_101_all_pairs_incl_sentinel,round_win = game_pnl > 0 (decisive only),COMPATIBILITY_ONLY_NOT_PRODUCTION,53571.4227,48249.4483,483.2383,5739,5738,-0.00902045,-0.00297427,-0.01061372,-0.00902045,-483.2383,53571.4227,OK,0.0000,19.3295,4.0000,96.0000,AG03-UNRESOLVED,ALL5_LEVELS_bet23_to_bet27,19.3295,19.3295,24.1619,0.0000,0.0000,4.000000,4.000000,5.000000,0.000000,0.000000,96.000000,96.000000,95.000000,100.000000,100.000000,5.0,62.8210,60.1535,420.4173,423.0848,PENDING_AG03,FALSE,NOT_FOR_ENFORCEMENT,463.9088,46319.4703,483.2383,463.9088,19.3295,0.00902045,0.00865963,19.3295,463.9088,0.00865963,19.3295,19.3295,24.1619,0.0000,0.0000,463.9088,0.00865963,62.8210,60.1535,420.4173,423.0848,0.00784779,0.00789758,0.00036082,9.3346,8.4088,0.0842,5.5545,0.2517,615.7635,65.9540,8.3255,9.6426,5.1431,5.1891,8.2617,16.7816,25.8881,44.2602,5.1891,0.0,4.9889,8.529385,1.798876,29,193,98,2,0.20855820,0.00902045,0.00297427,0E-8,0.000000,0.900656,0.000000,0.00763944,2026-03-21,2026-08-06,87,1920,882,139,0.625899,0.863400,0.891889,0.695194,,,,,,,,GLOBAL_BASELINE_NO_ENTITY_RANKING,,,NOT_APPLICABLE_GLOBAL_BASELINE,HF9g-P5,,,,X 全窗基线 · 不参与实体赏罚,8397444,840,A168_HF9F_20260827_0900,2026-08-27 09:00:00
2026-07-19,54653530,994,0,5.1635556244,4.9053778432,4.9053778432,1.0000000,1,1,0.50665070000000000,0.506650700000,0.9867858985152569,0.9867858985152569,0.9867858985152569,0E-17,ELIGIBLE,R03b_20260811_FULL_v1,L1_ELIGIBILITY,v2026-08-11,2026-03-21..2026-08-06,baccarat_bet02_101_all_pairs_incl_sentinel,round_win = game_pnl > 0 (decisive only),COMPATIBILITY_ONLY_NOT_PRODUCTION,53571.4227,48249.4483,483.2383,5739,5738,-0.00902045,-0.00297427,-0.01061372,-0.00902045,-483.2383,53571.4227,OK,0.0000,19.3295,4.0000,96.0000,AG03-UNRESOLVED,ALL5_LEVELS_bet23_to_bet27,19.3295,19.3295,24.1619,0.0000,0.0000,4.000000,4.000000,5.000000,0.000000,0.000000,96.000000,96.000000,95.000000,100.000000,100.000000,5.0,62.8210,60.1535,420.4173,423.0848,PENDING_AG03,FALSE,NOT_FOR_ENFORCEMENT,463.9088,46319.4703,483.2383,463.9088,19.3295,0.00902045,0.00865963,19.3295,463.9088,0.00865963,19.3295,19.3295,24.1619,0.0000,0.0000,463.9088,0.00865963,62.8210,60.1535,420.4173,423.0848,0.00784779,0.00789758,0.00036082,9.3346,8.4088,0.0842,5.5545,0.2517,615.7635,65.9540,8.3255,9.6426,5.1431,5.1891,8.2617,16.7816,25.8881,44.2602,5.1891,0.0,4.9889,8.529385,1.798876,29,193,98,2,0.20855820,0.00902045,0.00297427,0E-8,0.000000,0.900656,0.000000,0.00763944,2026-03-21,2026-08-06,87,1920,882,139,0.625899,0.863400,0.891889,0.695194,,,,,,,,GLOBAL_BASELINE_NO_ENTITY_RANKING,,,NOT_APPLICABLE_GLOBAL_BASELINE,HF9g-P5,,,,X 全窗基线 · 不参与实体赏罚,8397445,840,A168_HF9F_20260827_0900,2026-08-27 09:00:00
2026-07-20,54653530,1017,0,5.1635556244,4.9053778432,4.9053778432,1.0000000,1,1,0.50665070000000000,0.506650700000,0.9867858985152569,0.9867858985152569,0.9867858985152569,0E-17,ELIGIBLE,R03b_20260811_FULL_v1,L1_ELIGIBILITY,v2026-08-11,2026-03-21..2026-08-06,baccarat_bet02_101_all_pairs_incl_sentinel,round_win = game_pnl > 0 (decisive only),COMPATIBILITY_ONLY_NOT_PRODUCTION,53571.4227,48249.4483,483.2383,5739,5738,-0.00902045,-0.00297427,-0.01061372,-0.00902045,-483.2383,53571.4227,OK,0.0000,19.3295,4.0000,96.0000,AG03-UNRESOLVED,ALL5_LEVELS_bet23_to_bet27,19.3295,19.3295,24.1619,0.0000,0.0000,4.000000,4.000000,5.000000,0.000000,0.000000,96.000000,96.000000,95.000000,100.000000,100.000000,5.0,62.8210,60.1535,420.4173,423.0848,PENDING_AG03,FALSE,NOT_FOR_ENFORCEMENT,463.9088,46319.4703,483.2383,463.9088,19.3295,0.00902045,0.00865963,19.3295,463.9088,0.00865963,19.3295,19.3295,24.1619,0.0000,0.0000,463.9088,0.00865963,62.8210,60.1535,420.4173,423.0848,0.00784779,0.00789758,0.00036082,9.3346,8.4088,0.0842,5.5545,0.2517,615.7635,65.9540,8.3255,9.6426,5.1431,5.1891,8.2617,16.7816,25.8881,44.2602,5.1891,0.0,4.9889,8.529385,1.798876,29,193,98,2,0.20855820,0.00902045,0.00297427,0E-8,0.000000,0.900656,0.000000,0.00763944,2026-03-21,2026-08-06,87,1920,882,139,0.625899,0.863400,0.891889,0.695194,,,,,,,,GLOBAL_BASELINE_NO_ENTITY_RANKING,,,NOT_APPLICABLE_GLOBAL_BASELINE,HF9g-P5,,,,X 全窗基线 · 不参与实体赏罚,8397446,840,A168_HF9F_20260827_0900,2026-08-27 09:00:00
2026-07-20,54653530,1307,0,44.1484005886,1.6652466889,1.6652466889,0.4285714,7,7,0.50473567142857143,0.504735671429,-0.403041368878626,-0.40304136888089725,-0.403041368878626,-4.2857E-13,ELIGIBLE,R03b_20260811_FULL_v1,L1_ELIGIBILITY,v2026-08-11,2026-03-21..2026-08-06,baccarat_bet02_101_all_pairs_incl_sentinel,round_win = game_pnl > 0 (decisive only),COMPATIBILITY_ONLY_NOT_PRODUCTION,53571.4227,48249.4483,483.2383,5739,5738,-0.00902045,-0.00297427,-0.01061372,-0.00902045,-483.2383,53571.4227,OK,0.0000,19.3295,4.0000,96.0000,AG03-UNRESOLVED,ALL5_LEVELS_bet23_to_bet27,19.3295,19.3295,24.1619,0.0000,0.0000,4.000000,4.000000,5.000000,0.000000,0.000000,96.000000,96.000000,95.000000,100.000000,100.000000,5.0,62.8210,60.1535,420.4173,423.0848,PENDING_AG03,FALSE,NOT_FOR_ENFORCEMENT,463.9088,46319.4703,483.2383,463.9088,19.3295,0.00902045,0.00865963,19.3295,463.9088,0.00865963,19.3295,19.3295,24.1619,0.0000,0.0000,463.9088,0.00865963,62.8210,60.1535,420.4173,423.0848,0.00784779,0.00789758,0.00036082,9.3346,8.4088,0.0842,5.5545,0.2517,615.7635,65.9540,8.3255,9.6426,5.1431,5.1891,8.2617,16.7816,25.8881,44.2602,5.1891,0.0,4.9889,8.529385,1.798876,29,193,98,2,0.20855820,0.00902045,0.00297427,0E-8,0.000000,0.900656,0.000000,0.00763944,2026-03-21,2026-08-06,87,1920,882,139,0.625899,0.863400,0.891889,0.695194,,,,,,,,GLOBAL_BASELINE_NO_ENTITY_RANKING,,,NOT_APPLICABLE_GLOBAL_BASELINE,HF9g-P5,,,,X 全窗基线 · 不参与实体赏罚,8397447,840,A168_HF9F_20260827_0900,2026-08-27 09:00:00
2026-07-20,54653530,1374,0,36.1448893708,-10.5852890300,-10.5852890300,0.5000000,5,5,0.50396966000000000,0.503969660000,-0.0158791404612453,-0.0158791404612453,-0.0158791404612453,0E-17,ELIGIBLE,R03b_20260811_FULL_v1,L1_ELIGIBILITY,v2026-08-11,2026-03-21..2026-08-06,baccarat_bet02_101_all_pairs_incl_sentinel,round_win = game_pnl > 0 (decisive only),COMPATIBILITY_ONLY_NOT_PRODUCTION,53571.4227,48249.4483,483.2383,5739,5738,-0.00902045,-0.00297427,-0.01061372,-0.00902045,-483.2383,53571.4227,OK,0.0000,19.3295,4.0000,96.0000,AG03-UNRESOLVED,ALL5_LEVELS_bet23_to_bet27,19.3295,19.3295,24.1619,0.0000,0.0000,4.000000,4.000000,5.000000,0.000000,0.000000,96.000000,96.000000,95.000000,100.000000,100.000000,5.0,62.8210,60.1535,420.4173,423.0848,PENDING_AG03,FALSE,NOT_FOR_ENFORCEMENT,463.9088,46319.4703,483.2383,463.9088,19.3295,0.00902045,0.00865963,19.3295,463.9088,0.00865963,19.3295,19.3295,24.1619,0.0000,0.0000,463.9088,0.00865963,62.8210,60.1535,420.4173,423.0848,0.00784779,0.00789758,0.00036082,9.3346,8.4088,0.0842,5.5545,0.2517,615.7635,65.9540,8.3255,9.6426,5.1431,5.1891,8.2617,16.7816,25.8881,44.2602,5.1891,0.0,4.9889,8.529385,1.798876,29,193,98,2,0.20855820,0.00902045,0.00297427,0E-8,0.000000,0.900656,0.000000,0.00763944,2026-03-21,2026-08-06,87,1920,882,139,0.625899,0.863400,0.891889,0.695194,,,,,,,,GLOBAL_BASELINE_NO_ENTITY_RANKING,,,NOT_APPLICABLE_GLOBAL_BASELINE,HF9g-P5,,,,X 全窗基线 · 不参与实体赏罚,8397448,840,A168_HF9F_20260827_0900,2026-08-27 09:00:00
2026-07-20,54653530,1646,0,48.0210673069,10.3787468051,10.3787468051,0.4000000,5,5,0.49860758000000000,0.498607580000,-0.440988213962219,-0.440988213962219,-0.440988213962219,0E-17,ELIGIBLE,R03b_20260811_FULL_v1,L1_ELIGIBILITY,v2026-08-11,2026-03-21..2026-08-06,baccarat_bet02_101_all_pairs_incl_sentinel,round_win = game_pnl > 0 (decisive only),COMPATIBILITY_ONLY_NOT_PRODUCTION,53571.4227,48249.4483,483.2383,5739,5738,-0.00902045,-0.00297427,-0.01061372,-0.00902045,-483.2383,53571.4227,OK,0.0000,19.3295,4.0000,96.0000,AG03-UNRESOLVED,ALL5_LEVELS_bet23_to_bet27,19.3295,19.3295,24.1619,0.0000,0.0000,4.000000,4.000000,5.000000,0.000000,0.000000,96.000000,96.000000,95.000000,100.000000,100.000000,5.0,62.8210,60.1535,420.4173,423.0848,PENDING_AG03,FALSE,NOT_FOR_ENFORCEMENT,463.9088,46319.4703,483.2383,463.9088,19.3295,0.00902045,0.00865963,19.3295,463.9088,0.00865963,19.3295,19.3295,24.1619,0.0000,0.0000,463.9088,0.00865963,62.8210,60.1535,420.4173,423.0848,0.00784779,0.00789758,0.00036082,9.3346,8.4088,0.0842,5.5545,0.2517,615.7635,65.9540,8.3255,9.6426,5.1431,5.1891,8.2617,16.7816,25.8881,44.2602,5.1891,0.0,4.9889,8.529385,1.798876,29,193,98,2,0.20855820,0.00902045,0.00297427,0E-8,0.000000,0.900656,0.000000,0.00763944,2026-03-21,2026-08-06,87,1920,882,139,0.625899,0.863400,0.891889,0.695194,,,,,,,,GLOBAL_BASELINE_NO_ENTITY_RANKING,,,NOT_APPLICABLE_GLOBAL_BASELINE,HF9g-P5,,,,X 全窗基线 · 不参与实体赏罚,8397449,840,A168_HF9F_20260827_0900,2026-08-27 09:00:00
2026-07-20,54653530,2167,0,20.6542224976,2.1945111404,2.1945111404,0.5000000,3,3,0.50665070000000000,0.506650700000,-0.018812684590367487,-0.018812684590367487,-0.018812684590367487,0E-17,ELIGIBLE,R03b_20260811_FULL_v1,L1_ELIGIBILITY,v2026-08-11,2026-03-21..2026-08-06,baccarat_bet02_101_all_pairs_incl_sentinel,round_win = game_pnl > 0 (decisive only),COMPATIBILITY_ONLY_NOT_PRODUCTION,53571.4227,48249.4483,483.2383,5739,5738,-0.00902045,-0.00297427,-0.01061372,-0.00902045,-483.2383,53571.4227,OK,0.0000,19.3295,4.0000,96.0000,AG03-UNRESOLVED,ALL5_LEVELS_bet23_to_bet27,19.3295,19.3295,24.1619,0.0000,0.0000,4.000000,4.000000,5.000000,0.000000,0.000000,96.000000,96.000000,95.000000,100.000000,100.000000,5.0,62.8210,60.1535,420.4173,423.0848,PENDING_AG03,FALSE,NOT_FOR_ENFORCEMENT,463.9088,46319.4703,483.2383,463.9088,19.3295,0.00902045,0.00865963,19.3295,463.9088,0.00865963,19.3295,19.3295,24.1619,0.0000,0.0000,463.9088,0.00865963,62.8210,60.1535,420.4173,423.0848,0.00784779,0.00789758,0.00036082,9.3346,8.4088,0.0842,5.5545,0.2517,615.7635,65.9540,8.3255,9.6426,5.1431,5.1891,8.2617,16.7816,25.8881,44.2602,5.1891,0.0,4.9889,8.529385,1.798876,29,193,98,2,0.20855820,0.00902045,0.00297427,0E-8,0.000000,0.900656,0.000000,0.00763944,2026-03-21,2026-08-06,87,1920,882,139,0.625899,0.863400,0.891889,0.695194,,,,,,,,GLOBAL_BASELINE_NO_ENTITY_RANKING,,,NOT_APPLICABLE_GLOBAL_BASELINE,HF9g-P5,,,,X 全窗基线 · 不参与实体赏罚,8397450,840,A168_HF9F_20260827_0900,2026-08-27 09:00:00
2026-07-20,54653530,2233,0,5.1635556244,4.9053778432,4.9053778432,1.0000000,1,1,0.50665070000000000,0.506650700000,0.9867858985152569,0.9867858985152569,0.9867858985152569,0E-17,ELIGIBLE,R03b_20260811_FULL_v1,L1_ELIGIBILITY,v2026-08-11,2026-03-21..2026-08-06,baccarat_bet02_101_all_pairs_incl_sentinel,round_win = game_pnl > 0 (decisive only),COMPATIBILITY_ONLY_NOT_PRODUCTION,53571.4227,48249.4483,483.2383,5739,5738,-0.00902045,-0.00297427,-0.01061372,-0.00902045,-483.2383,53571.4227,OK,0.0000,19.3295,4.0000,96.0000,AG03-UNRESOLVED,ALL5_LEVELS_bet23_to_bet27,19.3295,19.3295,24.1619,0.0000,0.0000,4.000000,4.000000,5.000000,0.000000,0.000000,96.000000,96.000000,95.000000,100.000000,100.000000,5.0,62.8210,60.1535,420.4173,423.0848,PENDING_AG03,FALSE,NOT_FOR_ENFORCEMENT,463.9088,46319.4703,483.2383,463.9088,19.3295,0.00902045,0.00865963,19.3295,463.9088,0.00865963,19.3295,19.3295,24.1619,0.0000,0.0000,463.9088,0.00865963,62.8210,60.1535,420.4173,423.0848,0.00784779,0.00789758,0.00036082,9.3346,8.4088,0.0842,5.5545,0.2517,615.7635,65.9540,8.3255,9.6426,5.1431,5.1891,8.2617,16.7816,25.8881,44.2602,5.1891,0.0,4.9889,8.529385,1.798876,29,193,98,2,0.20855820,0.00902045,0.00297427,0E-8,0.000000,0.900656,0.000000,0.00763944,2026-03-21,2026-08-06,87,1920,882,139,0.625899,0.863400,0.891889,0.695194,,,,,,,,GLOBAL_BASELINE_NO_ENTITY_RANKING,,,NOT_APPLICABLE_GLOBAL_BASELINE,HF9g-P5,,,,X 全窗基线 · 不参与实体赏罚,8397451,840,A168_HF9F_20260827_0900,2026-08-27 09:00:00
2026-07-20,54653530,2237,0,5.1635556244,5.1635556244,5.1635556244,1.0000000,1,1,0.49324550000000000,0.493245500000,1.01360149184955,1.01360149184955,1.01360149184955,0E-17,ELIGIBLE,R03b_20260811_FULL_v1,L1_ELIGIBILITY,v2026-08-11,2026-03-21..2026-08-06,baccarat_bet02_101_all_pairs_incl_sentinel,round_win = game_pnl > 0 (decisive only),COMPATIBILITY_ONLY_NOT_PRODUCTION,53571.4227,48249.4483,483.2383,5739,5738,-0.00902045,-0.00297427,-0.01061372,-0.00902045,-483.2383,53571.4227,OK,0.0000,19.3295,4.0000,96.0000,AG03-UNRESOLVED,ALL5_LEVELS_bet23_to_bet27,19.3295,19.3295,24.1619,0.0000,0.0000,4.000000,4.000000,5.000000,0.000000,0.000000,96.000000,96.000000,95.000000,100.000000,100.000000,5.0,62.8210,60.1535,420.4173,423.0848,PENDING_AG03,FALSE,NOT_FOR_ENFORCEMENT,463.9088,46319.4703,483.2383,463.9088,19.3295,0.00902045,0.00865963,19.3295,463.9088,0.00865963,19.3295,19.3295,24.1619,0.0000,0.0000,463.9088,0.00865963,62.8210,60.1535,420.4173,423.0848,0.00784779,0.00789758,0.00036082,9.3346,8.4088,0.0842,5.5545,0.2517,615.7635,65.9540,8.3255,9.6426,5.1431,5.1891,8.2617,16.7816,25.8881,44.2602,5.1891,0.0,4.9889,8.529385,1.798876,29,193,98,2,0.20855820,0.00902045,0.00297427,0E-8,0.000000,0.900656,0.000000,0.00763944,2026-03-21,2026-08-06,87,1920,882,139,0.625899,0.863400,0.891889,0.695194,,,,,,,,GLOBAL_BASELINE_NO_ENTITY_RANKING,,,NOT_APPLICABLE_GLOBAL_BASELINE,HF9g-P5,,,,X 全窗基线 · 不参与实体赏罚,8397452,840,A168_HF9F_20260827_0900,2026-08-27 09:00:00
2026-07-20,54653530,994,0,20.6542224976,14.9743113108,14.9743113108,1.0000000,4,4,0.50329940000000000,0.503299400000,1.7206588134302945,1.7206588134302945,1.7206588134302945,0E-17,ELIGIBLE,R03b_20260811_FULL_v1,L1_ELIGIBILITY,v2026-08-11,2026-03-21..2026-08-06,baccarat_bet02_101_all_pairs_incl_sentinel,round_win = game_pnl > 0 (decisive only),COMPATIBILITY_ONLY_NOT_PRODUCTION,53571.4227,48249.4483,483.2383,5739,5738,-0.00902045,-0.00297427,-0.01061372,-0.00902045,-483.2383,53571.4227,OK,0.0000,19.3295,4.0000,96.0000,AG03-UNRESOLVED,ALL5_LEVELS_bet23_to_bet27,19.3295,19.3295,24.1619,0.0000,0.0000,4.000000,4.000000,5.000000,0.000000,0.000000,96.000000,96.000000,95.000000,100.000000,100.000000,5.0,62.8210,60.1535,420.4173,423.0848,PENDING_AG03,FALSE,NOT_FOR_ENFORCEMENT,463.9088,46319.4703,483.2383,463.9088,19.3295,0.00902045,0.00865963,19.3295,463.9088,0.00865963,19.3295,19.3295,24.1619,0.0000,0.0000,463.9088,0.00865963,62.8210,60.1535,420.4173,423.0848,0.00784779,0.00789758,0.00036082,9.3346,8.4088,0.0842,5.5545,0.2517,615.7635,65.9540,8.3255,9.6426,5.1431,5.1891,8.2617,16.7816,25.8881,44.2602,5.1891,0.0,4.9889,8.529385,1.798876,29,193,98,2,0.20855820,0.00902045,0.00297427,0E-8,0.000000,0.900656,0.000000,0.00763944,2026-03-21,2026-08-06,87,1920,882,139,0.625899,0.863400,0.891889,0.695194,,,,,,,,GLOBAL_BASELINE_NO_ENTITY_RANKING,,,NOT_APPLICABLE_GLOBAL_BASELINE,HF9g-P5,,,,X 全窗基线 · 不参与实体赏罚,8397453,840,A168_HF9F_20260827_0900,2026-08-27 09:00:00
2026-07-21,54653530,1307,0,19.1051558103,-19.1051558103,-19.1051558103,0E-7,1,1,0.50665070000000000,0.506650700000,-1.013391052207602,-1.013391052207602,-1.013391052207602,0E-17,ELIGIBLE,R03b_20260811_FULL_v1,L1_ELIGIBILITY,v2026-08-11,2026-03-21..2026-08-06,baccarat_bet02_101_all_pairs_incl_sentinel,round_win = game_pnl > 0 (decisive only),COMPATIBILITY_ONLY_NOT_PRODUCTION,53571.4227,48249.4483,483.2383,5739,5738,-0.00902045,-0.00297427,-0.01061372,-0.00902045,-483.2383,53571.4227,OK,0.0000,19.3295,4.0000,96.0000,AG03-UNRESOLVED,ALL5_LEVELS_bet23_to_bet27,19.3295,19.3295,24.1619,0.0000,0.0000,4.000000,4.000000,5.000000,0.000000,0.000000,96.000000,96.000000,95.000000,100.000000,100.000000,5.0,62.8210,60.1535,420.4173,423.0848,PENDING_AG03,FALSE,NOT_FOR_ENFORCEMENT,463.9088,46319.4703,483.2383,463.9088,19.3295,0.00902045,0.00865963,19.3295,463.9088,0.00865963,19.3295,19.3295,24.1619,0.0000,0.0000,463.9088,0.00865963,62.8210,60.1535,420.4173,423.0848,0.00784779,0.00789758,0.00036082,9.3346,8.4088,0.0842,5.5545,0.2517,615.7635,65.9540,8.3255,9.6426,5.1431,5.1891,8.2617,16.7816,25.8881,44.2602,5.1891,0.0,4.9889,8.529385,1.798876,29,193,98,2,0.20855820,0.00902045,0.00297427,0E-8,0.000000,0.900656,0.000000,0.00763944,2026-03-21,2026-08-06,87,1920,882,139,0.625899,0.863400,0.891889,0.695194,,,,,,,,GLOBAL_BASELINE_NO_ENTITY_RANKING,,,NOT_APPLICABLE_GLOBAL_BASELINE,HF9g-P5,,,,X 全窗基线 · 不参与实体赏罚,8397454,840,A168_HF9F_20260827_0900,2026-08-27 09:00:00
2026-07-21,54653530,1940,0,18.0724446854,7.4871556554,7.4871556554,0.6666667,3,3,0.50218230000000000,0.502182300000,0.5697959874915163,0.5697959874915164,0.5697959874915163,0E-17,ELIGIBLE,R03b_20260811_FULL_v1,L1_ELIGIBILITY,v2026-08-11,2026-03-21..2026-08-06,baccarat_bet02_101_all_pairs_incl_sentinel,round_win = game_pnl > 0 (decisive only),COMPATIBILITY_ONLY_NOT_PRODUCTION,53571.4227,48249.4483,483.2383,5739,5738,-0.00902045,-0.00297427,-0.01061372,-0.00902045,-483.2383,53571.4227,OK,0.0000,19.3295,4.0000,96.0000,AG03-UNRESOLVED,ALL5_LEVELS_bet23_to_bet27,19.3295,19.3295,24.1619,0.0000,0.0000,4.000000,4.000000,5.000000,0.000000,0.000000,96.000000,96.000000,95.000000,100.000000,100.000000,5.0,62.8210,60.1535,420.4173,423.0848,PENDING_AG03,FALSE,NOT_FOR_ENFORCEMENT,463.9088,46319.4703,483.2383,463.9088,19.3295,0.00902045,0.00865963,19.3295,463.9088,0.00865963,19.3295,19.3295,24.1619,0.0000,0.0000,463.9088,0.00865963,62.8210,60.1535,420.4173,423.0848,0.00784779,0.00789758,0.00036082,9.3346,8.4088,0.0842,5.5545,0.2517,615.7635,65.9540,8.3255,9.6426,5.1431,5.1891,8.2617,16.7816,25.8881,44.2602,5.1891,0.0,4.9889,8.529385,1.798876,29,193,98,2,0.20855820,0.00902045,0.00297427,0E-8,0.000000,0.900656,0.000000,0.00763944,2026-03-21,2026-08-06,87,1920,882,139,0.625899,0.863400,0.891889,0.695194,,,,,,,,GLOBAL_BASELINE_NO_ENTITY_RANKING,,,NOT_APPLICABLE_GLOBAL_BASELINE,HF9g-P5,,,,X 全窗基线 · 不参与实体赏罚,8397455,840,A168_HF9F_20260827_0900,2026-08-27 09:00:00
2026-07-21,54653530,2288,0,14.1997779671,-14.1997779671,-14.1997779671,0E-7,2,2,0.50665070000000000,0.506650700000,-1.4331513700195317,-1.4331513700195317,-1.4331513700195317,0E-17,ELIGIBLE,R03b_20260811_FULL_v1,L1_ELIGIBILITY,v2026-08-11,2026-03-21..2026-08-06,baccarat_bet02_101_all_pairs_incl_sentinel,round_win = game_pnl > 0 (decisive only),COMPATIBILITY_ONLY_NOT_PRODUCTION,53571.4227,48249.4483,483.2383,5739,5738,-0.00902045,-0.00297427,-0.01061372,-0.00902045,-483.2383,53571.4227,OK,0.0000,19.3295,4.0000,96.0000,AG03-UNRESOLVED,ALL5_LEVELS_bet23_to_bet27,19.3295,19.3295,24.1619,0.0000,0.0000,4.000000,4.000000,5.000000,0.000000,0.000000,96.000000,96.000000,95.000000,100.000000,100.000000,5.0,62.8210,60.1535,420.4173,423.0848,PENDING_AG03,FALSE,NOT_FOR_ENFORCEMENT,463.9088,46319.4703,483.2383,463.9088,19.3295,0.00902045,0.00865963,19.3295,463.9088,0.00865963,19.3295,19.3295,24.1619,0.0000,0.0000,463.9088,0.00865963,62.8210,60.1535,420.4173,423.0848,0.00784779,0.00789758,0.00036082,9.3346,8.4088,0.0842,5.5545,0.2517,615.7635,65.9540,8.3255,9.6426,5.1431,5.1891,8.2617,16.7816,25.8881,44.2602,5.1891,0.0,4.9889,8.529385,1.798876,29,193,98,2,0.20855820,0.00902045,0.00297427,0E-8,0.000000,0.900656,0.000000,0.00763944,2026-03-21,2026-08-06,87,1920,882,139,0.625899,0.863400,0.891889,0.695194,,,,,,,,GLOBAL_BASELINE_NO_ENTITY_RANKING,,,NOT_APPLICABLE_GLOBAL_BASELINE,HF9g-P5,,,,X 全窗基线 · 不参与实体赏罚,8397456,840,A168_HF9F_20260827_0900,2026-08-27 09:00:00
2026-07-22,54653530,-1,1,57.0572896496,23.9976247645,23.9976247645,0.6666667,9,9,0.50516123333333333,0.505161233333,0.9690842309455538,0.9690842309475474,0.9690842309455538,3.3333E-13,SENTINEL_DEALER,R03b_20260811_FULL_v1,L1_ELIGIBILITY,v2026-08-11,2026-03-21..2026-08-06,baccarat_bet02_101_all_pairs_incl_sentinel,round_win = game_pnl > 0 (decisive only),COMPATIBILITY_ONLY_NOT_PRODUCTION,53571.4227,48249.4483,483.2383,5739,5738,-0.00902045,-0.00297427,-0.01061372,-0.00902045,-483.2383,53571.4227,OK,0.0000,19.3295,4.0000,96.0000,AG03-UNRESOLVED,ALL5_LEVELS_bet23_to_bet27,19.3295,19.3295,24.1619,0.0000,0.0000,4.000000,4.000000,5.000000,0.000000,0.000000,96.000000,96.000000,95.000000,100.000000,100.000000,5.0,62.8210,60.1535,420.4173,423.0848,PENDING_AG03,FALSE,NOT_FOR_ENFORCEMENT,463.9088,46319.4703,483.2383,463.9088,19.3295,0.00902045,0.00865963,19.3295,463.9088,0.00865963,19.3295,19.3295,24.1619,0.0000,0.0000,463.9088,0.00865963,62.8210,60.1535,420.4173,423.0848,0.00784779,0.00789758,0.00036082,9.3346,8.4088,0.0842,5.5545,0.2517,615.7635,65.9540,8.3255,9.6426,5.1431,5.1891,8.2617,16.7816,25.8881,44.2602,5.1891,0.0,4.9889,8.529385,1.798876,29,193,98,2,0.20855820,0.00902045,0.00297427,0E-8,0.000000,0.900656,0.000000,0.00763944,2026-03-21,2026-08-06,87,1920,882,139,0.625899,0.863400,0.891889,0.695194,,,,,,,,GLOBAL_BASELINE_NO_ENTITY_RANKING,,,NOT_APPLICABLE_GLOBAL_BASELINE,HF9g-P5,,,,X 全窗基线 · 不参与实体赏罚,8397457,840,A168_HF9F_20260827_0900,2026-08-27 09:00:00
2026-07-22,54653530,1115,0,5.1635556244,4.9053778432,4.9053778432,1.0000000,1,1,0.50665070000000000,0.506650700000,0.9867858985152569,0.9867858985152569,0.9867858985152569,0E-17,ELIGIBLE,R03b_20260811_FULL_v1,L1_ELIGIBILITY,v2026-08-11,2026-03-21..2026-08-06,baccarat_bet02_101_all_pairs_incl_sentinel,round_win = game_pnl > 0 (decisive only),COMPATIBILITY_ONLY_NOT_PRODUCTION,53571.4227,48249.4483,483.2383,5739,5738,-0.00902045,-0.00297427,-0.01061372,-0.00902045,-483.2383,53571.4227,OK,0.0000,19.3295,4.0000,96.0000,AG03-UNRESOLVED,ALL5_LEVELS_bet23_to_bet27,19.3295,19.3295,24.1619,0.0000,0.0000,4.000000,4.000000,5.000000,0.000000,0.000000,96.000000,96.000000,95.000000,100.000000,100.000000,5.0,62.8210,60.1535,420.4173,423.0848,PENDING_AG03,FALSE,NOT_FOR_ENFORCEMENT,463.9088,46319.4703,483.2383,463.9088,19.3295,0.00902045,0.00865963,19.3295,463.9088,0.00865963,19.3295,19.3295,24.1619,0.0000,0.0000,463.9088,0.00865963,62.8210,60.1535,420.4173,423.0848,0.00784779,0.00789758,0.00036082,9.3346,8.4088,0.0842,5.5545,0.2517,615.7635,65.9540,8.3255,9.6426,5.1431,5.1891,8.2617,16.7816,25.8881,44.2602,5.1891,0.0,4.9889,8.529385,1.798876,29,193,98,2,0.20855820,0.00902045,0.00297427,0E-8,0.000000,0.900656,0.000000,0.00763944,2026-03-21,2026-08-06,87,1920,882,139,0.625899,0.863400,0.891889,0.695194,,,,,,,,GLOBAL_BASELINE_NO_ENTITY_RANKING,,,NOT_APPLICABLE_GLOBAL_BASELINE,HF9g-P5,,,,X 全窗基线 · 不参与实体赏罚,8397458,840,A168_HF9F_20260827_0900,2026-08-27 09:00:00
2026-07-22,54653530,1210,0,10.3271112488,9.8107556864,9.8107556864,1.0000000,2,2,0.50665070000000000,0.506650700000,1.3955260008387969,1.3955260008387969,1.3955260008387969,0E-17,ELIGIBLE,R03b_20260811_FULL_v1,L1_ELIGIBILITY,v2026-08-11,2026-03-21..2026-08-06,baccarat_bet02_101_all_pairs_incl_sentinel,round_win = game_pnl > 0 (decisive only),COMPATIBILITY_ONLY_NOT_PRODUCTION,53571.4227,48249.4483,483.2383,5739,5738,-0.00902045,-0.00297427,-0.01061372,-0.00902045,-483.2383,53571.4227,OK,0.0000,19.3295,4.0000,96.0000,AG03-UNRESOLVED,ALL5_LEVELS_bet23_to_bet27,19.3295,19.3295,24.1619,0.0000,0.0000,4.000000,4.000000,5.000000,0.000000,0.000000,96.000000,96.000000,95.000000,100.000000,100.000000,5.0,62.8210,60.1535,420.4173,423.0848,PENDING_AG03,FALSE,NOT_FOR_ENFORCEMENT,463.9088,46319.4703,483.2383,463.9088,19.3295,0.00902045,0.00865963,19.3295,463.9088,0.00865963,19.3295,19.3295,24.1619,0.0000,0.0000,463.9088,0.00865963,62.8210,60.1535,420.4173,423.0848,0.00784779,0.00789758,0.00036082,9.3346,8.4088,0.0842,5.5545,0.2517,615.7635,65.9540,8.3255,9.6426,5.1431,5.1891,8.2617,16.7816,25.8881,44.2602,5.1891,0.0,4.9889,8.529385,1.798876,29,193,98,2,0.20855820,0.00902045,0.00297427,0E-8,0.000000,0.900656,0.000000,0.00763944,2026-03-21,2026-08-06,87,1920,882,139,0.625899,0.863400,0.891889,0.695194,,,,,,,,GLOBAL_BASELINE_NO_ENTITY_RANKING,,,NOT_APPLICABLE_GLOBAL_BASELINE,HF9g-P5,,,,X 全窗基线 · 不参与实体赏罚,8397459,840,A168_HF9F_20260827_0900,2026-08-27 09:00:00
2026-07-22,54653530,1257,0,16.7815557793,-5.1635556244,-5.1635556244,0E-7,2,2,0.50665070000000000,0.506650700000,-1.013391052207602,-1.013391052207602,-1.013391052207602,0E-17,ELIGIBLE,R03b_20260811_FULL_v1,L1_ELIGIBILITY,v2026-08-11,2026-03-21..2026-08-06,baccarat_bet02_101_all_pairs_incl_sentinel,round_win = game_pnl > 0 (decisive only),COMPATIBILITY_ONLY_NOT_PRODUCTION,53571.4227,48249.4483,483.2383,5739,5738,-0.00902045,-0.00297427,-0.01061372,-0.00902045,-483.2383,53571.4227,OK,0.0000,19.3295,4.0000,96.0000,AG03-UNRESOLVED,ALL5_LEVELS_bet23_to_bet27,19.3295,19.3295,24.1619,0.0000,0.0000,4.000000,4.000000,5.000000,0.000000,0.000000,96.000000,96.000000,95.000000,100.000000,100.000000,5.0,62.8210,60.1535,420.4173,423.0848,PENDING_AG03,FALSE,NOT_FOR_ENFORCEMENT,463.9088,46319.4703,483.2383,463.9088,19.3295,0.00902045,0.00865963,19.3295,463.9088,0.00865963,19.3295,19.3295,24.1619,0.0000,0.0000,463.9088,0.00865963,62.8210,60.1535,420.4173,423.0848,0.00784779,0.00789758,0.00036082,9.3346,8.4088,0.0842,5.5545,0.2517,615.7635,65.9540,8.3255,9.6426,5.1431,5.1891,8.2617,16.7816,25.8881,44.2602,5.1891,0.0,4.9889,8.529385,1.798876,29,193,98,2,0.20855820,0.00902045,0.00297427,0E-8,0.000000,0.900656,0.000000,0.00763944,2026-03-21,2026-08-06,87,1920,882,139,0.625899,0.863400,0.891889,0.695194,,,,,,,,GLOBAL_BASELINE_NO_ENTITY_RANKING,,,NOT_APPLICABLE_GLOBAL_BASELINE,HF9g-P5,,,,X 全窗基线 · 不参与实体赏罚,8397460,840,A168_HF9F_20260827_0900,2026-08-27 09:00:00
2026-07-22,54653530,1306,0,32.2722226525,5.8735445228,5.8735445228,0.5000000,5,5,0.50128862000000000,0.501288620000,-0.0051544971185412255,-0.0051544971185412255,-0.0051544971185412255,0E-17,ELIGIBLE,R03b_20260811_FULL_v1,L1_ELIGIBILITY,v2026-08-11,2026-03-21..2026-08-06,baccarat_bet02_101_all_pairs_incl_sentinel,round_win = game_pnl > 0 (decisive only),COMPATIBILITY_ONLY_NOT_PRODUCTION,53571.4227,48249.4483,483.2383,5739,5738,-0.00902045,-0.00297427,-0.01061372,-0.00902045,-483.2383,53571.4227,OK,0.0000,19.3295,4.0000,96.0000,AG03-UNRESOLVED,ALL5_LEVELS_bet23_to_bet27,19.3295,19.3295,24.1619,0.0000,0.0000,4.000000,4.000000,5.000000,0.000000,0.000000,96.000000,96.000000,95.000000,100.000000,100.000000,5.0,62.8210,60.1535,420.4173,423.0848,PENDING_AG03,FALSE,NOT_FOR_ENFORCEMENT,463.9088,46319.4703,483.2383,463.9088,19.3295,0.00902045,0.00865963,19.3295,463.9088,0.00865963,19.3295,19.3295,24.1619,0.0000,0.0000,463.9088,0.00865963,62.8210,60.1535,420.4173,423.0848,0.00784779,0.00789758,0.00036082,9.3346,8.4088,0.0842,5.5545,0.2517,615.7635,65.9540,8.3255,9.6426,5.1431,5.1891,8.2617,16.7816,25.8881,44.2602,5.1891,0.0,4.9889,8.529385,1.798876,29,193,98,2,0.20855820,0.00902045,0.00297427,0E-8,0.000000,0.900656,0.000000,0.00763944,2026-03-21,2026-08-06,87,1920,882,139,0.625899,0.863400,0.891889,0.695194,,,,,,,,GLOBAL_BASELINE_NO_ENTITY_RANKING,,,NOT_APPLICABLE_GLOBAL_BASELINE,HF9g-P5,,,,X 全窗基线 · 不参与实体赏罚,8397461,840,A168_HF9F_20260827_0900,2026-08-27 09:00:00
2026-07-22,54653530,1307,0,5.1635556244,-5.1635556244,-5.1635556244,0E-7,1,1,0.50665070000000000,0.506650700000,-1.013391052207602,-1.013391052207602,-1.013391052207602,0E-17,ELIGIBLE,R03b_20260811_FULL_v1,L1_ELIGIBILITY,v2026-08-11,2026-03-21..2026-08-06,baccarat_bet02_101_all_pairs_incl_sentinel,round_win = game_pnl > 0 (decisive only),COMPATIBILITY_ONLY_NOT_PRODUCTION,53571.4227,48249.4483,483.2383,5739,5738,-0.00902045,-0.00297427,-0.01061372,-0.00902045,-483.2383,53571.4227,OK,0.0000,19.3295,4.0000,96.0000,AG03-UNRESOLVED,ALL5_LEVELS_bet23_to_bet27,19.3295,19.3295,24.1619,0.0000,0.0000,4.000000,4.000000,5.000000,0.000000,0.000000,96.000000,96.000000,95.000000,100.000000,100.000000,5.0,62.8210,60.1535,420.4173,423.0848,PENDING_AG03,FALSE,NOT_FOR_ENFORCEMENT,463.9088,46319.4703,483.2383,463.9088,19.3295,0.00902045,0.00865963,19.3295,463.9088,0.00865963,19.3295,19.3295,24.1619,0.0000,0.0000,463.9088,0.00865963,62.8210,60.1535,420.4173,423.0848,0.00784779,0.00789758,0.00036082,9.3346,8.4088,0.0842,5.5545,0.2517,615.7635,65.9540,8.3255,9.6426,5.1431,5.1891,8.2617,16.7816,25.8881,44.2602,5.1891,0.0,4.9889,8.529385,1.798876,29,193,98,2,0.20855820,0.00902045,0.00297427,0E-8,0.000000,0.900656,0.000000,0.00763944,2026-03-21,2026-08-06,87,1920,882,139,0.625899,0.863400,0.891889,0.695194,,,,,,,,GLOBAL_BASELINE_NO_ENTITY_RANKING,,,NOT_APPLICABLE_GLOBAL_BASELINE,HF9g-P5,,,,X 全窗基线 · 不参与实体赏罚,8397462,840,A168_HF9F_20260827_0900,2026-08-27 09:00:00
2026-07-22,54653530,1325,0,10.3271112488,-0.2581777812,-0.2581777812,0.5000000,2,2,0.50665070000000000,0.506650700000,-0.018812684590367487,-0.018812684590367487,-0.018812684590367487,0E-17,ELIGIBLE,R03b_20260811_FULL_v1,L1_ELIGIBILITY,v2026-08-11,2026-03-21..2026-08-06,baccarat_bet02_101_all_pairs_incl_sentinel,round_win = game_pnl > 0 (decisive only),COMPATIBILITY_ONLY_NOT_PRODUCTION,53571.4227,48249.4483,483.2383,5739,5738,-0.00902045,-0.00297427,-0.01061372,-0.00902045,-483.2383,53571.4227,OK,0.0000,19.3295,4.0000,96.0000,AG03-UNRESOLVED,ALL5_LEVELS_bet23_to_bet27,19.3295,19.3295,24.1619,0.0000,0.0000,4.000000,4.000000,5.000000,0.000000,0.000000,96.000000,96.000000,95.000000,100.000000,100.000000,5.0,62.8210,60.1535,420.4173,423.0848,PENDING_AG03,FALSE,NOT_FOR_ENFORCEMENT,463.9088,46319.4703,483.2383,463.9088,19.3295,0.00902045,0.00865963,19.3295,463.9088,0.00865963,19.3295,19.3295,24.1619,0.0000,0.0000,463.9088,0.00865963,62.8210,60.1535,420.4173,423.0848,0.00784779,0.00789758,0.00036082,9.3346,8.4088,0.0842,5.5545,0.2517,615.7635,65.9540,8.3255,9.6426,5.1431,5.1891,8.2617,16.7816,25.8881,44.2602,5.1891,0.0,4.9889,8.529385,1.798876,29,193,98,2,0.20855820,0.00902045,0.00297427,0E-8,0.000000,0.900656,0.000000,0.00763944,2026-03-21,2026-08-06,87,1920,882,139,0.625899,0.863400,0.891889,0.695194,,,,,,,,GLOBAL_BASELINE_NO_ENTITY_RANKING,,,NOT_APPLICABLE_GLOBAL_BASELINE,HF9g-P5,,,,X 全窗基线 · 不参与实体赏罚,8397463,840,A168_HF9F_20260827_0900,2026-08-27 09:00:00
2026-07-22,54653530,1330,0,109.2092014561,14.1610513000,14.1610513000,0.5000000,14,14,0.50377815714285714,0.503778157143,-0.02617658784620806,-0.026176587847197907,-0.02617658784620806,-1.4286E-13,ELIGIBLE,R03b_20260811_FULL_v1,L1_ELIGIBILITY,v2026-08-11,2026-03-21..2026-08-06,baccarat_bet02_101_all_pairs_incl_sentinel,round_win = game_pnl > 0 (decisive only),COMPATIBILITY_ONLY_NOT_PRODUCTION,53571.4227,48249.4483,483.2383,5739,5738,-0.00902045,-0.00297427,-0.01061372,-0.00902045,-483.2383,53571.4227,OK,0.0000,19.3295,4.0000,96.0000,AG03-UNRESOLVED,ALL5_LEVELS_bet23_to_bet27,19.3295,19.3295,24.1619,0.0000,0.0000,4.000000,4.000000,5.000000,0.000000,0.000000,96.000000,96.000000,95.000000,100.000000,100.000000,5.0,62.8210,60.1535,420.4173,423.0848,PENDING_AG03,FALSE,NOT_FOR_ENFORCEMENT,463.9088,46319.4703,483.2383,463.9088,19.3295,0.00902045,0.00865963,19.3295,463.9088,0.00865963,19.3295,19.3295,24.1619,0.0000,0.0000,463.9088,0.00865963,62.8210,60.1535,420.4173,423.0848,0.00784779,0.00789758,0.00036082,9.3346,8.4088,0.0842,5.5545,0.2517,615.7635,65.9540,8.3255,9.6426,5.1431,5.1891,8.2617,16.7816,25.8881,44.2602,5.1891,0.0,4.9889,8.529385,1.798876,29,193,98,2,0.20855820,0.00902045,0.00297427,0E-8,0.000000,0.900656,0.000000,0.00763944,2026-03-21,2026-08-06,87,1920,882,139,0.625899,0.863400,0.891889,0.695194,,,,,,,,GLOBAL_BASELINE_NO_ENTITY_RANKING,,,NOT_APPLICABLE_GLOBAL_BASELINE,HF9g-P5,,,,X 全窗基线 · 不参与实体赏罚,8397464,840,A168_HF9F_20260827_0900,2026-08-27 09:00:00
2026-07-22,54653530,1331,0,10.3271112488,10.0689334676,10.0689334676,1.0000000,2,2,0.49994810000000000,0.499948100000,1.4143603653603398,1.4143603653603398,1.4143603653603398,0E-17,ELIGIBLE,R03b_20260811_FULL_v1,L1_ELIGIBILITY,v2026-08-11,2026-03-21..2026-08-06,baccarat_bet02_101_all_pairs_incl_sentinel,round_win = game_pnl > 0 (decisive only),COMPATIBILITY_ONLY_NOT_PRODUCTION,53571.4227,48249.4483,483.2383,5739,5738,-0.00902045,-0.00297427,-0.01061372,-0.00902045,-483.2383,53571.4227,OK,0.0000,19.3295,4.0000,96.0000,AG03-UNRESOLVED,ALL5_LEVELS_bet23_to_bet27,19.3295,19.3295,24.1619,0.0000,0.0000,4.000000,4.000000,5.000000,0.000000,0.000000,96.000000,96.000000,95.000000,100.000000,100.000000,5.0,62.8210,60.1535,420.4173,423.0848,PENDING_AG03,FALSE,NOT_FOR_ENFORCEMENT,463.9088,46319.4703,483.2383,463.9088,19.3295,0.00902045,0.00865963,19.3295,463.9088,0.00865963,19.3295,19.3295,24.1619,0.0000,0.0000,463.9088,0.00865963,62.8210,60.1535,420.4173,423.0848,0.00784779,0.00789758,0.00036082,9.3346,8.4088,0.0842,5.5545,0.2517,615.7635,65.9540,8.3255,9.6426,5.1431,5.1891,8.2617,16.7816,25.8881,44.2602,5.1891,0.0,4.9889,8.529385,1.798876,29,193,98,2,0.20855820,0.00902045,0.00297427,0E-8,0.000000,0.900656,0.000000,0.00763944,2026-03-21,2026-08-06,87,1920,882,139,0.625899,0.863400,0.891889,0.695194,,,,,,,,GLOBAL_BASELINE_NO_ENTITY_RANKING,,,NOT_APPLICABLE_GLOBAL_BASELINE,HF9g-P5,,,,X 全窗基线 · 不参与实体赏罚,8397465,840,A168_HF9F_20260827_0900,2026-08-27 09:00:00
2026-07-22,54653530,1353,0,15.4906668732,4.6472000620,4.6472000620,0.5000000,2,2,0.50665070000000000,0.506650700000,-0.018812684590367487,-0.018812684590367487,-0.018812684590367487,0E-17,ELIGIBLE,R03b_20260811_FULL_v1,L1_ELIGIBILITY,v2026-08-11,2026-03-21..2026-08-06,baccarat_bet02_101_all_pairs_incl_sentinel,round_win = game_pnl > 0 (decisive only),COMPATIBILITY_ONLY_NOT_PRODUCTION,53571.4227,48249.4483,483.2383,5739,5738,-0.00902045,-0.00297427,-0.01061372,-0.00902045,-483.2383,53571.4227,OK,0.0000,19.3295,4.0000,96.0000,AG03-UNRESOLVED,ALL5_LEVELS_bet23_to_bet27,19.3295,19.3295,24.1619,0.0000,0.0000,4.000000,4.000000,5.000000,0.000000,0.000000,96.000000,96.000000,95.000000,100.000000,100.000000,5.0,62.8210,60.1535,420.4173,423.0848,PENDING_AG03,FALSE,NOT_FOR_ENFORCEMENT,463.9088,46319.4703,483.2383,463.9088,19.3295,0.00902045,0.00865963,19.3295,463.9088,0.00865963,19.3295,19.3295,24.1619,0.0000,0.0000,463.9088,0.00865963,62.8210,60.1535,420.4173,423.0848,0.00784779,0.00789758,0.00036082,9.3346,8.4088,0.0842,5.5545,0.2517,615.7635,65.9540,8.3255,9.6426,5.1431,5.1891,8.2617,16.7816,25.8881,44.2602,5.1891,0.0,4.9889,8.529385,1.798876,29,193,98,2,0.20855820,0.00902045,0.00297427,0E-8,0.000000,0.900656,0.000000,0.00763944,2026-03-21,2026-08-06,87,1920,882,139,0.625899,0.863400,0.891889,0.695194,,,,,,,,GLOBAL_BASELINE_NO_ENTITY_RANKING,,,NOT_APPLICABLE_GLOBAL_BASELINE,HF9g-P5,,,,X 全窗基线 · 不参与实体赏罚,8397466,840,A168_HF9F_20260827_0900,2026-08-27 09:00:00
2026-07-22,54653530,1384,0,10.3271112488,9.8107556864,9.8107556864,1.0000000,1,1,0.50665070000000000,0.506650700000,0.9867858985152569,0.9867858985152569,0.9867858985152569,0E-17,ELIGIBLE,R03b_20260811_FULL_v1,L1_ELIGIBILITY,v2026-08-11,2026-03-21..2026-08-06,baccarat_bet02_101_all_pairs_incl_sentinel,round_win = game_pnl > 0 (decisive only),COMPATIBILITY_ONLY_NOT_PRODUCTION,53571.4227,48249.4483,483.2383,5739,5738,-0.00902045,-0.00297427,-0.01061372,-0.00902045,-483.2383,53571.4227,OK,0.0000,19.3295,4.0000,96.0000,AG03-UNRESOLVED,ALL5_LEVELS_bet23_to_bet27,19.3295,19.3295,24.1619,0.0000,0.0000,4.000000,4.000000,5.000000,0.000000,0.000000,96.000000,96.000000,95.000000,100.000000,100.000000,5.0,62.8210,60.1535,420.4173,423.0848,PENDING_AG03,FALSE,NOT_FOR_ENFORCEMENT,463.9088,46319.4703,483.2383,463.9088,19.3295,0.00902045,0.00865963,19.3295,463.9088,0.00865963,19.3295,19.3295,24.1619,0.0000,0.0000,463.9088,0.00865963,62.8210,60.1535,420.4173,423.0848,0.00784779,0.00789758,0.00036082,9.3346,8.4088,0.0842,5.5545,0.2517,615.7635,65.9540,8.3255,9.6426,5.1431,5.1891,8.2617,16.7816,25.8881,44.2602,5.1891,0.0,4.9889,8.529385,1.798876,29,193,98,2,0.20855820,0.00902045,0.00297427,0E-8,0.000000,0.900656,0.000000,0.00763944,2026-03-21,2026-08-06,87,1920,882,139,0.625899,0.863400,0.891889,0.695194,,,,,,,,GLOBAL_BASELINE_NO_ENTITY_RANKING,,,NOT_APPLICABLE_GLOBAL_BASELINE,HF9g-P5,,,,X 全窗基线 · 不参与实体赏罚,8397467,840,A168_HF9F_20260827_0900,2026-08-27 09:00:00
2026-07-22,54653530,1396,0,5.1635556244,4.9053778432,4.9053778432,1.0000000,1,1,0.50665070000000000,0.506650700000,0.9867858985152569,0.9867858985152569,0.9867858985152569,0E-17,ELIGIBLE,R03b_20260811_FULL_v1,L1_ELIGIBILITY,v2026-08-11,2026-03-21..2026-08-06,baccarat_bet02_101_all_pairs_incl_sentinel,round_win = game_pnl > 0 (decisive only),COMPATIBILITY_ONLY_NOT_PRODUCTION,53571.4227,48249.4483,483.2383,5739,5738,-0.00902045,-0.00297427,-0.01061372,-0.00902045,-483.2383,53571.4227,OK,0.0000,19.3295,4.0000,96.0000,AG03-UNRESOLVED,ALL5_LEVELS_bet23_to_bet27,19.3295,19.3295,24.1619,0.0000,0.0000,4.000000,4.000000,5.000000,0.000000,0.000000,96.000000,96.000000,95.000000,100.000000,100.000000,5.0,62.8210,60.1535,420.4173,423.0848,PENDING_AG03,FALSE,NOT_FOR_ENFORCEMENT,463.9088,46319.4703,483.2383,463.9088,19.3295,0.00902045,0.00865963,19.3295,463.9088,0.00865963,19.3295,19.3295,24.1619,0.0000,0.0000,463.9088,0.00865963,62.8210,60.1535,420.4173,423.0848,0.00784779,0.00789758,0.00036082,9.3346,8.4088,0.0842,5.5545,0.2517,615.7635,65.9540,8.3255,9.6426,5.1431,5.1891,8.2617,16.7816,25.8881,44.2602,5.1891,0.0,4.9889,8.529385,1.798876,29,193,98,2,0.20855820,0.00902045,0.00297427,0E-8,0.000000,0.900656,0.000000,0.00763944,2026-03-21,2026-08-06,87,1920,882,139,0.625899,0.863400,0.891889,0.695194,,,,,,,,GLOBAL_BASELINE_NO_ENTITY_RANKING,,,NOT_APPLICABLE_GLOBAL_BASELINE,HF9g-P5,,,,X 全窗基线 · 不参与实体赏罚,8397468,840,A168_HF9F_20260827_0900,2026-08-27 09:00:00
2026-07-22,54653530,1398,0,77.4533343660,-41.3084449952,-41.3084449952,0.5000000,7,7,0.49707555714285714,0.497075557143,0.014327030625969732,0.014327030625269827,0.014327030625969732,-1.4286E-13,ELIGIBLE,R03b_20260811_FULL_v1,L1_ELIGIBILITY,v2026-08-11,2026-03-21..2026-08-06,baccarat_bet02_101_all_pairs_incl_sentinel,round_win = game_pnl > 0 (decisive only),COMPATIBILITY_ONLY_NOT_PRODUCTION,53571.4227,48249.4483,483.2383,5739,5738,-0.00902045,-0.00297427,-0.01061372,-0.00902045,-483.2383,53571.4227,OK,0.0000,19.3295,4.0000,96.0000,AG03-UNRESOLVED,ALL5_LEVELS_bet23_to_bet27,19.3295,19.3295,24.1619,0.0000,0.0000,4.000000,4.000000,5.000000,0.000000,0.000000,96.000000,96.000000,95.000000,100.000000,100.000000,5.0,62.8210,60.1535,420.4173,423.0848,PENDING_AG03,FALSE,NOT_FOR_ENFORCEMENT,463.9088,46319.4703,483.2383,463.9088,19.3295,0.00902045,0.00865963,19.3295,463.9088,0.00865963,19.3295,19.3295,24.1619,0.0000,0.0000,463.9088,0.00865963,62.8210,60.1535,420.4173,423.0848,0.00784779,0.00789758,0.00036082,9.3346,8.4088,0.0842,5.5545,0.2517,615.7635,65.9540,8.3255,9.6426,5.1431,5.1891,8.2617,16.7816,25.8881,44.2602,5.1891,0.0,4.9889,8.529385,1.798876,29,193,98,2,0.20855820,0.00902045,0.00297427,0E-8,0.000000,0.900656,0.000000,0.00763944,2026-03-21,2026-08-06,87,1920,882,139,0.625899,0.863400,0.891889,0.695194,,,,,,,,GLOBAL_BASELINE_NO_ENTITY_RANKING,,,NOT_APPLICABLE_GLOBAL_BASELINE,HF9g-P5,,,,X 全窗基线 · 不参与实体赏罚,8397469,840,A168_HF9F_20260827_0900,2026-08-27 09:00:00
2026-07-22,54653530,1402,0,15.4906668732,4.6472000620,4.6472000620,0.5000000,2,2,0.50665070000000000,0.506650700000,-0.018812684590367487,-0.018812684590367487,-0.018812684590367487,0E-17,ELIGIBLE,R03b_20260811_FULL_v1,L1_ELIGIBILITY,v2026-08-11,2026-03-21..2026-08-06,baccarat_bet02_101_all_pairs_incl_sentinel,round_win = game_pnl > 0 (decisive only),COMPATIBILITY_ONLY_NOT_PRODUCTION,53571.4227,48249.4483,483.2383,5739,5738,-0.00902045,-0.00297427,-0.01061372,-0.00902045,-483.2383,53571.4227,OK,0.0000,19.3295,4.0000,96.0000,AG03-UNRESOLVED,ALL5_LEVELS_bet23_to_bet27,19.3295,19.3295,24.1619,0.0000,0.0000,4.000000,4.000000,5.000000,0.000000,0.000000,96.000000,96.000000,95.000000,100.000000,100.000000,5.0,62.8210,60.1535,420.4173,423.0848,PENDING_AG03,FALSE,NOT_FOR_ENFORCEMENT,463.9088,46319.4703,483.2383,463.9088,19.3295,0.00902045,0.00865963,19.3295,463.9088,0.00865963,19.3295,19.3295,24.1619,0.0000,0.0000,463.9088,0.00865963,62.8210,60.1535,420.4173,423.0848,0.00784779,0.00789758,0.00036082,9.3346,8.4088,0.0842,5.5545,0.2517,615.7635,65.9540,8.3255,9.6426,5.1431,5.1891,8.2617,16.7816,25.8881,44.2602,5.1891,0.0,4.9889,8.529385,1.798876,29,193,98,2,0.20855820,0.00902045,0.00297427,0E-8,0.000000,0.900656,0.000000,0.00763944,2026-03-21,2026-08-06,87,1920,882,139,0.625899,0.863400,0.891889,0.695194,,,,,,,,GLOBAL_BASELINE_NO_ENTITY_RANKING,,,NOT_APPLICABLE_GLOBAL_BASELINE,HF9g-P5,,,,X 全窗基线 · 不参与实体赏罚,8397470,840,A168_HF9F_20260827_0900,2026-08-27 09:00:00
2026-07-22,54653530,1645,0,43.1156894637,9.7462112411,9.7462112411,0.5000000,4,4,0.50665070000000000,0.506650700000,-0.02660515369234503,-0.02660515369234503,-0.02660515369234503,0E-17,ELIGIBLE,R03b_20260811_FULL_v1,L1_ELIGIBILITY,v2026-08-11,2026-03-21..2026-08-06,baccarat_bet02_101_all_pairs_incl_sentinel,round_win = game_pnl > 0 (decisive only),COMPATIBILITY_ONLY_NOT_PRODUCTION,53571.4227,48249.4483,483.2383,5739,5738,-0.00902045,-0.00297427,-0.01061372,-0.00902045,-483.2383,53571.4227,OK,0.0000,19.3295,4.0000,96.0000,AG03-UNRESOLVED,ALL5_LEVELS_bet23_to_bet27,19.3295,19.3295,24.1619,0.0000,0.0000,4.000000,4.000000,5.000000,0.000000,0.000000,96.000000,96.000000,95.000000,100.000000,100.000000,5.0,62.8210,60.1535,420.4173,423.0848,PENDING_AG03,FALSE,NOT_FOR_ENFORCEMENT,463.9088,46319.4703,483.2383,463.9088,19.3295,0.00902045,0.00865963,19.3295,463.9088,0.00865963,19.3295,19.3295,24.1619,0.0000,0.0000,463.9088,0.00865963,62.8210,60.1535,420.4173,423.0848,0.00784779,0.00789758,0.00036082,9.3346,8.4088,0.0842,5.5545,0.2517,615.7635,65.9540,8.3255,9.6426,5.1431,5.1891,8.2617,16.7816,25.8881,44.2602,5.1891,0.0,4.9889,8.529385,1.798876,29,193,98,2,0.20855820,0.00902045,0.00297427,0E-8,0.000000,0.900656,0.000000,0.00763944,2026-03-21,2026-08-06,87,1920,882,139,0.625899,0.863400,0.891889,0.695194,,,,,,,,GLOBAL_BASELINE_NO_ENTITY_RANKING,,,NOT_APPLICABLE_GLOBAL_BASELINE,HF9g-P5,,,,X 全窗基线 · 不参与实体赏罚,8397471,840,A168_HF9F_20260827_0900,2026-08-27 09:00:00
2026-07-22,54653530,1704,0,10.3271112488,9.8107556864,9.8107556864,1.0000000,2,2,0.50665070000000000,0.506650700000,1.3955260008387969,1.3955260008387969,1.3955260008387969,0E-17,ELIGIBLE,R03b_20260811_FULL_v1,L1_ELIGIBILITY,v2026-08-11,2026-03-21..2026-08-06,baccarat_bet02_101_all_pairs_incl_sentinel,round_win = game_pnl > 0 (decisive only),COMPATIBILITY_ONLY_NOT_PRODUCTION,53571.4227,48249.4483,483.2383,5739,5738,-0.00902045,-0.00297427,-0.01061372,-0.00902045,-483.2383,53571.4227,OK,0.0000,19.3295,4.0000,96.0000,AG03-UNRESOLVED,ALL5_LEVELS_bet23_to_bet27,19.3295,19.3295,24.1619,0.0000,0.0000,4.000000,4.000000,5.000000,0.000000,0.000000,96.000000,96.000000,95.000000,100.000000,100.000000,5.0,62.8210,60.1535,420.4173,423.0848,PENDING_AG03,FALSE,NOT_FOR_ENFORCEMENT,463.9088,46319.4703,483.2383,463.9088,19.3295,0.00902045,0.00865963,19.3295,463.9088,0.00865963,19.3295,19.3295,24.1619,0.0000,0.0000,463.9088,0.00865963,62.8210,60.1535,420.4173,423.0848,0.00784779,0.00789758,0.00036082,9.3346,8.4088,0.0842,5.5545,0.2517,615.7635,65.9540,8.3255,9.6426,5.1431,5.1891,8.2617,16.7816,25.8881,44.2602,5.1891,0.0,4.9889,8.529385,1.798876,29,193,98,2,0.20855820,0.00902045,0.00297427,0E-8,0.000000,0.900656,0.000000,0.00763944,2026-03-21,2026-08-06,87,1920,882,139,0.625899,0.863400,0.891889,0.695194,,,,,,,,GLOBAL_BASELINE_NO_ENTITY_RANKING,,,NOT_APPLICABLE_GLOBAL_BASELINE,HF9g-P5,,,,X 全窗基线 · 不参与实体赏罚,8397472,840,A168_HF9F_20260827_0900,2026-08-27 09:00:00
2026-07-22,54653530,1710,0,12.9088890610,-12.9088890610,-12.9088890610,0E-7,2,2,0.49324550000000000,0.493245500000,-1.3952362676504506,-1.3952362676504506,-1.3952362676504506,0E-17,ELIGIBLE,R03b_20260811_FULL_v1,L1_ELIGIBILITY,v2026-08-11,2026-03-21..2026-08-06,baccarat_bet02_101_all_pairs_incl_sentinel,round_win = game_pnl > 0 (decisive only),COMPATIBILITY_ONLY_NOT_PRODUCTION,53571.4227,48249.4483,483.2383,5739,5738,-0.00902045,-0.00297427,-0.01061372,-0.00902045,-483.2383,53571.4227,OK,0.0000,19.3295,4.0000,96.0000,AG03-UNRESOLVED,ALL5_LEVELS_bet23_to_bet27,19.3295,19.3295,24.1619,0.0000,0.0000,4.000000,4.000000,5.000000,0.000000,0.000000,96.000000,96.000000,95.000000,100.000000,100.000000,5.0,62.8210,60.1535,420.4173,423.0848,PENDING_AG03,FALSE,NOT_FOR_ENFORCEMENT,463.9088,46319.4703,483.2383,463.9088,19.3295,0.00902045,0.00865963,19.3295,463.9088,0.00865963,19.3295,19.3295,24.1619,0.0000,0.0000,463.9088,0.00865963,62.8210,60.1535,420.4173,423.0848,0.00784779,0.00789758,0.00036082,9.3346,8.4088,0.0842,5.5545,0.2517,615.7635,65.9540,8.3255,9.6426,5.1431,5.1891,8.2617,16.7816,25.8881,44.2602,5.1891,0.0,4.9889,8.529385,1.798876,29,193,98,2,0.20855820,0.00902045,0.00297427,0E-8,0.000000,0.900656,0.000000,0.00763944,2026-03-21,2026-08-06,87,1920,882,139,0.625899,0.863400,0.891889,0.695194,,,,,,,,GLOBAL_BASELINE_NO_ENTITY_RANKING,,,NOT_APPLICABLE_GLOBAL_BASELINE,HF9g-P5,,,,X 全窗基线 · 不参与实体赏罚,8397473,840,A168_HF9F_20260827_0900,2026-08-27 09:00:00
2026-07-22,54653530,1942,0,20.6542224976,9.5525779052,9.5525779052,0.6666667,3,3,0.50665070000000000,0.506650700000,0.5543606114942035,0.5543606114942035,0.5543606114942035,0E-17,ELIGIBLE,R03b_20260811_FULL_v1,L1_ELIGIBILITY,v2026-08-11,2026-03-21..2026-08-06,baccarat_bet02_101_all_pairs_incl_sentinel,round_win = game_pnl > 0 (decisive only),COMPATIBILITY_ONLY_NOT_PRODUCTION,53571.4227,48249.4483,483.2383,5739,5738,-0.00902045,-0.00297427,-0.01061372,-0.00902045,-483.2383,53571.4227,OK,0.0000,19.3295,4.0000,96.0000,AG03-UNRESOLVED,ALL5_LEVELS_bet23_to_bet27,19.3295,19.3295,24.1619,0.0000,0.0000,4.000000,4.000000,5.000000,0.000000,0.000000,96.000000,96.000000,95.000000,100.000000,100.000000,5.0,62.8210,60.1535,420.4173,423.0848,PENDING_AG03,FALSE,NOT_FOR_ENFORCEMENT,463.9088,46319.4703,483.2383,463.9088,19.3295,0.00902045,0.00865963,19.3295,463.9088,0.00865963,19.3295,19.3295,24.1619,0.0000,0.0000,463.9088,0.00865963,62.8210,60.1535,420.4173,423.0848,0.00784779,0.00789758,0.00036082,9.3346,8.4088,0.0842,5.5545,0.2517,615.7635,65.9540,8.3255,9.6426,5.1431,5.1891,8.2617,16.7816,25.8881,44.2602,5.1891,0.0,4.9889,8.529385,1.798876,29,193,98,2,0.20855820,0.00902045,0.00297427,0E-8,0.000000,0.900656,0.000000,0.00763944,2026-03-21,2026-08-06,87,1920,882,139,0.625899,0.863400,0.891889,0.695194,,,,,,,,GLOBAL_BASELINE_NO_ENTITY_RANKING,,,NOT_APPLICABLE_GLOBAL_BASELINE,HF9g-P5,,,,X 全窗基线 · 不参与实体赏罚,8397474,840,A168_HF9F_20260827_0900,2026-08-27 09:00:00
2026-07-22,54653530,1947,0,30.9813337464,9.2944001239,9.2944001239,0.5000000,2,2,0.50665070000000000,0.506650700000,-0.018812684590367487,-0.018812684590367487,-0.018812684590367487,0E-17,ELIGIBLE,R03b_20260811_FULL_v1,L1_ELIGIBILITY,v2026-08-11,2026-03-21..2026-08-06,baccarat_bet02_101_all_pairs_incl_sentinel,round_win = game_pnl > 0 (decisive only),COMPATIBILITY_ONLY_NOT_PRODUCTION,53571.4227,48249.4483,483.2383,5739,5738,-0.00902045,-0.00297427,-0.01061372,-0.00902045,-483.2383,53571.4227,OK,0.0000,19.3295,4.0000,96.0000,AG03-UNRESOLVED,ALL5_LEVELS_bet23_to_bet27,19.3295,19.3295,24.1619,0.0000,0.0000,4.000000,4.000000,5.000000,0.000000,0.000000,96.000000,96.000000,95.000000,100.000000,100.000000,5.0,62.8210,60.1535,420.4173,423.0848,PENDING_AG03,FALSE,NOT_FOR_ENFORCEMENT,463.9088,46319.4703,483.2383,463.9088,19.3295,0.00902045,0.00865963,19.3295,463.9088,0.00865963,19.3295,19.3295,24.1619,0.0000,0.0000,463.9088,0.00865963,62.8210,60.1535,420.4173,423.0848,0.00784779,0.00789758,0.00036082,9.3346,8.4088,0.0842,5.5545,0.2517,615.7635,65.9540,8.3255,9.6426,5.1431,5.1891,8.2617,16.7816,25.8881,44.2602,5.1891,0.0,4.9889,8.529385,1.798876,29,193,98,2,0.20855820,0.00902045,0.00297427,0E-8,0.000000,0.900656,0.000000,0.00763944,2026-03-21,2026-08-06,87,1920,882,139,0.625899,0.863400,0.891889,0.695194,,,,,,,,GLOBAL_BASELINE_NO_ENTITY_RANKING,,,NOT_APPLICABLE_GLOBAL_BASELINE,HF9g-P5,,,,X 全窗基线 · 不参与实体赏罚,8397475,840,A168_HF9F_20260827_0900,2026-08-27 09:00:00
2026-07-22,54653530,2068,0,32.2722226525,-6.4544445305,-6.4544445305,0.3333333,4,4,0.49659680000000000,0.496596800000,-0.5655743394288276,-0.5655743394288276,-0.5655743394288276,0E-17,ELIGIBLE,R03b_20260811_FULL_v1,L1_ELIGIBILITY,v2026-08-11,2026-03-21..2026-08-06,baccarat_bet02_101_all_pairs_incl_sentinel,round_win = game_pnl > 0 (decisive only),COMPATIBILITY_ONLY_NOT_PRODUCTION,53571.4227,48249.4483,483.2383,5739,5738,-0.00902045,-0.00297427,-0.01061372,-0.00902045,-483.2383,53571.4227,OK,0.0000,19.3295,4.0000,96.0000,AG03-UNRESOLVED,ALL5_LEVELS_bet23_to_bet27,19.3295,19.3295,24.1619,0.0000,0.0000,4.000000,4.000000,5.000000,0.000000,0.000000,96.000000,96.000000,95.000000,100.000000,100.000000,5.0,62.8210,60.1535,420.4173,423.0848,PENDING_AG03,FALSE,NOT_FOR_ENFORCEMENT,463.9088,46319.4703,483.2383,463.9088,19.3295,0.00902045,0.00865963,19.3295,463.9088,0.00865963,19.3295,19.3295,24.1619,0.0000,0.0000,463.9088,0.00865963,62.8210,60.1535,420.4173,423.0848,0.00784779,0.00789758,0.00036082,9.3346,8.4088,0.0842,5.5545,0.2517,615.7635,65.9540,8.3255,9.6426,5.1431,5.1891,8.2617,16.7816,25.8881,44.2602,5.1891,0.0,4.9889,8.529385,1.798876,29,193,98,2,0.20855820,0.00902045,0.00297427,0E-8,0.000000,0.900656,0.000000,0.00763944,2026-03-21,2026-08-06,87,1920,882,139,0.625899,0.863400,0.891889,0.695194,,,,,,,,GLOBAL_BASELINE_NO_ENTITY_RANKING,,,NOT_APPLICABLE_GLOBAL_BASELINE,HF9g-P5,,,,X 全窗基线 · 不参与实体赏罚,8397476,840,A168_HF9F_20260827_0900,2026-08-27 09:00:00
2026-07-22,54653530,2072,0,106.1110680815,4.1566622777,4.1566622777,0.2500000,6,6,0.50665070000000000,0.506650700000,-1.0266936290537745,-1.0266936290537745,-1.0266936290537745,0E-17,ELIGIBLE,R03b_20260811_FULL_v1,L1_ELIGIBILITY,v2026-08-11,2026-03-21..2026-08-06,baccarat_bet02_101_all_pairs_incl_sentinel,round_win = game_pnl > 0 (decisive only),COMPATIBILITY_ONLY_NOT_PRODUCTION,53571.4227,48249.4483,483.2383,5739,5738,-0.00902045,-0.00297427,-0.01061372,-0.00902045,-483.2383,53571.4227,OK,0.0000,19.3295,4.0000,96.0000,AG03-UNRESOLVED,ALL5_LEVELS_bet23_to_bet27,19.3295,19.3295,24.1619,0.0000,0.0000,4.000000,4.000000,5.000000,0.000000,0.000000,96.000000,96.000000,95.000000,100.000000,100.000000,5.0,62.8210,60.1535,420.4173,423.0848,PENDING_AG03,FALSE,NOT_FOR_ENFORCEMENT,463.9088,46319.4703,483.2383,463.9088,19.3295,0.00902045,0.00865963,19.3295,463.9088,0.00865963,19.3295,19.3295,24.1619,0.0000,0.0000,463.9088,0.00865963,62.8210,60.1535,420.4173,423.0848,0.00784779,0.00789758,0.00036082,9.3346,8.4088,0.0842,5.5545,0.2517,615.7635,65.9540,8.3255,9.6426,5.1431,5.1891,8.2617,16.7816,25.8881,44.2602,5.1891,0.0,4.9889,8.529385,1.798876,29,193,98,2,0.20855820,0.00902045,0.00297427,0E-8,0.000000,0.900656,0.000000,0.00763944,2026-03-21,2026-08-06,87,1920,882,139,0.625899,0.863400,0.891889,0.695194,,,,,,,,GLOBAL_BASELINE_NO_ENTITY_RANKING,,,NOT_APPLICABLE_GLOBAL_BASELINE,HF9g-P5,,,,X 全窗基线 · 不参与实体赏罚,8397477,840,A168_HF9F_20260827_0900,2026-08-27 09:00:00
2026-07-22,54653530,2108,0,40.0175560891,7.9389667725,7.9389667725,0.5000000,5,5,0.50396966000000000,0.503969660000,-0.0158791404612453,-0.0158791404612453,-0.0158791404612453,0E-17,ELIGIBLE,R03b_20260811_FULL_v1,L1_ELIGIBILITY,v2026-08-11,2026-03-21..2026-08-06,baccarat_bet02_101_all_pairs_incl_sentinel,round_win = game_pnl > 0 (decisive only),COMPATIBILITY_ONLY_NOT_PRODUCTION,53571.4227,48249.4483,483.2383,5739,5738,-0.00902045,-0.00297427,-0.01061372,-0.00902045,-483.2383,53571.4227,OK,0.0000,19.3295,4.0000,96.0000,AG03-UNRESOLVED,ALL5_LEVELS_bet23_to_bet27,19.3295,19.3295,24.1619,0.0000,0.0000,4.000000,4.000000,5.000000,0.000000,0.000000,96.000000,96.000000,95.000000,100.000000,100.000000,5.0,62.8210,60.1535,420.4173,423.0848,PENDING_AG03,FALSE,NOT_FOR_ENFORCEMENT,463.9088,46319.4703,483.2383,463.9088,19.3295,0.00902045,0.00865963,19.3295,463.9088,0.00865963,19.3295,19.3295,24.1619,0.0000,0.0000,463.9088,0.00865963,62.8210,60.1535,420.4173,423.0848,0.00784779,0.00789758,0.00036082,9.3346,8.4088,0.0842,5.5545,0.2517,615.7635,65.9540,8.3255,9.6426,5.1431,5.1891,8.2617,16.7816,25.8881,44.2602,5.1891,0.0,4.9889,8.529385,1.798876,29,193,98,2,0.20855820,0.00902045,0.00297427,0E-8,0.000000,0.900656,0.000000,0.00763944,2026-03-21,2026-08-06,87,1920,882,139,0.625899,0.863400,0.891889,0.695194,,,,,,,,GLOBAL_BASELINE_NO_ENTITY_RANKING,,,NOT_APPLICABLE_GLOBAL_BASELINE,HF9g-P5,,,,X 全窗基线 · 不参与实体赏罚,8397478,840,A168_HF9F_20260827_0900,2026-08-27 09:00:00
2026-07-22,54653530,2121,0,10.3271112488,-0.2581777812,-0.2581777812,0.5000000,2,2,0.50665070000000000,0.506650700000,-0.018812684590367487,-0.018812684590367487,-0.018812684590367487,0E-17,ELIGIBLE,R03b_20260811_FULL_v1,L1_ELIGIBILITY,v2026-08-11,2026-03-21..2026-08-06,baccarat_bet02_101_all_pairs_incl_sentinel,round_win = game_pnl > 0 (decisive only),COMPATIBILITY_ONLY_NOT_PRODUCTION,53571.4227,48249.4483,483.2383,5739,5738,-0.00902045,-0.00297427,-0.01061372,-0.00902045,-483.2383,53571.4227,OK,0.0000,19.3295,4.0000,96.0000,AG03-UNRESOLVED,ALL5_LEVELS_bet23_to_bet27,19.3295,19.3295,24.1619,0.0000,0.0000,4.000000,4.000000,5.000000,0.000000,0.000000,96.000000,96.000000,95.000000,100.000000,100.000000,5.0,62.8210,60.1535,420.4173,423.0848,PENDING_AG03,FALSE,NOT_FOR_ENFORCEMENT,463.9088,46319.4703,483.2383,463.9088,19.3295,0.00902045,0.00865963,19.3295,463.9088,0.00865963,19.3295,19.3295,24.1619,0.0000,0.0000,463.9088,0.00865963,62.8210,60.1535,420.4173,423.0848,0.00784779,0.00789758,0.00036082,9.3346,8.4088,0.0842,5.5545,0.2517,615.7635,65.9540,8.3255,9.6426,5.1431,5.1891,8.2617,16.7816,25.8881,44.2602,5.1891,0.0,4.9889,8.529385,1.798876,29,193,98,2,0.20855820,0.00902045,0.00297427,0E-8,0.000000,0.900656,0.000000,0.00763944,2026-03-21,2026-08-06,87,1920,882,139,0.625899,0.863400,0.891889,0.695194,,,,,,,,GLOBAL_BASELINE_NO_ENTITY_RANKING,,,NOT_APPLICABLE_GLOBAL_BASELINE,HF9g-P5,,,,X 全窗基线 · 不参与实体赏罚,8397479,840,A168_HF9F_20260827_0900,2026-08-27 09:00:00
2026-07-22,54653530,2127,0,5.1635556244,4.9053778432,4.9053778432,1.0000000,1,1,0.50665070000000000,0.506650700000,0.9867858985152569,0.9867858985152569,0.9867858985152569,0E-17,ELIGIBLE,R03b_20260811_FULL_v1,L1_ELIGIBILITY,v2026-08-11,2026-03-21..2026-08-06,baccarat_bet02_101_all_pairs_incl_sentinel,round_win = game_pnl > 0 (decisive only),COMPATIBILITY_ONLY_NOT_PRODUCTION,53571.4227,48249.4483,483.2383,5739,5738,-0.00902045,-0.00297427,-0.01061372,-0.00902045,-483.2383,53571.4227,OK,0.0000,19.3295,4.0000,96.0000,AG03-UNRESOLVED,ALL5_LEVELS_bet23_to_bet27,19.3295,19.3295,24.1619,0.0000,0.0000,4.000000,4.000000,5.000000,0.000000,0.000000,96.000000,96.000000,95.000000,100.000000,100.000000,5.0,62.8210,60.1535,420.4173,423.0848,PENDING_AG03,FALSE,NOT_FOR_ENFORCEMENT,463.9088,46319.4703,483.2383,463.9088,19.3295,0.00902045,0.00865963,19.3295,463.9088,0.00865963,19.3295,19.3295,24.1619,0.0000,0.0000,463.9088,0.00865963,62.8210,60.1535,420.4173,423.0848,0.00784779,0.00789758,0.00036082,9.3346,8.4088,0.0842,5.5545,0.2517,615.7635,65.9540,8.3255,9.6426,5.1431,5.1891,8.2617,16.7816,25.8881,44.2602,5.1891,0.0,4.9889,8.529385,1.798876,29,193,98,2,0.20855820,0.00902045,0.00297427,0E-8,0.000000,0.900656,0.000000,0.00763944,2026-03-21,2026-08-06,87,1920,882,139,0.625899,0.863400,0.891889,0.695194,,,,,,,,GLOBAL_BASELINE_NO_ENTITY_RANKING,,,NOT_APPLICABLE_GLOBAL_BASELINE,HF9g-P5,,,,X 全窗基线 · 不参与实体赏罚,8397480,840,A168_HF9F_20260827_0900,2026-08-27 09:00:00
2026-07-22,54653530,2129,0,94.2348901453,6.4544445305,6.4544445305,0.2500000,4,4,0.50665070000000000,0.506650700000,-1.0266936290537745,-1.0266936290537745,-1.0266936290537745,0E-17,ELIGIBLE,R03b_20260811_FULL_v1,L1_ELIGIBILITY,v2026-08-11,2026-03-21..2026-08-06,baccarat_bet02_101_all_pairs_incl_sentinel,round_win = game_pnl > 0 (decisive only),COMPATIBILITY_ONLY_NOT_PRODUCTION,53571.4227,48249.4483,483.2383,5739,5738,-0.00902045,-0.00297427,-0.01061372,-0.00902045,-483.2383,53571.4227,OK,0.0000,19.3295,4.0000,96.0000,AG03-UNRESOLVED,ALL5_LEVELS_bet23_to_bet27,19.3295,19.3295,24.1619,0.0000,0.0000,4.000000,4.000000,5.000000,0.000000,0.000000,96.000000,96.000000,95.000000,100.000000,100.000000,5.0,62.8210,60.1535,420.4173,423.0848,PENDING_AG03,FALSE,NOT_FOR_ENFORCEMENT,463.9088,46319.4703,483.2383,463.9088,19.3295,0.00902045,0.00865963,19.3295,463.9088,0.00865963,19.3295,19.3295,24.1619,0.0000,0.0000,463.9088,0.00865963,62.8210,60.1535,420.4173,423.0848,0.00784779,0.00789758,0.00036082,9.3346,8.4088,0.0842,5.5545,0.2517,615.7635,65.9540,8.3255,9.6426,5.1431,5.1891,8.2617,16.7816,25.8881,44.2602,5.1891,0.0,4.9889,8.529385,1.798876,29,193,98,2,0.20855820,0.00902045,0.00297427,0E-8,0.000000,0.900656,0.000000,0.00763944,2026-03-21,2026-08-06,87,1920,882,139,0.625899,0.863400,0.891889,0.695194,,,,,,,,GLOBAL_BASELINE_NO_ENTITY_RANKING,,,NOT_APPLICABLE_GLOBAL_BASELINE,HF9g-P5,,,,X 全窗基线 · 不参与实体赏罚,8397481,840,A168_HF9F_20260827_0900,2026-08-27 09:00:00
2026-07-22,54653530,2130,0,73.5806676477,12.9088890610,12.9088890610,0.5000000,5,5,0.50396966000000000,0.503969660000,-0.0158791404612453,-0.0158791404612453,-0.0158791404612453,0E-17,ELIGIBLE,R03b_20260811_FULL_v1,L1_ELIGIBILITY,v2026-08-11,2026-03-21..2026-08-06,baccarat_bet02_101_all_pairs_incl_sentinel,round_win = game_pnl > 0 (decisive only),COMPATIBILITY_ONLY_NOT_PRODUCTION,53571.4227,48249.4483,483.2383,5739,5738,-0.00902045,-0.00297427,-0.01061372,-0.00902045,-483.2383,53571.4227,OK,0.0000,19.3295,4.0000,96.0000,AG03-UNRESOLVED,ALL5_LEVELS_bet23_to_bet27,19.3295,19.3295,24.1619,0.0000,0.0000,4.000000,4.000000,5.000000,0.000000,0.000000,96.000000,96.000000,95.000000,100.000000,100.000000,5.0,62.8210,60.1535,420.4173,423.0848,PENDING_AG03,FALSE,NOT_FOR_ENFORCEMENT,463.9088,46319.4703,483.2383,463.9088,19.3295,0.00902045,0.00865963,19.3295,463.9088,0.00865963,19.3295,19.3295,24.1619,0.0000,0.0000,463.9088,0.00865963,62.8210,60.1535,420.4173,423.0848,0.00784779,0.00789758,0.00036082,9.3346,8.4088,0.0842,5.5545,0.2517,615.7635,65.9540,8.3255,9.6426,5.1431,5.1891,8.2617,16.7816,25.8881,44.2602,5.1891,0.0,4.9889,8.529385,1.798876,29,193,98,2,0.20855820,0.00902045,0.00297427,0E-8,0.000000,0.900656,0.000000,0.00763944,2026-03-21,2026-08-06,87,1920,882,139,0.625899,0.863400,0.891889,0.695194,,,,,,,,GLOBAL_BASELINE_NO_ENTITY_RANKING,,,NOT_APPLICABLE_GLOBAL_BASELINE,HF9g-P5,,,,X 全窗基线 · 不参与实体赏罚,8397482,840,A168_HF9F_20260827_0900,2026-08-27 09:00:00
2026-07-22,54653530,2147,0,10.3271112488,9.8107556864,9.8107556864,1.0000000,2,2,0.50665070000000000,0.506650700000,1.3955260008387969,1.3955260008387969,1.3955260008387969,0E-17,ELIGIBLE,R03b_20260811_FULL_v1,L1_ELIGIBILITY,v2026-08-11,2026-03-21..2026-08-06,baccarat_bet02_101_all_pairs_incl_sentinel,round_win = game_pnl > 0 (decisive only),COMPATIBILITY_ONLY_NOT_PRODUCTION,53571.4227,48249.4483,483.2383,5739,5738,-0.00902045,-0.00297427,-0.01061372,-0.00902045,-483.2383,53571.4227,OK,0.0000,19.3295,4.0000,96.0000,AG03-UNRESOLVED,ALL5_LEVELS_bet23_to_bet27,19.3295,19.3295,24.1619,0.0000,0.0000,4.000000,4.000000,5.000000,0.000000,0.000000,96.000000,96.000000,95.000000,100.000000,100.000000,5.0,62.8210,60.1535,420.4173,423.0848,PENDING_AG03,FALSE,NOT_FOR_ENFORCEMENT,463.9088,46319.4703,483.2383,463.9088,19.3295,0.00902045,0.00865963,19.3295,463.9088,0.00865963,19.3295,19.3295,24.1619,0.0000,0.0000,463.9088,0.00865963,62.8210,60.1535,420.4173,423.0848,0.00784779,0.00789758,0.00036082,9.3346,8.4088,0.0842,5.5545,0.2517,615.7635,65.9540,8.3255,9.6426,5.1431,5.1891,8.2617,16.7816,25.8881,44.2602,5.1891,0.0,4.9889,8.529385,1.798876,29,193,98,2,0.20855820,0.00902045,0.00297427,0E-8,0.000000,0.900656,0.000000,0.00763944,2026-03-21,2026-08-06,87,1920,882,139,0.625899,0.863400,0.891889,0.695194,,,,,,,,GLOBAL_BASELINE_NO_ENTITY_RANKING,,,NOT_APPLICABLE_GLOBAL_BASELINE,HF9g-P5,,,,X 全窗基线 · 不参与实体赏罚,8397483,840,A168_HF9F_20260827_0900,2026-08-27 09:00:00
2026-07-22,54653530,2178,0,5.1635556244,5.1635556244,5.1635556244,1.0000000,1,1,0.49324550000000000,0.493245500000,1.01360149184955,1.01360149184955,1.01360149184955,0E-17,ELIGIBLE,R03b_20260811_FULL_v1,L1_ELIGIBILITY,v2026-08-11,2026-03-21..2026-08-06,baccarat_bet02_101_all_pairs_incl_sentinel,round_win = game_pnl > 0 (decisive only),COMPATIBILITY_ONLY_NOT_PRODUCTION,53571.4227,48249.4483,483.2383,5739,5738,-0.00902045,-0.00297427,-0.01061372,-0.00902045,-483.2383,53571.4227,OK,0.0000,19.3295,4.0000,96.0000,AG03-UNRESOLVED,ALL5_LEVELS_bet23_to_bet27,19.3295,19.3295,24.1619,0.0000,0.0000,4.000000,4.000000,5.000000,0.000000,0.000000,96.000000,96.000000,95.000000,100.000000,100.000000,5.0,62.8210,60.1535,420.4173,423.0848,PENDING_AG03,FALSE,NOT_FOR_ENFORCEMENT,463.9088,46319.4703,483.2383,463.9088,19.3295,0.00902045,0.00865963,19.3295,463.9088,0.00865963,19.3295,19.3295,24.1619,0.0000,0.0000,463.9088,0.00865963,62.8210,60.1535,420.4173,423.0848,0.00784779,0.00789758,0.00036082,9.3346,8.4088,0.0842,5.5545,0.2517,615.7635,65.9540,8.3255,9.6426,5.1431,5.1891,8.2617,16.7816,25.8881,44.2602,5.1891,0.0,4.9889,8.529385,1.798876,29,193,98,2,0.20855820,0.00902045,0.00297427,0E-8,0.000000,0.900656,0.000000,0.00763944,2026-03-21,2026-08-06,87,1920,882,139,0.625899,0.863400,0.891889,0.695194,,,,,,,,GLOBAL_BASELINE_NO_ENTITY_RANKING,,,NOT_APPLICABLE_GLOBAL_BASELINE,HF9g-P5,,,,X 全窗基线 · 不参与实体赏罚,8397484,840,A168_HF9F_20260827_0900,2026-08-27 09:00:00
2026-07-22,54653530,2196,0,10.3271112488,-0.2581777812,-0.2581777812,0.5000000,2,2,0.50665070000000000,0.506650700000,-0.018812684590367487,-0.018812684590367487,-0.018812684590367487,0E-17,ELIGIBLE,R03b_20260811_FULL_v1,L1_ELIGIBILITY,v2026-08-11,2026-03-21..2026-08-06,baccarat_bet02_101_all_pairs_incl_sentinel,round_win = game_pnl > 0 (decisive only),COMPATIBILITY_ONLY_NOT_PRODUCTION,53571.4227,48249.4483,483.2383,5739,5738,-0.00902045,-0.00297427,-0.01061372,-0.00902045,-483.2383,53571.4227,OK,0.0000,19.3295,4.0000,96.0000,AG03-UNRESOLVED,ALL5_LEVELS_bet23_to_bet27,19.3295,19.3295,24.1619,0.0000,0.0000,4.000000,4.000000,5.000000,0.000000,0.000000,96.000000,96.000000,95.000000,100.000000,100.000000,5.0,62.8210,60.1535,420.4173,423.0848,PENDING_AG03,FALSE,NOT_FOR_ENFORCEMENT,463.9088,46319.4703,483.2383,463.9088,19.3295,0.00902045,0.00865963,19.3295,463.9088,0.00865963,19.3295,19.3295,24.1619,0.0000,0.0000,463.9088,0.00865963,62.8210,60.1535,420.4173,423.0848,0.00784779,0.00789758,0.00036082,9.3346,8.4088,0.0842,5.5545,0.2517,615.7635,65.9540,8.3255,9.6426,5.1431,5.1891,8.2617,16.7816,25.8881,44.2602,5.1891,0.0,4.9889,8.529385,1.798876,29,193,98,2,0.20855820,0.00902045,0.00297427,0E-8,0.000000,0.900656,0.000000,0.00763944,2026-03-21,2026-08-06,87,1920,882,139,0.625899,0.863400,0.891889,0.695194,,,,,,,,GLOBAL_BASELINE_NO_ENTITY_RANKING,,,NOT_APPLICABLE_GLOBAL_BASELINE,HF9g-P5,,,,X 全窗基线 · 不参与实体赏罚,8397485,840,A168_HF9F_20260827_0900,2026-08-27 09:00:00
2026-07-22,54653530,2218,0,10.3271112488,9.8107556864,9.8107556864,1.0000000,2,2,0.50665070000000000,0.506650700000,1.3955260008387969,1.3955260008387969,1.3955260008387969,0E-17,ELIGIBLE,R03b_20260811_FULL_v1,L1_ELIGIBILITY,v2026-08-11,2026-03-21..2026-08-06,baccarat_bet02_101_all_pairs_incl_sentinel,round_win = game_pnl > 0 (decisive only),COMPATIBILITY_ONLY_NOT_PRODUCTION,53571.4227,48249.4483,483.2383,5739,5738,-0.00902045,-0.00297427,-0.01061372,-0.00902045,-483.2383,53571.4227,OK,0.0000,19.3295,4.0000,96.0000,AG03-UNRESOLVED,ALL5_LEVELS_bet23_to_bet27,19.3295,19.3295,24.1619,0.0000,0.0000,4.000000,4.000000,5.000000,0.000000,0.000000,96.000000,96.000000,95.000000,100.000000,100.000000,5.0,62.8210,60.1535,420.4173,423.0848,PENDING_AG03,FALSE,NOT_FOR_ENFORCEMENT,463.9088,46319.4703,483.2383,463.9088,19.3295,0.00902045,0.00865963,19.3295,463.9088,0.00865963,19.3295,19.3295,24.1619,0.0000,0.0000,463.9088,0.00865963,62.8210,60.1535,420.4173,423.0848,0.00784779,0.00789758,0.00036082,9.3346,8.4088,0.0842,5.5545,0.2517,615.7635,65.9540,8.3255,9.6426,5.1431,5.1891,8.2617,16.7816,25.8881,44.2602,5.1891,0.0,4.9889,8.529385,1.798876,29,193,98,2,0.20855820,0.00902045,0.00297427,0E-8,0.000000,0.900656,0.000000,0.00763944,2026-03-21,2026-08-06,87,1920,882,139,0.625899,0.863400,0.891889,0.695194,,,,,,,,GLOBAL_BASELINE_NO_ENTITY_RANKING,,,NOT_APPLICABLE_GLOBAL_BASELINE,HF9g-P5,,,,X 全窗基线 · 不参与实体赏罚,8397486,840,A168_HF9F_20260827_0900,2026-08-27 09:00:00
2026-07-22,54653530,2223,0,10.3271112488,-0.2581777812,-0.2581777812,0.5000000,2,2,0.49994810000000000,0.499948100000,0.00014679536856514622,0.00014679536856514622,0.00014679536856514622,0E-17,ELIGIBLE,R03b_20260811_FULL_v1,L1_ELIGIBILITY,v2026-08-11,2026-03-21..2026-08-06,baccarat_bet02_101_all_pairs_incl_sentinel,round_win = game_pnl > 0 (decisive only),COMPATIBILITY_ONLY_NOT_PRODUCTION,53571.4227,48249.4483,483.2383,5739,5738,-0.00902045,-0.00297427,-0.01061372,-0.00902045,-483.2383,53571.4227,OK,0.0000,19.3295,4.0000,96.0000,AG03-UNRESOLVED,ALL5_LEVELS_bet23_to_bet27,19.3295,19.3295,24.1619,0.0000,0.0000,4.000000,4.000000,5.000000,0.000000,0.000000,96.000000,96.000000,95.000000,100.000000,100.000000,5.0,62.8210,60.1535,420.4173,423.0848,PENDING_AG03,FALSE,NOT_FOR_ENFORCEMENT,463.9088,46319.4703,483.2383,463.9088,19.3295,0.00902045,0.00865963,19.3295,463.9088,0.00865963,19.3295,19.3295,24.1619,0.0000,0.0000,463.9088,0.00865963,62.8210,60.1535,420.4173,423.0848,0.00784779,0.00789758,0.00036082,9.3346,8.4088,0.0842,5.5545,0.2517,615.7635,65.9540,8.3255,9.6426,5.1431,5.1891,8.2617,16.7816,25.8881,44.2602,5.1891,0.0,4.9889,8.529385,1.798876,29,193,98,2,0.20855820,0.00902045,0.00297427,0E-8,0.000000,0.900656,0.000000,0.00763944,2026-03-21,2026-08-06,87,1920,882,139,0.625899,0.863400,0.891889,0.695194,,,,,,,,GLOBAL_BASELINE_NO_ENTITY_RANKING,,,NOT_APPLICABLE_GLOBAL_BASELINE,HF9g-P5,,,,X 全窗基线 · 不参与实体赏罚,8397487,840,A168_HF9F_20260827_0900,2026-08-27 09:00:00
2026-07-22,54653530,2233,0,162.6520021686,-73.5290320915,-73.5290320915,0.4285714,14,14,0.50282064285714286,0.502820642857,-0.5556390836170849,-0.5556390836160149,-0.5556390836170849,1.4286E-13,ELIGIBLE,R03b_20260811_FULL_v1,L1_ELIGIBILITY,v2026-08-11,2026-03-21..2026-08-06,baccarat_bet02_101_all_pairs_incl_sentinel,round_win = game_pnl > 0 (decisive only),COMPATIBILITY_ONLY_NOT_PRODUCTION,53571.4227,48249.4483,483.2383,5739,5738,-0.00902045,-0.00297427,-0.01061372,-0.00902045,-483.2383,53571.4227,OK,0.0000,19.3295,4.0000,96.0000,AG03-UNRESOLVED,ALL5_LEVELS_bet23_to_bet27,19.3295,19.3295,24.1619,0.0000,0.0000,4.000000,4.000000,5.000000,0.000000,0.000000,96.000000,96.000000,95.000000,100.000000,100.000000,5.0,62.8210,60.1535,420.4173,423.0848,PENDING_AG03,FALSE,NOT_FOR_ENFORCEMENT,463.9088,46319.4703,483.2383,463.9088,19.3295,0.00902045,0.00865963,19.3295,463.9088,0.00865963,19.3295,19.3295,24.1619,0.0000,0.0000,463.9088,0.00865963,62.8210,60.1535,420.4173,423.0848,0.00784779,0.00789758,0.00036082,9.3346,8.4088,0.0842,5.5545,0.2517,615.7635,65.9540,8.3255,9.6426,5.1431,5.1891,8.2617,16.7816,25.8881,44.2602,5.1891,0.0,4.9889,8.529385,1.798876,29,193,98,2,0.20855820,0.00902045,0.00297427,0E-8,0.000000,0.900656,0.000000,0.00763944,2026-03-21,2026-08-06,87,1920,882,139,0.625899,0.863400,0.891889,0.695194,,,,,,,,GLOBAL_BASELINE_NO_ENTITY_RANKING,,,NOT_APPLICABLE_GLOBAL_BASELINE,HF9g-P5,,,,X 全窗基线 · 不参与实体赏罚,8397488,840,A168_HF9F_20260827_0900,2026-08-27 09:00:00
2026-07-22,54653530,2235,0,5.1635556244,-5.1635556244,-5.1635556244,0E-7,1,1,0.50665070000000000,0.506650700000,-1.013391052207602,-1.013391052207602,-1.013391052207602,0E-17,ELIGIBLE,R03b_20260811_FULL_v1,L1_ELIGIBILITY,v2026-08-11,2026-03-21..2026-08-06,baccarat_bet02_101_all_pairs_incl_sentinel,round_win = game_pnl > 0 (decisive only),COMPATIBILITY_ONLY_NOT_PRODUCTION,53571.4227,48249.4483,483.2383,5739,5738,-0.00902045,-0.00297427,-0.01061372,-0.00902045,-483.2383,53571.4227,OK,0.0000,19.3295,4.0000,96.0000,AG03-UNRESOLVED,ALL5_LEVELS_bet23_to_bet27,19.3295,19.3295,24.1619,0.0000,0.0000,4.000000,4.000000,5.000000,0.000000,0.000000,96.000000,96.000000,95.000000,100.000000,100.000000,5.0,62.8210,60.1535,420.4173,423.0848,PENDING_AG03,FALSE,NOT_FOR_ENFORCEMENT,463.9088,46319.4703,483.2383,463.9088,19.3295,0.00902045,0.00865963,19.3295,463.9088,0.00865963,19.3295,19.3295,24.1619,0.0000,0.0000,463.9088,0.00865963,62.8210,60.1535,420.4173,423.0848,0.00784779,0.00789758,0.00036082,9.3346,8.4088,0.0842,5.5545,0.2517,615.7635,65.9540,8.3255,9.6426,5.1431,5.1891,8.2617,16.7816,25.8881,44.2602,5.1891,0.0,4.9889,8.529385,1.798876,29,193,98,2,0.20855820,0.00902045,0.00297427,0E-8,0.000000,0.900656,0.000000,0.00763944,2026-03-21,2026-08-06,87,1920,882,139,0.625899,0.863400,0.891889,0.695194,,,,,,,,GLOBAL_BASELINE_NO_ENTITY_RANKING,,,NOT_APPLICABLE_GLOBAL_BASELINE,HF9g-P5,,,,X 全窗基线 · 不参与实体赏罚,8397489,840,A168_HF9F_20260827_0900,2026-08-27 09:00:00
2026-07-22,54653530,2250,0,20.6542224976,10.0689334676,10.0689334676,0.6666667,3,3,0.49771390000000000,0.497713900000,0.5852756695216578,0.5852756695216578,0.5852756695216578,0E-17,ELIGIBLE,R03b_20260811_FULL_v1,L1_ELIGIBILITY,v2026-08-11,2026-03-21..2026-08-06,baccarat_bet02_101_all_pairs_incl_sentinel,round_win = game_pnl > 0 (decisive only),COMPATIBILITY_ONLY_NOT_PRODUCTION,53571.4227,48249.4483,483.2383,5739,5738,-0.00902045,-0.00297427,-0.01061372,-0.00902045,-483.2383,53571.4227,OK,0.0000,19.3295,4.0000,96.0000,AG03-UNRESOLVED,ALL5_LEVELS_bet23_to_bet27,19.3295,19.3295,24.1619,0.0000,0.0000,4.000000,4.000000,5.000000,0.000000,0.000000,96.000000,96.000000,95.000000,100.000000,100.000000,5.0,62.8210,60.1535,420.4173,423.0848,PENDING_AG03,FALSE,NOT_FOR_ENFORCEMENT,463.9088,46319.4703,483.2383,463.9088,19.3295,0.00902045,0.00865963,19.3295,463.9088,0.00865963,19.3295,19.3295,24.1619,0.0000,0.0000,463.9088,0.00865963,62.8210,60.1535,420.4173,423.0848,0.00784779,0.00789758,0.00036082,9.3346,8.4088,0.0842,5.5545,0.2517,615.7635,65.9540,8.3255,9.6426,5.1431,5.1891,8.2617,16.7816,25.8881,44.2602,5.1891,0.0,4.9889,8.529385,1.798876,29,193,98,2,0.20855820,0.00902045,0.00297427,0E-8,0.000000,0.900656,0.000000,0.00763944,2026-03-21,2026-08-06,87,1920,882,139,0.625899,0.863400,0.891889,0.695194,,,,,,,,GLOBAL_BASELINE_NO_ENTITY_RANKING,,,NOT_APPLICABLE_GLOBAL_BASELINE,HF9g-P5,,,,X 全窗基线 · 不参与实体赏罚,8397490,840,A168_HF9F_20260827_0900,2026-08-27 09:00:00
2026-07-22,54653530,2251,0,42.5993339013,20.5896780524,20.5896780524,0.6666667,6,6,0.50441650000000000,0.504416500000,0.7948912480929629,0.7948912480929629,0.7948912480929629,0E-17,ELIGIBLE,R03b_20260811_FULL_v1,L1_ELIGIBILITY,v2026-08-11,2026-03-21..2026-08-06,baccarat_bet02_101_all_pairs_incl_sentinel,round_win = game_pnl > 0 (decisive only),COMPATIBILITY_ONLY_NOT_PRODUCTION,53571.4227,48249.4483,483.2383,5739,5738,-0.00902045,-0.00297427,-0.01061372,-0.00902045,-483.2383,53571.4227,OK,0.0000,19.3295,4.0000,96.0000,AG03-UNRESOLVED,ALL5_LEVELS_bet23_to_bet27,19.3295,19.3295,24.1619,0.0000,0.0000,4.000000,4.000000,5.000000,0.000000,0.000000,96.000000,96.000000,95.000000,100.000000,100.000000,5.0,62.8210,60.1535,420.4173,423.0848,PENDING_AG03,FALSE,NOT_FOR_ENFORCEMENT,463.9088,46319.4703,483.2383,463.9088,19.3295,0.00902045,0.00865963,19.3295,463.9088,0.00865963,19.3295,19.3295,24.1619,0.0000,0.0000,463.9088,0.00865963,62.8210,60.1535,420.4173,423.0848,0.00784779,0.00789758,0.00036082,9.3346,8.4088,0.0842,5.5545,0.2517,615.7635,65.9540,8.3255,9.6426,5.1431,5.1891,8.2617,16.7816,25.8881,44.2602,5.1891,0.0,4.9889,8.529385,1.798876,29,193,98,2,0.20855820,0.00902045,0.00297427,0E-8,0.000000,0.900656,0.000000,0.00763944,2026-03-21,2026-08-06,87,1920,882,139,0.625899,0.863400,0.891889,0.695194,,,,,,,,GLOBAL_BASELINE_NO_ENTITY_RANKING,,,NOT_APPLICABLE_GLOBAL_BASELINE,HF9g-P5,,,,X 全窗基线 · 不参与实体赏罚,8397491,840,A168_HF9F_20260827_0900,2026-08-27 09:00:00
2026-07-22,54653530,2252,0,118.5036015799,-37.1776004956,-37.1776004956,0.4285714,8,8,0.50497505000000000,0.504975050000,-0.4043099778764335,-0.4043099778764335,-0.4043099778764335,0E-17,ELIGIBLE,R03b_20260811_FULL_v1,L1_ELIGIBILITY,v2026-08-11,2026-03-21..2026-08-06,baccarat_bet02_101_all_pairs_incl_sentinel,round_win = game_pnl > 0 (decisive only),COMPATIBILITY_ONLY_NOT_PRODUCTION,53571.4227,48249.4483,483.2383,5739,5738,-0.00902045,-0.00297427,-0.01061372,-0.00902045,-483.2383,53571.4227,OK,0.0000,19.3295,4.0000,96.0000,AG03-UNRESOLVED,ALL5_LEVELS_bet23_to_bet27,19.3295,19.3295,24.1619,0.0000,0.0000,4.000000,4.000000,5.000000,0.000000,0.000000,96.000000,96.000000,95.000000,100.000000,100.000000,5.0,62.8210,60.1535,420.4173,423.0848,PENDING_AG03,FALSE,NOT_FOR_ENFORCEMENT,463.9088,46319.4703,483.2383,463.9088,19.3295,0.00902045,0.00865963,19.3295,463.9088,0.00865963,19.3295,19.3295,24.1619,0.0000,0.0000,463.9088,0.00865963,62.8210,60.1535,420.4173,423.0848,0.00784779,0.00789758,0.00036082,9.3346,8.4088,0.0842,5.5545,0.2517,615.7635,65.9540,8.3255,9.6426,5.1431,5.1891,8.2617,16.7816,25.8881,44.2602,5.1891,0.0,4.9889,8.529385,1.798876,29,193,98,2,0.20855820,0.00902045,0.00297427,0E-8,0.000000,0.900656,0.000000,0.00763944,2026-03-21,2026-08-06,87,1920,882,139,0.625899,0.863400,0.891889,0.695194,,,,,,,,GLOBAL_BASELINE_NO_ENTITY_RANKING,,,NOT_APPLICABLE_GLOBAL_BASELINE,HF9g-P5,,,,X 全窗基线 · 不参与实体赏罚,8397492,840,A168_HF9F_20260827_0900,2026-08-27 09:00:00
2026-07-22,54653530,2267,0,5.1635556244,4.9053778432,4.9053778432,1.0000000,1,1,0.50665070000000000,0.506650700000,0.9867858985152569,0.9867858985152569,0.9867858985152569,0E-17,ELIGIBLE,R03b_20260811_FULL_v1,L1_ELIGIBILITY,v2026-08-11,2026-03-21..2026-08-06,baccarat_bet02_101_all_pairs_incl_sentinel,round_win = game_pnl > 0 (decisive only),COMPATIBILITY_ONLY_NOT_PRODUCTION,53571.4227,48249.4483,483.2383,5739,5738,-0.00902045,-0.00297427,-0.01061372,-0.00902045,-483.2383,53571.4227,OK,0.0000,19.3295,4.0000,96.0000,AG03-UNRESOLVED,ALL5_LEVELS_bet23_to_bet27,19.3295,19.3295,24.1619,0.0000,0.0000,4.000000,4.000000,5.000000,0.000000,0.000000,96.000000,96.000000,95.000000,100.000000,100.000000,5.0,62.8210,60.1535,420.4173,423.0848,PENDING_AG03,FALSE,NOT_FOR_ENFORCEMENT,463.9088,46319.4703,483.2383,463.9088,19.3295,0.00902045,0.00865963,19.3295,463.9088,0.00865963,19.3295,19.3295,24.1619,0.0000,0.0000,463.9088,0.00865963,62.8210,60.1535,420.4173,423.0848,0.00784779,0.00789758,0.00036082,9.3346,8.4088,0.0842,5.5545,0.2517,615.7635,65.9540,8.3255,9.6426,5.1431,5.1891,8.2617,16.7816,25.8881,44.2602,5.1891,0.0,4.9889,8.529385,1.798876,29,193,98,2,0.20855820,0.00902045,0.00297427,0E-8,0.000000,0.900656,0.000000,0.00763944,2026-03-21,2026-08-06,87,1920,882,139,0.625899,0.863400,0.891889,0.695194,,,,,,,,GLOBAL_BASELINE_NO_ENTITY_RANKING,,,NOT_APPLICABLE_GLOBAL_BASELINE,HF9g-P5,,,,X 全窗基线 · 不参与实体赏罚,8397493,840,A168_HF9F_20260827_0900,2026-08-27 09:00:00
2026-07-22,54653530,462,0,5.1635556244,4.9053778432,4.9053778432,1.0000000,1,1,0.50665070000000000,0.506650700000,0.9867858985152569,0.9867858985152569,0.9867858985152569,0E-17,ELIGIBLE,R03b_20260811_FULL_v1,L1_ELIGIBILITY,v2026-08-11,2026-03-21..2026-08-06,baccarat_bet02_101_all_pairs_incl_sentinel,round_win = game_pnl > 0 (decisive only),COMPATIBILITY_ONLY_NOT_PRODUCTION,53571.4227,48249.4483,483.2383,5739,5738,-0.00902045,-0.00297427,-0.01061372,-0.00902045,-483.2383,53571.4227,OK,0.0000,19.3295,4.0000,96.0000,AG03-UNRESOLVED,ALL5_LEVELS_bet23_to_bet27,19.3295,19.3295,24.1619,0.0000,0.0000,4.000000,4.000000,5.000000,0.000000,0.000000,96.000000,96.000000,95.000000,100.000000,100.000000,5.0,62.8210,60.1535,420.4173,423.0848,PENDING_AG03,FALSE,NOT_FOR_ENFORCEMENT,463.9088,46319.4703,483.2383,463.9088,19.3295,0.00902045,0.00865963,19.3295,463.9088,0.00865963,19.3295,19.3295,24.1619,0.0000,0.0000,463.9088,0.00865963,62.8210,60.1535,420.4173,423.0848,0.00784779,0.00789758,0.00036082,9.3346,8.4088,0.0842,5.5545,0.2517,615.7635,65.9540,8.3255,9.6426,5.1431,5.1891,8.2617,16.7816,25.8881,44.2602,5.1891,0.0,4.9889,8.529385,1.798876,29,193,98,2,0.20855820,0.00902045,0.00297427,0E-8,0.000000,0.900656,0.000000,0.00763944,2026-03-21,2026-08-06,87,1920,882,139,0.625899,0.863400,0.891889,0.695194,,,,,,,,GLOBAL_BASELINE_NO_ENTITY_RANKING,,,NOT_APPLICABLE_GLOBAL_BASELINE,HF9g-P5,,,,X 全窗基线 · 不参与实体赏罚,8397494,840,A168_HF9F_20260827_0900,2026-08-27 09:00:00
2026-07-22,54653530,526,0,15.4906668732,14.7161335296,14.7161335296,1.0000000,3,3,0.50665070000000000,0.506650700000,1.7091633124209307,1.7091633124209307,1.7091633124209307,0E-17,ELIGIBLE,R03b_20260811_FULL_v1,L1_ELIGIBILITY,v2026-08-11,2026-03-21..2026-08-06,baccarat_bet02_101_all_pairs_incl_sentinel,round_win = game_pnl > 0 (decisive only),COMPATIBILITY_ONLY_NOT_PRODUCTION,53571.4227,48249.4483,483.2383,5739,5738,-0.00902045,-0.00297427,-0.01061372,-0.00902045,-483.2383,53571.4227,OK,0.0000,19.3295,4.0000,96.0000,AG03-UNRESOLVED,ALL5_LEVELS_bet23_to_bet27,19.3295,19.3295,24.1619,0.0000,0.0000,4.000000,4.000000,5.000000,0.000000,0.000000,96.000000,96.000000,95.000000,100.000000,100.000000,5.0,62.8210,60.1535,420.4173,423.0848,PENDING_AG03,FALSE,NOT_FOR_ENFORCEMENT,463.9088,46319.4703,483.2383,463.9088,19.3295,0.00902045,0.00865963,19.3295,463.9088,0.00865963,19.3295,19.3295,24.1619,0.0000,0.0000,463.9088,0.00865963,62.8210,60.1535,420.4173,423.0848,0.00784779,0.00789758,0.00036082,9.3346,8.4088,0.0842,5.5545,0.2517,615.7635,65.9540,8.3255,9.6426,5.1431,5.1891,8.2617,16.7816,25.8881,44.2602,5.1891,0.0,4.9889,8.529385,1.798876,29,193,98,2,0.20855820,0.00902045,0.00297427,0E-8,0.000000,0.900656,0.000000,0.00763944,2026-03-21,2026-08-06,87,1920,882,139,0.625899,0.863400,0.891889,0.695194,,,,,,,,GLOBAL_BASELINE_NO_ENTITY_RANKING,,,NOT_APPLICABLE_GLOBAL_BASELINE,HF9g-P5,,,,X 全窗基线 · 不参与实体赏罚,8397495,840,A168_HF9F_20260827_0900,2026-08-27 09:00:00
2026-07-22,54653530,925,0,27.1086670281,16.2006557716,16.2006557716,0.7500000,4,4,0.49994810000000000,0.499948100000,1.0002076053883384,1.0002076053883384,1.0002076053883384,0E-17,ELIGIBLE,R03b_20260811_FULL_v1,L1_ELIGIBILITY,v2026-08-11,2026-03-21..2026-08-06,baccarat_bet02_101_all_pairs_incl_sentinel,round_win = game_pnl > 0 (decisive only),COMPATIBILITY_ONLY_NOT_PRODUCTION,53571.4227,48249.4483,483.2383,5739,5738,-0.00902045,-0.00297427,-0.01061372,-0.00902045,-483.2383,53571.4227,OK,0.0000,19.3295,4.0000,96.0000,AG03-UNRESOLVED,ALL5_LEVELS_bet23_to_bet27,19.3295,19.3295,24.1619,0.0000,0.0000,4.000000,4.000000,5.000000,0.000000,0.000000,96.000000,96.000000,95.000000,100.000000,100.000000,5.0,62.8210,60.1535,420.4173,423.0848,PENDING_AG03,FALSE,NOT_FOR_ENFORCEMENT,463.9088,46319.4703,483.2383,463.9088,19.3295,0.00902045,0.00865963,19.3295,463.9088,0.00865963,19.3295,19.3295,24.1619,0.0000,0.0000,463.9088,0.00865963,62.8210,60.1535,420.4173,423.0848,0.00784779,0.00789758,0.00036082,9.3346,8.4088,0.0842,5.5545,0.2517,615.7635,65.9540,8.3255,9.6426,5.1431,5.1891,8.2617,16.7816,25.8881,44.2602,5.1891,0.0,4.9889,8.529385,1.798876,29,193,98,2,0.20855820,0.00902045,0.00297427,0E-8,0.000000,0.900656,0.000000,0.00763944,2026-03-21,2026-08-06,87,1920,882,139,0.625899,0.863400,0.891889,0.695194,,,,,,,,GLOBAL_BASELINE_NO_ENTITY_RANKING,,,NOT_APPLICABLE_GLOBAL_BASELINE,HF9g-P5,,,,X 全窗基线 · 不参与实体赏罚,8397496,840,A168_HF9F_20260827_0900,2026-08-27 09:00:00
2026-07-22,54653530,986,0,25.8177781220,14.4579557484,14.4579557484,0.6666667,3,3,0.50665070000000000,0.506650700000,0.5543606114942035,0.5543606114942035,0.5543606114942035,0E-17,ELIGIBLE,R03b_20260811_FULL_v1,L1_ELIGIBILITY,v2026-08-11,2026-03-21..2026-08-06,baccarat_bet02_101_all_pairs_incl_sentinel,round_win = game_pnl > 0 (decisive only),COMPATIBILITY_ONLY_NOT_PRODUCTION,53571.4227,48249.4483,483.2383,5739,5738,-0.00902045,-0.00297427,-0.01061372,-0.00902045,-483.2383,53571.4227,OK,0.0000,19.3295,4.0000,96.0000,AG03-UNRESOLVED,ALL5_LEVELS_bet23_to_bet27,19.3295,19.3295,24.1619,0.0000,0.0000,4.000000,4.000000,5.000000,0.000000,0.000000,96.000000,96.000000,95.000000,100.000000,100.000000,5.0,62.8210,60.1535,420.4173,423.0848,PENDING_AG03,FALSE,NOT_FOR_ENFORCEMENT,463.9088,46319.4703,483.2383,463.9088,19.3295,0.00902045,0.00865963,19.3295,463.9088,0.00865963,19.3295,19.3295,24.1619,0.0000,0.0000,463.9088,0.00865963,62.8210,60.1535,420.4173,423.0848,0.00784779,0.00789758,0.00036082,9.3346,8.4088,0.0842,5.5545,0.2517,615.7635,65.9540,8.3255,9.6426,5.1431,5.1891,8.2617,16.7816,25.8881,44.2602,5.1891,0.0,4.9889,8.529385,1.798876,29,193,98,2,0.20855820,0.00902045,0.00297427,0E-8,0.000000,0.900656,0.000000,0.00763944,2026-03-21,2026-08-06,87,1920,882,139,0.625899,0.863400,0.891889,0.695194,,,,,,,,GLOBAL_BASELINE_NO_ENTITY_RANKING,,,NOT_APPLICABLE_GLOBAL_BASELINE,HF9g-P5,,,,X 全窗基线 · 不参与实体赏罚,8397497,840,A168_HF9F_20260827_0900,2026-08-27 09:00:00
2026-07-23,54653530,-1,1,157.4884465441,-61.0590452584,-61.0590452584,0.3076923,14,14,0.50665070000000000,0.506650700000,-1.4348363067286125,-1.4348363067286125,-1.4348363067286125,0E-17,SENTINEL_DEALER,R03b_20260811_FULL_v1,L1_ELIGIBILITY,v2026-08-11,2026-03-21..2026-08-06,baccarat_bet02_101_all_pairs_incl_sentinel,round_win = game_pnl > 0 (decisive only),COMPATIBILITY_ONLY_NOT_PRODUCTION,53571.4227,48249.4483,483.2383,5739,5738,-0.00902045,-0.00297427,-0.01061372,-0.00902045,-483.2383,53571.4227,OK,0.0000,19.3295,4.0000,96.0000,AG03-UNRESOLVED,ALL5_LEVELS_bet23_to_bet27,19.3295,19.3295,24.1619,0.0000,0.0000,4.000000,4.000000,5.000000,0.000000,0.000000,96.000000,96.000000,95.000000,100.000000,100.000000,5.0,62.8210,60.1535,420.4173,423.0848,PENDING_AG03,FALSE,NOT_FOR_ENFORCEMENT,463.9088,46319.4703,483.2383,463.9088,19.3295,0.00902045,0.00865963,19.3295,463.9088,0.00865963,19.3295,19.3295,24.1619,0.0000,0.0000,463.9088,0.00865963,62.8210,60.1535,420.4173,423.0848,0.00784779,0.00789758,0.00036082,9.3346,8.4088,0.0842,5.5545,0.2517,615.7635,65.9540,8.3255,9.6426,5.1431,5.1891,8.2617,16.7816,25.8881,44.2602,5.1891,0.0,4.9889,8.529385,1.798876,29,193,98,2,0.20855820,0.00902045,0.00297427,0E-8,0.000000,0.900656,0.000000,0.00763944,2026-03-21,2026-08-06,87,1920,882,139,0.625899,0.863400,0.891889,0.695194,,,,,,,,GLOBAL_BASELINE_NO_ENTITY_RANKING,,,NOT_APPLICABLE_GLOBAL_BASELINE,HF9g-P5,,,,X 全窗基线 · 不参与实体赏罚,8397498,840,A168_HF9F_20260827_0900,2026-08-27 09:00:00
2026-07-23,54653530,1017,0,5.1635556244,-5.1635556244,-5.1635556244,0E-7,1,1,0.50665070000000000,0.506650700000,-1.013391052207602,-1.013391052207602,-1.013391052207602,0E-17,ELIGIBLE,R03b_20260811_FULL_v1,L1_ELIGIBILITY,v2026-08-11,2026-03-21..2026-08-06,baccarat_bet02_101_all_pairs_incl_sentinel,round_win = game_pnl > 0 (decisive only),COMPATIBILITY_ONLY_NOT_PRODUCTION,53571.4227,48249.4483,483.2383,5739,5738,-0.00902045,-0.00297427,-0.01061372,-0.00902045,-483.2383,53571.4227,OK,0.0000,19.3295,4.0000,96.0000,AG03-UNRESOLVED,ALL5_LEVELS_bet23_to_bet27,19.3295,19.3295,24.1619,0.0000,0.0000,4.000000,4.000000,5.000000,0.000000,0.000000,96.000000,96.000000,95.000000,100.000000,100.000000,5.0,62.8210,60.1535,420.4173,423.0848,PENDING_AG03,FALSE,NOT_FOR_ENFORCEMENT,463.9088,46319.4703,483.2383,463.9088,19.3295,0.00902045,0.00865963,19.3295,463.9088,0.00865963,19.3295,19.3295,24.1619,0.0000,0.0000,463.9088,0.00865963,62.8210,60.1535,420.4173,423.0848,0.00784779,0.00789758,0.00036082,9.3346,8.4088,0.0842,5.5545,0.2517,615.7635,65.9540,8.3255,9.6426,5.1431,5.1891,8.2617,16.7816,25.8881,44.2602,5.1891,0.0,4.9889,8.529385,1.798876,29,193,98,2,0.20855820,0.00902045,0.00297427,0E-8,0.000000,0.900656,0.000000,0.00763944,2026-03-21,2026-08-06,87,1920,882,139,0.625899,0.863400,0.891889,0.695194,,,,,,,,GLOBAL_BASELINE_NO_ENTITY_RANKING,,,NOT_APPLICABLE_GLOBAL_BASELINE,HF9g-P5,,,,X 全窗基线 · 不参与实体赏罚,8397499,840,A168_HF9F_20260827_0900,2026-08-27 09:00:00
2026-07-23,54653530,1210,0,5.1635556244,4.9053778432,4.9053778432,1.0000000,1,1,0.50665070000000000,0.506650700000,0.9867858985152569,0.9867858985152569,0.9867858985152569,0E-17,ELIGIBLE,R03b_20260811_FULL_v1,L1_ELIGIBILITY,v2026-08-11,2026-03-21..2026-08-06,baccarat_bet02_101_all_pairs_incl_sentinel,round_win = game_pnl > 0 (decisive only),COMPATIBILITY_ONLY_NOT_PRODUCTION,53571.4227,48249.4483,483.2383,5739,5738,-0.00902045,-0.00297427,-0.01061372,-0.00902045,-483.2383,53571.4227,OK,0.0000,19.3295,4.0000,96.0000,AG03-UNRESOLVED,ALL5_LEVELS_bet23_to_bet27,19.3295,19.3295,24.1619,0.0000,0.0000,4.000000,4.000000,5.000000,0.000000,0.000000,96.000000,96.000000,95.000000,100.000000,100.000000,5.0,62.8210,60.1535,420.4173,423.0848,PENDING_AG03,FALSE,NOT_FOR_ENFORCEMENT,463.9088,46319.4703,483.2383,463.9088,19.3295,0.00902045,0.00865963,19.3295,463.9088,0.00865963,19.3295,19.3295,24.1619,0.0000,0.0000,463.9088,0.00865963,62.8210,60.1535,420.4173,423.0848,0.00784779,0.00789758,0.00036082,9.3346,8.4088,0.0842,5.5545,0.2517,615.7635,65.9540,8.3255,9.6426,5.1431,5.1891,8.2617,16.7816,25.8881,44.2602,5.1891,0.0,4.9889,8.529385,1.798876,29,193,98,2,0.20855820,0.00902045,0.00297427,0E-8,0.000000,0.900656,0.000000,0.00763944,2026-03-21,2026-08-06,87,1920,882,139,0.625899,0.863400,0.891889,0.695194,,,,,,,,GLOBAL_BASELINE_NO_ENTITY_RANKING,,,NOT_APPLICABLE_GLOBAL_BASELINE,HF9g-P5,,,,X 全窗基线 · 不参与实体赏罚,8397500,840,A168_HF9F_20260827_0900,2026-08-27 09:00:00
2026-07-23,54653530,1221,0,30.9813337464,-30.9813337464,-30.9813337464,0E-7,2,2,0.50665070000000000,0.506650700000,-1.4331513700195317,-1.4331513700195317,-1.4331513700195317,0E-17,ELIGIBLE,R03b_20260811_FULL_v1,L1_ELIGIBILITY,v2026-08-11,2026-03-21..2026-08-06,baccarat_bet02_101_all_pairs_incl_sentinel,round_win = game_pnl > 0 (decisive only),COMPATIBILITY_ONLY_NOT_PRODUCTION,53571.4227,48249.4483,483.2383,5739,5738,-0.00902045,-0.00297427,-0.01061372,-0.00902045,-483.2383,53571.4227,OK,0.0000,19.3295,4.0000,96.0000,AG03-UNRESOLVED,ALL5_LEVELS_bet23_to_bet27,19.3295,19.3295,24.1619,0.0000,0.0000,4.000000,4.000000,5.000000,0.000000,0.000000,96.000000,96.000000,95.000000,100.000000,100.000000,5.0,62.8210,60.1535,420.4173,423.0848,PENDING_AG03,FALSE,NOT_FOR_ENFORCEMENT,463.9088,46319.4703,483.2383,463.9088,19.3295,0.00902045,0.00865963,19.3295,463.9088,0.00865963,19.3295,19.3295,24.1619,0.0000,0.0000,463.9088,0.00865963,62.8210,60.1535,420.4173,423.0848,0.00784779,0.00789758,0.00036082,9.3346,8.4088,0.0842,5.5545,0.2517,615.7635,65.9540,8.3255,9.6426,5.1431,5.1891,8.2617,16.7816,25.8881,44.2602,5.1891,0.0,4.9889,8.529385,1.798876,29,193,98,2,0.20855820,0.00902045,0.00297427,0E-8,0.000000,0.900656,0.000000,0.00763944,2026-03-21,2026-08-06,87,1920,882,139,0.625899,0.863400,0.891889,0.695194,,,,,,,,GLOBAL_BASELINE_NO_ENTITY_RANKING,,,NOT_APPLICABLE_GLOBAL_BASELINE,HF9g-P5,,,,X 全窗基线 · 不参与实体赏罚,8397501,840,A168_HF9F_20260827_0900,2026-08-27 09:00:00
2026-07-23,54653530,1307,0,87.7804456148,20.4605891617,20.4605891617,0.6000000,5,5,0.50665070000000000,0.506650700000,0.4175076967804994,0.4175076967804994,0.4175076967804994,0E-17,ELIGIBLE,R03b_20260811_FULL_v1,L1_ELIGIBILITY,v2026-08-11,2026-03-21..2026-08-06,baccarat_bet02_101_all_pairs_incl_sentinel,round_win = game_pnl > 0 (decisive only),COMPATIBILITY_ONLY_NOT_PRODUCTION,53571.4227,48249.4483,483.2383,5739,5738,-0.00902045,-0.00297427,-0.01061372,-0.00902045,-483.2383,53571.4227,OK,0.0000,19.3295,4.0000,96.0000,AG03-UNRESOLVED,ALL5_LEVELS_bet23_to_bet27,19.3295,19.3295,24.1619,0.0000,0.0000,4.000000,4.000000,5.000000,0.000000,0.000000,96.000000,96.000000,95.000000,100.000000,100.000000,5.0,62.8210,60.1535,420.4173,423.0848,PENDING_AG03,FALSE,NOT_FOR_ENFORCEMENT,463.9088,46319.4703,483.2383,463.9088,19.3295,0.00902045,0.00865963,19.3295,463.9088,0.00865963,19.3295,19.3295,24.1619,0.0000,0.0000,463.9088,0.00865963,62.8210,60.1535,420.4173,423.0848,0.00784779,0.00789758,0.00036082,9.3346,8.4088,0.0842,5.5545,0.2517,615.7635,65.9540,8.3255,9.6426,5.1431,5.1891,8.2617,16.7816,25.8881,44.2602,5.1891,0.0,4.9889,8.529385,1.798876,29,193,98,2,0.20855820,0.00902045,0.00297427,0E-8,0.000000,0.900656,0.000000,0.00763944,2026-03-21,2026-08-06,87,1920,882,139,0.625899,0.863400,0.891889,0.695194,,,,,,,,GLOBAL_BASELINE_NO_ENTITY_RANKING,,,NOT_APPLICABLE_GLOBAL_BASELINE,HF9g-P5,,,,X 全窗基线 · 不参与实体赏罚,8397502,840,A168_HF9F_20260827_0900,2026-08-27 09:00:00
2026-07-23,54653530,1391,0,5.1635556244,-5.1635556244,-5.1635556244,0E-7,1,1,0.50665070000000000,0.506650700000,-1.013391052207602,-1.013391052207602,-1.013391052207602,0E-17,ELIGIBLE,R03b_20260811_FULL_v1,L1_ELIGIBILITY,v2026-08-11,2026-03-21..2026-08-06,baccarat_bet02_101_all_pairs_incl_sentinel,round_win = game_pnl > 0 (decisive only),COMPATIBILITY_ONLY_NOT_PRODUCTION,53571.4227,48249.4483,483.2383,5739,5738,-0.00902045,-0.00297427,-0.01061372,-0.00902045,-483.2383,53571.4227,OK,0.0000,19.3295,4.0000,96.0000,AG03-UNRESOLVED,ALL5_LEVELS_bet23_to_bet27,19.3295,19.3295,24.1619,0.0000,0.0000,4.000000,4.000000,5.000000,0.000000,0.000000,96.000000,96.000000,95.000000,100.000000,100.000000,5.0,62.8210,60.1535,420.4173,423.0848,PENDING_AG03,FALSE,NOT_FOR_ENFORCEMENT,463.9088,46319.4703,483.2383,463.9088,19.3295,0.00902045,0.00865963,19.3295,463.9088,0.00865963,19.3295,19.3295,24.1619,0.0000,0.0000,463.9088,0.00865963,62.8210,60.1535,420.4173,423.0848,0.00784779,0.00789758,0.00036082,9.3346,8.4088,0.0842,5.5545,0.2517,615.7635,65.9540,8.3255,9.6426,5.1431,5.1891,8.2617,16.7816,25.8881,44.2602,5.1891,0.0,4.9889,8.529385,1.798876,29,193,98,2,0.20855820,0.00902045,0.00297427,0E-8,0.000000,0.900656,0.000000,0.00763944,2026-03-21,2026-08-06,87,1920,882,139,0.625899,0.863400,0.891889,0.695194,,,,,,,,GLOBAL_BASELINE_NO_ENTITY_RANKING,,,NOT_APPLICABLE_GLOBAL_BASELINE,HF9g-P5,,,,X 全窗基线 · 不参与实体赏罚,8397503,840,A168_HF9F_20260827_0900,2026-08-27 09:00:00
2026-07-23,54653530,1399,0,10.3271112488,9.8107556864,9.8107556864,1.0000000,2,2,0.50665070000000000,0.506650700000,1.3955260008387969,1.3955260008387969,1.3955260008387969,0E-17,ELIGIBLE,R03b_20260811_FULL_v1,L1_ELIGIBILITY,v2026-08-11,2026-03-21..2026-08-06,baccarat_bet02_101_all_pairs_incl_sentinel,round_win = game_pnl > 0 (decisive only),COMPATIBILITY_ONLY_NOT_PRODUCTION,53571.4227,48249.4483,483.2383,5739,5738,-0.00902045,-0.00297427,-0.01061372,-0.00902045,-483.2383,53571.4227,OK,0.0000,19.3295,4.0000,96.0000,AG03-UNRESOLVED,ALL5_LEVELS_bet23_to_bet27,19.3295,19.3295,24.1619,0.0000,0.0000,4.000000,4.000000,5.000000,0.000000,0.000000,96.000000,96.000000,95.000000,100.000000,100.000000,5.0,62.8210,60.1535,420.4173,423.0848,PENDING_AG03,FALSE,NOT_FOR_ENFORCEMENT,463.9088,46319.4703,483.2383,463.9088,19.3295,0.00902045,0.00865963,19.3295,463.9088,0.00865963,19.3295,19.3295,24.1619,0.0000,0.0000,463.9088,0.00865963,62.8210,60.1535,420.4173,423.0848,0.00784779,0.00789758,0.00036082,9.3346,8.4088,0.0842,5.5545,0.2517,615.7635,65.9540,8.3255,9.6426,5.1431,5.1891,8.2617,16.7816,25.8881,44.2602,5.1891,0.0,4.9889,8.529385,1.798876,29,193,98,2,0.20855820,0.00902045,0.00297427,0E-8,0.000000,0.900656,0.000000,0.00763944,2026-03-21,2026-08-06,87,1920,882,139,0.625899,0.863400,0.891889,0.695194,,,,,,,,GLOBAL_BASELINE_NO_ENTITY_RANKING,,,NOT_APPLICABLE_GLOBAL_BASELINE,HF9g-P5,,,,X 全窗基线 · 不参与实体赏罚,8397504,840,A168_HF9F_20260827_0900,2026-08-27 09:00:00
2026-07-23,54653530,1402,0,10.3271112488,4.9053778432,4.9053778432,1.0000000,2,2,0.50665070000000000,0.506650700000,0.9867858985152569,0.9867858985152569,0.9867858985152569,0E-17,ELIGIBLE,R03b_20260811_FULL_v1,L1_ELIGIBILITY,v2026-08-11,2026-03-21..2026-08-06,baccarat_bet02_101_all_pairs_incl_sentinel,round_win = game_pnl > 0 (decisive only),COMPATIBILITY_ONLY_NOT_PRODUCTION,53571.4227,48249.4483,483.2383,5739,5738,-0.00902045,-0.00297427,-0.01061372,-0.00902045,-483.2383,53571.4227,OK,0.0000,19.3295,4.0000,96.0000,AG03-UNRESOLVED,ALL5_LEVELS_bet23_to_bet27,19.3295,19.3295,24.1619,0.0000,0.0000,4.000000,4.000000,5.000000,0.000000,0.000000,96.000000,96.000000,95.000000,100.000000,100.000000,5.0,62.8210,60.1535,420.4173,423.0848,PENDING_AG03,FALSE,NOT_FOR_ENFORCEMENT,463.9088,46319.4703,483.2383,463.9088,19.3295,0.00902045,0.00865963,19.3295,463.9088,0.00865963,19.3295,19.3295,24.1619,0.0000,0.0000,463.9088,0.00865963,62.8210,60.1535,420.4173,423.0848,0.00784779,0.00789758,0.00036082,9.3346,8.4088,0.0842,5.5545,0.2517,615.7635,65.9540,8.3255,9.6426,5.1431,5.1891,8.2617,16.7816,25.8881,44.2602,5.1891,0.0,4.9889,8.529385,1.798876,29,193,98,2,0.20855820,0.00902045,0.00297427,0E-8,0.000000,0.900656,0.000000,0.00763944,2026-03-21,2026-08-06,87,1920,882,139,0.625899,0.863400,0.891889,0.695194,,,,,,,,GLOBAL_BASELINE_NO_ENTITY_RANKING,,,NOT_APPLICABLE_GLOBAL_BASELINE,HF9g-P5,,,,X 全窗基线 · 不参与实体赏罚,8397505,840,A168_HF9F_20260827_0900,2026-08-27 09:00:00
2026-07-23,54653530,1645,0,12.9088890610,-12.9088890610,-12.9088890610,0E-7,2,2,0.50665070000000000,0.506650700000,-1.4331513700195317,-1.4331513700195317,-1.4331513700195317,0E-17,ELIGIBLE,R03b_20260811_FULL_v1,L1_ELIGIBILITY,v2026-08-11,2026-03-21..2026-08-06,baccarat_bet02_101_all_pairs_incl_sentinel,round_win = game_pnl > 0 (decisive only),COMPATIBILITY_ONLY_NOT_PRODUCTION,53571.4227,48249.4483,483.2383,5739,5738,-0.00902045,-0.00297427,-0.01061372,-0.00902045,-483.2383,53571.4227,OK,0.0000,19.3295,4.0000,96.0000,AG03-UNRESOLVED,ALL5_LEVELS_bet23_to_bet27,19.3295,19.3295,24.1619,0.0000,0.0000,4.000000,4.000000,5.000000,0.000000,0.000000,96.000000,96.000000,95.000000,100.000000,100.000000,5.0,62.8210,60.1535,420.4173,423.0848,PENDING_AG03,FALSE,NOT_FOR_ENFORCEMENT,463.9088,46319.4703,483.2383,463.9088,19.3295,0.00902045,0.00865963,19.3295,463.9088,0.00865963,19.3295,19.3295,24.1619,0.0000,0.0000,463.9088,0.00865963,62.8210,60.1535,420.4173,423.0848,0.00784779,0.00789758,0.00036082,9.3346,8.4088,0.0842,5.5545,0.2517,615.7635,65.9540,8.3255,9.6426,5.1431,5.1891,8.2617,16.7816,25.8881,44.2602,5.1891,0.0,4.9889,8.529385,1.798876,29,193,98,2,0.20855820,0.00902045,0.00297427,0E-8,0.000000,0.900656,0.000000,0.00763944,2026-03-21,2026-08-06,87,1920,882,139,0.625899,0.863400,0.891889,0.695194,,,,,,,,GLOBAL_BASELINE_NO_ENTITY_RANKING,,,NOT_APPLICABLE_GLOBAL_BASELINE,HF9g-P5,,,,X 全窗基线 · 不参与实体赏罚,8397506,840,A168_HF9F_20260827_0900,2026-08-27 09:00:00
2026-07-23,54653530,1750,0,5.1635556244,-5.1635556244,-5.1635556244,0E-7,1,1,0.50665070000000000,0.506650700000,-1.013391052207602,-1.013391052207602,-1.013391052207602,0E-17,ELIGIBLE,R03b_20260811_FULL_v1,L1_ELIGIBILITY,v2026-08-11,2026-03-21..2026-08-06,baccarat_bet02_101_all_pairs_incl_sentinel,round_win = game_pnl > 0 (decisive only),COMPATIBILITY_ONLY_NOT_PRODUCTION,53571.4227,48249.4483,483.2383,5739,5738,-0.00902045,-0.00297427,-0.01061372,-0.00902045,-483.2383,53571.4227,OK,0.0000,19.3295,4.0000,96.0000,AG03-UNRESOLVED,ALL5_LEVELS_bet23_to_bet27,19.3295,19.3295,24.1619,0.0000,0.0000,4.000000,4.000000,5.000000,0.000000,0.000000,96.000000,96.000000,95.000000,100.000000,100.000000,5.0,62.8210,60.1535,420.4173,423.0848,PENDING_AG03,FALSE,NOT_FOR_ENFORCEMENT,463.9088,46319.4703,483.2383,463.9088,19.3295,0.00902045,0.00865963,19.3295,463.9088,0.00865963,19.3295,19.3295,24.1619,0.0000,0.0000,463.9088,0.00865963,62.8210,60.1535,420.4173,423.0848,0.00784779,0.00789758,0.00036082,9.3346,8.4088,0.0842,5.5545,0.2517,615.7635,65.9540,8.3255,9.6426,5.1431,5.1891,8.2617,16.7816,25.8881,44.2602,5.1891,0.0,4.9889,8.529385,1.798876,29,193,98,2,0.20855820,0.00902045,0.00297427,0E-8,0.000000,0.900656,0.000000,0.00763944,2026-03-21,2026-08-06,87,1920,882,139,0.625899,0.863400,0.891889,0.695194,,,,,,,,GLOBAL_BASELINE_NO_ENTITY_RANKING,,,NOT_APPLICABLE_GLOBAL_BASELINE,HF9g-P5,,,,X 全窗基线 · 不参与实体赏罚,8397507,840,A168_HF9F_20260827_0900,2026-08-27 09:00:00
2026-07-23,54653530,2092,0,5.1635556244,4.9053778432,4.9053778432,1.0000000,1,1,0.50665070000000000,0.506650700000,0.9867858985152569,0.9867858985152569,0.9867858985152569,0E-17,ELIGIBLE,R03b_20260811_FULL_v1,L1_ELIGIBILITY,v2026-08-11,2026-03-21..2026-08-06,baccarat_bet02_101_all_pairs_incl_sentinel,round_win = game_pnl > 0 (decisive only),COMPATIBILITY_ONLY_NOT_PRODUCTION,53571.4227,48249.4483,483.2383,5739,5738,-0.00902045,-0.00297427,-0.01061372,-0.00902045,-483.2383,53571.4227,OK,0.0000,19.3295,4.0000,96.0000,AG03-UNRESOLVED,ALL5_LEVELS_bet23_to_bet27,19.3295,19.3295,24.1619,0.0000,0.0000,4.000000,4.000000,5.000000,0.000000,0.000000,96.000000,96.000000,95.000000,100.000000,100.000000,5.0,62.8210,60.1535,420.4173,423.0848,PENDING_AG03,FALSE,NOT_FOR_ENFORCEMENT,463.9088,46319.4703,483.2383,463.9088,19.3295,0.00902045,0.00865963,19.3295,463.9088,0.00865963,19.3295,19.3295,24.1619,0.0000,0.0000,463.9088,0.00865963,62.8210,60.1535,420.4173,423.0848,0.00784779,0.00789758,0.00036082,9.3346,8.4088,0.0842,5.5545,0.2517,615.7635,65.9540,8.3255,9.6426,5.1431,5.1891,8.2617,16.7816,25.8881,44.2602,5.1891,0.0,4.9889,8.529385,1.798876,29,193,98,2,0.20855820,0.00902045,0.00297427,0E-8,0.000000,0.900656,0.000000,0.00763944,2026-03-21,2026-08-06,87,1920,882,139,0.625899,0.863400,0.891889,0.695194,,,,,,,,GLOBAL_BASELINE_NO_ENTITY_RANKING,,,NOT_APPLICABLE_GLOBAL_BASELINE,HF9g-P5,,,,X 全窗基线 · 不参与实体赏罚,8397508,840,A168_HF9F_20260827_0900,2026-08-27 09:00:00
2026-07-23,54653530,2093,0,83.1332455528,-83.1332455528,-83.1332455528,0E-7,4,4,0.50665070000000000,0.506650700000,-2.026782104415204,-2.026782104415204,-2.026782104415204,0E-17,ELIGIBLE,R03b_20260811_FULL_v1,L1_ELIGIBILITY,v2026-08-11,2026-03-21..2026-08-06,baccarat_bet02_101_all_pairs_incl_sentinel,round_win = game_pnl > 0 (decisive only),COMPATIBILITY_ONLY_NOT_PRODUCTION,53571.4227,48249.4483,483.2383,5739,5738,-0.00902045,-0.00297427,-0.01061372,-0.00902045,-483.2383,53571.4227,OK,0.0000,19.3295,4.0000,96.0000,AG03-UNRESOLVED,ALL5_LEVELS_bet23_to_bet27,19.3295,19.3295,24.1619,0.0000,0.0000,4.000000,4.000000,5.000000,0.000000,0.000000,96.000000,96.000000,95.000000,100.000000,100.000000,5.0,62.8210,60.1535,420.4173,423.0848,PENDING_AG03,FALSE,NOT_FOR_ENFORCEMENT,463.9088,46319.4703,483.2383,463.9088,19.3295,0.00902045,0.00865963,19.3295,463.9088,0.00865963,19.3295,19.3295,24.1619,0.0000,0.0000,463.9088,0.00865963,62.8210,60.1535,420.4173,423.0848,0.00784779,0.00789758,0.00036082,9.3346,8.4088,0.0842,5.5545,0.2517,615.7635,65.9540,8.3255,9.6426,5.1431,5.1891,8.2617,16.7816,25.8881,44.2602,5.1891,0.0,4.9889,8.529385,1.798876,29,193,98,2,0.20855820,0.00902045,0.00297427,0E-8,0.000000,0.900656,0.000000,0.00763944,2026-03-21,2026-08-06,87,1920,882,139,0.625899,0.863400,0.891889,0.695194,,,,,,,,GLOBAL_BASELINE_NO_ENTITY_RANKING,,,NOT_APPLICABLE_GLOBAL_BASELINE,HF9g-P5,,,,X 全窗基线 · 不参与实体赏罚,8397509,840,A168_HF9F_20260827_0900,2026-08-27 09:00:00
2026-07-23,54653530,2127,0,7.7453334366,7.3580667648,7.3580667648,1.0000000,1,1,0.50665070000000000,0.506650700000,0.9867858985152569,0.9867858985152569,0.9867858985152569,0E-17,ELIGIBLE,R03b_20260811_FULL_v1,L1_ELIGIBILITY,v2026-08-11,2026-03-21..2026-08-06,baccarat_bet02_101_all_pairs_incl_sentinel,round_win = game_pnl > 0 (decisive only),COMPATIBILITY_ONLY_NOT_PRODUCTION,53571.4227,48249.4483,483.2383,5739,5738,-0.00902045,-0.00297427,-0.01061372,-0.00902045,-483.2383,53571.4227,OK,0.0000,19.3295,4.0000,96.0000,AG03-UNRESOLVED,ALL5_LEVELS_bet23_to_bet27,19.3295,19.3295,24.1619,0.0000,0.0000,4.000000,4.000000,5.000000,0.000000,0.000000,96.000000,96.000000,95.000000,100.000000,100.000000,5.0,62.8210,60.1535,420.4173,423.0848,PENDING_AG03,FALSE,NOT_FOR_ENFORCEMENT,463.9088,46319.4703,483.2383,463.9088,19.3295,0.00902045,0.00865963,19.3295,463.9088,0.00865963,19.3295,19.3295,24.1619,0.0000,0.0000,463.9088,0.00865963,62.8210,60.1535,420.4173,423.0848,0.00784779,0.00789758,0.00036082,9.3346,8.4088,0.0842,5.5545,0.2517,615.7635,65.9540,8.3255,9.6426,5.1431,5.1891,8.2617,16.7816,25.8881,44.2602,5.1891,0.0,4.9889,8.529385,1.798876,29,193,98,2,0.20855820,0.00902045,0.00297427,0E-8,0.000000,0.900656,0.000000,0.00763944,2026-03-21,2026-08-06,87,1920,882,139,0.625899,0.863400,0.891889,0.695194,,,,,,,,GLOBAL_BASELINE_NO_ENTITY_RANKING,,,NOT_APPLICABLE_GLOBAL_BASELINE,HF9g-P5,,,,X 全窗基线 · 不参与实体赏罚,8397510,840,A168_HF9F_20260827_0900,2026-08-27 09:00:00
2026-07-23,54653530,2142,0,173.7536467611,-72.9739498618,-72.9739498618,0.3000000,11,11,0.50543204545454545,0.505432045455,-1.2993430180449845,-1.2993430180478722,-1.2993430180449845,-4.5455E-13,ELIGIBLE,R03b_20260811_FULL_v1,L1_ELIGIBILITY,v2026-08-11,2026-03-21..2026-08-06,baccarat_bet02_101_all_pairs_incl_sentinel,round_win = game_pnl > 0 (decisive only),COMPATIBILITY_ONLY_NOT_PRODUCTION,53571.4227,48249.4483,483.2383,5739,5738,-0.00902045,-0.00297427,-0.01061372,-0.00902045,-483.2383,53571.4227,OK,0.0000,19.3295,4.0000,96.0000,AG03-UNRESOLVED,ALL5_LEVELS_bet23_to_bet27,19.3295,19.3295,24.1619,0.0000,0.0000,4.000000,4.000000,5.000000,0.000000,0.000000,96.000000,96.000000,95.000000,100.000000,100.000000,5.0,62.8210,60.1535,420.4173,423.0848,PENDING_AG03,FALSE,NOT_FOR_ENFORCEMENT,463.9088,46319.4703,483.2383,463.9088,19.3295,0.00902045,0.00865963,19.3295,463.9088,0.00865963,19.3295,19.3295,24.1619,0.0000,0.0000,463.9088,0.00865963,62.8210,60.1535,420.4173,423.0848,0.00784779,0.00789758,0.00036082,9.3346,8.4088,0.0842,5.5545,0.2517,615.7635,65.9540,8.3255,9.6426,5.1431,5.1891,8.2617,16.7816,25.8881,44.2602,5.1891,0.0,4.9889,8.529385,1.798876,29,193,98,2,0.20855820,0.00902045,0.00297427,0E-8,0.000000,0.900656,0.000000,0.00763944,2026-03-21,2026-08-06,87,1920,882,139,0.625899,0.863400,0.891889,0.695194,,,,,,,,GLOBAL_BASELINE_NO_ENTITY_RANKING,,,NOT_APPLICABLE_GLOBAL_BASELINE,HF9g-P5,,,,X 全窗基线 · 不参与实体赏罚,8397511,840,A168_HF9F_20260827_0900,2026-08-27 09:00:00
2026-07-23,54653530,2170,0,29.6904448403,18.8469780291,18.8469780291,0.8000000,5,5,0.50128862000000000,0.501288620000,1.335882339249048,1.335882339249048,1.335882339249048,0E-17,ELIGIBLE,R03b_20260811_FULL_v1,L1_ELIGIBILITY,v2026-08-11,2026-03-21..2026-08-06,baccarat_bet02_101_all_pairs_incl_sentinel,round_win = game_pnl > 0 (decisive only),COMPATIBILITY_ONLY_NOT_PRODUCTION,53571.4227,48249.4483,483.2383,5739,5738,-0.00902045,-0.00297427,-0.01061372,-0.00902045,-483.2383,53571.4227,OK,0.0000,19.3295,4.0000,96.0000,AG03-UNRESOLVED,ALL5_LEVELS_bet23_to_bet27,19.3295,19.3295,24.1619,0.0000,0.0000,4.000000,4.000000,5.000000,0.000000,0.000000,96.000000,96.000000,95.000000,100.000000,100.000000,5.0,62.8210,60.1535,420.4173,423.0848,PENDING_AG03,FALSE,NOT_FOR_ENFORCEMENT,463.9088,46319.4703,483.2383,463.9088,19.3295,0.00902045,0.00865963,19.3295,463.9088,0.00865963,19.3295,19.3295,24.1619,0.0000,0.0000,463.9088,0.00865963,62.8210,60.1535,420.4173,423.0848,0.00784779,0.00789758,0.00036082,9.3346,8.4088,0.0842,5.5545,0.2517,615.7635,65.9540,8.3255,9.6426,5.1431,5.1891,8.2617,16.7816,25.8881,44.2602,5.1891,0.0,4.9889,8.529385,1.798876,29,193,98,2,0.20855820,0.00902045,0.00297427,0E-8,0.000000,0.900656,0.000000,0.00763944,2026-03-21,2026-08-06,87,1920,882,139,0.625899,0.863400,0.891889,0.695194,,,,,,,,GLOBAL_BASELINE_NO_ENTITY_RANKING,,,NOT_APPLICABLE_GLOBAL_BASELINE,HF9g-P5,,,,X 全窗基线 · 不参与实体赏罚,8397512,840,A168_HF9F_20260827_0900,2026-08-27 09:00:00
2026-07-23,54653530,2196,0,64.8026230862,21.5449358428,21.5449358428,0.6000000,5,5,0.50396966000000000,0.503969660000,0.4294742719815242,0.4294742719815242,0.4294742719815242,0E-17,ELIGIBLE,R03b_20260811_FULL_v1,L1_ELIGIBILITY,v2026-08-11,2026-03-21..2026-08-06,baccarat_bet02_101_all_pairs_incl_sentinel,round_win = game_pnl > 0 (decisive only),COMPATIBILITY_ONLY_NOT_PRODUCTION,53571.4227,48249.4483,483.2383,5739,5738,-0.00902045,-0.00297427,-0.01061372,-0.00902045,-483.2383,53571.4227,OK,0.0000,19.3295,4.0000,96.0000,AG03-UNRESOLVED,ALL5_LEVELS_bet23_to_bet27,19.3295,19.3295,24.1619,0.0000,0.0000,4.000000,4.000000,5.000000,0.000000,0.000000,96.000000,96.000000,95.000000,100.000000,100.000000,5.0,62.8210,60.1535,420.4173,423.0848,PENDING_AG03,FALSE,NOT_FOR_ENFORCEMENT,463.9088,46319.4703,483.2383,463.9088,19.3295,0.00902045,0.00865963,19.3295,463.9088,0.00865963,19.3295,19.3295,24.1619,0.0000,0.0000,463.9088,0.00865963,62.8210,60.1535,420.4173,423.0848,0.00784779,0.00789758,0.00036082,9.3346,8.4088,0.0842,5.5545,0.2517,615.7635,65.9540,8.3255,9.6426,5.1431,5.1891,8.2617,16.7816,25.8881,44.2602,5.1891,0.0,4.9889,8.529385,1.798876,29,193,98,2,0.20855820,0.00902045,0.00297427,0E-8,0.000000,0.900656,0.000000,0.00763944,2026-03-21,2026-08-06,87,1920,882,139,0.625899,0.863400,0.891889,0.695194,,,,,,,,GLOBAL_BASELINE_NO_ENTITY_RANKING,,,NOT_APPLICABLE_GLOBAL_BASELINE,HF9g-P5,,,,X 全窗基线 · 不参与实体赏罚,8397513,840,A168_HF9F_20260827_0900,2026-08-27 09:00:00
2026-07-23,54653530,2205,0,37.4357782769,-17.2979113417,-17.2979113417,0.2000000,5,5,0.50396966000000000,0.503969660000,-1.3594364909357963,-1.3594364909357963,-1.3594364909357963,0E-17,ELIGIBLE,R03b_20260811_FULL_v1,L1_ELIGIBILITY,v2026-08-11,2026-03-21..2026-08-06,baccarat_bet02_101_all_pairs_incl_sentinel,round_win = game_pnl > 0 (decisive only),COMPATIBILITY_ONLY_NOT_PRODUCTION,53571.4227,48249.4483,483.2383,5739,5738,-0.00902045,-0.00297427,-0.01061372,-0.00902045,-483.2383,53571.4227,OK,0.0000,19.3295,4.0000,96.0000,AG03-UNRESOLVED,ALL5_LEVELS_bet23_to_bet27,19.3295,19.3295,24.1619,0.0000,0.0000,4.000000,4.000000,5.000000,0.000000,0.000000,96.000000,96.000000,95.000000,100.000000,100.000000,5.0,62.8210,60.1535,420.4173,423.0848,PENDING_AG03,FALSE,NOT_FOR_ENFORCEMENT,463.9088,46319.4703,483.2383,463.9088,19.3295,0.00902045,0.00865963,19.3295,463.9088,0.00865963,19.3295,19.3295,24.1619,0.0000,0.0000,463.9088,0.00865963,62.8210,60.1535,420.4173,423.0848,0.00784779,0.00789758,0.00036082,9.3346,8.4088,0.0842,5.5545,0.2517,615.7635,65.9540,8.3255,9.6426,5.1431,5.1891,8.2617,16.7816,25.8881,44.2602,5.1891,0.0,4.9889,8.529385,1.798876,29,193,98,2,0.20855820,0.00902045,0.00297427,0E-8,0.000000,0.900656,0.000000,0.00763944,2026-03-21,2026-08-06,87,1920,882,139,0.625899,0.863400,0.891889,0.695194,,,,,,,,GLOBAL_BASELINE_NO_ENTITY_RANKING,,,NOT_APPLICABLE_GLOBAL_BASELINE,HF9g-P5,,,,X 全窗基线 · 不参与实体赏罚,8397514,840,A168_HF9F_20260827_0900,2026-08-27 09:00:00
2026-07-23,54653530,2216,0,31.2395115276,-3.0464978184,-3.0464978184,0.5000000,2,2,0.50665070000000000,0.506650700000,-0.018812684590367487,-0.018812684590367487,-0.018812684590367487,0E-17,ELIGIBLE,R03b_20260811_FULL_v1,L1_ELIGIBILITY,v2026-08-11,2026-03-21..2026-08-06,baccarat_bet02_101_all_pairs_incl_sentinel,round_win = game_pnl > 0 (decisive only),COMPATIBILITY_ONLY_NOT_PRODUCTION,53571.4227,48249.4483,483.2383,5739,5738,-0.00902045,-0.00297427,-0.01061372,-0.00902045,-483.2383,53571.4227,OK,0.0000,19.3295,4.0000,96.0000,AG03-UNRESOLVED,ALL5_LEVELS_bet23_to_bet27,19.3295,19.3295,24.1619,0.0000,0.0000,4.000000,4.000000,5.000000,0.000000,0.000000,96.000000,96.000000,95.000000,100.000000,100.000000,5.0,62.8210,60.1535,420.4173,423.0848,PENDING_AG03,FALSE,NOT_FOR_ENFORCEMENT,463.9088,46319.4703,483.2383,463.9088,19.3295,0.00902045,0.00865963,19.3295,463.9088,0.00865963,19.3295,19.3295,24.1619,0.0000,0.0000,463.9088,0.00865963,62.8210,60.1535,420.4173,423.0848,0.00784779,0.00789758,0.00036082,9.3346,8.4088,0.0842,5.5545,0.2517,615.7635,65.9540,8.3255,9.6426,5.1431,5.1891,8.2617,16.7816,25.8881,44.2602,5.1891,0.0,4.9889,8.529385,1.798876,29,193,98,2,0.20855820,0.00902045,0.00297427,0E-8,0.000000,0.900656,0.000000,0.00763944,2026-03-21,2026-08-06,87,1920,882,139,0.625899,0.863400,0.891889,0.695194,,,,,,,,GLOBAL_BASELINE_NO_ENTITY_RANKING,,,NOT_APPLICABLE_GLOBAL_BASELINE,HF9g-P5,,,,X 全窗基线 · 不参与实体赏罚,8397515,840,A168_HF9F_20260827_0900,2026-08-27 09:00:00
2026-07-23,54653530,2223,0,65.5771564298,-10.2238401363,-10.2238401363,0.2500000,7,7,0.50665070000000000,0.506650700000,-1.0266936290537745,-1.0266936290537745,-1.0266936290537745,0E-17,ELIGIBLE,R03b_20260811_FULL_v1,L1_ELIGIBILITY,v2026-08-11,2026-03-21..2026-08-06,baccarat_bet02_101_all_pairs_incl_sentinel,round_win = game_pnl > 0 (decisive only),COMPATIBILITY_ONLY_NOT_PRODUCTION,53571.4227,48249.4483,483.2383,5739,5738,-0.00902045,-0.00297427,-0.01061372,-0.00902045,-483.2383,53571.4227,OK,0.0000,19.3295,4.0000,96.0000,AG03-UNRESOLVED,ALL5_LEVELS_bet23_to_bet27,19.3295,19.3295,24.1619,0.0000,0.0000,4.000000,4.000000,5.000000,0.000000,0.000000,96.000000,96.000000,95.000000,100.000000,100.000000,5.0,62.8210,60.1535,420.4173,423.0848,PENDING_AG03,FALSE,NOT_FOR_ENFORCEMENT,463.9088,46319.4703,483.2383,463.9088,19.3295,0.00902045,0.00865963,19.3295,463.9088,0.00865963,19.3295,19.3295,24.1619,0.0000,0.0000,463.9088,0.00865963,62.8210,60.1535,420.4173,423.0848,0.00784779,0.00789758,0.00036082,9.3346,8.4088,0.0842,5.5545,0.2517,615.7635,65.9540,8.3255,9.6426,5.1431,5.1891,8.2617,16.7816,25.8881,44.2602,5.1891,0.0,4.9889,8.529385,1.798876,29,193,98,2,0.20855820,0.00902045,0.00297427,0E-8,0.000000,0.900656,0.000000,0.00763944,2026-03-21,2026-08-06,87,1920,882,139,0.625899,0.863400,0.891889,0.695194,,,,,,,,GLOBAL_BASELINE_NO_ENTITY_RANKING,,,NOT_APPLICABLE_GLOBAL_BASELINE,HF9g-P5,,,,X 全窗基线 · 不参与实体赏罚,8397516,840,A168_HF9F_20260827_0900,2026-08-27 09:00:00
2026-07-23,54653530,598,0,19.3633335915,18.3951669119,18.3951669119,1.0000000,1,1,0.50665070000000000,0.506650700000,0.9867858985152569,0.9867858985152569,0.9867858985152569,0E-17,ELIGIBLE,R03b_20260811_FULL_v1,L1_ELIGIBILITY,v2026-08-11,2026-03-21..2026-08-06,baccarat_bet02_101_all_pairs_incl_sentinel,round_win = game_pnl > 0 (decisive only),COMPATIBILITY_ONLY_NOT_PRODUCTION,53571.4227,48249.4483,483.2383,5739,5738,-0.00902045,-0.00297427,-0.01061372,-0.00902045,-483.2383,53571.4227,OK,0.0000,19.3295,4.0000,96.0000,AG03-UNRESOLVED,ALL5_LEVELS_bet23_to_bet27,19.3295,19.3295,24.1619,0.0000,0.0000,4.000000,4.000000,5.000000,0.000000,0.000000,96.000000,96.000000,95.000000,100.000000,100.000000,5.0,62.8210,60.1535,420.4173,423.0848,PENDING_AG03,FALSE,NOT_FOR_ENFORCEMENT,463.9088,46319.4703,483.2383,463.9088,19.3295,0.00902045,0.00865963,19.3295,463.9088,0.00865963,19.3295,19.3295,24.1619,0.0000,0.0000,463.9088,0.00865963,62.8210,60.1535,420.4173,423.0848,0.00784779,0.00789758,0.00036082,9.3346,8.4088,0.0842,5.5545,0.2517,615.7635,65.9540,8.3255,9.6426,5.1431,5.1891,8.2617,16.7816,25.8881,44.2602,5.1891,0.0,4.9889,8.529385,1.798876,29,193,98,2,0.20855820,0.00902045,0.00297427,0E-8,0.000000,0.900656,0.000000,0.00763944,2026-03-21,2026-08-06,87,1920,882,139,0.625899,0.863400,0.891889,0.695194,,,,,,,,GLOBAL_BASELINE_NO_ENTITY_RANKING,,,NOT_APPLICABLE_GLOBAL_BASELINE,HF9g-P5,,,,X 全窗基线 · 不参与实体赏罚,8397517,840,A168_HF9F_20260827_0900,2026-08-27 09:00:00
2026-07-23,54653530,752,0,14.1997779671,3.4208556012,3.4208556012,0.5000000,2,2,0.50665070000000000,0.506650700000,-0.018812684590367487,-0.018812684590367487,-0.018812684590367487,0E-17,ELIGIBLE,R03b_20260811_FULL_v1,L1_ELIGIBILITY,v2026-08-11,2026-03-21..2026-08-06,baccarat_bet02_101_all_pairs_incl_sentinel,round_win = game_pnl > 0 (decisive only),COMPATIBILITY_ONLY_NOT_PRODUCTION,53571.4227,48249.4483,483.2383,5739,5738,-0.00902045,-0.00297427,-0.01061372,-0.00902045,-483.2383,53571.4227,OK,0.0000,19.3295,4.0000,96.0000,AG03-UNRESOLVED,ALL5_LEVELS_bet23_to_bet27,19.3295,19.3295,24.1619,0.0000,0.0000,4.000000,4.000000,5.000000,0.000000,0.000000,96.000000,96.000000,95.000000,100.000000,100.000000,5.0,62.8210,60.1535,420.4173,423.0848,PENDING_AG03,FALSE,NOT_FOR_ENFORCEMENT,463.9088,46319.4703,483.2383,463.9088,19.3295,0.00902045,0.00865963,19.3295,463.9088,0.00865963,19.3295,19.3295,24.1619,0.0000,0.0000,463.9088,0.00865963,62.8210,60.1535,420.4173,423.0848,0.00784779,0.00789758,0.00036082,9.3346,8.4088,0.0842,5.5545,0.2517,615.7635,65.9540,8.3255,9.6426,5.1431,5.1891,8.2617,16.7816,25.8881,44.2602,5.1891,0.0,4.9889,8.529385,1.798876,29,193,98,2,0.20855820,0.00902045,0.00297427,0E-8,0.000000,0.900656,0.000000,0.00763944,2026-03-21,2026-08-06,87,1920,882,139,0.625899,0.863400,0.891889,0.695194,,,,,,,,GLOBAL_BASELINE_NO_ENTITY_RANKING,,,NOT_APPLICABLE_GLOBAL_BASELINE,HF9g-P5,,,,X 全窗基线 · 不参与实体赏罚,8397518,840,A168_HF9F_20260827_0900,2026-08-27 09:00:00
2026-07-23,54653530,772,0,30.4649781839,2.7625022591,2.7625022591,0.3333333,3,3,0.50665070000000000,0.506650700000,-0.6004420894325239,-0.6004420894325239,-0.6004420894325239,0E-17,ELIGIBLE,R03b_20260811_FULL_v1,L1_ELIGIBILITY,v2026-08-11,2026-03-21..2026-08-06,baccarat_bet02_101_all_pairs_incl_sentinel,round_win = game_pnl > 0 (decisive only),COMPATIBILITY_ONLY_NOT_PRODUCTION,53571.4227,48249.4483,483.2383,5739,5738,-0.00902045,-0.00297427,-0.01061372,-0.00902045,-483.2383,53571.4227,OK,0.0000,19.3295,4.0000,96.0000,AG03-UNRESOLVED,ALL5_LEVELS_bet23_to_bet27,19.3295,19.3295,24.1619,0.0000,0.0000,4.000000,4.000000,5.000000,0.000000,0.000000,96.000000,96.000000,95.000000,100.000000,100.000000,5.0,62.8210,60.1535,420.4173,423.0848,PENDING_AG03,FALSE,NOT_FOR_ENFORCEMENT,463.9088,46319.4703,483.2383,463.9088,19.3295,0.00902045,0.00865963,19.3295,463.9088,0.00865963,19.3295,19.3295,24.1619,0.0000,0.0000,463.9088,0.00865963,62.8210,60.1535,420.4173,423.0848,0.00784779,0.00789758,0.00036082,9.3346,8.4088,0.0842,5.5545,0.2517,615.7635,65.9540,8.3255,9.6426,5.1431,5.1891,8.2617,16.7816,25.8881,44.2602,5.1891,0.0,4.9889,8.529385,1.798876,29,193,98,2,0.20855820,0.00902045,0.00297427,0E-8,0.000000,0.900656,0.000000,0.00763944,2026-03-21,2026-08-06,87,1920,882,139,0.625899,0.863400,0.891889,0.695194,,,,,,,,GLOBAL_BASELINE_NO_ENTITY_RANKING,,,NOT_APPLICABLE_GLOBAL_BASELINE,HF9g-P5,,,,X 全窗基线 · 不参与实体赏罚,8397519,840,A168_HF9F_20260827_0900,2026-08-27 09:00:00
2026-07-23,54653530,987,0,5.1635556244,4.9053778432,4.9053778432,1.0000000,1,1,0.50665070000000000,0.506650700000,0.9867858985152569,0.9867858985152569,0.9867858985152569,0E-17,ELIGIBLE,R03b_20260811_FULL_v1,L1_ELIGIBILITY,v2026-08-11,2026-03-21..2026-08-06,baccarat_bet02_101_all_pairs_incl_sentinel,round_win = game_pnl > 0 (decisive only),COMPATIBILITY_ONLY_NOT_PRODUCTION,53571.4227,48249.4483,483.2383,5739,5738,-0.00902045,-0.00297427,-0.01061372,-0.00902045,-483.2383,53571.4227,OK,0.0000,19.3295,4.0000,96.0000,AG03-UNRESOLVED,ALL5_LEVELS_bet23_to_bet27,19.3295,19.3295,24.1619,0.0000,0.0000,4.000000,4.000000,5.000000,0.000000,0.000000,96.000000,96.000000,95.000000,100.000000,100.000000,5.0,62.8210,60.1535,420.4173,423.0848,PENDING_AG03,FALSE,NOT_FOR_ENFORCEMENT,463.9088,46319.4703,483.2383,463.9088,19.3295,0.00902045,0.00865963,19.3295,463.9088,0.00865963,19.3295,19.3295,24.1619,0.0000,0.0000,463.9088,0.00865963,62.8210,60.1535,420.4173,423.0848,0.00784779,0.00789758,0.00036082,9.3346,8.4088,0.0842,5.5545,0.2517,615.7635,65.9540,8.3255,9.6426,5.1431,5.1891,8.2617,16.7816,25.8881,44.2602,5.1891,0.0,4.9889,8.529385,1.798876,29,193,98,2,0.20855820,0.00902045,0.00297427,0E-8,0.000000,0.900656,0.000000,0.00763944,2026-03-21,2026-08-06,87,1920,882,139,0.625899,0.863400,0.891889,0.695194,,,,,,,,GLOBAL_BASELINE_NO_ENTITY_RANKING,,,NOT_APPLICABLE_GLOBAL_BASELINE,HF9g-P5,,,,X 全窗基线 · 不参与实体赏罚,8397520,840,A168_HF9F_20260827_0900,2026-08-27 09:00:00
2026-07-24,54653530,-1,1,28.3995559342,12.2634446080,12.2634446080,0.7500000,5,5,0.50128862000000000,0.501288620000,0.9948488239810122,0.9948488239810122,0.9948488239810122,0E-17,SENTINEL_DEALER,R03b_20260811_FULL_v1,L1_ELIGIBILITY,v2026-08-11,2026-03-21..2026-08-06,baccarat_bet02_101_all_pairs_incl_sentinel,round_win = game_pnl > 0 (decisive only),COMPATIBILITY_ONLY_NOT_PRODUCTION,53571.4227,48249.4483,483.2383,5739,5738,-0.00902045,-0.00297427,-0.01061372,-0.00902045,-483.2383,53571.4227,OK,0.0000,19.3295,4.0000,96.0000,AG03-UNRESOLVED,ALL5_LEVELS_bet23_to_bet27,19.3295,19.3295,24.1619,0.0000,0.0000,4.000000,4.000000,5.000000,0.000000,0.000000,96.000000,96.000000,95.000000,100.000000,100.000000,5.0,62.8210,60.1535,420.4173,423.0848,PENDING_AG03,FALSE,NOT_FOR_ENFORCEMENT,463.9088,46319.4703,483.2383,463.9088,19.3295,0.00902045,0.00865963,19.3295,463.9088,0.00865963,19.3295,19.3295,24.1619,0.0000,0.0000,463.9088,0.00865963,62.8210,60.1535,420.4173,423.0848,0.00784779,0.00789758,0.00036082,9.3346,8.4088,0.0842,5.5545,0.2517,615.7635,65.9540,8.3255,9.6426,5.1431,5.1891,8.2617,16.7816,25.8881,44.2602,5.1891,0.0,4.9889,8.529385,1.798876,29,193,98,2,0.20855820,0.00902045,0.00297427,0E-8,0.000000,0.900656,0.000000,0.00763944,2026-03-21,2026-08-06,87,1920,882,139,0.625899,0.863400,0.891889,0.695194,,,,,,,,GLOBAL_BASELINE_NO_ENTITY_RANKING,,,NOT_APPLICABLE_GLOBAL_BASELINE,HF9g-P5,,,,X 全窗基线 · 不参与实体赏罚,8397521,840,A168_HF9F_20260827_0900,2026-08-27 09:00:00
2026-07-24,54653530,1094,0,5.1635556244,4.9053778432,4.9053778432,1.0000000,1,1,0.50665070000000000,0.506650700000,0.9867858985152569,0.9867858985152569,0.9867858985152569,0E-17,ELIGIBLE,R03b_20260811_FULL_v1,L1_ELIGIBILITY,v2026-08-11,2026-03-21..2026-08-06,baccarat_bet02_101_all_pairs_incl_sentinel,round_win = game_pnl > 0 (decisive only),COMPATIBILITY_ONLY_NOT_PRODUCTION,53571.4227,48249.4483,483.2383,5739,5738,-0.00902045,-0.00297427,-0.01061372,-0.00902045,-483.2383,53571.4227,OK,0.0000,19.3295,4.0000,96.0000,AG03-UNRESOLVED,ALL5_LEVELS_bet23_to_bet27,19.3295,19.3295,24.1619,0.0000,0.0000,4.000000,4.000000,5.000000,0.000000,0.000000,96.000000,96.000000,95.000000,100.000000,100.000000,5.0,62.8210,60.1535,420.4173,423.0848,PENDING_AG03,FALSE,NOT_FOR_ENFORCEMENT,463.9088,46319.4703,483.2383,463.9088,19.3295,0.00902045,0.00865963,19.3295,463.9088,0.00865963,19.3295,19.3295,24.1619,0.0000,0.0000,463.9088,0.00865963,62.8210,60.1535,420.4173,423.0848,0.00784779,0.00789758,0.00036082,9.3346,8.4088,0.0842,5.5545,0.2517,615.7635,65.9540,8.3255,9.6426,5.1431,5.1891,8.2617,16.7816,25.8881,44.2602,5.1891,0.0,4.9889,8.529385,1.798876,29,193,98,2,0.20855820,0.00902045,0.00297427,0E-8,0.000000,0.900656,0.000000,0.00763944,2026-03-21,2026-08-06,87,1920,882,139,0.625899,0.863400,0.891889,0.695194,,,,,,,,GLOBAL_BASELINE_NO_ENTITY_RANKING,,,NOT_APPLICABLE_GLOBAL_BASELINE,HF9g-P5,,,,X 全窗基线 · 不参与实体赏罚,8397522,840,A168_HF9F_20260827_0900,2026-08-27 09:00:00
2026-07-24,54653530,1205,0,7.7453334366,7.3580667648,7.3580667648,1.0000000,1,1,0.50665070000000000,0.506650700000,0.9867858985152569,0.9867858985152569,0.9867858985152569,0E-17,ELIGIBLE,R03b_20260811_FULL_v1,L1_ELIGIBILITY,v2026-08-11,2026-03-21..2026-08-06,baccarat_bet02_101_all_pairs_incl_sentinel,round_win = game_pnl > 0 (decisive only),COMPATIBILITY_ONLY_NOT_PRODUCTION,53571.4227,48249.4483,483.2383,5739,5738,-0.00902045,-0.00297427,-0.01061372,-0.00902045,-483.2383,53571.4227,OK,0.0000,19.3295,4.0000,96.0000,AG03-UNRESOLVED,ALL5_LEVELS_bet23_to_bet27,19.3295,19.3295,24.1619,0.0000,0.0000,4.000000,4.000000,5.000000,0.000000,0.000000,96.000000,96.000000,95.000000,100.000000,100.000000,5.0,62.8210,60.1535,420.4173,423.0848,PENDING_AG03,FALSE,NOT_FOR_ENFORCEMENT,463.9088,46319.4703,483.2383,463.9088,19.3295,0.00902045,0.00865963,19.3295,463.9088,0.00865963,19.3295,19.3295,24.1619,0.0000,0.0000,463.9088,0.00865963,62.8210,60.1535,420.4173,423.0848,0.00784779,0.00789758,0.00036082,9.3346,8.4088,0.0842,5.5545,0.2517,615.7635,65.9540,8.3255,9.6426,5.1431,5.1891,8.2617,16.7816,25.8881,44.2602,5.1891,0.0,4.9889,8.529385,1.798876,29,193,98,2,0.20855820,0.00902045,0.00297427,0E-8,0.000000,0.900656,0.000000,0.00763944,2026-03-21,2026-08-06,87,1920,882,139,0.625899,0.863400,0.891889,0.695194,,,,,,,,GLOBAL_BASELINE_NO_ENTITY_RANKING,,,NOT_APPLICABLE_GLOBAL_BASELINE,HF9g-P5,,,,X 全窗基线 · 不参与实体赏罚,8397523,840,A168_HF9F_20260827_0900,2026-08-27 09:00:00
2026-07-24,54653530,1210,0,15.4906668732,4.6472000620,4.6472000620,0.6666667,3,3,0.50218230000000000,0.502182300000,0.5697959874915163,0.5697959874915164,0.5697959874915163,0E-17,ELIGIBLE,R03b_20260811_FULL_v1,L1_ELIGIBILITY,v2026-08-11,2026-03-21..2026-08-06,baccarat_bet02_101_all_pairs_incl_sentinel,round_win = game_pnl > 0 (decisive only),COMPATIBILITY_ONLY_NOT_PRODUCTION,53571.4227,48249.4483,483.2383,5739,5738,-0.00902045,-0.00297427,-0.01061372,-0.00902045,-483.2383,53571.4227,OK,0.0000,19.3295,4.0000,96.0000,AG03-UNRESOLVED,ALL5_LEVELS_bet23_to_bet27,19.3295,19.3295,24.1619,0.0000,0.0000,4.000000,4.000000,5.000000,0.000000,0.000000,96.000000,96.000000,95.000000,100.000000,100.000000,5.0,62.8210,60.1535,420.4173,423.0848,PENDING_AG03,FALSE,NOT_FOR_ENFORCEMENT,463.9088,46319.4703,483.2383,463.9088,19.3295,0.00902045,0.00865963,19.3295,463.9088,0.00865963,19.3295,19.3295,24.1619,0.0000,0.0000,463.9088,0.00865963,62.8210,60.1535,420.4173,423.0848,0.00784779,0.00789758,0.00036082,9.3346,8.4088,0.0842,5.5545,0.2517,615.7635,65.9540,8.3255,9.6426,5.1431,5.1891,8.2617,16.7816,25.8881,44.2602,5.1891,0.0,4.9889,8.529385,1.798876,29,193,98,2,0.20855820,0.00902045,0.00297427,0E-8,0.000000,0.900656,0.000000,0.00763944,2026-03-21,2026-08-06,87,1920,882,139,0.625899,0.863400,0.891889,0.695194,,,,,,,,GLOBAL_BASELINE_NO_ENTITY_RANKING,,,NOT_APPLICABLE_GLOBAL_BASELINE,HF9g-P5,,,,X 全窗基线 · 不参与实体赏罚,8397524,840,A168_HF9F_20260827_0900,2026-08-27 09:00:00
2026-07-24,54653530,1299,0,66.6098675548,-21.2996669506,-21.2996669506,0.5000000,8,8,0.50329940000000000,0.503299400000,-0.018664631283057894,-0.018664631283057894,-0.018664631283057894,0E-17,ELIGIBLE,R03b_20260811_FULL_v1,L1_ELIGIBILITY,v2026-08-11,2026-03-21..2026-08-06,baccarat_bet02_101_all_pairs_incl_sentinel,round_win = game_pnl > 0 (decisive only),COMPATIBILITY_ONLY_NOT_PRODUCTION,53571.4227,48249.4483,483.2383,5739,5738,-0.00902045,-0.00297427,-0.01061372,-0.00902045,-483.2383,53571.4227,OK,0.0000,19.3295,4.0000,96.0000,AG03-UNRESOLVED,ALL5_LEVELS_bet23_to_bet27,19.3295,19.3295,24.1619,0.0000,0.0000,4.000000,4.000000,5.000000,0.000000,0.000000,96.000000,96.000000,95.000000,100.000000,100.000000,5.0,62.8210,60.1535,420.4173,423.0848,PENDING_AG03,FALSE,NOT_FOR_ENFORCEMENT,463.9088,46319.4703,483.2383,463.9088,19.3295,0.00902045,0.00865963,19.3295,463.9088,0.00865963,19.3295,19.3295,24.1619,0.0000,0.0000,463.9088,0.00865963,62.8210,60.1535,420.4173,423.0848,0.00784779,0.00789758,0.00036082,9.3346,8.4088,0.0842,5.5545,0.2517,615.7635,65.9540,8.3255,9.6426,5.1431,5.1891,8.2617,16.7816,25.8881,44.2602,5.1891,0.0,4.9889,8.529385,1.798876,29,193,98,2,0.20855820,0.00902045,0.00297427,0E-8,0.000000,0.900656,0.000000,0.00763944,2026-03-21,2026-08-06,87,1920,882,139,0.625899,0.863400,0.891889,0.695194,,,,,,,,GLOBAL_BASELINE_NO_ENTITY_RANKING,,,NOT_APPLICABLE_GLOBAL_BASELINE,HF9g-P5,,,,X 全窗基线 · 不参与实体赏罚,8397525,840,A168_HF9F_20260827_0900,2026-08-27 09:00:00
2026-07-24,54653530,1323,0,5.1635556244,4.9053778432,4.9053778432,1.0000000,1,1,0.50665070000000000,0.506650700000,0.9867858985152569,0.9867858985152569,0.9867858985152569,0E-17,ELIGIBLE,R03b_20260811_FULL_v1,L1_ELIGIBILITY,v2026-08-11,2026-03-21..2026-08-06,baccarat_bet02_101_all_pairs_incl_sentinel,round_win = game_pnl > 0 (decisive only),COMPATIBILITY_ONLY_NOT_PRODUCTION,53571.4227,48249.4483,483.2383,5739,5738,-0.00902045,-0.00297427,-0.01061372,-0.00902045,-483.2383,53571.4227,OK,0.0000,19.3295,4.0000,96.0000,AG03-UNRESOLVED,ALL5_LEVELS_bet23_to_bet27,19.3295,19.3295,24.1619,0.0000,0.0000,4.000000,4.000000,5.000000,0.000000,0.000000,96.000000,96.000000,95.000000,100.000000,100.000000,5.0,62.8210,60.1535,420.4173,423.0848,PENDING_AG03,FALSE,NOT_FOR_ENFORCEMENT,463.9088,46319.4703,483.2383,463.9088,19.3295,0.00902045,0.00865963,19.3295,463.9088,0.00865963,19.3295,19.3295,24.1619,0.0000,0.0000,463.9088,0.00865963,62.8210,60.1535,420.4173,423.0848,0.00784779,0.00789758,0.00036082,9.3346,8.4088,0.0842,5.5545,0.2517,615.7635,65.9540,8.3255,9.6426,5.1431,5.1891,8.2617,16.7816,25.8881,44.2602,5.1891,0.0,4.9889,8.529385,1.798876,29,193,98,2,0.20855820,0.00902045,0.00297427,0E-8,0.000000,0.900656,0.000000,0.00763944,2026-03-21,2026-08-06,87,1920,882,139,0.625899,0.863400,0.891889,0.695194,,,,,,,,GLOBAL_BASELINE_NO_ENTITY_RANKING,,,NOT_APPLICABLE_GLOBAL_BASELINE,HF9g-P5,,,,X 全窗基线 · 不参与实体赏罚,8397526,840,A168_HF9F_20260827_0900,2026-08-27 09:00:00
2026-07-24,54653530,1353,0,20.9124002788,10.1851134691,10.1851134691,0.6666667,3,3,0.49771390000000000,0.497713900000,0.5852756695216578,0.5852756695216578,0.5852756695216578,0E-17,ELIGIBLE,R03b_20260811_FULL_v1,L1_ELIGIBILITY,v2026-08-11,2026-03-21..2026-08-06,baccarat_bet02_101_all_pairs_incl_sentinel,round_win = game_pnl > 0 (decisive only),COMPATIBILITY_ONLY_NOT_PRODUCTION,53571.4227,48249.4483,483.2383,5739,5738,-0.00902045,-0.00297427,-0.01061372,-0.00902045,-483.2383,53571.4227,OK,0.0000,19.3295,4.0000,96.0000,AG03-UNRESOLVED,ALL5_LEVELS_bet23_to_bet27,19.3295,19.3295,24.1619,0.0000,0.0000,4.000000,4.000000,5.000000,0.000000,0.000000,96.000000,96.000000,95.000000,100.000000,100.000000,5.0,62.8210,60.1535,420.4173,423.0848,PENDING_AG03,FALSE,NOT_FOR_ENFORCEMENT,463.9088,46319.4703,483.2383,463.9088,19.3295,0.00902045,0.00865963,19.3295,463.9088,0.00865963,19.3295,19.3295,24.1619,0.0000,0.0000,463.9088,0.00865963,62.8210,60.1535,420.4173,423.0848,0.00784779,0.00789758,0.00036082,9.3346,8.4088,0.0842,5.5545,0.2517,615.7635,65.9540,8.3255,9.6426,5.1431,5.1891,8.2617,16.7816,25.8881,44.2602,5.1891,0.0,4.9889,8.529385,1.798876,29,193,98,2,0.20855820,0.00902045,0.00297427,0E-8,0.000000,0.900656,0.000000,0.00763944,2026-03-21,2026-08-06,87,1920,882,139,0.625899,0.863400,0.891889,0.695194,,,,,,,,GLOBAL_BASELINE_NO_ENTITY_RANKING,,,NOT_APPLICABLE_GLOBAL_BASELINE,HF9g-P5,,,,X 全窗基线 · 不参与实体赏罚,8397527,840,A168_HF9F_20260827_0900,2026-08-27 09:00:00
2026-07-24,54653530,1363,0,96.8166679575,-2.5172333668,-2.5172333668,0.4666667,15,15,0.49860758000000000,0.498607580000,-0.24741421019706558,-0.24741421019706558,-0.24741421019706558,0E-17,ELIGIBLE,R03b_20260811_FULL_v1,L1_ELIGIBILITY,v2026-08-11,2026-03-21..2026-08-06,baccarat_bet02_101_all_pairs_incl_sentinel,round_win = game_pnl > 0 (decisive only),COMPATIBILITY_ONLY_NOT_PRODUCTION,53571.4227,48249.4483,483.2383,5739,5738,-0.00902045,-0.00297427,-0.01061372,-0.00902045,-483.2383,53571.4227,OK,0.0000,19.3295,4.0000,96.0000,AG03-UNRESOLVED,ALL5_LEVELS_bet23_to_bet27,19.3295,19.3295,24.1619,0.0000,0.0000,4.000000,4.000000,5.000000,0.000000,0.000000,96.000000,96.000000,95.000000,100.000000,100.000000,5.0,62.8210,60.1535,420.4173,423.0848,PENDING_AG03,FALSE,NOT_FOR_ENFORCEMENT,463.9088,46319.4703,483.2383,463.9088,19.3295,0.00902045,0.00865963,19.3295,463.9088,0.00865963,19.3295,19.3295,24.1619,0.0000,0.0000,463.9088,0.00865963,62.8210,60.1535,420.4173,423.0848,0.00784779,0.00789758,0.00036082,9.3346,8.4088,0.0842,5.5545,0.2517,615.7635,65.9540,8.3255,9.6426,5.1431,5.1891,8.2617,16.7816,25.8881,44.2602,5.1891,0.0,4.9889,8.529385,1.798876,29,193,98,2,0.20855820,0.00902045,0.00297427,0E-8,0.000000,0.900656,0.000000,0.00763944,2026-03-21,2026-08-06,87,1920,882,139,0.625899,0.863400,0.891889,0.695194,,,,,,,,GLOBAL_BASELINE_NO_ENTITY_RANKING,,,NOT_APPLICABLE_GLOBAL_BASELINE,HF9g-P5,,,,X 全窗基线 · 不参与实体赏罚,8397528,840,A168_HF9F_20260827_0900,2026-08-27 09:00:00
2026-07-24,54653530,1401,0,70.7407120543,22.9261869724,22.9261869724,0.6000000,10,10,0.49860758000000000,0.498607580000,0.6412644559676035,0.6412644559676035,0.6412644559676035,0E-17,ELIGIBLE,R03b_20260811_FULL_v1,L1_ELIGIBILITY,v2026-08-11,2026-03-21..2026-08-06,baccarat_bet02_101_all_pairs_incl_sentinel,round_win = game_pnl > 0 (decisive only),COMPATIBILITY_ONLY_NOT_PRODUCTION,53571.4227,48249.4483,483.2383,5739,5738,-0.00902045,-0.00297427,-0.01061372,-0.00902045,-483.2383,53571.4227,OK,0.0000,19.3295,4.0000,96.0000,AG03-UNRESOLVED,ALL5_LEVELS_bet23_to_bet27,19.3295,19.3295,24.1619,0.0000,0.0000,4.000000,4.000000,5.000000,0.000000,0.000000,96.000000,96.000000,95.000000,100.000000,100.000000,5.0,62.8210,60.1535,420.4173,423.0848,PENDING_AG03,FALSE,NOT_FOR_ENFORCEMENT,463.9088,46319.4703,483.2383,463.9088,19.3295,0.00902045,0.00865963,19.3295,463.9088,0.00865963,19.3295,19.3295,24.1619,0.0000,0.0000,463.9088,0.00865963,62.8210,60.1535,420.4173,423.0848,0.00784779,0.00789758,0.00036082,9.3346,8.4088,0.0842,5.5545,0.2517,615.7635,65.9540,8.3255,9.6426,5.1431,5.1891,8.2617,16.7816,25.8881,44.2602,5.1891,0.0,4.9889,8.529385,1.798876,29,193,98,2,0.20855820,0.00902045,0.00297427,0E-8,0.000000,0.900656,0.000000,0.00763944,2026-03-21,2026-08-06,87,1920,882,139,0.625899,0.863400,0.891889,0.695194,,,,,,,,GLOBAL_BASELINE_NO_ENTITY_RANKING,,,NOT_APPLICABLE_GLOBAL_BASELINE,HF9g-P5,,,,X 全窗基线 · 不参与实体赏罚,8397529,840,A168_HF9F_20260827_0900,2026-08-27 09:00:00
2026-07-24,54653530,1402,0,38.9848449641,-30.7231559651,-30.7231559651,0E-7,4,4,0.50665070000000000,0.506650700000,-1.7552447903592512,-1.7552447903592512,-1.7552447903592512,0E-17,ELIGIBLE,R03b_20260811_FULL_v1,L1_ELIGIBILITY,v2026-08-11,2026-03-21..2026-08-06,baccarat_bet02_101_all_pairs_incl_sentinel,round_win = game_pnl > 0 (decisive only),COMPATIBILITY_ONLY_NOT_PRODUCTION,53571.4227,48249.4483,483.2383,5739,5738,-0.00902045,-0.00297427,-0.01061372,-0.00902045,-483.2383,53571.4227,OK,0.0000,19.3295,4.0000,96.0000,AG03-UNRESOLVED,ALL5_LEVELS_bet23_to_bet27,19.3295,19.3295,24.1619,0.0000,0.0000,4.000000,4.000000,5.000000,0.000000,0.000000,96.000000,96.000000,95.000000,100.000000,100.000000,5.0,62.8210,60.1535,420.4173,423.0848,PENDING_AG03,FALSE,NOT_FOR_ENFORCEMENT,463.9088,46319.4703,483.2383,463.9088,19.3295,0.00902045,0.00865963,19.3295,463.9088,0.00865963,19.3295,19.3295,24.1619,0.0000,0.0000,463.9088,0.00865963,62.8210,60.1535,420.4173,423.0848,0.00784779,0.00789758,0.00036082,9.3346,8.4088,0.0842,5.5545,0.2517,615.7635,65.9540,8.3255,9.6426,5.1431,5.1891,8.2617,16.7816,25.8881,44.2602,5.1891,0.0,4.9889,8.529385,1.798876,29,193,98,2,0.20855820,0.00902045,0.00297427,0E-8,0.000000,0.900656,0.000000,0.00763944,2026-03-21,2026-08-06,87,1920,882,139,0.625899,0.863400,0.891889,0.695194,,,,,,,,GLOBAL_BASELINE_NO_ENTITY_RANKING,,,NOT_APPLICABLE_GLOBAL_BASELINE,HF9g-P5,,,,X 全窗基线 · 不参与实体赏罚,8397530,840,A168_HF9F_20260827_0900,2026-08-27 09:00:00
2026-07-24,54653530,1490,0,12.9088890610,2.5817778122,2.5817778122,0.5000000,2,2,0.49324550000000000,0.493245500000,0.01910635448239258,0.01910635448239258,0.01910635448239258,0E-17,ELIGIBLE,R03b_20260811_FULL_v1,L1_ELIGIBILITY,v2026-08-11,2026-03-21..2026-08-06,baccarat_bet02_101_all_pairs_incl_sentinel,round_win = game_pnl > 0 (decisive only),COMPATIBILITY_ONLY_NOT_PRODUCTION,53571.4227,48249.4483,483.2383,5739,5738,-0.00902045,-0.00297427,-0.01061372,-0.00902045,-483.2383,53571.4227,OK,0.0000,19.3295,4.0000,96.0000,AG03-UNRESOLVED,ALL5_LEVELS_bet23_to_bet27,19.3295,19.3295,24.1619,0.0000,0.0000,4.000000,4.000000,5.000000,0.000000,0.000000,96.000000,96.000000,95.000000,100.000000,100.000000,5.0,62.8210,60.1535,420.4173,423.0848,PENDING_AG03,FALSE,NOT_FOR_ENFORCEMENT,463.9088,46319.4703,483.2383,463.9088,19.3295,0.00902045,0.00865963,19.3295,463.9088,0.00865963,19.3295,19.3295,24.1619,0.0000,0.0000,463.9088,0.00865963,62.8210,60.1535,420.4173,423.0848,0.00784779,0.00789758,0.00036082,9.3346,8.4088,0.0842,5.5545,0.2517,615.7635,65.9540,8.3255,9.6426,5.1431,5.1891,8.2617,16.7816,25.8881,44.2602,5.1891,0.0,4.9889,8.529385,1.798876,29,193,98,2,0.20855820,0.00902045,0.00297427,0E-8,0.000000,0.900656,0.000000,0.00763944,2026-03-21,2026-08-06,87,1920,882,139,0.625899,0.863400,0.891889,0.695194,,,,,,,,GLOBAL_BASELINE_NO_ENTITY_RANKING,,,NOT_APPLICABLE_GLOBAL_BASELINE,HF9g-P5,,,,X 全窗基线 · 不参与实体赏罚,8397531,840,A168_HF9F_20260827_0900,2026-08-27 09:00:00
2026-07-24,54653530,1934,0,5.1635556244,4.9053778432,4.9053778432,1.0000000,1,1,0.50665070000000000,0.506650700000,0.9867858985152569,0.9867858985152569,0.9867858985152569,0E-17,ELIGIBLE,R03b_20260811_FULL_v1,L1_ELIGIBILITY,v2026-08-11,2026-03-21..2026-08-06,baccarat_bet02_101_all_pairs_incl_sentinel,round_win = game_pnl > 0 (decisive only),COMPATIBILITY_ONLY_NOT_PRODUCTION,53571.4227,48249.4483,483.2383,5739,5738,-0.00902045,-0.00297427,-0.01061372,-0.00902045,-483.2383,53571.4227,OK,0.0000,19.3295,4.0000,96.0000,AG03-UNRESOLVED,ALL5_LEVELS_bet23_to_bet27,19.3295,19.3295,24.1619,0.0000,0.0000,4.000000,4.000000,5.000000,0.000000,0.000000,96.000000,96.000000,95.000000,100.000000,100.000000,5.0,62.8210,60.1535,420.4173,423.0848,PENDING_AG03,FALSE,NOT_FOR_ENFORCEMENT,463.9088,46319.4703,483.2383,463.9088,19.3295,0.00902045,0.00865963,19.3295,463.9088,0.00865963,19.3295,19.3295,24.1619,0.0000,0.0000,463.9088,0.00865963,62.8210,60.1535,420.4173,423.0848,0.00784779,0.00789758,0.00036082,9.3346,8.4088,0.0842,5.5545,0.2517,615.7635,65.9540,8.3255,9.6426,5.1431,5.1891,8.2617,16.7816,25.8881,44.2602,5.1891,0.0,4.9889,8.529385,1.798876,29,193,98,2,0.20855820,0.00902045,0.00297427,0E-8,0.000000,0.900656,0.000000,0.00763944,2026-03-21,2026-08-06,87,1920,882,139,0.625899,0.863400,0.891889,0.695194,,,,,,,,GLOBAL_BASELINE_NO_ENTITY_RANKING,,,NOT_APPLICABLE_GLOBAL_BASELINE,HF9g-P5,,,,X 全窗基线 · 不参与实体赏罚,8397532,840,A168_HF9F_20260827_0900,2026-08-27 09:00:00
2026-07-24,54653530,1947,0,5.1635556244,0E-10,0E-10,,1,1,0.50665070000000000,0.506650700000,,,,0E-17,NO_DECISIVE_ROUND,R03b_20260811_FULL_v1,L1_ELIGIBILITY,v2026-08-11,2026-03-21..2026-08-06,baccarat_bet02_101_all_pairs_incl_sentinel,round_win = game_pnl > 0 (decisive only),COMPATIBILITY_ONLY_NOT_PRODUCTION,53571.4227,48249.4483,483.2383,5739,5738,-0.00902045,-0.00297427,-0.01061372,-0.00902045,-483.2383,53571.4227,OK,0.0000,19.3295,4.0000,96.0000,AG03-UNRESOLVED,ALL5_LEVELS_bet23_to_bet27,19.3295,19.3295,24.1619,0.0000,0.0000,4.000000,4.000000,5.000000,0.000000,0.000000,96.000000,96.000000,95.000000,100.000000,100.000000,5.0,62.8210,60.1535,420.4173,423.0848,PENDING_AG03,FALSE,NOT_FOR_ENFORCEMENT,463.9088,46319.4703,483.2383,463.9088,19.3295,0.00902045,0.00865963,19.3295,463.9088,0.00865963,19.3295,19.3295,24.1619,0.0000,0.0000,463.9088,0.00865963,62.8210,60.1535,420.4173,423.0848,0.00784779,0.00789758,0.00036082,9.3346,8.4088,0.0842,5.5545,0.2517,615.7635,65.9540,8.3255,9.6426,5.1431,5.1891,8.2617,16.7816,25.8881,44.2602,5.1891,0.0,4.9889,8.529385,1.798876,29,193,98,2,0.20855820,0.00902045,0.00297427,0E-8,0.000000,0.900656,0.000000,0.00763944,2026-03-21,2026-08-06,87,1920,882,139,0.625899,0.863400,0.891889,0.695194,,,,,,,,GLOBAL_BASELINE_NO_ENTITY_RANKING,,,NOT_APPLICABLE_GLOBAL_BASELINE,HF9g-P5,,,,X 全窗基线 · 不参与实体赏罚,8397533,840,A168_HF9F_20260827_0900,2026-08-27 09:00:00
2026-07-24,54653530,1951,0,41.3084449952,6.5189889758,6.5189889758,0.3333333,3,3,0.50665070000000000,0.506650700000,-0.6004420894325239,-0.6004420894325239,-0.6004420894325239,0E-17,ELIGIBLE,R03b_20260811_FULL_v1,L1_ELIGIBILITY,v2026-08-11,2026-03-21..2026-08-06,baccarat_bet02_101_all_pairs_incl_sentinel,round_win = game_pnl > 0 (decisive only),COMPATIBILITY_ONLY_NOT_PRODUCTION,53571.4227,48249.4483,483.2383,5739,5738,-0.00902045,-0.00297427,-0.01061372,-0.00902045,-483.2383,53571.4227,OK,0.0000,19.3295,4.0000,96.0000,AG03-UNRESOLVED,ALL5_LEVELS_bet23_to_bet27,19.3295,19.3295,24.1619,0.0000,0.0000,4.000000,4.000000,5.000000,0.000000,0.000000,96.000000,96.000000,95.000000,100.000000,100.000000,5.0,62.8210,60.1535,420.4173,423.0848,PENDING_AG03,FALSE,NOT_FOR_ENFORCEMENT,463.9088,46319.4703,483.2383,463.9088,19.3295,0.00902045,0.00865963,19.3295,463.9088,0.00865963,19.3295,19.3295,24.1619,0.0000,0.0000,463.9088,0.00865963,62.8210,60.1535,420.4173,423.0848,0.00784779,0.00789758,0.00036082,9.3346,8.4088,0.0842,5.5545,0.2517,615.7635,65.9540,8.3255,9.6426,5.1431,5.1891,8.2617,16.7816,25.8881,44.2602,5.1891,0.0,4.9889,8.529385,1.798876,29,193,98,2,0.20855820,0.00902045,0.00297427,0E-8,0.000000,0.900656,0.000000,0.00763944,2026-03-21,2026-08-06,87,1920,882,139,0.625899,0.863400,0.891889,0.695194,,,,,,,,GLOBAL_BASELINE_NO_ENTITY_RANKING,,,NOT_APPLICABLE_GLOBAL_BASELINE,HF9g-P5,,,,X 全窗基线 · 不参与实体赏罚,8397534,840,A168_HF9F_20260827_0900,2026-08-27 09:00:00
2026-07-24,54653530,1990,0,46.4720006196,3.8726667183,3.8726667183,0.4000000,5,5,0.50128862000000000,0.501288620000,-0.4529779837142727,-0.4529779837142727,-0.4529779837142727,0E-17,ELIGIBLE,R03b_20260811_FULL_v1,L1_ELIGIBILITY,v2026-08-11,2026-03-21..2026-08-06,baccarat_bet02_101_all_pairs_incl_sentinel,round_win = game_pnl > 0 (decisive only),COMPATIBILITY_ONLY_NOT_PRODUCTION,53571.4227,48249.4483,483.2383,5739,5738,-0.00902045,-0.00297427,-0.01061372,-0.00902045,-483.2383,53571.4227,OK,0.0000,19.3295,4.0000,96.0000,AG03-UNRESOLVED,ALL5_LEVELS_bet23_to_bet27,19.3295,19.3295,24.1619,0.0000,0.0000,4.000000,4.000000,5.000000,0.000000,0.000000,96.000000,96.000000,95.000000,100.000000,100.000000,5.0,62.8210,60.1535,420.4173,423.0848,PENDING_AG03,FALSE,NOT_FOR_ENFORCEMENT,463.9088,46319.4703,483.2383,463.9088,19.3295,0.00902045,0.00865963,19.3295,463.9088,0.00865963,19.3295,19.3295,24.1619,0.0000,0.0000,463.9088,0.00865963,62.8210,60.1535,420.4173,423.0848,0.00784779,0.00789758,0.00036082,9.3346,8.4088,0.0842,5.5545,0.2517,615.7635,65.9540,8.3255,9.6426,5.1431,5.1891,8.2617,16.7816,25.8881,44.2602,5.1891,0.0,4.9889,8.529385,1.798876,29,193,98,2,0.20855820,0.00902045,0.00297427,0E-8,0.000000,0.900656,0.000000,0.00763944,2026-03-21,2026-08-06,87,1920,882,139,0.625899,0.863400,0.891889,0.695194,,,,,,,,GLOBAL_BASELINE_NO_ENTITY_RANKING,,,NOT_APPLICABLE_GLOBAL_BASELINE,HF9g-P5,,,,X 全窗基线 · 不参与实体赏罚,8397535,840,A168_HF9F_20260827_0900,2026-08-27 09:00:00
2026-07-24,54653530,1994,0,56.7991118684,22.7196447474,22.7196447474,0.8333333,10,10,0.49994810000000000,0.499948100000,1.6332474276894162,1.6332474276894162,1.6332474276894162,0E-17,ELIGIBLE,R03b_20260811_FULL_v1,L1_ELIGIBILITY,v2026-08-11,2026-03-21..2026-08-06,baccarat_bet02_101_all_pairs_incl_sentinel,round_win = game_pnl > 0 (decisive only),COMPATIBILITY_ONLY_NOT_PRODUCTION,53571.4227,48249.4483,483.2383,5739,5738,-0.00902045,-0.00297427,-0.01061372,-0.00902045,-483.2383,53571.4227,OK,0.0000,19.3295,4.0000,96.0000,AG03-UNRESOLVED,ALL5_LEVELS_bet23_to_bet27,19.3295,19.3295,24.1619,0.0000,0.0000,4.000000,4.000000,5.000000,0.000000,0.000000,96.000000,96.000000,95.000000,100.000000,100.000000,5.0,62.8210,60.1535,420.4173,423.0848,PENDING_AG03,FALSE,NOT_FOR_ENFORCEMENT,463.9088,46319.4703,483.2383,463.9088,19.3295,0.00902045,0.00865963,19.3295,463.9088,0.00865963,19.3295,19.3295,24.1619,0.0000,0.0000,463.9088,0.00865963,62.8210,60.1535,420.4173,423.0848,0.00784779,0.00789758,0.00036082,9.3346,8.4088,0.0842,5.5545,0.2517,615.7635,65.9540,8.3255,9.6426,5.1431,5.1891,8.2617,16.7816,25.8881,44.2602,5.1891,0.0,4.9889,8.529385,1.798876,29,193,98,2,0.20855820,0.00902045,0.00297427,0E-8,0.000000,0.900656,0.000000,0.00763944,2026-03-21,2026-08-06,87,1920,882,139,0.625899,0.863400,0.891889,0.695194,,,,,,,,GLOBAL_BASELINE_NO_ENTITY_RANKING,,,NOT_APPLICABLE_GLOBAL_BASELINE,HF9g-P5,,,,X 全窗基线 · 不参与实体赏罚,8397536,840,A168_HF9F_20260827_0900,2026-08-27 09:00:00
2026-07-24,54653530,2093,0,30.9813337464,-0.7745333436,-0.7745333436,0.4000000,5,5,0.50128862000000000,0.501288620000,-0.4529779837142727,-0.4529779837142727,-0.4529779837142727,0E-17,ELIGIBLE,R03b_20260811_FULL_v1,L1_ELIGIBILITY,v2026-08-11,2026-03-21..2026-08-06,baccarat_bet02_101_all_pairs_incl_sentinel,round_win = game_pnl > 0 (decisive only),COMPATIBILITY_ONLY_NOT_PRODUCTION,53571.4227,48249.4483,483.2383,5739,5738,-0.00902045,-0.00297427,-0.01061372,-0.00902045,-483.2383,53571.4227,OK,0.0000,19.3295,4.0000,96.0000,AG03-UNRESOLVED,ALL5_LEVELS_bet23_to_bet27,19.3295,19.3295,24.1619,0.0000,0.0000,4.000000,4.000000,5.000000,0.000000,0.000000,96.000000,96.000000,95.000000,100.000000,100.000000,5.0,62.8210,60.1535,420.4173,423.0848,PENDING_AG03,FALSE,NOT_FOR_ENFORCEMENT,463.9088,46319.4703,483.2383,463.9088,19.3295,0.00902045,0.00865963,19.3295,463.9088,0.00865963,19.3295,19.3295,24.1619,0.0000,0.0000,463.9088,0.00865963,62.8210,60.1535,420.4173,423.0848,0.00784779,0.00789758,0.00036082,9.3346,8.4088,0.0842,5.5545,0.2517,615.7635,65.9540,8.3255,9.6426,5.1431,5.1891,8.2617,16.7816,25.8881,44.2602,5.1891,0.0,4.9889,8.529385,1.798876,29,193,98,2,0.20855820,0.00902045,0.00297427,0E-8,0.000000,0.900656,0.000000,0.00763944,2026-03-21,2026-08-06,87,1920,882,139,0.625899,0.863400,0.891889,0.695194,,,,,,,,GLOBAL_BASELINE_NO_ENTITY_RANKING,,,NOT_APPLICABLE_GLOBAL_BASELINE,HF9g-P5,,,,X 全窗基线 · 不参与实体赏罚,8397537,840,A168_HF9F_20260827_0900,2026-08-27 09:00:00
2026-07-24,54653530,2101,0,85.7150233650,-24.6559781064,-24.6559781064,0.3000000,11,11,0.50055742727272727,0.500557427273,-1.2684373319618214,-1.2684373319635474,-1.2684373319618214,-2.7273E-13,ELIGIBLE,R03b_20260811_FULL_v1,L1_ELIGIBILITY,v2026-08-11,2026-03-21..2026-08-06,baccarat_bet02_101_all_pairs_incl_sentinel,round_win = game_pnl > 0 (decisive only),COMPATIBILITY_ONLY_NOT_PRODUCTION,53571.4227,48249.4483,483.2383,5739,5738,-0.00902045,-0.00297427,-0.01061372,-0.00902045,-483.2383,53571.4227,OK,0.0000,19.3295,4.0000,96.0000,AG03-UNRESOLVED,ALL5_LEVELS_bet23_to_bet27,19.3295,19.3295,24.1619,0.0000,0.0000,4.000000,4.000000,5.000000,0.000000,0.000000,96.000000,96.000000,95.000000,100.000000,100.000000,5.0,62.8210,60.1535,420.4173,423.0848,PENDING_AG03,FALSE,NOT_FOR_ENFORCEMENT,463.9088,46319.4703,483.2383,463.9088,19.3295,0.00902045,0.00865963,19.3295,463.9088,0.00865963,19.3295,19.3295,24.1619,0.0000,0.0000,463.9088,0.00865963,62.8210,60.1535,420.4173,423.0848,0.00784779,0.00789758,0.00036082,9.3346,8.4088,0.0842,5.5545,0.2517,615.7635,65.9540,8.3255,9.6426,5.1431,5.1891,8.2617,16.7816,25.8881,44.2602,5.1891,0.0,4.9889,8.529385,1.798876,29,193,98,2,0.20855820,0.00902045,0.00297427,0E-8,0.000000,0.900656,0.000000,0.00763944,2026-03-21,2026-08-06,87,1920,882,139,0.625899,0.863400,0.891889,0.695194,,,,,,,,GLOBAL_BASELINE_NO_ENTITY_RANKING,,,NOT_APPLICABLE_GLOBAL_BASELINE,HF9g-P5,,,,X 全窗基线 · 不参与实体赏罚,8397538,840,A168_HF9F_20260827_0900,2026-08-27 09:00:00
2026-07-24,54653530,2103,0,33.5631115586,11.7470890456,11.7470890456,0.6000000,5,5,0.50396966000000000,0.503969660000,0.4294742719815242,0.4294742719815242,0.4294742719815242,0E-17,ELIGIBLE,R03b_20260811_FULL_v1,L1_ELIGIBILITY,v2026-08-11,2026-03-21..2026-08-06,baccarat_bet02_101_all_pairs_incl_sentinel,round_win = game_pnl > 0 (decisive only),COMPATIBILITY_ONLY_NOT_PRODUCTION,53571.4227,48249.4483,483.2383,5739,5738,-0.00902045,-0.00297427,-0.01061372,-0.00902045,-483.2383,53571.4227,OK,0.0000,19.3295,4.0000,96.0000,AG03-UNRESOLVED,ALL5_LEVELS_bet23_to_bet27,19.3295,19.3295,24.1619,0.0000,0.0000,4.000000,4.000000,5.000000,0.000000,0.000000,96.000000,96.000000,95.000000,100.000000,100.000000,5.0,62.8210,60.1535,420.4173,423.0848,PENDING_AG03,FALSE,NOT_FOR_ENFORCEMENT,463.9088,46319.4703,483.2383,463.9088,19.3295,0.00902045,0.00865963,19.3295,463.9088,0.00865963,19.3295,19.3295,24.1619,0.0000,0.0000,463.9088,0.00865963,62.8210,60.1535,420.4173,423.0848,0.00784779,0.00789758,0.00036082,9.3346,8.4088,0.0842,5.5545,0.2517,615.7635,65.9540,8.3255,9.6426,5.1431,5.1891,8.2617,16.7816,25.8881,44.2602,5.1891,0.0,4.9889,8.529385,1.798876,29,193,98,2,0.20855820,0.00902045,0.00297427,0E-8,0.000000,0.900656,0.000000,0.00763944,2026-03-21,2026-08-06,87,1920,882,139,0.625899,0.863400,0.891889,0.695194,,,,,,,,GLOBAL_BASELINE_NO_ENTITY_RANKING,,,NOT_APPLICABLE_GLOBAL_BASELINE,HF9g-P5,,,,X 全窗基线 · 不参与实体赏罚,8397539,840,A168_HF9F_20260827_0900,2026-08-27 09:00:00
2026-07-24,54653530,2117,0,5.1635556244,4.9053778432,4.9053778432,1.0000000,1,1,0.50665070000000000,0.506650700000,0.9867858985152569,0.9867858985152569,0.9867858985152569,0E-17,ELIGIBLE,R03b_20260811_FULL_v1,L1_ELIGIBILITY,v2026-08-11,2026-03-21..2026-08-06,baccarat_bet02_101_all_pairs_incl_sentinel,round_win = game_pnl > 0 (decisive only),COMPATIBILITY_ONLY_NOT_PRODUCTION,53571.4227,48249.4483,483.2383,5739,5738,-0.00902045,-0.00297427,-0.01061372,-0.00902045,-483.2383,53571.4227,OK,0.0000,19.3295,4.0000,96.0000,AG03-UNRESOLVED,ALL5_LEVELS_bet23_to_bet27,19.3295,19.3295,24.1619,0.0000,0.0000,4.000000,4.000000,5.000000,0.000000,0.000000,96.000000,96.000000,95.000000,100.000000,100.000000,5.0,62.8210,60.1535,420.4173,423.0848,PENDING_AG03,FALSE,NOT_FOR_ENFORCEMENT,463.9088,46319.4703,483.2383,463.9088,19.3295,0.00902045,0.00865963,19.3295,463.9088,0.00865963,19.3295,19.3295,24.1619,0.0000,0.0000,463.9088,0.00865963,62.8210,60.1535,420.4173,423.0848,0.00784779,0.00789758,0.00036082,9.3346,8.4088,0.0842,5.5545,0.2517,615.7635,65.9540,8.3255,9.6426,5.1431,5.1891,8.2617,16.7816,25.8881,44.2602,5.1891,0.0,4.9889,8.529385,1.798876,29,193,98,2,0.20855820,0.00902045,0.00297427,0E-8,0.000000,0.900656,0.000000,0.00763944,2026-03-21,2026-08-06,87,1920,882,139,0.625899,0.863400,0.891889,0.695194,,,,,,,,GLOBAL_BASELINE_NO_ENTITY_RANKING,,,NOT_APPLICABLE_GLOBAL_BASELINE,HF9g-P5,,,,X 全窗基线 · 不参与实体赏罚,8397540,840,A168_HF9F_20260827_0900,2026-08-27 09:00:00
2026-07-24,54653530,2121,0,48.2792450882,25.7274158986,25.7274158986,0.6000000,5,5,0.50396966000000000,0.503969660000,0.4294742719815242,0.4294742719815242,0.4294742719815242,0E-17,ELIGIBLE,R03b_20260811_FULL_v1,L1_ELIGIBILITY,v2026-08-11,2026-03-21..2026-08-06,baccarat_bet02_101_all_pairs_incl_sentinel,round_win = game_pnl > 0 (decisive only),COMPATIBILITY_ONLY_NOT_PRODUCTION,53571.4227,48249.4483,483.2383,5739,5738,-0.00902045,-0.00297427,-0.01061372,-0.00902045,-483.2383,53571.4227,OK,0.0000,19.3295,4.0000,96.0000,AG03-UNRESOLVED,ALL5_LEVELS_bet23_to_bet27,19.3295,19.3295,24.1619,0.0000,0.0000,4.000000,4.000000,5.000000,0.000000,0.000000,96.000000,96.000000,95.000000,100.000000,100.000000,5.0,62.8210,60.1535,420.4173,423.0848,PENDING_AG03,FALSE,NOT_FOR_ENFORCEMENT,463.9088,46319.4703,483.2383,463.9088,19.3295,0.00902045,0.00865963,19.3295,463.9088,0.00865963,19.3295,19.3295,24.1619,0.0000,0.0000,463.9088,0.00865963,62.8210,60.1535,420.4173,423.0848,0.00784779,0.00789758,0.00036082,9.3346,8.4088,0.0842,5.5545,0.2517,615.7635,65.9540,8.3255,9.6426,5.1431,5.1891,8.2617,16.7816,25.8881,44.2602,5.1891,0.0,4.9889,8.529385,1.798876,29,193,98,2,0.20855820,0.00902045,0.00297427,0E-8,0.000000,0.900656,0.000000,0.00763944,2026-03-21,2026-08-06,87,1920,882,139,0.625899,0.863400,0.891889,0.695194,,,,,,,,GLOBAL_BASELINE_NO_ENTITY_RANKING,,,NOT_APPLICABLE_GLOBAL_BASELINE,HF9g-P5,,,,X 全窗基线 · 不参与实体赏罚,8397541,840,A168_HF9F_20260827_0900,2026-08-27 09:00:00
2026-07-24,54653530,2127,0,18.0724446854,7.3580667648,7.3580667648,0.6666667,3,3,0.50218230000000000,0.502182300000,0.5697959874915163,0.5697959874915164,0.5697959874915163,0E-17,ELIGIBLE,R03b_20260811_FULL_v1,L1_ELIGIBILITY,v2026-08-11,2026-03-21..2026-08-06,baccarat_bet02_101_all_pairs_incl_sentinel,round_win = game_pnl > 0 (decisive only),COMPATIBILITY_ONLY_NOT_PRODUCTION,53571.4227,48249.4483,483.2383,5739,5738,-0.00902045,-0.00297427,-0.01061372,-0.00902045,-483.2383,53571.4227,OK,0.0000,19.3295,4.0000,96.0000,AG03-UNRESOLVED,ALL5_LEVELS_bet23_to_bet27,19.3295,19.3295,24.1619,0.0000,0.0000,4.000000,4.000000,5.000000,0.000000,0.000000,96.000000,96.000000,95.000000,100.000000,100.000000,5.0,62.8210,60.1535,420.4173,423.0848,PENDING_AG03,FALSE,NOT_FOR_ENFORCEMENT,463.9088,46319.4703,483.2383,463.9088,19.3295,0.00902045,0.00865963,19.3295,463.9088,0.00865963,19.3295,19.3295,24.1619,0.0000,0.0000,463.9088,0.00865963,62.8210,60.1535,420.4173,423.0848,0.00784779,0.00789758,0.00036082,9.3346,8.4088,0.0842,5.5545,0.2517,615.7635,65.9540,8.3255,9.6426,5.1431,5.1891,8.2617,16.7816,25.8881,44.2602,5.1891,0.0,4.9889,8.529385,1.798876,29,193,98,2,0.20855820,0.00902045,0.00297427,0E-8,0.000000,0.900656,0.000000,0.00763944,2026-03-21,2026-08-06,87,1920,882,139,0.625899,0.863400,0.891889,0.695194,,,,,,,,GLOBAL_BASELINE_NO_ENTITY_RANKING,,,NOT_APPLICABLE_GLOBAL_BASELINE,HF9g-P5,,,,X 全窗基线 · 不参与实体赏罚,8397542,840,A168_HF9F_20260827_0900,2026-08-27 09:00:00
2026-07-24,54653530,2141,0,171.6882245114,-74.6133787726,-74.6133787726,0.2727273,15,15,0.50396966000000000,0.503969660000,-1.5339368133489897,-1.5339368133489897,-1.5339368133489897,0E-17,ELIGIBLE,R03b_20260811_FULL_v1,L1_ELIGIBILITY,v2026-08-11,2026-03-21..2026-08-06,baccarat_bet02_101_all_pairs_incl_sentinel,round_win = game_pnl > 0 (decisive only),COMPATIBILITY_ONLY_NOT_PRODUCTION,53571.4227,48249.4483,483.2383,5739,5738,-0.00902045,-0.00297427,-0.01061372,-0.00902045,-483.2383,53571.4227,OK,0.0000,19.3295,4.0000,96.0000,AG03-UNRESOLVED,ALL5_LEVELS_bet23_to_bet27,19.3295,19.3295,24.1619,0.0000,0.0000,4.000000,4.000000,5.000000,0.000000,0.000000,96.000000,96.000000,95.000000,100.000000,100.000000,5.0,62.8210,60.1535,420.4173,423.0848,PENDING_AG03,FALSE,NOT_FOR_ENFORCEMENT,463.9088,46319.4703,483.2383,463.9088,19.3295,0.00902045,0.00865963,19.3295,463.9088,0.00865963,19.3295,19.3295,24.1619,0.0000,0.0000,463.9088,0.00865963,62.8210,60.1535,420.4173,423.0848,0.00784779,0.00789758,0.00036082,9.3346,8.4088,0.0842,5.5545,0.2517,615.7635,65.9540,8.3255,9.6426,5.1431,5.1891,8.2617,16.7816,25.8881,44.2602,5.1891,0.0,4.9889,8.529385,1.798876,29,193,98,2,0.20855820,0.00902045,0.00297427,0E-8,0.000000,0.900656,0.000000,0.00763944,2026-03-21,2026-08-06,87,1920,882,139,0.625899,0.863400,0.891889,0.695194,,,,,,,,GLOBAL_BASELINE_NO_ENTITY_RANKING,,,NOT_APPLICABLE_GLOBAL_BASELINE,HF9g-P5,,,,X 全窗基线 · 不参与实体赏罚,8397543,840,A168_HF9F_20260827_0900,2026-08-27 09:00:00
2026-07-24,54653530,2147,0,12.9088890610,-5.1635556244,-5.1635556244,0E-7,2,2,0.50665070000000000,0.506650700000,-1.013391052207602,-1.013391052207602,-1.013391052207602,0E-17,ELIGIBLE,R03b_20260811_FULL_v1,L1_ELIGIBILITY,v2026-08-11,2026-03-21..2026-08-06,baccarat_bet02_101_all_pairs_incl_sentinel,round_win = game_pnl > 0 (decisive only),COMPATIBILITY_ONLY_NOT_PRODUCTION,53571.4227,48249.4483,483.2383,5739,5738,-0.00902045,-0.00297427,-0.01061372,-0.00902045,-483.2383,53571.4227,OK,0.0000,19.3295,4.0000,96.0000,AG03-UNRESOLVED,ALL5_LEVELS_bet23_to_bet27,19.3295,19.3295,24.1619,0.0000,0.0000,4.000000,4.000000,5.000000,0.000000,0.000000,96.000000,96.000000,95.000000,100.000000,100.000000,5.0,62.8210,60.1535,420.4173,423.0848,PENDING_AG03,FALSE,NOT_FOR_ENFORCEMENT,463.9088,46319.4703,483.2383,463.9088,19.3295,0.00902045,0.00865963,19.3295,463.9088,0.00865963,19.3295,19.3295,24.1619,0.0000,0.0000,463.9088,0.00865963,62.8210,60.1535,420.4173,423.0848,0.00784779,0.00789758,0.00036082,9.3346,8.4088,0.0842,5.5545,0.2517,615.7635,65.9540,8.3255,9.6426,5.1431,5.1891,8.2617,16.7816,25.8881,44.2602,5.1891,0.0,4.9889,8.529385,1.798876,29,193,98,2,0.20855820,0.00902045,0.00297427,0E-8,0.000000,0.900656,0.000000,0.00763944,2026-03-21,2026-08-06,87,1920,882,139,0.625899,0.863400,0.891889,0.695194,,,,,,,,GLOBAL_BASELINE_NO_ENTITY_RANKING,,,NOT_APPLICABLE_GLOBAL_BASELINE,HF9g-P5,,,,X 全窗基线 · 不参与实体赏罚,8397544,840,A168_HF9F_20260827_0900,2026-08-27 09:00:00
2026-07-24,54653530,2153,0,18.3306224666,7.3451578757,7.3451578757,0.6666667,3,3,0.50665070000000000,0.506650700000,0.5543606114942035,0.5543606114942035,0.5543606114942035,0E-17,ELIGIBLE,R03b_20260811_FULL_v1,L1_ELIGIBILITY,v2026-08-11,2026-03-21..2026-08-06,baccarat_bet02_101_all_pairs_incl_sentinel,round_win = game_pnl > 0 (decisive only),COMPATIBILITY_ONLY_NOT_PRODUCTION,53571.4227,48249.4483,483.2383,5739,5738,-0.00902045,-0.00297427,-0.01061372,-0.00902045,-483.2383,53571.4227,OK,0.0000,19.3295,4.0000,96.0000,AG03-UNRESOLVED,ALL5_LEVELS_bet23_to_bet27,19.3295,19.3295,24.1619,0.0000,0.0000,4.000000,4.000000,5.000000,0.000000,0.000000,96.000000,96.000000,95.000000,100.000000,100.000000,5.0,62.8210,60.1535,420.4173,423.0848,PENDING_AG03,FALSE,NOT_FOR_ENFORCEMENT,463.9088,46319.4703,483.2383,463.9088,19.3295,0.00902045,0.00865963,19.3295,463.9088,0.00865963,19.3295,19.3295,24.1619,0.0000,0.0000,463.9088,0.00865963,62.8210,60.1535,420.4173,423.0848,0.00784779,0.00789758,0.00036082,9.3346,8.4088,0.0842,5.5545,0.2517,615.7635,65.9540,8.3255,9.6426,5.1431,5.1891,8.2617,16.7816,25.8881,44.2602,5.1891,0.0,4.9889,8.529385,1.798876,29,193,98,2,0.20855820,0.00902045,0.00297427,0E-8,0.000000,0.900656,0.000000,0.00763944,2026-03-21,2026-08-06,87,1920,882,139,0.625899,0.863400,0.891889,0.695194,,,,,,,,GLOBAL_BASELINE_NO_ENTITY_RANKING,,,NOT_APPLICABLE_GLOBAL_BASELINE,HF9g-P5,,,,X 全窗基线 · 不参与实体赏罚,8397545,840,A168_HF9F_20260827_0900,2026-08-27 09:00:00
2026-07-24,54653530,2169,0,54.2173340562,6.4544445306,6.4544445306,0.5555556,9,9,0.50218230000000000,0.502182300000,0.3202425836157423,0.3202425836157423,0.3202425836157423,0E-17,ELIGIBLE,R03b_20260811_FULL_v1,L1_ELIGIBILITY,v2026-08-11,2026-03-21..2026-08-06,baccarat_bet02_101_all_pairs_incl_sentinel,round_win = game_pnl > 0 (decisive only),COMPATIBILITY_ONLY_NOT_PRODUCTION,53571.4227,48249.4483,483.2383,5739,5738,-0.00902045,-0.00297427,-0.01061372,-0.00902045,-483.2383,53571.4227,OK,0.0000,19.3295,4.0000,96.0000,AG03-UNRESOLVED,ALL5_LEVELS_bet23_to_bet27,19.3295,19.3295,24.1619,0.0000,0.0000,4.000000,4.000000,5.000000,0.000000,0.000000,96.000000,96.000000,95.000000,100.000000,100.000000,5.0,62.8210,60.1535,420.4173,423.0848,PENDING_AG03,FALSE,NOT_FOR_ENFORCEMENT,463.9088,46319.4703,483.2383,463.9088,19.3295,0.00902045,0.00865963,19.3295,463.9088,0.00865963,19.3295,19.3295,24.1619,0.0000,0.0000,463.9088,0.00865963,62.8210,60.1535,420.4173,423.0848,0.00784779,0.00789758,0.00036082,9.3346,8.4088,0.0842,5.5545,0.2517,615.7635,65.9540,8.3255,9.6426,5.1431,5.1891,8.2617,16.7816,25.8881,44.2602,5.1891,0.0,4.9889,8.529385,1.798876,29,193,98,2,0.20855820,0.00902045,0.00297427,0E-8,0.000000,0.900656,0.000000,0.00763944,2026-03-21,2026-08-06,87,1920,882,139,0.625899,0.863400,0.891889,0.695194,,,,,,,,GLOBAL_BASELINE_NO_ENTITY_RANKING,,,NOT_APPLICABLE_GLOBAL_BASELINE,HF9g-P5,,,,X 全窗基线 · 不参与实体赏罚,8397546,840,A168_HF9F_20260827_0900,2026-08-27 09:00:00
2026-07-24,54653530,2170,0,69.7080009294,22.7196447474,22.7196447474,0.6000000,10,10,0.49994810000000000,0.499948100000,0.6327837798637467,0.6327837798637467,0.6327837798637467,0E-17,ELIGIBLE,R03b_20260811_FULL_v1,L1_ELIGIBILITY,v2026-08-11,2026-03-21..2026-08-06,baccarat_bet02_101_all_pairs_incl_sentinel,round_win = game_pnl > 0 (decisive only),COMPATIBILITY_ONLY_NOT_PRODUCTION,53571.4227,48249.4483,483.2383,5739,5738,-0.00902045,-0.00297427,-0.01061372,-0.00902045,-483.2383,53571.4227,OK,0.0000,19.3295,4.0000,96.0000,AG03-UNRESOLVED,ALL5_LEVELS_bet23_to_bet27,19.3295,19.3295,24.1619,0.0000,0.0000,4.000000,4.000000,5.000000,0.000000,0.000000,96.000000,96.000000,95.000000,100.000000,100.000000,5.0,62.8210,60.1535,420.4173,423.0848,PENDING_AG03,FALSE,NOT_FOR_ENFORCEMENT,463.9088,46319.4703,483.2383,463.9088,19.3295,0.00902045,0.00865963,19.3295,463.9088,0.00865963,19.3295,19.3295,24.1619,0.0000,0.0000,463.9088,0.00865963,62.8210,60.1535,420.4173,423.0848,0.00784779,0.00789758,0.00036082,9.3346,8.4088,0.0842,5.5545,0.2517,615.7635,65.9540,8.3255,9.6426,5.1431,5.1891,8.2617,16.7816,25.8881,44.2602,5.1891,0.0,4.9889,8.529385,1.798876,29,193,98,2,0.20855820,0.00902045,0.00297427,0E-8,0.000000,0.900656,0.000000,0.00763944,2026-03-21,2026-08-06,87,1920,882,139,0.625899,0.863400,0.891889,0.695194,,,,,,,,GLOBAL_BASELINE_NO_ENTITY_RANKING,,,NOT_APPLICABLE_GLOBAL_BASELINE,HF9g-P5,,,,X 全窗基线 · 不参与实体赏罚,8397547,840,A168_HF9F_20260827_0900,2026-08-27 09:00:00
2026-07-24,54653530,2196,0,10.3271112488,9.8107556864,9.8107556864,1.0000000,2,2,0.50665070000000000,0.506650700000,1.3955260008387969,1.3955260008387969,1.3955260008387969,0E-17,ELIGIBLE,R03b_20260811_FULL_v1,L1_ELIGIBILITY,v2026-08-11,2026-03-21..2026-08-06,baccarat_bet02_101_all_pairs_incl_sentinel,round_win = game_pnl > 0 (decisive only),COMPATIBILITY_ONLY_NOT_PRODUCTION,53571.4227,48249.4483,483.2383,5739,5738,-0.00902045,-0.00297427,-0.01061372,-0.00902045,-483.2383,53571.4227,OK,0.0000,19.3295,4.0000,96.0000,AG03-UNRESOLVED,ALL5_LEVELS_bet23_to_bet27,19.3295,19.3295,24.1619,0.0000,0.0000,4.000000,4.000000,5.000000,0.000000,0.000000,96.000000,96.000000,95.000000,100.000000,100.000000,5.0,62.8210,60.1535,420.4173,423.0848,PENDING_AG03,FALSE,NOT_FOR_ENFORCEMENT,463.9088,46319.4703,483.2383,463.9088,19.3295,0.00902045,0.00865963,19.3295,463.9088,0.00865963,19.3295,19.3295,24.1619,0.0000,0.0000,463.9088,0.00865963,62.8210,60.1535,420.4173,423.0848,0.00784779,0.00789758,0.00036082,9.3346,8.4088,0.0842,5.5545,0.2517,615.7635,65.9540,8.3255,9.6426,5.1431,5.1891,8.2617,16.7816,25.8881,44.2602,5.1891,0.0,4.9889,8.529385,1.798876,29,193,98,2,0.20855820,0.00902045,0.00297427,0E-8,0.000000,0.900656,0.000000,0.00763944,2026-03-21,2026-08-06,87,1920,882,139,0.625899,0.863400,0.891889,0.695194,,,,,,,,GLOBAL_BASELINE_NO_ENTITY_RANKING,,,NOT_APPLICABLE_GLOBAL_BASELINE,HF9g-P5,,,,X 全窗基线 · 不参与实体赏罚,8397548,840,A168_HF9F_20260827_0900,2026-08-27 09:00:00
2026-07-24,54653530,2205,0,10.3271112488,9.8107556864,9.8107556864,1.0000000,2,2,0.50665070000000000,0.506650700000,1.3955260008387969,1.3955260008387969,1.3955260008387969,0E-17,ELIGIBLE,R03b_20260811_FULL_v1,L1_ELIGIBILITY,v2026-08-11,2026-03-21..2026-08-06,baccarat_bet02_101_all_pairs_incl_sentinel,round_win = game_pnl > 0 (decisive only),COMPATIBILITY_ONLY_NOT_PRODUCTION,53571.4227,48249.4483,483.2383,5739,5738,-0.00902045,-0.00297427,-0.01061372,-0.00902045,-483.2383,53571.4227,OK,0.0000,19.3295,4.0000,96.0000,AG03-UNRESOLVED,ALL5_LEVELS_bet23_to_bet27,19.3295,19.3295,24.1619,0.0000,0.0000,4.000000,4.000000,5.000000,0.000000,0.000000,96.000000,96.000000,95.000000,100.000000,100.000000,5.0,62.8210,60.1535,420.4173,423.0848,PENDING_AG03,FALSE,NOT_FOR_ENFORCEMENT,463.9088,46319.4703,483.2383,463.9088,19.3295,0.00902045,0.00865963,19.3295,463.9088,0.00865963,19.3295,19.3295,24.1619,0.0000,0.0000,463.9088,0.00865963,62.8210,60.1535,420.4173,423.0848,0.00784779,0.00789758,0.00036082,9.3346,8.4088,0.0842,5.5545,0.2517,615.7635,65.9540,8.3255,9.6426,5.1431,5.1891,8.2617,16.7816,25.8881,44.2602,5.1891,0.0,4.9889,8.529385,1.798876,29,193,98,2,0.20855820,0.00902045,0.00297427,0E-8,0.000000,0.900656,0.000000,0.00763944,2026-03-21,2026-08-06,87,1920,882,139,0.625899,0.863400,0.891889,0.695194,,,,,,,,GLOBAL_BASELINE_NO_ENTITY_RANKING,,,NOT_APPLICABLE_GLOBAL_BASELINE,HF9g-P5,,,,X 全窗基线 · 不参与实体赏罚,8397549,840,A168_HF9F_20260827_0900,2026-08-27 09:00:00
2026-07-24,54653530,2223,0,81.5841788656,34.8540004648,34.8540004648,0.7500000,9,9,0.49920336666666667,0.499203366667,1.4187218017428957,1.4187218017410088,1.4187218017428957,-3.3333E-13,ELIGIBLE,R03b_20260811_FULL_v1,L1_ELIGIBILITY,v2026-08-11,2026-03-21..2026-08-06,baccarat_bet02_101_all_pairs_incl_sentinel,round_win = game_pnl > 0 (decisive only),COMPATIBILITY_ONLY_NOT_PRODUCTION,53571.4227,48249.4483,483.2383,5739,5738,-0.00902045,-0.00297427,-0.01061372,-0.00902045,-483.2383,53571.4227,OK,0.0000,19.3295,4.0000,96.0000,AG03-UNRESOLVED,ALL5_LEVELS_bet23_to_bet27,19.3295,19.3295,24.1619,0.0000,0.0000,4.000000,4.000000,5.000000,0.000000,0.000000,96.000000,96.000000,95.000000,100.000000,100.000000,5.0,62.8210,60.1535,420.4173,423.0848,PENDING_AG03,FALSE,NOT_FOR_ENFORCEMENT,463.9088,46319.4703,483.2383,463.9088,19.3295,0.00902045,0.00865963,19.3295,463.9088,0.00865963,19.3295,19.3295,24.1619,0.0000,0.0000,463.9088,0.00865963,62.8210,60.1535,420.4173,423.0848,0.00784779,0.00789758,0.00036082,9.3346,8.4088,0.0842,5.5545,0.2517,615.7635,65.9540,8.3255,9.6426,5.1431,5.1891,8.2617,16.7816,25.8881,44.2602,5.1891,0.0,4.9889,8.529385,1.798876,29,193,98,2,0.20855820,0.00902045,0.00297427,0E-8,0.000000,0.900656,0.000000,0.00763944,2026-03-21,2026-08-06,87,1920,882,139,0.625899,0.863400,0.891889,0.695194,,,,,,,,GLOBAL_BASELINE_NO_ENTITY_RANKING,,,NOT_APPLICABLE_GLOBAL_BASELINE,HF9g-P5,,,,X 全窗基线 · 不参与实体赏罚,8397550,840,A168_HF9F_20260827_0900,2026-08-27 09:00:00
2026-07-24,54653530,2267,0,5.1635556244,4.9053778432,4.9053778432,1.0000000,1,1,0.50665070000000000,0.506650700000,0.9867858985152569,0.9867858985152569,0.9867858985152569,0E-17,ELIGIBLE,R03b_20260811_FULL_v1,L1_ELIGIBILITY,v2026-08-11,2026-03-21..2026-08-06,baccarat_bet02_101_all_pairs_incl_sentinel,round_win = game_pnl > 0 (decisive only),COMPATIBILITY_ONLY_NOT_PRODUCTION,53571.4227,48249.4483,483.2383,5739,5738,-0.00902045,-0.00297427,-0.01061372,-0.00902045,-483.2383,53571.4227,OK,0.0000,19.3295,4.0000,96.0000,AG03-UNRESOLVED,ALL5_LEVELS_bet23_to_bet27,19.3295,19.3295,24.1619,0.0000,0.0000,4.000000,4.000000,5.000000,0.000000,0.000000,96.000000,96.000000,95.000000,100.000000,100.000000,5.0,62.8210,60.1535,420.4173,423.0848,PENDING_AG03,FALSE,NOT_FOR_ENFORCEMENT,463.9088,46319.4703,483.2383,463.9088,19.3295,0.00902045,0.00865963,19.3295,463.9088,0.00865963,19.3295,19.3295,24.1619,0.0000,0.0000,463.9088,0.00865963,62.8210,60.1535,420.4173,423.0848,0.00784779,0.00789758,0.00036082,9.3346,8.4088,0.0842,5.5545,0.2517,615.7635,65.9540,8.3255,9.6426,5.1431,5.1891,8.2617,16.7816,25.8881,44.2602,5.1891,0.0,4.9889,8.529385,1.798876,29,193,98,2,0.20855820,0.00902045,0.00297427,0E-8,0.000000,0.900656,0.000000,0.00763944,2026-03-21,2026-08-06,87,1920,882,139,0.625899,0.863400,0.891889,0.695194,,,,,,,,GLOBAL_BASELINE_NO_ENTITY_RANKING,,,NOT_APPLICABLE_GLOBAL_BASELINE,HF9g-P5,,,,X 全窗基线 · 不参与实体赏罚,8397551,840,A168_HF9F_20260827_0900,2026-08-27 09:00:00
2026-07-24,54653530,2280,0,5.1635556244,4.9053778432,4.9053778432,1.0000000,1,1,0.50665070000000000,0.506650700000,0.9867858985152569,0.9867858985152569,0.9867858985152569,0E-17,ELIGIBLE,R03b_20260811_FULL_v1,L1_ELIGIBILITY,v2026-08-11,2026-03-21..2026-08-06,baccarat_bet02_101_all_pairs_incl_sentinel,round_win = game_pnl > 0 (decisive only),COMPATIBILITY_ONLY_NOT_PRODUCTION,53571.4227,48249.4483,483.2383,5739,5738,-0.00902045,-0.00297427,-0.01061372,-0.00902045,-483.2383,53571.4227,OK,0.0000,19.3295,4.0000,96.0000,AG03-UNRESOLVED,ALL5_LEVELS_bet23_to_bet27,19.3295,19.3295,24.1619,0.0000,0.0000,4.000000,4.000000,5.000000,0.000000,0.000000,96.000000,96.000000,95.000000,100.000000,100.000000,5.0,62.8210,60.1535,420.4173,423.0848,PENDING_AG03,FALSE,NOT_FOR_ENFORCEMENT,463.9088,46319.4703,483.2383,463.9088,19.3295,0.00902045,0.00865963,19.3295,463.9088,0.00865963,19.3295,19.3295,24.1619,0.0000,0.0000,463.9088,0.00865963,62.8210,60.1535,420.4173,423.0848,0.00784779,0.00789758,0.00036082,9.3346,8.4088,0.0842,5.5545,0.2517,615.7635,65.9540,8.3255,9.6426,5.1431,5.1891,8.2617,16.7816,25.8881,44.2602,5.1891,0.0,4.9889,8.529385,1.798876,29,193,98,2,0.20855820,0.00902045,0.00297427,0E-8,0.000000,0.900656,0.000000,0.00763944,2026-03-21,2026-08-06,87,1920,882,139,0.625899,0.863400,0.891889,0.695194,,,,,,,,GLOBAL_BASELINE_NO_ENTITY_RANKING,,,NOT_APPLICABLE_GLOBAL_BASELINE,HF9g-P5,,,,X 全窗基线 · 不参与实体赏罚,8397552,840,A168_HF9F_20260827_0900,2026-08-27 09:00:00
2026-07-24,54653530,583,0,13.1670668422,2.4397800325,2.4397800325,0.5000000,2,2,0.49994810000000000,0.499948100000,0.00014679536856514622,0.00014679536856514622,0.00014679536856514622,0E-17,ELIGIBLE,R03b_20260811_FULL_v1,L1_ELIGIBILITY,v2026-08-11,2026-03-21..2026-08-06,baccarat_bet02_101_all_pairs_incl_sentinel,round_win = game_pnl > 0 (decisive only),COMPATIBILITY_ONLY_NOT_PRODUCTION,53571.4227,48249.4483,483.2383,5739,5738,-0.00902045,-0.00297427,-0.01061372,-0.00902045,-483.2383,53571.4227,OK,0.0000,19.3295,4.0000,96.0000,AG03-UNRESOLVED,ALL5_LEVELS_bet23_to_bet27,19.3295,19.3295,24.1619,0.0000,0.0000,4.000000,4.000000,5.000000,0.000000,0.000000,96.000000,96.000000,95.000000,100.000000,100.000000,5.0,62.8210,60.1535,420.4173,423.0848,PENDING_AG03,FALSE,NOT_FOR_ENFORCEMENT,463.9088,46319.4703,483.2383,463.9088,19.3295,0.00902045,0.00865963,19.3295,463.9088,0.00865963,19.3295,19.3295,24.1619,0.0000,0.0000,463.9088,0.00865963,62.8210,60.1535,420.4173,423.0848,0.00784779,0.00789758,0.00036082,9.3346,8.4088,0.0842,5.5545,0.2517,615.7635,65.9540,8.3255,9.6426,5.1431,5.1891,8.2617,16.7816,25.8881,44.2602,5.1891,0.0,4.9889,8.529385,1.798876,29,193,98,2,0.20855820,0.00902045,0.00297427,0E-8,0.000000,0.900656,0.000000,0.00763944,2026-03-21,2026-08-06,87,1920,882,139,0.625899,0.863400,0.891889,0.695194,,,,,,,,GLOBAL_BASELINE_NO_ENTITY_RANKING,,,NOT_APPLICABLE_GLOBAL_BASELINE,HF9g-P5,,,,X 全窗基线 · 不参与实体赏罚,8397553,840,A168_HF9F_20260827_0900,2026-08-27 09:00:00
2026-07-24,54653530,763,0,7.7453334366,-7.7453334366,-7.7453334366,0E-7,1,1,0.49324550000000000,0.493245500000,-0.9865810262130424,-0.9865810262130424,-0.9865810262130424,0E-17,ELIGIBLE,R03b_20260811_FULL_v1,L1_ELIGIBILITY,v2026-08-11,2026-03-21..2026-08-06,baccarat_bet02_101_all_pairs_incl_sentinel,round_win = game_pnl > 0 (decisive only),COMPATIBILITY_ONLY_NOT_PRODUCTION,53571.4227,48249.4483,483.2383,5739,5738,-0.00902045,-0.00297427,-0.01061372,-0.00902045,-483.2383,53571.4227,OK,0.0000,19.3295,4.0000,96.0000,AG03-UNRESOLVED,ALL5_LEVELS_bet23_to_bet27,19.3295,19.3295,24.1619,0.0000,0.0000,4.000000,4.000000,5.000000,0.000000,0.000000,96.000000,96.000000,95.000000,100.000000,100.000000,5.0,62.8210,60.1535,420.4173,423.0848,PENDING_AG03,FALSE,NOT_FOR_ENFORCEMENT,463.9088,46319.4703,483.2383,463.9088,19.3295,0.00902045,0.00865963,19.3295,463.9088,0.00865963,19.3295,19.3295,24.1619,0.0000,0.0000,463.9088,0.00865963,62.8210,60.1535,420.4173,423.0848,0.00784779,0.00789758,0.00036082,9.3346,8.4088,0.0842,5.5545,0.2517,615.7635,65.9540,8.3255,9.6426,5.1431,5.1891,8.2617,16.7816,25.8881,44.2602,5.1891,0.0,4.9889,8.529385,1.798876,29,193,98,2,0.20855820,0.00902045,0.00297427,0E-8,0.000000,0.900656,0.000000,0.00763944,2026-03-21,2026-08-06,87,1920,882,139,0.625899,0.863400,0.891889,0.695194,,,,,,,,GLOBAL_BASELINE_NO_ENTITY_RANKING,,,NOT_APPLICABLE_GLOBAL_BASELINE,HF9g-P5,,,,X 全窗基线 · 不参与实体赏罚,8397554,840,A168_HF9F_20260827_0900,2026-08-27 09:00:00
2026-07-24,54653530,772,0,18.0724446854,0E-10,0E-10,0.5000000,3,3,0.49771390000000000,0.497713900000,0.006466134837551399,0.0064661348375514,0.006466134837551399,0E-17,ELIGIBLE,R03b_20260811_FULL_v1,L1_ELIGIBILITY,v2026-08-11,2026-03-21..2026-08-06,baccarat_bet02_101_all_pairs_incl_sentinel,round_win = game_pnl > 0 (decisive only),COMPATIBILITY_ONLY_NOT_PRODUCTION,53571.4227,48249.4483,483.2383,5739,5738,-0.00902045,-0.00297427,-0.01061372,-0.00902045,-483.2383,53571.4227,OK,0.0000,19.3295,4.0000,96.0000,AG03-UNRESOLVED,ALL5_LEVELS_bet23_to_bet27,19.3295,19.3295,24.1619,0.0000,0.0000,4.000000,4.000000,5.000000,0.000000,0.000000,96.000000,96.000000,95.000000,100.000000,100.000000,5.0,62.8210,60.1535,420.4173,423.0848,PENDING_AG03,FALSE,NOT_FOR_ENFORCEMENT,463.9088,46319.4703,483.2383,463.9088,19.3295,0.00902045,0.00865963,19.3295,463.9088,0.00865963,19.3295,19.3295,24.1619,0.0000,0.0000,463.9088,0.00865963,62.8210,60.1535,420.4173,423.0848,0.00784779,0.00789758,0.00036082,9.3346,8.4088,0.0842,5.5545,0.2517,615.7635,65.9540,8.3255,9.6426,5.1431,5.1891,8.2617,16.7816,25.8881,44.2602,5.1891,0.0,4.9889,8.529385,1.798876,29,193,98,2,0.20855820,0.00902045,0.00297427,0E-8,0.000000,0.900656,0.000000,0.00763944,2026-03-21,2026-08-06,87,1920,882,139,0.625899,0.863400,0.891889,0.695194,,,,,,,,GLOBAL_BASELINE_NO_ENTITY_RANKING,,,NOT_APPLICABLE_GLOBAL_BASELINE,HF9g-P5,,,,X 全窗基线 · 不参与实体赏罚,8397555,840,A168_HF9F_20260827_0900,2026-08-27 09:00:00
2026-07-24,54653530,801,0,5.1635556244,5.1635556244,5.1635556244,1.0000000,1,1,0.49324550000000000,0.493245500000,1.01360149184955,1.01360149184955,1.01360149184955,0E-17,ELIGIBLE,R03b_20260811_FULL_v1,L1_ELIGIBILITY,v2026-08-11,2026-03-21..2026-08-06,baccarat_bet02_101_all_pairs_incl_sentinel,round_win = game_pnl > 0 (decisive only),COMPATIBILITY_ONLY_NOT_PRODUCTION,53571.4227,48249.4483,483.2383,5739,5738,-0.00902045,-0.00297427,-0.01061372,-0.00902045,-483.2383,53571.4227,OK,0.0000,19.3295,4.0000,96.0000,AG03-UNRESOLVED,ALL5_LEVELS_bet23_to_bet27,19.3295,19.3295,24.1619,0.0000,0.0000,4.000000,4.000000,5.000000,0.000000,0.000000,96.000000,96.000000,95.000000,100.000000,100.000000,5.0,62.8210,60.1535,420.4173,423.0848,PENDING_AG03,FALSE,NOT_FOR_ENFORCEMENT,463.9088,46319.4703,483.2383,463.9088,19.3295,0.00902045,0.00865963,19.3295,463.9088,0.00865963,19.3295,19.3295,24.1619,0.0000,0.0000,463.9088,0.00865963,62.8210,60.1535,420.4173,423.0848,0.00784779,0.00789758,0.00036082,9.3346,8.4088,0.0842,5.5545,0.2517,615.7635,65.9540,8.3255,9.6426,5.1431,5.1891,8.2617,16.7816,25.8881,44.2602,5.1891,0.0,4.9889,8.529385,1.798876,29,193,98,2,0.20855820,0.00902045,0.00297427,0E-8,0.000000,0.900656,0.000000,0.00763944,2026-03-21,2026-08-06,87,1920,882,139,0.625899,0.863400,0.891889,0.695194,,,,,,,,GLOBAL_BASELINE_NO_ENTITY_RANKING,,,NOT_APPLICABLE_GLOBAL_BASELINE,HF9g-P5,,,,X 全窗基线 · 不参与实体赏罚,8397556,840,A168_HF9F_20260827_0900,2026-08-27 09:00:00
2026-07-24,54653530,925,0,62.2208452740,16.0715668810,16.0715668810,0.5000000,6,6,0.50441650000000000,0.504416500000,-0.02163718700157003,-0.02163718700157003,-0.02163718700157003,0E-17,ELIGIBLE,R03b_20260811_FULL_v1,L1_ELIGIBILITY,v2026-08-11,2026-03-21..2026-08-06,baccarat_bet02_101_all_pairs_incl_sentinel,round_win = game_pnl > 0 (decisive only),COMPATIBILITY_ONLY_NOT_PRODUCTION,53571.4227,48249.4483,483.2383,5739,5738,-0.00902045,-0.00297427,-0.01061372,-0.00902045,-483.2383,53571.4227,OK,0.0000,19.3295,4.0000,96.0000,AG03-UNRESOLVED,ALL5_LEVELS_bet23_to_bet27,19.3295,19.3295,24.1619,0.0000,0.0000,4.000000,4.000000,5.000000,0.000000,0.000000,96.000000,96.000000,95.000000,100.000000,100.000000,5.0,62.8210,60.1535,420.4173,423.0848,PENDING_AG03,FALSE,NOT_FOR_ENFORCEMENT,463.9088,46319.4703,483.2383,463.9088,19.3295,0.00902045,0.00865963,19.3295,463.9088,0.00865963,19.3295,19.3295,24.1619,0.0000,0.0000,463.9088,0.00865963,62.8210,60.1535,420.4173,423.0848,0.00784779,0.00789758,0.00036082,9.3346,8.4088,0.0842,5.5545,0.2517,615.7635,65.9540,8.3255,9.6426,5.1431,5.1891,8.2617,16.7816,25.8881,44.2602,5.1891,0.0,4.9889,8.529385,1.798876,29,193,98,2,0.20855820,0.00902045,0.00297427,0E-8,0.000000,0.900656,0.000000,0.00763944,2026-03-21,2026-08-06,87,1920,882,139,0.625899,0.863400,0.891889,0.695194,,,,,,,,GLOBAL_BASELINE_NO_ENTITY_RANKING,,,NOT_APPLICABLE_GLOBAL_BASELINE,HF9g-P5,,,,X 全窗基线 · 不参与实体赏罚,8397557,840,A168_HF9F_20260827_0900,2026-08-27 09:00:00
2026-07-24,54653530,970,0,43.3738672450,8.6102290037,8.6102290037,0.5000000,5,5,0.49860758000000000,0.498607580000,0.005569701597489473,0.005569701597489473,0.005569701597489473,0E-17,ELIGIBLE,R03b_20260811_FULL_v1,L1_ELIGIBILITY,v2026-08-11,2026-03-21..2026-08-06,baccarat_bet02_101_all_pairs_incl_sentinel,round_win = game_pnl > 0 (decisive only),COMPATIBILITY_ONLY_NOT_PRODUCTION,53571.4227,48249.4483,483.2383,5739,5738,-0.00902045,-0.00297427,-0.01061372,-0.00902045,-483.2383,53571.4227,OK,0.0000,19.3295,4.0000,96.0000,AG03-UNRESOLVED,ALL5_LEVELS_bet23_to_bet27,19.3295,19.3295,24.1619,0.0000,0.0000,4.000000,4.000000,5.000000,0.000000,0.000000,96.000000,96.000000,95.000000,100.000000,100.000000,5.0,62.8210,60.1535,420.4173,423.0848,PENDING_AG03,FALSE,NOT_FOR_ENFORCEMENT,463.9088,46319.4703,483.2383,463.9088,19.3295,0.00902045,0.00865963,19.3295,463.9088,0.00865963,19.3295,19.3295,24.1619,0.0000,0.0000,463.9088,0.00865963,62.8210,60.1535,420.4173,423.0848,0.00784779,0.00789758,0.00036082,9.3346,8.4088,0.0842,5.5545,0.2517,615.7635,65.9540,8.3255,9.6426,5.1431,5.1891,8.2617,16.7816,25.8881,44.2602,5.1891,0.0,4.9889,8.529385,1.798876,29,193,98,2,0.20855820,0.00902045,0.00297427,0E-8,0.000000,0.900656,0.000000,0.00763944,2026-03-21,2026-08-06,87,1920,882,139,0.625899,0.863400,0.891889,0.695194,,,,,,,,GLOBAL_BASELINE_NO_ENTITY_RANKING,,,NOT_APPLICABLE_GLOBAL_BASELINE,HF9g-P5,,,,X 全窗基线 · 不参与实体赏罚,8397558,840,A168_HF9F_20260827_0900,2026-08-27 09:00:00
2026-07-25,54653530,-1,1,34.0794671210,-10.7143779206,-10.7143779206,0.2500000,5,5,0.50665070000000000,0.506650700000,-1.0266936290537745,-1.0266936290537745,-1.0266936290537745,0E-17,SENTINEL_DEALER,R03b_20260811_FULL_v1,L1_ELIGIBILITY,v2026-08-11,2026-03-21..2026-08-06,baccarat_bet02_101_all_pairs_incl_sentinel,round_win = game_pnl > 0 (decisive only),COMPATIBILITY_ONLY_NOT_PRODUCTION,53571.4227,48249.4483,483.2383,5739,5738,-0.00902045,-0.00297427,-0.01061372,-0.00902045,-483.2383,53571.4227,OK,0.0000,19.3295,4.0000,96.0000,AG03-UNRESOLVED,ALL5_LEVELS_bet23_to_bet27,19.3295,19.3295,24.1619,0.0000,0.0000,4.000000,4.000000,5.000000,0.000000,0.000000,96.000000,96.000000,95.000000,100.000000,100.000000,5.0,62.8210,60.1535,420.4173,423.0848,PENDING_AG03,FALSE,NOT_FOR_ENFORCEMENT,463.9088,46319.4703,483.2383,463.9088,19.3295,0.00902045,0.00865963,19.3295,463.9088,0.00865963,19.3295,19.3295,24.1619,0.0000,0.0000,463.9088,0.00865963,62.8210,60.1535,420.4173,423.0848,0.00784779,0.00789758,0.00036082,9.3346,8.4088,0.0842,5.5545,0.2517,615.7635,65.9540,8.3255,9.6426,5.1431,5.1891,8.2617,16.7816,25.8881,44.2602,5.1891,0.0,4.9889,8.529385,1.798876,29,193,98,2,0.20855820,0.00902045,0.00297427,0E-8,0.000000,0.900656,0.000000,0.00763944,2026-03-21,2026-08-06,87,1920,882,139,0.625899,0.863400,0.891889,0.695194,,,,,,,,GLOBAL_BASELINE_NO_ENTITY_RANKING,,,NOT_APPLICABLE_GLOBAL_BASELINE,HF9g-P5,,,,X 全窗基线 · 不参与实体赏罚,8397559,840,A168_HF9F_20260827_0900,2026-08-27 09:00:00
2026-07-25,54653530,1004,0,76.1624454599,9.5525779052,9.5525779052,0.4000000,6,6,0.50665070000000000,0.506650700000,-0.4769986289884125,-0.4769986289884125,-0.4769986289884125,0E-17,ELIGIBLE,R03b_20260811_FULL_v1,L1_ELIGIBILITY,v2026-08-11,2026-03-21..2026-08-06,baccarat_bet02_101_all_pairs_incl_sentinel,round_win = game_pnl > 0 (decisive only),COMPATIBILITY_ONLY_NOT_PRODUCTION,53571.4227,48249.4483,483.2383,5739,5738,-0.00902045,-0.00297427,-0.01061372,-0.00902045,-483.2383,53571.4227,OK,0.0000,19.3295,4.0000,96.0000,AG03-UNRESOLVED,ALL5_LEVELS_bet23_to_bet27,19.3295,19.3295,24.1619,0.0000,0.0000,4.000000,4.000000,5.000000,0.000000,0.000000,96.000000,96.000000,95.000000,100.000000,100.000000,5.0,62.8210,60.1535,420.4173,423.0848,PENDING_AG03,FALSE,NOT_FOR_ENFORCEMENT,463.9088,46319.4703,483.2383,463.9088,19.3295,0.00902045,0.00865963,19.3295,463.9088,0.00865963,19.3295,19.3295,24.1619,0.0000,0.0000,463.9088,0.00865963,62.8210,60.1535,420.4173,423.0848,0.00784779,0.00789758,0.00036082,9.3346,8.4088,0.0842,5.5545,0.2517,615.7635,65.9540,8.3255,9.6426,5.1431,5.1891,8.2617,16.7816,25.8881,44.2602,5.1891,0.0,4.9889,8.529385,1.798876,29,193,98,2,0.20855820,0.00902045,0.00297427,0E-8,0.000000,0.900656,0.000000,0.00763944,2026-03-21,2026-08-06,87,1920,882,139,0.625899,0.863400,0.891889,0.695194,,,,,,,,GLOBAL_BASELINE_NO_ENTITY_RANKING,,,NOT_APPLICABLE_GLOBAL_BASELINE,HF9g-P5,,,,X 全窗基线 · 不参与实体赏罚,8397560,840,A168_HF9F_20260827_0900,2026-08-27 09:00:00
2026-07-25,54653530,1017,0,5.1635556244,4.9053778432,4.9053778432,1.0000000,1,1,0.50665070000000000,0.506650700000,0.9867858985152569,0.9867858985152569,0.9867858985152569,0E-17,ELIGIBLE,R03b_20260811_FULL_v1,L1_ELIGIBILITY,v2026-08-11,2026-03-21..2026-08-06,baccarat_bet02_101_all_pairs_incl_sentinel,round_win = game_pnl > 0 (decisive only),COMPATIBILITY_ONLY_NOT_PRODUCTION,53571.4227,48249.4483,483.2383,5739,5738,-0.00902045,-0.00297427,-0.01061372,-0.00902045,-483.2383,53571.4227,OK,0.0000,19.3295,4.0000,96.0000,AG03-UNRESOLVED,ALL5_LEVELS_bet23_to_bet27,19.3295,19.3295,24.1619,0.0000,0.0000,4.000000,4.000000,5.000000,0.000000,0.000000,96.000000,96.000000,95.000000,100.000000,100.000000,5.0,62.8210,60.1535,420.4173,423.0848,PENDING_AG03,FALSE,NOT_FOR_ENFORCEMENT,463.9088,46319.4703,483.2383,463.9088,19.3295,0.00902045,0.00865963,19.3295,463.9088,0.00865963,19.3295,19.3295,24.1619,0.0000,0.0000,463.9088,0.00865963,62.8210,60.1535,420.4173,423.0848,0.00784779,0.00789758,0.00036082,9.3346,8.4088,0.0842,5.5545,0.2517,615.7635,65.9540,8.3255,9.6426,5.1431,5.1891,8.2617,16.7816,25.8881,44.2602,5.1891,0.0,4.9889,8.529385,1.798876,29,193,98,2,0.20855820,0.00902045,0.00297427,0E-8,0.000000,0.900656,0.000000,0.00763944,2026-03-21,2026-08-06,87,1920,882,139,0.625899,0.863400,0.891889,0.695194,,,,,,,,GLOBAL_BASELINE_NO_ENTITY_RANKING,,,NOT_APPLICABLE_GLOBAL_BASELINE,HF9g-P5,,,,X 全窗基线 · 不参与实体赏罚,8397561,840,A168_HF9F_20260827_0900,2026-08-27 09:00:00
2026-07-25,54653530,2106,0,75.1297343350,-59.6390674618,-59.6390674618,0.1666667,6,6,0.50218230000000000,0.502182300000,-1.6436998608832374,-1.6436998608832374,-1.6436998608832374,0E-17,ELIGIBLE,R03b_20260811_FULL_v1,L1_ELIGIBILITY,v2026-08-11,2026-03-21..2026-08-06,baccarat_bet02_101_all_pairs_incl_sentinel,round_win = game_pnl > 0 (decisive only),COMPATIBILITY_ONLY_NOT_PRODUCTION,53571.4227,48249.4483,483.2383,5739,5738,-0.00902045,-0.00297427,-0.01061372,-0.00902045,-483.2383,53571.4227,OK,0.0000,19.3295,4.0000,96.0000,AG03-UNRESOLVED,ALL5_LEVELS_bet23_to_bet27,19.3295,19.3295,24.1619,0.0000,0.0000,4.000000,4.000000,5.000000,0.000000,0.000000,96.000000,96.000000,95.000000,100.000000,100.000000,5.0,62.8210,60.1535,420.4173,423.0848,PENDING_AG03,FALSE,NOT_FOR_ENFORCEMENT,463.9088,46319.4703,483.2383,463.9088,19.3295,0.00902045,0.00865963,19.3295,463.9088,0.00865963,19.3295,19.3295,24.1619,0.0000,0.0000,463.9088,0.00865963,62.8210,60.1535,420.4173,423.0848,0.00784779,0.00789758,0.00036082,9.3346,8.4088,0.0842,5.5545,0.2517,615.7635,65.9540,8.3255,9.6426,5.1431,5.1891,8.2617,16.7816,25.8881,44.2602,5.1891,0.0,4.9889,8.529385,1.798876,29,193,98,2,0.20855820,0.00902045,0.00297427,0E-8,0.000000,0.900656,0.000000,0.00763944,2026-03-21,2026-08-06,87,1920,882,139,0.625899,0.863400,0.891889,0.695194,,,,,,,,GLOBAL_BASELINE_NO_ENTITY_RANKING,,,NOT_APPLICABLE_GLOBAL_BASELINE,HF9g-P5,,,,X 全窗基线 · 不参与实体赏罚,8397562,840,A168_HF9F_20260827_0900,2026-08-27 09:00:00
2026-07-25,54653530,2145,0,53.1846229313,-43.1156894637,-43.1156894637,0.1428571,7,7,0.50282064285714286,0.502820642857,-1.904778113290813,-1.904778113290054,-1.904778113290813,1.4286E-13,ELIGIBLE,R03b_20260811_FULL_v1,L1_ELIGIBILITY,v2026-08-11,2026-03-21..2026-08-06,baccarat_bet02_101_all_pairs_incl_sentinel,round_win = game_pnl > 0 (decisive only),COMPATIBILITY_ONLY_NOT_PRODUCTION,53571.4227,48249.4483,483.2383,5739,5738,-0.00902045,-0.00297427,-0.01061372,-0.00902045,-483.2383,53571.4227,OK,0.0000,19.3295,4.0000,96.0000,AG03-UNRESOLVED,ALL5_LEVELS_bet23_to_bet27,19.3295,19.3295,24.1619,0.0000,0.0000,4.000000,4.000000,5.000000,0.000000,0.000000,96.000000,96.000000,95.000000,100.000000,100.000000,5.0,62.8210,60.1535,420.4173,423.0848,PENDING_AG03,FALSE,NOT_FOR_ENFORCEMENT,463.9088,46319.4703,483.2383,463.9088,19.3295,0.00902045,0.00865963,19.3295,463.9088,0.00865963,19.3295,19.3295,24.1619,0.0000,0.0000,463.9088,0.00865963,62.8210,60.1535,420.4173,423.0848,0.00784779,0.00789758,0.00036082,9.3346,8.4088,0.0842,5.5545,0.2517,615.7635,65.9540,8.3255,9.6426,5.1431,5.1891,8.2617,16.7816,25.8881,44.2602,5.1891,0.0,4.9889,8.529385,1.798876,29,193,98,2,0.20855820,0.00902045,0.00297427,0E-8,0.000000,0.900656,0.000000,0.00763944,2026-03-21,2026-08-06,87,1920,882,139,0.625899,0.863400,0.891889,0.695194,,,,,,,,GLOBAL_BASELINE_NO_ENTITY_RANKING,,,NOT_APPLICABLE_GLOBAL_BASELINE,HF9g-P5,,,,X 全窗基线 · 不参与实体赏罚,8397563,840,A168_HF9F_20260827_0900,2026-08-27 09:00:00
2026-07-25,54653530,2169,0,30.9813337464,9.2944001240,9.2944001240,0.6000000,5,5,0.50128862000000000,0.501288620000,0.4414521777673877,0.4414521777673877,0.4414521777673877,0E-17,ELIGIBLE,R03b_20260811_FULL_v1,L1_ELIGIBILITY,v2026-08-11,2026-03-21..2026-08-06,baccarat_bet02_101_all_pairs_incl_sentinel,round_win = game_pnl > 0 (decisive only),COMPATIBILITY_ONLY_NOT_PRODUCTION,53571.4227,48249.4483,483.2383,5739,5738,-0.00902045,-0.00297427,-0.01061372,-0.00902045,-483.2383,53571.4227,OK,0.0000,19.3295,4.0000,96.0000,AG03-UNRESOLVED,ALL5_LEVELS_bet23_to_bet27,19.3295,19.3295,24.1619,0.0000,0.0000,4.000000,4.000000,5.000000,0.000000,0.000000,96.000000,96.000000,95.000000,100.000000,100.000000,5.0,62.8210,60.1535,420.4173,423.0848,PENDING_AG03,FALSE,NOT_FOR_ENFORCEMENT,463.9088,46319.4703,483.2383,463.9088,19.3295,0.00902045,0.00865963,19.3295,463.9088,0.00865963,19.3295,19.3295,24.1619,0.0000,0.0000,463.9088,0.00865963,62.8210,60.1535,420.4173,423.0848,0.00784779,0.00789758,0.00036082,9.3346,8.4088,0.0842,5.5545,0.2517,615.7635,65.9540,8.3255,9.6426,5.1431,5.1891,8.2617,16.7816,25.8881,44.2602,5.1891,0.0,4.9889,8.529385,1.798876,29,193,98,2,0.20855820,0.00902045,0.00297427,0E-8,0.000000,0.900656,0.000000,0.00763944,2026-03-21,2026-08-06,87,1920,882,139,0.625899,0.863400,0.891889,0.695194,,,,,,,,GLOBAL_BASELINE_NO_ENTITY_RANKING,,,NOT_APPLICABLE_GLOBAL_BASELINE,HF9g-P5,,,,X 全窗基线 · 不参与实体赏罚,8397564,840,A168_HF9F_20260827_0900,2026-08-27 09:00:00
2026-07-25,54653530,763,0,10.3271112488,9.8107556864,9.8107556864,1.0000000,2,2,0.50665070000000000,0.506650700000,1.3955260008387969,1.3955260008387969,1.3955260008387969,0E-17,ELIGIBLE,R03b_20260811_FULL_v1,L1_ELIGIBILITY,v2026-08-11,2026-03-21..2026-08-06,baccarat_bet02_101_all_pairs_incl_sentinel,round_win = game_pnl > 0 (decisive only),COMPATIBILITY_ONLY_NOT_PRODUCTION,53571.4227,48249.4483,483.2383,5739,5738,-0.00902045,-0.00297427,-0.01061372,-0.00902045,-483.2383,53571.4227,OK,0.0000,19.3295,4.0000,96.0000,AG03-UNRESOLVED,ALL5_LEVELS_bet23_to_bet27,19.3295,19.3295,24.1619,0.0000,0.0000,4.000000,4.000000,5.000000,0.000000,0.000000,96.000000,96.000000,95.000000,100.000000,100.000000,5.0,62.8210,60.1535,420.4173,423.0848,PENDING_AG03,FALSE,NOT_FOR_ENFORCEMENT,463.9088,46319.4703,483.2383,463.9088,19.3295,0.00902045,0.00865963,19.3295,463.9088,0.00865963,19.3295,19.3295,24.1619,0.0000,0.0000,463.9088,0.00865963,62.8210,60.1535,420.4173,423.0848,0.00784779,0.00789758,0.00036082,9.3346,8.4088,0.0842,5.5545,0.2517,615.7635,65.9540,8.3255,9.6426,5.1431,5.1891,8.2617,16.7816,25.8881,44.2602,5.1891,0.0,4.9889,8.529385,1.798876,29,193,98,2,0.20855820,0.00902045,0.00297427,0E-8,0.000000,0.900656,0.000000,0.00763944,2026-03-21,2026-08-06,87,1920,882,139,0.625899,0.863400,0.891889,0.695194,,,,,,,,GLOBAL_BASELINE_NO_ENTITY_RANKING,,,NOT_APPLICABLE_GLOBAL_BASELINE,HF9g-P5,,,,X 全窗基线 · 不参与实体赏罚,8397565,840,A168_HF9F_20260827_0900,2026-08-27 09:00:00
2026-07-26,54653530,1400,0,12.9088890610,-12.9088890610,-12.9088890610,0E-7,2,2,0.50665070000000000,0.506650700000,-1.4331513700195317,-1.4331513700195317,-1.4331513700195317,0E-17,ELIGIBLE,R03b_20260811_FULL_v1,L1_ELIGIBILITY,v2026-08-11,2026-03-21..2026-08-06,baccarat_bet02_101_all_pairs_incl_sentinel,round_win = game_pnl > 0 (decisive only),COMPATIBILITY_ONLY_NOT_PRODUCTION,53571.4227,48249.4483,483.2383,5739,5738,-0.00902045,-0.00297427,-0.01061372,-0.00902045,-483.2383,53571.4227,OK,0.0000,19.3295,4.0000,96.0000,AG03-UNRESOLVED,ALL5_LEVELS_bet23_to_bet27,19.3295,19.3295,24.1619,0.0000,0.0000,4.000000,4.000000,5.000000,0.000000,0.000000,96.000000,96.000000,95.000000,100.000000,100.000000,5.0,62.8210,60.1535,420.4173,423.0848,PENDING_AG03,FALSE,NOT_FOR_ENFORCEMENT,463.9088,46319.4703,483.2383,463.9088,19.3295,0.00902045,0.00865963,19.3295,463.9088,0.00865963,19.3295,19.3295,24.1619,0.0000,0.0000,463.9088,0.00865963,62.8210,60.1535,420.4173,423.0848,0.00784779,0.00789758,0.00036082,9.3346,8.4088,0.0842,5.5545,0.2517,615.7635,65.9540,8.3255,9.6426,5.1431,5.1891,8.2617,16.7816,25.8881,44.2602,5.1891,0.0,4.9889,8.529385,1.798876,29,193,98,2,0.20855820,0.00902045,0.00297427,0E-8,0.000000,0.900656,0.000000,0.00763944,2026-03-21,2026-08-06,87,1920,882,139,0.625899,0.863400,0.891889,0.695194,,,,,,,,GLOBAL_BASELINE_NO_ENTITY_RANKING,,,NOT_APPLICABLE_GLOBAL_BASELINE,HF9g-P5,,,,X 全窗基线 · 不参与实体赏罚,8397566,840,A168_HF9F_20260827_0900,2026-08-27 09:00:00
2026-07-26,54653530,1402,0,21.9451114037,-11.8761779361,-11.8761779361,0.5000000,2,2,0.50665070000000000,0.506650700000,-0.018812684590367487,-0.018812684590367487,-0.018812684590367487,0E-17,ELIGIBLE,R03b_20260811_FULL_v1,L1_ELIGIBILITY,v2026-08-11,2026-03-21..2026-08-06,baccarat_bet02_101_all_pairs_incl_sentinel,round_win = game_pnl > 0 (decisive only),COMPATIBILITY_ONLY_NOT_PRODUCTION,53571.4227,48249.4483,483.2383,5739,5738,-0.00902045,-0.00297427,-0.01061372,-0.00902045,-483.2383,53571.4227,OK,0.0000,19.3295,4.0000,96.0000,AG03-UNRESOLVED,ALL5_LEVELS_bet23_to_bet27,19.3295,19.3295,24.1619,0.0000,0.0000,4.000000,4.000000,5.000000,0.000000,0.000000,96.000000,96.000000,95.000000,100.000000,100.000000,5.0,62.8210,60.1535,420.4173,423.0848,PENDING_AG03,FALSE,NOT_FOR_ENFORCEMENT,463.9088,46319.4703,483.2383,463.9088,19.3295,0.00902045,0.00865963,19.3295,463.9088,0.00865963,19.3295,19.3295,24.1619,0.0000,0.0000,463.9088,0.00865963,62.8210,60.1535,420.4173,423.0848,0.00784779,0.00789758,0.00036082,9.3346,8.4088,0.0842,5.5545,0.2517,615.7635,65.9540,8.3255,9.6426,5.1431,5.1891,8.2617,16.7816,25.8881,44.2602,5.1891,0.0,4.9889,8.529385,1.798876,29,193,98,2,0.20855820,0.00902045,0.00297427,0E-8,0.000000,0.900656,0.000000,0.00763944,2026-03-21,2026-08-06,87,1920,882,139,0.625899,0.863400,0.891889,0.695194,,,,,,,,GLOBAL_BASELINE_NO_ENTITY_RANKING,,,NOT_APPLICABLE_GLOBAL_BASELINE,HF9g-P5,,,,X 全窗基线 · 不参与实体赏罚,8397567,840,A168_HF9F_20260827_0900,2026-08-27 09:00:00
2026-07-26,54653530,2145,0,34.5958226835,-26.8504892469,-26.8504892469,0E-7,4,4,0.50329940000000000,0.503299400000,-1.743518224870635,-1.743518224870635,-1.743518224870635,0E-17,ELIGIBLE,R03b_20260811_FULL_v1,L1_ELIGIBILITY,v2026-08-11,2026-03-21..2026-08-06,baccarat_bet02_101_all_pairs_incl_sentinel,round_win = game_pnl > 0 (decisive only),COMPATIBILITY_ONLY_NOT_PRODUCTION,53571.4227,48249.4483,483.2383,5739,5738,-0.00902045,-0.00297427,-0.01061372,-0.00902045,-483.2383,53571.4227,OK,0.0000,19.3295,4.0000,96.0000,AG03-UNRESOLVED,ALL5_LEVELS_bet23_to_bet27,19.3295,19.3295,24.1619,0.0000,0.0000,4.000000,4.000000,5.000000,0.000000,0.000000,96.000000,96.000000,95.000000,100.000000,100.000000,5.0,62.8210,60.1535,420.4173,423.0848,PENDING_AG03,FALSE,NOT_FOR_ENFORCEMENT,463.9088,46319.4703,483.2383,463.9088,19.3295,0.00902045,0.00865963,19.3295,463.9088,0.00865963,19.3295,19.3295,24.1619,0.0000,0.0000,463.9088,0.00865963,62.8210,60.1535,420.4173,423.0848,0.00784779,0.00789758,0.00036082,9.3346,8.4088,0.0842,5.5545,0.2517,615.7635,65.9540,8.3255,9.6426,5.1431,5.1891,8.2617,16.7816,25.8881,44.2602,5.1891,0.0,4.9889,8.529385,1.798876,29,193,98,2,0.20855820,0.00902045,0.00297427,0E-8,0.000000,0.900656,0.000000,0.00763944,2026-03-21,2026-08-06,87,1920,882,139,0.625899,0.863400,0.891889,0.695194,,,,,,,,GLOBAL_BASELINE_NO_ENTITY_RANKING,,,NOT_APPLICABLE_GLOBAL_BASELINE,HF9g-P5,,,,X 全窗基线 · 不参与实体赏罚,8397568,840,A168_HF9F_20260827_0900,2026-08-27 09:00:00
2026-07-27,54653530,2196,0,97.3330235199,-52.0228229158,-52.0228229158,0.1428571,7,7,0.50665070000000000,0.506650700000,-1.925184877894219,-1.925184877894219,-1.925184877894219,0E-17,ELIGIBLE,R03b_20260811_FULL_v1,L1_ELIGIBILITY,v2026-08-11,2026-03-21..2026-08-06,baccarat_bet02_101_all_pairs_incl_sentinel,round_win = game_pnl > 0 (decisive only),COMPATIBILITY_ONLY_NOT_PRODUCTION,53571.4227,48249.4483,483.2383,5739,5738,-0.00902045,-0.00297427,-0.01061372,-0.00902045,-483.2383,53571.4227,OK,0.0000,19.3295,4.0000,96.0000,AG03-UNRESOLVED,ALL5_LEVELS_bet23_to_bet27,19.3295,19.3295,24.1619,0.0000,0.0000,4.000000,4.000000,5.000000,0.000000,0.000000,96.000000,96.000000,95.000000,100.000000,100.000000,5.0,62.8210,60.1535,420.4173,423.0848,PENDING_AG03,FALSE,NOT_FOR_ENFORCEMENT,463.9088,46319.4703,483.2383,463.9088,19.3295,0.00902045,0.00865963,19.3295,463.9088,0.00865963,19.3295,19.3295,24.1619,0.0000,0.0000,463.9088,0.00865963,62.8210,60.1535,420.4173,423.0848,0.00784779,0.00789758,0.00036082,9.3346,8.4088,0.0842,5.5545,0.2517,615.7635,65.9540,8.3255,9.6426,5.1431,5.1891,8.2617,16.7816,25.8881,44.2602,5.1891,0.0,4.9889,8.529385,1.798876,29,193,98,2,0.20855820,0.00902045,0.00297427,0E-8,0.000000,0.900656,0.000000,0.00763944,2026-03-21,2026-08-06,87,1920,882,139,0.625899,0.863400,0.891889,0.695194,,,,,,,,GLOBAL_BASELINE_NO_ENTITY_RANKING,,,NOT_APPLICABLE_GLOBAL_BASELINE,HF9g-P5,,,,X 全窗基线 · 不参与实体赏罚,8397569,840,A168_HF9F_20260827_0900,2026-08-27 09:00:00
2026-07-29,54653530,-1,1,10.3271112488,9.8107556864,9.8107556864,1.0000000,2,2,0.50665070000000000,0.506650700000,1.3955260008387969,1.3955260008387969,1.3955260008387969,0E-17,SENTINEL_DEALER,R03b_20260811_FULL_v1,L1_ELIGIBILITY,v2026-08-11,2026-03-21..2026-08-06,baccarat_bet02_101_all_pairs_incl_sentinel,round_win = game_pnl > 0 (decisive only),COMPATIBILITY_ONLY_NOT_PRODUCTION,53571.4227,48249.4483,483.2383,5739,5738,-0.00902045,-0.00297427,-0.01061372,-0.00902045,-483.2383,53571.4227,OK,0.0000,19.3295,4.0000,96.0000,AG03-UNRESOLVED,ALL5_LEVELS_bet23_to_bet27,19.3295,19.3295,24.1619,0.0000,0.0000,4.000000,4.000000,5.000000,0.000000,0.000000,96.000000,96.000000,95.000000,100.000000,100.000000,5.0,62.8210,60.1535,420.4173,423.0848,PENDING_AG03,FALSE,NOT_FOR_ENFORCEMENT,463.9088,46319.4703,483.2383,463.9088,19.3295,0.00902045,0.00865963,19.3295,463.9088,0.00865963,19.3295,19.3295,24.1619,0.0000,0.0000,463.9088,0.00865963,62.8210,60.1535,420.4173,423.0848,0.00784779,0.00789758,0.00036082,9.3346,8.4088,0.0842,5.5545,0.2517,615.7635,65.9540,8.3255,9.6426,5.1431,5.1891,8.2617,16.7816,25.8881,44.2602,5.1891,0.0,4.9889,8.529385,1.798876,29,193,98,2,0.20855820,0.00902045,0.00297427,0E-8,0.000000,0.900656,0.000000,0.00763944,2026-03-21,2026-08-06,87,1920,882,139,0.625899,0.863400,0.891889,0.695194,,,,,,,,GLOBAL_BASELINE_NO_ENTITY_RANKING,,,NOT_APPLICABLE_GLOBAL_BASELINE,HF9g-P5,,,,X 全窗基线 · 不参与实体赏罚,8397570,840,A168_HF9F_20260827_0900,2026-08-27 09:00:00
2026-07-29,54653530,1094,0,50.0864895567,-8.8038623396,-8.8038623396,0.2500000,4,4,0.50665070000000000,0.506650700000,-1.0266936290537745,-1.0266936290537745,-1.0266936290537745,0E-17,ELIGIBLE,R03b_20260811_FULL_v1,L1_ELIGIBILITY,v2026-08-11,2026-03-21..2026-08-06,baccarat_bet02_101_all_pairs_incl_sentinel,round_win = game_pnl > 0 (decisive only),COMPATIBILITY_ONLY_NOT_PRODUCTION,53571.4227,48249.4483,483.2383,5739,5738,-0.00902045,-0.00297427,-0.01061372,-0.00902045,-483.2383,53571.4227,OK,0.0000,19.3295,4.0000,96.0000,AG03-UNRESOLVED,ALL5_LEVELS_bet23_to_bet27,19.3295,19.3295,24.1619,0.0000,0.0000,4.000000,4.000000,5.000000,0.000000,0.000000,96.000000,96.000000,95.000000,100.000000,100.000000,5.0,62.8210,60.1535,420.4173,423.0848,PENDING_AG03,FALSE,NOT_FOR_ENFORCEMENT,463.9088,46319.4703,483.2383,463.9088,19.3295,0.00902045,0.00865963,19.3295,463.9088,0.00865963,19.3295,19.3295,24.1619,0.0000,0.0000,463.9088,0.00865963,62.8210,60.1535,420.4173,423.0848,0.00784779,0.00789758,0.00036082,9.3346,8.4088,0.0842,5.5545,0.2517,615.7635,65.9540,8.3255,9.6426,5.1431,5.1891,8.2617,16.7816,25.8881,44.2602,5.1891,0.0,4.9889,8.529385,1.798876,29,193,98,2,0.20855820,0.00902045,0.00297427,0E-8,0.000000,0.900656,0.000000,0.00763944,2026-03-21,2026-08-06,87,1920,882,139,0.625899,0.863400,0.891889,0.695194,,,,,,,,GLOBAL_BASELINE_NO_ENTITY_RANKING,,,NOT_APPLICABLE_GLOBAL_BASELINE,HF9g-P5,,,,X 全窗基线 · 不参与实体赏罚,8397571,840,A168_HF9F_20260827_0900,2026-08-27 09:00:00
2026-07-29,54653530,1151,0,33.5631115586,-33.5631115586,-33.5631115586,0E-7,3,3,0.49324550000000000,0.493245500000,-1.708808463184432,-1.7088084631844318,-1.708808463184432,0E-17,ELIGIBLE,R03b_20260811_FULL_v1,L1_ELIGIBILITY,v2026-08-11,2026-03-21..2026-08-06,baccarat_bet02_101_all_pairs_incl_sentinel,round_win = game_pnl > 0 (decisive only),COMPATIBILITY_ONLY_NOT_PRODUCTION,53571.4227,48249.4483,483.2383,5739,5738,-0.00902045,-0.00297427,-0.01061372,-0.00902045,-483.2383,53571.4227,OK,0.0000,19.3295,4.0000,96.0000,AG03-UNRESOLVED,ALL5_LEVELS_bet23_to_bet27,19.3295,19.3295,24.1619,0.0000,0.0000,4.000000,4.000000,5.000000,0.000000,0.000000,96.000000,96.000000,95.000000,100.000000,100.000000,5.0,62.8210,60.1535,420.4173,423.0848,PENDING_AG03,FALSE,NOT_FOR_ENFORCEMENT,463.9088,46319.4703,483.2383,463.9088,19.3295,0.00902045,0.00865963,19.3295,463.9088,0.00865963,19.3295,19.3295,24.1619,0.0000,0.0000,463.9088,0.00865963,62.8210,60.1535,420.4173,423.0848,0.00784779,0.00789758,0.00036082,9.3346,8.4088,0.0842,5.5545,0.2517,615.7635,65.9540,8.3255,9.6426,5.1431,5.1891,8.2617,16.7816,25.8881,44.2602,5.1891,0.0,4.9889,8.529385,1.798876,29,193,98,2,0.20855820,0.00902045,0.00297427,0E-8,0.000000,0.900656,0.000000,0.00763944,2026-03-21,2026-08-06,87,1920,882,139,0.625899,0.863400,0.891889,0.695194,,,,,,,,GLOBAL_BASELINE_NO_ENTITY_RANKING,,,NOT_APPLICABLE_GLOBAL_BASELINE,HF9g-P5,,,,X 全窗基线 · 不参与实体赏罚,8397572,840,A168_HF9F_20260827_0900,2026-08-27 09:00:00
2026-07-29,54653530,1157,0,18.0724446854,7.3580667648,7.3580667648,0.6666667,3,3,0.49771390000000000,0.497713900000,0.5852756695216578,0.5852756695216578,0.5852756695216578,0E-17,ELIGIBLE,R03b_20260811_FULL_v1,L1_ELIGIBILITY,v2026-08-11,2026-03-21..2026-08-06,baccarat_bet02_101_all_pairs_incl_sentinel,round_win = game_pnl > 0 (decisive only),COMPATIBILITY_ONLY_NOT_PRODUCTION,53571.4227,48249.4483,483.2383,5739,5738,-0.00902045,-0.00297427,-0.01061372,-0.00902045,-483.2383,53571.4227,OK,0.0000,19.3295,4.0000,96.0000,AG03-UNRESOLVED,ALL5_LEVELS_bet23_to_bet27,19.3295,19.3295,24.1619,0.0000,0.0000,4.000000,4.000000,5.000000,0.000000,0.000000,96.000000,96.000000,95.000000,100.000000,100.000000,5.0,62.8210,60.1535,420.4173,423.0848,PENDING_AG03,FALSE,NOT_FOR_ENFORCEMENT,463.9088,46319.4703,483.2383,463.9088,19.3295,0.00902045,0.00865963,19.3295,463.9088,0.00865963,19.3295,19.3295,24.1619,0.0000,0.0000,463.9088,0.00865963,62.8210,60.1535,420.4173,423.0848,0.00784779,0.00789758,0.00036082,9.3346,8.4088,0.0842,5.5545,0.2517,615.7635,65.9540,8.3255,9.6426,5.1431,5.1891,8.2617,16.7816,25.8881,44.2602,5.1891,0.0,4.9889,8.529385,1.798876,29,193,98,2,0.20855820,0.00902045,0.00297427,0E-8,0.000000,0.900656,0.000000,0.00763944,2026-03-21,2026-08-06,87,1920,882,139,0.625899,0.863400,0.891889,0.695194,,,,,,,,GLOBAL_BASELINE_NO_ENTITY_RANKING,,,NOT_APPLICABLE_GLOBAL_BASELINE,HF9g-P5,,,,X 全窗基线 · 不参与实体赏罚,8397573,840,A168_HF9F_20260827_0900,2026-08-27 09:00:00
2026-07-29,54653530,1205,0,38.7266671830,27.7541114812,27.7541114812,0.8000000,5,5,0.49860758000000000,0.498607580000,1.3478731046594083,1.3478731046594083,1.3478731046594083,0E-17,ELIGIBLE,R03b_20260811_FULL_v1,L1_ELIGIBILITY,v2026-08-11,2026-03-21..2026-08-06,baccarat_bet02_101_all_pairs_incl_sentinel,round_win = game_pnl > 0 (decisive only),COMPATIBILITY_ONLY_NOT_PRODUCTION,53571.4227,48249.4483,483.2383,5739,5738,-0.00902045,-0.00297427,-0.01061372,-0.00902045,-483.2383,53571.4227,OK,0.0000,19.3295,4.0000,96.0000,AG03-UNRESOLVED,ALL5_LEVELS_bet23_to_bet27,19.3295,19.3295,24.1619,0.0000,0.0000,4.000000,4.000000,5.000000,0.000000,0.000000,96.000000,96.000000,95.000000,100.000000,100.000000,5.0,62.8210,60.1535,420.4173,423.0848,PENDING_AG03,FALSE,NOT_FOR_ENFORCEMENT,463.9088,46319.4703,483.2383,463.9088,19.3295,0.00902045,0.00865963,19.3295,463.9088,0.00865963,19.3295,19.3295,24.1619,0.0000,0.0000,463.9088,0.00865963,62.8210,60.1535,420.4173,423.0848,0.00784779,0.00789758,0.00036082,9.3346,8.4088,0.0842,5.5545,0.2517,615.7635,65.9540,8.3255,9.6426,5.1431,5.1891,8.2617,16.7816,25.8881,44.2602,5.1891,0.0,4.9889,8.529385,1.798876,29,193,98,2,0.20855820,0.00902045,0.00297427,0E-8,0.000000,0.900656,0.000000,0.00763944,2026-03-21,2026-08-06,87,1920,882,139,0.625899,0.863400,0.891889,0.695194,,,,,,,,GLOBAL_BASELINE_NO_ENTITY_RANKING,,,NOT_APPLICABLE_GLOBAL_BASELINE,HF9g-P5,,,,X 全窗基线 · 不参与实体赏罚,8397574,840,A168_HF9F_20260827_0900,2026-08-27 09:00:00
2026-07-29,54653530,1210,0,5.1635556244,4.9053778432,4.9053778432,1.0000000,1,1,0.50665070000000000,0.506650700000,0.9867858985152569,0.9867858985152569,0.9867858985152569,0E-17,ELIGIBLE,R03b_20260811_FULL_v1,L1_ELIGIBILITY,v2026-08-11,2026-03-21..2026-08-06,baccarat_bet02_101_all_pairs_incl_sentinel,round_win = game_pnl > 0 (decisive only),COMPATIBILITY_ONLY_NOT_PRODUCTION,53571.4227,48249.4483,483.2383,5739,5738,-0.00902045,-0.00297427,-0.01061372,-0.00902045,-483.2383,53571.4227,OK,0.0000,19.3295,4.0000,96.0000,AG03-UNRESOLVED,ALL5_LEVELS_bet23_to_bet27,19.3295,19.3295,24.1619,0.0000,0.0000,4.000000,4.000000,5.000000,0.000000,0.000000,96.000000,96.000000,95.000000,100.000000,100.000000,5.0,62.8210,60.1535,420.4173,423.0848,PENDING_AG03,FALSE,NOT_FOR_ENFORCEMENT,463.9088,46319.4703,483.2383,463.9088,19.3295,0.00902045,0.00865963,19.3295,463.9088,0.00865963,19.3295,19.3295,24.1619,0.0000,0.0000,463.9088,0.00865963,62.8210,60.1535,420.4173,423.0848,0.00784779,0.00789758,0.00036082,9.3346,8.4088,0.0842,5.5545,0.2517,615.7635,65.9540,8.3255,9.6426,5.1431,5.1891,8.2617,16.7816,25.8881,44.2602,5.1891,0.0,4.9889,8.529385,1.798876,29,193,98,2,0.20855820,0.00902045,0.00297427,0E-8,0.000000,0.900656,0.000000,0.00763944,2026-03-21,2026-08-06,87,1920,882,139,0.625899,0.863400,0.891889,0.695194,,,,,,,,GLOBAL_BASELINE_NO_ENTITY_RANKING,,,NOT_APPLICABLE_GLOBAL_BASELINE,HF9g-P5,,,,X 全窗基线 · 不参与实体赏罚,8397575,840,A168_HF9F_20260827_0900,2026-08-27 09:00:00
2026-07-29,54653530,1306,0,87.5222678336,20.9898536133,20.9898536133,0.6153846,13,13,0.50046368461538462,0.500463684615,0.8287069733747653,0.8287069733775382,0.8287069733747653,3.8462E-13,ELIGIBLE,R03b_20260811_FULL_v1,L1_ELIGIBILITY,v2026-08-11,2026-03-21..2026-08-06,baccarat_bet02_101_all_pairs_incl_sentinel,round_win = game_pnl > 0 (decisive only),COMPATIBILITY_ONLY_NOT_PRODUCTION,53571.4227,48249.4483,483.2383,5739,5738,-0.00902045,-0.00297427,-0.01061372,-0.00902045,-483.2383,53571.4227,OK,0.0000,19.3295,4.0000,96.0000,AG03-UNRESOLVED,ALL5_LEVELS_bet23_to_bet27,19.3295,19.3295,24.1619,0.0000,0.0000,4.000000,4.000000,5.000000,0.000000,0.000000,96.000000,96.000000,95.000000,100.000000,100.000000,5.0,62.8210,60.1535,420.4173,423.0848,PENDING_AG03,FALSE,NOT_FOR_ENFORCEMENT,463.9088,46319.4703,483.2383,463.9088,19.3295,0.00902045,0.00865963,19.3295,463.9088,0.00865963,19.3295,19.3295,24.1619,0.0000,0.0000,463.9088,0.00865963,62.8210,60.1535,420.4173,423.0848,0.00784779,0.00789758,0.00036082,9.3346,8.4088,0.0842,5.5545,0.2517,615.7635,65.9540,8.3255,9.6426,5.1431,5.1891,8.2617,16.7816,25.8881,44.2602,5.1891,0.0,4.9889,8.529385,1.798876,29,193,98,2,0.20855820,0.00902045,0.00297427,0E-8,0.000000,0.900656,0.000000,0.00763944,2026-03-21,2026-08-06,87,1920,882,139,0.625899,0.863400,0.891889,0.695194,,,,,,,,GLOBAL_BASELINE_NO_ENTITY_RANKING,,,NOT_APPLICABLE_GLOBAL_BASELINE,HF9g-P5,,,,X 全窗基线 · 不参与实体赏罚,8397576,840,A168_HF9F_20260827_0900,2026-08-27 09:00:00
2026-07-29,54653530,1307,0,56.7991118684,-18.8469780290,-18.8469780290,0.3333333,7,7,0.50090561428571429,0.500905614286,-0.8209345132943034,-0.820934513295704,-0.8209345132943034,-2.8571E-13,ELIGIBLE,R03b_20260811_FULL_v1,L1_ELIGIBILITY,v2026-08-11,2026-03-21..2026-08-06,baccarat_bet02_101_all_pairs_incl_sentinel,round_win = game_pnl > 0 (decisive only),COMPATIBILITY_ONLY_NOT_PRODUCTION,53571.4227,48249.4483,483.2383,5739,5738,-0.00902045,-0.00297427,-0.01061372,-0.00902045,-483.2383,53571.4227,OK,0.0000,19.3295,4.0000,96.0000,AG03-UNRESOLVED,ALL5_LEVELS_bet23_to_bet27,19.3295,19.3295,24.1619,0.0000,0.0000,4.000000,4.000000,5.000000,0.000000,0.000000,96.000000,96.000000,95.000000,100.000000,100.000000,5.0,62.8210,60.1535,420.4173,423.0848,PENDING_AG03,FALSE,NOT_FOR_ENFORCEMENT,463.9088,46319.4703,483.2383,463.9088,19.3295,0.00902045,0.00865963,19.3295,463.9088,0.00865963,19.3295,19.3295,24.1619,0.0000,0.0000,463.9088,0.00865963,62.8210,60.1535,420.4173,423.0848,0.00784779,0.00789758,0.00036082,9.3346,8.4088,0.0842,5.5545,0.2517,615.7635,65.9540,8.3255,9.6426,5.1431,5.1891,8.2617,16.7816,25.8881,44.2602,5.1891,0.0,4.9889,8.529385,1.798876,29,193,98,2,0.20855820,0.00902045,0.00297427,0E-8,0.000000,0.900656,0.000000,0.00763944,2026-03-21,2026-08-06,87,1920,882,139,0.625899,0.863400,0.891889,0.695194,,,,,,,,GLOBAL_BASELINE_NO_ENTITY_RANKING,,,NOT_APPLICABLE_GLOBAL_BASELINE,HF9g-P5,,,,X 全窗基线 · 不参与实体赏罚,8397577,840,A168_HF9F_20260827_0900,2026-08-27 09:00:00
2026-07-29,54653530,1353,0,10.3271112488,4.9053778432,4.9053778432,1.0000000,2,2,0.50665070000000000,0.506650700000,0.9867858985152569,0.9867858985152569,0.9867858985152569,0E-17,ELIGIBLE,R03b_20260811_FULL_v1,L1_ELIGIBILITY,v2026-08-11,2026-03-21..2026-08-06,baccarat_bet02_101_all_pairs_incl_sentinel,round_win = game_pnl > 0 (decisive only),COMPATIBILITY_ONLY_NOT_PRODUCTION,53571.4227,48249.4483,483.2383,5739,5738,-0.00902045,-0.00297427,-0.01061372,-0.00902045,-483.2383,53571.4227,OK,0.0000,19.3295,4.0000,96.0000,AG03-UNRESOLVED,ALL5_LEVELS_bet23_to_bet27,19.3295,19.3295,24.1619,0.0000,0.0000,4.000000,4.000000,5.000000,0.000000,0.000000,96.000000,96.000000,95.000000,100.000000,100.000000,5.0,62.8210,60.1535,420.4173,423.0848,PENDING_AG03,FALSE,NOT_FOR_ENFORCEMENT,463.9088,46319.4703,483.2383,463.9088,19.3295,0.00902045,0.00865963,19.3295,463.9088,0.00865963,19.3295,19.3295,24.1619,0.0000,0.0000,463.9088,0.00865963,62.8210,60.1535,420.4173,423.0848,0.00784779,0.00789758,0.00036082,9.3346,8.4088,0.0842,5.5545,0.2517,615.7635,65.9540,8.3255,9.6426,5.1431,5.1891,8.2617,16.7816,25.8881,44.2602,5.1891,0.0,4.9889,8.529385,1.798876,29,193,98,2,0.20855820,0.00902045,0.00297427,0E-8,0.000000,0.900656,0.000000,0.00763944,2026-03-21,2026-08-06,87,1920,882,139,0.625899,0.863400,0.891889,0.695194,,,,,,,,GLOBAL_BASELINE_NO_ENTITY_RANKING,,,NOT_APPLICABLE_GLOBAL_BASELINE,HF9g-P5,,,,X 全窗基线 · 不参与实体赏罚,8397578,840,A168_HF9F_20260827_0900,2026-08-27 09:00:00
2026-07-29,54653530,1363,0,18.0724446854,-2.9690444840,-2.9690444840,0.3333333,3,3,0.50218230000000000,0.502182300000,-0.5849155494134425,-0.5849155494134426,-0.5849155494134425,0E-17,ELIGIBLE,R03b_20260811_FULL_v1,L1_ELIGIBILITY,v2026-08-11,2026-03-21..2026-08-06,baccarat_bet02_101_all_pairs_incl_sentinel,round_win = game_pnl > 0 (decisive only),COMPATIBILITY_ONLY_NOT_PRODUCTION,53571.4227,48249.4483,483.2383,5739,5738,-0.00902045,-0.00297427,-0.01061372,-0.00902045,-483.2383,53571.4227,OK,0.0000,19.3295,4.0000,96.0000,AG03-UNRESOLVED,ALL5_LEVELS_bet23_to_bet27,19.3295,19.3295,24.1619,0.0000,0.0000,4.000000,4.000000,5.000000,0.000000,0.000000,96.000000,96.000000,95.000000,100.000000,100.000000,5.0,62.8210,60.1535,420.4173,423.0848,PENDING_AG03,FALSE,NOT_FOR_ENFORCEMENT,463.9088,46319.4703,483.2383,463.9088,19.3295,0.00902045,0.00865963,19.3295,463.9088,0.00865963,19.3295,19.3295,24.1619,0.0000,0.0000,463.9088,0.00865963,62.8210,60.1535,420.4173,423.0848,0.00784779,0.00789758,0.00036082,9.3346,8.4088,0.0842,5.5545,0.2517,615.7635,65.9540,8.3255,9.6426,5.1431,5.1891,8.2617,16.7816,25.8881,44.2602,5.1891,0.0,4.9889,8.529385,1.798876,29,193,98,2,0.20855820,0.00902045,0.00297427,0E-8,0.000000,0.900656,0.000000,0.00763944,2026-03-21,2026-08-06,87,1920,882,139,0.625899,0.863400,0.891889,0.695194,,,,,,,,GLOBAL_BASELINE_NO_ENTITY_RANKING,,,NOT_APPLICABLE_GLOBAL_BASELINE,HF9g-P5,,,,X 全窗基线 · 不参与实体赏罚,8397579,840,A168_HF9F_20260827_0900,2026-08-27 09:00:00
2026-07-29,54653530,1383,0,18.0724446854,7.0998889836,7.0998889836,0.6666667,3,3,0.50665070000000000,0.506650700000,0.5543606114942035,0.5543606114942035,0.5543606114942035,0E-17,ELIGIBLE,R03b_20260811_FULL_v1,L1_ELIGIBILITY,v2026-08-11,2026-03-21..2026-08-06,baccarat_bet02_101_all_pairs_incl_sentinel,round_win = game_pnl > 0 (decisive only),COMPATIBILITY_ONLY_NOT_PRODUCTION,53571.4227,48249.4483,483.2383,5739,5738,-0.00902045,-0.00297427,-0.01061372,-0.00902045,-483.2383,53571.4227,OK,0.0000,19.3295,4.0000,96.0000,AG03-UNRESOLVED,ALL5_LEVELS_bet23_to_bet27,19.3295,19.3295,24.1619,0.0000,0.0000,4.000000,4.000000,5.000000,0.000000,0.000000,96.000000,96.000000,95.000000,100.000000,100.000000,5.0,62.8210,60.1535,420.4173,423.0848,PENDING_AG03,FALSE,NOT_FOR_ENFORCEMENT,463.9088,46319.4703,483.2383,463.9088,19.3295,0.00902045,0.00865963,19.3295,463.9088,0.00865963,19.3295,19.3295,24.1619,0.0000,0.0000,463.9088,0.00865963,62.8210,60.1535,420.4173,423.0848,0.00784779,0.00789758,0.00036082,9.3346,8.4088,0.0842,5.5545,0.2517,615.7635,65.9540,8.3255,9.6426,5.1431,5.1891,8.2617,16.7816,25.8881,44.2602,5.1891,0.0,4.9889,8.529385,1.798876,29,193,98,2,0.20855820,0.00902045,0.00297427,0E-8,0.000000,0.900656,0.000000,0.00763944,2026-03-21,2026-08-06,87,1920,882,139,0.625899,0.863400,0.891889,0.695194,,,,,,,,GLOBAL_BASELINE_NO_ENTITY_RANKING,,,NOT_APPLICABLE_GLOBAL_BASELINE,HF9g-P5,,,,X 全窗基线 · 不参与实体赏罚,8397580,840,A168_HF9F_20260827_0900,2026-08-27 09:00:00
2026-07-29,54653530,1401,0,140.7068907649,-60.6975963649,-60.6975963649,0.2666667,18,18,0.50367176666666667,0.503671766667,-1.835883113476459,-1.83588311347905,-1.835883113476459,-3.3333E-13,ELIGIBLE,R03b_20260811_FULL_v1,L1_ELIGIBILITY,v2026-08-11,2026-03-21..2026-08-06,baccarat_bet02_101_all_pairs_incl_sentinel,round_win = game_pnl > 0 (decisive only),COMPATIBILITY_ONLY_NOT_PRODUCTION,53571.4227,48249.4483,483.2383,5739,5738,-0.00902045,-0.00297427,-0.01061372,-0.00902045,-483.2383,53571.4227,OK,0.0000,19.3295,4.0000,96.0000,AG03-UNRESOLVED,ALL5_LEVELS_bet23_to_bet27,19.3295,19.3295,24.1619,0.0000,0.0000,4.000000,4.000000,5.000000,0.000000,0.000000,96.000000,96.000000,95.000000,100.000000,100.000000,5.0,62.8210,60.1535,420.4173,423.0848,PENDING_AG03,FALSE,NOT_FOR_ENFORCEMENT,463.9088,46319.4703,483.2383,463.9088,19.3295,0.00902045,0.00865963,19.3295,463.9088,0.00865963,19.3295,19.3295,24.1619,0.0000,0.0000,463.9088,0.00865963,62.8210,60.1535,420.4173,423.0848,0.00784779,0.00789758,0.00036082,9.3346,8.4088,0.0842,5.5545,0.2517,615.7635,65.9540,8.3255,9.6426,5.1431,5.1891,8.2617,16.7816,25.8881,44.2602,5.1891,0.0,4.9889,8.529385,1.798876,29,193,98,2,0.20855820,0.00902045,0.00297427,0E-8,0.000000,0.900656,0.000000,0.00763944,2026-03-21,2026-08-06,87,1920,882,139,0.625899,0.863400,0.891889,0.695194,,,,,,,,GLOBAL_BASELINE_NO_ENTITY_RANKING,,,NOT_APPLICABLE_GLOBAL_BASELINE,HF9g-P5,,,,X 全窗基线 · 不参与实体赏罚,8397581,840,A168_HF9F_20260827_0900,2026-08-27 09:00:00
2026-07-29,54653530,1485,0,57.3154674308,14.9484935327,14.9484935327,0.5000000,6,6,0.49994810000000000,0.499948100000,0.00025425703667063243,0.00025425703667063243,0.00025425703667063243,0E-17,ELIGIBLE,R03b_20260811_FULL_v1,L1_ELIGIBILITY,v2026-08-11,2026-03-21..2026-08-06,baccarat_bet02_101_all_pairs_incl_sentinel,round_win = game_pnl > 0 (decisive only),COMPATIBILITY_ONLY_NOT_PRODUCTION,53571.4227,48249.4483,483.2383,5739,5738,-0.00902045,-0.00297427,-0.01061372,-0.00902045,-483.2383,53571.4227,OK,0.0000,19.3295,4.0000,96.0000,AG03-UNRESOLVED,ALL5_LEVELS_bet23_to_bet27,19.3295,19.3295,24.1619,0.0000,0.0000,4.000000,4.000000,5.000000,0.000000,0.000000,96.000000,96.000000,95.000000,100.000000,100.000000,5.0,62.8210,60.1535,420.4173,423.0848,PENDING_AG03,FALSE,NOT_FOR_ENFORCEMENT,463.9088,46319.4703,483.2383,463.9088,19.3295,0.00902045,0.00865963,19.3295,463.9088,0.00865963,19.3295,19.3295,24.1619,0.0000,0.0000,463.9088,0.00865963,62.8210,60.1535,420.4173,423.0848,0.00784779,0.00789758,0.00036082,9.3346,8.4088,0.0842,5.5545,0.2517,615.7635,65.9540,8.3255,9.6426,5.1431,5.1891,8.2617,16.7816,25.8881,44.2602,5.1891,0.0,4.9889,8.529385,1.798876,29,193,98,2,0.20855820,0.00902045,0.00297427,0E-8,0.000000,0.900656,0.000000,0.00763944,2026-03-21,2026-08-06,87,1920,882,139,0.625899,0.863400,0.891889,0.695194,,,,,,,,GLOBAL_BASELINE_NO_ENTITY_RANKING,,,NOT_APPLICABLE_GLOBAL_BASELINE,HF9g-P5,,,,X 全窗基线 · 不参与实体赏罚,8397582,840,A168_HF9F_20260827_0900,2026-08-27 09:00:00
2026-07-29,54653530,1507,0,51.3773784628,0.9810755687,0.9810755687,0.3333333,6,6,0.50665070000000000,0.506650700000,-0.8491533462951141,-0.8491533462951141,-0.8491533462951141,0E-17,ELIGIBLE,R03b_20260811_FULL_v1,L1_ELIGIBILITY,v2026-08-11,2026-03-21..2026-08-06,baccarat_bet02_101_all_pairs_incl_sentinel,round_win = game_pnl > 0 (decisive only),COMPATIBILITY_ONLY_NOT_PRODUCTION,53571.4227,48249.4483,483.2383,5739,5738,-0.00902045,-0.00297427,-0.01061372,-0.00902045,-483.2383,53571.4227,OK,0.0000,19.3295,4.0000,96.0000,AG03-UNRESOLVED,ALL5_LEVELS_bet23_to_bet27,19.3295,19.3295,24.1619,0.0000,0.0000,4.000000,4.000000,5.000000,0.000000,0.000000,96.000000,96.000000,95.000000,100.000000,100.000000,5.0,62.8210,60.1535,420.4173,423.0848,PENDING_AG03,FALSE,NOT_FOR_ENFORCEMENT,463.9088,46319.4703,483.2383,463.9088,19.3295,0.00902045,0.00865963,19.3295,463.9088,0.00865963,19.3295,19.3295,24.1619,0.0000,0.0000,463.9088,0.00865963,62.8210,60.1535,420.4173,423.0848,0.00784779,0.00789758,0.00036082,9.3346,8.4088,0.0842,5.5545,0.2517,615.7635,65.9540,8.3255,9.6426,5.1431,5.1891,8.2617,16.7816,25.8881,44.2602,5.1891,0.0,4.9889,8.529385,1.798876,29,193,98,2,0.20855820,0.00902045,0.00297427,0E-8,0.000000,0.900656,0.000000,0.00763944,2026-03-21,2026-08-06,87,1920,882,139,0.625899,0.863400,0.891889,0.695194,,,,,,,,GLOBAL_BASELINE_NO_ENTITY_RANKING,,,NOT_APPLICABLE_GLOBAL_BASELINE,HF9g-P5,,,,X 全窗基线 · 不参与实体赏罚,8397583,840,A168_HF9F_20260827_0900,2026-08-27 09:00:00
2026-07-29,54653530,1646,0,5.1635556244,4.9053778432,4.9053778432,1.0000000,1,1,0.50665070000000000,0.506650700000,0.9867858985152569,0.9867858985152569,0.9867858985152569,0E-17,ELIGIBLE,R03b_20260811_FULL_v1,L1_ELIGIBILITY,v2026-08-11,2026-03-21..2026-08-06,baccarat_bet02_101_all_pairs_incl_sentinel,round_win = game_pnl > 0 (decisive only),COMPATIBILITY_ONLY_NOT_PRODUCTION,53571.4227,48249.4483,483.2383,5739,5738,-0.00902045,-0.00297427,-0.01061372,-0.00902045,-483.2383,53571.4227,OK,0.0000,19.3295,4.0000,96.0000,AG03-UNRESOLVED,ALL5_LEVELS_bet23_to_bet27,19.3295,19.3295,24.1619,0.0000,0.0000,4.000000,4.000000,5.000000,0.000000,0.000000,96.000000,96.000000,95.000000,100.000000,100.000000,5.0,62.8210,60.1535,420.4173,423.0848,PENDING_AG03,FALSE,NOT_FOR_ENFORCEMENT,463.9088,46319.4703,483.2383,463.9088,19.3295,0.00902045,0.00865963,19.3295,463.9088,0.00865963,19.3295,19.3295,24.1619,0.0000,0.0000,463.9088,0.00865963,62.8210,60.1535,420.4173,423.0848,0.00784779,0.00789758,0.00036082,9.3346,8.4088,0.0842,5.5545,0.2517,615.7635,65.9540,8.3255,9.6426,5.1431,5.1891,8.2617,16.7816,25.8881,44.2602,5.1891,0.0,4.9889,8.529385,1.798876,29,193,98,2,0.20855820,0.00902045,0.00297427,0E-8,0.000000,0.900656,0.000000,0.00763944,2026-03-21,2026-08-06,87,1920,882,139,0.625899,0.863400,0.891889,0.695194,,,,,,,,GLOBAL_BASELINE_NO_ENTITY_RANKING,,,NOT_APPLICABLE_GLOBAL_BASELINE,HF9g-P5,,,,X 全窗基线 · 不参与实体赏罚,8397584,840,A168_HF9F_20260827_0900,2026-08-27 09:00:00
2026-07-29,54653530,1935,0,12.9088890610,2.1945111404,2.1945111404,0.5000000,2,2,0.49994810000000000,0.499948100000,0.00014679536856514622,0.00014679536856514622,0.00014679536856514622,0E-17,ELIGIBLE,R03b_20260811_FULL_v1,L1_ELIGIBILITY,v2026-08-11,2026-03-21..2026-08-06,baccarat_bet02_101_all_pairs_incl_sentinel,round_win = game_pnl > 0 (decisive only),COMPATIBILITY_ONLY_NOT_PRODUCTION,53571.4227,48249.4483,483.2383,5739,5738,-0.00902045,-0.00297427,-0.01061372,-0.00902045,-483.2383,53571.4227,OK,0.0000,19.3295,4.0000,96.0000,AG03-UNRESOLVED,ALL5_LEVELS_bet23_to_bet27,19.3295,19.3295,24.1619,0.0000,0.0000,4.000000,4.000000,5.000000,0.000000,0.000000,96.000000,96.000000,95.000000,100.000000,100.000000,5.0,62.8210,60.1535,420.4173,423.0848,PENDING_AG03,FALSE,NOT_FOR_ENFORCEMENT,463.9088,46319.4703,483.2383,463.9088,19.3295,0.00902045,0.00865963,19.3295,463.9088,0.00865963,19.3295,19.3295,24.1619,0.0000,0.0000,463.9088,0.00865963,62.8210,60.1535,420.4173,423.0848,0.00784779,0.00789758,0.00036082,9.3346,8.4088,0.0842,5.5545,0.2517,615.7635,65.9540,8.3255,9.6426,5.1431,5.1891,8.2617,16.7816,25.8881,44.2602,5.1891,0.0,4.9889,8.529385,1.798876,29,193,98,2,0.20855820,0.00902045,0.00297427,0E-8,0.000000,0.900656,0.000000,0.00763944,2026-03-21,2026-08-06,87,1920,882,139,0.625899,0.863400,0.891889,0.695194,,,,,,,,GLOBAL_BASELINE_NO_ENTITY_RANKING,,,NOT_APPLICABLE_GLOBAL_BASELINE,HF9g-P5,,,,X 全窗基线 · 不参与实体赏罚,8397585,840,A168_HF9F_20260827_0900,2026-08-27 09:00:00
2026-07-29,54653530,1942,0,5.1635556244,5.1635556244,5.1635556244,1.0000000,1,1,0.49324550000000000,0.493245500000,1.01360149184955,1.01360149184955,1.01360149184955,0E-17,ELIGIBLE,R03b_20260811_FULL_v1,L1_ELIGIBILITY,v2026-08-11,2026-03-21..2026-08-06,baccarat_bet02_101_all_pairs_incl_sentinel,round_win = game_pnl > 0 (decisive only),COMPATIBILITY_ONLY_NOT_PRODUCTION,53571.4227,48249.4483,483.2383,5739,5738,-0.00902045,-0.00297427,-0.01061372,-0.00902045,-483.2383,53571.4227,OK,0.0000,19.3295,4.0000,96.0000,AG03-UNRESOLVED,ALL5_LEVELS_bet23_to_bet27,19.3295,19.3295,24.1619,0.0000,0.0000,4.000000,4.000000,5.000000,0.000000,0.000000,96.000000,96.000000,95.000000,100.000000,100.000000,5.0,62.8210,60.1535,420.4173,423.0848,PENDING_AG03,FALSE,NOT_FOR_ENFORCEMENT,463.9088,46319.4703,483.2383,463.9088,19.3295,0.00902045,0.00865963,19.3295,463.9088,0.00865963,19.3295,19.3295,24.1619,0.0000,0.0000,463.9088,0.00865963,62.8210,60.1535,420.4173,423.0848,0.00784779,0.00789758,0.00036082,9.3346,8.4088,0.0842,5.5545,0.2517,615.7635,65.9540,8.3255,9.6426,5.1431,5.1891,8.2617,16.7816,25.8881,44.2602,5.1891,0.0,4.9889,8.529385,1.798876,29,193,98,2,0.20855820,0.00902045,0.00297427,0E-8,0.000000,0.900656,0.000000,0.00763944,2026-03-21,2026-08-06,87,1920,882,139,0.625899,0.863400,0.891889,0.695194,,,,,,,,GLOBAL_BASELINE_NO_ENTITY_RANKING,,,NOT_APPLICABLE_GLOBAL_BASELINE,HF9g-P5,,,,X 全窗基线 · 不参与实体赏罚,8397586,840,A168_HF9F_20260827_0900,2026-08-27 09:00:00
2026-07-29,54653530,1947,0,55.7664007435,7.6678801022,7.6678801022,0.4285714,7,7,0.50473567142857143,0.504735671429,-0.403041368878626,-0.40304136888089725,-0.403041368878626,-4.2857E-13,ELIGIBLE,R03b_20260811_FULL_v1,L1_ELIGIBILITY,v2026-08-11,2026-03-21..2026-08-06,baccarat_bet02_101_all_pairs_incl_sentinel,round_win = game_pnl > 0 (decisive only),COMPATIBILITY_ONLY_NOT_PRODUCTION,53571.4227,48249.4483,483.2383,5739,5738,-0.00902045,-0.00297427,-0.01061372,-0.00902045,-483.2383,53571.4227,OK,0.0000,19.3295,4.0000,96.0000,AG03-UNRESOLVED,ALL5_LEVELS_bet23_to_bet27,19.3295,19.3295,24.1619,0.0000,0.0000,4.000000,4.000000,5.000000,0.000000,0.000000,96.000000,96.000000,95.000000,100.000000,100.000000,5.0,62.8210,60.1535,420.4173,423.0848,PENDING_AG03,FALSE,NOT_FOR_ENFORCEMENT,463.9088,46319.4703,483.2383,463.9088,19.3295,0.00902045,0.00865963,19.3295,463.9088,0.00865963,19.3295,19.3295,24.1619,0.0000,0.0000,463.9088,0.00865963,62.8210,60.1535,420.4173,423.0848,0.00784779,0.00789758,0.00036082,9.3346,8.4088,0.0842,5.5545,0.2517,615.7635,65.9540,8.3255,9.6426,5.1431,5.1891,8.2617,16.7816,25.8881,44.2602,5.1891,0.0,4.9889,8.529385,1.798876,29,193,98,2,0.20855820,0.00902045,0.00297427,0E-8,0.000000,0.900656,0.000000,0.00763944,2026-03-21,2026-08-06,87,1920,882,139,0.625899,0.863400,0.891889,0.695194,,,,,,,,GLOBAL_BASELINE_NO_ENTITY_RANKING,,,NOT_APPLICABLE_GLOBAL_BASELINE,HF9g-P5,,,,X 全窗基线 · 不参与实体赏罚,8397587,840,A168_HF9F_20260827_0900,2026-08-27 09:00:00
2026-07-29,54653530,1951,0,30.9813337464,7.0998889836,7.0998889836,0.5000000,3,3,0.50665070000000000,0.506650700000,-0.018812684590367487,-0.018812684590367487,-0.018812684590367487,0E-17,ELIGIBLE,R03b_20260811_FULL_v1,L1_ELIGIBILITY,v2026-08-11,2026-03-21..2026-08-06,baccarat_bet02_101_all_pairs_incl_sentinel,round_win = game_pnl > 0 (decisive only),COMPATIBILITY_ONLY_NOT_PRODUCTION,53571.4227,48249.4483,483.2383,5739,5738,-0.00902045,-0.00297427,-0.01061372,-0.00902045,-483.2383,53571.4227,OK,0.0000,19.3295,4.0000,96.0000,AG03-UNRESOLVED,ALL5_LEVELS_bet23_to_bet27,19.3295,19.3295,24.1619,0.0000,0.0000,4.000000,4.000000,5.000000,0.000000,0.000000,96.000000,96.000000,95.000000,100.000000,100.000000,5.0,62.8210,60.1535,420.4173,423.0848,PENDING_AG03,FALSE,NOT_FOR_ENFORCEMENT,463.9088,46319.4703,483.2383,463.9088,19.3295,0.00902045,0.00865963,19.3295,463.9088,0.00865963,19.3295,19.3295,24.1619,0.0000,0.0000,463.9088,0.00865963,62.8210,60.1535,420.4173,423.0848,0.00784779,0.00789758,0.00036082,9.3346,8.4088,0.0842,5.5545,0.2517,615.7635,65.9540,8.3255,9.6426,5.1431,5.1891,8.2617,16.7816,25.8881,44.2602,5.1891,0.0,4.9889,8.529385,1.798876,29,193,98,2,0.20855820,0.00902045,0.00297427,0E-8,0.000000,0.900656,0.000000,0.00763944,2026-03-21,2026-08-06,87,1920,882,139,0.625899,0.863400,0.891889,0.695194,,,,,,,,GLOBAL_BASELINE_NO_ENTITY_RANKING,,,NOT_APPLICABLE_GLOBAL_BASELINE,HF9g-P5,,,,X 全窗基线 · 不参与实体赏罚,8397588,840,A168_HF9F_20260827_0900,2026-08-27 09:00:00
2026-07-29,54653530,1966,0,23.2360003098,3.8726667183,3.8726667183,0.5000000,3,3,0.49324550000000000,0.493245500000,0.01910635448239258,0.01910635448239258,0.01910635448239258,0E-17,ELIGIBLE,R03b_20260811_FULL_v1,L1_ELIGIBILITY,v2026-08-11,2026-03-21..2026-08-06,baccarat_bet02_101_all_pairs_incl_sentinel,round_win = game_pnl > 0 (decisive only),COMPATIBILITY_ONLY_NOT_PRODUCTION,53571.4227,48249.4483,483.2383,5739,5738,-0.00902045,-0.00297427,-0.01061372,-0.00902045,-483.2383,53571.4227,OK,0.0000,19.3295,4.0000,96.0000,AG03-UNRESOLVED,ALL5_LEVELS_bet23_to_bet27,19.3295,19.3295,24.1619,0.0000,0.0000,4.000000,4.000000,5.000000,0.000000,0.000000,96.000000,96.000000,95.000000,100.000000,100.000000,5.0,62.8210,60.1535,420.4173,423.0848,PENDING_AG03,FALSE,NOT_FOR_ENFORCEMENT,463.9088,46319.4703,483.2383,463.9088,19.3295,0.00902045,0.00865963,19.3295,463.9088,0.00865963,19.3295,19.3295,24.1619,0.0000,0.0000,463.9088,0.00865963,62.8210,60.1535,420.4173,423.0848,0.00784779,0.00789758,0.00036082,9.3346,8.4088,0.0842,5.5545,0.2517,615.7635,65.9540,8.3255,9.6426,5.1431,5.1891,8.2617,16.7816,25.8881,44.2602,5.1891,0.0,4.9889,8.529385,1.798876,29,193,98,2,0.20855820,0.00902045,0.00297427,0E-8,0.000000,0.900656,0.000000,0.00763944,2026-03-21,2026-08-06,87,1920,882,139,0.625899,0.863400,0.891889,0.695194,,,,,,,,GLOBAL_BASELINE_NO_ENTITY_RANKING,,,NOT_APPLICABLE_GLOBAL_BASELINE,HF9g-P5,,,,X 全窗基线 · 不参与实体赏罚,8397589,840,A168_HF9F_20260827_0900,2026-08-27 09:00:00
2026-07-29,54653530,1985,0,5.1635556244,0E-10,0E-10,,1,1,0.50665070000000000,0.506650700000,,,,0E-17,NO_DECISIVE_ROUND,R03b_20260811_FULL_v1,L1_ELIGIBILITY,v2026-08-11,2026-03-21..2026-08-06,baccarat_bet02_101_all_pairs_incl_sentinel,round_win = game_pnl > 0 (decisive only),COMPATIBILITY_ONLY_NOT_PRODUCTION,53571.4227,48249.4483,483.2383,5739,5738,-0.00902045,-0.00297427,-0.01061372,-0.00902045,-483.2383,53571.4227,OK,0.0000,19.3295,4.0000,96.0000,AG03-UNRESOLVED,ALL5_LEVELS_bet23_to_bet27,19.3295,19.3295,24.1619,0.0000,0.0000,4.000000,4.000000,5.000000,0.000000,0.000000,96.000000,96.000000,95.000000,100.000000,100.000000,5.0,62.8210,60.1535,420.4173,423.0848,PENDING_AG03,FALSE,NOT_FOR_ENFORCEMENT,463.9088,46319.4703,483.2383,463.9088,19.3295,0.00902045,0.00865963,19.3295,463.9088,0.00865963,19.3295,19.3295,24.1619,0.0000,0.0000,463.9088,0.00865963,62.8210,60.1535,420.4173,423.0848,0.00784779,0.00789758,0.00036082,9.3346,8.4088,0.0842,5.5545,0.2517,615.7635,65.9540,8.3255,9.6426,5.1431,5.1891,8.2617,16.7816,25.8881,44.2602,5.1891,0.0,4.9889,8.529385,1.798876,29,193,98,2,0.20855820,0.00902045,0.00297427,0E-8,0.000000,0.900656,0.000000,0.00763944,2026-03-21,2026-08-06,87,1920,882,139,0.625899,0.863400,0.891889,0.695194,,,,,,,,GLOBAL_BASELINE_NO_ENTITY_RANKING,,,NOT_APPLICABLE_GLOBAL_BASELINE,HF9g-P5,,,,X 全窗基线 · 不参与实体赏罚,8397590,840,A168_HF9F_20260827_0900,2026-08-27 09:00:00
2026-07-29,54653530,1994,0,83.9077788965,17.8788113495,17.8788113495,0.5000000,10,10,0.50396966000000000,0.503969660000,-0.022456495799120468,-0.022456495799120468,-0.022456495799120468,0E-17,ELIGIBLE,R03b_20260811_FULL_v1,L1_ELIGIBILITY,v2026-08-11,2026-03-21..2026-08-06,baccarat_bet02_101_all_pairs_incl_sentinel,round_win = game_pnl > 0 (decisive only),COMPATIBILITY_ONLY_NOT_PRODUCTION,53571.4227,48249.4483,483.2383,5739,5738,-0.00902045,-0.00297427,-0.01061372,-0.00902045,-483.2383,53571.4227,OK,0.0000,19.3295,4.0000,96.0000,AG03-UNRESOLVED,ALL5_LEVELS_bet23_to_bet27,19.3295,19.3295,24.1619,0.0000,0.0000,4.000000,4.000000,5.000000,0.000000,0.000000,96.000000,96.000000,95.000000,100.000000,100.000000,5.0,62.8210,60.1535,420.4173,423.0848,PENDING_AG03,FALSE,NOT_FOR_ENFORCEMENT,463.9088,46319.4703,483.2383,463.9088,19.3295,0.00902045,0.00865963,19.3295,463.9088,0.00865963,19.3295,19.3295,24.1619,0.0000,0.0000,463.9088,0.00865963,62.8210,60.1535,420.4173,423.0848,0.00784779,0.00789758,0.00036082,9.3346,8.4088,0.0842,5.5545,0.2517,615.7635,65.9540,8.3255,9.6426,5.1431,5.1891,8.2617,16.7816,25.8881,44.2602,5.1891,0.0,4.9889,8.529385,1.798876,29,193,98,2,0.20855820,0.00902045,0.00297427,0E-8,0.000000,0.900656,0.000000,0.00763944,2026-03-21,2026-08-06,87,1920,882,139,0.625899,0.863400,0.891889,0.695194,,,,,,,,GLOBAL_BASELINE_NO_ENTITY_RANKING,,,NOT_APPLICABLE_GLOBAL_BASELINE,HF9g-P5,,,,X 全窗基线 · 不参与实体赏罚,8397591,840,A168_HF9F_20260827_0900,2026-08-27 09:00:00
2026-07-29,54653530,2101,0,5.1635556244,-5.1635556244,-5.1635556244,0E-7,1,1,0.50665070000000000,0.506650700000,-1.013391052207602,-1.013391052207602,-1.013391052207602,0E-17,ELIGIBLE,R03b_20260811_FULL_v1,L1_ELIGIBILITY,v2026-08-11,2026-03-21..2026-08-06,baccarat_bet02_101_all_pairs_incl_sentinel,round_win = game_pnl > 0 (decisive only),COMPATIBILITY_ONLY_NOT_PRODUCTION,53571.4227,48249.4483,483.2383,5739,5738,-0.00902045,-0.00297427,-0.01061372,-0.00902045,-483.2383,53571.4227,OK,0.0000,19.3295,4.0000,96.0000,AG03-UNRESOLVED,ALL5_LEVELS_bet23_to_bet27,19.3295,19.3295,24.1619,0.0000,0.0000,4.000000,4.000000,5.000000,0.000000,0.000000,96.000000,96.000000,95.000000,100.000000,100.000000,5.0,62.8210,60.1535,420.4173,423.0848,PENDING_AG03,FALSE,NOT_FOR_ENFORCEMENT,463.9088,46319.4703,483.2383,463.9088,19.3295,0.00902045,0.00865963,19.3295,463.9088,0.00865963,19.3295,19.3295,24.1619,0.0000,0.0000,463.9088,0.00865963,62.8210,60.1535,420.4173,423.0848,0.00784779,0.00789758,0.00036082,9.3346,8.4088,0.0842,5.5545,0.2517,615.7635,65.9540,8.3255,9.6426,5.1431,5.1891,8.2617,16.7816,25.8881,44.2602,5.1891,0.0,4.9889,8.529385,1.798876,29,193,98,2,0.20855820,0.00902045,0.00297427,0E-8,0.000000,0.900656,0.000000,0.00763944,2026-03-21,2026-08-06,87,1920,882,139,0.625899,0.863400,0.891889,0.695194,,,,,,,,GLOBAL_BASELINE_NO_ENTITY_RANKING,,,NOT_APPLICABLE_GLOBAL_BASELINE,HF9g-P5,,,,X 全窗基线 · 不参与实体赏罚,8397592,840,A168_HF9F_20260827_0900,2026-08-27 09:00:00
2026-07-29,54653530,2108,0,12.9088890610,-12.9088890610,-12.9088890610,0E-7,2,2,0.49324550000000000,0.493245500000,-1.3952362676504506,-1.3952362676504506,-1.3952362676504506,0E-17,ELIGIBLE,R03b_20260811_FULL_v1,L1_ELIGIBILITY,v2026-08-11,2026-03-21..2026-08-06,baccarat_bet02_101_all_pairs_incl_sentinel,round_win = game_pnl > 0 (decisive only),COMPATIBILITY_ONLY_NOT_PRODUCTION,53571.4227,48249.4483,483.2383,5739,5738,-0.00902045,-0.00297427,-0.01061372,-0.00902045,-483.2383,53571.4227,OK,0.0000,19.3295,4.0000,96.0000,AG03-UNRESOLVED,ALL5_LEVELS_bet23_to_bet27,19.3295,19.3295,24.1619,0.0000,0.0000,4.000000,4.000000,5.000000,0.000000,0.000000,96.000000,96.000000,95.000000,100.000000,100.000000,5.0,62.8210,60.1535,420.4173,423.0848,PENDING_AG03,FALSE,NOT_FOR_ENFORCEMENT,463.9088,46319.4703,483.2383,463.9088,19.3295,0.00902045,0.00865963,19.3295,463.9088,0.00865963,19.3295,19.3295,24.1619,0.0000,0.0000,463.9088,0.00865963,62.8210,60.1535,420.4173,423.0848,0.00784779,0.00789758,0.00036082,9.3346,8.4088,0.0842,5.5545,0.2517,615.7635,65.9540,8.3255,9.6426,5.1431,5.1891,8.2617,16.7816,25.8881,44.2602,5.1891,0.0,4.9889,8.529385,1.798876,29,193,98,2,0.20855820,0.00902045,0.00297427,0E-8,0.000000,0.900656,0.000000,0.00763944,2026-03-21,2026-08-06,87,1920,882,139,0.625899,0.863400,0.891889,0.695194,,,,,,,,GLOBAL_BASELINE_NO_ENTITY_RANKING,,,NOT_APPLICABLE_GLOBAL_BASELINE,HF9g-P5,,,,X 全窗基线 · 不参与实体赏罚,8397593,840,A168_HF9F_20260827_0900,2026-08-27 09:00:00
2026-07-29,54653530,2121,0,15.4906668732,5.1635556244,5.1635556244,0.5000000,2,2,0.49324550000000000,0.493245500000,0.01910635448239258,0.01910635448239258,0.01910635448239258,0E-17,ELIGIBLE,R03b_20260811_FULL_v1,L1_ELIGIBILITY,v2026-08-11,2026-03-21..2026-08-06,baccarat_bet02_101_all_pairs_incl_sentinel,round_win = game_pnl > 0 (decisive only),COMPATIBILITY_ONLY_NOT_PRODUCTION,53571.4227,48249.4483,483.2383,5739,5738,-0.00902045,-0.00297427,-0.01061372,-0.00902045,-483.2383,53571.4227,OK,0.0000,19.3295,4.0000,96.0000,AG03-UNRESOLVED,ALL5_LEVELS_bet23_to_bet27,19.3295,19.3295,24.1619,0.0000,0.0000,4.000000,4.000000,5.000000,0.000000,0.000000,96.000000,96.000000,95.000000,100.000000,100.000000,5.0,62.8210,60.1535,420.4173,423.0848,PENDING_AG03,FALSE,NOT_FOR_ENFORCEMENT,463.9088,46319.4703,483.2383,463.9088,19.3295,0.00902045,0.00865963,19.3295,463.9088,0.00865963,19.3295,19.3295,24.1619,0.0000,0.0000,463.9088,0.00865963,62.8210,60.1535,420.4173,423.0848,0.00784779,0.00789758,0.00036082,9.3346,8.4088,0.0842,5.5545,0.2517,615.7635,65.9540,8.3255,9.6426,5.1431,5.1891,8.2617,16.7816,25.8881,44.2602,5.1891,0.0,4.9889,8.529385,1.798876,29,193,98,2,0.20855820,0.00902045,0.00297427,0E-8,0.000000,0.900656,0.000000,0.00763944,2026-03-21,2026-08-06,87,1920,882,139,0.625899,0.863400,0.891889,0.695194,,,,,,,,GLOBAL_BASELINE_NO_ENTITY_RANKING,,,NOT_APPLICABLE_GLOBAL_BASELINE,HF9g-P5,,,,X 全窗基线 · 不参与实体赏罚,8397594,840,A168_HF9F_20260827_0900,2026-08-27 09:00:00
2026-07-29,54653530,2147,0,28.3995559342,-28.3995559342,-28.3995559342,0E-7,3,3,0.50665070000000000,0.506650700000,-1.7552447903592512,-1.7552447903592512,-1.7552447903592512,0E-17,ELIGIBLE,R03b_20260811_FULL_v1,L1_ELIGIBILITY,v2026-08-11,2026-03-21..2026-08-06,baccarat_bet02_101_all_pairs_incl_sentinel,round_win = game_pnl > 0 (decisive only),COMPATIBILITY_ONLY_NOT_PRODUCTION,53571.4227,48249.4483,483.2383,5739,5738,-0.00902045,-0.00297427,-0.01061372,-0.00902045,-483.2383,53571.4227,OK,0.0000,19.3295,4.0000,96.0000,AG03-UNRESOLVED,ALL5_LEVELS_bet23_to_bet27,19.3295,19.3295,24.1619,0.0000,0.0000,4.000000,4.000000,5.000000,0.000000,0.000000,96.000000,96.000000,95.000000,100.000000,100.000000,5.0,62.8210,60.1535,420.4173,423.0848,PENDING_AG03,FALSE,NOT_FOR_ENFORCEMENT,463.9088,46319.4703,483.2383,463.9088,19.3295,0.00902045,0.00865963,19.3295,463.9088,0.00865963,19.3295,19.3295,24.1619,0.0000,0.0000,463.9088,0.00865963,62.8210,60.1535,420.4173,423.0848,0.00784779,0.00789758,0.00036082,9.3346,8.4088,0.0842,5.5545,0.2517,615.7635,65.9540,8.3255,9.6426,5.1431,5.1891,8.2617,16.7816,25.8881,44.2602,5.1891,0.0,4.9889,8.529385,1.798876,29,193,98,2,0.20855820,0.00902045,0.00297427,0E-8,0.000000,0.900656,0.000000,0.00763944,2026-03-21,2026-08-06,87,1920,882,139,0.625899,0.863400,0.891889,0.695194,,,,,,,,GLOBAL_BASELINE_NO_ENTITY_RANKING,,,NOT_APPLICABLE_GLOBAL_BASELINE,HF9g-P5,,,,X 全窗基线 · 不参与实体赏罚,8397595,840,A168_HF9F_20260827_0900,2026-08-27 09:00:00
2026-07-29,54653530,2160,0,41.3084449952,19.4924224822,19.4924224822,0.7142857,7,7,0.50473567142857143,0.504735671429,1.1088843393366314,1.1088843393343726,1.1088843393366314,-4.2857E-13,ELIGIBLE,R03b_20260811_FULL_v1,L1_ELIGIBILITY,v2026-08-11,2026-03-21..2026-08-06,baccarat_bet02_101_all_pairs_incl_sentinel,round_win = game_pnl > 0 (decisive only),COMPATIBILITY_ONLY_NOT_PRODUCTION,53571.4227,48249.4483,483.2383,5739,5738,-0.00902045,-0.00297427,-0.01061372,-0.00902045,-483.2383,53571.4227,OK,0.0000,19.3295,4.0000,96.0000,AG03-UNRESOLVED,ALL5_LEVELS_bet23_to_bet27,19.3295,19.3295,24.1619,0.0000,0.0000,4.000000,4.000000,5.000000,0.000000,0.000000,96.000000,96.000000,95.000000,100.000000,100.000000,5.0,62.8210,60.1535,420.4173,423.0848,PENDING_AG03,FALSE,NOT_FOR_ENFORCEMENT,463.9088,46319.4703,483.2383,463.9088,19.3295,0.00902045,0.00865963,19.3295,463.9088,0.00865963,19.3295,19.3295,24.1619,0.0000,0.0000,463.9088,0.00865963,62.8210,60.1535,420.4173,423.0848,0.00784779,0.00789758,0.00036082,9.3346,8.4088,0.0842,5.5545,0.2517,615.7635,65.9540,8.3255,9.6426,5.1431,5.1891,8.2617,16.7816,25.8881,44.2602,5.1891,0.0,4.9889,8.529385,1.798876,29,193,98,2,0.20855820,0.00902045,0.00297427,0E-8,0.000000,0.900656,0.000000,0.00763944,2026-03-21,2026-08-06,87,1920,882,139,0.625899,0.863400,0.891889,0.695194,,,,,,,,GLOBAL_BASELINE_NO_ENTITY_RANKING,,,NOT_APPLICABLE_GLOBAL_BASELINE,HF9g-P5,,,,X 全窗基线 · 不参与实体赏罚,8397596,840,A168_HF9F_20260827_0900,2026-08-27 09:00:00
2026-07-29,54653530,2169,0,62.4790230552,21.7902047351,21.7902047351,0.6666667,10,10,0.50665070000000000,0.506650700000,0.9601807448229117,0.9601807448229117,0.9601807448229117,0E-17,ELIGIBLE,R03b_20260811_FULL_v1,L1_ELIGIBILITY,v2026-08-11,2026-03-21..2026-08-06,baccarat_bet02_101_all_pairs_incl_sentinel,round_win = game_pnl > 0 (decisive only),COMPATIBILITY_ONLY_NOT_PRODUCTION,53571.4227,48249.4483,483.2383,5739,5738,-0.00902045,-0.00297427,-0.01061372,-0.00902045,-483.2383,53571.4227,OK,0.0000,19.3295,4.0000,96.0000,AG03-UNRESOLVED,ALL5_LEVELS_bet23_to_bet27,19.3295,19.3295,24.1619,0.0000,0.0000,4.000000,4.000000,5.000000,0.000000,0.000000,96.000000,96.000000,95.000000,100.000000,100.000000,5.0,62.8210,60.1535,420.4173,423.0848,PENDING_AG03,FALSE,NOT_FOR_ENFORCEMENT,463.9088,46319.4703,483.2383,463.9088,19.3295,0.00902045,0.00865963,19.3295,463.9088,0.00865963,19.3295,19.3295,24.1619,0.0000,0.0000,463.9088,0.00865963,62.8210,60.1535,420.4173,423.0848,0.00784779,0.00789758,0.00036082,9.3346,8.4088,0.0842,5.5545,0.2517,615.7635,65.9540,8.3255,9.6426,5.1431,5.1891,8.2617,16.7816,25.8881,44.2602,5.1891,0.0,4.9889,8.529385,1.798876,29,193,98,2,0.20855820,0.00902045,0.00297427,0E-8,0.000000,0.900656,0.000000,0.00763944,2026-03-21,2026-08-06,87,1920,882,139,0.625899,0.863400,0.891889,0.695194,,,,,,,,GLOBAL_BASELINE_NO_ENTITY_RANKING,,,NOT_APPLICABLE_GLOBAL_BASELINE,HF9g-P5,,,,X 全窗基线 · 不参与实体赏罚,8397597,840,A168_HF9F_20260827_0900,2026-08-27 09:00:00
2026-07-29,54653530,2220,0,14.4579557483,3.6661244933,3.6661244933,0.5000000,2,2,0.50665070000000000,0.506650700000,-0.018812684590367487,-0.018812684590367487,-0.018812684590367487,0E-17,ELIGIBLE,R03b_20260811_FULL_v1,L1_ELIGIBILITY,v2026-08-11,2026-03-21..2026-08-06,baccarat_bet02_101_all_pairs_incl_sentinel,round_win = game_pnl > 0 (decisive only),COMPATIBILITY_ONLY_NOT_PRODUCTION,53571.4227,48249.4483,483.2383,5739,5738,-0.00902045,-0.00297427,-0.01061372,-0.00902045,-483.2383,53571.4227,OK,0.0000,19.3295,4.0000,96.0000,AG03-UNRESOLVED,ALL5_LEVELS_bet23_to_bet27,19.3295,19.3295,24.1619,0.0000,0.0000,4.000000,4.000000,5.000000,0.000000,0.000000,96.000000,96.000000,95.000000,100.000000,100.000000,5.0,62.8210,60.1535,420.4173,423.0848,PENDING_AG03,FALSE,NOT_FOR_ENFORCEMENT,463.9088,46319.4703,483.2383,463.9088,19.3295,0.00902045,0.00865963,19.3295,463.9088,0.00865963,19.3295,19.3295,24.1619,0.0000,0.0000,463.9088,0.00865963,62.8210,60.1535,420.4173,423.0848,0.00784779,0.00789758,0.00036082,9.3346,8.4088,0.0842,5.5545,0.2517,615.7635,65.9540,8.3255,9.6426,5.1431,5.1891,8.2617,16.7816,25.8881,44.2602,5.1891,0.0,4.9889,8.529385,1.798876,29,193,98,2,0.20855820,0.00902045,0.00297427,0E-8,0.000000,0.900656,0.000000,0.00763944,2026-03-21,2026-08-06,87,1920,882,139,0.625899,0.863400,0.891889,0.695194,,,,,,,,GLOBAL_BASELINE_NO_ENTITY_RANKING,,,NOT_APPLICABLE_GLOBAL_BASELINE,HF9g-P5,,,,X 全窗基线 · 不参与实体赏罚,8397598,840,A168_HF9F_20260827_0900,2026-08-27 09:00:00
2026-07-29,54653530,2239,0,13.4252446234,2.6850489247,2.6850489247,0.5000000,2,2,0.50665070000000000,0.506650700000,-0.018812684590367487,-0.018812684590367487,-0.018812684590367487,0E-17,ELIGIBLE,R03b_20260811_FULL_v1,L1_ELIGIBILITY,v2026-08-11,2026-03-21..2026-08-06,baccarat_bet02_101_all_pairs_incl_sentinel,round_win = game_pnl > 0 (decisive only),COMPATIBILITY_ONLY_NOT_PRODUCTION,53571.4227,48249.4483,483.2383,5739,5738,-0.00902045,-0.00297427,-0.01061372,-0.00902045,-483.2383,53571.4227,OK,0.0000,19.3295,4.0000,96.0000,AG03-UNRESOLVED,ALL5_LEVELS_bet23_to_bet27,19.3295,19.3295,24.1619,0.0000,0.0000,4.000000,4.000000,5.000000,0.000000,0.000000,96.000000,96.000000,95.000000,100.000000,100.000000,5.0,62.8210,60.1535,420.4173,423.0848,PENDING_AG03,FALSE,NOT_FOR_ENFORCEMENT,463.9088,46319.4703,483.2383,463.9088,19.3295,0.00902045,0.00865963,19.3295,463.9088,0.00865963,19.3295,19.3295,24.1619,0.0000,0.0000,463.9088,0.00865963,62.8210,60.1535,420.4173,423.0848,0.00784779,0.00789758,0.00036082,9.3346,8.4088,0.0842,5.5545,0.2517,615.7635,65.9540,8.3255,9.6426,5.1431,5.1891,8.2617,16.7816,25.8881,44.2602,5.1891,0.0,4.9889,8.529385,1.798876,29,193,98,2,0.20855820,0.00902045,0.00297427,0E-8,0.000000,0.900656,0.000000,0.00763944,2026-03-21,2026-08-06,87,1920,882,139,0.625899,0.863400,0.891889,0.695194,,,,,,,,GLOBAL_BASELINE_NO_ENTITY_RANKING,,,NOT_APPLICABLE_GLOBAL_BASELINE,HF9g-P5,,,,X 全窗基线 · 不参与实体赏罚,8397599,840,A168_HF9F_20260827_0900,2026-08-27 09:00:00
2026-07-29,54653530,2246,0,188.4697802908,56.5409340874,56.5409340874,0.5789474,22,22,0.50482271818181818,0.504822718182,0.6462337809352654,0.6462337809336826,0.6462337809352654,-1.8182E-13,ELIGIBLE,R03b_20260811_FULL_v1,L1_ELIGIBILITY,v2026-08-11,2026-03-21..2026-08-06,baccarat_bet02_101_all_pairs_incl_sentinel,round_win = game_pnl > 0 (decisive only),COMPATIBILITY_ONLY_NOT_PRODUCTION,53571.4227,48249.4483,483.2383,5739,5738,-0.00902045,-0.00297427,-0.01061372,-0.00902045,-483.2383,53571.4227,OK,0.0000,19.3295,4.0000,96.0000,AG03-UNRESOLVED,ALL5_LEVELS_bet23_to_bet27,19.3295,19.3295,24.1619,0.0000,0.0000,4.000000,4.000000,5.000000,0.000000,0.000000,96.000000,96.000000,95.000000,100.000000,100.000000,5.0,62.8210,60.1535,420.4173,423.0848,PENDING_AG03,FALSE,NOT_FOR_ENFORCEMENT,463.9088,46319.4703,483.2383,463.9088,19.3295,0.00902045,0.00865963,19.3295,463.9088,0.00865963,19.3295,19.3295,24.1619,0.0000,0.0000,463.9088,0.00865963,62.8210,60.1535,420.4173,423.0848,0.00784779,0.00789758,0.00036082,9.3346,8.4088,0.0842,5.5545,0.2517,615.7635,65.9540,8.3255,9.6426,5.1431,5.1891,8.2617,16.7816,25.8881,44.2602,5.1891,0.0,4.9889,8.529385,1.798876,29,193,98,2,0.20855820,0.00902045,0.00297427,0E-8,0.000000,0.900656,0.000000,0.00763944,2026-03-21,2026-08-06,87,1920,882,139,0.625899,0.863400,0.891889,0.695194,,,,,,,,GLOBAL_BASELINE_NO_ENTITY_RANKING,,,NOT_APPLICABLE_GLOBAL_BASELINE,HF9g-P5,,,,X 全窗基线 · 不参与实体赏罚,8397600,840,A168_HF9F_20260827_0900,2026-08-27 09:00:00
2026-07-29,54653530,2254,0,15.4906668732,10.0689334676,10.0689334676,1.0000000,3,3,0.50218230000000000,0.502182300000,1.4080544974538591,1.4080544974538591,1.4080544974538591,0E-17,ELIGIBLE,R03b_20260811_FULL_v1,L1_ELIGIBILITY,v2026-08-11,2026-03-21..2026-08-06,baccarat_bet02_101_all_pairs_incl_sentinel,round_win = game_pnl > 0 (decisive only),COMPATIBILITY_ONLY_NOT_PRODUCTION,53571.4227,48249.4483,483.2383,5739,5738,-0.00902045,-0.00297427,-0.01061372,-0.00902045,-483.2383,53571.4227,OK,0.0000,19.3295,4.0000,96.0000,AG03-UNRESOLVED,ALL5_LEVELS_bet23_to_bet27,19.3295,19.3295,24.1619,0.0000,0.0000,4.000000,4.000000,5.000000,0.000000,0.000000,96.000000,96.000000,95.000000,100.000000,100.000000,5.0,62.8210,60.1535,420.4173,423.0848,PENDING_AG03,FALSE,NOT_FOR_ENFORCEMENT,463.9088,46319.4703,483.2383,463.9088,19.3295,0.00902045,0.00865963,19.3295,463.9088,0.00865963,19.3295,19.3295,24.1619,0.0000,0.0000,463.9088,0.00865963,62.8210,60.1535,420.4173,423.0848,0.00784779,0.00789758,0.00036082,9.3346,8.4088,0.0842,5.5545,0.2517,615.7635,65.9540,8.3255,9.6426,5.1431,5.1891,8.2617,16.7816,25.8881,44.2602,5.1891,0.0,4.9889,8.529385,1.798876,29,193,98,2,0.20855820,0.00902045,0.00297427,0E-8,0.000000,0.900656,0.000000,0.00763944,2026-03-21,2026-08-06,87,1920,882,139,0.625899,0.863400,0.891889,0.695194,,,,,,,,GLOBAL_BASELINE_NO_ENTITY_RANKING,,,NOT_APPLICABLE_GLOBAL_BASELINE,HF9g-P5,,,,X 全窗基线 · 不参与实体赏罚,8397601,840,A168_HF9F_20260827_0900,2026-08-27 09:00:00
2026-07-29,54653530,2266,0,62.4790230552,8.3907778897,8.3907778897,0.6000000,6,6,0.50441650000000000,0.504416500000,0.42747908374280613,0.42747908374280613,0.42747908374280613,0E-17,ELIGIBLE,R03b_20260811_FULL_v1,L1_ELIGIBILITY,v2026-08-11,2026-03-21..2026-08-06,baccarat_bet02_101_all_pairs_incl_sentinel,round_win = game_pnl > 0 (decisive only),COMPATIBILITY_ONLY_NOT_PRODUCTION,53571.4227,48249.4483,483.2383,5739,5738,-0.00902045,-0.00297427,-0.01061372,-0.00902045,-483.2383,53571.4227,OK,0.0000,19.3295,4.0000,96.0000,AG03-UNRESOLVED,ALL5_LEVELS_bet23_to_bet27,19.3295,19.3295,24.1619,0.0000,0.0000,4.000000,4.000000,5.000000,0.000000,0.000000,96.000000,96.000000,95.000000,100.000000,100.000000,5.0,62.8210,60.1535,420.4173,423.0848,PENDING_AG03,FALSE,NOT_FOR_ENFORCEMENT,463.9088,46319.4703,483.2383,463.9088,19.3295,0.00902045,0.00865963,19.3295,463.9088,0.00865963,19.3295,19.3295,24.1619,0.0000,0.0000,463.9088,0.00865963,62.8210,60.1535,420.4173,423.0848,0.00784779,0.00789758,0.00036082,9.3346,8.4088,0.0842,5.5545,0.2517,615.7635,65.9540,8.3255,9.6426,5.1431,5.1891,8.2617,16.7816,25.8881,44.2602,5.1891,0.0,4.9889,8.529385,1.798876,29,193,98,2,0.20855820,0.00902045,0.00297427,0E-8,0.000000,0.900656,0.000000,0.00763944,2026-03-21,2026-08-06,87,1920,882,139,0.625899,0.863400,0.891889,0.695194,,,,,,,,GLOBAL_BASELINE_NO_ENTITY_RANKING,,,NOT_APPLICABLE_GLOBAL_BASELINE,HF9g-P5,,,,X 全窗基线 · 不参与实体赏罚,8397602,840,A168_HF9F_20260827_0900,2026-08-27 09:00:00
2026-07-29,54653530,2267,0,28.3995559342,-28.3995559342,-28.3995559342,0E-7,3,3,0.50665070000000000,0.506650700000,-1.7552447903592512,-1.7552447903592512,-1.7552447903592512,0E-17,ELIGIBLE,R03b_20260811_FULL_v1,L1_ELIGIBILITY,v2026-08-11,2026-03-21..2026-08-06,baccarat_bet02_101_all_pairs_incl_sentinel,round_win = game_pnl > 0 (decisive only),COMPATIBILITY_ONLY_NOT_PRODUCTION,53571.4227,48249.4483,483.2383,5739,5738,-0.00902045,-0.00297427,-0.01061372,-0.00902045,-483.2383,53571.4227,OK,0.0000,19.3295,4.0000,96.0000,AG03-UNRESOLVED,ALL5_LEVELS_bet23_to_bet27,19.3295,19.3295,24.1619,0.0000,0.0000,4.000000,4.000000,5.000000,0.000000,0.000000,96.000000,96.000000,95.000000,100.000000,100.000000,5.0,62.8210,60.1535,420.4173,423.0848,PENDING_AG03,FALSE,NOT_FOR_ENFORCEMENT,463.9088,46319.4703,483.2383,463.9088,19.3295,0.00902045,0.00865963,19.3295,463.9088,0.00865963,19.3295,19.3295,24.1619,0.0000,0.0000,463.9088,0.00865963,62.8210,60.1535,420.4173,423.0848,0.00784779,0.00789758,0.00036082,9.3346,8.4088,0.0842,5.5545,0.2517,615.7635,65.9540,8.3255,9.6426,5.1431,5.1891,8.2617,16.7816,25.8881,44.2602,5.1891,0.0,4.9889,8.529385,1.798876,29,193,98,2,0.20855820,0.00902045,0.00297427,0E-8,0.000000,0.900656,0.000000,0.00763944,2026-03-21,2026-08-06,87,1920,882,139,0.625899,0.863400,0.891889,0.695194,,,,,,,,GLOBAL_BASELINE_NO_ENTITY_RANKING,,,NOT_APPLICABLE_GLOBAL_BASELINE,HF9g-P5,,,,X 全窗基线 · 不参与实体赏罚,8397603,840,A168_HF9F_20260827_0900,2026-08-27 09:00:00
2026-07-29,54653530,2280,0,37.1776004957,-37.1776004957,-37.1776004957,0E-7,3,3,0.50665070000000000,0.506650700000,-1.7552447903592512,-1.7552447903592512,-1.7552447903592512,0E-17,ELIGIBLE,R03b_20260811_FULL_v1,L1_ELIGIBILITY,v2026-08-11,2026-03-21..2026-08-06,baccarat_bet02_101_all_pairs_incl_sentinel,round_win = game_pnl > 0 (decisive only),COMPATIBILITY_ONLY_NOT_PRODUCTION,53571.4227,48249.4483,483.2383,5739,5738,-0.00902045,-0.00297427,-0.01061372,-0.00902045,-483.2383,53571.4227,OK,0.0000,19.3295,4.0000,96.0000,AG03-UNRESOLVED,ALL5_LEVELS_bet23_to_bet27,19.3295,19.3295,24.1619,0.0000,0.0000,4.000000,4.000000,5.000000,0.000000,0.000000,96.000000,96.000000,95.000000,100.000000,100.000000,5.0,62.8210,60.1535,420.4173,423.0848,PENDING_AG03,FALSE,NOT_FOR_ENFORCEMENT,463.9088,46319.4703,483.2383,463.9088,19.3295,0.00902045,0.00865963,19.3295,463.9088,0.00865963,19.3295,19.3295,24.1619,0.0000,0.0000,463.9088,0.00865963,62.8210,60.1535,420.4173,423.0848,0.00784779,0.00789758,0.00036082,9.3346,8.4088,0.0842,5.5545,0.2517,615.7635,65.9540,8.3255,9.6426,5.1431,5.1891,8.2617,16.7816,25.8881,44.2602,5.1891,0.0,4.9889,8.529385,1.798876,29,193,98,2,0.20855820,0.00902045,0.00297427,0E-8,0.000000,0.900656,0.000000,0.00763944,2026-03-21,2026-08-06,87,1920,882,139,0.625899,0.863400,0.891889,0.695194,,,,,,,,GLOBAL_BASELINE_NO_ENTITY_RANKING,,,NOT_APPLICABLE_GLOBAL_BASELINE,HF9g-P5,,,,X 全窗基线 · 不参与实体赏罚,8397604,840,A168_HF9F_20260827_0900,2026-08-27 09:00:00
2026-07-29,54653530,2289,0,5.1635556244,4.9053778432,4.9053778432,1.0000000,1,1,0.50665070000000000,0.506650700000,0.9867858985152569,0.9867858985152569,0.9867858985152569,0E-17,ELIGIBLE,R03b_20260811_FULL_v1,L1_ELIGIBILITY,v2026-08-11,2026-03-21..2026-08-06,baccarat_bet02_101_all_pairs_incl_sentinel,round_win = game_pnl > 0 (decisive only),COMPATIBILITY_ONLY_NOT_PRODUCTION,53571.4227,48249.4483,483.2383,5739,5738,-0.00902045,-0.00297427,-0.01061372,-0.00902045,-483.2383,53571.4227,OK,0.0000,19.3295,4.0000,96.0000,AG03-UNRESOLVED,ALL5_LEVELS_bet23_to_bet27,19.3295,19.3295,24.1619,0.0000,0.0000,4.000000,4.000000,5.000000,0.000000,0.000000,96.000000,96.000000,95.000000,100.000000,100.000000,5.0,62.8210,60.1535,420.4173,423.0848,PENDING_AG03,FALSE,NOT_FOR_ENFORCEMENT,463.9088,46319.4703,483.2383,463.9088,19.3295,0.00902045,0.00865963,19.3295,463.9088,0.00865963,19.3295,19.3295,24.1619,0.0000,0.0000,463.9088,0.00865963,62.8210,60.1535,420.4173,423.0848,0.00784779,0.00789758,0.00036082,9.3346,8.4088,0.0842,5.5545,0.2517,615.7635,65.9540,8.3255,9.6426,5.1431,5.1891,8.2617,16.7816,25.8881,44.2602,5.1891,0.0,4.9889,8.529385,1.798876,29,193,98,2,0.20855820,0.00902045,0.00297427,0E-8,0.000000,0.900656,0.000000,0.00763944,2026-03-21,2026-08-06,87,1920,882,139,0.625899,0.863400,0.891889,0.695194,,,,,,,,GLOBAL_BASELINE_NO_ENTITY_RANKING,,,NOT_APPLICABLE_GLOBAL_BASELINE,HF9g-P5,,,,X 全窗基线 · 不参与实体赏罚,8397605,840,A168_HF9F_20260827_0900,2026-08-27 09:00:00
2026-07-29,54653530,462,0,29.1740892779,2.5430511450,2.5430511450,0.3333333,3,3,0.50665070000000000,0.506650700000,-0.6004420894325239,-0.6004420894325239,-0.6004420894325239,0E-17,ELIGIBLE,R03b_20260811_FULL_v1,L1_ELIGIBILITY,v2026-08-11,2026-03-21..2026-08-06,baccarat_bet02_101_all_pairs_incl_sentinel,round_win = game_pnl > 0 (decisive only),COMPATIBILITY_ONLY_NOT_PRODUCTION,53571.4227,48249.4483,483.2383,5739,5738,-0.00902045,-0.00297427,-0.01061372,-0.00902045,-483.2383,53571.4227,OK,0.0000,19.3295,4.0000,96.0000,AG03-UNRESOLVED,ALL5_LEVELS_bet23_to_bet27,19.3295,19.3295,24.1619,0.0000,0.0000,4.000000,4.000000,5.000000,0.000000,0.000000,96.000000,96.000000,95.000000,100.000000,100.000000,5.0,62.8210,60.1535,420.4173,423.0848,PENDING_AG03,FALSE,NOT_FOR_ENFORCEMENT,463.9088,46319.4703,483.2383,463.9088,19.3295,0.00902045,0.00865963,19.3295,463.9088,0.00865963,19.3295,19.3295,24.1619,0.0000,0.0000,463.9088,0.00865963,62.8210,60.1535,420.4173,423.0848,0.00784779,0.00789758,0.00036082,9.3346,8.4088,0.0842,5.5545,0.2517,615.7635,65.9540,8.3255,9.6426,5.1431,5.1891,8.2617,16.7816,25.8881,44.2602,5.1891,0.0,4.9889,8.529385,1.798876,29,193,98,2,0.20855820,0.00902045,0.00297427,0E-8,0.000000,0.900656,0.000000,0.00763944,2026-03-21,2026-08-06,87,1920,882,139,0.625899,0.863400,0.891889,0.695194,,,,,,,,GLOBAL_BASELINE_NO_ENTITY_RANKING,,,NOT_APPLICABLE_GLOBAL_BASELINE,HF9g-P5,,,,X 全窗基线 · 不参与实体赏罚,8397606,840,A168_HF9F_20260827_0900,2026-08-27 09:00:00
2026-07-29,54653530,925,0,41.3084449952,5.1635556244,5.1635556244,0.4000000,5,5,0.49592654000000000,0.495926540000,-0.42901076602576227,-0.42901076602576227,-0.42901076602576227,0E-17,ELIGIBLE,R03b_20260811_FULL_v1,L1_ELIGIBILITY,v2026-08-11,2026-03-21..2026-08-06,baccarat_bet02_101_all_pairs_incl_sentinel,round_win = game_pnl > 0 (decisive only),COMPATIBILITY_ONLY_NOT_PRODUCTION,53571.4227,48249.4483,483.2383,5739,5738,-0.00902045,-0.00297427,-0.01061372,-0.00902045,-483.2383,53571.4227,OK,0.0000,19.3295,4.0000,96.0000,AG03-UNRESOLVED,ALL5_LEVELS_bet23_to_bet27,19.3295,19.3295,24.1619,0.0000,0.0000,4.000000,4.000000,5.000000,0.000000,0.000000,96.000000,96.000000,95.000000,100.000000,100.000000,5.0,62.8210,60.1535,420.4173,423.0848,PENDING_AG03,FALSE,NOT_FOR_ENFORCEMENT,463.9088,46319.4703,483.2383,463.9088,19.3295,0.00902045,0.00865963,19.3295,463.9088,0.00865963,19.3295,19.3295,24.1619,0.0000,0.0000,463.9088,0.00865963,62.8210,60.1535,420.4173,423.0848,0.00784779,0.00789758,0.00036082,9.3346,8.4088,0.0842,5.5545,0.2517,615.7635,65.9540,8.3255,9.6426,5.1431,5.1891,8.2617,16.7816,25.8881,44.2602,5.1891,0.0,4.9889,8.529385,1.798876,29,193,98,2,0.20855820,0.00902045,0.00297427,0E-8,0.000000,0.900656,0.000000,0.00763944,2026-03-21,2026-08-06,87,1920,882,139,0.625899,0.863400,0.891889,0.695194,,,,,,,,GLOBAL_BASELINE_NO_ENTITY_RANKING,,,NOT_APPLICABLE_GLOBAL_BASELINE,HF9g-P5,,,,X 全窗基线 · 不参与实体赏罚,8397607,840,A168_HF9F_20260827_0900,2026-08-27 09:00:00
2026-07-29,54653530,987,0,20.6542224976,4.6472000620,4.6472000620,0.5000000,3,3,0.50665070000000000,0.506650700000,-0.018812684590367487,-0.018812684590367487,-0.018812684590367487,0E-17,ELIGIBLE,R03b_20260811_FULL_v1,L1_ELIGIBILITY,v2026-08-11,2026-03-21..2026-08-06,baccarat_bet02_101_all_pairs_incl_sentinel,round_win = game_pnl > 0 (decisive only),COMPATIBILITY_ONLY_NOT_PRODUCTION,53571.4227,48249.4483,483.2383,5739,5738,-0.00902045,-0.00297427,-0.01061372,-0.00902045,-483.2383,53571.4227,OK,0.0000,19.3295,4.0000,96.0000,AG03-UNRESOLVED,ALL5_LEVELS_bet23_to_bet27,19.3295,19.3295,24.1619,0.0000,0.0000,4.000000,4.000000,5.000000,0.000000,0.000000,96.000000,96.000000,95.000000,100.000000,100.000000,5.0,62.8210,60.1535,420.4173,423.0848,PENDING_AG03,FALSE,NOT_FOR_ENFORCEMENT,463.9088,46319.4703,483.2383,463.9088,19.3295,0.00902045,0.00865963,19.3295,463.9088,0.00865963,19.3295,19.3295,24.1619,0.0000,0.0000,463.9088,0.00865963,62.8210,60.1535,420.4173,423.0848,0.00784779,0.00789758,0.00036082,9.3346,8.4088,0.0842,5.5545,0.2517,615.7635,65.9540,8.3255,9.6426,5.1431,5.1891,8.2617,16.7816,25.8881,44.2602,5.1891,0.0,4.9889,8.529385,1.798876,29,193,98,2,0.20855820,0.00902045,0.00297427,0E-8,0.000000,0.900656,0.000000,0.00763944,2026-03-21,2026-08-06,87,1920,882,139,0.625899,0.863400,0.891889,0.695194,,,,,,,,GLOBAL_BASELINE_NO_ENTITY_RANKING,,,NOT_APPLICABLE_GLOBAL_BASELINE,HF9g-P5,,,,X 全窗基线 · 不参与实体赏罚,8397608,840,A168_HF9F_20260827_0900,2026-08-27 09:00:00
2026-07-29,54653530,994,0,74.8715565538,15.8779335450,15.8779335450,0.5000000,9,9,0.50516123333333333,0.505161233333,-0.02919790032230849,-0.029197900320422594,-0.02919790032230849,3.3333E-13,ELIGIBLE,R03b_20260811_FULL_v1,L1_ELIGIBILITY,v2026-08-11,2026-03-21..2026-08-06,baccarat_bet02_101_all_pairs_incl_sentinel,round_win = game_pnl > 0 (decisive only),COMPATIBILITY_ONLY_NOT_PRODUCTION,53571.4227,48249.4483,483.2383,5739,5738,-0.00902045,-0.00297427,-0.01061372,-0.00902045,-483.2383,53571.4227,OK,0.0000,19.3295,4.0000,96.0000,AG03-UNRESOLVED,ALL5_LEVELS_bet23_to_bet27,19.3295,19.3295,24.1619,0.0000,0.0000,4.000000,4.000000,5.000000,0.000000,0.000000,96.000000,96.000000,95.000000,100.000000,100.000000,5.0,62.8210,60.1535,420.4173,423.0848,PENDING_AG03,FALSE,NOT_FOR_ENFORCEMENT,463.9088,46319.4703,483.2383,463.9088,19.3295,0.00902045,0.00865963,19.3295,463.9088,0.00865963,19.3295,19.3295,24.1619,0.0000,0.0000,463.9088,0.00865963,62.8210,60.1535,420.4173,423.0848,0.00784779,0.00789758,0.00036082,9.3346,8.4088,0.0842,5.5545,0.2517,615.7635,65.9540,8.3255,9.6426,5.1431,5.1891,8.2617,16.7816,25.8881,44.2602,5.1891,0.0,4.9889,8.529385,1.798876,29,193,98,2,0.20855820,0.00902045,0.00297427,0E-8,0.000000,0.900656,0.000000,0.00763944,2026-03-21,2026-08-06,87,1920,882,139,0.625899,0.863400,0.891889,0.695194,,,,,,,,GLOBAL_BASELINE_NO_ENTITY_RANKING,,,NOT_APPLICABLE_GLOBAL_BASELINE,HF9g-P5,,,,X 全窗基线 · 不参与实体赏罚,8397609,840,A168_HF9F_20260827_0900,2026-08-27 09:00:00
2026-07-30,54653530,-1,1,15.4906668732,4.6472000620,4.6472000620,1.0000000,2,1,0.50218230000000000,0.499948100000,0.99564488342984,1.0001038053877793,0.99564488342984,0.00223420000000000,SENTINEL_DEALER,R03b_20260811_FULL_v1,L1_ELIGIBILITY,v2026-08-11,2026-03-21..2026-08-06,baccarat_bet02_101_all_pairs_incl_sentinel,round_win = game_pnl > 0 (decisive only),COMPATIBILITY_ONLY_NOT_PRODUCTION,53571.4227,48249.4483,483.2383,5739,5738,-0.00902045,-0.00297427,-0.01061372,-0.00902045,-483.2383,53571.4227,OK,0.0000,19.3295,4.0000,96.0000,AG03-UNRESOLVED,ALL5_LEVELS_bet23_to_bet27,19.3295,19.3295,24.1619,0.0000,0.0000,4.000000,4.000000,5.000000,0.000000,0.000000,96.000000,96.000000,95.000000,100.000000,100.000000,5.0,62.8210,60.1535,420.4173,423.0848,PENDING_AG03,FALSE,NOT_FOR_ENFORCEMENT,463.9088,46319.4703,483.2383,463.9088,19.3295,0.00902045,0.00865963,19.3295,463.9088,0.00865963,19.3295,19.3295,24.1619,0.0000,0.0000,463.9088,0.00865963,62.8210,60.1535,420.4173,423.0848,0.00784779,0.00789758,0.00036082,9.3346,8.4088,0.0842,5.5545,0.2517,615.7635,65.9540,8.3255,9.6426,5.1431,5.1891,8.2617,16.7816,25.8881,44.2602,5.1891,0.0,4.9889,8.529385,1.798876,29,193,98,2,0.20855820,0.00902045,0.00297427,0E-8,0.000000,0.900656,0.000000,0.00763944,2026-03-21,2026-08-06,87,1920,882,139,0.625899,0.863400,0.891889,0.695194,,,,,,,,GLOBAL_BASELINE_NO_ENTITY_RANKING,,,NOT_APPLICABLE_GLOBAL_BASELINE,HF9g-P5,,,,X 全窗基线 · 不参与实体赏罚,8397610,840,A168_HF9F_20260827_0900,2026-08-27 09:00:00
2026-07-30,54653530,1307,0,21.1705780601,-21.1705780601,-21.1705780601,0E-7,1,1,0.50665070000000000,0.506650700000,-1.013391052207602,-1.013391052207602,-1.013391052207602,0E-17,ELIGIBLE,R03b_20260811_FULL_v1,L1_ELIGIBILITY,v2026-08-11,2026-03-21..2026-08-06,baccarat_bet02_101_all_pairs_incl_sentinel,round_win = game_pnl > 0 (decisive only),COMPATIBILITY_ONLY_NOT_PRODUCTION,53571.4227,48249.4483,483.2383,5739,5738,-0.00902045,-0.00297427,-0.01061372,-0.00902045,-483.2383,53571.4227,OK,0.0000,19.3295,4.0000,96.0000,AG03-UNRESOLVED,ALL5_LEVELS_bet23_to_bet27,19.3295,19.3295,24.1619,0.0000,0.0000,4.000000,4.000000,5.000000,0.000000,0.000000,96.000000,96.000000,95.000000,100.000000,100.000000,5.0,62.8210,60.1535,420.4173,423.0848,PENDING_AG03,FALSE,NOT_FOR_ENFORCEMENT,463.9088,46319.4703,483.2383,463.9088,19.3295,0.00902045,0.00865963,19.3295,463.9088,0.00865963,19.3295,19.3295,24.1619,0.0000,0.0000,463.9088,0.00865963,62.8210,60.1535,420.4173,423.0848,0.00784779,0.00789758,0.00036082,9.3346,8.4088,0.0842,5.5545,0.2517,615.7635,65.9540,8.3255,9.6426,5.1431,5.1891,8.2617,16.7816,25.8881,44.2602,5.1891,0.0,4.9889,8.529385,1.798876,29,193,98,2,0.20855820,0.00902045,0.00297427,0E-8,0.000000,0.900656,0.000000,0.00763944,2026-03-21,2026-08-06,87,1920,882,139,0.625899,0.863400,0.891889,0.695194,,,,,,,,GLOBAL_BASELINE_NO_ENTITY_RANKING,,,NOT_APPLICABLE_GLOBAL_BASELINE,HF9g-P5,,,,X 全窗基线 · 不参与实体赏罚,8397611,840,A168_HF9F_20260827_0900,2026-08-27 09:00:00
2026-07-30,54653530,1383,0,10.3271112488,0E-10,0E-10,0.5000000,2,2,0.49324550000000000,0.493245500000,0.01910635448239258,0.01910635448239258,0.01910635448239258,0E-17,ELIGIBLE,R03b_20260811_FULL_v1,L1_ELIGIBILITY,v2026-08-11,2026-03-21..2026-08-06,baccarat_bet02_101_all_pairs_incl_sentinel,round_win = game_pnl > 0 (decisive only),COMPATIBILITY_ONLY_NOT_PRODUCTION,53571.4227,48249.4483,483.2383,5739,5738,-0.00902045,-0.00297427,-0.01061372,-0.00902045,-483.2383,53571.4227,OK,0.0000,19.3295,4.0000,96.0000,AG03-UNRESOLVED,ALL5_LEVELS_bet23_to_bet27,19.3295,19.3295,24.1619,0.0000,0.0000,4.000000,4.000000,5.000000,0.000000,0.000000,96.000000,96.000000,95.000000,100.000000,100.000000,5.0,62.8210,60.1535,420.4173,423.0848,PENDING_AG03,FALSE,NOT_FOR_ENFORCEMENT,463.9088,46319.4703,483.2383,463.9088,19.3295,0.00902045,0.00865963,19.3295,463.9088,0.00865963,19.3295,19.3295,24.1619,0.0000,0.0000,463.9088,0.00865963,62.8210,60.1535,420.4173,423.0848,0.00784779,0.00789758,0.00036082,9.3346,8.4088,0.0842,5.5545,0.2517,615.7635,65.9540,8.3255,9.6426,5.1431,5.1891,8.2617,16.7816,25.8881,44.2602,5.1891,0.0,4.9889,8.529385,1.798876,29,193,98,2,0.20855820,0.00902045,0.00297427,0E-8,0.000000,0.900656,0.000000,0.00763944,2026-03-21,2026-08-06,87,1920,882,139,0.625899,0.863400,0.891889,0.695194,,,,,,,,GLOBAL_BASELINE_NO_ENTITY_RANKING,,,NOT_APPLICABLE_GLOBAL_BASELINE,HF9g-P5,,,,X 全窗基线 · 不参与实体赏罚,8397612,840,A168_HF9F_20260827_0900,2026-08-27 09:00:00
2026-07-30,54653530,2209,0,10.3271112488,-5.1635556244,-5.1635556244,0E-7,2,2,0.49994810000000000,0.499948100000,-0.9998962053866608,-0.9998962053866608,-0.9998962053866608,0E-17,ELIGIBLE,R03b_20260811_FULL_v1,L1_ELIGIBILITY,v2026-08-11,2026-03-21..2026-08-06,baccarat_bet02_101_all_pairs_incl_sentinel,round_win = game_pnl > 0 (decisive only),COMPATIBILITY_ONLY_NOT_PRODUCTION,53571.4227,48249.4483,483.2383,5739,5738,-0.00902045,-0.00297427,-0.01061372,-0.00902045,-483.2383,53571.4227,OK,0.0000,19.3295,4.0000,96.0000,AG03-UNRESOLVED,ALL5_LEVELS_bet23_to_bet27,19.3295,19.3295,24.1619,0.0000,0.0000,4.000000,4.000000,5.000000,0.000000,0.000000,96.000000,96.000000,95.000000,100.000000,100.000000,5.0,62.8210,60.1535,420.4173,423.0848,PENDING_AG03,FALSE,NOT_FOR_ENFORCEMENT,463.9088,46319.4703,483.2383,463.9088,19.3295,0.00902045,0.00865963,19.3295,463.9088,0.00865963,19.3295,19.3295,24.1619,0.0000,0.0000,463.9088,0.00865963,62.8210,60.1535,420.4173,423.0848,0.00784779,0.00789758,0.00036082,9.3346,8.4088,0.0842,5.5545,0.2517,615.7635,65.9540,8.3255,9.6426,5.1431,5.1891,8.2617,16.7816,25.8881,44.2602,5.1891,0.0,4.9889,8.529385,1.798876,29,193,98,2,0.20855820,0.00902045,0.00297427,0E-8,0.000000,0.900656,0.000000,0.00763944,2026-03-21,2026-08-06,87,1920,882,139,0.625899,0.863400,0.891889,0.695194,,,,,,,,GLOBAL_BASELINE_NO_ENTITY_RANKING,,,NOT_APPLICABLE_GLOBAL_BASELINE,HF9g-P5,,,,X 全窗基线 · 不参与实体赏罚,8397613,840,A168_HF9F_20260827_0900,2026-08-27 09:00:00
2026-07-30,54653530,2288,0,15.4906668732,-15.4906668732,-15.4906668732,0E-7,2,2,0.50665070000000000,0.506650700000,-1.4331513700195317,-1.4331513700195317,-1.4331513700195317,0E-17,ELIGIBLE,R03b_20260811_FULL_v1,L1_ELIGIBILITY,v2026-08-11,2026-03-21..2026-08-06,baccarat_bet02_101_all_pairs_incl_sentinel,round_win = game_pnl > 0 (decisive only),COMPATIBILITY_ONLY_NOT_PRODUCTION,53571.4227,48249.4483,483.2383,5739,5738,-0.00902045,-0.00297427,-0.01061372,-0.00902045,-483.2383,53571.4227,OK,0.0000,19.3295,4.0000,96.0000,AG03-UNRESOLVED,ALL5_LEVELS_bet23_to_bet27,19.3295,19.3295,24.1619,0.0000,0.0000,4.000000,4.000000,5.000000,0.000000,0.000000,96.000000,96.000000,95.000000,100.000000,100.000000,5.0,62.8210,60.1535,420.4173,423.0848,PENDING_AG03,FALSE,NOT_FOR_ENFORCEMENT,463.9088,46319.4703,483.2383,463.9088,19.3295,0.00902045,0.00865963,19.3295,463.9088,0.00865963,19.3295,19.3295,24.1619,0.0000,0.0000,463.9088,0.00865963,62.8210,60.1535,420.4173,423.0848,0.00784779,0.00789758,0.00036082,9.3346,8.4088,0.0842,5.5545,0.2517,615.7635,65.9540,8.3255,9.6426,5.1431,5.1891,8.2617,16.7816,25.8881,44.2602,5.1891,0.0,4.9889,8.529385,1.798876,29,193,98,2,0.20855820,0.00902045,0.00297427,0E-8,0.000000,0.900656,0.000000,0.00763944,2026-03-21,2026-08-06,87,1920,882,139,0.625899,0.863400,0.891889,0.695194,,,,,,,,GLOBAL_BASELINE_NO_ENTITY_RANKING,,,NOT_APPLICABLE_GLOBAL_BASELINE,HF9g-P5,,,,X 全窗基线 · 不参与实体赏罚,8397614,840,A168_HF9F_20260827_0900,2026-08-27 09:00:00
2026-07-30,54653530,993,0,41.5666227765,7.1773423179,7.1773423179,0.5000000,3,3,0.50218230000000000,0.502182300000,-0.00617253530718887,-0.00617253530718887,-0.00617253530718887,0E-17,ELIGIBLE,R03b_20260811_FULL_v1,L1_ELIGIBILITY,v2026-08-11,2026-03-21..2026-08-06,baccarat_bet02_101_all_pairs_incl_sentinel,round_win = game_pnl > 0 (decisive only),COMPATIBILITY_ONLY_NOT_PRODUCTION,53571.4227,48249.4483,483.2383,5739,5738,-0.00902045,-0.00297427,-0.01061372,-0.00902045,-483.2383,53571.4227,OK,0.0000,19.3295,4.0000,96.0000,AG03-UNRESOLVED,ALL5_LEVELS_bet23_to_bet27,19.3295,19.3295,24.1619,0.0000,0.0000,4.000000,4.000000,5.000000,0.000000,0.000000,96.000000,96.000000,95.000000,100.000000,100.000000,5.0,62.8210,60.1535,420.4173,423.0848,PENDING_AG03,FALSE,NOT_FOR_ENFORCEMENT,463.9088,46319.4703,483.2383,463.9088,19.3295,0.00902045,0.00865963,19.3295,463.9088,0.00865963,19.3295,19.3295,24.1619,0.0000,0.0000,463.9088,0.00865963,62.8210,60.1535,420.4173,423.0848,0.00784779,0.00789758,0.00036082,9.3346,8.4088,0.0842,5.5545,0.2517,615.7635,65.9540,8.3255,9.6426,5.1431,5.1891,8.2617,16.7816,25.8881,44.2602,5.1891,0.0,4.9889,8.529385,1.798876,29,193,98,2,0.20855820,0.00902045,0.00297427,0E-8,0.000000,0.900656,0.000000,0.00763944,2026-03-21,2026-08-06,87,1920,882,139,0.625899,0.863400,0.891889,0.695194,,,,,,,,GLOBAL_BASELINE_NO_ENTITY_RANKING,,,NOT_APPLICABLE_GLOBAL_BASELINE,HF9g-P5,,,,X 全窗基线 · 不参与实体赏罚,8397615,840,A168_HF9F_20260827_0900,2026-08-27 09:00:00
2026-08-01,54653530,-1,1,167.2103357051,-55.2230755401,-55.2230755401,0.3333333,17,17,0.49482258235294118,0.494822582353,-1.2509574113486013,-1.2509574113490551,-1.2509574113486013,-5.882E-14,SENTINEL_DEALER,R03b_20260811_FULL_v1,L1_ELIGIBILITY,v2026-08-11,2026-03-21..2026-08-06,baccarat_bet02_101_all_pairs_incl_sentinel,round_win = game_pnl > 0 (decisive only),COMPATIBILITY_ONLY_NOT_PRODUCTION,53571.4227,48249.4483,483.2383,5739,5738,-0.00902045,-0.00297427,-0.01061372,-0.00902045,-483.2383,53571.4227,OK,0.0000,19.3295,4.0000,96.0000,AG03-UNRESOLVED,ALL5_LEVELS_bet23_to_bet27,19.3295,19.3295,24.1619,0.0000,0.0000,4.000000,4.000000,5.000000,0.000000,0.000000,96.000000,96.000000,95.000000,100.000000,100.000000,5.0,62.8210,60.1535,420.4173,423.0848,PENDING_AG03,FALSE,NOT_FOR_ENFORCEMENT,463.9088,46319.4703,483.2383,463.9088,19.3295,0.00902045,0.00865963,19.3295,463.9088,0.00865963,19.3295,19.3295,24.1619,0.0000,0.0000,463.9088,0.00865963,62.8210,60.1535,420.4173,423.0848,0.00784779,0.00789758,0.00036082,9.3346,8.4088,0.0842,5.5545,0.2517,615.7635,65.9540,8.3255,9.6426,5.1431,5.1891,8.2617,16.7816,25.8881,44.2602,5.1891,0.0,4.9889,8.529385,1.798876,29,193,98,2,0.20855820,0.00902045,0.00297427,0E-8,0.000000,0.900656,0.000000,0.00763944,2026-03-21,2026-08-06,87,1920,882,139,0.625899,0.863400,0.891889,0.695194,,,,,,,,GLOBAL_BASELINE_NO_ENTITY_RANKING,,,NOT_APPLICABLE_GLOBAL_BASELINE,HF9g-P5,,,,X 全窗基线 · 不参与实体赏罚,8397616,840,A168_HF9F_20260827_0900,2026-08-27 09:00:00
2026-08-01,54653530,1004,0,5.1370302828,5.1370302828,5.1370302828,1.0000000,1,1,0.49324550000000000,0.493245500000,1.01360149184955,1.01360149184955,1.01360149184955,0E-17,ELIGIBLE,R03b_20260811_FULL_v1,L1_ELIGIBILITY,v2026-08-11,2026-03-21..2026-08-06,baccarat_bet02_101_all_pairs_incl_sentinel,round_win = game_pnl > 0 (decisive only),COMPATIBILITY_ONLY_NOT_PRODUCTION,53571.4227,48249.4483,483.2383,5739,5738,-0.00902045,-0.00297427,-0.01061372,-0.00902045,-483.2383,53571.4227,OK,0.0000,19.3295,4.0000,96.0000,AG03-UNRESOLVED,ALL5_LEVELS_bet23_to_bet27,19.3295,19.3295,24.1619,0.0000,0.0000,4.000000,4.000000,5.000000,0.000000,0.000000,96.000000,96.000000,95.000000,100.000000,100.000000,5.0,62.8210,60.1535,420.4173,423.0848,PENDING_AG03,FALSE,NOT_FOR_ENFORCEMENT,463.9088,46319.4703,483.2383,463.9088,19.3295,0.00902045,0.00865963,19.3295,463.9088,0.00865963,19.3295,19.3295,24.1619,0.0000,0.0000,463.9088,0.00865963,62.8210,60.1535,420.4173,423.0848,0.00784779,0.00789758,0.00036082,9.3346,8.4088,0.0842,5.5545,0.2517,615.7635,65.9540,8.3255,9.6426,5.1431,5.1891,8.2617,16.7816,25.8881,44.2602,5.1891,0.0,4.9889,8.529385,1.798876,29,193,98,2,0.20855820,0.00902045,0.00297427,0E-8,0.000000,0.900656,0.000000,0.00763944,2026-03-21,2026-08-06,87,1920,882,139,0.625899,0.863400,0.891889,0.695194,,,,,,,,GLOBAL_BASELINE_NO_ENTITY_RANKING,,,NOT_APPLICABLE_GLOBAL_BASELINE,HF9g-P5,,,,X 全窗基线 · 不参与实体赏罚,8397617,840,A168_HF9F_20260827_0900,2026-08-27 09:00:00
2026-08-01,54653530,1094,0,5.1370302828,5.1370302828,5.1370302828,1.0000000,1,1,0.49324550000000000,0.493245500000,1.01360149184955,1.01360149184955,1.01360149184955,0E-17,ELIGIBLE,R03b_20260811_FULL_v1,L1_ELIGIBILITY,v2026-08-11,2026-03-21..2026-08-06,baccarat_bet02_101_all_pairs_incl_sentinel,round_win = game_pnl > 0 (decisive only),COMPATIBILITY_ONLY_NOT_PRODUCTION,53571.4227,48249.4483,483.2383,5739,5738,-0.00902045,-0.00297427,-0.01061372,-0.00902045,-483.2383,53571.4227,OK,0.0000,19.3295,4.0000,96.0000,AG03-UNRESOLVED,ALL5_LEVELS_bet23_to_bet27,19.3295,19.3295,24.1619,0.0000,0.0000,4.000000,4.000000,5.000000,0.000000,0.000000,96.000000,96.000000,95.000000,100.000000,100.000000,5.0,62.8210,60.1535,420.4173,423.0848,PENDING_AG03,FALSE,NOT_FOR_ENFORCEMENT,463.9088,46319.4703,483.2383,463.9088,19.3295,0.00902045,0.00865963,19.3295,463.9088,0.00865963,19.3295,19.3295,24.1619,0.0000,0.0000,463.9088,0.00865963,62.8210,60.1535,420.4173,423.0848,0.00784779,0.00789758,0.00036082,9.3346,8.4088,0.0842,5.5545,0.2517,615.7635,65.9540,8.3255,9.6426,5.1431,5.1891,8.2617,16.7816,25.8881,44.2602,5.1891,0.0,4.9889,8.529385,1.798876,29,193,98,2,0.20855820,0.00902045,0.00297427,0E-8,0.000000,0.900656,0.000000,0.00763944,2026-03-21,2026-08-06,87,1920,882,139,0.625899,0.863400,0.891889,0.695194,,,,,,,,GLOBAL_BASELINE_NO_ENTITY_RANKING,,,NOT_APPLICABLE_GLOBAL_BASELINE,HF9g-P5,,,,X 全窗基线 · 不参与实体赏罚,8397618,840,A168_HF9F_20260827_0900,2026-08-27 09:00:00
2026-08-01,54653530,1210,0,59.0758482522,-2.9537924126,-2.9537924126,0.3750000,8,8,0.49659680000000000,0.496596800000,-0.6878713085241178,-0.6878713085241179,-0.6878713085241178,0E-17,ELIGIBLE,R03b_20260811_FULL_v1,L1_ELIGIBILITY,v2026-08-11,2026-03-21..2026-08-06,baccarat_bet02_101_all_pairs_incl_sentinel,round_win = game_pnl > 0 (decisive only),COMPATIBILITY_ONLY_NOT_PRODUCTION,53571.4227,48249.4483,483.2383,5739,5738,-0.00902045,-0.00297427,-0.01061372,-0.00902045,-483.2383,53571.4227,OK,0.0000,19.3295,4.0000,96.0000,AG03-UNRESOLVED,ALL5_LEVELS_bet23_to_bet27,19.3295,19.3295,24.1619,0.0000,0.0000,4.000000,4.000000,5.000000,0.000000,0.000000,96.000000,96.000000,95.000000,100.000000,100.000000,5.0,62.8210,60.1535,420.4173,423.0848,PENDING_AG03,FALSE,NOT_FOR_ENFORCEMENT,463.9088,46319.4703,483.2383,463.9088,19.3295,0.00902045,0.00865963,19.3295,463.9088,0.00865963,19.3295,19.3295,24.1619,0.0000,0.0000,463.9088,0.00865963,62.8210,60.1535,420.4173,423.0848,0.00784779,0.00789758,0.00036082,9.3346,8.4088,0.0842,5.5545,0.2517,615.7635,65.9540,8.3255,9.6426,5.1431,5.1891,8.2617,16.7816,25.8881,44.2602,5.1891,0.0,4.9889,8.529385,1.798876,29,193,98,2,0.20855820,0.00902045,0.00297427,0E-8,0.000000,0.900656,0.000000,0.00763944,2026-03-21,2026-08-06,87,1920,882,139,0.625899,0.863400,0.891889,0.695194,,,,,,,,GLOBAL_BASELINE_NO_ENTITY_RANKING,,,NOT_APPLICABLE_GLOBAL_BASELINE,HF9g-P5,,,,X 全窗基线 · 不参与实体赏罚,8397619,840,A168_HF9F_20260827_0900,2026-08-27 09:00:00
2026-08-01,54653530,1304,0,5.1370302828,5.1370302828,5.1370302828,1.0000000,1,1,0.49324550000000000,0.493245500000,1.01360149184955,1.01360149184955,1.01360149184955,0E-17,ELIGIBLE,R03b_20260811_FULL_v1,L1_ELIGIBILITY,v2026-08-11,2026-03-21..2026-08-06,baccarat_bet02_101_all_pairs_incl_sentinel,round_win = game_pnl > 0 (decisive only),COMPATIBILITY_ONLY_NOT_PRODUCTION,53571.4227,48249.4483,483.2383,5739,5738,-0.00902045,-0.00297427,-0.01061372,-0.00902045,-483.2383,53571.4227,OK,0.0000,19.3295,4.0000,96.0000,AG03-UNRESOLVED,ALL5_LEVELS_bet23_to_bet27,19.3295,19.3295,24.1619,0.0000,0.0000,4.000000,4.000000,5.000000,0.000000,0.000000,96.000000,96.000000,95.000000,100.000000,100.000000,5.0,62.8210,60.1535,420.4173,423.0848,PENDING_AG03,FALSE,NOT_FOR_ENFORCEMENT,463.9088,46319.4703,483.2383,463.9088,19.3295,0.00902045,0.00865963,19.3295,463.9088,0.00865963,19.3295,19.3295,24.1619,0.0000,0.0000,463.9088,0.00865963,62.8210,60.1535,420.4173,423.0848,0.00784779,0.00789758,0.00036082,9.3346,8.4088,0.0842,5.5545,0.2517,615.7635,65.9540,8.3255,9.6426,5.1431,5.1891,8.2617,16.7816,25.8881,44.2602,5.1891,0.0,4.9889,8.529385,1.798876,29,193,98,2,0.20855820,0.00902045,0.00297427,0E-8,0.000000,0.900656,0.000000,0.00763944,2026-03-21,2026-08-06,87,1920,882,139,0.625899,0.863400,0.891889,0.695194,,,,,,,,GLOBAL_BASELINE_NO_ENTITY_RANKING,,,NOT_APPLICABLE_GLOBAL_BASELINE,HF9g-P5,,,,X 全窗基线 · 不参与实体赏罚,8397620,840,A168_HF9F_20260827_0900,2026-08-27 09:00:00
2026-08-01,54653530,1383,0,15.4110908484,5.1370302828,5.1370302828,0.5000000,2,2,0.49324550000000000,0.493245500000,0.01910635448239258,0.01910635448239258,0.01910635448239258,0E-17,ELIGIBLE,R03b_20260811_FULL_v1,L1_ELIGIBILITY,v2026-08-11,2026-03-21..2026-08-06,baccarat_bet02_101_all_pairs_incl_sentinel,round_win = game_pnl > 0 (decisive only),COMPATIBILITY_ONLY_NOT_PRODUCTION,53571.4227,48249.4483,483.2383,5739,5738,-0.00902045,-0.00297427,-0.01061372,-0.00902045,-483.2383,53571.4227,OK,0.0000,19.3295,4.0000,96.0000,AG03-UNRESOLVED,ALL5_LEVELS_bet23_to_bet27,19.3295,19.3295,24.1619,0.0000,0.0000,4.000000,4.000000,5.000000,0.000000,0.000000,96.000000,96.000000,95.000000,100.000000,100.000000,5.0,62.8210,60.1535,420.4173,423.0848,PENDING_AG03,FALSE,NOT_FOR_ENFORCEMENT,463.9088,46319.4703,483.2383,463.9088,19.3295,0.00902045,0.00865963,19.3295,463.9088,0.00865963,19.3295,19.3295,24.1619,0.0000,0.0000,463.9088,0.00865963,62.8210,60.1535,420.4173,423.0848,0.00784779,0.00789758,0.00036082,9.3346,8.4088,0.0842,5.5545,0.2517,615.7635,65.9540,8.3255,9.6426,5.1431,5.1891,8.2617,16.7816,25.8881,44.2602,5.1891,0.0,4.9889,8.529385,1.798876,29,193,98,2,0.20855820,0.00902045,0.00297427,0E-8,0.000000,0.900656,0.000000,0.00763944,2026-03-21,2026-08-06,87,1920,882,139,0.625899,0.863400,0.891889,0.695194,,,,,,,,GLOBAL_BASELINE_NO_ENTITY_RANKING,,,NOT_APPLICABLE_GLOBAL_BASELINE,HF9g-P5,,,,X 全窗基线 · 不参与实体赏罚,8397621,840,A168_HF9F_20260827_0900,2026-08-27 09:00:00
2026-08-01,54653530,1485,0,5.1370302828,5.1370302828,5.1370302828,1.0000000,1,1,0.49324550000000000,0.493245500000,1.01360149184955,1.01360149184955,1.01360149184955,0E-17,ELIGIBLE,R03b_20260811_FULL_v1,L1_ELIGIBILITY,v2026-08-11,2026-03-21..2026-08-06,baccarat_bet02_101_all_pairs_incl_sentinel,round_win = game_pnl > 0 (decisive only),COMPATIBILITY_ONLY_NOT_PRODUCTION,53571.4227,48249.4483,483.2383,5739,5738,-0.00902045,-0.00297427,-0.01061372,-0.00902045,-483.2383,53571.4227,OK,0.0000,19.3295,4.0000,96.0000,AG03-UNRESOLVED,ALL5_LEVELS_bet23_to_bet27,19.3295,19.3295,24.1619,0.0000,0.0000,4.000000,4.000000,5.000000,0.000000,0.000000,96.000000,96.000000,95.000000,100.000000,100.000000,5.0,62.8210,60.1535,420.4173,423.0848,PENDING_AG03,FALSE,NOT_FOR_ENFORCEMENT,463.9088,46319.4703,483.2383,463.9088,19.3295,0.00902045,0.00865963,19.3295,463.9088,0.00865963,19.3295,19.3295,24.1619,0.0000,0.0000,463.9088,0.00865963,62.8210,60.1535,420.4173,423.0848,0.00784779,0.00789758,0.00036082,9.3346,8.4088,0.0842,5.5545,0.2517,615.7635,65.9540,8.3255,9.6426,5.1431,5.1891,8.2617,16.7816,25.8881,44.2602,5.1891,0.0,4.9889,8.529385,1.798876,29,193,98,2,0.20855820,0.00902045,0.00297427,0E-8,0.000000,0.900656,0.000000,0.00763944,2026-03-21,2026-08-06,87,1920,882,139,0.625899,0.863400,0.891889,0.695194,,,,,,,,GLOBAL_BASELINE_NO_ENTITY_RANKING,,,NOT_APPLICABLE_GLOBAL_BASELINE,HF9g-P5,,,,X 全窗基线 · 不参与实体赏罚,8397622,840,A168_HF9F_20260827_0900,2026-08-27 09:00:00
2026-08-01,54653530,1490,0,30.0516271544,3.3390696838,3.3390696838,0.3333333,3,3,0.49324550000000000,0.493245500000,-0.5540025479526107,-0.5540025479526106,-0.5540025479526107,0E-17,ELIGIBLE,R03b_20260811_FULL_v1,L1_ELIGIBILITY,v2026-08-11,2026-03-21..2026-08-06,baccarat_bet02_101_all_pairs_incl_sentinel,round_win = game_pnl > 0 (decisive only),COMPATIBILITY_ONLY_NOT_PRODUCTION,53571.4227,48249.4483,483.2383,5739,5738,-0.00902045,-0.00297427,-0.01061372,-0.00902045,-483.2383,53571.4227,OK,0.0000,19.3295,4.0000,96.0000,AG03-UNRESOLVED,ALL5_LEVELS_bet23_to_bet27,19.3295,19.3295,24.1619,0.0000,0.0000,4.000000,4.000000,5.000000,0.000000,0.000000,96.000000,96.000000,95.000000,100.000000,100.000000,5.0,62.8210,60.1535,420.4173,423.0848,PENDING_AG03,FALSE,NOT_FOR_ENFORCEMENT,463.9088,46319.4703,483.2383,463.9088,19.3295,0.00902045,0.00865963,19.3295,463.9088,0.00865963,19.3295,19.3295,24.1619,0.0000,0.0000,463.9088,0.00865963,62.8210,60.1535,420.4173,423.0848,0.00784779,0.00789758,0.00036082,9.3346,8.4088,0.0842,5.5545,0.2517,615.7635,65.9540,8.3255,9.6426,5.1431,5.1891,8.2617,16.7816,25.8881,44.2602,5.1891,0.0,4.9889,8.529385,1.798876,29,193,98,2,0.20855820,0.00902045,0.00297427,0E-8,0.000000,0.900656,0.000000,0.00763944,2026-03-21,2026-08-06,87,1920,882,139,0.625899,0.863400,0.891889,0.695194,,,,,,,,GLOBAL_BASELINE_NO_ENTITY_RANKING,,,NOT_APPLICABLE_GLOBAL_BASELINE,HF9g-P5,,,,X 全窗基线 · 不参与实体赏罚,8397623,840,A168_HF9F_20260827_0900,2026-08-27 09:00:00
2026-08-01,54653530,1509,0,5.1370302828,5.1370302828,5.1370302828,1.0000000,1,1,0.49324550000000000,0.493245500000,1.01360149184955,1.01360149184955,1.01360149184955,0E-17,ELIGIBLE,R03b_20260811_FULL_v1,L1_ELIGIBILITY,v2026-08-11,2026-03-21..2026-08-06,baccarat_bet02_101_all_pairs_incl_sentinel,round_win = game_pnl > 0 (decisive only),COMPATIBILITY_ONLY_NOT_PRODUCTION,53571.4227,48249.4483,483.2383,5739,5738,-0.00902045,-0.00297427,-0.01061372,-0.00902045,-483.2383,53571.4227,OK,0.0000,19.3295,4.0000,96.0000,AG03-UNRESOLVED,ALL5_LEVELS_bet23_to_bet27,19.3295,19.3295,24.1619,0.0000,0.0000,4.000000,4.000000,5.000000,0.000000,0.000000,96.000000,96.000000,95.000000,100.000000,100.000000,5.0,62.8210,60.1535,420.4173,423.0848,PENDING_AG03,FALSE,NOT_FOR_ENFORCEMENT,463.9088,46319.4703,483.2383,463.9088,19.3295,0.00902045,0.00865963,19.3295,463.9088,0.00865963,19.3295,19.3295,24.1619,0.0000,0.0000,463.9088,0.00865963,62.8210,60.1535,420.4173,423.0848,0.00784779,0.00789758,0.00036082,9.3346,8.4088,0.0842,5.5545,0.2517,615.7635,65.9540,8.3255,9.6426,5.1431,5.1891,8.2617,16.7816,25.8881,44.2602,5.1891,0.0,4.9889,8.529385,1.798876,29,193,98,2,0.20855820,0.00902045,0.00297427,0E-8,0.000000,0.900656,0.000000,0.00763944,2026-03-21,2026-08-06,87,1920,882,139,0.625899,0.863400,0.891889,0.695194,,,,,,,,GLOBAL_BASELINE_NO_ENTITY_RANKING,,,NOT_APPLICABLE_GLOBAL_BASELINE,HF9g-P5,,,,X 全窗基线 · 不参与实体赏罚,8397624,840,A168_HF9F_20260827_0900,2026-08-27 09:00:00
2026-08-01,54653530,1951,0,5.1370302828,5.1370302828,5.1370302828,1.0000000,1,1,0.49324550000000000,0.493245500000,1.01360149184955,1.01360149184955,1.01360149184955,0E-17,ELIGIBLE,R03b_20260811_FULL_v1,L1_ELIGIBILITY,v2026-08-11,2026-03-21..2026-08-06,baccarat_bet02_101_all_pairs_incl_sentinel,round_win = game_pnl > 0 (decisive only),COMPATIBILITY_ONLY_NOT_PRODUCTION,53571.4227,48249.4483,483.2383,5739,5738,-0.00902045,-0.00297427,-0.01061372,-0.00902045,-483.2383,53571.4227,OK,0.0000,19.3295,4.0000,96.0000,AG03-UNRESOLVED,ALL5_LEVELS_bet23_to_bet27,19.3295,19.3295,24.1619,0.0000,0.0000,4.000000,4.000000,5.000000,0.000000,0.000000,96.000000,96.000000,95.000000,100.000000,100.000000,5.0,62.8210,60.1535,420.4173,423.0848,PENDING_AG03,FALSE,NOT_FOR_ENFORCEMENT,463.9088,46319.4703,483.2383,463.9088,19.3295,0.00902045,0.00865963,19.3295,463.9088,0.00865963,19.3295,19.3295,24.1619,0.0000,0.0000,463.9088,0.00865963,62.8210,60.1535,420.4173,423.0848,0.00784779,0.00789758,0.00036082,9.3346,8.4088,0.0842,5.5545,0.2517,615.7635,65.9540,8.3255,9.6426,5.1431,5.1891,8.2617,16.7816,25.8881,44.2602,5.1891,0.0,4.9889,8.529385,1.798876,29,193,98,2,0.20855820,0.00902045,0.00297427,0E-8,0.000000,0.900656,0.000000,0.00763944,2026-03-21,2026-08-06,87,1920,882,139,0.625899,0.863400,0.891889,0.695194,,,,,,,,GLOBAL_BASELINE_NO_ENTITY_RANKING,,,NOT_APPLICABLE_GLOBAL_BASELINE,HF9g-P5,,,,X 全窗基线 · 不参与实体赏罚,8397625,840,A168_HF9F_20260827_0900,2026-08-27 09:00:00
2026-08-01,54653530,1963,0,28.2536665554,2.5685151414,2.5685151414,0.3333333,3,3,0.49324550000000000,0.493245500000,-0.5540025479526107,-0.5540025479526106,-0.5540025479526107,0E-17,ELIGIBLE,R03b_20260811_FULL_v1,L1_ELIGIBILITY,v2026-08-11,2026-03-21..2026-08-06,baccarat_bet02_101_all_pairs_incl_sentinel,round_win = game_pnl > 0 (decisive only),COMPATIBILITY_ONLY_NOT_PRODUCTION,53571.4227,48249.4483,483.2383,5739,5738,-0.00902045,-0.00297427,-0.01061372,-0.00902045,-483.2383,53571.4227,OK,0.0000,19.3295,4.0000,96.0000,AG03-UNRESOLVED,ALL5_LEVELS_bet23_to_bet27,19.3295,19.3295,24.1619,0.0000,0.0000,4.000000,4.000000,5.000000,0.000000,0.000000,96.000000,96.000000,95.000000,100.000000,100.000000,5.0,62.8210,60.1535,420.4173,423.0848,PENDING_AG03,FALSE,NOT_FOR_ENFORCEMENT,463.9088,46319.4703,483.2383,463.9088,19.3295,0.00902045,0.00865963,19.3295,463.9088,0.00865963,19.3295,19.3295,24.1619,0.0000,0.0000,463.9088,0.00865963,62.8210,60.1535,420.4173,423.0848,0.00784779,0.00789758,0.00036082,9.3346,8.4088,0.0842,5.5545,0.2517,615.7635,65.9540,8.3255,9.6426,5.1431,5.1891,8.2617,16.7816,25.8881,44.2602,5.1891,0.0,4.9889,8.529385,1.798876,29,193,98,2,0.20855820,0.00902045,0.00297427,0E-8,0.000000,0.900656,0.000000,0.00763944,2026-03-21,2026-08-06,87,1920,882,139,0.625899,0.863400,0.891889,0.695194,,,,,,,,GLOBAL_BASELINE_NO_ENTITY_RANKING,,,NOT_APPLICABLE_GLOBAL_BASELINE,HF9g-P5,,,,X 全窗基线 · 不参与实体赏罚,8397626,840,A168_HF9F_20260827_0900,2026-08-27 09:00:00
2026-08-01,54653530,1990,0,12.8425757070,2.5685151414,2.5685151414,0.5000000,2,2,0.49324550000000000,0.493245500000,0.01910635448239258,0.01910635448239258,0.01910635448239258,0E-17,ELIGIBLE,R03b_20260811_FULL_v1,L1_ELIGIBILITY,v2026-08-11,2026-03-21..2026-08-06,baccarat_bet02_101_all_pairs_incl_sentinel,round_win = game_pnl > 0 (decisive only),COMPATIBILITY_ONLY_NOT_PRODUCTION,53571.4227,48249.4483,483.2383,5739,5738,-0.00902045,-0.00297427,-0.01061372,-0.00902045,-483.2383,53571.4227,OK,0.0000,19.3295,4.0000,96.0000,AG03-UNRESOLVED,ALL5_LEVELS_bet23_to_bet27,19.3295,19.3295,24.1619,0.0000,0.0000,4.000000,4.000000,5.000000,0.000000,0.000000,96.000000,96.000000,95.000000,100.000000,100.000000,5.0,62.8210,60.1535,420.4173,423.0848,PENDING_AG03,FALSE,NOT_FOR_ENFORCEMENT,463.9088,46319.4703,483.2383,463.9088,19.3295,0.00902045,0.00865963,19.3295,463.9088,0.00865963,19.3295,19.3295,24.1619,0.0000,0.0000,463.9088,0.00865963,62.8210,60.1535,420.4173,423.0848,0.00784779,0.00789758,0.00036082,9.3346,8.4088,0.0842,5.5545,0.2517,615.7635,65.9540,8.3255,9.6426,5.1431,5.1891,8.2617,16.7816,25.8881,44.2602,5.1891,0.0,4.9889,8.529385,1.798876,29,193,98,2,0.20855820,0.00902045,0.00297427,0E-8,0.000000,0.900656,0.000000,0.00763944,2026-03-21,2026-08-06,87,1920,882,139,0.625899,0.863400,0.891889,0.695194,,,,,,,,GLOBAL_BASELINE_NO_ENTITY_RANKING,,,NOT_APPLICABLE_GLOBAL_BASELINE,HF9g-P5,,,,X 全窗基线 · 不参与实体赏罚,8397627,840,A168_HF9F_20260827_0900,2026-08-27 09:00:00
2026-08-01,54653530,2064,0,5.1370302828,5.1370302828,5.1370302828,1.0000000,1,1,0.49324550000000000,0.493245500000,1.01360149184955,1.01360149184955,1.01360149184955,0E-17,ELIGIBLE,R03b_20260811_FULL_v1,L1_ELIGIBILITY,v2026-08-11,2026-03-21..2026-08-06,baccarat_bet02_101_all_pairs_incl_sentinel,round_win = game_pnl > 0 (decisive only),COMPATIBILITY_ONLY_NOT_PRODUCTION,53571.4227,48249.4483,483.2383,5739,5738,-0.00902045,-0.00297427,-0.01061372,-0.00902045,-483.2383,53571.4227,OK,0.0000,19.3295,4.0000,96.0000,AG03-UNRESOLVED,ALL5_LEVELS_bet23_to_bet27,19.3295,19.3295,24.1619,0.0000,0.0000,4.000000,4.000000,5.000000,0.000000,0.000000,96.000000,96.000000,95.000000,100.000000,100.000000,5.0,62.8210,60.1535,420.4173,423.0848,PENDING_AG03,FALSE,NOT_FOR_ENFORCEMENT,463.9088,46319.4703,483.2383,463.9088,19.3295,0.00902045,0.00865963,19.3295,463.9088,0.00865963,19.3295,19.3295,24.1619,0.0000,0.0000,463.9088,0.00865963,62.8210,60.1535,420.4173,423.0848,0.00784779,0.00789758,0.00036082,9.3346,8.4088,0.0842,5.5545,0.2517,615.7635,65.9540,8.3255,9.6426,5.1431,5.1891,8.2617,16.7816,25.8881,44.2602,5.1891,0.0,4.9889,8.529385,1.798876,29,193,98,2,0.20855820,0.00902045,0.00297427,0E-8,0.000000,0.900656,0.000000,0.00763944,2026-03-21,2026-08-06,87,1920,882,139,0.625899,0.863400,0.891889,0.695194,,,,,,,,GLOBAL_BASELINE_NO_ENTITY_RANKING,,,NOT_APPLICABLE_GLOBAL_BASELINE,HF9g-P5,,,,X 全窗基线 · 不参与实体赏罚,8397628,840,A168_HF9F_20260827_0900,2026-08-27 09:00:00
2026-08-01,54653530,2093,0,10.2740605656,10.2740605656,10.2740605656,1.0000000,2,2,0.49324550000000000,0.493245500000,1.4334489766152358,1.4334489766152358,1.4334489766152358,0E-17,ELIGIBLE,R03b_20260811_FULL_v1,L1_ELIGIBILITY,v2026-08-11,2026-03-21..2026-08-06,baccarat_bet02_101_all_pairs_incl_sentinel,round_win = game_pnl > 0 (decisive only),COMPATIBILITY_ONLY_NOT_PRODUCTION,53571.4227,48249.4483,483.2383,5739,5738,-0.00902045,-0.00297427,-0.01061372,-0.00902045,-483.2383,53571.4227,OK,0.0000,19.3295,4.0000,96.0000,AG03-UNRESOLVED,ALL5_LEVELS_bet23_to_bet27,19.3295,19.3295,24.1619,0.0000,0.0000,4.000000,4.000000,5.000000,0.000000,0.000000,96.000000,96.000000,95.000000,100.000000,100.000000,5.0,62.8210,60.1535,420.4173,423.0848,PENDING_AG03,FALSE,NOT_FOR_ENFORCEMENT,463.9088,46319.4703,483.2383,463.9088,19.3295,0.00902045,0.00865963,19.3295,463.9088,0.00865963,19.3295,19.3295,24.1619,0.0000,0.0000,463.9088,0.00865963,62.8210,60.1535,420.4173,423.0848,0.00784779,0.00789758,0.00036082,9.3346,8.4088,0.0842,5.5545,0.2517,615.7635,65.9540,8.3255,9.6426,5.1431,5.1891,8.2617,16.7816,25.8881,44.2602,5.1891,0.0,4.9889,8.529385,1.798876,29,193,98,2,0.20855820,0.00902045,0.00297427,0E-8,0.000000,0.900656,0.000000,0.00763944,2026-03-21,2026-08-06,87,1920,882,139,0.625899,0.863400,0.891889,0.695194,,,,,,,,GLOBAL_BASELINE_NO_ENTITY_RANKING,,,NOT_APPLICABLE_GLOBAL_BASELINE,HF9g-P5,,,,X 全窗基线 · 不参与实体赏罚,8397629,840,A168_HF9F_20260827_0900,2026-08-27 09:00:00
2026-08-01,54653530,2103,0,24.1440423291,-24.1440423291,-24.1440423291,0E-7,1,1,0.50665070000000000,0.506650700000,-1.013391052207602,-1.013391052207602,-1.013391052207602,0E-17,ELIGIBLE,R03b_20260811_FULL_v1,L1_ELIGIBILITY,v2026-08-11,2026-03-21..2026-08-06,baccarat_bet02_101_all_pairs_incl_sentinel,round_win = game_pnl > 0 (decisive only),COMPATIBILITY_ONLY_NOT_PRODUCTION,53571.4227,48249.4483,483.2383,5739,5738,-0.00902045,-0.00297427,-0.01061372,-0.00902045,-483.2383,53571.4227,OK,0.0000,19.3295,4.0000,96.0000,AG03-UNRESOLVED,ALL5_LEVELS_bet23_to_bet27,19.3295,19.3295,24.1619,0.0000,0.0000,4.000000,4.000000,5.000000,0.000000,0.000000,96.000000,96.000000,95.000000,100.000000,100.000000,5.0,62.8210,60.1535,420.4173,423.0848,PENDING_AG03,FALSE,NOT_FOR_ENFORCEMENT,463.9088,46319.4703,483.2383,463.9088,19.3295,0.00902045,0.00865963,19.3295,463.9088,0.00865963,19.3295,19.3295,24.1619,0.0000,0.0000,463.9088,0.00865963,62.8210,60.1535,420.4173,423.0848,0.00784779,0.00789758,0.00036082,9.3346,8.4088,0.0842,5.5545,0.2517,615.7635,65.9540,8.3255,9.6426,5.1431,5.1891,8.2617,16.7816,25.8881,44.2602,5.1891,0.0,4.9889,8.529385,1.798876,29,193,98,2,0.20855820,0.00902045,0.00297427,0E-8,0.000000,0.900656,0.000000,0.00763944,2026-03-21,2026-08-06,87,1920,882,139,0.625899,0.863400,0.891889,0.695194,,,,,,,,GLOBAL_BASELINE_NO_ENTITY_RANKING,,,NOT_APPLICABLE_GLOBAL_BASELINE,HF9g-P5,,,,X 全窗基线 · 不参与实体赏罚,8397630,840,A168_HF9F_20260827_0900,2026-08-27 09:00:00
2026-08-01,54653530,2108,0,17.9796059898,17.0806256903,17.0806256903,1.0000000,2,2,0.50665070000000000,0.506650700000,1.3955260008387969,1.3955260008387969,1.3955260008387969,0E-17,ELIGIBLE,R03b_20260811_FULL_v1,L1_ELIGIBILITY,v2026-08-11,2026-03-21..2026-08-06,baccarat_bet02_101_all_pairs_incl_sentinel,round_win = game_pnl > 0 (decisive only),COMPATIBILITY_ONLY_NOT_PRODUCTION,53571.4227,48249.4483,483.2383,5739,5738,-0.00902045,-0.00297427,-0.01061372,-0.00902045,-483.2383,53571.4227,OK,0.0000,19.3295,4.0000,96.0000,AG03-UNRESOLVED,ALL5_LEVELS_bet23_to_bet27,19.3295,19.3295,24.1619,0.0000,0.0000,4.000000,4.000000,5.000000,0.000000,0.000000,96.000000,96.000000,95.000000,100.000000,100.000000,5.0,62.8210,60.1535,420.4173,423.0848,PENDING_AG03,FALSE,NOT_FOR_ENFORCEMENT,463.9088,46319.4703,483.2383,463.9088,19.3295,0.00902045,0.00865963,19.3295,463.9088,0.00865963,19.3295,19.3295,24.1619,0.0000,0.0000,463.9088,0.00865963,62.8210,60.1535,420.4173,423.0848,0.00784779,0.00789758,0.00036082,9.3346,8.4088,0.0842,5.5545,0.2517,615.7635,65.9540,8.3255,9.6426,5.1431,5.1891,8.2617,16.7816,25.8881,44.2602,5.1891,0.0,4.9889,8.529385,1.798876,29,193,98,2,0.20855820,0.00902045,0.00297427,0E-8,0.000000,0.900656,0.000000,0.00763944,2026-03-21,2026-08-06,87,1920,882,139,0.625899,0.863400,0.891889,0.695194,,,,,,,,GLOBAL_BASELINE_NO_ENTITY_RANKING,,,NOT_APPLICABLE_GLOBAL_BASELINE,HF9g-P5,,,,X 全窗基线 · 不参与实体赏罚,8397631,840,A168_HF9F_20260827_0900,2026-08-27 09:00:00
2026-08-01,54653530,2127,0,5.1370302828,0E-10,0E-10,,1,1,0.49324550000000000,0.493245500000,,,,0E-17,NO_DECISIVE_ROUND,R03b_20260811_FULL_v1,L1_ELIGIBILITY,v2026-08-11,2026-03-21..2026-08-06,baccarat_bet02_101_all_pairs_incl_sentinel,round_win = game_pnl > 0 (decisive only),COMPATIBILITY_ONLY_NOT_PRODUCTION,53571.4227,48249.4483,483.2383,5739,5738,-0.00902045,-0.00297427,-0.01061372,-0.00902045,-483.2383,53571.4227,OK,0.0000,19.3295,4.0000,96.0000,AG03-UNRESOLVED,ALL5_LEVELS_bet23_to_bet27,19.3295,19.3295,24.1619,0.0000,0.0000,4.000000,4.000000,5.000000,0.000000,0.000000,96.000000,96.000000,95.000000,100.000000,100.000000,5.0,62.8210,60.1535,420.4173,423.0848,PENDING_AG03,FALSE,NOT_FOR_ENFORCEMENT,463.9088,46319.4703,483.2383,463.9088,19.3295,0.00902045,0.00865963,19.3295,463.9088,0.00865963,19.3295,19.3295,24.1619,0.0000,0.0000,463.9088,0.00865963,62.8210,60.1535,420.4173,423.0848,0.00784779,0.00789758,0.00036082,9.3346,8.4088,0.0842,5.5545,0.2517,615.7635,65.9540,8.3255,9.6426,5.1431,5.1891,8.2617,16.7816,25.8881,44.2602,5.1891,0.0,4.9889,8.529385,1.798876,29,193,98,2,0.20855820,0.00902045,0.00297427,0E-8,0.000000,0.900656,0.000000,0.00763944,2026-03-21,2026-08-06,87,1920,882,139,0.625899,0.863400,0.891889,0.695194,,,,,,,,GLOBAL_BASELINE_NO_ENTITY_RANKING,,,NOT_APPLICABLE_GLOBAL_BASELINE,HF9g-P5,,,,X 全窗基线 · 不参与实体赏罚,8397632,840,A168_HF9F_20260827_0900,2026-08-27 09:00:00
2026-08-01,54653530,2130,0,5.1370302828,4.8801787687,4.8801787687,1.0000000,1,1,0.50665070000000000,0.506650700000,0.9867858985152569,0.9867858985152569,0.9867858985152569,0E-17,ELIGIBLE,R03b_20260811_FULL_v1,L1_ELIGIBILITY,v2026-08-11,2026-03-21..2026-08-06,baccarat_bet02_101_all_pairs_incl_sentinel,round_win = game_pnl > 0 (decisive only),COMPATIBILITY_ONLY_NOT_PRODUCTION,53571.4227,48249.4483,483.2383,5739,5738,-0.00902045,-0.00297427,-0.01061372,-0.00902045,-483.2383,53571.4227,OK,0.0000,19.3295,4.0000,96.0000,AG03-UNRESOLVED,ALL5_LEVELS_bet23_to_bet27,19.3295,19.3295,24.1619,0.0000,0.0000,4.000000,4.000000,5.000000,0.000000,0.000000,96.000000,96.000000,95.000000,100.000000,100.000000,5.0,62.8210,60.1535,420.4173,423.0848,PENDING_AG03,FALSE,NOT_FOR_ENFORCEMENT,463.9088,46319.4703,483.2383,463.9088,19.3295,0.00902045,0.00865963,19.3295,463.9088,0.00865963,19.3295,19.3295,24.1619,0.0000,0.0000,463.9088,0.00865963,62.8210,60.1535,420.4173,423.0848,0.00784779,0.00789758,0.00036082,9.3346,8.4088,0.0842,5.5545,0.2517,615.7635,65.9540,8.3255,9.6426,5.1431,5.1891,8.2617,16.7816,25.8881,44.2602,5.1891,0.0,4.9889,8.529385,1.798876,29,193,98,2,0.20855820,0.00902045,0.00297427,0E-8,0.000000,0.900656,0.000000,0.00763944,2026-03-21,2026-08-06,87,1920,882,139,0.625899,0.863400,0.891889,0.695194,,,,,,,,GLOBAL_BASELINE_NO_ENTITY_RANKING,,,NOT_APPLICABLE_GLOBAL_BASELINE,HF9g-P5,,,,X 全窗基线 · 不参与实体赏罚,8397633,840,A168_HF9F_20260827_0900,2026-08-27 09:00:00
2026-08-01,54653530,2141,0,33.3906968382,-7.7055454242,-7.7055454242,0.5000000,4,4,0.49324550000000000,0.493245500000,0.027020465636507562,0.027020465636507562,0.027020465636507562,0E-17,ELIGIBLE,R03b_20260811_FULL_v1,L1_ELIGIBILITY,v2026-08-11,2026-03-21..2026-08-06,baccarat_bet02_101_all_pairs_incl_sentinel,round_win = game_pnl > 0 (decisive only),COMPATIBILITY_ONLY_NOT_PRODUCTION,53571.4227,48249.4483,483.2383,5739,5738,-0.00902045,-0.00297427,-0.01061372,-0.00902045,-483.2383,53571.4227,OK,0.0000,19.3295,4.0000,96.0000,AG03-UNRESOLVED,ALL5_LEVELS_bet23_to_bet27,19.3295,19.3295,24.1619,0.0000,0.0000,4.000000,4.000000,5.000000,0.000000,0.000000,96.000000,96.000000,95.000000,100.000000,100.000000,5.0,62.8210,60.1535,420.4173,423.0848,PENDING_AG03,FALSE,NOT_FOR_ENFORCEMENT,463.9088,46319.4703,483.2383,463.9088,19.3295,0.00902045,0.00865963,19.3295,463.9088,0.00865963,19.3295,19.3295,24.1619,0.0000,0.0000,463.9088,0.00865963,62.8210,60.1535,420.4173,423.0848,0.00784779,0.00789758,0.00036082,9.3346,8.4088,0.0842,5.5545,0.2517,615.7635,65.9540,8.3255,9.6426,5.1431,5.1891,8.2617,16.7816,25.8881,44.2602,5.1891,0.0,4.9889,8.529385,1.798876,29,193,98,2,0.20855820,0.00902045,0.00297427,0E-8,0.000000,0.900656,0.000000,0.00763944,2026-03-21,2026-08-06,87,1920,882,139,0.625899,0.863400,0.891889,0.695194,,,,,,,,GLOBAL_BASELINE_NO_ENTITY_RANKING,,,NOT_APPLICABLE_GLOBAL_BASELINE,HF9g-P5,,,,X 全窗基线 · 不参与实体赏罚,8397634,840,A168_HF9F_20260827_0900,2026-08-27 09:00:00
2026-08-01,54653530,2156,0,33.1338453240,3.9298281663,3.9298281663,0.3333333,3,3,0.50665070000000000,0.506650700000,-0.6004420894325239,-0.6004420894325239,-0.6004420894325239,0E-17,ELIGIBLE,R03b_20260811_FULL_v1,L1_ELIGIBILITY,v2026-08-11,2026-03-21..2026-08-06,baccarat_bet02_101_all_pairs_incl_sentinel,round_win = game_pnl > 0 (decisive only),COMPATIBILITY_ONLY_NOT_PRODUCTION,53571.4227,48249.4483,483.2383,5739,5738,-0.00902045,-0.00297427,-0.01061372,-0.00902045,-483.2383,53571.4227,OK,0.0000,19.3295,4.0000,96.0000,AG03-UNRESOLVED,ALL5_LEVELS_bet23_to_bet27,19.3295,19.3295,24.1619,0.0000,0.0000,4.000000,4.000000,5.000000,0.000000,0.000000,96.000000,96.000000,95.000000,100.000000,100.000000,5.0,62.8210,60.1535,420.4173,423.0848,PENDING_AG03,FALSE,NOT_FOR_ENFORCEMENT,463.9088,46319.4703,483.2383,463.9088,19.3295,0.00902045,0.00865963,19.3295,463.9088,0.00865963,19.3295,19.3295,24.1619,0.0000,0.0000,463.9088,0.00865963,62.8210,60.1535,420.4173,423.0848,0.00784779,0.00789758,0.00036082,9.3346,8.4088,0.0842,5.5545,0.2517,615.7635,65.9540,8.3255,9.6426,5.1431,5.1891,8.2617,16.7816,25.8881,44.2602,5.1891,0.0,4.9889,8.529385,1.798876,29,193,98,2,0.20855820,0.00902045,0.00297427,0E-8,0.000000,0.900656,0.000000,0.00763944,2026-03-21,2026-08-06,87,1920,882,139,0.625899,0.863400,0.891889,0.695194,,,,,,,,GLOBAL_BASELINE_NO_ENTITY_RANKING,,,NOT_APPLICABLE_GLOBAL_BASELINE,HF9g-P5,,,,X 全窗基线 · 不参与实体赏罚,8397635,840,A168_HF9F_20260827_0900,2026-08-27 09:00:00
2026-08-01,54653530,2169,0,5.1370302828,0E-10,0E-10,,1,1,0.50665070000000000,0.506650700000,,,,0E-17,NO_DECISIVE_ROUND,R03b_20260811_FULL_v1,L1_ELIGIBILITY,v2026-08-11,2026-03-21..2026-08-06,baccarat_bet02_101_all_pairs_incl_sentinel,round_win = game_pnl > 0 (decisive only),COMPATIBILITY_ONLY_NOT_PRODUCTION,53571.4227,48249.4483,483.2383,5739,5738,-0.00902045,-0.00297427,-0.01061372,-0.00902045,-483.2383,53571.4227,OK,0.0000,19.3295,4.0000,96.0000,AG03-UNRESOLVED,ALL5_LEVELS_bet23_to_bet27,19.3295,19.3295,24.1619,0.0000,0.0000,4.000000,4.000000,5.000000,0.000000,0.000000,96.000000,96.000000,95.000000,100.000000,100.000000,5.0,62.8210,60.1535,420.4173,423.0848,PENDING_AG03,FALSE,NOT_FOR_ENFORCEMENT,463.9088,46319.4703,483.2383,463.9088,19.3295,0.00902045,0.00865963,19.3295,463.9088,0.00865963,19.3295,19.3295,24.1619,0.0000,0.0000,463.9088,0.00865963,62.8210,60.1535,420.4173,423.0848,0.00784779,0.00789758,0.00036082,9.3346,8.4088,0.0842,5.5545,0.2517,615.7635,65.9540,8.3255,9.6426,5.1431,5.1891,8.2617,16.7816,25.8881,44.2602,5.1891,0.0,4.9889,8.529385,1.798876,29,193,98,2,0.20855820,0.00902045,0.00297427,0E-8,0.000000,0.900656,0.000000,0.00763944,2026-03-21,2026-08-06,87,1920,882,139,0.625899,0.863400,0.891889,0.695194,,,,,,,,GLOBAL_BASELINE_NO_ENTITY_RANKING,,,NOT_APPLICABLE_GLOBAL_BASELINE,HF9g-P5,,,,X 全窗基线 · 不参与实体赏罚,8397636,840,A168_HF9F_20260827_0900,2026-08-27 09:00:00
2026-08-01,54653530,2196,0,5.1370302828,5.1370302828,5.1370302828,1.0000000,1,1,0.49324550000000000,0.493245500000,1.01360149184955,1.01360149184955,1.01360149184955,0E-17,ELIGIBLE,R03b_20260811_FULL_v1,L1_ELIGIBILITY,v2026-08-11,2026-03-21..2026-08-06,baccarat_bet02_101_all_pairs_incl_sentinel,round_win = game_pnl > 0 (decisive only),COMPATIBILITY_ONLY_NOT_PRODUCTION,53571.4227,48249.4483,483.2383,5739,5738,-0.00902045,-0.00297427,-0.01061372,-0.00902045,-483.2383,53571.4227,OK,0.0000,19.3295,4.0000,96.0000,AG03-UNRESOLVED,ALL5_LEVELS_bet23_to_bet27,19.3295,19.3295,24.1619,0.0000,0.0000,4.000000,4.000000,5.000000,0.000000,0.000000,96.000000,96.000000,95.000000,100.000000,100.000000,5.0,62.8210,60.1535,420.4173,423.0848,PENDING_AG03,FALSE,NOT_FOR_ENFORCEMENT,463.9088,46319.4703,483.2383,463.9088,19.3295,0.00902045,0.00865963,19.3295,463.9088,0.00865963,19.3295,19.3295,24.1619,0.0000,0.0000,463.9088,0.00865963,62.8210,60.1535,420.4173,423.0848,0.00784779,0.00789758,0.00036082,9.3346,8.4088,0.0842,5.5545,0.2517,615.7635,65.9540,8.3255,9.6426,5.1431,5.1891,8.2617,16.7816,25.8881,44.2602,5.1891,0.0,4.9889,8.529385,1.798876,29,193,98,2,0.20855820,0.00902045,0.00297427,0E-8,0.000000,0.900656,0.000000,0.00763944,2026-03-21,2026-08-06,87,1920,882,139,0.625899,0.863400,0.891889,0.695194,,,,,,,,GLOBAL_BASELINE_NO_ENTITY_RANKING,,,NOT_APPLICABLE_GLOBAL_BASELINE,HF9g-P5,,,,X 全窗基线 · 不参与实体赏罚,8397637,840,A168_HF9F_20260827_0900,2026-08-27 09:00:00
2026-08-01,54653530,2201,0,14.1268332777,3.4032825623,3.4032825623,0.5000000,2,2,0.50665070000000000,0.506650700000,-0.018812684590367487,-0.018812684590367487,-0.018812684590367487,0E-17,ELIGIBLE,R03b_20260811_FULL_v1,L1_ELIGIBILITY,v2026-08-11,2026-03-21..2026-08-06,baccarat_bet02_101_all_pairs_incl_sentinel,round_win = game_pnl > 0 (decisive only),COMPATIBILITY_ONLY_NOT_PRODUCTION,53571.4227,48249.4483,483.2383,5739,5738,-0.00902045,-0.00297427,-0.01061372,-0.00902045,-483.2383,53571.4227,OK,0.0000,19.3295,4.0000,96.0000,AG03-UNRESOLVED,ALL5_LEVELS_bet23_to_bet27,19.3295,19.3295,24.1619,0.0000,0.0000,4.000000,4.000000,5.000000,0.000000,0.000000,96.000000,96.000000,95.000000,100.000000,100.000000,5.0,62.8210,60.1535,420.4173,423.0848,PENDING_AG03,FALSE,NOT_FOR_ENFORCEMENT,463.9088,46319.4703,483.2383,463.9088,19.3295,0.00902045,0.00865963,19.3295,463.9088,0.00865963,19.3295,19.3295,24.1619,0.0000,0.0000,463.9088,0.00865963,62.8210,60.1535,420.4173,423.0848,0.00784779,0.00789758,0.00036082,9.3346,8.4088,0.0842,5.5545,0.2517,615.7635,65.9540,8.3255,9.6426,5.1431,5.1891,8.2617,16.7816,25.8881,44.2602,5.1891,0.0,4.9889,8.529385,1.798876,29,193,98,2,0.20855820,0.00902045,0.00297427,0E-8,0.000000,0.900656,0.000000,0.00763944,2026-03-21,2026-08-06,87,1920,882,139,0.625899,0.863400,0.891889,0.695194,,,,,,,,GLOBAL_BASELINE_NO_ENTITY_RANKING,,,NOT_APPLICABLE_GLOBAL_BASELINE,HF9g-P5,,,,X 全窗基线 · 不参与实体赏罚,8397638,840,A168_HF9F_20260827_0900,2026-08-27 09:00:00
2026-08-01,54653530,2220,0,5.1370302828,5.1370302828,5.1370302828,1.0000000,1,1,0.49324550000000000,0.493245500000,1.01360149184955,1.01360149184955,1.01360149184955,0E-17,ELIGIBLE,R03b_20260811_FULL_v1,L1_ELIGIBILITY,v2026-08-11,2026-03-21..2026-08-06,baccarat_bet02_101_all_pairs_incl_sentinel,round_win = game_pnl > 0 (decisive only),COMPATIBILITY_ONLY_NOT_PRODUCTION,53571.4227,48249.4483,483.2383,5739,5738,-0.00902045,-0.00297427,-0.01061372,-0.00902045,-483.2383,53571.4227,OK,0.0000,19.3295,4.0000,96.0000,AG03-UNRESOLVED,ALL5_LEVELS_bet23_to_bet27,19.3295,19.3295,24.1619,0.0000,0.0000,4.000000,4.000000,5.000000,0.000000,0.000000,96.000000,96.000000,95.000000,100.000000,100.000000,5.0,62.8210,60.1535,420.4173,423.0848,PENDING_AG03,FALSE,NOT_FOR_ENFORCEMENT,463.9088,46319.4703,483.2383,463.9088,19.3295,0.00902045,0.00865963,19.3295,463.9088,0.00865963,19.3295,19.3295,24.1619,0.0000,0.0000,463.9088,0.00865963,62.8210,60.1535,420.4173,423.0848,0.00784779,0.00789758,0.00036082,9.3346,8.4088,0.0842,5.5545,0.2517,615.7635,65.9540,8.3255,9.6426,5.1431,5.1891,8.2617,16.7816,25.8881,44.2602,5.1891,0.0,4.9889,8.529385,1.798876,29,193,98,2,0.20855820,0.00902045,0.00297427,0E-8,0.000000,0.900656,0.000000,0.00763944,2026-03-21,2026-08-06,87,1920,882,139,0.625899,0.863400,0.891889,0.695194,,,,,,,,GLOBAL_BASELINE_NO_ENTITY_RANKING,,,NOT_APPLICABLE_GLOBAL_BASELINE,HF9g-P5,,,,X 全窗基线 · 不参与实体赏罚,8397639,840,A168_HF9F_20260827_0900,2026-08-27 09:00:00
2026-08-01,54653530,2223,0,5.1370302828,5.1370302828,5.1370302828,1.0000000,1,1,0.49324550000000000,0.493245500000,1.01360149184955,1.01360149184955,1.01360149184955,0E-17,ELIGIBLE,R03b_20260811_FULL_v1,L1_ELIGIBILITY,v2026-08-11,2026-03-21..2026-08-06,baccarat_bet02_101_all_pairs_incl_sentinel,round_win = game_pnl > 0 (decisive only),COMPATIBILITY_ONLY_NOT_PRODUCTION,53571.4227,48249.4483,483.2383,5739,5738,-0.00902045,-0.00297427,-0.01061372,-0.00902045,-483.2383,53571.4227,OK,0.0000,19.3295,4.0000,96.0000,AG03-UNRESOLVED,ALL5_LEVELS_bet23_to_bet27,19.3295,19.3295,24.1619,0.0000,0.0000,4.000000,4.000000,5.000000,0.000000,0.000000,96.000000,96.000000,95.000000,100.000000,100.000000,5.0,62.8210,60.1535,420.4173,423.0848,PENDING_AG03,FALSE,NOT_FOR_ENFORCEMENT,463.9088,46319.4703,483.2383,463.9088,19.3295,0.00902045,0.00865963,19.3295,463.9088,0.00865963,19.3295,19.3295,24.1619,0.0000,0.0000,463.9088,0.00865963,62.8210,60.1535,420.4173,423.0848,0.00784779,0.00789758,0.00036082,9.3346,8.4088,0.0842,5.5545,0.2517,615.7635,65.9540,8.3255,9.6426,5.1431,5.1891,8.2617,16.7816,25.8881,44.2602,5.1891,0.0,4.9889,8.529385,1.798876,29,193,98,2,0.20855820,0.00902045,0.00297427,0E-8,0.000000,0.900656,0.000000,0.00763944,2026-03-21,2026-08-06,87,1920,882,139,0.625899,0.863400,0.891889,0.695194,,,,,,,,GLOBAL_BASELINE_NO_ENTITY_RANKING,,,NOT_APPLICABLE_GLOBAL_BASELINE,HF9g-P5,,,,X 全窗基线 · 不参与实体赏罚,8397640,840,A168_HF9F_20260827_0900,2026-08-27 09:00:00
2026-08-01,54653530,2233,0,37.7571725786,5.9075848252,5.9075848252,0.3333333,3,3,0.49771390000000000,0.497713900000,-0.5694369385616226,-0.5694369385616226,-0.5694369385616226,0E-17,ELIGIBLE,R03b_20260811_FULL_v1,L1_ELIGIBILITY,v2026-08-11,2026-03-21..2026-08-06,baccarat_bet02_101_all_pairs_incl_sentinel,round_win = game_pnl > 0 (decisive only),COMPATIBILITY_ONLY_NOT_PRODUCTION,53571.4227,48249.4483,483.2383,5739,5738,-0.00902045,-0.00297427,-0.01061372,-0.00902045,-483.2383,53571.4227,OK,0.0000,19.3295,4.0000,96.0000,AG03-UNRESOLVED,ALL5_LEVELS_bet23_to_bet27,19.3295,19.3295,24.1619,0.0000,0.0000,4.000000,4.000000,5.000000,0.000000,0.000000,96.000000,96.000000,95.000000,100.000000,100.000000,5.0,62.8210,60.1535,420.4173,423.0848,PENDING_AG03,FALSE,NOT_FOR_ENFORCEMENT,463.9088,46319.4703,483.2383,463.9088,19.3295,0.00902045,0.00865963,19.3295,463.9088,0.00865963,19.3295,19.3295,24.1619,0.0000,0.0000,463.9088,0.00865963,62.8210,60.1535,420.4173,423.0848,0.00784779,0.00789758,0.00036082,9.3346,8.4088,0.0842,5.5545,0.2517,615.7635,65.9540,8.3255,9.6426,5.1431,5.1891,8.2617,16.7816,25.8881,44.2602,5.1891,0.0,4.9889,8.529385,1.798876,29,193,98,2,0.20855820,0.00902045,0.00297427,0E-8,0.000000,0.900656,0.000000,0.00763944,2026-03-21,2026-08-06,87,1920,882,139,0.625899,0.863400,0.891889,0.695194,,,,,,,,GLOBAL_BASELINE_NO_ENTITY_RANKING,,,NOT_APPLICABLE_GLOBAL_BASELINE,HF9g-P5,,,,X 全窗基线 · 不参与实体赏罚,8397641,840,A168_HF9F_20260827_0900,2026-08-27 09:00:00
2026-08-01,54653530,2250,0,12.8425757070,2.1832378702,2.1832378702,0.5000000,2,2,0.50665070000000000,0.506650700000,-0.018812684590367487,-0.018812684590367487,-0.018812684590367487,0E-17,ELIGIBLE,R03b_20260811_FULL_v1,L1_ELIGIBILITY,v2026-08-11,2026-03-21..2026-08-06,baccarat_bet02_101_all_pairs_incl_sentinel,round_win = game_pnl > 0 (decisive only),COMPATIBILITY_ONLY_NOT_PRODUCTION,53571.4227,48249.4483,483.2383,5739,5738,-0.00902045,-0.00297427,-0.01061372,-0.00902045,-483.2383,53571.4227,OK,0.0000,19.3295,4.0000,96.0000,AG03-UNRESOLVED,ALL5_LEVELS_bet23_to_bet27,19.3295,19.3295,24.1619,0.0000,0.0000,4.000000,4.000000,5.000000,0.000000,0.000000,96.000000,96.000000,95.000000,100.000000,100.000000,5.0,62.8210,60.1535,420.4173,423.0848,PENDING_AG03,FALSE,NOT_FOR_ENFORCEMENT,463.9088,46319.4703,483.2383,463.9088,19.3295,0.00902045,0.00865963,19.3295,463.9088,0.00865963,19.3295,19.3295,24.1619,0.0000,0.0000,463.9088,0.00865963,62.8210,60.1535,420.4173,423.0848,0.00784779,0.00789758,0.00036082,9.3346,8.4088,0.0842,5.5545,0.2517,615.7635,65.9540,8.3255,9.6426,5.1431,5.1891,8.2617,16.7816,25.8881,44.2602,5.1891,0.0,4.9889,8.529385,1.798876,29,193,98,2,0.20855820,0.00902045,0.00297427,0E-8,0.000000,0.900656,0.000000,0.00763944,2026-03-21,2026-08-06,87,1920,882,139,0.625899,0.863400,0.891889,0.695194,,,,,,,,GLOBAL_BASELINE_NO_ENTITY_RANKING,,,NOT_APPLICABLE_GLOBAL_BASELINE,HF9g-P5,,,,X 全窗基线 · 不参与实体赏罚,8397642,840,A168_HF9F_20260827_0900,2026-08-27 09:00:00
2026-08-01,54653530,2252,0,15.4110908484,15.1542393343,15.1542393343,1.0000000,3,3,0.49771390000000000,0.497713900000,1.739988277604938,1.739988277604938,1.739988277604938,0E-17,ELIGIBLE,R03b_20260811_FULL_v1,L1_ELIGIBILITY,v2026-08-11,2026-03-21..2026-08-06,baccarat_bet02_101_all_pairs_incl_sentinel,round_win = game_pnl > 0 (decisive only),COMPATIBILITY_ONLY_NOT_PRODUCTION,53571.4227,48249.4483,483.2383,5739,5738,-0.00902045,-0.00297427,-0.01061372,-0.00902045,-483.2383,53571.4227,OK,0.0000,19.3295,4.0000,96.0000,AG03-UNRESOLVED,ALL5_LEVELS_bet23_to_bet27,19.3295,19.3295,24.1619,0.0000,0.0000,4.000000,4.000000,5.000000,0.000000,0.000000,96.000000,96.000000,95.000000,100.000000,100.000000,5.0,62.8210,60.1535,420.4173,423.0848,PENDING_AG03,FALSE,NOT_FOR_ENFORCEMENT,463.9088,46319.4703,483.2383,463.9088,19.3295,0.00902045,0.00865963,19.3295,463.9088,0.00865963,19.3295,19.3295,24.1619,0.0000,0.0000,463.9088,0.00865963,62.8210,60.1535,420.4173,423.0848,0.00784779,0.00789758,0.00036082,9.3346,8.4088,0.0842,5.5545,0.2517,615.7635,65.9540,8.3255,9.6426,5.1431,5.1891,8.2617,16.7816,25.8881,44.2602,5.1891,0.0,4.9889,8.529385,1.798876,29,193,98,2,0.20855820,0.00902045,0.00297427,0E-8,0.000000,0.900656,0.000000,0.00763944,2026-03-21,2026-08-06,87,1920,882,139,0.625899,0.863400,0.891889,0.695194,,,,,,,,GLOBAL_BASELINE_NO_ENTITY_RANKING,,,NOT_APPLICABLE_GLOBAL_BASELINE,HF9g-P5,,,,X 全窗基线 · 不参与实体赏罚,8397643,840,A168_HF9F_20260827_0900,2026-08-27 09:00:00
2026-08-01,54653530,2254,0,73.7163845581,-60.8738088511,-60.8738088511,0E-7,5,5,0.49592654000000000,0.495926540000,-1.9837719948528498,-1.9837719948528498,-1.9837719948528498,0E-17,ELIGIBLE,R03b_20260811_FULL_v1,L1_ELIGIBILITY,v2026-08-11,2026-03-21..2026-08-06,baccarat_bet02_101_all_pairs_incl_sentinel,round_win = game_pnl > 0 (decisive only),COMPATIBILITY_ONLY_NOT_PRODUCTION,53571.4227,48249.4483,483.2383,5739,5738,-0.00902045,-0.00297427,-0.01061372,-0.00902045,-483.2383,53571.4227,OK,0.0000,19.3295,4.0000,96.0000,AG03-UNRESOLVED,ALL5_LEVELS_bet23_to_bet27,19.3295,19.3295,24.1619,0.0000,0.0000,4.000000,4.000000,5.000000,0.000000,0.000000,96.000000,96.000000,95.000000,100.000000,100.000000,5.0,62.8210,60.1535,420.4173,423.0848,PENDING_AG03,FALSE,NOT_FOR_ENFORCEMENT,463.9088,46319.4703,483.2383,463.9088,19.3295,0.00902045,0.00865963,19.3295,463.9088,0.00865963,19.3295,19.3295,24.1619,0.0000,0.0000,463.9088,0.00865963,62.8210,60.1535,420.4173,423.0848,0.00784779,0.00789758,0.00036082,9.3346,8.4088,0.0842,5.5545,0.2517,615.7635,65.9540,8.3255,9.6426,5.1431,5.1891,8.2617,16.7816,25.8881,44.2602,5.1891,0.0,4.9889,8.529385,1.798876,29,193,98,2,0.20855820,0.00902045,0.00297427,0E-8,0.000000,0.900656,0.000000,0.00763944,2026-03-21,2026-08-06,87,1920,882,139,0.625899,0.863400,0.891889,0.695194,,,,,,,,GLOBAL_BASELINE_NO_ENTITY_RANKING,,,NOT_APPLICABLE_GLOBAL_BASELINE,HF9g-P5,,,,X 全窗基线 · 不参与实体赏罚,8397644,840,A168_HF9F_20260827_0900,2026-08-27 09:00:00
2026-08-01,54653530,2281,0,25.6851514140,7.7055454242,7.7055454242,0.6666667,4,4,0.49324550000000000,0.493245500000,0.6008033672792107,0.6008033672792106,0.6008033672792107,0E-17,ELIGIBLE,R03b_20260811_FULL_v1,L1_ELIGIBILITY,v2026-08-11,2026-03-21..2026-08-06,baccarat_bet02_101_all_pairs_incl_sentinel,round_win = game_pnl > 0 (decisive only),COMPATIBILITY_ONLY_NOT_PRODUCTION,53571.4227,48249.4483,483.2383,5739,5738,-0.00902045,-0.00297427,-0.01061372,-0.00902045,-483.2383,53571.4227,OK,0.0000,19.3295,4.0000,96.0000,AG03-UNRESOLVED,ALL5_LEVELS_bet23_to_bet27,19.3295,19.3295,24.1619,0.0000,0.0000,4.000000,4.000000,5.000000,0.000000,0.000000,96.000000,96.000000,95.000000,100.000000,100.000000,5.0,62.8210,60.1535,420.4173,423.0848,PENDING_AG03,FALSE,NOT_FOR_ENFORCEMENT,463.9088,46319.4703,483.2383,463.9088,19.3295,0.00902045,0.00865963,19.3295,463.9088,0.00865963,19.3295,19.3295,24.1619,0.0000,0.0000,463.9088,0.00865963,62.8210,60.1535,420.4173,423.0848,0.00784779,0.00789758,0.00036082,9.3346,8.4088,0.0842,5.5545,0.2517,615.7635,65.9540,8.3255,9.6426,5.1431,5.1891,8.2617,16.7816,25.8881,44.2602,5.1891,0.0,4.9889,8.529385,1.798876,29,193,98,2,0.20855820,0.00902045,0.00297427,0E-8,0.000000,0.900656,0.000000,0.00763944,2026-03-21,2026-08-06,87,1920,882,139,0.625899,0.863400,0.891889,0.695194,,,,,,,,GLOBAL_BASELINE_NO_ENTITY_RANKING,,,NOT_APPLICABLE_GLOBAL_BASELINE,HF9g-P5,,,,X 全窗基线 · 不参与实体赏罚,8397645,840,A168_HF9F_20260827_0900,2026-08-27 09:00:00
2026-08-01,54653530,526,0,5.1370302828,4.8801787687,4.8801787687,1.0000000,1,1,0.50665070000000000,0.506650700000,0.9867858985152569,0.9867858985152569,0.9867858985152569,0E-17,ELIGIBLE,R03b_20260811_FULL_v1,L1_ELIGIBILITY,v2026-08-11,2026-03-21..2026-08-06,baccarat_bet02_101_all_pairs_incl_sentinel,round_win = game_pnl > 0 (decisive only),COMPATIBILITY_ONLY_NOT_PRODUCTION,53571.4227,48249.4483,483.2383,5739,5738,-0.00902045,-0.00297427,-0.01061372,-0.00902045,-483.2383,53571.4227,OK,0.0000,19.3295,4.0000,96.0000,AG03-UNRESOLVED,ALL5_LEVELS_bet23_to_bet27,19.3295,19.3295,24.1619,0.0000,0.0000,4.000000,4.000000,5.000000,0.000000,0.000000,96.000000,96.000000,95.000000,100.000000,100.000000,5.0,62.8210,60.1535,420.4173,423.0848,PENDING_AG03,FALSE,NOT_FOR_ENFORCEMENT,463.9088,46319.4703,483.2383,463.9088,19.3295,0.00902045,0.00865963,19.3295,463.9088,0.00865963,19.3295,19.3295,24.1619,0.0000,0.0000,463.9088,0.00865963,62.8210,60.1535,420.4173,423.0848,0.00784779,0.00789758,0.00036082,9.3346,8.4088,0.0842,5.5545,0.2517,615.7635,65.9540,8.3255,9.6426,5.1431,5.1891,8.2617,16.7816,25.8881,44.2602,5.1891,0.0,4.9889,8.529385,1.798876,29,193,98,2,0.20855820,0.00902045,0.00297427,0E-8,0.000000,0.900656,0.000000,0.00763944,2026-03-21,2026-08-06,87,1920,882,139,0.625899,0.863400,0.891889,0.695194,,,,,,,,GLOBAL_BASELINE_NO_ENTITY_RANKING,,,NOT_APPLICABLE_GLOBAL_BASELINE,HF9g-P5,,,,X 全窗基线 · 不参与实体赏罚,8397646,840,A168_HF9F_20260827_0900,2026-08-27 09:00:00
2026-08-01,54653530,529,0,20.5481211312,-12.8425757070,-12.8425757070,0E-7,3,3,0.49324550000000000,0.493245500000,-1.3952362676504506,-1.3952362676504506,-1.3952362676504506,0E-17,ELIGIBLE,R03b_20260811_FULL_v1,L1_ELIGIBILITY,v2026-08-11,2026-03-21..2026-08-06,baccarat_bet02_101_all_pairs_incl_sentinel,round_win = game_pnl > 0 (decisive only),COMPATIBILITY_ONLY_NOT_PRODUCTION,53571.4227,48249.4483,483.2383,5739,5738,-0.00902045,-0.00297427,-0.01061372,-0.00902045,-483.2383,53571.4227,OK,0.0000,19.3295,4.0000,96.0000,AG03-UNRESOLVED,ALL5_LEVELS_bet23_to_bet27,19.3295,19.3295,24.1619,0.0000,0.0000,4.000000,4.000000,5.000000,0.000000,0.000000,96.000000,96.000000,95.000000,100.000000,100.000000,5.0,62.8210,60.1535,420.4173,423.0848,PENDING_AG03,FALSE,NOT_FOR_ENFORCEMENT,463.9088,46319.4703,483.2383,463.9088,19.3295,0.00902045,0.00865963,19.3295,463.9088,0.00865963,19.3295,19.3295,24.1619,0.0000,0.0000,463.9088,0.00865963,62.8210,60.1535,420.4173,423.0848,0.00784779,0.00789758,0.00036082,9.3346,8.4088,0.0842,5.5545,0.2517,615.7635,65.9540,8.3255,9.6426,5.1431,5.1891,8.2617,16.7816,25.8881,44.2602,5.1891,0.0,4.9889,8.529385,1.798876,29,193,98,2,0.20855820,0.00902045,0.00297427,0E-8,0.000000,0.900656,0.000000,0.00763944,2026-03-21,2026-08-06,87,1920,882,139,0.625899,0.863400,0.891889,0.695194,,,,,,,,GLOBAL_BASELINE_NO_ENTITY_RANKING,,,NOT_APPLICABLE_GLOBAL_BASELINE,HF9g-P5,,,,X 全窗基线 · 不参与实体赏罚,8397647,840,A168_HF9F_20260827_0900,2026-08-27 09:00:00
2026-08-01,54653530,583,0,5.1370302828,5.1370302828,5.1370302828,1.0000000,1,1,0.49324550000000000,0.493245500000,1.01360149184955,1.01360149184955,1.01360149184955,0E-17,ELIGIBLE,R03b_20260811_FULL_v1,L1_ELIGIBILITY,v2026-08-11,2026-03-21..2026-08-06,baccarat_bet02_101_all_pairs_incl_sentinel,round_win = game_pnl > 0 (decisive only),COMPATIBILITY_ONLY_NOT_PRODUCTION,53571.4227,48249.4483,483.2383,5739,5738,-0.00902045,-0.00297427,-0.01061372,-0.00902045,-483.2383,53571.4227,OK,0.0000,19.3295,4.0000,96.0000,AG03-UNRESOLVED,ALL5_LEVELS_bet23_to_bet27,19.3295,19.3295,24.1619,0.0000,0.0000,4.000000,4.000000,5.000000,0.000000,0.000000,96.000000,96.000000,95.000000,100.000000,100.000000,5.0,62.8210,60.1535,420.4173,423.0848,PENDING_AG03,FALSE,NOT_FOR_ENFORCEMENT,463.9088,46319.4703,483.2383,463.9088,19.3295,0.00902045,0.00865963,19.3295,463.9088,0.00865963,19.3295,19.3295,24.1619,0.0000,0.0000,463.9088,0.00865963,62.8210,60.1535,420.4173,423.0848,0.00784779,0.00789758,0.00036082,9.3346,8.4088,0.0842,5.5545,0.2517,615.7635,65.9540,8.3255,9.6426,5.1431,5.1891,8.2617,16.7816,25.8881,44.2602,5.1891,0.0,4.9889,8.529385,1.798876,29,193,98,2,0.20855820,0.00902045,0.00297427,0E-8,0.000000,0.900656,0.000000,0.00763944,2026-03-21,2026-08-06,87,1920,882,139,0.625899,0.863400,0.891889,0.695194,,,,,,,,GLOBAL_BASELINE_NO_ENTITY_RANKING,,,NOT_APPLICABLE_GLOBAL_BASELINE,HF9g-P5,,,,X 全窗基线 · 不参与实体赏罚,8397648,840,A168_HF9F_20260827_0900,2026-08-27 09:00:00
2026-08-01,54653530,763,0,117.8948449902,10.0172090514,10.0172090514,0.3333333,11,11,0.49324550000000000,0.493245500000,-0.959560560576535,-0.959560560576535,-0.959560560576535,0E-17,ELIGIBLE,R03b_20260811_FULL_v1,L1_ELIGIBILITY,v2026-08-11,2026-03-21..2026-08-06,baccarat_bet02_101_all_pairs_incl_sentinel,round_win = game_pnl > 0 (decisive only),COMPATIBILITY_ONLY_NOT_PRODUCTION,53571.4227,48249.4483,483.2383,5739,5738,-0.00902045,-0.00297427,-0.01061372,-0.00902045,-483.2383,53571.4227,OK,0.0000,19.3295,4.0000,96.0000,AG03-UNRESOLVED,ALL5_LEVELS_bet23_to_bet27,19.3295,19.3295,24.1619,0.0000,0.0000,4.000000,4.000000,5.000000,0.000000,0.000000,96.000000,96.000000,95.000000,100.000000,100.000000,5.0,62.8210,60.1535,420.4173,423.0848,PENDING_AG03,FALSE,NOT_FOR_ENFORCEMENT,463.9088,46319.4703,483.2383,463.9088,19.3295,0.00902045,0.00865963,19.3295,463.9088,0.00865963,19.3295,19.3295,24.1619,0.0000,0.0000,463.9088,0.00865963,62.8210,60.1535,420.4173,423.0848,0.00784779,0.00789758,0.00036082,9.3346,8.4088,0.0842,5.5545,0.2517,615.7635,65.9540,8.3255,9.6426,5.1431,5.1891,8.2617,16.7816,25.8881,44.2602,5.1891,0.0,4.9889,8.529385,1.798876,29,193,98,2,0.20855820,0.00902045,0.00297427,0E-8,0.000000,0.900656,0.000000,0.00763944,2026-03-21,2026-08-06,87,1920,882,139,0.625899,0.863400,0.891889,0.695194,,,,,,,,GLOBAL_BASELINE_NO_ENTITY_RANKING,,,NOT_APPLICABLE_GLOBAL_BASELINE,HF9g-P5,,,,X 全窗基线 · 不参与实体赏罚,8397649,840,A168_HF9F_20260827_0900,2026-08-27 09:00:00
2026-08-01,54653530,789,0,12.8425757070,-12.8425757070,-12.8425757070,0E-7,2,2,0.49324550000000000,0.493245500000,-1.3952362676504506,-1.3952362676504506,-1.3952362676504506,0E-17,ELIGIBLE,R03b_20260811_FULL_v1,L1_ELIGIBILITY,v2026-08-11,2026-03-21..2026-08-06,baccarat_bet02_101_all_pairs_incl_sentinel,round_win = game_pnl > 0 (decisive only),COMPATIBILITY_ONLY_NOT_PRODUCTION,53571.4227,48249.4483,483.2383,5739,5738,-0.00902045,-0.00297427,-0.01061372,-0.00902045,-483.2383,53571.4227,OK,0.0000,19.3295,4.0000,96.0000,AG03-UNRESOLVED,ALL5_LEVELS_bet23_to_bet27,19.3295,19.3295,24.1619,0.0000,0.0000,4.000000,4.000000,5.000000,0.000000,0.000000,96.000000,96.000000,95.000000,100.000000,100.000000,5.0,62.8210,60.1535,420.4173,423.0848,PENDING_AG03,FALSE,NOT_FOR_ENFORCEMENT,463.9088,46319.4703,483.2383,463.9088,19.3295,0.00902045,0.00865963,19.3295,463.9088,0.00865963,19.3295,19.3295,24.1619,0.0000,0.0000,463.9088,0.00865963,62.8210,60.1535,420.4173,423.0848,0.00784779,0.00789758,0.00036082,9.3346,8.4088,0.0842,5.5545,0.2517,615.7635,65.9540,8.3255,9.6426,5.1431,5.1891,8.2617,16.7816,25.8881,44.2602,5.1891,0.0,4.9889,8.529385,1.798876,29,193,98,2,0.20855820,0.00902045,0.00297427,0E-8,0.000000,0.900656,0.000000,0.00763944,2026-03-21,2026-08-06,87,1920,882,139,0.625899,0.863400,0.891889,0.695194,,,,,,,,GLOBAL_BASELINE_NO_ENTITY_RANKING,,,NOT_APPLICABLE_GLOBAL_BASELINE,HF9g-P5,,,,X 全窗基线 · 不参与实体赏罚,8397650,840,A168_HF9F_20260827_0900,2026-08-27 09:00:00
2026-08-01,54653530,919,0,60.3601058229,-60.3601058229,-60.3601058229,0E-7,4,4,0.49324550000000000,0.493245500000,-1.973162052426085,-1.973162052426085,-1.973162052426085,0E-17,ELIGIBLE,R03b_20260811_FULL_v1,L1_ELIGIBILITY,v2026-08-11,2026-03-21..2026-08-06,baccarat_bet02_101_all_pairs_incl_sentinel,round_win = game_pnl > 0 (decisive only),COMPATIBILITY_ONLY_NOT_PRODUCTION,53571.4227,48249.4483,483.2383,5739,5738,-0.00902045,-0.00297427,-0.01061372,-0.00902045,-483.2383,53571.4227,OK,0.0000,19.3295,4.0000,96.0000,AG03-UNRESOLVED,ALL5_LEVELS_bet23_to_bet27,19.3295,19.3295,24.1619,0.0000,0.0000,4.000000,4.000000,5.000000,0.000000,0.000000,96.000000,96.000000,95.000000,100.000000,100.000000,5.0,62.8210,60.1535,420.4173,423.0848,PENDING_AG03,FALSE,NOT_FOR_ENFORCEMENT,463.9088,46319.4703,483.2383,463.9088,19.3295,0.00902045,0.00865963,19.3295,463.9088,0.00865963,19.3295,19.3295,24.1619,0.0000,0.0000,463.9088,0.00865963,62.8210,60.1535,420.4173,423.0848,0.00784779,0.00789758,0.00036082,9.3346,8.4088,0.0842,5.5545,0.2517,615.7635,65.9540,8.3255,9.6426,5.1431,5.1891,8.2617,16.7816,25.8881,44.2602,5.1891,0.0,4.9889,8.529385,1.798876,29,193,98,2,0.20855820,0.00902045,0.00297427,0E-8,0.000000,0.900656,0.000000,0.00763944,2026-03-21,2026-08-06,87,1920,882,139,0.625899,0.863400,0.891889,0.695194,,,,,,,,GLOBAL_BASELINE_NO_ENTITY_RANKING,,,NOT_APPLICABLE_GLOBAL_BASELINE,HF9g-P5,,,,X 全窗基线 · 不参与实体赏罚,8397651,840,A168_HF9F_20260827_0900,2026-08-27 09:00:00
2026-08-01,54653530,948,0,39.8119846917,14.1268332777,14.1268332777,0.6000000,6,6,0.49324550000000000,0.493245500000,0.47746420675292983,0.47746420675292983,0.47746420675292983,0E-17,ELIGIBLE,R03b_20260811_FULL_v1,L1_ELIGIBILITY,v2026-08-11,2026-03-21..2026-08-06,baccarat_bet02_101_all_pairs_incl_sentinel,round_win = game_pnl > 0 (decisive only),COMPATIBILITY_ONLY_NOT_PRODUCTION,53571.4227,48249.4483,483.2383,5739,5738,-0.00902045,-0.00297427,-0.01061372,-0.00902045,-483.2383,53571.4227,OK,0.0000,19.3295,4.0000,96.0000,AG03-UNRESOLVED,ALL5_LEVELS_bet23_to_bet27,19.3295,19.3295,24.1619,0.0000,0.0000,4.000000,4.000000,5.000000,0.000000,0.000000,96.000000,96.000000,95.000000,100.000000,100.000000,5.0,62.8210,60.1535,420.4173,423.0848,PENDING_AG03,FALSE,NOT_FOR_ENFORCEMENT,463.9088,46319.4703,483.2383,463.9088,19.3295,0.00902045,0.00865963,19.3295,463.9088,0.00865963,19.3295,19.3295,24.1619,0.0000,0.0000,463.9088,0.00865963,62.8210,60.1535,420.4173,423.0848,0.00784779,0.00789758,0.00036082,9.3346,8.4088,0.0842,5.5545,0.2517,615.7635,65.9540,8.3255,9.6426,5.1431,5.1891,8.2617,16.7816,25.8881,44.2602,5.1891,0.0,4.9889,8.529385,1.798876,29,193,98,2,0.20855820,0.00902045,0.00297427,0E-8,0.000000,0.900656,0.000000,0.00763944,2026-03-21,2026-08-06,87,1920,882,139,0.625899,0.863400,0.891889,0.695194,,,,,,,,GLOBAL_BASELINE_NO_ENTITY_RANKING,,,NOT_APPLICABLE_GLOBAL_BASELINE,HF9g-P5,,,,X 全窗基线 · 不参与实体赏罚,8397652,840,A168_HF9F_20260827_0900,2026-08-27 09:00:00
2026-08-01,54653530,987,0,5.1370302828,4.8801787687,4.8801787687,1.0000000,1,1,0.50665070000000000,0.506650700000,0.9867858985152569,0.9867858985152569,0.9867858985152569,0E-17,ELIGIBLE,R03b_20260811_FULL_v1,L1_ELIGIBILITY,v2026-08-11,2026-03-21..2026-08-06,baccarat_bet02_101_all_pairs_incl_sentinel,round_win = game_pnl > 0 (decisive only),COMPATIBILITY_ONLY_NOT_PRODUCTION,53571.4227,48249.4483,483.2383,5739,5738,-0.00902045,-0.00297427,-0.01061372,-0.00902045,-483.2383,53571.4227,OK,0.0000,19.3295,4.0000,96.0000,AG03-UNRESOLVED,ALL5_LEVELS_bet23_to_bet27,19.3295,19.3295,24.1619,0.0000,0.0000,4.000000,4.000000,5.000000,0.000000,0.000000,96.000000,96.000000,95.000000,100.000000,100.000000,5.0,62.8210,60.1535,420.4173,423.0848,PENDING_AG03,FALSE,NOT_FOR_ENFORCEMENT,463.9088,46319.4703,483.2383,463.9088,19.3295,0.00902045,0.00865963,19.3295,463.9088,0.00865963,19.3295,19.3295,24.1619,0.0000,0.0000,463.9088,0.00865963,62.8210,60.1535,420.4173,423.0848,0.00784779,0.00789758,0.00036082,9.3346,8.4088,0.0842,5.5545,0.2517,615.7635,65.9540,8.3255,9.6426,5.1431,5.1891,8.2617,16.7816,25.8881,44.2602,5.1891,0.0,4.9889,8.529385,1.798876,29,193,98,2,0.20855820,0.00902045,0.00297427,0E-8,0.000000,0.900656,0.000000,0.00763944,2026-03-21,2026-08-06,87,1920,882,139,0.625899,0.863400,0.891889,0.695194,,,,,,,,GLOBAL_BASELINE_NO_ENTITY_RANKING,,,NOT_APPLICABLE_GLOBAL_BASELINE,HF9g-P5,,,,X 全窗基线 · 不参与实体赏罚,8397653,840,A168_HF9F_20260827_0900,2026-08-27 09:00:00
2026-08-02,54653530,1210,0,90.4117329772,-75.0006421288,-75.0006421288,0E-7,7,7,0.49516052857142857,0.495160528571,-2.425894905459267,-2.4258949054571874,-2.425894905459267,4.2857E-13,ELIGIBLE,R03b_20260811_FULL_v1,L1_ELIGIBILITY,v2026-08-11,2026-03-21..2026-08-06,baccarat_bet02_101_all_pairs_incl_sentinel,round_win = game_pnl > 0 (decisive only),COMPATIBILITY_ONLY_NOT_PRODUCTION,53571.4227,48249.4483,483.2383,5739,5738,-0.00902045,-0.00297427,-0.01061372,-0.00902045,-483.2383,53571.4227,OK,0.0000,19.3295,4.0000,96.0000,AG03-UNRESOLVED,ALL5_LEVELS_bet23_to_bet27,19.3295,19.3295,24.1619,0.0000,0.0000,4.000000,4.000000,5.000000,0.000000,0.000000,96.000000,96.000000,95.000000,100.000000,100.000000,5.0,62.8210,60.1535,420.4173,423.0848,PENDING_AG03,FALSE,NOT_FOR_ENFORCEMENT,463.9088,46319.4703,483.2383,463.9088,19.3295,0.00902045,0.00865963,19.3295,463.9088,0.00865963,19.3295,19.3295,24.1619,0.0000,0.0000,463.9088,0.00865963,62.8210,60.1535,420.4173,423.0848,0.00784779,0.00789758,0.00036082,9.3346,8.4088,0.0842,5.5545,0.2517,615.7635,65.9540,8.3255,9.6426,5.1431,5.1891,8.2617,16.7816,25.8881,44.2602,5.1891,0.0,4.9889,8.529385,1.798876,29,193,98,2,0.20855820,0.00902045,0.00297427,0E-8,0.000000,0.900656,0.000000,0.00763944,2026-03-21,2026-08-06,87,1920,882,139,0.625899,0.863400,0.891889,0.695194,,,,,,,,GLOBAL_BASELINE_NO_ENTITY_RANKING,,,NOT_APPLICABLE_GLOBAL_BASELINE,HF9g-P5,,,,X 全窗基线 · 不参与实体赏罚,8397654,840,A168_HF9F_20260827_0900,2026-08-27 09:00:00
2026-08-02,54653530,2106,0,20.5481211312,2.5685151414,2.5685151414,0.5000000,3,3,0.49324550000000000,0.493245500000,0.01910635448239258,0.01910635448239258,0.01910635448239258,0E-17,ELIGIBLE,R03b_20260811_FULL_v1,L1_ELIGIBILITY,v2026-08-11,2026-03-21..2026-08-06,baccarat_bet02_101_all_pairs_incl_sentinel,round_win = game_pnl > 0 (decisive only),COMPATIBILITY_ONLY_NOT_PRODUCTION,53571.4227,48249.4483,483.2383,5739,5738,-0.00902045,-0.00297427,-0.01061372,-0.00902045,-483.2383,53571.4227,OK,0.0000,19.3295,4.0000,96.0000,AG03-UNRESOLVED,ALL5_LEVELS_bet23_to_bet27,19.3295,19.3295,24.1619,0.0000,0.0000,4.000000,4.000000,5.000000,0.000000,0.000000,96.000000,96.000000,95.000000,100.000000,100.000000,5.0,62.8210,60.1535,420.4173,423.0848,PENDING_AG03,FALSE,NOT_FOR_ENFORCEMENT,463.9088,46319.4703,483.2383,463.9088,19.3295,0.00902045,0.00865963,19.3295,463.9088,0.00865963,19.3295,19.3295,24.1619,0.0000,0.0000,463.9088,0.00865963,62.8210,60.1535,420.4173,423.0848,0.00784779,0.00789758,0.00036082,9.3346,8.4088,0.0842,5.5545,0.2517,615.7635,65.9540,8.3255,9.6426,5.1431,5.1891,8.2617,16.7816,25.8881,44.2602,5.1891,0.0,4.9889,8.529385,1.798876,29,193,98,2,0.20855820,0.00902045,0.00297427,0E-8,0.000000,0.900656,0.000000,0.00763944,2026-03-21,2026-08-06,87,1920,882,139,0.625899,0.863400,0.891889,0.695194,,,,,,,,GLOBAL_BASELINE_NO_ENTITY_RANKING,,,NOT_APPLICABLE_GLOBAL_BASELINE,HF9g-P5,,,,X 全窗基线 · 不参与实体赏罚,8397655,840,A168_HF9F_20260827_0900,2026-08-27 09:00:00
2026-08-02,54653530,2196,0,12.8425757070,2.5685151414,2.5685151414,0.5000000,2,2,0.49324550000000000,0.493245500000,0.01910635448239258,0.01910635448239258,0.01910635448239258,0E-17,ELIGIBLE,R03b_20260811_FULL_v1,L1_ELIGIBILITY,v2026-08-11,2026-03-21..2026-08-06,baccarat_bet02_101_all_pairs_incl_sentinel,round_win = game_pnl > 0 (decisive only),COMPATIBILITY_ONLY_NOT_PRODUCTION,53571.4227,48249.4483,483.2383,5739,5738,-0.00902045,-0.00297427,-0.01061372,-0.00902045,-483.2383,53571.4227,OK,0.0000,19.3295,4.0000,96.0000,AG03-UNRESOLVED,ALL5_LEVELS_bet23_to_bet27,19.3295,19.3295,24.1619,0.0000,0.0000,4.000000,4.000000,5.000000,0.000000,0.000000,96.000000,96.000000,95.000000,100.000000,100.000000,5.0,62.8210,60.1535,420.4173,423.0848,PENDING_AG03,FALSE,NOT_FOR_ENFORCEMENT,463.9088,46319.4703,483.2383,463.9088,19.3295,0.00902045,0.00865963,19.3295,463.9088,0.00865963,19.3295,19.3295,24.1619,0.0000,0.0000,463.9088,0.00865963,62.8210,60.1535,420.4173,423.0848,0.00784779,0.00789758,0.00036082,9.3346,8.4088,0.0842,5.5545,0.2517,615.7635,65.9540,8.3255,9.6426,5.1431,5.1891,8.2617,16.7816,25.8881,44.2602,5.1891,0.0,4.9889,8.529385,1.798876,29,193,98,2,0.20855820,0.00902045,0.00297427,0E-8,0.000000,0.900656,0.000000,0.00763944,2026-03-21,2026-08-06,87,1920,882,139,0.625899,0.863400,0.891889,0.695194,,,,,,,,GLOBAL_BASELINE_NO_ENTITY_RANKING,,,NOT_APPLICABLE_GLOBAL_BASELINE,HF9g-P5,,,,X 全窗基线 · 不参与实体赏罚,8397656,840,A168_HF9F_20260827_0900,2026-08-27 09:00:00
2026-08-02,54653530,2209,0,17.9796059898,7.7055454242,7.7055454242,0.6666667,3,3,0.49324550000000000,0.493245500000,0.6008033672792107,0.6008033672792106,0.6008033672792107,0E-17,ELIGIBLE,R03b_20260811_FULL_v1,L1_ELIGIBILITY,v2026-08-11,2026-03-21..2026-08-06,baccarat_bet02_101_all_pairs_incl_sentinel,round_win = game_pnl > 0 (decisive only),COMPATIBILITY_ONLY_NOT_PRODUCTION,53571.4227,48249.4483,483.2383,5739,5738,-0.00902045,-0.00297427,-0.01061372,-0.00902045,-483.2383,53571.4227,OK,0.0000,19.3295,4.0000,96.0000,AG03-UNRESOLVED,ALL5_LEVELS_bet23_to_bet27,19.3295,19.3295,24.1619,0.0000,0.0000,4.000000,4.000000,5.000000,0.000000,0.000000,96.000000,96.000000,95.000000,100.000000,100.000000,5.0,62.8210,60.1535,420.4173,423.0848,PENDING_AG03,FALSE,NOT_FOR_ENFORCEMENT,463.9088,46319.4703,483.2383,463.9088,19.3295,0.00902045,0.00865963,19.3295,463.9088,0.00865963,19.3295,19.3295,24.1619,0.0000,0.0000,463.9088,0.00865963,62.8210,60.1535,420.4173,423.0848,0.00784779,0.00789758,0.00036082,9.3346,8.4088,0.0842,5.5545,0.2517,615.7635,65.9540,8.3255,9.6426,5.1431,5.1891,8.2617,16.7816,25.8881,44.2602,5.1891,0.0,4.9889,8.529385,1.798876,29,193,98,2,0.20855820,0.00902045,0.00297427,0E-8,0.000000,0.900656,0.000000,0.00763944,2026-03-21,2026-08-06,87,1920,882,139,0.625899,0.863400,0.891889,0.695194,,,,,,,,GLOBAL_BASELINE_NO_ENTITY_RANKING,,,NOT_APPLICABLE_GLOBAL_BASELINE,HF9g-P5,,,,X 全窗基线 · 不参与实体赏罚,8397657,840,A168_HF9F_20260827_0900,2026-08-27 09:00:00
2026-08-03,54653530,-1,1,23.1166362726,3.4032825623,3.4032825623,0.5000000,3,3,0.50665070000000000,0.506650700000,-0.018812684590367487,-0.018812684590367487,-0.018812684590367487,0E-17,SENTINEL_DEALER,R03b_20260811_FULL_v1,L1_ELIGIBILITY,v2026-08-11,2026-03-21..2026-08-06,baccarat_bet02_101_all_pairs_incl_sentinel,round_win = game_pnl > 0 (decisive only),COMPATIBILITY_ONLY_NOT_PRODUCTION,53571.4227,48249.4483,483.2383,5739,5738,-0.00902045,-0.00297427,-0.01061372,-0.00902045,-483.2383,53571.4227,OK,0.0000,19.3295,4.0000,96.0000,AG03-UNRESOLVED,ALL5_LEVELS_bet23_to_bet27,19.3295,19.3295,24.1619,0.0000,0.0000,4.000000,4.000000,5.000000,0.000000,0.000000,96.000000,96.000000,95.000000,100.000000,100.000000,5.0,62.8210,60.1535,420.4173,423.0848,PENDING_AG03,FALSE,NOT_FOR_ENFORCEMENT,463.9088,46319.4703,483.2383,463.9088,19.3295,0.00902045,0.00865963,19.3295,463.9088,0.00865963,19.3295,19.3295,24.1619,0.0000,0.0000,463.9088,0.00865963,62.8210,60.1535,420.4173,423.0848,0.00784779,0.00789758,0.00036082,9.3346,8.4088,0.0842,5.5545,0.2517,615.7635,65.9540,8.3255,9.6426,5.1431,5.1891,8.2617,16.7816,25.8881,44.2602,5.1891,0.0,4.9889,8.529385,1.798876,29,193,98,2,0.20855820,0.00902045,0.00297427,0E-8,0.000000,0.900656,0.000000,0.00763944,2026-03-21,2026-08-06,87,1920,882,139,0.625899,0.863400,0.891889,0.695194,,,,,,,,GLOBAL_BASELINE_NO_ENTITY_RANKING,,,NOT_APPLICABLE_GLOBAL_BASELINE,HF9g-P5,,,,X 全窗基线 · 不参与实体赏罚,8397658,840,A168_HF9F_20260827_0900,2026-08-27 09:00:00
2026-08-03,54653530,1151,0,12.8425757070,2.5685151414,2.5685151414,0.5000000,2,2,0.49324550000000000,0.493245500000,0.01910635448239258,0.01910635448239258,0.01910635448239258,0E-17,ELIGIBLE,R03b_20260811_FULL_v1,L1_ELIGIBILITY,v2026-08-11,2026-03-21..2026-08-06,baccarat_bet02_101_all_pairs_incl_sentinel,round_win = game_pnl > 0 (decisive only),COMPATIBILITY_ONLY_NOT_PRODUCTION,53571.4227,48249.4483,483.2383,5739,5738,-0.00902045,-0.00297427,-0.01061372,-0.00902045,-483.2383,53571.4227,OK,0.0000,19.3295,4.0000,96.0000,AG03-UNRESOLVED,ALL5_LEVELS_bet23_to_bet27,19.3295,19.3295,24.1619,0.0000,0.0000,4.000000,4.000000,5.000000,0.000000,0.000000,96.000000,96.000000,95.000000,100.000000,100.000000,5.0,62.8210,60.1535,420.4173,423.0848,PENDING_AG03,FALSE,NOT_FOR_ENFORCEMENT,463.9088,46319.4703,483.2383,463.9088,19.3295,0.00902045,0.00865963,19.3295,463.9088,0.00865963,19.3295,19.3295,24.1619,0.0000,0.0000,463.9088,0.00865963,62.8210,60.1535,420.4173,423.0848,0.00784779,0.00789758,0.00036082,9.3346,8.4088,0.0842,5.5545,0.2517,615.7635,65.9540,8.3255,9.6426,5.1431,5.1891,8.2617,16.7816,25.8881,44.2602,5.1891,0.0,4.9889,8.529385,1.798876,29,193,98,2,0.20855820,0.00902045,0.00297427,0E-8,0.000000,0.900656,0.000000,0.00763944,2026-03-21,2026-08-06,87,1920,882,139,0.625899,0.863400,0.891889,0.695194,,,,,,,,GLOBAL_BASELINE_NO_ENTITY_RANKING,,,NOT_APPLICABLE_GLOBAL_BASELINE,HF9g-P5,,,,X 全窗基线 · 不参与实体赏罚,8397659,840,A168_HF9F_20260827_0900,2026-08-27 09:00:00
2026-08-03,54653530,1205,0,5.1370302828,5.1370302828,5.1370302828,1.0000000,1,1,0.49324550000000000,0.493245500000,1.01360149184955,1.01360149184955,1.01360149184955,0E-17,ELIGIBLE,R03b_20260811_FULL_v1,L1_ELIGIBILITY,v2026-08-11,2026-03-21..2026-08-06,baccarat_bet02_101_all_pairs_incl_sentinel,round_win = game_pnl > 0 (decisive only),COMPATIBILITY_ONLY_NOT_PRODUCTION,53571.4227,48249.4483,483.2383,5739,5738,-0.00902045,-0.00297427,-0.01061372,-0.00902045,-483.2383,53571.4227,OK,0.0000,19.3295,4.0000,96.0000,AG03-UNRESOLVED,ALL5_LEVELS_bet23_to_bet27,19.3295,19.3295,24.1619,0.0000,0.0000,4.000000,4.000000,5.000000,0.000000,0.000000,96.000000,96.000000,95.000000,100.000000,100.000000,5.0,62.8210,60.1535,420.4173,423.0848,PENDING_AG03,FALSE,NOT_FOR_ENFORCEMENT,463.9088,46319.4703,483.2383,463.9088,19.3295,0.00902045,0.00865963,19.3295,463.9088,0.00865963,19.3295,19.3295,24.1619,0.0000,0.0000,463.9088,0.00865963,62.8210,60.1535,420.4173,423.0848,0.00784779,0.00789758,0.00036082,9.3346,8.4088,0.0842,5.5545,0.2517,615.7635,65.9540,8.3255,9.6426,5.1431,5.1891,8.2617,16.7816,25.8881,44.2602,5.1891,0.0,4.9889,8.529385,1.798876,29,193,98,2,0.20855820,0.00902045,0.00297427,0E-8,0.000000,0.900656,0.000000,0.00763944,2026-03-21,2026-08-06,87,1920,882,139,0.625899,0.863400,0.891889,0.695194,,,,,,,,GLOBAL_BASELINE_NO_ENTITY_RANKING,,,NOT_APPLICABLE_GLOBAL_BASELINE,HF9g-P5,,,,X 全窗基线 · 不参与实体赏罚,8397660,840,A168_HF9F_20260827_0900,2026-08-27 09:00:00
2026-08-03,54653530,1325,0,5.1370302828,5.1370302828,5.1370302828,1.0000000,1,1,0.49324550000000000,0.493245500000,1.01360149184955,1.01360149184955,1.01360149184955,0E-17,ELIGIBLE,R03b_20260811_FULL_v1,L1_ELIGIBILITY,v2026-08-11,2026-03-21..2026-08-06,baccarat_bet02_101_all_pairs_incl_sentinel,round_win = game_pnl > 0 (decisive only),COMPATIBILITY_ONLY_NOT_PRODUCTION,53571.4227,48249.4483,483.2383,5739,5738,-0.00902045,-0.00297427,-0.01061372,-0.00902045,-483.2383,53571.4227,OK,0.0000,19.3295,4.0000,96.0000,AG03-UNRESOLVED,ALL5_LEVELS_bet23_to_bet27,19.3295,19.3295,24.1619,0.0000,0.0000,4.000000,4.000000,5.000000,0.000000,0.000000,96.000000,96.000000,95.000000,100.000000,100.000000,5.0,62.8210,60.1535,420.4173,423.0848,PENDING_AG03,FALSE,NOT_FOR_ENFORCEMENT,463.9088,46319.4703,483.2383,463.9088,19.3295,0.00902045,0.00865963,19.3295,463.9088,0.00865963,19.3295,19.3295,24.1619,0.0000,0.0000,463.9088,0.00865963,62.8210,60.1535,420.4173,423.0848,0.00784779,0.00789758,0.00036082,9.3346,8.4088,0.0842,5.5545,0.2517,615.7635,65.9540,8.3255,9.6426,5.1431,5.1891,8.2617,16.7816,25.8881,44.2602,5.1891,0.0,4.9889,8.529385,1.798876,29,193,98,2,0.20855820,0.00902045,0.00297427,0E-8,0.000000,0.900656,0.000000,0.00763944,2026-03-21,2026-08-06,87,1920,882,139,0.625899,0.863400,0.891889,0.695194,,,,,,,,GLOBAL_BASELINE_NO_ENTITY_RANKING,,,NOT_APPLICABLE_GLOBAL_BASELINE,HF9g-P5,,,,X 全窗基线 · 不参与实体赏罚,8397661,840,A168_HF9F_20260827_0900,2026-08-27 09:00:00
2026-08-03,54653530,1383,0,30.3084786685,3.2491716539,3.2491716539,0.3333333,3,3,0.50665070000000000,0.506650700000,-0.6004420894325239,-0.6004420894325239,-0.6004420894325239,0E-17,ELIGIBLE,R03b_20260811_FULL_v1,L1_ELIGIBILITY,v2026-08-11,2026-03-21..2026-08-06,baccarat_bet02_101_all_pairs_incl_sentinel,round_win = game_pnl > 0 (decisive only),COMPATIBILITY_ONLY_NOT_PRODUCTION,53571.4227,48249.4483,483.2383,5739,5738,-0.00902045,-0.00297427,-0.01061372,-0.00902045,-483.2383,53571.4227,OK,0.0000,19.3295,4.0000,96.0000,AG03-UNRESOLVED,ALL5_LEVELS_bet23_to_bet27,19.3295,19.3295,24.1619,0.0000,0.0000,4.000000,4.000000,5.000000,0.000000,0.000000,96.000000,96.000000,95.000000,100.000000,100.000000,5.0,62.8210,60.1535,420.4173,423.0848,PENDING_AG03,FALSE,NOT_FOR_ENFORCEMENT,463.9088,46319.4703,483.2383,463.9088,19.3295,0.00902045,0.00865963,19.3295,463.9088,0.00865963,19.3295,19.3295,24.1619,0.0000,0.0000,463.9088,0.00865963,62.8210,60.1535,420.4173,423.0848,0.00784779,0.00789758,0.00036082,9.3346,8.4088,0.0842,5.5545,0.2517,615.7635,65.9540,8.3255,9.6426,5.1431,5.1891,8.2617,16.7816,25.8881,44.2602,5.1891,0.0,4.9889,8.529385,1.798876,29,193,98,2,0.20855820,0.00902045,0.00297427,0E-8,0.000000,0.900656,0.000000,0.00763944,2026-03-21,2026-08-06,87,1920,882,139,0.625899,0.863400,0.891889,0.695194,,,,,,,,GLOBAL_BASELINE_NO_ENTITY_RANKING,,,NOT_APPLICABLE_GLOBAL_BASELINE,HF9g-P5,,,,X 全窗基线 · 不参与实体赏罚,8397662,840,A168_HF9F_20260827_0900,2026-08-27 09:00:00
2026-08-03,54653530,1399,0,37.2434695503,21.5755271878,21.5755271878,0.8000000,6,6,0.49771390000000000,0.497713900000,1.3518786671008958,1.3518786671008955,1.3518786671008958,0E-17,ELIGIBLE,R03b_20260811_FULL_v1,L1_ELIGIBILITY,v2026-08-11,2026-03-21..2026-08-06,baccarat_bet02_101_all_pairs_incl_sentinel,round_win = game_pnl > 0 (decisive only),COMPATIBILITY_ONLY_NOT_PRODUCTION,53571.4227,48249.4483,483.2383,5739,5738,-0.00902045,-0.00297427,-0.01061372,-0.00902045,-483.2383,53571.4227,OK,0.0000,19.3295,4.0000,96.0000,AG03-UNRESOLVED,ALL5_LEVELS_bet23_to_bet27,19.3295,19.3295,24.1619,0.0000,0.0000,4.000000,4.000000,5.000000,0.000000,0.000000,96.000000,96.000000,95.000000,100.000000,100.000000,5.0,62.8210,60.1535,420.4173,423.0848,PENDING_AG03,FALSE,NOT_FOR_ENFORCEMENT,463.9088,46319.4703,483.2383,463.9088,19.3295,0.00902045,0.00865963,19.3295,463.9088,0.00865963,19.3295,19.3295,24.1619,0.0000,0.0000,463.9088,0.00865963,62.8210,60.1535,420.4173,423.0848,0.00784779,0.00789758,0.00036082,9.3346,8.4088,0.0842,5.5545,0.2517,615.7635,65.9540,8.3255,9.6426,5.1431,5.1891,8.2617,16.7816,25.8881,44.2602,5.1891,0.0,4.9889,8.529385,1.798876,29,193,98,2,0.20855820,0.00902045,0.00297427,0E-8,0.000000,0.900656,0.000000,0.00763944,2026-03-21,2026-08-06,87,1920,882,139,0.625899,0.863400,0.891889,0.695194,,,,,,,,GLOBAL_BASELINE_NO_ENTITY_RANKING,,,NOT_APPLICABLE_GLOBAL_BASELINE,HF9g-P5,,,,X 全窗基线 · 不参与实体赏罚,8397663,840,A168_HF9F_20260827_0900,2026-08-27 09:00:00
2026-08-03,54653530,1507,0,7.7055454242,7.7055454242,7.7055454242,1.0000000,1,1,0.49324550000000000,0.493245500000,1.01360149184955,1.01360149184955,1.01360149184955,0E-17,ELIGIBLE,R03b_20260811_FULL_v1,L1_ELIGIBILITY,v2026-08-11,2026-03-21..2026-08-06,baccarat_bet02_101_all_pairs_incl_sentinel,round_win = game_pnl > 0 (decisive only),COMPATIBILITY_ONLY_NOT_PRODUCTION,53571.4227,48249.4483,483.2383,5739,5738,-0.00902045,-0.00297427,-0.01061372,-0.00902045,-483.2383,53571.4227,OK,0.0000,19.3295,4.0000,96.0000,AG03-UNRESOLVED,ALL5_LEVELS_bet23_to_bet27,19.3295,19.3295,24.1619,0.0000,0.0000,4.000000,4.000000,5.000000,0.000000,0.000000,96.000000,96.000000,95.000000,100.000000,100.000000,5.0,62.8210,60.1535,420.4173,423.0848,PENDING_AG03,FALSE,NOT_FOR_ENFORCEMENT,463.9088,46319.4703,483.2383,463.9088,19.3295,0.00902045,0.00865963,19.3295,463.9088,0.00865963,19.3295,19.3295,24.1619,0.0000,0.0000,463.9088,0.00865963,62.8210,60.1535,420.4173,423.0848,0.00784779,0.00789758,0.00036082,9.3346,8.4088,0.0842,5.5545,0.2517,615.7635,65.9540,8.3255,9.6426,5.1431,5.1891,8.2617,16.7816,25.8881,44.2602,5.1891,0.0,4.9889,8.529385,1.798876,29,193,98,2,0.20855820,0.00902045,0.00297427,0E-8,0.000000,0.900656,0.000000,0.00763944,2026-03-21,2026-08-06,87,1920,882,139,0.625899,0.863400,0.891889,0.695194,,,,,,,,GLOBAL_BASELINE_NO_ENTITY_RANKING,,,NOT_APPLICABLE_GLOBAL_BASELINE,HF9g-P5,,,,X 全窗基线 · 不参与实体赏罚,8397664,840,A168_HF9F_20260827_0900,2026-08-27 09:00:00
2026-08-03,54653530,2093,0,62.9286209642,-36.1261654637,-36.1261654637,0.3333333,6,6,0.49994810000000000,0.499948100000,-0.8162423282897021,-0.8162423282897021,-0.8162423282897021,0E-17,ELIGIBLE,R03b_20260811_FULL_v1,L1_ELIGIBILITY,v2026-08-11,2026-03-21..2026-08-06,baccarat_bet02_101_all_pairs_incl_sentinel,round_win = game_pnl > 0 (decisive only),COMPATIBILITY_ONLY_NOT_PRODUCTION,53571.4227,48249.4483,483.2383,5739,5738,-0.00902045,-0.00297427,-0.01061372,-0.00902045,-483.2383,53571.4227,OK,0.0000,19.3295,4.0000,96.0000,AG03-UNRESOLVED,ALL5_LEVELS_bet23_to_bet27,19.3295,19.3295,24.1619,0.0000,0.0000,4.000000,4.000000,5.000000,0.000000,0.000000,96.000000,96.000000,95.000000,100.000000,100.000000,5.0,62.8210,60.1535,420.4173,423.0848,PENDING_AG03,FALSE,NOT_FOR_ENFORCEMENT,463.9088,46319.4703,483.2383,463.9088,19.3295,0.00902045,0.00865963,19.3295,463.9088,0.00865963,19.3295,19.3295,24.1619,0.0000,0.0000,463.9088,0.00865963,62.8210,60.1535,420.4173,423.0848,0.00784779,0.00789758,0.00036082,9.3346,8.4088,0.0842,5.5545,0.2517,615.7635,65.9540,8.3255,9.6426,5.1431,5.1891,8.2617,16.7816,25.8881,44.2602,5.1891,0.0,4.9889,8.529385,1.798876,29,193,98,2,0.20855820,0.00902045,0.00297427,0E-8,0.000000,0.900656,0.000000,0.00763944,2026-03-21,2026-08-06,87,1920,882,139,0.625899,0.863400,0.891889,0.695194,,,,,,,,GLOBAL_BASELINE_NO_ENTITY_RANKING,,,NOT_APPLICABLE_GLOBAL_BASELINE,HF9g-P5,,,,X 全窗基线 · 不参与实体赏罚,8397665,840,A168_HF9F_20260827_0900,2026-08-27 09:00:00
2026-08-03,54653530,2106,0,23.1166362726,-14.1268332777,-14.1268332777,0E-7,3,3,0.50665070000000000,0.506650700000,-1.4331513700195317,-1.4331513700195317,-1.4331513700195317,0E-17,ELIGIBLE,R03b_20260811_FULL_v1,L1_ELIGIBILITY,v2026-08-11,2026-03-21..2026-08-06,baccarat_bet02_101_all_pairs_incl_sentinel,round_win = game_pnl > 0 (decisive only),COMPATIBILITY_ONLY_NOT_PRODUCTION,53571.4227,48249.4483,483.2383,5739,5738,-0.00902045,-0.00297427,-0.01061372,-0.00902045,-483.2383,53571.4227,OK,0.0000,19.3295,4.0000,96.0000,AG03-UNRESOLVED,ALL5_LEVELS_bet23_to_bet27,19.3295,19.3295,24.1619,0.0000,0.0000,4.000000,4.000000,5.000000,0.000000,0.000000,96.000000,96.000000,95.000000,100.000000,100.000000,5.0,62.8210,60.1535,420.4173,423.0848,PENDING_AG03,FALSE,NOT_FOR_ENFORCEMENT,463.9088,46319.4703,483.2383,463.9088,19.3295,0.00902045,0.00865963,19.3295,463.9088,0.00865963,19.3295,19.3295,24.1619,0.0000,0.0000,463.9088,0.00865963,62.8210,60.1535,420.4173,423.0848,0.00784779,0.00789758,0.00036082,9.3346,8.4088,0.0842,5.5545,0.2517,615.7635,65.9540,8.3255,9.6426,5.1431,5.1891,8.2617,16.7816,25.8881,44.2602,5.1891,0.0,4.9889,8.529385,1.798876,29,193,98,2,0.20855820,0.00902045,0.00297427,0E-8,0.000000,0.900656,0.000000,0.00763944,2026-03-21,2026-08-06,87,1920,882,139,0.625899,0.863400,0.891889,0.695194,,,,,,,,GLOBAL_BASELINE_NO_ENTITY_RANKING,,,NOT_APPLICABLE_GLOBAL_BASELINE,HF9g-P5,,,,X 全窗基线 · 不参与实体赏罚,8397666,840,A168_HF9F_20260827_0900,2026-08-27 09:00:00
2026-08-03,54653530,2130,0,15.4110908484,15.4110908484,15.4110908484,1.0000000,3,3,0.49324550000000000,0.493245500000,1.755609282511032,1.7556092825110319,1.755609282511032,0E-17,ELIGIBLE,R03b_20260811_FULL_v1,L1_ELIGIBILITY,v2026-08-11,2026-03-21..2026-08-06,baccarat_bet02_101_all_pairs_incl_sentinel,round_win = game_pnl > 0 (decisive only),COMPATIBILITY_ONLY_NOT_PRODUCTION,53571.4227,48249.4483,483.2383,5739,5738,-0.00902045,-0.00297427,-0.01061372,-0.00902045,-483.2383,53571.4227,OK,0.0000,19.3295,4.0000,96.0000,AG03-UNRESOLVED,ALL5_LEVELS_bet23_to_bet27,19.3295,19.3295,24.1619,0.0000,0.0000,4.000000,4.000000,5.000000,0.000000,0.000000,96.000000,96.000000,95.000000,100.000000,100.000000,5.0,62.8210,60.1535,420.4173,423.0848,PENDING_AG03,FALSE,NOT_FOR_ENFORCEMENT,463.9088,46319.4703,483.2383,463.9088,19.3295,0.00902045,0.00865963,19.3295,463.9088,0.00865963,19.3295,19.3295,24.1619,0.0000,0.0000,463.9088,0.00865963,62.8210,60.1535,420.4173,423.0848,0.00784779,0.00789758,0.00036082,9.3346,8.4088,0.0842,5.5545,0.2517,615.7635,65.9540,8.3255,9.6426,5.1431,5.1891,8.2617,16.7816,25.8881,44.2602,5.1891,0.0,4.9889,8.529385,1.798876,29,193,98,2,0.20855820,0.00902045,0.00297427,0E-8,0.000000,0.900656,0.000000,0.00763944,2026-03-21,2026-08-06,87,1920,882,139,0.625899,0.863400,0.891889,0.695194,,,,,,,,GLOBAL_BASELINE_NO_ENTITY_RANKING,,,NOT_APPLICABLE_GLOBAL_BASELINE,HF9g-P5,,,,X 全窗基线 · 不参与实体赏罚,8397667,840,A168_HF9F_20260827_0900,2026-08-27 09:00:00
2026-08-03,54653530,2155,0,19.5207150746,8.5274702695,8.5274702695,0.6666667,3,3,0.50665070000000000,0.506650700000,0.5543606114942035,0.5543606114942035,0.5543606114942035,0E-17,ELIGIBLE,R03b_20260811_FULL_v1,L1_ELIGIBILITY,v2026-08-11,2026-03-21..2026-08-06,baccarat_bet02_101_all_pairs_incl_sentinel,round_win = game_pnl > 0 (decisive only),COMPATIBILITY_ONLY_NOT_PRODUCTION,53571.4227,48249.4483,483.2383,5739,5738,-0.00902045,-0.00297427,-0.01061372,-0.00902045,-483.2383,53571.4227,OK,0.0000,19.3295,4.0000,96.0000,AG03-UNRESOLVED,ALL5_LEVELS_bet23_to_bet27,19.3295,19.3295,24.1619,0.0000,0.0000,4.000000,4.000000,5.000000,0.000000,0.000000,96.000000,96.000000,95.000000,100.000000,100.000000,5.0,62.8210,60.1535,420.4173,423.0848,PENDING_AG03,FALSE,NOT_FOR_ENFORCEMENT,463.9088,46319.4703,483.2383,463.9088,19.3295,0.00902045,0.00865963,19.3295,463.9088,0.00865963,19.3295,19.3295,24.1619,0.0000,0.0000,463.9088,0.00865963,62.8210,60.1535,420.4173,423.0848,0.00784779,0.00789758,0.00036082,9.3346,8.4088,0.0842,5.5545,0.2517,615.7635,65.9540,8.3255,9.6426,5.1431,5.1891,8.2617,16.7816,25.8881,44.2602,5.1891,0.0,4.9889,8.529385,1.798876,29,193,98,2,0.20855820,0.00902045,0.00297427,0E-8,0.000000,0.900656,0.000000,0.00763944,2026-03-21,2026-08-06,87,1920,882,139,0.625899,0.863400,0.891889,0.695194,,,,,,,,GLOBAL_BASELINE_NO_ENTITY_RANKING,,,NOT_APPLICABLE_GLOBAL_BASELINE,HF9g-P5,,,,X 全窗基线 · 不参与实体赏罚,8397668,840,A168_HF9F_20260827_0900,2026-08-27 09:00:00
2026-08-03,54653530,2209,0,15.4110908484,4.6233272546,4.6233272546,0.6666667,3,3,0.50665070000000000,0.506650700000,0.5543606114942035,0.5543606114942035,0.5543606114942035,0E-17,ELIGIBLE,R03b_20260811_FULL_v1,L1_ELIGIBILITY,v2026-08-11,2026-03-21..2026-08-06,baccarat_bet02_101_all_pairs_incl_sentinel,round_win = game_pnl > 0 (decisive only),COMPATIBILITY_ONLY_NOT_PRODUCTION,53571.4227,48249.4483,483.2383,5739,5738,-0.00902045,-0.00297427,-0.01061372,-0.00902045,-483.2383,53571.4227,OK,0.0000,19.3295,4.0000,96.0000,AG03-UNRESOLVED,ALL5_LEVELS_bet23_to_bet27,19.3295,19.3295,24.1619,0.0000,0.0000,4.000000,4.000000,5.000000,0.000000,0.000000,96.000000,96.000000,95.000000,100.000000,100.000000,5.0,62.8210,60.1535,420.4173,423.0848,PENDING_AG03,FALSE,NOT_FOR_ENFORCEMENT,463.9088,46319.4703,483.2383,463.9088,19.3295,0.00902045,0.00865963,19.3295,463.9088,0.00865963,19.3295,19.3295,24.1619,0.0000,0.0000,463.9088,0.00865963,62.8210,60.1535,420.4173,423.0848,0.00784779,0.00789758,0.00036082,9.3346,8.4088,0.0842,5.5545,0.2517,615.7635,65.9540,8.3255,9.6426,5.1431,5.1891,8.2617,16.7816,25.8881,44.2602,5.1891,0.0,4.9889,8.529385,1.798876,29,193,98,2,0.20855820,0.00902045,0.00297427,0E-8,0.000000,0.900656,0.000000,0.00763944,2026-03-21,2026-08-06,87,1920,882,139,0.625899,0.863400,0.891889,0.695194,,,,,,,,GLOBAL_BASELINE_NO_ENTITY_RANKING,,,NOT_APPLICABLE_GLOBAL_BASELINE,HF9g-P5,,,,X 全窗基线 · 不参与实体赏罚,8397669,840,A168_HF9F_20260827_0900,2026-08-27 09:00:00
2026-08-03,54653530,2210,0,5.1370302828,-5.1370302828,-5.1370302828,0E-7,1,1,0.49324550000000000,0.493245500000,-0.9865810262130424,-0.9865810262130424,-0.9865810262130424,0E-17,ELIGIBLE,R03b_20260811_FULL_v1,L1_ELIGIBILITY,v2026-08-11,2026-03-21..2026-08-06,baccarat_bet02_101_all_pairs_incl_sentinel,round_win = game_pnl > 0 (decisive only),COMPATIBILITY_ONLY_NOT_PRODUCTION,53571.4227,48249.4483,483.2383,5739,5738,-0.00902045,-0.00297427,-0.01061372,-0.00902045,-483.2383,53571.4227,OK,0.0000,19.3295,4.0000,96.0000,AG03-UNRESOLVED,ALL5_LEVELS_bet23_to_bet27,19.3295,19.3295,24.1619,0.0000,0.0000,4.000000,4.000000,5.000000,0.000000,0.000000,96.000000,96.000000,95.000000,100.000000,100.000000,5.0,62.8210,60.1535,420.4173,423.0848,PENDING_AG03,FALSE,NOT_FOR_ENFORCEMENT,463.9088,46319.4703,483.2383,463.9088,19.3295,0.00902045,0.00865963,19.3295,463.9088,0.00865963,19.3295,19.3295,24.1619,0.0000,0.0000,463.9088,0.00865963,62.8210,60.1535,420.4173,423.0848,0.00784779,0.00789758,0.00036082,9.3346,8.4088,0.0842,5.5545,0.2517,615.7635,65.9540,8.3255,9.6426,5.1431,5.1891,8.2617,16.7816,25.8881,44.2602,5.1891,0.0,4.9889,8.529385,1.798876,29,193,98,2,0.20855820,0.00902045,0.00297427,0E-8,0.000000,0.900656,0.000000,0.00763944,2026-03-21,2026-08-06,87,1920,882,139,0.625899,0.863400,0.891889,0.695194,,,,,,,,GLOBAL_BASELINE_NO_ENTITY_RANKING,,,NOT_APPLICABLE_GLOBAL_BASELINE,HF9g-P5,,,,X 全窗基线 · 不参与实体赏罚,8397670,840,A168_HF9F_20260827_0900,2026-08-27 09:00:00
2026-08-03,54653530,2229,0,5.1370302828,-5.1370302828,-5.1370302828,0E-7,1,1,0.49324550000000000,0.493245500000,-0.9865810262130424,-0.9865810262130424,-0.9865810262130424,0E-17,ELIGIBLE,R03b_20260811_FULL_v1,L1_ELIGIBILITY,v2026-08-11,2026-03-21..2026-08-06,baccarat_bet02_101_all_pairs_incl_sentinel,round_win = game_pnl > 0 (decisive only),COMPATIBILITY_ONLY_NOT_PRODUCTION,53571.4227,48249.4483,483.2383,5739,5738,-0.00902045,-0.00297427,-0.01061372,-0.00902045,-483.2383,53571.4227,OK,0.0000,19.3295,4.0000,96.0000,AG03-UNRESOLVED,ALL5_LEVELS_bet23_to_bet27,19.3295,19.3295,24.1619,0.0000,0.0000,4.000000,4.000000,5.000000,0.000000,0.000000,96.000000,96.000000,95.000000,100.000000,100.000000,5.0,62.8210,60.1535,420.4173,423.0848,PENDING_AG03,FALSE,NOT_FOR_ENFORCEMENT,463.9088,46319.4703,483.2383,463.9088,19.3295,0.00902045,0.00865963,19.3295,463.9088,0.00865963,19.3295,19.3295,24.1619,0.0000,0.0000,463.9088,0.00865963,62.8210,60.1535,420.4173,423.0848,0.00784779,0.00789758,0.00036082,9.3346,8.4088,0.0842,5.5545,0.2517,615.7635,65.9540,8.3255,9.6426,5.1431,5.1891,8.2617,16.7816,25.8881,44.2602,5.1891,0.0,4.9889,8.529385,1.798876,29,193,98,2,0.20855820,0.00902045,0.00297427,0E-8,0.000000,0.900656,0.000000,0.00763944,2026-03-21,2026-08-06,87,1920,882,139,0.625899,0.863400,0.891889,0.695194,,,,,,,,GLOBAL_BASELINE_NO_ENTITY_RANKING,,,NOT_APPLICABLE_GLOBAL_BASELINE,HF9g-P5,,,,X 全窗基线 · 不参与实体赏罚,8397671,840,A168_HF9F_20260827_0900,2026-08-27 09:00:00
2026-08-03,54653530,2253,0,10.2740605656,4.8801787687,4.8801787687,1.0000000,2,2,0.49994810000000000,0.499948100000,1.0001038053877793,1.0001038053877793,1.0001038053877793,0E-17,ELIGIBLE,R03b_20260811_FULL_v1,L1_ELIGIBILITY,v2026-08-11,2026-03-21..2026-08-06,baccarat_bet02_101_all_pairs_incl_sentinel,round_win = game_pnl > 0 (decisive only),COMPATIBILITY_ONLY_NOT_PRODUCTION,53571.4227,48249.4483,483.2383,5739,5738,-0.00902045,-0.00297427,-0.01061372,-0.00902045,-483.2383,53571.4227,OK,0.0000,19.3295,4.0000,96.0000,AG03-UNRESOLVED,ALL5_LEVELS_bet23_to_bet27,19.3295,19.3295,24.1619,0.0000,0.0000,4.000000,4.000000,5.000000,0.000000,0.000000,96.000000,96.000000,95.000000,100.000000,100.000000,5.0,62.8210,60.1535,420.4173,423.0848,PENDING_AG03,FALSE,NOT_FOR_ENFORCEMENT,463.9088,46319.4703,483.2383,463.9088,19.3295,0.00902045,0.00865963,19.3295,463.9088,0.00865963,19.3295,19.3295,24.1619,0.0000,0.0000,463.9088,0.00865963,62.8210,60.1535,420.4173,423.0848,0.00784779,0.00789758,0.00036082,9.3346,8.4088,0.0842,5.5545,0.2517,615.7635,65.9540,8.3255,9.6426,5.1431,5.1891,8.2617,16.7816,25.8881,44.2602,5.1891,0.0,4.9889,8.529385,1.798876,29,193,98,2,0.20855820,0.00902045,0.00297427,0E-8,0.000000,0.900656,0.000000,0.00763944,2026-03-21,2026-08-06,87,1920,882,139,0.625899,0.863400,0.891889,0.695194,,,,,,,,GLOBAL_BASELINE_NO_ENTITY_RANKING,,,NOT_APPLICABLE_GLOBAL_BASELINE,HF9g-P5,,,,X 全窗基线 · 不参与实体赏罚,8397672,840,A168_HF9F_20260827_0900,2026-08-27 09:00:00
2026-08-03,54653530,2256,0,30.3084786685,8.7586366321,8.7586366321,0.5000000,2,2,0.50665070000000000,0.506650700000,-0.018812684590367487,-0.018812684590367487,-0.018812684590367487,0E-17,ELIGIBLE,R03b_20260811_FULL_v1,L1_ELIGIBILITY,v2026-08-11,2026-03-21..2026-08-06,baccarat_bet02_101_all_pairs_incl_sentinel,round_win = game_pnl > 0 (decisive only),COMPATIBILITY_ONLY_NOT_PRODUCTION,53571.4227,48249.4483,483.2383,5739,5738,-0.00902045,-0.00297427,-0.01061372,-0.00902045,-483.2383,53571.4227,OK,0.0000,19.3295,4.0000,96.0000,AG03-UNRESOLVED,ALL5_LEVELS_bet23_to_bet27,19.3295,19.3295,24.1619,0.0000,0.0000,4.000000,4.000000,5.000000,0.000000,0.000000,96.000000,96.000000,95.000000,100.000000,100.000000,5.0,62.8210,60.1535,420.4173,423.0848,PENDING_AG03,FALSE,NOT_FOR_ENFORCEMENT,463.9088,46319.4703,483.2383,463.9088,19.3295,0.00902045,0.00865963,19.3295,463.9088,0.00865963,19.3295,19.3295,24.1619,0.0000,0.0000,463.9088,0.00865963,62.8210,60.1535,420.4173,423.0848,0.00784779,0.00789758,0.00036082,9.3346,8.4088,0.0842,5.5545,0.2517,615.7635,65.9540,8.3255,9.6426,5.1431,5.1891,8.2617,16.7816,25.8881,44.2602,5.1891,0.0,4.9889,8.529385,1.798876,29,193,98,2,0.20855820,0.00902045,0.00297427,0E-8,0.000000,0.900656,0.000000,0.00763944,2026-03-21,2026-08-06,87,1920,882,139,0.625899,0.863400,0.891889,0.695194,,,,,,,,GLOBAL_BASELINE_NO_ENTITY_RANKING,,,NOT_APPLICABLE_GLOBAL_BASELINE,HF9g-P5,,,,X 全窗基线 · 不参与实体赏罚,8397673,840,A168_HF9F_20260827_0900,2026-08-27 09:00:00
2026-08-03,54653530,2288,0,5.1370302828,5.1370302828,5.1370302828,1.0000000,1,1,0.49324550000000000,0.493245500000,1.01360149184955,1.01360149184955,1.01360149184955,0E-17,ELIGIBLE,R03b_20260811_FULL_v1,L1_ELIGIBILITY,v2026-08-11,2026-03-21..2026-08-06,baccarat_bet02_101_all_pairs_incl_sentinel,round_win = game_pnl > 0 (decisive only),COMPATIBILITY_ONLY_NOT_PRODUCTION,53571.4227,48249.4483,483.2383,5739,5738,-0.00902045,-0.00297427,-0.01061372,-0.00902045,-483.2383,53571.4227,OK,0.0000,19.3295,4.0000,96.0000,AG03-UNRESOLVED,ALL5_LEVELS_bet23_to_bet27,19.3295,19.3295,24.1619,0.0000,0.0000,4.000000,4.000000,5.000000,0.000000,0.000000,96.000000,96.000000,95.000000,100.000000,100.000000,5.0,62.8210,60.1535,420.4173,423.0848,PENDING_AG03,FALSE,NOT_FOR_ENFORCEMENT,463.9088,46319.4703,483.2383,463.9088,19.3295,0.00902045,0.00865963,19.3295,463.9088,0.00865963,19.3295,19.3295,24.1619,0.0000,0.0000,463.9088,0.00865963,62.8210,60.1535,420.4173,423.0848,0.00784779,0.00789758,0.00036082,9.3346,8.4088,0.0842,5.5545,0.2517,615.7635,65.9540,8.3255,9.6426,5.1431,5.1891,8.2617,16.7816,25.8881,44.2602,5.1891,0.0,4.9889,8.529385,1.798876,29,193,98,2,0.20855820,0.00902045,0.00297427,0E-8,0.000000,0.900656,0.000000,0.00763944,2026-03-21,2026-08-06,87,1920,882,139,0.625899,0.863400,0.891889,0.695194,,,,,,,,GLOBAL_BASELINE_NO_ENTITY_RANKING,,,NOT_APPLICABLE_GLOBAL_BASELINE,HF9g-P5,,,,X 全窗基线 · 不参与实体赏罚,8397674,840,A168_HF9F_20260827_0900,2026-08-27 09:00:00
2026-08-03,54653530,763,0,10.2740605656,9.7603575374,9.7603575374,1.0000000,2,2,0.50665070000000000,0.506650700000,1.3955260008387969,1.3955260008387969,1.3955260008387969,0E-17,ELIGIBLE,R03b_20260811_FULL_v1,L1_ELIGIBILITY,v2026-08-11,2026-03-21..2026-08-06,baccarat_bet02_101_all_pairs_incl_sentinel,round_win = game_pnl > 0 (decisive only),COMPATIBILITY_ONLY_NOT_PRODUCTION,53571.4227,48249.4483,483.2383,5739,5738,-0.00902045,-0.00297427,-0.01061372,-0.00902045,-483.2383,53571.4227,OK,0.0000,19.3295,4.0000,96.0000,AG03-UNRESOLVED,ALL5_LEVELS_bet23_to_bet27,19.3295,19.3295,24.1619,0.0000,0.0000,4.000000,4.000000,5.000000,0.000000,0.000000,96.000000,96.000000,95.000000,100.000000,100.000000,5.0,62.8210,60.1535,420.4173,423.0848,PENDING_AG03,FALSE,NOT_FOR_ENFORCEMENT,463.9088,46319.4703,483.2383,463.9088,19.3295,0.00902045,0.00865963,19.3295,463.9088,0.00865963,19.3295,19.3295,24.1619,0.0000,0.0000,463.9088,0.00865963,62.8210,60.1535,420.4173,423.0848,0.00784779,0.00789758,0.00036082,9.3346,8.4088,0.0842,5.5545,0.2517,615.7635,65.9540,8.3255,9.6426,5.1431,5.1891,8.2617,16.7816,25.8881,44.2602,5.1891,0.0,4.9889,8.529385,1.798876,29,193,98,2,0.20855820,0.00902045,0.00297427,0E-8,0.000000,0.900656,0.000000,0.00763944,2026-03-21,2026-08-06,87,1920,882,139,0.625899,0.863400,0.891889,0.695194,,,,,,,,GLOBAL_BASELINE_NO_ENTITY_RANKING,,,NOT_APPLICABLE_GLOBAL_BASELINE,HF9g-P5,,,,X 全窗基线 · 不参与实体赏罚,8397675,840,A168_HF9F_20260827_0900,2026-08-27 09:00:00
2026-08-04,54653530,1307,0,5.1370302828,-5.1370302828,-5.1370302828,0E-7,1,1,0.50665070000000000,0.506650700000,-1.013391052207602,-1.013391052207602,-1.013391052207602,0E-17,ELIGIBLE,R03b_20260811_FULL_v1,L1_ELIGIBILITY,v2026-08-11,2026-03-21..2026-08-06,baccarat_bet02_101_all_pairs_incl_sentinel,round_win = game_pnl > 0 (decisive only),COMPATIBILITY_ONLY_NOT_PRODUCTION,53571.4227,48249.4483,483.2383,5739,5738,-0.00902045,-0.00297427,-0.01061372,-0.00902045,-483.2383,53571.4227,OK,0.0000,19.3295,4.0000,96.0000,AG03-UNRESOLVED,ALL5_LEVELS_bet23_to_bet27,19.3295,19.3295,24.1619,0.0000,0.0000,4.000000,4.000000,5.000000,0.000000,0.000000,96.000000,96.000000,95.000000,100.000000,100.000000,5.0,62.8210,60.1535,420.4173,423.0848,PENDING_AG03,FALSE,NOT_FOR_ENFORCEMENT,463.9088,46319.4703,483.2383,463.9088,19.3295,0.00902045,0.00865963,19.3295,463.9088,0.00865963,19.3295,19.3295,24.1619,0.0000,0.0000,463.9088,0.00865963,62.8210,60.1535,420.4173,423.0848,0.00784779,0.00789758,0.00036082,9.3346,8.4088,0.0842,5.5545,0.2517,615.7635,65.9540,8.3255,9.6426,5.1431,5.1891,8.2617,16.7816,25.8881,44.2602,5.1891,0.0,4.9889,8.529385,1.798876,29,193,98,2,0.20855820,0.00902045,0.00297427,0E-8,0.000000,0.900656,0.000000,0.00763944,2026-03-21,2026-08-06,87,1920,882,139,0.625899,0.863400,0.891889,0.695194,,,,,,,,GLOBAL_BASELINE_NO_ENTITY_RANKING,,,NOT_APPLICABLE_GLOBAL_BASELINE,HF9g-P5,,,,X 全窗基线 · 不参与实体赏罚,8397676,840,A168_HF9F_20260827_0900,2026-08-27 09:00:00
2026-08-04,54653530,1402,0,43.1510543755,8.3733593609,8.3733593609,0.5000000,3,3,0.50665070000000000,0.506650700000,-0.018812684590367487,-0.018812684590367487,-0.018812684590367487,0E-17,ELIGIBLE,R03b_20260811_FULL_v1,L1_ELIGIBILITY,v2026-08-11,2026-03-21..2026-08-06,baccarat_bet02_101_all_pairs_incl_sentinel,round_win = game_pnl > 0 (decisive only),COMPATIBILITY_ONLY_NOT_PRODUCTION,53571.4227,48249.4483,483.2383,5739,5738,-0.00902045,-0.00297427,-0.01061372,-0.00902045,-483.2383,53571.4227,OK,0.0000,19.3295,4.0000,96.0000,AG03-UNRESOLVED,ALL5_LEVELS_bet23_to_bet27,19.3295,19.3295,24.1619,0.0000,0.0000,4.000000,4.000000,5.000000,0.000000,0.000000,96.000000,96.000000,95.000000,100.000000,100.000000,5.0,62.8210,60.1535,420.4173,423.0848,PENDING_AG03,FALSE,NOT_FOR_ENFORCEMENT,463.9088,46319.4703,483.2383,463.9088,19.3295,0.00902045,0.00865963,19.3295,463.9088,0.00865963,19.3295,19.3295,24.1619,0.0000,0.0000,463.9088,0.00865963,62.8210,60.1535,420.4173,423.0848,0.00784779,0.00789758,0.00036082,9.3346,8.4088,0.0842,5.5545,0.2517,615.7635,65.9540,8.3255,9.6426,5.1431,5.1891,8.2617,16.7816,25.8881,44.2602,5.1891,0.0,4.9889,8.529385,1.798876,29,193,98,2,0.20855820,0.00902045,0.00297427,0E-8,0.000000,0.900656,0.000000,0.00763944,2026-03-21,2026-08-06,87,1920,882,139,0.625899,0.863400,0.891889,0.695194,,,,,,,,GLOBAL_BASELINE_NO_ENTITY_RANKING,,,NOT_APPLICABLE_GLOBAL_BASELINE,HF9g-P5,,,,X 全窗基线 · 不参与实体赏罚,8397677,840,A168_HF9F_20260827_0900,2026-08-27 09:00:00
2026-08-04,54653530,1704,0,25.6851514140,19.5207150748,19.5207150748,1.0000000,5,5,0.50665070000000000,0.506650700000,1.9735717970305138,1.9735717970305138,1.9735717970305138,0E-17,ELIGIBLE,R03b_20260811_FULL_v1,L1_ELIGIBILITY,v2026-08-11,2026-03-21..2026-08-06,baccarat_bet02_101_all_pairs_incl_sentinel,round_win = game_pnl > 0 (decisive only),COMPATIBILITY_ONLY_NOT_PRODUCTION,53571.4227,48249.4483,483.2383,5739,5738,-0.00902045,-0.00297427,-0.01061372,-0.00902045,-483.2383,53571.4227,OK,0.0000,19.3295,4.0000,96.0000,AG03-UNRESOLVED,ALL5_LEVELS_bet23_to_bet27,19.3295,19.3295,24.1619,0.0000,0.0000,4.000000,4.000000,5.000000,0.000000,0.000000,96.000000,96.000000,95.000000,100.000000,100.000000,5.0,62.8210,60.1535,420.4173,423.0848,PENDING_AG03,FALSE,NOT_FOR_ENFORCEMENT,463.9088,46319.4703,483.2383,463.9088,19.3295,0.00902045,0.00865963,19.3295,463.9088,0.00865963,19.3295,19.3295,24.1619,0.0000,0.0000,463.9088,0.00865963,62.8210,60.1535,420.4173,423.0848,0.00784779,0.00789758,0.00036082,9.3346,8.4088,0.0842,5.5545,0.2517,615.7635,65.9540,8.3255,9.6426,5.1431,5.1891,8.2617,16.7816,25.8881,44.2602,5.1891,0.0,4.9889,8.529385,1.798876,29,193,98,2,0.20855820,0.00902045,0.00297427,0E-8,0.000000,0.900656,0.000000,0.00763944,2026-03-21,2026-08-06,87,1920,882,139,0.625899,0.863400,0.891889,0.695194,,,,,,,,GLOBAL_BASELINE_NO_ENTITY_RANKING,,,NOT_APPLICABLE_GLOBAL_BASELINE,HF9g-P5,,,,X 全窗基线 · 不参与实体赏罚,8397678,840,A168_HF9F_20260827_0900,2026-08-27 09:00:00
2026-08-04,54653530,2134,0,40.5825392341,-25.5567256569,-25.5567256569,0.2000000,5,5,0.50665070000000000,0.506650700000,-1.3715049547573244,-1.3715049547573244,-1.3715049547573244,0E-17,ELIGIBLE,R03b_20260811_FULL_v1,L1_ELIGIBILITY,v2026-08-11,2026-03-21..2026-08-06,baccarat_bet02_101_all_pairs_incl_sentinel,round_win = game_pnl > 0 (decisive only),COMPATIBILITY_ONLY_NOT_PRODUCTION,53571.4227,48249.4483,483.2383,5739,5738,-0.00902045,-0.00297427,-0.01061372,-0.00902045,-483.2383,53571.4227,OK,0.0000,19.3295,4.0000,96.0000,AG03-UNRESOLVED,ALL5_LEVELS_bet23_to_bet27,19.3295,19.3295,24.1619,0.0000,0.0000,4.000000,4.000000,5.000000,0.000000,0.000000,96.000000,96.000000,95.000000,100.000000,100.000000,5.0,62.8210,60.1535,420.4173,423.0848,PENDING_AG03,FALSE,NOT_FOR_ENFORCEMENT,463.9088,46319.4703,483.2383,463.9088,19.3295,0.00902045,0.00865963,19.3295,463.9088,0.00865963,19.3295,19.3295,24.1619,0.0000,0.0000,463.9088,0.00865963,62.8210,60.1535,420.4173,423.0848,0.00784779,0.00789758,0.00036082,9.3346,8.4088,0.0842,5.5545,0.2517,615.7635,65.9540,8.3255,9.6426,5.1431,5.1891,8.2617,16.7816,25.8881,44.2602,5.1891,0.0,4.9889,8.529385,1.798876,29,193,98,2,0.20855820,0.00902045,0.00297427,0E-8,0.000000,0.900656,0.000000,0.00763944,2026-03-21,2026-08-06,87,1920,882,139,0.625899,0.863400,0.891889,0.695194,,,,,,,,GLOBAL_BASELINE_NO_ENTITY_RANKING,,,NOT_APPLICABLE_GLOBAL_BASELINE,HF9g-P5,,,,X 全窗基线 · 不参与实体赏罚,8397679,840,A168_HF9F_20260827_0900,2026-08-27 09:00:00
2026-08-04,54653530,2169,0,17.9796059898,-2.9537924126,-2.9537924126,0.3333333,3,3,0.50665070000000000,0.506650700000,-0.6004420894325239,-0.6004420894325239,-0.6004420894325239,0E-17,ELIGIBLE,R03b_20260811_FULL_v1,L1_ELIGIBILITY,v2026-08-11,2026-03-21..2026-08-06,baccarat_bet02_101_all_pairs_incl_sentinel,round_win = game_pnl > 0 (decisive only),COMPATIBILITY_ONLY_NOT_PRODUCTION,53571.4227,48249.4483,483.2383,5739,5738,-0.00902045,-0.00297427,-0.01061372,-0.00902045,-483.2383,53571.4227,OK,0.0000,19.3295,4.0000,96.0000,AG03-UNRESOLVED,ALL5_LEVELS_bet23_to_bet27,19.3295,19.3295,24.1619,0.0000,0.0000,4.000000,4.000000,5.000000,0.000000,0.000000,96.000000,96.000000,95.000000,100.000000,100.000000,5.0,62.8210,60.1535,420.4173,423.0848,PENDING_AG03,FALSE,NOT_FOR_ENFORCEMENT,463.9088,46319.4703,483.2383,463.9088,19.3295,0.00902045,0.00865963,19.3295,463.9088,0.00865963,19.3295,19.3295,24.1619,0.0000,0.0000,463.9088,0.00865963,62.8210,60.1535,420.4173,423.0848,0.00784779,0.00789758,0.00036082,9.3346,8.4088,0.0842,5.5545,0.2517,615.7635,65.9540,8.3255,9.6426,5.1431,5.1891,8.2617,16.7816,25.8881,44.2602,5.1891,0.0,4.9889,8.529385,1.798876,29,193,98,2,0.20855820,0.00902045,0.00297427,0E-8,0.000000,0.900656,0.000000,0.00763944,2026-03-21,2026-08-06,87,1920,882,139,0.625899,0.863400,0.891889,0.695194,,,,,,,,GLOBAL_BASELINE_NO_ENTITY_RANKING,,,NOT_APPLICABLE_GLOBAL_BASELINE,HF9g-P5,,,,X 全窗基线 · 不参与实体赏罚,8397680,840,A168_HF9F_20260827_0900,2026-08-27 09:00:00
2026-08-06,54653530,-1,1,12.8425757070,-12.8425757070,-12.8425757070,0E-7,2,2,0.49994810000000000,0.499948100000,-1.4140667746232096,-1.4140667746232096,-1.4140667746232096,0E-17,SENTINEL_DEALER,R03b_20260811_FULL_v1,L1_ELIGIBILITY,v2026-08-11,2026-03-21..2026-08-06,baccarat_bet02_101_all_pairs_incl_sentinel,round_win = game_pnl > 0 (decisive only),COMPATIBILITY_ONLY_NOT_PRODUCTION,53571.4227,48249.4483,483.2383,5739,5738,-0.00902045,-0.00297427,-0.01061372,-0.00902045,-483.2383,53571.4227,OK,0.0000,19.3295,4.0000,96.0000,AG03-UNRESOLVED,ALL5_LEVELS_bet23_to_bet27,19.3295,19.3295,24.1619,0.0000,0.0000,4.000000,4.000000,5.000000,0.000000,0.000000,96.000000,96.000000,95.000000,100.000000,100.000000,5.0,62.8210,60.1535,420.4173,423.0848,PENDING_AG03,FALSE,NOT_FOR_ENFORCEMENT,463.9088,46319.4703,483.2383,463.9088,19.3295,0.00902045,0.00865963,19.3295,463.9088,0.00865963,19.3295,19.3295,24.1619,0.0000,0.0000,463.9088,0.00865963,62.8210,60.1535,420.4173,423.0848,0.00784779,0.00789758,0.00036082,9.3346,8.4088,0.0842,5.5545,0.2517,615.7635,65.9540,8.3255,9.6426,5.1431,5.1891,8.2617,16.7816,25.8881,44.2602,5.1891,0.0,4.9889,8.529385,1.798876,29,193,98,2,0.20855820,0.00902045,0.00297427,0E-8,0.000000,0.900656,0.000000,0.00763944,2026-03-21,2026-08-06,87,1920,882,139,0.625899,0.863400,0.891889,0.695194,,,,,,,,GLOBAL_BASELINE_NO_ENTITY_RANKING,,,NOT_APPLICABLE_GLOBAL_BASELINE,HF9g-P5,,,,X 全窗基线 · 不参与实体赏罚,8397681,840,A168_HF9F_20260827_0900,2026-08-27 09:00:00
2026-08-06,54653530,1115,0,19.2638635605,8.5403128451,8.5403128451,0.6666667,3,3,0.49771390000000000,0.497713900000,0.5852756695216578,0.5852756695216578,0.5852756695216578,0E-17,ELIGIBLE,R03b_20260811_FULL_v1,L1_ELIGIBILITY,v2026-08-11,2026-03-21..2026-08-06,baccarat_bet02_101_all_pairs_incl_sentinel,round_win = game_pnl > 0 (decisive only),COMPATIBILITY_ONLY_NOT_PRODUCTION,53571.4227,48249.4483,483.2383,5739,5738,-0.00902045,-0.00297427,-0.01061372,-0.00902045,-483.2383,53571.4227,OK,0.0000,19.3295,4.0000,96.0000,AG03-UNRESOLVED,ALL5_LEVELS_bet23_to_bet27,19.3295,19.3295,24.1619,0.0000,0.0000,4.000000,4.000000,5.000000,0.000000,0.000000,96.000000,96.000000,95.000000,100.000000,100.000000,5.0,62.8210,60.1535,420.4173,423.0848,PENDING_AG03,FALSE,NOT_FOR_ENFORCEMENT,463.9088,46319.4703,483.2383,463.9088,19.3295,0.00902045,0.00865963,19.3295,463.9088,0.00865963,19.3295,19.3295,24.1619,0.0000,0.0000,463.9088,0.00865963,62.8210,60.1535,420.4173,423.0848,0.00784779,0.00789758,0.00036082,9.3346,8.4088,0.0842,5.5545,0.2517,615.7635,65.9540,8.3255,9.6426,5.1431,5.1891,8.2617,16.7816,25.8881,44.2602,5.1891,0.0,4.9889,8.529385,1.798876,29,193,98,2,0.20855820,0.00902045,0.00297427,0E-8,0.000000,0.900656,0.000000,0.00763944,2026-03-21,2026-08-06,87,1920,882,139,0.625899,0.863400,0.891889,0.695194,,,,,,,,GLOBAL_BASELINE_NO_ENTITY_RANKING,,,NOT_APPLICABLE_GLOBAL_BASELINE,HF9g-P5,,,,X 全窗基线 · 不参与实体赏罚,8397682,840,A168_HF9F_20260827_0900,2026-08-27 09:00:00
2026-08-06,54653530,1205,0,13.3562787353,-13.3562787353,-13.3562787353,0E-7,2,2,0.49994810000000000,0.499948100000,-1.4140667746232096,-1.4140667746232096,-1.4140667746232096,0E-17,ELIGIBLE,R03b_20260811_FULL_v1,L1_ELIGIBILITY,v2026-08-11,2026-03-21..2026-08-06,baccarat_bet02_101_all_pairs_incl_sentinel,round_win = game_pnl > 0 (decisive only),COMPATIBILITY_ONLY_NOT_PRODUCTION,53571.4227,48249.4483,483.2383,5739,5738,-0.00902045,-0.00297427,-0.01061372,-0.00902045,-483.2383,53571.4227,OK,0.0000,19.3295,4.0000,96.0000,AG03-UNRESOLVED,ALL5_LEVELS_bet23_to_bet27,19.3295,19.3295,24.1619,0.0000,0.0000,4.000000,4.000000,5.000000,0.000000,0.000000,96.000000,96.000000,95.000000,100.000000,100.000000,5.0,62.8210,60.1535,420.4173,423.0848,PENDING_AG03,FALSE,NOT_FOR_ENFORCEMENT,463.9088,46319.4703,483.2383,463.9088,19.3295,0.00902045,0.00865963,19.3295,463.9088,0.00865963,19.3295,19.3295,24.1619,0.0000,0.0000,463.9088,0.00865963,62.8210,60.1535,420.4173,423.0848,0.00784779,0.00789758,0.00036082,9.3346,8.4088,0.0842,5.5545,0.2517,615.7635,65.9540,8.3255,9.6426,5.1431,5.1891,8.2617,16.7816,25.8881,44.2602,5.1891,0.0,4.9889,8.529385,1.798876,29,193,98,2,0.20855820,0.00902045,0.00297427,0E-8,0.000000,0.900656,0.000000,0.00763944,2026-03-21,2026-08-06,87,1920,882,139,0.625899,0.863400,0.891889,0.695194,,,,,,,,GLOBAL_BASELINE_NO_ENTITY_RANKING,,,NOT_APPLICABLE_GLOBAL_BASELINE,HF9g-P5,,,,X 全窗基线 · 不参与实体赏罚,8397683,840,A168_HF9F_20260827_0900,2026-08-27 09:00:00
2026-08-06,54653530,1325,0,10.2740605656,9.7603575374,9.7603575374,1.0000000,2,2,0.50665070000000000,0.506650700000,1.3955260008387969,1.3955260008387969,1.3955260008387969,0E-17,ELIGIBLE,R03b_20260811_FULL_v1,L1_ELIGIBILITY,v2026-08-11,2026-03-21..2026-08-06,baccarat_bet02_101_all_pairs_incl_sentinel,round_win = game_pnl > 0 (decisive only),COMPATIBILITY_ONLY_NOT_PRODUCTION,53571.4227,48249.4483,483.2383,5739,5738,-0.00902045,-0.00297427,-0.01061372,-0.00902045,-483.2383,53571.4227,OK,0.0000,19.3295,4.0000,96.0000,AG03-UNRESOLVED,ALL5_LEVELS_bet23_to_bet27,19.3295,19.3295,24.1619,0.0000,0.0000,4.000000,4.000000,5.000000,0.000000,0.000000,96.000000,96.000000,95.000000,100.000000,100.000000,5.0,62.8210,60.1535,420.4173,423.0848,PENDING_AG03,FALSE,NOT_FOR_ENFORCEMENT,463.9088,46319.4703,483.2383,463.9088,19.3295,0.00902045,0.00865963,19.3295,463.9088,0.00865963,19.3295,19.3295,24.1619,0.0000,0.0000,463.9088,0.00865963,62.8210,60.1535,420.4173,423.0848,0.00784779,0.00789758,0.00036082,9.3346,8.4088,0.0842,5.5545,0.2517,615.7635,65.9540,8.3255,9.6426,5.1431,5.1891,8.2617,16.7816,25.8881,44.2602,5.1891,0.0,4.9889,8.529385,1.798876,29,193,98,2,0.20855820,0.00902045,0.00297427,0E-8,0.000000,0.900656,0.000000,0.00763944,2026-03-21,2026-08-06,87,1920,882,139,0.625899,0.863400,0.891889,0.695194,,,,,,,,GLOBAL_BASELINE_NO_ENTITY_RANKING,,,NOT_APPLICABLE_GLOBAL_BASELINE,HF9g-P5,,,,X 全窗基线 · 不参与实体赏罚,8397684,840,A168_HF9F_20260827_0900,2026-08-27 09:00:00
2026-08-06,54653530,1383,0,16.6953484191,16.6953484191,16.6953484191,1.0000000,1,1,0.49324550000000000,0.493245500000,1.01360149184955,1.01360149184955,1.01360149184955,0E-17,ELIGIBLE,R03b_20260811_FULL_v1,L1_ELIGIBILITY,v2026-08-11,2026-03-21..2026-08-06,baccarat_bet02_101_all_pairs_incl_sentinel,round_win = game_pnl > 0 (decisive only),COMPATIBILITY_ONLY_NOT_PRODUCTION,53571.4227,48249.4483,483.2383,5739,5738,-0.00902045,-0.00297427,-0.01061372,-0.00902045,-483.2383,53571.4227,OK,0.0000,19.3295,4.0000,96.0000,AG03-UNRESOLVED,ALL5_LEVELS_bet23_to_bet27,19.3295,19.3295,24.1619,0.0000,0.0000,4.000000,4.000000,5.000000,0.000000,0.000000,96.000000,96.000000,95.000000,100.000000,100.000000,5.0,62.8210,60.1535,420.4173,423.0848,PENDING_AG03,FALSE,NOT_FOR_ENFORCEMENT,463.9088,46319.4703,483.2383,463.9088,19.3295,0.00902045,0.00865963,19.3295,463.9088,0.00865963,19.3295,19.3295,24.1619,0.0000,0.0000,463.9088,0.00865963,62.8210,60.1535,420.4173,423.0848,0.00784779,0.00789758,0.00036082,9.3346,8.4088,0.0842,5.5545,0.2517,615.7635,65.9540,8.3255,9.6426,5.1431,5.1891,8.2617,16.7816,25.8881,44.2602,5.1891,0.0,4.9889,8.529385,1.798876,29,193,98,2,0.20855820,0.00902045,0.00297427,0E-8,0.000000,0.900656,0.000000,0.00763944,2026-03-21,2026-08-06,87,1920,882,139,0.625899,0.863400,0.891889,0.695194,,,,,,,,GLOBAL_BASELINE_NO_ENTITY_RANKING,,,NOT_APPLICABLE_GLOBAL_BASELINE,HF9g-P5,,,,X 全窗基线 · 不参与实体赏罚,8397685,840,A168_HF9F_20260827_0900,2026-08-27 09:00:00
2026-08-06,54653530,1646,0,34.6749544089,8.1550355739,8.1550355739,0.5000000,4,4,0.49994810000000000,0.499948100000,0.00020760000111838688,0.00020760000111838688,0.00020760000111838688,0E-17,ELIGIBLE,R03b_20260811_FULL_v1,L1_ELIGIBILITY,v2026-08-11,2026-03-21..2026-08-06,baccarat_bet02_101_all_pairs_incl_sentinel,round_win = game_pnl > 0 (decisive only),COMPATIBILITY_ONLY_NOT_PRODUCTION,53571.4227,48249.4483,483.2383,5739,5738,-0.00902045,-0.00297427,-0.01061372,-0.00902045,-483.2383,53571.4227,OK,0.0000,19.3295,4.0000,96.0000,AG03-UNRESOLVED,ALL5_LEVELS_bet23_to_bet27,19.3295,19.3295,24.1619,0.0000,0.0000,4.000000,4.000000,5.000000,0.000000,0.000000,96.000000,96.000000,95.000000,100.000000,100.000000,5.0,62.8210,60.1535,420.4173,423.0848,PENDING_AG03,FALSE,NOT_FOR_ENFORCEMENT,463.9088,46319.4703,483.2383,463.9088,19.3295,0.00902045,0.00865963,19.3295,463.9088,0.00865963,19.3295,19.3295,24.1619,0.0000,0.0000,463.9088,0.00865963,62.8210,60.1535,420.4173,423.0848,0.00784779,0.00789758,0.00036082,9.3346,8.4088,0.0842,5.5545,0.2517,615.7635,65.9540,8.3255,9.6426,5.1431,5.1891,8.2617,16.7816,25.8881,44.2602,5.1891,0.0,4.9889,8.529385,1.798876,29,193,98,2,0.20855820,0.00902045,0.00297427,0E-8,0.000000,0.900656,0.000000,0.00763944,2026-03-21,2026-08-06,87,1920,882,139,0.625899,0.863400,0.891889,0.695194,,,,,,,,GLOBAL_BASELINE_NO_ENTITY_RANKING,,,NOT_APPLICABLE_GLOBAL_BASELINE,HF9g-P5,,,,X 全窗基线 · 不参与实体赏罚,8397686,840,A168_HF9F_20260827_0900,2026-08-27 09:00:00
2026-08-06,54653530,2101,0,43.6647574038,-5.9075848252,-5.9075848252,0.2500000,5,5,0.50128862000000000,0.501288620000,-1.0051578182180947,-1.0051578182180947,-1.0051578182180947,0E-17,ELIGIBLE,R03b_20260811_FULL_v1,L1_ELIGIBILITY,v2026-08-11,2026-03-21..2026-08-06,baccarat_bet02_101_all_pairs_incl_sentinel,round_win = game_pnl > 0 (decisive only),COMPATIBILITY_ONLY_NOT_PRODUCTION,53571.4227,48249.4483,483.2383,5739,5738,-0.00902045,-0.00297427,-0.01061372,-0.00902045,-483.2383,53571.4227,OK,0.0000,19.3295,4.0000,96.0000,AG03-UNRESOLVED,ALL5_LEVELS_bet23_to_bet27,19.3295,19.3295,24.1619,0.0000,0.0000,4.000000,4.000000,5.000000,0.000000,0.000000,96.000000,96.000000,95.000000,100.000000,100.000000,5.0,62.8210,60.1535,420.4173,423.0848,PENDING_AG03,FALSE,NOT_FOR_ENFORCEMENT,463.9088,46319.4703,483.2383,463.9088,19.3295,0.00902045,0.00865963,19.3295,463.9088,0.00865963,19.3295,19.3295,24.1619,0.0000,0.0000,463.9088,0.00865963,62.8210,60.1535,420.4173,423.0848,0.00784779,0.00789758,0.00036082,9.3346,8.4088,0.0842,5.5545,0.2517,615.7635,65.9540,8.3255,9.6426,5.1431,5.1891,8.2617,16.7816,25.8881,44.2602,5.1891,0.0,4.9889,8.529385,1.798876,29,193,98,2,0.20855820,0.00902045,0.00297427,0E-8,0.000000,0.900656,0.000000,0.00763944,2026-03-21,2026-08-06,87,1920,882,139,0.625899,0.863400,0.891889,0.695194,,,,,,,,GLOBAL_BASELINE_NO_ENTITY_RANKING,,,NOT_APPLICABLE_GLOBAL_BASELINE,HF9g-P5,,,,X 全窗基线 · 不参与实体赏罚,8397687,840,A168_HF9F_20260827_0900,2026-08-27 09:00:00
2026-08-06,54653530,2108,0,15.4110908484,14.6405363060,14.6405363060,1.0000000,1,1,0.50665070000000000,0.506650700000,0.9867858985152569,0.9867858985152569,0.9867858985152569,0E-17,ELIGIBLE,R03b_20260811_FULL_v1,L1_ELIGIBILITY,v2026-08-11,2026-03-21..2026-08-06,baccarat_bet02_101_all_pairs_incl_sentinel,round_win = game_pnl > 0 (decisive only),COMPATIBILITY_ONLY_NOT_PRODUCTION,53571.4227,48249.4483,483.2383,5739,5738,-0.00902045,-0.00297427,-0.01061372,-0.00902045,-483.2383,53571.4227,OK,0.0000,19.3295,4.0000,96.0000,AG03-UNRESOLVED,ALL5_LEVELS_bet23_to_bet27,19.3295,19.3295,24.1619,0.0000,0.0000,4.000000,4.000000,5.000000,0.000000,0.000000,96.000000,96.000000,95.000000,100.000000,100.000000,5.0,62.8210,60.1535,420.4173,423.0848,PENDING_AG03,FALSE,NOT_FOR_ENFORCEMENT,463.9088,46319.4703,483.2383,463.9088,19.3295,0.00902045,0.00865963,19.3295,463.9088,0.00865963,19.3295,19.3295,24.1619,0.0000,0.0000,463.9088,0.00865963,62.8210,60.1535,420.4173,423.0848,0.00784779,0.00789758,0.00036082,9.3346,8.4088,0.0842,5.5545,0.2517,615.7635,65.9540,8.3255,9.6426,5.1431,5.1891,8.2617,16.7816,25.8881,44.2602,5.1891,0.0,4.9889,8.529385,1.798876,29,193,98,2,0.20855820,0.00902045,0.00297427,0E-8,0.000000,0.900656,0.000000,0.00763944,2026-03-21,2026-08-06,87,1920,882,139,0.625899,0.863400,0.891889,0.695194,,,,,,,,GLOBAL_BASELINE_NO_ENTITY_RANKING,,,NOT_APPLICABLE_GLOBAL_BASELINE,HF9g-P5,,,,X 全窗基线 · 不参与实体赏罚,8397688,840,A168_HF9F_20260827_0900,2026-08-27 09:00:00
2026-08-06,54653530,2196,0,17.9796059898,-2.5685151414,-2.5685151414,0.3333333,3,3,0.49771390000000000,0.497713900000,-0.5694369385616226,-0.5694369385616226,-0.5694369385616226,0E-17,ELIGIBLE,R03b_20260811_FULL_v1,L1_ELIGIBILITY,v2026-08-11,2026-03-21..2026-08-06,baccarat_bet02_101_all_pairs_incl_sentinel,round_win = game_pnl > 0 (decisive only),COMPATIBILITY_ONLY_NOT_PRODUCTION,53571.4227,48249.4483,483.2383,5739,5738,-0.00902045,-0.00297427,-0.01061372,-0.00902045,-483.2383,53571.4227,OK,0.0000,19.3295,4.0000,96.0000,AG03-UNRESOLVED,ALL5_LEVELS_bet23_to_bet27,19.3295,19.3295,24.1619,0.0000,0.0000,4.000000,4.000000,5.000000,0.000000,0.000000,96.000000,96.000000,95.000000,100.000000,100.000000,5.0,62.8210,60.1535,420.4173,423.0848,PENDING_AG03,FALSE,NOT_FOR_ENFORCEMENT,463.9088,46319.4703,483.2383,463.9088,19.3295,0.00902045,0.00865963,19.3295,463.9088,0.00865963,19.3295,19.3295,24.1619,0.0000,0.0000,463.9088,0.00865963,62.8210,60.1535,420.4173,423.0848,0.00784779,0.00789758,0.00036082,9.3346,8.4088,0.0842,5.5545,0.2517,615.7635,65.9540,8.3255,9.6426,5.1431,5.1891,8.2617,16.7816,25.8881,44.2602,5.1891,0.0,4.9889,8.529385,1.798876,29,193,98,2,0.20855820,0.00902045,0.00297427,0E-8,0.000000,0.900656,0.000000,0.00763944,2026-03-21,2026-08-06,87,1920,882,139,0.625899,0.863400,0.891889,0.695194,,,,,,,,GLOBAL_BASELINE_NO_ENTITY_RANKING,,,NOT_APPLICABLE_GLOBAL_BASELINE,HF9g-P5,,,,X 全窗基线 · 不参与实体赏罚,8397689,840,A168_HF9F_20260827_0900,2026-08-27 09:00:00
2026-03-24,129740297,-1,1,493.6614138569,12.2149837133,12.2149837133,0.5454545,12,12,0.50553360000000000,0.505533600000,0.26482181326851556,0.26482181326851556,0.26482181326851556,0E-17,SENTINEL_DEALER,R03b_20260811_FULL_v1,L1_ELIGIBILITY,v2026-08-11,2026-03-21..2026-08-06,baccarat_bet02_101_all_pairs_incl_sentinel,round_win = game_pnl > 0 (decisive only),COMPATIBILITY_ONLY_NOT_PRODUCTION,42404.8770,37633.9694,483.2517,2200,2196,-0.01139613,0.00825174,-0.01739291,-0.01139613,-483.2517,42404.8770,OK,0.0000,19.3301,4.0000,96.0000,AG03-UNRESOLVED,ALL5_LEVELS_bet23_to_bet27,19.3301,19.3301,19.3301,24.1626,24.1626,4.000000,4.000000,4.000000,5.000000,5.000000,96.000000,96.000000,96.000000,95.000000,95.000000,5.0,106.3154,97.3877,376.9363,385.864,PENDING_AG03,FALSE,NOT_FOR_ENFORCEMENT,463.9216,36128.6106,483.2517,463.9216,19.3301,0.01139613,0.01094029,19.3301,463.9216,0.01094029,19.3301,19.3301,19.3301,24.1626,24.1626,463.9216,0.01094029,106.3154,97.3877,376.9363,385.864,0.00888898,0.00909952,0.00045585,19.2749,17.1375,0.2201,5.7530,0.6409,504.8200,26.1429,7.1751,39.7174,2.9515,6.1317,20.2037,44.018,88.0359,220.0898,5.1098,0.0,14.357485,35.893712,3.143486,29,158,125,3,0.23384124,0.01139613,-0.00825174,0E-8,0.000000,0.887492,0.846818,0.02564465,2026-03-24,2026-08-06,84,754,547,136,0.617647,0.180654,0.372251,0.779471,,,,,,,,GLOBAL_BASELINE_NO_ENTITY_RANKING,,,NOT_APPLICABLE_GLOBAL_BASELINE,HF9g-P5,,,,X 全窗基线 · 不参与实体赏罚,8397690,840,A168_HF9F_20260827_0900,2026-08-27 09:00:00
2026-03-24,129740297,1094,0,88.0359186548,88.0359186548,88.0359186548,1.0000000,3,3,0.50665070000000000,0.506650700000,1.7091633124209307,1.7091633124209307,1.7091633124209307,0E-17,ELIGIBLE,R03b_20260811_FULL_v1,L1_ELIGIBILITY,v2026-08-11,2026-03-21..2026-08-06,baccarat_bet02_101_all_pairs_incl_sentinel,round_win = game_pnl > 0 (decisive only),COMPATIBILITY_ONLY_NOT_PRODUCTION,42404.8770,37633.9694,483.2517,2200,2196,-0.01139613,0.00825174,-0.01739291,-0.01139613,-483.2517,42404.8770,OK,0.0000,19.3301,4.0000,96.0000,AG03-UNRESOLVED,ALL5_LEVELS_bet23_to_bet27,19.3301,19.3301,19.3301,24.1626,24.1626,4.000000,4.000000,4.000000,5.000000,5.000000,96.000000,96.000000,96.000000,95.000000,95.000000,5.0,106.3154,97.3877,376.9363,385.864,PENDING_AG03,FALSE,NOT_FOR_ENFORCEMENT,463.9216,36128.6106,483.2517,463.9216,19.3301,0.01139613,0.01094029,19.3301,463.9216,0.01094029,19.3301,19.3301,19.3301,24.1626,24.1626,463.9216,0.01094029,106.3154,97.3877,376.9363,385.864,0.00888898,0.00909952,0.00045585,19.2749,17.1375,0.2201,5.7530,0.6409,504.8200,26.1429,7.1751,39.7174,2.9515,6.1317,20.2037,44.018,88.0359,220.0898,5.1098,0.0,14.357485,35.893712,3.143486,29,158,125,3,0.23384124,0.01139613,-0.00825174,0E-8,0.000000,0.887492,0.846818,0.02564465,2026-03-24,2026-08-06,84,754,547,136,0.617647,0.180654,0.372251,0.779471,,,,,,,,GLOBAL_BASELINE_NO_ENTITY_RANKING,,,NOT_APPLICABLE_GLOBAL_BASELINE,HF9g-P5,,,,X 全窗基线 · 不参与实体赏罚,8397691,840,A168_HF9F_20260827_0900,2026-08-27 09:00:00
2026-03-24,129740297,2153,0,133.3744167620,-133.3744167620,-133.3744167620,0E-7,2,2,0.50665070000000000,0.506650700000,-1.4331513700195317,-1.4331513700195317,-1.4331513700195317,0E-17,ELIGIBLE,R03b_20260811_FULL_v1,L1_ELIGIBILITY,v2026-08-11,2026-03-21..2026-08-06,baccarat_bet02_101_all_pairs_incl_sentinel,round_win = game_pnl > 0 (decisive only),COMPATIBILITY_ONLY_NOT_PRODUCTION,42404.8770,37633.9694,483.2517,2200,2196,-0.01139613,0.00825174,-0.01739291,-0.01139613,-483.2517,42404.8770,OK,0.0000,19.3301,4.0000,96.0000,AG03-UNRESOLVED,ALL5_LEVELS_bet23_to_bet27,19.3301,19.3301,19.3301,24.1626,24.1626,4.000000,4.000000,4.000000,5.000000,5.000000,96.000000,96.000000,96.000000,95.000000,95.000000,5.0,106.3154,97.3877,376.9363,385.864,PENDING_AG03,FALSE,NOT_FOR_ENFORCEMENT,463.9216,36128.6106,483.2517,463.9216,19.3301,0.01139613,0.01094029,19.3301,463.9216,0.01094029,19.3301,19.3301,19.3301,24.1626,24.1626,463.9216,0.01094029,106.3154,97.3877,376.9363,385.864,0.00888898,0.00909952,0.00045585,19.2749,17.1375,0.2201,5.7530,0.6409,504.8200,26.1429,7.1751,39.7174,2.9515,6.1317,20.2037,44.018,88.0359,220.0898,5.1098,0.0,14.357485,35.893712,3.143486,29,158,125,3,0.23384124,0.01139613,-0.00825174,0E-8,0.000000,0.887492,0.846818,0.02564465,2026-03-24,2026-08-06,84,754,547,136,0.617647,0.180654,0.372251,0.779471,,,,,,,,GLOBAL_BASELINE_NO_ENTITY_RANKING,,,NOT_APPLICABLE_GLOBAL_BASELINE,HF9g-P5,,,,X 全窗基线 · 不参与实体赏罚,8397692,840,A168_HF9F_20260827_0900,2026-08-27 09:00:00
2026-03-24,129740297,2244,0,198.0808169733,-198.0808169733,-198.0808169733,0E-7,2,2,0.49324550000000000,0.493245500000,-1.3952362676504506,-1.3952362676504506,-1.3952362676504506,0E-17,ELIGIBLE,R03b_20260811_FULL_v1,L1_ELIGIBILITY,v2026-08-11,2026-03-21..2026-08-06,baccarat_bet02_101_all_pairs_incl_sentinel,round_win = game_pnl > 0 (decisive only),COMPATIBILITY_ONLY_NOT_PRODUCTION,42404.8770,37633.9694,483.2517,2200,2196,-0.01139613,0.00825174,-0.01739291,-0.01139613,-483.2517,42404.8770,OK,0.0000,19.3301,4.0000,96.0000,AG03-UNRESOLVED,ALL5_LEVELS_bet23_to_bet27,19.3301,19.3301,19.3301,24.1626,24.1626,4.000000,4.000000,4.000000,5.000000,5.000000,96.000000,96.000000,96.000000,95.000000,95.000000,5.0,106.3154,97.3877,376.9363,385.864,PENDING_AG03,FALSE,NOT_FOR_ENFORCEMENT,463.9216,36128.6106,483.2517,463.9216,19.3301,0.01139613,0.01094029,19.3301,463.9216,0.01094029,19.3301,19.3301,19.3301,24.1626,24.1626,463.9216,0.01094029,106.3154,97.3877,376.9363,385.864,0.00888898,0.00909952,0.00045585,19.2749,17.1375,0.2201,5.7530,0.6409,504.8200,26.1429,7.1751,39.7174,2.9515,6.1317,20.2037,44.018,88.0359,220.0898,5.1098,0.0,14.357485,35.893712,3.143486,29,158,125,3,0.23384124,0.01139613,-0.00825174,0E-8,0.000000,0.887492,0.846818,0.02564465,2026-03-24,2026-08-06,84,754,547,136,0.617647,0.180654,0.372251,0.779471,,,,,,,,GLOBAL_BASELINE_NO_ENTITY_RANKING,,,NOT_APPLICABLE_GLOBAL_BASELINE,HF9g-P5,,,,X 全窗基线 · 不参与实体赏罚,8397693,840,A168_HF9F_20260827_0900,2026-08-27 09:00:00
2026-03-27,129740297,-1,1,2547.0992164802,-306.1449071222,-306.1449071222,0.5588235,37,37,0.49614392162162162,0.496143921622,0.7309852944858676,0.7309852944814508,0.7309852944858676,-3.7838E-13,SENTINEL_DEALER,R03b_20260811_FULL_v1,L1_ELIGIBILITY,v2026-08-11,2026-03-21..2026-08-06,baccarat_bet02_101_all_pairs_incl_sentinel,round_win = game_pnl > 0 (decisive only),COMPATIBILITY_ONLY_NOT_PRODUCTION,42404.8770,37633.9694,483.2517,2200,2196,-0.01139613,0.00825174,-0.01739291,-0.01139613,-483.2517,42404.8770,OK,0.0000,19.3301,4.0000,96.0000,AG03-UNRESOLVED,ALL5_LEVELS_bet23_to_bet27,19.3301,19.3301,19.3301,24.1626,24.1626,4.000000,4.000000,4.000000,5.000000,5.000000,96.000000,96.000000,96.000000,95.000000,95.000000,5.0,106.3154,97.3877,376.9363,385.864,PENDING_AG03,FALSE,NOT_FOR_ENFORCEMENT,463.9216,36128.6106,483.2517,463.9216,19.3301,0.01139613,0.01094029,19.3301,463.9216,0.01094029,19.3301,19.3301,19.3301,24.1626,24.1626,463.9216,0.01094029,106.3154,97.3877,376.9363,385.864,0.00888898,0.00909952,0.00045585,19.2749,17.1375,0.2201,5.7530,0.6409,504.8200,26.1429,7.1751,39.7174,2.9515,6.1317,20.2037,44.018,88.0359,220.0898,5.1098,0.0,14.357485,35.893712,3.143486,29,158,125,3,0.23384124,0.01139613,-0.00825174,0E-8,0.000000,0.887492,0.846818,0.02564465,2026-03-24,2026-08-06,84,754,547,136,0.617647,0.180654,0.372251,0.779471,,,,,,,,GLOBAL_BASELINE_NO_ENTITY_RANKING,,,NOT_APPLICABLE_GLOBAL_BASELINE,HF9g-P5,,,,X 全窗基线 · 不参与实体赏罚,8397694,840,A168_HF9F_20260827_0900,2026-08-27 09:00:00
2026-03-27,129740297,1210,0,11.0044898319,11.0044898319,11.0044898319,1.0000000,1,1,0.50665070000000000,0.506650700000,0.9867858985152569,0.9867858985152569,0.9867858985152569,0E-17,ELIGIBLE,R03b_20260811_FULL_v1,L1_ELIGIBILITY,v2026-08-11,2026-03-21..2026-08-06,baccarat_bet02_101_all_pairs_incl_sentinel,round_win = game_pnl > 0 (decisive only),COMPATIBILITY_ONLY_NOT_PRODUCTION,42404.8770,37633.9694,483.2517,2200,2196,-0.01139613,0.00825174,-0.01739291,-0.01139613,-483.2517,42404.8770,OK,0.0000,19.3301,4.0000,96.0000,AG03-UNRESOLVED,ALL5_LEVELS_bet23_to_bet27,19.3301,19.3301,19.3301,24.1626,24.1626,4.000000,4.000000,4.000000,5.000000,5.000000,96.000000,96.000000,96.000000,95.000000,95.000000,5.0,106.3154,97.3877,376.9363,385.864,PENDING_AG03,FALSE,NOT_FOR_ENFORCEMENT,463.9216,36128.6106,483.2517,463.9216,19.3301,0.01139613,0.01094029,19.3301,463.9216,0.01094029,19.3301,19.3301,19.3301,24.1626,24.1626,463.9216,0.01094029,106.3154,97.3877,376.9363,385.864,0.00888898,0.00909952,0.00045585,19.2749,17.1375,0.2201,5.7530,0.6409,504.8200,26.1429,7.1751,39.7174,2.9515,6.1317,20.2037,44.018,88.0359,220.0898,5.1098,0.0,14.357485,35.893712,3.143486,29,158,125,3,0.23384124,0.01139613,-0.00825174,0E-8,0.000000,0.887492,0.846818,0.02564465,2026-03-24,2026-08-06,84,754,547,136,0.617647,0.180654,0.372251,0.779471,,,,,,,,GLOBAL_BASELINE_NO_ENTITY_RANKING,,,NOT_APPLICABLE_GLOBAL_BASELINE,HF9g-P5,,,,X 全窗基线 · 不参与实体赏罚,8397695,840,A168_HF9F_20260827_0900,2026-08-27 09:00:00
2026-03-27,129740297,1354,0,132.0538779822,110.0448983185,110.0448983185,1.0000000,2,2,0.50665070000000000,0.506650700000,0.9867858985152569,0.9867858985152569,0.9867858985152569,0E-17,ELIGIBLE,R03b_20260811_FULL_v1,L1_ELIGIBILITY,v2026-08-11,2026-03-21..2026-08-06,baccarat_bet02_101_all_pairs_incl_sentinel,round_win = game_pnl > 0 (decisive only),COMPATIBILITY_ONLY_NOT_PRODUCTION,42404.8770,37633.9694,483.2517,2200,2196,-0.01139613,0.00825174,-0.01739291,-0.01139613,-483.2517,42404.8770,OK,0.0000,19.3301,4.0000,96.0000,AG03-UNRESOLVED,ALL5_LEVELS_bet23_to_bet27,19.3301,19.3301,19.3301,24.1626,24.1626,4.000000,4.000000,4.000000,5.000000,5.000000,96.000000,96.000000,96.000000,95.000000,95.000000,5.0,106.3154,97.3877,376.9363,385.864,PENDING_AG03,FALSE,NOT_FOR_ENFORCEMENT,463.9216,36128.6106,483.2517,463.9216,19.3301,0.01139613,0.01094029,19.3301,463.9216,0.01094029,19.3301,19.3301,19.3301,24.1626,24.1626,463.9216,0.01094029,106.3154,97.3877,376.9363,385.864,0.00888898,0.00909952,0.00045585,19.2749,17.1375,0.2201,5.7530,0.6409,504.8200,26.1429,7.1751,39.7174,2.9515,6.1317,20.2037,44.018,88.0359,220.0898,5.1098,0.0,14.357485,35.893712,3.143486,29,158,125,3,0.23384124,0.01139613,-0.00825174,0E-8,0.000000,0.887492,0.846818,0.02564465,2026-03-24,2026-08-06,84,754,547,136,0.617647,0.180654,0.372251,0.779471,,,,,,,,GLOBAL_BASELINE_NO_ENTITY_RANKING,,,NOT_APPLICABLE_GLOBAL_BASELINE,HF9g-P5,,,,X 全窗基线 · 不参与实体赏罚,8397696,840,A168_HF9F_20260827_0900,2026-08-27 09:00:00
2026-03-27,129740297,1384,0,88.0359186548,-44.0179593274,-44.0179593274,0.3333333,3,3,0.49324550000000000,0.493245500000,-0.5540025479526107,-0.5540025479526106,-0.5540025479526107,0E-17,ELIGIBLE,R03b_20260811_FULL_v1,L1_ELIGIBILITY,v2026-08-11,2026-03-21..2026-08-06,baccarat_bet02_101_all_pairs_incl_sentinel,round_win = game_pnl > 0 (decisive only),COMPATIBILITY_ONLY_NOT_PRODUCTION,42404.8770,37633.9694,483.2517,2200,2196,-0.01139613,0.00825174,-0.01739291,-0.01139613,-483.2517,42404.8770,OK,0.0000,19.3301,4.0000,96.0000,AG03-UNRESOLVED,ALL5_LEVELS_bet23_to_bet27,19.3301,19.3301,19.3301,24.1626,24.1626,4.000000,4.000000,4.000000,5.000000,5.000000,96.000000,96.000000,96.000000,95.000000,95.000000,5.0,106.3154,97.3877,376.9363,385.864,PENDING_AG03,FALSE,NOT_FOR_ENFORCEMENT,463.9216,36128.6106,483.2517,463.9216,19.3301,0.01139613,0.01094029,19.3301,463.9216,0.01094029,19.3301,19.3301,19.3301,24.1626,24.1626,463.9216,0.01094029,106.3154,97.3877,376.9363,385.864,0.00888898,0.00909952,0.00045585,19.2749,17.1375,0.2201,5.7530,0.6409,504.8200,26.1429,7.1751,39.7174,2.9515,6.1317,20.2037,44.018,88.0359,220.0898,5.1098,0.0,14.357485,35.893712,3.143486,29,158,125,3,0.23384124,0.01139613,-0.00825174,0E-8,0.000000,0.887492,0.846818,0.02564465,2026-03-24,2026-08-06,84,754,547,136,0.617647,0.180654,0.372251,0.779471,,,,,,,,GLOBAL_BASELINE_NO_ENTITY_RANKING,,,NOT_APPLICABLE_GLOBAL_BASELINE,HF9g-P5,,,,X 全窗基线 · 不参与实体赏罚,8397697,840,A168_HF9F_20260827_0900,2026-08-27 09:00:00
2026-03-27,129740297,1402,0,121.0493881505,11.0044898318,11.0044898318,0.5000000,7,7,0.50665070000000000,0.506650700000,-0.032584525537284574,-0.032584525537284574,-0.032584525537284574,0E-17,ELIGIBLE,R03b_20260811_FULL_v1,L1_ELIGIBILITY,v2026-08-11,2026-03-21..2026-08-06,baccarat_bet02_101_all_pairs_incl_sentinel,round_win = game_pnl > 0 (decisive only),COMPATIBILITY_ONLY_NOT_PRODUCTION,42404.8770,37633.9694,483.2517,2200,2196,-0.01139613,0.00825174,-0.01739291,-0.01139613,-483.2517,42404.8770,OK,0.0000,19.3301,4.0000,96.0000,AG03-UNRESOLVED,ALL5_LEVELS_bet23_to_bet27,19.3301,19.3301,19.3301,24.1626,24.1626,4.000000,4.000000,4.000000,5.000000,5.000000,96.000000,96.000000,96.000000,95.000000,95.000000,5.0,106.3154,97.3877,376.9363,385.864,PENDING_AG03,FALSE,NOT_FOR_ENFORCEMENT,463.9216,36128.6106,483.2517,463.9216,19.3301,0.01139613,0.01094029,19.3301,463.9216,0.01094029,19.3301,19.3301,19.3301,24.1626,24.1626,463.9216,0.01094029,106.3154,97.3877,376.9363,385.864,0.00888898,0.00909952,0.00045585,19.2749,17.1375,0.2201,5.7530,0.6409,504.8200,26.1429,7.1751,39.7174,2.9515,6.1317,20.2037,44.018,88.0359,220.0898,5.1098,0.0,14.357485,35.893712,3.143486,29,158,125,3,0.23384124,0.01139613,-0.00825174,0E-8,0.000000,0.887492,0.846818,0.02564465,2026-03-24,2026-08-06,84,754,547,136,0.617647,0.180654,0.372251,0.779471,,,,,,,,GLOBAL_BASELINE_NO_ENTITY_RANKING,,,NOT_APPLICABLE_GLOBAL_BASELINE,HF9g-P5,,,,X 全窗基线 · 不参与实体赏罚,8397698,840,A168_HF9F_20260827_0900,2026-08-27 09:00:00
2026-03-27,129740297,1654,0,88.0359186548,0E-10,0E-10,0.3333333,3,3,0.49324550000000000,0.493245500000,-0.5540025479526107,-0.5540025479526106,-0.5540025479526107,0E-17,ELIGIBLE,R03b_20260811_FULL_v1,L1_ELIGIBILITY,v2026-08-11,2026-03-21..2026-08-06,baccarat_bet02_101_all_pairs_incl_sentinel,round_win = game_pnl > 0 (decisive only),COMPATIBILITY_ONLY_NOT_PRODUCTION,42404.8770,37633.9694,483.2517,2200,2196,-0.01139613,0.00825174,-0.01739291,-0.01139613,-483.2517,42404.8770,OK,0.0000,19.3301,4.0000,96.0000,AG03-UNRESOLVED,ALL5_LEVELS_bet23_to_bet27,19.3301,19.3301,19.3301,24.1626,24.1626,4.000000,4.000000,4.000000,5.000000,5.000000,96.000000,96.000000,96.000000,95.000000,95.000000,5.0,106.3154,97.3877,376.9363,385.864,PENDING_AG03,FALSE,NOT_FOR_ENFORCEMENT,463.9216,36128.6106,483.2517,463.9216,19.3301,0.01139613,0.01094029,19.3301,463.9216,0.01094029,19.3301,19.3301,19.3301,24.1626,24.1626,463.9216,0.01094029,106.3154,97.3877,376.9363,385.864,0.00888898,0.00909952,0.00045585,19.2749,17.1375,0.2201,5.7530,0.6409,504.8200,26.1429,7.1751,39.7174,2.9515,6.1317,20.2037,44.018,88.0359,220.0898,5.1098,0.0,14.357485,35.893712,3.143486,29,158,125,3,0.23384124,0.01139613,-0.00825174,0E-8,0.000000,0.887492,0.846818,0.02564465,2026-03-24,2026-08-06,84,754,547,136,0.617647,0.180654,0.372251,0.779471,,,,,,,,GLOBAL_BASELINE_NO_ENTITY_RANKING,,,NOT_APPLICABLE_GLOBAL_BASELINE,HF9g-P5,,,,X 全窗基线 · 不参与实体赏罚,8397699,840,A168_HF9F_20260827_0900,2026-08-27 09:00:00
2026-03-27,129740297,1941,0,0.4401795933,-0.4401795933,-0.4401795933,0E-7,1,1,0.49324550000000000,0.493245500000,-0.9865810262130424,-0.9865810262130424,-0.9865810262130424,0E-17,ELIGIBLE,R03b_20260811_FULL_v1,L1_ELIGIBILITY,v2026-08-11,2026-03-21..2026-08-06,baccarat_bet02_101_all_pairs_incl_sentinel,round_win = game_pnl > 0 (decisive only),COMPATIBILITY_ONLY_NOT_PRODUCTION,42404.8770,37633.9694,483.2517,2200,2196,-0.01139613,0.00825174,-0.01739291,-0.01139613,-483.2517,42404.8770,OK,0.0000,19.3301,4.0000,96.0000,AG03-UNRESOLVED,ALL5_LEVELS_bet23_to_bet27,19.3301,19.3301,19.3301,24.1626,24.1626,4.000000,4.000000,4.000000,5.000000,5.000000,96.000000,96.000000,96.000000,95.000000,95.000000,5.0,106.3154,97.3877,376.9363,385.864,PENDING_AG03,FALSE,NOT_FOR_ENFORCEMENT,463.9216,36128.6106,483.2517,463.9216,19.3301,0.01139613,0.01094029,19.3301,463.9216,0.01094029,19.3301,19.3301,19.3301,24.1626,24.1626,463.9216,0.01094029,106.3154,97.3877,376.9363,385.864,0.00888898,0.00909952,0.00045585,19.2749,17.1375,0.2201,5.7530,0.6409,504.8200,26.1429,7.1751,39.7174,2.9515,6.1317,20.2037,44.018,88.0359,220.0898,5.1098,0.0,14.357485,35.893712,3.143486,29,158,125,3,0.23384124,0.01139613,-0.00825174,0E-8,0.000000,0.887492,0.846818,0.02564465,2026-03-24,2026-08-06,84,754,547,136,0.617647,0.180654,0.372251,0.779471,,,,,,,,GLOBAL_BASELINE_NO_ENTITY_RANKING,,,NOT_APPLICABLE_GLOBAL_BASELINE,HF9g-P5,,,,X 全窗基线 · 不参与实体赏罚,8397700,840,A168_HF9F_20260827_0900,2026-08-27 09:00:00
2026-03-27,129740297,1957,0,550.2244915925,-330.1346949555,-330.1346949555,0E-7,3,3,0.50665070000000000,0.506650700000,-1.4331513700195317,-1.4331513700195317,-1.4331513700195317,0E-17,ELIGIBLE,R03b_20260811_FULL_v1,L1_ELIGIBILITY,v2026-08-11,2026-03-21..2026-08-06,baccarat_bet02_101_all_pairs_incl_sentinel,round_win = game_pnl > 0 (decisive only),COMPATIBILITY_ONLY_NOT_PRODUCTION,42404.8770,37633.9694,483.2517,2200,2196,-0.01139613,0.00825174,-0.01739291,-0.01139613,-483.2517,42404.8770,OK,0.0000,19.3301,4.0000,96.0000,AG03-UNRESOLVED,ALL5_LEVELS_bet23_to_bet27,19.3301,19.3301,19.3301,24.1626,24.1626,4.000000,4.000000,4.000000,5.000000,5.000000,96.000000,96.000000,96.000000,95.000000,95.000000,5.0,106.3154,97.3877,376.9363,385.864,PENDING_AG03,FALSE,NOT_FOR_ENFORCEMENT,463.9216,36128.6106,483.2517,463.9216,19.3301,0.01139613,0.01094029,19.3301,463.9216,0.01094029,19.3301,19.3301,19.3301,24.1626,24.1626,463.9216,0.01094029,106.3154,97.3877,376.9363,385.864,0.00888898,0.00909952,0.00045585,19.2749,17.1375,0.2201,5.7530,0.6409,504.8200,26.1429,7.1751,39.7174,2.9515,6.1317,20.2037,44.018,88.0359,220.0898,5.1098,0.0,14.357485,35.893712,3.143486,29,158,125,3,0.23384124,0.01139613,-0.00825174,0E-8,0.000000,0.887492,0.846818,0.02564465,2026-03-24,2026-08-06,84,754,547,136,0.617647,0.180654,0.372251,0.779471,,,,,,,,GLOBAL_BASELINE_NO_ENTITY_RANKING,,,NOT_APPLICABLE_GLOBAL_BASELINE,HF9g-P5,,,,X 全窗基线 · 不参与实体赏罚,8397701,840,A168_HF9F_20260827_0900,2026-08-27 09:00:00
2026-03-27,129740297,2121,0,121.0493881506,88.0359186549,88.0359186549,0.8571429,8,8,0.49324550000000000,0.493245500000,1.925739544596175,1.9257395445961751,1.925739544596175,0E-17,ELIGIBLE,R03b_20260811_FULL_v1,L1_ELIGIBILITY,v2026-08-11,2026-03-21..2026-08-06,baccarat_bet02_101_all_pairs_incl_sentinel,round_win = game_pnl > 0 (decisive only),COMPATIBILITY_ONLY_NOT_PRODUCTION,42404.8770,37633.9694,483.2517,2200,2196,-0.01139613,0.00825174,-0.01739291,-0.01139613,-483.2517,42404.8770,OK,0.0000,19.3301,4.0000,96.0000,AG03-UNRESOLVED,ALL5_LEVELS_bet23_to_bet27,19.3301,19.3301,19.3301,24.1626,24.1626,4.000000,4.000000,4.000000,5.000000,5.000000,96.000000,96.000000,96.000000,95.000000,95.000000,5.0,106.3154,97.3877,376.9363,385.864,PENDING_AG03,FALSE,NOT_FOR_ENFORCEMENT,463.9216,36128.6106,483.2517,463.9216,19.3301,0.01139613,0.01094029,19.3301,463.9216,0.01094029,19.3301,19.3301,19.3301,24.1626,24.1626,463.9216,0.01094029,106.3154,97.3877,376.9363,385.864,0.00888898,0.00909952,0.00045585,19.2749,17.1375,0.2201,5.7530,0.6409,504.8200,26.1429,7.1751,39.7174,2.9515,6.1317,20.2037,44.018,88.0359,220.0898,5.1098,0.0,14.357485,35.893712,3.143486,29,158,125,3,0.23384124,0.01139613,-0.00825174,0E-8,0.000000,0.887492,0.846818,0.02564465,2026-03-24,2026-08-06,84,754,547,136,0.617647,0.180654,0.372251,0.779471,,,,,,,,GLOBAL_BASELINE_NO_ENTITY_RANKING,,,NOT_APPLICABLE_GLOBAL_BASELINE,HF9g-P5,,,,X 全窗基线 · 不参与实体赏罚,8397702,840,A168_HF9F_20260827_0900,2026-08-27 09:00:00
2026-03-27,129740297,2130,0,22.0089796637,-22.0089796637,-22.0089796637,0E-7,1,1,0.50665070000000000,0.506650700000,-1.013391052207602,-1.013391052207602,-1.013391052207602,0E-17,ELIGIBLE,R03b_20260811_FULL_v1,L1_ELIGIBILITY,v2026-08-11,2026-03-21..2026-08-06,baccarat_bet02_101_all_pairs_incl_sentinel,round_win = game_pnl > 0 (decisive only),COMPATIBILITY_ONLY_NOT_PRODUCTION,42404.8770,37633.9694,483.2517,2200,2196,-0.01139613,0.00825174,-0.01739291,-0.01139613,-483.2517,42404.8770,OK,0.0000,19.3301,4.0000,96.0000,AG03-UNRESOLVED,ALL5_LEVELS_bet23_to_bet27,19.3301,19.3301,19.3301,24.1626,24.1626,4.000000,4.000000,4.000000,5.000000,5.000000,96.000000,96.000000,96.000000,95.000000,95.000000,5.0,106.3154,97.3877,376.9363,385.864,PENDING_AG03,FALSE,NOT_FOR_ENFORCEMENT,463.9216,36128.6106,483.2517,463.9216,19.3301,0.01139613,0.01094029,19.3301,463.9216,0.01094029,19.3301,19.3301,19.3301,24.1626,24.1626,463.9216,0.01094029,106.3154,97.3877,376.9363,385.864,0.00888898,0.00909952,0.00045585,19.2749,17.1375,0.2201,5.7530,0.6409,504.8200,26.1429,7.1751,39.7174,2.9515,6.1317,20.2037,44.018,88.0359,220.0898,5.1098,0.0,14.357485,35.893712,3.143486,29,158,125,3,0.23384124,0.01139613,-0.00825174,0E-8,0.000000,0.887492,0.846818,0.02564465,2026-03-24,2026-08-06,84,754,547,136,0.617647,0.180654,0.372251,0.779471,,,,,,,,GLOBAL_BASELINE_NO_ENTITY_RANKING,,,NOT_APPLICABLE_GLOBAL_BASELINE,HF9g-P5,,,,X 全窗基线 · 不参与实体赏罚,8397703,840,A168_HF9F_20260827_0900,2026-08-27 09:00:00
2026-03-27,129740297,2153,0,88.0359186548,22.0089796637,22.0089796637,0.5000000,3,3,0.50665070000000000,0.506650700000,-0.018812684590367487,-0.018812684590367487,-0.018812684590367487,0E-17,ELIGIBLE,R03b_20260811_FULL_v1,L1_ELIGIBILITY,v2026-08-11,2026-03-21..2026-08-06,baccarat_bet02_101_all_pairs_incl_sentinel,round_win = game_pnl > 0 (decisive only),COMPATIBILITY_ONLY_NOT_PRODUCTION,42404.8770,37633.9694,483.2517,2200,2196,-0.01139613,0.00825174,-0.01739291,-0.01139613,-483.2517,42404.8770,OK,0.0000,19.3301,4.0000,96.0000,AG03-UNRESOLVED,ALL5_LEVELS_bet23_to_bet27,19.3301,19.3301,19.3301,24.1626,24.1626,4.000000,4.000000,4.000000,5.000000,5.000000,96.000000,96.000000,96.000000,95.000000,95.000000,5.0,106.3154,97.3877,376.9363,385.864,PENDING_AG03,FALSE,NOT_FOR_ENFORCEMENT,463.9216,36128.6106,483.2517,463.9216,19.3301,0.01139613,0.01094029,19.3301,463.9216,0.01094029,19.3301,19.3301,19.3301,24.1626,24.1626,463.9216,0.01094029,106.3154,97.3877,376.9363,385.864,0.00888898,0.00909952,0.00045585,19.2749,17.1375,0.2201,5.7530,0.6409,504.8200,26.1429,7.1751,39.7174,2.9515,6.1317,20.2037,44.018,88.0359,220.0898,5.1098,0.0,14.357485,35.893712,3.143486,29,158,125,3,0.23384124,0.01139613,-0.00825174,0E-8,0.000000,0.887492,0.846818,0.02564465,2026-03-24,2026-08-06,84,754,547,136,0.617647,0.180654,0.372251,0.779471,,,,,,,,GLOBAL_BASELINE_NO_ENTITY_RANKING,,,NOT_APPLICABLE_GLOBAL_BASELINE,HF9g-P5,,,,X 全窗基线 · 不参与实体赏罚,8397704,840,A168_HF9F_20260827_0900,2026-08-27 09:00:00
2026-03-27,129740297,2156,0,880.3591865480,594.2424509199,594.2424509199,1.0000000,9,9,0.50665070000000000,0.506650700000,2.6107900847367906,2.6107900847367906,2.6107900847367906,0E-17,ELIGIBLE,R03b_20260811_FULL_v1,L1_ELIGIBILITY,v2026-08-11,2026-03-21..2026-08-06,baccarat_bet02_101_all_pairs_incl_sentinel,round_win = game_pnl > 0 (decisive only),COMPATIBILITY_ONLY_NOT_PRODUCTION,42404.8770,37633.9694,483.2517,2200,2196,-0.01139613,0.00825174,-0.01739291,-0.01139613,-483.2517,42404.8770,OK,0.0000,19.3301,4.0000,96.0000,AG03-UNRESOLVED,ALL5_LEVELS_bet23_to_bet27,19.3301,19.3301,19.3301,24.1626,24.1626,4.000000,4.000000,4.000000,5.000000,5.000000,96.000000,96.000000,96.000000,95.000000,95.000000,5.0,106.3154,97.3877,376.9363,385.864,PENDING_AG03,FALSE,NOT_FOR_ENFORCEMENT,463.9216,36128.6106,483.2517,463.9216,19.3301,0.01139613,0.01094029,19.3301,463.9216,0.01094029,19.3301,19.3301,19.3301,24.1626,24.1626,463.9216,0.01094029,106.3154,97.3877,376.9363,385.864,0.00888898,0.00909952,0.00045585,19.2749,17.1375,0.2201,5.7530,0.6409,504.8200,26.1429,7.1751,39.7174,2.9515,6.1317,20.2037,44.018,88.0359,220.0898,5.1098,0.0,14.357485,35.893712,3.143486,29,158,125,3,0.23384124,0.01139613,-0.00825174,0E-8,0.000000,0.887492,0.846818,0.02564465,2026-03-24,2026-08-06,84,754,547,136,0.617647,0.180654,0.372251,0.779471,,,,,,,,GLOBAL_BASELINE_NO_ENTITY_RANKING,,,NOT_APPLICABLE_GLOBAL_BASELINE,HF9g-P5,,,,X 全窗基线 · 不参与实体赏罚,8397705,840,A168_HF9F_20260827_0900,2026-08-27 09:00:00
2026-03-27,129740297,2202,0,134.6949555419,-0.8803591865,-0.8803591865,0.6000000,5,5,0.49324550000000000,0.493245500000,0.47746420675292983,0.47746420675292983,0.47746420675292983,0E-17,ELIGIBLE,R03b_20260811_FULL_v1,L1_ELIGIBILITY,v2026-08-11,2026-03-21..2026-08-06,baccarat_bet02_101_all_pairs_incl_sentinel,round_win = game_pnl > 0 (decisive only),COMPATIBILITY_ONLY_NOT_PRODUCTION,42404.8770,37633.9694,483.2517,2200,2196,-0.01139613,0.00825174,-0.01739291,-0.01139613,-483.2517,42404.8770,OK,0.0000,19.3301,4.0000,96.0000,AG03-UNRESOLVED,ALL5_LEVELS_bet23_to_bet27,19.3301,19.3301,19.3301,24.1626,24.1626,4.000000,4.000000,4.000000,5.000000,5.000000,96.000000,96.000000,96.000000,95.000000,95.000000,5.0,106.3154,97.3877,376.9363,385.864,PENDING_AG03,FALSE,NOT_FOR_ENFORCEMENT,463.9216,36128.6106,483.2517,463.9216,19.3301,0.01139613,0.01094029,19.3301,463.9216,0.01094029,19.3301,19.3301,19.3301,24.1626,24.1626,463.9216,0.01094029,106.3154,97.3877,376.9363,385.864,0.00888898,0.00909952,0.00045585,19.2749,17.1375,0.2201,5.7530,0.6409,504.8200,26.1429,7.1751,39.7174,2.9515,6.1317,20.2037,44.018,88.0359,220.0898,5.1098,0.0,14.357485,35.893712,3.143486,29,158,125,3,0.23384124,0.01139613,-0.00825174,0E-8,0.000000,0.887492,0.846818,0.02564465,2026-03-24,2026-08-06,84,754,547,136,0.617647,0.180654,0.372251,0.779471,,,,,,,,GLOBAL_BASELINE_NO_ENTITY_RANKING,,,NOT_APPLICABLE_GLOBAL_BASELINE,HF9g-P5,,,,X 全窗基线 · 不参与实体赏罚,8397706,840,A168_HF9F_20260827_0900,2026-08-27 09:00:00
2026-03-27,129740297,2205,0,418.1706136103,-132.0538779822,-132.0538779822,0.5000000,4,4,0.50665070000000000,0.506650700000,-0.02660515369234503,-0.02660515369234503,-0.02660515369234503,0E-17,ELIGIBLE,R03b_20260811_FULL_v1,L1_ELIGIBILITY,v2026-08-11,2026-03-21..2026-08-06,baccarat_bet02_101_all_pairs_incl_sentinel,round_win = game_pnl > 0 (decisive only),COMPATIBILITY_ONLY_NOT_PRODUCTION,42404.8770,37633.9694,483.2517,2200,2196,-0.01139613,0.00825174,-0.01739291,-0.01139613,-483.2517,42404.8770,OK,0.0000,19.3301,4.0000,96.0000,AG03-UNRESOLVED,ALL5_LEVELS_bet23_to_bet27,19.3301,19.3301,19.3301,24.1626,24.1626,4.000000,4.000000,4.000000,5.000000,5.000000,96.000000,96.000000,96.000000,95.000000,95.000000,5.0,106.3154,97.3877,376.9363,385.864,PENDING_AG03,FALSE,NOT_FOR_ENFORCEMENT,463.9216,36128.6106,483.2517,463.9216,19.3301,0.01139613,0.01094029,19.3301,463.9216,0.01094029,19.3301,19.3301,19.3301,24.1626,24.1626,463.9216,0.01094029,106.3154,97.3877,376.9363,385.864,0.00888898,0.00909952,0.00045585,19.2749,17.1375,0.2201,5.7530,0.6409,504.8200,26.1429,7.1751,39.7174,2.9515,6.1317,20.2037,44.018,88.0359,220.0898,5.1098,0.0,14.357485,35.893712,3.143486,29,158,125,3,0.23384124,0.01139613,-0.00825174,0E-8,0.000000,0.887492,0.846818,0.02564465,2026-03-24,2026-08-06,84,754,547,136,0.617647,0.180654,0.372251,0.779471,,,,,,,,GLOBAL_BASELINE_NO_ENTITY_RANKING,,,NOT_APPLICABLE_GLOBAL_BASELINE,HF9g-P5,,,,X 全窗基线 · 不参与实体赏罚,8397707,840,A168_HF9F_20260827_0900,2026-08-27 09:00:00
2026-03-27,129740297,2232,0,22.0089796637,-22.0089796637,-22.0089796637,0E-7,1,1,0.50665070000000000,0.506650700000,-1.013391052207602,-1.013391052207602,-1.013391052207602,0E-17,ELIGIBLE,R03b_20260811_FULL_v1,L1_ELIGIBILITY,v2026-08-11,2026-03-21..2026-08-06,baccarat_bet02_101_all_pairs_incl_sentinel,round_win = game_pnl > 0 (decisive only),COMPATIBILITY_ONLY_NOT_PRODUCTION,42404.8770,37633.9694,483.2517,2200,2196,-0.01139613,0.00825174,-0.01739291,-0.01139613,-483.2517,42404.8770,OK,0.0000,19.3301,4.0000,96.0000,AG03-UNRESOLVED,ALL5_LEVELS_bet23_to_bet27,19.3301,19.3301,19.3301,24.1626,24.1626,4.000000,4.000000,4.000000,5.000000,5.000000,96.000000,96.000000,96.000000,95.000000,95.000000,5.0,106.3154,97.3877,376.9363,385.864,PENDING_AG03,FALSE,NOT_FOR_ENFORCEMENT,463.9216,36128.6106,483.2517,463.9216,19.3301,0.01139613,0.01094029,19.3301,463.9216,0.01094029,19.3301,19.3301,19.3301,24.1626,24.1626,463.9216,0.01094029,106.3154,97.3877,376.9363,385.864,0.00888898,0.00909952,0.00045585,19.2749,17.1375,0.2201,5.7530,0.6409,504.8200,26.1429,7.1751,39.7174,2.9515,6.1317,20.2037,44.018,88.0359,220.0898,5.1098,0.0,14.357485,35.893712,3.143486,29,158,125,3,0.23384124,0.01139613,-0.00825174,0E-8,0.000000,0.887492,0.846818,0.02564465,2026-03-24,2026-08-06,84,754,547,136,0.617647,0.180654,0.372251,0.779471,,,,,,,,GLOBAL_BASELINE_NO_ENTITY_RANKING,,,NOT_APPLICABLE_GLOBAL_BASELINE,HF9g-P5,,,,X 全窗基线 · 不参与实体赏罚,8397708,840,A168_HF9F_20260827_0900,2026-08-27 09:00:00
2026-03-27,129740297,2239,0,55.6827185492,-55.6827185492,-55.6827185492,0E-7,2,2,0.50665070000000000,0.506650700000,-1.4331513700195317,-1.4331513700195317,-1.4331513700195317,0E-17,ELIGIBLE,R03b_20260811_FULL_v1,L1_ELIGIBILITY,v2026-08-11,2026-03-21..2026-08-06,baccarat_bet02_101_all_pairs_incl_sentinel,round_win = game_pnl > 0 (decisive only),COMPATIBILITY_ONLY_NOT_PRODUCTION,42404.8770,37633.9694,483.2517,2200,2196,-0.01139613,0.00825174,-0.01739291,-0.01139613,-483.2517,42404.8770,OK,0.0000,19.3301,4.0000,96.0000,AG03-UNRESOLVED,ALL5_LEVELS_bet23_to_bet27,19.3301,19.3301,19.3301,24.1626,24.1626,4.000000,4.000000,4.000000,5.000000,5.000000,96.000000,96.000000,96.000000,95.000000,95.000000,5.0,106.3154,97.3877,376.9363,385.864,PENDING_AG03,FALSE,NOT_FOR_ENFORCEMENT,463.9216,36128.6106,483.2517,463.9216,19.3301,0.01139613,0.01094029,19.3301,463.9216,0.01094029,19.3301,19.3301,19.3301,24.1626,24.1626,463.9216,0.01094029,106.3154,97.3877,376.9363,385.864,0.00888898,0.00909952,0.00045585,19.2749,17.1375,0.2201,5.7530,0.6409,504.8200,26.1429,7.1751,39.7174,2.9515,6.1317,20.2037,44.018,88.0359,220.0898,5.1098,0.0,14.357485,35.893712,3.143486,29,158,125,3,0.23384124,0.01139613,-0.00825174,0E-8,0.000000,0.887492,0.846818,0.02564465,2026-03-24,2026-08-06,84,754,547,136,0.617647,0.180654,0.372251,0.779471,,,,,,,,GLOBAL_BASELINE_NO_ENTITY_RANKING,,,NOT_APPLICABLE_GLOBAL_BASELINE,HF9g-P5,,,,X 全窗基线 · 不参与实体赏罚,8397709,840,A168_HF9F_20260827_0900,2026-08-27 09:00:00
2026-03-28,129740297,-1,1,924.3771458754,418.1706136103,418.1706136103,0.7142857,17,17,0.50586215882352941,0.505862158824,1.5598062806225432,1.559806280619039,1.5598062806225432,-4.7059E-13,SENTINEL_DEALER,R03b_20260811_FULL_v1,L1_ELIGIBILITY,v2026-08-11,2026-03-21..2026-08-06,baccarat_bet02_101_all_pairs_incl_sentinel,round_win = game_pnl > 0 (decisive only),COMPATIBILITY_ONLY_NOT_PRODUCTION,42404.8770,37633.9694,483.2517,2200,2196,-0.01139613,0.00825174,-0.01739291,-0.01139613,-483.2517,42404.8770,OK,0.0000,19.3301,4.0000,96.0000,AG03-UNRESOLVED,ALL5_LEVELS_bet23_to_bet27,19.3301,19.3301,19.3301,24.1626,24.1626,4.000000,4.000000,4.000000,5.000000,5.000000,96.000000,96.000000,96.000000,95.000000,95.000000,5.0,106.3154,97.3877,376.9363,385.864,PENDING_AG03,FALSE,NOT_FOR_ENFORCEMENT,463.9216,36128.6106,483.2517,463.9216,19.3301,0.01139613,0.01094029,19.3301,463.9216,0.01094029,19.3301,19.3301,19.3301,24.1626,24.1626,463.9216,0.01094029,106.3154,97.3877,376.9363,385.864,0.00888898,0.00909952,0.00045585,19.2749,17.1375,0.2201,5.7530,0.6409,504.8200,26.1429,7.1751,39.7174,2.9515,6.1317,20.2037,44.018,88.0359,220.0898,5.1098,0.0,14.357485,35.893712,3.143486,29,158,125,3,0.23384124,0.01139613,-0.00825174,0E-8,0.000000,0.887492,0.846818,0.02564465,2026-03-24,2026-08-06,84,754,547,136,0.617647,0.180654,0.372251,0.779471,,,,,,,,GLOBAL_BASELINE_NO_ENTITY_RANKING,,,NOT_APPLICABLE_GLOBAL_BASELINE,HF9g-P5,,,,X 全窗基线 · 不参与实体赏罚,8397710,840,A168_HF9F_20260827_0900,2026-08-27 09:00:00
2026-03-28,129740297,1304,0,1.7607183731,1.7607183731,1.7607183731,1.0000000,1,1,0.50665070000000000,0.506650700000,0.9867858985152569,0.9867858985152569,0.9867858985152569,0E-17,ELIGIBLE,R03b_20260811_FULL_v1,L1_ELIGIBILITY,v2026-08-11,2026-03-21..2026-08-06,baccarat_bet02_101_all_pairs_incl_sentinel,round_win = game_pnl > 0 (decisive only),COMPATIBILITY_ONLY_NOT_PRODUCTION,42404.8770,37633.9694,483.2517,2200,2196,-0.01139613,0.00825174,-0.01739291,-0.01139613,-483.2517,42404.8770,OK,0.0000,19.3301,4.0000,96.0000,AG03-UNRESOLVED,ALL5_LEVELS_bet23_to_bet27,19.3301,19.3301,19.3301,24.1626,24.1626,4.000000,4.000000,4.000000,5.000000,5.000000,96.000000,96.000000,96.000000,95.000000,95.000000,5.0,106.3154,97.3877,376.9363,385.864,PENDING_AG03,FALSE,NOT_FOR_ENFORCEMENT,463.9216,36128.6106,483.2517,463.9216,19.3301,0.01139613,0.01094029,19.3301,463.9216,0.01094029,19.3301,19.3301,19.3301,24.1626,24.1626,463.9216,0.01094029,106.3154,97.3877,376.9363,385.864,0.00888898,0.00909952,0.00045585,19.2749,17.1375,0.2201,5.7530,0.6409,504.8200,26.1429,7.1751,39.7174,2.9515,6.1317,20.2037,44.018,88.0359,220.0898,5.1098,0.0,14.357485,35.893712,3.143486,29,158,125,3,0.23384124,0.01139613,-0.00825174,0E-8,0.000000,0.887492,0.846818,0.02564465,2026-03-24,2026-08-06,84,754,547,136,0.617647,0.180654,0.372251,0.779471,,,,,,,,GLOBAL_BASELINE_NO_ENTITY_RANKING,,,NOT_APPLICABLE_GLOBAL_BASELINE,HF9g-P5,,,,X 全窗基线 · 不参与实体赏罚,8397711,840,A168_HF9F_20260827_0900,2026-08-27 09:00:00
2026-03-28,129740297,1307,0,44.0179593274,44.0179593274,44.0179593274,1.0000000,1,1,0.50665070000000000,0.506650700000,0.9867858985152569,0.9867858985152569,0.9867858985152569,0E-17,ELIGIBLE,R03b_20260811_FULL_v1,L1_ELIGIBILITY,v2026-08-11,2026-03-21..2026-08-06,baccarat_bet02_101_all_pairs_incl_sentinel,round_win = game_pnl > 0 (decisive only),COMPATIBILITY_ONLY_NOT_PRODUCTION,42404.8770,37633.9694,483.2517,2200,2196,-0.01139613,0.00825174,-0.01739291,-0.01139613,-483.2517,42404.8770,OK,0.0000,19.3301,4.0000,96.0000,AG03-UNRESOLVED,ALL5_LEVELS_bet23_to_bet27,19.3301,19.3301,19.3301,24.1626,24.1626,4.000000,4.000000,4.000000,5.000000,5.000000,96.000000,96.000000,96.000000,95.000000,95.000000,5.0,106.3154,97.3877,376.9363,385.864,PENDING_AG03,FALSE,NOT_FOR_ENFORCEMENT,463.9216,36128.6106,483.2517,463.9216,19.3301,0.01139613,0.01094029,19.3301,463.9216,0.01094029,19.3301,19.3301,19.3301,24.1626,24.1626,463.9216,0.01094029,106.3154,97.3877,376.9363,385.864,0.00888898,0.00909952,0.00045585,19.2749,17.1375,0.2201,5.7530,0.6409,504.8200,26.1429,7.1751,39.7174,2.9515,6.1317,20.2037,44.018,88.0359,220.0898,5.1098,0.0,14.357485,35.893712,3.143486,29,158,125,3,0.23384124,0.01139613,-0.00825174,0E-8,0.000000,0.887492,0.846818,0.02564465,2026-03-24,2026-08-06,84,754,547,136,0.617647,0.180654,0.372251,0.779471,,,,,,,,GLOBAL_BASELINE_NO_ENTITY_RANKING,,,NOT_APPLICABLE_GLOBAL_BASELINE,HF9g-P5,,,,X 全窗基线 · 不参与实体赏罚,8397712,840,A168_HF9F_20260827_0900,2026-08-27 09:00:00
2026-03-28,129740297,1963,0,66.0269389911,66.0269389911,66.0269389911,1.0000000,3,3,0.49324550000000000,0.493245500000,1.755609282511032,1.7556092825110319,1.755609282511032,0E-17,ELIGIBLE,R03b_20260811_FULL_v1,L1_ELIGIBILITY,v2026-08-11,2026-03-21..2026-08-06,baccarat_bet02_101_all_pairs_incl_sentinel,round_win = game_pnl > 0 (decisive only),COMPATIBILITY_ONLY_NOT_PRODUCTION,42404.8770,37633.9694,483.2517,2200,2196,-0.01139613,0.00825174,-0.01739291,-0.01139613,-483.2517,42404.8770,OK,0.0000,19.3301,4.0000,96.0000,AG03-UNRESOLVED,ALL5_LEVELS_bet23_to_bet27,19.3301,19.3301,19.3301,24.1626,24.1626,4.000000,4.000000,4.000000,5.000000,5.000000,96.000000,96.000000,96.000000,95.000000,95.000000,5.0,106.3154,97.3877,376.9363,385.864,PENDING_AG03,FALSE,NOT_FOR_ENFORCEMENT,463.9216,36128.6106,483.2517,463.9216,19.3301,0.01139613,0.01094029,19.3301,463.9216,0.01094029,19.3301,19.3301,19.3301,24.1626,24.1626,463.9216,0.01094029,106.3154,97.3877,376.9363,385.864,0.00888898,0.00909952,0.00045585,19.2749,17.1375,0.2201,5.7530,0.6409,504.8200,26.1429,7.1751,39.7174,2.9515,6.1317,20.2037,44.018,88.0359,220.0898,5.1098,0.0,14.357485,35.893712,3.143486,29,158,125,3,0.23384124,0.01139613,-0.00825174,0E-8,0.000000,0.887492,0.846818,0.02564465,2026-03-24,2026-08-06,84,754,547,136,0.617647,0.180654,0.372251,0.779471,,,,,,,,GLOBAL_BASELINE_NO_ENTITY_RANKING,,,NOT_APPLICABLE_GLOBAL_BASELINE,HF9g-P5,,,,X 全窗基线 · 不参与实体赏罚,8397713,840,A168_HF9F_20260827_0900,2026-08-27 09:00:00
2026-03-28,129740297,1984,0,0.8803591865,0.8363412272,0.8363412272,1.0000000,1,1,0.50665070000000000,0.506650700000,0.9867858985152569,0.9867858985152569,0.9867858985152569,0E-17,ELIGIBLE,R03b_20260811_FULL_v1,L1_ELIGIBILITY,v2026-08-11,2026-03-21..2026-08-06,baccarat_bet02_101_all_pairs_incl_sentinel,round_win = game_pnl > 0 (decisive only),COMPATIBILITY_ONLY_NOT_PRODUCTION,42404.8770,37633.9694,483.2517,2200,2196,-0.01139613,0.00825174,-0.01739291,-0.01139613,-483.2517,42404.8770,OK,0.0000,19.3301,4.0000,96.0000,AG03-UNRESOLVED,ALL5_LEVELS_bet23_to_bet27,19.3301,19.3301,19.3301,24.1626,24.1626,4.000000,4.000000,4.000000,5.000000,5.000000,96.000000,96.000000,96.000000,95.000000,95.000000,5.0,106.3154,97.3877,376.9363,385.864,PENDING_AG03,FALSE,NOT_FOR_ENFORCEMENT,463.9216,36128.6106,483.2517,463.9216,19.3301,0.01139613,0.01094029,19.3301,463.9216,0.01094029,19.3301,19.3301,19.3301,24.1626,24.1626,463.9216,0.01094029,106.3154,97.3877,376.9363,385.864,0.00888898,0.00909952,0.00045585,19.2749,17.1375,0.2201,5.7530,0.6409,504.8200,26.1429,7.1751,39.7174,2.9515,6.1317,20.2037,44.018,88.0359,220.0898,5.1098,0.0,14.357485,35.893712,3.143486,29,158,125,3,0.23384124,0.01139613,-0.00825174,0E-8,0.000000,0.887492,0.846818,0.02564465,2026-03-24,2026-08-06,84,754,547,136,0.617647,0.180654,0.372251,0.779471,,,,,,,,GLOBAL_BASELINE_NO_ENTITY_RANKING,,,NOT_APPLICABLE_GLOBAL_BASELINE,HF9g-P5,,,,X 全窗基线 · 不参与实体赏罚,8397714,840,A168_HF9F_20260827_0900,2026-08-27 09:00:00
2026-03-28,129740297,1994,0,88.0359186548,44.0179593274,44.0179593274,0.6666667,3,3,0.49324550000000000,0.493245500000,0.6008033672792107,0.6008033672792106,0.6008033672792107,0E-17,ELIGIBLE,R03b_20260811_FULL_v1,L1_ELIGIBILITY,v2026-08-11,2026-03-21..2026-08-06,baccarat_bet02_101_all_pairs_incl_sentinel,round_win = game_pnl > 0 (decisive only),COMPATIBILITY_ONLY_NOT_PRODUCTION,42404.8770,37633.9694,483.2517,2200,2196,-0.01139613,0.00825174,-0.01739291,-0.01139613,-483.2517,42404.8770,OK,0.0000,19.3301,4.0000,96.0000,AG03-UNRESOLVED,ALL5_LEVELS_bet23_to_bet27,19.3301,19.3301,19.3301,24.1626,24.1626,4.000000,4.000000,4.000000,5.000000,5.000000,96.000000,96.000000,96.000000,95.000000,95.000000,5.0,106.3154,97.3877,376.9363,385.864,PENDING_AG03,FALSE,NOT_FOR_ENFORCEMENT,463.9216,36128.6106,483.2517,463.9216,19.3301,0.01139613,0.01094029,19.3301,463.9216,0.01094029,19.3301,19.3301,19.3301,24.1626,24.1626,463.9216,0.01094029,106.3154,97.3877,376.9363,385.864,0.00888898,0.00909952,0.00045585,19.2749,17.1375,0.2201,5.7530,0.6409,504.8200,26.1429,7.1751,39.7174,2.9515,6.1317,20.2037,44.018,88.0359,220.0898,5.1098,0.0,14.357485,35.893712,3.143486,29,158,125,3,0.23384124,0.01139613,-0.00825174,0E-8,0.000000,0.887492,0.846818,0.02564465,2026-03-24,2026-08-06,84,754,547,136,0.617647,0.180654,0.372251,0.779471,,,,,,,,GLOBAL_BASELINE_NO_ENTITY_RANKING,,,NOT_APPLICABLE_GLOBAL_BASELINE,HF9g-P5,,,,X 全窗基线 · 不参与实体赏罚,8397715,840,A168_HF9F_20260827_0900,2026-08-27 09:00:00
2026-03-28,129740297,2156,0,264.1077559644,154.0628576459,154.0628576459,0.7777778,10,10,0.49324550000000000,0.493245500000,1.707349463506922,1.707349463506922,1.707349463506922,0E-17,ELIGIBLE,R03b_20260811_FULL_v1,L1_ELIGIBILITY,v2026-08-11,2026-03-21..2026-08-06,baccarat_bet02_101_all_pairs_incl_sentinel,round_win = game_pnl > 0 (decisive only),COMPATIBILITY_ONLY_NOT_PRODUCTION,42404.8770,37633.9694,483.2517,2200,2196,-0.01139613,0.00825174,-0.01739291,-0.01139613,-483.2517,42404.8770,OK,0.0000,19.3301,4.0000,96.0000,AG03-UNRESOLVED,ALL5_LEVELS_bet23_to_bet27,19.3301,19.3301,19.3301,24.1626,24.1626,4.000000,4.000000,4.000000,5.000000,5.000000,96.000000,96.000000,96.000000,95.000000,95.000000,5.0,106.3154,97.3877,376.9363,385.864,PENDING_AG03,FALSE,NOT_FOR_ENFORCEMENT,463.9216,36128.6106,483.2517,463.9216,19.3301,0.01139613,0.01094029,19.3301,463.9216,0.01094029,19.3301,19.3301,19.3301,24.1626,24.1626,463.9216,0.01094029,106.3154,97.3877,376.9363,385.864,0.00888898,0.00909952,0.00045585,19.2749,17.1375,0.2201,5.7530,0.6409,504.8200,26.1429,7.1751,39.7174,2.9515,6.1317,20.2037,44.018,88.0359,220.0898,5.1098,0.0,14.357485,35.893712,3.143486,29,158,125,3,0.23384124,0.01139613,-0.00825174,0E-8,0.000000,0.887492,0.846818,0.02564465,2026-03-24,2026-08-06,84,754,547,136,0.617647,0.180654,0.372251,0.779471,,,,,,,,GLOBAL_BASELINE_NO_ENTITY_RANKING,,,NOT_APPLICABLE_GLOBAL_BASELINE,HF9g-P5,,,,X 全窗基线 · 不参与实体赏罚,8397716,840,A168_HF9F_20260827_0900,2026-08-27 09:00:00
2026-03-28,129740297,2196,0,3.5214367462,-3.5214367462,-3.5214367462,0E-7,1,1,0.50665070000000000,0.506650700000,-1.013391052207602,-1.013391052207602,-1.013391052207602,0E-17,ELIGIBLE,R03b_20260811_FULL_v1,L1_ELIGIBILITY,v2026-08-11,2026-03-21..2026-08-06,baccarat_bet02_101_all_pairs_incl_sentinel,round_win = game_pnl > 0 (decisive only),COMPATIBILITY_ONLY_NOT_PRODUCTION,42404.8770,37633.9694,483.2517,2200,2196,-0.01139613,0.00825174,-0.01739291,-0.01139613,-483.2517,42404.8770,OK,0.0000,19.3301,4.0000,96.0000,AG03-UNRESOLVED,ALL5_LEVELS_bet23_to_bet27,19.3301,19.3301,19.3301,24.1626,24.1626,4.000000,4.000000,4.000000,5.000000,5.000000,96.000000,96.000000,96.000000,95.000000,95.000000,5.0,106.3154,97.3877,376.9363,385.864,PENDING_AG03,FALSE,NOT_FOR_ENFORCEMENT,463.9216,36128.6106,483.2517,463.9216,19.3301,0.01139613,0.01094029,19.3301,463.9216,0.01094029,19.3301,19.3301,19.3301,24.1626,24.1626,463.9216,0.01094029,106.3154,97.3877,376.9363,385.864,0.00888898,0.00909952,0.00045585,19.2749,17.1375,0.2201,5.7530,0.6409,504.8200,26.1429,7.1751,39.7174,2.9515,6.1317,20.2037,44.018,88.0359,220.0898,5.1098,0.0,14.357485,35.893712,3.143486,29,158,125,3,0.23384124,0.01139613,-0.00825174,0E-8,0.000000,0.887492,0.846818,0.02564465,2026-03-24,2026-08-06,84,754,547,136,0.617647,0.180654,0.372251,0.779471,,,,,,,,GLOBAL_BASELINE_NO_ENTITY_RANKING,,,NOT_APPLICABLE_GLOBAL_BASELINE,HF9g-P5,,,,X 全窗基线 · 不参与实体赏罚,8397717,840,A168_HF9F_20260827_0900,2026-08-27 09:00:00
2026-03-29,129740297,-1,1,1848.7542917508,748.3053085658,748.3053085658,0.6923077,15,15,0.49950126000000000,0.499501260000,1.3903476475240568,1.390347647524057,1.3903476475240568,0E-17,SENTINEL_DEALER,R03b_20260811_FULL_v1,L1_ELIGIBILITY,v2026-08-11,2026-03-21..2026-08-06,baccarat_bet02_101_all_pairs_incl_sentinel,round_win = game_pnl > 0 (decisive only),COMPATIBILITY_ONLY_NOT_PRODUCTION,42404.8770,37633.9694,483.2517,2200,2196,-0.01139613,0.00825174,-0.01739291,-0.01139613,-483.2517,42404.8770,OK,0.0000,19.3301,4.0000,96.0000,AG03-UNRESOLVED,ALL5_LEVELS_bet23_to_bet27,19.3301,19.3301,19.3301,24.1626,24.1626,4.000000,4.000000,4.000000,5.000000,5.000000,96.000000,96.000000,96.000000,95.000000,95.000000,5.0,106.3154,97.3877,376.9363,385.864,PENDING_AG03,FALSE,NOT_FOR_ENFORCEMENT,463.9216,36128.6106,483.2517,463.9216,19.3301,0.01139613,0.01094029,19.3301,463.9216,0.01094029,19.3301,19.3301,19.3301,24.1626,24.1626,463.9216,0.01094029,106.3154,97.3877,376.9363,385.864,0.00888898,0.00909952,0.00045585,19.2749,17.1375,0.2201,5.7530,0.6409,504.8200,26.1429,7.1751,39.7174,2.9515,6.1317,20.2037,44.018,88.0359,220.0898,5.1098,0.0,14.357485,35.893712,3.143486,29,158,125,3,0.23384124,0.01139613,-0.00825174,0E-8,0.000000,0.887492,0.846818,0.02564465,2026-03-24,2026-08-06,84,754,547,136,0.617647,0.180654,0.372251,0.779471,,,,,,,,GLOBAL_BASELINE_NO_ENTITY_RANKING,,,NOT_APPLICABLE_GLOBAL_BASELINE,HF9g-P5,,,,X 全窗基线 · 不参与实体赏罚,8397718,840,A168_HF9F_20260827_0900,2026-08-27 09:00:00
2026-03-29,129740297,1017,0,770.3142882295,-330.1346949555,-330.1346949555,0.2500000,4,4,0.50665070000000000,0.506650700000,-1.0266936290537745,-1.0266936290537745,-1.0266936290537745,0E-17,ELIGIBLE,R03b_20260811_FULL_v1,L1_ELIGIBILITY,v2026-08-11,2026-03-21..2026-08-06,baccarat_bet02_101_all_pairs_incl_sentinel,round_win = game_pnl > 0 (decisive only),COMPATIBILITY_ONLY_NOT_PRODUCTION,42404.8770,37633.9694,483.2517,2200,2196,-0.01139613,0.00825174,-0.01739291,-0.01139613,-483.2517,42404.8770,OK,0.0000,19.3301,4.0000,96.0000,AG03-UNRESOLVED,ALL5_LEVELS_bet23_to_bet27,19.3301,19.3301,19.3301,24.1626,24.1626,4.000000,4.000000,4.000000,5.000000,5.000000,96.000000,96.000000,96.000000,95.000000,95.000000,5.0,106.3154,97.3877,376.9363,385.864,PENDING_AG03,FALSE,NOT_FOR_ENFORCEMENT,463.9216,36128.6106,483.2517,463.9216,19.3301,0.01139613,0.01094029,19.3301,463.9216,0.01094029,19.3301,19.3301,19.3301,24.1626,24.1626,463.9216,0.01094029,106.3154,97.3877,376.9363,385.864,0.00888898,0.00909952,0.00045585,19.2749,17.1375,0.2201,5.7530,0.6409,504.8200,26.1429,7.1751,39.7174,2.9515,6.1317,20.2037,44.018,88.0359,220.0898,5.1098,0.0,14.357485,35.893712,3.143486,29,158,125,3,0.23384124,0.01139613,-0.00825174,0E-8,0.000000,0.887492,0.846818,0.02564465,2026-03-24,2026-08-06,84,754,547,136,0.617647,0.180654,0.372251,0.779471,,,,,,,,GLOBAL_BASELINE_NO_ENTITY_RANKING,,,NOT_APPLICABLE_GLOBAL_BASELINE,HF9g-P5,,,,X 全窗基线 · 不参与实体赏罚,8397719,840,A168_HF9F_20260827_0900,2026-08-27 09:00:00
2026-03-29,129740297,1505,0,44.0179593274,-44.0179593274,-44.0179593274,0E-7,1,1,0.49324550000000000,0.493245500000,-0.9865810262130424,-0.9865810262130424,-0.9865810262130424,0E-17,ELIGIBLE,R03b_20260811_FULL_v1,L1_ELIGIBILITY,v2026-08-11,2026-03-21..2026-08-06,baccarat_bet02_101_all_pairs_incl_sentinel,round_win = game_pnl > 0 (decisive only),COMPATIBILITY_ONLY_NOT_PRODUCTION,42404.8770,37633.9694,483.2517,2200,2196,-0.01139613,0.00825174,-0.01739291,-0.01139613,-483.2517,42404.8770,OK,0.0000,19.3301,4.0000,96.0000,AG03-UNRESOLVED,ALL5_LEVELS_bet23_to_bet27,19.3301,19.3301,19.3301,24.1626,24.1626,4.000000,4.000000,4.000000,5.000000,5.000000,96.000000,96.000000,96.000000,95.000000,95.000000,5.0,106.3154,97.3877,376.9363,385.864,PENDING_AG03,FALSE,NOT_FOR_ENFORCEMENT,463.9216,36128.6106,483.2517,463.9216,19.3301,0.01139613,0.01094029,19.3301,463.9216,0.01094029,19.3301,19.3301,19.3301,24.1626,24.1626,463.9216,0.01094029,106.3154,97.3877,376.9363,385.864,0.00888898,0.00909952,0.00045585,19.2749,17.1375,0.2201,5.7530,0.6409,504.8200,26.1429,7.1751,39.7174,2.9515,6.1317,20.2037,44.018,88.0359,220.0898,5.1098,0.0,14.357485,35.893712,3.143486,29,158,125,3,0.23384124,0.01139613,-0.00825174,0E-8,0.000000,0.887492,0.846818,0.02564465,2026-03-24,2026-08-06,84,754,547,136,0.617647,0.180654,0.372251,0.779471,,,,,,,,GLOBAL_BASELINE_NO_ENTITY_RANKING,,,NOT_APPLICABLE_GLOBAL_BASELINE,HF9g-P5,,,,X 全窗基线 · 不参与实体赏罚,8397720,840,A168_HF9F_20260827_0900,2026-08-27 09:00:00
2026-03-29,129740297,1994,0,858.3502068844,418.1706136104,418.1706136104,0.7500000,4,4,0.49994810000000000,0.499948100000,1.0002076053883384,1.0002076053883384,1.0002076053883384,0E-17,ELIGIBLE,R03b_20260811_FULL_v1,L1_ELIGIBILITY,v2026-08-11,2026-03-21..2026-08-06,baccarat_bet02_101_all_pairs_incl_sentinel,round_win = game_pnl > 0 (decisive only),COMPATIBILITY_ONLY_NOT_PRODUCTION,42404.8770,37633.9694,483.2517,2200,2196,-0.01139613,0.00825174,-0.01739291,-0.01139613,-483.2517,42404.8770,OK,0.0000,19.3301,4.0000,96.0000,AG03-UNRESOLVED,ALL5_LEVELS_bet23_to_bet27,19.3301,19.3301,19.3301,24.1626,24.1626,4.000000,4.000000,4.000000,5.000000,5.000000,96.000000,96.000000,96.000000,95.000000,95.000000,5.0,106.3154,97.3877,376.9363,385.864,PENDING_AG03,FALSE,NOT_FOR_ENFORCEMENT,463.9216,36128.6106,483.2517,463.9216,19.3301,0.01139613,0.01094029,19.3301,463.9216,0.01094029,19.3301,19.3301,19.3301,24.1626,24.1626,463.9216,0.01094029,106.3154,97.3877,376.9363,385.864,0.00888898,0.00909952,0.00045585,19.2749,17.1375,0.2201,5.7530,0.6409,504.8200,26.1429,7.1751,39.7174,2.9515,6.1317,20.2037,44.018,88.0359,220.0898,5.1098,0.0,14.357485,35.893712,3.143486,29,158,125,3,0.23384124,0.01139613,-0.00825174,0E-8,0.000000,0.887492,0.846818,0.02564465,2026-03-24,2026-08-06,84,754,547,136,0.617647,0.180654,0.372251,0.779471,,,,,,,,GLOBAL_BASELINE_NO_ENTITY_RANKING,,,NOT_APPLICABLE_GLOBAL_BASELINE,HF9g-P5,,,,X 全窗基线 · 不参与实体赏罚,8397721,840,A168_HF9F_20260827_0900,2026-08-27 09:00:00
2026-03-29,129740297,2106,0,110.0448983185,-110.0448983185,-110.0448983185,0E-7,1,1,0.50665070000000000,0.506650700000,-1.013391052207602,-1.013391052207602,-1.013391052207602,0E-17,ELIGIBLE,R03b_20260811_FULL_v1,L1_ELIGIBILITY,v2026-08-11,2026-03-21..2026-08-06,baccarat_bet02_101_all_pairs_incl_sentinel,round_win = game_pnl > 0 (decisive only),COMPATIBILITY_ONLY_NOT_PRODUCTION,42404.8770,37633.9694,483.2517,2200,2196,-0.01139613,0.00825174,-0.01739291,-0.01139613,-483.2517,42404.8770,OK,0.0000,19.3301,4.0000,96.0000,AG03-UNRESOLVED,ALL5_LEVELS_bet23_to_bet27,19.3301,19.3301,19.3301,24.1626,24.1626,4.000000,4.000000,4.000000,5.000000,5.000000,96.000000,96.000000,96.000000,95.000000,95.000000,5.0,106.3154,97.3877,376.9363,385.864,PENDING_AG03,FALSE,NOT_FOR_ENFORCEMENT,463.9216,36128.6106,483.2517,463.9216,19.3301,0.01139613,0.01094029,19.3301,463.9216,0.01094029,19.3301,19.3301,19.3301,24.1626,24.1626,463.9216,0.01094029,106.3154,97.3877,376.9363,385.864,0.00888898,0.00909952,0.00045585,19.2749,17.1375,0.2201,5.7530,0.6409,504.8200,26.1429,7.1751,39.7174,2.9515,6.1317,20.2037,44.018,88.0359,220.0898,5.1098,0.0,14.357485,35.893712,3.143486,29,158,125,3,0.23384124,0.01139613,-0.00825174,0E-8,0.000000,0.887492,0.846818,0.02564465,2026-03-24,2026-08-06,84,754,547,136,0.617647,0.180654,0.372251,0.779471,,,,,,,,GLOBAL_BASELINE_NO_ENTITY_RANKING,,,NOT_APPLICABLE_GLOBAL_BASELINE,HF9g-P5,,,,X 全窗基线 · 不参与实体赏罚,8397722,840,A168_HF9F_20260827_0900,2026-08-27 09:00:00
2026-03-29,129740297,2156,0,110.0448983185,-110.0448983185,-110.0448983185,0E-7,1,1,0.49324550000000000,0.493245500000,-0.9865810262130424,-0.9865810262130424,-0.9865810262130424,0E-17,ELIGIBLE,R03b_20260811_FULL_v1,L1_ELIGIBILITY,v2026-08-11,2026-03-21..2026-08-06,baccarat_bet02_101_all_pairs_incl_sentinel,round_win = game_pnl > 0 (decisive only),COMPATIBILITY_ONLY_NOT_PRODUCTION,42404.8770,37633.9694,483.2517,2200,2196,-0.01139613,0.00825174,-0.01739291,-0.01139613,-483.2517,42404.8770,OK,0.0000,19.3301,4.0000,96.0000,AG03-UNRESOLVED,ALL5_LEVELS_bet23_to_bet27,19.3301,19.3301,19.3301,24.1626,24.1626,4.000000,4.000000,4.000000,5.000000,5.000000,96.000000,96.000000,96.000000,95.000000,95.000000,5.0,106.3154,97.3877,376.9363,385.864,PENDING_AG03,FALSE,NOT_FOR_ENFORCEMENT,463.9216,36128.6106,483.2517,463.9216,19.3301,0.01139613,0.01094029,19.3301,463.9216,0.01094029,19.3301,19.3301,19.3301,24.1626,24.1626,463.9216,0.01094029,106.3154,97.3877,376.9363,385.864,0.00888898,0.00909952,0.00045585,19.2749,17.1375,0.2201,5.7530,0.6409,504.8200,26.1429,7.1751,39.7174,2.9515,6.1317,20.2037,44.018,88.0359,220.0898,5.1098,0.0,14.357485,35.893712,3.143486,29,158,125,3,0.23384124,0.01139613,-0.00825174,0E-8,0.000000,0.887492,0.846818,0.02564465,2026-03-24,2026-08-06,84,754,547,136,0.617647,0.180654,0.372251,0.779471,,,,,,,,GLOBAL_BASELINE_NO_ENTITY_RANKING,,,NOT_APPLICABLE_GLOBAL_BASELINE,HF9g-P5,,,,X 全窗基线 · 不参与实体赏罚,8397723,840,A168_HF9F_20260827_0900,2026-08-27 09:00:00
2026-03-29,129740297,2201,0,220.0897966370,44.0179593274,44.0179593274,0.5000000,3,3,0.50665070000000000,0.506650700000,-0.018812684590367487,-0.018812684590367487,-0.018812684590367487,0E-17,ELIGIBLE,R03b_20260811_FULL_v1,L1_ELIGIBILITY,v2026-08-11,2026-03-21..2026-08-06,baccarat_bet02_101_all_pairs_incl_sentinel,round_win = game_pnl > 0 (decisive only),COMPATIBILITY_ONLY_NOT_PRODUCTION,42404.8770,37633.9694,483.2517,2200,2196,-0.01139613,0.00825174,-0.01739291,-0.01139613,-483.2517,42404.8770,OK,0.0000,19.3301,4.0000,96.0000,AG03-UNRESOLVED,ALL5_LEVELS_bet23_to_bet27,19.3301,19.3301,19.3301,24.1626,24.1626,4.000000,4.000000,4.000000,5.000000,5.000000,96.000000,96.000000,96.000000,95.000000,95.000000,5.0,106.3154,97.3877,376.9363,385.864,PENDING_AG03,FALSE,NOT_FOR_ENFORCEMENT,463.9216,36128.6106,483.2517,463.9216,19.3301,0.01139613,0.01094029,19.3301,463.9216,0.01094029,19.3301,19.3301,19.3301,24.1626,24.1626,463.9216,0.01094029,106.3154,97.3877,376.9363,385.864,0.00888898,0.00909952,0.00045585,19.2749,17.1375,0.2201,5.7530,0.6409,504.8200,26.1429,7.1751,39.7174,2.9515,6.1317,20.2037,44.018,88.0359,220.0898,5.1098,0.0,14.357485,35.893712,3.143486,29,158,125,3,0.23384124,0.01139613,-0.00825174,0E-8,0.000000,0.887492,0.846818,0.02564465,2026-03-24,2026-08-06,84,754,547,136,0.617647,0.180654,0.372251,0.779471,,,,,,,,GLOBAL_BASELINE_NO_ENTITY_RANKING,,,NOT_APPLICABLE_GLOBAL_BASELINE,HF9g-P5,,,,X 全窗基线 · 不参与实体赏罚,8397724,840,A168_HF9F_20260827_0900,2026-08-27 09:00:00
2026-03-29,129740297,2220,0,440.1795932740,440.1795932740,440.1795932740,1.0000000,3,3,0.49324550000000000,0.493245500000,1.755609282511032,1.7556092825110319,1.755609282511032,0E-17,ELIGIBLE,R03b_20260811_FULL_v1,L1_ELIGIBILITY,v2026-08-11,2026-03-21..2026-08-06,baccarat_bet02_101_all_pairs_incl_sentinel,round_win = game_pnl > 0 (decisive only),COMPATIBILITY_ONLY_NOT_PRODUCTION,42404.8770,37633.9694,483.2517,2200,2196,-0.01139613,0.00825174,-0.01739291,-0.01139613,-483.2517,42404.8770,OK,0.0000,19.3301,4.0000,96.0000,AG03-UNRESOLVED,ALL5_LEVELS_bet23_to_bet27,19.3301,19.3301,19.3301,24.1626,24.1626,4.000000,4.000000,4.000000,5.000000,5.000000,96.000000,96.000000,96.000000,95.000000,95.000000,5.0,106.3154,97.3877,376.9363,385.864,PENDING_AG03,FALSE,NOT_FOR_ENFORCEMENT,463.9216,36128.6106,483.2517,463.9216,19.3301,0.01139613,0.01094029,19.3301,463.9216,0.01094029,19.3301,19.3301,19.3301,24.1626,24.1626,463.9216,0.01094029,106.3154,97.3877,376.9363,385.864,0.00888898,0.00909952,0.00045585,19.2749,17.1375,0.2201,5.7530,0.6409,504.8200,26.1429,7.1751,39.7174,2.9515,6.1317,20.2037,44.018,88.0359,220.0898,5.1098,0.0,14.357485,35.893712,3.143486,29,158,125,3,0.23384124,0.01139613,-0.00825174,0E-8,0.000000,0.887492,0.846818,0.02564465,2026-03-24,2026-08-06,84,754,547,136,0.617647,0.180654,0.372251,0.779471,,,,,,,,GLOBAL_BASELINE_NO_ENTITY_RANKING,,,NOT_APPLICABLE_GLOBAL_BASELINE,HF9g-P5,,,,X 全窗基线 · 不参与实体赏罚,8397725,840,A168_HF9F_20260827_0900,2026-08-27 09:00:00
2026-03-29,129740297,2232,0,176.0718373096,110.0448983185,110.0448983185,0.7500000,5,5,0.50665070000000000,0.506650700000,0.9734833216690844,0.9734833216690844,0.9734833216690844,0E-17,ELIGIBLE,R03b_20260811_FULL_v1,L1_ELIGIBILITY,v2026-08-11,2026-03-21..2026-08-06,baccarat_bet02_101_all_pairs_incl_sentinel,round_win = game_pnl > 0 (decisive only),COMPATIBILITY_ONLY_NOT_PRODUCTION,42404.8770,37633.9694,483.2517,2200,2196,-0.01139613,0.00825174,-0.01739291,-0.01139613,-483.2517,42404.8770,OK,0.0000,19.3301,4.0000,96.0000,AG03-UNRESOLVED,ALL5_LEVELS_bet23_to_bet27,19.3301,19.3301,19.3301,24.1626,24.1626,4.000000,4.000000,4.000000,5.000000,5.000000,96.000000,96.000000,96.000000,95.000000,95.000000,5.0,106.3154,97.3877,376.9363,385.864,PENDING_AG03,FALSE,NOT_FOR_ENFORCEMENT,463.9216,36128.6106,483.2517,463.9216,19.3301,0.01139613,0.01094029,19.3301,463.9216,0.01094029,19.3301,19.3301,19.3301,24.1626,24.1626,463.9216,0.01094029,106.3154,97.3877,376.9363,385.864,0.00888898,0.00909952,0.00045585,19.2749,17.1375,0.2201,5.7530,0.6409,504.8200,26.1429,7.1751,39.7174,2.9515,6.1317,20.2037,44.018,88.0359,220.0898,5.1098,0.0,14.357485,35.893712,3.143486,29,158,125,3,0.23384124,0.01139613,-0.00825174,0E-8,0.000000,0.887492,0.846818,0.02564465,2026-03-24,2026-08-06,84,754,547,136,0.617647,0.180654,0.372251,0.779471,,,,,,,,GLOBAL_BASELINE_NO_ENTITY_RANKING,,,NOT_APPLICABLE_GLOBAL_BASELINE,HF9g-P5,,,,X 全窗基线 · 不参与实体赏罚,8397726,840,A168_HF9F_20260827_0900,2026-08-27 09:00:00
2026-03-29,129740297,2239,0,132.0538779822,-132.0538779822,-132.0538779822,0E-7,2,2,0.49324550000000000,0.493245500000,-1.3952362676504506,-1.3952362676504506,-1.3952362676504506,0E-17,ELIGIBLE,R03b_20260811_FULL_v1,L1_ELIGIBILITY,v2026-08-11,2026-03-21..2026-08-06,baccarat_bet02_101_all_pairs_incl_sentinel,round_win = game_pnl > 0 (decisive only),COMPATIBILITY_ONLY_NOT_PRODUCTION,42404.8770,37633.9694,483.2517,2200,2196,-0.01139613,0.00825174,-0.01739291,-0.01139613,-483.2517,42404.8770,OK,0.0000,19.3301,4.0000,96.0000,AG03-UNRESOLVED,ALL5_LEVELS_bet23_to_bet27,19.3301,19.3301,19.3301,24.1626,24.1626,4.000000,4.000000,4.000000,5.000000,5.000000,96.000000,96.000000,96.000000,95.000000,95.000000,5.0,106.3154,97.3877,376.9363,385.864,PENDING_AG03,FALSE,NOT_FOR_ENFORCEMENT,463.9216,36128.6106,483.2517,463.9216,19.3301,0.01139613,0.01094029,19.3301,463.9216,0.01094029,19.3301,19.3301,19.3301,24.1626,24.1626,463.9216,0.01094029,106.3154,97.3877,376.9363,385.864,0.00888898,0.00909952,0.00045585,19.2749,17.1375,0.2201,5.7530,0.6409,504.8200,26.1429,7.1751,39.7174,2.9515,6.1317,20.2037,44.018,88.0359,220.0898,5.1098,0.0,14.357485,35.893712,3.143486,29,158,125,3,0.23384124,0.01139613,-0.00825174,0E-8,0.000000,0.887492,0.846818,0.02564465,2026-03-24,2026-08-06,84,754,547,136,0.617647,0.180654,0.372251,0.779471,,,,,,,,GLOBAL_BASELINE_NO_ENTITY_RANKING,,,NOT_APPLICABLE_GLOBAL_BASELINE,HF9g-P5,,,,X 全窗基线 · 不参与实体赏罚,8397727,840,A168_HF9F_20260827_0900,2026-08-27 09:00:00
2026-03-29,129740297,2252,0,44.0179593274,-44.0179593274,-44.0179593274,0E-7,1,1,0.49324550000000000,0.493245500000,-0.9865810262130424,-0.9865810262130424,-0.9865810262130424,0E-17,ELIGIBLE,R03b_20260811_FULL_v1,L1_ELIGIBILITY,v2026-08-11,2026-03-21..2026-08-06,baccarat_bet02_101_all_pairs_incl_sentinel,round_win = game_pnl > 0 (decisive only),COMPATIBILITY_ONLY_NOT_PRODUCTION,42404.8770,37633.9694,483.2517,2200,2196,-0.01139613,0.00825174,-0.01739291,-0.01139613,-483.2517,42404.8770,OK,0.0000,19.3301,4.0000,96.0000,AG03-UNRESOLVED,ALL5_LEVELS_bet23_to_bet27,19.3301,19.3301,19.3301,24.1626,24.1626,4.000000,4.000000,4.000000,5.000000,5.000000,96.000000,96.000000,96.000000,95.000000,95.000000,5.0,106.3154,97.3877,376.9363,385.864,PENDING_AG03,FALSE,NOT_FOR_ENFORCEMENT,463.9216,36128.6106,483.2517,463.9216,19.3301,0.01139613,0.01094029,19.3301,463.9216,0.01094029,19.3301,19.3301,19.3301,24.1626,24.1626,463.9216,0.01094029,106.3154,97.3877,376.9363,385.864,0.00888898,0.00909952,0.00045585,19.2749,17.1375,0.2201,5.7530,0.6409,504.8200,26.1429,7.1751,39.7174,2.9515,6.1317,20.2037,44.018,88.0359,220.0898,5.1098,0.0,14.357485,35.893712,3.143486,29,158,125,3,0.23384124,0.01139613,-0.00825174,0E-8,0.000000,0.887492,0.846818,0.02564465,2026-03-24,2026-08-06,84,754,547,136,0.617647,0.180654,0.372251,0.779471,,,,,,,,GLOBAL_BASELINE_NO_ENTITY_RANKING,,,NOT_APPLICABLE_GLOBAL_BASELINE,HF9g-P5,,,,X 全窗基线 · 不参与实体赏罚,8397728,840,A168_HF9F_20260827_0900,2026-08-27 09:00:00
2026-03-29,129740297,2254,0,220.0897966370,-220.0897966370,-220.0897966370,0E-7,1,1,0.49324550000000000,0.493245500000,-0.9865810262130424,-0.9865810262130424,-0.9865810262130424,0E-17,ELIGIBLE,R03b_20260811_FULL_v1,L1_ELIGIBILITY,v2026-08-11,2026-03-21..2026-08-06,baccarat_bet02_101_all_pairs_incl_sentinel,round_win = game_pnl > 0 (decisive only),COMPATIBILITY_ONLY_NOT_PRODUCTION,42404.8770,37633.9694,483.2517,2200,2196,-0.01139613,0.00825174,-0.01739291,-0.01139613,-483.2517,42404.8770,OK,0.0000,19.3301,4.0000,96.0000,AG03-UNRESOLVED,ALL5_LEVELS_bet23_to_bet27,19.3301,19.3301,19.3301,24.1626,24.1626,4.000000,4.000000,4.000000,5.000000,5.000000,96.000000,96.000000,96.000000,95.000000,95.000000,5.0,106.3154,97.3877,376.9363,385.864,PENDING_AG03,FALSE,NOT_FOR_ENFORCEMENT,463.9216,36128.6106,483.2517,463.9216,19.3301,0.01139613,0.01094029,19.3301,463.9216,0.01094029,19.3301,19.3301,19.3301,24.1626,24.1626,463.9216,0.01094029,106.3154,97.3877,376.9363,385.864,0.00888898,0.00909952,0.00045585,19.2749,17.1375,0.2201,5.7530,0.6409,504.8200,26.1429,7.1751,39.7174,2.9515,6.1317,20.2037,44.018,88.0359,220.0898,5.1098,0.0,14.357485,35.893712,3.143486,29,158,125,3,0.23384124,0.01139613,-0.00825174,0E-8,0.000000,0.887492,0.846818,0.02564465,2026-03-24,2026-08-06,84,754,547,136,0.617647,0.180654,0.372251,0.779471,,,,,,,,GLOBAL_BASELINE_NO_ENTITY_RANKING,,,NOT_APPLICABLE_GLOBAL_BASELINE,HF9g-P5,,,,X 全窗基线 · 不参与实体赏罚,8397729,840,A168_HF9F_20260827_0900,2026-08-27 09:00:00
2026-03-29,129740297,2264,0,440.1795932740,-220.0897966370,-220.0897966370,0E-7,2,2,0.49324550000000000,0.493245500000,-0.9865810262130424,-0.9865810262130424,-0.9865810262130424,0E-17,ELIGIBLE,R03b_20260811_FULL_v1,L1_ELIGIBILITY,v2026-08-11,2026-03-21..2026-08-06,baccarat_bet02_101_all_pairs_incl_sentinel,round_win = game_pnl > 0 (decisive only),COMPATIBILITY_ONLY_NOT_PRODUCTION,42404.8770,37633.9694,483.2517,2200,2196,-0.01139613,0.00825174,-0.01739291,-0.01139613,-483.2517,42404.8770,OK,0.0000,19.3301,4.0000,96.0000,AG03-UNRESOLVED,ALL5_LEVELS_bet23_to_bet27,19.3301,19.3301,19.3301,24.1626,24.1626,4.000000,4.000000,4.000000,5.000000,5.000000,96.000000,96.000000,96.000000,95.000000,95.000000,5.0,106.3154,97.3877,376.9363,385.864,PENDING_AG03,FALSE,NOT_FOR_ENFORCEMENT,463.9216,36128.6106,483.2517,463.9216,19.3301,0.01139613,0.01094029,19.3301,463.9216,0.01094029,19.3301,19.3301,19.3301,24.1626,24.1626,463.9216,0.01094029,106.3154,97.3877,376.9363,385.864,0.00888898,0.00909952,0.00045585,19.2749,17.1375,0.2201,5.7530,0.6409,504.8200,26.1429,7.1751,39.7174,2.9515,6.1317,20.2037,44.018,88.0359,220.0898,5.1098,0.0,14.357485,35.893712,3.143486,29,158,125,3,0.23384124,0.01139613,-0.00825174,0E-8,0.000000,0.887492,0.846818,0.02564465,2026-03-24,2026-08-06,84,754,547,136,0.617647,0.180654,0.372251,0.779471,,,,,,,,GLOBAL_BASELINE_NO_ENTITY_RANKING,,,NOT_APPLICABLE_GLOBAL_BASELINE,HF9g-P5,,,,X 全窗基线 · 不参与实体赏罚,8397730,840,A168_HF9F_20260827_0900,2026-08-27 09:00:00
2026-03-29,129740297,526,0,374.1526542829,-374.1526542829,-374.1526542829,0E-7,2,2,0.50665070000000000,0.506650700000,-1.4331513700195317,-1.4331513700195317,-1.4331513700195317,0E-17,ELIGIBLE,R03b_20260811_FULL_v1,L1_ELIGIBILITY,v2026-08-11,2026-03-21..2026-08-06,baccarat_bet02_101_all_pairs_incl_sentinel,round_win = game_pnl > 0 (decisive only),COMPATIBILITY_ONLY_NOT_PRODUCTION,42404.8770,37633.9694,483.2517,2200,2196,-0.01139613,0.00825174,-0.01739291,-0.01139613,-483.2517,42404.8770,OK,0.0000,19.3301,4.0000,96.0000,AG03-UNRESOLVED,ALL5_LEVELS_bet23_to_bet27,19.3301,19.3301,19.3301,24.1626,24.1626,4.000000,4.000000,4.000000,5.000000,5.000000,96.000000,96.000000,96.000000,95.000000,95.000000,5.0,106.3154,97.3877,376.9363,385.864,PENDING_AG03,FALSE,NOT_FOR_ENFORCEMENT,463.9216,36128.6106,483.2517,463.9216,19.3301,0.01139613,0.01094029,19.3301,463.9216,0.01094029,19.3301,19.3301,19.3301,24.1626,24.1626,463.9216,0.01094029,106.3154,97.3877,376.9363,385.864,0.00888898,0.00909952,0.00045585,19.2749,17.1375,0.2201,5.7530,0.6409,504.8200,26.1429,7.1751,39.7174,2.9515,6.1317,20.2037,44.018,88.0359,220.0898,5.1098,0.0,14.357485,35.893712,3.143486,29,158,125,3,0.23384124,0.01139613,-0.00825174,0E-8,0.000000,0.887492,0.846818,0.02564465,2026-03-24,2026-08-06,84,754,547,136,0.617647,0.180654,0.372251,0.779471,,,,,,,,GLOBAL_BASELINE_NO_ENTITY_RANKING,,,NOT_APPLICABLE_GLOBAL_BASELINE,HF9g-P5,,,,X 全窗基线 · 不参与实体赏罚,8397731,840,A168_HF9F_20260827_0900,2026-08-27 09:00:00
2026-03-29,129740297,925,0,66.0269389911,44.0179593274,44.0179593274,1.0000000,2,2,0.49324550000000000,0.493245500000,1.01360149184955,1.01360149184955,1.01360149184955,0E-17,ELIGIBLE,R03b_20260811_FULL_v1,L1_ELIGIBILITY,v2026-08-11,2026-03-21..2026-08-06,baccarat_bet02_101_all_pairs_incl_sentinel,round_win = game_pnl > 0 (decisive only),COMPATIBILITY_ONLY_NOT_PRODUCTION,42404.8770,37633.9694,483.2517,2200,2196,-0.01139613,0.00825174,-0.01739291,-0.01139613,-483.2517,42404.8770,OK,0.0000,19.3301,4.0000,96.0000,AG03-UNRESOLVED,ALL5_LEVELS_bet23_to_bet27,19.3301,19.3301,19.3301,24.1626,24.1626,4.000000,4.000000,4.000000,5.000000,5.000000,96.000000,96.000000,96.000000,95.000000,95.000000,5.0,106.3154,97.3877,376.9363,385.864,PENDING_AG03,FALSE,NOT_FOR_ENFORCEMENT,463.9216,36128.6106,483.2517,463.9216,19.3301,0.01139613,0.01094029,19.3301,463.9216,0.01094029,19.3301,19.3301,19.3301,24.1626,24.1626,463.9216,0.01094029,106.3154,97.3877,376.9363,385.864,0.00888898,0.00909952,0.00045585,19.2749,17.1375,0.2201,5.7530,0.6409,504.8200,26.1429,7.1751,39.7174,2.9515,6.1317,20.2037,44.018,88.0359,220.0898,5.1098,0.0,14.357485,35.893712,3.143486,29,158,125,3,0.23384124,0.01139613,-0.00825174,0E-8,0.000000,0.887492,0.846818,0.02564465,2026-03-24,2026-08-06,84,754,547,136,0.617647,0.180654,0.372251,0.779471,,,,,,,,GLOBAL_BASELINE_NO_ENTITY_RANKING,,,NOT_APPLICABLE_GLOBAL_BASELINE,HF9g-P5,,,,X 全窗基线 · 不参与实体赏罚,8397732,840,A168_HF9F_20260827_0900,2026-08-27 09:00:00
2026-03-29,129740297,986,0,22.0089796637,-22.0089796637,-22.0089796637,0E-7,1,1,0.50665070000000000,0.506650700000,-1.013391052207602,-1.013391052207602,-1.013391052207602,0E-17,ELIGIBLE,R03b_20260811_FULL_v1,L1_ELIGIBILITY,v2026-08-11,2026-03-21..2026-08-06,baccarat_bet02_101_all_pairs_incl_sentinel,round_win = game_pnl > 0 (decisive only),COMPATIBILITY_ONLY_NOT_PRODUCTION,42404.8770,37633.9694,483.2517,2200,2196,-0.01139613,0.00825174,-0.01739291,-0.01139613,-483.2517,42404.8770,OK,0.0000,19.3301,4.0000,96.0000,AG03-UNRESOLVED,ALL5_LEVELS_bet23_to_bet27,19.3301,19.3301,19.3301,24.1626,24.1626,4.000000,4.000000,4.000000,5.000000,5.000000,96.000000,96.000000,96.000000,95.000000,95.000000,5.0,106.3154,97.3877,376.9363,385.864,PENDING_AG03,FALSE,NOT_FOR_ENFORCEMENT,463.9216,36128.6106,483.2517,463.9216,19.3301,0.01139613,0.01094029,19.3301,463.9216,0.01094029,19.3301,19.3301,19.3301,24.1626,24.1626,463.9216,0.01094029,106.3154,97.3877,376.9363,385.864,0.00888898,0.00909952,0.00045585,19.2749,17.1375,0.2201,5.7530,0.6409,504.8200,26.1429,7.1751,39.7174,2.9515,6.1317,20.2037,44.018,88.0359,220.0898,5.1098,0.0,14.357485,35.893712,3.143486,29,158,125,3,0.23384124,0.01139613,-0.00825174,0E-8,0.000000,0.887492,0.846818,0.02564465,2026-03-24,2026-08-06,84,754,547,136,0.617647,0.180654,0.372251,0.779471,,,,,,,,GLOBAL_BASELINE_NO_ENTITY_RANKING,,,NOT_APPLICABLE_GLOBAL_BASELINE,HF9g-P5,,,,X 全窗基线 · 不参与实体赏罚,8397733,840,A168_HF9F_20260827_0900,2026-08-27 09:00:00
2026-03-30,129740297,-1,1,222.7308741971,-39.3960735982,-39.3960735982,0.3636364,14,14,0.50090561428571429,0.500905614286,-0.9105426928554478,-0.9105426928573439,-0.9105426928554478,-2.8571E-13,SENTINEL_DEALER,R03b_20260811_FULL_v1,L1_ELIGIBILITY,v2026-08-11,2026-03-21..2026-08-06,baccarat_bet02_101_all_pairs_incl_sentinel,round_win = game_pnl > 0 (decisive only),COMPATIBILITY_ONLY_NOT_PRODUCTION,42404.8770,37633.9694,483.2517,2200,2196,-0.01139613,0.00825174,-0.01739291,-0.01139613,-483.2517,42404.8770,OK,0.0000,19.3301,4.0000,96.0000,AG03-UNRESOLVED,ALL5_LEVELS_bet23_to_bet27,19.3301,19.3301,19.3301,24.1626,24.1626,4.000000,4.000000,4.000000,5.000000,5.000000,96.000000,96.000000,96.000000,95.000000,95.000000,5.0,106.3154,97.3877,376.9363,385.864,PENDING_AG03,FALSE,NOT_FOR_ENFORCEMENT,463.9216,36128.6106,483.2517,463.9216,19.3301,0.01139613,0.01094029,19.3301,463.9216,0.01094029,19.3301,19.3301,19.3301,24.1626,24.1626,463.9216,0.01094029,106.3154,97.3877,376.9363,385.864,0.00888898,0.00909952,0.00045585,19.2749,17.1375,0.2201,5.7530,0.6409,504.8200,26.1429,7.1751,39.7174,2.9515,6.1317,20.2037,44.018,88.0359,220.0898,5.1098,0.0,14.357485,35.893712,3.143486,29,158,125,3,0.23384124,0.01139613,-0.00825174,0E-8,0.000000,0.887492,0.846818,0.02564465,2026-03-24,2026-08-06,84,754,547,136,0.617647,0.180654,0.372251,0.779471,,,,,,,,GLOBAL_BASELINE_NO_ENTITY_RANKING,,,NOT_APPLICABLE_GLOBAL_BASELINE,HF9g-P5,,,,X 全窗基线 · 不参与实体赏罚,8397734,840,A168_HF9F_20260827_0900,2026-08-27 09:00:00
2026-03-30,129740297,1151,0,11.0044898319,-11.0044898319,-11.0044898319,0E-7,1,1,0.49324550000000000,0.493245500000,-0.9865810262130424,-0.9865810262130424,-0.9865810262130424,0E-17,ELIGIBLE,R03b_20260811_FULL_v1,L1_ELIGIBILITY,v2026-08-11,2026-03-21..2026-08-06,baccarat_bet02_101_all_pairs_incl_sentinel,round_win = game_pnl > 0 (decisive only),COMPATIBILITY_ONLY_NOT_PRODUCTION,42404.8770,37633.9694,483.2517,2200,2196,-0.01139613,0.00825174,-0.01739291,-0.01139613,-483.2517,42404.8770,OK,0.0000,19.3301,4.0000,96.0000,AG03-UNRESOLVED,ALL5_LEVELS_bet23_to_bet27,19.3301,19.3301,19.3301,24.1626,24.1626,4.000000,4.000000,4.000000,5.000000,5.000000,96.000000,96.000000,96.000000,95.000000,95.000000,5.0,106.3154,97.3877,376.9363,385.864,PENDING_AG03,FALSE,NOT_FOR_ENFORCEMENT,463.9216,36128.6106,483.2517,463.9216,19.3301,0.01139613,0.01094029,19.3301,463.9216,0.01094029,19.3301,19.3301,19.3301,24.1626,24.1626,463.9216,0.01094029,106.3154,97.3877,376.9363,385.864,0.00888898,0.00909952,0.00045585,19.2749,17.1375,0.2201,5.7530,0.6409,504.8200,26.1429,7.1751,39.7174,2.9515,6.1317,20.2037,44.018,88.0359,220.0898,5.1098,0.0,14.357485,35.893712,3.143486,29,158,125,3,0.23384124,0.01139613,-0.00825174,0E-8,0.000000,0.887492,0.846818,0.02564465,2026-03-24,2026-08-06,84,754,547,136,0.617647,0.180654,0.372251,0.779471,,,,,,,,GLOBAL_BASELINE_NO_ENTITY_RANKING,,,NOT_APPLICABLE_GLOBAL_BASELINE,HF9g-P5,,,,X 全窗基线 · 不参与实体赏罚,8397735,840,A168_HF9F_20260827_0900,2026-08-27 09:00:00
2026-03-30,129740297,1185,0,16.5067347478,-16.5067347478,-16.5067347478,0E-7,1,1,0.50665070000000000,0.506650700000,-1.013391052207602,-1.013391052207602,-1.013391052207602,0E-17,ELIGIBLE,R03b_20260811_FULL_v1,L1_ELIGIBILITY,v2026-08-11,2026-03-21..2026-08-06,baccarat_bet02_101_all_pairs_incl_sentinel,round_win = game_pnl > 0 (decisive only),COMPATIBILITY_ONLY_NOT_PRODUCTION,42404.8770,37633.9694,483.2517,2200,2196,-0.01139613,0.00825174,-0.01739291,-0.01139613,-483.2517,42404.8770,OK,0.0000,19.3301,4.0000,96.0000,AG03-UNRESOLVED,ALL5_LEVELS_bet23_to_bet27,19.3301,19.3301,19.3301,24.1626,24.1626,4.000000,4.000000,4.000000,5.000000,5.000000,96.000000,96.000000,96.000000,95.000000,95.000000,5.0,106.3154,97.3877,376.9363,385.864,PENDING_AG03,FALSE,NOT_FOR_ENFORCEMENT,463.9216,36128.6106,483.2517,463.9216,19.3301,0.01139613,0.01094029,19.3301,463.9216,0.01094029,19.3301,19.3301,19.3301,24.1626,24.1626,463.9216,0.01094029,106.3154,97.3877,376.9363,385.864,0.00888898,0.00909952,0.00045585,19.2749,17.1375,0.2201,5.7530,0.6409,504.8200,26.1429,7.1751,39.7174,2.9515,6.1317,20.2037,44.018,88.0359,220.0898,5.1098,0.0,14.357485,35.893712,3.143486,29,158,125,3,0.23384124,0.01139613,-0.00825174,0E-8,0.000000,0.887492,0.846818,0.02564465,2026-03-24,2026-08-06,84,754,547,136,0.617647,0.180654,0.372251,0.779471,,,,,,,,GLOBAL_BASELINE_NO_ENTITY_RANKING,,,NOT_APPLICABLE_GLOBAL_BASELINE,HF9g-P5,,,,X 全窗基线 · 不参与实体赏罚,8397736,840,A168_HF9F_20260827_0900,2026-08-27 09:00:00
2026-03-30,129740297,1304,0,16.5067347478,16.5067347478,16.5067347478,1.0000000,1,1,0.50665070000000000,0.506650700000,0.9867858985152569,0.9867858985152569,0.9867858985152569,0E-17,ELIGIBLE,R03b_20260811_FULL_v1,L1_ELIGIBILITY,v2026-08-11,2026-03-21..2026-08-06,baccarat_bet02_101_all_pairs_incl_sentinel,round_win = game_pnl > 0 (decisive only),COMPATIBILITY_ONLY_NOT_PRODUCTION,42404.8770,37633.9694,483.2517,2200,2196,-0.01139613,0.00825174,-0.01739291,-0.01139613,-483.2517,42404.8770,OK,0.0000,19.3301,4.0000,96.0000,AG03-UNRESOLVED,ALL5_LEVELS_bet23_to_bet27,19.3301,19.3301,19.3301,24.1626,24.1626,4.000000,4.000000,4.000000,5.000000,5.000000,96.000000,96.000000,96.000000,95.000000,95.000000,5.0,106.3154,97.3877,376.9363,385.864,PENDING_AG03,FALSE,NOT_FOR_ENFORCEMENT,463.9216,36128.6106,483.2517,463.9216,19.3301,0.01139613,0.01094029,19.3301,463.9216,0.01094029,19.3301,19.3301,19.3301,24.1626,24.1626,463.9216,0.01094029,106.3154,97.3877,376.9363,385.864,0.00888898,0.00909952,0.00045585,19.2749,17.1375,0.2201,5.7530,0.6409,504.8200,26.1429,7.1751,39.7174,2.9515,6.1317,20.2037,44.018,88.0359,220.0898,5.1098,0.0,14.357485,35.893712,3.143486,29,158,125,3,0.23384124,0.01139613,-0.00825174,0E-8,0.000000,0.887492,0.846818,0.02564465,2026-03-24,2026-08-06,84,754,547,136,0.617647,0.180654,0.372251,0.779471,,,,,,,,GLOBAL_BASELINE_NO_ENTITY_RANKING,,,NOT_APPLICABLE_GLOBAL_BASELINE,HF9g-P5,,,,X 全窗基线 · 不参与实体赏罚,8397737,840,A168_HF9F_20260827_0900,2026-08-27 09:00:00
2026-03-30,129740297,1331,0,2.8611673563,-2.8611673563,-2.8611673563,0E-7,1,1,0.50665070000000000,0.506650700000,-1.013391052207602,-1.013391052207602,-1.013391052207602,0E-17,ELIGIBLE,R03b_20260811_FULL_v1,L1_ELIGIBILITY,v2026-08-11,2026-03-21..2026-08-06,baccarat_bet02_101_all_pairs_incl_sentinel,round_win = game_pnl > 0 (decisive only),COMPATIBILITY_ONLY_NOT_PRODUCTION,42404.8770,37633.9694,483.2517,2200,2196,-0.01139613,0.00825174,-0.01739291,-0.01139613,-483.2517,42404.8770,OK,0.0000,19.3301,4.0000,96.0000,AG03-UNRESOLVED,ALL5_LEVELS_bet23_to_bet27,19.3301,19.3301,19.3301,24.1626,24.1626,4.000000,4.000000,4.000000,5.000000,5.000000,96.000000,96.000000,96.000000,95.000000,95.000000,5.0,106.3154,97.3877,376.9363,385.864,PENDING_AG03,FALSE,NOT_FOR_ENFORCEMENT,463.9216,36128.6106,483.2517,463.9216,19.3301,0.01139613,0.01094029,19.3301,463.9216,0.01094029,19.3301,19.3301,19.3301,24.1626,24.1626,463.9216,0.01094029,106.3154,97.3877,376.9363,385.864,0.00888898,0.00909952,0.00045585,19.2749,17.1375,0.2201,5.7530,0.6409,504.8200,26.1429,7.1751,39.7174,2.9515,6.1317,20.2037,44.018,88.0359,220.0898,5.1098,0.0,14.357485,35.893712,3.143486,29,158,125,3,0.23384124,0.01139613,-0.00825174,0E-8,0.000000,0.887492,0.846818,0.02564465,2026-03-24,2026-08-06,84,754,547,136,0.617647,0.180654,0.372251,0.779471,,,,,,,,GLOBAL_BASELINE_NO_ENTITY_RANKING,,,NOT_APPLICABLE_GLOBAL_BASELINE,HF9g-P5,,,,X 全窗基线 · 不参与实体赏罚,8397738,840,A168_HF9F_20260827_0900,2026-08-27 09:00:00
2026-03-30,129740297,1402,0,22.0089796638,22.0089796638,22.0089796638,1.0000000,2,2,0.49324550000000000,0.493245500000,1.4334489766152358,1.4334489766152358,1.4334489766152358,0E-17,ELIGIBLE,R03b_20260811_FULL_v1,L1_ELIGIBILITY,v2026-08-11,2026-03-21..2026-08-06,baccarat_bet02_101_all_pairs_incl_sentinel,round_win = game_pnl > 0 (decisive only),COMPATIBILITY_ONLY_NOT_PRODUCTION,42404.8770,37633.9694,483.2517,2200,2196,-0.01139613,0.00825174,-0.01739291,-0.01139613,-483.2517,42404.8770,OK,0.0000,19.3301,4.0000,96.0000,AG03-UNRESOLVED,ALL5_LEVELS_bet23_to_bet27,19.3301,19.3301,19.3301,24.1626,24.1626,4.000000,4.000000,4.000000,5.000000,5.000000,96.000000,96.000000,96.000000,95.000000,95.000000,5.0,106.3154,97.3877,376.9363,385.864,PENDING_AG03,FALSE,NOT_FOR_ENFORCEMENT,463.9216,36128.6106,483.2517,463.9216,19.3301,0.01139613,0.01094029,19.3301,463.9216,0.01094029,19.3301,19.3301,19.3301,24.1626,24.1626,463.9216,0.01094029,106.3154,97.3877,376.9363,385.864,0.00888898,0.00909952,0.00045585,19.2749,17.1375,0.2201,5.7530,0.6409,504.8200,26.1429,7.1751,39.7174,2.9515,6.1317,20.2037,44.018,88.0359,220.0898,5.1098,0.0,14.357485,35.893712,3.143486,29,158,125,3,0.23384124,0.01139613,-0.00825174,0E-8,0.000000,0.887492,0.846818,0.02564465,2026-03-24,2026-08-06,84,754,547,136,0.617647,0.180654,0.372251,0.779471,,,,,,,,GLOBAL_BASELINE_NO_ENTITY_RANKING,,,NOT_APPLICABLE_GLOBAL_BASELINE,HF9g-P5,,,,X 全窗基线 · 不参与实体赏罚,8397739,840,A168_HF9F_20260827_0900,2026-08-27 09:00:00
2026-03-30,129740297,1984,0,330.1346949555,-330.1346949555,-330.1346949555,0E-7,3,3,0.49324550000000000,0.493245500000,-1.708808463184432,-1.7088084631844318,-1.708808463184432,0E-17,ELIGIBLE,R03b_20260811_FULL_v1,L1_ELIGIBILITY,v2026-08-11,2026-03-21..2026-08-06,baccarat_bet02_101_all_pairs_incl_sentinel,round_win = game_pnl > 0 (decisive only),COMPATIBILITY_ONLY_NOT_PRODUCTION,42404.8770,37633.9694,483.2517,2200,2196,-0.01139613,0.00825174,-0.01739291,-0.01139613,-483.2517,42404.8770,OK,0.0000,19.3301,4.0000,96.0000,AG03-UNRESOLVED,ALL5_LEVELS_bet23_to_bet27,19.3301,19.3301,19.3301,24.1626,24.1626,4.000000,4.000000,4.000000,5.000000,5.000000,96.000000,96.000000,96.000000,95.000000,95.000000,5.0,106.3154,97.3877,376.9363,385.864,PENDING_AG03,FALSE,NOT_FOR_ENFORCEMENT,463.9216,36128.6106,483.2517,463.9216,19.3301,0.01139613,0.01094029,19.3301,463.9216,0.01094029,19.3301,19.3301,19.3301,24.1626,24.1626,463.9216,0.01094029,106.3154,97.3877,376.9363,385.864,0.00888898,0.00909952,0.00045585,19.2749,17.1375,0.2201,5.7530,0.6409,504.8200,26.1429,7.1751,39.7174,2.9515,6.1317,20.2037,44.018,88.0359,220.0898,5.1098,0.0,14.357485,35.893712,3.143486,29,158,125,3,0.23384124,0.01139613,-0.00825174,0E-8,0.000000,0.887492,0.846818,0.02564465,2026-03-24,2026-08-06,84,754,547,136,0.617647,0.180654,0.372251,0.779471,,,,,,,,GLOBAL_BASELINE_NO_ENTITY_RANKING,,,NOT_APPLICABLE_GLOBAL_BASELINE,HF9g-P5,,,,X 全窗基线 · 不参与实体赏罚,8397740,840,A168_HF9F_20260827_0900,2026-08-27 09:00:00
2026-03-30,129740297,2088,0,22.0089796638,-11.0044898319,-11.0044898319,0E-7,2,2,0.50665070000000000,0.506650700000,-1.013391052207602,-1.013391052207602,-1.013391052207602,0E-17,ELIGIBLE,R03b_20260811_FULL_v1,L1_ELIGIBILITY,v2026-08-11,2026-03-21..2026-08-06,baccarat_bet02_101_all_pairs_incl_sentinel,round_win = game_pnl > 0 (decisive only),COMPATIBILITY_ONLY_NOT_PRODUCTION,42404.8770,37633.9694,483.2517,2200,2196,-0.01139613,0.00825174,-0.01739291,-0.01139613,-483.2517,42404.8770,OK,0.0000,19.3301,4.0000,96.0000,AG03-UNRESOLVED,ALL5_LEVELS_bet23_to_bet27,19.3301,19.3301,19.3301,24.1626,24.1626,4.000000,4.000000,4.000000,5.000000,5.000000,96.000000,96.000000,96.000000,95.000000,95.000000,5.0,106.3154,97.3877,376.9363,385.864,PENDING_AG03,FALSE,NOT_FOR_ENFORCEMENT,463.9216,36128.6106,483.2517,463.9216,19.3301,0.01139613,0.01094029,19.3301,463.9216,0.01094029,19.3301,19.3301,19.3301,24.1626,24.1626,463.9216,0.01094029,106.3154,97.3877,376.9363,385.864,0.00888898,0.00909952,0.00045585,19.2749,17.1375,0.2201,5.7530,0.6409,504.8200,26.1429,7.1751,39.7174,2.9515,6.1317,20.2037,44.018,88.0359,220.0898,5.1098,0.0,14.357485,35.893712,3.143486,29,158,125,3,0.23384124,0.01139613,-0.00825174,0E-8,0.000000,0.887492,0.846818,0.02564465,2026-03-24,2026-08-06,84,754,547,136,0.617647,0.180654,0.372251,0.779471,,,,,,,,GLOBAL_BASELINE_NO_ENTITY_RANKING,,,NOT_APPLICABLE_GLOBAL_BASELINE,HF9g-P5,,,,X 全窗基线 · 不参与实体赏罚,8397741,840,A168_HF9F_20260827_0900,2026-08-27 09:00:00
2026-03-30,129740297,2155,0,22.0089796638,-11.0044898319,-11.0044898319,0E-7,2,2,0.49324550000000000,0.493245500000,-0.9865810262130424,-0.9865810262130424,-0.9865810262130424,0E-17,ELIGIBLE,R03b_20260811_FULL_v1,L1_ELIGIBILITY,v2026-08-11,2026-03-21..2026-08-06,baccarat_bet02_101_all_pairs_incl_sentinel,round_win = game_pnl > 0 (decisive only),COMPATIBILITY_ONLY_NOT_PRODUCTION,42404.8770,37633.9694,483.2517,2200,2196,-0.01139613,0.00825174,-0.01739291,-0.01139613,-483.2517,42404.8770,OK,0.0000,19.3301,4.0000,96.0000,AG03-UNRESOLVED,ALL5_LEVELS_bet23_to_bet27,19.3301,19.3301,19.3301,24.1626,24.1626,4.000000,4.000000,4.000000,5.000000,5.000000,96.000000,96.000000,96.000000,95.000000,95.000000,5.0,106.3154,97.3877,376.9363,385.864,PENDING_AG03,FALSE,NOT_FOR_ENFORCEMENT,463.9216,36128.6106,483.2517,463.9216,19.3301,0.01139613,0.01094029,19.3301,463.9216,0.01094029,19.3301,19.3301,19.3301,24.1626,24.1626,463.9216,0.01094029,106.3154,97.3877,376.9363,385.864,0.00888898,0.00909952,0.00045585,19.2749,17.1375,0.2201,5.7530,0.6409,504.8200,26.1429,7.1751,39.7174,2.9515,6.1317,20.2037,44.018,88.0359,220.0898,5.1098,0.0,14.357485,35.893712,3.143486,29,158,125,3,0.23384124,0.01139613,-0.00825174,0E-8,0.000000,0.887492,0.846818,0.02564465,2026-03-24,2026-08-06,84,754,547,136,0.617647,0.180654,0.372251,0.779471,,,,,,,,GLOBAL_BASELINE_NO_ENTITY_RANKING,,,NOT_APPLICABLE_GLOBAL_BASELINE,HF9g-P5,,,,X 全窗基线 · 不参与实体赏罚,8397742,840,A168_HF9F_20260827_0900,2026-08-27 09:00:00
2026-03-30,129740297,2202,0,71.5291839071,33.0134694955,33.0134694955,0.7500000,4,4,0.50665070000000000,0.506650700000,0.9734833216690844,0.9734833216690844,0.9734833216690844,0E-17,ELIGIBLE,R03b_20260811_FULL_v1,L1_ELIGIBILITY,v2026-08-11,2026-03-21..2026-08-06,baccarat_bet02_101_all_pairs_incl_sentinel,round_win = game_pnl > 0 (decisive only),COMPATIBILITY_ONLY_NOT_PRODUCTION,42404.8770,37633.9694,483.2517,2200,2196,-0.01139613,0.00825174,-0.01739291,-0.01139613,-483.2517,42404.8770,OK,0.0000,19.3301,4.0000,96.0000,AG03-UNRESOLVED,ALL5_LEVELS_bet23_to_bet27,19.3301,19.3301,19.3301,24.1626,24.1626,4.000000,4.000000,4.000000,5.000000,5.000000,96.000000,96.000000,96.000000,95.000000,95.000000,5.0,106.3154,97.3877,376.9363,385.864,PENDING_AG03,FALSE,NOT_FOR_ENFORCEMENT,463.9216,36128.6106,483.2517,463.9216,19.3301,0.01139613,0.01094029,19.3301,463.9216,0.01094029,19.3301,19.3301,19.3301,24.1626,24.1626,463.9216,0.01094029,106.3154,97.3877,376.9363,385.864,0.00888898,0.00909952,0.00045585,19.2749,17.1375,0.2201,5.7530,0.6409,504.8200,26.1429,7.1751,39.7174,2.9515,6.1317,20.2037,44.018,88.0359,220.0898,5.1098,0.0,14.357485,35.893712,3.143486,29,158,125,3,0.23384124,0.01139613,-0.00825174,0E-8,0.000000,0.887492,0.846818,0.02564465,2026-03-24,2026-08-06,84,754,547,136,0.617647,0.180654,0.372251,0.779471,,,,,,,,GLOBAL_BASELINE_NO_ENTITY_RANKING,,,NOT_APPLICABLE_GLOBAL_BASELINE,HF9g-P5,,,,X 全窗基线 · 不参与实体赏罚,8397743,840,A168_HF9F_20260827_0900,2026-08-27 09:00:00
2026-03-30,129740297,2233,0,55.0224491593,11.0044898319,11.0044898319,0.6666667,3,3,0.49324550000000000,0.493245500000,0.6008033672792107,0.6008033672792106,0.6008033672792107,0E-17,ELIGIBLE,R03b_20260811_FULL_v1,L1_ELIGIBILITY,v2026-08-11,2026-03-21..2026-08-06,baccarat_bet02_101_all_pairs_incl_sentinel,round_win = game_pnl > 0 (decisive only),COMPATIBILITY_ONLY_NOT_PRODUCTION,42404.8770,37633.9694,483.2517,2200,2196,-0.01139613,0.00825174,-0.01739291,-0.01139613,-483.2517,42404.8770,OK,0.0000,19.3301,4.0000,96.0000,AG03-UNRESOLVED,ALL5_LEVELS_bet23_to_bet27,19.3301,19.3301,19.3301,24.1626,24.1626,4.000000,4.000000,4.000000,5.000000,5.000000,96.000000,96.000000,96.000000,95.000000,95.000000,5.0,106.3154,97.3877,376.9363,385.864,PENDING_AG03,FALSE,NOT_FOR_ENFORCEMENT,463.9216,36128.6106,483.2517,463.9216,19.3301,0.01139613,0.01094029,19.3301,463.9216,0.01094029,19.3301,19.3301,19.3301,24.1626,24.1626,463.9216,0.01094029,106.3154,97.3877,376.9363,385.864,0.00888898,0.00909952,0.00045585,19.2749,17.1375,0.2201,5.7530,0.6409,504.8200,26.1429,7.1751,39.7174,2.9515,6.1317,20.2037,44.018,88.0359,220.0898,5.1098,0.0,14.357485,35.893712,3.143486,29,158,125,3,0.23384124,0.01139613,-0.00825174,0E-8,0.000000,0.887492,0.846818,0.02564465,2026-03-24,2026-08-06,84,754,547,136,0.617647,0.180654,0.372251,0.779471,,,,,,,,GLOBAL_BASELINE_NO_ENTITY_RANKING,,,NOT_APPLICABLE_GLOBAL_BASELINE,HF9g-P5,,,,X 全窗基线 · 不参与实体赏罚,8397744,840,A168_HF9F_20260827_0900,2026-08-27 09:00:00
2026-03-30,129740297,2239,0,27.5112245797,22.0089796637,22.0089796637,1.0000000,2,2,0.50665070000000000,0.506650700000,1.3955260008387969,1.3955260008387969,1.3955260008387969,0E-17,ELIGIBLE,R03b_20260811_FULL_v1,L1_ELIGIBILITY,v2026-08-11,2026-03-21..2026-08-06,baccarat_bet02_101_all_pairs_incl_sentinel,round_win = game_pnl > 0 (decisive only),COMPATIBILITY_ONLY_NOT_PRODUCTION,42404.8770,37633.9694,483.2517,2200,2196,-0.01139613,0.00825174,-0.01739291,-0.01139613,-483.2517,42404.8770,OK,0.0000,19.3301,4.0000,96.0000,AG03-UNRESOLVED,ALL5_LEVELS_bet23_to_bet27,19.3301,19.3301,19.3301,24.1626,24.1626,4.000000,4.000000,4.000000,5.000000,5.000000,96.000000,96.000000,96.000000,95.000000,95.000000,5.0,106.3154,97.3877,376.9363,385.864,PENDING_AG03,FALSE,NOT_FOR_ENFORCEMENT,463.9216,36128.6106,483.2517,463.9216,19.3301,0.01139613,0.01094029,19.3301,463.9216,0.01094029,19.3301,19.3301,19.3301,24.1626,24.1626,463.9216,0.01094029,106.3154,97.3877,376.9363,385.864,0.00888898,0.00909952,0.00045585,19.2749,17.1375,0.2201,5.7530,0.6409,504.8200,26.1429,7.1751,39.7174,2.9515,6.1317,20.2037,44.018,88.0359,220.0898,5.1098,0.0,14.357485,35.893712,3.143486,29,158,125,3,0.23384124,0.01139613,-0.00825174,0E-8,0.000000,0.887492,0.846818,0.02564465,2026-03-24,2026-08-06,84,754,547,136,0.617647,0.180654,0.372251,0.779471,,,,,,,,GLOBAL_BASELINE_NO_ENTITY_RANKING,,,NOT_APPLICABLE_GLOBAL_BASELINE,HF9g-P5,,,,X 全窗基线 · 不参与实体赏罚,8397745,840,A168_HF9F_20260827_0900,2026-08-27 09:00:00
2026-03-30,129740297,526,0,11.0044898319,-11.0044898319,-11.0044898319,0E-7,1,1,0.50665070000000000,0.506650700000,-1.013391052207602,-1.013391052207602,-1.013391052207602,0E-17,ELIGIBLE,R03b_20260811_FULL_v1,L1_ELIGIBILITY,v2026-08-11,2026-03-21..2026-08-06,baccarat_bet02_101_all_pairs_incl_sentinel,round_win = game_pnl > 0 (decisive only),COMPATIBILITY_ONLY_NOT_PRODUCTION,42404.8770,37633.9694,483.2517,2200,2196,-0.01139613,0.00825174,-0.01739291,-0.01139613,-483.2517,42404.8770,OK,0.0000,19.3301,4.0000,96.0000,AG03-UNRESOLVED,ALL5_LEVELS_bet23_to_bet27,19.3301,19.3301,19.3301,24.1626,24.1626,4.000000,4.000000,4.000000,5.000000,5.000000,96.000000,96.000000,96.000000,95.000000,95.000000,5.0,106.3154,97.3877,376.9363,385.864,PENDING_AG03,FALSE,NOT_FOR_ENFORCEMENT,463.9216,36128.6106,483.2517,463.9216,19.3301,0.01139613,0.01094029,19.3301,463.9216,0.01094029,19.3301,19.3301,19.3301,24.1626,24.1626,463.9216,0.01094029,106.3154,97.3877,376.9363,385.864,0.00888898,0.00909952,0.00045585,19.2749,17.1375,0.2201,5.7530,0.6409,504.8200,26.1429,7.1751,39.7174,2.9515,6.1317,20.2037,44.018,88.0359,220.0898,5.1098,0.0,14.357485,35.893712,3.143486,29,158,125,3,0.23384124,0.01139613,-0.00825174,0E-8,0.000000,0.887492,0.846818,0.02564465,2026-03-24,2026-08-06,84,754,547,136,0.617647,0.180654,0.372251,0.779471,,,,,,,,GLOBAL_BASELINE_NO_ENTITY_RANKING,,,NOT_APPLICABLE_GLOBAL_BASELINE,HF9g-P5,,,,X 全窗基线 · 不参与实体赏罚,8397746,840,A168_HF9F_20260827_0900,2026-08-27 09:00:00
2026-03-30,129740297,583,0,22.0089796637,22.0089796637,22.0089796637,1.0000000,1,1,0.49324550000000000,0.493245500000,1.01360149184955,1.01360149184955,1.01360149184955,0E-17,ELIGIBLE,R03b_20260811_FULL_v1,L1_ELIGIBILITY,v2026-08-11,2026-03-21..2026-08-06,baccarat_bet02_101_all_pairs_incl_sentinel,round_win = game_pnl > 0 (decisive only),COMPATIBILITY_ONLY_NOT_PRODUCTION,42404.8770,37633.9694,483.2517,2200,2196,-0.01139613,0.00825174,-0.01739291,-0.01139613,-483.2517,42404.8770,OK,0.0000,19.3301,4.0000,96.0000,AG03-UNRESOLVED,ALL5_LEVELS_bet23_to_bet27,19.3301,19.3301,19.3301,24.1626,24.1626,4.000000,4.000000,4.000000,5.000000,5.000000,96.000000,96.000000,96.000000,95.000000,95.000000,5.0,106.3154,97.3877,376.9363,385.864,PENDING_AG03,FALSE,NOT_FOR_ENFORCEMENT,463.9216,36128.6106,483.2517,463.9216,19.3301,0.01139613,0.01094029,19.3301,463.9216,0.01094029,19.3301,19.3301,19.3301,24.1626,24.1626,463.9216,0.01094029,106.3154,97.3877,376.9363,385.864,0.00888898,0.00909952,0.00045585,19.2749,17.1375,0.2201,5.7530,0.6409,504.8200,26.1429,7.1751,39.7174,2.9515,6.1317,20.2037,44.018,88.0359,220.0898,5.1098,0.0,14.357485,35.893712,3.143486,29,158,125,3,0.23384124,0.01139613,-0.00825174,0E-8,0.000000,0.887492,0.846818,0.02564465,2026-03-24,2026-08-06,84,754,547,136,0.617647,0.180654,0.372251,0.779471,,,,,,,,GLOBAL_BASELINE_NO_ENTITY_RANKING,,,NOT_APPLICABLE_GLOBAL_BASELINE,HF9g-P5,,,,X 全窗基线 · 不参与实体赏罚,8397747,840,A168_HF9F_20260827_0900,2026-08-27 09:00:00
2026-03-30,129740297,595,0,88.0359186548,-44.0179593274,-44.0179593274,0.2500000,4,4,0.50665070000000000,0.506650700000,-1.0266936290537745,-1.0266936290537745,-1.0266936290537745,0E-17,ELIGIBLE,R03b_20260811_FULL_v1,L1_ELIGIBILITY,v2026-08-11,2026-03-21..2026-08-06,baccarat_bet02_101_all_pairs_incl_sentinel,round_win = game_pnl > 0 (decisive only),COMPATIBILITY_ONLY_NOT_PRODUCTION,42404.8770,37633.9694,483.2517,2200,2196,-0.01139613,0.00825174,-0.01739291,-0.01139613,-483.2517,42404.8770,OK,0.0000,19.3301,4.0000,96.0000,AG03-UNRESOLVED,ALL5_LEVELS_bet23_to_bet27,19.3301,19.3301,19.3301,24.1626,24.1626,4.000000,4.000000,4.000000,5.000000,5.000000,96.000000,96.000000,96.000000,95.000000,95.000000,5.0,106.3154,97.3877,376.9363,385.864,PENDING_AG03,FALSE,NOT_FOR_ENFORCEMENT,463.9216,36128.6106,483.2517,463.9216,19.3301,0.01139613,0.01094029,19.3301,463.9216,0.01094029,19.3301,19.3301,19.3301,24.1626,24.1626,463.9216,0.01094029,106.3154,97.3877,376.9363,385.864,0.00888898,0.00909952,0.00045585,19.2749,17.1375,0.2201,5.7530,0.6409,504.8200,26.1429,7.1751,39.7174,2.9515,6.1317,20.2037,44.018,88.0359,220.0898,5.1098,0.0,14.357485,35.893712,3.143486,29,158,125,3,0.23384124,0.01139613,-0.00825174,0E-8,0.000000,0.887492,0.846818,0.02564465,2026-03-24,2026-08-06,84,754,547,136,0.617647,0.180654,0.372251,0.779471,,,,,,,,GLOBAL_BASELINE_NO_ENTITY_RANKING,,,NOT_APPLICABLE_GLOBAL_BASELINE,HF9g-P5,,,,X 全窗基线 · 不参与实体赏罚,8397748,840,A168_HF9F_20260827_0900,2026-08-27 09:00:00
2026-03-30,129740297,925,0,49.5202042434,-16.5067347478,-16.5067347478,0.3333333,3,3,0.50665070000000000,0.506650700000,-0.6004420894325239,-0.6004420894325239,-0.6004420894325239,0E-17,ELIGIBLE,R03b_20260811_FULL_v1,L1_ELIGIBILITY,v2026-08-11,2026-03-21..2026-08-06,baccarat_bet02_101_all_pairs_incl_sentinel,round_win = game_pnl > 0 (decisive only),COMPATIBILITY_ONLY_NOT_PRODUCTION,42404.8770,37633.9694,483.2517,2200,2196,-0.01139613,0.00825174,-0.01739291,-0.01139613,-483.2517,42404.8770,OK,0.0000,19.3301,4.0000,96.0000,AG03-UNRESOLVED,ALL5_LEVELS_bet23_to_bet27,19.3301,19.3301,19.3301,24.1626,24.1626,4.000000,4.000000,4.000000,5.000000,5.000000,96.000000,96.000000,96.000000,95.000000,95.000000,5.0,106.3154,97.3877,376.9363,385.864,PENDING_AG03,FALSE,NOT_FOR_ENFORCEMENT,463.9216,36128.6106,483.2517,463.9216,19.3301,0.01139613,0.01094029,19.3301,463.9216,0.01094029,19.3301,19.3301,19.3301,24.1626,24.1626,463.9216,0.01094029,106.3154,97.3877,376.9363,385.864,0.00888898,0.00909952,0.00045585,19.2749,17.1375,0.2201,5.7530,0.6409,504.8200,26.1429,7.1751,39.7174,2.9515,6.1317,20.2037,44.018,88.0359,220.0898,5.1098,0.0,14.357485,35.893712,3.143486,29,158,125,3,0.23384124,0.01139613,-0.00825174,0E-8,0.000000,0.887492,0.846818,0.02564465,2026-03-24,2026-08-06,84,754,547,136,0.617647,0.180654,0.372251,0.779471,,,,,,,,GLOBAL_BASELINE_NO_ENTITY_RANKING,,,NOT_APPLICABLE_GLOBAL_BASELINE,HF9g-P5,,,,X 全窗基线 · 不参与实体赏罚,8397749,840,A168_HF9F_20260827_0900,2026-08-27 09:00:00
2026-03-31,129740297,-1,1,683.5525778123,31.7392612580,31.7392612580,0.4347826,29,29,0.49833023103448276,0.498330231034,-0.6095307797979006,-0.6095307797932721,-0.6095307797979006,4.8276E-13,SENTINEL_DEALER,R03b_20260811_FULL_v1,L1_ELIGIBILITY,v2026-08-11,2026-03-21..2026-08-06,baccarat_bet02_101_all_pairs_incl_sentinel,round_win = game_pnl > 0 (decisive only),COMPATIBILITY_ONLY_NOT_PRODUCTION,42404.8770,37633.9694,483.2517,2200,2196,-0.01139613,0.00825174,-0.01739291,-0.01139613,-483.2517,42404.8770,OK,0.0000,19.3301,4.0000,96.0000,AG03-UNRESOLVED,ALL5_LEVELS_bet23_to_bet27,19.3301,19.3301,19.3301,24.1626,24.1626,4.000000,4.000000,4.000000,5.000000,5.000000,96.000000,96.000000,96.000000,95.000000,95.000000,5.0,106.3154,97.3877,376.9363,385.864,PENDING_AG03,FALSE,NOT_FOR_ENFORCEMENT,463.9216,36128.6106,483.2517,463.9216,19.3301,0.01139613,0.01094029,19.3301,463.9216,0.01094029,19.3301,19.3301,19.3301,24.1626,24.1626,463.9216,0.01094029,106.3154,97.3877,376.9363,385.864,0.00888898,0.00909952,0.00045585,19.2749,17.1375,0.2201,5.7530,0.6409,504.8200,26.1429,7.1751,39.7174,2.9515,6.1317,20.2037,44.018,88.0359,220.0898,5.1098,0.0,14.357485,35.893712,3.143486,29,158,125,3,0.23384124,0.01139613,-0.00825174,0E-8,0.000000,0.887492,0.846818,0.02564465,2026-03-24,2026-08-06,84,754,547,136,0.617647,0.180654,0.372251,0.779471,,,,,,,,GLOBAL_BASELINE_NO_ENTITY_RANKING,,,NOT_APPLICABLE_GLOBAL_BASELINE,HF9g-P5,,,,X 全窗基线 · 不参与实体赏罚,8397750,840,A168_HF9F_20260827_0900,2026-08-27 09:00:00
2026-03-31,129740297,1017,0,88.0359186548,-44.0179593274,-44.0179593274,0.3333333,3,3,0.50665070000000000,0.506650700000,-0.6004420894325239,-0.6004420894325239,-0.6004420894325239,0E-17,ELIGIBLE,R03b_20260811_FULL_v1,L1_ELIGIBILITY,v2026-08-11,2026-03-21..2026-08-06,baccarat_bet02_101_all_pairs_incl_sentinel,round_win = game_pnl > 0 (decisive only),COMPATIBILITY_ONLY_NOT_PRODUCTION,42404.8770,37633.9694,483.2517,2200,2196,-0.01139613,0.00825174,-0.01739291,-0.01139613,-483.2517,42404.8770,OK,0.0000,19.3301,4.0000,96.0000,AG03-UNRESOLVED,ALL5_LEVELS_bet23_to_bet27,19.3301,19.3301,19.3301,24.1626,24.1626,4.000000,4.000000,4.000000,5.000000,5.000000,96.000000,96.000000,96.000000,95.000000,95.000000,5.0,106.3154,97.3877,376.9363,385.864,PENDING_AG03,FALSE,NOT_FOR_ENFORCEMENT,463.9216,36128.6106,483.2517,463.9216,19.3301,0.01139613,0.01094029,19.3301,463.9216,0.01094029,19.3301,19.3301,19.3301,24.1626,24.1626,463.9216,0.01094029,106.3154,97.3877,376.9363,385.864,0.00888898,0.00909952,0.00045585,19.2749,17.1375,0.2201,5.7530,0.6409,504.8200,26.1429,7.1751,39.7174,2.9515,6.1317,20.2037,44.018,88.0359,220.0898,5.1098,0.0,14.357485,35.893712,3.143486,29,158,125,3,0.23384124,0.01139613,-0.00825174,0E-8,0.000000,0.887492,0.846818,0.02564465,2026-03-24,2026-08-06,84,754,547,136,0.617647,0.180654,0.372251,0.779471,,,,,,,,GLOBAL_BASELINE_NO_ENTITY_RANKING,,,NOT_APPLICABLE_GLOBAL_BASELINE,HF9g-P5,,,,X 全窗基线 · 不参与实体赏罚,8397751,840,A168_HF9F_20260827_0900,2026-08-27 09:00:00
2026-03-31,129740297,1078,0,22.0089796637,22.0089796637,22.0089796637,1.0000000,1,1,0.50665070000000000,0.506650700000,0.9867858985152569,0.9867858985152569,0.9867858985152569,0E-17,ELIGIBLE,R03b_20260811_FULL_v1,L1_ELIGIBILITY,v2026-08-11,2026-03-21..2026-08-06,baccarat_bet02_101_all_pairs_incl_sentinel,round_win = game_pnl > 0 (decisive only),COMPATIBILITY_ONLY_NOT_PRODUCTION,42404.8770,37633.9694,483.2517,2200,2196,-0.01139613,0.00825174,-0.01739291,-0.01139613,-483.2517,42404.8770,OK,0.0000,19.3301,4.0000,96.0000,AG03-UNRESOLVED,ALL5_LEVELS_bet23_to_bet27,19.3301,19.3301,19.3301,24.1626,24.1626,4.000000,4.000000,4.000000,5.000000,5.000000,96.000000,96.000000,96.000000,95.000000,95.000000,5.0,106.3154,97.3877,376.9363,385.864,PENDING_AG03,FALSE,NOT_FOR_ENFORCEMENT,463.9216,36128.6106,483.2517,463.9216,19.3301,0.01139613,0.01094029,19.3301,463.9216,0.01094029,19.3301,19.3301,19.3301,24.1626,24.1626,463.9216,0.01094029,106.3154,97.3877,376.9363,385.864,0.00888898,0.00909952,0.00045585,19.2749,17.1375,0.2201,5.7530,0.6409,504.8200,26.1429,7.1751,39.7174,2.9515,6.1317,20.2037,44.018,88.0359,220.0898,5.1098,0.0,14.357485,35.893712,3.143486,29,158,125,3,0.23384124,0.01139613,-0.00825174,0E-8,0.000000,0.887492,0.846818,0.02564465,2026-03-24,2026-08-06,84,754,547,136,0.617647,0.180654,0.372251,0.779471,,,,,,,,GLOBAL_BASELINE_NO_ENTITY_RANKING,,,NOT_APPLICABLE_GLOBAL_BASELINE,HF9g-P5,,,,X 全窗基线 · 不参与实体赏罚,8397752,840,A168_HF9F_20260827_0900,2026-08-27 09:00:00
2026-03-31,129740297,1151,0,66.0269389911,-44.0179593274,-44.0179593274,0E-7,2,2,0.50665070000000000,0.506650700000,-1.013391052207602,-1.013391052207602,-1.013391052207602,0E-17,ELIGIBLE,R03b_20260811_FULL_v1,L1_ELIGIBILITY,v2026-08-11,2026-03-21..2026-08-06,baccarat_bet02_101_all_pairs_incl_sentinel,round_win = game_pnl > 0 (decisive only),COMPATIBILITY_ONLY_NOT_PRODUCTION,42404.8770,37633.9694,483.2517,2200,2196,-0.01139613,0.00825174,-0.01739291,-0.01139613,-483.2517,42404.8770,OK,0.0000,19.3301,4.0000,96.0000,AG03-UNRESOLVED,ALL5_LEVELS_bet23_to_bet27,19.3301,19.3301,19.3301,24.1626,24.1626,4.000000,4.000000,4.000000,5.000000,5.000000,96.000000,96.000000,96.000000,95.000000,95.000000,5.0,106.3154,97.3877,376.9363,385.864,PENDING_AG03,FALSE,NOT_FOR_ENFORCEMENT,463.9216,36128.6106,483.2517,463.9216,19.3301,0.01139613,0.01094029,19.3301,463.9216,0.01094029,19.3301,19.3301,19.3301,24.1626,24.1626,463.9216,0.01094029,106.3154,97.3877,376.9363,385.864,0.00888898,0.00909952,0.00045585,19.2749,17.1375,0.2201,5.7530,0.6409,504.8200,26.1429,7.1751,39.7174,2.9515,6.1317,20.2037,44.018,88.0359,220.0898,5.1098,0.0,14.357485,35.893712,3.143486,29,158,125,3,0.23384124,0.01139613,-0.00825174,0E-8,0.000000,0.887492,0.846818,0.02564465,2026-03-24,2026-08-06,84,754,547,136,0.617647,0.180654,0.372251,0.779471,,,,,,,,GLOBAL_BASELINE_NO_ENTITY_RANKING,,,NOT_APPLICABLE_GLOBAL_BASELINE,HF9g-P5,,,,X 全窗基线 · 不参与实体赏罚,8397753,840,A168_HF9F_20260827_0900,2026-08-27 09:00:00
2026-03-31,129740297,1402,0,286.1167356281,-110.0448983185,-110.0448983185,0.3750000,10,10,0.49324550000000000,0.493245500000,-0.6689586021016365,-0.6689586021016365,-0.6689586021016365,0E-17,ELIGIBLE,R03b_20260811_FULL_v1,L1_ELIGIBILITY,v2026-08-11,2026-03-21..2026-08-06,baccarat_bet02_101_all_pairs_incl_sentinel,round_win = game_pnl > 0 (decisive only),COMPATIBILITY_ONLY_NOT_PRODUCTION,42404.8770,37633.9694,483.2517,2200,2196,-0.01139613,0.00825174,-0.01739291,-0.01139613,-483.2517,42404.8770,OK,0.0000,19.3301,4.0000,96.0000,AG03-UNRESOLVED,ALL5_LEVELS_bet23_to_bet27,19.3301,19.3301,19.3301,24.1626,24.1626,4.000000,4.000000,4.000000,5.000000,5.000000,96.000000,96.000000,96.000000,95.000000,95.000000,5.0,106.3154,97.3877,376.9363,385.864,PENDING_AG03,FALSE,NOT_FOR_ENFORCEMENT,463.9216,36128.6106,483.2517,463.9216,19.3301,0.01139613,0.01094029,19.3301,463.9216,0.01094029,19.3301,19.3301,19.3301,24.1626,24.1626,463.9216,0.01094029,106.3154,97.3877,376.9363,385.864,0.00888898,0.00909952,0.00045585,19.2749,17.1375,0.2201,5.7530,0.6409,504.8200,26.1429,7.1751,39.7174,2.9515,6.1317,20.2037,44.018,88.0359,220.0898,5.1098,0.0,14.357485,35.893712,3.143486,29,158,125,3,0.23384124,0.01139613,-0.00825174,0E-8,0.000000,0.887492,0.846818,0.02564465,2026-03-24,2026-08-06,84,754,547,136,0.617647,0.180654,0.372251,0.779471,,,,,,,,GLOBAL_BASELINE_NO_ENTITY_RANKING,,,NOT_APPLICABLE_GLOBAL_BASELINE,HF9g-P5,,,,X 全窗基线 · 不参与实体赏罚,8397754,840,A168_HF9F_20260827_0900,2026-08-27 09:00:00
2026-03-31,129740297,1505,0,154.0628576460,-88.0359186548,-88.0359186548,0.3333333,6,6,0.49771390000000000,0.497713900000,-0.8053054414300617,-0.8053054414300617,-0.8053054414300617,0E-17,ELIGIBLE,R03b_20260811_FULL_v1,L1_ELIGIBILITY,v2026-08-11,2026-03-21..2026-08-06,baccarat_bet02_101_all_pairs_incl_sentinel,round_win = game_pnl > 0 (decisive only),COMPATIBILITY_ONLY_NOT_PRODUCTION,42404.8770,37633.9694,483.2517,2200,2196,-0.01139613,0.00825174,-0.01739291,-0.01139613,-483.2517,42404.8770,OK,0.0000,19.3301,4.0000,96.0000,AG03-UNRESOLVED,ALL5_LEVELS_bet23_to_bet27,19.3301,19.3301,19.3301,24.1626,24.1626,4.000000,4.000000,4.000000,5.000000,5.000000,96.000000,96.000000,96.000000,95.000000,95.000000,5.0,106.3154,97.3877,376.9363,385.864,PENDING_AG03,FALSE,NOT_FOR_ENFORCEMENT,463.9216,36128.6106,483.2517,463.9216,19.3301,0.01139613,0.01094029,19.3301,463.9216,0.01094029,19.3301,19.3301,19.3301,24.1626,24.1626,463.9216,0.01094029,106.3154,97.3877,376.9363,385.864,0.00888898,0.00909952,0.00045585,19.2749,17.1375,0.2201,5.7530,0.6409,504.8200,26.1429,7.1751,39.7174,2.9515,6.1317,20.2037,44.018,88.0359,220.0898,5.1098,0.0,14.357485,35.893712,3.143486,29,158,125,3,0.23384124,0.01139613,-0.00825174,0E-8,0.000000,0.887492,0.846818,0.02564465,2026-03-24,2026-08-06,84,754,547,136,0.617647,0.180654,0.372251,0.779471,,,,,,,,GLOBAL_BASELINE_NO_ENTITY_RANKING,,,NOT_APPLICABLE_GLOBAL_BASELINE,HF9g-P5,,,,X 全窗基线 · 不参与实体赏罚,8397755,840,A168_HF9F_20260827_0900,2026-08-27 09:00:00
2026-03-31,129740297,1645,0,44.0179593274,0E-10,0E-10,0.5000000,2,2,0.50665070000000000,0.506650700000,-0.018812684590367487,-0.018812684590367487,-0.018812684590367487,0E-17,ELIGIBLE,R03b_20260811_FULL_v1,L1_ELIGIBILITY,v2026-08-11,2026-03-21..2026-08-06,baccarat_bet02_101_all_pairs_incl_sentinel,round_win = game_pnl > 0 (decisive only),COMPATIBILITY_ONLY_NOT_PRODUCTION,42404.8770,37633.9694,483.2517,2200,2196,-0.01139613,0.00825174,-0.01739291,-0.01139613,-483.2517,42404.8770,OK,0.0000,19.3301,4.0000,96.0000,AG03-UNRESOLVED,ALL5_LEVELS_bet23_to_bet27,19.3301,19.3301,19.3301,24.1626,24.1626,4.000000,4.000000,4.000000,5.000000,5.000000,96.000000,96.000000,96.000000,95.000000,95.000000,5.0,106.3154,97.3877,376.9363,385.864,PENDING_AG03,FALSE,NOT_FOR_ENFORCEMENT,463.9216,36128.6106,483.2517,463.9216,19.3301,0.01139613,0.01094029,19.3301,463.9216,0.01094029,19.3301,19.3301,19.3301,24.1626,24.1626,463.9216,0.01094029,106.3154,97.3877,376.9363,385.864,0.00888898,0.00909952,0.00045585,19.2749,17.1375,0.2201,5.7530,0.6409,504.8200,26.1429,7.1751,39.7174,2.9515,6.1317,20.2037,44.018,88.0359,220.0898,5.1098,0.0,14.357485,35.893712,3.143486,29,158,125,3,0.23384124,0.01139613,-0.00825174,0E-8,0.000000,0.887492,0.846818,0.02564465,2026-03-24,2026-08-06,84,754,547,136,0.617647,0.180654,0.372251,0.779471,,,,,,,,GLOBAL_BASELINE_NO_ENTITY_RANKING,,,NOT_APPLICABLE_GLOBAL_BASELINE,HF9g-P5,,,,X 全窗基线 · 不参与实体赏罚,8397756,840,A168_HF9F_20260827_0900,2026-08-27 09:00:00
2026-03-31,129740297,1951,0,66.0269389911,66.0269389911,66.0269389911,1.0000000,2,2,0.50665070000000000,0.506650700000,1.3955260008387969,1.3955260008387969,1.3955260008387969,0E-17,ELIGIBLE,R03b_20260811_FULL_v1,L1_ELIGIBILITY,v2026-08-11,2026-03-21..2026-08-06,baccarat_bet02_101_all_pairs_incl_sentinel,round_win = game_pnl > 0 (decisive only),COMPATIBILITY_ONLY_NOT_PRODUCTION,42404.8770,37633.9694,483.2517,2200,2196,-0.01139613,0.00825174,-0.01739291,-0.01139613,-483.2517,42404.8770,OK,0.0000,19.3301,4.0000,96.0000,AG03-UNRESOLVED,ALL5_LEVELS_bet23_to_bet27,19.3301,19.3301,19.3301,24.1626,24.1626,4.000000,4.000000,4.000000,5.000000,5.000000,96.000000,96.000000,96.000000,95.000000,95.000000,5.0,106.3154,97.3877,376.9363,385.864,PENDING_AG03,FALSE,NOT_FOR_ENFORCEMENT,463.9216,36128.6106,483.2517,463.9216,19.3301,0.01139613,0.01094029,19.3301,463.9216,0.01094029,19.3301,19.3301,19.3301,24.1626,24.1626,463.9216,0.01094029,106.3154,97.3877,376.9363,385.864,0.00888898,0.00909952,0.00045585,19.2749,17.1375,0.2201,5.7530,0.6409,504.8200,26.1429,7.1751,39.7174,2.9515,6.1317,20.2037,44.018,88.0359,220.0898,5.1098,0.0,14.357485,35.893712,3.143486,29,158,125,3,0.23384124,0.01139613,-0.00825174,0E-8,0.000000,0.887492,0.846818,0.02564465,2026-03-24,2026-08-06,84,754,547,136,0.617647,0.180654,0.372251,0.779471,,,,,,,,GLOBAL_BASELINE_NO_ENTITY_RANKING,,,NOT_APPLICABLE_GLOBAL_BASELINE,HF9g-P5,,,,X 全窗基线 · 不参与实体赏罚,8397757,840,A168_HF9F_20260827_0900,2026-08-27 09:00:00
2026-03-31,129740297,1963,0,110.0448983185,-22.0089796637,-22.0089796637,0.5000000,4,4,0.50665070000000000,0.506650700000,-0.02660515369234503,-0.02660515369234503,-0.02660515369234503,0E-17,ELIGIBLE,R03b_20260811_FULL_v1,L1_ELIGIBILITY,v2026-08-11,2026-03-21..2026-08-06,baccarat_bet02_101_all_pairs_incl_sentinel,round_win = game_pnl > 0 (decisive only),COMPATIBILITY_ONLY_NOT_PRODUCTION,42404.8770,37633.9694,483.2517,2200,2196,-0.01139613,0.00825174,-0.01739291,-0.01139613,-483.2517,42404.8770,OK,0.0000,19.3301,4.0000,96.0000,AG03-UNRESOLVED,ALL5_LEVELS_bet23_to_bet27,19.3301,19.3301,19.3301,24.1626,24.1626,4.000000,4.000000,4.000000,5.000000,5.000000,96.000000,96.000000,96.000000,95.000000,95.000000,5.0,106.3154,97.3877,376.9363,385.864,PENDING_AG03,FALSE,NOT_FOR_ENFORCEMENT,463.9216,36128.6106,483.2517,463.9216,19.3301,0.01139613,0.01094029,19.3301,463.9216,0.01094029,19.3301,19.3301,19.3301,24.1626,24.1626,463.9216,0.01094029,106.3154,97.3877,376.9363,385.864,0.00888898,0.00909952,0.00045585,19.2749,17.1375,0.2201,5.7530,0.6409,504.8200,26.1429,7.1751,39.7174,2.9515,6.1317,20.2037,44.018,88.0359,220.0898,5.1098,0.0,14.357485,35.893712,3.143486,29,158,125,3,0.23384124,0.01139613,-0.00825174,0E-8,0.000000,0.887492,0.846818,0.02564465,2026-03-24,2026-08-06,84,754,547,136,0.617647,0.180654,0.372251,0.779471,,,,,,,,GLOBAL_BASELINE_NO_ENTITY_RANKING,,,NOT_APPLICABLE_GLOBAL_BASELINE,HF9g-P5,,,,X 全窗基线 · 不参与实体赏罚,8397758,840,A168_HF9F_20260827_0900,2026-08-27 09:00:00
2026-03-31,129740297,1991,0,66.0269389911,-22.0089796637,-22.0089796637,0.5000000,2,2,0.50665070000000000,0.506650700000,-0.018812684590367487,-0.018812684590367487,-0.018812684590367487,0E-17,ELIGIBLE,R03b_20260811_FULL_v1,L1_ELIGIBILITY,v2026-08-11,2026-03-21..2026-08-06,baccarat_bet02_101_all_pairs_incl_sentinel,round_win = game_pnl > 0 (decisive only),COMPATIBILITY_ONLY_NOT_PRODUCTION,42404.8770,37633.9694,483.2517,2200,2196,-0.01139613,0.00825174,-0.01739291,-0.01139613,-483.2517,42404.8770,OK,0.0000,19.3301,4.0000,96.0000,AG03-UNRESOLVED,ALL5_LEVELS_bet23_to_bet27,19.3301,19.3301,19.3301,24.1626,24.1626,4.000000,4.000000,4.000000,5.000000,5.000000,96.000000,96.000000,96.000000,95.000000,95.000000,5.0,106.3154,97.3877,376.9363,385.864,PENDING_AG03,FALSE,NOT_FOR_ENFORCEMENT,463.9216,36128.6106,483.2517,463.9216,19.3301,0.01139613,0.01094029,19.3301,463.9216,0.01094029,19.3301,19.3301,19.3301,24.1626,24.1626,463.9216,0.01094029,106.3154,97.3877,376.9363,385.864,0.00888898,0.00909952,0.00045585,19.2749,17.1375,0.2201,5.7530,0.6409,504.8200,26.1429,7.1751,39.7174,2.9515,6.1317,20.2037,44.018,88.0359,220.0898,5.1098,0.0,14.357485,35.893712,3.143486,29,158,125,3,0.23384124,0.01139613,-0.00825174,0E-8,0.000000,0.887492,0.846818,0.02564465,2026-03-24,2026-08-06,84,754,547,136,0.617647,0.180654,0.372251,0.779471,,,,,,,,GLOBAL_BASELINE_NO_ENTITY_RANKING,,,NOT_APPLICABLE_GLOBAL_BASELINE,HF9g-P5,,,,X 全窗基线 · 不参与实体赏罚,8397759,840,A168_HF9F_20260827_0900,2026-08-27 09:00:00
2026-03-31,129740297,2121,0,66.0269389911,0E-10,0E-10,0.5000000,3,3,0.49324550000000000,0.493245500000,0.01910635448239258,0.01910635448239258,0.01910635448239258,0E-17,ELIGIBLE,R03b_20260811_FULL_v1,L1_ELIGIBILITY,v2026-08-11,2026-03-21..2026-08-06,baccarat_bet02_101_all_pairs_incl_sentinel,round_win = game_pnl > 0 (decisive only),COMPATIBILITY_ONLY_NOT_PRODUCTION,42404.8770,37633.9694,483.2517,2200,2196,-0.01139613,0.00825174,-0.01739291,-0.01139613,-483.2517,42404.8770,OK,0.0000,19.3301,4.0000,96.0000,AG03-UNRESOLVED,ALL5_LEVELS_bet23_to_bet27,19.3301,19.3301,19.3301,24.1626,24.1626,4.000000,4.000000,4.000000,5.000000,5.000000,96.000000,96.000000,96.000000,95.000000,95.000000,5.0,106.3154,97.3877,376.9363,385.864,PENDING_AG03,FALSE,NOT_FOR_ENFORCEMENT,463.9216,36128.6106,483.2517,463.9216,19.3301,0.01139613,0.01094029,19.3301,463.9216,0.01094029,19.3301,19.3301,19.3301,24.1626,24.1626,463.9216,0.01094029,106.3154,97.3877,376.9363,385.864,0.00888898,0.00909952,0.00045585,19.2749,17.1375,0.2201,5.7530,0.6409,504.8200,26.1429,7.1751,39.7174,2.9515,6.1317,20.2037,44.018,88.0359,220.0898,5.1098,0.0,14.357485,35.893712,3.143486,29,158,125,3,0.23384124,0.01139613,-0.00825174,0E-8,0.000000,0.887492,0.846818,0.02564465,2026-03-24,2026-08-06,84,754,547,136,0.617647,0.180654,0.372251,0.779471,,,,,,,,GLOBAL_BASELINE_NO_ENTITY_RANKING,,,NOT_APPLICABLE_GLOBAL_BASELINE,HF9g-P5,,,,X 全窗基线 · 不参与实体赏罚,8397760,840,A168_HF9F_20260827_0900,2026-08-27 09:00:00
2026-03-31,129740297,2222,0,22.0089796637,22.0089796637,22.0089796637,1.0000000,1,1,0.49324550000000000,0.493245500000,1.01360149184955,1.01360149184955,1.01360149184955,0E-17,ELIGIBLE,R03b_20260811_FULL_v1,L1_ELIGIBILITY,v2026-08-11,2026-03-21..2026-08-06,baccarat_bet02_101_all_pairs_incl_sentinel,round_win = game_pnl > 0 (decisive only),COMPATIBILITY_ONLY_NOT_PRODUCTION,42404.8770,37633.9694,483.2517,2200,2196,-0.01139613,0.00825174,-0.01739291,-0.01139613,-483.2517,42404.8770,OK,0.0000,19.3301,4.0000,96.0000,AG03-UNRESOLVED,ALL5_LEVELS_bet23_to_bet27,19.3301,19.3301,19.3301,24.1626,24.1626,4.000000,4.000000,4.000000,5.000000,5.000000,96.000000,96.000000,96.000000,95.000000,95.000000,5.0,106.3154,97.3877,376.9363,385.864,PENDING_AG03,FALSE,NOT_FOR_ENFORCEMENT,463.9216,36128.6106,483.2517,463.9216,19.3301,0.01139613,0.01094029,19.3301,463.9216,0.01094029,19.3301,19.3301,19.3301,24.1626,24.1626,463.9216,0.01094029,106.3154,97.3877,376.9363,385.864,0.00888898,0.00909952,0.00045585,19.2749,17.1375,0.2201,5.7530,0.6409,504.8200,26.1429,7.1751,39.7174,2.9515,6.1317,20.2037,44.018,88.0359,220.0898,5.1098,0.0,14.357485,35.893712,3.143486,29,158,125,3,0.23384124,0.01139613,-0.00825174,0E-8,0.000000,0.887492,0.846818,0.02564465,2026-03-24,2026-08-06,84,754,547,136,0.617647,0.180654,0.372251,0.779471,,,,,,,,GLOBAL_BASELINE_NO_ENTITY_RANKING,,,NOT_APPLICABLE_GLOBAL_BASELINE,HF9g-P5,,,,X 全窗基线 · 不参与实体赏罚,8397761,840,A168_HF9F_20260827_0900,2026-08-27 09:00:00
2026-03-31,129740297,2232,0,22.0089796637,22.0089796637,22.0089796637,1.0000000,1,1,0.50665070000000000,0.506650700000,0.9867858985152569,0.9867858985152569,0.9867858985152569,0E-17,ELIGIBLE,R03b_20260811_FULL_v1,L1_ELIGIBILITY,v2026-08-11,2026-03-21..2026-08-06,baccarat_bet02_101_all_pairs_incl_sentinel,round_win = game_pnl > 0 (decisive only),COMPATIBILITY_ONLY_NOT_PRODUCTION,42404.8770,37633.9694,483.2517,2200,2196,-0.01139613,0.00825174,-0.01739291,-0.01139613,-483.2517,42404.8770,OK,0.0000,19.3301,4.0000,96.0000,AG03-UNRESOLVED,ALL5_LEVELS_bet23_to_bet27,19.3301,19.3301,19.3301,24.1626,24.1626,4.000000,4.000000,4.000000,5.000000,5.000000,96.000000,96.000000,96.000000,95.000000,95.000000,5.0,106.3154,97.3877,376.9363,385.864,PENDING_AG03,FALSE,NOT_FOR_ENFORCEMENT,463.9216,36128.6106,483.2517,463.9216,19.3301,0.01139613,0.01094029,19.3301,463.9216,0.01094029,19.3301,19.3301,19.3301,24.1626,24.1626,463.9216,0.01094029,106.3154,97.3877,376.9363,385.864,0.00888898,0.00909952,0.00045585,19.2749,17.1375,0.2201,5.7530,0.6409,504.8200,26.1429,7.1751,39.7174,2.9515,6.1317,20.2037,44.018,88.0359,220.0898,5.1098,0.0,14.357485,35.893712,3.143486,29,158,125,3,0.23384124,0.01139613,-0.00825174,0E-8,0.000000,0.887492,0.846818,0.02564465,2026-03-24,2026-08-06,84,754,547,136,0.617647,0.180654,0.372251,0.779471,,,,,,,,GLOBAL_BASELINE_NO_ENTITY_RANKING,,,NOT_APPLICABLE_GLOBAL_BASELINE,HF9g-P5,,,,X 全窗基线 · 不参与实体赏罚,8397762,840,A168_HF9F_20260827_0900,2026-08-27 09:00:00
2026-03-31,129740297,2233,0,176.0718373099,44.0179593274,44.0179593274,0.5714286,10,10,0.49860758000000000,0.498607580000,0.3853339612899814,0.38533396128998143,0.3853339612899814,0E-17,ELIGIBLE,R03b_20260811_FULL_v1,L1_ELIGIBILITY,v2026-08-11,2026-03-21..2026-08-06,baccarat_bet02_101_all_pairs_incl_sentinel,round_win = game_pnl > 0 (decisive only),COMPATIBILITY_ONLY_NOT_PRODUCTION,42404.8770,37633.9694,483.2517,2200,2196,-0.01139613,0.00825174,-0.01739291,-0.01139613,-483.2517,42404.8770,OK,0.0000,19.3301,4.0000,96.0000,AG03-UNRESOLVED,ALL5_LEVELS_bet23_to_bet27,19.3301,19.3301,19.3301,24.1626,24.1626,4.000000,4.000000,4.000000,5.000000,5.000000,96.000000,96.000000,96.000000,95.000000,95.000000,5.0,106.3154,97.3877,376.9363,385.864,PENDING_AG03,FALSE,NOT_FOR_ENFORCEMENT,463.9216,36128.6106,483.2517,463.9216,19.3301,0.01139613,0.01094029,19.3301,463.9216,0.01094029,19.3301,19.3301,19.3301,24.1626,24.1626,463.9216,0.01094029,106.3154,97.3877,376.9363,385.864,0.00888898,0.00909952,0.00045585,19.2749,17.1375,0.2201,5.7530,0.6409,504.8200,26.1429,7.1751,39.7174,2.9515,6.1317,20.2037,44.018,88.0359,220.0898,5.1098,0.0,14.357485,35.893712,3.143486,29,158,125,3,0.23384124,0.01139613,-0.00825174,0E-8,0.000000,0.887492,0.846818,0.02564465,2026-03-24,2026-08-06,84,754,547,136,0.617647,0.180654,0.372251,0.779471,,,,,,,,GLOBAL_BASELINE_NO_ENTITY_RANKING,,,NOT_APPLICABLE_GLOBAL_BASELINE,HF9g-P5,,,,X 全窗基线 · 不参与实体赏罚,8397763,840,A168_HF9F_20260827_0900,2026-08-27 09:00:00
2026-03-31,129740297,2264,0,22.0089796637,-22.0089796637,-22.0089796637,0E-7,1,1,0.50665070000000000,0.506650700000,-1.013391052207602,-1.013391052207602,-1.013391052207602,0E-17,ELIGIBLE,R03b_20260811_FULL_v1,L1_ELIGIBILITY,v2026-08-11,2026-03-21..2026-08-06,baccarat_bet02_101_all_pairs_incl_sentinel,round_win = game_pnl > 0 (decisive only),COMPATIBILITY_ONLY_NOT_PRODUCTION,42404.8770,37633.9694,483.2517,2200,2196,-0.01139613,0.00825174,-0.01739291,-0.01139613,-483.2517,42404.8770,OK,0.0000,19.3301,4.0000,96.0000,AG03-UNRESOLVED,ALL5_LEVELS_bet23_to_bet27,19.3301,19.3301,19.3301,24.1626,24.1626,4.000000,4.000000,4.000000,5.000000,5.000000,96.000000,96.000000,96.000000,95.000000,95.000000,5.0,106.3154,97.3877,376.9363,385.864,PENDING_AG03,FALSE,NOT_FOR_ENFORCEMENT,463.9216,36128.6106,483.2517,463.9216,19.3301,0.01139613,0.01094029,19.3301,463.9216,0.01094029,19.3301,19.3301,19.3301,24.1626,24.1626,463.9216,0.01094029,106.3154,97.3877,376.9363,385.864,0.00888898,0.00909952,0.00045585,19.2749,17.1375,0.2201,5.7530,0.6409,504.8200,26.1429,7.1751,39.7174,2.9515,6.1317,20.2037,44.018,88.0359,220.0898,5.1098,0.0,14.357485,35.893712,3.143486,29,158,125,3,0.23384124,0.01139613,-0.00825174,0E-8,0.000000,0.887492,0.846818,0.02564465,2026-03-24,2026-08-06,84,754,547,136,0.617647,0.180654,0.372251,0.779471,,,,,,,,GLOBAL_BASELINE_NO_ENTITY_RANKING,,,NOT_APPLICABLE_GLOBAL_BASELINE,HF9g-P5,,,,X 全窗基线 · 不参与实体赏罚,8397764,840,A168_HF9F_20260827_0900,2026-08-27 09:00:00
2026-03-31,129740297,462,0,11.0044898319,5.5022449159,5.5022449159,1.0000000,1,1,0.50665070000000000,0.506650700000,0.9867858985152569,0.9867858985152569,0.9867858985152569,0E-17,ELIGIBLE,R03b_20260811_FULL_v1,L1_ELIGIBILITY,v2026-08-11,2026-03-21..2026-08-06,baccarat_bet02_101_all_pairs_incl_sentinel,round_win = game_pnl > 0 (decisive only),COMPATIBILITY_ONLY_NOT_PRODUCTION,42404.8770,37633.9694,483.2517,2200,2196,-0.01139613,0.00825174,-0.01739291,-0.01139613,-483.2517,42404.8770,OK,0.0000,19.3301,4.0000,96.0000,AG03-UNRESOLVED,ALL5_LEVELS_bet23_to_bet27,19.3301,19.3301,19.3301,24.1626,24.1626,4.000000,4.000000,4.000000,5.000000,5.000000,96.000000,96.000000,96.000000,95.000000,95.000000,5.0,106.3154,97.3877,376.9363,385.864,PENDING_AG03,FALSE,NOT_FOR_ENFORCEMENT,463.9216,36128.6106,483.2517,463.9216,19.3301,0.01139613,0.01094029,19.3301,463.9216,0.01094029,19.3301,19.3301,19.3301,24.1626,24.1626,463.9216,0.01094029,106.3154,97.3877,376.9363,385.864,0.00888898,0.00909952,0.00045585,19.2749,17.1375,0.2201,5.7530,0.6409,504.8200,26.1429,7.1751,39.7174,2.9515,6.1317,20.2037,44.018,88.0359,220.0898,5.1098,0.0,14.357485,35.893712,3.143486,29,158,125,3,0.23384124,0.01139613,-0.00825174,0E-8,0.000000,0.887492,0.846818,0.02564465,2026-03-24,2026-08-06,84,754,547,136,0.617647,0.180654,0.372251,0.779471,,,,,,,,GLOBAL_BASELINE_NO_ENTITY_RANKING,,,NOT_APPLICABLE_GLOBAL_BASELINE,HF9g-P5,,,,X 全窗基线 · 不参与实体赏罚,8397765,840,A168_HF9F_20260827_0900,2026-08-27 09:00:00
2026-04-02,129740297,1405,0,1212.2362068602,527.0592203740,527.0592203740,0.7777778,10,10,0.50665070000000000,0.506650700000,1.6269063950638647,1.6269063950638647,1.6269063950638647,0E-17,ELIGIBLE,R03b_20260811_FULL_v1,L1_ELIGIBILITY,v2026-08-11,2026-03-21..2026-08-06,baccarat_bet02_101_all_pairs_incl_sentinel,round_win = game_pnl > 0 (decisive only),COMPATIBILITY_ONLY_NOT_PRODUCTION,42404.8770,37633.9694,483.2517,2200,2196,-0.01139613,0.00825174,-0.01739291,-0.01139613,-483.2517,42404.8770,OK,0.0000,19.3301,4.0000,96.0000,AG03-UNRESOLVED,ALL5_LEVELS_bet23_to_bet27,19.3301,19.3301,19.3301,24.1626,24.1626,4.000000,4.000000,4.000000,5.000000,5.000000,96.000000,96.000000,96.000000,95.000000,95.000000,5.0,106.3154,97.3877,376.9363,385.864,PENDING_AG03,FALSE,NOT_FOR_ENFORCEMENT,463.9216,36128.6106,483.2517,463.9216,19.3301,0.01139613,0.01094029,19.3301,463.9216,0.01094029,19.3301,19.3301,19.3301,24.1626,24.1626,463.9216,0.01094029,106.3154,97.3877,376.9363,385.864,0.00888898,0.00909952,0.00045585,19.2749,17.1375,0.2201,5.7530,0.6409,504.8200,26.1429,7.1751,39.7174,2.9515,6.1317,20.2037,44.018,88.0359,220.0898,5.1098,0.0,14.357485,35.893712,3.143486,29,158,125,3,0.23384124,0.01139613,-0.00825174,0E-8,0.000000,0.887492,0.846818,0.02564465,2026-03-24,2026-08-06,84,754,547,136,0.617647,0.180654,0.372251,0.779471,,,,,,,,GLOBAL_BASELINE_NO_ENTITY_RANKING,,,NOT_APPLICABLE_GLOBAL_BASELINE,HF9g-P5,,,,X 全窗基线 · 不参与实体赏罚,8397766,840,A168_HF9F_20260827_0900,2026-08-27 09:00:00
2026-04-02,129740297,1645,0,737.8829085236,527.0592203740,527.0592203740,0.6666667,3,3,0.50665070000000000,0.506650700000,0.5543606114942035,0.5543606114942035,0.5543606114942035,0E-17,ELIGIBLE,R03b_20260811_FULL_v1,L1_ELIGIBILITY,v2026-08-11,2026-03-21..2026-08-06,baccarat_bet02_101_all_pairs_incl_sentinel,round_win = game_pnl > 0 (decisive only),COMPATIBILITY_ONLY_NOT_PRODUCTION,42404.8770,37633.9694,483.2517,2200,2196,-0.01139613,0.00825174,-0.01739291,-0.01139613,-483.2517,42404.8770,OK,0.0000,19.3301,4.0000,96.0000,AG03-UNRESOLVED,ALL5_LEVELS_bet23_to_bet27,19.3301,19.3301,19.3301,24.1626,24.1626,4.000000,4.000000,4.000000,5.000000,5.000000,96.000000,96.000000,96.000000,95.000000,95.000000,5.0,106.3154,97.3877,376.9363,385.864,PENDING_AG03,FALSE,NOT_FOR_ENFORCEMENT,463.9216,36128.6106,483.2517,463.9216,19.3301,0.01139613,0.01094029,19.3301,463.9216,0.01094029,19.3301,19.3301,19.3301,24.1626,24.1626,463.9216,0.01094029,106.3154,97.3877,376.9363,385.864,0.00888898,0.00909952,0.00045585,19.2749,17.1375,0.2201,5.7530,0.6409,504.8200,26.1429,7.1751,39.7174,2.9515,6.1317,20.2037,44.018,88.0359,220.0898,5.1098,0.0,14.357485,35.893712,3.143486,29,158,125,3,0.23384124,0.01139613,-0.00825174,0E-8,0.000000,0.887492,0.846818,0.02564465,2026-03-24,2026-08-06,84,754,547,136,0.617647,0.180654,0.372251,0.779471,,,,,,,,GLOBAL_BASELINE_NO_ENTITY_RANKING,,,NOT_APPLICABLE_GLOBAL_BASELINE,HF9g-P5,,,,X 全窗基线 · 不参与实体赏罚,8397767,840,A168_HF9F_20260827_0900,2026-08-27 09:00:00
2026-04-03,129740297,1205,0,115.9530284823,115.9530284823,115.9530284823,1.0000000,2,2,0.50665070000000000,0.506650700000,1.3955260008387969,1.3955260008387969,1.3955260008387969,0E-17,ELIGIBLE,R03b_20260811_FULL_v1,L1_ELIGIBILITY,v2026-08-11,2026-03-21..2026-08-06,baccarat_bet02_101_all_pairs_incl_sentinel,round_win = game_pnl > 0 (decisive only),COMPATIBILITY_ONLY_NOT_PRODUCTION,42404.8770,37633.9694,483.2517,2200,2196,-0.01139613,0.00825174,-0.01739291,-0.01139613,-483.2517,42404.8770,OK,0.0000,19.3301,4.0000,96.0000,AG03-UNRESOLVED,ALL5_LEVELS_bet23_to_bet27,19.3301,19.3301,19.3301,24.1626,24.1626,4.000000,4.000000,4.000000,5.000000,5.000000,96.000000,96.000000,96.000000,95.000000,95.000000,5.0,106.3154,97.3877,376.9363,385.864,PENDING_AG03,FALSE,NOT_FOR_ENFORCEMENT,463.9216,36128.6106,483.2517,463.9216,19.3301,0.01139613,0.01094029,19.3301,463.9216,0.01094029,19.3301,19.3301,19.3301,24.1626,24.1626,463.9216,0.01094029,106.3154,97.3877,376.9363,385.864,0.00888898,0.00909952,0.00045585,19.2749,17.1375,0.2201,5.7530,0.6409,504.8200,26.1429,7.1751,39.7174,2.9515,6.1317,20.2037,44.018,88.0359,220.0898,5.1098,0.0,14.357485,35.893712,3.143486,29,158,125,3,0.23384124,0.01139613,-0.00825174,0E-8,0.000000,0.887492,0.846818,0.02564465,2026-03-24,2026-08-06,84,754,547,136,0.617647,0.180654,0.372251,0.779471,,,,,,,,GLOBAL_BASELINE_NO_ENTITY_RANKING,,,NOT_APPLICABLE_GLOBAL_BASELINE,HF9g-P5,,,,X 全窗基线 · 不参与实体赏罚,8397768,840,A168_HF9F_20260827_0900,2026-08-27 09:00:00
2026-04-03,129740297,1383,0,86.4377121414,78.0047646154,78.0047646154,0.6666667,3,3,0.49324550000000000,0.493245500000,0.6008033672792107,0.6008033672792106,0.6008033672792107,0E-17,ELIGIBLE,R03b_20260811_FULL_v1,L1_ELIGIBILITY,v2026-08-11,2026-03-21..2026-08-06,baccarat_bet02_101_all_pairs_incl_sentinel,round_win = game_pnl > 0 (decisive only),COMPATIBILITY_ONLY_NOT_PRODUCTION,42404.8770,37633.9694,483.2517,2200,2196,-0.01139613,0.00825174,-0.01739291,-0.01139613,-483.2517,42404.8770,OK,0.0000,19.3301,4.0000,96.0000,AG03-UNRESOLVED,ALL5_LEVELS_bet23_to_bet27,19.3301,19.3301,19.3301,24.1626,24.1626,4.000000,4.000000,4.000000,5.000000,5.000000,96.000000,96.000000,96.000000,95.000000,95.000000,5.0,106.3154,97.3877,376.9363,385.864,PENDING_AG03,FALSE,NOT_FOR_ENFORCEMENT,463.9216,36128.6106,483.2517,463.9216,19.3301,0.01139613,0.01094029,19.3301,463.9216,0.01094029,19.3301,19.3301,19.3301,24.1626,24.1626,463.9216,0.01094029,106.3154,97.3877,376.9363,385.864,0.00888898,0.00909952,0.00045585,19.2749,17.1375,0.2201,5.7530,0.6409,504.8200,26.1429,7.1751,39.7174,2.9515,6.1317,20.2037,44.018,88.0359,220.0898,5.1098,0.0,14.357485,35.893712,3.143486,29,158,125,3,0.23384124,0.01139613,-0.00825174,0E-8,0.000000,0.887492,0.846818,0.02564465,2026-03-24,2026-08-06,84,754,547,136,0.617647,0.180654,0.372251,0.779471,,,,,,,,GLOBAL_BASELINE_NO_ENTITY_RANKING,,,NOT_APPLICABLE_GLOBAL_BASELINE,HF9g-P5,,,,X 全窗基线 · 不参与实体赏罚,8397769,840,A168_HF9F_20260827_0900,2026-08-27 09:00:00
2026-04-03,129740297,1405,0,25.2988425780,25.2988425780,25.2988425780,1.0000000,1,1,0.49324550000000000,0.493245500000,1.01360149184955,1.01360149184955,1.01360149184955,0E-17,ELIGIBLE,R03b_20260811_FULL_v1,L1_ELIGIBILITY,v2026-08-11,2026-03-21..2026-08-06,baccarat_bet02_101_all_pairs_incl_sentinel,round_win = game_pnl > 0 (decisive only),COMPATIBILITY_ONLY_NOT_PRODUCTION,42404.8770,37633.9694,483.2517,2200,2196,-0.01139613,0.00825174,-0.01739291,-0.01139613,-483.2517,42404.8770,OK,0.0000,19.3301,4.0000,96.0000,AG03-UNRESOLVED,ALL5_LEVELS_bet23_to_bet27,19.3301,19.3301,19.3301,24.1626,24.1626,4.000000,4.000000,4.000000,5.000000,5.000000,96.000000,96.000000,96.000000,95.000000,95.000000,5.0,106.3154,97.3877,376.9363,385.864,PENDING_AG03,FALSE,NOT_FOR_ENFORCEMENT,463.9216,36128.6106,483.2517,463.9216,19.3301,0.01139613,0.01094029,19.3301,463.9216,0.01094029,19.3301,19.3301,19.3301,24.1626,24.1626,463.9216,0.01094029,106.3154,97.3877,376.9363,385.864,0.00888898,0.00909952,0.00045585,19.2749,17.1375,0.2201,5.7530,0.6409,504.8200,26.1429,7.1751,39.7174,2.9515,6.1317,20.2037,44.018,88.0359,220.0898,5.1098,0.0,14.357485,35.893712,3.143486,29,158,125,3,0.23384124,0.01139613,-0.00825174,0E-8,0.000000,0.887492,0.846818,0.02564465,2026-03-24,2026-08-06,84,754,547,136,0.617647,0.180654,0.372251,0.779471,,,,,,,,GLOBAL_BASELINE_NO_ENTITY_RANKING,,,NOT_APPLICABLE_GLOBAL_BASELINE,HF9g-P5,,,,X 全窗基线 · 不参与实体赏罚,8397770,840,A168_HF9F_20260827_0900,2026-08-27 09:00:00
2026-04-03,129740297,1490,0,196.0660299792,86.4377121414,86.4377121414,0.7500000,4,4,0.49324550000000000,0.493245500000,1.0271117246678039,1.0271117246678039,1.0271117246678039,0E-17,ELIGIBLE,R03b_20260811_FULL_v1,L1_ELIGIBILITY,v2026-08-11,2026-03-21..2026-08-06,baccarat_bet02_101_all_pairs_incl_sentinel,round_win = game_pnl > 0 (decisive only),COMPATIBILITY_ONLY_NOT_PRODUCTION,42404.8770,37633.9694,483.2517,2200,2196,-0.01139613,0.00825174,-0.01739291,-0.01139613,-483.2517,42404.8770,OK,0.0000,19.3301,4.0000,96.0000,AG03-UNRESOLVED,ALL5_LEVELS_bet23_to_bet27,19.3301,19.3301,19.3301,24.1626,24.1626,4.000000,4.000000,4.000000,5.000000,5.000000,96.000000,96.000000,96.000000,95.000000,95.000000,5.0,106.3154,97.3877,376.9363,385.864,PENDING_AG03,FALSE,NOT_FOR_ENFORCEMENT,463.9216,36128.6106,483.2517,463.9216,19.3301,0.01139613,0.01094029,19.3301,463.9216,0.01094029,19.3301,19.3301,19.3301,24.1626,24.1626,463.9216,0.01094029,106.3154,97.3877,376.9363,385.864,0.00888898,0.00909952,0.00045585,19.2749,17.1375,0.2201,5.7530,0.6409,504.8200,26.1429,7.1751,39.7174,2.9515,6.1317,20.2037,44.018,88.0359,220.0898,5.1098,0.0,14.357485,35.893712,3.143486,29,158,125,3,0.23384124,0.01139613,-0.00825174,0E-8,0.000000,0.887492,0.846818,0.02564465,2026-03-24,2026-08-06,84,754,547,136,0.617647,0.180654,0.372251,0.779471,,,,,,,,GLOBAL_BASELINE_NO_ENTITY_RANKING,,,NOT_APPLICABLE_GLOBAL_BASELINE,HF9g-P5,,,,X 全窗基线 · 不参与实体赏罚,8397771,840,A168_HF9F_20260827_0900,2026-08-27 09:00:00
2026-04-03,129740297,2088,0,88.5459490228,-66.4094617671,-66.4094617671,0E-7,3,3,0.50665070000000000,0.506650700000,-1.4331513700195317,-1.4331513700195317,-1.4331513700195317,0E-17,ELIGIBLE,R03b_20260811_FULL_v1,L1_ELIGIBILITY,v2026-08-11,2026-03-21..2026-08-06,baccarat_bet02_101_all_pairs_incl_sentinel,round_win = game_pnl > 0 (decisive only),COMPATIBILITY_ONLY_NOT_PRODUCTION,42404.8770,37633.9694,483.2517,2200,2196,-0.01139613,0.00825174,-0.01739291,-0.01139613,-483.2517,42404.8770,OK,0.0000,19.3301,4.0000,96.0000,AG03-UNRESOLVED,ALL5_LEVELS_bet23_to_bet27,19.3301,19.3301,19.3301,24.1626,24.1626,4.000000,4.000000,4.000000,5.000000,5.000000,96.000000,96.000000,96.000000,95.000000,95.000000,5.0,106.3154,97.3877,376.9363,385.864,PENDING_AG03,FALSE,NOT_FOR_ENFORCEMENT,463.9216,36128.6106,483.2517,463.9216,19.3301,0.01139613,0.01094029,19.3301,463.9216,0.01094029,19.3301,19.3301,19.3301,24.1626,24.1626,463.9216,0.01094029,106.3154,97.3877,376.9363,385.864,0.00888898,0.00909952,0.00045585,19.2749,17.1375,0.2201,5.7530,0.6409,504.8200,26.1429,7.1751,39.7174,2.9515,6.1317,20.2037,44.018,88.0359,220.0898,5.1098,0.0,14.357485,35.893712,3.143486,29,158,125,3,0.23384124,0.01139613,-0.00825174,0E-8,0.000000,0.887492,0.846818,0.02564465,2026-03-24,2026-08-06,84,754,547,136,0.617647,0.180654,0.372251,0.779471,,,,,,,,GLOBAL_BASELINE_NO_ENTITY_RANKING,,,NOT_APPLICABLE_GLOBAL_BASELINE,HF9g-P5,,,,X 全窗基线 · 不参与实体赏罚,8397772,840,A168_HF9F_20260827_0900,2026-08-27 09:00:00
2026-04-03,129740297,2235,0,274.0707945944,94.8706596673,94.8706596673,0.7142857,7,7,0.50473567142857143,0.504735671429,1.1088843393366314,1.1088843393343726,1.1088843393366314,-4.2857E-13,ELIGIBLE,R03b_20260811_FULL_v1,L1_ELIGIBILITY,v2026-08-11,2026-03-21..2026-08-06,baccarat_bet02_101_all_pairs_incl_sentinel,round_win = game_pnl > 0 (decisive only),COMPATIBILITY_ONLY_NOT_PRODUCTION,42404.8770,37633.9694,483.2517,2200,2196,-0.01139613,0.00825174,-0.01739291,-0.01139613,-483.2517,42404.8770,OK,0.0000,19.3301,4.0000,96.0000,AG03-UNRESOLVED,ALL5_LEVELS_bet23_to_bet27,19.3301,19.3301,19.3301,24.1626,24.1626,4.000000,4.000000,4.000000,5.000000,5.000000,96.000000,96.000000,96.000000,95.000000,95.000000,5.0,106.3154,97.3877,376.9363,385.864,PENDING_AG03,FALSE,NOT_FOR_ENFORCEMENT,463.9216,36128.6106,483.2517,463.9216,19.3301,0.01139613,0.01094029,19.3301,463.9216,0.01094029,19.3301,19.3301,19.3301,24.1626,24.1626,463.9216,0.01094029,106.3154,97.3877,376.9363,385.864,0.00888898,0.00909952,0.00045585,19.2749,17.1375,0.2201,5.7530,0.6409,504.8200,26.1429,7.1751,39.7174,2.9515,6.1317,20.2037,44.018,88.0359,220.0898,5.1098,0.0,14.357485,35.893712,3.143486,29,158,125,3,0.23384124,0.01139613,-0.00825174,0E-8,0.000000,0.887492,0.846818,0.02564465,2026-03-24,2026-08-06,84,754,547,136,0.617647,0.180654,0.372251,0.779471,,,,,,,,GLOBAL_BASELINE_NO_ENTITY_RANKING,,,NOT_APPLICABLE_GLOBAL_BASELINE,HF9g-P5,,,,X 全窗基线 · 不参与实体赏罚,8397773,840,A168_HF9F_20260827_0900,2026-08-27 09:00:00
2026-04-03,129740297,583,0,63.2471064449,0E-10,0E-10,,1,1,0.50665070000000000,0.506650700000,,,,0E-17,NO_DECISIVE_ROUND,R03b_20260811_FULL_v1,L1_ELIGIBILITY,v2026-08-11,2026-03-21..2026-08-06,baccarat_bet02_101_all_pairs_incl_sentinel,round_win = game_pnl > 0 (decisive only),COMPATIBILITY_ONLY_NOT_PRODUCTION,42404.8770,37633.9694,483.2517,2200,2196,-0.01139613,0.00825174,-0.01739291,-0.01139613,-483.2517,42404.8770,OK,0.0000,19.3301,4.0000,96.0000,AG03-UNRESOLVED,ALL5_LEVELS_bet23_to_bet27,19.3301,19.3301,19.3301,24.1626,24.1626,4.000000,4.000000,4.000000,5.000000,5.000000,96.000000,96.000000,96.000000,95.000000,95.000000,5.0,106.3154,97.3877,376.9363,385.864,PENDING_AG03,FALSE,NOT_FOR_ENFORCEMENT,463.9216,36128.6106,483.2517,463.9216,19.3301,0.01139613,0.01094029,19.3301,463.9216,0.01094029,19.3301,19.3301,19.3301,24.1626,24.1626,463.9216,0.01094029,106.3154,97.3877,376.9363,385.864,0.00888898,0.00909952,0.00045585,19.2749,17.1375,0.2201,5.7530,0.6409,504.8200,26.1429,7.1751,39.7174,2.9515,6.1317,20.2037,44.018,88.0359,220.0898,5.1098,0.0,14.357485,35.893712,3.143486,29,158,125,3,0.23384124,0.01139613,-0.00825174,0E-8,0.000000,0.887492,0.846818,0.02564465,2026-03-24,2026-08-06,84,754,547,136,0.617647,0.180654,0.372251,0.779471,,,,,,,,GLOBAL_BASELINE_NO_ENTITY_RANKING,,,NOT_APPLICABLE_GLOBAL_BASELINE,HF9g-P5,,,,X 全窗基线 · 不参与实体赏罚,8397774,840,A168_HF9F_20260827_0900,2026-08-27 09:00:00
2026-04-04,129740297,1382,0,991.9254527438,478.4643602555,478.4643602555,0.4444444,10,10,0.50665070000000000,0.506650700000,-0.373270555658994,-0.373270555658994,-0.373270555658994,0E-17,ELIGIBLE,R03b_20260811_FULL_v1,L1_ELIGIBILITY,v2026-08-11,2026-03-21..2026-08-06,baccarat_bet02_101_all_pairs_incl_sentinel,round_win = game_pnl > 0 (decisive only),COMPATIBILITY_ONLY_NOT_PRODUCTION,42404.8770,37633.9694,483.2517,2200,2196,-0.01139613,0.00825174,-0.01739291,-0.01139613,-483.2517,42404.8770,OK,0.0000,19.3301,4.0000,96.0000,AG03-UNRESOLVED,ALL5_LEVELS_bet23_to_bet27,19.3301,19.3301,19.3301,24.1626,24.1626,4.000000,4.000000,4.000000,5.000000,5.000000,96.000000,96.000000,96.000000,95.000000,95.000000,5.0,106.3154,97.3877,376.9363,385.864,PENDING_AG03,FALSE,NOT_FOR_ENFORCEMENT,463.9216,36128.6106,483.2517,463.9216,19.3301,0.01139613,0.01094029,19.3301,463.9216,0.01094029,19.3301,19.3301,19.3301,24.1626,24.1626,463.9216,0.01094029,106.3154,97.3877,376.9363,385.864,0.00888898,0.00909952,0.00045585,19.2749,17.1375,0.2201,5.7530,0.6409,504.8200,26.1429,7.1751,39.7174,2.9515,6.1317,20.2037,44.018,88.0359,220.0898,5.1098,0.0,14.357485,35.893712,3.143486,29,158,125,3,0.23384124,0.01139613,-0.00825174,0E-8,0.000000,0.887492,0.846818,0.02564465,2026-03-24,2026-08-06,84,754,547,136,0.617647,0.180654,0.372251,0.779471,,,,,,,,GLOBAL_BASELINE_NO_ENTITY_RANKING,,,NOT_APPLICABLE_GLOBAL_BASELINE,HF9g-P5,,,,X 全窗基线 · 不参与实体赏罚,8397775,840,A168_HF9F_20260827_0900,2026-08-27 09:00:00
2026-04-04,129740297,1385,0,227.6895832016,-56.9223958004,-56.9223958004,0E-7,4,4,0.50665070000000000,0.506650700000,-1.013391052207602,-1.013391052207602,-1.013391052207602,0E-17,ELIGIBLE,R03b_20260811_FULL_v1,L1_ELIGIBILITY,v2026-08-11,2026-03-21..2026-08-06,baccarat_bet02_101_all_pairs_incl_sentinel,round_win = game_pnl > 0 (decisive only),COMPATIBILITY_ONLY_NOT_PRODUCTION,42404.8770,37633.9694,483.2517,2200,2196,-0.01139613,0.00825174,-0.01739291,-0.01139613,-483.2517,42404.8770,OK,0.0000,19.3301,4.0000,96.0000,AG03-UNRESOLVED,ALL5_LEVELS_bet23_to_bet27,19.3301,19.3301,19.3301,24.1626,24.1626,4.000000,4.000000,4.000000,5.000000,5.000000,96.000000,96.000000,96.000000,95.000000,95.000000,5.0,106.3154,97.3877,376.9363,385.864,PENDING_AG03,FALSE,NOT_FOR_ENFORCEMENT,463.9216,36128.6106,483.2517,463.9216,19.3301,0.01139613,0.01094029,19.3301,463.9216,0.01094029,19.3301,19.3301,19.3301,24.1626,24.1626,463.9216,0.01094029,106.3154,97.3877,376.9363,385.864,0.00888898,0.00909952,0.00045585,19.2749,17.1375,0.2201,5.7530,0.6409,504.8200,26.1429,7.1751,39.7174,2.9515,6.1317,20.2037,44.018,88.0359,220.0898,5.1098,0.0,14.357485,35.893712,3.143486,29,158,125,3,0.23384124,0.01139613,-0.00825174,0E-8,0.000000,0.887492,0.846818,0.02564465,2026-03-24,2026-08-06,84,754,547,136,0.617647,0.180654,0.372251,0.779471,,,,,,,,GLOBAL_BASELINE_NO_ENTITY_RANKING,,,NOT_APPLICABLE_GLOBAL_BASELINE,HF9g-P5,,,,X 全窗基线 · 不参与实体赏罚,8397776,840,A168_HF9F_20260827_0900,2026-08-27 09:00:00
2026-04-04,129740297,1400,0,115.9530284823,115.9530284823,115.9530284823,1.0000000,1,1,0.50665070000000000,0.506650700000,0.9867858985152569,0.9867858985152569,0.9867858985152569,0E-17,ELIGIBLE,R03b_20260811_FULL_v1,L1_ELIGIBILITY,v2026-08-11,2026-03-21..2026-08-06,baccarat_bet02_101_all_pairs_incl_sentinel,round_win = game_pnl > 0 (decisive only),COMPATIBILITY_ONLY_NOT_PRODUCTION,42404.8770,37633.9694,483.2517,2200,2196,-0.01139613,0.00825174,-0.01739291,-0.01139613,-483.2517,42404.8770,OK,0.0000,19.3301,4.0000,96.0000,AG03-UNRESOLVED,ALL5_LEVELS_bet23_to_bet27,19.3301,19.3301,19.3301,24.1626,24.1626,4.000000,4.000000,4.000000,5.000000,5.000000,96.000000,96.000000,96.000000,95.000000,95.000000,5.0,106.3154,97.3877,376.9363,385.864,PENDING_AG03,FALSE,NOT_FOR_ENFORCEMENT,463.9216,36128.6106,483.2517,463.9216,19.3301,0.01139613,0.01094029,19.3301,463.9216,0.01094029,19.3301,19.3301,19.3301,24.1626,24.1626,463.9216,0.01094029,106.3154,97.3877,376.9363,385.864,0.00888898,0.00909952,0.00045585,19.2749,17.1375,0.2201,5.7530,0.6409,504.8200,26.1429,7.1751,39.7174,2.9515,6.1317,20.2037,44.018,88.0359,220.0898,5.1098,0.0,14.357485,35.893712,3.143486,29,158,125,3,0.23384124,0.01139613,-0.00825174,0E-8,0.000000,0.887492,0.846818,0.02564465,2026-03-24,2026-08-06,84,754,547,136,0.617647,0.180654,0.372251,0.779471,,,,,,,,GLOBAL_BASELINE_NO_ENTITY_RANKING,,,NOT_APPLICABLE_GLOBAL_BASELINE,HF9g-P5,,,,X 全窗基线 · 不参与实体赏罚,8397777,840,A168_HF9F_20260827_0900,2026-08-27 09:00:00
2026-04-04,129740297,2103,0,442.7297451141,-113.8447916007,-113.8447916007,0.5000000,4,4,0.50665070000000000,0.506650700000,-0.02660515369234503,-0.02660515369234503,-0.02660515369234503,0E-17,ELIGIBLE,R03b_20260811_FULL_v1,L1_ELIGIBILITY,v2026-08-11,2026-03-21..2026-08-06,baccarat_bet02_101_all_pairs_incl_sentinel,round_win = game_pnl > 0 (decisive only),COMPATIBILITY_ONLY_NOT_PRODUCTION,42404.8770,37633.9694,483.2517,2200,2196,-0.01139613,0.00825174,-0.01739291,-0.01139613,-483.2517,42404.8770,OK,0.0000,19.3301,4.0000,96.0000,AG03-UNRESOLVED,ALL5_LEVELS_bet23_to_bet27,19.3301,19.3301,19.3301,24.1626,24.1626,4.000000,4.000000,4.000000,5.000000,5.000000,96.000000,96.000000,96.000000,95.000000,95.000000,5.0,106.3154,97.3877,376.9363,385.864,PENDING_AG03,FALSE,NOT_FOR_ENFORCEMENT,463.9216,36128.6106,483.2517,463.9216,19.3301,0.01139613,0.01094029,19.3301,463.9216,0.01094029,19.3301,19.3301,19.3301,24.1626,24.1626,463.9216,0.01094029,106.3154,97.3877,376.9363,385.864,0.00888898,0.00909952,0.00045585,19.2749,17.1375,0.2201,5.7530,0.6409,504.8200,26.1429,7.1751,39.7174,2.9515,6.1317,20.2037,44.018,88.0359,220.0898,5.1098,0.0,14.357485,35.893712,3.143486,29,158,125,3,0.23384124,0.01139613,-0.00825174,0E-8,0.000000,0.887492,0.846818,0.02564465,2026-03-24,2026-08-06,84,754,547,136,0.617647,0.180654,0.372251,0.779471,,,,,,,,GLOBAL_BASELINE_NO_ENTITY_RANKING,,,NOT_APPLICABLE_GLOBAL_BASELINE,HF9g-P5,,,,X 全窗基线 · 不参与实体赏罚,8397778,840,A168_HF9F_20260827_0900,2026-08-27 09:00:00
2026-04-05,129740297,-1,1,265.6378470685,-265.6378470685,-265.6378470685,0E-7,2,2,0.49324550000000000,0.493245500000,-1.3952362676504506,-1.3952362676504506,-1.3952362676504506,0E-17,SENTINEL_DEALER,R03b_20260811_FULL_v1,L1_ELIGIBILITY,v2026-08-11,2026-03-21..2026-08-06,baccarat_bet02_101_all_pairs_incl_sentinel,round_win = game_pnl > 0 (decisive only),COMPATIBILITY_ONLY_NOT_PRODUCTION,42404.8770,37633.9694,483.2517,2200,2196,-0.01139613,0.00825174,-0.01739291,-0.01139613,-483.2517,42404.8770,OK,0.0000,19.3301,4.0000,96.0000,AG03-UNRESOLVED,ALL5_LEVELS_bet23_to_bet27,19.3301,19.3301,19.3301,24.1626,24.1626,4.000000,4.000000,4.000000,5.000000,5.000000,96.000000,96.000000,96.000000,95.000000,95.000000,5.0,106.3154,97.3877,376.9363,385.864,PENDING_AG03,FALSE,NOT_FOR_ENFORCEMENT,463.9216,36128.6106,483.2517,463.9216,19.3301,0.01139613,0.01094029,19.3301,463.9216,0.01094029,19.3301,19.3301,19.3301,24.1626,24.1626,463.9216,0.01094029,106.3154,97.3877,376.9363,385.864,0.00888898,0.00909952,0.00045585,19.2749,17.1375,0.2201,5.7530,0.6409,504.8200,26.1429,7.1751,39.7174,2.9515,6.1317,20.2037,44.018,88.0359,220.0898,5.1098,0.0,14.357485,35.893712,3.143486,29,158,125,3,0.23384124,0.01139613,-0.00825174,0E-8,0.000000,0.887492,0.846818,0.02564465,2026-03-24,2026-08-06,84,754,547,136,0.617647,0.180654,0.372251,0.779471,,,,,,,,GLOBAL_BASELINE_NO_ENTITY_RANKING,,,NOT_APPLICABLE_GLOBAL_BASELINE,HF9g-P5,,,,X 全窗基线 · 不参与实体赏罚,8397779,840,A168_HF9F_20260827_0900,2026-08-27 09:00:00
2026-04-05,129740297,1507,0,21.0823688150,21.0823688150,21.0823688150,1.0000000,1,1,0.49324550000000000,0.493245500000,1.01360149184955,1.01360149184955,1.01360149184955,0E-17,ELIGIBLE,R03b_20260811_FULL_v1,L1_ELIGIBILITY,v2026-08-11,2026-03-21..2026-08-06,baccarat_bet02_101_all_pairs_incl_sentinel,round_win = game_pnl > 0 (decisive only),COMPATIBILITY_ONLY_NOT_PRODUCTION,42404.8770,37633.9694,483.2517,2200,2196,-0.01139613,0.00825174,-0.01739291,-0.01139613,-483.2517,42404.8770,OK,0.0000,19.3301,4.0000,96.0000,AG03-UNRESOLVED,ALL5_LEVELS_bet23_to_bet27,19.3301,19.3301,19.3301,24.1626,24.1626,4.000000,4.000000,4.000000,5.000000,5.000000,96.000000,96.000000,96.000000,95.000000,95.000000,5.0,106.3154,97.3877,376.9363,385.864,PENDING_AG03,FALSE,NOT_FOR_ENFORCEMENT,463.9216,36128.6106,483.2517,463.9216,19.3301,0.01139613,0.01094029,19.3301,463.9216,0.01094029,19.3301,19.3301,19.3301,24.1626,24.1626,463.9216,0.01094029,106.3154,97.3877,376.9363,385.864,0.00888898,0.00909952,0.00045585,19.2749,17.1375,0.2201,5.7530,0.6409,504.8200,26.1429,7.1751,39.7174,2.9515,6.1317,20.2037,44.018,88.0359,220.0898,5.1098,0.0,14.357485,35.893712,3.143486,29,158,125,3,0.23384124,0.01139613,-0.00825174,0E-8,0.000000,0.887492,0.846818,0.02564465,2026-03-24,2026-08-06,84,754,547,136,0.617647,0.180654,0.372251,0.779471,,,,,,,,GLOBAL_BASELINE_NO_ENTITY_RANKING,,,NOT_APPLICABLE_GLOBAL_BASELINE,HF9g-P5,,,,X 全窗基线 · 不参与实体赏罚,8397780,840,A168_HF9F_20260827_0900,2026-08-27 09:00:00
2026-04-05,129740297,2201,0,354.1837960912,221.3648725570,221.3648725570,0.8333333,7,7,0.49324550000000000,0.493245500000,1.666235363940442,1.6662353639404415,1.666235363940442,0E-17,ELIGIBLE,R03b_20260811_FULL_v1,L1_ELIGIBILITY,v2026-08-11,2026-03-21..2026-08-06,baccarat_bet02_101_all_pairs_incl_sentinel,round_win = game_pnl > 0 (decisive only),COMPATIBILITY_ONLY_NOT_PRODUCTION,42404.8770,37633.9694,483.2517,2200,2196,-0.01139613,0.00825174,-0.01739291,-0.01139613,-483.2517,42404.8770,OK,0.0000,19.3301,4.0000,96.0000,AG03-UNRESOLVED,ALL5_LEVELS_bet23_to_bet27,19.3301,19.3301,19.3301,24.1626,24.1626,4.000000,4.000000,4.000000,5.000000,5.000000,96.000000,96.000000,96.000000,95.000000,95.000000,5.0,106.3154,97.3877,376.9363,385.864,PENDING_AG03,FALSE,NOT_FOR_ENFORCEMENT,463.9216,36128.6106,483.2517,463.9216,19.3301,0.01139613,0.01094029,19.3301,463.9216,0.01094029,19.3301,19.3301,19.3301,24.1626,24.1626,463.9216,0.01094029,106.3154,97.3877,376.9363,385.864,0.00888898,0.00909952,0.00045585,19.2749,17.1375,0.2201,5.7530,0.6409,504.8200,26.1429,7.1751,39.7174,2.9515,6.1317,20.2037,44.018,88.0359,220.0898,5.1098,0.0,14.357485,35.893712,3.143486,29,158,125,3,0.23384124,0.01139613,-0.00825174,0E-8,0.000000,0.887492,0.846818,0.02564465,2026-03-24,2026-08-06,84,754,547,136,0.617647,0.180654,0.372251,0.779471,,,,,,,,GLOBAL_BASELINE_NO_ENTITY_RANKING,,,NOT_APPLICABLE_GLOBAL_BASELINE,HF9g-P5,,,,X 全窗基线 · 不参与实体赏罚,8397781,840,A168_HF9F_20260827_0900,2026-08-27 09:00:00
2026-04-05,129740297,2212,0,183.4166086901,183.4166086901,183.4166086901,1.0000000,2,2,0.49324550000000000,0.493245500000,1.4334489766152358,1.4334489766152358,1.4334489766152358,0E-17,ELIGIBLE,R03b_20260811_FULL_v1,L1_ELIGIBILITY,v2026-08-11,2026-03-21..2026-08-06,baccarat_bet02_101_all_pairs_incl_sentinel,round_win = game_pnl > 0 (decisive only),COMPATIBILITY_ONLY_NOT_PRODUCTION,42404.8770,37633.9694,483.2517,2200,2196,-0.01139613,0.00825174,-0.01739291,-0.01139613,-483.2517,42404.8770,OK,0.0000,19.3301,4.0000,96.0000,AG03-UNRESOLVED,ALL5_LEVELS_bet23_to_bet27,19.3301,19.3301,19.3301,24.1626,24.1626,4.000000,4.000000,4.000000,5.000000,5.000000,96.000000,96.000000,96.000000,95.000000,95.000000,5.0,106.3154,97.3877,376.9363,385.864,PENDING_AG03,FALSE,NOT_FOR_ENFORCEMENT,463.9216,36128.6106,483.2517,463.9216,19.3301,0.01139613,0.01094029,19.3301,463.9216,0.01094029,19.3301,19.3301,19.3301,24.1626,24.1626,463.9216,0.01094029,106.3154,97.3877,376.9363,385.864,0.00888898,0.00909952,0.00045585,19.2749,17.1375,0.2201,5.7530,0.6409,504.8200,26.1429,7.1751,39.7174,2.9515,6.1317,20.2037,44.018,88.0359,220.0898,5.1098,0.0,14.357485,35.893712,3.143486,29,158,125,3,0.23384124,0.01139613,-0.00825174,0E-8,0.000000,0.887492,0.846818,0.02564465,2026-03-24,2026-08-06,84,754,547,136,0.617647,0.180654,0.372251,0.779471,,,,,,,,GLOBAL_BASELINE_NO_ENTITY_RANKING,,,NOT_APPLICABLE_GLOBAL_BASELINE,HF9g-P5,,,,X 全窗基线 · 不参与实体赏罚,8397782,840,A168_HF9F_20260827_0900,2026-08-27 09:00:00
2026-04-05,129740297,2216,0,69.5718170894,-69.5718170894,-69.5718170894,0E-7,1,1,0.49324550000000000,0.493245500000,-0.9865810262130424,-0.9865810262130424,-0.9865810262130424,0E-17,ELIGIBLE,R03b_20260811_FULL_v1,L1_ELIGIBILITY,v2026-08-11,2026-03-21..2026-08-06,baccarat_bet02_101_all_pairs_incl_sentinel,round_win = game_pnl > 0 (decisive only),COMPATIBILITY_ONLY_NOT_PRODUCTION,42404.8770,37633.9694,483.2517,2200,2196,-0.01139613,0.00825174,-0.01739291,-0.01139613,-483.2517,42404.8770,OK,0.0000,19.3301,4.0000,96.0000,AG03-UNRESOLVED,ALL5_LEVELS_bet23_to_bet27,19.3301,19.3301,19.3301,24.1626,24.1626,4.000000,4.000000,4.000000,5.000000,5.000000,96.000000,96.000000,96.000000,95.000000,95.000000,5.0,106.3154,97.3877,376.9363,385.864,PENDING_AG03,FALSE,NOT_FOR_ENFORCEMENT,463.9216,36128.6106,483.2517,463.9216,19.3301,0.01139613,0.01094029,19.3301,463.9216,0.01094029,19.3301,19.3301,19.3301,24.1626,24.1626,463.9216,0.01094029,106.3154,97.3877,376.9363,385.864,0.00888898,0.00909952,0.00045585,19.2749,17.1375,0.2201,5.7530,0.6409,504.8200,26.1429,7.1751,39.7174,2.9515,6.1317,20.2037,44.018,88.0359,220.0898,5.1098,0.0,14.357485,35.893712,3.143486,29,158,125,3,0.23384124,0.01139613,-0.00825174,0E-8,0.000000,0.887492,0.846818,0.02564465,2026-03-24,2026-08-06,84,754,547,136,0.617647,0.180654,0.372251,0.779471,,,,,,,,GLOBAL_BASELINE_NO_ENTITY_RANKING,,,NOT_APPLICABLE_GLOBAL_BASELINE,HF9g-P5,,,,X 全窗基线 · 不参与实体赏罚,8397783,840,A168_HF9F_20260827_0900,2026-08-27 09:00:00
2026-04-09,129740297,-1,1,2137.7521978369,-451.1626926401,-451.1626926401,0.3333333,7,6,0.50150826666664924,0.470653666667,-0.823889296874282,-0.6738912173435284,-0.823889296874282,0.03085459999964924,SENTINEL_DEALER,R03b_20260811_FULL_v1,L1_ELIGIBILITY,v2026-08-11,2026-03-21..2026-08-06,baccarat_bet02_101_all_pairs_incl_sentinel,round_win = game_pnl > 0 (decisive only),COMPATIBILITY_ONLY_NOT_PRODUCTION,42404.8770,37633.9694,483.2517,2200,2196,-0.01139613,0.00825174,-0.01739291,-0.01139613,-483.2517,42404.8770,OK,0.0000,19.3301,4.0000,96.0000,AG03-UNRESOLVED,ALL5_LEVELS_bet23_to_bet27,19.3301,19.3301,19.3301,24.1626,24.1626,4.000000,4.000000,4.000000,5.000000,5.000000,96.000000,96.000000,96.000000,95.000000,95.000000,5.0,106.3154,97.3877,376.9363,385.864,PENDING_AG03,FALSE,NOT_FOR_ENFORCEMENT,463.9216,36128.6106,483.2517,463.9216,19.3301,0.01139613,0.01094029,19.3301,463.9216,0.01094029,19.3301,19.3301,19.3301,24.1626,24.1626,463.9216,0.01094029,106.3154,97.3877,376.9363,385.864,0.00888898,0.00909952,0.00045585,19.2749,17.1375,0.2201,5.7530,0.6409,504.8200,26.1429,7.1751,39.7174,2.9515,6.1317,20.2037,44.018,88.0359,220.0898,5.1098,0.0,14.357485,35.893712,3.143486,29,158,125,3,0.23384124,0.01139613,-0.00825174,0E-8,0.000000,0.887492,0.846818,0.02564465,2026-03-24,2026-08-06,84,754,547,136,0.617647,0.180654,0.372251,0.779471,,,,,,,,GLOBAL_BASELINE_NO_ENTITY_RANKING,,,NOT_APPLICABLE_GLOBAL_BASELINE,HF9g-P5,,,,X 全窗基线 · 不参与实体赏罚,8397784,840,A168_HF9F_20260827_0900,2026-08-27 09:00:00
2026-04-09,129740297,1374,0,42.1647376300,-21.0823688150,-21.0823688150,0E-7,2,2,0.49324550000000000,0.493245500000,-0.9865810262130424,-0.9865810262130424,-0.9865810262130424,0E-17,ELIGIBLE,R03b_20260811_FULL_v1,L1_ELIGIBILITY,v2026-08-11,2026-03-21..2026-08-06,baccarat_bet02_101_all_pairs_incl_sentinel,round_win = game_pnl > 0 (decisive only),COMPATIBILITY_ONLY_NOT_PRODUCTION,42404.8770,37633.9694,483.2517,2200,2196,-0.01139613,0.00825174,-0.01739291,-0.01139613,-483.2517,42404.8770,OK,0.0000,19.3301,4.0000,96.0000,AG03-UNRESOLVED,ALL5_LEVELS_bet23_to_bet27,19.3301,19.3301,19.3301,24.1626,24.1626,4.000000,4.000000,4.000000,5.000000,5.000000,96.000000,96.000000,96.000000,95.000000,95.000000,5.0,106.3154,97.3877,376.9363,385.864,PENDING_AG03,FALSE,NOT_FOR_ENFORCEMENT,463.9216,36128.6106,483.2517,463.9216,19.3301,0.01139613,0.01094029,19.3301,463.9216,0.01094029,19.3301,19.3301,19.3301,24.1626,24.1626,463.9216,0.01094029,106.3154,97.3877,376.9363,385.864,0.00888898,0.00909952,0.00045585,19.2749,17.1375,0.2201,5.7530,0.6409,504.8200,26.1429,7.1751,39.7174,2.9515,6.1317,20.2037,44.018,88.0359,220.0898,5.1098,0.0,14.357485,35.893712,3.143486,29,158,125,3,0.23384124,0.01139613,-0.00825174,0E-8,0.000000,0.887492,0.846818,0.02564465,2026-03-24,2026-08-06,84,754,547,136,0.617647,0.180654,0.372251,0.779471,,,,,,,,GLOBAL_BASELINE_NO_ENTITY_RANKING,,,NOT_APPLICABLE_GLOBAL_BASELINE,HF9g-P5,,,,X 全窗基线 · 不参与实体赏罚,8397785,840,A168_HF9F_20260827_0900,2026-08-27 09:00:00
2026-04-09,129740297,1947,0,274.0707945945,-274.0707945945,-274.0707945945,0E-7,1,1,0.49324550000000000,0.493245500000,-0.9865810262130424,-0.9865810262130424,-0.9865810262130424,0E-17,ELIGIBLE,R03b_20260811_FULL_v1,L1_ELIGIBILITY,v2026-08-11,2026-03-21..2026-08-06,baccarat_bet02_101_all_pairs_incl_sentinel,round_win = game_pnl > 0 (decisive only),COMPATIBILITY_ONLY_NOT_PRODUCTION,42404.8770,37633.9694,483.2517,2200,2196,-0.01139613,0.00825174,-0.01739291,-0.01139613,-483.2517,42404.8770,OK,0.0000,19.3301,4.0000,96.0000,AG03-UNRESOLVED,ALL5_LEVELS_bet23_to_bet27,19.3301,19.3301,19.3301,24.1626,24.1626,4.000000,4.000000,4.000000,5.000000,5.000000,96.000000,96.000000,96.000000,95.000000,95.000000,5.0,106.3154,97.3877,376.9363,385.864,PENDING_AG03,FALSE,NOT_FOR_ENFORCEMENT,463.9216,36128.6106,483.2517,463.9216,19.3301,0.01139613,0.01094029,19.3301,463.9216,0.01094029,19.3301,19.3301,19.3301,24.1626,24.1626,463.9216,0.01094029,106.3154,97.3877,376.9363,385.864,0.00888898,0.00909952,0.00045585,19.2749,17.1375,0.2201,5.7530,0.6409,504.8200,26.1429,7.1751,39.7174,2.9515,6.1317,20.2037,44.018,88.0359,220.0898,5.1098,0.0,14.357485,35.893712,3.143486,29,158,125,3,0.23384124,0.01139613,-0.00825174,0E-8,0.000000,0.887492,0.846818,0.02564465,2026-03-24,2026-08-06,84,754,547,136,0.617647,0.180654,0.372251,0.779471,,,,,,,,GLOBAL_BASELINE_NO_ENTITY_RANKING,,,NOT_APPLICABLE_GLOBAL_BASELINE,HF9g-P5,,,,X 全窗基线 · 不参与实体赏罚,8397786,840,A168_HF9F_20260827_0900,2026-08-27 09:00:00
2026-04-09,129740297,2108,0,1370.3539729724,-210.8236881496,-210.8236881496,0.3333333,5,5,0.50665070000000000,0.506650700000,-0.6004420894325239,-0.6004420894325239,-0.6004420894325239,0E-17,ELIGIBLE,R03b_20260811_FULL_v1,L1_ELIGIBILITY,v2026-08-11,2026-03-21..2026-08-06,baccarat_bet02_101_all_pairs_incl_sentinel,round_win = game_pnl > 0 (decisive only),COMPATIBILITY_ONLY_NOT_PRODUCTION,42404.8770,37633.9694,483.2517,2200,2196,-0.01139613,0.00825174,-0.01739291,-0.01139613,-483.2517,42404.8770,OK,0.0000,19.3301,4.0000,96.0000,AG03-UNRESOLVED,ALL5_LEVELS_bet23_to_bet27,19.3301,19.3301,19.3301,24.1626,24.1626,4.000000,4.000000,4.000000,5.000000,5.000000,96.000000,96.000000,96.000000,95.000000,95.000000,5.0,106.3154,97.3877,376.9363,385.864,PENDING_AG03,FALSE,NOT_FOR_ENFORCEMENT,463.9216,36128.6106,483.2517,463.9216,19.3301,0.01139613,0.01094029,19.3301,463.9216,0.01094029,19.3301,19.3301,19.3301,24.1626,24.1626,463.9216,0.01094029,106.3154,97.3877,376.9363,385.864,0.00888898,0.00909952,0.00045585,19.2749,17.1375,0.2201,5.7530,0.6409,504.8200,26.1429,7.1751,39.7174,2.9515,6.1317,20.2037,44.018,88.0359,220.0898,5.1098,0.0,14.357485,35.893712,3.143486,29,158,125,3,0.23384124,0.01139613,-0.00825174,0E-8,0.000000,0.887492,0.846818,0.02564465,2026-03-24,2026-08-06,84,754,547,136,0.617647,0.180654,0.372251,0.779471,,,,,,,,GLOBAL_BASELINE_NO_ENTITY_RANKING,,,NOT_APPLICABLE_GLOBAL_BASELINE,HF9g-P5,,,,X 全窗基线 · 不参与实体赏罚,8397787,840,A168_HF9F_20260827_0900,2026-08-27 09:00:00
2026-04-09,129740297,2145,0,316.2355322244,316.2355322244,316.2355322244,1.0000000,1,1,0.49324550000000000,0.493245500000,1.01360149184955,1.01360149184955,1.01360149184955,0E-17,ELIGIBLE,R03b_20260811_FULL_v1,L1_ELIGIBILITY,v2026-08-11,2026-03-21..2026-08-06,baccarat_bet02_101_all_pairs_incl_sentinel,round_win = game_pnl > 0 (decisive only),COMPATIBILITY_ONLY_NOT_PRODUCTION,42404.8770,37633.9694,483.2517,2200,2196,-0.01139613,0.00825174,-0.01739291,-0.01139613,-483.2517,42404.8770,OK,0.0000,19.3301,4.0000,96.0000,AG03-UNRESOLVED,ALL5_LEVELS_bet23_to_bet27,19.3301,19.3301,19.3301,24.1626,24.1626,4.000000,4.000000,4.000000,5.000000,5.000000,96.000000,96.000000,96.000000,95.000000,95.000000,5.0,106.3154,97.3877,376.9363,385.864,PENDING_AG03,FALSE,NOT_FOR_ENFORCEMENT,463.9216,36128.6106,483.2517,463.9216,19.3301,0.01139613,0.01094029,19.3301,463.9216,0.01094029,19.3301,19.3301,19.3301,24.1626,24.1626,463.9216,0.01094029,106.3154,97.3877,376.9363,385.864,0.00888898,0.00909952,0.00045585,19.2749,17.1375,0.2201,5.7530,0.6409,504.8200,26.1429,7.1751,39.7174,2.9515,6.1317,20.2037,44.018,88.0359,220.0898,5.1098,0.0,14.357485,35.893712,3.143486,29,158,125,3,0.23384124,0.01139613,-0.00825174,0E-8,0.000000,0.887492,0.846818,0.02564465,2026-03-24,2026-08-06,84,754,547,136,0.617647,0.180654,0.372251,0.779471,,,,,,,,GLOBAL_BASELINE_NO_ENTITY_RANKING,,,NOT_APPLICABLE_GLOBAL_BASELINE,HF9g-P5,,,,X 全窗基线 · 不参与实体赏罚,8397788,840,A168_HF9F_20260827_0900,2026-08-27 09:00:00
2026-04-09,129740297,2171,0,168.6589505198,0E-10,0E-10,0.5000000,6,6,0.49324550000000000,0.493245500000,0.03309317671092531,0.03309317671092531,0.03309317671092531,0E-17,ELIGIBLE,R03b_20260811_FULL_v1,L1_ELIGIBILITY,v2026-08-11,2026-03-21..2026-08-06,baccarat_bet02_101_all_pairs_incl_sentinel,round_win = game_pnl > 0 (decisive only),COMPATIBILITY_ONLY_NOT_PRODUCTION,42404.8770,37633.9694,483.2517,2200,2196,-0.01139613,0.00825174,-0.01739291,-0.01139613,-483.2517,42404.8770,OK,0.0000,19.3301,4.0000,96.0000,AG03-UNRESOLVED,ALL5_LEVELS_bet23_to_bet27,19.3301,19.3301,19.3301,24.1626,24.1626,4.000000,4.000000,4.000000,5.000000,5.000000,96.000000,96.000000,96.000000,95.000000,95.000000,5.0,106.3154,97.3877,376.9363,385.864,PENDING_AG03,FALSE,NOT_FOR_ENFORCEMENT,463.9216,36128.6106,483.2517,463.9216,19.3301,0.01139613,0.01094029,19.3301,463.9216,0.01094029,19.3301,19.3301,19.3301,24.1626,24.1626,463.9216,0.01094029,106.3154,97.3877,376.9363,385.864,0.00888898,0.00909952,0.00045585,19.2749,17.1375,0.2201,5.7530,0.6409,504.8200,26.1429,7.1751,39.7174,2.9515,6.1317,20.2037,44.018,88.0359,220.0898,5.1098,0.0,14.357485,35.893712,3.143486,29,158,125,3,0.23384124,0.01139613,-0.00825174,0E-8,0.000000,0.887492,0.846818,0.02564465,2026-03-24,2026-08-06,84,754,547,136,0.617647,0.180654,0.372251,0.779471,,,,,,,,GLOBAL_BASELINE_NO_ENTITY_RANKING,,,NOT_APPLICABLE_GLOBAL_BASELINE,HF9g-P5,,,,X 全窗基线 · 不参与实体赏罚,8397789,840,A168_HF9F_20260827_0900,2026-08-27 09:00:00
2026-04-09,129740297,2246,0,84.3294752598,84.3294752598,84.3294752598,1.0000000,1,1,0.49324550000000000,0.493245500000,1.01360149184955,1.01360149184955,1.01360149184955,0E-17,ELIGIBLE,R03b_20260811_FULL_v1,L1_ELIGIBILITY,v2026-08-11,2026-03-21..2026-08-06,baccarat_bet02_101_all_pairs_incl_sentinel,round_win = game_pnl > 0 (decisive only),COMPATIBILITY_ONLY_NOT_PRODUCTION,42404.8770,37633.9694,483.2517,2200,2196,-0.01139613,0.00825174,-0.01739291,-0.01139613,-483.2517,42404.8770,OK,0.0000,19.3301,4.0000,96.0000,AG03-UNRESOLVED,ALL5_LEVELS_bet23_to_bet27,19.3301,19.3301,19.3301,24.1626,24.1626,4.000000,4.000000,4.000000,5.000000,5.000000,96.000000,96.000000,96.000000,95.000000,95.000000,5.0,106.3154,97.3877,376.9363,385.864,PENDING_AG03,FALSE,NOT_FOR_ENFORCEMENT,463.9216,36128.6106,483.2517,463.9216,19.3301,0.01139613,0.01094029,19.3301,463.9216,0.01094029,19.3301,19.3301,19.3301,24.1626,24.1626,463.9216,0.01094029,106.3154,97.3877,376.9363,385.864,0.00888898,0.00909952,0.00045585,19.2749,17.1375,0.2201,5.7530,0.6409,504.8200,26.1429,7.1751,39.7174,2.9515,6.1317,20.2037,44.018,88.0359,220.0898,5.1098,0.0,14.357485,35.893712,3.143486,29,158,125,3,0.23384124,0.01139613,-0.00825174,0E-8,0.000000,0.887492,0.846818,0.02564465,2026-03-24,2026-08-06,84,754,547,136,0.617647,0.180654,0.372251,0.779471,,,,,,,,GLOBAL_BASELINE_NO_ENTITY_RANKING,,,NOT_APPLICABLE_GLOBAL_BASELINE,HF9g-P5,,,,X 全窗基线 · 不参与实体赏罚,8397790,840,A168_HF9F_20260827_0900,2026-08-27 09:00:00
2026-04-09,129740297,529,0,316.2355322244,-316.2355322244,-316.2355322244,0E-7,1,1,0.49324550000000000,0.493245500000,-0.9865810262130424,-0.9865810262130424,-0.9865810262130424,0E-17,ELIGIBLE,R03b_20260811_FULL_v1,L1_ELIGIBILITY,v2026-08-11,2026-03-21..2026-08-06,baccarat_bet02_101_all_pairs_incl_sentinel,round_win = game_pnl > 0 (decisive only),COMPATIBILITY_ONLY_NOT_PRODUCTION,42404.8770,37633.9694,483.2517,2200,2196,-0.01139613,0.00825174,-0.01739291,-0.01139613,-483.2517,42404.8770,OK,0.0000,19.3301,4.0000,96.0000,AG03-UNRESOLVED,ALL5_LEVELS_bet23_to_bet27,19.3301,19.3301,19.3301,24.1626,24.1626,4.000000,4.000000,4.000000,5.000000,5.000000,96.000000,96.000000,96.000000,95.000000,95.000000,5.0,106.3154,97.3877,376.9363,385.864,PENDING_AG03,FALSE,NOT_FOR_ENFORCEMENT,463.9216,36128.6106,483.2517,463.9216,19.3301,0.01139613,0.01094029,19.3301,463.9216,0.01094029,19.3301,19.3301,19.3301,24.1626,24.1626,463.9216,0.01094029,106.3154,97.3877,376.9363,385.864,0.00888898,0.00909952,0.00045585,19.2749,17.1375,0.2201,5.7530,0.6409,504.8200,26.1429,7.1751,39.7174,2.9515,6.1317,20.2037,44.018,88.0359,220.0898,5.1098,0.0,14.357485,35.893712,3.143486,29,158,125,3,0.23384124,0.01139613,-0.00825174,0E-8,0.000000,0.887492,0.846818,0.02564465,2026-03-24,2026-08-06,84,754,547,136,0.617647,0.180654,0.372251,0.779471,,,,,,,,GLOBAL_BASELINE_NO_ENTITY_RANKING,,,NOT_APPLICABLE_GLOBAL_BASELINE,HF9g-P5,,,,X 全窗基线 · 不参与实体赏罚,8397791,840,A168_HF9F_20260827_0900,2026-08-27 09:00:00
2026-04-10,129740297,1400,0,168.6589505199,147.5765817049,147.5765817049,1.0000000,7,7,0.49324550000000000,0.493245500000,2.4828064575552,2.4828064575551996,2.4828064575552,0E-17,ELIGIBLE,R03b_20260811_FULL_v1,L1_ELIGIBILITY,v2026-08-11,2026-03-21..2026-08-06,baccarat_bet02_101_all_pairs_incl_sentinel,round_win = game_pnl > 0 (decisive only),COMPATIBILITY_ONLY_NOT_PRODUCTION,42404.8770,37633.9694,483.2517,2200,2196,-0.01139613,0.00825174,-0.01739291,-0.01139613,-483.2517,42404.8770,OK,0.0000,19.3301,4.0000,96.0000,AG03-UNRESOLVED,ALL5_LEVELS_bet23_to_bet27,19.3301,19.3301,19.3301,24.1626,24.1626,4.000000,4.000000,4.000000,5.000000,5.000000,96.000000,96.000000,96.000000,95.000000,95.000000,5.0,106.3154,97.3877,376.9363,385.864,PENDING_AG03,FALSE,NOT_FOR_ENFORCEMENT,463.9216,36128.6106,483.2517,463.9216,19.3301,0.01139613,0.01094029,19.3301,463.9216,0.01094029,19.3301,19.3301,19.3301,24.1626,24.1626,463.9216,0.01094029,106.3154,97.3877,376.9363,385.864,0.00888898,0.00909952,0.00045585,19.2749,17.1375,0.2201,5.7530,0.6409,504.8200,26.1429,7.1751,39.7174,2.9515,6.1317,20.2037,44.018,88.0359,220.0898,5.1098,0.0,14.357485,35.893712,3.143486,29,158,125,3,0.23384124,0.01139613,-0.00825174,0E-8,0.000000,0.887492,0.846818,0.02564465,2026-03-24,2026-08-06,84,754,547,136,0.617647,0.180654,0.372251,0.779471,,,,,,,,GLOBAL_BASELINE_NO_ENTITY_RANKING,,,NOT_APPLICABLE_GLOBAL_BASELINE,HF9g-P5,,,,X 全窗基线 · 不参与实体赏罚,8397792,840,A168_HF9F_20260827_0900,2026-08-27 09:00:00
2026-04-10,129740297,2145,0,653.5534332638,-42.1647376298,-42.1647376298,0.5454545,12,12,0.49547970000000000,0.495479700000,0.33150917046235795,0.331509170462358,0.33150917046235795,0E-17,ELIGIBLE,R03b_20260811_FULL_v1,L1_ELIGIBILITY,v2026-08-11,2026-03-21..2026-08-06,baccarat_bet02_101_all_pairs_incl_sentinel,round_win = game_pnl > 0 (decisive only),COMPATIBILITY_ONLY_NOT_PRODUCTION,42404.8770,37633.9694,483.2517,2200,2196,-0.01139613,0.00825174,-0.01739291,-0.01139613,-483.2517,42404.8770,OK,0.0000,19.3301,4.0000,96.0000,AG03-UNRESOLVED,ALL5_LEVELS_bet23_to_bet27,19.3301,19.3301,19.3301,24.1626,24.1626,4.000000,4.000000,4.000000,5.000000,5.000000,96.000000,96.000000,96.000000,95.000000,95.000000,5.0,106.3154,97.3877,376.9363,385.864,PENDING_AG03,FALSE,NOT_FOR_ENFORCEMENT,463.9216,36128.6106,483.2517,463.9216,19.3301,0.01139613,0.01094029,19.3301,463.9216,0.01094029,19.3301,19.3301,19.3301,24.1626,24.1626,463.9216,0.01094029,106.3154,97.3877,376.9363,385.864,0.00888898,0.00909952,0.00045585,19.2749,17.1375,0.2201,5.7530,0.6409,504.8200,26.1429,7.1751,39.7174,2.9515,6.1317,20.2037,44.018,88.0359,220.0898,5.1098,0.0,14.357485,35.893712,3.143486,29,158,125,3,0.23384124,0.01139613,-0.00825174,0E-8,0.000000,0.887492,0.846818,0.02564465,2026-03-24,2026-08-06,84,754,547,136,0.617647,0.180654,0.372251,0.779471,,,,,,,,GLOBAL_BASELINE_NO_ENTITY_RANKING,,,NOT_APPLICABLE_GLOBAL_BASELINE,HF9g-P5,,,,X 全窗基线 · 不参与实体赏罚,8397793,840,A168_HF9F_20260827_0900,2026-08-27 09:00:00
2026-04-10,129740297,2246,0,168.6589505197,-168.6589505197,-168.6589505197,0E-7,1,1,0.50665070000000000,0.506650700000,-1.013391052207602,-1.013391052207602,-1.013391052207602,0E-17,ELIGIBLE,R03b_20260811_FULL_v1,L1_ELIGIBILITY,v2026-08-11,2026-03-21..2026-08-06,baccarat_bet02_101_all_pairs_incl_sentinel,round_win = game_pnl > 0 (decisive only),COMPATIBILITY_ONLY_NOT_PRODUCTION,42404.8770,37633.9694,483.2517,2200,2196,-0.01139613,0.00825174,-0.01739291,-0.01139613,-483.2517,42404.8770,OK,0.0000,19.3301,4.0000,96.0000,AG03-UNRESOLVED,ALL5_LEVELS_bet23_to_bet27,19.3301,19.3301,19.3301,24.1626,24.1626,4.000000,4.000000,4.000000,5.000000,5.000000,96.000000,96.000000,96.000000,95.000000,95.000000,5.0,106.3154,97.3877,376.9363,385.864,PENDING_AG03,FALSE,NOT_FOR_ENFORCEMENT,463.9216,36128.6106,483.2517,463.9216,19.3301,0.01139613,0.01094029,19.3301,463.9216,0.01094029,19.3301,19.3301,19.3301,24.1626,24.1626,463.9216,0.01094029,106.3154,97.3877,376.9363,385.864,0.00888898,0.00909952,0.00045585,19.2749,17.1375,0.2201,5.7530,0.6409,504.8200,26.1429,7.1751,39.7174,2.9515,6.1317,20.2037,44.018,88.0359,220.0898,5.1098,0.0,14.357485,35.893712,3.143486,29,158,125,3,0.23384124,0.01139613,-0.00825174,0E-8,0.000000,0.887492,0.846818,0.02564465,2026-03-24,2026-08-06,84,754,547,136,0.617647,0.180654,0.372251,0.779471,,,,,,,,GLOBAL_BASELINE_NO_ENTITY_RANKING,,,NOT_APPLICABLE_GLOBAL_BASELINE,HF9g-P5,,,,X 全窗基线 · 不参与实体赏罚,8397794,840,A168_HF9F_20260827_0900,2026-08-27 09:00:00
2026-04-10,129740297,2267,0,212.2994539666,-212.2994539666,-212.2994539666,0E-7,2,2,0.49324550000000000,0.493245500000,-1.3952362676504506,-1.3952362676504506,-1.3952362676504506,0E-17,ELIGIBLE,R03b_20260811_FULL_v1,L1_ELIGIBILITY,v2026-08-11,2026-03-21..2026-08-06,baccarat_bet02_101_all_pairs_incl_sentinel,round_win = game_pnl > 0 (decisive only),COMPATIBILITY_ONLY_NOT_PRODUCTION,42404.8770,37633.9694,483.2517,2200,2196,-0.01139613,0.00825174,-0.01739291,-0.01139613,-483.2517,42404.8770,OK,0.0000,19.3301,4.0000,96.0000,AG03-UNRESOLVED,ALL5_LEVELS_bet23_to_bet27,19.3301,19.3301,19.3301,24.1626,24.1626,4.000000,4.000000,4.000000,5.000000,5.000000,96.000000,96.000000,96.000000,95.000000,95.000000,5.0,106.3154,97.3877,376.9363,385.864,PENDING_AG03,FALSE,NOT_FOR_ENFORCEMENT,463.9216,36128.6106,483.2517,463.9216,19.3301,0.01139613,0.01094029,19.3301,463.9216,0.01094029,19.3301,19.3301,19.3301,24.1626,24.1626,463.9216,0.01094029,106.3154,97.3877,376.9363,385.864,0.00888898,0.00909952,0.00045585,19.2749,17.1375,0.2201,5.7530,0.6409,504.8200,26.1429,7.1751,39.7174,2.9515,6.1317,20.2037,44.018,88.0359,220.0898,5.1098,0.0,14.357485,35.893712,3.143486,29,158,125,3,0.23384124,0.01139613,-0.00825174,0E-8,0.000000,0.887492,0.846818,0.02564465,2026-03-24,2026-08-06,84,754,547,136,0.617647,0.180654,0.372251,0.779471,,,,,,,,GLOBAL_BASELINE_NO_ENTITY_RANKING,,,NOT_APPLICABLE_GLOBAL_BASELINE,HF9g-P5,,,,X 全窗基线 · 不参与实体赏罚,8397795,840,A168_HF9F_20260827_0900,2026-08-27 09:00:00
2026-04-12,129740297,1405,0,2.9515316341,-2.9515316341,-2.9515316341,0E-7,1,1,0.50665070000000000,0.506650700000,-1.013391052207602,-1.013391052207602,-1.013391052207602,0E-17,ELIGIBLE,R03b_20260811_FULL_v1,L1_ELIGIBILITY,v2026-08-11,2026-03-21..2026-08-06,baccarat_bet02_101_all_pairs_incl_sentinel,round_win = game_pnl > 0 (decisive only),COMPATIBILITY_ONLY_NOT_PRODUCTION,42404.8770,37633.9694,483.2517,2200,2196,-0.01139613,0.00825174,-0.01739291,-0.01139613,-483.2517,42404.8770,OK,0.0000,19.3301,4.0000,96.0000,AG03-UNRESOLVED,ALL5_LEVELS_bet23_to_bet27,19.3301,19.3301,19.3301,24.1626,24.1626,4.000000,4.000000,4.000000,5.000000,5.000000,96.000000,96.000000,96.000000,95.000000,95.000000,5.0,106.3154,97.3877,376.9363,385.864,PENDING_AG03,FALSE,NOT_FOR_ENFORCEMENT,463.9216,36128.6106,483.2517,463.9216,19.3301,0.01139613,0.01094029,19.3301,463.9216,0.01094029,19.3301,19.3301,19.3301,24.1626,24.1626,463.9216,0.01094029,106.3154,97.3877,376.9363,385.864,0.00888898,0.00909952,0.00045585,19.2749,17.1375,0.2201,5.7530,0.6409,504.8200,26.1429,7.1751,39.7174,2.9515,6.1317,20.2037,44.018,88.0359,220.0898,5.1098,0.0,14.357485,35.893712,3.143486,29,158,125,3,0.23384124,0.01139613,-0.00825174,0E-8,0.000000,0.887492,0.846818,0.02564465,2026-03-24,2026-08-06,84,754,547,136,0.617647,0.180654,0.372251,0.779471,,,,,,,,GLOBAL_BASELINE_NO_ENTITY_RANKING,,,NOT_APPLICABLE_GLOBAL_BASELINE,HF9g-P5,,,,X 全窗基线 · 不参与实体赏罚,8397796,840,A168_HF9F_20260827_0900,2026-08-27 09:00:00
2026-04-12,129740297,1947,0,48.0678008981,-48.0678008981,-48.0678008981,0E-7,1,1,0.49324550000000000,0.493245500000,-0.9865810262130424,-0.9865810262130424,-0.9865810262130424,0E-17,ELIGIBLE,R03b_20260811_FULL_v1,L1_ELIGIBILITY,v2026-08-11,2026-03-21..2026-08-06,baccarat_bet02_101_all_pairs_incl_sentinel,round_win = game_pnl > 0 (decisive only),COMPATIBILITY_ONLY_NOT_PRODUCTION,42404.8770,37633.9694,483.2517,2200,2196,-0.01139613,0.00825174,-0.01739291,-0.01139613,-483.2517,42404.8770,OK,0.0000,19.3301,4.0000,96.0000,AG03-UNRESOLVED,ALL5_LEVELS_bet23_to_bet27,19.3301,19.3301,19.3301,24.1626,24.1626,4.000000,4.000000,4.000000,5.000000,5.000000,96.000000,96.000000,96.000000,95.000000,95.000000,5.0,106.3154,97.3877,376.9363,385.864,PENDING_AG03,FALSE,NOT_FOR_ENFORCEMENT,463.9216,36128.6106,483.2517,463.9216,19.3301,0.01139613,0.01094029,19.3301,463.9216,0.01094029,19.3301,19.3301,19.3301,24.1626,24.1626,463.9216,0.01094029,106.3154,97.3877,376.9363,385.864,0.00888898,0.00909952,0.00045585,19.2749,17.1375,0.2201,5.7530,0.6409,504.8200,26.1429,7.1751,39.7174,2.9515,6.1317,20.2037,44.018,88.0359,220.0898,5.1098,0.0,14.357485,35.893712,3.143486,29,158,125,3,0.23384124,0.01139613,-0.00825174,0E-8,0.000000,0.887492,0.846818,0.02564465,2026-03-24,2026-08-06,84,754,547,136,0.617647,0.180654,0.372251,0.779471,,,,,,,,GLOBAL_BASELINE_NO_ENTITY_RANKING,,,NOT_APPLICABLE_GLOBAL_BASELINE,HF9g-P5,,,,X 全窗基线 · 不参与实体赏罚,8397797,840,A168_HF9F_20260827_0900,2026-08-27 09:00:00
2026-04-12,129740297,2093,0,40.0565007485,-40.0565007485,-40.0565007485,0E-7,3,3,0.50665070000000000,0.506650700000,-1.7552447903592512,-1.7552447903592512,-1.7552447903592512,0E-17,ELIGIBLE,R03b_20260811_FULL_v1,L1_ELIGIBILITY,v2026-08-11,2026-03-21..2026-08-06,baccarat_bet02_101_all_pairs_incl_sentinel,round_win = game_pnl > 0 (decisive only),COMPATIBILITY_ONLY_NOT_PRODUCTION,42404.8770,37633.9694,483.2517,2200,2196,-0.01139613,0.00825174,-0.01739291,-0.01139613,-483.2517,42404.8770,OK,0.0000,19.3301,4.0000,96.0000,AG03-UNRESOLVED,ALL5_LEVELS_bet23_to_bet27,19.3301,19.3301,19.3301,24.1626,24.1626,4.000000,4.000000,4.000000,5.000000,5.000000,96.000000,96.000000,96.000000,95.000000,95.000000,5.0,106.3154,97.3877,376.9363,385.864,PENDING_AG03,FALSE,NOT_FOR_ENFORCEMENT,463.9216,36128.6106,483.2517,463.9216,19.3301,0.01139613,0.01094029,19.3301,463.9216,0.01094029,19.3301,19.3301,19.3301,24.1626,24.1626,463.9216,0.01094029,106.3154,97.3877,376.9363,385.864,0.00888898,0.00909952,0.00045585,19.2749,17.1375,0.2201,5.7530,0.6409,504.8200,26.1429,7.1751,39.7174,2.9515,6.1317,20.2037,44.018,88.0359,220.0898,5.1098,0.0,14.357485,35.893712,3.143486,29,158,125,3,0.23384124,0.01139613,-0.00825174,0E-8,0.000000,0.887492,0.846818,0.02564465,2026-03-24,2026-08-06,84,754,547,136,0.617647,0.180654,0.372251,0.779471,,,,,,,,GLOBAL_BASELINE_NO_ENTITY_RANKING,,,NOT_APPLICABLE_GLOBAL_BASELINE,HF9g-P5,,,,X 全窗基线 · 不参与实体赏罚,8397798,840,A168_HF9F_20260827_0900,2026-08-27 09:00:00
2026-04-12,129740297,2174,0,10.3303607193,-1.4757658171,-1.4757658171,0.6666667,3,3,0.49324550000000000,0.493245500000,0.6008033672792107,0.6008033672792106,0.6008033672792107,0E-17,ELIGIBLE,R03b_20260811_FULL_v1,L1_ELIGIBILITY,v2026-08-11,2026-03-21..2026-08-06,baccarat_bet02_101_all_pairs_incl_sentinel,round_win = game_pnl > 0 (decisive only),COMPATIBILITY_ONLY_NOT_PRODUCTION,42404.8770,37633.9694,483.2517,2200,2196,-0.01139613,0.00825174,-0.01739291,-0.01139613,-483.2517,42404.8770,OK,0.0000,19.3301,4.0000,96.0000,AG03-UNRESOLVED,ALL5_LEVELS_bet23_to_bet27,19.3301,19.3301,19.3301,24.1626,24.1626,4.000000,4.000000,4.000000,5.000000,5.000000,96.000000,96.000000,96.000000,95.000000,95.000000,5.0,106.3154,97.3877,376.9363,385.864,PENDING_AG03,FALSE,NOT_FOR_ENFORCEMENT,463.9216,36128.6106,483.2517,463.9216,19.3301,0.01139613,0.01094029,19.3301,463.9216,0.01094029,19.3301,19.3301,19.3301,24.1626,24.1626,463.9216,0.01094029,106.3154,97.3877,376.9363,385.864,0.00888898,0.00909952,0.00045585,19.2749,17.1375,0.2201,5.7530,0.6409,504.8200,26.1429,7.1751,39.7174,2.9515,6.1317,20.2037,44.018,88.0359,220.0898,5.1098,0.0,14.357485,35.893712,3.143486,29,158,125,3,0.23384124,0.01139613,-0.00825174,0E-8,0.000000,0.887492,0.846818,0.02564465,2026-03-24,2026-08-06,84,754,547,136,0.617647,0.180654,0.372251,0.779471,,,,,,,,GLOBAL_BASELINE_NO_ENTITY_RANKING,,,NOT_APPLICABLE_GLOBAL_BASELINE,HF9g-P5,,,,X 全窗基线 · 不参与实体赏罚,8397799,840,A168_HF9F_20260827_0900,2026-08-27 09:00:00
2026-04-17,129740297,1384,0,926.5701094175,-872.5992452513,-872.5992452513,0.1666667,6,6,0.49547970000000000,0.495479700000,-1.6109141382103604,-1.6109141382103604,-1.6109141382103604,0E-17,ELIGIBLE,R03b_20260811_FULL_v1,L1_ELIGIBILITY,v2026-08-11,2026-03-21..2026-08-06,baccarat_bet02_101_all_pairs_incl_sentinel,round_win = game_pnl > 0 (decisive only),COMPATIBILITY_ONLY_NOT_PRODUCTION,42404.8770,37633.9694,483.2517,2200,2196,-0.01139613,0.00825174,-0.01739291,-0.01139613,-483.2517,42404.8770,OK,0.0000,19.3301,4.0000,96.0000,AG03-UNRESOLVED,ALL5_LEVELS_bet23_to_bet27,19.3301,19.3301,19.3301,24.1626,24.1626,4.000000,4.000000,4.000000,5.000000,5.000000,96.000000,96.000000,96.000000,95.000000,95.000000,5.0,106.3154,97.3877,376.9363,385.864,PENDING_AG03,FALSE,NOT_FOR_ENFORCEMENT,463.9216,36128.6106,483.2517,463.9216,19.3301,0.01139613,0.01094029,19.3301,463.9216,0.01094029,19.3301,19.3301,19.3301,24.1626,24.1626,463.9216,0.01094029,106.3154,97.3877,376.9363,385.864,0.00888898,0.00909952,0.00045585,19.2749,17.1375,0.2201,5.7530,0.6409,504.8200,26.1429,7.1751,39.7174,2.9515,6.1317,20.2037,44.018,88.0359,220.0898,5.1098,0.0,14.357485,35.893712,3.143486,29,158,125,3,0.23384124,0.01139613,-0.00825174,0E-8,0.000000,0.887492,0.846818,0.02564465,2026-03-24,2026-08-06,84,754,547,136,0.617647,0.180654,0.372251,0.779471,,,,,,,,GLOBAL_BASELINE_NO_ENTITY_RANKING,,,NOT_APPLICABLE_GLOBAL_BASELINE,HF9g-P5,,,,X 全窗基线 · 不参与实体赏罚,8397800,840,A168_HF9F_20260827_0900,2026-08-27 09:00:00
2026-04-23,129740297,1306,0,1.6865895052,-1.6865895052,-1.6865895052,0E-7,1,1,0.49324550000000000,0.493245500000,-0.9865810262130424,-0.9865810262130424,-0.9865810262130424,0E-17,ELIGIBLE,R03b_20260811_FULL_v1,L1_ELIGIBILITY,v2026-08-11,2026-03-21..2026-08-06,baccarat_bet02_101_all_pairs_incl_sentinel,round_win = game_pnl > 0 (decisive only),COMPATIBILITY_ONLY_NOT_PRODUCTION,42404.8770,37633.9694,483.2517,2200,2196,-0.01139613,0.00825174,-0.01739291,-0.01139613,-483.2517,42404.8770,OK,0.0000,19.3301,4.0000,96.0000,AG03-UNRESOLVED,ALL5_LEVELS_bet23_to_bet27,19.3301,19.3301,19.3301,24.1626,24.1626,4.000000,4.000000,4.000000,5.000000,5.000000,96.000000,96.000000,96.000000,95.000000,95.000000,5.0,106.3154,97.3877,376.9363,385.864,PENDING_AG03,FALSE,NOT_FOR_ENFORCEMENT,463.9216,36128.6106,483.2517,463.9216,19.3301,0.01139613,0.01094029,19.3301,463.9216,0.01094029,19.3301,19.3301,19.3301,24.1626,24.1626,463.9216,0.01094029,106.3154,97.3877,376.9363,385.864,0.00888898,0.00909952,0.00045585,19.2749,17.1375,0.2201,5.7530,0.6409,504.8200,26.1429,7.1751,39.7174,2.9515,6.1317,20.2037,44.018,88.0359,220.0898,5.1098,0.0,14.357485,35.893712,3.143486,29,158,125,3,0.23384124,0.01139613,-0.00825174,0E-8,0.000000,0.887492,0.846818,0.02564465,2026-03-24,2026-08-06,84,754,547,136,0.617647,0.180654,0.372251,0.779471,,,,,,,,GLOBAL_BASELINE_NO_ENTITY_RANKING,,,NOT_APPLICABLE_GLOBAL_BASELINE,HF9g-P5,,,,X 全窗基线 · 不参与实体赏罚,8397801,840,A168_HF9F_20260827_0900,2026-08-27 09:00:00
2026-04-23,129740297,2174,0,42.1647376300,-42.1647376300,-42.1647376300,0E-7,2,2,0.49324550000000000,0.493245500000,-1.3952362676504506,-1.3952362676504506,-1.3952362676504506,0E-17,ELIGIBLE,R03b_20260811_FULL_v1,L1_ELIGIBILITY,v2026-08-11,2026-03-21..2026-08-06,baccarat_bet02_101_all_pairs_incl_sentinel,round_win = game_pnl > 0 (decisive only),COMPATIBILITY_ONLY_NOT_PRODUCTION,42404.8770,37633.9694,483.2517,2200,2196,-0.01139613,0.00825174,-0.01739291,-0.01139613,-483.2517,42404.8770,OK,0.0000,19.3301,4.0000,96.0000,AG03-UNRESOLVED,ALL5_LEVELS_bet23_to_bet27,19.3301,19.3301,19.3301,24.1626,24.1626,4.000000,4.000000,4.000000,5.000000,5.000000,96.000000,96.000000,96.000000,95.000000,95.000000,5.0,106.3154,97.3877,376.9363,385.864,PENDING_AG03,FALSE,NOT_FOR_ENFORCEMENT,463.9216,36128.6106,483.2517,463.9216,19.3301,0.01139613,0.01094029,19.3301,463.9216,0.01094029,19.3301,19.3301,19.3301,24.1626,24.1626,463.9216,0.01094029,106.3154,97.3877,376.9363,385.864,0.00888898,0.00909952,0.00045585,19.2749,17.1375,0.2201,5.7530,0.6409,504.8200,26.1429,7.1751,39.7174,2.9515,6.1317,20.2037,44.018,88.0359,220.0898,5.1098,0.0,14.357485,35.893712,3.143486,29,158,125,3,0.23384124,0.01139613,-0.00825174,0E-8,0.000000,0.887492,0.846818,0.02564465,2026-03-24,2026-08-06,84,754,547,136,0.617647,0.180654,0.372251,0.779471,,,,,,,,GLOBAL_BASELINE_NO_ENTITY_RANKING,,,NOT_APPLICABLE_GLOBAL_BASELINE,HF9g-P5,,,,X 全窗基线 · 不参与实体赏罚,8397802,840,A168_HF9F_20260827_0900,2026-08-27 09:00:00
2026-04-24,129740297,2145,0,10.3303607193,-10.3303607193,-10.3303607193,0E-7,1,1,0.49324550000000000,0.493245500000,-0.9865810262130424,-0.9865810262130424,-0.9865810262130424,0E-17,ELIGIBLE,R03b_20260811_FULL_v1,L1_ELIGIBILITY,v2026-08-11,2026-03-21..2026-08-06,baccarat_bet02_101_all_pairs_incl_sentinel,round_win = game_pnl > 0 (decisive only),COMPATIBILITY_ONLY_NOT_PRODUCTION,42404.8770,37633.9694,483.2517,2200,2196,-0.01139613,0.00825174,-0.01739291,-0.01139613,-483.2517,42404.8770,OK,0.0000,19.3301,4.0000,96.0000,AG03-UNRESOLVED,ALL5_LEVELS_bet23_to_bet27,19.3301,19.3301,19.3301,24.1626,24.1626,4.000000,4.000000,4.000000,5.000000,5.000000,96.000000,96.000000,96.000000,95.000000,95.000000,5.0,106.3154,97.3877,376.9363,385.864,PENDING_AG03,FALSE,NOT_FOR_ENFORCEMENT,463.9216,36128.6106,483.2517,463.9216,19.3301,0.01139613,0.01094029,19.3301,463.9216,0.01094029,19.3301,19.3301,19.3301,24.1626,24.1626,463.9216,0.01094029,106.3154,97.3877,376.9363,385.864,0.00888898,0.00909952,0.00045585,19.2749,17.1375,0.2201,5.7530,0.6409,504.8200,26.1429,7.1751,39.7174,2.9515,6.1317,20.2037,44.018,88.0359,220.0898,5.1098,0.0,14.357485,35.893712,3.143486,29,158,125,3,0.23384124,0.01139613,-0.00825174,0E-8,0.000000,0.887492,0.846818,0.02564465,2026-03-24,2026-08-06,84,754,547,136,0.617647,0.180654,0.372251,0.779471,,,,,,,,GLOBAL_BASELINE_NO_ENTITY_RANKING,,,NOT_APPLICABLE_GLOBAL_BASELINE,HF9g-P5,,,,X 全窗基线 · 不参与实体赏罚,8397803,840,A168_HF9F_20260827_0900,2026-08-27 09:00:00
2026-04-29,129740297,-1,1,12.6494212890,0E-10,0E-10,0.5000000,2,2,0.49994810000000000,0.499948100000,0.00014679536856514622,0.00014679536856514622,0.00014679536856514622,0E-17,SENTINEL_DEALER,R03b_20260811_FULL_v1,L1_ELIGIBILITY,v2026-08-11,2026-03-21..2026-08-06,baccarat_bet02_101_all_pairs_incl_sentinel,round_win = game_pnl > 0 (decisive only),COMPATIBILITY_ONLY_NOT_PRODUCTION,42404.8770,37633.9694,483.2517,2200,2196,-0.01139613,0.00825174,-0.01739291,-0.01139613,-483.2517,42404.8770,OK,0.0000,19.3301,4.0000,96.0000,AG03-UNRESOLVED,ALL5_LEVELS_bet23_to_bet27,19.3301,19.3301,19.3301,24.1626,24.1626,4.000000,4.000000,4.000000,5.000000,5.000000,96.000000,96.000000,96.000000,95.000000,95.000000,5.0,106.3154,97.3877,376.9363,385.864,PENDING_AG03,FALSE,NOT_FOR_ENFORCEMENT,463.9216,36128.6106,483.2517,463.9216,19.3301,0.01139613,0.01094029,19.3301,463.9216,0.01094029,19.3301,19.3301,19.3301,24.1626,24.1626,463.9216,0.01094029,106.3154,97.3877,376.9363,385.864,0.00888898,0.00909952,0.00045585,19.2749,17.1375,0.2201,5.7530,0.6409,504.8200,26.1429,7.1751,39.7174,2.9515,6.1317,20.2037,44.018,88.0359,220.0898,5.1098,0.0,14.357485,35.893712,3.143486,29,158,125,3,0.23384124,0.01139613,-0.00825174,0E-8,0.000000,0.887492,0.846818,0.02564465,2026-03-24,2026-08-06,84,754,547,136,0.617647,0.180654,0.372251,0.779471,,,,,,,,GLOBAL_BASELINE_NO_ENTITY_RANKING,,,NOT_APPLICABLE_GLOBAL_BASELINE,HF9g-P5,,,,X 全窗基线 · 不参与实体赏罚,8397804,840,A168_HF9F_20260827_0900,2026-08-27 09:00:00
2026-04-29,129740297,1330,0,19.1849556216,-10.7520080956,-10.7520080956,0.3333333,3,3,0.49324550000000000,0.493245500000,-0.5540025479526107,-0.5540025479526106,-0.5540025479526107,0E-17,ELIGIBLE,R03b_20260811_FULL_v1,L1_ELIGIBILITY,v2026-08-11,2026-03-21..2026-08-06,baccarat_bet02_101_all_pairs_incl_sentinel,round_win = game_pnl > 0 (decisive only),COMPATIBILITY_ONLY_NOT_PRODUCTION,42404.8770,37633.9694,483.2517,2200,2196,-0.01139613,0.00825174,-0.01739291,-0.01139613,-483.2517,42404.8770,OK,0.0000,19.3301,4.0000,96.0000,AG03-UNRESOLVED,ALL5_LEVELS_bet23_to_bet27,19.3301,19.3301,19.3301,24.1626,24.1626,4.000000,4.000000,4.000000,5.000000,5.000000,96.000000,96.000000,96.000000,95.000000,95.000000,5.0,106.3154,97.3877,376.9363,385.864,PENDING_AG03,FALSE,NOT_FOR_ENFORCEMENT,463.9216,36128.6106,483.2517,463.9216,19.3301,0.01139613,0.01094029,19.3301,463.9216,0.01094029,19.3301,19.3301,19.3301,24.1626,24.1626,463.9216,0.01094029,106.3154,97.3877,376.9363,385.864,0.00888898,0.00909952,0.00045585,19.2749,17.1375,0.2201,5.7530,0.6409,504.8200,26.1429,7.1751,39.7174,2.9515,6.1317,20.2037,44.018,88.0359,220.0898,5.1098,0.0,14.357485,35.893712,3.143486,29,158,125,3,0.23384124,0.01139613,-0.00825174,0E-8,0.000000,0.887492,0.846818,0.02564465,2026-03-24,2026-08-06,84,754,547,136,0.617647,0.180654,0.372251,0.779471,,,,,,,,GLOBAL_BASELINE_NO_ENTITY_RANKING,,,NOT_APPLICABLE_GLOBAL_BASELINE,HF9g-P5,,,,X 全窗基线 · 不参与实体赏罚,8397805,840,A168_HF9F_20260827_0900,2026-08-27 09:00:00
2026-04-29,129740297,1396,0,21.0823688150,-21.0823688150,-21.0823688150,0E-7,2,2,0.49324550000000000,0.493245500000,-1.3952362676504506,-1.3952362676504506,-1.3952362676504506,0E-17,ELIGIBLE,R03b_20260811_FULL_v1,L1_ELIGIBILITY,v2026-08-11,2026-03-21..2026-08-06,baccarat_bet02_101_all_pairs_incl_sentinel,round_win = game_pnl > 0 (decisive only),COMPATIBILITY_ONLY_NOT_PRODUCTION,42404.8770,37633.9694,483.2517,2200,2196,-0.01139613,0.00825174,-0.01739291,-0.01139613,-483.2517,42404.8770,OK,0.0000,19.3301,4.0000,96.0000,AG03-UNRESOLVED,ALL5_LEVELS_bet23_to_bet27,19.3301,19.3301,19.3301,24.1626,24.1626,4.000000,4.000000,4.000000,5.000000,5.000000,96.000000,96.000000,96.000000,95.000000,95.000000,5.0,106.3154,97.3877,376.9363,385.864,PENDING_AG03,FALSE,NOT_FOR_ENFORCEMENT,463.9216,36128.6106,483.2517,463.9216,19.3301,0.01139613,0.01094029,19.3301,463.9216,0.01094029,19.3301,19.3301,19.3301,24.1626,24.1626,463.9216,0.01094029,106.3154,97.3877,376.9363,385.864,0.00888898,0.00909952,0.00045585,19.2749,17.1375,0.2201,5.7530,0.6409,504.8200,26.1429,7.1751,39.7174,2.9515,6.1317,20.2037,44.018,88.0359,220.0898,5.1098,0.0,14.357485,35.893712,3.143486,29,158,125,3,0.23384124,0.01139613,-0.00825174,0E-8,0.000000,0.887492,0.846818,0.02564465,2026-03-24,2026-08-06,84,754,547,136,0.617647,0.180654,0.372251,0.779471,,,,,,,,GLOBAL_BASELINE_NO_ENTITY_RANKING,,,NOT_APPLICABLE_GLOBAL_BASELINE,HF9g-P5,,,,X 全窗基线 · 不参与实体赏罚,8397806,840,A168_HF9F_20260827_0900,2026-08-27 09:00:00
2026-04-29,129740297,1645,0,42.1647376299,5.2705922038,5.2705922038,0.5000000,5,5,0.49324550000000000,0.493245500000,0.027020465636507562,0.027020465636507562,0.027020465636507562,0E-17,ELIGIBLE,R03b_20260811_FULL_v1,L1_ELIGIBILITY,v2026-08-11,2026-03-21..2026-08-06,baccarat_bet02_101_all_pairs_incl_sentinel,round_win = game_pnl > 0 (decisive only),COMPATIBILITY_ONLY_NOT_PRODUCTION,42404.8770,37633.9694,483.2517,2200,2196,-0.01139613,0.00825174,-0.01739291,-0.01139613,-483.2517,42404.8770,OK,0.0000,19.3301,4.0000,96.0000,AG03-UNRESOLVED,ALL5_LEVELS_bet23_to_bet27,19.3301,19.3301,19.3301,24.1626,24.1626,4.000000,4.000000,4.000000,5.000000,5.000000,96.000000,96.000000,96.000000,95.000000,95.000000,5.0,106.3154,97.3877,376.9363,385.864,PENDING_AG03,FALSE,NOT_FOR_ENFORCEMENT,463.9216,36128.6106,483.2517,463.9216,19.3301,0.01139613,0.01094029,19.3301,463.9216,0.01094029,19.3301,19.3301,19.3301,24.1626,24.1626,463.9216,0.01094029,106.3154,97.3877,376.9363,385.864,0.00888898,0.00909952,0.00045585,19.2749,17.1375,0.2201,5.7530,0.6409,504.8200,26.1429,7.1751,39.7174,2.9515,6.1317,20.2037,44.018,88.0359,220.0898,5.1098,0.0,14.357485,35.893712,3.143486,29,158,125,3,0.23384124,0.01139613,-0.00825174,0E-8,0.000000,0.887492,0.846818,0.02564465,2026-03-24,2026-08-06,84,754,547,136,0.617647,0.180654,0.372251,0.779471,,,,,,,,GLOBAL_BASELINE_NO_ENTITY_RANKING,,,NOT_APPLICABLE_GLOBAL_BASELINE,HF9g-P5,,,,X 全窗基线 · 不参与实体赏罚,8397807,840,A168_HF9F_20260827_0900,2026-08-27 09:00:00
2026-04-29,129740297,2202,0,12.6494212890,0E-10,0E-10,0.5000000,2,2,0.49324550000000000,0.493245500000,0.01910635448239258,0.01910635448239258,0.01910635448239258,0E-17,ELIGIBLE,R03b_20260811_FULL_v1,L1_ELIGIBILITY,v2026-08-11,2026-03-21..2026-08-06,baccarat_bet02_101_all_pairs_incl_sentinel,round_win = game_pnl > 0 (decisive only),COMPATIBILITY_ONLY_NOT_PRODUCTION,42404.8770,37633.9694,483.2517,2200,2196,-0.01139613,0.00825174,-0.01739291,-0.01139613,-483.2517,42404.8770,OK,0.0000,19.3301,4.0000,96.0000,AG03-UNRESOLVED,ALL5_LEVELS_bet23_to_bet27,19.3301,19.3301,19.3301,24.1626,24.1626,4.000000,4.000000,4.000000,5.000000,5.000000,96.000000,96.000000,96.000000,95.000000,95.000000,5.0,106.3154,97.3877,376.9363,385.864,PENDING_AG03,FALSE,NOT_FOR_ENFORCEMENT,463.9216,36128.6106,483.2517,463.9216,19.3301,0.01139613,0.01094029,19.3301,463.9216,0.01094029,19.3301,19.3301,19.3301,24.1626,24.1626,463.9216,0.01094029,106.3154,97.3877,376.9363,385.864,0.00888898,0.00909952,0.00045585,19.2749,17.1375,0.2201,5.7530,0.6409,504.8200,26.1429,7.1751,39.7174,2.9515,6.1317,20.2037,44.018,88.0359,220.0898,5.1098,0.0,14.357485,35.893712,3.143486,29,158,125,3,0.23384124,0.01139613,-0.00825174,0E-8,0.000000,0.887492,0.846818,0.02564465,2026-03-24,2026-08-06,84,754,547,136,0.617647,0.180654,0.372251,0.779471,,,,,,,,GLOBAL_BASELINE_NO_ENTITY_RANKING,,,NOT_APPLICABLE_GLOBAL_BASELINE,HF9g-P5,,,,X 全窗基线 · 不参与实体赏罚,8397808,840,A168_HF9F_20260827_0900,2026-08-27 09:00:00
2026-04-29,129740297,986,0,18.9741319335,3.1623553222,3.1623553222,0.6666667,3,3,0.50665070000000000,0.506650700000,0.5543606114942035,0.5543606114942035,0.5543606114942035,0E-17,ELIGIBLE,R03b_20260811_FULL_v1,L1_ELIGIBILITY,v2026-08-11,2026-03-21..2026-08-06,baccarat_bet02_101_all_pairs_incl_sentinel,round_win = game_pnl > 0 (decisive only),COMPATIBILITY_ONLY_NOT_PRODUCTION,42404.8770,37633.9694,483.2517,2200,2196,-0.01139613,0.00825174,-0.01739291,-0.01139613,-483.2517,42404.8770,OK,0.0000,19.3301,4.0000,96.0000,AG03-UNRESOLVED,ALL5_LEVELS_bet23_to_bet27,19.3301,19.3301,19.3301,24.1626,24.1626,4.000000,4.000000,4.000000,5.000000,5.000000,96.000000,96.000000,96.000000,95.000000,95.000000,5.0,106.3154,97.3877,376.9363,385.864,PENDING_AG03,FALSE,NOT_FOR_ENFORCEMENT,463.9216,36128.6106,483.2517,463.9216,19.3301,0.01139613,0.01094029,19.3301,463.9216,0.01094029,19.3301,19.3301,19.3301,24.1626,24.1626,463.9216,0.01094029,106.3154,97.3877,376.9363,385.864,0.00888898,0.00909952,0.00045585,19.2749,17.1375,0.2201,5.7530,0.6409,504.8200,26.1429,7.1751,39.7174,2.9515,6.1317,20.2037,44.018,88.0359,220.0898,5.1098,0.0,14.357485,35.893712,3.143486,29,158,125,3,0.23384124,0.01139613,-0.00825174,0E-8,0.000000,0.887492,0.846818,0.02564465,2026-03-24,2026-08-06,84,754,547,136,0.617647,0.180654,0.372251,0.779471,,,,,,,,GLOBAL_BASELINE_NO_ENTITY_RANKING,,,NOT_APPLICABLE_GLOBAL_BASELINE,HF9g-P5,,,,X 全窗基线 · 不参与实体赏罚,8397809,840,A168_HF9F_20260827_0900,2026-08-27 09:00:00
2026-05-01,129740297,595,0,0.2100619683,-0.2100619683,-0.2100619683,0E-7,1,1,0.49324550000000000,0.493245500000,-0.9865810262130424,-0.9865810262130424,-0.9865810262130424,0E-17,ELIGIBLE,R03b_20260811_FULL_v1,L1_ELIGIBILITY,v2026-08-11,2026-03-21..2026-08-06,baccarat_bet02_101_all_pairs_incl_sentinel,round_win = game_pnl > 0 (decisive only),COMPATIBILITY_ONLY_NOT_PRODUCTION,42404.8770,37633.9694,483.2517,2200,2196,-0.01139613,0.00825174,-0.01739291,-0.01139613,-483.2517,42404.8770,OK,0.0000,19.3301,4.0000,96.0000,AG03-UNRESOLVED,ALL5_LEVELS_bet23_to_bet27,19.3301,19.3301,19.3301,24.1626,24.1626,4.000000,4.000000,4.000000,5.000000,5.000000,96.000000,96.000000,96.000000,95.000000,95.000000,5.0,106.3154,97.3877,376.9363,385.864,PENDING_AG03,FALSE,NOT_FOR_ENFORCEMENT,463.9216,36128.6106,483.2517,463.9216,19.3301,0.01139613,0.01094029,19.3301,463.9216,0.01094029,19.3301,19.3301,19.3301,24.1626,24.1626,463.9216,0.01094029,106.3154,97.3877,376.9363,385.864,0.00888898,0.00909952,0.00045585,19.2749,17.1375,0.2201,5.7530,0.6409,504.8200,26.1429,7.1751,39.7174,2.9515,6.1317,20.2037,44.018,88.0359,220.0898,5.1098,0.0,14.357485,35.893712,3.143486,29,158,125,3,0.23384124,0.01139613,-0.00825174,0E-8,0.000000,0.887492,0.846818,0.02564465,2026-03-24,2026-08-06,84,754,547,136,0.617647,0.180654,0.372251,0.779471,,,,,,,,GLOBAL_BASELINE_NO_ENTITY_RANKING,,,NOT_APPLICABLE_GLOBAL_BASELINE,HF9g-P5,,,,X 全窗基线 · 不参与实体赏罚,8397810,840,A168_HF9F_20260827_0900,2026-08-27 09:00:00
2026-05-02,129740297,1623,0,1.4704337780,-1.4704337780,-1.4704337780,0E-7,1,1,0.49324550000000000,0.493245500000,-0.9865810262130424,-0.9865810262130424,-0.9865810262130424,0E-17,ELIGIBLE,R03b_20260811_FULL_v1,L1_ELIGIBILITY,v2026-08-11,2026-03-21..2026-08-06,baccarat_bet02_101_all_pairs_incl_sentinel,round_win = game_pnl > 0 (decisive only),COMPATIBILITY_ONLY_NOT_PRODUCTION,42404.8770,37633.9694,483.2517,2200,2196,-0.01139613,0.00825174,-0.01739291,-0.01139613,-483.2517,42404.8770,OK,0.0000,19.3301,4.0000,96.0000,AG03-UNRESOLVED,ALL5_LEVELS_bet23_to_bet27,19.3301,19.3301,19.3301,24.1626,24.1626,4.000000,4.000000,4.000000,5.000000,5.000000,96.000000,96.000000,96.000000,95.000000,95.000000,5.0,106.3154,97.3877,376.9363,385.864,PENDING_AG03,FALSE,NOT_FOR_ENFORCEMENT,463.9216,36128.6106,483.2517,463.9216,19.3301,0.01139613,0.01094029,19.3301,463.9216,0.01094029,19.3301,19.3301,19.3301,24.1626,24.1626,463.9216,0.01094029,106.3154,97.3877,376.9363,385.864,0.00888898,0.00909952,0.00045585,19.2749,17.1375,0.2201,5.7530,0.6409,504.8200,26.1429,7.1751,39.7174,2.9515,6.1317,20.2037,44.018,88.0359,220.0898,5.1098,0.0,14.357485,35.893712,3.143486,29,158,125,3,0.23384124,0.01139613,-0.00825174,0E-8,0.000000,0.887492,0.846818,0.02564465,2026-03-24,2026-08-06,84,754,547,136,0.617647,0.180654,0.372251,0.779471,,,,,,,,GLOBAL_BASELINE_NO_ENTITY_RANKING,,,NOT_APPLICABLE_GLOBAL_BASELINE,HF9g-P5,,,,X 全窗基线 · 不参与实体赏罚,8397811,840,A168_HF9F_20260827_0900,2026-08-27 09:00:00
2026-05-02,129740297,2156,0,0.6301859048,-0.6301859048,-0.6301859048,0E-7,1,1,0.49324550000000000,0.493245500000,-0.9865810262130424,-0.9865810262130424,-0.9865810262130424,0E-17,ELIGIBLE,R03b_20260811_FULL_v1,L1_ELIGIBILITY,v2026-08-11,2026-03-21..2026-08-06,baccarat_bet02_101_all_pairs_incl_sentinel,round_win = game_pnl > 0 (decisive only),COMPATIBILITY_ONLY_NOT_PRODUCTION,42404.8770,37633.9694,483.2517,2200,2196,-0.01139613,0.00825174,-0.01739291,-0.01139613,-483.2517,42404.8770,OK,0.0000,19.3301,4.0000,96.0000,AG03-UNRESOLVED,ALL5_LEVELS_bet23_to_bet27,19.3301,19.3301,19.3301,24.1626,24.1626,4.000000,4.000000,4.000000,5.000000,5.000000,96.000000,96.000000,96.000000,95.000000,95.000000,5.0,106.3154,97.3877,376.9363,385.864,PENDING_AG03,FALSE,NOT_FOR_ENFORCEMENT,463.9216,36128.6106,483.2517,463.9216,19.3301,0.01139613,0.01094029,19.3301,463.9216,0.01094029,19.3301,19.3301,19.3301,24.1626,24.1626,463.9216,0.01094029,106.3154,97.3877,376.9363,385.864,0.00888898,0.00909952,0.00045585,19.2749,17.1375,0.2201,5.7530,0.6409,504.8200,26.1429,7.1751,39.7174,2.9515,6.1317,20.2037,44.018,88.0359,220.0898,5.1098,0.0,14.357485,35.893712,3.143486,29,158,125,3,0.23384124,0.01139613,-0.00825174,0E-8,0.000000,0.887492,0.846818,0.02564465,2026-03-24,2026-08-06,84,754,547,136,0.617647,0.180654,0.372251,0.779471,,,,,,,,GLOBAL_BASELINE_NO_ENTITY_RANKING,,,NOT_APPLICABLE_GLOBAL_BASELINE,HF9g-P5,,,,X 全窗基线 · 不参与实体赏罚,8397812,840,A168_HF9F_20260827_0900,2026-08-27 09:00:00
2026-05-04,129740297,1004,0,6.7219829850,6.7219829850,6.7219829850,1.0000000,2,2,0.50665070000000000,0.506650700000,1.3955260008387969,1.3955260008387969,1.3955260008387969,0E-17,ELIGIBLE,R03b_20260811_FULL_v1,L1_ELIGIBILITY,v2026-08-11,2026-03-21..2026-08-06,baccarat_bet02_101_all_pairs_incl_sentinel,round_win = game_pnl > 0 (decisive only),COMPATIBILITY_ONLY_NOT_PRODUCTION,42404.8770,37633.9694,483.2517,2200,2196,-0.01139613,0.00825174,-0.01739291,-0.01139613,-483.2517,42404.8770,OK,0.0000,19.3301,4.0000,96.0000,AG03-UNRESOLVED,ALL5_LEVELS_bet23_to_bet27,19.3301,19.3301,19.3301,24.1626,24.1626,4.000000,4.000000,4.000000,5.000000,5.000000,96.000000,96.000000,96.000000,95.000000,95.000000,5.0,106.3154,97.3877,376.9363,385.864,PENDING_AG03,FALSE,NOT_FOR_ENFORCEMENT,463.9216,36128.6106,483.2517,463.9216,19.3301,0.01139613,0.01094029,19.3301,463.9216,0.01094029,19.3301,19.3301,19.3301,24.1626,24.1626,463.9216,0.01094029,106.3154,97.3877,376.9363,385.864,0.00888898,0.00909952,0.00045585,19.2749,17.1375,0.2201,5.7530,0.6409,504.8200,26.1429,7.1751,39.7174,2.9515,6.1317,20.2037,44.018,88.0359,220.0898,5.1098,0.0,14.357485,35.893712,3.143486,29,158,125,3,0.23384124,0.01139613,-0.00825174,0E-8,0.000000,0.887492,0.846818,0.02564465,2026-03-24,2026-08-06,84,754,547,136,0.617647,0.180654,0.372251,0.779471,,,,,,,,GLOBAL_BASELINE_NO_ENTITY_RANKING,,,NOT_APPLICABLE_GLOBAL_BASELINE,HF9g-P5,,,,X 全窗基线 · 不参与实体赏罚,8397813,840,A168_HF9F_20260827_0900,2026-08-27 09:00:00
2026-05-04,129740297,1623,0,6.3018590484,-2.1006196828,-2.1006196828,0.3333333,3,3,0.50665070000000000,0.506650700000,-0.6004420894325239,-0.6004420894325239,-0.6004420894325239,0E-17,ELIGIBLE,R03b_20260811_FULL_v1,L1_ELIGIBILITY,v2026-08-11,2026-03-21..2026-08-06,baccarat_bet02_101_all_pairs_incl_sentinel,round_win = game_pnl > 0 (decisive only),COMPATIBILITY_ONLY_NOT_PRODUCTION,42404.8770,37633.9694,483.2517,2200,2196,-0.01139613,0.00825174,-0.01739291,-0.01139613,-483.2517,42404.8770,OK,0.0000,19.3301,4.0000,96.0000,AG03-UNRESOLVED,ALL5_LEVELS_bet23_to_bet27,19.3301,19.3301,19.3301,24.1626,24.1626,4.000000,4.000000,4.000000,5.000000,5.000000,96.000000,96.000000,96.000000,95.000000,95.000000,5.0,106.3154,97.3877,376.9363,385.864,PENDING_AG03,FALSE,NOT_FOR_ENFORCEMENT,463.9216,36128.6106,483.2517,463.9216,19.3301,0.01139613,0.01094029,19.3301,463.9216,0.01094029,19.3301,19.3301,19.3301,24.1626,24.1626,463.9216,0.01094029,106.3154,97.3877,376.9363,385.864,0.00888898,0.00909952,0.00045585,19.2749,17.1375,0.2201,5.7530,0.6409,504.8200,26.1429,7.1751,39.7174,2.9515,6.1317,20.2037,44.018,88.0359,220.0898,5.1098,0.0,14.357485,35.893712,3.143486,29,158,125,3,0.23384124,0.01139613,-0.00825174,0E-8,0.000000,0.887492,0.846818,0.02564465,2026-03-24,2026-08-06,84,754,547,136,0.617647,0.180654,0.372251,0.779471,,,,,,,,GLOBAL_BASELINE_NO_ENTITY_RANKING,,,NOT_APPLICABLE_GLOBAL_BASELINE,HF9g-P5,,,,X 全窗基线 · 不参与实体赏罚,8397814,840,A168_HF9F_20260827_0900,2026-08-27 09:00:00
2026-05-04,129740297,1951,0,9.6628505409,-9.6628505409,-9.6628505409,0E-7,3,3,0.50665070000000000,0.506650700000,-1.7552447903592512,-1.7552447903592512,-1.7552447903592512,0E-17,ELIGIBLE,R03b_20260811_FULL_v1,L1_ELIGIBILITY,v2026-08-11,2026-03-21..2026-08-06,baccarat_bet02_101_all_pairs_incl_sentinel,round_win = game_pnl > 0 (decisive only),COMPATIBILITY_ONLY_NOT_PRODUCTION,42404.8770,37633.9694,483.2517,2200,2196,-0.01139613,0.00825174,-0.01739291,-0.01139613,-483.2517,42404.8770,OK,0.0000,19.3301,4.0000,96.0000,AG03-UNRESOLVED,ALL5_LEVELS_bet23_to_bet27,19.3301,19.3301,19.3301,24.1626,24.1626,4.000000,4.000000,4.000000,5.000000,5.000000,96.000000,96.000000,96.000000,95.000000,95.000000,5.0,106.3154,97.3877,376.9363,385.864,PENDING_AG03,FALSE,NOT_FOR_ENFORCEMENT,463.9216,36128.6106,483.2517,463.9216,19.3301,0.01139613,0.01094029,19.3301,463.9216,0.01094029,19.3301,19.3301,19.3301,24.1626,24.1626,463.9216,0.01094029,106.3154,97.3877,376.9363,385.864,0.00888898,0.00909952,0.00045585,19.2749,17.1375,0.2201,5.7530,0.6409,504.8200,26.1429,7.1751,39.7174,2.9515,6.1317,20.2037,44.018,88.0359,220.0898,5.1098,0.0,14.357485,35.893712,3.143486,29,158,125,3,0.23384124,0.01139613,-0.00825174,0E-8,0.000000,0.887492,0.846818,0.02564465,2026-03-24,2026-08-06,84,754,547,136,0.617647,0.180654,0.372251,0.779471,,,,,,,,GLOBAL_BASELINE_NO_ENTITY_RANKING,,,NOT_APPLICABLE_GLOBAL_BASELINE,HF9g-P5,,,,X 全窗基线 · 不参与实体赏罚,8397815,840,A168_HF9F_20260827_0900,2026-08-27 09:00:00
2026-05-04,129740297,2170,0,2.5207436194,-2.5207436194,-2.5207436194,0E-7,1,1,0.50665070000000000,0.506650700000,-1.013391052207602,-1.013391052207602,-1.013391052207602,0E-17,ELIGIBLE,R03b_20260811_FULL_v1,L1_ELIGIBILITY,v2026-08-11,2026-03-21..2026-08-06,baccarat_bet02_101_all_pairs_incl_sentinel,round_win = game_pnl > 0 (decisive only),COMPATIBILITY_ONLY_NOT_PRODUCTION,42404.8770,37633.9694,483.2517,2200,2196,-0.01139613,0.00825174,-0.01739291,-0.01139613,-483.2517,42404.8770,OK,0.0000,19.3301,4.0000,96.0000,AG03-UNRESOLVED,ALL5_LEVELS_bet23_to_bet27,19.3301,19.3301,19.3301,24.1626,24.1626,4.000000,4.000000,4.000000,5.000000,5.000000,96.000000,96.000000,96.000000,95.000000,95.000000,5.0,106.3154,97.3877,376.9363,385.864,PENDING_AG03,FALSE,NOT_FOR_ENFORCEMENT,463.9216,36128.6106,483.2517,463.9216,19.3301,0.01139613,0.01094029,19.3301,463.9216,0.01094029,19.3301,19.3301,19.3301,24.1626,24.1626,463.9216,0.01094029,106.3154,97.3877,376.9363,385.864,0.00888898,0.00909952,0.00045585,19.2749,17.1375,0.2201,5.7530,0.6409,504.8200,26.1429,7.1751,39.7174,2.9515,6.1317,20.2037,44.018,88.0359,220.0898,5.1098,0.0,14.357485,35.893712,3.143486,29,158,125,3,0.23384124,0.01139613,-0.00825174,0E-8,0.000000,0.887492,0.846818,0.02564465,2026-03-24,2026-08-06,84,754,547,136,0.617647,0.180654,0.372251,0.779471,,,,,,,,GLOBAL_BASELINE_NO_ENTITY_RANKING,,,NOT_APPLICABLE_GLOBAL_BASELINE,HF9g-P5,,,,X 全窗基线 · 不参与实体赏罚,8397816,840,A168_HF9F_20260827_0900,2026-08-27 09:00:00
2026-05-04,129740297,2222,0,11.7634702237,3.7811154290,3.7811154290,0.8000000,5,5,0.50128862000000000,0.501288620000,1.335882339249048,1.335882339249048,1.335882339249048,0E-17,ELIGIBLE,R03b_20260811_FULL_v1,L1_ELIGIBILITY,v2026-08-11,2026-03-21..2026-08-06,baccarat_bet02_101_all_pairs_incl_sentinel,round_win = game_pnl > 0 (decisive only),COMPATIBILITY_ONLY_NOT_PRODUCTION,42404.8770,37633.9694,483.2517,2200,2196,-0.01139613,0.00825174,-0.01739291,-0.01139613,-483.2517,42404.8770,OK,0.0000,19.3301,4.0000,96.0000,AG03-UNRESOLVED,ALL5_LEVELS_bet23_to_bet27,19.3301,19.3301,19.3301,24.1626,24.1626,4.000000,4.000000,4.000000,5.000000,5.000000,96.000000,96.000000,96.000000,95.000000,95.000000,5.0,106.3154,97.3877,376.9363,385.864,PENDING_AG03,FALSE,NOT_FOR_ENFORCEMENT,463.9216,36128.6106,483.2517,463.9216,19.3301,0.01139613,0.01094029,19.3301,463.9216,0.01094029,19.3301,19.3301,19.3301,24.1626,24.1626,463.9216,0.01094029,106.3154,97.3877,376.9363,385.864,0.00888898,0.00909952,0.00045585,19.2749,17.1375,0.2201,5.7530,0.6409,504.8200,26.1429,7.1751,39.7174,2.9515,6.1317,20.2037,44.018,88.0359,220.0898,5.1098,0.0,14.357485,35.893712,3.143486,29,158,125,3,0.23384124,0.01139613,-0.00825174,0E-8,0.000000,0.887492,0.846818,0.02564465,2026-03-24,2026-08-06,84,754,547,136,0.617647,0.180654,0.372251,0.779471,,,,,,,,GLOBAL_BASELINE_NO_ENTITY_RANKING,,,NOT_APPLICABLE_GLOBAL_BASELINE,HF9g-P5,,,,X 全窗基线 · 不参与实体赏罚,8397817,840,A168_HF9F_20260827_0900,2026-08-27 09:00:00
2026-05-04,129740297,2252,0,4.2012393656,-4.2012393656,-4.2012393656,0E-7,1,1,0.50665070000000000,0.506650700000,-1.013391052207602,-1.013391052207602,-1.013391052207602,0E-17,ELIGIBLE,R03b_20260811_FULL_v1,L1_ELIGIBILITY,v2026-08-11,2026-03-21..2026-08-06,baccarat_bet02_101_all_pairs_incl_sentinel,round_win = game_pnl > 0 (decisive only),COMPATIBILITY_ONLY_NOT_PRODUCTION,42404.8770,37633.9694,483.2517,2200,2196,-0.01139613,0.00825174,-0.01739291,-0.01139613,-483.2517,42404.8770,OK,0.0000,19.3301,4.0000,96.0000,AG03-UNRESOLVED,ALL5_LEVELS_bet23_to_bet27,19.3301,19.3301,19.3301,24.1626,24.1626,4.000000,4.000000,4.000000,5.000000,5.000000,96.000000,96.000000,96.000000,95.000000,95.000000,5.0,106.3154,97.3877,376.9363,385.864,PENDING_AG03,FALSE,NOT_FOR_ENFORCEMENT,463.9216,36128.6106,483.2517,463.9216,19.3301,0.01139613,0.01094029,19.3301,463.9216,0.01094029,19.3301,19.3301,19.3301,24.1626,24.1626,463.9216,0.01094029,106.3154,97.3877,376.9363,385.864,0.00888898,0.00909952,0.00045585,19.2749,17.1375,0.2201,5.7530,0.6409,504.8200,26.1429,7.1751,39.7174,2.9515,6.1317,20.2037,44.018,88.0359,220.0898,5.1098,0.0,14.357485,35.893712,3.143486,29,158,125,3,0.23384124,0.01139613,-0.00825174,0E-8,0.000000,0.887492,0.846818,0.02564465,2026-03-24,2026-08-06,84,754,547,136,0.617647,0.180654,0.372251,0.779471,,,,,,,,GLOBAL_BASELINE_NO_ENTITY_RANKING,,,NOT_APPLICABLE_GLOBAL_BASELINE,HF9g-P5,,,,X 全窗基线 · 不参与实体赏罚,8397818,840,A168_HF9F_20260827_0900,2026-08-27 09:00:00
2026-05-04,129740297,550,0,3.1509295242,-1.1028253335,-1.1028253335,0.5000000,2,2,0.50665070000000000,0.506650700000,-0.018812684590367487,-0.018812684590367487,-0.018812684590367487,0E-17,ELIGIBLE,R03b_20260811_FULL_v1,L1_ELIGIBILITY,v2026-08-11,2026-03-21..2026-08-06,baccarat_bet02_101_all_pairs_incl_sentinel,round_win = game_pnl > 0 (decisive only),COMPATIBILITY_ONLY_NOT_PRODUCTION,42404.8770,37633.9694,483.2517,2200,2196,-0.01139613,0.00825174,-0.01739291,-0.01139613,-483.2517,42404.8770,OK,0.0000,19.3301,4.0000,96.0000,AG03-UNRESOLVED,ALL5_LEVELS_bet23_to_bet27,19.3301,19.3301,19.3301,24.1626,24.1626,4.000000,4.000000,4.000000,5.000000,5.000000,96.000000,96.000000,96.000000,95.000000,95.000000,5.0,106.3154,97.3877,376.9363,385.864,PENDING_AG03,FALSE,NOT_FOR_ENFORCEMENT,463.9216,36128.6106,483.2517,463.9216,19.3301,0.01139613,0.01094029,19.3301,463.9216,0.01094029,19.3301,19.3301,19.3301,24.1626,24.1626,463.9216,0.01094029,106.3154,97.3877,376.9363,385.864,0.00888898,0.00909952,0.00045585,19.2749,17.1375,0.2201,5.7530,0.6409,504.8200,26.1429,7.1751,39.7174,2.9515,6.1317,20.2037,44.018,88.0359,220.0898,5.1098,0.0,14.357485,35.893712,3.143486,29,158,125,3,0.23384124,0.01139613,-0.00825174,0E-8,0.000000,0.887492,0.846818,0.02564465,2026-03-24,2026-08-06,84,754,547,136,0.617647,0.180654,0.372251,0.779471,,,,,,,,GLOBAL_BASELINE_NO_ENTITY_RANKING,,,NOT_APPLICABLE_GLOBAL_BASELINE,HF9g-P5,,,,X 全窗基线 · 不参与实体赏罚,8397819,840,A168_HF9F_20260827_0900,2026-08-27 09:00:00
2026-05-05,129740297,-1,1,0.6301859048,-0.6301859048,-0.6301859048,0E-7,1,1,0.49324550000000000,0.493245500000,-0.9865810262130424,-0.9865810262130424,-0.9865810262130424,0E-17,SENTINEL_DEALER,R03b_20260811_FULL_v1,L1_ELIGIBILITY,v2026-08-11,2026-03-21..2026-08-06,baccarat_bet02_101_all_pairs_incl_sentinel,round_win = game_pnl > 0 (decisive only),COMPATIBILITY_ONLY_NOT_PRODUCTION,42404.8770,37633.9694,483.2517,2200,2196,-0.01139613,0.00825174,-0.01739291,-0.01139613,-483.2517,42404.8770,OK,0.0000,19.3301,4.0000,96.0000,AG03-UNRESOLVED,ALL5_LEVELS_bet23_to_bet27,19.3301,19.3301,19.3301,24.1626,24.1626,4.000000,4.000000,4.000000,5.000000,5.000000,96.000000,96.000000,96.000000,95.000000,95.000000,5.0,106.3154,97.3877,376.9363,385.864,PENDING_AG03,FALSE,NOT_FOR_ENFORCEMENT,463.9216,36128.6106,483.2517,463.9216,19.3301,0.01139613,0.01094029,19.3301,463.9216,0.01094029,19.3301,19.3301,19.3301,24.1626,24.1626,463.9216,0.01094029,106.3154,97.3877,376.9363,385.864,0.00888898,0.00909952,0.00045585,19.2749,17.1375,0.2201,5.7530,0.6409,504.8200,26.1429,7.1751,39.7174,2.9515,6.1317,20.2037,44.018,88.0359,220.0898,5.1098,0.0,14.357485,35.893712,3.143486,29,158,125,3,0.23384124,0.01139613,-0.00825174,0E-8,0.000000,0.887492,0.846818,0.02564465,2026-03-24,2026-08-06,84,754,547,136,0.617647,0.180654,0.372251,0.779471,,,,,,,,GLOBAL_BASELINE_NO_ENTITY_RANKING,,,NOT_APPLICABLE_GLOBAL_BASELINE,HF9g-P5,,,,X 全窗基线 · 不参与实体赏罚,8397820,840,A168_HF9F_20260827_0900,2026-08-27 09:00:00
2026-05-06,129740297,1385,0,1.2603718097,-0.4411301334,-0.4411301334,0.5000000,2,2,0.50665070000000000,0.506650700000,-0.018812684590367487,-0.018812684590367487,-0.018812684590367487,0E-17,ELIGIBLE,R03b_20260811_FULL_v1,L1_ELIGIBILITY,v2026-08-11,2026-03-21..2026-08-06,baccarat_bet02_101_all_pairs_incl_sentinel,round_win = game_pnl > 0 (decisive only),COMPATIBILITY_ONLY_NOT_PRODUCTION,42404.8770,37633.9694,483.2517,2200,2196,-0.01139613,0.00825174,-0.01739291,-0.01139613,-483.2517,42404.8770,OK,0.0000,19.3301,4.0000,96.0000,AG03-UNRESOLVED,ALL5_LEVELS_bet23_to_bet27,19.3301,19.3301,19.3301,24.1626,24.1626,4.000000,4.000000,4.000000,5.000000,5.000000,96.000000,96.000000,96.000000,95.000000,95.000000,5.0,106.3154,97.3877,376.9363,385.864,PENDING_AG03,FALSE,NOT_FOR_ENFORCEMENT,463.9216,36128.6106,483.2517,463.9216,19.3301,0.01139613,0.01094029,19.3301,463.9216,0.01094029,19.3301,19.3301,19.3301,24.1626,24.1626,463.9216,0.01094029,106.3154,97.3877,376.9363,385.864,0.00888898,0.00909952,0.00045585,19.2749,17.1375,0.2201,5.7530,0.6409,504.8200,26.1429,7.1751,39.7174,2.9515,6.1317,20.2037,44.018,88.0359,220.0898,5.1098,0.0,14.357485,35.893712,3.143486,29,158,125,3,0.23384124,0.01139613,-0.00825174,0E-8,0.000000,0.887492,0.846818,0.02564465,2026-03-24,2026-08-06,84,754,547,136,0.617647,0.180654,0.372251,0.779471,,,,,,,,GLOBAL_BASELINE_NO_ENTITY_RANKING,,,NOT_APPLICABLE_GLOBAL_BASELINE,HF9g-P5,,,,X 全窗基线 · 不参与实体赏罚,8397821,840,A168_HF9F_20260827_0900,2026-08-27 09:00:00
2026-05-07,129740297,1210,0,1.2603718097,-1.2603718097,-1.2603718097,0E-7,1,1,0.50665070000000000,0.506650700000,-1.013391052207602,-1.013391052207602,-1.013391052207602,0E-17,ELIGIBLE,R03b_20260811_FULL_v1,L1_ELIGIBILITY,v2026-08-11,2026-03-21..2026-08-06,baccarat_bet02_101_all_pairs_incl_sentinel,round_win = game_pnl > 0 (decisive only),COMPATIBILITY_ONLY_NOT_PRODUCTION,42404.8770,37633.9694,483.2517,2200,2196,-0.01139613,0.00825174,-0.01739291,-0.01139613,-483.2517,42404.8770,OK,0.0000,19.3301,4.0000,96.0000,AG03-UNRESOLVED,ALL5_LEVELS_bet23_to_bet27,19.3301,19.3301,19.3301,24.1626,24.1626,4.000000,4.000000,4.000000,5.000000,5.000000,96.000000,96.000000,96.000000,95.000000,95.000000,5.0,106.3154,97.3877,376.9363,385.864,PENDING_AG03,FALSE,NOT_FOR_ENFORCEMENT,463.9216,36128.6106,483.2517,463.9216,19.3301,0.01139613,0.01094029,19.3301,463.9216,0.01094029,19.3301,19.3301,19.3301,24.1626,24.1626,463.9216,0.01094029,106.3154,97.3877,376.9363,385.864,0.00888898,0.00909952,0.00045585,19.2749,17.1375,0.2201,5.7530,0.6409,504.8200,26.1429,7.1751,39.7174,2.9515,6.1317,20.2037,44.018,88.0359,220.0898,5.1098,0.0,14.357485,35.893712,3.143486,29,158,125,3,0.23384124,0.01139613,-0.00825174,0E-8,0.000000,0.887492,0.846818,0.02564465,2026-03-24,2026-08-06,84,754,547,136,0.617647,0.180654,0.372251,0.779471,,,,,,,,GLOBAL_BASELINE_NO_ENTITY_RANKING,,,NOT_APPLICABLE_GLOBAL_BASELINE,HF9g-P5,,,,X 全窗基线 · 不参与实体赏罚,8397822,840,A168_HF9F_20260827_0900,2026-08-27 09:00:00
2026-05-07,129740297,1654,0,0.8402478731,-0.8402478731,-0.8402478731,0E-7,1,1,0.50665070000000000,0.506650700000,-1.013391052207602,-1.013391052207602,-1.013391052207602,0E-17,ELIGIBLE,R03b_20260811_FULL_v1,L1_ELIGIBILITY,v2026-08-11,2026-03-21..2026-08-06,baccarat_bet02_101_all_pairs_incl_sentinel,round_win = game_pnl > 0 (decisive only),COMPATIBILITY_ONLY_NOT_PRODUCTION,42404.8770,37633.9694,483.2517,2200,2196,-0.01139613,0.00825174,-0.01739291,-0.01139613,-483.2517,42404.8770,OK,0.0000,19.3301,4.0000,96.0000,AG03-UNRESOLVED,ALL5_LEVELS_bet23_to_bet27,19.3301,19.3301,19.3301,24.1626,24.1626,4.000000,4.000000,4.000000,5.000000,5.000000,96.000000,96.000000,96.000000,95.000000,95.000000,5.0,106.3154,97.3877,376.9363,385.864,PENDING_AG03,FALSE,NOT_FOR_ENFORCEMENT,463.9216,36128.6106,483.2517,463.9216,19.3301,0.01139613,0.01094029,19.3301,463.9216,0.01094029,19.3301,19.3301,19.3301,24.1626,24.1626,463.9216,0.01094029,106.3154,97.3877,376.9363,385.864,0.00888898,0.00909952,0.00045585,19.2749,17.1375,0.2201,5.7530,0.6409,504.8200,26.1429,7.1751,39.7174,2.9515,6.1317,20.2037,44.018,88.0359,220.0898,5.1098,0.0,14.357485,35.893712,3.143486,29,158,125,3,0.23384124,0.01139613,-0.00825174,0E-8,0.000000,0.887492,0.846818,0.02564465,2026-03-24,2026-08-06,84,754,547,136,0.617647,0.180654,0.372251,0.779471,,,,,,,,GLOBAL_BASELINE_NO_ENTITY_RANKING,,,NOT_APPLICABLE_GLOBAL_BASELINE,HF9g-P5,,,,X 全窗基线 · 不参与实体赏罚,8397823,840,A168_HF9F_20260827_0900,2026-08-27 09:00:00
2026-05-07,129740297,1994,0,0.4201239366,0.4201239366,0.4201239366,1.0000000,1,1,0.49324550000000000,0.493245500000,1.01360149184955,1.01360149184955,1.01360149184955,0E-17,ELIGIBLE,R03b_20260811_FULL_v1,L1_ELIGIBILITY,v2026-08-11,2026-03-21..2026-08-06,baccarat_bet02_101_all_pairs_incl_sentinel,round_win = game_pnl > 0 (decisive only),COMPATIBILITY_ONLY_NOT_PRODUCTION,42404.8770,37633.9694,483.2517,2200,2196,-0.01139613,0.00825174,-0.01739291,-0.01139613,-483.2517,42404.8770,OK,0.0000,19.3301,4.0000,96.0000,AG03-UNRESOLVED,ALL5_LEVELS_bet23_to_bet27,19.3301,19.3301,19.3301,24.1626,24.1626,4.000000,4.000000,4.000000,5.000000,5.000000,96.000000,96.000000,96.000000,95.000000,95.000000,5.0,106.3154,97.3877,376.9363,385.864,PENDING_AG03,FALSE,NOT_FOR_ENFORCEMENT,463.9216,36128.6106,483.2517,463.9216,19.3301,0.01139613,0.01094029,19.3301,463.9216,0.01094029,19.3301,19.3301,19.3301,24.1626,24.1626,463.9216,0.01094029,106.3154,97.3877,376.9363,385.864,0.00888898,0.00909952,0.00045585,19.2749,17.1375,0.2201,5.7530,0.6409,504.8200,26.1429,7.1751,39.7174,2.9515,6.1317,20.2037,44.018,88.0359,220.0898,5.1098,0.0,14.357485,35.893712,3.143486,29,158,125,3,0.23384124,0.01139613,-0.00825174,0E-8,0.000000,0.887492,0.846818,0.02564465,2026-03-24,2026-08-06,84,754,547,136,0.617647,0.180654,0.372251,0.779471,,,,,,,,GLOBAL_BASELINE_NO_ENTITY_RANKING,,,NOT_APPLICABLE_GLOBAL_BASELINE,HF9g-P5,,,,X 全窗基线 · 不参与实体赏罚,8397824,840,A168_HF9F_20260827_0900,2026-08-27 09:00:00
2026-05-07,129740297,2152,0,0.6301859048,-0.6301859048,-0.6301859048,0E-7,1,1,0.49324550000000000,0.493245500000,-0.9865810262130424,-0.9865810262130424,-0.9865810262130424,0E-17,ELIGIBLE,R03b_20260811_FULL_v1,L1_ELIGIBILITY,v2026-08-11,2026-03-21..2026-08-06,baccarat_bet02_101_all_pairs_incl_sentinel,round_win = game_pnl > 0 (decisive only),COMPATIBILITY_ONLY_NOT_PRODUCTION,42404.8770,37633.9694,483.2517,2200,2196,-0.01139613,0.00825174,-0.01739291,-0.01139613,-483.2517,42404.8770,OK,0.0000,19.3301,4.0000,96.0000,AG03-UNRESOLVED,ALL5_LEVELS_bet23_to_bet27,19.3301,19.3301,19.3301,24.1626,24.1626,4.000000,4.000000,4.000000,5.000000,5.000000,96.000000,96.000000,96.000000,95.000000,95.000000,5.0,106.3154,97.3877,376.9363,385.864,PENDING_AG03,FALSE,NOT_FOR_ENFORCEMENT,463.9216,36128.6106,483.2517,463.9216,19.3301,0.01139613,0.01094029,19.3301,463.9216,0.01094029,19.3301,19.3301,19.3301,24.1626,24.1626,463.9216,0.01094029,106.3154,97.3877,376.9363,385.864,0.00888898,0.00909952,0.00045585,19.2749,17.1375,0.2201,5.7530,0.6409,504.8200,26.1429,7.1751,39.7174,2.9515,6.1317,20.2037,44.018,88.0359,220.0898,5.1098,0.0,14.357485,35.893712,3.143486,29,158,125,3,0.23384124,0.01139613,-0.00825174,0E-8,0.000000,0.887492,0.846818,0.02564465,2026-03-24,2026-08-06,84,754,547,136,0.617647,0.180654,0.372251,0.779471,,,,,,,,GLOBAL_BASELINE_NO_ENTITY_RANKING,,,NOT_APPLICABLE_GLOBAL_BASELINE,HF9g-P5,,,,X 全窗基线 · 不参与实体赏罚,8397825,840,A168_HF9F_20260827_0900,2026-08-27 09:00:00
2026-05-07,129740297,986,0,1.2603718097,-0.4201239365,-0.4201239365,0.5000000,2,2,0.49324550000000000,0.493245500000,0.01910635448239258,0.01910635448239258,0.01910635448239258,0E-17,ELIGIBLE,R03b_20260811_FULL_v1,L1_ELIGIBILITY,v2026-08-11,2026-03-21..2026-08-06,baccarat_bet02_101_all_pairs_incl_sentinel,round_win = game_pnl > 0 (decisive only),COMPATIBILITY_ONLY_NOT_PRODUCTION,42404.8770,37633.9694,483.2517,2200,2196,-0.01139613,0.00825174,-0.01739291,-0.01139613,-483.2517,42404.8770,OK,0.0000,19.3301,4.0000,96.0000,AG03-UNRESOLVED,ALL5_LEVELS_bet23_to_bet27,19.3301,19.3301,19.3301,24.1626,24.1626,4.000000,4.000000,4.000000,5.000000,5.000000,96.000000,96.000000,96.000000,95.000000,95.000000,5.0,106.3154,97.3877,376.9363,385.864,PENDING_AG03,FALSE,NOT_FOR_ENFORCEMENT,463.9216,36128.6106,483.2517,463.9216,19.3301,0.01139613,0.01094029,19.3301,463.9216,0.01094029,19.3301,19.3301,19.3301,24.1626,24.1626,463.9216,0.01094029,106.3154,97.3877,376.9363,385.864,0.00888898,0.00909952,0.00045585,19.2749,17.1375,0.2201,5.7530,0.6409,504.8200,26.1429,7.1751,39.7174,2.9515,6.1317,20.2037,44.018,88.0359,220.0898,5.1098,0.0,14.357485,35.893712,3.143486,29,158,125,3,0.23384124,0.01139613,-0.00825174,0E-8,0.000000,0.887492,0.846818,0.02564465,2026-03-24,2026-08-06,84,754,547,136,0.617647,0.180654,0.372251,0.779471,,,,,,,,GLOBAL_BASELINE_NO_ENTITY_RANKING,,,NOT_APPLICABLE_GLOBAL_BASELINE,HF9g-P5,,,,X 全窗基线 · 不参与实体赏罚,8397826,840,A168_HF9F_20260827_0900,2026-08-27 09:00:00
2026-05-08,129740297,-1,1,0.4201239366,0.4201239366,0.4201239366,1.0000000,1,1,0.50665070000000000,0.506650700000,0.9867858985152569,0.9867858985152569,0.9867858985152569,0E-17,SENTINEL_DEALER,R03b_20260811_FULL_v1,L1_ELIGIBILITY,v2026-08-11,2026-03-21..2026-08-06,baccarat_bet02_101_all_pairs_incl_sentinel,round_win = game_pnl > 0 (decisive only),COMPATIBILITY_ONLY_NOT_PRODUCTION,42404.8770,37633.9694,483.2517,2200,2196,-0.01139613,0.00825174,-0.01739291,-0.01139613,-483.2517,42404.8770,OK,0.0000,19.3301,4.0000,96.0000,AG03-UNRESOLVED,ALL5_LEVELS_bet23_to_bet27,19.3301,19.3301,19.3301,24.1626,24.1626,4.000000,4.000000,4.000000,5.000000,5.000000,96.000000,96.000000,96.000000,95.000000,95.000000,5.0,106.3154,97.3877,376.9363,385.864,PENDING_AG03,FALSE,NOT_FOR_ENFORCEMENT,463.9216,36128.6106,483.2517,463.9216,19.3301,0.01139613,0.01094029,19.3301,463.9216,0.01094029,19.3301,19.3301,19.3301,24.1626,24.1626,463.9216,0.01094029,106.3154,97.3877,376.9363,385.864,0.00888898,0.00909952,0.00045585,19.2749,17.1375,0.2201,5.7530,0.6409,504.8200,26.1429,7.1751,39.7174,2.9515,6.1317,20.2037,44.018,88.0359,220.0898,5.1098,0.0,14.357485,35.893712,3.143486,29,158,125,3,0.23384124,0.01139613,-0.00825174,0E-8,0.000000,0.887492,0.846818,0.02564465,2026-03-24,2026-08-06,84,754,547,136,0.617647,0.180654,0.372251,0.779471,,,,,,,,GLOBAL_BASELINE_NO_ENTITY_RANKING,,,NOT_APPLICABLE_GLOBAL_BASELINE,HF9g-P5,,,,X 全窗基线 · 不参与实体赏罚,8397827,840,A168_HF9F_20260827_0900,2026-08-27 09:00:00
2026-05-08,129740297,1330,0,0.8402478731,0.8402478731,0.8402478731,1.0000000,1,1,0.50665070000000000,0.506650700000,0.9867858985152569,0.9867858985152569,0.9867858985152569,0E-17,ELIGIBLE,R03b_20260811_FULL_v1,L1_ELIGIBILITY,v2026-08-11,2026-03-21..2026-08-06,baccarat_bet02_101_all_pairs_incl_sentinel,round_win = game_pnl > 0 (decisive only),COMPATIBILITY_ONLY_NOT_PRODUCTION,42404.8770,37633.9694,483.2517,2200,2196,-0.01139613,0.00825174,-0.01739291,-0.01139613,-483.2517,42404.8770,OK,0.0000,19.3301,4.0000,96.0000,AG03-UNRESOLVED,ALL5_LEVELS_bet23_to_bet27,19.3301,19.3301,19.3301,24.1626,24.1626,4.000000,4.000000,4.000000,5.000000,5.000000,96.000000,96.000000,96.000000,95.000000,95.000000,5.0,106.3154,97.3877,376.9363,385.864,PENDING_AG03,FALSE,NOT_FOR_ENFORCEMENT,463.9216,36128.6106,483.2517,463.9216,19.3301,0.01139613,0.01094029,19.3301,463.9216,0.01094029,19.3301,19.3301,19.3301,24.1626,24.1626,463.9216,0.01094029,106.3154,97.3877,376.9363,385.864,0.00888898,0.00909952,0.00045585,19.2749,17.1375,0.2201,5.7530,0.6409,504.8200,26.1429,7.1751,39.7174,2.9515,6.1317,20.2037,44.018,88.0359,220.0898,5.1098,0.0,14.357485,35.893712,3.143486,29,158,125,3,0.23384124,0.01139613,-0.00825174,0E-8,0.000000,0.887492,0.846818,0.02564465,2026-03-24,2026-08-06,84,754,547,136,0.617647,0.180654,0.372251,0.779471,,,,,,,,GLOBAL_BASELINE_NO_ENTITY_RANKING,,,NOT_APPLICABLE_GLOBAL_BASELINE,HF9g-P5,,,,X 全窗基线 · 不参与实体赏罚,8397828,840,A168_HF9F_20260827_0900,2026-08-27 09:00:00
2026-05-08,129740297,1396,0,10.9232223506,2.5207436193,2.5207436193,0.6666667,4,4,0.49324550000000000,0.493245500000,0.6008033672792107,0.6008033672792106,0.6008033672792107,0E-17,ELIGIBLE,R03b_20260811_FULL_v1,L1_ELIGIBILITY,v2026-08-11,2026-03-21..2026-08-06,baccarat_bet02_101_all_pairs_incl_sentinel,round_win = game_pnl > 0 (decisive only),COMPATIBILITY_ONLY_NOT_PRODUCTION,42404.8770,37633.9694,483.2517,2200,2196,-0.01139613,0.00825174,-0.01739291,-0.01139613,-483.2517,42404.8770,OK,0.0000,19.3301,4.0000,96.0000,AG03-UNRESOLVED,ALL5_LEVELS_bet23_to_bet27,19.3301,19.3301,19.3301,24.1626,24.1626,4.000000,4.000000,4.000000,5.000000,5.000000,96.000000,96.000000,96.000000,95.000000,95.000000,5.0,106.3154,97.3877,376.9363,385.864,PENDING_AG03,FALSE,NOT_FOR_ENFORCEMENT,463.9216,36128.6106,483.2517,463.9216,19.3301,0.01139613,0.01094029,19.3301,463.9216,0.01094029,19.3301,19.3301,19.3301,24.1626,24.1626,463.9216,0.01094029,106.3154,97.3877,376.9363,385.864,0.00888898,0.00909952,0.00045585,19.2749,17.1375,0.2201,5.7530,0.6409,504.8200,26.1429,7.1751,39.7174,2.9515,6.1317,20.2037,44.018,88.0359,220.0898,5.1098,0.0,14.357485,35.893712,3.143486,29,158,125,3,0.23384124,0.01139613,-0.00825174,0E-8,0.000000,0.887492,0.846818,0.02564465,2026-03-24,2026-08-06,84,754,547,136,0.617647,0.180654,0.372251,0.779471,,,,,,,,GLOBAL_BASELINE_NO_ENTITY_RANKING,,,NOT_APPLICABLE_GLOBAL_BASELINE,HF9g-P5,,,,X 全窗基线 · 不参与实体赏罚,8397829,840,A168_HF9F_20260827_0900,2026-08-27 09:00:00
2026-05-08,129740297,2196,0,4.2012393656,-4.2012393656,-4.2012393656,0E-7,1,1,0.49324550000000000,0.493245500000,-0.9865810262130424,-0.9865810262130424,-0.9865810262130424,0E-17,ELIGIBLE,R03b_20260811_FULL_v1,L1_ELIGIBILITY,v2026-08-11,2026-03-21..2026-08-06,baccarat_bet02_101_all_pairs_incl_sentinel,round_win = game_pnl > 0 (decisive only),COMPATIBILITY_ONLY_NOT_PRODUCTION,42404.8770,37633.9694,483.2517,2200,2196,-0.01139613,0.00825174,-0.01739291,-0.01139613,-483.2517,42404.8770,OK,0.0000,19.3301,4.0000,96.0000,AG03-UNRESOLVED,ALL5_LEVELS_bet23_to_bet27,19.3301,19.3301,19.3301,24.1626,24.1626,4.000000,4.000000,4.000000,5.000000,5.000000,96.000000,96.000000,96.000000,95.000000,95.000000,5.0,106.3154,97.3877,376.9363,385.864,PENDING_AG03,FALSE,NOT_FOR_ENFORCEMENT,463.9216,36128.6106,483.2517,463.9216,19.3301,0.01139613,0.01094029,19.3301,463.9216,0.01094029,19.3301,19.3301,19.3301,24.1626,24.1626,463.9216,0.01094029,106.3154,97.3877,376.9363,385.864,0.00888898,0.00909952,0.00045585,19.2749,17.1375,0.2201,5.7530,0.6409,504.8200,26.1429,7.1751,39.7174,2.9515,6.1317,20.2037,44.018,88.0359,220.0898,5.1098,0.0,14.357485,35.893712,3.143486,29,158,125,3,0.23384124,0.01139613,-0.00825174,0E-8,0.000000,0.887492,0.846818,0.02564465,2026-03-24,2026-08-06,84,754,547,136,0.617647,0.180654,0.372251,0.779471,,,,,,,,GLOBAL_BASELINE_NO_ENTITY_RANKING,,,NOT_APPLICABLE_GLOBAL_BASELINE,HF9g-P5,,,,X 全窗基线 · 不参与实体赏罚,8397830,840,A168_HF9F_20260827_0900,2026-08-27 09:00:00
2026-05-10,129740297,-1,1,0.4201239366,-0.4201239366,-0.4201239366,0E-7,1,1,0.50665070000000000,0.506650700000,-1.013391052207602,-1.013391052207602,-1.013391052207602,0E-17,SENTINEL_DEALER,R03b_20260811_FULL_v1,L1_ELIGIBILITY,v2026-08-11,2026-03-21..2026-08-06,baccarat_bet02_101_all_pairs_incl_sentinel,round_win = game_pnl > 0 (decisive only),COMPATIBILITY_ONLY_NOT_PRODUCTION,42404.8770,37633.9694,483.2517,2200,2196,-0.01139613,0.00825174,-0.01739291,-0.01139613,-483.2517,42404.8770,OK,0.0000,19.3301,4.0000,96.0000,AG03-UNRESOLVED,ALL5_LEVELS_bet23_to_bet27,19.3301,19.3301,19.3301,24.1626,24.1626,4.000000,4.000000,4.000000,5.000000,5.000000,96.000000,96.000000,96.000000,95.000000,95.000000,5.0,106.3154,97.3877,376.9363,385.864,PENDING_AG03,FALSE,NOT_FOR_ENFORCEMENT,463.9216,36128.6106,483.2517,463.9216,19.3301,0.01139613,0.01094029,19.3301,463.9216,0.01094029,19.3301,19.3301,19.3301,24.1626,24.1626,463.9216,0.01094029,106.3154,97.3877,376.9363,385.864,0.00888898,0.00909952,0.00045585,19.2749,17.1375,0.2201,5.7530,0.6409,504.8200,26.1429,7.1751,39.7174,2.9515,6.1317,20.2037,44.018,88.0359,220.0898,5.1098,0.0,14.357485,35.893712,3.143486,29,158,125,3,0.23384124,0.01139613,-0.00825174,0E-8,0.000000,0.887492,0.846818,0.02564465,2026-03-24,2026-08-06,84,754,547,136,0.617647,0.180654,0.372251,0.779471,,,,,,,,GLOBAL_BASELINE_NO_ENTITY_RANKING,,,NOT_APPLICABLE_GLOBAL_BASELINE,HF9g-P5,,,,X 全窗基线 · 不参与实体赏罚,8397831,840,A168_HF9F_20260827_0900,2026-08-27 09:00:00
2026-05-12,129740297,-1,1,0.4201239366,-0.4201239366,-0.4201239366,0E-7,1,1,0.50665070000000000,0.506650700000,-1.013391052207602,-1.013391052207602,-1.013391052207602,0E-17,SENTINEL_DEALER,R03b_20260811_FULL_v1,L1_ELIGIBILITY,v2026-08-11,2026-03-21..2026-08-06,baccarat_bet02_101_all_pairs_incl_sentinel,round_win = game_pnl > 0 (decisive only),COMPATIBILITY_ONLY_NOT_PRODUCTION,42404.8770,37633.9694,483.2517,2200,2196,-0.01139613,0.00825174,-0.01739291,-0.01139613,-483.2517,42404.8770,OK,0.0000,19.3301,4.0000,96.0000,AG03-UNRESOLVED,ALL5_LEVELS_bet23_to_bet27,19.3301,19.3301,19.3301,24.1626,24.1626,4.000000,4.000000,4.000000,5.000000,5.000000,96.000000,96.000000,96.000000,95.000000,95.000000,5.0,106.3154,97.3877,376.9363,385.864,PENDING_AG03,FALSE,NOT_FOR_ENFORCEMENT,463.9216,36128.6106,483.2517,463.9216,19.3301,0.01139613,0.01094029,19.3301,463.9216,0.01094029,19.3301,19.3301,19.3301,24.1626,24.1626,463.9216,0.01094029,106.3154,97.3877,376.9363,385.864,0.00888898,0.00909952,0.00045585,19.2749,17.1375,0.2201,5.7530,0.6409,504.8200,26.1429,7.1751,39.7174,2.9515,6.1317,20.2037,44.018,88.0359,220.0898,5.1098,0.0,14.357485,35.893712,3.143486,29,158,125,3,0.23384124,0.01139613,-0.00825174,0E-8,0.000000,0.887492,0.846818,0.02564465,2026-03-24,2026-08-06,84,754,547,136,0.617647,0.180654,0.372251,0.779471,,,,,,,,GLOBAL_BASELINE_NO_ENTITY_RANKING,,,NOT_APPLICABLE_GLOBAL_BASELINE,HF9g-P5,,,,X 全窗基线 · 不参与实体赏罚,8397832,840,A168_HF9F_20260827_0900,2026-08-27 09:00:00
2026-05-12,129740297,1505,0,1.6804957462,-1.6804957462,-1.6804957462,0E-7,1,1,0.50665070000000000,0.506650700000,-1.013391052207602,-1.013391052207602,-1.013391052207602,0E-17,ELIGIBLE,R03b_20260811_FULL_v1,L1_ELIGIBILITY,v2026-08-11,2026-03-21..2026-08-06,baccarat_bet02_101_all_pairs_incl_sentinel,round_win = game_pnl > 0 (decisive only),COMPATIBILITY_ONLY_NOT_PRODUCTION,42404.8770,37633.9694,483.2517,2200,2196,-0.01139613,0.00825174,-0.01739291,-0.01139613,-483.2517,42404.8770,OK,0.0000,19.3301,4.0000,96.0000,AG03-UNRESOLVED,ALL5_LEVELS_bet23_to_bet27,19.3301,19.3301,19.3301,24.1626,24.1626,4.000000,4.000000,4.000000,5.000000,5.000000,96.000000,96.000000,96.000000,95.000000,95.000000,5.0,106.3154,97.3877,376.9363,385.864,PENDING_AG03,FALSE,NOT_FOR_ENFORCEMENT,463.9216,36128.6106,483.2517,463.9216,19.3301,0.01139613,0.01094029,19.3301,463.9216,0.01094029,19.3301,19.3301,19.3301,24.1626,24.1626,463.9216,0.01094029,106.3154,97.3877,376.9363,385.864,0.00888898,0.00909952,0.00045585,19.2749,17.1375,0.2201,5.7530,0.6409,504.8200,26.1429,7.1751,39.7174,2.9515,6.1317,20.2037,44.018,88.0359,220.0898,5.1098,0.0,14.357485,35.893712,3.143486,29,158,125,3,0.23384124,0.01139613,-0.00825174,0E-8,0.000000,0.887492,0.846818,0.02564465,2026-03-24,2026-08-06,84,754,547,136,0.617647,0.180654,0.372251,0.779471,,,,,,,,GLOBAL_BASELINE_NO_ENTITY_RANKING,,,NOT_APPLICABLE_GLOBAL_BASELINE,HF9g-P5,,,,X 全窗基线 · 不参与实体赏罚,8397833,840,A168_HF9F_20260827_0900,2026-08-27 09:00:00
2026-05-13,129740297,1710,0,2.9408675559,-0.8927633652,-0.8927633652,0.5000000,2,2,0.50665070000000000,0.506650700000,-0.018812684590367487,-0.018812684590367487,-0.018812684590367487,0E-17,ELIGIBLE,R03b_20260811_FULL_v1,L1_ELIGIBILITY,v2026-08-11,2026-03-21..2026-08-06,baccarat_bet02_101_all_pairs_incl_sentinel,round_win = game_pnl > 0 (decisive only),COMPATIBILITY_ONLY_NOT_PRODUCTION,42404.8770,37633.9694,483.2517,2200,2196,-0.01139613,0.00825174,-0.01739291,-0.01139613,-483.2517,42404.8770,OK,0.0000,19.3301,4.0000,96.0000,AG03-UNRESOLVED,ALL5_LEVELS_bet23_to_bet27,19.3301,19.3301,19.3301,24.1626,24.1626,4.000000,4.000000,4.000000,5.000000,5.000000,96.000000,96.000000,96.000000,95.000000,95.000000,5.0,106.3154,97.3877,376.9363,385.864,PENDING_AG03,FALSE,NOT_FOR_ENFORCEMENT,463.9216,36128.6106,483.2517,463.9216,19.3301,0.01139613,0.01094029,19.3301,463.9216,0.01094029,19.3301,19.3301,19.3301,24.1626,24.1626,463.9216,0.01094029,106.3154,97.3877,376.9363,385.864,0.00888898,0.00909952,0.00045585,19.2749,17.1375,0.2201,5.7530,0.6409,504.8200,26.1429,7.1751,39.7174,2.9515,6.1317,20.2037,44.018,88.0359,220.0898,5.1098,0.0,14.357485,35.893712,3.143486,29,158,125,3,0.23384124,0.01139613,-0.00825174,0E-8,0.000000,0.887492,0.846818,0.02564465,2026-03-24,2026-08-06,84,754,547,136,0.617647,0.180654,0.372251,0.779471,,,,,,,,GLOBAL_BASELINE_NO_ENTITY_RANKING,,,NOT_APPLICABLE_GLOBAL_BASELINE,HF9g-P5,,,,X 全窗基线 · 不参与实体赏罚,8397834,840,A168_HF9F_20260827_0900,2026-08-27 09:00:00
2026-05-13,129740297,2258,0,0.2100619683,-0.2100619683,-0.2100619683,0E-7,1,1,0.50665070000000000,0.506650700000,-1.013391052207602,-1.013391052207602,-1.013391052207602,0E-17,ELIGIBLE,R03b_20260811_FULL_v1,L1_ELIGIBILITY,v2026-08-11,2026-03-21..2026-08-06,baccarat_bet02_101_all_pairs_incl_sentinel,round_win = game_pnl > 0 (decisive only),COMPATIBILITY_ONLY_NOT_PRODUCTION,42404.8770,37633.9694,483.2517,2200,2196,-0.01139613,0.00825174,-0.01739291,-0.01139613,-483.2517,42404.8770,OK,0.0000,19.3301,4.0000,96.0000,AG03-UNRESOLVED,ALL5_LEVELS_bet23_to_bet27,19.3301,19.3301,19.3301,24.1626,24.1626,4.000000,4.000000,4.000000,5.000000,5.000000,96.000000,96.000000,96.000000,95.000000,95.000000,5.0,106.3154,97.3877,376.9363,385.864,PENDING_AG03,FALSE,NOT_FOR_ENFORCEMENT,463.9216,36128.6106,483.2517,463.9216,19.3301,0.01139613,0.01094029,19.3301,463.9216,0.01094029,19.3301,19.3301,19.3301,24.1626,24.1626,463.9216,0.01094029,106.3154,97.3877,376.9363,385.864,0.00888898,0.00909952,0.00045585,19.2749,17.1375,0.2201,5.7530,0.6409,504.8200,26.1429,7.1751,39.7174,2.9515,6.1317,20.2037,44.018,88.0359,220.0898,5.1098,0.0,14.357485,35.893712,3.143486,29,158,125,3,0.23384124,0.01139613,-0.00825174,0E-8,0.000000,0.887492,0.846818,0.02564465,2026-03-24,2026-08-06,84,754,547,136,0.617647,0.180654,0.372251,0.779471,,,,,,,,GLOBAL_BASELINE_NO_ENTITY_RANKING,,,NOT_APPLICABLE_GLOBAL_BASELINE,HF9g-P5,,,,X 全窗基线 · 不参与实体赏罚,8397835,840,A168_HF9F_20260827_0900,2026-08-27 09:00:00
2026-05-14,129740297,1935,0,1.6804957462,-1.6804957462,-1.6804957462,0E-7,1,1,0.49324550000000000,0.493245500000,-0.9865810262130424,-0.9865810262130424,-0.9865810262130424,0E-17,ELIGIBLE,R03b_20260811_FULL_v1,L1_ELIGIBILITY,v2026-08-11,2026-03-21..2026-08-06,baccarat_bet02_101_all_pairs_incl_sentinel,round_win = game_pnl > 0 (decisive only),COMPATIBILITY_ONLY_NOT_PRODUCTION,42404.8770,37633.9694,483.2517,2200,2196,-0.01139613,0.00825174,-0.01739291,-0.01139613,-483.2517,42404.8770,OK,0.0000,19.3301,4.0000,96.0000,AG03-UNRESOLVED,ALL5_LEVELS_bet23_to_bet27,19.3301,19.3301,19.3301,24.1626,24.1626,4.000000,4.000000,4.000000,5.000000,5.000000,96.000000,96.000000,96.000000,95.000000,95.000000,5.0,106.3154,97.3877,376.9363,385.864,PENDING_AG03,FALSE,NOT_FOR_ENFORCEMENT,463.9216,36128.6106,483.2517,463.9216,19.3301,0.01139613,0.01094029,19.3301,463.9216,0.01094029,19.3301,19.3301,19.3301,24.1626,24.1626,463.9216,0.01094029,106.3154,97.3877,376.9363,385.864,0.00888898,0.00909952,0.00045585,19.2749,17.1375,0.2201,5.7530,0.6409,504.8200,26.1429,7.1751,39.7174,2.9515,6.1317,20.2037,44.018,88.0359,220.0898,5.1098,0.0,14.357485,35.893712,3.143486,29,158,125,3,0.23384124,0.01139613,-0.00825174,0E-8,0.000000,0.887492,0.846818,0.02564465,2026-03-24,2026-08-06,84,754,547,136,0.617647,0.180654,0.372251,0.779471,,,,,,,,GLOBAL_BASELINE_NO_ENTITY_RANKING,,,NOT_APPLICABLE_GLOBAL_BASELINE,HF9g-P5,,,,X 全窗基线 · 不参与实体赏罚,8397836,840,A168_HF9F_20260827_0900,2026-08-27 09:00:00
2026-05-15,129740297,2233,0,3.1509295242,-0.2100619682,-0.2100619682,0.7500000,4,4,0.49659680000000000,0.496596800000,1.0136362796769356,1.0136362796769358,1.0136362796769356,0E-17,ELIGIBLE,R03b_20260811_FULL_v1,L1_ELIGIBILITY,v2026-08-11,2026-03-21..2026-08-06,baccarat_bet02_101_all_pairs_incl_sentinel,round_win = game_pnl > 0 (decisive only),COMPATIBILITY_ONLY_NOT_PRODUCTION,42404.8770,37633.9694,483.2517,2200,2196,-0.01139613,0.00825174,-0.01739291,-0.01139613,-483.2517,42404.8770,OK,0.0000,19.3301,4.0000,96.0000,AG03-UNRESOLVED,ALL5_LEVELS_bet23_to_bet27,19.3301,19.3301,19.3301,24.1626,24.1626,4.000000,4.000000,4.000000,5.000000,5.000000,96.000000,96.000000,96.000000,95.000000,95.000000,5.0,106.3154,97.3877,376.9363,385.864,PENDING_AG03,FALSE,NOT_FOR_ENFORCEMENT,463.9216,36128.6106,483.2517,463.9216,19.3301,0.01139613,0.01094029,19.3301,463.9216,0.01094029,19.3301,19.3301,19.3301,24.1626,24.1626,463.9216,0.01094029,106.3154,97.3877,376.9363,385.864,0.00888898,0.00909952,0.00045585,19.2749,17.1375,0.2201,5.7530,0.6409,504.8200,26.1429,7.1751,39.7174,2.9515,6.1317,20.2037,44.018,88.0359,220.0898,5.1098,0.0,14.357485,35.893712,3.143486,29,158,125,3,0.23384124,0.01139613,-0.00825174,0E-8,0.000000,0.887492,0.846818,0.02564465,2026-03-24,2026-08-06,84,754,547,136,0.617647,0.180654,0.372251,0.779471,,,,,,,,GLOBAL_BASELINE_NO_ENTITY_RANKING,,,NOT_APPLICABLE_GLOBAL_BASELINE,HF9g-P5,,,,X 全窗基线 · 不参与实体赏罚,8397837,840,A168_HF9F_20260827_0900,2026-08-27 09:00:00
2026-05-18,129740297,1353,0,0.8402478731,-0.8402478731,-0.8402478731,0E-7,1,1,0.50665070000000000,0.506650700000,-1.013391052207602,-1.013391052207602,-1.013391052207602,0E-17,ELIGIBLE,R03b_20260811_FULL_v1,L1_ELIGIBILITY,v2026-08-11,2026-03-21..2026-08-06,baccarat_bet02_101_all_pairs_incl_sentinel,round_win = game_pnl > 0 (decisive only),COMPATIBILITY_ONLY_NOT_PRODUCTION,42404.8770,37633.9694,483.2517,2200,2196,-0.01139613,0.00825174,-0.01739291,-0.01139613,-483.2517,42404.8770,OK,0.0000,19.3301,4.0000,96.0000,AG03-UNRESOLVED,ALL5_LEVELS_bet23_to_bet27,19.3301,19.3301,19.3301,24.1626,24.1626,4.000000,4.000000,4.000000,5.000000,5.000000,96.000000,96.000000,96.000000,95.000000,95.000000,5.0,106.3154,97.3877,376.9363,385.864,PENDING_AG03,FALSE,NOT_FOR_ENFORCEMENT,463.9216,36128.6106,483.2517,463.9216,19.3301,0.01139613,0.01094029,19.3301,463.9216,0.01094029,19.3301,19.3301,19.3301,24.1626,24.1626,463.9216,0.01094029,106.3154,97.3877,376.9363,385.864,0.00888898,0.00909952,0.00045585,19.2749,17.1375,0.2201,5.7530,0.6409,504.8200,26.1429,7.1751,39.7174,2.9515,6.1317,20.2037,44.018,88.0359,220.0898,5.1098,0.0,14.357485,35.893712,3.143486,29,158,125,3,0.23384124,0.01139613,-0.00825174,0E-8,0.000000,0.887492,0.846818,0.02564465,2026-03-24,2026-08-06,84,754,547,136,0.617647,0.180654,0.372251,0.779471,,,,,,,,GLOBAL_BASELINE_NO_ENTITY_RANKING,,,NOT_APPLICABLE_GLOBAL_BASELINE,HF9g-P5,,,,X 全窗基线 · 不参与实体赏罚,8397838,840,A168_HF9F_20260827_0900,2026-08-27 09:00:00
2026-05-18,129740297,2130,0,0.4201239366,0.4201239366,0.4201239366,1.0000000,1,1,0.49324550000000000,0.493245500000,1.01360149184955,1.01360149184955,1.01360149184955,0E-17,ELIGIBLE,R03b_20260811_FULL_v1,L1_ELIGIBILITY,v2026-08-11,2026-03-21..2026-08-06,baccarat_bet02_101_all_pairs_incl_sentinel,round_win = game_pnl > 0 (decisive only),COMPATIBILITY_ONLY_NOT_PRODUCTION,42404.8770,37633.9694,483.2517,2200,2196,-0.01139613,0.00825174,-0.01739291,-0.01139613,-483.2517,42404.8770,OK,0.0000,19.3301,4.0000,96.0000,AG03-UNRESOLVED,ALL5_LEVELS_bet23_to_bet27,19.3301,19.3301,19.3301,24.1626,24.1626,4.000000,4.000000,4.000000,5.000000,5.000000,96.000000,96.000000,96.000000,95.000000,95.000000,5.0,106.3154,97.3877,376.9363,385.864,PENDING_AG03,FALSE,NOT_FOR_ENFORCEMENT,463.9216,36128.6106,483.2517,463.9216,19.3301,0.01139613,0.01094029,19.3301,463.9216,0.01094029,19.3301,19.3301,19.3301,24.1626,24.1626,463.9216,0.01094029,106.3154,97.3877,376.9363,385.864,0.00888898,0.00909952,0.00045585,19.2749,17.1375,0.2201,5.7530,0.6409,504.8200,26.1429,7.1751,39.7174,2.9515,6.1317,20.2037,44.018,88.0359,220.0898,5.1098,0.0,14.357485,35.893712,3.143486,29,158,125,3,0.23384124,0.01139613,-0.00825174,0E-8,0.000000,0.887492,0.846818,0.02564465,2026-03-24,2026-08-06,84,754,547,136,0.617647,0.180654,0.372251,0.779471,,,,,,,,GLOBAL_BASELINE_NO_ENTITY_RANKING,,,NOT_APPLICABLE_GLOBAL_BASELINE,HF9g-P5,,,,X 全窗基线 · 不参与实体赏罚,8397839,840,A168_HF9F_20260827_0900,2026-08-27 09:00:00
2026-05-30,129740297,2167,0,0.2100619683,0.1995588699,0.1995588699,1.0000000,1,1,0.50665070000000000,0.506650700000,0.9867858985152569,0.9867858985152569,0.9867858985152569,0E-17,ELIGIBLE,R03b_20260811_FULL_v1,L1_ELIGIBILITY,v2026-08-11,2026-03-21..2026-08-06,baccarat_bet02_101_all_pairs_incl_sentinel,round_win = game_pnl > 0 (decisive only),COMPATIBILITY_ONLY_NOT_PRODUCTION,42404.8770,37633.9694,483.2517,2200,2196,-0.01139613,0.00825174,-0.01739291,-0.01139613,-483.2517,42404.8770,OK,0.0000,19.3301,4.0000,96.0000,AG03-UNRESOLVED,ALL5_LEVELS_bet23_to_bet27,19.3301,19.3301,19.3301,24.1626,24.1626,4.000000,4.000000,4.000000,5.000000,5.000000,96.000000,96.000000,96.000000,95.000000,95.000000,5.0,106.3154,97.3877,376.9363,385.864,PENDING_AG03,FALSE,NOT_FOR_ENFORCEMENT,463.9216,36128.6106,483.2517,463.9216,19.3301,0.01139613,0.01094029,19.3301,463.9216,0.01094029,19.3301,19.3301,19.3301,24.1626,24.1626,463.9216,0.01094029,106.3154,97.3877,376.9363,385.864,0.00888898,0.00909952,0.00045585,19.2749,17.1375,0.2201,5.7530,0.6409,504.8200,26.1429,7.1751,39.7174,2.9515,6.1317,20.2037,44.018,88.0359,220.0898,5.1098,0.0,14.357485,35.893712,3.143486,29,158,125,3,0.23384124,0.01139613,-0.00825174,0E-8,0.000000,0.887492,0.846818,0.02564465,2026-03-24,2026-08-06,84,754,547,136,0.617647,0.180654,0.372251,0.779471,,,,,,,,GLOBAL_BASELINE_NO_ENTITY_RANKING,,,NOT_APPLICABLE_GLOBAL_BASELINE,HF9g-P5,,,,X 全窗基线 · 不参与实体赏罚,8397840,840,A168_HF9F_20260827_0900,2026-08-27 09:00:00
2026-05-30,129740297,2171,0,0.8402478731,-0.8402478731,-0.8402478731,0E-7,1,1,0.49324550000000000,0.493245500000,-0.9865810262130424,-0.9865810262130424,-0.9865810262130424,0E-17,ELIGIBLE,R03b_20260811_FULL_v1,L1_ELIGIBILITY,v2026-08-11,2026-03-21..2026-08-06,baccarat_bet02_101_all_pairs_incl_sentinel,round_win = game_pnl > 0 (decisive only),COMPATIBILITY_ONLY_NOT_PRODUCTION,42404.8770,37633.9694,483.2517,2200,2196,-0.01139613,0.00825174,-0.01739291,-0.01139613,-483.2517,42404.8770,OK,0.0000,19.3301,4.0000,96.0000,AG03-UNRESOLVED,ALL5_LEVELS_bet23_to_bet27,19.3301,19.3301,19.3301,24.1626,24.1626,4.000000,4.000000,4.000000,5.000000,5.000000,96.000000,96.000000,96.000000,95.000000,95.000000,5.0,106.3154,97.3877,376.9363,385.864,PENDING_AG03,FALSE,NOT_FOR_ENFORCEMENT,463.9216,36128.6106,483.2517,463.9216,19.3301,0.01139613,0.01094029,19.3301,463.9216,0.01094029,19.3301,19.3301,19.3301,24.1626,24.1626,463.9216,0.01094029,106.3154,97.3877,376.9363,385.864,0.00888898,0.00909952,0.00045585,19.2749,17.1375,0.2201,5.7530,0.6409,504.8200,26.1429,7.1751,39.7174,2.9515,6.1317,20.2037,44.018,88.0359,220.0898,5.1098,0.0,14.357485,35.893712,3.143486,29,158,125,3,0.23384124,0.01139613,-0.00825174,0E-8,0.000000,0.887492,0.846818,0.02564465,2026-03-24,2026-08-06,84,754,547,136,0.617647,0.180654,0.372251,0.779471,,,,,,,,GLOBAL_BASELINE_NO_ENTITY_RANKING,,,NOT_APPLICABLE_GLOBAL_BASELINE,HF9g-P5,,,,X 全窗基线 · 不参与实体赏罚,8397841,840,A168_HF9F_20260827_0900,2026-08-27 09:00:00
2026-05-30,129740297,2261,0,2.9408675559,-0.4201239365,-0.4201239365,0.6666667,3,3,0.49324550000000000,0.493245500000,0.6008033672792107,0.6008033672792106,0.6008033672792107,0E-17,ELIGIBLE,R03b_20260811_FULL_v1,L1_ELIGIBILITY,v2026-08-11,2026-03-21..2026-08-06,baccarat_bet02_101_all_pairs_incl_sentinel,round_win = game_pnl > 0 (decisive only),COMPATIBILITY_ONLY_NOT_PRODUCTION,42404.8770,37633.9694,483.2517,2200,2196,-0.01139613,0.00825174,-0.01739291,-0.01139613,-483.2517,42404.8770,OK,0.0000,19.3301,4.0000,96.0000,AG03-UNRESOLVED,ALL5_LEVELS_bet23_to_bet27,19.3301,19.3301,19.3301,24.1626,24.1626,4.000000,4.000000,4.000000,5.000000,5.000000,96.000000,96.000000,96.000000,95.000000,95.000000,5.0,106.3154,97.3877,376.9363,385.864,PENDING_AG03,FALSE,NOT_FOR_ENFORCEMENT,463.9216,36128.6106,483.2517,463.9216,19.3301,0.01139613,0.01094029,19.3301,463.9216,0.01094029,19.3301,19.3301,19.3301,24.1626,24.1626,463.9216,0.01094029,106.3154,97.3877,376.9363,385.864,0.00888898,0.00909952,0.00045585,19.2749,17.1375,0.2201,5.7530,0.6409,504.8200,26.1429,7.1751,39.7174,2.9515,6.1317,20.2037,44.018,88.0359,220.0898,5.1098,0.0,14.357485,35.893712,3.143486,29,158,125,3,0.23384124,0.01139613,-0.00825174,0E-8,0.000000,0.887492,0.846818,0.02564465,2026-03-24,2026-08-06,84,754,547,136,0.617647,0.180654,0.372251,0.779471,,,,,,,,GLOBAL_BASELINE_NO_ENTITY_RANKING,,,NOT_APPLICABLE_GLOBAL_BASELINE,HF9g-P5,,,,X 全窗基线 · 不参与实体赏罚,8397842,840,A168_HF9F_20260827_0900,2026-08-27 09:00:00
2026-05-31,129740297,2145,0,0.2100619683,-0.2100619683,-0.2100619683,0E-7,1,1,0.50665070000000000,0.506650700000,-1.013391052207602,-1.013391052207602,-1.013391052207602,0E-17,ELIGIBLE,R03b_20260811_FULL_v1,L1_ELIGIBILITY,v2026-08-11,2026-03-21..2026-08-06,baccarat_bet02_101_all_pairs_incl_sentinel,round_win = game_pnl > 0 (decisive only),COMPATIBILITY_ONLY_NOT_PRODUCTION,42404.8770,37633.9694,483.2517,2200,2196,-0.01139613,0.00825174,-0.01739291,-0.01139613,-483.2517,42404.8770,OK,0.0000,19.3301,4.0000,96.0000,AG03-UNRESOLVED,ALL5_LEVELS_bet23_to_bet27,19.3301,19.3301,19.3301,24.1626,24.1626,4.000000,4.000000,4.000000,5.000000,5.000000,96.000000,96.000000,96.000000,95.000000,95.000000,5.0,106.3154,97.3877,376.9363,385.864,PENDING_AG03,FALSE,NOT_FOR_ENFORCEMENT,463.9216,36128.6106,483.2517,463.9216,19.3301,0.01139613,0.01094029,19.3301,463.9216,0.01094029,19.3301,19.3301,19.3301,24.1626,24.1626,463.9216,0.01094029,106.3154,97.3877,376.9363,385.864,0.00888898,0.00909952,0.00045585,19.2749,17.1375,0.2201,5.7530,0.6409,504.8200,26.1429,7.1751,39.7174,2.9515,6.1317,20.2037,44.018,88.0359,220.0898,5.1098,0.0,14.357485,35.893712,3.143486,29,158,125,3,0.23384124,0.01139613,-0.00825174,0E-8,0.000000,0.887492,0.846818,0.02564465,2026-03-24,2026-08-06,84,754,547,136,0.617647,0.180654,0.372251,0.779471,,,,,,,,GLOBAL_BASELINE_NO_ENTITY_RANKING,,,NOT_APPLICABLE_GLOBAL_BASELINE,HF9g-P5,,,,X 全窗基线 · 不参与实体赏罚,8397843,840,A168_HF9F_20260827_0900,2026-08-27 09:00:00
2026-06-01,129740297,-1,1,176.5573395924,-51.9286292920,-51.9286292920,0.4000000,5,5,0.49324550000000000,0.493245500000,-0.4170446088060018,-0.4170446088060018,-0.4170446088060018,0E-17,SENTINEL_DEALER,R03b_20260811_FULL_v1,L1_ELIGIBILITY,v2026-08-11,2026-03-21..2026-08-06,baccarat_bet02_101_all_pairs_incl_sentinel,round_win = game_pnl > 0 (decisive only),COMPATIBILITY_ONLY_NOT_PRODUCTION,42404.8770,37633.9694,483.2517,2200,2196,-0.01139613,0.00825174,-0.01739291,-0.01139613,-483.2517,42404.8770,OK,0.0000,19.3301,4.0000,96.0000,AG03-UNRESOLVED,ALL5_LEVELS_bet23_to_bet27,19.3301,19.3301,19.3301,24.1626,24.1626,4.000000,4.000000,4.000000,5.000000,5.000000,96.000000,96.000000,96.000000,95.000000,95.000000,5.0,106.3154,97.3877,376.9363,385.864,PENDING_AG03,FALSE,NOT_FOR_ENFORCEMENT,463.9216,36128.6106,483.2517,463.9216,19.3301,0.01139613,0.01094029,19.3301,463.9216,0.01094029,19.3301,19.3301,19.3301,24.1626,24.1626,463.9216,0.01094029,106.3154,97.3877,376.9363,385.864,0.00888898,0.00909952,0.00045585,19.2749,17.1375,0.2201,5.7530,0.6409,504.8200,26.1429,7.1751,39.7174,2.9515,6.1317,20.2037,44.018,88.0359,220.0898,5.1098,0.0,14.357485,35.893712,3.143486,29,158,125,3,0.23384124,0.01139613,-0.00825174,0E-8,0.000000,0.887492,0.846818,0.02564465,2026-03-24,2026-08-06,84,754,547,136,0.617647,0.180654,0.372251,0.779471,,,,,,,,GLOBAL_BASELINE_NO_ENTITY_RANKING,,,NOT_APPLICABLE_GLOBAL_BASELINE,HF9g-P5,,,,X 全窗基线 · 不参与实体赏罚,8397844,840,A168_HF9F_20260827_0900,2026-08-27 09:00:00
2026-06-01,129740297,1210,0,36.3500405044,-10.3857258584,-10.3857258584,0.3333333,7,7,0.49324550000000000,0.493245500000,-0.783477916903833,-0.7834779169038328,-0.783477916903833,0E-17,ELIGIBLE,R03b_20260811_FULL_v1,L1_ELIGIBILITY,v2026-08-11,2026-03-21..2026-08-06,baccarat_bet02_101_all_pairs_incl_sentinel,round_win = game_pnl > 0 (decisive only),COMPATIBILITY_ONLY_NOT_PRODUCTION,42404.8770,37633.9694,483.2517,2200,2196,-0.01139613,0.00825174,-0.01739291,-0.01139613,-483.2517,42404.8770,OK,0.0000,19.3301,4.0000,96.0000,AG03-UNRESOLVED,ALL5_LEVELS_bet23_to_bet27,19.3301,19.3301,19.3301,24.1626,24.1626,4.000000,4.000000,4.000000,5.000000,5.000000,96.000000,96.000000,96.000000,95.000000,95.000000,5.0,106.3154,97.3877,376.9363,385.864,PENDING_AG03,FALSE,NOT_FOR_ENFORCEMENT,463.9216,36128.6106,483.2517,463.9216,19.3301,0.01139613,0.01094029,19.3301,463.9216,0.01094029,19.3301,19.3301,19.3301,24.1626,24.1626,463.9216,0.01094029,106.3154,97.3877,376.9363,385.864,0.00888898,0.00909952,0.00045585,19.2749,17.1375,0.2201,5.7530,0.6409,504.8200,26.1429,7.1751,39.7174,2.9515,6.1317,20.2037,44.018,88.0359,220.0898,5.1098,0.0,14.357485,35.893712,3.143486,29,158,125,3,0.23384124,0.01139613,-0.00825174,0E-8,0.000000,0.887492,0.846818,0.02564465,2026-03-24,2026-08-06,84,754,547,136,0.617647,0.180654,0.372251,0.779471,,,,,,,,GLOBAL_BASELINE_NO_ENTITY_RANKING,,,NOT_APPLICABLE_GLOBAL_BASELINE,HF9g-P5,,,,X 全窗基线 · 不参与实体赏罚,8397845,840,A168_HF9F_20260827_0900,2026-08-27 09:00:00
2026-06-01,129740297,1507,0,71.4537939057,30.3263195065,30.3263195065,0.8000000,5,5,0.50665070000000000,0.506650700000,1.3120140225494112,1.3120140225494112,1.3120140225494112,0E-17,ELIGIBLE,R03b_20260811_FULL_v1,L1_ELIGIBILITY,v2026-08-11,2026-03-21..2026-08-06,baccarat_bet02_101_all_pairs_incl_sentinel,round_win = game_pnl > 0 (decisive only),COMPATIBILITY_ONLY_NOT_PRODUCTION,42404.8770,37633.9694,483.2517,2200,2196,-0.01139613,0.00825174,-0.01739291,-0.01139613,-483.2517,42404.8770,OK,0.0000,19.3301,4.0000,96.0000,AG03-UNRESOLVED,ALL5_LEVELS_bet23_to_bet27,19.3301,19.3301,19.3301,24.1626,24.1626,4.000000,4.000000,4.000000,5.000000,5.000000,96.000000,96.000000,96.000000,95.000000,95.000000,5.0,106.3154,97.3877,376.9363,385.864,PENDING_AG03,FALSE,NOT_FOR_ENFORCEMENT,463.9216,36128.6106,483.2517,463.9216,19.3301,0.01139613,0.01094029,19.3301,463.9216,0.01094029,19.3301,19.3301,19.3301,24.1626,24.1626,463.9216,0.01094029,106.3154,97.3877,376.9363,385.864,0.00888898,0.00909952,0.00045585,19.2749,17.1375,0.2201,5.7530,0.6409,504.8200,26.1429,7.1751,39.7174,2.9515,6.1317,20.2037,44.018,88.0359,220.0898,5.1098,0.0,14.357485,35.893712,3.143486,29,158,125,3,0.23384124,0.01139613,-0.00825174,0E-8,0.000000,0.887492,0.846818,0.02564465,2026-03-24,2026-08-06,84,754,547,136,0.617647,0.180654,0.372251,0.779471,,,,,,,,GLOBAL_BASELINE_NO_ENTITY_RANKING,,,NOT_APPLICABLE_GLOBAL_BASELINE,HF9g-P5,,,,X 全窗基线 · 不参与实体赏罚,8397846,840,A168_HF9F_20260827_0900,2026-08-27 09:00:00
2026-06-01,129740297,2073,0,21.3945952682,21.3945952682,21.3945952682,1.0000000,2,2,0.50665070000000000,0.506650700000,1.3955260008387969,1.3955260008387969,1.3955260008387969,0E-17,ELIGIBLE,R03b_20260811_FULL_v1,L1_ELIGIBILITY,v2026-08-11,2026-03-21..2026-08-06,baccarat_bet02_101_all_pairs_incl_sentinel,round_win = game_pnl > 0 (decisive only),COMPATIBILITY_ONLY_NOT_PRODUCTION,42404.8770,37633.9694,483.2517,2200,2196,-0.01139613,0.00825174,-0.01739291,-0.01139613,-483.2517,42404.8770,OK,0.0000,19.3301,4.0000,96.0000,AG03-UNRESOLVED,ALL5_LEVELS_bet23_to_bet27,19.3301,19.3301,19.3301,24.1626,24.1626,4.000000,4.000000,4.000000,5.000000,5.000000,96.000000,96.000000,96.000000,95.000000,95.000000,5.0,106.3154,97.3877,376.9363,385.864,PENDING_AG03,FALSE,NOT_FOR_ENFORCEMENT,463.9216,36128.6106,483.2517,463.9216,19.3301,0.01139613,0.01094029,19.3301,463.9216,0.01094029,19.3301,19.3301,19.3301,24.1626,24.1626,463.9216,0.01094029,106.3154,97.3877,376.9363,385.864,0.00888898,0.00909952,0.00045585,19.2749,17.1375,0.2201,5.7530,0.6409,504.8200,26.1429,7.1751,39.7174,2.9515,6.1317,20.2037,44.018,88.0359,220.0898,5.1098,0.0,14.357485,35.893712,3.143486,29,158,125,3,0.23384124,0.01139613,-0.00825174,0E-8,0.000000,0.887492,0.846818,0.02564465,2026-03-24,2026-08-06,84,754,547,136,0.617647,0.180654,0.372251,0.779471,,,,,,,,GLOBAL_BASELINE_NO_ENTITY_RANKING,,,NOT_APPLICABLE_GLOBAL_BASELINE,HF9g-P5,,,,X 全窗基线 · 不参与实体赏罚,8397847,840,A168_HF9F_20260827_0900,2026-08-27 09:00:00
2026-06-01,129740297,2156,0,25.7566001289,7.4569511662,7.4569511662,0.6666667,6,6,0.50665070000000000,0.506650700000,0.7839842952205449,0.7839842952205449,0.7839842952205449,0E-17,ELIGIBLE,R03b_20260811_FULL_v1,L1_ELIGIBILITY,v2026-08-11,2026-03-21..2026-08-06,baccarat_bet02_101_all_pairs_incl_sentinel,round_win = game_pnl > 0 (decisive only),COMPATIBILITY_ONLY_NOT_PRODUCTION,42404.8770,37633.9694,483.2517,2200,2196,-0.01139613,0.00825174,-0.01739291,-0.01139613,-483.2517,42404.8770,OK,0.0000,19.3301,4.0000,96.0000,AG03-UNRESOLVED,ALL5_LEVELS_bet23_to_bet27,19.3301,19.3301,19.3301,24.1626,24.1626,4.000000,4.000000,4.000000,5.000000,5.000000,96.000000,96.000000,96.000000,95.000000,95.000000,5.0,106.3154,97.3877,376.9363,385.864,PENDING_AG03,FALSE,NOT_FOR_ENFORCEMENT,463.9216,36128.6106,483.2517,463.9216,19.3301,0.01139613,0.01094029,19.3301,463.9216,0.01094029,19.3301,19.3301,19.3301,24.1626,24.1626,463.9216,0.01094029,106.3154,97.3877,376.9363,385.864,0.00888898,0.00909952,0.00045585,19.2749,17.1375,0.2201,5.7530,0.6409,504.8200,26.1429,7.1751,39.7174,2.9515,6.1317,20.2037,44.018,88.0359,220.0898,5.1098,0.0,14.357485,35.893712,3.143486,29,158,125,3,0.23384124,0.01139613,-0.00825174,0E-8,0.000000,0.887492,0.846818,0.02564465,2026-03-24,2026-08-06,84,754,547,136,0.617647,0.180654,0.372251,0.779471,,,,,,,,GLOBAL_BASELINE_NO_ENTITY_RANKING,,,NOT_APPLICABLE_GLOBAL_BASELINE,HF9g-P5,,,,X 全窗基线 · 不参与实体赏罚,8397848,840,A168_HF9F_20260827_0900,2026-08-27 09:00:00
2026-06-01,129740297,2174,0,1.4540016202,-0.2388716948,-0.2388716948,0.6666667,3,3,0.50665070000000000,0.506650700000,0.5543606114942035,0.5543606114942035,0.5543606114942035,0E-17,ELIGIBLE,R03b_20260811_FULL_v1,L1_ELIGIBILITY,v2026-08-11,2026-03-21..2026-08-06,baccarat_bet02_101_all_pairs_incl_sentinel,round_win = game_pnl > 0 (decisive only),COMPATIBILITY_ONLY_NOT_PRODUCTION,42404.8770,37633.9694,483.2517,2200,2196,-0.01139613,0.00825174,-0.01739291,-0.01139613,-483.2517,42404.8770,OK,0.0000,19.3301,4.0000,96.0000,AG03-UNRESOLVED,ALL5_LEVELS_bet23_to_bet27,19.3301,19.3301,19.3301,24.1626,24.1626,4.000000,4.000000,4.000000,5.000000,5.000000,96.000000,96.000000,96.000000,95.000000,95.000000,5.0,106.3154,97.3877,376.9363,385.864,PENDING_AG03,FALSE,NOT_FOR_ENFORCEMENT,463.9216,36128.6106,483.2517,463.9216,19.3301,0.01139613,0.01094029,19.3301,463.9216,0.01094029,19.3301,19.3301,19.3301,24.1626,24.1626,463.9216,0.01094029,106.3154,97.3877,376.9363,385.864,0.00888898,0.00909952,0.00045585,19.2749,17.1375,0.2201,5.7530,0.6409,504.8200,26.1429,7.1751,39.7174,2.9515,6.1317,20.2037,44.018,88.0359,220.0898,5.1098,0.0,14.357485,35.893712,3.143486,29,158,125,3,0.23384124,0.01139613,-0.00825174,0E-8,0.000000,0.887492,0.846818,0.02564465,2026-03-24,2026-08-06,84,754,547,136,0.617647,0.180654,0.372251,0.779471,,,,,,,,GLOBAL_BASELINE_NO_ENTITY_RANKING,,,NOT_APPLICABLE_GLOBAL_BASELINE,HF9g-P5,,,,X 全窗基线 · 不参与实体赏罚,8397849,840,A168_HF9F_20260827_0900,2026-08-27 09:00:00
2026-06-01,129740297,2175,0,17.2403049249,1.1735870220,1.1735870220,0.6666667,5,5,0.50665070000000000,0.506650700000,0.5543606114942035,0.5543606114942035,0.5543606114942035,0E-17,ELIGIBLE,R03b_20260811_FULL_v1,L1_ELIGIBILITY,v2026-08-11,2026-03-21..2026-08-06,baccarat_bet02_101_all_pairs_incl_sentinel,round_win = game_pnl > 0 (decisive only),COMPATIBILITY_ONLY_NOT_PRODUCTION,42404.8770,37633.9694,483.2517,2200,2196,-0.01139613,0.00825174,-0.01739291,-0.01139613,-483.2517,42404.8770,OK,0.0000,19.3301,4.0000,96.0000,AG03-UNRESOLVED,ALL5_LEVELS_bet23_to_bet27,19.3301,19.3301,19.3301,24.1626,24.1626,4.000000,4.000000,4.000000,5.000000,5.000000,96.000000,96.000000,96.000000,95.000000,95.000000,5.0,106.3154,97.3877,376.9363,385.864,PENDING_AG03,FALSE,NOT_FOR_ENFORCEMENT,463.9216,36128.6106,483.2517,463.9216,19.3301,0.01139613,0.01094029,19.3301,463.9216,0.01094029,19.3301,19.3301,19.3301,24.1626,24.1626,463.9216,0.01094029,106.3154,97.3877,376.9363,385.864,0.00888898,0.00909952,0.00045585,19.2749,17.1375,0.2201,5.7530,0.6409,504.8200,26.1429,7.1751,39.7174,2.9515,6.1317,20.2037,44.018,88.0359,220.0898,5.1098,0.0,14.357485,35.893712,3.143486,29,158,125,3,0.23384124,0.01139613,-0.00825174,0E-8,0.000000,0.887492,0.846818,0.02564465,2026-03-24,2026-08-06,84,754,547,136,0.617647,0.180654,0.372251,0.779471,,,,,,,,GLOBAL_BASELINE_NO_ENTITY_RANKING,,,NOT_APPLICABLE_GLOBAL_BASELINE,HF9g-P5,,,,X 全窗基线 · 不参与实体赏罚,8397850,840,A168_HF9F_20260827_0900,2026-08-27 09:00:00
2026-06-01,129740297,2252,0,0.2077145172,0.1973287913,0.1973287913,1.0000000,1,1,0.50665070000000000,0.506650700000,0.9867858985152569,0.9867858985152569,0.9867858985152569,0E-17,ELIGIBLE,R03b_20260811_FULL_v1,L1_ELIGIBILITY,v2026-08-11,2026-03-21..2026-08-06,baccarat_bet02_101_all_pairs_incl_sentinel,round_win = game_pnl > 0 (decisive only),COMPATIBILITY_ONLY_NOT_PRODUCTION,42404.8770,37633.9694,483.2517,2200,2196,-0.01139613,0.00825174,-0.01739291,-0.01139613,-483.2517,42404.8770,OK,0.0000,19.3301,4.0000,96.0000,AG03-UNRESOLVED,ALL5_LEVELS_bet23_to_bet27,19.3301,19.3301,19.3301,24.1626,24.1626,4.000000,4.000000,4.000000,5.000000,5.000000,96.000000,96.000000,96.000000,95.000000,95.000000,5.0,106.3154,97.3877,376.9363,385.864,PENDING_AG03,FALSE,NOT_FOR_ENFORCEMENT,463.9216,36128.6106,483.2517,463.9216,19.3301,0.01139613,0.01094029,19.3301,463.9216,0.01094029,19.3301,19.3301,19.3301,24.1626,24.1626,463.9216,0.01094029,106.3154,97.3877,376.9363,385.864,0.00888898,0.00909952,0.00045585,19.2749,17.1375,0.2201,5.7530,0.6409,504.8200,26.1429,7.1751,39.7174,2.9515,6.1317,20.2037,44.018,88.0359,220.0898,5.1098,0.0,14.357485,35.893712,3.143486,29,158,125,3,0.23384124,0.01139613,-0.00825174,0E-8,0.000000,0.887492,0.846818,0.02564465,2026-03-24,2026-08-06,84,754,547,136,0.617647,0.180654,0.372251,0.779471,,,,,,,,GLOBAL_BASELINE_NO_ENTITY_RANKING,,,NOT_APPLICABLE_GLOBAL_BASELINE,HF9g-P5,,,,X 全窗基线 · 不参与实体赏罚,8397851,840,A168_HF9F_20260827_0900,2026-08-27 09:00:00
2026-06-01,129740297,2261,0,1.2462871030,-0.4154290344,-0.4154290344,0.5000000,2,2,0.49324550000000000,0.493245500000,0.01910635448239258,0.01910635448239258,0.01910635448239258,0E-17,ELIGIBLE,R03b_20260811_FULL_v1,L1_ELIGIBILITY,v2026-08-11,2026-03-21..2026-08-06,baccarat_bet02_101_all_pairs_incl_sentinel,round_win = game_pnl > 0 (decisive only),COMPATIBILITY_ONLY_NOT_PRODUCTION,42404.8770,37633.9694,483.2517,2200,2196,-0.01139613,0.00825174,-0.01739291,-0.01139613,-483.2517,42404.8770,OK,0.0000,19.3301,4.0000,96.0000,AG03-UNRESOLVED,ALL5_LEVELS_bet23_to_bet27,19.3301,19.3301,19.3301,24.1626,24.1626,4.000000,4.000000,4.000000,5.000000,5.000000,96.000000,96.000000,96.000000,95.000000,95.000000,5.0,106.3154,97.3877,376.9363,385.864,PENDING_AG03,FALSE,NOT_FOR_ENFORCEMENT,463.9216,36128.6106,483.2517,463.9216,19.3301,0.01139613,0.01094029,19.3301,463.9216,0.01094029,19.3301,19.3301,19.3301,24.1626,24.1626,463.9216,0.01094029,106.3154,97.3877,376.9363,385.864,0.00888898,0.00909952,0.00045585,19.2749,17.1375,0.2201,5.7530,0.6409,504.8200,26.1429,7.1751,39.7174,2.9515,6.1317,20.2037,44.018,88.0359,220.0898,5.1098,0.0,14.357485,35.893712,3.143486,29,158,125,3,0.23384124,0.01139613,-0.00825174,0E-8,0.000000,0.887492,0.846818,0.02564465,2026-03-24,2026-08-06,84,754,547,136,0.617647,0.180654,0.372251,0.779471,,,,,,,,GLOBAL_BASELINE_NO_ENTITY_RANKING,,,NOT_APPLICABLE_GLOBAL_BASELINE,HF9g-P5,,,,X 全窗基线 · 不参与实体赏罚,8397852,840,A168_HF9F_20260827_0900,2026-08-27 09:00:00
2026-06-01,129740297,595,0,6.2314355150,-1.2462871030,-1.2462871030,0.5000000,4,4,0.49324550000000000,0.493245500000,0.01910635448239258,0.01910635448239258,0.01910635448239258,0E-17,ELIGIBLE,R03b_20260811_FULL_v1,L1_ELIGIBILITY,v2026-08-11,2026-03-21..2026-08-06,baccarat_bet02_101_all_pairs_incl_sentinel,round_win = game_pnl > 0 (decisive only),COMPATIBILITY_ONLY_NOT_PRODUCTION,42404.8770,37633.9694,483.2517,2200,2196,-0.01139613,0.00825174,-0.01739291,-0.01139613,-483.2517,42404.8770,OK,0.0000,19.3301,4.0000,96.0000,AG03-UNRESOLVED,ALL5_LEVELS_bet23_to_bet27,19.3301,19.3301,19.3301,24.1626,24.1626,4.000000,4.000000,4.000000,5.000000,5.000000,96.000000,96.000000,96.000000,95.000000,95.000000,5.0,106.3154,97.3877,376.9363,385.864,PENDING_AG03,FALSE,NOT_FOR_ENFORCEMENT,463.9216,36128.6106,483.2517,463.9216,19.3301,0.01139613,0.01094029,19.3301,463.9216,0.01094029,19.3301,19.3301,19.3301,24.1626,24.1626,463.9216,0.01094029,106.3154,97.3877,376.9363,385.864,0.00888898,0.00909952,0.00045585,19.2749,17.1375,0.2201,5.7530,0.6409,504.8200,26.1429,7.1751,39.7174,2.9515,6.1317,20.2037,44.018,88.0359,220.0898,5.1098,0.0,14.357485,35.893712,3.143486,29,158,125,3,0.23384124,0.01139613,-0.00825174,0E-8,0.000000,0.887492,0.846818,0.02564465,2026-03-24,2026-08-06,84,754,547,136,0.617647,0.180654,0.372251,0.779471,,,,,,,,GLOBAL_BASELINE_NO_ENTITY_RANKING,,,NOT_APPLICABLE_GLOBAL_BASELINE,HF9g-P5,,,,X 全窗基线 · 不参与实体赏罚,8397853,840,A168_HF9F_20260827_0900,2026-08-27 09:00:00
2026-06-01,129740297,752,0,41.5429034336,-10.3857258584,-10.3857258584,0.3333333,4,4,0.50665070000000000,0.506650700000,-0.6004420894325239,-0.6004420894325239,-0.6004420894325239,0E-17,ELIGIBLE,R03b_20260811_FULL_v1,L1_ELIGIBILITY,v2026-08-11,2026-03-21..2026-08-06,baccarat_bet02_101_all_pairs_incl_sentinel,round_win = game_pnl > 0 (decisive only),COMPATIBILITY_ONLY_NOT_PRODUCTION,42404.8770,37633.9694,483.2517,2200,2196,-0.01139613,0.00825174,-0.01739291,-0.01139613,-483.2517,42404.8770,OK,0.0000,19.3301,4.0000,96.0000,AG03-UNRESOLVED,ALL5_LEVELS_bet23_to_bet27,19.3301,19.3301,19.3301,24.1626,24.1626,4.000000,4.000000,4.000000,5.000000,5.000000,96.000000,96.000000,96.000000,95.000000,95.000000,5.0,106.3154,97.3877,376.9363,385.864,PENDING_AG03,FALSE,NOT_FOR_ENFORCEMENT,463.9216,36128.6106,483.2517,463.9216,19.3301,0.01139613,0.01094029,19.3301,463.9216,0.01094029,19.3301,19.3301,19.3301,24.1626,24.1626,463.9216,0.01094029,106.3154,97.3877,376.9363,385.864,0.00888898,0.00909952,0.00045585,19.2749,17.1375,0.2201,5.7530,0.6409,504.8200,26.1429,7.1751,39.7174,2.9515,6.1317,20.2037,44.018,88.0359,220.0898,5.1098,0.0,14.357485,35.893712,3.143486,29,158,125,3,0.23384124,0.01139613,-0.00825174,0E-8,0.000000,0.887492,0.846818,0.02564465,2026-03-24,2026-08-06,84,754,547,136,0.617647,0.180654,0.372251,0.779471,,,,,,,,GLOBAL_BASELINE_NO_ENTITY_RANKING,,,NOT_APPLICABLE_GLOBAL_BASELINE,HF9g-P5,,,,X 全窗基线 · 不参与实体赏罚,8397854,840,A168_HF9F_20260827_0900,2026-08-27 09:00:00
2026-06-05,129740297,-1,1,63.3529277362,-22.8485968885,-22.8485968885,0.2500000,4,4,0.50665070000000000,0.506650700000,-1.0266936290537745,-1.0266936290537745,-1.0266936290537745,0E-17,SENTINEL_DEALER,R03b_20260811_FULL_v1,L1_ELIGIBILITY,v2026-08-11,2026-03-21..2026-08-06,baccarat_bet02_101_all_pairs_incl_sentinel,round_win = game_pnl > 0 (decisive only),COMPATIBILITY_ONLY_NOT_PRODUCTION,42404.8770,37633.9694,483.2517,2200,2196,-0.01139613,0.00825174,-0.01739291,-0.01139613,-483.2517,42404.8770,OK,0.0000,19.3301,4.0000,96.0000,AG03-UNRESOLVED,ALL5_LEVELS_bet23_to_bet27,19.3301,19.3301,19.3301,24.1626,24.1626,4.000000,4.000000,4.000000,5.000000,5.000000,96.000000,96.000000,96.000000,95.000000,95.000000,5.0,106.3154,97.3877,376.9363,385.864,PENDING_AG03,FALSE,NOT_FOR_ENFORCEMENT,463.9216,36128.6106,483.2517,463.9216,19.3301,0.01139613,0.01094029,19.3301,463.9216,0.01094029,19.3301,19.3301,19.3301,24.1626,24.1626,463.9216,0.01094029,106.3154,97.3877,376.9363,385.864,0.00888898,0.00909952,0.00045585,19.2749,17.1375,0.2201,5.7530,0.6409,504.8200,26.1429,7.1751,39.7174,2.9515,6.1317,20.2037,44.018,88.0359,220.0898,5.1098,0.0,14.357485,35.893712,3.143486,29,158,125,3,0.23384124,0.01139613,-0.00825174,0E-8,0.000000,0.887492,0.846818,0.02564465,2026-03-24,2026-08-06,84,754,547,136,0.617647,0.180654,0.372251,0.779471,,,,,,,,GLOBAL_BASELINE_NO_ENTITY_RANKING,,,NOT_APPLICABLE_GLOBAL_BASELINE,HF9g-P5,,,,X 全窗基线 · 不参与实体赏罚,8397855,840,A168_HF9F_20260827_0900,2026-08-27 09:00:00
2026-06-06,129740297,1017,0,1.0385725858,-1.0385725858,-1.0385725858,0E-7,1,1,0.50665070000000000,0.506650700000,-1.013391052207602,-1.013391052207602,-1.013391052207602,0E-17,ELIGIBLE,R03b_20260811_FULL_v1,L1_ELIGIBILITY,v2026-08-11,2026-03-21..2026-08-06,baccarat_bet02_101_all_pairs_incl_sentinel,round_win = game_pnl > 0 (decisive only),COMPATIBILITY_ONLY_NOT_PRODUCTION,42404.8770,37633.9694,483.2517,2200,2196,-0.01139613,0.00825174,-0.01739291,-0.01139613,-483.2517,42404.8770,OK,0.0000,19.3301,4.0000,96.0000,AG03-UNRESOLVED,ALL5_LEVELS_bet23_to_bet27,19.3301,19.3301,19.3301,24.1626,24.1626,4.000000,4.000000,4.000000,5.000000,5.000000,96.000000,96.000000,96.000000,95.000000,95.000000,5.0,106.3154,97.3877,376.9363,385.864,PENDING_AG03,FALSE,NOT_FOR_ENFORCEMENT,463.9216,36128.6106,483.2517,463.9216,19.3301,0.01139613,0.01094029,19.3301,463.9216,0.01094029,19.3301,19.3301,19.3301,24.1626,24.1626,463.9216,0.01094029,106.3154,97.3877,376.9363,385.864,0.00888898,0.00909952,0.00045585,19.2749,17.1375,0.2201,5.7530,0.6409,504.8200,26.1429,7.1751,39.7174,2.9515,6.1317,20.2037,44.018,88.0359,220.0898,5.1098,0.0,14.357485,35.893712,3.143486,29,158,125,3,0.23384124,0.01139613,-0.00825174,0E-8,0.000000,0.887492,0.846818,0.02564465,2026-03-24,2026-08-06,84,754,547,136,0.617647,0.180654,0.372251,0.779471,,,,,,,,GLOBAL_BASELINE_NO_ENTITY_RANKING,,,NOT_APPLICABLE_GLOBAL_BASELINE,HF9g-P5,,,,X 全窗基线 · 不参与实体赏罚,8397856,840,A168_HF9F_20260827_0900,2026-08-27 09:00:00
2026-06-06,129740297,1221,0,4.1542903433,1.1424298444,1.1424298444,0.7500000,4,4,0.50665070000000000,0.506650700000,0.9734833216690844,0.9734833216690844,0.9734833216690844,0E-17,ELIGIBLE,R03b_20260811_FULL_v1,L1_ELIGIBILITY,v2026-08-11,2026-03-21..2026-08-06,baccarat_bet02_101_all_pairs_incl_sentinel,round_win = game_pnl > 0 (decisive only),COMPATIBILITY_ONLY_NOT_PRODUCTION,42404.8770,37633.9694,483.2517,2200,2196,-0.01139613,0.00825174,-0.01739291,-0.01139613,-483.2517,42404.8770,OK,0.0000,19.3301,4.0000,96.0000,AG03-UNRESOLVED,ALL5_LEVELS_bet23_to_bet27,19.3301,19.3301,19.3301,24.1626,24.1626,4.000000,4.000000,4.000000,5.000000,5.000000,96.000000,96.000000,96.000000,95.000000,95.000000,5.0,106.3154,97.3877,376.9363,385.864,PENDING_AG03,FALSE,NOT_FOR_ENFORCEMENT,463.9216,36128.6106,483.2517,463.9216,19.3301,0.01139613,0.01094029,19.3301,463.9216,0.01094029,19.3301,19.3301,19.3301,24.1626,24.1626,463.9216,0.01094029,106.3154,97.3877,376.9363,385.864,0.00888898,0.00909952,0.00045585,19.2749,17.1375,0.2201,5.7530,0.6409,504.8200,26.1429,7.1751,39.7174,2.9515,6.1317,20.2037,44.018,88.0359,220.0898,5.1098,0.0,14.357485,35.893712,3.143486,29,158,125,3,0.23384124,0.01139613,-0.00825174,0E-8,0.000000,0.887492,0.846818,0.02564465,2026-03-24,2026-08-06,84,754,547,136,0.617647,0.180654,0.372251,0.779471,,,,,,,,GLOBAL_BASELINE_NO_ENTITY_RANKING,,,NOT_APPLICABLE_GLOBAL_BASELINE,HF9g-P5,,,,X 全窗基线 · 不参与实体赏罚,8397857,840,A168_HF9F_20260827_0900,2026-08-27 09:00:00
2026-06-06,129740297,583,0,1.0385725858,-1.0385725858,-1.0385725858,0E-7,1,1,0.50665070000000000,0.506650700000,-1.013391052207602,-1.013391052207602,-1.013391052207602,0E-17,ELIGIBLE,R03b_20260811_FULL_v1,L1_ELIGIBILITY,v2026-08-11,2026-03-21..2026-08-06,baccarat_bet02_101_all_pairs_incl_sentinel,round_win = game_pnl > 0 (decisive only),COMPATIBILITY_ONLY_NOT_PRODUCTION,42404.8770,37633.9694,483.2517,2200,2196,-0.01139613,0.00825174,-0.01739291,-0.01139613,-483.2517,42404.8770,OK,0.0000,19.3301,4.0000,96.0000,AG03-UNRESOLVED,ALL5_LEVELS_bet23_to_bet27,19.3301,19.3301,19.3301,24.1626,24.1626,4.000000,4.000000,4.000000,5.000000,5.000000,96.000000,96.000000,96.000000,95.000000,95.000000,5.0,106.3154,97.3877,376.9363,385.864,PENDING_AG03,FALSE,NOT_FOR_ENFORCEMENT,463.9216,36128.6106,483.2517,463.9216,19.3301,0.01139613,0.01094029,19.3301,463.9216,0.01094029,19.3301,19.3301,19.3301,24.1626,24.1626,463.9216,0.01094029,106.3154,97.3877,376.9363,385.864,0.00888898,0.00909952,0.00045585,19.2749,17.1375,0.2201,5.7530,0.6409,504.8200,26.1429,7.1751,39.7174,2.9515,6.1317,20.2037,44.018,88.0359,220.0898,5.1098,0.0,14.357485,35.893712,3.143486,29,158,125,3,0.23384124,0.01139613,-0.00825174,0E-8,0.000000,0.887492,0.846818,0.02564465,2026-03-24,2026-08-06,84,754,547,136,0.617647,0.180654,0.372251,0.779471,,,,,,,,GLOBAL_BASELINE_NO_ENTITY_RANKING,,,NOT_APPLICABLE_GLOBAL_BASELINE,HF9g-P5,,,,X 全窗基线 · 不参与实体赏罚,8397858,840,A168_HF9F_20260827_0900,2026-08-27 09:00:00
2026-06-07,129740297,1485,0,0.6231435515,-0.6231435515,-0.6231435515,0E-7,1,1,0.50665070000000000,0.506650700000,-1.013391052207602,-1.013391052207602,-1.013391052207602,0E-17,ELIGIBLE,R03b_20260811_FULL_v1,L1_ELIGIBILITY,v2026-08-11,2026-03-21..2026-08-06,baccarat_bet02_101_all_pairs_incl_sentinel,round_win = game_pnl > 0 (decisive only),COMPATIBILITY_ONLY_NOT_PRODUCTION,42404.8770,37633.9694,483.2517,2200,2196,-0.01139613,0.00825174,-0.01739291,-0.01139613,-483.2517,42404.8770,OK,0.0000,19.3301,4.0000,96.0000,AG03-UNRESOLVED,ALL5_LEVELS_bet23_to_bet27,19.3301,19.3301,19.3301,24.1626,24.1626,4.000000,4.000000,4.000000,5.000000,5.000000,96.000000,96.000000,96.000000,95.000000,95.000000,5.0,106.3154,97.3877,376.9363,385.864,PENDING_AG03,FALSE,NOT_FOR_ENFORCEMENT,463.9216,36128.6106,483.2517,463.9216,19.3301,0.01139613,0.01094029,19.3301,463.9216,0.01094029,19.3301,19.3301,19.3301,24.1626,24.1626,463.9216,0.01094029,106.3154,97.3877,376.9363,385.864,0.00888898,0.00909952,0.00045585,19.2749,17.1375,0.2201,5.7530,0.6409,504.8200,26.1429,7.1751,39.7174,2.9515,6.1317,20.2037,44.018,88.0359,220.0898,5.1098,0.0,14.357485,35.893712,3.143486,29,158,125,3,0.23384124,0.01139613,-0.00825174,0E-8,0.000000,0.887492,0.846818,0.02564465,2026-03-24,2026-08-06,84,754,547,136,0.617647,0.180654,0.372251,0.779471,,,,,,,,GLOBAL_BASELINE_NO_ENTITY_RANKING,,,NOT_APPLICABLE_GLOBAL_BASELINE,HF9g-P5,,,,X 全窗基线 · 不参与实体赏罚,8397859,840,A168_HF9F_20260827_0900,2026-08-27 09:00:00
2026-06-09,129740297,1704,0,0.4154290344,-0.2077145172,-0.2077145172,0E-7,2,2,0.50665070000000000,0.506650700000,-1.013391052207602,-1.013391052207602,-1.013391052207602,0E-17,ELIGIBLE,R03b_20260811_FULL_v1,L1_ELIGIBILITY,v2026-08-11,2026-03-21..2026-08-06,baccarat_bet02_101_all_pairs_incl_sentinel,round_win = game_pnl > 0 (decisive only),COMPATIBILITY_ONLY_NOT_PRODUCTION,42404.8770,37633.9694,483.2517,2200,2196,-0.01139613,0.00825174,-0.01739291,-0.01139613,-483.2517,42404.8770,OK,0.0000,19.3301,4.0000,96.0000,AG03-UNRESOLVED,ALL5_LEVELS_bet23_to_bet27,19.3301,19.3301,19.3301,24.1626,24.1626,4.000000,4.000000,4.000000,5.000000,5.000000,96.000000,96.000000,96.000000,95.000000,95.000000,5.0,106.3154,97.3877,376.9363,385.864,PENDING_AG03,FALSE,NOT_FOR_ENFORCEMENT,463.9216,36128.6106,483.2517,463.9216,19.3301,0.01139613,0.01094029,19.3301,463.9216,0.01094029,19.3301,19.3301,19.3301,24.1626,24.1626,463.9216,0.01094029,106.3154,97.3877,376.9363,385.864,0.00888898,0.00909952,0.00045585,19.2749,17.1375,0.2201,5.7530,0.6409,504.8200,26.1429,7.1751,39.7174,2.9515,6.1317,20.2037,44.018,88.0359,220.0898,5.1098,0.0,14.357485,35.893712,3.143486,29,158,125,3,0.23384124,0.01139613,-0.00825174,0E-8,0.000000,0.887492,0.846818,0.02564465,2026-03-24,2026-08-06,84,754,547,136,0.617647,0.180654,0.372251,0.779471,,,,,,,,GLOBAL_BASELINE_NO_ENTITY_RANKING,,,NOT_APPLICABLE_GLOBAL_BASELINE,HF9g-P5,,,,X 全窗基线 · 不参与实体赏罚,8397860,840,A168_HF9F_20260827_0900,2026-08-27 09:00:00
2026-06-10,129740297,2196,0,1.2462871030,-1.2462871030,-1.2462871030,0E-7,1,1,0.49324550000000000,0.493245500000,-0.9865810262130424,-0.9865810262130424,-0.9865810262130424,0E-17,ELIGIBLE,R03b_20260811_FULL_v1,L1_ELIGIBILITY,v2026-08-11,2026-03-21..2026-08-06,baccarat_bet02_101_all_pairs_incl_sentinel,round_win = game_pnl > 0 (decisive only),COMPATIBILITY_ONLY_NOT_PRODUCTION,42404.8770,37633.9694,483.2517,2200,2196,-0.01139613,0.00825174,-0.01739291,-0.01139613,-483.2517,42404.8770,OK,0.0000,19.3301,4.0000,96.0000,AG03-UNRESOLVED,ALL5_LEVELS_bet23_to_bet27,19.3301,19.3301,19.3301,24.1626,24.1626,4.000000,4.000000,4.000000,5.000000,5.000000,96.000000,96.000000,96.000000,95.000000,95.000000,5.0,106.3154,97.3877,376.9363,385.864,PENDING_AG03,FALSE,NOT_FOR_ENFORCEMENT,463.9216,36128.6106,483.2517,463.9216,19.3301,0.01139613,0.01094029,19.3301,463.9216,0.01094029,19.3301,19.3301,19.3301,24.1626,24.1626,463.9216,0.01094029,106.3154,97.3877,376.9363,385.864,0.00888898,0.00909952,0.00045585,19.2749,17.1375,0.2201,5.7530,0.6409,504.8200,26.1429,7.1751,39.7174,2.9515,6.1317,20.2037,44.018,88.0359,220.0898,5.1098,0.0,14.357485,35.893712,3.143486,29,158,125,3,0.23384124,0.01139613,-0.00825174,0E-8,0.000000,0.887492,0.846818,0.02564465,2026-03-24,2026-08-06,84,754,547,136,0.617647,0.180654,0.372251,0.779471,,,,,,,,GLOBAL_BASELINE_NO_ENTITY_RANKING,,,NOT_APPLICABLE_GLOBAL_BASELINE,HF9g-P5,,,,X 全窗基线 · 不参与实体赏罚,8397861,840,A168_HF9F_20260827_0900,2026-08-27 09:00:00
2026-06-10,129740297,2229,0,2.9080032403,-2.9080032403,-2.9080032403,0E-7,1,1,0.50665070000000000,0.506650700000,-1.013391052207602,-1.013391052207602,-1.013391052207602,0E-17,ELIGIBLE,R03b_20260811_FULL_v1,L1_ELIGIBILITY,v2026-08-11,2026-03-21..2026-08-06,baccarat_bet02_101_all_pairs_incl_sentinel,round_win = game_pnl > 0 (decisive only),COMPATIBILITY_ONLY_NOT_PRODUCTION,42404.8770,37633.9694,483.2517,2200,2196,-0.01139613,0.00825174,-0.01739291,-0.01139613,-483.2517,42404.8770,OK,0.0000,19.3301,4.0000,96.0000,AG03-UNRESOLVED,ALL5_LEVELS_bet23_to_bet27,19.3301,19.3301,19.3301,24.1626,24.1626,4.000000,4.000000,4.000000,5.000000,5.000000,96.000000,96.000000,96.000000,95.000000,95.000000,5.0,106.3154,97.3877,376.9363,385.864,PENDING_AG03,FALSE,NOT_FOR_ENFORCEMENT,463.9216,36128.6106,483.2517,463.9216,19.3301,0.01139613,0.01094029,19.3301,463.9216,0.01094029,19.3301,19.3301,19.3301,24.1626,24.1626,463.9216,0.01094029,106.3154,97.3877,376.9363,385.864,0.00888898,0.00909952,0.00045585,19.2749,17.1375,0.2201,5.7530,0.6409,504.8200,26.1429,7.1751,39.7174,2.9515,6.1317,20.2037,44.018,88.0359,220.0898,5.1098,0.0,14.357485,35.893712,3.143486,29,158,125,3,0.23384124,0.01139613,-0.00825174,0E-8,0.000000,0.887492,0.846818,0.02564465,2026-03-24,2026-08-06,84,754,547,136,0.617647,0.180654,0.372251,0.779471,,,,,,,,GLOBAL_BASELINE_NO_ENTITY_RANKING,,,NOT_APPLICABLE_GLOBAL_BASELINE,HF9g-P5,,,,X 全窗基线 · 不参与实体赏罚,8397862,840,A168_HF9F_20260827_0900,2026-08-27 09:00:00
2026-06-10,129740297,2251,0,1.4540016202,1.4540016202,1.4540016202,1.0000000,1,1,0.49324550000000000,0.493245500000,1.01360149184955,1.01360149184955,1.01360149184955,0E-17,ELIGIBLE,R03b_20260811_FULL_v1,L1_ELIGIBILITY,v2026-08-11,2026-03-21..2026-08-06,baccarat_bet02_101_all_pairs_incl_sentinel,round_win = game_pnl > 0 (decisive only),COMPATIBILITY_ONLY_NOT_PRODUCTION,42404.8770,37633.9694,483.2517,2200,2196,-0.01139613,0.00825174,-0.01739291,-0.01139613,-483.2517,42404.8770,OK,0.0000,19.3301,4.0000,96.0000,AG03-UNRESOLVED,ALL5_LEVELS_bet23_to_bet27,19.3301,19.3301,19.3301,24.1626,24.1626,4.000000,4.000000,4.000000,5.000000,5.000000,96.000000,96.000000,96.000000,95.000000,95.000000,5.0,106.3154,97.3877,376.9363,385.864,PENDING_AG03,FALSE,NOT_FOR_ENFORCEMENT,463.9216,36128.6106,483.2517,463.9216,19.3301,0.01139613,0.01094029,19.3301,463.9216,0.01094029,19.3301,19.3301,19.3301,24.1626,24.1626,463.9216,0.01094029,106.3154,97.3877,376.9363,385.864,0.00888898,0.00909952,0.00045585,19.2749,17.1375,0.2201,5.7530,0.6409,504.8200,26.1429,7.1751,39.7174,2.9515,6.1317,20.2037,44.018,88.0359,220.0898,5.1098,0.0,14.357485,35.893712,3.143486,29,158,125,3,0.23384124,0.01139613,-0.00825174,0E-8,0.000000,0.887492,0.846818,0.02564465,2026-03-24,2026-08-06,84,754,547,136,0.617647,0.180654,0.372251,0.779471,,,,,,,,GLOBAL_BASELINE_NO_ENTITY_RANKING,,,NOT_APPLICABLE_GLOBAL_BASELINE,HF9g-P5,,,,X 全窗基线 · 不参与实体赏罚,8397863,840,A168_HF9F_20260827_0900,2026-08-27 09:00:00
2026-06-11,129740297,471,0,6.2314355151,-4.1542903434,-4.1542903434,0E-7,2,2,0.50665070000000000,0.506650700000,-1.013391052207602,-1.013391052207602,-1.013391052207602,0E-17,ELIGIBLE,R03b_20260811_FULL_v1,L1_ELIGIBILITY,v2026-08-11,2026-03-21..2026-08-06,baccarat_bet02_101_all_pairs_incl_sentinel,round_win = game_pnl > 0 (decisive only),COMPATIBILITY_ONLY_NOT_PRODUCTION,42404.8770,37633.9694,483.2517,2200,2196,-0.01139613,0.00825174,-0.01739291,-0.01139613,-483.2517,42404.8770,OK,0.0000,19.3301,4.0000,96.0000,AG03-UNRESOLVED,ALL5_LEVELS_bet23_to_bet27,19.3301,19.3301,19.3301,24.1626,24.1626,4.000000,4.000000,4.000000,5.000000,5.000000,96.000000,96.000000,96.000000,95.000000,95.000000,5.0,106.3154,97.3877,376.9363,385.864,PENDING_AG03,FALSE,NOT_FOR_ENFORCEMENT,463.9216,36128.6106,483.2517,463.9216,19.3301,0.01139613,0.01094029,19.3301,463.9216,0.01094029,19.3301,19.3301,19.3301,24.1626,24.1626,463.9216,0.01094029,106.3154,97.3877,376.9363,385.864,0.00888898,0.00909952,0.00045585,19.2749,17.1375,0.2201,5.7530,0.6409,504.8200,26.1429,7.1751,39.7174,2.9515,6.1317,20.2037,44.018,88.0359,220.0898,5.1098,0.0,14.357485,35.893712,3.143486,29,158,125,3,0.23384124,0.01139613,-0.00825174,0E-8,0.000000,0.887492,0.846818,0.02564465,2026-03-24,2026-08-06,84,754,547,136,0.617647,0.180654,0.372251,0.779471,,,,,,,,GLOBAL_BASELINE_NO_ENTITY_RANKING,,,NOT_APPLICABLE_GLOBAL_BASELINE,HF9g-P5,,,,X 全窗基线 · 不参与实体赏罚,8397864,840,A168_HF9F_20260827_0900,2026-08-27 09:00:00
2026-06-12,129740297,1396,0,4.3620048605,-1.4540016201,-1.4540016201,0.5000000,2,2,0.49324550000000000,0.493245500000,0.01910635448239258,0.01910635448239258,0.01910635448239258,0E-17,ELIGIBLE,R03b_20260811_FULL_v1,L1_ELIGIBILITY,v2026-08-11,2026-03-21..2026-08-06,baccarat_bet02_101_all_pairs_incl_sentinel,round_win = game_pnl > 0 (decisive only),COMPATIBILITY_ONLY_NOT_PRODUCTION,42404.8770,37633.9694,483.2517,2200,2196,-0.01139613,0.00825174,-0.01739291,-0.01139613,-483.2517,42404.8770,OK,0.0000,19.3301,4.0000,96.0000,AG03-UNRESOLVED,ALL5_LEVELS_bet23_to_bet27,19.3301,19.3301,19.3301,24.1626,24.1626,4.000000,4.000000,4.000000,5.000000,5.000000,96.000000,96.000000,96.000000,95.000000,95.000000,5.0,106.3154,97.3877,376.9363,385.864,PENDING_AG03,FALSE,NOT_FOR_ENFORCEMENT,463.9216,36128.6106,483.2517,463.9216,19.3301,0.01139613,0.01094029,19.3301,463.9216,0.01094029,19.3301,19.3301,19.3301,24.1626,24.1626,463.9216,0.01094029,106.3154,97.3877,376.9363,385.864,0.00888898,0.00909952,0.00045585,19.2749,17.1375,0.2201,5.7530,0.6409,504.8200,26.1429,7.1751,39.7174,2.9515,6.1317,20.2037,44.018,88.0359,220.0898,5.1098,0.0,14.357485,35.893712,3.143486,29,158,125,3,0.23384124,0.01139613,-0.00825174,0E-8,0.000000,0.887492,0.846818,0.02564465,2026-03-24,2026-08-06,84,754,547,136,0.617647,0.180654,0.372251,0.779471,,,,,,,,GLOBAL_BASELINE_NO_ENTITY_RANKING,,,NOT_APPLICABLE_GLOBAL_BASELINE,HF9g-P5,,,,X 全窗基线 · 不参与实体赏罚,8397865,840,A168_HF9F_20260827_0900,2026-08-27 09:00:00
2026-06-12,129740297,2170,0,1.0385725858,-1.0385725858,-1.0385725858,0E-7,1,1,0.49324550000000000,0.493245500000,-0.9865810262130424,-0.9865810262130424,-0.9865810262130424,0E-17,ELIGIBLE,R03b_20260811_FULL_v1,L1_ELIGIBILITY,v2026-08-11,2026-03-21..2026-08-06,baccarat_bet02_101_all_pairs_incl_sentinel,round_win = game_pnl > 0 (decisive only),COMPATIBILITY_ONLY_NOT_PRODUCTION,42404.8770,37633.9694,483.2517,2200,2196,-0.01139613,0.00825174,-0.01739291,-0.01139613,-483.2517,42404.8770,OK,0.0000,19.3301,4.0000,96.0000,AG03-UNRESOLVED,ALL5_LEVELS_bet23_to_bet27,19.3301,19.3301,19.3301,24.1626,24.1626,4.000000,4.000000,4.000000,5.000000,5.000000,96.000000,96.000000,96.000000,95.000000,95.000000,5.0,106.3154,97.3877,376.9363,385.864,PENDING_AG03,FALSE,NOT_FOR_ENFORCEMENT,463.9216,36128.6106,483.2517,463.9216,19.3301,0.01139613,0.01094029,19.3301,463.9216,0.01094029,19.3301,19.3301,19.3301,24.1626,24.1626,463.9216,0.01094029,106.3154,97.3877,376.9363,385.864,0.00888898,0.00909952,0.00045585,19.2749,17.1375,0.2201,5.7530,0.6409,504.8200,26.1429,7.1751,39.7174,2.9515,6.1317,20.2037,44.018,88.0359,220.0898,5.1098,0.0,14.357485,35.893712,3.143486,29,158,125,3,0.23384124,0.01139613,-0.00825174,0E-8,0.000000,0.887492,0.846818,0.02564465,2026-03-24,2026-08-06,84,754,547,136,0.617647,0.180654,0.372251,0.779471,,,,,,,,GLOBAL_BASELINE_NO_ENTITY_RANKING,,,NOT_APPLICABLE_GLOBAL_BASELINE,HF9g-P5,,,,X 全窗基线 · 不参与实体赏罚,8397866,840,A168_HF9F_20260827_0900,2026-08-27 09:00:00
2026-06-13,129740297,2142,0,1.6617161373,-1.6617161373,-1.6617161373,0E-7,1,1,0.49324550000000000,0.493245500000,-0.9865810262130424,-0.9865810262130424,-0.9865810262130424,0E-17,ELIGIBLE,R03b_20260811_FULL_v1,L1_ELIGIBILITY,v2026-08-11,2026-03-21..2026-08-06,baccarat_bet02_101_all_pairs_incl_sentinel,round_win = game_pnl > 0 (decisive only),COMPATIBILITY_ONLY_NOT_PRODUCTION,42404.8770,37633.9694,483.2517,2200,2196,-0.01139613,0.00825174,-0.01739291,-0.01139613,-483.2517,42404.8770,OK,0.0000,19.3301,4.0000,96.0000,AG03-UNRESOLVED,ALL5_LEVELS_bet23_to_bet27,19.3301,19.3301,19.3301,24.1626,24.1626,4.000000,4.000000,4.000000,5.000000,5.000000,96.000000,96.000000,96.000000,95.000000,95.000000,5.0,106.3154,97.3877,376.9363,385.864,PENDING_AG03,FALSE,NOT_FOR_ENFORCEMENT,463.9216,36128.6106,483.2517,463.9216,19.3301,0.01139613,0.01094029,19.3301,463.9216,0.01094029,19.3301,19.3301,19.3301,24.1626,24.1626,463.9216,0.01094029,106.3154,97.3877,376.9363,385.864,0.00888898,0.00909952,0.00045585,19.2749,17.1375,0.2201,5.7530,0.6409,504.8200,26.1429,7.1751,39.7174,2.9515,6.1317,20.2037,44.018,88.0359,220.0898,5.1098,0.0,14.357485,35.893712,3.143486,29,158,125,3,0.23384124,0.01139613,-0.00825174,0E-8,0.000000,0.887492,0.846818,0.02564465,2026-03-24,2026-08-06,84,754,547,136,0.617647,0.180654,0.372251,0.779471,,,,,,,,GLOBAL_BASELINE_NO_ENTITY_RANKING,,,NOT_APPLICABLE_GLOBAL_BASELINE,HF9g-P5,,,,X 全窗基线 · 不参与实体赏罚,8397867,840,A168_HF9F_20260827_0900,2026-08-27 09:00:00
2026-06-13,129740297,2266,0,0.8308580687,-0.8308580687,-0.8308580687,0E-7,1,1,0.49324550000000000,0.493245500000,-0.9865810262130424,-0.9865810262130424,-0.9865810262130424,0E-17,ELIGIBLE,R03b_20260811_FULL_v1,L1_ELIGIBILITY,v2026-08-11,2026-03-21..2026-08-06,baccarat_bet02_101_all_pairs_incl_sentinel,round_win = game_pnl > 0 (decisive only),COMPATIBILITY_ONLY_NOT_PRODUCTION,42404.8770,37633.9694,483.2517,2200,2196,-0.01139613,0.00825174,-0.01739291,-0.01139613,-483.2517,42404.8770,OK,0.0000,19.3301,4.0000,96.0000,AG03-UNRESOLVED,ALL5_LEVELS_bet23_to_bet27,19.3301,19.3301,19.3301,24.1626,24.1626,4.000000,4.000000,4.000000,5.000000,5.000000,96.000000,96.000000,96.000000,95.000000,95.000000,5.0,106.3154,97.3877,376.9363,385.864,PENDING_AG03,FALSE,NOT_FOR_ENFORCEMENT,463.9216,36128.6106,483.2517,463.9216,19.3301,0.01139613,0.01094029,19.3301,463.9216,0.01094029,19.3301,19.3301,19.3301,24.1626,24.1626,463.9216,0.01094029,106.3154,97.3877,376.9363,385.864,0.00888898,0.00909952,0.00045585,19.2749,17.1375,0.2201,5.7530,0.6409,504.8200,26.1429,7.1751,39.7174,2.9515,6.1317,20.2037,44.018,88.0359,220.0898,5.1098,0.0,14.357485,35.893712,3.143486,29,158,125,3,0.23384124,0.01139613,-0.00825174,0E-8,0.000000,0.887492,0.846818,0.02564465,2026-03-24,2026-08-06,84,754,547,136,0.617647,0.180654,0.372251,0.779471,,,,,,,,GLOBAL_BASELINE_NO_ENTITY_RANKING,,,NOT_APPLICABLE_GLOBAL_BASELINE,HF9g-P5,,,,X 全窗基线 · 不参与实体赏罚,8397868,840,A168_HF9F_20260827_0900,2026-08-27 09:00:00
2026-06-15,129740297,1331,0,0.2077145172,-0.2077145172,-0.2077145172,0E-7,1,1,0.50665070000000000,0.506650700000,-1.013391052207602,-1.013391052207602,-1.013391052207602,0E-17,ELIGIBLE,R03b_20260811_FULL_v1,L1_ELIGIBILITY,v2026-08-11,2026-03-21..2026-08-06,baccarat_bet02_101_all_pairs_incl_sentinel,round_win = game_pnl > 0 (decisive only),COMPATIBILITY_ONLY_NOT_PRODUCTION,42404.8770,37633.9694,483.2517,2200,2196,-0.01139613,0.00825174,-0.01739291,-0.01139613,-483.2517,42404.8770,OK,0.0000,19.3301,4.0000,96.0000,AG03-UNRESOLVED,ALL5_LEVELS_bet23_to_bet27,19.3301,19.3301,19.3301,24.1626,24.1626,4.000000,4.000000,4.000000,5.000000,5.000000,96.000000,96.000000,96.000000,95.000000,95.000000,5.0,106.3154,97.3877,376.9363,385.864,PENDING_AG03,FALSE,NOT_FOR_ENFORCEMENT,463.9216,36128.6106,483.2517,463.9216,19.3301,0.01139613,0.01094029,19.3301,463.9216,0.01094029,19.3301,19.3301,19.3301,24.1626,24.1626,463.9216,0.01094029,106.3154,97.3877,376.9363,385.864,0.00888898,0.00909952,0.00045585,19.2749,17.1375,0.2201,5.7530,0.6409,504.8200,26.1429,7.1751,39.7174,2.9515,6.1317,20.2037,44.018,88.0359,220.0898,5.1098,0.0,14.357485,35.893712,3.143486,29,158,125,3,0.23384124,0.01139613,-0.00825174,0E-8,0.000000,0.887492,0.846818,0.02564465,2026-03-24,2026-08-06,84,754,547,136,0.617647,0.180654,0.372251,0.779471,,,,,,,,GLOBAL_BASELINE_NO_ENTITY_RANKING,,,NOT_APPLICABLE_GLOBAL_BASELINE,HF9g-P5,,,,X 全窗基线 · 不参与实体赏罚,8397869,840,A168_HF9F_20260827_0900,2026-08-27 09:00:00
2026-06-15,129740297,1401,0,2.0771451717,-2.0771451717,-2.0771451717,0E-7,1,1,0.50665070000000000,0.506650700000,-1.013391052207602,-1.013391052207602,-1.013391052207602,0E-17,ELIGIBLE,R03b_20260811_FULL_v1,L1_ELIGIBILITY,v2026-08-11,2026-03-21..2026-08-06,baccarat_bet02_101_all_pairs_incl_sentinel,round_win = game_pnl > 0 (decisive only),COMPATIBILITY_ONLY_NOT_PRODUCTION,42404.8770,37633.9694,483.2517,2200,2196,-0.01139613,0.00825174,-0.01739291,-0.01139613,-483.2517,42404.8770,OK,0.0000,19.3301,4.0000,96.0000,AG03-UNRESOLVED,ALL5_LEVELS_bet23_to_bet27,19.3301,19.3301,19.3301,24.1626,24.1626,4.000000,4.000000,4.000000,5.000000,5.000000,96.000000,96.000000,96.000000,95.000000,95.000000,5.0,106.3154,97.3877,376.9363,385.864,PENDING_AG03,FALSE,NOT_FOR_ENFORCEMENT,463.9216,36128.6106,483.2517,463.9216,19.3301,0.01139613,0.01094029,19.3301,463.9216,0.01094029,19.3301,19.3301,19.3301,24.1626,24.1626,463.9216,0.01094029,106.3154,97.3877,376.9363,385.864,0.00888898,0.00909952,0.00045585,19.2749,17.1375,0.2201,5.7530,0.6409,504.8200,26.1429,7.1751,39.7174,2.9515,6.1317,20.2037,44.018,88.0359,220.0898,5.1098,0.0,14.357485,35.893712,3.143486,29,158,125,3,0.23384124,0.01139613,-0.00825174,0E-8,0.000000,0.887492,0.846818,0.02564465,2026-03-24,2026-08-06,84,754,547,136,0.617647,0.180654,0.372251,0.779471,,,,,,,,GLOBAL_BASELINE_NO_ENTITY_RANKING,,,NOT_APPLICABLE_GLOBAL_BASELINE,HF9g-P5,,,,X 全窗基线 · 不参与实体赏罚,8397870,840,A168_HF9F_20260827_0900,2026-08-27 09:00:00
2026-06-15,129740297,1505,0,2.2848596889,0.1973287913,0.1973287913,1.0000000,2,2,0.50665070000000000,0.506650700000,0.9867858985152569,0.9867858985152569,0.9867858985152569,0E-17,ELIGIBLE,R03b_20260811_FULL_v1,L1_ELIGIBILITY,v2026-08-11,2026-03-21..2026-08-06,baccarat_bet02_101_all_pairs_incl_sentinel,round_win = game_pnl > 0 (decisive only),COMPATIBILITY_ONLY_NOT_PRODUCTION,42404.8770,37633.9694,483.2517,2200,2196,-0.01139613,0.00825174,-0.01739291,-0.01139613,-483.2517,42404.8770,OK,0.0000,19.3301,4.0000,96.0000,AG03-UNRESOLVED,ALL5_LEVELS_bet23_to_bet27,19.3301,19.3301,19.3301,24.1626,24.1626,4.000000,4.000000,4.000000,5.000000,5.000000,96.000000,96.000000,96.000000,95.000000,95.000000,5.0,106.3154,97.3877,376.9363,385.864,PENDING_AG03,FALSE,NOT_FOR_ENFORCEMENT,463.9216,36128.6106,483.2517,463.9216,19.3301,0.01139613,0.01094029,19.3301,463.9216,0.01094029,19.3301,19.3301,19.3301,24.1626,24.1626,463.9216,0.01094029,106.3154,97.3877,376.9363,385.864,0.00888898,0.00909952,0.00045585,19.2749,17.1375,0.2201,5.7530,0.6409,504.8200,26.1429,7.1751,39.7174,2.9515,6.1317,20.2037,44.018,88.0359,220.0898,5.1098,0.0,14.357485,35.893712,3.143486,29,158,125,3,0.23384124,0.01139613,-0.00825174,0E-8,0.000000,0.887492,0.846818,0.02564465,2026-03-24,2026-08-06,84,754,547,136,0.617647,0.180654,0.372251,0.779471,,,,,,,,GLOBAL_BASELINE_NO_ENTITY_RANKING,,,NOT_APPLICABLE_GLOBAL_BASELINE,HF9g-P5,,,,X 全窗基线 · 不参与实体赏罚,8397871,840,A168_HF9F_20260827_0900,2026-08-27 09:00:00
2026-06-15,129740297,1710,0,0.4154290343,-0.4154290343,-0.4154290343,0E-7,1,1,0.50665070000000000,0.506650700000,-1.013391052207602,-1.013391052207602,-1.013391052207602,0E-17,ELIGIBLE,R03b_20260811_FULL_v1,L1_ELIGIBILITY,v2026-08-11,2026-03-21..2026-08-06,baccarat_bet02_101_all_pairs_incl_sentinel,round_win = game_pnl > 0 (decisive only),COMPATIBILITY_ONLY_NOT_PRODUCTION,42404.8770,37633.9694,483.2517,2200,2196,-0.01139613,0.00825174,-0.01739291,-0.01139613,-483.2517,42404.8770,OK,0.0000,19.3301,4.0000,96.0000,AG03-UNRESOLVED,ALL5_LEVELS_bet23_to_bet27,19.3301,19.3301,19.3301,24.1626,24.1626,4.000000,4.000000,4.000000,5.000000,5.000000,96.000000,96.000000,96.000000,95.000000,95.000000,5.0,106.3154,97.3877,376.9363,385.864,PENDING_AG03,FALSE,NOT_FOR_ENFORCEMENT,463.9216,36128.6106,483.2517,463.9216,19.3301,0.01139613,0.01094029,19.3301,463.9216,0.01094029,19.3301,19.3301,19.3301,24.1626,24.1626,463.9216,0.01094029,106.3154,97.3877,376.9363,385.864,0.00888898,0.00909952,0.00045585,19.2749,17.1375,0.2201,5.7530,0.6409,504.8200,26.1429,7.1751,39.7174,2.9515,6.1317,20.2037,44.018,88.0359,220.0898,5.1098,0.0,14.357485,35.893712,3.143486,29,158,125,3,0.23384124,0.01139613,-0.00825174,0E-8,0.000000,0.887492,0.846818,0.02564465,2026-03-24,2026-08-06,84,754,547,136,0.617647,0.180654,0.372251,0.779471,,,,,,,,GLOBAL_BASELINE_NO_ENTITY_RANKING,,,NOT_APPLICABLE_GLOBAL_BASELINE,HF9g-P5,,,,X 全窗基线 · 不参与实体赏罚,8397872,840,A168_HF9F_20260827_0900,2026-08-27 09:00:00
2026-06-15,129740297,1990,0,0.2077145172,0E-10,0E-10,,1,1,0.49324550000000000,0.493245500000,,,,0E-17,NO_DECISIVE_ROUND,R03b_20260811_FULL_v1,L1_ELIGIBILITY,v2026-08-11,2026-03-21..2026-08-06,baccarat_bet02_101_all_pairs_incl_sentinel,round_win = game_pnl > 0 (decisive only),COMPATIBILITY_ONLY_NOT_PRODUCTION,42404.8770,37633.9694,483.2517,2200,2196,-0.01139613,0.00825174,-0.01739291,-0.01139613,-483.2517,42404.8770,OK,0.0000,19.3301,4.0000,96.0000,AG03-UNRESOLVED,ALL5_LEVELS_bet23_to_bet27,19.3301,19.3301,19.3301,24.1626,24.1626,4.000000,4.000000,4.000000,5.000000,5.000000,96.000000,96.000000,96.000000,95.000000,95.000000,5.0,106.3154,97.3877,376.9363,385.864,PENDING_AG03,FALSE,NOT_FOR_ENFORCEMENT,463.9216,36128.6106,483.2517,463.9216,19.3301,0.01139613,0.01094029,19.3301,463.9216,0.01094029,19.3301,19.3301,19.3301,24.1626,24.1626,463.9216,0.01094029,106.3154,97.3877,376.9363,385.864,0.00888898,0.00909952,0.00045585,19.2749,17.1375,0.2201,5.7530,0.6409,504.8200,26.1429,7.1751,39.7174,2.9515,6.1317,20.2037,44.018,88.0359,220.0898,5.1098,0.0,14.357485,35.893712,3.143486,29,158,125,3,0.23384124,0.01139613,-0.00825174,0E-8,0.000000,0.887492,0.846818,0.02564465,2026-03-24,2026-08-06,84,754,547,136,0.617647,0.180654,0.372251,0.779471,,,,,,,,GLOBAL_BASELINE_NO_ENTITY_RANKING,,,NOT_APPLICABLE_GLOBAL_BASELINE,HF9g-P5,,,,X 全窗基线 · 不参与实体赏罚,8397873,840,A168_HF9F_20260827_0900,2026-08-27 09:00:00
2026-06-16,129740297,1505,0,1.4540016202,-0.2077145172,-0.2077145172,0.6666667,3,3,0.49324550000000000,0.493245500000,0.6008033672792107,0.6008033672792106,0.6008033672792107,0E-17,ELIGIBLE,R03b_20260811_FULL_v1,L1_ELIGIBILITY,v2026-08-11,2026-03-21..2026-08-06,baccarat_bet02_101_all_pairs_incl_sentinel,round_win = game_pnl > 0 (decisive only),COMPATIBILITY_ONLY_NOT_PRODUCTION,42404.8770,37633.9694,483.2517,2200,2196,-0.01139613,0.00825174,-0.01739291,-0.01139613,-483.2517,42404.8770,OK,0.0000,19.3301,4.0000,96.0000,AG03-UNRESOLVED,ALL5_LEVELS_bet23_to_bet27,19.3301,19.3301,19.3301,24.1626,24.1626,4.000000,4.000000,4.000000,5.000000,5.000000,96.000000,96.000000,96.000000,95.000000,95.000000,5.0,106.3154,97.3877,376.9363,385.864,PENDING_AG03,FALSE,NOT_FOR_ENFORCEMENT,463.9216,36128.6106,483.2517,463.9216,19.3301,0.01139613,0.01094029,19.3301,463.9216,0.01094029,19.3301,19.3301,19.3301,24.1626,24.1626,463.9216,0.01094029,106.3154,97.3877,376.9363,385.864,0.00888898,0.00909952,0.00045585,19.2749,17.1375,0.2201,5.7530,0.6409,504.8200,26.1429,7.1751,39.7174,2.9515,6.1317,20.2037,44.018,88.0359,220.0898,5.1098,0.0,14.357485,35.893712,3.143486,29,158,125,3,0.23384124,0.01139613,-0.00825174,0E-8,0.000000,0.887492,0.846818,0.02564465,2026-03-24,2026-08-06,84,754,547,136,0.617647,0.180654,0.372251,0.779471,,,,,,,,GLOBAL_BASELINE_NO_ENTITY_RANKING,,,NOT_APPLICABLE_GLOBAL_BASELINE,HF9g-P5,,,,X 全窗基线 · 不参与实体赏罚,8397874,840,A168_HF9F_20260827_0900,2026-08-27 09:00:00
2026-06-19,129740297,2088,0,4.3620048606,1.3086014582,1.3086014582,0.6666667,3,3,0.50665070000000000,0.506650700000,0.5543606114942035,0.5543606114942035,0.5543606114942035,0E-17,ELIGIBLE,R03b_20260811_FULL_v1,L1_ELIGIBILITY,v2026-08-11,2026-03-21..2026-08-06,baccarat_bet02_101_all_pairs_incl_sentinel,round_win = game_pnl > 0 (decisive only),COMPATIBILITY_ONLY_NOT_PRODUCTION,42404.8770,37633.9694,483.2517,2200,2196,-0.01139613,0.00825174,-0.01739291,-0.01139613,-483.2517,42404.8770,OK,0.0000,19.3301,4.0000,96.0000,AG03-UNRESOLVED,ALL5_LEVELS_bet23_to_bet27,19.3301,19.3301,19.3301,24.1626,24.1626,4.000000,4.000000,4.000000,5.000000,5.000000,96.000000,96.000000,96.000000,95.000000,95.000000,5.0,106.3154,97.3877,376.9363,385.864,PENDING_AG03,FALSE,NOT_FOR_ENFORCEMENT,463.9216,36128.6106,483.2517,463.9216,19.3301,0.01139613,0.01094029,19.3301,463.9216,0.01094029,19.3301,19.3301,19.3301,24.1626,24.1626,463.9216,0.01094029,106.3154,97.3877,376.9363,385.864,0.00888898,0.00909952,0.00045585,19.2749,17.1375,0.2201,5.7530,0.6409,504.8200,26.1429,7.1751,39.7174,2.9515,6.1317,20.2037,44.018,88.0359,220.0898,5.1098,0.0,14.357485,35.893712,3.143486,29,158,125,3,0.23384124,0.01139613,-0.00825174,0E-8,0.000000,0.887492,0.846818,0.02564465,2026-03-24,2026-08-06,84,754,547,136,0.617647,0.180654,0.372251,0.779471,,,,,,,,GLOBAL_BASELINE_NO_ENTITY_RANKING,,,NOT_APPLICABLE_GLOBAL_BASELINE,HF9g-P5,,,,X 全窗基线 · 不参与实体赏罚,8397875,840,A168_HF9F_20260827_0900,2026-08-27 09:00:00
2026-06-19,129740297,2123,0,2.7002887232,-2.7002887232,-2.7002887232,0E-7,1,1,0.50665070000000000,0.506650700000,-1.013391052207602,-1.013391052207602,-1.013391052207602,0E-17,ELIGIBLE,R03b_20260811_FULL_v1,L1_ELIGIBILITY,v2026-08-11,2026-03-21..2026-08-06,baccarat_bet02_101_all_pairs_incl_sentinel,round_win = game_pnl > 0 (decisive only),COMPATIBILITY_ONLY_NOT_PRODUCTION,42404.8770,37633.9694,483.2517,2200,2196,-0.01139613,0.00825174,-0.01739291,-0.01139613,-483.2517,42404.8770,OK,0.0000,19.3301,4.0000,96.0000,AG03-UNRESOLVED,ALL5_LEVELS_bet23_to_bet27,19.3301,19.3301,19.3301,24.1626,24.1626,4.000000,4.000000,4.000000,5.000000,5.000000,96.000000,96.000000,96.000000,95.000000,95.000000,5.0,106.3154,97.3877,376.9363,385.864,PENDING_AG03,FALSE,NOT_FOR_ENFORCEMENT,463.9216,36128.6106,483.2517,463.9216,19.3301,0.01139613,0.01094029,19.3301,463.9216,0.01094029,19.3301,19.3301,19.3301,24.1626,24.1626,463.9216,0.01094029,106.3154,97.3877,376.9363,385.864,0.00888898,0.00909952,0.00045585,19.2749,17.1375,0.2201,5.7530,0.6409,504.8200,26.1429,7.1751,39.7174,2.9515,6.1317,20.2037,44.018,88.0359,220.0898,5.1098,0.0,14.357485,35.893712,3.143486,29,158,125,3,0.23384124,0.01139613,-0.00825174,0E-8,0.000000,0.887492,0.846818,0.02564465,2026-03-24,2026-08-06,84,754,547,136,0.617647,0.180654,0.372251,0.779471,,,,,,,,GLOBAL_BASELINE_NO_ENTITY_RANKING,,,NOT_APPLICABLE_GLOBAL_BASELINE,HF9g-P5,,,,X 全窗基线 · 不参与实体赏罚,8397876,840,A168_HF9F_20260827_0900,2026-08-27 09:00:00
2026-06-20,129740297,-1,1,8.3085806868,-8.3085806868,-8.3085806868,0E-7,2,2,0.49324550000000000,0.493245500000,-1.3952362676504506,-1.3952362676504506,-1.3952362676504506,0E-17,SENTINEL_DEALER,R03b_20260811_FULL_v1,L1_ELIGIBILITY,v2026-08-11,2026-03-21..2026-08-06,baccarat_bet02_101_all_pairs_incl_sentinel,round_win = game_pnl > 0 (decisive only),COMPATIBILITY_ONLY_NOT_PRODUCTION,42404.8770,37633.9694,483.2517,2200,2196,-0.01139613,0.00825174,-0.01739291,-0.01139613,-483.2517,42404.8770,OK,0.0000,19.3301,4.0000,96.0000,AG03-UNRESOLVED,ALL5_LEVELS_bet23_to_bet27,19.3301,19.3301,19.3301,24.1626,24.1626,4.000000,4.000000,4.000000,5.000000,5.000000,96.000000,96.000000,96.000000,95.000000,95.000000,5.0,106.3154,97.3877,376.9363,385.864,PENDING_AG03,FALSE,NOT_FOR_ENFORCEMENT,463.9216,36128.6106,483.2517,463.9216,19.3301,0.01139613,0.01094029,19.3301,463.9216,0.01094029,19.3301,19.3301,19.3301,24.1626,24.1626,463.9216,0.01094029,106.3154,97.3877,376.9363,385.864,0.00888898,0.00909952,0.00045585,19.2749,17.1375,0.2201,5.7530,0.6409,504.8200,26.1429,7.1751,39.7174,2.9515,6.1317,20.2037,44.018,88.0359,220.0898,5.1098,0.0,14.357485,35.893712,3.143486,29,158,125,3,0.23384124,0.01139613,-0.00825174,0E-8,0.000000,0.887492,0.846818,0.02564465,2026-03-24,2026-08-06,84,754,547,136,0.617647,0.180654,0.372251,0.779471,,,,,,,,GLOBAL_BASELINE_NO_ENTITY_RANKING,,,NOT_APPLICABLE_GLOBAL_BASELINE,HF9g-P5,,,,X 全窗基线 · 不参与实体赏罚,8397877,840,A168_HF9F_20260827_0900,2026-08-27 09:00:00
2026-06-20,129740297,1985,0,12.4628710301,-4.1542903433,-4.1542903433,0.5000000,2,2,0.50665070000000000,0.506650700000,-0.018812684590367487,-0.018812684590367487,-0.018812684590367487,0E-17,ELIGIBLE,R03b_20260811_FULL_v1,L1_ELIGIBILITY,v2026-08-11,2026-03-21..2026-08-06,baccarat_bet02_101_all_pairs_incl_sentinel,round_win = game_pnl > 0 (decisive only),COMPATIBILITY_ONLY_NOT_PRODUCTION,42404.8770,37633.9694,483.2517,2200,2196,-0.01139613,0.00825174,-0.01739291,-0.01139613,-483.2517,42404.8770,OK,0.0000,19.3301,4.0000,96.0000,AG03-UNRESOLVED,ALL5_LEVELS_bet23_to_bet27,19.3301,19.3301,19.3301,24.1626,24.1626,4.000000,4.000000,4.000000,5.000000,5.000000,96.000000,96.000000,96.000000,95.000000,95.000000,5.0,106.3154,97.3877,376.9363,385.864,PENDING_AG03,FALSE,NOT_FOR_ENFORCEMENT,463.9216,36128.6106,483.2517,463.9216,19.3301,0.01139613,0.01094029,19.3301,463.9216,0.01094029,19.3301,19.3301,19.3301,24.1626,24.1626,463.9216,0.01094029,106.3154,97.3877,376.9363,385.864,0.00888898,0.00909952,0.00045585,19.2749,17.1375,0.2201,5.7530,0.6409,504.8200,26.1429,7.1751,39.7174,2.9515,6.1317,20.2037,44.018,88.0359,220.0898,5.1098,0.0,14.357485,35.893712,3.143486,29,158,125,3,0.23384124,0.01139613,-0.00825174,0E-8,0.000000,0.887492,0.846818,0.02564465,2026-03-24,2026-08-06,84,754,547,136,0.617647,0.180654,0.372251,0.779471,,,,,,,,GLOBAL_BASELINE_NO_ENTITY_RANKING,,,NOT_APPLICABLE_GLOBAL_BASELINE,HF9g-P5,,,,X 全窗基线 · 不参与实体赏罚,8397878,840,A168_HF9F_20260827_0900,2026-08-27 09:00:00
2026-06-20,129740297,2093,0,1.2462871030,-0.4154290344,-0.4154290344,0.5000000,2,2,0.49994810000000000,0.499948100000,0.00014679536856514622,0.00014679536856514622,0.00014679536856514622,0E-17,ELIGIBLE,R03b_20260811_FULL_v1,L1_ELIGIBILITY,v2026-08-11,2026-03-21..2026-08-06,baccarat_bet02_101_all_pairs_incl_sentinel,round_win = game_pnl > 0 (decisive only),COMPATIBILITY_ONLY_NOT_PRODUCTION,42404.8770,37633.9694,483.2517,2200,2196,-0.01139613,0.00825174,-0.01739291,-0.01139613,-483.2517,42404.8770,OK,0.0000,19.3301,4.0000,96.0000,AG03-UNRESOLVED,ALL5_LEVELS_bet23_to_bet27,19.3301,19.3301,19.3301,24.1626,24.1626,4.000000,4.000000,4.000000,5.000000,5.000000,96.000000,96.000000,96.000000,95.000000,95.000000,5.0,106.3154,97.3877,376.9363,385.864,PENDING_AG03,FALSE,NOT_FOR_ENFORCEMENT,463.9216,36128.6106,483.2517,463.9216,19.3301,0.01139613,0.01094029,19.3301,463.9216,0.01094029,19.3301,19.3301,19.3301,24.1626,24.1626,463.9216,0.01094029,106.3154,97.3877,376.9363,385.864,0.00888898,0.00909952,0.00045585,19.2749,17.1375,0.2201,5.7530,0.6409,504.8200,26.1429,7.1751,39.7174,2.9515,6.1317,20.2037,44.018,88.0359,220.0898,5.1098,0.0,14.357485,35.893712,3.143486,29,158,125,3,0.23384124,0.01139613,-0.00825174,0E-8,0.000000,0.887492,0.846818,0.02564465,2026-03-24,2026-08-06,84,754,547,136,0.617647,0.180654,0.372251,0.779471,,,,,,,,GLOBAL_BASELINE_NO_ENTITY_RANKING,,,NOT_APPLICABLE_GLOBAL_BASELINE,HF9g-P5,,,,X 全窗基线 · 不参与实体赏罚,8397879,840,A168_HF9F_20260827_0900,2026-08-27 09:00:00
2026-06-20,129740297,2123,0,41.5429034336,-20.7714517168,-20.7714517168,0.2500000,4,4,0.50665070000000000,0.506650700000,-1.0266936290537745,-1.0266936290537745,-1.0266936290537745,0E-17,ELIGIBLE,R03b_20260811_FULL_v1,L1_ELIGIBILITY,v2026-08-11,2026-03-21..2026-08-06,baccarat_bet02_101_all_pairs_incl_sentinel,round_win = game_pnl > 0 (decisive only),COMPATIBILITY_ONLY_NOT_PRODUCTION,42404.8770,37633.9694,483.2517,2200,2196,-0.01139613,0.00825174,-0.01739291,-0.01139613,-483.2517,42404.8770,OK,0.0000,19.3301,4.0000,96.0000,AG03-UNRESOLVED,ALL5_LEVELS_bet23_to_bet27,19.3301,19.3301,19.3301,24.1626,24.1626,4.000000,4.000000,4.000000,5.000000,5.000000,96.000000,96.000000,96.000000,95.000000,95.000000,5.0,106.3154,97.3877,376.9363,385.864,PENDING_AG03,FALSE,NOT_FOR_ENFORCEMENT,463.9216,36128.6106,483.2517,463.9216,19.3301,0.01139613,0.01094029,19.3301,463.9216,0.01094029,19.3301,19.3301,19.3301,24.1626,24.1626,463.9216,0.01094029,106.3154,97.3877,376.9363,385.864,0.00888898,0.00909952,0.00045585,19.2749,17.1375,0.2201,5.7530,0.6409,504.8200,26.1429,7.1751,39.7174,2.9515,6.1317,20.2037,44.018,88.0359,220.0898,5.1098,0.0,14.357485,35.893712,3.143486,29,158,125,3,0.23384124,0.01139613,-0.00825174,0E-8,0.000000,0.887492,0.846818,0.02564465,2026-03-24,2026-08-06,84,754,547,136,0.617647,0.180654,0.372251,0.779471,,,,,,,,GLOBAL_BASELINE_NO_ENTITY_RANKING,,,NOT_APPLICABLE_GLOBAL_BASELINE,HF9g-P5,,,,X 全窗基线 · 不参与实体赏罚,8397880,840,A168_HF9F_20260827_0900,2026-08-27 09:00:00
2026-06-20,129740297,2177,0,27.0028872320,18.6943065452,18.6943065452,0.8333333,6,6,0.49547970000000000,0.495479700000,1.655205662211907,1.655205662211907,1.655205662211907,0E-17,ELIGIBLE,R03b_20260811_FULL_v1,L1_ELIGIBILITY,v2026-08-11,2026-03-21..2026-08-06,baccarat_bet02_101_all_pairs_incl_sentinel,round_win = game_pnl > 0 (decisive only),COMPATIBILITY_ONLY_NOT_PRODUCTION,42404.8770,37633.9694,483.2517,2200,2196,-0.01139613,0.00825174,-0.01739291,-0.01139613,-483.2517,42404.8770,OK,0.0000,19.3301,4.0000,96.0000,AG03-UNRESOLVED,ALL5_LEVELS_bet23_to_bet27,19.3301,19.3301,19.3301,24.1626,24.1626,4.000000,4.000000,4.000000,5.000000,5.000000,96.000000,96.000000,96.000000,95.000000,95.000000,5.0,106.3154,97.3877,376.9363,385.864,PENDING_AG03,FALSE,NOT_FOR_ENFORCEMENT,463.9216,36128.6106,483.2517,463.9216,19.3301,0.01139613,0.01094029,19.3301,463.9216,0.01094029,19.3301,19.3301,19.3301,24.1626,24.1626,463.9216,0.01094029,106.3154,97.3877,376.9363,385.864,0.00888898,0.00909952,0.00045585,19.2749,17.1375,0.2201,5.7530,0.6409,504.8200,26.1429,7.1751,39.7174,2.9515,6.1317,20.2037,44.018,88.0359,220.0898,5.1098,0.0,14.357485,35.893712,3.143486,29,158,125,3,0.23384124,0.01139613,-0.00825174,0E-8,0.000000,0.887492,0.846818,0.02564465,2026-03-24,2026-08-06,84,754,547,136,0.617647,0.180654,0.372251,0.779471,,,,,,,,GLOBAL_BASELINE_NO_ENTITY_RANKING,,,NOT_APPLICABLE_GLOBAL_BASELINE,HF9g-P5,,,,X 全窗基线 · 不参与实体赏罚,8397881,840,A168_HF9F_20260827_0900,2026-08-27 09:00:00
2026-06-20,129740297,2216,0,1.2462871030,-1.2462871030,-1.2462871030,0E-7,1,1,0.49324550000000000,0.493245500000,-0.9865810262130424,-0.9865810262130424,-0.9865810262130424,0E-17,ELIGIBLE,R03b_20260811_FULL_v1,L1_ELIGIBILITY,v2026-08-11,2026-03-21..2026-08-06,baccarat_bet02_101_all_pairs_incl_sentinel,round_win = game_pnl > 0 (decisive only),COMPATIBILITY_ONLY_NOT_PRODUCTION,42404.8770,37633.9694,483.2517,2200,2196,-0.01139613,0.00825174,-0.01739291,-0.01139613,-483.2517,42404.8770,OK,0.0000,19.3301,4.0000,96.0000,AG03-UNRESOLVED,ALL5_LEVELS_bet23_to_bet27,19.3301,19.3301,19.3301,24.1626,24.1626,4.000000,4.000000,4.000000,5.000000,5.000000,96.000000,96.000000,96.000000,95.000000,95.000000,5.0,106.3154,97.3877,376.9363,385.864,PENDING_AG03,FALSE,NOT_FOR_ENFORCEMENT,463.9216,36128.6106,483.2517,463.9216,19.3301,0.01139613,0.01094029,19.3301,463.9216,0.01094029,19.3301,19.3301,19.3301,24.1626,24.1626,463.9216,0.01094029,106.3154,97.3877,376.9363,385.864,0.00888898,0.00909952,0.00045585,19.2749,17.1375,0.2201,5.7530,0.6409,504.8200,26.1429,7.1751,39.7174,2.9515,6.1317,20.2037,44.018,88.0359,220.0898,5.1098,0.0,14.357485,35.893712,3.143486,29,158,125,3,0.23384124,0.01139613,-0.00825174,0E-8,0.000000,0.887492,0.846818,0.02564465,2026-03-24,2026-08-06,84,754,547,136,0.617647,0.180654,0.372251,0.779471,,,,,,,,GLOBAL_BASELINE_NO_ENTITY_RANKING,,,NOT_APPLICABLE_GLOBAL_BASELINE,HF9g-P5,,,,X 全窗基线 · 不参与实体赏罚,8397882,840,A168_HF9F_20260827_0900,2026-08-27 09:00:00
2026-06-20,129740297,2242,0,24.9257420604,-4.1542903434,-4.1542903434,0.3333333,6,6,0.49324550000000000,0.493245500000,-0.5540025479526107,-0.5540025479526106,-0.5540025479526107,0E-17,ELIGIBLE,R03b_20260811_FULL_v1,L1_ELIGIBILITY,v2026-08-11,2026-03-21..2026-08-06,baccarat_bet02_101_all_pairs_incl_sentinel,round_win = game_pnl > 0 (decisive only),COMPATIBILITY_ONLY_NOT_PRODUCTION,42404.8770,37633.9694,483.2517,2200,2196,-0.01139613,0.00825174,-0.01739291,-0.01139613,-483.2517,42404.8770,OK,0.0000,19.3301,4.0000,96.0000,AG03-UNRESOLVED,ALL5_LEVELS_bet23_to_bet27,19.3301,19.3301,19.3301,24.1626,24.1626,4.000000,4.000000,4.000000,5.000000,5.000000,96.000000,96.000000,96.000000,95.000000,95.000000,5.0,106.3154,97.3877,376.9363,385.864,PENDING_AG03,FALSE,NOT_FOR_ENFORCEMENT,463.9216,36128.6106,483.2517,463.9216,19.3301,0.01139613,0.01094029,19.3301,463.9216,0.01094029,19.3301,19.3301,19.3301,24.1626,24.1626,463.9216,0.01094029,106.3154,97.3877,376.9363,385.864,0.00888898,0.00909952,0.00045585,19.2749,17.1375,0.2201,5.7530,0.6409,504.8200,26.1429,7.1751,39.7174,2.9515,6.1317,20.2037,44.018,88.0359,220.0898,5.1098,0.0,14.357485,35.893712,3.143486,29,158,125,3,0.23384124,0.01139613,-0.00825174,0E-8,0.000000,0.887492,0.846818,0.02564465,2026-03-24,2026-08-06,84,754,547,136,0.617647,0.180654,0.372251,0.779471,,,,,,,,GLOBAL_BASELINE_NO_ENTITY_RANKING,,,NOT_APPLICABLE_GLOBAL_BASELINE,HF9g-P5,,,,X 全窗基线 · 不参与实体赏罚,8397883,840,A168_HF9F_20260827_0900,2026-08-27 09:00:00
2026-06-20,129740297,2280,0,8.3085806867,-8.3085806867,-8.3085806867,0E-7,1,1,0.49324550000000000,0.493245500000,-0.9865810262130424,-0.9865810262130424,-0.9865810262130424,0E-17,ELIGIBLE,R03b_20260811_FULL_v1,L1_ELIGIBILITY,v2026-08-11,2026-03-21..2026-08-06,baccarat_bet02_101_all_pairs_incl_sentinel,round_win = game_pnl > 0 (decisive only),COMPATIBILITY_ONLY_NOT_PRODUCTION,42404.8770,37633.9694,483.2517,2200,2196,-0.01139613,0.00825174,-0.01739291,-0.01139613,-483.2517,42404.8770,OK,0.0000,19.3301,4.0000,96.0000,AG03-UNRESOLVED,ALL5_LEVELS_bet23_to_bet27,19.3301,19.3301,19.3301,24.1626,24.1626,4.000000,4.000000,4.000000,5.000000,5.000000,96.000000,96.000000,96.000000,95.000000,95.000000,5.0,106.3154,97.3877,376.9363,385.864,PENDING_AG03,FALSE,NOT_FOR_ENFORCEMENT,463.9216,36128.6106,483.2517,463.9216,19.3301,0.01139613,0.01094029,19.3301,463.9216,0.01094029,19.3301,19.3301,19.3301,24.1626,24.1626,463.9216,0.01094029,106.3154,97.3877,376.9363,385.864,0.00888898,0.00909952,0.00045585,19.2749,17.1375,0.2201,5.7530,0.6409,504.8200,26.1429,7.1751,39.7174,2.9515,6.1317,20.2037,44.018,88.0359,220.0898,5.1098,0.0,14.357485,35.893712,3.143486,29,158,125,3,0.23384124,0.01139613,-0.00825174,0E-8,0.000000,0.887492,0.846818,0.02564465,2026-03-24,2026-08-06,84,754,547,136,0.617647,0.180654,0.372251,0.779471,,,,,,,,GLOBAL_BASELINE_NO_ENTITY_RANKING,,,NOT_APPLICABLE_GLOBAL_BASELINE,HF9g-P5,,,,X 全窗基线 · 不参与实体赏罚,8397884,840,A168_HF9F_20260827_0900,2026-08-27 09:00:00
2026-06-20,129740297,529,0,36.7654695386,11.4346841700,11.4346841700,0.7777778,11,11,0.50665070000000000,0.506650700000,1.6269063950638647,1.6269063950638647,1.6269063950638647,0E-17,ELIGIBLE,R03b_20260811_FULL_v1,L1_ELIGIBILITY,v2026-08-11,2026-03-21..2026-08-06,baccarat_bet02_101_all_pairs_incl_sentinel,round_win = game_pnl > 0 (decisive only),COMPATIBILITY_ONLY_NOT_PRODUCTION,42404.8770,37633.9694,483.2517,2200,2196,-0.01139613,0.00825174,-0.01739291,-0.01139613,-483.2517,42404.8770,OK,0.0000,19.3301,4.0000,96.0000,AG03-UNRESOLVED,ALL5_LEVELS_bet23_to_bet27,19.3301,19.3301,19.3301,24.1626,24.1626,4.000000,4.000000,4.000000,5.000000,5.000000,96.000000,96.000000,96.000000,95.000000,95.000000,5.0,106.3154,97.3877,376.9363,385.864,PENDING_AG03,FALSE,NOT_FOR_ENFORCEMENT,463.9216,36128.6106,483.2517,463.9216,19.3301,0.01139613,0.01094029,19.3301,463.9216,0.01094029,19.3301,19.3301,19.3301,24.1626,24.1626,463.9216,0.01094029,106.3154,97.3877,376.9363,385.864,0.00888898,0.00909952,0.00045585,19.2749,17.1375,0.2201,5.7530,0.6409,504.8200,26.1429,7.1751,39.7174,2.9515,6.1317,20.2037,44.018,88.0359,220.0898,5.1098,0.0,14.357485,35.893712,3.143486,29,158,125,3,0.23384124,0.01139613,-0.00825174,0E-8,0.000000,0.887492,0.846818,0.02564465,2026-03-24,2026-08-06,84,754,547,136,0.617647,0.180654,0.372251,0.779471,,,,,,,,GLOBAL_BASELINE_NO_ENTITY_RANKING,,,NOT_APPLICABLE_GLOBAL_BASELINE,HF9g-P5,,,,X 全窗基线 · 不参与实体赏罚,8397885,840,A168_HF9F_20260827_0900,2026-08-27 09:00:00
2026-06-21,129740297,-1,1,103.8572585839,41.9583324678,41.9583324678,0.7142857,7,7,0.50665070000000000,0.506650700000,1.098798430526454,1.098798430526454,1.098798430526454,0E-17,SENTINEL_DEALER,R03b_20260811_FULL_v1,L1_ELIGIBILITY,v2026-08-11,2026-03-21..2026-08-06,baccarat_bet02_101_all_pairs_incl_sentinel,round_win = game_pnl > 0 (decisive only),COMPATIBILITY_ONLY_NOT_PRODUCTION,42404.8770,37633.9694,483.2517,2200,2196,-0.01139613,0.00825174,-0.01739291,-0.01139613,-483.2517,42404.8770,OK,0.0000,19.3301,4.0000,96.0000,AG03-UNRESOLVED,ALL5_LEVELS_bet23_to_bet27,19.3301,19.3301,19.3301,24.1626,24.1626,4.000000,4.000000,4.000000,5.000000,5.000000,96.000000,96.000000,96.000000,95.000000,95.000000,5.0,106.3154,97.3877,376.9363,385.864,PENDING_AG03,FALSE,NOT_FOR_ENFORCEMENT,463.9216,36128.6106,483.2517,463.9216,19.3301,0.01139613,0.01094029,19.3301,463.9216,0.01094029,19.3301,19.3301,19.3301,24.1626,24.1626,463.9216,0.01094029,106.3154,97.3877,376.9363,385.864,0.00888898,0.00909952,0.00045585,19.2749,17.1375,0.2201,5.7530,0.6409,504.8200,26.1429,7.1751,39.7174,2.9515,6.1317,20.2037,44.018,88.0359,220.0898,5.1098,0.0,14.357485,35.893712,3.143486,29,158,125,3,0.23384124,0.01139613,-0.00825174,0E-8,0.000000,0.887492,0.846818,0.02564465,2026-03-24,2026-08-06,84,754,547,136,0.617647,0.180654,0.372251,0.779471,,,,,,,,GLOBAL_BASELINE_NO_ENTITY_RANKING,,,NOT_APPLICABLE_GLOBAL_BASELINE,HF9g-P5,,,,X 全窗基线 · 不参与实体赏罚,8397886,840,A168_HF9F_20260827_0900,2026-08-27 09:00:00
2026-06-21,129740297,1299,0,41.5429034336,-31.1571775752,-31.1571775752,0E-7,3,3,0.50665070000000000,0.506650700000,-1.4331513700195317,-1.4331513700195317,-1.4331513700195317,0E-17,ELIGIBLE,R03b_20260811_FULL_v1,L1_ELIGIBILITY,v2026-08-11,2026-03-21..2026-08-06,baccarat_bet02_101_all_pairs_incl_sentinel,round_win = game_pnl > 0 (decisive only),COMPATIBILITY_ONLY_NOT_PRODUCTION,42404.8770,37633.9694,483.2517,2200,2196,-0.01139613,0.00825174,-0.01739291,-0.01139613,-483.2517,42404.8770,OK,0.0000,19.3301,4.0000,96.0000,AG03-UNRESOLVED,ALL5_LEVELS_bet23_to_bet27,19.3301,19.3301,19.3301,24.1626,24.1626,4.000000,4.000000,4.000000,5.000000,5.000000,96.000000,96.000000,96.000000,95.000000,95.000000,5.0,106.3154,97.3877,376.9363,385.864,PENDING_AG03,FALSE,NOT_FOR_ENFORCEMENT,463.9216,36128.6106,483.2517,463.9216,19.3301,0.01139613,0.01094029,19.3301,463.9216,0.01094029,19.3301,19.3301,19.3301,24.1626,24.1626,463.9216,0.01094029,106.3154,97.3877,376.9363,385.864,0.00888898,0.00909952,0.00045585,19.2749,17.1375,0.2201,5.7530,0.6409,504.8200,26.1429,7.1751,39.7174,2.9515,6.1317,20.2037,44.018,88.0359,220.0898,5.1098,0.0,14.357485,35.893712,3.143486,29,158,125,3,0.23384124,0.01139613,-0.00825174,0E-8,0.000000,0.887492,0.846818,0.02564465,2026-03-24,2026-08-06,84,754,547,136,0.617647,0.180654,0.372251,0.779471,,,,,,,,GLOBAL_BASELINE_NO_ENTITY_RANKING,,,NOT_APPLICABLE_GLOBAL_BASELINE,HF9g-P5,,,,X 全窗基线 · 不参与实体赏罚,8397887,840,A168_HF9F_20260827_0900,2026-08-27 09:00:00
2026-06-21,129740297,1331,0,18.6943065451,-18.6943065451,-18.6943065451,0E-7,1,1,0.50665070000000000,0.506650700000,-1.013391052207602,-1.013391052207602,-1.013391052207602,0E-17,ELIGIBLE,R03b_20260811_FULL_v1,L1_ELIGIBILITY,v2026-08-11,2026-03-21..2026-08-06,baccarat_bet02_101_all_pairs_incl_sentinel,round_win = game_pnl > 0 (decisive only),COMPATIBILITY_ONLY_NOT_PRODUCTION,42404.8770,37633.9694,483.2517,2200,2196,-0.01139613,0.00825174,-0.01739291,-0.01139613,-483.2517,42404.8770,OK,0.0000,19.3301,4.0000,96.0000,AG03-UNRESOLVED,ALL5_LEVELS_bet23_to_bet27,19.3301,19.3301,19.3301,24.1626,24.1626,4.000000,4.000000,4.000000,5.000000,5.000000,96.000000,96.000000,96.000000,95.000000,95.000000,5.0,106.3154,97.3877,376.9363,385.864,PENDING_AG03,FALSE,NOT_FOR_ENFORCEMENT,463.9216,36128.6106,483.2517,463.9216,19.3301,0.01139613,0.01094029,19.3301,463.9216,0.01094029,19.3301,19.3301,19.3301,24.1626,24.1626,463.9216,0.01094029,106.3154,97.3877,376.9363,385.864,0.00888898,0.00909952,0.00045585,19.2749,17.1375,0.2201,5.7530,0.6409,504.8200,26.1429,7.1751,39.7174,2.9515,6.1317,20.2037,44.018,88.0359,220.0898,5.1098,0.0,14.357485,35.893712,3.143486,29,158,125,3,0.23384124,0.01139613,-0.00825174,0E-8,0.000000,0.887492,0.846818,0.02564465,2026-03-24,2026-08-06,84,754,547,136,0.617647,0.180654,0.372251,0.779471,,,,,,,,GLOBAL_BASELINE_NO_ENTITY_RANKING,,,NOT_APPLICABLE_GLOBAL_BASELINE,HF9g-P5,,,,X 全窗基线 · 不参与实体赏罚,8397888,840,A168_HF9F_20260827_0900,2026-08-27 09:00:00
2026-06-21,129740297,1353,0,124.6287103007,-43.1007623123,-43.1007623123,0.5000000,6,6,0.50665070000000000,0.506650700000,-0.02660515369234503,-0.02660515369234503,-0.02660515369234503,0E-17,ELIGIBLE,R03b_20260811_FULL_v1,L1_ELIGIBILITY,v2026-08-11,2026-03-21..2026-08-06,baccarat_bet02_101_all_pairs_incl_sentinel,round_win = game_pnl > 0 (decisive only),COMPATIBILITY_ONLY_NOT_PRODUCTION,42404.8770,37633.9694,483.2517,2200,2196,-0.01139613,0.00825174,-0.01739291,-0.01139613,-483.2517,42404.8770,OK,0.0000,19.3301,4.0000,96.0000,AG03-UNRESOLVED,ALL5_LEVELS_bet23_to_bet27,19.3301,19.3301,19.3301,24.1626,24.1626,4.000000,4.000000,4.000000,5.000000,5.000000,96.000000,96.000000,96.000000,95.000000,95.000000,5.0,106.3154,97.3877,376.9363,385.864,PENDING_AG03,FALSE,NOT_FOR_ENFORCEMENT,463.9216,36128.6106,483.2517,463.9216,19.3301,0.01139613,0.01094029,19.3301,463.9216,0.01094029,19.3301,19.3301,19.3301,24.1626,24.1626,463.9216,0.01094029,106.3154,97.3877,376.9363,385.864,0.00888898,0.00909952,0.00045585,19.2749,17.1375,0.2201,5.7530,0.6409,504.8200,26.1429,7.1751,39.7174,2.9515,6.1317,20.2037,44.018,88.0359,220.0898,5.1098,0.0,14.357485,35.893712,3.143486,29,158,125,3,0.23384124,0.01139613,-0.00825174,0E-8,0.000000,0.887492,0.846818,0.02564465,2026-03-24,2026-08-06,84,754,547,136,0.617647,0.180654,0.372251,0.779471,,,,,,,,GLOBAL_BASELINE_NO_ENTITY_RANKING,,,NOT_APPLICABLE_GLOBAL_BASELINE,HF9g-P5,,,,X 全窗基线 · 不参与实体赏罚,8397889,840,A168_HF9F_20260827_0900,2026-08-27 09:00:00
2026-06-21,129740297,1490,0,10.3857258584,-10.3857258584,-10.3857258584,0E-7,1,1,0.50665070000000000,0.506650700000,-1.013391052207602,-1.013391052207602,-1.013391052207602,0E-17,ELIGIBLE,R03b_20260811_FULL_v1,L1_ELIGIBILITY,v2026-08-11,2026-03-21..2026-08-06,baccarat_bet02_101_all_pairs_incl_sentinel,round_win = game_pnl > 0 (decisive only),COMPATIBILITY_ONLY_NOT_PRODUCTION,42404.8770,37633.9694,483.2517,2200,2196,-0.01139613,0.00825174,-0.01739291,-0.01139613,-483.2517,42404.8770,OK,0.0000,19.3301,4.0000,96.0000,AG03-UNRESOLVED,ALL5_LEVELS_bet23_to_bet27,19.3301,19.3301,19.3301,24.1626,24.1626,4.000000,4.000000,4.000000,5.000000,5.000000,96.000000,96.000000,96.000000,95.000000,95.000000,5.0,106.3154,97.3877,376.9363,385.864,PENDING_AG03,FALSE,NOT_FOR_ENFORCEMENT,463.9216,36128.6106,483.2517,463.9216,19.3301,0.01139613,0.01094029,19.3301,463.9216,0.01094029,19.3301,19.3301,19.3301,24.1626,24.1626,463.9216,0.01094029,106.3154,97.3877,376.9363,385.864,0.00888898,0.00909952,0.00045585,19.2749,17.1375,0.2201,5.7530,0.6409,504.8200,26.1429,7.1751,39.7174,2.9515,6.1317,20.2037,44.018,88.0359,220.0898,5.1098,0.0,14.357485,35.893712,3.143486,29,158,125,3,0.23384124,0.01139613,-0.00825174,0E-8,0.000000,0.887492,0.846818,0.02564465,2026-03-24,2026-08-06,84,754,547,136,0.617647,0.180654,0.372251,0.779471,,,,,,,,GLOBAL_BASELINE_NO_ENTITY_RANKING,,,NOT_APPLICABLE_GLOBAL_BASELINE,HF9g-P5,,,,X 全窗基线 · 不参与实体赏罚,8397890,840,A168_HF9F_20260827_0900,2026-08-27 09:00:00
2026-06-21,129740297,2147,0,62.3143551503,-1.5578588787,-1.5578588787,0.6666667,3,3,0.50665070000000000,0.506650700000,0.5543606114942035,0.5543606114942035,0.5543606114942035,0E-17,ELIGIBLE,R03b_20260811_FULL_v1,L1_ELIGIBILITY,v2026-08-11,2026-03-21..2026-08-06,baccarat_bet02_101_all_pairs_incl_sentinel,round_win = game_pnl > 0 (decisive only),COMPATIBILITY_ONLY_NOT_PRODUCTION,42404.8770,37633.9694,483.2517,2200,2196,-0.01139613,0.00825174,-0.01739291,-0.01139613,-483.2517,42404.8770,OK,0.0000,19.3301,4.0000,96.0000,AG03-UNRESOLVED,ALL5_LEVELS_bet23_to_bet27,19.3301,19.3301,19.3301,24.1626,24.1626,4.000000,4.000000,4.000000,5.000000,5.000000,96.000000,96.000000,96.000000,95.000000,95.000000,5.0,106.3154,97.3877,376.9363,385.864,PENDING_AG03,FALSE,NOT_FOR_ENFORCEMENT,463.9216,36128.6106,483.2517,463.9216,19.3301,0.01139613,0.01094029,19.3301,463.9216,0.01094029,19.3301,19.3301,19.3301,24.1626,24.1626,463.9216,0.01094029,106.3154,97.3877,376.9363,385.864,0.00888898,0.00909952,0.00045585,19.2749,17.1375,0.2201,5.7530,0.6409,504.8200,26.1429,7.1751,39.7174,2.9515,6.1317,20.2037,44.018,88.0359,220.0898,5.1098,0.0,14.357485,35.893712,3.143486,29,158,125,3,0.23384124,0.01139613,-0.00825174,0E-8,0.000000,0.887492,0.846818,0.02564465,2026-03-24,2026-08-06,84,754,547,136,0.617647,0.180654,0.372251,0.779471,,,,,,,,GLOBAL_BASELINE_NO_ENTITY_RANKING,,,NOT_APPLICABLE_GLOBAL_BASELINE,HF9g-P5,,,,X 全窗基线 · 不参与实体赏罚,8397891,840,A168_HF9F_20260827_0900,2026-08-27 09:00:00
2026-06-21,129740297,2153,0,75.8157987662,62.1585692624,62.1585692624,1.0000000,6,6,0.50665070000000000,0.506650700000,2.2065203483183233,2.2065203483183233,2.2065203483183233,0E-17,ELIGIBLE,R03b_20260811_FULL_v1,L1_ELIGIBILITY,v2026-08-11,2026-03-21..2026-08-06,baccarat_bet02_101_all_pairs_incl_sentinel,round_win = game_pnl > 0 (decisive only),COMPATIBILITY_ONLY_NOT_PRODUCTION,42404.8770,37633.9694,483.2517,2200,2196,-0.01139613,0.00825174,-0.01739291,-0.01139613,-483.2517,42404.8770,OK,0.0000,19.3301,4.0000,96.0000,AG03-UNRESOLVED,ALL5_LEVELS_bet23_to_bet27,19.3301,19.3301,19.3301,24.1626,24.1626,4.000000,4.000000,4.000000,5.000000,5.000000,96.000000,96.000000,96.000000,95.000000,95.000000,5.0,106.3154,97.3877,376.9363,385.864,PENDING_AG03,FALSE,NOT_FOR_ENFORCEMENT,463.9216,36128.6106,483.2517,463.9216,19.3301,0.01139613,0.01094029,19.3301,463.9216,0.01094029,19.3301,19.3301,19.3301,24.1626,24.1626,463.9216,0.01094029,106.3154,97.3877,376.9363,385.864,0.00888898,0.00909952,0.00045585,19.2749,17.1375,0.2201,5.7530,0.6409,504.8200,26.1429,7.1751,39.7174,2.9515,6.1317,20.2037,44.018,88.0359,220.0898,5.1098,0.0,14.357485,35.893712,3.143486,29,158,125,3,0.23384124,0.01139613,-0.00825174,0E-8,0.000000,0.887492,0.846818,0.02564465,2026-03-24,2026-08-06,84,754,547,136,0.617647,0.180654,0.372251,0.779471,,,,,,,,GLOBAL_BASELINE_NO_ENTITY_RANKING,,,NOT_APPLICABLE_GLOBAL_BASELINE,HF9g-P5,,,,X 全窗基线 · 不参与实体赏罚,8397892,840,A168_HF9F_20260827_0900,2026-08-27 09:00:00
2026-06-22,129740297,-1,1,1.0385725858,1.0385725858,1.0385725858,1.0000000,1,1,0.49324550000000000,0.493245500000,1.01360149184955,1.01360149184955,1.01360149184955,0E-17,SENTINEL_DEALER,R03b_20260811_FULL_v1,L1_ELIGIBILITY,v2026-08-11,2026-03-21..2026-08-06,baccarat_bet02_101_all_pairs_incl_sentinel,round_win = game_pnl > 0 (decisive only),COMPATIBILITY_ONLY_NOT_PRODUCTION,42404.8770,37633.9694,483.2517,2200,2196,-0.01139613,0.00825174,-0.01739291,-0.01139613,-483.2517,42404.8770,OK,0.0000,19.3301,4.0000,96.0000,AG03-UNRESOLVED,ALL5_LEVELS_bet23_to_bet27,19.3301,19.3301,19.3301,24.1626,24.1626,4.000000,4.000000,4.000000,5.000000,5.000000,96.000000,96.000000,96.000000,95.000000,95.000000,5.0,106.3154,97.3877,376.9363,385.864,PENDING_AG03,FALSE,NOT_FOR_ENFORCEMENT,463.9216,36128.6106,483.2517,463.9216,19.3301,0.01139613,0.01094029,19.3301,463.9216,0.01094029,19.3301,19.3301,19.3301,24.1626,24.1626,463.9216,0.01094029,106.3154,97.3877,376.9363,385.864,0.00888898,0.00909952,0.00045585,19.2749,17.1375,0.2201,5.7530,0.6409,504.8200,26.1429,7.1751,39.7174,2.9515,6.1317,20.2037,44.018,88.0359,220.0898,5.1098,0.0,14.357485,35.893712,3.143486,29,158,125,3,0.23384124,0.01139613,-0.00825174,0E-8,0.000000,0.887492,0.846818,0.02564465,2026-03-24,2026-08-06,84,754,547,136,0.617647,0.180654,0.372251,0.779471,,,,,,,,GLOBAL_BASELINE_NO_ENTITY_RANKING,,,NOT_APPLICABLE_GLOBAL_BASELINE,HF9g-P5,,,,X 全窗基线 · 不参与实体赏罚,8397893,840,A168_HF9F_20260827_0900,2026-08-27 09:00:00
2026-06-22,129740297,1384,0,0.4154290343,0.4154290343,0.4154290343,1.0000000,1,1,0.49324550000000000,0.493245500000,1.01360149184955,1.01360149184955,1.01360149184955,0E-17,ELIGIBLE,R03b_20260811_FULL_v1,L1_ELIGIBILITY,v2026-08-11,2026-03-21..2026-08-06,baccarat_bet02_101_all_pairs_incl_sentinel,round_win = game_pnl > 0 (decisive only),COMPATIBILITY_ONLY_NOT_PRODUCTION,42404.8770,37633.9694,483.2517,2200,2196,-0.01139613,0.00825174,-0.01739291,-0.01139613,-483.2517,42404.8770,OK,0.0000,19.3301,4.0000,96.0000,AG03-UNRESOLVED,ALL5_LEVELS_bet23_to_bet27,19.3301,19.3301,19.3301,24.1626,24.1626,4.000000,4.000000,4.000000,5.000000,5.000000,96.000000,96.000000,96.000000,95.000000,95.000000,5.0,106.3154,97.3877,376.9363,385.864,PENDING_AG03,FALSE,NOT_FOR_ENFORCEMENT,463.9216,36128.6106,483.2517,463.9216,19.3301,0.01139613,0.01094029,19.3301,463.9216,0.01094029,19.3301,19.3301,19.3301,24.1626,24.1626,463.9216,0.01094029,106.3154,97.3877,376.9363,385.864,0.00888898,0.00909952,0.00045585,19.2749,17.1375,0.2201,5.7530,0.6409,504.8200,26.1429,7.1751,39.7174,2.9515,6.1317,20.2037,44.018,88.0359,220.0898,5.1098,0.0,14.357485,35.893712,3.143486,29,158,125,3,0.23384124,0.01139613,-0.00825174,0E-8,0.000000,0.887492,0.846818,0.02564465,2026-03-24,2026-08-06,84,754,547,136,0.617647,0.180654,0.372251,0.779471,,,,,,,,GLOBAL_BASELINE_NO_ENTITY_RANKING,,,NOT_APPLICABLE_GLOBAL_BASELINE,HF9g-P5,,,,X 全窗基线 · 不参与实体赏罚,8397894,840,A168_HF9F_20260827_0900,2026-08-27 09:00:00
2026-06-22,129740297,2129,0,0.8308580687,-0.8308580687,-0.8308580687,0E-7,1,1,0.50665070000000000,0.506650700000,-1.013391052207602,-1.013391052207602,-1.013391052207602,0E-17,ELIGIBLE,R03b_20260811_FULL_v1,L1_ELIGIBILITY,v2026-08-11,2026-03-21..2026-08-06,baccarat_bet02_101_all_pairs_incl_sentinel,round_win = game_pnl > 0 (decisive only),COMPATIBILITY_ONLY_NOT_PRODUCTION,42404.8770,37633.9694,483.2517,2200,2196,-0.01139613,0.00825174,-0.01739291,-0.01139613,-483.2517,42404.8770,OK,0.0000,19.3301,4.0000,96.0000,AG03-UNRESOLVED,ALL5_LEVELS_bet23_to_bet27,19.3301,19.3301,19.3301,24.1626,24.1626,4.000000,4.000000,4.000000,5.000000,5.000000,96.000000,96.000000,96.000000,95.000000,95.000000,5.0,106.3154,97.3877,376.9363,385.864,PENDING_AG03,FALSE,NOT_FOR_ENFORCEMENT,463.9216,36128.6106,483.2517,463.9216,19.3301,0.01139613,0.01094029,19.3301,463.9216,0.01094029,19.3301,19.3301,19.3301,24.1626,24.1626,463.9216,0.01094029,106.3154,97.3877,376.9363,385.864,0.00888898,0.00909952,0.00045585,19.2749,17.1375,0.2201,5.7530,0.6409,504.8200,26.1429,7.1751,39.7174,2.9515,6.1317,20.2037,44.018,88.0359,220.0898,5.1098,0.0,14.357485,35.893712,3.143486,29,158,125,3,0.23384124,0.01139613,-0.00825174,0E-8,0.000000,0.887492,0.846818,0.02564465,2026-03-24,2026-08-06,84,754,547,136,0.617647,0.180654,0.372251,0.779471,,,,,,,,GLOBAL_BASELINE_NO_ENTITY_RANKING,,,NOT_APPLICABLE_GLOBAL_BASELINE,HF9g-P5,,,,X 全窗基线 · 不参与实体赏罚,8397895,840,A168_HF9F_20260827_0900,2026-08-27 09:00:00
2026-06-22,129740297,2201,0,28.0414598179,4.9851484121,4.9851484121,0.6000000,7,7,0.50665070000000000,0.506650700000,0.4175076967804994,0.4175076967804994,0.4175076967804994,0E-17,ELIGIBLE,R03b_20260811_FULL_v1,L1_ELIGIBILITY,v2026-08-11,2026-03-21..2026-08-06,baccarat_bet02_101_all_pairs_incl_sentinel,round_win = game_pnl > 0 (decisive only),COMPATIBILITY_ONLY_NOT_PRODUCTION,42404.8770,37633.9694,483.2517,2200,2196,-0.01139613,0.00825174,-0.01739291,-0.01139613,-483.2517,42404.8770,OK,0.0000,19.3301,4.0000,96.0000,AG03-UNRESOLVED,ALL5_LEVELS_bet23_to_bet27,19.3301,19.3301,19.3301,24.1626,24.1626,4.000000,4.000000,4.000000,5.000000,5.000000,96.000000,96.000000,96.000000,95.000000,95.000000,5.0,106.3154,97.3877,376.9363,385.864,PENDING_AG03,FALSE,NOT_FOR_ENFORCEMENT,463.9216,36128.6106,483.2517,463.9216,19.3301,0.01139613,0.01094029,19.3301,463.9216,0.01094029,19.3301,19.3301,19.3301,24.1626,24.1626,463.9216,0.01094029,106.3154,97.3877,376.9363,385.864,0.00888898,0.00909952,0.00045585,19.2749,17.1375,0.2201,5.7530,0.6409,504.8200,26.1429,7.1751,39.7174,2.9515,6.1317,20.2037,44.018,88.0359,220.0898,5.1098,0.0,14.357485,35.893712,3.143486,29,158,125,3,0.23384124,0.01139613,-0.00825174,0E-8,0.000000,0.887492,0.846818,0.02564465,2026-03-24,2026-08-06,84,754,547,136,0.617647,0.180654,0.372251,0.779471,,,,,,,,GLOBAL_BASELINE_NO_ENTITY_RANKING,,,NOT_APPLICABLE_GLOBAL_BASELINE,HF9g-P5,,,,X 全窗基线 · 不参与实体赏罚,8397896,840,A168_HF9F_20260827_0900,2026-08-27 09:00:00
2026-06-22,129740297,2229,0,10.5934403756,4.3620048606,4.3620048606,0.6666667,3,3,0.49771390000000000,0.497713900000,0.5852756695216578,0.5852756695216578,0.5852756695216578,0E-17,ELIGIBLE,R03b_20260811_FULL_v1,L1_ELIGIBILITY,v2026-08-11,2026-03-21..2026-08-06,baccarat_bet02_101_all_pairs_incl_sentinel,round_win = game_pnl > 0 (decisive only),COMPATIBILITY_ONLY_NOT_PRODUCTION,42404.8770,37633.9694,483.2517,2200,2196,-0.01139613,0.00825174,-0.01739291,-0.01139613,-483.2517,42404.8770,OK,0.0000,19.3301,4.0000,96.0000,AG03-UNRESOLVED,ALL5_LEVELS_bet23_to_bet27,19.3301,19.3301,19.3301,24.1626,24.1626,4.000000,4.000000,4.000000,5.000000,5.000000,96.000000,96.000000,96.000000,95.000000,95.000000,5.0,106.3154,97.3877,376.9363,385.864,PENDING_AG03,FALSE,NOT_FOR_ENFORCEMENT,463.9216,36128.6106,483.2517,463.9216,19.3301,0.01139613,0.01094029,19.3301,463.9216,0.01094029,19.3301,19.3301,19.3301,24.1626,24.1626,463.9216,0.01094029,106.3154,97.3877,376.9363,385.864,0.00888898,0.00909952,0.00045585,19.2749,17.1375,0.2201,5.7530,0.6409,504.8200,26.1429,7.1751,39.7174,2.9515,6.1317,20.2037,44.018,88.0359,220.0898,5.1098,0.0,14.357485,35.893712,3.143486,29,158,125,3,0.23384124,0.01139613,-0.00825174,0E-8,0.000000,0.887492,0.846818,0.02564465,2026-03-24,2026-08-06,84,754,547,136,0.617647,0.180654,0.372251,0.779471,,,,,,,,GLOBAL_BASELINE_NO_ENTITY_RANKING,,,NOT_APPLICABLE_GLOBAL_BASELINE,HF9g-P5,,,,X 全窗基线 · 不参与实体赏罚,8397897,840,A168_HF9F_20260827_0900,2026-08-27 09:00:00
2026-06-22,129740297,529,0,16.6171613735,-16.6171613735,-16.6171613735,0E-7,3,3,0.50665070000000000,0.506650700000,-1.7552447903592512,-1.7552447903592512,-1.7552447903592512,0E-17,ELIGIBLE,R03b_20260811_FULL_v1,L1_ELIGIBILITY,v2026-08-11,2026-03-21..2026-08-06,baccarat_bet02_101_all_pairs_incl_sentinel,round_win = game_pnl > 0 (decisive only),COMPATIBILITY_ONLY_NOT_PRODUCTION,42404.8770,37633.9694,483.2517,2200,2196,-0.01139613,0.00825174,-0.01739291,-0.01139613,-483.2517,42404.8770,OK,0.0000,19.3301,4.0000,96.0000,AG03-UNRESOLVED,ALL5_LEVELS_bet23_to_bet27,19.3301,19.3301,19.3301,24.1626,24.1626,4.000000,4.000000,4.000000,5.000000,5.000000,96.000000,96.000000,96.000000,95.000000,95.000000,5.0,106.3154,97.3877,376.9363,385.864,PENDING_AG03,FALSE,NOT_FOR_ENFORCEMENT,463.9216,36128.6106,483.2517,463.9216,19.3301,0.01139613,0.01094029,19.3301,463.9216,0.01094029,19.3301,19.3301,19.3301,24.1626,24.1626,463.9216,0.01094029,106.3154,97.3877,376.9363,385.864,0.00888898,0.00909952,0.00045585,19.2749,17.1375,0.2201,5.7530,0.6409,504.8200,26.1429,7.1751,39.7174,2.9515,6.1317,20.2037,44.018,88.0359,220.0898,5.1098,0.0,14.357485,35.893712,3.143486,29,158,125,3,0.23384124,0.01139613,-0.00825174,0E-8,0.000000,0.887492,0.846818,0.02564465,2026-03-24,2026-08-06,84,754,547,136,0.617647,0.180654,0.372251,0.779471,,,,,,,,GLOBAL_BASELINE_NO_ENTITY_RANKING,,,NOT_APPLICABLE_GLOBAL_BASELINE,HF9g-P5,,,,X 全窗基线 · 不参与实体赏罚,8397898,840,A168_HF9F_20260827_0900,2026-08-27 09:00:00
2026-06-22,129740297,919,0,0.4154290344,-0.2077145172,-0.2077145172,0E-7,2,2,0.50665070000000000,0.506650700000,-1.013391052207602,-1.013391052207602,-1.013391052207602,0E-17,ELIGIBLE,R03b_20260811_FULL_v1,L1_ELIGIBILITY,v2026-08-11,2026-03-21..2026-08-06,baccarat_bet02_101_all_pairs_incl_sentinel,round_win = game_pnl > 0 (decisive only),COMPATIBILITY_ONLY_NOT_PRODUCTION,42404.8770,37633.9694,483.2517,2200,2196,-0.01139613,0.00825174,-0.01739291,-0.01139613,-483.2517,42404.8770,OK,0.0000,19.3301,4.0000,96.0000,AG03-UNRESOLVED,ALL5_LEVELS_bet23_to_bet27,19.3301,19.3301,19.3301,24.1626,24.1626,4.000000,4.000000,4.000000,5.000000,5.000000,96.000000,96.000000,96.000000,95.000000,95.000000,5.0,106.3154,97.3877,376.9363,385.864,PENDING_AG03,FALSE,NOT_FOR_ENFORCEMENT,463.9216,36128.6106,483.2517,463.9216,19.3301,0.01139613,0.01094029,19.3301,463.9216,0.01094029,19.3301,19.3301,19.3301,24.1626,24.1626,463.9216,0.01094029,106.3154,97.3877,376.9363,385.864,0.00888898,0.00909952,0.00045585,19.2749,17.1375,0.2201,5.7530,0.6409,504.8200,26.1429,7.1751,39.7174,2.9515,6.1317,20.2037,44.018,88.0359,220.0898,5.1098,0.0,14.357485,35.893712,3.143486,29,158,125,3,0.23384124,0.01139613,-0.00825174,0E-8,0.000000,0.887492,0.846818,0.02564465,2026-03-24,2026-08-06,84,754,547,136,0.617647,0.180654,0.372251,0.779471,,,,,,,,GLOBAL_BASELINE_NO_ENTITY_RANKING,,,NOT_APPLICABLE_GLOBAL_BASELINE,HF9g-P5,,,,X 全窗基线 · 不参与实体赏罚,8397899,840,A168_HF9F_20260827_0900,2026-08-27 09:00:00
2026-06-23,129740297,1306,0,0.6231435515,0.6127578256,0.6127578256,1.0000000,2,2,0.50665070000000000,0.506650700000,1.3955260008387969,1.3955260008387969,1.3955260008387969,0E-17,ELIGIBLE,R03b_20260811_FULL_v1,L1_ELIGIBILITY,v2026-08-11,2026-03-21..2026-08-06,baccarat_bet02_101_all_pairs_incl_sentinel,round_win = game_pnl > 0 (decisive only),COMPATIBILITY_ONLY_NOT_PRODUCTION,42404.8770,37633.9694,483.2517,2200,2196,-0.01139613,0.00825174,-0.01739291,-0.01139613,-483.2517,42404.8770,OK,0.0000,19.3301,4.0000,96.0000,AG03-UNRESOLVED,ALL5_LEVELS_bet23_to_bet27,19.3301,19.3301,19.3301,24.1626,24.1626,4.000000,4.000000,4.000000,5.000000,5.000000,96.000000,96.000000,96.000000,95.000000,95.000000,5.0,106.3154,97.3877,376.9363,385.864,PENDING_AG03,FALSE,NOT_FOR_ENFORCEMENT,463.9216,36128.6106,483.2517,463.9216,19.3301,0.01139613,0.01094029,19.3301,463.9216,0.01094029,19.3301,19.3301,19.3301,24.1626,24.1626,463.9216,0.01094029,106.3154,97.3877,376.9363,385.864,0.00888898,0.00909952,0.00045585,19.2749,17.1375,0.2201,5.7530,0.6409,504.8200,26.1429,7.1751,39.7174,2.9515,6.1317,20.2037,44.018,88.0359,220.0898,5.1098,0.0,14.357485,35.893712,3.143486,29,158,125,3,0.23384124,0.01139613,-0.00825174,0E-8,0.000000,0.887492,0.846818,0.02564465,2026-03-24,2026-08-06,84,754,547,136,0.617647,0.180654,0.372251,0.779471,,,,,,,,GLOBAL_BASELINE_NO_ENTITY_RANKING,,,NOT_APPLICABLE_GLOBAL_BASELINE,HF9g-P5,,,,X 全窗基线 · 不参与实体赏罚,8397900,840,A168_HF9F_20260827_0900,2026-08-27 09:00:00
2026-06-23,129740297,1307,0,2.7002887232,0.7270008101,0.7270008101,0.7500000,4,4,0.50665070000000000,0.506650700000,0.9734833216690844,0.9734833216690844,0.9734833216690844,0E-17,ELIGIBLE,R03b_20260811_FULL_v1,L1_ELIGIBILITY,v2026-08-11,2026-03-21..2026-08-06,baccarat_bet02_101_all_pairs_incl_sentinel,round_win = game_pnl > 0 (decisive only),COMPATIBILITY_ONLY_NOT_PRODUCTION,42404.8770,37633.9694,483.2517,2200,2196,-0.01139613,0.00825174,-0.01739291,-0.01139613,-483.2517,42404.8770,OK,0.0000,19.3301,4.0000,96.0000,AG03-UNRESOLVED,ALL5_LEVELS_bet23_to_bet27,19.3301,19.3301,19.3301,24.1626,24.1626,4.000000,4.000000,4.000000,5.000000,5.000000,96.000000,96.000000,96.000000,95.000000,95.000000,5.0,106.3154,97.3877,376.9363,385.864,PENDING_AG03,FALSE,NOT_FOR_ENFORCEMENT,463.9216,36128.6106,483.2517,463.9216,19.3301,0.01139613,0.01094029,19.3301,463.9216,0.01094029,19.3301,19.3301,19.3301,24.1626,24.1626,463.9216,0.01094029,106.3154,97.3877,376.9363,385.864,0.00888898,0.00909952,0.00045585,19.2749,17.1375,0.2201,5.7530,0.6409,504.8200,26.1429,7.1751,39.7174,2.9515,6.1317,20.2037,44.018,88.0359,220.0898,5.1098,0.0,14.357485,35.893712,3.143486,29,158,125,3,0.23384124,0.01139613,-0.00825174,0E-8,0.000000,0.887492,0.846818,0.02564465,2026-03-24,2026-08-06,84,754,547,136,0.617647,0.180654,0.372251,0.779471,,,,,,,,GLOBAL_BASELINE_NO_ENTITY_RANKING,,,NOT_APPLICABLE_GLOBAL_BASELINE,HF9g-P5,,,,X 全窗基线 · 不参与实体赏罚,8397901,840,A168_HF9F_20260827_0900,2026-08-27 09:00:00
2026-06-23,129740297,1402,0,4.7774338947,-0.4154290343,-0.4154290343,0.5000000,5,5,0.50665070000000000,0.506650700000,-0.02660515369234503,-0.02660515369234503,-0.02660515369234503,0E-17,ELIGIBLE,R03b_20260811_FULL_v1,L1_ELIGIBILITY,v2026-08-11,2026-03-21..2026-08-06,baccarat_bet02_101_all_pairs_incl_sentinel,round_win = game_pnl > 0 (decisive only),COMPATIBILITY_ONLY_NOT_PRODUCTION,42404.8770,37633.9694,483.2517,2200,2196,-0.01139613,0.00825174,-0.01739291,-0.01139613,-483.2517,42404.8770,OK,0.0000,19.3301,4.0000,96.0000,AG03-UNRESOLVED,ALL5_LEVELS_bet23_to_bet27,19.3301,19.3301,19.3301,24.1626,24.1626,4.000000,4.000000,4.000000,5.000000,5.000000,96.000000,96.000000,96.000000,95.000000,95.000000,5.0,106.3154,97.3877,376.9363,385.864,PENDING_AG03,FALSE,NOT_FOR_ENFORCEMENT,463.9216,36128.6106,483.2517,463.9216,19.3301,0.01139613,0.01094029,19.3301,463.9216,0.01094029,19.3301,19.3301,19.3301,24.1626,24.1626,463.9216,0.01094029,106.3154,97.3877,376.9363,385.864,0.00888898,0.00909952,0.00045585,19.2749,17.1375,0.2201,5.7530,0.6409,504.8200,26.1429,7.1751,39.7174,2.9515,6.1317,20.2037,44.018,88.0359,220.0898,5.1098,0.0,14.357485,35.893712,3.143486,29,158,125,3,0.23384124,0.01139613,-0.00825174,0E-8,0.000000,0.887492,0.846818,0.02564465,2026-03-24,2026-08-06,84,754,547,136,0.617647,0.180654,0.372251,0.779471,,,,,,,,GLOBAL_BASELINE_NO_ENTITY_RANKING,,,NOT_APPLICABLE_GLOBAL_BASELINE,HF9g-P5,,,,X 全窗基线 · 不参与实体赏罚,8397902,840,A168_HF9F_20260827_0900,2026-08-27 09:00:00
2026-06-23,129740297,2169,0,6.6468645492,-1.1424298444,-1.1424298444,0.4000000,8,8,0.50665070000000000,0.506650700000,-0.4769986289884125,-0.4769986289884125,-0.4769986289884125,0E-17,ELIGIBLE,R03b_20260811_FULL_v1,L1_ELIGIBILITY,v2026-08-11,2026-03-21..2026-08-06,baccarat_bet02_101_all_pairs_incl_sentinel,round_win = game_pnl > 0 (decisive only),COMPATIBILITY_ONLY_NOT_PRODUCTION,42404.8770,37633.9694,483.2517,2200,2196,-0.01139613,0.00825174,-0.01739291,-0.01139613,-483.2517,42404.8770,OK,0.0000,19.3301,4.0000,96.0000,AG03-UNRESOLVED,ALL5_LEVELS_bet23_to_bet27,19.3301,19.3301,19.3301,24.1626,24.1626,4.000000,4.000000,4.000000,5.000000,5.000000,96.000000,96.000000,96.000000,95.000000,95.000000,5.0,106.3154,97.3877,376.9363,385.864,PENDING_AG03,FALSE,NOT_FOR_ENFORCEMENT,463.9216,36128.6106,483.2517,463.9216,19.3301,0.01139613,0.01094029,19.3301,463.9216,0.01094029,19.3301,19.3301,19.3301,24.1626,24.1626,463.9216,0.01094029,106.3154,97.3877,376.9363,385.864,0.00888898,0.00909952,0.00045585,19.2749,17.1375,0.2201,5.7530,0.6409,504.8200,26.1429,7.1751,39.7174,2.9515,6.1317,20.2037,44.018,88.0359,220.0898,5.1098,0.0,14.357485,35.893712,3.143486,29,158,125,3,0.23384124,0.01139613,-0.00825174,0E-8,0.000000,0.887492,0.846818,0.02564465,2026-03-24,2026-08-06,84,754,547,136,0.617647,0.180654,0.372251,0.779471,,,,,,,,GLOBAL_BASELINE_NO_ENTITY_RANKING,,,NOT_APPLICABLE_GLOBAL_BASELINE,HF9g-P5,,,,X 全窗基线 · 不参与实体赏罚,8397903,840,A168_HF9F_20260827_0900,2026-08-27 09:00:00
2026-06-26,129740297,-1,1,9.3471532725,-3.2715036454,-3.2715036454,0.5000000,2,2,0.50665070000000000,0.506650700000,-0.018812684590367487,-0.018812684590367487,-0.018812684590367487,0E-17,SENTINEL_DEALER,R03b_20260811_FULL_v1,L1_ELIGIBILITY,v2026-08-11,2026-03-21..2026-08-06,baccarat_bet02_101_all_pairs_incl_sentinel,round_win = game_pnl > 0 (decisive only),COMPATIBILITY_ONLY_NOT_PRODUCTION,42404.8770,37633.9694,483.2517,2200,2196,-0.01139613,0.00825174,-0.01739291,-0.01139613,-483.2517,42404.8770,OK,0.0000,19.3301,4.0000,96.0000,AG03-UNRESOLVED,ALL5_LEVELS_bet23_to_bet27,19.3301,19.3301,19.3301,24.1626,24.1626,4.000000,4.000000,4.000000,5.000000,5.000000,96.000000,96.000000,96.000000,95.000000,95.000000,5.0,106.3154,97.3877,376.9363,385.864,PENDING_AG03,FALSE,NOT_FOR_ENFORCEMENT,463.9216,36128.6106,483.2517,463.9216,19.3301,0.01139613,0.01094029,19.3301,463.9216,0.01094029,19.3301,19.3301,19.3301,24.1626,24.1626,463.9216,0.01094029,106.3154,97.3877,376.9363,385.864,0.00888898,0.00909952,0.00045585,19.2749,17.1375,0.2201,5.7530,0.6409,504.8200,26.1429,7.1751,39.7174,2.9515,6.1317,20.2037,44.018,88.0359,220.0898,5.1098,0.0,14.357485,35.893712,3.143486,29,158,125,3,0.23384124,0.01139613,-0.00825174,0E-8,0.000000,0.887492,0.846818,0.02564465,2026-03-24,2026-08-06,84,754,547,136,0.617647,0.180654,0.372251,0.779471,,,,,,,,GLOBAL_BASELINE_NO_ENTITY_RANKING,,,NOT_APPLICABLE_GLOBAL_BASELINE,HF9g-P5,,,,X 全窗基线 · 不参与实体赏罚,8397904,840,A168_HF9F_20260827_0900,2026-08-27 09:00:00
2026-06-26,129740297,1220,0,8.3085806868,0E-10,0E-10,0.5000000,2,2,0.49324550000000000,0.493245500000,0.01910635448239258,0.01910635448239258,0.01910635448239258,0E-17,ELIGIBLE,R03b_20260811_FULL_v1,L1_ELIGIBILITY,v2026-08-11,2026-03-21..2026-08-06,baccarat_bet02_101_all_pairs_incl_sentinel,round_win = game_pnl > 0 (decisive only),COMPATIBILITY_ONLY_NOT_PRODUCTION,42404.8770,37633.9694,483.2517,2200,2196,-0.01139613,0.00825174,-0.01739291,-0.01139613,-483.2517,42404.8770,OK,0.0000,19.3301,4.0000,96.0000,AG03-UNRESOLVED,ALL5_LEVELS_bet23_to_bet27,19.3301,19.3301,19.3301,24.1626,24.1626,4.000000,4.000000,4.000000,5.000000,5.000000,96.000000,96.000000,96.000000,95.000000,95.000000,5.0,106.3154,97.3877,376.9363,385.864,PENDING_AG03,FALSE,NOT_FOR_ENFORCEMENT,463.9216,36128.6106,483.2517,463.9216,19.3301,0.01139613,0.01094029,19.3301,463.9216,0.01094029,19.3301,19.3301,19.3301,24.1626,24.1626,463.9216,0.01094029,106.3154,97.3877,376.9363,385.864,0.00888898,0.00909952,0.00045585,19.2749,17.1375,0.2201,5.7530,0.6409,504.8200,26.1429,7.1751,39.7174,2.9515,6.1317,20.2037,44.018,88.0359,220.0898,5.1098,0.0,14.357485,35.893712,3.143486,29,158,125,3,0.23384124,0.01139613,-0.00825174,0E-8,0.000000,0.887492,0.846818,0.02564465,2026-03-24,2026-08-06,84,754,547,136,0.617647,0.180654,0.372251,0.779471,,,,,,,,GLOBAL_BASELINE_NO_ENTITY_RANKING,,,NOT_APPLICABLE_GLOBAL_BASELINE,HF9g-P5,,,,X 全窗基线 · 不参与实体赏罚,8397905,840,A168_HF9F_20260827_0900,2026-08-27 09:00:00
2026-06-26,129740297,1384,0,176.5573395926,83.0858068670,83.0858068670,0.7142857,7,7,0.50665070000000000,0.506650700000,1.098798430526454,1.098798430526454,1.098798430526454,0E-17,ELIGIBLE,R03b_20260811_FULL_v1,L1_ELIGIBILITY,v2026-08-11,2026-03-21..2026-08-06,baccarat_bet02_101_all_pairs_incl_sentinel,round_win = game_pnl > 0 (decisive only),COMPATIBILITY_ONLY_NOT_PRODUCTION,42404.8770,37633.9694,483.2517,2200,2196,-0.01139613,0.00825174,-0.01739291,-0.01139613,-483.2517,42404.8770,OK,0.0000,19.3301,4.0000,96.0000,AG03-UNRESOLVED,ALL5_LEVELS_bet23_to_bet27,19.3301,19.3301,19.3301,24.1626,24.1626,4.000000,4.000000,4.000000,5.000000,5.000000,96.000000,96.000000,96.000000,95.000000,95.000000,5.0,106.3154,97.3877,376.9363,385.864,PENDING_AG03,FALSE,NOT_FOR_ENFORCEMENT,463.9216,36128.6106,483.2517,463.9216,19.3301,0.01139613,0.01094029,19.3301,463.9216,0.01094029,19.3301,19.3301,19.3301,24.1626,24.1626,463.9216,0.01094029,106.3154,97.3877,376.9363,385.864,0.00888898,0.00909952,0.00045585,19.2749,17.1375,0.2201,5.7530,0.6409,504.8200,26.1429,7.1751,39.7174,2.9515,6.1317,20.2037,44.018,88.0359,220.0898,5.1098,0.0,14.357485,35.893712,3.143486,29,158,125,3,0.23384124,0.01139613,-0.00825174,0E-8,0.000000,0.887492,0.846818,0.02564465,2026-03-24,2026-08-06,84,754,547,136,0.617647,0.180654,0.372251,0.779471,,,,,,,,GLOBAL_BASELINE_NO_ENTITY_RANKING,,,NOT_APPLICABLE_GLOBAL_BASELINE,HF9g-P5,,,,X 全窗基线 · 不参与实体赏罚,8397906,840,A168_HF9F_20260827_0900,2026-08-27 09:00:00
2026-06-26,129740297,1400,0,45.6971937770,14.3323016846,14.3323016846,0.6666667,4,4,0.50665070000000000,0.506650700000,0.5543606114942035,0.5543606114942035,0.5543606114942035,0E-17,ELIGIBLE,R03b_20260811_FULL_v1,L1_ELIGIBILITY,v2026-08-11,2026-03-21..2026-08-06,baccarat_bet02_101_all_pairs_incl_sentinel,round_win = game_pnl > 0 (decisive only),COMPATIBILITY_ONLY_NOT_PRODUCTION,42404.8770,37633.9694,483.2517,2200,2196,-0.01139613,0.00825174,-0.01739291,-0.01139613,-483.2517,42404.8770,OK,0.0000,19.3301,4.0000,96.0000,AG03-UNRESOLVED,ALL5_LEVELS_bet23_to_bet27,19.3301,19.3301,19.3301,24.1626,24.1626,4.000000,4.000000,4.000000,5.000000,5.000000,96.000000,96.000000,96.000000,95.000000,95.000000,5.0,106.3154,97.3877,376.9363,385.864,PENDING_AG03,FALSE,NOT_FOR_ENFORCEMENT,463.9216,36128.6106,483.2517,463.9216,19.3301,0.01139613,0.01094029,19.3301,463.9216,0.01094029,19.3301,19.3301,19.3301,24.1626,24.1626,463.9216,0.01094029,106.3154,97.3877,376.9363,385.864,0.00888898,0.00909952,0.00045585,19.2749,17.1375,0.2201,5.7530,0.6409,504.8200,26.1429,7.1751,39.7174,2.9515,6.1317,20.2037,44.018,88.0359,220.0898,5.1098,0.0,14.357485,35.893712,3.143486,29,158,125,3,0.23384124,0.01139613,-0.00825174,0E-8,0.000000,0.887492,0.846818,0.02564465,2026-03-24,2026-08-06,84,754,547,136,0.617647,0.180654,0.372251,0.779471,,,,,,,,GLOBAL_BASELINE_NO_ENTITY_RANKING,,,NOT_APPLICABLE_GLOBAL_BASELINE,HF9g-P5,,,,X 全窗基线 · 不参与实体赏罚,8397907,840,A168_HF9F_20260827_0900,2026-08-27 09:00:00
2026-06-26,129740297,1509,0,10.3857258584,-10.3857258584,-10.3857258584,0E-7,1,1,0.50665070000000000,0.506650700000,-1.013391052207602,-1.013391052207602,-1.013391052207602,0E-17,ELIGIBLE,R03b_20260811_FULL_v1,L1_ELIGIBILITY,v2026-08-11,2026-03-21..2026-08-06,baccarat_bet02_101_all_pairs_incl_sentinel,round_win = game_pnl > 0 (decisive only),COMPATIBILITY_ONLY_NOT_PRODUCTION,42404.8770,37633.9694,483.2517,2200,2196,-0.01139613,0.00825174,-0.01739291,-0.01139613,-483.2517,42404.8770,OK,0.0000,19.3301,4.0000,96.0000,AG03-UNRESOLVED,ALL5_LEVELS_bet23_to_bet27,19.3301,19.3301,19.3301,24.1626,24.1626,4.000000,4.000000,4.000000,5.000000,5.000000,96.000000,96.000000,96.000000,95.000000,95.000000,5.0,106.3154,97.3877,376.9363,385.864,PENDING_AG03,FALSE,NOT_FOR_ENFORCEMENT,463.9216,36128.6106,483.2517,463.9216,19.3301,0.01139613,0.01094029,19.3301,463.9216,0.01094029,19.3301,19.3301,19.3301,24.1626,24.1626,463.9216,0.01094029,106.3154,97.3877,376.9363,385.864,0.00888898,0.00909952,0.00045585,19.2749,17.1375,0.2201,5.7530,0.6409,504.8200,26.1429,7.1751,39.7174,2.9515,6.1317,20.2037,44.018,88.0359,220.0898,5.1098,0.0,14.357485,35.893712,3.143486,29,158,125,3,0.23384124,0.01139613,-0.00825174,0E-8,0.000000,0.887492,0.846818,0.02564465,2026-03-24,2026-08-06,84,754,547,136,0.617647,0.180654,0.372251,0.779471,,,,,,,,GLOBAL_BASELINE_NO_ENTITY_RANKING,,,NOT_APPLICABLE_GLOBAL_BASELINE,HF9g-P5,,,,X 全窗基线 · 不参与实体赏罚,8397908,840,A168_HF9F_20260827_0900,2026-08-27 09:00:00
2026-06-26,129740297,1654,0,10.3857258584,10.3857258584,10.3857258584,1.0000000,1,1,0.50665070000000000,0.506650700000,0.9867858985152569,0.9867858985152569,0.9867858985152569,0E-17,ELIGIBLE,R03b_20260811_FULL_v1,L1_ELIGIBILITY,v2026-08-11,2026-03-21..2026-08-06,baccarat_bet02_101_all_pairs_incl_sentinel,round_win = game_pnl > 0 (decisive only),COMPATIBILITY_ONLY_NOT_PRODUCTION,42404.8770,37633.9694,483.2517,2200,2196,-0.01139613,0.00825174,-0.01739291,-0.01139613,-483.2517,42404.8770,OK,0.0000,19.3301,4.0000,96.0000,AG03-UNRESOLVED,ALL5_LEVELS_bet23_to_bet27,19.3301,19.3301,19.3301,24.1626,24.1626,4.000000,4.000000,4.000000,5.000000,5.000000,96.000000,96.000000,96.000000,95.000000,95.000000,5.0,106.3154,97.3877,376.9363,385.864,PENDING_AG03,FALSE,NOT_FOR_ENFORCEMENT,463.9216,36128.6106,483.2517,463.9216,19.3301,0.01139613,0.01094029,19.3301,463.9216,0.01094029,19.3301,19.3301,19.3301,24.1626,24.1626,463.9216,0.01094029,106.3154,97.3877,376.9363,385.864,0.00888898,0.00909952,0.00045585,19.2749,17.1375,0.2201,5.7530,0.6409,504.8200,26.1429,7.1751,39.7174,2.9515,6.1317,20.2037,44.018,88.0359,220.0898,5.1098,0.0,14.357485,35.893712,3.143486,29,158,125,3,0.23384124,0.01139613,-0.00825174,0E-8,0.000000,0.887492,0.846818,0.02564465,2026-03-24,2026-08-06,84,754,547,136,0.617647,0.180654,0.372251,0.779471,,,,,,,,GLOBAL_BASELINE_NO_ENTITY_RANKING,,,NOT_APPLICABLE_GLOBAL_BASELINE,HF9g-P5,,,,X 全窗基线 · 不参与实体赏罚,8397909,840,A168_HF9F_20260827_0900,2026-08-27 09:00:00
2026-06-26,129740297,2093,0,41.5429034336,0E-10,0E-10,0.5000000,2,2,0.50665070000000000,0.506650700000,-0.018812684590367487,-0.018812684590367487,-0.018812684590367487,0E-17,ELIGIBLE,R03b_20260811_FULL_v1,L1_ELIGIBILITY,v2026-08-11,2026-03-21..2026-08-06,baccarat_bet02_101_all_pairs_incl_sentinel,round_win = game_pnl > 0 (decisive only),COMPATIBILITY_ONLY_NOT_PRODUCTION,42404.8770,37633.9694,483.2517,2200,2196,-0.01139613,0.00825174,-0.01739291,-0.01139613,-483.2517,42404.8770,OK,0.0000,19.3301,4.0000,96.0000,AG03-UNRESOLVED,ALL5_LEVELS_bet23_to_bet27,19.3301,19.3301,19.3301,24.1626,24.1626,4.000000,4.000000,4.000000,5.000000,5.000000,96.000000,96.000000,96.000000,95.000000,95.000000,5.0,106.3154,97.3877,376.9363,385.864,PENDING_AG03,FALSE,NOT_FOR_ENFORCEMENT,463.9216,36128.6106,483.2517,463.9216,19.3301,0.01139613,0.01094029,19.3301,463.9216,0.01094029,19.3301,19.3301,19.3301,24.1626,24.1626,463.9216,0.01094029,106.3154,97.3877,376.9363,385.864,0.00888898,0.00909952,0.00045585,19.2749,17.1375,0.2201,5.7530,0.6409,504.8200,26.1429,7.1751,39.7174,2.9515,6.1317,20.2037,44.018,88.0359,220.0898,5.1098,0.0,14.357485,35.893712,3.143486,29,158,125,3,0.23384124,0.01139613,-0.00825174,0E-8,0.000000,0.887492,0.846818,0.02564465,2026-03-24,2026-08-06,84,754,547,136,0.617647,0.180654,0.372251,0.779471,,,,,,,,GLOBAL_BASELINE_NO_ENTITY_RANKING,,,NOT_APPLICABLE_GLOBAL_BASELINE,HF9g-P5,,,,X 全窗基线 · 不参与实体赏罚,8397910,840,A168_HF9F_20260827_0900,2026-08-27 09:00:00
2026-06-26,129740297,2134,0,20.7714517168,0E-10,0E-10,,1,1,0.49324550000000000,0.493245500000,,,,0E-17,NO_DECISIVE_ROUND,R03b_20260811_FULL_v1,L1_ELIGIBILITY,v2026-08-11,2026-03-21..2026-08-06,baccarat_bet02_101_all_pairs_incl_sentinel,round_win = game_pnl > 0 (decisive only),COMPATIBILITY_ONLY_NOT_PRODUCTION,42404.8770,37633.9694,483.2517,2200,2196,-0.01139613,0.00825174,-0.01739291,-0.01139613,-483.2517,42404.8770,OK,0.0000,19.3301,4.0000,96.0000,AG03-UNRESOLVED,ALL5_LEVELS_bet23_to_bet27,19.3301,19.3301,19.3301,24.1626,24.1626,4.000000,4.000000,4.000000,5.000000,5.000000,96.000000,96.000000,96.000000,95.000000,95.000000,5.0,106.3154,97.3877,376.9363,385.864,PENDING_AG03,FALSE,NOT_FOR_ENFORCEMENT,463.9216,36128.6106,483.2517,463.9216,19.3301,0.01139613,0.01094029,19.3301,463.9216,0.01094029,19.3301,19.3301,19.3301,24.1626,24.1626,463.9216,0.01094029,106.3154,97.3877,376.9363,385.864,0.00888898,0.00909952,0.00045585,19.2749,17.1375,0.2201,5.7530,0.6409,504.8200,26.1429,7.1751,39.7174,2.9515,6.1317,20.2037,44.018,88.0359,220.0898,5.1098,0.0,14.357485,35.893712,3.143486,29,158,125,3,0.23384124,0.01139613,-0.00825174,0E-8,0.000000,0.887492,0.846818,0.02564465,2026-03-24,2026-08-06,84,754,547,136,0.617647,0.180654,0.372251,0.779471,,,,,,,,GLOBAL_BASELINE_NO_ENTITY_RANKING,,,NOT_APPLICABLE_GLOBAL_BASELINE,HF9g-P5,,,,X 全窗基线 · 不参与实体赏罚,8397911,840,A168_HF9F_20260827_0900,2026-08-27 09:00:00
2026-06-26,129740297,2141,0,3.5311467918,3.3545894523,3.3545894523,1.0000000,1,1,0.50665070000000000,0.506650700000,0.9867858985152569,0.9867858985152569,0.9867858985152569,0E-17,ELIGIBLE,R03b_20260811_FULL_v1,L1_ELIGIBILITY,v2026-08-11,2026-03-21..2026-08-06,baccarat_bet02_101_all_pairs_incl_sentinel,round_win = game_pnl > 0 (decisive only),COMPATIBILITY_ONLY_NOT_PRODUCTION,42404.8770,37633.9694,483.2517,2200,2196,-0.01139613,0.00825174,-0.01739291,-0.01139613,-483.2517,42404.8770,OK,0.0000,19.3301,4.0000,96.0000,AG03-UNRESOLVED,ALL5_LEVELS_bet23_to_bet27,19.3301,19.3301,19.3301,24.1626,24.1626,4.000000,4.000000,4.000000,5.000000,5.000000,96.000000,96.000000,96.000000,95.000000,95.000000,5.0,106.3154,97.3877,376.9363,385.864,PENDING_AG03,FALSE,NOT_FOR_ENFORCEMENT,463.9216,36128.6106,483.2517,463.9216,19.3301,0.01139613,0.01094029,19.3301,463.9216,0.01094029,19.3301,19.3301,19.3301,24.1626,24.1626,463.9216,0.01094029,106.3154,97.3877,376.9363,385.864,0.00888898,0.00909952,0.00045585,19.2749,17.1375,0.2201,5.7530,0.6409,504.8200,26.1429,7.1751,39.7174,2.9515,6.1317,20.2037,44.018,88.0359,220.0898,5.1098,0.0,14.357485,35.893712,3.143486,29,158,125,3,0.23384124,0.01139613,-0.00825174,0E-8,0.000000,0.887492,0.846818,0.02564465,2026-03-24,2026-08-06,84,754,547,136,0.617647,0.180654,0.372251,0.779471,,,,,,,,GLOBAL_BASELINE_NO_ENTITY_RANKING,,,NOT_APPLICABLE_GLOBAL_BASELINE,HF9g-P5,,,,X 全窗基线 · 不参与实体赏罚,8397912,840,A168_HF9F_20260827_0900,2026-08-27 09:00:00
2026-06-26,129740297,2170,0,41.5429034336,20.7714517168,20.7714517168,1.0000000,2,2,0.50665070000000000,0.506650700000,0.9867858985152569,0.9867858985152569,0.9867858985152569,0E-17,ELIGIBLE,R03b_20260811_FULL_v1,L1_ELIGIBILITY,v2026-08-11,2026-03-21..2026-08-06,baccarat_bet02_101_all_pairs_incl_sentinel,round_win = game_pnl > 0 (decisive only),COMPATIBILITY_ONLY_NOT_PRODUCTION,42404.8770,37633.9694,483.2517,2200,2196,-0.01139613,0.00825174,-0.01739291,-0.01139613,-483.2517,42404.8770,OK,0.0000,19.3301,4.0000,96.0000,AG03-UNRESOLVED,ALL5_LEVELS_bet23_to_bet27,19.3301,19.3301,19.3301,24.1626,24.1626,4.000000,4.000000,4.000000,5.000000,5.000000,96.000000,96.000000,96.000000,95.000000,95.000000,5.0,106.3154,97.3877,376.9363,385.864,PENDING_AG03,FALSE,NOT_FOR_ENFORCEMENT,463.9216,36128.6106,483.2517,463.9216,19.3301,0.01139613,0.01094029,19.3301,463.9216,0.01094029,19.3301,19.3301,19.3301,24.1626,24.1626,463.9216,0.01094029,106.3154,97.3877,376.9363,385.864,0.00888898,0.00909952,0.00045585,19.2749,17.1375,0.2201,5.7530,0.6409,504.8200,26.1429,7.1751,39.7174,2.9515,6.1317,20.2037,44.018,88.0359,220.0898,5.1098,0.0,14.357485,35.893712,3.143486,29,158,125,3,0.23384124,0.01139613,-0.00825174,0E-8,0.000000,0.887492,0.846818,0.02564465,2026-03-24,2026-08-06,84,754,547,136,0.617647,0.180654,0.372251,0.779471,,,,,,,,GLOBAL_BASELINE_NO_ENTITY_RANKING,,,NOT_APPLICABLE_GLOBAL_BASELINE,HF9g-P5,,,,X 全窗基线 · 不参与实体赏罚,8397913,840,A168_HF9F_20260827_0900,2026-08-27 09:00:00
2026-06-26,129740297,2177,0,14.1245871674,-8.6097667366,-8.6097667366,0.5000000,3,3,0.50665070000000000,0.506650700000,-0.018812684590367487,-0.018812684590367487,-0.018812684590367487,0E-17,ELIGIBLE,R03b_20260811_FULL_v1,L1_ELIGIBILITY,v2026-08-11,2026-03-21..2026-08-06,baccarat_bet02_101_all_pairs_incl_sentinel,round_win = game_pnl > 0 (decisive only),COMPATIBILITY_ONLY_NOT_PRODUCTION,42404.8770,37633.9694,483.2517,2200,2196,-0.01139613,0.00825174,-0.01739291,-0.01139613,-483.2517,42404.8770,OK,0.0000,19.3301,4.0000,96.0000,AG03-UNRESOLVED,ALL5_LEVELS_bet23_to_bet27,19.3301,19.3301,19.3301,24.1626,24.1626,4.000000,4.000000,4.000000,5.000000,5.000000,96.000000,96.000000,96.000000,95.000000,95.000000,5.0,106.3154,97.3877,376.9363,385.864,PENDING_AG03,FALSE,NOT_FOR_ENFORCEMENT,463.9216,36128.6106,483.2517,463.9216,19.3301,0.01139613,0.01094029,19.3301,463.9216,0.01094029,19.3301,19.3301,19.3301,24.1626,24.1626,463.9216,0.01094029,106.3154,97.3877,376.9363,385.864,0.00888898,0.00909952,0.00045585,19.2749,17.1375,0.2201,5.7530,0.6409,504.8200,26.1429,7.1751,39.7174,2.9515,6.1317,20.2037,44.018,88.0359,220.0898,5.1098,0.0,14.357485,35.893712,3.143486,29,158,125,3,0.23384124,0.01139613,-0.00825174,0E-8,0.000000,0.887492,0.846818,0.02564465,2026-03-24,2026-08-06,84,754,547,136,0.617647,0.180654,0.372251,0.779471,,,,,,,,GLOBAL_BASELINE_NO_ENTITY_RANKING,,,NOT_APPLICABLE_GLOBAL_BASELINE,HF9g-P5,,,,X 全窗基线 · 不参与实体赏罚,8397914,840,A168_HF9F_20260827_0900,2026-08-27 09:00:00
2026-06-26,129740297,2234,0,4.1542903434,3.9465758262,3.9465758262,1.0000000,1,1,0.50665070000000000,0.506650700000,0.9867858985152569,0.9867858985152569,0.9867858985152569,0E-17,ELIGIBLE,R03b_20260811_FULL_v1,L1_ELIGIBILITY,v2026-08-11,2026-03-21..2026-08-06,baccarat_bet02_101_all_pairs_incl_sentinel,round_win = game_pnl > 0 (decisive only),COMPATIBILITY_ONLY_NOT_PRODUCTION,42404.8770,37633.9694,483.2517,2200,2196,-0.01139613,0.00825174,-0.01739291,-0.01139613,-483.2517,42404.8770,OK,0.0000,19.3301,4.0000,96.0000,AG03-UNRESOLVED,ALL5_LEVELS_bet23_to_bet27,19.3301,19.3301,19.3301,24.1626,24.1626,4.000000,4.000000,4.000000,5.000000,5.000000,96.000000,96.000000,96.000000,95.000000,95.000000,5.0,106.3154,97.3877,376.9363,385.864,PENDING_AG03,FALSE,NOT_FOR_ENFORCEMENT,463.9216,36128.6106,483.2517,463.9216,19.3301,0.01139613,0.01094029,19.3301,463.9216,0.01094029,19.3301,19.3301,19.3301,24.1626,24.1626,463.9216,0.01094029,106.3154,97.3877,376.9363,385.864,0.00888898,0.00909952,0.00045585,19.2749,17.1375,0.2201,5.7530,0.6409,504.8200,26.1429,7.1751,39.7174,2.9515,6.1317,20.2037,44.018,88.0359,220.0898,5.1098,0.0,14.357485,35.893712,3.143486,29,158,125,3,0.23384124,0.01139613,-0.00825174,0E-8,0.000000,0.887492,0.846818,0.02564465,2026-03-24,2026-08-06,84,754,547,136,0.617647,0.180654,0.372251,0.779471,,,,,,,,GLOBAL_BASELINE_NO_ENTITY_RANKING,,,NOT_APPLICABLE_GLOBAL_BASELINE,HF9g-P5,,,,X 全窗基线 · 不参与实体赏罚,8397915,840,A168_HF9F_20260827_0900,2026-08-27 09:00:00
2026-06-26,129740297,2235,0,41.5429034336,20.7714517168,20.7714517168,1.0000000,2,2,0.50665070000000000,0.506650700000,0.9867858985152569,0.9867858985152569,0.9867858985152569,0E-17,ELIGIBLE,R03b_20260811_FULL_v1,L1_ELIGIBILITY,v2026-08-11,2026-03-21..2026-08-06,baccarat_bet02_101_all_pairs_incl_sentinel,round_win = game_pnl > 0 (decisive only),COMPATIBILITY_ONLY_NOT_PRODUCTION,42404.8770,37633.9694,483.2517,2200,2196,-0.01139613,0.00825174,-0.01739291,-0.01139613,-483.2517,42404.8770,OK,0.0000,19.3301,4.0000,96.0000,AG03-UNRESOLVED,ALL5_LEVELS_bet23_to_bet27,19.3301,19.3301,19.3301,24.1626,24.1626,4.000000,4.000000,4.000000,5.000000,5.000000,96.000000,96.000000,96.000000,95.000000,95.000000,5.0,106.3154,97.3877,376.9363,385.864,PENDING_AG03,FALSE,NOT_FOR_ENFORCEMENT,463.9216,36128.6106,483.2517,463.9216,19.3301,0.01139613,0.01094029,19.3301,463.9216,0.01094029,19.3301,19.3301,19.3301,24.1626,24.1626,463.9216,0.01094029,106.3154,97.3877,376.9363,385.864,0.00888898,0.00909952,0.00045585,19.2749,17.1375,0.2201,5.7530,0.6409,504.8200,26.1429,7.1751,39.7174,2.9515,6.1317,20.2037,44.018,88.0359,220.0898,5.1098,0.0,14.357485,35.893712,3.143486,29,158,125,3,0.23384124,0.01139613,-0.00825174,0E-8,0.000000,0.887492,0.846818,0.02564465,2026-03-24,2026-08-06,84,754,547,136,0.617647,0.180654,0.372251,0.779471,,,,,,,,GLOBAL_BASELINE_NO_ENTITY_RANKING,,,NOT_APPLICABLE_GLOBAL_BASELINE,HF9g-P5,,,,X 全窗基线 · 不参与实体赏罚,8397916,840,A168_HF9F_20260827_0900,2026-08-27 09:00:00
2026-06-26,129740297,2246,0,311.5717757515,62.3143551503,62.3143551503,0.5000000,6,6,0.50665070000000000,0.506650700000,-0.032584525537284574,-0.032584525537284574,-0.032584525537284574,0E-17,ELIGIBLE,R03b_20260811_FULL_v1,L1_ELIGIBILITY,v2026-08-11,2026-03-21..2026-08-06,baccarat_bet02_101_all_pairs_incl_sentinel,round_win = game_pnl > 0 (decisive only),COMPATIBILITY_ONLY_NOT_PRODUCTION,42404.8770,37633.9694,483.2517,2200,2196,-0.01139613,0.00825174,-0.01739291,-0.01139613,-483.2517,42404.8770,OK,0.0000,19.3301,4.0000,96.0000,AG03-UNRESOLVED,ALL5_LEVELS_bet23_to_bet27,19.3301,19.3301,19.3301,24.1626,24.1626,4.000000,4.000000,4.000000,5.000000,5.000000,96.000000,96.000000,96.000000,95.000000,95.000000,5.0,106.3154,97.3877,376.9363,385.864,PENDING_AG03,FALSE,NOT_FOR_ENFORCEMENT,463.9216,36128.6106,483.2517,463.9216,19.3301,0.01139613,0.01094029,19.3301,463.9216,0.01094029,19.3301,19.3301,19.3301,24.1626,24.1626,463.9216,0.01094029,106.3154,97.3877,376.9363,385.864,0.00888898,0.00909952,0.00045585,19.2749,17.1375,0.2201,5.7530,0.6409,504.8200,26.1429,7.1751,39.7174,2.9515,6.1317,20.2037,44.018,88.0359,220.0898,5.1098,0.0,14.357485,35.893712,3.143486,29,158,125,3,0.23384124,0.01139613,-0.00825174,0E-8,0.000000,0.887492,0.846818,0.02564465,2026-03-24,2026-08-06,84,754,547,136,0.617647,0.180654,0.372251,0.779471,,,,,,,,GLOBAL_BASELINE_NO_ENTITY_RANKING,,,NOT_APPLICABLE_GLOBAL_BASELINE,HF9g-P5,,,,X 全窗基线 · 不参与实体赏罚,8397917,840,A168_HF9F_20260827_0900,2026-08-27 09:00:00
2026-06-26,129740297,2252,0,41.5429034336,-41.5429034336,-41.5429034336,0E-7,2,2,0.50665070000000000,0.506650700000,-1.4331513700195317,-1.4331513700195317,-1.4331513700195317,0E-17,ELIGIBLE,R03b_20260811_FULL_v1,L1_ELIGIBILITY,v2026-08-11,2026-03-21..2026-08-06,baccarat_bet02_101_all_pairs_incl_sentinel,round_win = game_pnl > 0 (decisive only),COMPATIBILITY_ONLY_NOT_PRODUCTION,42404.8770,37633.9694,483.2517,2200,2196,-0.01139613,0.00825174,-0.01739291,-0.01139613,-483.2517,42404.8770,OK,0.0000,19.3301,4.0000,96.0000,AG03-UNRESOLVED,ALL5_LEVELS_bet23_to_bet27,19.3301,19.3301,19.3301,24.1626,24.1626,4.000000,4.000000,4.000000,5.000000,5.000000,96.000000,96.000000,96.000000,95.000000,95.000000,5.0,106.3154,97.3877,376.9363,385.864,PENDING_AG03,FALSE,NOT_FOR_ENFORCEMENT,463.9216,36128.6106,483.2517,463.9216,19.3301,0.01139613,0.01094029,19.3301,463.9216,0.01094029,19.3301,19.3301,19.3301,24.1626,24.1626,463.9216,0.01094029,106.3154,97.3877,376.9363,385.864,0.00888898,0.00909952,0.00045585,19.2749,17.1375,0.2201,5.7530,0.6409,504.8200,26.1429,7.1751,39.7174,2.9515,6.1317,20.2037,44.018,88.0359,220.0898,5.1098,0.0,14.357485,35.893712,3.143486,29,158,125,3,0.23384124,0.01139613,-0.00825174,0E-8,0.000000,0.887492,0.846818,0.02564465,2026-03-24,2026-08-06,84,754,547,136,0.617647,0.180654,0.372251,0.779471,,,,,,,,GLOBAL_BASELINE_NO_ENTITY_RANKING,,,NOT_APPLICABLE_GLOBAL_BASELINE,HF9g-P5,,,,X 全窗基线 · 不参与实体赏罚,8397918,840,A168_HF9F_20260827_0900,2026-08-27 09:00:00
2026-06-26,129740297,583,0,83.0858068671,62.3143551503,62.3143551503,0.8888889,9,9,0.49324550000000000,0.493245500000,2.374076969527786,2.374076969527786,2.374076969527786,0E-17,ELIGIBLE,R03b_20260811_FULL_v1,L1_ELIGIBILITY,v2026-08-11,2026-03-21..2026-08-06,baccarat_bet02_101_all_pairs_incl_sentinel,round_win = game_pnl > 0 (decisive only),COMPATIBILITY_ONLY_NOT_PRODUCTION,42404.8770,37633.9694,483.2517,2200,2196,-0.01139613,0.00825174,-0.01739291,-0.01139613,-483.2517,42404.8770,OK,0.0000,19.3301,4.0000,96.0000,AG03-UNRESOLVED,ALL5_LEVELS_bet23_to_bet27,19.3301,19.3301,19.3301,24.1626,24.1626,4.000000,4.000000,4.000000,5.000000,5.000000,96.000000,96.000000,96.000000,95.000000,95.000000,5.0,106.3154,97.3877,376.9363,385.864,PENDING_AG03,FALSE,NOT_FOR_ENFORCEMENT,463.9216,36128.6106,483.2517,463.9216,19.3301,0.01139613,0.01094029,19.3301,463.9216,0.01094029,19.3301,19.3301,19.3301,24.1626,24.1626,463.9216,0.01094029,106.3154,97.3877,376.9363,385.864,0.00888898,0.00909952,0.00045585,19.2749,17.1375,0.2201,5.7530,0.6409,504.8200,26.1429,7.1751,39.7174,2.9515,6.1317,20.2037,44.018,88.0359,220.0898,5.1098,0.0,14.357485,35.893712,3.143486,29,158,125,3,0.23384124,0.01139613,-0.00825174,0E-8,0.000000,0.887492,0.846818,0.02564465,2026-03-24,2026-08-06,84,754,547,136,0.617647,0.180654,0.372251,0.779471,,,,,,,,GLOBAL_BASELINE_NO_ENTITY_RANKING,,,NOT_APPLICABLE_GLOBAL_BASELINE,HF9g-P5,,,,X 全窗基线 · 不参与实体赏罚,8397919,840,A168_HF9F_20260827_0900,2026-08-27 09:00:00
2026-06-26,129740297,752,0,22.8485968886,10.1780113414,10.1780113414,0.8000000,5,5,0.49592654000000000,0.495926540000,1.359902984124143,1.359902984124143,1.359902984124143,0E-17,ELIGIBLE,R03b_20260811_FULL_v1,L1_ELIGIBILITY,v2026-08-11,2026-03-21..2026-08-06,baccarat_bet02_101_all_pairs_incl_sentinel,round_win = game_pnl > 0 (decisive only),COMPATIBILITY_ONLY_NOT_PRODUCTION,42404.8770,37633.9694,483.2517,2200,2196,-0.01139613,0.00825174,-0.01739291,-0.01139613,-483.2517,42404.8770,OK,0.0000,19.3301,4.0000,96.0000,AG03-UNRESOLVED,ALL5_LEVELS_bet23_to_bet27,19.3301,19.3301,19.3301,24.1626,24.1626,4.000000,4.000000,4.000000,5.000000,5.000000,96.000000,96.000000,96.000000,95.000000,95.000000,5.0,106.3154,97.3877,376.9363,385.864,PENDING_AG03,FALSE,NOT_FOR_ENFORCEMENT,463.9216,36128.6106,483.2517,463.9216,19.3301,0.01139613,0.01094029,19.3301,463.9216,0.01094029,19.3301,19.3301,19.3301,24.1626,24.1626,463.9216,0.01094029,106.3154,97.3877,376.9363,385.864,0.00888898,0.00909952,0.00045585,19.2749,17.1375,0.2201,5.7530,0.6409,504.8200,26.1429,7.1751,39.7174,2.9515,6.1317,20.2037,44.018,88.0359,220.0898,5.1098,0.0,14.357485,35.893712,3.143486,29,158,125,3,0.23384124,0.01139613,-0.00825174,0E-8,0.000000,0.887492,0.846818,0.02564465,2026-03-24,2026-08-06,84,754,547,136,0.617647,0.180654,0.372251,0.779471,,,,,,,,GLOBAL_BASELINE_NO_ENTITY_RANKING,,,NOT_APPLICABLE_GLOBAL_BASELINE,HF9g-P5,,,,X 全窗基线 · 不参与实体赏罚,8397920,840,A168_HF9F_20260827_0900,2026-08-27 09:00:00
2026-06-26,129740297,925,0,31.1571775752,20.7714517168,20.7714517168,1.0000000,2,2,0.50665070000000000,0.506650700000,1.3955260008387969,1.3955260008387969,1.3955260008387969,0E-17,ELIGIBLE,R03b_20260811_FULL_v1,L1_ELIGIBILITY,v2026-08-11,2026-03-21..2026-08-06,baccarat_bet02_101_all_pairs_incl_sentinel,round_win = game_pnl > 0 (decisive only),COMPATIBILITY_ONLY_NOT_PRODUCTION,42404.8770,37633.9694,483.2517,2200,2196,-0.01139613,0.00825174,-0.01739291,-0.01139613,-483.2517,42404.8770,OK,0.0000,19.3301,4.0000,96.0000,AG03-UNRESOLVED,ALL5_LEVELS_bet23_to_bet27,19.3301,19.3301,19.3301,24.1626,24.1626,4.000000,4.000000,4.000000,5.000000,5.000000,96.000000,96.000000,96.000000,95.000000,95.000000,5.0,106.3154,97.3877,376.9363,385.864,PENDING_AG03,FALSE,NOT_FOR_ENFORCEMENT,463.9216,36128.6106,483.2517,463.9216,19.3301,0.01139613,0.01094029,19.3301,463.9216,0.01094029,19.3301,19.3301,19.3301,24.1626,24.1626,463.9216,0.01094029,106.3154,97.3877,376.9363,385.864,0.00888898,0.00909952,0.00045585,19.2749,17.1375,0.2201,5.7530,0.6409,504.8200,26.1429,7.1751,39.7174,2.9515,6.1317,20.2037,44.018,88.0359,220.0898,5.1098,0.0,14.357485,35.893712,3.143486,29,158,125,3,0.23384124,0.01139613,-0.00825174,0E-8,0.000000,0.887492,0.846818,0.02564465,2026-03-24,2026-08-06,84,754,547,136,0.617647,0.180654,0.372251,0.779471,,,,,,,,GLOBAL_BASELINE_NO_ENTITY_RANKING,,,NOT_APPLICABLE_GLOBAL_BASELINE,HF9g-P5,,,,X 全窗基线 · 不参与实体赏罚,8397921,840,A168_HF9F_20260827_0900,2026-08-27 09:00:00
2026-06-27,129740297,-1,1,124.6287103005,41.5429034335,41.5429034335,0.5000000,2,2,0.49324550000000000,0.493245500000,0.01910635448239258,0.01910635448239258,0.01910635448239258,0E-17,SENTINEL_DEALER,R03b_20260811_FULL_v1,L1_ELIGIBILITY,v2026-08-11,2026-03-21..2026-08-06,baccarat_bet02_101_all_pairs_incl_sentinel,round_win = game_pnl > 0 (decisive only),COMPATIBILITY_ONLY_NOT_PRODUCTION,42404.8770,37633.9694,483.2517,2200,2196,-0.01139613,0.00825174,-0.01739291,-0.01139613,-483.2517,42404.8770,OK,0.0000,19.3301,4.0000,96.0000,AG03-UNRESOLVED,ALL5_LEVELS_bet23_to_bet27,19.3301,19.3301,19.3301,24.1626,24.1626,4.000000,4.000000,4.000000,5.000000,5.000000,96.000000,96.000000,96.000000,95.000000,95.000000,5.0,106.3154,97.3877,376.9363,385.864,PENDING_AG03,FALSE,NOT_FOR_ENFORCEMENT,463.9216,36128.6106,483.2517,463.9216,19.3301,0.01139613,0.01094029,19.3301,463.9216,0.01094029,19.3301,19.3301,19.3301,24.1626,24.1626,463.9216,0.01094029,106.3154,97.3877,376.9363,385.864,0.00888898,0.00909952,0.00045585,19.2749,17.1375,0.2201,5.7530,0.6409,504.8200,26.1429,7.1751,39.7174,2.9515,6.1317,20.2037,44.018,88.0359,220.0898,5.1098,0.0,14.357485,35.893712,3.143486,29,158,125,3,0.23384124,0.01139613,-0.00825174,0E-8,0.000000,0.887492,0.846818,0.02564465,2026-03-24,2026-08-06,84,754,547,136,0.617647,0.180654,0.372251,0.779471,,,,,,,,GLOBAL_BASELINE_NO_ENTITY_RANKING,,,NOT_APPLICABLE_GLOBAL_BASELINE,HF9g-P5,,,,X 全窗基线 · 不参与实体赏罚,8397922,840,A168_HF9F_20260827_0900,2026-08-27 09:00:00
2026-06-27,129740297,2106,0,103.8572585838,-103.8572585838,-103.8572585838,0E-7,1,1,0.49324550000000000,0.493245500000,-0.9865810262130424,-0.9865810262130424,-0.9865810262130424,0E-17,ELIGIBLE,R03b_20260811_FULL_v1,L1_ELIGIBILITY,v2026-08-11,2026-03-21..2026-08-06,baccarat_bet02_101_all_pairs_incl_sentinel,round_win = game_pnl > 0 (decisive only),COMPATIBILITY_ONLY_NOT_PRODUCTION,42404.8770,37633.9694,483.2517,2200,2196,-0.01139613,0.00825174,-0.01739291,-0.01139613,-483.2517,42404.8770,OK,0.0000,19.3301,4.0000,96.0000,AG03-UNRESOLVED,ALL5_LEVELS_bet23_to_bet27,19.3301,19.3301,19.3301,24.1626,24.1626,4.000000,4.000000,4.000000,5.000000,5.000000,96.000000,96.000000,96.000000,95.000000,95.000000,5.0,106.3154,97.3877,376.9363,385.864,PENDING_AG03,FALSE,NOT_FOR_ENFORCEMENT,463.9216,36128.6106,483.2517,463.9216,19.3301,0.01139613,0.01094029,19.3301,463.9216,0.01094029,19.3301,19.3301,19.3301,24.1626,24.1626,463.9216,0.01094029,106.3154,97.3877,376.9363,385.864,0.00888898,0.00909952,0.00045585,19.2749,17.1375,0.2201,5.7530,0.6409,504.8200,26.1429,7.1751,39.7174,2.9515,6.1317,20.2037,44.018,88.0359,220.0898,5.1098,0.0,14.357485,35.893712,3.143486,29,158,125,3,0.23384124,0.01139613,-0.00825174,0E-8,0.000000,0.887492,0.846818,0.02564465,2026-03-24,2026-08-06,84,754,547,136,0.617647,0.180654,0.372251,0.779471,,,,,,,,GLOBAL_BASELINE_NO_ENTITY_RANKING,,,NOT_APPLICABLE_GLOBAL_BASELINE,HF9g-P5,,,,X 全窗基线 · 不参与实体赏罚,8397923,840,A168_HF9F_20260827_0900,2026-08-27 09:00:00
2026-06-27,129740297,2134,0,20.7714517168,15.5785887876,15.5785887876,1.0000000,2,2,0.50665070000000000,0.506650700000,1.3955260008387969,1.3955260008387969,1.3955260008387969,0E-17,ELIGIBLE,R03b_20260811_FULL_v1,L1_ELIGIBILITY,v2026-08-11,2026-03-21..2026-08-06,baccarat_bet02_101_all_pairs_incl_sentinel,round_win = game_pnl > 0 (decisive only),COMPATIBILITY_ONLY_NOT_PRODUCTION,42404.8770,37633.9694,483.2517,2200,2196,-0.01139613,0.00825174,-0.01739291,-0.01139613,-483.2517,42404.8770,OK,0.0000,19.3301,4.0000,96.0000,AG03-UNRESOLVED,ALL5_LEVELS_bet23_to_bet27,19.3301,19.3301,19.3301,24.1626,24.1626,4.000000,4.000000,4.000000,5.000000,5.000000,96.000000,96.000000,96.000000,95.000000,95.000000,5.0,106.3154,97.3877,376.9363,385.864,PENDING_AG03,FALSE,NOT_FOR_ENFORCEMENT,463.9216,36128.6106,483.2517,463.9216,19.3301,0.01139613,0.01094029,19.3301,463.9216,0.01094029,19.3301,19.3301,19.3301,24.1626,24.1626,463.9216,0.01094029,106.3154,97.3877,376.9363,385.864,0.00888898,0.00909952,0.00045585,19.2749,17.1375,0.2201,5.7530,0.6409,504.8200,26.1429,7.1751,39.7174,2.9515,6.1317,20.2037,44.018,88.0359,220.0898,5.1098,0.0,14.357485,35.893712,3.143486,29,158,125,3,0.23384124,0.01139613,-0.00825174,0E-8,0.000000,0.887492,0.846818,0.02564465,2026-03-24,2026-08-06,84,754,547,136,0.617647,0.180654,0.372251,0.779471,,,,,,,,GLOBAL_BASELINE_NO_ENTITY_RANKING,,,NOT_APPLICABLE_GLOBAL_BASELINE,HF9g-P5,,,,X 全窗基线 · 不参与实体赏罚,8397924,840,A168_HF9F_20260827_0900,2026-08-27 09:00:00
2026-06-27,129740297,2175,0,186.9430654509,-62.3143551502,-62.3143551502,0.4000000,6,6,0.50665070000000000,0.506650700000,-0.4769986289884125,-0.4769986289884125,-0.4769986289884125,0E-17,ELIGIBLE,R03b_20260811_FULL_v1,L1_ELIGIBILITY,v2026-08-11,2026-03-21..2026-08-06,baccarat_bet02_101_all_pairs_incl_sentinel,round_win = game_pnl > 0 (decisive only),COMPATIBILITY_ONLY_NOT_PRODUCTION,42404.8770,37633.9694,483.2517,2200,2196,-0.01139613,0.00825174,-0.01739291,-0.01139613,-483.2517,42404.8770,OK,0.0000,19.3301,4.0000,96.0000,AG03-UNRESOLVED,ALL5_LEVELS_bet23_to_bet27,19.3301,19.3301,19.3301,24.1626,24.1626,4.000000,4.000000,4.000000,5.000000,5.000000,96.000000,96.000000,96.000000,95.000000,95.000000,5.0,106.3154,97.3877,376.9363,385.864,PENDING_AG03,FALSE,NOT_FOR_ENFORCEMENT,463.9216,36128.6106,483.2517,463.9216,19.3301,0.01139613,0.01094029,19.3301,463.9216,0.01094029,19.3301,19.3301,19.3301,24.1626,24.1626,463.9216,0.01094029,106.3154,97.3877,376.9363,385.864,0.00888898,0.00909952,0.00045585,19.2749,17.1375,0.2201,5.7530,0.6409,504.8200,26.1429,7.1751,39.7174,2.9515,6.1317,20.2037,44.018,88.0359,220.0898,5.1098,0.0,14.357485,35.893712,3.143486,29,158,125,3,0.23384124,0.01139613,-0.00825174,0E-8,0.000000,0.887492,0.846818,0.02564465,2026-03-24,2026-08-06,84,754,547,136,0.617647,0.180654,0.372251,0.779471,,,,,,,,GLOBAL_BASELINE_NO_ENTITY_RANKING,,,NOT_APPLICABLE_GLOBAL_BASELINE,HF9g-P5,,,,X 全窗基线 · 不参与实体赏罚,8397925,840,A168_HF9F_20260827_0900,2026-08-27 09:00:00
2026-06-27,129740297,2288,0,103.8572585838,-103.8572585838,-103.8572585838,0E-7,1,1,0.49324550000000000,0.493245500000,-0.9865810262130424,-0.9865810262130424,-0.9865810262130424,0E-17,ELIGIBLE,R03b_20260811_FULL_v1,L1_ELIGIBILITY,v2026-08-11,2026-03-21..2026-08-06,baccarat_bet02_101_all_pairs_incl_sentinel,round_win = game_pnl > 0 (decisive only),COMPATIBILITY_ONLY_NOT_PRODUCTION,42404.8770,37633.9694,483.2517,2200,2196,-0.01139613,0.00825174,-0.01739291,-0.01139613,-483.2517,42404.8770,OK,0.0000,19.3301,4.0000,96.0000,AG03-UNRESOLVED,ALL5_LEVELS_bet23_to_bet27,19.3301,19.3301,19.3301,24.1626,24.1626,4.000000,4.000000,4.000000,5.000000,5.000000,96.000000,96.000000,96.000000,95.000000,95.000000,5.0,106.3154,97.3877,376.9363,385.864,PENDING_AG03,FALSE,NOT_FOR_ENFORCEMENT,463.9216,36128.6106,483.2517,463.9216,19.3301,0.01139613,0.01094029,19.3301,463.9216,0.01094029,19.3301,19.3301,19.3301,24.1626,24.1626,463.9216,0.01094029,106.3154,97.3877,376.9363,385.864,0.00888898,0.00909952,0.00045585,19.2749,17.1375,0.2201,5.7530,0.6409,504.8200,26.1429,7.1751,39.7174,2.9515,6.1317,20.2037,44.018,88.0359,220.0898,5.1098,0.0,14.357485,35.893712,3.143486,29,158,125,3,0.23384124,0.01139613,-0.00825174,0E-8,0.000000,0.887492,0.846818,0.02564465,2026-03-24,2026-08-06,84,754,547,136,0.617647,0.180654,0.372251,0.779471,,,,,,,,GLOBAL_BASELINE_NO_ENTITY_RANKING,,,NOT_APPLICABLE_GLOBAL_BASELINE,HF9g-P5,,,,X 全窗基线 · 不参与实体赏罚,8397926,840,A168_HF9F_20260827_0900,2026-08-27 09:00:00
2026-06-27,129740297,970,0,41.5429034335,-41.5429034335,-41.5429034335,0E-7,1,1,0.49324550000000000,0.493245500000,-0.9865810262130424,-0.9865810262130424,-0.9865810262130424,0E-17,ELIGIBLE,R03b_20260811_FULL_v1,L1_ELIGIBILITY,v2026-08-11,2026-03-21..2026-08-06,baccarat_bet02_101_all_pairs_incl_sentinel,round_win = game_pnl > 0 (decisive only),COMPATIBILITY_ONLY_NOT_PRODUCTION,42404.8770,37633.9694,483.2517,2200,2196,-0.01139613,0.00825174,-0.01739291,-0.01139613,-483.2517,42404.8770,OK,0.0000,19.3301,4.0000,96.0000,AG03-UNRESOLVED,ALL5_LEVELS_bet23_to_bet27,19.3301,19.3301,19.3301,24.1626,24.1626,4.000000,4.000000,4.000000,5.000000,5.000000,96.000000,96.000000,96.000000,95.000000,95.000000,5.0,106.3154,97.3877,376.9363,385.864,PENDING_AG03,FALSE,NOT_FOR_ENFORCEMENT,463.9216,36128.6106,483.2517,463.9216,19.3301,0.01139613,0.01094029,19.3301,463.9216,0.01094029,19.3301,19.3301,19.3301,24.1626,24.1626,463.9216,0.01094029,106.3154,97.3877,376.9363,385.864,0.00888898,0.00909952,0.00045585,19.2749,17.1375,0.2201,5.7530,0.6409,504.8200,26.1429,7.1751,39.7174,2.9515,6.1317,20.2037,44.018,88.0359,220.0898,5.1098,0.0,14.357485,35.893712,3.143486,29,158,125,3,0.23384124,0.01139613,-0.00825174,0E-8,0.000000,0.887492,0.846818,0.02564465,2026-03-24,2026-08-06,84,754,547,136,0.617647,0.180654,0.372251,0.779471,,,,,,,,GLOBAL_BASELINE_NO_ENTITY_RANKING,,,NOT_APPLICABLE_GLOBAL_BASELINE,HF9g-P5,,,,X 全窗基线 · 不参与实体赏罚,8397927,840,A168_HF9F_20260827_0900,2026-08-27 09:00:00
2026-06-28,129740297,1205,0,15.5785887876,15.5785887876,15.5785887876,1.0000000,1,1,0.50665070000000000,0.506650700000,0.9867858985152569,0.9867858985152569,0.9867858985152569,0E-17,ELIGIBLE,R03b_20260811_FULL_v1,L1_ELIGIBILITY,v2026-08-11,2026-03-21..2026-08-06,baccarat_bet02_101_all_pairs_incl_sentinel,round_win = game_pnl > 0 (decisive only),COMPATIBILITY_ONLY_NOT_PRODUCTION,42404.8770,37633.9694,483.2517,2200,2196,-0.01139613,0.00825174,-0.01739291,-0.01139613,-483.2517,42404.8770,OK,0.0000,19.3301,4.0000,96.0000,AG03-UNRESOLVED,ALL5_LEVELS_bet23_to_bet27,19.3301,19.3301,19.3301,24.1626,24.1626,4.000000,4.000000,4.000000,5.000000,5.000000,96.000000,96.000000,96.000000,95.000000,95.000000,5.0,106.3154,97.3877,376.9363,385.864,PENDING_AG03,FALSE,NOT_FOR_ENFORCEMENT,463.9216,36128.6106,483.2517,463.9216,19.3301,0.01139613,0.01094029,19.3301,463.9216,0.01094029,19.3301,19.3301,19.3301,24.1626,24.1626,463.9216,0.01094029,106.3154,97.3877,376.9363,385.864,0.00888898,0.00909952,0.00045585,19.2749,17.1375,0.2201,5.7530,0.6409,504.8200,26.1429,7.1751,39.7174,2.9515,6.1317,20.2037,44.018,88.0359,220.0898,5.1098,0.0,14.357485,35.893712,3.143486,29,158,125,3,0.23384124,0.01139613,-0.00825174,0E-8,0.000000,0.887492,0.846818,0.02564465,2026-03-24,2026-08-06,84,754,547,136,0.617647,0.180654,0.372251,0.779471,,,,,,,,GLOBAL_BASELINE_NO_ENTITY_RANKING,,,NOT_APPLICABLE_GLOBAL_BASELINE,HF9g-P5,,,,X 全窗基线 · 不参与实体赏罚,8397928,840,A168_HF9F_20260827_0900,2026-08-27 09:00:00
2026-06-28,129740297,1221,0,51.9286292920,31.1571775752,31.1571775752,0.7500000,4,4,0.50665070000000000,0.506650700000,0.9734833216690844,0.9734833216690844,0.9734833216690844,0E-17,ELIGIBLE,R03b_20260811_FULL_v1,L1_ELIGIBILITY,v2026-08-11,2026-03-21..2026-08-06,baccarat_bet02_101_all_pairs_incl_sentinel,round_win = game_pnl > 0 (decisive only),COMPATIBILITY_ONLY_NOT_PRODUCTION,42404.8770,37633.9694,483.2517,2200,2196,-0.01139613,0.00825174,-0.01739291,-0.01139613,-483.2517,42404.8770,OK,0.0000,19.3301,4.0000,96.0000,AG03-UNRESOLVED,ALL5_LEVELS_bet23_to_bet27,19.3301,19.3301,19.3301,24.1626,24.1626,4.000000,4.000000,4.000000,5.000000,5.000000,96.000000,96.000000,96.000000,95.000000,95.000000,5.0,106.3154,97.3877,376.9363,385.864,PENDING_AG03,FALSE,NOT_FOR_ENFORCEMENT,463.9216,36128.6106,483.2517,463.9216,19.3301,0.01139613,0.01094029,19.3301,463.9216,0.01094029,19.3301,19.3301,19.3301,24.1626,24.1626,463.9216,0.01094029,106.3154,97.3877,376.9363,385.864,0.00888898,0.00909952,0.00045585,19.2749,17.1375,0.2201,5.7530,0.6409,504.8200,26.1429,7.1751,39.7174,2.9515,6.1317,20.2037,44.018,88.0359,220.0898,5.1098,0.0,14.357485,35.893712,3.143486,29,158,125,3,0.23384124,0.01139613,-0.00825174,0E-8,0.000000,0.887492,0.846818,0.02564465,2026-03-24,2026-08-06,84,754,547,136,0.617647,0.180654,0.372251,0.779471,,,,,,,,GLOBAL_BASELINE_NO_ENTITY_RANKING,,,NOT_APPLICABLE_GLOBAL_BASELINE,HF9g-P5,,,,X 全窗基线 · 不参与实体赏罚,8397929,840,A168_HF9F_20260827_0900,2026-08-27 09:00:00
2026-06-28,129740297,1353,0,51.9286292920,-20.7714517168,-20.7714517168,0.3333333,4,4,0.49324550000000000,0.493245500000,-0.5540025479526107,-0.5540025479526106,-0.5540025479526107,0E-17,ELIGIBLE,R03b_20260811_FULL_v1,L1_ELIGIBILITY,v2026-08-11,2026-03-21..2026-08-06,baccarat_bet02_101_all_pairs_incl_sentinel,round_win = game_pnl > 0 (decisive only),COMPATIBILITY_ONLY_NOT_PRODUCTION,42404.8770,37633.9694,483.2517,2200,2196,-0.01139613,0.00825174,-0.01739291,-0.01139613,-483.2517,42404.8770,OK,0.0000,19.3301,4.0000,96.0000,AG03-UNRESOLVED,ALL5_LEVELS_bet23_to_bet27,19.3301,19.3301,19.3301,24.1626,24.1626,4.000000,4.000000,4.000000,5.000000,5.000000,96.000000,96.000000,96.000000,95.000000,95.000000,5.0,106.3154,97.3877,376.9363,385.864,PENDING_AG03,FALSE,NOT_FOR_ENFORCEMENT,463.9216,36128.6106,483.2517,463.9216,19.3301,0.01139613,0.01094029,19.3301,463.9216,0.01094029,19.3301,19.3301,19.3301,24.1626,24.1626,463.9216,0.01094029,106.3154,97.3877,376.9363,385.864,0.00888898,0.00909952,0.00045585,19.2749,17.1375,0.2201,5.7530,0.6409,504.8200,26.1429,7.1751,39.7174,2.9515,6.1317,20.2037,44.018,88.0359,220.0898,5.1098,0.0,14.357485,35.893712,3.143486,29,158,125,3,0.23384124,0.01139613,-0.00825174,0E-8,0.000000,0.887492,0.846818,0.02564465,2026-03-24,2026-08-06,84,754,547,136,0.617647,0.180654,0.372251,0.779471,,,,,,,,GLOBAL_BASELINE_NO_ENTITY_RANKING,,,NOT_APPLICABLE_GLOBAL_BASELINE,HF9g-P5,,,,X 全窗基线 · 不参与实体赏罚,8397930,840,A168_HF9F_20260827_0900,2026-08-27 09:00:00
2026-06-28,129740297,2106,0,114.2429844424,10.3857258584,10.3857258584,0.5714286,9,9,0.49324550000000000,0.493245500000,0.4137436818725812,0.41374368187258126,0.4137436818725812,0E-17,ELIGIBLE,R03b_20260811_FULL_v1,L1_ELIGIBILITY,v2026-08-11,2026-03-21..2026-08-06,baccarat_bet02_101_all_pairs_incl_sentinel,round_win = game_pnl > 0 (decisive only),COMPATIBILITY_ONLY_NOT_PRODUCTION,42404.8770,37633.9694,483.2517,2200,2196,-0.01139613,0.00825174,-0.01739291,-0.01139613,-483.2517,42404.8770,OK,0.0000,19.3301,4.0000,96.0000,AG03-UNRESOLVED,ALL5_LEVELS_bet23_to_bet27,19.3301,19.3301,19.3301,24.1626,24.1626,4.000000,4.000000,4.000000,5.000000,5.000000,96.000000,96.000000,96.000000,95.000000,95.000000,5.0,106.3154,97.3877,376.9363,385.864,PENDING_AG03,FALSE,NOT_FOR_ENFORCEMENT,463.9216,36128.6106,483.2517,463.9216,19.3301,0.01139613,0.01094029,19.3301,463.9216,0.01094029,19.3301,19.3301,19.3301,24.1626,24.1626,463.9216,0.01094029,106.3154,97.3877,376.9363,385.864,0.00888898,0.00909952,0.00045585,19.2749,17.1375,0.2201,5.7530,0.6409,504.8200,26.1429,7.1751,39.7174,2.9515,6.1317,20.2037,44.018,88.0359,220.0898,5.1098,0.0,14.357485,35.893712,3.143486,29,158,125,3,0.23384124,0.01139613,-0.00825174,0E-8,0.000000,0.887492,0.846818,0.02564465,2026-03-24,2026-08-06,84,754,547,136,0.617647,0.180654,0.372251,0.779471,,,,,,,,GLOBAL_BASELINE_NO_ENTITY_RANKING,,,NOT_APPLICABLE_GLOBAL_BASELINE,HF9g-P5,,,,X 全窗基线 · 不参与实体赏罚,8397931,840,A168_HF9F_20260827_0900,2026-08-27 09:00:00
2026-06-28,129740297,2130,0,10.3857258584,0E-10,0E-10,,1,1,0.49324550000000000,0.493245500000,,,,0E-17,NO_DECISIVE_ROUND,R03b_20260811_FULL_v1,L1_ELIGIBILITY,v2026-08-11,2026-03-21..2026-08-06,baccarat_bet02_101_all_pairs_incl_sentinel,round_win = game_pnl > 0 (decisive only),COMPATIBILITY_ONLY_NOT_PRODUCTION,42404.8770,37633.9694,483.2517,2200,2196,-0.01139613,0.00825174,-0.01739291,-0.01139613,-483.2517,42404.8770,OK,0.0000,19.3301,4.0000,96.0000,AG03-UNRESOLVED,ALL5_LEVELS_bet23_to_bet27,19.3301,19.3301,19.3301,24.1626,24.1626,4.000000,4.000000,4.000000,5.000000,5.000000,96.000000,96.000000,96.000000,95.000000,95.000000,5.0,106.3154,97.3877,376.9363,385.864,PENDING_AG03,FALSE,NOT_FOR_ENFORCEMENT,463.9216,36128.6106,483.2517,463.9216,19.3301,0.01139613,0.01094029,19.3301,463.9216,0.01094029,19.3301,19.3301,19.3301,24.1626,24.1626,463.9216,0.01094029,106.3154,97.3877,376.9363,385.864,0.00888898,0.00909952,0.00045585,19.2749,17.1375,0.2201,5.7530,0.6409,504.8200,26.1429,7.1751,39.7174,2.9515,6.1317,20.2037,44.018,88.0359,220.0898,5.1098,0.0,14.357485,35.893712,3.143486,29,158,125,3,0.23384124,0.01139613,-0.00825174,0E-8,0.000000,0.887492,0.846818,0.02564465,2026-03-24,2026-08-06,84,754,547,136,0.617647,0.180654,0.372251,0.779471,,,,,,,,GLOBAL_BASELINE_NO_ENTITY_RANKING,,,NOT_APPLICABLE_GLOBAL_BASELINE,HF9g-P5,,,,X 全窗基线 · 不参与实体赏罚,8397932,840,A168_HF9F_20260827_0900,2026-08-27 09:00:00
2026-06-28,129740297,2134,0,20.7714517168,0E-10,0E-10,0.5000000,2,2,0.50665070000000000,0.506650700000,-0.018812684590367487,-0.018812684590367487,-0.018812684590367487,0E-17,ELIGIBLE,R03b_20260811_FULL_v1,L1_ELIGIBILITY,v2026-08-11,2026-03-21..2026-08-06,baccarat_bet02_101_all_pairs_incl_sentinel,round_win = game_pnl > 0 (decisive only),COMPATIBILITY_ONLY_NOT_PRODUCTION,42404.8770,37633.9694,483.2517,2200,2196,-0.01139613,0.00825174,-0.01739291,-0.01139613,-483.2517,42404.8770,OK,0.0000,19.3301,4.0000,96.0000,AG03-UNRESOLVED,ALL5_LEVELS_bet23_to_bet27,19.3301,19.3301,19.3301,24.1626,24.1626,4.000000,4.000000,4.000000,5.000000,5.000000,96.000000,96.000000,96.000000,95.000000,95.000000,5.0,106.3154,97.3877,376.9363,385.864,PENDING_AG03,FALSE,NOT_FOR_ENFORCEMENT,463.9216,36128.6106,483.2517,463.9216,19.3301,0.01139613,0.01094029,19.3301,463.9216,0.01094029,19.3301,19.3301,19.3301,24.1626,24.1626,463.9216,0.01094029,106.3154,97.3877,376.9363,385.864,0.00888898,0.00909952,0.00045585,19.2749,17.1375,0.2201,5.7530,0.6409,504.8200,26.1429,7.1751,39.7174,2.9515,6.1317,20.2037,44.018,88.0359,220.0898,5.1098,0.0,14.357485,35.893712,3.143486,29,158,125,3,0.23384124,0.01139613,-0.00825174,0E-8,0.000000,0.887492,0.846818,0.02564465,2026-03-24,2026-08-06,84,754,547,136,0.617647,0.180654,0.372251,0.779471,,,,,,,,GLOBAL_BASELINE_NO_ENTITY_RANKING,,,NOT_APPLICABLE_GLOBAL_BASELINE,HF9g-P5,,,,X 全窗基线 · 不参与实体赏罚,8397933,840,A168_HF9F_20260827_0900,2026-08-27 09:00:00
2026-06-28,129740297,2160,0,2.4925742060,-2.4925742060,-2.4925742060,0E-7,1,1,0.49324550000000000,0.493245500000,-0.9865810262130424,-0.9865810262130424,-0.9865810262130424,0E-17,ELIGIBLE,R03b_20260811_FULL_v1,L1_ELIGIBILITY,v2026-08-11,2026-03-21..2026-08-06,baccarat_bet02_101_all_pairs_incl_sentinel,round_win = game_pnl > 0 (decisive only),COMPATIBILITY_ONLY_NOT_PRODUCTION,42404.8770,37633.9694,483.2517,2200,2196,-0.01139613,0.00825174,-0.01739291,-0.01139613,-483.2517,42404.8770,OK,0.0000,19.3301,4.0000,96.0000,AG03-UNRESOLVED,ALL5_LEVELS_bet23_to_bet27,19.3301,19.3301,19.3301,24.1626,24.1626,4.000000,4.000000,4.000000,5.000000,5.000000,96.000000,96.000000,96.000000,95.000000,95.000000,5.0,106.3154,97.3877,376.9363,385.864,PENDING_AG03,FALSE,NOT_FOR_ENFORCEMENT,463.9216,36128.6106,483.2517,463.9216,19.3301,0.01139613,0.01094029,19.3301,463.9216,0.01094029,19.3301,19.3301,19.3301,24.1626,24.1626,463.9216,0.01094029,106.3154,97.3877,376.9363,385.864,0.00888898,0.00909952,0.00045585,19.2749,17.1375,0.2201,5.7530,0.6409,504.8200,26.1429,7.1751,39.7174,2.9515,6.1317,20.2037,44.018,88.0359,220.0898,5.1098,0.0,14.357485,35.893712,3.143486,29,158,125,3,0.23384124,0.01139613,-0.00825174,0E-8,0.000000,0.887492,0.846818,0.02564465,2026-03-24,2026-08-06,84,754,547,136,0.617647,0.180654,0.372251,0.779471,,,,,,,,GLOBAL_BASELINE_NO_ENTITY_RANKING,,,NOT_APPLICABLE_GLOBAL_BASELINE,HF9g-P5,,,,X 全窗基线 · 不参与实体赏罚,8397934,840,A168_HF9F_20260827_0900,2026-08-27 09:00:00
2026-06-28,129740297,2169,0,2.0771451717,-2.0771451717,-2.0771451717,0E-7,1,1,0.49324550000000000,0.493245500000,-0.9865810262130424,-0.9865810262130424,-0.9865810262130424,0E-17,ELIGIBLE,R03b_20260811_FULL_v1,L1_ELIGIBILITY,v2026-08-11,2026-03-21..2026-08-06,baccarat_bet02_101_all_pairs_incl_sentinel,round_win = game_pnl > 0 (decisive only),COMPATIBILITY_ONLY_NOT_PRODUCTION,42404.8770,37633.9694,483.2517,2200,2196,-0.01139613,0.00825174,-0.01739291,-0.01139613,-483.2517,42404.8770,OK,0.0000,19.3301,4.0000,96.0000,AG03-UNRESOLVED,ALL5_LEVELS_bet23_to_bet27,19.3301,19.3301,19.3301,24.1626,24.1626,4.000000,4.000000,4.000000,5.000000,5.000000,96.000000,96.000000,96.000000,95.000000,95.000000,5.0,106.3154,97.3877,376.9363,385.864,PENDING_AG03,FALSE,NOT_FOR_ENFORCEMENT,463.9216,36128.6106,483.2517,463.9216,19.3301,0.01139613,0.01094029,19.3301,463.9216,0.01094029,19.3301,19.3301,19.3301,24.1626,24.1626,463.9216,0.01094029,106.3154,97.3877,376.9363,385.864,0.00888898,0.00909952,0.00045585,19.2749,17.1375,0.2201,5.7530,0.6409,504.8200,26.1429,7.1751,39.7174,2.9515,6.1317,20.2037,44.018,88.0359,220.0898,5.1098,0.0,14.357485,35.893712,3.143486,29,158,125,3,0.23384124,0.01139613,-0.00825174,0E-8,0.000000,0.887492,0.846818,0.02564465,2026-03-24,2026-08-06,84,754,547,136,0.617647,0.180654,0.372251,0.779471,,,,,,,,GLOBAL_BASELINE_NO_ENTITY_RANKING,,,NOT_APPLICABLE_GLOBAL_BASELINE,HF9g-P5,,,,X 全窗基线 · 不参与实体赏罚,8397935,840,A168_HF9F_20260827_0900,2026-08-27 09:00:00
2026-06-28,129740297,2222,0,114.2429844423,-72.7000810087,-72.7000810087,0.3333333,6,6,0.49547970000000000,0.495479700000,-0.7943841881047936,-0.7943841881047936,-0.7943841881047936,0E-17,ELIGIBLE,R03b_20260811_FULL_v1,L1_ELIGIBILITY,v2026-08-11,2026-03-21..2026-08-06,baccarat_bet02_101_all_pairs_incl_sentinel,round_win = game_pnl > 0 (decisive only),COMPATIBILITY_ONLY_NOT_PRODUCTION,42404.8770,37633.9694,483.2517,2200,2196,-0.01139613,0.00825174,-0.01739291,-0.01139613,-483.2517,42404.8770,OK,0.0000,19.3301,4.0000,96.0000,AG03-UNRESOLVED,ALL5_LEVELS_bet23_to_bet27,19.3301,19.3301,19.3301,24.1626,24.1626,4.000000,4.000000,4.000000,5.000000,5.000000,96.000000,96.000000,96.000000,95.000000,95.000000,5.0,106.3154,97.3877,376.9363,385.864,PENDING_AG03,FALSE,NOT_FOR_ENFORCEMENT,463.9216,36128.6106,483.2517,463.9216,19.3301,0.01139613,0.01094029,19.3301,463.9216,0.01094029,19.3301,19.3301,19.3301,24.1626,24.1626,463.9216,0.01094029,106.3154,97.3877,376.9363,385.864,0.00888898,0.00909952,0.00045585,19.2749,17.1375,0.2201,5.7530,0.6409,504.8200,26.1429,7.1751,39.7174,2.9515,6.1317,20.2037,44.018,88.0359,220.0898,5.1098,0.0,14.357485,35.893712,3.143486,29,158,125,3,0.23384124,0.01139613,-0.00825174,0E-8,0.000000,0.887492,0.846818,0.02564465,2026-03-24,2026-08-06,84,754,547,136,0.617647,0.180654,0.372251,0.779471,,,,,,,,GLOBAL_BASELINE_NO_ENTITY_RANKING,,,NOT_APPLICABLE_GLOBAL_BASELINE,HF9g-P5,,,,X 全窗基线 · 不参与实体赏罚,8397936,840,A168_HF9F_20260827_0900,2026-08-27 09:00:00
2026-06-28,129740297,2261,0,83.0858068672,0E-10,0E-10,0.4000000,5,5,0.50396966000000000,0.503969660000,-0.4649811094771361,-0.4649811094771361,-0.4649811094771361,0E-17,ELIGIBLE,R03b_20260811_FULL_v1,L1_ELIGIBILITY,v2026-08-11,2026-03-21..2026-08-06,baccarat_bet02_101_all_pairs_incl_sentinel,round_win = game_pnl > 0 (decisive only),COMPATIBILITY_ONLY_NOT_PRODUCTION,42404.8770,37633.9694,483.2517,2200,2196,-0.01139613,0.00825174,-0.01739291,-0.01139613,-483.2517,42404.8770,OK,0.0000,19.3301,4.0000,96.0000,AG03-UNRESOLVED,ALL5_LEVELS_bet23_to_bet27,19.3301,19.3301,19.3301,24.1626,24.1626,4.000000,4.000000,4.000000,5.000000,5.000000,96.000000,96.000000,96.000000,95.000000,95.000000,5.0,106.3154,97.3877,376.9363,385.864,PENDING_AG03,FALSE,NOT_FOR_ENFORCEMENT,463.9216,36128.6106,483.2517,463.9216,19.3301,0.01139613,0.01094029,19.3301,463.9216,0.01094029,19.3301,19.3301,19.3301,24.1626,24.1626,463.9216,0.01094029,106.3154,97.3877,376.9363,385.864,0.00888898,0.00909952,0.00045585,19.2749,17.1375,0.2201,5.7530,0.6409,504.8200,26.1429,7.1751,39.7174,2.9515,6.1317,20.2037,44.018,88.0359,220.0898,5.1098,0.0,14.357485,35.893712,3.143486,29,158,125,3,0.23384124,0.01139613,-0.00825174,0E-8,0.000000,0.887492,0.846818,0.02564465,2026-03-24,2026-08-06,84,754,547,136,0.617647,0.180654,0.372251,0.779471,,,,,,,,GLOBAL_BASELINE_NO_ENTITY_RANKING,,,NOT_APPLICABLE_GLOBAL_BASELINE,HF9g-P5,,,,X 全窗基线 · 不参与实体赏罚,8397937,840,A168_HF9F_20260827_0900,2026-08-27 09:00:00
2026-06-28,129740297,2288,0,11.2165839271,11.2165839271,11.2165839271,1.0000000,2,2,0.49994810000000000,0.499948100000,1.4143603653603398,1.4143603653603398,1.4143603653603398,0E-17,ELIGIBLE,R03b_20260811_FULL_v1,L1_ELIGIBILITY,v2026-08-11,2026-03-21..2026-08-06,baccarat_bet02_101_all_pairs_incl_sentinel,round_win = game_pnl > 0 (decisive only),COMPATIBILITY_ONLY_NOT_PRODUCTION,42404.8770,37633.9694,483.2517,2200,2196,-0.01139613,0.00825174,-0.01739291,-0.01139613,-483.2517,42404.8770,OK,0.0000,19.3301,4.0000,96.0000,AG03-UNRESOLVED,ALL5_LEVELS_bet23_to_bet27,19.3301,19.3301,19.3301,24.1626,24.1626,4.000000,4.000000,4.000000,5.000000,5.000000,96.000000,96.000000,96.000000,95.000000,95.000000,5.0,106.3154,97.3877,376.9363,385.864,PENDING_AG03,FALSE,NOT_FOR_ENFORCEMENT,463.9216,36128.6106,483.2517,463.9216,19.3301,0.01139613,0.01094029,19.3301,463.9216,0.01094029,19.3301,19.3301,19.3301,24.1626,24.1626,463.9216,0.01094029,106.3154,97.3877,376.9363,385.864,0.00888898,0.00909952,0.00045585,19.2749,17.1375,0.2201,5.7530,0.6409,504.8200,26.1429,7.1751,39.7174,2.9515,6.1317,20.2037,44.018,88.0359,220.0898,5.1098,0.0,14.357485,35.893712,3.143486,29,158,125,3,0.23384124,0.01139613,-0.00825174,0E-8,0.000000,0.887492,0.846818,0.02564465,2026-03-24,2026-08-06,84,754,547,136,0.617647,0.180654,0.372251,0.779471,,,,,,,,GLOBAL_BASELINE_NO_ENTITY_RANKING,,,NOT_APPLICABLE_GLOBAL_BASELINE,HF9g-P5,,,,X 全窗基线 · 不参与实体赏罚,8397938,840,A168_HF9F_20260827_0900,2026-08-27 09:00:00
2026-06-28,129740297,789,0,51.9286292920,-10.3857258584,-10.3857258584,0.5000000,4,4,0.49324550000000000,0.493245500000,0.027020465636507562,0.027020465636507562,0.027020465636507562,0E-17,ELIGIBLE,R03b_20260811_FULL_v1,L1_ELIGIBILITY,v2026-08-11,2026-03-21..2026-08-06,baccarat_bet02_101_all_pairs_incl_sentinel,round_win = game_pnl > 0 (decisive only),COMPATIBILITY_ONLY_NOT_PRODUCTION,42404.8770,37633.9694,483.2517,2200,2196,-0.01139613,0.00825174,-0.01739291,-0.01139613,-483.2517,42404.8770,OK,0.0000,19.3301,4.0000,96.0000,AG03-UNRESOLVED,ALL5_LEVELS_bet23_to_bet27,19.3301,19.3301,19.3301,24.1626,24.1626,4.000000,4.000000,4.000000,5.000000,5.000000,96.000000,96.000000,96.000000,95.000000,95.000000,5.0,106.3154,97.3877,376.9363,385.864,PENDING_AG03,FALSE,NOT_FOR_ENFORCEMENT,463.9216,36128.6106,483.2517,463.9216,19.3301,0.01139613,0.01094029,19.3301,463.9216,0.01094029,19.3301,19.3301,19.3301,24.1626,24.1626,463.9216,0.01094029,106.3154,97.3877,376.9363,385.864,0.00888898,0.00909952,0.00045585,19.2749,17.1375,0.2201,5.7530,0.6409,504.8200,26.1429,7.1751,39.7174,2.9515,6.1317,20.2037,44.018,88.0359,220.0898,5.1098,0.0,14.357485,35.893712,3.143486,29,158,125,3,0.23384124,0.01139613,-0.00825174,0E-8,0.000000,0.887492,0.846818,0.02564465,2026-03-24,2026-08-06,84,754,547,136,0.617647,0.180654,0.372251,0.779471,,,,,,,,GLOBAL_BASELINE_NO_ENTITY_RANKING,,,NOT_APPLICABLE_GLOBAL_BASELINE,HF9g-P5,,,,X 全窗基线 · 不参与实体赏罚,8397939,840,A168_HF9F_20260827_0900,2026-08-27 09:00:00
2026-06-28,129740297,925,0,31.1571775752,-31.1571775752,-31.1571775752,0E-7,2,2,0.50665070000000000,0.506650700000,-1.4331513700195317,-1.4331513700195317,-1.4331513700195317,0E-17,ELIGIBLE,R03b_20260811_FULL_v1,L1_ELIGIBILITY,v2026-08-11,2026-03-21..2026-08-06,baccarat_bet02_101_all_pairs_incl_sentinel,round_win = game_pnl > 0 (decisive only),COMPATIBILITY_ONLY_NOT_PRODUCTION,42404.8770,37633.9694,483.2517,2200,2196,-0.01139613,0.00825174,-0.01739291,-0.01139613,-483.2517,42404.8770,OK,0.0000,19.3301,4.0000,96.0000,AG03-UNRESOLVED,ALL5_LEVELS_bet23_to_bet27,19.3301,19.3301,19.3301,24.1626,24.1626,4.000000,4.000000,4.000000,5.000000,5.000000,96.000000,96.000000,96.000000,95.000000,95.000000,5.0,106.3154,97.3877,376.9363,385.864,PENDING_AG03,FALSE,NOT_FOR_ENFORCEMENT,463.9216,36128.6106,483.2517,463.9216,19.3301,0.01139613,0.01094029,19.3301,463.9216,0.01094029,19.3301,19.3301,19.3301,24.1626,24.1626,463.9216,0.01094029,106.3154,97.3877,376.9363,385.864,0.00888898,0.00909952,0.00045585,19.2749,17.1375,0.2201,5.7530,0.6409,504.8200,26.1429,7.1751,39.7174,2.9515,6.1317,20.2037,44.018,88.0359,220.0898,5.1098,0.0,14.357485,35.893712,3.143486,29,158,125,3,0.23384124,0.01139613,-0.00825174,0E-8,0.000000,0.887492,0.846818,0.02564465,2026-03-24,2026-08-06,84,754,547,136,0.617647,0.180654,0.372251,0.779471,,,,,,,,GLOBAL_BASELINE_NO_ENTITY_RANKING,,,NOT_APPLICABLE_GLOBAL_BASELINE,HF9g-P5,,,,X 全窗基线 · 不参与实体赏罚,8397940,840,A168_HF9F_20260827_0900,2026-08-27 09:00:00
2026-06-28,129740297,970,0,6.6468645493,0.8308580686,0.8308580686,0.6666667,4,4,0.50665070000000000,0.506650700000,0.5543606114942035,0.5543606114942035,0.5543606114942035,0E-17,ELIGIBLE,R03b_20260811_FULL_v1,L1_ELIGIBILITY,v2026-08-11,2026-03-21..2026-08-06,baccarat_bet02_101_all_pairs_incl_sentinel,round_win = game_pnl > 0 (decisive only),COMPATIBILITY_ONLY_NOT_PRODUCTION,42404.8770,37633.9694,483.2517,2200,2196,-0.01139613,0.00825174,-0.01739291,-0.01139613,-483.2517,42404.8770,OK,0.0000,19.3301,4.0000,96.0000,AG03-UNRESOLVED,ALL5_LEVELS_bet23_to_bet27,19.3301,19.3301,19.3301,24.1626,24.1626,4.000000,4.000000,4.000000,5.000000,5.000000,96.000000,96.000000,96.000000,95.000000,95.000000,5.0,106.3154,97.3877,376.9363,385.864,PENDING_AG03,FALSE,NOT_FOR_ENFORCEMENT,463.9216,36128.6106,483.2517,463.9216,19.3301,0.01139613,0.01094029,19.3301,463.9216,0.01094029,19.3301,19.3301,19.3301,24.1626,24.1626,463.9216,0.01094029,106.3154,97.3877,376.9363,385.864,0.00888898,0.00909952,0.00045585,19.2749,17.1375,0.2201,5.7530,0.6409,504.8200,26.1429,7.1751,39.7174,2.9515,6.1317,20.2037,44.018,88.0359,220.0898,5.1098,0.0,14.357485,35.893712,3.143486,29,158,125,3,0.23384124,0.01139613,-0.00825174,0E-8,0.000000,0.887492,0.846818,0.02564465,2026-03-24,2026-08-06,84,754,547,136,0.617647,0.180654,0.372251,0.779471,,,,,,,,GLOBAL_BASELINE_NO_ENTITY_RANKING,,,NOT_APPLICABLE_GLOBAL_BASELINE,HF9g-P5,,,,X 全窗基线 · 不参与实体赏罚,8397941,840,A168_HF9F_20260827_0900,2026-08-27 09:00:00
2026-07-01,129740297,-1,1,99.7424682173,-99.7424682173,-99.7424682173,0E-7,1,1,0.50665070000000000,0.506650700000,-1.013391052207602,-1.013391052207602,-1.013391052207602,0E-17,SENTINEL_DEALER,R03b_20260811_FULL_v1,L1_ELIGIBILITY,v2026-08-11,2026-03-21..2026-08-06,baccarat_bet02_101_all_pairs_incl_sentinel,round_win = game_pnl > 0 (decisive only),COMPATIBILITY_ONLY_NOT_PRODUCTION,42404.8770,37633.9694,483.2517,2200,2196,-0.01139613,0.00825174,-0.01739291,-0.01139613,-483.2517,42404.8770,OK,0.0000,19.3301,4.0000,96.0000,AG03-UNRESOLVED,ALL5_LEVELS_bet23_to_bet27,19.3301,19.3301,19.3301,24.1626,24.1626,4.000000,4.000000,4.000000,5.000000,5.000000,96.000000,96.000000,96.000000,95.000000,95.000000,5.0,106.3154,97.3877,376.9363,385.864,PENDING_AG03,FALSE,NOT_FOR_ENFORCEMENT,463.9216,36128.6106,483.2517,463.9216,19.3301,0.01139613,0.01094029,19.3301,463.9216,0.01094029,19.3301,19.3301,19.3301,24.1626,24.1626,463.9216,0.01094029,106.3154,97.3877,376.9363,385.864,0.00888898,0.00909952,0.00045585,19.2749,17.1375,0.2201,5.7530,0.6409,504.8200,26.1429,7.1751,39.7174,2.9515,6.1317,20.2037,44.018,88.0359,220.0898,5.1098,0.0,14.357485,35.893712,3.143486,29,158,125,3,0.23384124,0.01139613,-0.00825174,0E-8,0.000000,0.887492,0.846818,0.02564465,2026-03-24,2026-08-06,84,754,547,136,0.617647,0.180654,0.372251,0.779471,,,,,,,,GLOBAL_BASELINE_NO_ENTITY_RANKING,,,NOT_APPLICABLE_GLOBAL_BASELINE,HF9g-P5,,,,X 全窗基线 · 不参与实体赏罚,8397942,840,A168_HF9F_20260827_0900,2026-08-27 09:00:00
2026-07-01,129740297,1994,0,102.1951518620,-102.1951518620,-102.1951518620,0E-7,1,1,0.50665070000000000,0.506650700000,-1.013391052207602,-1.013391052207602,-1.013391052207602,0E-17,ELIGIBLE,R03b_20260811_FULL_v1,L1_ELIGIBILITY,v2026-08-11,2026-03-21..2026-08-06,baccarat_bet02_101_all_pairs_incl_sentinel,round_win = game_pnl > 0 (decisive only),COMPATIBILITY_ONLY_NOT_PRODUCTION,42404.8770,37633.9694,483.2517,2200,2196,-0.01139613,0.00825174,-0.01739291,-0.01139613,-483.2517,42404.8770,OK,0.0000,19.3301,4.0000,96.0000,AG03-UNRESOLVED,ALL5_LEVELS_bet23_to_bet27,19.3301,19.3301,19.3301,24.1626,24.1626,4.000000,4.000000,4.000000,5.000000,5.000000,96.000000,96.000000,96.000000,95.000000,95.000000,5.0,106.3154,97.3877,376.9363,385.864,PENDING_AG03,FALSE,NOT_FOR_ENFORCEMENT,463.9216,36128.6106,483.2517,463.9216,19.3301,0.01139613,0.01094029,19.3301,463.9216,0.01094029,19.3301,19.3301,19.3301,24.1626,24.1626,463.9216,0.01094029,106.3154,97.3877,376.9363,385.864,0.00888898,0.00909952,0.00045585,19.2749,17.1375,0.2201,5.7530,0.6409,504.8200,26.1429,7.1751,39.7174,2.9515,6.1317,20.2037,44.018,88.0359,220.0898,5.1098,0.0,14.357485,35.893712,3.143486,29,158,125,3,0.23384124,0.01139613,-0.00825174,0E-8,0.000000,0.887492,0.846818,0.02564465,2026-03-24,2026-08-06,84,754,547,136,0.617647,0.180654,0.372251,0.779471,,,,,,,,GLOBAL_BASELINE_NO_ENTITY_RANKING,,,NOT_APPLICABLE_GLOBAL_BASELINE,HF9g-P5,,,,X 全窗基线 · 不参与实体赏罚,8397943,840,A168_HF9F_20260827_0900,2026-08-27 09:00:00
2026-07-03,129740297,1007,0,1.0219515186,0.9708539427,0.9708539427,1.0000000,1,1,0.50665070000000000,0.506650700000,0.9867858985152569,0.9867858985152569,0.9867858985152569,0E-17,ELIGIBLE,R03b_20260811_FULL_v1,L1_ELIGIBILITY,v2026-08-11,2026-03-21..2026-08-06,baccarat_bet02_101_all_pairs_incl_sentinel,round_win = game_pnl > 0 (decisive only),COMPATIBILITY_ONLY_NOT_PRODUCTION,42404.8770,37633.9694,483.2517,2200,2196,-0.01139613,0.00825174,-0.01739291,-0.01139613,-483.2517,42404.8770,OK,0.0000,19.3301,4.0000,96.0000,AG03-UNRESOLVED,ALL5_LEVELS_bet23_to_bet27,19.3301,19.3301,19.3301,24.1626,24.1626,4.000000,4.000000,4.000000,5.000000,5.000000,96.000000,96.000000,96.000000,95.000000,95.000000,5.0,106.3154,97.3877,376.9363,385.864,PENDING_AG03,FALSE,NOT_FOR_ENFORCEMENT,463.9216,36128.6106,483.2517,463.9216,19.3301,0.01139613,0.01094029,19.3301,463.9216,0.01094029,19.3301,19.3301,19.3301,24.1626,24.1626,463.9216,0.01094029,106.3154,97.3877,376.9363,385.864,0.00888898,0.00909952,0.00045585,19.2749,17.1375,0.2201,5.7530,0.6409,504.8200,26.1429,7.1751,39.7174,2.9515,6.1317,20.2037,44.018,88.0359,220.0898,5.1098,0.0,14.357485,35.893712,3.143486,29,158,125,3,0.23384124,0.01139613,-0.00825174,0E-8,0.000000,0.887492,0.846818,0.02564465,2026-03-24,2026-08-06,84,754,547,136,0.617647,0.180654,0.372251,0.779471,,,,,,,,GLOBAL_BASELINE_NO_ENTITY_RANKING,,,NOT_APPLICABLE_GLOBAL_BASELINE,HF9g-P5,,,,X 全窗基线 · 不参与实体赏罚,8397944,840,A168_HF9F_20260827_0900,2026-08-27 09:00:00
2026-07-03,129740297,1957,0,1.8395127335,-1.8395127335,-1.8395127335,0E-7,1,1,0.50665070000000000,0.506650700000,-1.013391052207602,-1.013391052207602,-1.013391052207602,0E-17,ELIGIBLE,R03b_20260811_FULL_v1,L1_ELIGIBILITY,v2026-08-11,2026-03-21..2026-08-06,baccarat_bet02_101_all_pairs_incl_sentinel,round_win = game_pnl > 0 (decisive only),COMPATIBILITY_ONLY_NOT_PRODUCTION,42404.8770,37633.9694,483.2517,2200,2196,-0.01139613,0.00825174,-0.01739291,-0.01139613,-483.2517,42404.8770,OK,0.0000,19.3301,4.0000,96.0000,AG03-UNRESOLVED,ALL5_LEVELS_bet23_to_bet27,19.3301,19.3301,19.3301,24.1626,24.1626,4.000000,4.000000,4.000000,5.000000,5.000000,96.000000,96.000000,96.000000,95.000000,95.000000,5.0,106.3154,97.3877,376.9363,385.864,PENDING_AG03,FALSE,NOT_FOR_ENFORCEMENT,463.9216,36128.6106,483.2517,463.9216,19.3301,0.01139613,0.01094029,19.3301,463.9216,0.01094029,19.3301,19.3301,19.3301,24.1626,24.1626,463.9216,0.01094029,106.3154,97.3877,376.9363,385.864,0.00888898,0.00909952,0.00045585,19.2749,17.1375,0.2201,5.7530,0.6409,504.8200,26.1429,7.1751,39.7174,2.9515,6.1317,20.2037,44.018,88.0359,220.0898,5.1098,0.0,14.357485,35.893712,3.143486,29,158,125,3,0.23384124,0.01139613,-0.00825174,0E-8,0.000000,0.887492,0.846818,0.02564465,2026-03-24,2026-08-06,84,754,547,136,0.617647,0.180654,0.372251,0.779471,,,,,,,,GLOBAL_BASELINE_NO_ENTITY_RANKING,,,NOT_APPLICABLE_GLOBAL_BASELINE,HF9g-P5,,,,X 全窗基线 · 不参与实体赏罚,8397945,840,A168_HF9F_20260827_0900,2026-08-27 09:00:00
2026-07-04,129740297,595,0,1.0219515186,-1.0219515186,-1.0219515186,0E-7,1,1,0.50665070000000000,0.506650700000,-1.013391052207602,-1.013391052207602,-1.013391052207602,0E-17,ELIGIBLE,R03b_20260811_FULL_v1,L1_ELIGIBILITY,v2026-08-11,2026-03-21..2026-08-06,baccarat_bet02_101_all_pairs_incl_sentinel,round_win = game_pnl > 0 (decisive only),COMPATIBILITY_ONLY_NOT_PRODUCTION,42404.8770,37633.9694,483.2517,2200,2196,-0.01139613,0.00825174,-0.01739291,-0.01139613,-483.2517,42404.8770,OK,0.0000,19.3301,4.0000,96.0000,AG03-UNRESOLVED,ALL5_LEVELS_bet23_to_bet27,19.3301,19.3301,19.3301,24.1626,24.1626,4.000000,4.000000,4.000000,5.000000,5.000000,96.000000,96.000000,96.000000,95.000000,95.000000,5.0,106.3154,97.3877,376.9363,385.864,PENDING_AG03,FALSE,NOT_FOR_ENFORCEMENT,463.9216,36128.6106,483.2517,463.9216,19.3301,0.01139613,0.01094029,19.3301,463.9216,0.01094029,19.3301,19.3301,19.3301,24.1626,24.1626,463.9216,0.01094029,106.3154,97.3877,376.9363,385.864,0.00888898,0.00909952,0.00045585,19.2749,17.1375,0.2201,5.7530,0.6409,504.8200,26.1429,7.1751,39.7174,2.9515,6.1317,20.2037,44.018,88.0359,220.0898,5.1098,0.0,14.357485,35.893712,3.143486,29,158,125,3,0.23384124,0.01139613,-0.00825174,0E-8,0.000000,0.887492,0.846818,0.02564465,2026-03-24,2026-08-06,84,754,547,136,0.617647,0.180654,0.372251,0.779471,,,,,,,,GLOBAL_BASELINE_NO_ENTITY_RANKING,,,NOT_APPLICABLE_GLOBAL_BASELINE,HF9g-P5,,,,X 全窗基线 · 不参与实体赏罚,8397946,840,A168_HF9F_20260827_0900,2026-08-27 09:00:00
2026-07-06,129740297,-1,1,0.6131709111,-0.2043903037,-0.2043903037,0.5000000,2,2,0.49324550000000000,0.493245500000,0.01910635448239258,0.01910635448239258,0.01910635448239258,0E-17,SENTINEL_DEALER,R03b_20260811_FULL_v1,L1_ELIGIBILITY,v2026-08-11,2026-03-21..2026-08-06,baccarat_bet02_101_all_pairs_incl_sentinel,round_win = game_pnl > 0 (decisive only),COMPATIBILITY_ONLY_NOT_PRODUCTION,42404.8770,37633.9694,483.2517,2200,2196,-0.01139613,0.00825174,-0.01739291,-0.01139613,-483.2517,42404.8770,OK,0.0000,19.3301,4.0000,96.0000,AG03-UNRESOLVED,ALL5_LEVELS_bet23_to_bet27,19.3301,19.3301,19.3301,24.1626,24.1626,4.000000,4.000000,4.000000,5.000000,5.000000,96.000000,96.000000,96.000000,95.000000,95.000000,5.0,106.3154,97.3877,376.9363,385.864,PENDING_AG03,FALSE,NOT_FOR_ENFORCEMENT,463.9216,36128.6106,483.2517,463.9216,19.3301,0.01139613,0.01094029,19.3301,463.9216,0.01094029,19.3301,19.3301,19.3301,24.1626,24.1626,463.9216,0.01094029,106.3154,97.3877,376.9363,385.864,0.00888898,0.00909952,0.00045585,19.2749,17.1375,0.2201,5.7530,0.6409,504.8200,26.1429,7.1751,39.7174,2.9515,6.1317,20.2037,44.018,88.0359,220.0898,5.1098,0.0,14.357485,35.893712,3.143486,29,158,125,3,0.23384124,0.01139613,-0.00825174,0E-8,0.000000,0.887492,0.846818,0.02564465,2026-03-24,2026-08-06,84,754,547,136,0.617647,0.180654,0.372251,0.779471,,,,,,,,GLOBAL_BASELINE_NO_ENTITY_RANKING,,,NOT_APPLICABLE_GLOBAL_BASELINE,HF9g-P5,,,,X 全窗基线 · 不参与实体赏罚,8397947,840,A168_HF9F_20260827_0900,2026-08-27 09:00:00
2026-07-07,129740297,2156,0,3.0658545559,-3.0658545559,-3.0658545559,0E-7,1,1,0.50665070000000000,0.506650700000,-1.013391052207602,-1.013391052207602,-1.013391052207602,0E-17,ELIGIBLE,R03b_20260811_FULL_v1,L1_ELIGIBILITY,v2026-08-11,2026-03-21..2026-08-06,baccarat_bet02_101_all_pairs_incl_sentinel,round_win = game_pnl > 0 (decisive only),COMPATIBILITY_ONLY_NOT_PRODUCTION,42404.8770,37633.9694,483.2517,2200,2196,-0.01139613,0.00825174,-0.01739291,-0.01139613,-483.2517,42404.8770,OK,0.0000,19.3301,4.0000,96.0000,AG03-UNRESOLVED,ALL5_LEVELS_bet23_to_bet27,19.3301,19.3301,19.3301,24.1626,24.1626,4.000000,4.000000,4.000000,5.000000,5.000000,96.000000,96.000000,96.000000,95.000000,95.000000,5.0,106.3154,97.3877,376.9363,385.864,PENDING_AG03,FALSE,NOT_FOR_ENFORCEMENT,463.9216,36128.6106,483.2517,463.9216,19.3301,0.01139613,0.01094029,19.3301,463.9216,0.01094029,19.3301,19.3301,19.3301,24.1626,24.1626,463.9216,0.01094029,106.3154,97.3877,376.9363,385.864,0.00888898,0.00909952,0.00045585,19.2749,17.1375,0.2201,5.7530,0.6409,504.8200,26.1429,7.1751,39.7174,2.9515,6.1317,20.2037,44.018,88.0359,220.0898,5.1098,0.0,14.357485,35.893712,3.143486,29,158,125,3,0.23384124,0.01139613,-0.00825174,0E-8,0.000000,0.887492,0.846818,0.02564465,2026-03-24,2026-08-06,84,754,547,136,0.617647,0.180654,0.372251,0.779471,,,,,,,,GLOBAL_BASELINE_NO_ENTITY_RANKING,,,NOT_APPLICABLE_GLOBAL_BASELINE,HF9g-P5,,,,X 全窗基线 · 不参与实体赏罚,8397948,840,A168_HF9F_20260827_0900,2026-08-27 09:00:00
2026-07-08,129740297,-1,1,51.0975759309,-15.5336630831,-15.5336630831,0.4545455,12,12,0.49994810000000000,0.499948100000,-0.3011670805469781,-0.3011670805469781,-0.3011670805469781,0E-17,SENTINEL_DEALER,R03b_20260811_FULL_v1,L1_ELIGIBILITY,v2026-08-11,2026-03-21..2026-08-06,baccarat_bet02_101_all_pairs_incl_sentinel,round_win = game_pnl > 0 (decisive only),COMPATIBILITY_ONLY_NOT_PRODUCTION,42404.8770,37633.9694,483.2517,2200,2196,-0.01139613,0.00825174,-0.01739291,-0.01139613,-483.2517,42404.8770,OK,0.0000,19.3301,4.0000,96.0000,AG03-UNRESOLVED,ALL5_LEVELS_bet23_to_bet27,19.3301,19.3301,19.3301,24.1626,24.1626,4.000000,4.000000,4.000000,5.000000,5.000000,96.000000,96.000000,96.000000,95.000000,95.000000,5.0,106.3154,97.3877,376.9363,385.864,PENDING_AG03,FALSE,NOT_FOR_ENFORCEMENT,463.9216,36128.6106,483.2517,463.9216,19.3301,0.01139613,0.01094029,19.3301,463.9216,0.01094029,19.3301,19.3301,19.3301,24.1626,24.1626,463.9216,0.01094029,106.3154,97.3877,376.9363,385.864,0.00888898,0.00909952,0.00045585,19.2749,17.1375,0.2201,5.7530,0.6409,504.8200,26.1429,7.1751,39.7174,2.9515,6.1317,20.2037,44.018,88.0359,220.0898,5.1098,0.0,14.357485,35.893712,3.143486,29,158,125,3,0.23384124,0.01139613,-0.00825174,0E-8,0.000000,0.887492,0.846818,0.02564465,2026-03-24,2026-08-06,84,754,547,136,0.617647,0.180654,0.372251,0.779471,,,,,,,,GLOBAL_BASELINE_NO_ENTITY_RANKING,,,NOT_APPLICABLE_GLOBAL_BASELINE,HF9g-P5,,,,X 全窗基线 · 不参与实体赏罚,8397949,840,A168_HF9F_20260827_0900,2026-08-27 09:00:00
2026-07-08,129740297,1115,0,5.1097575931,4.0878060745,4.0878060745,1.0000000,2,2,0.50665070000000000,0.506650700000,1.3955260008387969,1.3955260008387969,1.3955260008387969,0E-17,ELIGIBLE,R03b_20260811_FULL_v1,L1_ELIGIBILITY,v2026-08-11,2026-03-21..2026-08-06,baccarat_bet02_101_all_pairs_incl_sentinel,round_win = game_pnl > 0 (decisive only),COMPATIBILITY_ONLY_NOT_PRODUCTION,42404.8770,37633.9694,483.2517,2200,2196,-0.01139613,0.00825174,-0.01739291,-0.01139613,-483.2517,42404.8770,OK,0.0000,19.3301,4.0000,96.0000,AG03-UNRESOLVED,ALL5_LEVELS_bet23_to_bet27,19.3301,19.3301,19.3301,24.1626,24.1626,4.000000,4.000000,4.000000,5.000000,5.000000,96.000000,96.000000,96.000000,95.000000,95.000000,5.0,106.3154,97.3877,376.9363,385.864,PENDING_AG03,FALSE,NOT_FOR_ENFORCEMENT,463.9216,36128.6106,483.2517,463.9216,19.3301,0.01139613,0.01094029,19.3301,463.9216,0.01094029,19.3301,19.3301,19.3301,24.1626,24.1626,463.9216,0.01094029,106.3154,97.3877,376.9363,385.864,0.00888898,0.00909952,0.00045585,19.2749,17.1375,0.2201,5.7530,0.6409,504.8200,26.1429,7.1751,39.7174,2.9515,6.1317,20.2037,44.018,88.0359,220.0898,5.1098,0.0,14.357485,35.893712,3.143486,29,158,125,3,0.23384124,0.01139613,-0.00825174,0E-8,0.000000,0.887492,0.846818,0.02564465,2026-03-24,2026-08-06,84,754,547,136,0.617647,0.180654,0.372251,0.779471,,,,,,,,GLOBAL_BASELINE_NO_ENTITY_RANKING,,,NOT_APPLICABLE_GLOBAL_BASELINE,HF9g-P5,,,,X 全窗基线 · 不参与实体赏罚,8397950,840,A168_HF9F_20260827_0900,2026-08-27 09:00:00
2026-07-08,129740297,1383,0,6.5404897191,-6.5404897191,-6.5404897191,0E-7,2,2,0.50665070000000000,0.506650700000,-1.4331513700195317,-1.4331513700195317,-1.4331513700195317,0E-17,ELIGIBLE,R03b_20260811_FULL_v1,L1_ELIGIBILITY,v2026-08-11,2026-03-21..2026-08-06,baccarat_bet02_101_all_pairs_incl_sentinel,round_win = game_pnl > 0 (decisive only),COMPATIBILITY_ONLY_NOT_PRODUCTION,42404.8770,37633.9694,483.2517,2200,2196,-0.01139613,0.00825174,-0.01739291,-0.01139613,-483.2517,42404.8770,OK,0.0000,19.3301,4.0000,96.0000,AG03-UNRESOLVED,ALL5_LEVELS_bet23_to_bet27,19.3301,19.3301,19.3301,24.1626,24.1626,4.000000,4.000000,4.000000,5.000000,5.000000,96.000000,96.000000,96.000000,95.000000,95.000000,5.0,106.3154,97.3877,376.9363,385.864,PENDING_AG03,FALSE,NOT_FOR_ENFORCEMENT,463.9216,36128.6106,483.2517,463.9216,19.3301,0.01139613,0.01094029,19.3301,463.9216,0.01094029,19.3301,19.3301,19.3301,24.1626,24.1626,463.9216,0.01094029,106.3154,97.3877,376.9363,385.864,0.00888898,0.00909952,0.00045585,19.2749,17.1375,0.2201,5.7530,0.6409,504.8200,26.1429,7.1751,39.7174,2.9515,6.1317,20.2037,44.018,88.0359,220.0898,5.1098,0.0,14.357485,35.893712,3.143486,29,158,125,3,0.23384124,0.01139613,-0.00825174,0E-8,0.000000,0.887492,0.846818,0.02564465,2026-03-24,2026-08-06,84,754,547,136,0.617647,0.180654,0.372251,0.779471,,,,,,,,GLOBAL_BASELINE_NO_ENTITY_RANKING,,,NOT_APPLICABLE_GLOBAL_BASELINE,HF9g-P5,,,,X 全窗基线 · 不参与实体赏罚,8397951,840,A168_HF9F_20260827_0900,2026-08-27 09:00:00
2026-07-08,129740297,1623,0,12.2634182234,1E-10,1E-10,0.3333333,4,4,0.49659680000000000,0.496596800000,-0.5655743394288276,-0.5655743394288276,-0.5655743394288276,0E-17,ELIGIBLE,R03b_20260811_FULL_v1,L1_ELIGIBILITY,v2026-08-11,2026-03-21..2026-08-06,baccarat_bet02_101_all_pairs_incl_sentinel,round_win = game_pnl > 0 (decisive only),COMPATIBILITY_ONLY_NOT_PRODUCTION,42404.8770,37633.9694,483.2517,2200,2196,-0.01139613,0.00825174,-0.01739291,-0.01139613,-483.2517,42404.8770,OK,0.0000,19.3301,4.0000,96.0000,AG03-UNRESOLVED,ALL5_LEVELS_bet23_to_bet27,19.3301,19.3301,19.3301,24.1626,24.1626,4.000000,4.000000,4.000000,5.000000,5.000000,96.000000,96.000000,96.000000,95.000000,95.000000,5.0,106.3154,97.3877,376.9363,385.864,PENDING_AG03,FALSE,NOT_FOR_ENFORCEMENT,463.9216,36128.6106,483.2517,463.9216,19.3301,0.01139613,0.01094029,19.3301,463.9216,0.01094029,19.3301,19.3301,19.3301,24.1626,24.1626,463.9216,0.01094029,106.3154,97.3877,376.9363,385.864,0.00888898,0.00909952,0.00045585,19.2749,17.1375,0.2201,5.7530,0.6409,504.8200,26.1429,7.1751,39.7174,2.9515,6.1317,20.2037,44.018,88.0359,220.0898,5.1098,0.0,14.357485,35.893712,3.143486,29,158,125,3,0.23384124,0.01139613,-0.00825174,0E-8,0.000000,0.887492,0.846818,0.02564465,2026-03-24,2026-08-06,84,754,547,136,0.617647,0.180654,0.372251,0.779471,,,,,,,,GLOBAL_BASELINE_NO_ENTITY_RANKING,,,NOT_APPLICABLE_GLOBAL_BASELINE,HF9g-P5,,,,X 全窗基线 · 不参与实体赏罚,8397952,840,A168_HF9F_20260827_0900,2026-08-27 09:00:00
2026-07-08,129740297,1947,0,18.3951273352,18.3951273352,18.3951273352,1.0000000,4,4,0.49324550000000000,0.493245500000,2.0272029836991,2.0272029836991,2.0272029836991,0E-17,ELIGIBLE,R03b_20260811_FULL_v1,L1_ELIGIBILITY,v2026-08-11,2026-03-21..2026-08-06,baccarat_bet02_101_all_pairs_incl_sentinel,round_win = game_pnl > 0 (decisive only),COMPATIBILITY_ONLY_NOT_PRODUCTION,42404.8770,37633.9694,483.2517,2200,2196,-0.01139613,0.00825174,-0.01739291,-0.01139613,-483.2517,42404.8770,OK,0.0000,19.3301,4.0000,96.0000,AG03-UNRESOLVED,ALL5_LEVELS_bet23_to_bet27,19.3301,19.3301,19.3301,24.1626,24.1626,4.000000,4.000000,4.000000,5.000000,5.000000,96.000000,96.000000,96.000000,95.000000,95.000000,5.0,106.3154,97.3877,376.9363,385.864,PENDING_AG03,FALSE,NOT_FOR_ENFORCEMENT,463.9216,36128.6106,483.2517,463.9216,19.3301,0.01139613,0.01094029,19.3301,463.9216,0.01094029,19.3301,19.3301,19.3301,24.1626,24.1626,463.9216,0.01094029,106.3154,97.3877,376.9363,385.864,0.00888898,0.00909952,0.00045585,19.2749,17.1375,0.2201,5.7530,0.6409,504.8200,26.1429,7.1751,39.7174,2.9515,6.1317,20.2037,44.018,88.0359,220.0898,5.1098,0.0,14.357485,35.893712,3.143486,29,158,125,3,0.23384124,0.01139613,-0.00825174,0E-8,0.000000,0.887492,0.846818,0.02564465,2026-03-24,2026-08-06,84,754,547,136,0.617647,0.180654,0.372251,0.779471,,,,,,,,GLOBAL_BASELINE_NO_ENTITY_RANKING,,,NOT_APPLICABLE_GLOBAL_BASELINE,HF9g-P5,,,,X 全窗基线 · 不参与实体赏罚,8397953,840,A168_HF9F_20260827_0900,2026-08-27 09:00:00
2026-07-08,129740297,2108,0,16.3512242979,-7.1536606304,-7.1536606304,0.3333333,4,4,0.50665070000000000,0.506650700000,-0.6004420894325239,-0.6004420894325239,-0.6004420894325239,0E-17,ELIGIBLE,R03b_20260811_FULL_v1,L1_ELIGIBILITY,v2026-08-11,2026-03-21..2026-08-06,baccarat_bet02_101_all_pairs_incl_sentinel,round_win = game_pnl > 0 (decisive only),COMPATIBILITY_ONLY_NOT_PRODUCTION,42404.8770,37633.9694,483.2517,2200,2196,-0.01139613,0.00825174,-0.01739291,-0.01139613,-483.2517,42404.8770,OK,0.0000,19.3301,4.0000,96.0000,AG03-UNRESOLVED,ALL5_LEVELS_bet23_to_bet27,19.3301,19.3301,19.3301,24.1626,24.1626,4.000000,4.000000,4.000000,5.000000,5.000000,96.000000,96.000000,96.000000,95.000000,95.000000,5.0,106.3154,97.3877,376.9363,385.864,PENDING_AG03,FALSE,NOT_FOR_ENFORCEMENT,463.9216,36128.6106,483.2517,463.9216,19.3301,0.01139613,0.01094029,19.3301,463.9216,0.01094029,19.3301,19.3301,19.3301,24.1626,24.1626,463.9216,0.01094029,106.3154,97.3877,376.9363,385.864,0.00888898,0.00909952,0.00045585,19.2749,17.1375,0.2201,5.7530,0.6409,504.8200,26.1429,7.1751,39.7174,2.9515,6.1317,20.2037,44.018,88.0359,220.0898,5.1098,0.0,14.357485,35.893712,3.143486,29,158,125,3,0.23384124,0.01139613,-0.00825174,0E-8,0.000000,0.887492,0.846818,0.02564465,2026-03-24,2026-08-06,84,754,547,136,0.617647,0.180654,0.372251,0.779471,,,,,,,,GLOBAL_BASELINE_NO_ENTITY_RANKING,,,NOT_APPLICABLE_GLOBAL_BASELINE,HF9g-P5,,,,X 全窗基线 · 不参与实体赏罚,8397954,840,A168_HF9F_20260827_0900,2026-08-27 09:00:00
2026-07-08,129740297,2117,0,18.3951273352,2.0439030373,2.0439030373,0.5000000,5,5,0.50665070000000000,0.506650700000,-0.02660515369234503,-0.02660515369234503,-0.02660515369234503,0E-17,ELIGIBLE,R03b_20260811_FULL_v1,L1_ELIGIBILITY,v2026-08-11,2026-03-21..2026-08-06,baccarat_bet02_101_all_pairs_incl_sentinel,round_win = game_pnl > 0 (decisive only),COMPATIBILITY_ONLY_NOT_PRODUCTION,42404.8770,37633.9694,483.2517,2200,2196,-0.01139613,0.00825174,-0.01739291,-0.01139613,-483.2517,42404.8770,OK,0.0000,19.3301,4.0000,96.0000,AG03-UNRESOLVED,ALL5_LEVELS_bet23_to_bet27,19.3301,19.3301,19.3301,24.1626,24.1626,4.000000,4.000000,4.000000,5.000000,5.000000,96.000000,96.000000,96.000000,95.000000,95.000000,5.0,106.3154,97.3877,376.9363,385.864,PENDING_AG03,FALSE,NOT_FOR_ENFORCEMENT,463.9216,36128.6106,483.2517,463.9216,19.3301,0.01139613,0.01094029,19.3301,463.9216,0.01094029,19.3301,19.3301,19.3301,24.1626,24.1626,463.9216,0.01094029,106.3154,97.3877,376.9363,385.864,0.00888898,0.00909952,0.00045585,19.2749,17.1375,0.2201,5.7530,0.6409,504.8200,26.1429,7.1751,39.7174,2.9515,6.1317,20.2037,44.018,88.0359,220.0898,5.1098,0.0,14.357485,35.893712,3.143486,29,158,125,3,0.23384124,0.01139613,-0.00825174,0E-8,0.000000,0.887492,0.846818,0.02564465,2026-03-24,2026-08-06,84,754,547,136,0.617647,0.180654,0.372251,0.779471,,,,,,,,GLOBAL_BASELINE_NO_ENTITY_RANKING,,,NOT_APPLICABLE_GLOBAL_BASELINE,HF9g-P5,,,,X 全窗基线 · 不参与实体赏罚,8397955,840,A168_HF9F_20260827_0900,2026-08-27 09:00:00
2026-07-08,129740297,2121,0,16.7600049053,5.9273188081,5.9273188081,0.8000000,7,7,0.50665070000000000,0.506650700000,1.3120140225494112,1.3120140225494112,1.3120140225494112,0E-17,ELIGIBLE,R03b_20260811_FULL_v1,L1_ELIGIBILITY,v2026-08-11,2026-03-21..2026-08-06,baccarat_bet02_101_all_pairs_incl_sentinel,round_win = game_pnl > 0 (decisive only),COMPATIBILITY_ONLY_NOT_PRODUCTION,42404.8770,37633.9694,483.2517,2200,2196,-0.01139613,0.00825174,-0.01739291,-0.01139613,-483.2517,42404.8770,OK,0.0000,19.3301,4.0000,96.0000,AG03-UNRESOLVED,ALL5_LEVELS_bet23_to_bet27,19.3301,19.3301,19.3301,24.1626,24.1626,4.000000,4.000000,4.000000,5.000000,5.000000,96.000000,96.000000,96.000000,95.000000,95.000000,5.0,106.3154,97.3877,376.9363,385.864,PENDING_AG03,FALSE,NOT_FOR_ENFORCEMENT,463.9216,36128.6106,483.2517,463.9216,19.3301,0.01139613,0.01094029,19.3301,463.9216,0.01094029,19.3301,19.3301,19.3301,24.1626,24.1626,463.9216,0.01094029,106.3154,97.3877,376.9363,385.864,0.00888898,0.00909952,0.00045585,19.2749,17.1375,0.2201,5.7530,0.6409,504.8200,26.1429,7.1751,39.7174,2.9515,6.1317,20.2037,44.018,88.0359,220.0898,5.1098,0.0,14.357485,35.893712,3.143486,29,158,125,3,0.23384124,0.01139613,-0.00825174,0E-8,0.000000,0.887492,0.846818,0.02564465,2026-03-24,2026-08-06,84,754,547,136,0.617647,0.180654,0.372251,0.779471,,,,,,,,GLOBAL_BASELINE_NO_ENTITY_RANKING,,,NOT_APPLICABLE_GLOBAL_BASELINE,HF9g-P5,,,,X 全窗基线 · 不参与实体赏罚,8397956,840,A168_HF9F_20260827_0900,2026-08-27 09:00:00
2026-07-08,129740297,2141,0,24.5268364470,-6.1317091117,-6.1317091117,0.5000000,7,7,0.50665070000000000,0.506650700000,-0.032584525537284574,-0.032584525537284574,-0.032584525537284574,0E-17,ELIGIBLE,R03b_20260811_FULL_v1,L1_ELIGIBILITY,v2026-08-11,2026-03-21..2026-08-06,baccarat_bet02_101_all_pairs_incl_sentinel,round_win = game_pnl > 0 (decisive only),COMPATIBILITY_ONLY_NOT_PRODUCTION,42404.8770,37633.9694,483.2517,2200,2196,-0.01139613,0.00825174,-0.01739291,-0.01139613,-483.2517,42404.8770,OK,0.0000,19.3301,4.0000,96.0000,AG03-UNRESOLVED,ALL5_LEVELS_bet23_to_bet27,19.3301,19.3301,19.3301,24.1626,24.1626,4.000000,4.000000,4.000000,5.000000,5.000000,96.000000,96.000000,96.000000,95.000000,95.000000,5.0,106.3154,97.3877,376.9363,385.864,PENDING_AG03,FALSE,NOT_FOR_ENFORCEMENT,463.9216,36128.6106,483.2517,463.9216,19.3301,0.01139613,0.01094029,19.3301,463.9216,0.01094029,19.3301,19.3301,19.3301,24.1626,24.1626,463.9216,0.01094029,106.3154,97.3877,376.9363,385.864,0.00888898,0.00909952,0.00045585,19.2749,17.1375,0.2201,5.7530,0.6409,504.8200,26.1429,7.1751,39.7174,2.9515,6.1317,20.2037,44.018,88.0359,220.0898,5.1098,0.0,14.357485,35.893712,3.143486,29,158,125,3,0.23384124,0.01139613,-0.00825174,0E-8,0.000000,0.887492,0.846818,0.02564465,2026-03-24,2026-08-06,84,754,547,136,0.617647,0.180654,0.372251,0.779471,,,,,,,,GLOBAL_BASELINE_NO_ENTITY_RANKING,,,NOT_APPLICABLE_GLOBAL_BASELINE,HF9g-P5,,,,X 全窗基线 · 不参与实体赏罚,8397957,840,A168_HF9F_20260827_0900,2026-08-27 09:00:00
2026-07-08,129740297,2153,0,12.2634182232,6.1317091116,6.1317091116,0.8000000,6,6,0.49994810000000000,0.499948100000,1.3418728975849028,1.3418728975849028,1.3418728975849028,0E-17,ELIGIBLE,R03b_20260811_FULL_v1,L1_ELIGIBILITY,v2026-08-11,2026-03-21..2026-08-06,baccarat_bet02_101_all_pairs_incl_sentinel,round_win = game_pnl > 0 (decisive only),COMPATIBILITY_ONLY_NOT_PRODUCTION,42404.8770,37633.9694,483.2517,2200,2196,-0.01139613,0.00825174,-0.01739291,-0.01139613,-483.2517,42404.8770,OK,0.0000,19.3301,4.0000,96.0000,AG03-UNRESOLVED,ALL5_LEVELS_bet23_to_bet27,19.3301,19.3301,19.3301,24.1626,24.1626,4.000000,4.000000,4.000000,5.000000,5.000000,96.000000,96.000000,96.000000,95.000000,95.000000,5.0,106.3154,97.3877,376.9363,385.864,PENDING_AG03,FALSE,NOT_FOR_ENFORCEMENT,463.9216,36128.6106,483.2517,463.9216,19.3301,0.01139613,0.01094029,19.3301,463.9216,0.01094029,19.3301,19.3301,19.3301,24.1626,24.1626,463.9216,0.01094029,106.3154,97.3877,376.9363,385.864,0.00888898,0.00909952,0.00045585,19.2749,17.1375,0.2201,5.7530,0.6409,504.8200,26.1429,7.1751,39.7174,2.9515,6.1317,20.2037,44.018,88.0359,220.0898,5.1098,0.0,14.357485,35.893712,3.143486,29,158,125,3,0.23384124,0.01139613,-0.00825174,0E-8,0.000000,0.887492,0.846818,0.02564465,2026-03-24,2026-08-06,84,754,547,136,0.617647,0.180654,0.372251,0.779471,,,,,,,,GLOBAL_BASELINE_NO_ENTITY_RANKING,,,NOT_APPLICABLE_GLOBAL_BASELINE,HF9g-P5,,,,X 全窗基线 · 不参与实体赏罚,8397958,840,A168_HF9F_20260827_0900,2026-08-27 09:00:00
2026-07-08,129740297,2174,0,1.6351224298,-0.8175612149,-0.8175612149,0E-7,2,2,0.50665070000000000,0.506650700000,-1.013391052207602,-1.013391052207602,-1.013391052207602,0E-17,ELIGIBLE,R03b_20260811_FULL_v1,L1_ELIGIBILITY,v2026-08-11,2026-03-21..2026-08-06,baccarat_bet02_101_all_pairs_incl_sentinel,round_win = game_pnl > 0 (decisive only),COMPATIBILITY_ONLY_NOT_PRODUCTION,42404.8770,37633.9694,483.2517,2200,2196,-0.01139613,0.00825174,-0.01739291,-0.01139613,-483.2517,42404.8770,OK,0.0000,19.3301,4.0000,96.0000,AG03-UNRESOLVED,ALL5_LEVELS_bet23_to_bet27,19.3301,19.3301,19.3301,24.1626,24.1626,4.000000,4.000000,4.000000,5.000000,5.000000,96.000000,96.000000,96.000000,95.000000,95.000000,5.0,106.3154,97.3877,376.9363,385.864,PENDING_AG03,FALSE,NOT_FOR_ENFORCEMENT,463.9216,36128.6106,483.2517,463.9216,19.3301,0.01139613,0.01094029,19.3301,463.9216,0.01094029,19.3301,19.3301,19.3301,24.1626,24.1626,463.9216,0.01094029,106.3154,97.3877,376.9363,385.864,0.00888898,0.00909952,0.00045585,19.2749,17.1375,0.2201,5.7530,0.6409,504.8200,26.1429,7.1751,39.7174,2.9515,6.1317,20.2037,44.018,88.0359,220.0898,5.1098,0.0,14.357485,35.893712,3.143486,29,158,125,3,0.23384124,0.01139613,-0.00825174,0E-8,0.000000,0.887492,0.846818,0.02564465,2026-03-24,2026-08-06,84,754,547,136,0.617647,0.180654,0.372251,0.779471,,,,,,,,GLOBAL_BASELINE_NO_ENTITY_RANKING,,,NOT_APPLICABLE_GLOBAL_BASELINE,HF9g-P5,,,,X 全窗基线 · 不参与实体赏罚,8397959,840,A168_HF9F_20260827_0900,2026-08-27 09:00:00
2026-07-08,129740297,2209,0,2.4526836447,-2.4526836447,-2.4526836447,0E-7,1,1,0.50665070000000000,0.506650700000,-1.013391052207602,-1.013391052207602,-1.013391052207602,0E-17,ELIGIBLE,R03b_20260811_FULL_v1,L1_ELIGIBILITY,v2026-08-11,2026-03-21..2026-08-06,baccarat_bet02_101_all_pairs_incl_sentinel,round_win = game_pnl > 0 (decisive only),COMPATIBILITY_ONLY_NOT_PRODUCTION,42404.8770,37633.9694,483.2517,2200,2196,-0.01139613,0.00825174,-0.01739291,-0.01139613,-483.2517,42404.8770,OK,0.0000,19.3301,4.0000,96.0000,AG03-UNRESOLVED,ALL5_LEVELS_bet23_to_bet27,19.3301,19.3301,19.3301,24.1626,24.1626,4.000000,4.000000,4.000000,5.000000,5.000000,96.000000,96.000000,96.000000,95.000000,95.000000,5.0,106.3154,97.3877,376.9363,385.864,PENDING_AG03,FALSE,NOT_FOR_ENFORCEMENT,463.9216,36128.6106,483.2517,463.9216,19.3301,0.01139613,0.01094029,19.3301,463.9216,0.01094029,19.3301,19.3301,19.3301,24.1626,24.1626,463.9216,0.01094029,106.3154,97.3877,376.9363,385.864,0.00888898,0.00909952,0.00045585,19.2749,17.1375,0.2201,5.7530,0.6409,504.8200,26.1429,7.1751,39.7174,2.9515,6.1317,20.2037,44.018,88.0359,220.0898,5.1098,0.0,14.357485,35.893712,3.143486,29,158,125,3,0.23384124,0.01139613,-0.00825174,0E-8,0.000000,0.887492,0.846818,0.02564465,2026-03-24,2026-08-06,84,754,547,136,0.617647,0.180654,0.372251,0.779471,,,,,,,,GLOBAL_BASELINE_NO_ENTITY_RANKING,,,NOT_APPLICABLE_GLOBAL_BASELINE,HF9g-P5,,,,X 全窗基线 · 不参与实体赏罚,8397960,840,A168_HF9F_20260827_0900,2026-08-27 09:00:00
2026-07-08,129740297,2229,0,7.7668315415,2.6468544332,2.6468544332,0.6666667,4,4,0.50665070000000000,0.506650700000,0.5543606114942035,0.5543606114942035,0.5543606114942035,0E-17,ELIGIBLE,R03b_20260811_FULL_v1,L1_ELIGIBILITY,v2026-08-11,2026-03-21..2026-08-06,baccarat_bet02_101_all_pairs_incl_sentinel,round_win = game_pnl > 0 (decisive only),COMPATIBILITY_ONLY_NOT_PRODUCTION,42404.8770,37633.9694,483.2517,2200,2196,-0.01139613,0.00825174,-0.01739291,-0.01139613,-483.2517,42404.8770,OK,0.0000,19.3301,4.0000,96.0000,AG03-UNRESOLVED,ALL5_LEVELS_bet23_to_bet27,19.3301,19.3301,19.3301,24.1626,24.1626,4.000000,4.000000,4.000000,5.000000,5.000000,96.000000,96.000000,96.000000,95.000000,95.000000,5.0,106.3154,97.3877,376.9363,385.864,PENDING_AG03,FALSE,NOT_FOR_ENFORCEMENT,463.9216,36128.6106,483.2517,463.9216,19.3301,0.01139613,0.01094029,19.3301,463.9216,0.01094029,19.3301,19.3301,19.3301,24.1626,24.1626,463.9216,0.01094029,106.3154,97.3877,376.9363,385.864,0.00888898,0.00909952,0.00045585,19.2749,17.1375,0.2201,5.7530,0.6409,504.8200,26.1429,7.1751,39.7174,2.9515,6.1317,20.2037,44.018,88.0359,220.0898,5.1098,0.0,14.357485,35.893712,3.143486,29,158,125,3,0.23384124,0.01139613,-0.00825174,0E-8,0.000000,0.887492,0.846818,0.02564465,2026-03-24,2026-08-06,84,754,547,136,0.617647,0.180654,0.372251,0.779471,,,,,,,,GLOBAL_BASELINE_NO_ENTITY_RANKING,,,NOT_APPLICABLE_GLOBAL_BASELINE,HF9g-P5,,,,X 全窗基线 · 不参与实体赏罚,8397961,840,A168_HF9F_20260827_0900,2026-08-27 09:00:00
2026-07-08,129740297,2252,0,16.3512242979,-8.1756121491,-8.1756121491,0.5000000,4,4,0.50665070000000000,0.506650700000,-0.02660515369234503,-0.02660515369234503,-0.02660515369234503,0E-17,ELIGIBLE,R03b_20260811_FULL_v1,L1_ELIGIBILITY,v2026-08-11,2026-03-21..2026-08-06,baccarat_bet02_101_all_pairs_incl_sentinel,round_win = game_pnl > 0 (decisive only),COMPATIBILITY_ONLY_NOT_PRODUCTION,42404.8770,37633.9694,483.2517,2200,2196,-0.01139613,0.00825174,-0.01739291,-0.01139613,-483.2517,42404.8770,OK,0.0000,19.3301,4.0000,96.0000,AG03-UNRESOLVED,ALL5_LEVELS_bet23_to_bet27,19.3301,19.3301,19.3301,24.1626,24.1626,4.000000,4.000000,4.000000,5.000000,5.000000,96.000000,96.000000,96.000000,95.000000,95.000000,5.0,106.3154,97.3877,376.9363,385.864,PENDING_AG03,FALSE,NOT_FOR_ENFORCEMENT,463.9216,36128.6106,483.2517,463.9216,19.3301,0.01139613,0.01094029,19.3301,463.9216,0.01094029,19.3301,19.3301,19.3301,24.1626,24.1626,463.9216,0.01094029,106.3154,97.3877,376.9363,385.864,0.00888898,0.00909952,0.00045585,19.2749,17.1375,0.2201,5.7530,0.6409,504.8200,26.1429,7.1751,39.7174,2.9515,6.1317,20.2037,44.018,88.0359,220.0898,5.1098,0.0,14.357485,35.893712,3.143486,29,158,125,3,0.23384124,0.01139613,-0.00825174,0E-8,0.000000,0.887492,0.846818,0.02564465,2026-03-24,2026-08-06,84,754,547,136,0.617647,0.180654,0.372251,0.779471,,,,,,,,GLOBAL_BASELINE_NO_ENTITY_RANKING,,,NOT_APPLICABLE_GLOBAL_BASELINE,HF9g-P5,,,,X 全窗基线 · 不参与实体赏罚,8397962,840,A168_HF9F_20260827_0900,2026-08-27 09:00:00
2026-07-08,129740297,2280,0,14.3073212604,1.9417078854,1.9417078854,0.6666667,7,7,0.50665070000000000,0.506650700000,0.5543606114942035,0.5543606114942035,0.5543606114942035,0E-17,ELIGIBLE,R03b_20260811_FULL_v1,L1_ELIGIBILITY,v2026-08-11,2026-03-21..2026-08-06,baccarat_bet02_101_all_pairs_incl_sentinel,round_win = game_pnl > 0 (decisive only),COMPATIBILITY_ONLY_NOT_PRODUCTION,42404.8770,37633.9694,483.2517,2200,2196,-0.01139613,0.00825174,-0.01739291,-0.01139613,-483.2517,42404.8770,OK,0.0000,19.3301,4.0000,96.0000,AG03-UNRESOLVED,ALL5_LEVELS_bet23_to_bet27,19.3301,19.3301,19.3301,24.1626,24.1626,4.000000,4.000000,4.000000,5.000000,5.000000,96.000000,96.000000,96.000000,95.000000,95.000000,5.0,106.3154,97.3877,376.9363,385.864,PENDING_AG03,FALSE,NOT_FOR_ENFORCEMENT,463.9216,36128.6106,483.2517,463.9216,19.3301,0.01139613,0.01094029,19.3301,463.9216,0.01094029,19.3301,19.3301,19.3301,24.1626,24.1626,463.9216,0.01094029,106.3154,97.3877,376.9363,385.864,0.00888898,0.00909952,0.00045585,19.2749,17.1375,0.2201,5.7530,0.6409,504.8200,26.1429,7.1751,39.7174,2.9515,6.1317,20.2037,44.018,88.0359,220.0898,5.1098,0.0,14.357485,35.893712,3.143486,29,158,125,3,0.23384124,0.01139613,-0.00825174,0E-8,0.000000,0.887492,0.846818,0.02564465,2026-03-24,2026-08-06,84,754,547,136,0.617647,0.180654,0.372251,0.779471,,,,,,,,GLOBAL_BASELINE_NO_ENTITY_RANKING,,,NOT_APPLICABLE_GLOBAL_BASELINE,HF9g-P5,,,,X 全窗基线 · 不参与实体赏罚,8397963,840,A168_HF9F_20260827_0900,2026-08-27 09:00:00
2026-07-08,129740297,2287,0,8.1756121490,-8.1756121490,-8.1756121490,0E-7,2,2,0.50665070000000000,0.506650700000,-1.4331513700195317,-1.4331513700195317,-1.4331513700195317,0E-17,ELIGIBLE,R03b_20260811_FULL_v1,L1_ELIGIBILITY,v2026-08-11,2026-03-21..2026-08-06,baccarat_bet02_101_all_pairs_incl_sentinel,round_win = game_pnl > 0 (decisive only),COMPATIBILITY_ONLY_NOT_PRODUCTION,42404.8770,37633.9694,483.2517,2200,2196,-0.01139613,0.00825174,-0.01739291,-0.01139613,-483.2517,42404.8770,OK,0.0000,19.3301,4.0000,96.0000,AG03-UNRESOLVED,ALL5_LEVELS_bet23_to_bet27,19.3301,19.3301,19.3301,24.1626,24.1626,4.000000,4.000000,4.000000,5.000000,5.000000,96.000000,96.000000,96.000000,95.000000,95.000000,5.0,106.3154,97.3877,376.9363,385.864,PENDING_AG03,FALSE,NOT_FOR_ENFORCEMENT,463.9216,36128.6106,483.2517,463.9216,19.3301,0.01139613,0.01094029,19.3301,463.9216,0.01094029,19.3301,19.3301,19.3301,24.1626,24.1626,463.9216,0.01094029,106.3154,97.3877,376.9363,385.864,0.00888898,0.00909952,0.00045585,19.2749,17.1375,0.2201,5.7530,0.6409,504.8200,26.1429,7.1751,39.7174,2.9515,6.1317,20.2037,44.018,88.0359,220.0898,5.1098,0.0,14.357485,35.893712,3.143486,29,158,125,3,0.23384124,0.01139613,-0.00825174,0E-8,0.000000,0.887492,0.846818,0.02564465,2026-03-24,2026-08-06,84,754,547,136,0.617647,0.180654,0.372251,0.779471,,,,,,,,GLOBAL_BASELINE_NO_ENTITY_RANKING,,,NOT_APPLICABLE_GLOBAL_BASELINE,HF9g-P5,,,,X 全窗基线 · 不参与实体赏罚,8397964,840,A168_HF9F_20260827_0900,2026-08-27 09:00:00
2026-07-08,129740297,471,0,3.0658545559,2.9125618281,2.9125618281,1.0000000,1,1,0.50665070000000000,0.506650700000,0.9867858985152569,0.9867858985152569,0.9867858985152569,0E-17,ELIGIBLE,R03b_20260811_FULL_v1,L1_ELIGIBILITY,v2026-08-11,2026-03-21..2026-08-06,baccarat_bet02_101_all_pairs_incl_sentinel,round_win = game_pnl > 0 (decisive only),COMPATIBILITY_ONLY_NOT_PRODUCTION,42404.8770,37633.9694,483.2517,2200,2196,-0.01139613,0.00825174,-0.01739291,-0.01139613,-483.2517,42404.8770,OK,0.0000,19.3301,4.0000,96.0000,AG03-UNRESOLVED,ALL5_LEVELS_bet23_to_bet27,19.3301,19.3301,19.3301,24.1626,24.1626,4.000000,4.000000,4.000000,5.000000,5.000000,96.000000,96.000000,96.000000,95.000000,95.000000,5.0,106.3154,97.3877,376.9363,385.864,PENDING_AG03,FALSE,NOT_FOR_ENFORCEMENT,463.9216,36128.6106,483.2517,463.9216,19.3301,0.01139613,0.01094029,19.3301,463.9216,0.01094029,19.3301,19.3301,19.3301,24.1626,24.1626,463.9216,0.01094029,106.3154,97.3877,376.9363,385.864,0.00888898,0.00909952,0.00045585,19.2749,17.1375,0.2201,5.7530,0.6409,504.8200,26.1429,7.1751,39.7174,2.9515,6.1317,20.2037,44.018,88.0359,220.0898,5.1098,0.0,14.357485,35.893712,3.143486,29,158,125,3,0.23384124,0.01139613,-0.00825174,0E-8,0.000000,0.887492,0.846818,0.02564465,2026-03-24,2026-08-06,84,754,547,136,0.617647,0.180654,0.372251,0.779471,,,,,,,,GLOBAL_BASELINE_NO_ENTITY_RANKING,,,NOT_APPLICABLE_GLOBAL_BASELINE,HF9g-P5,,,,X 全窗基线 · 不参与实体赏罚,8397965,840,A168_HF9F_20260827_0900,2026-08-27 09:00:00
2026-07-08,129740297,529,0,4.0878060744,0E-10,0E-10,0.5000000,2,2,0.49324550000000000,0.493245500000,0.01910635448239258,0.01910635448239258,0.01910635448239258,0E-17,ELIGIBLE,R03b_20260811_FULL_v1,L1_ELIGIBILITY,v2026-08-11,2026-03-21..2026-08-06,baccarat_bet02_101_all_pairs_incl_sentinel,round_win = game_pnl > 0 (decisive only),COMPATIBILITY_ONLY_NOT_PRODUCTION,42404.8770,37633.9694,483.2517,2200,2196,-0.01139613,0.00825174,-0.01739291,-0.01139613,-483.2517,42404.8770,OK,0.0000,19.3301,4.0000,96.0000,AG03-UNRESOLVED,ALL5_LEVELS_bet23_to_bet27,19.3301,19.3301,19.3301,24.1626,24.1626,4.000000,4.000000,4.000000,5.000000,5.000000,96.000000,96.000000,96.000000,95.000000,95.000000,5.0,106.3154,97.3877,376.9363,385.864,PENDING_AG03,FALSE,NOT_FOR_ENFORCEMENT,463.9216,36128.6106,483.2517,463.9216,19.3301,0.01139613,0.01094029,19.3301,463.9216,0.01094029,19.3301,19.3301,19.3301,24.1626,24.1626,463.9216,0.01094029,106.3154,97.3877,376.9363,385.864,0.00888898,0.00909952,0.00045585,19.2749,17.1375,0.2201,5.7530,0.6409,504.8200,26.1429,7.1751,39.7174,2.9515,6.1317,20.2037,44.018,88.0359,220.0898,5.1098,0.0,14.357485,35.893712,3.143486,29,158,125,3,0.23384124,0.01139613,-0.00825174,0E-8,0.000000,0.887492,0.846818,0.02564465,2026-03-24,2026-08-06,84,754,547,136,0.617647,0.180654,0.372251,0.779471,,,,,,,,GLOBAL_BASELINE_NO_ENTITY_RANKING,,,NOT_APPLICABLE_GLOBAL_BASELINE,HF9g-P5,,,,X 全窗基线 · 不参与实体赏罚,8397966,840,A168_HF9F_20260827_0900,2026-08-27 09:00:00
2026-07-09,129740297,-1,1,4.0878060744,0E-10,0E-10,0.5000000,2,2,0.50665070000000000,0.506650700000,-0.018812684590367487,-0.018812684590367487,-0.018812684590367487,0E-17,SENTINEL_DEALER,R03b_20260811_FULL_v1,L1_ELIGIBILITY,v2026-08-11,2026-03-21..2026-08-06,baccarat_bet02_101_all_pairs_incl_sentinel,round_win = game_pnl > 0 (decisive only),COMPATIBILITY_ONLY_NOT_PRODUCTION,42404.8770,37633.9694,483.2517,2200,2196,-0.01139613,0.00825174,-0.01739291,-0.01139613,-483.2517,42404.8770,OK,0.0000,19.3301,4.0000,96.0000,AG03-UNRESOLVED,ALL5_LEVELS_bet23_to_bet27,19.3301,19.3301,19.3301,24.1626,24.1626,4.000000,4.000000,4.000000,5.000000,5.000000,96.000000,96.000000,96.000000,95.000000,95.000000,5.0,106.3154,97.3877,376.9363,385.864,PENDING_AG03,FALSE,NOT_FOR_ENFORCEMENT,463.9216,36128.6106,483.2517,463.9216,19.3301,0.01139613,0.01094029,19.3301,463.9216,0.01094029,19.3301,19.3301,19.3301,24.1626,24.1626,463.9216,0.01094029,106.3154,97.3877,376.9363,385.864,0.00888898,0.00909952,0.00045585,19.2749,17.1375,0.2201,5.7530,0.6409,504.8200,26.1429,7.1751,39.7174,2.9515,6.1317,20.2037,44.018,88.0359,220.0898,5.1098,0.0,14.357485,35.893712,3.143486,29,158,125,3,0.23384124,0.01139613,-0.00825174,0E-8,0.000000,0.887492,0.846818,0.02564465,2026-03-24,2026-08-06,84,754,547,136,0.617647,0.180654,0.372251,0.779471,,,,,,,,GLOBAL_BASELINE_NO_ENTITY_RANKING,,,NOT_APPLICABLE_GLOBAL_BASELINE,HF9g-P5,,,,X 全窗基线 · 不参与实体赏罚,8397967,840,A168_HF9F_20260827_0900,2026-08-27 09:00:00
2026-07-09,129740297,1401,0,12.2634182233,-2.0439030372,-2.0439030372,0.3333333,5,5,0.50665070000000000,0.506650700000,-0.6004420894325239,-0.6004420894325239,-0.6004420894325239,0E-17,ELIGIBLE,R03b_20260811_FULL_v1,L1_ELIGIBILITY,v2026-08-11,2026-03-21..2026-08-06,baccarat_bet02_101_all_pairs_incl_sentinel,round_win = game_pnl > 0 (decisive only),COMPATIBILITY_ONLY_NOT_PRODUCTION,42404.8770,37633.9694,483.2517,2200,2196,-0.01139613,0.00825174,-0.01739291,-0.01139613,-483.2517,42404.8770,OK,0.0000,19.3301,4.0000,96.0000,AG03-UNRESOLVED,ALL5_LEVELS_bet23_to_bet27,19.3301,19.3301,19.3301,24.1626,24.1626,4.000000,4.000000,4.000000,5.000000,5.000000,96.000000,96.000000,96.000000,95.000000,95.000000,5.0,106.3154,97.3877,376.9363,385.864,PENDING_AG03,FALSE,NOT_FOR_ENFORCEMENT,463.9216,36128.6106,483.2517,463.9216,19.3301,0.01139613,0.01094029,19.3301,463.9216,0.01094029,19.3301,19.3301,19.3301,24.1626,24.1626,463.9216,0.01094029,106.3154,97.3877,376.9363,385.864,0.00888898,0.00909952,0.00045585,19.2749,17.1375,0.2201,5.7530,0.6409,504.8200,26.1429,7.1751,39.7174,2.9515,6.1317,20.2037,44.018,88.0359,220.0898,5.1098,0.0,14.357485,35.893712,3.143486,29,158,125,3,0.23384124,0.01139613,-0.00825174,0E-8,0.000000,0.887492,0.846818,0.02564465,2026-03-24,2026-08-06,84,754,547,136,0.617647,0.180654,0.372251,0.779471,,,,,,,,GLOBAL_BASELINE_NO_ENTITY_RANKING,,,NOT_APPLICABLE_GLOBAL_BASELINE,HF9g-P5,,,,X 全窗基线 · 不参与实体赏罚,8397968,840,A168_HF9F_20260827_0900,2026-08-27 09:00:00
2026-07-09,129740297,2093,0,5.5185382005,-1.4307321261,-1.4307321261,0.3333333,3,3,0.49771390000000000,0.497713900000,-0.5694369385616226,-0.5694369385616226,-0.5694369385616226,0E-17,ELIGIBLE,R03b_20260811_FULL_v1,L1_ELIGIBILITY,v2026-08-11,2026-03-21..2026-08-06,baccarat_bet02_101_all_pairs_incl_sentinel,round_win = game_pnl > 0 (decisive only),COMPATIBILITY_ONLY_NOT_PRODUCTION,42404.8770,37633.9694,483.2517,2200,2196,-0.01139613,0.00825174,-0.01739291,-0.01139613,-483.2517,42404.8770,OK,0.0000,19.3301,4.0000,96.0000,AG03-UNRESOLVED,ALL5_LEVELS_bet23_to_bet27,19.3301,19.3301,19.3301,24.1626,24.1626,4.000000,4.000000,4.000000,5.000000,5.000000,96.000000,96.000000,96.000000,95.000000,95.000000,5.0,106.3154,97.3877,376.9363,385.864,PENDING_AG03,FALSE,NOT_FOR_ENFORCEMENT,463.9216,36128.6106,483.2517,463.9216,19.3301,0.01139613,0.01094029,19.3301,463.9216,0.01094029,19.3301,19.3301,19.3301,24.1626,24.1626,463.9216,0.01094029,106.3154,97.3877,376.9363,385.864,0.00888898,0.00909952,0.00045585,19.2749,17.1375,0.2201,5.7530,0.6409,504.8200,26.1429,7.1751,39.7174,2.9515,6.1317,20.2037,44.018,88.0359,220.0898,5.1098,0.0,14.357485,35.893712,3.143486,29,158,125,3,0.23384124,0.01139613,-0.00825174,0E-8,0.000000,0.887492,0.846818,0.02564465,2026-03-24,2026-08-06,84,754,547,136,0.617647,0.180654,0.372251,0.779471,,,,,,,,GLOBAL_BASELINE_NO_ENTITY_RANKING,,,NOT_APPLICABLE_GLOBAL_BASELINE,HF9g-P5,,,,X 全窗基线 · 不参与实体赏罚,8397969,840,A168_HF9F_20260827_0900,2026-08-27 09:00:00
2026-07-09,129740297,2141,0,0.2043903037,-0.2043903037,-0.2043903037,0E-7,1,1,0.50665070000000000,0.506650700000,-1.013391052207602,-1.013391052207602,-1.013391052207602,0E-17,ELIGIBLE,R03b_20260811_FULL_v1,L1_ELIGIBILITY,v2026-08-11,2026-03-21..2026-08-06,baccarat_bet02_101_all_pairs_incl_sentinel,round_win = game_pnl > 0 (decisive only),COMPATIBILITY_ONLY_NOT_PRODUCTION,42404.8770,37633.9694,483.2517,2200,2196,-0.01139613,0.00825174,-0.01739291,-0.01139613,-483.2517,42404.8770,OK,0.0000,19.3301,4.0000,96.0000,AG03-UNRESOLVED,ALL5_LEVELS_bet23_to_bet27,19.3301,19.3301,19.3301,24.1626,24.1626,4.000000,4.000000,4.000000,5.000000,5.000000,96.000000,96.000000,96.000000,95.000000,95.000000,5.0,106.3154,97.3877,376.9363,385.864,PENDING_AG03,FALSE,NOT_FOR_ENFORCEMENT,463.9216,36128.6106,483.2517,463.9216,19.3301,0.01139613,0.01094029,19.3301,463.9216,0.01094029,19.3301,19.3301,19.3301,24.1626,24.1626,463.9216,0.01094029,106.3154,97.3877,376.9363,385.864,0.00888898,0.00909952,0.00045585,19.2749,17.1375,0.2201,5.7530,0.6409,504.8200,26.1429,7.1751,39.7174,2.9515,6.1317,20.2037,44.018,88.0359,220.0898,5.1098,0.0,14.357485,35.893712,3.143486,29,158,125,3,0.23384124,0.01139613,-0.00825174,0E-8,0.000000,0.887492,0.846818,0.02564465,2026-03-24,2026-08-06,84,754,547,136,0.617647,0.180654,0.372251,0.779471,,,,,,,,GLOBAL_BASELINE_NO_ENTITY_RANKING,,,NOT_APPLICABLE_GLOBAL_BASELINE,HF9g-P5,,,,X 全窗基线 · 不参与实体赏罚,8397970,840,A168_HF9F_20260827_0900,2026-08-27 09:00:00
2026-07-09,129740297,2246,0,2.0439030372,1.0219515186,1.0219515186,1.0000000,1,1,0.50665070000000000,0.506650700000,0.9867858985152569,0.9867858985152569,0.9867858985152569,0E-17,ELIGIBLE,R03b_20260811_FULL_v1,L1_ELIGIBILITY,v2026-08-11,2026-03-21..2026-08-06,baccarat_bet02_101_all_pairs_incl_sentinel,round_win = game_pnl > 0 (decisive only),COMPATIBILITY_ONLY_NOT_PRODUCTION,42404.8770,37633.9694,483.2517,2200,2196,-0.01139613,0.00825174,-0.01739291,-0.01139613,-483.2517,42404.8770,OK,0.0000,19.3301,4.0000,96.0000,AG03-UNRESOLVED,ALL5_LEVELS_bet23_to_bet27,19.3301,19.3301,19.3301,24.1626,24.1626,4.000000,4.000000,4.000000,5.000000,5.000000,96.000000,96.000000,96.000000,95.000000,95.000000,5.0,106.3154,97.3877,376.9363,385.864,PENDING_AG03,FALSE,NOT_FOR_ENFORCEMENT,463.9216,36128.6106,483.2517,463.9216,19.3301,0.01139613,0.01094029,19.3301,463.9216,0.01094029,19.3301,19.3301,19.3301,24.1626,24.1626,463.9216,0.01094029,106.3154,97.3877,376.9363,385.864,0.00888898,0.00909952,0.00045585,19.2749,17.1375,0.2201,5.7530,0.6409,504.8200,26.1429,7.1751,39.7174,2.9515,6.1317,20.2037,44.018,88.0359,220.0898,5.1098,0.0,14.357485,35.893712,3.143486,29,158,125,3,0.23384124,0.01139613,-0.00825174,0E-8,0.000000,0.887492,0.846818,0.02564465,2026-03-24,2026-08-06,84,754,547,136,0.617647,0.180654,0.372251,0.779471,,,,,,,,GLOBAL_BASELINE_NO_ENTITY_RANKING,,,NOT_APPLICABLE_GLOBAL_BASELINE,HF9g-P5,,,,X 全窗基线 · 不参与实体赏罚,8397971,840,A168_HF9F_20260827_0900,2026-08-27 09:00:00
2026-07-09,129740297,2252,0,2.0439030372,-2.0439030372,-2.0439030372,0E-7,1,1,0.50665070000000000,0.506650700000,-1.013391052207602,-1.013391052207602,-1.013391052207602,0E-17,ELIGIBLE,R03b_20260811_FULL_v1,L1_ELIGIBILITY,v2026-08-11,2026-03-21..2026-08-06,baccarat_bet02_101_all_pairs_incl_sentinel,round_win = game_pnl > 0 (decisive only),COMPATIBILITY_ONLY_NOT_PRODUCTION,42404.8770,37633.9694,483.2517,2200,2196,-0.01139613,0.00825174,-0.01739291,-0.01139613,-483.2517,42404.8770,OK,0.0000,19.3301,4.0000,96.0000,AG03-UNRESOLVED,ALL5_LEVELS_bet23_to_bet27,19.3301,19.3301,19.3301,24.1626,24.1626,4.000000,4.000000,4.000000,5.000000,5.000000,96.000000,96.000000,96.000000,95.000000,95.000000,5.0,106.3154,97.3877,376.9363,385.864,PENDING_AG03,FALSE,NOT_FOR_ENFORCEMENT,463.9216,36128.6106,483.2517,463.9216,19.3301,0.01139613,0.01094029,19.3301,463.9216,0.01094029,19.3301,19.3301,19.3301,24.1626,24.1626,463.9216,0.01094029,106.3154,97.3877,376.9363,385.864,0.00888898,0.00909952,0.00045585,19.2749,17.1375,0.2201,5.7530,0.6409,504.8200,26.1429,7.1751,39.7174,2.9515,6.1317,20.2037,44.018,88.0359,220.0898,5.1098,0.0,14.357485,35.893712,3.143486,29,158,125,3,0.23384124,0.01139613,-0.00825174,0E-8,0.000000,0.887492,0.846818,0.02564465,2026-03-24,2026-08-06,84,754,547,136,0.617647,0.180654,0.372251,0.779471,,,,,,,,GLOBAL_BASELINE_NO_ENTITY_RANKING,,,NOT_APPLICABLE_GLOBAL_BASELINE,HF9g-P5,,,,X 全窗基线 · 不参与实体赏罚,8397972,840,A168_HF9F_20260827_0900,2026-08-27 09:00:00
2026-07-09,129740297,2258,0,6.1317091116,-2.1460981890,-2.1460981890,0E-7,3,2,0.50329940000000000,0.503299400000,-1.4235766693920513,-1.4235766693920513,-1.4235766693920513,0E-17,ELIGIBLE,R03b_20260811_FULL_v1,L1_ELIGIBILITY,v2026-08-11,2026-03-21..2026-08-06,baccarat_bet02_101_all_pairs_incl_sentinel,round_win = game_pnl > 0 (decisive only),COMPATIBILITY_ONLY_NOT_PRODUCTION,42404.8770,37633.9694,483.2517,2200,2196,-0.01139613,0.00825174,-0.01739291,-0.01139613,-483.2517,42404.8770,OK,0.0000,19.3301,4.0000,96.0000,AG03-UNRESOLVED,ALL5_LEVELS_bet23_to_bet27,19.3301,19.3301,19.3301,24.1626,24.1626,4.000000,4.000000,4.000000,5.000000,5.000000,96.000000,96.000000,96.000000,95.000000,95.000000,5.0,106.3154,97.3877,376.9363,385.864,PENDING_AG03,FALSE,NOT_FOR_ENFORCEMENT,463.9216,36128.6106,483.2517,463.9216,19.3301,0.01139613,0.01094029,19.3301,463.9216,0.01094029,19.3301,19.3301,19.3301,24.1626,24.1626,463.9216,0.01094029,106.3154,97.3877,376.9363,385.864,0.00888898,0.00909952,0.00045585,19.2749,17.1375,0.2201,5.7530,0.6409,504.8200,26.1429,7.1751,39.7174,2.9515,6.1317,20.2037,44.018,88.0359,220.0898,5.1098,0.0,14.357485,35.893712,3.143486,29,158,125,3,0.23384124,0.01139613,-0.00825174,0E-8,0.000000,0.887492,0.846818,0.02564465,2026-03-24,2026-08-06,84,754,547,136,0.617647,0.180654,0.372251,0.779471,,,,,,,,GLOBAL_BASELINE_NO_ENTITY_RANKING,,,NOT_APPLICABLE_GLOBAL_BASELINE,HF9g-P5,,,,X 全窗基线 · 不参与实体赏罚,8397973,840,A168_HF9F_20260827_0900,2026-08-27 09:00:00
2026-07-12,129740297,1646,0,1.0219515186,-1.0219515186,-1.0219515186,0E-7,1,1,0.50665070000000000,0.506650700000,-1.013391052207602,-1.013391052207602,-1.013391052207602,0E-17,ELIGIBLE,R03b_20260811_FULL_v1,L1_ELIGIBILITY,v2026-08-11,2026-03-21..2026-08-06,baccarat_bet02_101_all_pairs_incl_sentinel,round_win = game_pnl > 0 (decisive only),COMPATIBILITY_ONLY_NOT_PRODUCTION,42404.8770,37633.9694,483.2517,2200,2196,-0.01139613,0.00825174,-0.01739291,-0.01139613,-483.2517,42404.8770,OK,0.0000,19.3301,4.0000,96.0000,AG03-UNRESOLVED,ALL5_LEVELS_bet23_to_bet27,19.3301,19.3301,19.3301,24.1626,24.1626,4.000000,4.000000,4.000000,5.000000,5.000000,96.000000,96.000000,96.000000,95.000000,95.000000,5.0,106.3154,97.3877,376.9363,385.864,PENDING_AG03,FALSE,NOT_FOR_ENFORCEMENT,463.9216,36128.6106,483.2517,463.9216,19.3301,0.01139613,0.01094029,19.3301,463.9216,0.01094029,19.3301,19.3301,19.3301,24.1626,24.1626,463.9216,0.01094029,106.3154,97.3877,376.9363,385.864,0.00888898,0.00909952,0.00045585,19.2749,17.1375,0.2201,5.7530,0.6409,504.8200,26.1429,7.1751,39.7174,2.9515,6.1317,20.2037,44.018,88.0359,220.0898,5.1098,0.0,14.357485,35.893712,3.143486,29,158,125,3,0.23384124,0.01139613,-0.00825174,0E-8,0.000000,0.887492,0.846818,0.02564465,2026-03-24,2026-08-06,84,754,547,136,0.617647,0.180654,0.372251,0.779471,,,,,,,,GLOBAL_BASELINE_NO_ENTITY_RANKING,,,NOT_APPLICABLE_GLOBAL_BASELINE,HF9g-P5,,,,X 全窗基线 · 不参与实体赏罚,8397974,840,A168_HF9F_20260827_0900,2026-08-27 09:00:00
2026-07-13,129740297,1205,0,2.0439030372,2.0439030372,2.0439030372,1.0000000,1,1,0.49324550000000000,0.493245500000,1.01360149184955,1.01360149184955,1.01360149184955,0E-17,ELIGIBLE,R03b_20260811_FULL_v1,L1_ELIGIBILITY,v2026-08-11,2026-03-21..2026-08-06,baccarat_bet02_101_all_pairs_incl_sentinel,round_win = game_pnl > 0 (decisive only),COMPATIBILITY_ONLY_NOT_PRODUCTION,42404.8770,37633.9694,483.2517,2200,2196,-0.01139613,0.00825174,-0.01739291,-0.01139613,-483.2517,42404.8770,OK,0.0000,19.3301,4.0000,96.0000,AG03-UNRESOLVED,ALL5_LEVELS_bet23_to_bet27,19.3301,19.3301,19.3301,24.1626,24.1626,4.000000,4.000000,4.000000,5.000000,5.000000,96.000000,96.000000,96.000000,95.000000,95.000000,5.0,106.3154,97.3877,376.9363,385.864,PENDING_AG03,FALSE,NOT_FOR_ENFORCEMENT,463.9216,36128.6106,483.2517,463.9216,19.3301,0.01139613,0.01094029,19.3301,463.9216,0.01094029,19.3301,19.3301,19.3301,24.1626,24.1626,463.9216,0.01094029,106.3154,97.3877,376.9363,385.864,0.00888898,0.00909952,0.00045585,19.2749,17.1375,0.2201,5.7530,0.6409,504.8200,26.1429,7.1751,39.7174,2.9515,6.1317,20.2037,44.018,88.0359,220.0898,5.1098,0.0,14.357485,35.893712,3.143486,29,158,125,3,0.23384124,0.01139613,-0.00825174,0E-8,0.000000,0.887492,0.846818,0.02564465,2026-03-24,2026-08-06,84,754,547,136,0.617647,0.180654,0.372251,0.779471,,,,,,,,GLOBAL_BASELINE_NO_ENTITY_RANKING,,,NOT_APPLICABLE_GLOBAL_BASELINE,HF9g-P5,,,,X 全窗基线 · 不参与实体赏罚,8397975,840,A168_HF9F_20260827_0900,2026-08-27 09:00:00
2026-07-13,129740297,2115,0,7.1536606303,2.0439030373,2.0439030373,0.6666667,3,3,0.50665070000000000,0.506650700000,0.5543606114942035,0.5543606114942035,0.5543606114942035,0E-17,ELIGIBLE,R03b_20260811_FULL_v1,L1_ELIGIBILITY,v2026-08-11,2026-03-21..2026-08-06,baccarat_bet02_101_all_pairs_incl_sentinel,round_win = game_pnl > 0 (decisive only),COMPATIBILITY_ONLY_NOT_PRODUCTION,42404.8770,37633.9694,483.2517,2200,2196,-0.01139613,0.00825174,-0.01739291,-0.01139613,-483.2517,42404.8770,OK,0.0000,19.3301,4.0000,96.0000,AG03-UNRESOLVED,ALL5_LEVELS_bet23_to_bet27,19.3301,19.3301,19.3301,24.1626,24.1626,4.000000,4.000000,4.000000,5.000000,5.000000,96.000000,96.000000,96.000000,95.000000,95.000000,5.0,106.3154,97.3877,376.9363,385.864,PENDING_AG03,FALSE,NOT_FOR_ENFORCEMENT,463.9216,36128.6106,483.2517,463.9216,19.3301,0.01139613,0.01094029,19.3301,463.9216,0.01094029,19.3301,19.3301,19.3301,24.1626,24.1626,463.9216,0.01094029,106.3154,97.3877,376.9363,385.864,0.00888898,0.00909952,0.00045585,19.2749,17.1375,0.2201,5.7530,0.6409,504.8200,26.1429,7.1751,39.7174,2.9515,6.1317,20.2037,44.018,88.0359,220.0898,5.1098,0.0,14.357485,35.893712,3.143486,29,158,125,3,0.23384124,0.01139613,-0.00825174,0E-8,0.000000,0.887492,0.846818,0.02564465,2026-03-24,2026-08-06,84,754,547,136,0.617647,0.180654,0.372251,0.779471,,,,,,,,GLOBAL_BASELINE_NO_ENTITY_RANKING,,,NOT_APPLICABLE_GLOBAL_BASELINE,HF9g-P5,,,,X 全窗基线 · 不参与实体赏罚,8397976,840,A168_HF9F_20260827_0900,2026-08-27 09:00:00
2026-07-13,129740297,2205,0,2.0439030372,-2.0439030372,-2.0439030372,0E-7,1,1,0.50665070000000000,0.506650700000,-1.013391052207602,-1.013391052207602,-1.013391052207602,0E-17,ELIGIBLE,R03b_20260811_FULL_v1,L1_ELIGIBILITY,v2026-08-11,2026-03-21..2026-08-06,baccarat_bet02_101_all_pairs_incl_sentinel,round_win = game_pnl > 0 (decisive only),COMPATIBILITY_ONLY_NOT_PRODUCTION,42404.8770,37633.9694,483.2517,2200,2196,-0.01139613,0.00825174,-0.01739291,-0.01139613,-483.2517,42404.8770,OK,0.0000,19.3301,4.0000,96.0000,AG03-UNRESOLVED,ALL5_LEVELS_bet23_to_bet27,19.3301,19.3301,19.3301,24.1626,24.1626,4.000000,4.000000,4.000000,5.000000,5.000000,96.000000,96.000000,96.000000,95.000000,95.000000,5.0,106.3154,97.3877,376.9363,385.864,PENDING_AG03,FALSE,NOT_FOR_ENFORCEMENT,463.9216,36128.6106,483.2517,463.9216,19.3301,0.01139613,0.01094029,19.3301,463.9216,0.01094029,19.3301,19.3301,19.3301,24.1626,24.1626,463.9216,0.01094029,106.3154,97.3877,376.9363,385.864,0.00888898,0.00909952,0.00045585,19.2749,17.1375,0.2201,5.7530,0.6409,504.8200,26.1429,7.1751,39.7174,2.9515,6.1317,20.2037,44.018,88.0359,220.0898,5.1098,0.0,14.357485,35.893712,3.143486,29,158,125,3,0.23384124,0.01139613,-0.00825174,0E-8,0.000000,0.887492,0.846818,0.02564465,2026-03-24,2026-08-06,84,754,547,136,0.617647,0.180654,0.372251,0.779471,,,,,,,,GLOBAL_BASELINE_NO_ENTITY_RANKING,,,NOT_APPLICABLE_GLOBAL_BASELINE,HF9g-P5,,,,X 全窗基线 · 不参与实体赏罚,8397977,840,A168_HF9F_20260827_0900,2026-08-27 09:00:00
2026-07-13,129740297,2223,0,0.6131709112,-0.6131709112,-0.6131709112,0E-7,1,1,0.50665070000000000,0.506650700000,-1.013391052207602,-1.013391052207602,-1.013391052207602,0E-17,ELIGIBLE,R03b_20260811_FULL_v1,L1_ELIGIBILITY,v2026-08-11,2026-03-21..2026-08-06,baccarat_bet02_101_all_pairs_incl_sentinel,round_win = game_pnl > 0 (decisive only),COMPATIBILITY_ONLY_NOT_PRODUCTION,42404.8770,37633.9694,483.2517,2200,2196,-0.01139613,0.00825174,-0.01739291,-0.01139613,-483.2517,42404.8770,OK,0.0000,19.3301,4.0000,96.0000,AG03-UNRESOLVED,ALL5_LEVELS_bet23_to_bet27,19.3301,19.3301,19.3301,24.1626,24.1626,4.000000,4.000000,4.000000,5.000000,5.000000,96.000000,96.000000,96.000000,95.000000,95.000000,5.0,106.3154,97.3877,376.9363,385.864,PENDING_AG03,FALSE,NOT_FOR_ENFORCEMENT,463.9216,36128.6106,483.2517,463.9216,19.3301,0.01139613,0.01094029,19.3301,463.9216,0.01094029,19.3301,19.3301,19.3301,24.1626,24.1626,463.9216,0.01094029,106.3154,97.3877,376.9363,385.864,0.00888898,0.00909952,0.00045585,19.2749,17.1375,0.2201,5.7530,0.6409,504.8200,26.1429,7.1751,39.7174,2.9515,6.1317,20.2037,44.018,88.0359,220.0898,5.1098,0.0,14.357485,35.893712,3.143486,29,158,125,3,0.23384124,0.01139613,-0.00825174,0E-8,0.000000,0.887492,0.846818,0.02564465,2026-03-24,2026-08-06,84,754,547,136,0.617647,0.180654,0.372251,0.779471,,,,,,,,GLOBAL_BASELINE_NO_ENTITY_RANKING,,,NOT_APPLICABLE_GLOBAL_BASELINE,HF9g-P5,,,,X 全窗基线 · 不参与实体赏罚,8397978,840,A168_HF9F_20260827_0900,2026-08-27 09:00:00
2026-07-13,129740297,529,0,11.2414667047,11.2414667047,11.2414667047,1.0000000,5,5,0.49324550000000000,0.493245500000,2.266481837870793,2.266481837870793,2.266481837870793,0E-17,ELIGIBLE,R03b_20260811_FULL_v1,L1_ELIGIBILITY,v2026-08-11,2026-03-21..2026-08-06,baccarat_bet02_101_all_pairs_incl_sentinel,round_win = game_pnl > 0 (decisive only),COMPATIBILITY_ONLY_NOT_PRODUCTION,42404.8770,37633.9694,483.2517,2200,2196,-0.01139613,0.00825174,-0.01739291,-0.01139613,-483.2517,42404.8770,OK,0.0000,19.3301,4.0000,96.0000,AG03-UNRESOLVED,ALL5_LEVELS_bet23_to_bet27,19.3301,19.3301,19.3301,24.1626,24.1626,4.000000,4.000000,4.000000,5.000000,5.000000,96.000000,96.000000,96.000000,95.000000,95.000000,5.0,106.3154,97.3877,376.9363,385.864,PENDING_AG03,FALSE,NOT_FOR_ENFORCEMENT,463.9216,36128.6106,483.2517,463.9216,19.3301,0.01139613,0.01094029,19.3301,463.9216,0.01094029,19.3301,19.3301,19.3301,24.1626,24.1626,463.9216,0.01094029,106.3154,97.3877,376.9363,385.864,0.00888898,0.00909952,0.00045585,19.2749,17.1375,0.2201,5.7530,0.6409,504.8200,26.1429,7.1751,39.7174,2.9515,6.1317,20.2037,44.018,88.0359,220.0898,5.1098,0.0,14.357485,35.893712,3.143486,29,158,125,3,0.23384124,0.01139613,-0.00825174,0E-8,0.000000,0.887492,0.846818,0.02564465,2026-03-24,2026-08-06,84,754,547,136,0.617647,0.180654,0.372251,0.779471,,,,,,,,GLOBAL_BASELINE_NO_ENTITY_RANKING,,,NOT_APPLICABLE_GLOBAL_BASELINE,HF9g-P5,,,,X 全窗基线 · 不参与实体赏罚,8397979,840,A168_HF9F_20260827_0900,2026-08-27 09:00:00
2026-07-13,129740297,550,0,7.3580509341,2.9636594039,2.9636594039,0.6666667,3,3,0.50665070000000000,0.506650700000,0.5543606114942035,0.5543606114942035,0.5543606114942035,0E-17,ELIGIBLE,R03b_20260811_FULL_v1,L1_ELIGIBILITY,v2026-08-11,2026-03-21..2026-08-06,baccarat_bet02_101_all_pairs_incl_sentinel,round_win = game_pnl > 0 (decisive only),COMPATIBILITY_ONLY_NOT_PRODUCTION,42404.8770,37633.9694,483.2517,2200,2196,-0.01139613,0.00825174,-0.01739291,-0.01139613,-483.2517,42404.8770,OK,0.0000,19.3301,4.0000,96.0000,AG03-UNRESOLVED,ALL5_LEVELS_bet23_to_bet27,19.3301,19.3301,19.3301,24.1626,24.1626,4.000000,4.000000,4.000000,5.000000,5.000000,96.000000,96.000000,96.000000,95.000000,95.000000,5.0,106.3154,97.3877,376.9363,385.864,PENDING_AG03,FALSE,NOT_FOR_ENFORCEMENT,463.9216,36128.6106,483.2517,463.9216,19.3301,0.01139613,0.01094029,19.3301,463.9216,0.01094029,19.3301,19.3301,19.3301,24.1626,24.1626,463.9216,0.01094029,106.3154,97.3877,376.9363,385.864,0.00888898,0.00909952,0.00045585,19.2749,17.1375,0.2201,5.7530,0.6409,504.8200,26.1429,7.1751,39.7174,2.9515,6.1317,20.2037,44.018,88.0359,220.0898,5.1098,0.0,14.357485,35.893712,3.143486,29,158,125,3,0.23384124,0.01139613,-0.00825174,0E-8,0.000000,0.887492,0.846818,0.02564465,2026-03-24,2026-08-06,84,754,547,136,0.617647,0.180654,0.372251,0.779471,,,,,,,,GLOBAL_BASELINE_NO_ENTITY_RANKING,,,NOT_APPLICABLE_GLOBAL_BASELINE,HF9g-P5,,,,X 全窗基线 · 不参与实体赏罚,8397980,840,A168_HF9F_20260827_0900,2026-08-27 09:00:00
2026-07-14,129740297,-1,1,138.3722356209,19.0082982464,19.0082982464,0.5555556,19,19,0.50665070000000000,0.506650700000,0.4150081747052856,0.4150081747052856,0.4150081747052856,0E-17,SENTINEL_DEALER,R03b_20260811_FULL_v1,L1_ELIGIBILITY,v2026-08-11,2026-03-21..2026-08-06,baccarat_bet02_101_all_pairs_incl_sentinel,round_win = game_pnl > 0 (decisive only),COMPATIBILITY_ONLY_NOT_PRODUCTION,42404.8770,37633.9694,483.2517,2200,2196,-0.01139613,0.00825174,-0.01739291,-0.01139613,-483.2517,42404.8770,OK,0.0000,19.3301,4.0000,96.0000,AG03-UNRESOLVED,ALL5_LEVELS_bet23_to_bet27,19.3301,19.3301,19.3301,24.1626,24.1626,4.000000,4.000000,4.000000,5.000000,5.000000,96.000000,96.000000,96.000000,95.000000,95.000000,5.0,106.3154,97.3877,376.9363,385.864,PENDING_AG03,FALSE,NOT_FOR_ENFORCEMENT,463.9216,36128.6106,483.2517,463.9216,19.3301,0.01139613,0.01094029,19.3301,463.9216,0.01094029,19.3301,19.3301,19.3301,24.1626,24.1626,463.9216,0.01094029,106.3154,97.3877,376.9363,385.864,0.00888898,0.00909952,0.00045585,19.2749,17.1375,0.2201,5.7530,0.6409,504.8200,26.1429,7.1751,39.7174,2.9515,6.1317,20.2037,44.018,88.0359,220.0898,5.1098,0.0,14.357485,35.893712,3.143486,29,158,125,3,0.23384124,0.01139613,-0.00825174,0E-8,0.000000,0.887492,0.846818,0.02564465,2026-03-24,2026-08-06,84,754,547,136,0.617647,0.180654,0.372251,0.779471,,,,,,,,GLOBAL_BASELINE_NO_ENTITY_RANKING,,,NOT_APPLICABLE_GLOBAL_BASELINE,HF9g-P5,,,,X 全窗基线 · 不参与实体赏罚,8397981,840,A168_HF9F_20260827_0900,2026-08-27 09:00:00
2026-07-14,129740297,1205,0,18.3951273351,0E-10,0E-10,0.5000000,2,2,0.50665070000000000,0.506650700000,-0.018812684590367487,-0.018812684590367487,-0.018812684590367487,0E-17,ELIGIBLE,R03b_20260811_FULL_v1,L1_ELIGIBILITY,v2026-08-11,2026-03-21..2026-08-06,baccarat_bet02_101_all_pairs_incl_sentinel,round_win = game_pnl > 0 (decisive only),COMPATIBILITY_ONLY_NOT_PRODUCTION,42404.8770,37633.9694,483.2517,2200,2196,-0.01139613,0.00825174,-0.01739291,-0.01139613,-483.2517,42404.8770,OK,0.0000,19.3301,4.0000,96.0000,AG03-UNRESOLVED,ALL5_LEVELS_bet23_to_bet27,19.3301,19.3301,19.3301,24.1626,24.1626,4.000000,4.000000,4.000000,5.000000,5.000000,96.000000,96.000000,96.000000,95.000000,95.000000,5.0,106.3154,97.3877,376.9363,385.864,PENDING_AG03,FALSE,NOT_FOR_ENFORCEMENT,463.9216,36128.6106,483.2517,463.9216,19.3301,0.01139613,0.01094029,19.3301,463.9216,0.01094029,19.3301,19.3301,19.3301,24.1626,24.1626,463.9216,0.01094029,106.3154,97.3877,376.9363,385.864,0.00888898,0.00909952,0.00045585,19.2749,17.1375,0.2201,5.7530,0.6409,504.8200,26.1429,7.1751,39.7174,2.9515,6.1317,20.2037,44.018,88.0359,220.0898,5.1098,0.0,14.357485,35.893712,3.143486,29,158,125,3,0.23384124,0.01139613,-0.00825174,0E-8,0.000000,0.887492,0.846818,0.02564465,2026-03-24,2026-08-06,84,754,547,136,0.617647,0.180654,0.372251,0.779471,,,,,,,,GLOBAL_BASELINE_NO_ENTITY_RANKING,,,NOT_APPLICABLE_GLOBAL_BASELINE,HF9g-P5,,,,X 全窗基线 · 不参与实体赏罚,8397982,840,A168_HF9F_20260827_0900,2026-08-27 09:00:00
2026-07-14,129740297,1221,0,23.5048849282,9.1975636676,9.1975636676,0.5000000,2,2,0.50665070000000000,0.506650700000,-0.018812684590367487,-0.018812684590367487,-0.018812684590367487,0E-17,ELIGIBLE,R03b_20260811_FULL_v1,L1_ELIGIBILITY,v2026-08-11,2026-03-21..2026-08-06,baccarat_bet02_101_all_pairs_incl_sentinel,round_win = game_pnl > 0 (decisive only),COMPATIBILITY_ONLY_NOT_PRODUCTION,42404.8770,37633.9694,483.2517,2200,2196,-0.01139613,0.00825174,-0.01739291,-0.01139613,-483.2517,42404.8770,OK,0.0000,19.3301,4.0000,96.0000,AG03-UNRESOLVED,ALL5_LEVELS_bet23_to_bet27,19.3301,19.3301,19.3301,24.1626,24.1626,4.000000,4.000000,4.000000,5.000000,5.000000,96.000000,96.000000,96.000000,95.000000,95.000000,5.0,106.3154,97.3877,376.9363,385.864,PENDING_AG03,FALSE,NOT_FOR_ENFORCEMENT,463.9216,36128.6106,483.2517,463.9216,19.3301,0.01139613,0.01094029,19.3301,463.9216,0.01094029,19.3301,19.3301,19.3301,24.1626,24.1626,463.9216,0.01094029,106.3154,97.3877,376.9363,385.864,0.00888898,0.00909952,0.00045585,19.2749,17.1375,0.2201,5.7530,0.6409,504.8200,26.1429,7.1751,39.7174,2.9515,6.1317,20.2037,44.018,88.0359,220.0898,5.1098,0.0,14.357485,35.893712,3.143486,29,158,125,3,0.23384124,0.01139613,-0.00825174,0E-8,0.000000,0.887492,0.846818,0.02564465,2026-03-24,2026-08-06,84,754,547,136,0.617647,0.180654,0.372251,0.779471,,,,,,,,GLOBAL_BASELINE_NO_ENTITY_RANKING,,,NOT_APPLICABLE_GLOBAL_BASELINE,HF9g-P5,,,,X 全窗基线 · 不参与实体赏罚,8397983,840,A168_HF9F_20260827_0900,2026-08-27 09:00:00
2026-07-14,129740297,1396,0,6.1317091117,-6.1317091117,-6.1317091117,0E-7,2,2,0.50665070000000000,0.506650700000,-1.4331513700195317,-1.4331513700195317,-1.4331513700195317,0E-17,ELIGIBLE,R03b_20260811_FULL_v1,L1_ELIGIBILITY,v2026-08-11,2026-03-21..2026-08-06,baccarat_bet02_101_all_pairs_incl_sentinel,round_win = game_pnl > 0 (decisive only),COMPATIBILITY_ONLY_NOT_PRODUCTION,42404.8770,37633.9694,483.2517,2200,2196,-0.01139613,0.00825174,-0.01739291,-0.01139613,-483.2517,42404.8770,OK,0.0000,19.3301,4.0000,96.0000,AG03-UNRESOLVED,ALL5_LEVELS_bet23_to_bet27,19.3301,19.3301,19.3301,24.1626,24.1626,4.000000,4.000000,4.000000,5.000000,5.000000,96.000000,96.000000,96.000000,95.000000,95.000000,5.0,106.3154,97.3877,376.9363,385.864,PENDING_AG03,FALSE,NOT_FOR_ENFORCEMENT,463.9216,36128.6106,483.2517,463.9216,19.3301,0.01139613,0.01094029,19.3301,463.9216,0.01094029,19.3301,19.3301,19.3301,24.1626,24.1626,463.9216,0.01094029,106.3154,97.3877,376.9363,385.864,0.00888898,0.00909952,0.00045585,19.2749,17.1375,0.2201,5.7530,0.6409,504.8200,26.1429,7.1751,39.7174,2.9515,6.1317,20.2037,44.018,88.0359,220.0898,5.1098,0.0,14.357485,35.893712,3.143486,29,158,125,3,0.23384124,0.01139613,-0.00825174,0E-8,0.000000,0.887492,0.846818,0.02564465,2026-03-24,2026-08-06,84,754,547,136,0.617647,0.180654,0.372251,0.779471,,,,,,,,GLOBAL_BASELINE_NO_ENTITY_RANKING,,,NOT_APPLICABLE_GLOBAL_BASELINE,HF9g-P5,,,,X 全窗基线 · 不参与实体赏罚,8397984,840,A168_HF9F_20260827_0900,2026-08-27 09:00:00
2026-07-14,129740297,1405,0,8.1756121489,-4.0878060745,-4.0878060745,0E-7,2,1,0.50329940000004099,0.499948100000,-1.0066207164661618,-0.9998962053866608,-1.0066207164661618,0.00335130000004099,ELIGIBLE,R03b_20260811_FULL_v1,L1_ELIGIBILITY,v2026-08-11,2026-03-21..2026-08-06,baccarat_bet02_101_all_pairs_incl_sentinel,round_win = game_pnl > 0 (decisive only),COMPATIBILITY_ONLY_NOT_PRODUCTION,42404.8770,37633.9694,483.2517,2200,2196,-0.01139613,0.00825174,-0.01739291,-0.01139613,-483.2517,42404.8770,OK,0.0000,19.3301,4.0000,96.0000,AG03-UNRESOLVED,ALL5_LEVELS_bet23_to_bet27,19.3301,19.3301,19.3301,24.1626,24.1626,4.000000,4.000000,4.000000,5.000000,5.000000,96.000000,96.000000,96.000000,95.000000,95.000000,5.0,106.3154,97.3877,376.9363,385.864,PENDING_AG03,FALSE,NOT_FOR_ENFORCEMENT,463.9216,36128.6106,483.2517,463.9216,19.3301,0.01139613,0.01094029,19.3301,463.9216,0.01094029,19.3301,19.3301,19.3301,24.1626,24.1626,463.9216,0.01094029,106.3154,97.3877,376.9363,385.864,0.00888898,0.00909952,0.00045585,19.2749,17.1375,0.2201,5.7530,0.6409,504.8200,26.1429,7.1751,39.7174,2.9515,6.1317,20.2037,44.018,88.0359,220.0898,5.1098,0.0,14.357485,35.893712,3.143486,29,158,125,3,0.23384124,0.01139613,-0.00825174,0E-8,0.000000,0.887492,0.846818,0.02564465,2026-03-24,2026-08-06,84,754,547,136,0.617647,0.180654,0.372251,0.779471,,,,,,,,GLOBAL_BASELINE_NO_ENTITY_RANKING,,,NOT_APPLICABLE_GLOBAL_BASELINE,HF9g-P5,,,,X 全窗基线 · 不参与实体赏罚,8397985,840,A168_HF9F_20260827_0900,2026-08-27 09:00:00
2026-07-14,129740297,1490,0,8.3800024527,-8.3800024527,-8.3800024527,0E-7,2,2,0.50665070000000000,0.506650700000,-1.4331513700195317,-1.4331513700195317,-1.4331513700195317,0E-17,ELIGIBLE,R03b_20260811_FULL_v1,L1_ELIGIBILITY,v2026-08-11,2026-03-21..2026-08-06,baccarat_bet02_101_all_pairs_incl_sentinel,round_win = game_pnl > 0 (decisive only),COMPATIBILITY_ONLY_NOT_PRODUCTION,42404.8770,37633.9694,483.2517,2200,2196,-0.01139613,0.00825174,-0.01739291,-0.01139613,-483.2517,42404.8770,OK,0.0000,19.3301,4.0000,96.0000,AG03-UNRESOLVED,ALL5_LEVELS_bet23_to_bet27,19.3301,19.3301,19.3301,24.1626,24.1626,4.000000,4.000000,4.000000,5.000000,5.000000,96.000000,96.000000,96.000000,95.000000,95.000000,5.0,106.3154,97.3877,376.9363,385.864,PENDING_AG03,FALSE,NOT_FOR_ENFORCEMENT,463.9216,36128.6106,483.2517,463.9216,19.3301,0.01139613,0.01094029,19.3301,463.9216,0.01094029,19.3301,19.3301,19.3301,24.1626,24.1626,463.9216,0.01094029,106.3154,97.3877,376.9363,385.864,0.00888898,0.00909952,0.00045585,19.2749,17.1375,0.2201,5.7530,0.6409,504.8200,26.1429,7.1751,39.7174,2.9515,6.1317,20.2037,44.018,88.0359,220.0898,5.1098,0.0,14.357485,35.893712,3.143486,29,158,125,3,0.23384124,0.01139613,-0.00825174,0E-8,0.000000,0.887492,0.846818,0.02564465,2026-03-24,2026-08-06,84,754,547,136,0.617647,0.180654,0.372251,0.779471,,,,,,,,GLOBAL_BASELINE_NO_ENTITY_RANKING,,,NOT_APPLICABLE_GLOBAL_BASELINE,HF9g-P5,,,,X 全窗基线 · 不参与实体赏罚,8397986,840,A168_HF9F_20260827_0900,2026-08-27 09:00:00
2026-07-14,129740297,1505,0,113.8453991742,33.6835220536,33.6835220536,0.6923077,15,15,0.50665070000000000,0.506650700000,1.3389100608992626,1.3389100608992626,1.3389100608992626,0E-17,ELIGIBLE,R03b_20260811_FULL_v1,L1_ELIGIBILITY,v2026-08-11,2026-03-21..2026-08-06,baccarat_bet02_101_all_pairs_incl_sentinel,round_win = game_pnl > 0 (decisive only),COMPATIBILITY_ONLY_NOT_PRODUCTION,42404.8770,37633.9694,483.2517,2200,2196,-0.01139613,0.00825174,-0.01739291,-0.01139613,-483.2517,42404.8770,OK,0.0000,19.3301,4.0000,96.0000,AG03-UNRESOLVED,ALL5_LEVELS_bet23_to_bet27,19.3301,19.3301,19.3301,24.1626,24.1626,4.000000,4.000000,4.000000,5.000000,5.000000,96.000000,96.000000,96.000000,95.000000,95.000000,5.0,106.3154,97.3877,376.9363,385.864,PENDING_AG03,FALSE,NOT_FOR_ENFORCEMENT,463.9216,36128.6106,483.2517,463.9216,19.3301,0.01139613,0.01094029,19.3301,463.9216,0.01094029,19.3301,19.3301,19.3301,24.1626,24.1626,463.9216,0.01094029,106.3154,97.3877,376.9363,385.864,0.00888898,0.00909952,0.00045585,19.2749,17.1375,0.2201,5.7530,0.6409,504.8200,26.1429,7.1751,39.7174,2.9515,6.1317,20.2037,44.018,88.0359,220.0898,5.1098,0.0,14.357485,35.893712,3.143486,29,158,125,3,0.23384124,0.01139613,-0.00825174,0E-8,0.000000,0.887492,0.846818,0.02564465,2026-03-24,2026-08-06,84,754,547,136,0.617647,0.180654,0.372251,0.779471,,,,,,,,GLOBAL_BASELINE_NO_ENTITY_RANKING,,,NOT_APPLICABLE_GLOBAL_BASELINE,HF9g-P5,,,,X 全窗基线 · 不参与实体赏罚,8397987,840,A168_HF9F_20260827_0900,2026-08-27 09:00:00
2026-07-14,129740297,1710,0,6.1317091117,-6.1317091117,-6.1317091117,0E-7,1,1,0.49324550000000000,0.493245500000,-0.9865810262130424,-0.9865810262130424,-0.9865810262130424,0E-17,ELIGIBLE,R03b_20260811_FULL_v1,L1_ELIGIBILITY,v2026-08-11,2026-03-21..2026-08-06,baccarat_bet02_101_all_pairs_incl_sentinel,round_win = game_pnl > 0 (decisive only),COMPATIBILITY_ONLY_NOT_PRODUCTION,42404.8770,37633.9694,483.2517,2200,2196,-0.01139613,0.00825174,-0.01739291,-0.01139613,-483.2517,42404.8770,OK,0.0000,19.3301,4.0000,96.0000,AG03-UNRESOLVED,ALL5_LEVELS_bet23_to_bet27,19.3301,19.3301,19.3301,24.1626,24.1626,4.000000,4.000000,4.000000,5.000000,5.000000,96.000000,96.000000,96.000000,95.000000,95.000000,5.0,106.3154,97.3877,376.9363,385.864,PENDING_AG03,FALSE,NOT_FOR_ENFORCEMENT,463.9216,36128.6106,483.2517,463.9216,19.3301,0.01139613,0.01094029,19.3301,463.9216,0.01094029,19.3301,19.3301,19.3301,24.1626,24.1626,463.9216,0.01094029,106.3154,97.3877,376.9363,385.864,0.00888898,0.00909952,0.00045585,19.2749,17.1375,0.2201,5.7530,0.6409,504.8200,26.1429,7.1751,39.7174,2.9515,6.1317,20.2037,44.018,88.0359,220.0898,5.1098,0.0,14.357485,35.893712,3.143486,29,158,125,3,0.23384124,0.01139613,-0.00825174,0E-8,0.000000,0.887492,0.846818,0.02564465,2026-03-24,2026-08-06,84,754,547,136,0.617647,0.180654,0.372251,0.779471,,,,,,,,GLOBAL_BASELINE_NO_ENTITY_RANKING,,,NOT_APPLICABLE_GLOBAL_BASELINE,HF9g-P5,,,,X 全窗基线 · 不参与实体赏罚,8397988,840,A168_HF9F_20260827_0900,2026-08-27 09:00:00
2026-07-14,129740297,1966,0,27.5926910027,-9.1975636676,-9.1975636676,0.3333333,3,3,0.50665070000000000,0.506650700000,-0.6004420894325239,-0.6004420894325239,-0.6004420894325239,0E-17,ELIGIBLE,R03b_20260811_FULL_v1,L1_ELIGIBILITY,v2026-08-11,2026-03-21..2026-08-06,baccarat_bet02_101_all_pairs_incl_sentinel,round_win = game_pnl > 0 (decisive only),COMPATIBILITY_ONLY_NOT_PRODUCTION,42404.8770,37633.9694,483.2517,2200,2196,-0.01139613,0.00825174,-0.01739291,-0.01139613,-483.2517,42404.8770,OK,0.0000,19.3301,4.0000,96.0000,AG03-UNRESOLVED,ALL5_LEVELS_bet23_to_bet27,19.3301,19.3301,19.3301,24.1626,24.1626,4.000000,4.000000,4.000000,5.000000,5.000000,96.000000,96.000000,96.000000,95.000000,95.000000,5.0,106.3154,97.3877,376.9363,385.864,PENDING_AG03,FALSE,NOT_FOR_ENFORCEMENT,463.9216,36128.6106,483.2517,463.9216,19.3301,0.01139613,0.01094029,19.3301,463.9216,0.01094029,19.3301,19.3301,19.3301,24.1626,24.1626,463.9216,0.01094029,106.3154,97.3877,376.9363,385.864,0.00888898,0.00909952,0.00045585,19.2749,17.1375,0.2201,5.7530,0.6409,504.8200,26.1429,7.1751,39.7174,2.9515,6.1317,20.2037,44.018,88.0359,220.0898,5.1098,0.0,14.357485,35.893712,3.143486,29,158,125,3,0.23384124,0.01139613,-0.00825174,0E-8,0.000000,0.887492,0.846818,0.02564465,2026-03-24,2026-08-06,84,754,547,136,0.617647,0.180654,0.372251,0.779471,,,,,,,,GLOBAL_BASELINE_NO_ENTITY_RANKING,,,NOT_APPLICABLE_GLOBAL_BASELINE,HF9g-P5,,,,X 全窗基线 · 不参与实体赏罚,8397989,840,A168_HF9F_20260827_0900,2026-08-27 09:00:00
2026-07-14,129740297,2066,0,12.2634182234,12.2634182234,12.2634182234,1.0000000,1,1,0.50665070000000000,0.506650700000,0.9867858985152569,0.9867858985152569,0.9867858985152569,0E-17,ELIGIBLE,R03b_20260811_FULL_v1,L1_ELIGIBILITY,v2026-08-11,2026-03-21..2026-08-06,baccarat_bet02_101_all_pairs_incl_sentinel,round_win = game_pnl > 0 (decisive only),COMPATIBILITY_ONLY_NOT_PRODUCTION,42404.8770,37633.9694,483.2517,2200,2196,-0.01139613,0.00825174,-0.01739291,-0.01139613,-483.2517,42404.8770,OK,0.0000,19.3301,4.0000,96.0000,AG03-UNRESOLVED,ALL5_LEVELS_bet23_to_bet27,19.3301,19.3301,19.3301,24.1626,24.1626,4.000000,4.000000,4.000000,5.000000,5.000000,96.000000,96.000000,96.000000,95.000000,95.000000,5.0,106.3154,97.3877,376.9363,385.864,PENDING_AG03,FALSE,NOT_FOR_ENFORCEMENT,463.9216,36128.6106,483.2517,463.9216,19.3301,0.01139613,0.01094029,19.3301,463.9216,0.01094029,19.3301,19.3301,19.3301,24.1626,24.1626,463.9216,0.01094029,106.3154,97.3877,376.9363,385.864,0.00888898,0.00909952,0.00045585,19.2749,17.1375,0.2201,5.7530,0.6409,504.8200,26.1429,7.1751,39.7174,2.9515,6.1317,20.2037,44.018,88.0359,220.0898,5.1098,0.0,14.357485,35.893712,3.143486,29,158,125,3,0.23384124,0.01139613,-0.00825174,0E-8,0.000000,0.887492,0.846818,0.02564465,2026-03-24,2026-08-06,84,754,547,136,0.617647,0.180654,0.372251,0.779471,,,,,,,,GLOBAL_BASELINE_NO_ENTITY_RANKING,,,NOT_APPLICABLE_GLOBAL_BASELINE,HF9g-P5,,,,X 全窗基线 · 不参与实体赏罚,8397990,840,A168_HF9F_20260827_0900,2026-08-27 09:00:00
2026-07-14,129740297,2088,0,12.2634182234,-12.2634182234,-12.2634182234,0E-7,3,3,0.50218230000000000,0.502182300000,-1.7396270863184011,-1.7396270863184016,-1.7396270863184011,0E-17,ELIGIBLE,R03b_20260811_FULL_v1,L1_ELIGIBILITY,v2026-08-11,2026-03-21..2026-08-06,baccarat_bet02_101_all_pairs_incl_sentinel,round_win = game_pnl > 0 (decisive only),COMPATIBILITY_ONLY_NOT_PRODUCTION,42404.8770,37633.9694,483.2517,2200,2196,-0.01139613,0.00825174,-0.01739291,-0.01139613,-483.2517,42404.8770,OK,0.0000,19.3301,4.0000,96.0000,AG03-UNRESOLVED,ALL5_LEVELS_bet23_to_bet27,19.3301,19.3301,19.3301,24.1626,24.1626,4.000000,4.000000,4.000000,5.000000,5.000000,96.000000,96.000000,96.000000,95.000000,95.000000,5.0,106.3154,97.3877,376.9363,385.864,PENDING_AG03,FALSE,NOT_FOR_ENFORCEMENT,463.9216,36128.6106,483.2517,463.9216,19.3301,0.01139613,0.01094029,19.3301,463.9216,0.01094029,19.3301,19.3301,19.3301,24.1626,24.1626,463.9216,0.01094029,106.3154,97.3877,376.9363,385.864,0.00888898,0.00909952,0.00045585,19.2749,17.1375,0.2201,5.7530,0.6409,504.8200,26.1429,7.1751,39.7174,2.9515,6.1317,20.2037,44.018,88.0359,220.0898,5.1098,0.0,14.357485,35.893712,3.143486,29,158,125,3,0.23384124,0.01139613,-0.00825174,0E-8,0.000000,0.887492,0.846818,0.02564465,2026-03-24,2026-08-06,84,754,547,136,0.617647,0.180654,0.372251,0.779471,,,,,,,,GLOBAL_BASELINE_NO_ENTITY_RANKING,,,NOT_APPLICABLE_GLOBAL_BASELINE,HF9g-P5,,,,X 全窗基线 · 不参与实体赏罚,8397991,840,A168_HF9F_20260827_0900,2026-08-27 09:00:00
2026-07-14,129740297,2169,0,13.4897600458,-0.9197563668,-0.9197563668,0.5000000,2,2,0.50665070000000000,0.506650700000,-0.018812684590367487,-0.018812684590367487,-0.018812684590367487,0E-17,ELIGIBLE,R03b_20260811_FULL_v1,L1_ELIGIBILITY,v2026-08-11,2026-03-21..2026-08-06,baccarat_bet02_101_all_pairs_incl_sentinel,round_win = game_pnl > 0 (decisive only),COMPATIBILITY_ONLY_NOT_PRODUCTION,42404.8770,37633.9694,483.2517,2200,2196,-0.01139613,0.00825174,-0.01739291,-0.01139613,-483.2517,42404.8770,OK,0.0000,19.3301,4.0000,96.0000,AG03-UNRESOLVED,ALL5_LEVELS_bet23_to_bet27,19.3301,19.3301,19.3301,24.1626,24.1626,4.000000,4.000000,4.000000,5.000000,5.000000,96.000000,96.000000,96.000000,95.000000,95.000000,5.0,106.3154,97.3877,376.9363,385.864,PENDING_AG03,FALSE,NOT_FOR_ENFORCEMENT,463.9216,36128.6106,483.2517,463.9216,19.3301,0.01139613,0.01094029,19.3301,463.9216,0.01094029,19.3301,19.3301,19.3301,24.1626,24.1626,463.9216,0.01094029,106.3154,97.3877,376.9363,385.864,0.00888898,0.00909952,0.00045585,19.2749,17.1375,0.2201,5.7530,0.6409,504.8200,26.1429,7.1751,39.7174,2.9515,6.1317,20.2037,44.018,88.0359,220.0898,5.1098,0.0,14.357485,35.893712,3.143486,29,158,125,3,0.23384124,0.01139613,-0.00825174,0E-8,0.000000,0.887492,0.846818,0.02564465,2026-03-24,2026-08-06,84,754,547,136,0.617647,0.180654,0.372251,0.779471,,,,,,,,GLOBAL_BASELINE_NO_ENTITY_RANKING,,,NOT_APPLICABLE_GLOBAL_BASELINE,HF9g-P5,,,,X 全窗基线 · 不参与实体赏罚,8397992,840,A168_HF9F_20260827_0900,2026-08-27 09:00:00
2026-07-14,129740297,2224,0,28.6146425213,-8.1756121489,-8.1756121489,0.3333333,3,3,0.49771390000000000,0.497713900000,-0.5694369385616226,-0.5694369385616226,-0.5694369385616226,0E-17,ELIGIBLE,R03b_20260811_FULL_v1,L1_ELIGIBILITY,v2026-08-11,2026-03-21..2026-08-06,baccarat_bet02_101_all_pairs_incl_sentinel,round_win = game_pnl > 0 (decisive only),COMPATIBILITY_ONLY_NOT_PRODUCTION,42404.8770,37633.9694,483.2517,2200,2196,-0.01139613,0.00825174,-0.01739291,-0.01139613,-483.2517,42404.8770,OK,0.0000,19.3301,4.0000,96.0000,AG03-UNRESOLVED,ALL5_LEVELS_bet23_to_bet27,19.3301,19.3301,19.3301,24.1626,24.1626,4.000000,4.000000,4.000000,5.000000,5.000000,96.000000,96.000000,96.000000,95.000000,95.000000,5.0,106.3154,97.3877,376.9363,385.864,PENDING_AG03,FALSE,NOT_FOR_ENFORCEMENT,463.9216,36128.6106,483.2517,463.9216,19.3301,0.01139613,0.01094029,19.3301,463.9216,0.01094029,19.3301,19.3301,19.3301,24.1626,24.1626,463.9216,0.01094029,106.3154,97.3877,376.9363,385.864,0.00888898,0.00909952,0.00045585,19.2749,17.1375,0.2201,5.7530,0.6409,504.8200,26.1429,7.1751,39.7174,2.9515,6.1317,20.2037,44.018,88.0359,220.0898,5.1098,0.0,14.357485,35.893712,3.143486,29,158,125,3,0.23384124,0.01139613,-0.00825174,0E-8,0.000000,0.887492,0.846818,0.02564465,2026-03-24,2026-08-06,84,754,547,136,0.617647,0.180654,0.372251,0.779471,,,,,,,,GLOBAL_BASELINE_NO_ENTITY_RANKING,,,NOT_APPLICABLE_GLOBAL_BASELINE,HF9g-P5,,,,X 全窗基线 · 不参与实体赏罚,8397993,840,A168_HF9F_20260827_0900,2026-08-27 09:00:00
2026-07-14,129740297,2258,0,16.3512242979,4.0878060745,4.0878060745,0.6666667,3,3,0.50665070000000000,0.506650700000,0.5543606114942035,0.5543606114942035,0.5543606114942035,0E-17,ELIGIBLE,R03b_20260811_FULL_v1,L1_ELIGIBILITY,v2026-08-11,2026-03-21..2026-08-06,baccarat_bet02_101_all_pairs_incl_sentinel,round_win = game_pnl > 0 (decisive only),COMPATIBILITY_ONLY_NOT_PRODUCTION,42404.8770,37633.9694,483.2517,2200,2196,-0.01139613,0.00825174,-0.01739291,-0.01139613,-483.2517,42404.8770,OK,0.0000,19.3301,4.0000,96.0000,AG03-UNRESOLVED,ALL5_LEVELS_bet23_to_bet27,19.3301,19.3301,19.3301,24.1626,24.1626,4.000000,4.000000,4.000000,5.000000,5.000000,96.000000,96.000000,96.000000,95.000000,95.000000,5.0,106.3154,97.3877,376.9363,385.864,PENDING_AG03,FALSE,NOT_FOR_ENFORCEMENT,463.9216,36128.6106,483.2517,463.9216,19.3301,0.01139613,0.01094029,19.3301,463.9216,0.01094029,19.3301,19.3301,19.3301,24.1626,24.1626,463.9216,0.01094029,106.3154,97.3877,376.9363,385.864,0.00888898,0.00909952,0.00045585,19.2749,17.1375,0.2201,5.7530,0.6409,504.8200,26.1429,7.1751,39.7174,2.9515,6.1317,20.2037,44.018,88.0359,220.0898,5.1098,0.0,14.357485,35.893712,3.143486,29,158,125,3,0.23384124,0.01139613,-0.00825174,0E-8,0.000000,0.887492,0.846818,0.02564465,2026-03-24,2026-08-06,84,754,547,136,0.617647,0.180654,0.372251,0.779471,,,,,,,,GLOBAL_BASELINE_NO_ENTITY_RANKING,,,NOT_APPLICABLE_GLOBAL_BASELINE,HF9g-P5,,,,X 全窗基线 · 不参与实体赏罚,8397994,840,A168_HF9F_20260827_0900,2026-08-27 09:00:00
2026-07-14,129740297,2271,0,19.4170788538,19.4170788538,19.4170788538,1.0000000,2,2,0.50665070000000000,0.506650700000,1.3955260008387969,1.3955260008387969,1.3955260008387969,0E-17,ELIGIBLE,R03b_20260811_FULL_v1,L1_ELIGIBILITY,v2026-08-11,2026-03-21..2026-08-06,baccarat_bet02_101_all_pairs_incl_sentinel,round_win = game_pnl > 0 (decisive only),COMPATIBILITY_ONLY_NOT_PRODUCTION,42404.8770,37633.9694,483.2517,2200,2196,-0.01139613,0.00825174,-0.01739291,-0.01139613,-483.2517,42404.8770,OK,0.0000,19.3301,4.0000,96.0000,AG03-UNRESOLVED,ALL5_LEVELS_bet23_to_bet27,19.3301,19.3301,19.3301,24.1626,24.1626,4.000000,4.000000,4.000000,5.000000,5.000000,96.000000,96.000000,96.000000,95.000000,95.000000,5.0,106.3154,97.3877,376.9363,385.864,PENDING_AG03,FALSE,NOT_FOR_ENFORCEMENT,463.9216,36128.6106,483.2517,463.9216,19.3301,0.01139613,0.01094029,19.3301,463.9216,0.01094029,19.3301,19.3301,19.3301,24.1626,24.1626,463.9216,0.01094029,106.3154,97.3877,376.9363,385.864,0.00888898,0.00909952,0.00045585,19.2749,17.1375,0.2201,5.7530,0.6409,504.8200,26.1429,7.1751,39.7174,2.9515,6.1317,20.2037,44.018,88.0359,220.0898,5.1098,0.0,14.357485,35.893712,3.143486,29,158,125,3,0.23384124,0.01139613,-0.00825174,0E-8,0.000000,0.887492,0.846818,0.02564465,2026-03-24,2026-08-06,84,754,547,136,0.617647,0.180654,0.372251,0.779471,,,,,,,,GLOBAL_BASELINE_NO_ENTITY_RANKING,,,NOT_APPLICABLE_GLOBAL_BASELINE,HF9g-P5,,,,X 全窗基线 · 不参与实体赏罚,8397995,840,A168_HF9F_20260827_0900,2026-08-27 09:00:00
2026-07-14,129740297,2287,0,18.3951273351,-18.3951273351,-18.3951273351,0E-7,2,2,0.49994810000000000,0.499948100000,-1.4140667746232096,-1.4140667746232096,-1.4140667746232096,0E-17,ELIGIBLE,R03b_20260811_FULL_v1,L1_ELIGIBILITY,v2026-08-11,2026-03-21..2026-08-06,baccarat_bet02_101_all_pairs_incl_sentinel,round_win = game_pnl > 0 (decisive only),COMPATIBILITY_ONLY_NOT_PRODUCTION,42404.8770,37633.9694,483.2517,2200,2196,-0.01139613,0.00825174,-0.01739291,-0.01139613,-483.2517,42404.8770,OK,0.0000,19.3301,4.0000,96.0000,AG03-UNRESOLVED,ALL5_LEVELS_bet23_to_bet27,19.3301,19.3301,19.3301,24.1626,24.1626,4.000000,4.000000,4.000000,5.000000,5.000000,96.000000,96.000000,96.000000,95.000000,95.000000,5.0,106.3154,97.3877,376.9363,385.864,PENDING_AG03,FALSE,NOT_FOR_ENFORCEMENT,463.9216,36128.6106,483.2517,463.9216,19.3301,0.01139613,0.01094029,19.3301,463.9216,0.01094029,19.3301,19.3301,19.3301,24.1626,24.1626,463.9216,0.01094029,106.3154,97.3877,376.9363,385.864,0.00888898,0.00909952,0.00045585,19.2749,17.1375,0.2201,5.7530,0.6409,504.8200,26.1429,7.1751,39.7174,2.9515,6.1317,20.2037,44.018,88.0359,220.0898,5.1098,0.0,14.357485,35.893712,3.143486,29,158,125,3,0.23384124,0.01139613,-0.00825174,0E-8,0.000000,0.887492,0.846818,0.02564465,2026-03-24,2026-08-06,84,754,547,136,0.617647,0.180654,0.372251,0.779471,,,,,,,,GLOBAL_BASELINE_NO_ENTITY_RANKING,,,NOT_APPLICABLE_GLOBAL_BASELINE,HF9g-P5,,,,X 全窗基线 · 不参与实体赏罚,8397996,840,A168_HF9F_20260827_0900,2026-08-27 09:00:00
2026-07-14,129740297,2289,0,10.2195151862,-10.2195151862,-10.2195151862,0E-7,1,1,0.49324550000000000,0.493245500000,-0.9865810262130424,-0.9865810262130424,-0.9865810262130424,0E-17,ELIGIBLE,R03b_20260811_FULL_v1,L1_ELIGIBILITY,v2026-08-11,2026-03-21..2026-08-06,baccarat_bet02_101_all_pairs_incl_sentinel,round_win = game_pnl > 0 (decisive only),COMPATIBILITY_ONLY_NOT_PRODUCTION,42404.8770,37633.9694,483.2517,2200,2196,-0.01139613,0.00825174,-0.01739291,-0.01139613,-483.2517,42404.8770,OK,0.0000,19.3301,4.0000,96.0000,AG03-UNRESOLVED,ALL5_LEVELS_bet23_to_bet27,19.3301,19.3301,19.3301,24.1626,24.1626,4.000000,4.000000,4.000000,5.000000,5.000000,96.000000,96.000000,96.000000,95.000000,95.000000,5.0,106.3154,97.3877,376.9363,385.864,PENDING_AG03,FALSE,NOT_FOR_ENFORCEMENT,463.9216,36128.6106,483.2517,463.9216,19.3301,0.01139613,0.01094029,19.3301,463.9216,0.01094029,19.3301,19.3301,19.3301,24.1626,24.1626,463.9216,0.01094029,106.3154,97.3877,376.9363,385.864,0.00888898,0.00909952,0.00045585,19.2749,17.1375,0.2201,5.7530,0.6409,504.8200,26.1429,7.1751,39.7174,2.9515,6.1317,20.2037,44.018,88.0359,220.0898,5.1098,0.0,14.357485,35.893712,3.143486,29,158,125,3,0.23384124,0.01139613,-0.00825174,0E-8,0.000000,0.887492,0.846818,0.02564465,2026-03-24,2026-08-06,84,754,547,136,0.617647,0.180654,0.372251,0.779471,,,,,,,,GLOBAL_BASELINE_NO_ENTITY_RANKING,,,NOT_APPLICABLE_GLOBAL_BASELINE,HF9g-P5,,,,X 全窗基线 · 不参与实体赏罚,8397997,840,A168_HF9F_20260827_0900,2026-08-27 09:00:00
2026-07-15,129740297,-1,1,245.2683644688,-20.4390303724,-20.4390303724,0.4666667,18,18,0.50143756666666667,0.501437566667,-0.2693353464833218,-0.2693353464859043,-0.2693353464833218,-3.3333E-13,SENTINEL_DEALER,R03b_20260811_FULL_v1,L1_ELIGIBILITY,v2026-08-11,2026-03-21..2026-08-06,baccarat_bet02_101_all_pairs_incl_sentinel,round_win = game_pnl > 0 (decisive only),COMPATIBILITY_ONLY_NOT_PRODUCTION,42404.8770,37633.9694,483.2517,2200,2196,-0.01139613,0.00825174,-0.01739291,-0.01139613,-483.2517,42404.8770,OK,0.0000,19.3301,4.0000,96.0000,AG03-UNRESOLVED,ALL5_LEVELS_bet23_to_bet27,19.3301,19.3301,19.3301,24.1626,24.1626,4.000000,4.000000,4.000000,5.000000,5.000000,96.000000,96.000000,96.000000,95.000000,95.000000,5.0,106.3154,97.3877,376.9363,385.864,PENDING_AG03,FALSE,NOT_FOR_ENFORCEMENT,463.9216,36128.6106,483.2517,463.9216,19.3301,0.01139613,0.01094029,19.3301,463.9216,0.01094029,19.3301,19.3301,19.3301,24.1626,24.1626,463.9216,0.01094029,106.3154,97.3877,376.9363,385.864,0.00888898,0.00909952,0.00045585,19.2749,17.1375,0.2201,5.7530,0.6409,504.8200,26.1429,7.1751,39.7174,2.9515,6.1317,20.2037,44.018,88.0359,220.0898,5.1098,0.0,14.357485,35.893712,3.143486,29,158,125,3,0.23384124,0.01139613,-0.00825174,0E-8,0.000000,0.887492,0.846818,0.02564465,2026-03-24,2026-08-06,84,754,547,136,0.617647,0.180654,0.372251,0.779471,,,,,,,,GLOBAL_BASELINE_NO_ENTITY_RANKING,,,NOT_APPLICABLE_GLOBAL_BASELINE,HF9g-P5,,,,X 全窗基线 · 不参与实体赏罚,8397998,840,A168_HF9F_20260827_0900,2026-08-27 09:00:00
2026-07-15,129740297,1210,0,30.6585455586,0E-10,0E-10,0.5000000,2,2,0.50665070000000000,0.506650700000,-0.018812684590367487,-0.018812684590367487,-0.018812684590367487,0E-17,ELIGIBLE,R03b_20260811_FULL_v1,L1_ELIGIBILITY,v2026-08-11,2026-03-21..2026-08-06,baccarat_bet02_101_all_pairs_incl_sentinel,round_win = game_pnl > 0 (decisive only),COMPATIBILITY_ONLY_NOT_PRODUCTION,42404.8770,37633.9694,483.2517,2200,2196,-0.01139613,0.00825174,-0.01739291,-0.01139613,-483.2517,42404.8770,OK,0.0000,19.3301,4.0000,96.0000,AG03-UNRESOLVED,ALL5_LEVELS_bet23_to_bet27,19.3301,19.3301,19.3301,24.1626,24.1626,4.000000,4.000000,4.000000,5.000000,5.000000,96.000000,96.000000,96.000000,95.000000,95.000000,5.0,106.3154,97.3877,376.9363,385.864,PENDING_AG03,FALSE,NOT_FOR_ENFORCEMENT,463.9216,36128.6106,483.2517,463.9216,19.3301,0.01139613,0.01094029,19.3301,463.9216,0.01094029,19.3301,19.3301,19.3301,24.1626,24.1626,463.9216,0.01094029,106.3154,97.3877,376.9363,385.864,0.00888898,0.00909952,0.00045585,19.2749,17.1375,0.2201,5.7530,0.6409,504.8200,26.1429,7.1751,39.7174,2.9515,6.1317,20.2037,44.018,88.0359,220.0898,5.1098,0.0,14.357485,35.893712,3.143486,29,158,125,3,0.23384124,0.01139613,-0.00825174,0E-8,0.000000,0.887492,0.846818,0.02564465,2026-03-24,2026-08-06,84,754,547,136,0.617647,0.180654,0.372251,0.779471,,,,,,,,GLOBAL_BASELINE_NO_ENTITY_RANKING,,,NOT_APPLICABLE_GLOBAL_BASELINE,HF9g-P5,,,,X 全窗基线 · 不参与实体赏罚,8397999,840,A168_HF9F_20260827_0900,2026-08-27 09:00:00
2026-07-15,129740297,1325,0,10.2195151862,-10.2195151862,-10.2195151862,0E-7,1,1,0.50665070000000000,0.506650700000,-1.013391052207602,-1.013391052207602,-1.013391052207602,0E-17,ELIGIBLE,R03b_20260811_FULL_v1,L1_ELIGIBILITY,v2026-08-11,2026-03-21..2026-08-06,baccarat_bet02_101_all_pairs_incl_sentinel,round_win = game_pnl > 0 (decisive only),COMPATIBILITY_ONLY_NOT_PRODUCTION,42404.8770,37633.9694,483.2517,2200,2196,-0.01139613,0.00825174,-0.01739291,-0.01139613,-483.2517,42404.8770,OK,0.0000,19.3301,4.0000,96.0000,AG03-UNRESOLVED,ALL5_LEVELS_bet23_to_bet27,19.3301,19.3301,19.3301,24.1626,24.1626,4.000000,4.000000,4.000000,5.000000,5.000000,96.000000,96.000000,96.000000,95.000000,95.000000,5.0,106.3154,97.3877,376.9363,385.864,PENDING_AG03,FALSE,NOT_FOR_ENFORCEMENT,463.9216,36128.6106,483.2517,463.9216,19.3301,0.01139613,0.01094029,19.3301,463.9216,0.01094029,19.3301,19.3301,19.3301,24.1626,24.1626,463.9216,0.01094029,106.3154,97.3877,376.9363,385.864,0.00888898,0.00909952,0.00045585,19.2749,17.1375,0.2201,5.7530,0.6409,504.8200,26.1429,7.1751,39.7174,2.9515,6.1317,20.2037,44.018,88.0359,220.0898,5.1098,0.0,14.357485,35.893712,3.143486,29,158,125,3,0.23384124,0.01139613,-0.00825174,0E-8,0.000000,0.887492,0.846818,0.02564465,2026-03-24,2026-08-06,84,754,547,136,0.617647,0.180654,0.372251,0.779471,,,,,,,,GLOBAL_BASELINE_NO_ENTITY_RANKING,,,NOT_APPLICABLE_GLOBAL_BASELINE,HF9g-P5,,,,X 全窗基线 · 不参与实体赏罚,8398000,840,A168_HF9F_20260827_0900,2026-08-27 09:00:00
2026-07-15,129740297,1985,0,51.0975759310,30.6585455586,30.6585455586,0.6666667,3,3,0.49324550000000000,0.493245500000,0.6008033672792107,0.6008033672792106,0.6008033672792107,0E-17,ELIGIBLE,R03b_20260811_FULL_v1,L1_ELIGIBILITY,v2026-08-11,2026-03-21..2026-08-06,baccarat_bet02_101_all_pairs_incl_sentinel,round_win = game_pnl > 0 (decisive only),COMPATIBILITY_ONLY_NOT_PRODUCTION,42404.8770,37633.9694,483.2517,2200,2196,-0.01139613,0.00825174,-0.01739291,-0.01139613,-483.2517,42404.8770,OK,0.0000,19.3301,4.0000,96.0000,AG03-UNRESOLVED,ALL5_LEVELS_bet23_to_bet27,19.3301,19.3301,19.3301,24.1626,24.1626,4.000000,4.000000,4.000000,5.000000,5.000000,96.000000,96.000000,96.000000,95.000000,95.000000,5.0,106.3154,97.3877,376.9363,385.864,PENDING_AG03,FALSE,NOT_FOR_ENFORCEMENT,463.9216,36128.6106,483.2517,463.9216,19.3301,0.01139613,0.01094029,19.3301,463.9216,0.01094029,19.3301,19.3301,19.3301,24.1626,24.1626,463.9216,0.01094029,106.3154,97.3877,376.9363,385.864,0.00888898,0.00909952,0.00045585,19.2749,17.1375,0.2201,5.7530,0.6409,504.8200,26.1429,7.1751,39.7174,2.9515,6.1317,20.2037,44.018,88.0359,220.0898,5.1098,0.0,14.357485,35.893712,3.143486,29,158,125,3,0.23384124,0.01139613,-0.00825174,0E-8,0.000000,0.887492,0.846818,0.02564465,2026-03-24,2026-08-06,84,754,547,136,0.617647,0.180654,0.372251,0.779471,,,,,,,,GLOBAL_BASELINE_NO_ENTITY_RANKING,,,NOT_APPLICABLE_GLOBAL_BASELINE,HF9g-P5,,,,X 全窗基线 · 不参与实体赏罚,8398001,840,A168_HF9F_20260827_0900,2026-08-27 09:00:00
2026-07-15,129740297,2088,0,35.7683031517,-15.3292727793,-15.3292727793,0.2500000,5,5,0.49324550000000000,0.493245500000,-0.9730707933947887,-0.9730707933947887,-0.9730707933947887,0E-17,ELIGIBLE,R03b_20260811_FULL_v1,L1_ELIGIBILITY,v2026-08-11,2026-03-21..2026-08-06,baccarat_bet02_101_all_pairs_incl_sentinel,round_win = game_pnl > 0 (decisive only),COMPATIBILITY_ONLY_NOT_PRODUCTION,42404.8770,37633.9694,483.2517,2200,2196,-0.01139613,0.00825174,-0.01739291,-0.01139613,-483.2517,42404.8770,OK,0.0000,19.3301,4.0000,96.0000,AG03-UNRESOLVED,ALL5_LEVELS_bet23_to_bet27,19.3301,19.3301,19.3301,24.1626,24.1626,4.000000,4.000000,4.000000,5.000000,5.000000,96.000000,96.000000,96.000000,95.000000,95.000000,5.0,106.3154,97.3877,376.9363,385.864,PENDING_AG03,FALSE,NOT_FOR_ENFORCEMENT,463.9216,36128.6106,483.2517,463.9216,19.3301,0.01139613,0.01094029,19.3301,463.9216,0.01094029,19.3301,19.3301,19.3301,24.1626,24.1626,463.9216,0.01094029,106.3154,97.3877,376.9363,385.864,0.00888898,0.00909952,0.00045585,19.2749,17.1375,0.2201,5.7530,0.6409,504.8200,26.1429,7.1751,39.7174,2.9515,6.1317,20.2037,44.018,88.0359,220.0898,5.1098,0.0,14.357485,35.893712,3.143486,29,158,125,3,0.23384124,0.01139613,-0.00825174,0E-8,0.000000,0.887492,0.846818,0.02564465,2026-03-24,2026-08-06,84,754,547,136,0.617647,0.180654,0.372251,0.779471,,,,,,,,GLOBAL_BASELINE_NO_ENTITY_RANKING,,,NOT_APPLICABLE_GLOBAL_BASELINE,HF9g-P5,,,,X 全窗基线 · 不参与实体赏罚,8398002,840,A168_HF9F_20260827_0900,2026-08-27 09:00:00
2026-07-15,129740297,2147,0,30.6585455586,-30.6585455586,-30.6585455586,0E-7,2,2,0.50665070000000000,0.506650700000,-1.4331513700195317,-1.4331513700195317,-1.4331513700195317,0E-17,ELIGIBLE,R03b_20260811_FULL_v1,L1_ELIGIBILITY,v2026-08-11,2026-03-21..2026-08-06,baccarat_bet02_101_all_pairs_incl_sentinel,round_win = game_pnl > 0 (decisive only),COMPATIBILITY_ONLY_NOT_PRODUCTION,42404.8770,37633.9694,483.2517,2200,2196,-0.01139613,0.00825174,-0.01739291,-0.01139613,-483.2517,42404.8770,OK,0.0000,19.3301,4.0000,96.0000,AG03-UNRESOLVED,ALL5_LEVELS_bet23_to_bet27,19.3301,19.3301,19.3301,24.1626,24.1626,4.000000,4.000000,4.000000,5.000000,5.000000,96.000000,96.000000,96.000000,95.000000,95.000000,5.0,106.3154,97.3877,376.9363,385.864,PENDING_AG03,FALSE,NOT_FOR_ENFORCEMENT,463.9216,36128.6106,483.2517,463.9216,19.3301,0.01139613,0.01094029,19.3301,463.9216,0.01094029,19.3301,19.3301,19.3301,24.1626,24.1626,463.9216,0.01094029,106.3154,97.3877,376.9363,385.864,0.00888898,0.00909952,0.00045585,19.2749,17.1375,0.2201,5.7530,0.6409,504.8200,26.1429,7.1751,39.7174,2.9515,6.1317,20.2037,44.018,88.0359,220.0898,5.1098,0.0,14.357485,35.893712,3.143486,29,158,125,3,0.23384124,0.01139613,-0.00825174,0E-8,0.000000,0.887492,0.846818,0.02564465,2026-03-24,2026-08-06,84,754,547,136,0.617647,0.180654,0.372251,0.779471,,,,,,,,GLOBAL_BASELINE_NO_ENTITY_RANKING,,,NOT_APPLICABLE_GLOBAL_BASELINE,HF9g-P5,,,,X 全窗基线 · 不参与实体赏罚,8398003,840,A168_HF9F_20260827_0900,2026-08-27 09:00:00
2026-07-15,129740297,2152,0,143.0732126068,81.7561214896,81.7561214896,0.7500000,8,8,0.49324550000000000,0.493245500000,1.4525553310976282,1.4525553310976282,1.4525553310976282,0E-17,ELIGIBLE,R03b_20260811_FULL_v1,L1_ELIGIBILITY,v2026-08-11,2026-03-21..2026-08-06,baccarat_bet02_101_all_pairs_incl_sentinel,round_win = game_pnl > 0 (decisive only),COMPATIBILITY_ONLY_NOT_PRODUCTION,42404.8770,37633.9694,483.2517,2200,2196,-0.01139613,0.00825174,-0.01739291,-0.01139613,-483.2517,42404.8770,OK,0.0000,19.3301,4.0000,96.0000,AG03-UNRESOLVED,ALL5_LEVELS_bet23_to_bet27,19.3301,19.3301,19.3301,24.1626,24.1626,4.000000,4.000000,4.000000,5.000000,5.000000,96.000000,96.000000,96.000000,95.000000,95.000000,5.0,106.3154,97.3877,376.9363,385.864,PENDING_AG03,FALSE,NOT_FOR_ENFORCEMENT,463.9216,36128.6106,483.2517,463.9216,19.3301,0.01139613,0.01094029,19.3301,463.9216,0.01094029,19.3301,19.3301,19.3301,24.1626,24.1626,463.9216,0.01094029,106.3154,97.3877,376.9363,385.864,0.00888898,0.00909952,0.00045585,19.2749,17.1375,0.2201,5.7530,0.6409,504.8200,26.1429,7.1751,39.7174,2.9515,6.1317,20.2037,44.018,88.0359,220.0898,5.1098,0.0,14.357485,35.893712,3.143486,29,158,125,3,0.23384124,0.01139613,-0.00825174,0E-8,0.000000,0.887492,0.846818,0.02564465,2026-03-24,2026-08-06,84,754,547,136,0.617647,0.180654,0.372251,0.779471,,,,,,,,GLOBAL_BASELINE_NO_ENTITY_RANKING,,,NOT_APPLICABLE_GLOBAL_BASELINE,HF9g-P5,,,,X 全窗基线 · 不参与实体赏罚,8398004,840,A168_HF9F_20260827_0900,2026-08-27 09:00:00
2026-07-15,129740297,2167,0,9.1975636677,-3.0658545559,-3.0658545559,0.3333333,3,3,0.49324550000000000,0.493245500000,-0.5540025479526107,-0.5540025479526106,-0.5540025479526107,0E-17,ELIGIBLE,R03b_20260811_FULL_v1,L1_ELIGIBILITY,v2026-08-11,2026-03-21..2026-08-06,baccarat_bet02_101_all_pairs_incl_sentinel,round_win = game_pnl > 0 (decisive only),COMPATIBILITY_ONLY_NOT_PRODUCTION,42404.8770,37633.9694,483.2517,2200,2196,-0.01139613,0.00825174,-0.01739291,-0.01139613,-483.2517,42404.8770,OK,0.0000,19.3301,4.0000,96.0000,AG03-UNRESOLVED,ALL5_LEVELS_bet23_to_bet27,19.3301,19.3301,19.3301,24.1626,24.1626,4.000000,4.000000,4.000000,5.000000,5.000000,96.000000,96.000000,96.000000,95.000000,95.000000,5.0,106.3154,97.3877,376.9363,385.864,PENDING_AG03,FALSE,NOT_FOR_ENFORCEMENT,463.9216,36128.6106,483.2517,463.9216,19.3301,0.01139613,0.01094029,19.3301,463.9216,0.01094029,19.3301,19.3301,19.3301,24.1626,24.1626,463.9216,0.01094029,106.3154,97.3877,376.9363,385.864,0.00888898,0.00909952,0.00045585,19.2749,17.1375,0.2201,5.7530,0.6409,504.8200,26.1429,7.1751,39.7174,2.9515,6.1317,20.2037,44.018,88.0359,220.0898,5.1098,0.0,14.357485,35.893712,3.143486,29,158,125,3,0.23384124,0.01139613,-0.00825174,0E-8,0.000000,0.887492,0.846818,0.02564465,2026-03-24,2026-08-06,84,754,547,136,0.617647,0.180654,0.372251,0.779471,,,,,,,,GLOBAL_BASELINE_NO_ENTITY_RANKING,,,NOT_APPLICABLE_GLOBAL_BASELINE,HF9g-P5,,,,X 全窗基线 · 不参与实体赏罚,8398005,840,A168_HF9F_20260827_0900,2026-08-27 09:00:00
2026-07-15,129740297,2222,0,3.0658545559,2.9125618281,2.9125618281,1.0000000,1,1,0.50665070000000000,0.506650700000,0.9867858985152569,0.9867858985152569,0.9867858985152569,0E-17,ELIGIBLE,R03b_20260811_FULL_v1,L1_ELIGIBILITY,v2026-08-11,2026-03-21..2026-08-06,baccarat_bet02_101_all_pairs_incl_sentinel,round_win = game_pnl > 0 (decisive only),COMPATIBILITY_ONLY_NOT_PRODUCTION,42404.8770,37633.9694,483.2517,2200,2196,-0.01139613,0.00825174,-0.01739291,-0.01139613,-483.2517,42404.8770,OK,0.0000,19.3301,4.0000,96.0000,AG03-UNRESOLVED,ALL5_LEVELS_bet23_to_bet27,19.3301,19.3301,19.3301,24.1626,24.1626,4.000000,4.000000,4.000000,5.000000,5.000000,96.000000,96.000000,96.000000,95.000000,95.000000,5.0,106.3154,97.3877,376.9363,385.864,PENDING_AG03,FALSE,NOT_FOR_ENFORCEMENT,463.9216,36128.6106,483.2517,463.9216,19.3301,0.01139613,0.01094029,19.3301,463.9216,0.01094029,19.3301,19.3301,19.3301,24.1626,24.1626,463.9216,0.01094029,106.3154,97.3877,376.9363,385.864,0.00888898,0.00909952,0.00045585,19.2749,17.1375,0.2201,5.7530,0.6409,504.8200,26.1429,7.1751,39.7174,2.9515,6.1317,20.2037,44.018,88.0359,220.0898,5.1098,0.0,14.357485,35.893712,3.143486,29,158,125,3,0.23384124,0.01139613,-0.00825174,0E-8,0.000000,0.887492,0.846818,0.02564465,2026-03-24,2026-08-06,84,754,547,136,0.617647,0.180654,0.372251,0.779471,,,,,,,,GLOBAL_BASELINE_NO_ENTITY_RANKING,,,NOT_APPLICABLE_GLOBAL_BASELINE,HF9g-P5,,,,X 全窗基线 · 不参与实体赏罚,8398006,840,A168_HF9F_20260827_0900,2026-08-27 09:00:00
2026-07-15,129740297,2224,0,87.6834402976,-31.4761067735,-31.4761067735,0.3333333,7,7,0.49324550000000000,0.493245500000,-0.783477916903833,-0.7834779169038328,-0.783477916903833,0E-17,ELIGIBLE,R03b_20260811_FULL_v1,L1_ELIGIBILITY,v2026-08-11,2026-03-21..2026-08-06,baccarat_bet02_101_all_pairs_incl_sentinel,round_win = game_pnl > 0 (decisive only),COMPATIBILITY_ONLY_NOT_PRODUCTION,42404.8770,37633.9694,483.2517,2200,2196,-0.01139613,0.00825174,-0.01739291,-0.01139613,-483.2517,42404.8770,OK,0.0000,19.3301,4.0000,96.0000,AG03-UNRESOLVED,ALL5_LEVELS_bet23_to_bet27,19.3301,19.3301,19.3301,24.1626,24.1626,4.000000,4.000000,4.000000,5.000000,5.000000,96.000000,96.000000,96.000000,95.000000,95.000000,5.0,106.3154,97.3877,376.9363,385.864,PENDING_AG03,FALSE,NOT_FOR_ENFORCEMENT,463.9216,36128.6106,483.2517,463.9216,19.3301,0.01139613,0.01094029,19.3301,463.9216,0.01094029,19.3301,19.3301,19.3301,24.1626,24.1626,463.9216,0.01094029,106.3154,97.3877,376.9363,385.864,0.00888898,0.00909952,0.00045585,19.2749,17.1375,0.2201,5.7530,0.6409,504.8200,26.1429,7.1751,39.7174,2.9515,6.1317,20.2037,44.018,88.0359,220.0898,5.1098,0.0,14.357485,35.893712,3.143486,29,158,125,3,0.23384124,0.01139613,-0.00825174,0E-8,0.000000,0.887492,0.846818,0.02564465,2026-03-24,2026-08-06,84,754,547,136,0.617647,0.180654,0.372251,0.779471,,,,,,,,GLOBAL_BASELINE_NO_ENTITY_RANKING,,,NOT_APPLICABLE_GLOBAL_BASELINE,HF9g-P5,,,,X 全窗基线 · 不参与实体赏罚,8398007,840,A168_HF9F_20260827_0900,2026-08-27 09:00:00
2026-07-15,129740297,2229,0,97.6985651800,56.8205044352,56.8205044352,0.8571429,7,7,0.49324550000000000,0.493245500000,1.925739544596175,1.9257395445961751,1.925739544596175,0E-17,ELIGIBLE,R03b_20260811_FULL_v1,L1_ELIGIBILITY,v2026-08-11,2026-03-21..2026-08-06,baccarat_bet02_101_all_pairs_incl_sentinel,round_win = game_pnl > 0 (decisive only),COMPATIBILITY_ONLY_NOT_PRODUCTION,42404.8770,37633.9694,483.2517,2200,2196,-0.01139613,0.00825174,-0.01739291,-0.01139613,-483.2517,42404.8770,OK,0.0000,19.3301,4.0000,96.0000,AG03-UNRESOLVED,ALL5_LEVELS_bet23_to_bet27,19.3301,19.3301,19.3301,24.1626,24.1626,4.000000,4.000000,4.000000,5.000000,5.000000,96.000000,96.000000,96.000000,95.000000,95.000000,5.0,106.3154,97.3877,376.9363,385.864,PENDING_AG03,FALSE,NOT_FOR_ENFORCEMENT,463.9216,36128.6106,483.2517,463.9216,19.3301,0.01139613,0.01094029,19.3301,463.9216,0.01094029,19.3301,19.3301,19.3301,24.1626,24.1626,463.9216,0.01094029,106.3154,97.3877,376.9363,385.864,0.00888898,0.00909952,0.00045585,19.2749,17.1375,0.2201,5.7530,0.6409,504.8200,26.1429,7.1751,39.7174,2.9515,6.1317,20.2037,44.018,88.0359,220.0898,5.1098,0.0,14.357485,35.893712,3.143486,29,158,125,3,0.23384124,0.01139613,-0.00825174,0E-8,0.000000,0.887492,0.846818,0.02564465,2026-03-24,2026-08-06,84,754,547,136,0.617647,0.180654,0.372251,0.779471,,,,,,,,GLOBAL_BASELINE_NO_ENTITY_RANKING,,,NOT_APPLICABLE_GLOBAL_BASELINE,HF9g-P5,,,,X 全窗基线 · 不参与实体赏罚,8398008,840,A168_HF9F_20260827_0900,2026-08-27 09:00:00
2026-07-15,129740297,2233,0,20.4390303724,20.4390303724,20.4390303724,1.0000000,2,2,0.49324550000000000,0.493245500000,1.4334489766152358,1.4334489766152358,1.4334489766152358,0E-17,ELIGIBLE,R03b_20260811_FULL_v1,L1_ELIGIBILITY,v2026-08-11,2026-03-21..2026-08-06,baccarat_bet02_101_all_pairs_incl_sentinel,round_win = game_pnl > 0 (decisive only),COMPATIBILITY_ONLY_NOT_PRODUCTION,42404.8770,37633.9694,483.2517,2200,2196,-0.01139613,0.00825174,-0.01739291,-0.01139613,-483.2517,42404.8770,OK,0.0000,19.3301,4.0000,96.0000,AG03-UNRESOLVED,ALL5_LEVELS_bet23_to_bet27,19.3301,19.3301,19.3301,24.1626,24.1626,4.000000,4.000000,4.000000,5.000000,5.000000,96.000000,96.000000,96.000000,95.000000,95.000000,5.0,106.3154,97.3877,376.9363,385.864,PENDING_AG03,FALSE,NOT_FOR_ENFORCEMENT,463.9216,36128.6106,483.2517,463.9216,19.3301,0.01139613,0.01094029,19.3301,463.9216,0.01094029,19.3301,19.3301,19.3301,24.1626,24.1626,463.9216,0.01094029,106.3154,97.3877,376.9363,385.864,0.00888898,0.00909952,0.00045585,19.2749,17.1375,0.2201,5.7530,0.6409,504.8200,26.1429,7.1751,39.7174,2.9515,6.1317,20.2037,44.018,88.0359,220.0898,5.1098,0.0,14.357485,35.893712,3.143486,29,158,125,3,0.23384124,0.01139613,-0.00825174,0E-8,0.000000,0.887492,0.846818,0.02564465,2026-03-24,2026-08-06,84,754,547,136,0.617647,0.180654,0.372251,0.779471,,,,,,,,GLOBAL_BASELINE_NO_ENTITY_RANKING,,,NOT_APPLICABLE_GLOBAL_BASELINE,HF9g-P5,,,,X 全窗基线 · 不参与实体赏罚,8398009,840,A168_HF9F_20260827_0900,2026-08-27 09:00:00
2026-07-15,129740297,2271,0,101.1732003433,-61.3170911171,-61.3170911171,0.2500000,4,4,0.50329940000000000,0.503299400000,-1.013219660140378,-1.013219660140378,-1.013219660140378,0E-17,ELIGIBLE,R03b_20260811_FULL_v1,L1_ELIGIBILITY,v2026-08-11,2026-03-21..2026-08-06,baccarat_bet02_101_all_pairs_incl_sentinel,round_win = game_pnl > 0 (decisive only),COMPATIBILITY_ONLY_NOT_PRODUCTION,42404.8770,37633.9694,483.2517,2200,2196,-0.01139613,0.00825174,-0.01739291,-0.01139613,-483.2517,42404.8770,OK,0.0000,19.3301,4.0000,96.0000,AG03-UNRESOLVED,ALL5_LEVELS_bet23_to_bet27,19.3301,19.3301,19.3301,24.1626,24.1626,4.000000,4.000000,4.000000,5.000000,5.000000,96.000000,96.000000,96.000000,95.000000,95.000000,5.0,106.3154,97.3877,376.9363,385.864,PENDING_AG03,FALSE,NOT_FOR_ENFORCEMENT,463.9216,36128.6106,483.2517,463.9216,19.3301,0.01139613,0.01094029,19.3301,463.9216,0.01094029,19.3301,19.3301,19.3301,24.1626,24.1626,463.9216,0.01094029,106.3154,97.3877,376.9363,385.864,0.00888898,0.00909952,0.00045585,19.2749,17.1375,0.2201,5.7530,0.6409,504.8200,26.1429,7.1751,39.7174,2.9515,6.1317,20.2037,44.018,88.0359,220.0898,5.1098,0.0,14.357485,35.893712,3.143486,29,158,125,3,0.23384124,0.01139613,-0.00825174,0E-8,0.000000,0.887492,0.846818,0.02564465,2026-03-24,2026-08-06,84,754,547,136,0.617647,0.180654,0.372251,0.779471,,,,,,,,GLOBAL_BASELINE_NO_ENTITY_RANKING,,,NOT_APPLICABLE_GLOBAL_BASELINE,HF9g-P5,,,,X 全窗基线 · 不参与实体赏罚,8398010,840,A168_HF9F_20260827_0900,2026-08-27 09:00:00
2026-07-15,129740297,2278,0,10.2195151862,10.2195151862,10.2195151862,1.0000000,1,1,0.49324550000000000,0.493245500000,1.01360149184955,1.01360149184955,1.01360149184955,0E-17,ELIGIBLE,R03b_20260811_FULL_v1,L1_ELIGIBILITY,v2026-08-11,2026-03-21..2026-08-06,baccarat_bet02_101_all_pairs_incl_sentinel,round_win = game_pnl > 0 (decisive only),COMPATIBILITY_ONLY_NOT_PRODUCTION,42404.8770,37633.9694,483.2517,2200,2196,-0.01139613,0.00825174,-0.01739291,-0.01139613,-483.2517,42404.8770,OK,0.0000,19.3301,4.0000,96.0000,AG03-UNRESOLVED,ALL5_LEVELS_bet23_to_bet27,19.3301,19.3301,19.3301,24.1626,24.1626,4.000000,4.000000,4.000000,5.000000,5.000000,96.000000,96.000000,96.000000,95.000000,95.000000,5.0,106.3154,97.3877,376.9363,385.864,PENDING_AG03,FALSE,NOT_FOR_ENFORCEMENT,463.9216,36128.6106,483.2517,463.9216,19.3301,0.01139613,0.01094029,19.3301,463.9216,0.01094029,19.3301,19.3301,19.3301,24.1626,24.1626,463.9216,0.01094029,106.3154,97.3877,376.9363,385.864,0.00888898,0.00909952,0.00045585,19.2749,17.1375,0.2201,5.7530,0.6409,504.8200,26.1429,7.1751,39.7174,2.9515,6.1317,20.2037,44.018,88.0359,220.0898,5.1098,0.0,14.357485,35.893712,3.143486,29,158,125,3,0.23384124,0.01139613,-0.00825174,0E-8,0.000000,0.887492,0.846818,0.02564465,2026-03-24,2026-08-06,84,754,547,136,0.617647,0.180654,0.372251,0.779471,,,,,,,,GLOBAL_BASELINE_NO_ENTITY_RANKING,,,NOT_APPLICABLE_GLOBAL_BASELINE,HF9g-P5,,,,X 全窗基线 · 不参与实体赏罚,8398011,840,A168_HF9F_20260827_0900,2026-08-27 09:00:00
2026-07-15,129740297,2288,0,86.8658790827,5.1097575931,5.1097575931,0.5000000,9,9,0.49473496666666667,0.494734966667,0.029785177555720164,0.02978517755383425,0.029785177555720164,-3.3333E-13,ELIGIBLE,R03b_20260811_FULL_v1,L1_ELIGIBILITY,v2026-08-11,2026-03-21..2026-08-06,baccarat_bet02_101_all_pairs_incl_sentinel,round_win = game_pnl > 0 (decisive only),COMPATIBILITY_ONLY_NOT_PRODUCTION,42404.8770,37633.9694,483.2517,2200,2196,-0.01139613,0.00825174,-0.01739291,-0.01139613,-483.2517,42404.8770,OK,0.0000,19.3301,4.0000,96.0000,AG03-UNRESOLVED,ALL5_LEVELS_bet23_to_bet27,19.3301,19.3301,19.3301,24.1626,24.1626,4.000000,4.000000,4.000000,5.000000,5.000000,96.000000,96.000000,96.000000,95.000000,95.000000,5.0,106.3154,97.3877,376.9363,385.864,PENDING_AG03,FALSE,NOT_FOR_ENFORCEMENT,463.9216,36128.6106,483.2517,463.9216,19.3301,0.01139613,0.01094029,19.3301,463.9216,0.01094029,19.3301,19.3301,19.3301,24.1626,24.1626,463.9216,0.01094029,106.3154,97.3877,376.9363,385.864,0.00888898,0.00909952,0.00045585,19.2749,17.1375,0.2201,5.7530,0.6409,504.8200,26.1429,7.1751,39.7174,2.9515,6.1317,20.2037,44.018,88.0359,220.0898,5.1098,0.0,14.357485,35.893712,3.143486,29,158,125,3,0.23384124,0.01139613,-0.00825174,0E-8,0.000000,0.887492,0.846818,0.02564465,2026-03-24,2026-08-06,84,754,547,136,0.617647,0.180654,0.372251,0.779471,,,,,,,,GLOBAL_BASELINE_NO_ENTITY_RANKING,,,NOT_APPLICABLE_GLOBAL_BASELINE,HF9g-P5,,,,X 全窗基线 · 不参与实体赏罚,8398012,840,A168_HF9F_20260827_0900,2026-08-27 09:00:00
2026-07-15,129740297,2289,0,112.4146670482,35.7683031517,35.7683031517,0.6666667,10,10,0.49994810000000000,0.499948100000,1.0003114053888977,1.0003114053888977,1.0003114053888977,0E-17,ELIGIBLE,R03b_20260811_FULL_v1,L1_ELIGIBILITY,v2026-08-11,2026-03-21..2026-08-06,baccarat_bet02_101_all_pairs_incl_sentinel,round_win = game_pnl > 0 (decisive only),COMPATIBILITY_ONLY_NOT_PRODUCTION,42404.8770,37633.9694,483.2517,2200,2196,-0.01139613,0.00825174,-0.01739291,-0.01139613,-483.2517,42404.8770,OK,0.0000,19.3301,4.0000,96.0000,AG03-UNRESOLVED,ALL5_LEVELS_bet23_to_bet27,19.3301,19.3301,19.3301,24.1626,24.1626,4.000000,4.000000,4.000000,5.000000,5.000000,96.000000,96.000000,96.000000,95.000000,95.000000,5.0,106.3154,97.3877,376.9363,385.864,PENDING_AG03,FALSE,NOT_FOR_ENFORCEMENT,463.9216,36128.6106,483.2517,463.9216,19.3301,0.01139613,0.01094029,19.3301,463.9216,0.01094029,19.3301,19.3301,19.3301,24.1626,24.1626,463.9216,0.01094029,106.3154,97.3877,376.9363,385.864,0.00888898,0.00909952,0.00045585,19.2749,17.1375,0.2201,5.7530,0.6409,504.8200,26.1429,7.1751,39.7174,2.9515,6.1317,20.2037,44.018,88.0359,220.0898,5.1098,0.0,14.357485,35.893712,3.143486,29,158,125,3,0.23384124,0.01139613,-0.00825174,0E-8,0.000000,0.887492,0.846818,0.02564465,2026-03-24,2026-08-06,84,754,547,136,0.617647,0.180654,0.372251,0.779471,,,,,,,,GLOBAL_BASELINE_NO_ENTITY_RANKING,,,NOT_APPLICABLE_GLOBAL_BASELINE,HF9g-P5,,,,X 全窗基线 · 不参与实体赏罚,8398013,840,A168_HF9F_20260827_0900,2026-08-27 09:00:00
2026-07-15,129740297,595,0,1.8395127335,-0.6131709111,-0.6131709111,0.5000000,2,2,0.49324550000000000,0.493245500000,0.01910635448239258,0.01910635448239258,0.01910635448239258,0E-17,ELIGIBLE,R03b_20260811_FULL_v1,L1_ELIGIBILITY,v2026-08-11,2026-03-21..2026-08-06,baccarat_bet02_101_all_pairs_incl_sentinel,round_win = game_pnl > 0 (decisive only),COMPATIBILITY_ONLY_NOT_PRODUCTION,42404.8770,37633.9694,483.2517,2200,2196,-0.01139613,0.00825174,-0.01739291,-0.01139613,-483.2517,42404.8770,OK,0.0000,19.3301,4.0000,96.0000,AG03-UNRESOLVED,ALL5_LEVELS_bet23_to_bet27,19.3301,19.3301,19.3301,24.1626,24.1626,4.000000,4.000000,4.000000,5.000000,5.000000,96.000000,96.000000,96.000000,95.000000,95.000000,5.0,106.3154,97.3877,376.9363,385.864,PENDING_AG03,FALSE,NOT_FOR_ENFORCEMENT,463.9216,36128.6106,483.2517,463.9216,19.3301,0.01139613,0.01094029,19.3301,463.9216,0.01094029,19.3301,19.3301,19.3301,24.1626,24.1626,463.9216,0.01094029,106.3154,97.3877,376.9363,385.864,0.00888898,0.00909952,0.00045585,19.2749,17.1375,0.2201,5.7530,0.6409,504.8200,26.1429,7.1751,39.7174,2.9515,6.1317,20.2037,44.018,88.0359,220.0898,5.1098,0.0,14.357485,35.893712,3.143486,29,158,125,3,0.23384124,0.01139613,-0.00825174,0E-8,0.000000,0.887492,0.846818,0.02564465,2026-03-24,2026-08-06,84,754,547,136,0.617647,0.180654,0.372251,0.779471,,,,,,,,GLOBAL_BASELINE_NO_ENTITY_RANKING,,,NOT_APPLICABLE_GLOBAL_BASELINE,HF9g-P5,,,,X 全窗基线 · 不参与实体赏罚,8398014,840,A168_HF9F_20260827_0900,2026-08-27 09:00:00
2026-07-15,129740297,986,0,20.4390303724,0E-10,0E-10,0.5000000,2,2,0.50665070000000000,0.506650700000,-0.018812684590367487,-0.018812684590367487,-0.018812684590367487,0E-17,ELIGIBLE,R03b_20260811_FULL_v1,L1_ELIGIBILITY,v2026-08-11,2026-03-21..2026-08-06,baccarat_bet02_101_all_pairs_incl_sentinel,round_win = game_pnl > 0 (decisive only),COMPATIBILITY_ONLY_NOT_PRODUCTION,42404.8770,37633.9694,483.2517,2200,2196,-0.01139613,0.00825174,-0.01739291,-0.01139613,-483.2517,42404.8770,OK,0.0000,19.3301,4.0000,96.0000,AG03-UNRESOLVED,ALL5_LEVELS_bet23_to_bet27,19.3301,19.3301,19.3301,24.1626,24.1626,4.000000,4.000000,4.000000,5.000000,5.000000,96.000000,96.000000,96.000000,95.000000,95.000000,5.0,106.3154,97.3877,376.9363,385.864,PENDING_AG03,FALSE,NOT_FOR_ENFORCEMENT,463.9216,36128.6106,483.2517,463.9216,19.3301,0.01139613,0.01094029,19.3301,463.9216,0.01094029,19.3301,19.3301,19.3301,24.1626,24.1626,463.9216,0.01094029,106.3154,97.3877,376.9363,385.864,0.00888898,0.00909952,0.00045585,19.2749,17.1375,0.2201,5.7530,0.6409,504.8200,26.1429,7.1751,39.7174,2.9515,6.1317,20.2037,44.018,88.0359,220.0898,5.1098,0.0,14.357485,35.893712,3.143486,29,158,125,3,0.23384124,0.01139613,-0.00825174,0E-8,0.000000,0.887492,0.846818,0.02564465,2026-03-24,2026-08-06,84,754,547,136,0.617647,0.180654,0.372251,0.779471,,,,,,,,GLOBAL_BASELINE_NO_ENTITY_RANKING,,,NOT_APPLICABLE_GLOBAL_BASELINE,HF9g-P5,,,,X 全窗基线 · 不参与实体赏罚,8398015,840,A168_HF9F_20260827_0900,2026-08-27 09:00:00
2026-07-16,129740297,-1,1,152.4751665782,-5.0586600174,-5.0586600174,0.5434783,49,49,0.49926416122448980,0.499264161224,0.5997498768792997,0.5997498768859446,0.5997498768792997,4.8980E-13,SENTINEL_DEALER,R03b_20260811_FULL_v1,L1_ELIGIBILITY,v2026-08-11,2026-03-21..2026-08-06,baccarat_bet02_101_all_pairs_incl_sentinel,round_win = game_pnl > 0 (decisive only),COMPATIBILITY_ONLY_NOT_PRODUCTION,42404.8770,37633.9694,483.2517,2200,2196,-0.01139613,0.00825174,-0.01739291,-0.01139613,-483.2517,42404.8770,OK,0.0000,19.3301,4.0000,96.0000,AG03-UNRESOLVED,ALL5_LEVELS_bet23_to_bet27,19.3301,19.3301,19.3301,24.1626,24.1626,4.000000,4.000000,4.000000,5.000000,5.000000,96.000000,96.000000,96.000000,95.000000,95.000000,5.0,106.3154,97.3877,376.9363,385.864,PENDING_AG03,FALSE,NOT_FOR_ENFORCEMENT,463.9216,36128.6106,483.2517,463.9216,19.3301,0.01139613,0.01094029,19.3301,463.9216,0.01094029,19.3301,19.3301,19.3301,24.1626,24.1626,463.9216,0.01094029,106.3154,97.3877,376.9363,385.864,0.00888898,0.00909952,0.00045585,19.2749,17.1375,0.2201,5.7530,0.6409,504.8200,26.1429,7.1751,39.7174,2.9515,6.1317,20.2037,44.018,88.0359,220.0898,5.1098,0.0,14.357485,35.893712,3.143486,29,158,125,3,0.23384124,0.01139613,-0.00825174,0E-8,0.000000,0.887492,0.846818,0.02564465,2026-03-24,2026-08-06,84,754,547,136,0.617647,0.180654,0.372251,0.779471,,,,,,,,GLOBAL_BASELINE_NO_ENTITY_RANKING,,,NOT_APPLICABLE_GLOBAL_BASELINE,HF9g-P5,,,,X 全窗基线 · 不参与实体赏罚,8398016,840,A168_HF9F_20260827_0900,2026-08-27 09:00:00
2026-07-16,129740297,1205,0,9.1975636677,9.1975636677,9.1975636677,1.0000000,3,3,0.50665070000000000,0.506650700000,1.7091633124209307,1.7091633124209307,1.7091633124209307,0E-17,ELIGIBLE,R03b_20260811_FULL_v1,L1_ELIGIBILITY,v2026-08-11,2026-03-21..2026-08-06,baccarat_bet02_101_all_pairs_incl_sentinel,round_win = game_pnl > 0 (decisive only),COMPATIBILITY_ONLY_NOT_PRODUCTION,42404.8770,37633.9694,483.2517,2200,2196,-0.01139613,0.00825174,-0.01739291,-0.01139613,-483.2517,42404.8770,OK,0.0000,19.3301,4.0000,96.0000,AG03-UNRESOLVED,ALL5_LEVELS_bet23_to_bet27,19.3301,19.3301,19.3301,24.1626,24.1626,4.000000,4.000000,4.000000,5.000000,5.000000,96.000000,96.000000,96.000000,95.000000,95.000000,5.0,106.3154,97.3877,376.9363,385.864,PENDING_AG03,FALSE,NOT_FOR_ENFORCEMENT,463.9216,36128.6106,483.2517,463.9216,19.3301,0.01139613,0.01094029,19.3301,463.9216,0.01094029,19.3301,19.3301,19.3301,24.1626,24.1626,463.9216,0.01094029,106.3154,97.3877,376.9363,385.864,0.00888898,0.00909952,0.00045585,19.2749,17.1375,0.2201,5.7530,0.6409,504.8200,26.1429,7.1751,39.7174,2.9515,6.1317,20.2037,44.018,88.0359,220.0898,5.1098,0.0,14.357485,35.893712,3.143486,29,158,125,3,0.23384124,0.01139613,-0.00825174,0E-8,0.000000,0.887492,0.846818,0.02564465,2026-03-24,2026-08-06,84,754,547,136,0.617647,0.180654,0.372251,0.779471,,,,,,,,GLOBAL_BASELINE_NO_ENTITY_RANKING,,,NOT_APPLICABLE_GLOBAL_BASELINE,HF9g-P5,,,,X 全窗基线 · 不参与实体赏罚,8398017,840,A168_HF9F_20260827_0900,2026-08-27 09:00:00
2026-07-16,129740297,1221,0,2.0439030372,2.0439030372,2.0439030372,1.0000000,1,1,0.49324550000000000,0.493245500000,1.01360149184955,1.01360149184955,1.01360149184955,0E-17,ELIGIBLE,R03b_20260811_FULL_v1,L1_ELIGIBILITY,v2026-08-11,2026-03-21..2026-08-06,baccarat_bet02_101_all_pairs_incl_sentinel,round_win = game_pnl > 0 (decisive only),COMPATIBILITY_ONLY_NOT_PRODUCTION,42404.8770,37633.9694,483.2517,2200,2196,-0.01139613,0.00825174,-0.01739291,-0.01139613,-483.2517,42404.8770,OK,0.0000,19.3301,4.0000,96.0000,AG03-UNRESOLVED,ALL5_LEVELS_bet23_to_bet27,19.3301,19.3301,19.3301,24.1626,24.1626,4.000000,4.000000,4.000000,5.000000,5.000000,96.000000,96.000000,96.000000,95.000000,95.000000,5.0,106.3154,97.3877,376.9363,385.864,PENDING_AG03,FALSE,NOT_FOR_ENFORCEMENT,463.9216,36128.6106,483.2517,463.9216,19.3301,0.01139613,0.01094029,19.3301,463.9216,0.01094029,19.3301,19.3301,19.3301,24.1626,24.1626,463.9216,0.01094029,106.3154,97.3877,376.9363,385.864,0.00888898,0.00909952,0.00045585,19.2749,17.1375,0.2201,5.7530,0.6409,504.8200,26.1429,7.1751,39.7174,2.9515,6.1317,20.2037,44.018,88.0359,220.0898,5.1098,0.0,14.357485,35.893712,3.143486,29,158,125,3,0.23384124,0.01139613,-0.00825174,0E-8,0.000000,0.887492,0.846818,0.02564465,2026-03-24,2026-08-06,84,754,547,136,0.617647,0.180654,0.372251,0.779471,,,,,,,,GLOBAL_BASELINE_NO_ENTITY_RANKING,,,NOT_APPLICABLE_GLOBAL_BASELINE,HF9g-P5,,,,X 全窗基线 · 不参与实体赏罚,8398018,840,A168_HF9F_20260827_0900,2026-08-27 09:00:00
2026-07-16,129740297,1307,0,10.2195151862,2.0439030373,2.0439030373,0.5000000,3,3,0.49324550000000000,0.493245500000,0.01910635448239258,0.01910635448239258,0.01910635448239258,0E-17,ELIGIBLE,R03b_20260811_FULL_v1,L1_ELIGIBILITY,v2026-08-11,2026-03-21..2026-08-06,baccarat_bet02_101_all_pairs_incl_sentinel,round_win = game_pnl > 0 (decisive only),COMPATIBILITY_ONLY_NOT_PRODUCTION,42404.8770,37633.9694,483.2517,2200,2196,-0.01139613,0.00825174,-0.01739291,-0.01139613,-483.2517,42404.8770,OK,0.0000,19.3301,4.0000,96.0000,AG03-UNRESOLVED,ALL5_LEVELS_bet23_to_bet27,19.3301,19.3301,19.3301,24.1626,24.1626,4.000000,4.000000,4.000000,5.000000,5.000000,96.000000,96.000000,96.000000,95.000000,95.000000,5.0,106.3154,97.3877,376.9363,385.864,PENDING_AG03,FALSE,NOT_FOR_ENFORCEMENT,463.9216,36128.6106,483.2517,463.9216,19.3301,0.01139613,0.01094029,19.3301,463.9216,0.01094029,19.3301,19.3301,19.3301,24.1626,24.1626,463.9216,0.01094029,106.3154,97.3877,376.9363,385.864,0.00888898,0.00909952,0.00045585,19.2749,17.1375,0.2201,5.7530,0.6409,504.8200,26.1429,7.1751,39.7174,2.9515,6.1317,20.2037,44.018,88.0359,220.0898,5.1098,0.0,14.357485,35.893712,3.143486,29,158,125,3,0.23384124,0.01139613,-0.00825174,0E-8,0.000000,0.887492,0.846818,0.02564465,2026-03-24,2026-08-06,84,754,547,136,0.617647,0.180654,0.372251,0.779471,,,,,,,,GLOBAL_BASELINE_NO_ENTITY_RANKING,,,NOT_APPLICABLE_GLOBAL_BASELINE,HF9g-P5,,,,X 全窗基线 · 不参与实体赏罚,8398019,840,A168_HF9F_20260827_0900,2026-08-27 09:00:00
2026-07-16,129740297,1323,0,14.3073212606,1E-10,1E-10,0.3333333,5,5,0.50128862000000000,0.501288620000,-0.5818161120757372,-0.5818161120757372,-0.5818161120757372,0E-17,ELIGIBLE,R03b_20260811_FULL_v1,L1_ELIGIBILITY,v2026-08-11,2026-03-21..2026-08-06,baccarat_bet02_101_all_pairs_incl_sentinel,round_win = game_pnl > 0 (decisive only),COMPATIBILITY_ONLY_NOT_PRODUCTION,42404.8770,37633.9694,483.2517,2200,2196,-0.01139613,0.00825174,-0.01739291,-0.01139613,-483.2517,42404.8770,OK,0.0000,19.3301,4.0000,96.0000,AG03-UNRESOLVED,ALL5_LEVELS_bet23_to_bet27,19.3301,19.3301,19.3301,24.1626,24.1626,4.000000,4.000000,4.000000,5.000000,5.000000,96.000000,96.000000,96.000000,95.000000,95.000000,5.0,106.3154,97.3877,376.9363,385.864,PENDING_AG03,FALSE,NOT_FOR_ENFORCEMENT,463.9216,36128.6106,483.2517,463.9216,19.3301,0.01139613,0.01094029,19.3301,463.9216,0.01094029,19.3301,19.3301,19.3301,24.1626,24.1626,463.9216,0.01094029,106.3154,97.3877,376.9363,385.864,0.00888898,0.00909952,0.00045585,19.2749,17.1375,0.2201,5.7530,0.6409,504.8200,26.1429,7.1751,39.7174,2.9515,6.1317,20.2037,44.018,88.0359,220.0898,5.1098,0.0,14.357485,35.893712,3.143486,29,158,125,3,0.23384124,0.01139613,-0.00825174,0E-8,0.000000,0.887492,0.846818,0.02564465,2026-03-24,2026-08-06,84,754,547,136,0.617647,0.180654,0.372251,0.779471,,,,,,,,GLOBAL_BASELINE_NO_ENTITY_RANKING,,,NOT_APPLICABLE_GLOBAL_BASELINE,HF9g-P5,,,,X 全窗基线 · 不参与实体赏罚,8398020,840,A168_HF9F_20260827_0900,2026-08-27 09:00:00
2026-07-16,129740297,1331,0,59.6819686874,5.9273188079,5.9273188079,0.5555556,13,13,0.49737017692307692,0.497370176923,0.3491171007946526,0.34911710079511443,0.3491171007946526,7.692E-14,ELIGIBLE,R03b_20260811_FULL_v1,L1_ELIGIBILITY,v2026-08-11,2026-03-21..2026-08-06,baccarat_bet02_101_all_pairs_incl_sentinel,round_win = game_pnl > 0 (decisive only),COMPATIBILITY_ONLY_NOT_PRODUCTION,42404.8770,37633.9694,483.2517,2200,2196,-0.01139613,0.00825174,-0.01739291,-0.01139613,-483.2517,42404.8770,OK,0.0000,19.3301,4.0000,96.0000,AG03-UNRESOLVED,ALL5_LEVELS_bet23_to_bet27,19.3301,19.3301,19.3301,24.1626,24.1626,4.000000,4.000000,4.000000,5.000000,5.000000,96.000000,96.000000,96.000000,95.000000,95.000000,5.0,106.3154,97.3877,376.9363,385.864,PENDING_AG03,FALSE,NOT_FOR_ENFORCEMENT,463.9216,36128.6106,483.2517,463.9216,19.3301,0.01139613,0.01094029,19.3301,463.9216,0.01094029,19.3301,19.3301,19.3301,24.1626,24.1626,463.9216,0.01094029,106.3154,97.3877,376.9363,385.864,0.00888898,0.00909952,0.00045585,19.2749,17.1375,0.2201,5.7530,0.6409,504.8200,26.1429,7.1751,39.7174,2.9515,6.1317,20.2037,44.018,88.0359,220.0898,5.1098,0.0,14.357485,35.893712,3.143486,29,158,125,3,0.23384124,0.01139613,-0.00825174,0E-8,0.000000,0.887492,0.846818,0.02564465,2026-03-24,2026-08-06,84,754,547,136,0.617647,0.180654,0.372251,0.779471,,,,,,,,GLOBAL_BASELINE_NO_ENTITY_RANKING,,,NOT_APPLICABLE_GLOBAL_BASELINE,HF9g-P5,,,,X 全窗基线 · 不参与实体赏罚,8398021,840,A168_HF9F_20260827_0900,2026-08-27 09:00:00
2026-07-16,129740297,1363,0,14.3073212607,6.1317091117,6.1317091117,0.7500000,4,4,0.50665070000000000,0.506650700000,0.9734833216690844,0.9734833216690844,0.9734833216690844,0E-17,ELIGIBLE,R03b_20260811_FULL_v1,L1_ELIGIBILITY,v2026-08-11,2026-03-21..2026-08-06,baccarat_bet02_101_all_pairs_incl_sentinel,round_win = game_pnl > 0 (decisive only),COMPATIBILITY_ONLY_NOT_PRODUCTION,42404.8770,37633.9694,483.2517,2200,2196,-0.01139613,0.00825174,-0.01739291,-0.01139613,-483.2517,42404.8770,OK,0.0000,19.3301,4.0000,96.0000,AG03-UNRESOLVED,ALL5_LEVELS_bet23_to_bet27,19.3301,19.3301,19.3301,24.1626,24.1626,4.000000,4.000000,4.000000,5.000000,5.000000,96.000000,96.000000,96.000000,95.000000,95.000000,5.0,106.3154,97.3877,376.9363,385.864,PENDING_AG03,FALSE,NOT_FOR_ENFORCEMENT,463.9216,36128.6106,483.2517,463.9216,19.3301,0.01139613,0.01094029,19.3301,463.9216,0.01094029,19.3301,19.3301,19.3301,24.1626,24.1626,463.9216,0.01094029,106.3154,97.3877,376.9363,385.864,0.00888898,0.00909952,0.00045585,19.2749,17.1375,0.2201,5.7530,0.6409,504.8200,26.1429,7.1751,39.7174,2.9515,6.1317,20.2037,44.018,88.0359,220.0898,5.1098,0.0,14.357485,35.893712,3.143486,29,158,125,3,0.23384124,0.01139613,-0.00825174,0E-8,0.000000,0.887492,0.846818,0.02564465,2026-03-24,2026-08-06,84,754,547,136,0.617647,0.180654,0.372251,0.779471,,,,,,,,GLOBAL_BASELINE_NO_ENTITY_RANKING,,,NOT_APPLICABLE_GLOBAL_BASELINE,HF9g-P5,,,,X 全窗基线 · 不参与实体赏罚,8398022,840,A168_HF9F_20260827_0900,2026-08-27 09:00:00
2026-07-16,129740297,1374,0,4.0878060744,-4.0878060744,-4.0878060744,0E-7,2,2,0.50665070000000000,0.506650700000,-1.4331513700195317,-1.4331513700195317,-1.4331513700195317,0E-17,ELIGIBLE,R03b_20260811_FULL_v1,L1_ELIGIBILITY,v2026-08-11,2026-03-21..2026-08-06,baccarat_bet02_101_all_pairs_incl_sentinel,round_win = game_pnl > 0 (decisive only),COMPATIBILITY_ONLY_NOT_PRODUCTION,42404.8770,37633.9694,483.2517,2200,2196,-0.01139613,0.00825174,-0.01739291,-0.01139613,-483.2517,42404.8770,OK,0.0000,19.3301,4.0000,96.0000,AG03-UNRESOLVED,ALL5_LEVELS_bet23_to_bet27,19.3301,19.3301,19.3301,24.1626,24.1626,4.000000,4.000000,4.000000,5.000000,5.000000,96.000000,96.000000,96.000000,95.000000,95.000000,5.0,106.3154,97.3877,376.9363,385.864,PENDING_AG03,FALSE,NOT_FOR_ENFORCEMENT,463.9216,36128.6106,483.2517,463.9216,19.3301,0.01139613,0.01094029,19.3301,463.9216,0.01094029,19.3301,19.3301,19.3301,24.1626,24.1626,463.9216,0.01094029,106.3154,97.3877,376.9363,385.864,0.00888898,0.00909952,0.00045585,19.2749,17.1375,0.2201,5.7530,0.6409,504.8200,26.1429,7.1751,39.7174,2.9515,6.1317,20.2037,44.018,88.0359,220.0898,5.1098,0.0,14.357485,35.893712,3.143486,29,158,125,3,0.23384124,0.01139613,-0.00825174,0E-8,0.000000,0.887492,0.846818,0.02564465,2026-03-24,2026-08-06,84,754,547,136,0.617647,0.180654,0.372251,0.779471,,,,,,,,GLOBAL_BASELINE_NO_ENTITY_RANKING,,,NOT_APPLICABLE_GLOBAL_BASELINE,HF9g-P5,,,,X 全窗基线 · 不参与实体赏罚,8398023,840,A168_HF9F_20260827_0900,2026-08-27 09:00:00
2026-07-16,129740297,1399,0,8.1756121489,-6.1317091117,-6.1317091117,0E-7,3,3,0.50665070000000000,0.506650700000,-1.4331513700195317,-1.4331513700195317,-1.4331513700195317,0E-17,ELIGIBLE,R03b_20260811_FULL_v1,L1_ELIGIBILITY,v2026-08-11,2026-03-21..2026-08-06,baccarat_bet02_101_all_pairs_incl_sentinel,round_win = game_pnl > 0 (decisive only),COMPATIBILITY_ONLY_NOT_PRODUCTION,42404.8770,37633.9694,483.2517,2200,2196,-0.01139613,0.00825174,-0.01739291,-0.01139613,-483.2517,42404.8770,OK,0.0000,19.3301,4.0000,96.0000,AG03-UNRESOLVED,ALL5_LEVELS_bet23_to_bet27,19.3301,19.3301,19.3301,24.1626,24.1626,4.000000,4.000000,4.000000,5.000000,5.000000,96.000000,96.000000,96.000000,95.000000,95.000000,5.0,106.3154,97.3877,376.9363,385.864,PENDING_AG03,FALSE,NOT_FOR_ENFORCEMENT,463.9216,36128.6106,483.2517,463.9216,19.3301,0.01139613,0.01094029,19.3301,463.9216,0.01094029,19.3301,19.3301,19.3301,24.1626,24.1626,463.9216,0.01094029,106.3154,97.3877,376.9363,385.864,0.00888898,0.00909952,0.00045585,19.2749,17.1375,0.2201,5.7530,0.6409,504.8200,26.1429,7.1751,39.7174,2.9515,6.1317,20.2037,44.018,88.0359,220.0898,5.1098,0.0,14.357485,35.893712,3.143486,29,158,125,3,0.23384124,0.01139613,-0.00825174,0E-8,0.000000,0.887492,0.846818,0.02564465,2026-03-24,2026-08-06,84,754,547,136,0.617647,0.180654,0.372251,0.779471,,,,,,,,GLOBAL_BASELINE_NO_ENTITY_RANKING,,,NOT_APPLICABLE_GLOBAL_BASELINE,HF9g-P5,,,,X 全窗基线 · 不参与实体赏罚,8398024,840,A168_HF9F_20260827_0900,2026-08-27 09:00:00
2026-07-16,129740297,1490,0,17.3731758165,2.5548787966,2.5548787966,0.6000000,6,6,0.49771390000000000,0.497713900000,0.4574421269484404,0.45744212694844033,0.4574421269484404,0E-17,ELIGIBLE,R03b_20260811_FULL_v1,L1_ELIGIBILITY,v2026-08-11,2026-03-21..2026-08-06,baccarat_bet02_101_all_pairs_incl_sentinel,round_win = game_pnl > 0 (decisive only),COMPATIBILITY_ONLY_NOT_PRODUCTION,42404.8770,37633.9694,483.2517,2200,2196,-0.01139613,0.00825174,-0.01739291,-0.01139613,-483.2517,42404.8770,OK,0.0000,19.3301,4.0000,96.0000,AG03-UNRESOLVED,ALL5_LEVELS_bet23_to_bet27,19.3301,19.3301,19.3301,24.1626,24.1626,4.000000,4.000000,4.000000,5.000000,5.000000,96.000000,96.000000,96.000000,95.000000,95.000000,5.0,106.3154,97.3877,376.9363,385.864,PENDING_AG03,FALSE,NOT_FOR_ENFORCEMENT,463.9216,36128.6106,483.2517,463.9216,19.3301,0.01139613,0.01094029,19.3301,463.9216,0.01094029,19.3301,19.3301,19.3301,24.1626,24.1626,463.9216,0.01094029,106.3154,97.3877,376.9363,385.864,0.00888898,0.00909952,0.00045585,19.2749,17.1375,0.2201,5.7530,0.6409,504.8200,26.1429,7.1751,39.7174,2.9515,6.1317,20.2037,44.018,88.0359,220.0898,5.1098,0.0,14.357485,35.893712,3.143486,29,158,125,3,0.23384124,0.01139613,-0.00825174,0E-8,0.000000,0.887492,0.846818,0.02564465,2026-03-24,2026-08-06,84,754,547,136,0.617647,0.180654,0.372251,0.779471,,,,,,,,GLOBAL_BASELINE_NO_ENTITY_RANKING,,,NOT_APPLICABLE_GLOBAL_BASELINE,HF9g-P5,,,,X 全窗基线 · 不参与实体赏罚,8398025,840,A168_HF9F_20260827_0900,2026-08-27 09:00:00
2026-07-16,129740297,1505,0,6.1317091117,6.1317091117,6.1317091117,1.0000000,2,2,0.50665070000000000,0.506650700000,1.3955260008387969,1.3955260008387969,1.3955260008387969,0E-17,ELIGIBLE,R03b_20260811_FULL_v1,L1_ELIGIBILITY,v2026-08-11,2026-03-21..2026-08-06,baccarat_bet02_101_all_pairs_incl_sentinel,round_win = game_pnl > 0 (decisive only),COMPATIBILITY_ONLY_NOT_PRODUCTION,42404.8770,37633.9694,483.2517,2200,2196,-0.01139613,0.00825174,-0.01739291,-0.01139613,-483.2517,42404.8770,OK,0.0000,19.3301,4.0000,96.0000,AG03-UNRESOLVED,ALL5_LEVELS_bet23_to_bet27,19.3301,19.3301,19.3301,24.1626,24.1626,4.000000,4.000000,4.000000,5.000000,5.000000,96.000000,96.000000,96.000000,95.000000,95.000000,5.0,106.3154,97.3877,376.9363,385.864,PENDING_AG03,FALSE,NOT_FOR_ENFORCEMENT,463.9216,36128.6106,483.2517,463.9216,19.3301,0.01139613,0.01094029,19.3301,463.9216,0.01094029,19.3301,19.3301,19.3301,24.1626,24.1626,463.9216,0.01094029,106.3154,97.3877,376.9363,385.864,0.00888898,0.00909952,0.00045585,19.2749,17.1375,0.2201,5.7530,0.6409,504.8200,26.1429,7.1751,39.7174,2.9515,6.1317,20.2037,44.018,88.0359,220.0898,5.1098,0.0,14.357485,35.893712,3.143486,29,158,125,3,0.23384124,0.01139613,-0.00825174,0E-8,0.000000,0.887492,0.846818,0.02564465,2026-03-24,2026-08-06,84,754,547,136,0.617647,0.180654,0.372251,0.779471,,,,,,,,GLOBAL_BASELINE_NO_ENTITY_RANKING,,,NOT_APPLICABLE_GLOBAL_BASELINE,HF9g-P5,,,,X 全窗基线 · 不参与实体赏罚,8398026,840,A168_HF9F_20260827_0900,2026-08-27 09:00:00
2026-07-16,129740297,1646,0,25.7531782692,-2.0030249764,-2.0030249764,0.6000000,5,5,0.50665070000000000,0.506650700000,0.4175076967804994,0.4175076967804994,0.4175076967804994,0E-17,ELIGIBLE,R03b_20260811_FULL_v1,L1_ELIGIBILITY,v2026-08-11,2026-03-21..2026-08-06,baccarat_bet02_101_all_pairs_incl_sentinel,round_win = game_pnl > 0 (decisive only),COMPATIBILITY_ONLY_NOT_PRODUCTION,42404.8770,37633.9694,483.2517,2200,2196,-0.01139613,0.00825174,-0.01739291,-0.01139613,-483.2517,42404.8770,OK,0.0000,19.3301,4.0000,96.0000,AG03-UNRESOLVED,ALL5_LEVELS_bet23_to_bet27,19.3301,19.3301,19.3301,24.1626,24.1626,4.000000,4.000000,4.000000,5.000000,5.000000,96.000000,96.000000,96.000000,95.000000,95.000000,5.0,106.3154,97.3877,376.9363,385.864,PENDING_AG03,FALSE,NOT_FOR_ENFORCEMENT,463.9216,36128.6106,483.2517,463.9216,19.3301,0.01139613,0.01094029,19.3301,463.9216,0.01094029,19.3301,19.3301,19.3301,24.1626,24.1626,463.9216,0.01094029,106.3154,97.3877,376.9363,385.864,0.00888898,0.00909952,0.00045585,19.2749,17.1375,0.2201,5.7530,0.6409,504.8200,26.1429,7.1751,39.7174,2.9515,6.1317,20.2037,44.018,88.0359,220.0898,5.1098,0.0,14.357485,35.893712,3.143486,29,158,125,3,0.23384124,0.01139613,-0.00825174,0E-8,0.000000,0.887492,0.846818,0.02564465,2026-03-24,2026-08-06,84,754,547,136,0.617647,0.180654,0.372251,0.779471,,,,,,,,GLOBAL_BASELINE_NO_ENTITY_RANKING,,,NOT_APPLICABLE_GLOBAL_BASELINE,HF9g-P5,,,,X 全窗基线 · 不参与实体赏罚,8398027,840,A168_HF9F_20260827_0900,2026-08-27 09:00:00
2026-07-16,129740297,1704,0,4.0878060744,4.0878060744,4.0878060744,1.0000000,2,2,0.49324550000000000,0.493245500000,1.4334489766152358,1.4334489766152358,1.4334489766152358,0E-17,ELIGIBLE,R03b_20260811_FULL_v1,L1_ELIGIBILITY,v2026-08-11,2026-03-21..2026-08-06,baccarat_bet02_101_all_pairs_incl_sentinel,round_win = game_pnl > 0 (decisive only),COMPATIBILITY_ONLY_NOT_PRODUCTION,42404.8770,37633.9694,483.2517,2200,2196,-0.01139613,0.00825174,-0.01739291,-0.01139613,-483.2517,42404.8770,OK,0.0000,19.3301,4.0000,96.0000,AG03-UNRESOLVED,ALL5_LEVELS_bet23_to_bet27,19.3301,19.3301,19.3301,24.1626,24.1626,4.000000,4.000000,4.000000,5.000000,5.000000,96.000000,96.000000,96.000000,95.000000,95.000000,5.0,106.3154,97.3877,376.9363,385.864,PENDING_AG03,FALSE,NOT_FOR_ENFORCEMENT,463.9216,36128.6106,483.2517,463.9216,19.3301,0.01139613,0.01094029,19.3301,463.9216,0.01094029,19.3301,19.3301,19.3301,24.1626,24.1626,463.9216,0.01094029,106.3154,97.3877,376.9363,385.864,0.00888898,0.00909952,0.00045585,19.2749,17.1375,0.2201,5.7530,0.6409,504.8200,26.1429,7.1751,39.7174,2.9515,6.1317,20.2037,44.018,88.0359,220.0898,5.1098,0.0,14.357485,35.893712,3.143486,29,158,125,3,0.23384124,0.01139613,-0.00825174,0E-8,0.000000,0.887492,0.846818,0.02564465,2026-03-24,2026-08-06,84,754,547,136,0.617647,0.180654,0.372251,0.779471,,,,,,,,GLOBAL_BASELINE_NO_ENTITY_RANKING,,,NOT_APPLICABLE_GLOBAL_BASELINE,HF9g-P5,,,,X 全窗基线 · 不参与实体赏罚,8398028,840,A168_HF9F_20260827_0900,2026-08-27 09:00:00
2026-07-16,129740297,1963,0,37.6078158856,0.0306585455,0.0306585455,0.5000000,12,12,0.50665070000000000,0.506650700000,-0.04206644158332448,-0.04206644158332448,-0.04206644158332448,0E-17,ELIGIBLE,R03b_20260811_FULL_v1,L1_ELIGIBILITY,v2026-08-11,2026-03-21..2026-08-06,baccarat_bet02_101_all_pairs_incl_sentinel,round_win = game_pnl > 0 (decisive only),COMPATIBILITY_ONLY_NOT_PRODUCTION,42404.8770,37633.9694,483.2517,2200,2196,-0.01139613,0.00825174,-0.01739291,-0.01139613,-483.2517,42404.8770,OK,0.0000,19.3301,4.0000,96.0000,AG03-UNRESOLVED,ALL5_LEVELS_bet23_to_bet27,19.3301,19.3301,19.3301,24.1626,24.1626,4.000000,4.000000,4.000000,5.000000,5.000000,96.000000,96.000000,96.000000,95.000000,95.000000,5.0,106.3154,97.3877,376.9363,385.864,PENDING_AG03,FALSE,NOT_FOR_ENFORCEMENT,463.9216,36128.6106,483.2517,463.9216,19.3301,0.01139613,0.01094029,19.3301,463.9216,0.01094029,19.3301,19.3301,19.3301,24.1626,24.1626,463.9216,0.01094029,106.3154,97.3877,376.9363,385.864,0.00888898,0.00909952,0.00045585,19.2749,17.1375,0.2201,5.7530,0.6409,504.8200,26.1429,7.1751,39.7174,2.9515,6.1317,20.2037,44.018,88.0359,220.0898,5.1098,0.0,14.357485,35.893712,3.143486,29,158,125,3,0.23384124,0.01139613,-0.00825174,0E-8,0.000000,0.887492,0.846818,0.02564465,2026-03-24,2026-08-06,84,754,547,136,0.617647,0.180654,0.372251,0.779471,,,,,,,,GLOBAL_BASELINE_NO_ENTITY_RANKING,,,NOT_APPLICABLE_GLOBAL_BASELINE,HF9g-P5,,,,X 全窗基线 · 不参与实体赏罚,8398029,840,A168_HF9F_20260827_0900,2026-08-27 09:00:00
2026-07-16,129740297,1985,0,5.5185382006,-0.6131709112,-0.6131709112,0.5000000,2,2,0.50665070000000000,0.506650700000,-0.018812684590367487,-0.018812684590367487,-0.018812684590367487,0E-17,ELIGIBLE,R03b_20260811_FULL_v1,L1_ELIGIBILITY,v2026-08-11,2026-03-21..2026-08-06,baccarat_bet02_101_all_pairs_incl_sentinel,round_win = game_pnl > 0 (decisive only),COMPATIBILITY_ONLY_NOT_PRODUCTION,42404.8770,37633.9694,483.2517,2200,2196,-0.01139613,0.00825174,-0.01739291,-0.01139613,-483.2517,42404.8770,OK,0.0000,19.3301,4.0000,96.0000,AG03-UNRESOLVED,ALL5_LEVELS_bet23_to_bet27,19.3301,19.3301,19.3301,24.1626,24.1626,4.000000,4.000000,4.000000,5.000000,5.000000,96.000000,96.000000,96.000000,95.000000,95.000000,5.0,106.3154,97.3877,376.9363,385.864,PENDING_AG03,FALSE,NOT_FOR_ENFORCEMENT,463.9216,36128.6106,483.2517,463.9216,19.3301,0.01139613,0.01094029,19.3301,463.9216,0.01094029,19.3301,19.3301,19.3301,24.1626,24.1626,463.9216,0.01094029,106.3154,97.3877,376.9363,385.864,0.00888898,0.00909952,0.00045585,19.2749,17.1375,0.2201,5.7530,0.6409,504.8200,26.1429,7.1751,39.7174,2.9515,6.1317,20.2037,44.018,88.0359,220.0898,5.1098,0.0,14.357485,35.893712,3.143486,29,158,125,3,0.23384124,0.01139613,-0.00825174,0E-8,0.000000,0.887492,0.846818,0.02564465,2026-03-24,2026-08-06,84,754,547,136,0.617647,0.180654,0.372251,0.779471,,,,,,,,GLOBAL_BASELINE_NO_ENTITY_RANKING,,,NOT_APPLICABLE_GLOBAL_BASELINE,HF9g-P5,,,,X 全窗基线 · 不参与实体赏罚,8398030,840,A168_HF9F_20260827_0900,2026-08-27 09:00:00
2026-07-16,129740297,2088,0,9.1975636677,3.0658545559,3.0658545559,0.6666667,3,3,0.49771390000000000,0.497713900000,0.5852756695216578,0.5852756695216578,0.5852756695216578,0E-17,ELIGIBLE,R03b_20260811_FULL_v1,L1_ELIGIBILITY,v2026-08-11,2026-03-21..2026-08-06,baccarat_bet02_101_all_pairs_incl_sentinel,round_win = game_pnl > 0 (decisive only),COMPATIBILITY_ONLY_NOT_PRODUCTION,42404.8770,37633.9694,483.2517,2200,2196,-0.01139613,0.00825174,-0.01739291,-0.01139613,-483.2517,42404.8770,OK,0.0000,19.3301,4.0000,96.0000,AG03-UNRESOLVED,ALL5_LEVELS_bet23_to_bet27,19.3301,19.3301,19.3301,24.1626,24.1626,4.000000,4.000000,4.000000,5.000000,5.000000,96.000000,96.000000,96.000000,95.000000,95.000000,5.0,106.3154,97.3877,376.9363,385.864,PENDING_AG03,FALSE,NOT_FOR_ENFORCEMENT,463.9216,36128.6106,483.2517,463.9216,19.3301,0.01139613,0.01094029,19.3301,463.9216,0.01094029,19.3301,19.3301,19.3301,24.1626,24.1626,463.9216,0.01094029,106.3154,97.3877,376.9363,385.864,0.00888898,0.00909952,0.00045585,19.2749,17.1375,0.2201,5.7530,0.6409,504.8200,26.1429,7.1751,39.7174,2.9515,6.1317,20.2037,44.018,88.0359,220.0898,5.1098,0.0,14.357485,35.893712,3.143486,29,158,125,3,0.23384124,0.01139613,-0.00825174,0E-8,0.000000,0.887492,0.846818,0.02564465,2026-03-24,2026-08-06,84,754,547,136,0.617647,0.180654,0.372251,0.779471,,,,,,,,GLOBAL_BASELINE_NO_ENTITY_RANKING,,,NOT_APPLICABLE_GLOBAL_BASELINE,HF9g-P5,,,,X 全窗基线 · 不参与实体赏罚,8398031,840,A168_HF9F_20260827_0900,2026-08-27 09:00:00
2026-07-16,129740297,2147,0,16.3512242979,-16.3512242979,-16.3512242979,0E-7,3,3,0.50665070000000000,0.506650700000,-1.7552447903592512,-1.7552447903592512,-1.7552447903592512,0E-17,ELIGIBLE,R03b_20260811_FULL_v1,L1_ELIGIBILITY,v2026-08-11,2026-03-21..2026-08-06,baccarat_bet02_101_all_pairs_incl_sentinel,round_win = game_pnl > 0 (decisive only),COMPATIBILITY_ONLY_NOT_PRODUCTION,42404.8770,37633.9694,483.2517,2200,2196,-0.01139613,0.00825174,-0.01739291,-0.01139613,-483.2517,42404.8770,OK,0.0000,19.3301,4.0000,96.0000,AG03-UNRESOLVED,ALL5_LEVELS_bet23_to_bet27,19.3301,19.3301,19.3301,24.1626,24.1626,4.000000,4.000000,4.000000,5.000000,5.000000,96.000000,96.000000,96.000000,95.000000,95.000000,5.0,106.3154,97.3877,376.9363,385.864,PENDING_AG03,FALSE,NOT_FOR_ENFORCEMENT,463.9216,36128.6106,483.2517,463.9216,19.3301,0.01139613,0.01094029,19.3301,463.9216,0.01094029,19.3301,19.3301,19.3301,24.1626,24.1626,463.9216,0.01094029,106.3154,97.3877,376.9363,385.864,0.00888898,0.00909952,0.00045585,19.2749,17.1375,0.2201,5.7530,0.6409,504.8200,26.1429,7.1751,39.7174,2.9515,6.1317,20.2037,44.018,88.0359,220.0898,5.1098,0.0,14.357485,35.893712,3.143486,29,158,125,3,0.23384124,0.01139613,-0.00825174,0E-8,0.000000,0.887492,0.846818,0.02564465,2026-03-24,2026-08-06,84,754,547,136,0.617647,0.180654,0.372251,0.779471,,,,,,,,GLOBAL_BASELINE_NO_ENTITY_RANKING,,,NOT_APPLICABLE_GLOBAL_BASELINE,HF9g-P5,,,,X 全窗基线 · 不参与实体赏罚,8398032,840,A168_HF9F_20260827_0900,2026-08-27 09:00:00
2026-07-16,129740297,2152,0,4.0878060744,-2.0439030372,-2.0439030372,0E-7,2,2,0.50665070000000000,0.506650700000,-1.013391052207602,-1.013391052207602,-1.013391052207602,0E-17,ELIGIBLE,R03b_20260811_FULL_v1,L1_ELIGIBILITY,v2026-08-11,2026-03-21..2026-08-06,baccarat_bet02_101_all_pairs_incl_sentinel,round_win = game_pnl > 0 (decisive only),COMPATIBILITY_ONLY_NOT_PRODUCTION,42404.8770,37633.9694,483.2517,2200,2196,-0.01139613,0.00825174,-0.01739291,-0.01139613,-483.2517,42404.8770,OK,0.0000,19.3301,4.0000,96.0000,AG03-UNRESOLVED,ALL5_LEVELS_bet23_to_bet27,19.3301,19.3301,19.3301,24.1626,24.1626,4.000000,4.000000,4.000000,5.000000,5.000000,96.000000,96.000000,96.000000,95.000000,95.000000,5.0,106.3154,97.3877,376.9363,385.864,PENDING_AG03,FALSE,NOT_FOR_ENFORCEMENT,463.9216,36128.6106,483.2517,463.9216,19.3301,0.01139613,0.01094029,19.3301,463.9216,0.01094029,19.3301,19.3301,19.3301,24.1626,24.1626,463.9216,0.01094029,106.3154,97.3877,376.9363,385.864,0.00888898,0.00909952,0.00045585,19.2749,17.1375,0.2201,5.7530,0.6409,504.8200,26.1429,7.1751,39.7174,2.9515,6.1317,20.2037,44.018,88.0359,220.0898,5.1098,0.0,14.357485,35.893712,3.143486,29,158,125,3,0.23384124,0.01139613,-0.00825174,0E-8,0.000000,0.887492,0.846818,0.02564465,2026-03-24,2026-08-06,84,754,547,136,0.617647,0.180654,0.372251,0.779471,,,,,,,,GLOBAL_BASELINE_NO_ENTITY_RANKING,,,NOT_APPLICABLE_GLOBAL_BASELINE,HF9g-P5,,,,X 全窗基线 · 不参与实体赏罚,8398033,840,A168_HF9F_20260827_0900,2026-08-27 09:00:00
2026-07-16,129740297,2155,0,9.1975636675,-3.0658545559,-3.0658545559,0.3333333,4,4,0.50665070000000000,0.506650700000,-0.6004420894325239,-0.6004420894325239,-0.6004420894325239,0E-17,ELIGIBLE,R03b_20260811_FULL_v1,L1_ELIGIBILITY,v2026-08-11,2026-03-21..2026-08-06,baccarat_bet02_101_all_pairs_incl_sentinel,round_win = game_pnl > 0 (decisive only),COMPATIBILITY_ONLY_NOT_PRODUCTION,42404.8770,37633.9694,483.2517,2200,2196,-0.01139613,0.00825174,-0.01739291,-0.01139613,-483.2517,42404.8770,OK,0.0000,19.3301,4.0000,96.0000,AG03-UNRESOLVED,ALL5_LEVELS_bet23_to_bet27,19.3301,19.3301,19.3301,24.1626,24.1626,4.000000,4.000000,4.000000,5.000000,5.000000,96.000000,96.000000,96.000000,95.000000,95.000000,5.0,106.3154,97.3877,376.9363,385.864,PENDING_AG03,FALSE,NOT_FOR_ENFORCEMENT,463.9216,36128.6106,483.2517,463.9216,19.3301,0.01139613,0.01094029,19.3301,463.9216,0.01094029,19.3301,19.3301,19.3301,24.1626,24.1626,463.9216,0.01094029,106.3154,97.3877,376.9363,385.864,0.00888898,0.00909952,0.00045585,19.2749,17.1375,0.2201,5.7530,0.6409,504.8200,26.1429,7.1751,39.7174,2.9515,6.1317,20.2037,44.018,88.0359,220.0898,5.1098,0.0,14.357485,35.893712,3.143486,29,158,125,3,0.23384124,0.01139613,-0.00825174,0E-8,0.000000,0.887492,0.846818,0.02564465,2026-03-24,2026-08-06,84,754,547,136,0.617647,0.180654,0.372251,0.779471,,,,,,,,GLOBAL_BASELINE_NO_ENTITY_RANKING,,,NOT_APPLICABLE_GLOBAL_BASELINE,HF9g-P5,,,,X 全窗基线 · 不参与实体赏罚,8398034,840,A168_HF9F_20260827_0900,2026-08-27 09:00:00
2026-07-16,129740297,2174,0,15.3292727793,-7.1536606304,-7.1536606304,0.3333333,4,4,0.49659680000000000,0.496596800000,-0.5655743394288276,-0.5655743394288276,-0.5655743394288276,0E-17,ELIGIBLE,R03b_20260811_FULL_v1,L1_ELIGIBILITY,v2026-08-11,2026-03-21..2026-08-06,baccarat_bet02_101_all_pairs_incl_sentinel,round_win = game_pnl > 0 (decisive only),COMPATIBILITY_ONLY_NOT_PRODUCTION,42404.8770,37633.9694,483.2517,2200,2196,-0.01139613,0.00825174,-0.01739291,-0.01139613,-483.2517,42404.8770,OK,0.0000,19.3301,4.0000,96.0000,AG03-UNRESOLVED,ALL5_LEVELS_bet23_to_bet27,19.3301,19.3301,19.3301,24.1626,24.1626,4.000000,4.000000,4.000000,5.000000,5.000000,96.000000,96.000000,96.000000,95.000000,95.000000,5.0,106.3154,97.3877,376.9363,385.864,PENDING_AG03,FALSE,NOT_FOR_ENFORCEMENT,463.9216,36128.6106,483.2517,463.9216,19.3301,0.01139613,0.01094029,19.3301,463.9216,0.01094029,19.3301,19.3301,19.3301,24.1626,24.1626,463.9216,0.01094029,106.3154,97.3877,376.9363,385.864,0.00888898,0.00909952,0.00045585,19.2749,17.1375,0.2201,5.7530,0.6409,504.8200,26.1429,7.1751,39.7174,2.9515,6.1317,20.2037,44.018,88.0359,220.0898,5.1098,0.0,14.357485,35.893712,3.143486,29,158,125,3,0.23384124,0.01139613,-0.00825174,0E-8,0.000000,0.887492,0.846818,0.02564465,2026-03-24,2026-08-06,84,754,547,136,0.617647,0.180654,0.372251,0.779471,,,,,,,,GLOBAL_BASELINE_NO_ENTITY_RANKING,,,NOT_APPLICABLE_GLOBAL_BASELINE,HF9g-P5,,,,X 全窗基线 · 不参与实体赏罚,8398035,840,A168_HF9F_20260827_0900,2026-08-27 09:00:00
2026-07-16,129740297,2212,0,10.4239054899,0.1021951519,0.1021951519,0.6666667,4,4,0.50665070000000000,0.506650700000,0.5543606114942035,0.5543606114942035,0.5543606114942035,0E-17,ELIGIBLE,R03b_20260811_FULL_v1,L1_ELIGIBILITY,v2026-08-11,2026-03-21..2026-08-06,baccarat_bet02_101_all_pairs_incl_sentinel,round_win = game_pnl > 0 (decisive only),COMPATIBILITY_ONLY_NOT_PRODUCTION,42404.8770,37633.9694,483.2517,2200,2196,-0.01139613,0.00825174,-0.01739291,-0.01139613,-483.2517,42404.8770,OK,0.0000,19.3301,4.0000,96.0000,AG03-UNRESOLVED,ALL5_LEVELS_bet23_to_bet27,19.3301,19.3301,19.3301,24.1626,24.1626,4.000000,4.000000,4.000000,5.000000,5.000000,96.000000,96.000000,96.000000,95.000000,95.000000,5.0,106.3154,97.3877,376.9363,385.864,PENDING_AG03,FALSE,NOT_FOR_ENFORCEMENT,463.9216,36128.6106,483.2517,463.9216,19.3301,0.01139613,0.01094029,19.3301,463.9216,0.01094029,19.3301,19.3301,19.3301,24.1626,24.1626,463.9216,0.01094029,106.3154,97.3877,376.9363,385.864,0.00888898,0.00909952,0.00045585,19.2749,17.1375,0.2201,5.7530,0.6409,504.8200,26.1429,7.1751,39.7174,2.9515,6.1317,20.2037,44.018,88.0359,220.0898,5.1098,0.0,14.357485,35.893712,3.143486,29,158,125,3,0.23384124,0.01139613,-0.00825174,0E-8,0.000000,0.887492,0.846818,0.02564465,2026-03-24,2026-08-06,84,754,547,136,0.617647,0.180654,0.372251,0.779471,,,,,,,,GLOBAL_BASELINE_NO_ENTITY_RANKING,,,NOT_APPLICABLE_GLOBAL_BASELINE,HF9g-P5,,,,X 全窗基线 · 不参与实体赏罚,8398036,840,A168_HF9F_20260827_0900,2026-08-27 09:00:00
2026-07-16,129740297,2220,0,6.1317091118,-6.1317091118,-6.1317091118,0E-7,2,2,0.49324550000000000,0.493245500000,-1.3952362676504506,-1.3952362676504506,-1.3952362676504506,0E-17,ELIGIBLE,R03b_20260811_FULL_v1,L1_ELIGIBILITY,v2026-08-11,2026-03-21..2026-08-06,baccarat_bet02_101_all_pairs_incl_sentinel,round_win = game_pnl > 0 (decisive only),COMPATIBILITY_ONLY_NOT_PRODUCTION,42404.8770,37633.9694,483.2517,2200,2196,-0.01139613,0.00825174,-0.01739291,-0.01139613,-483.2517,42404.8770,OK,0.0000,19.3301,4.0000,96.0000,AG03-UNRESOLVED,ALL5_LEVELS_bet23_to_bet27,19.3301,19.3301,19.3301,24.1626,24.1626,4.000000,4.000000,4.000000,5.000000,5.000000,96.000000,96.000000,96.000000,95.000000,95.000000,5.0,106.3154,97.3877,376.9363,385.864,PENDING_AG03,FALSE,NOT_FOR_ENFORCEMENT,463.9216,36128.6106,483.2517,463.9216,19.3301,0.01139613,0.01094029,19.3301,463.9216,0.01094029,19.3301,19.3301,19.3301,24.1626,24.1626,463.9216,0.01094029,106.3154,97.3877,376.9363,385.864,0.00888898,0.00909952,0.00045585,19.2749,17.1375,0.2201,5.7530,0.6409,504.8200,26.1429,7.1751,39.7174,2.9515,6.1317,20.2037,44.018,88.0359,220.0898,5.1098,0.0,14.357485,35.893712,3.143486,29,158,125,3,0.23384124,0.01139613,-0.00825174,0E-8,0.000000,0.887492,0.846818,0.02564465,2026-03-24,2026-08-06,84,754,547,136,0.617647,0.180654,0.372251,0.779471,,,,,,,,GLOBAL_BASELINE_NO_ENTITY_RANKING,,,NOT_APPLICABLE_GLOBAL_BASELINE,HF9g-P5,,,,X 全窗基线 · 不参与实体赏罚,8398037,840,A168_HF9F_20260827_0900,2026-08-27 09:00:00
2026-07-16,129740297,2222,0,1.6351224298,-1.6351224298,-1.6351224298,0E-7,1,1,0.50665070000000000,0.506650700000,-1.013391052207602,-1.013391052207602,-1.013391052207602,0E-17,ELIGIBLE,R03b_20260811_FULL_v1,L1_ELIGIBILITY,v2026-08-11,2026-03-21..2026-08-06,baccarat_bet02_101_all_pairs_incl_sentinel,round_win = game_pnl > 0 (decisive only),COMPATIBILITY_ONLY_NOT_PRODUCTION,42404.8770,37633.9694,483.2517,2200,2196,-0.01139613,0.00825174,-0.01739291,-0.01139613,-483.2517,42404.8770,OK,0.0000,19.3301,4.0000,96.0000,AG03-UNRESOLVED,ALL5_LEVELS_bet23_to_bet27,19.3301,19.3301,19.3301,24.1626,24.1626,4.000000,4.000000,4.000000,5.000000,5.000000,96.000000,96.000000,96.000000,95.000000,95.000000,5.0,106.3154,97.3877,376.9363,385.864,PENDING_AG03,FALSE,NOT_FOR_ENFORCEMENT,463.9216,36128.6106,483.2517,463.9216,19.3301,0.01139613,0.01094029,19.3301,463.9216,0.01094029,19.3301,19.3301,19.3301,24.1626,24.1626,463.9216,0.01094029,106.3154,97.3877,376.9363,385.864,0.00888898,0.00909952,0.00045585,19.2749,17.1375,0.2201,5.7530,0.6409,504.8200,26.1429,7.1751,39.7174,2.9515,6.1317,20.2037,44.018,88.0359,220.0898,5.1098,0.0,14.357485,35.893712,3.143486,29,158,125,3,0.23384124,0.01139613,-0.00825174,0E-8,0.000000,0.887492,0.846818,0.02564465,2026-03-24,2026-08-06,84,754,547,136,0.617647,0.180654,0.372251,0.779471,,,,,,,,GLOBAL_BASELINE_NO_ENTITY_RANKING,,,NOT_APPLICABLE_GLOBAL_BASELINE,HF9g-P5,,,,X 全窗基线 · 不参与实体赏罚,8398038,840,A168_HF9F_20260827_0900,2026-08-27 09:00:00
2026-07-16,129740297,2233,0,30.6585455587,-12.2634182235,-12.2634182235,0.4285714,7,7,0.50665070000000000,0.506650700000,-0.4131932236838825,-0.4131932236838825,-0.4131932236838825,0E-17,ELIGIBLE,R03b_20260811_FULL_v1,L1_ELIGIBILITY,v2026-08-11,2026-03-21..2026-08-06,baccarat_bet02_101_all_pairs_incl_sentinel,round_win = game_pnl > 0 (decisive only),COMPATIBILITY_ONLY_NOT_PRODUCTION,42404.8770,37633.9694,483.2517,2200,2196,-0.01139613,0.00825174,-0.01739291,-0.01139613,-483.2517,42404.8770,OK,0.0000,19.3301,4.0000,96.0000,AG03-UNRESOLVED,ALL5_LEVELS_bet23_to_bet27,19.3301,19.3301,19.3301,24.1626,24.1626,4.000000,4.000000,4.000000,5.000000,5.000000,96.000000,96.000000,96.000000,95.000000,95.000000,5.0,106.3154,97.3877,376.9363,385.864,PENDING_AG03,FALSE,NOT_FOR_ENFORCEMENT,463.9216,36128.6106,483.2517,463.9216,19.3301,0.01139613,0.01094029,19.3301,463.9216,0.01094029,19.3301,19.3301,19.3301,24.1626,24.1626,463.9216,0.01094029,106.3154,97.3877,376.9363,385.864,0.00888898,0.00909952,0.00045585,19.2749,17.1375,0.2201,5.7530,0.6409,504.8200,26.1429,7.1751,39.7174,2.9515,6.1317,20.2037,44.018,88.0359,220.0898,5.1098,0.0,14.357485,35.893712,3.143486,29,158,125,3,0.23384124,0.01139613,-0.00825174,0E-8,0.000000,0.887492,0.846818,0.02564465,2026-03-24,2026-08-06,84,754,547,136,0.617647,0.180654,0.372251,0.779471,,,,,,,,GLOBAL_BASELINE_NO_ENTITY_RANKING,,,NOT_APPLICABLE_GLOBAL_BASELINE,HF9g-P5,,,,X 全窗基线 · 不参与实体赏罚,8398039,840,A168_HF9F_20260827_0900,2026-08-27 09:00:00
2026-07-16,129740297,2251,0,6.1317091118,-6.1317091118,-6.1317091118,0E-7,2,2,0.49994810000000000,0.499948100000,-1.4140667746232096,-1.4140667746232096,-1.4140667746232096,0E-17,ELIGIBLE,R03b_20260811_FULL_v1,L1_ELIGIBILITY,v2026-08-11,2026-03-21..2026-08-06,baccarat_bet02_101_all_pairs_incl_sentinel,round_win = game_pnl > 0 (decisive only),COMPATIBILITY_ONLY_NOT_PRODUCTION,42404.8770,37633.9694,483.2517,2200,2196,-0.01139613,0.00825174,-0.01739291,-0.01139613,-483.2517,42404.8770,OK,0.0000,19.3301,4.0000,96.0000,AG03-UNRESOLVED,ALL5_LEVELS_bet23_to_bet27,19.3301,19.3301,19.3301,24.1626,24.1626,4.000000,4.000000,4.000000,5.000000,5.000000,96.000000,96.000000,96.000000,95.000000,95.000000,5.0,106.3154,97.3877,376.9363,385.864,PENDING_AG03,FALSE,NOT_FOR_ENFORCEMENT,463.9216,36128.6106,483.2517,463.9216,19.3301,0.01139613,0.01094029,19.3301,463.9216,0.01094029,19.3301,19.3301,19.3301,24.1626,24.1626,463.9216,0.01094029,106.3154,97.3877,376.9363,385.864,0.00888898,0.00909952,0.00045585,19.2749,17.1375,0.2201,5.7530,0.6409,504.8200,26.1429,7.1751,39.7174,2.9515,6.1317,20.2037,44.018,88.0359,220.0898,5.1098,0.0,14.357485,35.893712,3.143486,29,158,125,3,0.23384124,0.01139613,-0.00825174,0E-8,0.000000,0.887492,0.846818,0.02564465,2026-03-24,2026-08-06,84,754,547,136,0.617647,0.180654,0.372251,0.779471,,,,,,,,GLOBAL_BASELINE_NO_ENTITY_RANKING,,,NOT_APPLICABLE_GLOBAL_BASELINE,HF9g-P5,,,,X 全窗基线 · 不参与实体赏罚,8398040,840,A168_HF9F_20260827_0900,2026-08-27 09:00:00
2026-07-16,129740297,2257,0,9.1975636677,-9.1975636677,-9.1975636677,0E-7,3,3,0.50665070000000000,0.506650700000,-1.7552447903592512,-1.7552447903592512,-1.7552447903592512,0E-17,ELIGIBLE,R03b_20260811_FULL_v1,L1_ELIGIBILITY,v2026-08-11,2026-03-21..2026-08-06,baccarat_bet02_101_all_pairs_incl_sentinel,round_win = game_pnl > 0 (decisive only),COMPATIBILITY_ONLY_NOT_PRODUCTION,42404.8770,37633.9694,483.2517,2200,2196,-0.01139613,0.00825174,-0.01739291,-0.01139613,-483.2517,42404.8770,OK,0.0000,19.3301,4.0000,96.0000,AG03-UNRESOLVED,ALL5_LEVELS_bet23_to_bet27,19.3301,19.3301,19.3301,24.1626,24.1626,4.000000,4.000000,4.000000,5.000000,5.000000,96.000000,96.000000,96.000000,95.000000,95.000000,5.0,106.3154,97.3877,376.9363,385.864,PENDING_AG03,FALSE,NOT_FOR_ENFORCEMENT,463.9216,36128.6106,483.2517,463.9216,19.3301,0.01139613,0.01094029,19.3301,463.9216,0.01094029,19.3301,19.3301,19.3301,24.1626,24.1626,463.9216,0.01094029,106.3154,97.3877,376.9363,385.864,0.00888898,0.00909952,0.00045585,19.2749,17.1375,0.2201,5.7530,0.6409,504.8200,26.1429,7.1751,39.7174,2.9515,6.1317,20.2037,44.018,88.0359,220.0898,5.1098,0.0,14.357485,35.893712,3.143486,29,158,125,3,0.23384124,0.01139613,-0.00825174,0E-8,0.000000,0.887492,0.846818,0.02564465,2026-03-24,2026-08-06,84,754,547,136,0.617647,0.180654,0.372251,0.779471,,,,,,,,GLOBAL_BASELINE_NO_ENTITY_RANKING,,,NOT_APPLICABLE_GLOBAL_BASELINE,HF9g-P5,,,,X 全窗基线 · 不参与实体赏罚,8398041,840,A168_HF9F_20260827_0900,2026-08-27 09:00:00
2026-07-16,129740297,2266,0,22.4829334096,1.0219515186,1.0219515186,0.6000000,6,6,0.50665070000000000,0.506650700000,0.4175076967804994,0.4175076967804994,0.4175076967804994,0E-17,ELIGIBLE,R03b_20260811_FULL_v1,L1_ELIGIBILITY,v2026-08-11,2026-03-21..2026-08-06,baccarat_bet02_101_all_pairs_incl_sentinel,round_win = game_pnl > 0 (decisive only),COMPATIBILITY_ONLY_NOT_PRODUCTION,42404.8770,37633.9694,483.2517,2200,2196,-0.01139613,0.00825174,-0.01739291,-0.01139613,-483.2517,42404.8770,OK,0.0000,19.3301,4.0000,96.0000,AG03-UNRESOLVED,ALL5_LEVELS_bet23_to_bet27,19.3301,19.3301,19.3301,24.1626,24.1626,4.000000,4.000000,4.000000,5.000000,5.000000,96.000000,96.000000,96.000000,95.000000,95.000000,5.0,106.3154,97.3877,376.9363,385.864,PENDING_AG03,FALSE,NOT_FOR_ENFORCEMENT,463.9216,36128.6106,483.2517,463.9216,19.3301,0.01139613,0.01094029,19.3301,463.9216,0.01094029,19.3301,19.3301,19.3301,24.1626,24.1626,463.9216,0.01094029,106.3154,97.3877,376.9363,385.864,0.00888898,0.00909952,0.00045585,19.2749,17.1375,0.2201,5.7530,0.6409,504.8200,26.1429,7.1751,39.7174,2.9515,6.1317,20.2037,44.018,88.0359,220.0898,5.1098,0.0,14.357485,35.893712,3.143486,29,158,125,3,0.23384124,0.01139613,-0.00825174,0E-8,0.000000,0.887492,0.846818,0.02564465,2026-03-24,2026-08-06,84,754,547,136,0.617647,0.180654,0.372251,0.779471,,,,,,,,GLOBAL_BASELINE_NO_ENTITY_RANKING,,,NOT_APPLICABLE_GLOBAL_BASELINE,HF9g-P5,,,,X 全窗基线 · 不参与实体赏罚,8398042,840,A168_HF9F_20260827_0900,2026-08-27 09:00:00
2026-07-16,129740297,2271,0,3.0658545559,3.0658545559,3.0658545559,1.0000000,1,1,0.50665070000000000,0.506650700000,0.9867858985152569,0.9867858985152569,0.9867858985152569,0E-17,ELIGIBLE,R03b_20260811_FULL_v1,L1_ELIGIBILITY,v2026-08-11,2026-03-21..2026-08-06,baccarat_bet02_101_all_pairs_incl_sentinel,round_win = game_pnl > 0 (decisive only),COMPATIBILITY_ONLY_NOT_PRODUCTION,42404.8770,37633.9694,483.2517,2200,2196,-0.01139613,0.00825174,-0.01739291,-0.01139613,-483.2517,42404.8770,OK,0.0000,19.3301,4.0000,96.0000,AG03-UNRESOLVED,ALL5_LEVELS_bet23_to_bet27,19.3301,19.3301,19.3301,24.1626,24.1626,4.000000,4.000000,4.000000,5.000000,5.000000,96.000000,96.000000,96.000000,95.000000,95.000000,5.0,106.3154,97.3877,376.9363,385.864,PENDING_AG03,FALSE,NOT_FOR_ENFORCEMENT,463.9216,36128.6106,483.2517,463.9216,19.3301,0.01139613,0.01094029,19.3301,463.9216,0.01094029,19.3301,19.3301,19.3301,24.1626,24.1626,463.9216,0.01094029,106.3154,97.3877,376.9363,385.864,0.00888898,0.00909952,0.00045585,19.2749,17.1375,0.2201,5.7530,0.6409,504.8200,26.1429,7.1751,39.7174,2.9515,6.1317,20.2037,44.018,88.0359,220.0898,5.1098,0.0,14.357485,35.893712,3.143486,29,158,125,3,0.23384124,0.01139613,-0.00825174,0E-8,0.000000,0.887492,0.846818,0.02564465,2026-03-24,2026-08-06,84,754,547,136,0.617647,0.180654,0.372251,0.779471,,,,,,,,GLOBAL_BASELINE_NO_ENTITY_RANKING,,,NOT_APPLICABLE_GLOBAL_BASELINE,HF9g-P5,,,,X 全窗基线 · 不参与实体赏罚,8398043,840,A168_HF9F_20260827_0900,2026-08-27 09:00:00
2026-07-16,129740297,2281,0,4.0878060744,0E-10,0E-10,0.5000000,2,2,0.49324550000000000,0.493245500000,0.01910635448239258,0.01910635448239258,0.01910635448239258,0E-17,ELIGIBLE,R03b_20260811_FULL_v1,L1_ELIGIBILITY,v2026-08-11,2026-03-21..2026-08-06,baccarat_bet02_101_all_pairs_incl_sentinel,round_win = game_pnl > 0 (decisive only),COMPATIBILITY_ONLY_NOT_PRODUCTION,42404.8770,37633.9694,483.2517,2200,2196,-0.01139613,0.00825174,-0.01739291,-0.01139613,-483.2517,42404.8770,OK,0.0000,19.3301,4.0000,96.0000,AG03-UNRESOLVED,ALL5_LEVELS_bet23_to_bet27,19.3301,19.3301,19.3301,24.1626,24.1626,4.000000,4.000000,4.000000,5.000000,5.000000,96.000000,96.000000,96.000000,95.000000,95.000000,5.0,106.3154,97.3877,376.9363,385.864,PENDING_AG03,FALSE,NOT_FOR_ENFORCEMENT,463.9216,36128.6106,483.2517,463.9216,19.3301,0.01139613,0.01094029,19.3301,463.9216,0.01094029,19.3301,19.3301,19.3301,24.1626,24.1626,463.9216,0.01094029,106.3154,97.3877,376.9363,385.864,0.00888898,0.00909952,0.00045585,19.2749,17.1375,0.2201,5.7530,0.6409,504.8200,26.1429,7.1751,39.7174,2.9515,6.1317,20.2037,44.018,88.0359,220.0898,5.1098,0.0,14.357485,35.893712,3.143486,29,158,125,3,0.23384124,0.01139613,-0.00825174,0E-8,0.000000,0.887492,0.846818,0.02564465,2026-03-24,2026-08-06,84,754,547,136,0.617647,0.180654,0.372251,0.779471,,,,,,,,GLOBAL_BASELINE_NO_ENTITY_RANKING,,,NOT_APPLICABLE_GLOBAL_BASELINE,HF9g-P5,,,,X 全窗基线 · 不参与实体赏罚,8398044,840,A168_HF9F_20260827_0900,2026-08-27 09:00:00
2026-07-16,129740297,2287,0,0.8175612149,0.8175612149,0.8175612149,1.0000000,1,1,0.50665070000000000,0.506650700000,0.9867858985152569,0.9867858985152569,0.9867858985152569,0E-17,ELIGIBLE,R03b_20260811_FULL_v1,L1_ELIGIBILITY,v2026-08-11,2026-03-21..2026-08-06,baccarat_bet02_101_all_pairs_incl_sentinel,round_win = game_pnl > 0 (decisive only),COMPATIBILITY_ONLY_NOT_PRODUCTION,42404.8770,37633.9694,483.2517,2200,2196,-0.01139613,0.00825174,-0.01739291,-0.01139613,-483.2517,42404.8770,OK,0.0000,19.3301,4.0000,96.0000,AG03-UNRESOLVED,ALL5_LEVELS_bet23_to_bet27,19.3301,19.3301,19.3301,24.1626,24.1626,4.000000,4.000000,4.000000,5.000000,5.000000,96.000000,96.000000,96.000000,95.000000,95.000000,5.0,106.3154,97.3877,376.9363,385.864,PENDING_AG03,FALSE,NOT_FOR_ENFORCEMENT,463.9216,36128.6106,483.2517,463.9216,19.3301,0.01139613,0.01094029,19.3301,463.9216,0.01094029,19.3301,19.3301,19.3301,24.1626,24.1626,463.9216,0.01094029,106.3154,97.3877,376.9363,385.864,0.00888898,0.00909952,0.00045585,19.2749,17.1375,0.2201,5.7530,0.6409,504.8200,26.1429,7.1751,39.7174,2.9515,6.1317,20.2037,44.018,88.0359,220.0898,5.1098,0.0,14.357485,35.893712,3.143486,29,158,125,3,0.23384124,0.01139613,-0.00825174,0E-8,0.000000,0.887492,0.846818,0.02564465,2026-03-24,2026-08-06,84,754,547,136,0.617647,0.180654,0.372251,0.779471,,,,,,,,GLOBAL_BASELINE_NO_ENTITY_RANKING,,,NOT_APPLICABLE_GLOBAL_BASELINE,HF9g-P5,,,,X 全窗基线 · 不参与实体赏罚,8398045,840,A168_HF9F_20260827_0900,2026-08-27 09:00:00
2026-07-16,129740297,2288,0,31.6804970776,-7.1536606304,-7.1536606304,0.2857143,11,11,0.49446415454545455,0.494464154545,-1.1046681867696824,-1.104668186767288,-1.1046681867696824,4.5455E-13,ELIGIBLE,R03b_20260811_FULL_v1,L1_ELIGIBILITY,v2026-08-11,2026-03-21..2026-08-06,baccarat_bet02_101_all_pairs_incl_sentinel,round_win = game_pnl > 0 (decisive only),COMPATIBILITY_ONLY_NOT_PRODUCTION,42404.8770,37633.9694,483.2517,2200,2196,-0.01139613,0.00825174,-0.01739291,-0.01139613,-483.2517,42404.8770,OK,0.0000,19.3301,4.0000,96.0000,AG03-UNRESOLVED,ALL5_LEVELS_bet23_to_bet27,19.3301,19.3301,19.3301,24.1626,24.1626,4.000000,4.000000,4.000000,5.000000,5.000000,96.000000,96.000000,96.000000,95.000000,95.000000,5.0,106.3154,97.3877,376.9363,385.864,PENDING_AG03,FALSE,NOT_FOR_ENFORCEMENT,463.9216,36128.6106,483.2517,463.9216,19.3301,0.01139613,0.01094029,19.3301,463.9216,0.01094029,19.3301,19.3301,19.3301,24.1626,24.1626,463.9216,0.01094029,106.3154,97.3877,376.9363,385.864,0.00888898,0.00909952,0.00045585,19.2749,17.1375,0.2201,5.7530,0.6409,504.8200,26.1429,7.1751,39.7174,2.9515,6.1317,20.2037,44.018,88.0359,220.0898,5.1098,0.0,14.357485,35.893712,3.143486,29,158,125,3,0.23384124,0.01139613,-0.00825174,0E-8,0.000000,0.887492,0.846818,0.02564465,2026-03-24,2026-08-06,84,754,547,136,0.617647,0.180654,0.372251,0.779471,,,,,,,,GLOBAL_BASELINE_NO_ENTITY_RANKING,,,NOT_APPLICABLE_GLOBAL_BASELINE,HF9g-P5,,,,X 全窗基线 · 不参与实体赏罚,8398046,840,A168_HF9F_20260827_0900,2026-08-27 09:00:00
2026-07-16,129740297,2289,0,3.0658545559,-3.0658545559,-3.0658545559,0E-7,1,1,0.49324550000000000,0.493245500000,-0.9865810262130424,-0.9865810262130424,-0.9865810262130424,0E-17,ELIGIBLE,R03b_20260811_FULL_v1,L1_ELIGIBILITY,v2026-08-11,2026-03-21..2026-08-06,baccarat_bet02_101_all_pairs_incl_sentinel,round_win = game_pnl > 0 (decisive only),COMPATIBILITY_ONLY_NOT_PRODUCTION,42404.8770,37633.9694,483.2517,2200,2196,-0.01139613,0.00825174,-0.01739291,-0.01139613,-483.2517,42404.8770,OK,0.0000,19.3301,4.0000,96.0000,AG03-UNRESOLVED,ALL5_LEVELS_bet23_to_bet27,19.3301,19.3301,19.3301,24.1626,24.1626,4.000000,4.000000,4.000000,5.000000,5.000000,96.000000,96.000000,96.000000,95.000000,95.000000,5.0,106.3154,97.3877,376.9363,385.864,PENDING_AG03,FALSE,NOT_FOR_ENFORCEMENT,463.9216,36128.6106,483.2517,463.9216,19.3301,0.01139613,0.01094029,19.3301,463.9216,0.01094029,19.3301,19.3301,19.3301,24.1626,24.1626,463.9216,0.01094029,106.3154,97.3877,376.9363,385.864,0.00888898,0.00909952,0.00045585,19.2749,17.1375,0.2201,5.7530,0.6409,504.8200,26.1429,7.1751,39.7174,2.9515,6.1317,20.2037,44.018,88.0359,220.0898,5.1098,0.0,14.357485,35.893712,3.143486,29,158,125,3,0.23384124,0.01139613,-0.00825174,0E-8,0.000000,0.887492,0.846818,0.02564465,2026-03-24,2026-08-06,84,754,547,136,0.617647,0.180654,0.372251,0.779471,,,,,,,,GLOBAL_BASELINE_NO_ENTITY_RANKING,,,NOT_APPLICABLE_GLOBAL_BASELINE,HF9g-P5,,,,X 全窗基线 · 不参与实体赏罚,8398047,840,A168_HF9F_20260827_0900,2026-08-27 09:00:00
2026-07-16,129740297,529,0,3.0658545559,0E-10,0E-10,,1,1,0.50665070000000000,0.506650700000,,,,0E-17,NO_DECISIVE_ROUND,R03b_20260811_FULL_v1,L1_ELIGIBILITY,v2026-08-11,2026-03-21..2026-08-06,baccarat_bet02_101_all_pairs_incl_sentinel,round_win = game_pnl > 0 (decisive only),COMPATIBILITY_ONLY_NOT_PRODUCTION,42404.8770,37633.9694,483.2517,2200,2196,-0.01139613,0.00825174,-0.01739291,-0.01139613,-483.2517,42404.8770,OK,0.0000,19.3301,4.0000,96.0000,AG03-UNRESOLVED,ALL5_LEVELS_bet23_to_bet27,19.3301,19.3301,19.3301,24.1626,24.1626,4.000000,4.000000,4.000000,5.000000,5.000000,96.000000,96.000000,96.000000,95.000000,95.000000,5.0,106.3154,97.3877,376.9363,385.864,PENDING_AG03,FALSE,NOT_FOR_ENFORCEMENT,463.9216,36128.6106,483.2517,463.9216,19.3301,0.01139613,0.01094029,19.3301,463.9216,0.01094029,19.3301,19.3301,19.3301,24.1626,24.1626,463.9216,0.01094029,106.3154,97.3877,376.9363,385.864,0.00888898,0.00909952,0.00045585,19.2749,17.1375,0.2201,5.7530,0.6409,504.8200,26.1429,7.1751,39.7174,2.9515,6.1317,20.2037,44.018,88.0359,220.0898,5.1098,0.0,14.357485,35.893712,3.143486,29,158,125,3,0.23384124,0.01139613,-0.00825174,0E-8,0.000000,0.887492,0.846818,0.02564465,2026-03-24,2026-08-06,84,754,547,136,0.617647,0.180654,0.372251,0.779471,,,,,,,,GLOBAL_BASELINE_NO_ENTITY_RANKING,,,NOT_APPLICABLE_GLOBAL_BASELINE,HF9g-P5,,,,X 全窗基线 · 不参与实体赏罚,8398048,840,A168_HF9F_20260827_0900,2026-08-27 09:00:00
2026-07-16,129740297,550,0,4.0878060745,-4.0878060745,-4.0878060745,0E-7,1,1,0.49324550000000000,0.493245500000,-0.9865810262130424,-0.9865810262130424,-0.9865810262130424,0E-17,ELIGIBLE,R03b_20260811_FULL_v1,L1_ELIGIBILITY,v2026-08-11,2026-03-21..2026-08-06,baccarat_bet02_101_all_pairs_incl_sentinel,round_win = game_pnl > 0 (decisive only),COMPATIBILITY_ONLY_NOT_PRODUCTION,42404.8770,37633.9694,483.2517,2200,2196,-0.01139613,0.00825174,-0.01739291,-0.01139613,-483.2517,42404.8770,OK,0.0000,19.3301,4.0000,96.0000,AG03-UNRESOLVED,ALL5_LEVELS_bet23_to_bet27,19.3301,19.3301,19.3301,24.1626,24.1626,4.000000,4.000000,4.000000,5.000000,5.000000,96.000000,96.000000,96.000000,95.000000,95.000000,5.0,106.3154,97.3877,376.9363,385.864,PENDING_AG03,FALSE,NOT_FOR_ENFORCEMENT,463.9216,36128.6106,483.2517,463.9216,19.3301,0.01139613,0.01094029,19.3301,463.9216,0.01094029,19.3301,19.3301,19.3301,24.1626,24.1626,463.9216,0.01094029,106.3154,97.3877,376.9363,385.864,0.00888898,0.00909952,0.00045585,19.2749,17.1375,0.2201,5.7530,0.6409,504.8200,26.1429,7.1751,39.7174,2.9515,6.1317,20.2037,44.018,88.0359,220.0898,5.1098,0.0,14.357485,35.893712,3.143486,29,158,125,3,0.23384124,0.01139613,-0.00825174,0E-8,0.000000,0.887492,0.846818,0.02564465,2026-03-24,2026-08-06,84,754,547,136,0.617647,0.180654,0.372251,0.779471,,,,,,,,GLOBAL_BASELINE_NO_ENTITY_RANKING,,,NOT_APPLICABLE_GLOBAL_BASELINE,HF9g-P5,,,,X 全窗基线 · 不参与实体赏罚,8398049,840,A168_HF9F_20260827_0900,2026-08-27 09:00:00
2026-07-16,129740297,801,0,34.7463516330,-12.2634182235,-12.2634182235,0.3333333,7,7,0.50473567142857143,0.504735671429,-0.8397342036905205,-0.8397342036926269,-0.8397342036905205,-4.2857E-13,ELIGIBLE,R03b_20260811_FULL_v1,L1_ELIGIBILITY,v2026-08-11,2026-03-21..2026-08-06,baccarat_bet02_101_all_pairs_incl_sentinel,round_win = game_pnl > 0 (decisive only),COMPATIBILITY_ONLY_NOT_PRODUCTION,42404.8770,37633.9694,483.2517,2200,2196,-0.01139613,0.00825174,-0.01739291,-0.01139613,-483.2517,42404.8770,OK,0.0000,19.3301,4.0000,96.0000,AG03-UNRESOLVED,ALL5_LEVELS_bet23_to_bet27,19.3301,19.3301,19.3301,24.1626,24.1626,4.000000,4.000000,4.000000,5.000000,5.000000,96.000000,96.000000,96.000000,95.000000,95.000000,5.0,106.3154,97.3877,376.9363,385.864,PENDING_AG03,FALSE,NOT_FOR_ENFORCEMENT,463.9216,36128.6106,483.2517,463.9216,19.3301,0.01139613,0.01094029,19.3301,463.9216,0.01094029,19.3301,19.3301,19.3301,24.1626,24.1626,463.9216,0.01094029,106.3154,97.3877,376.9363,385.864,0.00888898,0.00909952,0.00045585,19.2749,17.1375,0.2201,5.7530,0.6409,504.8200,26.1429,7.1751,39.7174,2.9515,6.1317,20.2037,44.018,88.0359,220.0898,5.1098,0.0,14.357485,35.893712,3.143486,29,158,125,3,0.23384124,0.01139613,-0.00825174,0E-8,0.000000,0.887492,0.846818,0.02564465,2026-03-24,2026-08-06,84,754,547,136,0.617647,0.180654,0.372251,0.779471,,,,,,,,GLOBAL_BASELINE_NO_ENTITY_RANKING,,,NOT_APPLICABLE_GLOBAL_BASELINE,HF9g-P5,,,,X 全窗基线 · 不参与实体赏罚,8398050,840,A168_HF9F_20260827_0900,2026-08-27 09:00:00
2026-07-16,129740297,919,0,4.0878060744,4.0878060744,4.0878060744,1.0000000,2,2,0.49324550000000000,0.493245500000,1.4334489766152358,1.4334489766152358,1.4334489766152358,0E-17,ELIGIBLE,R03b_20260811_FULL_v1,L1_ELIGIBILITY,v2026-08-11,2026-03-21..2026-08-06,baccarat_bet02_101_all_pairs_incl_sentinel,round_win = game_pnl > 0 (decisive only),COMPATIBILITY_ONLY_NOT_PRODUCTION,42404.8770,37633.9694,483.2517,2200,2196,-0.01139613,0.00825174,-0.01739291,-0.01139613,-483.2517,42404.8770,OK,0.0000,19.3301,4.0000,96.0000,AG03-UNRESOLVED,ALL5_LEVELS_bet23_to_bet27,19.3301,19.3301,19.3301,24.1626,24.1626,4.000000,4.000000,4.000000,5.000000,5.000000,96.000000,96.000000,96.000000,95.000000,95.000000,5.0,106.3154,97.3877,376.9363,385.864,PENDING_AG03,FALSE,NOT_FOR_ENFORCEMENT,463.9216,36128.6106,483.2517,463.9216,19.3301,0.01139613,0.01094029,19.3301,463.9216,0.01094029,19.3301,19.3301,19.3301,24.1626,24.1626,463.9216,0.01094029,106.3154,97.3877,376.9363,385.864,0.00888898,0.00909952,0.00045585,19.2749,17.1375,0.2201,5.7530,0.6409,504.8200,26.1429,7.1751,39.7174,2.9515,6.1317,20.2037,44.018,88.0359,220.0898,5.1098,0.0,14.357485,35.893712,3.143486,29,158,125,3,0.23384124,0.01139613,-0.00825174,0E-8,0.000000,0.887492,0.846818,0.02564465,2026-03-24,2026-08-06,84,754,547,136,0.617647,0.180654,0.372251,0.779471,,,,,,,,GLOBAL_BASELINE_NO_ENTITY_RANKING,,,NOT_APPLICABLE_GLOBAL_BASELINE,HF9g-P5,,,,X 全窗基线 · 不参与实体赏罚,8398051,840,A168_HF9F_20260827_0900,2026-08-27 09:00:00
2026-07-17,129740297,-1,1,32.7024485957,-4.0878060745,-4.0878060745,0.6000000,5,5,0.50665070000000000,0.506650700000,0.4175076967804994,0.4175076967804994,0.4175076967804994,0E-17,SENTINEL_DEALER,R03b_20260811_FULL_v1,L1_ELIGIBILITY,v2026-08-11,2026-03-21..2026-08-06,baccarat_bet02_101_all_pairs_incl_sentinel,round_win = game_pnl > 0 (decisive only),COMPATIBILITY_ONLY_NOT_PRODUCTION,42404.8770,37633.9694,483.2517,2200,2196,-0.01139613,0.00825174,-0.01739291,-0.01139613,-483.2517,42404.8770,OK,0.0000,19.3301,4.0000,96.0000,AG03-UNRESOLVED,ALL5_LEVELS_bet23_to_bet27,19.3301,19.3301,19.3301,24.1626,24.1626,4.000000,4.000000,4.000000,5.000000,5.000000,96.000000,96.000000,96.000000,95.000000,95.000000,5.0,106.3154,97.3877,376.9363,385.864,PENDING_AG03,FALSE,NOT_FOR_ENFORCEMENT,463.9216,36128.6106,483.2517,463.9216,19.3301,0.01139613,0.01094029,19.3301,463.9216,0.01094029,19.3301,19.3301,19.3301,24.1626,24.1626,463.9216,0.01094029,106.3154,97.3877,376.9363,385.864,0.00888898,0.00909952,0.00045585,19.2749,17.1375,0.2201,5.7530,0.6409,504.8200,26.1429,7.1751,39.7174,2.9515,6.1317,20.2037,44.018,88.0359,220.0898,5.1098,0.0,14.357485,35.893712,3.143486,29,158,125,3,0.23384124,0.01139613,-0.00825174,0E-8,0.000000,0.887492,0.846818,0.02564465,2026-03-24,2026-08-06,84,754,547,136,0.617647,0.180654,0.372251,0.779471,,,,,,,,GLOBAL_BASELINE_NO_ENTITY_RANKING,,,NOT_APPLICABLE_GLOBAL_BASELINE,HF9g-P5,,,,X 全窗基线 · 不参与实体赏罚,8398052,840,A168_HF9F_20260827_0900,2026-08-27 09:00:00
2026-07-17,129740297,1331,0,29.0234231286,21.3076891631,21.3076891631,0.8750000,8,8,0.50665070000000000,0.506650700000,2.0838826589630113,2.0838826589630113,2.0838826589630113,0E-17,ELIGIBLE,R03b_20260811_FULL_v1,L1_ELIGIBILITY,v2026-08-11,2026-03-21..2026-08-06,baccarat_bet02_101_all_pairs_incl_sentinel,round_win = game_pnl > 0 (decisive only),COMPATIBILITY_ONLY_NOT_PRODUCTION,42404.8770,37633.9694,483.2517,2200,2196,-0.01139613,0.00825174,-0.01739291,-0.01139613,-483.2517,42404.8770,OK,0.0000,19.3301,4.0000,96.0000,AG03-UNRESOLVED,ALL5_LEVELS_bet23_to_bet27,19.3301,19.3301,19.3301,24.1626,24.1626,4.000000,4.000000,4.000000,5.000000,5.000000,96.000000,96.000000,96.000000,95.000000,95.000000,5.0,106.3154,97.3877,376.9363,385.864,PENDING_AG03,FALSE,NOT_FOR_ENFORCEMENT,463.9216,36128.6106,483.2517,463.9216,19.3301,0.01139613,0.01094029,19.3301,463.9216,0.01094029,19.3301,19.3301,19.3301,24.1626,24.1626,463.9216,0.01094029,106.3154,97.3877,376.9363,385.864,0.00888898,0.00909952,0.00045585,19.2749,17.1375,0.2201,5.7530,0.6409,504.8200,26.1429,7.1751,39.7174,2.9515,6.1317,20.2037,44.018,88.0359,220.0898,5.1098,0.0,14.357485,35.893712,3.143486,29,158,125,3,0.23384124,0.01139613,-0.00825174,0E-8,0.000000,0.887492,0.846818,0.02564465,2026-03-24,2026-08-06,84,754,547,136,0.617647,0.180654,0.372251,0.779471,,,,,,,,GLOBAL_BASELINE_NO_ENTITY_RANKING,,,NOT_APPLICABLE_GLOBAL_BASELINE,HF9g-P5,,,,X 全窗基线 · 不参与实体赏罚,8398053,840,A168_HF9F_20260827_0900,2026-08-27 09:00:00
2026-07-17,129740297,1399,0,6.1317091117,-6.1317091117,-6.1317091117,0E-7,1,1,0.49324550000000000,0.493245500000,-0.9865810262130424,-0.9865810262130424,-0.9865810262130424,0E-17,ELIGIBLE,R03b_20260811_FULL_v1,L1_ELIGIBILITY,v2026-08-11,2026-03-21..2026-08-06,baccarat_bet02_101_all_pairs_incl_sentinel,round_win = game_pnl > 0 (decisive only),COMPATIBILITY_ONLY_NOT_PRODUCTION,42404.8770,37633.9694,483.2517,2200,2196,-0.01139613,0.00825174,-0.01739291,-0.01139613,-483.2517,42404.8770,OK,0.0000,19.3301,4.0000,96.0000,AG03-UNRESOLVED,ALL5_LEVELS_bet23_to_bet27,19.3301,19.3301,19.3301,24.1626,24.1626,4.000000,4.000000,4.000000,5.000000,5.000000,96.000000,96.000000,96.000000,95.000000,95.000000,5.0,106.3154,97.3877,376.9363,385.864,PENDING_AG03,FALSE,NOT_FOR_ENFORCEMENT,463.9216,36128.6106,483.2517,463.9216,19.3301,0.01139613,0.01094029,19.3301,463.9216,0.01094029,19.3301,19.3301,19.3301,24.1626,24.1626,463.9216,0.01094029,106.3154,97.3877,376.9363,385.864,0.00888898,0.00909952,0.00045585,19.2749,17.1375,0.2201,5.7530,0.6409,504.8200,26.1429,7.1751,39.7174,2.9515,6.1317,20.2037,44.018,88.0359,220.0898,5.1098,0.0,14.357485,35.893712,3.143486,29,158,125,3,0.23384124,0.01139613,-0.00825174,0E-8,0.000000,0.887492,0.846818,0.02564465,2026-03-24,2026-08-06,84,754,547,136,0.617647,0.180654,0.372251,0.779471,,,,,,,,GLOBAL_BASELINE_NO_ENTITY_RANKING,,,NOT_APPLICABLE_GLOBAL_BASELINE,HF9g-P5,,,,X 全窗基线 · 不参与实体赏罚,8398054,840,A168_HF9F_20260827_0900,2026-08-27 09:00:00
2026-07-17,129740297,1505,0,4.7009769856,-4.7009769856,-4.7009769856,0E-7,2,2,0.49324550000000000,0.493245500000,-1.3952362676504506,-1.3952362676504506,-1.3952362676504506,0E-17,ELIGIBLE,R03b_20260811_FULL_v1,L1_ELIGIBILITY,v2026-08-11,2026-03-21..2026-08-06,baccarat_bet02_101_all_pairs_incl_sentinel,round_win = game_pnl > 0 (decisive only),COMPATIBILITY_ONLY_NOT_PRODUCTION,42404.8770,37633.9694,483.2517,2200,2196,-0.01139613,0.00825174,-0.01739291,-0.01139613,-483.2517,42404.8770,OK,0.0000,19.3301,4.0000,96.0000,AG03-UNRESOLVED,ALL5_LEVELS_bet23_to_bet27,19.3301,19.3301,19.3301,24.1626,24.1626,4.000000,4.000000,4.000000,5.000000,5.000000,96.000000,96.000000,96.000000,95.000000,95.000000,5.0,106.3154,97.3877,376.9363,385.864,PENDING_AG03,FALSE,NOT_FOR_ENFORCEMENT,463.9216,36128.6106,483.2517,463.9216,19.3301,0.01139613,0.01094029,19.3301,463.9216,0.01094029,19.3301,19.3301,19.3301,24.1626,24.1626,463.9216,0.01094029,106.3154,97.3877,376.9363,385.864,0.00888898,0.00909952,0.00045585,19.2749,17.1375,0.2201,5.7530,0.6409,504.8200,26.1429,7.1751,39.7174,2.9515,6.1317,20.2037,44.018,88.0359,220.0898,5.1098,0.0,14.357485,35.893712,3.143486,29,158,125,3,0.23384124,0.01139613,-0.00825174,0E-8,0.000000,0.887492,0.846818,0.02564465,2026-03-24,2026-08-06,84,754,547,136,0.617647,0.180654,0.372251,0.779471,,,,,,,,GLOBAL_BASELINE_NO_ENTITY_RANKING,,,NOT_APPLICABLE_GLOBAL_BASELINE,HF9g-P5,,,,X 全窗基线 · 不参与实体赏罚,8398055,840,A168_HF9F_20260827_0900,2026-08-27 09:00:00
2026-07-17,129740297,1646,0,4.0878060744,-4.0878060744,-4.0878060744,0E-7,2,2,0.49324550000000000,0.493245500000,-1.3952362676504506,-1.3952362676504506,-1.3952362676504506,0E-17,ELIGIBLE,R03b_20260811_FULL_v1,L1_ELIGIBILITY,v2026-08-11,2026-03-21..2026-08-06,baccarat_bet02_101_all_pairs_incl_sentinel,round_win = game_pnl > 0 (decisive only),COMPATIBILITY_ONLY_NOT_PRODUCTION,42404.8770,37633.9694,483.2517,2200,2196,-0.01139613,0.00825174,-0.01739291,-0.01139613,-483.2517,42404.8770,OK,0.0000,19.3301,4.0000,96.0000,AG03-UNRESOLVED,ALL5_LEVELS_bet23_to_bet27,19.3301,19.3301,19.3301,24.1626,24.1626,4.000000,4.000000,4.000000,5.000000,5.000000,96.000000,96.000000,96.000000,95.000000,95.000000,5.0,106.3154,97.3877,376.9363,385.864,PENDING_AG03,FALSE,NOT_FOR_ENFORCEMENT,463.9216,36128.6106,483.2517,463.9216,19.3301,0.01139613,0.01094029,19.3301,463.9216,0.01094029,19.3301,19.3301,19.3301,24.1626,24.1626,463.9216,0.01094029,106.3154,97.3877,376.9363,385.864,0.00888898,0.00909952,0.00045585,19.2749,17.1375,0.2201,5.7530,0.6409,504.8200,26.1429,7.1751,39.7174,2.9515,6.1317,20.2037,44.018,88.0359,220.0898,5.1098,0.0,14.357485,35.893712,3.143486,29,158,125,3,0.23384124,0.01139613,-0.00825174,0E-8,0.000000,0.887492,0.846818,0.02564465,2026-03-24,2026-08-06,84,754,547,136,0.617647,0.180654,0.372251,0.779471,,,,,,,,GLOBAL_BASELINE_NO_ENTITY_RANKING,,,NOT_APPLICABLE_GLOBAL_BASELINE,HF9g-P5,,,,X 全窗基线 · 不参与实体赏罚,8398056,840,A168_HF9F_20260827_0900,2026-08-27 09:00:00
2026-07-17,129740297,2115,0,6.1317091118,0E-10,0E-10,0.5000000,2,2,0.50665070000000000,0.506650700000,-0.018812684590367487,-0.018812684590367487,-0.018812684590367487,0E-17,ELIGIBLE,R03b_20260811_FULL_v1,L1_ELIGIBILITY,v2026-08-11,2026-03-21..2026-08-06,baccarat_bet02_101_all_pairs_incl_sentinel,round_win = game_pnl > 0 (decisive only),COMPATIBILITY_ONLY_NOT_PRODUCTION,42404.8770,37633.9694,483.2517,2200,2196,-0.01139613,0.00825174,-0.01739291,-0.01139613,-483.2517,42404.8770,OK,0.0000,19.3301,4.0000,96.0000,AG03-UNRESOLVED,ALL5_LEVELS_bet23_to_bet27,19.3301,19.3301,19.3301,24.1626,24.1626,4.000000,4.000000,4.000000,5.000000,5.000000,96.000000,96.000000,96.000000,95.000000,95.000000,5.0,106.3154,97.3877,376.9363,385.864,PENDING_AG03,FALSE,NOT_FOR_ENFORCEMENT,463.9216,36128.6106,483.2517,463.9216,19.3301,0.01139613,0.01094029,19.3301,463.9216,0.01094029,19.3301,19.3301,19.3301,24.1626,24.1626,463.9216,0.01094029,106.3154,97.3877,376.9363,385.864,0.00888898,0.00909952,0.00045585,19.2749,17.1375,0.2201,5.7530,0.6409,504.8200,26.1429,7.1751,39.7174,2.9515,6.1317,20.2037,44.018,88.0359,220.0898,5.1098,0.0,14.357485,35.893712,3.143486,29,158,125,3,0.23384124,0.01139613,-0.00825174,0E-8,0.000000,0.887492,0.846818,0.02564465,2026-03-24,2026-08-06,84,754,547,136,0.617647,0.180654,0.372251,0.779471,,,,,,,,GLOBAL_BASELINE_NO_ENTITY_RANKING,,,NOT_APPLICABLE_GLOBAL_BASELINE,HF9g-P5,,,,X 全窗基线 · 不参与实体赏罚,8398057,840,A168_HF9F_20260827_0900,2026-08-27 09:00:00
2026-07-17,129740297,2127,0,11.2414667049,5.1097575931,5.1097575931,1.0000000,4,4,0.50665070000000000,0.506650700000,1.3955260008387969,1.3955260008387969,1.3955260008387969,0E-17,ELIGIBLE,R03b_20260811_FULL_v1,L1_ELIGIBILITY,v2026-08-11,2026-03-21..2026-08-06,baccarat_bet02_101_all_pairs_incl_sentinel,round_win = game_pnl > 0 (decisive only),COMPATIBILITY_ONLY_NOT_PRODUCTION,42404.8770,37633.9694,483.2517,2200,2196,-0.01139613,0.00825174,-0.01739291,-0.01139613,-483.2517,42404.8770,OK,0.0000,19.3301,4.0000,96.0000,AG03-UNRESOLVED,ALL5_LEVELS_bet23_to_bet27,19.3301,19.3301,19.3301,24.1626,24.1626,4.000000,4.000000,4.000000,5.000000,5.000000,96.000000,96.000000,96.000000,95.000000,95.000000,5.0,106.3154,97.3877,376.9363,385.864,PENDING_AG03,FALSE,NOT_FOR_ENFORCEMENT,463.9216,36128.6106,483.2517,463.9216,19.3301,0.01139613,0.01094029,19.3301,463.9216,0.01094029,19.3301,19.3301,19.3301,24.1626,24.1626,463.9216,0.01094029,106.3154,97.3877,376.9363,385.864,0.00888898,0.00909952,0.00045585,19.2749,17.1375,0.2201,5.7530,0.6409,504.8200,26.1429,7.1751,39.7174,2.9515,6.1317,20.2037,44.018,88.0359,220.0898,5.1098,0.0,14.357485,35.893712,3.143486,29,158,125,3,0.23384124,0.01139613,-0.00825174,0E-8,0.000000,0.887492,0.846818,0.02564465,2026-03-24,2026-08-06,84,754,547,136,0.617647,0.180654,0.372251,0.779471,,,,,,,,GLOBAL_BASELINE_NO_ENTITY_RANKING,,,NOT_APPLICABLE_GLOBAL_BASELINE,HF9g-P5,,,,X 全窗基线 · 不参与实体赏罚,8398058,840,A168_HF9F_20260827_0900,2026-08-27 09:00:00
2026-07-17,129740297,2174,0,12.2634182234,12.2634182234,12.2634182234,1.0000000,1,1,0.50665070000000000,0.506650700000,0.9867858985152569,0.9867858985152569,0.9867858985152569,0E-17,ELIGIBLE,R03b_20260811_FULL_v1,L1_ELIGIBILITY,v2026-08-11,2026-03-21..2026-08-06,baccarat_bet02_101_all_pairs_incl_sentinel,round_win = game_pnl > 0 (decisive only),COMPATIBILITY_ONLY_NOT_PRODUCTION,42404.8770,37633.9694,483.2517,2200,2196,-0.01139613,0.00825174,-0.01739291,-0.01139613,-483.2517,42404.8770,OK,0.0000,19.3301,4.0000,96.0000,AG03-UNRESOLVED,ALL5_LEVELS_bet23_to_bet27,19.3301,19.3301,19.3301,24.1626,24.1626,4.000000,4.000000,4.000000,5.000000,5.000000,96.000000,96.000000,96.000000,95.000000,95.000000,5.0,106.3154,97.3877,376.9363,385.864,PENDING_AG03,FALSE,NOT_FOR_ENFORCEMENT,463.9216,36128.6106,483.2517,463.9216,19.3301,0.01139613,0.01094029,19.3301,463.9216,0.01094029,19.3301,19.3301,19.3301,24.1626,24.1626,463.9216,0.01094029,106.3154,97.3877,376.9363,385.864,0.00888898,0.00909952,0.00045585,19.2749,17.1375,0.2201,5.7530,0.6409,504.8200,26.1429,7.1751,39.7174,2.9515,6.1317,20.2037,44.018,88.0359,220.0898,5.1098,0.0,14.357485,35.893712,3.143486,29,158,125,3,0.23384124,0.01139613,-0.00825174,0E-8,0.000000,0.887492,0.846818,0.02564465,2026-03-24,2026-08-06,84,754,547,136,0.617647,0.180654,0.372251,0.779471,,,,,,,,GLOBAL_BASELINE_NO_ENTITY_RANKING,,,NOT_APPLICABLE_GLOBAL_BASELINE,HF9g-P5,,,,X 全窗基线 · 不参与实体赏罚,8398059,840,A168_HF9F_20260827_0900,2026-08-27 09:00:00
2026-07-17,129740297,2201,0,4.0878060744,-4.0878060744,-4.0878060744,0E-7,2,2,0.50665070000000000,0.506650700000,-1.4331513700195317,-1.4331513700195317,-1.4331513700195317,0E-17,ELIGIBLE,R03b_20260811_FULL_v1,L1_ELIGIBILITY,v2026-08-11,2026-03-21..2026-08-06,baccarat_bet02_101_all_pairs_incl_sentinel,round_win = game_pnl > 0 (decisive only),COMPATIBILITY_ONLY_NOT_PRODUCTION,42404.8770,37633.9694,483.2517,2200,2196,-0.01139613,0.00825174,-0.01739291,-0.01139613,-483.2517,42404.8770,OK,0.0000,19.3301,4.0000,96.0000,AG03-UNRESOLVED,ALL5_LEVELS_bet23_to_bet27,19.3301,19.3301,19.3301,24.1626,24.1626,4.000000,4.000000,4.000000,5.000000,5.000000,96.000000,96.000000,96.000000,95.000000,95.000000,5.0,106.3154,97.3877,376.9363,385.864,PENDING_AG03,FALSE,NOT_FOR_ENFORCEMENT,463.9216,36128.6106,483.2517,463.9216,19.3301,0.01139613,0.01094029,19.3301,463.9216,0.01094029,19.3301,19.3301,19.3301,24.1626,24.1626,463.9216,0.01094029,106.3154,97.3877,376.9363,385.864,0.00888898,0.00909952,0.00045585,19.2749,17.1375,0.2201,5.7530,0.6409,504.8200,26.1429,7.1751,39.7174,2.9515,6.1317,20.2037,44.018,88.0359,220.0898,5.1098,0.0,14.357485,35.893712,3.143486,29,158,125,3,0.23384124,0.01139613,-0.00825174,0E-8,0.000000,0.887492,0.846818,0.02564465,2026-03-24,2026-08-06,84,754,547,136,0.617647,0.180654,0.372251,0.779471,,,,,,,,GLOBAL_BASELINE_NO_ENTITY_RANKING,,,NOT_APPLICABLE_GLOBAL_BASELINE,HF9g-P5,,,,X 全窗基线 · 不参与实体赏罚,8398060,840,A168_HF9F_20260827_0900,2026-08-27 09:00:00
2026-07-17,129740297,2220,0,2.0439030372,-2.0439030372,-2.0439030372,0E-7,1,1,0.50665070000000000,0.506650700000,-1.013391052207602,-1.013391052207602,-1.013391052207602,0E-17,ELIGIBLE,R03b_20260811_FULL_v1,L1_ELIGIBILITY,v2026-08-11,2026-03-21..2026-08-06,baccarat_bet02_101_all_pairs_incl_sentinel,round_win = game_pnl > 0 (decisive only),COMPATIBILITY_ONLY_NOT_PRODUCTION,42404.8770,37633.9694,483.2517,2200,2196,-0.01139613,0.00825174,-0.01739291,-0.01139613,-483.2517,42404.8770,OK,0.0000,19.3301,4.0000,96.0000,AG03-UNRESOLVED,ALL5_LEVELS_bet23_to_bet27,19.3301,19.3301,19.3301,24.1626,24.1626,4.000000,4.000000,4.000000,5.000000,5.000000,96.000000,96.000000,96.000000,95.000000,95.000000,5.0,106.3154,97.3877,376.9363,385.864,PENDING_AG03,FALSE,NOT_FOR_ENFORCEMENT,463.9216,36128.6106,483.2517,463.9216,19.3301,0.01139613,0.01094029,19.3301,463.9216,0.01094029,19.3301,19.3301,19.3301,24.1626,24.1626,463.9216,0.01094029,106.3154,97.3877,376.9363,385.864,0.00888898,0.00909952,0.00045585,19.2749,17.1375,0.2201,5.7530,0.6409,504.8200,26.1429,7.1751,39.7174,2.9515,6.1317,20.2037,44.018,88.0359,220.0898,5.1098,0.0,14.357485,35.893712,3.143486,29,158,125,3,0.23384124,0.01139613,-0.00825174,0E-8,0.000000,0.887492,0.846818,0.02564465,2026-03-24,2026-08-06,84,754,547,136,0.617647,0.180654,0.372251,0.779471,,,,,,,,GLOBAL_BASELINE_NO_ENTITY_RANKING,,,NOT_APPLICABLE_GLOBAL_BASELINE,HF9g-P5,,,,X 全窗基线 · 不参与实体赏罚,8398061,840,A168_HF9F_20260827_0900,2026-08-27 09:00:00
2026-07-17,129740297,2233,0,45.9878183379,-33.7244001144,-33.7244001144,0.2500000,5,5,0.50665070000000000,0.506650700000,-1.0266936290537745,-1.0266936290537745,-1.0266936290537745,0E-17,ELIGIBLE,R03b_20260811_FULL_v1,L1_ELIGIBILITY,v2026-08-11,2026-03-21..2026-08-06,baccarat_bet02_101_all_pairs_incl_sentinel,round_win = game_pnl > 0 (decisive only),COMPATIBILITY_ONLY_NOT_PRODUCTION,42404.8770,37633.9694,483.2517,2200,2196,-0.01139613,0.00825174,-0.01739291,-0.01139613,-483.2517,42404.8770,OK,0.0000,19.3301,4.0000,96.0000,AG03-UNRESOLVED,ALL5_LEVELS_bet23_to_bet27,19.3301,19.3301,19.3301,24.1626,24.1626,4.000000,4.000000,4.000000,5.000000,5.000000,96.000000,96.000000,96.000000,95.000000,95.000000,5.0,106.3154,97.3877,376.9363,385.864,PENDING_AG03,FALSE,NOT_FOR_ENFORCEMENT,463.9216,36128.6106,483.2517,463.9216,19.3301,0.01139613,0.01094029,19.3301,463.9216,0.01094029,19.3301,19.3301,19.3301,24.1626,24.1626,463.9216,0.01094029,106.3154,97.3877,376.9363,385.864,0.00888898,0.00909952,0.00045585,19.2749,17.1375,0.2201,5.7530,0.6409,504.8200,26.1429,7.1751,39.7174,2.9515,6.1317,20.2037,44.018,88.0359,220.0898,5.1098,0.0,14.357485,35.893712,3.143486,29,158,125,3,0.23384124,0.01139613,-0.00825174,0E-8,0.000000,0.887492,0.846818,0.02564465,2026-03-24,2026-08-06,84,754,547,136,0.617647,0.180654,0.372251,0.779471,,,,,,,,GLOBAL_BASELINE_NO_ENTITY_RANKING,,,NOT_APPLICABLE_GLOBAL_BASELINE,HF9g-P5,,,,X 全窗基线 · 不参与实体赏罚,8398062,840,A168_HF9F_20260827_0900,2026-08-27 09:00:00
2026-07-17,129740297,2266,0,12.2634182234,-6.1317091117,-6.1317091117,0E-7,2,2,0.49324550000000000,0.493245500000,-0.9865810262130424,-0.9865810262130424,-0.9865810262130424,0E-17,ELIGIBLE,R03b_20260811_FULL_v1,L1_ELIGIBILITY,v2026-08-11,2026-03-21..2026-08-06,baccarat_bet02_101_all_pairs_incl_sentinel,round_win = game_pnl > 0 (decisive only),COMPATIBILITY_ONLY_NOT_PRODUCTION,42404.8770,37633.9694,483.2517,2200,2196,-0.01139613,0.00825174,-0.01739291,-0.01139613,-483.2517,42404.8770,OK,0.0000,19.3301,4.0000,96.0000,AG03-UNRESOLVED,ALL5_LEVELS_bet23_to_bet27,19.3301,19.3301,19.3301,24.1626,24.1626,4.000000,4.000000,4.000000,5.000000,5.000000,96.000000,96.000000,96.000000,95.000000,95.000000,5.0,106.3154,97.3877,376.9363,385.864,PENDING_AG03,FALSE,NOT_FOR_ENFORCEMENT,463.9216,36128.6106,483.2517,463.9216,19.3301,0.01139613,0.01094029,19.3301,463.9216,0.01094029,19.3301,19.3301,19.3301,24.1626,24.1626,463.9216,0.01094029,106.3154,97.3877,376.9363,385.864,0.00888898,0.00909952,0.00045585,19.2749,17.1375,0.2201,5.7530,0.6409,504.8200,26.1429,7.1751,39.7174,2.9515,6.1317,20.2037,44.018,88.0359,220.0898,5.1098,0.0,14.357485,35.893712,3.143486,29,158,125,3,0.23384124,0.01139613,-0.00825174,0E-8,0.000000,0.887492,0.846818,0.02564465,2026-03-24,2026-08-06,84,754,547,136,0.617647,0.180654,0.372251,0.779471,,,,,,,,GLOBAL_BASELINE_NO_ENTITY_RANKING,,,NOT_APPLICABLE_GLOBAL_BASELINE,HF9g-P5,,,,X 全窗基线 · 不参与实体赏罚,8398063,840,A168_HF9F_20260827_0900,2026-08-27 09:00:00
2026-07-17,129740297,2267,0,6.3360994155,6.3360994155,6.3360994155,1.0000000,2,2,0.49324550000000000,0.493245500000,1.4334489766152358,1.4334489766152358,1.4334489766152358,0E-17,ELIGIBLE,R03b_20260811_FULL_v1,L1_ELIGIBILITY,v2026-08-11,2026-03-21..2026-08-06,baccarat_bet02_101_all_pairs_incl_sentinel,round_win = game_pnl > 0 (decisive only),COMPATIBILITY_ONLY_NOT_PRODUCTION,42404.8770,37633.9694,483.2517,2200,2196,-0.01139613,0.00825174,-0.01739291,-0.01139613,-483.2517,42404.8770,OK,0.0000,19.3301,4.0000,96.0000,AG03-UNRESOLVED,ALL5_LEVELS_bet23_to_bet27,19.3301,19.3301,19.3301,24.1626,24.1626,4.000000,4.000000,4.000000,5.000000,5.000000,96.000000,96.000000,96.000000,95.000000,95.000000,5.0,106.3154,97.3877,376.9363,385.864,PENDING_AG03,FALSE,NOT_FOR_ENFORCEMENT,463.9216,36128.6106,483.2517,463.9216,19.3301,0.01139613,0.01094029,19.3301,463.9216,0.01094029,19.3301,19.3301,19.3301,24.1626,24.1626,463.9216,0.01094029,106.3154,97.3877,376.9363,385.864,0.00888898,0.00909952,0.00045585,19.2749,17.1375,0.2201,5.7530,0.6409,504.8200,26.1429,7.1751,39.7174,2.9515,6.1317,20.2037,44.018,88.0359,220.0898,5.1098,0.0,14.357485,35.893712,3.143486,29,158,125,3,0.23384124,0.01139613,-0.00825174,0E-8,0.000000,0.887492,0.846818,0.02564465,2026-03-24,2026-08-06,84,754,547,136,0.617647,0.180654,0.372251,0.779471,,,,,,,,GLOBAL_BASELINE_NO_ENTITY_RANKING,,,NOT_APPLICABLE_GLOBAL_BASELINE,HF9g-P5,,,,X 全窗基线 · 不参与实体赏罚,8398064,840,A168_HF9F_20260827_0900,2026-08-27 09:00:00
2026-07-17,129740297,2271,0,15.3292727794,9.1975636676,9.1975636676,0.7500000,4,4,0.49324550000000000,0.493245500000,1.0271117246678039,1.0271117246678039,1.0271117246678039,0E-17,ELIGIBLE,R03b_20260811_FULL_v1,L1_ELIGIBILITY,v2026-08-11,2026-03-21..2026-08-06,baccarat_bet02_101_all_pairs_incl_sentinel,round_win = game_pnl > 0 (decisive only),COMPATIBILITY_ONLY_NOT_PRODUCTION,42404.8770,37633.9694,483.2517,2200,2196,-0.01139613,0.00825174,-0.01739291,-0.01139613,-483.2517,42404.8770,OK,0.0000,19.3301,4.0000,96.0000,AG03-UNRESOLVED,ALL5_LEVELS_bet23_to_bet27,19.3301,19.3301,19.3301,24.1626,24.1626,4.000000,4.000000,4.000000,5.000000,5.000000,96.000000,96.000000,96.000000,95.000000,95.000000,5.0,106.3154,97.3877,376.9363,385.864,PENDING_AG03,FALSE,NOT_FOR_ENFORCEMENT,463.9216,36128.6106,483.2517,463.9216,19.3301,0.01139613,0.01094029,19.3301,463.9216,0.01094029,19.3301,19.3301,19.3301,24.1626,24.1626,463.9216,0.01094029,106.3154,97.3877,376.9363,385.864,0.00888898,0.00909952,0.00045585,19.2749,17.1375,0.2201,5.7530,0.6409,504.8200,26.1429,7.1751,39.7174,2.9515,6.1317,20.2037,44.018,88.0359,220.0898,5.1098,0.0,14.357485,35.893712,3.143486,29,158,125,3,0.23384124,0.01139613,-0.00825174,0E-8,0.000000,0.887492,0.846818,0.02564465,2026-03-24,2026-08-06,84,754,547,136,0.617647,0.180654,0.372251,0.779471,,,,,,,,GLOBAL_BASELINE_NO_ENTITY_RANKING,,,NOT_APPLICABLE_GLOBAL_BASELINE,HF9g-P5,,,,X 全窗基线 · 不参与实体赏罚,8398065,840,A168_HF9F_20260827_0900,2026-08-27 09:00:00
2026-07-17,129740297,2281,0,20.4390303724,0E-10,0E-10,0.5000000,4,4,0.49324550000000000,0.493245500000,0.027020465636507562,0.027020465636507562,0.027020465636507562,0E-17,ELIGIBLE,R03b_20260811_FULL_v1,L1_ELIGIBILITY,v2026-08-11,2026-03-21..2026-08-06,baccarat_bet02_101_all_pairs_incl_sentinel,round_win = game_pnl > 0 (decisive only),COMPATIBILITY_ONLY_NOT_PRODUCTION,42404.8770,37633.9694,483.2517,2200,2196,-0.01139613,0.00825174,-0.01739291,-0.01139613,-483.2517,42404.8770,OK,0.0000,19.3301,4.0000,96.0000,AG03-UNRESOLVED,ALL5_LEVELS_bet23_to_bet27,19.3301,19.3301,19.3301,24.1626,24.1626,4.000000,4.000000,4.000000,5.000000,5.000000,96.000000,96.000000,96.000000,95.000000,95.000000,5.0,106.3154,97.3877,376.9363,385.864,PENDING_AG03,FALSE,NOT_FOR_ENFORCEMENT,463.9216,36128.6106,483.2517,463.9216,19.3301,0.01139613,0.01094029,19.3301,463.9216,0.01094029,19.3301,19.3301,19.3301,24.1626,24.1626,463.9216,0.01094029,106.3154,97.3877,376.9363,385.864,0.00888898,0.00909952,0.00045585,19.2749,17.1375,0.2201,5.7530,0.6409,504.8200,26.1429,7.1751,39.7174,2.9515,6.1317,20.2037,44.018,88.0359,220.0898,5.1098,0.0,14.357485,35.893712,3.143486,29,158,125,3,0.23384124,0.01139613,-0.00825174,0E-8,0.000000,0.887492,0.846818,0.02564465,2026-03-24,2026-08-06,84,754,547,136,0.617647,0.180654,0.372251,0.779471,,,,,,,,GLOBAL_BASELINE_NO_ENTITY_RANKING,,,NOT_APPLICABLE_GLOBAL_BASELINE,HF9g-P5,,,,X 全窗基线 · 不参与实体赏罚,8398066,840,A168_HF9F_20260827_0900,2026-08-27 09:00:00
2026-07-17,129740297,583,0,4.0878060744,-2.0439030372,-2.0439030372,0E-7,2,2,0.50665070000000000,0.506650700000,-1.013391052207602,-1.013391052207602,-1.013391052207602,0E-17,ELIGIBLE,R03b_20260811_FULL_v1,L1_ELIGIBILITY,v2026-08-11,2026-03-21..2026-08-06,baccarat_bet02_101_all_pairs_incl_sentinel,round_win = game_pnl > 0 (decisive only),COMPATIBILITY_ONLY_NOT_PRODUCTION,42404.8770,37633.9694,483.2517,2200,2196,-0.01139613,0.00825174,-0.01739291,-0.01139613,-483.2517,42404.8770,OK,0.0000,19.3301,4.0000,96.0000,AG03-UNRESOLVED,ALL5_LEVELS_bet23_to_bet27,19.3301,19.3301,19.3301,24.1626,24.1626,4.000000,4.000000,4.000000,5.000000,5.000000,96.000000,96.000000,96.000000,95.000000,95.000000,5.0,106.3154,97.3877,376.9363,385.864,PENDING_AG03,FALSE,NOT_FOR_ENFORCEMENT,463.9216,36128.6106,483.2517,463.9216,19.3301,0.01139613,0.01094029,19.3301,463.9216,0.01094029,19.3301,19.3301,19.3301,24.1626,24.1626,463.9216,0.01094029,106.3154,97.3877,376.9363,385.864,0.00888898,0.00909952,0.00045585,19.2749,17.1375,0.2201,5.7530,0.6409,504.8200,26.1429,7.1751,39.7174,2.9515,6.1317,20.2037,44.018,88.0359,220.0898,5.1098,0.0,14.357485,35.893712,3.143486,29,158,125,3,0.23384124,0.01139613,-0.00825174,0E-8,0.000000,0.887492,0.846818,0.02564465,2026-03-24,2026-08-06,84,754,547,136,0.617647,0.180654,0.372251,0.779471,,,,,,,,GLOBAL_BASELINE_NO_ENTITY_RANKING,,,NOT_APPLICABLE_GLOBAL_BASELINE,HF9g-P5,,,,X 全窗基线 · 不参与实体赏罚,8398067,840,A168_HF9F_20260827_0900,2026-08-27 09:00:00
2026-07-17,129740297,801,0,15.3292727794,-9.1975636676,-9.1975636676,0.2500000,4,4,0.49659680000000000,0.496596800000,-0.9864100490137353,-0.9864100490137354,-0.9864100490137353,0E-17,ELIGIBLE,R03b_20260811_FULL_v1,L1_ELIGIBILITY,v2026-08-11,2026-03-21..2026-08-06,baccarat_bet02_101_all_pairs_incl_sentinel,round_win = game_pnl > 0 (decisive only),COMPATIBILITY_ONLY_NOT_PRODUCTION,42404.8770,37633.9694,483.2517,2200,2196,-0.01139613,0.00825174,-0.01739291,-0.01139613,-483.2517,42404.8770,OK,0.0000,19.3301,4.0000,96.0000,AG03-UNRESOLVED,ALL5_LEVELS_bet23_to_bet27,19.3301,19.3301,19.3301,24.1626,24.1626,4.000000,4.000000,4.000000,5.000000,5.000000,96.000000,96.000000,96.000000,95.000000,95.000000,5.0,106.3154,97.3877,376.9363,385.864,PENDING_AG03,FALSE,NOT_FOR_ENFORCEMENT,463.9216,36128.6106,483.2517,463.9216,19.3301,0.01139613,0.01094029,19.3301,463.9216,0.01094029,19.3301,19.3301,19.3301,24.1626,24.1626,463.9216,0.01094029,106.3154,97.3877,376.9363,385.864,0.00888898,0.00909952,0.00045585,19.2749,17.1375,0.2201,5.7530,0.6409,504.8200,26.1429,7.1751,39.7174,2.9515,6.1317,20.2037,44.018,88.0359,220.0898,5.1098,0.0,14.357485,35.893712,3.143486,29,158,125,3,0.23384124,0.01139613,-0.00825174,0E-8,0.000000,0.887492,0.846818,0.02564465,2026-03-24,2026-08-06,84,754,547,136,0.617647,0.180654,0.372251,0.779471,,,,,,,,GLOBAL_BASELINE_NO_ENTITY_RANKING,,,NOT_APPLICABLE_GLOBAL_BASELINE,HF9g-P5,,,,X 全窗基线 · 不参与实体赏罚,8398068,840,A168_HF9F_20260827_0900,2026-08-27 09:00:00
2026-07-18,129740297,-1,1,76.6463638965,-19.4170788538,-19.4170788538,0.4444444,19,19,0.50100640526315789,0.501006405263,-0.47994512485275653,-0.4799451248514165,-0.47994512485275653,1.5789E-13,SENTINEL_DEALER,R03b_20260811_FULL_v1,L1_ELIGIBILITY,v2026-08-11,2026-03-21..2026-08-06,baccarat_bet02_101_all_pairs_incl_sentinel,round_win = game_pnl > 0 (decisive only),COMPATIBILITY_ONLY_NOT_PRODUCTION,42404.8770,37633.9694,483.2517,2200,2196,-0.01139613,0.00825174,-0.01739291,-0.01139613,-483.2517,42404.8770,OK,0.0000,19.3301,4.0000,96.0000,AG03-UNRESOLVED,ALL5_LEVELS_bet23_to_bet27,19.3301,19.3301,19.3301,24.1626,24.1626,4.000000,4.000000,4.000000,5.000000,5.000000,96.000000,96.000000,96.000000,95.000000,95.000000,5.0,106.3154,97.3877,376.9363,385.864,PENDING_AG03,FALSE,NOT_FOR_ENFORCEMENT,463.9216,36128.6106,483.2517,463.9216,19.3301,0.01139613,0.01094029,19.3301,463.9216,0.01094029,19.3301,19.3301,19.3301,24.1626,24.1626,463.9216,0.01094029,106.3154,97.3877,376.9363,385.864,0.00888898,0.00909952,0.00045585,19.2749,17.1375,0.2201,5.7530,0.6409,504.8200,26.1429,7.1751,39.7174,2.9515,6.1317,20.2037,44.018,88.0359,220.0898,5.1098,0.0,14.357485,35.893712,3.143486,29,158,125,3,0.23384124,0.01139613,-0.00825174,0E-8,0.000000,0.887492,0.846818,0.02564465,2026-03-24,2026-08-06,84,754,547,136,0.617647,0.180654,0.372251,0.779471,,,,,,,,GLOBAL_BASELINE_NO_ENTITY_RANKING,,,NOT_APPLICABLE_GLOBAL_BASELINE,HF9g-P5,,,,X 全窗基线 · 不参与实体赏罚,8398069,840,A168_HF9F_20260827_0900,2026-08-27 09:00:00
2026-07-18,129740297,1205,0,4.0878060744,-4.0878060744,-4.0878060744,0E-7,2,2,0.49324550000000000,0.493245500000,-1.3952362676504506,-1.3952362676504506,-1.3952362676504506,0E-17,ELIGIBLE,R03b_20260811_FULL_v1,L1_ELIGIBILITY,v2026-08-11,2026-03-21..2026-08-06,baccarat_bet02_101_all_pairs_incl_sentinel,round_win = game_pnl > 0 (decisive only),COMPATIBILITY_ONLY_NOT_PRODUCTION,42404.8770,37633.9694,483.2517,2200,2196,-0.01139613,0.00825174,-0.01739291,-0.01139613,-483.2517,42404.8770,OK,0.0000,19.3301,4.0000,96.0000,AG03-UNRESOLVED,ALL5_LEVELS_bet23_to_bet27,19.3301,19.3301,19.3301,24.1626,24.1626,4.000000,4.000000,4.000000,5.000000,5.000000,96.000000,96.000000,96.000000,95.000000,95.000000,5.0,106.3154,97.3877,376.9363,385.864,PENDING_AG03,FALSE,NOT_FOR_ENFORCEMENT,463.9216,36128.6106,483.2517,463.9216,19.3301,0.01139613,0.01094029,19.3301,463.9216,0.01094029,19.3301,19.3301,19.3301,24.1626,24.1626,463.9216,0.01094029,106.3154,97.3877,376.9363,385.864,0.00888898,0.00909952,0.00045585,19.2749,17.1375,0.2201,5.7530,0.6409,504.8200,26.1429,7.1751,39.7174,2.9515,6.1317,20.2037,44.018,88.0359,220.0898,5.1098,0.0,14.357485,35.893712,3.143486,29,158,125,3,0.23384124,0.01139613,-0.00825174,0E-8,0.000000,0.887492,0.846818,0.02564465,2026-03-24,2026-08-06,84,754,547,136,0.617647,0.180654,0.372251,0.779471,,,,,,,,GLOBAL_BASELINE_NO_ENTITY_RANKING,,,NOT_APPLICABLE_GLOBAL_BASELINE,HF9g-P5,,,,X 全窗基线 · 不参与实体赏罚,8398070,840,A168_HF9F_20260827_0900,2026-08-27 09:00:00
2026-07-18,129740297,1307,0,51.0975759309,32.7024485958,32.7024485958,0.8333333,7,7,0.50665070000000000,0.506650700000,1.6005531159783741,1.6005531159783741,1.6005531159783741,0E-17,ELIGIBLE,R03b_20260811_FULL_v1,L1_ELIGIBILITY,v2026-08-11,2026-03-21..2026-08-06,baccarat_bet02_101_all_pairs_incl_sentinel,round_win = game_pnl > 0 (decisive only),COMPATIBILITY_ONLY_NOT_PRODUCTION,42404.8770,37633.9694,483.2517,2200,2196,-0.01139613,0.00825174,-0.01739291,-0.01139613,-483.2517,42404.8770,OK,0.0000,19.3301,4.0000,96.0000,AG03-UNRESOLVED,ALL5_LEVELS_bet23_to_bet27,19.3301,19.3301,19.3301,24.1626,24.1626,4.000000,4.000000,4.000000,5.000000,5.000000,96.000000,96.000000,96.000000,95.000000,95.000000,5.0,106.3154,97.3877,376.9363,385.864,PENDING_AG03,FALSE,NOT_FOR_ENFORCEMENT,463.9216,36128.6106,483.2517,463.9216,19.3301,0.01139613,0.01094029,19.3301,463.9216,0.01094029,19.3301,19.3301,19.3301,24.1626,24.1626,463.9216,0.01094029,106.3154,97.3877,376.9363,385.864,0.00888898,0.00909952,0.00045585,19.2749,17.1375,0.2201,5.7530,0.6409,504.8200,26.1429,7.1751,39.7174,2.9515,6.1317,20.2037,44.018,88.0359,220.0898,5.1098,0.0,14.357485,35.893712,3.143486,29,158,125,3,0.23384124,0.01139613,-0.00825174,0E-8,0.000000,0.887492,0.846818,0.02564465,2026-03-24,2026-08-06,84,754,547,136,0.617647,0.180654,0.372251,0.779471,,,,,,,,GLOBAL_BASELINE_NO_ENTITY_RANKING,,,NOT_APPLICABLE_GLOBAL_BASELINE,HF9g-P5,,,,X 全窗基线 · 不参与实体赏罚,8398071,840,A168_HF9F_20260827_0900,2026-08-27 09:00:00
2026-07-18,129740297,1405,0,24.5268364469,6.1317091118,6.1317091118,0.7500000,5,5,0.50665070000000000,0.506650700000,0.9734833216690844,0.9734833216690844,0.9734833216690844,0E-17,ELIGIBLE,R03b_20260811_FULL_v1,L1_ELIGIBILITY,v2026-08-11,2026-03-21..2026-08-06,baccarat_bet02_101_all_pairs_incl_sentinel,round_win = game_pnl > 0 (decisive only),COMPATIBILITY_ONLY_NOT_PRODUCTION,42404.8770,37633.9694,483.2517,2200,2196,-0.01139613,0.00825174,-0.01739291,-0.01139613,-483.2517,42404.8770,OK,0.0000,19.3301,4.0000,96.0000,AG03-UNRESOLVED,ALL5_LEVELS_bet23_to_bet27,19.3301,19.3301,19.3301,24.1626,24.1626,4.000000,4.000000,4.000000,5.000000,5.000000,96.000000,96.000000,96.000000,95.000000,95.000000,5.0,106.3154,97.3877,376.9363,385.864,PENDING_AG03,FALSE,NOT_FOR_ENFORCEMENT,463.9216,36128.6106,483.2517,463.9216,19.3301,0.01139613,0.01094029,19.3301,463.9216,0.01094029,19.3301,19.3301,19.3301,24.1626,24.1626,463.9216,0.01094029,106.3154,97.3877,376.9363,385.864,0.00888898,0.00909952,0.00045585,19.2749,17.1375,0.2201,5.7530,0.6409,504.8200,26.1429,7.1751,39.7174,2.9515,6.1317,20.2037,44.018,88.0359,220.0898,5.1098,0.0,14.357485,35.893712,3.143486,29,158,125,3,0.23384124,0.01139613,-0.00825174,0E-8,0.000000,0.887492,0.846818,0.02564465,2026-03-24,2026-08-06,84,754,547,136,0.617647,0.180654,0.372251,0.779471,,,,,,,,GLOBAL_BASELINE_NO_ENTITY_RANKING,,,NOT_APPLICABLE_GLOBAL_BASELINE,HF9g-P5,,,,X 全窗基线 · 不参与实体赏罚,8398072,840,A168_HF9F_20260827_0900,2026-08-27 09:00:00
2026-07-18,129740297,1490,0,14.3073212607,-2.0439030373,-2.0439030373,0.5000000,2,2,0.50665070000000000,0.506650700000,-0.018812684590367487,-0.018812684590367487,-0.018812684590367487,0E-17,ELIGIBLE,R03b_20260811_FULL_v1,L1_ELIGIBILITY,v2026-08-11,2026-03-21..2026-08-06,baccarat_bet02_101_all_pairs_incl_sentinel,round_win = game_pnl > 0 (decisive only),COMPATIBILITY_ONLY_NOT_PRODUCTION,42404.8770,37633.9694,483.2517,2200,2196,-0.01139613,0.00825174,-0.01739291,-0.01139613,-483.2517,42404.8770,OK,0.0000,19.3301,4.0000,96.0000,AG03-UNRESOLVED,ALL5_LEVELS_bet23_to_bet27,19.3301,19.3301,19.3301,24.1626,24.1626,4.000000,4.000000,4.000000,5.000000,5.000000,96.000000,96.000000,96.000000,95.000000,95.000000,5.0,106.3154,97.3877,376.9363,385.864,PENDING_AG03,FALSE,NOT_FOR_ENFORCEMENT,463.9216,36128.6106,483.2517,463.9216,19.3301,0.01139613,0.01094029,19.3301,463.9216,0.01094029,19.3301,19.3301,19.3301,24.1626,24.1626,463.9216,0.01094029,106.3154,97.3877,376.9363,385.864,0.00888898,0.00909952,0.00045585,19.2749,17.1375,0.2201,5.7530,0.6409,504.8200,26.1429,7.1751,39.7174,2.9515,6.1317,20.2037,44.018,88.0359,220.0898,5.1098,0.0,14.357485,35.893712,3.143486,29,158,125,3,0.23384124,0.01139613,-0.00825174,0E-8,0.000000,0.887492,0.846818,0.02564465,2026-03-24,2026-08-06,84,754,547,136,0.617647,0.180654,0.372251,0.779471,,,,,,,,GLOBAL_BASELINE_NO_ENTITY_RANKING,,,NOT_APPLICABLE_GLOBAL_BASELINE,HF9g-P5,,,,X 全窗基线 · 不参与实体赏罚,8398073,840,A168_HF9F_20260827_0900,2026-08-27 09:00:00
2026-07-18,129740297,1505,0,2.2482933410,-2.2482933410,-2.2482933410,0E-7,1,1,0.50665070000000000,0.506650700000,-1.013391052207602,-1.013391052207602,-1.013391052207602,0E-17,ELIGIBLE,R03b_20260811_FULL_v1,L1_ELIGIBILITY,v2026-08-11,2026-03-21..2026-08-06,baccarat_bet02_101_all_pairs_incl_sentinel,round_win = game_pnl > 0 (decisive only),COMPATIBILITY_ONLY_NOT_PRODUCTION,42404.8770,37633.9694,483.2517,2200,2196,-0.01139613,0.00825174,-0.01739291,-0.01139613,-483.2517,42404.8770,OK,0.0000,19.3301,4.0000,96.0000,AG03-UNRESOLVED,ALL5_LEVELS_bet23_to_bet27,19.3301,19.3301,19.3301,24.1626,24.1626,4.000000,4.000000,4.000000,5.000000,5.000000,96.000000,96.000000,96.000000,95.000000,95.000000,5.0,106.3154,97.3877,376.9363,385.864,PENDING_AG03,FALSE,NOT_FOR_ENFORCEMENT,463.9216,36128.6106,483.2517,463.9216,19.3301,0.01139613,0.01094029,19.3301,463.9216,0.01094029,19.3301,19.3301,19.3301,24.1626,24.1626,463.9216,0.01094029,106.3154,97.3877,376.9363,385.864,0.00888898,0.00909952,0.00045585,19.2749,17.1375,0.2201,5.7530,0.6409,504.8200,26.1429,7.1751,39.7174,2.9515,6.1317,20.2037,44.018,88.0359,220.0898,5.1098,0.0,14.357485,35.893712,3.143486,29,158,125,3,0.23384124,0.01139613,-0.00825174,0E-8,0.000000,0.887492,0.846818,0.02564465,2026-03-24,2026-08-06,84,754,547,136,0.617647,0.180654,0.372251,0.779471,,,,,,,,GLOBAL_BASELINE_NO_ENTITY_RANKING,,,NOT_APPLICABLE_GLOBAL_BASELINE,HF9g-P5,,,,X 全窗基线 · 不参与实体赏罚,8398074,840,A168_HF9F_20260827_0900,2026-08-27 09:00:00
2026-07-18,129740297,1941,0,10.2195151862,10.2195151862,10.2195151862,1.0000000,1,1,0.50665070000000000,0.506650700000,0.9867858985152569,0.9867858985152569,0.9867858985152569,0E-17,ELIGIBLE,R03b_20260811_FULL_v1,L1_ELIGIBILITY,v2026-08-11,2026-03-21..2026-08-06,baccarat_bet02_101_all_pairs_incl_sentinel,round_win = game_pnl > 0 (decisive only),COMPATIBILITY_ONLY_NOT_PRODUCTION,42404.8770,37633.9694,483.2517,2200,2196,-0.01139613,0.00825174,-0.01739291,-0.01139613,-483.2517,42404.8770,OK,0.0000,19.3301,4.0000,96.0000,AG03-UNRESOLVED,ALL5_LEVELS_bet23_to_bet27,19.3301,19.3301,19.3301,24.1626,24.1626,4.000000,4.000000,4.000000,5.000000,5.000000,96.000000,96.000000,96.000000,95.000000,95.000000,5.0,106.3154,97.3877,376.9363,385.864,PENDING_AG03,FALSE,NOT_FOR_ENFORCEMENT,463.9216,36128.6106,483.2517,463.9216,19.3301,0.01139613,0.01094029,19.3301,463.9216,0.01094029,19.3301,19.3301,19.3301,24.1626,24.1626,463.9216,0.01094029,106.3154,97.3877,376.9363,385.864,0.00888898,0.00909952,0.00045585,19.2749,17.1375,0.2201,5.7530,0.6409,504.8200,26.1429,7.1751,39.7174,2.9515,6.1317,20.2037,44.018,88.0359,220.0898,5.1098,0.0,14.357485,35.893712,3.143486,29,158,125,3,0.23384124,0.01139613,-0.00825174,0E-8,0.000000,0.887492,0.846818,0.02564465,2026-03-24,2026-08-06,84,754,547,136,0.617647,0.180654,0.372251,0.779471,,,,,,,,GLOBAL_BASELINE_NO_ENTITY_RANKING,,,NOT_APPLICABLE_GLOBAL_BASELINE,HF9g-P5,,,,X 全窗基线 · 不参与实体赏罚,8398075,840,A168_HF9F_20260827_0900,2026-08-27 09:00:00
2026-07-18,129740297,1985,0,10.2195151862,-10.2195151862,-10.2195151862,0E-7,1,1,0.50665070000000000,0.506650700000,-1.013391052207602,-1.013391052207602,-1.013391052207602,0E-17,ELIGIBLE,R03b_20260811_FULL_v1,L1_ELIGIBILITY,v2026-08-11,2026-03-21..2026-08-06,baccarat_bet02_101_all_pairs_incl_sentinel,round_win = game_pnl > 0 (decisive only),COMPATIBILITY_ONLY_NOT_PRODUCTION,42404.8770,37633.9694,483.2517,2200,2196,-0.01139613,0.00825174,-0.01739291,-0.01139613,-483.2517,42404.8770,OK,0.0000,19.3301,4.0000,96.0000,AG03-UNRESOLVED,ALL5_LEVELS_bet23_to_bet27,19.3301,19.3301,19.3301,24.1626,24.1626,4.000000,4.000000,4.000000,5.000000,5.000000,96.000000,96.000000,96.000000,95.000000,95.000000,5.0,106.3154,97.3877,376.9363,385.864,PENDING_AG03,FALSE,NOT_FOR_ENFORCEMENT,463.9216,36128.6106,483.2517,463.9216,19.3301,0.01139613,0.01094029,19.3301,463.9216,0.01094029,19.3301,19.3301,19.3301,24.1626,24.1626,463.9216,0.01094029,106.3154,97.3877,376.9363,385.864,0.00888898,0.00909952,0.00045585,19.2749,17.1375,0.2201,5.7530,0.6409,504.8200,26.1429,7.1751,39.7174,2.9515,6.1317,20.2037,44.018,88.0359,220.0898,5.1098,0.0,14.357485,35.893712,3.143486,29,158,125,3,0.23384124,0.01139613,-0.00825174,0E-8,0.000000,0.887492,0.846818,0.02564465,2026-03-24,2026-08-06,84,754,547,136,0.617647,0.180654,0.372251,0.779471,,,,,,,,GLOBAL_BASELINE_NO_ENTITY_RANKING,,,NOT_APPLICABLE_GLOBAL_BASELINE,HF9g-P5,,,,X 全窗基线 · 不参与实体赏罚,8398076,840,A168_HF9F_20260827_0900,2026-08-27 09:00:00
2026-07-18,129740297,2174,0,11.2414667048,1.0219515186,1.0219515186,0.5000000,2,2,0.50665070000000000,0.506650700000,-0.018812684590367487,-0.018812684590367487,-0.018812684590367487,0E-17,ELIGIBLE,R03b_20260811_FULL_v1,L1_ELIGIBILITY,v2026-08-11,2026-03-21..2026-08-06,baccarat_bet02_101_all_pairs_incl_sentinel,round_win = game_pnl > 0 (decisive only),COMPATIBILITY_ONLY_NOT_PRODUCTION,42404.8770,37633.9694,483.2517,2200,2196,-0.01139613,0.00825174,-0.01739291,-0.01139613,-483.2517,42404.8770,OK,0.0000,19.3301,4.0000,96.0000,AG03-UNRESOLVED,ALL5_LEVELS_bet23_to_bet27,19.3301,19.3301,19.3301,24.1626,24.1626,4.000000,4.000000,4.000000,5.000000,5.000000,96.000000,96.000000,96.000000,95.000000,95.000000,5.0,106.3154,97.3877,376.9363,385.864,PENDING_AG03,FALSE,NOT_FOR_ENFORCEMENT,463.9216,36128.6106,483.2517,463.9216,19.3301,0.01139613,0.01094029,19.3301,463.9216,0.01094029,19.3301,19.3301,19.3301,24.1626,24.1626,463.9216,0.01094029,106.3154,97.3877,376.9363,385.864,0.00888898,0.00909952,0.00045585,19.2749,17.1375,0.2201,5.7530,0.6409,504.8200,26.1429,7.1751,39.7174,2.9515,6.1317,20.2037,44.018,88.0359,220.0898,5.1098,0.0,14.357485,35.893712,3.143486,29,158,125,3,0.23384124,0.01139613,-0.00825174,0E-8,0.000000,0.887492,0.846818,0.02564465,2026-03-24,2026-08-06,84,754,547,136,0.617647,0.180654,0.372251,0.779471,,,,,,,,GLOBAL_BASELINE_NO_ENTITY_RANKING,,,NOT_APPLICABLE_GLOBAL_BASELINE,HF9g-P5,,,,X 全窗基线 · 不参与实体赏罚,8398077,840,A168_HF9F_20260827_0900,2026-08-27 09:00:00
2026-07-18,129740297,2205,0,53.1414789682,22.4829334097,22.4829334097,0.6666667,7,7,0.50665070000000000,0.506650700000,0.7839842952205449,0.7839842952205449,0.7839842952205449,0E-17,ELIGIBLE,R03b_20260811_FULL_v1,L1_ELIGIBILITY,v2026-08-11,2026-03-21..2026-08-06,baccarat_bet02_101_all_pairs_incl_sentinel,round_win = game_pnl > 0 (decisive only),COMPATIBILITY_ONLY_NOT_PRODUCTION,42404.8770,37633.9694,483.2517,2200,2196,-0.01139613,0.00825174,-0.01739291,-0.01139613,-483.2517,42404.8770,OK,0.0000,19.3301,4.0000,96.0000,AG03-UNRESOLVED,ALL5_LEVELS_bet23_to_bet27,19.3301,19.3301,19.3301,24.1626,24.1626,4.000000,4.000000,4.000000,5.000000,5.000000,96.000000,96.000000,96.000000,95.000000,95.000000,5.0,106.3154,97.3877,376.9363,385.864,PENDING_AG03,FALSE,NOT_FOR_ENFORCEMENT,463.9216,36128.6106,483.2517,463.9216,19.3301,0.01139613,0.01094029,19.3301,463.9216,0.01094029,19.3301,19.3301,19.3301,24.1626,24.1626,463.9216,0.01094029,106.3154,97.3877,376.9363,385.864,0.00888898,0.00909952,0.00045585,19.2749,17.1375,0.2201,5.7530,0.6409,504.8200,26.1429,7.1751,39.7174,2.9515,6.1317,20.2037,44.018,88.0359,220.0898,5.1098,0.0,14.357485,35.893712,3.143486,29,158,125,3,0.23384124,0.01139613,-0.00825174,0E-8,0.000000,0.887492,0.846818,0.02564465,2026-03-24,2026-08-06,84,754,547,136,0.617647,0.180654,0.372251,0.779471,,,,,,,,GLOBAL_BASELINE_NO_ENTITY_RANKING,,,NOT_APPLICABLE_GLOBAL_BASELINE,HF9g-P5,,,,X 全窗基线 · 不参与实体赏罚,8398078,840,A168_HF9F_20260827_0900,2026-08-27 09:00:00
2026-07-18,129740297,2212,0,12.2634182234,0E-10,0E-10,0.5000000,2,2,0.50665070000000000,0.506650700000,-0.018812684590367487,-0.018812684590367487,-0.018812684590367487,0E-17,ELIGIBLE,R03b_20260811_FULL_v1,L1_ELIGIBILITY,v2026-08-11,2026-03-21..2026-08-06,baccarat_bet02_101_all_pairs_incl_sentinel,round_win = game_pnl > 0 (decisive only),COMPATIBILITY_ONLY_NOT_PRODUCTION,42404.8770,37633.9694,483.2517,2200,2196,-0.01139613,0.00825174,-0.01739291,-0.01139613,-483.2517,42404.8770,OK,0.0000,19.3301,4.0000,96.0000,AG03-UNRESOLVED,ALL5_LEVELS_bet23_to_bet27,19.3301,19.3301,19.3301,24.1626,24.1626,4.000000,4.000000,4.000000,5.000000,5.000000,96.000000,96.000000,96.000000,95.000000,95.000000,5.0,106.3154,97.3877,376.9363,385.864,PENDING_AG03,FALSE,NOT_FOR_ENFORCEMENT,463.9216,36128.6106,483.2517,463.9216,19.3301,0.01139613,0.01094029,19.3301,463.9216,0.01094029,19.3301,19.3301,19.3301,24.1626,24.1626,463.9216,0.01094029,106.3154,97.3877,376.9363,385.864,0.00888898,0.00909952,0.00045585,19.2749,17.1375,0.2201,5.7530,0.6409,504.8200,26.1429,7.1751,39.7174,2.9515,6.1317,20.2037,44.018,88.0359,220.0898,5.1098,0.0,14.357485,35.893712,3.143486,29,158,125,3,0.23384124,0.01139613,-0.00825174,0E-8,0.000000,0.887492,0.846818,0.02564465,2026-03-24,2026-08-06,84,754,547,136,0.617647,0.180654,0.372251,0.779471,,,,,,,,GLOBAL_BASELINE_NO_ENTITY_RANKING,,,NOT_APPLICABLE_GLOBAL_BASELINE,HF9g-P5,,,,X 全窗基线 · 不参与实体赏罚,8398079,840,A168_HF9F_20260827_0900,2026-08-27 09:00:00
2026-07-18,129740297,2229,0,12.2634182234,0E-10,0E-10,0.5000000,2,2,0.50665070000000000,0.506650700000,-0.018812684590367487,-0.018812684590367487,-0.018812684590367487,0E-17,ELIGIBLE,R03b_20260811_FULL_v1,L1_ELIGIBILITY,v2026-08-11,2026-03-21..2026-08-06,baccarat_bet02_101_all_pairs_incl_sentinel,round_win = game_pnl > 0 (decisive only),COMPATIBILITY_ONLY_NOT_PRODUCTION,42404.8770,37633.9694,483.2517,2200,2196,-0.01139613,0.00825174,-0.01739291,-0.01139613,-483.2517,42404.8770,OK,0.0000,19.3301,4.0000,96.0000,AG03-UNRESOLVED,ALL5_LEVELS_bet23_to_bet27,19.3301,19.3301,19.3301,24.1626,24.1626,4.000000,4.000000,4.000000,5.000000,5.000000,96.000000,96.000000,96.000000,95.000000,95.000000,5.0,106.3154,97.3877,376.9363,385.864,PENDING_AG03,FALSE,NOT_FOR_ENFORCEMENT,463.9216,36128.6106,483.2517,463.9216,19.3301,0.01139613,0.01094029,19.3301,463.9216,0.01094029,19.3301,19.3301,19.3301,24.1626,24.1626,463.9216,0.01094029,106.3154,97.3877,376.9363,385.864,0.00888898,0.00909952,0.00045585,19.2749,17.1375,0.2201,5.7530,0.6409,504.8200,26.1429,7.1751,39.7174,2.9515,6.1317,20.2037,44.018,88.0359,220.0898,5.1098,0.0,14.357485,35.893712,3.143486,29,158,125,3,0.23384124,0.01139613,-0.00825174,0E-8,0.000000,0.887492,0.846818,0.02564465,2026-03-24,2026-08-06,84,754,547,136,0.617647,0.180654,0.372251,0.779471,,,,,,,,GLOBAL_BASELINE_NO_ENTITY_RANKING,,,NOT_APPLICABLE_GLOBAL_BASELINE,HF9g-P5,,,,X 全窗基线 · 不参与实体赏罚,8398080,840,A168_HF9F_20260827_0900,2026-08-27 09:00:00
2026-07-18,129740297,583,0,6.1317091117,6.1317091117,6.1317091117,1.0000000,1,1,0.50665070000000000,0.506650700000,0.9867858985152569,0.9867858985152569,0.9867858985152569,0E-17,ELIGIBLE,R03b_20260811_FULL_v1,L1_ELIGIBILITY,v2026-08-11,2026-03-21..2026-08-06,baccarat_bet02_101_all_pairs_incl_sentinel,round_win = game_pnl > 0 (decisive only),COMPATIBILITY_ONLY_NOT_PRODUCTION,42404.8770,37633.9694,483.2517,2200,2196,-0.01139613,0.00825174,-0.01739291,-0.01139613,-483.2517,42404.8770,OK,0.0000,19.3301,4.0000,96.0000,AG03-UNRESOLVED,ALL5_LEVELS_bet23_to_bet27,19.3301,19.3301,19.3301,24.1626,24.1626,4.000000,4.000000,4.000000,5.000000,5.000000,96.000000,96.000000,96.000000,95.000000,95.000000,5.0,106.3154,97.3877,376.9363,385.864,PENDING_AG03,FALSE,NOT_FOR_ENFORCEMENT,463.9216,36128.6106,483.2517,463.9216,19.3301,0.01139613,0.01094029,19.3301,463.9216,0.01094029,19.3301,19.3301,19.3301,24.1626,24.1626,463.9216,0.01094029,106.3154,97.3877,376.9363,385.864,0.00888898,0.00909952,0.00045585,19.2749,17.1375,0.2201,5.7530,0.6409,504.8200,26.1429,7.1751,39.7174,2.9515,6.1317,20.2037,44.018,88.0359,220.0898,5.1098,0.0,14.357485,35.893712,3.143486,29,158,125,3,0.23384124,0.01139613,-0.00825174,0E-8,0.000000,0.887492,0.846818,0.02564465,2026-03-24,2026-08-06,84,754,547,136,0.617647,0.180654,0.372251,0.779471,,,,,,,,GLOBAL_BASELINE_NO_ENTITY_RANKING,,,NOT_APPLICABLE_GLOBAL_BASELINE,HF9g-P5,,,,X 全窗基线 · 不参与实体赏罚,8398081,840,A168_HF9F_20260827_0900,2026-08-27 09:00:00
2026-07-19,129740297,-1,1,8.1756121489,-4.0878060745,-4.0878060745,0.3333333,3,3,0.49771390000000000,0.497713900000,-0.5694369385616226,-0.5694369385616226,-0.5694369385616226,0E-17,SENTINEL_DEALER,R03b_20260811_FULL_v1,L1_ELIGIBILITY,v2026-08-11,2026-03-21..2026-08-06,baccarat_bet02_101_all_pairs_incl_sentinel,round_win = game_pnl > 0 (decisive only),COMPATIBILITY_ONLY_NOT_PRODUCTION,42404.8770,37633.9694,483.2517,2200,2196,-0.01139613,0.00825174,-0.01739291,-0.01139613,-483.2517,42404.8770,OK,0.0000,19.3301,4.0000,96.0000,AG03-UNRESOLVED,ALL5_LEVELS_bet23_to_bet27,19.3301,19.3301,19.3301,24.1626,24.1626,4.000000,4.000000,4.000000,5.000000,5.000000,96.000000,96.000000,96.000000,95.000000,95.000000,5.0,106.3154,97.3877,376.9363,385.864,PENDING_AG03,FALSE,NOT_FOR_ENFORCEMENT,463.9216,36128.6106,483.2517,463.9216,19.3301,0.01139613,0.01094029,19.3301,463.9216,0.01094029,19.3301,19.3301,19.3301,24.1626,24.1626,463.9216,0.01094029,106.3154,97.3877,376.9363,385.864,0.00888898,0.00909952,0.00045585,19.2749,17.1375,0.2201,5.7530,0.6409,504.8200,26.1429,7.1751,39.7174,2.9515,6.1317,20.2037,44.018,88.0359,220.0898,5.1098,0.0,14.357485,35.893712,3.143486,29,158,125,3,0.23384124,0.01139613,-0.00825174,0E-8,0.000000,0.887492,0.846818,0.02564465,2026-03-24,2026-08-06,84,754,547,136,0.617647,0.180654,0.372251,0.779471,,,,,,,,GLOBAL_BASELINE_NO_ENTITY_RANKING,,,NOT_APPLICABLE_GLOBAL_BASELINE,HF9g-P5,,,,X 全窗基线 · 不参与实体赏罚,8398082,840,A168_HF9F_20260827_0900,2026-08-27 09:00:00
2026-07-19,129740297,1221,0,6.1317091117,-6.1317091117,-6.1317091117,0E-7,1,1,0.49324550000000000,0.493245500000,-0.9865810262130424,-0.9865810262130424,-0.9865810262130424,0E-17,ELIGIBLE,R03b_20260811_FULL_v1,L1_ELIGIBILITY,v2026-08-11,2026-03-21..2026-08-06,baccarat_bet02_101_all_pairs_incl_sentinel,round_win = game_pnl > 0 (decisive only),COMPATIBILITY_ONLY_NOT_PRODUCTION,42404.8770,37633.9694,483.2517,2200,2196,-0.01139613,0.00825174,-0.01739291,-0.01139613,-483.2517,42404.8770,OK,0.0000,19.3301,4.0000,96.0000,AG03-UNRESOLVED,ALL5_LEVELS_bet23_to_bet27,19.3301,19.3301,19.3301,24.1626,24.1626,4.000000,4.000000,4.000000,5.000000,5.000000,96.000000,96.000000,96.000000,95.000000,95.000000,5.0,106.3154,97.3877,376.9363,385.864,PENDING_AG03,FALSE,NOT_FOR_ENFORCEMENT,463.9216,36128.6106,483.2517,463.9216,19.3301,0.01139613,0.01094029,19.3301,463.9216,0.01094029,19.3301,19.3301,19.3301,24.1626,24.1626,463.9216,0.01094029,106.3154,97.3877,376.9363,385.864,0.00888898,0.00909952,0.00045585,19.2749,17.1375,0.2201,5.7530,0.6409,504.8200,26.1429,7.1751,39.7174,2.9515,6.1317,20.2037,44.018,88.0359,220.0898,5.1098,0.0,14.357485,35.893712,3.143486,29,158,125,3,0.23384124,0.01139613,-0.00825174,0E-8,0.000000,0.887492,0.846818,0.02564465,2026-03-24,2026-08-06,84,754,547,136,0.617647,0.180654,0.372251,0.779471,,,,,,,,GLOBAL_BASELINE_NO_ENTITY_RANKING,,,NOT_APPLICABLE_GLOBAL_BASELINE,HF9g-P5,,,,X 全窗基线 · 不参与实体赏罚,8398083,840,A168_HF9F_20260827_0900,2026-08-27 09:00:00
2026-07-19,129740297,1307,0,70.5146547847,7.1536606304,7.1536606304,0.6153846,14,14,0.50665070000000000,0.506650700000,0.7841607873736876,0.7841607873736876,0.7841607873736876,0E-17,ELIGIBLE,R03b_20260811_FULL_v1,L1_ELIGIBILITY,v2026-08-11,2026-03-21..2026-08-06,baccarat_bet02_101_all_pairs_incl_sentinel,round_win = game_pnl > 0 (decisive only),COMPATIBILITY_ONLY_NOT_PRODUCTION,42404.8770,37633.9694,483.2517,2200,2196,-0.01139613,0.00825174,-0.01739291,-0.01139613,-483.2517,42404.8770,OK,0.0000,19.3301,4.0000,96.0000,AG03-UNRESOLVED,ALL5_LEVELS_bet23_to_bet27,19.3301,19.3301,19.3301,24.1626,24.1626,4.000000,4.000000,4.000000,5.000000,5.000000,96.000000,96.000000,96.000000,95.000000,95.000000,5.0,106.3154,97.3877,376.9363,385.864,PENDING_AG03,FALSE,NOT_FOR_ENFORCEMENT,463.9216,36128.6106,483.2517,463.9216,19.3301,0.01139613,0.01094029,19.3301,463.9216,0.01094029,19.3301,19.3301,19.3301,24.1626,24.1626,463.9216,0.01094029,106.3154,97.3877,376.9363,385.864,0.00888898,0.00909952,0.00045585,19.2749,17.1375,0.2201,5.7530,0.6409,504.8200,26.1429,7.1751,39.7174,2.9515,6.1317,20.2037,44.018,88.0359,220.0898,5.1098,0.0,14.357485,35.893712,3.143486,29,158,125,3,0.23384124,0.01139613,-0.00825174,0E-8,0.000000,0.887492,0.846818,0.02564465,2026-03-24,2026-08-06,84,754,547,136,0.617647,0.180654,0.372251,0.779471,,,,,,,,GLOBAL_BASELINE_NO_ENTITY_RANKING,,,NOT_APPLICABLE_GLOBAL_BASELINE,HF9g-P5,,,,X 全窗基线 · 不参与实体赏罚,8398084,840,A168_HF9F_20260827_0900,2026-08-27 09:00:00
2026-07-19,129740297,1374,0,16.7600049053,-0.8175612149,-0.8175612149,0.5000000,3,3,0.50665070000000000,0.506650700000,-0.018812684590367487,-0.018812684590367487,-0.018812684590367487,0E-17,ELIGIBLE,R03b_20260811_FULL_v1,L1_ELIGIBILITY,v2026-08-11,2026-03-21..2026-08-06,baccarat_bet02_101_all_pairs_incl_sentinel,round_win = game_pnl > 0 (decisive only),COMPATIBILITY_ONLY_NOT_PRODUCTION,42404.8770,37633.9694,483.2517,2200,2196,-0.01139613,0.00825174,-0.01739291,-0.01139613,-483.2517,42404.8770,OK,0.0000,19.3301,4.0000,96.0000,AG03-UNRESOLVED,ALL5_LEVELS_bet23_to_bet27,19.3301,19.3301,19.3301,24.1626,24.1626,4.000000,4.000000,4.000000,5.000000,5.000000,96.000000,96.000000,96.000000,95.000000,95.000000,5.0,106.3154,97.3877,376.9363,385.864,PENDING_AG03,FALSE,NOT_FOR_ENFORCEMENT,463.9216,36128.6106,483.2517,463.9216,19.3301,0.01139613,0.01094029,19.3301,463.9216,0.01094029,19.3301,19.3301,19.3301,24.1626,24.1626,463.9216,0.01094029,106.3154,97.3877,376.9363,385.864,0.00888898,0.00909952,0.00045585,19.2749,17.1375,0.2201,5.7530,0.6409,504.8200,26.1429,7.1751,39.7174,2.9515,6.1317,20.2037,44.018,88.0359,220.0898,5.1098,0.0,14.357485,35.893712,3.143486,29,158,125,3,0.23384124,0.01139613,-0.00825174,0E-8,0.000000,0.887492,0.846818,0.02564465,2026-03-24,2026-08-06,84,754,547,136,0.617647,0.180654,0.372251,0.779471,,,,,,,,GLOBAL_BASELINE_NO_ENTITY_RANKING,,,NOT_APPLICABLE_GLOBAL_BASELINE,HF9g-P5,,,,X 全窗基线 · 不参与实体赏罚,8398085,840,A168_HF9F_20260827_0900,2026-08-27 09:00:00
2026-07-19,129740297,1490,0,7.1536606303,3.0658545559,3.0658545559,0.6666667,3,3,0.50665070000000000,0.506650700000,0.5543606114942035,0.5543606114942035,0.5543606114942035,0E-17,ELIGIBLE,R03b_20260811_FULL_v1,L1_ELIGIBILITY,v2026-08-11,2026-03-21..2026-08-06,baccarat_bet02_101_all_pairs_incl_sentinel,round_win = game_pnl > 0 (decisive only),COMPATIBILITY_ONLY_NOT_PRODUCTION,42404.8770,37633.9694,483.2517,2200,2196,-0.01139613,0.00825174,-0.01739291,-0.01139613,-483.2517,42404.8770,OK,0.0000,19.3301,4.0000,96.0000,AG03-UNRESOLVED,ALL5_LEVELS_bet23_to_bet27,19.3301,19.3301,19.3301,24.1626,24.1626,4.000000,4.000000,4.000000,5.000000,5.000000,96.000000,96.000000,96.000000,95.000000,95.000000,5.0,106.3154,97.3877,376.9363,385.864,PENDING_AG03,FALSE,NOT_FOR_ENFORCEMENT,463.9216,36128.6106,483.2517,463.9216,19.3301,0.01139613,0.01094029,19.3301,463.9216,0.01094029,19.3301,19.3301,19.3301,24.1626,24.1626,463.9216,0.01094029,106.3154,97.3877,376.9363,385.864,0.00888898,0.00909952,0.00045585,19.2749,17.1375,0.2201,5.7530,0.6409,504.8200,26.1429,7.1751,39.7174,2.9515,6.1317,20.2037,44.018,88.0359,220.0898,5.1098,0.0,14.357485,35.893712,3.143486,29,158,125,3,0.23384124,0.01139613,-0.00825174,0E-8,0.000000,0.887492,0.846818,0.02564465,2026-03-24,2026-08-06,84,754,547,136,0.617647,0.180654,0.372251,0.779471,,,,,,,,GLOBAL_BASELINE_NO_ENTITY_RANKING,,,NOT_APPLICABLE_GLOBAL_BASELINE,HF9g-P5,,,,X 全窗基线 · 不参与实体赏罚,8398086,840,A168_HF9F_20260827_0900,2026-08-27 09:00:00
2026-07-19,129740297,1505,0,24.5268364468,-12.2634182234,-12.2634182234,0.3333333,3,3,0.49324550000000000,0.493245500000,-0.5540025479526107,-0.5540025479526106,-0.5540025479526107,0E-17,ELIGIBLE,R03b_20260811_FULL_v1,L1_ELIGIBILITY,v2026-08-11,2026-03-21..2026-08-06,baccarat_bet02_101_all_pairs_incl_sentinel,round_win = game_pnl > 0 (decisive only),COMPATIBILITY_ONLY_NOT_PRODUCTION,42404.8770,37633.9694,483.2517,2200,2196,-0.01139613,0.00825174,-0.01739291,-0.01139613,-483.2517,42404.8770,OK,0.0000,19.3301,4.0000,96.0000,AG03-UNRESOLVED,ALL5_LEVELS_bet23_to_bet27,19.3301,19.3301,19.3301,24.1626,24.1626,4.000000,4.000000,4.000000,5.000000,5.000000,96.000000,96.000000,96.000000,95.000000,95.000000,5.0,106.3154,97.3877,376.9363,385.864,PENDING_AG03,FALSE,NOT_FOR_ENFORCEMENT,463.9216,36128.6106,483.2517,463.9216,19.3301,0.01139613,0.01094029,19.3301,463.9216,0.01094029,19.3301,19.3301,19.3301,24.1626,24.1626,463.9216,0.01094029,106.3154,97.3877,376.9363,385.864,0.00888898,0.00909952,0.00045585,19.2749,17.1375,0.2201,5.7530,0.6409,504.8200,26.1429,7.1751,39.7174,2.9515,6.1317,20.2037,44.018,88.0359,220.0898,5.1098,0.0,14.357485,35.893712,3.143486,29,158,125,3,0.23384124,0.01139613,-0.00825174,0E-8,0.000000,0.887492,0.846818,0.02564465,2026-03-24,2026-08-06,84,754,547,136,0.617647,0.180654,0.372251,0.779471,,,,,,,,GLOBAL_BASELINE_NO_ENTITY_RANKING,,,NOT_APPLICABLE_GLOBAL_BASELINE,HF9g-P5,,,,X 全窗基线 · 不参与实体赏罚,8398087,840,A168_HF9F_20260827_0900,2026-08-27 09:00:00
2026-07-19,129740297,1750,0,2.0439030372,2.0439030372,2.0439030372,1.0000000,1,1,0.49324550000000000,0.493245500000,1.01360149184955,1.01360149184955,1.01360149184955,0E-17,ELIGIBLE,R03b_20260811_FULL_v1,L1_ELIGIBILITY,v2026-08-11,2026-03-21..2026-08-06,baccarat_bet02_101_all_pairs_incl_sentinel,round_win = game_pnl > 0 (decisive only),COMPATIBILITY_ONLY_NOT_PRODUCTION,42404.8770,37633.9694,483.2517,2200,2196,-0.01139613,0.00825174,-0.01739291,-0.01139613,-483.2517,42404.8770,OK,0.0000,19.3301,4.0000,96.0000,AG03-UNRESOLVED,ALL5_LEVELS_bet23_to_bet27,19.3301,19.3301,19.3301,24.1626,24.1626,4.000000,4.000000,4.000000,5.000000,5.000000,96.000000,96.000000,96.000000,95.000000,95.000000,5.0,106.3154,97.3877,376.9363,385.864,PENDING_AG03,FALSE,NOT_FOR_ENFORCEMENT,463.9216,36128.6106,483.2517,463.9216,19.3301,0.01139613,0.01094029,19.3301,463.9216,0.01094029,19.3301,19.3301,19.3301,24.1626,24.1626,463.9216,0.01094029,106.3154,97.3877,376.9363,385.864,0.00888898,0.00909952,0.00045585,19.2749,17.1375,0.2201,5.7530,0.6409,504.8200,26.1429,7.1751,39.7174,2.9515,6.1317,20.2037,44.018,88.0359,220.0898,5.1098,0.0,14.357485,35.893712,3.143486,29,158,125,3,0.23384124,0.01139613,-0.00825174,0E-8,0.000000,0.887492,0.846818,0.02564465,2026-03-24,2026-08-06,84,754,547,136,0.617647,0.180654,0.372251,0.779471,,,,,,,,GLOBAL_BASELINE_NO_ENTITY_RANKING,,,NOT_APPLICABLE_GLOBAL_BASELINE,HF9g-P5,,,,X 全窗基线 · 不参与实体赏罚,8398088,840,A168_HF9F_20260827_0900,2026-08-27 09:00:00
2026-07-19,129740297,1941,0,18.3951273351,0E-10,0E-10,0.5000000,3,3,0.49324550000000000,0.493245500000,0.01910635448239258,0.01910635448239258,0.01910635448239258,0E-17,ELIGIBLE,R03b_20260811_FULL_v1,L1_ELIGIBILITY,v2026-08-11,2026-03-21..2026-08-06,baccarat_bet02_101_all_pairs_incl_sentinel,round_win = game_pnl > 0 (decisive only),COMPATIBILITY_ONLY_NOT_PRODUCTION,42404.8770,37633.9694,483.2517,2200,2196,-0.01139613,0.00825174,-0.01739291,-0.01139613,-483.2517,42404.8770,OK,0.0000,19.3301,4.0000,96.0000,AG03-UNRESOLVED,ALL5_LEVELS_bet23_to_bet27,19.3301,19.3301,19.3301,24.1626,24.1626,4.000000,4.000000,4.000000,5.000000,5.000000,96.000000,96.000000,96.000000,95.000000,95.000000,5.0,106.3154,97.3877,376.9363,385.864,PENDING_AG03,FALSE,NOT_FOR_ENFORCEMENT,463.9216,36128.6106,483.2517,463.9216,19.3301,0.01139613,0.01094029,19.3301,463.9216,0.01094029,19.3301,19.3301,19.3301,24.1626,24.1626,463.9216,0.01094029,106.3154,97.3877,376.9363,385.864,0.00888898,0.00909952,0.00045585,19.2749,17.1375,0.2201,5.7530,0.6409,504.8200,26.1429,7.1751,39.7174,2.9515,6.1317,20.2037,44.018,88.0359,220.0898,5.1098,0.0,14.357485,35.893712,3.143486,29,158,125,3,0.23384124,0.01139613,-0.00825174,0E-8,0.000000,0.887492,0.846818,0.02564465,2026-03-24,2026-08-06,84,754,547,136,0.617647,0.180654,0.372251,0.779471,,,,,,,,GLOBAL_BASELINE_NO_ENTITY_RANKING,,,NOT_APPLICABLE_GLOBAL_BASELINE,HF9g-P5,,,,X 全窗基线 · 不参与实体赏罚,8398089,840,A168_HF9F_20260827_0900,2026-08-27 09:00:00
2026-07-19,129740297,1985,0,4.0878060744,0E-10,0E-10,0.6666667,3,3,0.49324550000000000,0.493245500000,0.6008033672792107,0.6008033672792106,0.6008033672792107,0E-17,ELIGIBLE,R03b_20260811_FULL_v1,L1_ELIGIBILITY,v2026-08-11,2026-03-21..2026-08-06,baccarat_bet02_101_all_pairs_incl_sentinel,round_win = game_pnl > 0 (decisive only),COMPATIBILITY_ONLY_NOT_PRODUCTION,42404.8770,37633.9694,483.2517,2200,2196,-0.01139613,0.00825174,-0.01739291,-0.01139613,-483.2517,42404.8770,OK,0.0000,19.3301,4.0000,96.0000,AG03-UNRESOLVED,ALL5_LEVELS_bet23_to_bet27,19.3301,19.3301,19.3301,24.1626,24.1626,4.000000,4.000000,4.000000,5.000000,5.000000,96.000000,96.000000,96.000000,95.000000,95.000000,5.0,106.3154,97.3877,376.9363,385.864,PENDING_AG03,FALSE,NOT_FOR_ENFORCEMENT,463.9216,36128.6106,483.2517,463.9216,19.3301,0.01139613,0.01094029,19.3301,463.9216,0.01094029,19.3301,19.3301,19.3301,24.1626,24.1626,463.9216,0.01094029,106.3154,97.3877,376.9363,385.864,0.00888898,0.00909952,0.00045585,19.2749,17.1375,0.2201,5.7530,0.6409,504.8200,26.1429,7.1751,39.7174,2.9515,6.1317,20.2037,44.018,88.0359,220.0898,5.1098,0.0,14.357485,35.893712,3.143486,29,158,125,3,0.23384124,0.01139613,-0.00825174,0E-8,0.000000,0.887492,0.846818,0.02564465,2026-03-24,2026-08-06,84,754,547,136,0.617647,0.180654,0.372251,0.779471,,,,,,,,GLOBAL_BASELINE_NO_ENTITY_RANKING,,,NOT_APPLICABLE_GLOBAL_BASELINE,HF9g-P5,,,,X 全窗基线 · 不参与实体赏罚,8398090,840,A168_HF9F_20260827_0900,2026-08-27 09:00:00
2026-07-19,129740297,2115,0,4.0878060744,-4.0878060744,-4.0878060744,0E-7,2,2,0.49324550000000000,0.493245500000,-1.3952362676504506,-1.3952362676504506,-1.3952362676504506,0E-17,ELIGIBLE,R03b_20260811_FULL_v1,L1_ELIGIBILITY,v2026-08-11,2026-03-21..2026-08-06,baccarat_bet02_101_all_pairs_incl_sentinel,round_win = game_pnl > 0 (decisive only),COMPATIBILITY_ONLY_NOT_PRODUCTION,42404.8770,37633.9694,483.2517,2200,2196,-0.01139613,0.00825174,-0.01739291,-0.01139613,-483.2517,42404.8770,OK,0.0000,19.3301,4.0000,96.0000,AG03-UNRESOLVED,ALL5_LEVELS_bet23_to_bet27,19.3301,19.3301,19.3301,24.1626,24.1626,4.000000,4.000000,4.000000,5.000000,5.000000,96.000000,96.000000,96.000000,95.000000,95.000000,5.0,106.3154,97.3877,376.9363,385.864,PENDING_AG03,FALSE,NOT_FOR_ENFORCEMENT,463.9216,36128.6106,483.2517,463.9216,19.3301,0.01139613,0.01094029,19.3301,463.9216,0.01094029,19.3301,19.3301,19.3301,24.1626,24.1626,463.9216,0.01094029,106.3154,97.3877,376.9363,385.864,0.00888898,0.00909952,0.00045585,19.2749,17.1375,0.2201,5.7530,0.6409,504.8200,26.1429,7.1751,39.7174,2.9515,6.1317,20.2037,44.018,88.0359,220.0898,5.1098,0.0,14.357485,35.893712,3.143486,29,158,125,3,0.23384124,0.01139613,-0.00825174,0E-8,0.000000,0.887492,0.846818,0.02564465,2026-03-24,2026-08-06,84,754,547,136,0.617647,0.180654,0.372251,0.779471,,,,,,,,GLOBAL_BASELINE_NO_ENTITY_RANKING,,,NOT_APPLICABLE_GLOBAL_BASELINE,HF9g-P5,,,,X 全窗基线 · 不参与实体赏罚,8398091,840,A168_HF9F_20260827_0900,2026-08-27 09:00:00
2026-07-19,129740297,2127,0,6.1317091116,-2.0439030372,-2.0439030372,0.3333333,3,3,0.50665070000000000,0.506650700000,-0.6004420894325239,-0.6004420894325239,-0.6004420894325239,0E-17,ELIGIBLE,R03b_20260811_FULL_v1,L1_ELIGIBILITY,v2026-08-11,2026-03-21..2026-08-06,baccarat_bet02_101_all_pairs_incl_sentinel,round_win = game_pnl > 0 (decisive only),COMPATIBILITY_ONLY_NOT_PRODUCTION,42404.8770,37633.9694,483.2517,2200,2196,-0.01139613,0.00825174,-0.01739291,-0.01139613,-483.2517,42404.8770,OK,0.0000,19.3301,4.0000,96.0000,AG03-UNRESOLVED,ALL5_LEVELS_bet23_to_bet27,19.3301,19.3301,19.3301,24.1626,24.1626,4.000000,4.000000,4.000000,5.000000,5.000000,96.000000,96.000000,96.000000,95.000000,95.000000,5.0,106.3154,97.3877,376.9363,385.864,PENDING_AG03,FALSE,NOT_FOR_ENFORCEMENT,463.9216,36128.6106,483.2517,463.9216,19.3301,0.01139613,0.01094029,19.3301,463.9216,0.01094029,19.3301,19.3301,19.3301,24.1626,24.1626,463.9216,0.01094029,106.3154,97.3877,376.9363,385.864,0.00888898,0.00909952,0.00045585,19.2749,17.1375,0.2201,5.7530,0.6409,504.8200,26.1429,7.1751,39.7174,2.9515,6.1317,20.2037,44.018,88.0359,220.0898,5.1098,0.0,14.357485,35.893712,3.143486,29,158,125,3,0.23384124,0.01139613,-0.00825174,0E-8,0.000000,0.887492,0.846818,0.02564465,2026-03-24,2026-08-06,84,754,547,136,0.617647,0.180654,0.372251,0.779471,,,,,,,,GLOBAL_BASELINE_NO_ENTITY_RANKING,,,NOT_APPLICABLE_GLOBAL_BASELINE,HF9g-P5,,,,X 全窗基线 · 不参与实体赏罚,8398092,840,A168_HF9F_20260827_0900,2026-08-27 09:00:00
2026-07-19,129740297,2147,0,40.8780607447,0E-10,0E-10,0.6000000,6,6,0.50665070000000000,0.506650700000,0.4175076967804994,0.4175076967804994,0.4175076967804994,0E-17,ELIGIBLE,R03b_20260811_FULL_v1,L1_ELIGIBILITY,v2026-08-11,2026-03-21..2026-08-06,baccarat_bet02_101_all_pairs_incl_sentinel,round_win = game_pnl > 0 (decisive only),COMPATIBILITY_ONLY_NOT_PRODUCTION,42404.8770,37633.9694,483.2517,2200,2196,-0.01139613,0.00825174,-0.01739291,-0.01139613,-483.2517,42404.8770,OK,0.0000,19.3301,4.0000,96.0000,AG03-UNRESOLVED,ALL5_LEVELS_bet23_to_bet27,19.3301,19.3301,19.3301,24.1626,24.1626,4.000000,4.000000,4.000000,5.000000,5.000000,96.000000,96.000000,96.000000,95.000000,95.000000,5.0,106.3154,97.3877,376.9363,385.864,PENDING_AG03,FALSE,NOT_FOR_ENFORCEMENT,463.9216,36128.6106,483.2517,463.9216,19.3301,0.01139613,0.01094029,19.3301,463.9216,0.01094029,19.3301,19.3301,19.3301,24.1626,24.1626,463.9216,0.01094029,106.3154,97.3877,376.9363,385.864,0.00888898,0.00909952,0.00045585,19.2749,17.1375,0.2201,5.7530,0.6409,504.8200,26.1429,7.1751,39.7174,2.9515,6.1317,20.2037,44.018,88.0359,220.0898,5.1098,0.0,14.357485,35.893712,3.143486,29,158,125,3,0.23384124,0.01139613,-0.00825174,0E-8,0.000000,0.887492,0.846818,0.02564465,2026-03-24,2026-08-06,84,754,547,136,0.617647,0.180654,0.372251,0.779471,,,,,,,,GLOBAL_BASELINE_NO_ENTITY_RANKING,,,NOT_APPLICABLE_GLOBAL_BASELINE,HF9g-P5,,,,X 全窗基线 · 不参与实体赏罚,8398093,840,A168_HF9F_20260827_0900,2026-08-27 09:00:00
2026-07-19,129740297,2174,0,14.3073212604,2.0439030372,2.0439030372,0.5714286,7,7,0.50473567142857143,0.504735671429,0.35292148522900274,0.3529214852267378,0.35292148522900274,-4.2857E-13,ELIGIBLE,R03b_20260811_FULL_v1,L1_ELIGIBILITY,v2026-08-11,2026-03-21..2026-08-06,baccarat_bet02_101_all_pairs_incl_sentinel,round_win = game_pnl > 0 (decisive only),COMPATIBILITY_ONLY_NOT_PRODUCTION,42404.8770,37633.9694,483.2517,2200,2196,-0.01139613,0.00825174,-0.01739291,-0.01139613,-483.2517,42404.8770,OK,0.0000,19.3301,4.0000,96.0000,AG03-UNRESOLVED,ALL5_LEVELS_bet23_to_bet27,19.3301,19.3301,19.3301,24.1626,24.1626,4.000000,4.000000,4.000000,5.000000,5.000000,96.000000,96.000000,96.000000,95.000000,95.000000,5.0,106.3154,97.3877,376.9363,385.864,PENDING_AG03,FALSE,NOT_FOR_ENFORCEMENT,463.9216,36128.6106,483.2517,463.9216,19.3301,0.01139613,0.01094029,19.3301,463.9216,0.01094029,19.3301,19.3301,19.3301,24.1626,24.1626,463.9216,0.01094029,106.3154,97.3877,376.9363,385.864,0.00888898,0.00909952,0.00045585,19.2749,17.1375,0.2201,5.7530,0.6409,504.8200,26.1429,7.1751,39.7174,2.9515,6.1317,20.2037,44.018,88.0359,220.0898,5.1098,0.0,14.357485,35.893712,3.143486,29,158,125,3,0.23384124,0.01139613,-0.00825174,0E-8,0.000000,0.887492,0.846818,0.02564465,2026-03-24,2026-08-06,84,754,547,136,0.617647,0.180654,0.372251,0.779471,,,,,,,,GLOBAL_BASELINE_NO_ENTITY_RANKING,,,NOT_APPLICABLE_GLOBAL_BASELINE,HF9g-P5,,,,X 全窗基线 · 不参与实体赏罚,8398094,840,A168_HF9F_20260827_0900,2026-08-27 09:00:00
2026-07-19,129740297,2201,0,2.0439030372,-2.0439030372,-2.0439030372,0E-7,1,1,0.50665070000000000,0.506650700000,-1.013391052207602,-1.013391052207602,-1.013391052207602,0E-17,ELIGIBLE,R03b_20260811_FULL_v1,L1_ELIGIBILITY,v2026-08-11,2026-03-21..2026-08-06,baccarat_bet02_101_all_pairs_incl_sentinel,round_win = game_pnl > 0 (decisive only),COMPATIBILITY_ONLY_NOT_PRODUCTION,42404.8770,37633.9694,483.2517,2200,2196,-0.01139613,0.00825174,-0.01739291,-0.01139613,-483.2517,42404.8770,OK,0.0000,19.3301,4.0000,96.0000,AG03-UNRESOLVED,ALL5_LEVELS_bet23_to_bet27,19.3301,19.3301,19.3301,24.1626,24.1626,4.000000,4.000000,4.000000,5.000000,5.000000,96.000000,96.000000,96.000000,95.000000,95.000000,5.0,106.3154,97.3877,376.9363,385.864,PENDING_AG03,FALSE,NOT_FOR_ENFORCEMENT,463.9216,36128.6106,483.2517,463.9216,19.3301,0.01139613,0.01094029,19.3301,463.9216,0.01094029,19.3301,19.3301,19.3301,24.1626,24.1626,463.9216,0.01094029,106.3154,97.3877,376.9363,385.864,0.00888898,0.00909952,0.00045585,19.2749,17.1375,0.2201,5.7530,0.6409,504.8200,26.1429,7.1751,39.7174,2.9515,6.1317,20.2037,44.018,88.0359,220.0898,5.1098,0.0,14.357485,35.893712,3.143486,29,158,125,3,0.23384124,0.01139613,-0.00825174,0E-8,0.000000,0.887492,0.846818,0.02564465,2026-03-24,2026-08-06,84,754,547,136,0.617647,0.180654,0.372251,0.779471,,,,,,,,GLOBAL_BASELINE_NO_ENTITY_RANKING,,,NOT_APPLICABLE_GLOBAL_BASELINE,HF9g-P5,,,,X 全窗基线 · 不参与实体赏罚,8398095,840,A168_HF9F_20260827_0900,2026-08-27 09:00:00
2026-07-19,129740297,2229,0,22.6873237133,-22.6873237133,-22.6873237133,0E-7,3,3,0.50218230000000000,0.502182300000,-1.7396270863184011,-1.7396270863184016,-1.7396270863184011,0E-17,ELIGIBLE,R03b_20260811_FULL_v1,L1_ELIGIBILITY,v2026-08-11,2026-03-21..2026-08-06,baccarat_bet02_101_all_pairs_incl_sentinel,round_win = game_pnl > 0 (decisive only),COMPATIBILITY_ONLY_NOT_PRODUCTION,42404.8770,37633.9694,483.2517,2200,2196,-0.01139613,0.00825174,-0.01739291,-0.01139613,-483.2517,42404.8770,OK,0.0000,19.3301,4.0000,96.0000,AG03-UNRESOLVED,ALL5_LEVELS_bet23_to_bet27,19.3301,19.3301,19.3301,24.1626,24.1626,4.000000,4.000000,4.000000,5.000000,5.000000,96.000000,96.000000,96.000000,95.000000,95.000000,5.0,106.3154,97.3877,376.9363,385.864,PENDING_AG03,FALSE,NOT_FOR_ENFORCEMENT,463.9216,36128.6106,483.2517,463.9216,19.3301,0.01139613,0.01094029,19.3301,463.9216,0.01094029,19.3301,19.3301,19.3301,24.1626,24.1626,463.9216,0.01094029,106.3154,97.3877,376.9363,385.864,0.00888898,0.00909952,0.00045585,19.2749,17.1375,0.2201,5.7530,0.6409,504.8200,26.1429,7.1751,39.7174,2.9515,6.1317,20.2037,44.018,88.0359,220.0898,5.1098,0.0,14.357485,35.893712,3.143486,29,158,125,3,0.23384124,0.01139613,-0.00825174,0E-8,0.000000,0.887492,0.846818,0.02564465,2026-03-24,2026-08-06,84,754,547,136,0.617647,0.180654,0.372251,0.779471,,,,,,,,GLOBAL_BASELINE_NO_ENTITY_RANKING,,,NOT_APPLICABLE_GLOBAL_BASELINE,HF9g-P5,,,,X 全窗基线 · 不参与实体赏罚,8398096,840,A168_HF9F_20260827_0900,2026-08-27 09:00:00
2026-07-19,129740297,2235,0,9.1975636676,-9.1975636676,-9.1975636676,0E-7,2,2,0.50665070000000000,0.506650700000,-1.4331513700195317,-1.4331513700195317,-1.4331513700195317,0E-17,ELIGIBLE,R03b_20260811_FULL_v1,L1_ELIGIBILITY,v2026-08-11,2026-03-21..2026-08-06,baccarat_bet02_101_all_pairs_incl_sentinel,round_win = game_pnl > 0 (decisive only),COMPATIBILITY_ONLY_NOT_PRODUCTION,42404.8770,37633.9694,483.2517,2200,2196,-0.01139613,0.00825174,-0.01739291,-0.01139613,-483.2517,42404.8770,OK,0.0000,19.3301,4.0000,96.0000,AG03-UNRESOLVED,ALL5_LEVELS_bet23_to_bet27,19.3301,19.3301,19.3301,24.1626,24.1626,4.000000,4.000000,4.000000,5.000000,5.000000,96.000000,96.000000,96.000000,95.000000,95.000000,5.0,106.3154,97.3877,376.9363,385.864,PENDING_AG03,FALSE,NOT_FOR_ENFORCEMENT,463.9216,36128.6106,483.2517,463.9216,19.3301,0.01139613,0.01094029,19.3301,463.9216,0.01094029,19.3301,19.3301,19.3301,24.1626,24.1626,463.9216,0.01094029,106.3154,97.3877,376.9363,385.864,0.00888898,0.00909952,0.00045585,19.2749,17.1375,0.2201,5.7530,0.6409,504.8200,26.1429,7.1751,39.7174,2.9515,6.1317,20.2037,44.018,88.0359,220.0898,5.1098,0.0,14.357485,35.893712,3.143486,29,158,125,3,0.23384124,0.01139613,-0.00825174,0E-8,0.000000,0.887492,0.846818,0.02564465,2026-03-24,2026-08-06,84,754,547,136,0.617647,0.180654,0.372251,0.779471,,,,,,,,GLOBAL_BASELINE_NO_ENTITY_RANKING,,,NOT_APPLICABLE_GLOBAL_BASELINE,HF9g-P5,,,,X 全窗基线 · 不参与实体赏罚,8398097,840,A168_HF9F_20260827_0900,2026-08-27 09:00:00
2026-07-20,129740297,-1,1,9.1975636675,6.1317091117,6.1317091117,0.6666667,3,3,0.50218230000000000,0.502182300000,0.5697959874915163,0.5697959874915164,0.5697959874915163,0E-17,SENTINEL_DEALER,R03b_20260811_FULL_v1,L1_ELIGIBILITY,v2026-08-11,2026-03-21..2026-08-06,baccarat_bet02_101_all_pairs_incl_sentinel,round_win = game_pnl > 0 (decisive only),COMPATIBILITY_ONLY_NOT_PRODUCTION,42404.8770,37633.9694,483.2517,2200,2196,-0.01139613,0.00825174,-0.01739291,-0.01139613,-483.2517,42404.8770,OK,0.0000,19.3301,4.0000,96.0000,AG03-UNRESOLVED,ALL5_LEVELS_bet23_to_bet27,19.3301,19.3301,19.3301,24.1626,24.1626,4.000000,4.000000,4.000000,5.000000,5.000000,96.000000,96.000000,96.000000,95.000000,95.000000,5.0,106.3154,97.3877,376.9363,385.864,PENDING_AG03,FALSE,NOT_FOR_ENFORCEMENT,463.9216,36128.6106,483.2517,463.9216,19.3301,0.01139613,0.01094029,19.3301,463.9216,0.01094029,19.3301,19.3301,19.3301,24.1626,24.1626,463.9216,0.01094029,106.3154,97.3877,376.9363,385.864,0.00888898,0.00909952,0.00045585,19.2749,17.1375,0.2201,5.7530,0.6409,504.8200,26.1429,7.1751,39.7174,2.9515,6.1317,20.2037,44.018,88.0359,220.0898,5.1098,0.0,14.357485,35.893712,3.143486,29,158,125,3,0.23384124,0.01139613,-0.00825174,0E-8,0.000000,0.887492,0.846818,0.02564465,2026-03-24,2026-08-06,84,754,547,136,0.617647,0.180654,0.372251,0.779471,,,,,,,,GLOBAL_BASELINE_NO_ENTITY_RANKING,,,NOT_APPLICABLE_GLOBAL_BASELINE,HF9g-P5,,,,X 全窗基线 · 不参与实体赏罚,8398098,840,A168_HF9F_20260827_0900,2026-08-27 09:00:00
2026-07-20,129740297,1307,0,49.0536728937,15.3292727793,15.3292727793,0.6666667,6,6,0.49547970000000000,0.495479700000,0.83867571210634,0.83867571210634,0.83867571210634,0E-17,ELIGIBLE,R03b_20260811_FULL_v1,L1_ELIGIBILITY,v2026-08-11,2026-03-21..2026-08-06,baccarat_bet02_101_all_pairs_incl_sentinel,round_win = game_pnl > 0 (decisive only),COMPATIBILITY_ONLY_NOT_PRODUCTION,42404.8770,37633.9694,483.2517,2200,2196,-0.01139613,0.00825174,-0.01739291,-0.01139613,-483.2517,42404.8770,OK,0.0000,19.3301,4.0000,96.0000,AG03-UNRESOLVED,ALL5_LEVELS_bet23_to_bet27,19.3301,19.3301,19.3301,24.1626,24.1626,4.000000,4.000000,4.000000,5.000000,5.000000,96.000000,96.000000,96.000000,95.000000,95.000000,5.0,106.3154,97.3877,376.9363,385.864,PENDING_AG03,FALSE,NOT_FOR_ENFORCEMENT,463.9216,36128.6106,483.2517,463.9216,19.3301,0.01139613,0.01094029,19.3301,463.9216,0.01094029,19.3301,19.3301,19.3301,24.1626,24.1626,463.9216,0.01094029,106.3154,97.3877,376.9363,385.864,0.00888898,0.00909952,0.00045585,19.2749,17.1375,0.2201,5.7530,0.6409,504.8200,26.1429,7.1751,39.7174,2.9515,6.1317,20.2037,44.018,88.0359,220.0898,5.1098,0.0,14.357485,35.893712,3.143486,29,158,125,3,0.23384124,0.01139613,-0.00825174,0E-8,0.000000,0.887492,0.846818,0.02564465,2026-03-24,2026-08-06,84,754,547,136,0.617647,0.180654,0.372251,0.779471,,,,,,,,GLOBAL_BASELINE_NO_ENTITY_RANKING,,,NOT_APPLICABLE_GLOBAL_BASELINE,HF9g-P5,,,,X 全窗基线 · 不参与实体赏罚,8398099,840,A168_HF9F_20260827_0900,2026-08-27 09:00:00
2026-07-20,129740297,1401,0,2.0439030372,2.0439030372,2.0439030372,1.0000000,1,1,0.50665070000000000,0.506650700000,0.9867858985152569,0.9867858985152569,0.9867858985152569,0E-17,ELIGIBLE,R03b_20260811_FULL_v1,L1_ELIGIBILITY,v2026-08-11,2026-03-21..2026-08-06,baccarat_bet02_101_all_pairs_incl_sentinel,round_win = game_pnl > 0 (decisive only),COMPATIBILITY_ONLY_NOT_PRODUCTION,42404.8770,37633.9694,483.2517,2200,2196,-0.01139613,0.00825174,-0.01739291,-0.01139613,-483.2517,42404.8770,OK,0.0000,19.3301,4.0000,96.0000,AG03-UNRESOLVED,ALL5_LEVELS_bet23_to_bet27,19.3301,19.3301,19.3301,24.1626,24.1626,4.000000,4.000000,4.000000,5.000000,5.000000,96.000000,96.000000,96.000000,95.000000,95.000000,5.0,106.3154,97.3877,376.9363,385.864,PENDING_AG03,FALSE,NOT_FOR_ENFORCEMENT,463.9216,36128.6106,483.2517,463.9216,19.3301,0.01139613,0.01094029,19.3301,463.9216,0.01094029,19.3301,19.3301,19.3301,24.1626,24.1626,463.9216,0.01094029,106.3154,97.3877,376.9363,385.864,0.00888898,0.00909952,0.00045585,19.2749,17.1375,0.2201,5.7530,0.6409,504.8200,26.1429,7.1751,39.7174,2.9515,6.1317,20.2037,44.018,88.0359,220.0898,5.1098,0.0,14.357485,35.893712,3.143486,29,158,125,3,0.23384124,0.01139613,-0.00825174,0E-8,0.000000,0.887492,0.846818,0.02564465,2026-03-24,2026-08-06,84,754,547,136,0.617647,0.180654,0.372251,0.779471,,,,,,,,GLOBAL_BASELINE_NO_ENTITY_RANKING,,,NOT_APPLICABLE_GLOBAL_BASELINE,HF9g-P5,,,,X 全窗基线 · 不参与实体赏罚,8398100,840,A168_HF9F_20260827_0900,2026-08-27 09:00:00
2026-07-20,129740297,1646,0,15.3292727793,-3.0658545559,-3.0658545559,0.3333333,3,3,0.49324550000000000,0.493245500000,-0.5540025479526107,-0.5540025479526106,-0.5540025479526107,0E-17,ELIGIBLE,R03b_20260811_FULL_v1,L1_ELIGIBILITY,v2026-08-11,2026-03-21..2026-08-06,baccarat_bet02_101_all_pairs_incl_sentinel,round_win = game_pnl > 0 (decisive only),COMPATIBILITY_ONLY_NOT_PRODUCTION,42404.8770,37633.9694,483.2517,2200,2196,-0.01139613,0.00825174,-0.01739291,-0.01139613,-483.2517,42404.8770,OK,0.0000,19.3301,4.0000,96.0000,AG03-UNRESOLVED,ALL5_LEVELS_bet23_to_bet27,19.3301,19.3301,19.3301,24.1626,24.1626,4.000000,4.000000,4.000000,5.000000,5.000000,96.000000,96.000000,96.000000,95.000000,95.000000,5.0,106.3154,97.3877,376.9363,385.864,PENDING_AG03,FALSE,NOT_FOR_ENFORCEMENT,463.9216,36128.6106,483.2517,463.9216,19.3301,0.01139613,0.01094029,19.3301,463.9216,0.01094029,19.3301,19.3301,19.3301,24.1626,24.1626,463.9216,0.01094029,106.3154,97.3877,376.9363,385.864,0.00888898,0.00909952,0.00045585,19.2749,17.1375,0.2201,5.7530,0.6409,504.8200,26.1429,7.1751,39.7174,2.9515,6.1317,20.2037,44.018,88.0359,220.0898,5.1098,0.0,14.357485,35.893712,3.143486,29,158,125,3,0.23384124,0.01139613,-0.00825174,0E-8,0.000000,0.887492,0.846818,0.02564465,2026-03-24,2026-08-06,84,754,547,136,0.617647,0.180654,0.372251,0.779471,,,,,,,,GLOBAL_BASELINE_NO_ENTITY_RANKING,,,NOT_APPLICABLE_GLOBAL_BASELINE,HF9g-P5,,,,X 全窗基线 · 不参与实体赏罚,8398101,840,A168_HF9F_20260827_0900,2026-08-27 09:00:00
2026-07-20,129740297,1940,0,2.0439030372,2.0439030372,2.0439030372,1.0000000,1,1,0.50665070000000000,0.506650700000,0.9867858985152569,0.9867858985152569,0.9867858985152569,0E-17,ELIGIBLE,R03b_20260811_FULL_v1,L1_ELIGIBILITY,v2026-08-11,2026-03-21..2026-08-06,baccarat_bet02_101_all_pairs_incl_sentinel,round_win = game_pnl > 0 (decisive only),COMPATIBILITY_ONLY_NOT_PRODUCTION,42404.8770,37633.9694,483.2517,2200,2196,-0.01139613,0.00825174,-0.01739291,-0.01139613,-483.2517,42404.8770,OK,0.0000,19.3301,4.0000,96.0000,AG03-UNRESOLVED,ALL5_LEVELS_bet23_to_bet27,19.3301,19.3301,19.3301,24.1626,24.1626,4.000000,4.000000,4.000000,5.000000,5.000000,96.000000,96.000000,96.000000,95.000000,95.000000,5.0,106.3154,97.3877,376.9363,385.864,PENDING_AG03,FALSE,NOT_FOR_ENFORCEMENT,463.9216,36128.6106,483.2517,463.9216,19.3301,0.01139613,0.01094029,19.3301,463.9216,0.01094029,19.3301,19.3301,19.3301,24.1626,24.1626,463.9216,0.01094029,106.3154,97.3877,376.9363,385.864,0.00888898,0.00909952,0.00045585,19.2749,17.1375,0.2201,5.7530,0.6409,504.8200,26.1429,7.1751,39.7174,2.9515,6.1317,20.2037,44.018,88.0359,220.0898,5.1098,0.0,14.357485,35.893712,3.143486,29,158,125,3,0.23384124,0.01139613,-0.00825174,0E-8,0.000000,0.887492,0.846818,0.02564465,2026-03-24,2026-08-06,84,754,547,136,0.617647,0.180654,0.372251,0.779471,,,,,,,,GLOBAL_BASELINE_NO_ENTITY_RANKING,,,NOT_APPLICABLE_GLOBAL_BASELINE,HF9g-P5,,,,X 全窗基线 · 不参与实体赏罚,8398102,840,A168_HF9F_20260827_0900,2026-08-27 09:00:00
2026-07-20,129740297,1941,0,10.2195151863,1.0219515186,1.0219515186,0.5000000,3,3,0.50665070000000000,0.506650700000,-0.018812684590367487,-0.018812684590367487,-0.018812684590367487,0E-17,ELIGIBLE,R03b_20260811_FULL_v1,L1_ELIGIBILITY,v2026-08-11,2026-03-21..2026-08-06,baccarat_bet02_101_all_pairs_incl_sentinel,round_win = game_pnl > 0 (decisive only),COMPATIBILITY_ONLY_NOT_PRODUCTION,42404.8770,37633.9694,483.2517,2200,2196,-0.01139613,0.00825174,-0.01739291,-0.01139613,-483.2517,42404.8770,OK,0.0000,19.3301,4.0000,96.0000,AG03-UNRESOLVED,ALL5_LEVELS_bet23_to_bet27,19.3301,19.3301,19.3301,24.1626,24.1626,4.000000,4.000000,4.000000,5.000000,5.000000,96.000000,96.000000,96.000000,95.000000,95.000000,5.0,106.3154,97.3877,376.9363,385.864,PENDING_AG03,FALSE,NOT_FOR_ENFORCEMENT,463.9216,36128.6106,483.2517,463.9216,19.3301,0.01139613,0.01094029,19.3301,463.9216,0.01094029,19.3301,19.3301,19.3301,24.1626,24.1626,463.9216,0.01094029,106.3154,97.3877,376.9363,385.864,0.00888898,0.00909952,0.00045585,19.2749,17.1375,0.2201,5.7530,0.6409,504.8200,26.1429,7.1751,39.7174,2.9515,6.1317,20.2037,44.018,88.0359,220.0898,5.1098,0.0,14.357485,35.893712,3.143486,29,158,125,3,0.23384124,0.01139613,-0.00825174,0E-8,0.000000,0.887492,0.846818,0.02564465,2026-03-24,2026-08-06,84,754,547,136,0.617647,0.180654,0.372251,0.779471,,,,,,,,GLOBAL_BASELINE_NO_ENTITY_RANKING,,,NOT_APPLICABLE_GLOBAL_BASELINE,HF9g-P5,,,,X 全窗基线 · 不参与实体赏罚,8398103,840,A168_HF9F_20260827_0900,2026-08-27 09:00:00
2026-07-20,129740297,1963,0,5.1097575931,3.5768303151,3.5768303151,1.0000000,2,2,0.50665070000000000,0.506650700000,1.3955260008387969,1.3955260008387969,1.3955260008387969,0E-17,ELIGIBLE,R03b_20260811_FULL_v1,L1_ELIGIBILITY,v2026-08-11,2026-03-21..2026-08-06,baccarat_bet02_101_all_pairs_incl_sentinel,round_win = game_pnl > 0 (decisive only),COMPATIBILITY_ONLY_NOT_PRODUCTION,42404.8770,37633.9694,483.2517,2200,2196,-0.01139613,0.00825174,-0.01739291,-0.01139613,-483.2517,42404.8770,OK,0.0000,19.3301,4.0000,96.0000,AG03-UNRESOLVED,ALL5_LEVELS_bet23_to_bet27,19.3301,19.3301,19.3301,24.1626,24.1626,4.000000,4.000000,4.000000,5.000000,5.000000,96.000000,96.000000,96.000000,95.000000,95.000000,5.0,106.3154,97.3877,376.9363,385.864,PENDING_AG03,FALSE,NOT_FOR_ENFORCEMENT,463.9216,36128.6106,483.2517,463.9216,19.3301,0.01139613,0.01094029,19.3301,463.9216,0.01094029,19.3301,19.3301,19.3301,24.1626,24.1626,463.9216,0.01094029,106.3154,97.3877,376.9363,385.864,0.00888898,0.00909952,0.00045585,19.2749,17.1375,0.2201,5.7530,0.6409,504.8200,26.1429,7.1751,39.7174,2.9515,6.1317,20.2037,44.018,88.0359,220.0898,5.1098,0.0,14.357485,35.893712,3.143486,29,158,125,3,0.23384124,0.01139613,-0.00825174,0E-8,0.000000,0.887492,0.846818,0.02564465,2026-03-24,2026-08-06,84,754,547,136,0.617647,0.180654,0.372251,0.779471,,,,,,,,GLOBAL_BASELINE_NO_ENTITY_RANKING,,,NOT_APPLICABLE_GLOBAL_BASELINE,HF9g-P5,,,,X 全窗基线 · 不参与实体赏罚,8398104,840,A168_HF9F_20260827_0900,2026-08-27 09:00:00
2026-07-20,129740297,2088,0,9.1975636675,-2.0439030373,-2.0439030373,0.5000000,4,4,0.50329940000000000,0.503299400000,-0.01319788734859681,-0.01319788734859681,-0.01319788734859681,0E-17,ELIGIBLE,R03b_20260811_FULL_v1,L1_ELIGIBILITY,v2026-08-11,2026-03-21..2026-08-06,baccarat_bet02_101_all_pairs_incl_sentinel,round_win = game_pnl > 0 (decisive only),COMPATIBILITY_ONLY_NOT_PRODUCTION,42404.8770,37633.9694,483.2517,2200,2196,-0.01139613,0.00825174,-0.01739291,-0.01139613,-483.2517,42404.8770,OK,0.0000,19.3301,4.0000,96.0000,AG03-UNRESOLVED,ALL5_LEVELS_bet23_to_bet27,19.3301,19.3301,19.3301,24.1626,24.1626,4.000000,4.000000,4.000000,5.000000,5.000000,96.000000,96.000000,96.000000,95.000000,95.000000,5.0,106.3154,97.3877,376.9363,385.864,PENDING_AG03,FALSE,NOT_FOR_ENFORCEMENT,463.9216,36128.6106,483.2517,463.9216,19.3301,0.01139613,0.01094029,19.3301,463.9216,0.01094029,19.3301,19.3301,19.3301,24.1626,24.1626,463.9216,0.01094029,106.3154,97.3877,376.9363,385.864,0.00888898,0.00909952,0.00045585,19.2749,17.1375,0.2201,5.7530,0.6409,504.8200,26.1429,7.1751,39.7174,2.9515,6.1317,20.2037,44.018,88.0359,220.0898,5.1098,0.0,14.357485,35.893712,3.143486,29,158,125,3,0.23384124,0.01139613,-0.00825174,0E-8,0.000000,0.887492,0.846818,0.02564465,2026-03-24,2026-08-06,84,754,547,136,0.617647,0.180654,0.372251,0.779471,,,,,,,,GLOBAL_BASELINE_NO_ENTITY_RANKING,,,NOT_APPLICABLE_GLOBAL_BASELINE,HF9g-P5,,,,X 全窗基线 · 不参与实体赏罚,8398105,840,A168_HF9F_20260827_0900,2026-08-27 09:00:00
2026-07-20,129740297,2123,0,15.3292727792,1.0219515186,1.0219515186,0.7500000,5,5,0.49592654000000000,0.495926540000,1.0163275685615971,1.0163275685615971,1.0163275685615971,0E-17,ELIGIBLE,R03b_20260811_FULL_v1,L1_ELIGIBILITY,v2026-08-11,2026-03-21..2026-08-06,baccarat_bet02_101_all_pairs_incl_sentinel,round_win = game_pnl > 0 (decisive only),COMPATIBILITY_ONLY_NOT_PRODUCTION,42404.8770,37633.9694,483.2517,2200,2196,-0.01139613,0.00825174,-0.01739291,-0.01139613,-483.2517,42404.8770,OK,0.0000,19.3301,4.0000,96.0000,AG03-UNRESOLVED,ALL5_LEVELS_bet23_to_bet27,19.3301,19.3301,19.3301,24.1626,24.1626,4.000000,4.000000,4.000000,5.000000,5.000000,96.000000,96.000000,96.000000,95.000000,95.000000,5.0,106.3154,97.3877,376.9363,385.864,PENDING_AG03,FALSE,NOT_FOR_ENFORCEMENT,463.9216,36128.6106,483.2517,463.9216,19.3301,0.01139613,0.01094029,19.3301,463.9216,0.01094029,19.3301,19.3301,19.3301,24.1626,24.1626,463.9216,0.01094029,106.3154,97.3877,376.9363,385.864,0.00888898,0.00909952,0.00045585,19.2749,17.1375,0.2201,5.7530,0.6409,504.8200,26.1429,7.1751,39.7174,2.9515,6.1317,20.2037,44.018,88.0359,220.0898,5.1098,0.0,14.357485,35.893712,3.143486,29,158,125,3,0.23384124,0.01139613,-0.00825174,0E-8,0.000000,0.887492,0.846818,0.02564465,2026-03-24,2026-08-06,84,754,547,136,0.617647,0.180654,0.372251,0.779471,,,,,,,,GLOBAL_BASELINE_NO_ENTITY_RANKING,,,NOT_APPLICABLE_GLOBAL_BASELINE,HF9g-P5,,,,X 全窗基线 · 不参与实体赏罚,8398106,840,A168_HF9F_20260827_0900,2026-08-27 09:00:00
2026-07-20,129740297,2127,0,2.0439030372,2.0439030372,2.0439030372,1.0000000,1,1,0.50665070000000000,0.506650700000,0.9867858985152569,0.9867858985152569,0.9867858985152569,0E-17,ELIGIBLE,R03b_20260811_FULL_v1,L1_ELIGIBILITY,v2026-08-11,2026-03-21..2026-08-06,baccarat_bet02_101_all_pairs_incl_sentinel,round_win = game_pnl > 0 (decisive only),COMPATIBILITY_ONLY_NOT_PRODUCTION,42404.8770,37633.9694,483.2517,2200,2196,-0.01139613,0.00825174,-0.01739291,-0.01139613,-483.2517,42404.8770,OK,0.0000,19.3301,4.0000,96.0000,AG03-UNRESOLVED,ALL5_LEVELS_bet23_to_bet27,19.3301,19.3301,19.3301,24.1626,24.1626,4.000000,4.000000,4.000000,5.000000,5.000000,96.000000,96.000000,96.000000,95.000000,95.000000,5.0,106.3154,97.3877,376.9363,385.864,PENDING_AG03,FALSE,NOT_FOR_ENFORCEMENT,463.9216,36128.6106,483.2517,463.9216,19.3301,0.01139613,0.01094029,19.3301,463.9216,0.01094029,19.3301,19.3301,19.3301,24.1626,24.1626,463.9216,0.01094029,106.3154,97.3877,376.9363,385.864,0.00888898,0.00909952,0.00045585,19.2749,17.1375,0.2201,5.7530,0.6409,504.8200,26.1429,7.1751,39.7174,2.9515,6.1317,20.2037,44.018,88.0359,220.0898,5.1098,0.0,14.357485,35.893712,3.143486,29,158,125,3,0.23384124,0.01139613,-0.00825174,0E-8,0.000000,0.887492,0.846818,0.02564465,2026-03-24,2026-08-06,84,754,547,136,0.617647,0.180654,0.372251,0.779471,,,,,,,,GLOBAL_BASELINE_NO_ENTITY_RANKING,,,NOT_APPLICABLE_GLOBAL_BASELINE,HF9g-P5,,,,X 全窗基线 · 不参与实体赏罚,8398107,840,A168_HF9F_20260827_0900,2026-08-27 09:00:00
2026-07-20,129740297,2152,0,6.1317091117,0E-10,0E-10,,1,1,0.50665070000000000,0.506650700000,,,,0E-17,NO_DECISIVE_ROUND,R03b_20260811_FULL_v1,L1_ELIGIBILITY,v2026-08-11,2026-03-21..2026-08-06,baccarat_bet02_101_all_pairs_incl_sentinel,round_win = game_pnl > 0 (decisive only),COMPATIBILITY_ONLY_NOT_PRODUCTION,42404.8770,37633.9694,483.2517,2200,2196,-0.01139613,0.00825174,-0.01739291,-0.01139613,-483.2517,42404.8770,OK,0.0000,19.3301,4.0000,96.0000,AG03-UNRESOLVED,ALL5_LEVELS_bet23_to_bet27,19.3301,19.3301,19.3301,24.1626,24.1626,4.000000,4.000000,4.000000,5.000000,5.000000,96.000000,96.000000,96.000000,95.000000,95.000000,5.0,106.3154,97.3877,376.9363,385.864,PENDING_AG03,FALSE,NOT_FOR_ENFORCEMENT,463.9216,36128.6106,483.2517,463.9216,19.3301,0.01139613,0.01094029,19.3301,463.9216,0.01094029,19.3301,19.3301,19.3301,24.1626,24.1626,463.9216,0.01094029,106.3154,97.3877,376.9363,385.864,0.00888898,0.00909952,0.00045585,19.2749,17.1375,0.2201,5.7530,0.6409,504.8200,26.1429,7.1751,39.7174,2.9515,6.1317,20.2037,44.018,88.0359,220.0898,5.1098,0.0,14.357485,35.893712,3.143486,29,158,125,3,0.23384124,0.01139613,-0.00825174,0E-8,0.000000,0.887492,0.846818,0.02564465,2026-03-24,2026-08-06,84,754,547,136,0.617647,0.180654,0.372251,0.779471,,,,,,,,GLOBAL_BASELINE_NO_ENTITY_RANKING,,,NOT_APPLICABLE_GLOBAL_BASELINE,HF9g-P5,,,,X 全窗基线 · 不参与实体赏罚,8398108,840,A168_HF9F_20260827_0900,2026-08-27 09:00:00
2026-07-20,129740297,2167,0,24.5268364469,15.3292727792,15.3292727792,0.7500000,5,5,0.49324550000000000,0.493245500000,1.0271117246678039,1.0271117246678039,1.0271117246678039,0E-17,ELIGIBLE,R03b_20260811_FULL_v1,L1_ELIGIBILITY,v2026-08-11,2026-03-21..2026-08-06,baccarat_bet02_101_all_pairs_incl_sentinel,round_win = game_pnl > 0 (decisive only),COMPATIBILITY_ONLY_NOT_PRODUCTION,42404.8770,37633.9694,483.2517,2200,2196,-0.01139613,0.00825174,-0.01739291,-0.01139613,-483.2517,42404.8770,OK,0.0000,19.3301,4.0000,96.0000,AG03-UNRESOLVED,ALL5_LEVELS_bet23_to_bet27,19.3301,19.3301,19.3301,24.1626,24.1626,4.000000,4.000000,4.000000,5.000000,5.000000,96.000000,96.000000,96.000000,95.000000,95.000000,5.0,106.3154,97.3877,376.9363,385.864,PENDING_AG03,FALSE,NOT_FOR_ENFORCEMENT,463.9216,36128.6106,483.2517,463.9216,19.3301,0.01139613,0.01094029,19.3301,463.9216,0.01094029,19.3301,19.3301,19.3301,24.1626,24.1626,463.9216,0.01094029,106.3154,97.3877,376.9363,385.864,0.00888898,0.00909952,0.00045585,19.2749,17.1375,0.2201,5.7530,0.6409,504.8200,26.1429,7.1751,39.7174,2.9515,6.1317,20.2037,44.018,88.0359,220.0898,5.1098,0.0,14.357485,35.893712,3.143486,29,158,125,3,0.23384124,0.01139613,-0.00825174,0E-8,0.000000,0.887492,0.846818,0.02564465,2026-03-24,2026-08-06,84,754,547,136,0.617647,0.180654,0.372251,0.779471,,,,,,,,GLOBAL_BASELINE_NO_ENTITY_RANKING,,,NOT_APPLICABLE_GLOBAL_BASELINE,HF9g-P5,,,,X 全窗基线 · 不参与实体赏罚,8398109,840,A168_HF9F_20260827_0900,2026-08-27 09:00:00
2026-07-20,129740297,2169,0,14.1029309570,-14.1029309570,-14.1029309570,0E-7,3,3,0.50665070000000000,0.506650700000,-1.7552447903592512,-1.7552447903592512,-1.7552447903592512,0E-17,ELIGIBLE,R03b_20260811_FULL_v1,L1_ELIGIBILITY,v2026-08-11,2026-03-21..2026-08-06,baccarat_bet02_101_all_pairs_incl_sentinel,round_win = game_pnl > 0 (decisive only),COMPATIBILITY_ONLY_NOT_PRODUCTION,42404.8770,37633.9694,483.2517,2200,2196,-0.01139613,0.00825174,-0.01739291,-0.01139613,-483.2517,42404.8770,OK,0.0000,19.3301,4.0000,96.0000,AG03-UNRESOLVED,ALL5_LEVELS_bet23_to_bet27,19.3301,19.3301,19.3301,24.1626,24.1626,4.000000,4.000000,4.000000,5.000000,5.000000,96.000000,96.000000,96.000000,95.000000,95.000000,5.0,106.3154,97.3877,376.9363,385.864,PENDING_AG03,FALSE,NOT_FOR_ENFORCEMENT,463.9216,36128.6106,483.2517,463.9216,19.3301,0.01139613,0.01094029,19.3301,463.9216,0.01094029,19.3301,19.3301,19.3301,24.1626,24.1626,463.9216,0.01094029,106.3154,97.3877,376.9363,385.864,0.00888898,0.00909952,0.00045585,19.2749,17.1375,0.2201,5.7530,0.6409,504.8200,26.1429,7.1751,39.7174,2.9515,6.1317,20.2037,44.018,88.0359,220.0898,5.1098,0.0,14.357485,35.893712,3.143486,29,158,125,3,0.23384124,0.01139613,-0.00825174,0E-8,0.000000,0.887492,0.846818,0.02564465,2026-03-24,2026-08-06,84,754,547,136,0.617647,0.180654,0.372251,0.779471,,,,,,,,GLOBAL_BASELINE_NO_ENTITY_RANKING,,,NOT_APPLICABLE_GLOBAL_BASELINE,HF9g-P5,,,,X 全窗基线 · 不参与实体赏罚,8398110,840,A168_HF9F_20260827_0900,2026-08-27 09:00:00
2026-07-20,129740297,2174,0,12.2634182235,-6.1317091117,-6.1317091117,0.5000000,2,2,0.49324550000000000,0.493245500000,0.01910635448239258,0.01910635448239258,0.01910635448239258,0E-17,ELIGIBLE,R03b_20260811_FULL_v1,L1_ELIGIBILITY,v2026-08-11,2026-03-21..2026-08-06,baccarat_bet02_101_all_pairs_incl_sentinel,round_win = game_pnl > 0 (decisive only),COMPATIBILITY_ONLY_NOT_PRODUCTION,42404.8770,37633.9694,483.2517,2200,2196,-0.01139613,0.00825174,-0.01739291,-0.01139613,-483.2517,42404.8770,OK,0.0000,19.3301,4.0000,96.0000,AG03-UNRESOLVED,ALL5_LEVELS_bet23_to_bet27,19.3301,19.3301,19.3301,24.1626,24.1626,4.000000,4.000000,4.000000,5.000000,5.000000,96.000000,96.000000,96.000000,95.000000,95.000000,5.0,106.3154,97.3877,376.9363,385.864,PENDING_AG03,FALSE,NOT_FOR_ENFORCEMENT,463.9216,36128.6106,483.2517,463.9216,19.3301,0.01139613,0.01094029,19.3301,463.9216,0.01094029,19.3301,19.3301,19.3301,24.1626,24.1626,463.9216,0.01094029,106.3154,97.3877,376.9363,385.864,0.00888898,0.00909952,0.00045585,19.2749,17.1375,0.2201,5.7530,0.6409,504.8200,26.1429,7.1751,39.7174,2.9515,6.1317,20.2037,44.018,88.0359,220.0898,5.1098,0.0,14.357485,35.893712,3.143486,29,158,125,3,0.23384124,0.01139613,-0.00825174,0E-8,0.000000,0.887492,0.846818,0.02564465,2026-03-24,2026-08-06,84,754,547,136,0.617647,0.180654,0.372251,0.779471,,,,,,,,GLOBAL_BASELINE_NO_ENTITY_RANKING,,,NOT_APPLICABLE_GLOBAL_BASELINE,HF9g-P5,,,,X 全窗基线 · 不参与实体赏罚,8398111,840,A168_HF9F_20260827_0900,2026-08-27 09:00:00
2026-07-20,129740297,2213,0,49.0536728937,16.3512242979,16.3512242979,0.6666667,6,6,0.49324550000000000,0.493245500000,0.8496642703256836,0.8496642703256835,0.8496642703256836,0E-17,ELIGIBLE,R03b_20260811_FULL_v1,L1_ELIGIBILITY,v2026-08-11,2026-03-21..2026-08-06,baccarat_bet02_101_all_pairs_incl_sentinel,round_win = game_pnl > 0 (decisive only),COMPATIBILITY_ONLY_NOT_PRODUCTION,42404.8770,37633.9694,483.2517,2200,2196,-0.01139613,0.00825174,-0.01739291,-0.01139613,-483.2517,42404.8770,OK,0.0000,19.3301,4.0000,96.0000,AG03-UNRESOLVED,ALL5_LEVELS_bet23_to_bet27,19.3301,19.3301,19.3301,24.1626,24.1626,4.000000,4.000000,4.000000,5.000000,5.000000,96.000000,96.000000,96.000000,95.000000,95.000000,5.0,106.3154,97.3877,376.9363,385.864,PENDING_AG03,FALSE,NOT_FOR_ENFORCEMENT,463.9216,36128.6106,483.2517,463.9216,19.3301,0.01139613,0.01094029,19.3301,463.9216,0.01094029,19.3301,19.3301,19.3301,24.1626,24.1626,463.9216,0.01094029,106.3154,97.3877,376.9363,385.864,0.00888898,0.00909952,0.00045585,19.2749,17.1375,0.2201,5.7530,0.6409,504.8200,26.1429,7.1751,39.7174,2.9515,6.1317,20.2037,44.018,88.0359,220.0898,5.1098,0.0,14.357485,35.893712,3.143486,29,158,125,3,0.23384124,0.01139613,-0.00825174,0E-8,0.000000,0.887492,0.846818,0.02564465,2026-03-24,2026-08-06,84,754,547,136,0.617647,0.180654,0.372251,0.779471,,,,,,,,GLOBAL_BASELINE_NO_ENTITY_RANKING,,,NOT_APPLICABLE_GLOBAL_BASELINE,HF9g-P5,,,,X 全窗基线 · 不参与实体赏罚,8398112,840,A168_HF9F_20260827_0900,2026-08-27 09:00:00
2026-07-20,129740297,2216,0,2.0439030372,2.0439030372,2.0439030372,1.0000000,1,1,0.49324550000000000,0.493245500000,1.01360149184955,1.01360149184955,1.01360149184955,0E-17,ELIGIBLE,R03b_20260811_FULL_v1,L1_ELIGIBILITY,v2026-08-11,2026-03-21..2026-08-06,baccarat_bet02_101_all_pairs_incl_sentinel,round_win = game_pnl > 0 (decisive only),COMPATIBILITY_ONLY_NOT_PRODUCTION,42404.8770,37633.9694,483.2517,2200,2196,-0.01139613,0.00825174,-0.01739291,-0.01139613,-483.2517,42404.8770,OK,0.0000,19.3301,4.0000,96.0000,AG03-UNRESOLVED,ALL5_LEVELS_bet23_to_bet27,19.3301,19.3301,19.3301,24.1626,24.1626,4.000000,4.000000,4.000000,5.000000,5.000000,96.000000,96.000000,96.000000,95.000000,95.000000,5.0,106.3154,97.3877,376.9363,385.864,PENDING_AG03,FALSE,NOT_FOR_ENFORCEMENT,463.9216,36128.6106,483.2517,463.9216,19.3301,0.01139613,0.01094029,19.3301,463.9216,0.01094029,19.3301,19.3301,19.3301,24.1626,24.1626,463.9216,0.01094029,106.3154,97.3877,376.9363,385.864,0.00888898,0.00909952,0.00045585,19.2749,17.1375,0.2201,5.7530,0.6409,504.8200,26.1429,7.1751,39.7174,2.9515,6.1317,20.2037,44.018,88.0359,220.0898,5.1098,0.0,14.357485,35.893712,3.143486,29,158,125,3,0.23384124,0.01139613,-0.00825174,0E-8,0.000000,0.887492,0.846818,0.02564465,2026-03-24,2026-08-06,84,754,547,136,0.617647,0.180654,0.372251,0.779471,,,,,,,,GLOBAL_BASELINE_NO_ENTITY_RANKING,,,NOT_APPLICABLE_GLOBAL_BASELINE,HF9g-P5,,,,X 全窗基线 · 不参与实体赏罚,8398113,840,A168_HF9F_20260827_0900,2026-08-27 09:00:00
2026-07-20,129740297,2233,0,5.1097575931,1.0219515187,1.0219515187,0.5000000,2,2,0.50665070000000000,0.506650700000,-0.018812684590367487,-0.018812684590367487,-0.018812684590367487,0E-17,ELIGIBLE,R03b_20260811_FULL_v1,L1_ELIGIBILITY,v2026-08-11,2026-03-21..2026-08-06,baccarat_bet02_101_all_pairs_incl_sentinel,round_win = game_pnl > 0 (decisive only),COMPATIBILITY_ONLY_NOT_PRODUCTION,42404.8770,37633.9694,483.2517,2200,2196,-0.01139613,0.00825174,-0.01739291,-0.01139613,-483.2517,42404.8770,OK,0.0000,19.3301,4.0000,96.0000,AG03-UNRESOLVED,ALL5_LEVELS_bet23_to_bet27,19.3301,19.3301,19.3301,24.1626,24.1626,4.000000,4.000000,4.000000,5.000000,5.000000,96.000000,96.000000,96.000000,95.000000,95.000000,5.0,106.3154,97.3877,376.9363,385.864,PENDING_AG03,FALSE,NOT_FOR_ENFORCEMENT,463.9216,36128.6106,483.2517,463.9216,19.3301,0.01139613,0.01094029,19.3301,463.9216,0.01094029,19.3301,19.3301,19.3301,24.1626,24.1626,463.9216,0.01094029,106.3154,97.3877,376.9363,385.864,0.00888898,0.00909952,0.00045585,19.2749,17.1375,0.2201,5.7530,0.6409,504.8200,26.1429,7.1751,39.7174,2.9515,6.1317,20.2037,44.018,88.0359,220.0898,5.1098,0.0,14.357485,35.893712,3.143486,29,158,125,3,0.23384124,0.01139613,-0.00825174,0E-8,0.000000,0.887492,0.846818,0.02564465,2026-03-24,2026-08-06,84,754,547,136,0.617647,0.180654,0.372251,0.779471,,,,,,,,GLOBAL_BASELINE_NO_ENTITY_RANKING,,,NOT_APPLICABLE_GLOBAL_BASELINE,HF9g-P5,,,,X 全窗基线 · 不参与实体赏罚,8398114,840,A168_HF9F_20260827_0900,2026-08-27 09:00:00
2026-07-20,129740297,2281,0,1.0219515186,-1.0219515186,-1.0219515186,0E-7,1,1,0.50665070000000000,0.506650700000,-1.013391052207602,-1.013391052207602,-1.013391052207602,0E-17,ELIGIBLE,R03b_20260811_FULL_v1,L1_ELIGIBILITY,v2026-08-11,2026-03-21..2026-08-06,baccarat_bet02_101_all_pairs_incl_sentinel,round_win = game_pnl > 0 (decisive only),COMPATIBILITY_ONLY_NOT_PRODUCTION,42404.8770,37633.9694,483.2517,2200,2196,-0.01139613,0.00825174,-0.01739291,-0.01139613,-483.2517,42404.8770,OK,0.0000,19.3301,4.0000,96.0000,AG03-UNRESOLVED,ALL5_LEVELS_bet23_to_bet27,19.3301,19.3301,19.3301,24.1626,24.1626,4.000000,4.000000,4.000000,5.000000,5.000000,96.000000,96.000000,96.000000,95.000000,95.000000,5.0,106.3154,97.3877,376.9363,385.864,PENDING_AG03,FALSE,NOT_FOR_ENFORCEMENT,463.9216,36128.6106,483.2517,463.9216,19.3301,0.01139613,0.01094029,19.3301,463.9216,0.01094029,19.3301,19.3301,19.3301,24.1626,24.1626,463.9216,0.01094029,106.3154,97.3877,376.9363,385.864,0.00888898,0.00909952,0.00045585,19.2749,17.1375,0.2201,5.7530,0.6409,504.8200,26.1429,7.1751,39.7174,2.9515,6.1317,20.2037,44.018,88.0359,220.0898,5.1098,0.0,14.357485,35.893712,3.143486,29,158,125,3,0.23384124,0.01139613,-0.00825174,0E-8,0.000000,0.887492,0.846818,0.02564465,2026-03-24,2026-08-06,84,754,547,136,0.617647,0.180654,0.372251,0.779471,,,,,,,,GLOBAL_BASELINE_NO_ENTITY_RANKING,,,NOT_APPLICABLE_GLOBAL_BASELINE,HF9g-P5,,,,X 全窗基线 · 不参与实体赏罚,8398115,840,A168_HF9F_20260827_0900,2026-08-27 09:00:00
2026-07-20,129740297,752,0,12.2634182233,5.1097575931,5.1097575931,0.6666667,6,6,0.50441650000000000,0.504416500000,0.7948912480929629,0.7948912480929629,0.7948912480929629,0E-17,ELIGIBLE,R03b_20260811_FULL_v1,L1_ELIGIBILITY,v2026-08-11,2026-03-21..2026-08-06,baccarat_bet02_101_all_pairs_incl_sentinel,round_win = game_pnl > 0 (decisive only),COMPATIBILITY_ONLY_NOT_PRODUCTION,42404.8770,37633.9694,483.2517,2200,2196,-0.01139613,0.00825174,-0.01739291,-0.01139613,-483.2517,42404.8770,OK,0.0000,19.3301,4.0000,96.0000,AG03-UNRESOLVED,ALL5_LEVELS_bet23_to_bet27,19.3301,19.3301,19.3301,24.1626,24.1626,4.000000,4.000000,4.000000,5.000000,5.000000,96.000000,96.000000,96.000000,95.000000,95.000000,5.0,106.3154,97.3877,376.9363,385.864,PENDING_AG03,FALSE,NOT_FOR_ENFORCEMENT,463.9216,36128.6106,483.2517,463.9216,19.3301,0.01139613,0.01094029,19.3301,463.9216,0.01094029,19.3301,19.3301,19.3301,24.1626,24.1626,463.9216,0.01094029,106.3154,97.3877,376.9363,385.864,0.00888898,0.00909952,0.00045585,19.2749,17.1375,0.2201,5.7530,0.6409,504.8200,26.1429,7.1751,39.7174,2.9515,6.1317,20.2037,44.018,88.0359,220.0898,5.1098,0.0,14.357485,35.893712,3.143486,29,158,125,3,0.23384124,0.01139613,-0.00825174,0E-8,0.000000,0.887492,0.846818,0.02564465,2026-03-24,2026-08-06,84,754,547,136,0.617647,0.180654,0.372251,0.779471,,,,,,,,GLOBAL_BASELINE_NO_ENTITY_RANKING,,,NOT_APPLICABLE_GLOBAL_BASELINE,HF9g-P5,,,,X 全窗基线 · 不参与实体赏罚,8398116,840,A168_HF9F_20260827_0900,2026-08-27 09:00:00
2026-07-20,129740297,919,0,4.0878060745,4.0878060745,4.0878060745,1.0000000,1,1,0.50665070000000000,0.506650700000,0.9867858985152569,0.9867858985152569,0.9867858985152569,0E-17,ELIGIBLE,R03b_20260811_FULL_v1,L1_ELIGIBILITY,v2026-08-11,2026-03-21..2026-08-06,baccarat_bet02_101_all_pairs_incl_sentinel,round_win = game_pnl > 0 (decisive only),COMPATIBILITY_ONLY_NOT_PRODUCTION,42404.8770,37633.9694,483.2517,2200,2196,-0.01139613,0.00825174,-0.01739291,-0.01139613,-483.2517,42404.8770,OK,0.0000,19.3301,4.0000,96.0000,AG03-UNRESOLVED,ALL5_LEVELS_bet23_to_bet27,19.3301,19.3301,19.3301,24.1626,24.1626,4.000000,4.000000,4.000000,5.000000,5.000000,96.000000,96.000000,96.000000,95.000000,95.000000,5.0,106.3154,97.3877,376.9363,385.864,PENDING_AG03,FALSE,NOT_FOR_ENFORCEMENT,463.9216,36128.6106,483.2517,463.9216,19.3301,0.01139613,0.01094029,19.3301,463.9216,0.01094029,19.3301,19.3301,19.3301,24.1626,24.1626,463.9216,0.01094029,106.3154,97.3877,376.9363,385.864,0.00888898,0.00909952,0.00045585,19.2749,17.1375,0.2201,5.7530,0.6409,504.8200,26.1429,7.1751,39.7174,2.9515,6.1317,20.2037,44.018,88.0359,220.0898,5.1098,0.0,14.357485,35.893712,3.143486,29,158,125,3,0.23384124,0.01139613,-0.00825174,0E-8,0.000000,0.887492,0.846818,0.02564465,2026-03-24,2026-08-06,84,754,547,136,0.617647,0.180654,0.372251,0.779471,,,,,,,,GLOBAL_BASELINE_NO_ENTITY_RANKING,,,NOT_APPLICABLE_GLOBAL_BASELINE,HF9g-P5,,,,X 全窗基线 · 不参与实体赏罚,8398117,840,A168_HF9F_20260827_0900,2026-08-27 09:00:00
2026-07-20,129740297,994,0,33.1112292033,0.4087806073,0.4087806073,0.5000000,4,4,0.50665070000000000,0.506650700000,-0.02660515369234503,-0.02660515369234503,-0.02660515369234503,0E-17,ELIGIBLE,R03b_20260811_FULL_v1,L1_ELIGIBILITY,v2026-08-11,2026-03-21..2026-08-06,baccarat_bet02_101_all_pairs_incl_sentinel,round_win = game_pnl > 0 (decisive only),COMPATIBILITY_ONLY_NOT_PRODUCTION,42404.8770,37633.9694,483.2517,2200,2196,-0.01139613,0.00825174,-0.01739291,-0.01139613,-483.2517,42404.8770,OK,0.0000,19.3301,4.0000,96.0000,AG03-UNRESOLVED,ALL5_LEVELS_bet23_to_bet27,19.3301,19.3301,19.3301,24.1626,24.1626,4.000000,4.000000,4.000000,5.000000,5.000000,96.000000,96.000000,96.000000,95.000000,95.000000,5.0,106.3154,97.3877,376.9363,385.864,PENDING_AG03,FALSE,NOT_FOR_ENFORCEMENT,463.9216,36128.6106,483.2517,463.9216,19.3301,0.01139613,0.01094029,19.3301,463.9216,0.01094029,19.3301,19.3301,19.3301,24.1626,24.1626,463.9216,0.01094029,106.3154,97.3877,376.9363,385.864,0.00888898,0.00909952,0.00045585,19.2749,17.1375,0.2201,5.7530,0.6409,504.8200,26.1429,7.1751,39.7174,2.9515,6.1317,20.2037,44.018,88.0359,220.0898,5.1098,0.0,14.357485,35.893712,3.143486,29,158,125,3,0.23384124,0.01139613,-0.00825174,0E-8,0.000000,0.887492,0.846818,0.02564465,2026-03-24,2026-08-06,84,754,547,136,0.617647,0.180654,0.372251,0.779471,,,,,,,,GLOBAL_BASELINE_NO_ENTITY_RANKING,,,NOT_APPLICABLE_GLOBAL_BASELINE,HF9g-P5,,,,X 全窗基线 · 不参与实体赏罚,8398118,840,A168_HF9F_20260827_0900,2026-08-27 09:00:00
2026-07-21,129740297,-1,1,6.1317091117,-6.1317091117,-6.1317091117,0E-7,1,1,0.50665070000000000,0.506650700000,-1.013391052207602,-1.013391052207602,-1.013391052207602,0E-17,SENTINEL_DEALER,R03b_20260811_FULL_v1,L1_ELIGIBILITY,v2026-08-11,2026-03-21..2026-08-06,baccarat_bet02_101_all_pairs_incl_sentinel,round_win = game_pnl > 0 (decisive only),COMPATIBILITY_ONLY_NOT_PRODUCTION,42404.8770,37633.9694,483.2517,2200,2196,-0.01139613,0.00825174,-0.01739291,-0.01139613,-483.2517,42404.8770,OK,0.0000,19.3301,4.0000,96.0000,AG03-UNRESOLVED,ALL5_LEVELS_bet23_to_bet27,19.3301,19.3301,19.3301,24.1626,24.1626,4.000000,4.000000,4.000000,5.000000,5.000000,96.000000,96.000000,96.000000,95.000000,95.000000,5.0,106.3154,97.3877,376.9363,385.864,PENDING_AG03,FALSE,NOT_FOR_ENFORCEMENT,463.9216,36128.6106,483.2517,463.9216,19.3301,0.01139613,0.01094029,19.3301,463.9216,0.01094029,19.3301,19.3301,19.3301,24.1626,24.1626,463.9216,0.01094029,106.3154,97.3877,376.9363,385.864,0.00888898,0.00909952,0.00045585,19.2749,17.1375,0.2201,5.7530,0.6409,504.8200,26.1429,7.1751,39.7174,2.9515,6.1317,20.2037,44.018,88.0359,220.0898,5.1098,0.0,14.357485,35.893712,3.143486,29,158,125,3,0.23384124,0.01139613,-0.00825174,0E-8,0.000000,0.887492,0.846818,0.02564465,2026-03-24,2026-08-06,84,754,547,136,0.617647,0.180654,0.372251,0.779471,,,,,,,,GLOBAL_BASELINE_NO_ENTITY_RANKING,,,NOT_APPLICABLE_GLOBAL_BASELINE,HF9g-P5,,,,X 全窗基线 · 不参与实体赏罚,8398119,840,A168_HF9F_20260827_0900,2026-08-27 09:00:00
2026-07-21,129740297,1017,0,9.1975636676,9.1975636676,9.1975636676,1.0000000,1,1,0.50665070000000000,0.506650700000,0.9867858985152569,0.9867858985152569,0.9867858985152569,0E-17,ELIGIBLE,R03b_20260811_FULL_v1,L1_ELIGIBILITY,v2026-08-11,2026-03-21..2026-08-06,baccarat_bet02_101_all_pairs_incl_sentinel,round_win = game_pnl > 0 (decisive only),COMPATIBILITY_ONLY_NOT_PRODUCTION,42404.8770,37633.9694,483.2517,2200,2196,-0.01139613,0.00825174,-0.01739291,-0.01139613,-483.2517,42404.8770,OK,0.0000,19.3301,4.0000,96.0000,AG03-UNRESOLVED,ALL5_LEVELS_bet23_to_bet27,19.3301,19.3301,19.3301,24.1626,24.1626,4.000000,4.000000,4.000000,5.000000,5.000000,96.000000,96.000000,96.000000,95.000000,95.000000,5.0,106.3154,97.3877,376.9363,385.864,PENDING_AG03,FALSE,NOT_FOR_ENFORCEMENT,463.9216,36128.6106,483.2517,463.9216,19.3301,0.01139613,0.01094029,19.3301,463.9216,0.01094029,19.3301,19.3301,19.3301,24.1626,24.1626,463.9216,0.01094029,106.3154,97.3877,376.9363,385.864,0.00888898,0.00909952,0.00045585,19.2749,17.1375,0.2201,5.7530,0.6409,504.8200,26.1429,7.1751,39.7174,2.9515,6.1317,20.2037,44.018,88.0359,220.0898,5.1098,0.0,14.357485,35.893712,3.143486,29,158,125,3,0.23384124,0.01139613,-0.00825174,0E-8,0.000000,0.887492,0.846818,0.02564465,2026-03-24,2026-08-06,84,754,547,136,0.617647,0.180654,0.372251,0.779471,,,,,,,,GLOBAL_BASELINE_NO_ENTITY_RANKING,,,NOT_APPLICABLE_GLOBAL_BASELINE,HF9g-P5,,,,X 全窗基线 · 不参与实体赏罚,8398120,840,A168_HF9F_20260827_0900,2026-08-27 09:00:00
2026-07-21,129740297,1307,0,79.7122184523,8.1756121488,8.1756121488,0.5000000,7,7,0.50473567142857143,0.504735671429,-0.023200997840541474,-0.023200997842641315,-0.023200997840541474,-4.2857E-13,ELIGIBLE,R03b_20260811_FULL_v1,L1_ELIGIBILITY,v2026-08-11,2026-03-21..2026-08-06,baccarat_bet02_101_all_pairs_incl_sentinel,round_win = game_pnl > 0 (decisive only),COMPATIBILITY_ONLY_NOT_PRODUCTION,42404.8770,37633.9694,483.2517,2200,2196,-0.01139613,0.00825174,-0.01739291,-0.01139613,-483.2517,42404.8770,OK,0.0000,19.3301,4.0000,96.0000,AG03-UNRESOLVED,ALL5_LEVELS_bet23_to_bet27,19.3301,19.3301,19.3301,24.1626,24.1626,4.000000,4.000000,4.000000,5.000000,5.000000,96.000000,96.000000,96.000000,95.000000,95.000000,5.0,106.3154,97.3877,376.9363,385.864,PENDING_AG03,FALSE,NOT_FOR_ENFORCEMENT,463.9216,36128.6106,483.2517,463.9216,19.3301,0.01139613,0.01094029,19.3301,463.9216,0.01094029,19.3301,19.3301,19.3301,24.1626,24.1626,463.9216,0.01094029,106.3154,97.3877,376.9363,385.864,0.00888898,0.00909952,0.00045585,19.2749,17.1375,0.2201,5.7530,0.6409,504.8200,26.1429,7.1751,39.7174,2.9515,6.1317,20.2037,44.018,88.0359,220.0898,5.1098,0.0,14.357485,35.893712,3.143486,29,158,125,3,0.23384124,0.01139613,-0.00825174,0E-8,0.000000,0.887492,0.846818,0.02564465,2026-03-24,2026-08-06,84,754,547,136,0.617647,0.180654,0.372251,0.779471,,,,,,,,GLOBAL_BASELINE_NO_ENTITY_RANKING,,,NOT_APPLICABLE_GLOBAL_BASELINE,HF9g-P5,,,,X 全窗基线 · 不参与实体赏罚,8398121,840,A168_HF9F_20260827_0900,2026-08-27 09:00:00
2026-07-21,129740297,1374,0,68.4707517475,-16.3512242979,-16.3512242979,0.3333333,8,8,0.49659680000000000,0.496596800000,-0.7998429013504523,-0.7998429013504523,-0.7998429013504523,0E-17,ELIGIBLE,R03b_20260811_FULL_v1,L1_ELIGIBILITY,v2026-08-11,2026-03-21..2026-08-06,baccarat_bet02_101_all_pairs_incl_sentinel,round_win = game_pnl > 0 (decisive only),COMPATIBILITY_ONLY_NOT_PRODUCTION,42404.8770,37633.9694,483.2517,2200,2196,-0.01139613,0.00825174,-0.01739291,-0.01139613,-483.2517,42404.8770,OK,0.0000,19.3301,4.0000,96.0000,AG03-UNRESOLVED,ALL5_LEVELS_bet23_to_bet27,19.3301,19.3301,19.3301,24.1626,24.1626,4.000000,4.000000,4.000000,5.000000,5.000000,96.000000,96.000000,96.000000,95.000000,95.000000,5.0,106.3154,97.3877,376.9363,385.864,PENDING_AG03,FALSE,NOT_FOR_ENFORCEMENT,463.9216,36128.6106,483.2517,463.9216,19.3301,0.01139613,0.01094029,19.3301,463.9216,0.01094029,19.3301,19.3301,19.3301,24.1626,24.1626,463.9216,0.01094029,106.3154,97.3877,376.9363,385.864,0.00888898,0.00909952,0.00045585,19.2749,17.1375,0.2201,5.7530,0.6409,504.8200,26.1429,7.1751,39.7174,2.9515,6.1317,20.2037,44.018,88.0359,220.0898,5.1098,0.0,14.357485,35.893712,3.143486,29,158,125,3,0.23384124,0.01139613,-0.00825174,0E-8,0.000000,0.887492,0.846818,0.02564465,2026-03-24,2026-08-06,84,754,547,136,0.617647,0.180654,0.372251,0.779471,,,,,,,,GLOBAL_BASELINE_NO_ENTITY_RANKING,,,NOT_APPLICABLE_GLOBAL_BASELINE,HF9g-P5,,,,X 全窗基线 · 不参与实体赏罚,8398122,840,A168_HF9F_20260827_0900,2026-08-27 09:00:00
2026-07-21,129740297,1401,0,61.3170911172,40.8780607448,40.8780607448,1.0000000,2,2,0.50665070000000000,0.506650700000,1.3955260008387969,1.3955260008387969,1.3955260008387969,0E-17,ELIGIBLE,R03b_20260811_FULL_v1,L1_ELIGIBILITY,v2026-08-11,2026-03-21..2026-08-06,baccarat_bet02_101_all_pairs_incl_sentinel,round_win = game_pnl > 0 (decisive only),COMPATIBILITY_ONLY_NOT_PRODUCTION,42404.8770,37633.9694,483.2517,2200,2196,-0.01139613,0.00825174,-0.01739291,-0.01139613,-483.2517,42404.8770,OK,0.0000,19.3301,4.0000,96.0000,AG03-UNRESOLVED,ALL5_LEVELS_bet23_to_bet27,19.3301,19.3301,19.3301,24.1626,24.1626,4.000000,4.000000,4.000000,5.000000,5.000000,96.000000,96.000000,96.000000,95.000000,95.000000,5.0,106.3154,97.3877,376.9363,385.864,PENDING_AG03,FALSE,NOT_FOR_ENFORCEMENT,463.9216,36128.6106,483.2517,463.9216,19.3301,0.01139613,0.01094029,19.3301,463.9216,0.01094029,19.3301,19.3301,19.3301,24.1626,24.1626,463.9216,0.01094029,106.3154,97.3877,376.9363,385.864,0.00888898,0.00909952,0.00045585,19.2749,17.1375,0.2201,5.7530,0.6409,504.8200,26.1429,7.1751,39.7174,2.9515,6.1317,20.2037,44.018,88.0359,220.0898,5.1098,0.0,14.357485,35.893712,3.143486,29,158,125,3,0.23384124,0.01139613,-0.00825174,0E-8,0.000000,0.887492,0.846818,0.02564465,2026-03-24,2026-08-06,84,754,547,136,0.617647,0.180654,0.372251,0.779471,,,,,,,,GLOBAL_BASELINE_NO_ENTITY_RANKING,,,NOT_APPLICABLE_GLOBAL_BASELINE,HF9g-P5,,,,X 全窗基线 · 不参与实体赏罚,8398123,840,A168_HF9F_20260827_0900,2026-08-27 09:00:00
2026-07-21,129740297,1646,0,6.1317091117,6.1317091117,6.1317091117,1.0000000,1,1,0.50665070000000000,0.506650700000,0.9867858985152569,0.9867858985152569,0.9867858985152569,0E-17,ELIGIBLE,R03b_20260811_FULL_v1,L1_ELIGIBILITY,v2026-08-11,2026-03-21..2026-08-06,baccarat_bet02_101_all_pairs_incl_sentinel,round_win = game_pnl > 0 (decisive only),COMPATIBILITY_ONLY_NOT_PRODUCTION,42404.8770,37633.9694,483.2517,2200,2196,-0.01139613,0.00825174,-0.01739291,-0.01139613,-483.2517,42404.8770,OK,0.0000,19.3301,4.0000,96.0000,AG03-UNRESOLVED,ALL5_LEVELS_bet23_to_bet27,19.3301,19.3301,19.3301,24.1626,24.1626,4.000000,4.000000,4.000000,5.000000,5.000000,96.000000,96.000000,96.000000,95.000000,95.000000,5.0,106.3154,97.3877,376.9363,385.864,PENDING_AG03,FALSE,NOT_FOR_ENFORCEMENT,463.9216,36128.6106,483.2517,463.9216,19.3301,0.01139613,0.01094029,19.3301,463.9216,0.01094029,19.3301,19.3301,19.3301,24.1626,24.1626,463.9216,0.01094029,106.3154,97.3877,376.9363,385.864,0.00888898,0.00909952,0.00045585,19.2749,17.1375,0.2201,5.7530,0.6409,504.8200,26.1429,7.1751,39.7174,2.9515,6.1317,20.2037,44.018,88.0359,220.0898,5.1098,0.0,14.357485,35.893712,3.143486,29,158,125,3,0.23384124,0.01139613,-0.00825174,0E-8,0.000000,0.887492,0.846818,0.02564465,2026-03-24,2026-08-06,84,754,547,136,0.617647,0.180654,0.372251,0.779471,,,,,,,,GLOBAL_BASELINE_NO_ENTITY_RANKING,,,NOT_APPLICABLE_GLOBAL_BASELINE,HF9g-P5,,,,X 全窗基线 · 不参与实体赏罚,8398124,840,A168_HF9F_20260827_0900,2026-08-27 09:00:00
2026-07-21,129740297,2123,0,73.5805093406,-8.1756121490,-8.1756121490,0.5000000,8,8,0.49827245000000000,0.498272450000,0.008463282526572578,0.008463282526572578,0.008463282526572578,0E-17,ELIGIBLE,R03b_20260811_FULL_v1,L1_ELIGIBILITY,v2026-08-11,2026-03-21..2026-08-06,baccarat_bet02_101_all_pairs_incl_sentinel,round_win = game_pnl > 0 (decisive only),COMPATIBILITY_ONLY_NOT_PRODUCTION,42404.8770,37633.9694,483.2517,2200,2196,-0.01139613,0.00825174,-0.01739291,-0.01139613,-483.2517,42404.8770,OK,0.0000,19.3301,4.0000,96.0000,AG03-UNRESOLVED,ALL5_LEVELS_bet23_to_bet27,19.3301,19.3301,19.3301,24.1626,24.1626,4.000000,4.000000,4.000000,5.000000,5.000000,96.000000,96.000000,96.000000,95.000000,95.000000,5.0,106.3154,97.3877,376.9363,385.864,PENDING_AG03,FALSE,NOT_FOR_ENFORCEMENT,463.9216,36128.6106,483.2517,463.9216,19.3301,0.01139613,0.01094029,19.3301,463.9216,0.01094029,19.3301,19.3301,19.3301,24.1626,24.1626,463.9216,0.01094029,106.3154,97.3877,376.9363,385.864,0.00888898,0.00909952,0.00045585,19.2749,17.1375,0.2201,5.7530,0.6409,504.8200,26.1429,7.1751,39.7174,2.9515,6.1317,20.2037,44.018,88.0359,220.0898,5.1098,0.0,14.357485,35.893712,3.143486,29,158,125,3,0.23384124,0.01139613,-0.00825174,0E-8,0.000000,0.887492,0.846818,0.02564465,2026-03-24,2026-08-06,84,754,547,136,0.617647,0.180654,0.372251,0.779471,,,,,,,,GLOBAL_BASELINE_NO_ENTITY_RANKING,,,NOT_APPLICABLE_GLOBAL_BASELINE,HF9g-P5,,,,X 全窗基线 · 不参与实体赏罚,8398125,840,A168_HF9F_20260827_0900,2026-08-27 09:00:00
2026-07-21,129740297,2145,0,45.9878183378,45.9878183378,45.9878183378,1.0000000,5,5,0.49592654000000000,0.495926540000,2.254359859199096,2.254359859199096,2.254359859199096,0E-17,ELIGIBLE,R03b_20260811_FULL_v1,L1_ELIGIBILITY,v2026-08-11,2026-03-21..2026-08-06,baccarat_bet02_101_all_pairs_incl_sentinel,round_win = game_pnl > 0 (decisive only),COMPATIBILITY_ONLY_NOT_PRODUCTION,42404.8770,37633.9694,483.2517,2200,2196,-0.01139613,0.00825174,-0.01739291,-0.01139613,-483.2517,42404.8770,OK,0.0000,19.3301,4.0000,96.0000,AG03-UNRESOLVED,ALL5_LEVELS_bet23_to_bet27,19.3301,19.3301,19.3301,24.1626,24.1626,4.000000,4.000000,4.000000,5.000000,5.000000,96.000000,96.000000,96.000000,95.000000,95.000000,5.0,106.3154,97.3877,376.9363,385.864,PENDING_AG03,FALSE,NOT_FOR_ENFORCEMENT,463.9216,36128.6106,483.2517,463.9216,19.3301,0.01139613,0.01094029,19.3301,463.9216,0.01094029,19.3301,19.3301,19.3301,24.1626,24.1626,463.9216,0.01094029,106.3154,97.3877,376.9363,385.864,0.00888898,0.00909952,0.00045585,19.2749,17.1375,0.2201,5.7530,0.6409,504.8200,26.1429,7.1751,39.7174,2.9515,6.1317,20.2037,44.018,88.0359,220.0898,5.1098,0.0,14.357485,35.893712,3.143486,29,158,125,3,0.23384124,0.01139613,-0.00825174,0E-8,0.000000,0.887492,0.846818,0.02564465,2026-03-24,2026-08-06,84,754,547,136,0.617647,0.180654,0.372251,0.779471,,,,,,,,GLOBAL_BASELINE_NO_ENTITY_RANKING,,,NOT_APPLICABLE_GLOBAL_BASELINE,HF9g-P5,,,,X 全窗基线 · 不参与实体赏罚,8398126,840,A168_HF9F_20260827_0900,2026-08-27 09:00:00
2026-07-21,129740297,2152,0,6.1317091117,-6.1317091117,-6.1317091117,0E-7,1,1,0.50665070000000000,0.506650700000,-1.013391052207602,-1.013391052207602,-1.013391052207602,0E-17,ELIGIBLE,R03b_20260811_FULL_v1,L1_ELIGIBILITY,v2026-08-11,2026-03-21..2026-08-06,baccarat_bet02_101_all_pairs_incl_sentinel,round_win = game_pnl > 0 (decisive only),COMPATIBILITY_ONLY_NOT_PRODUCTION,42404.8770,37633.9694,483.2517,2200,2196,-0.01139613,0.00825174,-0.01739291,-0.01139613,-483.2517,42404.8770,OK,0.0000,19.3301,4.0000,96.0000,AG03-UNRESOLVED,ALL5_LEVELS_bet23_to_bet27,19.3301,19.3301,19.3301,24.1626,24.1626,4.000000,4.000000,4.000000,5.000000,5.000000,96.000000,96.000000,96.000000,95.000000,95.000000,5.0,106.3154,97.3877,376.9363,385.864,PENDING_AG03,FALSE,NOT_FOR_ENFORCEMENT,463.9216,36128.6106,483.2517,463.9216,19.3301,0.01139613,0.01094029,19.3301,463.9216,0.01094029,19.3301,19.3301,19.3301,24.1626,24.1626,463.9216,0.01094029,106.3154,97.3877,376.9363,385.864,0.00888898,0.00909952,0.00045585,19.2749,17.1375,0.2201,5.7530,0.6409,504.8200,26.1429,7.1751,39.7174,2.9515,6.1317,20.2037,44.018,88.0359,220.0898,5.1098,0.0,14.357485,35.893712,3.143486,29,158,125,3,0.23384124,0.01139613,-0.00825174,0E-8,0.000000,0.887492,0.846818,0.02564465,2026-03-24,2026-08-06,84,754,547,136,0.617647,0.180654,0.372251,0.779471,,,,,,,,GLOBAL_BASELINE_NO_ENTITY_RANKING,,,NOT_APPLICABLE_GLOBAL_BASELINE,HF9g-P5,,,,X 全窗基线 · 不参与实体赏罚,8398127,840,A168_HF9F_20260827_0900,2026-08-27 09:00:00
2026-07-21,129740297,2167,0,6.1317091117,0E-10,0E-10,,1,1,0.49324550000000000,0.493245500000,,,,0E-17,NO_DECISIVE_ROUND,R03b_20260811_FULL_v1,L1_ELIGIBILITY,v2026-08-11,2026-03-21..2026-08-06,baccarat_bet02_101_all_pairs_incl_sentinel,round_win = game_pnl > 0 (decisive only),COMPATIBILITY_ONLY_NOT_PRODUCTION,42404.8770,37633.9694,483.2517,2200,2196,-0.01139613,0.00825174,-0.01739291,-0.01139613,-483.2517,42404.8770,OK,0.0000,19.3301,4.0000,96.0000,AG03-UNRESOLVED,ALL5_LEVELS_bet23_to_bet27,19.3301,19.3301,19.3301,24.1626,24.1626,4.000000,4.000000,4.000000,5.000000,5.000000,96.000000,96.000000,96.000000,95.000000,95.000000,5.0,106.3154,97.3877,376.9363,385.864,PENDING_AG03,FALSE,NOT_FOR_ENFORCEMENT,463.9216,36128.6106,483.2517,463.9216,19.3301,0.01139613,0.01094029,19.3301,463.9216,0.01094029,19.3301,19.3301,19.3301,24.1626,24.1626,463.9216,0.01094029,106.3154,97.3877,376.9363,385.864,0.00888898,0.00909952,0.00045585,19.2749,17.1375,0.2201,5.7530,0.6409,504.8200,26.1429,7.1751,39.7174,2.9515,6.1317,20.2037,44.018,88.0359,220.0898,5.1098,0.0,14.357485,35.893712,3.143486,29,158,125,3,0.23384124,0.01139613,-0.00825174,0E-8,0.000000,0.887492,0.846818,0.02564465,2026-03-24,2026-08-06,84,754,547,136,0.617647,0.180654,0.372251,0.779471,,,,,,,,GLOBAL_BASELINE_NO_ENTITY_RANKING,,,NOT_APPLICABLE_GLOBAL_BASELINE,HF9g-P5,,,,X 全窗基线 · 不参与实体赏罚,8398128,840,A168_HF9F_20260827_0900,2026-08-27 09:00:00
2026-07-21,129740297,2169,0,14.3073212607,-14.3073212607,-14.3073212607,0E-7,1,1,0.49324550000000000,0.493245500000,-0.9865810262130424,-0.9865810262130424,-0.9865810262130424,0E-17,ELIGIBLE,R03b_20260811_FULL_v1,L1_ELIGIBILITY,v2026-08-11,2026-03-21..2026-08-06,baccarat_bet02_101_all_pairs_incl_sentinel,round_win = game_pnl > 0 (decisive only),COMPATIBILITY_ONLY_NOT_PRODUCTION,42404.8770,37633.9694,483.2517,2200,2196,-0.01139613,0.00825174,-0.01739291,-0.01139613,-483.2517,42404.8770,OK,0.0000,19.3301,4.0000,96.0000,AG03-UNRESOLVED,ALL5_LEVELS_bet23_to_bet27,19.3301,19.3301,19.3301,24.1626,24.1626,4.000000,4.000000,4.000000,5.000000,5.000000,96.000000,96.000000,96.000000,95.000000,95.000000,5.0,106.3154,97.3877,376.9363,385.864,PENDING_AG03,FALSE,NOT_FOR_ENFORCEMENT,463.9216,36128.6106,483.2517,463.9216,19.3301,0.01139613,0.01094029,19.3301,463.9216,0.01094029,19.3301,19.3301,19.3301,24.1626,24.1626,463.9216,0.01094029,106.3154,97.3877,376.9363,385.864,0.00888898,0.00909952,0.00045585,19.2749,17.1375,0.2201,5.7530,0.6409,504.8200,26.1429,7.1751,39.7174,2.9515,6.1317,20.2037,44.018,88.0359,220.0898,5.1098,0.0,14.357485,35.893712,3.143486,29,158,125,3,0.23384124,0.01139613,-0.00825174,0E-8,0.000000,0.887492,0.846818,0.02564465,2026-03-24,2026-08-06,84,754,547,136,0.617647,0.180654,0.372251,0.779471,,,,,,,,GLOBAL_BASELINE_NO_ENTITY_RANKING,,,NOT_APPLICABLE_GLOBAL_BASELINE,HF9g-P5,,,,X 全窗基线 · 不参与实体赏罚,8398129,840,A168_HF9F_20260827_0900,2026-08-27 09:00:00
2026-07-21,129740297,2174,0,39.8561092261,3.0658545559,3.0658545559,0.5000000,4,4,0.49324550000000000,0.493245500000,0.027020465636507562,0.027020465636507562,0.027020465636507562,0E-17,ELIGIBLE,R03b_20260811_FULL_v1,L1_ELIGIBILITY,v2026-08-11,2026-03-21..2026-08-06,baccarat_bet02_101_all_pairs_incl_sentinel,round_win = game_pnl > 0 (decisive only),COMPATIBILITY_ONLY_NOT_PRODUCTION,42404.8770,37633.9694,483.2517,2200,2196,-0.01139613,0.00825174,-0.01739291,-0.01139613,-483.2517,42404.8770,OK,0.0000,19.3301,4.0000,96.0000,AG03-UNRESOLVED,ALL5_LEVELS_bet23_to_bet27,19.3301,19.3301,19.3301,24.1626,24.1626,4.000000,4.000000,4.000000,5.000000,5.000000,96.000000,96.000000,96.000000,95.000000,95.000000,5.0,106.3154,97.3877,376.9363,385.864,PENDING_AG03,FALSE,NOT_FOR_ENFORCEMENT,463.9216,36128.6106,483.2517,463.9216,19.3301,0.01139613,0.01094029,19.3301,463.9216,0.01094029,19.3301,19.3301,19.3301,24.1626,24.1626,463.9216,0.01094029,106.3154,97.3877,376.9363,385.864,0.00888898,0.00909952,0.00045585,19.2749,17.1375,0.2201,5.7530,0.6409,504.8200,26.1429,7.1751,39.7174,2.9515,6.1317,20.2037,44.018,88.0359,220.0898,5.1098,0.0,14.357485,35.893712,3.143486,29,158,125,3,0.23384124,0.01139613,-0.00825174,0E-8,0.000000,0.887492,0.846818,0.02564465,2026-03-24,2026-08-06,84,754,547,136,0.617647,0.180654,0.372251,0.779471,,,,,,,,GLOBAL_BASELINE_NO_ENTITY_RANKING,,,NOT_APPLICABLE_GLOBAL_BASELINE,HF9g-P5,,,,X 全窗基线 · 不参与实体赏罚,8398130,840,A168_HF9F_20260827_0900,2026-08-27 09:00:00
2026-07-21,129740297,2212,0,61.3170911172,-20.4390303724,-20.4390303724,0E-7,2,2,0.49324550000000000,0.493245500000,-0.9865810262130424,-0.9865810262130424,-0.9865810262130424,0E-17,ELIGIBLE,R03b_20260811_FULL_v1,L1_ELIGIBILITY,v2026-08-11,2026-03-21..2026-08-06,baccarat_bet02_101_all_pairs_incl_sentinel,round_win = game_pnl > 0 (decisive only),COMPATIBILITY_ONLY_NOT_PRODUCTION,42404.8770,37633.9694,483.2517,2200,2196,-0.01139613,0.00825174,-0.01739291,-0.01139613,-483.2517,42404.8770,OK,0.0000,19.3301,4.0000,96.0000,AG03-UNRESOLVED,ALL5_LEVELS_bet23_to_bet27,19.3301,19.3301,19.3301,24.1626,24.1626,4.000000,4.000000,4.000000,5.000000,5.000000,96.000000,96.000000,96.000000,95.000000,95.000000,5.0,106.3154,97.3877,376.9363,385.864,PENDING_AG03,FALSE,NOT_FOR_ENFORCEMENT,463.9216,36128.6106,483.2517,463.9216,19.3301,0.01139613,0.01094029,19.3301,463.9216,0.01094029,19.3301,19.3301,19.3301,24.1626,24.1626,463.9216,0.01094029,106.3154,97.3877,376.9363,385.864,0.00888898,0.00909952,0.00045585,19.2749,17.1375,0.2201,5.7530,0.6409,504.8200,26.1429,7.1751,39.7174,2.9515,6.1317,20.2037,44.018,88.0359,220.0898,5.1098,0.0,14.357485,35.893712,3.143486,29,158,125,3,0.23384124,0.01139613,-0.00825174,0E-8,0.000000,0.887492,0.846818,0.02564465,2026-03-24,2026-08-06,84,754,547,136,0.617647,0.180654,0.372251,0.779471,,,,,,,,GLOBAL_BASELINE_NO_ENTITY_RANKING,,,NOT_APPLICABLE_GLOBAL_BASELINE,HF9g-P5,,,,X 全窗基线 · 不参与实体赏罚,8398131,840,A168_HF9F_20260827_0900,2026-08-27 09:00:00
2026-07-21,129740297,2243,0,10.2195151862,-10.2195151862,-10.2195151862,0E-7,1,1,0.49324550000000000,0.493245500000,-0.9865810262130424,-0.9865810262130424,-0.9865810262130424,0E-17,ELIGIBLE,R03b_20260811_FULL_v1,L1_ELIGIBILITY,v2026-08-11,2026-03-21..2026-08-06,baccarat_bet02_101_all_pairs_incl_sentinel,round_win = game_pnl > 0 (decisive only),COMPATIBILITY_ONLY_NOT_PRODUCTION,42404.8770,37633.9694,483.2517,2200,2196,-0.01139613,0.00825174,-0.01739291,-0.01139613,-483.2517,42404.8770,OK,0.0000,19.3301,4.0000,96.0000,AG03-UNRESOLVED,ALL5_LEVELS_bet23_to_bet27,19.3301,19.3301,19.3301,24.1626,24.1626,4.000000,4.000000,4.000000,5.000000,5.000000,96.000000,96.000000,96.000000,95.000000,95.000000,5.0,106.3154,97.3877,376.9363,385.864,PENDING_AG03,FALSE,NOT_FOR_ENFORCEMENT,463.9216,36128.6106,483.2517,463.9216,19.3301,0.01139613,0.01094029,19.3301,463.9216,0.01094029,19.3301,19.3301,19.3301,24.1626,24.1626,463.9216,0.01094029,106.3154,97.3877,376.9363,385.864,0.00888898,0.00909952,0.00045585,19.2749,17.1375,0.2201,5.7530,0.6409,504.8200,26.1429,7.1751,39.7174,2.9515,6.1317,20.2037,44.018,88.0359,220.0898,5.1098,0.0,14.357485,35.893712,3.143486,29,158,125,3,0.23384124,0.01139613,-0.00825174,0E-8,0.000000,0.887492,0.846818,0.02564465,2026-03-24,2026-08-06,84,754,547,136,0.617647,0.180654,0.372251,0.779471,,,,,,,,GLOBAL_BASELINE_NO_ENTITY_RANKING,,,NOT_APPLICABLE_GLOBAL_BASELINE,HF9g-P5,,,,X 全窗基线 · 不参与实体赏罚,8398132,840,A168_HF9F_20260827_0900,2026-08-27 09:00:00
2026-07-21,129740297,987,0,6.1317091117,-6.1317091117,-6.1317091117,0E-7,1,1,0.50665070000000000,0.506650700000,-1.013391052207602,-1.013391052207602,-1.013391052207602,0E-17,ELIGIBLE,R03b_20260811_FULL_v1,L1_ELIGIBILITY,v2026-08-11,2026-03-21..2026-08-06,baccarat_bet02_101_all_pairs_incl_sentinel,round_win = game_pnl > 0 (decisive only),COMPATIBILITY_ONLY_NOT_PRODUCTION,42404.8770,37633.9694,483.2517,2200,2196,-0.01139613,0.00825174,-0.01739291,-0.01139613,-483.2517,42404.8770,OK,0.0000,19.3301,4.0000,96.0000,AG03-UNRESOLVED,ALL5_LEVELS_bet23_to_bet27,19.3301,19.3301,19.3301,24.1626,24.1626,4.000000,4.000000,4.000000,5.000000,5.000000,96.000000,96.000000,96.000000,95.000000,95.000000,5.0,106.3154,97.3877,376.9363,385.864,PENDING_AG03,FALSE,NOT_FOR_ENFORCEMENT,463.9216,36128.6106,483.2517,463.9216,19.3301,0.01139613,0.01094029,19.3301,463.9216,0.01094029,19.3301,19.3301,19.3301,24.1626,24.1626,463.9216,0.01094029,106.3154,97.3877,376.9363,385.864,0.00888898,0.00909952,0.00045585,19.2749,17.1375,0.2201,5.7530,0.6409,504.8200,26.1429,7.1751,39.7174,2.9515,6.1317,20.2037,44.018,88.0359,220.0898,5.1098,0.0,14.357485,35.893712,3.143486,29,158,125,3,0.23384124,0.01139613,-0.00825174,0E-8,0.000000,0.887492,0.846818,0.02564465,2026-03-24,2026-08-06,84,754,547,136,0.617647,0.180654,0.372251,0.779471,,,,,,,,GLOBAL_BASELINE_NO_ENTITY_RANKING,,,NOT_APPLICABLE_GLOBAL_BASELINE,HF9g-P5,,,,X 全窗基线 · 不参与实体赏罚,8398133,840,A168_HF9F_20260827_0900,2026-08-27 09:00:00
2026-07-22,129740297,1990,0,20.4390303724,20.4390303724,20.4390303724,1.0000000,1,1,0.50665070000000000,0.506650700000,0.9867858985152569,0.9867858985152569,0.9867858985152569,0E-17,ELIGIBLE,R03b_20260811_FULL_v1,L1_ELIGIBILITY,v2026-08-11,2026-03-21..2026-08-06,baccarat_bet02_101_all_pairs_incl_sentinel,round_win = game_pnl > 0 (decisive only),COMPATIBILITY_ONLY_NOT_PRODUCTION,42404.8770,37633.9694,483.2517,2200,2196,-0.01139613,0.00825174,-0.01739291,-0.01139613,-483.2517,42404.8770,OK,0.0000,19.3301,4.0000,96.0000,AG03-UNRESOLVED,ALL5_LEVELS_bet23_to_bet27,19.3301,19.3301,19.3301,24.1626,24.1626,4.000000,4.000000,4.000000,5.000000,5.000000,96.000000,96.000000,96.000000,95.000000,95.000000,5.0,106.3154,97.3877,376.9363,385.864,PENDING_AG03,FALSE,NOT_FOR_ENFORCEMENT,463.9216,36128.6106,483.2517,463.9216,19.3301,0.01139613,0.01094029,19.3301,463.9216,0.01094029,19.3301,19.3301,19.3301,24.1626,24.1626,463.9216,0.01094029,106.3154,97.3877,376.9363,385.864,0.00888898,0.00909952,0.00045585,19.2749,17.1375,0.2201,5.7530,0.6409,504.8200,26.1429,7.1751,39.7174,2.9515,6.1317,20.2037,44.018,88.0359,220.0898,5.1098,0.0,14.357485,35.893712,3.143486,29,158,125,3,0.23384124,0.01139613,-0.00825174,0E-8,0.000000,0.887492,0.846818,0.02564465,2026-03-24,2026-08-06,84,754,547,136,0.617647,0.180654,0.372251,0.779471,,,,,,,,GLOBAL_BASELINE_NO_ENTITY_RANKING,,,NOT_APPLICABLE_GLOBAL_BASELINE,HF9g-P5,,,,X 全窗基线 · 不参与实体赏罚,8398134,840,A168_HF9F_20260827_0900,2026-08-27 09:00:00
2026-07-22,129740297,2121,0,306.5854555860,275.9269100274,275.9269100274,1.0000000,5,5,0.50665070000000000,0.506650700000,1.9735717970305138,1.9735717970305138,1.9735717970305138,0E-17,ELIGIBLE,R03b_20260811_FULL_v1,L1_ELIGIBILITY,v2026-08-11,2026-03-21..2026-08-06,baccarat_bet02_101_all_pairs_incl_sentinel,round_win = game_pnl > 0 (decisive only),COMPATIBILITY_ONLY_NOT_PRODUCTION,42404.8770,37633.9694,483.2517,2200,2196,-0.01139613,0.00825174,-0.01739291,-0.01139613,-483.2517,42404.8770,OK,0.0000,19.3301,4.0000,96.0000,AG03-UNRESOLVED,ALL5_LEVELS_bet23_to_bet27,19.3301,19.3301,19.3301,24.1626,24.1626,4.000000,4.000000,4.000000,5.000000,5.000000,96.000000,96.000000,96.000000,95.000000,95.000000,5.0,106.3154,97.3877,376.9363,385.864,PENDING_AG03,FALSE,NOT_FOR_ENFORCEMENT,463.9216,36128.6106,483.2517,463.9216,19.3301,0.01139613,0.01094029,19.3301,463.9216,0.01094029,19.3301,19.3301,19.3301,24.1626,24.1626,463.9216,0.01094029,106.3154,97.3877,376.9363,385.864,0.00888898,0.00909952,0.00045585,19.2749,17.1375,0.2201,5.7530,0.6409,504.8200,26.1429,7.1751,39.7174,2.9515,6.1317,20.2037,44.018,88.0359,220.0898,5.1098,0.0,14.357485,35.893712,3.143486,29,158,125,3,0.23384124,0.01139613,-0.00825174,0E-8,0.000000,0.887492,0.846818,0.02564465,2026-03-24,2026-08-06,84,754,547,136,0.617647,0.180654,0.372251,0.779471,,,,,,,,GLOBAL_BASELINE_NO_ENTITY_RANKING,,,NOT_APPLICABLE_GLOBAL_BASELINE,HF9g-P5,,,,X 全窗基线 · 不参与实体赏罚,8398135,840,A168_HF9F_20260827_0900,2026-08-27 09:00:00
2026-07-22,129740297,2129,0,194.1707885378,-153.2927277930,-153.2927277930,0.3333333,3,3,0.49324550000000000,0.493245500000,-0.5540025479526107,-0.5540025479526106,-0.5540025479526107,0E-17,ELIGIBLE,R03b_20260811_FULL_v1,L1_ELIGIBILITY,v2026-08-11,2026-03-21..2026-08-06,baccarat_bet02_101_all_pairs_incl_sentinel,round_win = game_pnl > 0 (decisive only),COMPATIBILITY_ONLY_NOT_PRODUCTION,42404.8770,37633.9694,483.2517,2200,2196,-0.01139613,0.00825174,-0.01739291,-0.01139613,-483.2517,42404.8770,OK,0.0000,19.3301,4.0000,96.0000,AG03-UNRESOLVED,ALL5_LEVELS_bet23_to_bet27,19.3301,19.3301,19.3301,24.1626,24.1626,4.000000,4.000000,4.000000,5.000000,5.000000,96.000000,96.000000,96.000000,95.000000,95.000000,5.0,106.3154,97.3877,376.9363,385.864,PENDING_AG03,FALSE,NOT_FOR_ENFORCEMENT,463.9216,36128.6106,483.2517,463.9216,19.3301,0.01139613,0.01094029,19.3301,463.9216,0.01094029,19.3301,19.3301,19.3301,24.1626,24.1626,463.9216,0.01094029,106.3154,97.3877,376.9363,385.864,0.00888898,0.00909952,0.00045585,19.2749,17.1375,0.2201,5.7530,0.6409,504.8200,26.1429,7.1751,39.7174,2.9515,6.1317,20.2037,44.018,88.0359,220.0898,5.1098,0.0,14.357485,35.893712,3.143486,29,158,125,3,0.23384124,0.01139613,-0.00825174,0E-8,0.000000,0.887492,0.846818,0.02564465,2026-03-24,2026-08-06,84,754,547,136,0.617647,0.180654,0.372251,0.779471,,,,,,,,GLOBAL_BASELINE_NO_ENTITY_RANKING,,,NOT_APPLICABLE_GLOBAL_BASELINE,HF9g-P5,,,,X 全窗基线 · 不参与实体赏罚,8398136,840,A168_HF9F_20260827_0900,2026-08-27 09:00:00
2026-07-22,129740297,2134,0,122.6341822344,-30.6585455586,-30.6585455586,0.5000000,2,2,0.50665070000000000,0.506650700000,-0.018812684590367487,-0.018812684590367487,-0.018812684590367487,0E-17,ELIGIBLE,R03b_20260811_FULL_v1,L1_ELIGIBILITY,v2026-08-11,2026-03-21..2026-08-06,baccarat_bet02_101_all_pairs_incl_sentinel,round_win = game_pnl > 0 (decisive only),COMPATIBILITY_ONLY_NOT_PRODUCTION,42404.8770,37633.9694,483.2517,2200,2196,-0.01139613,0.00825174,-0.01739291,-0.01139613,-483.2517,42404.8770,OK,0.0000,19.3301,4.0000,96.0000,AG03-UNRESOLVED,ALL5_LEVELS_bet23_to_bet27,19.3301,19.3301,19.3301,24.1626,24.1626,4.000000,4.000000,4.000000,5.000000,5.000000,96.000000,96.000000,96.000000,95.000000,95.000000,5.0,106.3154,97.3877,376.9363,385.864,PENDING_AG03,FALSE,NOT_FOR_ENFORCEMENT,463.9216,36128.6106,483.2517,463.9216,19.3301,0.01139613,0.01094029,19.3301,463.9216,0.01094029,19.3301,19.3301,19.3301,24.1626,24.1626,463.9216,0.01094029,106.3154,97.3877,376.9363,385.864,0.00888898,0.00909952,0.00045585,19.2749,17.1375,0.2201,5.7530,0.6409,504.8200,26.1429,7.1751,39.7174,2.9515,6.1317,20.2037,44.018,88.0359,220.0898,5.1098,0.0,14.357485,35.893712,3.143486,29,158,125,3,0.23384124,0.01139613,-0.00825174,0E-8,0.000000,0.887492,0.846818,0.02564465,2026-03-24,2026-08-06,84,754,547,136,0.617647,0.180654,0.372251,0.779471,,,,,,,,GLOBAL_BASELINE_NO_ENTITY_RANKING,,,NOT_APPLICABLE_GLOBAL_BASELINE,HF9g-P5,,,,X 全窗基线 · 不参与实体赏罚,8398137,840,A168_HF9F_20260827_0900,2026-08-27 09:00:00
2026-07-22,129740297,2216,0,81.7561214896,-40.8780607448,-40.8780607448,0.3333333,3,3,0.49324550000000000,0.493245500000,-0.5540025479526107,-0.5540025479526106,-0.5540025479526107,0E-17,ELIGIBLE,R03b_20260811_FULL_v1,L1_ELIGIBILITY,v2026-08-11,2026-03-21..2026-08-06,baccarat_bet02_101_all_pairs_incl_sentinel,round_win = game_pnl > 0 (decisive only),COMPATIBILITY_ONLY_NOT_PRODUCTION,42404.8770,37633.9694,483.2517,2200,2196,-0.01139613,0.00825174,-0.01739291,-0.01139613,-483.2517,42404.8770,OK,0.0000,19.3301,4.0000,96.0000,AG03-UNRESOLVED,ALL5_LEVELS_bet23_to_bet27,19.3301,19.3301,19.3301,24.1626,24.1626,4.000000,4.000000,4.000000,5.000000,5.000000,96.000000,96.000000,96.000000,95.000000,95.000000,5.0,106.3154,97.3877,376.9363,385.864,PENDING_AG03,FALSE,NOT_FOR_ENFORCEMENT,463.9216,36128.6106,483.2517,463.9216,19.3301,0.01139613,0.01094029,19.3301,463.9216,0.01094029,19.3301,19.3301,19.3301,24.1626,24.1626,463.9216,0.01094029,106.3154,97.3877,376.9363,385.864,0.00888898,0.00909952,0.00045585,19.2749,17.1375,0.2201,5.7530,0.6409,504.8200,26.1429,7.1751,39.7174,2.9515,6.1317,20.2037,44.018,88.0359,220.0898,5.1098,0.0,14.357485,35.893712,3.143486,29,158,125,3,0.23384124,0.01139613,-0.00825174,0E-8,0.000000,0.887492,0.846818,0.02564465,2026-03-24,2026-08-06,84,754,547,136,0.617647,0.180654,0.372251,0.779471,,,,,,,,GLOBAL_BASELINE_NO_ENTITY_RANKING,,,NOT_APPLICABLE_GLOBAL_BASELINE,HF9g-P5,,,,X 全窗基线 · 不参与实体赏罚,8398138,840,A168_HF9F_20260827_0900,2026-08-27 09:00:00
2026-07-22,129740297,2251,0,10.2195151862,-10.2195151862,-10.2195151862,0E-7,1,1,0.50665070000000000,0.506650700000,-1.013391052207602,-1.013391052207602,-1.013391052207602,0E-17,ELIGIBLE,R03b_20260811_FULL_v1,L1_ELIGIBILITY,v2026-08-11,2026-03-21..2026-08-06,baccarat_bet02_101_all_pairs_incl_sentinel,round_win = game_pnl > 0 (decisive only),COMPATIBILITY_ONLY_NOT_PRODUCTION,42404.8770,37633.9694,483.2517,2200,2196,-0.01139613,0.00825174,-0.01739291,-0.01139613,-483.2517,42404.8770,OK,0.0000,19.3301,4.0000,96.0000,AG03-UNRESOLVED,ALL5_LEVELS_bet23_to_bet27,19.3301,19.3301,19.3301,24.1626,24.1626,4.000000,4.000000,4.000000,5.000000,5.000000,96.000000,96.000000,96.000000,95.000000,95.000000,5.0,106.3154,97.3877,376.9363,385.864,PENDING_AG03,FALSE,NOT_FOR_ENFORCEMENT,463.9216,36128.6106,483.2517,463.9216,19.3301,0.01139613,0.01094029,19.3301,463.9216,0.01094029,19.3301,19.3301,19.3301,24.1626,24.1626,463.9216,0.01094029,106.3154,97.3877,376.9363,385.864,0.00888898,0.00909952,0.00045585,19.2749,17.1375,0.2201,5.7530,0.6409,504.8200,26.1429,7.1751,39.7174,2.9515,6.1317,20.2037,44.018,88.0359,220.0898,5.1098,0.0,14.357485,35.893712,3.143486,29,158,125,3,0.23384124,0.01139613,-0.00825174,0E-8,0.000000,0.887492,0.846818,0.02564465,2026-03-24,2026-08-06,84,754,547,136,0.617647,0.180654,0.372251,0.779471,,,,,,,,GLOBAL_BASELINE_NO_ENTITY_RANKING,,,NOT_APPLICABLE_GLOBAL_BASELINE,HF9g-P5,,,,X 全窗基线 · 不参与实体赏罚,8398139,840,A168_HF9F_20260827_0900,2026-08-27 09:00:00
2026-07-23,129740297,-1,1,156.3585823486,-40.8780607449,-40.8780607449,0.4117647,21,21,0.49707555714285714,0.497075557143,-0.7035033348557856,-0.7035033348569625,-0.7035033348557856,-1.4286E-13,SENTINEL_DEALER,R03b_20260811_FULL_v1,L1_ELIGIBILITY,v2026-08-11,2026-03-21..2026-08-06,baccarat_bet02_101_all_pairs_incl_sentinel,round_win = game_pnl > 0 (decisive only),COMPATIBILITY_ONLY_NOT_PRODUCTION,42404.8770,37633.9694,483.2517,2200,2196,-0.01139613,0.00825174,-0.01739291,-0.01139613,-483.2517,42404.8770,OK,0.0000,19.3301,4.0000,96.0000,AG03-UNRESOLVED,ALL5_LEVELS_bet23_to_bet27,19.3301,19.3301,19.3301,24.1626,24.1626,4.000000,4.000000,4.000000,5.000000,5.000000,96.000000,96.000000,96.000000,95.000000,95.000000,5.0,106.3154,97.3877,376.9363,385.864,PENDING_AG03,FALSE,NOT_FOR_ENFORCEMENT,463.9216,36128.6106,483.2517,463.9216,19.3301,0.01139613,0.01094029,19.3301,463.9216,0.01094029,19.3301,19.3301,19.3301,24.1626,24.1626,463.9216,0.01094029,106.3154,97.3877,376.9363,385.864,0.00888898,0.00909952,0.00045585,19.2749,17.1375,0.2201,5.7530,0.6409,504.8200,26.1429,7.1751,39.7174,2.9515,6.1317,20.2037,44.018,88.0359,220.0898,5.1098,0.0,14.357485,35.893712,3.143486,29,158,125,3,0.23384124,0.01139613,-0.00825174,0E-8,0.000000,0.887492,0.846818,0.02564465,2026-03-24,2026-08-06,84,754,547,136,0.617647,0.180654,0.372251,0.779471,,,,,,,,GLOBAL_BASELINE_NO_ENTITY_RANKING,,,NOT_APPLICABLE_GLOBAL_BASELINE,HF9g-P5,,,,X 全窗基线 · 不参与实体赏罚,8398140,840,A168_HF9F_20260827_0900,2026-08-27 09:00:00
2026-07-23,129740297,1210,0,122.6341822344,40.8780607448,40.8780607448,0.7142857,7,7,0.50282064285714286,0.502820642857,1.1189857854549734,1.1189857854557275,1.1189857854549734,1.4286E-13,ELIGIBLE,R03b_20260811_FULL_v1,L1_ELIGIBILITY,v2026-08-11,2026-03-21..2026-08-06,baccarat_bet02_101_all_pairs_incl_sentinel,round_win = game_pnl > 0 (decisive only),COMPATIBILITY_ONLY_NOT_PRODUCTION,42404.8770,37633.9694,483.2517,2200,2196,-0.01139613,0.00825174,-0.01739291,-0.01139613,-483.2517,42404.8770,OK,0.0000,19.3301,4.0000,96.0000,AG03-UNRESOLVED,ALL5_LEVELS_bet23_to_bet27,19.3301,19.3301,19.3301,24.1626,24.1626,4.000000,4.000000,4.000000,5.000000,5.000000,96.000000,96.000000,96.000000,95.000000,95.000000,5.0,106.3154,97.3877,376.9363,385.864,PENDING_AG03,FALSE,NOT_FOR_ENFORCEMENT,463.9216,36128.6106,483.2517,463.9216,19.3301,0.01139613,0.01094029,19.3301,463.9216,0.01094029,19.3301,19.3301,19.3301,24.1626,24.1626,463.9216,0.01094029,106.3154,97.3877,376.9363,385.864,0.00888898,0.00909952,0.00045585,19.2749,17.1375,0.2201,5.7530,0.6409,504.8200,26.1429,7.1751,39.7174,2.9515,6.1317,20.2037,44.018,88.0359,220.0898,5.1098,0.0,14.357485,35.893712,3.143486,29,158,125,3,0.23384124,0.01139613,-0.00825174,0E-8,0.000000,0.887492,0.846818,0.02564465,2026-03-24,2026-08-06,84,754,547,136,0.617647,0.180654,0.372251,0.779471,,,,,,,,GLOBAL_BASELINE_NO_ENTITY_RANKING,,,NOT_APPLICABLE_GLOBAL_BASELINE,HF9g-P5,,,,X 全窗基线 · 不参与实体赏罚,8398141,840,A168_HF9F_20260827_0900,2026-08-27 09:00:00
2026-07-23,129740297,1302,0,40.8780607448,40.8780607448,40.8780607448,1.0000000,1,1,0.50665070000000000,0.506650700000,0.9867858985152569,0.9867858985152569,0.9867858985152569,0E-17,ELIGIBLE,R03b_20260811_FULL_v1,L1_ELIGIBILITY,v2026-08-11,2026-03-21..2026-08-06,baccarat_bet02_101_all_pairs_incl_sentinel,round_win = game_pnl > 0 (decisive only),COMPATIBILITY_ONLY_NOT_PRODUCTION,42404.8770,37633.9694,483.2517,2200,2196,-0.01139613,0.00825174,-0.01739291,-0.01139613,-483.2517,42404.8770,OK,0.0000,19.3301,4.0000,96.0000,AG03-UNRESOLVED,ALL5_LEVELS_bet23_to_bet27,19.3301,19.3301,19.3301,24.1626,24.1626,4.000000,4.000000,4.000000,5.000000,5.000000,96.000000,96.000000,96.000000,95.000000,95.000000,5.0,106.3154,97.3877,376.9363,385.864,PENDING_AG03,FALSE,NOT_FOR_ENFORCEMENT,463.9216,36128.6106,483.2517,463.9216,19.3301,0.01139613,0.01094029,19.3301,463.9216,0.01094029,19.3301,19.3301,19.3301,24.1626,24.1626,463.9216,0.01094029,106.3154,97.3877,376.9363,385.864,0.00888898,0.00909952,0.00045585,19.2749,17.1375,0.2201,5.7530,0.6409,504.8200,26.1429,7.1751,39.7174,2.9515,6.1317,20.2037,44.018,88.0359,220.0898,5.1098,0.0,14.357485,35.893712,3.143486,29,158,125,3,0.23384124,0.01139613,-0.00825174,0E-8,0.000000,0.887492,0.846818,0.02564465,2026-03-24,2026-08-06,84,754,547,136,0.617647,0.180654,0.372251,0.779471,,,,,,,,GLOBAL_BASELINE_NO_ENTITY_RANKING,,,NOT_APPLICABLE_GLOBAL_BASELINE,HF9g-P5,,,,X 全窗基线 · 不参与实体赏罚,8398142,840,A168_HF9F_20260827_0900,2026-08-27 09:00:00
2026-07-23,129740297,1306,0,4.0878060744,2.0439030372,2.0439030372,1.0000000,2,2,0.49324550000000000,0.493245500000,1.01360149184955,1.01360149184955,1.01360149184955,0E-17,ELIGIBLE,R03b_20260811_FULL_v1,L1_ELIGIBILITY,v2026-08-11,2026-03-21..2026-08-06,baccarat_bet02_101_all_pairs_incl_sentinel,round_win = game_pnl > 0 (decisive only),COMPATIBILITY_ONLY_NOT_PRODUCTION,42404.8770,37633.9694,483.2517,2200,2196,-0.01139613,0.00825174,-0.01739291,-0.01139613,-483.2517,42404.8770,OK,0.0000,19.3301,4.0000,96.0000,AG03-UNRESOLVED,ALL5_LEVELS_bet23_to_bet27,19.3301,19.3301,19.3301,24.1626,24.1626,4.000000,4.000000,4.000000,5.000000,5.000000,96.000000,96.000000,96.000000,95.000000,95.000000,5.0,106.3154,97.3877,376.9363,385.864,PENDING_AG03,FALSE,NOT_FOR_ENFORCEMENT,463.9216,36128.6106,483.2517,463.9216,19.3301,0.01139613,0.01094029,19.3301,463.9216,0.01094029,19.3301,19.3301,19.3301,24.1626,24.1626,463.9216,0.01094029,106.3154,97.3877,376.9363,385.864,0.00888898,0.00909952,0.00045585,19.2749,17.1375,0.2201,5.7530,0.6409,504.8200,26.1429,7.1751,39.7174,2.9515,6.1317,20.2037,44.018,88.0359,220.0898,5.1098,0.0,14.357485,35.893712,3.143486,29,158,125,3,0.23384124,0.01139613,-0.00825174,0E-8,0.000000,0.887492,0.846818,0.02564465,2026-03-24,2026-08-06,84,754,547,136,0.617647,0.180654,0.372251,0.779471,,,,,,,,GLOBAL_BASELINE_NO_ENTITY_RANKING,,,NOT_APPLICABLE_GLOBAL_BASELINE,HF9g-P5,,,,X 全窗基线 · 不参与实体赏罚,8398143,840,A168_HF9F_20260827_0900,2026-08-27 09:00:00
2026-07-23,129740297,1307,0,20.4390303724,-20.4390303724,-20.4390303724,0E-7,1,1,0.49324550000000000,0.493245500000,-0.9865810262130424,-0.9865810262130424,-0.9865810262130424,0E-17,ELIGIBLE,R03b_20260811_FULL_v1,L1_ELIGIBILITY,v2026-08-11,2026-03-21..2026-08-06,baccarat_bet02_101_all_pairs_incl_sentinel,round_win = game_pnl > 0 (decisive only),COMPATIBILITY_ONLY_NOT_PRODUCTION,42404.8770,37633.9694,483.2517,2200,2196,-0.01139613,0.00825174,-0.01739291,-0.01139613,-483.2517,42404.8770,OK,0.0000,19.3301,4.0000,96.0000,AG03-UNRESOLVED,ALL5_LEVELS_bet23_to_bet27,19.3301,19.3301,19.3301,24.1626,24.1626,4.000000,4.000000,4.000000,5.000000,5.000000,96.000000,96.000000,96.000000,95.000000,95.000000,5.0,106.3154,97.3877,376.9363,385.864,PENDING_AG03,FALSE,NOT_FOR_ENFORCEMENT,463.9216,36128.6106,483.2517,463.9216,19.3301,0.01139613,0.01094029,19.3301,463.9216,0.01094029,19.3301,19.3301,19.3301,24.1626,24.1626,463.9216,0.01094029,106.3154,97.3877,376.9363,385.864,0.00888898,0.00909952,0.00045585,19.2749,17.1375,0.2201,5.7530,0.6409,504.8200,26.1429,7.1751,39.7174,2.9515,6.1317,20.2037,44.018,88.0359,220.0898,5.1098,0.0,14.357485,35.893712,3.143486,29,158,125,3,0.23384124,0.01139613,-0.00825174,0E-8,0.000000,0.887492,0.846818,0.02564465,2026-03-24,2026-08-06,84,754,547,136,0.617647,0.180654,0.372251,0.779471,,,,,,,,GLOBAL_BASELINE_NO_ENTITY_RANKING,,,NOT_APPLICABLE_GLOBAL_BASELINE,HF9g-P5,,,,X 全窗基线 · 不参与实体赏罚,8398144,840,A168_HF9F_20260827_0900,2026-08-27 09:00:00
2026-07-23,129740297,1353,0,3.0658545559,-3.0658545559,-3.0658545559,0E-7,1,1,0.50665070000000000,0.506650700000,-1.013391052207602,-1.013391052207602,-1.013391052207602,0E-17,ELIGIBLE,R03b_20260811_FULL_v1,L1_ELIGIBILITY,v2026-08-11,2026-03-21..2026-08-06,baccarat_bet02_101_all_pairs_incl_sentinel,round_win = game_pnl > 0 (decisive only),COMPATIBILITY_ONLY_NOT_PRODUCTION,42404.8770,37633.9694,483.2517,2200,2196,-0.01139613,0.00825174,-0.01739291,-0.01139613,-483.2517,42404.8770,OK,0.0000,19.3301,4.0000,96.0000,AG03-UNRESOLVED,ALL5_LEVELS_bet23_to_bet27,19.3301,19.3301,19.3301,24.1626,24.1626,4.000000,4.000000,4.000000,5.000000,5.000000,96.000000,96.000000,96.000000,95.000000,95.000000,5.0,106.3154,97.3877,376.9363,385.864,PENDING_AG03,FALSE,NOT_FOR_ENFORCEMENT,463.9216,36128.6106,483.2517,463.9216,19.3301,0.01139613,0.01094029,19.3301,463.9216,0.01094029,19.3301,19.3301,19.3301,24.1626,24.1626,463.9216,0.01094029,106.3154,97.3877,376.9363,385.864,0.00888898,0.00909952,0.00045585,19.2749,17.1375,0.2201,5.7530,0.6409,504.8200,26.1429,7.1751,39.7174,2.9515,6.1317,20.2037,44.018,88.0359,220.0898,5.1098,0.0,14.357485,35.893712,3.143486,29,158,125,3,0.23384124,0.01139613,-0.00825174,0E-8,0.000000,0.887492,0.846818,0.02564465,2026-03-24,2026-08-06,84,754,547,136,0.617647,0.180654,0.372251,0.779471,,,,,,,,GLOBAL_BASELINE_NO_ENTITY_RANKING,,,NOT_APPLICABLE_GLOBAL_BASELINE,HF9g-P5,,,,X 全窗基线 · 不参与实体赏罚,8398145,840,A168_HF9F_20260827_0900,2026-08-27 09:00:00
2026-07-23,129740297,1401,0,12.2634182235,8.9931733639,8.9931733639,1.0000000,4,4,0.50329940000000000,0.503299400000,1.9868456582349654,1.9868456582349654,1.9868456582349654,0E-17,ELIGIBLE,R03b_20260811_FULL_v1,L1_ELIGIBILITY,v2026-08-11,2026-03-21..2026-08-06,baccarat_bet02_101_all_pairs_incl_sentinel,round_win = game_pnl > 0 (decisive only),COMPATIBILITY_ONLY_NOT_PRODUCTION,42404.8770,37633.9694,483.2517,2200,2196,-0.01139613,0.00825174,-0.01739291,-0.01139613,-483.2517,42404.8770,OK,0.0000,19.3301,4.0000,96.0000,AG03-UNRESOLVED,ALL5_LEVELS_bet23_to_bet27,19.3301,19.3301,19.3301,24.1626,24.1626,4.000000,4.000000,4.000000,5.000000,5.000000,96.000000,96.000000,96.000000,95.000000,95.000000,5.0,106.3154,97.3877,376.9363,385.864,PENDING_AG03,FALSE,NOT_FOR_ENFORCEMENT,463.9216,36128.6106,483.2517,463.9216,19.3301,0.01139613,0.01094029,19.3301,463.9216,0.01094029,19.3301,19.3301,19.3301,24.1626,24.1626,463.9216,0.01094029,106.3154,97.3877,376.9363,385.864,0.00888898,0.00909952,0.00045585,19.2749,17.1375,0.2201,5.7530,0.6409,504.8200,26.1429,7.1751,39.7174,2.9515,6.1317,20.2037,44.018,88.0359,220.0898,5.1098,0.0,14.357485,35.893712,3.143486,29,158,125,3,0.23384124,0.01139613,-0.00825174,0E-8,0.000000,0.887492,0.846818,0.02564465,2026-03-24,2026-08-06,84,754,547,136,0.617647,0.180654,0.372251,0.779471,,,,,,,,GLOBAL_BASELINE_NO_ENTITY_RANKING,,,NOT_APPLICABLE_GLOBAL_BASELINE,HF9g-P5,,,,X 全窗基线 · 不参与实体赏罚,8398146,840,A168_HF9F_20260827_0900,2026-08-27 09:00:00
2026-07-23,129740297,1402,0,4.2921963782,4.2921963782,4.2921963782,1.0000000,1,1,0.49324550000000000,0.493245500000,1.01360149184955,1.01360149184955,1.01360149184955,0E-17,ELIGIBLE,R03b_20260811_FULL_v1,L1_ELIGIBILITY,v2026-08-11,2026-03-21..2026-08-06,baccarat_bet02_101_all_pairs_incl_sentinel,round_win = game_pnl > 0 (decisive only),COMPATIBILITY_ONLY_NOT_PRODUCTION,42404.8770,37633.9694,483.2517,2200,2196,-0.01139613,0.00825174,-0.01739291,-0.01139613,-483.2517,42404.8770,OK,0.0000,19.3301,4.0000,96.0000,AG03-UNRESOLVED,ALL5_LEVELS_bet23_to_bet27,19.3301,19.3301,19.3301,24.1626,24.1626,4.000000,4.000000,4.000000,5.000000,5.000000,96.000000,96.000000,96.000000,95.000000,95.000000,5.0,106.3154,97.3877,376.9363,385.864,PENDING_AG03,FALSE,NOT_FOR_ENFORCEMENT,463.9216,36128.6106,483.2517,463.9216,19.3301,0.01139613,0.01094029,19.3301,463.9216,0.01094029,19.3301,19.3301,19.3301,24.1626,24.1626,463.9216,0.01094029,106.3154,97.3877,376.9363,385.864,0.00888898,0.00909952,0.00045585,19.2749,17.1375,0.2201,5.7530,0.6409,504.8200,26.1429,7.1751,39.7174,2.9515,6.1317,20.2037,44.018,88.0359,220.0898,5.1098,0.0,14.357485,35.893712,3.143486,29,158,125,3,0.23384124,0.01139613,-0.00825174,0E-8,0.000000,0.887492,0.846818,0.02564465,2026-03-24,2026-08-06,84,754,547,136,0.617647,0.180654,0.372251,0.779471,,,,,,,,GLOBAL_BASELINE_NO_ENTITY_RANKING,,,NOT_APPLICABLE_GLOBAL_BASELINE,HF9g-P5,,,,X 全窗基线 · 不参与实体赏罚,8398147,840,A168_HF9F_20260827_0900,2026-08-27 09:00:00
2026-07-23,129740297,1704,0,33.5200098107,2.8614642521,2.8614642521,0.6666667,4,4,0.50665070000000000,0.506650700000,0.5543606114942035,0.5543606114942035,0.5543606114942035,0E-17,ELIGIBLE,R03b_20260811_FULL_v1,L1_ELIGIBILITY,v2026-08-11,2026-03-21..2026-08-06,baccarat_bet02_101_all_pairs_incl_sentinel,round_win = game_pnl > 0 (decisive only),COMPATIBILITY_ONLY_NOT_PRODUCTION,42404.8770,37633.9694,483.2517,2200,2196,-0.01139613,0.00825174,-0.01739291,-0.01139613,-483.2517,42404.8770,OK,0.0000,19.3301,4.0000,96.0000,AG03-UNRESOLVED,ALL5_LEVELS_bet23_to_bet27,19.3301,19.3301,19.3301,24.1626,24.1626,4.000000,4.000000,4.000000,5.000000,5.000000,96.000000,96.000000,96.000000,95.000000,95.000000,5.0,106.3154,97.3877,376.9363,385.864,PENDING_AG03,FALSE,NOT_FOR_ENFORCEMENT,463.9216,36128.6106,483.2517,463.9216,19.3301,0.01139613,0.01094029,19.3301,463.9216,0.01094029,19.3301,19.3301,19.3301,24.1626,24.1626,463.9216,0.01094029,106.3154,97.3877,376.9363,385.864,0.00888898,0.00909952,0.00045585,19.2749,17.1375,0.2201,5.7530,0.6409,504.8200,26.1429,7.1751,39.7174,2.9515,6.1317,20.2037,44.018,88.0359,220.0898,5.1098,0.0,14.357485,35.893712,3.143486,29,158,125,3,0.23384124,0.01139613,-0.00825174,0E-8,0.000000,0.887492,0.846818,0.02564465,2026-03-24,2026-08-06,84,754,547,136,0.617647,0.180654,0.372251,0.779471,,,,,,,,GLOBAL_BASELINE_NO_ENTITY_RANKING,,,NOT_APPLICABLE_GLOBAL_BASELINE,HF9g-P5,,,,X 全窗基线 · 不参与实体赏罚,8398148,840,A168_HF9F_20260827_0900,2026-08-27 09:00:00
2026-07-23,129740297,1935,0,61.3170911172,-61.3170911172,-61.3170911172,0E-7,2,2,0.49324550000000000,0.493245500000,-1.3952362676504506,-1.3952362676504506,-1.3952362676504506,0E-17,ELIGIBLE,R03b_20260811_FULL_v1,L1_ELIGIBILITY,v2026-08-11,2026-03-21..2026-08-06,baccarat_bet02_101_all_pairs_incl_sentinel,round_win = game_pnl > 0 (decisive only),COMPATIBILITY_ONLY_NOT_PRODUCTION,42404.8770,37633.9694,483.2517,2200,2196,-0.01139613,0.00825174,-0.01739291,-0.01139613,-483.2517,42404.8770,OK,0.0000,19.3301,4.0000,96.0000,AG03-UNRESOLVED,ALL5_LEVELS_bet23_to_bet27,19.3301,19.3301,19.3301,24.1626,24.1626,4.000000,4.000000,4.000000,5.000000,5.000000,96.000000,96.000000,96.000000,95.000000,95.000000,5.0,106.3154,97.3877,376.9363,385.864,PENDING_AG03,FALSE,NOT_FOR_ENFORCEMENT,463.9216,36128.6106,483.2517,463.9216,19.3301,0.01139613,0.01094029,19.3301,463.9216,0.01094029,19.3301,19.3301,19.3301,24.1626,24.1626,463.9216,0.01094029,106.3154,97.3877,376.9363,385.864,0.00888898,0.00909952,0.00045585,19.2749,17.1375,0.2201,5.7530,0.6409,504.8200,26.1429,7.1751,39.7174,2.9515,6.1317,20.2037,44.018,88.0359,220.0898,5.1098,0.0,14.357485,35.893712,3.143486,29,158,125,3,0.23384124,0.01139613,-0.00825174,0E-8,0.000000,0.887492,0.846818,0.02564465,2026-03-24,2026-08-06,84,754,547,136,0.617647,0.180654,0.372251,0.779471,,,,,,,,GLOBAL_BASELINE_NO_ENTITY_RANKING,,,NOT_APPLICABLE_GLOBAL_BASELINE,HF9g-P5,,,,X 全窗基线 · 不参与实体赏罚,8398149,840,A168_HF9F_20260827_0900,2026-08-27 09:00:00
2026-07-23,129740297,1951,0,6.1317091117,-6.1317091117,-6.1317091117,0E-7,2,2,0.50665070000000000,0.506650700000,-1.4331513700195317,-1.4331513700195317,-1.4331513700195317,0E-17,ELIGIBLE,R03b_20260811_FULL_v1,L1_ELIGIBILITY,v2026-08-11,2026-03-21..2026-08-06,baccarat_bet02_101_all_pairs_incl_sentinel,round_win = game_pnl > 0 (decisive only),COMPATIBILITY_ONLY_NOT_PRODUCTION,42404.8770,37633.9694,483.2517,2200,2196,-0.01139613,0.00825174,-0.01739291,-0.01139613,-483.2517,42404.8770,OK,0.0000,19.3301,4.0000,96.0000,AG03-UNRESOLVED,ALL5_LEVELS_bet23_to_bet27,19.3301,19.3301,19.3301,24.1626,24.1626,4.000000,4.000000,4.000000,5.000000,5.000000,96.000000,96.000000,96.000000,95.000000,95.000000,5.0,106.3154,97.3877,376.9363,385.864,PENDING_AG03,FALSE,NOT_FOR_ENFORCEMENT,463.9216,36128.6106,483.2517,463.9216,19.3301,0.01139613,0.01094029,19.3301,463.9216,0.01094029,19.3301,19.3301,19.3301,24.1626,24.1626,463.9216,0.01094029,106.3154,97.3877,376.9363,385.864,0.00888898,0.00909952,0.00045585,19.2749,17.1375,0.2201,5.7530,0.6409,504.8200,26.1429,7.1751,39.7174,2.9515,6.1317,20.2037,44.018,88.0359,220.0898,5.1098,0.0,14.357485,35.893712,3.143486,29,158,125,3,0.23384124,0.01139613,-0.00825174,0E-8,0.000000,0.887492,0.846818,0.02564465,2026-03-24,2026-08-06,84,754,547,136,0.617647,0.180654,0.372251,0.779471,,,,,,,,GLOBAL_BASELINE_NO_ENTITY_RANKING,,,NOT_APPLICABLE_GLOBAL_BASELINE,HF9g-P5,,,,X 全窗基线 · 不参与实体赏罚,8398150,840,A168_HF9F_20260827_0900,2026-08-27 09:00:00
2026-07-23,129740297,1957,0,148.1829701999,-39.8561092261,-39.8561092261,0.4285714,7,7,0.49707555714285714,0.497075557143,-0.3624959764119633,-0.36249597641271863,-0.3624959764119633,-1.4286E-13,ELIGIBLE,R03b_20260811_FULL_v1,L1_ELIGIBILITY,v2026-08-11,2026-03-21..2026-08-06,baccarat_bet02_101_all_pairs_incl_sentinel,round_win = game_pnl > 0 (decisive only),COMPATIBILITY_ONLY_NOT_PRODUCTION,42404.8770,37633.9694,483.2517,2200,2196,-0.01139613,0.00825174,-0.01739291,-0.01139613,-483.2517,42404.8770,OK,0.0000,19.3301,4.0000,96.0000,AG03-UNRESOLVED,ALL5_LEVELS_bet23_to_bet27,19.3301,19.3301,19.3301,24.1626,24.1626,4.000000,4.000000,4.000000,5.000000,5.000000,96.000000,96.000000,96.000000,95.000000,95.000000,5.0,106.3154,97.3877,376.9363,385.864,PENDING_AG03,FALSE,NOT_FOR_ENFORCEMENT,463.9216,36128.6106,483.2517,463.9216,19.3301,0.01139613,0.01094029,19.3301,463.9216,0.01094029,19.3301,19.3301,19.3301,24.1626,24.1626,463.9216,0.01094029,106.3154,97.3877,376.9363,385.864,0.00888898,0.00909952,0.00045585,19.2749,17.1375,0.2201,5.7530,0.6409,504.8200,26.1429,7.1751,39.7174,2.9515,6.1317,20.2037,44.018,88.0359,220.0898,5.1098,0.0,14.357485,35.893712,3.143486,29,158,125,3,0.23384124,0.01139613,-0.00825174,0E-8,0.000000,0.887492,0.846818,0.02564465,2026-03-24,2026-08-06,84,754,547,136,0.617647,0.180654,0.372251,0.779471,,,,,,,,GLOBAL_BASELINE_NO_ENTITY_RANKING,,,NOT_APPLICABLE_GLOBAL_BASELINE,HF9g-P5,,,,X 全窗基线 · 不参与实体赏罚,8398151,840,A168_HF9F_20260827_0900,2026-08-27 09:00:00
2026-07-23,129740297,2093,0,2.6570739484,-2.6570739484,-2.6570739484,0E-7,1,1,0.50665070000000000,0.506650700000,-1.013391052207602,-1.013391052207602,-1.013391052207602,0E-17,ELIGIBLE,R03b_20260811_FULL_v1,L1_ELIGIBILITY,v2026-08-11,2026-03-21..2026-08-06,baccarat_bet02_101_all_pairs_incl_sentinel,round_win = game_pnl > 0 (decisive only),COMPATIBILITY_ONLY_NOT_PRODUCTION,42404.8770,37633.9694,483.2517,2200,2196,-0.01139613,0.00825174,-0.01739291,-0.01139613,-483.2517,42404.8770,OK,0.0000,19.3301,4.0000,96.0000,AG03-UNRESOLVED,ALL5_LEVELS_bet23_to_bet27,19.3301,19.3301,19.3301,24.1626,24.1626,4.000000,4.000000,4.000000,5.000000,5.000000,96.000000,96.000000,96.000000,95.000000,95.000000,5.0,106.3154,97.3877,376.9363,385.864,PENDING_AG03,FALSE,NOT_FOR_ENFORCEMENT,463.9216,36128.6106,483.2517,463.9216,19.3301,0.01139613,0.01094029,19.3301,463.9216,0.01094029,19.3301,19.3301,19.3301,24.1626,24.1626,463.9216,0.01094029,106.3154,97.3877,376.9363,385.864,0.00888898,0.00909952,0.00045585,19.2749,17.1375,0.2201,5.7530,0.6409,504.8200,26.1429,7.1751,39.7174,2.9515,6.1317,20.2037,44.018,88.0359,220.0898,5.1098,0.0,14.357485,35.893712,3.143486,29,158,125,3,0.23384124,0.01139613,-0.00825174,0E-8,0.000000,0.887492,0.846818,0.02564465,2026-03-24,2026-08-06,84,754,547,136,0.617647,0.180654,0.372251,0.779471,,,,,,,,GLOBAL_BASELINE_NO_ENTITY_RANKING,,,NOT_APPLICABLE_GLOBAL_BASELINE,HF9g-P5,,,,X 全窗基线 · 不参与实体赏罚,8398152,840,A168_HF9F_20260827_0900,2026-08-27 09:00:00
2026-07-23,129740297,2103,0,14.7161018681,7.3580509341,7.3580509341,0.6666667,3,3,0.50665070000000000,0.506650700000,0.5543606114942035,0.5543606114942035,0.5543606114942035,0E-17,ELIGIBLE,R03b_20260811_FULL_v1,L1_ELIGIBILITY,v2026-08-11,2026-03-21..2026-08-06,baccarat_bet02_101_all_pairs_incl_sentinel,round_win = game_pnl > 0 (decisive only),COMPATIBILITY_ONLY_NOT_PRODUCTION,42404.8770,37633.9694,483.2517,2200,2196,-0.01139613,0.00825174,-0.01739291,-0.01139613,-483.2517,42404.8770,OK,0.0000,19.3301,4.0000,96.0000,AG03-UNRESOLVED,ALL5_LEVELS_bet23_to_bet27,19.3301,19.3301,19.3301,24.1626,24.1626,4.000000,4.000000,4.000000,5.000000,5.000000,96.000000,96.000000,96.000000,95.000000,95.000000,5.0,106.3154,97.3877,376.9363,385.864,PENDING_AG03,FALSE,NOT_FOR_ENFORCEMENT,463.9216,36128.6106,483.2517,463.9216,19.3301,0.01139613,0.01094029,19.3301,463.9216,0.01094029,19.3301,19.3301,19.3301,24.1626,24.1626,463.9216,0.01094029,106.3154,97.3877,376.9363,385.864,0.00888898,0.00909952,0.00045585,19.2749,17.1375,0.2201,5.7530,0.6409,504.8200,26.1429,7.1751,39.7174,2.9515,6.1317,20.2037,44.018,88.0359,220.0898,5.1098,0.0,14.357485,35.893712,3.143486,29,158,125,3,0.23384124,0.01139613,-0.00825174,0E-8,0.000000,0.887492,0.846818,0.02564465,2026-03-24,2026-08-06,84,754,547,136,0.617647,0.180654,0.372251,0.779471,,,,,,,,GLOBAL_BASELINE_NO_ENTITY_RANKING,,,NOT_APPLICABLE_GLOBAL_BASELINE,HF9g-P5,,,,X 全窗基线 · 不参与实体赏罚,8398153,840,A168_HF9F_20260827_0900,2026-08-27 09:00:00
2026-07-23,129740297,2127,0,16.3512242980,-8.1756121490,-8.1756121490,0E-7,2,2,0.50665070000000000,0.506650700000,-1.013391052207602,-1.013391052207602,-1.013391052207602,0E-17,ELIGIBLE,R03b_20260811_FULL_v1,L1_ELIGIBILITY,v2026-08-11,2026-03-21..2026-08-06,baccarat_bet02_101_all_pairs_incl_sentinel,round_win = game_pnl > 0 (decisive only),COMPATIBILITY_ONLY_NOT_PRODUCTION,42404.8770,37633.9694,483.2517,2200,2196,-0.01139613,0.00825174,-0.01739291,-0.01139613,-483.2517,42404.8770,OK,0.0000,19.3301,4.0000,96.0000,AG03-UNRESOLVED,ALL5_LEVELS_bet23_to_bet27,19.3301,19.3301,19.3301,24.1626,24.1626,4.000000,4.000000,4.000000,5.000000,5.000000,96.000000,96.000000,96.000000,95.000000,95.000000,5.0,106.3154,97.3877,376.9363,385.864,PENDING_AG03,FALSE,NOT_FOR_ENFORCEMENT,463.9216,36128.6106,483.2517,463.9216,19.3301,0.01139613,0.01094029,19.3301,463.9216,0.01094029,19.3301,19.3301,19.3301,24.1626,24.1626,463.9216,0.01094029,106.3154,97.3877,376.9363,385.864,0.00888898,0.00909952,0.00045585,19.2749,17.1375,0.2201,5.7530,0.6409,504.8200,26.1429,7.1751,39.7174,2.9515,6.1317,20.2037,44.018,88.0359,220.0898,5.1098,0.0,14.357485,35.893712,3.143486,29,158,125,3,0.23384124,0.01139613,-0.00825174,0E-8,0.000000,0.887492,0.846818,0.02564465,2026-03-24,2026-08-06,84,754,547,136,0.617647,0.180654,0.372251,0.779471,,,,,,,,GLOBAL_BASELINE_NO_ENTITY_RANKING,,,NOT_APPLICABLE_GLOBAL_BASELINE,HF9g-P5,,,,X 全窗基线 · 不参与实体赏罚,8398154,840,A168_HF9F_20260827_0900,2026-08-27 09:00:00
2026-07-23,129740297,2142,0,10.2195151862,10.2195151862,10.2195151862,1.0000000,1,1,0.49324550000000000,0.493245500000,1.01360149184955,1.01360149184955,1.01360149184955,0E-17,ELIGIBLE,R03b_20260811_FULL_v1,L1_ELIGIBILITY,v2026-08-11,2026-03-21..2026-08-06,baccarat_bet02_101_all_pairs_incl_sentinel,round_win = game_pnl > 0 (decisive only),COMPATIBILITY_ONLY_NOT_PRODUCTION,42404.8770,37633.9694,483.2517,2200,2196,-0.01139613,0.00825174,-0.01739291,-0.01139613,-483.2517,42404.8770,OK,0.0000,19.3301,4.0000,96.0000,AG03-UNRESOLVED,ALL5_LEVELS_bet23_to_bet27,19.3301,19.3301,19.3301,24.1626,24.1626,4.000000,4.000000,4.000000,5.000000,5.000000,96.000000,96.000000,96.000000,95.000000,95.000000,5.0,106.3154,97.3877,376.9363,385.864,PENDING_AG03,FALSE,NOT_FOR_ENFORCEMENT,463.9216,36128.6106,483.2517,463.9216,19.3301,0.01139613,0.01094029,19.3301,463.9216,0.01094029,19.3301,19.3301,19.3301,24.1626,24.1626,463.9216,0.01094029,106.3154,97.3877,376.9363,385.864,0.00888898,0.00909952,0.00045585,19.2749,17.1375,0.2201,5.7530,0.6409,504.8200,26.1429,7.1751,39.7174,2.9515,6.1317,20.2037,44.018,88.0359,220.0898,5.1098,0.0,14.357485,35.893712,3.143486,29,158,125,3,0.23384124,0.01139613,-0.00825174,0E-8,0.000000,0.887492,0.846818,0.02564465,2026-03-24,2026-08-06,84,754,547,136,0.617647,0.180654,0.372251,0.779471,,,,,,,,GLOBAL_BASELINE_NO_ENTITY_RANKING,,,NOT_APPLICABLE_GLOBAL_BASELINE,HF9g-P5,,,,X 全窗基线 · 不参与实体赏罚,8398155,840,A168_HF9F_20260827_0900,2026-08-27 09:00:00
2026-07-23,129740297,2170,0,5.1097575931,-5.1097575931,-5.1097575931,0E-7,1,1,0.50665070000000000,0.506650700000,-1.013391052207602,-1.013391052207602,-1.013391052207602,0E-17,ELIGIBLE,R03b_20260811_FULL_v1,L1_ELIGIBILITY,v2026-08-11,2026-03-21..2026-08-06,baccarat_bet02_101_all_pairs_incl_sentinel,round_win = game_pnl > 0 (decisive only),COMPATIBILITY_ONLY_NOT_PRODUCTION,42404.8770,37633.9694,483.2517,2200,2196,-0.01139613,0.00825174,-0.01739291,-0.01139613,-483.2517,42404.8770,OK,0.0000,19.3301,4.0000,96.0000,AG03-UNRESOLVED,ALL5_LEVELS_bet23_to_bet27,19.3301,19.3301,19.3301,24.1626,24.1626,4.000000,4.000000,4.000000,5.000000,5.000000,96.000000,96.000000,96.000000,95.000000,95.000000,5.0,106.3154,97.3877,376.9363,385.864,PENDING_AG03,FALSE,NOT_FOR_ENFORCEMENT,463.9216,36128.6106,483.2517,463.9216,19.3301,0.01139613,0.01094029,19.3301,463.9216,0.01094029,19.3301,19.3301,19.3301,24.1626,24.1626,463.9216,0.01094029,106.3154,97.3877,376.9363,385.864,0.00888898,0.00909952,0.00045585,19.2749,17.1375,0.2201,5.7530,0.6409,504.8200,26.1429,7.1751,39.7174,2.9515,6.1317,20.2037,44.018,88.0359,220.0898,5.1098,0.0,14.357485,35.893712,3.143486,29,158,125,3,0.23384124,0.01139613,-0.00825174,0E-8,0.000000,0.887492,0.846818,0.02564465,2026-03-24,2026-08-06,84,754,547,136,0.617647,0.180654,0.372251,0.779471,,,,,,,,GLOBAL_BASELINE_NO_ENTITY_RANKING,,,NOT_APPLICABLE_GLOBAL_BASELINE,HF9g-P5,,,,X 全窗基线 · 不参与实体赏罚,8398156,840,A168_HF9F_20260827_0900,2026-08-27 09:00:00
2026-07-23,129740297,2188,0,20.4390303724,20.4390303724,20.4390303724,1.0000000,1,1,0.50665070000000000,0.506650700000,0.9867858985152569,0.9867858985152569,0.9867858985152569,0E-17,ELIGIBLE,R03b_20260811_FULL_v1,L1_ELIGIBILITY,v2026-08-11,2026-03-21..2026-08-06,baccarat_bet02_101_all_pairs_incl_sentinel,round_win = game_pnl > 0 (decisive only),COMPATIBILITY_ONLY_NOT_PRODUCTION,42404.8770,37633.9694,483.2517,2200,2196,-0.01139613,0.00825174,-0.01739291,-0.01139613,-483.2517,42404.8770,OK,0.0000,19.3301,4.0000,96.0000,AG03-UNRESOLVED,ALL5_LEVELS_bet23_to_bet27,19.3301,19.3301,19.3301,24.1626,24.1626,4.000000,4.000000,4.000000,5.000000,5.000000,96.000000,96.000000,96.000000,95.000000,95.000000,5.0,106.3154,97.3877,376.9363,385.864,PENDING_AG03,FALSE,NOT_FOR_ENFORCEMENT,463.9216,36128.6106,483.2517,463.9216,19.3301,0.01139613,0.01094029,19.3301,463.9216,0.01094029,19.3301,19.3301,19.3301,24.1626,24.1626,463.9216,0.01094029,106.3154,97.3877,376.9363,385.864,0.00888898,0.00909952,0.00045585,19.2749,17.1375,0.2201,5.7530,0.6409,504.8200,26.1429,7.1751,39.7174,2.9515,6.1317,20.2037,44.018,88.0359,220.0898,5.1098,0.0,14.357485,35.893712,3.143486,29,158,125,3,0.23384124,0.01139613,-0.00825174,0E-8,0.000000,0.887492,0.846818,0.02564465,2026-03-24,2026-08-06,84,754,547,136,0.617647,0.180654,0.372251,0.779471,,,,,,,,GLOBAL_BASELINE_NO_ENTITY_RANKING,,,NOT_APPLICABLE_GLOBAL_BASELINE,HF9g-P5,,,,X 全窗基线 · 不参与实体赏罚,8398157,840,A168_HF9F_20260827_0900,2026-08-27 09:00:00
2026-07-23,129740297,2196,0,0.8175612149,-0.8175612149,-0.8175612149,0E-7,1,1,0.49324550000000000,0.493245500000,-0.9865810262130424,-0.9865810262130424,-0.9865810262130424,0E-17,ELIGIBLE,R03b_20260811_FULL_v1,L1_ELIGIBILITY,v2026-08-11,2026-03-21..2026-08-06,baccarat_bet02_101_all_pairs_incl_sentinel,round_win = game_pnl > 0 (decisive only),COMPATIBILITY_ONLY_NOT_PRODUCTION,42404.8770,37633.9694,483.2517,2200,2196,-0.01139613,0.00825174,-0.01739291,-0.01139613,-483.2517,42404.8770,OK,0.0000,19.3301,4.0000,96.0000,AG03-UNRESOLVED,ALL5_LEVELS_bet23_to_bet27,19.3301,19.3301,19.3301,24.1626,24.1626,4.000000,4.000000,4.000000,5.000000,5.000000,96.000000,96.000000,96.000000,95.000000,95.000000,5.0,106.3154,97.3877,376.9363,385.864,PENDING_AG03,FALSE,NOT_FOR_ENFORCEMENT,463.9216,36128.6106,483.2517,463.9216,19.3301,0.01139613,0.01094029,19.3301,463.9216,0.01094029,19.3301,19.3301,19.3301,24.1626,24.1626,463.9216,0.01094029,106.3154,97.3877,376.9363,385.864,0.00888898,0.00909952,0.00045585,19.2749,17.1375,0.2201,5.7530,0.6409,504.8200,26.1429,7.1751,39.7174,2.9515,6.1317,20.2037,44.018,88.0359,220.0898,5.1098,0.0,14.357485,35.893712,3.143486,29,158,125,3,0.23384124,0.01139613,-0.00825174,0E-8,0.000000,0.887492,0.846818,0.02564465,2026-03-24,2026-08-06,84,754,547,136,0.617647,0.180654,0.372251,0.779471,,,,,,,,GLOBAL_BASELINE_NO_ENTITY_RANKING,,,NOT_APPLICABLE_GLOBAL_BASELINE,HF9g-P5,,,,X 全窗基线 · 不参与实体赏罚,8398158,840,A168_HF9F_20260827_0900,2026-08-27 09:00:00
2026-07-23,129740297,2205,0,2.0439030372,2.0439030372,2.0439030372,1.0000000,1,1,0.50665070000000000,0.506650700000,0.9867858985152569,0.9867858985152569,0.9867858985152569,0E-17,ELIGIBLE,R03b_20260811_FULL_v1,L1_ELIGIBILITY,v2026-08-11,2026-03-21..2026-08-06,baccarat_bet02_101_all_pairs_incl_sentinel,round_win = game_pnl > 0 (decisive only),COMPATIBILITY_ONLY_NOT_PRODUCTION,42404.8770,37633.9694,483.2517,2200,2196,-0.01139613,0.00825174,-0.01739291,-0.01139613,-483.2517,42404.8770,OK,0.0000,19.3301,4.0000,96.0000,AG03-UNRESOLVED,ALL5_LEVELS_bet23_to_bet27,19.3301,19.3301,19.3301,24.1626,24.1626,4.000000,4.000000,4.000000,5.000000,5.000000,96.000000,96.000000,96.000000,95.000000,95.000000,5.0,106.3154,97.3877,376.9363,385.864,PENDING_AG03,FALSE,NOT_FOR_ENFORCEMENT,463.9216,36128.6106,483.2517,463.9216,19.3301,0.01139613,0.01094029,19.3301,463.9216,0.01094029,19.3301,19.3301,19.3301,24.1626,24.1626,463.9216,0.01094029,106.3154,97.3877,376.9363,385.864,0.00888898,0.00909952,0.00045585,19.2749,17.1375,0.2201,5.7530,0.6409,504.8200,26.1429,7.1751,39.7174,2.9515,6.1317,20.2037,44.018,88.0359,220.0898,5.1098,0.0,14.357485,35.893712,3.143486,29,158,125,3,0.23384124,0.01139613,-0.00825174,0E-8,0.000000,0.887492,0.846818,0.02564465,2026-03-24,2026-08-06,84,754,547,136,0.617647,0.180654,0.372251,0.779471,,,,,,,,GLOBAL_BASELINE_NO_ENTITY_RANKING,,,NOT_APPLICABLE_GLOBAL_BASELINE,HF9g-P5,,,,X 全窗基线 · 不参与实体赏罚,8398159,840,A168_HF9F_20260827_0900,2026-08-27 09:00:00
2026-07-23,129740297,2216,0,9.1975636675,-5.1097575931,-5.1097575931,0.2500000,4,4,0.49324550000000000,0.493245500000,-0.9730707933947887,-0.9730707933947887,-0.9730707933947887,0E-17,ELIGIBLE,R03b_20260811_FULL_v1,L1_ELIGIBILITY,v2026-08-11,2026-03-21..2026-08-06,baccarat_bet02_101_all_pairs_incl_sentinel,round_win = game_pnl > 0 (decisive only),COMPATIBILITY_ONLY_NOT_PRODUCTION,42404.8770,37633.9694,483.2517,2200,2196,-0.01139613,0.00825174,-0.01739291,-0.01139613,-483.2517,42404.8770,OK,0.0000,19.3301,4.0000,96.0000,AG03-UNRESOLVED,ALL5_LEVELS_bet23_to_bet27,19.3301,19.3301,19.3301,24.1626,24.1626,4.000000,4.000000,4.000000,5.000000,5.000000,96.000000,96.000000,96.000000,95.000000,95.000000,5.0,106.3154,97.3877,376.9363,385.864,PENDING_AG03,FALSE,NOT_FOR_ENFORCEMENT,463.9216,36128.6106,483.2517,463.9216,19.3301,0.01139613,0.01094029,19.3301,463.9216,0.01094029,19.3301,19.3301,19.3301,24.1626,24.1626,463.9216,0.01094029,106.3154,97.3877,376.9363,385.864,0.00888898,0.00909952,0.00045585,19.2749,17.1375,0.2201,5.7530,0.6409,504.8200,26.1429,7.1751,39.7174,2.9515,6.1317,20.2037,44.018,88.0359,220.0898,5.1098,0.0,14.357485,35.893712,3.143486,29,158,125,3,0.23384124,0.01139613,-0.00825174,0E-8,0.000000,0.887492,0.846818,0.02564465,2026-03-24,2026-08-06,84,754,547,136,0.617647,0.180654,0.372251,0.779471,,,,,,,,GLOBAL_BASELINE_NO_ENTITY_RANKING,,,NOT_APPLICABLE_GLOBAL_BASELINE,HF9g-P5,,,,X 全窗基线 · 不参与实体赏罚,8398160,840,A168_HF9F_20260827_0900,2026-08-27 09:00:00
2026-07-23,129740297,2223,0,20.6434206761,-12.6721988308,-12.6721988308,0.3333333,3,3,0.50665070000000000,0.506650700000,-0.6004420894325239,-0.6004420894325239,-0.6004420894325239,0E-17,ELIGIBLE,R03b_20260811_FULL_v1,L1_ELIGIBILITY,v2026-08-11,2026-03-21..2026-08-06,baccarat_bet02_101_all_pairs_incl_sentinel,round_win = game_pnl > 0 (decisive only),COMPATIBILITY_ONLY_NOT_PRODUCTION,42404.8770,37633.9694,483.2517,2200,2196,-0.01139613,0.00825174,-0.01739291,-0.01139613,-483.2517,42404.8770,OK,0.0000,19.3301,4.0000,96.0000,AG03-UNRESOLVED,ALL5_LEVELS_bet23_to_bet27,19.3301,19.3301,19.3301,24.1626,24.1626,4.000000,4.000000,4.000000,5.000000,5.000000,96.000000,96.000000,96.000000,95.000000,95.000000,5.0,106.3154,97.3877,376.9363,385.864,PENDING_AG03,FALSE,NOT_FOR_ENFORCEMENT,463.9216,36128.6106,483.2517,463.9216,19.3301,0.01139613,0.01094029,19.3301,463.9216,0.01094029,19.3301,19.3301,19.3301,24.1626,24.1626,463.9216,0.01094029,106.3154,97.3877,376.9363,385.864,0.00888898,0.00909952,0.00045585,19.2749,17.1375,0.2201,5.7530,0.6409,504.8200,26.1429,7.1751,39.7174,2.9515,6.1317,20.2037,44.018,88.0359,220.0898,5.1098,0.0,14.357485,35.893712,3.143486,29,158,125,3,0.23384124,0.01139613,-0.00825174,0E-8,0.000000,0.887492,0.846818,0.02564465,2026-03-24,2026-08-06,84,754,547,136,0.617647,0.180654,0.372251,0.779471,,,,,,,,GLOBAL_BASELINE_NO_ENTITY_RANKING,,,NOT_APPLICABLE_GLOBAL_BASELINE,HF9g-P5,,,,X 全窗基线 · 不参与实体赏罚,8398161,840,A168_HF9F_20260827_0900,2026-08-27 09:00:00
2026-07-23,129740297,2224,0,2.0439030372,2.0439030372,2.0439030372,1.0000000,1,1,0.50665070000000000,0.506650700000,0.9867858985152569,0.9867858985152569,0.9867858985152569,0E-17,ELIGIBLE,R03b_20260811_FULL_v1,L1_ELIGIBILITY,v2026-08-11,2026-03-21..2026-08-06,baccarat_bet02_101_all_pairs_incl_sentinel,round_win = game_pnl > 0 (decisive only),COMPATIBILITY_ONLY_NOT_PRODUCTION,42404.8770,37633.9694,483.2517,2200,2196,-0.01139613,0.00825174,-0.01739291,-0.01139613,-483.2517,42404.8770,OK,0.0000,19.3301,4.0000,96.0000,AG03-UNRESOLVED,ALL5_LEVELS_bet23_to_bet27,19.3301,19.3301,19.3301,24.1626,24.1626,4.000000,4.000000,4.000000,5.000000,5.000000,96.000000,96.000000,96.000000,95.000000,95.000000,5.0,106.3154,97.3877,376.9363,385.864,PENDING_AG03,FALSE,NOT_FOR_ENFORCEMENT,463.9216,36128.6106,483.2517,463.9216,19.3301,0.01139613,0.01094029,19.3301,463.9216,0.01094029,19.3301,19.3301,19.3301,24.1626,24.1626,463.9216,0.01094029,106.3154,97.3877,376.9363,385.864,0.00888898,0.00909952,0.00045585,19.2749,17.1375,0.2201,5.7530,0.6409,504.8200,26.1429,7.1751,39.7174,2.9515,6.1317,20.2037,44.018,88.0359,220.0898,5.1098,0.0,14.357485,35.893712,3.143486,29,158,125,3,0.23384124,0.01139613,-0.00825174,0E-8,0.000000,0.887492,0.846818,0.02564465,2026-03-24,2026-08-06,84,754,547,136,0.617647,0.180654,0.372251,0.779471,,,,,,,,GLOBAL_BASELINE_NO_ENTITY_RANKING,,,NOT_APPLICABLE_GLOBAL_BASELINE,HF9g-P5,,,,X 全窗基线 · 不参与实体赏罚,8398162,840,A168_HF9F_20260827_0900,2026-08-27 09:00:00
2026-07-23,129740297,2246,0,18.5995176388,-0.7562441238,-0.7562441238,0.5000000,4,4,0.50329940000000000,0.503299400000,-0.01319788734859681,-0.01319788734859681,-0.01319788734859681,0E-17,ELIGIBLE,R03b_20260811_FULL_v1,L1_ELIGIBILITY,v2026-08-11,2026-03-21..2026-08-06,baccarat_bet02_101_all_pairs_incl_sentinel,round_win = game_pnl > 0 (decisive only),COMPATIBILITY_ONLY_NOT_PRODUCTION,42404.8770,37633.9694,483.2517,2200,2196,-0.01139613,0.00825174,-0.01739291,-0.01139613,-483.2517,42404.8770,OK,0.0000,19.3301,4.0000,96.0000,AG03-UNRESOLVED,ALL5_LEVELS_bet23_to_bet27,19.3301,19.3301,19.3301,24.1626,24.1626,4.000000,4.000000,4.000000,5.000000,5.000000,96.000000,96.000000,96.000000,95.000000,95.000000,5.0,106.3154,97.3877,376.9363,385.864,PENDING_AG03,FALSE,NOT_FOR_ENFORCEMENT,463.9216,36128.6106,483.2517,463.9216,19.3301,0.01139613,0.01094029,19.3301,463.9216,0.01094029,19.3301,19.3301,19.3301,24.1626,24.1626,463.9216,0.01094029,106.3154,97.3877,376.9363,385.864,0.00888898,0.00909952,0.00045585,19.2749,17.1375,0.2201,5.7530,0.6409,504.8200,26.1429,7.1751,39.7174,2.9515,6.1317,20.2037,44.018,88.0359,220.0898,5.1098,0.0,14.357485,35.893712,3.143486,29,158,125,3,0.23384124,0.01139613,-0.00825174,0E-8,0.000000,0.887492,0.846818,0.02564465,2026-03-24,2026-08-06,84,754,547,136,0.617647,0.180654,0.372251,0.779471,,,,,,,,GLOBAL_BASELINE_NO_ENTITY_RANKING,,,NOT_APPLICABLE_GLOBAL_BASELINE,HF9g-P5,,,,X 全窗基线 · 不参与实体赏罚,8398163,840,A168_HF9F_20260827_0900,2026-08-27 09:00:00
2026-07-23,129740297,2251,0,8.1756121490,-8.1756121490,-8.1756121490,0E-7,2,2,0.49324550000000000,0.493245500000,-1.3952362676504506,-1.3952362676504506,-1.3952362676504506,0E-17,ELIGIBLE,R03b_20260811_FULL_v1,L1_ELIGIBILITY,v2026-08-11,2026-03-21..2026-08-06,baccarat_bet02_101_all_pairs_incl_sentinel,round_win = game_pnl > 0 (decisive only),COMPATIBILITY_ONLY_NOT_PRODUCTION,42404.8770,37633.9694,483.2517,2200,2196,-0.01139613,0.00825174,-0.01739291,-0.01139613,-483.2517,42404.8770,OK,0.0000,19.3301,4.0000,96.0000,AG03-UNRESOLVED,ALL5_LEVELS_bet23_to_bet27,19.3301,19.3301,19.3301,24.1626,24.1626,4.000000,4.000000,4.000000,5.000000,5.000000,96.000000,96.000000,96.000000,95.000000,95.000000,5.0,106.3154,97.3877,376.9363,385.864,PENDING_AG03,FALSE,NOT_FOR_ENFORCEMENT,463.9216,36128.6106,483.2517,463.9216,19.3301,0.01139613,0.01094029,19.3301,463.9216,0.01094029,19.3301,19.3301,19.3301,24.1626,24.1626,463.9216,0.01094029,106.3154,97.3877,376.9363,385.864,0.00888898,0.00909952,0.00045585,19.2749,17.1375,0.2201,5.7530,0.6409,504.8200,26.1429,7.1751,39.7174,2.9515,6.1317,20.2037,44.018,88.0359,220.0898,5.1098,0.0,14.357485,35.893712,3.143486,29,158,125,3,0.23384124,0.01139613,-0.00825174,0E-8,0.000000,0.887492,0.846818,0.02564465,2026-03-24,2026-08-06,84,754,547,136,0.617647,0.180654,0.372251,0.779471,,,,,,,,GLOBAL_BASELINE_NO_ENTITY_RANKING,,,NOT_APPLICABLE_GLOBAL_BASELINE,HF9g-P5,,,,X 全窗基线 · 不参与实体赏罚,8398164,840,A168_HF9F_20260827_0900,2026-08-27 09:00:00
2026-07-23,129740297,2267,0,0.8175612149,-0.8175612149,-0.8175612149,0E-7,1,1,0.50665070000000000,0.506650700000,-1.013391052207602,-1.013391052207602,-1.013391052207602,0E-17,ELIGIBLE,R03b_20260811_FULL_v1,L1_ELIGIBILITY,v2026-08-11,2026-03-21..2026-08-06,baccarat_bet02_101_all_pairs_incl_sentinel,round_win = game_pnl > 0 (decisive only),COMPATIBILITY_ONLY_NOT_PRODUCTION,42404.8770,37633.9694,483.2517,2200,2196,-0.01139613,0.00825174,-0.01739291,-0.01139613,-483.2517,42404.8770,OK,0.0000,19.3301,4.0000,96.0000,AG03-UNRESOLVED,ALL5_LEVELS_bet23_to_bet27,19.3301,19.3301,19.3301,24.1626,24.1626,4.000000,4.000000,4.000000,5.000000,5.000000,96.000000,96.000000,96.000000,95.000000,95.000000,5.0,106.3154,97.3877,376.9363,385.864,PENDING_AG03,FALSE,NOT_FOR_ENFORCEMENT,463.9216,36128.6106,483.2517,463.9216,19.3301,0.01139613,0.01094029,19.3301,463.9216,0.01094029,19.3301,19.3301,19.3301,24.1626,24.1626,463.9216,0.01094029,106.3154,97.3877,376.9363,385.864,0.00888898,0.00909952,0.00045585,19.2749,17.1375,0.2201,5.7530,0.6409,504.8200,26.1429,7.1751,39.7174,2.9515,6.1317,20.2037,44.018,88.0359,220.0898,5.1098,0.0,14.357485,35.893712,3.143486,29,158,125,3,0.23384124,0.01139613,-0.00825174,0E-8,0.000000,0.887492,0.846818,0.02564465,2026-03-24,2026-08-06,84,754,547,136,0.617647,0.180654,0.372251,0.779471,,,,,,,,GLOBAL_BASELINE_NO_ENTITY_RANKING,,,NOT_APPLICABLE_GLOBAL_BASELINE,HF9g-P5,,,,X 全窗基线 · 不参与实体赏罚,8398165,840,A168_HF9F_20260827_0900,2026-08-27 09:00:00
2026-07-23,129740297,2289,0,15.3292727791,8.6865879081,8.6865879081,0.8571429,7,7,0.50090561428571429,0.500905614286,1.8850333966533306,1.8850333966518211,1.8850333966533306,-2.8571E-13,ELIGIBLE,R03b_20260811_FULL_v1,L1_ELIGIBILITY,v2026-08-11,2026-03-21..2026-08-06,baccarat_bet02_101_all_pairs_incl_sentinel,round_win = game_pnl > 0 (decisive only),COMPATIBILITY_ONLY_NOT_PRODUCTION,42404.8770,37633.9694,483.2517,2200,2196,-0.01139613,0.00825174,-0.01739291,-0.01139613,-483.2517,42404.8770,OK,0.0000,19.3301,4.0000,96.0000,AG03-UNRESOLVED,ALL5_LEVELS_bet23_to_bet27,19.3301,19.3301,19.3301,24.1626,24.1626,4.000000,4.000000,4.000000,5.000000,5.000000,96.000000,96.000000,96.000000,95.000000,95.000000,5.0,106.3154,97.3877,376.9363,385.864,PENDING_AG03,FALSE,NOT_FOR_ENFORCEMENT,463.9216,36128.6106,483.2517,463.9216,19.3301,0.01139613,0.01094029,19.3301,463.9216,0.01094029,19.3301,19.3301,19.3301,24.1626,24.1626,463.9216,0.01094029,106.3154,97.3877,376.9363,385.864,0.00888898,0.00909952,0.00045585,19.2749,17.1375,0.2201,5.7530,0.6409,504.8200,26.1429,7.1751,39.7174,2.9515,6.1317,20.2037,44.018,88.0359,220.0898,5.1098,0.0,14.357485,35.893712,3.143486,29,158,125,3,0.23384124,0.01139613,-0.00825174,0E-8,0.000000,0.887492,0.846818,0.02564465,2026-03-24,2026-08-06,84,754,547,136,0.617647,0.180654,0.372251,0.779471,,,,,,,,GLOBAL_BASELINE_NO_ENTITY_RANKING,,,NOT_APPLICABLE_GLOBAL_BASELINE,HF9g-P5,,,,X 全窗基线 · 不参与实体赏罚,8398166,840,A168_HF9F_20260827_0900,2026-08-27 09:00:00
2026-07-23,129740297,583,0,20.4390303724,10.2195151862,10.2195151862,0.7500000,4,4,0.49324550000000000,0.493245500000,1.0271117246678039,1.0271117246678039,1.0271117246678039,0E-17,ELIGIBLE,R03b_20260811_FULL_v1,L1_ELIGIBILITY,v2026-08-11,2026-03-21..2026-08-06,baccarat_bet02_101_all_pairs_incl_sentinel,round_win = game_pnl > 0 (decisive only),COMPATIBILITY_ONLY_NOT_PRODUCTION,42404.8770,37633.9694,483.2517,2200,2196,-0.01139613,0.00825174,-0.01739291,-0.01139613,-483.2517,42404.8770,OK,0.0000,19.3301,4.0000,96.0000,AG03-UNRESOLVED,ALL5_LEVELS_bet23_to_bet27,19.3301,19.3301,19.3301,24.1626,24.1626,4.000000,4.000000,4.000000,5.000000,5.000000,96.000000,96.000000,96.000000,95.000000,95.000000,5.0,106.3154,97.3877,376.9363,385.864,PENDING_AG03,FALSE,NOT_FOR_ENFORCEMENT,463.9216,36128.6106,483.2517,463.9216,19.3301,0.01139613,0.01094029,19.3301,463.9216,0.01094029,19.3301,19.3301,19.3301,24.1626,24.1626,463.9216,0.01094029,106.3154,97.3877,376.9363,385.864,0.00888898,0.00909952,0.00045585,19.2749,17.1375,0.2201,5.7530,0.6409,504.8200,26.1429,7.1751,39.7174,2.9515,6.1317,20.2037,44.018,88.0359,220.0898,5.1098,0.0,14.357485,35.893712,3.143486,29,158,125,3,0.23384124,0.01139613,-0.00825174,0E-8,0.000000,0.887492,0.846818,0.02564465,2026-03-24,2026-08-06,84,754,547,136,0.617647,0.180654,0.372251,0.779471,,,,,,,,GLOBAL_BASELINE_NO_ENTITY_RANKING,,,NOT_APPLICABLE_GLOBAL_BASELINE,HF9g-P5,,,,X 全窗基线 · 不参与实体赏罚,8398167,840,A168_HF9F_20260827_0900,2026-08-27 09:00:00
2026-07-23,129740297,772,0,10.2195151862,-10.2195151862,-10.2195151862,0E-7,1,1,0.49324550000000000,0.493245500000,-0.9865810262130424,-0.9865810262130424,-0.9865810262130424,0E-17,ELIGIBLE,R03b_20260811_FULL_v1,L1_ELIGIBILITY,v2026-08-11,2026-03-21..2026-08-06,baccarat_bet02_101_all_pairs_incl_sentinel,round_win = game_pnl > 0 (decisive only),COMPATIBILITY_ONLY_NOT_PRODUCTION,42404.8770,37633.9694,483.2517,2200,2196,-0.01139613,0.00825174,-0.01739291,-0.01139613,-483.2517,42404.8770,OK,0.0000,19.3301,4.0000,96.0000,AG03-UNRESOLVED,ALL5_LEVELS_bet23_to_bet27,19.3301,19.3301,19.3301,24.1626,24.1626,4.000000,4.000000,4.000000,5.000000,5.000000,96.000000,96.000000,96.000000,95.000000,95.000000,5.0,106.3154,97.3877,376.9363,385.864,PENDING_AG03,FALSE,NOT_FOR_ENFORCEMENT,463.9216,36128.6106,483.2517,463.9216,19.3301,0.01139613,0.01094029,19.3301,463.9216,0.01094029,19.3301,19.3301,19.3301,24.1626,24.1626,463.9216,0.01094029,106.3154,97.3877,376.9363,385.864,0.00888898,0.00909952,0.00045585,19.2749,17.1375,0.2201,5.7530,0.6409,504.8200,26.1429,7.1751,39.7174,2.9515,6.1317,20.2037,44.018,88.0359,220.0898,5.1098,0.0,14.357485,35.893712,3.143486,29,158,125,3,0.23384124,0.01139613,-0.00825174,0E-8,0.000000,0.887492,0.846818,0.02564465,2026-03-24,2026-08-06,84,754,547,136,0.617647,0.180654,0.372251,0.779471,,,,,,,,GLOBAL_BASELINE_NO_ENTITY_RANKING,,,NOT_APPLICABLE_GLOBAL_BASELINE,HF9g-P5,,,,X 全窗基线 · 不参与实体赏罚,8398168,840,A168_HF9F_20260827_0900,2026-08-27 09:00:00
2026-07-23,129740297,987,0,8.5843927564,-8.5843927564,-8.5843927564,0E-7,1,1,0.50665070000000000,0.506650700000,-1.013391052207602,-1.013391052207602,-1.013391052207602,0E-17,ELIGIBLE,R03b_20260811_FULL_v1,L1_ELIGIBILITY,v2026-08-11,2026-03-21..2026-08-06,baccarat_bet02_101_all_pairs_incl_sentinel,round_win = game_pnl > 0 (decisive only),COMPATIBILITY_ONLY_NOT_PRODUCTION,42404.8770,37633.9694,483.2517,2200,2196,-0.01139613,0.00825174,-0.01739291,-0.01139613,-483.2517,42404.8770,OK,0.0000,19.3301,4.0000,96.0000,AG03-UNRESOLVED,ALL5_LEVELS_bet23_to_bet27,19.3301,19.3301,19.3301,24.1626,24.1626,4.000000,4.000000,4.000000,5.000000,5.000000,96.000000,96.000000,96.000000,95.000000,95.000000,5.0,106.3154,97.3877,376.9363,385.864,PENDING_AG03,FALSE,NOT_FOR_ENFORCEMENT,463.9216,36128.6106,483.2517,463.9216,19.3301,0.01139613,0.01094029,19.3301,463.9216,0.01094029,19.3301,19.3301,19.3301,24.1626,24.1626,463.9216,0.01094029,106.3154,97.3877,376.9363,385.864,0.00888898,0.00909952,0.00045585,19.2749,17.1375,0.2201,5.7530,0.6409,504.8200,26.1429,7.1751,39.7174,2.9515,6.1317,20.2037,44.018,88.0359,220.0898,5.1098,0.0,14.357485,35.893712,3.143486,29,158,125,3,0.23384124,0.01139613,-0.00825174,0E-8,0.000000,0.887492,0.846818,0.02564465,2026-03-24,2026-08-06,84,754,547,136,0.617647,0.180654,0.372251,0.779471,,,,,,,,GLOBAL_BASELINE_NO_ENTITY_RANKING,,,NOT_APPLICABLE_GLOBAL_BASELINE,HF9g-P5,,,,X 全窗基线 · 不参与实体赏罚,8398169,840,A168_HF9F_20260827_0900,2026-08-27 09:00:00
2026-07-24,129740297,-1,1,11.8546376158,-3.6790254670,-3.6790254670,0.3333333,6,6,0.49547970000000000,0.495479700000,-0.7943841881047936,-0.7943841881047936,-0.7943841881047936,0E-17,SENTINEL_DEALER,R03b_20260811_FULL_v1,L1_ELIGIBILITY,v2026-08-11,2026-03-21..2026-08-06,baccarat_bet02_101_all_pairs_incl_sentinel,round_win = game_pnl > 0 (decisive only),COMPATIBILITY_ONLY_NOT_PRODUCTION,42404.8770,37633.9694,483.2517,2200,2196,-0.01139613,0.00825174,-0.01739291,-0.01139613,-483.2517,42404.8770,OK,0.0000,19.3301,4.0000,96.0000,AG03-UNRESOLVED,ALL5_LEVELS_bet23_to_bet27,19.3301,19.3301,19.3301,24.1626,24.1626,4.000000,4.000000,4.000000,5.000000,5.000000,96.000000,96.000000,96.000000,95.000000,95.000000,5.0,106.3154,97.3877,376.9363,385.864,PENDING_AG03,FALSE,NOT_FOR_ENFORCEMENT,463.9216,36128.6106,483.2517,463.9216,19.3301,0.01139613,0.01094029,19.3301,463.9216,0.01094029,19.3301,19.3301,19.3301,24.1626,24.1626,463.9216,0.01094029,106.3154,97.3877,376.9363,385.864,0.00888898,0.00909952,0.00045585,19.2749,17.1375,0.2201,5.7530,0.6409,504.8200,26.1429,7.1751,39.7174,2.9515,6.1317,20.2037,44.018,88.0359,220.0898,5.1098,0.0,14.357485,35.893712,3.143486,29,158,125,3,0.23384124,0.01139613,-0.00825174,0E-8,0.000000,0.887492,0.846818,0.02564465,2026-03-24,2026-08-06,84,754,547,136,0.617647,0.180654,0.372251,0.779471,,,,,,,,GLOBAL_BASELINE_NO_ENTITY_RANKING,,,NOT_APPLICABLE_GLOBAL_BASELINE,HF9g-P5,,,,X 全窗基线 · 不参与实体赏罚,8398170,840,A168_HF9F_20260827_0900,2026-08-27 09:00:00
2026-07-24,129740297,1210,0,11.2414667048,-11.2414667048,-11.2414667048,0E-7,3,3,0.49324550000000000,0.493245500000,-1.708808463184432,-1.7088084631844318,-1.708808463184432,0E-17,ELIGIBLE,R03b_20260811_FULL_v1,L1_ELIGIBILITY,v2026-08-11,2026-03-21..2026-08-06,baccarat_bet02_101_all_pairs_incl_sentinel,round_win = game_pnl > 0 (decisive only),COMPATIBILITY_ONLY_NOT_PRODUCTION,42404.8770,37633.9694,483.2517,2200,2196,-0.01139613,0.00825174,-0.01739291,-0.01139613,-483.2517,42404.8770,OK,0.0000,19.3301,4.0000,96.0000,AG03-UNRESOLVED,ALL5_LEVELS_bet23_to_bet27,19.3301,19.3301,19.3301,24.1626,24.1626,4.000000,4.000000,4.000000,5.000000,5.000000,96.000000,96.000000,96.000000,95.000000,95.000000,5.0,106.3154,97.3877,376.9363,385.864,PENDING_AG03,FALSE,NOT_FOR_ENFORCEMENT,463.9216,36128.6106,483.2517,463.9216,19.3301,0.01139613,0.01094029,19.3301,463.9216,0.01094029,19.3301,19.3301,19.3301,24.1626,24.1626,463.9216,0.01094029,106.3154,97.3877,376.9363,385.864,0.00888898,0.00909952,0.00045585,19.2749,17.1375,0.2201,5.7530,0.6409,504.8200,26.1429,7.1751,39.7174,2.9515,6.1317,20.2037,44.018,88.0359,220.0898,5.1098,0.0,14.357485,35.893712,3.143486,29,158,125,3,0.23384124,0.01139613,-0.00825174,0E-8,0.000000,0.887492,0.846818,0.02564465,2026-03-24,2026-08-06,84,754,547,136,0.617647,0.180654,0.372251,0.779471,,,,,,,,GLOBAL_BASELINE_NO_ENTITY_RANKING,,,NOT_APPLICABLE_GLOBAL_BASELINE,HF9g-P5,,,,X 全窗基线 · 不参与实体赏罚,8398171,840,A168_HF9F_20260827_0900,2026-08-27 09:00:00
2026-07-24,129740297,1399,0,0.8175612149,-0.8175612149,-0.8175612149,0E-7,1,1,0.50665070000000000,0.506650700000,-1.013391052207602,-1.013391052207602,-1.013391052207602,0E-17,ELIGIBLE,R03b_20260811_FULL_v1,L1_ELIGIBILITY,v2026-08-11,2026-03-21..2026-08-06,baccarat_bet02_101_all_pairs_incl_sentinel,round_win = game_pnl > 0 (decisive only),COMPATIBILITY_ONLY_NOT_PRODUCTION,42404.8770,37633.9694,483.2517,2200,2196,-0.01139613,0.00825174,-0.01739291,-0.01139613,-483.2517,42404.8770,OK,0.0000,19.3301,4.0000,96.0000,AG03-UNRESOLVED,ALL5_LEVELS_bet23_to_bet27,19.3301,19.3301,19.3301,24.1626,24.1626,4.000000,4.000000,4.000000,5.000000,5.000000,96.000000,96.000000,96.000000,95.000000,95.000000,5.0,106.3154,97.3877,376.9363,385.864,PENDING_AG03,FALSE,NOT_FOR_ENFORCEMENT,463.9216,36128.6106,483.2517,463.9216,19.3301,0.01139613,0.01094029,19.3301,463.9216,0.01094029,19.3301,19.3301,19.3301,24.1626,24.1626,463.9216,0.01094029,106.3154,97.3877,376.9363,385.864,0.00888898,0.00909952,0.00045585,19.2749,17.1375,0.2201,5.7530,0.6409,504.8200,26.1429,7.1751,39.7174,2.9515,6.1317,20.2037,44.018,88.0359,220.0898,5.1098,0.0,14.357485,35.893712,3.143486,29,158,125,3,0.23384124,0.01139613,-0.00825174,0E-8,0.000000,0.887492,0.846818,0.02564465,2026-03-24,2026-08-06,84,754,547,136,0.617647,0.180654,0.372251,0.779471,,,,,,,,GLOBAL_BASELINE_NO_ENTITY_RANKING,,,NOT_APPLICABLE_GLOBAL_BASELINE,HF9g-P5,,,,X 全窗基线 · 不参与实体赏罚,8398172,840,A168_HF9F_20260827_0900,2026-08-27 09:00:00
2026-07-24,129740297,1402,0,0.4087806074,0.4087806074,0.4087806074,1.0000000,1,1,0.50665070000000000,0.506650700000,0.9867858985152569,0.9867858985152569,0.9867858985152569,0E-17,ELIGIBLE,R03b_20260811_FULL_v1,L1_ELIGIBILITY,v2026-08-11,2026-03-21..2026-08-06,baccarat_bet02_101_all_pairs_incl_sentinel,round_win = game_pnl > 0 (decisive only),COMPATIBILITY_ONLY_NOT_PRODUCTION,42404.8770,37633.9694,483.2517,2200,2196,-0.01139613,0.00825174,-0.01739291,-0.01139613,-483.2517,42404.8770,OK,0.0000,19.3301,4.0000,96.0000,AG03-UNRESOLVED,ALL5_LEVELS_bet23_to_bet27,19.3301,19.3301,19.3301,24.1626,24.1626,4.000000,4.000000,4.000000,5.000000,5.000000,96.000000,96.000000,96.000000,95.000000,95.000000,5.0,106.3154,97.3877,376.9363,385.864,PENDING_AG03,FALSE,NOT_FOR_ENFORCEMENT,463.9216,36128.6106,483.2517,463.9216,19.3301,0.01139613,0.01094029,19.3301,463.9216,0.01094029,19.3301,19.3301,19.3301,24.1626,24.1626,463.9216,0.01094029,106.3154,97.3877,376.9363,385.864,0.00888898,0.00909952,0.00045585,19.2749,17.1375,0.2201,5.7530,0.6409,504.8200,26.1429,7.1751,39.7174,2.9515,6.1317,20.2037,44.018,88.0359,220.0898,5.1098,0.0,14.357485,35.893712,3.143486,29,158,125,3,0.23384124,0.01139613,-0.00825174,0E-8,0.000000,0.887492,0.846818,0.02564465,2026-03-24,2026-08-06,84,754,547,136,0.617647,0.180654,0.372251,0.779471,,,,,,,,GLOBAL_BASELINE_NO_ENTITY_RANKING,,,NOT_APPLICABLE_GLOBAL_BASELINE,HF9g-P5,,,,X 全窗基线 · 不参与实体赏罚,8398173,840,A168_HF9F_20260827_0900,2026-08-27 09:00:00
2026-07-24,129740297,2101,0,4.0878060745,-4.0878060745,-4.0878060745,0E-7,1,1,0.49324550000000000,0.493245500000,-0.9865810262130424,-0.9865810262130424,-0.9865810262130424,0E-17,ELIGIBLE,R03b_20260811_FULL_v1,L1_ELIGIBILITY,v2026-08-11,2026-03-21..2026-08-06,baccarat_bet02_101_all_pairs_incl_sentinel,round_win = game_pnl > 0 (decisive only),COMPATIBILITY_ONLY_NOT_PRODUCTION,42404.8770,37633.9694,483.2517,2200,2196,-0.01139613,0.00825174,-0.01739291,-0.01139613,-483.2517,42404.8770,OK,0.0000,19.3301,4.0000,96.0000,AG03-UNRESOLVED,ALL5_LEVELS_bet23_to_bet27,19.3301,19.3301,19.3301,24.1626,24.1626,4.000000,4.000000,4.000000,5.000000,5.000000,96.000000,96.000000,96.000000,95.000000,95.000000,5.0,106.3154,97.3877,376.9363,385.864,PENDING_AG03,FALSE,NOT_FOR_ENFORCEMENT,463.9216,36128.6106,483.2517,463.9216,19.3301,0.01139613,0.01094029,19.3301,463.9216,0.01094029,19.3301,19.3301,19.3301,24.1626,24.1626,463.9216,0.01094029,106.3154,97.3877,376.9363,385.864,0.00888898,0.00909952,0.00045585,19.2749,17.1375,0.2201,5.7530,0.6409,504.8200,26.1429,7.1751,39.7174,2.9515,6.1317,20.2037,44.018,88.0359,220.0898,5.1098,0.0,14.357485,35.893712,3.143486,29,158,125,3,0.23384124,0.01139613,-0.00825174,0E-8,0.000000,0.887492,0.846818,0.02564465,2026-03-24,2026-08-06,84,754,547,136,0.617647,0.180654,0.372251,0.779471,,,,,,,,GLOBAL_BASELINE_NO_ENTITY_RANKING,,,NOT_APPLICABLE_GLOBAL_BASELINE,HF9g-P5,,,,X 全窗基线 · 不参与实体赏罚,8398174,840,A168_HF9F_20260827_0900,2026-08-27 09:00:00
2026-07-24,129740297,2103,0,0.8175612149,0.8175612149,0.8175612149,1.0000000,1,1,0.49324550000000000,0.493245500000,1.01360149184955,1.01360149184955,1.01360149184955,0E-17,ELIGIBLE,R03b_20260811_FULL_v1,L1_ELIGIBILITY,v2026-08-11,2026-03-21..2026-08-06,baccarat_bet02_101_all_pairs_incl_sentinel,round_win = game_pnl > 0 (decisive only),COMPATIBILITY_ONLY_NOT_PRODUCTION,42404.8770,37633.9694,483.2517,2200,2196,-0.01139613,0.00825174,-0.01739291,-0.01139613,-483.2517,42404.8770,OK,0.0000,19.3301,4.0000,96.0000,AG03-UNRESOLVED,ALL5_LEVELS_bet23_to_bet27,19.3301,19.3301,19.3301,24.1626,24.1626,4.000000,4.000000,4.000000,5.000000,5.000000,96.000000,96.000000,96.000000,95.000000,95.000000,5.0,106.3154,97.3877,376.9363,385.864,PENDING_AG03,FALSE,NOT_FOR_ENFORCEMENT,463.9216,36128.6106,483.2517,463.9216,19.3301,0.01139613,0.01094029,19.3301,463.9216,0.01094029,19.3301,19.3301,19.3301,24.1626,24.1626,463.9216,0.01094029,106.3154,97.3877,376.9363,385.864,0.00888898,0.00909952,0.00045585,19.2749,17.1375,0.2201,5.7530,0.6409,504.8200,26.1429,7.1751,39.7174,2.9515,6.1317,20.2037,44.018,88.0359,220.0898,5.1098,0.0,14.357485,35.893712,3.143486,29,158,125,3,0.23384124,0.01139613,-0.00825174,0E-8,0.000000,0.887492,0.846818,0.02564465,2026-03-24,2026-08-06,84,754,547,136,0.617647,0.180654,0.372251,0.779471,,,,,,,,GLOBAL_BASELINE_NO_ENTITY_RANKING,,,NOT_APPLICABLE_GLOBAL_BASELINE,HF9g-P5,,,,X 全窗基线 · 不参与实体赏罚,8398175,840,A168_HF9F_20260827_0900,2026-08-27 09:00:00
2026-07-24,129740297,2142,0,12.2634182234,-8.1756121490,-8.1756121490,0.2000000,5,5,0.50665070000000000,0.506650700000,-1.3715049547573244,-1.3715049547573244,-1.3715049547573244,0E-17,ELIGIBLE,R03b_20260811_FULL_v1,L1_ELIGIBILITY,v2026-08-11,2026-03-21..2026-08-06,baccarat_bet02_101_all_pairs_incl_sentinel,round_win = game_pnl > 0 (decisive only),COMPATIBILITY_ONLY_NOT_PRODUCTION,42404.8770,37633.9694,483.2517,2200,2196,-0.01139613,0.00825174,-0.01739291,-0.01139613,-483.2517,42404.8770,OK,0.0000,19.3301,4.0000,96.0000,AG03-UNRESOLVED,ALL5_LEVELS_bet23_to_bet27,19.3301,19.3301,19.3301,24.1626,24.1626,4.000000,4.000000,4.000000,5.000000,5.000000,96.000000,96.000000,96.000000,95.000000,95.000000,5.0,106.3154,97.3877,376.9363,385.864,PENDING_AG03,FALSE,NOT_FOR_ENFORCEMENT,463.9216,36128.6106,483.2517,463.9216,19.3301,0.01139613,0.01094029,19.3301,463.9216,0.01094029,19.3301,19.3301,19.3301,24.1626,24.1626,463.9216,0.01094029,106.3154,97.3877,376.9363,385.864,0.00888898,0.00909952,0.00045585,19.2749,17.1375,0.2201,5.7530,0.6409,504.8200,26.1429,7.1751,39.7174,2.9515,6.1317,20.2037,44.018,88.0359,220.0898,5.1098,0.0,14.357485,35.893712,3.143486,29,158,125,3,0.23384124,0.01139613,-0.00825174,0E-8,0.000000,0.887492,0.846818,0.02564465,2026-03-24,2026-08-06,84,754,547,136,0.617647,0.180654,0.372251,0.779471,,,,,,,,GLOBAL_BASELINE_NO_ENTITY_RANKING,,,NOT_APPLICABLE_GLOBAL_BASELINE,HF9g-P5,,,,X 全窗基线 · 不参与实体赏罚,8398176,840,A168_HF9F_20260827_0900,2026-08-27 09:00:00
2026-07-24,129740297,2170,0,33.7244001143,-3.0658545558,-3.0658545558,0.5000000,8,8,0.49324550000000000,0.493245500000,0.03309317671092531,0.03309317671092531,0.03309317671092531,0E-17,ELIGIBLE,R03b_20260811_FULL_v1,L1_ELIGIBILITY,v2026-08-11,2026-03-21..2026-08-06,baccarat_bet02_101_all_pairs_incl_sentinel,round_win = game_pnl > 0 (decisive only),COMPATIBILITY_ONLY_NOT_PRODUCTION,42404.8770,37633.9694,483.2517,2200,2196,-0.01139613,0.00825174,-0.01739291,-0.01139613,-483.2517,42404.8770,OK,0.0000,19.3301,4.0000,96.0000,AG03-UNRESOLVED,ALL5_LEVELS_bet23_to_bet27,19.3301,19.3301,19.3301,24.1626,24.1626,4.000000,4.000000,4.000000,5.000000,5.000000,96.000000,96.000000,96.000000,95.000000,95.000000,5.0,106.3154,97.3877,376.9363,385.864,PENDING_AG03,FALSE,NOT_FOR_ENFORCEMENT,463.9216,36128.6106,483.2517,463.9216,19.3301,0.01139613,0.01094029,19.3301,463.9216,0.01094029,19.3301,19.3301,19.3301,24.1626,24.1626,463.9216,0.01094029,106.3154,97.3877,376.9363,385.864,0.00888898,0.00909952,0.00045585,19.2749,17.1375,0.2201,5.7530,0.6409,504.8200,26.1429,7.1751,39.7174,2.9515,6.1317,20.2037,44.018,88.0359,220.0898,5.1098,0.0,14.357485,35.893712,3.143486,29,158,125,3,0.23384124,0.01139613,-0.00825174,0E-8,0.000000,0.887492,0.846818,0.02564465,2026-03-24,2026-08-06,84,754,547,136,0.617647,0.180654,0.372251,0.779471,,,,,,,,GLOBAL_BASELINE_NO_ENTITY_RANKING,,,NOT_APPLICABLE_GLOBAL_BASELINE,HF9g-P5,,,,X 全窗基线 · 不参与实体赏罚,8398177,840,A168_HF9F_20260827_0900,2026-08-27 09:00:00
2026-07-24,129740297,2188,0,8.1756121489,4.0878060745,4.0878060745,0.6666667,3,3,0.50665070000000000,0.506650700000,0.5543606114942035,0.5543606114942035,0.5543606114942035,0E-17,ELIGIBLE,R03b_20260811_FULL_v1,L1_ELIGIBILITY,v2026-08-11,2026-03-21..2026-08-06,baccarat_bet02_101_all_pairs_incl_sentinel,round_win = game_pnl > 0 (decisive only),COMPATIBILITY_ONLY_NOT_PRODUCTION,42404.8770,37633.9694,483.2517,2200,2196,-0.01139613,0.00825174,-0.01739291,-0.01139613,-483.2517,42404.8770,OK,0.0000,19.3301,4.0000,96.0000,AG03-UNRESOLVED,ALL5_LEVELS_bet23_to_bet27,19.3301,19.3301,19.3301,24.1626,24.1626,4.000000,4.000000,4.000000,5.000000,5.000000,96.000000,96.000000,96.000000,95.000000,95.000000,5.0,106.3154,97.3877,376.9363,385.864,PENDING_AG03,FALSE,NOT_FOR_ENFORCEMENT,463.9216,36128.6106,483.2517,463.9216,19.3301,0.01139613,0.01094029,19.3301,463.9216,0.01094029,19.3301,19.3301,19.3301,24.1626,24.1626,463.9216,0.01094029,106.3154,97.3877,376.9363,385.864,0.00888898,0.00909952,0.00045585,19.2749,17.1375,0.2201,5.7530,0.6409,504.8200,26.1429,7.1751,39.7174,2.9515,6.1317,20.2037,44.018,88.0359,220.0898,5.1098,0.0,14.357485,35.893712,3.143486,29,158,125,3,0.23384124,0.01139613,-0.00825174,0E-8,0.000000,0.887492,0.846818,0.02564465,2026-03-24,2026-08-06,84,754,547,136,0.617647,0.180654,0.372251,0.779471,,,,,,,,GLOBAL_BASELINE_NO_ENTITY_RANKING,,,NOT_APPLICABLE_GLOBAL_BASELINE,HF9g-P5,,,,X 全窗基线 · 不参与实体赏罚,8398178,840,A168_HF9F_20260827_0900,2026-08-27 09:00:00
2026-07-24,129740297,2205,0,5.1097575931,5.1097575931,5.1097575931,1.0000000,2,2,0.50665070000000000,0.506650700000,1.3955260008387969,1.3955260008387969,1.3955260008387969,0E-17,ELIGIBLE,R03b_20260811_FULL_v1,L1_ELIGIBILITY,v2026-08-11,2026-03-21..2026-08-06,baccarat_bet02_101_all_pairs_incl_sentinel,round_win = game_pnl > 0 (decisive only),COMPATIBILITY_ONLY_NOT_PRODUCTION,42404.8770,37633.9694,483.2517,2200,2196,-0.01139613,0.00825174,-0.01739291,-0.01139613,-483.2517,42404.8770,OK,0.0000,19.3301,4.0000,96.0000,AG03-UNRESOLVED,ALL5_LEVELS_bet23_to_bet27,19.3301,19.3301,19.3301,24.1626,24.1626,4.000000,4.000000,4.000000,5.000000,5.000000,96.000000,96.000000,96.000000,95.000000,95.000000,5.0,106.3154,97.3877,376.9363,385.864,PENDING_AG03,FALSE,NOT_FOR_ENFORCEMENT,463.9216,36128.6106,483.2517,463.9216,19.3301,0.01139613,0.01094029,19.3301,463.9216,0.01094029,19.3301,19.3301,19.3301,24.1626,24.1626,463.9216,0.01094029,106.3154,97.3877,376.9363,385.864,0.00888898,0.00909952,0.00045585,19.2749,17.1375,0.2201,5.7530,0.6409,504.8200,26.1429,7.1751,39.7174,2.9515,6.1317,20.2037,44.018,88.0359,220.0898,5.1098,0.0,14.357485,35.893712,3.143486,29,158,125,3,0.23384124,0.01139613,-0.00825174,0E-8,0.000000,0.887492,0.846818,0.02564465,2026-03-24,2026-08-06,84,754,547,136,0.617647,0.180654,0.372251,0.779471,,,,,,,,GLOBAL_BASELINE_NO_ENTITY_RANKING,,,NOT_APPLICABLE_GLOBAL_BASELINE,HF9g-P5,,,,X 全窗基线 · 不参与实体赏罚,8398179,840,A168_HF9F_20260827_0900,2026-08-27 09:00:00
2026-07-24,129740297,2268,0,3.0658545559,-3.0658545559,-3.0658545559,0E-7,1,1,0.49324550000000000,0.493245500000,-0.9865810262130424,-0.9865810262130424,-0.9865810262130424,0E-17,ELIGIBLE,R03b_20260811_FULL_v1,L1_ELIGIBILITY,v2026-08-11,2026-03-21..2026-08-06,baccarat_bet02_101_all_pairs_incl_sentinel,round_win = game_pnl > 0 (decisive only),COMPATIBILITY_ONLY_NOT_PRODUCTION,42404.8770,37633.9694,483.2517,2200,2196,-0.01139613,0.00825174,-0.01739291,-0.01139613,-483.2517,42404.8770,OK,0.0000,19.3301,4.0000,96.0000,AG03-UNRESOLVED,ALL5_LEVELS_bet23_to_bet27,19.3301,19.3301,19.3301,24.1626,24.1626,4.000000,4.000000,4.000000,5.000000,5.000000,96.000000,96.000000,96.000000,95.000000,95.000000,5.0,106.3154,97.3877,376.9363,385.864,PENDING_AG03,FALSE,NOT_FOR_ENFORCEMENT,463.9216,36128.6106,483.2517,463.9216,19.3301,0.01139613,0.01094029,19.3301,463.9216,0.01094029,19.3301,19.3301,19.3301,24.1626,24.1626,463.9216,0.01094029,106.3154,97.3877,376.9363,385.864,0.00888898,0.00909952,0.00045585,19.2749,17.1375,0.2201,5.7530,0.6409,504.8200,26.1429,7.1751,39.7174,2.9515,6.1317,20.2037,44.018,88.0359,220.0898,5.1098,0.0,14.357485,35.893712,3.143486,29,158,125,3,0.23384124,0.01139613,-0.00825174,0E-8,0.000000,0.887492,0.846818,0.02564465,2026-03-24,2026-08-06,84,754,547,136,0.617647,0.180654,0.372251,0.779471,,,,,,,,GLOBAL_BASELINE_NO_ENTITY_RANKING,,,NOT_APPLICABLE_GLOBAL_BASELINE,HF9g-P5,,,,X 全窗基线 · 不参与实体赏罚,8398180,840,A168_HF9F_20260827_0900,2026-08-27 09:00:00
2026-07-24,129740297,970,0,8.9931733637,-4.9053672893,-4.9053672893,0.2500000,4,4,0.49324550000000000,0.493245500000,-0.9730707933947887,-0.9730707933947887,-0.9730707933947887,0E-17,ELIGIBLE,R03b_20260811_FULL_v1,L1_ELIGIBILITY,v2026-08-11,2026-03-21..2026-08-06,baccarat_bet02_101_all_pairs_incl_sentinel,round_win = game_pnl > 0 (decisive only),COMPATIBILITY_ONLY_NOT_PRODUCTION,42404.8770,37633.9694,483.2517,2200,2196,-0.01139613,0.00825174,-0.01739291,-0.01139613,-483.2517,42404.8770,OK,0.0000,19.3301,4.0000,96.0000,AG03-UNRESOLVED,ALL5_LEVELS_bet23_to_bet27,19.3301,19.3301,19.3301,24.1626,24.1626,4.000000,4.000000,4.000000,5.000000,5.000000,96.000000,96.000000,96.000000,95.000000,95.000000,5.0,106.3154,97.3877,376.9363,385.864,PENDING_AG03,FALSE,NOT_FOR_ENFORCEMENT,463.9216,36128.6106,483.2517,463.9216,19.3301,0.01139613,0.01094029,19.3301,463.9216,0.01094029,19.3301,19.3301,19.3301,24.1626,24.1626,463.9216,0.01094029,106.3154,97.3877,376.9363,385.864,0.00888898,0.00909952,0.00045585,19.2749,17.1375,0.2201,5.7530,0.6409,504.8200,26.1429,7.1751,39.7174,2.9515,6.1317,20.2037,44.018,88.0359,220.0898,5.1098,0.0,14.357485,35.893712,3.143486,29,158,125,3,0.23384124,0.01139613,-0.00825174,0E-8,0.000000,0.887492,0.846818,0.02564465,2026-03-24,2026-08-06,84,754,547,136,0.617647,0.180654,0.372251,0.779471,,,,,,,,GLOBAL_BASELINE_NO_ENTITY_RANKING,,,NOT_APPLICABLE_GLOBAL_BASELINE,HF9g-P5,,,,X 全窗基线 · 不参与实体赏罚,8398181,840,A168_HF9F_20260827_0900,2026-08-27 09:00:00
2026-07-25,129740297,-1,1,62.5434329394,20.2346400686,20.2346400686,0.5714286,7,7,0.50473567142857143,0.504735671429,0.35292148522900274,0.3529214852267378,0.35292148522900274,-4.2857E-13,SENTINEL_DEALER,R03b_20260811_FULL_v1,L1_ELIGIBILITY,v2026-08-11,2026-03-21..2026-08-06,baccarat_bet02_101_all_pairs_incl_sentinel,round_win = game_pnl > 0 (decisive only),COMPATIBILITY_ONLY_NOT_PRODUCTION,42404.8770,37633.9694,483.2517,2200,2196,-0.01139613,0.00825174,-0.01739291,-0.01139613,-483.2517,42404.8770,OK,0.0000,19.3301,4.0000,96.0000,AG03-UNRESOLVED,ALL5_LEVELS_bet23_to_bet27,19.3301,19.3301,19.3301,24.1626,24.1626,4.000000,4.000000,4.000000,5.000000,5.000000,96.000000,96.000000,96.000000,95.000000,95.000000,5.0,106.3154,97.3877,376.9363,385.864,PENDING_AG03,FALSE,NOT_FOR_ENFORCEMENT,463.9216,36128.6106,483.2517,463.9216,19.3301,0.01139613,0.01094029,19.3301,463.9216,0.01094029,19.3301,19.3301,19.3301,24.1626,24.1626,463.9216,0.01094029,106.3154,97.3877,376.9363,385.864,0.00888898,0.00909952,0.00045585,19.2749,17.1375,0.2201,5.7530,0.6409,504.8200,26.1429,7.1751,39.7174,2.9515,6.1317,20.2037,44.018,88.0359,220.0898,5.1098,0.0,14.357485,35.893712,3.143486,29,158,125,3,0.23384124,0.01139613,-0.00825174,0E-8,0.000000,0.887492,0.846818,0.02564465,2026-03-24,2026-08-06,84,754,547,136,0.617647,0.180654,0.372251,0.779471,,,,,,,,GLOBAL_BASELINE_NO_ENTITY_RANKING,,,NOT_APPLICABLE_GLOBAL_BASELINE,HF9g-P5,,,,X 全窗基线 · 不参与实体赏罚,8398182,840,A168_HF9F_20260827_0900,2026-08-27 09:00:00
2026-07-25,129740297,1017,0,20.4390303724,20.4390303724,20.4390303724,1.0000000,1,1,0.50665070000000000,0.506650700000,0.9867858985152569,0.9867858985152569,0.9867858985152569,0E-17,ELIGIBLE,R03b_20260811_FULL_v1,L1_ELIGIBILITY,v2026-08-11,2026-03-21..2026-08-06,baccarat_bet02_101_all_pairs_incl_sentinel,round_win = game_pnl > 0 (decisive only),COMPATIBILITY_ONLY_NOT_PRODUCTION,42404.8770,37633.9694,483.2517,2200,2196,-0.01139613,0.00825174,-0.01739291,-0.01139613,-483.2517,42404.8770,OK,0.0000,19.3301,4.0000,96.0000,AG03-UNRESOLVED,ALL5_LEVELS_bet23_to_bet27,19.3301,19.3301,19.3301,24.1626,24.1626,4.000000,4.000000,4.000000,5.000000,5.000000,96.000000,96.000000,96.000000,95.000000,95.000000,5.0,106.3154,97.3877,376.9363,385.864,PENDING_AG03,FALSE,NOT_FOR_ENFORCEMENT,463.9216,36128.6106,483.2517,463.9216,19.3301,0.01139613,0.01094029,19.3301,463.9216,0.01094029,19.3301,19.3301,19.3301,24.1626,24.1626,463.9216,0.01094029,106.3154,97.3877,376.9363,385.864,0.00888898,0.00909952,0.00045585,19.2749,17.1375,0.2201,5.7530,0.6409,504.8200,26.1429,7.1751,39.7174,2.9515,6.1317,20.2037,44.018,88.0359,220.0898,5.1098,0.0,14.357485,35.893712,3.143486,29,158,125,3,0.23384124,0.01139613,-0.00825174,0E-8,0.000000,0.887492,0.846818,0.02564465,2026-03-24,2026-08-06,84,754,547,136,0.617647,0.180654,0.372251,0.779471,,,,,,,,GLOBAL_BASELINE_NO_ENTITY_RANKING,,,NOT_APPLICABLE_GLOBAL_BASELINE,HF9g-P5,,,,X 全窗基线 · 不参与实体赏罚,8398183,840,A168_HF9F_20260827_0900,2026-08-27 09:00:00
2026-07-25,129740297,1301,0,56.2073335241,-35.7683031517,-35.7683031517,0E-7,3,3,0.49324550000000000,0.493245500000,-1.3952362676504506,-1.3952362676504506,-1.3952362676504506,0E-17,ELIGIBLE,R03b_20260811_FULL_v1,L1_ELIGIBILITY,v2026-08-11,2026-03-21..2026-08-06,baccarat_bet02_101_all_pairs_incl_sentinel,round_win = game_pnl > 0 (decisive only),COMPATIBILITY_ONLY_NOT_PRODUCTION,42404.8770,37633.9694,483.2517,2200,2196,-0.01139613,0.00825174,-0.01739291,-0.01139613,-483.2517,42404.8770,OK,0.0000,19.3301,4.0000,96.0000,AG03-UNRESOLVED,ALL5_LEVELS_bet23_to_bet27,19.3301,19.3301,19.3301,24.1626,24.1626,4.000000,4.000000,4.000000,5.000000,5.000000,96.000000,96.000000,96.000000,95.000000,95.000000,5.0,106.3154,97.3877,376.9363,385.864,PENDING_AG03,FALSE,NOT_FOR_ENFORCEMENT,463.9216,36128.6106,483.2517,463.9216,19.3301,0.01139613,0.01094029,19.3301,463.9216,0.01094029,19.3301,19.3301,19.3301,24.1626,24.1626,463.9216,0.01094029,106.3154,97.3877,376.9363,385.864,0.00888898,0.00909952,0.00045585,19.2749,17.1375,0.2201,5.7530,0.6409,504.8200,26.1429,7.1751,39.7174,2.9515,6.1317,20.2037,44.018,88.0359,220.0898,5.1098,0.0,14.357485,35.893712,3.143486,29,158,125,3,0.23384124,0.01139613,-0.00825174,0E-8,0.000000,0.887492,0.846818,0.02564465,2026-03-24,2026-08-06,84,754,547,136,0.617647,0.180654,0.372251,0.779471,,,,,,,,GLOBAL_BASELINE_NO_ENTITY_RANKING,,,NOT_APPLICABLE_GLOBAL_BASELINE,HF9g-P5,,,,X 全窗基线 · 不参与实体赏罚,8398184,840,A168_HF9F_20260827_0900,2026-08-27 09:00:00
2026-07-25,129740297,1306,0,24.5268364469,-18.3951273352,-18.3951273352,0E-7,3,3,0.50665070000000000,0.506650700000,-1.4331513700195317,-1.4331513700195317,-1.4331513700195317,0E-17,ELIGIBLE,R03b_20260811_FULL_v1,L1_ELIGIBILITY,v2026-08-11,2026-03-21..2026-08-06,baccarat_bet02_101_all_pairs_incl_sentinel,round_win = game_pnl > 0 (decisive only),COMPATIBILITY_ONLY_NOT_PRODUCTION,42404.8770,37633.9694,483.2517,2200,2196,-0.01139613,0.00825174,-0.01739291,-0.01139613,-483.2517,42404.8770,OK,0.0000,19.3301,4.0000,96.0000,AG03-UNRESOLVED,ALL5_LEVELS_bet23_to_bet27,19.3301,19.3301,19.3301,24.1626,24.1626,4.000000,4.000000,4.000000,5.000000,5.000000,96.000000,96.000000,96.000000,95.000000,95.000000,5.0,106.3154,97.3877,376.9363,385.864,PENDING_AG03,FALSE,NOT_FOR_ENFORCEMENT,463.9216,36128.6106,483.2517,463.9216,19.3301,0.01139613,0.01094029,19.3301,463.9216,0.01094029,19.3301,19.3301,19.3301,24.1626,24.1626,463.9216,0.01094029,106.3154,97.3877,376.9363,385.864,0.00888898,0.00909952,0.00045585,19.2749,17.1375,0.2201,5.7530,0.6409,504.8200,26.1429,7.1751,39.7174,2.9515,6.1317,20.2037,44.018,88.0359,220.0898,5.1098,0.0,14.357485,35.893712,3.143486,29,158,125,3,0.23384124,0.01139613,-0.00825174,0E-8,0.000000,0.887492,0.846818,0.02564465,2026-03-24,2026-08-06,84,754,547,136,0.617647,0.180654,0.372251,0.779471,,,,,,,,GLOBAL_BASELINE_NO_ENTITY_RANKING,,,NOT_APPLICABLE_GLOBAL_BASELINE,HF9g-P5,,,,X 全窗基线 · 不参与实体赏罚,8398185,840,A168_HF9F_20260827_0900,2026-08-27 09:00:00
2026-07-25,129740297,1382,0,10.2195151862,10.2195151862,10.2195151862,1.0000000,1,1,0.50665070000000000,0.506650700000,0.9867858985152569,0.9867858985152569,0.9867858985152569,0E-17,ELIGIBLE,R03b_20260811_FULL_v1,L1_ELIGIBILITY,v2026-08-11,2026-03-21..2026-08-06,baccarat_bet02_101_all_pairs_incl_sentinel,round_win = game_pnl > 0 (decisive only),COMPATIBILITY_ONLY_NOT_PRODUCTION,42404.8770,37633.9694,483.2517,2200,2196,-0.01139613,0.00825174,-0.01739291,-0.01139613,-483.2517,42404.8770,OK,0.0000,19.3301,4.0000,96.0000,AG03-UNRESOLVED,ALL5_LEVELS_bet23_to_bet27,19.3301,19.3301,19.3301,24.1626,24.1626,4.000000,4.000000,4.000000,5.000000,5.000000,96.000000,96.000000,96.000000,95.000000,95.000000,5.0,106.3154,97.3877,376.9363,385.864,PENDING_AG03,FALSE,NOT_FOR_ENFORCEMENT,463.9216,36128.6106,483.2517,463.9216,19.3301,0.01139613,0.01094029,19.3301,463.9216,0.01094029,19.3301,19.3301,19.3301,24.1626,24.1626,463.9216,0.01094029,106.3154,97.3877,376.9363,385.864,0.00888898,0.00909952,0.00045585,19.2749,17.1375,0.2201,5.7530,0.6409,504.8200,26.1429,7.1751,39.7174,2.9515,6.1317,20.2037,44.018,88.0359,220.0898,5.1098,0.0,14.357485,35.893712,3.143486,29,158,125,3,0.23384124,0.01139613,-0.00825174,0E-8,0.000000,0.887492,0.846818,0.02564465,2026-03-24,2026-08-06,84,754,547,136,0.617647,0.180654,0.372251,0.779471,,,,,,,,GLOBAL_BASELINE_NO_ENTITY_RANKING,,,NOT_APPLICABLE_GLOBAL_BASELINE,HF9g-P5,,,,X 全窗基线 · 不参与实体赏罚,8398186,840,A168_HF9F_20260827_0900,2026-08-27 09:00:00
2026-07-25,129740297,1402,0,18.3951273351,12.2634182234,12.2634182234,1.0000000,3,3,0.49324550000000000,0.493245500000,1.4334489766152358,1.4334489766152358,1.4334489766152358,0E-17,ELIGIBLE,R03b_20260811_FULL_v1,L1_ELIGIBILITY,v2026-08-11,2026-03-21..2026-08-06,baccarat_bet02_101_all_pairs_incl_sentinel,round_win = game_pnl > 0 (decisive only),COMPATIBILITY_ONLY_NOT_PRODUCTION,42404.8770,37633.9694,483.2517,2200,2196,-0.01139613,0.00825174,-0.01739291,-0.01139613,-483.2517,42404.8770,OK,0.0000,19.3301,4.0000,96.0000,AG03-UNRESOLVED,ALL5_LEVELS_bet23_to_bet27,19.3301,19.3301,19.3301,24.1626,24.1626,4.000000,4.000000,4.000000,5.000000,5.000000,96.000000,96.000000,96.000000,95.000000,95.000000,5.0,106.3154,97.3877,376.9363,385.864,PENDING_AG03,FALSE,NOT_FOR_ENFORCEMENT,463.9216,36128.6106,483.2517,463.9216,19.3301,0.01139613,0.01094029,19.3301,463.9216,0.01094029,19.3301,19.3301,19.3301,24.1626,24.1626,463.9216,0.01094029,106.3154,97.3877,376.9363,385.864,0.00888898,0.00909952,0.00045585,19.2749,17.1375,0.2201,5.7530,0.6409,504.8200,26.1429,7.1751,39.7174,2.9515,6.1317,20.2037,44.018,88.0359,220.0898,5.1098,0.0,14.357485,35.893712,3.143486,29,158,125,3,0.23384124,0.01139613,-0.00825174,0E-8,0.000000,0.887492,0.846818,0.02564465,2026-03-24,2026-08-06,84,754,547,136,0.617647,0.180654,0.372251,0.779471,,,,,,,,GLOBAL_BASELINE_NO_ENTITY_RANKING,,,NOT_APPLICABLE_GLOBAL_BASELINE,HF9g-P5,,,,X 全窗基线 · 不参与实体赏罚,8398187,840,A168_HF9F_20260827_0900,2026-08-27 09:00:00
2026-07-25,129740297,1491,0,20.4390303723,-20.4390303723,-20.4390303723,0E-7,3,3,0.50665070000000000,0.506650700000,-1.7552447903592512,-1.7552447903592512,-1.7552447903592512,0E-17,ELIGIBLE,R03b_20260811_FULL_v1,L1_ELIGIBILITY,v2026-08-11,2026-03-21..2026-08-06,baccarat_bet02_101_all_pairs_incl_sentinel,round_win = game_pnl > 0 (decisive only),COMPATIBILITY_ONLY_NOT_PRODUCTION,42404.8770,37633.9694,483.2517,2200,2196,-0.01139613,0.00825174,-0.01739291,-0.01139613,-483.2517,42404.8770,OK,0.0000,19.3301,4.0000,96.0000,AG03-UNRESOLVED,ALL5_LEVELS_bet23_to_bet27,19.3301,19.3301,19.3301,24.1626,24.1626,4.000000,4.000000,4.000000,5.000000,5.000000,96.000000,96.000000,96.000000,95.000000,95.000000,5.0,106.3154,97.3877,376.9363,385.864,PENDING_AG03,FALSE,NOT_FOR_ENFORCEMENT,463.9216,36128.6106,483.2517,463.9216,19.3301,0.01139613,0.01094029,19.3301,463.9216,0.01094029,19.3301,19.3301,19.3301,24.1626,24.1626,463.9216,0.01094029,106.3154,97.3877,376.9363,385.864,0.00888898,0.00909952,0.00045585,19.2749,17.1375,0.2201,5.7530,0.6409,504.8200,26.1429,7.1751,39.7174,2.9515,6.1317,20.2037,44.018,88.0359,220.0898,5.1098,0.0,14.357485,35.893712,3.143486,29,158,125,3,0.23384124,0.01139613,-0.00825174,0E-8,0.000000,0.887492,0.846818,0.02564465,2026-03-24,2026-08-06,84,754,547,136,0.617647,0.180654,0.372251,0.779471,,,,,,,,GLOBAL_BASELINE_NO_ENTITY_RANKING,,,NOT_APPLICABLE_GLOBAL_BASELINE,HF9g-P5,,,,X 全窗基线 · 不参与实体赏罚,8398188,840,A168_HF9F_20260827_0900,2026-08-27 09:00:00
2026-07-25,129740297,2134,0,6.1317091117,6.1317091117,6.1317091117,1.0000000,1,1,0.50665070000000000,0.506650700000,0.9867858985152569,0.9867858985152569,0.9867858985152569,0E-17,ELIGIBLE,R03b_20260811_FULL_v1,L1_ELIGIBILITY,v2026-08-11,2026-03-21..2026-08-06,baccarat_bet02_101_all_pairs_incl_sentinel,round_win = game_pnl > 0 (decisive only),COMPATIBILITY_ONLY_NOT_PRODUCTION,42404.8770,37633.9694,483.2517,2200,2196,-0.01139613,0.00825174,-0.01739291,-0.01139613,-483.2517,42404.8770,OK,0.0000,19.3301,4.0000,96.0000,AG03-UNRESOLVED,ALL5_LEVELS_bet23_to_bet27,19.3301,19.3301,19.3301,24.1626,24.1626,4.000000,4.000000,4.000000,5.000000,5.000000,96.000000,96.000000,96.000000,95.000000,95.000000,5.0,106.3154,97.3877,376.9363,385.864,PENDING_AG03,FALSE,NOT_FOR_ENFORCEMENT,463.9216,36128.6106,483.2517,463.9216,19.3301,0.01139613,0.01094029,19.3301,463.9216,0.01094029,19.3301,19.3301,19.3301,24.1626,24.1626,463.9216,0.01094029,106.3154,97.3877,376.9363,385.864,0.00888898,0.00909952,0.00045585,19.2749,17.1375,0.2201,5.7530,0.6409,504.8200,26.1429,7.1751,39.7174,2.9515,6.1317,20.2037,44.018,88.0359,220.0898,5.1098,0.0,14.357485,35.893712,3.143486,29,158,125,3,0.23384124,0.01139613,-0.00825174,0E-8,0.000000,0.887492,0.846818,0.02564465,2026-03-24,2026-08-06,84,754,547,136,0.617647,0.180654,0.372251,0.779471,,,,,,,,GLOBAL_BASELINE_NO_ENTITY_RANKING,,,NOT_APPLICABLE_GLOBAL_BASELINE,HF9g-P5,,,,X 全窗基线 · 不参与实体赏罚,8398189,840,A168_HF9F_20260827_0900,2026-08-27 09:00:00
2026-07-25,129740297,2142,0,7.5624412378,7.5624412378,7.5624412378,1.0000000,1,1,0.49324550000000000,0.493245500000,1.01360149184955,1.01360149184955,1.01360149184955,0E-17,ELIGIBLE,R03b_20260811_FULL_v1,L1_ELIGIBILITY,v2026-08-11,2026-03-21..2026-08-06,baccarat_bet02_101_all_pairs_incl_sentinel,round_win = game_pnl > 0 (decisive only),COMPATIBILITY_ONLY_NOT_PRODUCTION,42404.8770,37633.9694,483.2517,2200,2196,-0.01139613,0.00825174,-0.01739291,-0.01139613,-483.2517,42404.8770,OK,0.0000,19.3301,4.0000,96.0000,AG03-UNRESOLVED,ALL5_LEVELS_bet23_to_bet27,19.3301,19.3301,19.3301,24.1626,24.1626,4.000000,4.000000,4.000000,5.000000,5.000000,96.000000,96.000000,96.000000,95.000000,95.000000,5.0,106.3154,97.3877,376.9363,385.864,PENDING_AG03,FALSE,NOT_FOR_ENFORCEMENT,463.9216,36128.6106,483.2517,463.9216,19.3301,0.01139613,0.01094029,19.3301,463.9216,0.01094029,19.3301,19.3301,19.3301,24.1626,24.1626,463.9216,0.01094029,106.3154,97.3877,376.9363,385.864,0.00888898,0.00909952,0.00045585,19.2749,17.1375,0.2201,5.7530,0.6409,504.8200,26.1429,7.1751,39.7174,2.9515,6.1317,20.2037,44.018,88.0359,220.0898,5.1098,0.0,14.357485,35.893712,3.143486,29,158,125,3,0.23384124,0.01139613,-0.00825174,0E-8,0.000000,0.887492,0.846818,0.02564465,2026-03-24,2026-08-06,84,754,547,136,0.617647,0.180654,0.372251,0.779471,,,,,,,,GLOBAL_BASELINE_NO_ENTITY_RANKING,,,NOT_APPLICABLE_GLOBAL_BASELINE,HF9g-P5,,,,X 全窗基线 · 不参与实体赏罚,8398190,840,A168_HF9F_20260827_0900,2026-08-27 09:00:00
2026-07-25,129740297,2145,0,6.1317091117,-6.1317091117,-6.1317091117,0E-7,1,1,0.49324550000000000,0.493245500000,-0.9865810262130424,-0.9865810262130424,-0.9865810262130424,0E-17,ELIGIBLE,R03b_20260811_FULL_v1,L1_ELIGIBILITY,v2026-08-11,2026-03-21..2026-08-06,baccarat_bet02_101_all_pairs_incl_sentinel,round_win = game_pnl > 0 (decisive only),COMPATIBILITY_ONLY_NOT_PRODUCTION,42404.8770,37633.9694,483.2517,2200,2196,-0.01139613,0.00825174,-0.01739291,-0.01139613,-483.2517,42404.8770,OK,0.0000,19.3301,4.0000,96.0000,AG03-UNRESOLVED,ALL5_LEVELS_bet23_to_bet27,19.3301,19.3301,19.3301,24.1626,24.1626,4.000000,4.000000,4.000000,5.000000,5.000000,96.000000,96.000000,96.000000,95.000000,95.000000,5.0,106.3154,97.3877,376.9363,385.864,PENDING_AG03,FALSE,NOT_FOR_ENFORCEMENT,463.9216,36128.6106,483.2517,463.9216,19.3301,0.01139613,0.01094029,19.3301,463.9216,0.01094029,19.3301,19.3301,19.3301,24.1626,24.1626,463.9216,0.01094029,106.3154,97.3877,376.9363,385.864,0.00888898,0.00909952,0.00045585,19.2749,17.1375,0.2201,5.7530,0.6409,504.8200,26.1429,7.1751,39.7174,2.9515,6.1317,20.2037,44.018,88.0359,220.0898,5.1098,0.0,14.357485,35.893712,3.143486,29,158,125,3,0.23384124,0.01139613,-0.00825174,0E-8,0.000000,0.887492,0.846818,0.02564465,2026-03-24,2026-08-06,84,754,547,136,0.617647,0.180654,0.372251,0.779471,,,,,,,,GLOBAL_BASELINE_NO_ENTITY_RANKING,,,NOT_APPLICABLE_GLOBAL_BASELINE,HF9g-P5,,,,X 全窗基线 · 不参与实体赏罚,8398191,840,A168_HF9F_20260827_0900,2026-08-27 09:00:00
2026-07-25,129740297,2152,0,6.1317091117,6.1317091117,6.1317091117,1.0000000,1,1,0.49324550000000000,0.493245500000,1.01360149184955,1.01360149184955,1.01360149184955,0E-17,ELIGIBLE,R03b_20260811_FULL_v1,L1_ELIGIBILITY,v2026-08-11,2026-03-21..2026-08-06,baccarat_bet02_101_all_pairs_incl_sentinel,round_win = game_pnl > 0 (decisive only),COMPATIBILITY_ONLY_NOT_PRODUCTION,42404.8770,37633.9694,483.2517,2200,2196,-0.01139613,0.00825174,-0.01739291,-0.01139613,-483.2517,42404.8770,OK,0.0000,19.3301,4.0000,96.0000,AG03-UNRESOLVED,ALL5_LEVELS_bet23_to_bet27,19.3301,19.3301,19.3301,24.1626,24.1626,4.000000,4.000000,4.000000,5.000000,5.000000,96.000000,96.000000,96.000000,95.000000,95.000000,5.0,106.3154,97.3877,376.9363,385.864,PENDING_AG03,FALSE,NOT_FOR_ENFORCEMENT,463.9216,36128.6106,483.2517,463.9216,19.3301,0.01139613,0.01094029,19.3301,463.9216,0.01094029,19.3301,19.3301,19.3301,24.1626,24.1626,463.9216,0.01094029,106.3154,97.3877,376.9363,385.864,0.00888898,0.00909952,0.00045585,19.2749,17.1375,0.2201,5.7530,0.6409,504.8200,26.1429,7.1751,39.7174,2.9515,6.1317,20.2037,44.018,88.0359,220.0898,5.1098,0.0,14.357485,35.893712,3.143486,29,158,125,3,0.23384124,0.01139613,-0.00825174,0E-8,0.000000,0.887492,0.846818,0.02564465,2026-03-24,2026-08-06,84,754,547,136,0.617647,0.180654,0.372251,0.779471,,,,,,,,GLOBAL_BASELINE_NO_ENTITY_RANKING,,,NOT_APPLICABLE_GLOBAL_BASELINE,HF9g-P5,,,,X 全窗基线 · 不参与实体赏罚,8398192,840,A168_HF9F_20260827_0900,2026-08-27 09:00:00
2026-07-25,129740297,2239,0,10.2195151862,-10.2195151862,-10.2195151862,0E-7,1,1,0.49324550000000000,0.493245500000,-0.9865810262130424,-0.9865810262130424,-0.9865810262130424,0E-17,ELIGIBLE,R03b_20260811_FULL_v1,L1_ELIGIBILITY,v2026-08-11,2026-03-21..2026-08-06,baccarat_bet02_101_all_pairs_incl_sentinel,round_win = game_pnl > 0 (decisive only),COMPATIBILITY_ONLY_NOT_PRODUCTION,42404.8770,37633.9694,483.2517,2200,2196,-0.01139613,0.00825174,-0.01739291,-0.01139613,-483.2517,42404.8770,OK,0.0000,19.3301,4.0000,96.0000,AG03-UNRESOLVED,ALL5_LEVELS_bet23_to_bet27,19.3301,19.3301,19.3301,24.1626,24.1626,4.000000,4.000000,4.000000,5.000000,5.000000,96.000000,96.000000,96.000000,95.000000,95.000000,5.0,106.3154,97.3877,376.9363,385.864,PENDING_AG03,FALSE,NOT_FOR_ENFORCEMENT,463.9216,36128.6106,483.2517,463.9216,19.3301,0.01139613,0.01094029,19.3301,463.9216,0.01094029,19.3301,19.3301,19.3301,24.1626,24.1626,463.9216,0.01094029,106.3154,97.3877,376.9363,385.864,0.00888898,0.00909952,0.00045585,19.2749,17.1375,0.2201,5.7530,0.6409,504.8200,26.1429,7.1751,39.7174,2.9515,6.1317,20.2037,44.018,88.0359,220.0898,5.1098,0.0,14.357485,35.893712,3.143486,29,158,125,3,0.23384124,0.01139613,-0.00825174,0E-8,0.000000,0.887492,0.846818,0.02564465,2026-03-24,2026-08-06,84,754,547,136,0.617647,0.180654,0.372251,0.779471,,,,,,,,GLOBAL_BASELINE_NO_ENTITY_RANKING,,,NOT_APPLICABLE_GLOBAL_BASELINE,HF9g-P5,,,,X 全窗基线 · 不参与实体赏罚,8398193,840,A168_HF9F_20260827_0900,2026-08-27 09:00:00
2026-07-25,129740297,2267,0,55.1853820053,0E-10,0E-10,0.5000000,7,7,0.49324550000000000,0.493245500000,0.03309317671092531,0.03309317671092531,0.03309317671092531,0E-17,ELIGIBLE,R03b_20260811_FULL_v1,L1_ELIGIBILITY,v2026-08-11,2026-03-21..2026-08-06,baccarat_bet02_101_all_pairs_incl_sentinel,round_win = game_pnl > 0 (decisive only),COMPATIBILITY_ONLY_NOT_PRODUCTION,42404.8770,37633.9694,483.2517,2200,2196,-0.01139613,0.00825174,-0.01739291,-0.01139613,-483.2517,42404.8770,OK,0.0000,19.3301,4.0000,96.0000,AG03-UNRESOLVED,ALL5_LEVELS_bet23_to_bet27,19.3301,19.3301,19.3301,24.1626,24.1626,4.000000,4.000000,4.000000,5.000000,5.000000,96.000000,96.000000,96.000000,95.000000,95.000000,5.0,106.3154,97.3877,376.9363,385.864,PENDING_AG03,FALSE,NOT_FOR_ENFORCEMENT,463.9216,36128.6106,483.2517,463.9216,19.3301,0.01139613,0.01094029,19.3301,463.9216,0.01094029,19.3301,19.3301,19.3301,24.1626,24.1626,463.9216,0.01094029,106.3154,97.3877,376.9363,385.864,0.00888898,0.00909952,0.00045585,19.2749,17.1375,0.2201,5.7530,0.6409,504.8200,26.1429,7.1751,39.7174,2.9515,6.1317,20.2037,44.018,88.0359,220.0898,5.1098,0.0,14.357485,35.893712,3.143486,29,158,125,3,0.23384124,0.01139613,-0.00825174,0E-8,0.000000,0.887492,0.846818,0.02564465,2026-03-24,2026-08-06,84,754,547,136,0.617647,0.180654,0.372251,0.779471,,,,,,,,GLOBAL_BASELINE_NO_ENTITY_RANKING,,,NOT_APPLICABLE_GLOBAL_BASELINE,HF9g-P5,,,,X 全窗基线 · 不参与实体赏罚,8398194,840,A168_HF9F_20260827_0900,2026-08-27 09:00:00
2026-07-25,129740297,2289,0,20.4390303724,-20.4390303724,-20.4390303724,0E-7,2,2,0.50665070000000000,0.506650700000,-1.4331513700195317,-1.4331513700195317,-1.4331513700195317,0E-17,ELIGIBLE,R03b_20260811_FULL_v1,L1_ELIGIBILITY,v2026-08-11,2026-03-21..2026-08-06,baccarat_bet02_101_all_pairs_incl_sentinel,round_win = game_pnl > 0 (decisive only),COMPATIBILITY_ONLY_NOT_PRODUCTION,42404.8770,37633.9694,483.2517,2200,2196,-0.01139613,0.00825174,-0.01739291,-0.01139613,-483.2517,42404.8770,OK,0.0000,19.3301,4.0000,96.0000,AG03-UNRESOLVED,ALL5_LEVELS_bet23_to_bet27,19.3301,19.3301,19.3301,24.1626,24.1626,4.000000,4.000000,4.000000,5.000000,5.000000,96.000000,96.000000,96.000000,95.000000,95.000000,5.0,106.3154,97.3877,376.9363,385.864,PENDING_AG03,FALSE,NOT_FOR_ENFORCEMENT,463.9216,36128.6106,483.2517,463.9216,19.3301,0.01139613,0.01094029,19.3301,463.9216,0.01094029,19.3301,19.3301,19.3301,24.1626,24.1626,463.9216,0.01094029,106.3154,97.3877,376.9363,385.864,0.00888898,0.00909952,0.00045585,19.2749,17.1375,0.2201,5.7530,0.6409,504.8200,26.1429,7.1751,39.7174,2.9515,6.1317,20.2037,44.018,88.0359,220.0898,5.1098,0.0,14.357485,35.893712,3.143486,29,158,125,3,0.23384124,0.01139613,-0.00825174,0E-8,0.000000,0.887492,0.846818,0.02564465,2026-03-24,2026-08-06,84,754,547,136,0.617647,0.180654,0.372251,0.779471,,,,,,,,GLOBAL_BASELINE_NO_ENTITY_RANKING,,,NOT_APPLICABLE_GLOBAL_BASELINE,HF9g-P5,,,,X 全窗基线 · 不参与实体赏罚,8398195,840,A168_HF9F_20260827_0900,2026-08-27 09:00:00
2026-07-25,129740297,772,0,45.9878183379,15.3292727793,15.3292727793,0.6666667,3,3,0.49324550000000000,0.493245500000,0.6008033672792107,0.6008033672792106,0.6008033672792107,0E-17,ELIGIBLE,R03b_20260811_FULL_v1,L1_ELIGIBILITY,v2026-08-11,2026-03-21..2026-08-06,baccarat_bet02_101_all_pairs_incl_sentinel,round_win = game_pnl > 0 (decisive only),COMPATIBILITY_ONLY_NOT_PRODUCTION,42404.8770,37633.9694,483.2517,2200,2196,-0.01139613,0.00825174,-0.01739291,-0.01139613,-483.2517,42404.8770,OK,0.0000,19.3301,4.0000,96.0000,AG03-UNRESOLVED,ALL5_LEVELS_bet23_to_bet27,19.3301,19.3301,19.3301,24.1626,24.1626,4.000000,4.000000,4.000000,5.000000,5.000000,96.000000,96.000000,96.000000,95.000000,95.000000,5.0,106.3154,97.3877,376.9363,385.864,PENDING_AG03,FALSE,NOT_FOR_ENFORCEMENT,463.9216,36128.6106,483.2517,463.9216,19.3301,0.01139613,0.01094029,19.3301,463.9216,0.01094029,19.3301,19.3301,19.3301,24.1626,24.1626,463.9216,0.01094029,106.3154,97.3877,376.9363,385.864,0.00888898,0.00909952,0.00045585,19.2749,17.1375,0.2201,5.7530,0.6409,504.8200,26.1429,7.1751,39.7174,2.9515,6.1317,20.2037,44.018,88.0359,220.0898,5.1098,0.0,14.357485,35.893712,3.143486,29,158,125,3,0.23384124,0.01139613,-0.00825174,0E-8,0.000000,0.887492,0.846818,0.02564465,2026-03-24,2026-08-06,84,754,547,136,0.617647,0.180654,0.372251,0.779471,,,,,,,,GLOBAL_BASELINE_NO_ENTITY_RANKING,,,NOT_APPLICABLE_GLOBAL_BASELINE,HF9g-P5,,,,X 全窗基线 · 不参与实体赏罚,8398196,840,A168_HF9F_20260827_0900,2026-08-27 09:00:00
2026-07-25,129740297,789,0,10.2195151862,10.2195151862,10.2195151862,1.0000000,1,1,0.50665070000000000,0.506650700000,0.9867858985152569,0.9867858985152569,0.9867858985152569,0E-17,ELIGIBLE,R03b_20260811_FULL_v1,L1_ELIGIBILITY,v2026-08-11,2026-03-21..2026-08-06,baccarat_bet02_101_all_pairs_incl_sentinel,round_win = game_pnl > 0 (decisive only),COMPATIBILITY_ONLY_NOT_PRODUCTION,42404.8770,37633.9694,483.2517,2200,2196,-0.01139613,0.00825174,-0.01739291,-0.01139613,-483.2517,42404.8770,OK,0.0000,19.3301,4.0000,96.0000,AG03-UNRESOLVED,ALL5_LEVELS_bet23_to_bet27,19.3301,19.3301,19.3301,24.1626,24.1626,4.000000,4.000000,4.000000,5.000000,5.000000,96.000000,96.000000,96.000000,95.000000,95.000000,5.0,106.3154,97.3877,376.9363,385.864,PENDING_AG03,FALSE,NOT_FOR_ENFORCEMENT,463.9216,36128.6106,483.2517,463.9216,19.3301,0.01139613,0.01094029,19.3301,463.9216,0.01094029,19.3301,19.3301,19.3301,24.1626,24.1626,463.9216,0.01094029,106.3154,97.3877,376.9363,385.864,0.00888898,0.00909952,0.00045585,19.2749,17.1375,0.2201,5.7530,0.6409,504.8200,26.1429,7.1751,39.7174,2.9515,6.1317,20.2037,44.018,88.0359,220.0898,5.1098,0.0,14.357485,35.893712,3.143486,29,158,125,3,0.23384124,0.01139613,-0.00825174,0E-8,0.000000,0.887492,0.846818,0.02564465,2026-03-24,2026-08-06,84,754,547,136,0.617647,0.180654,0.372251,0.779471,,,,,,,,GLOBAL_BASELINE_NO_ENTITY_RANKING,,,NOT_APPLICABLE_GLOBAL_BASELINE,HF9g-P5,,,,X 全窗基线 · 不参与实体赏罚,8398197,840,A168_HF9F_20260827_0900,2026-08-27 09:00:00
2026-07-25,129740297,925,0,1.2263418223,1.2263418223,1.2263418223,1.0000000,1,1,0.49324550000000000,0.493245500000,1.01360149184955,1.01360149184955,1.01360149184955,0E-17,ELIGIBLE,R03b_20260811_FULL_v1,L1_ELIGIBILITY,v2026-08-11,2026-03-21..2026-08-06,baccarat_bet02_101_all_pairs_incl_sentinel,round_win = game_pnl > 0 (decisive only),COMPATIBILITY_ONLY_NOT_PRODUCTION,42404.8770,37633.9694,483.2517,2200,2196,-0.01139613,0.00825174,-0.01739291,-0.01139613,-483.2517,42404.8770,OK,0.0000,19.3301,4.0000,96.0000,AG03-UNRESOLVED,ALL5_LEVELS_bet23_to_bet27,19.3301,19.3301,19.3301,24.1626,24.1626,4.000000,4.000000,4.000000,5.000000,5.000000,96.000000,96.000000,96.000000,95.000000,95.000000,5.0,106.3154,97.3877,376.9363,385.864,PENDING_AG03,FALSE,NOT_FOR_ENFORCEMENT,463.9216,36128.6106,483.2517,463.9216,19.3301,0.01139613,0.01094029,19.3301,463.9216,0.01094029,19.3301,19.3301,19.3301,24.1626,24.1626,463.9216,0.01094029,106.3154,97.3877,376.9363,385.864,0.00888898,0.00909952,0.00045585,19.2749,17.1375,0.2201,5.7530,0.6409,504.8200,26.1429,7.1751,39.7174,2.9515,6.1317,20.2037,44.018,88.0359,220.0898,5.1098,0.0,14.357485,35.893712,3.143486,29,158,125,3,0.23384124,0.01139613,-0.00825174,0E-8,0.000000,0.887492,0.846818,0.02564465,2026-03-24,2026-08-06,84,754,547,136,0.617647,0.180654,0.372251,0.779471,,,,,,,,GLOBAL_BASELINE_NO_ENTITY_RANKING,,,NOT_APPLICABLE_GLOBAL_BASELINE,HF9g-P5,,,,X 全窗基线 · 不参与实体赏罚,8398198,840,A168_HF9F_20260827_0900,2026-08-27 09:00:00
2026-07-25,129740297,970,0,6.1317091117,6.1317091117,6.1317091117,1.0000000,1,1,0.50665070000000000,0.506650700000,0.9867858985152569,0.9867858985152569,0.9867858985152569,0E-17,ELIGIBLE,R03b_20260811_FULL_v1,L1_ELIGIBILITY,v2026-08-11,2026-03-21..2026-08-06,baccarat_bet02_101_all_pairs_incl_sentinel,round_win = game_pnl > 0 (decisive only),COMPATIBILITY_ONLY_NOT_PRODUCTION,42404.8770,37633.9694,483.2517,2200,2196,-0.01139613,0.00825174,-0.01739291,-0.01139613,-483.2517,42404.8770,OK,0.0000,19.3301,4.0000,96.0000,AG03-UNRESOLVED,ALL5_LEVELS_bet23_to_bet27,19.3301,19.3301,19.3301,24.1626,24.1626,4.000000,4.000000,4.000000,5.000000,5.000000,96.000000,96.000000,96.000000,95.000000,95.000000,5.0,106.3154,97.3877,376.9363,385.864,PENDING_AG03,FALSE,NOT_FOR_ENFORCEMENT,463.9216,36128.6106,483.2517,463.9216,19.3301,0.01139613,0.01094029,19.3301,463.9216,0.01094029,19.3301,19.3301,19.3301,24.1626,24.1626,463.9216,0.01094029,106.3154,97.3877,376.9363,385.864,0.00888898,0.00909952,0.00045585,19.2749,17.1375,0.2201,5.7530,0.6409,504.8200,26.1429,7.1751,39.7174,2.9515,6.1317,20.2037,44.018,88.0359,220.0898,5.1098,0.0,14.357485,35.893712,3.143486,29,158,125,3,0.23384124,0.01139613,-0.00825174,0E-8,0.000000,0.887492,0.846818,0.02564465,2026-03-24,2026-08-06,84,754,547,136,0.617647,0.180654,0.372251,0.779471,,,,,,,,GLOBAL_BASELINE_NO_ENTITY_RANKING,,,NOT_APPLICABLE_GLOBAL_BASELINE,HF9g-P5,,,,X 全窗基线 · 不参与实体赏罚,8398199,840,A168_HF9F_20260827_0900,2026-08-27 09:00:00
2026-07-26,129740297,-1,1,221.1503086291,-66.2224584066,-66.2224584066,0.3500000,22,22,0.50238540909090909,0.502385409091,-1.3629920454445097,-1.362992045445324,-1.3629920454445097,-9.091E-14,SENTINEL_DEALER,R03b_20260811_FULL_v1,L1_ELIGIBILITY,v2026-08-11,2026-03-21..2026-08-06,baccarat_bet02_101_all_pairs_incl_sentinel,round_win = game_pnl > 0 (decisive only),COMPATIBILITY_ONLY_NOT_PRODUCTION,42404.8770,37633.9694,483.2517,2200,2196,-0.01139613,0.00825174,-0.01739291,-0.01139613,-483.2517,42404.8770,OK,0.0000,19.3301,4.0000,96.0000,AG03-UNRESOLVED,ALL5_LEVELS_bet23_to_bet27,19.3301,19.3301,19.3301,24.1626,24.1626,4.000000,4.000000,4.000000,5.000000,5.000000,96.000000,96.000000,96.000000,95.000000,95.000000,5.0,106.3154,97.3877,376.9363,385.864,PENDING_AG03,FALSE,NOT_FOR_ENFORCEMENT,463.9216,36128.6106,483.2517,463.9216,19.3301,0.01139613,0.01094029,19.3301,463.9216,0.01094029,19.3301,19.3301,19.3301,24.1626,24.1626,463.9216,0.01094029,106.3154,97.3877,376.9363,385.864,0.00888898,0.00909952,0.00045585,19.2749,17.1375,0.2201,5.7530,0.6409,504.8200,26.1429,7.1751,39.7174,2.9515,6.1317,20.2037,44.018,88.0359,220.0898,5.1098,0.0,14.357485,35.893712,3.143486,29,158,125,3,0.23384124,0.01139613,-0.00825174,0E-8,0.000000,0.887492,0.846818,0.02564465,2026-03-24,2026-08-06,84,754,547,136,0.617647,0.180654,0.372251,0.779471,,,,,,,,GLOBAL_BASELINE_NO_ENTITY_RANKING,,,NOT_APPLICABLE_GLOBAL_BASELINE,HF9g-P5,,,,X 全窗基线 · 不参与实体赏罚,8398200,840,A168_HF9F_20260827_0900,2026-08-27 09:00:00
2026-07-26,129740297,1094,0,58.4556268650,-3.6790254671,-3.6790254671,0.5000000,8,8,0.49324550000000000,0.493245500000,0.03309317671092531,0.03309317671092531,0.03309317671092531,0E-17,ELIGIBLE,R03b_20260811_FULL_v1,L1_ELIGIBILITY,v2026-08-11,2026-03-21..2026-08-06,baccarat_bet02_101_all_pairs_incl_sentinel,round_win = game_pnl > 0 (decisive only),COMPATIBILITY_ONLY_NOT_PRODUCTION,42404.8770,37633.9694,483.2517,2200,2196,-0.01139613,0.00825174,-0.01739291,-0.01139613,-483.2517,42404.8770,OK,0.0000,19.3301,4.0000,96.0000,AG03-UNRESOLVED,ALL5_LEVELS_bet23_to_bet27,19.3301,19.3301,19.3301,24.1626,24.1626,4.000000,4.000000,4.000000,5.000000,5.000000,96.000000,96.000000,96.000000,95.000000,95.000000,5.0,106.3154,97.3877,376.9363,385.864,PENDING_AG03,FALSE,NOT_FOR_ENFORCEMENT,463.9216,36128.6106,483.2517,463.9216,19.3301,0.01139613,0.01094029,19.3301,463.9216,0.01094029,19.3301,19.3301,19.3301,24.1626,24.1626,463.9216,0.01094029,106.3154,97.3877,376.9363,385.864,0.00888898,0.00909952,0.00045585,19.2749,17.1375,0.2201,5.7530,0.6409,504.8200,26.1429,7.1751,39.7174,2.9515,6.1317,20.2037,44.018,88.0359,220.0898,5.1098,0.0,14.357485,35.893712,3.143486,29,158,125,3,0.23384124,0.01139613,-0.00825174,0E-8,0.000000,0.887492,0.846818,0.02564465,2026-03-24,2026-08-06,84,754,547,136,0.617647,0.180654,0.372251,0.779471,,,,,,,,GLOBAL_BASELINE_NO_ENTITY_RANKING,,,NOT_APPLICABLE_GLOBAL_BASELINE,HF9g-P5,,,,X 全窗基线 · 不参与实体赏罚,8398201,840,A168_HF9F_20260827_0900,2026-08-27 09:00:00
2026-07-26,129740297,1299,0,4.0878060745,-4.0878060745,-4.0878060745,0E-7,1,1,0.50665070000000000,0.506650700000,-1.013391052207602,-1.013391052207602,-1.013391052207602,0E-17,ELIGIBLE,R03b_20260811_FULL_v1,L1_ELIGIBILITY,v2026-08-11,2026-03-21..2026-08-06,baccarat_bet02_101_all_pairs_incl_sentinel,round_win = game_pnl > 0 (decisive only),COMPATIBILITY_ONLY_NOT_PRODUCTION,42404.8770,37633.9694,483.2517,2200,2196,-0.01139613,0.00825174,-0.01739291,-0.01139613,-483.2517,42404.8770,OK,0.0000,19.3301,4.0000,96.0000,AG03-UNRESOLVED,ALL5_LEVELS_bet23_to_bet27,19.3301,19.3301,19.3301,24.1626,24.1626,4.000000,4.000000,4.000000,5.000000,5.000000,96.000000,96.000000,96.000000,95.000000,95.000000,5.0,106.3154,97.3877,376.9363,385.864,PENDING_AG03,FALSE,NOT_FOR_ENFORCEMENT,463.9216,36128.6106,483.2517,463.9216,19.3301,0.01139613,0.01094029,19.3301,463.9216,0.01094029,19.3301,19.3301,19.3301,24.1626,24.1626,463.9216,0.01094029,106.3154,97.3877,376.9363,385.864,0.00888898,0.00909952,0.00045585,19.2749,17.1375,0.2201,5.7530,0.6409,504.8200,26.1429,7.1751,39.7174,2.9515,6.1317,20.2037,44.018,88.0359,220.0898,5.1098,0.0,14.357485,35.893712,3.143486,29,158,125,3,0.23384124,0.01139613,-0.00825174,0E-8,0.000000,0.887492,0.846818,0.02564465,2026-03-24,2026-08-06,84,754,547,136,0.617647,0.180654,0.372251,0.779471,,,,,,,,GLOBAL_BASELINE_NO_ENTITY_RANKING,,,NOT_APPLICABLE_GLOBAL_BASELINE,HF9g-P5,,,,X 全窗基线 · 不参与实体赏罚,8398202,840,A168_HF9F_20260827_0900,2026-08-27 09:00:00
2026-07-26,129740297,1400,0,49.0536728936,-12.2634182234,-12.2634182234,0.2500000,5,5,0.50128862000000000,0.501288620000,-1.0051578182180947,-1.0051578182180947,-1.0051578182180947,0E-17,ELIGIBLE,R03b_20260811_FULL_v1,L1_ELIGIBILITY,v2026-08-11,2026-03-21..2026-08-06,baccarat_bet02_101_all_pairs_incl_sentinel,round_win = game_pnl > 0 (decisive only),COMPATIBILITY_ONLY_NOT_PRODUCTION,42404.8770,37633.9694,483.2517,2200,2196,-0.01139613,0.00825174,-0.01739291,-0.01139613,-483.2517,42404.8770,OK,0.0000,19.3301,4.0000,96.0000,AG03-UNRESOLVED,ALL5_LEVELS_bet23_to_bet27,19.3301,19.3301,19.3301,24.1626,24.1626,4.000000,4.000000,4.000000,5.000000,5.000000,96.000000,96.000000,96.000000,95.000000,95.000000,5.0,106.3154,97.3877,376.9363,385.864,PENDING_AG03,FALSE,NOT_FOR_ENFORCEMENT,463.9216,36128.6106,483.2517,463.9216,19.3301,0.01139613,0.01094029,19.3301,463.9216,0.01094029,19.3301,19.3301,19.3301,24.1626,24.1626,463.9216,0.01094029,106.3154,97.3877,376.9363,385.864,0.00888898,0.00909952,0.00045585,19.2749,17.1375,0.2201,5.7530,0.6409,504.8200,26.1429,7.1751,39.7174,2.9515,6.1317,20.2037,44.018,88.0359,220.0898,5.1098,0.0,14.357485,35.893712,3.143486,29,158,125,3,0.23384124,0.01139613,-0.00825174,0E-8,0.000000,0.887492,0.846818,0.02564465,2026-03-24,2026-08-06,84,754,547,136,0.617647,0.180654,0.372251,0.779471,,,,,,,,GLOBAL_BASELINE_NO_ENTITY_RANKING,,,NOT_APPLICABLE_GLOBAL_BASELINE,HF9g-P5,,,,X 全窗基线 · 不参与实体赏罚,8398203,840,A168_HF9F_20260827_0900,2026-08-27 09:00:00
2026-07-26,129740297,1402,0,70.5146547848,-11.2414667048,-11.2414667048,0.2000000,5,5,0.49592654000000000,0.495926540000,-1.323467641100715,-1.323467641100715,-1.323467641100715,0E-17,ELIGIBLE,R03b_20260811_FULL_v1,L1_ELIGIBILITY,v2026-08-11,2026-03-21..2026-08-06,baccarat_bet02_101_all_pairs_incl_sentinel,round_win = game_pnl > 0 (decisive only),COMPATIBILITY_ONLY_NOT_PRODUCTION,42404.8770,37633.9694,483.2517,2200,2196,-0.01139613,0.00825174,-0.01739291,-0.01139613,-483.2517,42404.8770,OK,0.0000,19.3301,4.0000,96.0000,AG03-UNRESOLVED,ALL5_LEVELS_bet23_to_bet27,19.3301,19.3301,19.3301,24.1626,24.1626,4.000000,4.000000,4.000000,5.000000,5.000000,96.000000,96.000000,96.000000,95.000000,95.000000,5.0,106.3154,97.3877,376.9363,385.864,PENDING_AG03,FALSE,NOT_FOR_ENFORCEMENT,463.9216,36128.6106,483.2517,463.9216,19.3301,0.01139613,0.01094029,19.3301,463.9216,0.01094029,19.3301,19.3301,19.3301,24.1626,24.1626,463.9216,0.01094029,106.3154,97.3877,376.9363,385.864,0.00888898,0.00909952,0.00045585,19.2749,17.1375,0.2201,5.7530,0.6409,504.8200,26.1429,7.1751,39.7174,2.9515,6.1317,20.2037,44.018,88.0359,220.0898,5.1098,0.0,14.357485,35.893712,3.143486,29,158,125,3,0.23384124,0.01139613,-0.00825174,0E-8,0.000000,0.887492,0.846818,0.02564465,2026-03-24,2026-08-06,84,754,547,136,0.617647,0.180654,0.372251,0.779471,,,,,,,,GLOBAL_BASELINE_NO_ENTITY_RANKING,,,NOT_APPLICABLE_GLOBAL_BASELINE,HF9g-P5,,,,X 全窗基线 · 不参与实体赏罚,8398204,840,A168_HF9F_20260827_0900,2026-08-27 09:00:00
2026-07-26,129740297,1491,0,6.1317091117,6.1317091117,6.1317091117,1.0000000,1,1,0.49324550000000000,0.493245500000,1.01360149184955,1.01360149184955,1.01360149184955,0E-17,ELIGIBLE,R03b_20260811_FULL_v1,L1_ELIGIBILITY,v2026-08-11,2026-03-21..2026-08-06,baccarat_bet02_101_all_pairs_incl_sentinel,round_win = game_pnl > 0 (decisive only),COMPATIBILITY_ONLY_NOT_PRODUCTION,42404.8770,37633.9694,483.2517,2200,2196,-0.01139613,0.00825174,-0.01739291,-0.01139613,-483.2517,42404.8770,OK,0.0000,19.3301,4.0000,96.0000,AG03-UNRESOLVED,ALL5_LEVELS_bet23_to_bet27,19.3301,19.3301,19.3301,24.1626,24.1626,4.000000,4.000000,4.000000,5.000000,5.000000,96.000000,96.000000,96.000000,95.000000,95.000000,5.0,106.3154,97.3877,376.9363,385.864,PENDING_AG03,FALSE,NOT_FOR_ENFORCEMENT,463.9216,36128.6106,483.2517,463.9216,19.3301,0.01139613,0.01094029,19.3301,463.9216,0.01094029,19.3301,19.3301,19.3301,24.1626,24.1626,463.9216,0.01094029,106.3154,97.3877,376.9363,385.864,0.00888898,0.00909952,0.00045585,19.2749,17.1375,0.2201,5.7530,0.6409,504.8200,26.1429,7.1751,39.7174,2.9515,6.1317,20.2037,44.018,88.0359,220.0898,5.1098,0.0,14.357485,35.893712,3.143486,29,158,125,3,0.23384124,0.01139613,-0.00825174,0E-8,0.000000,0.887492,0.846818,0.02564465,2026-03-24,2026-08-06,84,754,547,136,0.617647,0.180654,0.372251,0.779471,,,,,,,,GLOBAL_BASELINE_NO_ENTITY_RANKING,,,NOT_APPLICABLE_GLOBAL_BASELINE,HF9g-P5,,,,X 全窗基线 · 不参与实体赏罚,8398205,840,A168_HF9F_20260827_0900,2026-08-27 09:00:00
2026-07-26,129740297,1704,0,2.0439030372,-2.0439030372,-2.0439030372,0E-7,1,1,0.50665070000000000,0.506650700000,-1.013391052207602,-1.013391052207602,-1.013391052207602,0E-17,ELIGIBLE,R03b_20260811_FULL_v1,L1_ELIGIBILITY,v2026-08-11,2026-03-21..2026-08-06,baccarat_bet02_101_all_pairs_incl_sentinel,round_win = game_pnl > 0 (decisive only),COMPATIBILITY_ONLY_NOT_PRODUCTION,42404.8770,37633.9694,483.2517,2200,2196,-0.01139613,0.00825174,-0.01739291,-0.01139613,-483.2517,42404.8770,OK,0.0000,19.3301,4.0000,96.0000,AG03-UNRESOLVED,ALL5_LEVELS_bet23_to_bet27,19.3301,19.3301,19.3301,24.1626,24.1626,4.000000,4.000000,4.000000,5.000000,5.000000,96.000000,96.000000,96.000000,95.000000,95.000000,5.0,106.3154,97.3877,376.9363,385.864,PENDING_AG03,FALSE,NOT_FOR_ENFORCEMENT,463.9216,36128.6106,483.2517,463.9216,19.3301,0.01139613,0.01094029,19.3301,463.9216,0.01094029,19.3301,19.3301,19.3301,24.1626,24.1626,463.9216,0.01094029,106.3154,97.3877,376.9363,385.864,0.00888898,0.00909952,0.00045585,19.2749,17.1375,0.2201,5.7530,0.6409,504.8200,26.1429,7.1751,39.7174,2.9515,6.1317,20.2037,44.018,88.0359,220.0898,5.1098,0.0,14.357485,35.893712,3.143486,29,158,125,3,0.23384124,0.01139613,-0.00825174,0E-8,0.000000,0.887492,0.846818,0.02564465,2026-03-24,2026-08-06,84,754,547,136,0.617647,0.180654,0.372251,0.779471,,,,,,,,GLOBAL_BASELINE_NO_ENTITY_RANKING,,,NOT_APPLICABLE_GLOBAL_BASELINE,HF9g-P5,,,,X 全窗基线 · 不参与实体赏罚,8398206,840,A168_HF9F_20260827_0900,2026-08-27 09:00:00
2026-07-26,129740297,1957,0,6.1317091117,-6.1317091117,-6.1317091117,0E-7,1,1,0.49324550000000000,0.493245500000,-0.9865810262130424,-0.9865810262130424,-0.9865810262130424,0E-17,ELIGIBLE,R03b_20260811_FULL_v1,L1_ELIGIBILITY,v2026-08-11,2026-03-21..2026-08-06,baccarat_bet02_101_all_pairs_incl_sentinel,round_win = game_pnl > 0 (decisive only),COMPATIBILITY_ONLY_NOT_PRODUCTION,42404.8770,37633.9694,483.2517,2200,2196,-0.01139613,0.00825174,-0.01739291,-0.01139613,-483.2517,42404.8770,OK,0.0000,19.3301,4.0000,96.0000,AG03-UNRESOLVED,ALL5_LEVELS_bet23_to_bet27,19.3301,19.3301,19.3301,24.1626,24.1626,4.000000,4.000000,4.000000,5.000000,5.000000,96.000000,96.000000,96.000000,95.000000,95.000000,5.0,106.3154,97.3877,376.9363,385.864,PENDING_AG03,FALSE,NOT_FOR_ENFORCEMENT,463.9216,36128.6106,483.2517,463.9216,19.3301,0.01139613,0.01094029,19.3301,463.9216,0.01094029,19.3301,19.3301,19.3301,24.1626,24.1626,463.9216,0.01094029,106.3154,97.3877,376.9363,385.864,0.00888898,0.00909952,0.00045585,19.2749,17.1375,0.2201,5.7530,0.6409,504.8200,26.1429,7.1751,39.7174,2.9515,6.1317,20.2037,44.018,88.0359,220.0898,5.1098,0.0,14.357485,35.893712,3.143486,29,158,125,3,0.23384124,0.01139613,-0.00825174,0E-8,0.000000,0.887492,0.846818,0.02564465,2026-03-24,2026-08-06,84,754,547,136,0.617647,0.180654,0.372251,0.779471,,,,,,,,GLOBAL_BASELINE_NO_ENTITY_RANKING,,,NOT_APPLICABLE_GLOBAL_BASELINE,HF9g-P5,,,,X 全窗基线 · 不参与实体赏罚,8398207,840,A168_HF9F_20260827_0900,2026-08-27 09:00:00
2026-07-26,129740297,2142,0,58.2512365612,-27.5926910027,-27.5926910027,0.1666667,7,7,0.49707555714285714,0.497075557143,-1.6186940638566263,-1.6186940638573235,-1.6186940638566263,-1.4286E-13,ELIGIBLE,R03b_20260811_FULL_v1,L1_ELIGIBILITY,v2026-08-11,2026-03-21..2026-08-06,baccarat_bet02_101_all_pairs_incl_sentinel,round_win = game_pnl > 0 (decisive only),COMPATIBILITY_ONLY_NOT_PRODUCTION,42404.8770,37633.9694,483.2517,2200,2196,-0.01139613,0.00825174,-0.01739291,-0.01139613,-483.2517,42404.8770,OK,0.0000,19.3301,4.0000,96.0000,AG03-UNRESOLVED,ALL5_LEVELS_bet23_to_bet27,19.3301,19.3301,19.3301,24.1626,24.1626,4.000000,4.000000,4.000000,5.000000,5.000000,96.000000,96.000000,96.000000,95.000000,95.000000,5.0,106.3154,97.3877,376.9363,385.864,PENDING_AG03,FALSE,NOT_FOR_ENFORCEMENT,463.9216,36128.6106,483.2517,463.9216,19.3301,0.01139613,0.01094029,19.3301,463.9216,0.01094029,19.3301,19.3301,19.3301,24.1626,24.1626,463.9216,0.01094029,106.3154,97.3877,376.9363,385.864,0.00888898,0.00909952,0.00045585,19.2749,17.1375,0.2201,5.7530,0.6409,504.8200,26.1429,7.1751,39.7174,2.9515,6.1317,20.2037,44.018,88.0359,220.0898,5.1098,0.0,14.357485,35.893712,3.143486,29,158,125,3,0.23384124,0.01139613,-0.00825174,0E-8,0.000000,0.887492,0.846818,0.02564465,2026-03-24,2026-08-06,84,754,547,136,0.617647,0.180654,0.372251,0.779471,,,,,,,,GLOBAL_BASELINE_NO_ENTITY_RANKING,,,NOT_APPLICABLE_GLOBAL_BASELINE,HF9g-P5,,,,X 全窗基线 · 不参与实体赏罚,8398208,840,A168_HF9F_20260827_0900,2026-08-27 09:00:00
2026-07-26,129740297,2145,0,18.3951273351,6.1317091117,6.1317091117,0.5000000,2,2,0.49324550000000000,0.493245500000,0.01910635448239258,0.01910635448239258,0.01910635448239258,0E-17,ELIGIBLE,R03b_20260811_FULL_v1,L1_ELIGIBILITY,v2026-08-11,2026-03-21..2026-08-06,baccarat_bet02_101_all_pairs_incl_sentinel,round_win = game_pnl > 0 (decisive only),COMPATIBILITY_ONLY_NOT_PRODUCTION,42404.8770,37633.9694,483.2517,2200,2196,-0.01139613,0.00825174,-0.01739291,-0.01139613,-483.2517,42404.8770,OK,0.0000,19.3301,4.0000,96.0000,AG03-UNRESOLVED,ALL5_LEVELS_bet23_to_bet27,19.3301,19.3301,19.3301,24.1626,24.1626,4.000000,4.000000,4.000000,5.000000,5.000000,96.000000,96.000000,96.000000,95.000000,95.000000,5.0,106.3154,97.3877,376.9363,385.864,PENDING_AG03,FALSE,NOT_FOR_ENFORCEMENT,463.9216,36128.6106,483.2517,463.9216,19.3301,0.01139613,0.01094029,19.3301,463.9216,0.01094029,19.3301,19.3301,19.3301,24.1626,24.1626,463.9216,0.01094029,106.3154,97.3877,376.9363,385.864,0.00888898,0.00909952,0.00045585,19.2749,17.1375,0.2201,5.7530,0.6409,504.8200,26.1429,7.1751,39.7174,2.9515,6.1317,20.2037,44.018,88.0359,220.0898,5.1098,0.0,14.357485,35.893712,3.143486,29,158,125,3,0.23384124,0.01139613,-0.00825174,0E-8,0.000000,0.887492,0.846818,0.02564465,2026-03-24,2026-08-06,84,754,547,136,0.617647,0.180654,0.372251,0.779471,,,,,,,,GLOBAL_BASELINE_NO_ENTITY_RANKING,,,NOT_APPLICABLE_GLOBAL_BASELINE,HF9g-P5,,,,X 全窗基线 · 不参与实体赏罚,8398209,840,A168_HF9F_20260827_0900,2026-08-27 09:00:00
2026-07-26,129740297,2171,0,3.0658545559,-3.0658545559,-3.0658545559,0E-7,1,1,0.49324550000000000,0.493245500000,-0.9865810262130424,-0.9865810262130424,-0.9865810262130424,0E-17,ELIGIBLE,R03b_20260811_FULL_v1,L1_ELIGIBILITY,v2026-08-11,2026-03-21..2026-08-06,baccarat_bet02_101_all_pairs_incl_sentinel,round_win = game_pnl > 0 (decisive only),COMPATIBILITY_ONLY_NOT_PRODUCTION,42404.8770,37633.9694,483.2517,2200,2196,-0.01139613,0.00825174,-0.01739291,-0.01139613,-483.2517,42404.8770,OK,0.0000,19.3301,4.0000,96.0000,AG03-UNRESOLVED,ALL5_LEVELS_bet23_to_bet27,19.3301,19.3301,19.3301,24.1626,24.1626,4.000000,4.000000,4.000000,5.000000,5.000000,96.000000,96.000000,96.000000,95.000000,95.000000,5.0,106.3154,97.3877,376.9363,385.864,PENDING_AG03,FALSE,NOT_FOR_ENFORCEMENT,463.9216,36128.6106,483.2517,463.9216,19.3301,0.01139613,0.01094029,19.3301,463.9216,0.01094029,19.3301,19.3301,19.3301,24.1626,24.1626,463.9216,0.01094029,106.3154,97.3877,376.9363,385.864,0.00888898,0.00909952,0.00045585,19.2749,17.1375,0.2201,5.7530,0.6409,504.8200,26.1429,7.1751,39.7174,2.9515,6.1317,20.2037,44.018,88.0359,220.0898,5.1098,0.0,14.357485,35.893712,3.143486,29,158,125,3,0.23384124,0.01139613,-0.00825174,0E-8,0.000000,0.887492,0.846818,0.02564465,2026-03-24,2026-08-06,84,754,547,136,0.617647,0.180654,0.372251,0.779471,,,,,,,,GLOBAL_BASELINE_NO_ENTITY_RANKING,,,NOT_APPLICABLE_GLOBAL_BASELINE,HF9g-P5,,,,X 全窗基线 · 不参与实体赏罚,8398210,840,A168_HF9F_20260827_0900,2026-08-27 09:00:00
2026-07-26,129740297,2188,0,36.7902546702,24.5268364468,24.5268364468,0.7500000,4,4,0.49659680000000000,0.496596800000,1.0136362796769356,1.0136362796769358,1.0136362796769356,0E-17,ELIGIBLE,R03b_20260811_FULL_v1,L1_ELIGIBILITY,v2026-08-11,2026-03-21..2026-08-06,baccarat_bet02_101_all_pairs_incl_sentinel,round_win = game_pnl > 0 (decisive only),COMPATIBILITY_ONLY_NOT_PRODUCTION,42404.8770,37633.9694,483.2517,2200,2196,-0.01139613,0.00825174,-0.01739291,-0.01139613,-483.2517,42404.8770,OK,0.0000,19.3301,4.0000,96.0000,AG03-UNRESOLVED,ALL5_LEVELS_bet23_to_bet27,19.3301,19.3301,19.3301,24.1626,24.1626,4.000000,4.000000,4.000000,5.000000,5.000000,96.000000,96.000000,96.000000,95.000000,95.000000,5.0,106.3154,97.3877,376.9363,385.864,PENDING_AG03,FALSE,NOT_FOR_ENFORCEMENT,463.9216,36128.6106,483.2517,463.9216,19.3301,0.01139613,0.01094029,19.3301,463.9216,0.01094029,19.3301,19.3301,19.3301,24.1626,24.1626,463.9216,0.01094029,106.3154,97.3877,376.9363,385.864,0.00888898,0.00909952,0.00045585,19.2749,17.1375,0.2201,5.7530,0.6409,504.8200,26.1429,7.1751,39.7174,2.9515,6.1317,20.2037,44.018,88.0359,220.0898,5.1098,0.0,14.357485,35.893712,3.143486,29,158,125,3,0.23384124,0.01139613,-0.00825174,0E-8,0.000000,0.887492,0.846818,0.02564465,2026-03-24,2026-08-06,84,754,547,136,0.617647,0.180654,0.372251,0.779471,,,,,,,,GLOBAL_BASELINE_NO_ENTITY_RANKING,,,NOT_APPLICABLE_GLOBAL_BASELINE,HF9g-P5,,,,X 全窗基线 · 不参与实体赏罚,8398211,840,A168_HF9F_20260827_0900,2026-08-27 09:00:00
2026-07-26,129740297,2196,0,36.7902546702,6.1317091117,6.1317091117,0.5000000,4,4,0.49324550000000000,0.493245500000,0.01910635448239258,0.01910635448239258,0.01910635448239258,0E-17,ELIGIBLE,R03b_20260811_FULL_v1,L1_ELIGIBILITY,v2026-08-11,2026-03-21..2026-08-06,baccarat_bet02_101_all_pairs_incl_sentinel,round_win = game_pnl > 0 (decisive only),COMPATIBILITY_ONLY_NOT_PRODUCTION,42404.8770,37633.9694,483.2517,2200,2196,-0.01139613,0.00825174,-0.01739291,-0.01139613,-483.2517,42404.8770,OK,0.0000,19.3301,4.0000,96.0000,AG03-UNRESOLVED,ALL5_LEVELS_bet23_to_bet27,19.3301,19.3301,19.3301,24.1626,24.1626,4.000000,4.000000,4.000000,5.000000,5.000000,96.000000,96.000000,96.000000,95.000000,95.000000,5.0,106.3154,97.3877,376.9363,385.864,PENDING_AG03,FALSE,NOT_FOR_ENFORCEMENT,463.9216,36128.6106,483.2517,463.9216,19.3301,0.01139613,0.01094029,19.3301,463.9216,0.01094029,19.3301,19.3301,19.3301,24.1626,24.1626,463.9216,0.01094029,106.3154,97.3877,376.9363,385.864,0.00888898,0.00909952,0.00045585,19.2749,17.1375,0.2201,5.7530,0.6409,504.8200,26.1429,7.1751,39.7174,2.9515,6.1317,20.2037,44.018,88.0359,220.0898,5.1098,0.0,14.357485,35.893712,3.143486,29,158,125,3,0.23384124,0.01139613,-0.00825174,0E-8,0.000000,0.887492,0.846818,0.02564465,2026-03-24,2026-08-06,84,754,547,136,0.617647,0.180654,0.372251,0.779471,,,,,,,,GLOBAL_BASELINE_NO_ENTITY_RANKING,,,NOT_APPLICABLE_GLOBAL_BASELINE,HF9g-P5,,,,X 全窗基线 · 不参与实体赏罚,8398212,840,A168_HF9F_20260827_0900,2026-08-27 09:00:00
2026-07-26,129740297,2216,0,66.4268487103,-5.1097575931,-5.1097575931,0.5000000,5,5,0.49324550000000000,0.493245500000,0.027020465636507562,0.027020465636507562,0.027020465636507562,0E-17,ELIGIBLE,R03b_20260811_FULL_v1,L1_ELIGIBILITY,v2026-08-11,2026-03-21..2026-08-06,baccarat_bet02_101_all_pairs_incl_sentinel,round_win = game_pnl > 0 (decisive only),COMPATIBILITY_ONLY_NOT_PRODUCTION,42404.8770,37633.9694,483.2517,2200,2196,-0.01139613,0.00825174,-0.01739291,-0.01139613,-483.2517,42404.8770,OK,0.0000,19.3301,4.0000,96.0000,AG03-UNRESOLVED,ALL5_LEVELS_bet23_to_bet27,19.3301,19.3301,19.3301,24.1626,24.1626,4.000000,4.000000,4.000000,5.000000,5.000000,96.000000,96.000000,96.000000,95.000000,95.000000,5.0,106.3154,97.3877,376.9363,385.864,PENDING_AG03,FALSE,NOT_FOR_ENFORCEMENT,463.9216,36128.6106,483.2517,463.9216,19.3301,0.01139613,0.01094029,19.3301,463.9216,0.01094029,19.3301,19.3301,19.3301,24.1626,24.1626,463.9216,0.01094029,106.3154,97.3877,376.9363,385.864,0.00888898,0.00909952,0.00045585,19.2749,17.1375,0.2201,5.7530,0.6409,504.8200,26.1429,7.1751,39.7174,2.9515,6.1317,20.2037,44.018,88.0359,220.0898,5.1098,0.0,14.357485,35.893712,3.143486,29,158,125,3,0.23384124,0.01139613,-0.00825174,0E-8,0.000000,0.887492,0.846818,0.02564465,2026-03-24,2026-08-06,84,754,547,136,0.617647,0.180654,0.372251,0.779471,,,,,,,,GLOBAL_BASELINE_NO_ENTITY_RANKING,,,NOT_APPLICABLE_GLOBAL_BASELINE,HF9g-P5,,,,X 全窗基线 · 不参与实体赏罚,8398213,840,A168_HF9F_20260827_0900,2026-08-27 09:00:00
2026-07-26,129740297,2229,0,6.1317091117,6.1317091117,6.1317091117,1.0000000,1,1,0.50665070000000000,0.506650700000,0.9867858985152569,0.9867858985152569,0.9867858985152569,0E-17,ELIGIBLE,R03b_20260811_FULL_v1,L1_ELIGIBILITY,v2026-08-11,2026-03-21..2026-08-06,baccarat_bet02_101_all_pairs_incl_sentinel,round_win = game_pnl > 0 (decisive only),COMPATIBILITY_ONLY_NOT_PRODUCTION,42404.8770,37633.9694,483.2517,2200,2196,-0.01139613,0.00825174,-0.01739291,-0.01139613,-483.2517,42404.8770,OK,0.0000,19.3301,4.0000,96.0000,AG03-UNRESOLVED,ALL5_LEVELS_bet23_to_bet27,19.3301,19.3301,19.3301,24.1626,24.1626,4.000000,4.000000,4.000000,5.000000,5.000000,96.000000,96.000000,96.000000,95.000000,95.000000,5.0,106.3154,97.3877,376.9363,385.864,PENDING_AG03,FALSE,NOT_FOR_ENFORCEMENT,463.9216,36128.6106,483.2517,463.9216,19.3301,0.01139613,0.01094029,19.3301,463.9216,0.01094029,19.3301,19.3301,19.3301,24.1626,24.1626,463.9216,0.01094029,106.3154,97.3877,376.9363,385.864,0.00888898,0.00909952,0.00045585,19.2749,17.1375,0.2201,5.7530,0.6409,504.8200,26.1429,7.1751,39.7174,2.9515,6.1317,20.2037,44.018,88.0359,220.0898,5.1098,0.0,14.357485,35.893712,3.143486,29,158,125,3,0.23384124,0.01139613,-0.00825174,0E-8,0.000000,0.887492,0.846818,0.02564465,2026-03-24,2026-08-06,84,754,547,136,0.617647,0.180654,0.372251,0.779471,,,,,,,,GLOBAL_BASELINE_NO_ENTITY_RANKING,,,NOT_APPLICABLE_GLOBAL_BASELINE,HF9g-P5,,,,X 全窗基线 · 不参与实体赏罚,8398214,840,A168_HF9F_20260827_0900,2026-08-27 09:00:00
2026-07-26,129740297,2261,0,36.9946449740,11.8546376161,11.8546376161,0.6666667,3,3,0.50665070000000000,0.506650700000,0.5543606114942035,0.5543606114942035,0.5543606114942035,0E-17,ELIGIBLE,R03b_20260811_FULL_v1,L1_ELIGIBILITY,v2026-08-11,2026-03-21..2026-08-06,baccarat_bet02_101_all_pairs_incl_sentinel,round_win = game_pnl > 0 (decisive only),COMPATIBILITY_ONLY_NOT_PRODUCTION,42404.8770,37633.9694,483.2517,2200,2196,-0.01139613,0.00825174,-0.01739291,-0.01139613,-483.2517,42404.8770,OK,0.0000,19.3301,4.0000,96.0000,AG03-UNRESOLVED,ALL5_LEVELS_bet23_to_bet27,19.3301,19.3301,19.3301,24.1626,24.1626,4.000000,4.000000,4.000000,5.000000,5.000000,96.000000,96.000000,96.000000,95.000000,95.000000,5.0,106.3154,97.3877,376.9363,385.864,PENDING_AG03,FALSE,NOT_FOR_ENFORCEMENT,463.9216,36128.6106,483.2517,463.9216,19.3301,0.01139613,0.01094029,19.3301,463.9216,0.01094029,19.3301,19.3301,19.3301,24.1626,24.1626,463.9216,0.01094029,106.3154,97.3877,376.9363,385.864,0.00888898,0.00909952,0.00045585,19.2749,17.1375,0.2201,5.7530,0.6409,504.8200,26.1429,7.1751,39.7174,2.9515,6.1317,20.2037,44.018,88.0359,220.0898,5.1098,0.0,14.357485,35.893712,3.143486,29,158,125,3,0.23384124,0.01139613,-0.00825174,0E-8,0.000000,0.887492,0.846818,0.02564465,2026-03-24,2026-08-06,84,754,547,136,0.617647,0.180654,0.372251,0.779471,,,,,,,,GLOBAL_BASELINE_NO_ENTITY_RANKING,,,NOT_APPLICABLE_GLOBAL_BASELINE,HF9g-P5,,,,X 全窗基线 · 不参与实体赏罚,8398215,840,A168_HF9F_20260827_0900,2026-08-27 09:00:00
2026-07-26,129740297,2267,0,18.3951273352,5.1097575931,5.1097575931,1.0000000,2,2,0.50665070000000000,0.506650700000,0.9867858985152569,0.9867858985152569,0.9867858985152569,0E-17,ELIGIBLE,R03b_20260811_FULL_v1,L1_ELIGIBILITY,v2026-08-11,2026-03-21..2026-08-06,baccarat_bet02_101_all_pairs_incl_sentinel,round_win = game_pnl > 0 (decisive only),COMPATIBILITY_ONLY_NOT_PRODUCTION,42404.8770,37633.9694,483.2517,2200,2196,-0.01139613,0.00825174,-0.01739291,-0.01139613,-483.2517,42404.8770,OK,0.0000,19.3301,4.0000,96.0000,AG03-UNRESOLVED,ALL5_LEVELS_bet23_to_bet27,19.3301,19.3301,19.3301,24.1626,24.1626,4.000000,4.000000,4.000000,5.000000,5.000000,96.000000,96.000000,96.000000,95.000000,95.000000,5.0,106.3154,97.3877,376.9363,385.864,PENDING_AG03,FALSE,NOT_FOR_ENFORCEMENT,463.9216,36128.6106,483.2517,463.9216,19.3301,0.01139613,0.01094029,19.3301,463.9216,0.01094029,19.3301,19.3301,19.3301,24.1626,24.1626,463.9216,0.01094029,106.3154,97.3877,376.9363,385.864,0.00888898,0.00909952,0.00045585,19.2749,17.1375,0.2201,5.7530,0.6409,504.8200,26.1429,7.1751,39.7174,2.9515,6.1317,20.2037,44.018,88.0359,220.0898,5.1098,0.0,14.357485,35.893712,3.143486,29,158,125,3,0.23384124,0.01139613,-0.00825174,0E-8,0.000000,0.887492,0.846818,0.02564465,2026-03-24,2026-08-06,84,754,547,136,0.617647,0.180654,0.372251,0.779471,,,,,,,,GLOBAL_BASELINE_NO_ENTITY_RANKING,,,NOT_APPLICABLE_GLOBAL_BASELINE,HF9g-P5,,,,X 全窗基线 · 不参与实体赏罚,8398216,840,A168_HF9F_20260827_0900,2026-08-27 09:00:00
2026-07-26,129740297,2271,0,6.1317091117,6.1317091117,6.1317091117,1.0000000,1,1,0.50665070000000000,0.506650700000,0.9867858985152569,0.9867858985152569,0.9867858985152569,0E-17,ELIGIBLE,R03b_20260811_FULL_v1,L1_ELIGIBILITY,v2026-08-11,2026-03-21..2026-08-06,baccarat_bet02_101_all_pairs_incl_sentinel,round_win = game_pnl > 0 (decisive only),COMPATIBILITY_ONLY_NOT_PRODUCTION,42404.8770,37633.9694,483.2517,2200,2196,-0.01139613,0.00825174,-0.01739291,-0.01139613,-483.2517,42404.8770,OK,0.0000,19.3301,4.0000,96.0000,AG03-UNRESOLVED,ALL5_LEVELS_bet23_to_bet27,19.3301,19.3301,19.3301,24.1626,24.1626,4.000000,4.000000,4.000000,5.000000,5.000000,96.000000,96.000000,96.000000,95.000000,95.000000,5.0,106.3154,97.3877,376.9363,385.864,PENDING_AG03,FALSE,NOT_FOR_ENFORCEMENT,463.9216,36128.6106,483.2517,463.9216,19.3301,0.01139613,0.01094029,19.3301,463.9216,0.01094029,19.3301,19.3301,19.3301,24.1626,24.1626,463.9216,0.01094029,106.3154,97.3877,376.9363,385.864,0.00888898,0.00909952,0.00045585,19.2749,17.1375,0.2201,5.7530,0.6409,504.8200,26.1429,7.1751,39.7174,2.9515,6.1317,20.2037,44.018,88.0359,220.0898,5.1098,0.0,14.357485,35.893712,3.143486,29,158,125,3,0.23384124,0.01139613,-0.00825174,0E-8,0.000000,0.887492,0.846818,0.02564465,2026-03-24,2026-08-06,84,754,547,136,0.617647,0.180654,0.372251,0.779471,,,,,,,,GLOBAL_BASELINE_NO_ENTITY_RANKING,,,NOT_APPLICABLE_GLOBAL_BASELINE,HF9g-P5,,,,X 全窗基线 · 不参与实体赏罚,8398217,840,A168_HF9F_20260827_0900,2026-08-27 09:00:00
2026-07-26,129740297,987,0,40.4692801374,18.3951273352,18.3951273352,0.7500000,4,4,0.50665070000000000,0.506650700000,0.9734833216690844,0.9734833216690844,0.9734833216690844,0E-17,ELIGIBLE,R03b_20260811_FULL_v1,L1_ELIGIBILITY,v2026-08-11,2026-03-21..2026-08-06,baccarat_bet02_101_all_pairs_incl_sentinel,round_win = game_pnl > 0 (decisive only),COMPATIBILITY_ONLY_NOT_PRODUCTION,42404.8770,37633.9694,483.2517,2200,2196,-0.01139613,0.00825174,-0.01739291,-0.01139613,-483.2517,42404.8770,OK,0.0000,19.3301,4.0000,96.0000,AG03-UNRESOLVED,ALL5_LEVELS_bet23_to_bet27,19.3301,19.3301,19.3301,24.1626,24.1626,4.000000,4.000000,4.000000,5.000000,5.000000,96.000000,96.000000,96.000000,95.000000,95.000000,5.0,106.3154,97.3877,376.9363,385.864,PENDING_AG03,FALSE,NOT_FOR_ENFORCEMENT,463.9216,36128.6106,483.2517,463.9216,19.3301,0.01139613,0.01094029,19.3301,463.9216,0.01094029,19.3301,19.3301,19.3301,24.1626,24.1626,463.9216,0.01094029,106.3154,97.3877,376.9363,385.864,0.00888898,0.00909952,0.00045585,19.2749,17.1375,0.2201,5.7530,0.6409,504.8200,26.1429,7.1751,39.7174,2.9515,6.1317,20.2037,44.018,88.0359,220.0898,5.1098,0.0,14.357485,35.893712,3.143486,29,158,125,3,0.23384124,0.01139613,-0.00825174,0E-8,0.000000,0.887492,0.846818,0.02564465,2026-03-24,2026-08-06,84,754,547,136,0.617647,0.180654,0.372251,0.779471,,,,,,,,GLOBAL_BASELINE_NO_ENTITY_RANKING,,,NOT_APPLICABLE_GLOBAL_BASELINE,HF9g-P5,,,,X 全窗基线 · 不参与实体赏罚,8398218,840,A168_HF9F_20260827_0900,2026-08-27 09:00:00
2026-07-27,129740297,-1,1,7.3580509340,6.9492703266,6.9492703266,0.6666667,3,3,0.50218230000000000,0.502182300000,0.5697959874915163,0.5697959874915164,0.5697959874915163,0E-17,SENTINEL_DEALER,R03b_20260811_FULL_v1,L1_ELIGIBILITY,v2026-08-11,2026-03-21..2026-08-06,baccarat_bet02_101_all_pairs_incl_sentinel,round_win = game_pnl > 0 (decisive only),COMPATIBILITY_ONLY_NOT_PRODUCTION,42404.8770,37633.9694,483.2517,2200,2196,-0.01139613,0.00825174,-0.01739291,-0.01139613,-483.2517,42404.8770,OK,0.0000,19.3301,4.0000,96.0000,AG03-UNRESOLVED,ALL5_LEVELS_bet23_to_bet27,19.3301,19.3301,19.3301,24.1626,24.1626,4.000000,4.000000,4.000000,5.000000,5.000000,96.000000,96.000000,96.000000,95.000000,95.000000,5.0,106.3154,97.3877,376.9363,385.864,PENDING_AG03,FALSE,NOT_FOR_ENFORCEMENT,463.9216,36128.6106,483.2517,463.9216,19.3301,0.01139613,0.01094029,19.3301,463.9216,0.01094029,19.3301,19.3301,19.3301,24.1626,24.1626,463.9216,0.01094029,106.3154,97.3877,376.9363,385.864,0.00888898,0.00909952,0.00045585,19.2749,17.1375,0.2201,5.7530,0.6409,504.8200,26.1429,7.1751,39.7174,2.9515,6.1317,20.2037,44.018,88.0359,220.0898,5.1098,0.0,14.357485,35.893712,3.143486,29,158,125,3,0.23384124,0.01139613,-0.00825174,0E-8,0.000000,0.887492,0.846818,0.02564465,2026-03-24,2026-08-06,84,754,547,136,0.617647,0.180654,0.372251,0.779471,,,,,,,,GLOBAL_BASELINE_NO_ENTITY_RANKING,,,NOT_APPLICABLE_GLOBAL_BASELINE,HF9g-P5,,,,X 全窗基线 · 不参与实体赏罚,8398219,840,A168_HF9F_20260827_0900,2026-08-27 09:00:00
2026-07-27,129740297,1017,0,2.0439030372,2.0439030372,2.0439030372,1.0000000,1,1,0.49324550000000000,0.493245500000,1.01360149184955,1.01360149184955,1.01360149184955,0E-17,ELIGIBLE,R03b_20260811_FULL_v1,L1_ELIGIBILITY,v2026-08-11,2026-03-21..2026-08-06,baccarat_bet02_101_all_pairs_incl_sentinel,round_win = game_pnl > 0 (decisive only),COMPATIBILITY_ONLY_NOT_PRODUCTION,42404.8770,37633.9694,483.2517,2200,2196,-0.01139613,0.00825174,-0.01739291,-0.01139613,-483.2517,42404.8770,OK,0.0000,19.3301,4.0000,96.0000,AG03-UNRESOLVED,ALL5_LEVELS_bet23_to_bet27,19.3301,19.3301,19.3301,24.1626,24.1626,4.000000,4.000000,4.000000,5.000000,5.000000,96.000000,96.000000,96.000000,95.000000,95.000000,5.0,106.3154,97.3877,376.9363,385.864,PENDING_AG03,FALSE,NOT_FOR_ENFORCEMENT,463.9216,36128.6106,483.2517,463.9216,19.3301,0.01139613,0.01094029,19.3301,463.9216,0.01094029,19.3301,19.3301,19.3301,24.1626,24.1626,463.9216,0.01094029,106.3154,97.3877,376.9363,385.864,0.00888898,0.00909952,0.00045585,19.2749,17.1375,0.2201,5.7530,0.6409,504.8200,26.1429,7.1751,39.7174,2.9515,6.1317,20.2037,44.018,88.0359,220.0898,5.1098,0.0,14.357485,35.893712,3.143486,29,158,125,3,0.23384124,0.01139613,-0.00825174,0E-8,0.000000,0.887492,0.846818,0.02564465,2026-03-24,2026-08-06,84,754,547,136,0.617647,0.180654,0.372251,0.779471,,,,,,,,GLOBAL_BASELINE_NO_ENTITY_RANKING,,,NOT_APPLICABLE_GLOBAL_BASELINE,HF9g-P5,,,,X 全窗基线 · 不参与实体赏罚,8398220,840,A168_HF9F_20260827_0900,2026-08-27 09:00:00
2026-07-27,129740297,1094,0,2.0439030372,2.0439030372,2.0439030372,1.0000000,1,1,0.50665070000000000,0.506650700000,0.9867858985152569,0.9867858985152569,0.9867858985152569,0E-17,ELIGIBLE,R03b_20260811_FULL_v1,L1_ELIGIBILITY,v2026-08-11,2026-03-21..2026-08-06,baccarat_bet02_101_all_pairs_incl_sentinel,round_win = game_pnl > 0 (decisive only),COMPATIBILITY_ONLY_NOT_PRODUCTION,42404.8770,37633.9694,483.2517,2200,2196,-0.01139613,0.00825174,-0.01739291,-0.01139613,-483.2517,42404.8770,OK,0.0000,19.3301,4.0000,96.0000,AG03-UNRESOLVED,ALL5_LEVELS_bet23_to_bet27,19.3301,19.3301,19.3301,24.1626,24.1626,4.000000,4.000000,4.000000,5.000000,5.000000,96.000000,96.000000,96.000000,95.000000,95.000000,5.0,106.3154,97.3877,376.9363,385.864,PENDING_AG03,FALSE,NOT_FOR_ENFORCEMENT,463.9216,36128.6106,483.2517,463.9216,19.3301,0.01139613,0.01094029,19.3301,463.9216,0.01094029,19.3301,19.3301,19.3301,24.1626,24.1626,463.9216,0.01094029,106.3154,97.3877,376.9363,385.864,0.00888898,0.00909952,0.00045585,19.2749,17.1375,0.2201,5.7530,0.6409,504.8200,26.1429,7.1751,39.7174,2.9515,6.1317,20.2037,44.018,88.0359,220.0898,5.1098,0.0,14.357485,35.893712,3.143486,29,158,125,3,0.23384124,0.01139613,-0.00825174,0E-8,0.000000,0.887492,0.846818,0.02564465,2026-03-24,2026-08-06,84,754,547,136,0.617647,0.180654,0.372251,0.779471,,,,,,,,GLOBAL_BASELINE_NO_ENTITY_RANKING,,,NOT_APPLICABLE_GLOBAL_BASELINE,HF9g-P5,,,,X 全窗基线 · 不参与实体赏罚,8398221,840,A168_HF9F_20260827_0900,2026-08-27 09:00:00
2026-07-27,129740297,1299,0,15.3292727793,-15.3292727793,-15.3292727793,0E-7,1,1,0.50665070000000000,0.506650700000,-1.013391052207602,-1.013391052207602,-1.013391052207602,0E-17,ELIGIBLE,R03b_20260811_FULL_v1,L1_ELIGIBILITY,v2026-08-11,2026-03-21..2026-08-06,baccarat_bet02_101_all_pairs_incl_sentinel,round_win = game_pnl > 0 (decisive only),COMPATIBILITY_ONLY_NOT_PRODUCTION,42404.8770,37633.9694,483.2517,2200,2196,-0.01139613,0.00825174,-0.01739291,-0.01139613,-483.2517,42404.8770,OK,0.0000,19.3301,4.0000,96.0000,AG03-UNRESOLVED,ALL5_LEVELS_bet23_to_bet27,19.3301,19.3301,19.3301,24.1626,24.1626,4.000000,4.000000,4.000000,5.000000,5.000000,96.000000,96.000000,96.000000,95.000000,95.000000,5.0,106.3154,97.3877,376.9363,385.864,PENDING_AG03,FALSE,NOT_FOR_ENFORCEMENT,463.9216,36128.6106,483.2517,463.9216,19.3301,0.01139613,0.01094029,19.3301,463.9216,0.01094029,19.3301,19.3301,19.3301,24.1626,24.1626,463.9216,0.01094029,106.3154,97.3877,376.9363,385.864,0.00888898,0.00909952,0.00045585,19.2749,17.1375,0.2201,5.7530,0.6409,504.8200,26.1429,7.1751,39.7174,2.9515,6.1317,20.2037,44.018,88.0359,220.0898,5.1098,0.0,14.357485,35.893712,3.143486,29,158,125,3,0.23384124,0.01139613,-0.00825174,0E-8,0.000000,0.887492,0.846818,0.02564465,2026-03-24,2026-08-06,84,754,547,136,0.617647,0.180654,0.372251,0.779471,,,,,,,,GLOBAL_BASELINE_NO_ENTITY_RANKING,,,NOT_APPLICABLE_GLOBAL_BASELINE,HF9g-P5,,,,X 全窗基线 · 不参与实体赏罚,8398222,840,A168_HF9F_20260827_0900,2026-08-27 09:00:00
2026-07-27,129740297,1490,0,10.2195151862,-10.2195151862,-10.2195151862,0E-7,1,1,0.50665070000000000,0.506650700000,-1.013391052207602,-1.013391052207602,-1.013391052207602,0E-17,ELIGIBLE,R03b_20260811_FULL_v1,L1_ELIGIBILITY,v2026-08-11,2026-03-21..2026-08-06,baccarat_bet02_101_all_pairs_incl_sentinel,round_win = game_pnl > 0 (decisive only),COMPATIBILITY_ONLY_NOT_PRODUCTION,42404.8770,37633.9694,483.2517,2200,2196,-0.01139613,0.00825174,-0.01739291,-0.01139613,-483.2517,42404.8770,OK,0.0000,19.3301,4.0000,96.0000,AG03-UNRESOLVED,ALL5_LEVELS_bet23_to_bet27,19.3301,19.3301,19.3301,24.1626,24.1626,4.000000,4.000000,4.000000,5.000000,5.000000,96.000000,96.000000,96.000000,95.000000,95.000000,5.0,106.3154,97.3877,376.9363,385.864,PENDING_AG03,FALSE,NOT_FOR_ENFORCEMENT,463.9216,36128.6106,483.2517,463.9216,19.3301,0.01139613,0.01094029,19.3301,463.9216,0.01094029,19.3301,19.3301,19.3301,24.1626,24.1626,463.9216,0.01094029,106.3154,97.3877,376.9363,385.864,0.00888898,0.00909952,0.00045585,19.2749,17.1375,0.2201,5.7530,0.6409,504.8200,26.1429,7.1751,39.7174,2.9515,6.1317,20.2037,44.018,88.0359,220.0898,5.1098,0.0,14.357485,35.893712,3.143486,29,158,125,3,0.23384124,0.01139613,-0.00825174,0E-8,0.000000,0.887492,0.846818,0.02564465,2026-03-24,2026-08-06,84,754,547,136,0.617647,0.180654,0.372251,0.779471,,,,,,,,GLOBAL_BASELINE_NO_ENTITY_RANKING,,,NOT_APPLICABLE_GLOBAL_BASELINE,HF9g-P5,,,,X 全窗基线 · 不参与实体赏罚,8398223,840,A168_HF9F_20260827_0900,2026-08-27 09:00:00
2026-07-27,129740297,1947,0,5.1097575931,5.1097575931,5.1097575931,1.0000000,1,1,0.50665070000000000,0.506650700000,0.9867858985152569,0.9867858985152569,0.9867858985152569,0E-17,ELIGIBLE,R03b_20260811_FULL_v1,L1_ELIGIBILITY,v2026-08-11,2026-03-21..2026-08-06,baccarat_bet02_101_all_pairs_incl_sentinel,round_win = game_pnl > 0 (decisive only),COMPATIBILITY_ONLY_NOT_PRODUCTION,42404.8770,37633.9694,483.2517,2200,2196,-0.01139613,0.00825174,-0.01739291,-0.01139613,-483.2517,42404.8770,OK,0.0000,19.3301,4.0000,96.0000,AG03-UNRESOLVED,ALL5_LEVELS_bet23_to_bet27,19.3301,19.3301,19.3301,24.1626,24.1626,4.000000,4.000000,4.000000,5.000000,5.000000,96.000000,96.000000,96.000000,95.000000,95.000000,5.0,106.3154,97.3877,376.9363,385.864,PENDING_AG03,FALSE,NOT_FOR_ENFORCEMENT,463.9216,36128.6106,483.2517,463.9216,19.3301,0.01139613,0.01094029,19.3301,463.9216,0.01094029,19.3301,19.3301,19.3301,24.1626,24.1626,463.9216,0.01094029,106.3154,97.3877,376.9363,385.864,0.00888898,0.00909952,0.00045585,19.2749,17.1375,0.2201,5.7530,0.6409,504.8200,26.1429,7.1751,39.7174,2.9515,6.1317,20.2037,44.018,88.0359,220.0898,5.1098,0.0,14.357485,35.893712,3.143486,29,158,125,3,0.23384124,0.01139613,-0.00825174,0E-8,0.000000,0.887492,0.846818,0.02564465,2026-03-24,2026-08-06,84,754,547,136,0.617647,0.180654,0.372251,0.779471,,,,,,,,GLOBAL_BASELINE_NO_ENTITY_RANKING,,,NOT_APPLICABLE_GLOBAL_BASELINE,HF9g-P5,,,,X 全窗基线 · 不参与实体赏罚,8398224,840,A168_HF9F_20260827_0900,2026-08-27 09:00:00
2026-07-27,129740297,2121,0,4.0878060745,4.0878060745,4.0878060745,1.0000000,1,1,0.49324550000000000,0.493245500000,1.01360149184955,1.01360149184955,1.01360149184955,0E-17,ELIGIBLE,R03b_20260811_FULL_v1,L1_ELIGIBILITY,v2026-08-11,2026-03-21..2026-08-06,baccarat_bet02_101_all_pairs_incl_sentinel,round_win = game_pnl > 0 (decisive only),COMPATIBILITY_ONLY_NOT_PRODUCTION,42404.8770,37633.9694,483.2517,2200,2196,-0.01139613,0.00825174,-0.01739291,-0.01139613,-483.2517,42404.8770,OK,0.0000,19.3301,4.0000,96.0000,AG03-UNRESOLVED,ALL5_LEVELS_bet23_to_bet27,19.3301,19.3301,19.3301,24.1626,24.1626,4.000000,4.000000,4.000000,5.000000,5.000000,96.000000,96.000000,96.000000,95.000000,95.000000,5.0,106.3154,97.3877,376.9363,385.864,PENDING_AG03,FALSE,NOT_FOR_ENFORCEMENT,463.9216,36128.6106,483.2517,463.9216,19.3301,0.01139613,0.01094029,19.3301,463.9216,0.01094029,19.3301,19.3301,19.3301,24.1626,24.1626,463.9216,0.01094029,106.3154,97.3877,376.9363,385.864,0.00888898,0.00909952,0.00045585,19.2749,17.1375,0.2201,5.7530,0.6409,504.8200,26.1429,7.1751,39.7174,2.9515,6.1317,20.2037,44.018,88.0359,220.0898,5.1098,0.0,14.357485,35.893712,3.143486,29,158,125,3,0.23384124,0.01139613,-0.00825174,0E-8,0.000000,0.887492,0.846818,0.02564465,2026-03-24,2026-08-06,84,754,547,136,0.617647,0.180654,0.372251,0.779471,,,,,,,,GLOBAL_BASELINE_NO_ENTITY_RANKING,,,NOT_APPLICABLE_GLOBAL_BASELINE,HF9g-P5,,,,X 全窗基线 · 不参与实体赏罚,8398225,840,A168_HF9F_20260827_0900,2026-08-27 09:00:00
2026-07-27,129740297,2127,0,11.0370764011,-11.0370764011,-11.0370764011,0E-7,1,1,0.50665070000000000,0.506650700000,-1.013391052207602,-1.013391052207602,-1.013391052207602,0E-17,ELIGIBLE,R03b_20260811_FULL_v1,L1_ELIGIBILITY,v2026-08-11,2026-03-21..2026-08-06,baccarat_bet02_101_all_pairs_incl_sentinel,round_win = game_pnl > 0 (decisive only),COMPATIBILITY_ONLY_NOT_PRODUCTION,42404.8770,37633.9694,483.2517,2200,2196,-0.01139613,0.00825174,-0.01739291,-0.01139613,-483.2517,42404.8770,OK,0.0000,19.3301,4.0000,96.0000,AG03-UNRESOLVED,ALL5_LEVELS_bet23_to_bet27,19.3301,19.3301,19.3301,24.1626,24.1626,4.000000,4.000000,4.000000,5.000000,5.000000,96.000000,96.000000,96.000000,95.000000,95.000000,5.0,106.3154,97.3877,376.9363,385.864,PENDING_AG03,FALSE,NOT_FOR_ENFORCEMENT,463.9216,36128.6106,483.2517,463.9216,19.3301,0.01139613,0.01094029,19.3301,463.9216,0.01094029,19.3301,19.3301,19.3301,24.1626,24.1626,463.9216,0.01094029,106.3154,97.3877,376.9363,385.864,0.00888898,0.00909952,0.00045585,19.2749,17.1375,0.2201,5.7530,0.6409,504.8200,26.1429,7.1751,39.7174,2.9515,6.1317,20.2037,44.018,88.0359,220.0898,5.1098,0.0,14.357485,35.893712,3.143486,29,158,125,3,0.23384124,0.01139613,-0.00825174,0E-8,0.000000,0.887492,0.846818,0.02564465,2026-03-24,2026-08-06,84,754,547,136,0.617647,0.180654,0.372251,0.779471,,,,,,,,GLOBAL_BASELINE_NO_ENTITY_RANKING,,,NOT_APPLICABLE_GLOBAL_BASELINE,HF9g-P5,,,,X 全窗基线 · 不参与实体赏罚,8398226,840,A168_HF9F_20260827_0900,2026-08-27 09:00:00
2026-07-27,129740297,2142,0,20.4390303724,20.4390303724,20.4390303724,1.0000000,2,2,0.49324550000000000,0.493245500000,1.4334489766152358,1.4334489766152358,1.4334489766152358,0E-17,ELIGIBLE,R03b_20260811_FULL_v1,L1_ELIGIBILITY,v2026-08-11,2026-03-21..2026-08-06,baccarat_bet02_101_all_pairs_incl_sentinel,round_win = game_pnl > 0 (decisive only),COMPATIBILITY_ONLY_NOT_PRODUCTION,42404.8770,37633.9694,483.2517,2200,2196,-0.01139613,0.00825174,-0.01739291,-0.01139613,-483.2517,42404.8770,OK,0.0000,19.3301,4.0000,96.0000,AG03-UNRESOLVED,ALL5_LEVELS_bet23_to_bet27,19.3301,19.3301,19.3301,24.1626,24.1626,4.000000,4.000000,4.000000,5.000000,5.000000,96.000000,96.000000,96.000000,95.000000,95.000000,5.0,106.3154,97.3877,376.9363,385.864,PENDING_AG03,FALSE,NOT_FOR_ENFORCEMENT,463.9216,36128.6106,483.2517,463.9216,19.3301,0.01139613,0.01094029,19.3301,463.9216,0.01094029,19.3301,19.3301,19.3301,24.1626,24.1626,463.9216,0.01094029,106.3154,97.3877,376.9363,385.864,0.00888898,0.00909952,0.00045585,19.2749,17.1375,0.2201,5.7530,0.6409,504.8200,26.1429,7.1751,39.7174,2.9515,6.1317,20.2037,44.018,88.0359,220.0898,5.1098,0.0,14.357485,35.893712,3.143486,29,158,125,3,0.23384124,0.01139613,-0.00825174,0E-8,0.000000,0.887492,0.846818,0.02564465,2026-03-24,2026-08-06,84,754,547,136,0.617647,0.180654,0.372251,0.779471,,,,,,,,GLOBAL_BASELINE_NO_ENTITY_RANKING,,,NOT_APPLICABLE_GLOBAL_BASELINE,HF9g-P5,,,,X 全窗基线 · 不参与实体赏罚,8398227,840,A168_HF9F_20260827_0900,2026-08-27 09:00:00
2026-07-27,129740297,2145,0,29.6365940400,8.6865879082,8.6865879082,0.6666667,6,6,0.49547970000000000,0.495479700000,0.83867571210634,0.83867571210634,0.83867571210634,0E-17,ELIGIBLE,R03b_20260811_FULL_v1,L1_ELIGIBILITY,v2026-08-11,2026-03-21..2026-08-06,baccarat_bet02_101_all_pairs_incl_sentinel,round_win = game_pnl > 0 (decisive only),COMPATIBILITY_ONLY_NOT_PRODUCTION,42404.8770,37633.9694,483.2517,2200,2196,-0.01139613,0.00825174,-0.01739291,-0.01139613,-483.2517,42404.8770,OK,0.0000,19.3301,4.0000,96.0000,AG03-UNRESOLVED,ALL5_LEVELS_bet23_to_bet27,19.3301,19.3301,19.3301,24.1626,24.1626,4.000000,4.000000,4.000000,5.000000,5.000000,96.000000,96.000000,96.000000,95.000000,95.000000,5.0,106.3154,97.3877,376.9363,385.864,PENDING_AG03,FALSE,NOT_FOR_ENFORCEMENT,463.9216,36128.6106,483.2517,463.9216,19.3301,0.01139613,0.01094029,19.3301,463.9216,0.01094029,19.3301,19.3301,19.3301,24.1626,24.1626,463.9216,0.01094029,106.3154,97.3877,376.9363,385.864,0.00888898,0.00909952,0.00045585,19.2749,17.1375,0.2201,5.7530,0.6409,504.8200,26.1429,7.1751,39.7174,2.9515,6.1317,20.2037,44.018,88.0359,220.0898,5.1098,0.0,14.357485,35.893712,3.143486,29,158,125,3,0.23384124,0.01139613,-0.00825174,0E-8,0.000000,0.887492,0.846818,0.02564465,2026-03-24,2026-08-06,84,754,547,136,0.617647,0.180654,0.372251,0.779471,,,,,,,,GLOBAL_BASELINE_NO_ENTITY_RANKING,,,NOT_APPLICABLE_GLOBAL_BASELINE,HF9g-P5,,,,X 全窗基线 · 不参与实体赏罚,8398228,840,A168_HF9F_20260827_0900,2026-08-27 09:00:00
2026-07-27,129740297,2170,0,12.2634182235,12.2634182235,12.2634182235,1.0000000,2,2,0.49324550000000000,0.493245500000,1.4334489766152358,1.4334489766152358,1.4334489766152358,0E-17,ELIGIBLE,R03b_20260811_FULL_v1,L1_ELIGIBILITY,v2026-08-11,2026-03-21..2026-08-06,baccarat_bet02_101_all_pairs_incl_sentinel,round_win = game_pnl > 0 (decisive only),COMPATIBILITY_ONLY_NOT_PRODUCTION,42404.8770,37633.9694,483.2517,2200,2196,-0.01139613,0.00825174,-0.01739291,-0.01139613,-483.2517,42404.8770,OK,0.0000,19.3301,4.0000,96.0000,AG03-UNRESOLVED,ALL5_LEVELS_bet23_to_bet27,19.3301,19.3301,19.3301,24.1626,24.1626,4.000000,4.000000,4.000000,5.000000,5.000000,96.000000,96.000000,96.000000,95.000000,95.000000,5.0,106.3154,97.3877,376.9363,385.864,PENDING_AG03,FALSE,NOT_FOR_ENFORCEMENT,463.9216,36128.6106,483.2517,463.9216,19.3301,0.01139613,0.01094029,19.3301,463.9216,0.01094029,19.3301,19.3301,19.3301,24.1626,24.1626,463.9216,0.01094029,106.3154,97.3877,376.9363,385.864,0.00888898,0.00909952,0.00045585,19.2749,17.1375,0.2201,5.7530,0.6409,504.8200,26.1429,7.1751,39.7174,2.9515,6.1317,20.2037,44.018,88.0359,220.0898,5.1098,0.0,14.357485,35.893712,3.143486,29,158,125,3,0.23384124,0.01139613,-0.00825174,0E-8,0.000000,0.887492,0.846818,0.02564465,2026-03-24,2026-08-06,84,754,547,136,0.617647,0.180654,0.372251,0.779471,,,,,,,,GLOBAL_BASELINE_NO_ENTITY_RANKING,,,NOT_APPLICABLE_GLOBAL_BASELINE,HF9g-P5,,,,X 全窗基线 · 不参与实体赏罚,8398229,840,A168_HF9F_20260827_0900,2026-08-27 09:00:00
2026-07-27,129740297,2223,0,30.6585455586,-7.6646363897,-7.6646363897,0.5000000,5,5,0.50396966000000000,0.503969660000,-0.0158791404612453,-0.0158791404612453,-0.0158791404612453,0E-17,ELIGIBLE,R03b_20260811_FULL_v1,L1_ELIGIBILITY,v2026-08-11,2026-03-21..2026-08-06,baccarat_bet02_101_all_pairs_incl_sentinel,round_win = game_pnl > 0 (decisive only),COMPATIBILITY_ONLY_NOT_PRODUCTION,42404.8770,37633.9694,483.2517,2200,2196,-0.01139613,0.00825174,-0.01739291,-0.01139613,-483.2517,42404.8770,OK,0.0000,19.3301,4.0000,96.0000,AG03-UNRESOLVED,ALL5_LEVELS_bet23_to_bet27,19.3301,19.3301,19.3301,24.1626,24.1626,4.000000,4.000000,4.000000,5.000000,5.000000,96.000000,96.000000,96.000000,95.000000,95.000000,5.0,106.3154,97.3877,376.9363,385.864,PENDING_AG03,FALSE,NOT_FOR_ENFORCEMENT,463.9216,36128.6106,483.2517,463.9216,19.3301,0.01139613,0.01094029,19.3301,463.9216,0.01094029,19.3301,19.3301,19.3301,24.1626,24.1626,463.9216,0.01094029,106.3154,97.3877,376.9363,385.864,0.00888898,0.00909952,0.00045585,19.2749,17.1375,0.2201,5.7530,0.6409,504.8200,26.1429,7.1751,39.7174,2.9515,6.1317,20.2037,44.018,88.0359,220.0898,5.1098,0.0,14.357485,35.893712,3.143486,29,158,125,3,0.23384124,0.01139613,-0.00825174,0E-8,0.000000,0.887492,0.846818,0.02564465,2026-03-24,2026-08-06,84,754,547,136,0.617647,0.180654,0.372251,0.779471,,,,,,,,GLOBAL_BASELINE_NO_ENTITY_RANKING,,,NOT_APPLICABLE_GLOBAL_BASELINE,HF9g-P5,,,,X 全窗基线 · 不参与实体赏罚,8398230,840,A168_HF9F_20260827_0900,2026-08-27 09:00:00
2026-07-27,129740297,772,0,10.2195151862,8.1756121490,8.1756121490,1.0000000,3,3,0.49324550000000000,0.493245500000,1.4334489766152358,1.4334489766152358,1.4334489766152358,0E-17,ELIGIBLE,R03b_20260811_FULL_v1,L1_ELIGIBILITY,v2026-08-11,2026-03-21..2026-08-06,baccarat_bet02_101_all_pairs_incl_sentinel,round_win = game_pnl > 0 (decisive only),COMPATIBILITY_ONLY_NOT_PRODUCTION,42404.8770,37633.9694,483.2517,2200,2196,-0.01139613,0.00825174,-0.01739291,-0.01139613,-483.2517,42404.8770,OK,0.0000,19.3301,4.0000,96.0000,AG03-UNRESOLVED,ALL5_LEVELS_bet23_to_bet27,19.3301,19.3301,19.3301,24.1626,24.1626,4.000000,4.000000,4.000000,5.000000,5.000000,96.000000,96.000000,96.000000,95.000000,95.000000,5.0,106.3154,97.3877,376.9363,385.864,PENDING_AG03,FALSE,NOT_FOR_ENFORCEMENT,463.9216,36128.6106,483.2517,463.9216,19.3301,0.01139613,0.01094029,19.3301,463.9216,0.01094029,19.3301,19.3301,19.3301,24.1626,24.1626,463.9216,0.01094029,106.3154,97.3877,376.9363,385.864,0.00888898,0.00909952,0.00045585,19.2749,17.1375,0.2201,5.7530,0.6409,504.8200,26.1429,7.1751,39.7174,2.9515,6.1317,20.2037,44.018,88.0359,220.0898,5.1098,0.0,14.357485,35.893712,3.143486,29,158,125,3,0.23384124,0.01139613,-0.00825174,0E-8,0.000000,0.887492,0.846818,0.02564465,2026-03-24,2026-08-06,84,754,547,136,0.617647,0.180654,0.372251,0.779471,,,,,,,,GLOBAL_BASELINE_NO_ENTITY_RANKING,,,NOT_APPLICABLE_GLOBAL_BASELINE,HF9g-P5,,,,X 全窗基线 · 不参与实体赏罚,8398231,840,A168_HF9F_20260827_0900,2026-08-27 09:00:00
2026-07-28,129740297,-1,1,32.7024485958,-32.7024485958,-32.7024485958,0E-7,3,3,0.50218230000000000,0.502182300000,-1.7396270863184011,-1.7396270863184016,-1.7396270863184011,0E-17,SENTINEL_DEALER,R03b_20260811_FULL_v1,L1_ELIGIBILITY,v2026-08-11,2026-03-21..2026-08-06,baccarat_bet02_101_all_pairs_incl_sentinel,round_win = game_pnl > 0 (decisive only),COMPATIBILITY_ONLY_NOT_PRODUCTION,42404.8770,37633.9694,483.2517,2200,2196,-0.01139613,0.00825174,-0.01739291,-0.01139613,-483.2517,42404.8770,OK,0.0000,19.3301,4.0000,96.0000,AG03-UNRESOLVED,ALL5_LEVELS_bet23_to_bet27,19.3301,19.3301,19.3301,24.1626,24.1626,4.000000,4.000000,4.000000,5.000000,5.000000,96.000000,96.000000,96.000000,95.000000,95.000000,5.0,106.3154,97.3877,376.9363,385.864,PENDING_AG03,FALSE,NOT_FOR_ENFORCEMENT,463.9216,36128.6106,483.2517,463.9216,19.3301,0.01139613,0.01094029,19.3301,463.9216,0.01094029,19.3301,19.3301,19.3301,24.1626,24.1626,463.9216,0.01094029,106.3154,97.3877,376.9363,385.864,0.00888898,0.00909952,0.00045585,19.2749,17.1375,0.2201,5.7530,0.6409,504.8200,26.1429,7.1751,39.7174,2.9515,6.1317,20.2037,44.018,88.0359,220.0898,5.1098,0.0,14.357485,35.893712,3.143486,29,158,125,3,0.23384124,0.01139613,-0.00825174,0E-8,0.000000,0.887492,0.846818,0.02564465,2026-03-24,2026-08-06,84,754,547,136,0.617647,0.180654,0.372251,0.779471,,,,,,,,GLOBAL_BASELINE_NO_ENTITY_RANKING,,,NOT_APPLICABLE_GLOBAL_BASELINE,HF9g-P5,,,,X 全窗基线 · 不参与实体赏罚,8398232,840,A168_HF9F_20260827_0900,2026-08-27 09:00:00
2026-07-28,129740297,1383,0,40.8780607448,-40.8780607448,-40.8780607448,0E-7,1,1,0.49324550000000000,0.493245500000,-0.9865810262130424,-0.9865810262130424,-0.9865810262130424,0E-17,ELIGIBLE,R03b_20260811_FULL_v1,L1_ELIGIBILITY,v2026-08-11,2026-03-21..2026-08-06,baccarat_bet02_101_all_pairs_incl_sentinel,round_win = game_pnl > 0 (decisive only),COMPATIBILITY_ONLY_NOT_PRODUCTION,42404.8770,37633.9694,483.2517,2200,2196,-0.01139613,0.00825174,-0.01739291,-0.01139613,-483.2517,42404.8770,OK,0.0000,19.3301,4.0000,96.0000,AG03-UNRESOLVED,ALL5_LEVELS_bet23_to_bet27,19.3301,19.3301,19.3301,24.1626,24.1626,4.000000,4.000000,4.000000,5.000000,5.000000,96.000000,96.000000,96.000000,95.000000,95.000000,5.0,106.3154,97.3877,376.9363,385.864,PENDING_AG03,FALSE,NOT_FOR_ENFORCEMENT,463.9216,36128.6106,483.2517,463.9216,19.3301,0.01139613,0.01094029,19.3301,463.9216,0.01094029,19.3301,19.3301,19.3301,24.1626,24.1626,463.9216,0.01094029,106.3154,97.3877,376.9363,385.864,0.00888898,0.00909952,0.00045585,19.2749,17.1375,0.2201,5.7530,0.6409,504.8200,26.1429,7.1751,39.7174,2.9515,6.1317,20.2037,44.018,88.0359,220.0898,5.1098,0.0,14.357485,35.893712,3.143486,29,158,125,3,0.23384124,0.01139613,-0.00825174,0E-8,0.000000,0.887492,0.846818,0.02564465,2026-03-24,2026-08-06,84,754,547,136,0.617647,0.180654,0.372251,0.779471,,,,,,,,GLOBAL_BASELINE_NO_ENTITY_RANKING,,,NOT_APPLICABLE_GLOBAL_BASELINE,HF9g-P5,,,,X 全窗基线 · 不参与实体赏罚,8398233,840,A168_HF9F_20260827_0900,2026-08-27 09:00:00
2026-07-28,129740297,1385,0,10.2195151862,-10.2195151862,-10.2195151862,0E-7,2,2,0.50665070000000000,0.506650700000,-1.4331513700195317,-1.4331513700195317,-1.4331513700195317,0E-17,ELIGIBLE,R03b_20260811_FULL_v1,L1_ELIGIBILITY,v2026-08-11,2026-03-21..2026-08-06,baccarat_bet02_101_all_pairs_incl_sentinel,round_win = game_pnl > 0 (decisive only),COMPATIBILITY_ONLY_NOT_PRODUCTION,42404.8770,37633.9694,483.2517,2200,2196,-0.01139613,0.00825174,-0.01739291,-0.01139613,-483.2517,42404.8770,OK,0.0000,19.3301,4.0000,96.0000,AG03-UNRESOLVED,ALL5_LEVELS_bet23_to_bet27,19.3301,19.3301,19.3301,24.1626,24.1626,4.000000,4.000000,4.000000,5.000000,5.000000,96.000000,96.000000,96.000000,95.000000,95.000000,5.0,106.3154,97.3877,376.9363,385.864,PENDING_AG03,FALSE,NOT_FOR_ENFORCEMENT,463.9216,36128.6106,483.2517,463.9216,19.3301,0.01139613,0.01094029,19.3301,463.9216,0.01094029,19.3301,19.3301,19.3301,24.1626,24.1626,463.9216,0.01094029,106.3154,97.3877,376.9363,385.864,0.00888898,0.00909952,0.00045585,19.2749,17.1375,0.2201,5.7530,0.6409,504.8200,26.1429,7.1751,39.7174,2.9515,6.1317,20.2037,44.018,88.0359,220.0898,5.1098,0.0,14.357485,35.893712,3.143486,29,158,125,3,0.23384124,0.01139613,-0.00825174,0E-8,0.000000,0.887492,0.846818,0.02564465,2026-03-24,2026-08-06,84,754,547,136,0.617647,0.180654,0.372251,0.779471,,,,,,,,GLOBAL_BASELINE_NO_ENTITY_RANKING,,,NOT_APPLICABLE_GLOBAL_BASELINE,HF9g-P5,,,,X 全窗基线 · 不参与实体赏罚,8398234,840,A168_HF9F_20260827_0900,2026-08-27 09:00:00
2026-07-28,129740297,2103,0,89.9317336386,-73.5805093406,-73.5805093406,0.3333333,3,3,0.50218230000000000,0.502182300000,-0.5849155494134425,-0.5849155494134426,-0.5849155494134425,0E-17,ELIGIBLE,R03b_20260811_FULL_v1,L1_ELIGIBILITY,v2026-08-11,2026-03-21..2026-08-06,baccarat_bet02_101_all_pairs_incl_sentinel,round_win = game_pnl > 0 (decisive only),COMPATIBILITY_ONLY_NOT_PRODUCTION,42404.8770,37633.9694,483.2517,2200,2196,-0.01139613,0.00825174,-0.01739291,-0.01139613,-483.2517,42404.8770,OK,0.0000,19.3301,4.0000,96.0000,AG03-UNRESOLVED,ALL5_LEVELS_bet23_to_bet27,19.3301,19.3301,19.3301,24.1626,24.1626,4.000000,4.000000,4.000000,5.000000,5.000000,96.000000,96.000000,96.000000,95.000000,95.000000,5.0,106.3154,97.3877,376.9363,385.864,PENDING_AG03,FALSE,NOT_FOR_ENFORCEMENT,463.9216,36128.6106,483.2517,463.9216,19.3301,0.01139613,0.01094029,19.3301,463.9216,0.01094029,19.3301,19.3301,19.3301,24.1626,24.1626,463.9216,0.01094029,106.3154,97.3877,376.9363,385.864,0.00888898,0.00909952,0.00045585,19.2749,17.1375,0.2201,5.7530,0.6409,504.8200,26.1429,7.1751,39.7174,2.9515,6.1317,20.2037,44.018,88.0359,220.0898,5.1098,0.0,14.357485,35.893712,3.143486,29,158,125,3,0.23384124,0.01139613,-0.00825174,0E-8,0.000000,0.887492,0.846818,0.02564465,2026-03-24,2026-08-06,84,754,547,136,0.617647,0.180654,0.372251,0.779471,,,,,,,,GLOBAL_BASELINE_NO_ENTITY_RANKING,,,NOT_APPLICABLE_GLOBAL_BASELINE,HF9g-P5,,,,X 全窗基线 · 不参与实体赏罚,8398235,840,A168_HF9F_20260827_0900,2026-08-27 09:00:00
2026-07-28,129740297,2106,0,43.9439153007,37.8122061889,37.8122061889,0.6666667,3,3,0.49771390000000000,0.497713900000,0.5852756695216578,0.5852756695216578,0.5852756695216578,0E-17,ELIGIBLE,R03b_20260811_FULL_v1,L1_ELIGIBILITY,v2026-08-11,2026-03-21..2026-08-06,baccarat_bet02_101_all_pairs_incl_sentinel,round_win = game_pnl > 0 (decisive only),COMPATIBILITY_ONLY_NOT_PRODUCTION,42404.8770,37633.9694,483.2517,2200,2196,-0.01139613,0.00825174,-0.01739291,-0.01139613,-483.2517,42404.8770,OK,0.0000,19.3301,4.0000,96.0000,AG03-UNRESOLVED,ALL5_LEVELS_bet23_to_bet27,19.3301,19.3301,19.3301,24.1626,24.1626,4.000000,4.000000,4.000000,5.000000,5.000000,96.000000,96.000000,96.000000,95.000000,95.000000,5.0,106.3154,97.3877,376.9363,385.864,PENDING_AG03,FALSE,NOT_FOR_ENFORCEMENT,463.9216,36128.6106,483.2517,463.9216,19.3301,0.01139613,0.01094029,19.3301,463.9216,0.01094029,19.3301,19.3301,19.3301,24.1626,24.1626,463.9216,0.01094029,106.3154,97.3877,376.9363,385.864,0.00888898,0.00909952,0.00045585,19.2749,17.1375,0.2201,5.7530,0.6409,504.8200,26.1429,7.1751,39.7174,2.9515,6.1317,20.2037,44.018,88.0359,220.0898,5.1098,0.0,14.357485,35.893712,3.143486,29,158,125,3,0.23384124,0.01139613,-0.00825174,0E-8,0.000000,0.887492,0.846818,0.02564465,2026-03-24,2026-08-06,84,754,547,136,0.617647,0.180654,0.372251,0.779471,,,,,,,,GLOBAL_BASELINE_NO_ENTITY_RANKING,,,NOT_APPLICABLE_GLOBAL_BASELINE,HF9g-P5,,,,X 全窗基线 · 不参与实体赏罚,8398236,840,A168_HF9F_20260827_0900,2026-08-27 09:00:00
2026-07-28,129740297,2160,0,30.6585455586,-30.6585455586,-30.6585455586,0E-7,2,2,0.49324550000000000,0.493245500000,-1.3952362676504506,-1.3952362676504506,-1.3952362676504506,0E-17,ELIGIBLE,R03b_20260811_FULL_v1,L1_ELIGIBILITY,v2026-08-11,2026-03-21..2026-08-06,baccarat_bet02_101_all_pairs_incl_sentinel,round_win = game_pnl > 0 (decisive only),COMPATIBILITY_ONLY_NOT_PRODUCTION,42404.8770,37633.9694,483.2517,2200,2196,-0.01139613,0.00825174,-0.01739291,-0.01139613,-483.2517,42404.8770,OK,0.0000,19.3301,4.0000,96.0000,AG03-UNRESOLVED,ALL5_LEVELS_bet23_to_bet27,19.3301,19.3301,19.3301,24.1626,24.1626,4.000000,4.000000,4.000000,5.000000,5.000000,96.000000,96.000000,96.000000,95.000000,95.000000,5.0,106.3154,97.3877,376.9363,385.864,PENDING_AG03,FALSE,NOT_FOR_ENFORCEMENT,463.9216,36128.6106,483.2517,463.9216,19.3301,0.01139613,0.01094029,19.3301,463.9216,0.01094029,19.3301,19.3301,19.3301,24.1626,24.1626,463.9216,0.01094029,106.3154,97.3877,376.9363,385.864,0.00888898,0.00909952,0.00045585,19.2749,17.1375,0.2201,5.7530,0.6409,504.8200,26.1429,7.1751,39.7174,2.9515,6.1317,20.2037,44.018,88.0359,220.0898,5.1098,0.0,14.357485,35.893712,3.143486,29,158,125,3,0.23384124,0.01139613,-0.00825174,0E-8,0.000000,0.887492,0.846818,0.02564465,2026-03-24,2026-08-06,84,754,547,136,0.617647,0.180654,0.372251,0.779471,,,,,,,,GLOBAL_BASELINE_NO_ENTITY_RANKING,,,NOT_APPLICABLE_GLOBAL_BASELINE,HF9g-P5,,,,X 全窗基线 · 不参与实体赏罚,8398237,840,A168_HF9F_20260827_0900,2026-08-27 09:00:00
2026-07-28,129740297,2169,0,71.5366063034,30.6585455586,30.6585455586,0.6000000,5,5,0.50128862000000000,0.501288620000,0.4414521777673877,0.4414521777673877,0.4414521777673877,0E-17,ELIGIBLE,R03b_20260811_FULL_v1,L1_ELIGIBILITY,v2026-08-11,2026-03-21..2026-08-06,baccarat_bet02_101_all_pairs_incl_sentinel,round_win = game_pnl > 0 (decisive only),COMPATIBILITY_ONLY_NOT_PRODUCTION,42404.8770,37633.9694,483.2517,2200,2196,-0.01139613,0.00825174,-0.01739291,-0.01139613,-483.2517,42404.8770,OK,0.0000,19.3301,4.0000,96.0000,AG03-UNRESOLVED,ALL5_LEVELS_bet23_to_bet27,19.3301,19.3301,19.3301,24.1626,24.1626,4.000000,4.000000,4.000000,5.000000,5.000000,96.000000,96.000000,96.000000,95.000000,95.000000,5.0,106.3154,97.3877,376.9363,385.864,PENDING_AG03,FALSE,NOT_FOR_ENFORCEMENT,463.9216,36128.6106,483.2517,463.9216,19.3301,0.01139613,0.01094029,19.3301,463.9216,0.01094029,19.3301,19.3301,19.3301,24.1626,24.1626,463.9216,0.01094029,106.3154,97.3877,376.9363,385.864,0.00888898,0.00909952,0.00045585,19.2749,17.1375,0.2201,5.7530,0.6409,504.8200,26.1429,7.1751,39.7174,2.9515,6.1317,20.2037,44.018,88.0359,220.0898,5.1098,0.0,14.357485,35.893712,3.143486,29,158,125,3,0.23384124,0.01139613,-0.00825174,0E-8,0.000000,0.887492,0.846818,0.02564465,2026-03-24,2026-08-06,84,754,547,136,0.617647,0.180654,0.372251,0.779471,,,,,,,,GLOBAL_BASELINE_NO_ENTITY_RANKING,,,NOT_APPLICABLE_GLOBAL_BASELINE,HF9g-P5,,,,X 全窗基线 · 不参与实体赏罚,8398238,840,A168_HF9F_20260827_0900,2026-08-27 09:00:00
2026-07-28,129740297,2216,0,44.9658668194,-12.2634182234,-12.2634182234,0.5000000,4,4,0.49659680000000000,0.496596800000,0.013613115331600182,0.013613115331600183,0.013613115331600182,0E-17,ELIGIBLE,R03b_20260811_FULL_v1,L1_ELIGIBILITY,v2026-08-11,2026-03-21..2026-08-06,baccarat_bet02_101_all_pairs_incl_sentinel,round_win = game_pnl > 0 (decisive only),COMPATIBILITY_ONLY_NOT_PRODUCTION,42404.8770,37633.9694,483.2517,2200,2196,-0.01139613,0.00825174,-0.01739291,-0.01139613,-483.2517,42404.8770,OK,0.0000,19.3301,4.0000,96.0000,AG03-UNRESOLVED,ALL5_LEVELS_bet23_to_bet27,19.3301,19.3301,19.3301,24.1626,24.1626,4.000000,4.000000,4.000000,5.000000,5.000000,96.000000,96.000000,96.000000,95.000000,95.000000,5.0,106.3154,97.3877,376.9363,385.864,PENDING_AG03,FALSE,NOT_FOR_ENFORCEMENT,463.9216,36128.6106,483.2517,463.9216,19.3301,0.01139613,0.01094029,19.3301,463.9216,0.01094029,19.3301,19.3301,19.3301,24.1626,24.1626,463.9216,0.01094029,106.3154,97.3877,376.9363,385.864,0.00888898,0.00909952,0.00045585,19.2749,17.1375,0.2201,5.7530,0.6409,504.8200,26.1429,7.1751,39.7174,2.9515,6.1317,20.2037,44.018,88.0359,220.0898,5.1098,0.0,14.357485,35.893712,3.143486,29,158,125,3,0.23384124,0.01139613,-0.00825174,0E-8,0.000000,0.887492,0.846818,0.02564465,2026-03-24,2026-08-06,84,754,547,136,0.617647,0.180654,0.372251,0.779471,,,,,,,,GLOBAL_BASELINE_NO_ENTITY_RANKING,,,NOT_APPLICABLE_GLOBAL_BASELINE,HF9g-P5,,,,X 全窗基线 · 不参与实体赏罚,8398239,840,A168_HF9F_20260827_0900,2026-08-27 09:00:00
2026-07-28,129740297,2287,0,61.3170911172,61.3170911172,61.3170911172,1.0000000,3,3,0.50665070000000000,0.506650700000,1.7091633124209307,1.7091633124209307,1.7091633124209307,0E-17,ELIGIBLE,R03b_20260811_FULL_v1,L1_ELIGIBILITY,v2026-08-11,2026-03-21..2026-08-06,baccarat_bet02_101_all_pairs_incl_sentinel,round_win = game_pnl > 0 (decisive only),COMPATIBILITY_ONLY_NOT_PRODUCTION,42404.8770,37633.9694,483.2517,2200,2196,-0.01139613,0.00825174,-0.01739291,-0.01139613,-483.2517,42404.8770,OK,0.0000,19.3301,4.0000,96.0000,AG03-UNRESOLVED,ALL5_LEVELS_bet23_to_bet27,19.3301,19.3301,19.3301,24.1626,24.1626,4.000000,4.000000,4.000000,5.000000,5.000000,96.000000,96.000000,96.000000,95.000000,95.000000,5.0,106.3154,97.3877,376.9363,385.864,PENDING_AG03,FALSE,NOT_FOR_ENFORCEMENT,463.9216,36128.6106,483.2517,463.9216,19.3301,0.01139613,0.01094029,19.3301,463.9216,0.01094029,19.3301,19.3301,19.3301,24.1626,24.1626,463.9216,0.01094029,106.3154,97.3877,376.9363,385.864,0.00888898,0.00909952,0.00045585,19.2749,17.1375,0.2201,5.7530,0.6409,504.8200,26.1429,7.1751,39.7174,2.9515,6.1317,20.2037,44.018,88.0359,220.0898,5.1098,0.0,14.357485,35.893712,3.143486,29,158,125,3,0.23384124,0.01139613,-0.00825174,0E-8,0.000000,0.887492,0.846818,0.02564465,2026-03-24,2026-08-06,84,754,547,136,0.617647,0.180654,0.372251,0.779471,,,,,,,,GLOBAL_BASELINE_NO_ENTITY_RANKING,,,NOT_APPLICABLE_GLOBAL_BASELINE,HF9g-P5,,,,X 全窗基线 · 不参与实体赏罚,8398240,840,A168_HF9F_20260827_0900,2026-08-27 09:00:00
2026-07-28,129740297,772,0,20.4390303724,20.4390303724,20.4390303724,1.0000000,1,1,0.49324550000000000,0.493245500000,1.01360149184955,1.01360149184955,1.01360149184955,0E-17,ELIGIBLE,R03b_20260811_FULL_v1,L1_ELIGIBILITY,v2026-08-11,2026-03-21..2026-08-06,baccarat_bet02_101_all_pairs_incl_sentinel,round_win = game_pnl > 0 (decisive only),COMPATIBILITY_ONLY_NOT_PRODUCTION,42404.8770,37633.9694,483.2517,2200,2196,-0.01139613,0.00825174,-0.01739291,-0.01139613,-483.2517,42404.8770,OK,0.0000,19.3301,4.0000,96.0000,AG03-UNRESOLVED,ALL5_LEVELS_bet23_to_bet27,19.3301,19.3301,19.3301,24.1626,24.1626,4.000000,4.000000,4.000000,5.000000,5.000000,96.000000,96.000000,96.000000,95.000000,95.000000,5.0,106.3154,97.3877,376.9363,385.864,PENDING_AG03,FALSE,NOT_FOR_ENFORCEMENT,463.9216,36128.6106,483.2517,463.9216,19.3301,0.01139613,0.01094029,19.3301,463.9216,0.01094029,19.3301,19.3301,19.3301,24.1626,24.1626,463.9216,0.01094029,106.3154,97.3877,376.9363,385.864,0.00888898,0.00909952,0.00045585,19.2749,17.1375,0.2201,5.7530,0.6409,504.8200,26.1429,7.1751,39.7174,2.9515,6.1317,20.2037,44.018,88.0359,220.0898,5.1098,0.0,14.357485,35.893712,3.143486,29,158,125,3,0.23384124,0.01139613,-0.00825174,0E-8,0.000000,0.887492,0.846818,0.02564465,2026-03-24,2026-08-06,84,754,547,136,0.617647,0.180654,0.372251,0.779471,,,,,,,,GLOBAL_BASELINE_NO_ENTITY_RANKING,,,NOT_APPLICABLE_GLOBAL_BASELINE,HF9g-P5,,,,X 全窗基线 · 不参与实体赏罚,8398241,840,A168_HF9F_20260827_0900,2026-08-27 09:00:00
2026-07-29,129740297,-1,1,86.2527081711,-7.3069533581,-7.3069533581,0.5384615,28,28,0.49803307142857143,0.498033071429,0.41229427479860686,0.4122942747942349,0.41229427479860686,-4.2857E-13,SENTINEL_DEALER,R03b_20260811_FULL_v1,L1_ELIGIBILITY,v2026-08-11,2026-03-21..2026-08-06,baccarat_bet02_101_all_pairs_incl_sentinel,round_win = game_pnl > 0 (decisive only),COMPATIBILITY_ONLY_NOT_PRODUCTION,42404.8770,37633.9694,483.2517,2200,2196,-0.01139613,0.00825174,-0.01739291,-0.01139613,-483.2517,42404.8770,OK,0.0000,19.3301,4.0000,96.0000,AG03-UNRESOLVED,ALL5_LEVELS_bet23_to_bet27,19.3301,19.3301,19.3301,24.1626,24.1626,4.000000,4.000000,4.000000,5.000000,5.000000,96.000000,96.000000,96.000000,95.000000,95.000000,5.0,106.3154,97.3877,376.9363,385.864,PENDING_AG03,FALSE,NOT_FOR_ENFORCEMENT,463.9216,36128.6106,483.2517,463.9216,19.3301,0.01139613,0.01094029,19.3301,463.9216,0.01094029,19.3301,19.3301,19.3301,24.1626,24.1626,463.9216,0.01094029,106.3154,97.3877,376.9363,385.864,0.00888898,0.00909952,0.00045585,19.2749,17.1375,0.2201,5.7530,0.6409,504.8200,26.1429,7.1751,39.7174,2.9515,6.1317,20.2037,44.018,88.0359,220.0898,5.1098,0.0,14.357485,35.893712,3.143486,29,158,125,3,0.23384124,0.01139613,-0.00825174,0E-8,0.000000,0.887492,0.846818,0.02564465,2026-03-24,2026-08-06,84,754,547,136,0.617647,0.180654,0.372251,0.779471,,,,,,,,GLOBAL_BASELINE_NO_ENTITY_RANKING,,,NOT_APPLICABLE_GLOBAL_BASELINE,HF9g-P5,,,,X 全窗基线 · 不参与实体赏罚,8398242,840,A168_HF9F_20260827_0900,2026-08-27 09:00:00
2026-07-29,129740297,1017,0,2.0439030372,-2.0439030372,-2.0439030372,0E-7,1,1,0.49324550000000000,0.493245500000,-0.9865810262130424,-0.9865810262130424,-0.9865810262130424,0E-17,ELIGIBLE,R03b_20260811_FULL_v1,L1_ELIGIBILITY,v2026-08-11,2026-03-21..2026-08-06,baccarat_bet02_101_all_pairs_incl_sentinel,round_win = game_pnl > 0 (decisive only),COMPATIBILITY_ONLY_NOT_PRODUCTION,42404.8770,37633.9694,483.2517,2200,2196,-0.01139613,0.00825174,-0.01739291,-0.01139613,-483.2517,42404.8770,OK,0.0000,19.3301,4.0000,96.0000,AG03-UNRESOLVED,ALL5_LEVELS_bet23_to_bet27,19.3301,19.3301,19.3301,24.1626,24.1626,4.000000,4.000000,4.000000,5.000000,5.000000,96.000000,96.000000,96.000000,95.000000,95.000000,5.0,106.3154,97.3877,376.9363,385.864,PENDING_AG03,FALSE,NOT_FOR_ENFORCEMENT,463.9216,36128.6106,483.2517,463.9216,19.3301,0.01139613,0.01094029,19.3301,463.9216,0.01094029,19.3301,19.3301,19.3301,24.1626,24.1626,463.9216,0.01094029,106.3154,97.3877,376.9363,385.864,0.00888898,0.00909952,0.00045585,19.2749,17.1375,0.2201,5.7530,0.6409,504.8200,26.1429,7.1751,39.7174,2.9515,6.1317,20.2037,44.018,88.0359,220.0898,5.1098,0.0,14.357485,35.893712,3.143486,29,158,125,3,0.23384124,0.01139613,-0.00825174,0E-8,0.000000,0.887492,0.846818,0.02564465,2026-03-24,2026-08-06,84,754,547,136,0.617647,0.180654,0.372251,0.779471,,,,,,,,GLOBAL_BASELINE_NO_ENTITY_RANKING,,,NOT_APPLICABLE_GLOBAL_BASELINE,HF9g-P5,,,,X 全窗基线 · 不参与实体赏罚,8398243,840,A168_HF9F_20260827_0900,2026-08-27 09:00:00
2026-07-29,129740297,1094,0,7.1536606303,1.0219515185,1.0219515185,0.6666667,3,3,0.50665070000000000,0.506650700000,0.5543606114942035,0.5543606114942035,0.5543606114942035,0E-17,ELIGIBLE,R03b_20260811_FULL_v1,L1_ELIGIBILITY,v2026-08-11,2026-03-21..2026-08-06,baccarat_bet02_101_all_pairs_incl_sentinel,round_win = game_pnl > 0 (decisive only),COMPATIBILITY_ONLY_NOT_PRODUCTION,42404.8770,37633.9694,483.2517,2200,2196,-0.01139613,0.00825174,-0.01739291,-0.01139613,-483.2517,42404.8770,OK,0.0000,19.3301,4.0000,96.0000,AG03-UNRESOLVED,ALL5_LEVELS_bet23_to_bet27,19.3301,19.3301,19.3301,24.1626,24.1626,4.000000,4.000000,4.000000,5.000000,5.000000,96.000000,96.000000,96.000000,95.000000,95.000000,5.0,106.3154,97.3877,376.9363,385.864,PENDING_AG03,FALSE,NOT_FOR_ENFORCEMENT,463.9216,36128.6106,483.2517,463.9216,19.3301,0.01139613,0.01094029,19.3301,463.9216,0.01094029,19.3301,19.3301,19.3301,24.1626,24.1626,463.9216,0.01094029,106.3154,97.3877,376.9363,385.864,0.00888898,0.00909952,0.00045585,19.2749,17.1375,0.2201,5.7530,0.6409,504.8200,26.1429,7.1751,39.7174,2.9515,6.1317,20.2037,44.018,88.0359,220.0898,5.1098,0.0,14.357485,35.893712,3.143486,29,158,125,3,0.23384124,0.01139613,-0.00825174,0E-8,0.000000,0.887492,0.846818,0.02564465,2026-03-24,2026-08-06,84,754,547,136,0.617647,0.180654,0.372251,0.779471,,,,,,,,GLOBAL_BASELINE_NO_ENTITY_RANKING,,,NOT_APPLICABLE_GLOBAL_BASELINE,HF9g-P5,,,,X 全窗基线 · 不参与实体赏罚,8398244,840,A168_HF9F_20260827_0900,2026-08-27 09:00:00
2026-07-29,129740297,1304,0,13.2853697421,7.1536606303,7.1536606303,0.5000000,2,2,0.50665070000000000,0.506650700000,-0.018812684590367487,-0.018812684590367487,-0.018812684590367487,0E-17,ELIGIBLE,R03b_20260811_FULL_v1,L1_ELIGIBILITY,v2026-08-11,2026-03-21..2026-08-06,baccarat_bet02_101_all_pairs_incl_sentinel,round_win = game_pnl > 0 (decisive only),COMPATIBILITY_ONLY_NOT_PRODUCTION,42404.8770,37633.9694,483.2517,2200,2196,-0.01139613,0.00825174,-0.01739291,-0.01139613,-483.2517,42404.8770,OK,0.0000,19.3301,4.0000,96.0000,AG03-UNRESOLVED,ALL5_LEVELS_bet23_to_bet27,19.3301,19.3301,19.3301,24.1626,24.1626,4.000000,4.000000,4.000000,5.000000,5.000000,96.000000,96.000000,96.000000,95.000000,95.000000,5.0,106.3154,97.3877,376.9363,385.864,PENDING_AG03,FALSE,NOT_FOR_ENFORCEMENT,463.9216,36128.6106,483.2517,463.9216,19.3301,0.01139613,0.01094029,19.3301,463.9216,0.01094029,19.3301,19.3301,19.3301,24.1626,24.1626,463.9216,0.01094029,106.3154,97.3877,376.9363,385.864,0.00888898,0.00909952,0.00045585,19.2749,17.1375,0.2201,5.7530,0.6409,504.8200,26.1429,7.1751,39.7174,2.9515,6.1317,20.2037,44.018,88.0359,220.0898,5.1098,0.0,14.357485,35.893712,3.143486,29,158,125,3,0.23384124,0.01139613,-0.00825174,0E-8,0.000000,0.887492,0.846818,0.02564465,2026-03-24,2026-08-06,84,754,547,136,0.617647,0.180654,0.372251,0.779471,,,,,,,,GLOBAL_BASELINE_NO_ENTITY_RANKING,,,NOT_APPLICABLE_GLOBAL_BASELINE,HF9g-P5,,,,X 全窗基线 · 不参与实体赏罚,8398245,840,A168_HF9F_20260827_0900,2026-08-27 09:00:00
2026-07-29,129740297,1306,0,5.3141478968,4.9053672894,4.9053672894,0.6666667,3,3,0.49771390000000000,0.497713900000,0.5852756695216578,0.5852756695216578,0.5852756695216578,0E-17,ELIGIBLE,R03b_20260811_FULL_v1,L1_ELIGIBILITY,v2026-08-11,2026-03-21..2026-08-06,baccarat_bet02_101_all_pairs_incl_sentinel,round_win = game_pnl > 0 (decisive only),COMPATIBILITY_ONLY_NOT_PRODUCTION,42404.8770,37633.9694,483.2517,2200,2196,-0.01139613,0.00825174,-0.01739291,-0.01139613,-483.2517,42404.8770,OK,0.0000,19.3301,4.0000,96.0000,AG03-UNRESOLVED,ALL5_LEVELS_bet23_to_bet27,19.3301,19.3301,19.3301,24.1626,24.1626,4.000000,4.000000,4.000000,5.000000,5.000000,96.000000,96.000000,96.000000,95.000000,95.000000,5.0,106.3154,97.3877,376.9363,385.864,PENDING_AG03,FALSE,NOT_FOR_ENFORCEMENT,463.9216,36128.6106,483.2517,463.9216,19.3301,0.01139613,0.01094029,19.3301,463.9216,0.01094029,19.3301,19.3301,19.3301,24.1626,24.1626,463.9216,0.01094029,106.3154,97.3877,376.9363,385.864,0.00888898,0.00909952,0.00045585,19.2749,17.1375,0.2201,5.7530,0.6409,504.8200,26.1429,7.1751,39.7174,2.9515,6.1317,20.2037,44.018,88.0359,220.0898,5.1098,0.0,14.357485,35.893712,3.143486,29,158,125,3,0.23384124,0.01139613,-0.00825174,0E-8,0.000000,0.887492,0.846818,0.02564465,2026-03-24,2026-08-06,84,754,547,136,0.617647,0.180654,0.372251,0.779471,,,,,,,,GLOBAL_BASELINE_NO_ENTITY_RANKING,,,NOT_APPLICABLE_GLOBAL_BASELINE,HF9g-P5,,,,X 全窗基线 · 不参与实体赏罚,8398246,840,A168_HF9F_20260827_0900,2026-08-27 09:00:00
2026-07-29,129740297,1383,0,10.2195151860,0E-10,0E-10,0.5000000,5,5,0.49324550000000000,0.493245500000,0.027020465636507562,0.027020465636507562,0.027020465636507562,0E-17,ELIGIBLE,R03b_20260811_FULL_v1,L1_ELIGIBILITY,v2026-08-11,2026-03-21..2026-08-06,baccarat_bet02_101_all_pairs_incl_sentinel,round_win = game_pnl > 0 (decisive only),COMPATIBILITY_ONLY_NOT_PRODUCTION,42404.8770,37633.9694,483.2517,2200,2196,-0.01139613,0.00825174,-0.01739291,-0.01139613,-483.2517,42404.8770,OK,0.0000,19.3301,4.0000,96.0000,AG03-UNRESOLVED,ALL5_LEVELS_bet23_to_bet27,19.3301,19.3301,19.3301,24.1626,24.1626,4.000000,4.000000,4.000000,5.000000,5.000000,96.000000,96.000000,96.000000,95.000000,95.000000,5.0,106.3154,97.3877,376.9363,385.864,PENDING_AG03,FALSE,NOT_FOR_ENFORCEMENT,463.9216,36128.6106,483.2517,463.9216,19.3301,0.01139613,0.01094029,19.3301,463.9216,0.01094029,19.3301,19.3301,19.3301,24.1626,24.1626,463.9216,0.01094029,106.3154,97.3877,376.9363,385.864,0.00888898,0.00909952,0.00045585,19.2749,17.1375,0.2201,5.7530,0.6409,504.8200,26.1429,7.1751,39.7174,2.9515,6.1317,20.2037,44.018,88.0359,220.0898,5.1098,0.0,14.357485,35.893712,3.143486,29,158,125,3,0.23384124,0.01139613,-0.00825174,0E-8,0.000000,0.887492,0.846818,0.02564465,2026-03-24,2026-08-06,84,754,547,136,0.617647,0.180654,0.372251,0.779471,,,,,,,,GLOBAL_BASELINE_NO_ENTITY_RANKING,,,NOT_APPLICABLE_GLOBAL_BASELINE,HF9g-P5,,,,X 全窗基线 · 不参与实体赏罚,8398247,840,A168_HF9F_20260827_0900,2026-08-27 09:00:00
2026-07-29,129740297,1401,0,2.0439030372,2.0439030372,2.0439030372,1.0000000,1,1,0.49324550000000000,0.493245500000,1.01360149184955,1.01360149184955,1.01360149184955,0E-17,ELIGIBLE,R03b_20260811_FULL_v1,L1_ELIGIBILITY,v2026-08-11,2026-03-21..2026-08-06,baccarat_bet02_101_all_pairs_incl_sentinel,round_win = game_pnl > 0 (decisive only),COMPATIBILITY_ONLY_NOT_PRODUCTION,42404.8770,37633.9694,483.2517,2200,2196,-0.01139613,0.00825174,-0.01739291,-0.01139613,-483.2517,42404.8770,OK,0.0000,19.3301,4.0000,96.0000,AG03-UNRESOLVED,ALL5_LEVELS_bet23_to_bet27,19.3301,19.3301,19.3301,24.1626,24.1626,4.000000,4.000000,4.000000,5.000000,5.000000,96.000000,96.000000,96.000000,95.000000,95.000000,5.0,106.3154,97.3877,376.9363,385.864,PENDING_AG03,FALSE,NOT_FOR_ENFORCEMENT,463.9216,36128.6106,483.2517,463.9216,19.3301,0.01139613,0.01094029,19.3301,463.9216,0.01094029,19.3301,19.3301,19.3301,24.1626,24.1626,463.9216,0.01094029,106.3154,97.3877,376.9363,385.864,0.00888898,0.00909952,0.00045585,19.2749,17.1375,0.2201,5.7530,0.6409,504.8200,26.1429,7.1751,39.7174,2.9515,6.1317,20.2037,44.018,88.0359,220.0898,5.1098,0.0,14.357485,35.893712,3.143486,29,158,125,3,0.23384124,0.01139613,-0.00825174,0E-8,0.000000,0.887492,0.846818,0.02564465,2026-03-24,2026-08-06,84,754,547,136,0.617647,0.180654,0.372251,0.779471,,,,,,,,GLOBAL_BASELINE_NO_ENTITY_RANKING,,,NOT_APPLICABLE_GLOBAL_BASELINE,HF9g-P5,,,,X 全窗基线 · 不参与实体赏罚,8398248,840,A168_HF9F_20260827_0900,2026-08-27 09:00:00
2026-07-29,129740297,1485,0,2.0439030372,2.0439030372,2.0439030372,1.0000000,1,1,0.50665070000000000,0.506650700000,0.9867858985152569,0.9867858985152569,0.9867858985152569,0E-17,ELIGIBLE,R03b_20260811_FULL_v1,L1_ELIGIBILITY,v2026-08-11,2026-03-21..2026-08-06,baccarat_bet02_101_all_pairs_incl_sentinel,round_win = game_pnl > 0 (decisive only),COMPATIBILITY_ONLY_NOT_PRODUCTION,42404.8770,37633.9694,483.2517,2200,2196,-0.01139613,0.00825174,-0.01739291,-0.01139613,-483.2517,42404.8770,OK,0.0000,19.3301,4.0000,96.0000,AG03-UNRESOLVED,ALL5_LEVELS_bet23_to_bet27,19.3301,19.3301,19.3301,24.1626,24.1626,4.000000,4.000000,4.000000,5.000000,5.000000,96.000000,96.000000,96.000000,95.000000,95.000000,5.0,106.3154,97.3877,376.9363,385.864,PENDING_AG03,FALSE,NOT_FOR_ENFORCEMENT,463.9216,36128.6106,483.2517,463.9216,19.3301,0.01139613,0.01094029,19.3301,463.9216,0.01094029,19.3301,19.3301,19.3301,24.1626,24.1626,463.9216,0.01094029,106.3154,97.3877,376.9363,385.864,0.00888898,0.00909952,0.00045585,19.2749,17.1375,0.2201,5.7530,0.6409,504.8200,26.1429,7.1751,39.7174,2.9515,6.1317,20.2037,44.018,88.0359,220.0898,5.1098,0.0,14.357485,35.893712,3.143486,29,158,125,3,0.23384124,0.01139613,-0.00825174,0E-8,0.000000,0.887492,0.846818,0.02564465,2026-03-24,2026-08-06,84,754,547,136,0.617647,0.180654,0.372251,0.779471,,,,,,,,GLOBAL_BASELINE_NO_ENTITY_RANKING,,,NOT_APPLICABLE_GLOBAL_BASELINE,HF9g-P5,,,,X 全窗基线 · 不参与实体赏罚,8398249,840,A168_HF9F_20260827_0900,2026-08-27 09:00:00
2026-07-29,129740297,1507,0,6.1317091117,2.0439030373,2.0439030373,0.5000000,2,2,0.49324550000000000,0.493245500000,0.01910635448239258,0.01910635448239258,0.01910635448239258,0E-17,ELIGIBLE,R03b_20260811_FULL_v1,L1_ELIGIBILITY,v2026-08-11,2026-03-21..2026-08-06,baccarat_bet02_101_all_pairs_incl_sentinel,round_win = game_pnl > 0 (decisive only),COMPATIBILITY_ONLY_NOT_PRODUCTION,42404.8770,37633.9694,483.2517,2200,2196,-0.01139613,0.00825174,-0.01739291,-0.01139613,-483.2517,42404.8770,OK,0.0000,19.3301,4.0000,96.0000,AG03-UNRESOLVED,ALL5_LEVELS_bet23_to_bet27,19.3301,19.3301,19.3301,24.1626,24.1626,4.000000,4.000000,4.000000,5.000000,5.000000,96.000000,96.000000,96.000000,95.000000,95.000000,5.0,106.3154,97.3877,376.9363,385.864,PENDING_AG03,FALSE,NOT_FOR_ENFORCEMENT,463.9216,36128.6106,483.2517,463.9216,19.3301,0.01139613,0.01094029,19.3301,463.9216,0.01094029,19.3301,19.3301,19.3301,24.1626,24.1626,463.9216,0.01094029,106.3154,97.3877,376.9363,385.864,0.00888898,0.00909952,0.00045585,19.2749,17.1375,0.2201,5.7530,0.6409,504.8200,26.1429,7.1751,39.7174,2.9515,6.1317,20.2037,44.018,88.0359,220.0898,5.1098,0.0,14.357485,35.893712,3.143486,29,158,125,3,0.23384124,0.01139613,-0.00825174,0E-8,0.000000,0.887492,0.846818,0.02564465,2026-03-24,2026-08-06,84,754,547,136,0.617647,0.180654,0.372251,0.779471,,,,,,,,GLOBAL_BASELINE_NO_ENTITY_RANKING,,,NOT_APPLICABLE_GLOBAL_BASELINE,HF9g-P5,,,,X 全窗基线 · 不参与实体赏罚,8398250,840,A168_HF9F_20260827_0900,2026-08-27 09:00:00
2026-07-29,129740297,1704,0,12.2634182234,12.2634182234,12.2634182234,1.0000000,2,2,0.50665070000000000,0.506650700000,1.3955260008387969,1.3955260008387969,1.3955260008387969,0E-17,ELIGIBLE,R03b_20260811_FULL_v1,L1_ELIGIBILITY,v2026-08-11,2026-03-21..2026-08-06,baccarat_bet02_101_all_pairs_incl_sentinel,round_win = game_pnl > 0 (decisive only),COMPATIBILITY_ONLY_NOT_PRODUCTION,42404.8770,37633.9694,483.2517,2200,2196,-0.01139613,0.00825174,-0.01739291,-0.01139613,-483.2517,42404.8770,OK,0.0000,19.3301,4.0000,96.0000,AG03-UNRESOLVED,ALL5_LEVELS_bet23_to_bet27,19.3301,19.3301,19.3301,24.1626,24.1626,4.000000,4.000000,4.000000,5.000000,5.000000,96.000000,96.000000,96.000000,95.000000,95.000000,5.0,106.3154,97.3877,376.9363,385.864,PENDING_AG03,FALSE,NOT_FOR_ENFORCEMENT,463.9216,36128.6106,483.2517,463.9216,19.3301,0.01139613,0.01094029,19.3301,463.9216,0.01094029,19.3301,19.3301,19.3301,24.1626,24.1626,463.9216,0.01094029,106.3154,97.3877,376.9363,385.864,0.00888898,0.00909952,0.00045585,19.2749,17.1375,0.2201,5.7530,0.6409,504.8200,26.1429,7.1751,39.7174,2.9515,6.1317,20.2037,44.018,88.0359,220.0898,5.1098,0.0,14.357485,35.893712,3.143486,29,158,125,3,0.23384124,0.01139613,-0.00825174,0E-8,0.000000,0.887492,0.846818,0.02564465,2026-03-24,2026-08-06,84,754,547,136,0.617647,0.180654,0.372251,0.779471,,,,,,,,GLOBAL_BASELINE_NO_ENTITY_RANKING,,,NOT_APPLICABLE_GLOBAL_BASELINE,HF9g-P5,,,,X 全窗基线 · 不参与实体赏罚,8398251,840,A168_HF9F_20260827_0900,2026-08-27 09:00:00
2026-07-29,129740297,1994,0,6.1317091118,-6.1317091118,-6.1317091118,0E-7,2,2,0.49324550000000000,0.493245500000,-1.3952362676504506,-1.3952362676504506,-1.3952362676504506,0E-17,ELIGIBLE,R03b_20260811_FULL_v1,L1_ELIGIBILITY,v2026-08-11,2026-03-21..2026-08-06,baccarat_bet02_101_all_pairs_incl_sentinel,round_win = game_pnl > 0 (decisive only),COMPATIBILITY_ONLY_NOT_PRODUCTION,42404.8770,37633.9694,483.2517,2200,2196,-0.01139613,0.00825174,-0.01739291,-0.01139613,-483.2517,42404.8770,OK,0.0000,19.3301,4.0000,96.0000,AG03-UNRESOLVED,ALL5_LEVELS_bet23_to_bet27,19.3301,19.3301,19.3301,24.1626,24.1626,4.000000,4.000000,4.000000,5.000000,5.000000,96.000000,96.000000,96.000000,95.000000,95.000000,5.0,106.3154,97.3877,376.9363,385.864,PENDING_AG03,FALSE,NOT_FOR_ENFORCEMENT,463.9216,36128.6106,483.2517,463.9216,19.3301,0.01139613,0.01094029,19.3301,463.9216,0.01094029,19.3301,19.3301,19.3301,24.1626,24.1626,463.9216,0.01094029,106.3154,97.3877,376.9363,385.864,0.00888898,0.00909952,0.00045585,19.2749,17.1375,0.2201,5.7530,0.6409,504.8200,26.1429,7.1751,39.7174,2.9515,6.1317,20.2037,44.018,88.0359,220.0898,5.1098,0.0,14.357485,35.893712,3.143486,29,158,125,3,0.23384124,0.01139613,-0.00825174,0E-8,0.000000,0.887492,0.846818,0.02564465,2026-03-24,2026-08-06,84,754,547,136,0.617647,0.180654,0.372251,0.779471,,,,,,,,GLOBAL_BASELINE_NO_ENTITY_RANKING,,,NOT_APPLICABLE_GLOBAL_BASELINE,HF9g-P5,,,,X 全窗基线 · 不参与实体赏罚,8398252,840,A168_HF9F_20260827_0900,2026-08-27 09:00:00
2026-07-29,129740297,2101,0,0.2043903037,-0.2043903037,-0.2043903037,0E-7,1,1,0.49324550000000000,0.493245500000,-0.9865810262130424,-0.9865810262130424,-0.9865810262130424,0E-17,ELIGIBLE,R03b_20260811_FULL_v1,L1_ELIGIBILITY,v2026-08-11,2026-03-21..2026-08-06,baccarat_bet02_101_all_pairs_incl_sentinel,round_win = game_pnl > 0 (decisive only),COMPATIBILITY_ONLY_NOT_PRODUCTION,42404.8770,37633.9694,483.2517,2200,2196,-0.01139613,0.00825174,-0.01739291,-0.01139613,-483.2517,42404.8770,OK,0.0000,19.3301,4.0000,96.0000,AG03-UNRESOLVED,ALL5_LEVELS_bet23_to_bet27,19.3301,19.3301,19.3301,24.1626,24.1626,4.000000,4.000000,4.000000,5.000000,5.000000,96.000000,96.000000,96.000000,95.000000,95.000000,5.0,106.3154,97.3877,376.9363,385.864,PENDING_AG03,FALSE,NOT_FOR_ENFORCEMENT,463.9216,36128.6106,483.2517,463.9216,19.3301,0.01139613,0.01094029,19.3301,463.9216,0.01094029,19.3301,19.3301,19.3301,24.1626,24.1626,463.9216,0.01094029,106.3154,97.3877,376.9363,385.864,0.00888898,0.00909952,0.00045585,19.2749,17.1375,0.2201,5.7530,0.6409,504.8200,26.1429,7.1751,39.7174,2.9515,6.1317,20.2037,44.018,88.0359,220.0898,5.1098,0.0,14.357485,35.893712,3.143486,29,158,125,3,0.23384124,0.01139613,-0.00825174,0E-8,0.000000,0.887492,0.846818,0.02564465,2026-03-24,2026-08-06,84,754,547,136,0.617647,0.180654,0.372251,0.779471,,,,,,,,GLOBAL_BASELINE_NO_ENTITY_RANKING,,,NOT_APPLICABLE_GLOBAL_BASELINE,HF9g-P5,,,,X 全窗基线 · 不参与实体赏罚,8398253,840,A168_HF9F_20260827_0900,2026-08-27 09:00:00
2026-07-29,129740297,2106,0,6.1317091118,-6.1317091118,-6.1317091118,0E-7,2,2,0.50665070000000000,0.506650700000,-1.4331513700195317,-1.4331513700195317,-1.4331513700195317,0E-17,ELIGIBLE,R03b_20260811_FULL_v1,L1_ELIGIBILITY,v2026-08-11,2026-03-21..2026-08-06,baccarat_bet02_101_all_pairs_incl_sentinel,round_win = game_pnl > 0 (decisive only),COMPATIBILITY_ONLY_NOT_PRODUCTION,42404.8770,37633.9694,483.2517,2200,2196,-0.01139613,0.00825174,-0.01739291,-0.01139613,-483.2517,42404.8770,OK,0.0000,19.3301,4.0000,96.0000,AG03-UNRESOLVED,ALL5_LEVELS_bet23_to_bet27,19.3301,19.3301,19.3301,24.1626,24.1626,4.000000,4.000000,4.000000,5.000000,5.000000,96.000000,96.000000,96.000000,95.000000,95.000000,5.0,106.3154,97.3877,376.9363,385.864,PENDING_AG03,FALSE,NOT_FOR_ENFORCEMENT,463.9216,36128.6106,483.2517,463.9216,19.3301,0.01139613,0.01094029,19.3301,463.9216,0.01094029,19.3301,19.3301,19.3301,24.1626,24.1626,463.9216,0.01094029,106.3154,97.3877,376.9363,385.864,0.00888898,0.00909952,0.00045585,19.2749,17.1375,0.2201,5.7530,0.6409,504.8200,26.1429,7.1751,39.7174,2.9515,6.1317,20.2037,44.018,88.0359,220.0898,5.1098,0.0,14.357485,35.893712,3.143486,29,158,125,3,0.23384124,0.01139613,-0.00825174,0E-8,0.000000,0.887492,0.846818,0.02564465,2026-03-24,2026-08-06,84,754,547,136,0.617647,0.180654,0.372251,0.779471,,,,,,,,GLOBAL_BASELINE_NO_ENTITY_RANKING,,,NOT_APPLICABLE_GLOBAL_BASELINE,HF9g-P5,,,,X 全窗基线 · 不参与实体赏罚,8398254,840,A168_HF9F_20260827_0900,2026-08-27 09:00:00
2026-07-29,129740297,2127,0,6.1317091117,-6.1317091117,-6.1317091117,0E-7,2,2,0.50665070000000000,0.506650700000,-1.4331513700195317,-1.4331513700195317,-1.4331513700195317,0E-17,ELIGIBLE,R03b_20260811_FULL_v1,L1_ELIGIBILITY,v2026-08-11,2026-03-21..2026-08-06,baccarat_bet02_101_all_pairs_incl_sentinel,round_win = game_pnl > 0 (decisive only),COMPATIBILITY_ONLY_NOT_PRODUCTION,42404.8770,37633.9694,483.2517,2200,2196,-0.01139613,0.00825174,-0.01739291,-0.01139613,-483.2517,42404.8770,OK,0.0000,19.3301,4.0000,96.0000,AG03-UNRESOLVED,ALL5_LEVELS_bet23_to_bet27,19.3301,19.3301,19.3301,24.1626,24.1626,4.000000,4.000000,4.000000,5.000000,5.000000,96.000000,96.000000,96.000000,95.000000,95.000000,5.0,106.3154,97.3877,376.9363,385.864,PENDING_AG03,FALSE,NOT_FOR_ENFORCEMENT,463.9216,36128.6106,483.2517,463.9216,19.3301,0.01139613,0.01094029,19.3301,463.9216,0.01094029,19.3301,19.3301,19.3301,24.1626,24.1626,463.9216,0.01094029,106.3154,97.3877,376.9363,385.864,0.00888898,0.00909952,0.00045585,19.2749,17.1375,0.2201,5.7530,0.6409,504.8200,26.1429,7.1751,39.7174,2.9515,6.1317,20.2037,44.018,88.0359,220.0898,5.1098,0.0,14.357485,35.893712,3.143486,29,158,125,3,0.23384124,0.01139613,-0.00825174,0E-8,0.000000,0.887492,0.846818,0.02564465,2026-03-24,2026-08-06,84,754,547,136,0.617647,0.180654,0.372251,0.779471,,,,,,,,GLOBAL_BASELINE_NO_ENTITY_RANKING,,,NOT_APPLICABLE_GLOBAL_BASELINE,HF9g-P5,,,,X 全窗基线 · 不参与实体赏罚,8398255,840,A168_HF9F_20260827_0900,2026-08-27 09:00:00
2026-07-29,129740297,2156,0,20.4390303724,-20.4390303724,-20.4390303724,0E-7,1,1,0.50665070000000000,0.506650700000,-1.013391052207602,-1.013391052207602,-1.013391052207602,0E-17,ELIGIBLE,R03b_20260811_FULL_v1,L1_ELIGIBILITY,v2026-08-11,2026-03-21..2026-08-06,baccarat_bet02_101_all_pairs_incl_sentinel,round_win = game_pnl > 0 (decisive only),COMPATIBILITY_ONLY_NOT_PRODUCTION,42404.8770,37633.9694,483.2517,2200,2196,-0.01139613,0.00825174,-0.01739291,-0.01139613,-483.2517,42404.8770,OK,0.0000,19.3301,4.0000,96.0000,AG03-UNRESOLVED,ALL5_LEVELS_bet23_to_bet27,19.3301,19.3301,19.3301,24.1626,24.1626,4.000000,4.000000,4.000000,5.000000,5.000000,96.000000,96.000000,96.000000,95.000000,95.000000,5.0,106.3154,97.3877,376.9363,385.864,PENDING_AG03,FALSE,NOT_FOR_ENFORCEMENT,463.9216,36128.6106,483.2517,463.9216,19.3301,0.01139613,0.01094029,19.3301,463.9216,0.01094029,19.3301,19.3301,19.3301,24.1626,24.1626,463.9216,0.01094029,106.3154,97.3877,376.9363,385.864,0.00888898,0.00909952,0.00045585,19.2749,17.1375,0.2201,5.7530,0.6409,504.8200,26.1429,7.1751,39.7174,2.9515,6.1317,20.2037,44.018,88.0359,220.0898,5.1098,0.0,14.357485,35.893712,3.143486,29,158,125,3,0.23384124,0.01139613,-0.00825174,0E-8,0.000000,0.887492,0.846818,0.02564465,2026-03-24,2026-08-06,84,754,547,136,0.617647,0.180654,0.372251,0.779471,,,,,,,,GLOBAL_BASELINE_NO_ENTITY_RANKING,,,NOT_APPLICABLE_GLOBAL_BASELINE,HF9g-P5,,,,X 全窗基线 · 不参与实体赏罚,8398256,840,A168_HF9F_20260827_0900,2026-08-27 09:00:00
2026-07-29,129740297,2160,0,3.0658545558,-1.0219515186,-1.0219515186,0.5000000,2,2,0.49994810000000000,0.499948100000,0.00014679536856514622,0.00014679536856514622,0.00014679536856514622,0E-17,ELIGIBLE,R03b_20260811_FULL_v1,L1_ELIGIBILITY,v2026-08-11,2026-03-21..2026-08-06,baccarat_bet02_101_all_pairs_incl_sentinel,round_win = game_pnl > 0 (decisive only),COMPATIBILITY_ONLY_NOT_PRODUCTION,42404.8770,37633.9694,483.2517,2200,2196,-0.01139613,0.00825174,-0.01739291,-0.01139613,-483.2517,42404.8770,OK,0.0000,19.3301,4.0000,96.0000,AG03-UNRESOLVED,ALL5_LEVELS_bet23_to_bet27,19.3301,19.3301,19.3301,24.1626,24.1626,4.000000,4.000000,4.000000,5.000000,5.000000,96.000000,96.000000,96.000000,95.000000,95.000000,5.0,106.3154,97.3877,376.9363,385.864,PENDING_AG03,FALSE,NOT_FOR_ENFORCEMENT,463.9216,36128.6106,483.2517,463.9216,19.3301,0.01139613,0.01094029,19.3301,463.9216,0.01094029,19.3301,19.3301,19.3301,24.1626,24.1626,463.9216,0.01094029,106.3154,97.3877,376.9363,385.864,0.00888898,0.00909952,0.00045585,19.2749,17.1375,0.2201,5.7530,0.6409,504.8200,26.1429,7.1751,39.7174,2.9515,6.1317,20.2037,44.018,88.0359,220.0898,5.1098,0.0,14.357485,35.893712,3.143486,29,158,125,3,0.23384124,0.01139613,-0.00825174,0E-8,0.000000,0.887492,0.846818,0.02564465,2026-03-24,2026-08-06,84,754,547,136,0.617647,0.180654,0.372251,0.779471,,,,,,,,GLOBAL_BASELINE_NO_ENTITY_RANKING,,,NOT_APPLICABLE_GLOBAL_BASELINE,HF9g-P5,,,,X 全窗基线 · 不参与实体赏罚,8398257,840,A168_HF9F_20260827_0900,2026-08-27 09:00:00
2026-07-29,129740297,2209,0,4.0878060744,2.0439030372,2.0439030372,1.0000000,2,2,0.50665070000000000,0.506650700000,0.9867858985152569,0.9867858985152569,0.9867858985152569,0E-17,ELIGIBLE,R03b_20260811_FULL_v1,L1_ELIGIBILITY,v2026-08-11,2026-03-21..2026-08-06,baccarat_bet02_101_all_pairs_incl_sentinel,round_win = game_pnl > 0 (decisive only),COMPATIBILITY_ONLY_NOT_PRODUCTION,42404.8770,37633.9694,483.2517,2200,2196,-0.01139613,0.00825174,-0.01739291,-0.01139613,-483.2517,42404.8770,OK,0.0000,19.3301,4.0000,96.0000,AG03-UNRESOLVED,ALL5_LEVELS_bet23_to_bet27,19.3301,19.3301,19.3301,24.1626,24.1626,4.000000,4.000000,4.000000,5.000000,5.000000,96.000000,96.000000,96.000000,95.000000,95.000000,5.0,106.3154,97.3877,376.9363,385.864,PENDING_AG03,FALSE,NOT_FOR_ENFORCEMENT,463.9216,36128.6106,483.2517,463.9216,19.3301,0.01139613,0.01094029,19.3301,463.9216,0.01094029,19.3301,19.3301,19.3301,24.1626,24.1626,463.9216,0.01094029,106.3154,97.3877,376.9363,385.864,0.00888898,0.00909952,0.00045585,19.2749,17.1375,0.2201,5.7530,0.6409,504.8200,26.1429,7.1751,39.7174,2.9515,6.1317,20.2037,44.018,88.0359,220.0898,5.1098,0.0,14.357485,35.893712,3.143486,29,158,125,3,0.23384124,0.01139613,-0.00825174,0E-8,0.000000,0.887492,0.846818,0.02564465,2026-03-24,2026-08-06,84,754,547,136,0.617647,0.180654,0.372251,0.779471,,,,,,,,GLOBAL_BASELINE_NO_ENTITY_RANKING,,,NOT_APPLICABLE_GLOBAL_BASELINE,HF9g-P5,,,,X 全窗基线 · 不参与实体赏罚,8398258,840,A168_HF9F_20260827_0900,2026-08-27 09:00:00
2026-07-29,129740297,2229,0,6.1317091118,-3.0658545559,-3.0658545559,0E-7,2,2,0.50665070000000000,0.506650700000,-1.013391052207602,-1.013391052207602,-1.013391052207602,0E-17,ELIGIBLE,R03b_20260811_FULL_v1,L1_ELIGIBILITY,v2026-08-11,2026-03-21..2026-08-06,baccarat_bet02_101_all_pairs_incl_sentinel,round_win = game_pnl > 0 (decisive only),COMPATIBILITY_ONLY_NOT_PRODUCTION,42404.8770,37633.9694,483.2517,2200,2196,-0.01139613,0.00825174,-0.01739291,-0.01139613,-483.2517,42404.8770,OK,0.0000,19.3301,4.0000,96.0000,AG03-UNRESOLVED,ALL5_LEVELS_bet23_to_bet27,19.3301,19.3301,19.3301,24.1626,24.1626,4.000000,4.000000,4.000000,5.000000,5.000000,96.000000,96.000000,96.000000,95.000000,95.000000,5.0,106.3154,97.3877,376.9363,385.864,PENDING_AG03,FALSE,NOT_FOR_ENFORCEMENT,463.9216,36128.6106,483.2517,463.9216,19.3301,0.01139613,0.01094029,19.3301,463.9216,0.01094029,19.3301,19.3301,19.3301,24.1626,24.1626,463.9216,0.01094029,106.3154,97.3877,376.9363,385.864,0.00888898,0.00909952,0.00045585,19.2749,17.1375,0.2201,5.7530,0.6409,504.8200,26.1429,7.1751,39.7174,2.9515,6.1317,20.2037,44.018,88.0359,220.0898,5.1098,0.0,14.357485,35.893712,3.143486,29,158,125,3,0.23384124,0.01139613,-0.00825174,0E-8,0.000000,0.887492,0.846818,0.02564465,2026-03-24,2026-08-06,84,754,547,136,0.617647,0.180654,0.372251,0.779471,,,,,,,,GLOBAL_BASELINE_NO_ENTITY_RANKING,,,NOT_APPLICABLE_GLOBAL_BASELINE,HF9g-P5,,,,X 全窗基线 · 不参与实体赏罚,8398259,840,A168_HF9F_20260827_0900,2026-08-27 09:00:00
2026-07-29,129740297,2239,0,1.0219515186,1.0219515186,1.0219515186,1.0000000,1,1,0.49324550000000000,0.493245500000,1.01360149184955,1.01360149184955,1.01360149184955,0E-17,ELIGIBLE,R03b_20260811_FULL_v1,L1_ELIGIBILITY,v2026-08-11,2026-03-21..2026-08-06,baccarat_bet02_101_all_pairs_incl_sentinel,round_win = game_pnl > 0 (decisive only),COMPATIBILITY_ONLY_NOT_PRODUCTION,42404.8770,37633.9694,483.2517,2200,2196,-0.01139613,0.00825174,-0.01739291,-0.01139613,-483.2517,42404.8770,OK,0.0000,19.3301,4.0000,96.0000,AG03-UNRESOLVED,ALL5_LEVELS_bet23_to_bet27,19.3301,19.3301,19.3301,24.1626,24.1626,4.000000,4.000000,4.000000,5.000000,5.000000,96.000000,96.000000,96.000000,95.000000,95.000000,5.0,106.3154,97.3877,376.9363,385.864,PENDING_AG03,FALSE,NOT_FOR_ENFORCEMENT,463.9216,36128.6106,483.2517,463.9216,19.3301,0.01139613,0.01094029,19.3301,463.9216,0.01094029,19.3301,19.3301,19.3301,24.1626,24.1626,463.9216,0.01094029,106.3154,97.3877,376.9363,385.864,0.00888898,0.00909952,0.00045585,19.2749,17.1375,0.2201,5.7530,0.6409,504.8200,26.1429,7.1751,39.7174,2.9515,6.1317,20.2037,44.018,88.0359,220.0898,5.1098,0.0,14.357485,35.893712,3.143486,29,158,125,3,0.23384124,0.01139613,-0.00825174,0E-8,0.000000,0.887492,0.846818,0.02564465,2026-03-24,2026-08-06,84,754,547,136,0.617647,0.180654,0.372251,0.779471,,,,,,,,GLOBAL_BASELINE_NO_ENTITY_RANKING,,,NOT_APPLICABLE_GLOBAL_BASELINE,HF9g-P5,,,,X 全窗基线 · 不参与实体赏罚,8398260,840,A168_HF9F_20260827_0900,2026-08-27 09:00:00
2026-07-29,129740297,2280,0,5.1097575931,-5.1097575931,-5.1097575931,0E-7,2,2,0.50665070000000000,0.506650700000,-1.4331513700195317,-1.4331513700195317,-1.4331513700195317,0E-17,ELIGIBLE,R03b_20260811_FULL_v1,L1_ELIGIBILITY,v2026-08-11,2026-03-21..2026-08-06,baccarat_bet02_101_all_pairs_incl_sentinel,round_win = game_pnl > 0 (decisive only),COMPATIBILITY_ONLY_NOT_PRODUCTION,42404.8770,37633.9694,483.2517,2200,2196,-0.01139613,0.00825174,-0.01739291,-0.01139613,-483.2517,42404.8770,OK,0.0000,19.3301,4.0000,96.0000,AG03-UNRESOLVED,ALL5_LEVELS_bet23_to_bet27,19.3301,19.3301,19.3301,24.1626,24.1626,4.000000,4.000000,4.000000,5.000000,5.000000,96.000000,96.000000,96.000000,95.000000,95.000000,5.0,106.3154,97.3877,376.9363,385.864,PENDING_AG03,FALSE,NOT_FOR_ENFORCEMENT,463.9216,36128.6106,483.2517,463.9216,19.3301,0.01139613,0.01094029,19.3301,463.9216,0.01094029,19.3301,19.3301,19.3301,24.1626,24.1626,463.9216,0.01094029,106.3154,97.3877,376.9363,385.864,0.00888898,0.00909952,0.00045585,19.2749,17.1375,0.2201,5.7530,0.6409,504.8200,26.1429,7.1751,39.7174,2.9515,6.1317,20.2037,44.018,88.0359,220.0898,5.1098,0.0,14.357485,35.893712,3.143486,29,158,125,3,0.23384124,0.01139613,-0.00825174,0E-8,0.000000,0.887492,0.846818,0.02564465,2026-03-24,2026-08-06,84,754,547,136,0.617647,0.180654,0.372251,0.779471,,,,,,,,GLOBAL_BASELINE_NO_ENTITY_RANKING,,,NOT_APPLICABLE_GLOBAL_BASELINE,HF9g-P5,,,,X 全窗基线 · 不参与实体赏罚,8398261,840,A168_HF9F_20260827_0900,2026-08-27 09:00:00
2026-07-29,129740297,2288,0,11.2414667048,9.1975636676,9.1975636676,0.5000000,2,2,0.49994810000000000,0.499948100000,0.00014679536856514622,0.00014679536856514622,0.00014679536856514622,0E-17,ELIGIBLE,R03b_20260811_FULL_v1,L1_ELIGIBILITY,v2026-08-11,2026-03-21..2026-08-06,baccarat_bet02_101_all_pairs_incl_sentinel,round_win = game_pnl > 0 (decisive only),COMPATIBILITY_ONLY_NOT_PRODUCTION,42404.8770,37633.9694,483.2517,2200,2196,-0.01139613,0.00825174,-0.01739291,-0.01139613,-483.2517,42404.8770,OK,0.0000,19.3301,4.0000,96.0000,AG03-UNRESOLVED,ALL5_LEVELS_bet23_to_bet27,19.3301,19.3301,19.3301,24.1626,24.1626,4.000000,4.000000,4.000000,5.000000,5.000000,96.000000,96.000000,96.000000,95.000000,95.000000,5.0,106.3154,97.3877,376.9363,385.864,PENDING_AG03,FALSE,NOT_FOR_ENFORCEMENT,463.9216,36128.6106,483.2517,463.9216,19.3301,0.01139613,0.01094029,19.3301,463.9216,0.01094029,19.3301,19.3301,19.3301,24.1626,24.1626,463.9216,0.01094029,106.3154,97.3877,376.9363,385.864,0.00888898,0.00909952,0.00045585,19.2749,17.1375,0.2201,5.7530,0.6409,504.8200,26.1429,7.1751,39.7174,2.9515,6.1317,20.2037,44.018,88.0359,220.0898,5.1098,0.0,14.357485,35.893712,3.143486,29,158,125,3,0.23384124,0.01139613,-0.00825174,0E-8,0.000000,0.887492,0.846818,0.02564465,2026-03-24,2026-08-06,84,754,547,136,0.617647,0.180654,0.372251,0.779471,,,,,,,,GLOBAL_BASELINE_NO_ENTITY_RANKING,,,NOT_APPLICABLE_GLOBAL_BASELINE,HF9g-P5,,,,X 全窗基线 · 不参与实体赏罚,8398262,840,A168_HF9F_20260827_0900,2026-08-27 09:00:00
2026-07-29,129740297,2289,0,11.2414667049,2.0439030372,2.0439030372,0.5000000,3,3,0.49324550000000000,0.493245500000,0.01910635448239258,0.01910635448239258,0.01910635448239258,0E-17,ELIGIBLE,R03b_20260811_FULL_v1,L1_ELIGIBILITY,v2026-08-11,2026-03-21..2026-08-06,baccarat_bet02_101_all_pairs_incl_sentinel,round_win = game_pnl > 0 (decisive only),COMPATIBILITY_ONLY_NOT_PRODUCTION,42404.8770,37633.9694,483.2517,2200,2196,-0.01139613,0.00825174,-0.01739291,-0.01139613,-483.2517,42404.8770,OK,0.0000,19.3301,4.0000,96.0000,AG03-UNRESOLVED,ALL5_LEVELS_bet23_to_bet27,19.3301,19.3301,19.3301,24.1626,24.1626,4.000000,4.000000,4.000000,5.000000,5.000000,96.000000,96.000000,96.000000,95.000000,95.000000,5.0,106.3154,97.3877,376.9363,385.864,PENDING_AG03,FALSE,NOT_FOR_ENFORCEMENT,463.9216,36128.6106,483.2517,463.9216,19.3301,0.01139613,0.01094029,19.3301,463.9216,0.01094029,19.3301,19.3301,19.3301,24.1626,24.1626,463.9216,0.01094029,106.3154,97.3877,376.9363,385.864,0.00888898,0.00909952,0.00045585,19.2749,17.1375,0.2201,5.7530,0.6409,504.8200,26.1429,7.1751,39.7174,2.9515,6.1317,20.2037,44.018,88.0359,220.0898,5.1098,0.0,14.357485,35.893712,3.143486,29,158,125,3,0.23384124,0.01139613,-0.00825174,0E-8,0.000000,0.887492,0.846818,0.02564465,2026-03-24,2026-08-06,84,754,547,136,0.617647,0.180654,0.372251,0.779471,,,,,,,,GLOBAL_BASELINE_NO_ENTITY_RANKING,,,NOT_APPLICABLE_GLOBAL_BASELINE,HF9g-P5,,,,X 全窗基线 · 不参与实体赏罚,8398263,840,A168_HF9F_20260827_0900,2026-08-27 09:00:00
2026-07-29,129740297,763,0,0.8175612149,-0.8175612149,-0.8175612149,0E-7,1,1,0.49324550000000000,0.493245500000,-0.9865810262130424,-0.9865810262130424,-0.9865810262130424,0E-17,ELIGIBLE,R03b_20260811_FULL_v1,L1_ELIGIBILITY,v2026-08-11,2026-03-21..2026-08-06,baccarat_bet02_101_all_pairs_incl_sentinel,round_win = game_pnl > 0 (decisive only),COMPATIBILITY_ONLY_NOT_PRODUCTION,42404.8770,37633.9694,483.2517,2200,2196,-0.01139613,0.00825174,-0.01739291,-0.01139613,-483.2517,42404.8770,OK,0.0000,19.3301,4.0000,96.0000,AG03-UNRESOLVED,ALL5_LEVELS_bet23_to_bet27,19.3301,19.3301,19.3301,24.1626,24.1626,4.000000,4.000000,4.000000,5.000000,5.000000,96.000000,96.000000,96.000000,95.000000,95.000000,5.0,106.3154,97.3877,376.9363,385.864,PENDING_AG03,FALSE,NOT_FOR_ENFORCEMENT,463.9216,36128.6106,483.2517,463.9216,19.3301,0.01139613,0.01094029,19.3301,463.9216,0.01094029,19.3301,19.3301,19.3301,24.1626,24.1626,463.9216,0.01094029,106.3154,97.3877,376.9363,385.864,0.00888898,0.00909952,0.00045585,19.2749,17.1375,0.2201,5.7530,0.6409,504.8200,26.1429,7.1751,39.7174,2.9515,6.1317,20.2037,44.018,88.0359,220.0898,5.1098,0.0,14.357485,35.893712,3.143486,29,158,125,3,0.23384124,0.01139613,-0.00825174,0E-8,0.000000,0.887492,0.846818,0.02564465,2026-03-24,2026-08-06,84,754,547,136,0.617647,0.180654,0.372251,0.779471,,,,,,,,GLOBAL_BASELINE_NO_ENTITY_RANKING,,,NOT_APPLICABLE_GLOBAL_BASELINE,HF9g-P5,,,,X 全窗基线 · 不参与实体赏罚,8398264,840,A168_HF9F_20260827_0900,2026-08-27 09:00:00
2026-07-29,129740297,987,0,61.3170911172,-40.8780607448,-40.8780607448,0E-7,3,3,0.50665070000000000,0.506650700000,-1.4331513700195317,-1.4331513700195317,-1.4331513700195317,0E-17,ELIGIBLE,R03b_20260811_FULL_v1,L1_ELIGIBILITY,v2026-08-11,2026-03-21..2026-08-06,baccarat_bet02_101_all_pairs_incl_sentinel,round_win = game_pnl > 0 (decisive only),COMPATIBILITY_ONLY_NOT_PRODUCTION,42404.8770,37633.9694,483.2517,2200,2196,-0.01139613,0.00825174,-0.01739291,-0.01139613,-483.2517,42404.8770,OK,0.0000,19.3301,4.0000,96.0000,AG03-UNRESOLVED,ALL5_LEVELS_bet23_to_bet27,19.3301,19.3301,19.3301,24.1626,24.1626,4.000000,4.000000,4.000000,5.000000,5.000000,96.000000,96.000000,96.000000,95.000000,95.000000,5.0,106.3154,97.3877,376.9363,385.864,PENDING_AG03,FALSE,NOT_FOR_ENFORCEMENT,463.9216,36128.6106,483.2517,463.9216,19.3301,0.01139613,0.01094029,19.3301,463.9216,0.01094029,19.3301,19.3301,19.3301,24.1626,24.1626,463.9216,0.01094029,106.3154,97.3877,376.9363,385.864,0.00888898,0.00909952,0.00045585,19.2749,17.1375,0.2201,5.7530,0.6409,504.8200,26.1429,7.1751,39.7174,2.9515,6.1317,20.2037,44.018,88.0359,220.0898,5.1098,0.0,14.357485,35.893712,3.143486,29,158,125,3,0.23384124,0.01139613,-0.00825174,0E-8,0.000000,0.887492,0.846818,0.02564465,2026-03-24,2026-08-06,84,754,547,136,0.617647,0.180654,0.372251,0.779471,,,,,,,,GLOBAL_BASELINE_NO_ENTITY_RANKING,,,NOT_APPLICABLE_GLOBAL_BASELINE,HF9g-P5,,,,X 全窗基线 · 不参与实体赏罚,8398265,840,A168_HF9F_20260827_0900,2026-08-27 09:00:00
2026-07-30,129740297,-1,1,50.0756244124,-2.6570739483,-2.6570739483,0.6000000,12,12,0.50218230000000000,0.502182300000,0.6186593476339132,0.6186593476339132,0.6186593476339132,0E-17,SENTINEL_DEALER,R03b_20260811_FULL_v1,L1_ELIGIBILITY,v2026-08-11,2026-03-21..2026-08-06,baccarat_bet02_101_all_pairs_incl_sentinel,round_win = game_pnl > 0 (decisive only),COMPATIBILITY_ONLY_NOT_PRODUCTION,42404.8770,37633.9694,483.2517,2200,2196,-0.01139613,0.00825174,-0.01739291,-0.01139613,-483.2517,42404.8770,OK,0.0000,19.3301,4.0000,96.0000,AG03-UNRESOLVED,ALL5_LEVELS_bet23_to_bet27,19.3301,19.3301,19.3301,24.1626,24.1626,4.000000,4.000000,4.000000,5.000000,5.000000,96.000000,96.000000,96.000000,95.000000,95.000000,5.0,106.3154,97.3877,376.9363,385.864,PENDING_AG03,FALSE,NOT_FOR_ENFORCEMENT,463.9216,36128.6106,483.2517,463.9216,19.3301,0.01139613,0.01094029,19.3301,463.9216,0.01094029,19.3301,19.3301,19.3301,24.1626,24.1626,463.9216,0.01094029,106.3154,97.3877,376.9363,385.864,0.00888898,0.00909952,0.00045585,19.2749,17.1375,0.2201,5.7530,0.6409,504.8200,26.1429,7.1751,39.7174,2.9515,6.1317,20.2037,44.018,88.0359,220.0898,5.1098,0.0,14.357485,35.893712,3.143486,29,158,125,3,0.23384124,0.01139613,-0.00825174,0E-8,0.000000,0.887492,0.846818,0.02564465,2026-03-24,2026-08-06,84,754,547,136,0.617647,0.180654,0.372251,0.779471,,,,,,,,GLOBAL_BASELINE_NO_ENTITY_RANKING,,,NOT_APPLICABLE_GLOBAL_BASELINE,HF9g-P5,,,,X 全窗基线 · 不参与实体赏罚,8398266,840,A168_HF9F_20260827_0900,2026-08-27 09:00:00
2026-07-30,129740297,1384,0,8.1756121490,-8.1756121490,-8.1756121490,0E-7,1,1,0.50665070000000000,0.506650700000,-1.013391052207602,-1.013391052207602,-1.013391052207602,0E-17,ELIGIBLE,R03b_20260811_FULL_v1,L1_ELIGIBILITY,v2026-08-11,2026-03-21..2026-08-06,baccarat_bet02_101_all_pairs_incl_sentinel,round_win = game_pnl > 0 (decisive only),COMPATIBILITY_ONLY_NOT_PRODUCTION,42404.8770,37633.9694,483.2517,2200,2196,-0.01139613,0.00825174,-0.01739291,-0.01139613,-483.2517,42404.8770,OK,0.0000,19.3301,4.0000,96.0000,AG03-UNRESOLVED,ALL5_LEVELS_bet23_to_bet27,19.3301,19.3301,19.3301,24.1626,24.1626,4.000000,4.000000,4.000000,5.000000,5.000000,96.000000,96.000000,96.000000,95.000000,95.000000,5.0,106.3154,97.3877,376.9363,385.864,PENDING_AG03,FALSE,NOT_FOR_ENFORCEMENT,463.9216,36128.6106,483.2517,463.9216,19.3301,0.01139613,0.01094029,19.3301,463.9216,0.01094029,19.3301,19.3301,19.3301,24.1626,24.1626,463.9216,0.01094029,106.3154,97.3877,376.9363,385.864,0.00888898,0.00909952,0.00045585,19.2749,17.1375,0.2201,5.7530,0.6409,504.8200,26.1429,7.1751,39.7174,2.9515,6.1317,20.2037,44.018,88.0359,220.0898,5.1098,0.0,14.357485,35.893712,3.143486,29,158,125,3,0.23384124,0.01139613,-0.00825174,0E-8,0.000000,0.887492,0.846818,0.02564465,2026-03-24,2026-08-06,84,754,547,136,0.617647,0.180654,0.372251,0.779471,,,,,,,,GLOBAL_BASELINE_NO_ENTITY_RANKING,,,NOT_APPLICABLE_GLOBAL_BASELINE,HF9g-P5,,,,X 全窗基线 · 不参与实体赏罚,8398267,840,A168_HF9F_20260827_0900,2026-08-27 09:00:00
2026-07-30,129740297,1485,0,9.1975636676,9.1975636676,9.1975636676,1.0000000,2,2,0.49324550000000000,0.493245500000,1.4334489766152358,1.4334489766152358,1.4334489766152358,0E-17,ELIGIBLE,R03b_20260811_FULL_v1,L1_ELIGIBILITY,v2026-08-11,2026-03-21..2026-08-06,baccarat_bet02_101_all_pairs_incl_sentinel,round_win = game_pnl > 0 (decisive only),COMPATIBILITY_ONLY_NOT_PRODUCTION,42404.8770,37633.9694,483.2517,2200,2196,-0.01139613,0.00825174,-0.01739291,-0.01139613,-483.2517,42404.8770,OK,0.0000,19.3301,4.0000,96.0000,AG03-UNRESOLVED,ALL5_LEVELS_bet23_to_bet27,19.3301,19.3301,19.3301,24.1626,24.1626,4.000000,4.000000,4.000000,5.000000,5.000000,96.000000,96.000000,96.000000,95.000000,95.000000,5.0,106.3154,97.3877,376.9363,385.864,PENDING_AG03,FALSE,NOT_FOR_ENFORCEMENT,463.9216,36128.6106,483.2517,463.9216,19.3301,0.01139613,0.01094029,19.3301,463.9216,0.01094029,19.3301,19.3301,19.3301,24.1626,24.1626,463.9216,0.01094029,106.3154,97.3877,376.9363,385.864,0.00888898,0.00909952,0.00045585,19.2749,17.1375,0.2201,5.7530,0.6409,504.8200,26.1429,7.1751,39.7174,2.9515,6.1317,20.2037,44.018,88.0359,220.0898,5.1098,0.0,14.357485,35.893712,3.143486,29,158,125,3,0.23384124,0.01139613,-0.00825174,0E-8,0.000000,0.887492,0.846818,0.02564465,2026-03-24,2026-08-06,84,754,547,136,0.617647,0.180654,0.372251,0.779471,,,,,,,,GLOBAL_BASELINE_NO_ENTITY_RANKING,,,NOT_APPLICABLE_GLOBAL_BASELINE,HF9g-P5,,,,X 全窗基线 · 不参与实体赏罚,8398268,840,A168_HF9F_20260827_0900,2026-08-27 09:00:00
2026-07-30,129740297,1654,0,2.0439030372,-2.0439030372,-2.0439030372,0E-7,1,1,0.49324550000000000,0.493245500000,-0.9865810262130424,-0.9865810262130424,-0.9865810262130424,0E-17,ELIGIBLE,R03b_20260811_FULL_v1,L1_ELIGIBILITY,v2026-08-11,2026-03-21..2026-08-06,baccarat_bet02_101_all_pairs_incl_sentinel,round_win = game_pnl > 0 (decisive only),COMPATIBILITY_ONLY_NOT_PRODUCTION,42404.8770,37633.9694,483.2517,2200,2196,-0.01139613,0.00825174,-0.01739291,-0.01139613,-483.2517,42404.8770,OK,0.0000,19.3301,4.0000,96.0000,AG03-UNRESOLVED,ALL5_LEVELS_bet23_to_bet27,19.3301,19.3301,19.3301,24.1626,24.1626,4.000000,4.000000,4.000000,5.000000,5.000000,96.000000,96.000000,96.000000,95.000000,95.000000,5.0,106.3154,97.3877,376.9363,385.864,PENDING_AG03,FALSE,NOT_FOR_ENFORCEMENT,463.9216,36128.6106,483.2517,463.9216,19.3301,0.01139613,0.01094029,19.3301,463.9216,0.01094029,19.3301,19.3301,19.3301,24.1626,24.1626,463.9216,0.01094029,106.3154,97.3877,376.9363,385.864,0.00888898,0.00909952,0.00045585,19.2749,17.1375,0.2201,5.7530,0.6409,504.8200,26.1429,7.1751,39.7174,2.9515,6.1317,20.2037,44.018,88.0359,220.0898,5.1098,0.0,14.357485,35.893712,3.143486,29,158,125,3,0.23384124,0.01139613,-0.00825174,0E-8,0.000000,0.887492,0.846818,0.02564465,2026-03-24,2026-08-06,84,754,547,136,0.617647,0.180654,0.372251,0.779471,,,,,,,,GLOBAL_BASELINE_NO_ENTITY_RANKING,,,NOT_APPLICABLE_GLOBAL_BASELINE,HF9g-P5,,,,X 全窗基线 · 不参与实体赏罚,8398269,840,A168_HF9F_20260827_0900,2026-08-27 09:00:00
2026-07-30,129740297,1947,0,3.0658545559,-3.0658545559,-3.0658545559,0E-7,1,1,0.50665070000000000,0.506650700000,-1.013391052207602,-1.013391052207602,-1.013391052207602,0E-17,ELIGIBLE,R03b_20260811_FULL_v1,L1_ELIGIBILITY,v2026-08-11,2026-03-21..2026-08-06,baccarat_bet02_101_all_pairs_incl_sentinel,round_win = game_pnl > 0 (decisive only),COMPATIBILITY_ONLY_NOT_PRODUCTION,42404.8770,37633.9694,483.2517,2200,2196,-0.01139613,0.00825174,-0.01739291,-0.01139613,-483.2517,42404.8770,OK,0.0000,19.3301,4.0000,96.0000,AG03-UNRESOLVED,ALL5_LEVELS_bet23_to_bet27,19.3301,19.3301,19.3301,24.1626,24.1626,4.000000,4.000000,4.000000,5.000000,5.000000,96.000000,96.000000,96.000000,95.000000,95.000000,5.0,106.3154,97.3877,376.9363,385.864,PENDING_AG03,FALSE,NOT_FOR_ENFORCEMENT,463.9216,36128.6106,483.2517,463.9216,19.3301,0.01139613,0.01094029,19.3301,463.9216,0.01094029,19.3301,19.3301,19.3301,24.1626,24.1626,463.9216,0.01094029,106.3154,97.3877,376.9363,385.864,0.00888898,0.00909952,0.00045585,19.2749,17.1375,0.2201,5.7530,0.6409,504.8200,26.1429,7.1751,39.7174,2.9515,6.1317,20.2037,44.018,88.0359,220.0898,5.1098,0.0,14.357485,35.893712,3.143486,29,158,125,3,0.23384124,0.01139613,-0.00825174,0E-8,0.000000,0.887492,0.846818,0.02564465,2026-03-24,2026-08-06,84,754,547,136,0.617647,0.180654,0.372251,0.779471,,,,,,,,GLOBAL_BASELINE_NO_ENTITY_RANKING,,,NOT_APPLICABLE_GLOBAL_BASELINE,HF9g-P5,,,,X 全窗基线 · 不参与实体赏罚,8398270,840,A168_HF9F_20260827_0900,2026-08-27 09:00:00
2026-07-30,129740297,1957,0,10.4239054899,2.2482933409,2.2482933409,0.5000000,2,2,0.50665070000000000,0.506650700000,-0.018812684590367487,-0.018812684590367487,-0.018812684590367487,0E-17,ELIGIBLE,R03b_20260811_FULL_v1,L1_ELIGIBILITY,v2026-08-11,2026-03-21..2026-08-06,baccarat_bet02_101_all_pairs_incl_sentinel,round_win = game_pnl > 0 (decisive only),COMPATIBILITY_ONLY_NOT_PRODUCTION,42404.8770,37633.9694,483.2517,2200,2196,-0.01139613,0.00825174,-0.01739291,-0.01139613,-483.2517,42404.8770,OK,0.0000,19.3301,4.0000,96.0000,AG03-UNRESOLVED,ALL5_LEVELS_bet23_to_bet27,19.3301,19.3301,19.3301,24.1626,24.1626,4.000000,4.000000,4.000000,5.000000,5.000000,96.000000,96.000000,96.000000,95.000000,95.000000,5.0,106.3154,97.3877,376.9363,385.864,PENDING_AG03,FALSE,NOT_FOR_ENFORCEMENT,463.9216,36128.6106,483.2517,463.9216,19.3301,0.01139613,0.01094029,19.3301,463.9216,0.01094029,19.3301,19.3301,19.3301,24.1626,24.1626,463.9216,0.01094029,106.3154,97.3877,376.9363,385.864,0.00888898,0.00909952,0.00045585,19.2749,17.1375,0.2201,5.7530,0.6409,504.8200,26.1429,7.1751,39.7174,2.9515,6.1317,20.2037,44.018,88.0359,220.0898,5.1098,0.0,14.357485,35.893712,3.143486,29,158,125,3,0.23384124,0.01139613,-0.00825174,0E-8,0.000000,0.887492,0.846818,0.02564465,2026-03-24,2026-08-06,84,754,547,136,0.617647,0.180654,0.372251,0.779471,,,,,,,,GLOBAL_BASELINE_NO_ENTITY_RANKING,,,NOT_APPLICABLE_GLOBAL_BASELINE,HF9g-P5,,,,X 全窗基线 · 不参与实体赏罚,8398271,840,A168_HF9F_20260827_0900,2026-08-27 09:00:00
2026-07-30,129740297,2145,0,5.1097575931,5.1097575931,5.1097575931,1.0000000,1,1,0.49324550000000000,0.493245500000,1.01360149184955,1.01360149184955,1.01360149184955,0E-17,ELIGIBLE,R03b_20260811_FULL_v1,L1_ELIGIBILITY,v2026-08-11,2026-03-21..2026-08-06,baccarat_bet02_101_all_pairs_incl_sentinel,round_win = game_pnl > 0 (decisive only),COMPATIBILITY_ONLY_NOT_PRODUCTION,42404.8770,37633.9694,483.2517,2200,2196,-0.01139613,0.00825174,-0.01739291,-0.01139613,-483.2517,42404.8770,OK,0.0000,19.3301,4.0000,96.0000,AG03-UNRESOLVED,ALL5_LEVELS_bet23_to_bet27,19.3301,19.3301,19.3301,24.1626,24.1626,4.000000,4.000000,4.000000,5.000000,5.000000,96.000000,96.000000,96.000000,95.000000,95.000000,5.0,106.3154,97.3877,376.9363,385.864,PENDING_AG03,FALSE,NOT_FOR_ENFORCEMENT,463.9216,36128.6106,483.2517,463.9216,19.3301,0.01139613,0.01094029,19.3301,463.9216,0.01094029,19.3301,19.3301,19.3301,24.1626,24.1626,463.9216,0.01094029,106.3154,97.3877,376.9363,385.864,0.00888898,0.00909952,0.00045585,19.2749,17.1375,0.2201,5.7530,0.6409,504.8200,26.1429,7.1751,39.7174,2.9515,6.1317,20.2037,44.018,88.0359,220.0898,5.1098,0.0,14.357485,35.893712,3.143486,29,158,125,3,0.23384124,0.01139613,-0.00825174,0E-8,0.000000,0.887492,0.846818,0.02564465,2026-03-24,2026-08-06,84,754,547,136,0.617647,0.180654,0.372251,0.779471,,,,,,,,GLOBAL_BASELINE_NO_ENTITY_RANKING,,,NOT_APPLICABLE_GLOBAL_BASELINE,HF9g-P5,,,,X 全窗基线 · 不参与实体赏罚,8398272,840,A168_HF9F_20260827_0900,2026-08-27 09:00:00
2026-07-30,129740297,2155,0,30.6585455586,18.3951273352,18.3951273352,1.0000000,5,5,0.50665070000000000,0.506650700000,1.7091633124209307,1.7091633124209307,1.7091633124209307,0E-17,ELIGIBLE,R03b_20260811_FULL_v1,L1_ELIGIBILITY,v2026-08-11,2026-03-21..2026-08-06,baccarat_bet02_101_all_pairs_incl_sentinel,round_win = game_pnl > 0 (decisive only),COMPATIBILITY_ONLY_NOT_PRODUCTION,42404.8770,37633.9694,483.2517,2200,2196,-0.01139613,0.00825174,-0.01739291,-0.01139613,-483.2517,42404.8770,OK,0.0000,19.3301,4.0000,96.0000,AG03-UNRESOLVED,ALL5_LEVELS_bet23_to_bet27,19.3301,19.3301,19.3301,24.1626,24.1626,4.000000,4.000000,4.000000,5.000000,5.000000,96.000000,96.000000,96.000000,95.000000,95.000000,5.0,106.3154,97.3877,376.9363,385.864,PENDING_AG03,FALSE,NOT_FOR_ENFORCEMENT,463.9216,36128.6106,483.2517,463.9216,19.3301,0.01139613,0.01094029,19.3301,463.9216,0.01094029,19.3301,19.3301,19.3301,24.1626,24.1626,463.9216,0.01094029,106.3154,97.3877,376.9363,385.864,0.00888898,0.00909952,0.00045585,19.2749,17.1375,0.2201,5.7530,0.6409,504.8200,26.1429,7.1751,39.7174,2.9515,6.1317,20.2037,44.018,88.0359,220.0898,5.1098,0.0,14.357485,35.893712,3.143486,29,158,125,3,0.23384124,0.01139613,-0.00825174,0E-8,0.000000,0.887492,0.846818,0.02564465,2026-03-24,2026-08-06,84,754,547,136,0.617647,0.180654,0.372251,0.779471,,,,,,,,GLOBAL_BASELINE_NO_ENTITY_RANKING,,,NOT_APPLICABLE_GLOBAL_BASELINE,HF9g-P5,,,,X 全窗基线 · 不参与实体赏罚,8398273,840,A168_HF9F_20260827_0900,2026-08-27 09:00:00
2026-07-30,129740297,2170,0,14.1029309570,6.7448800230,6.7448800230,0.6666667,3,3,0.49324550000000000,0.493245500000,0.6008033672792107,0.6008033672792106,0.6008033672792107,0E-17,ELIGIBLE,R03b_20260811_FULL_v1,L1_ELIGIBILITY,v2026-08-11,2026-03-21..2026-08-06,baccarat_bet02_101_all_pairs_incl_sentinel,round_win = game_pnl > 0 (decisive only),COMPATIBILITY_ONLY_NOT_PRODUCTION,42404.8770,37633.9694,483.2517,2200,2196,-0.01139613,0.00825174,-0.01739291,-0.01139613,-483.2517,42404.8770,OK,0.0000,19.3301,4.0000,96.0000,AG03-UNRESOLVED,ALL5_LEVELS_bet23_to_bet27,19.3301,19.3301,19.3301,24.1626,24.1626,4.000000,4.000000,4.000000,5.000000,5.000000,96.000000,96.000000,96.000000,95.000000,95.000000,5.0,106.3154,97.3877,376.9363,385.864,PENDING_AG03,FALSE,NOT_FOR_ENFORCEMENT,463.9216,36128.6106,483.2517,463.9216,19.3301,0.01139613,0.01094029,19.3301,463.9216,0.01094029,19.3301,19.3301,19.3301,24.1626,24.1626,463.9216,0.01094029,106.3154,97.3877,376.9363,385.864,0.00888898,0.00909952,0.00045585,19.2749,17.1375,0.2201,5.7530,0.6409,504.8200,26.1429,7.1751,39.7174,2.9515,6.1317,20.2037,44.018,88.0359,220.0898,5.1098,0.0,14.357485,35.893712,3.143486,29,158,125,3,0.23384124,0.01139613,-0.00825174,0E-8,0.000000,0.887492,0.846818,0.02564465,2026-03-24,2026-08-06,84,754,547,136,0.617647,0.180654,0.372251,0.779471,,,,,,,,GLOBAL_BASELINE_NO_ENTITY_RANKING,,,NOT_APPLICABLE_GLOBAL_BASELINE,HF9g-P5,,,,X 全窗基线 · 不参与实体赏罚,8398274,840,A168_HF9F_20260827_0900,2026-08-27 09:00:00
2026-07-30,129740297,2173,0,2.0439030372,-2.0439030372,-2.0439030372,0E-7,1,1,0.49324550000000000,0.493245500000,-0.9865810262130424,-0.9865810262130424,-0.9865810262130424,0E-17,ELIGIBLE,R03b_20260811_FULL_v1,L1_ELIGIBILITY,v2026-08-11,2026-03-21..2026-08-06,baccarat_bet02_101_all_pairs_incl_sentinel,round_win = game_pnl > 0 (decisive only),COMPATIBILITY_ONLY_NOT_PRODUCTION,42404.8770,37633.9694,483.2517,2200,2196,-0.01139613,0.00825174,-0.01739291,-0.01139613,-483.2517,42404.8770,OK,0.0000,19.3301,4.0000,96.0000,AG03-UNRESOLVED,ALL5_LEVELS_bet23_to_bet27,19.3301,19.3301,19.3301,24.1626,24.1626,4.000000,4.000000,4.000000,5.000000,5.000000,96.000000,96.000000,96.000000,95.000000,95.000000,5.0,106.3154,97.3877,376.9363,385.864,PENDING_AG03,FALSE,NOT_FOR_ENFORCEMENT,463.9216,36128.6106,483.2517,463.9216,19.3301,0.01139613,0.01094029,19.3301,463.9216,0.01094029,19.3301,19.3301,19.3301,24.1626,24.1626,463.9216,0.01094029,106.3154,97.3877,376.9363,385.864,0.00888898,0.00909952,0.00045585,19.2749,17.1375,0.2201,5.7530,0.6409,504.8200,26.1429,7.1751,39.7174,2.9515,6.1317,20.2037,44.018,88.0359,220.0898,5.1098,0.0,14.357485,35.893712,3.143486,29,158,125,3,0.23384124,0.01139613,-0.00825174,0E-8,0.000000,0.887492,0.846818,0.02564465,2026-03-24,2026-08-06,84,754,547,136,0.617647,0.180654,0.372251,0.779471,,,,,,,,GLOBAL_BASELINE_NO_ENTITY_RANKING,,,NOT_APPLICABLE_GLOBAL_BASELINE,HF9g-P5,,,,X 全窗基线 · 不参与实体赏罚,8398275,840,A168_HF9F_20260827_0900,2026-08-27 09:00:00
2026-07-30,129740297,2287,0,5.1097575931,-5.1097575931,-5.1097575931,0E-7,1,1,0.49324550000000000,0.493245500000,-0.9865810262130424,-0.9865810262130424,-0.9865810262130424,0E-17,ELIGIBLE,R03b_20260811_FULL_v1,L1_ELIGIBILITY,v2026-08-11,2026-03-21..2026-08-06,baccarat_bet02_101_all_pairs_incl_sentinel,round_win = game_pnl > 0 (decisive only),COMPATIBILITY_ONLY_NOT_PRODUCTION,42404.8770,37633.9694,483.2517,2200,2196,-0.01139613,0.00825174,-0.01739291,-0.01139613,-483.2517,42404.8770,OK,0.0000,19.3301,4.0000,96.0000,AG03-UNRESOLVED,ALL5_LEVELS_bet23_to_bet27,19.3301,19.3301,19.3301,24.1626,24.1626,4.000000,4.000000,4.000000,5.000000,5.000000,96.000000,96.000000,96.000000,95.000000,95.000000,5.0,106.3154,97.3877,376.9363,385.864,PENDING_AG03,FALSE,NOT_FOR_ENFORCEMENT,463.9216,36128.6106,483.2517,463.9216,19.3301,0.01139613,0.01094029,19.3301,463.9216,0.01094029,19.3301,19.3301,19.3301,24.1626,24.1626,463.9216,0.01094029,106.3154,97.3877,376.9363,385.864,0.00888898,0.00909952,0.00045585,19.2749,17.1375,0.2201,5.7530,0.6409,504.8200,26.1429,7.1751,39.7174,2.9515,6.1317,20.2037,44.018,88.0359,220.0898,5.1098,0.0,14.357485,35.893712,3.143486,29,158,125,3,0.23384124,0.01139613,-0.00825174,0E-8,0.000000,0.887492,0.846818,0.02564465,2026-03-24,2026-08-06,84,754,547,136,0.617647,0.180654,0.372251,0.779471,,,,,,,,GLOBAL_BASELINE_NO_ENTITY_RANKING,,,NOT_APPLICABLE_GLOBAL_BASELINE,HF9g-P5,,,,X 全窗基线 · 不参与实体赏罚,8398276,840,A168_HF9F_20260827_0900,2026-08-27 09:00:00
2026-07-31,129740297,-1,1,28.4028027246,-28.4028027246,-28.4028027246,0E-7,3,3,0.49771390000000000,0.497713900000,-1.724149546644903,-1.724149546644903,-1.724149546644903,0E-17,SENTINEL_DEALER,R03b_20260811_FULL_v1,L1_ELIGIBILITY,v2026-08-11,2026-03-21..2026-08-06,baccarat_bet02_101_all_pairs_incl_sentinel,round_win = game_pnl > 0 (decisive only),COMPATIBILITY_ONLY_NOT_PRODUCTION,42404.8770,37633.9694,483.2517,2200,2196,-0.01139613,0.00825174,-0.01739291,-0.01139613,-483.2517,42404.8770,OK,0.0000,19.3301,4.0000,96.0000,AG03-UNRESOLVED,ALL5_LEVELS_bet23_to_bet27,19.3301,19.3301,19.3301,24.1626,24.1626,4.000000,4.000000,4.000000,5.000000,5.000000,96.000000,96.000000,96.000000,95.000000,95.000000,5.0,106.3154,97.3877,376.9363,385.864,PENDING_AG03,FALSE,NOT_FOR_ENFORCEMENT,463.9216,36128.6106,483.2517,463.9216,19.3301,0.01139613,0.01094029,19.3301,463.9216,0.01094029,19.3301,19.3301,19.3301,24.1626,24.1626,463.9216,0.01094029,106.3154,97.3877,376.9363,385.864,0.00888898,0.00909952,0.00045585,19.2749,17.1375,0.2201,5.7530,0.6409,504.8200,26.1429,7.1751,39.7174,2.9515,6.1317,20.2037,44.018,88.0359,220.0898,5.1098,0.0,14.357485,35.893712,3.143486,29,158,125,3,0.23384124,0.01139613,-0.00825174,0E-8,0.000000,0.887492,0.846818,0.02564465,2026-03-24,2026-08-06,84,754,547,136,0.617647,0.180654,0.372251,0.779471,,,,,,,,GLOBAL_BASELINE_NO_ENTITY_RANKING,,,NOT_APPLICABLE_GLOBAL_BASELINE,HF9g-P5,,,,X 全窗基线 · 不参与实体赏罚,8398277,840,A168_HF9F_20260827_0900,2026-08-27 09:00:00
2026-07-31,129740297,1017,0,40.4073056408,10.1018264102,10.1018264102,0.6666667,4,4,0.50665070000000000,0.506650700000,0.5543606114942035,0.5543606114942035,0.5543606114942035,0E-17,ELIGIBLE,R03b_20260811_FULL_v1,L1_ELIGIBILITY,v2026-08-11,2026-03-21..2026-08-06,baccarat_bet02_101_all_pairs_incl_sentinel,round_win = game_pnl > 0 (decisive only),COMPATIBILITY_ONLY_NOT_PRODUCTION,42404.8770,37633.9694,483.2517,2200,2196,-0.01139613,0.00825174,-0.01739291,-0.01139613,-483.2517,42404.8770,OK,0.0000,19.3301,4.0000,96.0000,AG03-UNRESOLVED,ALL5_LEVELS_bet23_to_bet27,19.3301,19.3301,19.3301,24.1626,24.1626,4.000000,4.000000,4.000000,5.000000,5.000000,96.000000,96.000000,96.000000,95.000000,95.000000,5.0,106.3154,97.3877,376.9363,385.864,PENDING_AG03,FALSE,NOT_FOR_ENFORCEMENT,463.9216,36128.6106,483.2517,463.9216,19.3301,0.01139613,0.01094029,19.3301,463.9216,0.01094029,19.3301,19.3301,19.3301,24.1626,24.1626,463.9216,0.01094029,106.3154,97.3877,376.9363,385.864,0.00888898,0.00909952,0.00045585,19.2749,17.1375,0.2201,5.7530,0.6409,504.8200,26.1429,7.1751,39.7174,2.9515,6.1317,20.2037,44.018,88.0359,220.0898,5.1098,0.0,14.357485,35.893712,3.143486,29,158,125,3,0.23384124,0.01139613,-0.00825174,0E-8,0.000000,0.887492,0.846818,0.02564465,2026-03-24,2026-08-06,84,754,547,136,0.617647,0.180654,0.372251,0.779471,,,,,,,,GLOBAL_BASELINE_NO_ENTITY_RANKING,,,NOT_APPLICABLE_GLOBAL_BASELINE,HF9g-P5,,,,X 全窗基线 · 不参与实体赏罚,8398278,840,A168_HF9F_20260827_0900,2026-08-27 09:00:00
2026-07-31,129740297,1304,0,3.0658545559,3.0658545559,3.0658545559,1.0000000,1,1,0.50665070000000000,0.506650700000,0.9867858985152569,0.9867858985152569,0.9867858985152569,0E-17,ELIGIBLE,R03b_20260811_FULL_v1,L1_ELIGIBILITY,v2026-08-11,2026-03-21..2026-08-06,baccarat_bet02_101_all_pairs_incl_sentinel,round_win = game_pnl > 0 (decisive only),COMPATIBILITY_ONLY_NOT_PRODUCTION,42404.8770,37633.9694,483.2517,2200,2196,-0.01139613,0.00825174,-0.01739291,-0.01139613,-483.2517,42404.8770,OK,0.0000,19.3301,4.0000,96.0000,AG03-UNRESOLVED,ALL5_LEVELS_bet23_to_bet27,19.3301,19.3301,19.3301,24.1626,24.1626,4.000000,4.000000,4.000000,5.000000,5.000000,96.000000,96.000000,96.000000,95.000000,95.000000,5.0,106.3154,97.3877,376.9363,385.864,PENDING_AG03,FALSE,NOT_FOR_ENFORCEMENT,463.9216,36128.6106,483.2517,463.9216,19.3301,0.01139613,0.01094029,19.3301,463.9216,0.01094029,19.3301,19.3301,19.3301,24.1626,24.1626,463.9216,0.01094029,106.3154,97.3877,376.9363,385.864,0.00888898,0.00909952,0.00045585,19.2749,17.1375,0.2201,5.7530,0.6409,504.8200,26.1429,7.1751,39.7174,2.9515,6.1317,20.2037,44.018,88.0359,220.0898,5.1098,0.0,14.357485,35.893712,3.143486,29,158,125,3,0.23384124,0.01139613,-0.00825174,0E-8,0.000000,0.887492,0.846818,0.02564465,2026-03-24,2026-08-06,84,754,547,136,0.617647,0.180654,0.372251,0.779471,,,,,,,,GLOBAL_BASELINE_NO_ENTITY_RANKING,,,NOT_APPLICABLE_GLOBAL_BASELINE,HF9g-P5,,,,X 全窗基线 · 不参与实体赏罚,8398279,840,A168_HF9F_20260827_0900,2026-08-27 09:00:00
2026-07-31,129740297,1385,0,18.2539008041,15.1880462482,15.1880462482,1.0000000,3,3,0.50665070000000000,0.506650700000,1.3955260008387969,1.3955260008387969,1.3955260008387969,0E-17,ELIGIBLE,R03b_20260811_FULL_v1,L1_ELIGIBILITY,v2026-08-11,2026-03-21..2026-08-06,baccarat_bet02_101_all_pairs_incl_sentinel,round_win = game_pnl > 0 (decisive only),COMPATIBILITY_ONLY_NOT_PRODUCTION,42404.8770,37633.9694,483.2517,2200,2196,-0.01139613,0.00825174,-0.01739291,-0.01139613,-483.2517,42404.8770,OK,0.0000,19.3301,4.0000,96.0000,AG03-UNRESOLVED,ALL5_LEVELS_bet23_to_bet27,19.3301,19.3301,19.3301,24.1626,24.1626,4.000000,4.000000,4.000000,5.000000,5.000000,96.000000,96.000000,96.000000,95.000000,95.000000,5.0,106.3154,97.3877,376.9363,385.864,PENDING_AG03,FALSE,NOT_FOR_ENFORCEMENT,463.9216,36128.6106,483.2517,463.9216,19.3301,0.01139613,0.01094029,19.3301,463.9216,0.01094029,19.3301,19.3301,19.3301,24.1626,24.1626,463.9216,0.01094029,106.3154,97.3877,376.9363,385.864,0.00888898,0.00909952,0.00045585,19.2749,17.1375,0.2201,5.7530,0.6409,504.8200,26.1429,7.1751,39.7174,2.9515,6.1317,20.2037,44.018,88.0359,220.0898,5.1098,0.0,14.357485,35.893712,3.143486,29,158,125,3,0.23384124,0.01139613,-0.00825174,0E-8,0.000000,0.887492,0.846818,0.02564465,2026-03-24,2026-08-06,84,754,547,136,0.617647,0.180654,0.372251,0.779471,,,,,,,,GLOBAL_BASELINE_NO_ENTITY_RANKING,,,NOT_APPLICABLE_GLOBAL_BASELINE,HF9g-P5,,,,X 全窗基线 · 不参与实体赏罚,8398280,840,A168_HF9F_20260827_0900,2026-08-27 09:00:00
2026-07-31,129740297,2169,0,35.3563924357,-14.1425569743,-14.1425569743,0.5000000,4,4,0.50665070000000000,0.506650700000,-0.02660515369234503,-0.02660515369234503,-0.02660515369234503,0E-17,ELIGIBLE,R03b_20260811_FULL_v1,L1_ELIGIBILITY,v2026-08-11,2026-03-21..2026-08-06,baccarat_bet02_101_all_pairs_incl_sentinel,round_win = game_pnl > 0 (decisive only),COMPATIBILITY_ONLY_NOT_PRODUCTION,42404.8770,37633.9694,483.2517,2200,2196,-0.01139613,0.00825174,-0.01739291,-0.01139613,-483.2517,42404.8770,OK,0.0000,19.3301,4.0000,96.0000,AG03-UNRESOLVED,ALL5_LEVELS_bet23_to_bet27,19.3301,19.3301,19.3301,24.1626,24.1626,4.000000,4.000000,4.000000,5.000000,5.000000,96.000000,96.000000,96.000000,95.000000,95.000000,5.0,106.3154,97.3877,376.9363,385.864,PENDING_AG03,FALSE,NOT_FOR_ENFORCEMENT,463.9216,36128.6106,483.2517,463.9216,19.3301,0.01139613,0.01094029,19.3301,463.9216,0.01094029,19.3301,19.3301,19.3301,24.1626,24.1626,463.9216,0.01094029,106.3154,97.3877,376.9363,385.864,0.00888898,0.00909952,0.00045585,19.2749,17.1375,0.2201,5.7530,0.6409,504.8200,26.1429,7.1751,39.7174,2.9515,6.1317,20.2037,44.018,88.0359,220.0898,5.1098,0.0,14.357485,35.893712,3.143486,29,158,125,3,0.23384124,0.01139613,-0.00825174,0E-8,0.000000,0.887492,0.846818,0.02564465,2026-03-24,2026-08-06,84,754,547,136,0.617647,0.180654,0.372251,0.779471,,,,,,,,GLOBAL_BASELINE_NO_ENTITY_RANKING,,,NOT_APPLICABLE_GLOBAL_BASELINE,HF9g-P5,,,,X 全窗基线 · 不参与实体赏罚,8398281,840,A168_HF9F_20260827_0900,2026-08-27 09:00:00
2026-08-01,129740297,-1,1,129.3033780505,25.2545660256,25.2545660256,0.4545455,13,13,0.49840134615384615,0.498401346154,-0.2909085615734625,-0.2909085615744828,-0.2909085615734625,-1.5385E-13,SENTINEL_DEALER,R03b_20260811_FULL_v1,L1_ELIGIBILITY,v2026-08-11,2026-03-21..2026-08-06,baccarat_bet02_101_all_pairs_incl_sentinel,round_win = game_pnl > 0 (decisive only),COMPATIBILITY_ONLY_NOT_PRODUCTION,42404.8770,37633.9694,483.2517,2200,2196,-0.01139613,0.00825174,-0.01739291,-0.01139613,-483.2517,42404.8770,OK,0.0000,19.3301,4.0000,96.0000,AG03-UNRESOLVED,ALL5_LEVELS_bet23_to_bet27,19.3301,19.3301,19.3301,24.1626,24.1626,4.000000,4.000000,4.000000,5.000000,5.000000,96.000000,96.000000,96.000000,95.000000,95.000000,5.0,106.3154,97.3877,376.9363,385.864,PENDING_AG03,FALSE,NOT_FOR_ENFORCEMENT,463.9216,36128.6106,483.2517,463.9216,19.3301,0.01139613,0.01094029,19.3301,463.9216,0.01094029,19.3301,19.3301,19.3301,24.1626,24.1626,463.9216,0.01094029,106.3154,97.3877,376.9363,385.864,0.00888898,0.00909952,0.00045585,19.2749,17.1375,0.2201,5.7530,0.6409,504.8200,26.1429,7.1751,39.7174,2.9515,6.1317,20.2037,44.018,88.0359,220.0898,5.1098,0.0,14.357485,35.893712,3.143486,29,158,125,3,0.23384124,0.01139613,-0.00825174,0E-8,0.000000,0.887492,0.846818,0.02564465,2026-03-24,2026-08-06,84,754,547,136,0.617647,0.180654,0.372251,0.779471,,,,,,,,GLOBAL_BASELINE_NO_ENTITY_RANKING,,,NOT_APPLICABLE_GLOBAL_BASELINE,HF9g-P5,,,,X 全窗基线 · 不参与实体赏罚,8398282,840,A168_HF9F_20260827_0900,2026-08-27 09:00:00
2026-08-01,129740297,1325,0,30.3054792306,-30.3054792306,-30.3054792306,0E-7,2,2,0.49994810000000000,0.499948100000,-1.4140667746232096,-1.4140667746232096,-1.4140667746232096,0E-17,ELIGIBLE,R03b_20260811_FULL_v1,L1_ELIGIBILITY,v2026-08-11,2026-03-21..2026-08-06,baccarat_bet02_101_all_pairs_incl_sentinel,round_win = game_pnl > 0 (decisive only),COMPATIBILITY_ONLY_NOT_PRODUCTION,42404.8770,37633.9694,483.2517,2200,2196,-0.01139613,0.00825174,-0.01739291,-0.01139613,-483.2517,42404.8770,OK,0.0000,19.3301,4.0000,96.0000,AG03-UNRESOLVED,ALL5_LEVELS_bet23_to_bet27,19.3301,19.3301,19.3301,24.1626,24.1626,4.000000,4.000000,4.000000,5.000000,5.000000,96.000000,96.000000,96.000000,95.000000,95.000000,5.0,106.3154,97.3877,376.9363,385.864,PENDING_AG03,FALSE,NOT_FOR_ENFORCEMENT,463.9216,36128.6106,483.2517,463.9216,19.3301,0.01139613,0.01094029,19.3301,463.9216,0.01094029,19.3301,19.3301,19.3301,24.1626,24.1626,463.9216,0.01094029,106.3154,97.3877,376.9363,385.864,0.00888898,0.00909952,0.00045585,19.2749,17.1375,0.2201,5.7530,0.6409,504.8200,26.1429,7.1751,39.7174,2.9515,6.1317,20.2037,44.018,88.0359,220.0898,5.1098,0.0,14.357485,35.893712,3.143486,29,158,125,3,0.23384124,0.01139613,-0.00825174,0E-8,0.000000,0.887492,0.846818,0.02564465,2026-03-24,2026-08-06,84,754,547,136,0.617647,0.180654,0.372251,0.779471,,,,,,,,GLOBAL_BASELINE_NO_ENTITY_RANKING,,,NOT_APPLICABLE_GLOBAL_BASELINE,HF9g-P5,,,,X 全窗基线 · 不参与实体赏罚,8398283,840,A168_HF9F_20260827_0900,2026-08-27 09:00:00
2026-08-01,129740297,1382,0,40.4073056408,20.2036528204,20.2036528204,0.6666667,3,3,0.49324550000000000,0.493245500000,0.6008033672792107,0.6008033672792106,0.6008033672792107,0E-17,ELIGIBLE,R03b_20260811_FULL_v1,L1_ELIGIBILITY,v2026-08-11,2026-03-21..2026-08-06,baccarat_bet02_101_all_pairs_incl_sentinel,round_win = game_pnl > 0 (decisive only),COMPATIBILITY_ONLY_NOT_PRODUCTION,42404.8770,37633.9694,483.2517,2200,2196,-0.01139613,0.00825174,-0.01739291,-0.01139613,-483.2517,42404.8770,OK,0.0000,19.3301,4.0000,96.0000,AG03-UNRESOLVED,ALL5_LEVELS_bet23_to_bet27,19.3301,19.3301,19.3301,24.1626,24.1626,4.000000,4.000000,4.000000,5.000000,5.000000,96.000000,96.000000,96.000000,95.000000,95.000000,5.0,106.3154,97.3877,376.9363,385.864,PENDING_AG03,FALSE,NOT_FOR_ENFORCEMENT,463.9216,36128.6106,483.2517,463.9216,19.3301,0.01139613,0.01094029,19.3301,463.9216,0.01094029,19.3301,19.3301,19.3301,24.1626,24.1626,463.9216,0.01094029,106.3154,97.3877,376.9363,385.864,0.00888898,0.00909952,0.00045585,19.2749,17.1375,0.2201,5.7530,0.6409,504.8200,26.1429,7.1751,39.7174,2.9515,6.1317,20.2037,44.018,88.0359,220.0898,5.1098,0.0,14.357485,35.893712,3.143486,29,158,125,3,0.23384124,0.01139613,-0.00825174,0E-8,0.000000,0.887492,0.846818,0.02564465,2026-03-24,2026-08-06,84,754,547,136,0.617647,0.180654,0.372251,0.779471,,,,,,,,GLOBAL_BASELINE_NO_ENTITY_RANKING,,,NOT_APPLICABLE_GLOBAL_BASELINE,HF9g-P5,,,,X 全窗基线 · 不参与实体赏罚,8398284,840,A168_HF9F_20260827_0900,2026-08-27 09:00:00
2026-08-01,129740297,1384,0,14.1425569743,14.1425569743,14.1425569743,1.0000000,1,1,0.50665070000000000,0.506650700000,0.9867858985152569,0.9867858985152569,0.9867858985152569,0E-17,ELIGIBLE,R03b_20260811_FULL_v1,L1_ELIGIBILITY,v2026-08-11,2026-03-21..2026-08-06,baccarat_bet02_101_all_pairs_incl_sentinel,round_win = game_pnl > 0 (decisive only),COMPATIBILITY_ONLY_NOT_PRODUCTION,42404.8770,37633.9694,483.2517,2200,2196,-0.01139613,0.00825174,-0.01739291,-0.01139613,-483.2517,42404.8770,OK,0.0000,19.3301,4.0000,96.0000,AG03-UNRESOLVED,ALL5_LEVELS_bet23_to_bet27,19.3301,19.3301,19.3301,24.1626,24.1626,4.000000,4.000000,4.000000,5.000000,5.000000,96.000000,96.000000,96.000000,95.000000,95.000000,5.0,106.3154,97.3877,376.9363,385.864,PENDING_AG03,FALSE,NOT_FOR_ENFORCEMENT,463.9216,36128.6106,483.2517,463.9216,19.3301,0.01139613,0.01094029,19.3301,463.9216,0.01094029,19.3301,19.3301,19.3301,24.1626,24.1626,463.9216,0.01094029,106.3154,97.3877,376.9363,385.864,0.00888898,0.00909952,0.00045585,19.2749,17.1375,0.2201,5.7530,0.6409,504.8200,26.1429,7.1751,39.7174,2.9515,6.1317,20.2037,44.018,88.0359,220.0898,5.1098,0.0,14.357485,35.893712,3.143486,29,158,125,3,0.23384124,0.01139613,-0.00825174,0E-8,0.000000,0.887492,0.846818,0.02564465,2026-03-24,2026-08-06,84,754,547,136,0.617647,0.180654,0.372251,0.779471,,,,,,,,GLOBAL_BASELINE_NO_ENTITY_RANKING,,,NOT_APPLICABLE_GLOBAL_BASELINE,HF9g-P5,,,,X 全窗基线 · 不参与实体赏罚,8398285,840,A168_HF9F_20260827_0900,2026-08-27 09:00:00
2026-08-01,129740297,1399,0,20.2036528204,15.1527396153,15.1527396153,1.0000000,2,2,0.50665070000000000,0.506650700000,1.3955260008387969,1.3955260008387969,1.3955260008387969,0E-17,ELIGIBLE,R03b_20260811_FULL_v1,L1_ELIGIBILITY,v2026-08-11,2026-03-21..2026-08-06,baccarat_bet02_101_all_pairs_incl_sentinel,round_win = game_pnl > 0 (decisive only),COMPATIBILITY_ONLY_NOT_PRODUCTION,42404.8770,37633.9694,483.2517,2200,2196,-0.01139613,0.00825174,-0.01739291,-0.01139613,-483.2517,42404.8770,OK,0.0000,19.3301,4.0000,96.0000,AG03-UNRESOLVED,ALL5_LEVELS_bet23_to_bet27,19.3301,19.3301,19.3301,24.1626,24.1626,4.000000,4.000000,4.000000,5.000000,5.000000,96.000000,96.000000,96.000000,95.000000,95.000000,5.0,106.3154,97.3877,376.9363,385.864,PENDING_AG03,FALSE,NOT_FOR_ENFORCEMENT,463.9216,36128.6106,483.2517,463.9216,19.3301,0.01139613,0.01094029,19.3301,463.9216,0.01094029,19.3301,19.3301,19.3301,24.1626,24.1626,463.9216,0.01094029,106.3154,97.3877,376.9363,385.864,0.00888898,0.00909952,0.00045585,19.2749,17.1375,0.2201,5.7530,0.6409,504.8200,26.1429,7.1751,39.7174,2.9515,6.1317,20.2037,44.018,88.0359,220.0898,5.1098,0.0,14.357485,35.893712,3.143486,29,158,125,3,0.23384124,0.01139613,-0.00825174,0E-8,0.000000,0.887492,0.846818,0.02564465,2026-03-24,2026-08-06,84,754,547,136,0.617647,0.180654,0.372251,0.779471,,,,,,,,GLOBAL_BASELINE_NO_ENTITY_RANKING,,,NOT_APPLICABLE_GLOBAL_BASELINE,HF9g-P5,,,,X 全窗基线 · 不参与实体赏罚,8398286,840,A168_HF9F_20260827_0900,2026-08-27 09:00:00
2026-08-01,129740297,1402,0,20.2036528204,20.2036528204,20.2036528204,1.0000000,2,2,0.50665070000000000,0.506650700000,1.3955260008387969,1.3955260008387969,1.3955260008387969,0E-17,ELIGIBLE,R03b_20260811_FULL_v1,L1_ELIGIBILITY,v2026-08-11,2026-03-21..2026-08-06,baccarat_bet02_101_all_pairs_incl_sentinel,round_win = game_pnl > 0 (decisive only),COMPATIBILITY_ONLY_NOT_PRODUCTION,42404.8770,37633.9694,483.2517,2200,2196,-0.01139613,0.00825174,-0.01739291,-0.01139613,-483.2517,42404.8770,OK,0.0000,19.3301,4.0000,96.0000,AG03-UNRESOLVED,ALL5_LEVELS_bet23_to_bet27,19.3301,19.3301,19.3301,24.1626,24.1626,4.000000,4.000000,4.000000,5.000000,5.000000,96.000000,96.000000,96.000000,95.000000,95.000000,5.0,106.3154,97.3877,376.9363,385.864,PENDING_AG03,FALSE,NOT_FOR_ENFORCEMENT,463.9216,36128.6106,483.2517,463.9216,19.3301,0.01139613,0.01094029,19.3301,463.9216,0.01094029,19.3301,19.3301,19.3301,24.1626,24.1626,463.9216,0.01094029,106.3154,97.3877,376.9363,385.864,0.00888898,0.00909952,0.00045585,19.2749,17.1375,0.2201,5.7530,0.6409,504.8200,26.1429,7.1751,39.7174,2.9515,6.1317,20.2037,44.018,88.0359,220.0898,5.1098,0.0,14.357485,35.893712,3.143486,29,158,125,3,0.23384124,0.01139613,-0.00825174,0E-8,0.000000,0.887492,0.846818,0.02564465,2026-03-24,2026-08-06,84,754,547,136,0.617647,0.180654,0.372251,0.779471,,,,,,,,GLOBAL_BASELINE_NO_ENTITY_RANKING,,,NOT_APPLICABLE_GLOBAL_BASELINE,HF9g-P5,,,,X 全窗基线 · 不参与实体赏罚,8398287,840,A168_HF9F_20260827_0900,2026-08-27 09:00:00
2026-08-01,129740297,2069,0,20.2036528204,-20.2036528204,-20.2036528204,0E-7,1,1,0.49324550000000000,0.493245500000,-0.9865810262130424,-0.9865810262130424,-0.9865810262130424,0E-17,ELIGIBLE,R03b_20260811_FULL_v1,L1_ELIGIBILITY,v2026-08-11,2026-03-21..2026-08-06,baccarat_bet02_101_all_pairs_incl_sentinel,round_win = game_pnl > 0 (decisive only),COMPATIBILITY_ONLY_NOT_PRODUCTION,42404.8770,37633.9694,483.2517,2200,2196,-0.01139613,0.00825174,-0.01739291,-0.01139613,-483.2517,42404.8770,OK,0.0000,19.3301,4.0000,96.0000,AG03-UNRESOLVED,ALL5_LEVELS_bet23_to_bet27,19.3301,19.3301,19.3301,24.1626,24.1626,4.000000,4.000000,4.000000,5.000000,5.000000,96.000000,96.000000,96.000000,95.000000,95.000000,5.0,106.3154,97.3877,376.9363,385.864,PENDING_AG03,FALSE,NOT_FOR_ENFORCEMENT,463.9216,36128.6106,483.2517,463.9216,19.3301,0.01139613,0.01094029,19.3301,463.9216,0.01094029,19.3301,19.3301,19.3301,24.1626,24.1626,463.9216,0.01094029,106.3154,97.3877,376.9363,385.864,0.00888898,0.00909952,0.00045585,19.2749,17.1375,0.2201,5.7530,0.6409,504.8200,26.1429,7.1751,39.7174,2.9515,6.1317,20.2037,44.018,88.0359,220.0898,5.1098,0.0,14.357485,35.893712,3.143486,29,158,125,3,0.23384124,0.01139613,-0.00825174,0E-8,0.000000,0.887492,0.846818,0.02564465,2026-03-24,2026-08-06,84,754,547,136,0.617647,0.180654,0.372251,0.779471,,,,,,,,GLOBAL_BASELINE_NO_ENTITY_RANKING,,,NOT_APPLICABLE_GLOBAL_BASELINE,HF9g-P5,,,,X 全窗基线 · 不参与实体赏罚,8398288,840,A168_HF9F_20260827_0900,2026-08-27 09:00:00
2026-08-01,129740297,2106,0,121.2219169225,80.8146112817,80.8146112817,0.8000000,5,5,0.50665070000000000,0.506650700000,1.3120140225494112,1.3120140225494112,1.3120140225494112,0E-17,ELIGIBLE,R03b_20260811_FULL_v1,L1_ELIGIBILITY,v2026-08-11,2026-03-21..2026-08-06,baccarat_bet02_101_all_pairs_incl_sentinel,round_win = game_pnl > 0 (decisive only),COMPATIBILITY_ONLY_NOT_PRODUCTION,42404.8770,37633.9694,483.2517,2200,2196,-0.01139613,0.00825174,-0.01739291,-0.01139613,-483.2517,42404.8770,OK,0.0000,19.3301,4.0000,96.0000,AG03-UNRESOLVED,ALL5_LEVELS_bet23_to_bet27,19.3301,19.3301,19.3301,24.1626,24.1626,4.000000,4.000000,4.000000,5.000000,5.000000,96.000000,96.000000,96.000000,95.000000,95.000000,5.0,106.3154,97.3877,376.9363,385.864,PENDING_AG03,FALSE,NOT_FOR_ENFORCEMENT,463.9216,36128.6106,483.2517,463.9216,19.3301,0.01139613,0.01094029,19.3301,463.9216,0.01094029,19.3301,19.3301,19.3301,24.1626,24.1626,463.9216,0.01094029,106.3154,97.3877,376.9363,385.864,0.00888898,0.00909952,0.00045585,19.2749,17.1375,0.2201,5.7530,0.6409,504.8200,26.1429,7.1751,39.7174,2.9515,6.1317,20.2037,44.018,88.0359,220.0898,5.1098,0.0,14.357485,35.893712,3.143486,29,158,125,3,0.23384124,0.01139613,-0.00825174,0E-8,0.000000,0.887492,0.846818,0.02564465,2026-03-24,2026-08-06,84,754,547,136,0.617647,0.180654,0.372251,0.779471,,,,,,,,GLOBAL_BASELINE_NO_ENTITY_RANKING,,,NOT_APPLICABLE_GLOBAL_BASELINE,HF9g-P5,,,,X 全窗基线 · 不参与实体赏罚,8398289,840,A168_HF9F_20260827_0900,2026-08-27 09:00:00
2026-08-01,129740297,2152,0,40.4073056408,40.4073056408,40.4073056408,1.0000000,2,2,0.49324550000000000,0.493245500000,1.4334489766152358,1.4334489766152358,1.4334489766152358,0E-17,ELIGIBLE,R03b_20260811_FULL_v1,L1_ELIGIBILITY,v2026-08-11,2026-03-21..2026-08-06,baccarat_bet02_101_all_pairs_incl_sentinel,round_win = game_pnl > 0 (decisive only),COMPATIBILITY_ONLY_NOT_PRODUCTION,42404.8770,37633.9694,483.2517,2200,2196,-0.01139613,0.00825174,-0.01739291,-0.01139613,-483.2517,42404.8770,OK,0.0000,19.3301,4.0000,96.0000,AG03-UNRESOLVED,ALL5_LEVELS_bet23_to_bet27,19.3301,19.3301,19.3301,24.1626,24.1626,4.000000,4.000000,4.000000,5.000000,5.000000,96.000000,96.000000,96.000000,95.000000,95.000000,5.0,106.3154,97.3877,376.9363,385.864,PENDING_AG03,FALSE,NOT_FOR_ENFORCEMENT,463.9216,36128.6106,483.2517,463.9216,19.3301,0.01139613,0.01094029,19.3301,463.9216,0.01094029,19.3301,19.3301,19.3301,24.1626,24.1626,463.9216,0.01094029,106.3154,97.3877,376.9363,385.864,0.00888898,0.00909952,0.00045585,19.2749,17.1375,0.2201,5.7530,0.6409,504.8200,26.1429,7.1751,39.7174,2.9515,6.1317,20.2037,44.018,88.0359,220.0898,5.1098,0.0,14.357485,35.893712,3.143486,29,158,125,3,0.23384124,0.01139613,-0.00825174,0E-8,0.000000,0.887492,0.846818,0.02564465,2026-03-24,2026-08-06,84,754,547,136,0.617647,0.180654,0.372251,0.779471,,,,,,,,GLOBAL_BASELINE_NO_ENTITY_RANKING,,,NOT_APPLICABLE_GLOBAL_BASELINE,HF9g-P5,,,,X 全窗基线 · 不参与实体赏罚,8398290,840,A168_HF9F_20260827_0900,2026-08-27 09:00:00
2026-08-01,129740297,2153,0,20.2036528204,20.2036528204,20.2036528204,1.0000000,1,1,0.49324550000000000,0.493245500000,1.01360149184955,1.01360149184955,1.01360149184955,0E-17,ELIGIBLE,R03b_20260811_FULL_v1,L1_ELIGIBILITY,v2026-08-11,2026-03-21..2026-08-06,baccarat_bet02_101_all_pairs_incl_sentinel,round_win = game_pnl > 0 (decisive only),COMPATIBILITY_ONLY_NOT_PRODUCTION,42404.8770,37633.9694,483.2517,2200,2196,-0.01139613,0.00825174,-0.01739291,-0.01139613,-483.2517,42404.8770,OK,0.0000,19.3301,4.0000,96.0000,AG03-UNRESOLVED,ALL5_LEVELS_bet23_to_bet27,19.3301,19.3301,19.3301,24.1626,24.1626,4.000000,4.000000,4.000000,5.000000,5.000000,96.000000,96.000000,96.000000,95.000000,95.000000,5.0,106.3154,97.3877,376.9363,385.864,PENDING_AG03,FALSE,NOT_FOR_ENFORCEMENT,463.9216,36128.6106,483.2517,463.9216,19.3301,0.01139613,0.01094029,19.3301,463.9216,0.01094029,19.3301,19.3301,19.3301,24.1626,24.1626,463.9216,0.01094029,106.3154,97.3877,376.9363,385.864,0.00888898,0.00909952,0.00045585,19.2749,17.1375,0.2201,5.7530,0.6409,504.8200,26.1429,7.1751,39.7174,2.9515,6.1317,20.2037,44.018,88.0359,220.0898,5.1098,0.0,14.357485,35.893712,3.143486,29,158,125,3,0.23384124,0.01139613,-0.00825174,0E-8,0.000000,0.887492,0.846818,0.02564465,2026-03-24,2026-08-06,84,754,547,136,0.617647,0.180654,0.372251,0.779471,,,,,,,,GLOBAL_BASELINE_NO_ENTITY_RANKING,,,NOT_APPLICABLE_GLOBAL_BASELINE,HF9g-P5,,,,X 全窗基线 · 不参与实体赏罚,8398291,840,A168_HF9F_20260827_0900,2026-08-27 09:00:00
2026-08-01,129740297,2169,0,20.2036528204,10.1018264102,10.1018264102,1.0000000,2,2,0.50665070000000000,0.506650700000,0.9867858985152569,0.9867858985152569,0.9867858985152569,0E-17,ELIGIBLE,R03b_20260811_FULL_v1,L1_ELIGIBILITY,v2026-08-11,2026-03-21..2026-08-06,baccarat_bet02_101_all_pairs_incl_sentinel,round_win = game_pnl > 0 (decisive only),COMPATIBILITY_ONLY_NOT_PRODUCTION,42404.8770,37633.9694,483.2517,2200,2196,-0.01139613,0.00825174,-0.01739291,-0.01139613,-483.2517,42404.8770,OK,0.0000,19.3301,4.0000,96.0000,AG03-UNRESOLVED,ALL5_LEVELS_bet23_to_bet27,19.3301,19.3301,19.3301,24.1626,24.1626,4.000000,4.000000,4.000000,5.000000,5.000000,96.000000,96.000000,96.000000,95.000000,95.000000,5.0,106.3154,97.3877,376.9363,385.864,PENDING_AG03,FALSE,NOT_FOR_ENFORCEMENT,463.9216,36128.6106,483.2517,463.9216,19.3301,0.01139613,0.01094029,19.3301,463.9216,0.01094029,19.3301,19.3301,19.3301,24.1626,24.1626,463.9216,0.01094029,106.3154,97.3877,376.9363,385.864,0.00888898,0.00909952,0.00045585,19.2749,17.1375,0.2201,5.7530,0.6409,504.8200,26.1429,7.1751,39.7174,2.9515,6.1317,20.2037,44.018,88.0359,220.0898,5.1098,0.0,14.357485,35.893712,3.143486,29,158,125,3,0.23384124,0.01139613,-0.00825174,0E-8,0.000000,0.887492,0.846818,0.02564465,2026-03-24,2026-08-06,84,754,547,136,0.617647,0.180654,0.372251,0.779471,,,,,,,,GLOBAL_BASELINE_NO_ENTITY_RANKING,,,NOT_APPLICABLE_GLOBAL_BASELINE,HF9g-P5,,,,X 全窗基线 · 不参与实体赏罚,8398292,840,A168_HF9F_20260827_0900,2026-08-27 09:00:00
2026-08-01,129740297,2216,0,50.5091320510,20.2036528204,20.2036528204,0.7500000,5,5,0.50665070000000000,0.506650700000,0.9734833216690844,0.9734833216690844,0.9734833216690844,0E-17,ELIGIBLE,R03b_20260811_FULL_v1,L1_ELIGIBILITY,v2026-08-11,2026-03-21..2026-08-06,baccarat_bet02_101_all_pairs_incl_sentinel,round_win = game_pnl > 0 (decisive only),COMPATIBILITY_ONLY_NOT_PRODUCTION,42404.8770,37633.9694,483.2517,2200,2196,-0.01139613,0.00825174,-0.01739291,-0.01139613,-483.2517,42404.8770,OK,0.0000,19.3301,4.0000,96.0000,AG03-UNRESOLVED,ALL5_LEVELS_bet23_to_bet27,19.3301,19.3301,19.3301,24.1626,24.1626,4.000000,4.000000,4.000000,5.000000,5.000000,96.000000,96.000000,96.000000,95.000000,95.000000,5.0,106.3154,97.3877,376.9363,385.864,PENDING_AG03,FALSE,NOT_FOR_ENFORCEMENT,463.9216,36128.6106,483.2517,463.9216,19.3301,0.01139613,0.01094029,19.3301,463.9216,0.01094029,19.3301,19.3301,19.3301,24.1626,24.1626,463.9216,0.01094029,106.3154,97.3877,376.9363,385.864,0.00888898,0.00909952,0.00045585,19.2749,17.1375,0.2201,5.7530,0.6409,504.8200,26.1429,7.1751,39.7174,2.9515,6.1317,20.2037,44.018,88.0359,220.0898,5.1098,0.0,14.357485,35.893712,3.143486,29,158,125,3,0.23384124,0.01139613,-0.00825174,0E-8,0.000000,0.887492,0.846818,0.02564465,2026-03-24,2026-08-06,84,754,547,136,0.617647,0.180654,0.372251,0.779471,,,,,,,,GLOBAL_BASELINE_NO_ENTITY_RANKING,,,NOT_APPLICABLE_GLOBAL_BASELINE,HF9g-P5,,,,X 全窗基线 · 不参与实体赏罚,8398293,840,A168_HF9F_20260827_0900,2026-08-27 09:00:00
2026-08-01,129740297,2256,0,28.2851139486,-28.2851139486,-28.2851139486,0E-7,2,2,0.49324550000000000,0.493245500000,-1.3952362676504506,-1.3952362676504506,-1.3952362676504506,0E-17,ELIGIBLE,R03b_20260811_FULL_v1,L1_ELIGIBILITY,v2026-08-11,2026-03-21..2026-08-06,baccarat_bet02_101_all_pairs_incl_sentinel,round_win = game_pnl > 0 (decisive only),COMPATIBILITY_ONLY_NOT_PRODUCTION,42404.8770,37633.9694,483.2517,2200,2196,-0.01139613,0.00825174,-0.01739291,-0.01139613,-483.2517,42404.8770,OK,0.0000,19.3301,4.0000,96.0000,AG03-UNRESOLVED,ALL5_LEVELS_bet23_to_bet27,19.3301,19.3301,19.3301,24.1626,24.1626,4.000000,4.000000,4.000000,5.000000,5.000000,96.000000,96.000000,96.000000,95.000000,95.000000,5.0,106.3154,97.3877,376.9363,385.864,PENDING_AG03,FALSE,NOT_FOR_ENFORCEMENT,463.9216,36128.6106,483.2517,463.9216,19.3301,0.01139613,0.01094029,19.3301,463.9216,0.01094029,19.3301,19.3301,19.3301,24.1626,24.1626,463.9216,0.01094029,106.3154,97.3877,376.9363,385.864,0.00888898,0.00909952,0.00045585,19.2749,17.1375,0.2201,5.7530,0.6409,504.8200,26.1429,7.1751,39.7174,2.9515,6.1317,20.2037,44.018,88.0359,220.0898,5.1098,0.0,14.357485,35.893712,3.143486,29,158,125,3,0.23384124,0.01139613,-0.00825174,0E-8,0.000000,0.887492,0.846818,0.02564465,2026-03-24,2026-08-06,84,754,547,136,0.617647,0.180654,0.372251,0.779471,,,,,,,,GLOBAL_BASELINE_NO_ENTITY_RANKING,,,NOT_APPLICABLE_GLOBAL_BASELINE,HF9g-P5,,,,X 全窗基线 · 不参与实体赏罚,8398294,840,A168_HF9F_20260827_0900,2026-08-27 09:00:00
2026-08-01,129740297,2276,0,10.1018264102,10.1018264102,10.1018264102,1.0000000,1,1,0.49324550000000000,0.493245500000,1.01360149184955,1.01360149184955,1.01360149184955,0E-17,ELIGIBLE,R03b_20260811_FULL_v1,L1_ELIGIBILITY,v2026-08-11,2026-03-21..2026-08-06,baccarat_bet02_101_all_pairs_incl_sentinel,round_win = game_pnl > 0 (decisive only),COMPATIBILITY_ONLY_NOT_PRODUCTION,42404.8770,37633.9694,483.2517,2200,2196,-0.01139613,0.00825174,-0.01739291,-0.01139613,-483.2517,42404.8770,OK,0.0000,19.3301,4.0000,96.0000,AG03-UNRESOLVED,ALL5_LEVELS_bet23_to_bet27,19.3301,19.3301,19.3301,24.1626,24.1626,4.000000,4.000000,4.000000,5.000000,5.000000,96.000000,96.000000,96.000000,95.000000,95.000000,5.0,106.3154,97.3877,376.9363,385.864,PENDING_AG03,FALSE,NOT_FOR_ENFORCEMENT,463.9216,36128.6106,483.2517,463.9216,19.3301,0.01139613,0.01094029,19.3301,463.9216,0.01094029,19.3301,19.3301,19.3301,24.1626,24.1626,463.9216,0.01094029,106.3154,97.3877,376.9363,385.864,0.00888898,0.00909952,0.00045585,19.2749,17.1375,0.2201,5.7530,0.6409,504.8200,26.1429,7.1751,39.7174,2.9515,6.1317,20.2037,44.018,88.0359,220.0898,5.1098,0.0,14.357485,35.893712,3.143486,29,158,125,3,0.23384124,0.01139613,-0.00825174,0E-8,0.000000,0.887492,0.846818,0.02564465,2026-03-24,2026-08-06,84,754,547,136,0.617647,0.180654,0.372251,0.779471,,,,,,,,GLOBAL_BASELINE_NO_ENTITY_RANKING,,,NOT_APPLICABLE_GLOBAL_BASELINE,HF9g-P5,,,,X 全窗基线 · 不参与实体赏罚,8398295,840,A168_HF9F_20260827_0900,2026-08-27 09:00:00
2026-08-01,129740297,2281,0,80.8146112816,-50.5091320510,-50.5091320510,0.2500000,4,4,0.50665070000000000,0.506650700000,-1.0266936290537745,-1.0266936290537745,-1.0266936290537745,0E-17,ELIGIBLE,R03b_20260811_FULL_v1,L1_ELIGIBILITY,v2026-08-11,2026-03-21..2026-08-06,baccarat_bet02_101_all_pairs_incl_sentinel,round_win = game_pnl > 0 (decisive only),COMPATIBILITY_ONLY_NOT_PRODUCTION,42404.8770,37633.9694,483.2517,2200,2196,-0.01139613,0.00825174,-0.01739291,-0.01139613,-483.2517,42404.8770,OK,0.0000,19.3301,4.0000,96.0000,AG03-UNRESOLVED,ALL5_LEVELS_bet23_to_bet27,19.3301,19.3301,19.3301,24.1626,24.1626,4.000000,4.000000,4.000000,5.000000,5.000000,96.000000,96.000000,96.000000,95.000000,95.000000,5.0,106.3154,97.3877,376.9363,385.864,PENDING_AG03,FALSE,NOT_FOR_ENFORCEMENT,463.9216,36128.6106,483.2517,463.9216,19.3301,0.01139613,0.01094029,19.3301,463.9216,0.01094029,19.3301,19.3301,19.3301,24.1626,24.1626,463.9216,0.01094029,106.3154,97.3877,376.9363,385.864,0.00888898,0.00909952,0.00045585,19.2749,17.1375,0.2201,5.7530,0.6409,504.8200,26.1429,7.1751,39.7174,2.9515,6.1317,20.2037,44.018,88.0359,220.0898,5.1098,0.0,14.357485,35.893712,3.143486,29,158,125,3,0.23384124,0.01139613,-0.00825174,0E-8,0.000000,0.887492,0.846818,0.02564465,2026-03-24,2026-08-06,84,754,547,136,0.617647,0.180654,0.372251,0.779471,,,,,,,,GLOBAL_BASELINE_NO_ENTITY_RANKING,,,NOT_APPLICABLE_GLOBAL_BASELINE,HF9g-P5,,,,X 全窗基线 · 不参与实体赏罚,8398296,840,A168_HF9F_20260827_0900,2026-08-27 09:00:00
2026-08-01,129740297,2287,0,40.4073056408,20.2036528204,20.2036528204,1.0000000,2,2,0.49324550000000000,0.493245500000,1.01360149184955,1.01360149184955,1.01360149184955,0E-17,ELIGIBLE,R03b_20260811_FULL_v1,L1_ELIGIBILITY,v2026-08-11,2026-03-21..2026-08-06,baccarat_bet02_101_all_pairs_incl_sentinel,round_win = game_pnl > 0 (decisive only),COMPATIBILITY_ONLY_NOT_PRODUCTION,42404.8770,37633.9694,483.2517,2200,2196,-0.01139613,0.00825174,-0.01739291,-0.01139613,-483.2517,42404.8770,OK,0.0000,19.3301,4.0000,96.0000,AG03-UNRESOLVED,ALL5_LEVELS_bet23_to_bet27,19.3301,19.3301,19.3301,24.1626,24.1626,4.000000,4.000000,4.000000,5.000000,5.000000,96.000000,96.000000,96.000000,95.000000,95.000000,5.0,106.3154,97.3877,376.9363,385.864,PENDING_AG03,FALSE,NOT_FOR_ENFORCEMENT,463.9216,36128.6106,483.2517,463.9216,19.3301,0.01139613,0.01094029,19.3301,463.9216,0.01094029,19.3301,19.3301,19.3301,24.1626,24.1626,463.9216,0.01094029,106.3154,97.3877,376.9363,385.864,0.00888898,0.00909952,0.00045585,19.2749,17.1375,0.2201,5.7530,0.6409,504.8200,26.1429,7.1751,39.7174,2.9515,6.1317,20.2037,44.018,88.0359,220.0898,5.1098,0.0,14.357485,35.893712,3.143486,29,158,125,3,0.23384124,0.01139613,-0.00825174,0E-8,0.000000,0.887492,0.846818,0.02564465,2026-03-24,2026-08-06,84,754,547,136,0.617647,0.180654,0.372251,0.779471,,,,,,,,GLOBAL_BASELINE_NO_ENTITY_RANKING,,,NOT_APPLICABLE_GLOBAL_BASELINE,HF9g-P5,,,,X 全窗基线 · 不参与实体赏罚,8398297,840,A168_HF9F_20260827_0900,2026-08-27 09:00:00
2026-08-01,129740297,987,0,35.3563924357,10.1018264102,10.1018264102,0.6666667,3,3,0.50665070000000000,0.506650700000,0.5543606114942035,0.5543606114942035,0.5543606114942035,0E-17,ELIGIBLE,R03b_20260811_FULL_v1,L1_ELIGIBILITY,v2026-08-11,2026-03-21..2026-08-06,baccarat_bet02_101_all_pairs_incl_sentinel,round_win = game_pnl > 0 (decisive only),COMPATIBILITY_ONLY_NOT_PRODUCTION,42404.8770,37633.9694,483.2517,2200,2196,-0.01139613,0.00825174,-0.01739291,-0.01139613,-483.2517,42404.8770,OK,0.0000,19.3301,4.0000,96.0000,AG03-UNRESOLVED,ALL5_LEVELS_bet23_to_bet27,19.3301,19.3301,19.3301,24.1626,24.1626,4.000000,4.000000,4.000000,5.000000,5.000000,96.000000,96.000000,96.000000,95.000000,95.000000,5.0,106.3154,97.3877,376.9363,385.864,PENDING_AG03,FALSE,NOT_FOR_ENFORCEMENT,463.9216,36128.6106,483.2517,463.9216,19.3301,0.01139613,0.01094029,19.3301,463.9216,0.01094029,19.3301,19.3301,19.3301,24.1626,24.1626,463.9216,0.01094029,106.3154,97.3877,376.9363,385.864,0.00888898,0.00909952,0.00045585,19.2749,17.1375,0.2201,5.7530,0.6409,504.8200,26.1429,7.1751,39.7174,2.9515,6.1317,20.2037,44.018,88.0359,220.0898,5.1098,0.0,14.357485,35.893712,3.143486,29,158,125,3,0.23384124,0.01139613,-0.00825174,0E-8,0.000000,0.887492,0.846818,0.02564465,2026-03-24,2026-08-06,84,754,547,136,0.617647,0.180654,0.372251,0.779471,,,,,,,,GLOBAL_BASELINE_NO_ENTITY_RANKING,,,NOT_APPLICABLE_GLOBAL_BASELINE,HF9g-P5,,,,X 全窗基线 · 不参与实体赏罚,8398298,840,A168_HF9F_20260827_0900,2026-08-27 09:00:00
2026-08-02,129740297,-1,1,40.4073056409,40.4073056409,40.4073056409,1.0000000,1,1,0.50665070000000000,0.506650700000,0.9867858985152569,0.9867858985152569,0.9867858985152569,0E-17,SENTINEL_DEALER,R03b_20260811_FULL_v1,L1_ELIGIBILITY,v2026-08-11,2026-03-21..2026-08-06,baccarat_bet02_101_all_pairs_incl_sentinel,round_win = game_pnl > 0 (decisive only),COMPATIBILITY_ONLY_NOT_PRODUCTION,42404.8770,37633.9694,483.2517,2200,2196,-0.01139613,0.00825174,-0.01739291,-0.01139613,-483.2517,42404.8770,OK,0.0000,19.3301,4.0000,96.0000,AG03-UNRESOLVED,ALL5_LEVELS_bet23_to_bet27,19.3301,19.3301,19.3301,24.1626,24.1626,4.000000,4.000000,4.000000,5.000000,5.000000,96.000000,96.000000,96.000000,95.000000,95.000000,5.0,106.3154,97.3877,376.9363,385.864,PENDING_AG03,FALSE,NOT_FOR_ENFORCEMENT,463.9216,36128.6106,483.2517,463.9216,19.3301,0.01139613,0.01094029,19.3301,463.9216,0.01094029,19.3301,19.3301,19.3301,24.1626,24.1626,463.9216,0.01094029,106.3154,97.3877,376.9363,385.864,0.00888898,0.00909952,0.00045585,19.2749,17.1375,0.2201,5.7530,0.6409,504.8200,26.1429,7.1751,39.7174,2.9515,6.1317,20.2037,44.018,88.0359,220.0898,5.1098,0.0,14.357485,35.893712,3.143486,29,158,125,3,0.23384124,0.01139613,-0.00825174,0E-8,0.000000,0.887492,0.846818,0.02564465,2026-03-24,2026-08-06,84,754,547,136,0.617647,0.180654,0.372251,0.779471,,,,,,,,GLOBAL_BASELINE_NO_ENTITY_RANKING,,,NOT_APPLICABLE_GLOBAL_BASELINE,HF9g-P5,,,,X 全窗基线 · 不参与实体赏罚,8398299,840,A168_HF9F_20260827_0900,2026-08-27 09:00:00
2026-08-02,129740297,2069,0,70.7127848715,10.1018264103,10.1018264103,0.3333333,3,3,0.50665070000000000,0.506650700000,-0.6004420894325239,-0.6004420894325239,-0.6004420894325239,0E-17,ELIGIBLE,R03b_20260811_FULL_v1,L1_ELIGIBILITY,v2026-08-11,2026-03-21..2026-08-06,baccarat_bet02_101_all_pairs_incl_sentinel,round_win = game_pnl > 0 (decisive only),COMPATIBILITY_ONLY_NOT_PRODUCTION,42404.8770,37633.9694,483.2517,2200,2196,-0.01139613,0.00825174,-0.01739291,-0.01139613,-483.2517,42404.8770,OK,0.0000,19.3301,4.0000,96.0000,AG03-UNRESOLVED,ALL5_LEVELS_bet23_to_bet27,19.3301,19.3301,19.3301,24.1626,24.1626,4.000000,4.000000,4.000000,5.000000,5.000000,96.000000,96.000000,96.000000,95.000000,95.000000,5.0,106.3154,97.3877,376.9363,385.864,PENDING_AG03,FALSE,NOT_FOR_ENFORCEMENT,463.9216,36128.6106,483.2517,463.9216,19.3301,0.01139613,0.01094029,19.3301,463.9216,0.01094029,19.3301,19.3301,19.3301,24.1626,24.1626,463.9216,0.01094029,106.3154,97.3877,376.9363,385.864,0.00888898,0.00909952,0.00045585,19.2749,17.1375,0.2201,5.7530,0.6409,504.8200,26.1429,7.1751,39.7174,2.9515,6.1317,20.2037,44.018,88.0359,220.0898,5.1098,0.0,14.357485,35.893712,3.143486,29,158,125,3,0.23384124,0.01139613,-0.00825174,0E-8,0.000000,0.887492,0.846818,0.02564465,2026-03-24,2026-08-06,84,754,547,136,0.617647,0.180654,0.372251,0.779471,,,,,,,,GLOBAL_BASELINE_NO_ENTITY_RANKING,,,NOT_APPLICABLE_GLOBAL_BASELINE,HF9g-P5,,,,X 全窗基线 · 不参与实体赏罚,8398300,840,A168_HF9F_20260827_0900,2026-08-27 09:00:00
2026-08-02,129740297,2101,0,20.2036528204,20.2036528204,20.2036528204,1.0000000,1,1,0.49324550000000000,0.493245500000,1.01360149184955,1.01360149184955,1.01360149184955,0E-17,ELIGIBLE,R03b_20260811_FULL_v1,L1_ELIGIBILITY,v2026-08-11,2026-03-21..2026-08-06,baccarat_bet02_101_all_pairs_incl_sentinel,round_win = game_pnl > 0 (decisive only),COMPATIBILITY_ONLY_NOT_PRODUCTION,42404.8770,37633.9694,483.2517,2200,2196,-0.01139613,0.00825174,-0.01739291,-0.01139613,-483.2517,42404.8770,OK,0.0000,19.3301,4.0000,96.0000,AG03-UNRESOLVED,ALL5_LEVELS_bet23_to_bet27,19.3301,19.3301,19.3301,24.1626,24.1626,4.000000,4.000000,4.000000,5.000000,5.000000,96.000000,96.000000,96.000000,95.000000,95.000000,5.0,106.3154,97.3877,376.9363,385.864,PENDING_AG03,FALSE,NOT_FOR_ENFORCEMENT,463.9216,36128.6106,483.2517,463.9216,19.3301,0.01139613,0.01094029,19.3301,463.9216,0.01094029,19.3301,19.3301,19.3301,24.1626,24.1626,463.9216,0.01094029,106.3154,97.3877,376.9363,385.864,0.00888898,0.00909952,0.00045585,19.2749,17.1375,0.2201,5.7530,0.6409,504.8200,26.1429,7.1751,39.7174,2.9515,6.1317,20.2037,44.018,88.0359,220.0898,5.1098,0.0,14.357485,35.893712,3.143486,29,158,125,3,0.23384124,0.01139613,-0.00825174,0E-8,0.000000,0.887492,0.846818,0.02564465,2026-03-24,2026-08-06,84,754,547,136,0.617647,0.180654,0.372251,0.779471,,,,,,,,GLOBAL_BASELINE_NO_ENTITY_RANKING,,,NOT_APPLICABLE_GLOBAL_BASELINE,HF9g-P5,,,,X 全窗基线 · 不参与实体赏罚,8398301,840,A168_HF9F_20260827_0900,2026-08-27 09:00:00
2026-08-02,129740297,2196,0,141.4255697430,20.2036528204,20.2036528204,0.3333333,3,3,0.49771390000000000,0.497713900000,-0.5694369385616226,-0.5694369385616226,-0.5694369385616226,0E-17,ELIGIBLE,R03b_20260811_FULL_v1,L1_ELIGIBILITY,v2026-08-11,2026-03-21..2026-08-06,baccarat_bet02_101_all_pairs_incl_sentinel,round_win = game_pnl > 0 (decisive only),COMPATIBILITY_ONLY_NOT_PRODUCTION,42404.8770,37633.9694,483.2517,2200,2196,-0.01139613,0.00825174,-0.01739291,-0.01139613,-483.2517,42404.8770,OK,0.0000,19.3301,4.0000,96.0000,AG03-UNRESOLVED,ALL5_LEVELS_bet23_to_bet27,19.3301,19.3301,19.3301,24.1626,24.1626,4.000000,4.000000,4.000000,5.000000,5.000000,96.000000,96.000000,96.000000,95.000000,95.000000,5.0,106.3154,97.3877,376.9363,385.864,PENDING_AG03,FALSE,NOT_FOR_ENFORCEMENT,463.9216,36128.6106,483.2517,463.9216,19.3301,0.01139613,0.01094029,19.3301,463.9216,0.01094029,19.3301,19.3301,19.3301,24.1626,24.1626,463.9216,0.01094029,106.3154,97.3877,376.9363,385.864,0.00888898,0.00909952,0.00045585,19.2749,17.1375,0.2201,5.7530,0.6409,504.8200,26.1429,7.1751,39.7174,2.9515,6.1317,20.2037,44.018,88.0359,220.0898,5.1098,0.0,14.357485,35.893712,3.143486,29,158,125,3,0.23384124,0.01139613,-0.00825174,0E-8,0.000000,0.887492,0.846818,0.02564465,2026-03-24,2026-08-06,84,754,547,136,0.617647,0.180654,0.372251,0.779471,,,,,,,,GLOBAL_BASELINE_NO_ENTITY_RANKING,,,NOT_APPLICABLE_GLOBAL_BASELINE,HF9g-P5,,,,X 全窗基线 · 不参与实体赏罚,8398302,840,A168_HF9F_20260827_0900,2026-08-27 09:00:00
2026-08-02,129740297,2216,0,40.4073056408,20.2036528204,20.2036528204,1.0000000,2,2,0.49324550000000000,0.493245500000,1.01360149184955,1.01360149184955,1.01360149184955,0E-17,ELIGIBLE,R03b_20260811_FULL_v1,L1_ELIGIBILITY,v2026-08-11,2026-03-21..2026-08-06,baccarat_bet02_101_all_pairs_incl_sentinel,round_win = game_pnl > 0 (decisive only),COMPATIBILITY_ONLY_NOT_PRODUCTION,42404.8770,37633.9694,483.2517,2200,2196,-0.01139613,0.00825174,-0.01739291,-0.01139613,-483.2517,42404.8770,OK,0.0000,19.3301,4.0000,96.0000,AG03-UNRESOLVED,ALL5_LEVELS_bet23_to_bet27,19.3301,19.3301,19.3301,24.1626,24.1626,4.000000,4.000000,4.000000,5.000000,5.000000,96.000000,96.000000,96.000000,95.000000,95.000000,5.0,106.3154,97.3877,376.9363,385.864,PENDING_AG03,FALSE,NOT_FOR_ENFORCEMENT,463.9216,36128.6106,483.2517,463.9216,19.3301,0.01139613,0.01094029,19.3301,463.9216,0.01094029,19.3301,19.3301,19.3301,24.1626,24.1626,463.9216,0.01094029,106.3154,97.3877,376.9363,385.864,0.00888898,0.00909952,0.00045585,19.2749,17.1375,0.2201,5.7530,0.6409,504.8200,26.1429,7.1751,39.7174,2.9515,6.1317,20.2037,44.018,88.0359,220.0898,5.1098,0.0,14.357485,35.893712,3.143486,29,158,125,3,0.23384124,0.01139613,-0.00825174,0E-8,0.000000,0.887492,0.846818,0.02564465,2026-03-24,2026-08-06,84,754,547,136,0.617647,0.180654,0.372251,0.779471,,,,,,,,GLOBAL_BASELINE_NO_ENTITY_RANKING,,,NOT_APPLICABLE_GLOBAL_BASELINE,HF9g-P5,,,,X 全窗基线 · 不参与实体赏罚,8398303,840,A168_HF9F_20260827_0900,2026-08-27 09:00:00
2026-08-02,129740297,2266,0,131.3237433327,-90.9164376919,-90.9164376919,0.2500000,4,4,0.49324550000000000,0.493245500000,-0.9730707933947887,-0.9730707933947887,-0.9730707933947887,0E-17,ELIGIBLE,R03b_20260811_FULL_v1,L1_ELIGIBILITY,v2026-08-11,2026-03-21..2026-08-06,baccarat_bet02_101_all_pairs_incl_sentinel,round_win = game_pnl > 0 (decisive only),COMPATIBILITY_ONLY_NOT_PRODUCTION,42404.8770,37633.9694,483.2517,2200,2196,-0.01139613,0.00825174,-0.01739291,-0.01139613,-483.2517,42404.8770,OK,0.0000,19.3301,4.0000,96.0000,AG03-UNRESOLVED,ALL5_LEVELS_bet23_to_bet27,19.3301,19.3301,19.3301,24.1626,24.1626,4.000000,4.000000,4.000000,5.000000,5.000000,96.000000,96.000000,96.000000,95.000000,95.000000,5.0,106.3154,97.3877,376.9363,385.864,PENDING_AG03,FALSE,NOT_FOR_ENFORCEMENT,463.9216,36128.6106,483.2517,463.9216,19.3301,0.01139613,0.01094029,19.3301,463.9216,0.01094029,19.3301,19.3301,19.3301,24.1626,24.1626,463.9216,0.01094029,106.3154,97.3877,376.9363,385.864,0.00888898,0.00909952,0.00045585,19.2749,17.1375,0.2201,5.7530,0.6409,504.8200,26.1429,7.1751,39.7174,2.9515,6.1317,20.2037,44.018,88.0359,220.0898,5.1098,0.0,14.357485,35.893712,3.143486,29,158,125,3,0.23384124,0.01139613,-0.00825174,0E-8,0.000000,0.887492,0.846818,0.02564465,2026-03-24,2026-08-06,84,754,547,136,0.617647,0.180654,0.372251,0.779471,,,,,,,,GLOBAL_BASELINE_NO_ENTITY_RANKING,,,NOT_APPLICABLE_GLOBAL_BASELINE,HF9g-P5,,,,X 全窗基线 · 不参与实体赏罚,8398304,840,A168_HF9F_20260827_0900,2026-08-27 09:00:00
2026-08-02,129740297,2276,0,30.3054792306,30.3054792306,30.3054792306,1.0000000,1,1,0.49324550000000000,0.493245500000,1.01360149184955,1.01360149184955,1.01360149184955,0E-17,ELIGIBLE,R03b_20260811_FULL_v1,L1_ELIGIBILITY,v2026-08-11,2026-03-21..2026-08-06,baccarat_bet02_101_all_pairs_incl_sentinel,round_win = game_pnl > 0 (decisive only),COMPATIBILITY_ONLY_NOT_PRODUCTION,42404.8770,37633.9694,483.2517,2200,2196,-0.01139613,0.00825174,-0.01739291,-0.01139613,-483.2517,42404.8770,OK,0.0000,19.3301,4.0000,96.0000,AG03-UNRESOLVED,ALL5_LEVELS_bet23_to_bet27,19.3301,19.3301,19.3301,24.1626,24.1626,4.000000,4.000000,4.000000,5.000000,5.000000,96.000000,96.000000,96.000000,95.000000,95.000000,5.0,106.3154,97.3877,376.9363,385.864,PENDING_AG03,FALSE,NOT_FOR_ENFORCEMENT,463.9216,36128.6106,483.2517,463.9216,19.3301,0.01139613,0.01094029,19.3301,463.9216,0.01094029,19.3301,19.3301,19.3301,24.1626,24.1626,463.9216,0.01094029,106.3154,97.3877,376.9363,385.864,0.00888898,0.00909952,0.00045585,19.2749,17.1375,0.2201,5.7530,0.6409,504.8200,26.1429,7.1751,39.7174,2.9515,6.1317,20.2037,44.018,88.0359,220.0898,5.1098,0.0,14.357485,35.893712,3.143486,29,158,125,3,0.23384124,0.01139613,-0.00825174,0E-8,0.000000,0.887492,0.846818,0.02564465,2026-03-24,2026-08-06,84,754,547,136,0.617647,0.180654,0.372251,0.779471,,,,,,,,GLOBAL_BASELINE_NO_ENTITY_RANKING,,,NOT_APPLICABLE_GLOBAL_BASELINE,HF9g-P5,,,,X 全窗基线 · 不参与实体赏罚,8398305,840,A168_HF9F_20260827_0900,2026-08-27 09:00:00
2026-08-02,129740297,2281,0,30.3054792306,10.1018264102,10.1018264102,0.6666667,3,3,0.49324550000000000,0.493245500000,0.6008033672792107,0.6008033672792106,0.6008033672792107,0E-17,ELIGIBLE,R03b_20260811_FULL_v1,L1_ELIGIBILITY,v2026-08-11,2026-03-21..2026-08-06,baccarat_bet02_101_all_pairs_incl_sentinel,round_win = game_pnl > 0 (decisive only),COMPATIBILITY_ONLY_NOT_PRODUCTION,42404.8770,37633.9694,483.2517,2200,2196,-0.01139613,0.00825174,-0.01739291,-0.01139613,-483.2517,42404.8770,OK,0.0000,19.3301,4.0000,96.0000,AG03-UNRESOLVED,ALL5_LEVELS_bet23_to_bet27,19.3301,19.3301,19.3301,24.1626,24.1626,4.000000,4.000000,4.000000,5.000000,5.000000,96.000000,96.000000,96.000000,95.000000,95.000000,5.0,106.3154,97.3877,376.9363,385.864,PENDING_AG03,FALSE,NOT_FOR_ENFORCEMENT,463.9216,36128.6106,483.2517,463.9216,19.3301,0.01139613,0.01094029,19.3301,463.9216,0.01094029,19.3301,19.3301,19.3301,24.1626,24.1626,463.9216,0.01094029,106.3154,97.3877,376.9363,385.864,0.00888898,0.00909952,0.00045585,19.2749,17.1375,0.2201,5.7530,0.6409,504.8200,26.1429,7.1751,39.7174,2.9515,6.1317,20.2037,44.018,88.0359,220.0898,5.1098,0.0,14.357485,35.893712,3.143486,29,158,125,3,0.23384124,0.01139613,-0.00825174,0E-8,0.000000,0.887492,0.846818,0.02564465,2026-03-24,2026-08-06,84,754,547,136,0.617647,0.180654,0.372251,0.779471,,,,,,,,GLOBAL_BASELINE_NO_ENTITY_RANKING,,,NOT_APPLICABLE_GLOBAL_BASELINE,HF9g-P5,,,,X 全窗基线 · 不参与实体赏罚,8398306,840,A168_HF9F_20260827_0900,2026-08-27 09:00:00
2026-08-03,129740297,-1,1,187.2878616451,50.5091320511,50.5091320511,0.5925926,31,30,0.49652232666666667,0.496596800000,0.9984156404746917,0.9976406496565076,0.9984156404746917,-0.00007447333333333,SENTINEL_DEALER,R03b_20260811_FULL_v1,L1_ELIGIBILITY,v2026-08-11,2026-03-21..2026-08-06,baccarat_bet02_101_all_pairs_incl_sentinel,round_win = game_pnl > 0 (decisive only),COMPATIBILITY_ONLY_NOT_PRODUCTION,42404.8770,37633.9694,483.2517,2200,2196,-0.01139613,0.00825174,-0.01739291,-0.01139613,-483.2517,42404.8770,OK,0.0000,19.3301,4.0000,96.0000,AG03-UNRESOLVED,ALL5_LEVELS_bet23_to_bet27,19.3301,19.3301,19.3301,24.1626,24.1626,4.000000,4.000000,4.000000,5.000000,5.000000,96.000000,96.000000,96.000000,95.000000,95.000000,5.0,106.3154,97.3877,376.9363,385.864,PENDING_AG03,FALSE,NOT_FOR_ENFORCEMENT,463.9216,36128.6106,483.2517,463.9216,19.3301,0.01139613,0.01094029,19.3301,463.9216,0.01094029,19.3301,19.3301,19.3301,24.1626,24.1626,463.9216,0.01094029,106.3154,97.3877,376.9363,385.864,0.00888898,0.00909952,0.00045585,19.2749,17.1375,0.2201,5.7530,0.6409,504.8200,26.1429,7.1751,39.7174,2.9515,6.1317,20.2037,44.018,88.0359,220.0898,5.1098,0.0,14.357485,35.893712,3.143486,29,158,125,3,0.23384124,0.01139613,-0.00825174,0E-8,0.000000,0.887492,0.846818,0.02564465,2026-03-24,2026-08-06,84,754,547,136,0.617647,0.180654,0.372251,0.779471,,,,,,,,GLOBAL_BASELINE_NO_ENTITY_RANKING,,,NOT_APPLICABLE_GLOBAL_BASELINE,HF9g-P5,,,,X 全窗基线 · 不参与实体赏罚,8398307,840,A168_HF9F_20260827_0900,2026-08-27 09:00:00
2026-08-03,129740297,1004,0,70.7127848715,-21.2138354615,-21.2138354615,0.2500000,6,6,0.49547970000000000,0.495479700000,-0.9819589297737525,-0.9819589297737525,-0.9819589297737525,0E-17,ELIGIBLE,R03b_20260811_FULL_v1,L1_ELIGIBILITY,v2026-08-11,2026-03-21..2026-08-06,baccarat_bet02_101_all_pairs_incl_sentinel,round_win = game_pnl > 0 (decisive only),COMPATIBILITY_ONLY_NOT_PRODUCTION,42404.8770,37633.9694,483.2517,2200,2196,-0.01139613,0.00825174,-0.01739291,-0.01139613,-483.2517,42404.8770,OK,0.0000,19.3301,4.0000,96.0000,AG03-UNRESOLVED,ALL5_LEVELS_bet23_to_bet27,19.3301,19.3301,19.3301,24.1626,24.1626,4.000000,4.000000,4.000000,5.000000,5.000000,96.000000,96.000000,96.000000,95.000000,95.000000,5.0,106.3154,97.3877,376.9363,385.864,PENDING_AG03,FALSE,NOT_FOR_ENFORCEMENT,463.9216,36128.6106,483.2517,463.9216,19.3301,0.01139613,0.01094029,19.3301,463.9216,0.01094029,19.3301,19.3301,19.3301,24.1626,24.1626,463.9216,0.01094029,106.3154,97.3877,376.9363,385.864,0.00888898,0.00909952,0.00045585,19.2749,17.1375,0.2201,5.7530,0.6409,504.8200,26.1429,7.1751,39.7174,2.9515,6.1317,20.2037,44.018,88.0359,220.0898,5.1098,0.0,14.357485,35.893712,3.143486,29,158,125,3,0.23384124,0.01139613,-0.00825174,0E-8,0.000000,0.887492,0.846818,0.02564465,2026-03-24,2026-08-06,84,754,547,136,0.617647,0.180654,0.372251,0.779471,,,,,,,,GLOBAL_BASELINE_NO_ENTITY_RANKING,,,NOT_APPLICABLE_GLOBAL_BASELINE,HF9g-P5,,,,X 全窗基线 · 不参与实体赏罚,8398308,840,A168_HF9F_20260827_0900,2026-08-27 09:00:00
2026-08-03,129740297,1307,0,26.2647486664,2.0203652821,2.0203652821,0.5555556,10,10,0.49994810000000000,0.499948100000,0.33364473513075094,0.33364473513075094,0.33364473513075094,0E-17,ELIGIBLE,R03b_20260811_FULL_v1,L1_ELIGIBILITY,v2026-08-11,2026-03-21..2026-08-06,baccarat_bet02_101_all_pairs_incl_sentinel,round_win = game_pnl > 0 (decisive only),COMPATIBILITY_ONLY_NOT_PRODUCTION,42404.8770,37633.9694,483.2517,2200,2196,-0.01139613,0.00825174,-0.01739291,-0.01139613,-483.2517,42404.8770,OK,0.0000,19.3301,4.0000,96.0000,AG03-UNRESOLVED,ALL5_LEVELS_bet23_to_bet27,19.3301,19.3301,19.3301,24.1626,24.1626,4.000000,4.000000,4.000000,5.000000,5.000000,96.000000,96.000000,96.000000,95.000000,95.000000,5.0,106.3154,97.3877,376.9363,385.864,PENDING_AG03,FALSE,NOT_FOR_ENFORCEMENT,463.9216,36128.6106,483.2517,463.9216,19.3301,0.01139613,0.01094029,19.3301,463.9216,0.01094029,19.3301,19.3301,19.3301,24.1626,24.1626,463.9216,0.01094029,106.3154,97.3877,376.9363,385.864,0.00888898,0.00909952,0.00045585,19.2749,17.1375,0.2201,5.7530,0.6409,504.8200,26.1429,7.1751,39.7174,2.9515,6.1317,20.2037,44.018,88.0359,220.0898,5.1098,0.0,14.357485,35.893712,3.143486,29,158,125,3,0.23384124,0.01139613,-0.00825174,0E-8,0.000000,0.887492,0.846818,0.02564465,2026-03-24,2026-08-06,84,754,547,136,0.617647,0.180654,0.372251,0.779471,,,,,,,,GLOBAL_BASELINE_NO_ENTITY_RANKING,,,NOT_APPLICABLE_GLOBAL_BASELINE,HF9g-P5,,,,X 全窗基线 · 不参与实体赏罚,8398309,840,A168_HF9F_20260827_0900,2026-08-27 09:00:00
2026-08-03,129740297,1385,0,6.0610958461,-2.0203652821,-2.0203652821,0.5000000,3,3,0.50665070000000000,0.506650700000,-0.018812684590367487,-0.018812684590367487,-0.018812684590367487,0E-17,ELIGIBLE,R03b_20260811_FULL_v1,L1_ELIGIBILITY,v2026-08-11,2026-03-21..2026-08-06,baccarat_bet02_101_all_pairs_incl_sentinel,round_win = game_pnl > 0 (decisive only),COMPATIBILITY_ONLY_NOT_PRODUCTION,42404.8770,37633.9694,483.2517,2200,2196,-0.01139613,0.00825174,-0.01739291,-0.01139613,-483.2517,42404.8770,OK,0.0000,19.3301,4.0000,96.0000,AG03-UNRESOLVED,ALL5_LEVELS_bet23_to_bet27,19.3301,19.3301,19.3301,24.1626,24.1626,4.000000,4.000000,4.000000,5.000000,5.000000,96.000000,96.000000,96.000000,95.000000,95.000000,5.0,106.3154,97.3877,376.9363,385.864,PENDING_AG03,FALSE,NOT_FOR_ENFORCEMENT,463.9216,36128.6106,483.2517,463.9216,19.3301,0.01139613,0.01094029,19.3301,463.9216,0.01094029,19.3301,19.3301,19.3301,24.1626,24.1626,463.9216,0.01094029,106.3154,97.3877,376.9363,385.864,0.00888898,0.00909952,0.00045585,19.2749,17.1375,0.2201,5.7530,0.6409,504.8200,26.1429,7.1751,39.7174,2.9515,6.1317,20.2037,44.018,88.0359,220.0898,5.1098,0.0,14.357485,35.893712,3.143486,29,158,125,3,0.23384124,0.01139613,-0.00825174,0E-8,0.000000,0.887492,0.846818,0.02564465,2026-03-24,2026-08-06,84,754,547,136,0.617647,0.180654,0.372251,0.779471,,,,,,,,GLOBAL_BASELINE_NO_ENTITY_RANKING,,,NOT_APPLICABLE_GLOBAL_BASELINE,HF9g-P5,,,,X 全窗基线 · 不参与实体赏罚,8398310,840,A168_HF9F_20260827_0900,2026-08-27 09:00:00
2026-08-03,129740297,1947,0,7.0712784871,-1.0101826411,-1.0101826411,0.5000000,3,3,0.50665070000000000,0.506650700000,-0.018812684590367487,-0.018812684590367487,-0.018812684590367487,0E-17,ELIGIBLE,R03b_20260811_FULL_v1,L1_ELIGIBILITY,v2026-08-11,2026-03-21..2026-08-06,baccarat_bet02_101_all_pairs_incl_sentinel,round_win = game_pnl > 0 (decisive only),COMPATIBILITY_ONLY_NOT_PRODUCTION,42404.8770,37633.9694,483.2517,2200,2196,-0.01139613,0.00825174,-0.01739291,-0.01139613,-483.2517,42404.8770,OK,0.0000,19.3301,4.0000,96.0000,AG03-UNRESOLVED,ALL5_LEVELS_bet23_to_bet27,19.3301,19.3301,19.3301,24.1626,24.1626,4.000000,4.000000,4.000000,5.000000,5.000000,96.000000,96.000000,96.000000,95.000000,95.000000,5.0,106.3154,97.3877,376.9363,385.864,PENDING_AG03,FALSE,NOT_FOR_ENFORCEMENT,463.9216,36128.6106,483.2517,463.9216,19.3301,0.01139613,0.01094029,19.3301,463.9216,0.01094029,19.3301,19.3301,19.3301,24.1626,24.1626,463.9216,0.01094029,106.3154,97.3877,376.9363,385.864,0.00888898,0.00909952,0.00045585,19.2749,17.1375,0.2201,5.7530,0.6409,504.8200,26.1429,7.1751,39.7174,2.9515,6.1317,20.2037,44.018,88.0359,220.0898,5.1098,0.0,14.357485,35.893712,3.143486,29,158,125,3,0.23384124,0.01139613,-0.00825174,0E-8,0.000000,0.887492,0.846818,0.02564465,2026-03-24,2026-08-06,84,754,547,136,0.617647,0.180654,0.372251,0.779471,,,,,,,,GLOBAL_BASELINE_NO_ENTITY_RANKING,,,NOT_APPLICABLE_GLOBAL_BASELINE,HF9g-P5,,,,X 全窗基线 · 不参与实体赏罚,8398311,840,A168_HF9F_20260827_0900,2026-08-27 09:00:00
2026-08-03,129740297,2083,0,4.0407305640,0E-10,0E-10,0.5000000,2,2,0.50665070000000000,0.506650700000,-0.018812684590367487,-0.018812684590367487,-0.018812684590367487,0E-17,ELIGIBLE,R03b_20260811_FULL_v1,L1_ELIGIBILITY,v2026-08-11,2026-03-21..2026-08-06,baccarat_bet02_101_all_pairs_incl_sentinel,round_win = game_pnl > 0 (decisive only),COMPATIBILITY_ONLY_NOT_PRODUCTION,42404.8770,37633.9694,483.2517,2200,2196,-0.01139613,0.00825174,-0.01739291,-0.01139613,-483.2517,42404.8770,OK,0.0000,19.3301,4.0000,96.0000,AG03-UNRESOLVED,ALL5_LEVELS_bet23_to_bet27,19.3301,19.3301,19.3301,24.1626,24.1626,4.000000,4.000000,4.000000,5.000000,5.000000,96.000000,96.000000,96.000000,95.000000,95.000000,5.0,106.3154,97.3877,376.9363,385.864,PENDING_AG03,FALSE,NOT_FOR_ENFORCEMENT,463.9216,36128.6106,483.2517,463.9216,19.3301,0.01139613,0.01094029,19.3301,463.9216,0.01094029,19.3301,19.3301,19.3301,24.1626,24.1626,463.9216,0.01094029,106.3154,97.3877,376.9363,385.864,0.00888898,0.00909952,0.00045585,19.2749,17.1375,0.2201,5.7530,0.6409,504.8200,26.1429,7.1751,39.7174,2.9515,6.1317,20.2037,44.018,88.0359,220.0898,5.1098,0.0,14.357485,35.893712,3.143486,29,158,125,3,0.23384124,0.01139613,-0.00825174,0E-8,0.000000,0.887492,0.846818,0.02564465,2026-03-24,2026-08-06,84,754,547,136,0.617647,0.180654,0.372251,0.779471,,,,,,,,GLOBAL_BASELINE_NO_ENTITY_RANKING,,,NOT_APPLICABLE_GLOBAL_BASELINE,HF9g-P5,,,,X 全窗基线 · 不参与实体赏罚,8398312,840,A168_HF9F_20260827_0900,2026-08-27 09:00:00
2026-08-03,129740297,2093,0,47.4785841278,-10.1018264103,-10.1018264103,0.5000000,9,9,0.49622443333333333,0.496224433333,0.021358439276243733,0.02135843927812949,0.021358439276243733,3.3333E-13,ELIGIBLE,R03b_20260811_FULL_v1,L1_ELIGIBILITY,v2026-08-11,2026-03-21..2026-08-06,baccarat_bet02_101_all_pairs_incl_sentinel,round_win = game_pnl > 0 (decisive only),COMPATIBILITY_ONLY_NOT_PRODUCTION,42404.8770,37633.9694,483.2517,2200,2196,-0.01139613,0.00825174,-0.01739291,-0.01139613,-483.2517,42404.8770,OK,0.0000,19.3301,4.0000,96.0000,AG03-UNRESOLVED,ALL5_LEVELS_bet23_to_bet27,19.3301,19.3301,19.3301,24.1626,24.1626,4.000000,4.000000,4.000000,5.000000,5.000000,96.000000,96.000000,96.000000,95.000000,95.000000,5.0,106.3154,97.3877,376.9363,385.864,PENDING_AG03,FALSE,NOT_FOR_ENFORCEMENT,463.9216,36128.6106,483.2517,463.9216,19.3301,0.01139613,0.01094029,19.3301,463.9216,0.01094029,19.3301,19.3301,19.3301,24.1626,24.1626,463.9216,0.01094029,106.3154,97.3877,376.9363,385.864,0.00888898,0.00909952,0.00045585,19.2749,17.1375,0.2201,5.7530,0.6409,504.8200,26.1429,7.1751,39.7174,2.9515,6.1317,20.2037,44.018,88.0359,220.0898,5.1098,0.0,14.357485,35.893712,3.143486,29,158,125,3,0.23384124,0.01139613,-0.00825174,0E-8,0.000000,0.887492,0.846818,0.02564465,2026-03-24,2026-08-06,84,754,547,136,0.617647,0.180654,0.372251,0.779471,,,,,,,,GLOBAL_BASELINE_NO_ENTITY_RANKING,,,NOT_APPLICABLE_GLOBAL_BASELINE,HF9g-P5,,,,X 全窗基线 · 不参与实体赏罚,8398313,840,A168_HF9F_20260827_0900,2026-08-27 09:00:00
2026-08-03,129740297,2103,0,0.8081461128,0.8081461128,0.8081461128,1.0000000,1,1,0.50665070000000000,0.506650700000,0.9867858985152569,0.9867858985152569,0.9867858985152569,0E-17,ELIGIBLE,R03b_20260811_FULL_v1,L1_ELIGIBILITY,v2026-08-11,2026-03-21..2026-08-06,baccarat_bet02_101_all_pairs_incl_sentinel,round_win = game_pnl > 0 (decisive only),COMPATIBILITY_ONLY_NOT_PRODUCTION,42404.8770,37633.9694,483.2517,2200,2196,-0.01139613,0.00825174,-0.01739291,-0.01139613,-483.2517,42404.8770,OK,0.0000,19.3301,4.0000,96.0000,AG03-UNRESOLVED,ALL5_LEVELS_bet23_to_bet27,19.3301,19.3301,19.3301,24.1626,24.1626,4.000000,4.000000,4.000000,5.000000,5.000000,96.000000,96.000000,96.000000,95.000000,95.000000,5.0,106.3154,97.3877,376.9363,385.864,PENDING_AG03,FALSE,NOT_FOR_ENFORCEMENT,463.9216,36128.6106,483.2517,463.9216,19.3301,0.01139613,0.01094029,19.3301,463.9216,0.01094029,19.3301,19.3301,19.3301,24.1626,24.1626,463.9216,0.01094029,106.3154,97.3877,376.9363,385.864,0.00888898,0.00909952,0.00045585,19.2749,17.1375,0.2201,5.7530,0.6409,504.8200,26.1429,7.1751,39.7174,2.9515,6.1317,20.2037,44.018,88.0359,220.0898,5.1098,0.0,14.357485,35.893712,3.143486,29,158,125,3,0.23384124,0.01139613,-0.00825174,0E-8,0.000000,0.887492,0.846818,0.02564465,2026-03-24,2026-08-06,84,754,547,136,0.617647,0.180654,0.372251,0.779471,,,,,,,,GLOBAL_BASELINE_NO_ENTITY_RANKING,,,NOT_APPLICABLE_GLOBAL_BASELINE,HF9g-P5,,,,X 全窗基线 · 不参与实体赏罚,8398314,840,A168_HF9F_20260827_0900,2026-08-27 09:00:00
2026-08-03,129740297,2117,0,12.1221916920,0E-10,0E-10,0.5000000,6,6,0.50665070000000000,0.506650700000,-0.032584525537284574,-0.032584525537284574,-0.032584525537284574,0E-17,ELIGIBLE,R03b_20260811_FULL_v1,L1_ELIGIBILITY,v2026-08-11,2026-03-21..2026-08-06,baccarat_bet02_101_all_pairs_incl_sentinel,round_win = game_pnl > 0 (decisive only),COMPATIBILITY_ONLY_NOT_PRODUCTION,42404.8770,37633.9694,483.2517,2200,2196,-0.01139613,0.00825174,-0.01739291,-0.01139613,-483.2517,42404.8770,OK,0.0000,19.3301,4.0000,96.0000,AG03-UNRESOLVED,ALL5_LEVELS_bet23_to_bet27,19.3301,19.3301,19.3301,24.1626,24.1626,4.000000,4.000000,4.000000,5.000000,5.000000,96.000000,96.000000,96.000000,95.000000,95.000000,5.0,106.3154,97.3877,376.9363,385.864,PENDING_AG03,FALSE,NOT_FOR_ENFORCEMENT,463.9216,36128.6106,483.2517,463.9216,19.3301,0.01139613,0.01094029,19.3301,463.9216,0.01094029,19.3301,19.3301,19.3301,24.1626,24.1626,463.9216,0.01094029,106.3154,97.3877,376.9363,385.864,0.00888898,0.00909952,0.00045585,19.2749,17.1375,0.2201,5.7530,0.6409,504.8200,26.1429,7.1751,39.7174,2.9515,6.1317,20.2037,44.018,88.0359,220.0898,5.1098,0.0,14.357485,35.893712,3.143486,29,158,125,3,0.23384124,0.01139613,-0.00825174,0E-8,0.000000,0.887492,0.846818,0.02564465,2026-03-24,2026-08-06,84,754,547,136,0.617647,0.180654,0.372251,0.779471,,,,,,,,GLOBAL_BASELINE_NO_ENTITY_RANKING,,,NOT_APPLICABLE_GLOBAL_BASELINE,HF9g-P5,,,,X 全窗基线 · 不参与实体赏罚,8398315,840,A168_HF9F_20260827_0900,2026-08-27 09:00:00
2026-08-03,129740297,2141,0,8.0814611282,3.0305479231,3.0305479231,1.0000000,2,2,0.49324550000000000,0.493245500000,1.01360149184955,1.01360149184955,1.01360149184955,0E-17,ELIGIBLE,R03b_20260811_FULL_v1,L1_ELIGIBILITY,v2026-08-11,2026-03-21..2026-08-06,baccarat_bet02_101_all_pairs_incl_sentinel,round_win = game_pnl > 0 (decisive only),COMPATIBILITY_ONLY_NOT_PRODUCTION,42404.8770,37633.9694,483.2517,2200,2196,-0.01139613,0.00825174,-0.01739291,-0.01139613,-483.2517,42404.8770,OK,0.0000,19.3301,4.0000,96.0000,AG03-UNRESOLVED,ALL5_LEVELS_bet23_to_bet27,19.3301,19.3301,19.3301,24.1626,24.1626,4.000000,4.000000,4.000000,5.000000,5.000000,96.000000,96.000000,96.000000,95.000000,95.000000,5.0,106.3154,97.3877,376.9363,385.864,PENDING_AG03,FALSE,NOT_FOR_ENFORCEMENT,463.9216,36128.6106,483.2517,463.9216,19.3301,0.01139613,0.01094029,19.3301,463.9216,0.01094029,19.3301,19.3301,19.3301,24.1626,24.1626,463.9216,0.01094029,106.3154,97.3877,376.9363,385.864,0.00888898,0.00909952,0.00045585,19.2749,17.1375,0.2201,5.7530,0.6409,504.8200,26.1429,7.1751,39.7174,2.9515,6.1317,20.2037,44.018,88.0359,220.0898,5.1098,0.0,14.357485,35.893712,3.143486,29,158,125,3,0.23384124,0.01139613,-0.00825174,0E-8,0.000000,0.887492,0.846818,0.02564465,2026-03-24,2026-08-06,84,754,547,136,0.617647,0.180654,0.372251,0.779471,,,,,,,,GLOBAL_BASELINE_NO_ENTITY_RANKING,,,NOT_APPLICABLE_GLOBAL_BASELINE,HF9g-P5,,,,X 全窗基线 · 不参与实体赏罚,8398316,840,A168_HF9F_20260827_0900,2026-08-27 09:00:00
2026-08-03,129740297,2155,0,9.0916437692,5.0509132052,5.0509132052,0.6666667,3,3,0.50665070000000000,0.506650700000,0.5543606114942035,0.5543606114942035,0.5543606114942035,0E-17,ELIGIBLE,R03b_20260811_FULL_v1,L1_ELIGIBILITY,v2026-08-11,2026-03-21..2026-08-06,baccarat_bet02_101_all_pairs_incl_sentinel,round_win = game_pnl > 0 (decisive only),COMPATIBILITY_ONLY_NOT_PRODUCTION,42404.8770,37633.9694,483.2517,2200,2196,-0.01139613,0.00825174,-0.01739291,-0.01139613,-483.2517,42404.8770,OK,0.0000,19.3301,4.0000,96.0000,AG03-UNRESOLVED,ALL5_LEVELS_bet23_to_bet27,19.3301,19.3301,19.3301,24.1626,24.1626,4.000000,4.000000,4.000000,5.000000,5.000000,96.000000,96.000000,96.000000,95.000000,95.000000,5.0,106.3154,97.3877,376.9363,385.864,PENDING_AG03,FALSE,NOT_FOR_ENFORCEMENT,463.9216,36128.6106,483.2517,463.9216,19.3301,0.01139613,0.01094029,19.3301,463.9216,0.01094029,19.3301,19.3301,19.3301,24.1626,24.1626,463.9216,0.01094029,106.3154,97.3877,376.9363,385.864,0.00888898,0.00909952,0.00045585,19.2749,17.1375,0.2201,5.7530,0.6409,504.8200,26.1429,7.1751,39.7174,2.9515,6.1317,20.2037,44.018,88.0359,220.0898,5.1098,0.0,14.357485,35.893712,3.143486,29,158,125,3,0.23384124,0.01139613,-0.00825174,0E-8,0.000000,0.887492,0.846818,0.02564465,2026-03-24,2026-08-06,84,754,547,136,0.617647,0.180654,0.372251,0.779471,,,,,,,,GLOBAL_BASELINE_NO_ENTITY_RANKING,,,NOT_APPLICABLE_GLOBAL_BASELINE,HF9g-P5,,,,X 全窗基线 · 不参与实体赏罚,8398317,840,A168_HF9F_20260827_0900,2026-08-27 09:00:00
2026-08-03,129740297,2170,0,15.1527396153,-15.1527396153,-15.1527396153,0E-7,2,2,0.49324550000000000,0.493245500000,-1.3952362676504506,-1.3952362676504506,-1.3952362676504506,0E-17,ELIGIBLE,R03b_20260811_FULL_v1,L1_ELIGIBILITY,v2026-08-11,2026-03-21..2026-08-06,baccarat_bet02_101_all_pairs_incl_sentinel,round_win = game_pnl > 0 (decisive only),COMPATIBILITY_ONLY_NOT_PRODUCTION,42404.8770,37633.9694,483.2517,2200,2196,-0.01139613,0.00825174,-0.01739291,-0.01139613,-483.2517,42404.8770,OK,0.0000,19.3301,4.0000,96.0000,AG03-UNRESOLVED,ALL5_LEVELS_bet23_to_bet27,19.3301,19.3301,19.3301,24.1626,24.1626,4.000000,4.000000,4.000000,5.000000,5.000000,96.000000,96.000000,96.000000,95.000000,95.000000,5.0,106.3154,97.3877,376.9363,385.864,PENDING_AG03,FALSE,NOT_FOR_ENFORCEMENT,463.9216,36128.6106,483.2517,463.9216,19.3301,0.01139613,0.01094029,19.3301,463.9216,0.01094029,19.3301,19.3301,19.3301,24.1626,24.1626,463.9216,0.01094029,106.3154,97.3877,376.9363,385.864,0.00888898,0.00909952,0.00045585,19.2749,17.1375,0.2201,5.7530,0.6409,504.8200,26.1429,7.1751,39.7174,2.9515,6.1317,20.2037,44.018,88.0359,220.0898,5.1098,0.0,14.357485,35.893712,3.143486,29,158,125,3,0.23384124,0.01139613,-0.00825174,0E-8,0.000000,0.887492,0.846818,0.02564465,2026-03-24,2026-08-06,84,754,547,136,0.617647,0.180654,0.372251,0.779471,,,,,,,,GLOBAL_BASELINE_NO_ENTITY_RANKING,,,NOT_APPLICABLE_GLOBAL_BASELINE,HF9g-P5,,,,X 全窗基线 · 不参与实体赏罚,8398318,840,A168_HF9F_20260827_0900,2026-08-27 09:00:00
2026-08-03,129740297,2288,0,18.1832875384,5.0509132051,5.0509132051,0.6666667,4,4,0.49324550000000000,0.493245500000,0.6008033672792107,0.6008033672792106,0.6008033672792107,0E-17,ELIGIBLE,R03b_20260811_FULL_v1,L1_ELIGIBILITY,v2026-08-11,2026-03-21..2026-08-06,baccarat_bet02_101_all_pairs_incl_sentinel,round_win = game_pnl > 0 (decisive only),COMPATIBILITY_ONLY_NOT_PRODUCTION,42404.8770,37633.9694,483.2517,2200,2196,-0.01139613,0.00825174,-0.01739291,-0.01139613,-483.2517,42404.8770,OK,0.0000,19.3301,4.0000,96.0000,AG03-UNRESOLVED,ALL5_LEVELS_bet23_to_bet27,19.3301,19.3301,19.3301,24.1626,24.1626,4.000000,4.000000,4.000000,5.000000,5.000000,96.000000,96.000000,96.000000,95.000000,95.000000,5.0,106.3154,97.3877,376.9363,385.864,PENDING_AG03,FALSE,NOT_FOR_ENFORCEMENT,463.9216,36128.6106,483.2517,463.9216,19.3301,0.01139613,0.01094029,19.3301,463.9216,0.01094029,19.3301,19.3301,19.3301,24.1626,24.1626,463.9216,0.01094029,106.3154,97.3877,376.9363,385.864,0.00888898,0.00909952,0.00045585,19.2749,17.1375,0.2201,5.7530,0.6409,504.8200,26.1429,7.1751,39.7174,2.9515,6.1317,20.2037,44.018,88.0359,220.0898,5.1098,0.0,14.357485,35.893712,3.143486,29,158,125,3,0.23384124,0.01139613,-0.00825174,0E-8,0.000000,0.887492,0.846818,0.02564465,2026-03-24,2026-08-06,84,754,547,136,0.617647,0.180654,0.372251,0.779471,,,,,,,,GLOBAL_BASELINE_NO_ENTITY_RANKING,,,NOT_APPLICABLE_GLOBAL_BASELINE,HF9g-P5,,,,X 全窗基线 · 不参与实体赏罚,8398319,840,A168_HF9F_20260827_0900,2026-08-27 09:00:00
2026-08-03,129740297,526,0,4.0407305640,2.4244383384,2.4244383384,0.7500000,4,4,0.49324550000000000,0.493245500000,1.0271117246678039,1.0271117246678039,1.0271117246678039,0E-17,ELIGIBLE,R03b_20260811_FULL_v1,L1_ELIGIBILITY,v2026-08-11,2026-03-21..2026-08-06,baccarat_bet02_101_all_pairs_incl_sentinel,round_win = game_pnl > 0 (decisive only),COMPATIBILITY_ONLY_NOT_PRODUCTION,42404.8770,37633.9694,483.2517,2200,2196,-0.01139613,0.00825174,-0.01739291,-0.01139613,-483.2517,42404.8770,OK,0.0000,19.3301,4.0000,96.0000,AG03-UNRESOLVED,ALL5_LEVELS_bet23_to_bet27,19.3301,19.3301,19.3301,24.1626,24.1626,4.000000,4.000000,4.000000,5.000000,5.000000,96.000000,96.000000,96.000000,95.000000,95.000000,5.0,106.3154,97.3877,376.9363,385.864,PENDING_AG03,FALSE,NOT_FOR_ENFORCEMENT,463.9216,36128.6106,483.2517,463.9216,19.3301,0.01139613,0.01094029,19.3301,463.9216,0.01094029,19.3301,19.3301,19.3301,24.1626,24.1626,463.9216,0.01094029,106.3154,97.3877,376.9363,385.864,0.00888898,0.00909952,0.00045585,19.2749,17.1375,0.2201,5.7530,0.6409,504.8200,26.1429,7.1751,39.7174,2.9515,6.1317,20.2037,44.018,88.0359,220.0898,5.1098,0.0,14.357485,35.893712,3.143486,29,158,125,3,0.23384124,0.01139613,-0.00825174,0E-8,0.000000,0.887492,0.846818,0.02564465,2026-03-24,2026-08-06,84,754,547,136,0.617647,0.180654,0.372251,0.779471,,,,,,,,GLOBAL_BASELINE_NO_ENTITY_RANKING,,,NOT_APPLICABLE_GLOBAL_BASELINE,HF9g-P5,,,,X 全窗基线 · 不参与实体赏罚,8398320,840,A168_HF9F_20260827_0900,2026-08-27 09:00:00
2026-08-03,129740297,763,0,15.1527396155,-3.0305479231,-3.0305479231,0.4000000,5,5,0.50665070000000000,0.506650700000,-0.4769986289884125,-0.4769986289884125,-0.4769986289884125,0E-17,ELIGIBLE,R03b_20260811_FULL_v1,L1_ELIGIBILITY,v2026-08-11,2026-03-21..2026-08-06,baccarat_bet02_101_all_pairs_incl_sentinel,round_win = game_pnl > 0 (decisive only),COMPATIBILITY_ONLY_NOT_PRODUCTION,42404.8770,37633.9694,483.2517,2200,2196,-0.01139613,0.00825174,-0.01739291,-0.01139613,-483.2517,42404.8770,OK,0.0000,19.3301,4.0000,96.0000,AG03-UNRESOLVED,ALL5_LEVELS_bet23_to_bet27,19.3301,19.3301,19.3301,24.1626,24.1626,4.000000,4.000000,4.000000,5.000000,5.000000,96.000000,96.000000,96.000000,95.000000,95.000000,5.0,106.3154,97.3877,376.9363,385.864,PENDING_AG03,FALSE,NOT_FOR_ENFORCEMENT,463.9216,36128.6106,483.2517,463.9216,19.3301,0.01139613,0.01094029,19.3301,463.9216,0.01094029,19.3301,19.3301,19.3301,24.1626,24.1626,463.9216,0.01094029,106.3154,97.3877,376.9363,385.864,0.00888898,0.00909952,0.00045585,19.2749,17.1375,0.2201,5.7530,0.6409,504.8200,26.1429,7.1751,39.7174,2.9515,6.1317,20.2037,44.018,88.0359,220.0898,5.1098,0.0,14.357485,35.893712,3.143486,29,158,125,3,0.23384124,0.01139613,-0.00825174,0E-8,0.000000,0.887492,0.846818,0.02564465,2026-03-24,2026-08-06,84,754,547,136,0.617647,0.180654,0.372251,0.779471,,,,,,,,GLOBAL_BASELINE_NO_ENTITY_RANKING,,,NOT_APPLICABLE_GLOBAL_BASELINE,HF9g-P5,,,,X 全窗基线 · 不参与实体赏罚,8398321,840,A168_HF9F_20260827_0900,2026-08-27 09:00:00
2026-08-03,129740297,919,0,8.0814611282,-4.0407305641,-4.0407305641,0E-7,2,2,0.50665070000000000,0.506650700000,-1.013391052207602,-1.013391052207602,-1.013391052207602,0E-17,ELIGIBLE,R03b_20260811_FULL_v1,L1_ELIGIBILITY,v2026-08-11,2026-03-21..2026-08-06,baccarat_bet02_101_all_pairs_incl_sentinel,round_win = game_pnl > 0 (decisive only),COMPATIBILITY_ONLY_NOT_PRODUCTION,42404.8770,37633.9694,483.2517,2200,2196,-0.01139613,0.00825174,-0.01739291,-0.01139613,-483.2517,42404.8770,OK,0.0000,19.3301,4.0000,96.0000,AG03-UNRESOLVED,ALL5_LEVELS_bet23_to_bet27,19.3301,19.3301,19.3301,24.1626,24.1626,4.000000,4.000000,4.000000,5.000000,5.000000,96.000000,96.000000,96.000000,95.000000,95.000000,5.0,106.3154,97.3877,376.9363,385.864,PENDING_AG03,FALSE,NOT_FOR_ENFORCEMENT,463.9216,36128.6106,483.2517,463.9216,19.3301,0.01139613,0.01094029,19.3301,463.9216,0.01094029,19.3301,19.3301,19.3301,24.1626,24.1626,463.9216,0.01094029,106.3154,97.3877,376.9363,385.864,0.00888898,0.00909952,0.00045585,19.2749,17.1375,0.2201,5.7530,0.6409,504.8200,26.1429,7.1751,39.7174,2.9515,6.1317,20.2037,44.018,88.0359,220.0898,5.1098,0.0,14.357485,35.893712,3.143486,29,158,125,3,0.23384124,0.01139613,-0.00825174,0E-8,0.000000,0.887492,0.846818,0.02564465,2026-03-24,2026-08-06,84,754,547,136,0.617647,0.180654,0.372251,0.779471,,,,,,,,GLOBAL_BASELINE_NO_ENTITY_RANKING,,,NOT_APPLICABLE_GLOBAL_BASELINE,HF9g-P5,,,,X 全窗基线 · 不参与实体赏罚,8398322,840,A168_HF9F_20260827_0900,2026-08-27 09:00:00
2026-08-04,129740297,-1,1,25.2545660255,-25.2545660255,-25.2545660255,0E-7,1,1,0.49324550000000000,0.493245500000,-0.9865810262130424,-0.9865810262130424,-0.9865810262130424,0E-17,SENTINEL_DEALER,R03b_20260811_FULL_v1,L1_ELIGIBILITY,v2026-08-11,2026-03-21..2026-08-06,baccarat_bet02_101_all_pairs_incl_sentinel,round_win = game_pnl > 0 (decisive only),COMPATIBILITY_ONLY_NOT_PRODUCTION,42404.8770,37633.9694,483.2517,2200,2196,-0.01139613,0.00825174,-0.01739291,-0.01139613,-483.2517,42404.8770,OK,0.0000,19.3301,4.0000,96.0000,AG03-UNRESOLVED,ALL5_LEVELS_bet23_to_bet27,19.3301,19.3301,19.3301,24.1626,24.1626,4.000000,4.000000,4.000000,5.000000,5.000000,96.000000,96.000000,96.000000,95.000000,95.000000,5.0,106.3154,97.3877,376.9363,385.864,PENDING_AG03,FALSE,NOT_FOR_ENFORCEMENT,463.9216,36128.6106,483.2517,463.9216,19.3301,0.01139613,0.01094029,19.3301,463.9216,0.01094029,19.3301,19.3301,19.3301,24.1626,24.1626,463.9216,0.01094029,106.3154,97.3877,376.9363,385.864,0.00888898,0.00909952,0.00045585,19.2749,17.1375,0.2201,5.7530,0.6409,504.8200,26.1429,7.1751,39.7174,2.9515,6.1317,20.2037,44.018,88.0359,220.0898,5.1098,0.0,14.357485,35.893712,3.143486,29,158,125,3,0.23384124,0.01139613,-0.00825174,0E-8,0.000000,0.887492,0.846818,0.02564465,2026-03-24,2026-08-06,84,754,547,136,0.617647,0.180654,0.372251,0.779471,,,,,,,,GLOBAL_BASELINE_NO_ENTITY_RANKING,,,NOT_APPLICABLE_GLOBAL_BASELINE,HF9g-P5,,,,X 全窗基线 · 不参与实体赏罚,8398323,840,A168_HF9F_20260827_0900,2026-08-27 09:00:00
2026-08-04,129740297,1330,0,2.2224018102,2.2224018102,2.2224018102,1.0000000,1,1,0.50665070000000000,0.506650700000,0.9867858985152569,0.9867858985152569,0.9867858985152569,0E-17,ELIGIBLE,R03b_20260811_FULL_v1,L1_ELIGIBILITY,v2026-08-11,2026-03-21..2026-08-06,baccarat_bet02_101_all_pairs_incl_sentinel,round_win = game_pnl > 0 (decisive only),COMPATIBILITY_ONLY_NOT_PRODUCTION,42404.8770,37633.9694,483.2517,2200,2196,-0.01139613,0.00825174,-0.01739291,-0.01139613,-483.2517,42404.8770,OK,0.0000,19.3301,4.0000,96.0000,AG03-UNRESOLVED,ALL5_LEVELS_bet23_to_bet27,19.3301,19.3301,19.3301,24.1626,24.1626,4.000000,4.000000,4.000000,5.000000,5.000000,96.000000,96.000000,96.000000,95.000000,95.000000,5.0,106.3154,97.3877,376.9363,385.864,PENDING_AG03,FALSE,NOT_FOR_ENFORCEMENT,463.9216,36128.6106,483.2517,463.9216,19.3301,0.01139613,0.01094029,19.3301,463.9216,0.01094029,19.3301,19.3301,19.3301,24.1626,24.1626,463.9216,0.01094029,106.3154,97.3877,376.9363,385.864,0.00888898,0.00909952,0.00045585,19.2749,17.1375,0.2201,5.7530,0.6409,504.8200,26.1429,7.1751,39.7174,2.9515,6.1317,20.2037,44.018,88.0359,220.0898,5.1098,0.0,14.357485,35.893712,3.143486,29,158,125,3,0.23384124,0.01139613,-0.00825174,0E-8,0.000000,0.887492,0.846818,0.02564465,2026-03-24,2026-08-06,84,754,547,136,0.617647,0.180654,0.372251,0.779471,,,,,,,,GLOBAL_BASELINE_NO_ENTITY_RANKING,,,NOT_APPLICABLE_GLOBAL_BASELINE,HF9g-P5,,,,X 全窗基线 · 不参与实体赏罚,8398324,840,A168_HF9F_20260827_0900,2026-08-27 09:00:00
2026-08-04,129740297,1704,0,8.4855341847,2.8285113949,2.8285113949,1.0000000,3,3,0.50665070000000000,0.506650700000,0.9867858985152569,0.9867858985152569,0.9867858985152569,0E-17,ELIGIBLE,R03b_20260811_FULL_v1,L1_ELIGIBILITY,v2026-08-11,2026-03-21..2026-08-06,baccarat_bet02_101_all_pairs_incl_sentinel,round_win = game_pnl > 0 (decisive only),COMPATIBILITY_ONLY_NOT_PRODUCTION,42404.8770,37633.9694,483.2517,2200,2196,-0.01139613,0.00825174,-0.01739291,-0.01139613,-483.2517,42404.8770,OK,0.0000,19.3301,4.0000,96.0000,AG03-UNRESOLVED,ALL5_LEVELS_bet23_to_bet27,19.3301,19.3301,19.3301,24.1626,24.1626,4.000000,4.000000,4.000000,5.000000,5.000000,96.000000,96.000000,96.000000,95.000000,95.000000,5.0,106.3154,97.3877,376.9363,385.864,PENDING_AG03,FALSE,NOT_FOR_ENFORCEMENT,463.9216,36128.6106,483.2517,463.9216,19.3301,0.01139613,0.01094029,19.3301,463.9216,0.01094029,19.3301,19.3301,19.3301,24.1626,24.1626,463.9216,0.01094029,106.3154,97.3877,376.9363,385.864,0.00888898,0.00909952,0.00045585,19.2749,17.1375,0.2201,5.7530,0.6409,504.8200,26.1429,7.1751,39.7174,2.9515,6.1317,20.2037,44.018,88.0359,220.0898,5.1098,0.0,14.357485,35.893712,3.143486,29,158,125,3,0.23384124,0.01139613,-0.00825174,0E-8,0.000000,0.887492,0.846818,0.02564465,2026-03-24,2026-08-06,84,754,547,136,0.617647,0.180654,0.372251,0.779471,,,,,,,,GLOBAL_BASELINE_NO_ENTITY_RANKING,,,NOT_APPLICABLE_GLOBAL_BASELINE,HF9g-P5,,,,X 全窗基线 · 不参与实体赏罚,8398325,840,A168_HF9F_20260827_0900,2026-08-27 09:00:00
2026-08-04,129740297,2153,0,5.4549862616,-5.4549862616,-5.4549862616,0E-7,2,2,0.50665070000000000,0.506650700000,-1.4331513700195317,-1.4331513700195317,-1.4331513700195317,0E-17,ELIGIBLE,R03b_20260811_FULL_v1,L1_ELIGIBILITY,v2026-08-11,2026-03-21..2026-08-06,baccarat_bet02_101_all_pairs_incl_sentinel,round_win = game_pnl > 0 (decisive only),COMPATIBILITY_ONLY_NOT_PRODUCTION,42404.8770,37633.9694,483.2517,2200,2196,-0.01139613,0.00825174,-0.01739291,-0.01139613,-483.2517,42404.8770,OK,0.0000,19.3301,4.0000,96.0000,AG03-UNRESOLVED,ALL5_LEVELS_bet23_to_bet27,19.3301,19.3301,19.3301,24.1626,24.1626,4.000000,4.000000,4.000000,5.000000,5.000000,96.000000,96.000000,96.000000,95.000000,95.000000,5.0,106.3154,97.3877,376.9363,385.864,PENDING_AG03,FALSE,NOT_FOR_ENFORCEMENT,463.9216,36128.6106,483.2517,463.9216,19.3301,0.01139613,0.01094029,19.3301,463.9216,0.01094029,19.3301,19.3301,19.3301,24.1626,24.1626,463.9216,0.01094029,106.3154,97.3877,376.9363,385.864,0.00888898,0.00909952,0.00045585,19.2749,17.1375,0.2201,5.7530,0.6409,504.8200,26.1429,7.1751,39.7174,2.9515,6.1317,20.2037,44.018,88.0359,220.0898,5.1098,0.0,14.357485,35.893712,3.143486,29,158,125,3,0.23384124,0.01139613,-0.00825174,0E-8,0.000000,0.887492,0.846818,0.02564465,2026-03-24,2026-08-06,84,754,547,136,0.617647,0.180654,0.372251,0.779471,,,,,,,,GLOBAL_BASELINE_NO_ENTITY_RANKING,,,NOT_APPLICABLE_GLOBAL_BASELINE,HF9g-P5,,,,X 全窗基线 · 不参与实体赏罚,8398326,840,A168_HF9F_20260827_0900,2026-08-27 09:00:00
2026-08-04,129740297,2196,0,25.2545660255,-25.2545660255,-25.2545660255,0E-7,1,1,0.50665070000000000,0.506650700000,-1.013391052207602,-1.013391052207602,-1.013391052207602,0E-17,ELIGIBLE,R03b_20260811_FULL_v1,L1_ELIGIBILITY,v2026-08-11,2026-03-21..2026-08-06,baccarat_bet02_101_all_pairs_incl_sentinel,round_win = game_pnl > 0 (decisive only),COMPATIBILITY_ONLY_NOT_PRODUCTION,42404.8770,37633.9694,483.2517,2200,2196,-0.01139613,0.00825174,-0.01739291,-0.01139613,-483.2517,42404.8770,OK,0.0000,19.3301,4.0000,96.0000,AG03-UNRESOLVED,ALL5_LEVELS_bet23_to_bet27,19.3301,19.3301,19.3301,24.1626,24.1626,4.000000,4.000000,4.000000,5.000000,5.000000,96.000000,96.000000,96.000000,95.000000,95.000000,5.0,106.3154,97.3877,376.9363,385.864,PENDING_AG03,FALSE,NOT_FOR_ENFORCEMENT,463.9216,36128.6106,483.2517,463.9216,19.3301,0.01139613,0.01094029,19.3301,463.9216,0.01094029,19.3301,19.3301,19.3301,24.1626,24.1626,463.9216,0.01094029,106.3154,97.3877,376.9363,385.864,0.00888898,0.00909952,0.00045585,19.2749,17.1375,0.2201,5.7530,0.6409,504.8200,26.1429,7.1751,39.7174,2.9515,6.1317,20.2037,44.018,88.0359,220.0898,5.1098,0.0,14.357485,35.893712,3.143486,29,158,125,3,0.23384124,0.01139613,-0.00825174,0E-8,0.000000,0.887492,0.846818,0.02564465,2026-03-24,2026-08-06,84,754,547,136,0.617647,0.180654,0.372251,0.779471,,,,,,,,GLOBAL_BASELINE_NO_ENTITY_RANKING,,,NOT_APPLICABLE_GLOBAL_BASELINE,HF9g-P5,,,,X 全窗基线 · 不参与实体赏罚,8398327,840,A168_HF9F_20260827_0900,2026-08-27 09:00:00
2026-08-04,129740297,2234,0,10.1018264102,-5.2529497332,-5.2529497332,0.3333333,3,3,0.49324550000000000,0.493245500000,-0.5540025479526107,-0.5540025479526106,-0.5540025479526107,0E-17,ELIGIBLE,R03b_20260811_FULL_v1,L1_ELIGIBILITY,v2026-08-11,2026-03-21..2026-08-06,baccarat_bet02_101_all_pairs_incl_sentinel,round_win = game_pnl > 0 (decisive only),COMPATIBILITY_ONLY_NOT_PRODUCTION,42404.8770,37633.9694,483.2517,2200,2196,-0.01139613,0.00825174,-0.01739291,-0.01139613,-483.2517,42404.8770,OK,0.0000,19.3301,4.0000,96.0000,AG03-UNRESOLVED,ALL5_LEVELS_bet23_to_bet27,19.3301,19.3301,19.3301,24.1626,24.1626,4.000000,4.000000,4.000000,5.000000,5.000000,96.000000,96.000000,96.000000,95.000000,95.000000,5.0,106.3154,97.3877,376.9363,385.864,PENDING_AG03,FALSE,NOT_FOR_ENFORCEMENT,463.9216,36128.6106,483.2517,463.9216,19.3301,0.01139613,0.01094029,19.3301,463.9216,0.01094029,19.3301,19.3301,19.3301,24.1626,24.1626,463.9216,0.01094029,106.3154,97.3877,376.9363,385.864,0.00888898,0.00909952,0.00045585,19.2749,17.1375,0.2201,5.7530,0.6409,504.8200,26.1429,7.1751,39.7174,2.9515,6.1317,20.2037,44.018,88.0359,220.0898,5.1098,0.0,14.357485,35.893712,3.143486,29,158,125,3,0.23384124,0.01139613,-0.00825174,0E-8,0.000000,0.887492,0.846818,0.02564465,2026-03-24,2026-08-06,84,754,547,136,0.617647,0.180654,0.372251,0.779471,,,,,,,,GLOBAL_BASELINE_NO_ENTITY_RANKING,,,NOT_APPLICABLE_GLOBAL_BASELINE,HF9g-P5,,,,X 全窗基线 · 不参与实体赏罚,8398328,840,A168_HF9F_20260827_0900,2026-08-27 09:00:00
2026-08-04,129740297,2252,0,0.2020365282,-0.2020365282,-0.2020365282,0E-7,1,1,0.50665070000000000,0.506650700000,-1.013391052207602,-1.013391052207602,-1.013391052207602,0E-17,ELIGIBLE,R03b_20260811_FULL_v1,L1_ELIGIBILITY,v2026-08-11,2026-03-21..2026-08-06,baccarat_bet02_101_all_pairs_incl_sentinel,round_win = game_pnl > 0 (decisive only),COMPATIBILITY_ONLY_NOT_PRODUCTION,42404.8770,37633.9694,483.2517,2200,2196,-0.01139613,0.00825174,-0.01739291,-0.01139613,-483.2517,42404.8770,OK,0.0000,19.3301,4.0000,96.0000,AG03-UNRESOLVED,ALL5_LEVELS_bet23_to_bet27,19.3301,19.3301,19.3301,24.1626,24.1626,4.000000,4.000000,4.000000,5.000000,5.000000,96.000000,96.000000,96.000000,95.000000,95.000000,5.0,106.3154,97.3877,376.9363,385.864,PENDING_AG03,FALSE,NOT_FOR_ENFORCEMENT,463.9216,36128.6106,483.2517,463.9216,19.3301,0.01139613,0.01094029,19.3301,463.9216,0.01094029,19.3301,19.3301,19.3301,24.1626,24.1626,463.9216,0.01094029,106.3154,97.3877,376.9363,385.864,0.00888898,0.00909952,0.00045585,19.2749,17.1375,0.2201,5.7530,0.6409,504.8200,26.1429,7.1751,39.7174,2.9515,6.1317,20.2037,44.018,88.0359,220.0898,5.1098,0.0,14.357485,35.893712,3.143486,29,158,125,3,0.23384124,0.01139613,-0.00825174,0E-8,0.000000,0.887492,0.846818,0.02564465,2026-03-24,2026-08-06,84,754,547,136,0.617647,0.180654,0.372251,0.779471,,,,,,,,GLOBAL_BASELINE_NO_ENTITY_RANKING,,,NOT_APPLICABLE_GLOBAL_BASELINE,HF9g-P5,,,,X 全窗基线 · 不参与实体赏罚,8398329,840,A168_HF9F_20260827_0900,2026-08-27 09:00:00
2026-08-05,129740297,-1,1,8.8896072409,-8.8896072409,-8.8896072409,0E-7,5,5,0.49324550000000000,0.493245500000,-2.206062239923865,-2.206062239923865,-2.206062239923865,0E-17,SENTINEL_DEALER,R03b_20260811_FULL_v1,L1_ELIGIBILITY,v2026-08-11,2026-03-21..2026-08-06,baccarat_bet02_101_all_pairs_incl_sentinel,round_win = game_pnl > 0 (decisive only),COMPATIBILITY_ONLY_NOT_PRODUCTION,42404.8770,37633.9694,483.2517,2200,2196,-0.01139613,0.00825174,-0.01739291,-0.01139613,-483.2517,42404.8770,OK,0.0000,19.3301,4.0000,96.0000,AG03-UNRESOLVED,ALL5_LEVELS_bet23_to_bet27,19.3301,19.3301,19.3301,24.1626,24.1626,4.000000,4.000000,4.000000,5.000000,5.000000,96.000000,96.000000,96.000000,95.000000,95.000000,5.0,106.3154,97.3877,376.9363,385.864,PENDING_AG03,FALSE,NOT_FOR_ENFORCEMENT,463.9216,36128.6106,483.2517,463.9216,19.3301,0.01139613,0.01094029,19.3301,463.9216,0.01094029,19.3301,19.3301,19.3301,24.1626,24.1626,463.9216,0.01094029,106.3154,97.3877,376.9363,385.864,0.00888898,0.00909952,0.00045585,19.2749,17.1375,0.2201,5.7530,0.6409,504.8200,26.1429,7.1751,39.7174,2.9515,6.1317,20.2037,44.018,88.0359,220.0898,5.1098,0.0,14.357485,35.893712,3.143486,29,158,125,3,0.23384124,0.01139613,-0.00825174,0E-8,0.000000,0.887492,0.846818,0.02564465,2026-03-24,2026-08-06,84,754,547,136,0.617647,0.180654,0.372251,0.779471,,,,,,,,GLOBAL_BASELINE_NO_ENTITY_RANKING,,,NOT_APPLICABLE_GLOBAL_BASELINE,HF9g-P5,,,,X 全窗基线 · 不参与实体赏罚,8398330,840,A168_HF9F_20260827_0900,2026-08-27 09:00:00
2026-08-05,129740297,1205,0,3.0305479230,1.0101826410,1.0101826410,0.6666667,3,3,0.49324550000000000,0.493245500000,0.6008033672792107,0.6008033672792106,0.6008033672792107,0E-17,ELIGIBLE,R03b_20260811_FULL_v1,L1_ELIGIBILITY,v2026-08-11,2026-03-21..2026-08-06,baccarat_bet02_101_all_pairs_incl_sentinel,round_win = game_pnl > 0 (decisive only),COMPATIBILITY_ONLY_NOT_PRODUCTION,42404.8770,37633.9694,483.2517,2200,2196,-0.01139613,0.00825174,-0.01739291,-0.01139613,-483.2517,42404.8770,OK,0.0000,19.3301,4.0000,96.0000,AG03-UNRESOLVED,ALL5_LEVELS_bet23_to_bet27,19.3301,19.3301,19.3301,24.1626,24.1626,4.000000,4.000000,4.000000,5.000000,5.000000,96.000000,96.000000,96.000000,95.000000,95.000000,5.0,106.3154,97.3877,376.9363,385.864,PENDING_AG03,FALSE,NOT_FOR_ENFORCEMENT,463.9216,36128.6106,483.2517,463.9216,19.3301,0.01139613,0.01094029,19.3301,463.9216,0.01094029,19.3301,19.3301,19.3301,24.1626,24.1626,463.9216,0.01094029,106.3154,97.3877,376.9363,385.864,0.00888898,0.00909952,0.00045585,19.2749,17.1375,0.2201,5.7530,0.6409,504.8200,26.1429,7.1751,39.7174,2.9515,6.1317,20.2037,44.018,88.0359,220.0898,5.1098,0.0,14.357485,35.893712,3.143486,29,158,125,3,0.23384124,0.01139613,-0.00825174,0E-8,0.000000,0.887492,0.846818,0.02564465,2026-03-24,2026-08-06,84,754,547,136,0.617647,0.180654,0.372251,0.779471,,,,,,,,GLOBAL_BASELINE_NO_ENTITY_RANKING,,,NOT_APPLICABLE_GLOBAL_BASELINE,HF9g-P5,,,,X 全窗基线 · 不参与实体赏罚,8398331,840,A168_HF9F_20260827_0900,2026-08-27 09:00:00
2026-08-05,129740297,1325,0,3.0305479230,-1.0101826410,-1.0101826410,0.5000000,2,2,0.50665070000000000,0.506650700000,-0.018812684590367487,-0.018812684590367487,-0.018812684590367487,0E-17,ELIGIBLE,R03b_20260811_FULL_v1,L1_ELIGIBILITY,v2026-08-11,2026-03-21..2026-08-06,baccarat_bet02_101_all_pairs_incl_sentinel,round_win = game_pnl > 0 (decisive only),COMPATIBILITY_ONLY_NOT_PRODUCTION,42404.8770,37633.9694,483.2517,2200,2196,-0.01139613,0.00825174,-0.01739291,-0.01139613,-483.2517,42404.8770,OK,0.0000,19.3301,4.0000,96.0000,AG03-UNRESOLVED,ALL5_LEVELS_bet23_to_bet27,19.3301,19.3301,19.3301,24.1626,24.1626,4.000000,4.000000,4.000000,5.000000,5.000000,96.000000,96.000000,96.000000,95.000000,95.000000,5.0,106.3154,97.3877,376.9363,385.864,PENDING_AG03,FALSE,NOT_FOR_ENFORCEMENT,463.9216,36128.6106,483.2517,463.9216,19.3301,0.01139613,0.01094029,19.3301,463.9216,0.01094029,19.3301,19.3301,19.3301,24.1626,24.1626,463.9216,0.01094029,106.3154,97.3877,376.9363,385.864,0.00888898,0.00909952,0.00045585,19.2749,17.1375,0.2201,5.7530,0.6409,504.8200,26.1429,7.1751,39.7174,2.9515,6.1317,20.2037,44.018,88.0359,220.0898,5.1098,0.0,14.357485,35.893712,3.143486,29,158,125,3,0.23384124,0.01139613,-0.00825174,0E-8,0.000000,0.887492,0.846818,0.02564465,2026-03-24,2026-08-06,84,754,547,136,0.617647,0.180654,0.372251,0.779471,,,,,,,,GLOBAL_BASELINE_NO_ENTITY_RANKING,,,NOT_APPLICABLE_GLOBAL_BASELINE,HF9g-P5,,,,X 全窗基线 · 不参与实体赏罚,8398332,840,A168_HF9F_20260827_0900,2026-08-27 09:00:00
2026-08-05,129740297,1402,0,20.2036528204,-20.2036528204,-20.2036528204,0E-7,2,2,0.50665070000000000,0.506650700000,-1.4331513700195317,-1.4331513700195317,-1.4331513700195317,0E-17,ELIGIBLE,R03b_20260811_FULL_v1,L1_ELIGIBILITY,v2026-08-11,2026-03-21..2026-08-06,baccarat_bet02_101_all_pairs_incl_sentinel,round_win = game_pnl > 0 (decisive only),COMPATIBILITY_ONLY_NOT_PRODUCTION,42404.8770,37633.9694,483.2517,2200,2196,-0.01139613,0.00825174,-0.01739291,-0.01139613,-483.2517,42404.8770,OK,0.0000,19.3301,4.0000,96.0000,AG03-UNRESOLVED,ALL5_LEVELS_bet23_to_bet27,19.3301,19.3301,19.3301,24.1626,24.1626,4.000000,4.000000,4.000000,5.000000,5.000000,96.000000,96.000000,96.000000,95.000000,95.000000,5.0,106.3154,97.3877,376.9363,385.864,PENDING_AG03,FALSE,NOT_FOR_ENFORCEMENT,463.9216,36128.6106,483.2517,463.9216,19.3301,0.01139613,0.01094029,19.3301,463.9216,0.01094029,19.3301,19.3301,19.3301,24.1626,24.1626,463.9216,0.01094029,106.3154,97.3877,376.9363,385.864,0.00888898,0.00909952,0.00045585,19.2749,17.1375,0.2201,5.7530,0.6409,504.8200,26.1429,7.1751,39.7174,2.9515,6.1317,20.2037,44.018,88.0359,220.0898,5.1098,0.0,14.357485,35.893712,3.143486,29,158,125,3,0.23384124,0.01139613,-0.00825174,0E-8,0.000000,0.887492,0.846818,0.02564465,2026-03-24,2026-08-06,84,754,547,136,0.617647,0.180654,0.372251,0.779471,,,,,,,,GLOBAL_BASELINE_NO_ENTITY_RANKING,,,NOT_APPLICABLE_GLOBAL_BASELINE,HF9g-P5,,,,X 全窗基线 · 不参与实体赏罚,8398333,840,A168_HF9F_20260827_0900,2026-08-27 09:00:00
2026-08-05,129740297,1710,0,20.2036528204,0E-10,0E-10,0.5000000,2,2,0.50665070000000000,0.506650700000,-0.018812684590367487,-0.018812684590367487,-0.018812684590367487,0E-17,ELIGIBLE,R03b_20260811_FULL_v1,L1_ELIGIBILITY,v2026-08-11,2026-03-21..2026-08-06,baccarat_bet02_101_all_pairs_incl_sentinel,round_win = game_pnl > 0 (decisive only),COMPATIBILITY_ONLY_NOT_PRODUCTION,42404.8770,37633.9694,483.2517,2200,2196,-0.01139613,0.00825174,-0.01739291,-0.01139613,-483.2517,42404.8770,OK,0.0000,19.3301,4.0000,96.0000,AG03-UNRESOLVED,ALL5_LEVELS_bet23_to_bet27,19.3301,19.3301,19.3301,24.1626,24.1626,4.000000,4.000000,4.000000,5.000000,5.000000,96.000000,96.000000,96.000000,95.000000,95.000000,5.0,106.3154,97.3877,376.9363,385.864,PENDING_AG03,FALSE,NOT_FOR_ENFORCEMENT,463.9216,36128.6106,483.2517,463.9216,19.3301,0.01139613,0.01094029,19.3301,463.9216,0.01094029,19.3301,19.3301,19.3301,24.1626,24.1626,463.9216,0.01094029,106.3154,97.3877,376.9363,385.864,0.00888898,0.00909952,0.00045585,19.2749,17.1375,0.2201,5.7530,0.6409,504.8200,26.1429,7.1751,39.7174,2.9515,6.1317,20.2037,44.018,88.0359,220.0898,5.1098,0.0,14.357485,35.893712,3.143486,29,158,125,3,0.23384124,0.01139613,-0.00825174,0E-8,0.000000,0.887492,0.846818,0.02564465,2026-03-24,2026-08-06,84,754,547,136,0.617647,0.180654,0.372251,0.779471,,,,,,,,GLOBAL_BASELINE_NO_ENTITY_RANKING,,,NOT_APPLICABLE_GLOBAL_BASELINE,HF9g-P5,,,,X 全窗基线 · 不参与实体赏罚,8398334,840,A168_HF9F_20260827_0900,2026-08-27 09:00:00
2026-08-05,129740297,1941,0,20.2036528204,-10.1018264102,-10.1018264102,0E-7,2,2,0.49324550000000000,0.493245500000,-0.9865810262130424,-0.9865810262130424,-0.9865810262130424,0E-17,ELIGIBLE,R03b_20260811_FULL_v1,L1_ELIGIBILITY,v2026-08-11,2026-03-21..2026-08-06,baccarat_bet02_101_all_pairs_incl_sentinel,round_win = game_pnl > 0 (decisive only),COMPATIBILITY_ONLY_NOT_PRODUCTION,42404.8770,37633.9694,483.2517,2200,2196,-0.01139613,0.00825174,-0.01739291,-0.01139613,-483.2517,42404.8770,OK,0.0000,19.3301,4.0000,96.0000,AG03-UNRESOLVED,ALL5_LEVELS_bet23_to_bet27,19.3301,19.3301,19.3301,24.1626,24.1626,4.000000,4.000000,4.000000,5.000000,5.000000,96.000000,96.000000,96.000000,95.000000,95.000000,5.0,106.3154,97.3877,376.9363,385.864,PENDING_AG03,FALSE,NOT_FOR_ENFORCEMENT,463.9216,36128.6106,483.2517,463.9216,19.3301,0.01139613,0.01094029,19.3301,463.9216,0.01094029,19.3301,19.3301,19.3301,24.1626,24.1626,463.9216,0.01094029,106.3154,97.3877,376.9363,385.864,0.00888898,0.00909952,0.00045585,19.2749,17.1375,0.2201,5.7530,0.6409,504.8200,26.1429,7.1751,39.7174,2.9515,6.1317,20.2037,44.018,88.0359,220.0898,5.1098,0.0,14.357485,35.893712,3.143486,29,158,125,3,0.23384124,0.01139613,-0.00825174,0E-8,0.000000,0.887492,0.846818,0.02564465,2026-03-24,2026-08-06,84,754,547,136,0.617647,0.180654,0.372251,0.779471,,,,,,,,GLOBAL_BASELINE_NO_ENTITY_RANKING,,,NOT_APPLICABLE_GLOBAL_BASELINE,HF9g-P5,,,,X 全窗基线 · 不参与实体赏罚,8398335,840,A168_HF9F_20260827_0900,2026-08-27 09:00:00
2026-08-05,129740297,2101,0,4.0407305640,-2.0203652820,-2.0203652820,0.3333333,3,3,0.50665070000000000,0.506650700000,-0.6004420894325239,-0.6004420894325239,-0.6004420894325239,0E-17,ELIGIBLE,R03b_20260811_FULL_v1,L1_ELIGIBILITY,v2026-08-11,2026-03-21..2026-08-06,baccarat_bet02_101_all_pairs_incl_sentinel,round_win = game_pnl > 0 (decisive only),COMPATIBILITY_ONLY_NOT_PRODUCTION,42404.8770,37633.9694,483.2517,2200,2196,-0.01139613,0.00825174,-0.01739291,-0.01139613,-483.2517,42404.8770,OK,0.0000,19.3301,4.0000,96.0000,AG03-UNRESOLVED,ALL5_LEVELS_bet23_to_bet27,19.3301,19.3301,19.3301,24.1626,24.1626,4.000000,4.000000,4.000000,5.000000,5.000000,96.000000,96.000000,96.000000,95.000000,95.000000,5.0,106.3154,97.3877,376.9363,385.864,PENDING_AG03,FALSE,NOT_FOR_ENFORCEMENT,463.9216,36128.6106,483.2517,463.9216,19.3301,0.01139613,0.01094029,19.3301,463.9216,0.01094029,19.3301,19.3301,19.3301,24.1626,24.1626,463.9216,0.01094029,106.3154,97.3877,376.9363,385.864,0.00888898,0.00909952,0.00045585,19.2749,17.1375,0.2201,5.7530,0.6409,504.8200,26.1429,7.1751,39.7174,2.9515,6.1317,20.2037,44.018,88.0359,220.0898,5.1098,0.0,14.357485,35.893712,3.143486,29,158,125,3,0.23384124,0.01139613,-0.00825174,0E-8,0.000000,0.887492,0.846818,0.02564465,2026-03-24,2026-08-06,84,754,547,136,0.617647,0.180654,0.372251,0.779471,,,,,,,,GLOBAL_BASELINE_NO_ENTITY_RANKING,,,NOT_APPLICABLE_GLOBAL_BASELINE,HF9g-P5,,,,X 全窗基线 · 不参与实体赏罚,8398336,840,A168_HF9F_20260827_0900,2026-08-27 09:00:00
2026-08-05,129740297,2103,0,6.0610958461,-1E-10,-1E-10,0.6666667,3,3,0.50665070000000000,0.506650700000,0.5543606114942035,0.5543606114942035,0.5543606114942035,0E-17,ELIGIBLE,R03b_20260811_FULL_v1,L1_ELIGIBILITY,v2026-08-11,2026-03-21..2026-08-06,baccarat_bet02_101_all_pairs_incl_sentinel,round_win = game_pnl > 0 (decisive only),COMPATIBILITY_ONLY_NOT_PRODUCTION,42404.8770,37633.9694,483.2517,2200,2196,-0.01139613,0.00825174,-0.01739291,-0.01139613,-483.2517,42404.8770,OK,0.0000,19.3301,4.0000,96.0000,AG03-UNRESOLVED,ALL5_LEVELS_bet23_to_bet27,19.3301,19.3301,19.3301,24.1626,24.1626,4.000000,4.000000,4.000000,5.000000,5.000000,96.000000,96.000000,96.000000,95.000000,95.000000,5.0,106.3154,97.3877,376.9363,385.864,PENDING_AG03,FALSE,NOT_FOR_ENFORCEMENT,463.9216,36128.6106,483.2517,463.9216,19.3301,0.01139613,0.01094029,19.3301,463.9216,0.01094029,19.3301,19.3301,19.3301,24.1626,24.1626,463.9216,0.01094029,106.3154,97.3877,376.9363,385.864,0.00888898,0.00909952,0.00045585,19.2749,17.1375,0.2201,5.7530,0.6409,504.8200,26.1429,7.1751,39.7174,2.9515,6.1317,20.2037,44.018,88.0359,220.0898,5.1098,0.0,14.357485,35.893712,3.143486,29,158,125,3,0.23384124,0.01139613,-0.00825174,0E-8,0.000000,0.887492,0.846818,0.02564465,2026-03-24,2026-08-06,84,754,547,136,0.617647,0.180654,0.372251,0.779471,,,,,,,,GLOBAL_BASELINE_NO_ENTITY_RANKING,,,NOT_APPLICABLE_GLOBAL_BASELINE,HF9g-P5,,,,X 全窗基线 · 不参与实体赏罚,8398337,840,A168_HF9F_20260827_0900,2026-08-27 09:00:00
2026-08-05,129740297,2115,0,4.0407305640,0E-10,0E-10,0.5000000,4,4,0.49324550000000000,0.493245500000,0.027020465636507562,0.027020465636507562,0.027020465636507562,0E-17,ELIGIBLE,R03b_20260811_FULL_v1,L1_ELIGIBILITY,v2026-08-11,2026-03-21..2026-08-06,baccarat_bet02_101_all_pairs_incl_sentinel,round_win = game_pnl > 0 (decisive only),COMPATIBILITY_ONLY_NOT_PRODUCTION,42404.8770,37633.9694,483.2517,2200,2196,-0.01139613,0.00825174,-0.01739291,-0.01139613,-483.2517,42404.8770,OK,0.0000,19.3301,4.0000,96.0000,AG03-UNRESOLVED,ALL5_LEVELS_bet23_to_bet27,19.3301,19.3301,19.3301,24.1626,24.1626,4.000000,4.000000,4.000000,5.000000,5.000000,96.000000,96.000000,96.000000,95.000000,95.000000,5.0,106.3154,97.3877,376.9363,385.864,PENDING_AG03,FALSE,NOT_FOR_ENFORCEMENT,463.9216,36128.6106,483.2517,463.9216,19.3301,0.01139613,0.01094029,19.3301,463.9216,0.01094029,19.3301,19.3301,19.3301,24.1626,24.1626,463.9216,0.01094029,106.3154,97.3877,376.9363,385.864,0.00888898,0.00909952,0.00045585,19.2749,17.1375,0.2201,5.7530,0.6409,504.8200,26.1429,7.1751,39.7174,2.9515,6.1317,20.2037,44.018,88.0359,220.0898,5.1098,0.0,14.357485,35.893712,3.143486,29,158,125,3,0.23384124,0.01139613,-0.00825174,0E-8,0.000000,0.887492,0.846818,0.02564465,2026-03-24,2026-08-06,84,754,547,136,0.617647,0.180654,0.372251,0.779471,,,,,,,,GLOBAL_BASELINE_NO_ENTITY_RANKING,,,NOT_APPLICABLE_GLOBAL_BASELINE,HF9g-P5,,,,X 全窗基线 · 不参与实体赏罚,8398338,840,A168_HF9F_20260827_0900,2026-08-27 09:00:00
2026-08-05,129740297,2169,0,18.1832875383,8.0814611281,8.0814611281,0.6000000,5,5,0.49592654000000000,0.495926540000,0.46544610904919037,0.46544610904919037,0.46544610904919037,0E-17,ELIGIBLE,R03b_20260811_FULL_v1,L1_ELIGIBILITY,v2026-08-11,2026-03-21..2026-08-06,baccarat_bet02_101_all_pairs_incl_sentinel,round_win = game_pnl > 0 (decisive only),COMPATIBILITY_ONLY_NOT_PRODUCTION,42404.8770,37633.9694,483.2517,2200,2196,-0.01139613,0.00825174,-0.01739291,-0.01139613,-483.2517,42404.8770,OK,0.0000,19.3301,4.0000,96.0000,AG03-UNRESOLVED,ALL5_LEVELS_bet23_to_bet27,19.3301,19.3301,19.3301,24.1626,24.1626,4.000000,4.000000,4.000000,5.000000,5.000000,96.000000,96.000000,96.000000,95.000000,95.000000,5.0,106.3154,97.3877,376.9363,385.864,PENDING_AG03,FALSE,NOT_FOR_ENFORCEMENT,463.9216,36128.6106,483.2517,463.9216,19.3301,0.01139613,0.01094029,19.3301,463.9216,0.01094029,19.3301,19.3301,19.3301,24.1626,24.1626,463.9216,0.01094029,106.3154,97.3877,376.9363,385.864,0.00888898,0.00909952,0.00045585,19.2749,17.1375,0.2201,5.7530,0.6409,504.8200,26.1429,7.1751,39.7174,2.9515,6.1317,20.2037,44.018,88.0359,220.0898,5.1098,0.0,14.357485,35.893712,3.143486,29,158,125,3,0.23384124,0.01139613,-0.00825174,0E-8,0.000000,0.887492,0.846818,0.02564465,2026-03-24,2026-08-06,84,754,547,136,0.617647,0.180654,0.372251,0.779471,,,,,,,,GLOBAL_BASELINE_NO_ENTITY_RANKING,,,NOT_APPLICABLE_GLOBAL_BASELINE,HF9g-P5,,,,X 全窗基线 · 不参与实体赏罚,8398339,840,A168_HF9F_20260827_0900,2026-08-27 09:00:00
2026-08-05,129740297,2196,0,2.0203652820,0E-10,0E-10,0.5000000,2,2,0.50665070000000000,0.506650700000,-0.018812684590367487,-0.018812684590367487,-0.018812684590367487,0E-17,ELIGIBLE,R03b_20260811_FULL_v1,L1_ELIGIBILITY,v2026-08-11,2026-03-21..2026-08-06,baccarat_bet02_101_all_pairs_incl_sentinel,round_win = game_pnl > 0 (decisive only),COMPATIBILITY_ONLY_NOT_PRODUCTION,42404.8770,37633.9694,483.2517,2200,2196,-0.01139613,0.00825174,-0.01739291,-0.01139613,-483.2517,42404.8770,OK,0.0000,19.3301,4.0000,96.0000,AG03-UNRESOLVED,ALL5_LEVELS_bet23_to_bet27,19.3301,19.3301,19.3301,24.1626,24.1626,4.000000,4.000000,4.000000,5.000000,5.000000,96.000000,96.000000,96.000000,95.000000,95.000000,5.0,106.3154,97.3877,376.9363,385.864,PENDING_AG03,FALSE,NOT_FOR_ENFORCEMENT,463.9216,36128.6106,483.2517,463.9216,19.3301,0.01139613,0.01094029,19.3301,463.9216,0.01094029,19.3301,19.3301,19.3301,24.1626,24.1626,463.9216,0.01094029,106.3154,97.3877,376.9363,385.864,0.00888898,0.00909952,0.00045585,19.2749,17.1375,0.2201,5.7530,0.6409,504.8200,26.1429,7.1751,39.7174,2.9515,6.1317,20.2037,44.018,88.0359,220.0898,5.1098,0.0,14.357485,35.893712,3.143486,29,158,125,3,0.23384124,0.01139613,-0.00825174,0E-8,0.000000,0.887492,0.846818,0.02564465,2026-03-24,2026-08-06,84,754,547,136,0.617647,0.180654,0.372251,0.779471,,,,,,,,GLOBAL_BASELINE_NO_ENTITY_RANKING,,,NOT_APPLICABLE_GLOBAL_BASELINE,HF9g-P5,,,,X 全窗基线 · 不参与实体赏罚,8398340,840,A168_HF9F_20260827_0900,2026-08-27 09:00:00
2026-08-05,129740297,2281,0,2.0203652820,2.0203652820,2.0203652820,1.0000000,1,1,0.49324550000000000,0.493245500000,1.01360149184955,1.01360149184955,1.01360149184955,0E-17,ELIGIBLE,R03b_20260811_FULL_v1,L1_ELIGIBILITY,v2026-08-11,2026-03-21..2026-08-06,baccarat_bet02_101_all_pairs_incl_sentinel,round_win = game_pnl > 0 (decisive only),COMPATIBILITY_ONLY_NOT_PRODUCTION,42404.8770,37633.9694,483.2517,2200,2196,-0.01139613,0.00825174,-0.01739291,-0.01139613,-483.2517,42404.8770,OK,0.0000,19.3301,4.0000,96.0000,AG03-UNRESOLVED,ALL5_LEVELS_bet23_to_bet27,19.3301,19.3301,19.3301,24.1626,24.1626,4.000000,4.000000,4.000000,5.000000,5.000000,96.000000,96.000000,96.000000,95.000000,95.000000,5.0,106.3154,97.3877,376.9363,385.864,PENDING_AG03,FALSE,NOT_FOR_ENFORCEMENT,463.9216,36128.6106,483.2517,463.9216,19.3301,0.01139613,0.01094029,19.3301,463.9216,0.01094029,19.3301,19.3301,19.3301,24.1626,24.1626,463.9216,0.01094029,106.3154,97.3877,376.9363,385.864,0.00888898,0.00909952,0.00045585,19.2749,17.1375,0.2201,5.7530,0.6409,504.8200,26.1429,7.1751,39.7174,2.9515,6.1317,20.2037,44.018,88.0359,220.0898,5.1098,0.0,14.357485,35.893712,3.143486,29,158,125,3,0.23384124,0.01139613,-0.00825174,0E-8,0.000000,0.887492,0.846818,0.02564465,2026-03-24,2026-08-06,84,754,547,136,0.617647,0.180654,0.372251,0.779471,,,,,,,,GLOBAL_BASELINE_NO_ENTITY_RANKING,,,NOT_APPLICABLE_GLOBAL_BASELINE,HF9g-P5,,,,X 全窗基线 · 不参与实体赏罚,8398341,840,A168_HF9F_20260827_0900,2026-08-27 09:00:00
2026-08-06,129740297,-1,1,18.1832875384,6.0610958462,6.0610958462,0.6666667,6,6,0.49324550000000000,0.493245500000,0.8496642703256836,0.8496642703256835,0.8496642703256836,0E-17,SENTINEL_DEALER,R03b_20260811_FULL_v1,L1_ELIGIBILITY,v2026-08-11,2026-03-21..2026-08-06,baccarat_bet02_101_all_pairs_incl_sentinel,round_win = game_pnl > 0 (decisive only),COMPATIBILITY_ONLY_NOT_PRODUCTION,42404.8770,37633.9694,483.2517,2200,2196,-0.01139613,0.00825174,-0.01739291,-0.01139613,-483.2517,42404.8770,OK,0.0000,19.3301,4.0000,96.0000,AG03-UNRESOLVED,ALL5_LEVELS_bet23_to_bet27,19.3301,19.3301,19.3301,24.1626,24.1626,4.000000,4.000000,4.000000,5.000000,5.000000,96.000000,96.000000,96.000000,95.000000,95.000000,5.0,106.3154,97.3877,376.9363,385.864,PENDING_AG03,FALSE,NOT_FOR_ENFORCEMENT,463.9216,36128.6106,483.2517,463.9216,19.3301,0.01139613,0.01094029,19.3301,463.9216,0.01094029,19.3301,19.3301,19.3301,24.1626,24.1626,463.9216,0.01094029,106.3154,97.3877,376.9363,385.864,0.00888898,0.00909952,0.00045585,19.2749,17.1375,0.2201,5.7530,0.6409,504.8200,26.1429,7.1751,39.7174,2.9515,6.1317,20.2037,44.018,88.0359,220.0898,5.1098,0.0,14.357485,35.893712,3.143486,29,158,125,3,0.23384124,0.01139613,-0.00825174,0E-8,0.000000,0.887492,0.846818,0.02564465,2026-03-24,2026-08-06,84,754,547,136,0.617647,0.180654,0.372251,0.779471,,,,,,,,GLOBAL_BASELINE_NO_ENTITY_RANKING,,,NOT_APPLICABLE_GLOBAL_BASELINE,HF9g-P5,,,,X 全窗基线 · 不参与实体赏罚,8398342,840,A168_HF9F_20260827_0900,2026-08-27 09:00:00
2026-08-06,129740297,1094,0,10.1018264102,-3.0305479231,-3.0305479231,0.3333333,4,4,0.50665070000000000,0.506650700000,-0.6004420894325239,-0.6004420894325239,-0.6004420894325239,0E-17,ELIGIBLE,R03b_20260811_FULL_v1,L1_ELIGIBILITY,v2026-08-11,2026-03-21..2026-08-06,baccarat_bet02_101_all_pairs_incl_sentinel,round_win = game_pnl > 0 (decisive only),COMPATIBILITY_ONLY_NOT_PRODUCTION,42404.8770,37633.9694,483.2517,2200,2196,-0.01139613,0.00825174,-0.01739291,-0.01139613,-483.2517,42404.8770,OK,0.0000,19.3301,4.0000,96.0000,AG03-UNRESOLVED,ALL5_LEVELS_bet23_to_bet27,19.3301,19.3301,19.3301,24.1626,24.1626,4.000000,4.000000,4.000000,5.000000,5.000000,96.000000,96.000000,96.000000,95.000000,95.000000,5.0,106.3154,97.3877,376.9363,385.864,PENDING_AG03,FALSE,NOT_FOR_ENFORCEMENT,463.9216,36128.6106,483.2517,463.9216,19.3301,0.01139613,0.01094029,19.3301,463.9216,0.01094029,19.3301,19.3301,19.3301,24.1626,24.1626,463.9216,0.01094029,106.3154,97.3877,376.9363,385.864,0.00888898,0.00909952,0.00045585,19.2749,17.1375,0.2201,5.7530,0.6409,504.8200,26.1429,7.1751,39.7174,2.9515,6.1317,20.2037,44.018,88.0359,220.0898,5.1098,0.0,14.357485,35.893712,3.143486,29,158,125,3,0.23384124,0.01139613,-0.00825174,0E-8,0.000000,0.887492,0.846818,0.02564465,2026-03-24,2026-08-06,84,754,547,136,0.617647,0.180654,0.372251,0.779471,,,,,,,,GLOBAL_BASELINE_NO_ENTITY_RANKING,,,NOT_APPLICABLE_GLOBAL_BASELINE,HF9g-P5,,,,X 全窗基线 · 不参与实体赏罚,8398343,840,A168_HF9F_20260827_0900,2026-08-27 09:00:00
2026-08-06,129740297,1115,0,8.0814611280,6.0610958460,6.0610958460,0.8000000,5,5,0.49324550000000000,0.493245500000,1.3719730223118614,1.3719730223118614,1.3719730223118614,0E-17,ELIGIBLE,R03b_20260811_FULL_v1,L1_ELIGIBILITY,v2026-08-11,2026-03-21..2026-08-06,baccarat_bet02_101_all_pairs_incl_sentinel,round_win = game_pnl > 0 (decisive only),COMPATIBILITY_ONLY_NOT_PRODUCTION,42404.8770,37633.9694,483.2517,2200,2196,-0.01139613,0.00825174,-0.01739291,-0.01139613,-483.2517,42404.8770,OK,0.0000,19.3301,4.0000,96.0000,AG03-UNRESOLVED,ALL5_LEVELS_bet23_to_bet27,19.3301,19.3301,19.3301,24.1626,24.1626,4.000000,4.000000,4.000000,5.000000,5.000000,96.000000,96.000000,96.000000,95.000000,95.000000,5.0,106.3154,97.3877,376.9363,385.864,PENDING_AG03,FALSE,NOT_FOR_ENFORCEMENT,463.9216,36128.6106,483.2517,463.9216,19.3301,0.01139613,0.01094029,19.3301,463.9216,0.01094029,19.3301,19.3301,19.3301,24.1626,24.1626,463.9216,0.01094029,106.3154,97.3877,376.9363,385.864,0.00888898,0.00909952,0.00045585,19.2749,17.1375,0.2201,5.7530,0.6409,504.8200,26.1429,7.1751,39.7174,2.9515,6.1317,20.2037,44.018,88.0359,220.0898,5.1098,0.0,14.357485,35.893712,3.143486,29,158,125,3,0.23384124,0.01139613,-0.00825174,0E-8,0.000000,0.887492,0.846818,0.02564465,2026-03-24,2026-08-06,84,754,547,136,0.617647,0.180654,0.372251,0.779471,,,,,,,,GLOBAL_BASELINE_NO_ENTITY_RANKING,,,NOT_APPLICABLE_GLOBAL_BASELINE,HF9g-P5,,,,X 全窗基线 · 不参与实体赏罚,8398344,840,A168_HF9F_20260827_0900,2026-08-27 09:00:00
2026-08-06,129740297,1205,0,1.0101826410,-1.0101826410,-1.0101826410,0E-7,1,1,0.50665070000000000,0.506650700000,-1.013391052207602,-1.013391052207602,-1.013391052207602,0E-17,ELIGIBLE,R03b_20260811_FULL_v1,L1_ELIGIBILITY,v2026-08-11,2026-03-21..2026-08-06,baccarat_bet02_101_all_pairs_incl_sentinel,round_win = game_pnl > 0 (decisive only),COMPATIBILITY_ONLY_NOT_PRODUCTION,42404.8770,37633.9694,483.2517,2200,2196,-0.01139613,0.00825174,-0.01739291,-0.01139613,-483.2517,42404.8770,OK,0.0000,19.3301,4.0000,96.0000,AG03-UNRESOLVED,ALL5_LEVELS_bet23_to_bet27,19.3301,19.3301,19.3301,24.1626,24.1626,4.000000,4.000000,4.000000,5.000000,5.000000,96.000000,96.000000,96.000000,95.000000,95.000000,5.0,106.3154,97.3877,376.9363,385.864,PENDING_AG03,FALSE,NOT_FOR_ENFORCEMENT,463.9216,36128.6106,483.2517,463.9216,19.3301,0.01139613,0.01094029,19.3301,463.9216,0.01094029,19.3301,19.3301,19.3301,24.1626,24.1626,463.9216,0.01094029,106.3154,97.3877,376.9363,385.864,0.00888898,0.00909952,0.00045585,19.2749,17.1375,0.2201,5.7530,0.6409,504.8200,26.1429,7.1751,39.7174,2.9515,6.1317,20.2037,44.018,88.0359,220.0898,5.1098,0.0,14.357485,35.893712,3.143486,29,158,125,3,0.23384124,0.01139613,-0.00825174,0E-8,0.000000,0.887492,0.846818,0.02564465,2026-03-24,2026-08-06,84,754,547,136,0.617647,0.180654,0.372251,0.779471,,,,,,,,GLOBAL_BASELINE_NO_ENTITY_RANKING,,,NOT_APPLICABLE_GLOBAL_BASELINE,HF9g-P5,,,,X 全窗基线 · 不参与实体赏罚,8398345,840,A168_HF9F_20260827_0900,2026-08-27 09:00:00
2026-08-06,129740297,1402,0,8.0814611281,1.0101826409,1.0101826409,0.7500000,5,5,0.50665070000000000,0.506650700000,0.9734833216690844,0.9734833216690844,0.9734833216690844,0E-17,ELIGIBLE,R03b_20260811_FULL_v1,L1_ELIGIBILITY,v2026-08-11,2026-03-21..2026-08-06,baccarat_bet02_101_all_pairs_incl_sentinel,round_win = game_pnl > 0 (decisive only),COMPATIBILITY_ONLY_NOT_PRODUCTION,42404.8770,37633.9694,483.2517,2200,2196,-0.01139613,0.00825174,-0.01739291,-0.01139613,-483.2517,42404.8770,OK,0.0000,19.3301,4.0000,96.0000,AG03-UNRESOLVED,ALL5_LEVELS_bet23_to_bet27,19.3301,19.3301,19.3301,24.1626,24.1626,4.000000,4.000000,4.000000,5.000000,5.000000,96.000000,96.000000,96.000000,95.000000,95.000000,5.0,106.3154,97.3877,376.9363,385.864,PENDING_AG03,FALSE,NOT_FOR_ENFORCEMENT,463.9216,36128.6106,483.2517,463.9216,19.3301,0.01139613,0.01094029,19.3301,463.9216,0.01094029,19.3301,19.3301,19.3301,24.1626,24.1626,463.9216,0.01094029,106.3154,97.3877,376.9363,385.864,0.00888898,0.00909952,0.00045585,19.2749,17.1375,0.2201,5.7530,0.6409,504.8200,26.1429,7.1751,39.7174,2.9515,6.1317,20.2037,44.018,88.0359,220.0898,5.1098,0.0,14.357485,35.893712,3.143486,29,158,125,3,0.23384124,0.01139613,-0.00825174,0E-8,0.000000,0.887492,0.846818,0.02564465,2026-03-24,2026-08-06,84,754,547,136,0.617647,0.180654,0.372251,0.779471,,,,,,,,GLOBAL_BASELINE_NO_ENTITY_RANKING,,,NOT_APPLICABLE_GLOBAL_BASELINE,HF9g-P5,,,,X 全窗基线 · 不参与实体赏罚,8398346,840,A168_HF9F_20260827_0900,2026-08-27 09:00:00
2026-08-06,129740297,1710,0,5.0509132051,-5.0509132051,-5.0509132051,0E-7,1,1,0.50665070000000000,0.506650700000,-1.013391052207602,-1.013391052207602,-1.013391052207602,0E-17,ELIGIBLE,R03b_20260811_FULL_v1,L1_ELIGIBILITY,v2026-08-11,2026-03-21..2026-08-06,baccarat_bet02_101_all_pairs_incl_sentinel,round_win = game_pnl > 0 (decisive only),COMPATIBILITY_ONLY_NOT_PRODUCTION,42404.8770,37633.9694,483.2517,2200,2196,-0.01139613,0.00825174,-0.01739291,-0.01139613,-483.2517,42404.8770,OK,0.0000,19.3301,4.0000,96.0000,AG03-UNRESOLVED,ALL5_LEVELS_bet23_to_bet27,19.3301,19.3301,19.3301,24.1626,24.1626,4.000000,4.000000,4.000000,5.000000,5.000000,96.000000,96.000000,96.000000,95.000000,95.000000,5.0,106.3154,97.3877,376.9363,385.864,PENDING_AG03,FALSE,NOT_FOR_ENFORCEMENT,463.9216,36128.6106,483.2517,463.9216,19.3301,0.01139613,0.01094029,19.3301,463.9216,0.01094029,19.3301,19.3301,19.3301,24.1626,24.1626,463.9216,0.01094029,106.3154,97.3877,376.9363,385.864,0.00888898,0.00909952,0.00045585,19.2749,17.1375,0.2201,5.7530,0.6409,504.8200,26.1429,7.1751,39.7174,2.9515,6.1317,20.2037,44.018,88.0359,220.0898,5.1098,0.0,14.357485,35.893712,3.143486,29,158,125,3,0.23384124,0.01139613,-0.00825174,0E-8,0.000000,0.887492,0.846818,0.02564465,2026-03-24,2026-08-06,84,754,547,136,0.617647,0.180654,0.372251,0.779471,,,,,,,,GLOBAL_BASELINE_NO_ENTITY_RANKING,,,NOT_APPLICABLE_GLOBAL_BASELINE,HF9g-P5,,,,X 全窗基线 · 不参与实体赏罚,8398347,840,A168_HF9F_20260827_0900,2026-08-27 09:00:00
2026-08-06,129740297,1963,0,15.1527396153,5.0509132051,5.0509132051,0.6666667,3,3,0.49324550000000000,0.493245500000,0.6008033672792107,0.6008033672792106,0.6008033672792107,0E-17,ELIGIBLE,R03b_20260811_FULL_v1,L1_ELIGIBILITY,v2026-08-11,2026-03-21..2026-08-06,baccarat_bet02_101_all_pairs_incl_sentinel,round_win = game_pnl > 0 (decisive only),COMPATIBILITY_ONLY_NOT_PRODUCTION,42404.8770,37633.9694,483.2517,2200,2196,-0.01139613,0.00825174,-0.01739291,-0.01139613,-483.2517,42404.8770,OK,0.0000,19.3301,4.0000,96.0000,AG03-UNRESOLVED,ALL5_LEVELS_bet23_to_bet27,19.3301,19.3301,19.3301,24.1626,24.1626,4.000000,4.000000,4.000000,5.000000,5.000000,96.000000,96.000000,96.000000,95.000000,95.000000,5.0,106.3154,97.3877,376.9363,385.864,PENDING_AG03,FALSE,NOT_FOR_ENFORCEMENT,463.9216,36128.6106,483.2517,463.9216,19.3301,0.01139613,0.01094029,19.3301,463.9216,0.01094029,19.3301,19.3301,19.3301,24.1626,24.1626,463.9216,0.01094029,106.3154,97.3877,376.9363,385.864,0.00888898,0.00909952,0.00045585,19.2749,17.1375,0.2201,5.7530,0.6409,504.8200,26.1429,7.1751,39.7174,2.9515,6.1317,20.2037,44.018,88.0359,220.0898,5.1098,0.0,14.357485,35.893712,3.143486,29,158,125,3,0.23384124,0.01139613,-0.00825174,0E-8,0.000000,0.887492,0.846818,0.02564465,2026-03-24,2026-08-06,84,754,547,136,0.617647,0.180654,0.372251,0.779471,,,,,,,,GLOBAL_BASELINE_NO_ENTITY_RANKING,,,NOT_APPLICABLE_GLOBAL_BASELINE,HF9g-P5,,,,X 全窗基线 · 不参与实体赏罚,8398348,840,A168_HF9F_20260827_0900,2026-08-27 09:00:00
2026-08-06,129740297,2117,0,8.0814611282,8.0814611282,8.0814611282,1.0000000,1,1,0.50665070000000000,0.506650700000,0.9867858985152569,0.9867858985152569,0.9867858985152569,0E-17,ELIGIBLE,R03b_20260811_FULL_v1,L1_ELIGIBILITY,v2026-08-11,2026-03-21..2026-08-06,baccarat_bet02_101_all_pairs_incl_sentinel,round_win = game_pnl > 0 (decisive only),COMPATIBILITY_ONLY_NOT_PRODUCTION,42404.8770,37633.9694,483.2517,2200,2196,-0.01139613,0.00825174,-0.01739291,-0.01139613,-483.2517,42404.8770,OK,0.0000,19.3301,4.0000,96.0000,AG03-UNRESOLVED,ALL5_LEVELS_bet23_to_bet27,19.3301,19.3301,19.3301,24.1626,24.1626,4.000000,4.000000,4.000000,5.000000,5.000000,96.000000,96.000000,96.000000,95.000000,95.000000,5.0,106.3154,97.3877,376.9363,385.864,PENDING_AG03,FALSE,NOT_FOR_ENFORCEMENT,463.9216,36128.6106,483.2517,463.9216,19.3301,0.01139613,0.01094029,19.3301,463.9216,0.01094029,19.3301,19.3301,19.3301,24.1626,24.1626,463.9216,0.01094029,106.3154,97.3877,376.9363,385.864,0.00888898,0.00909952,0.00045585,19.2749,17.1375,0.2201,5.7530,0.6409,504.8200,26.1429,7.1751,39.7174,2.9515,6.1317,20.2037,44.018,88.0359,220.0898,5.1098,0.0,14.357485,35.893712,3.143486,29,158,125,3,0.23384124,0.01139613,-0.00825174,0E-8,0.000000,0.887492,0.846818,0.02564465,2026-03-24,2026-08-06,84,754,547,136,0.617647,0.180654,0.372251,0.779471,,,,,,,,GLOBAL_BASELINE_NO_ENTITY_RANKING,,,NOT_APPLICABLE_GLOBAL_BASELINE,HF9g-P5,,,,X 全窗基线 · 不参与实体赏罚,8398349,840,A168_HF9F_20260827_0900,2026-08-27 09:00:00
2026-08-06,129740297,2153,0,3.0305479231,-3.0305479231,-3.0305479231,0E-7,1,1,0.50665070000000000,0.506650700000,-1.013391052207602,-1.013391052207602,-1.013391052207602,0E-17,ELIGIBLE,R03b_20260811_FULL_v1,L1_ELIGIBILITY,v2026-08-11,2026-03-21..2026-08-06,baccarat_bet02_101_all_pairs_incl_sentinel,round_win = game_pnl > 0 (decisive only),COMPATIBILITY_ONLY_NOT_PRODUCTION,42404.8770,37633.9694,483.2517,2200,2196,-0.01139613,0.00825174,-0.01739291,-0.01139613,-483.2517,42404.8770,OK,0.0000,19.3301,4.0000,96.0000,AG03-UNRESOLVED,ALL5_LEVELS_bet23_to_bet27,19.3301,19.3301,19.3301,24.1626,24.1626,4.000000,4.000000,4.000000,5.000000,5.000000,96.000000,96.000000,96.000000,95.000000,95.000000,5.0,106.3154,97.3877,376.9363,385.864,PENDING_AG03,FALSE,NOT_FOR_ENFORCEMENT,463.9216,36128.6106,483.2517,463.9216,19.3301,0.01139613,0.01094029,19.3301,463.9216,0.01094029,19.3301,19.3301,19.3301,24.1626,24.1626,463.9216,0.01094029,106.3154,97.3877,376.9363,385.864,0.00888898,0.00909952,0.00045585,19.2749,17.1375,0.2201,5.7530,0.6409,504.8200,26.1429,7.1751,39.7174,2.9515,6.1317,20.2037,44.018,88.0359,220.0898,5.1098,0.0,14.357485,35.893712,3.143486,29,158,125,3,0.23384124,0.01139613,-0.00825174,0E-8,0.000000,0.887492,0.846818,0.02564465,2026-03-24,2026-08-06,84,754,547,136,0.617647,0.180654,0.372251,0.779471,,,,,,,,GLOBAL_BASELINE_NO_ENTITY_RANKING,,,NOT_APPLICABLE_GLOBAL_BASELINE,HF9g-P5,,,,X 全窗基线 · 不参与实体赏罚,8398350,840,A168_HF9F_20260827_0900,2026-08-27 09:00:00
2026-08-06,129740297,2196,0,2.6264748666,2.2224018102,2.2224018102,1.0000000,3,3,0.50665070000000000,0.506650700000,1.7091633124209307,1.7091633124209307,1.7091633124209307,0E-17,ELIGIBLE,R03b_20260811_FULL_v1,L1_ELIGIBILITY,v2026-08-11,2026-03-21..2026-08-06,baccarat_bet02_101_all_pairs_incl_sentinel,round_win = game_pnl > 0 (decisive only),COMPATIBILITY_ONLY_NOT_PRODUCTION,42404.8770,37633.9694,483.2517,2200,2196,-0.01139613,0.00825174,-0.01739291,-0.01139613,-483.2517,42404.8770,OK,0.0000,19.3301,4.0000,96.0000,AG03-UNRESOLVED,ALL5_LEVELS_bet23_to_bet27,19.3301,19.3301,19.3301,24.1626,24.1626,4.000000,4.000000,4.000000,5.000000,5.000000,96.000000,96.000000,96.000000,95.000000,95.000000,5.0,106.3154,97.3877,376.9363,385.864,PENDING_AG03,FALSE,NOT_FOR_ENFORCEMENT,463.9216,36128.6106,483.2517,463.9216,19.3301,0.01139613,0.01094029,19.3301,463.9216,0.01094029,19.3301,19.3301,19.3301,24.1626,24.1626,463.9216,0.01094029,106.3154,97.3877,376.9363,385.864,0.00888898,0.00909952,0.00045585,19.2749,17.1375,0.2201,5.7530,0.6409,504.8200,26.1429,7.1751,39.7174,2.9515,6.1317,20.2037,44.018,88.0359,220.0898,5.1098,0.0,14.357485,35.893712,3.143486,29,158,125,3,0.23384124,0.01139613,-0.00825174,0E-8,0.000000,0.887492,0.846818,0.02564465,2026-03-24,2026-08-06,84,754,547,136,0.617647,0.180654,0.372251,0.779471,,,,,,,,GLOBAL_BASELINE_NO_ENTITY_RANKING,,,NOT_APPLICABLE_GLOBAL_BASELINE,HF9g-P5,,,,X 全窗基线 · 不参与实体赏罚,8398351,840,A168_HF9F_20260827_0900,2026-08-27 09:00:00
2026-08-06,129740297,2234,0,7.0712784871,-3.0305479231,-3.0305479231,0.5000000,2,2,0.49324550000000000,0.493245500000,0.01910635448239258,0.01910635448239258,0.01910635448239258,0E-17,ELIGIBLE,R03b_20260811_FULL_v1,L1_ELIGIBILITY,v2026-08-11,2026-03-21..2026-08-06,baccarat_bet02_101_all_pairs_incl_sentinel,round_win = game_pnl > 0 (decisive only),COMPATIBILITY_ONLY_NOT_PRODUCTION,42404.8770,37633.9694,483.2517,2200,2196,-0.01139613,0.00825174,-0.01739291,-0.01139613,-483.2517,42404.8770,OK,0.0000,19.3301,4.0000,96.0000,AG03-UNRESOLVED,ALL5_LEVELS_bet23_to_bet27,19.3301,19.3301,19.3301,24.1626,24.1626,4.000000,4.000000,4.000000,5.000000,5.000000,96.000000,96.000000,96.000000,95.000000,95.000000,5.0,106.3154,97.3877,376.9363,385.864,PENDING_AG03,FALSE,NOT_FOR_ENFORCEMENT,463.9216,36128.6106,483.2517,463.9216,19.3301,0.01139613,0.01094029,19.3301,463.9216,0.01094029,19.3301,19.3301,19.3301,24.1626,24.1626,463.9216,0.01094029,106.3154,97.3877,376.9363,385.864,0.00888898,0.00909952,0.00045585,19.2749,17.1375,0.2201,5.7530,0.6409,504.8200,26.1429,7.1751,39.7174,2.9515,6.1317,20.2037,44.018,88.0359,220.0898,5.1098,0.0,14.357485,35.893712,3.143486,29,158,125,3,0.23384124,0.01139613,-0.00825174,0E-8,0.000000,0.887492,0.846818,0.02564465,2026-03-24,2026-08-06,84,754,547,136,0.617647,0.180654,0.372251,0.779471,,,,,,,,GLOBAL_BASELINE_NO_ENTITY_RANKING,,,NOT_APPLICABLE_GLOBAL_BASELINE,HF9g-P5,,,,X 全窗基线 · 不参与实体赏罚,8398352,840,A168_HF9F_20260827_0900,2026-08-27 09:00:00
2026-08-06,129740297,2267,0,3.0305479231,-3.0305479231,-3.0305479231,0E-7,1,1,0.49324550000000000,0.493245500000,-0.9865810262130424,-0.9865810262130424,-0.9865810262130424,0E-17,ELIGIBLE,R03b_20260811_FULL_v1,L1_ELIGIBILITY,v2026-08-11,2026-03-21..2026-08-06,baccarat_bet02_101_all_pairs_incl_sentinel,round_win = game_pnl > 0 (decisive only),COMPATIBILITY_ONLY_NOT_PRODUCTION,42404.8770,37633.9694,483.2517,2200,2196,-0.01139613,0.00825174,-0.01739291,-0.01139613,-483.2517,42404.8770,OK,0.0000,19.3301,4.0000,96.0000,AG03-UNRESOLVED,ALL5_LEVELS_bet23_to_bet27,19.3301,19.3301,19.3301,24.1626,24.1626,4.000000,4.000000,4.000000,5.000000,5.000000,96.000000,96.000000,96.000000,95.000000,95.000000,5.0,106.3154,97.3877,376.9363,385.864,PENDING_AG03,FALSE,NOT_FOR_ENFORCEMENT,463.9216,36128.6106,483.2517,463.9216,19.3301,0.01139613,0.01094029,19.3301,463.9216,0.01094029,19.3301,19.3301,19.3301,24.1626,24.1626,463.9216,0.01094029,106.3154,97.3877,376.9363,385.864,0.00888898,0.00909952,0.00045585,19.2749,17.1375,0.2201,5.7530,0.6409,504.8200,26.1429,7.1751,39.7174,2.9515,6.1317,20.2037,44.018,88.0359,220.0898,5.1098,0.0,14.357485,35.893712,3.143486,29,158,125,3,0.23384124,0.01139613,-0.00825174,0E-8,0.000000,0.887492,0.846818,0.02564465,2026-03-24,2026-08-06,84,754,547,136,0.617647,0.180654,0.372251,0.779471,,,,,,,,GLOBAL_BASELINE_NO_ENTITY_RANKING,,,NOT_APPLICABLE_GLOBAL_BASELINE,HF9g-P5,,,,X 全窗基线 · 不参与实体赏罚,8398353,840,A168_HF9F_20260827_0900,2026-08-27 09:00:00
2026-08-02,109019361,2141,0,613.8751187941,-136.1313024940,-136.1313024940,0.4000000,22,11,0.43452531855794360,0.310072912121,-0.22025388055849354,0.614832785016495,-0.22025388055849354,0.12445240643694360,ELIGIBLE,R03b_20260811_FULL_v1,L1_ELIGIBILITY,v2026-08-11,2026-03-21..2026-08-06,baccarat_bet02_101_all_pairs_incl_sentinel,round_win = game_pnl > 0 (decisive only),COMPATIBILITY_ONLY_NOT_PRODUCTION,1951.0441,1686.4870,483.2661,55,32,-0.24769616,-0.24769616,,-0.24769616,-483.2661,1951.0441,OK,0.0000,19.3306,4.0000,96.0000,AG03-UNRESOLVED,ALL5_LEVELS_bet23_to_bet27,19.3306,19.3306,19.3306,24.1633,24.1633,4.000000,4.000000,4.000000,5.000000,5.000000,96.000000,96.000000,96.000000,95.000000,95.000000,5.0,106.3185,97.3906,376.9476,385.8756,PENDING_AG03,FALSE,NOT_FOR_ENFORCEMENT,463.9355,1619.0276,483.2661,463.9355,19.3306,0.24769616,0.23778831,19.3306,463.9355,0.23778831,19.3306,19.3306,19.3306,24.1633,24.1633,463.9355,0.23778831,106.3185,97.3906,376.9476,385.8756,0.19320300,0.197779,0.00990785,35.4735,52.7027,15.1021,241.6331,161.0887,975.5221,16.0000,35.4735,,7.7055,33.3907,61.0022,71.9184,87.3295,94.6498,12.8426,-7.7055,2.615385,2.834615,1.062378,3,4,2,7,1.00000000,0.24769616,0.24769616,0E-8,0.000000,0.864402,0.000000,,2026-08-02,2026-08-04,2,3,3,3,0.666667,,1.000000,3.333333,,,,,,,,GLOBAL_BASELINE_NO_ENTITY_RANKING,,,NOT_APPLICABLE_GLOBAL_BASELINE,HF9g-P5,,,,X 全窗基线 · 不参与实体赏罚,8398354,840,A168_HF9F_20260827_0900,2026-08-27 09:00:00
2026-08-02,109019361,763,0,502.1447101430,-90.0264557060,-90.0264557060,0.4444444,12,10,0.49214206333332690,0.460773220000,-0.2862210621965232,-0.09827556127662385,-0.2862210621965232,0.03136884333332690,ELIGIBLE,R03b_20260811_FULL_v1,L1_ELIGIBILITY,v2026-08-11,2026-03-21..2026-08-06,baccarat_bet02_101_all_pairs_incl_sentinel,round_win = game_pnl > 0 (decisive only),COMPATIBILITY_ONLY_NOT_PRODUCTION,1951.0441,1686.4870,483.2661,55,32,-0.24769616,-0.24769616,,-0.24769616,-483.2661,1951.0441,OK,0.0000,19.3306,4.0000,96.0000,AG03-UNRESOLVED,ALL5_LEVELS_bet23_to_bet27,19.3306,19.3306,19.3306,24.1633,24.1633,4.000000,4.000000,4.000000,5.000000,5.000000,96.000000,96.000000,96.000000,95.000000,95.000000,5.0,106.3185,97.3906,376.9476,385.8756,PENDING_AG03,FALSE,NOT_FOR_ENFORCEMENT,463.9355,1619.0276,483.2661,463.9355,19.3306,0.24769616,0.23778831,19.3306,463.9355,0.23778831,19.3306,19.3306,19.3306,24.1633,24.1633,463.9355,0.23778831,106.3185,97.3906,376.9476,385.8756,0.19320300,0.197779,0.00990785,35.4735,52.7027,15.1021,241.6331,161.0887,975.5221,16.0000,35.4735,,7.7055,33.3907,61.0022,71.9184,87.3295,94.6498,12.8426,-7.7055,2.615385,2.834615,1.062378,3,4,2,7,1.00000000,0.24769616,0.24769616,0E-8,0.000000,0.864402,0.000000,,2026-08-02,2026-08-04,2,3,3,3,0.666667,,1.000000,3.333333,,,,,,,,GLOBAL_BASELINE_NO_ENTITY_RANKING,,,NOT_APPLICABLE_GLOBAL_BASELINE,HF9g-P5,,,,X 全窗基线 · 不参与实体赏罚,8398355,840,A168_HF9F_20260827_0900,2026-08-27 09:00:00
2026-08-04,109019361,2101,0,560.1931523387,-249.4028202297,-249.4028202297,0.1428571,13,7,0.45905721690062249,0.313873314286,-1.6788114093748001,-0.9750050105707007,-1.6788114093748001,0.14518390261462249,ELIGIBLE,R03b_20260811_FULL_v1,L1_ELIGIBILITY,v2026-08-11,2026-03-21..2026-08-06,baccarat_bet02_101_all_pairs_incl_sentinel,round_win = game_pnl > 0 (decisive only),COMPATIBILITY_ONLY_NOT_PRODUCTION,1951.0441,1686.4870,483.2661,55,32,-0.24769616,-0.24769616,,-0.24769616,-483.2661,1951.0441,OK,0.0000,19.3306,4.0000,96.0000,AG03-UNRESOLVED,ALL5_LEVELS_bet23_to_bet27,19.3306,19.3306,19.3306,24.1633,24.1633,4.000000,4.000000,4.000000,5.000000,5.000000,96.000000,96.000000,96.000000,95.000000,95.000000,5.0,106.3185,97.3906,376.9476,385.8756,PENDING_AG03,FALSE,NOT_FOR_ENFORCEMENT,463.9355,1619.0276,483.2661,463.9355,19.3306,0.24769616,0.23778831,19.3306,463.9355,0.23778831,19.3306,19.3306,19.3306,24.1633,24.1633,463.9355,0.23778831,106.3185,97.3906,376.9476,385.8756,0.19320300,0.197779,0.00990785,35.4735,52.7027,15.1021,241.6331,161.0887,975.5221,16.0000,35.4735,,7.7055,33.3907,61.0022,71.9184,87.3295,94.6498,12.8426,-7.7055,2.615385,2.834615,1.062378,3,4,2,7,1.00000000,0.24769616,0.24769616,0E-8,0.000000,0.864402,0.000000,,2026-08-02,2026-08-04,2,3,3,3,0.666667,,1.000000,3.333333,,,,,,,,GLOBAL_BASELINE_NO_ENTITY_RANKING,,,NOT_APPLICABLE_GLOBAL_BASELINE,HF9g-P5,,,,X 全窗基线 · 不参与实体赏罚,8398356,840,A168_HF9F_20260827_0900,2026-08-27 09:00:00
2026-08-04,109019361,2196,0,274.8311201295,-7.7055454243,-7.7055454243,0.5000000,8,4,0.43504432413788744,0.284837587500,0.26204336036657677,0.9534444851273911,0.26204336036657677,0.15020673663788744,ELIGIBLE,R03b_20260811_FULL_v1,L1_ELIGIBILITY,v2026-08-11,2026-03-21..2026-08-06,baccarat_bet02_101_all_pairs_incl_sentinel,round_win = game_pnl > 0 (decisive only),COMPATIBILITY_ONLY_NOT_PRODUCTION,1951.0441,1686.4870,483.2661,55,32,-0.24769616,-0.24769616,,-0.24769616,-483.2661,1951.0441,OK,0.0000,19.3306,4.0000,96.0000,AG03-UNRESOLVED,ALL5_LEVELS_bet23_to_bet27,19.3306,19.3306,19.3306,24.1633,24.1633,4.000000,4.000000,4.000000,5.000000,5.000000,96.000000,96.000000,96.000000,95.000000,95.000000,5.0,106.3185,97.3906,376.9476,385.8756,PENDING_AG03,FALSE,NOT_FOR_ENFORCEMENT,463.9355,1619.0276,483.2661,463.9355,19.3306,0.24769616,0.23778831,19.3306,463.9355,0.23778831,19.3306,19.3306,19.3306,24.1633,24.1633,463.9355,0.23778831,106.3185,97.3906,376.9476,385.8756,0.19320300,0.197779,0.00990785,35.4735,52.7027,15.1021,241.6331,161.0887,975.5221,16.0000,35.4735,,7.7055,33.3907,61.0022,71.9184,87.3295,94.6498,12.8426,-7.7055,2.615385,2.834615,1.062378,3,4,2,7,1.00000000,0.24769616,0.24769616,0E-8,0.000000,0.864402,0.000000,,2026-08-02,2026-08-04,2,3,3,3,0.666667,,1.000000,3.333333,,,,,,,,GLOBAL_BASELINE_NO_ENTITY_RANKING,,,NOT_APPLICABLE_GLOBAL_BASELINE,HF9g-P5,,,,X 全窗基线 · 不参与实体赏罚,8398357,840,A168_HF9F_20260827_0900,2026-08-27 09:00:00
2026-07-01,152334356,1964,0,131.5688488822,1E-10,1E-10,0.6666667,4,4,0.49659680000000000,0.496596800000,0.5891529468324541,0.589152946832454,0.5891529468324541,0E-17,ELIGIBLE,R03b_20260811_FULL_v1,L1_ELIGIBILITY,v2026-08-11,2026-03-21..2026-08-06,baccarat_bet02_101_all_pairs_incl_sentinel,round_win = game_pnl > 0 (decisive only),COMPATIBILITY_ONLY_NOT_PRODUCTION,1094.7493,1007.0367,483.3425,19,19,-0.44150976,,-0.44150976,-0.44150976,-483.3425,1094.7493,THIN_EXPOSURE,0.0000,19.3337,4.0000,96.0000,AG03-UNRESOLVED,ALL5_LEVELS_bet23_to_bet27,19.3337,19.3337,19.3337,19.3337,19.3337,4.000000,4.000000,4.000000,4.000000,4.000000,96.000000,96.000000,96.000000,96.000000,96.000000,5.0,96.6685,89.2382,386.6740,394.1043,PENDING_AG03,FALSE,NOT_FOR_ENFORCEMENT,464.0088,966.7553,483.3425,464.0088,19.3337,0.44150976,0.42384937,19.3337,464.0088,0.42384937,19.3337,19.3337,19.3337,19.3337,19.3337,464.0088,0.42384937,96.6685,89.2382,386.6740,394.1043,0.35320781,0.35999501,0.01766039,57.6184,53.0019,25.4391,161.1142,30.2089,364.9164,6.3333,,57.6184,43.8563,43.8563,75.3352,114.0264,155.6898,175.4251,43.8563,-21.9281,3.549999,4.0,1.3138,12,14,4,2,0E-8,0.44150976,,0E-8,0.000000,0.919879,0.000000,,2026-07-01,2026-07-03,3,16,16,3,1.000000,,,0.000000,,,,,,,,GLOBAL_BASELINE_NO_ENTITY_RANKING,,,NOT_APPLICABLE_GLOBAL_BASELINE,HF9g-P5,,,,X 全窗基线 · 不参与实体赏罚,8398358,840,A168_HF9F_20260827_0900,2026-08-27 09:00:00
2026-07-01,152334356,1985,0,43.8562829607,-43.8562829607,-43.8562829607,0E-7,1,1,0.49324550000000000,0.493245500000,-0.9865810262130424,-0.9865810262130424,-0.9865810262130424,0E-17,ELIGIBLE,R03b_20260811_FULL_v1,L1_ELIGIBILITY,v2026-08-11,2026-03-21..2026-08-06,baccarat_bet02_101_all_pairs_incl_sentinel,round_win = game_pnl > 0 (decisive only),COMPATIBILITY_ONLY_NOT_PRODUCTION,1094.7493,1007.0367,483.3425,19,19,-0.44150976,,-0.44150976,-0.44150976,-483.3425,1094.7493,THIN_EXPOSURE,0.0000,19.3337,4.0000,96.0000,AG03-UNRESOLVED,ALL5_LEVELS_bet23_to_bet27,19.3337,19.3337,19.3337,19.3337,19.3337,4.000000,4.000000,4.000000,4.000000,4.000000,96.000000,96.000000,96.000000,96.000000,96.000000,5.0,96.6685,89.2382,386.6740,394.1043,PENDING_AG03,FALSE,NOT_FOR_ENFORCEMENT,464.0088,966.7553,483.3425,464.0088,19.3337,0.44150976,0.42384937,19.3337,464.0088,0.42384937,19.3337,19.3337,19.3337,19.3337,19.3337,464.0088,0.42384937,96.6685,89.2382,386.6740,394.1043,0.35320781,0.35999501,0.01766039,57.6184,53.0019,25.4391,161.1142,30.2089,364.9164,6.3333,,57.6184,43.8563,43.8563,75.3352,114.0264,155.6898,175.4251,43.8563,-21.9281,3.549999,4.0,1.3138,12,14,4,2,0E-8,0.44150976,,0E-8,0.000000,0.919879,0.000000,,2026-07-01,2026-07-03,3,16,16,3,1.000000,,,0.000000,,,,,,,,GLOBAL_BASELINE_NO_ENTITY_RANKING,,,NOT_APPLICABLE_GLOBAL_BASELINE,HF9g-P5,,,,X 全窗基线 · 不参与实体赏罚,8398359,840,A168_HF9F_20260827_0900,2026-08-27 09:00:00
2026-07-01,152334356,2212,0,43.8562829607,41.6634688127,41.6634688127,1.0000000,1,1,0.50665070000000000,0.506650700000,0.9867858985152569,0.9867858985152569,0.9867858985152569,0E-17,ELIGIBLE,R03b_20260811_FULL_v1,L1_ELIGIBILITY,v2026-08-11,2026-03-21..2026-08-06,baccarat_bet02_101_all_pairs_incl_sentinel,round_win = game_pnl > 0 (decisive only),COMPATIBILITY_ONLY_NOT_PRODUCTION,1094.7493,1007.0367,483.3425,19,19,-0.44150976,,-0.44150976,-0.44150976,-483.3425,1094.7493,THIN_EXPOSURE,0.0000,19.3337,4.0000,96.0000,AG03-UNRESOLVED,ALL5_LEVELS_bet23_to_bet27,19.3337,19.3337,19.3337,19.3337,19.3337,4.000000,4.000000,4.000000,4.000000,4.000000,96.000000,96.000000,96.000000,96.000000,96.000000,5.0,96.6685,89.2382,386.6740,394.1043,PENDING_AG03,FALSE,NOT_FOR_ENFORCEMENT,464.0088,966.7553,483.3425,464.0088,19.3337,0.44150976,0.42384937,19.3337,464.0088,0.42384937,19.3337,19.3337,19.3337,19.3337,19.3337,464.0088,0.42384937,96.6685,89.2382,386.6740,394.1043,0.35320781,0.35999501,0.01766039,57.6184,53.0019,25.4391,161.1142,30.2089,364.9164,6.3333,,57.6184,43.8563,43.8563,75.3352,114.0264,155.6898,175.4251,43.8563,-21.9281,3.549999,4.0,1.3138,12,14,4,2,0E-8,0.44150976,,0E-8,0.000000,0.919879,0.000000,,2026-07-01,2026-07-03,3,16,16,3,1.000000,,,0.000000,,,,,,,,GLOBAL_BASELINE_NO_ENTITY_RANKING,,,NOT_APPLICABLE_GLOBAL_BASELINE,HF9g-P5,,,,X 全窗基线 · 不参与实体赏罚,8398360,840,A168_HF9F_20260827_0900,2026-08-27 09:00:00
2026-07-01,152334356,2258,0,85.5197517734,-85.5197517734,-85.5197517734,0E-7,1,1,0.50665070000000000,0.506650700000,-1.013391052207602,-1.013391052207602,-1.013391052207602,0E-17,ELIGIBLE,R03b_20260811_FULL_v1,L1_ELIGIBILITY,v2026-08-11,2026-03-21..2026-08-06,baccarat_bet02_101_all_pairs_incl_sentinel,round_win = game_pnl > 0 (decisive only),COMPATIBILITY_ONLY_NOT_PRODUCTION,1094.7493,1007.0367,483.3425,19,19,-0.44150976,,-0.44150976,-0.44150976,-483.3425,1094.7493,THIN_EXPOSURE,0.0000,19.3337,4.0000,96.0000,AG03-UNRESOLVED,ALL5_LEVELS_bet23_to_bet27,19.3337,19.3337,19.3337,19.3337,19.3337,4.000000,4.000000,4.000000,4.000000,4.000000,96.000000,96.000000,96.000000,96.000000,96.000000,5.0,96.6685,89.2382,386.6740,394.1043,PENDING_AG03,FALSE,NOT_FOR_ENFORCEMENT,464.0088,966.7553,483.3425,464.0088,19.3337,0.44150976,0.42384937,19.3337,464.0088,0.42384937,19.3337,19.3337,19.3337,19.3337,19.3337,464.0088,0.42384937,96.6685,89.2382,386.6740,394.1043,0.35320781,0.35999501,0.01766039,57.6184,53.0019,25.4391,161.1142,30.2089,364.9164,6.3333,,57.6184,43.8563,43.8563,75.3352,114.0264,155.6898,175.4251,43.8563,-21.9281,3.549999,4.0,1.3138,12,14,4,2,0E-8,0.44150976,,0E-8,0.000000,0.919879,0.000000,,2026-07-01,2026-07-03,3,16,16,3,1.000000,,,0.000000,,,,,,,,GLOBAL_BASELINE_NO_ENTITY_RANKING,,,NOT_APPLICABLE_GLOBAL_BASELINE,HF9g-P5,,,,X 全窗基线 · 不参与实体赏罚,8398361,840,A168_HF9F_20260827_0900,2026-08-27 09:00:00
2026-07-01,152334356,2281,0,43.8562829607,43.8562829607,43.8562829607,1.0000000,1,1,0.49324550000000000,0.493245500000,1.01360149184955,1.01360149184955,1.01360149184955,0E-17,ELIGIBLE,R03b_20260811_FULL_v1,L1_ELIGIBILITY,v2026-08-11,2026-03-21..2026-08-06,baccarat_bet02_101_all_pairs_incl_sentinel,round_win = game_pnl > 0 (decisive only),COMPATIBILITY_ONLY_NOT_PRODUCTION,1094.7493,1007.0367,483.3425,19,19,-0.44150976,,-0.44150976,-0.44150976,-483.3425,1094.7493,THIN_EXPOSURE,0.0000,19.3337,4.0000,96.0000,AG03-UNRESOLVED,ALL5_LEVELS_bet23_to_bet27,19.3337,19.3337,19.3337,19.3337,19.3337,4.000000,4.000000,4.000000,4.000000,4.000000,96.000000,96.000000,96.000000,96.000000,96.000000,5.0,96.6685,89.2382,386.6740,394.1043,PENDING_AG03,FALSE,NOT_FOR_ENFORCEMENT,464.0088,966.7553,483.3425,464.0088,19.3337,0.44150976,0.42384937,19.3337,464.0088,0.42384937,19.3337,19.3337,19.3337,19.3337,19.3337,464.0088,0.42384937,96.6685,89.2382,386.6740,394.1043,0.35320781,0.35999501,0.01766039,57.6184,53.0019,25.4391,161.1142,30.2089,364.9164,6.3333,,57.6184,43.8563,43.8563,75.3352,114.0264,155.6898,175.4251,43.8563,-21.9281,3.549999,4.0,1.3138,12,14,4,2,0E-8,0.44150976,,0E-8,0.000000,0.919879,0.000000,,2026-07-01,2026-07-03,3,16,16,3,1.000000,,,0.000000,,,,,,,,GLOBAL_BASELINE_NO_ENTITY_RANKING,,,NOT_APPLICABLE_GLOBAL_BASELINE,HF9g-P5,,,,X 全窗基线 · 不参与实体赏罚,8398362,840,A168_HF9F_20260827_0900,2026-08-27 09:00:00
2026-07-02,152334356,-1,1,43.8562829607,0E-10,0E-10,,1,1,0.49324550000000000,0.493245500000,,,,0E-17,SENTINEL_DEALER,R03b_20260811_FULL_v1,L1_ELIGIBILITY,v2026-08-11,2026-03-21..2026-08-06,baccarat_bet02_101_all_pairs_incl_sentinel,round_win = game_pnl > 0 (decisive only),COMPATIBILITY_ONLY_NOT_PRODUCTION,1094.7493,1007.0367,483.3425,19,19,-0.44150976,,-0.44150976,-0.44150976,-483.3425,1094.7493,THIN_EXPOSURE,0.0000,19.3337,4.0000,96.0000,AG03-UNRESOLVED,ALL5_LEVELS_bet23_to_bet27,19.3337,19.3337,19.3337,19.3337,19.3337,4.000000,4.000000,4.000000,4.000000,4.000000,96.000000,96.000000,96.000000,96.000000,96.000000,5.0,96.6685,89.2382,386.6740,394.1043,PENDING_AG03,FALSE,NOT_FOR_ENFORCEMENT,464.0088,966.7553,483.3425,464.0088,19.3337,0.44150976,0.42384937,19.3337,464.0088,0.42384937,19.3337,19.3337,19.3337,19.3337,19.3337,464.0088,0.42384937,96.6685,89.2382,386.6740,394.1043,0.35320781,0.35999501,0.01766039,57.6184,53.0019,25.4391,161.1142,30.2089,364.9164,6.3333,,57.6184,43.8563,43.8563,75.3352,114.0264,155.6898,175.4251,43.8563,-21.9281,3.549999,4.0,1.3138,12,14,4,2,0E-8,0.44150976,,0E-8,0.000000,0.919879,0.000000,,2026-07-01,2026-07-03,3,16,16,3,1.000000,,,0.000000,,,,,,,,GLOBAL_BASELINE_NO_ENTITY_RANKING,,,NOT_APPLICABLE_GLOBAL_BASELINE,HF9g-P5,,,,X 全窗基线 · 不参与实体赏罚,8398363,840,A168_HF9F_20260827_0900,2026-08-27 09:00:00
2026-07-02,152334356,2101,0,43.8562829607,-43.8562829607,-43.8562829607,0E-7,1,1,0.50665070000000000,0.506650700000,-1.013391052207602,-1.013391052207602,-1.013391052207602,0E-17,ELIGIBLE,R03b_20260811_FULL_v1,L1_ELIGIBILITY,v2026-08-11,2026-03-21..2026-08-06,baccarat_bet02_101_all_pairs_incl_sentinel,round_win = game_pnl > 0 (decisive only),COMPATIBILITY_ONLY_NOT_PRODUCTION,1094.7493,1007.0367,483.3425,19,19,-0.44150976,,-0.44150976,-0.44150976,-483.3425,1094.7493,THIN_EXPOSURE,0.0000,19.3337,4.0000,96.0000,AG03-UNRESOLVED,ALL5_LEVELS_bet23_to_bet27,19.3337,19.3337,19.3337,19.3337,19.3337,4.000000,4.000000,4.000000,4.000000,4.000000,96.000000,96.000000,96.000000,96.000000,96.000000,5.0,96.6685,89.2382,386.6740,394.1043,PENDING_AG03,FALSE,NOT_FOR_ENFORCEMENT,464.0088,966.7553,483.3425,464.0088,19.3337,0.44150976,0.42384937,19.3337,464.0088,0.42384937,19.3337,19.3337,19.3337,19.3337,19.3337,464.0088,0.42384937,96.6685,89.2382,386.6740,394.1043,0.35320781,0.35999501,0.01766039,57.6184,53.0019,25.4391,161.1142,30.2089,364.9164,6.3333,,57.6184,43.8563,43.8563,75.3352,114.0264,155.6898,175.4251,43.8563,-21.9281,3.549999,4.0,1.3138,12,14,4,2,0E-8,0.44150976,,0E-8,0.000000,0.919879,0.000000,,2026-07-01,2026-07-03,3,16,16,3,1.000000,,,0.000000,,,,,,,,GLOBAL_BASELINE_NO_ENTITY_RANKING,,,NOT_APPLICABLE_GLOBAL_BASELINE,HF9g-P5,,,,X 全窗基线 · 不参与实体赏罚,8398364,840,A168_HF9F_20260827_0900,2026-08-27 09:00:00
2026-07-02,152334356,2127,0,21.9281414804,-21.9281414804,-21.9281414804,0E-7,1,1,0.50665070000000000,0.506650700000,-1.013391052207602,-1.013391052207602,-1.013391052207602,0E-17,ELIGIBLE,R03b_20260811_FULL_v1,L1_ELIGIBILITY,v2026-08-11,2026-03-21..2026-08-06,baccarat_bet02_101_all_pairs_incl_sentinel,round_win = game_pnl > 0 (decisive only),COMPATIBILITY_ONLY_NOT_PRODUCTION,1094.7493,1007.0367,483.3425,19,19,-0.44150976,,-0.44150976,-0.44150976,-483.3425,1094.7493,THIN_EXPOSURE,0.0000,19.3337,4.0000,96.0000,AG03-UNRESOLVED,ALL5_LEVELS_bet23_to_bet27,19.3337,19.3337,19.3337,19.3337,19.3337,4.000000,4.000000,4.000000,4.000000,4.000000,96.000000,96.000000,96.000000,96.000000,96.000000,5.0,96.6685,89.2382,386.6740,394.1043,PENDING_AG03,FALSE,NOT_FOR_ENFORCEMENT,464.0088,966.7553,483.3425,464.0088,19.3337,0.44150976,0.42384937,19.3337,464.0088,0.42384937,19.3337,19.3337,19.3337,19.3337,19.3337,464.0088,0.42384937,96.6685,89.2382,386.6740,394.1043,0.35320781,0.35999501,0.01766039,57.6184,53.0019,25.4391,161.1142,30.2089,364.9164,6.3333,,57.6184,43.8563,43.8563,75.3352,114.0264,155.6898,175.4251,43.8563,-21.9281,3.549999,4.0,1.3138,12,14,4,2,0E-8,0.44150976,,0E-8,0.000000,0.919879,0.000000,,2026-07-01,2026-07-03,3,16,16,3,1.000000,,,0.000000,,,,,,,,GLOBAL_BASELINE_NO_ENTITY_RANKING,,,NOT_APPLICABLE_GLOBAL_BASELINE,HF9g-P5,,,,X 全窗基线 · 不参与实体赏罚,8398365,840,A168_HF9F_20260827_0900,2026-08-27 09:00:00
2026-07-02,152334356,2205,0,21.9281414804,-21.9281414804,-21.9281414804,0E-7,1,1,0.50665070000000000,0.506650700000,-1.013391052207602,-1.013391052207602,-1.013391052207602,0E-17,ELIGIBLE,R03b_20260811_FULL_v1,L1_ELIGIBILITY,v2026-08-11,2026-03-21..2026-08-06,baccarat_bet02_101_all_pairs_incl_sentinel,round_win = game_pnl > 0 (decisive only),COMPATIBILITY_ONLY_NOT_PRODUCTION,1094.7493,1007.0367,483.3425,19,19,-0.44150976,,-0.44150976,-0.44150976,-483.3425,1094.7493,THIN_EXPOSURE,0.0000,19.3337,4.0000,96.0000,AG03-UNRESOLVED,ALL5_LEVELS_bet23_to_bet27,19.3337,19.3337,19.3337,19.3337,19.3337,4.000000,4.000000,4.000000,4.000000,4.000000,96.000000,96.000000,96.000000,96.000000,96.000000,5.0,96.6685,89.2382,386.6740,394.1043,PENDING_AG03,FALSE,NOT_FOR_ENFORCEMENT,464.0088,966.7553,483.3425,464.0088,19.3337,0.44150976,0.42384937,19.3337,464.0088,0.42384937,19.3337,19.3337,19.3337,19.3337,19.3337,464.0088,0.42384937,96.6685,89.2382,386.6740,394.1043,0.35320781,0.35999501,0.01766039,57.6184,53.0019,25.4391,161.1142,30.2089,364.9164,6.3333,,57.6184,43.8563,43.8563,75.3352,114.0264,155.6898,175.4251,43.8563,-21.9281,3.549999,4.0,1.3138,12,14,4,2,0E-8,0.44150976,,0E-8,0.000000,0.919879,0.000000,,2026-07-01,2026-07-03,3,16,16,3,1.000000,,,0.000000,,,,,,,,GLOBAL_BASELINE_NO_ENTITY_RANKING,,,NOT_APPLICABLE_GLOBAL_BASELINE,HF9g-P5,,,,X 全窗基线 · 不参与实体赏罚,8398366,840,A168_HF9F_20260827_0900,2026-08-27 09:00:00
2026-07-03,152334356,1109,0,43.8562829607,-43.8562829607,-43.8562829607,0E-7,1,1,0.49324550000000000,0.493245500000,-0.9865810262130424,-0.9865810262130424,-0.9865810262130424,0E-17,ELIGIBLE,R03b_20260811_FULL_v1,L1_ELIGIBILITY,v2026-08-11,2026-03-21..2026-08-06,baccarat_bet02_101_all_pairs_incl_sentinel,round_win = game_pnl > 0 (decisive only),COMPATIBILITY_ONLY_NOT_PRODUCTION,1094.7493,1007.0367,483.3425,19,19,-0.44150976,,-0.44150976,-0.44150976,-483.3425,1094.7493,THIN_EXPOSURE,0.0000,19.3337,4.0000,96.0000,AG03-UNRESOLVED,ALL5_LEVELS_bet23_to_bet27,19.3337,19.3337,19.3337,19.3337,19.3337,4.000000,4.000000,4.000000,4.000000,4.000000,96.000000,96.000000,96.000000,96.000000,96.000000,5.0,96.6685,89.2382,386.6740,394.1043,PENDING_AG03,FALSE,NOT_FOR_ENFORCEMENT,464.0088,966.7553,483.3425,464.0088,19.3337,0.44150976,0.42384937,19.3337,464.0088,0.42384937,19.3337,19.3337,19.3337,19.3337,19.3337,464.0088,0.42384937,96.6685,89.2382,386.6740,394.1043,0.35320781,0.35999501,0.01766039,57.6184,53.0019,25.4391,161.1142,30.2089,364.9164,6.3333,,57.6184,43.8563,43.8563,75.3352,114.0264,155.6898,175.4251,43.8563,-21.9281,3.549999,4.0,1.3138,12,14,4,2,0E-8,0.44150976,,0E-8,0.000000,0.919879,0.000000,,2026-07-01,2026-07-03,3,16,16,3,1.000000,,,0.000000,,,,,,,,GLOBAL_BASELINE_NO_ENTITY_RANKING,,,NOT_APPLICABLE_GLOBAL_BASELINE,HF9g-P5,,,,X 全窗基线 · 不参与实体赏罚,8398367,840,A168_HF9F_20260827_0900,2026-08-27 09:00:00
2026-07-03,152334356,1325,0,131.5688488822,43.8562829608,43.8562829608,0.5000000,2,2,0.49994810000000000,0.499948100000,0.00014679536856514622,0.00014679536856514622,0.00014679536856514622,0E-17,ELIGIBLE,R03b_20260811_FULL_v1,L1_ELIGIBILITY,v2026-08-11,2026-03-21..2026-08-06,baccarat_bet02_101_all_pairs_incl_sentinel,round_win = game_pnl > 0 (decisive only),COMPATIBILITY_ONLY_NOT_PRODUCTION,1094.7493,1007.0367,483.3425,19,19,-0.44150976,,-0.44150976,-0.44150976,-483.3425,1094.7493,THIN_EXPOSURE,0.0000,19.3337,4.0000,96.0000,AG03-UNRESOLVED,ALL5_LEVELS_bet23_to_bet27,19.3337,19.3337,19.3337,19.3337,19.3337,4.000000,4.000000,4.000000,4.000000,4.000000,96.000000,96.000000,96.000000,96.000000,96.000000,5.0,96.6685,89.2382,386.6740,394.1043,PENDING_AG03,FALSE,NOT_FOR_ENFORCEMENT,464.0088,966.7553,483.3425,464.0088,19.3337,0.44150976,0.42384937,19.3337,464.0088,0.42384937,19.3337,19.3337,19.3337,19.3337,19.3337,464.0088,0.42384937,96.6685,89.2382,386.6740,394.1043,0.35320781,0.35999501,0.01766039,57.6184,53.0019,25.4391,161.1142,30.2089,364.9164,6.3333,,57.6184,43.8563,43.8563,75.3352,114.0264,155.6898,175.4251,43.8563,-21.9281,3.549999,4.0,1.3138,12,14,4,2,0E-8,0.44150976,,0E-8,0.000000,0.919879,0.000000,,2026-07-01,2026-07-03,3,16,16,3,1.000000,,,0.000000,,,,,,,,GLOBAL_BASELINE_NO_ENTITY_RANKING,,,NOT_APPLICABLE_GLOBAL_BASELINE,HF9g-P5,,,,X 全窗基线 · 不参与实体赏罚,8398368,840,A168_HF9F_20260827_0900,2026-08-27 09:00:00
2026-07-03,152334356,1941,0,44.7816505312,42.5425680046,42.5425680046,1.0000000,1,1,0.50665070000000000,0.506650700000,0.9867858985152569,0.9867858985152569,0.9867858985152569,0E-17,ELIGIBLE,R03b_20260811_FULL_v1,L1_ELIGIBILITY,v2026-08-11,2026-03-21..2026-08-06,baccarat_bet02_101_all_pairs_incl_sentinel,round_win = game_pnl > 0 (decisive only),COMPATIBILITY_ONLY_NOT_PRODUCTION,1094.7493,1007.0367,483.3425,19,19,-0.44150976,,-0.44150976,-0.44150976,-483.3425,1094.7493,THIN_EXPOSURE,0.0000,19.3337,4.0000,96.0000,AG03-UNRESOLVED,ALL5_LEVELS_bet23_to_bet27,19.3337,19.3337,19.3337,19.3337,19.3337,4.000000,4.000000,4.000000,4.000000,4.000000,96.000000,96.000000,96.000000,96.000000,96.000000,5.0,96.6685,89.2382,386.6740,394.1043,PENDING_AG03,FALSE,NOT_FOR_ENFORCEMENT,464.0088,966.7553,483.3425,464.0088,19.3337,0.44150976,0.42384937,19.3337,464.0088,0.42384937,19.3337,19.3337,19.3337,19.3337,19.3337,464.0088,0.42384937,96.6685,89.2382,386.6740,394.1043,0.35320781,0.35999501,0.01766039,57.6184,53.0019,25.4391,161.1142,30.2089,364.9164,6.3333,,57.6184,43.8563,43.8563,75.3352,114.0264,155.6898,175.4251,43.8563,-21.9281,3.549999,4.0,1.3138,12,14,4,2,0E-8,0.44150976,,0E-8,0.000000,0.919879,0.000000,,2026-07-01,2026-07-03,3,16,16,3,1.000000,,,0.000000,,,,,,,,GLOBAL_BASELINE_NO_ENTITY_RANKING,,,NOT_APPLICABLE_GLOBAL_BASELINE,HF9g-P5,,,,X 全窗基线 · 不参与实体赏罚,8398369,840,A168_HF9F_20260827_0900,2026-08-27 09:00:00
2026-07-03,152334356,2093,0,175.4251318430,-175.4251318430,-175.4251318430,0E-7,1,1,0.49324550000000000,0.493245500000,-0.9865810262130424,-0.9865810262130424,-0.9865810262130424,0E-17,ELIGIBLE,R03b_20260811_FULL_v1,L1_ELIGIBILITY,v2026-08-11,2026-03-21..2026-08-06,baccarat_bet02_101_all_pairs_incl_sentinel,round_win = game_pnl > 0 (decisive only),COMPATIBILITY_ONLY_NOT_PRODUCTION,1094.7493,1007.0367,483.3425,19,19,-0.44150976,,-0.44150976,-0.44150976,-483.3425,1094.7493,THIN_EXPOSURE,0.0000,19.3337,4.0000,96.0000,AG03-UNRESOLVED,ALL5_LEVELS_bet23_to_bet27,19.3337,19.3337,19.3337,19.3337,19.3337,4.000000,4.000000,4.000000,4.000000,4.000000,96.000000,96.000000,96.000000,96.000000,96.000000,5.0,96.6685,89.2382,386.6740,394.1043,PENDING_AG03,FALSE,NOT_FOR_ENFORCEMENT,464.0088,966.7553,483.3425,464.0088,19.3337,0.44150976,0.42384937,19.3337,464.0088,0.42384937,19.3337,19.3337,19.3337,19.3337,19.3337,464.0088,0.42384937,96.6685,89.2382,386.6740,394.1043,0.35320781,0.35999501,0.01766039,57.6184,53.0019,25.4391,161.1142,30.2089,364.9164,6.3333,,57.6184,43.8563,43.8563,75.3352,114.0264,155.6898,175.4251,43.8563,-21.9281,3.549999,4.0,1.3138,12,14,4,2,0E-8,0.44150976,,0E-8,0.000000,0.919879,0.000000,,2026-07-01,2026-07-03,3,16,16,3,1.000000,,,0.000000,,,,,,,,GLOBAL_BASELINE_NO_ENTITY_RANKING,,,NOT_APPLICABLE_GLOBAL_BASELINE,HF9g-P5,,,,X 全窗基线 · 不参与实体赏罚,8398370,840,A168_HF9F_20260827_0900,2026-08-27 09:00:00
2026-07-03,152334356,2160,0,218.8910938853,-218.8910938853,-218.8910938853,0E-7,2,2,0.49324550000000000,0.493245500000,-1.3952362676504506,-1.3952362676504506,-1.3952362676504506,0E-17,ELIGIBLE,R03b_20260811_FULL_v1,L1_ELIGIBILITY,v2026-08-11,2026-03-21..2026-08-06,baccarat_bet02_101_all_pairs_incl_sentinel,round_win = game_pnl > 0 (decisive only),COMPATIBILITY_ONLY_NOT_PRODUCTION,1094.7493,1007.0367,483.3425,19,19,-0.44150976,,-0.44150976,-0.44150976,-483.3425,1094.7493,THIN_EXPOSURE,0.0000,19.3337,4.0000,96.0000,AG03-UNRESOLVED,ALL5_LEVELS_bet23_to_bet27,19.3337,19.3337,19.3337,19.3337,19.3337,4.000000,4.000000,4.000000,4.000000,4.000000,96.000000,96.000000,96.000000,96.000000,96.000000,5.0,96.6685,89.2382,386.6740,394.1043,PENDING_AG03,FALSE,NOT_FOR_ENFORCEMENT,464.0088,966.7553,483.3425,464.0088,19.3337,0.44150976,0.42384937,19.3337,464.0088,0.42384937,19.3337,19.3337,19.3337,19.3337,19.3337,464.0088,0.42384937,96.6685,89.2382,386.6740,394.1043,0.35320781,0.35999501,0.01766039,57.6184,53.0019,25.4391,161.1142,30.2089,364.9164,6.3333,,57.6184,43.8563,43.8563,75.3352,114.0264,155.6898,175.4251,43.8563,-21.9281,3.549999,4.0,1.3138,12,14,4,2,0E-8,0.44150976,,0E-8,0.000000,0.919879,0.000000,,2026-07-01,2026-07-03,3,16,16,3,1.000000,,,0.000000,,,,,,,,GLOBAL_BASELINE_NO_ENTITY_RANKING,,,NOT_APPLICABLE_GLOBAL_BASELINE,HF9g-P5,,,,X 全窗基线 · 不参与实体赏罚,8398371,840,A168_HF9F_20260827_0900,2026-08-27 09:00:00
2026-04-26,149167035,-1,1,1232.6257100230,-445.7765096984,-445.7765096984,0.3333333,7,3,0.45226398766120803,0.263724322222,-0.4138784214176944,0.27360924765751893,-0.4138784214176944,0.18853966543920803,SENTINEL_DEALER,R03b_20260811_FULL_v1,L1_ELIGIBILITY,v2026-08-11,2026-03-21..2026-08-06,baccarat_bet02_101_all_pairs_incl_sentinel,round_win = game_pnl > 0 (decisive only),COMPATIBILITY_ONLY_NOT_PRODUCTION,1321.1004,1296.7568,483.3652,14,8,-0.36588072,,-0.36588072,-0.36588072,-483.3652,1321.1004,THIN_EXPOSURE,0.0000,19.3346,4.0000,96.0000,AG03-UNRESOLVED,ALL5_LEVELS_bet23_to_bet27,19.3346,19.3346,24.1683,24.1683,24.1683,4.000000,4.000000,5.000000,5.000000,5.000000,96.000000,96.000000,95.000000,95.000000,95.000000,5.0,111.1740,101.4309,372.1912,381.9343,PENDING_AG03,FALSE,NOT_FOR_ENFORCEMENT,464.0306,1244.8865,483.3652,464.0306,19.3346,0.36588072,0.35124549,19.3346,464.0306,0.35124549,19.3346,19.3346,24.1683,24.1683,24.1683,464.0306,0.35124549,111.1740,101.4309,372.1912,381.9343,0.28172816,0.28910314,0.01463523,94.3643,162.0946,60.4206,241.6826,161.1217,660.5502,4.0000,,94.3643,13.088,19.8937,52.3519,392.7178,393.2675,393.4246,19.8937,-13.2189,19.768419,19.776315,4.743421,3,2,3,6,0E-8,0.36588072,,0E-8,0.000000,0.981573,0.000000,,2026-04-26,2026-04-28,2,3,3,3,0.666667,,,0.000000,,,,,,,,GLOBAL_BASELINE_NO_ENTITY_RANKING,,,NOT_APPLICABLE_GLOBAL_BASELINE,HF9g-P5,,,,X 全窗基线 · 不参与实体赏罚,8398372,840,A168_HF9F_20260827_0900,2026-08-27 09:00:00
2026-04-28,149167035,-1,1,66.4869251107,-26.5947700443,-26.5947700443,0E-7,5,3,0.21734711319473645,0.215153616667,-0.9127523709859169,-0.9068649608889753,-0.9127523709859169,0.00219349652773645,SENTINEL_DEALER,R03b_20260811_FULL_v1,L1_ELIGIBILITY,v2026-08-11,2026-03-21..2026-08-06,baccarat_bet02_101_all_pairs_incl_sentinel,round_win = game_pnl > 0 (decisive only),COMPATIBILITY_ONLY_NOT_PRODUCTION,1321.1004,1296.7568,483.3652,14,8,-0.36588072,,-0.36588072,-0.36588072,-483.3652,1321.1004,THIN_EXPOSURE,0.0000,19.3346,4.0000,96.0000,AG03-UNRESOLVED,ALL5_LEVELS_bet23_to_bet27,19.3346,19.3346,24.1683,24.1683,24.1683,4.000000,4.000000,5.000000,5.000000,5.000000,96.000000,96.000000,95.000000,95.000000,95.000000,5.0,111.1740,101.4309,372.1912,381.9343,PENDING_AG03,FALSE,NOT_FOR_ENFORCEMENT,464.0306,1244.8865,483.3652,464.0306,19.3346,0.36588072,0.35124549,19.3346,464.0306,0.35124549,19.3346,19.3346,24.1683,24.1683,24.1683,464.0306,0.35124549,111.1740,101.4309,372.1912,381.9343,0.28172816,0.28910314,0.01463523,94.3643,162.0946,60.4206,241.6826,161.1217,660.5502,4.0000,,94.3643,13.088,19.8937,52.3519,392.7178,393.2675,393.4246,19.8937,-13.2189,19.768419,19.776315,4.743421,3,2,3,6,0E-8,0.36588072,,0E-8,0.000000,0.981573,0.000000,,2026-04-26,2026-04-28,2,3,3,3,0.666667,,,0.000000,,,,,,,,GLOBAL_BASELINE_NO_ENTITY_RANKING,,,NOT_APPLICABLE_GLOBAL_BASELINE,HF9g-P5,,,,X 全窗基线 · 不参与实体赏罚,8398373,840,A168_HF9F_20260827_0900,2026-08-27 09:00:00
2026-04-28,149167035,2156,0,21.9878020050,-10.9939010025,-10.9939010025,0E-7,2,2,0.50665070000000000,0.506650700000,-1.013391052207602,-1.013391052207602,-1.013391052207602,0E-17,ELIGIBLE,R03b_20260811_FULL_v1,L1_ELIGIBILITY,v2026-08-11,2026-03-21..2026-08-06,baccarat_bet02_101_all_pairs_incl_sentinel,round_win = game_pnl > 0 (decisive only),COMPATIBILITY_ONLY_NOT_PRODUCTION,1321.1004,1296.7568,483.3652,14,8,-0.36588072,,-0.36588072,-0.36588072,-483.3652,1321.1004,THIN_EXPOSURE,0.0000,19.3346,4.0000,96.0000,AG03-UNRESOLVED,ALL5_LEVELS_bet23_to_bet27,19.3346,19.3346,24.1683,24.1683,24.1683,4.000000,4.000000,5.000000,5.000000,5.000000,96.000000,96.000000,95.000000,95.000000,95.000000,5.0,111.1740,101.4309,372.1912,381.9343,PENDING_AG03,FALSE,NOT_FOR_ENFORCEMENT,464.0306,1244.8865,483.3652,464.0306,19.3346,0.36588072,0.35124549,19.3346,464.0306,0.35124549,19.3346,19.3346,24.1683,24.1683,24.1683,464.0306,0.35124549,111.1740,101.4309,372.1912,381.9343,0.28172816,0.28910314,0.01463523,94.3643,162.0946,60.4206,241.6826,161.1217,660.5502,4.0000,,94.3643,13.088,19.8937,52.3519,392.7178,393.2675,393.4246,19.8937,-13.2189,19.768419,19.776315,4.743421,3,2,3,6,0E-8,0.36588072,,0E-8,0.000000,0.981573,0.000000,,2026-04-26,2026-04-28,2,3,3,3,0.666667,,,0.000000,,,,,,,,GLOBAL_BASELINE_NO_ENTITY_RANKING,,,NOT_APPLICABLE_GLOBAL_BASELINE,HF9g-P5,,,,X 全窗基线 · 不参与实体赏罚,8398374,840,A168_HF9F_20260827_0900,2026-08-27 09:00:00
2026-06-30,152309699,1384,0,367.9025467032,53.1414789682,53.1414789682,0.5384615,13,13,0.50046368461538462,0.500463684615,0.274006538624501,0.27400653862727437,0.274006538624501,3.8462E-13,ELIGIBLE,R03b_20260811_FULL_v1,L1_ELIGIBILITY,v2026-08-11,2026-03-21..2026-08-06,baccarat_bet02_101_all_pairs_incl_sentinel,round_win = game_pnl > 0 (decisive only),COMPATIBILITY_ONLY_NOT_PRODUCTION,2178.8006,2117.4835,483.3831,73,40,-0.22185741,,-0.22185741,-0.22185741,-483.3831,2178.8006,OK,0.0000,19.3353,4.0000,96.0000,AG03-UNRESOLVED,ALL5_LEVELS_bet23_to_bet27,19.3353,19.3353,19.3353,29.0030,29.0030,4.000000,4.000000,4.000000,6.000000,6.000000,96.000000,96.000000,96.000000,94.000000,94.000000,5.0,116.0119,105.497,367.3711,377.886,PENDING_AG03,FALSE,NOT_FOR_ENFORCEMENT,464.0477,2032.7842,483.3831,464.0477,19.3353,0.22185741,0.21298311,19.3353,464.0477,0.21298311,19.3353,19.3353,19.3353,29.0030,29.0030,464.0477,0.21298311,116.0119,105.497,367.3711,377.886,0.16861163,0.17343764,0.00887430,29.8466,52.9371,12.0846,241.6915,161.1277,1089.4003,20.0000,,29.8466,10.2195,10.2195,48.0317,63.361,81.7561,115.5829,10.2195,-10.2195,8.0,11.310014,2.920548,2,4,2,8,0E-8,0.22185741,,0E-8,0.000000,0.971857,0.000000,,2026-06-30,2026-07-07,2,3,2,8,0.250000,,,0.000000,,,,,,,,GLOBAL_BASELINE_NO_ENTITY_RANKING,,,NOT_APPLICABLE_GLOBAL_BASELINE,HF9g-P5,,,,X 全窗基线 · 不参与实体赏罚,8398375,840,A168_HF9F_20260827_0900,2026-08-27 09:00:00
2026-06-30,152309699,2246,0,746.0246085926,-357.6830315170,-357.6830315170,0.2727273,17,13,0.45715536207100592,0.431915853846,-1.2278737767816834,-1.0658653571459156,-1.2278737767816834,0.02523950822500592,ELIGIBLE,R03b_20260811_FULL_v1,L1_ELIGIBILITY,v2026-08-11,2026-03-21..2026-08-06,baccarat_bet02_101_all_pairs_incl_sentinel,round_win = game_pnl > 0 (decisive only),COMPATIBILITY_ONLY_NOT_PRODUCTION,2178.8006,2117.4835,483.3831,73,40,-0.22185741,,-0.22185741,-0.22185741,-483.3831,2178.8006,OK,0.0000,19.3353,4.0000,96.0000,AG03-UNRESOLVED,ALL5_LEVELS_bet23_to_bet27,19.3353,19.3353,19.3353,29.0030,29.0030,4.000000,4.000000,4.000000,6.000000,6.000000,96.000000,96.000000,96.000000,94.000000,94.000000,5.0,116.0119,105.497,367.3711,377.886,PENDING_AG03,FALSE,NOT_FOR_ENFORCEMENT,464.0477,2032.7842,483.3831,464.0477,19.3353,0.22185741,0.21298311,19.3353,464.0477,0.21298311,19.3353,19.3353,19.3353,29.0030,29.0030,464.0477,0.21298311,116.0119,105.497,367.3711,377.886,0.16861163,0.17343764,0.00887430,29.8466,52.9371,12.0846,241.6915,161.1277,1089.4003,20.0000,,29.8466,10.2195,10.2195,48.0317,63.361,81.7561,115.5829,10.2195,-10.2195,8.0,11.310014,2.920548,2,4,2,8,0E-8,0.22185741,,0E-8,0.000000,0.971857,0.000000,,2026-06-30,2026-07-07,2,3,2,8,0.250000,,,0.000000,,,,,,,,GLOBAL_BASELINE_NO_ENTITY_RANKING,,,NOT_APPLICABLE_GLOBAL_BASELINE,HF9g-P5,,,,X 全窗基线 · 不参与实体赏罚,8398376,840,A168_HF9F_20260827_0900,2026-08-27 09:00:00
2026-07-07,152309699,2088,0,466.0098924907,-183.9512733516,-183.9512733516,0.4000000,20,5,0.36736649657335339,0.192641730000,0.15136408352475844,1.175704090106647,0.15136408352475844,0.17472476657335339,ELIGIBLE,R03b_20260811_FULL_v1,L1_ELIGIBILITY,v2026-08-11,2026-03-21..2026-08-06,baccarat_bet02_101_all_pairs_incl_sentinel,round_win = game_pnl > 0 (decisive only),COMPATIBILITY_ONLY_NOT_PRODUCTION,2178.8006,2117.4835,483.3831,73,40,-0.22185741,,-0.22185741,-0.22185741,-483.3831,2178.8006,OK,0.0000,19.3353,4.0000,96.0000,AG03-UNRESOLVED,ALL5_LEVELS_bet23_to_bet27,19.3353,19.3353,19.3353,29.0030,29.0030,4.000000,4.000000,4.000000,6.000000,6.000000,96.000000,96.000000,96.000000,94.000000,94.000000,5.0,116.0119,105.497,367.3711,377.886,PENDING_AG03,FALSE,NOT_FOR_ENFORCEMENT,464.0477,2032.7842,483.3831,464.0477,19.3353,0.22185741,0.21298311,19.3353,464.0477,0.21298311,19.3353,19.3353,19.3353,29.0030,29.0030,464.0477,0.21298311,116.0119,105.497,367.3711,377.886,0.16861163,0.17343764,0.00887430,29.8466,52.9371,12.0846,241.6915,161.1277,1089.4003,20.0000,,29.8466,10.2195,10.2195,48.0317,63.361,81.7561,115.5829,10.2195,-10.2195,8.0,11.310014,2.920548,2,4,2,8,0E-8,0.22185741,,0E-8,0.000000,0.971857,0.000000,,2026-06-30,2026-07-07,2,3,2,8,0.250000,,,0.000000,,,,,,,,GLOBAL_BASELINE_NO_ENTITY_RANKING,,,NOT_APPLICABLE_GLOBAL_BASELINE,HF9g-P5,,,,X 全窗基线 · 不参与实体赏罚,8398377,840,A168_HF9F_20260827_0900,2026-08-27 09:00:00
2026-07-07,152309699,2281,0,598.8635899113,5.1097575930,5.1097575930,0.5555556,23,9,0.40618434519400353,0.280689451852,0.9124324933207684,1.8351483615148212,0.9124324933207684,0.12549489334200353,ELIGIBLE,R03b_20260811_FULL_v1,L1_ELIGIBILITY,v2026-08-11,2026-03-21..2026-08-06,baccarat_bet02_101_all_pairs_incl_sentinel,round_win = game_pnl > 0 (decisive only),COMPATIBILITY_ONLY_NOT_PRODUCTION,2178.8006,2117.4835,483.3831,73,40,-0.22185741,,-0.22185741,-0.22185741,-483.3831,2178.8006,OK,0.0000,19.3353,4.0000,96.0000,AG03-UNRESOLVED,ALL5_LEVELS_bet23_to_bet27,19.3353,19.3353,19.3353,29.0030,29.0030,4.000000,4.000000,4.000000,6.000000,6.000000,96.000000,96.000000,96.000000,94.000000,94.000000,5.0,116.0119,105.497,367.3711,377.886,PENDING_AG03,FALSE,NOT_FOR_ENFORCEMENT,464.0477,2032.7842,483.3831,464.0477,19.3353,0.22185741,0.21298311,19.3353,464.0477,0.21298311,19.3353,19.3353,19.3353,29.0030,29.0030,464.0477,0.21298311,116.0119,105.497,367.3711,377.886,0.16861163,0.17343764,0.00887430,29.8466,52.9371,12.0846,241.6915,161.1277,1089.4003,20.0000,,29.8466,10.2195,10.2195,48.0317,63.361,81.7561,115.5829,10.2195,-10.2195,8.0,11.310014,2.920548,2,4,2,8,0E-8,0.22185741,,0E-8,0.000000,0.971857,0.000000,,2026-06-30,2026-07-07,2,3,2,8,0.250000,,,0.000000,,,,,,,,GLOBAL_BASELINE_NO_ENTITY_RANKING,,,NOT_APPLICABLE_GLOBAL_BASELINE,HF9g-P5,,,,X 全窗基线 · 不参与实体赏罚,8398378,840,A168_HF9F_20260827_0900,2026-08-27 09:00:00
2026-03-22,147529118,1017,0,58.5438859057,14.5259265779,14.5259265779,0.4000000,16,6,0.36720343271973609,0.263803968056,0.15213459000180873,0.6910541171875219,0.15213459000180873,0.10339946466373609,ELIGIBLE,R03b_20260811_FULL_v1,L1_ELIGIBILITY,v2026-08-11,2026-03-21..2026-08-06,baccarat_bet02_101_all_pairs_incl_sentinel,round_win = game_pnl > 0 (decisive only),COMPATIBILITY_ONLY_NOT_PRODUCTION,6363.2362,5985.1219,483.3832,1574,543,-0.07596500,,-0.07596500,-0.07596500,-483.3832,6363.2362,OK,0.0000,19.3353,4.0000,96.0000,AG03-UNRESOLVED,ALL5_LEVELS_bet23_to_bet27,19.3353,19.3353,19.3353,19.3353,19.3353,4.000000,4.000000,4.000000,4.000000,4.000000,96.000000,96.000000,96.000000,96.000000,96.000000,5.0,96.6766,89.2457,386.7066,394.1375,PENDING_AG03,FALSE,NOT_FOR_ENFORCEMENT,464.0479,5745.7171,483.3832,464.0479,19.3353,0.07596500,0.07292640,19.3353,464.0479,0.07292640,19.3353,19.3353,19.3353,19.3353,19.3353,464.0479,0.07292640,96.6766,89.2457,386.7066,394.1375,0.06077200,0.06193978,0.00303860,4.0427,11.0223,0.8902,60.4229,6.2777,795.4045,67.8750,,4.0427,2.2009,2.2009,4.4018,8.8036,11.0045,13.2054,2.2009,-2.2009,5.0,6.0,1.836849,24,68,15,8,0E-8,0.07596500,,0E-8,0.000000,0.940578,0.000000,,2026-03-22,2026-03-29,8,77,52,8,1.000000,,,0.000000,,,,,,,,GLOBAL_BASELINE_NO_ENTITY_RANKING,,,NOT_APPLICABLE_GLOBAL_BASELINE,HF9g-P5,,,,X 全窗基线 · 不参与实体赏罚,8398379,840,A168_HF9F_20260827_0900,2026-08-27 09:00:00
2026-03-22,147529118,1078,0,14.0857469847,-14.0857469847,-14.0857469847,0E-7,4,3,0.45183904444368198,0.426667416667,-1.5725282511545402,-1.4941770258115505,-1.5725282511545402,0.02517162777668198,ELIGIBLE,R03b_20260811_FULL_v1,L1_ELIGIBILITY,v2026-08-11,2026-03-21..2026-08-06,baccarat_bet02_101_all_pairs_incl_sentinel,round_win = game_pnl > 0 (decisive only),COMPATIBILITY_ONLY_NOT_PRODUCTION,6363.2362,5985.1219,483.3832,1574,543,-0.07596500,,-0.07596500,-0.07596500,-483.3832,6363.2362,OK,0.0000,19.3353,4.0000,96.0000,AG03-UNRESOLVED,ALL5_LEVELS_bet23_to_bet27,19.3353,19.3353,19.3353,19.3353,19.3353,4.000000,4.000000,4.000000,4.000000,4.000000,96.000000,96.000000,96.000000,96.000000,96.000000,5.0,96.6766,89.2457,386.7066,394.1375,PENDING_AG03,FALSE,NOT_FOR_ENFORCEMENT,464.0479,5745.7171,483.3832,464.0479,19.3353,0.07596500,0.07292640,19.3353,464.0479,0.07292640,19.3353,19.3353,19.3353,19.3353,19.3353,464.0479,0.07292640,96.6766,89.2457,386.7066,394.1375,0.06077200,0.06193978,0.00303860,4.0427,11.0223,0.8902,60.4229,6.2777,795.4045,67.8750,,4.0427,2.2009,2.2009,4.4018,8.8036,11.0045,13.2054,2.2009,-2.2009,5.0,6.0,1.836849,24,68,15,8,0E-8,0.07596500,,0E-8,0.000000,0.940578,0.000000,,2026-03-22,2026-03-29,8,77,52,8,1.000000,,,0.000000,,,,,,,,GLOBAL_BASELINE_NO_ENTITY_RANKING,,,NOT_APPLICABLE_GLOBAL_BASELINE,HF9g-P5,,,,X 全窗基线 · 不参与实体赏罚,8398380,840,A168_HF9F_20260827_0900,2026-08-27 09:00:00
2026-03-22,147529118,1306,0,16.5067347478,-1.1004489833,-1.1004489833,0.5000000,5,2,0.35253991110934405,0.242652900000,0.4364945671296156,0.8489733352801361,0.4364945671296156,0.10988701110934405,ELIGIBLE,R03b_20260811_FULL_v1,L1_ELIGIBILITY,v2026-08-11,2026-03-21..2026-08-06,baccarat_bet02_101_all_pairs_incl_sentinel,round_win = game_pnl > 0 (decisive only),COMPATIBILITY_ONLY_NOT_PRODUCTION,6363.2362,5985.1219,483.3832,1574,543,-0.07596500,,-0.07596500,-0.07596500,-483.3832,6363.2362,OK,0.0000,19.3353,4.0000,96.0000,AG03-UNRESOLVED,ALL5_LEVELS_bet23_to_bet27,19.3353,19.3353,19.3353,19.3353,19.3353,4.000000,4.000000,4.000000,4.000000,4.000000,96.000000,96.000000,96.000000,96.000000,96.000000,5.0,96.6766,89.2457,386.7066,394.1375,PENDING_AG03,FALSE,NOT_FOR_ENFORCEMENT,464.0479,5745.7171,483.3832,464.0479,19.3353,0.07596500,0.07292640,19.3353,464.0479,0.07292640,19.3353,19.3353,19.3353,19.3353,19.3353,464.0479,0.07292640,96.6766,89.2457,386.7066,394.1375,0.06077200,0.06193978,0.00303860,4.0427,11.0223,0.8902,60.4229,6.2777,795.4045,67.8750,,4.0427,2.2009,2.2009,4.4018,8.8036,11.0045,13.2054,2.2009,-2.2009,5.0,6.0,1.836849,24,68,15,8,0E-8,0.07596500,,0E-8,0.000000,0.940578,0.000000,,2026-03-22,2026-03-29,8,77,52,8,1.000000,,,0.000000,,,,,,,,GLOBAL_BASELINE_NO_ENTITY_RANKING,,,NOT_APPLICABLE_GLOBAL_BASELINE,HF9g-P5,,,,X 全窗基线 · 不参与实体赏罚,8398381,840,A168_HF9F_20260827_0900,2026-08-27 09:00:00
2026-03-22,147529118,1323,0,4.4017959327,-4.4017959327,-4.4017959327,0E-7,1,1,0.49324550000000000,0.493245500000,-0.9865810262130424,-0.9865810262130424,-0.9865810262130424,0E-17,ELIGIBLE,R03b_20260811_FULL_v1,L1_ELIGIBILITY,v2026-08-11,2026-03-21..2026-08-06,baccarat_bet02_101_all_pairs_incl_sentinel,round_win = game_pnl > 0 (decisive only),COMPATIBILITY_ONLY_NOT_PRODUCTION,6363.2362,5985.1219,483.3832,1574,543,-0.07596500,,-0.07596500,-0.07596500,-483.3832,6363.2362,OK,0.0000,19.3353,4.0000,96.0000,AG03-UNRESOLVED,ALL5_LEVELS_bet23_to_bet27,19.3353,19.3353,19.3353,19.3353,19.3353,4.000000,4.000000,4.000000,4.000000,4.000000,96.000000,96.000000,96.000000,96.000000,96.000000,5.0,96.6766,89.2457,386.7066,394.1375,PENDING_AG03,FALSE,NOT_FOR_ENFORCEMENT,464.0479,5745.7171,483.3832,464.0479,19.3353,0.07596500,0.07292640,19.3353,464.0479,0.07292640,19.3353,19.3353,19.3353,19.3353,19.3353,464.0479,0.07292640,96.6766,89.2457,386.7066,394.1375,0.06077200,0.06193978,0.00303860,4.0427,11.0223,0.8902,60.4229,6.2777,795.4045,67.8750,,4.0427,2.2009,2.2009,4.4018,8.8036,11.0045,13.2054,2.2009,-2.2009,5.0,6.0,1.836849,24,68,15,8,0E-8,0.07596500,,0E-8,0.000000,0.940578,0.000000,,2026-03-22,2026-03-29,8,77,52,8,1.000000,,,0.000000,,,,,,,,GLOBAL_BASELINE_NO_ENTITY_RANKING,,,NOT_APPLICABLE_GLOBAL_BASELINE,HF9g-P5,,,,X 全窗基线 · 不参与实体赏罚,8398382,840,A168_HF9F_20260827_0900,2026-08-27 09:00:00
2026-03-22,147529118,1330,0,53.7019103795,-15.9565102564,-15.9565102564,0.4444444,15,9,0.41085672759183569,0.372117070370,0.20480760329073316,0.4488950516192583,0.20480760329073316,0.03873965722183569,ELIGIBLE,R03b_20260811_FULL_v1,L1_ELIGIBILITY,v2026-08-11,2026-03-21..2026-08-06,baccarat_bet02_101_all_pairs_incl_sentinel,round_win = game_pnl > 0 (decisive only),COMPATIBILITY_ONLY_NOT_PRODUCTION,6363.2362,5985.1219,483.3832,1574,543,-0.07596500,,-0.07596500,-0.07596500,-483.3832,6363.2362,OK,0.0000,19.3353,4.0000,96.0000,AG03-UNRESOLVED,ALL5_LEVELS_bet23_to_bet27,19.3353,19.3353,19.3353,19.3353,19.3353,4.000000,4.000000,4.000000,4.000000,4.000000,96.000000,96.000000,96.000000,96.000000,96.000000,5.0,96.6766,89.2457,386.7066,394.1375,PENDING_AG03,FALSE,NOT_FOR_ENFORCEMENT,464.0479,5745.7171,483.3832,464.0479,19.3353,0.07596500,0.07292640,19.3353,464.0479,0.07292640,19.3353,19.3353,19.3353,19.3353,19.3353,464.0479,0.07292640,96.6766,89.2457,386.7066,394.1375,0.06077200,0.06193978,0.00303860,4.0427,11.0223,0.8902,60.4229,6.2777,795.4045,67.8750,,4.0427,2.2009,2.2009,4.4018,8.8036,11.0045,13.2054,2.2009,-2.2009,5.0,6.0,1.836849,24,68,15,8,0E-8,0.07596500,,0E-8,0.000000,0.940578,0.000000,,2026-03-22,2026-03-29,8,77,52,8,1.000000,,,0.000000,,,,,,,,GLOBAL_BASELINE_NO_ENTITY_RANKING,,,NOT_APPLICABLE_GLOBAL_BASELINE,HF9g-P5,,,,X 全窗基线 · 不参与实体赏罚,8398383,840,A168_HF9F_20260827_0900,2026-08-27 09:00:00
2026-03-22,147529118,1400,0,65.5867593981,3.6314816443,3.6314816443,0.6666667,16,6,0.38502181726102731,0.303253216667,1.4177671665544678,1.9365843927594797,1.4177671665544678,0.08176860059402731,ELIGIBLE,R03b_20260811_FULL_v1,L1_ELIGIBILITY,v2026-08-11,2026-03-21..2026-08-06,baccarat_bet02_101_all_pairs_incl_sentinel,round_win = game_pnl > 0 (decisive only),COMPATIBILITY_ONLY_NOT_PRODUCTION,6363.2362,5985.1219,483.3832,1574,543,-0.07596500,,-0.07596500,-0.07596500,-483.3832,6363.2362,OK,0.0000,19.3353,4.0000,96.0000,AG03-UNRESOLVED,ALL5_LEVELS_bet23_to_bet27,19.3353,19.3353,19.3353,19.3353,19.3353,4.000000,4.000000,4.000000,4.000000,4.000000,96.000000,96.000000,96.000000,96.000000,96.000000,5.0,96.6766,89.2457,386.7066,394.1375,PENDING_AG03,FALSE,NOT_FOR_ENFORCEMENT,464.0479,5745.7171,483.3832,464.0479,19.3353,0.07596500,0.07292640,19.3353,464.0479,0.07292640,19.3353,19.3353,19.3353,19.3353,19.3353,464.0479,0.07292640,96.6766,89.2457,386.7066,394.1375,0.06077200,0.06193978,0.00303860,4.0427,11.0223,0.8902,60.4229,6.2777,795.4045,67.8750,,4.0427,2.2009,2.2009,4.4018,8.8036,11.0045,13.2054,2.2009,-2.2009,5.0,6.0,1.836849,24,68,15,8,0E-8,0.07596500,,0E-8,0.000000,0.940578,0.000000,,2026-03-22,2026-03-29,8,77,52,8,1.000000,,,0.000000,,,,,,,,GLOBAL_BASELINE_NO_ENTITY_RANKING,,,NOT_APPLICABLE_GLOBAL_BASELINE,HF9g-P5,,,,X 全窗基线 · 不参与实体赏罚,8398384,840,A168_HF9F_20260827_0900,2026-08-27 09:00:00
2026-03-22,147529118,1485,0,42.2572409544,-29.3819878511,-29.3819878511,0.2000000,10,5,0.40003743366548776,0.314510186667,-0.9130275516567257,-0.5514565048515501,-0.9130275516567257,0.08552724699848776,ELIGIBLE,R03b_20260811_FULL_v1,L1_ELIGIBILITY,v2026-08-11,2026-03-21..2026-08-06,baccarat_bet02_101_all_pairs_incl_sentinel,round_win = game_pnl > 0 (decisive only),COMPATIBILITY_ONLY_NOT_PRODUCTION,6363.2362,5985.1219,483.3832,1574,543,-0.07596500,,-0.07596500,-0.07596500,-483.3832,6363.2362,OK,0.0000,19.3353,4.0000,96.0000,AG03-UNRESOLVED,ALL5_LEVELS_bet23_to_bet27,19.3353,19.3353,19.3353,19.3353,19.3353,4.000000,4.000000,4.000000,4.000000,4.000000,96.000000,96.000000,96.000000,96.000000,96.000000,5.0,96.6766,89.2457,386.7066,394.1375,PENDING_AG03,FALSE,NOT_FOR_ENFORCEMENT,464.0479,5745.7171,483.3832,464.0479,19.3353,0.07596500,0.07292640,19.3353,464.0479,0.07292640,19.3353,19.3353,19.3353,19.3353,19.3353,464.0479,0.07292640,96.6766,89.2457,386.7066,394.1375,0.06077200,0.06193978,0.00303860,4.0427,11.0223,0.8902,60.4229,6.2777,795.4045,67.8750,,4.0427,2.2009,2.2009,4.4018,8.8036,11.0045,13.2054,2.2009,-2.2009,5.0,6.0,1.836849,24,68,15,8,0E-8,0.07596500,,0E-8,0.000000,0.940578,0.000000,,2026-03-22,2026-03-29,8,77,52,8,1.000000,,,0.000000,,,,,,,,GLOBAL_BASELINE_NO_ENTITY_RANKING,,,NOT_APPLICABLE_GLOBAL_BASELINE,HF9g-P5,,,,X 全窗基线 · 不参与实体赏罚,8398385,840,A168_HF9F_20260827_0900,2026-08-27 09:00:00
2026-03-22,147529118,1711,0,29.7121225461,5.5022449157,5.5022449157,0.6666667,9,3,0.32363644685010865,0.214726611111,1.2699136702224785,1.9062861248075837,1.2699136702224785,0.10890983573910865,ELIGIBLE,R03b_20260811_FULL_v1,L1_ELIGIBILITY,v2026-08-11,2026-03-21..2026-08-06,baccarat_bet02_101_all_pairs_incl_sentinel,round_win = game_pnl > 0 (decisive only),COMPATIBILITY_ONLY_NOT_PRODUCTION,6363.2362,5985.1219,483.3832,1574,543,-0.07596500,,-0.07596500,-0.07596500,-483.3832,6363.2362,OK,0.0000,19.3353,4.0000,96.0000,AG03-UNRESOLVED,ALL5_LEVELS_bet23_to_bet27,19.3353,19.3353,19.3353,19.3353,19.3353,4.000000,4.000000,4.000000,4.000000,4.000000,96.000000,96.000000,96.000000,96.000000,96.000000,5.0,96.6766,89.2457,386.7066,394.1375,PENDING_AG03,FALSE,NOT_FOR_ENFORCEMENT,464.0479,5745.7171,483.3832,464.0479,19.3353,0.07596500,0.07292640,19.3353,464.0479,0.07292640,19.3353,19.3353,19.3353,19.3353,19.3353,464.0479,0.07292640,96.6766,89.2457,386.7066,394.1375,0.06077200,0.06193978,0.00303860,4.0427,11.0223,0.8902,60.4229,6.2777,795.4045,67.8750,,4.0427,2.2009,2.2009,4.4018,8.8036,11.0045,13.2054,2.2009,-2.2009,5.0,6.0,1.836849,24,68,15,8,0E-8,0.07596500,,0E-8,0.000000,0.940578,0.000000,,2026-03-22,2026-03-29,8,77,52,8,1.000000,,,0.000000,,,,,,,,GLOBAL_BASELINE_NO_ENTITY_RANKING,,,NOT_APPLICABLE_GLOBAL_BASELINE,HF9g-P5,,,,X 全窗基线 · 不参与实体赏罚,8398386,840,A168_HF9F_20260827_0900,2026-08-27 09:00:00
2026-03-22,147529118,1935,0,126.5516330671,4.0716612373,4.0716612373,0.7500000,33,8,0.32423583249075765,0.179336853333,2.5726814651107293,4.207339736583872,2.5726814651107293,0.14489897915775765,ELIGIBLE,R03b_20260811_FULL_v1,L1_ELIGIBILITY,v2026-08-11,2026-03-21..2026-08-06,baccarat_bet02_101_all_pairs_incl_sentinel,round_win = game_pnl > 0 (decisive only),COMPATIBILITY_ONLY_NOT_PRODUCTION,6363.2362,5985.1219,483.3832,1574,543,-0.07596500,,-0.07596500,-0.07596500,-483.3832,6363.2362,OK,0.0000,19.3353,4.0000,96.0000,AG03-UNRESOLVED,ALL5_LEVELS_bet23_to_bet27,19.3353,19.3353,19.3353,19.3353,19.3353,4.000000,4.000000,4.000000,4.000000,4.000000,96.000000,96.000000,96.000000,96.000000,96.000000,5.0,96.6766,89.2457,386.7066,394.1375,PENDING_AG03,FALSE,NOT_FOR_ENFORCEMENT,464.0479,5745.7171,483.3832,464.0479,19.3353,0.07596500,0.07292640,19.3353,464.0479,0.07292640,19.3353,19.3353,19.3353,19.3353,19.3353,464.0479,0.07292640,96.6766,89.2457,386.7066,394.1375,0.06077200,0.06193978,0.00303860,4.0427,11.0223,0.8902,60.4229,6.2777,795.4045,67.8750,,4.0427,2.2009,2.2009,4.4018,8.8036,11.0045,13.2054,2.2009,-2.2009,5.0,6.0,1.836849,24,68,15,8,0E-8,0.07596500,,0E-8,0.000000,0.940578,0.000000,,2026-03-22,2026-03-29,8,77,52,8,1.000000,,,0.000000,,,,,,,,GLOBAL_BASELINE_NO_ENTITY_RANKING,,,NOT_APPLICABLE_GLOBAL_BASELINE,HF9g-P5,,,,X 全窗基线 · 不参与实体赏罚,8398387,840,A168_HF9F_20260827_0900,2026-08-27 09:00:00
2026-03-22,147529118,2088,0,208.8652170094,6.5036534896,6.5036534896,0.7222222,56,21,0.35993419907961054,0.277363406032,3.2023320459625837,4.215740774763528,3.2023320459625837,0.08257079304761054,ELIGIBLE,R03b_20260811_FULL_v1,L1_ELIGIBILITY,v2026-08-11,2026-03-21..2026-08-06,baccarat_bet02_101_all_pairs_incl_sentinel,round_win = game_pnl > 0 (decisive only),COMPATIBILITY_ONLY_NOT_PRODUCTION,6363.2362,5985.1219,483.3832,1574,543,-0.07596500,,-0.07596500,-0.07596500,-483.3832,6363.2362,OK,0.0000,19.3353,4.0000,96.0000,AG03-UNRESOLVED,ALL5_LEVELS_bet23_to_bet27,19.3353,19.3353,19.3353,19.3353,19.3353,4.000000,4.000000,4.000000,4.000000,4.000000,96.000000,96.000000,96.000000,96.000000,96.000000,5.0,96.6766,89.2457,386.7066,394.1375,PENDING_AG03,FALSE,NOT_FOR_ENFORCEMENT,464.0479,5745.7171,483.3832,464.0479,19.3353,0.07596500,0.07292640,19.3353,464.0479,0.07292640,19.3353,19.3353,19.3353,19.3353,19.3353,464.0479,0.07292640,96.6766,89.2457,386.7066,394.1375,0.06077200,0.06193978,0.00303860,4.0427,11.0223,0.8902,60.4229,6.2777,795.4045,67.8750,,4.0427,2.2009,2.2009,4.4018,8.8036,11.0045,13.2054,2.2009,-2.2009,5.0,6.0,1.836849,24,68,15,8,0E-8,0.07596500,,0E-8,0.000000,0.940578,0.000000,,2026-03-22,2026-03-29,8,77,52,8,1.000000,,,0.000000,,,,,,,,GLOBAL_BASELINE_NO_ENTITY_RANKING,,,NOT_APPLICABLE_GLOBAL_BASELINE,HF9g-P5,,,,X 全窗基线 · 不参与实体赏罚,8398388,840,A168_HF9F_20260827_0900,2026-08-27 09:00:00
2026-03-22,147529118,2093,0,103.4422044201,-20.6884408844,-20.6884408844,0.4285714,26,7,0.33689878073584376,0.205061136905,0.51315570635277,1.4646639764358855,0.51315570635277,0.13183764383084376,ELIGIBLE,R03b_20260811_FULL_v1,L1_ELIGIBILITY,v2026-08-11,2026-03-21..2026-08-06,baccarat_bet02_101_all_pairs_incl_sentinel,round_win = game_pnl > 0 (decisive only),COMPATIBILITY_ONLY_NOT_PRODUCTION,6363.2362,5985.1219,483.3832,1574,543,-0.07596500,,-0.07596500,-0.07596500,-483.3832,6363.2362,OK,0.0000,19.3353,4.0000,96.0000,AG03-UNRESOLVED,ALL5_LEVELS_bet23_to_bet27,19.3353,19.3353,19.3353,19.3353,19.3353,4.000000,4.000000,4.000000,4.000000,4.000000,96.000000,96.000000,96.000000,96.000000,96.000000,5.0,96.6766,89.2457,386.7066,394.1375,PENDING_AG03,FALSE,NOT_FOR_ENFORCEMENT,464.0479,5745.7171,483.3832,464.0479,19.3353,0.07596500,0.07292640,19.3353,464.0479,0.07292640,19.3353,19.3353,19.3353,19.3353,19.3353,464.0479,0.07292640,96.6766,89.2457,386.7066,394.1375,0.06077200,0.06193978,0.00303860,4.0427,11.0223,0.8902,60.4229,6.2777,795.4045,67.8750,,4.0427,2.2009,2.2009,4.4018,8.8036,11.0045,13.2054,2.2009,-2.2009,5.0,6.0,1.836849,24,68,15,8,0E-8,0.07596500,,0E-8,0.000000,0.940578,0.000000,,2026-03-22,2026-03-29,8,77,52,8,1.000000,,,0.000000,,,,,,,,GLOBAL_BASELINE_NO_ENTITY_RANKING,,,NOT_APPLICABLE_GLOBAL_BASELINE,HF9g-P5,,,,X 全窗基线 · 不参与实体赏罚,8398389,840,A168_HF9F_20260827_0900,2026-08-27 09:00:00
2026-03-22,147529118,2121,0,13.2053877981,4.1817061361,4.1817061361,0.6666667,3,3,0.49771390000000000,0.497713900000,0.5852756695216578,0.5852756695216578,0.5852756695216578,0E-17,ELIGIBLE,R03b_20260811_FULL_v1,L1_ELIGIBILITY,v2026-08-11,2026-03-21..2026-08-06,baccarat_bet02_101_all_pairs_incl_sentinel,round_win = game_pnl > 0 (decisive only),COMPATIBILITY_ONLY_NOT_PRODUCTION,6363.2362,5985.1219,483.3832,1574,543,-0.07596500,,-0.07596500,-0.07596500,-483.3832,6363.2362,OK,0.0000,19.3353,4.0000,96.0000,AG03-UNRESOLVED,ALL5_LEVELS_bet23_to_bet27,19.3353,19.3353,19.3353,19.3353,19.3353,4.000000,4.000000,4.000000,4.000000,4.000000,96.000000,96.000000,96.000000,96.000000,96.000000,5.0,96.6766,89.2457,386.7066,394.1375,PENDING_AG03,FALSE,NOT_FOR_ENFORCEMENT,464.0479,5745.7171,483.3832,464.0479,19.3353,0.07596500,0.07292640,19.3353,464.0479,0.07292640,19.3353,19.3353,19.3353,19.3353,19.3353,464.0479,0.07292640,96.6766,89.2457,386.7066,394.1375,0.06077200,0.06193978,0.00303860,4.0427,11.0223,0.8902,60.4229,6.2777,795.4045,67.8750,,4.0427,2.2009,2.2009,4.4018,8.8036,11.0045,13.2054,2.2009,-2.2009,5.0,6.0,1.836849,24,68,15,8,0E-8,0.07596500,,0E-8,0.000000,0.940578,0.000000,,2026-03-22,2026-03-29,8,77,52,8,1.000000,,,0.000000,,,,,,,,GLOBAL_BASELINE_NO_ENTITY_RANKING,,,NOT_APPLICABLE_GLOBAL_BASELINE,HF9g-P5,,,,X 全窗基线 · 不参与实体赏罚,8398390,840,A168_HF9F_20260827_0900,2026-08-27 09:00:00
2026-03-22,147529118,2246,0,114.8868738452,-15.5713531126,-15.5713531126,0.3846154,34,13,0.28377187728133279,0.208906700897,0.8065090717011906,1.5583853728939479,0.8065090717011906,0.07486517638433279,ELIGIBLE,R03b_20260811_FULL_v1,L1_ELIGIBILITY,v2026-08-11,2026-03-21..2026-08-06,baccarat_bet02_101_all_pairs_incl_sentinel,round_win = game_pnl > 0 (decisive only),COMPATIBILITY_ONLY_NOT_PRODUCTION,6363.2362,5985.1219,483.3832,1574,543,-0.07596500,,-0.07596500,-0.07596500,-483.3832,6363.2362,OK,0.0000,19.3353,4.0000,96.0000,AG03-UNRESOLVED,ALL5_LEVELS_bet23_to_bet27,19.3353,19.3353,19.3353,19.3353,19.3353,4.000000,4.000000,4.000000,4.000000,4.000000,96.000000,96.000000,96.000000,96.000000,96.000000,5.0,96.6766,89.2457,386.7066,394.1375,PENDING_AG03,FALSE,NOT_FOR_ENFORCEMENT,464.0479,5745.7171,483.3832,464.0479,19.3353,0.07596500,0.07292640,19.3353,464.0479,0.07292640,19.3353,19.3353,19.3353,19.3353,19.3353,464.0479,0.07292640,96.6766,89.2457,386.7066,394.1375,0.06077200,0.06193978,0.00303860,4.0427,11.0223,0.8902,60.4229,6.2777,795.4045,67.8750,,4.0427,2.2009,2.2009,4.4018,8.8036,11.0045,13.2054,2.2009,-2.2009,5.0,6.0,1.836849,24,68,15,8,0E-8,0.07596500,,0E-8,0.000000,0.940578,0.000000,,2026-03-22,2026-03-29,8,77,52,8,1.000000,,,0.000000,,,,,,,,GLOBAL_BASELINE_NO_ENTITY_RANKING,,,NOT_APPLICABLE_GLOBAL_BASELINE,HF9g-P5,,,,X 全窗基线 · 不参与实体赏罚,8398391,840,A168_HF9F_20260827_0900,2026-08-27 09:00:00
2026-03-22,147529118,986,0,15.4062857646,-1E-10,-1E-10,0.5000000,4,2,0.41213284999920201,0.353589350000,0.25245462158310955,0.43309565541810374,0.25245462158310955,0.05854349999920201,ELIGIBLE,R03b_20260811_FULL_v1,L1_ELIGIBILITY,v2026-08-11,2026-03-21..2026-08-06,baccarat_bet02_101_all_pairs_incl_sentinel,round_win = game_pnl > 0 (decisive only),COMPATIBILITY_ONLY_NOT_PRODUCTION,6363.2362,5985.1219,483.3832,1574,543,-0.07596500,,-0.07596500,-0.07596500,-483.3832,6363.2362,OK,0.0000,19.3353,4.0000,96.0000,AG03-UNRESOLVED,ALL5_LEVELS_bet23_to_bet27,19.3353,19.3353,19.3353,19.3353,19.3353,4.000000,4.000000,4.000000,4.000000,4.000000,96.000000,96.000000,96.000000,96.000000,96.000000,5.0,96.6766,89.2457,386.7066,394.1375,PENDING_AG03,FALSE,NOT_FOR_ENFORCEMENT,464.0479,5745.7171,483.3832,464.0479,19.3353,0.07596500,0.07292640,19.3353,464.0479,0.07292640,19.3353,19.3353,19.3353,19.3353,19.3353,464.0479,0.07292640,96.6766,89.2457,386.7066,394.1375,0.06077200,0.06193978,0.00303860,4.0427,11.0223,0.8902,60.4229,6.2777,795.4045,67.8750,,4.0427,2.2009,2.2009,4.4018,8.8036,11.0045,13.2054,2.2009,-2.2009,5.0,6.0,1.836849,24,68,15,8,0E-8,0.07596500,,0E-8,0.000000,0.940578,0.000000,,2026-03-22,2026-03-29,8,77,52,8,1.000000,,,0.000000,,,,,,,,GLOBAL_BASELINE_NO_ENTITY_RANKING,,,NOT_APPLICABLE_GLOBAL_BASELINE,HF9g-P5,,,,X 全窗基线 · 不参与实体赏罚,8398392,840,A168_HF9F_20260827_0900,2026-08-27 09:00:00
2026-03-23,147529118,-1,1,13.2053877982,-13.2053877982,-13.2053877982,0E-7,3,2,0.45011776249943398,0.400287425000,-1.279508654970623,-1.1553920997617628,-1.279508654970623,0.04983033749943398,SENTINEL_DEALER,R03b_20260811_FULL_v1,L1_ELIGIBILITY,v2026-08-11,2026-03-21..2026-08-06,baccarat_bet02_101_all_pairs_incl_sentinel,round_win = game_pnl > 0 (decisive only),COMPATIBILITY_ONLY_NOT_PRODUCTION,6363.2362,5985.1219,483.3832,1574,543,-0.07596500,,-0.07596500,-0.07596500,-483.3832,6363.2362,OK,0.0000,19.3353,4.0000,96.0000,AG03-UNRESOLVED,ALL5_LEVELS_bet23_to_bet27,19.3353,19.3353,19.3353,19.3353,19.3353,4.000000,4.000000,4.000000,4.000000,4.000000,96.000000,96.000000,96.000000,96.000000,96.000000,5.0,96.6766,89.2457,386.7066,394.1375,PENDING_AG03,FALSE,NOT_FOR_ENFORCEMENT,464.0479,5745.7171,483.3832,464.0479,19.3353,0.07596500,0.07292640,19.3353,464.0479,0.07292640,19.3353,19.3353,19.3353,19.3353,19.3353,464.0479,0.07292640,96.6766,89.2457,386.7066,394.1375,0.06077200,0.06193978,0.00303860,4.0427,11.0223,0.8902,60.4229,6.2777,795.4045,67.8750,,4.0427,2.2009,2.2009,4.4018,8.8036,11.0045,13.2054,2.2009,-2.2009,5.0,6.0,1.836849,24,68,15,8,0E-8,0.07596500,,0E-8,0.000000,0.940578,0.000000,,2026-03-22,2026-03-29,8,77,52,8,1.000000,,,0.000000,,,,,,,,GLOBAL_BASELINE_NO_ENTITY_RANKING,,,NOT_APPLICABLE_GLOBAL_BASELINE,HF9g-P5,,,,X 全窗基线 · 不参与实体赏罚,8398393,840,A168_HF9F_20260827_0900,2026-08-27 09:00:00
2026-03-23,147529118,2233,0,17.6071837311,-17.6071837311,-17.6071837311,0E-7,6,3,0.23529806999950911,0.199284705556,-0.960779474932407,-0.8640891461777861,-0.960779474932407,0.03601336444350911,ELIGIBLE,R03b_20260811_FULL_v1,L1_ELIGIBILITY,v2026-08-11,2026-03-21..2026-08-06,baccarat_bet02_101_all_pairs_incl_sentinel,round_win = game_pnl > 0 (decisive only),COMPATIBILITY_ONLY_NOT_PRODUCTION,6363.2362,5985.1219,483.3832,1574,543,-0.07596500,,-0.07596500,-0.07596500,-483.3832,6363.2362,OK,0.0000,19.3353,4.0000,96.0000,AG03-UNRESOLVED,ALL5_LEVELS_bet23_to_bet27,19.3353,19.3353,19.3353,19.3353,19.3353,4.000000,4.000000,4.000000,4.000000,4.000000,96.000000,96.000000,96.000000,96.000000,96.000000,5.0,96.6766,89.2457,386.7066,394.1375,PENDING_AG03,FALSE,NOT_FOR_ENFORCEMENT,464.0479,5745.7171,483.3832,464.0479,19.3353,0.07596500,0.07292640,19.3353,464.0479,0.07292640,19.3353,19.3353,19.3353,19.3353,19.3353,464.0479,0.07292640,96.6766,89.2457,386.7066,394.1375,0.06077200,0.06193978,0.00303860,4.0427,11.0223,0.8902,60.4229,6.2777,795.4045,67.8750,,4.0427,2.2009,2.2009,4.4018,8.8036,11.0045,13.2054,2.2009,-2.2009,5.0,6.0,1.836849,24,68,15,8,0E-8,0.07596500,,0E-8,0.000000,0.940578,0.000000,,2026-03-22,2026-03-29,8,77,52,8,1.000000,,,0.000000,,,,,,,,GLOBAL_BASELINE_NO_ENTITY_RANKING,,,NOT_APPLICABLE_GLOBAL_BASELINE,HF9g-P5,,,,X 全窗基线 · 不参与实体赏罚,8398394,840,A168_HF9F_20260827_0900,2026-08-27 09:00:00
2026-03-24,147529118,2153,0,24.2098776301,-17.6071837310,-17.6071837310,0E-7,6,3,0.40573325333241955,0.332977877778,-1.4311666730329244,-1.223765481454626,-1.4311666730329244,0.07275537555441955,ELIGIBLE,R03b_20260811_FULL_v1,L1_ELIGIBILITY,v2026-08-11,2026-03-21..2026-08-06,baccarat_bet02_101_all_pairs_incl_sentinel,round_win = game_pnl > 0 (decisive only),COMPATIBILITY_ONLY_NOT_PRODUCTION,6363.2362,5985.1219,483.3832,1574,543,-0.07596500,,-0.07596500,-0.07596500,-483.3832,6363.2362,OK,0.0000,19.3353,4.0000,96.0000,AG03-UNRESOLVED,ALL5_LEVELS_bet23_to_bet27,19.3353,19.3353,19.3353,19.3353,19.3353,4.000000,4.000000,4.000000,4.000000,4.000000,96.000000,96.000000,96.000000,96.000000,96.000000,5.0,96.6766,89.2457,386.7066,394.1375,PENDING_AG03,FALSE,NOT_FOR_ENFORCEMENT,464.0479,5745.7171,483.3832,464.0479,19.3353,0.07596500,0.07292640,19.3353,464.0479,0.07292640,19.3353,19.3353,19.3353,19.3353,19.3353,464.0479,0.07292640,96.6766,89.2457,386.7066,394.1375,0.06077200,0.06193978,0.00303860,4.0427,11.0223,0.8902,60.4229,6.2777,795.4045,67.8750,,4.0427,2.2009,2.2009,4.4018,8.8036,11.0045,13.2054,2.2009,-2.2009,5.0,6.0,1.836849,24,68,15,8,0E-8,0.07596500,,0E-8,0.000000,0.940578,0.000000,,2026-03-22,2026-03-29,8,77,52,8,1.000000,,,0.000000,,,,,,,,GLOBAL_BASELINE_NO_ENTITY_RANKING,,,NOT_APPLICABLE_GLOBAL_BASELINE,HF9g-P5,,,,X 全窗基线 · 不参与实体赏罚,8398395,840,A168_HF9F_20260827_0900,2026-08-27 09:00:00
2026-03-24,147529118,583,0,4.4017959328,-4.4017959328,-4.4017959328,0E-7,2,2,0.49994810000000000,0.499948100000,-1.4140667746232096,-1.4140667746232096,-1.4140667746232096,0E-17,ELIGIBLE,R03b_20260811_FULL_v1,L1_ELIGIBILITY,v2026-08-11,2026-03-21..2026-08-06,baccarat_bet02_101_all_pairs_incl_sentinel,round_win = game_pnl > 0 (decisive only),COMPATIBILITY_ONLY_NOT_PRODUCTION,6363.2362,5985.1219,483.3832,1574,543,-0.07596500,,-0.07596500,-0.07596500,-483.3832,6363.2362,OK,0.0000,19.3353,4.0000,96.0000,AG03-UNRESOLVED,ALL5_LEVELS_bet23_to_bet27,19.3353,19.3353,19.3353,19.3353,19.3353,4.000000,4.000000,4.000000,4.000000,4.000000,96.000000,96.000000,96.000000,96.000000,96.000000,5.0,96.6766,89.2457,386.7066,394.1375,PENDING_AG03,FALSE,NOT_FOR_ENFORCEMENT,464.0479,5745.7171,483.3832,464.0479,19.3353,0.07596500,0.07292640,19.3353,464.0479,0.07292640,19.3353,19.3353,19.3353,19.3353,19.3353,464.0479,0.07292640,96.6766,89.2457,386.7066,394.1375,0.06077200,0.06193978,0.00303860,4.0427,11.0223,0.8902,60.4229,6.2777,795.4045,67.8750,,4.0427,2.2009,2.2009,4.4018,8.8036,11.0045,13.2054,2.2009,-2.2009,5.0,6.0,1.836849,24,68,15,8,0E-8,0.07596500,,0E-8,0.000000,0.940578,0.000000,,2026-03-22,2026-03-29,8,77,52,8,1.000000,,,0.000000,,,,,,,,GLOBAL_BASELINE_NO_ENTITY_RANKING,,,NOT_APPLICABLE_GLOBAL_BASELINE,HF9g-P5,,,,X 全窗基线 · 不参与实体赏罚,8398396,840,A168_HF9F_20260827_0900,2026-08-27 09:00:00
2026-03-25,147529118,-1,1,308.1257152935,38.9999119631,38.9999119631,0.7083333,76,24,0.35606748250632214,0.250080959028,3.6040418848199476,5.1839743166254655,3.6040418848199476,0.10598652347832214,SENTINEL_DEALER,R03b_20260811_FULL_v1,L1_ELIGIBILITY,v2026-08-11,2026-03-21..2026-08-06,baccarat_bet02_101_all_pairs_incl_sentinel,round_win = game_pnl > 0 (decisive only),COMPATIBILITY_ONLY_NOT_PRODUCTION,6363.2362,5985.1219,483.3832,1574,543,-0.07596500,,-0.07596500,-0.07596500,-483.3832,6363.2362,OK,0.0000,19.3353,4.0000,96.0000,AG03-UNRESOLVED,ALL5_LEVELS_bet23_to_bet27,19.3353,19.3353,19.3353,19.3353,19.3353,4.000000,4.000000,4.000000,4.000000,4.000000,96.000000,96.000000,96.000000,96.000000,96.000000,5.0,96.6766,89.2457,386.7066,394.1375,PENDING_AG03,FALSE,NOT_FOR_ENFORCEMENT,464.0479,5745.7171,483.3832,464.0479,19.3353,0.07596500,0.07292640,19.3353,464.0479,0.07292640,19.3353,19.3353,19.3353,19.3353,19.3353,464.0479,0.07292640,96.6766,89.2457,386.7066,394.1375,0.06077200,0.06193978,0.00303860,4.0427,11.0223,0.8902,60.4229,6.2777,795.4045,67.8750,,4.0427,2.2009,2.2009,4.4018,8.8036,11.0045,13.2054,2.2009,-2.2009,5.0,6.0,1.836849,24,68,15,8,0E-8,0.07596500,,0E-8,0.000000,0.940578,0.000000,,2026-03-22,2026-03-29,8,77,52,8,1.000000,,,0.000000,,,,,,,,GLOBAL_BASELINE_NO_ENTITY_RANKING,,,NOT_APPLICABLE_GLOBAL_BASELINE,HF9g-P5,,,,X 全窗基线 · 不参与实体赏罚,8398397,840,A168_HF9F_20260827_0900,2026-08-27 09:00:00
2026-03-25,147529118,1318,0,21.7888898670,-13.2053877982,-13.2053877982,0.2500000,5,4,0.46554195833276149,0.446663237500,-0.8642225566987128,-0.7911672706255539,-0.8642225566987128,0.01887872083276149,ELIGIBLE,R03b_20260811_FULL_v1,L1_ELIGIBILITY,v2026-08-11,2026-03-21..2026-08-06,baccarat_bet02_101_all_pairs_incl_sentinel,round_win = game_pnl > 0 (decisive only),COMPATIBILITY_ONLY_NOT_PRODUCTION,6363.2362,5985.1219,483.3832,1574,543,-0.07596500,,-0.07596500,-0.07596500,-483.3832,6363.2362,OK,0.0000,19.3353,4.0000,96.0000,AG03-UNRESOLVED,ALL5_LEVELS_bet23_to_bet27,19.3353,19.3353,19.3353,19.3353,19.3353,4.000000,4.000000,4.000000,4.000000,4.000000,96.000000,96.000000,96.000000,96.000000,96.000000,5.0,96.6766,89.2457,386.7066,394.1375,PENDING_AG03,FALSE,NOT_FOR_ENFORCEMENT,464.0479,5745.7171,483.3832,464.0479,19.3353,0.07596500,0.07292640,19.3353,464.0479,0.07292640,19.3353,19.3353,19.3353,19.3353,19.3353,464.0479,0.07292640,96.6766,89.2457,386.7066,394.1375,0.06077200,0.06193978,0.00303860,4.0427,11.0223,0.8902,60.4229,6.2777,795.4045,67.8750,,4.0427,2.2009,2.2009,4.4018,8.8036,11.0045,13.2054,2.2009,-2.2009,5.0,6.0,1.836849,24,68,15,8,0E-8,0.07596500,,0E-8,0.000000,0.940578,0.000000,,2026-03-22,2026-03-29,8,77,52,8,1.000000,,,0.000000,,,,,,,,GLOBAL_BASELINE_NO_ENTITY_RANKING,,,NOT_APPLICABLE_GLOBAL_BASELINE,HF9g-P5,,,,X 全窗基线 · 不参与实体赏罚,8398398,840,A168_HF9F_20260827_0900,2026-08-27 09:00:00
2026-03-25,147529118,2246,0,330.1346949570,-19.9181265966,-19.9181265966,0.4705882,79,17,0.31282014395947335,0.169545247647,1.403010968750196,3.3078985235698175,1.403010968750196,0.14327489631247335,ELIGIBLE,R03b_20260811_FULL_v1,L1_ELIGIBILITY,v2026-08-11,2026-03-21..2026-08-06,baccarat_bet02_101_all_pairs_incl_sentinel,round_win = game_pnl > 0 (decisive only),COMPATIBILITY_ONLY_NOT_PRODUCTION,6363.2362,5985.1219,483.3832,1574,543,-0.07596500,,-0.07596500,-0.07596500,-483.3832,6363.2362,OK,0.0000,19.3353,4.0000,96.0000,AG03-UNRESOLVED,ALL5_LEVELS_bet23_to_bet27,19.3353,19.3353,19.3353,19.3353,19.3353,4.000000,4.000000,4.000000,4.000000,4.000000,96.000000,96.000000,96.000000,96.000000,96.000000,5.0,96.6766,89.2457,386.7066,394.1375,PENDING_AG03,FALSE,NOT_FOR_ENFORCEMENT,464.0479,5745.7171,483.3832,464.0479,19.3353,0.07596500,0.07292640,19.3353,464.0479,0.07292640,19.3353,19.3353,19.3353,19.3353,19.3353,464.0479,0.07292640,96.6766,89.2457,386.7066,394.1375,0.06077200,0.06193978,0.00303860,4.0427,11.0223,0.8902,60.4229,6.2777,795.4045,67.8750,,4.0427,2.2009,2.2009,4.4018,8.8036,11.0045,13.2054,2.2009,-2.2009,5.0,6.0,1.836849,24,68,15,8,0E-8,0.07596500,,0E-8,0.000000,0.940578,0.000000,,2026-03-22,2026-03-29,8,77,52,8,1.000000,,,0.000000,,,,,,,,GLOBAL_BASELINE_NO_ENTITY_RANKING,,,NOT_APPLICABLE_GLOBAL_BASELINE,HF9g-P5,,,,X 全窗基线 · 不参与实体赏罚,8398399,840,A168_HF9F_20260827_0900,2026-08-27 09:00:00
2026-03-26,147529118,-1,1,251.1224579634,-92.4597235677,-92.4597235677,0.3750000,64,33,0.38519359414057680,0.333268332323,-0.11849324888510644,0.5008044320758445,-0.11849324888510644,0.05192526181757680,SENTINEL_DEALER,R03b_20260811_FULL_v1,L1_ELIGIBILITY,v2026-08-11,2026-03-21..2026-08-06,baccarat_bet02_101_all_pairs_incl_sentinel,round_win = game_pnl > 0 (decisive only),COMPATIBILITY_ONLY_NOT_PRODUCTION,6363.2362,5985.1219,483.3832,1574,543,-0.07596500,,-0.07596500,-0.07596500,-483.3832,6363.2362,OK,0.0000,19.3353,4.0000,96.0000,AG03-UNRESOLVED,ALL5_LEVELS_bet23_to_bet27,19.3353,19.3353,19.3353,19.3353,19.3353,4.000000,4.000000,4.000000,4.000000,4.000000,96.000000,96.000000,96.000000,96.000000,96.000000,5.0,96.6766,89.2457,386.7066,394.1375,PENDING_AG03,FALSE,NOT_FOR_ENFORCEMENT,464.0479,5745.7171,483.3832,464.0479,19.3353,0.07596500,0.07292640,19.3353,464.0479,0.07292640,19.3353,19.3353,19.3353,19.3353,19.3353,464.0479,0.07292640,96.6766,89.2457,386.7066,394.1375,0.06077200,0.06193978,0.00303860,4.0427,11.0223,0.8902,60.4229,6.2777,795.4045,67.8750,,4.0427,2.2009,2.2009,4.4018,8.8036,11.0045,13.2054,2.2009,-2.2009,5.0,6.0,1.836849,24,68,15,8,0E-8,0.07596500,,0E-8,0.000000,0.940578,0.000000,,2026-03-22,2026-03-29,8,77,52,8,1.000000,,,0.000000,,,,,,,,GLOBAL_BASELINE_NO_ENTITY_RANKING,,,NOT_APPLICABLE_GLOBAL_BASELINE,HF9g-P5,,,,X 全窗基线 · 不参与实体赏罚,8398400,840,A168_HF9F_20260827_0900,2026-08-27 09:00:00
2026-03-26,147529118,1205,0,13.2053877982,-8.8035918655,-8.8035918655,0E-7,3,2,0.44844211249941495,0.396936125000,-0.9016908135628571,-0.8112947317963362,-0.9016908135628571,0.05150598749941495,ELIGIBLE,R03b_20260811_FULL_v1,L1_ELIGIBILITY,v2026-08-11,2026-03-21..2026-08-06,baccarat_bet02_101_all_pairs_incl_sentinel,round_win = game_pnl > 0 (decisive only),COMPATIBILITY_ONLY_NOT_PRODUCTION,6363.2362,5985.1219,483.3832,1574,543,-0.07596500,,-0.07596500,-0.07596500,-483.3832,6363.2362,OK,0.0000,19.3353,4.0000,96.0000,AG03-UNRESOLVED,ALL5_LEVELS_bet23_to_bet27,19.3353,19.3353,19.3353,19.3353,19.3353,4.000000,4.000000,4.000000,4.000000,4.000000,96.000000,96.000000,96.000000,96.000000,96.000000,5.0,96.6766,89.2457,386.7066,394.1375,PENDING_AG03,FALSE,NOT_FOR_ENFORCEMENT,464.0479,5745.7171,483.3832,464.0479,19.3353,0.07596500,0.07292640,19.3353,464.0479,0.07292640,19.3353,19.3353,19.3353,19.3353,19.3353,464.0479,0.07292640,96.6766,89.2457,386.7066,394.1375,0.06077200,0.06193978,0.00303860,4.0427,11.0223,0.8902,60.4229,6.2777,795.4045,67.8750,,4.0427,2.2009,2.2009,4.4018,8.8036,11.0045,13.2054,2.2009,-2.2009,5.0,6.0,1.836849,24,68,15,8,0E-8,0.07596500,,0E-8,0.000000,0.940578,0.000000,,2026-03-22,2026-03-29,8,77,52,8,1.000000,,,0.000000,,,,,,,,GLOBAL_BASELINE_NO_ENTITY_RANKING,,,NOT_APPLICABLE_GLOBAL_BASELINE,HF9g-P5,,,,X 全窗基线 · 不参与实体赏罚,8398401,840,A168_HF9F_20260827_0900,2026-08-27 09:00:00
2026-03-26,147529118,1299,0,15.4062857646,-8.8035918655,-8.8035918655,0E-7,3,2,0.44844211249941495,0.396936125000,-0.9016908135628571,-0.8112947317963362,-0.9016908135628571,0.05150598749941495,ELIGIBLE,R03b_20260811_FULL_v1,L1_ELIGIBILITY,v2026-08-11,2026-03-21..2026-08-06,baccarat_bet02_101_all_pairs_incl_sentinel,round_win = game_pnl > 0 (decisive only),COMPATIBILITY_ONLY_NOT_PRODUCTION,6363.2362,5985.1219,483.3832,1574,543,-0.07596500,,-0.07596500,-0.07596500,-483.3832,6363.2362,OK,0.0000,19.3353,4.0000,96.0000,AG03-UNRESOLVED,ALL5_LEVELS_bet23_to_bet27,19.3353,19.3353,19.3353,19.3353,19.3353,4.000000,4.000000,4.000000,4.000000,4.000000,96.000000,96.000000,96.000000,96.000000,96.000000,5.0,96.6766,89.2457,386.7066,394.1375,PENDING_AG03,FALSE,NOT_FOR_ENFORCEMENT,464.0479,5745.7171,483.3832,464.0479,19.3353,0.07596500,0.07292640,19.3353,464.0479,0.07292640,19.3353,19.3353,19.3353,19.3353,19.3353,464.0479,0.07292640,96.6766,89.2457,386.7066,394.1375,0.06077200,0.06193978,0.00303860,4.0427,11.0223,0.8902,60.4229,6.2777,795.4045,67.8750,,4.0427,2.2009,2.2009,4.4018,8.8036,11.0045,13.2054,2.2009,-2.2009,5.0,6.0,1.836849,24,68,15,8,0E-8,0.07596500,,0E-8,0.000000,0.940578,0.000000,,2026-03-22,2026-03-29,8,77,52,8,1.000000,,,0.000000,,,,,,,,GLOBAL_BASELINE_NO_ENTITY_RANKING,,,NOT_APPLICABLE_GLOBAL_BASELINE,HF9g-P5,,,,X 全窗基线 · 不参与实体赏罚,8398402,840,A168_HF9F_20260827_0900,2026-08-27 09:00:00
2026-03-26,147529118,1306,0,116.4275024211,-12.3250286119,-12.3250286119,0.5000000,29,14,0.40697867612167997,0.360963873810,0.7084766667037143,1.0831711949636542,0.7084766667037143,0.04601480231167997,ELIGIBLE,R03b_20260811_FULL_v1,L1_ELIGIBILITY,v2026-08-11,2026-03-21..2026-08-06,baccarat_bet02_101_all_pairs_incl_sentinel,round_win = game_pnl > 0 (decisive only),COMPATIBILITY_ONLY_NOT_PRODUCTION,6363.2362,5985.1219,483.3832,1574,543,-0.07596500,,-0.07596500,-0.07596500,-483.3832,6363.2362,OK,0.0000,19.3353,4.0000,96.0000,AG03-UNRESOLVED,ALL5_LEVELS_bet23_to_bet27,19.3353,19.3353,19.3353,19.3353,19.3353,4.000000,4.000000,4.000000,4.000000,4.000000,96.000000,96.000000,96.000000,96.000000,96.000000,5.0,96.6766,89.2457,386.7066,394.1375,PENDING_AG03,FALSE,NOT_FOR_ENFORCEMENT,464.0479,5745.7171,483.3832,464.0479,19.3353,0.07596500,0.07292640,19.3353,464.0479,0.07292640,19.3353,19.3353,19.3353,19.3353,19.3353,464.0479,0.07292640,96.6766,89.2457,386.7066,394.1375,0.06077200,0.06193978,0.00303860,4.0427,11.0223,0.8902,60.4229,6.2777,795.4045,67.8750,,4.0427,2.2009,2.2009,4.4018,8.8036,11.0045,13.2054,2.2009,-2.2009,5.0,6.0,1.836849,24,68,15,8,0E-8,0.07596500,,0E-8,0.000000,0.940578,0.000000,,2026-03-22,2026-03-29,8,77,52,8,1.000000,,,0.000000,,,,,,,,GLOBAL_BASELINE_NO_ENTITY_RANKING,,,NOT_APPLICABLE_GLOBAL_BASELINE,HF9g-P5,,,,X 全窗基线 · 不参与实体赏罚,8398403,840,A168_HF9F_20260827_0900,2026-08-27 09:00:00
2026-03-26,147529118,1353,0,4.8419755260,4.5998767497,4.5998767497,1.0000000,1,1,0.50665070000000000,0.506650700000,0.9867858985152569,0.9867858985152569,0.9867858985152569,0E-17,ELIGIBLE,R03b_20260811_FULL_v1,L1_ELIGIBILITY,v2026-08-11,2026-03-21..2026-08-06,baccarat_bet02_101_all_pairs_incl_sentinel,round_win = game_pnl > 0 (decisive only),COMPATIBILITY_ONLY_NOT_PRODUCTION,6363.2362,5985.1219,483.3832,1574,543,-0.07596500,,-0.07596500,-0.07596500,-483.3832,6363.2362,OK,0.0000,19.3353,4.0000,96.0000,AG03-UNRESOLVED,ALL5_LEVELS_bet23_to_bet27,19.3353,19.3353,19.3353,19.3353,19.3353,4.000000,4.000000,4.000000,4.000000,4.000000,96.000000,96.000000,96.000000,96.000000,96.000000,5.0,96.6766,89.2457,386.7066,394.1375,PENDING_AG03,FALSE,NOT_FOR_ENFORCEMENT,464.0479,5745.7171,483.3832,464.0479,19.3353,0.07596500,0.07292640,19.3353,464.0479,0.07292640,19.3353,19.3353,19.3353,19.3353,19.3353,464.0479,0.07292640,96.6766,89.2457,386.7066,394.1375,0.06077200,0.06193978,0.00303860,4.0427,11.0223,0.8902,60.4229,6.2777,795.4045,67.8750,,4.0427,2.2009,2.2009,4.4018,8.8036,11.0045,13.2054,2.2009,-2.2009,5.0,6.0,1.836849,24,68,15,8,0E-8,0.07596500,,0E-8,0.000000,0.940578,0.000000,,2026-03-22,2026-03-29,8,77,52,8,1.000000,,,0.000000,,,,,,,,GLOBAL_BASELINE_NO_ENTITY_RANKING,,,NOT_APPLICABLE_GLOBAL_BASELINE,HF9g-P5,,,,X 全窗基线 · 不参与实体赏罚,8398404,840,A168_HF9F_20260827_0900,2026-08-27 09:00:00
2026-03-26,147529118,1383,0,66.0269389913,-44.0179593277,-44.0179593277,0.1250000,16,8,0.38344318479106909,0.327960198958,-1.503394699744633,-1.222778532628571,-1.503394699744633,0.05548298583306909,ELIGIBLE,R03b_20260811_FULL_v1,L1_ELIGIBILITY,v2026-08-11,2026-03-21..2026-08-06,baccarat_bet02_101_all_pairs_incl_sentinel,round_win = game_pnl > 0 (decisive only),COMPATIBILITY_ONLY_NOT_PRODUCTION,6363.2362,5985.1219,483.3832,1574,543,-0.07596500,,-0.07596500,-0.07596500,-483.3832,6363.2362,OK,0.0000,19.3353,4.0000,96.0000,AG03-UNRESOLVED,ALL5_LEVELS_bet23_to_bet27,19.3353,19.3353,19.3353,19.3353,19.3353,4.000000,4.000000,4.000000,4.000000,4.000000,96.000000,96.000000,96.000000,96.000000,96.000000,5.0,96.6766,89.2457,386.7066,394.1375,PENDING_AG03,FALSE,NOT_FOR_ENFORCEMENT,464.0479,5745.7171,483.3832,464.0479,19.3353,0.07596500,0.07292640,19.3353,464.0479,0.07292640,19.3353,19.3353,19.3353,19.3353,19.3353,464.0479,0.07292640,96.6766,89.2457,386.7066,394.1375,0.06077200,0.06193978,0.00303860,4.0427,11.0223,0.8902,60.4229,6.2777,795.4045,67.8750,,4.0427,2.2009,2.2009,4.4018,8.8036,11.0045,13.2054,2.2009,-2.2009,5.0,6.0,1.836849,24,68,15,8,0E-8,0.07596500,,0E-8,0.000000,0.940578,0.000000,,2026-03-22,2026-03-29,8,77,52,8,1.000000,,,0.000000,,,,,,,,GLOBAL_BASELINE_NO_ENTITY_RANKING,,,NOT_APPLICABLE_GLOBAL_BASELINE,HF9g-P5,,,,X 全窗基线 · 不参与实体赏罚,8398405,840,A168_HF9F_20260827_0900,2026-08-27 09:00:00
2026-03-26,147529118,1384,0,214.1473721291,49.0800246493,49.0800246493,0.6250000,53,17,0.36983161175131515,0.271706600392,2.114250976994065,3.1768172614976655,2.114250976994065,0.09812501135931515,ELIGIBLE,R03b_20260811_FULL_v1,L1_ELIGIBILITY,v2026-08-11,2026-03-21..2026-08-06,baccarat_bet02_101_all_pairs_incl_sentinel,round_win = game_pnl > 0 (decisive only),COMPATIBILITY_ONLY_NOT_PRODUCTION,6363.2362,5985.1219,483.3832,1574,543,-0.07596500,,-0.07596500,-0.07596500,-483.3832,6363.2362,OK,0.0000,19.3353,4.0000,96.0000,AG03-UNRESOLVED,ALL5_LEVELS_bet23_to_bet27,19.3353,19.3353,19.3353,19.3353,19.3353,4.000000,4.000000,4.000000,4.000000,4.000000,96.000000,96.000000,96.000000,96.000000,96.000000,5.0,96.6766,89.2457,386.7066,394.1375,PENDING_AG03,FALSE,NOT_FOR_ENFORCEMENT,464.0479,5745.7171,483.3832,464.0479,19.3353,0.07596500,0.07292640,19.3353,464.0479,0.07292640,19.3353,19.3353,19.3353,19.3353,19.3353,464.0479,0.07292640,96.6766,89.2457,386.7066,394.1375,0.06077200,0.06193978,0.00303860,4.0427,11.0223,0.8902,60.4229,6.2777,795.4045,67.8750,,4.0427,2.2009,2.2009,4.4018,8.8036,11.0045,13.2054,2.2009,-2.2009,5.0,6.0,1.836849,24,68,15,8,0E-8,0.07596500,,0E-8,0.000000,0.940578,0.000000,,2026-03-22,2026-03-29,8,77,52,8,1.000000,,,0.000000,,,,,,,,GLOBAL_BASELINE_NO_ENTITY_RANKING,,,NOT_APPLICABLE_GLOBAL_BASELINE,HF9g-P5,,,,X 全窗基线 · 不参与实体赏罚,8398406,840,A168_HF9F_20260827_0900,2026-08-27 09:00:00
2026-03-26,147529118,1491,0,43.7978695308,-12.8752531033,-12.8752531033,0.5000000,11,6,0.40859703423096710,0.346569930556,0.4554561374425449,0.7897526815365943,0.4554561374425449,0.06202710367496710,ELIGIBLE,R03b_20260811_FULL_v1,L1_ELIGIBILITY,v2026-08-11,2026-03-21..2026-08-06,baccarat_bet02_101_all_pairs_incl_sentinel,round_win = game_pnl > 0 (decisive only),COMPATIBILITY_ONLY_NOT_PRODUCTION,6363.2362,5985.1219,483.3832,1574,543,-0.07596500,,-0.07596500,-0.07596500,-483.3832,6363.2362,OK,0.0000,19.3353,4.0000,96.0000,AG03-UNRESOLVED,ALL5_LEVELS_bet23_to_bet27,19.3353,19.3353,19.3353,19.3353,19.3353,4.000000,4.000000,4.000000,4.000000,4.000000,96.000000,96.000000,96.000000,96.000000,96.000000,5.0,96.6766,89.2457,386.7066,394.1375,PENDING_AG03,FALSE,NOT_FOR_ENFORCEMENT,464.0479,5745.7171,483.3832,464.0479,19.3353,0.07596500,0.07292640,19.3353,464.0479,0.07292640,19.3353,19.3353,19.3353,19.3353,19.3353,464.0479,0.07292640,96.6766,89.2457,386.7066,394.1375,0.06077200,0.06193978,0.00303860,4.0427,11.0223,0.8902,60.4229,6.2777,795.4045,67.8750,,4.0427,2.2009,2.2009,4.4018,8.8036,11.0045,13.2054,2.2009,-2.2009,5.0,6.0,1.836849,24,68,15,8,0E-8,0.07596500,,0E-8,0.000000,0.940578,0.000000,,2026-03-22,2026-03-29,8,77,52,8,1.000000,,,0.000000,,,,,,,,GLOBAL_BASELINE_NO_ENTITY_RANKING,,,NOT_APPLICABLE_GLOBAL_BASELINE,HF9g-P5,,,,X 全窗基线 · 不参与实体赏罚,8398407,840,A168_HF9F_20260827_0900,2026-08-27 09:00:00
2026-03-26,147529118,1507,0,195.8799190083,31.3627960201,31.3627960201,0.6000000,52,10,0.29982264762473058,0.159713690667,2.0717706470418245,3.800585129184522,2.0717706470418245,0.14010895695773058,ELIGIBLE,R03b_20260811_FULL_v1,L1_ELIGIBILITY,v2026-08-11,2026-03-21..2026-08-06,baccarat_bet02_101_all_pairs_incl_sentinel,round_win = game_pnl > 0 (decisive only),COMPATIBILITY_ONLY_NOT_PRODUCTION,6363.2362,5985.1219,483.3832,1574,543,-0.07596500,,-0.07596500,-0.07596500,-483.3832,6363.2362,OK,0.0000,19.3353,4.0000,96.0000,AG03-UNRESOLVED,ALL5_LEVELS_bet23_to_bet27,19.3353,19.3353,19.3353,19.3353,19.3353,4.000000,4.000000,4.000000,4.000000,4.000000,96.000000,96.000000,96.000000,96.000000,96.000000,5.0,96.6766,89.2457,386.7066,394.1375,PENDING_AG03,FALSE,NOT_FOR_ENFORCEMENT,464.0479,5745.7171,483.3832,464.0479,19.3353,0.07596500,0.07292640,19.3353,464.0479,0.07292640,19.3353,19.3353,19.3353,19.3353,19.3353,464.0479,0.07292640,96.6766,89.2457,386.7066,394.1375,0.06077200,0.06193978,0.00303860,4.0427,11.0223,0.8902,60.4229,6.2777,795.4045,67.8750,,4.0427,2.2009,2.2009,4.4018,8.8036,11.0045,13.2054,2.2009,-2.2009,5.0,6.0,1.836849,24,68,15,8,0E-8,0.07596500,,0E-8,0.000000,0.940578,0.000000,,2026-03-22,2026-03-29,8,77,52,8,1.000000,,,0.000000,,,,,,,,GLOBAL_BASELINE_NO_ENTITY_RANKING,,,NOT_APPLICABLE_GLOBAL_BASELINE,HF9g-P5,,,,X 全窗基线 · 不参与实体赏罚,8398408,840,A168_HF9F_20260827_0900,2026-08-27 09:00:00
2026-03-26,147529118,1702,0,4.4017959327,4.1817061361,4.1817061361,1.0000000,1,1,0.50665070000000000,0.506650700000,0.9867858985152569,0.9867858985152569,0.9867858985152569,0E-17,ELIGIBLE,R03b_20260811_FULL_v1,L1_ELIGIBILITY,v2026-08-11,2026-03-21..2026-08-06,baccarat_bet02_101_all_pairs_incl_sentinel,round_win = game_pnl > 0 (decisive only),COMPATIBILITY_ONLY_NOT_PRODUCTION,6363.2362,5985.1219,483.3832,1574,543,-0.07596500,,-0.07596500,-0.07596500,-483.3832,6363.2362,OK,0.0000,19.3353,4.0000,96.0000,AG03-UNRESOLVED,ALL5_LEVELS_bet23_to_bet27,19.3353,19.3353,19.3353,19.3353,19.3353,4.000000,4.000000,4.000000,4.000000,4.000000,96.000000,96.000000,96.000000,96.000000,96.000000,5.0,96.6766,89.2457,386.7066,394.1375,PENDING_AG03,FALSE,NOT_FOR_ENFORCEMENT,464.0479,5745.7171,483.3832,464.0479,19.3353,0.07596500,0.07292640,19.3353,464.0479,0.07292640,19.3353,19.3353,19.3353,19.3353,19.3353,464.0479,0.07292640,96.6766,89.2457,386.7066,394.1375,0.06077200,0.06193978,0.00303860,4.0427,11.0223,0.8902,60.4229,6.2777,795.4045,67.8750,,4.0427,2.2009,2.2009,4.4018,8.8036,11.0045,13.2054,2.2009,-2.2009,5.0,6.0,1.836849,24,68,15,8,0E-8,0.07596500,,0E-8,0.000000,0.940578,0.000000,,2026-03-22,2026-03-29,8,77,52,8,1.000000,,,0.000000,,,,,,,,GLOBAL_BASELINE_NO_ENTITY_RANKING,,,NOT_APPLICABLE_GLOBAL_BASELINE,HF9g-P5,,,,X 全窗基线 · 不参与实体赏罚,8398409,840,A168_HF9F_20260827_0900,2026-08-27 09:00:00
2026-03-26,147529118,1704,0,19.8080816973,-6.6026938992,-6.6026938992,0.3333333,6,3,0.38366240833187011,0.338262972222,-0.17926504855001324,-0.01804703189478701,-0.17926504855001324,0.04539943610987011,ELIGIBLE,R03b_20260811_FULL_v1,L1_ELIGIBILITY,v2026-08-11,2026-03-21..2026-08-06,baccarat_bet02_101_all_pairs_incl_sentinel,round_win = game_pnl > 0 (decisive only),COMPATIBILITY_ONLY_NOT_PRODUCTION,6363.2362,5985.1219,483.3832,1574,543,-0.07596500,,-0.07596500,-0.07596500,-483.3832,6363.2362,OK,0.0000,19.3353,4.0000,96.0000,AG03-UNRESOLVED,ALL5_LEVELS_bet23_to_bet27,19.3353,19.3353,19.3353,19.3353,19.3353,4.000000,4.000000,4.000000,4.000000,4.000000,96.000000,96.000000,96.000000,96.000000,96.000000,5.0,96.6766,89.2457,386.7066,394.1375,PENDING_AG03,FALSE,NOT_FOR_ENFORCEMENT,464.0479,5745.7171,483.3832,464.0479,19.3353,0.07596500,0.07292640,19.3353,464.0479,0.07292640,19.3353,19.3353,19.3353,19.3353,19.3353,464.0479,0.07292640,96.6766,89.2457,386.7066,394.1375,0.06077200,0.06193978,0.00303860,4.0427,11.0223,0.8902,60.4229,6.2777,795.4045,67.8750,,4.0427,2.2009,2.2009,4.4018,8.8036,11.0045,13.2054,2.2009,-2.2009,5.0,6.0,1.836849,24,68,15,8,0E-8,0.07596500,,0E-8,0.000000,0.940578,0.000000,,2026-03-22,2026-03-29,8,77,52,8,1.000000,,,0.000000,,,,,,,,GLOBAL_BASELINE_NO_ENTITY_RANKING,,,NOT_APPLICABLE_GLOBAL_BASELINE,HF9g-P5,,,,X 全窗基线 · 不参与实体赏罚,8398410,840,A168_HF9F_20260827_0900,2026-08-27 09:00:00
2026-03-26,147529118,1750,0,96.8395105207,-13.2053877984,-13.2053877984,0.3636364,21,11,0.33374779104228288,0.267124845455,0.2102194939597764,0.7234413838979759,0.2102194939597764,0.06662294558728288,ELIGIBLE,R03b_20260811_FULL_v1,L1_ELIGIBILITY,v2026-08-11,2026-03-21..2026-08-06,baccarat_bet02_101_all_pairs_incl_sentinel,round_win = game_pnl > 0 (decisive only),COMPATIBILITY_ONLY_NOT_PRODUCTION,6363.2362,5985.1219,483.3832,1574,543,-0.07596500,,-0.07596500,-0.07596500,-483.3832,6363.2362,OK,0.0000,19.3353,4.0000,96.0000,AG03-UNRESOLVED,ALL5_LEVELS_bet23_to_bet27,19.3353,19.3353,19.3353,19.3353,19.3353,4.000000,4.000000,4.000000,4.000000,4.000000,96.000000,96.000000,96.000000,96.000000,96.000000,5.0,96.6766,89.2457,386.7066,394.1375,PENDING_AG03,FALSE,NOT_FOR_ENFORCEMENT,464.0479,5745.7171,483.3832,464.0479,19.3353,0.07596500,0.07292640,19.3353,464.0479,0.07292640,19.3353,19.3353,19.3353,19.3353,19.3353,464.0479,0.07292640,96.6766,89.2457,386.7066,394.1375,0.06077200,0.06193978,0.00303860,4.0427,11.0223,0.8902,60.4229,6.2777,795.4045,67.8750,,4.0427,2.2009,2.2009,4.4018,8.8036,11.0045,13.2054,2.2009,-2.2009,5.0,6.0,1.836849,24,68,15,8,0E-8,0.07596500,,0E-8,0.000000,0.940578,0.000000,,2026-03-22,2026-03-29,8,77,52,8,1.000000,,,0.000000,,,,,,,,GLOBAL_BASELINE_NO_ENTITY_RANKING,,,NOT_APPLICABLE_GLOBAL_BASELINE,HF9g-P5,,,,X 全窗基线 · 不参与实体赏罚,8398411,840,A168_HF9F_20260827_0900,2026-08-27 09:00:00
2026-03-26,147529118,1935,0,20.9085306807,1.1004489831,1.1004489831,1.0000000,6,1,0.29486652105168278,0.139611233333,1.5464038938216966,2.4824881490686086,1.5464038938216966,0.15525528771868278,ELIGIBLE,R03b_20260811_FULL_v1,L1_ELIGIBILITY,v2026-08-11,2026-03-21..2026-08-06,baccarat_bet02_101_all_pairs_incl_sentinel,round_win = game_pnl > 0 (decisive only),COMPATIBILITY_ONLY_NOT_PRODUCTION,6363.2362,5985.1219,483.3832,1574,543,-0.07596500,,-0.07596500,-0.07596500,-483.3832,6363.2362,OK,0.0000,19.3353,4.0000,96.0000,AG03-UNRESOLVED,ALL5_LEVELS_bet23_to_bet27,19.3353,19.3353,19.3353,19.3353,19.3353,4.000000,4.000000,4.000000,4.000000,4.000000,96.000000,96.000000,96.000000,96.000000,96.000000,5.0,96.6766,89.2457,386.7066,394.1375,PENDING_AG03,FALSE,NOT_FOR_ENFORCEMENT,464.0479,5745.7171,483.3832,464.0479,19.3353,0.07596500,0.07292640,19.3353,464.0479,0.07292640,19.3353,19.3353,19.3353,19.3353,19.3353,464.0479,0.07292640,96.6766,89.2457,386.7066,394.1375,0.06077200,0.06193978,0.00303860,4.0427,11.0223,0.8902,60.4229,6.2777,795.4045,67.8750,,4.0427,2.2009,2.2009,4.4018,8.8036,11.0045,13.2054,2.2009,-2.2009,5.0,6.0,1.836849,24,68,15,8,0E-8,0.07596500,,0E-8,0.000000,0.940578,0.000000,,2026-03-22,2026-03-29,8,77,52,8,1.000000,,,0.000000,,,,,,,,GLOBAL_BASELINE_NO_ENTITY_RANKING,,,NOT_APPLICABLE_GLOBAL_BASELINE,HF9g-P5,,,,X 全窗基线 · 不参与实体赏罚,8398412,840,A168_HF9F_20260827_0900,2026-08-27 09:00:00
2026-03-26,147529118,1941,0,79.2323267898,3.4113918476,3.4113918476,0.6666667,17,6,0.38996733353092700,0.276691789445,1.3896104693088107,2.1352681479322593,1.3896104693088107,0.11327554408592700,ELIGIBLE,R03b_20260811_FULL_v1,L1_ELIGIBILITY,v2026-08-11,2026-03-21..2026-08-06,baccarat_bet02_101_all_pairs_incl_sentinel,round_win = game_pnl > 0 (decisive only),COMPATIBILITY_ONLY_NOT_PRODUCTION,6363.2362,5985.1219,483.3832,1574,543,-0.07596500,,-0.07596500,-0.07596500,-483.3832,6363.2362,OK,0.0000,19.3353,4.0000,96.0000,AG03-UNRESOLVED,ALL5_LEVELS_bet23_to_bet27,19.3353,19.3353,19.3353,19.3353,19.3353,4.000000,4.000000,4.000000,4.000000,4.000000,96.000000,96.000000,96.000000,96.000000,96.000000,5.0,96.6766,89.2457,386.7066,394.1375,PENDING_AG03,FALSE,NOT_FOR_ENFORCEMENT,464.0479,5745.7171,483.3832,464.0479,19.3353,0.07596500,0.07292640,19.3353,464.0479,0.07292640,19.3353,19.3353,19.3353,19.3353,19.3353,464.0479,0.07292640,96.6766,89.2457,386.7066,394.1375,0.06077200,0.06193978,0.00303860,4.0427,11.0223,0.8902,60.4229,6.2777,795.4045,67.8750,,4.0427,2.2009,2.2009,4.4018,8.8036,11.0045,13.2054,2.2009,-2.2009,5.0,6.0,1.836849,24,68,15,8,0E-8,0.07596500,,0E-8,0.000000,0.940578,0.000000,,2026-03-22,2026-03-29,8,77,52,8,1.000000,,,0.000000,,,,,,,,GLOBAL_BASELINE_NO_ENTITY_RANKING,,,NOT_APPLICABLE_GLOBAL_BASELINE,HF9g-P5,,,,X 全窗基线 · 不参与实体赏罚,8398413,840,A168_HF9F_20260827_0900,2026-08-27 09:00:00
2026-03-26,147529118,1949,0,50.8407430233,-22.0089796637,-22.0089796637,0.4285714,13,7,0.36477519571351672,0.303453576191,0.3506450245955057,0.7200242737800852,0.3506450245955057,0.06132161952251672,ELIGIBLE,R03b_20260811_FULL_v1,L1_ELIGIBILITY,v2026-08-11,2026-03-21..2026-08-06,baccarat_bet02_101_all_pairs_incl_sentinel,round_win = game_pnl > 0 (decisive only),COMPATIBILITY_ONLY_NOT_PRODUCTION,6363.2362,5985.1219,483.3832,1574,543,-0.07596500,,-0.07596500,-0.07596500,-483.3832,6363.2362,OK,0.0000,19.3353,4.0000,96.0000,AG03-UNRESOLVED,ALL5_LEVELS_bet23_to_bet27,19.3353,19.3353,19.3353,19.3353,19.3353,4.000000,4.000000,4.000000,4.000000,4.000000,96.000000,96.000000,96.000000,96.000000,96.000000,5.0,96.6766,89.2457,386.7066,394.1375,PENDING_AG03,FALSE,NOT_FOR_ENFORCEMENT,464.0479,5745.7171,483.3832,464.0479,19.3353,0.07596500,0.07292640,19.3353,464.0479,0.07292640,19.3353,19.3353,19.3353,19.3353,19.3353,464.0479,0.07292640,96.6766,89.2457,386.7066,394.1375,0.06077200,0.06193978,0.00303860,4.0427,11.0223,0.8902,60.4229,6.2777,795.4045,67.8750,,4.0427,2.2009,2.2009,4.4018,8.8036,11.0045,13.2054,2.2009,-2.2009,5.0,6.0,1.836849,24,68,15,8,0E-8,0.07596500,,0E-8,0.000000,0.940578,0.000000,,2026-03-22,2026-03-29,8,77,52,8,1.000000,,,0.000000,,,,,,,,GLOBAL_BASELINE_NO_ENTITY_RANKING,,,NOT_APPLICABLE_GLOBAL_BASELINE,HF9g-P5,,,,X 全窗基线 · 不参与实体赏罚,8398414,840,A168_HF9F_20260827_0900,2026-08-27 09:00:00
2026-03-26,147529118,2063,0,58.1037063124,-9.9040408488,-9.9040408488,0.3750000,15,8,0.36135521695416223,0.298206897917,0.08033684632677603,0.4747924614320583,0.08033684632677603,0.06314831903716223,ELIGIBLE,R03b_20260811_FULL_v1,L1_ELIGIBILITY,v2026-08-11,2026-03-21..2026-08-06,baccarat_bet02_101_all_pairs_incl_sentinel,round_win = game_pnl > 0 (decisive only),COMPATIBILITY_ONLY_NOT_PRODUCTION,6363.2362,5985.1219,483.3832,1574,543,-0.07596500,,-0.07596500,-0.07596500,-483.3832,6363.2362,OK,0.0000,19.3353,4.0000,96.0000,AG03-UNRESOLVED,ALL5_LEVELS_bet23_to_bet27,19.3353,19.3353,19.3353,19.3353,19.3353,4.000000,4.000000,4.000000,4.000000,4.000000,96.000000,96.000000,96.000000,96.000000,96.000000,5.0,96.6766,89.2457,386.7066,394.1375,PENDING_AG03,FALSE,NOT_FOR_ENFORCEMENT,464.0479,5745.7171,483.3832,464.0479,19.3353,0.07596500,0.07292640,19.3353,464.0479,0.07292640,19.3353,19.3353,19.3353,19.3353,19.3353,464.0479,0.07292640,96.6766,89.2457,386.7066,394.1375,0.06077200,0.06193978,0.00303860,4.0427,11.0223,0.8902,60.4229,6.2777,795.4045,67.8750,,4.0427,2.2009,2.2009,4.4018,8.8036,11.0045,13.2054,2.2009,-2.2009,5.0,6.0,1.836849,24,68,15,8,0E-8,0.07596500,,0E-8,0.000000,0.940578,0.000000,,2026-03-22,2026-03-29,8,77,52,8,1.000000,,,0.000000,,,,,,,,GLOBAL_BASELINE_NO_ENTITY_RANKING,,,NOT_APPLICABLE_GLOBAL_BASELINE,HF9g-P5,,,,X 全窗基线 · 不参与实体赏罚,8398415,840,A168_HF9F_20260827_0900,2026-08-27 09:00:00
2026-03-26,147529118,2093,0,31.9130205125,-7.7031428824,-7.7031428824,0.3333333,7,3,0.39318754318081504,0.255137283333,-0.2122404757216544,0.31068505391910184,-0.2122404757216544,0.13805025984781504,ELIGIBLE,R03b_20260811_FULL_v1,L1_ELIGIBILITY,v2026-08-11,2026-03-21..2026-08-06,baccarat_bet02_101_all_pairs_incl_sentinel,round_win = game_pnl > 0 (decisive only),COMPATIBILITY_ONLY_NOT_PRODUCTION,6363.2362,5985.1219,483.3832,1574,543,-0.07596500,,-0.07596500,-0.07596500,-483.3832,6363.2362,OK,0.0000,19.3353,4.0000,96.0000,AG03-UNRESOLVED,ALL5_LEVELS_bet23_to_bet27,19.3353,19.3353,19.3353,19.3353,19.3353,4.000000,4.000000,4.000000,4.000000,4.000000,96.000000,96.000000,96.000000,96.000000,96.000000,5.0,96.6766,89.2457,386.7066,394.1375,PENDING_AG03,FALSE,NOT_FOR_ENFORCEMENT,464.0479,5745.7171,483.3832,464.0479,19.3353,0.07596500,0.07292640,19.3353,464.0479,0.07292640,19.3353,19.3353,19.3353,19.3353,19.3353,464.0479,0.07292640,96.6766,89.2457,386.7066,394.1375,0.06077200,0.06193978,0.00303860,4.0427,11.0223,0.8902,60.4229,6.2777,795.4045,67.8750,,4.0427,2.2009,2.2009,4.4018,8.8036,11.0045,13.2054,2.2009,-2.2009,5.0,6.0,1.836849,24,68,15,8,0E-8,0.07596500,,0E-8,0.000000,0.940578,0.000000,,2026-03-22,2026-03-29,8,77,52,8,1.000000,,,0.000000,,,,,,,,GLOBAL_BASELINE_NO_ENTITY_RANKING,,,NOT_APPLICABLE_GLOBAL_BASELINE,HF9g-P5,,,,X 全窗基线 · 不参与实体赏罚,8398416,840,A168_HF9F_20260827_0900,2026-08-27 09:00:00
2026-03-26,147529118,2103,0,68.0077471610,32.9034245972,32.9034245972,0.8333333,17,7,0.36896076496227634,0.299903553571,2.3573491322275975,2.8515641102720113,2.3573491322275975,0.06905721139127634,ELIGIBLE,R03b_20260811_FULL_v1,L1_ELIGIBILITY,v2026-08-11,2026-03-21..2026-08-06,baccarat_bet02_101_all_pairs_incl_sentinel,round_win = game_pnl > 0 (decisive only),COMPATIBILITY_ONLY_NOT_PRODUCTION,6363.2362,5985.1219,483.3832,1574,543,-0.07596500,,-0.07596500,-0.07596500,-483.3832,6363.2362,OK,0.0000,19.3353,4.0000,96.0000,AG03-UNRESOLVED,ALL5_LEVELS_bet23_to_bet27,19.3353,19.3353,19.3353,19.3353,19.3353,4.000000,4.000000,4.000000,4.000000,4.000000,96.000000,96.000000,96.000000,96.000000,96.000000,5.0,96.6766,89.2457,386.7066,394.1375,PENDING_AG03,FALSE,NOT_FOR_ENFORCEMENT,464.0479,5745.7171,483.3832,464.0479,19.3353,0.07596500,0.07292640,19.3353,464.0479,0.07292640,19.3353,19.3353,19.3353,19.3353,19.3353,464.0479,0.07292640,96.6766,89.2457,386.7066,394.1375,0.06077200,0.06193978,0.00303860,4.0427,11.0223,0.8902,60.4229,6.2777,795.4045,67.8750,,4.0427,2.2009,2.2009,4.4018,8.8036,11.0045,13.2054,2.2009,-2.2009,5.0,6.0,1.836849,24,68,15,8,0E-8,0.07596500,,0E-8,0.000000,0.940578,0.000000,,2026-03-22,2026-03-29,8,77,52,8,1.000000,,,0.000000,,,,,,,,GLOBAL_BASELINE_NO_ENTITY_RANKING,,,NOT_APPLICABLE_GLOBAL_BASELINE,HF9g-P5,,,,X 全窗基线 · 不参与实体赏罚,8398417,840,A168_HF9F_20260827_0900,2026-08-27 09:00:00
2026-03-26,147529118,2123,0,45.1184083109,-14.6359714766,-14.6359714766,0.5000000,13,4,0.26429230333237606,0.163949242500,1.0690766693222062,1.8153645265775369,1.0690766693222062,0.10034306083237606,ELIGIBLE,R03b_20260811_FULL_v1,L1_ELIGIBILITY,v2026-08-11,2026-03-21..2026-08-06,baccarat_bet02_101_all_pairs_incl_sentinel,round_win = game_pnl > 0 (decisive only),COMPATIBILITY_ONLY_NOT_PRODUCTION,6363.2362,5985.1219,483.3832,1574,543,-0.07596500,,-0.07596500,-0.07596500,-483.3832,6363.2362,OK,0.0000,19.3353,4.0000,96.0000,AG03-UNRESOLVED,ALL5_LEVELS_bet23_to_bet27,19.3353,19.3353,19.3353,19.3353,19.3353,4.000000,4.000000,4.000000,4.000000,4.000000,96.000000,96.000000,96.000000,96.000000,96.000000,5.0,96.6766,89.2457,386.7066,394.1375,PENDING_AG03,FALSE,NOT_FOR_ENFORCEMENT,464.0479,5745.7171,483.3832,464.0479,19.3353,0.07596500,0.07292640,19.3353,464.0479,0.07292640,19.3353,19.3353,19.3353,19.3353,19.3353,464.0479,0.07292640,96.6766,89.2457,386.7066,394.1375,0.06077200,0.06193978,0.00303860,4.0427,11.0223,0.8902,60.4229,6.2777,795.4045,67.8750,,4.0427,2.2009,2.2009,4.4018,8.8036,11.0045,13.2054,2.2009,-2.2009,5.0,6.0,1.836849,24,68,15,8,0E-8,0.07596500,,0E-8,0.000000,0.940578,0.000000,,2026-03-22,2026-03-29,8,77,52,8,1.000000,,,0.000000,,,,,,,,GLOBAL_BASELINE_NO_ENTITY_RANKING,,,NOT_APPLICABLE_GLOBAL_BASELINE,HF9g-P5,,,,X 全窗基线 · 不参与实体赏罚,8398418,840,A168_HF9F_20260827_0900,2026-08-27 09:00:00
2026-03-26,147529118,2141,0,30.5924817328,-30.5924817328,-30.5924817328,0E-7,8,2,0.33197994564186178,0.187870743334,-0.9969564153126588,-0.6801927469674539,-0.9969564153126588,0.14410920230786178,ELIGIBLE,R03b_20260811_FULL_v1,L1_ELIGIBILITY,v2026-08-11,2026-03-21..2026-08-06,baccarat_bet02_101_all_pairs_incl_sentinel,round_win = game_pnl > 0 (decisive only),COMPATIBILITY_ONLY_NOT_PRODUCTION,6363.2362,5985.1219,483.3832,1574,543,-0.07596500,,-0.07596500,-0.07596500,-483.3832,6363.2362,OK,0.0000,19.3353,4.0000,96.0000,AG03-UNRESOLVED,ALL5_LEVELS_bet23_to_bet27,19.3353,19.3353,19.3353,19.3353,19.3353,4.000000,4.000000,4.000000,4.000000,4.000000,96.000000,96.000000,96.000000,96.000000,96.000000,5.0,96.6766,89.2457,386.7066,394.1375,PENDING_AG03,FALSE,NOT_FOR_ENFORCEMENT,464.0479,5745.7171,483.3832,464.0479,19.3353,0.07596500,0.07292640,19.3353,464.0479,0.07292640,19.3353,19.3353,19.3353,19.3353,19.3353,464.0479,0.07292640,96.6766,89.2457,386.7066,394.1375,0.06077200,0.06193978,0.00303860,4.0427,11.0223,0.8902,60.4229,6.2777,795.4045,67.8750,,4.0427,2.2009,2.2009,4.4018,8.8036,11.0045,13.2054,2.2009,-2.2009,5.0,6.0,1.836849,24,68,15,8,0E-8,0.07596500,,0E-8,0.000000,0.940578,0.000000,,2026-03-22,2026-03-29,8,77,52,8,1.000000,,,0.000000,,,,,,,,GLOBAL_BASELINE_NO_ENTITY_RANKING,,,NOT_APPLICABLE_GLOBAL_BASELINE,HF9g-P5,,,,X 全窗基线 · 不参与实体赏罚,8398419,840,A168_HF9F_20260827_0900,2026-08-27 09:00:00
2026-03-26,147529118,2156,0,342.2396337711,72.6296328902,72.6296328902,0.6666667,68,13,0.30268048921970986,0.159889042820,2.7445262719730463,4.789943360788247,2.7445262719730463,0.14279144639970986,ELIGIBLE,R03b_20260811_FULL_v1,L1_ELIGIBILITY,v2026-08-11,2026-03-21..2026-08-06,baccarat_bet02_101_all_pairs_incl_sentinel,round_win = game_pnl > 0 (decisive only),COMPATIBILITY_ONLY_NOT_PRODUCTION,6363.2362,5985.1219,483.3832,1574,543,-0.07596500,,-0.07596500,-0.07596500,-483.3832,6363.2362,OK,0.0000,19.3353,4.0000,96.0000,AG03-UNRESOLVED,ALL5_LEVELS_bet23_to_bet27,19.3353,19.3353,19.3353,19.3353,19.3353,4.000000,4.000000,4.000000,4.000000,4.000000,96.000000,96.000000,96.000000,96.000000,96.000000,5.0,96.6766,89.2457,386.7066,394.1375,PENDING_AG03,FALSE,NOT_FOR_ENFORCEMENT,464.0479,5745.7171,483.3832,464.0479,19.3353,0.07596500,0.07292640,19.3353,464.0479,0.07292640,19.3353,19.3353,19.3353,19.3353,19.3353,464.0479,0.07292640,96.6766,89.2457,386.7066,394.1375,0.06077200,0.06193978,0.00303860,4.0427,11.0223,0.8902,60.4229,6.2777,795.4045,67.8750,,4.0427,2.2009,2.2009,4.4018,8.8036,11.0045,13.2054,2.2009,-2.2009,5.0,6.0,1.836849,24,68,15,8,0E-8,0.07596500,,0E-8,0.000000,0.940578,0.000000,,2026-03-22,2026-03-29,8,77,52,8,1.000000,,,0.000000,,,,,,,,GLOBAL_BASELINE_NO_ENTITY_RANKING,,,NOT_APPLICABLE_GLOBAL_BASELINE,HF9g-P5,,,,X 全窗基线 · 不参与实体赏罚,8398420,840,A168_HF9F_20260827_0900,2026-08-27 09:00:00
2026-03-26,147529118,2160,0,59.4242450922,-16.5067347479,-16.5067347479,0.2857143,13,7,0.31923545142825779,0.272366045238,-0.1902453761632214,0.0793304798356642,-0.1902453761632214,0.04686940619025779,ELIGIBLE,R03b_20260811_FULL_v1,L1_ELIGIBILITY,v2026-08-11,2026-03-21..2026-08-06,baccarat_bet02_101_all_pairs_incl_sentinel,round_win = game_pnl > 0 (decisive only),COMPATIBILITY_ONLY_NOT_PRODUCTION,6363.2362,5985.1219,483.3832,1574,543,-0.07596500,,-0.07596500,-0.07596500,-483.3832,6363.2362,OK,0.0000,19.3353,4.0000,96.0000,AG03-UNRESOLVED,ALL5_LEVELS_bet23_to_bet27,19.3353,19.3353,19.3353,19.3353,19.3353,4.000000,4.000000,4.000000,4.000000,4.000000,96.000000,96.000000,96.000000,96.000000,96.000000,5.0,96.6766,89.2457,386.7066,394.1375,PENDING_AG03,FALSE,NOT_FOR_ENFORCEMENT,464.0479,5745.7171,483.3832,464.0479,19.3353,0.07596500,0.07292640,19.3353,464.0479,0.07292640,19.3353,19.3353,19.3353,19.3353,19.3353,464.0479,0.07292640,96.6766,89.2457,386.7066,394.1375,0.06077200,0.06193978,0.00303860,4.0427,11.0223,0.8902,60.4229,6.2777,795.4045,67.8750,,4.0427,2.2009,2.2009,4.4018,8.8036,11.0045,13.2054,2.2009,-2.2009,5.0,6.0,1.836849,24,68,15,8,0E-8,0.07596500,,0E-8,0.000000,0.940578,0.000000,,2026-03-22,2026-03-29,8,77,52,8,1.000000,,,0.000000,,,,,,,,GLOBAL_BASELINE_NO_ENTITY_RANKING,,,NOT_APPLICABLE_GLOBAL_BASELINE,HF9g-P5,,,,X 全窗基线 · 不参与实体赏罚,8398421,840,A168_HF9F_20260827_0900,2026-08-27 09:00:00
2026-03-26,147529118,2171,0,3.9616163395,-3.9616163395,-3.9616163395,0E-7,1,1,0.09460280000000000,0.094602800000,-0.32324545095860213,-0.32324545095860213,-0.32324545095860213,0E-17,ELIGIBLE,R03b_20260811_FULL_v1,L1_ELIGIBILITY,v2026-08-11,2026-03-21..2026-08-06,baccarat_bet02_101_all_pairs_incl_sentinel,round_win = game_pnl > 0 (decisive only),COMPATIBILITY_ONLY_NOT_PRODUCTION,6363.2362,5985.1219,483.3832,1574,543,-0.07596500,,-0.07596500,-0.07596500,-483.3832,6363.2362,OK,0.0000,19.3353,4.0000,96.0000,AG03-UNRESOLVED,ALL5_LEVELS_bet23_to_bet27,19.3353,19.3353,19.3353,19.3353,19.3353,4.000000,4.000000,4.000000,4.000000,4.000000,96.000000,96.000000,96.000000,96.000000,96.000000,5.0,96.6766,89.2457,386.7066,394.1375,PENDING_AG03,FALSE,NOT_FOR_ENFORCEMENT,464.0479,5745.7171,483.3832,464.0479,19.3353,0.07596500,0.07292640,19.3353,464.0479,0.07292640,19.3353,19.3353,19.3353,19.3353,19.3353,464.0479,0.07292640,96.6766,89.2457,386.7066,394.1375,0.06077200,0.06193978,0.00303860,4.0427,11.0223,0.8902,60.4229,6.2777,795.4045,67.8750,,4.0427,2.2009,2.2009,4.4018,8.8036,11.0045,13.2054,2.2009,-2.2009,5.0,6.0,1.836849,24,68,15,8,0E-8,0.07596500,,0E-8,0.000000,0.940578,0.000000,,2026-03-22,2026-03-29,8,77,52,8,1.000000,,,0.000000,,,,,,,,GLOBAL_BASELINE_NO_ENTITY_RANKING,,,NOT_APPLICABLE_GLOBAL_BASELINE,HF9g-P5,,,,X 全窗基线 · 不参与实体赏罚,8398422,840,A168_HF9F_20260827_0900,2026-08-27 09:00:00
2026-03-26,147529118,2174,0,26.4107755964,-4.9520204243,-4.9520204243,0.5000000,6,4,0.43646203333246923,0.391854687500,0.2562291182346588,0.44306912814679733,0.2562291182346588,0.04460734583246923,ELIGIBLE,R03b_20260811_FULL_v1,L1_ELIGIBILITY,v2026-08-11,2026-03-21..2026-08-06,baccarat_bet02_101_all_pairs_incl_sentinel,round_win = game_pnl > 0 (decisive only),COMPATIBILITY_ONLY_NOT_PRODUCTION,6363.2362,5985.1219,483.3832,1574,543,-0.07596500,,-0.07596500,-0.07596500,-483.3832,6363.2362,OK,0.0000,19.3353,4.0000,96.0000,AG03-UNRESOLVED,ALL5_LEVELS_bet23_to_bet27,19.3353,19.3353,19.3353,19.3353,19.3353,4.000000,4.000000,4.000000,4.000000,4.000000,96.000000,96.000000,96.000000,96.000000,96.000000,5.0,96.6766,89.2457,386.7066,394.1375,PENDING_AG03,FALSE,NOT_FOR_ENFORCEMENT,464.0479,5745.7171,483.3832,464.0479,19.3353,0.07596500,0.07292640,19.3353,464.0479,0.07292640,19.3353,19.3353,19.3353,19.3353,19.3353,464.0479,0.07292640,96.6766,89.2457,386.7066,394.1375,0.06077200,0.06193978,0.00303860,4.0427,11.0223,0.8902,60.4229,6.2777,795.4045,67.8750,,4.0427,2.2009,2.2009,4.4018,8.8036,11.0045,13.2054,2.2009,-2.2009,5.0,6.0,1.836849,24,68,15,8,0E-8,0.07596500,,0E-8,0.000000,0.940578,0.000000,,2026-03-22,2026-03-29,8,77,52,8,1.000000,,,0.000000,,,,,,,,GLOBAL_BASELINE_NO_ENTITY_RANKING,,,NOT_APPLICABLE_GLOBAL_BASELINE,HF9g-P5,,,,X 全窗基线 · 不参与实体赏罚,8398423,840,A168_HF9F_20260827_0900,2026-08-27 09:00:00
2026-03-26,147529118,2177,0,190.8178536851,20.4023241475,20.4023241475,0.6190476,54,21,0.36654075245648557,0.297545818810,2.401388166696983,3.222605393369582,2.401388166696983,0.06899493364648557,ELIGIBLE,R03b_20260811_FULL_v1,L1_ELIGIBILITY,v2026-08-11,2026-03-21..2026-08-06,baccarat_bet02_101_all_pairs_incl_sentinel,round_win = game_pnl > 0 (decisive only),COMPATIBILITY_ONLY_NOT_PRODUCTION,6363.2362,5985.1219,483.3832,1574,543,-0.07596500,,-0.07596500,-0.07596500,-483.3832,6363.2362,OK,0.0000,19.3353,4.0000,96.0000,AG03-UNRESOLVED,ALL5_LEVELS_bet23_to_bet27,19.3353,19.3353,19.3353,19.3353,19.3353,4.000000,4.000000,4.000000,4.000000,4.000000,96.000000,96.000000,96.000000,96.000000,96.000000,5.0,96.6766,89.2457,386.7066,394.1375,PENDING_AG03,FALSE,NOT_FOR_ENFORCEMENT,464.0479,5745.7171,483.3832,464.0479,19.3353,0.07596500,0.07292640,19.3353,464.0479,0.07292640,19.3353,19.3353,19.3353,19.3353,19.3353,464.0479,0.07292640,96.6766,89.2457,386.7066,394.1375,0.06077200,0.06193978,0.00303860,4.0427,11.0223,0.8902,60.4229,6.2777,795.4045,67.8750,,4.0427,2.2009,2.2009,4.4018,8.8036,11.0045,13.2054,2.2009,-2.2009,5.0,6.0,1.836849,24,68,15,8,0E-8,0.07596500,,0E-8,0.000000,0.940578,0.000000,,2026-03-22,2026-03-29,8,77,52,8,1.000000,,,0.000000,,,,,,,,GLOBAL_BASELINE_NO_ENTITY_RANKING,,,NOT_APPLICABLE_GLOBAL_BASELINE,HF9g-P5,,,,X 全窗基线 · 不参与实体赏罚,8398424,840,A168_HF9F_20260827_0900,2026-08-27 09:00:00
2026-03-26,147529118,2248,0,275.1122457974,-92.8778941817,-92.8778941817,0.5000000,62,14,0.30819686973305363,0.162202320595,1.5542265926492747,3.428645399170891,1.5542265926492747,0.14599454913805363,ELIGIBLE,R03b_20260811_FULL_v1,L1_ELIGIBILITY,v2026-08-11,2026-03-21..2026-08-06,baccarat_bet02_101_all_pairs_incl_sentinel,round_win = game_pnl > 0 (decisive only),COMPATIBILITY_ONLY_NOT_PRODUCTION,6363.2362,5985.1219,483.3832,1574,543,-0.07596500,,-0.07596500,-0.07596500,-483.3832,6363.2362,OK,0.0000,19.3353,4.0000,96.0000,AG03-UNRESOLVED,ALL5_LEVELS_bet23_to_bet27,19.3353,19.3353,19.3353,19.3353,19.3353,4.000000,4.000000,4.000000,4.000000,4.000000,96.000000,96.000000,96.000000,96.000000,96.000000,5.0,96.6766,89.2457,386.7066,394.1375,PENDING_AG03,FALSE,NOT_FOR_ENFORCEMENT,464.0479,5745.7171,483.3832,464.0479,19.3353,0.07596500,0.07292640,19.3353,464.0479,0.07292640,19.3353,19.3353,19.3353,19.3353,19.3353,464.0479,0.07292640,96.6766,89.2457,386.7066,394.1375,0.06077200,0.06193978,0.00303860,4.0427,11.0223,0.8902,60.4229,6.2777,795.4045,67.8750,,4.0427,2.2009,2.2009,4.4018,8.8036,11.0045,13.2054,2.2009,-2.2009,5.0,6.0,1.836849,24,68,15,8,0E-8,0.07596500,,0E-8,0.000000,0.940578,0.000000,,2026-03-22,2026-03-29,8,77,52,8,1.000000,,,0.000000,,,,,,,,GLOBAL_BASELINE_NO_ENTITY_RANKING,,,NOT_APPLICABLE_GLOBAL_BASELINE,HF9g-P5,,,,X 全窗基线 · 不参与实体赏罚,8398425,840,A168_HF9F_20260827_0900,2026-08-27 09:00:00
2026-03-26,147529118,550,0,19.8080816974,11.0044898318,11.0044898318,1.0000000,4,2,0.40062244999904142,0.287416500000,1.7298067706611968,2.2267785570143643,1.7298067706611968,0.11320594999904142,ELIGIBLE,R03b_20260811_FULL_v1,L1_ELIGIBILITY,v2026-08-11,2026-03-21..2026-08-06,baccarat_bet02_101_all_pairs_incl_sentinel,round_win = game_pnl > 0 (decisive only),COMPATIBILITY_ONLY_NOT_PRODUCTION,6363.2362,5985.1219,483.3832,1574,543,-0.07596500,,-0.07596500,-0.07596500,-483.3832,6363.2362,OK,0.0000,19.3353,4.0000,96.0000,AG03-UNRESOLVED,ALL5_LEVELS_bet23_to_bet27,19.3353,19.3353,19.3353,19.3353,19.3353,4.000000,4.000000,4.000000,4.000000,4.000000,96.000000,96.000000,96.000000,96.000000,96.000000,5.0,96.6766,89.2457,386.7066,394.1375,PENDING_AG03,FALSE,NOT_FOR_ENFORCEMENT,464.0479,5745.7171,483.3832,464.0479,19.3353,0.07596500,0.07292640,19.3353,464.0479,0.07292640,19.3353,19.3353,19.3353,19.3353,19.3353,464.0479,0.07292640,96.6766,89.2457,386.7066,394.1375,0.06077200,0.06193978,0.00303860,4.0427,11.0223,0.8902,60.4229,6.2777,795.4045,67.8750,,4.0427,2.2009,2.2009,4.4018,8.8036,11.0045,13.2054,2.2009,-2.2009,5.0,6.0,1.836849,24,68,15,8,0E-8,0.07596500,,0E-8,0.000000,0.940578,0.000000,,2026-03-22,2026-03-29,8,77,52,8,1.000000,,,0.000000,,,,,,,,GLOBAL_BASELINE_NO_ENTITY_RANKING,,,NOT_APPLICABLE_GLOBAL_BASELINE,HF9g-P5,,,,X 全窗基线 · 不参与实体赏罚,8398426,840,A168_HF9F_20260827_0900,2026-08-27 09:00:00
2026-03-26,147529118,763,0,32.3532001056,-32.3532001056,-32.3532001056,0E-7,7,5,0.44842820166595186,0.410670760000,-2.016185256371459,-1.8666070354519315,-2.016185256371459,0.03775744166595186,ELIGIBLE,R03b_20260811_FULL_v1,L1_ELIGIBILITY,v2026-08-11,2026-03-21..2026-08-06,baccarat_bet02_101_all_pairs_incl_sentinel,round_win = game_pnl > 0 (decisive only),COMPATIBILITY_ONLY_NOT_PRODUCTION,6363.2362,5985.1219,483.3832,1574,543,-0.07596500,,-0.07596500,-0.07596500,-483.3832,6363.2362,OK,0.0000,19.3353,4.0000,96.0000,AG03-UNRESOLVED,ALL5_LEVELS_bet23_to_bet27,19.3353,19.3353,19.3353,19.3353,19.3353,4.000000,4.000000,4.000000,4.000000,4.000000,96.000000,96.000000,96.000000,96.000000,96.000000,5.0,96.6766,89.2457,386.7066,394.1375,PENDING_AG03,FALSE,NOT_FOR_ENFORCEMENT,464.0479,5745.7171,483.3832,464.0479,19.3353,0.07596500,0.07292640,19.3353,464.0479,0.07292640,19.3353,19.3353,19.3353,19.3353,19.3353,464.0479,0.07292640,96.6766,89.2457,386.7066,394.1375,0.06077200,0.06193978,0.00303860,4.0427,11.0223,0.8902,60.4229,6.2777,795.4045,67.8750,,4.0427,2.2009,2.2009,4.4018,8.8036,11.0045,13.2054,2.2009,-2.2009,5.0,6.0,1.836849,24,68,15,8,0E-8,0.07596500,,0E-8,0.000000,0.940578,0.000000,,2026-03-22,2026-03-29,8,77,52,8,1.000000,,,0.000000,,,,,,,,GLOBAL_BASELINE_NO_ENTITY_RANKING,,,NOT_APPLICABLE_GLOBAL_BASELINE,HF9g-P5,,,,X 全窗基线 · 不参与实体赏罚,8398427,840,A168_HF9F_20260827_0900,2026-08-27 09:00:00
2026-03-26,147529118,789,0,12.9852980017,-0.5392200018,-0.5392200018,0E-7,4,1,0.28343137796507029,0.177402200000,-0.6289195147768516,-0.46439306844574846,-0.6289195147768516,0.10602917796507029,ELIGIBLE,R03b_20260811_FULL_v1,L1_ELIGIBILITY,v2026-08-11,2026-03-21..2026-08-06,baccarat_bet02_101_all_pairs_incl_sentinel,round_win = game_pnl > 0 (decisive only),COMPATIBILITY_ONLY_NOT_PRODUCTION,6363.2362,5985.1219,483.3832,1574,543,-0.07596500,,-0.07596500,-0.07596500,-483.3832,6363.2362,OK,0.0000,19.3353,4.0000,96.0000,AG03-UNRESOLVED,ALL5_LEVELS_bet23_to_bet27,19.3353,19.3353,19.3353,19.3353,19.3353,4.000000,4.000000,4.000000,4.000000,4.000000,96.000000,96.000000,96.000000,96.000000,96.000000,5.0,96.6766,89.2457,386.7066,394.1375,PENDING_AG03,FALSE,NOT_FOR_ENFORCEMENT,464.0479,5745.7171,483.3832,464.0479,19.3353,0.07596500,0.07292640,19.3353,464.0479,0.07292640,19.3353,19.3353,19.3353,19.3353,19.3353,464.0479,0.07292640,96.6766,89.2457,386.7066,394.1375,0.06077200,0.06193978,0.00303860,4.0427,11.0223,0.8902,60.4229,6.2777,795.4045,67.8750,,4.0427,2.2009,2.2009,4.4018,8.8036,11.0045,13.2054,2.2009,-2.2009,5.0,6.0,1.836849,24,68,15,8,0E-8,0.07596500,,0E-8,0.000000,0.940578,0.000000,,2026-03-22,2026-03-29,8,77,52,8,1.000000,,,0.000000,,,,,,,,GLOBAL_BASELINE_NO_ENTITY_RANKING,,,NOT_APPLICABLE_GLOBAL_BASELINE,HF9g-P5,,,,X 全窗基线 · 不参与实体赏罚,8398428,840,A168_HF9F_20260827_0900,2026-08-27 09:00:00
2026-03-26,147529118,919,0,33.0134694955,-9.1337265604,-9.1337265604,0.3333333,7,5,0.45324235833268366,0.418918030000,-0.4172053058008823,-0.3004509051554316,-0.4172053058008823,0.03432432833268366,ELIGIBLE,R03b_20260811_FULL_v1,L1_ELIGIBILITY,v2026-08-11,2026-03-21..2026-08-06,baccarat_bet02_101_all_pairs_incl_sentinel,round_win = game_pnl > 0 (decisive only),COMPATIBILITY_ONLY_NOT_PRODUCTION,6363.2362,5985.1219,483.3832,1574,543,-0.07596500,,-0.07596500,-0.07596500,-483.3832,6363.2362,OK,0.0000,19.3353,4.0000,96.0000,AG03-UNRESOLVED,ALL5_LEVELS_bet23_to_bet27,19.3353,19.3353,19.3353,19.3353,19.3353,4.000000,4.000000,4.000000,4.000000,4.000000,96.000000,96.000000,96.000000,96.000000,96.000000,5.0,96.6766,89.2457,386.7066,394.1375,PENDING_AG03,FALSE,NOT_FOR_ENFORCEMENT,464.0479,5745.7171,483.3832,464.0479,19.3353,0.07596500,0.07292640,19.3353,464.0479,0.07292640,19.3353,19.3353,19.3353,19.3353,19.3353,464.0479,0.07292640,96.6766,89.2457,386.7066,394.1375,0.06077200,0.06193978,0.00303860,4.0427,11.0223,0.8902,60.4229,6.2777,795.4045,67.8750,,4.0427,2.2009,2.2009,4.4018,8.8036,11.0045,13.2054,2.2009,-2.2009,5.0,6.0,1.836849,24,68,15,8,0E-8,0.07596500,,0E-8,0.000000,0.940578,0.000000,,2026-03-22,2026-03-29,8,77,52,8,1.000000,,,0.000000,,,,,,,,GLOBAL_BASELINE_NO_ENTITY_RANKING,,,NOT_APPLICABLE_GLOBAL_BASELINE,HF9g-P5,,,,X 全窗基线 · 不参与实体赏罚,8398429,840,A168_HF9F_20260827_0900,2026-08-27 09:00:00
2026-03-26,147529118,986,0,44.0179593276,3.6314816443,3.6314816443,0.6666667,12,4,0.36244145845129807,0.273410577083,1.0961673329900679,1.528213008789986,1.0961673329900679,0.08903088136829807,ELIGIBLE,R03b_20260811_FULL_v1,L1_ELIGIBILITY,v2026-08-11,2026-03-21..2026-08-06,baccarat_bet02_101_all_pairs_incl_sentinel,round_win = game_pnl > 0 (decisive only),COMPATIBILITY_ONLY_NOT_PRODUCTION,6363.2362,5985.1219,483.3832,1574,543,-0.07596500,,-0.07596500,-0.07596500,-483.3832,6363.2362,OK,0.0000,19.3353,4.0000,96.0000,AG03-UNRESOLVED,ALL5_LEVELS_bet23_to_bet27,19.3353,19.3353,19.3353,19.3353,19.3353,4.000000,4.000000,4.000000,4.000000,4.000000,96.000000,96.000000,96.000000,96.000000,96.000000,5.0,96.6766,89.2457,386.7066,394.1375,PENDING_AG03,FALSE,NOT_FOR_ENFORCEMENT,464.0479,5745.7171,483.3832,464.0479,19.3353,0.07596500,0.07292640,19.3353,464.0479,0.07292640,19.3353,19.3353,19.3353,19.3353,19.3353,464.0479,0.07292640,96.6766,89.2457,386.7066,394.1375,0.06077200,0.06193978,0.00303860,4.0427,11.0223,0.8902,60.4229,6.2777,795.4045,67.8750,,4.0427,2.2009,2.2009,4.4018,8.8036,11.0045,13.2054,2.2009,-2.2009,5.0,6.0,1.836849,24,68,15,8,0E-8,0.07596500,,0E-8,0.000000,0.940578,0.000000,,2026-03-22,2026-03-29,8,77,52,8,1.000000,,,0.000000,,,,,,,,GLOBAL_BASELINE_NO_ENTITY_RANKING,,,NOT_APPLICABLE_GLOBAL_BASELINE,HF9g-P5,,,,X 全窗基线 · 不参与实体赏罚,8398430,840,A168_HF9F_20260827_0900,2026-08-27 09:00:00
2026-03-27,147529118,-1,1,224.9317721643,-56.6731226347,-56.6731226347,0.3571429,54,15,0.31436493983944605,0.208395708667,0.34476255734588235,1.3702954353185328,0.34476255734588235,0.10596923117244605,SENTINEL_DEALER,R03b_20260811_FULL_v1,L1_ELIGIBILITY,v2026-08-11,2026-03-21..2026-08-06,baccarat_bet02_101_all_pairs_incl_sentinel,round_win = game_pnl > 0 (decisive only),COMPATIBILITY_ONLY_NOT_PRODUCTION,6363.2362,5985.1219,483.3832,1574,543,-0.07596500,,-0.07596500,-0.07596500,-483.3832,6363.2362,OK,0.0000,19.3353,4.0000,96.0000,AG03-UNRESOLVED,ALL5_LEVELS_bet23_to_bet27,19.3353,19.3353,19.3353,19.3353,19.3353,4.000000,4.000000,4.000000,4.000000,4.000000,96.000000,96.000000,96.000000,96.000000,96.000000,5.0,96.6766,89.2457,386.7066,394.1375,PENDING_AG03,FALSE,NOT_FOR_ENFORCEMENT,464.0479,5745.7171,483.3832,464.0479,19.3353,0.07596500,0.07292640,19.3353,464.0479,0.07292640,19.3353,19.3353,19.3353,19.3353,19.3353,464.0479,0.07292640,96.6766,89.2457,386.7066,394.1375,0.06077200,0.06193978,0.00303860,4.0427,11.0223,0.8902,60.4229,6.2777,795.4045,67.8750,,4.0427,2.2009,2.2009,4.4018,8.8036,11.0045,13.2054,2.2009,-2.2009,5.0,6.0,1.836849,24,68,15,8,0E-8,0.07596500,,0E-8,0.000000,0.940578,0.000000,,2026-03-22,2026-03-29,8,77,52,8,1.000000,,,0.000000,,,,,,,,GLOBAL_BASELINE_NO_ENTITY_RANKING,,,NOT_APPLICABLE_GLOBAL_BASELINE,HF9g-P5,,,,X 全窗基线 · 不参与实体赏罚,8398431,840,A168_HF9F_20260827_0900,2026-08-27 09:00:00
2026-03-27,147529118,1109,0,146.3597147645,8.8035918647,8.8035918647,0.6666667,39,12,0.32504891871254424,0.222048108194,2.5265071802706225,3.70576862454642,2.5265071802706225,0.10300081051854424,ELIGIBLE,R03b_20260811_FULL_v1,L1_ELIGIBILITY,v2026-08-11,2026-03-21..2026-08-06,baccarat_bet02_101_all_pairs_incl_sentinel,round_win = game_pnl > 0 (decisive only),COMPATIBILITY_ONLY_NOT_PRODUCTION,6363.2362,5985.1219,483.3832,1574,543,-0.07596500,,-0.07596500,-0.07596500,-483.3832,6363.2362,OK,0.0000,19.3353,4.0000,96.0000,AG03-UNRESOLVED,ALL5_LEVELS_bet23_to_bet27,19.3353,19.3353,19.3353,19.3353,19.3353,4.000000,4.000000,4.000000,4.000000,4.000000,96.000000,96.000000,96.000000,96.000000,96.000000,5.0,96.6766,89.2457,386.7066,394.1375,PENDING_AG03,FALSE,NOT_FOR_ENFORCEMENT,464.0479,5745.7171,483.3832,464.0479,19.3353,0.07596500,0.07292640,19.3353,464.0479,0.07292640,19.3353,19.3353,19.3353,19.3353,19.3353,464.0479,0.07292640,96.6766,89.2457,386.7066,394.1375,0.06077200,0.06193978,0.00303860,4.0427,11.0223,0.8902,60.4229,6.2777,795.4045,67.8750,,4.0427,2.2009,2.2009,4.4018,8.8036,11.0045,13.2054,2.2009,-2.2009,5.0,6.0,1.836849,24,68,15,8,0E-8,0.07596500,,0E-8,0.000000,0.940578,0.000000,,2026-03-22,2026-03-29,8,77,52,8,1.000000,,,0.000000,,,,,,,,GLOBAL_BASELINE_NO_ENTITY_RANKING,,,NOT_APPLICABLE_GLOBAL_BASELINE,HF9g-P5,,,,X 全窗基线 · 不参与实体赏罚,8398432,840,A168_HF9F_20260827_0900,2026-08-27 09:00:00
2026-03-27,147529118,1210,0,63.1657716351,-10.1461396252,-10.1461396252,0.6666667,17,6,0.34621705017345630,0.231458547222,1.6498496170736585,2.5275651251216193,1.6498496170736585,0.11475850295145630,ELIGIBLE,R03b_20260811_FULL_v1,L1_ELIGIBILITY,v2026-08-11,2026-03-21..2026-08-06,baccarat_bet02_101_all_pairs_incl_sentinel,round_win = game_pnl > 0 (decisive only),COMPATIBILITY_ONLY_NOT_PRODUCTION,6363.2362,5985.1219,483.3832,1574,543,-0.07596500,,-0.07596500,-0.07596500,-483.3832,6363.2362,OK,0.0000,19.3353,4.0000,96.0000,AG03-UNRESOLVED,ALL5_LEVELS_bet23_to_bet27,19.3353,19.3353,19.3353,19.3353,19.3353,4.000000,4.000000,4.000000,4.000000,4.000000,96.000000,96.000000,96.000000,96.000000,96.000000,5.0,96.6766,89.2457,386.7066,394.1375,PENDING_AG03,FALSE,NOT_FOR_ENFORCEMENT,464.0479,5745.7171,483.3832,464.0479,19.3353,0.07596500,0.07292640,19.3353,464.0479,0.07292640,19.3353,19.3353,19.3353,19.3353,19.3353,464.0479,0.07292640,96.6766,89.2457,386.7066,394.1375,0.06077200,0.06193978,0.00303860,4.0427,11.0223,0.8902,60.4229,6.2777,795.4045,67.8750,,4.0427,2.2009,2.2009,4.4018,8.8036,11.0045,13.2054,2.2009,-2.2009,5.0,6.0,1.836849,24,68,15,8,0E-8,0.07596500,,0E-8,0.000000,0.940578,0.000000,,2026-03-22,2026-03-29,8,77,52,8,1.000000,,,0.000000,,,,,,,,GLOBAL_BASELINE_NO_ENTITY_RANKING,,,NOT_APPLICABLE_GLOBAL_BASELINE,HF9g-P5,,,,X 全窗基线 · 不参与实体赏罚,8398433,840,A168_HF9F_20260827_0900,2026-08-27 09:00:00
2026-03-27,147529118,1304,0,8.8035918655,-8.8035918655,-8.8035918655,0E-7,2,1,0.39358482499886795,0.293924150000,-0.8056272404004694,-0.6451964315166089,-0.8056272404004694,0.09966067499886795,ELIGIBLE,R03b_20260811_FULL_v1,L1_ELIGIBILITY,v2026-08-11,2026-03-21..2026-08-06,baccarat_bet02_101_all_pairs_incl_sentinel,round_win = game_pnl > 0 (decisive only),COMPATIBILITY_ONLY_NOT_PRODUCTION,6363.2362,5985.1219,483.3832,1574,543,-0.07596500,,-0.07596500,-0.07596500,-483.3832,6363.2362,OK,0.0000,19.3353,4.0000,96.0000,AG03-UNRESOLVED,ALL5_LEVELS_bet23_to_bet27,19.3353,19.3353,19.3353,19.3353,19.3353,4.000000,4.000000,4.000000,4.000000,4.000000,96.000000,96.000000,96.000000,96.000000,96.000000,5.0,96.6766,89.2457,386.7066,394.1375,PENDING_AG03,FALSE,NOT_FOR_ENFORCEMENT,464.0479,5745.7171,483.3832,464.0479,19.3353,0.07596500,0.07292640,19.3353,464.0479,0.07292640,19.3353,19.3353,19.3353,19.3353,19.3353,464.0479,0.07292640,96.6766,89.2457,386.7066,394.1375,0.06077200,0.06193978,0.00303860,4.0427,11.0223,0.8902,60.4229,6.2777,795.4045,67.8750,,4.0427,2.2009,2.2009,4.4018,8.8036,11.0045,13.2054,2.2009,-2.2009,5.0,6.0,1.836849,24,68,15,8,0E-8,0.07596500,,0E-8,0.000000,0.940578,0.000000,,2026-03-22,2026-03-29,8,77,52,8,1.000000,,,0.000000,,,,,,,,GLOBAL_BASELINE_NO_ENTITY_RANKING,,,NOT_APPLICABLE_GLOBAL_BASELINE,HF9g-P5,,,,X 全窗基线 · 不参与实体赏罚,8398434,840,A168_HF9F_20260827_0900,2026-08-27 09:00:00
2026-03-27,147529118,1382,0,19.8080816973,-15.4062857646,-15.4062857646,0E-7,4,3,0.45183904444368198,0.426667416667,-1.5725282511545402,-1.4941770258115505,-1.5725282511545402,0.02517162777668198,ELIGIBLE,R03b_20260811_FULL_v1,L1_ELIGIBILITY,v2026-08-11,2026-03-21..2026-08-06,baccarat_bet02_101_all_pairs_incl_sentinel,round_win = game_pnl > 0 (decisive only),COMPATIBILITY_ONLY_NOT_PRODUCTION,6363.2362,5985.1219,483.3832,1574,543,-0.07596500,,-0.07596500,-0.07596500,-483.3832,6363.2362,OK,0.0000,19.3353,4.0000,96.0000,AG03-UNRESOLVED,ALL5_LEVELS_bet23_to_bet27,19.3353,19.3353,19.3353,19.3353,19.3353,4.000000,4.000000,4.000000,4.000000,4.000000,96.000000,96.000000,96.000000,96.000000,96.000000,5.0,96.6766,89.2457,386.7066,394.1375,PENDING_AG03,FALSE,NOT_FOR_ENFORCEMENT,464.0479,5745.7171,483.3832,464.0479,19.3353,0.07596500,0.07292640,19.3353,464.0479,0.07292640,19.3353,19.3353,19.3353,19.3353,19.3353,464.0479,0.07292640,96.6766,89.2457,386.7066,394.1375,0.06077200,0.06193978,0.00303860,4.0427,11.0223,0.8902,60.4229,6.2777,795.4045,67.8750,,4.0427,2.2009,2.2009,4.4018,8.8036,11.0045,13.2054,2.2009,-2.2009,5.0,6.0,1.836849,24,68,15,8,0E-8,0.07596500,,0E-8,0.000000,0.940578,0.000000,,2026-03-22,2026-03-29,8,77,52,8,1.000000,,,0.000000,,,,,,,,GLOBAL_BASELINE_NO_ENTITY_RANKING,,,NOT_APPLICABLE_GLOBAL_BASELINE,HF9g-P5,,,,X 全窗基线 · 不参与实体赏罚,8398435,840,A168_HF9F_20260827_0900,2026-08-27 09:00:00
2026-03-27,147529118,1509,0,128.7525310336,34.1139184783,34.1139184783,0.5714286,32,7,0.31578200209663694,0.171315069048,1.4551174712027595,2.8095691392529987,1.4551174712027595,0.14446693304863694,ELIGIBLE,R03b_20260811_FULL_v1,L1_ELIGIBILITY,v2026-08-11,2026-03-21..2026-08-06,baccarat_bet02_101_all_pairs_incl_sentinel,round_win = game_pnl > 0 (decisive only),COMPATIBILITY_ONLY_NOT_PRODUCTION,6363.2362,5985.1219,483.3832,1574,543,-0.07596500,,-0.07596500,-0.07596500,-483.3832,6363.2362,OK,0.0000,19.3353,4.0000,96.0000,AG03-UNRESOLVED,ALL5_LEVELS_bet23_to_bet27,19.3353,19.3353,19.3353,19.3353,19.3353,4.000000,4.000000,4.000000,4.000000,4.000000,96.000000,96.000000,96.000000,96.000000,96.000000,5.0,96.6766,89.2457,386.7066,394.1375,PENDING_AG03,FALSE,NOT_FOR_ENFORCEMENT,464.0479,5745.7171,483.3832,464.0479,19.3353,0.07596500,0.07292640,19.3353,464.0479,0.07292640,19.3353,19.3353,19.3353,19.3353,19.3353,464.0479,0.07292640,96.6766,89.2457,386.7066,394.1375,0.06077200,0.06193978,0.00303860,4.0427,11.0223,0.8902,60.4229,6.2777,795.4045,67.8750,,4.0427,2.2009,2.2009,4.4018,8.8036,11.0045,13.2054,2.2009,-2.2009,5.0,6.0,1.836849,24,68,15,8,0E-8,0.07596500,,0E-8,0.000000,0.940578,0.000000,,2026-03-22,2026-03-29,8,77,52,8,1.000000,,,0.000000,,,,,,,,GLOBAL_BASELINE_NO_ENTITY_RANKING,,,NOT_APPLICABLE_GLOBAL_BASELINE,HF9g-P5,,,,X 全窗基线 · 不参与实体赏罚,8398436,840,A168_HF9F_20260827_0900,2026-08-27 09:00:00
2026-03-27,147529118,1645,0,7.9232326789,7.9232326789,7.9232326789,1.0000000,1,1,0.49324550000000000,0.493245500000,1.01360149184955,1.01360149184955,1.01360149184955,0E-17,ELIGIBLE,R03b_20260811_FULL_v1,L1_ELIGIBILITY,v2026-08-11,2026-03-21..2026-08-06,baccarat_bet02_101_all_pairs_incl_sentinel,round_win = game_pnl > 0 (decisive only),COMPATIBILITY_ONLY_NOT_PRODUCTION,6363.2362,5985.1219,483.3832,1574,543,-0.07596500,,-0.07596500,-0.07596500,-483.3832,6363.2362,OK,0.0000,19.3353,4.0000,96.0000,AG03-UNRESOLVED,ALL5_LEVELS_bet23_to_bet27,19.3353,19.3353,19.3353,19.3353,19.3353,4.000000,4.000000,4.000000,4.000000,4.000000,96.000000,96.000000,96.000000,96.000000,96.000000,5.0,96.6766,89.2457,386.7066,394.1375,PENDING_AG03,FALSE,NOT_FOR_ENFORCEMENT,464.0479,5745.7171,483.3832,464.0479,19.3353,0.07596500,0.07292640,19.3353,464.0479,0.07292640,19.3353,19.3353,19.3353,19.3353,19.3353,464.0479,0.07292640,96.6766,89.2457,386.7066,394.1375,0.06077200,0.06193978,0.00303860,4.0427,11.0223,0.8902,60.4229,6.2777,795.4045,67.8750,,4.0427,2.2009,2.2009,4.4018,8.8036,11.0045,13.2054,2.2009,-2.2009,5.0,6.0,1.836849,24,68,15,8,0E-8,0.07596500,,0E-8,0.000000,0.940578,0.000000,,2026-03-22,2026-03-29,8,77,52,8,1.000000,,,0.000000,,,,,,,,GLOBAL_BASELINE_NO_ENTITY_RANKING,,,NOT_APPLICABLE_GLOBAL_BASELINE,HF9g-P5,,,,X 全窗基线 · 不参与实体赏罚,8398437,840,A168_HF9F_20260827_0900,2026-08-27 09:00:00
2026-03-27,147529118,1704,0,119.9489391676,-3.5214367468,-3.5214367468,0.4166667,31,12,0.36744565855867599,0.281139665972,0.353667902491472,1.044318875700375,0.353667902491472,0.08630599258667599,ELIGIBLE,R03b_20260811_FULL_v1,L1_ELIGIBILITY,v2026-08-11,2026-03-21..2026-08-06,baccarat_bet02_101_all_pairs_incl_sentinel,round_win = game_pnl > 0 (decisive only),COMPATIBILITY_ONLY_NOT_PRODUCTION,6363.2362,5985.1219,483.3832,1574,543,-0.07596500,,-0.07596500,-0.07596500,-483.3832,6363.2362,OK,0.0000,19.3353,4.0000,96.0000,AG03-UNRESOLVED,ALL5_LEVELS_bet23_to_bet27,19.3353,19.3353,19.3353,19.3353,19.3353,4.000000,4.000000,4.000000,4.000000,4.000000,96.000000,96.000000,96.000000,96.000000,96.000000,5.0,96.6766,89.2457,386.7066,394.1375,PENDING_AG03,FALSE,NOT_FOR_ENFORCEMENT,464.0479,5745.7171,483.3832,464.0479,19.3353,0.07596500,0.07292640,19.3353,464.0479,0.07292640,19.3353,19.3353,19.3353,19.3353,19.3353,464.0479,0.07292640,96.6766,89.2457,386.7066,394.1375,0.06077200,0.06193978,0.00303860,4.0427,11.0223,0.8902,60.4229,6.2777,795.4045,67.8750,,4.0427,2.2009,2.2009,4.4018,8.8036,11.0045,13.2054,2.2009,-2.2009,5.0,6.0,1.836849,24,68,15,8,0E-8,0.07596500,,0E-8,0.000000,0.940578,0.000000,,2026-03-22,2026-03-29,8,77,52,8,1.000000,,,0.000000,,,,,,,,GLOBAL_BASELINE_NO_ENTITY_RANKING,,,NOT_APPLICABLE_GLOBAL_BASELINE,HF9g-P5,,,,X 全窗基线 · 不参与实体赏罚,8398438,840,A168_HF9F_20260827_0900,2026-08-27 09:00:00
2026-03-27,147529118,1947,0,184.8754291763,-15.7364204605,-15.7364204605,0.5384615,49,13,0.33189723309563807,0.206185852179,1.5816249304162953,2.961293077183348,1.5816249304162953,0.12571138091663807,ELIGIBLE,R03b_20260811_FULL_v1,L1_ELIGIBILITY,v2026-08-11,2026-03-21..2026-08-06,baccarat_bet02_101_all_pairs_incl_sentinel,round_win = game_pnl > 0 (decisive only),COMPATIBILITY_ONLY_NOT_PRODUCTION,6363.2362,5985.1219,483.3832,1574,543,-0.07596500,,-0.07596500,-0.07596500,-483.3832,6363.2362,OK,0.0000,19.3353,4.0000,96.0000,AG03-UNRESOLVED,ALL5_LEVELS_bet23_to_bet27,19.3353,19.3353,19.3353,19.3353,19.3353,4.000000,4.000000,4.000000,4.000000,4.000000,96.000000,96.000000,96.000000,96.000000,96.000000,5.0,96.6766,89.2457,386.7066,394.1375,PENDING_AG03,FALSE,NOT_FOR_ENFORCEMENT,464.0479,5745.7171,483.3832,464.0479,19.3353,0.07596500,0.07292640,19.3353,464.0479,0.07292640,19.3353,19.3353,19.3353,19.3353,19.3353,464.0479,0.07292640,96.6766,89.2457,386.7066,394.1375,0.06077200,0.06193978,0.00303860,4.0427,11.0223,0.8902,60.4229,6.2777,795.4045,67.8750,,4.0427,2.2009,2.2009,4.4018,8.8036,11.0045,13.2054,2.2009,-2.2009,5.0,6.0,1.836849,24,68,15,8,0E-8,0.07596500,,0E-8,0.000000,0.940578,0.000000,,2026-03-22,2026-03-29,8,77,52,8,1.000000,,,0.000000,,,,,,,,GLOBAL_BASELINE_NO_ENTITY_RANKING,,,NOT_APPLICABLE_GLOBAL_BASELINE,HF9g-P5,,,,X 全窗基线 · 不参与实体赏罚,8398439,840,A168_HF9F_20260827_0900,2026-08-27 09:00:00
2026-03-27,147529118,1991,0,161.7660005294,-32.4632450047,-32.4632450047,0.5000000,39,10,0.31669795193469527,0.192735208833,1.2460582036993961,2.4633394567804485,1.2460582036993961,0.12396274310169527,ELIGIBLE,R03b_20260811_FULL_v1,L1_ELIGIBILITY,v2026-08-11,2026-03-21..2026-08-06,baccarat_bet02_101_all_pairs_incl_sentinel,round_win = game_pnl > 0 (decisive only),COMPATIBILITY_ONLY_NOT_PRODUCTION,6363.2362,5985.1219,483.3832,1574,543,-0.07596500,,-0.07596500,-0.07596500,-483.3832,6363.2362,OK,0.0000,19.3353,4.0000,96.0000,AG03-UNRESOLVED,ALL5_LEVELS_bet23_to_bet27,19.3353,19.3353,19.3353,19.3353,19.3353,4.000000,4.000000,4.000000,4.000000,4.000000,96.000000,96.000000,96.000000,96.000000,96.000000,5.0,96.6766,89.2457,386.7066,394.1375,PENDING_AG03,FALSE,NOT_FOR_ENFORCEMENT,464.0479,5745.7171,483.3832,464.0479,19.3353,0.07596500,0.07292640,19.3353,464.0479,0.07292640,19.3353,19.3353,19.3353,19.3353,19.3353,464.0479,0.07292640,96.6766,89.2457,386.7066,394.1375,0.06077200,0.06193978,0.00303860,4.0427,11.0223,0.8902,60.4229,6.2777,795.4045,67.8750,,4.0427,2.2009,2.2009,4.4018,8.8036,11.0045,13.2054,2.2009,-2.2009,5.0,6.0,1.836849,24,68,15,8,0E-8,0.07596500,,0E-8,0.000000,0.940578,0.000000,,2026-03-22,2026-03-29,8,77,52,8,1.000000,,,0.000000,,,,,,,,GLOBAL_BASELINE_NO_ENTITY_RANKING,,,NOT_APPLICABLE_GLOBAL_BASELINE,HF9g-P5,,,,X 全窗基线 · 不参与实体赏罚,8398440,840,A168_HF9F_20260827_0900,2026-08-27 09:00:00
2026-03-27,147529118,2115,0,17.6071837310,-0.4401795933,-0.4401795933,0.5000000,4,2,0.42785333333278739,0.355758566667,0.20621968655388614,0.426091644238112,0.20621968655388614,0.07209476666578739,ELIGIBLE,R03b_20260811_FULL_v1,L1_ELIGIBILITY,v2026-08-11,2026-03-21..2026-08-06,baccarat_bet02_101_all_pairs_incl_sentinel,round_win = game_pnl > 0 (decisive only),COMPATIBILITY_ONLY_NOT_PRODUCTION,6363.2362,5985.1219,483.3832,1574,543,-0.07596500,,-0.07596500,-0.07596500,-483.3832,6363.2362,OK,0.0000,19.3353,4.0000,96.0000,AG03-UNRESOLVED,ALL5_LEVELS_bet23_to_bet27,19.3353,19.3353,19.3353,19.3353,19.3353,4.000000,4.000000,4.000000,4.000000,4.000000,96.000000,96.000000,96.000000,96.000000,96.000000,5.0,96.6766,89.2457,386.7066,394.1375,PENDING_AG03,FALSE,NOT_FOR_ENFORCEMENT,464.0479,5745.7171,483.3832,464.0479,19.3353,0.07596500,0.07292640,19.3353,464.0479,0.07292640,19.3353,19.3353,19.3353,19.3353,19.3353,464.0479,0.07292640,96.6766,89.2457,386.7066,394.1375,0.06077200,0.06193978,0.00303860,4.0427,11.0223,0.8902,60.4229,6.2777,795.4045,67.8750,,4.0427,2.2009,2.2009,4.4018,8.8036,11.0045,13.2054,2.2009,-2.2009,5.0,6.0,1.836849,24,68,15,8,0E-8,0.07596500,,0E-8,0.000000,0.940578,0.000000,,2026-03-22,2026-03-29,8,77,52,8,1.000000,,,0.000000,,,,,,,,GLOBAL_BASELINE_NO_ENTITY_RANKING,,,NOT_APPLICABLE_GLOBAL_BASELINE,HF9g-P5,,,,X 全窗基线 · 不参与实体赏罚,8398441,840,A168_HF9F_20260827_0900,2026-08-27 09:00:00
2026-03-27,147529118,2129,0,99.0404084872,-28.9418082582,-28.9418082582,0.4000000,24,10,0.33400221033260456,0.246772565333,0.4425051469207733,1.1238931592893828,0.4425051469207733,0.08722964499960456,ELIGIBLE,R03b_20260811_FULL_v1,L1_ELIGIBILITY,v2026-08-11,2026-03-21..2026-08-06,baccarat_bet02_101_all_pairs_incl_sentinel,round_win = game_pnl > 0 (decisive only),COMPATIBILITY_ONLY_NOT_PRODUCTION,6363.2362,5985.1219,483.3832,1574,543,-0.07596500,,-0.07596500,-0.07596500,-483.3832,6363.2362,OK,0.0000,19.3353,4.0000,96.0000,AG03-UNRESOLVED,ALL5_LEVELS_bet23_to_bet27,19.3353,19.3353,19.3353,19.3353,19.3353,4.000000,4.000000,4.000000,4.000000,4.000000,96.000000,96.000000,96.000000,96.000000,96.000000,5.0,96.6766,89.2457,386.7066,394.1375,PENDING_AG03,FALSE,NOT_FOR_ENFORCEMENT,464.0479,5745.7171,483.3832,464.0479,19.3353,0.07596500,0.07292640,19.3353,464.0479,0.07292640,19.3353,19.3353,19.3353,19.3353,19.3353,464.0479,0.07292640,96.6766,89.2457,386.7066,394.1375,0.06077200,0.06193978,0.00303860,4.0427,11.0223,0.8902,60.4229,6.2777,795.4045,67.8750,,4.0427,2.2009,2.2009,4.4018,8.8036,11.0045,13.2054,2.2009,-2.2009,5.0,6.0,1.836849,24,68,15,8,0E-8,0.07596500,,0E-8,0.000000,0.940578,0.000000,,2026-03-22,2026-03-29,8,77,52,8,1.000000,,,0.000000,,,,,,,,GLOBAL_BASELINE_NO_ENTITY_RANKING,,,NOT_APPLICABLE_GLOBAL_BASELINE,HF9g-P5,,,,X 全窗基线 · 不参与实体赏罚,8398442,840,A168_HF9F_20260827_0900,2026-08-27 09:00:00
2026-03-27,147529118,2134,0,4.4017959328,-4.4017959328,-4.4017959328,0E-7,2,1,0.07469835000000000,0.074698350000,-0.2841278703448948,-0.28412787034489473,-0.2841278703448948,0E-17,ELIGIBLE,R03b_20260811_FULL_v1,L1_ELIGIBILITY,v2026-08-11,2026-03-21..2026-08-06,baccarat_bet02_101_all_pairs_incl_sentinel,round_win = game_pnl > 0 (decisive only),COMPATIBILITY_ONLY_NOT_PRODUCTION,6363.2362,5985.1219,483.3832,1574,543,-0.07596500,,-0.07596500,-0.07596500,-483.3832,6363.2362,OK,0.0000,19.3353,4.0000,96.0000,AG03-UNRESOLVED,ALL5_LEVELS_bet23_to_bet27,19.3353,19.3353,19.3353,19.3353,19.3353,4.000000,4.000000,4.000000,4.000000,4.000000,96.000000,96.000000,96.000000,96.000000,96.000000,5.0,96.6766,89.2457,386.7066,394.1375,PENDING_AG03,FALSE,NOT_FOR_ENFORCEMENT,464.0479,5745.7171,483.3832,464.0479,19.3353,0.07596500,0.07292640,19.3353,464.0479,0.07292640,19.3353,19.3353,19.3353,19.3353,19.3353,464.0479,0.07292640,96.6766,89.2457,386.7066,394.1375,0.06077200,0.06193978,0.00303860,4.0427,11.0223,0.8902,60.4229,6.2777,795.4045,67.8750,,4.0427,2.2009,2.2009,4.4018,8.8036,11.0045,13.2054,2.2009,-2.2009,5.0,6.0,1.836849,24,68,15,8,0E-8,0.07596500,,0E-8,0.000000,0.940578,0.000000,,2026-03-22,2026-03-29,8,77,52,8,1.000000,,,0.000000,,,,,,,,GLOBAL_BASELINE_NO_ENTITY_RANKING,,,NOT_APPLICABLE_GLOBAL_BASELINE,HF9g-P5,,,,X 全窗基线 · 不参与实体赏罚,8398443,840,A168_HF9F_20260827_0900,2026-08-27 09:00:00
2026-03-27,147529118,2145,0,66.9072981779,-47.3193062773,-47.3193062773,0.1428571,18,7,0.36960113353354601,0.303493530238,-1.2428263340964931,-0.924390880679109,-1.2428263340964931,0.06610760329554601,ELIGIBLE,R03b_20260811_FULL_v1,L1_ELIGIBILITY,v2026-08-11,2026-03-21..2026-08-06,baccarat_bet02_101_all_pairs_incl_sentinel,round_win = game_pnl > 0 (decisive only),COMPATIBILITY_ONLY_NOT_PRODUCTION,6363.2362,5985.1219,483.3832,1574,543,-0.07596500,,-0.07596500,-0.07596500,-483.3832,6363.2362,OK,0.0000,19.3353,4.0000,96.0000,AG03-UNRESOLVED,ALL5_LEVELS_bet23_to_bet27,19.3353,19.3353,19.3353,19.3353,19.3353,4.000000,4.000000,4.000000,4.000000,4.000000,96.000000,96.000000,96.000000,96.000000,96.000000,5.0,96.6766,89.2457,386.7066,394.1375,PENDING_AG03,FALSE,NOT_FOR_ENFORCEMENT,464.0479,5745.7171,483.3832,464.0479,19.3353,0.07596500,0.07292640,19.3353,464.0479,0.07292640,19.3353,19.3353,19.3353,19.3353,19.3353,464.0479,0.07292640,96.6766,89.2457,386.7066,394.1375,0.06077200,0.06193978,0.00303860,4.0427,11.0223,0.8902,60.4229,6.2777,795.4045,67.8750,,4.0427,2.2009,2.2009,4.4018,8.8036,11.0045,13.2054,2.2009,-2.2009,5.0,6.0,1.836849,24,68,15,8,0E-8,0.07596500,,0E-8,0.000000,0.940578,0.000000,,2026-03-22,2026-03-29,8,77,52,8,1.000000,,,0.000000,,,,,,,,GLOBAL_BASELINE_NO_ENTITY_RANKING,,,NOT_APPLICABLE_GLOBAL_BASELINE,HF9g-P5,,,,X 全窗基线 · 不参与实体赏罚,8398444,840,A168_HF9F_20260827_0900,2026-08-27 09:00:00
2026-03-27,147529118,2167,0,15.4062857646,-2.5310326613,-2.5310326613,0.5000000,2,2,0.50665070000000000,0.506650700000,-0.018812684590367487,-0.018812684590367487,-0.018812684590367487,0E-17,ELIGIBLE,R03b_20260811_FULL_v1,L1_ELIGIBILITY,v2026-08-11,2026-03-21..2026-08-06,baccarat_bet02_101_all_pairs_incl_sentinel,round_win = game_pnl > 0 (decisive only),COMPATIBILITY_ONLY_NOT_PRODUCTION,6363.2362,5985.1219,483.3832,1574,543,-0.07596500,,-0.07596500,-0.07596500,-483.3832,6363.2362,OK,0.0000,19.3353,4.0000,96.0000,AG03-UNRESOLVED,ALL5_LEVELS_bet23_to_bet27,19.3353,19.3353,19.3353,19.3353,19.3353,4.000000,4.000000,4.000000,4.000000,4.000000,96.000000,96.000000,96.000000,96.000000,96.000000,5.0,96.6766,89.2457,386.7066,394.1375,PENDING_AG03,FALSE,NOT_FOR_ENFORCEMENT,464.0479,5745.7171,483.3832,464.0479,19.3353,0.07596500,0.07292640,19.3353,464.0479,0.07292640,19.3353,19.3353,19.3353,19.3353,19.3353,464.0479,0.07292640,96.6766,89.2457,386.7066,394.1375,0.06077200,0.06193978,0.00303860,4.0427,11.0223,0.8902,60.4229,6.2777,795.4045,67.8750,,4.0427,2.2009,2.2009,4.4018,8.8036,11.0045,13.2054,2.2009,-2.2009,5.0,6.0,1.836849,24,68,15,8,0E-8,0.07596500,,0E-8,0.000000,0.940578,0.000000,,2026-03-22,2026-03-29,8,77,52,8,1.000000,,,0.000000,,,,,,,,GLOBAL_BASELINE_NO_ENTITY_RANKING,,,NOT_APPLICABLE_GLOBAL_BASELINE,HF9g-P5,,,,X 全窗基线 · 不参与实体赏罚,8398445,840,A168_HF9F_20260827_0900,2026-08-27 09:00:00
2026-03-27,147529118,2177,0,26.4107755964,-26.4107755964,-26.4107755964,0E-7,5,1,0.25447408333442520,0.160842320000,-0.584238814797272,-0.4378026415079444,-0.584238814797272,0.09363176333442520,ELIGIBLE,R03b_20260811_FULL_v1,L1_ELIGIBILITY,v2026-08-11,2026-03-21..2026-08-06,baccarat_bet02_101_all_pairs_incl_sentinel,round_win = game_pnl > 0 (decisive only),COMPATIBILITY_ONLY_NOT_PRODUCTION,6363.2362,5985.1219,483.3832,1574,543,-0.07596500,,-0.07596500,-0.07596500,-483.3832,6363.2362,OK,0.0000,19.3353,4.0000,96.0000,AG03-UNRESOLVED,ALL5_LEVELS_bet23_to_bet27,19.3353,19.3353,19.3353,19.3353,19.3353,4.000000,4.000000,4.000000,4.000000,4.000000,96.000000,96.000000,96.000000,96.000000,96.000000,5.0,96.6766,89.2457,386.7066,394.1375,PENDING_AG03,FALSE,NOT_FOR_ENFORCEMENT,464.0479,5745.7171,483.3832,464.0479,19.3353,0.07596500,0.07292640,19.3353,464.0479,0.07292640,19.3353,19.3353,19.3353,19.3353,19.3353,464.0479,0.07292640,96.6766,89.2457,386.7066,394.1375,0.06077200,0.06193978,0.00303860,4.0427,11.0223,0.8902,60.4229,6.2777,795.4045,67.8750,,4.0427,2.2009,2.2009,4.4018,8.8036,11.0045,13.2054,2.2009,-2.2009,5.0,6.0,1.836849,24,68,15,8,0E-8,0.07596500,,0E-8,0.000000,0.940578,0.000000,,2026-03-22,2026-03-29,8,77,52,8,1.000000,,,0.000000,,,,,,,,GLOBAL_BASELINE_NO_ENTITY_RANKING,,,NOT_APPLICABLE_GLOBAL_BASELINE,HF9g-P5,,,,X 全窗基线 · 不参与实体赏罚,8398446,840,A168_HF9F_20260827_0900,2026-08-27 09:00:00
2026-03-27,147529118,2223,0,283.9158376627,72.7396777878,72.7396777878,0.5000000,70,14,0.29593646663428322,0.168912208214,1.6727238628349457,3.306383415826376,1.6727238628349457,0.12702425842028322,ELIGIBLE,R03b_20260811_FULL_v1,L1_ELIGIBILITY,v2026-08-11,2026-03-21..2026-08-06,baccarat_bet02_101_all_pairs_incl_sentinel,round_win = game_pnl > 0 (decisive only),COMPATIBILITY_ONLY_NOT_PRODUCTION,6363.2362,5985.1219,483.3832,1574,543,-0.07596500,,-0.07596500,-0.07596500,-483.3832,6363.2362,OK,0.0000,19.3353,4.0000,96.0000,AG03-UNRESOLVED,ALL5_LEVELS_bet23_to_bet27,19.3353,19.3353,19.3353,19.3353,19.3353,4.000000,4.000000,4.000000,4.000000,4.000000,96.000000,96.000000,96.000000,96.000000,96.000000,5.0,96.6766,89.2457,386.7066,394.1375,PENDING_AG03,FALSE,NOT_FOR_ENFORCEMENT,464.0479,5745.7171,483.3832,464.0479,19.3353,0.07596500,0.07292640,19.3353,464.0479,0.07292640,19.3353,19.3353,19.3353,19.3353,19.3353,464.0479,0.07292640,96.6766,89.2457,386.7066,394.1375,0.06077200,0.06193978,0.00303860,4.0427,11.0223,0.8902,60.4229,6.2777,795.4045,67.8750,,4.0427,2.2009,2.2009,4.4018,8.8036,11.0045,13.2054,2.2009,-2.2009,5.0,6.0,1.836849,24,68,15,8,0E-8,0.07596500,,0E-8,0.000000,0.940578,0.000000,,2026-03-22,2026-03-29,8,77,52,8,1.000000,,,0.000000,,,,,,,,GLOBAL_BASELINE_NO_ENTITY_RANKING,,,NOT_APPLICABLE_GLOBAL_BASELINE,HF9g-P5,,,,X 全窗基线 · 不参与实体赏罚,8398447,840,A168_HF9F_20260827_0900,2026-08-27 09:00:00
2026-03-27,147529118,2241,0,23.1094286470,11.6647592217,11.6647592217,1.0000000,5,2,0.39565159727182824,0.238997675000,1.7478422189257607,2.5235455699768647,1.7478422189257607,0.15665392227182824,ELIGIBLE,R03b_20260811_FULL_v1,L1_ELIGIBILITY,v2026-08-11,2026-03-21..2026-08-06,baccarat_bet02_101_all_pairs_incl_sentinel,round_win = game_pnl > 0 (decisive only),COMPATIBILITY_ONLY_NOT_PRODUCTION,6363.2362,5985.1219,483.3832,1574,543,-0.07596500,,-0.07596500,-0.07596500,-483.3832,6363.2362,OK,0.0000,19.3353,4.0000,96.0000,AG03-UNRESOLVED,ALL5_LEVELS_bet23_to_bet27,19.3353,19.3353,19.3353,19.3353,19.3353,4.000000,4.000000,4.000000,4.000000,4.000000,96.000000,96.000000,96.000000,96.000000,96.000000,5.0,96.6766,89.2457,386.7066,394.1375,PENDING_AG03,FALSE,NOT_FOR_ENFORCEMENT,464.0479,5745.7171,483.3832,464.0479,19.3353,0.07596500,0.07292640,19.3353,464.0479,0.07292640,19.3353,19.3353,19.3353,19.3353,19.3353,464.0479,0.07292640,96.6766,89.2457,386.7066,394.1375,0.06077200,0.06193978,0.00303860,4.0427,11.0223,0.8902,60.4229,6.2777,795.4045,67.8750,,4.0427,2.2009,2.2009,4.4018,8.8036,11.0045,13.2054,2.2009,-2.2009,5.0,6.0,1.836849,24,68,15,8,0E-8,0.07596500,,0E-8,0.000000,0.940578,0.000000,,2026-03-22,2026-03-29,8,77,52,8,1.000000,,,0.000000,,,,,,,,GLOBAL_BASELINE_NO_ENTITY_RANKING,,,NOT_APPLICABLE_GLOBAL_BASELINE,HF9g-P5,,,,X 全窗基线 · 不参与实体赏罚,8398448,840,A168_HF9F_20260827_0900,2026-08-27 09:00:00
2026-03-27,147529118,2244,0,248.7014702009,28.9418082572,28.9418082572,0.6666667,56,13,0.33376917718372623,0.196986744359,2.445488744732069,4.090842508040838,2.445488744732069,0.13678243282472623,ELIGIBLE,R03b_20260811_FULL_v1,L1_ELIGIBILITY,v2026-08-11,2026-03-21..2026-08-06,baccarat_bet02_101_all_pairs_incl_sentinel,round_win = game_pnl > 0 (decisive only),COMPATIBILITY_ONLY_NOT_PRODUCTION,6363.2362,5985.1219,483.3832,1574,543,-0.07596500,,-0.07596500,-0.07596500,-483.3832,6363.2362,OK,0.0000,19.3353,4.0000,96.0000,AG03-UNRESOLVED,ALL5_LEVELS_bet23_to_bet27,19.3353,19.3353,19.3353,19.3353,19.3353,4.000000,4.000000,4.000000,4.000000,4.000000,96.000000,96.000000,96.000000,96.000000,96.000000,5.0,96.6766,89.2457,386.7066,394.1375,PENDING_AG03,FALSE,NOT_FOR_ENFORCEMENT,464.0479,5745.7171,483.3832,464.0479,19.3353,0.07596500,0.07292640,19.3353,464.0479,0.07292640,19.3353,19.3353,19.3353,19.3353,19.3353,464.0479,0.07292640,96.6766,89.2457,386.7066,394.1375,0.06077200,0.06193978,0.00303860,4.0427,11.0223,0.8902,60.4229,6.2777,795.4045,67.8750,,4.0427,2.2009,2.2009,4.4018,8.8036,11.0045,13.2054,2.2009,-2.2009,5.0,6.0,1.836849,24,68,15,8,0E-8,0.07596500,,0E-8,0.000000,0.940578,0.000000,,2026-03-22,2026-03-29,8,77,52,8,1.000000,,,0.000000,,,,,,,,GLOBAL_BASELINE_NO_ENTITY_RANKING,,,NOT_APPLICABLE_GLOBAL_BASELINE,HF9g-P5,,,,X 全窗基线 · 不参与实体赏罚,8398449,840,A168_HF9F_20260827_0900,2026-08-27 09:00:00
2026-03-27,147529118,2251,0,84.7345717058,-8.4734571709,-8.4734571709,0.6666667,20,6,0.36085691545222173,0.225277558333,1.5597693829996038,2.588005554462864,1.5597693829996038,0.13557935711922173,ELIGIBLE,R03b_20260811_FULL_v1,L1_ELIGIBILITY,v2026-08-11,2026-03-21..2026-08-06,baccarat_bet02_101_all_pairs_incl_sentinel,round_win = game_pnl > 0 (decisive only),COMPATIBILITY_ONLY_NOT_PRODUCTION,6363.2362,5985.1219,483.3832,1574,543,-0.07596500,,-0.07596500,-0.07596500,-483.3832,6363.2362,OK,0.0000,19.3353,4.0000,96.0000,AG03-UNRESOLVED,ALL5_LEVELS_bet23_to_bet27,19.3353,19.3353,19.3353,19.3353,19.3353,4.000000,4.000000,4.000000,4.000000,4.000000,96.000000,96.000000,96.000000,96.000000,96.000000,5.0,96.6766,89.2457,386.7066,394.1375,PENDING_AG03,FALSE,NOT_FOR_ENFORCEMENT,464.0479,5745.7171,483.3832,464.0479,19.3353,0.07596500,0.07292640,19.3353,464.0479,0.07292640,19.3353,19.3353,19.3353,19.3353,19.3353,464.0479,0.07292640,96.6766,89.2457,386.7066,394.1375,0.06077200,0.06193978,0.00303860,4.0427,11.0223,0.8902,60.4229,6.2777,795.4045,67.8750,,4.0427,2.2009,2.2009,4.4018,8.8036,11.0045,13.2054,2.2009,-2.2009,5.0,6.0,1.836849,24,68,15,8,0E-8,0.07596500,,0E-8,0.000000,0.940578,0.000000,,2026-03-22,2026-03-29,8,77,52,8,1.000000,,,0.000000,,,,,,,,GLOBAL_BASELINE_NO_ENTITY_RANKING,,,NOT_APPLICABLE_GLOBAL_BASELINE,HF9g-P5,,,,X 全窗基线 · 不参与实体赏罚,8398450,840,A168_HF9F_20260827_0900,2026-08-27 09:00:00
2026-03-27,147529118,526,0,41.8170613613,26.4107755963,26.4107755963,1.0000000,11,3,0.35809547499918166,0.271643380000,2.3189769365152775,2.8361754958498553,2.3189769365152775,0.08645209499918166,ELIGIBLE,R03b_20260811_FULL_v1,L1_ELIGIBILITY,v2026-08-11,2026-03-21..2026-08-06,baccarat_bet02_101_all_pairs_incl_sentinel,round_win = game_pnl > 0 (decisive only),COMPATIBILITY_ONLY_NOT_PRODUCTION,6363.2362,5985.1219,483.3832,1574,543,-0.07596500,,-0.07596500,-0.07596500,-483.3832,6363.2362,OK,0.0000,19.3353,4.0000,96.0000,AG03-UNRESOLVED,ALL5_LEVELS_bet23_to_bet27,19.3353,19.3353,19.3353,19.3353,19.3353,4.000000,4.000000,4.000000,4.000000,4.000000,96.000000,96.000000,96.000000,96.000000,96.000000,5.0,96.6766,89.2457,386.7066,394.1375,PENDING_AG03,FALSE,NOT_FOR_ENFORCEMENT,464.0479,5745.7171,483.3832,464.0479,19.3353,0.07596500,0.07292640,19.3353,464.0479,0.07292640,19.3353,19.3353,19.3353,19.3353,19.3353,464.0479,0.07292640,96.6766,89.2457,386.7066,394.1375,0.06077200,0.06193978,0.00303860,4.0427,11.0223,0.8902,60.4229,6.2777,795.4045,67.8750,,4.0427,2.2009,2.2009,4.4018,8.8036,11.0045,13.2054,2.2009,-2.2009,5.0,6.0,1.836849,24,68,15,8,0E-8,0.07596500,,0E-8,0.000000,0.940578,0.000000,,2026-03-22,2026-03-29,8,77,52,8,1.000000,,,0.000000,,,,,,,,GLOBAL_BASELINE_NO_ENTITY_RANKING,,,NOT_APPLICABLE_GLOBAL_BASELINE,HF9g-P5,,,,X 全窗基线 · 不参与实体赏罚,8398451,840,A168_HF9F_20260827_0900,2026-08-27 09:00:00
2026-03-27,147529118,789,0,6.6026938991,6.6026938991,6.6026938991,1.0000000,1,1,0.49324550000000000,0.493245500000,1.01360149184955,1.01360149184955,1.01360149184955,0E-17,ELIGIBLE,R03b_20260811_FULL_v1,L1_ELIGIBILITY,v2026-08-11,2026-03-21..2026-08-06,baccarat_bet02_101_all_pairs_incl_sentinel,round_win = game_pnl > 0 (decisive only),COMPATIBILITY_ONLY_NOT_PRODUCTION,6363.2362,5985.1219,483.3832,1574,543,-0.07596500,,-0.07596500,-0.07596500,-483.3832,6363.2362,OK,0.0000,19.3353,4.0000,96.0000,AG03-UNRESOLVED,ALL5_LEVELS_bet23_to_bet27,19.3353,19.3353,19.3353,19.3353,19.3353,4.000000,4.000000,4.000000,4.000000,4.000000,96.000000,96.000000,96.000000,96.000000,96.000000,5.0,96.6766,89.2457,386.7066,394.1375,PENDING_AG03,FALSE,NOT_FOR_ENFORCEMENT,464.0479,5745.7171,483.3832,464.0479,19.3353,0.07596500,0.07292640,19.3353,464.0479,0.07292640,19.3353,19.3353,19.3353,19.3353,19.3353,464.0479,0.07292640,96.6766,89.2457,386.7066,394.1375,0.06077200,0.06193978,0.00303860,4.0427,11.0223,0.8902,60.4229,6.2777,795.4045,67.8750,,4.0427,2.2009,2.2009,4.4018,8.8036,11.0045,13.2054,2.2009,-2.2009,5.0,6.0,1.836849,24,68,15,8,0E-8,0.07596500,,0E-8,0.000000,0.940578,0.000000,,2026-03-22,2026-03-29,8,77,52,8,1.000000,,,0.000000,,,,,,,,GLOBAL_BASELINE_NO_ENTITY_RANKING,,,NOT_APPLICABLE_GLOBAL_BASELINE,HF9g-P5,,,,X 全窗基线 · 不参与实体赏罚,8398452,840,A168_HF9F_20260827_0900,2026-08-27 09:00:00
2026-03-27,147529118,948,0,15.1861959679,-4.4017959327,-4.4017959327,0.3333333,5,3,0.38932718421097345,0.362461166667,-0.19890207117203096,-0.1049505562240393,-0.19890207117203096,0.02686601754397345,ELIGIBLE,R03b_20260811_FULL_v1,L1_ELIGIBILITY,v2026-08-11,2026-03-21..2026-08-06,baccarat_bet02_101_all_pairs_incl_sentinel,round_win = game_pnl > 0 (decisive only),COMPATIBILITY_ONLY_NOT_PRODUCTION,6363.2362,5985.1219,483.3832,1574,543,-0.07596500,,-0.07596500,-0.07596500,-483.3832,6363.2362,OK,0.0000,19.3353,4.0000,96.0000,AG03-UNRESOLVED,ALL5_LEVELS_bet23_to_bet27,19.3353,19.3353,19.3353,19.3353,19.3353,4.000000,4.000000,4.000000,4.000000,4.000000,96.000000,96.000000,96.000000,96.000000,96.000000,5.0,96.6766,89.2457,386.7066,394.1375,PENDING_AG03,FALSE,NOT_FOR_ENFORCEMENT,464.0479,5745.7171,483.3832,464.0479,19.3353,0.07596500,0.07292640,19.3353,464.0479,0.07292640,19.3353,19.3353,19.3353,19.3353,19.3353,464.0479,0.07292640,96.6766,89.2457,386.7066,394.1375,0.06077200,0.06193978,0.00303860,4.0427,11.0223,0.8902,60.4229,6.2777,795.4045,67.8750,,4.0427,2.2009,2.2009,4.4018,8.8036,11.0045,13.2054,2.2009,-2.2009,5.0,6.0,1.836849,24,68,15,8,0E-8,0.07596500,,0E-8,0.000000,0.940578,0.000000,,2026-03-22,2026-03-29,8,77,52,8,1.000000,,,0.000000,,,,,,,,GLOBAL_BASELINE_NO_ENTITY_RANKING,,,NOT_APPLICABLE_GLOBAL_BASELINE,HF9g-P5,,,,X 全窗基线 · 不参与实体赏罚,8398453,840,A168_HF9F_20260827_0900,2026-08-27 09:00:00
2026-03-28,147529118,1505,0,126.7717228637,-22.2290694610,-22.2290694610,0.6000000,33,10,0.31013490217286600,0.196868035333,1.9817027734891708,3.2060196206756664,1.9817027734891708,0.11326686683986600,ELIGIBLE,R03b_20260811_FULL_v1,L1_ELIGIBILITY,v2026-08-11,2026-03-21..2026-08-06,baccarat_bet02_101_all_pairs_incl_sentinel,round_win = game_pnl > 0 (decisive only),COMPATIBILITY_ONLY_NOT_PRODUCTION,6363.2362,5985.1219,483.3832,1574,543,-0.07596500,,-0.07596500,-0.07596500,-483.3832,6363.2362,OK,0.0000,19.3353,4.0000,96.0000,AG03-UNRESOLVED,ALL5_LEVELS_bet23_to_bet27,19.3353,19.3353,19.3353,19.3353,19.3353,4.000000,4.000000,4.000000,4.000000,4.000000,96.000000,96.000000,96.000000,96.000000,96.000000,5.0,96.6766,89.2457,386.7066,394.1375,PENDING_AG03,FALSE,NOT_FOR_ENFORCEMENT,464.0479,5745.7171,483.3832,464.0479,19.3353,0.07596500,0.07292640,19.3353,464.0479,0.07292640,19.3353,19.3353,19.3353,19.3353,19.3353,464.0479,0.07292640,96.6766,89.2457,386.7066,394.1375,0.06077200,0.06193978,0.00303860,4.0427,11.0223,0.8902,60.4229,6.2777,795.4045,67.8750,,4.0427,2.2009,2.2009,4.4018,8.8036,11.0045,13.2054,2.2009,-2.2009,5.0,6.0,1.836849,24,68,15,8,0E-8,0.07596500,,0E-8,0.000000,0.940578,0.000000,,2026-03-22,2026-03-29,8,77,52,8,1.000000,,,0.000000,,,,,,,,GLOBAL_BASELINE_NO_ENTITY_RANKING,,,NOT_APPLICABLE_GLOBAL_BASELINE,HF9g-P5,,,,X 全窗基线 · 不参与实体赏罚,8398454,840,A168_HF9F_20260827_0900,2026-08-27 09:00:00
2026-03-28,147529118,1941,0,85.1747512989,-22.0750066030,-22.0750066030,0.4444444,19,9,0.37592562931146856,0.305478674074,0.42438688823059645,0.905098515838543,0.42438688823059645,0.07044695523746856,ELIGIBLE,R03b_20260811_FULL_v1,L1_ELIGIBILITY,v2026-08-11,2026-03-21..2026-08-06,baccarat_bet02_101_all_pairs_incl_sentinel,round_win = game_pnl > 0 (decisive only),COMPATIBILITY_ONLY_NOT_PRODUCTION,6363.2362,5985.1219,483.3832,1574,543,-0.07596500,,-0.07596500,-0.07596500,-483.3832,6363.2362,OK,0.0000,19.3353,4.0000,96.0000,AG03-UNRESOLVED,ALL5_LEVELS_bet23_to_bet27,19.3353,19.3353,19.3353,19.3353,19.3353,4.000000,4.000000,4.000000,4.000000,4.000000,96.000000,96.000000,96.000000,96.000000,96.000000,5.0,96.6766,89.2457,386.7066,394.1375,PENDING_AG03,FALSE,NOT_FOR_ENFORCEMENT,464.0479,5745.7171,483.3832,464.0479,19.3353,0.07596500,0.07292640,19.3353,464.0479,0.07292640,19.3353,19.3353,19.3353,19.3353,19.3353,464.0479,0.07292640,96.6766,89.2457,386.7066,394.1375,0.06077200,0.06193978,0.00303860,4.0427,11.0223,0.8902,60.4229,6.2777,795.4045,67.8750,,4.0427,2.2009,2.2009,4.4018,8.8036,11.0045,13.2054,2.2009,-2.2009,5.0,6.0,1.836849,24,68,15,8,0E-8,0.07596500,,0E-8,0.000000,0.940578,0.000000,,2026-03-22,2026-03-29,8,77,52,8,1.000000,,,0.000000,,,,,,,,GLOBAL_BASELINE_NO_ENTITY_RANKING,,,NOT_APPLICABLE_GLOBAL_BASELINE,HF9g-P5,,,,X 全窗基线 · 不参与实体赏罚,8398455,840,A168_HF9F_20260827_0900,2026-08-27 09:00:00
2026-03-28,147529118,2134,0,22.0089796637,-22.0089796637,-22.0089796637,0E-7,7,3,0.36835675999855617,0.324944066667,-1.3226929027705685,-1.2016972121293361,-1.3226929027705685,0.04341269333155617,ELIGIBLE,R03b_20260811_FULL_v1,L1_ELIGIBILITY,v2026-08-11,2026-03-21..2026-08-06,baccarat_bet02_101_all_pairs_incl_sentinel,round_win = game_pnl > 0 (decisive only),COMPATIBILITY_ONLY_NOT_PRODUCTION,6363.2362,5985.1219,483.3832,1574,543,-0.07596500,,-0.07596500,-0.07596500,-483.3832,6363.2362,OK,0.0000,19.3353,4.0000,96.0000,AG03-UNRESOLVED,ALL5_LEVELS_bet23_to_bet27,19.3353,19.3353,19.3353,19.3353,19.3353,4.000000,4.000000,4.000000,4.000000,4.000000,96.000000,96.000000,96.000000,96.000000,96.000000,5.0,96.6766,89.2457,386.7066,394.1375,PENDING_AG03,FALSE,NOT_FOR_ENFORCEMENT,464.0479,5745.7171,483.3832,464.0479,19.3353,0.07596500,0.07292640,19.3353,464.0479,0.07292640,19.3353,19.3353,19.3353,19.3353,19.3353,464.0479,0.07292640,96.6766,89.2457,386.7066,394.1375,0.06077200,0.06193978,0.00303860,4.0427,11.0223,0.8902,60.4229,6.2777,795.4045,67.8750,,4.0427,2.2009,2.2009,4.4018,8.8036,11.0045,13.2054,2.2009,-2.2009,5.0,6.0,1.836849,24,68,15,8,0E-8,0.07596500,,0E-8,0.000000,0.940578,0.000000,,2026-03-22,2026-03-29,8,77,52,8,1.000000,,,0.000000,,,,,,,,GLOBAL_BASELINE_NO_ENTITY_RANKING,,,NOT_APPLICABLE_GLOBAL_BASELINE,HF9g-P5,,,,X 全窗基线 · 不参与实体赏罚,8398456,840,A168_HF9F_20260827_0900,2026-08-27 09:00:00
2026-03-29,147529118,1654,0,12.3250286117,-12.3250286117,-12.3250286117,0E-7,3,2,0.44849084999941550,0.397033600000,-1.2753090168734809,-1.1475776268349827,-1.2753090168734809,0.05145724999941550,ELIGIBLE,R03b_20260811_FULL_v1,L1_ELIGIBILITY,v2026-08-11,2026-03-21..2026-08-06,baccarat_bet02_101_all_pairs_incl_sentinel,round_win = game_pnl > 0 (decisive only),COMPATIBILITY_ONLY_NOT_PRODUCTION,6363.2362,5985.1219,483.3832,1574,543,-0.07596500,,-0.07596500,-0.07596500,-483.3832,6363.2362,OK,0.0000,19.3353,4.0000,96.0000,AG03-UNRESOLVED,ALL5_LEVELS_bet23_to_bet27,19.3353,19.3353,19.3353,19.3353,19.3353,4.000000,4.000000,4.000000,4.000000,4.000000,96.000000,96.000000,96.000000,96.000000,96.000000,5.0,96.6766,89.2457,386.7066,394.1375,PENDING_AG03,FALSE,NOT_FOR_ENFORCEMENT,464.0479,5745.7171,483.3832,464.0479,19.3353,0.07596500,0.07292640,19.3353,464.0479,0.07292640,19.3353,19.3353,19.3353,19.3353,19.3353,464.0479,0.07292640,96.6766,89.2457,386.7066,394.1375,0.06077200,0.06193978,0.00303860,4.0427,11.0223,0.8902,60.4229,6.2777,795.4045,67.8750,,4.0427,2.2009,2.2009,4.4018,8.8036,11.0045,13.2054,2.2009,-2.2009,5.0,6.0,1.836849,24,68,15,8,0E-8,0.07596500,,0E-8,0.000000,0.940578,0.000000,,2026-03-22,2026-03-29,8,77,52,8,1.000000,,,0.000000,,,,,,,,GLOBAL_BASELINE_NO_ENTITY_RANKING,,,NOT_APPLICABLE_GLOBAL_BASELINE,HF9g-P5,,,,X 全窗基线 · 不参与实体赏罚,8398457,840,A168_HF9F_20260827_0900,2026-08-27 09:00:00
2026-03-29,147529118,2108,0,15.1861959680,5.8433841007,5.8433841007,1.0000000,4,2,0.37988767820368206,0.290366400000,1.8068519746408351,2.2108480913073003,1.8068519746408351,0.08952127820368206,ELIGIBLE,R03b_20260811_FULL_v1,L1_ELIGIBILITY,v2026-08-11,2026-03-21..2026-08-06,baccarat_bet02_101_all_pairs_incl_sentinel,round_win = game_pnl > 0 (decisive only),COMPATIBILITY_ONLY_NOT_PRODUCTION,6363.2362,5985.1219,483.3832,1574,543,-0.07596500,,-0.07596500,-0.07596500,-483.3832,6363.2362,OK,0.0000,19.3353,4.0000,96.0000,AG03-UNRESOLVED,ALL5_LEVELS_bet23_to_bet27,19.3353,19.3353,19.3353,19.3353,19.3353,4.000000,4.000000,4.000000,4.000000,4.000000,96.000000,96.000000,96.000000,96.000000,96.000000,5.0,96.6766,89.2457,386.7066,394.1375,PENDING_AG03,FALSE,NOT_FOR_ENFORCEMENT,464.0479,5745.7171,483.3832,464.0479,19.3353,0.07596500,0.07292640,19.3353,464.0479,0.07292640,19.3353,19.3353,19.3353,19.3353,19.3353,464.0479,0.07292640,96.6766,89.2457,386.7066,394.1375,0.06077200,0.06193978,0.00303860,4.0427,11.0223,0.8902,60.4229,6.2777,795.4045,67.8750,,4.0427,2.2009,2.2009,4.4018,8.8036,11.0045,13.2054,2.2009,-2.2009,5.0,6.0,1.836849,24,68,15,8,0E-8,0.07596500,,0E-8,0.000000,0.940578,0.000000,,2026-03-22,2026-03-29,8,77,52,8,1.000000,,,0.000000,,,,,,,,GLOBAL_BASELINE_NO_ENTITY_RANKING,,,NOT_APPLICABLE_GLOBAL_BASELINE,HF9g-P5,,,,X 全窗基线 · 不参与实体赏罚,8398458,840,A168_HF9F_20260827_0900,2026-08-27 09:00:00
2026-03-29,147529118,2256,0,48.1996654638,-22.4491592572,-22.4491592572,0.4000000,14,5,0.24285988282336785,0.170593353333,0.8194190480918967,1.3637230781753338,0.8194190480918967,0.07226652949036785,ELIGIBLE,R03b_20260811_FULL_v1,L1_ELIGIBILITY,v2026-08-11,2026-03-21..2026-08-06,baccarat_bet02_101_all_pairs_incl_sentinel,round_win = game_pnl > 0 (decisive only),COMPATIBILITY_ONLY_NOT_PRODUCTION,6363.2362,5985.1219,483.3832,1574,543,-0.07596500,,-0.07596500,-0.07596500,-483.3832,6363.2362,OK,0.0000,19.3353,4.0000,96.0000,AG03-UNRESOLVED,ALL5_LEVELS_bet23_to_bet27,19.3353,19.3353,19.3353,19.3353,19.3353,4.000000,4.000000,4.000000,4.000000,4.000000,96.000000,96.000000,96.000000,96.000000,96.000000,5.0,96.6766,89.2457,386.7066,394.1375,PENDING_AG03,FALSE,NOT_FOR_ENFORCEMENT,464.0479,5745.7171,483.3832,464.0479,19.3353,0.07596500,0.07292640,19.3353,464.0479,0.07292640,19.3353,19.3353,19.3353,19.3353,19.3353,464.0479,0.07292640,96.6766,89.2457,386.7066,394.1375,0.06077200,0.06193978,0.00303860,4.0427,11.0223,0.8902,60.4229,6.2777,795.4045,67.8750,,4.0427,2.2009,2.2009,4.4018,8.8036,11.0045,13.2054,2.2009,-2.2009,5.0,6.0,1.836849,24,68,15,8,0E-8,0.07596500,,0E-8,0.000000,0.940578,0.000000,,2026-03-22,2026-03-29,8,77,52,8,1.000000,,,0.000000,,,,,,,,GLOBAL_BASELINE_NO_ENTITY_RANKING,,,NOT_APPLICABLE_GLOBAL_BASELINE,HF9g-P5,,,,X 全窗基线 · 不参与实体赏罚,8398459,840,A168_HF9F_20260827_0900,2026-08-27 09:00:00
2026-07-22,153328920,1302,0,180.7244468541,-129.0888906101,-129.0888906101,0.3333333,4,3,0.48501363750001662,0.433507650000,-0.52567216224053,-0.35012377984260373,-0.52567216224053,0.05150598750001662,ELIGIBLE,R03b_20260811_FULL_v1,L1_ELIGIBILITY,v2026-08-11,2026-03-21..2026-08-06,baccarat_bet02_101_all_pairs_incl_sentinel,round_win = game_pnl > 0 (decisive only),COMPATIBILITY_ONLY_NOT_PRODUCTION,2866.2897,2341.1561,478.4034,126,60,-0.16690686,-0.16690686,,-0.16690686,-478.4034,2866.2897,OK,0.0000,14.3521,3.0000,97.0000,AG03-UNRESOLVED,ALL5_LEVELS_bet23_to_bet27,14.3521,14.3521,14.3521,19.1361,19.1361,3.000000,3.000000,3.000000,4.000000,4.000000,97.000000,97.000000,97.000000,96.000000,96.000000,5.0,81.3286,76.009,397.0748,402.3944,PENDING_AG03,FALSE,NOT_FOR_ENFORCEMENT,464.0513,2270.9214,478.4034,464.0513,14.3521,0.16690686,0.16189966,14.3521,464.0513,0.16189966,14.3521,14.3521,14.3521,19.1361,19.1361,464.0513,0.16189966,81.3286,76.009,397.0748,402.3944,0.13853270,0.14038861,0.00500721,22.7483,39.0193,7.9734,239.2017,43.4912,1433.1449,30.0000,22.7483,,5.1636,11.618,38.7267,52.565,67.1262,93.4603,5.1636,-4.5181,5.777775,8.044442,1.958025,6,13,4,5,1.00000000,0.16690686,0.16690686,0E-8,0.000000,0.816790,0.000000,,2026-07-22,2026-07-25,2,11,7,4,0.500000,,1.000000,3.333333,,,,,,,,GLOBAL_BASELINE_NO_ENTITY_RANKING,,,NOT_APPLICABLE_GLOBAL_BASELINE,HF9g-P5,,,,X 全窗基线 · 不参与实体赏罚,8398460,840,A168_HF9F_20260827_0900,2026-08-27 09:00:00
2026-07-22,153328920,1957,0,129.0888906100,-77.4533343660,-77.4533343660,0E-7,2,2,0.49324550000000000,0.493245500000,-0.9865810262130424,-0.9865810262130424,-0.9865810262130424,0E-17,ELIGIBLE,R03b_20260811_FULL_v1,L1_ELIGIBILITY,v2026-08-11,2026-03-21..2026-08-06,baccarat_bet02_101_all_pairs_incl_sentinel,round_win = game_pnl > 0 (decisive only),COMPATIBILITY_ONLY_NOT_PRODUCTION,2866.2897,2341.1561,478.4034,126,60,-0.16690686,-0.16690686,,-0.16690686,-478.4034,2866.2897,OK,0.0000,14.3521,3.0000,97.0000,AG03-UNRESOLVED,ALL5_LEVELS_bet23_to_bet27,14.3521,14.3521,14.3521,19.1361,19.1361,3.000000,3.000000,3.000000,4.000000,4.000000,97.000000,97.000000,97.000000,96.000000,96.000000,5.0,81.3286,76.009,397.0748,402.3944,PENDING_AG03,FALSE,NOT_FOR_ENFORCEMENT,464.0513,2270.9214,478.4034,464.0513,14.3521,0.16690686,0.16189966,14.3521,464.0513,0.16189966,14.3521,14.3521,14.3521,19.1361,19.1361,464.0513,0.16189966,81.3286,76.009,397.0748,402.3944,0.13853270,0.14038861,0.00500721,22.7483,39.0193,7.9734,239.2017,43.4912,1433.1449,30.0000,22.7483,,5.1636,11.618,38.7267,52.565,67.1262,93.4603,5.1636,-4.5181,5.777775,8.044442,1.958025,6,13,4,5,1.00000000,0.16690686,0.16690686,0E-8,0.000000,0.816790,0.000000,,2026-07-22,2026-07-25,2,11,7,4,0.500000,,1.000000,3.333333,,,,,,,,GLOBAL_BASELINE_NO_ENTITY_RANKING,,,NOT_APPLICABLE_GLOBAL_BASELINE,HF9g-P5,,,,X 全窗基线 · 不参与实体赏罚,8398461,840,A168_HF9F_20260827_0900,2026-08-27 09:00:00
2026-07-25,153328920,-1,1,52.6682673689,-52.6682673689,-52.6682673689,0E-7,1,1,0.49324550000000000,0.493245500000,-0.9865810262130424,-0.9865810262130424,-0.9865810262130424,0E-17,SENTINEL_DEALER,R03b_20260811_FULL_v1,L1_ELIGIBILITY,v2026-08-11,2026-03-21..2026-08-06,baccarat_bet02_101_all_pairs_incl_sentinel,round_win = game_pnl > 0 (decisive only),COMPATIBILITY_ONLY_NOT_PRODUCTION,2866.2897,2341.1561,478.4034,126,60,-0.16690686,-0.16690686,,-0.16690686,-478.4034,2866.2897,OK,0.0000,14.3521,3.0000,97.0000,AG03-UNRESOLVED,ALL5_LEVELS_bet23_to_bet27,14.3521,14.3521,14.3521,19.1361,19.1361,3.000000,3.000000,3.000000,4.000000,4.000000,97.000000,97.000000,97.000000,96.000000,96.000000,5.0,81.3286,76.009,397.0748,402.3944,PENDING_AG03,FALSE,NOT_FOR_ENFORCEMENT,464.0513,2270.9214,478.4034,464.0513,14.3521,0.16690686,0.16189966,14.3521,464.0513,0.16189966,14.3521,14.3521,14.3521,19.1361,19.1361,464.0513,0.16189966,81.3286,76.009,397.0748,402.3944,0.13853270,0.14038861,0.00500721,22.7483,39.0193,7.9734,239.2017,43.4912,1433.1449,30.0000,22.7483,,5.1636,11.618,38.7267,52.565,67.1262,93.4603,5.1636,-4.5181,5.777775,8.044442,1.958025,6,13,4,5,1.00000000,0.16690686,0.16690686,0E-8,0.000000,0.816790,0.000000,,2026-07-22,2026-07-25,2,11,7,4,0.500000,,1.000000,3.333333,,,,,,,,GLOBAL_BASELINE_NO_ENTITY_RANKING,,,NOT_APPLICABLE_GLOBAL_BASELINE,HF9g-P5,,,,X 全窗基线 · 不参与实体赏罚,8398462,840,A168_HF9F_20260827_0900,2026-08-27 09:00:00
2026-07-25,153328920,1205,0,64.5444453050,-64.5444453050,-64.5444453050,0E-7,2,2,0.49994810000000000,0.499948100000,-1.4140667746232096,-1.4140667746232096,-1.4140667746232096,0E-17,ELIGIBLE,R03b_20260811_FULL_v1,L1_ELIGIBILITY,v2026-08-11,2026-03-21..2026-08-06,baccarat_bet02_101_all_pairs_incl_sentinel,round_win = game_pnl > 0 (decisive only),COMPATIBILITY_ONLY_NOT_PRODUCTION,2866.2897,2341.1561,478.4034,126,60,-0.16690686,-0.16690686,,-0.16690686,-478.4034,2866.2897,OK,0.0000,14.3521,3.0000,97.0000,AG03-UNRESOLVED,ALL5_LEVELS_bet23_to_bet27,14.3521,14.3521,14.3521,19.1361,19.1361,3.000000,3.000000,3.000000,4.000000,4.000000,97.000000,97.000000,97.000000,96.000000,96.000000,5.0,81.3286,76.009,397.0748,402.3944,PENDING_AG03,FALSE,NOT_FOR_ENFORCEMENT,464.0513,2270.9214,478.4034,464.0513,14.3521,0.16690686,0.16189966,14.3521,464.0513,0.16189966,14.3521,14.3521,14.3521,19.1361,19.1361,464.0513,0.16189966,81.3286,76.009,397.0748,402.3944,0.13853270,0.14038861,0.00500721,22.7483,39.0193,7.9734,239.2017,43.4912,1433.1449,30.0000,22.7483,,5.1636,11.618,38.7267,52.565,67.1262,93.4603,5.1636,-4.5181,5.777775,8.044442,1.958025,6,13,4,5,1.00000000,0.16690686,0.16690686,0E-8,0.000000,0.816790,0.000000,,2026-07-22,2026-07-25,2,11,7,4,0.500000,,1.000000,3.333333,,,,,,,,GLOBAL_BASELINE_NO_ENTITY_RANKING,,,NOT_APPLICABLE_GLOBAL_BASELINE,HF9g-P5,,,,X 全窗基线 · 不参与实体赏罚,8398463,840,A168_HF9F_20260827_0900,2026-08-27 09:00:00
2026-07-25,153328920,1507,0,74.8715565538,71.1279787262,71.1279787262,1.0000000,2,2,0.50665070000000000,0.506650700000,1.3955260008387969,1.3955260008387969,1.3955260008387969,0E-17,ELIGIBLE,R03b_20260811_FULL_v1,L1_ELIGIBILITY,v2026-08-11,2026-03-21..2026-08-06,baccarat_bet02_101_all_pairs_incl_sentinel,round_win = game_pnl > 0 (decisive only),COMPATIBILITY_ONLY_NOT_PRODUCTION,2866.2897,2341.1561,478.4034,126,60,-0.16690686,-0.16690686,,-0.16690686,-478.4034,2866.2897,OK,0.0000,14.3521,3.0000,97.0000,AG03-UNRESOLVED,ALL5_LEVELS_bet23_to_bet27,14.3521,14.3521,14.3521,19.1361,19.1361,3.000000,3.000000,3.000000,4.000000,4.000000,97.000000,97.000000,97.000000,96.000000,96.000000,5.0,81.3286,76.009,397.0748,402.3944,PENDING_AG03,FALSE,NOT_FOR_ENFORCEMENT,464.0513,2270.9214,478.4034,464.0513,14.3521,0.16690686,0.16189966,14.3521,464.0513,0.16189966,14.3521,14.3521,14.3521,19.1361,19.1361,464.0513,0.16189966,81.3286,76.009,397.0748,402.3944,0.13853270,0.14038861,0.00500721,22.7483,39.0193,7.9734,239.2017,43.4912,1433.1449,30.0000,22.7483,,5.1636,11.618,38.7267,52.565,67.1262,93.4603,5.1636,-4.5181,5.777775,8.044442,1.958025,6,13,4,5,1.00000000,0.16690686,0.16690686,0E-8,0.000000,0.816790,0.000000,,2026-07-22,2026-07-25,2,11,7,4,0.500000,,1.000000,3.333333,,,,,,,,GLOBAL_BASELINE_NO_ENTITY_RANKING,,,NOT_APPLICABLE_GLOBAL_BASELINE,HF9g-P5,,,,X 全窗基线 · 不参与实体赏罚,8398464,840,A168_HF9F_20260827_0900,2026-08-27 09:00:00
2026-07-25,153328920,1509,0,583.4817855572,-52.1519118064,-52.1519118064,0.5833333,42,13,0.42134704727106227,0.249734288462,1.1364224564717338,2.669738869958532,1.1364224564717338,0.17161275880906227,ELIGIBLE,R03b_20260811_FULL_v1,L1_ELIGIBILITY,v2026-08-11,2026-03-21..2026-08-06,baccarat_bet02_101_all_pairs_incl_sentinel,round_win = game_pnl > 0 (decisive only),COMPATIBILITY_ONLY_NOT_PRODUCTION,2866.2897,2341.1561,478.4034,126,60,-0.16690686,-0.16690686,,-0.16690686,-478.4034,2866.2897,OK,0.0000,14.3521,3.0000,97.0000,AG03-UNRESOLVED,ALL5_LEVELS_bet23_to_bet27,14.3521,14.3521,14.3521,19.1361,19.1361,3.000000,3.000000,3.000000,4.000000,4.000000,97.000000,97.000000,97.000000,96.000000,96.000000,5.0,81.3286,76.009,397.0748,402.3944,PENDING_AG03,FALSE,NOT_FOR_ENFORCEMENT,464.0513,2270.9214,478.4034,464.0513,14.3521,0.16690686,0.16189966,14.3521,464.0513,0.16189966,14.3521,14.3521,14.3521,19.1361,19.1361,464.0513,0.16189966,81.3286,76.009,397.0748,402.3944,0.13853270,0.14038861,0.00500721,22.7483,39.0193,7.9734,239.2017,43.4912,1433.1449,30.0000,22.7483,,5.1636,11.618,38.7267,52.565,67.1262,93.4603,5.1636,-4.5181,5.777775,8.044442,1.958025,6,13,4,5,1.00000000,0.16690686,0.16690686,0E-8,0.000000,0.816790,0.000000,,2026-07-22,2026-07-25,2,11,7,4,0.500000,,1.000000,3.333333,,,,,,,,GLOBAL_BASELINE_NO_ENTITY_RANKING,,,NOT_APPLICABLE_GLOBAL_BASELINE,HF9g-P5,,,,X 全窗基线 · 不参与实体赏罚,8398465,840,A168_HF9F_20260827_0900,2026-08-27 09:00:00
2026-07-25,153328920,1935,0,59.3808896806,41.3084449952,41.3084449952,1.0000000,2,1,0.45290532173913043,0.300626750000,1.0990755160635288,1.5252488199758223,1.0990755160635288,0.15227857173913043,ELIGIBLE,R03b_20260811_FULL_v1,L1_ELIGIBILITY,v2026-08-11,2026-03-21..2026-08-06,baccarat_bet02_101_all_pairs_incl_sentinel,round_win = game_pnl > 0 (decisive only),COMPATIBILITY_ONLY_NOT_PRODUCTION,2866.2897,2341.1561,478.4034,126,60,-0.16690686,-0.16690686,,-0.16690686,-478.4034,2866.2897,OK,0.0000,14.3521,3.0000,97.0000,AG03-UNRESOLVED,ALL5_LEVELS_bet23_to_bet27,14.3521,14.3521,14.3521,19.1361,19.1361,3.000000,3.000000,3.000000,4.000000,4.000000,97.000000,97.000000,97.000000,96.000000,96.000000,5.0,81.3286,76.009,397.0748,402.3944,PENDING_AG03,FALSE,NOT_FOR_ENFORCEMENT,464.0513,2270.9214,478.4034,464.0513,14.3521,0.16690686,0.16189966,14.3521,464.0513,0.16189966,14.3521,14.3521,14.3521,19.1361,19.1361,464.0513,0.16189966,81.3286,76.009,397.0748,402.3944,0.13853270,0.14038861,0.00500721,22.7483,39.0193,7.9734,239.2017,43.4912,1433.1449,30.0000,22.7483,,5.1636,11.618,38.7267,52.565,67.1262,93.4603,5.1636,-4.5181,5.777775,8.044442,1.958025,6,13,4,5,1.00000000,0.16690686,0.16690686,0E-8,0.000000,0.816790,0.000000,,2026-07-22,2026-07-25,2,11,7,4,0.500000,,1.000000,3.333333,,,,,,,,GLOBAL_BASELINE_NO_ENTITY_RANKING,,,NOT_APPLICABLE_GLOBAL_BASELINE,HF9g-P5,,,,X 全窗基线 · 不参与实体赏罚,8398466,840,A168_HF9F_20260827_0900,2026-08-27 09:00:00
2026-07-25,153328920,1951,0,194.9242248211,-41.3084449952,-41.3084449952,0.4285714,8,7,0.49381340779220779,0.470516107143,-0.34525453362222125,-0.22233726881203716,-0.34525453362222125,0.02329730064920779,ELIGIBLE,R03b_20260811_FULL_v1,L1_ELIGIBILITY,v2026-08-11,2026-03-21..2026-08-06,baccarat_bet02_101_all_pairs_incl_sentinel,round_win = game_pnl > 0 (decisive only),COMPATIBILITY_ONLY_NOT_PRODUCTION,2866.2897,2341.1561,478.4034,126,60,-0.16690686,-0.16690686,,-0.16690686,-478.4034,2866.2897,OK,0.0000,14.3521,3.0000,97.0000,AG03-UNRESOLVED,ALL5_LEVELS_bet23_to_bet27,14.3521,14.3521,14.3521,19.1361,19.1361,3.000000,3.000000,3.000000,4.000000,4.000000,97.000000,97.000000,97.000000,96.000000,96.000000,5.0,81.3286,76.009,397.0748,402.3944,PENDING_AG03,FALSE,NOT_FOR_ENFORCEMENT,464.0513,2270.9214,478.4034,464.0513,14.3521,0.16690686,0.16189966,14.3521,464.0513,0.16189966,14.3521,14.3521,14.3521,19.1361,19.1361,464.0513,0.16189966,81.3286,76.009,397.0748,402.3944,0.13853270,0.14038861,0.00500721,22.7483,39.0193,7.9734,239.2017,43.4912,1433.1449,30.0000,22.7483,,5.1636,11.618,38.7267,52.565,67.1262,93.4603,5.1636,-4.5181,5.777775,8.044442,1.958025,6,13,4,5,1.00000000,0.16690686,0.16690686,0E-8,0.000000,0.816790,0.000000,,2026-07-22,2026-07-25,2,11,7,4,0.500000,,1.000000,3.333333,,,,,,,,GLOBAL_BASELINE_NO_ENTITY_RANKING,,,NOT_APPLICABLE_GLOBAL_BASELINE,HF9g-P5,,,,X 全窗基线 · 不参与实体赏罚,8398467,840,A168_HF9F_20260827_0900,2026-08-27 09:00:00
2026-07-25,153328920,2093,0,336.6638267109,-259.2104923449,-259.2104923449,0E-7,6,5,0.48263845000000000,0.456062270000,-1.9317186817254073,-1.8313336510023688,-1.9317186817254073,0.02657618000000000,ELIGIBLE,R03b_20260811_FULL_v1,L1_ELIGIBILITY,v2026-08-11,2026-03-21..2026-08-06,baccarat_bet02_101_all_pairs_incl_sentinel,round_win = game_pnl > 0 (decisive only),COMPATIBILITY_ONLY_NOT_PRODUCTION,2866.2897,2341.1561,478.4034,126,60,-0.16690686,-0.16690686,,-0.16690686,-478.4034,2866.2897,OK,0.0000,14.3521,3.0000,97.0000,AG03-UNRESOLVED,ALL5_LEVELS_bet23_to_bet27,14.3521,14.3521,14.3521,19.1361,19.1361,3.000000,3.000000,3.000000,4.000000,4.000000,97.000000,97.000000,97.000000,96.000000,96.000000,5.0,81.3286,76.009,397.0748,402.3944,PENDING_AG03,FALSE,NOT_FOR_ENFORCEMENT,464.0513,2270.9214,478.4034,464.0513,14.3521,0.16690686,0.16189966,14.3521,464.0513,0.16189966,14.3521,14.3521,14.3521,19.1361,19.1361,464.0513,0.16189966,81.3286,76.009,397.0748,402.3944,0.13853270,0.14038861,0.00500721,22.7483,39.0193,7.9734,239.2017,43.4912,1433.1449,30.0000,22.7483,,5.1636,11.618,38.7267,52.565,67.1262,93.4603,5.1636,-4.5181,5.777775,8.044442,1.958025,6,13,4,5,1.00000000,0.16690686,0.16690686,0E-8,0.000000,0.816790,0.000000,,2026-07-22,2026-07-25,2,11,7,4,0.500000,,1.000000,3.333333,,,,,,,,GLOBAL_BASELINE_NO_ENTITY_RANKING,,,NOT_APPLICABLE_GLOBAL_BASELINE,HF9g-P5,,,,X 全窗基线 · 不参与实体赏罚,8398468,840,A168_HF9F_20260827_0900,2026-08-27 09:00:00
2026-07-25,153328920,2175,0,383.3940051117,35.2412671366,35.2412671366,0.5000000,17,9,0.45673567190706946,0.322028833333,0.24566138510400978,1.0773123772290114,0.24566138510400978,0.13470683857406946,ELIGIBLE,R03b_20260811_FULL_v1,L1_ELIGIBILITY,v2026-08-11,2026-03-21..2026-08-06,baccarat_bet02_101_all_pairs_incl_sentinel,round_win = game_pnl > 0 (decisive only),COMPATIBILITY_ONLY_NOT_PRODUCTION,2866.2897,2341.1561,478.4034,126,60,-0.16690686,-0.16690686,,-0.16690686,-478.4034,2866.2897,OK,0.0000,14.3521,3.0000,97.0000,AG03-UNRESOLVED,ALL5_LEVELS_bet23_to_bet27,14.3521,14.3521,14.3521,19.1361,19.1361,3.000000,3.000000,3.000000,4.000000,4.000000,97.000000,97.000000,97.000000,96.000000,96.000000,5.0,81.3286,76.009,397.0748,402.3944,PENDING_AG03,FALSE,NOT_FOR_ENFORCEMENT,464.0513,2270.9214,478.4034,464.0513,14.3521,0.16690686,0.16189966,14.3521,464.0513,0.16189966,14.3521,14.3521,14.3521,19.1361,19.1361,464.0513,0.16189966,81.3286,76.009,397.0748,402.3944,0.13853270,0.14038861,0.00500721,22.7483,39.0193,7.9734,239.2017,43.4912,1433.1449,30.0000,22.7483,,5.1636,11.618,38.7267,52.565,67.1262,93.4603,5.1636,-4.5181,5.777775,8.044442,1.958025,6,13,4,5,1.00000000,0.16690686,0.16690686,0E-8,0.000000,0.816790,0.000000,,2026-07-22,2026-07-25,2,11,7,4,0.500000,,1.000000,3.333333,,,,,,,,GLOBAL_BASELINE_NO_ENTITY_RANKING,,,NOT_APPLICABLE_GLOBAL_BASELINE,HF9g-P5,,,,X 全窗基线 · 不参与实体赏罚,8398469,840,A168_HF9F_20260827_0900,2026-08-27 09:00:00
2026-07-25,153328920,2205,0,351.1217824593,33.8212893399,33.8212893399,0.7142857,25,7,0.40282185265954883,0.232753528571,1.6801506294577424,3.0148017177729693,1.6801506294577424,0.17006832408854883,ELIGIBLE,R03b_20260811_FULL_v1,L1_ELIGIBILITY,v2026-08-11,2026-03-21..2026-08-06,baccarat_bet02_101_all_pairs_incl_sentinel,round_win = game_pnl > 0 (decisive only),COMPATIBILITY_ONLY_NOT_PRODUCTION,2866.2897,2341.1561,478.4034,126,60,-0.16690686,-0.16690686,,-0.16690686,-478.4034,2866.2897,OK,0.0000,14.3521,3.0000,97.0000,AG03-UNRESOLVED,ALL5_LEVELS_bet23_to_bet27,14.3521,14.3521,14.3521,19.1361,19.1361,3.000000,3.000000,3.000000,4.000000,4.000000,97.000000,97.000000,97.000000,96.000000,96.000000,5.0,81.3286,76.009,397.0748,402.3944,PENDING_AG03,FALSE,NOT_FOR_ENFORCEMENT,464.0513,2270.9214,478.4034,464.0513,14.3521,0.16690686,0.16189966,14.3521,464.0513,0.16189966,14.3521,14.3521,14.3521,19.1361,19.1361,464.0513,0.16189966,81.3286,76.009,397.0748,402.3944,0.13853270,0.14038861,0.00500721,22.7483,39.0193,7.9734,239.2017,43.4912,1433.1449,30.0000,22.7483,,5.1636,11.618,38.7267,52.565,67.1262,93.4603,5.1636,-4.5181,5.777775,8.044442,1.958025,6,13,4,5,1.00000000,0.16690686,0.16690686,0E-8,0.000000,0.816790,0.000000,,2026-07-22,2026-07-25,2,11,7,4,0.500000,,1.000000,3.333333,,,,,,,,GLOBAL_BASELINE_NO_ENTITY_RANKING,,,NOT_APPLICABLE_GLOBAL_BASELINE,HF9g-P5,,,,X 全窗基线 · 不参与实体赏罚,8398470,840,A168_HF9F_20260827_0900,2026-08-27 09:00:00
2026-07-25,153328920,2209,0,181.7571579789,-129.0888906100,-129.0888906100,0E-7,5,3,0.46607017906602254,0.360364600000,-1.3212912744761611,-1.0614995469688764,-1.3212912744761611,0.10570557906602254,ELIGIBLE,R03b_20260811_FULL_v1,L1_ELIGIBILITY,v2026-08-11,2026-03-21..2026-08-06,baccarat_bet02_101_all_pairs_incl_sentinel,round_win = game_pnl > 0 (decisive only),COMPATIBILITY_ONLY_NOT_PRODUCTION,2866.2897,2341.1561,478.4034,126,60,-0.16690686,-0.16690686,,-0.16690686,-478.4034,2866.2897,OK,0.0000,14.3521,3.0000,97.0000,AG03-UNRESOLVED,ALL5_LEVELS_bet23_to_bet27,14.3521,14.3521,14.3521,19.1361,19.1361,3.000000,3.000000,3.000000,4.000000,4.000000,97.000000,97.000000,97.000000,96.000000,96.000000,5.0,81.3286,76.009,397.0748,402.3944,PENDING_AG03,FALSE,NOT_FOR_ENFORCEMENT,464.0513,2270.9214,478.4034,464.0513,14.3521,0.16690686,0.16189966,14.3521,464.0513,0.16189966,14.3521,14.3521,14.3521,19.1361,19.1361,464.0513,0.16189966,81.3286,76.009,397.0748,402.3944,0.13853270,0.14038861,0.00500721,22.7483,39.0193,7.9734,239.2017,43.4912,1433.1449,30.0000,22.7483,,5.1636,11.618,38.7267,52.565,67.1262,93.4603,5.1636,-4.5181,5.777775,8.044442,1.958025,6,13,4,5,1.00000000,0.16690686,0.16690686,0E-8,0.000000,0.816790,0.000000,,2026-07-22,2026-07-25,2,11,7,4,0.500000,,1.000000,3.333333,,,,,,,,GLOBAL_BASELINE_NO_ENTITY_RANKING,,,NOT_APPLICABLE_GLOBAL_BASELINE,HF9g-P5,,,,X 全窗基线 · 不参与实体赏罚,8398471,840,A168_HF9F_20260827_0900,2026-08-27 09:00:00
2026-07-25,153328920,801,0,273.6684480932,145.6122686082,145.6122686082,0.8000000,10,5,0.44199162639097745,0.296605190000,1.6119471842013102,2.4643635865387625,1.6119471842013102,0.14538643639097745,ELIGIBLE,R03b_20260811_FULL_v1,L1_ELIGIBILITY,v2026-08-11,2026-03-21..2026-08-06,baccarat_bet02_101_all_pairs_incl_sentinel,round_win = game_pnl > 0 (decisive only),COMPATIBILITY_ONLY_NOT_PRODUCTION,2866.2897,2341.1561,478.4034,126,60,-0.16690686,-0.16690686,,-0.16690686,-478.4034,2866.2897,OK,0.0000,14.3521,3.0000,97.0000,AG03-UNRESOLVED,ALL5_LEVELS_bet23_to_bet27,14.3521,14.3521,14.3521,19.1361,19.1361,3.000000,3.000000,3.000000,4.000000,4.000000,97.000000,97.000000,97.000000,96.000000,96.000000,5.0,81.3286,76.009,397.0748,402.3944,PENDING_AG03,FALSE,NOT_FOR_ENFORCEMENT,464.0513,2270.9214,478.4034,464.0513,14.3521,0.16690686,0.16189966,14.3521,464.0513,0.16189966,14.3521,14.3521,14.3521,19.1361,19.1361,464.0513,0.16189966,81.3286,76.009,397.0748,402.3944,0.13853270,0.14038861,0.00500721,22.7483,39.0193,7.9734,239.2017,43.4912,1433.1449,30.0000,22.7483,,5.1636,11.618,38.7267,52.565,67.1262,93.4603,5.1636,-4.5181,5.777775,8.044442,1.958025,6,13,4,5,1.00000000,0.16690686,0.16690686,0E-8,0.000000,0.816790,0.000000,,2026-07-22,2026-07-25,2,11,7,4,0.500000,,1.000000,3.333333,,,,,,,,GLOBAL_BASELINE_NO_ENTITY_RANKING,,,NOT_APPLICABLE_GLOBAL_BASELINE,HF9g-P5,,,,X 全窗基线 · 不参与实体赏罚,8398472,840,A168_HF9F_20260827_0900,2026-08-27 09:00:00
2026-07-14,153014490,-1,1,315.4932486509,-35.3703560271,-35.3703560271,0.4000000,15,15,0.50128862000000000,0.501288620000,-0.7845808825032278,-0.7845808825032278,-0.7845808825032278,0E-17,SENTINEL_DEALER,R03b_20260811_FULL_v1,L1_ELIGIBILITY,v2026-08-11,2026-03-21..2026-08-06,baccarat_bet02_101_all_pairs_incl_sentinel,round_win = game_pnl > 0 (decisive only),COMPATIBILITY_ONLY_NOT_PRODUCTION,7278.8062,6564.6864,483.4121,283,189,-0.06641365,-0.06641365,,-0.06641365,-483.4121,7278.8062,OK,0.0000,19.3365,4.0000,96.0000,AG03-UNRESOLVED,ALL5_LEVELS_bet23_to_bet27,19.3365,19.3365,19.3365,24.1706,24.1706,4.000000,4.000000,4.000000,5.000000,5.000000,96.000000,96.000000,96.000000,95.000000,95.000000,5.0,106.3507,97.42,377.0614,385.9921,PENDING_AG03,FALSE,NOT_FOR_ENFORCEMENT,464.0756,6302.0990,483.4121,464.0756,19.3365,0.06641365,0.06375710,19.3365,464.0756,0.06375710,19.3365,19.3365,19.3365,24.1706,24.1706,464.0756,0.06375710,106.3507,97.42,377.0614,385.9921,0.05180265,0.05302959,0.00265655,25.7202,34.7338,2.5577,120.8530,6.3607,1819.7015,47.2500,25.7202,,5.1636,12.9089,25.8178,51.6356,129.0889,129.0889,12.9089,-2.5818,10.000001,10.000001,1.992438,29,36,6,6,1.00000000,0.06641365,0.06641365,0E-8,0.000000,0.901891,0.000000,,2026-07-14,2026-07-24,4,76,63,11,0.363636,,1.000000,3.333333,,,,,,,,GLOBAL_BASELINE_NO_ENTITY_RANKING,,,NOT_APPLICABLE_GLOBAL_BASELINE,HF9g-P5,,,,X 全窗基线 · 不参与实体赏罚,8398473,840,A168_HF9F_20260827_0900,2026-08-27 09:00:00
2026-07-14,153014490,1221,0,51.6355562440,-51.6355562440,-51.6355562440,0E-7,1,1,0.49324550000000000,0.493245500000,-0.9865810262130424,-0.9865810262130424,-0.9865810262130424,0E-17,ELIGIBLE,R03b_20260811_FULL_v1,L1_ELIGIBILITY,v2026-08-11,2026-03-21..2026-08-06,baccarat_bet02_101_all_pairs_incl_sentinel,round_win = game_pnl > 0 (decisive only),COMPATIBILITY_ONLY_NOT_PRODUCTION,7278.8062,6564.6864,483.4121,283,189,-0.06641365,-0.06641365,,-0.06641365,-483.4121,7278.8062,OK,0.0000,19.3365,4.0000,96.0000,AG03-UNRESOLVED,ALL5_LEVELS_bet23_to_bet27,19.3365,19.3365,19.3365,24.1706,24.1706,4.000000,4.000000,4.000000,5.000000,5.000000,96.000000,96.000000,96.000000,95.000000,95.000000,5.0,106.3507,97.42,377.0614,385.9921,PENDING_AG03,FALSE,NOT_FOR_ENFORCEMENT,464.0756,6302.0990,483.4121,464.0756,19.3365,0.06641365,0.06375710,19.3365,464.0756,0.06375710,19.3365,19.3365,19.3365,24.1706,24.1706,464.0756,0.06375710,106.3507,97.42,377.0614,385.9921,0.05180265,0.05302959,0.00265655,25.7202,34.7338,2.5577,120.8530,6.3607,1819.7015,47.2500,25.7202,,5.1636,12.9089,25.8178,51.6356,129.0889,129.0889,12.9089,-2.5818,10.000001,10.000001,1.992438,29,36,6,6,1.00000000,0.06641365,0.06641365,0E-8,0.000000,0.901891,0.000000,,2026-07-14,2026-07-24,4,76,63,11,0.363636,,1.000000,3.333333,,,,,,,,GLOBAL_BASELINE_NO_ENTITY_RANKING,,,NOT_APPLICABLE_GLOBAL_BASELINE,HF9g-P5,,,,X 全窗基线 · 不参与实体赏罚,8398474,840,A168_HF9F_20260827_0900,2026-08-27 09:00:00
2026-07-14,153014490,1299,0,374.3577827692,-260.7595590324,-260.7595590324,0E-7,7,4,0.49018174000000688,0.417979043750,-1.6983668279259567,-1.467805701477222,-1.6983668279259567,0.07220269625000688,ELIGIBLE,R03b_20260811_FULL_v1,L1_ELIGIBILITY,v2026-08-11,2026-03-21..2026-08-06,baccarat_bet02_101_all_pairs_incl_sentinel,round_win = game_pnl > 0 (decisive only),COMPATIBILITY_ONLY_NOT_PRODUCTION,7278.8062,6564.6864,483.4121,283,189,-0.06641365,-0.06641365,,-0.06641365,-483.4121,7278.8062,OK,0.0000,19.3365,4.0000,96.0000,AG03-UNRESOLVED,ALL5_LEVELS_bet23_to_bet27,19.3365,19.3365,19.3365,24.1706,24.1706,4.000000,4.000000,4.000000,5.000000,5.000000,96.000000,96.000000,96.000000,95.000000,95.000000,5.0,106.3507,97.42,377.0614,385.9921,PENDING_AG03,FALSE,NOT_FOR_ENFORCEMENT,464.0756,6302.0990,483.4121,464.0756,19.3365,0.06641365,0.06375710,19.3365,464.0756,0.06375710,19.3365,19.3365,19.3365,24.1706,24.1706,464.0756,0.06375710,106.3507,97.42,377.0614,385.9921,0.05180265,0.05302959,0.00265655,25.7202,34.7338,2.5577,120.8530,6.3607,1819.7015,47.2500,25.7202,,5.1636,12.9089,25.8178,51.6356,129.0889,129.0889,12.9089,-2.5818,10.000001,10.000001,1.992438,29,36,6,6,1.00000000,0.06641365,0.06641365,0E-8,0.000000,0.901891,0.000000,,2026-07-14,2026-07-24,4,76,63,11,0.363636,,1.000000,3.333333,,,,,,,,GLOBAL_BASELINE_NO_ENTITY_RANKING,,,NOT_APPLICABLE_GLOBAL_BASELINE,HF9g-P5,,,,X 全窗基线 · 不参与实体赏罚,8398475,840,A168_HF9F_20260827_0900,2026-08-27 09:00:00
2026-07-14,153014490,1307,0,103.2711124880,0E-10,0E-10,0.5000000,2,2,0.49994810000000000,0.499948100000,0.00014679536856514622,0.00014679536856514622,0.00014679536856514622,0E-17,ELIGIBLE,R03b_20260811_FULL_v1,L1_ELIGIBILITY,v2026-08-11,2026-03-21..2026-08-06,baccarat_bet02_101_all_pairs_incl_sentinel,round_win = game_pnl > 0 (decisive only),COMPATIBILITY_ONLY_NOT_PRODUCTION,7278.8062,6564.6864,483.4121,283,189,-0.06641365,-0.06641365,,-0.06641365,-483.4121,7278.8062,OK,0.0000,19.3365,4.0000,96.0000,AG03-UNRESOLVED,ALL5_LEVELS_bet23_to_bet27,19.3365,19.3365,19.3365,24.1706,24.1706,4.000000,4.000000,4.000000,5.000000,5.000000,96.000000,96.000000,96.000000,95.000000,95.000000,5.0,106.3507,97.42,377.0614,385.9921,PENDING_AG03,FALSE,NOT_FOR_ENFORCEMENT,464.0756,6302.0990,483.4121,464.0756,19.3365,0.06641365,0.06375710,19.3365,464.0756,0.06375710,19.3365,19.3365,19.3365,24.1706,24.1706,464.0756,0.06375710,106.3507,97.42,377.0614,385.9921,0.05180265,0.05302959,0.00265655,25.7202,34.7338,2.5577,120.8530,6.3607,1819.7015,47.2500,25.7202,,5.1636,12.9089,25.8178,51.6356,129.0889,129.0889,12.9089,-2.5818,10.000001,10.000001,1.992438,29,36,6,6,1.00000000,0.06641365,0.06641365,0E-8,0.000000,0.901891,0.000000,,2026-07-14,2026-07-24,4,76,63,11,0.363636,,1.000000,3.333333,,,,,,,,GLOBAL_BASELINE_NO_ENTITY_RANKING,,,NOT_APPLICABLE_GLOBAL_BASELINE,HF9g-P5,,,,X 全窗基线 · 不参与实体赏罚,8398476,840,A168_HF9F_20260827_0900,2026-08-27 09:00:00
2026-07-14,153014490,1331,0,116.1800015490,-12.9088890610,-12.9088890610,0.7500000,4,4,0.49659680000000000,0.496596800000,1.0136362796769356,1.0136362796769358,1.0136362796769356,0E-17,ELIGIBLE,R03b_20260811_FULL_v1,L1_ELIGIBILITY,v2026-08-11,2026-03-21..2026-08-06,baccarat_bet02_101_all_pairs_incl_sentinel,round_win = game_pnl > 0 (decisive only),COMPATIBILITY_ONLY_NOT_PRODUCTION,7278.8062,6564.6864,483.4121,283,189,-0.06641365,-0.06641365,,-0.06641365,-483.4121,7278.8062,OK,0.0000,19.3365,4.0000,96.0000,AG03-UNRESOLVED,ALL5_LEVELS_bet23_to_bet27,19.3365,19.3365,19.3365,24.1706,24.1706,4.000000,4.000000,4.000000,5.000000,5.000000,96.000000,96.000000,96.000000,95.000000,95.000000,5.0,106.3507,97.42,377.0614,385.9921,PENDING_AG03,FALSE,NOT_FOR_ENFORCEMENT,464.0756,6302.0990,483.4121,464.0756,19.3365,0.06641365,0.06375710,19.3365,464.0756,0.06375710,19.3365,19.3365,19.3365,24.1706,24.1706,464.0756,0.06375710,106.3507,97.42,377.0614,385.9921,0.05180265,0.05302959,0.00265655,25.7202,34.7338,2.5577,120.8530,6.3607,1819.7015,47.2500,25.7202,,5.1636,12.9089,25.8178,51.6356,129.0889,129.0889,12.9089,-2.5818,10.000001,10.000001,1.992438,29,36,6,6,1.00000000,0.06641365,0.06641365,0E-8,0.000000,0.901891,0.000000,,2026-07-14,2026-07-24,4,76,63,11,0.363636,,1.000000,3.333333,,,,,,,,GLOBAL_BASELINE_NO_ENTITY_RANKING,,,NOT_APPLICABLE_GLOBAL_BASELINE,HF9g-P5,,,,X 全窗基线 · 不参与实体赏罚,8398477,840,A168_HF9F_20260827_0900,2026-08-27 09:00:00
2026-07-14,153014490,1750,0,214.2875584127,215.1911806469,215.1911806469,1.0000000,8,2,0.44323797875863345,0.168720575000,1.5850074809888244,3.139095223797383,1.5850074809888244,0.27451740375863345,ELIGIBLE,R03b_20260811_FULL_v1,L1_ELIGIBILITY,v2026-08-11,2026-03-21..2026-08-06,baccarat_bet02_101_all_pairs_incl_sentinel,round_win = game_pnl > 0 (decisive only),COMPATIBILITY_ONLY_NOT_PRODUCTION,7278.8062,6564.6864,483.4121,283,189,-0.06641365,-0.06641365,,-0.06641365,-483.4121,7278.8062,OK,0.0000,19.3365,4.0000,96.0000,AG03-UNRESOLVED,ALL5_LEVELS_bet23_to_bet27,19.3365,19.3365,19.3365,24.1706,24.1706,4.000000,4.000000,4.000000,5.000000,5.000000,96.000000,96.000000,96.000000,95.000000,95.000000,5.0,106.3507,97.42,377.0614,385.9921,PENDING_AG03,FALSE,NOT_FOR_ENFORCEMENT,464.0756,6302.0990,483.4121,464.0756,19.3365,0.06641365,0.06375710,19.3365,464.0756,0.06375710,19.3365,19.3365,19.3365,24.1706,24.1706,464.0756,0.06375710,106.3507,97.42,377.0614,385.9921,0.05180265,0.05302959,0.00265655,25.7202,34.7338,2.5577,120.8530,6.3607,1819.7015,47.2500,25.7202,,5.1636,12.9089,25.8178,51.6356,129.0889,129.0889,12.9089,-2.5818,10.000001,10.000001,1.992438,29,36,6,6,1.00000000,0.06641365,0.06641365,0E-8,0.000000,0.901891,0.000000,,2026-07-14,2026-07-24,4,76,63,11,0.363636,,1.000000,3.333333,,,,,,,,GLOBAL_BASELINE_NO_ENTITY_RANKING,,,NOT_APPLICABLE_GLOBAL_BASELINE,HF9g-P5,,,,X 全窗基线 · 不参与实体赏罚,8398478,840,A168_HF9F_20260827_0900,2026-08-27 09:00:00
2026-07-14,153014490,1985,0,38.7266671830,-38.7266671830,-38.7266671830,0E-7,2,2,0.49994810000000000,0.499948100000,-1.4140667746232096,-1.4140667746232096,-1.4140667746232096,0E-17,ELIGIBLE,R03b_20260811_FULL_v1,L1_ELIGIBILITY,v2026-08-11,2026-03-21..2026-08-06,baccarat_bet02_101_all_pairs_incl_sentinel,round_win = game_pnl > 0 (decisive only),COMPATIBILITY_ONLY_NOT_PRODUCTION,7278.8062,6564.6864,483.4121,283,189,-0.06641365,-0.06641365,,-0.06641365,-483.4121,7278.8062,OK,0.0000,19.3365,4.0000,96.0000,AG03-UNRESOLVED,ALL5_LEVELS_bet23_to_bet27,19.3365,19.3365,19.3365,24.1706,24.1706,4.000000,4.000000,4.000000,5.000000,5.000000,96.000000,96.000000,96.000000,95.000000,95.000000,5.0,106.3507,97.42,377.0614,385.9921,PENDING_AG03,FALSE,NOT_FOR_ENFORCEMENT,464.0756,6302.0990,483.4121,464.0756,19.3365,0.06641365,0.06375710,19.3365,464.0756,0.06375710,19.3365,19.3365,19.3365,24.1706,24.1706,464.0756,0.06375710,106.3507,97.42,377.0614,385.9921,0.05180265,0.05302959,0.00265655,25.7202,34.7338,2.5577,120.8530,6.3607,1819.7015,47.2500,25.7202,,5.1636,12.9089,25.8178,51.6356,129.0889,129.0889,12.9089,-2.5818,10.000001,10.000001,1.992438,29,36,6,6,1.00000000,0.06641365,0.06641365,0E-8,0.000000,0.901891,0.000000,,2026-07-14,2026-07-24,4,76,63,11,0.363636,,1.000000,3.333333,,,,,,,,GLOBAL_BASELINE_NO_ENTITY_RANKING,,,NOT_APPLICABLE_GLOBAL_BASELINE,HF9g-P5,,,,X 全窗基线 · 不参与实体赏罚,8398479,840,A168_HF9F_20260827_0900,2026-08-27 09:00:00
2026-07-14,153014490,2147,0,25.8177781220,-25.8177781220,-25.8177781220,0E-7,1,1,0.49324550000000000,0.493245500000,-0.9865810262130424,-0.9865810262130424,-0.9865810262130424,0E-17,ELIGIBLE,R03b_20260811_FULL_v1,L1_ELIGIBILITY,v2026-08-11,2026-03-21..2026-08-06,baccarat_bet02_101_all_pairs_incl_sentinel,round_win = game_pnl > 0 (decisive only),COMPATIBILITY_ONLY_NOT_PRODUCTION,7278.8062,6564.6864,483.4121,283,189,-0.06641365,-0.06641365,,-0.06641365,-483.4121,7278.8062,OK,0.0000,19.3365,4.0000,96.0000,AG03-UNRESOLVED,ALL5_LEVELS_bet23_to_bet27,19.3365,19.3365,19.3365,24.1706,24.1706,4.000000,4.000000,4.000000,5.000000,5.000000,96.000000,96.000000,96.000000,95.000000,95.000000,5.0,106.3507,97.42,377.0614,385.9921,PENDING_AG03,FALSE,NOT_FOR_ENFORCEMENT,464.0756,6302.0990,483.4121,464.0756,19.3365,0.06641365,0.06375710,19.3365,464.0756,0.06375710,19.3365,19.3365,19.3365,24.1706,24.1706,464.0756,0.06375710,106.3507,97.42,377.0614,385.9921,0.05180265,0.05302959,0.00265655,25.7202,34.7338,2.5577,120.8530,6.3607,1819.7015,47.2500,25.7202,,5.1636,12.9089,25.8178,51.6356,129.0889,129.0889,12.9089,-2.5818,10.000001,10.000001,1.992438,29,36,6,6,1.00000000,0.06641365,0.06641365,0E-8,0.000000,0.901891,0.000000,,2026-07-14,2026-07-24,4,76,63,11,0.363636,,1.000000,3.333333,,,,,,,,GLOBAL_BASELINE_NO_ENTITY_RANKING,,,NOT_APPLICABLE_GLOBAL_BASELINE,HF9g-P5,,,,X 全窗基线 · 不参与实体赏罚,8398480,840,A168_HF9F_20260827_0900,2026-08-27 09:00:00
2026-07-14,153014490,2155,0,77.4533343660,-25.8177781220,-25.8177781220,0.3333333,3,3,0.49324550000000000,0.493245500000,-0.5540025479526107,-0.5540025479526106,-0.5540025479526107,0E-17,ELIGIBLE,R03b_20260811_FULL_v1,L1_ELIGIBILITY,v2026-08-11,2026-03-21..2026-08-06,baccarat_bet02_101_all_pairs_incl_sentinel,round_win = game_pnl > 0 (decisive only),COMPATIBILITY_ONLY_NOT_PRODUCTION,7278.8062,6564.6864,483.4121,283,189,-0.06641365,-0.06641365,,-0.06641365,-483.4121,7278.8062,OK,0.0000,19.3365,4.0000,96.0000,AG03-UNRESOLVED,ALL5_LEVELS_bet23_to_bet27,19.3365,19.3365,19.3365,24.1706,24.1706,4.000000,4.000000,4.000000,5.000000,5.000000,96.000000,96.000000,96.000000,95.000000,95.000000,5.0,106.3507,97.42,377.0614,385.9921,PENDING_AG03,FALSE,NOT_FOR_ENFORCEMENT,464.0756,6302.0990,483.4121,464.0756,19.3365,0.06641365,0.06375710,19.3365,464.0756,0.06375710,19.3365,19.3365,19.3365,24.1706,24.1706,464.0756,0.06375710,106.3507,97.42,377.0614,385.9921,0.05180265,0.05302959,0.00265655,25.7202,34.7338,2.5577,120.8530,6.3607,1819.7015,47.2500,25.7202,,5.1636,12.9089,25.8178,51.6356,129.0889,129.0889,12.9089,-2.5818,10.000001,10.000001,1.992438,29,36,6,6,1.00000000,0.06641365,0.06641365,0E-8,0.000000,0.901891,0.000000,,2026-07-14,2026-07-24,4,76,63,11,0.363636,,1.000000,3.333333,,,,,,,,GLOBAL_BASELINE_NO_ENTITY_RANKING,,,NOT_APPLICABLE_GLOBAL_BASELINE,HF9g-P5,,,,X 全窗基线 · 不参与实体赏罚,8398481,840,A168_HF9F_20260827_0900,2026-08-27 09:00:00
2026-07-14,153014490,2167,0,77.4533343660,-77.4533343660,-77.4533343660,0E-7,1,1,0.49324550000000000,0.493245500000,-0.9865810262130424,-0.9865810262130424,-0.9865810262130424,0E-17,ELIGIBLE,R03b_20260811_FULL_v1,L1_ELIGIBILITY,v2026-08-11,2026-03-21..2026-08-06,baccarat_bet02_101_all_pairs_incl_sentinel,round_win = game_pnl > 0 (decisive only),COMPATIBILITY_ONLY_NOT_PRODUCTION,7278.8062,6564.6864,483.4121,283,189,-0.06641365,-0.06641365,,-0.06641365,-483.4121,7278.8062,OK,0.0000,19.3365,4.0000,96.0000,AG03-UNRESOLVED,ALL5_LEVELS_bet23_to_bet27,19.3365,19.3365,19.3365,24.1706,24.1706,4.000000,4.000000,4.000000,5.000000,5.000000,96.000000,96.000000,96.000000,95.000000,95.000000,5.0,106.3507,97.42,377.0614,385.9921,PENDING_AG03,FALSE,NOT_FOR_ENFORCEMENT,464.0756,6302.0990,483.4121,464.0756,19.3365,0.06641365,0.06375710,19.3365,464.0756,0.06375710,19.3365,19.3365,19.3365,24.1706,24.1706,464.0756,0.06375710,106.3507,97.42,377.0614,385.9921,0.05180265,0.05302959,0.00265655,25.7202,34.7338,2.5577,120.8530,6.3607,1819.7015,47.2500,25.7202,,5.1636,12.9089,25.8178,51.6356,129.0889,129.0889,12.9089,-2.5818,10.000001,10.000001,1.992438,29,36,6,6,1.00000000,0.06641365,0.06641365,0E-8,0.000000,0.901891,0.000000,,2026-07-14,2026-07-24,4,76,63,11,0.363636,,1.000000,3.333333,,,,,,,,GLOBAL_BASELINE_NO_ENTITY_RANKING,,,NOT_APPLICABLE_GLOBAL_BASELINE,HF9g-P5,,,,X 全窗基线 · 不参与实体赏罚,8398482,840,A168_HF9F_20260827_0900,2026-08-27 09:00:00
2026-07-14,153014490,2210,0,38.7266671830,12.9088890610,12.9088890610,0.6666667,3,3,0.49324550000000000,0.493245500000,0.6008033672792107,0.6008033672792106,0.6008033672792107,0E-17,ELIGIBLE,R03b_20260811_FULL_v1,L1_ELIGIBILITY,v2026-08-11,2026-03-21..2026-08-06,baccarat_bet02_101_all_pairs_incl_sentinel,round_win = game_pnl > 0 (decisive only),COMPATIBILITY_ONLY_NOT_PRODUCTION,7278.8062,6564.6864,483.4121,283,189,-0.06641365,-0.06641365,,-0.06641365,-483.4121,7278.8062,OK,0.0000,19.3365,4.0000,96.0000,AG03-UNRESOLVED,ALL5_LEVELS_bet23_to_bet27,19.3365,19.3365,19.3365,24.1706,24.1706,4.000000,4.000000,4.000000,5.000000,5.000000,96.000000,96.000000,96.000000,95.000000,95.000000,5.0,106.3507,97.42,377.0614,385.9921,PENDING_AG03,FALSE,NOT_FOR_ENFORCEMENT,464.0756,6302.0990,483.4121,464.0756,19.3365,0.06641365,0.06375710,19.3365,464.0756,0.06375710,19.3365,19.3365,19.3365,24.1706,24.1706,464.0756,0.06375710,106.3507,97.42,377.0614,385.9921,0.05180265,0.05302959,0.00265655,25.7202,34.7338,2.5577,120.8530,6.3607,1819.7015,47.2500,25.7202,,5.1636,12.9089,25.8178,51.6356,129.0889,129.0889,12.9089,-2.5818,10.000001,10.000001,1.992438,29,36,6,6,1.00000000,0.06641365,0.06641365,0E-8,0.000000,0.901891,0.000000,,2026-07-14,2026-07-24,4,76,63,11,0.363636,,1.000000,3.333333,,,,,,,,GLOBAL_BASELINE_NO_ENTITY_RANKING,,,NOT_APPLICABLE_GLOBAL_BASELINE,HF9g-P5,,,,X 全窗基线 · 不参与实体赏罚,8398483,840,A168_HF9F_20260827_0900,2026-08-27 09:00:00
2026-07-14,153014490,2212,0,25.8177781220,25.8177781220,25.8177781220,1.0000000,2,2,0.49324550000000000,0.493245500000,1.4334489766152358,1.4334489766152358,1.4334489766152358,0E-17,ELIGIBLE,R03b_20260811_FULL_v1,L1_ELIGIBILITY,v2026-08-11,2026-03-21..2026-08-06,baccarat_bet02_101_all_pairs_incl_sentinel,round_win = game_pnl > 0 (decisive only),COMPATIBILITY_ONLY_NOT_PRODUCTION,7278.8062,6564.6864,483.4121,283,189,-0.06641365,-0.06641365,,-0.06641365,-483.4121,7278.8062,OK,0.0000,19.3365,4.0000,96.0000,AG03-UNRESOLVED,ALL5_LEVELS_bet23_to_bet27,19.3365,19.3365,19.3365,24.1706,24.1706,4.000000,4.000000,4.000000,5.000000,5.000000,96.000000,96.000000,96.000000,95.000000,95.000000,5.0,106.3507,97.42,377.0614,385.9921,PENDING_AG03,FALSE,NOT_FOR_ENFORCEMENT,464.0756,6302.0990,483.4121,464.0756,19.3365,0.06641365,0.06375710,19.3365,464.0756,0.06375710,19.3365,19.3365,19.3365,24.1706,24.1706,464.0756,0.06375710,106.3507,97.42,377.0614,385.9921,0.05180265,0.05302959,0.00265655,25.7202,34.7338,2.5577,120.8530,6.3607,1819.7015,47.2500,25.7202,,5.1636,12.9089,25.8178,51.6356,129.0889,129.0889,12.9089,-2.5818,10.000001,10.000001,1.992438,29,36,6,6,1.00000000,0.06641365,0.06641365,0E-8,0.000000,0.901891,0.000000,,2026-07-14,2026-07-24,4,76,63,11,0.363636,,1.000000,3.333333,,,,,,,,GLOBAL_BASELINE_NO_ENTITY_RANKING,,,NOT_APPLICABLE_GLOBAL_BASELINE,HF9g-P5,,,,X 全窗基线 · 不参与实体赏罚,8398484,840,A168_HF9F_20260827_0900,2026-08-27 09:00:00
2026-07-14,153014490,2224,0,25.8177781220,-25.8177781220,-25.8177781220,0E-7,1,1,0.49324550000000000,0.493245500000,-0.9865810262130424,-0.9865810262130424,-0.9865810262130424,0E-17,ELIGIBLE,R03b_20260811_FULL_v1,L1_ELIGIBILITY,v2026-08-11,2026-03-21..2026-08-06,baccarat_bet02_101_all_pairs_incl_sentinel,round_win = game_pnl > 0 (decisive only),COMPATIBILITY_ONLY_NOT_PRODUCTION,7278.8062,6564.6864,483.4121,283,189,-0.06641365,-0.06641365,,-0.06641365,-483.4121,7278.8062,OK,0.0000,19.3365,4.0000,96.0000,AG03-UNRESOLVED,ALL5_LEVELS_bet23_to_bet27,19.3365,19.3365,19.3365,24.1706,24.1706,4.000000,4.000000,4.000000,5.000000,5.000000,96.000000,96.000000,96.000000,95.000000,95.000000,5.0,106.3507,97.42,377.0614,385.9921,PENDING_AG03,FALSE,NOT_FOR_ENFORCEMENT,464.0756,6302.0990,483.4121,464.0756,19.3365,0.06641365,0.06375710,19.3365,464.0756,0.06375710,19.3365,19.3365,19.3365,24.1706,24.1706,464.0756,0.06375710,106.3507,97.42,377.0614,385.9921,0.05180265,0.05302959,0.00265655,25.7202,34.7338,2.5577,120.8530,6.3607,1819.7015,47.2500,25.7202,,5.1636,12.9089,25.8178,51.6356,129.0889,129.0889,12.9089,-2.5818,10.000001,10.000001,1.992438,29,36,6,6,1.00000000,0.06641365,0.06641365,0E-8,0.000000,0.901891,0.000000,,2026-07-14,2026-07-24,4,76,63,11,0.363636,,1.000000,3.333333,,,,,,,,GLOBAL_BASELINE_NO_ENTITY_RANKING,,,NOT_APPLICABLE_GLOBAL_BASELINE,HF9g-P5,,,,X 全窗基线 · 不参与实体赏罚,8398485,840,A168_HF9F_20260827_0900,2026-08-27 09:00:00
2026-07-14,153014490,2229,0,125.9907572354,43.2447783546,43.2447783546,0.7142857,8,8,0.50497505000000000,0.504975050000,1.107622760077867,1.107622760077867,1.107622760077867,0E-17,ELIGIBLE,R03b_20260811_FULL_v1,L1_ELIGIBILITY,v2026-08-11,2026-03-21..2026-08-06,baccarat_bet02_101_all_pairs_incl_sentinel,round_win = game_pnl > 0 (decisive only),COMPATIBILITY_ONLY_NOT_PRODUCTION,7278.8062,6564.6864,483.4121,283,189,-0.06641365,-0.06641365,,-0.06641365,-483.4121,7278.8062,OK,0.0000,19.3365,4.0000,96.0000,AG03-UNRESOLVED,ALL5_LEVELS_bet23_to_bet27,19.3365,19.3365,19.3365,24.1706,24.1706,4.000000,4.000000,4.000000,5.000000,5.000000,96.000000,96.000000,96.000000,95.000000,95.000000,5.0,106.3507,97.42,377.0614,385.9921,PENDING_AG03,FALSE,NOT_FOR_ENFORCEMENT,464.0756,6302.0990,483.4121,464.0756,19.3365,0.06641365,0.06375710,19.3365,464.0756,0.06375710,19.3365,19.3365,19.3365,24.1706,24.1706,464.0756,0.06375710,106.3507,97.42,377.0614,385.9921,0.05180265,0.05302959,0.00265655,25.7202,34.7338,2.5577,120.8530,6.3607,1819.7015,47.2500,25.7202,,5.1636,12.9089,25.8178,51.6356,129.0889,129.0889,12.9089,-2.5818,10.000001,10.000001,1.992438,29,36,6,6,1.00000000,0.06641365,0.06641365,0E-8,0.000000,0.901891,0.000000,,2026-07-14,2026-07-24,4,76,63,11,0.363636,,1.000000,3.333333,,,,,,,,GLOBAL_BASELINE_NO_ENTITY_RANKING,,,NOT_APPLICABLE_GLOBAL_BASELINE,HF9g-P5,,,,X 全窗基线 · 不参与实体赏罚,8398486,840,A168_HF9F_20260827_0900,2026-08-27 09:00:00
2026-07-14,153014490,2233,0,38.7266671830,12.9088890610,12.9088890610,0.6666667,3,3,0.49324550000000000,0.493245500000,0.6008033672792107,0.6008033672792106,0.6008033672792107,0E-17,ELIGIBLE,R03b_20260811_FULL_v1,L1_ELIGIBILITY,v2026-08-11,2026-03-21..2026-08-06,baccarat_bet02_101_all_pairs_incl_sentinel,round_win = game_pnl > 0 (decisive only),COMPATIBILITY_ONLY_NOT_PRODUCTION,7278.8062,6564.6864,483.4121,283,189,-0.06641365,-0.06641365,,-0.06641365,-483.4121,7278.8062,OK,0.0000,19.3365,4.0000,96.0000,AG03-UNRESOLVED,ALL5_LEVELS_bet23_to_bet27,19.3365,19.3365,19.3365,24.1706,24.1706,4.000000,4.000000,4.000000,5.000000,5.000000,96.000000,96.000000,96.000000,95.000000,95.000000,5.0,106.3507,97.42,377.0614,385.9921,PENDING_AG03,FALSE,NOT_FOR_ENFORCEMENT,464.0756,6302.0990,483.4121,464.0756,19.3365,0.06641365,0.06375710,19.3365,464.0756,0.06375710,19.3365,19.3365,19.3365,24.1706,24.1706,464.0756,0.06375710,106.3507,97.42,377.0614,385.9921,0.05180265,0.05302959,0.00265655,25.7202,34.7338,2.5577,120.8530,6.3607,1819.7015,47.2500,25.7202,,5.1636,12.9089,25.8178,51.6356,129.0889,129.0889,12.9089,-2.5818,10.000001,10.000001,1.992438,29,36,6,6,1.00000000,0.06641365,0.06641365,0E-8,0.000000,0.901891,0.000000,,2026-07-14,2026-07-24,4,76,63,11,0.363636,,1.000000,3.333333,,,,,,,,GLOBAL_BASELINE_NO_ENTITY_RANKING,,,NOT_APPLICABLE_GLOBAL_BASELINE,HF9g-P5,,,,X 全窗基线 · 不参与实体赏罚,8398487,840,A168_HF9F_20260827_0900,2026-08-27 09:00:00
2026-07-14,153014490,2258,0,23.2360003098,-23.2360003098,-23.2360003098,0E-7,2,2,0.49324550000000000,0.493245500000,-1.3952362676504506,-1.3952362676504506,-1.3952362676504506,0E-17,ELIGIBLE,R03b_20260811_FULL_v1,L1_ELIGIBILITY,v2026-08-11,2026-03-21..2026-08-06,baccarat_bet02_101_all_pairs_incl_sentinel,round_win = game_pnl > 0 (decisive only),COMPATIBILITY_ONLY_NOT_PRODUCTION,7278.8062,6564.6864,483.4121,283,189,-0.06641365,-0.06641365,,-0.06641365,-483.4121,7278.8062,OK,0.0000,19.3365,4.0000,96.0000,AG03-UNRESOLVED,ALL5_LEVELS_bet23_to_bet27,19.3365,19.3365,19.3365,24.1706,24.1706,4.000000,4.000000,4.000000,5.000000,5.000000,96.000000,96.000000,96.000000,95.000000,95.000000,5.0,106.3507,97.42,377.0614,385.9921,PENDING_AG03,FALSE,NOT_FOR_ENFORCEMENT,464.0756,6302.0990,483.4121,464.0756,19.3365,0.06641365,0.06375710,19.3365,464.0756,0.06375710,19.3365,19.3365,19.3365,24.1706,24.1706,464.0756,0.06375710,106.3507,97.42,377.0614,385.9921,0.05180265,0.05302959,0.00265655,25.7202,34.7338,2.5577,120.8530,6.3607,1819.7015,47.2500,25.7202,,5.1636,12.9089,25.8178,51.6356,129.0889,129.0889,12.9089,-2.5818,10.000001,10.000001,1.992438,29,36,6,6,1.00000000,0.06641365,0.06641365,0E-8,0.000000,0.901891,0.000000,,2026-07-14,2026-07-24,4,76,63,11,0.363636,,1.000000,3.333333,,,,,,,,GLOBAL_BASELINE_NO_ENTITY_RANKING,,,NOT_APPLICABLE_GLOBAL_BASELINE,HF9g-P5,,,,X 全窗基线 · 不参与实体赏罚,8398488,840,A168_HF9F_20260827_0900,2026-08-27 09:00:00
2026-07-14,153014490,2278,0,274.1848036556,21.5320269538,21.5320269538,0.5000000,48,14,0.33668237152813221,0.221739934524,1.293082172731801,2.506285665612442,1.293082172731801,0.11494243700413221,ELIGIBLE,R03b_20260811_FULL_v1,L1_ELIGIBILITY,v2026-08-11,2026-03-21..2026-08-06,baccarat_bet02_101_all_pairs_incl_sentinel,round_win = game_pnl > 0 (decisive only),COMPATIBILITY_ONLY_NOT_PRODUCTION,7278.8062,6564.6864,483.4121,283,189,-0.06641365,-0.06641365,,-0.06641365,-483.4121,7278.8062,OK,0.0000,19.3365,4.0000,96.0000,AG03-UNRESOLVED,ALL5_LEVELS_bet23_to_bet27,19.3365,19.3365,19.3365,24.1706,24.1706,4.000000,4.000000,4.000000,5.000000,5.000000,96.000000,96.000000,96.000000,95.000000,95.000000,5.0,106.3507,97.42,377.0614,385.9921,PENDING_AG03,FALSE,NOT_FOR_ENFORCEMENT,464.0756,6302.0990,483.4121,464.0756,19.3365,0.06641365,0.06375710,19.3365,464.0756,0.06375710,19.3365,19.3365,19.3365,24.1706,24.1706,464.0756,0.06375710,106.3507,97.42,377.0614,385.9921,0.05180265,0.05302959,0.00265655,25.7202,34.7338,2.5577,120.8530,6.3607,1819.7015,47.2500,25.7202,,5.1636,12.9089,25.8178,51.6356,129.0889,129.0889,12.9089,-2.5818,10.000001,10.000001,1.992438,29,36,6,6,1.00000000,0.06641365,0.06641365,0E-8,0.000000,0.901891,0.000000,,2026-07-14,2026-07-24,4,76,63,11,0.363636,,1.000000,3.333333,,,,,,,,GLOBAL_BASELINE_NO_ENTITY_RANKING,,,NOT_APPLICABLE_GLOBAL_BASELINE,HF9g-P5,,,,X 全窗基线 · 不参与实体赏罚,8398489,840,A168_HF9F_20260827_0900,2026-08-27 09:00:00
2026-07-14,153014490,2289,0,95.5257790514,-65.3189786486,-65.3189786486,0.2000000,18,5,0.30891054857142857,0.192439900000,-0.5270738214328986,0.042882249015221224,-0.5270738214328986,0.11647064857142857,ELIGIBLE,R03b_20260811_FULL_v1,L1_ELIGIBILITY,v2026-08-11,2026-03-21..2026-08-06,baccarat_bet02_101_all_pairs_incl_sentinel,round_win = game_pnl > 0 (decisive only),COMPATIBILITY_ONLY_NOT_PRODUCTION,7278.8062,6564.6864,483.4121,283,189,-0.06641365,-0.06641365,,-0.06641365,-483.4121,7278.8062,OK,0.0000,19.3365,4.0000,96.0000,AG03-UNRESOLVED,ALL5_LEVELS_bet23_to_bet27,19.3365,19.3365,19.3365,24.1706,24.1706,4.000000,4.000000,4.000000,5.000000,5.000000,96.000000,96.000000,96.000000,95.000000,95.000000,5.0,106.3507,97.42,377.0614,385.9921,PENDING_AG03,FALSE,NOT_FOR_ENFORCEMENT,464.0756,6302.0990,483.4121,464.0756,19.3365,0.06641365,0.06375710,19.3365,464.0756,0.06375710,19.3365,19.3365,19.3365,24.1706,24.1706,464.0756,0.06375710,106.3507,97.42,377.0614,385.9921,0.05180265,0.05302959,0.00265655,25.7202,34.7338,2.5577,120.8530,6.3607,1819.7015,47.2500,25.7202,,5.1636,12.9089,25.8178,51.6356,129.0889,129.0889,12.9089,-2.5818,10.000001,10.000001,1.992438,29,36,6,6,1.00000000,0.06641365,0.06641365,0E-8,0.000000,0.901891,0.000000,,2026-07-14,2026-07-24,4,76,63,11,0.363636,,1.000000,3.333333,,,,,,,,GLOBAL_BASELINE_NO_ENTITY_RANKING,,,NOT_APPLICABLE_GLOBAL_BASELINE,HF9g-P5,,,,X 全窗基线 · 不参与实体赏罚,8398490,840,A168_HF9F_20260827_0900,2026-08-27 09:00:00
2026-07-14,153014490,595,0,64.5444453050,38.7266671830,38.7266671830,1.0000000,4,1,0.40730153200000000,0.165369275000,1.2063098680737598,2.2465690572607473,1.2063098680737598,0.24193225700000000,ELIGIBLE,R03b_20260811_FULL_v1,L1_ELIGIBILITY,v2026-08-11,2026-03-21..2026-08-06,baccarat_bet02_101_all_pairs_incl_sentinel,round_win = game_pnl > 0 (decisive only),COMPATIBILITY_ONLY_NOT_PRODUCTION,7278.8062,6564.6864,483.4121,283,189,-0.06641365,-0.06641365,,-0.06641365,-483.4121,7278.8062,OK,0.0000,19.3365,4.0000,96.0000,AG03-UNRESOLVED,ALL5_LEVELS_bet23_to_bet27,19.3365,19.3365,19.3365,24.1706,24.1706,4.000000,4.000000,4.000000,5.000000,5.000000,96.000000,96.000000,96.000000,95.000000,95.000000,5.0,106.3507,97.42,377.0614,385.9921,PENDING_AG03,FALSE,NOT_FOR_ENFORCEMENT,464.0756,6302.0990,483.4121,464.0756,19.3365,0.06641365,0.06375710,19.3365,464.0756,0.06375710,19.3365,19.3365,19.3365,24.1706,24.1706,464.0756,0.06375710,106.3507,97.42,377.0614,385.9921,0.05180265,0.05302959,0.00265655,25.7202,34.7338,2.5577,120.8530,6.3607,1819.7015,47.2500,25.7202,,5.1636,12.9089,25.8178,51.6356,129.0889,129.0889,12.9089,-2.5818,10.000001,10.000001,1.992438,29,36,6,6,1.00000000,0.06641365,0.06641365,0E-8,0.000000,0.901891,0.000000,,2026-07-14,2026-07-24,4,76,63,11,0.363636,,1.000000,3.333333,,,,,,,,GLOBAL_BASELINE_NO_ENTITY_RANKING,,,NOT_APPLICABLE_GLOBAL_BASELINE,HF9g-P5,,,,X 全窗基线 · 不参与实体赏罚,8398491,840,A168_HF9F_20260827_0900,2026-08-27 09:00:00
2026-07-14,153014490,986,0,10.3271112488,10.3271112488,10.3271112488,1.0000000,1,1,0.49324550000000000,0.493245500000,1.01360149184955,1.01360149184955,1.01360149184955,0E-17,ELIGIBLE,R03b_20260811_FULL_v1,L1_ELIGIBILITY,v2026-08-11,2026-03-21..2026-08-06,baccarat_bet02_101_all_pairs_incl_sentinel,round_win = game_pnl > 0 (decisive only),COMPATIBILITY_ONLY_NOT_PRODUCTION,7278.8062,6564.6864,483.4121,283,189,-0.06641365,-0.06641365,,-0.06641365,-483.4121,7278.8062,OK,0.0000,19.3365,4.0000,96.0000,AG03-UNRESOLVED,ALL5_LEVELS_bet23_to_bet27,19.3365,19.3365,19.3365,24.1706,24.1706,4.000000,4.000000,4.000000,5.000000,5.000000,96.000000,96.000000,96.000000,95.000000,95.000000,5.0,106.3507,97.42,377.0614,385.9921,PENDING_AG03,FALSE,NOT_FOR_ENFORCEMENT,464.0756,6302.0990,483.4121,464.0756,19.3365,0.06641365,0.06375710,19.3365,464.0756,0.06375710,19.3365,19.3365,19.3365,24.1706,24.1706,464.0756,0.06375710,106.3507,97.42,377.0614,385.9921,0.05180265,0.05302959,0.00265655,25.7202,34.7338,2.5577,120.8530,6.3607,1819.7015,47.2500,25.7202,,5.1636,12.9089,25.8178,51.6356,129.0889,129.0889,12.9089,-2.5818,10.000001,10.000001,1.992438,29,36,6,6,1.00000000,0.06641365,0.06641365,0E-8,0.000000,0.901891,0.000000,,2026-07-14,2026-07-24,4,76,63,11,0.363636,,1.000000,3.333333,,,,,,,,GLOBAL_BASELINE_NO_ENTITY_RANKING,,,NOT_APPLICABLE_GLOBAL_BASELINE,HF9g-P5,,,,X 全窗基线 · 不参与实体赏罚,8398492,840,A168_HF9F_20260827_0900,2026-08-27 09:00:00
2026-07-15,153014490,-1,1,908.2694343322,124.5707794386,124.5707794386,0.7222222,21,21,0.50090561428571429,0.500905614286,1.8779367714675779,1.8779367714651554,1.8779367714675779,-2.8571E-13,SENTINEL_DEALER,R03b_20260811_FULL_v1,L1_ELIGIBILITY,v2026-08-11,2026-03-21..2026-08-06,baccarat_bet02_101_all_pairs_incl_sentinel,round_win = game_pnl > 0 (decisive only),COMPATIBILITY_ONLY_NOT_PRODUCTION,7278.8062,6564.6864,483.4121,283,189,-0.06641365,-0.06641365,,-0.06641365,-483.4121,7278.8062,OK,0.0000,19.3365,4.0000,96.0000,AG03-UNRESOLVED,ALL5_LEVELS_bet23_to_bet27,19.3365,19.3365,19.3365,24.1706,24.1706,4.000000,4.000000,4.000000,5.000000,5.000000,96.000000,96.000000,96.000000,95.000000,95.000000,5.0,106.3507,97.42,377.0614,385.9921,PENDING_AG03,FALSE,NOT_FOR_ENFORCEMENT,464.0756,6302.0990,483.4121,464.0756,19.3365,0.06641365,0.06375710,19.3365,464.0756,0.06375710,19.3365,19.3365,19.3365,24.1706,24.1706,464.0756,0.06375710,106.3507,97.42,377.0614,385.9921,0.05180265,0.05302959,0.00265655,25.7202,34.7338,2.5577,120.8530,6.3607,1819.7015,47.2500,25.7202,,5.1636,12.9089,25.8178,51.6356,129.0889,129.0889,12.9089,-2.5818,10.000001,10.000001,1.992438,29,36,6,6,1.00000000,0.06641365,0.06641365,0E-8,0.000000,0.901891,0.000000,,2026-07-14,2026-07-24,4,76,63,11,0.363636,,1.000000,3.333333,,,,,,,,GLOBAL_BASELINE_NO_ENTITY_RANKING,,,NOT_APPLICABLE_GLOBAL_BASELINE,HF9g-P5,,,,X 全窗基线 · 不参与实体赏罚,8398493,840,A168_HF9F_20260827_0900,2026-08-27 09:00:00
2026-07-15,153014490,1205,0,154.9066687320,45.1811117135,45.1811117135,1.0000000,8,4,0.45914218854166667,0.361549483334,1.5349101255691653,1.8792940839077221,1.5349101255691653,0.09759270520766667,ELIGIBLE,R03b_20260811_FULL_v1,L1_ELIGIBILITY,v2026-08-11,2026-03-21..2026-08-06,baccarat_bet02_101_all_pairs_incl_sentinel,round_win = game_pnl > 0 (decisive only),COMPATIBILITY_ONLY_NOT_PRODUCTION,7278.8062,6564.6864,483.4121,283,189,-0.06641365,-0.06641365,,-0.06641365,-483.4121,7278.8062,OK,0.0000,19.3365,4.0000,96.0000,AG03-UNRESOLVED,ALL5_LEVELS_bet23_to_bet27,19.3365,19.3365,19.3365,24.1706,24.1706,4.000000,4.000000,4.000000,5.000000,5.000000,96.000000,96.000000,96.000000,95.000000,95.000000,5.0,106.3507,97.42,377.0614,385.9921,PENDING_AG03,FALSE,NOT_FOR_ENFORCEMENT,464.0756,6302.0990,483.4121,464.0756,19.3365,0.06641365,0.06375710,19.3365,464.0756,0.06375710,19.3365,19.3365,19.3365,24.1706,24.1706,464.0756,0.06375710,106.3507,97.42,377.0614,385.9921,0.05180265,0.05302959,0.00265655,25.7202,34.7338,2.5577,120.8530,6.3607,1819.7015,47.2500,25.7202,,5.1636,12.9089,25.8178,51.6356,129.0889,129.0889,12.9089,-2.5818,10.000001,10.000001,1.992438,29,36,6,6,1.00000000,0.06641365,0.06641365,0E-8,0.000000,0.901891,0.000000,,2026-07-14,2026-07-24,4,76,63,11,0.363636,,1.000000,3.333333,,,,,,,,GLOBAL_BASELINE_NO_ENTITY_RANKING,,,NOT_APPLICABLE_GLOBAL_BASELINE,HF9g-P5,,,,X 全窗基线 · 不参与实体赏罚,8398494,840,A168_HF9F_20260827_0900,2026-08-27 09:00:00
2026-07-15,153014490,1323,0,53.9591562750,-53.9591562750,-53.9591562750,0E-7,3,3,0.50218230000000000,0.502182300000,-1.7396270863184011,-1.7396270863184016,-1.7396270863184011,0E-17,ELIGIBLE,R03b_20260811_FULL_v1,L1_ELIGIBILITY,v2026-08-11,2026-03-21..2026-08-06,baccarat_bet02_101_all_pairs_incl_sentinel,round_win = game_pnl > 0 (decisive only),COMPATIBILITY_ONLY_NOT_PRODUCTION,7278.8062,6564.6864,483.4121,283,189,-0.06641365,-0.06641365,,-0.06641365,-483.4121,7278.8062,OK,0.0000,19.3365,4.0000,96.0000,AG03-UNRESOLVED,ALL5_LEVELS_bet23_to_bet27,19.3365,19.3365,19.3365,24.1706,24.1706,4.000000,4.000000,4.000000,5.000000,5.000000,96.000000,96.000000,96.000000,95.000000,95.000000,5.0,106.3507,97.42,377.0614,385.9921,PENDING_AG03,FALSE,NOT_FOR_ENFORCEMENT,464.0756,6302.0990,483.4121,464.0756,19.3365,0.06641365,0.06375710,19.3365,464.0756,0.06375710,19.3365,19.3365,19.3365,24.1706,24.1706,464.0756,0.06375710,106.3507,97.42,377.0614,385.9921,0.05180265,0.05302959,0.00265655,25.7202,34.7338,2.5577,120.8530,6.3607,1819.7015,47.2500,25.7202,,5.1636,12.9089,25.8178,51.6356,129.0889,129.0889,12.9089,-2.5818,10.000001,10.000001,1.992438,29,36,6,6,1.00000000,0.06641365,0.06641365,0E-8,0.000000,0.901891,0.000000,,2026-07-14,2026-07-24,4,76,63,11,0.363636,,1.000000,3.333333,,,,,,,,GLOBAL_BASELINE_NO_ENTITY_RANKING,,,NOT_APPLICABLE_GLOBAL_BASELINE,HF9g-P5,,,,X 全窗基线 · 不参与实体赏罚,8398495,840,A168_HF9F_20260827_0900,2026-08-27 09:00:00
2026-07-15,153014490,1363,0,51.6355562440,-51.6355562440,-51.6355562440,0E-7,1,1,0.50665070000000000,0.506650700000,-1.013391052207602,-1.013391052207602,-1.013391052207602,0E-17,ELIGIBLE,R03b_20260811_FULL_v1,L1_ELIGIBILITY,v2026-08-11,2026-03-21..2026-08-06,baccarat_bet02_101_all_pairs_incl_sentinel,round_win = game_pnl > 0 (decisive only),COMPATIBILITY_ONLY_NOT_PRODUCTION,7278.8062,6564.6864,483.4121,283,189,-0.06641365,-0.06641365,,-0.06641365,-483.4121,7278.8062,OK,0.0000,19.3365,4.0000,96.0000,AG03-UNRESOLVED,ALL5_LEVELS_bet23_to_bet27,19.3365,19.3365,19.3365,24.1706,24.1706,4.000000,4.000000,4.000000,5.000000,5.000000,96.000000,96.000000,96.000000,95.000000,95.000000,5.0,106.3507,97.42,377.0614,385.9921,PENDING_AG03,FALSE,NOT_FOR_ENFORCEMENT,464.0756,6302.0990,483.4121,464.0756,19.3365,0.06641365,0.06375710,19.3365,464.0756,0.06375710,19.3365,19.3365,19.3365,24.1706,24.1706,464.0756,0.06375710,106.3507,97.42,377.0614,385.9921,0.05180265,0.05302959,0.00265655,25.7202,34.7338,2.5577,120.8530,6.3607,1819.7015,47.2500,25.7202,,5.1636,12.9089,25.8178,51.6356,129.0889,129.0889,12.9089,-2.5818,10.000001,10.000001,1.992438,29,36,6,6,1.00000000,0.06641365,0.06641365,0E-8,0.000000,0.901891,0.000000,,2026-07-14,2026-07-24,4,76,63,11,0.363636,,1.000000,3.333333,,,,,,,,GLOBAL_BASELINE_NO_ENTITY_RANKING,,,NOT_APPLICABLE_GLOBAL_BASELINE,HF9g-P5,,,,X 全窗基线 · 不参与实体赏罚,8398496,840,A168_HF9F_20260827_0900,2026-08-27 09:00:00
2026-07-15,153014490,1505,0,167.8155577931,-90.3622234271,-90.3622234271,0.5000000,2,2,0.49994810000000000,0.499948100000,0.00014679536856514622,0.00014679536856514622,0.00014679536856514622,0E-17,ELIGIBLE,R03b_20260811_FULL_v1,L1_ELIGIBILITY,v2026-08-11,2026-03-21..2026-08-06,baccarat_bet02_101_all_pairs_incl_sentinel,round_win = game_pnl > 0 (decisive only),COMPATIBILITY_ONLY_NOT_PRODUCTION,7278.8062,6564.6864,483.4121,283,189,-0.06641365,-0.06641365,,-0.06641365,-483.4121,7278.8062,OK,0.0000,19.3365,4.0000,96.0000,AG03-UNRESOLVED,ALL5_LEVELS_bet23_to_bet27,19.3365,19.3365,19.3365,24.1706,24.1706,4.000000,4.000000,4.000000,5.000000,5.000000,96.000000,96.000000,96.000000,95.000000,95.000000,5.0,106.3507,97.42,377.0614,385.9921,PENDING_AG03,FALSE,NOT_FOR_ENFORCEMENT,464.0756,6302.0990,483.4121,464.0756,19.3365,0.06641365,0.06375710,19.3365,464.0756,0.06375710,19.3365,19.3365,19.3365,24.1706,24.1706,464.0756,0.06375710,106.3507,97.42,377.0614,385.9921,0.05180265,0.05302959,0.00265655,25.7202,34.7338,2.5577,120.8530,6.3607,1819.7015,47.2500,25.7202,,5.1636,12.9089,25.8178,51.6356,129.0889,129.0889,12.9089,-2.5818,10.000001,10.000001,1.992438,29,36,6,6,1.00000000,0.06641365,0.06641365,0E-8,0.000000,0.901891,0.000000,,2026-07-14,2026-07-24,4,76,63,11,0.363636,,1.000000,3.333333,,,,,,,,GLOBAL_BASELINE_NO_ENTITY_RANKING,,,NOT_APPLICABLE_GLOBAL_BASELINE,HF9g-P5,,,,X 全窗基线 · 不参与实体赏罚,8398497,840,A168_HF9F_20260827_0900,2026-08-27 09:00:00
2026-07-15,153014490,1710,0,14.1997779671,-14.1997779671,-14.1997779671,0E-7,1,1,0.50665070000000000,0.506650700000,-1.013391052207602,-1.013391052207602,-1.013391052207602,0E-17,ELIGIBLE,R03b_20260811_FULL_v1,L1_ELIGIBILITY,v2026-08-11,2026-03-21..2026-08-06,baccarat_bet02_101_all_pairs_incl_sentinel,round_win = game_pnl > 0 (decisive only),COMPATIBILITY_ONLY_NOT_PRODUCTION,7278.8062,6564.6864,483.4121,283,189,-0.06641365,-0.06641365,,-0.06641365,-483.4121,7278.8062,OK,0.0000,19.3365,4.0000,96.0000,AG03-UNRESOLVED,ALL5_LEVELS_bet23_to_bet27,19.3365,19.3365,19.3365,24.1706,24.1706,4.000000,4.000000,4.000000,5.000000,5.000000,96.000000,96.000000,96.000000,95.000000,95.000000,5.0,106.3507,97.42,377.0614,385.9921,PENDING_AG03,FALSE,NOT_FOR_ENFORCEMENT,464.0756,6302.0990,483.4121,464.0756,19.3365,0.06641365,0.06375710,19.3365,464.0756,0.06375710,19.3365,19.3365,19.3365,24.1706,24.1706,464.0756,0.06375710,106.3507,97.42,377.0614,385.9921,0.05180265,0.05302959,0.00265655,25.7202,34.7338,2.5577,120.8530,6.3607,1819.7015,47.2500,25.7202,,5.1636,12.9089,25.8178,51.6356,129.0889,129.0889,12.9089,-2.5818,10.000001,10.000001,1.992438,29,36,6,6,1.00000000,0.06641365,0.06641365,0E-8,0.000000,0.901891,0.000000,,2026-07-14,2026-07-24,4,76,63,11,0.363636,,1.000000,3.333333,,,,,,,,GLOBAL_BASELINE_NO_ENTITY_RANKING,,,NOT_APPLICABLE_GLOBAL_BASELINE,HF9g-P5,,,,X 全窗基线 · 不参与实体赏罚,8398498,840,A168_HF9F_20260827_0900,2026-08-27 09:00:00
2026-07-15,153014490,1951,0,129.0888906100,-51.6355562440,-51.6355562440,0E-7,2,2,0.49994810000000000,0.499948100000,-0.9998962053866608,-0.9998962053866608,-0.9998962053866608,0E-17,ELIGIBLE,R03b_20260811_FULL_v1,L1_ELIGIBILITY,v2026-08-11,2026-03-21..2026-08-06,baccarat_bet02_101_all_pairs_incl_sentinel,round_win = game_pnl > 0 (decisive only),COMPATIBILITY_ONLY_NOT_PRODUCTION,7278.8062,6564.6864,483.4121,283,189,-0.06641365,-0.06641365,,-0.06641365,-483.4121,7278.8062,OK,0.0000,19.3365,4.0000,96.0000,AG03-UNRESOLVED,ALL5_LEVELS_bet23_to_bet27,19.3365,19.3365,19.3365,24.1706,24.1706,4.000000,4.000000,4.000000,5.000000,5.000000,96.000000,96.000000,96.000000,95.000000,95.000000,5.0,106.3507,97.42,377.0614,385.9921,PENDING_AG03,FALSE,NOT_FOR_ENFORCEMENT,464.0756,6302.0990,483.4121,464.0756,19.3365,0.06641365,0.06375710,19.3365,464.0756,0.06375710,19.3365,19.3365,19.3365,24.1706,24.1706,464.0756,0.06375710,106.3507,97.42,377.0614,385.9921,0.05180265,0.05302959,0.00265655,25.7202,34.7338,2.5577,120.8530,6.3607,1819.7015,47.2500,25.7202,,5.1636,12.9089,25.8178,51.6356,129.0889,129.0889,12.9089,-2.5818,10.000001,10.000001,1.992438,29,36,6,6,1.00000000,0.06641365,0.06641365,0E-8,0.000000,0.901891,0.000000,,2026-07-14,2026-07-24,4,76,63,11,0.363636,,1.000000,3.333333,,,,,,,,GLOBAL_BASELINE_NO_ENTITY_RANKING,,,NOT_APPLICABLE_GLOBAL_BASELINE,HF9g-P5,,,,X 全窗基线 · 不参与实体赏罚,8398499,840,A168_HF9F_20260827_0900,2026-08-27 09:00:00
2026-07-15,153014490,2088,0,374.3577827691,116.1800015489,116.1800015489,0.8333333,6,6,0.49324550000000000,0.493245500000,1.666235363940442,1.6662353639404415,1.666235363940442,0E-17,ELIGIBLE,R03b_20260811_FULL_v1,L1_ELIGIBILITY,v2026-08-11,2026-03-21..2026-08-06,baccarat_bet02_101_all_pairs_incl_sentinel,round_win = game_pnl > 0 (decisive only),COMPATIBILITY_ONLY_NOT_PRODUCTION,7278.8062,6564.6864,483.4121,283,189,-0.06641365,-0.06641365,,-0.06641365,-483.4121,7278.8062,OK,0.0000,19.3365,4.0000,96.0000,AG03-UNRESOLVED,ALL5_LEVELS_bet23_to_bet27,19.3365,19.3365,19.3365,24.1706,24.1706,4.000000,4.000000,4.000000,5.000000,5.000000,96.000000,96.000000,96.000000,95.000000,95.000000,5.0,106.3507,97.42,377.0614,385.9921,PENDING_AG03,FALSE,NOT_FOR_ENFORCEMENT,464.0756,6302.0990,483.4121,464.0756,19.3365,0.06641365,0.06375710,19.3365,464.0756,0.06375710,19.3365,19.3365,19.3365,24.1706,24.1706,464.0756,0.06375710,106.3507,97.42,377.0614,385.9921,0.05180265,0.05302959,0.00265655,25.7202,34.7338,2.5577,120.8530,6.3607,1819.7015,47.2500,25.7202,,5.1636,12.9089,25.8178,51.6356,129.0889,129.0889,12.9089,-2.5818,10.000001,10.000001,1.992438,29,36,6,6,1.00000000,0.06641365,0.06641365,0E-8,0.000000,0.901891,0.000000,,2026-07-14,2026-07-24,4,76,63,11,0.363636,,1.000000,3.333333,,,,,,,,GLOBAL_BASELINE_NO_ENTITY_RANKING,,,NOT_APPLICABLE_GLOBAL_BASELINE,HF9g-P5,,,,X 全窗基线 · 不参与实体赏罚,8398500,840,A168_HF9F_20260827_0900,2026-08-27 09:00:00
2026-07-15,153014490,2108,0,129.0888906101,-129.0888906101,-129.0888906101,0E-7,1,1,0.49324550000000000,0.493245500000,-0.9865810262130424,-0.9865810262130424,-0.9865810262130424,0E-17,ELIGIBLE,R03b_20260811_FULL_v1,L1_ELIGIBILITY,v2026-08-11,2026-03-21..2026-08-06,baccarat_bet02_101_all_pairs_incl_sentinel,round_win = game_pnl > 0 (decisive only),COMPATIBILITY_ONLY_NOT_PRODUCTION,7278.8062,6564.6864,483.4121,283,189,-0.06641365,-0.06641365,,-0.06641365,-483.4121,7278.8062,OK,0.0000,19.3365,4.0000,96.0000,AG03-UNRESOLVED,ALL5_LEVELS_bet23_to_bet27,19.3365,19.3365,19.3365,24.1706,24.1706,4.000000,4.000000,4.000000,5.000000,5.000000,96.000000,96.000000,96.000000,95.000000,95.000000,5.0,106.3507,97.42,377.0614,385.9921,PENDING_AG03,FALSE,NOT_FOR_ENFORCEMENT,464.0756,6302.0990,483.4121,464.0756,19.3365,0.06641365,0.06375710,19.3365,464.0756,0.06375710,19.3365,19.3365,19.3365,24.1706,24.1706,464.0756,0.06375710,106.3507,97.42,377.0614,385.9921,0.05180265,0.05302959,0.00265655,25.7202,34.7338,2.5577,120.8530,6.3607,1819.7015,47.2500,25.7202,,5.1636,12.9089,25.8178,51.6356,129.0889,129.0889,12.9089,-2.5818,10.000001,10.000001,1.992438,29,36,6,6,1.00000000,0.06641365,0.06641365,0E-8,0.000000,0.901891,0.000000,,2026-07-14,2026-07-24,4,76,63,11,0.363636,,1.000000,3.333333,,,,,,,,GLOBAL_BASELINE_NO_ENTITY_RANKING,,,NOT_APPLICABLE_GLOBAL_BASELINE,HF9g-P5,,,,X 全窗基线 · 不参与实体赏罚,8398501,840,A168_HF9F_20260827_0900,2026-08-27 09:00:00
2026-07-15,153014490,2115,0,12.9088890610,12.2634446080,12.2634446080,1.0000000,1,1,0.50665070000000000,0.506650700000,0.9867858985152569,0.9867858985152569,0.9867858985152569,0E-17,ELIGIBLE,R03b_20260811_FULL_v1,L1_ELIGIBILITY,v2026-08-11,2026-03-21..2026-08-06,baccarat_bet02_101_all_pairs_incl_sentinel,round_win = game_pnl > 0 (decisive only),COMPATIBILITY_ONLY_NOT_PRODUCTION,7278.8062,6564.6864,483.4121,283,189,-0.06641365,-0.06641365,,-0.06641365,-483.4121,7278.8062,OK,0.0000,19.3365,4.0000,96.0000,AG03-UNRESOLVED,ALL5_LEVELS_bet23_to_bet27,19.3365,19.3365,19.3365,24.1706,24.1706,4.000000,4.000000,4.000000,5.000000,5.000000,96.000000,96.000000,96.000000,95.000000,95.000000,5.0,106.3507,97.42,377.0614,385.9921,PENDING_AG03,FALSE,NOT_FOR_ENFORCEMENT,464.0756,6302.0990,483.4121,464.0756,19.3365,0.06641365,0.06375710,19.3365,464.0756,0.06375710,19.3365,19.3365,19.3365,24.1706,24.1706,464.0756,0.06375710,106.3507,97.42,377.0614,385.9921,0.05180265,0.05302959,0.00265655,25.7202,34.7338,2.5577,120.8530,6.3607,1819.7015,47.2500,25.7202,,5.1636,12.9089,25.8178,51.6356,129.0889,129.0889,12.9089,-2.5818,10.000001,10.000001,1.992438,29,36,6,6,1.00000000,0.06641365,0.06641365,0E-8,0.000000,0.901891,0.000000,,2026-07-14,2026-07-24,4,76,63,11,0.363636,,1.000000,3.333333,,,,,,,,GLOBAL_BASELINE_NO_ENTITY_RANKING,,,NOT_APPLICABLE_GLOBAL_BASELINE,HF9g-P5,,,,X 全窗基线 · 不参与实体赏罚,8398502,840,A168_HF9F_20260827_0900,2026-08-27 09:00:00
2026-07-15,153014490,2123,0,241.3962254407,-163.9428910747,-163.9428910747,0E-7,6,6,0.49994810000000000,0.499948100000,-1.9997924107733216,-1.9997924107733216,-1.9997924107733216,0E-17,ELIGIBLE,R03b_20260811_FULL_v1,L1_ELIGIBILITY,v2026-08-11,2026-03-21..2026-08-06,baccarat_bet02_101_all_pairs_incl_sentinel,round_win = game_pnl > 0 (decisive only),COMPATIBILITY_ONLY_NOT_PRODUCTION,7278.8062,6564.6864,483.4121,283,189,-0.06641365,-0.06641365,,-0.06641365,-483.4121,7278.8062,OK,0.0000,19.3365,4.0000,96.0000,AG03-UNRESOLVED,ALL5_LEVELS_bet23_to_bet27,19.3365,19.3365,19.3365,24.1706,24.1706,4.000000,4.000000,4.000000,5.000000,5.000000,96.000000,96.000000,96.000000,95.000000,95.000000,5.0,106.3507,97.42,377.0614,385.9921,PENDING_AG03,FALSE,NOT_FOR_ENFORCEMENT,464.0756,6302.0990,483.4121,464.0756,19.3365,0.06641365,0.06375710,19.3365,464.0756,0.06375710,19.3365,19.3365,19.3365,24.1706,24.1706,464.0756,0.06375710,106.3507,97.42,377.0614,385.9921,0.05180265,0.05302959,0.00265655,25.7202,34.7338,2.5577,120.8530,6.3607,1819.7015,47.2500,25.7202,,5.1636,12.9089,25.8178,51.6356,129.0889,129.0889,12.9089,-2.5818,10.000001,10.000001,1.992438,29,36,6,6,1.00000000,0.06641365,0.06641365,0E-8,0.000000,0.901891,0.000000,,2026-07-14,2026-07-24,4,76,63,11,0.363636,,1.000000,3.333333,,,,,,,,GLOBAL_BASELINE_NO_ENTITY_RANKING,,,NOT_APPLICABLE_GLOBAL_BASELINE,HF9g-P5,,,,X 全窗基线 · 不参与实体赏罚,8398503,840,A168_HF9F_20260827_0900,2026-08-27 09:00:00
2026-07-15,153014490,2147,0,222.0328918493,116.6963571116,116.6963571116,0.6666667,4,3,0.50292703333333285,0.504416500000,0.5672204477250885,0.5620729918323724,0.5672204477250885,-0.00148946666666715,ELIGIBLE,R03b_20260811_FULL_v1,L1_ELIGIBILITY,v2026-08-11,2026-03-21..2026-08-06,baccarat_bet02_101_all_pairs_incl_sentinel,round_win = game_pnl > 0 (decisive only),COMPATIBILITY_ONLY_NOT_PRODUCTION,7278.8062,6564.6864,483.4121,283,189,-0.06641365,-0.06641365,,-0.06641365,-483.4121,7278.8062,OK,0.0000,19.3365,4.0000,96.0000,AG03-UNRESOLVED,ALL5_LEVELS_bet23_to_bet27,19.3365,19.3365,19.3365,24.1706,24.1706,4.000000,4.000000,4.000000,5.000000,5.000000,96.000000,96.000000,96.000000,95.000000,95.000000,5.0,106.3507,97.42,377.0614,385.9921,PENDING_AG03,FALSE,NOT_FOR_ENFORCEMENT,464.0756,6302.0990,483.4121,464.0756,19.3365,0.06641365,0.06375710,19.3365,464.0756,0.06375710,19.3365,19.3365,19.3365,24.1706,24.1706,464.0756,0.06375710,106.3507,97.42,377.0614,385.9921,0.05180265,0.05302959,0.00265655,25.7202,34.7338,2.5577,120.8530,6.3607,1819.7015,47.2500,25.7202,,5.1636,12.9089,25.8178,51.6356,129.0889,129.0889,12.9089,-2.5818,10.000001,10.000001,1.992438,29,36,6,6,1.00000000,0.06641365,0.06641365,0E-8,0.000000,0.901891,0.000000,,2026-07-14,2026-07-24,4,76,63,11,0.363636,,1.000000,3.333333,,,,,,,,GLOBAL_BASELINE_NO_ENTITY_RANKING,,,NOT_APPLICABLE_GLOBAL_BASELINE,HF9g-P5,,,,X 全窗基线 · 不参与实体赏罚,8398504,840,A168_HF9F_20260827_0900,2026-08-27 09:00:00
2026-07-15,153014490,2167,0,593.8088968061,-108.9510236749,-108.9510236749,0.5384615,29,13,0.43969039349678100,0.314066312821,0.7174873385788951,1.743145120319774,0.7174873385788951,0.12562408067578100,ELIGIBLE,R03b_20260811_FULL_v1,L1_ELIGIBILITY,v2026-08-11,2026-03-21..2026-08-06,baccarat_bet02_101_all_pairs_incl_sentinel,round_win = game_pnl > 0 (decisive only),COMPATIBILITY_ONLY_NOT_PRODUCTION,7278.8062,6564.6864,483.4121,283,189,-0.06641365,-0.06641365,,-0.06641365,-483.4121,7278.8062,OK,0.0000,19.3365,4.0000,96.0000,AG03-UNRESOLVED,ALL5_LEVELS_bet23_to_bet27,19.3365,19.3365,19.3365,24.1706,24.1706,4.000000,4.000000,4.000000,5.000000,5.000000,96.000000,96.000000,96.000000,95.000000,95.000000,5.0,106.3507,97.42,377.0614,385.9921,PENDING_AG03,FALSE,NOT_FOR_ENFORCEMENT,464.0756,6302.0990,483.4121,464.0756,19.3365,0.06641365,0.06375710,19.3365,464.0756,0.06375710,19.3365,19.3365,19.3365,24.1706,24.1706,464.0756,0.06375710,106.3507,97.42,377.0614,385.9921,0.05180265,0.05302959,0.00265655,25.7202,34.7338,2.5577,120.8530,6.3607,1819.7015,47.2500,25.7202,,5.1636,12.9089,25.8178,51.6356,129.0889,129.0889,12.9089,-2.5818,10.000001,10.000001,1.992438,29,36,6,6,1.00000000,0.06641365,0.06641365,0E-8,0.000000,0.901891,0.000000,,2026-07-14,2026-07-24,4,76,63,11,0.363636,,1.000000,3.333333,,,,,,,,GLOBAL_BASELINE_NO_ENTITY_RANKING,,,NOT_APPLICABLE_GLOBAL_BASELINE,HF9g-P5,,,,X 全窗基线 · 不参与实体赏罚,8398505,840,A168_HF9F_20260827_0900,2026-08-27 09:00:00
2026-07-15,153014490,2210,0,25.8177781220,0E-10,0E-10,,1,1,0.49324550000000000,0.493245500000,,,,0E-17,NO_DECISIVE_ROUND,R03b_20260811_FULL_v1,L1_ELIGIBILITY,v2026-08-11,2026-03-21..2026-08-06,baccarat_bet02_101_all_pairs_incl_sentinel,round_win = game_pnl > 0 (decisive only),COMPATIBILITY_ONLY_NOT_PRODUCTION,7278.8062,6564.6864,483.4121,283,189,-0.06641365,-0.06641365,,-0.06641365,-483.4121,7278.8062,OK,0.0000,19.3365,4.0000,96.0000,AG03-UNRESOLVED,ALL5_LEVELS_bet23_to_bet27,19.3365,19.3365,19.3365,24.1706,24.1706,4.000000,4.000000,4.000000,5.000000,5.000000,96.000000,96.000000,96.000000,95.000000,95.000000,5.0,106.3507,97.42,377.0614,385.9921,PENDING_AG03,FALSE,NOT_FOR_ENFORCEMENT,464.0756,6302.0990,483.4121,464.0756,19.3365,0.06641365,0.06375710,19.3365,464.0756,0.06375710,19.3365,19.3365,19.3365,24.1706,24.1706,464.0756,0.06375710,106.3507,97.42,377.0614,385.9921,0.05180265,0.05302959,0.00265655,25.7202,34.7338,2.5577,120.8530,6.3607,1819.7015,47.2500,25.7202,,5.1636,12.9089,25.8178,51.6356,129.0889,129.0889,12.9089,-2.5818,10.000001,10.000001,1.992438,29,36,6,6,1.00000000,0.06641365,0.06641365,0E-8,0.000000,0.901891,0.000000,,2026-07-14,2026-07-24,4,76,63,11,0.363636,,1.000000,3.333333,,,,,,,,GLOBAL_BASELINE_NO_ENTITY_RANKING,,,NOT_APPLICABLE_GLOBAL_BASELINE,HF9g-P5,,,,X 全窗基线 · 不参与实体赏罚,8398506,840,A168_HF9F_20260827_0900,2026-08-27 09:00:00
2026-07-15,153014490,2233,0,148.9685797640,-134.3686262360,-134.3686262360,0.2500000,4,4,0.50665070000000000,0.506650700000,-1.0266936290537745,-1.0266936290537745,-1.0266936290537745,0E-17,ELIGIBLE,R03b_20260811_FULL_v1,L1_ELIGIBILITY,v2026-08-11,2026-03-21..2026-08-06,baccarat_bet02_101_all_pairs_incl_sentinel,round_win = game_pnl > 0 (decisive only),COMPATIBILITY_ONLY_NOT_PRODUCTION,7278.8062,6564.6864,483.4121,283,189,-0.06641365,-0.06641365,,-0.06641365,-483.4121,7278.8062,OK,0.0000,19.3365,4.0000,96.0000,AG03-UNRESOLVED,ALL5_LEVELS_bet23_to_bet27,19.3365,19.3365,19.3365,24.1706,24.1706,4.000000,4.000000,4.000000,5.000000,5.000000,96.000000,96.000000,96.000000,95.000000,95.000000,5.0,106.3507,97.42,377.0614,385.9921,PENDING_AG03,FALSE,NOT_FOR_ENFORCEMENT,464.0756,6302.0990,483.4121,464.0756,19.3365,0.06641365,0.06375710,19.3365,464.0756,0.06375710,19.3365,19.3365,19.3365,24.1706,24.1706,464.0756,0.06375710,106.3507,97.42,377.0614,385.9921,0.05180265,0.05302959,0.00265655,25.7202,34.7338,2.5577,120.8530,6.3607,1819.7015,47.2500,25.7202,,5.1636,12.9089,25.8178,51.6356,129.0889,129.0889,12.9089,-2.5818,10.000001,10.000001,1.992438,29,36,6,6,1.00000000,0.06641365,0.06641365,0E-8,0.000000,0.901891,0.000000,,2026-07-14,2026-07-24,4,76,63,11,0.363636,,1.000000,3.333333,,,,,,,,GLOBAL_BASELINE_NO_ENTITY_RANKING,,,NOT_APPLICABLE_GLOBAL_BASELINE,HF9g-P5,,,,X 全窗基线 · 不参与实体赏罚,8398507,840,A168_HF9F_20260827_0900,2026-08-27 09:00:00
2026-07-15,153014490,2242,0,103.2711124880,0E-10,0E-10,0.5000000,2,2,0.49324550000000000,0.493245500000,0.01910635448239258,0.01910635448239258,0.01910635448239258,0E-17,ELIGIBLE,R03b_20260811_FULL_v1,L1_ELIGIBILITY,v2026-08-11,2026-03-21..2026-08-06,baccarat_bet02_101_all_pairs_incl_sentinel,round_win = game_pnl > 0 (decisive only),COMPATIBILITY_ONLY_NOT_PRODUCTION,7278.8062,6564.6864,483.4121,283,189,-0.06641365,-0.06641365,,-0.06641365,-483.4121,7278.8062,OK,0.0000,19.3365,4.0000,96.0000,AG03-UNRESOLVED,ALL5_LEVELS_bet23_to_bet27,19.3365,19.3365,19.3365,24.1706,24.1706,4.000000,4.000000,4.000000,5.000000,5.000000,96.000000,96.000000,96.000000,95.000000,95.000000,5.0,106.3507,97.42,377.0614,385.9921,PENDING_AG03,FALSE,NOT_FOR_ENFORCEMENT,464.0756,6302.0990,483.4121,464.0756,19.3365,0.06641365,0.06375710,19.3365,464.0756,0.06375710,19.3365,19.3365,19.3365,24.1706,24.1706,464.0756,0.06375710,106.3507,97.42,377.0614,385.9921,0.05180265,0.05302959,0.00265655,25.7202,34.7338,2.5577,120.8530,6.3607,1819.7015,47.2500,25.7202,,5.1636,12.9089,25.8178,51.6356,129.0889,129.0889,12.9089,-2.5818,10.000001,10.000001,1.992438,29,36,6,6,1.00000000,0.06641365,0.06641365,0E-8,0.000000,0.901891,0.000000,,2026-07-14,2026-07-24,4,76,63,11,0.363636,,1.000000,3.333333,,,,,,,,GLOBAL_BASELINE_NO_ENTITY_RANKING,,,NOT_APPLICABLE_GLOBAL_BASELINE,HF9g-P5,,,,X 全窗基线 · 不参与实体赏罚,8398508,840,A168_HF9F_20260827_0900,2026-08-27 09:00:00
2026-07-15,153014490,2258,0,154.9066687321,-154.9066687321,-154.9066687321,0E-7,2,2,0.50665070000000000,0.506650700000,-1.4331513700195317,-1.4331513700195317,-1.4331513700195317,0E-17,ELIGIBLE,R03b_20260811_FULL_v1,L1_ELIGIBILITY,v2026-08-11,2026-03-21..2026-08-06,baccarat_bet02_101_all_pairs_incl_sentinel,round_win = game_pnl > 0 (decisive only),COMPATIBILITY_ONLY_NOT_PRODUCTION,7278.8062,6564.6864,483.4121,283,189,-0.06641365,-0.06641365,,-0.06641365,-483.4121,7278.8062,OK,0.0000,19.3365,4.0000,96.0000,AG03-UNRESOLVED,ALL5_LEVELS_bet23_to_bet27,19.3365,19.3365,19.3365,24.1706,24.1706,4.000000,4.000000,4.000000,5.000000,5.000000,96.000000,96.000000,96.000000,95.000000,95.000000,5.0,106.3507,97.42,377.0614,385.9921,PENDING_AG03,FALSE,NOT_FOR_ENFORCEMENT,464.0756,6302.0990,483.4121,464.0756,19.3365,0.06641365,0.06375710,19.3365,464.0756,0.06375710,19.3365,19.3365,19.3365,24.1706,24.1706,464.0756,0.06375710,106.3507,97.42,377.0614,385.9921,0.05180265,0.05302959,0.00265655,25.7202,34.7338,2.5577,120.8530,6.3607,1819.7015,47.2500,25.7202,,5.1636,12.9089,25.8178,51.6356,129.0889,129.0889,12.9089,-2.5818,10.000001,10.000001,1.992438,29,36,6,6,1.00000000,0.06641365,0.06641365,0E-8,0.000000,0.901891,0.000000,,2026-07-14,2026-07-24,4,76,63,11,0.363636,,1.000000,3.333333,,,,,,,,GLOBAL_BASELINE_NO_ENTITY_RANKING,,,NOT_APPLICABLE_GLOBAL_BASELINE,HF9g-P5,,,,X 全窗基线 · 不参与实体赏罚,8398509,840,A168_HF9F_20260827_0900,2026-08-27 09:00:00
2026-07-15,153014490,2278,0,12.9088890610,12.2634446080,12.2634446080,1.0000000,1,1,0.50665070000000000,0.506650700000,0.9867858985152569,0.9867858985152569,0.9867858985152569,0E-17,ELIGIBLE,R03b_20260811_FULL_v1,L1_ELIGIBILITY,v2026-08-11,2026-03-21..2026-08-06,baccarat_bet02_101_all_pairs_incl_sentinel,round_win = game_pnl > 0 (decisive only),COMPATIBILITY_ONLY_NOT_PRODUCTION,7278.8062,6564.6864,483.4121,283,189,-0.06641365,-0.06641365,,-0.06641365,-483.4121,7278.8062,OK,0.0000,19.3365,4.0000,96.0000,AG03-UNRESOLVED,ALL5_LEVELS_bet23_to_bet27,19.3365,19.3365,19.3365,24.1706,24.1706,4.000000,4.000000,4.000000,5.000000,5.000000,96.000000,96.000000,96.000000,95.000000,95.000000,5.0,106.3507,97.42,377.0614,385.9921,PENDING_AG03,FALSE,NOT_FOR_ENFORCEMENT,464.0756,6302.0990,483.4121,464.0756,19.3365,0.06641365,0.06375710,19.3365,464.0756,0.06375710,19.3365,19.3365,19.3365,24.1706,24.1706,464.0756,0.06375710,106.3507,97.42,377.0614,385.9921,0.05180265,0.05302959,0.00265655,25.7202,34.7338,2.5577,120.8530,6.3607,1819.7015,47.2500,25.7202,,5.1636,12.9089,25.8178,51.6356,129.0889,129.0889,12.9089,-2.5818,10.000001,10.000001,1.992438,29,36,6,6,1.00000000,0.06641365,0.06641365,0E-8,0.000000,0.901891,0.000000,,2026-07-14,2026-07-24,4,76,63,11,0.363636,,1.000000,3.333333,,,,,,,,GLOBAL_BASELINE_NO_ENTITY_RANKING,,,NOT_APPLICABLE_GLOBAL_BASELINE,HF9g-P5,,,,X 全窗基线 · 不参与实体赏罚,8398510,840,A168_HF9F_20260827_0900,2026-08-27 09:00:00
2026-07-15,153014490,2287,0,169.1064466992,82.6168899905,82.6168899905,0.3333333,3,3,0.50665070000000000,0.506650700000,-0.6004420894325239,-0.6004420894325239,-0.6004420894325239,0E-17,ELIGIBLE,R03b_20260811_FULL_v1,L1_ELIGIBILITY,v2026-08-11,2026-03-21..2026-08-06,baccarat_bet02_101_all_pairs_incl_sentinel,round_win = game_pnl > 0 (decisive only),COMPATIBILITY_ONLY_NOT_PRODUCTION,7278.8062,6564.6864,483.4121,283,189,-0.06641365,-0.06641365,,-0.06641365,-483.4121,7278.8062,OK,0.0000,19.3365,4.0000,96.0000,AG03-UNRESOLVED,ALL5_LEVELS_bet23_to_bet27,19.3365,19.3365,19.3365,24.1706,24.1706,4.000000,4.000000,4.000000,5.000000,5.000000,96.000000,96.000000,96.000000,95.000000,95.000000,5.0,106.3507,97.42,377.0614,385.9921,PENDING_AG03,FALSE,NOT_FOR_ENFORCEMENT,464.0756,6302.0990,483.4121,464.0756,19.3365,0.06641365,0.06375710,19.3365,464.0756,0.06375710,19.3365,19.3365,19.3365,24.1706,24.1706,464.0756,0.06375710,106.3507,97.42,377.0614,385.9921,0.05180265,0.05302959,0.00265655,25.7202,34.7338,2.5577,120.8530,6.3607,1819.7015,47.2500,25.7202,,5.1636,12.9089,25.8178,51.6356,129.0889,129.0889,12.9089,-2.5818,10.000001,10.000001,1.992438,29,36,6,6,1.00000000,0.06641365,0.06641365,0E-8,0.000000,0.901891,0.000000,,2026-07-14,2026-07-24,4,76,63,11,0.363636,,1.000000,3.333333,,,,,,,,GLOBAL_BASELINE_NO_ENTITY_RANKING,,,NOT_APPLICABLE_GLOBAL_BASELINE,HF9g-P5,,,,X 全窗基线 · 不参与实体赏罚,8398511,840,A168_HF9F_20260827_0900,2026-08-27 09:00:00
2026-07-15,153014490,2288,0,283.9955593422,-233.6508920043,-233.6508920043,0E-7,3,2,0.50106519999999928,0.503299400000,-1.4172296190721443,-1.4235766693920513,-1.4172296190721443,-0.00223420000000072,ELIGIBLE,R03b_20260811_FULL_v1,L1_ELIGIBILITY,v2026-08-11,2026-03-21..2026-08-06,baccarat_bet02_101_all_pairs_incl_sentinel,round_win = game_pnl > 0 (decisive only),COMPATIBILITY_ONLY_NOT_PRODUCTION,7278.8062,6564.6864,483.4121,283,189,-0.06641365,-0.06641365,,-0.06641365,-483.4121,7278.8062,OK,0.0000,19.3365,4.0000,96.0000,AG03-UNRESOLVED,ALL5_LEVELS_bet23_to_bet27,19.3365,19.3365,19.3365,24.1706,24.1706,4.000000,4.000000,4.000000,5.000000,5.000000,96.000000,96.000000,96.000000,95.000000,95.000000,5.0,106.3507,97.42,377.0614,385.9921,PENDING_AG03,FALSE,NOT_FOR_ENFORCEMENT,464.0756,6302.0990,483.4121,464.0756,19.3365,0.06641365,0.06375710,19.3365,464.0756,0.06375710,19.3365,19.3365,19.3365,24.1706,24.1706,464.0756,0.06375710,106.3507,97.42,377.0614,385.9921,0.05180265,0.05302959,0.00265655,25.7202,34.7338,2.5577,120.8530,6.3607,1819.7015,47.2500,25.7202,,5.1636,12.9089,25.8178,51.6356,129.0889,129.0889,12.9089,-2.5818,10.000001,10.000001,1.992438,29,36,6,6,1.00000000,0.06641365,0.06641365,0E-8,0.000000,0.901891,0.000000,,2026-07-14,2026-07-24,4,76,63,11,0.363636,,1.000000,3.333333,,,,,,,,GLOBAL_BASELINE_NO_ENTITY_RANKING,,,NOT_APPLICABLE_GLOBAL_BASELINE,HF9g-P5,,,,X 全窗基线 · 不参与实体赏罚,8398512,840,A168_HF9F_20260827_0900,2026-08-27 09:00:00
2026-07-15,153014490,595,0,177.3681356981,150.9436397903,150.9436397903,1.0000000,6,4,0.48530138541666667,0.431307341667,2.059684637424895,2.2965472286176176,2.059684637424895,0.05399404374966667,ELIGIBLE,R03b_20260811_FULL_v1,L1_ELIGIBILITY,v2026-08-11,2026-03-21..2026-08-06,baccarat_bet02_101_all_pairs_incl_sentinel,round_win = game_pnl > 0 (decisive only),COMPATIBILITY_ONLY_NOT_PRODUCTION,7278.8062,6564.6864,483.4121,283,189,-0.06641365,-0.06641365,,-0.06641365,-483.4121,7278.8062,OK,0.0000,19.3365,4.0000,96.0000,AG03-UNRESOLVED,ALL5_LEVELS_bet23_to_bet27,19.3365,19.3365,19.3365,24.1706,24.1706,4.000000,4.000000,4.000000,5.000000,5.000000,96.000000,96.000000,96.000000,95.000000,95.000000,5.0,106.3507,97.42,377.0614,385.9921,PENDING_AG03,FALSE,NOT_FOR_ENFORCEMENT,464.0756,6302.0990,483.4121,464.0756,19.3365,0.06641365,0.06375710,19.3365,464.0756,0.06375710,19.3365,19.3365,19.3365,24.1706,24.1706,464.0756,0.06375710,106.3507,97.42,377.0614,385.9921,0.05180265,0.05302959,0.00265655,25.7202,34.7338,2.5577,120.8530,6.3607,1819.7015,47.2500,25.7202,,5.1636,12.9089,25.8178,51.6356,129.0889,129.0889,12.9089,-2.5818,10.000001,10.000001,1.992438,29,36,6,6,1.00000000,0.06641365,0.06641365,0E-8,0.000000,0.901891,0.000000,,2026-07-14,2026-07-24,4,76,63,11,0.363636,,1.000000,3.333333,,,,,,,,GLOBAL_BASELINE_NO_ENTITY_RANKING,,,NOT_APPLICABLE_GLOBAL_BASELINE,HF9g-P5,,,,X 全窗基线 · 不参与实体赏罚,8398513,840,A168_HF9F_20260827_0900,2026-08-27 09:00:00
2026-07-15,153014490,986,0,15.4906668732,-5.4217334056,-5.4217334056,0.5000000,2,2,0.50665070000000000,0.506650700000,-0.018812684590367487,-0.018812684590367487,-0.018812684590367487,0E-17,ELIGIBLE,R03b_20260811_FULL_v1,L1_ELIGIBILITY,v2026-08-11,2026-03-21..2026-08-06,baccarat_bet02_101_all_pairs_incl_sentinel,round_win = game_pnl > 0 (decisive only),COMPATIBILITY_ONLY_NOT_PRODUCTION,7278.8062,6564.6864,483.4121,283,189,-0.06641365,-0.06641365,,-0.06641365,-483.4121,7278.8062,OK,0.0000,19.3365,4.0000,96.0000,AG03-UNRESOLVED,ALL5_LEVELS_bet23_to_bet27,19.3365,19.3365,19.3365,24.1706,24.1706,4.000000,4.000000,4.000000,5.000000,5.000000,96.000000,96.000000,96.000000,95.000000,95.000000,5.0,106.3507,97.42,377.0614,385.9921,PENDING_AG03,FALSE,NOT_FOR_ENFORCEMENT,464.0756,6302.0990,483.4121,464.0756,19.3365,0.06641365,0.06375710,19.3365,464.0756,0.06375710,19.3365,19.3365,19.3365,24.1706,24.1706,464.0756,0.06375710,106.3507,97.42,377.0614,385.9921,0.05180265,0.05302959,0.00265655,25.7202,34.7338,2.5577,120.8530,6.3607,1819.7015,47.2500,25.7202,,5.1636,12.9089,25.8178,51.6356,129.0889,129.0889,12.9089,-2.5818,10.000001,10.000001,1.992438,29,36,6,6,1.00000000,0.06641365,0.06641365,0E-8,0.000000,0.901891,0.000000,,2026-07-14,2026-07-24,4,76,63,11,0.363636,,1.000000,3.333333,,,,,,,,GLOBAL_BASELINE_NO_ENTITY_RANKING,,,NOT_APPLICABLE_GLOBAL_BASELINE,HF9g-P5,,,,X 全窗基线 · 不参与实体赏罚,8398514,840,A168_HF9F_20260827_0900,2026-08-27 09:00:00
2026-07-18,153014490,-1,1,387.2666718302,272.3775591873,272.3775591873,0.8333333,8,8,0.49994810000000000,0.499948100000,1.6332474276894162,1.6332474276894162,1.6332474276894162,0E-17,SENTINEL_DEALER,R03b_20260811_FULL_v1,L1_ELIGIBILITY,v2026-08-11,2026-03-21..2026-08-06,baccarat_bet02_101_all_pairs_incl_sentinel,round_win = game_pnl > 0 (decisive only),COMPATIBILITY_ONLY_NOT_PRODUCTION,7278.8062,6564.6864,483.4121,283,189,-0.06641365,-0.06641365,,-0.06641365,-483.4121,7278.8062,OK,0.0000,19.3365,4.0000,96.0000,AG03-UNRESOLVED,ALL5_LEVELS_bet23_to_bet27,19.3365,19.3365,19.3365,24.1706,24.1706,4.000000,4.000000,4.000000,5.000000,5.000000,96.000000,96.000000,96.000000,95.000000,95.000000,5.0,106.3507,97.42,377.0614,385.9921,PENDING_AG03,FALSE,NOT_FOR_ENFORCEMENT,464.0756,6302.0990,483.4121,464.0756,19.3365,0.06641365,0.06375710,19.3365,464.0756,0.06375710,19.3365,19.3365,19.3365,24.1706,24.1706,464.0756,0.06375710,106.3507,97.42,377.0614,385.9921,0.05180265,0.05302959,0.00265655,25.7202,34.7338,2.5577,120.8530,6.3607,1819.7015,47.2500,25.7202,,5.1636,12.9089,25.8178,51.6356,129.0889,129.0889,12.9089,-2.5818,10.000001,10.000001,1.992438,29,36,6,6,1.00000000,0.06641365,0.06641365,0E-8,0.000000,0.901891,0.000000,,2026-07-14,2026-07-24,4,76,63,11,0.363636,,1.000000,3.333333,,,,,,,,GLOBAL_BASELINE_NO_ENTITY_RANKING,,,NOT_APPLICABLE_GLOBAL_BASELINE,HF9g-P5,,,,X 全窗基线 · 不参与实体赏罚,8398515,840,A168_HF9F_20260827_0900,2026-08-27 09:00:00
2026-07-18,153014490,1302,0,38.7266671830,-38.7266671830,-38.7266671830,0E-7,2,2,0.49994810000000000,0.499948100000,-1.4140667746232096,-1.4140667746232096,-1.4140667746232096,0E-17,ELIGIBLE,R03b_20260811_FULL_v1,L1_ELIGIBILITY,v2026-08-11,2026-03-21..2026-08-06,baccarat_bet02_101_all_pairs_incl_sentinel,round_win = game_pnl > 0 (decisive only),COMPATIBILITY_ONLY_NOT_PRODUCTION,7278.8062,6564.6864,483.4121,283,189,-0.06641365,-0.06641365,,-0.06641365,-483.4121,7278.8062,OK,0.0000,19.3365,4.0000,96.0000,AG03-UNRESOLVED,ALL5_LEVELS_bet23_to_bet27,19.3365,19.3365,19.3365,24.1706,24.1706,4.000000,4.000000,4.000000,5.000000,5.000000,96.000000,96.000000,96.000000,95.000000,95.000000,5.0,106.3507,97.42,377.0614,385.9921,PENDING_AG03,FALSE,NOT_FOR_ENFORCEMENT,464.0756,6302.0990,483.4121,464.0756,19.3365,0.06641365,0.06375710,19.3365,464.0756,0.06375710,19.3365,19.3365,19.3365,24.1706,24.1706,464.0756,0.06375710,106.3507,97.42,377.0614,385.9921,0.05180265,0.05302959,0.00265655,25.7202,34.7338,2.5577,120.8530,6.3607,1819.7015,47.2500,25.7202,,5.1636,12.9089,25.8178,51.6356,129.0889,129.0889,12.9089,-2.5818,10.000001,10.000001,1.992438,29,36,6,6,1.00000000,0.06641365,0.06641365,0E-8,0.000000,0.901891,0.000000,,2026-07-14,2026-07-24,4,76,63,11,0.363636,,1.000000,3.333333,,,,,,,,GLOBAL_BASELINE_NO_ENTITY_RANKING,,,NOT_APPLICABLE_GLOBAL_BASELINE,HF9g-P5,,,,X 全窗基线 · 不参与实体赏罚,8398516,840,A168_HF9F_20260827_0900,2026-08-27 09:00:00
2026-07-18,153014490,2222,0,38.7266671830,36.7903338239,36.7903338239,1.0000000,2,2,0.50665070000000000,0.506650700000,1.3955260008387969,1.3955260008387969,1.3955260008387969,0E-17,ELIGIBLE,R03b_20260811_FULL_v1,L1_ELIGIBILITY,v2026-08-11,2026-03-21..2026-08-06,baccarat_bet02_101_all_pairs_incl_sentinel,round_win = game_pnl > 0 (decisive only),COMPATIBILITY_ONLY_NOT_PRODUCTION,7278.8062,6564.6864,483.4121,283,189,-0.06641365,-0.06641365,,-0.06641365,-483.4121,7278.8062,OK,0.0000,19.3365,4.0000,96.0000,AG03-UNRESOLVED,ALL5_LEVELS_bet23_to_bet27,19.3365,19.3365,19.3365,24.1706,24.1706,4.000000,4.000000,4.000000,5.000000,5.000000,96.000000,96.000000,96.000000,95.000000,95.000000,5.0,106.3507,97.42,377.0614,385.9921,PENDING_AG03,FALSE,NOT_FOR_ENFORCEMENT,464.0756,6302.0990,483.4121,464.0756,19.3365,0.06641365,0.06375710,19.3365,464.0756,0.06375710,19.3365,19.3365,19.3365,24.1706,24.1706,464.0756,0.06375710,106.3507,97.42,377.0614,385.9921,0.05180265,0.05302959,0.00265655,25.7202,34.7338,2.5577,120.8530,6.3607,1819.7015,47.2500,25.7202,,5.1636,12.9089,25.8178,51.6356,129.0889,129.0889,12.9089,-2.5818,10.000001,10.000001,1.992438,29,36,6,6,1.00000000,0.06641365,0.06641365,0E-8,0.000000,0.901891,0.000000,,2026-07-14,2026-07-24,4,76,63,11,0.363636,,1.000000,3.333333,,,,,,,,GLOBAL_BASELINE_NO_ENTITY_RANKING,,,NOT_APPLICABLE_GLOBAL_BASELINE,HF9g-P5,,,,X 全窗基线 · 不参与实体赏罚,8398517,840,A168_HF9F_20260827_0900,2026-08-27 09:00:00
2026-07-18,153014490,2289,0,294.3226705908,117.2127126739,117.2127126739,0.7142857,18,7,0.42857284548653317,0.296527688095,1.5275170250785974,2.420012963689281,1.5275170250785974,0.13204515739153317,ELIGIBLE,R03b_20260811_FULL_v1,L1_ELIGIBILITY,v2026-08-11,2026-03-21..2026-08-06,baccarat_bet02_101_all_pairs_incl_sentinel,round_win = game_pnl > 0 (decisive only),COMPATIBILITY_ONLY_NOT_PRODUCTION,7278.8062,6564.6864,483.4121,283,189,-0.06641365,-0.06641365,,-0.06641365,-483.4121,7278.8062,OK,0.0000,19.3365,4.0000,96.0000,AG03-UNRESOLVED,ALL5_LEVELS_bet23_to_bet27,19.3365,19.3365,19.3365,24.1706,24.1706,4.000000,4.000000,4.000000,5.000000,5.000000,96.000000,96.000000,96.000000,95.000000,95.000000,5.0,106.3507,97.42,377.0614,385.9921,PENDING_AG03,FALSE,NOT_FOR_ENFORCEMENT,464.0756,6302.0990,483.4121,464.0756,19.3365,0.06641365,0.06375710,19.3365,464.0756,0.06375710,19.3365,19.3365,19.3365,24.1706,24.1706,464.0756,0.06375710,106.3507,97.42,377.0614,385.9921,0.05180265,0.05302959,0.00265655,25.7202,34.7338,2.5577,120.8530,6.3607,1819.7015,47.2500,25.7202,,5.1636,12.9089,25.8178,51.6356,129.0889,129.0889,12.9089,-2.5818,10.000001,10.000001,1.992438,29,36,6,6,1.00000000,0.06641365,0.06641365,0E-8,0.000000,0.901891,0.000000,,2026-07-14,2026-07-24,4,76,63,11,0.363636,,1.000000,3.333333,,,,,,,,GLOBAL_BASELINE_NO_ENTITY_RANKING,,,NOT_APPLICABLE_GLOBAL_BASELINE,HF9g-P5,,,,X 全窗基线 · 不参与实体赏罚,8398518,840,A168_HF9F_20260827_0900,2026-08-27 09:00:00
2026-07-24,153014490,-1,1,154.9066687320,-52.9264451501,-52.9264451501,0.3333333,6,6,0.49994810000000000,0.499948100000,-0.8162423282897021,-0.8162423282897021,-0.8162423282897021,0E-17,SENTINEL_DEALER,R03b_20260811_FULL_v1,L1_ELIGIBILITY,v2026-08-11,2026-03-21..2026-08-06,baccarat_bet02_101_all_pairs_incl_sentinel,round_win = game_pnl > 0 (decisive only),COMPATIBILITY_ONLY_NOT_PRODUCTION,7278.8062,6564.6864,483.4121,283,189,-0.06641365,-0.06641365,,-0.06641365,-483.4121,7278.8062,OK,0.0000,19.3365,4.0000,96.0000,AG03-UNRESOLVED,ALL5_LEVELS_bet23_to_bet27,19.3365,19.3365,19.3365,24.1706,24.1706,4.000000,4.000000,4.000000,5.000000,5.000000,96.000000,96.000000,96.000000,95.000000,95.000000,5.0,106.3507,97.42,377.0614,385.9921,PENDING_AG03,FALSE,NOT_FOR_ENFORCEMENT,464.0756,6302.0990,483.4121,464.0756,19.3365,0.06641365,0.06375710,19.3365,464.0756,0.06375710,19.3365,19.3365,19.3365,24.1706,24.1706,464.0756,0.06375710,106.3507,97.42,377.0614,385.9921,0.05180265,0.05302959,0.00265655,25.7202,34.7338,2.5577,120.8530,6.3607,1819.7015,47.2500,25.7202,,5.1636,12.9089,25.8178,51.6356,129.0889,129.0889,12.9089,-2.5818,10.000001,10.000001,1.992438,29,36,6,6,1.00000000,0.06641365,0.06641365,0E-8,0.000000,0.901891,0.000000,,2026-07-14,2026-07-24,4,76,63,11,0.363636,,1.000000,3.333333,,,,,,,,GLOBAL_BASELINE_NO_ENTITY_RANKING,,,NOT_APPLICABLE_GLOBAL_BASELINE,HF9g-P5,,,,X 全窗基线 · 不参与实体赏罚,8398519,840,A168_HF9F_20260827_0900,2026-08-27 09:00:00
2026-07-24,153014490,1221,0,51.6355562440,-25.8177781220,-25.8177781220,0E-7,2,2,0.50665070000000000,0.506650700000,-1.013391052207602,-1.013391052207602,-1.013391052207602,0E-17,ELIGIBLE,R03b_20260811_FULL_v1,L1_ELIGIBILITY,v2026-08-11,2026-03-21..2026-08-06,baccarat_bet02_101_all_pairs_incl_sentinel,round_win = game_pnl > 0 (decisive only),COMPATIBILITY_ONLY_NOT_PRODUCTION,7278.8062,6564.6864,483.4121,283,189,-0.06641365,-0.06641365,,-0.06641365,-483.4121,7278.8062,OK,0.0000,19.3365,4.0000,96.0000,AG03-UNRESOLVED,ALL5_LEVELS_bet23_to_bet27,19.3365,19.3365,19.3365,24.1706,24.1706,4.000000,4.000000,4.000000,5.000000,5.000000,96.000000,96.000000,96.000000,95.000000,95.000000,5.0,106.3507,97.42,377.0614,385.9921,PENDING_AG03,FALSE,NOT_FOR_ENFORCEMENT,464.0756,6302.0990,483.4121,464.0756,19.3365,0.06641365,0.06375710,19.3365,464.0756,0.06375710,19.3365,19.3365,19.3365,24.1706,24.1706,464.0756,0.06375710,106.3507,97.42,377.0614,385.9921,0.05180265,0.05302959,0.00265655,25.7202,34.7338,2.5577,120.8530,6.3607,1819.7015,47.2500,25.7202,,5.1636,12.9089,25.8178,51.6356,129.0889,129.0889,12.9089,-2.5818,10.000001,10.000001,1.992438,29,36,6,6,1.00000000,0.06641365,0.06641365,0E-8,0.000000,0.901891,0.000000,,2026-07-14,2026-07-24,4,76,63,11,0.363636,,1.000000,3.333333,,,,,,,,GLOBAL_BASELINE_NO_ENTITY_RANKING,,,NOT_APPLICABLE_GLOBAL_BASELINE,HF9g-P5,,,,X 全窗基线 · 不参与实体赏罚,8398520,840,A168_HF9F_20260827_0900,2026-08-27 09:00:00
2026-07-24,153014490,1363,0,24.5268892159,-24.5268892159,-24.5268892159,0E-7,1,1,0.50665070000000000,0.506650700000,-1.013391052207602,-1.013391052207602,-1.013391052207602,0E-17,ELIGIBLE,R03b_20260811_FULL_v1,L1_ELIGIBILITY,v2026-08-11,2026-03-21..2026-08-06,baccarat_bet02_101_all_pairs_incl_sentinel,round_win = game_pnl > 0 (decisive only),COMPATIBILITY_ONLY_NOT_PRODUCTION,7278.8062,6564.6864,483.4121,283,189,-0.06641365,-0.06641365,,-0.06641365,-483.4121,7278.8062,OK,0.0000,19.3365,4.0000,96.0000,AG03-UNRESOLVED,ALL5_LEVELS_bet23_to_bet27,19.3365,19.3365,19.3365,24.1706,24.1706,4.000000,4.000000,4.000000,5.000000,5.000000,96.000000,96.000000,96.000000,95.000000,95.000000,5.0,106.3507,97.42,377.0614,385.9921,PENDING_AG03,FALSE,NOT_FOR_ENFORCEMENT,464.0756,6302.0990,483.4121,464.0756,19.3365,0.06641365,0.06375710,19.3365,464.0756,0.06375710,19.3365,19.3365,19.3365,24.1706,24.1706,464.0756,0.06375710,106.3507,97.42,377.0614,385.9921,0.05180265,0.05302959,0.00265655,25.7202,34.7338,2.5577,120.8530,6.3607,1819.7015,47.2500,25.7202,,5.1636,12.9089,25.8178,51.6356,129.0889,129.0889,12.9089,-2.5818,10.000001,10.000001,1.992438,29,36,6,6,1.00000000,0.06641365,0.06641365,0E-8,0.000000,0.901891,0.000000,,2026-07-14,2026-07-24,4,76,63,11,0.363636,,1.000000,3.333333,,,,,,,,GLOBAL_BASELINE_NO_ENTITY_RANKING,,,NOT_APPLICABLE_GLOBAL_BASELINE,HF9g-P5,,,,X 全窗基线 · 不参与实体赏罚,8398521,840,A168_HF9F_20260827_0900,2026-08-27 09:00:00
2026-07-24,153014490,2205,0,25.8177781220,25.8177781220,25.8177781220,1.0000000,1,1,0.49324550000000000,0.493245500000,1.01360149184955,1.01360149184955,1.01360149184955,0E-17,ELIGIBLE,R03b_20260811_FULL_v1,L1_ELIGIBILITY,v2026-08-11,2026-03-21..2026-08-06,baccarat_bet02_101_all_pairs_incl_sentinel,round_win = game_pnl > 0 (decisive only),COMPATIBILITY_ONLY_NOT_PRODUCTION,7278.8062,6564.6864,483.4121,283,189,-0.06641365,-0.06641365,,-0.06641365,-483.4121,7278.8062,OK,0.0000,19.3365,4.0000,96.0000,AG03-UNRESOLVED,ALL5_LEVELS_bet23_to_bet27,19.3365,19.3365,19.3365,24.1706,24.1706,4.000000,4.000000,4.000000,5.000000,5.000000,96.000000,96.000000,96.000000,95.000000,95.000000,5.0,106.3507,97.42,377.0614,385.9921,PENDING_AG03,FALSE,NOT_FOR_ENFORCEMENT,464.0756,6302.0990,483.4121,464.0756,19.3365,0.06641365,0.06375710,19.3365,464.0756,0.06375710,19.3365,19.3365,19.3365,24.1706,24.1706,464.0756,0.06375710,106.3507,97.42,377.0614,385.9921,0.05180265,0.05302959,0.00265655,25.7202,34.7338,2.5577,120.8530,6.3607,1819.7015,47.2500,25.7202,,5.1636,12.9089,25.8178,51.6356,129.0889,129.0889,12.9089,-2.5818,10.000001,10.000001,1.992438,29,36,6,6,1.00000000,0.06641365,0.06641365,0E-8,0.000000,0.901891,0.000000,,2026-07-14,2026-07-24,4,76,63,11,0.363636,,1.000000,3.333333,,,,,,,,GLOBAL_BASELINE_NO_ENTITY_RANKING,,,NOT_APPLICABLE_GLOBAL_BASELINE,HF9g-P5,,,,X 全窗基线 · 不参与实体赏罚,8398522,840,A168_HF9F_20260827_0900,2026-08-27 09:00:00
2026-06-16,151586861,1963,0,56.9137777039,-56.9137777039,-56.9137777039,0E-7,1,1,0.49324550000000000,0.493245500000,-0.9865810262130424,-0.9865810262130424,-0.9865810262130424,0E-17,ELIGIBLE,R03b_20260811_FULL_v1,L1_ELIGIBILITY,v2026-08-11,2026-03-21..2026-08-06,baccarat_bet02_101_all_pairs_incl_sentinel,round_win = game_pnl > 0 (decisive only),COMPATIBILITY_ONLY_NOT_PRODUCTION,3775.1964,3547.3921,483.4219,56,56,-0.12805211,-0.15505359,-0.02348525,-0.12805211,-483.4219,3775.1964,OK,0.0000,19.3369,4.0000,96.0000,AG03-UNRESOLVED,ALL5_LEVELS_bet23_to_bet27,19.3369,19.3369,19.3369,19.3369,19.3369,4.000000,4.000000,4.000000,4.000000,4.000000,96.000000,96.000000,96.000000,96.000000,96.000000,5.0,96.6844,89.2529,386.7375,394.169,PENDING_AG03,FALSE,NOT_FOR_ENFORCEMENT,464.0850,3405.4965,483.4219,464.0850,19.3369,0.12805211,0.12293003,19.3369,464.0850,0.12293003,19.3369,19.3369,19.3369,19.3369,19.3369,464.0850,0.12293003,96.6844,89.2529,386.7375,394.169,0.10244169,0.1044102,0.00512208,67.4142,63.3463,8.6325,53.7135,13.4284,419.4663,6.2222,76.9339,45.5750,45.6972,61.3171,80.8146,102.1952,116.5025,172.3632,61.3171,0.0,1.9,2.811014,1.099436,21,26,9,2,0.79477223,0.12805211,0.15505359,0E-8,0.000000,0.939658,0.000000,-0.13156833,2026-06-16,2026-08-03,9,36,35,49,0.183674,1.688072,1.141211,2.649241,,,,,,,,GLOBAL_BASELINE_NO_ENTITY_RANKING,,,NOT_APPLICABLE_GLOBAL_BASELINE,HF9g-P5,,,,X 全窗基线 · 不参与实体赏罚,8398523,840,A168_HF9F_20260827_0900,2026-08-27 09:00:00
2026-06-17,151586861,-1,1,246.7648463951,68.4211619550,68.4211619550,0.7500000,5,5,0.50665070000000000,0.506650700000,0.9734833216690844,0.9734833216690844,0.9734833216690844,0E-17,SENTINEL_DEALER,R03b_20260811_FULL_v1,L1_ELIGIBILITY,v2026-08-11,2026-03-21..2026-08-06,baccarat_bet02_101_all_pairs_incl_sentinel,round_win = game_pnl > 0 (decisive only),COMPATIBILITY_ONLY_NOT_PRODUCTION,3775.1964,3547.3921,483.4219,56,56,-0.12805211,-0.15505359,-0.02348525,-0.12805211,-483.4219,3775.1964,OK,0.0000,19.3369,4.0000,96.0000,AG03-UNRESOLVED,ALL5_LEVELS_bet23_to_bet27,19.3369,19.3369,19.3369,19.3369,19.3369,4.000000,4.000000,4.000000,4.000000,4.000000,96.000000,96.000000,96.000000,96.000000,96.000000,5.0,96.6844,89.2529,386.7375,394.169,PENDING_AG03,FALSE,NOT_FOR_ENFORCEMENT,464.0850,3405.4965,483.4219,464.0850,19.3369,0.12805211,0.12293003,19.3369,464.0850,0.12293003,19.3369,19.3369,19.3369,19.3369,19.3369,464.0850,0.12293003,96.6844,89.2529,386.7375,394.169,0.10244169,0.1044102,0.00512208,67.4142,63.3463,8.6325,53.7135,13.4284,419.4663,6.2222,76.9339,45.5750,45.6972,61.3171,80.8146,102.1952,116.5025,172.3632,61.3171,0.0,1.9,2.811014,1.099436,21,26,9,2,0.79477223,0.12805211,0.15505359,0E-8,0.000000,0.939658,0.000000,-0.13156833,2026-06-16,2026-08-03,9,36,35,49,0.183674,1.688072,1.141211,2.649241,,,,,,,,GLOBAL_BASELINE_NO_ENTITY_RANKING,,,NOT_APPLICABLE_GLOBAL_BASELINE,HF9g-P5,,,,X 全窗基线 · 不参与实体赏罚,8398524,840,A168_HF9F_20260827_0900,2026-08-27 09:00:00
2026-06-17,151586861,1299,0,45.6971937769,45.6971937769,45.6971937769,1.0000000,1,1,0.49324550000000000,0.493245500000,1.01360149184955,1.01360149184955,1.01360149184955,0E-17,ELIGIBLE,R03b_20260811_FULL_v1,L1_ELIGIBILITY,v2026-08-11,2026-03-21..2026-08-06,baccarat_bet02_101_all_pairs_incl_sentinel,round_win = game_pnl > 0 (decisive only),COMPATIBILITY_ONLY_NOT_PRODUCTION,3775.1964,3547.3921,483.4219,56,56,-0.12805211,-0.15505359,-0.02348525,-0.12805211,-483.4219,3775.1964,OK,0.0000,19.3369,4.0000,96.0000,AG03-UNRESOLVED,ALL5_LEVELS_bet23_to_bet27,19.3369,19.3369,19.3369,19.3369,19.3369,4.000000,4.000000,4.000000,4.000000,4.000000,96.000000,96.000000,96.000000,96.000000,96.000000,5.0,96.6844,89.2529,386.7375,394.169,PENDING_AG03,FALSE,NOT_FOR_ENFORCEMENT,464.0850,3405.4965,483.4219,464.0850,19.3369,0.12805211,0.12293003,19.3369,464.0850,0.12293003,19.3369,19.3369,19.3369,19.3369,19.3369,464.0850,0.12293003,96.6844,89.2529,386.7375,394.169,0.10244169,0.1044102,0.00512208,67.4142,63.3463,8.6325,53.7135,13.4284,419.4663,6.2222,76.9339,45.5750,45.6972,61.3171,80.8146,102.1952,116.5025,172.3632,61.3171,0.0,1.9,2.811014,1.099436,21,26,9,2,0.79477223,0.12805211,0.15505359,0E-8,0.000000,0.939658,0.000000,-0.13156833,2026-06-16,2026-08-03,9,36,35,49,0.183674,1.688072,1.141211,2.649241,,,,,,,,GLOBAL_BASELINE_NO_ENTITY_RANKING,,,NOT_APPLICABLE_GLOBAL_BASELINE,HF9g-P5,,,,X 全窗基线 · 不参与实体赏罚,8398525,840,A168_HF9F_20260827_0900,2026-08-27 09:00:00
2026-06-17,151586861,1325,0,91.3943875538,-2.2848596889,-2.2848596889,0.5000000,2,2,0.50665070000000000,0.506650700000,-0.018812684590367487,-0.018812684590367487,-0.018812684590367487,0E-17,ELIGIBLE,R03b_20260811_FULL_v1,L1_ELIGIBILITY,v2026-08-11,2026-03-21..2026-08-06,baccarat_bet02_101_all_pairs_incl_sentinel,round_win = game_pnl > 0 (decisive only),COMPATIBILITY_ONLY_NOT_PRODUCTION,3775.1964,3547.3921,483.4219,56,56,-0.12805211,-0.15505359,-0.02348525,-0.12805211,-483.4219,3775.1964,OK,0.0000,19.3369,4.0000,96.0000,AG03-UNRESOLVED,ALL5_LEVELS_bet23_to_bet27,19.3369,19.3369,19.3369,19.3369,19.3369,4.000000,4.000000,4.000000,4.000000,4.000000,96.000000,96.000000,96.000000,96.000000,96.000000,5.0,96.6844,89.2529,386.7375,394.169,PENDING_AG03,FALSE,NOT_FOR_ENFORCEMENT,464.0850,3405.4965,483.4219,464.0850,19.3369,0.12805211,0.12293003,19.3369,464.0850,0.12293003,19.3369,19.3369,19.3369,19.3369,19.3369,464.0850,0.12293003,96.6844,89.2529,386.7375,394.169,0.10244169,0.1044102,0.00512208,67.4142,63.3463,8.6325,53.7135,13.4284,419.4663,6.2222,76.9339,45.5750,45.6972,61.3171,80.8146,102.1952,116.5025,172.3632,61.3171,0.0,1.9,2.811014,1.099436,21,26,9,2,0.79477223,0.12805211,0.15505359,0E-8,0.000000,0.939658,0.000000,-0.13156833,2026-06-16,2026-08-03,9,36,35,49,0.183674,1.688072,1.141211,2.649241,,,,,,,,GLOBAL_BASELINE_NO_ENTITY_RANKING,,,NOT_APPLICABLE_GLOBAL_BASELINE,HF9g-P5,,,,X 全窗基线 · 不参与实体赏罚,8398526,840,A168_HF9F_20260827_0900,2026-08-27 09:00:00
2026-06-17,151586861,1957,0,44.0354776395,44.0354776395,44.0354776395,1.0000000,1,1,0.49324550000000000,0.493245500000,1.01360149184955,1.01360149184955,1.01360149184955,0E-17,ELIGIBLE,R03b_20260811_FULL_v1,L1_ELIGIBILITY,v2026-08-11,2026-03-21..2026-08-06,baccarat_bet02_101_all_pairs_incl_sentinel,round_win = game_pnl > 0 (decisive only),COMPATIBILITY_ONLY_NOT_PRODUCTION,3775.1964,3547.3921,483.4219,56,56,-0.12805211,-0.15505359,-0.02348525,-0.12805211,-483.4219,3775.1964,OK,0.0000,19.3369,4.0000,96.0000,AG03-UNRESOLVED,ALL5_LEVELS_bet23_to_bet27,19.3369,19.3369,19.3369,19.3369,19.3369,4.000000,4.000000,4.000000,4.000000,4.000000,96.000000,96.000000,96.000000,96.000000,96.000000,5.0,96.6844,89.2529,386.7375,394.169,PENDING_AG03,FALSE,NOT_FOR_ENFORCEMENT,464.0850,3405.4965,483.4219,464.0850,19.3369,0.12805211,0.12293003,19.3369,464.0850,0.12293003,19.3369,19.3369,19.3369,19.3369,19.3369,464.0850,0.12293003,96.6844,89.2529,386.7375,394.169,0.10244169,0.1044102,0.00512208,67.4142,63.3463,8.6325,53.7135,13.4284,419.4663,6.2222,76.9339,45.5750,45.6972,61.3171,80.8146,102.1952,116.5025,172.3632,61.3171,0.0,1.9,2.811014,1.099436,21,26,9,2,0.79477223,0.12805211,0.15505359,0E-8,0.000000,0.939658,0.000000,-0.13156833,2026-06-16,2026-08-03,9,36,35,49,0.183674,1.688072,1.141211,2.649241,,,,,,,,GLOBAL_BASELINE_NO_ENTITY_RANKING,,,NOT_APPLICABLE_GLOBAL_BASELINE,HF9g-P5,,,,X 全窗基线 · 不参与实体赏罚,8398527,840,A168_HF9F_20260827_0900,2026-08-27 09:00:00
2026-06-17,151586861,1966,0,87.2400972104,43.4123340880,43.4123340880,1.0000000,2,2,0.50665070000000000,0.506650700000,0.9867858985152569,0.9867858985152569,0.9867858985152569,0E-17,ELIGIBLE,R03b_20260811_FULL_v1,L1_ELIGIBILITY,v2026-08-11,2026-03-21..2026-08-06,baccarat_bet02_101_all_pairs_incl_sentinel,round_win = game_pnl > 0 (decisive only),COMPATIBILITY_ONLY_NOT_PRODUCTION,3775.1964,3547.3921,483.4219,56,56,-0.12805211,-0.15505359,-0.02348525,-0.12805211,-483.4219,3775.1964,OK,0.0000,19.3369,4.0000,96.0000,AG03-UNRESOLVED,ALL5_LEVELS_bet23_to_bet27,19.3369,19.3369,19.3369,19.3369,19.3369,4.000000,4.000000,4.000000,4.000000,4.000000,96.000000,96.000000,96.000000,96.000000,96.000000,5.0,96.6844,89.2529,386.7375,394.169,PENDING_AG03,FALSE,NOT_FOR_ENFORCEMENT,464.0850,3405.4965,483.4219,464.0850,19.3369,0.12805211,0.12293003,19.3369,464.0850,0.12293003,19.3369,19.3369,19.3369,19.3369,19.3369,464.0850,0.12293003,96.6844,89.2529,386.7375,394.169,0.10244169,0.1044102,0.00512208,67.4142,63.3463,8.6325,53.7135,13.4284,419.4663,6.2222,76.9339,45.5750,45.6972,61.3171,80.8146,102.1952,116.5025,172.3632,61.3171,0.0,1.9,2.811014,1.099436,21,26,9,2,0.79477223,0.12805211,0.15505359,0E-8,0.000000,0.939658,0.000000,-0.13156833,2026-06-16,2026-08-03,9,36,35,49,0.183674,1.688072,1.141211,2.649241,,,,,,,,GLOBAL_BASELINE_NO_ENTITY_RANKING,,,NOT_APPLICABLE_GLOBAL_BASELINE,HF9g-P5,,,,X 全窗基线 · 不参与实体赏罚,8398528,840,A168_HF9F_20260827_0900,2026-08-27 09:00:00
2026-06-17,151586861,2229,0,126.0827119207,-83.9166649357,-83.9166649357,0E-7,3,3,0.50665070000000000,0.506650700000,-1.4331513700195317,-1.4331513700195317,-1.4331513700195317,0E-17,ELIGIBLE,R03b_20260811_FULL_v1,L1_ELIGIBILITY,v2026-08-11,2026-03-21..2026-08-06,baccarat_bet02_101_all_pairs_incl_sentinel,round_win = game_pnl > 0 (decisive only),COMPATIBILITY_ONLY_NOT_PRODUCTION,3775.1964,3547.3921,483.4219,56,56,-0.12805211,-0.15505359,-0.02348525,-0.12805211,-483.4219,3775.1964,OK,0.0000,19.3369,4.0000,96.0000,AG03-UNRESOLVED,ALL5_LEVELS_bet23_to_bet27,19.3369,19.3369,19.3369,19.3369,19.3369,4.000000,4.000000,4.000000,4.000000,4.000000,96.000000,96.000000,96.000000,96.000000,96.000000,5.0,96.6844,89.2529,386.7375,394.169,PENDING_AG03,FALSE,NOT_FOR_ENFORCEMENT,464.0850,3405.4965,483.4219,464.0850,19.3369,0.12805211,0.12293003,19.3369,464.0850,0.12293003,19.3369,19.3369,19.3369,19.3369,19.3369,464.0850,0.12293003,96.6844,89.2529,386.7375,394.169,0.10244169,0.1044102,0.00512208,67.4142,63.3463,8.6325,53.7135,13.4284,419.4663,6.2222,76.9339,45.5750,45.6972,61.3171,80.8146,102.1952,116.5025,172.3632,61.3171,0.0,1.9,2.811014,1.099436,21,26,9,2,0.79477223,0.12805211,0.15505359,0E-8,0.000000,0.939658,0.000000,-0.13156833,2026-06-16,2026-08-03,9,36,35,49,0.183674,1.688072,1.141211,2.649241,,,,,,,,GLOBAL_BASELINE_NO_ENTITY_RANKING,,,NOT_APPLICABLE_GLOBAL_BASELINE,HF9g-P5,,,,X 全窗基线 · 不参与实体赏罚,8398529,840,A168_HF9F_20260827_0900,2026-08-27 09:00:00
2026-06-17,151586861,772,0,76.6466568348,-76.6466568348,-76.6466568348,0E-7,2,2,0.49324550000000000,0.493245500000,-1.3952362676504506,-1.3952362676504506,-1.3952362676504506,0E-17,ELIGIBLE,R03b_20260811_FULL_v1,L1_ELIGIBILITY,v2026-08-11,2026-03-21..2026-08-06,baccarat_bet02_101_all_pairs_incl_sentinel,round_win = game_pnl > 0 (decisive only),COMPATIBILITY_ONLY_NOT_PRODUCTION,3775.1964,3547.3921,483.4219,56,56,-0.12805211,-0.15505359,-0.02348525,-0.12805211,-483.4219,3775.1964,OK,0.0000,19.3369,4.0000,96.0000,AG03-UNRESOLVED,ALL5_LEVELS_bet23_to_bet27,19.3369,19.3369,19.3369,19.3369,19.3369,4.000000,4.000000,4.000000,4.000000,4.000000,96.000000,96.000000,96.000000,96.000000,96.000000,5.0,96.6844,89.2529,386.7375,394.169,PENDING_AG03,FALSE,NOT_FOR_ENFORCEMENT,464.0850,3405.4965,483.4219,464.0850,19.3369,0.12805211,0.12293003,19.3369,464.0850,0.12293003,19.3369,19.3369,19.3369,19.3369,19.3369,464.0850,0.12293003,96.6844,89.2529,386.7375,394.169,0.10244169,0.1044102,0.00512208,67.4142,63.3463,8.6325,53.7135,13.4284,419.4663,6.2222,76.9339,45.5750,45.6972,61.3171,80.8146,102.1952,116.5025,172.3632,61.3171,0.0,1.9,2.811014,1.099436,21,26,9,2,0.79477223,0.12805211,0.15505359,0E-8,0.000000,0.939658,0.000000,-0.13156833,2026-06-16,2026-08-03,9,36,35,49,0.183674,1.688072,1.141211,2.649241,,,,,,,,GLOBAL_BASELINE_NO_ENTITY_RANKING,,,NOT_APPLICABLE_GLOBAL_BASELINE,HF9g-P5,,,,X 全窗基线 · 不参与实体赏罚,8398530,840,A168_HF9F_20260827_0900,2026-08-27 09:00:00
2026-07-10,151586861,-1,1,247.3122675060,-62.3390426358,-62.3390426358,0.3333333,4,4,0.49994810000000000,0.499948100000,-0.5771704854251445,-0.5771704854251445,-0.5771704854251445,0E-17,SENTINEL_DEALER,R03b_20260811_FULL_v1,L1_ELIGIBILITY,v2026-08-11,2026-03-21..2026-08-06,baccarat_bet02_101_all_pairs_incl_sentinel,round_win = game_pnl > 0 (decisive only),COMPATIBILITY_ONLY_NOT_PRODUCTION,3775.1964,3547.3921,483.4219,56,56,-0.12805211,-0.15505359,-0.02348525,-0.12805211,-483.4219,3775.1964,OK,0.0000,19.3369,4.0000,96.0000,AG03-UNRESOLVED,ALL5_LEVELS_bet23_to_bet27,19.3369,19.3369,19.3369,19.3369,19.3369,4.000000,4.000000,4.000000,4.000000,4.000000,96.000000,96.000000,96.000000,96.000000,96.000000,5.0,96.6844,89.2529,386.7375,394.169,PENDING_AG03,FALSE,NOT_FOR_ENFORCEMENT,464.0850,3405.4965,483.4219,464.0850,19.3369,0.12805211,0.12293003,19.3369,464.0850,0.12293003,19.3369,19.3369,19.3369,19.3369,19.3369,464.0850,0.12293003,96.6844,89.2529,386.7375,394.169,0.10244169,0.1044102,0.00512208,67.4142,63.3463,8.6325,53.7135,13.4284,419.4663,6.2222,76.9339,45.5750,45.6972,61.3171,80.8146,102.1952,116.5025,172.3632,61.3171,0.0,1.9,2.811014,1.099436,21,26,9,2,0.79477223,0.12805211,0.15505359,0E-8,0.000000,0.939658,0.000000,-0.13156833,2026-06-16,2026-08-03,9,36,35,49,0.183674,1.688072,1.141211,2.649241,,,,,,,,GLOBAL_BASELINE_NO_ENTITY_RANKING,,,NOT_APPLICABLE_GLOBAL_BASELINE,HF9g-P5,,,,X 全窗基线 · 不参与实体赏罚,8398531,840,A168_HF9F_20260827_0900,2026-08-27 09:00:00
2026-07-10,151586861,1396,0,61.3170911172,-30.6585455586,-30.6585455586,0E-7,2,2,0.49324550000000000,0.493245500000,-0.9865810262130424,-0.9865810262130424,-0.9865810262130424,0E-17,ELIGIBLE,R03b_20260811_FULL_v1,L1_ELIGIBILITY,v2026-08-11,2026-03-21..2026-08-06,baccarat_bet02_101_all_pairs_incl_sentinel,round_win = game_pnl > 0 (decisive only),COMPATIBILITY_ONLY_NOT_PRODUCTION,3775.1964,3547.3921,483.4219,56,56,-0.12805211,-0.15505359,-0.02348525,-0.12805211,-483.4219,3775.1964,OK,0.0000,19.3369,4.0000,96.0000,AG03-UNRESOLVED,ALL5_LEVELS_bet23_to_bet27,19.3369,19.3369,19.3369,19.3369,19.3369,4.000000,4.000000,4.000000,4.000000,4.000000,96.000000,96.000000,96.000000,96.000000,96.000000,5.0,96.6844,89.2529,386.7375,394.169,PENDING_AG03,FALSE,NOT_FOR_ENFORCEMENT,464.0850,3405.4965,483.4219,464.0850,19.3369,0.12805211,0.12293003,19.3369,464.0850,0.12293003,19.3369,19.3369,19.3369,19.3369,19.3369,464.0850,0.12293003,96.6844,89.2529,386.7375,394.169,0.10244169,0.1044102,0.00512208,67.4142,63.3463,8.6325,53.7135,13.4284,419.4663,6.2222,76.9339,45.5750,45.6972,61.3171,80.8146,102.1952,116.5025,172.3632,61.3171,0.0,1.9,2.811014,1.099436,21,26,9,2,0.79477223,0.12805211,0.15505359,0E-8,0.000000,0.939658,0.000000,-0.13156833,2026-06-16,2026-08-03,9,36,35,49,0.183674,1.688072,1.141211,2.649241,,,,,,,,GLOBAL_BASELINE_NO_ENTITY_RANKING,,,NOT_APPLICABLE_GLOBAL_BASELINE,HF9g-P5,,,,X 全窗基线 · 不参与实体赏罚,8398532,840,A168_HF9F_20260827_0900,2026-08-27 09:00:00
2026-07-10,151586861,1941,0,81.7561214896,-81.7561214896,-81.7561214896,0E-7,1,1,0.49324550000000000,0.493245500000,-0.9865810262130424,-0.9865810262130424,-0.9865810262130424,0E-17,ELIGIBLE,R03b_20260811_FULL_v1,L1_ELIGIBILITY,v2026-08-11,2026-03-21..2026-08-06,baccarat_bet02_101_all_pairs_incl_sentinel,round_win = game_pnl > 0 (decisive only),COMPATIBILITY_ONLY_NOT_PRODUCTION,3775.1964,3547.3921,483.4219,56,56,-0.12805211,-0.15505359,-0.02348525,-0.12805211,-483.4219,3775.1964,OK,0.0000,19.3369,4.0000,96.0000,AG03-UNRESOLVED,ALL5_LEVELS_bet23_to_bet27,19.3369,19.3369,19.3369,19.3369,19.3369,4.000000,4.000000,4.000000,4.000000,4.000000,96.000000,96.000000,96.000000,96.000000,96.000000,5.0,96.6844,89.2529,386.7375,394.169,PENDING_AG03,FALSE,NOT_FOR_ENFORCEMENT,464.0850,3405.4965,483.4219,464.0850,19.3369,0.12805211,0.12293003,19.3369,464.0850,0.12293003,19.3369,19.3369,19.3369,19.3369,19.3369,464.0850,0.12293003,96.6844,89.2529,386.7375,394.169,0.10244169,0.1044102,0.00512208,67.4142,63.3463,8.6325,53.7135,13.4284,419.4663,6.2222,76.9339,45.5750,45.6972,61.3171,80.8146,102.1952,116.5025,172.3632,61.3171,0.0,1.9,2.811014,1.099436,21,26,9,2,0.79477223,0.12805211,0.15505359,0E-8,0.000000,0.939658,0.000000,-0.13156833,2026-06-16,2026-08-03,9,36,35,49,0.183674,1.688072,1.141211,2.649241,,,,,,,,GLOBAL_BASELINE_NO_ENTITY_RANKING,,,NOT_APPLICABLE_GLOBAL_BASELINE,HF9g-P5,,,,X 全窗基线 · 不参与实体赏罚,8398533,840,A168_HF9F_20260827_0900,2026-08-27 09:00:00
2026-07-10,151586861,2156,0,122.6341822344,116.5024731226,116.5024731226,1.0000000,2,2,0.50665070000000000,0.506650700000,1.3955260008387969,1.3955260008387969,1.3955260008387969,0E-17,ELIGIBLE,R03b_20260811_FULL_v1,L1_ELIGIBILITY,v2026-08-11,2026-03-21..2026-08-06,baccarat_bet02_101_all_pairs_incl_sentinel,round_win = game_pnl > 0 (decisive only),COMPATIBILITY_ONLY_NOT_PRODUCTION,3775.1964,3547.3921,483.4219,56,56,-0.12805211,-0.15505359,-0.02348525,-0.12805211,-483.4219,3775.1964,OK,0.0000,19.3369,4.0000,96.0000,AG03-UNRESOLVED,ALL5_LEVELS_bet23_to_bet27,19.3369,19.3369,19.3369,19.3369,19.3369,4.000000,4.000000,4.000000,4.000000,4.000000,96.000000,96.000000,96.000000,96.000000,96.000000,5.0,96.6844,89.2529,386.7375,394.169,PENDING_AG03,FALSE,NOT_FOR_ENFORCEMENT,464.0850,3405.4965,483.4219,464.0850,19.3369,0.12805211,0.12293003,19.3369,464.0850,0.12293003,19.3369,19.3369,19.3369,19.3369,19.3369,464.0850,0.12293003,96.6844,89.2529,386.7375,394.169,0.10244169,0.1044102,0.00512208,67.4142,63.3463,8.6325,53.7135,13.4284,419.4663,6.2222,76.9339,45.5750,45.6972,61.3171,80.8146,102.1952,116.5025,172.3632,61.3171,0.0,1.9,2.811014,1.099436,21,26,9,2,0.79477223,0.12805211,0.15505359,0E-8,0.000000,0.939658,0.000000,-0.13156833,2026-06-16,2026-08-03,9,36,35,49,0.183674,1.688072,1.141211,2.649241,,,,,,,,GLOBAL_BASELINE_NO_ENTITY_RANKING,,,NOT_APPLICABLE_GLOBAL_BASELINE,HF9g-P5,,,,X 全窗基线 · 不参与实体赏罚,8398534,840,A168_HF9F_20260827_0900,2026-08-27 09:00:00
2026-07-10,151586861,2220,0,119.5683276785,-3.0658545559,-3.0658545559,0.5000000,2,2,0.49324550000000000,0.493245500000,0.01910635448239258,0.01910635448239258,0.01910635448239258,0E-17,ELIGIBLE,R03b_20260811_FULL_v1,L1_ELIGIBILITY,v2026-08-11,2026-03-21..2026-08-06,baccarat_bet02_101_all_pairs_incl_sentinel,round_win = game_pnl > 0 (decisive only),COMPATIBILITY_ONLY_NOT_PRODUCTION,3775.1964,3547.3921,483.4219,56,56,-0.12805211,-0.15505359,-0.02348525,-0.12805211,-483.4219,3775.1964,OK,0.0000,19.3369,4.0000,96.0000,AG03-UNRESOLVED,ALL5_LEVELS_bet23_to_bet27,19.3369,19.3369,19.3369,19.3369,19.3369,4.000000,4.000000,4.000000,4.000000,4.000000,96.000000,96.000000,96.000000,96.000000,96.000000,5.0,96.6844,89.2529,386.7375,394.169,PENDING_AG03,FALSE,NOT_FOR_ENFORCEMENT,464.0850,3405.4965,483.4219,464.0850,19.3369,0.12805211,0.12293003,19.3369,464.0850,0.12293003,19.3369,19.3369,19.3369,19.3369,19.3369,464.0850,0.12293003,96.6844,89.2529,386.7375,394.169,0.10244169,0.1044102,0.00512208,67.4142,63.3463,8.6325,53.7135,13.4284,419.4663,6.2222,76.9339,45.5750,45.6972,61.3171,80.8146,102.1952,116.5025,172.3632,61.3171,0.0,1.9,2.811014,1.099436,21,26,9,2,0.79477223,0.12805211,0.15505359,0E-8,0.000000,0.939658,0.000000,-0.13156833,2026-06-16,2026-08-03,9,36,35,49,0.183674,1.688072,1.141211,2.649241,,,,,,,,GLOBAL_BASELINE_NO_ENTITY_RANKING,,,NOT_APPLICABLE_GLOBAL_BASELINE,HF9g-P5,,,,X 全窗基线 · 不参与实体赏罚,8398535,840,A168_HF9F_20260827_0900,2026-08-27 09:00:00
2026-07-11,151586861,-1,1,398.5610922618,-199.2805461309,-199.2805461309,0.3333333,3,3,0.50218230000000000,0.502182300000,-0.5849155494134425,-0.5849155494134426,-0.5849155494134425,0E-17,SENTINEL_DEALER,R03b_20260811_FULL_v1,L1_ELIGIBILITY,v2026-08-11,2026-03-21..2026-08-06,baccarat_bet02_101_all_pairs_incl_sentinel,round_win = game_pnl > 0 (decisive only),COMPATIBILITY_ONLY_NOT_PRODUCTION,3775.1964,3547.3921,483.4219,56,56,-0.12805211,-0.15505359,-0.02348525,-0.12805211,-483.4219,3775.1964,OK,0.0000,19.3369,4.0000,96.0000,AG03-UNRESOLVED,ALL5_LEVELS_bet23_to_bet27,19.3369,19.3369,19.3369,19.3369,19.3369,4.000000,4.000000,4.000000,4.000000,4.000000,96.000000,96.000000,96.000000,96.000000,96.000000,5.0,96.6844,89.2529,386.7375,394.169,PENDING_AG03,FALSE,NOT_FOR_ENFORCEMENT,464.0850,3405.4965,483.4219,464.0850,19.3369,0.12805211,0.12293003,19.3369,464.0850,0.12293003,19.3369,19.3369,19.3369,19.3369,19.3369,464.0850,0.12293003,96.6844,89.2529,386.7375,394.169,0.10244169,0.1044102,0.00512208,67.4142,63.3463,8.6325,53.7135,13.4284,419.4663,6.2222,76.9339,45.5750,45.6972,61.3171,80.8146,102.1952,116.5025,172.3632,61.3171,0.0,1.9,2.811014,1.099436,21,26,9,2,0.79477223,0.12805211,0.15505359,0E-8,0.000000,0.939658,0.000000,-0.13156833,2026-06-16,2026-08-03,9,36,35,49,0.183674,1.688072,1.141211,2.649241,,,,,,,,GLOBAL_BASELINE_NO_ENTITY_RANKING,,,NOT_APPLICABLE_GLOBAL_BASELINE,HF9g-P5,,,,X 全窗基线 · 不参与实体赏罚,8398536,840,A168_HF9F_20260827_0900,2026-08-27 09:00:00
2026-07-11,151586861,1383,0,204.3903037240,-5.1097575931,-5.1097575931,0.5000000,2,2,0.50665070000000000,0.506650700000,-0.018812684590367487,-0.018812684590367487,-0.018812684590367487,0E-17,ELIGIBLE,R03b_20260811_FULL_v1,L1_ELIGIBILITY,v2026-08-11,2026-03-21..2026-08-06,baccarat_bet02_101_all_pairs_incl_sentinel,round_win = game_pnl > 0 (decisive only),COMPATIBILITY_ONLY_NOT_PRODUCTION,3775.1964,3547.3921,483.4219,56,56,-0.12805211,-0.15505359,-0.02348525,-0.12805211,-483.4219,3775.1964,OK,0.0000,19.3369,4.0000,96.0000,AG03-UNRESOLVED,ALL5_LEVELS_bet23_to_bet27,19.3369,19.3369,19.3369,19.3369,19.3369,4.000000,4.000000,4.000000,4.000000,4.000000,96.000000,96.000000,96.000000,96.000000,96.000000,5.0,96.6844,89.2529,386.7375,394.169,PENDING_AG03,FALSE,NOT_FOR_ENFORCEMENT,464.0850,3405.4965,483.4219,464.0850,19.3369,0.12805211,0.12293003,19.3369,464.0850,0.12293003,19.3369,19.3369,19.3369,19.3369,19.3369,464.0850,0.12293003,96.6844,89.2529,386.7375,394.169,0.10244169,0.1044102,0.00512208,67.4142,63.3463,8.6325,53.7135,13.4284,419.4663,6.2222,76.9339,45.5750,45.6972,61.3171,80.8146,102.1952,116.5025,172.3632,61.3171,0.0,1.9,2.811014,1.099436,21,26,9,2,0.79477223,0.12805211,0.15505359,0E-8,0.000000,0.939658,0.000000,-0.13156833,2026-06-16,2026-08-03,9,36,35,49,0.183674,1.688072,1.141211,2.649241,,,,,,,,GLOBAL_BASELINE_NO_ENTITY_RANKING,,,NOT_APPLICABLE_GLOBAL_BASELINE,HF9g-P5,,,,X 全窗基线 · 不参与实体赏罚,8398537,840,A168_HF9F_20260827_0900,2026-08-27 09:00:00
2026-07-11,151586861,1710,0,204.3903037240,0E-10,0E-10,0.5000000,2,2,0.49324550000000000,0.493245500000,0.01910635448239258,0.01910635448239258,0.01910635448239258,0E-17,ELIGIBLE,R03b_20260811_FULL_v1,L1_ELIGIBILITY,v2026-08-11,2026-03-21..2026-08-06,baccarat_bet02_101_all_pairs_incl_sentinel,round_win = game_pnl > 0 (decisive only),COMPATIBILITY_ONLY_NOT_PRODUCTION,3775.1964,3547.3921,483.4219,56,56,-0.12805211,-0.15505359,-0.02348525,-0.12805211,-483.4219,3775.1964,OK,0.0000,19.3369,4.0000,96.0000,AG03-UNRESOLVED,ALL5_LEVELS_bet23_to_bet27,19.3369,19.3369,19.3369,19.3369,19.3369,4.000000,4.000000,4.000000,4.000000,4.000000,96.000000,96.000000,96.000000,96.000000,96.000000,5.0,96.6844,89.2529,386.7375,394.169,PENDING_AG03,FALSE,NOT_FOR_ENFORCEMENT,464.0850,3405.4965,483.4219,464.0850,19.3369,0.12805211,0.12293003,19.3369,464.0850,0.12293003,19.3369,19.3369,19.3369,19.3369,19.3369,464.0850,0.12293003,96.6844,89.2529,386.7375,394.169,0.10244169,0.1044102,0.00512208,67.4142,63.3463,8.6325,53.7135,13.4284,419.4663,6.2222,76.9339,45.5750,45.6972,61.3171,80.8146,102.1952,116.5025,172.3632,61.3171,0.0,1.9,2.811014,1.099436,21,26,9,2,0.79477223,0.12805211,0.15505359,0E-8,0.000000,0.939658,0.000000,-0.13156833,2026-06-16,2026-08-03,9,36,35,49,0.183674,1.688072,1.141211,2.649241,,,,,,,,GLOBAL_BASELINE_NO_ENTITY_RANKING,,,NOT_APPLICABLE_GLOBAL_BASELINE,HF9g-P5,,,,X 全窗基线 · 不参与实体赏罚,8398538,840,A168_HF9F_20260827_0900,2026-08-27 09:00:00
2026-07-12,151586861,1402,0,54.1634304869,-54.1634304869,-54.1634304869,0E-7,1,1,0.50665070000000000,0.506650700000,-1.013391052207602,-1.013391052207602,-1.013391052207602,0E-17,ELIGIBLE,R03b_20260811_FULL_v1,L1_ELIGIBILITY,v2026-08-11,2026-03-21..2026-08-06,baccarat_bet02_101_all_pairs_incl_sentinel,round_win = game_pnl > 0 (decisive only),COMPATIBILITY_ONLY_NOT_PRODUCTION,3775.1964,3547.3921,483.4219,56,56,-0.12805211,-0.15505359,-0.02348525,-0.12805211,-483.4219,3775.1964,OK,0.0000,19.3369,4.0000,96.0000,AG03-UNRESOLVED,ALL5_LEVELS_bet23_to_bet27,19.3369,19.3369,19.3369,19.3369,19.3369,4.000000,4.000000,4.000000,4.000000,4.000000,96.000000,96.000000,96.000000,96.000000,96.000000,5.0,96.6844,89.2529,386.7375,394.169,PENDING_AG03,FALSE,NOT_FOR_ENFORCEMENT,464.0850,3405.4965,483.4219,464.0850,19.3369,0.12805211,0.12293003,19.3369,464.0850,0.12293003,19.3369,19.3369,19.3369,19.3369,19.3369,464.0850,0.12293003,96.6844,89.2529,386.7375,394.169,0.10244169,0.1044102,0.00512208,67.4142,63.3463,8.6325,53.7135,13.4284,419.4663,6.2222,76.9339,45.5750,45.6972,61.3171,80.8146,102.1952,116.5025,172.3632,61.3171,0.0,1.9,2.811014,1.099436,21,26,9,2,0.79477223,0.12805211,0.15505359,0E-8,0.000000,0.939658,0.000000,-0.13156833,2026-06-16,2026-08-03,9,36,35,49,0.183674,1.688072,1.141211,2.649241,,,,,,,,GLOBAL_BASELINE_NO_ENTITY_RANKING,,,NOT_APPLICABLE_GLOBAL_BASELINE,HF9g-P5,,,,X 全窗基线 · 不参与实体赏罚,8398539,840,A168_HF9F_20260827_0900,2026-08-27 09:00:00
2026-07-12,151586861,2169,0,69.4927032662,-69.4927032662,-69.4927032662,0E-7,1,1,0.50665070000000000,0.506650700000,-1.013391052207602,-1.013391052207602,-1.013391052207602,0E-17,ELIGIBLE,R03b_20260811_FULL_v1,L1_ELIGIBILITY,v2026-08-11,2026-03-21..2026-08-06,baccarat_bet02_101_all_pairs_incl_sentinel,round_win = game_pnl > 0 (decisive only),COMPATIBILITY_ONLY_NOT_PRODUCTION,3775.1964,3547.3921,483.4219,56,56,-0.12805211,-0.15505359,-0.02348525,-0.12805211,-483.4219,3775.1964,OK,0.0000,19.3369,4.0000,96.0000,AG03-UNRESOLVED,ALL5_LEVELS_bet23_to_bet27,19.3369,19.3369,19.3369,19.3369,19.3369,4.000000,4.000000,4.000000,4.000000,4.000000,96.000000,96.000000,96.000000,96.000000,96.000000,5.0,96.6844,89.2529,386.7375,394.169,PENDING_AG03,FALSE,NOT_FOR_ENFORCEMENT,464.0850,3405.4965,483.4219,464.0850,19.3369,0.12805211,0.12293003,19.3369,464.0850,0.12293003,19.3369,19.3369,19.3369,19.3369,19.3369,464.0850,0.12293003,96.6844,89.2529,386.7375,394.169,0.10244169,0.1044102,0.00512208,67.4142,63.3463,8.6325,53.7135,13.4284,419.4663,6.2222,76.9339,45.5750,45.6972,61.3171,80.8146,102.1952,116.5025,172.3632,61.3171,0.0,1.9,2.811014,1.099436,21,26,9,2,0.79477223,0.12805211,0.15505359,0E-8,0.000000,0.939658,0.000000,-0.13156833,2026-06-16,2026-08-03,9,36,35,49,0.183674,1.688072,1.141211,2.649241,,,,,,,,GLOBAL_BASELINE_NO_ENTITY_RANKING,,,NOT_APPLICABLE_GLOBAL_BASELINE,HF9g-P5,,,,X 全窗基线 · 不参与实体赏罚,8398540,840,A168_HF9F_20260827_0900,2026-08-27 09:00:00
2026-07-12,151586861,2209,0,61.3170911172,58.2512365613,58.2512365613,1.0000000,1,1,0.50665070000000000,0.506650700000,0.9867858985152569,0.9867858985152569,0.9867858985152569,0E-17,ELIGIBLE,R03b_20260811_FULL_v1,L1_ELIGIBILITY,v2026-08-11,2026-03-21..2026-08-06,baccarat_bet02_101_all_pairs_incl_sentinel,round_win = game_pnl > 0 (decisive only),COMPATIBILITY_ONLY_NOT_PRODUCTION,3775.1964,3547.3921,483.4219,56,56,-0.12805211,-0.15505359,-0.02348525,-0.12805211,-483.4219,3775.1964,OK,0.0000,19.3369,4.0000,96.0000,AG03-UNRESOLVED,ALL5_LEVELS_bet23_to_bet27,19.3369,19.3369,19.3369,19.3369,19.3369,4.000000,4.000000,4.000000,4.000000,4.000000,96.000000,96.000000,96.000000,96.000000,96.000000,5.0,96.6844,89.2529,386.7375,394.169,PENDING_AG03,FALSE,NOT_FOR_ENFORCEMENT,464.0850,3405.4965,483.4219,464.0850,19.3369,0.12805211,0.12293003,19.3369,464.0850,0.12293003,19.3369,19.3369,19.3369,19.3369,19.3369,464.0850,0.12293003,96.6844,89.2529,386.7375,394.169,0.10244169,0.1044102,0.00512208,67.4142,63.3463,8.6325,53.7135,13.4284,419.4663,6.2222,76.9339,45.5750,45.6972,61.3171,80.8146,102.1952,116.5025,172.3632,61.3171,0.0,1.9,2.811014,1.099436,21,26,9,2,0.79477223,0.12805211,0.15505359,0E-8,0.000000,0.939658,0.000000,-0.13156833,2026-06-16,2026-08-03,9,36,35,49,0.183674,1.688072,1.141211,2.649241,,,,,,,,GLOBAL_BASELINE_NO_ENTITY_RANKING,,,NOT_APPLICABLE_GLOBAL_BASELINE,HF9g-P5,,,,X 全窗基线 · 不参与实体赏罚,8398541,840,A168_HF9F_20260827_0900,2026-08-27 09:00:00
2026-07-12,151586861,2224,0,126.7219883089,4.0878060745,4.0878060745,0.5000000,2,2,0.49324550000000000,0.493245500000,0.01910635448239258,0.01910635448239258,0.01910635448239258,0E-17,ELIGIBLE,R03b_20260811_FULL_v1,L1_ELIGIBILITY,v2026-08-11,2026-03-21..2026-08-06,baccarat_bet02_101_all_pairs_incl_sentinel,round_win = game_pnl > 0 (decisive only),COMPATIBILITY_ONLY_NOT_PRODUCTION,3775.1964,3547.3921,483.4219,56,56,-0.12805211,-0.15505359,-0.02348525,-0.12805211,-483.4219,3775.1964,OK,0.0000,19.3369,4.0000,96.0000,AG03-UNRESOLVED,ALL5_LEVELS_bet23_to_bet27,19.3369,19.3369,19.3369,19.3369,19.3369,4.000000,4.000000,4.000000,4.000000,4.000000,96.000000,96.000000,96.000000,96.000000,96.000000,5.0,96.6844,89.2529,386.7375,394.169,PENDING_AG03,FALSE,NOT_FOR_ENFORCEMENT,464.0850,3405.4965,483.4219,464.0850,19.3369,0.12805211,0.12293003,19.3369,464.0850,0.12293003,19.3369,19.3369,19.3369,19.3369,19.3369,464.0850,0.12293003,96.6844,89.2529,386.7375,394.169,0.10244169,0.1044102,0.00512208,67.4142,63.3463,8.6325,53.7135,13.4284,419.4663,6.2222,76.9339,45.5750,45.6972,61.3171,80.8146,102.1952,116.5025,172.3632,61.3171,0.0,1.9,2.811014,1.099436,21,26,9,2,0.79477223,0.12805211,0.15505359,0E-8,0.000000,0.939658,0.000000,-0.13156833,2026-06-16,2026-08-03,9,36,35,49,0.183674,1.688072,1.141211,2.649241,,,,,,,,GLOBAL_BASELINE_NO_ENTITY_RANKING,,,NOT_APPLICABLE_GLOBAL_BASELINE,HF9g-P5,,,,X 全窗基线 · 不参与实体赏罚,8398542,840,A168_HF9F_20260827_0900,2026-08-27 09:00:00
2026-07-28,151586861,987,0,70.9234353922,-70.9234353922,-70.9234353922,0E-7,1,1,0.50665070000000000,0.506650700000,-1.013391052207602,-1.013391052207602,-1.013391052207602,0E-17,ELIGIBLE,R03b_20260811_FULL_v1,L1_ELIGIBILITY,v2026-08-11,2026-03-21..2026-08-06,baccarat_bet02_101_all_pairs_incl_sentinel,round_win = game_pnl > 0 (decisive only),COMPATIBILITY_ONLY_NOT_PRODUCTION,3775.1964,3547.3921,483.4219,56,56,-0.12805211,-0.15505359,-0.02348525,-0.12805211,-483.4219,3775.1964,OK,0.0000,19.3369,4.0000,96.0000,AG03-UNRESOLVED,ALL5_LEVELS_bet23_to_bet27,19.3369,19.3369,19.3369,19.3369,19.3369,4.000000,4.000000,4.000000,4.000000,4.000000,96.000000,96.000000,96.000000,96.000000,96.000000,5.0,96.6844,89.2529,386.7375,394.169,PENDING_AG03,FALSE,NOT_FOR_ENFORCEMENT,464.0850,3405.4965,483.4219,464.0850,19.3369,0.12805211,0.12293003,19.3369,464.0850,0.12293003,19.3369,19.3369,19.3369,19.3369,19.3369,464.0850,0.12293003,96.6844,89.2529,386.7375,394.169,0.10244169,0.1044102,0.00512208,67.4142,63.3463,8.6325,53.7135,13.4284,419.4663,6.2222,76.9339,45.5750,45.6972,61.3171,80.8146,102.1952,116.5025,172.3632,61.3171,0.0,1.9,2.811014,1.099436,21,26,9,2,0.79477223,0.12805211,0.15505359,0E-8,0.000000,0.939658,0.000000,-0.13156833,2026-06-16,2026-08-03,9,36,35,49,0.183674,1.688072,1.141211,2.649241,,,,,,,,GLOBAL_BASELINE_NO_ENTITY_RANKING,,,NOT_APPLICABLE_GLOBAL_BASELINE,HF9g-P5,,,,X 全窗基线 · 不参与实体赏罚,8398543,840,A168_HF9F_20260827_0900,2026-08-27 09:00:00
2026-08-01,151586861,-1,1,123.2422822046,2.0203652820,2.0203652820,0.5000000,2,2,0.49324550000000000,0.493245500000,0.01910635448239258,0.01910635448239258,0.01910635448239258,0E-17,SENTINEL_DEALER,R03b_20260811_FULL_v1,L1_ELIGIBILITY,v2026-08-11,2026-03-21..2026-08-06,baccarat_bet02_101_all_pairs_incl_sentinel,round_win = game_pnl > 0 (decisive only),COMPATIBILITY_ONLY_NOT_PRODUCTION,3775.1964,3547.3921,483.4219,56,56,-0.12805211,-0.15505359,-0.02348525,-0.12805211,-483.4219,3775.1964,OK,0.0000,19.3369,4.0000,96.0000,AG03-UNRESOLVED,ALL5_LEVELS_bet23_to_bet27,19.3369,19.3369,19.3369,19.3369,19.3369,4.000000,4.000000,4.000000,4.000000,4.000000,96.000000,96.000000,96.000000,96.000000,96.000000,5.0,96.6844,89.2529,386.7375,394.169,PENDING_AG03,FALSE,NOT_FOR_ENFORCEMENT,464.0850,3405.4965,483.4219,464.0850,19.3369,0.12805211,0.12293003,19.3369,464.0850,0.12293003,19.3369,19.3369,19.3369,19.3369,19.3369,464.0850,0.12293003,96.6844,89.2529,386.7375,394.169,0.10244169,0.1044102,0.00512208,67.4142,63.3463,8.6325,53.7135,13.4284,419.4663,6.2222,76.9339,45.5750,45.6972,61.3171,80.8146,102.1952,116.5025,172.3632,61.3171,0.0,1.9,2.811014,1.099436,21,26,9,2,0.79477223,0.12805211,0.15505359,0E-8,0.000000,0.939658,0.000000,-0.13156833,2026-06-16,2026-08-03,9,36,35,49,0.183674,1.688072,1.141211,2.649241,,,,,,,,GLOBAL_BASELINE_NO_ENTITY_RANKING,,,NOT_APPLICABLE_GLOBAL_BASELINE,HF9g-P5,,,,X 全窗基线 · 不参与实体赏罚,8398544,840,A168_HF9F_20260827_0900,2026-08-27 09:00:00
2026-08-01,151586861,1307,0,152.5375787942,-9.0916437692,-9.0916437692,0.5000000,2,2,0.49324550000000000,0.493245500000,0.01910635448239258,0.01910635448239258,0.01910635448239258,0E-17,ELIGIBLE,R03b_20260811_FULL_v1,L1_ELIGIBILITY,v2026-08-11,2026-03-21..2026-08-06,baccarat_bet02_101_all_pairs_incl_sentinel,round_win = game_pnl > 0 (decisive only),COMPATIBILITY_ONLY_NOT_PRODUCTION,3775.1964,3547.3921,483.4219,56,56,-0.12805211,-0.15505359,-0.02348525,-0.12805211,-483.4219,3775.1964,OK,0.0000,19.3369,4.0000,96.0000,AG03-UNRESOLVED,ALL5_LEVELS_bet23_to_bet27,19.3369,19.3369,19.3369,19.3369,19.3369,4.000000,4.000000,4.000000,4.000000,4.000000,96.000000,96.000000,96.000000,96.000000,96.000000,5.0,96.6844,89.2529,386.7375,394.169,PENDING_AG03,FALSE,NOT_FOR_ENFORCEMENT,464.0850,3405.4965,483.4219,464.0850,19.3369,0.12805211,0.12293003,19.3369,464.0850,0.12293003,19.3369,19.3369,19.3369,19.3369,19.3369,464.0850,0.12293003,96.6844,89.2529,386.7375,394.169,0.10244169,0.1044102,0.00512208,67.4142,63.3463,8.6325,53.7135,13.4284,419.4663,6.2222,76.9339,45.5750,45.6972,61.3171,80.8146,102.1952,116.5025,172.3632,61.3171,0.0,1.9,2.811014,1.099436,21,26,9,2,0.79477223,0.12805211,0.15505359,0E-8,0.000000,0.939658,0.000000,-0.13156833,2026-06-16,2026-08-03,9,36,35,49,0.183674,1.688072,1.141211,2.649241,,,,,,,,GLOBAL_BASELINE_NO_ENTITY_RANKING,,,NOT_APPLICABLE_GLOBAL_BASELINE,HF9g-P5,,,,X 全窗基线 · 不参与实体赏罚,8398545,840,A168_HF9F_20260827_0900,2026-08-27 09:00:00
2026-08-01,151586861,1654,0,64.6516890254,-64.6516890254,-64.6516890254,0E-7,1,1,0.50665070000000000,0.506650700000,-1.013391052207602,-1.013391052207602,-1.013391052207602,0E-17,ELIGIBLE,R03b_20260811_FULL_v1,L1_ELIGIBILITY,v2026-08-11,2026-03-21..2026-08-06,baccarat_bet02_101_all_pairs_incl_sentinel,round_win = game_pnl > 0 (decisive only),COMPATIBILITY_ONLY_NOT_PRODUCTION,3775.1964,3547.3921,483.4219,56,56,-0.12805211,-0.15505359,-0.02348525,-0.12805211,-483.4219,3775.1964,OK,0.0000,19.3369,4.0000,96.0000,AG03-UNRESOLVED,ALL5_LEVELS_bet23_to_bet27,19.3369,19.3369,19.3369,19.3369,19.3369,4.000000,4.000000,4.000000,4.000000,4.000000,96.000000,96.000000,96.000000,96.000000,96.000000,5.0,96.6844,89.2529,386.7375,394.169,PENDING_AG03,FALSE,NOT_FOR_ENFORCEMENT,464.0850,3405.4965,483.4219,464.0850,19.3369,0.12805211,0.12293003,19.3369,464.0850,0.12293003,19.3369,19.3369,19.3369,19.3369,19.3369,464.0850,0.12293003,96.6844,89.2529,386.7375,394.169,0.10244169,0.1044102,0.00512208,67.4142,63.3463,8.6325,53.7135,13.4284,419.4663,6.2222,76.9339,45.5750,45.6972,61.3171,80.8146,102.1952,116.5025,172.3632,61.3171,0.0,1.9,2.811014,1.099436,21,26,9,2,0.79477223,0.12805211,0.15505359,0E-8,0.000000,0.939658,0.000000,-0.13156833,2026-06-16,2026-08-03,9,36,35,49,0.183674,1.688072,1.141211,2.649241,,,,,,,,GLOBAL_BASELINE_NO_ENTITY_RANKING,,,NOT_APPLICABLE_GLOBAL_BASELINE,HF9g-P5,,,,X 全窗基线 · 不参与实体赏罚,8398546,840,A168_HF9F_20260827_0900,2026-08-27 09:00:00
2026-08-02,151586861,-1,1,101.0182641021,-101.0182641021,-101.0182641021,0E-7,1,1,0.50665070000000000,0.506650700000,-1.013391052207602,-1.013391052207602,-1.013391052207602,0E-17,SENTINEL_DEALER,R03b_20260811_FULL_v1,L1_ELIGIBILITY,v2026-08-11,2026-03-21..2026-08-06,baccarat_bet02_101_all_pairs_incl_sentinel,round_win = game_pnl > 0 (decisive only),COMPATIBILITY_ONLY_NOT_PRODUCTION,3775.1964,3547.3921,483.4219,56,56,-0.12805211,-0.15505359,-0.02348525,-0.12805211,-483.4219,3775.1964,OK,0.0000,19.3369,4.0000,96.0000,AG03-UNRESOLVED,ALL5_LEVELS_bet23_to_bet27,19.3369,19.3369,19.3369,19.3369,19.3369,4.000000,4.000000,4.000000,4.000000,4.000000,96.000000,96.000000,96.000000,96.000000,96.000000,5.0,96.6844,89.2529,386.7375,394.169,PENDING_AG03,FALSE,NOT_FOR_ENFORCEMENT,464.0850,3405.4965,483.4219,464.0850,19.3369,0.12805211,0.12293003,19.3369,464.0850,0.12293003,19.3369,19.3369,19.3369,19.3369,19.3369,464.0850,0.12293003,96.6844,89.2529,386.7375,394.169,0.10244169,0.1044102,0.00512208,67.4142,63.3463,8.6325,53.7135,13.4284,419.4663,6.2222,76.9339,45.5750,45.6972,61.3171,80.8146,102.1952,116.5025,172.3632,61.3171,0.0,1.9,2.811014,1.099436,21,26,9,2,0.79477223,0.12805211,0.15505359,0E-8,0.000000,0.939658,0.000000,-0.13156833,2026-06-16,2026-08-03,9,36,35,49,0.183674,1.688072,1.141211,2.649241,,,,,,,,GLOBAL_BASELINE_NO_ENTITY_RANKING,,,NOT_APPLICABLE_GLOBAL_BASELINE,HF9g-P5,,,,X 全窗基线 · 不参与实体赏罚,8398547,840,A168_HF9F_20260827_0900,2026-08-27 09:00:00
2026-08-02,151586861,994,0,251.9395506707,-54.9539356716,-54.9539356716,0.5000000,2,2,0.50665070000000000,0.506650700000,-0.018812684590367487,-0.018812684590367487,-0.018812684590367487,0E-17,ELIGIBLE,R03b_20260811_FULL_v1,L1_ELIGIBILITY,v2026-08-11,2026-03-21..2026-08-06,baccarat_bet02_101_all_pairs_incl_sentinel,round_win = game_pnl > 0 (decisive only),COMPATIBILITY_ONLY_NOT_PRODUCTION,3775.1964,3547.3921,483.4219,56,56,-0.12805211,-0.15505359,-0.02348525,-0.12805211,-483.4219,3775.1964,OK,0.0000,19.3369,4.0000,96.0000,AG03-UNRESOLVED,ALL5_LEVELS_bet23_to_bet27,19.3369,19.3369,19.3369,19.3369,19.3369,4.000000,4.000000,4.000000,4.000000,4.000000,96.000000,96.000000,96.000000,96.000000,96.000000,5.0,96.6844,89.2529,386.7375,394.169,PENDING_AG03,FALSE,NOT_FOR_ENFORCEMENT,464.0850,3405.4965,483.4219,464.0850,19.3369,0.12805211,0.12293003,19.3369,464.0850,0.12293003,19.3369,19.3369,19.3369,19.3369,19.3369,464.0850,0.12293003,96.6844,89.2529,386.7375,394.169,0.10244169,0.1044102,0.00512208,67.4142,63.3463,8.6325,53.7135,13.4284,419.4663,6.2222,76.9339,45.5750,45.6972,61.3171,80.8146,102.1952,116.5025,172.3632,61.3171,0.0,1.9,2.811014,1.099436,21,26,9,2,0.79477223,0.12805211,0.15505359,0E-8,0.000000,0.939658,0.000000,-0.13156833,2026-06-16,2026-08-03,9,36,35,49,0.183674,1.688072,1.141211,2.649241,,,,,,,,GLOBAL_BASELINE_NO_ENTITY_RANKING,,,NOT_APPLICABLE_GLOBAL_BASELINE,HF9g-P5,,,,X 全窗基线 · 不参与实体赏罚,8398548,840,A168_HF9F_20260827_0900,2026-08-27 09:00:00
2026-08-03,151586861,1385,0,161.6292225634,153.5477614352,153.5477614352,1.0000000,2,2,0.50665070000000000,0.506650700000,1.3955260008387969,1.3955260008387969,1.3955260008387969,0E-17,ELIGIBLE,R03b_20260811_FULL_v1,L1_ELIGIBILITY,v2026-08-11,2026-03-21..2026-08-06,baccarat_bet02_101_all_pairs_incl_sentinel,round_win = game_pnl > 0 (decisive only),COMPATIBILITY_ONLY_NOT_PRODUCTION,3775.1964,3547.3921,483.4219,56,56,-0.12805211,-0.15505359,-0.02348525,-0.12805211,-483.4219,3775.1964,OK,0.0000,19.3369,4.0000,96.0000,AG03-UNRESOLVED,ALL5_LEVELS_bet23_to_bet27,19.3369,19.3369,19.3369,19.3369,19.3369,4.000000,4.000000,4.000000,4.000000,4.000000,96.000000,96.000000,96.000000,96.000000,96.000000,5.0,96.6844,89.2529,386.7375,394.169,PENDING_AG03,FALSE,NOT_FOR_ENFORCEMENT,464.0850,3405.4965,483.4219,464.0850,19.3369,0.12805211,0.12293003,19.3369,464.0850,0.12293003,19.3369,19.3369,19.3369,19.3369,19.3369,464.0850,0.12293003,96.6844,89.2529,386.7375,394.169,0.10244169,0.1044102,0.00512208,67.4142,63.3463,8.6325,53.7135,13.4284,419.4663,6.2222,76.9339,45.5750,45.6972,61.3171,80.8146,102.1952,116.5025,172.3632,61.3171,0.0,1.9,2.811014,1.099436,21,26,9,2,0.79477223,0.12805211,0.15505359,0E-8,0.000000,0.939658,0.000000,-0.13156833,2026-06-16,2026-08-03,9,36,35,49,0.183674,1.688072,1.141211,2.649241,,,,,,,,GLOBAL_BASELINE_NO_ENTITY_RANKING,,,NOT_APPLICABLE_GLOBAL_BASELINE,HF9g-P5,,,,X 全窗基线 · 不参与实体赏罚,8398549,840,A168_HF9F_20260827_0900,2026-08-27 09:00:00
2026-08-03,151586861,1507,0,32.3258445127,30.7095522871,30.7095522871,1.0000000,1,1,0.50665070000000000,0.506650700000,0.9867858985152569,0.9867858985152569,0.9867858985152569,0E-17,ELIGIBLE,R03b_20260811_FULL_v1,L1_ELIGIBILITY,v2026-08-11,2026-03-21..2026-08-06,baccarat_bet02_101_all_pairs_incl_sentinel,round_win = game_pnl > 0 (decisive only),COMPATIBILITY_ONLY_NOT_PRODUCTION,3775.1964,3547.3921,483.4219,56,56,-0.12805211,-0.15505359,-0.02348525,-0.12805211,-483.4219,3775.1964,OK,0.0000,19.3369,4.0000,96.0000,AG03-UNRESOLVED,ALL5_LEVELS_bet23_to_bet27,19.3369,19.3369,19.3369,19.3369,19.3369,4.000000,4.000000,4.000000,4.000000,4.000000,96.000000,96.000000,96.000000,96.000000,96.000000,5.0,96.6844,89.2529,386.7375,394.169,PENDING_AG03,FALSE,NOT_FOR_ENFORCEMENT,464.0850,3405.4965,483.4219,464.0850,19.3369,0.12805211,0.12293003,19.3369,464.0850,0.12293003,19.3369,19.3369,19.3369,19.3369,19.3369,464.0850,0.12293003,96.6844,89.2529,386.7375,394.169,0.10244169,0.1044102,0.00512208,67.4142,63.3463,8.6325,53.7135,13.4284,419.4663,6.2222,76.9339,45.5750,45.6972,61.3171,80.8146,102.1952,116.5025,172.3632,61.3171,0.0,1.9,2.811014,1.099436,21,26,9,2,0.79477223,0.12805211,0.15505359,0E-8,0.000000,0.939658,0.000000,-0.13156833,2026-06-16,2026-08-03,9,36,35,49,0.183674,1.688072,1.141211,2.649241,,,,,,,,GLOBAL_BASELINE_NO_ENTITY_RANKING,,,NOT_APPLICABLE_GLOBAL_BASELINE,HF9g-P5,,,,X 全窗基线 · 不参与实体赏罚,8398550,840,A168_HF9F_20260827_0900,2026-08-27 09:00:00
2026-08-03,151586861,2210,0,72.7331501535,-72.7331501535,-72.7331501535,0E-7,1,1,0.49324550000000000,0.493245500000,-0.9865810262130424,-0.9865810262130424,-0.9865810262130424,0E-17,ELIGIBLE,R03b_20260811_FULL_v1,L1_ELIGIBILITY,v2026-08-11,2026-03-21..2026-08-06,baccarat_bet02_101_all_pairs_incl_sentinel,round_win = game_pnl > 0 (decisive only),COMPATIBILITY_ONLY_NOT_PRODUCTION,3775.1964,3547.3921,483.4219,56,56,-0.12805211,-0.15505359,-0.02348525,-0.12805211,-483.4219,3775.1964,OK,0.0000,19.3369,4.0000,96.0000,AG03-UNRESOLVED,ALL5_LEVELS_bet23_to_bet27,19.3369,19.3369,19.3369,19.3369,19.3369,4.000000,4.000000,4.000000,4.000000,4.000000,96.000000,96.000000,96.000000,96.000000,96.000000,5.0,96.6844,89.2529,386.7375,394.169,PENDING_AG03,FALSE,NOT_FOR_ENFORCEMENT,464.0850,3405.4965,483.4219,464.0850,19.3369,0.12805211,0.12293003,19.3369,464.0850,0.12293003,19.3369,19.3369,19.3369,19.3369,19.3369,464.0850,0.12293003,96.6844,89.2529,386.7375,394.169,0.10244169,0.1044102,0.00512208,67.4142,63.3463,8.6325,53.7135,13.4284,419.4663,6.2222,76.9339,45.5750,45.6972,61.3171,80.8146,102.1952,116.5025,172.3632,61.3171,0.0,1.9,2.811014,1.099436,21,26,9,2,0.79477223,0.12805211,0.15505359,0E-8,0.000000,0.939658,0.000000,-0.13156833,2026-06-16,2026-08-03,9,36,35,49,0.183674,1.688072,1.141211,2.649241,,,,,,,,GLOBAL_BASELINE_NO_ENTITY_RANKING,,,NOT_APPLICABLE_GLOBAL_BASELINE,HF9g-P5,,,,X 全窗基线 · 不参与实体赏罚,8398551,840,A168_HF9F_20260827_0900,2026-08-27 09:00:00
2026-08-03,151586861,2288,0,84.4512687894,-84.4512687894,-84.4512687894,0E-7,1,1,0.50665070000000000,0.506650700000,-1.013391052207602,-1.013391052207602,-1.013391052207602,0E-17,ELIGIBLE,R03b_20260811_FULL_v1,L1_ELIGIBILITY,v2026-08-11,2026-03-21..2026-08-06,baccarat_bet02_101_all_pairs_incl_sentinel,round_win = game_pnl > 0 (decisive only),COMPATIBILITY_ONLY_NOT_PRODUCTION,3775.1964,3547.3921,483.4219,56,56,-0.12805211,-0.15505359,-0.02348525,-0.12805211,-483.4219,3775.1964,OK,0.0000,19.3369,4.0000,96.0000,AG03-UNRESOLVED,ALL5_LEVELS_bet23_to_bet27,19.3369,19.3369,19.3369,19.3369,19.3369,4.000000,4.000000,4.000000,4.000000,4.000000,96.000000,96.000000,96.000000,96.000000,96.000000,5.0,96.6844,89.2529,386.7375,394.169,PENDING_AG03,FALSE,NOT_FOR_ENFORCEMENT,464.0850,3405.4965,483.4219,464.0850,19.3369,0.12805211,0.12293003,19.3369,464.0850,0.12293003,19.3369,19.3369,19.3369,19.3369,19.3369,464.0850,0.12293003,96.6844,89.2529,386.7375,394.169,0.10244169,0.1044102,0.00512208,67.4142,63.3463,8.6325,53.7135,13.4284,419.4663,6.2222,76.9339,45.5750,45.6972,61.3171,80.8146,102.1952,116.5025,172.3632,61.3171,0.0,1.9,2.811014,1.099436,21,26,9,2,0.79477223,0.12805211,0.15505359,0E-8,0.000000,0.939658,0.000000,-0.13156833,2026-06-16,2026-08-03,9,36,35,49,0.183674,1.688072,1.141211,2.649241,,,,,,,,GLOBAL_BASELINE_NO_ENTITY_RANKING,,,NOT_APPLICABLE_GLOBAL_BASELINE,HF9g-P5,,,,X 全窗基线 · 不参与实体赏罚,8398552,840,A168_HF9F_20260827_0900,2026-08-27 09:00:00
2026-08-03,151586861,994,0,133.3441086148,133.3441086148,133.3441086148,1.0000000,2,2,0.49324550000000000,0.493245500000,1.4334489766152358,1.4334489766152358,1.4334489766152358,0E-17,ELIGIBLE,R03b_20260811_FULL_v1,L1_ELIGIBILITY,v2026-08-11,2026-03-21..2026-08-06,baccarat_bet02_101_all_pairs_incl_sentinel,round_win = game_pnl > 0 (decisive only),COMPATIBILITY_ONLY_NOT_PRODUCTION,3775.1964,3547.3921,483.4219,56,56,-0.12805211,-0.15505359,-0.02348525,-0.12805211,-483.4219,3775.1964,OK,0.0000,19.3369,4.0000,96.0000,AG03-UNRESOLVED,ALL5_LEVELS_bet23_to_bet27,19.3369,19.3369,19.3369,19.3369,19.3369,4.000000,4.000000,4.000000,4.000000,4.000000,96.000000,96.000000,96.000000,96.000000,96.000000,5.0,96.6844,89.2529,386.7375,394.169,PENDING_AG03,FALSE,NOT_FOR_ENFORCEMENT,464.0850,3405.4965,483.4219,464.0850,19.3369,0.12805211,0.12293003,19.3369,464.0850,0.12293003,19.3369,19.3369,19.3369,19.3369,19.3369,464.0850,0.12293003,96.6844,89.2529,386.7375,394.169,0.10244169,0.1044102,0.00512208,67.4142,63.3463,8.6325,53.7135,13.4284,419.4663,6.2222,76.9339,45.5750,45.6972,61.3171,80.8146,102.1952,116.5025,172.3632,61.3171,0.0,1.9,2.811014,1.099436,21,26,9,2,0.79477223,0.12805211,0.15505359,0E-8,0.000000,0.939658,0.000000,-0.13156833,2026-06-16,2026-08-03,9,36,35,49,0.183674,1.688072,1.141211,2.649241,,,,,,,,GLOBAL_BASELINE_NO_ENTITY_RANKING,,,NOT_APPLICABLE_GLOBAL_BASELINE,HF9g-P5,,,,X 全窗基线 · 不参与实体赏罚,8398553,840,A168_HF9F_20260827_0900,2026-08-27 09:00:00
2026-05-28,150668665,1151,0,315.7063930544,-197.3164956590,-197.3164956590,0.1428571,8,8,0.49994810000000000,0.499948100000,-1.889547746239457,-1.889547746239457,-1.889547746239457,0E-17,ELIGIBLE,R03b_20260811_FULL_v1,L1_ELIGIBILITY,v2026-08-11,2026-03-21..2026-08-06,baccarat_bet02_101_all_pairs_incl_sentinel,round_win = game_pnl > 0 (decisive only),COMPATIBILITY_ONLY_NOT_PRODUCTION,1815.3118,1578.5320,483.4254,46,46,-0.26630435,,-0.26630435,-0.26630435,-483.4254,1815.3118,OK,0.0000,19.3370,4.0000,96.0000,AG03-UNRESOLVED,ALL5_LEVELS_bet23_to_bet27,19.3370,19.3370,19.3370,0.0000,0.0000,4.000000,4.000000,4.000000,0.000000,0.000000,96.000000,96.000000,96.000000,100.000000,100.000000,5.0,58.0110,55.7215,425.4144,427.7039,PENDING_AG03,FALSE,NOT_FOR_ENFORCEMENT,464.0884,1515.3907,483.4254,464.0884,19.3370,0.26630435,0.25565217,19.3370,464.0884,0.25565217,19.3370,19.3370,19.3370,0.0000,0.0000,464.0884,0.25565217,58.0110,55.7215,425.4144,427.7039,0.23434783,0.23560904,0.01065217,39.4633,34.3159,10.5092,483.4254,69.0608,1815.3118,46.0000,,39.4633,39.4633,39.4633,39.4633,39.4633,39.4633,39.4633,39.4633,-39.4633,1.0,1.0,1.0,6,6,1,2,0E-8,0.26630435,,0E-8,0.000000,0.869565,0.000000,,2026-05-28,2026-05-28,1,7,6,1,1.000000,,,0.000000,,,,,,,,GLOBAL_BASELINE_NO_ENTITY_RANKING,,,NOT_APPLICABLE_GLOBAL_BASELINE,HF9g-P5,,,,X 全窗基线 · 不参与实体赏罚,8398554,840,A168_HF9F_20260827_0900,2026-08-27 09:00:00
2026-05-28,150668665,1325,0,197.3164956590,-39.4632991318,-39.4632991318,0.4000000,5,5,0.49592654000000000,0.495926540000,-0.42901076602576227,-0.42901076602576227,-0.42901076602576227,0E-17,ELIGIBLE,R03b_20260811_FULL_v1,L1_ELIGIBILITY,v2026-08-11,2026-03-21..2026-08-06,baccarat_bet02_101_all_pairs_incl_sentinel,round_win = game_pnl > 0 (decisive only),COMPATIBILITY_ONLY_NOT_PRODUCTION,1815.3118,1578.5320,483.4254,46,46,-0.26630435,,-0.26630435,-0.26630435,-483.4254,1815.3118,OK,0.0000,19.3370,4.0000,96.0000,AG03-UNRESOLVED,ALL5_LEVELS_bet23_to_bet27,19.3370,19.3370,19.3370,0.0000,0.0000,4.000000,4.000000,4.000000,0.000000,0.000000,96.000000,96.000000,96.000000,100.000000,100.000000,5.0,58.0110,55.7215,425.4144,427.7039,PENDING_AG03,FALSE,NOT_FOR_ENFORCEMENT,464.0884,1515.3907,483.4254,464.0884,19.3370,0.26630435,0.25565217,19.3370,464.0884,0.25565217,19.3370,19.3370,19.3370,0.0000,0.0000,464.0884,0.25565217,58.0110,55.7215,425.4144,427.7039,0.23434783,0.23560904,0.01065217,39.4633,34.3159,10.5092,483.4254,69.0608,1815.3118,46.0000,,39.4633,39.4633,39.4633,39.4633,39.4633,39.4633,39.4633,39.4633,-39.4633,1.0,1.0,1.0,6,6,1,2,0E-8,0.26630435,,0E-8,0.000000,0.869565,0.000000,,2026-05-28,2026-05-28,1,7,6,1,1.000000,,,0.000000,,,,,,,,GLOBAL_BASELINE_NO_ENTITY_RANKING,,,NOT_APPLICABLE_GLOBAL_BASELINE,HF9g-P5,,,,X 全窗基线 · 不参与实体赏罚,8398555,840,A168_HF9F_20260827_0900,2026-08-27 09:00:00
2026-05-28,150668665,1385,0,434.0962904498,-120.3630623520,-120.3630623520,0.3636364,11,11,0.49446415454545455,0.494464154545,-0.8678665833813843,-0.8678665833783777,-0.8678665833813843,4.5455E-13,ELIGIBLE,R03b_20260811_FULL_v1,L1_ELIGIBILITY,v2026-08-11,2026-03-21..2026-08-06,baccarat_bet02_101_all_pairs_incl_sentinel,round_win = game_pnl > 0 (decisive only),COMPATIBILITY_ONLY_NOT_PRODUCTION,1815.3118,1578.5320,483.4254,46,46,-0.26630435,,-0.26630435,-0.26630435,-483.4254,1815.3118,OK,0.0000,19.3370,4.0000,96.0000,AG03-UNRESOLVED,ALL5_LEVELS_bet23_to_bet27,19.3370,19.3370,19.3370,0.0000,0.0000,4.000000,4.000000,4.000000,0.000000,0.000000,96.000000,96.000000,96.000000,100.000000,100.000000,5.0,58.0110,55.7215,425.4144,427.7039,PENDING_AG03,FALSE,NOT_FOR_ENFORCEMENT,464.0884,1515.3907,483.4254,464.0884,19.3370,0.26630435,0.25565217,19.3370,464.0884,0.25565217,19.3370,19.3370,19.3370,0.0000,0.0000,464.0884,0.25565217,58.0110,55.7215,425.4144,427.7039,0.23434783,0.23560904,0.01065217,39.4633,34.3159,10.5092,483.4254,69.0608,1815.3118,46.0000,,39.4633,39.4633,39.4633,39.4633,39.4633,39.4633,39.4633,39.4633,-39.4633,1.0,1.0,1.0,6,6,1,2,0E-8,0.26630435,,0E-8,0.000000,0.869565,0.000000,,2026-05-28,2026-05-28,1,7,6,1,1.000000,,,0.000000,,,,,,,,GLOBAL_BASELINE_NO_ENTITY_RANKING,,,NOT_APPLICABLE_GLOBAL_BASELINE,HF9g-P5,,,,X 全窗基线 · 不参与实体赏罚,8398556,840,A168_HF9F_20260827_0900,2026-08-27 09:00:00
2026-05-28,150668665,1400,0,315.7063930544,-120.3630623520,-120.3630623520,0.2857143,8,8,0.50497505000000000,0.504975050000,-1.1602763468535837,-1.1602763468535837,-1.1602763468535837,0E-17,ELIGIBLE,R03b_20260811_FULL_v1,L1_ELIGIBILITY,v2026-08-11,2026-03-21..2026-08-06,baccarat_bet02_101_all_pairs_incl_sentinel,round_win = game_pnl > 0 (decisive only),COMPATIBILITY_ONLY_NOT_PRODUCTION,1815.3118,1578.5320,483.4254,46,46,-0.26630435,,-0.26630435,-0.26630435,-483.4254,1815.3118,OK,0.0000,19.3370,4.0000,96.0000,AG03-UNRESOLVED,ALL5_LEVELS_bet23_to_bet27,19.3370,19.3370,19.3370,0.0000,0.0000,4.000000,4.000000,4.000000,0.000000,0.000000,96.000000,96.000000,96.000000,100.000000,100.000000,5.0,58.0110,55.7215,425.4144,427.7039,PENDING_AG03,FALSE,NOT_FOR_ENFORCEMENT,464.0884,1515.3907,483.4254,464.0884,19.3370,0.26630435,0.25565217,19.3370,464.0884,0.25565217,19.3370,19.3370,19.3370,0.0000,0.0000,464.0884,0.25565217,58.0110,55.7215,425.4144,427.7039,0.23434783,0.23560904,0.01065217,39.4633,34.3159,10.5092,483.4254,69.0608,1815.3118,46.0000,,39.4633,39.4633,39.4633,39.4633,39.4633,39.4633,39.4633,39.4633,-39.4633,1.0,1.0,1.0,6,6,1,2,0E-8,0.26630435,,0E-8,0.000000,0.869565,0.000000,,2026-05-28,2026-05-28,1,7,6,1,1.000000,,,0.000000,,,,,,,,GLOBAL_BASELINE_NO_ENTITY_RANKING,,,NOT_APPLICABLE_GLOBAL_BASELINE,HF9g-P5,,,,X 全窗基线 · 不参与实体赏罚,8398557,840,A168_HF9F_20260827_0900,2026-08-27 09:00:00
2026-05-28,150668665,2169,0,276.2430939226,-41.4364640884,-41.4364640884,0.4285714,7,7,0.49516052857142857,0.495160528571,-0.3523729031294806,-0.3523729031272156,-0.3523729031294806,4.2857E-13,ELIGIBLE,R03b_20260811_FULL_v1,L1_ELIGIBILITY,v2026-08-11,2026-03-21..2026-08-06,baccarat_bet02_101_all_pairs_incl_sentinel,round_win = game_pnl > 0 (decisive only),COMPATIBILITY_ONLY_NOT_PRODUCTION,1815.3118,1578.5320,483.4254,46,46,-0.26630435,,-0.26630435,-0.26630435,-483.4254,1815.3118,OK,0.0000,19.3370,4.0000,96.0000,AG03-UNRESOLVED,ALL5_LEVELS_bet23_to_bet27,19.3370,19.3370,19.3370,0.0000,0.0000,4.000000,4.000000,4.000000,0.000000,0.000000,96.000000,96.000000,96.000000,100.000000,100.000000,5.0,58.0110,55.7215,425.4144,427.7039,PENDING_AG03,FALSE,NOT_FOR_ENFORCEMENT,464.0884,1515.3907,483.4254,464.0884,19.3370,0.26630435,0.25565217,19.3370,464.0884,0.25565217,19.3370,19.3370,19.3370,0.0000,0.0000,464.0884,0.25565217,58.0110,55.7215,425.4144,427.7039,0.23434783,0.23560904,0.01065217,39.4633,34.3159,10.5092,483.4254,69.0608,1815.3118,46.0000,,39.4633,39.4633,39.4633,39.4633,39.4633,39.4633,39.4633,39.4633,-39.4633,1.0,1.0,1.0,6,6,1,2,0E-8,0.26630435,,0E-8,0.000000,0.869565,0.000000,,2026-05-28,2026-05-28,1,7,6,1,1.000000,,,0.000000,,,,,,,,GLOBAL_BASELINE_NO_ENTITY_RANKING,,,NOT_APPLICABLE_GLOBAL_BASELINE,HF9g-P5,,,,X 全窗基线 · 不参与实体赏罚,8398558,840,A168_HF9F_20260827_0900,2026-08-27 09:00:00
2026-05-28,150668665,2235,0,276.2430939226,35.5169692186,35.5169692186,0.6666667,7,7,0.50282064285714286,0.502820642857,0.5675883072791311,0.5675883072796252,0.5675883072791311,1.4286E-13,ELIGIBLE,R03b_20260811_FULL_v1,L1_ELIGIBILITY,v2026-08-11,2026-03-21..2026-08-06,baccarat_bet02_101_all_pairs_incl_sentinel,round_win = game_pnl > 0 (decisive only),COMPATIBILITY_ONLY_NOT_PRODUCTION,1815.3118,1578.5320,483.4254,46,46,-0.26630435,,-0.26630435,-0.26630435,-483.4254,1815.3118,OK,0.0000,19.3370,4.0000,96.0000,AG03-UNRESOLVED,ALL5_LEVELS_bet23_to_bet27,19.3370,19.3370,19.3370,0.0000,0.0000,4.000000,4.000000,4.000000,0.000000,0.000000,96.000000,96.000000,96.000000,100.000000,100.000000,5.0,58.0110,55.7215,425.4144,427.7039,PENDING_AG03,FALSE,NOT_FOR_ENFORCEMENT,464.0884,1515.3907,483.4254,464.0884,19.3370,0.26630435,0.25565217,19.3370,464.0884,0.25565217,19.3370,19.3370,19.3370,0.0000,0.0000,464.0884,0.25565217,58.0110,55.7215,425.4144,427.7039,0.23434783,0.23560904,0.01065217,39.4633,34.3159,10.5092,483.4254,69.0608,1815.3118,46.0000,,39.4633,39.4633,39.4633,39.4633,39.4633,39.4633,39.4633,39.4633,-39.4633,1.0,1.0,1.0,6,6,1,2,0E-8,0.26630435,,0E-8,0.000000,0.869565,0.000000,,2026-05-28,2026-05-28,1,7,6,1,1.000000,,,0.000000,,,,,,,,GLOBAL_BASELINE_NO_ENTITY_RANKING,,,NOT_APPLICABLE_GLOBAL_BASELINE,HF9g-P5,,,,X 全窗基线 · 不参与实体赏罚,8398559,840,A168_HF9F_20260827_0900,2026-08-27 09:00:00
2026-03-30,147999520,-1,1,144.8244990389,-144.8244990389,-144.8244990389,0E-7,2,1,0.46919179999997413,0.300626750000,-0.9401700128633159,-0.655630731788307,-0.9401700128633159,0.16856504999997413,SENTINEL_DEALER,R03b_20260811_FULL_v1,L1_ELIGIBILITY,v2026-08-11,2026-03-21..2026-08-06,baccarat_bet02_101_all_pairs_incl_sentinel,round_win = game_pnl > 0 (decisive only),COMPATIBILITY_ONLY_NOT_PRODUCTION,2080.2064,2080.2064,483.4505,73,14,-0.23240506,,-0.23240506,-0.23240506,-483.4505,2080.2064,OK,0.0000,19.3380,4.0000,96.0000,AG03-UNRESOLVED,ALL5_LEVELS_bet23_to_bet27,19.3380,19.3380,19.3380,19.3380,19.3380,4.000000,4.000000,4.000000,4.000000,4.000000,96.000000,96.000000,96.000000,96.000000,96.000000,5.0,96.6901,89.2582,386.7604,394.1923,PENDING_AG03,FALSE,NOT_FOR_ENFORCEMENT,464.1125,1996.9982,483.4505,464.1125,19.3380,0.23240506,0.22310886,19.3380,464.1125,0.22310886,19.3380,19.3380,19.3380,19.3380,19.3380,464.1125,0.22310886,96.6901,89.2582,386.7604,394.1923,0.18592405,0.18949674,0.00929620,28.4960,148.5862,34.5322,483.4505,120.8626,2080.2064,14.0000,,28.4960,2.6332,5.2663,13.8242,112.6997,146.6677,164.073,5.2663,-5.2663,27.849998,31.155007,5.410959,4,5,1,8,0E-8,0.23240506,,0E-8,0.000000,1.000000,0.000000,,2026-03-30,2026-03-30,1,4,4,1,1.000000,,,0.000000,,,,,,,,GLOBAL_BASELINE_NO_ENTITY_RANKING,,,NOT_APPLICABLE_GLOBAL_BASELINE,HF9g-P5,,,,X 全窗基线 · 不参与实体赏罚,8398560,840,A168_HF9F_20260827_0900,2026-08-27 09:00:00
2026-03-30,147999520,1185,0,1105.9325381153,251.2046765146,251.2046765146,0.7142857,29,7,0.45127744488575889,0.238759362449,1.3983638997814614,2.9510897755962775,1.3983638997814614,0.21251808243675889,ELIGIBLE,R03b_20260811_FULL_v1,L1_ELIGIBILITY,v2026-08-11,2026-03-21..2026-08-06,baccarat_bet02_101_all_pairs_incl_sentinel,round_win = game_pnl > 0 (decisive only),COMPATIBILITY_ONLY_NOT_PRODUCTION,2080.2064,2080.2064,483.4505,73,14,-0.23240506,,-0.23240506,-0.23240506,-483.4505,2080.2064,OK,0.0000,19.3380,4.0000,96.0000,AG03-UNRESOLVED,ALL5_LEVELS_bet23_to_bet27,19.3380,19.3380,19.3380,19.3380,19.3380,4.000000,4.000000,4.000000,4.000000,4.000000,96.000000,96.000000,96.000000,96.000000,96.000000,5.0,96.6901,89.2582,386.7604,394.1923,PENDING_AG03,FALSE,NOT_FOR_ENFORCEMENT,464.1125,1996.9982,483.4505,464.1125,19.3380,0.23240506,0.22310886,19.3380,464.1125,0.22310886,19.3380,19.3380,19.3380,19.3380,19.3380,464.1125,0.22310886,96.6901,89.2582,386.7604,394.1923,0.18592405,0.18949674,0.00929620,28.4960,148.5862,34.5322,483.4505,120.8626,2080.2064,14.0000,,28.4960,2.6332,5.2663,13.8242,112.6997,146.6677,164.073,5.2663,-5.2663,27.849998,31.155007,5.410959,4,5,1,8,0E-8,0.23240506,,0E-8,0.000000,1.000000,0.000000,,2026-03-30,2026-03-30,1,4,4,1,1.000000,,,0.000000,,,,,,,,GLOBAL_BASELINE_NO_ENTITY_RANKING,,,NOT_APPLICABLE_GLOBAL_BASELINE,HF9g-P5,,,,X 全窗基线 · 不参与实体赏罚,8398561,840,A168_HF9F_20260827_0900,2026-08-27 09:00:00
2026-03-30,147999520,1402,0,194.8547805251,-194.8547805251,-194.8547805251,0E-7,7,1,0.42513489324320141,0.129233428571,-0.8599642580978623,-0.38524459926385424,-0.8599642580978623,0.29590146467220141,ELIGIBLE,R03b_20260811_FULL_v1,L1_ELIGIBILITY,v2026-08-11,2026-03-21..2026-08-06,baccarat_bet02_101_all_pairs_incl_sentinel,round_win = game_pnl > 0 (decisive only),COMPATIBILITY_ONLY_NOT_PRODUCTION,2080.2064,2080.2064,483.4505,73,14,-0.23240506,,-0.23240506,-0.23240506,-483.4505,2080.2064,OK,0.0000,19.3380,4.0000,96.0000,AG03-UNRESOLVED,ALL5_LEVELS_bet23_to_bet27,19.3380,19.3380,19.3380,19.3380,19.3380,4.000000,4.000000,4.000000,4.000000,4.000000,96.000000,96.000000,96.000000,96.000000,96.000000,5.0,96.6901,89.2582,386.7604,394.1923,PENDING_AG03,FALSE,NOT_FOR_ENFORCEMENT,464.1125,1996.9982,483.4505,464.1125,19.3380,0.23240506,0.22310886,19.3380,464.1125,0.22310886,19.3380,19.3380,19.3380,19.3380,19.3380,464.1125,0.22310886,96.6901,89.2582,386.7604,394.1923,0.18592405,0.18949674,0.00929620,28.4960,148.5862,34.5322,483.4505,120.8626,2080.2064,14.0000,,28.4960,2.6332,5.2663,13.8242,112.6997,146.6677,164.073,5.2663,-5.2663,27.849998,31.155007,5.410959,4,5,1,8,0E-8,0.23240506,,0E-8,0.000000,1.000000,0.000000,,2026-03-30,2026-03-30,1,4,4,1,1.000000,,,0.000000,,,,,,,,GLOBAL_BASELINE_NO_ENTITY_RANKING,,,NOT_APPLICABLE_GLOBAL_BASELINE,HF9g-P5,,,,X 全窗基线 · 不参与实体赏罚,8398562,840,A168_HF9F_20260827_0900,2026-08-27 09:00:00
2026-03-30,147999520,2239,0,271.2167891092,-271.2167891092,-271.2167891092,0E-7,14,2,0.38376283082002485,0.127318400000,-1.116021361565426,-0.5401727533844302,-1.116021361565426,0.25644443082002485,ELIGIBLE,R03b_20260811_FULL_v1,L1_ELIGIBILITY,v2026-08-11,2026-03-21..2026-08-06,baccarat_bet02_101_all_pairs_incl_sentinel,round_win = game_pnl > 0 (decisive only),COMPATIBILITY_ONLY_NOT_PRODUCTION,2080.2064,2080.2064,483.4505,73,14,-0.23240506,,-0.23240506,-0.23240506,-483.4505,2080.2064,OK,0.0000,19.3380,4.0000,96.0000,AG03-UNRESOLVED,ALL5_LEVELS_bet23_to_bet27,19.3380,19.3380,19.3380,19.3380,19.3380,4.000000,4.000000,4.000000,4.000000,4.000000,96.000000,96.000000,96.000000,96.000000,96.000000,5.0,96.6901,89.2582,386.7604,394.1923,PENDING_AG03,FALSE,NOT_FOR_ENFORCEMENT,464.1125,1996.9982,483.4505,464.1125,19.3380,0.23240506,0.22310886,19.3380,464.1125,0.22310886,19.3380,19.3380,19.3380,19.3380,19.3380,464.1125,0.22310886,96.6901,89.2582,386.7604,394.1923,0.18592405,0.18949674,0.00929620,28.4960,148.5862,34.5322,483.4505,120.8626,2080.2064,14.0000,,28.4960,2.6332,5.2663,13.8242,112.6997,146.6677,164.073,5.2663,-5.2663,27.849998,31.155007,5.410959,4,5,1,8,0E-8,0.23240506,,0E-8,0.000000,1.000000,0.000000,,2026-03-30,2026-03-30,1,4,4,1,1.000000,,,0.000000,,,,,,,,GLOBAL_BASELINE_NO_ENTITY_RANKING,,,NOT_APPLICABLE_GLOBAL_BASELINE,HF9g-P5,,,,X 全窗基线 · 不参与实体赏罚,8398563,840,A168_HF9F_20260827_0900,2026-08-27 09:00:00
2026-03-30,147999520,2256,0,363.3778339521,-123.7591173605,-123.7591173605,0.3333333,21,3,0.38478905297610038,0.127318400000,-0.1831769833003863,1.0704979345724512,-0.1831769833003863,0.25747065297610038,ELIGIBLE,R03b_20260811_FULL_v1,L1_ELIGIBILITY,v2026-08-11,2026-03-21..2026-08-06,baccarat_bet02_101_all_pairs_incl_sentinel,round_win = game_pnl > 0 (decisive only),COMPATIBILITY_ONLY_NOT_PRODUCTION,2080.2064,2080.2064,483.4505,73,14,-0.23240506,,-0.23240506,-0.23240506,-483.4505,2080.2064,OK,0.0000,19.3380,4.0000,96.0000,AG03-UNRESOLVED,ALL5_LEVELS_bet23_to_bet27,19.3380,19.3380,19.3380,19.3380,19.3380,4.000000,4.000000,4.000000,4.000000,4.000000,96.000000,96.000000,96.000000,96.000000,96.000000,5.0,96.6901,89.2582,386.7604,394.1923,PENDING_AG03,FALSE,NOT_FOR_ENFORCEMENT,464.1125,1996.9982,483.4505,464.1125,19.3380,0.23240506,0.22310886,19.3380,464.1125,0.22310886,19.3380,19.3380,19.3380,19.3380,19.3380,464.1125,0.22310886,96.6901,89.2582,386.7604,394.1923,0.18592405,0.18949674,0.00929620,28.4960,148.5862,34.5322,483.4505,120.8626,2080.2064,14.0000,,28.4960,2.6332,5.2663,13.8242,112.6997,146.6677,164.073,5.2663,-5.2663,27.849998,31.155007,5.410959,4,5,1,8,0E-8,0.23240506,,0E-8,0.000000,1.000000,0.000000,,2026-03-30,2026-03-30,1,4,4,1,1.000000,,,0.000000,,,,,,,,GLOBAL_BASELINE_NO_ENTITY_RANKING,,,NOT_APPLICABLE_GLOBAL_BASELINE,HF9g-P5,,,,X 全窗基线 · 不参与实体赏罚,8398564,840,A168_HF9F_20260827_0900,2026-08-27 09:00:00
2026-07-15,153036802,1210,0,8.1756121490,7.7668315415,7.7668315415,1.0000000,1,1,0.50665070000000000,0.506650700000,0.9867858985152569,0.9867858985152569,0.9867858985152569,0E-17,ELIGIBLE,R03b_20260811_FULL_v1,L1_ELIGIBILITY,v2026-08-11,2026-03-21..2026-08-06,baccarat_bet02_101_all_pairs_incl_sentinel,round_win = game_pnl > 0 (decisive only),COMPATIBILITY_ONLY_NOT_PRODUCTION,2903.0018,2677.5593,483.4521,412,211,-0.16653525,-0.16653525,,-0.16653525,-483.4521,2903.0018,OK,0.0000,19.3381,4.0000,96.0000,AG03-UNRESOLVED,ALL5_LEVELS_bet23_to_bet27,19.3381,19.3381,19.3381,19.3381,19.3381,4.000000,4.000000,4.000000,4.000000,4.000000,96.000000,96.000000,96.000000,96.000000,96.000000,5.0,96.6904,89.2585,386.7617,394.1937,PENDING_AG03,FALSE,NOT_FOR_ENFORCEMENT,464.1141,2570.4569,483.4521,464.1141,19.3381,0.16653525,0.15987384,19.3381,464.1141,0.15987384,19.3381,19.3381,19.3381,19.3381,19.3381,464.1141,0.15987384,96.6904,89.2585,386.7617,394.1937,0.13322820,0.1357883,0.00666141,7.0461,12.6899,2.2912,48.3452,8.0575,290.3002,21.1000,7.0461,,1.022,1.022,4.0878,20.439,40.8781,69.317,1.022,-1.022,39.999997,67.8281,6.89477,18,58,13,7,1.00000000,0.16653525,0.16653525,0E-8,0.000000,0.922342,0.000000,,2026-07-15,2026-08-03,10,60,50,20,0.500000,,1.000000,3.333333,,,,,,,,GLOBAL_BASELINE_NO_ENTITY_RANKING,,,NOT_APPLICABLE_GLOBAL_BASELINE,HF9g-P5,,,,X 全窗基线 · 不参与实体赏罚,8398565,840,A168_HF9F_20260827_0900,2026-08-27 09:00:00
2026-07-15,153036802,1305,0,127.7439398271,11.7524424645,11.7524424645,0.2000000,24,10,0.19743891642348932,0.168073509667,0.020345497937651308,0.26999708051364385,0.020345497937651308,0.02936540675648932,ELIGIBLE,R03b_20260811_FULL_v1,L1_ELIGIBILITY,v2026-08-11,2026-03-21..2026-08-06,baccarat_bet02_101_all_pairs_incl_sentinel,round_win = game_pnl > 0 (decisive only),COMPATIBILITY_ONLY_NOT_PRODUCTION,2903.0018,2677.5593,483.4521,412,211,-0.16653525,-0.16653525,,-0.16653525,-483.4521,2903.0018,OK,0.0000,19.3381,4.0000,96.0000,AG03-UNRESOLVED,ALL5_LEVELS_bet23_to_bet27,19.3381,19.3381,19.3381,19.3381,19.3381,4.000000,4.000000,4.000000,4.000000,4.000000,96.000000,96.000000,96.000000,96.000000,96.000000,5.0,96.6904,89.2585,386.7617,394.1937,PENDING_AG03,FALSE,NOT_FOR_ENFORCEMENT,464.1141,2570.4569,483.4521,464.1141,19.3381,0.16653525,0.15987384,19.3381,464.1141,0.15987384,19.3381,19.3381,19.3381,19.3381,19.3381,464.1141,0.15987384,96.6904,89.2585,386.7617,394.1937,0.13322820,0.1357883,0.00666141,7.0461,12.6899,2.2912,48.3452,8.0575,290.3002,21.1000,7.0461,,1.022,1.022,4.0878,20.439,40.8781,69.317,1.022,-1.022,39.999997,67.8281,6.89477,18,58,13,7,1.00000000,0.16653525,0.16653525,0E-8,0.000000,0.922342,0.000000,,2026-07-15,2026-08-03,10,60,50,20,0.500000,,1.000000,3.333333,,,,,,,,GLOBAL_BASELINE_NO_ENTITY_RANKING,,,NOT_APPLICABLE_GLOBAL_BASELINE,HF9g-P5,,,,X 全窗基线 · 不参与实体赏罚,8398566,840,A168_HF9F_20260827_0900,2026-08-27 09:00:00
2026-07-15,153036802,1306,0,8.1756121488,-4.1900012262,-4.1900012262,0.3333333,5,3,0.21868246666666667,0.218682466667,0.48041571161964103,0.48041571161798075,0.48041571161964103,-3.3333E-13,ELIGIBLE,R03b_20260811_FULL_v1,L1_ELIGIBILITY,v2026-08-11,2026-03-21..2026-08-06,baccarat_bet02_101_all_pairs_incl_sentinel,round_win = game_pnl > 0 (decisive only),COMPATIBILITY_ONLY_NOT_PRODUCTION,2903.0018,2677.5593,483.4521,412,211,-0.16653525,-0.16653525,,-0.16653525,-483.4521,2903.0018,OK,0.0000,19.3381,4.0000,96.0000,AG03-UNRESOLVED,ALL5_LEVELS_bet23_to_bet27,19.3381,19.3381,19.3381,19.3381,19.3381,4.000000,4.000000,4.000000,4.000000,4.000000,96.000000,96.000000,96.000000,96.000000,96.000000,5.0,96.6904,89.2585,386.7617,394.1937,PENDING_AG03,FALSE,NOT_FOR_ENFORCEMENT,464.1141,2570.4569,483.4521,464.1141,19.3381,0.16653525,0.15987384,19.3381,464.1141,0.15987384,19.3381,19.3381,19.3381,19.3381,19.3381,464.1141,0.15987384,96.6904,89.2585,386.7617,394.1937,0.13322820,0.1357883,0.00666141,7.0461,12.6899,2.2912,48.3452,8.0575,290.3002,21.1000,7.0461,,1.022,1.022,4.0878,20.439,40.8781,69.317,1.022,-1.022,39.999997,67.8281,6.89477,18,58,13,7,1.00000000,0.16653525,0.16653525,0E-8,0.000000,0.922342,0.000000,,2026-07-15,2026-08-03,10,60,50,20,0.500000,,1.000000,3.333333,,,,,,,,GLOBAL_BASELINE_NO_ENTITY_RANKING,,,NOT_APPLICABLE_GLOBAL_BASELINE,HF9g-P5,,,,X 全窗基线 · 不参与实体赏罚,8398567,840,A168_HF9F_20260827_0900,2026-08-27 09:00:00
2026-07-15,153036802,1485,0,20.4390303724,19.4170788538,19.4170788538,1.0000000,1,1,0.50665070000000000,0.506650700000,0.9867858985152569,0.9867858985152569,0.9867858985152569,0E-17,ELIGIBLE,R03b_20260811_FULL_v1,L1_ELIGIBILITY,v2026-08-11,2026-03-21..2026-08-06,baccarat_bet02_101_all_pairs_incl_sentinel,round_win = game_pnl > 0 (decisive only),COMPATIBILITY_ONLY_NOT_PRODUCTION,2903.0018,2677.5593,483.4521,412,211,-0.16653525,-0.16653525,,-0.16653525,-483.4521,2903.0018,OK,0.0000,19.3381,4.0000,96.0000,AG03-UNRESOLVED,ALL5_LEVELS_bet23_to_bet27,19.3381,19.3381,19.3381,19.3381,19.3381,4.000000,4.000000,4.000000,4.000000,4.000000,96.000000,96.000000,96.000000,96.000000,96.000000,5.0,96.6904,89.2585,386.7617,394.1937,PENDING_AG03,FALSE,NOT_FOR_ENFORCEMENT,464.1141,2570.4569,483.4521,464.1141,19.3381,0.16653525,0.15987384,19.3381,464.1141,0.15987384,19.3381,19.3381,19.3381,19.3381,19.3381,464.1141,0.15987384,96.6904,89.2585,386.7617,394.1937,0.13322820,0.1357883,0.00666141,7.0461,12.6899,2.2912,48.3452,8.0575,290.3002,21.1000,7.0461,,1.022,1.022,4.0878,20.439,40.8781,69.317,1.022,-1.022,39.999997,67.8281,6.89477,18,58,13,7,1.00000000,0.16653525,0.16653525,0E-8,0.000000,0.922342,0.000000,,2026-07-15,2026-08-03,10,60,50,20,0.500000,,1.000000,3.333333,,,,,,,,GLOBAL_BASELINE_NO_ENTITY_RANKING,,,NOT_APPLICABLE_GLOBAL_BASELINE,HF9g-P5,,,,X 全窗基线 · 不参与实体赏罚,8398568,840,A168_HF9F_20260827_0900,2026-08-27 09:00:00
2026-07-15,153036802,1507,0,35.3595225442,24.4246412951,24.4246412951,0.3333333,5,3,0.21357389102550580,0.213933200000,0.5061361422451931,0.5043088835537806,0.5061361422451931,-0.00035930897449420,ELIGIBLE,R03b_20260811_FULL_v1,L1_ELIGIBILITY,v2026-08-11,2026-03-21..2026-08-06,baccarat_bet02_101_all_pairs_incl_sentinel,round_win = game_pnl > 0 (decisive only),COMPATIBILITY_ONLY_NOT_PRODUCTION,2903.0018,2677.5593,483.4521,412,211,-0.16653525,-0.16653525,,-0.16653525,-483.4521,2903.0018,OK,0.0000,19.3381,4.0000,96.0000,AG03-UNRESOLVED,ALL5_LEVELS_bet23_to_bet27,19.3381,19.3381,19.3381,19.3381,19.3381,4.000000,4.000000,4.000000,4.000000,4.000000,96.000000,96.000000,96.000000,96.000000,96.000000,5.0,96.6904,89.2585,386.7617,394.1937,PENDING_AG03,FALSE,NOT_FOR_ENFORCEMENT,464.1141,2570.4569,483.4521,464.1141,19.3381,0.16653525,0.15987384,19.3381,464.1141,0.15987384,19.3381,19.3381,19.3381,19.3381,19.3381,464.1141,0.15987384,96.6904,89.2585,386.7617,394.1937,0.13322820,0.1357883,0.00666141,7.0461,12.6899,2.2912,48.3452,8.0575,290.3002,21.1000,7.0461,,1.022,1.022,4.0878,20.439,40.8781,69.317,1.022,-1.022,39.999997,67.8281,6.89477,18,58,13,7,1.00000000,0.16653525,0.16653525,0E-8,0.000000,0.922342,0.000000,,2026-07-15,2026-08-03,10,60,50,20,0.500000,,1.000000,3.333333,,,,,,,,GLOBAL_BASELINE_NO_ENTITY_RANKING,,,NOT_APPLICABLE_GLOBAL_BASELINE,HF9g-P5,,,,X 全窗基线 · 不参与实体赏罚,8398569,840,A168_HF9F_20260827_0900,2026-08-27 09:00:00
2026-07-15,153036802,1509,0,36.5858643665,23.9954216572,23.9954216572,0.3333333,5,3,0.21361982489727702,0.147427766667,0.5059023894966178,0.9082340634156727,0.5059023894966178,0.06619205823027702,ELIGIBLE,R03b_20260811_FULL_v1,L1_ELIGIBILITY,v2026-08-11,2026-03-21..2026-08-06,baccarat_bet02_101_all_pairs_incl_sentinel,round_win = game_pnl > 0 (decisive only),COMPATIBILITY_ONLY_NOT_PRODUCTION,2903.0018,2677.5593,483.4521,412,211,-0.16653525,-0.16653525,,-0.16653525,-483.4521,2903.0018,OK,0.0000,19.3381,4.0000,96.0000,AG03-UNRESOLVED,ALL5_LEVELS_bet23_to_bet27,19.3381,19.3381,19.3381,19.3381,19.3381,4.000000,4.000000,4.000000,4.000000,4.000000,96.000000,96.000000,96.000000,96.000000,96.000000,5.0,96.6904,89.2585,386.7617,394.1937,PENDING_AG03,FALSE,NOT_FOR_ENFORCEMENT,464.1141,2570.4569,483.4521,464.1141,19.3381,0.16653525,0.15987384,19.3381,464.1141,0.15987384,19.3381,19.3381,19.3381,19.3381,19.3381,464.1141,0.15987384,96.6904,89.2585,386.7617,394.1937,0.13322820,0.1357883,0.00666141,7.0461,12.6899,2.2912,48.3452,8.0575,290.3002,21.1000,7.0461,,1.022,1.022,4.0878,20.439,40.8781,69.317,1.022,-1.022,39.999997,67.8281,6.89477,18,58,13,7,1.00000000,0.16653525,0.16653525,0E-8,0.000000,0.922342,0.000000,,2026-07-15,2026-08-03,10,60,50,20,0.500000,,1.000000,3.333333,,,,,,,,GLOBAL_BASELINE_NO_ENTITY_RANKING,,,NOT_APPLICABLE_GLOBAL_BASELINE,HF9g-P5,,,,X 全窗基线 · 不参与实体赏罚,8398570,840,A168_HF9F_20260827_0900,2026-08-27 09:00:00
2026-07-15,153036802,1714,0,21.4609818908,3.0658545560,3.0658545560,0.3333333,8,3,0.20350284230786720,0.139605633333,0.5585473197236903,0.9681710649825764,0.5585473197236903,0.06389720897486720,ELIGIBLE,R03b_20260811_FULL_v1,L1_ELIGIBILITY,v2026-08-11,2026-03-21..2026-08-06,baccarat_bet02_101_all_pairs_incl_sentinel,round_win = game_pnl > 0 (decisive only),COMPATIBILITY_ONLY_NOT_PRODUCTION,2903.0018,2677.5593,483.4521,412,211,-0.16653525,-0.16653525,,-0.16653525,-483.4521,2903.0018,OK,0.0000,19.3381,4.0000,96.0000,AG03-UNRESOLVED,ALL5_LEVELS_bet23_to_bet27,19.3381,19.3381,19.3381,19.3381,19.3381,4.000000,4.000000,4.000000,4.000000,4.000000,96.000000,96.000000,96.000000,96.000000,96.000000,5.0,96.6904,89.2585,386.7617,394.1937,PENDING_AG03,FALSE,NOT_FOR_ENFORCEMENT,464.1141,2570.4569,483.4521,464.1141,19.3381,0.16653525,0.15987384,19.3381,464.1141,0.15987384,19.3381,19.3381,19.3381,19.3381,19.3381,464.1141,0.15987384,96.6904,89.2585,386.7617,394.1937,0.13322820,0.1357883,0.00666141,7.0461,12.6899,2.2912,48.3452,8.0575,290.3002,21.1000,7.0461,,1.022,1.022,4.0878,20.439,40.8781,69.317,1.022,-1.022,39.999997,67.8281,6.89477,18,58,13,7,1.00000000,0.16653525,0.16653525,0E-8,0.000000,0.922342,0.000000,,2026-07-15,2026-08-03,10,60,50,20,0.500000,,1.000000,3.333333,,,,,,,,GLOBAL_BASELINE_NO_ENTITY_RANKING,,,NOT_APPLICABLE_GLOBAL_BASELINE,HF9g-P5,,,,X 全窗基线 · 不参与实体赏罚,8398571,840,A168_HF9F_20260827_0900,2026-08-27 09:00:00
2026-07-15,153036802,2106,0,57.6380656500,38.8137186773,38.8137186773,0.2500000,8,4,0.18072205625000000,0.179595875000,0.36008395766901363,0.3668309787777136,0.36008395766901363,0.00112618125000000,ELIGIBLE,R03b_20260811_FULL_v1,L1_ELIGIBILITY,v2026-08-11,2026-03-21..2026-08-06,baccarat_bet02_101_all_pairs_incl_sentinel,round_win = game_pnl > 0 (decisive only),COMPATIBILITY_ONLY_NOT_PRODUCTION,2903.0018,2677.5593,483.4521,412,211,-0.16653525,-0.16653525,,-0.16653525,-483.4521,2903.0018,OK,0.0000,19.3381,4.0000,96.0000,AG03-UNRESOLVED,ALL5_LEVELS_bet23_to_bet27,19.3381,19.3381,19.3381,19.3381,19.3381,4.000000,4.000000,4.000000,4.000000,4.000000,96.000000,96.000000,96.000000,96.000000,96.000000,5.0,96.6904,89.2585,386.7617,394.1937,PENDING_AG03,FALSE,NOT_FOR_ENFORCEMENT,464.1141,2570.4569,483.4521,464.1141,19.3381,0.16653525,0.15987384,19.3381,464.1141,0.15987384,19.3381,19.3381,19.3381,19.3381,19.3381,464.1141,0.15987384,96.6904,89.2585,386.7617,394.1937,0.13322820,0.1357883,0.00666141,7.0461,12.6899,2.2912,48.3452,8.0575,290.3002,21.1000,7.0461,,1.022,1.022,4.0878,20.439,40.8781,69.317,1.022,-1.022,39.999997,67.8281,6.89477,18,58,13,7,1.00000000,0.16653525,0.16653525,0E-8,0.000000,0.922342,0.000000,,2026-07-15,2026-08-03,10,60,50,20,0.500000,,1.000000,3.333333,,,,,,,,GLOBAL_BASELINE_NO_ENTITY_RANKING,,,NOT_APPLICABLE_GLOBAL_BASELINE,HF9g-P5,,,,X 全窗基线 · 不参与实体赏罚,8398572,840,A168_HF9F_20260827_0900,2026-08-27 09:00:00
2026-07-15,153036802,2153,0,2.0439030372,-2.0439030372,-2.0439030372,0E-7,2,1,0.06757445000000000,0.067574450000,-0.2692056541018722,-0.2692056541018722,-0.2692056541018722,0E-17,ELIGIBLE,R03b_20260811_FULL_v1,L1_ELIGIBILITY,v2026-08-11,2026-03-21..2026-08-06,baccarat_bet02_101_all_pairs_incl_sentinel,round_win = game_pnl > 0 (decisive only),COMPATIBILITY_ONLY_NOT_PRODUCTION,2903.0018,2677.5593,483.4521,412,211,-0.16653525,-0.16653525,,-0.16653525,-483.4521,2903.0018,OK,0.0000,19.3381,4.0000,96.0000,AG03-UNRESOLVED,ALL5_LEVELS_bet23_to_bet27,19.3381,19.3381,19.3381,19.3381,19.3381,4.000000,4.000000,4.000000,4.000000,4.000000,96.000000,96.000000,96.000000,96.000000,96.000000,5.0,96.6904,89.2585,386.7617,394.1937,PENDING_AG03,FALSE,NOT_FOR_ENFORCEMENT,464.1141,2570.4569,483.4521,464.1141,19.3381,0.16653525,0.15987384,19.3381,464.1141,0.15987384,19.3381,19.3381,19.3381,19.3381,19.3381,464.1141,0.15987384,96.6904,89.2585,386.7617,394.1937,0.13322820,0.1357883,0.00666141,7.0461,12.6899,2.2912,48.3452,8.0575,290.3002,21.1000,7.0461,,1.022,1.022,4.0878,20.439,40.8781,69.317,1.022,-1.022,39.999997,67.8281,6.89477,18,58,13,7,1.00000000,0.16653525,0.16653525,0E-8,0.000000,0.922342,0.000000,,2026-07-15,2026-08-03,10,60,50,20,0.500000,,1.000000,3.333333,,,,,,,,GLOBAL_BASELINE_NO_ENTITY_RANKING,,,NOT_APPLICABLE_GLOBAL_BASELINE,HF9g-P5,,,,X 全窗基线 · 不参与实体赏罚,8398573,840,A168_HF9F_20260827_0900,2026-08-27 09:00:00
2026-07-15,153036802,2223,0,12.0590279197,-4.0878060744,-4.0878060744,0.5000000,2,2,0.50665070000000000,0.506650700000,-0.018812684590367487,-0.018812684590367487,-0.018812684590367487,0E-17,ELIGIBLE,R03b_20260811_FULL_v1,L1_ELIGIBILITY,v2026-08-11,2026-03-21..2026-08-06,baccarat_bet02_101_all_pairs_incl_sentinel,round_win = game_pnl > 0 (decisive only),COMPATIBILITY_ONLY_NOT_PRODUCTION,2903.0018,2677.5593,483.4521,412,211,-0.16653525,-0.16653525,,-0.16653525,-483.4521,2903.0018,OK,0.0000,19.3381,4.0000,96.0000,AG03-UNRESOLVED,ALL5_LEVELS_bet23_to_bet27,19.3381,19.3381,19.3381,19.3381,19.3381,4.000000,4.000000,4.000000,4.000000,4.000000,96.000000,96.000000,96.000000,96.000000,96.000000,5.0,96.6904,89.2585,386.7617,394.1937,PENDING_AG03,FALSE,NOT_FOR_ENFORCEMENT,464.1141,2570.4569,483.4521,464.1141,19.3381,0.16653525,0.15987384,19.3381,464.1141,0.15987384,19.3381,19.3381,19.3381,19.3381,19.3381,464.1141,0.15987384,96.6904,89.2585,386.7617,394.1937,0.13322820,0.1357883,0.00666141,7.0461,12.6899,2.2912,48.3452,8.0575,290.3002,21.1000,7.0461,,1.022,1.022,4.0878,20.439,40.8781,69.317,1.022,-1.022,39.999997,67.8281,6.89477,18,58,13,7,1.00000000,0.16653525,0.16653525,0E-8,0.000000,0.922342,0.000000,,2026-07-15,2026-08-03,10,60,50,20,0.500000,,1.000000,3.333333,,,,,,,,GLOBAL_BASELINE_NO_ENTITY_RANKING,,,NOT_APPLICABLE_GLOBAL_BASELINE,HF9g-P5,,,,X 全窗基线 · 不参与实体赏罚,8398574,840,A168_HF9F_20260827_0900,2026-08-27 09:00:00
2026-07-15,153036802,462,0,19.0082982461,10.9144422191,10.9144422191,0.5000000,7,4,0.19204500416666667,0.191748175000,1.5635873825701327,1.5660177694291177,1.5635873825701327,0.00029682916666667,ELIGIBLE,R03b_20260811_FULL_v1,L1_ELIGIBILITY,v2026-08-11,2026-03-21..2026-08-06,baccarat_bet02_101_all_pairs_incl_sentinel,round_win = game_pnl > 0 (decisive only),COMPATIBILITY_ONLY_NOT_PRODUCTION,2903.0018,2677.5593,483.4521,412,211,-0.16653525,-0.16653525,,-0.16653525,-483.4521,2903.0018,OK,0.0000,19.3381,4.0000,96.0000,AG03-UNRESOLVED,ALL5_LEVELS_bet23_to_bet27,19.3381,19.3381,19.3381,19.3381,19.3381,4.000000,4.000000,4.000000,4.000000,4.000000,96.000000,96.000000,96.000000,96.000000,96.000000,5.0,96.6904,89.2585,386.7617,394.1937,PENDING_AG03,FALSE,NOT_FOR_ENFORCEMENT,464.1141,2570.4569,483.4521,464.1141,19.3381,0.16653525,0.15987384,19.3381,464.1141,0.15987384,19.3381,19.3381,19.3381,19.3381,19.3381,464.1141,0.15987384,96.6904,89.2585,386.7617,394.1937,0.13322820,0.1357883,0.00666141,7.0461,12.6899,2.2912,48.3452,8.0575,290.3002,21.1000,7.0461,,1.022,1.022,4.0878,20.439,40.8781,69.317,1.022,-1.022,39.999997,67.8281,6.89477,18,58,13,7,1.00000000,0.16653525,0.16653525,0E-8,0.000000,0.922342,0.000000,,2026-07-15,2026-08-03,10,60,50,20,0.500000,,1.000000,3.333333,,,,,,,,GLOBAL_BASELINE_NO_ENTITY_RANKING,,,NOT_APPLICABLE_GLOBAL_BASELINE,HF9g-P5,,,,X 全窗基线 · 不参与实体赏罚,8398575,840,A168_HF9F_20260827_0900,2026-08-27 09:00:00
2026-07-15,153036802,925,0,60.2951395986,-60.2951395986,-60.2951395986,0E-7,2,2,0.50665070000000000,0.506650700000,-1.4331513700195317,-1.4331513700195317,-1.4331513700195317,0E-17,ELIGIBLE,R03b_20260811_FULL_v1,L1_ELIGIBILITY,v2026-08-11,2026-03-21..2026-08-06,baccarat_bet02_101_all_pairs_incl_sentinel,round_win = game_pnl > 0 (decisive only),COMPATIBILITY_ONLY_NOT_PRODUCTION,2903.0018,2677.5593,483.4521,412,211,-0.16653525,-0.16653525,,-0.16653525,-483.4521,2903.0018,OK,0.0000,19.3381,4.0000,96.0000,AG03-UNRESOLVED,ALL5_LEVELS_bet23_to_bet27,19.3381,19.3381,19.3381,19.3381,19.3381,4.000000,4.000000,4.000000,4.000000,4.000000,96.000000,96.000000,96.000000,96.000000,96.000000,5.0,96.6904,89.2585,386.7617,394.1937,PENDING_AG03,FALSE,NOT_FOR_ENFORCEMENT,464.1141,2570.4569,483.4521,464.1141,19.3381,0.16653525,0.15987384,19.3381,464.1141,0.15987384,19.3381,19.3381,19.3381,19.3381,19.3381,464.1141,0.15987384,96.6904,89.2585,386.7617,394.1937,0.13322820,0.1357883,0.00666141,7.0461,12.6899,2.2912,48.3452,8.0575,290.3002,21.1000,7.0461,,1.022,1.022,4.0878,20.439,40.8781,69.317,1.022,-1.022,39.999997,67.8281,6.89477,18,58,13,7,1.00000000,0.16653525,0.16653525,0E-8,0.000000,0.922342,0.000000,,2026-07-15,2026-08-03,10,60,50,20,0.500000,,1.000000,3.333333,,,,,,,,GLOBAL_BASELINE_NO_ENTITY_RANKING,,,NOT_APPLICABLE_GLOBAL_BASELINE,HF9g-P5,,,,X 全窗基线 · 不参与实体赏罚,8398576,840,A168_HF9F_20260827_0900,2026-08-27 09:00:00
2026-07-15,153036802,987,0,13.8985406532,-13.8985406532,-13.8985406532,0E-7,1,1,0.50665070000000000,0.506650700000,-1.013391052207602,-1.013391052207602,-1.013391052207602,0E-17,ELIGIBLE,R03b_20260811_FULL_v1,L1_ELIGIBILITY,v2026-08-11,2026-03-21..2026-08-06,baccarat_bet02_101_all_pairs_incl_sentinel,round_win = game_pnl > 0 (decisive only),COMPATIBILITY_ONLY_NOT_PRODUCTION,2903.0018,2677.5593,483.4521,412,211,-0.16653525,-0.16653525,,-0.16653525,-483.4521,2903.0018,OK,0.0000,19.3381,4.0000,96.0000,AG03-UNRESOLVED,ALL5_LEVELS_bet23_to_bet27,19.3381,19.3381,19.3381,19.3381,19.3381,4.000000,4.000000,4.000000,4.000000,4.000000,96.000000,96.000000,96.000000,96.000000,96.000000,5.0,96.6904,89.2585,386.7617,394.1937,PENDING_AG03,FALSE,NOT_FOR_ENFORCEMENT,464.1141,2570.4569,483.4521,464.1141,19.3381,0.16653525,0.15987384,19.3381,464.1141,0.15987384,19.3381,19.3381,19.3381,19.3381,19.3381,464.1141,0.15987384,96.6904,89.2585,386.7617,394.1937,0.13322820,0.1357883,0.00666141,7.0461,12.6899,2.2912,48.3452,8.0575,290.3002,21.1000,7.0461,,1.022,1.022,4.0878,20.439,40.8781,69.317,1.022,-1.022,39.999997,67.8281,6.89477,18,58,13,7,1.00000000,0.16653525,0.16653525,0E-8,0.000000,0.922342,0.000000,,2026-07-15,2026-08-03,10,60,50,20,0.500000,,1.000000,3.333333,,,,,,,,GLOBAL_BASELINE_NO_ENTITY_RANKING,,,NOT_APPLICABLE_GLOBAL_BASELINE,HF9g-P5,,,,X 全窗基线 · 不参与实体赏罚,8398577,840,A168_HF9F_20260827_0900,2026-08-27 09:00:00
2026-07-16,153036802,1304,0,30.6585455586,-10.2195151862,-10.2195151862,0.3333333,3,3,0.49771390000000000,0.497713900000,-0.5694369385616226,-0.5694369385616226,-0.5694369385616226,0E-17,ELIGIBLE,R03b_20260811_FULL_v1,L1_ELIGIBILITY,v2026-08-11,2026-03-21..2026-08-06,baccarat_bet02_101_all_pairs_incl_sentinel,round_win = game_pnl > 0 (decisive only),COMPATIBILITY_ONLY_NOT_PRODUCTION,2903.0018,2677.5593,483.4521,412,211,-0.16653525,-0.16653525,,-0.16653525,-483.4521,2903.0018,OK,0.0000,19.3381,4.0000,96.0000,AG03-UNRESOLVED,ALL5_LEVELS_bet23_to_bet27,19.3381,19.3381,19.3381,19.3381,19.3381,4.000000,4.000000,4.000000,4.000000,4.000000,96.000000,96.000000,96.000000,96.000000,96.000000,5.0,96.6904,89.2585,386.7617,394.1937,PENDING_AG03,FALSE,NOT_FOR_ENFORCEMENT,464.1141,2570.4569,483.4521,464.1141,19.3381,0.16653525,0.15987384,19.3381,464.1141,0.15987384,19.3381,19.3381,19.3381,19.3381,19.3381,464.1141,0.15987384,96.6904,89.2585,386.7617,394.1937,0.13322820,0.1357883,0.00666141,7.0461,12.6899,2.2912,48.3452,8.0575,290.3002,21.1000,7.0461,,1.022,1.022,4.0878,20.439,40.8781,69.317,1.022,-1.022,39.999997,67.8281,6.89477,18,58,13,7,1.00000000,0.16653525,0.16653525,0E-8,0.000000,0.922342,0.000000,,2026-07-15,2026-08-03,10,60,50,20,0.500000,,1.000000,3.333333,,,,,,,,GLOBAL_BASELINE_NO_ENTITY_RANKING,,,NOT_APPLICABLE_GLOBAL_BASELINE,HF9g-P5,,,,X 全窗基线 · 不参与实体赏罚,8398578,840,A168_HF9F_20260827_0900,2026-08-27 09:00:00
2026-07-16,153036802,1354,0,10.2195151862,9.7085394269,9.7085394269,1.0000000,1,1,0.50665070000000000,0.506650700000,0.9867858985152569,0.9867858985152569,0.9867858985152569,0E-17,ELIGIBLE,R03b_20260811_FULL_v1,L1_ELIGIBILITY,v2026-08-11,2026-03-21..2026-08-06,baccarat_bet02_101_all_pairs_incl_sentinel,round_win = game_pnl > 0 (decisive only),COMPATIBILITY_ONLY_NOT_PRODUCTION,2903.0018,2677.5593,483.4521,412,211,-0.16653525,-0.16653525,,-0.16653525,-483.4521,2903.0018,OK,0.0000,19.3381,4.0000,96.0000,AG03-UNRESOLVED,ALL5_LEVELS_bet23_to_bet27,19.3381,19.3381,19.3381,19.3381,19.3381,4.000000,4.000000,4.000000,4.000000,4.000000,96.000000,96.000000,96.000000,96.000000,96.000000,5.0,96.6904,89.2585,386.7617,394.1937,PENDING_AG03,FALSE,NOT_FOR_ENFORCEMENT,464.1141,2570.4569,483.4521,464.1141,19.3381,0.16653525,0.15987384,19.3381,464.1141,0.15987384,19.3381,19.3381,19.3381,19.3381,19.3381,464.1141,0.15987384,96.6904,89.2585,386.7617,394.1937,0.13322820,0.1357883,0.00666141,7.0461,12.6899,2.2912,48.3452,8.0575,290.3002,21.1000,7.0461,,1.022,1.022,4.0878,20.439,40.8781,69.317,1.022,-1.022,39.999997,67.8281,6.89477,18,58,13,7,1.00000000,0.16653525,0.16653525,0E-8,0.000000,0.922342,0.000000,,2026-07-15,2026-08-03,10,60,50,20,0.500000,,1.000000,3.333333,,,,,,,,GLOBAL_BASELINE_NO_ENTITY_RANKING,,,NOT_APPLICABLE_GLOBAL_BASELINE,HF9g-P5,,,,X 全窗基线 · 不参与实体赏罚,8398579,840,A168_HF9F_20260827_0900,2026-08-27 09:00:00
2026-07-16,153036802,1384,0,28.6146425208,65.4048971921,65.4048971921,0.6666667,26,9,0.06928946296296296,0.069157538889,7.057144130984709,7.064931268455485,7.057144130984709,0.00013192407396296,ELIGIBLE,R03b_20260811_FULL_v1,L1_ELIGIBILITY,v2026-08-11,2026-03-21..2026-08-06,baccarat_bet02_101_all_pairs_incl_sentinel,round_win = game_pnl > 0 (decisive only),COMPATIBILITY_ONLY_NOT_PRODUCTION,2903.0018,2677.5593,483.4521,412,211,-0.16653525,-0.16653525,,-0.16653525,-483.4521,2903.0018,OK,0.0000,19.3381,4.0000,96.0000,AG03-UNRESOLVED,ALL5_LEVELS_bet23_to_bet27,19.3381,19.3381,19.3381,19.3381,19.3381,4.000000,4.000000,4.000000,4.000000,4.000000,96.000000,96.000000,96.000000,96.000000,96.000000,5.0,96.6904,89.2585,386.7617,394.1937,PENDING_AG03,FALSE,NOT_FOR_ENFORCEMENT,464.1141,2570.4569,483.4521,464.1141,19.3381,0.16653525,0.15987384,19.3381,464.1141,0.15987384,19.3381,19.3381,19.3381,19.3381,19.3381,464.1141,0.15987384,96.6904,89.2585,386.7617,394.1937,0.13322820,0.1357883,0.00666141,7.0461,12.6899,2.2912,48.3452,8.0575,290.3002,21.1000,7.0461,,1.022,1.022,4.0878,20.439,40.8781,69.317,1.022,-1.022,39.999997,67.8281,6.89477,18,58,13,7,1.00000000,0.16653525,0.16653525,0E-8,0.000000,0.922342,0.000000,,2026-07-15,2026-08-03,10,60,50,20,0.500000,,1.000000,3.333333,,,,,,,,GLOBAL_BASELINE_NO_ENTITY_RANKING,,,NOT_APPLICABLE_GLOBAL_BASELINE,HF9g-P5,,,,X 全窗基线 · 不参与实体赏罚,8398580,840,A168_HF9F_20260827_0900,2026-08-27 09:00:00
2026-07-16,153036802,1963,0,127.7439398274,71.5366063035,71.5366063035,0.3333333,10,6,0.28861415000000000,0.288614150000,0.24174531595000423,0.24174531595000423,0.24174531595000423,0E-17,ELIGIBLE,R03b_20260811_FULL_v1,L1_ELIGIBILITY,v2026-08-11,2026-03-21..2026-08-06,baccarat_bet02_101_all_pairs_incl_sentinel,round_win = game_pnl > 0 (decisive only),COMPATIBILITY_ONLY_NOT_PRODUCTION,2903.0018,2677.5593,483.4521,412,211,-0.16653525,-0.16653525,,-0.16653525,-483.4521,2903.0018,OK,0.0000,19.3381,4.0000,96.0000,AG03-UNRESOLVED,ALL5_LEVELS_bet23_to_bet27,19.3381,19.3381,19.3381,19.3381,19.3381,4.000000,4.000000,4.000000,4.000000,4.000000,96.000000,96.000000,96.000000,96.000000,96.000000,5.0,96.6904,89.2585,386.7617,394.1937,PENDING_AG03,FALSE,NOT_FOR_ENFORCEMENT,464.1141,2570.4569,483.4521,464.1141,19.3381,0.16653525,0.15987384,19.3381,464.1141,0.15987384,19.3381,19.3381,19.3381,19.3381,19.3381,464.1141,0.15987384,96.6904,89.2585,386.7617,394.1937,0.13322820,0.1357883,0.00666141,7.0461,12.6899,2.2912,48.3452,8.0575,290.3002,21.1000,7.0461,,1.022,1.022,4.0878,20.439,40.8781,69.317,1.022,-1.022,39.999997,67.8281,6.89477,18,58,13,7,1.00000000,0.16653525,0.16653525,0E-8,0.000000,0.922342,0.000000,,2026-07-15,2026-08-03,10,60,50,20,0.500000,,1.000000,3.333333,,,,,,,,GLOBAL_BASELINE_NO_ENTITY_RANKING,,,NOT_APPLICABLE_GLOBAL_BASELINE,HF9g-P5,,,,X 全窗基线 · 不参与实体赏罚,8398581,840,A168_HF9F_20260827_0900,2026-08-27 09:00:00
2026-07-16,153036802,2121,0,38.8341577076,26.5707394842,26.5707394842,0.5000000,4,2,0.45139078500081912,0.353729783334,0.13814199127264093,0.43264134246792124,0.13814199127264093,0.09766100166681912,ELIGIBLE,R03b_20260811_FULL_v1,L1_ELIGIBILITY,v2026-08-11,2026-03-21..2026-08-06,baccarat_bet02_101_all_pairs_incl_sentinel,round_win = game_pnl > 0 (decisive only),COMPATIBILITY_ONLY_NOT_PRODUCTION,2903.0018,2677.5593,483.4521,412,211,-0.16653525,-0.16653525,,-0.16653525,-483.4521,2903.0018,OK,0.0000,19.3381,4.0000,96.0000,AG03-UNRESOLVED,ALL5_LEVELS_bet23_to_bet27,19.3381,19.3381,19.3381,19.3381,19.3381,4.000000,4.000000,4.000000,4.000000,4.000000,96.000000,96.000000,96.000000,96.000000,96.000000,5.0,96.6904,89.2585,386.7617,394.1937,PENDING_AG03,FALSE,NOT_FOR_ENFORCEMENT,464.1141,2570.4569,483.4521,464.1141,19.3381,0.16653525,0.15987384,19.3381,464.1141,0.15987384,19.3381,19.3381,19.3381,19.3381,19.3381,464.1141,0.15987384,96.6904,89.2585,386.7617,394.1937,0.13322820,0.1357883,0.00666141,7.0461,12.6899,2.2912,48.3452,8.0575,290.3002,21.1000,7.0461,,1.022,1.022,4.0878,20.439,40.8781,69.317,1.022,-1.022,39.999997,67.8281,6.89477,18,58,13,7,1.00000000,0.16653525,0.16653525,0E-8,0.000000,0.922342,0.000000,,2026-07-15,2026-08-03,10,60,50,20,0.500000,,1.000000,3.333333,,,,,,,,GLOBAL_BASELINE_NO_ENTITY_RANKING,,,NOT_APPLICABLE_GLOBAL_BASELINE,HF9g-P5,,,,X 全窗基线 · 不参与实体赏罚,8398582,840,A168_HF9F_20260827_0900,2026-08-27 09:00:00
2026-07-16,153036802,2156,0,9.8107345788,-9.8107345788,-9.8107345788,0E-7,2,1,0.42463583333333333,0.287416500000,-0.859086539674708,-0.6350939377956173,-0.859086539674708,0.13721933333333333,ELIGIBLE,R03b_20260811_FULL_v1,L1_ELIGIBILITY,v2026-08-11,2026-03-21..2026-08-06,baccarat_bet02_101_all_pairs_incl_sentinel,round_win = game_pnl > 0 (decisive only),COMPATIBILITY_ONLY_NOT_PRODUCTION,2903.0018,2677.5593,483.4521,412,211,-0.16653525,-0.16653525,,-0.16653525,-483.4521,2903.0018,OK,0.0000,19.3381,4.0000,96.0000,AG03-UNRESOLVED,ALL5_LEVELS_bet23_to_bet27,19.3381,19.3381,19.3381,19.3381,19.3381,4.000000,4.000000,4.000000,4.000000,4.000000,96.000000,96.000000,96.000000,96.000000,96.000000,5.0,96.6904,89.2585,386.7617,394.1937,PENDING_AG03,FALSE,NOT_FOR_ENFORCEMENT,464.1141,2570.4569,483.4521,464.1141,19.3381,0.16653525,0.15987384,19.3381,464.1141,0.15987384,19.3381,19.3381,19.3381,19.3381,19.3381,464.1141,0.15987384,96.6904,89.2585,386.7617,394.1937,0.13322820,0.1357883,0.00666141,7.0461,12.6899,2.2912,48.3452,8.0575,290.3002,21.1000,7.0461,,1.022,1.022,4.0878,20.439,40.8781,69.317,1.022,-1.022,39.999997,67.8281,6.89477,18,58,13,7,1.00000000,0.16653525,0.16653525,0E-8,0.000000,0.922342,0.000000,,2026-07-15,2026-08-03,10,60,50,20,0.500000,,1.000000,3.333333,,,,,,,,GLOBAL_BASELINE_NO_ENTITY_RANKING,,,NOT_APPLICABLE_GLOBAL_BASELINE,HF9g-P5,,,,X 全窗基线 · 不参与实体赏罚,8398583,840,A168_HF9F_20260827_0900,2026-08-27 09:00:00
2026-07-16,153036802,2170,0,85.8439275638,-85.8439275638,-85.8439275638,0E-7,16,7,0.24505127619063604,0.225448514286,-1.5073662134871644,-1.4274061485980216,-1.5073662134871644,0.01960276190463604,ELIGIBLE,R03b_20260811_FULL_v1,L1_ELIGIBILITY,v2026-08-11,2026-03-21..2026-08-06,baccarat_bet02_101_all_pairs_incl_sentinel,round_win = game_pnl > 0 (decisive only),COMPATIBILITY_ONLY_NOT_PRODUCTION,2903.0018,2677.5593,483.4521,412,211,-0.16653525,-0.16653525,,-0.16653525,-483.4521,2903.0018,OK,0.0000,19.3381,4.0000,96.0000,AG03-UNRESOLVED,ALL5_LEVELS_bet23_to_bet27,19.3381,19.3381,19.3381,19.3381,19.3381,4.000000,4.000000,4.000000,4.000000,4.000000,96.000000,96.000000,96.000000,96.000000,96.000000,5.0,96.6904,89.2585,386.7617,394.1937,PENDING_AG03,FALSE,NOT_FOR_ENFORCEMENT,464.1141,2570.4569,483.4521,464.1141,19.3381,0.16653525,0.15987384,19.3381,464.1141,0.15987384,19.3381,19.3381,19.3381,19.3381,19.3381,464.1141,0.15987384,96.6904,89.2585,386.7617,394.1937,0.13322820,0.1357883,0.00666141,7.0461,12.6899,2.2912,48.3452,8.0575,290.3002,21.1000,7.0461,,1.022,1.022,4.0878,20.439,40.8781,69.317,1.022,-1.022,39.999997,67.8281,6.89477,18,58,13,7,1.00000000,0.16653525,0.16653525,0E-8,0.000000,0.922342,0.000000,,2026-07-15,2026-08-03,10,60,50,20,0.500000,,1.000000,3.333333,,,,,,,,GLOBAL_BASELINE_NO_ENTITY_RANKING,,,NOT_APPLICABLE_GLOBAL_BASELINE,HF9g-P5,,,,X 全窗基线 · 不参与实体赏罚,8398584,840,A168_HF9F_20260827_0900,2026-08-27 09:00:00
2026-07-16,153036802,2212,0,44.9658668190,-44.9658668190,-44.9658668190,0E-7,9,3,0.21630783333333333,0.216307833333,-0.9099635535735091,-0.9099635535726144,-0.9099635535735091,3.3333E-13,ELIGIBLE,R03b_20260811_FULL_v1,L1_ELIGIBILITY,v2026-08-11,2026-03-21..2026-08-06,baccarat_bet02_101_all_pairs_incl_sentinel,round_win = game_pnl > 0 (decisive only),COMPATIBILITY_ONLY_NOT_PRODUCTION,2903.0018,2677.5593,483.4521,412,211,-0.16653525,-0.16653525,,-0.16653525,-483.4521,2903.0018,OK,0.0000,19.3381,4.0000,96.0000,AG03-UNRESOLVED,ALL5_LEVELS_bet23_to_bet27,19.3381,19.3381,19.3381,19.3381,19.3381,4.000000,4.000000,4.000000,4.000000,4.000000,96.000000,96.000000,96.000000,96.000000,96.000000,5.0,96.6904,89.2585,386.7617,394.1937,PENDING_AG03,FALSE,NOT_FOR_ENFORCEMENT,464.1141,2570.4569,483.4521,464.1141,19.3381,0.16653525,0.15987384,19.3381,464.1141,0.15987384,19.3381,19.3381,19.3381,19.3381,19.3381,464.1141,0.15987384,96.6904,89.2585,386.7617,394.1937,0.13322820,0.1357883,0.00666141,7.0461,12.6899,2.2912,48.3452,8.0575,290.3002,21.1000,7.0461,,1.022,1.022,4.0878,20.439,40.8781,69.317,1.022,-1.022,39.999997,67.8281,6.89477,18,58,13,7,1.00000000,0.16653525,0.16653525,0E-8,0.000000,0.922342,0.000000,,2026-07-15,2026-08-03,10,60,50,20,0.500000,,1.000000,3.333333,,,,,,,,GLOBAL_BASELINE_NO_ENTITY_RANKING,,,NOT_APPLICABLE_GLOBAL_BASELINE,HF9g-P5,,,,X 全窗基线 · 不参与实体赏罚,8398585,840,A168_HF9F_20260827_0900,2026-08-27 09:00:00
2026-07-16,153036802,994,0,168.6220005720,51.0975759313,51.0975759313,0.2500000,18,8,0.23383666000000000,0.233836660000,0.10800879442918143,0.10800879442918143,0.10800879442918143,0E-17,ELIGIBLE,R03b_20260811_FULL_v1,L1_ELIGIBILITY,v2026-08-11,2026-03-21..2026-08-06,baccarat_bet02_101_all_pairs_incl_sentinel,round_win = game_pnl > 0 (decisive only),COMPATIBILITY_ONLY_NOT_PRODUCTION,2903.0018,2677.5593,483.4521,412,211,-0.16653525,-0.16653525,,-0.16653525,-483.4521,2903.0018,OK,0.0000,19.3381,4.0000,96.0000,AG03-UNRESOLVED,ALL5_LEVELS_bet23_to_bet27,19.3381,19.3381,19.3381,19.3381,19.3381,4.000000,4.000000,4.000000,4.000000,4.000000,96.000000,96.000000,96.000000,96.000000,96.000000,5.0,96.6904,89.2585,386.7617,394.1937,PENDING_AG03,FALSE,NOT_FOR_ENFORCEMENT,464.1141,2570.4569,483.4521,464.1141,19.3381,0.16653525,0.15987384,19.3381,464.1141,0.15987384,19.3381,19.3381,19.3381,19.3381,19.3381,464.1141,0.15987384,96.6904,89.2585,386.7617,394.1937,0.13322820,0.1357883,0.00666141,7.0461,12.6899,2.2912,48.3452,8.0575,290.3002,21.1000,7.0461,,1.022,1.022,4.0878,20.439,40.8781,69.317,1.022,-1.022,39.999997,67.8281,6.89477,18,58,13,7,1.00000000,0.16653525,0.16653525,0E-8,0.000000,0.922342,0.000000,,2026-07-15,2026-08-03,10,60,50,20,0.500000,,1.000000,3.333333,,,,,,,,GLOBAL_BASELINE_NO_ENTITY_RANKING,,,NOT_APPLICABLE_GLOBAL_BASELINE,HF9g-P5,,,,X 全窗基线 · 不参与实体赏罚,8398586,840,A168_HF9F_20260827_0900,2026-08-27 09:00:00
2026-07-17,153036802,-1,1,29.4322037362,-18.9061030944,-18.9061030944,0.3333333,7,4,0.39777212500000000,0.397772125000,-0.22803967633583877,-0.22803967633583877,-0.22803967633583877,0E-17,SENTINEL_DEALER,R03b_20260811_FULL_v1,L1_ELIGIBILITY,v2026-08-11,2026-03-21..2026-08-06,baccarat_bet02_101_all_pairs_incl_sentinel,round_win = game_pnl > 0 (decisive only),COMPATIBILITY_ONLY_NOT_PRODUCTION,2903.0018,2677.5593,483.4521,412,211,-0.16653525,-0.16653525,,-0.16653525,-483.4521,2903.0018,OK,0.0000,19.3381,4.0000,96.0000,AG03-UNRESOLVED,ALL5_LEVELS_bet23_to_bet27,19.3381,19.3381,19.3381,19.3381,19.3381,4.000000,4.000000,4.000000,4.000000,4.000000,96.000000,96.000000,96.000000,96.000000,96.000000,5.0,96.6904,89.2585,386.7617,394.1937,PENDING_AG03,FALSE,NOT_FOR_ENFORCEMENT,464.1141,2570.4569,483.4521,464.1141,19.3381,0.16653525,0.15987384,19.3381,464.1141,0.15987384,19.3381,19.3381,19.3381,19.3381,19.3381,464.1141,0.15987384,96.6904,89.2585,386.7617,394.1937,0.13322820,0.1357883,0.00666141,7.0461,12.6899,2.2912,48.3452,8.0575,290.3002,21.1000,7.0461,,1.022,1.022,4.0878,20.439,40.8781,69.317,1.022,-1.022,39.999997,67.8281,6.89477,18,58,13,7,1.00000000,0.16653525,0.16653525,0E-8,0.000000,0.922342,0.000000,,2026-07-15,2026-08-03,10,60,50,20,0.500000,,1.000000,3.333333,,,,,,,,GLOBAL_BASELINE_NO_ENTITY_RANKING,,,NOT_APPLICABLE_GLOBAL_BASELINE,HF9g-P5,,,,X 全窗基线 · 不参与实体赏罚,8398587,840,A168_HF9F_20260827_0900,2026-08-27 09:00:00
2026-07-17,153036802,1007,0,51.5063565378,-19.4170788532,-19.4170788532,0.4285714,21,7,0.12795233581843837,0.100133125714,2.3810655906460454,2.8948415687708176,2.3810655906460454,0.02781921010443837,ELIGIBLE,R03b_20260811_FULL_v1,L1_ELIGIBILITY,v2026-08-11,2026-03-21..2026-08-06,baccarat_bet02_101_all_pairs_incl_sentinel,round_win = game_pnl > 0 (decisive only),COMPATIBILITY_ONLY_NOT_PRODUCTION,2903.0018,2677.5593,483.4521,412,211,-0.16653525,-0.16653525,,-0.16653525,-483.4521,2903.0018,OK,0.0000,19.3381,4.0000,96.0000,AG03-UNRESOLVED,ALL5_LEVELS_bet23_to_bet27,19.3381,19.3381,19.3381,19.3381,19.3381,4.000000,4.000000,4.000000,4.000000,4.000000,96.000000,96.000000,96.000000,96.000000,96.000000,5.0,96.6904,89.2585,386.7617,394.1937,PENDING_AG03,FALSE,NOT_FOR_ENFORCEMENT,464.1141,2570.4569,483.4521,464.1141,19.3381,0.16653525,0.15987384,19.3381,464.1141,0.15987384,19.3381,19.3381,19.3381,19.3381,19.3381,464.1141,0.15987384,96.6904,89.2585,386.7617,394.1937,0.13322820,0.1357883,0.00666141,7.0461,12.6899,2.2912,48.3452,8.0575,290.3002,21.1000,7.0461,,1.022,1.022,4.0878,20.439,40.8781,69.317,1.022,-1.022,39.999997,67.8281,6.89477,18,58,13,7,1.00000000,0.16653525,0.16653525,0E-8,0.000000,0.922342,0.000000,,2026-07-15,2026-08-03,10,60,50,20,0.500000,,1.000000,3.333333,,,,,,,,GLOBAL_BASELINE_NO_ENTITY_RANKING,,,NOT_APPLICABLE_GLOBAL_BASELINE,HF9g-P5,,,,X 全窗基线 · 不参与实体赏罚,8398588,840,A168_HF9F_20260827_0900,2026-08-27 09:00:00
2026-07-17,153036802,1109,0,27.5926910026,29.6365940401,29.6365940401,0.5000000,8,4,0.18163978750000000,0.181639787500,1.6514713192085688,1.651471319208569,1.6514713192085688,0E-17,ELIGIBLE,R03b_20260811_FULL_v1,L1_ELIGIBILITY,v2026-08-11,2026-03-21..2026-08-06,baccarat_bet02_101_all_pairs_incl_sentinel,round_win = game_pnl > 0 (decisive only),COMPATIBILITY_ONLY_NOT_PRODUCTION,2903.0018,2677.5593,483.4521,412,211,-0.16653525,-0.16653525,,-0.16653525,-483.4521,2903.0018,OK,0.0000,19.3381,4.0000,96.0000,AG03-UNRESOLVED,ALL5_LEVELS_bet23_to_bet27,19.3381,19.3381,19.3381,19.3381,19.3381,4.000000,4.000000,4.000000,4.000000,4.000000,96.000000,96.000000,96.000000,96.000000,96.000000,5.0,96.6904,89.2585,386.7617,394.1937,PENDING_AG03,FALSE,NOT_FOR_ENFORCEMENT,464.1141,2570.4569,483.4521,464.1141,19.3381,0.16653525,0.15987384,19.3381,464.1141,0.15987384,19.3381,19.3381,19.3381,19.3381,19.3381,464.1141,0.15987384,96.6904,89.2585,386.7617,394.1937,0.13322820,0.1357883,0.00666141,7.0461,12.6899,2.2912,48.3452,8.0575,290.3002,21.1000,7.0461,,1.022,1.022,4.0878,20.439,40.8781,69.317,1.022,-1.022,39.999997,67.8281,6.89477,18,58,13,7,1.00000000,0.16653525,0.16653525,0E-8,0.000000,0.922342,0.000000,,2026-07-15,2026-08-03,10,60,50,20,0.500000,,1.000000,3.333333,,,,,,,,GLOBAL_BASELINE_NO_ENTITY_RANKING,,,NOT_APPLICABLE_GLOBAL_BASELINE,HF9g-P5,,,,X 全窗基线 · 不参与实体赏罚,8398589,840,A168_HF9F_20260827_0900,2026-08-27 09:00:00
2026-07-17,153036802,1210,0,12.2634182232,20.4390303726,20.4390303726,0.5000000,8,2,0.07113640000000000,0.071136400000,2.3594581088759234,2.3594581088759234,2.3594581088759234,0E-17,ELIGIBLE,R03b_20260811_FULL_v1,L1_ELIGIBILITY,v2026-08-11,2026-03-21..2026-08-06,baccarat_bet02_101_all_pairs_incl_sentinel,round_win = game_pnl > 0 (decisive only),COMPATIBILITY_ONLY_NOT_PRODUCTION,2903.0018,2677.5593,483.4521,412,211,-0.16653525,-0.16653525,,-0.16653525,-483.4521,2903.0018,OK,0.0000,19.3381,4.0000,96.0000,AG03-UNRESOLVED,ALL5_LEVELS_bet23_to_bet27,19.3381,19.3381,19.3381,19.3381,19.3381,4.000000,4.000000,4.000000,4.000000,4.000000,96.000000,96.000000,96.000000,96.000000,96.000000,5.0,96.6904,89.2585,386.7617,394.1937,PENDING_AG03,FALSE,NOT_FOR_ENFORCEMENT,464.1141,2570.4569,483.4521,464.1141,19.3381,0.16653525,0.15987384,19.3381,464.1141,0.15987384,19.3381,19.3381,19.3381,19.3381,19.3381,464.1141,0.15987384,96.6904,89.2585,386.7617,394.1937,0.13322820,0.1357883,0.00666141,7.0461,12.6899,2.2912,48.3452,8.0575,290.3002,21.1000,7.0461,,1.022,1.022,4.0878,20.439,40.8781,69.317,1.022,-1.022,39.999997,67.8281,6.89477,18,58,13,7,1.00000000,0.16653525,0.16653525,0E-8,0.000000,0.922342,0.000000,,2026-07-15,2026-08-03,10,60,50,20,0.500000,,1.000000,3.333333,,,,,,,,GLOBAL_BASELINE_NO_ENTITY_RANKING,,,NOT_APPLICABLE_GLOBAL_BASELINE,HF9g-P5,,,,X 全窗基线 · 不参与实体赏罚,8398590,840,A168_HF9F_20260827_0900,2026-08-27 09:00:00
2026-07-17,153036802,1306,0,2.0439030372,-2.0439030372,-2.0439030372,0E-7,2,1,0.06757445000000000,0.067574450000,-0.2692056541018722,-0.2692056541018722,-0.2692056541018722,0E-17,ELIGIBLE,R03b_20260811_FULL_v1,L1_ELIGIBILITY,v2026-08-11,2026-03-21..2026-08-06,baccarat_bet02_101_all_pairs_incl_sentinel,round_win = game_pnl > 0 (decisive only),COMPATIBILITY_ONLY_NOT_PRODUCTION,2903.0018,2677.5593,483.4521,412,211,-0.16653525,-0.16653525,,-0.16653525,-483.4521,2903.0018,OK,0.0000,19.3381,4.0000,96.0000,AG03-UNRESOLVED,ALL5_LEVELS_bet23_to_bet27,19.3381,19.3381,19.3381,19.3381,19.3381,4.000000,4.000000,4.000000,4.000000,4.000000,96.000000,96.000000,96.000000,96.000000,96.000000,5.0,96.6904,89.2585,386.7617,394.1937,PENDING_AG03,FALSE,NOT_FOR_ENFORCEMENT,464.1141,2570.4569,483.4521,464.1141,19.3381,0.16653525,0.15987384,19.3381,464.1141,0.15987384,19.3381,19.3381,19.3381,19.3381,19.3381,464.1141,0.15987384,96.6904,89.2585,386.7617,394.1937,0.13322820,0.1357883,0.00666141,7.0461,12.6899,2.2912,48.3452,8.0575,290.3002,21.1000,7.0461,,1.022,1.022,4.0878,20.439,40.8781,69.317,1.022,-1.022,39.999997,67.8281,6.89477,18,58,13,7,1.00000000,0.16653525,0.16653525,0E-8,0.000000,0.922342,0.000000,,2026-07-15,2026-08-03,10,60,50,20,0.500000,,1.000000,3.333333,,,,,,,,GLOBAL_BASELINE_NO_ENTITY_RANKING,,,NOT_APPLICABLE_GLOBAL_BASELINE,HF9g-P5,,,,X 全窗基线 · 不参与实体赏罚,8398591,840,A168_HF9F_20260827_0900,2026-08-27 09:00:00
2026-07-17,153036802,1318,0,81.7561214895,70.5146547848,70.5146547848,0.5000000,6,4,0.28376127500000000,0.283761275000,0.9593078648539654,0.9593078648539655,0.9593078648539654,0E-17,ELIGIBLE,R03b_20260811_FULL_v1,L1_ELIGIBILITY,v2026-08-11,2026-03-21..2026-08-06,baccarat_bet02_101_all_pairs_incl_sentinel,round_win = game_pnl > 0 (decisive only),COMPATIBILITY_ONLY_NOT_PRODUCTION,2903.0018,2677.5593,483.4521,412,211,-0.16653525,-0.16653525,,-0.16653525,-483.4521,2903.0018,OK,0.0000,19.3381,4.0000,96.0000,AG03-UNRESOLVED,ALL5_LEVELS_bet23_to_bet27,19.3381,19.3381,19.3381,19.3381,19.3381,4.000000,4.000000,4.000000,4.000000,4.000000,96.000000,96.000000,96.000000,96.000000,96.000000,5.0,96.6904,89.2585,386.7617,394.1937,PENDING_AG03,FALSE,NOT_FOR_ENFORCEMENT,464.1141,2570.4569,483.4521,464.1141,19.3381,0.16653525,0.15987384,19.3381,464.1141,0.15987384,19.3381,19.3381,19.3381,19.3381,19.3381,464.1141,0.15987384,96.6904,89.2585,386.7617,394.1937,0.13322820,0.1357883,0.00666141,7.0461,12.6899,2.2912,48.3452,8.0575,290.3002,21.1000,7.0461,,1.022,1.022,4.0878,20.439,40.8781,69.317,1.022,-1.022,39.999997,67.8281,6.89477,18,58,13,7,1.00000000,0.16653525,0.16653525,0E-8,0.000000,0.922342,0.000000,,2026-07-15,2026-08-03,10,60,50,20,0.500000,,1.000000,3.333333,,,,,,,,GLOBAL_BASELINE_NO_ENTITY_RANKING,,,NOT_APPLICABLE_GLOBAL_BASELINE,HF9g-P5,,,,X 全窗基线 · 不参与实体赏罚,8398592,840,A168_HF9F_20260827_0900,2026-08-27 09:00:00
2026-07-17,153036802,1323,0,40.8780607448,-40.8780607448,-40.8780607448,0E-7,1,1,0.50665070000000000,0.506650700000,-1.013391052207602,-1.013391052207602,-1.013391052207602,0E-17,ELIGIBLE,R03b_20260811_FULL_v1,L1_ELIGIBILITY,v2026-08-11,2026-03-21..2026-08-06,baccarat_bet02_101_all_pairs_incl_sentinel,round_win = game_pnl > 0 (decisive only),COMPATIBILITY_ONLY_NOT_PRODUCTION,2903.0018,2677.5593,483.4521,412,211,-0.16653525,-0.16653525,,-0.16653525,-483.4521,2903.0018,OK,0.0000,19.3381,4.0000,96.0000,AG03-UNRESOLVED,ALL5_LEVELS_bet23_to_bet27,19.3381,19.3381,19.3381,19.3381,19.3381,4.000000,4.000000,4.000000,4.000000,4.000000,96.000000,96.000000,96.000000,96.000000,96.000000,5.0,96.6904,89.2585,386.7617,394.1937,PENDING_AG03,FALSE,NOT_FOR_ENFORCEMENT,464.1141,2570.4569,483.4521,464.1141,19.3381,0.16653525,0.15987384,19.3381,464.1141,0.15987384,19.3381,19.3381,19.3381,19.3381,19.3381,464.1141,0.15987384,96.6904,89.2585,386.7617,394.1937,0.13322820,0.1357883,0.00666141,7.0461,12.6899,2.2912,48.3452,8.0575,290.3002,21.1000,7.0461,,1.022,1.022,4.0878,20.439,40.8781,69.317,1.022,-1.022,39.999997,67.8281,6.89477,18,58,13,7,1.00000000,0.16653525,0.16653525,0E-8,0.000000,0.922342,0.000000,,2026-07-15,2026-08-03,10,60,50,20,0.500000,,1.000000,3.333333,,,,,,,,GLOBAL_BASELINE_NO_ENTITY_RANKING,,,NOT_APPLICABLE_GLOBAL_BASELINE,HF9g-P5,,,,X 全窗基线 · 不参与实体赏罚,8398593,840,A168_HF9F_20260827_0900,2026-08-27 09:00:00
2026-07-17,153036802,1382,0,16.3512242978,-16.3512242978,-16.3512242978,0E-7,5,3,0.21393320000000000,0.213933200000,-0.9035870416148697,-0.9035870416148697,-0.9035870416148697,0E-17,ELIGIBLE,R03b_20260811_FULL_v1,L1_ELIGIBILITY,v2026-08-11,2026-03-21..2026-08-06,baccarat_bet02_101_all_pairs_incl_sentinel,round_win = game_pnl > 0 (decisive only),COMPATIBILITY_ONLY_NOT_PRODUCTION,2903.0018,2677.5593,483.4521,412,211,-0.16653525,-0.16653525,,-0.16653525,-483.4521,2903.0018,OK,0.0000,19.3381,4.0000,96.0000,AG03-UNRESOLVED,ALL5_LEVELS_bet23_to_bet27,19.3381,19.3381,19.3381,19.3381,19.3381,4.000000,4.000000,4.000000,4.000000,4.000000,96.000000,96.000000,96.000000,96.000000,96.000000,5.0,96.6904,89.2585,386.7617,394.1937,PENDING_AG03,FALSE,NOT_FOR_ENFORCEMENT,464.1141,2570.4569,483.4521,464.1141,19.3381,0.16653525,0.15987384,19.3381,464.1141,0.15987384,19.3381,19.3381,19.3381,19.3381,19.3381,464.1141,0.15987384,96.6904,89.2585,386.7617,394.1937,0.13322820,0.1357883,0.00666141,7.0461,12.6899,2.2912,48.3452,8.0575,290.3002,21.1000,7.0461,,1.022,1.022,4.0878,20.439,40.8781,69.317,1.022,-1.022,39.999997,67.8281,6.89477,18,58,13,7,1.00000000,0.16653525,0.16653525,0E-8,0.000000,0.922342,0.000000,,2026-07-15,2026-08-03,10,60,50,20,0.500000,,1.000000,3.333333,,,,,,,,GLOBAL_BASELINE_NO_ENTITY_RANKING,,,NOT_APPLICABLE_GLOBAL_BASELINE,HF9g-P5,,,,X 全窗基线 · 不参与实体赏罚,8398594,840,A168_HF9F_20260827_0900,2026-08-27 09:00:00
2026-07-17,153036802,1385,0,61.3170911172,0E-10,0E-10,,1,1,0.50665070000000000,0.506650700000,,,,0E-17,NO_DECISIVE_ROUND,R03b_20260811_FULL_v1,L1_ELIGIBILITY,v2026-08-11,2026-03-21..2026-08-06,baccarat_bet02_101_all_pairs_incl_sentinel,round_win = game_pnl > 0 (decisive only),COMPATIBILITY_ONLY_NOT_PRODUCTION,2903.0018,2677.5593,483.4521,412,211,-0.16653525,-0.16653525,,-0.16653525,-483.4521,2903.0018,OK,0.0000,19.3381,4.0000,96.0000,AG03-UNRESOLVED,ALL5_LEVELS_bet23_to_bet27,19.3381,19.3381,19.3381,19.3381,19.3381,4.000000,4.000000,4.000000,4.000000,4.000000,96.000000,96.000000,96.000000,96.000000,96.000000,5.0,96.6904,89.2585,386.7617,394.1937,PENDING_AG03,FALSE,NOT_FOR_ENFORCEMENT,464.1141,2570.4569,483.4521,464.1141,19.3381,0.16653525,0.15987384,19.3381,464.1141,0.15987384,19.3381,19.3381,19.3381,19.3381,19.3381,464.1141,0.15987384,96.6904,89.2585,386.7617,394.1937,0.13322820,0.1357883,0.00666141,7.0461,12.6899,2.2912,48.3452,8.0575,290.3002,21.1000,7.0461,,1.022,1.022,4.0878,20.439,40.8781,69.317,1.022,-1.022,39.999997,67.8281,6.89477,18,58,13,7,1.00000000,0.16653525,0.16653525,0E-8,0.000000,0.922342,0.000000,,2026-07-15,2026-08-03,10,60,50,20,0.500000,,1.000000,3.333333,,,,,,,,GLOBAL_BASELINE_NO_ENTITY_RANKING,,,NOT_APPLICABLE_GLOBAL_BASELINE,HF9g-P5,,,,X 全窗基线 · 不参与实体赏罚,8398595,840,A168_HF9F_20260827_0900,2026-08-27 09:00:00
2026-07-17,153036802,1402,0,82.3692924008,-82.3692924008,-82.3692924008,0E-7,1,1,0.49324550000000000,0.493245500000,-0.9865810262130424,-0.9865810262130424,-0.9865810262130424,0E-17,ELIGIBLE,R03b_20260811_FULL_v1,L1_ELIGIBILITY,v2026-08-11,2026-03-21..2026-08-06,baccarat_bet02_101_all_pairs_incl_sentinel,round_win = game_pnl > 0 (decisive only),COMPATIBILITY_ONLY_NOT_PRODUCTION,2903.0018,2677.5593,483.4521,412,211,-0.16653525,-0.16653525,,-0.16653525,-483.4521,2903.0018,OK,0.0000,19.3381,4.0000,96.0000,AG03-UNRESOLVED,ALL5_LEVELS_bet23_to_bet27,19.3381,19.3381,19.3381,19.3381,19.3381,4.000000,4.000000,4.000000,4.000000,4.000000,96.000000,96.000000,96.000000,96.000000,96.000000,5.0,96.6904,89.2585,386.7617,394.1937,PENDING_AG03,FALSE,NOT_FOR_ENFORCEMENT,464.1141,2570.4569,483.4521,464.1141,19.3381,0.16653525,0.15987384,19.3381,464.1141,0.15987384,19.3381,19.3381,19.3381,19.3381,19.3381,464.1141,0.15987384,96.6904,89.2585,386.7617,394.1937,0.13322820,0.1357883,0.00666141,7.0461,12.6899,2.2912,48.3452,8.0575,290.3002,21.1000,7.0461,,1.022,1.022,4.0878,20.439,40.8781,69.317,1.022,-1.022,39.999997,67.8281,6.89477,18,58,13,7,1.00000000,0.16653525,0.16653525,0E-8,0.000000,0.922342,0.000000,,2026-07-15,2026-08-03,10,60,50,20,0.500000,,1.000000,3.333333,,,,,,,,GLOBAL_BASELINE_NO_ENTITY_RANKING,,,NOT_APPLICABLE_GLOBAL_BASELINE,HF9g-P5,,,,X 全窗基线 · 不参与实体赏罚,8398596,840,A168_HF9F_20260827_0900,2026-08-27 09:00:00
2026-07-17,153036802,1942,0,204.3903037240,-204.3903037240,-204.3903037240,0E-7,2,2,0.49994810000000000,0.499948100000,-1.4140667746232096,-1.4140667746232096,-1.4140667746232096,0E-17,ELIGIBLE,R03b_20260811_FULL_v1,L1_ELIGIBILITY,v2026-08-11,2026-03-21..2026-08-06,baccarat_bet02_101_all_pairs_incl_sentinel,round_win = game_pnl > 0 (decisive only),COMPATIBILITY_ONLY_NOT_PRODUCTION,2903.0018,2677.5593,483.4521,412,211,-0.16653525,-0.16653525,,-0.16653525,-483.4521,2903.0018,OK,0.0000,19.3381,4.0000,96.0000,AG03-UNRESOLVED,ALL5_LEVELS_bet23_to_bet27,19.3381,19.3381,19.3381,19.3381,19.3381,4.000000,4.000000,4.000000,4.000000,4.000000,96.000000,96.000000,96.000000,96.000000,96.000000,5.0,96.6904,89.2585,386.7617,394.1937,PENDING_AG03,FALSE,NOT_FOR_ENFORCEMENT,464.1141,2570.4569,483.4521,464.1141,19.3381,0.16653525,0.15987384,19.3381,464.1141,0.15987384,19.3381,19.3381,19.3381,19.3381,19.3381,464.1141,0.15987384,96.6904,89.2585,386.7617,394.1937,0.13322820,0.1357883,0.00666141,7.0461,12.6899,2.2912,48.3452,8.0575,290.3002,21.1000,7.0461,,1.022,1.022,4.0878,20.439,40.8781,69.317,1.022,-1.022,39.999997,67.8281,6.89477,18,58,13,7,1.00000000,0.16653525,0.16653525,0E-8,0.000000,0.922342,0.000000,,2026-07-15,2026-08-03,10,60,50,20,0.500000,,1.000000,3.333333,,,,,,,,GLOBAL_BASELINE_NO_ENTITY_RANKING,,,NOT_APPLICABLE_GLOBAL_BASELINE,HF9g-P5,,,,X 全窗基线 · 不参与实体赏罚,8398597,840,A168_HF9F_20260827_0900,2026-08-27 09:00:00
2026-07-17,153036802,1963,0,4.0878060744,-4.0878060744,-4.0878060744,0E-7,4,2,0.06757445000000000,0.067574450000,-0.38071428709838784,-0.3807142870983879,-0.38071428709838784,0E-17,ELIGIBLE,R03b_20260811_FULL_v1,L1_ELIGIBILITY,v2026-08-11,2026-03-21..2026-08-06,baccarat_bet02_101_all_pairs_incl_sentinel,round_win = game_pnl > 0 (decisive only),COMPATIBILITY_ONLY_NOT_PRODUCTION,2903.0018,2677.5593,483.4521,412,211,-0.16653525,-0.16653525,,-0.16653525,-483.4521,2903.0018,OK,0.0000,19.3381,4.0000,96.0000,AG03-UNRESOLVED,ALL5_LEVELS_bet23_to_bet27,19.3381,19.3381,19.3381,19.3381,19.3381,4.000000,4.000000,4.000000,4.000000,4.000000,96.000000,96.000000,96.000000,96.000000,96.000000,5.0,96.6904,89.2585,386.7617,394.1937,PENDING_AG03,FALSE,NOT_FOR_ENFORCEMENT,464.1141,2570.4569,483.4521,464.1141,19.3381,0.16653525,0.15987384,19.3381,464.1141,0.15987384,19.3381,19.3381,19.3381,19.3381,19.3381,464.1141,0.15987384,96.6904,89.2585,386.7617,394.1937,0.13322820,0.1357883,0.00666141,7.0461,12.6899,2.2912,48.3452,8.0575,290.3002,21.1000,7.0461,,1.022,1.022,4.0878,20.439,40.8781,69.317,1.022,-1.022,39.999997,67.8281,6.89477,18,58,13,7,1.00000000,0.16653525,0.16653525,0E-8,0.000000,0.922342,0.000000,,2026-07-15,2026-08-03,10,60,50,20,0.500000,,1.000000,3.333333,,,,,,,,GLOBAL_BASELINE_NO_ENTITY_RANKING,,,NOT_APPLICABLE_GLOBAL_BASELINE,HF9g-P5,,,,X 全窗基线 · 不参与实体赏罚,8398598,840,A168_HF9F_20260827_0900,2026-08-27 09:00:00
2026-07-17,153036802,1994,0,8.1756121489,8.1756121490,8.1756121490,1.0000000,2,1,0.45514471250063000,0.300626750000,1.094122209932108,1.5252488199758223,1.094122209932108,0.15451796250063000,ELIGIBLE,R03b_20260811_FULL_v1,L1_ELIGIBILITY,v2026-08-11,2026-03-21..2026-08-06,baccarat_bet02_101_all_pairs_incl_sentinel,round_win = game_pnl > 0 (decisive only),COMPATIBILITY_ONLY_NOT_PRODUCTION,2903.0018,2677.5593,483.4521,412,211,-0.16653525,-0.16653525,,-0.16653525,-483.4521,2903.0018,OK,0.0000,19.3381,4.0000,96.0000,AG03-UNRESOLVED,ALL5_LEVELS_bet23_to_bet27,19.3381,19.3381,19.3381,19.3381,19.3381,4.000000,4.000000,4.000000,4.000000,4.000000,96.000000,96.000000,96.000000,96.000000,96.000000,5.0,96.6904,89.2585,386.7617,394.1937,PENDING_AG03,FALSE,NOT_FOR_ENFORCEMENT,464.1141,2570.4569,483.4521,464.1141,19.3381,0.16653525,0.15987384,19.3381,464.1141,0.15987384,19.3381,19.3381,19.3381,19.3381,19.3381,464.1141,0.15987384,96.6904,89.2585,386.7617,394.1937,0.13322820,0.1357883,0.00666141,7.0461,12.6899,2.2912,48.3452,8.0575,290.3002,21.1000,7.0461,,1.022,1.022,4.0878,20.439,40.8781,69.317,1.022,-1.022,39.999997,67.8281,6.89477,18,58,13,7,1.00000000,0.16653525,0.16653525,0E-8,0.000000,0.922342,0.000000,,2026-07-15,2026-08-03,10,60,50,20,0.500000,,1.000000,3.333333,,,,,,,,GLOBAL_BASELINE_NO_ENTITY_RANKING,,,NOT_APPLICABLE_GLOBAL_BASELINE,HF9g-P5,,,,X 全窗基线 · 不参与实体赏罚,8398599,840,A168_HF9F_20260827_0900,2026-08-27 09:00:00
2026-07-17,153036802,2075,0,57.2292850427,-57.2292850427,-57.2292850427,0E-7,6,4,0.38543945714302680,0.336894175000,-1.5838926534778466,-1.4255594230716002,-1.5838926534778466,0.04854528214302680,ELIGIBLE,R03b_20260811_FULL_v1,L1_ELIGIBILITY,v2026-08-11,2026-03-21..2026-08-06,baccarat_bet02_101_all_pairs_incl_sentinel,round_win = game_pnl > 0 (decisive only),COMPATIBILITY_ONLY_NOT_PRODUCTION,2903.0018,2677.5593,483.4521,412,211,-0.16653525,-0.16653525,,-0.16653525,-483.4521,2903.0018,OK,0.0000,19.3381,4.0000,96.0000,AG03-UNRESOLVED,ALL5_LEVELS_bet23_to_bet27,19.3381,19.3381,19.3381,19.3381,19.3381,4.000000,4.000000,4.000000,4.000000,4.000000,96.000000,96.000000,96.000000,96.000000,96.000000,5.0,96.6904,89.2585,386.7617,394.1937,PENDING_AG03,FALSE,NOT_FOR_ENFORCEMENT,464.1141,2570.4569,483.4521,464.1141,19.3381,0.16653525,0.15987384,19.3381,464.1141,0.15987384,19.3381,19.3381,19.3381,19.3381,19.3381,464.1141,0.15987384,96.6904,89.2585,386.7617,394.1937,0.13322820,0.1357883,0.00666141,7.0461,12.6899,2.2912,48.3452,8.0575,290.3002,21.1000,7.0461,,1.022,1.022,4.0878,20.439,40.8781,69.317,1.022,-1.022,39.999997,67.8281,6.89477,18,58,13,7,1.00000000,0.16653525,0.16653525,0E-8,0.000000,0.922342,0.000000,,2026-07-15,2026-08-03,10,60,50,20,0.500000,,1.000000,3.333333,,,,,,,,GLOBAL_BASELINE_NO_ENTITY_RANKING,,,NOT_APPLICABLE_GLOBAL_BASELINE,HF9g-P5,,,,X 全窗基线 · 不参与实体赏罚,8398600,840,A168_HF9F_20260827_0900,2026-08-27 09:00:00
2026-07-17,153036802,2093,0,34.1331807216,20.3368352208,20.3368352208,0.5000000,20,6,0.14085693620929461,0.107780508333,2.5288393773503635,3.0981242458775475,2.5288393773503635,0.03307642787629461,ELIGIBLE,R03b_20260811_FULL_v1,L1_ELIGIBILITY,v2026-08-11,2026-03-21..2026-08-06,baccarat_bet02_101_all_pairs_incl_sentinel,round_win = game_pnl > 0 (decisive only),COMPATIBILITY_ONLY_NOT_PRODUCTION,2903.0018,2677.5593,483.4521,412,211,-0.16653525,-0.16653525,,-0.16653525,-483.4521,2903.0018,OK,0.0000,19.3381,4.0000,96.0000,AG03-UNRESOLVED,ALL5_LEVELS_bet23_to_bet27,19.3381,19.3381,19.3381,19.3381,19.3381,4.000000,4.000000,4.000000,4.000000,4.000000,96.000000,96.000000,96.000000,96.000000,96.000000,5.0,96.6904,89.2585,386.7617,394.1937,PENDING_AG03,FALSE,NOT_FOR_ENFORCEMENT,464.1141,2570.4569,483.4521,464.1141,19.3381,0.16653525,0.15987384,19.3381,464.1141,0.15987384,19.3381,19.3381,19.3381,19.3381,19.3381,464.1141,0.15987384,96.6904,89.2585,386.7617,394.1937,0.13322820,0.1357883,0.00666141,7.0461,12.6899,2.2912,48.3452,8.0575,290.3002,21.1000,7.0461,,1.022,1.022,4.0878,20.439,40.8781,69.317,1.022,-1.022,39.999997,67.8281,6.89477,18,58,13,7,1.00000000,0.16653525,0.16653525,0E-8,0.000000,0.922342,0.000000,,2026-07-15,2026-08-03,10,60,50,20,0.500000,,1.000000,3.333333,,,,,,,,GLOBAL_BASELINE_NO_ENTITY_RANKING,,,NOT_APPLICABLE_GLOBAL_BASELINE,HF9g-P5,,,,X 全窗基线 · 不参与实体赏罚,8398601,840,A168_HF9F_20260827_0900,2026-08-27 09:00:00
2026-07-17,153036802,2103,0,194.1707885378,-91.9756366758,-91.9756366758,0.4000000,5,5,0.49324550000000000,0.493245500000,-0.4170446088060018,-0.4170446088060018,-0.4170446088060018,0E-17,ELIGIBLE,R03b_20260811_FULL_v1,L1_ELIGIBILITY,v2026-08-11,2026-03-21..2026-08-06,baccarat_bet02_101_all_pairs_incl_sentinel,round_win = game_pnl > 0 (decisive only),COMPATIBILITY_ONLY_NOT_PRODUCTION,2903.0018,2677.5593,483.4521,412,211,-0.16653525,-0.16653525,,-0.16653525,-483.4521,2903.0018,OK,0.0000,19.3381,4.0000,96.0000,AG03-UNRESOLVED,ALL5_LEVELS_bet23_to_bet27,19.3381,19.3381,19.3381,19.3381,19.3381,4.000000,4.000000,4.000000,4.000000,4.000000,96.000000,96.000000,96.000000,96.000000,96.000000,5.0,96.6904,89.2585,386.7617,394.1937,PENDING_AG03,FALSE,NOT_FOR_ENFORCEMENT,464.1141,2570.4569,483.4521,464.1141,19.3381,0.16653525,0.15987384,19.3381,464.1141,0.15987384,19.3381,19.3381,19.3381,19.3381,19.3381,464.1141,0.15987384,96.6904,89.2585,386.7617,394.1937,0.13322820,0.1357883,0.00666141,7.0461,12.6899,2.2912,48.3452,8.0575,290.3002,21.1000,7.0461,,1.022,1.022,4.0878,20.439,40.8781,69.317,1.022,-1.022,39.999997,67.8281,6.89477,18,58,13,7,1.00000000,0.16653525,0.16653525,0E-8,0.000000,0.922342,0.000000,,2026-07-15,2026-08-03,10,60,50,20,0.500000,,1.000000,3.333333,,,,,,,,GLOBAL_BASELINE_NO_ENTITY_RANKING,,,NOT_APPLICABLE_GLOBAL_BASELINE,HF9g-P5,,,,X 全窗基线 · 不参与实体赏罚,8398602,840,A168_HF9F_20260827_0900,2026-08-27 09:00:00
2026-07-17,153036802,2170,0,5.1097575930,-5.1097575930,-5.1097575930,0E-7,5,1,0.07582968000000000,0.075829680000,-0.28644655479115444,-0.28644655479115444,-0.28644655479115444,0E-17,ELIGIBLE,R03b_20260811_FULL_v1,L1_ELIGIBILITY,v2026-08-11,2026-03-21..2026-08-06,baccarat_bet02_101_all_pairs_incl_sentinel,round_win = game_pnl > 0 (decisive only),COMPATIBILITY_ONLY_NOT_PRODUCTION,2903.0018,2677.5593,483.4521,412,211,-0.16653525,-0.16653525,,-0.16653525,-483.4521,2903.0018,OK,0.0000,19.3381,4.0000,96.0000,AG03-UNRESOLVED,ALL5_LEVELS_bet23_to_bet27,19.3381,19.3381,19.3381,19.3381,19.3381,4.000000,4.000000,4.000000,4.000000,4.000000,96.000000,96.000000,96.000000,96.000000,96.000000,5.0,96.6904,89.2585,386.7617,394.1937,PENDING_AG03,FALSE,NOT_FOR_ENFORCEMENT,464.1141,2570.4569,483.4521,464.1141,19.3381,0.16653525,0.15987384,19.3381,464.1141,0.15987384,19.3381,19.3381,19.3381,19.3381,19.3381,464.1141,0.15987384,96.6904,89.2585,386.7617,394.1937,0.13322820,0.1357883,0.00666141,7.0461,12.6899,2.2912,48.3452,8.0575,290.3002,21.1000,7.0461,,1.022,1.022,4.0878,20.439,40.8781,69.317,1.022,-1.022,39.999997,67.8281,6.89477,18,58,13,7,1.00000000,0.16653525,0.16653525,0E-8,0.000000,0.922342,0.000000,,2026-07-15,2026-08-03,10,60,50,20,0.500000,,1.000000,3.333333,,,,,,,,GLOBAL_BASELINE_NO_ENTITY_RANKING,,,NOT_APPLICABLE_GLOBAL_BASELINE,HF9g-P5,,,,X 全窗基线 · 不参与实体赏罚,8398603,840,A168_HF9F_20260827_0900,2026-08-27 09:00:00
2026-07-17,153036802,2261,0,61.3170911172,-61.3170911172,-61.3170911172,0E-7,1,1,0.49324550000000000,0.493245500000,-0.9865810262130424,-0.9865810262130424,-0.9865810262130424,0E-17,ELIGIBLE,R03b_20260811_FULL_v1,L1_ELIGIBILITY,v2026-08-11,2026-03-21..2026-08-06,baccarat_bet02_101_all_pairs_incl_sentinel,round_win = game_pnl > 0 (decisive only),COMPATIBILITY_ONLY_NOT_PRODUCTION,2903.0018,2677.5593,483.4521,412,211,-0.16653525,-0.16653525,,-0.16653525,-483.4521,2903.0018,OK,0.0000,19.3381,4.0000,96.0000,AG03-UNRESOLVED,ALL5_LEVELS_bet23_to_bet27,19.3381,19.3381,19.3381,19.3381,19.3381,4.000000,4.000000,4.000000,4.000000,4.000000,96.000000,96.000000,96.000000,96.000000,96.000000,5.0,96.6904,89.2585,386.7617,394.1937,PENDING_AG03,FALSE,NOT_FOR_ENFORCEMENT,464.1141,2570.4569,483.4521,464.1141,19.3381,0.16653525,0.15987384,19.3381,464.1141,0.15987384,19.3381,19.3381,19.3381,19.3381,19.3381,464.1141,0.15987384,96.6904,89.2585,386.7617,394.1937,0.13322820,0.1357883,0.00666141,7.0461,12.6899,2.2912,48.3452,8.0575,290.3002,21.1000,7.0461,,1.022,1.022,4.0878,20.439,40.8781,69.317,1.022,-1.022,39.999997,67.8281,6.89477,18,58,13,7,1.00000000,0.16653525,0.16653525,0E-8,0.000000,0.922342,0.000000,,2026-07-15,2026-08-03,10,60,50,20,0.500000,,1.000000,3.333333,,,,,,,,GLOBAL_BASELINE_NO_ENTITY_RANKING,,,NOT_APPLICABLE_GLOBAL_BASELINE,HF9g-P5,,,,X 全窗基线 · 不参与实体赏罚,8398604,840,A168_HF9F_20260827_0900,2026-08-27 09:00:00
2026-07-17,153036802,462,0,112.4146670482,-32.1914728365,-32.1914728365,0.3333333,4,4,0.50329940000000000,0.503299400000,-0.5887925454369916,-0.5887925454369916,-0.5887925454369916,0E-17,ELIGIBLE,R03b_20260811_FULL_v1,L1_ELIGIBILITY,v2026-08-11,2026-03-21..2026-08-06,baccarat_bet02_101_all_pairs_incl_sentinel,round_win = game_pnl > 0 (decisive only),COMPATIBILITY_ONLY_NOT_PRODUCTION,2903.0018,2677.5593,483.4521,412,211,-0.16653525,-0.16653525,,-0.16653525,-483.4521,2903.0018,OK,0.0000,19.3381,4.0000,96.0000,AG03-UNRESOLVED,ALL5_LEVELS_bet23_to_bet27,19.3381,19.3381,19.3381,19.3381,19.3381,4.000000,4.000000,4.000000,4.000000,4.000000,96.000000,96.000000,96.000000,96.000000,96.000000,5.0,96.6904,89.2585,386.7617,394.1937,PENDING_AG03,FALSE,NOT_FOR_ENFORCEMENT,464.1141,2570.4569,483.4521,464.1141,19.3381,0.16653525,0.15987384,19.3381,464.1141,0.15987384,19.3381,19.3381,19.3381,19.3381,19.3381,464.1141,0.15987384,96.6904,89.2585,386.7617,394.1937,0.13322820,0.1357883,0.00666141,7.0461,12.6899,2.2912,48.3452,8.0575,290.3002,21.1000,7.0461,,1.022,1.022,4.0878,20.439,40.8781,69.317,1.022,-1.022,39.999997,67.8281,6.89477,18,58,13,7,1.00000000,0.16653525,0.16653525,0E-8,0.000000,0.922342,0.000000,,2026-07-15,2026-08-03,10,60,50,20,0.500000,,1.000000,3.333333,,,,,,,,GLOBAL_BASELINE_NO_ENTITY_RANKING,,,NOT_APPLICABLE_GLOBAL_BASELINE,HF9g-P5,,,,X 全窗基线 · 不参与实体赏罚,8398605,840,A168_HF9F_20260827_0900,2026-08-27 09:00:00
2026-07-17,153036802,550,0,40.8780607448,-1.0219515186,-1.0219515186,0.5000000,2,2,0.50665070000000000,0.506650700000,-0.018812684590367487,-0.018812684590367487,-0.018812684590367487,0E-17,ELIGIBLE,R03b_20260811_FULL_v1,L1_ELIGIBILITY,v2026-08-11,2026-03-21..2026-08-06,baccarat_bet02_101_all_pairs_incl_sentinel,round_win = game_pnl > 0 (decisive only),COMPATIBILITY_ONLY_NOT_PRODUCTION,2903.0018,2677.5593,483.4521,412,211,-0.16653525,-0.16653525,,-0.16653525,-483.4521,2903.0018,OK,0.0000,19.3381,4.0000,96.0000,AG03-UNRESOLVED,ALL5_LEVELS_bet23_to_bet27,19.3381,19.3381,19.3381,19.3381,19.3381,4.000000,4.000000,4.000000,4.000000,4.000000,96.000000,96.000000,96.000000,96.000000,96.000000,5.0,96.6904,89.2585,386.7617,394.1937,PENDING_AG03,FALSE,NOT_FOR_ENFORCEMENT,464.1141,2570.4569,483.4521,464.1141,19.3381,0.16653525,0.15987384,19.3381,464.1141,0.15987384,19.3381,19.3381,19.3381,19.3381,19.3381,464.1141,0.15987384,96.6904,89.2585,386.7617,394.1937,0.13322820,0.1357883,0.00666141,7.0461,12.6899,2.2912,48.3452,8.0575,290.3002,21.1000,7.0461,,1.022,1.022,4.0878,20.439,40.8781,69.317,1.022,-1.022,39.999997,67.8281,6.89477,18,58,13,7,1.00000000,0.16653525,0.16653525,0E-8,0.000000,0.922342,0.000000,,2026-07-15,2026-08-03,10,60,50,20,0.500000,,1.000000,3.333333,,,,,,,,GLOBAL_BASELINE_NO_ENTITY_RANKING,,,NOT_APPLICABLE_GLOBAL_BASELINE,HF9g-P5,,,,X 全窗基线 · 不参与实体赏罚,8398606,840,A168_HF9F_20260827_0900,2026-08-27 09:00:00
2026-07-17,153036802,789,0,42.9219637820,-24.5268364468,-24.5268364468,0E-7,8,3,0.34558139649155557,0.210449500000,-1.258658713236288,-0.8942204962827691,-1.258658713236288,0.13513189649155557,ELIGIBLE,R03b_20260811_FULL_v1,L1_ELIGIBILITY,v2026-08-11,2026-03-21..2026-08-06,baccarat_bet02_101_all_pairs_incl_sentinel,round_win = game_pnl > 0 (decisive only),COMPATIBILITY_ONLY_NOT_PRODUCTION,2903.0018,2677.5593,483.4521,412,211,-0.16653525,-0.16653525,,-0.16653525,-483.4521,2903.0018,OK,0.0000,19.3381,4.0000,96.0000,AG03-UNRESOLVED,ALL5_LEVELS_bet23_to_bet27,19.3381,19.3381,19.3381,19.3381,19.3381,4.000000,4.000000,4.000000,4.000000,4.000000,96.000000,96.000000,96.000000,96.000000,96.000000,5.0,96.6904,89.2585,386.7617,394.1937,PENDING_AG03,FALSE,NOT_FOR_ENFORCEMENT,464.1141,2570.4569,483.4521,464.1141,19.3381,0.16653525,0.15987384,19.3381,464.1141,0.15987384,19.3381,19.3381,19.3381,19.3381,19.3381,464.1141,0.15987384,96.6904,89.2585,386.7617,394.1937,0.13322820,0.1357883,0.00666141,7.0461,12.6899,2.2912,48.3452,8.0575,290.3002,21.1000,7.0461,,1.022,1.022,4.0878,20.439,40.8781,69.317,1.022,-1.022,39.999997,67.8281,6.89477,18,58,13,7,1.00000000,0.16653525,0.16653525,0E-8,0.000000,0.922342,0.000000,,2026-07-15,2026-08-03,10,60,50,20,0.500000,,1.000000,3.333333,,,,,,,,GLOBAL_BASELINE_NO_ENTITY_RANKING,,,NOT_APPLICABLE_GLOBAL_BASELINE,HF9g-P5,,,,X 全窗基线 · 不参与实体赏罚,8398607,840,A168_HF9F_20260827_0900,2026-08-27 09:00:00
2026-07-17,153036802,994,0,229.9390916895,72.5585578221,72.5585578221,0.5000000,7,7,0.44587168571428571,0.445871685714,0.2667411439082565,0.2667411439096811,0.2667411439082565,2.8571E-13,ELIGIBLE,R03b_20260811_FULL_v1,L1_ELIGIBILITY,v2026-08-11,2026-03-21..2026-08-06,baccarat_bet02_101_all_pairs_incl_sentinel,round_win = game_pnl > 0 (decisive only),COMPATIBILITY_ONLY_NOT_PRODUCTION,2903.0018,2677.5593,483.4521,412,211,-0.16653525,-0.16653525,,-0.16653525,-483.4521,2903.0018,OK,0.0000,19.3381,4.0000,96.0000,AG03-UNRESOLVED,ALL5_LEVELS_bet23_to_bet27,19.3381,19.3381,19.3381,19.3381,19.3381,4.000000,4.000000,4.000000,4.000000,4.000000,96.000000,96.000000,96.000000,96.000000,96.000000,5.0,96.6904,89.2585,386.7617,394.1937,PENDING_AG03,FALSE,NOT_FOR_ENFORCEMENT,464.1141,2570.4569,483.4521,464.1141,19.3381,0.16653525,0.15987384,19.3381,464.1141,0.15987384,19.3381,19.3381,19.3381,19.3381,19.3381,464.1141,0.15987384,96.6904,89.2585,386.7617,394.1937,0.13322820,0.1357883,0.00666141,7.0461,12.6899,2.2912,48.3452,8.0575,290.3002,21.1000,7.0461,,1.022,1.022,4.0878,20.439,40.8781,69.317,1.022,-1.022,39.999997,67.8281,6.89477,18,58,13,7,1.00000000,0.16653525,0.16653525,0E-8,0.000000,0.922342,0.000000,,2026-07-15,2026-08-03,10,60,50,20,0.500000,,1.000000,3.333333,,,,,,,,GLOBAL_BASELINE_NO_ENTITY_RANKING,,,NOT_APPLICABLE_GLOBAL_BASELINE,HF9g-P5,,,,X 全窗基线 · 不参与实体赏罚,8398608,840,A168_HF9F_20260827_0900,2026-08-27 09:00:00
2026-07-19,153036802,2169,0,18.8039079425,8.5843927565,8.5843927565,0.5000000,7,4,0.28221051250000000,0.282210512500,0.9677914213044614,0.9677914213044615,0.9677914213044614,0E-17,ELIGIBLE,R03b_20260811_FULL_v1,L1_ELIGIBILITY,v2026-08-11,2026-03-21..2026-08-06,baccarat_bet02_101_all_pairs_incl_sentinel,round_win = game_pnl > 0 (decisive only),COMPATIBILITY_ONLY_NOT_PRODUCTION,2903.0018,2677.5593,483.4521,412,211,-0.16653525,-0.16653525,,-0.16653525,-483.4521,2903.0018,OK,0.0000,19.3381,4.0000,96.0000,AG03-UNRESOLVED,ALL5_LEVELS_bet23_to_bet27,19.3381,19.3381,19.3381,19.3381,19.3381,4.000000,4.000000,4.000000,4.000000,4.000000,96.000000,96.000000,96.000000,96.000000,96.000000,5.0,96.6904,89.2585,386.7617,394.1937,PENDING_AG03,FALSE,NOT_FOR_ENFORCEMENT,464.1141,2570.4569,483.4521,464.1141,19.3381,0.16653525,0.15987384,19.3381,464.1141,0.15987384,19.3381,19.3381,19.3381,19.3381,19.3381,464.1141,0.15987384,96.6904,89.2585,386.7617,394.1937,0.13322820,0.1357883,0.00666141,7.0461,12.6899,2.2912,48.3452,8.0575,290.3002,21.1000,7.0461,,1.022,1.022,4.0878,20.439,40.8781,69.317,1.022,-1.022,39.999997,67.8281,6.89477,18,58,13,7,1.00000000,0.16653525,0.16653525,0E-8,0.000000,0.922342,0.000000,,2026-07-15,2026-08-03,10,60,50,20,0.500000,,1.000000,3.333333,,,,,,,,GLOBAL_BASELINE_NO_ENTITY_RANKING,,,NOT_APPLICABLE_GLOBAL_BASELINE,HF9g-P5,,,,X 全窗基线 · 不参与实体赏罚,8398609,840,A168_HF9F_20260827_0900,2026-08-27 09:00:00
2026-07-19,153036802,2216,0,26.7751297879,-10.4239054899,-10.4239054899,0.2500000,5,4,0.38860871250000000,0.388608712500,-0.5687280334288727,-0.5687280334288727,-0.5687280334288727,0E-17,ELIGIBLE,R03b_20260811_FULL_v1,L1_ELIGIBILITY,v2026-08-11,2026-03-21..2026-08-06,baccarat_bet02_101_all_pairs_incl_sentinel,round_win = game_pnl > 0 (decisive only),COMPATIBILITY_ONLY_NOT_PRODUCTION,2903.0018,2677.5593,483.4521,412,211,-0.16653525,-0.16653525,,-0.16653525,-483.4521,2903.0018,OK,0.0000,19.3381,4.0000,96.0000,AG03-UNRESOLVED,ALL5_LEVELS_bet23_to_bet27,19.3381,19.3381,19.3381,19.3381,19.3381,4.000000,4.000000,4.000000,4.000000,4.000000,96.000000,96.000000,96.000000,96.000000,96.000000,5.0,96.6904,89.2585,386.7617,394.1937,PENDING_AG03,FALSE,NOT_FOR_ENFORCEMENT,464.1141,2570.4569,483.4521,464.1141,19.3381,0.16653525,0.15987384,19.3381,464.1141,0.15987384,19.3381,19.3381,19.3381,19.3381,19.3381,464.1141,0.15987384,96.6904,89.2585,386.7617,394.1937,0.13322820,0.1357883,0.00666141,7.0461,12.6899,2.2912,48.3452,8.0575,290.3002,21.1000,7.0461,,1.022,1.022,4.0878,20.439,40.8781,69.317,1.022,-1.022,39.999997,67.8281,6.89477,18,58,13,7,1.00000000,0.16653525,0.16653525,0E-8,0.000000,0.922342,0.000000,,2026-07-15,2026-08-03,10,60,50,20,0.500000,,1.000000,3.333333,,,,,,,,GLOBAL_BASELINE_NO_ENTITY_RANKING,,,NOT_APPLICABLE_GLOBAL_BASELINE,HF9g-P5,,,,X 全窗基线 · 不参与实体赏罚,8398610,840,A168_HF9F_20260827_0900,2026-08-27 09:00:00
2026-07-19,153036802,2251,0,4.0878060745,-4.0878060745,-4.0878060745,0E-7,1,1,0.49324550000000000,0.493245500000,-0.9865810262130424,-0.9865810262130424,-0.9865810262130424,0E-17,ELIGIBLE,R03b_20260811_FULL_v1,L1_ELIGIBILITY,v2026-08-11,2026-03-21..2026-08-06,baccarat_bet02_101_all_pairs_incl_sentinel,round_win = game_pnl > 0 (decisive only),COMPATIBILITY_ONLY_NOT_PRODUCTION,2903.0018,2677.5593,483.4521,412,211,-0.16653525,-0.16653525,,-0.16653525,-483.4521,2903.0018,OK,0.0000,19.3381,4.0000,96.0000,AG03-UNRESOLVED,ALL5_LEVELS_bet23_to_bet27,19.3381,19.3381,19.3381,19.3381,19.3381,4.000000,4.000000,4.000000,4.000000,4.000000,96.000000,96.000000,96.000000,96.000000,96.000000,5.0,96.6904,89.2585,386.7617,394.1937,PENDING_AG03,FALSE,NOT_FOR_ENFORCEMENT,464.1141,2570.4569,483.4521,464.1141,19.3381,0.16653525,0.15987384,19.3381,464.1141,0.15987384,19.3381,19.3381,19.3381,19.3381,19.3381,464.1141,0.15987384,96.6904,89.2585,386.7617,394.1937,0.13322820,0.1357883,0.00666141,7.0461,12.6899,2.2912,48.3452,8.0575,290.3002,21.1000,7.0461,,1.022,1.022,4.0878,20.439,40.8781,69.317,1.022,-1.022,39.999997,67.8281,6.89477,18,58,13,7,1.00000000,0.16653525,0.16653525,0E-8,0.000000,0.922342,0.000000,,2026-07-15,2026-08-03,10,60,50,20,0.500000,,1.000000,3.333333,,,,,,,,GLOBAL_BASELINE_NO_ENTITY_RANKING,,,NOT_APPLICABLE_GLOBAL_BASELINE,HF9g-P5,,,,X 全窗基线 · 不参与实体赏罚,8398611,840,A168_HF9F_20260827_0900,2026-08-27 09:00:00
2026-07-19,153036802,2267,0,16.3512242979,-16.3512242979,-16.3512242979,0E-7,1,1,0.50665070000000000,0.506650700000,-1.013391052207602,-1.013391052207602,-1.013391052207602,0E-17,ELIGIBLE,R03b_20260811_FULL_v1,L1_ELIGIBILITY,v2026-08-11,2026-03-21..2026-08-06,baccarat_bet02_101_all_pairs_incl_sentinel,round_win = game_pnl > 0 (decisive only),COMPATIBILITY_ONLY_NOT_PRODUCTION,2903.0018,2677.5593,483.4521,412,211,-0.16653525,-0.16653525,,-0.16653525,-483.4521,2903.0018,OK,0.0000,19.3381,4.0000,96.0000,AG03-UNRESOLVED,ALL5_LEVELS_bet23_to_bet27,19.3381,19.3381,19.3381,19.3381,19.3381,4.000000,4.000000,4.000000,4.000000,4.000000,96.000000,96.000000,96.000000,96.000000,96.000000,5.0,96.6904,89.2585,386.7617,394.1937,PENDING_AG03,FALSE,NOT_FOR_ENFORCEMENT,464.1141,2570.4569,483.4521,464.1141,19.3381,0.16653525,0.15987384,19.3381,464.1141,0.15987384,19.3381,19.3381,19.3381,19.3381,19.3381,464.1141,0.15987384,96.6904,89.2585,386.7617,394.1937,0.13322820,0.1357883,0.00666141,7.0461,12.6899,2.2912,48.3452,8.0575,290.3002,21.1000,7.0461,,1.022,1.022,4.0878,20.439,40.8781,69.317,1.022,-1.022,39.999997,67.8281,6.89477,18,58,13,7,1.00000000,0.16653525,0.16653525,0E-8,0.000000,0.922342,0.000000,,2026-07-15,2026-08-03,10,60,50,20,0.500000,,1.000000,3.333333,,,,,,,,GLOBAL_BASELINE_NO_ENTITY_RANKING,,,NOT_APPLICABLE_GLOBAL_BASELINE,HF9g-P5,,,,X 全窗基线 · 不参与实体赏罚,8398612,840,A168_HF9F_20260827_0900,2026-08-27 09:00:00
2026-07-20,153036802,2201,0,8.1756121490,-8.1756121490,-8.1756121490,0E-7,1,1,0.49324550000000000,0.493245500000,-0.9865810262130424,-0.9865810262130424,-0.9865810262130424,0E-17,ELIGIBLE,R03b_20260811_FULL_v1,L1_ELIGIBILITY,v2026-08-11,2026-03-21..2026-08-06,baccarat_bet02_101_all_pairs_incl_sentinel,round_win = game_pnl > 0 (decisive only),COMPATIBILITY_ONLY_NOT_PRODUCTION,2903.0018,2677.5593,483.4521,412,211,-0.16653525,-0.16653525,,-0.16653525,-483.4521,2903.0018,OK,0.0000,19.3381,4.0000,96.0000,AG03-UNRESOLVED,ALL5_LEVELS_bet23_to_bet27,19.3381,19.3381,19.3381,19.3381,19.3381,4.000000,4.000000,4.000000,4.000000,4.000000,96.000000,96.000000,96.000000,96.000000,96.000000,5.0,96.6904,89.2585,386.7617,394.1937,PENDING_AG03,FALSE,NOT_FOR_ENFORCEMENT,464.1141,2570.4569,483.4521,464.1141,19.3381,0.16653525,0.15987384,19.3381,464.1141,0.15987384,19.3381,19.3381,19.3381,19.3381,19.3381,464.1141,0.15987384,96.6904,89.2585,386.7617,394.1937,0.13322820,0.1357883,0.00666141,7.0461,12.6899,2.2912,48.3452,8.0575,290.3002,21.1000,7.0461,,1.022,1.022,4.0878,20.439,40.8781,69.317,1.022,-1.022,39.999997,67.8281,6.89477,18,58,13,7,1.00000000,0.16653525,0.16653525,0E-8,0.000000,0.922342,0.000000,,2026-07-15,2026-08-03,10,60,50,20,0.500000,,1.000000,3.333333,,,,,,,,GLOBAL_BASELINE_NO_ENTITY_RANKING,,,NOT_APPLICABLE_GLOBAL_BASELINE,HF9g-P5,,,,X 全窗基线 · 不参与实体赏罚,8398613,840,A168_HF9F_20260827_0900,2026-08-27 09:00:00
2026-07-20,153036802,2239,0,4.0878060745,4.0878060745,4.0878060745,1.0000000,1,1,0.49324550000000000,0.493245500000,1.01360149184955,1.01360149184955,1.01360149184955,0E-17,ELIGIBLE,R03b_20260811_FULL_v1,L1_ELIGIBILITY,v2026-08-11,2026-03-21..2026-08-06,baccarat_bet02_101_all_pairs_incl_sentinel,round_win = game_pnl > 0 (decisive only),COMPATIBILITY_ONLY_NOT_PRODUCTION,2903.0018,2677.5593,483.4521,412,211,-0.16653525,-0.16653525,,-0.16653525,-483.4521,2903.0018,OK,0.0000,19.3381,4.0000,96.0000,AG03-UNRESOLVED,ALL5_LEVELS_bet23_to_bet27,19.3381,19.3381,19.3381,19.3381,19.3381,4.000000,4.000000,4.000000,4.000000,4.000000,96.000000,96.000000,96.000000,96.000000,96.000000,5.0,96.6904,89.2585,386.7617,394.1937,PENDING_AG03,FALSE,NOT_FOR_ENFORCEMENT,464.1141,2570.4569,483.4521,464.1141,19.3381,0.16653525,0.15987384,19.3381,464.1141,0.15987384,19.3381,19.3381,19.3381,19.3381,19.3381,464.1141,0.15987384,96.6904,89.2585,386.7617,394.1937,0.13322820,0.1357883,0.00666141,7.0461,12.6899,2.2912,48.3452,8.0575,290.3002,21.1000,7.0461,,1.022,1.022,4.0878,20.439,40.8781,69.317,1.022,-1.022,39.999997,67.8281,6.89477,18,58,13,7,1.00000000,0.16653525,0.16653525,0E-8,0.000000,0.922342,0.000000,,2026-07-15,2026-08-03,10,60,50,20,0.500000,,1.000000,3.333333,,,,,,,,GLOBAL_BASELINE_NO_ENTITY_RANKING,,,NOT_APPLICABLE_GLOBAL_BASELINE,HF9g-P5,,,,X 全窗基线 · 不参与实体赏罚,8398614,840,A168_HF9F_20260827_0900,2026-08-27 09:00:00
2026-07-21,153036802,2229,0,2.0439030372,-2.0439030372,-2.0439030372,0E-7,1,1,0.50665070000000000,0.506650700000,-1.013391052207602,-1.013391052207602,-1.013391052207602,0E-17,ELIGIBLE,R03b_20260811_FULL_v1,L1_ELIGIBILITY,v2026-08-11,2026-03-21..2026-08-06,baccarat_bet02_101_all_pairs_incl_sentinel,round_win = game_pnl > 0 (decisive only),COMPATIBILITY_ONLY_NOT_PRODUCTION,2903.0018,2677.5593,483.4521,412,211,-0.16653525,-0.16653525,,-0.16653525,-483.4521,2903.0018,OK,0.0000,19.3381,4.0000,96.0000,AG03-UNRESOLVED,ALL5_LEVELS_bet23_to_bet27,19.3381,19.3381,19.3381,19.3381,19.3381,4.000000,4.000000,4.000000,4.000000,4.000000,96.000000,96.000000,96.000000,96.000000,96.000000,5.0,96.6904,89.2585,386.7617,394.1937,PENDING_AG03,FALSE,NOT_FOR_ENFORCEMENT,464.1141,2570.4569,483.4521,464.1141,19.3381,0.16653525,0.15987384,19.3381,464.1141,0.15987384,19.3381,19.3381,19.3381,19.3381,19.3381,464.1141,0.15987384,96.6904,89.2585,386.7617,394.1937,0.13322820,0.1357883,0.00666141,7.0461,12.6899,2.2912,48.3452,8.0575,290.3002,21.1000,7.0461,,1.022,1.022,4.0878,20.439,40.8781,69.317,1.022,-1.022,39.999997,67.8281,6.89477,18,58,13,7,1.00000000,0.16653525,0.16653525,0E-8,0.000000,0.922342,0.000000,,2026-07-15,2026-08-03,10,60,50,20,0.500000,,1.000000,3.333333,,,,,,,,GLOBAL_BASELINE_NO_ENTITY_RANKING,,,NOT_APPLICABLE_GLOBAL_BASELINE,HF9g-P5,,,,X 全窗基线 · 不参与实体赏罚,8398615,840,A168_HF9F_20260827_0900,2026-08-27 09:00:00
2026-07-25,153036802,1384,0,10.0151248825,-2.0439030372,-2.0439030372,0.3333333,4,3,0.35819818333333333,0.358198183333,-0.08982232875950215,-0.08982232875831649,-0.08982232875950215,3.3333E-13,ELIGIBLE,R03b_20260811_FULL_v1,L1_ELIGIBILITY,v2026-08-11,2026-03-21..2026-08-06,baccarat_bet02_101_all_pairs_incl_sentinel,round_win = game_pnl > 0 (decisive only),COMPATIBILITY_ONLY_NOT_PRODUCTION,2903.0018,2677.5593,483.4521,412,211,-0.16653525,-0.16653525,,-0.16653525,-483.4521,2903.0018,OK,0.0000,19.3381,4.0000,96.0000,AG03-UNRESOLVED,ALL5_LEVELS_bet23_to_bet27,19.3381,19.3381,19.3381,19.3381,19.3381,4.000000,4.000000,4.000000,4.000000,4.000000,96.000000,96.000000,96.000000,96.000000,96.000000,5.0,96.6904,89.2585,386.7617,394.1937,PENDING_AG03,FALSE,NOT_FOR_ENFORCEMENT,464.1141,2570.4569,483.4521,464.1141,19.3381,0.16653525,0.15987384,19.3381,464.1141,0.15987384,19.3381,19.3381,19.3381,19.3381,19.3381,464.1141,0.15987384,96.6904,89.2585,386.7617,394.1937,0.13322820,0.1357883,0.00666141,7.0461,12.6899,2.2912,48.3452,8.0575,290.3002,21.1000,7.0461,,1.022,1.022,4.0878,20.439,40.8781,69.317,1.022,-1.022,39.999997,67.8281,6.89477,18,58,13,7,1.00000000,0.16653525,0.16653525,0E-8,0.000000,0.922342,0.000000,,2026-07-15,2026-08-03,10,60,50,20,0.500000,,1.000000,3.333333,,,,,,,,GLOBAL_BASELINE_NO_ENTITY_RANKING,,,NOT_APPLICABLE_GLOBAL_BASELINE,HF9g-P5,,,,X 全窗基线 · 不参与实体赏罚,8398616,840,A168_HF9F_20260827_0900,2026-08-27 09:00:00
2026-07-25,153036802,1710,0,14.3073212607,-14.3073212607,-14.3073212607,0E-7,2,2,0.49994810000000000,0.499948100000,-1.4140667746232096,-1.4140667746232096,-1.4140667746232096,0E-17,ELIGIBLE,R03b_20260811_FULL_v1,L1_ELIGIBILITY,v2026-08-11,2026-03-21..2026-08-06,baccarat_bet02_101_all_pairs_incl_sentinel,round_win = game_pnl > 0 (decisive only),COMPATIBILITY_ONLY_NOT_PRODUCTION,2903.0018,2677.5593,483.4521,412,211,-0.16653525,-0.16653525,,-0.16653525,-483.4521,2903.0018,OK,0.0000,19.3381,4.0000,96.0000,AG03-UNRESOLVED,ALL5_LEVELS_bet23_to_bet27,19.3381,19.3381,19.3381,19.3381,19.3381,4.000000,4.000000,4.000000,4.000000,4.000000,96.000000,96.000000,96.000000,96.000000,96.000000,5.0,96.6904,89.2585,386.7617,394.1937,PENDING_AG03,FALSE,NOT_FOR_ENFORCEMENT,464.1141,2570.4569,483.4521,464.1141,19.3381,0.16653525,0.15987384,19.3381,464.1141,0.15987384,19.3381,19.3381,19.3381,19.3381,19.3381,464.1141,0.15987384,96.6904,89.2585,386.7617,394.1937,0.13322820,0.1357883,0.00666141,7.0461,12.6899,2.2912,48.3452,8.0575,290.3002,21.1000,7.0461,,1.022,1.022,4.0878,20.439,40.8781,69.317,1.022,-1.022,39.999997,67.8281,6.89477,18,58,13,7,1.00000000,0.16653525,0.16653525,0E-8,0.000000,0.922342,0.000000,,2026-07-15,2026-08-03,10,60,50,20,0.500000,,1.000000,3.333333,,,,,,,,GLOBAL_BASELINE_NO_ENTITY_RANKING,,,NOT_APPLICABLE_GLOBAL_BASELINE,HF9g-P5,,,,X 全窗基线 · 不参与实体赏罚,8398617,840,A168_HF9F_20260827_0900,2026-08-27 09:00:00
2026-07-25,153036802,1947,0,40.8780607448,-40.8780607448,-40.8780607448,0E-7,1,1,0.50665070000000000,0.506650700000,-1.013391052207602,-1.013391052207602,-1.013391052207602,0E-17,ELIGIBLE,R03b_20260811_FULL_v1,L1_ELIGIBILITY,v2026-08-11,2026-03-21..2026-08-06,baccarat_bet02_101_all_pairs_incl_sentinel,round_win = game_pnl > 0 (decisive only),COMPATIBILITY_ONLY_NOT_PRODUCTION,2903.0018,2677.5593,483.4521,412,211,-0.16653525,-0.16653525,,-0.16653525,-483.4521,2903.0018,OK,0.0000,19.3381,4.0000,96.0000,AG03-UNRESOLVED,ALL5_LEVELS_bet23_to_bet27,19.3381,19.3381,19.3381,19.3381,19.3381,4.000000,4.000000,4.000000,4.000000,4.000000,96.000000,96.000000,96.000000,96.000000,96.000000,5.0,96.6904,89.2585,386.7617,394.1937,PENDING_AG03,FALSE,NOT_FOR_ENFORCEMENT,464.1141,2570.4569,483.4521,464.1141,19.3381,0.16653525,0.15987384,19.3381,464.1141,0.15987384,19.3381,19.3381,19.3381,19.3381,19.3381,464.1141,0.15987384,96.6904,89.2585,386.7617,394.1937,0.13322820,0.1357883,0.00666141,7.0461,12.6899,2.2912,48.3452,8.0575,290.3002,21.1000,7.0461,,1.022,1.022,4.0878,20.439,40.8781,69.317,1.022,-1.022,39.999997,67.8281,6.89477,18,58,13,7,1.00000000,0.16653525,0.16653525,0E-8,0.000000,0.922342,0.000000,,2026-07-15,2026-08-03,10,60,50,20,0.500000,,1.000000,3.333333,,,,,,,,GLOBAL_BASELINE_NO_ENTITY_RANKING,,,NOT_APPLICABLE_GLOBAL_BASELINE,HF9g-P5,,,,X 全窗基线 · 不参与实体赏罚,8398618,840,A168_HF9F_20260827_0900,2026-08-27 09:00:00
2026-07-25,153036802,2234,0,75.6244123778,-48.4098434370,-48.4098434370,0.2000000,9,6,0.43183078333333333,0.431830783333,-1.0465511416397122,-1.0465511416383044,-1.0465511416397122,3.3333E-13,ELIGIBLE,R03b_20260811_FULL_v1,L1_ELIGIBILITY,v2026-08-11,2026-03-21..2026-08-06,baccarat_bet02_101_all_pairs_incl_sentinel,round_win = game_pnl > 0 (decisive only),COMPATIBILITY_ONLY_NOT_PRODUCTION,2903.0018,2677.5593,483.4521,412,211,-0.16653525,-0.16653525,,-0.16653525,-483.4521,2903.0018,OK,0.0000,19.3381,4.0000,96.0000,AG03-UNRESOLVED,ALL5_LEVELS_bet23_to_bet27,19.3381,19.3381,19.3381,19.3381,19.3381,4.000000,4.000000,4.000000,4.000000,4.000000,96.000000,96.000000,96.000000,96.000000,96.000000,5.0,96.6904,89.2585,386.7617,394.1937,PENDING_AG03,FALSE,NOT_FOR_ENFORCEMENT,464.1141,2570.4569,483.4521,464.1141,19.3381,0.16653525,0.15987384,19.3381,464.1141,0.15987384,19.3381,19.3381,19.3381,19.3381,19.3381,464.1141,0.15987384,96.6904,89.2585,386.7617,394.1937,0.13322820,0.1357883,0.00666141,7.0461,12.6899,2.2912,48.3452,8.0575,290.3002,21.1000,7.0461,,1.022,1.022,4.0878,20.439,40.8781,69.317,1.022,-1.022,39.999997,67.8281,6.89477,18,58,13,7,1.00000000,0.16653525,0.16653525,0E-8,0.000000,0.922342,0.000000,,2026-07-15,2026-08-03,10,60,50,20,0.500000,,1.000000,3.333333,,,,,,,,GLOBAL_BASELINE_NO_ENTITY_RANKING,,,NOT_APPLICABLE_GLOBAL_BASELINE,HF9g-P5,,,,X 全窗基线 · 不参与实体赏罚,8398619,840,A168_HF9F_20260827_0900,2026-08-27 09:00:00
2026-07-25,153036802,2241,0,41.9000122633,-2.0439030371,-2.0439030371,0.2000000,11,5,0.33244498000000000,0.332444980000,-0.6286618141943321,-0.6286618141943319,-0.6286618141943321,0E-17,ELIGIBLE,R03b_20260811_FULL_v1,L1_ELIGIBILITY,v2026-08-11,2026-03-21..2026-08-06,baccarat_bet02_101_all_pairs_incl_sentinel,round_win = game_pnl > 0 (decisive only),COMPATIBILITY_ONLY_NOT_PRODUCTION,2903.0018,2677.5593,483.4521,412,211,-0.16653525,-0.16653525,,-0.16653525,-483.4521,2903.0018,OK,0.0000,19.3381,4.0000,96.0000,AG03-UNRESOLVED,ALL5_LEVELS_bet23_to_bet27,19.3381,19.3381,19.3381,19.3381,19.3381,4.000000,4.000000,4.000000,4.000000,4.000000,96.000000,96.000000,96.000000,96.000000,96.000000,5.0,96.6904,89.2585,386.7617,394.1937,PENDING_AG03,FALSE,NOT_FOR_ENFORCEMENT,464.1141,2570.4569,483.4521,464.1141,19.3381,0.16653525,0.15987384,19.3381,464.1141,0.15987384,19.3381,19.3381,19.3381,19.3381,19.3381,464.1141,0.15987384,96.6904,89.2585,386.7617,394.1937,0.13322820,0.1357883,0.00666141,7.0461,12.6899,2.2912,48.3452,8.0575,290.3002,21.1000,7.0461,,1.022,1.022,4.0878,20.439,40.8781,69.317,1.022,-1.022,39.999997,67.8281,6.89477,18,58,13,7,1.00000000,0.16653525,0.16653525,0E-8,0.000000,0.922342,0.000000,,2026-07-15,2026-08-03,10,60,50,20,0.500000,,1.000000,3.333333,,,,,,,,GLOBAL_BASELINE_NO_ENTITY_RANKING,,,NOT_APPLICABLE_GLOBAL_BASELINE,HF9g-P5,,,,X 全窗基线 · 不参与实体赏罚,8398620,840,A168_HF9F_20260827_0900,2026-08-27 09:00:00
2026-07-25,153036802,2256,0,61.1127008131,28.1036667624,28.1036667624,0.5714286,24,7,0.17921741517031448,0.155262825238,2.7056074844275844,3.0403305661438242,2.7056074844275844,0.02395458993231448,ELIGIBLE,R03b_20260811_FULL_v1,L1_ELIGIBILITY,v2026-08-11,2026-03-21..2026-08-06,baccarat_bet02_101_all_pairs_incl_sentinel,round_win = game_pnl > 0 (decisive only),COMPATIBILITY_ONLY_NOT_PRODUCTION,2903.0018,2677.5593,483.4521,412,211,-0.16653525,-0.16653525,,-0.16653525,-483.4521,2903.0018,OK,0.0000,19.3381,4.0000,96.0000,AG03-UNRESOLVED,ALL5_LEVELS_bet23_to_bet27,19.3381,19.3381,19.3381,19.3381,19.3381,4.000000,4.000000,4.000000,4.000000,4.000000,96.000000,96.000000,96.000000,96.000000,96.000000,5.0,96.6904,89.2585,386.7617,394.1937,PENDING_AG03,FALSE,NOT_FOR_ENFORCEMENT,464.1141,2570.4569,483.4521,464.1141,19.3381,0.16653525,0.15987384,19.3381,464.1141,0.15987384,19.3381,19.3381,19.3381,19.3381,19.3381,464.1141,0.15987384,96.6904,89.2585,386.7617,394.1937,0.13322820,0.1357883,0.00666141,7.0461,12.6899,2.2912,48.3452,8.0575,290.3002,21.1000,7.0461,,1.022,1.022,4.0878,20.439,40.8781,69.317,1.022,-1.022,39.999997,67.8281,6.89477,18,58,13,7,1.00000000,0.16653525,0.16653525,0E-8,0.000000,0.922342,0.000000,,2026-07-15,2026-08-03,10,60,50,20,0.500000,,1.000000,3.333333,,,,,,,,GLOBAL_BASELINE_NO_ENTITY_RANKING,,,NOT_APPLICABLE_GLOBAL_BASELINE,HF9g-P5,,,,X 全窗基线 · 不参与实体赏罚,8398621,840,A168_HF9F_20260827_0900,2026-08-27 09:00:00
2026-07-25,153036802,526,0,36.3814740629,16.3512242980,16.3512242980,0.5000000,8,5,0.41418576000000000,0.414185760000,0.3484270086186036,0.3484270086186036,0.3484270086186036,0E-17,ELIGIBLE,R03b_20260811_FULL_v1,L1_ELIGIBILITY,v2026-08-11,2026-03-21..2026-08-06,baccarat_bet02_101_all_pairs_incl_sentinel,round_win = game_pnl > 0 (decisive only),COMPATIBILITY_ONLY_NOT_PRODUCTION,2903.0018,2677.5593,483.4521,412,211,-0.16653525,-0.16653525,,-0.16653525,-483.4521,2903.0018,OK,0.0000,19.3381,4.0000,96.0000,AG03-UNRESOLVED,ALL5_LEVELS_bet23_to_bet27,19.3381,19.3381,19.3381,19.3381,19.3381,4.000000,4.000000,4.000000,4.000000,4.000000,96.000000,96.000000,96.000000,96.000000,96.000000,5.0,96.6904,89.2585,386.7617,394.1937,PENDING_AG03,FALSE,NOT_FOR_ENFORCEMENT,464.1141,2570.4569,483.4521,464.1141,19.3381,0.16653525,0.15987384,19.3381,464.1141,0.15987384,19.3381,19.3381,19.3381,19.3381,19.3381,464.1141,0.15987384,96.6904,89.2585,386.7617,394.1937,0.13322820,0.1357883,0.00666141,7.0461,12.6899,2.2912,48.3452,8.0575,290.3002,21.1000,7.0461,,1.022,1.022,4.0878,20.439,40.8781,69.317,1.022,-1.022,39.999997,67.8281,6.89477,18,58,13,7,1.00000000,0.16653525,0.16653525,0E-8,0.000000,0.922342,0.000000,,2026-07-15,2026-08-03,10,60,50,20,0.500000,,1.000000,3.333333,,,,,,,,GLOBAL_BASELINE_NO_ENTITY_RANKING,,,NOT_APPLICABLE_GLOBAL_BASELINE,HF9g-P5,,,,X 全窗基线 · 不参与实体赏罚,8398622,840,A168_HF9F_20260827_0900,2026-08-27 09:00:00
2026-07-25,153036802,529,0,18.3951273351,-18.3951273351,-18.3951273351,0E-7,6,4,0.45836657083390216,0.423487641667,-1.8398555768838571,-1.71413907677488,-1.8398555768838571,0.03487892916690216,ELIGIBLE,R03b_20260811_FULL_v1,L1_ELIGIBILITY,v2026-08-11,2026-03-21..2026-08-06,baccarat_bet02_101_all_pairs_incl_sentinel,round_win = game_pnl > 0 (decisive only),COMPATIBILITY_ONLY_NOT_PRODUCTION,2903.0018,2677.5593,483.4521,412,211,-0.16653525,-0.16653525,,-0.16653525,-483.4521,2903.0018,OK,0.0000,19.3381,4.0000,96.0000,AG03-UNRESOLVED,ALL5_LEVELS_bet23_to_bet27,19.3381,19.3381,19.3381,19.3381,19.3381,4.000000,4.000000,4.000000,4.000000,4.000000,96.000000,96.000000,96.000000,96.000000,96.000000,5.0,96.6904,89.2585,386.7617,394.1937,PENDING_AG03,FALSE,NOT_FOR_ENFORCEMENT,464.1141,2570.4569,483.4521,464.1141,19.3381,0.16653525,0.15987384,19.3381,464.1141,0.15987384,19.3381,19.3381,19.3381,19.3381,19.3381,464.1141,0.15987384,96.6904,89.2585,386.7617,394.1937,0.13322820,0.1357883,0.00666141,7.0461,12.6899,2.2912,48.3452,8.0575,290.3002,21.1000,7.0461,,1.022,1.022,4.0878,20.439,40.8781,69.317,1.022,-1.022,39.999997,67.8281,6.89477,18,58,13,7,1.00000000,0.16653525,0.16653525,0E-8,0.000000,0.922342,0.000000,,2026-07-15,2026-08-03,10,60,50,20,0.500000,,1.000000,3.333333,,,,,,,,GLOBAL_BASELINE_NO_ENTITY_RANKING,,,NOT_APPLICABLE_GLOBAL_BASELINE,HF9g-P5,,,,X 全窗基线 · 不参与实体赏罚,8398623,840,A168_HF9F_20260827_0900,2026-08-27 09:00:00
2026-07-26,153036802,1402,0,27.5926910026,-27.5926910026,-27.5926910026,0E-7,10,4,0.17227229868433334,0.121597837500,-0.9124182746325633,-0.7441255615091877,-0.9124182746325633,0.05067446118433334,ELIGIBLE,R03b_20260811_FULL_v1,L1_ELIGIBILITY,v2026-08-11,2026-03-21..2026-08-06,baccarat_bet02_101_all_pairs_incl_sentinel,round_win = game_pnl > 0 (decisive only),COMPATIBILITY_ONLY_NOT_PRODUCTION,2903.0018,2677.5593,483.4521,412,211,-0.16653525,-0.16653525,,-0.16653525,-483.4521,2903.0018,OK,0.0000,19.3381,4.0000,96.0000,AG03-UNRESOLVED,ALL5_LEVELS_bet23_to_bet27,19.3381,19.3381,19.3381,19.3381,19.3381,4.000000,4.000000,4.000000,4.000000,4.000000,96.000000,96.000000,96.000000,96.000000,96.000000,5.0,96.6904,89.2585,386.7617,394.1937,PENDING_AG03,FALSE,NOT_FOR_ENFORCEMENT,464.1141,2570.4569,483.4521,464.1141,19.3381,0.16653525,0.15987384,19.3381,464.1141,0.15987384,19.3381,19.3381,19.3381,19.3381,19.3381,464.1141,0.15987384,96.6904,89.2585,386.7617,394.1937,0.13322820,0.1357883,0.00666141,7.0461,12.6899,2.2912,48.3452,8.0575,290.3002,21.1000,7.0461,,1.022,1.022,4.0878,20.439,40.8781,69.317,1.022,-1.022,39.999997,67.8281,6.89477,18,58,13,7,1.00000000,0.16653525,0.16653525,0E-8,0.000000,0.922342,0.000000,,2026-07-15,2026-08-03,10,60,50,20,0.500000,,1.000000,3.333333,,,,,,,,GLOBAL_BASELINE_NO_ENTITY_RANKING,,,NOT_APPLICABLE_GLOBAL_BASELINE,HF9g-P5,,,,X 全窗基线 · 不参与实体赏罚,8398624,840,A168_HF9F_20260827_0900,2026-08-27 09:00:00
2026-07-26,153036802,2142,0,18.3951273352,17.4753709684,17.4753709684,1.0000000,1,1,0.50665070000000000,0.506650700000,0.9867858985152569,0.9867858985152569,0.9867858985152569,0E-17,ELIGIBLE,R03b_20260811_FULL_v1,L1_ELIGIBILITY,v2026-08-11,2026-03-21..2026-08-06,baccarat_bet02_101_all_pairs_incl_sentinel,round_win = game_pnl > 0 (decisive only),COMPATIBILITY_ONLY_NOT_PRODUCTION,2903.0018,2677.5593,483.4521,412,211,-0.16653525,-0.16653525,,-0.16653525,-483.4521,2903.0018,OK,0.0000,19.3381,4.0000,96.0000,AG03-UNRESOLVED,ALL5_LEVELS_bet23_to_bet27,19.3381,19.3381,19.3381,19.3381,19.3381,4.000000,4.000000,4.000000,4.000000,4.000000,96.000000,96.000000,96.000000,96.000000,96.000000,5.0,96.6904,89.2585,386.7617,394.1937,PENDING_AG03,FALSE,NOT_FOR_ENFORCEMENT,464.1141,2570.4569,483.4521,464.1141,19.3381,0.16653525,0.15987384,19.3381,464.1141,0.15987384,19.3381,19.3381,19.3381,19.3381,19.3381,464.1141,0.15987384,96.6904,89.2585,386.7617,394.1937,0.13322820,0.1357883,0.00666141,7.0461,12.6899,2.2912,48.3452,8.0575,290.3002,21.1000,7.0461,,1.022,1.022,4.0878,20.439,40.8781,69.317,1.022,-1.022,39.999997,67.8281,6.89477,18,58,13,7,1.00000000,0.16653525,0.16653525,0E-8,0.000000,0.922342,0.000000,,2026-07-15,2026-08-03,10,60,50,20,0.500000,,1.000000,3.333333,,,,,,,,GLOBAL_BASELINE_NO_ENTITY_RANKING,,,NOT_APPLICABLE_GLOBAL_BASELINE,HF9g-P5,,,,X 全窗基线 · 不参与实体赏罚,8398625,840,A168_HF9F_20260827_0900,2026-08-27 09:00:00
2026-07-26,153036802,2209,0,10.2195151860,-1.0219515184,-1.0219515184,0.5000000,10,2,0.07582968000000000,0.075829680000,2.265998690618037,2.265998690618037,2.265998690618037,0E-17,ELIGIBLE,R03b_20260811_FULL_v1,L1_ELIGIBILITY,v2026-08-11,2026-03-21..2026-08-06,baccarat_bet02_101_all_pairs_incl_sentinel,round_win = game_pnl > 0 (decisive only),COMPATIBILITY_ONLY_NOT_PRODUCTION,2903.0018,2677.5593,483.4521,412,211,-0.16653525,-0.16653525,,-0.16653525,-483.4521,2903.0018,OK,0.0000,19.3381,4.0000,96.0000,AG03-UNRESOLVED,ALL5_LEVELS_bet23_to_bet27,19.3381,19.3381,19.3381,19.3381,19.3381,4.000000,4.000000,4.000000,4.000000,4.000000,96.000000,96.000000,96.000000,96.000000,96.000000,5.0,96.6904,89.2585,386.7617,394.1937,PENDING_AG03,FALSE,NOT_FOR_ENFORCEMENT,464.1141,2570.4569,483.4521,464.1141,19.3381,0.16653525,0.15987384,19.3381,464.1141,0.15987384,19.3381,19.3381,19.3381,19.3381,19.3381,464.1141,0.15987384,96.6904,89.2585,386.7617,394.1937,0.13322820,0.1357883,0.00666141,7.0461,12.6899,2.2912,48.3452,8.0575,290.3002,21.1000,7.0461,,1.022,1.022,4.0878,20.439,40.8781,69.317,1.022,-1.022,39.999997,67.8281,6.89477,18,58,13,7,1.00000000,0.16653525,0.16653525,0E-8,0.000000,0.922342,0.000000,,2026-07-15,2026-08-03,10,60,50,20,0.500000,,1.000000,3.333333,,,,,,,,GLOBAL_BASELINE_NO_ENTITY_RANKING,,,NOT_APPLICABLE_GLOBAL_BASELINE,HF9g-P5,,,,X 全窗基线 · 不参与实体赏罚,8398626,840,A168_HF9F_20260827_0900,2026-08-27 09:00:00
2026-07-26,153036802,2271,0,65.8136777989,-28.7474962185,-28.7474962185,0.2500000,17,8,0.28312063469837471,0.259684981250,-0.20793846929273754,-0.06247583671695451,-0.20793846929273754,0.02343565344837471,ELIGIBLE,R03b_20260811_FULL_v1,L1_ELIGIBILITY,v2026-08-11,2026-03-21..2026-08-06,baccarat_bet02_101_all_pairs_incl_sentinel,round_win = game_pnl > 0 (decisive only),COMPATIBILITY_ONLY_NOT_PRODUCTION,2903.0018,2677.5593,483.4521,412,211,-0.16653525,-0.16653525,,-0.16653525,-483.4521,2903.0018,OK,0.0000,19.3381,4.0000,96.0000,AG03-UNRESOLVED,ALL5_LEVELS_bet23_to_bet27,19.3381,19.3381,19.3381,19.3381,19.3381,4.000000,4.000000,4.000000,4.000000,4.000000,96.000000,96.000000,96.000000,96.000000,96.000000,5.0,96.6904,89.2585,386.7617,394.1937,PENDING_AG03,FALSE,NOT_FOR_ENFORCEMENT,464.1141,2570.4569,483.4521,464.1141,19.3381,0.16653525,0.15987384,19.3381,464.1141,0.15987384,19.3381,19.3381,19.3381,19.3381,19.3381,464.1141,0.15987384,96.6904,89.2585,386.7617,394.1937,0.13322820,0.1357883,0.00666141,7.0461,12.6899,2.2912,48.3452,8.0575,290.3002,21.1000,7.0461,,1.022,1.022,4.0878,20.439,40.8781,69.317,1.022,-1.022,39.999997,67.8281,6.89477,18,58,13,7,1.00000000,0.16653525,0.16653525,0E-8,0.000000,0.922342,0.000000,,2026-07-15,2026-08-03,10,60,50,20,0.500000,,1.000000,3.333333,,,,,,,,GLOBAL_BASELINE_NO_ENTITY_RANKING,,,NOT_APPLICABLE_GLOBAL_BASELINE,HF9g-P5,,,,X 全窗基线 · 不参与实体赏罚,8398627,840,A168_HF9F_20260827_0900,2026-08-27 09:00:00
2026-07-27,153036802,772,0,2.4526836446,-1.2263418223,-1.2263418223,0E-7,2,2,0.49324550000000000,0.493245500000,-0.9865810262130424,-0.9865810262130424,-0.9865810262130424,0E-17,ELIGIBLE,R03b_20260811_FULL_v1,L1_ELIGIBILITY,v2026-08-11,2026-03-21..2026-08-06,baccarat_bet02_101_all_pairs_incl_sentinel,round_win = game_pnl > 0 (decisive only),COMPATIBILITY_ONLY_NOT_PRODUCTION,2903.0018,2677.5593,483.4521,412,211,-0.16653525,-0.16653525,,-0.16653525,-483.4521,2903.0018,OK,0.0000,19.3381,4.0000,96.0000,AG03-UNRESOLVED,ALL5_LEVELS_bet23_to_bet27,19.3381,19.3381,19.3381,19.3381,19.3381,4.000000,4.000000,4.000000,4.000000,4.000000,96.000000,96.000000,96.000000,96.000000,96.000000,5.0,96.6904,89.2585,386.7617,394.1937,PENDING_AG03,FALSE,NOT_FOR_ENFORCEMENT,464.1141,2570.4569,483.4521,464.1141,19.3381,0.16653525,0.15987384,19.3381,464.1141,0.15987384,19.3381,19.3381,19.3381,19.3381,19.3381,464.1141,0.15987384,96.6904,89.2585,386.7617,394.1937,0.13322820,0.1357883,0.00666141,7.0461,12.6899,2.2912,48.3452,8.0575,290.3002,21.1000,7.0461,,1.022,1.022,4.0878,20.439,40.8781,69.317,1.022,-1.022,39.999997,67.8281,6.89477,18,58,13,7,1.00000000,0.16653525,0.16653525,0E-8,0.000000,0.922342,0.000000,,2026-07-15,2026-08-03,10,60,50,20,0.500000,,1.000000,3.333333,,,,,,,,GLOBAL_BASELINE_NO_ENTITY_RANKING,,,NOT_APPLICABLE_GLOBAL_BASELINE,HF9g-P5,,,,X 全窗基线 · 不参与实体赏罚,8398628,840,A168_HF9F_20260827_0900,2026-08-27 09:00:00
2026-08-03,153036802,2210,0,26.0627121383,-26.0627121383,-26.0627121383,0E-7,3,3,0.50665070000000000,0.506650700000,-1.7552447903592512,-1.7552447903592512,-1.7552447903592512,0E-17,ELIGIBLE,R03b_20260811_FULL_v1,L1_ELIGIBILITY,v2026-08-11,2026-03-21..2026-08-06,baccarat_bet02_101_all_pairs_incl_sentinel,round_win = game_pnl > 0 (decisive only),COMPATIBILITY_ONLY_NOT_PRODUCTION,2903.0018,2677.5593,483.4521,412,211,-0.16653525,-0.16653525,,-0.16653525,-483.4521,2903.0018,OK,0.0000,19.3381,4.0000,96.0000,AG03-UNRESOLVED,ALL5_LEVELS_bet23_to_bet27,19.3381,19.3381,19.3381,19.3381,19.3381,4.000000,4.000000,4.000000,4.000000,4.000000,96.000000,96.000000,96.000000,96.000000,96.000000,5.0,96.6904,89.2585,386.7617,394.1937,PENDING_AG03,FALSE,NOT_FOR_ENFORCEMENT,464.1141,2570.4569,483.4521,464.1141,19.3381,0.16653525,0.15987384,19.3381,464.1141,0.15987384,19.3381,19.3381,19.3381,19.3381,19.3381,464.1141,0.15987384,96.6904,89.2585,386.7617,394.1937,0.13322820,0.1357883,0.00666141,7.0461,12.6899,2.2912,48.3452,8.0575,290.3002,21.1000,7.0461,,1.022,1.022,4.0878,20.439,40.8781,69.317,1.022,-1.022,39.999997,67.8281,6.89477,18,58,13,7,1.00000000,0.16653525,0.16653525,0E-8,0.000000,0.922342,0.000000,,2026-07-15,2026-08-03,10,60,50,20,0.500000,,1.000000,3.333333,,,,,,,,GLOBAL_BASELINE_NO_ENTITY_RANKING,,,NOT_APPLICABLE_GLOBAL_BASELINE,HF9g-P5,,,,X 全窗基线 · 不参与实体赏罚,8398629,840,A168_HF9F_20260827_0900,2026-08-27 09:00:00
2026-08-03,153036802,2248,0,5.0509132051,4.7983675449,4.7983675449,1.0000000,1,1,0.50665070000000000,0.506650700000,0.9867858985152569,0.9867858985152569,0.9867858985152569,0E-17,ELIGIBLE,R03b_20260811_FULL_v1,L1_ELIGIBILITY,v2026-08-11,2026-03-21..2026-08-06,baccarat_bet02_101_all_pairs_incl_sentinel,round_win = game_pnl > 0 (decisive only),COMPATIBILITY_ONLY_NOT_PRODUCTION,2903.0018,2677.5593,483.4521,412,211,-0.16653525,-0.16653525,,-0.16653525,-483.4521,2903.0018,OK,0.0000,19.3381,4.0000,96.0000,AG03-UNRESOLVED,ALL5_LEVELS_bet23_to_bet27,19.3381,19.3381,19.3381,19.3381,19.3381,4.000000,4.000000,4.000000,4.000000,4.000000,96.000000,96.000000,96.000000,96.000000,96.000000,5.0,96.6904,89.2585,386.7617,394.1937,PENDING_AG03,FALSE,NOT_FOR_ENFORCEMENT,464.1141,2570.4569,483.4521,464.1141,19.3381,0.16653525,0.15987384,19.3381,464.1141,0.15987384,19.3381,19.3381,19.3381,19.3381,19.3381,464.1141,0.15987384,96.6904,89.2585,386.7617,394.1937,0.13322820,0.1357883,0.00666141,7.0461,12.6899,2.2912,48.3452,8.0575,290.3002,21.1000,7.0461,,1.022,1.022,4.0878,20.439,40.8781,69.317,1.022,-1.022,39.999997,67.8281,6.89477,18,58,13,7,1.00000000,0.16653525,0.16653525,0E-8,0.000000,0.922342,0.000000,,2026-07-15,2026-08-03,10,60,50,20,0.500000,,1.000000,3.333333,,,,,,,,GLOBAL_BASELINE_NO_ENTITY_RANKING,,,NOT_APPLICABLE_GLOBAL_BASELINE,HF9g-P5,,,,X 全窗基线 · 不参与实体赏罚,8398630,840,A168_HF9F_20260827_0900,2026-08-27 09:00:00
2026-06-01,150863886,-1,1,71.5746421268,-71.5746421268,-71.0020449898,0E-7,1,1,0.50665070000000000,0.506650700000,-1.013391052207602,-1.013391052207602,-1.013391052207602,0E-17,SENTINEL_DEALER,R03b_20260811_FULL_v1,L1_ELIGIBILITY,v2026-08-11,2026-03-21..2026-08-06,baccarat_bet02_101_all_pairs_incl_sentinel,round_win = game_pnl > 0 (decisive only),COMPATIBILITY_ONLY_NOT_PRODUCTION,1008.8616,1008.8616,502.3245,6,6,-0.49791216,,-0.49791216,-0.50591216,-502.3245,1008.8616,THIN_EXPOSURE,8.0709,30.1395,6.0000,94.0000,AG03-UNRESOLVED,ALL5_LEVELS_bet23_to_bet27,30.1395,30.1395,30.1395,30.1395,30.1395,6.000000,6.000000,6.000000,6.000000,6.000000,94.000000,94.000000,94.000000,94.000000,94.000000,5.0,150.6973,133.6665,343.5562,360.5871,PENDING_AG03,FALSE,NOT_FOR_ENFORCEMENT,472.1850,948.3299,494.2536,464.1141,22.0686,0.48991216,0.46003743,30.1395,464.1141,0.46003743,30.1395,30.1395,30.1395,30.1395,30.1395,464.1141,0.46003743,150.6973,133.6665,343.5562,360.5871,0.34053851,0.35741974,0.02187473,168.1436,168.1436,83.7207,502.3245,125.5811,1008.8616,6.0000,,168.1436,85.2079,170.4158,170.4158,323.79,340.8316,340.8316,170.4158,-120.0273,2.0,2.0,0.986667,4,4,1,2,0E-8,0.49791216,,0.00800000,0.800000,1.000000,0.000000,,2026-06-01,2026-06-01,1,4,4,1,1.000000,,,0.000000,,,,,,,,GLOBAL_BASELINE_NO_ENTITY_RANKING,,,NOT_APPLICABLE_GLOBAL_BASELINE,HF9g-P5,,,,X 全窗基线 · 不参与实体赏罚,8398631,840,A168_HF9F_20260827_0900,2026-08-27 09:00:00
2026-06-01,150863886,1353,0,255.6237218814,-89.4683026585,-87.4233128834,0.5000000,2,2,0.49994810000000000,0.499948100000,0.00014679536856514622,0.00014679536856514622,0.00014679536856514622,0E-17,ELIGIBLE,R03b_20260811_FULL_v1,L1_ELIGIBILITY,v2026-08-11,2026-03-21..2026-08-06,baccarat_bet02_101_all_pairs_incl_sentinel,round_win = game_pnl > 0 (decisive only),COMPATIBILITY_ONLY_NOT_PRODUCTION,1008.8616,1008.8616,502.3245,6,6,-0.49791216,,-0.49791216,-0.50591216,-502.3245,1008.8616,THIN_EXPOSURE,8.0709,30.1395,6.0000,94.0000,AG03-UNRESOLVED,ALL5_LEVELS_bet23_to_bet27,30.1395,30.1395,30.1395,30.1395,30.1395,6.000000,6.000000,6.000000,6.000000,6.000000,94.000000,94.000000,94.000000,94.000000,94.000000,5.0,150.6973,133.6665,343.5562,360.5871,PENDING_AG03,FALSE,NOT_FOR_ENFORCEMENT,472.1850,948.3299,494.2536,464.1141,22.0686,0.48991216,0.46003743,30.1395,464.1141,0.46003743,30.1395,30.1395,30.1395,30.1395,30.1395,464.1141,0.46003743,150.6973,133.6665,343.5562,360.5871,0.34053851,0.35741974,0.02187473,168.1436,168.1436,83.7207,502.3245,125.5811,1008.8616,6.0000,,168.1436,85.2079,170.4158,170.4158,323.79,340.8316,340.8316,170.4158,-120.0273,2.0,2.0,0.986667,4,4,1,2,0E-8,0.49791216,,0.00800000,0.800000,1.000000,0.000000,,2026-06-01,2026-06-01,1,4,4,1,1.000000,,,0.000000,,,,,,,,GLOBAL_BASELINE_NO_ENTITY_RANKING,,,NOT_APPLICABLE_GLOBAL_BASELINE,HF9g-P5,,,,X 全窗基线 · 不参与实体赏罚,8398632,840,A168_HF9F_20260827_0900,2026-08-27 09:00:00
2026-06-01,150863886,1396,0,170.4158145876,161.8950238582,163.2583503749,1.0000000,1,1,0.50665070000000000,0.506650700000,0.9867858985152569,0.9867858985152569,0.9867858985152569,0E-17,ELIGIBLE,R03b_20260811_FULL_v1,L1_ELIGIBILITY,v2026-08-11,2026-03-21..2026-08-06,baccarat_bet02_101_all_pairs_incl_sentinel,round_win = game_pnl > 0 (decisive only),COMPATIBILITY_ONLY_NOT_PRODUCTION,1008.8616,1008.8616,502.3245,6,6,-0.49791216,,-0.49791216,-0.50591216,-502.3245,1008.8616,THIN_EXPOSURE,8.0709,30.1395,6.0000,94.0000,AG03-UNRESOLVED,ALL5_LEVELS_bet23_to_bet27,30.1395,30.1395,30.1395,30.1395,30.1395,6.000000,6.000000,6.000000,6.000000,6.000000,94.000000,94.000000,94.000000,94.000000,94.000000,5.0,150.6973,133.6665,343.5562,360.5871,PENDING_AG03,FALSE,NOT_FOR_ENFORCEMENT,472.1850,948.3299,494.2536,464.1141,22.0686,0.48991216,0.46003743,30.1395,464.1141,0.46003743,30.1395,30.1395,30.1395,30.1395,30.1395,464.1141,0.46003743,150.6973,133.6665,343.5562,360.5871,0.34053851,0.35741974,0.02187473,168.1436,168.1436,83.7207,502.3245,125.5811,1008.8616,6.0000,,168.1436,85.2079,170.4158,170.4158,323.79,340.8316,340.8316,170.4158,-120.0273,2.0,2.0,0.986667,4,4,1,2,0E-8,0.49791216,,0.00800000,0.800000,1.000000,0.000000,,2026-06-01,2026-06-01,1,4,4,1,1.000000,,,0.000000,,,,,,,,GLOBAL_BASELINE_NO_ENTITY_RANKING,,,NOT_APPLICABLE_GLOBAL_BASELINE,HF9g-P5,,,,X 全窗基线 · 不参与实体赏罚,8398633,840,A168_HF9F_20260827_0900,2026-08-27 09:00:00
2026-06-01,150863886,2223,0,511.2474437628,-511.2474437628,-507.1574642127,0E-7,2,2,0.50665070000000000,0.506650700000,-1.4331513700195317,-1.4331513700195317,-1.4331513700195317,0E-17,ELIGIBLE,R03b_20260811_FULL_v1,L1_ELIGIBILITY,v2026-08-11,2026-03-21..2026-08-06,baccarat_bet02_101_all_pairs_incl_sentinel,round_win = game_pnl > 0 (decisive only),COMPATIBILITY_ONLY_NOT_PRODUCTION,1008.8616,1008.8616,502.3245,6,6,-0.49791216,,-0.49791216,-0.50591216,-502.3245,1008.8616,THIN_EXPOSURE,8.0709,30.1395,6.0000,94.0000,AG03-UNRESOLVED,ALL5_LEVELS_bet23_to_bet27,30.1395,30.1395,30.1395,30.1395,30.1395,6.000000,6.000000,6.000000,6.000000,6.000000,94.000000,94.000000,94.000000,94.000000,94.000000,5.0,150.6973,133.6665,343.5562,360.5871,PENDING_AG03,FALSE,NOT_FOR_ENFORCEMENT,472.1850,948.3299,494.2536,464.1141,22.0686,0.48991216,0.46003743,30.1395,464.1141,0.46003743,30.1395,30.1395,30.1395,30.1395,30.1395,464.1141,0.46003743,150.6973,133.6665,343.5562,360.5871,0.34053851,0.35741974,0.02187473,168.1436,168.1436,83.7207,502.3245,125.5811,1008.8616,6.0000,,168.1436,85.2079,170.4158,170.4158,323.79,340.8316,340.8316,170.4158,-120.0273,2.0,2.0,0.986667,4,4,1,2,0E-8,0.49791216,,0.00800000,0.800000,1.000000,0.000000,,2026-06-01,2026-06-01,1,4,4,1,1.000000,,,0.000000,,,,,,,,GLOBAL_BASELINE_NO_ENTITY_RANKING,,,NOT_APPLICABLE_GLOBAL_BASELINE,HF9g-P5,,,,X 全窗基线 · 不参与实体赏罚,8398634,840,A168_HF9F_20260827_0900,2026-08-27 09:00:00
2026-05-29,150728778,1318,0,231.0681651088,139.6912089067,139.6912089067,0.8333333,6,6,0.50441650000000000,0.504416500000,1.6114196831874958,1.6114196831874958,1.6114196831874958,0E-17,ELIGIBLE,R03b_20260811_FULL_v1,L1_ELIGIBILITY,v2026-08-11,2026-03-21..2026-08-06,baccarat_bet02_101_all_pairs_incl_sentinel,round_win = game_pnl > 0 (decisive only),COMPATIBILITY_ONLY_NOT_PRODUCTION,854.2117,854.2117,483.4523,11,11,-0.56596314,,-0.56596314,-0.56596314,-483.4523,854.2117,THIN_EXPOSURE,0.0000,19.3381,4.0000,96.0000,AG03-UNRESOLVED,ALL5_LEVELS_bet23_to_bet27,19.3381,19.3381,19.3381,19.3381,19.3381,4.000000,4.000000,4.000000,4.000000,4.000000,96.000000,96.000000,96.000000,96.000000,96.000000,5.0,96.6905,89.2585,386.7619,394.1938,PENDING_AG03,FALSE,NOT_FOR_ENFORCEMENT,464.1142,820.0432,483.4523,464.1142,19.3381,0.56596314,0.54332461,19.3381,464.1142,0.54332461,19.3381,19.3381,19.3381,19.3381,19.3381,464.1142,0.54332461,96.6905,89.2585,386.7619,394.1938,0.45277051,0.46147089,0.02263853,77.6556,77.6556,43.9502,161.1508,161.1508,284.7372,3.6667,,77.6556,26.1404,42.0124,101.2608,189.0202,206.1566,207.7145,42.0124,-41.5429,4.907044,4.944125,1.848398,3,3,3,2,0E-8,0.56596314,,0E-8,0.000000,1.000000,0.000000,,2026-05-29,2026-06-17,3,3,3,20,0.150000,,,0.000000,,,,,,,,GLOBAL_BASELINE_NO_ENTITY_RANKING,,,NOT_APPLICABLE_GLOBAL_BASELINE,HF9g-P5,,,,X 全窗基线 · 不参与实体赏罚,8398635,840,A168_HF9F_20260827_0900,2026-08-27 09:00:00
2026-06-13,150728778,1702,0,311.5717757514,-311.5717757514,-311.5717757514,0E-7,3,3,0.50218230000000000,0.502182300000,-1.7396270863184011,-1.7396270863184016,-1.7396270863184011,0E-17,ELIGIBLE,R03b_20260811_FULL_v1,L1_ELIGIBILITY,v2026-08-11,2026-03-21..2026-08-06,baccarat_bet02_101_all_pairs_incl_sentinel,round_win = game_pnl > 0 (decisive only),COMPATIBILITY_ONLY_NOT_PRODUCTION,854.2117,854.2117,483.4523,11,11,-0.56596314,,-0.56596314,-0.56596314,-483.4523,854.2117,THIN_EXPOSURE,0.0000,19.3381,4.0000,96.0000,AG03-UNRESOLVED,ALL5_LEVELS_bet23_to_bet27,19.3381,19.3381,19.3381,19.3381,19.3381,4.000000,4.000000,4.000000,4.000000,4.000000,96.000000,96.000000,96.000000,96.000000,96.000000,5.0,96.6905,89.2585,386.7619,394.1938,PENDING_AG03,FALSE,NOT_FOR_ENFORCEMENT,464.1142,820.0432,483.4523,464.1142,19.3381,0.56596314,0.54332461,19.3381,464.1142,0.54332461,19.3381,19.3381,19.3381,19.3381,19.3381,464.1142,0.54332461,96.6905,89.2585,386.7619,394.1938,0.45277051,0.46147089,0.02263853,77.6556,77.6556,43.9502,161.1508,161.1508,284.7372,3.6667,,77.6556,26.1404,42.0124,101.2608,189.0202,206.1566,207.7145,42.0124,-41.5429,4.907044,4.944125,1.848398,3,3,3,2,0E-8,0.56596314,,0E-8,0.000000,1.000000,0.000000,,2026-05-29,2026-06-17,3,3,3,20,0.150000,,,0.000000,,,,,,,,GLOBAL_BASELINE_NO_ENTITY_RANKING,,,NOT_APPLICABLE_GLOBAL_BASELINE,HF9g-P5,,,,X 全窗基线 · 不参与实体赏罚,8398636,840,A168_HF9F_20260827_0900,2026-08-27 09:00:00
2026-06-17,150728778,2229,0,311.5717757514,-311.5717757514,-311.5717757514,0E-7,2,2,0.50665070000000000,0.506650700000,-1.4331513700195317,-1.4331513700195317,-1.4331513700195317,0E-17,ELIGIBLE,R03b_20260811_FULL_v1,L1_ELIGIBILITY,v2026-08-11,2026-03-21..2026-08-06,baccarat_bet02_101_all_pairs_incl_sentinel,round_win = game_pnl > 0 (decisive only),COMPATIBILITY_ONLY_NOT_PRODUCTION,854.2117,854.2117,483.4523,11,11,-0.56596314,,-0.56596314,-0.56596314,-483.4523,854.2117,THIN_EXPOSURE,0.0000,19.3381,4.0000,96.0000,AG03-UNRESOLVED,ALL5_LEVELS_bet23_to_bet27,19.3381,19.3381,19.3381,19.3381,19.3381,4.000000,4.000000,4.000000,4.000000,4.000000,96.000000,96.000000,96.000000,96.000000,96.000000,5.0,96.6905,89.2585,386.7619,394.1938,PENDING_AG03,FALSE,NOT_FOR_ENFORCEMENT,464.1142,820.0432,483.4523,464.1142,19.3381,0.56596314,0.54332461,19.3381,464.1142,0.54332461,19.3381,19.3381,19.3381,19.3381,19.3381,464.1142,0.54332461,96.6905,89.2585,386.7619,394.1938,0.45277051,0.46147089,0.02263853,77.6556,77.6556,43.9502,161.1508,161.1508,284.7372,3.6667,,77.6556,26.1404,42.0124,101.2608,189.0202,206.1566,207.7145,42.0124,-41.5429,4.907044,4.944125,1.848398,3,3,3,2,0E-8,0.56596314,,0E-8,0.000000,1.000000,0.000000,,2026-05-29,2026-06-17,3,3,3,20,0.150000,,,0.000000,,,,,,,,GLOBAL_BASELINE_NO_ENTITY_RANKING,,,NOT_APPLICABLE_GLOBAL_BASELINE,HF9g-P5,,,,X 全窗基线 · 不参与实体赏罚,8398637,840,A168_HF9F_20260827_0900,2026-08-27 09:00:00
2026-07-08,141205185,-1,1,2.5817778122,-2.5817778122,-2.5817778122,0E-7,1,1,0.49324550000000000,0.493245500000,-0.9865810262130424,-0.9865810262130424,-0.9865810262130424,0E-17,SENTINEL_DEALER,R03b_20260811_FULL_v1,L1_ELIGIBILITY,v2026-08-11,2026-03-21..2026-08-06,baccarat_bet02_101_all_pairs_incl_sentinel,round_win = game_pnl > 0 (decisive only),COMPATIBILITY_ONLY_NOT_PRODUCTION,23219.2981,20941.0295,483.4708,3644,3644,-0.02082194,-0.02082194,,-0.02082194,-483.4708,23219.2981,OK,0.0000,19.3388,4.0000,96.0000,AG03-UNRESOLVED,ALL5_LEVELS_bet23_to_bet27,19.3388,19.3388,19.3388,24.1735,24.1735,4.000000,4.000000,4.000000,5.000000,5.000000,96.000000,96.000000,96.000000,95.000000,95.000000,5.0,106.3636,97.4318,377.1072,386.039,PENDING_AG03,FALSE,NOT_FOR_ENFORCEMENT,464.1320,20103.3883,483.4708,464.1320,19.3388,0.02082194,0.01998906,19.3388,464.1320,0.01998906,19.3388,19.3388,19.3388,24.1735,24.1735,464.1320,0.01998906,106.3636,97.4318,377.1072,386.039,0.01624111,0.01662578,0.00083288,6.3719,5.7467,0.1327,24.1735,1.3696,1160.9649,182.2000,6.3719,,2.5818,5.1636,10.2741,10.3271,12.9089,15.4907,5.1636,0.0,2.5,3.0,1.234019,18,135,72,2,1.00000000,0.02082194,0.02082194,0E-8,0.000000,0.901880,0.010977,,2026-07-08,2026-08-06,20,353,182,30,0.666667,,1.000000,3.333333,,,,,,,,GLOBAL_BASELINE_NO_ENTITY_RANKING,,,NOT_APPLICABLE_GLOBAL_BASELINE,HF9g-P5,,,,X 全窗基线 · 不参与实体赏罚,8398638,840,A168_HF9F_20260827_0900,2026-08-27 09:00:00
2026-07-08,141205185,1307,0,12.9088890610,-12.9088890610,-12.9088890610,0E-7,4,4,0.50665070000000000,0.506650700000,-2.026782104415204,-2.026782104415204,-2.026782104415204,0E-17,ELIGIBLE,R03b_20260811_FULL_v1,L1_ELIGIBILITY,v2026-08-11,2026-03-21..2026-08-06,baccarat_bet02_101_all_pairs_incl_sentinel,round_win = game_pnl > 0 (decisive only),COMPATIBILITY_ONLY_NOT_PRODUCTION,23219.2981,20941.0295,483.4708,3644,3644,-0.02082194,-0.02082194,,-0.02082194,-483.4708,23219.2981,OK,0.0000,19.3388,4.0000,96.0000,AG03-UNRESOLVED,ALL5_LEVELS_bet23_to_bet27,19.3388,19.3388,19.3388,24.1735,24.1735,4.000000,4.000000,4.000000,5.000000,5.000000,96.000000,96.000000,96.000000,95.000000,95.000000,5.0,106.3636,97.4318,377.1072,386.039,PENDING_AG03,FALSE,NOT_FOR_ENFORCEMENT,464.1320,20103.3883,483.4708,464.1320,19.3388,0.02082194,0.01998906,19.3388,464.1320,0.01998906,19.3388,19.3388,19.3388,24.1735,24.1735,464.1320,0.01998906,106.3636,97.4318,377.1072,386.039,0.01624111,0.01662578,0.00083288,6.3719,5.7467,0.1327,24.1735,1.3696,1160.9649,182.2000,6.3719,,2.5818,5.1636,10.2741,10.3271,12.9089,15.4907,5.1636,0.0,2.5,3.0,1.234019,18,135,72,2,1.00000000,0.02082194,0.02082194,0E-8,0.000000,0.901880,0.010977,,2026-07-08,2026-08-06,20,353,182,30,0.666667,,1.000000,3.333333,,,,,,,,GLOBAL_BASELINE_NO_ENTITY_RANKING,,,NOT_APPLICABLE_GLOBAL_BASELINE,HF9g-P5,,,,X 全窗基线 · 不参与实体赏罚,8398639,840,A168_HF9F_20260827_0900,2026-08-27 09:00:00
2026-07-08,141205185,1399,0,5.1635556244,2.5817778122,2.5817778122,1.0000000,2,2,0.49324550000000000,0.493245500000,1.01360149184955,1.01360149184955,1.01360149184955,0E-17,ELIGIBLE,R03b_20260811_FULL_v1,L1_ELIGIBILITY,v2026-08-11,2026-03-21..2026-08-06,baccarat_bet02_101_all_pairs_incl_sentinel,round_win = game_pnl > 0 (decisive only),COMPATIBILITY_ONLY_NOT_PRODUCTION,23219.2981,20941.0295,483.4708,3644,3644,-0.02082194,-0.02082194,,-0.02082194,-483.4708,23219.2981,OK,0.0000,19.3388,4.0000,96.0000,AG03-UNRESOLVED,ALL5_LEVELS_bet23_to_bet27,19.3388,19.3388,19.3388,24.1735,24.1735,4.000000,4.000000,4.000000,5.000000,5.000000,96.000000,96.000000,96.000000,95.000000,95.000000,5.0,106.3636,97.4318,377.1072,386.039,PENDING_AG03,FALSE,NOT_FOR_ENFORCEMENT,464.1320,20103.3883,483.4708,464.1320,19.3388,0.02082194,0.01998906,19.3388,464.1320,0.01998906,19.3388,19.3388,19.3388,24.1735,24.1735,464.1320,0.01998906,106.3636,97.4318,377.1072,386.039,0.01624111,0.01662578,0.00083288,6.3719,5.7467,0.1327,24.1735,1.3696,1160.9649,182.2000,6.3719,,2.5818,5.1636,10.2741,10.3271,12.9089,15.4907,5.1636,0.0,2.5,3.0,1.234019,18,135,72,2,1.00000000,0.02082194,0.02082194,0E-8,0.000000,0.901880,0.010977,,2026-07-08,2026-08-06,20,353,182,30,0.666667,,1.000000,3.333333,,,,,,,,GLOBAL_BASELINE_NO_ENTITY_RANKING,,,NOT_APPLICABLE_GLOBAL_BASELINE,HF9g-P5,,,,X 全窗基线 · 不参与实体赏罚,8398640,840,A168_HF9F_20260827_0900,2026-08-27 09:00:00
2026-07-08,141205185,1645,0,38.7266671830,4.2599333902,4.2599333902,0.5833333,15,15,0.50307598000000000,0.503075980000,0.5560497770169609,0.5560497770169609,0.5560497770169609,0E-17,ELIGIBLE,R03b_20260811_FULL_v1,L1_ELIGIBILITY,v2026-08-11,2026-03-21..2026-08-06,baccarat_bet02_101_all_pairs_incl_sentinel,round_win = game_pnl > 0 (decisive only),COMPATIBILITY_ONLY_NOT_PRODUCTION,23219.2981,20941.0295,483.4708,3644,3644,-0.02082194,-0.02082194,,-0.02082194,-483.4708,23219.2981,OK,0.0000,19.3388,4.0000,96.0000,AG03-UNRESOLVED,ALL5_LEVELS_bet23_to_bet27,19.3388,19.3388,19.3388,24.1735,24.1735,4.000000,4.000000,4.000000,5.000000,5.000000,96.000000,96.000000,96.000000,95.000000,95.000000,5.0,106.3636,97.4318,377.1072,386.039,PENDING_AG03,FALSE,NOT_FOR_ENFORCEMENT,464.1320,20103.3883,483.4708,464.1320,19.3388,0.02082194,0.01998906,19.3388,464.1320,0.01998906,19.3388,19.3388,19.3388,24.1735,24.1735,464.1320,0.01998906,106.3636,97.4318,377.1072,386.039,0.01624111,0.01662578,0.00083288,6.3719,5.7467,0.1327,24.1735,1.3696,1160.9649,182.2000,6.3719,,2.5818,5.1636,10.2741,10.3271,12.9089,15.4907,5.1636,0.0,2.5,3.0,1.234019,18,135,72,2,1.00000000,0.02082194,0.02082194,0E-8,0.000000,0.901880,0.010977,,2026-07-08,2026-08-06,20,353,182,30,0.666667,,1.000000,3.333333,,,,,,,,GLOBAL_BASELINE_NO_ENTITY_RANKING,,,NOT_APPLICABLE_GLOBAL_BASELINE,HF9g-P5,,,,X 全窗基线 · 不参与实体赏罚,8398641,840,A168_HF9F_20260827_0900,2026-08-27 09:00:00
2026-07-08,141205185,2169,0,49.0537784318,12.1343557174,12.1343557174,0.6470588,17,17,0.50113091176470588,0.501130911765,1.2033554659577594,1.2033554659553358,1.2033554659577594,-2.9412E-13,ELIGIBLE,R03b_20260811_FULL_v1,L1_ELIGIBILITY,v2026-08-11,2026-03-21..2026-08-06,baccarat_bet02_101_all_pairs_incl_sentinel,round_win = game_pnl > 0 (decisive only),COMPATIBILITY_ONLY_NOT_PRODUCTION,23219.2981,20941.0295,483.4708,3644,3644,-0.02082194,-0.02082194,,-0.02082194,-483.4708,23219.2981,OK,0.0000,19.3388,4.0000,96.0000,AG03-UNRESOLVED,ALL5_LEVELS_bet23_to_bet27,19.3388,19.3388,19.3388,24.1735,24.1735,4.000000,4.000000,4.000000,5.000000,5.000000,96.000000,96.000000,96.000000,95.000000,95.000000,5.0,106.3636,97.4318,377.1072,386.039,PENDING_AG03,FALSE,NOT_FOR_ENFORCEMENT,464.1320,20103.3883,483.4708,464.1320,19.3388,0.02082194,0.01998906,19.3388,464.1320,0.01998906,19.3388,19.3388,19.3388,24.1735,24.1735,464.1320,0.01998906,106.3636,97.4318,377.1072,386.039,0.01624111,0.01662578,0.00083288,6.3719,5.7467,0.1327,24.1735,1.3696,1160.9649,182.2000,6.3719,,2.5818,5.1636,10.2741,10.3271,12.9089,15.4907,5.1636,0.0,2.5,3.0,1.234019,18,135,72,2,1.00000000,0.02082194,0.02082194,0E-8,0.000000,0.901880,0.010977,,2026-07-08,2026-08-06,20,353,182,30,0.666667,,1.000000,3.333333,,,,,,,,GLOBAL_BASELINE_NO_ENTITY_RANKING,,,NOT_APPLICABLE_GLOBAL_BASELINE,HF9g-P5,,,,X 全窗基线 · 不参与实体赏罚,8398642,840,A168_HF9F_20260827_0900,2026-08-27 09:00:00
2026-07-08,141205185,2267,0,7.7453334366,-2.5817778122,-2.5817778122,0.3333333,3,3,0.49771390000000000,0.497713900000,-0.5694369385616226,-0.5694369385616226,-0.5694369385616226,0E-17,ELIGIBLE,R03b_20260811_FULL_v1,L1_ELIGIBILITY,v2026-08-11,2026-03-21..2026-08-06,baccarat_bet02_101_all_pairs_incl_sentinel,round_win = game_pnl > 0 (decisive only),COMPATIBILITY_ONLY_NOT_PRODUCTION,23219.2981,20941.0295,483.4708,3644,3644,-0.02082194,-0.02082194,,-0.02082194,-483.4708,23219.2981,OK,0.0000,19.3388,4.0000,96.0000,AG03-UNRESOLVED,ALL5_LEVELS_bet23_to_bet27,19.3388,19.3388,19.3388,24.1735,24.1735,4.000000,4.000000,4.000000,5.000000,5.000000,96.000000,96.000000,96.000000,95.000000,95.000000,5.0,106.3636,97.4318,377.1072,386.039,PENDING_AG03,FALSE,NOT_FOR_ENFORCEMENT,464.1320,20103.3883,483.4708,464.1320,19.3388,0.02082194,0.01998906,19.3388,464.1320,0.01998906,19.3388,19.3388,19.3388,24.1735,24.1735,464.1320,0.01998906,106.3636,97.4318,377.1072,386.039,0.01624111,0.01662578,0.00083288,6.3719,5.7467,0.1327,24.1735,1.3696,1160.9649,182.2000,6.3719,,2.5818,5.1636,10.2741,10.3271,12.9089,15.4907,5.1636,0.0,2.5,3.0,1.234019,18,135,72,2,1.00000000,0.02082194,0.02082194,0E-8,0.000000,0.901880,0.010977,,2026-07-08,2026-08-06,20,353,182,30,0.666667,,1.000000,3.333333,,,,,,,,GLOBAL_BASELINE_NO_ENTITY_RANKING,,,NOT_APPLICABLE_GLOBAL_BASELINE,HF9g-P5,,,,X 全窗基线 · 不参与实体赏罚,8398643,840,A168_HF9F_20260827_0900,2026-08-27 09:00:00
2026-07-10,141205185,1396,0,82.6168899904,29.4322670592,29.4322670592,0.7647059,17,17,0.50034237058823529,0.500342370588,2.1799978761985828,2.1799978762005225,2.1799978761985828,2.3529E-13,ELIGIBLE,R03b_20260811_FULL_v1,L1_ELIGIBILITY,v2026-08-11,2026-03-21..2026-08-06,baccarat_bet02_101_all_pairs_incl_sentinel,round_win = game_pnl > 0 (decisive only),COMPATIBILITY_ONLY_NOT_PRODUCTION,23219.2981,20941.0295,483.4708,3644,3644,-0.02082194,-0.02082194,,-0.02082194,-483.4708,23219.2981,OK,0.0000,19.3388,4.0000,96.0000,AG03-UNRESOLVED,ALL5_LEVELS_bet23_to_bet27,19.3388,19.3388,19.3388,24.1735,24.1735,4.000000,4.000000,4.000000,5.000000,5.000000,96.000000,96.000000,96.000000,95.000000,95.000000,5.0,106.3636,97.4318,377.1072,386.039,PENDING_AG03,FALSE,NOT_FOR_ENFORCEMENT,464.1320,20103.3883,483.4708,464.1320,19.3388,0.02082194,0.01998906,19.3388,464.1320,0.01998906,19.3388,19.3388,19.3388,24.1735,24.1735,464.1320,0.01998906,106.3636,97.4318,377.1072,386.039,0.01624111,0.01662578,0.00083288,6.3719,5.7467,0.1327,24.1735,1.3696,1160.9649,182.2000,6.3719,,2.5818,5.1636,10.2741,10.3271,12.9089,15.4907,5.1636,0.0,2.5,3.0,1.234019,18,135,72,2,1.00000000,0.02082194,0.02082194,0E-8,0.000000,0.901880,0.010977,,2026-07-08,2026-08-06,20,353,182,30,0.666667,,1.000000,3.333333,,,,,,,,GLOBAL_BASELINE_NO_ENTITY_RANKING,,,NOT_APPLICABLE_GLOBAL_BASELINE,HF9g-P5,,,,X 全窗基线 · 不参与实体赏罚,8398644,840,A168_HF9F_20260827_0900,2026-08-27 09:00:00
2026-07-10,141205185,1402,0,10.3271112488,-0.2581777812,-0.2581777812,0.5000000,2,2,0.50665070000000000,0.506650700000,-0.018812684590367487,-0.018812684590367487,-0.018812684590367487,0E-17,ELIGIBLE,R03b_20260811_FULL_v1,L1_ELIGIBILITY,v2026-08-11,2026-03-21..2026-08-06,baccarat_bet02_101_all_pairs_incl_sentinel,round_win = game_pnl > 0 (decisive only),COMPATIBILITY_ONLY_NOT_PRODUCTION,23219.2981,20941.0295,483.4708,3644,3644,-0.02082194,-0.02082194,,-0.02082194,-483.4708,23219.2981,OK,0.0000,19.3388,4.0000,96.0000,AG03-UNRESOLVED,ALL5_LEVELS_bet23_to_bet27,19.3388,19.3388,19.3388,24.1735,24.1735,4.000000,4.000000,4.000000,5.000000,5.000000,96.000000,96.000000,96.000000,95.000000,95.000000,5.0,106.3636,97.4318,377.1072,386.039,PENDING_AG03,FALSE,NOT_FOR_ENFORCEMENT,464.1320,20103.3883,483.4708,464.1320,19.3388,0.02082194,0.01998906,19.3388,464.1320,0.01998906,19.3388,19.3388,19.3388,24.1735,24.1735,464.1320,0.01998906,106.3636,97.4318,377.1072,386.039,0.01624111,0.01662578,0.00083288,6.3719,5.7467,0.1327,24.1735,1.3696,1160.9649,182.2000,6.3719,,2.5818,5.1636,10.2741,10.3271,12.9089,15.4907,5.1636,0.0,2.5,3.0,1.234019,18,135,72,2,1.00000000,0.02082194,0.02082194,0E-8,0.000000,0.901880,0.010977,,2026-07-08,2026-08-06,20,353,182,30,0.666667,,1.000000,3.333333,,,,,,,,GLOBAL_BASELINE_NO_ENTITY_RANKING,,,NOT_APPLICABLE_GLOBAL_BASELINE,HF9g-P5,,,,X 全窗基线 · 不参与实体赏罚,8398645,840,A168_HF9F_20260827_0900,2026-08-27 09:00:00
2026-07-10,141205185,1507,0,23.2360003098,9.9398445770,9.9398445770,0.7500000,9,9,0.50069283333333333,0.500692833333,1.4102956591225702,1.4102956591244544,1.4102956591225702,3.3333E-13,ELIGIBLE,R03b_20260811_FULL_v1,L1_ELIGIBILITY,v2026-08-11,2026-03-21..2026-08-06,baccarat_bet02_101_all_pairs_incl_sentinel,round_win = game_pnl > 0 (decisive only),COMPATIBILITY_ONLY_NOT_PRODUCTION,23219.2981,20941.0295,483.4708,3644,3644,-0.02082194,-0.02082194,,-0.02082194,-483.4708,23219.2981,OK,0.0000,19.3388,4.0000,96.0000,AG03-UNRESOLVED,ALL5_LEVELS_bet23_to_bet27,19.3388,19.3388,19.3388,24.1735,24.1735,4.000000,4.000000,4.000000,5.000000,5.000000,96.000000,96.000000,96.000000,95.000000,95.000000,5.0,106.3636,97.4318,377.1072,386.039,PENDING_AG03,FALSE,NOT_FOR_ENFORCEMENT,464.1320,20103.3883,483.4708,464.1320,19.3388,0.02082194,0.01998906,19.3388,464.1320,0.01998906,19.3388,19.3388,19.3388,24.1735,24.1735,464.1320,0.01998906,106.3636,97.4318,377.1072,386.039,0.01624111,0.01662578,0.00083288,6.3719,5.7467,0.1327,24.1735,1.3696,1160.9649,182.2000,6.3719,,2.5818,5.1636,10.2741,10.3271,12.9089,15.4907,5.1636,0.0,2.5,3.0,1.234019,18,135,72,2,1.00000000,0.02082194,0.02082194,0E-8,0.000000,0.901880,0.010977,,2026-07-08,2026-08-06,20,353,182,30,0.666667,,1.000000,3.333333,,,,,,,,GLOBAL_BASELINE_NO_ENTITY_RANKING,,,NOT_APPLICABLE_GLOBAL_BASELINE,HF9g-P5,,,,X 全窗基线 · 不参与实体赏罚,8398646,840,A168_HF9F_20260827_0900,2026-08-27 09:00:00
2026-07-10,141205185,2101,0,87.7804456148,-11.8761779360,-11.8761779360,0.4285714,15,15,0.50307598000000000,0.503075980000,-0.5575515612205753,-0.5575515612205753,-0.5575515612205753,0E-17,ELIGIBLE,R03b_20260811_FULL_v1,L1_ELIGIBILITY,v2026-08-11,2026-03-21..2026-08-06,baccarat_bet02_101_all_pairs_incl_sentinel,round_win = game_pnl > 0 (decisive only),COMPATIBILITY_ONLY_NOT_PRODUCTION,23219.2981,20941.0295,483.4708,3644,3644,-0.02082194,-0.02082194,,-0.02082194,-483.4708,23219.2981,OK,0.0000,19.3388,4.0000,96.0000,AG03-UNRESOLVED,ALL5_LEVELS_bet23_to_bet27,19.3388,19.3388,19.3388,24.1735,24.1735,4.000000,4.000000,4.000000,5.000000,5.000000,96.000000,96.000000,96.000000,95.000000,95.000000,5.0,106.3636,97.4318,377.1072,386.039,PENDING_AG03,FALSE,NOT_FOR_ENFORCEMENT,464.1320,20103.3883,483.4708,464.1320,19.3388,0.02082194,0.01998906,19.3388,464.1320,0.01998906,19.3388,19.3388,19.3388,24.1735,24.1735,464.1320,0.01998906,106.3636,97.4318,377.1072,386.039,0.01624111,0.01662578,0.00083288,6.3719,5.7467,0.1327,24.1735,1.3696,1160.9649,182.2000,6.3719,,2.5818,5.1636,10.2741,10.3271,12.9089,15.4907,5.1636,0.0,2.5,3.0,1.234019,18,135,72,2,1.00000000,0.02082194,0.02082194,0E-8,0.000000,0.901880,0.010977,,2026-07-08,2026-08-06,20,353,182,30,0.666667,,1.000000,3.333333,,,,,,,,GLOBAL_BASELINE_NO_ENTITY_RANKING,,,NOT_APPLICABLE_GLOBAL_BASELINE,HF9g-P5,,,,X 全窗基线 · 不参与实体赏罚,8398647,840,A168_HF9F_20260827_0900,2026-08-27 09:00:00
2026-07-10,141205185,2103,0,118.7617793612,-16.2652002168,-16.2652002168,0.4444444,21,21,0.49771390000000000,0.497713900000,-0.45201104371441364,-0.45201104371441364,-0.45201104371441364,0E-17,ELIGIBLE,R03b_20260811_FULL_v1,L1_ELIGIBILITY,v2026-08-11,2026-03-21..2026-08-06,baccarat_bet02_101_all_pairs_incl_sentinel,round_win = game_pnl > 0 (decisive only),COMPATIBILITY_ONLY_NOT_PRODUCTION,23219.2981,20941.0295,483.4708,3644,3644,-0.02082194,-0.02082194,,-0.02082194,-483.4708,23219.2981,OK,0.0000,19.3388,4.0000,96.0000,AG03-UNRESOLVED,ALL5_LEVELS_bet23_to_bet27,19.3388,19.3388,19.3388,24.1735,24.1735,4.000000,4.000000,4.000000,5.000000,5.000000,96.000000,96.000000,96.000000,95.000000,95.000000,5.0,106.3636,97.4318,377.1072,386.039,PENDING_AG03,FALSE,NOT_FOR_ENFORCEMENT,464.1320,20103.3883,483.4708,464.1320,19.3388,0.02082194,0.01998906,19.3388,464.1320,0.01998906,19.3388,19.3388,19.3388,24.1735,24.1735,464.1320,0.01998906,106.3636,97.4318,377.1072,386.039,0.01624111,0.01662578,0.00083288,6.3719,5.7467,0.1327,24.1735,1.3696,1160.9649,182.2000,6.3719,,2.5818,5.1636,10.2741,10.3271,12.9089,15.4907,5.1636,0.0,2.5,3.0,1.234019,18,135,72,2,1.00000000,0.02082194,0.02082194,0E-8,0.000000,0.901880,0.010977,,2026-07-08,2026-08-06,20,353,182,30,0.666667,,1.000000,3.333333,,,,,,,,GLOBAL_BASELINE_NO_ENTITY_RANKING,,,NOT_APPLICABLE_GLOBAL_BASELINE,HF9g-P5,,,,X 全窗基线 · 不参与实体赏罚,8398648,840,A168_HF9F_20260827_0900,2026-08-27 09:00:00
2026-07-10,141205185,2108,0,46.4720006196,17.2979113418,17.2979113418,0.6666667,13,13,0.49840134615384615,0.498401346154,1.1657822959014128,1.165782295900346,1.1657822959014128,-1.5385E-13,ELIGIBLE,R03b_20260811_FULL_v1,L1_ELIGIBILITY,v2026-08-11,2026-03-21..2026-08-06,baccarat_bet02_101_all_pairs_incl_sentinel,round_win = game_pnl > 0 (decisive only),COMPATIBILITY_ONLY_NOT_PRODUCTION,23219.2981,20941.0295,483.4708,3644,3644,-0.02082194,-0.02082194,,-0.02082194,-483.4708,23219.2981,OK,0.0000,19.3388,4.0000,96.0000,AG03-UNRESOLVED,ALL5_LEVELS_bet23_to_bet27,19.3388,19.3388,19.3388,24.1735,24.1735,4.000000,4.000000,4.000000,5.000000,5.000000,96.000000,96.000000,96.000000,95.000000,95.000000,5.0,106.3636,97.4318,377.1072,386.039,PENDING_AG03,FALSE,NOT_FOR_ENFORCEMENT,464.1320,20103.3883,483.4708,464.1320,19.3388,0.02082194,0.01998906,19.3388,464.1320,0.01998906,19.3388,19.3388,19.3388,24.1735,24.1735,464.1320,0.01998906,106.3636,97.4318,377.1072,386.039,0.01624111,0.01662578,0.00083288,6.3719,5.7467,0.1327,24.1735,1.3696,1160.9649,182.2000,6.3719,,2.5818,5.1636,10.2741,10.3271,12.9089,15.4907,5.1636,0.0,2.5,3.0,1.234019,18,135,72,2,1.00000000,0.02082194,0.02082194,0E-8,0.000000,0.901880,0.010977,,2026-07-08,2026-08-06,20,353,182,30,0.666667,,1.000000,3.333333,,,,,,,,GLOBAL_BASELINE_NO_ENTITY_RANKING,,,NOT_APPLICABLE_GLOBAL_BASELINE,HF9g-P5,,,,X 全窗基线 · 不参与实体赏罚,8398649,840,A168_HF9F_20260827_0900,2026-08-27 09:00:00
2026-07-10,141205185,2127,0,90.3622234270,1.6781555780,1.6781555780,0.5000000,13,13,0.50046368461538462,0.500463684615,-0.0032125026315352,-0.0032125026288704708,-0.0032125026315352,3.8462E-13,ELIGIBLE,R03b_20260811_FULL_v1,L1_ELIGIBILITY,v2026-08-11,2026-03-21..2026-08-06,baccarat_bet02_101_all_pairs_incl_sentinel,round_win = game_pnl > 0 (decisive only),COMPATIBILITY_ONLY_NOT_PRODUCTION,23219.2981,20941.0295,483.4708,3644,3644,-0.02082194,-0.02082194,,-0.02082194,-483.4708,23219.2981,OK,0.0000,19.3388,4.0000,96.0000,AG03-UNRESOLVED,ALL5_LEVELS_bet23_to_bet27,19.3388,19.3388,19.3388,24.1735,24.1735,4.000000,4.000000,4.000000,5.000000,5.000000,96.000000,96.000000,96.000000,95.000000,95.000000,5.0,106.3636,97.4318,377.1072,386.039,PENDING_AG03,FALSE,NOT_FOR_ENFORCEMENT,464.1320,20103.3883,483.4708,464.1320,19.3388,0.02082194,0.01998906,19.3388,464.1320,0.01998906,19.3388,19.3388,19.3388,24.1735,24.1735,464.1320,0.01998906,106.3636,97.4318,377.1072,386.039,0.01624111,0.01662578,0.00083288,6.3719,5.7467,0.1327,24.1735,1.3696,1160.9649,182.2000,6.3719,,2.5818,5.1636,10.2741,10.3271,12.9089,15.4907,5.1636,0.0,2.5,3.0,1.234019,18,135,72,2,1.00000000,0.02082194,0.02082194,0E-8,0.000000,0.901880,0.010977,,2026-07-08,2026-08-06,20,353,182,30,0.666667,,1.000000,3.333333,,,,,,,,GLOBAL_BASELINE_NO_ENTITY_RANKING,,,NOT_APPLICABLE_GLOBAL_BASELINE,HF9g-P5,,,,X 全窗基线 · 不参与实体赏罚,8398650,840,A168_HF9F_20260827_0900,2026-08-27 09:00:00
2026-07-10,141205185,2145,0,167.8155577930,-4.6472000618,-4.6472000618,0.5384615,30,30,0.50039494000000000,0.500394940000,0.3882047778454922,0.3882047778454922,0.3882047778454922,0E-17,ELIGIBLE,R03b_20260811_FULL_v1,L1_ELIGIBILITY,v2026-08-11,2026-03-21..2026-08-06,baccarat_bet02_101_all_pairs_incl_sentinel,round_win = game_pnl > 0 (decisive only),COMPATIBILITY_ONLY_NOT_PRODUCTION,23219.2981,20941.0295,483.4708,3644,3644,-0.02082194,-0.02082194,,-0.02082194,-483.4708,23219.2981,OK,0.0000,19.3388,4.0000,96.0000,AG03-UNRESOLVED,ALL5_LEVELS_bet23_to_bet27,19.3388,19.3388,19.3388,24.1735,24.1735,4.000000,4.000000,4.000000,5.000000,5.000000,96.000000,96.000000,96.000000,95.000000,95.000000,5.0,106.3636,97.4318,377.1072,386.039,PENDING_AG03,FALSE,NOT_FOR_ENFORCEMENT,464.1320,20103.3883,483.4708,464.1320,19.3388,0.02082194,0.01998906,19.3388,464.1320,0.01998906,19.3388,19.3388,19.3388,24.1735,24.1735,464.1320,0.01998906,106.3636,97.4318,377.1072,386.039,0.01624111,0.01662578,0.00083288,6.3719,5.7467,0.1327,24.1735,1.3696,1160.9649,182.2000,6.3719,,2.5818,5.1636,10.2741,10.3271,12.9089,15.4907,5.1636,0.0,2.5,3.0,1.234019,18,135,72,2,1.00000000,0.02082194,0.02082194,0E-8,0.000000,0.901880,0.010977,,2026-07-08,2026-08-06,20,353,182,30,0.666667,,1.000000,3.333333,,,,,,,,GLOBAL_BASELINE_NO_ENTITY_RANKING,,,NOT_APPLICABLE_GLOBAL_BASELINE,HF9g-P5,,,,X 全窗基线 · 不参与实体赏罚,8398651,840,A168_HF9F_20260827_0900,2026-08-27 09:00:00
2026-07-10,141205185,2156,0,20.6542224976,4.6472000620,4.6472000620,0.6666667,6,6,0.49994810000000000,0.499948100000,0.8167508423630434,0.8167508423630434,0.8167508423630434,0E-17,ELIGIBLE,R03b_20260811_FULL_v1,L1_ELIGIBILITY,v2026-08-11,2026-03-21..2026-08-06,baccarat_bet02_101_all_pairs_incl_sentinel,round_win = game_pnl > 0 (decisive only),COMPATIBILITY_ONLY_NOT_PRODUCTION,23219.2981,20941.0295,483.4708,3644,3644,-0.02082194,-0.02082194,,-0.02082194,-483.4708,23219.2981,OK,0.0000,19.3388,4.0000,96.0000,AG03-UNRESOLVED,ALL5_LEVELS_bet23_to_bet27,19.3388,19.3388,19.3388,24.1735,24.1735,4.000000,4.000000,4.000000,5.000000,5.000000,96.000000,96.000000,96.000000,95.000000,95.000000,5.0,106.3636,97.4318,377.1072,386.039,PENDING_AG03,FALSE,NOT_FOR_ENFORCEMENT,464.1320,20103.3883,483.4708,464.1320,19.3388,0.02082194,0.01998906,19.3388,464.1320,0.01998906,19.3388,19.3388,19.3388,24.1735,24.1735,464.1320,0.01998906,106.3636,97.4318,377.1072,386.039,0.01624111,0.01662578,0.00083288,6.3719,5.7467,0.1327,24.1735,1.3696,1160.9649,182.2000,6.3719,,2.5818,5.1636,10.2741,10.3271,12.9089,15.4907,5.1636,0.0,2.5,3.0,1.234019,18,135,72,2,1.00000000,0.02082194,0.02082194,0E-8,0.000000,0.901880,0.010977,,2026-07-08,2026-08-06,20,353,182,30,0.666667,,1.000000,3.333333,,,,,,,,GLOBAL_BASELINE_NO_ENTITY_RANKING,,,NOT_APPLICABLE_GLOBAL_BASELINE,HF9g-P5,,,,X 全窗基线 · 不参与实体赏罚,8398652,840,A168_HF9F_20260827_0900,2026-08-27 09:00:00
2026-07-10,141205185,2174,0,33.5631115586,-23.3650892004,-23.3650892004,0.2500000,8,8,0.49994810000000000,0.499948100000,-1.4139199792546444,-1.4139199792546444,-1.4139199792546444,0E-17,ELIGIBLE,R03b_20260811_FULL_v1,L1_ELIGIBILITY,v2026-08-11,2026-03-21..2026-08-06,baccarat_bet02_101_all_pairs_incl_sentinel,round_win = game_pnl > 0 (decisive only),COMPATIBILITY_ONLY_NOT_PRODUCTION,23219.2981,20941.0295,483.4708,3644,3644,-0.02082194,-0.02082194,,-0.02082194,-483.4708,23219.2981,OK,0.0000,19.3388,4.0000,96.0000,AG03-UNRESOLVED,ALL5_LEVELS_bet23_to_bet27,19.3388,19.3388,19.3388,24.1735,24.1735,4.000000,4.000000,4.000000,5.000000,5.000000,96.000000,96.000000,96.000000,95.000000,95.000000,5.0,106.3636,97.4318,377.1072,386.039,PENDING_AG03,FALSE,NOT_FOR_ENFORCEMENT,464.1320,20103.3883,483.4708,464.1320,19.3388,0.02082194,0.01998906,19.3388,464.1320,0.01998906,19.3388,19.3388,19.3388,24.1735,24.1735,464.1320,0.01998906,106.3636,97.4318,377.1072,386.039,0.01624111,0.01662578,0.00083288,6.3719,5.7467,0.1327,24.1735,1.3696,1160.9649,182.2000,6.3719,,2.5818,5.1636,10.2741,10.3271,12.9089,15.4907,5.1636,0.0,2.5,3.0,1.234019,18,135,72,2,1.00000000,0.02082194,0.02082194,0E-8,0.000000,0.901880,0.010977,,2026-07-08,2026-08-06,20,353,182,30,0.666667,,1.000000,3.333333,,,,,,,,GLOBAL_BASELINE_NO_ENTITY_RANKING,,,NOT_APPLICABLE_GLOBAL_BASELINE,HF9g-P5,,,,X 全窗基线 · 不参与实体赏罚,8398653,840,A168_HF9F_20260827_0900,2026-08-27 09:00:00
2026-07-10,141205185,2205,0,56.7991118684,-3.2272222652,-3.2272222652,0.4666667,17,17,0.49955382941176471,0.499553829412,-0.25474296865402096,-0.2547429686558434,-0.25474296865402096,-2.3529E-13,ELIGIBLE,R03b_20260811_FULL_v1,L1_ELIGIBILITY,v2026-08-11,2026-03-21..2026-08-06,baccarat_bet02_101_all_pairs_incl_sentinel,round_win = game_pnl > 0 (decisive only),COMPATIBILITY_ONLY_NOT_PRODUCTION,23219.2981,20941.0295,483.4708,3644,3644,-0.02082194,-0.02082194,,-0.02082194,-483.4708,23219.2981,OK,0.0000,19.3388,4.0000,96.0000,AG03-UNRESOLVED,ALL5_LEVELS_bet23_to_bet27,19.3388,19.3388,19.3388,24.1735,24.1735,4.000000,4.000000,4.000000,5.000000,5.000000,96.000000,96.000000,96.000000,95.000000,95.000000,5.0,106.3636,97.4318,377.1072,386.039,PENDING_AG03,FALSE,NOT_FOR_ENFORCEMENT,464.1320,20103.3883,483.4708,464.1320,19.3388,0.02082194,0.01998906,19.3388,464.1320,0.01998906,19.3388,19.3388,19.3388,24.1735,24.1735,464.1320,0.01998906,106.3636,97.4318,377.1072,386.039,0.01624111,0.01662578,0.00083288,6.3719,5.7467,0.1327,24.1735,1.3696,1160.9649,182.2000,6.3719,,2.5818,5.1636,10.2741,10.3271,12.9089,15.4907,5.1636,0.0,2.5,3.0,1.234019,18,135,72,2,1.00000000,0.02082194,0.02082194,0E-8,0.000000,0.901880,0.010977,,2026-07-08,2026-08-06,20,353,182,30,0.666667,,1.000000,3.333333,,,,,,,,GLOBAL_BASELINE_NO_ENTITY_RANKING,,,NOT_APPLICABLE_GLOBAL_BASELINE,HF9g-P5,,,,X 全窗基线 · 不参与实体赏罚,8398654,840,A168_HF9F_20260827_0900,2026-08-27 09:00:00
2026-07-10,141205185,2222,0,54.2173340562,6.9708000930,6.9708000930,0.5294118,17,17,0.50034237058823529,0.500342370588,0.23971242103658047,0.2397124210385207,0.23971242103658047,2.3529E-13,ELIGIBLE,R03b_20260811_FULL_v1,L1_ELIGIBILITY,v2026-08-11,2026-03-21..2026-08-06,baccarat_bet02_101_all_pairs_incl_sentinel,round_win = game_pnl > 0 (decisive only),COMPATIBILITY_ONLY_NOT_PRODUCTION,23219.2981,20941.0295,483.4708,3644,3644,-0.02082194,-0.02082194,,-0.02082194,-483.4708,23219.2981,OK,0.0000,19.3388,4.0000,96.0000,AG03-UNRESOLVED,ALL5_LEVELS_bet23_to_bet27,19.3388,19.3388,19.3388,24.1735,24.1735,4.000000,4.000000,4.000000,5.000000,5.000000,96.000000,96.000000,96.000000,95.000000,95.000000,5.0,106.3636,97.4318,377.1072,386.039,PENDING_AG03,FALSE,NOT_FOR_ENFORCEMENT,464.1320,20103.3883,483.4708,464.1320,19.3388,0.02082194,0.01998906,19.3388,464.1320,0.01998906,19.3388,19.3388,19.3388,24.1735,24.1735,464.1320,0.01998906,106.3636,97.4318,377.1072,386.039,0.01624111,0.01662578,0.00083288,6.3719,5.7467,0.1327,24.1735,1.3696,1160.9649,182.2000,6.3719,,2.5818,5.1636,10.2741,10.3271,12.9089,15.4907,5.1636,0.0,2.5,3.0,1.234019,18,135,72,2,1.00000000,0.02082194,0.02082194,0E-8,0.000000,0.901880,0.010977,,2026-07-08,2026-08-06,20,353,182,30,0.666667,,1.000000,3.333333,,,,,,,,GLOBAL_BASELINE_NO_ENTITY_RANKING,,,NOT_APPLICABLE_GLOBAL_BASELINE,HF9g-P5,,,,X 全窗基线 · 不参与实体赏罚,8398655,840,A168_HF9F_20260827_0900,2026-08-27 09:00:00
2026-07-10,141205185,2223,0,291.7408927786,86.4895567090,86.4895567090,0.6511628,50,50,0.49941189200000000,0.499411892000,1.9901957551377074,1.9901957551377074,1.9901957551377074,0E-17,ELIGIBLE,R03b_20260811_FULL_v1,L1_ELIGIBILITY,v2026-08-11,2026-03-21..2026-08-06,baccarat_bet02_101_all_pairs_incl_sentinel,round_win = game_pnl > 0 (decisive only),COMPATIBILITY_ONLY_NOT_PRODUCTION,23219.2981,20941.0295,483.4708,3644,3644,-0.02082194,-0.02082194,,-0.02082194,-483.4708,23219.2981,OK,0.0000,19.3388,4.0000,96.0000,AG03-UNRESOLVED,ALL5_LEVELS_bet23_to_bet27,19.3388,19.3388,19.3388,24.1735,24.1735,4.000000,4.000000,4.000000,5.000000,5.000000,96.000000,96.000000,96.000000,95.000000,95.000000,5.0,106.3636,97.4318,377.1072,386.039,PENDING_AG03,FALSE,NOT_FOR_ENFORCEMENT,464.1320,20103.3883,483.4708,464.1320,19.3388,0.02082194,0.01998906,19.3388,464.1320,0.01998906,19.3388,19.3388,19.3388,24.1735,24.1735,464.1320,0.01998906,106.3636,97.4318,377.1072,386.039,0.01624111,0.01662578,0.00083288,6.3719,5.7467,0.1327,24.1735,1.3696,1160.9649,182.2000,6.3719,,2.5818,5.1636,10.2741,10.3271,12.9089,15.4907,5.1636,0.0,2.5,3.0,1.234019,18,135,72,2,1.00000000,0.02082194,0.02082194,0E-8,0.000000,0.901880,0.010977,,2026-07-08,2026-08-06,20,353,182,30,0.666667,,1.000000,3.333333,,,,,,,,GLOBAL_BASELINE_NO_ENTITY_RANKING,,,NOT_APPLICABLE_GLOBAL_BASELINE,HF9g-P5,,,,X 全窗基线 · 不参与实体赏罚,8398656,840,A168_HF9F_20260827_0900,2026-08-27 09:00:00
2026-07-10,141205185,2235,0,92.9440012392,6.9708000930,6.9708000930,0.5263158,22,22,0.49933877272727273,0.499338772727,0.23518038524355855,0.23518038524593632,0.23518038524355855,2.7273E-13,ELIGIBLE,R03b_20260811_FULL_v1,L1_ELIGIBILITY,v2026-08-11,2026-03-21..2026-08-06,baccarat_bet02_101_all_pairs_incl_sentinel,round_win = game_pnl > 0 (decisive only),COMPATIBILITY_ONLY_NOT_PRODUCTION,23219.2981,20941.0295,483.4708,3644,3644,-0.02082194,-0.02082194,,-0.02082194,-483.4708,23219.2981,OK,0.0000,19.3388,4.0000,96.0000,AG03-UNRESOLVED,ALL5_LEVELS_bet23_to_bet27,19.3388,19.3388,19.3388,24.1735,24.1735,4.000000,4.000000,4.000000,5.000000,5.000000,96.000000,96.000000,96.000000,95.000000,95.000000,5.0,106.3636,97.4318,377.1072,386.039,PENDING_AG03,FALSE,NOT_FOR_ENFORCEMENT,464.1320,20103.3883,483.4708,464.1320,19.3388,0.02082194,0.01998906,19.3388,464.1320,0.01998906,19.3388,19.3388,19.3388,24.1735,24.1735,464.1320,0.01998906,106.3636,97.4318,377.1072,386.039,0.01624111,0.01662578,0.00083288,6.3719,5.7467,0.1327,24.1735,1.3696,1160.9649,182.2000,6.3719,,2.5818,5.1636,10.2741,10.3271,12.9089,15.4907,5.1636,0.0,2.5,3.0,1.234019,18,135,72,2,1.00000000,0.02082194,0.02082194,0E-8,0.000000,0.901880,0.010977,,2026-07-08,2026-08-06,20,353,182,30,0.666667,,1.000000,3.333333,,,,,,,,GLOBAL_BASELINE_NO_ENTITY_RANKING,,,NOT_APPLICABLE_GLOBAL_BASELINE,HF9g-P5,,,,X 全窗基线 · 不参与实体赏罚,8398657,840,A168_HF9F_20260827_0900,2026-08-27 09:00:00
2026-07-10,141205185,2287,0,2.5817778122,0E-10,0E-10,,1,1,0.49324550000000000,0.493245500000,,,,0E-17,NO_DECISIVE_ROUND,R03b_20260811_FULL_v1,L1_ELIGIBILITY,v2026-08-11,2026-03-21..2026-08-06,baccarat_bet02_101_all_pairs_incl_sentinel,round_win = game_pnl > 0 (decisive only),COMPATIBILITY_ONLY_NOT_PRODUCTION,23219.2981,20941.0295,483.4708,3644,3644,-0.02082194,-0.02082194,,-0.02082194,-483.4708,23219.2981,OK,0.0000,19.3388,4.0000,96.0000,AG03-UNRESOLVED,ALL5_LEVELS_bet23_to_bet27,19.3388,19.3388,19.3388,24.1735,24.1735,4.000000,4.000000,4.000000,5.000000,5.000000,96.000000,96.000000,96.000000,95.000000,95.000000,5.0,106.3636,97.4318,377.1072,386.039,PENDING_AG03,FALSE,NOT_FOR_ENFORCEMENT,464.1320,20103.3883,483.4708,464.1320,19.3388,0.02082194,0.01998906,19.3388,464.1320,0.01998906,19.3388,19.3388,19.3388,24.1735,24.1735,464.1320,0.01998906,106.3636,97.4318,377.1072,386.039,0.01624111,0.01662578,0.00083288,6.3719,5.7467,0.1327,24.1735,1.3696,1160.9649,182.2000,6.3719,,2.5818,5.1636,10.2741,10.3271,12.9089,15.4907,5.1636,0.0,2.5,3.0,1.234019,18,135,72,2,1.00000000,0.02082194,0.02082194,0E-8,0.000000,0.901880,0.010977,,2026-07-08,2026-08-06,20,353,182,30,0.666667,,1.000000,3.333333,,,,,,,,GLOBAL_BASELINE_NO_ENTITY_RANKING,,,NOT_APPLICABLE_GLOBAL_BASELINE,HF9g-P5,,,,X 全窗基线 · 不参与实体赏罚,8398658,840,A168_HF9F_20260827_0900,2026-08-27 09:00:00
2026-07-10,141205185,948,0,72.2897787416,-21.1705780600,-21.1705780600,0.3333333,14,14,0.50090561428571429,0.500905614286,-1.1609767225209597,-1.1609767225229404,-1.1609767225209597,-2.8571E-13,ELIGIBLE,R03b_20260811_FULL_v1,L1_ELIGIBILITY,v2026-08-11,2026-03-21..2026-08-06,baccarat_bet02_101_all_pairs_incl_sentinel,round_win = game_pnl > 0 (decisive only),COMPATIBILITY_ONLY_NOT_PRODUCTION,23219.2981,20941.0295,483.4708,3644,3644,-0.02082194,-0.02082194,,-0.02082194,-483.4708,23219.2981,OK,0.0000,19.3388,4.0000,96.0000,AG03-UNRESOLVED,ALL5_LEVELS_bet23_to_bet27,19.3388,19.3388,19.3388,24.1735,24.1735,4.000000,4.000000,4.000000,5.000000,5.000000,96.000000,96.000000,96.000000,95.000000,95.000000,5.0,106.3636,97.4318,377.1072,386.039,PENDING_AG03,FALSE,NOT_FOR_ENFORCEMENT,464.1320,20103.3883,483.4708,464.1320,19.3388,0.02082194,0.01998906,19.3388,464.1320,0.01998906,19.3388,19.3388,19.3388,24.1735,24.1735,464.1320,0.01998906,106.3636,97.4318,377.1072,386.039,0.01624111,0.01662578,0.00083288,6.3719,5.7467,0.1327,24.1735,1.3696,1160.9649,182.2000,6.3719,,2.5818,5.1636,10.2741,10.3271,12.9089,15.4907,5.1636,0.0,2.5,3.0,1.234019,18,135,72,2,1.00000000,0.02082194,0.02082194,0E-8,0.000000,0.901880,0.010977,,2026-07-08,2026-08-06,20,353,182,30,0.666667,,1.000000,3.333333,,,,,,,,GLOBAL_BASELINE_NO_ENTITY_RANKING,,,NOT_APPLICABLE_GLOBAL_BASELINE,HF9g-P5,,,,X 全窗基线 · 不参与实体赏罚,8398659,840,A168_HF9F_20260827_0900,2026-08-27 09:00:00
2026-07-10,141205185,994,0,51.6355562440,-21.1705780600,-21.1705780600,0.2500000,10,10,0.50262914000000000,0.502629140000,-1.429105981330206,-1.429105981330206,-1.429105981330206,0E-17,ELIGIBLE,R03b_20260811_FULL_v1,L1_ELIGIBILITY,v2026-08-11,2026-03-21..2026-08-06,baccarat_bet02_101_all_pairs_incl_sentinel,round_win = game_pnl > 0 (decisive only),COMPATIBILITY_ONLY_NOT_PRODUCTION,23219.2981,20941.0295,483.4708,3644,3644,-0.02082194,-0.02082194,,-0.02082194,-483.4708,23219.2981,OK,0.0000,19.3388,4.0000,96.0000,AG03-UNRESOLVED,ALL5_LEVELS_bet23_to_bet27,19.3388,19.3388,19.3388,24.1735,24.1735,4.000000,4.000000,4.000000,5.000000,5.000000,96.000000,96.000000,96.000000,95.000000,95.000000,5.0,106.3636,97.4318,377.1072,386.039,PENDING_AG03,FALSE,NOT_FOR_ENFORCEMENT,464.1320,20103.3883,483.4708,464.1320,19.3388,0.02082194,0.01998906,19.3388,464.1320,0.01998906,19.3388,19.3388,19.3388,24.1735,24.1735,464.1320,0.01998906,106.3636,97.4318,377.1072,386.039,0.01624111,0.01662578,0.00083288,6.3719,5.7467,0.1327,24.1735,1.3696,1160.9649,182.2000,6.3719,,2.5818,5.1636,10.2741,10.3271,12.9089,15.4907,5.1636,0.0,2.5,3.0,1.234019,18,135,72,2,1.00000000,0.02082194,0.02082194,0E-8,0.000000,0.901880,0.010977,,2026-07-08,2026-08-06,20,353,182,30,0.666667,,1.000000,3.333333,,,,,,,,GLOBAL_BASELINE_NO_ENTITY_RANKING,,,NOT_APPLICABLE_GLOBAL_BASELINE,HF9g-P5,,,,X 全窗基线 · 不参与实体赏罚,8398660,840,A168_HF9F_20260827_0900,2026-08-27 09:00:00
2026-07-11,141205185,1109,0,61.9626674928,29.6904448404,29.6904448404,0.7500000,12,12,0.50106520000000000,0.501065200000,1.724674799300538,1.7246747993005382,1.724674799300538,0E-17,ELIGIBLE,R03b_20260811_FULL_v1,L1_ELIGIBILITY,v2026-08-11,2026-03-21..2026-08-06,baccarat_bet02_101_all_pairs_incl_sentinel,round_win = game_pnl > 0 (decisive only),COMPATIBILITY_ONLY_NOT_PRODUCTION,23219.2981,20941.0295,483.4708,3644,3644,-0.02082194,-0.02082194,,-0.02082194,-483.4708,23219.2981,OK,0.0000,19.3388,4.0000,96.0000,AG03-UNRESOLVED,ALL5_LEVELS_bet23_to_bet27,19.3388,19.3388,19.3388,24.1735,24.1735,4.000000,4.000000,4.000000,5.000000,5.000000,96.000000,96.000000,96.000000,95.000000,95.000000,5.0,106.3636,97.4318,377.1072,386.039,PENDING_AG03,FALSE,NOT_FOR_ENFORCEMENT,464.1320,20103.3883,483.4708,464.1320,19.3388,0.02082194,0.01998906,19.3388,464.1320,0.01998906,19.3388,19.3388,19.3388,24.1735,24.1735,464.1320,0.01998906,106.3636,97.4318,377.1072,386.039,0.01624111,0.01662578,0.00083288,6.3719,5.7467,0.1327,24.1735,1.3696,1160.9649,182.2000,6.3719,,2.5818,5.1636,10.2741,10.3271,12.9089,15.4907,5.1636,0.0,2.5,3.0,1.234019,18,135,72,2,1.00000000,0.02082194,0.02082194,0E-8,0.000000,0.901880,0.010977,,2026-07-08,2026-08-06,20,353,182,30,0.666667,,1.000000,3.333333,,,,,,,,GLOBAL_BASELINE_NO_ENTITY_RANKING,,,NOT_APPLICABLE_GLOBAL_BASELINE,HF9g-P5,,,,X 全窗基线 · 不参与实体赏罚,8398661,840,A168_HF9F_20260827_0900,2026-08-27 09:00:00
2026-07-11,141205185,1405,0,15.4906668732,2.4526889216,2.4526889216,0.6666667,6,6,0.49994810000000000,0.499948100000,0.5775300591747329,0.5775300591747329,0.5775300591747329,0E-17,ELIGIBLE,R03b_20260811_FULL_v1,L1_ELIGIBILITY,v2026-08-11,2026-03-21..2026-08-06,baccarat_bet02_101_all_pairs_incl_sentinel,round_win = game_pnl > 0 (decisive only),COMPATIBILITY_ONLY_NOT_PRODUCTION,23219.2981,20941.0295,483.4708,3644,3644,-0.02082194,-0.02082194,,-0.02082194,-483.4708,23219.2981,OK,0.0000,19.3388,4.0000,96.0000,AG03-UNRESOLVED,ALL5_LEVELS_bet23_to_bet27,19.3388,19.3388,19.3388,24.1735,24.1735,4.000000,4.000000,4.000000,5.000000,5.000000,96.000000,96.000000,96.000000,95.000000,95.000000,5.0,106.3636,97.4318,377.1072,386.039,PENDING_AG03,FALSE,NOT_FOR_ENFORCEMENT,464.1320,20103.3883,483.4708,464.1320,19.3388,0.02082194,0.01998906,19.3388,464.1320,0.01998906,19.3388,19.3388,19.3388,24.1735,24.1735,464.1320,0.01998906,106.3636,97.4318,377.1072,386.039,0.01624111,0.01662578,0.00083288,6.3719,5.7467,0.1327,24.1735,1.3696,1160.9649,182.2000,6.3719,,2.5818,5.1636,10.2741,10.3271,12.9089,15.4907,5.1636,0.0,2.5,3.0,1.234019,18,135,72,2,1.00000000,0.02082194,0.02082194,0E-8,0.000000,0.901880,0.010977,,2026-07-08,2026-08-06,20,353,182,30,0.666667,,1.000000,3.333333,,,,,,,,GLOBAL_BASELINE_NO_ENTITY_RANKING,,,NOT_APPLICABLE_GLOBAL_BASELINE,HF9g-P5,,,,X 全窗基线 · 不参与实体赏罚,8398662,840,A168_HF9F_20260827_0900,2026-08-27 09:00:00
2026-07-11,141205185,1710,0,30.9813337464,4.9053778432,4.9053778432,0.6000000,12,12,0.49994810000000000,0.499948100000,0.6327837798637467,0.6327837798637467,0.6327837798637467,0E-17,ELIGIBLE,R03b_20260811_FULL_v1,L1_ELIGIBILITY,v2026-08-11,2026-03-21..2026-08-06,baccarat_bet02_101_all_pairs_incl_sentinel,round_win = game_pnl > 0 (decisive only),COMPATIBILITY_ONLY_NOT_PRODUCTION,23219.2981,20941.0295,483.4708,3644,3644,-0.02082194,-0.02082194,,-0.02082194,-483.4708,23219.2981,OK,0.0000,19.3388,4.0000,96.0000,AG03-UNRESOLVED,ALL5_LEVELS_bet23_to_bet27,19.3388,19.3388,19.3388,24.1735,24.1735,4.000000,4.000000,4.000000,5.000000,5.000000,96.000000,96.000000,96.000000,95.000000,95.000000,5.0,106.3636,97.4318,377.1072,386.039,PENDING_AG03,FALSE,NOT_FOR_ENFORCEMENT,464.1320,20103.3883,483.4708,464.1320,19.3388,0.02082194,0.01998906,19.3388,464.1320,0.01998906,19.3388,19.3388,19.3388,24.1735,24.1735,464.1320,0.01998906,106.3636,97.4318,377.1072,386.039,0.01624111,0.01662578,0.00083288,6.3719,5.7467,0.1327,24.1735,1.3696,1160.9649,182.2000,6.3719,,2.5818,5.1636,10.2741,10.3271,12.9089,15.4907,5.1636,0.0,2.5,3.0,1.234019,18,135,72,2,1.00000000,0.02082194,0.02082194,0E-8,0.000000,0.901880,0.010977,,2026-07-08,2026-08-06,20,353,182,30,0.666667,,1.000000,3.333333,,,,,,,,GLOBAL_BASELINE_NO_ENTITY_RANKING,,,NOT_APPLICABLE_GLOBAL_BASELINE,HF9g-P5,,,,X 全窗基线 · 不参与实体赏罚,8398663,840,A168_HF9F_20260827_0900,2026-08-27 09:00:00
2026-07-11,141205185,1940,0,7.7453334366,-7.7453334366,-7.7453334366,0E-7,3,3,0.49324550000000000,0.493245500000,-1.708808463184432,-1.7088084631844318,-1.708808463184432,0E-17,ELIGIBLE,R03b_20260811_FULL_v1,L1_ELIGIBILITY,v2026-08-11,2026-03-21..2026-08-06,baccarat_bet02_101_all_pairs_incl_sentinel,round_win = game_pnl > 0 (decisive only),COMPATIBILITY_ONLY_NOT_PRODUCTION,23219.2981,20941.0295,483.4708,3644,3644,-0.02082194,-0.02082194,,-0.02082194,-483.4708,23219.2981,OK,0.0000,19.3388,4.0000,96.0000,AG03-UNRESOLVED,ALL5_LEVELS_bet23_to_bet27,19.3388,19.3388,19.3388,24.1735,24.1735,4.000000,4.000000,4.000000,5.000000,5.000000,96.000000,96.000000,96.000000,95.000000,95.000000,5.0,106.3636,97.4318,377.1072,386.039,PENDING_AG03,FALSE,NOT_FOR_ENFORCEMENT,464.1320,20103.3883,483.4708,464.1320,19.3388,0.02082194,0.01998906,19.3388,464.1320,0.01998906,19.3388,19.3388,19.3388,24.1735,24.1735,464.1320,0.01998906,106.3636,97.4318,377.1072,386.039,0.01624111,0.01662578,0.00083288,6.3719,5.7467,0.1327,24.1735,1.3696,1160.9649,182.2000,6.3719,,2.5818,5.1636,10.2741,10.3271,12.9089,15.4907,5.1636,0.0,2.5,3.0,1.234019,18,135,72,2,1.00000000,0.02082194,0.02082194,0E-8,0.000000,0.901880,0.010977,,2026-07-08,2026-08-06,20,353,182,30,0.666667,,1.000000,3.333333,,,,,,,,GLOBAL_BASELINE_NO_ENTITY_RANKING,,,NOT_APPLICABLE_GLOBAL_BASELINE,HF9g-P5,,,,X 全窗基线 · 不参与实体赏罚,8398664,840,A168_HF9F_20260827_0900,2026-08-27 09:00:00
2026-07-11,141205185,1990,0,10.3271112488,10.3271112488,10.3271112488,1.0000000,2,2,0.49324550000000000,0.493245500000,1.4334489766152358,1.4334489766152358,1.4334489766152358,0E-17,ELIGIBLE,R03b_20260811_FULL_v1,L1_ELIGIBILITY,v2026-08-11,2026-03-21..2026-08-06,baccarat_bet02_101_all_pairs_incl_sentinel,round_win = game_pnl > 0 (decisive only),COMPATIBILITY_ONLY_NOT_PRODUCTION,23219.2981,20941.0295,483.4708,3644,3644,-0.02082194,-0.02082194,,-0.02082194,-483.4708,23219.2981,OK,0.0000,19.3388,4.0000,96.0000,AG03-UNRESOLVED,ALL5_LEVELS_bet23_to_bet27,19.3388,19.3388,19.3388,24.1735,24.1735,4.000000,4.000000,4.000000,5.000000,5.000000,96.000000,96.000000,96.000000,95.000000,95.000000,5.0,106.3636,97.4318,377.1072,386.039,PENDING_AG03,FALSE,NOT_FOR_ENFORCEMENT,464.1320,20103.3883,483.4708,464.1320,19.3388,0.02082194,0.01998906,19.3388,464.1320,0.01998906,19.3388,19.3388,19.3388,24.1735,24.1735,464.1320,0.01998906,106.3636,97.4318,377.1072,386.039,0.01624111,0.01662578,0.00083288,6.3719,5.7467,0.1327,24.1735,1.3696,1160.9649,182.2000,6.3719,,2.5818,5.1636,10.2741,10.3271,12.9089,15.4907,5.1636,0.0,2.5,3.0,1.234019,18,135,72,2,1.00000000,0.02082194,0.02082194,0E-8,0.000000,0.901880,0.010977,,2026-07-08,2026-08-06,20,353,182,30,0.666667,,1.000000,3.333333,,,,,,,,GLOBAL_BASELINE_NO_ENTITY_RANKING,,,NOT_APPLICABLE_GLOBAL_BASELINE,HF9g-P5,,,,X 全窗基线 · 不参与实体赏罚,8398665,840,A168_HF9F_20260827_0900,2026-08-27 09:00:00
2026-07-11,141205185,2155,0,25.8177781220,-8.1326001084,-8.1326001084,0.3333333,10,10,0.50262914000000000,0.502629140000,-1.015788883128781,-1.015788883128781,-1.015788883128781,0E-17,ELIGIBLE,R03b_20260811_FULL_v1,L1_ELIGIBILITY,v2026-08-11,2026-03-21..2026-08-06,baccarat_bet02_101_all_pairs_incl_sentinel,round_win = game_pnl > 0 (decisive only),COMPATIBILITY_ONLY_NOT_PRODUCTION,23219.2981,20941.0295,483.4708,3644,3644,-0.02082194,-0.02082194,,-0.02082194,-483.4708,23219.2981,OK,0.0000,19.3388,4.0000,96.0000,AG03-UNRESOLVED,ALL5_LEVELS_bet23_to_bet27,19.3388,19.3388,19.3388,24.1735,24.1735,4.000000,4.000000,4.000000,5.000000,5.000000,96.000000,96.000000,96.000000,95.000000,95.000000,5.0,106.3636,97.4318,377.1072,386.039,PENDING_AG03,FALSE,NOT_FOR_ENFORCEMENT,464.1320,20103.3883,483.4708,464.1320,19.3388,0.02082194,0.01998906,19.3388,464.1320,0.01998906,19.3388,19.3388,19.3388,24.1735,24.1735,464.1320,0.01998906,106.3636,97.4318,377.1072,386.039,0.01624111,0.01662578,0.00083288,6.3719,5.7467,0.1327,24.1735,1.3696,1160.9649,182.2000,6.3719,,2.5818,5.1636,10.2741,10.3271,12.9089,15.4907,5.1636,0.0,2.5,3.0,1.234019,18,135,72,2,1.00000000,0.02082194,0.02082194,0E-8,0.000000,0.901880,0.010977,,2026-07-08,2026-08-06,20,353,182,30,0.666667,,1.000000,3.333333,,,,,,,,GLOBAL_BASELINE_NO_ENTITY_RANKING,,,NOT_APPLICABLE_GLOBAL_BASELINE,HF9g-P5,,,,X 全窗基线 · 不参与实体赏罚,8398666,840,A168_HF9F_20260827_0900,2026-08-27 09:00:00
2026-07-11,141205185,2174,0,28.3995559342,-2.8399555934,-2.8399555934,0.4545455,11,11,0.49812011818181818,0.498120118182,-0.28904366223770966,-0.2890436622389153,-0.28904366223770966,-1.8182E-13,ELIGIBLE,R03b_20260811_FULL_v1,L1_ELIGIBILITY,v2026-08-11,2026-03-21..2026-08-06,baccarat_bet02_101_all_pairs_incl_sentinel,round_win = game_pnl > 0 (decisive only),COMPATIBILITY_ONLY_NOT_PRODUCTION,23219.2981,20941.0295,483.4708,3644,3644,-0.02082194,-0.02082194,,-0.02082194,-483.4708,23219.2981,OK,0.0000,19.3388,4.0000,96.0000,AG03-UNRESOLVED,ALL5_LEVELS_bet23_to_bet27,19.3388,19.3388,19.3388,24.1735,24.1735,4.000000,4.000000,4.000000,5.000000,5.000000,96.000000,96.000000,96.000000,95.000000,95.000000,5.0,106.3636,97.4318,377.1072,386.039,PENDING_AG03,FALSE,NOT_FOR_ENFORCEMENT,464.1320,20103.3883,483.4708,464.1320,19.3388,0.02082194,0.01998906,19.3388,464.1320,0.01998906,19.3388,19.3388,19.3388,24.1735,24.1735,464.1320,0.01998906,106.3636,97.4318,377.1072,386.039,0.01624111,0.01662578,0.00083288,6.3719,5.7467,0.1327,24.1735,1.3696,1160.9649,182.2000,6.3719,,2.5818,5.1636,10.2741,10.3271,12.9089,15.4907,5.1636,0.0,2.5,3.0,1.234019,18,135,72,2,1.00000000,0.02082194,0.02082194,0E-8,0.000000,0.901880,0.010977,,2026-07-08,2026-08-06,20,353,182,30,0.666667,,1.000000,3.333333,,,,,,,,GLOBAL_BASELINE_NO_ENTITY_RANKING,,,NOT_APPLICABLE_GLOBAL_BASELINE,HF9g-P5,,,,X 全窗基线 · 不参与实体赏罚,8398667,840,A168_HF9F_20260827_0900,2026-08-27 09:00:00
2026-07-11,141205185,2222,0,61.9626674928,9.8107556864,9.8107556864,0.5833333,12,12,0.49883100000000000,0.498831000000,0.5854509388768454,0.5854509388768454,0.5854509388768454,0E-17,ELIGIBLE,R03b_20260811_FULL_v1,L1_ELIGIBILITY,v2026-08-11,2026-03-21..2026-08-06,baccarat_bet02_101_all_pairs_incl_sentinel,round_win = game_pnl > 0 (decisive only),COMPATIBILITY_ONLY_NOT_PRODUCTION,23219.2981,20941.0295,483.4708,3644,3644,-0.02082194,-0.02082194,,-0.02082194,-483.4708,23219.2981,OK,0.0000,19.3388,4.0000,96.0000,AG03-UNRESOLVED,ALL5_LEVELS_bet23_to_bet27,19.3388,19.3388,19.3388,24.1735,24.1735,4.000000,4.000000,4.000000,5.000000,5.000000,96.000000,96.000000,96.000000,95.000000,95.000000,5.0,106.3636,97.4318,377.1072,386.039,PENDING_AG03,FALSE,NOT_FOR_ENFORCEMENT,464.1320,20103.3883,483.4708,464.1320,19.3388,0.02082194,0.01998906,19.3388,464.1320,0.01998906,19.3388,19.3388,19.3388,24.1735,24.1735,464.1320,0.01998906,106.3636,97.4318,377.1072,386.039,0.01624111,0.01662578,0.00083288,6.3719,5.7467,0.1327,24.1735,1.3696,1160.9649,182.2000,6.3719,,2.5818,5.1636,10.2741,10.3271,12.9089,15.4907,5.1636,0.0,2.5,3.0,1.234019,18,135,72,2,1.00000000,0.02082194,0.02082194,0E-8,0.000000,0.901880,0.010977,,2026-07-08,2026-08-06,20,353,182,30,0.666667,,1.000000,3.333333,,,,,,,,GLOBAL_BASELINE_NO_ENTITY_RANKING,,,NOT_APPLICABLE_GLOBAL_BASELINE,HF9g-P5,,,,X 全窗基线 · 不参与实体赏罚,8398668,840,A168_HF9F_20260827_0900,2026-08-27 09:00:00
2026-07-11,141205185,2267,0,18.0724446854,-2.8399555934,-2.8399555934,0.4285714,7,7,0.49899058571428571,0.498990585714,-0.3726239140161595,-0.3726239140146481,-0.3726239140161595,2.8571E-13,ELIGIBLE,R03b_20260811_FULL_v1,L1_ELIGIBILITY,v2026-08-11,2026-03-21..2026-08-06,baccarat_bet02_101_all_pairs_incl_sentinel,round_win = game_pnl > 0 (decisive only),COMPATIBILITY_ONLY_NOT_PRODUCTION,23219.2981,20941.0295,483.4708,3644,3644,-0.02082194,-0.02082194,,-0.02082194,-483.4708,23219.2981,OK,0.0000,19.3388,4.0000,96.0000,AG03-UNRESOLVED,ALL5_LEVELS_bet23_to_bet27,19.3388,19.3388,19.3388,24.1735,24.1735,4.000000,4.000000,4.000000,5.000000,5.000000,96.000000,96.000000,96.000000,95.000000,95.000000,5.0,106.3636,97.4318,377.1072,386.039,PENDING_AG03,FALSE,NOT_FOR_ENFORCEMENT,464.1320,20103.3883,483.4708,464.1320,19.3388,0.02082194,0.01998906,19.3388,464.1320,0.01998906,19.3388,19.3388,19.3388,24.1735,24.1735,464.1320,0.01998906,106.3636,97.4318,377.1072,386.039,0.01624111,0.01662578,0.00083288,6.3719,5.7467,0.1327,24.1735,1.3696,1160.9649,182.2000,6.3719,,2.5818,5.1636,10.2741,10.3271,12.9089,15.4907,5.1636,0.0,2.5,3.0,1.234019,18,135,72,2,1.00000000,0.02082194,0.02082194,0E-8,0.000000,0.901880,0.010977,,2026-07-08,2026-08-06,20,353,182,30,0.666667,,1.000000,3.333333,,,,,,,,GLOBAL_BASELINE_NO_ENTITY_RANKING,,,NOT_APPLICABLE_GLOBAL_BASELINE,HF9g-P5,,,,X 全窗基线 · 不参与实体赏罚,8398669,840,A168_HF9F_20260827_0900,2026-08-27 09:00:00
2026-07-11,141205185,2281,0,25.8177781220,-20.6542224976,-20.6542224976,0E-7,5,5,0.49324550000000000,0.493245500000,-1.973162052426085,-1.973162052426085,-1.973162052426085,0E-17,ELIGIBLE,R03b_20260811_FULL_v1,L1_ELIGIBILITY,v2026-08-11,2026-03-21..2026-08-06,baccarat_bet02_101_all_pairs_incl_sentinel,round_win = game_pnl > 0 (decisive only),COMPATIBILITY_ONLY_NOT_PRODUCTION,23219.2981,20941.0295,483.4708,3644,3644,-0.02082194,-0.02082194,,-0.02082194,-483.4708,23219.2981,OK,0.0000,19.3388,4.0000,96.0000,AG03-UNRESOLVED,ALL5_LEVELS_bet23_to_bet27,19.3388,19.3388,19.3388,24.1735,24.1735,4.000000,4.000000,4.000000,5.000000,5.000000,96.000000,96.000000,96.000000,95.000000,95.000000,5.0,106.3636,97.4318,377.1072,386.039,PENDING_AG03,FALSE,NOT_FOR_ENFORCEMENT,464.1320,20103.3883,483.4708,464.1320,19.3388,0.02082194,0.01998906,19.3388,464.1320,0.01998906,19.3388,19.3388,19.3388,24.1735,24.1735,464.1320,0.01998906,106.3636,97.4318,377.1072,386.039,0.01624111,0.01662578,0.00083288,6.3719,5.7467,0.1327,24.1735,1.3696,1160.9649,182.2000,6.3719,,2.5818,5.1636,10.2741,10.3271,12.9089,15.4907,5.1636,0.0,2.5,3.0,1.234019,18,135,72,2,1.00000000,0.02082194,0.02082194,0E-8,0.000000,0.901880,0.010977,,2026-07-08,2026-08-06,20,353,182,30,0.666667,,1.000000,3.333333,,,,,,,,GLOBAL_BASELINE_NO_ENTITY_RANKING,,,NOT_APPLICABLE_GLOBAL_BASELINE,HF9g-P5,,,,X 全窗基线 · 不参与实体赏罚,8398670,840,A168_HF9F_20260827_0900,2026-08-27 09:00:00
2026-07-11,141205185,595,0,2.5817778122,2.5817778122,2.5817778122,1.0000000,1,1,0.49324550000000000,0.493245500000,1.01360149184955,1.01360149184955,1.01360149184955,0E-17,ELIGIBLE,R03b_20260811_FULL_v1,L1_ELIGIBILITY,v2026-08-11,2026-03-21..2026-08-06,baccarat_bet02_101_all_pairs_incl_sentinel,round_win = game_pnl > 0 (decisive only),COMPATIBILITY_ONLY_NOT_PRODUCTION,23219.2981,20941.0295,483.4708,3644,3644,-0.02082194,-0.02082194,,-0.02082194,-483.4708,23219.2981,OK,0.0000,19.3388,4.0000,96.0000,AG03-UNRESOLVED,ALL5_LEVELS_bet23_to_bet27,19.3388,19.3388,19.3388,24.1735,24.1735,4.000000,4.000000,4.000000,5.000000,5.000000,96.000000,96.000000,96.000000,95.000000,95.000000,5.0,106.3636,97.4318,377.1072,386.039,PENDING_AG03,FALSE,NOT_FOR_ENFORCEMENT,464.1320,20103.3883,483.4708,464.1320,19.3388,0.02082194,0.01998906,19.3388,464.1320,0.01998906,19.3388,19.3388,19.3388,24.1735,24.1735,464.1320,0.01998906,106.3636,97.4318,377.1072,386.039,0.01624111,0.01662578,0.00083288,6.3719,5.7467,0.1327,24.1735,1.3696,1160.9649,182.2000,6.3719,,2.5818,5.1636,10.2741,10.3271,12.9089,15.4907,5.1636,0.0,2.5,3.0,1.234019,18,135,72,2,1.00000000,0.02082194,0.02082194,0E-8,0.000000,0.901880,0.010977,,2026-07-08,2026-08-06,20,353,182,30,0.666667,,1.000000,3.333333,,,,,,,,GLOBAL_BASELINE_NO_ENTITY_RANKING,,,NOT_APPLICABLE_GLOBAL_BASELINE,HF9g-P5,,,,X 全窗基线 · 不参与实体赏罚,8398671,840,A168_HF9F_20260827_0900,2026-08-27 09:00:00
2026-07-12,141205185,1004,0,10.3271112488,10.3271112488,10.3271112488,1.0000000,2,2,0.49324550000000000,0.493245500000,1.4334489766152358,1.4334489766152358,1.4334489766152358,0E-17,ELIGIBLE,R03b_20260811_FULL_v1,L1_ELIGIBILITY,v2026-08-11,2026-03-21..2026-08-06,baccarat_bet02_101_all_pairs_incl_sentinel,round_win = game_pnl > 0 (decisive only),COMPATIBILITY_ONLY_NOT_PRODUCTION,23219.2981,20941.0295,483.4708,3644,3644,-0.02082194,-0.02082194,,-0.02082194,-483.4708,23219.2981,OK,0.0000,19.3388,4.0000,96.0000,AG03-UNRESOLVED,ALL5_LEVELS_bet23_to_bet27,19.3388,19.3388,19.3388,24.1735,24.1735,4.000000,4.000000,4.000000,5.000000,5.000000,96.000000,96.000000,96.000000,95.000000,95.000000,5.0,106.3636,97.4318,377.1072,386.039,PENDING_AG03,FALSE,NOT_FOR_ENFORCEMENT,464.1320,20103.3883,483.4708,464.1320,19.3388,0.02082194,0.01998906,19.3388,464.1320,0.01998906,19.3388,19.3388,19.3388,24.1735,24.1735,464.1320,0.01998906,106.3636,97.4318,377.1072,386.039,0.01624111,0.01662578,0.00083288,6.3719,5.7467,0.1327,24.1735,1.3696,1160.9649,182.2000,6.3719,,2.5818,5.1636,10.2741,10.3271,12.9089,15.4907,5.1636,0.0,2.5,3.0,1.234019,18,135,72,2,1.00000000,0.02082194,0.02082194,0E-8,0.000000,0.901880,0.010977,,2026-07-08,2026-08-06,20,353,182,30,0.666667,,1.000000,3.333333,,,,,,,,GLOBAL_BASELINE_NO_ENTITY_RANKING,,,NOT_APPLICABLE_GLOBAL_BASELINE,HF9g-P5,,,,X 全窗基线 · 不参与实体赏罚,8398672,840,A168_HF9F_20260827_0900,2026-08-27 09:00:00
2026-07-12,141205185,1205,0,30.9813337464,0E-10,0E-10,,2,2,0.49994810000000000,0.499948100000,,,,0E-17,NO_DECISIVE_ROUND,R03b_20260811_FULL_v1,L1_ELIGIBILITY,v2026-08-11,2026-03-21..2026-08-06,baccarat_bet02_101_all_pairs_incl_sentinel,round_win = game_pnl > 0 (decisive only),COMPATIBILITY_ONLY_NOT_PRODUCTION,23219.2981,20941.0295,483.4708,3644,3644,-0.02082194,-0.02082194,,-0.02082194,-483.4708,23219.2981,OK,0.0000,19.3388,4.0000,96.0000,AG03-UNRESOLVED,ALL5_LEVELS_bet23_to_bet27,19.3388,19.3388,19.3388,24.1735,24.1735,4.000000,4.000000,4.000000,5.000000,5.000000,96.000000,96.000000,96.000000,95.000000,95.000000,5.0,106.3636,97.4318,377.1072,386.039,PENDING_AG03,FALSE,NOT_FOR_ENFORCEMENT,464.1320,20103.3883,483.4708,464.1320,19.3388,0.02082194,0.01998906,19.3388,464.1320,0.01998906,19.3388,19.3388,19.3388,24.1735,24.1735,464.1320,0.01998906,106.3636,97.4318,377.1072,386.039,0.01624111,0.01662578,0.00083288,6.3719,5.7467,0.1327,24.1735,1.3696,1160.9649,182.2000,6.3719,,2.5818,5.1636,10.2741,10.3271,12.9089,15.4907,5.1636,0.0,2.5,3.0,1.234019,18,135,72,2,1.00000000,0.02082194,0.02082194,0E-8,0.000000,0.901880,0.010977,,2026-07-08,2026-08-06,20,353,182,30,0.666667,,1.000000,3.333333,,,,,,,,GLOBAL_BASELINE_NO_ENTITY_RANKING,,,NOT_APPLICABLE_GLOBAL_BASELINE,HF9g-P5,,,,X 全窗基线 · 不参与实体赏罚,8398673,840,A168_HF9F_20260827_0900,2026-08-27 09:00:00
2026-07-12,141205185,1307,0,5.1635556244,0E-10,0E-10,,1,1,0.49324550000000000,0.493245500000,,,,0E-17,NO_DECISIVE_ROUND,R03b_20260811_FULL_v1,L1_ELIGIBILITY,v2026-08-11,2026-03-21..2026-08-06,baccarat_bet02_101_all_pairs_incl_sentinel,round_win = game_pnl > 0 (decisive only),COMPATIBILITY_ONLY_NOT_PRODUCTION,23219.2981,20941.0295,483.4708,3644,3644,-0.02082194,-0.02082194,,-0.02082194,-483.4708,23219.2981,OK,0.0000,19.3388,4.0000,96.0000,AG03-UNRESOLVED,ALL5_LEVELS_bet23_to_bet27,19.3388,19.3388,19.3388,24.1735,24.1735,4.000000,4.000000,4.000000,5.000000,5.000000,96.000000,96.000000,96.000000,95.000000,95.000000,5.0,106.3636,97.4318,377.1072,386.039,PENDING_AG03,FALSE,NOT_FOR_ENFORCEMENT,464.1320,20103.3883,483.4708,464.1320,19.3388,0.02082194,0.01998906,19.3388,464.1320,0.01998906,19.3388,19.3388,19.3388,24.1735,24.1735,464.1320,0.01998906,106.3636,97.4318,377.1072,386.039,0.01624111,0.01662578,0.00083288,6.3719,5.7467,0.1327,24.1735,1.3696,1160.9649,182.2000,6.3719,,2.5818,5.1636,10.2741,10.3271,12.9089,15.4907,5.1636,0.0,2.5,3.0,1.234019,18,135,72,2,1.00000000,0.02082194,0.02082194,0E-8,0.000000,0.901880,0.010977,,2026-07-08,2026-08-06,20,353,182,30,0.666667,,1.000000,3.333333,,,,,,,,GLOBAL_BASELINE_NO_ENTITY_RANKING,,,NOT_APPLICABLE_GLOBAL_BASELINE,HF9g-P5,,,,X 全窗基线 · 不参与实体赏罚,8398674,840,A168_HF9F_20260827_0900,2026-08-27 09:00:00
2026-07-12,141205185,1331,0,46.4720006196,-5.6799111868,-5.6799111868,0.4444444,9,9,0.50069283333333333,0.500692833333,-0.33749065733668826,-0.337490657334688,-0.33749065733668826,3.3333E-13,ELIGIBLE,R03b_20260811_FULL_v1,L1_ELIGIBILITY,v2026-08-11,2026-03-21..2026-08-06,baccarat_bet02_101_all_pairs_incl_sentinel,round_win = game_pnl > 0 (decisive only),COMPATIBILITY_ONLY_NOT_PRODUCTION,23219.2981,20941.0295,483.4708,3644,3644,-0.02082194,-0.02082194,,-0.02082194,-483.4708,23219.2981,OK,0.0000,19.3388,4.0000,96.0000,AG03-UNRESOLVED,ALL5_LEVELS_bet23_to_bet27,19.3388,19.3388,19.3388,24.1735,24.1735,4.000000,4.000000,4.000000,5.000000,5.000000,96.000000,96.000000,96.000000,95.000000,95.000000,5.0,106.3636,97.4318,377.1072,386.039,PENDING_AG03,FALSE,NOT_FOR_ENFORCEMENT,464.1320,20103.3883,483.4708,464.1320,19.3388,0.02082194,0.01998906,19.3388,464.1320,0.01998906,19.3388,19.3388,19.3388,24.1735,24.1735,464.1320,0.01998906,106.3636,97.4318,377.1072,386.039,0.01624111,0.01662578,0.00083288,6.3719,5.7467,0.1327,24.1735,1.3696,1160.9649,182.2000,6.3719,,2.5818,5.1636,10.2741,10.3271,12.9089,15.4907,5.1636,0.0,2.5,3.0,1.234019,18,135,72,2,1.00000000,0.02082194,0.02082194,0E-8,0.000000,0.901880,0.010977,,2026-07-08,2026-08-06,20,353,182,30,0.666667,,1.000000,3.333333,,,,,,,,GLOBAL_BASELINE_NO_ENTITY_RANKING,,,NOT_APPLICABLE_GLOBAL_BASELINE,HF9g-P5,,,,X 全窗基线 · 不参与实体赏罚,8398675,840,A168_HF9F_20260827_0900,2026-08-27 09:00:00
2026-07-12,141205185,1353,0,46.4720006196,-10.8434668112,-10.8434668112,0.3750000,9,9,0.50069283333333333,0.500692833333,-0.7110267209840203,-0.7110267209821342,-0.7110267209840203,3.3333E-13,ELIGIBLE,R03b_20260811_FULL_v1,L1_ELIGIBILITY,v2026-08-11,2026-03-21..2026-08-06,baccarat_bet02_101_all_pairs_incl_sentinel,round_win = game_pnl > 0 (decisive only),COMPATIBILITY_ONLY_NOT_PRODUCTION,23219.2981,20941.0295,483.4708,3644,3644,-0.02082194,-0.02082194,,-0.02082194,-483.4708,23219.2981,OK,0.0000,19.3388,4.0000,96.0000,AG03-UNRESOLVED,ALL5_LEVELS_bet23_to_bet27,19.3388,19.3388,19.3388,24.1735,24.1735,4.000000,4.000000,4.000000,5.000000,5.000000,96.000000,96.000000,96.000000,95.000000,95.000000,5.0,106.3636,97.4318,377.1072,386.039,PENDING_AG03,FALSE,NOT_FOR_ENFORCEMENT,464.1320,20103.3883,483.4708,464.1320,19.3388,0.02082194,0.01998906,19.3388,464.1320,0.01998906,19.3388,19.3388,19.3388,24.1735,24.1735,464.1320,0.01998906,106.3636,97.4318,377.1072,386.039,0.01624111,0.01662578,0.00083288,6.3719,5.7467,0.1327,24.1735,1.3696,1160.9649,182.2000,6.3719,,2.5818,5.1636,10.2741,10.3271,12.9089,15.4907,5.1636,0.0,2.5,3.0,1.234019,18,135,72,2,1.00000000,0.02082194,0.02082194,0E-8,0.000000,0.901880,0.010977,,2026-07-08,2026-08-06,20,353,182,30,0.666667,,1.000000,3.333333,,,,,,,,GLOBAL_BASELINE_NO_ENTITY_RANKING,,,NOT_APPLICABLE_GLOBAL_BASELINE,HF9g-P5,,,,X 全窗基线 · 不参与实体赏罚,8398676,840,A168_HF9F_20260827_0900,2026-08-27 09:00:00
2026-07-12,141205185,1382,0,67.1262231172,3.8726667184,3.8726667184,0.5454545,13,13,0.50149485384615385,0.501494853846,0.29159690913037223,0.29159690913139247,0.29159690913037223,1.5385E-13,ELIGIBLE,R03b_20260811_FULL_v1,L1_ELIGIBILITY,v2026-08-11,2026-03-21..2026-08-06,baccarat_bet02_101_all_pairs_incl_sentinel,round_win = game_pnl > 0 (decisive only),COMPATIBILITY_ONLY_NOT_PRODUCTION,23219.2981,20941.0295,483.4708,3644,3644,-0.02082194,-0.02082194,,-0.02082194,-483.4708,23219.2981,OK,0.0000,19.3388,4.0000,96.0000,AG03-UNRESOLVED,ALL5_LEVELS_bet23_to_bet27,19.3388,19.3388,19.3388,24.1735,24.1735,4.000000,4.000000,4.000000,5.000000,5.000000,96.000000,96.000000,96.000000,95.000000,95.000000,5.0,106.3636,97.4318,377.1072,386.039,PENDING_AG03,FALSE,NOT_FOR_ENFORCEMENT,464.1320,20103.3883,483.4708,464.1320,19.3388,0.02082194,0.01998906,19.3388,464.1320,0.01998906,19.3388,19.3388,19.3388,24.1735,24.1735,464.1320,0.01998906,106.3636,97.4318,377.1072,386.039,0.01624111,0.01662578,0.00083288,6.3719,5.7467,0.1327,24.1735,1.3696,1160.9649,182.2000,6.3719,,2.5818,5.1636,10.2741,10.3271,12.9089,15.4907,5.1636,0.0,2.5,3.0,1.234019,18,135,72,2,1.00000000,0.02082194,0.02082194,0E-8,0.000000,0.901880,0.010977,,2026-07-08,2026-08-06,20,353,182,30,0.666667,,1.000000,3.333333,,,,,,,,GLOBAL_BASELINE_NO_ENTITY_RANKING,,,NOT_APPLICABLE_GLOBAL_BASELINE,HF9g-P5,,,,X 全窗基线 · 不参与实体赏罚,8398677,840,A168_HF9F_20260827_0900,2026-08-27 09:00:00
2026-07-12,141205185,1396,0,12.9088890610,-12.9088890610,-12.9088890610,0E-7,1,1,0.49324550000000000,0.493245500000,-0.9865810262130424,-0.9865810262130424,-0.9865810262130424,0E-17,ELIGIBLE,R03b_20260811_FULL_v1,L1_ELIGIBILITY,v2026-08-11,2026-03-21..2026-08-06,baccarat_bet02_101_all_pairs_incl_sentinel,round_win = game_pnl > 0 (decisive only),COMPATIBILITY_ONLY_NOT_PRODUCTION,23219.2981,20941.0295,483.4708,3644,3644,-0.02082194,-0.02082194,,-0.02082194,-483.4708,23219.2981,OK,0.0000,19.3388,4.0000,96.0000,AG03-UNRESOLVED,ALL5_LEVELS_bet23_to_bet27,19.3388,19.3388,19.3388,24.1735,24.1735,4.000000,4.000000,4.000000,5.000000,5.000000,96.000000,96.000000,96.000000,95.000000,95.000000,5.0,106.3636,97.4318,377.1072,386.039,PENDING_AG03,FALSE,NOT_FOR_ENFORCEMENT,464.1320,20103.3883,483.4708,464.1320,19.3388,0.02082194,0.01998906,19.3388,464.1320,0.01998906,19.3388,19.3388,19.3388,24.1735,24.1735,464.1320,0.01998906,106.3636,97.4318,377.1072,386.039,0.01624111,0.01662578,0.00083288,6.3719,5.7467,0.1327,24.1735,1.3696,1160.9649,182.2000,6.3719,,2.5818,5.1636,10.2741,10.3271,12.9089,15.4907,5.1636,0.0,2.5,3.0,1.234019,18,135,72,2,1.00000000,0.02082194,0.02082194,0E-8,0.000000,0.901880,0.010977,,2026-07-08,2026-08-06,20,353,182,30,0.666667,,1.000000,3.333333,,,,,,,,GLOBAL_BASELINE_NO_ENTITY_RANKING,,,NOT_APPLICABLE_GLOBAL_BASELINE,HF9g-P5,,,,X 全窗基线 · 不参与实体赏罚,8398678,840,A168_HF9F_20260827_0900,2026-08-27 09:00:00
2026-07-12,141205185,1402,0,5.1635556244,-5.1635556244,-5.1635556244,0E-7,1,1,0.49324550000000000,0.493245500000,-0.9865810262130424,-0.9865810262130424,-0.9865810262130424,0E-17,ELIGIBLE,R03b_20260811_FULL_v1,L1_ELIGIBILITY,v2026-08-11,2026-03-21..2026-08-06,baccarat_bet02_101_all_pairs_incl_sentinel,round_win = game_pnl > 0 (decisive only),COMPATIBILITY_ONLY_NOT_PRODUCTION,23219.2981,20941.0295,483.4708,3644,3644,-0.02082194,-0.02082194,,-0.02082194,-483.4708,23219.2981,OK,0.0000,19.3388,4.0000,96.0000,AG03-UNRESOLVED,ALL5_LEVELS_bet23_to_bet27,19.3388,19.3388,19.3388,24.1735,24.1735,4.000000,4.000000,4.000000,5.000000,5.000000,96.000000,96.000000,96.000000,95.000000,95.000000,5.0,106.3636,97.4318,377.1072,386.039,PENDING_AG03,FALSE,NOT_FOR_ENFORCEMENT,464.1320,20103.3883,483.4708,464.1320,19.3388,0.02082194,0.01998906,19.3388,464.1320,0.01998906,19.3388,19.3388,19.3388,24.1735,24.1735,464.1320,0.01998906,106.3636,97.4318,377.1072,386.039,0.01624111,0.01662578,0.00083288,6.3719,5.7467,0.1327,24.1735,1.3696,1160.9649,182.2000,6.3719,,2.5818,5.1636,10.2741,10.3271,12.9089,15.4907,5.1636,0.0,2.5,3.0,1.234019,18,135,72,2,1.00000000,0.02082194,0.02082194,0E-8,0.000000,0.901880,0.010977,,2026-07-08,2026-08-06,20,353,182,30,0.666667,,1.000000,3.333333,,,,,,,,GLOBAL_BASELINE_NO_ENTITY_RANKING,,,NOT_APPLICABLE_GLOBAL_BASELINE,HF9g-P5,,,,X 全窗基线 · 不参与实体赏罚,8398679,840,A168_HF9F_20260827_0900,2026-08-27 09:00:00
2026-07-12,141205185,1405,0,77.4533343660,-25.8177781220,-25.8177781220,0.4000000,5,5,0.49324550000000000,0.493245500000,-0.4170446088060018,-0.4170446088060018,-0.4170446088060018,0E-17,ELIGIBLE,R03b_20260811_FULL_v1,L1_ELIGIBILITY,v2026-08-11,2026-03-21..2026-08-06,baccarat_bet02_101_all_pairs_incl_sentinel,round_win = game_pnl > 0 (decisive only),COMPATIBILITY_ONLY_NOT_PRODUCTION,23219.2981,20941.0295,483.4708,3644,3644,-0.02082194,-0.02082194,,-0.02082194,-483.4708,23219.2981,OK,0.0000,19.3388,4.0000,96.0000,AG03-UNRESOLVED,ALL5_LEVELS_bet23_to_bet27,19.3388,19.3388,19.3388,24.1735,24.1735,4.000000,4.000000,4.000000,5.000000,5.000000,96.000000,96.000000,96.000000,95.000000,95.000000,5.0,106.3636,97.4318,377.1072,386.039,PENDING_AG03,FALSE,NOT_FOR_ENFORCEMENT,464.1320,20103.3883,483.4708,464.1320,19.3388,0.02082194,0.01998906,19.3388,464.1320,0.01998906,19.3388,19.3388,19.3388,24.1735,24.1735,464.1320,0.01998906,106.3636,97.4318,377.1072,386.039,0.01624111,0.01662578,0.00083288,6.3719,5.7467,0.1327,24.1735,1.3696,1160.9649,182.2000,6.3719,,2.5818,5.1636,10.2741,10.3271,12.9089,15.4907,5.1636,0.0,2.5,3.0,1.234019,18,135,72,2,1.00000000,0.02082194,0.02082194,0E-8,0.000000,0.901880,0.010977,,2026-07-08,2026-08-06,20,353,182,30,0.666667,,1.000000,3.333333,,,,,,,,GLOBAL_BASELINE_NO_ENTITY_RANKING,,,NOT_APPLICABLE_GLOBAL_BASELINE,HF9g-P5,,,,X 全窗基线 · 不参与实体赏罚,8398680,840,A168_HF9F_20260827_0900,2026-08-27 09:00:00
2026-07-12,141205185,1505,0,105.8528903002,17.0397335606,17.0397335606,0.6428571,16,16,0.49994810000000000,0.499948100000,1.0694333574477175,1.0694333574477175,1.0694333574477175,0E-17,ELIGIBLE,R03b_20260811_FULL_v1,L1_ELIGIBILITY,v2026-08-11,2026-03-21..2026-08-06,baccarat_bet02_101_all_pairs_incl_sentinel,round_win = game_pnl > 0 (decisive only),COMPATIBILITY_ONLY_NOT_PRODUCTION,23219.2981,20941.0295,483.4708,3644,3644,-0.02082194,-0.02082194,,-0.02082194,-483.4708,23219.2981,OK,0.0000,19.3388,4.0000,96.0000,AG03-UNRESOLVED,ALL5_LEVELS_bet23_to_bet27,19.3388,19.3388,19.3388,24.1735,24.1735,4.000000,4.000000,4.000000,5.000000,5.000000,96.000000,96.000000,96.000000,95.000000,95.000000,5.0,106.3636,97.4318,377.1072,386.039,PENDING_AG03,FALSE,NOT_FOR_ENFORCEMENT,464.1320,20103.3883,483.4708,464.1320,19.3388,0.02082194,0.01998906,19.3388,464.1320,0.01998906,19.3388,19.3388,19.3388,24.1735,24.1735,464.1320,0.01998906,106.3636,97.4318,377.1072,386.039,0.01624111,0.01662578,0.00083288,6.3719,5.7467,0.1327,24.1735,1.3696,1160.9649,182.2000,6.3719,,2.5818,5.1636,10.2741,10.3271,12.9089,15.4907,5.1636,0.0,2.5,3.0,1.234019,18,135,72,2,1.00000000,0.02082194,0.02082194,0E-8,0.000000,0.901880,0.010977,,2026-07-08,2026-08-06,20,353,182,30,0.666667,,1.000000,3.333333,,,,,,,,GLOBAL_BASELINE_NO_ENTITY_RANKING,,,NOT_APPLICABLE_GLOBAL_BASELINE,HF9g-P5,,,,X 全窗基线 · 不参与实体赏罚,8398681,840,A168_HF9F_20260827_0900,2026-08-27 09:00:00
2026-07-12,141205185,1623,0,25.8177781220,-10.3271112488,-10.3271112488,0.2500000,5,5,0.50128862000000000,0.501288620000,-1.0051578182180947,-1.0051578182180947,-1.0051578182180947,0E-17,ELIGIBLE,R03b_20260811_FULL_v1,L1_ELIGIBILITY,v2026-08-11,2026-03-21..2026-08-06,baccarat_bet02_101_all_pairs_incl_sentinel,round_win = game_pnl > 0 (decisive only),COMPATIBILITY_ONLY_NOT_PRODUCTION,23219.2981,20941.0295,483.4708,3644,3644,-0.02082194,-0.02082194,,-0.02082194,-483.4708,23219.2981,OK,0.0000,19.3388,4.0000,96.0000,AG03-UNRESOLVED,ALL5_LEVELS_bet23_to_bet27,19.3388,19.3388,19.3388,24.1735,24.1735,4.000000,4.000000,4.000000,5.000000,5.000000,96.000000,96.000000,96.000000,95.000000,95.000000,5.0,106.3636,97.4318,377.1072,386.039,PENDING_AG03,FALSE,NOT_FOR_ENFORCEMENT,464.1320,20103.3883,483.4708,464.1320,19.3388,0.02082194,0.01998906,19.3388,464.1320,0.01998906,19.3388,19.3388,19.3388,24.1735,24.1735,464.1320,0.01998906,106.3636,97.4318,377.1072,386.039,0.01624111,0.01662578,0.00083288,6.3719,5.7467,0.1327,24.1735,1.3696,1160.9649,182.2000,6.3719,,2.5818,5.1636,10.2741,10.3271,12.9089,15.4907,5.1636,0.0,2.5,3.0,1.234019,18,135,72,2,1.00000000,0.02082194,0.02082194,0E-8,0.000000,0.901880,0.010977,,2026-07-08,2026-08-06,20,353,182,30,0.666667,,1.000000,3.333333,,,,,,,,GLOBAL_BASELINE_NO_ENTITY_RANKING,,,NOT_APPLICABLE_GLOBAL_BASELINE,HF9g-P5,,,,X 全窗基线 · 不参与实体赏罚,8398682,840,A168_HF9F_20260827_0900,2026-08-27 09:00:00
2026-07-12,141205185,1646,0,51.6355562440,24.5268892160,24.5268892160,0.7500000,4,4,0.50329940000000000,0.503299400000,0.9868238854431842,0.9868238854431842,0.9868238854431842,0E-17,ELIGIBLE,R03b_20260811_FULL_v1,L1_ELIGIBILITY,v2026-08-11,2026-03-21..2026-08-06,baccarat_bet02_101_all_pairs_incl_sentinel,round_win = game_pnl > 0 (decisive only),COMPATIBILITY_ONLY_NOT_PRODUCTION,23219.2981,20941.0295,483.4708,3644,3644,-0.02082194,-0.02082194,,-0.02082194,-483.4708,23219.2981,OK,0.0000,19.3388,4.0000,96.0000,AG03-UNRESOLVED,ALL5_LEVELS_bet23_to_bet27,19.3388,19.3388,19.3388,24.1735,24.1735,4.000000,4.000000,4.000000,5.000000,5.000000,96.000000,96.000000,96.000000,95.000000,95.000000,5.0,106.3636,97.4318,377.1072,386.039,PENDING_AG03,FALSE,NOT_FOR_ENFORCEMENT,464.1320,20103.3883,483.4708,464.1320,19.3388,0.02082194,0.01998906,19.3388,464.1320,0.01998906,19.3388,19.3388,19.3388,24.1735,24.1735,464.1320,0.01998906,106.3636,97.4318,377.1072,386.039,0.01624111,0.01662578,0.00083288,6.3719,5.7467,0.1327,24.1735,1.3696,1160.9649,182.2000,6.3719,,2.5818,5.1636,10.2741,10.3271,12.9089,15.4907,5.1636,0.0,2.5,3.0,1.234019,18,135,72,2,1.00000000,0.02082194,0.02082194,0E-8,0.000000,0.901880,0.010977,,2026-07-08,2026-08-06,20,353,182,30,0.666667,,1.000000,3.333333,,,,,,,,GLOBAL_BASELINE_NO_ENTITY_RANKING,,,NOT_APPLICABLE_GLOBAL_BASELINE,HF9g-P5,,,,X 全窗基线 · 不参与实体赏罚,8398683,840,A168_HF9F_20260827_0900,2026-08-27 09:00:00
2026-07-12,141205185,1704,0,51.6355562440,0E-10,0E-10,0.5000000,4,4,0.49994810000000000,0.499948100000,0.00020760000111838688,0.00020760000111838688,0.00020760000111838688,0E-17,ELIGIBLE,R03b_20260811_FULL_v1,L1_ELIGIBILITY,v2026-08-11,2026-03-21..2026-08-06,baccarat_bet02_101_all_pairs_incl_sentinel,round_win = game_pnl > 0 (decisive only),COMPATIBILITY_ONLY_NOT_PRODUCTION,23219.2981,20941.0295,483.4708,3644,3644,-0.02082194,-0.02082194,,-0.02082194,-483.4708,23219.2981,OK,0.0000,19.3388,4.0000,96.0000,AG03-UNRESOLVED,ALL5_LEVELS_bet23_to_bet27,19.3388,19.3388,19.3388,24.1735,24.1735,4.000000,4.000000,4.000000,5.000000,5.000000,96.000000,96.000000,96.000000,95.000000,95.000000,5.0,106.3636,97.4318,377.1072,386.039,PENDING_AG03,FALSE,NOT_FOR_ENFORCEMENT,464.1320,20103.3883,483.4708,464.1320,19.3388,0.02082194,0.01998906,19.3388,464.1320,0.01998906,19.3388,19.3388,19.3388,24.1735,24.1735,464.1320,0.01998906,106.3636,97.4318,377.1072,386.039,0.01624111,0.01662578,0.00083288,6.3719,5.7467,0.1327,24.1735,1.3696,1160.9649,182.2000,6.3719,,2.5818,5.1636,10.2741,10.3271,12.9089,15.4907,5.1636,0.0,2.5,3.0,1.234019,18,135,72,2,1.00000000,0.02082194,0.02082194,0E-8,0.000000,0.901880,0.010977,,2026-07-08,2026-08-06,20,353,182,30,0.666667,,1.000000,3.333333,,,,,,,,GLOBAL_BASELINE_NO_ENTITY_RANKING,,,NOT_APPLICABLE_GLOBAL_BASELINE,HF9g-P5,,,,X 全窗基线 · 不参与实体赏罚,8398684,840,A168_HF9F_20260827_0900,2026-08-27 09:00:00
2026-07-12,141205185,1985,0,12.9088890610,12.9088890610,12.9088890610,1.0000000,1,1,0.49324550000000000,0.493245500000,1.01360149184955,1.01360149184955,1.01360149184955,0E-17,ELIGIBLE,R03b_20260811_FULL_v1,L1_ELIGIBILITY,v2026-08-11,2026-03-21..2026-08-06,baccarat_bet02_101_all_pairs_incl_sentinel,round_win = game_pnl > 0 (decisive only),COMPATIBILITY_ONLY_NOT_PRODUCTION,23219.2981,20941.0295,483.4708,3644,3644,-0.02082194,-0.02082194,,-0.02082194,-483.4708,23219.2981,OK,0.0000,19.3388,4.0000,96.0000,AG03-UNRESOLVED,ALL5_LEVELS_bet23_to_bet27,19.3388,19.3388,19.3388,24.1735,24.1735,4.000000,4.000000,4.000000,5.000000,5.000000,96.000000,96.000000,96.000000,95.000000,95.000000,5.0,106.3636,97.4318,377.1072,386.039,PENDING_AG03,FALSE,NOT_FOR_ENFORCEMENT,464.1320,20103.3883,483.4708,464.1320,19.3388,0.02082194,0.01998906,19.3388,464.1320,0.01998906,19.3388,19.3388,19.3388,24.1735,24.1735,464.1320,0.01998906,106.3636,97.4318,377.1072,386.039,0.01624111,0.01662578,0.00083288,6.3719,5.7467,0.1327,24.1735,1.3696,1160.9649,182.2000,6.3719,,2.5818,5.1636,10.2741,10.3271,12.9089,15.4907,5.1636,0.0,2.5,3.0,1.234019,18,135,72,2,1.00000000,0.02082194,0.02082194,0E-8,0.000000,0.901880,0.010977,,2026-07-08,2026-08-06,20,353,182,30,0.666667,,1.000000,3.333333,,,,,,,,GLOBAL_BASELINE_NO_ENTITY_RANKING,,,NOT_APPLICABLE_GLOBAL_BASELINE,HF9g-P5,,,,X 全窗基线 · 不参与实体赏罚,8398685,840,A168_HF9F_20260827_0900,2026-08-27 09:00:00
2026-07-12,141205185,1990,0,12.9088890610,0E-10,0E-10,,1,1,0.49324550000000000,0.493245500000,,,,0E-17,NO_DECISIVE_ROUND,R03b_20260811_FULL_v1,L1_ELIGIBILITY,v2026-08-11,2026-03-21..2026-08-06,baccarat_bet02_101_all_pairs_incl_sentinel,round_win = game_pnl > 0 (decisive only),COMPATIBILITY_ONLY_NOT_PRODUCTION,23219.2981,20941.0295,483.4708,3644,3644,-0.02082194,-0.02082194,,-0.02082194,-483.4708,23219.2981,OK,0.0000,19.3388,4.0000,96.0000,AG03-UNRESOLVED,ALL5_LEVELS_bet23_to_bet27,19.3388,19.3388,19.3388,24.1735,24.1735,4.000000,4.000000,4.000000,5.000000,5.000000,96.000000,96.000000,96.000000,95.000000,95.000000,5.0,106.3636,97.4318,377.1072,386.039,PENDING_AG03,FALSE,NOT_FOR_ENFORCEMENT,464.1320,20103.3883,483.4708,464.1320,19.3388,0.02082194,0.01998906,19.3388,464.1320,0.01998906,19.3388,19.3388,19.3388,24.1735,24.1735,464.1320,0.01998906,106.3636,97.4318,377.1072,386.039,0.01624111,0.01662578,0.00083288,6.3719,5.7467,0.1327,24.1735,1.3696,1160.9649,182.2000,6.3719,,2.5818,5.1636,10.2741,10.3271,12.9089,15.4907,5.1636,0.0,2.5,3.0,1.234019,18,135,72,2,1.00000000,0.02082194,0.02082194,0E-8,0.000000,0.901880,0.010977,,2026-07-08,2026-08-06,20,353,182,30,0.666667,,1.000000,3.333333,,,,,,,,GLOBAL_BASELINE_NO_ENTITY_RANKING,,,NOT_APPLICABLE_GLOBAL_BASELINE,HF9g-P5,,,,X 全窗基线 · 不参与实体赏罚,8398686,840,A168_HF9F_20260827_0900,2026-08-27 09:00:00
2026-07-12,141205185,2101,0,33.5631115586,-5.6799111868,-5.6799111868,0.4000000,6,6,0.49771390000000000,0.497713900000,-0.4369944132040151,-0.436994413204015,-0.4369944132040151,0E-17,ELIGIBLE,R03b_20260811_FULL_v1,L1_ELIGIBILITY,v2026-08-11,2026-03-21..2026-08-06,baccarat_bet02_101_all_pairs_incl_sentinel,round_win = game_pnl > 0 (decisive only),COMPATIBILITY_ONLY_NOT_PRODUCTION,23219.2981,20941.0295,483.4708,3644,3644,-0.02082194,-0.02082194,,-0.02082194,-483.4708,23219.2981,OK,0.0000,19.3388,4.0000,96.0000,AG03-UNRESOLVED,ALL5_LEVELS_bet23_to_bet27,19.3388,19.3388,19.3388,24.1735,24.1735,4.000000,4.000000,4.000000,5.000000,5.000000,96.000000,96.000000,96.000000,95.000000,95.000000,5.0,106.3636,97.4318,377.1072,386.039,PENDING_AG03,FALSE,NOT_FOR_ENFORCEMENT,464.1320,20103.3883,483.4708,464.1320,19.3388,0.02082194,0.01998906,19.3388,464.1320,0.01998906,19.3388,19.3388,19.3388,24.1735,24.1735,464.1320,0.01998906,106.3636,97.4318,377.1072,386.039,0.01624111,0.01662578,0.00083288,6.3719,5.7467,0.1327,24.1735,1.3696,1160.9649,182.2000,6.3719,,2.5818,5.1636,10.2741,10.3271,12.9089,15.4907,5.1636,0.0,2.5,3.0,1.234019,18,135,72,2,1.00000000,0.02082194,0.02082194,0E-8,0.000000,0.901880,0.010977,,2026-07-08,2026-08-06,20,353,182,30,0.666667,,1.000000,3.333333,,,,,,,,GLOBAL_BASELINE_NO_ENTITY_RANKING,,,NOT_APPLICABLE_GLOBAL_BASELINE,HF9g-P5,,,,X 全窗基线 · 不参与实体赏罚,8398687,840,A168_HF9F_20260827_0900,2026-08-27 09:00:00
2026-07-12,141205185,2103,0,74.8715565538,-23.4941780910,-23.4941780910,0.4166667,12,12,0.49994810000000000,0.499948100000,-0.5769906985503502,-0.5769906985503502,-0.5769906985503502,0E-17,ELIGIBLE,R03b_20260811_FULL_v1,L1_ELIGIBILITY,v2026-08-11,2026-03-21..2026-08-06,baccarat_bet02_101_all_pairs_incl_sentinel,round_win = game_pnl > 0 (decisive only),COMPATIBILITY_ONLY_NOT_PRODUCTION,23219.2981,20941.0295,483.4708,3644,3644,-0.02082194,-0.02082194,,-0.02082194,-483.4708,23219.2981,OK,0.0000,19.3388,4.0000,96.0000,AG03-UNRESOLVED,ALL5_LEVELS_bet23_to_bet27,19.3388,19.3388,19.3388,24.1735,24.1735,4.000000,4.000000,4.000000,5.000000,5.000000,96.000000,96.000000,96.000000,95.000000,95.000000,5.0,106.3636,97.4318,377.1072,386.039,PENDING_AG03,FALSE,NOT_FOR_ENFORCEMENT,464.1320,20103.3883,483.4708,464.1320,19.3388,0.02082194,0.01998906,19.3388,464.1320,0.01998906,19.3388,19.3388,19.3388,24.1735,24.1735,464.1320,0.01998906,106.3636,97.4318,377.1072,386.039,0.01624111,0.01662578,0.00083288,6.3719,5.7467,0.1327,24.1735,1.3696,1160.9649,182.2000,6.3719,,2.5818,5.1636,10.2741,10.3271,12.9089,15.4907,5.1636,0.0,2.5,3.0,1.234019,18,135,72,2,1.00000000,0.02082194,0.02082194,0E-8,0.000000,0.901880,0.010977,,2026-07-08,2026-08-06,20,353,182,30,0.666667,,1.000000,3.333333,,,,,,,,GLOBAL_BASELINE_NO_ENTITY_RANKING,,,NOT_APPLICABLE_GLOBAL_BASELINE,HF9g-P5,,,,X 全窗基线 · 不参与实体赏罚,8398688,840,A168_HF9F_20260827_0900,2026-08-27 09:00:00
2026-07-12,141205185,2106,0,18.0724446854,-7.7453334366,-7.7453334366,0.5000000,2,2,0.49324550000000000,0.493245500000,0.01910635448239258,0.01910635448239258,0.01910635448239258,0E-17,ELIGIBLE,R03b_20260811_FULL_v1,L1_ELIGIBILITY,v2026-08-11,2026-03-21..2026-08-06,baccarat_bet02_101_all_pairs_incl_sentinel,round_win = game_pnl > 0 (decisive only),COMPATIBILITY_ONLY_NOT_PRODUCTION,23219.2981,20941.0295,483.4708,3644,3644,-0.02082194,-0.02082194,,-0.02082194,-483.4708,23219.2981,OK,0.0000,19.3388,4.0000,96.0000,AG03-UNRESOLVED,ALL5_LEVELS_bet23_to_bet27,19.3388,19.3388,19.3388,24.1735,24.1735,4.000000,4.000000,4.000000,5.000000,5.000000,96.000000,96.000000,96.000000,95.000000,95.000000,5.0,106.3636,97.4318,377.1072,386.039,PENDING_AG03,FALSE,NOT_FOR_ENFORCEMENT,464.1320,20103.3883,483.4708,464.1320,19.3388,0.02082194,0.01998906,19.3388,464.1320,0.01998906,19.3388,19.3388,19.3388,24.1735,24.1735,464.1320,0.01998906,106.3636,97.4318,377.1072,386.039,0.01624111,0.01662578,0.00083288,6.3719,5.7467,0.1327,24.1735,1.3696,1160.9649,182.2000,6.3719,,2.5818,5.1636,10.2741,10.3271,12.9089,15.4907,5.1636,0.0,2.5,3.0,1.234019,18,135,72,2,1.00000000,0.02082194,0.02082194,0E-8,0.000000,0.901880,0.010977,,2026-07-08,2026-08-06,20,353,182,30,0.666667,,1.000000,3.333333,,,,,,,,GLOBAL_BASELINE_NO_ENTITY_RANKING,,,NOT_APPLICABLE_GLOBAL_BASELINE,HF9g-P5,,,,X 全窗基线 · 不参与实体赏罚,8398689,840,A168_HF9F_20260827_0900,2026-08-27 09:00:00
2026-07-12,141205185,2115,0,116.1800015490,73.5806676480,73.5806676480,0.8750000,9,9,0.50367176666666667,0.503671766667,2.1006063356567877,2.100606335654912,2.1006063356567877,-3.3333E-13,ELIGIBLE,R03b_20260811_FULL_v1,L1_ELIGIBILITY,v2026-08-11,2026-03-21..2026-08-06,baccarat_bet02_101_all_pairs_incl_sentinel,round_win = game_pnl > 0 (decisive only),COMPATIBILITY_ONLY_NOT_PRODUCTION,23219.2981,20941.0295,483.4708,3644,3644,-0.02082194,-0.02082194,,-0.02082194,-483.4708,23219.2981,OK,0.0000,19.3388,4.0000,96.0000,AG03-UNRESOLVED,ALL5_LEVELS_bet23_to_bet27,19.3388,19.3388,19.3388,24.1735,24.1735,4.000000,4.000000,4.000000,5.000000,5.000000,96.000000,96.000000,96.000000,95.000000,95.000000,5.0,106.3636,97.4318,377.1072,386.039,PENDING_AG03,FALSE,NOT_FOR_ENFORCEMENT,464.1320,20103.3883,483.4708,464.1320,19.3388,0.02082194,0.01998906,19.3388,464.1320,0.01998906,19.3388,19.3388,19.3388,24.1735,24.1735,464.1320,0.01998906,106.3636,97.4318,377.1072,386.039,0.01624111,0.01662578,0.00083288,6.3719,5.7467,0.1327,24.1735,1.3696,1160.9649,182.2000,6.3719,,2.5818,5.1636,10.2741,10.3271,12.9089,15.4907,5.1636,0.0,2.5,3.0,1.234019,18,135,72,2,1.00000000,0.02082194,0.02082194,0E-8,0.000000,0.901880,0.010977,,2026-07-08,2026-08-06,20,353,182,30,0.666667,,1.000000,3.333333,,,,,,,,GLOBAL_BASELINE_NO_ENTITY_RANKING,,,NOT_APPLICABLE_GLOBAL_BASELINE,HF9g-P5,,,,X 全窗基线 · 不参与实体赏罚,8398690,840,A168_HF9F_20260827_0900,2026-08-27 09:00:00
2026-07-12,141205185,2121,0,41.3084449952,-36.1448893708,-36.1448893708,0E-7,8,8,0.49994810000000000,0.499948100000,-2.6454766963302667,-2.6454766963302667,-2.6454766963302667,0E-17,ELIGIBLE,R03b_20260811_FULL_v1,L1_ELIGIBILITY,v2026-08-11,2026-03-21..2026-08-06,baccarat_bet02_101_all_pairs_incl_sentinel,round_win = game_pnl > 0 (decisive only),COMPATIBILITY_ONLY_NOT_PRODUCTION,23219.2981,20941.0295,483.4708,3644,3644,-0.02082194,-0.02082194,,-0.02082194,-483.4708,23219.2981,OK,0.0000,19.3388,4.0000,96.0000,AG03-UNRESOLVED,ALL5_LEVELS_bet23_to_bet27,19.3388,19.3388,19.3388,24.1735,24.1735,4.000000,4.000000,4.000000,5.000000,5.000000,96.000000,96.000000,96.000000,95.000000,95.000000,5.0,106.3636,97.4318,377.1072,386.039,PENDING_AG03,FALSE,NOT_FOR_ENFORCEMENT,464.1320,20103.3883,483.4708,464.1320,19.3388,0.02082194,0.01998906,19.3388,464.1320,0.01998906,19.3388,19.3388,19.3388,24.1735,24.1735,464.1320,0.01998906,106.3636,97.4318,377.1072,386.039,0.01624111,0.01662578,0.00083288,6.3719,5.7467,0.1327,24.1735,1.3696,1160.9649,182.2000,6.3719,,2.5818,5.1636,10.2741,10.3271,12.9089,15.4907,5.1636,0.0,2.5,3.0,1.234019,18,135,72,2,1.00000000,0.02082194,0.02082194,0E-8,0.000000,0.901880,0.010977,,2026-07-08,2026-08-06,20,353,182,30,0.666667,,1.000000,3.333333,,,,,,,,GLOBAL_BASELINE_NO_ENTITY_RANKING,,,NOT_APPLICABLE_GLOBAL_BASELINE,HF9g-P5,,,,X 全窗基线 · 不参与实体赏罚,8398691,840,A168_HF9F_20260827_0900,2026-08-27 09:00:00
2026-07-12,141205185,2134,0,30.9813337464,-0.7745333436,-0.7745333436,0.5000000,6,6,0.50441650000000000,0.504416500000,-0.02163718700157003,-0.02163718700157003,-0.02163718700157003,0E-17,ELIGIBLE,R03b_20260811_FULL_v1,L1_ELIGIBILITY,v2026-08-11,2026-03-21..2026-08-06,baccarat_bet02_101_all_pairs_incl_sentinel,round_win = game_pnl > 0 (decisive only),COMPATIBILITY_ONLY_NOT_PRODUCTION,23219.2981,20941.0295,483.4708,3644,3644,-0.02082194,-0.02082194,,-0.02082194,-483.4708,23219.2981,OK,0.0000,19.3388,4.0000,96.0000,AG03-UNRESOLVED,ALL5_LEVELS_bet23_to_bet27,19.3388,19.3388,19.3388,24.1735,24.1735,4.000000,4.000000,4.000000,5.000000,5.000000,96.000000,96.000000,96.000000,95.000000,95.000000,5.0,106.3636,97.4318,377.1072,386.039,PENDING_AG03,FALSE,NOT_FOR_ENFORCEMENT,464.1320,20103.3883,483.4708,464.1320,19.3388,0.02082194,0.01998906,19.3388,464.1320,0.01998906,19.3388,19.3388,19.3388,24.1735,24.1735,464.1320,0.01998906,106.3636,97.4318,377.1072,386.039,0.01624111,0.01662578,0.00083288,6.3719,5.7467,0.1327,24.1735,1.3696,1160.9649,182.2000,6.3719,,2.5818,5.1636,10.2741,10.3271,12.9089,15.4907,5.1636,0.0,2.5,3.0,1.234019,18,135,72,2,1.00000000,0.02082194,0.02082194,0E-8,0.000000,0.901880,0.010977,,2026-07-08,2026-08-06,20,353,182,30,0.666667,,1.000000,3.333333,,,,,,,,GLOBAL_BASELINE_NO_ENTITY_RANKING,,,NOT_APPLICABLE_GLOBAL_BASELINE,HF9g-P5,,,,X 全窗基线 · 不参与实体赏罚,8398692,840,A168_HF9F_20260827_0900,2026-08-27 09:00:00
2026-07-12,141205185,2141,0,5.1635556244,4.9053778432,4.9053778432,1.0000000,1,1,0.50665070000000000,0.506650700000,0.9867858985152569,0.9867858985152569,0.9867858985152569,0E-17,ELIGIBLE,R03b_20260811_FULL_v1,L1_ELIGIBILITY,v2026-08-11,2026-03-21..2026-08-06,baccarat_bet02_101_all_pairs_incl_sentinel,round_win = game_pnl > 0 (decisive only),COMPATIBILITY_ONLY_NOT_PRODUCTION,23219.2981,20941.0295,483.4708,3644,3644,-0.02082194,-0.02082194,,-0.02082194,-483.4708,23219.2981,OK,0.0000,19.3388,4.0000,96.0000,AG03-UNRESOLVED,ALL5_LEVELS_bet23_to_bet27,19.3388,19.3388,19.3388,24.1735,24.1735,4.000000,4.000000,4.000000,5.000000,5.000000,96.000000,96.000000,96.000000,95.000000,95.000000,5.0,106.3636,97.4318,377.1072,386.039,PENDING_AG03,FALSE,NOT_FOR_ENFORCEMENT,464.1320,20103.3883,483.4708,464.1320,19.3388,0.02082194,0.01998906,19.3388,464.1320,0.01998906,19.3388,19.3388,19.3388,24.1735,24.1735,464.1320,0.01998906,106.3636,97.4318,377.1072,386.039,0.01624111,0.01662578,0.00083288,6.3719,5.7467,0.1327,24.1735,1.3696,1160.9649,182.2000,6.3719,,2.5818,5.1636,10.2741,10.3271,12.9089,15.4907,5.1636,0.0,2.5,3.0,1.234019,18,135,72,2,1.00000000,0.02082194,0.02082194,0E-8,0.000000,0.901880,0.010977,,2026-07-08,2026-08-06,20,353,182,30,0.666667,,1.000000,3.333333,,,,,,,,GLOBAL_BASELINE_NO_ENTITY_RANKING,,,NOT_APPLICABLE_GLOBAL_BASELINE,HF9g-P5,,,,X 全窗基线 · 不参与实体赏罚,8398693,840,A168_HF9F_20260827_0900,2026-08-27 09:00:00
2026-07-12,141205185,2142,0,232.3600030980,-2.8399555933,-2.8399555933,0.5185185,28,28,0.50042685714285714,0.500426857143,0.1880141286908626,0.188014128689378,0.1880141286908626,-1.4286E-13,ELIGIBLE,R03b_20260811_FULL_v1,L1_ELIGIBILITY,v2026-08-11,2026-03-21..2026-08-06,baccarat_bet02_101_all_pairs_incl_sentinel,round_win = game_pnl > 0 (decisive only),COMPATIBILITY_ONLY_NOT_PRODUCTION,23219.2981,20941.0295,483.4708,3644,3644,-0.02082194,-0.02082194,,-0.02082194,-483.4708,23219.2981,OK,0.0000,19.3388,4.0000,96.0000,AG03-UNRESOLVED,ALL5_LEVELS_bet23_to_bet27,19.3388,19.3388,19.3388,24.1735,24.1735,4.000000,4.000000,4.000000,5.000000,5.000000,96.000000,96.000000,96.000000,95.000000,95.000000,5.0,106.3636,97.4318,377.1072,386.039,PENDING_AG03,FALSE,NOT_FOR_ENFORCEMENT,464.1320,20103.3883,483.4708,464.1320,19.3388,0.02082194,0.01998906,19.3388,464.1320,0.01998906,19.3388,19.3388,19.3388,24.1735,24.1735,464.1320,0.01998906,106.3636,97.4318,377.1072,386.039,0.01624111,0.01662578,0.00083288,6.3719,5.7467,0.1327,24.1735,1.3696,1160.9649,182.2000,6.3719,,2.5818,5.1636,10.2741,10.3271,12.9089,15.4907,5.1636,0.0,2.5,3.0,1.234019,18,135,72,2,1.00000000,0.02082194,0.02082194,0E-8,0.000000,0.901880,0.010977,,2026-07-08,2026-08-06,20,353,182,30,0.666667,,1.000000,3.333333,,,,,,,,GLOBAL_BASELINE_NO_ENTITY_RANKING,,,NOT_APPLICABLE_GLOBAL_BASELINE,HF9g-P5,,,,X 全窗基线 · 不参与实体赏罚,8398694,840,A168_HF9F_20260827_0900,2026-08-27 09:00:00
2026-07-12,141205185,2145,0,247.8506699712,-56.5409340870,-56.5409340870,0.4230769,29,29,0.50110372068965517,0.501103720690,-0.7957222659200249,-0.7957222659235427,-0.7957222659200249,-3.4483E-13,ELIGIBLE,R03b_20260811_FULL_v1,L1_ELIGIBILITY,v2026-08-11,2026-03-21..2026-08-06,baccarat_bet02_101_all_pairs_incl_sentinel,round_win = game_pnl > 0 (decisive only),COMPATIBILITY_ONLY_NOT_PRODUCTION,23219.2981,20941.0295,483.4708,3644,3644,-0.02082194,-0.02082194,,-0.02082194,-483.4708,23219.2981,OK,0.0000,19.3388,4.0000,96.0000,AG03-UNRESOLVED,ALL5_LEVELS_bet23_to_bet27,19.3388,19.3388,19.3388,24.1735,24.1735,4.000000,4.000000,4.000000,5.000000,5.000000,96.000000,96.000000,96.000000,95.000000,95.000000,5.0,106.3636,97.4318,377.1072,386.039,PENDING_AG03,FALSE,NOT_FOR_ENFORCEMENT,464.1320,20103.3883,483.4708,464.1320,19.3388,0.02082194,0.01998906,19.3388,464.1320,0.01998906,19.3388,19.3388,19.3388,24.1735,24.1735,464.1320,0.01998906,106.3636,97.4318,377.1072,386.039,0.01624111,0.01662578,0.00083288,6.3719,5.7467,0.1327,24.1735,1.3696,1160.9649,182.2000,6.3719,,2.5818,5.1636,10.2741,10.3271,12.9089,15.4907,5.1636,0.0,2.5,3.0,1.234019,18,135,72,2,1.00000000,0.02082194,0.02082194,0E-8,0.000000,0.901880,0.010977,,2026-07-08,2026-08-06,20,353,182,30,0.666667,,1.000000,3.333333,,,,,,,,GLOBAL_BASELINE_NO_ENTITY_RANKING,,,NOT_APPLICABLE_GLOBAL_BASELINE,HF9g-P5,,,,X 全窗基线 · 不参与实体赏罚,8398695,840,A168_HF9F_20260827_0900,2026-08-27 09:00:00
2026-07-12,141205185,2147,0,100.6893346758,-12.2634446078,-12.2634446078,0.4285714,8,8,0.50665070000000000,0.506650700000,-0.4131932236838825,-0.4131932236838825,-0.4131932236838825,0E-17,ELIGIBLE,R03b_20260811_FULL_v1,L1_ELIGIBILITY,v2026-08-11,2026-03-21..2026-08-06,baccarat_bet02_101_all_pairs_incl_sentinel,round_win = game_pnl > 0 (decisive only),COMPATIBILITY_ONLY_NOT_PRODUCTION,23219.2981,20941.0295,483.4708,3644,3644,-0.02082194,-0.02082194,,-0.02082194,-483.4708,23219.2981,OK,0.0000,19.3388,4.0000,96.0000,AG03-UNRESOLVED,ALL5_LEVELS_bet23_to_bet27,19.3388,19.3388,19.3388,24.1735,24.1735,4.000000,4.000000,4.000000,5.000000,5.000000,96.000000,96.000000,96.000000,95.000000,95.000000,5.0,106.3636,97.4318,377.1072,386.039,PENDING_AG03,FALSE,NOT_FOR_ENFORCEMENT,464.1320,20103.3883,483.4708,464.1320,19.3388,0.02082194,0.01998906,19.3388,464.1320,0.01998906,19.3388,19.3388,19.3388,24.1735,24.1735,464.1320,0.01998906,106.3636,97.4318,377.1072,386.039,0.01624111,0.01662578,0.00083288,6.3719,5.7467,0.1327,24.1735,1.3696,1160.9649,182.2000,6.3719,,2.5818,5.1636,10.2741,10.3271,12.9089,15.4907,5.1636,0.0,2.5,3.0,1.234019,18,135,72,2,1.00000000,0.02082194,0.02082194,0E-8,0.000000,0.901880,0.010977,,2026-07-08,2026-08-06,20,353,182,30,0.666667,,1.000000,3.333333,,,,,,,,GLOBAL_BASELINE_NO_ENTITY_RANKING,,,NOT_APPLICABLE_GLOBAL_BASELINE,HF9g-P5,,,,X 全窗基线 · 不参与实体赏罚,8398696,840,A168_HF9F_20260827_0900,2026-08-27 09:00:00
2026-07-12,141205185,2155,0,38.7266671830,-38.7266671830,-38.7266671830,0E-7,3,3,0.50218230000000000,0.502182300000,-1.7396270863184011,-1.7396270863184016,-1.7396270863184011,0E-17,ELIGIBLE,R03b_20260811_FULL_v1,L1_ELIGIBILITY,v2026-08-11,2026-03-21..2026-08-06,baccarat_bet02_101_all_pairs_incl_sentinel,round_win = game_pnl > 0 (decisive only),COMPATIBILITY_ONLY_NOT_PRODUCTION,23219.2981,20941.0295,483.4708,3644,3644,-0.02082194,-0.02082194,,-0.02082194,-483.4708,23219.2981,OK,0.0000,19.3388,4.0000,96.0000,AG03-UNRESOLVED,ALL5_LEVELS_bet23_to_bet27,19.3388,19.3388,19.3388,24.1735,24.1735,4.000000,4.000000,4.000000,5.000000,5.000000,96.000000,96.000000,96.000000,95.000000,95.000000,5.0,106.3636,97.4318,377.1072,386.039,PENDING_AG03,FALSE,NOT_FOR_ENFORCEMENT,464.1320,20103.3883,483.4708,464.1320,19.3388,0.02082194,0.01998906,19.3388,464.1320,0.01998906,19.3388,19.3388,19.3388,24.1735,24.1735,464.1320,0.01998906,106.3636,97.4318,377.1072,386.039,0.01624111,0.01662578,0.00083288,6.3719,5.7467,0.1327,24.1735,1.3696,1160.9649,182.2000,6.3719,,2.5818,5.1636,10.2741,10.3271,12.9089,15.4907,5.1636,0.0,2.5,3.0,1.234019,18,135,72,2,1.00000000,0.02082194,0.02082194,0E-8,0.000000,0.901880,0.010977,,2026-07-08,2026-08-06,20,353,182,30,0.666667,,1.000000,3.333333,,,,,,,,GLOBAL_BASELINE_NO_ENTITY_RANKING,,,NOT_APPLICABLE_GLOBAL_BASELINE,HF9g-P5,,,,X 全窗基线 · 不参与实体赏罚,8398697,840,A168_HF9F_20260827_0900,2026-08-27 09:00:00
2026-07-12,141205185,2169,0,123.9253349856,4.1308444996,4.1308444996,0.4615385,15,15,0.49950126000000000,0.499501260000,-0.2737537690142928,-0.2737537690142928,-0.2737537690142928,0E-17,ELIGIBLE,R03b_20260811_FULL_v1,L1_ELIGIBILITY,v2026-08-11,2026-03-21..2026-08-06,baccarat_bet02_101_all_pairs_incl_sentinel,round_win = game_pnl > 0 (decisive only),COMPATIBILITY_ONLY_NOT_PRODUCTION,23219.2981,20941.0295,483.4708,3644,3644,-0.02082194,-0.02082194,,-0.02082194,-483.4708,23219.2981,OK,0.0000,19.3388,4.0000,96.0000,AG03-UNRESOLVED,ALL5_LEVELS_bet23_to_bet27,19.3388,19.3388,19.3388,24.1735,24.1735,4.000000,4.000000,4.000000,5.000000,5.000000,96.000000,96.000000,96.000000,95.000000,95.000000,5.0,106.3636,97.4318,377.1072,386.039,PENDING_AG03,FALSE,NOT_FOR_ENFORCEMENT,464.1320,20103.3883,483.4708,464.1320,19.3388,0.02082194,0.01998906,19.3388,464.1320,0.01998906,19.3388,19.3388,19.3388,24.1735,24.1735,464.1320,0.01998906,106.3636,97.4318,377.1072,386.039,0.01624111,0.01662578,0.00083288,6.3719,5.7467,0.1327,24.1735,1.3696,1160.9649,182.2000,6.3719,,2.5818,5.1636,10.2741,10.3271,12.9089,15.4907,5.1636,0.0,2.5,3.0,1.234019,18,135,72,2,1.00000000,0.02082194,0.02082194,0E-8,0.000000,0.901880,0.010977,,2026-07-08,2026-08-06,20,353,182,30,0.666667,,1.000000,3.333333,,,,,,,,GLOBAL_BASELINE_NO_ENTITY_RANKING,,,NOT_APPLICABLE_GLOBAL_BASELINE,HF9g-P5,,,,X 全窗基线 · 不参与实体赏罚,8398698,840,A168_HF9F_20260827_0900,2026-08-27 09:00:00
2026-07-12,141205185,2171,0,74.8715565538,1.2908889062,1.2908889062,0.5000000,9,9,0.50367176666666667,0.503671766667,-0.020771208948525265,-0.020771208950411013,-0.020771208948525265,-3.3333E-13,ELIGIBLE,R03b_20260811_FULL_v1,L1_ELIGIBILITY,v2026-08-11,2026-03-21..2026-08-06,baccarat_bet02_101_all_pairs_incl_sentinel,round_win = game_pnl > 0 (decisive only),COMPATIBILITY_ONLY_NOT_PRODUCTION,23219.2981,20941.0295,483.4708,3644,3644,-0.02082194,-0.02082194,,-0.02082194,-483.4708,23219.2981,OK,0.0000,19.3388,4.0000,96.0000,AG03-UNRESOLVED,ALL5_LEVELS_bet23_to_bet27,19.3388,19.3388,19.3388,24.1735,24.1735,4.000000,4.000000,4.000000,5.000000,5.000000,96.000000,96.000000,96.000000,95.000000,95.000000,5.0,106.3636,97.4318,377.1072,386.039,PENDING_AG03,FALSE,NOT_FOR_ENFORCEMENT,464.1320,20103.3883,483.4708,464.1320,19.3388,0.02082194,0.01998906,19.3388,464.1320,0.01998906,19.3388,19.3388,19.3388,24.1735,24.1735,464.1320,0.01998906,106.3636,97.4318,377.1072,386.039,0.01624111,0.01662578,0.00083288,6.3719,5.7467,0.1327,24.1735,1.3696,1160.9649,182.2000,6.3719,,2.5818,5.1636,10.2741,10.3271,12.9089,15.4907,5.1636,0.0,2.5,3.0,1.234019,18,135,72,2,1.00000000,0.02082194,0.02082194,0E-8,0.000000,0.901880,0.010977,,2026-07-08,2026-08-06,20,353,182,30,0.666667,,1.000000,3.333333,,,,,,,,GLOBAL_BASELINE_NO_ENTITY_RANKING,,,NOT_APPLICABLE_GLOBAL_BASELINE,HF9g-P5,,,,X 全窗基线 · 不参与实体赏罚,8398699,840,A168_HF9F_20260827_0900,2026-08-27 09:00:00
2026-07-12,141205185,2196,0,82.6168899904,4.9053778432,4.9053778432,0.5000000,15,15,0.49950126000000000,0.499501260000,0.003732230266881497,0.0037322302668814965,0.003732230266881497,0E-17,ELIGIBLE,R03b_20260811_FULL_v1,L1_ELIGIBILITY,v2026-08-11,2026-03-21..2026-08-06,baccarat_bet02_101_all_pairs_incl_sentinel,round_win = game_pnl > 0 (decisive only),COMPATIBILITY_ONLY_NOT_PRODUCTION,23219.2981,20941.0295,483.4708,3644,3644,-0.02082194,-0.02082194,,-0.02082194,-483.4708,23219.2981,OK,0.0000,19.3388,4.0000,96.0000,AG03-UNRESOLVED,ALL5_LEVELS_bet23_to_bet27,19.3388,19.3388,19.3388,24.1735,24.1735,4.000000,4.000000,4.000000,5.000000,5.000000,96.000000,96.000000,96.000000,95.000000,95.000000,5.0,106.3636,97.4318,377.1072,386.039,PENDING_AG03,FALSE,NOT_FOR_ENFORCEMENT,464.1320,20103.3883,483.4708,464.1320,19.3388,0.02082194,0.01998906,19.3388,464.1320,0.01998906,19.3388,19.3388,19.3388,24.1735,24.1735,464.1320,0.01998906,106.3636,97.4318,377.1072,386.039,0.01624111,0.01662578,0.00083288,6.3719,5.7467,0.1327,24.1735,1.3696,1160.9649,182.2000,6.3719,,2.5818,5.1636,10.2741,10.3271,12.9089,15.4907,5.1636,0.0,2.5,3.0,1.234019,18,135,72,2,1.00000000,0.02082194,0.02082194,0E-8,0.000000,0.901880,0.010977,,2026-07-08,2026-08-06,20,353,182,30,0.666667,,1.000000,3.333333,,,,,,,,GLOBAL_BASELINE_NO_ENTITY_RANKING,,,NOT_APPLICABLE_GLOBAL_BASELINE,HF9g-P5,,,,X 全窗基线 · 不参与实体赏罚,8398700,840,A168_HF9F_20260827_0900,2026-08-27 09:00:00
2026-07-12,141205185,2209,0,219.4511140370,-48.6665117598,-48.6665117598,0.3750000,17,17,0.50113091176470588,0.501130911765,-1.0090498751926695,-1.0090498751950239,-1.0090498751926695,-2.9412E-13,ELIGIBLE,R03b_20260811_FULL_v1,L1_ELIGIBILITY,v2026-08-11,2026-03-21..2026-08-06,baccarat_bet02_101_all_pairs_incl_sentinel,round_win = game_pnl > 0 (decisive only),COMPATIBILITY_ONLY_NOT_PRODUCTION,23219.2981,20941.0295,483.4708,3644,3644,-0.02082194,-0.02082194,,-0.02082194,-483.4708,23219.2981,OK,0.0000,19.3388,4.0000,96.0000,AG03-UNRESOLVED,ALL5_LEVELS_bet23_to_bet27,19.3388,19.3388,19.3388,24.1735,24.1735,4.000000,4.000000,4.000000,5.000000,5.000000,96.000000,96.000000,96.000000,95.000000,95.000000,5.0,106.3636,97.4318,377.1072,386.039,PENDING_AG03,FALSE,NOT_FOR_ENFORCEMENT,464.1320,20103.3883,483.4708,464.1320,19.3388,0.02082194,0.01998906,19.3388,464.1320,0.01998906,19.3388,19.3388,19.3388,24.1735,24.1735,464.1320,0.01998906,106.3636,97.4318,377.1072,386.039,0.01624111,0.01662578,0.00083288,6.3719,5.7467,0.1327,24.1735,1.3696,1160.9649,182.2000,6.3719,,2.5818,5.1636,10.2741,10.3271,12.9089,15.4907,5.1636,0.0,2.5,3.0,1.234019,18,135,72,2,1.00000000,0.02082194,0.02082194,0E-8,0.000000,0.901880,0.010977,,2026-07-08,2026-08-06,20,353,182,30,0.666667,,1.000000,3.333333,,,,,,,,GLOBAL_BASELINE_NO_ENTITY_RANKING,,,NOT_APPLICABLE_GLOBAL_BASELINE,HF9g-P5,,,,X 全窗基线 · 不参与实体赏罚,8398701,840,A168_HF9F_20260827_0900,2026-08-27 09:00:00
2026-07-12,141205185,2251,0,87.7804456148,-1.2908889060,-1.2908889060,0.5454545,12,12,0.49994810000000000,0.499948100000,0.30185561185716514,0.30185561185716514,0.30185561185716514,0E-17,ELIGIBLE,R03b_20260811_FULL_v1,L1_ELIGIBILITY,v2026-08-11,2026-03-21..2026-08-06,baccarat_bet02_101_all_pairs_incl_sentinel,round_win = game_pnl > 0 (decisive only),COMPATIBILITY_ONLY_NOT_PRODUCTION,23219.2981,20941.0295,483.4708,3644,3644,-0.02082194,-0.02082194,,-0.02082194,-483.4708,23219.2981,OK,0.0000,19.3388,4.0000,96.0000,AG03-UNRESOLVED,ALL5_LEVELS_bet23_to_bet27,19.3388,19.3388,19.3388,24.1735,24.1735,4.000000,4.000000,4.000000,5.000000,5.000000,96.000000,96.000000,96.000000,95.000000,95.000000,5.0,106.3636,97.4318,377.1072,386.039,PENDING_AG03,FALSE,NOT_FOR_ENFORCEMENT,464.1320,20103.3883,483.4708,464.1320,19.3388,0.02082194,0.01998906,19.3388,464.1320,0.01998906,19.3388,19.3388,19.3388,24.1735,24.1735,464.1320,0.01998906,106.3636,97.4318,377.1072,386.039,0.01624111,0.01662578,0.00083288,6.3719,5.7467,0.1327,24.1735,1.3696,1160.9649,182.2000,6.3719,,2.5818,5.1636,10.2741,10.3271,12.9089,15.4907,5.1636,0.0,2.5,3.0,1.234019,18,135,72,2,1.00000000,0.02082194,0.02082194,0E-8,0.000000,0.901880,0.010977,,2026-07-08,2026-08-06,20,353,182,30,0.666667,,1.000000,3.333333,,,,,,,,GLOBAL_BASELINE_NO_ENTITY_RANKING,,,NOT_APPLICABLE_GLOBAL_BASELINE,HF9g-P5,,,,X 全窗基线 · 不参与实体赏罚,8398702,840,A168_HF9F_20260827_0900,2026-08-27 09:00:00
2026-07-12,141205185,2252,0,38.7266671830,11.6180001550,11.6180001550,0.6666667,3,3,0.50218230000000000,0.502182300000,0.5697959874915163,0.5697959874915164,0.5697959874915163,0E-17,ELIGIBLE,R03b_20260811_FULL_v1,L1_ELIGIBILITY,v2026-08-11,2026-03-21..2026-08-06,baccarat_bet02_101_all_pairs_incl_sentinel,round_win = game_pnl > 0 (decisive only),COMPATIBILITY_ONLY_NOT_PRODUCTION,23219.2981,20941.0295,483.4708,3644,3644,-0.02082194,-0.02082194,,-0.02082194,-483.4708,23219.2981,OK,0.0000,19.3388,4.0000,96.0000,AG03-UNRESOLVED,ALL5_LEVELS_bet23_to_bet27,19.3388,19.3388,19.3388,24.1735,24.1735,4.000000,4.000000,4.000000,5.000000,5.000000,96.000000,96.000000,96.000000,95.000000,95.000000,5.0,106.3636,97.4318,377.1072,386.039,PENDING_AG03,FALSE,NOT_FOR_ENFORCEMENT,464.1320,20103.3883,483.4708,464.1320,19.3388,0.02082194,0.01998906,19.3388,464.1320,0.01998906,19.3388,19.3388,19.3388,24.1735,24.1735,464.1320,0.01998906,106.3636,97.4318,377.1072,386.039,0.01624111,0.01662578,0.00083288,6.3719,5.7467,0.1327,24.1735,1.3696,1160.9649,182.2000,6.3719,,2.5818,5.1636,10.2741,10.3271,12.9089,15.4907,5.1636,0.0,2.5,3.0,1.234019,18,135,72,2,1.00000000,0.02082194,0.02082194,0E-8,0.000000,0.901880,0.010977,,2026-07-08,2026-08-06,20,353,182,30,0.666667,,1.000000,3.333333,,,,,,,,GLOBAL_BASELINE_NO_ENTITY_RANKING,,,NOT_APPLICABLE_GLOBAL_BASELINE,HF9g-P5,,,,X 全窗基线 · 不参与实体赏罚,8398703,840,A168_HF9F_20260827_0900,2026-08-27 09:00:00
2026-07-12,141205185,2267,0,38.7266671830,-13.5543335140,-13.5543335140,0.3333333,3,3,0.50218230000000000,0.502182300000,-0.5849155494134425,-0.5849155494134426,-0.5849155494134425,0E-17,ELIGIBLE,R03b_20260811_FULL_v1,L1_ELIGIBILITY,v2026-08-11,2026-03-21..2026-08-06,baccarat_bet02_101_all_pairs_incl_sentinel,round_win = game_pnl > 0 (decisive only),COMPATIBILITY_ONLY_NOT_PRODUCTION,23219.2981,20941.0295,483.4708,3644,3644,-0.02082194,-0.02082194,,-0.02082194,-483.4708,23219.2981,OK,0.0000,19.3388,4.0000,96.0000,AG03-UNRESOLVED,ALL5_LEVELS_bet23_to_bet27,19.3388,19.3388,19.3388,24.1735,24.1735,4.000000,4.000000,4.000000,5.000000,5.000000,96.000000,96.000000,96.000000,95.000000,95.000000,5.0,106.3636,97.4318,377.1072,386.039,PENDING_AG03,FALSE,NOT_FOR_ENFORCEMENT,464.1320,20103.3883,483.4708,464.1320,19.3388,0.02082194,0.01998906,19.3388,464.1320,0.01998906,19.3388,19.3388,19.3388,24.1735,24.1735,464.1320,0.01998906,106.3636,97.4318,377.1072,386.039,0.01624111,0.01662578,0.00083288,6.3719,5.7467,0.1327,24.1735,1.3696,1160.9649,182.2000,6.3719,,2.5818,5.1636,10.2741,10.3271,12.9089,15.4907,5.1636,0.0,2.5,3.0,1.234019,18,135,72,2,1.00000000,0.02082194,0.02082194,0E-8,0.000000,0.901880,0.010977,,2026-07-08,2026-08-06,20,353,182,30,0.666667,,1.000000,3.333333,,,,,,,,GLOBAL_BASELINE_NO_ENTITY_RANKING,,,NOT_APPLICABLE_GLOBAL_BASELINE,HF9g-P5,,,,X 全窗基线 · 不参与实体赏罚,8398704,840,A168_HF9F_20260827_0900,2026-08-27 09:00:00
2026-07-12,141205185,2281,0,136.8342240466,-19.7506002632,-19.7506002632,0.4166667,12,12,0.50106520000000000,0.501065200000,-0.5847315182044713,-0.5847315182044714,-0.5847315182044713,0E-17,ELIGIBLE,R03b_20260811_FULL_v1,L1_ELIGIBILITY,v2026-08-11,2026-03-21..2026-08-06,baccarat_bet02_101_all_pairs_incl_sentinel,round_win = game_pnl > 0 (decisive only),COMPATIBILITY_ONLY_NOT_PRODUCTION,23219.2981,20941.0295,483.4708,3644,3644,-0.02082194,-0.02082194,,-0.02082194,-483.4708,23219.2981,OK,0.0000,19.3388,4.0000,96.0000,AG03-UNRESOLVED,ALL5_LEVELS_bet23_to_bet27,19.3388,19.3388,19.3388,24.1735,24.1735,4.000000,4.000000,4.000000,5.000000,5.000000,96.000000,96.000000,96.000000,95.000000,95.000000,5.0,106.3636,97.4318,377.1072,386.039,PENDING_AG03,FALSE,NOT_FOR_ENFORCEMENT,464.1320,20103.3883,483.4708,464.1320,19.3388,0.02082194,0.01998906,19.3388,464.1320,0.01998906,19.3388,19.3388,19.3388,24.1735,24.1735,464.1320,0.01998906,106.3636,97.4318,377.1072,386.039,0.01624111,0.01662578,0.00083288,6.3719,5.7467,0.1327,24.1735,1.3696,1160.9649,182.2000,6.3719,,2.5818,5.1636,10.2741,10.3271,12.9089,15.4907,5.1636,0.0,2.5,3.0,1.234019,18,135,72,2,1.00000000,0.02082194,0.02082194,0E-8,0.000000,0.901880,0.010977,,2026-07-08,2026-08-06,20,353,182,30,0.666667,,1.000000,3.333333,,,,,,,,GLOBAL_BASELINE_NO_ENTITY_RANKING,,,NOT_APPLICABLE_GLOBAL_BASELINE,HF9g-P5,,,,X 全窗基线 · 不参与实体赏罚,8398705,840,A168_HF9F_20260827_0900,2026-08-27 09:00:00
2026-07-12,141205185,595,0,46.4720006196,10.3271112488,10.3271112488,0.6000000,5,5,0.49592654000000000,0.495926540000,0.46544610904919037,0.46544610904919037,0.46544610904919037,0E-17,ELIGIBLE,R03b_20260811_FULL_v1,L1_ELIGIBILITY,v2026-08-11,2026-03-21..2026-08-06,baccarat_bet02_101_all_pairs_incl_sentinel,round_win = game_pnl > 0 (decisive only),COMPATIBILITY_ONLY_NOT_PRODUCTION,23219.2981,20941.0295,483.4708,3644,3644,-0.02082194,-0.02082194,,-0.02082194,-483.4708,23219.2981,OK,0.0000,19.3388,4.0000,96.0000,AG03-UNRESOLVED,ALL5_LEVELS_bet23_to_bet27,19.3388,19.3388,19.3388,24.1735,24.1735,4.000000,4.000000,4.000000,5.000000,5.000000,96.000000,96.000000,96.000000,95.000000,95.000000,5.0,106.3636,97.4318,377.1072,386.039,PENDING_AG03,FALSE,NOT_FOR_ENFORCEMENT,464.1320,20103.3883,483.4708,464.1320,19.3388,0.02082194,0.01998906,19.3388,464.1320,0.01998906,19.3388,19.3388,19.3388,24.1735,24.1735,464.1320,0.01998906,106.3636,97.4318,377.1072,386.039,0.01624111,0.01662578,0.00083288,6.3719,5.7467,0.1327,24.1735,1.3696,1160.9649,182.2000,6.3719,,2.5818,5.1636,10.2741,10.3271,12.9089,15.4907,5.1636,0.0,2.5,3.0,1.234019,18,135,72,2,1.00000000,0.02082194,0.02082194,0E-8,0.000000,0.901880,0.010977,,2026-07-08,2026-08-06,20,353,182,30,0.666667,,1.000000,3.333333,,,,,,,,GLOBAL_BASELINE_NO_ENTITY_RANKING,,,NOT_APPLICABLE_GLOBAL_BASELINE,HF9g-P5,,,,X 全窗基线 · 不参与实体赏罚,8398706,840,A168_HF9F_20260827_0900,2026-08-27 09:00:00
2026-07-12,141205185,763,0,10.3271112488,-0.2581777812,-0.2581777812,0.5000000,2,2,0.49994810000000000,0.499948100000,0.00014679536856514622,0.00014679536856514622,0.00014679536856514622,0E-17,ELIGIBLE,R03b_20260811_FULL_v1,L1_ELIGIBILITY,v2026-08-11,2026-03-21..2026-08-06,baccarat_bet02_101_all_pairs_incl_sentinel,round_win = game_pnl > 0 (decisive only),COMPATIBILITY_ONLY_NOT_PRODUCTION,23219.2981,20941.0295,483.4708,3644,3644,-0.02082194,-0.02082194,,-0.02082194,-483.4708,23219.2981,OK,0.0000,19.3388,4.0000,96.0000,AG03-UNRESOLVED,ALL5_LEVELS_bet23_to_bet27,19.3388,19.3388,19.3388,24.1735,24.1735,4.000000,4.000000,4.000000,5.000000,5.000000,96.000000,96.000000,96.000000,95.000000,95.000000,5.0,106.3636,97.4318,377.1072,386.039,PENDING_AG03,FALSE,NOT_FOR_ENFORCEMENT,464.1320,20103.3883,483.4708,464.1320,19.3388,0.02082194,0.01998906,19.3388,464.1320,0.01998906,19.3388,19.3388,19.3388,24.1735,24.1735,464.1320,0.01998906,106.3636,97.4318,377.1072,386.039,0.01624111,0.01662578,0.00083288,6.3719,5.7467,0.1327,24.1735,1.3696,1160.9649,182.2000,6.3719,,2.5818,5.1636,10.2741,10.3271,12.9089,15.4907,5.1636,0.0,2.5,3.0,1.234019,18,135,72,2,1.00000000,0.02082194,0.02082194,0E-8,0.000000,0.901880,0.010977,,2026-07-08,2026-08-06,20,353,182,30,0.666667,,1.000000,3.333333,,,,,,,,GLOBAL_BASELINE_NO_ENTITY_RANKING,,,NOT_APPLICABLE_GLOBAL_BASELINE,HF9g-P5,,,,X 全窗基线 · 不参与实体赏罚,8398707,840,A168_HF9F_20260827_0900,2026-08-27 09:00:00
2026-07-12,141205185,789,0,5.1635556244,-5.1635556244,-5.1635556244,0E-7,1,1,0.49324550000000000,0.493245500000,-0.9865810262130424,-0.9865810262130424,-0.9865810262130424,0E-17,ELIGIBLE,R03b_20260811_FULL_v1,L1_ELIGIBILITY,v2026-08-11,2026-03-21..2026-08-06,baccarat_bet02_101_all_pairs_incl_sentinel,round_win = game_pnl > 0 (decisive only),COMPATIBILITY_ONLY_NOT_PRODUCTION,23219.2981,20941.0295,483.4708,3644,3644,-0.02082194,-0.02082194,,-0.02082194,-483.4708,23219.2981,OK,0.0000,19.3388,4.0000,96.0000,AG03-UNRESOLVED,ALL5_LEVELS_bet23_to_bet27,19.3388,19.3388,19.3388,24.1735,24.1735,4.000000,4.000000,4.000000,5.000000,5.000000,96.000000,96.000000,96.000000,95.000000,95.000000,5.0,106.3636,97.4318,377.1072,386.039,PENDING_AG03,FALSE,NOT_FOR_ENFORCEMENT,464.1320,20103.3883,483.4708,464.1320,19.3388,0.02082194,0.01998906,19.3388,464.1320,0.01998906,19.3388,19.3388,19.3388,24.1735,24.1735,464.1320,0.01998906,106.3636,97.4318,377.1072,386.039,0.01624111,0.01662578,0.00083288,6.3719,5.7467,0.1327,24.1735,1.3696,1160.9649,182.2000,6.3719,,2.5818,5.1636,10.2741,10.3271,12.9089,15.4907,5.1636,0.0,2.5,3.0,1.234019,18,135,72,2,1.00000000,0.02082194,0.02082194,0E-8,0.000000,0.901880,0.010977,,2026-07-08,2026-08-06,20,353,182,30,0.666667,,1.000000,3.333333,,,,,,,,GLOBAL_BASELINE_NO_ENTITY_RANKING,,,NOT_APPLICABLE_GLOBAL_BASELINE,HF9g-P5,,,,X 全窗基线 · 不参与实体赏罚,8398708,840,A168_HF9F_20260827_0900,2026-08-27 09:00:00
2026-07-12,141205185,925,0,67.1262231172,-6.7126223116,-6.7126223116,0.4615385,13,13,0.50355719230769231,0.503557192308,-0.30300904505466675,-0.3030090450568869,-0.30300904505466675,-3.0769E-13,ELIGIBLE,R03b_20260811_FULL_v1,L1_ELIGIBILITY,v2026-08-11,2026-03-21..2026-08-06,baccarat_bet02_101_all_pairs_incl_sentinel,round_win = game_pnl > 0 (decisive only),COMPATIBILITY_ONLY_NOT_PRODUCTION,23219.2981,20941.0295,483.4708,3644,3644,-0.02082194,-0.02082194,,-0.02082194,-483.4708,23219.2981,OK,0.0000,19.3388,4.0000,96.0000,AG03-UNRESOLVED,ALL5_LEVELS_bet23_to_bet27,19.3388,19.3388,19.3388,24.1735,24.1735,4.000000,4.000000,4.000000,5.000000,5.000000,96.000000,96.000000,96.000000,95.000000,95.000000,5.0,106.3636,97.4318,377.1072,386.039,PENDING_AG03,FALSE,NOT_FOR_ENFORCEMENT,464.1320,20103.3883,483.4708,464.1320,19.3388,0.02082194,0.01998906,19.3388,464.1320,0.01998906,19.3388,19.3388,19.3388,24.1735,24.1735,464.1320,0.01998906,106.3636,97.4318,377.1072,386.039,0.01624111,0.01662578,0.00083288,6.3719,5.7467,0.1327,24.1735,1.3696,1160.9649,182.2000,6.3719,,2.5818,5.1636,10.2741,10.3271,12.9089,15.4907,5.1636,0.0,2.5,3.0,1.234019,18,135,72,2,1.00000000,0.02082194,0.02082194,0E-8,0.000000,0.901880,0.010977,,2026-07-08,2026-08-06,20,353,182,30,0.666667,,1.000000,3.333333,,,,,,,,GLOBAL_BASELINE_NO_ENTITY_RANKING,,,NOT_APPLICABLE_GLOBAL_BASELINE,HF9g-P5,,,,X 全窗基线 · 不参与实体赏罚,8398709,840,A168_HF9F_20260827_0900,2026-08-27 09:00:00
2026-07-12,141205185,986,0,118.7617793612,-22.2032891848,-22.2032891848,0.4666667,15,15,0.50039494000000000,0.500394940000,-0.2612581633335206,-0.26125816333352064,-0.2612581633335206,0E-17,ELIGIBLE,R03b_20260811_FULL_v1,L1_ELIGIBILITY,v2026-08-11,2026-03-21..2026-08-06,baccarat_bet02_101_all_pairs_incl_sentinel,round_win = game_pnl > 0 (decisive only),COMPATIBILITY_ONLY_NOT_PRODUCTION,23219.2981,20941.0295,483.4708,3644,3644,-0.02082194,-0.02082194,,-0.02082194,-483.4708,23219.2981,OK,0.0000,19.3388,4.0000,96.0000,AG03-UNRESOLVED,ALL5_LEVELS_bet23_to_bet27,19.3388,19.3388,19.3388,24.1735,24.1735,4.000000,4.000000,4.000000,5.000000,5.000000,96.000000,96.000000,96.000000,95.000000,95.000000,5.0,106.3636,97.4318,377.1072,386.039,PENDING_AG03,FALSE,NOT_FOR_ENFORCEMENT,464.1320,20103.3883,483.4708,464.1320,19.3388,0.02082194,0.01998906,19.3388,464.1320,0.01998906,19.3388,19.3388,19.3388,24.1735,24.1735,464.1320,0.01998906,106.3636,97.4318,377.1072,386.039,0.01624111,0.01662578,0.00083288,6.3719,5.7467,0.1327,24.1735,1.3696,1160.9649,182.2000,6.3719,,2.5818,5.1636,10.2741,10.3271,12.9089,15.4907,5.1636,0.0,2.5,3.0,1.234019,18,135,72,2,1.00000000,0.02082194,0.02082194,0E-8,0.000000,0.901880,0.010977,,2026-07-08,2026-08-06,20,353,182,30,0.666667,,1.000000,3.333333,,,,,,,,GLOBAL_BASELINE_NO_ENTITY_RANKING,,,NOT_APPLICABLE_GLOBAL_BASELINE,HF9g-P5,,,,X 全窗基线 · 不参与实体赏罚,8398710,840,A168_HF9F_20260827_0900,2026-08-27 09:00:00
2026-07-13,141205185,1330,0,74.8715565538,-8.3907778896,-8.3907778896,0.3684211,19,19,0.50030086842105263,0.500300868421,-1.149701787584336,-1.149701787583877,-1.149701787584336,5.263E-14,ELIGIBLE,R03b_20260811_FULL_v1,L1_ELIGIBILITY,v2026-08-11,2026-03-21..2026-08-06,baccarat_bet02_101_all_pairs_incl_sentinel,round_win = game_pnl > 0 (decisive only),COMPATIBILITY_ONLY_NOT_PRODUCTION,23219.2981,20941.0295,483.4708,3644,3644,-0.02082194,-0.02082194,,-0.02082194,-483.4708,23219.2981,OK,0.0000,19.3388,4.0000,96.0000,AG03-UNRESOLVED,ALL5_LEVELS_bet23_to_bet27,19.3388,19.3388,19.3388,24.1735,24.1735,4.000000,4.000000,4.000000,5.000000,5.000000,96.000000,96.000000,96.000000,95.000000,95.000000,5.0,106.3636,97.4318,377.1072,386.039,PENDING_AG03,FALSE,NOT_FOR_ENFORCEMENT,464.1320,20103.3883,483.4708,464.1320,19.3388,0.02082194,0.01998906,19.3388,464.1320,0.01998906,19.3388,19.3388,19.3388,24.1735,24.1735,464.1320,0.01998906,106.3636,97.4318,377.1072,386.039,0.01624111,0.01662578,0.00083288,6.3719,5.7467,0.1327,24.1735,1.3696,1160.9649,182.2000,6.3719,,2.5818,5.1636,10.2741,10.3271,12.9089,15.4907,5.1636,0.0,2.5,3.0,1.234019,18,135,72,2,1.00000000,0.02082194,0.02082194,0E-8,0.000000,0.901880,0.010977,,2026-07-08,2026-08-06,20,353,182,30,0.666667,,1.000000,3.333333,,,,,,,,GLOBAL_BASELINE_NO_ENTITY_RANKING,,,NOT_APPLICABLE_GLOBAL_BASELINE,HF9g-P5,,,,X 全窗基线 · 不参与实体赏罚,8398711,840,A168_HF9F_20260827_0900,2026-08-27 09:00:00
2026-07-13,141205185,1374,0,28.3995559342,4.7762889526,4.7762889526,0.6250000,10,10,0.49994810000000000,0.499948100000,0.7074003757330176,0.7074003757330176,0.7074003757330176,0E-17,ELIGIBLE,R03b_20260811_FULL_v1,L1_ELIGIBILITY,v2026-08-11,2026-03-21..2026-08-06,baccarat_bet02_101_all_pairs_incl_sentinel,round_win = game_pnl > 0 (decisive only),COMPATIBILITY_ONLY_NOT_PRODUCTION,23219.2981,20941.0295,483.4708,3644,3644,-0.02082194,-0.02082194,,-0.02082194,-483.4708,23219.2981,OK,0.0000,19.3388,4.0000,96.0000,AG03-UNRESOLVED,ALL5_LEVELS_bet23_to_bet27,19.3388,19.3388,19.3388,24.1735,24.1735,4.000000,4.000000,4.000000,5.000000,5.000000,96.000000,96.000000,96.000000,95.000000,95.000000,5.0,106.3636,97.4318,377.1072,386.039,PENDING_AG03,FALSE,NOT_FOR_ENFORCEMENT,464.1320,20103.3883,483.4708,464.1320,19.3388,0.02082194,0.01998906,19.3388,464.1320,0.01998906,19.3388,19.3388,19.3388,24.1735,24.1735,464.1320,0.01998906,106.3636,97.4318,377.1072,386.039,0.01624111,0.01662578,0.00083288,6.3719,5.7467,0.1327,24.1735,1.3696,1160.9649,182.2000,6.3719,,2.5818,5.1636,10.2741,10.3271,12.9089,15.4907,5.1636,0.0,2.5,3.0,1.234019,18,135,72,2,1.00000000,0.02082194,0.02082194,0E-8,0.000000,0.901880,0.010977,,2026-07-08,2026-08-06,20,353,182,30,0.666667,,1.000000,3.333333,,,,,,,,GLOBAL_BASELINE_NO_ENTITY_RANKING,,,NOT_APPLICABLE_GLOBAL_BASELINE,HF9g-P5,,,,X 全窗基线 · 不参与实体赏罚,8398712,840,A168_HF9F_20260827_0900,2026-08-27 09:00:00
2026-07-13,141205185,1402,0,30.9813337464,-5.5508222962,-5.5508222962,0.5000000,8,8,0.49994810000000000,0.499948100000,0.00029359073713029245,0.00029359073713029245,0.00029359073713029245,0E-17,ELIGIBLE,R03b_20260811_FULL_v1,L1_ELIGIBILITY,v2026-08-11,2026-03-21..2026-08-06,baccarat_bet02_101_all_pairs_incl_sentinel,round_win = game_pnl > 0 (decisive only),COMPATIBILITY_ONLY_NOT_PRODUCTION,23219.2981,20941.0295,483.4708,3644,3644,-0.02082194,-0.02082194,,-0.02082194,-483.4708,23219.2981,OK,0.0000,19.3388,4.0000,96.0000,AG03-UNRESOLVED,ALL5_LEVELS_bet23_to_bet27,19.3388,19.3388,19.3388,24.1735,24.1735,4.000000,4.000000,4.000000,5.000000,5.000000,96.000000,96.000000,96.000000,95.000000,95.000000,5.0,106.3636,97.4318,377.1072,386.039,PENDING_AG03,FALSE,NOT_FOR_ENFORCEMENT,464.1320,20103.3883,483.4708,464.1320,19.3388,0.02082194,0.01998906,19.3388,464.1320,0.01998906,19.3388,19.3388,19.3388,24.1735,24.1735,464.1320,0.01998906,106.3636,97.4318,377.1072,386.039,0.01624111,0.01662578,0.00083288,6.3719,5.7467,0.1327,24.1735,1.3696,1160.9649,182.2000,6.3719,,2.5818,5.1636,10.2741,10.3271,12.9089,15.4907,5.1636,0.0,2.5,3.0,1.234019,18,135,72,2,1.00000000,0.02082194,0.02082194,0E-8,0.000000,0.901880,0.010977,,2026-07-08,2026-08-06,20,353,182,30,0.666667,,1.000000,3.333333,,,,,,,,GLOBAL_BASELINE_NO_ENTITY_RANKING,,,NOT_APPLICABLE_GLOBAL_BASELINE,HF9g-P5,,,,X 全窗基线 · 不参与实体赏罚,8398713,840,A168_HF9F_20260827_0900,2026-08-27 09:00:00
2026-07-13,141205185,1646,0,20.6542224976,4.5181111714,4.5181111714,0.6250000,8,8,0.50329940000000000,0.503299400000,0.6884575455922034,0.6884575455922034,0.6884575455922034,0E-17,ELIGIBLE,R03b_20260811_FULL_v1,L1_ELIGIBILITY,v2026-08-11,2026-03-21..2026-08-06,baccarat_bet02_101_all_pairs_incl_sentinel,round_win = game_pnl > 0 (decisive only),COMPATIBILITY_ONLY_NOT_PRODUCTION,23219.2981,20941.0295,483.4708,3644,3644,-0.02082194,-0.02082194,,-0.02082194,-483.4708,23219.2981,OK,0.0000,19.3388,4.0000,96.0000,AG03-UNRESOLVED,ALL5_LEVELS_bet23_to_bet27,19.3388,19.3388,19.3388,24.1735,24.1735,4.000000,4.000000,4.000000,5.000000,5.000000,96.000000,96.000000,96.000000,95.000000,95.000000,5.0,106.3636,97.4318,377.1072,386.039,PENDING_AG03,FALSE,NOT_FOR_ENFORCEMENT,464.1320,20103.3883,483.4708,464.1320,19.3388,0.02082194,0.01998906,19.3388,464.1320,0.01998906,19.3388,19.3388,19.3388,24.1735,24.1735,464.1320,0.01998906,106.3636,97.4318,377.1072,386.039,0.01624111,0.01662578,0.00083288,6.3719,5.7467,0.1327,24.1735,1.3696,1160.9649,182.2000,6.3719,,2.5818,5.1636,10.2741,10.3271,12.9089,15.4907,5.1636,0.0,2.5,3.0,1.234019,18,135,72,2,1.00000000,0.02082194,0.02082194,0E-8,0.000000,0.901880,0.010977,,2026-07-08,2026-08-06,20,353,182,30,0.666667,,1.000000,3.333333,,,,,,,,GLOBAL_BASELINE_NO_ENTITY_RANKING,,,NOT_APPLICABLE_GLOBAL_BASELINE,HF9g-P5,,,,X 全窗基线 · 不参与实体赏罚,8398714,840,A168_HF9F_20260827_0900,2026-08-27 09:00:00
2026-07-13,141205185,1951,0,18.0724446854,-15.4906668732,-15.4906668732,0E-7,7,7,0.50282064285714286,0.502820642857,-2.4633472114978385,-2.4633472114971346,-2.4633472114978385,1.4286E-13,ELIGIBLE,R03b_20260811_FULL_v1,L1_ELIGIBILITY,v2026-08-11,2026-03-21..2026-08-06,baccarat_bet02_101_all_pairs_incl_sentinel,round_win = game_pnl > 0 (decisive only),COMPATIBILITY_ONLY_NOT_PRODUCTION,23219.2981,20941.0295,483.4708,3644,3644,-0.02082194,-0.02082194,,-0.02082194,-483.4708,23219.2981,OK,0.0000,19.3388,4.0000,96.0000,AG03-UNRESOLVED,ALL5_LEVELS_bet23_to_bet27,19.3388,19.3388,19.3388,24.1735,24.1735,4.000000,4.000000,4.000000,5.000000,5.000000,96.000000,96.000000,96.000000,95.000000,95.000000,5.0,106.3636,97.4318,377.1072,386.039,PENDING_AG03,FALSE,NOT_FOR_ENFORCEMENT,464.1320,20103.3883,483.4708,464.1320,19.3388,0.02082194,0.01998906,19.3388,464.1320,0.01998906,19.3388,19.3388,19.3388,24.1735,24.1735,464.1320,0.01998906,106.3636,97.4318,377.1072,386.039,0.01624111,0.01662578,0.00083288,6.3719,5.7467,0.1327,24.1735,1.3696,1160.9649,182.2000,6.3719,,2.5818,5.1636,10.2741,10.3271,12.9089,15.4907,5.1636,0.0,2.5,3.0,1.234019,18,135,72,2,1.00000000,0.02082194,0.02082194,0E-8,0.000000,0.901880,0.010977,,2026-07-08,2026-08-06,20,353,182,30,0.666667,,1.000000,3.333333,,,,,,,,GLOBAL_BASELINE_NO_ENTITY_RANKING,,,NOT_APPLICABLE_GLOBAL_BASELINE,HF9g-P5,,,,X 全窗基线 · 不参与实体赏罚,8398715,840,A168_HF9F_20260827_0900,2026-08-27 09:00:00
2026-07-13,141205185,2103,0,51.6355562440,-26.4632225750,-26.4632225750,0.2727273,11,11,0.49933877272727273,0.499338772727,-1.5031719517980295,-1.5031719517962219,-1.5031719517980295,2.7273E-13,ELIGIBLE,R03b_20260811_FULL_v1,L1_ELIGIBILITY,v2026-08-11,2026-03-21..2026-08-06,baccarat_bet02_101_all_pairs_incl_sentinel,round_win = game_pnl > 0 (decisive only),COMPATIBILITY_ONLY_NOT_PRODUCTION,23219.2981,20941.0295,483.4708,3644,3644,-0.02082194,-0.02082194,,-0.02082194,-483.4708,23219.2981,OK,0.0000,19.3388,4.0000,96.0000,AG03-UNRESOLVED,ALL5_LEVELS_bet23_to_bet27,19.3388,19.3388,19.3388,24.1735,24.1735,4.000000,4.000000,4.000000,5.000000,5.000000,96.000000,96.000000,96.000000,95.000000,95.000000,5.0,106.3636,97.4318,377.1072,386.039,PENDING_AG03,FALSE,NOT_FOR_ENFORCEMENT,464.1320,20103.3883,483.4708,464.1320,19.3388,0.02082194,0.01998906,19.3388,464.1320,0.01998906,19.3388,19.3388,19.3388,24.1735,24.1735,464.1320,0.01998906,106.3636,97.4318,377.1072,386.039,0.01624111,0.01662578,0.00083288,6.3719,5.7467,0.1327,24.1735,1.3696,1160.9649,182.2000,6.3719,,2.5818,5.1636,10.2741,10.3271,12.9089,15.4907,5.1636,0.0,2.5,3.0,1.234019,18,135,72,2,1.00000000,0.02082194,0.02082194,0E-8,0.000000,0.901880,0.010977,,2026-07-08,2026-08-06,20,353,182,30,0.666667,,1.000000,3.333333,,,,,,,,GLOBAL_BASELINE_NO_ENTITY_RANKING,,,NOT_APPLICABLE_GLOBAL_BASELINE,HF9g-P5,,,,X 全窗基线 · 不参与实体赏罚,8398716,840,A168_HF9F_20260827_0900,2026-08-27 09:00:00
2026-07-13,141205185,2223,0,80.0351121782,-23.3650892004,-23.3650892004,0.3888889,20,20,0.49860758000000000,0.498607580000,-0.9309975761964425,-0.9309975761964426,-0.9309975761964425,0E-17,ELIGIBLE,R03b_20260811_FULL_v1,L1_ELIGIBILITY,v2026-08-11,2026-03-21..2026-08-06,baccarat_bet02_101_all_pairs_incl_sentinel,round_win = game_pnl > 0 (decisive only),COMPATIBILITY_ONLY_NOT_PRODUCTION,23219.2981,20941.0295,483.4708,3644,3644,-0.02082194,-0.02082194,,-0.02082194,-483.4708,23219.2981,OK,0.0000,19.3388,4.0000,96.0000,AG03-UNRESOLVED,ALL5_LEVELS_bet23_to_bet27,19.3388,19.3388,19.3388,24.1735,24.1735,4.000000,4.000000,4.000000,5.000000,5.000000,96.000000,96.000000,96.000000,95.000000,95.000000,5.0,106.3636,97.4318,377.1072,386.039,PENDING_AG03,FALSE,NOT_FOR_ENFORCEMENT,464.1320,20103.3883,483.4708,464.1320,19.3388,0.02082194,0.01998906,19.3388,464.1320,0.01998906,19.3388,19.3388,19.3388,24.1735,24.1735,464.1320,0.01998906,106.3636,97.4318,377.1072,386.039,0.01624111,0.01662578,0.00083288,6.3719,5.7467,0.1327,24.1735,1.3696,1160.9649,182.2000,6.3719,,2.5818,5.1636,10.2741,10.3271,12.9089,15.4907,5.1636,0.0,2.5,3.0,1.234019,18,135,72,2,1.00000000,0.02082194,0.02082194,0E-8,0.000000,0.901880,0.010977,,2026-07-08,2026-08-06,20,353,182,30,0.666667,,1.000000,3.333333,,,,,,,,GLOBAL_BASELINE_NO_ENTITY_RANKING,,,NOT_APPLICABLE_GLOBAL_BASELINE,HF9g-P5,,,,X 全窗基线 · 不参与实体赏罚,8398717,840,A168_HF9F_20260827_0900,2026-08-27 09:00:00
2026-07-13,141205185,2252,0,20.6542224976,-0.1290888906,-0.1290888906,0.5000000,7,7,0.49899058571428571,0.498990585714,0.004945109955477372,0.0049451099568770685,0.004945109955477372,2.8571E-13,ELIGIBLE,R03b_20260811_FULL_v1,L1_ELIGIBILITY,v2026-08-11,2026-03-21..2026-08-06,baccarat_bet02_101_all_pairs_incl_sentinel,round_win = game_pnl > 0 (decisive only),COMPATIBILITY_ONLY_NOT_PRODUCTION,23219.2981,20941.0295,483.4708,3644,3644,-0.02082194,-0.02082194,,-0.02082194,-483.4708,23219.2981,OK,0.0000,19.3388,4.0000,96.0000,AG03-UNRESOLVED,ALL5_LEVELS_bet23_to_bet27,19.3388,19.3388,19.3388,24.1735,24.1735,4.000000,4.000000,4.000000,5.000000,5.000000,96.000000,96.000000,96.000000,95.000000,95.000000,5.0,106.3636,97.4318,377.1072,386.039,PENDING_AG03,FALSE,NOT_FOR_ENFORCEMENT,464.1320,20103.3883,483.4708,464.1320,19.3388,0.02082194,0.01998906,19.3388,464.1320,0.01998906,19.3388,19.3388,19.3388,24.1735,24.1735,464.1320,0.01998906,106.3636,97.4318,377.1072,386.039,0.01624111,0.01662578,0.00083288,6.3719,5.7467,0.1327,24.1735,1.3696,1160.9649,182.2000,6.3719,,2.5818,5.1636,10.2741,10.3271,12.9089,15.4907,5.1636,0.0,2.5,3.0,1.234019,18,135,72,2,1.00000000,0.02082194,0.02082194,0E-8,0.000000,0.901880,0.010977,,2026-07-08,2026-08-06,20,353,182,30,0.666667,,1.000000,3.333333,,,,,,,,GLOBAL_BASELINE_NO_ENTITY_RANKING,,,NOT_APPLICABLE_GLOBAL_BASELINE,HF9g-P5,,,,X 全窗基线 · 不参与实体赏罚,8398718,840,A168_HF9F_20260827_0900,2026-08-27 09:00:00
2026-07-13,141205185,915,0,18.0724446854,-8.0035112178,-8.0035112178,0.2857143,7,7,0.50282064285714286,0.502820642857,-1.1488371386043665,-1.1488371386036085,-1.1488371386043665,1.4286E-13,ELIGIBLE,R03b_20260811_FULL_v1,L1_ELIGIBILITY,v2026-08-11,2026-03-21..2026-08-06,baccarat_bet02_101_all_pairs_incl_sentinel,round_win = game_pnl > 0 (decisive only),COMPATIBILITY_ONLY_NOT_PRODUCTION,23219.2981,20941.0295,483.4708,3644,3644,-0.02082194,-0.02082194,,-0.02082194,-483.4708,23219.2981,OK,0.0000,19.3388,4.0000,96.0000,AG03-UNRESOLVED,ALL5_LEVELS_bet23_to_bet27,19.3388,19.3388,19.3388,24.1735,24.1735,4.000000,4.000000,4.000000,5.000000,5.000000,96.000000,96.000000,96.000000,95.000000,95.000000,5.0,106.3636,97.4318,377.1072,386.039,PENDING_AG03,FALSE,NOT_FOR_ENFORCEMENT,464.1320,20103.3883,483.4708,464.1320,19.3388,0.02082194,0.01998906,19.3388,464.1320,0.01998906,19.3388,19.3388,19.3388,24.1735,24.1735,464.1320,0.01998906,106.3636,97.4318,377.1072,386.039,0.01624111,0.01662578,0.00083288,6.3719,5.7467,0.1327,24.1735,1.3696,1160.9649,182.2000,6.3719,,2.5818,5.1636,10.2741,10.3271,12.9089,15.4907,5.1636,0.0,2.5,3.0,1.234019,18,135,72,2,1.00000000,0.02082194,0.02082194,0E-8,0.000000,0.901880,0.010977,,2026-07-08,2026-08-06,20,353,182,30,0.666667,,1.000000,3.333333,,,,,,,,GLOBAL_BASELINE_NO_ENTITY_RANKING,,,NOT_APPLICABLE_GLOBAL_BASELINE,HF9g-P5,,,,X 全窗基线 · 不参与实体赏罚,8398719,840,A168_HF9F_20260827_0900,2026-08-27 09:00:00
2026-07-20,141205185,2171,0,10.3271112488,2.3236000310,2.3236000310,0.6666667,4,4,0.50665070000000000,0.506650700000,0.5543606114942035,0.5543606114942035,0.5543606114942035,0E-17,ELIGIBLE,R03b_20260811_FULL_v1,L1_ELIGIBILITY,v2026-08-11,2026-03-21..2026-08-06,baccarat_bet02_101_all_pairs_incl_sentinel,round_win = game_pnl > 0 (decisive only),COMPATIBILITY_ONLY_NOT_PRODUCTION,23219.2981,20941.0295,483.4708,3644,3644,-0.02082194,-0.02082194,,-0.02082194,-483.4708,23219.2981,OK,0.0000,19.3388,4.0000,96.0000,AG03-UNRESOLVED,ALL5_LEVELS_bet23_to_bet27,19.3388,19.3388,19.3388,24.1735,24.1735,4.000000,4.000000,4.000000,5.000000,5.000000,96.000000,96.000000,96.000000,95.000000,95.000000,5.0,106.3636,97.4318,377.1072,386.039,PENDING_AG03,FALSE,NOT_FOR_ENFORCEMENT,464.1320,20103.3883,483.4708,464.1320,19.3388,0.02082194,0.01998906,19.3388,464.1320,0.01998906,19.3388,19.3388,19.3388,24.1735,24.1735,464.1320,0.01998906,106.3636,97.4318,377.1072,386.039,0.01624111,0.01662578,0.00083288,6.3719,5.7467,0.1327,24.1735,1.3696,1160.9649,182.2000,6.3719,,2.5818,5.1636,10.2741,10.3271,12.9089,15.4907,5.1636,0.0,2.5,3.0,1.234019,18,135,72,2,1.00000000,0.02082194,0.02082194,0E-8,0.000000,0.901880,0.010977,,2026-07-08,2026-08-06,20,353,182,30,0.666667,,1.000000,3.333333,,,,,,,,GLOBAL_BASELINE_NO_ENTITY_RANKING,,,NOT_APPLICABLE_GLOBAL_BASELINE,HF9g-P5,,,,X 全窗基线 · 不参与实体赏罚,8398720,840,A168_HF9F_20260827_0900,2026-08-27 09:00:00
2026-07-22,141205185,-1,1,12.9088890610,0E-10,0E-10,,1,1,0.49324550000000000,0.493245500000,,,,0E-17,SENTINEL_DEALER,R03b_20260811_FULL_v1,L1_ELIGIBILITY,v2026-08-11,2026-03-21..2026-08-06,baccarat_bet02_101_all_pairs_incl_sentinel,round_win = game_pnl > 0 (decisive only),COMPATIBILITY_ONLY_NOT_PRODUCTION,23219.2981,20941.0295,483.4708,3644,3644,-0.02082194,-0.02082194,,-0.02082194,-483.4708,23219.2981,OK,0.0000,19.3388,4.0000,96.0000,AG03-UNRESOLVED,ALL5_LEVELS_bet23_to_bet27,19.3388,19.3388,19.3388,24.1735,24.1735,4.000000,4.000000,4.000000,5.000000,5.000000,96.000000,96.000000,96.000000,95.000000,95.000000,5.0,106.3636,97.4318,377.1072,386.039,PENDING_AG03,FALSE,NOT_FOR_ENFORCEMENT,464.1320,20103.3883,483.4708,464.1320,19.3388,0.02082194,0.01998906,19.3388,464.1320,0.01998906,19.3388,19.3388,19.3388,24.1735,24.1735,464.1320,0.01998906,106.3636,97.4318,377.1072,386.039,0.01624111,0.01662578,0.00083288,6.3719,5.7467,0.1327,24.1735,1.3696,1160.9649,182.2000,6.3719,,2.5818,5.1636,10.2741,10.3271,12.9089,15.4907,5.1636,0.0,2.5,3.0,1.234019,18,135,72,2,1.00000000,0.02082194,0.02082194,0E-8,0.000000,0.901880,0.010977,,2026-07-08,2026-08-06,20,353,182,30,0.666667,,1.000000,3.333333,,,,,,,,GLOBAL_BASELINE_NO_ENTITY_RANKING,,,NOT_APPLICABLE_GLOBAL_BASELINE,HF9g-P5,,,,X 全窗基线 · 不参与实体赏罚,8398721,840,A168_HF9F_20260827_0900,2026-08-27 09:00:00
2026-07-22,141205185,1017,0,18.0724446854,-8.0035112178,-8.0035112178,0.4000000,5,5,0.50665070000000000,0.506650700000,-0.4769986289884125,-0.4769986289884125,-0.4769986289884125,0E-17,ELIGIBLE,R03b_20260811_FULL_v1,L1_ELIGIBILITY,v2026-08-11,2026-03-21..2026-08-06,baccarat_bet02_101_all_pairs_incl_sentinel,round_win = game_pnl > 0 (decisive only),COMPATIBILITY_ONLY_NOT_PRODUCTION,23219.2981,20941.0295,483.4708,3644,3644,-0.02082194,-0.02082194,,-0.02082194,-483.4708,23219.2981,OK,0.0000,19.3388,4.0000,96.0000,AG03-UNRESOLVED,ALL5_LEVELS_bet23_to_bet27,19.3388,19.3388,19.3388,24.1735,24.1735,4.000000,4.000000,4.000000,5.000000,5.000000,96.000000,96.000000,96.000000,95.000000,95.000000,5.0,106.3636,97.4318,377.1072,386.039,PENDING_AG03,FALSE,NOT_FOR_ENFORCEMENT,464.1320,20103.3883,483.4708,464.1320,19.3388,0.02082194,0.01998906,19.3388,464.1320,0.01998906,19.3388,19.3388,19.3388,24.1735,24.1735,464.1320,0.01998906,106.3636,97.4318,377.1072,386.039,0.01624111,0.01662578,0.00083288,6.3719,5.7467,0.1327,24.1735,1.3696,1160.9649,182.2000,6.3719,,2.5818,5.1636,10.2741,10.3271,12.9089,15.4907,5.1636,0.0,2.5,3.0,1.234019,18,135,72,2,1.00000000,0.02082194,0.02082194,0E-8,0.000000,0.901880,0.010977,,2026-07-08,2026-08-06,20,353,182,30,0.666667,,1.000000,3.333333,,,,,,,,GLOBAL_BASELINE_NO_ENTITY_RANKING,,,NOT_APPLICABLE_GLOBAL_BASELINE,HF9g-P5,,,,X 全窗基线 · 不参与实体赏罚,8398722,840,A168_HF9F_20260827_0900,2026-08-27 09:00:00
2026-07-22,141205185,1157,0,72.2897787416,0E-10,0E-10,0.5000000,8,8,0.50162375000000000,0.501623750000,-0.00795475988626705,-0.00795475988626705,-0.00795475988626705,0E-17,ELIGIBLE,R03b_20260811_FULL_v1,L1_ELIGIBILITY,v2026-08-11,2026-03-21..2026-08-06,baccarat_bet02_101_all_pairs_incl_sentinel,round_win = game_pnl > 0 (decisive only),COMPATIBILITY_ONLY_NOT_PRODUCTION,23219.2981,20941.0295,483.4708,3644,3644,-0.02082194,-0.02082194,,-0.02082194,-483.4708,23219.2981,OK,0.0000,19.3388,4.0000,96.0000,AG03-UNRESOLVED,ALL5_LEVELS_bet23_to_bet27,19.3388,19.3388,19.3388,24.1735,24.1735,4.000000,4.000000,4.000000,5.000000,5.000000,96.000000,96.000000,96.000000,95.000000,95.000000,5.0,106.3636,97.4318,377.1072,386.039,PENDING_AG03,FALSE,NOT_FOR_ENFORCEMENT,464.1320,20103.3883,483.4708,464.1320,19.3388,0.02082194,0.01998906,19.3388,464.1320,0.01998906,19.3388,19.3388,19.3388,24.1735,24.1735,464.1320,0.01998906,106.3636,97.4318,377.1072,386.039,0.01624111,0.01662578,0.00083288,6.3719,5.7467,0.1327,24.1735,1.3696,1160.9649,182.2000,6.3719,,2.5818,5.1636,10.2741,10.3271,12.9089,15.4907,5.1636,0.0,2.5,3.0,1.234019,18,135,72,2,1.00000000,0.02082194,0.02082194,0E-8,0.000000,0.901880,0.010977,,2026-07-08,2026-08-06,20,353,182,30,0.666667,,1.000000,3.333333,,,,,,,,GLOBAL_BASELINE_NO_ENTITY_RANKING,,,NOT_APPLICABLE_GLOBAL_BASELINE,HF9g-P5,,,,X 全窗基线 · 不参与实体赏罚,8398723,840,A168_HF9F_20260827_0900,2026-08-27 09:00:00
2026-07-22,141205185,1306,0,178.1426690418,26.4632225752,26.4632225752,0.6206897,33,33,0.49974499090909091,0.499744990909,1.3026140686201386,1.3026140686211178,1.3026140686201386,9.091E-14,ELIGIBLE,R03b_20260811_FULL_v1,L1_ELIGIBILITY,v2026-08-11,2026-03-21..2026-08-06,baccarat_bet02_101_all_pairs_incl_sentinel,round_win = game_pnl > 0 (decisive only),COMPATIBILITY_ONLY_NOT_PRODUCTION,23219.2981,20941.0295,483.4708,3644,3644,-0.02082194,-0.02082194,,-0.02082194,-483.4708,23219.2981,OK,0.0000,19.3388,4.0000,96.0000,AG03-UNRESOLVED,ALL5_LEVELS_bet23_to_bet27,19.3388,19.3388,19.3388,24.1735,24.1735,4.000000,4.000000,4.000000,5.000000,5.000000,96.000000,96.000000,96.000000,95.000000,95.000000,5.0,106.3636,97.4318,377.1072,386.039,PENDING_AG03,FALSE,NOT_FOR_ENFORCEMENT,464.1320,20103.3883,483.4708,464.1320,19.3388,0.02082194,0.01998906,19.3388,464.1320,0.01998906,19.3388,19.3388,19.3388,24.1735,24.1735,464.1320,0.01998906,106.3636,97.4318,377.1072,386.039,0.01624111,0.01662578,0.00083288,6.3719,5.7467,0.1327,24.1735,1.3696,1160.9649,182.2000,6.3719,,2.5818,5.1636,10.2741,10.3271,12.9089,15.4907,5.1636,0.0,2.5,3.0,1.234019,18,135,72,2,1.00000000,0.02082194,0.02082194,0E-8,0.000000,0.901880,0.010977,,2026-07-08,2026-08-06,20,353,182,30,0.666667,,1.000000,3.333333,,,,,,,,GLOBAL_BASELINE_NO_ENTITY_RANKING,,,NOT_APPLICABLE_GLOBAL_BASELINE,HF9g-P5,,,,X 全窗基线 · 不参与实体赏罚,8398724,840,A168_HF9F_20260827_0900,2026-08-27 09:00:00
2026-07-22,141205185,1323,0,20.6542224976,-0.2581777812,-0.2581777812,0.6666667,3,3,0.50218230000000000,0.502182300000,0.5697959874915163,0.5697959874915164,0.5697959874915163,0E-17,ELIGIBLE,R03b_20260811_FULL_v1,L1_ELIGIBILITY,v2026-08-11,2026-03-21..2026-08-06,baccarat_bet02_101_all_pairs_incl_sentinel,round_win = game_pnl > 0 (decisive only),COMPATIBILITY_ONLY_NOT_PRODUCTION,23219.2981,20941.0295,483.4708,3644,3644,-0.02082194,-0.02082194,,-0.02082194,-483.4708,23219.2981,OK,0.0000,19.3388,4.0000,96.0000,AG03-UNRESOLVED,ALL5_LEVELS_bet23_to_bet27,19.3388,19.3388,19.3388,24.1735,24.1735,4.000000,4.000000,4.000000,5.000000,5.000000,96.000000,96.000000,96.000000,95.000000,95.000000,5.0,106.3636,97.4318,377.1072,386.039,PENDING_AG03,FALSE,NOT_FOR_ENFORCEMENT,464.1320,20103.3883,483.4708,464.1320,19.3388,0.02082194,0.01998906,19.3388,464.1320,0.01998906,19.3388,19.3388,19.3388,24.1735,24.1735,464.1320,0.01998906,106.3636,97.4318,377.1072,386.039,0.01624111,0.01662578,0.00083288,6.3719,5.7467,0.1327,24.1735,1.3696,1160.9649,182.2000,6.3719,,2.5818,5.1636,10.2741,10.3271,12.9089,15.4907,5.1636,0.0,2.5,3.0,1.234019,18,135,72,2,1.00000000,0.02082194,0.02082194,0E-8,0.000000,0.901880,0.010977,,2026-07-08,2026-08-06,20,353,182,30,0.666667,,1.000000,3.333333,,,,,,,,GLOBAL_BASELINE_NO_ENTITY_RANKING,,,NOT_APPLICABLE_GLOBAL_BASELINE,HF9g-P5,,,,X 全窗基线 · 不参与实体赏罚,8398725,840,A168_HF9F_20260827_0900,2026-08-27 09:00:00
2026-07-22,141205185,1330,0,56.7991118684,9.0362223428,9.0362223428,0.5000000,9,9,0.50069283333333333,0.500692833333,-0.003919260948490246,-0.003919260946604642,-0.003919260948490246,3.3333E-13,ELIGIBLE,R03b_20260811_FULL_v1,L1_ELIGIBILITY,v2026-08-11,2026-03-21..2026-08-06,baccarat_bet02_101_all_pairs_incl_sentinel,round_win = game_pnl > 0 (decisive only),COMPATIBILITY_ONLY_NOT_PRODUCTION,23219.2981,20941.0295,483.4708,3644,3644,-0.02082194,-0.02082194,,-0.02082194,-483.4708,23219.2981,OK,0.0000,19.3388,4.0000,96.0000,AG03-UNRESOLVED,ALL5_LEVELS_bet23_to_bet27,19.3388,19.3388,19.3388,24.1735,24.1735,4.000000,4.000000,4.000000,5.000000,5.000000,96.000000,96.000000,96.000000,95.000000,95.000000,5.0,106.3636,97.4318,377.1072,386.039,PENDING_AG03,FALSE,NOT_FOR_ENFORCEMENT,464.1320,20103.3883,483.4708,464.1320,19.3388,0.02082194,0.01998906,19.3388,464.1320,0.01998906,19.3388,19.3388,19.3388,24.1735,24.1735,464.1320,0.01998906,106.3636,97.4318,377.1072,386.039,0.01624111,0.01662578,0.00083288,6.3719,5.7467,0.1327,24.1735,1.3696,1160.9649,182.2000,6.3719,,2.5818,5.1636,10.2741,10.3271,12.9089,15.4907,5.1636,0.0,2.5,3.0,1.234019,18,135,72,2,1.00000000,0.02082194,0.02082194,0E-8,0.000000,0.901880,0.010977,,2026-07-08,2026-08-06,20,353,182,30,0.666667,,1.000000,3.333333,,,,,,,,GLOBAL_BASELINE_NO_ENTITY_RANKING,,,NOT_APPLICABLE_GLOBAL_BASELINE,HF9g-P5,,,,X 全窗基线 · 不参与实体赏罚,8398726,840,A168_HF9F_20260827_0900,2026-08-27 09:00:00
2026-07-22,141205185,1331,0,111.0164459246,0.7745333438,0.7745333438,0.6000000,12,12,0.50218230000000000,0.502182300000,0.6186593476339132,0.6186593476339132,0.6186593476339132,0E-17,ELIGIBLE,R03b_20260811_FULL_v1,L1_ELIGIBILITY,v2026-08-11,2026-03-21..2026-08-06,baccarat_bet02_101_all_pairs_incl_sentinel,round_win = game_pnl > 0 (decisive only),COMPATIBILITY_ONLY_NOT_PRODUCTION,23219.2981,20941.0295,483.4708,3644,3644,-0.02082194,-0.02082194,,-0.02082194,-483.4708,23219.2981,OK,0.0000,19.3388,4.0000,96.0000,AG03-UNRESOLVED,ALL5_LEVELS_bet23_to_bet27,19.3388,19.3388,19.3388,24.1735,24.1735,4.000000,4.000000,4.000000,5.000000,5.000000,96.000000,96.000000,96.000000,95.000000,95.000000,5.0,106.3636,97.4318,377.1072,386.039,PENDING_AG03,FALSE,NOT_FOR_ENFORCEMENT,464.1320,20103.3883,483.4708,464.1320,19.3388,0.02082194,0.01998906,19.3388,464.1320,0.01998906,19.3388,19.3388,19.3388,24.1735,24.1735,464.1320,0.01998906,106.3636,97.4318,377.1072,386.039,0.01624111,0.01662578,0.00083288,6.3719,5.7467,0.1327,24.1735,1.3696,1160.9649,182.2000,6.3719,,2.5818,5.1636,10.2741,10.3271,12.9089,15.4907,5.1636,0.0,2.5,3.0,1.234019,18,135,72,2,1.00000000,0.02082194,0.02082194,0E-8,0.000000,0.901880,0.010977,,2026-07-08,2026-08-06,20,353,182,30,0.666667,,1.000000,3.333333,,,,,,,,GLOBAL_BASELINE_NO_ENTITY_RANKING,,,NOT_APPLICABLE_GLOBAL_BASELINE,HF9g-P5,,,,X 全窗基线 · 不参与实体赏罚,8398727,840,A168_HF9F_20260827_0900,2026-08-27 09:00:00
2026-07-22,141205185,1353,0,74.8715565538,1.6781555780,1.6781555780,0.4615385,14,14,0.50090561428571429,0.500905614286,-0.2838810412416918,-0.28388104124375235,-0.2838810412416918,-2.8571E-13,ELIGIBLE,R03b_20260811_FULL_v1,L1_ELIGIBILITY,v2026-08-11,2026-03-21..2026-08-06,baccarat_bet02_101_all_pairs_incl_sentinel,round_win = game_pnl > 0 (decisive only),COMPATIBILITY_ONLY_NOT_PRODUCTION,23219.2981,20941.0295,483.4708,3644,3644,-0.02082194,-0.02082194,,-0.02082194,-483.4708,23219.2981,OK,0.0000,19.3388,4.0000,96.0000,AG03-UNRESOLVED,ALL5_LEVELS_bet23_to_bet27,19.3388,19.3388,19.3388,24.1735,24.1735,4.000000,4.000000,4.000000,5.000000,5.000000,96.000000,96.000000,96.000000,95.000000,95.000000,5.0,106.3636,97.4318,377.1072,386.039,PENDING_AG03,FALSE,NOT_FOR_ENFORCEMENT,464.1320,20103.3883,483.4708,464.1320,19.3388,0.02082194,0.01998906,19.3388,464.1320,0.01998906,19.3388,19.3388,19.3388,24.1735,24.1735,464.1320,0.01998906,106.3636,97.4318,377.1072,386.039,0.01624111,0.01662578,0.00083288,6.3719,5.7467,0.1327,24.1735,1.3696,1160.9649,182.2000,6.3719,,2.5818,5.1636,10.2741,10.3271,12.9089,15.4907,5.1636,0.0,2.5,3.0,1.234019,18,135,72,2,1.00000000,0.02082194,0.02082194,0E-8,0.000000,0.901880,0.010977,,2026-07-08,2026-08-06,20,353,182,30,0.666667,,1.000000,3.333333,,,,,,,,GLOBAL_BASELINE_NO_ENTITY_RANKING,,,NOT_APPLICABLE_GLOBAL_BASELINE,HF9g-P5,,,,X 全窗基线 · 不参与实体赏罚,8398728,840,A168_HF9F_20260827_0900,2026-08-27 09:00:00
2026-07-22,141205185,1382,0,33.5631115586,-10.3271112488,-10.3271112488,0.4285714,9,9,0.49920336666666667,0.499203366667,-0.37374956001870013,-0.3737495600204636,-0.37374956001870013,-3.3333E-13,ELIGIBLE,R03b_20260811_FULL_v1,L1_ELIGIBILITY,v2026-08-11,2026-03-21..2026-08-06,baccarat_bet02_101_all_pairs_incl_sentinel,round_win = game_pnl > 0 (decisive only),COMPATIBILITY_ONLY_NOT_PRODUCTION,23219.2981,20941.0295,483.4708,3644,3644,-0.02082194,-0.02082194,,-0.02082194,-483.4708,23219.2981,OK,0.0000,19.3388,4.0000,96.0000,AG03-UNRESOLVED,ALL5_LEVELS_bet23_to_bet27,19.3388,19.3388,19.3388,24.1735,24.1735,4.000000,4.000000,4.000000,5.000000,5.000000,96.000000,96.000000,96.000000,95.000000,95.000000,5.0,106.3636,97.4318,377.1072,386.039,PENDING_AG03,FALSE,NOT_FOR_ENFORCEMENT,464.1320,20103.3883,483.4708,464.1320,19.3388,0.02082194,0.01998906,19.3388,464.1320,0.01998906,19.3388,19.3388,19.3388,24.1735,24.1735,464.1320,0.01998906,106.3636,97.4318,377.1072,386.039,0.01624111,0.01662578,0.00083288,6.3719,5.7467,0.1327,24.1735,1.3696,1160.9649,182.2000,6.3719,,2.5818,5.1636,10.2741,10.3271,12.9089,15.4907,5.1636,0.0,2.5,3.0,1.234019,18,135,72,2,1.00000000,0.02082194,0.02082194,0E-8,0.000000,0.901880,0.010977,,2026-07-08,2026-08-06,20,353,182,30,0.666667,,1.000000,3.333333,,,,,,,,GLOBAL_BASELINE_NO_ENTITY_RANKING,,,NOT_APPLICABLE_GLOBAL_BASELINE,HF9g-P5,,,,X 全窗基线 · 不参与实体赏罚,8398729,840,A168_HF9F_20260827_0900,2026-08-27 09:00:00
2026-07-22,141205185,1384,0,10.3271112488,-0.1290888906,-0.1290888906,0.5000000,4,4,0.49994810000000000,0.499948100000,0.00014679536856514622,0.00014679536856514622,0.00014679536856514622,0E-17,ELIGIBLE,R03b_20260811_FULL_v1,L1_ELIGIBILITY,v2026-08-11,2026-03-21..2026-08-06,baccarat_bet02_101_all_pairs_incl_sentinel,round_win = game_pnl > 0 (decisive only),COMPATIBILITY_ONLY_NOT_PRODUCTION,23219.2981,20941.0295,483.4708,3644,3644,-0.02082194,-0.02082194,,-0.02082194,-483.4708,23219.2981,OK,0.0000,19.3388,4.0000,96.0000,AG03-UNRESOLVED,ALL5_LEVELS_bet23_to_bet27,19.3388,19.3388,19.3388,24.1735,24.1735,4.000000,4.000000,4.000000,5.000000,5.000000,96.000000,96.000000,96.000000,95.000000,95.000000,5.0,106.3636,97.4318,377.1072,386.039,PENDING_AG03,FALSE,NOT_FOR_ENFORCEMENT,464.1320,20103.3883,483.4708,464.1320,19.3388,0.02082194,0.01998906,19.3388,464.1320,0.01998906,19.3388,19.3388,19.3388,24.1735,24.1735,464.1320,0.01998906,106.3636,97.4318,377.1072,386.039,0.01624111,0.01662578,0.00083288,6.3719,5.7467,0.1327,24.1735,1.3696,1160.9649,182.2000,6.3719,,2.5818,5.1636,10.2741,10.3271,12.9089,15.4907,5.1636,0.0,2.5,3.0,1.234019,18,135,72,2,1.00000000,0.02082194,0.02082194,0E-8,0.000000,0.901880,0.010977,,2026-07-08,2026-08-06,20,353,182,30,0.666667,,1.000000,3.333333,,,,,,,,GLOBAL_BASELINE_NO_ENTITY_RANKING,,,NOT_APPLICABLE_GLOBAL_BASELINE,HF9g-P5,,,,X 全窗基线 · 不参与实体赏罚,8398730,840,A168_HF9F_20260827_0900,2026-08-27 09:00:00
2026-07-22,141205185,1710,0,25.8177781220,-0.3872666718,-0.3872666718,0.6000000,6,6,0.50218230000000000,0.502182300000,0.4374582199563857,0.4374582199563857,0.4374582199563857,0E-17,ELIGIBLE,R03b_20260811_FULL_v1,L1_ELIGIBILITY,v2026-08-11,2026-03-21..2026-08-06,baccarat_bet02_101_all_pairs_incl_sentinel,round_win = game_pnl > 0 (decisive only),COMPATIBILITY_ONLY_NOT_PRODUCTION,23219.2981,20941.0295,483.4708,3644,3644,-0.02082194,-0.02082194,,-0.02082194,-483.4708,23219.2981,OK,0.0000,19.3388,4.0000,96.0000,AG03-UNRESOLVED,ALL5_LEVELS_bet23_to_bet27,19.3388,19.3388,19.3388,24.1735,24.1735,4.000000,4.000000,4.000000,5.000000,5.000000,96.000000,96.000000,96.000000,95.000000,95.000000,5.0,106.3636,97.4318,377.1072,386.039,PENDING_AG03,FALSE,NOT_FOR_ENFORCEMENT,464.1320,20103.3883,483.4708,464.1320,19.3388,0.02082194,0.01998906,19.3388,464.1320,0.01998906,19.3388,19.3388,19.3388,24.1735,24.1735,464.1320,0.01998906,106.3636,97.4318,377.1072,386.039,0.01624111,0.01662578,0.00083288,6.3719,5.7467,0.1327,24.1735,1.3696,1160.9649,182.2000,6.3719,,2.5818,5.1636,10.2741,10.3271,12.9089,15.4907,5.1636,0.0,2.5,3.0,1.234019,18,135,72,2,1.00000000,0.02082194,0.02082194,0E-8,0.000000,0.901880,0.010977,,2026-07-08,2026-08-06,20,353,182,30,0.666667,,1.000000,3.333333,,,,,,,,GLOBAL_BASELINE_NO_ENTITY_RANKING,,,NOT_APPLICABLE_GLOBAL_BASELINE,HF9g-P5,,,,X 全窗基线 · 不参与实体赏罚,8398731,840,A168_HF9F_20260827_0900,2026-08-27 09:00:00
2026-07-22,141205185,1714,0,51.6355562440,19.1051558104,19.1051558104,0.7500000,5,5,0.50665070000000000,0.506650700000,0.9734833216690844,0.9734833216690844,0.9734833216690844,0E-17,ELIGIBLE,R03b_20260811_FULL_v1,L1_ELIGIBILITY,v2026-08-11,2026-03-21..2026-08-06,baccarat_bet02_101_all_pairs_incl_sentinel,round_win = game_pnl > 0 (decisive only),COMPATIBILITY_ONLY_NOT_PRODUCTION,23219.2981,20941.0295,483.4708,3644,3644,-0.02082194,-0.02082194,,-0.02082194,-483.4708,23219.2981,OK,0.0000,19.3388,4.0000,96.0000,AG03-UNRESOLVED,ALL5_LEVELS_bet23_to_bet27,19.3388,19.3388,19.3388,24.1735,24.1735,4.000000,4.000000,4.000000,5.000000,5.000000,96.000000,96.000000,96.000000,95.000000,95.000000,5.0,106.3636,97.4318,377.1072,386.039,PENDING_AG03,FALSE,NOT_FOR_ENFORCEMENT,464.1320,20103.3883,483.4708,464.1320,19.3388,0.02082194,0.01998906,19.3388,464.1320,0.01998906,19.3388,19.3388,19.3388,24.1735,24.1735,464.1320,0.01998906,106.3636,97.4318,377.1072,386.039,0.01624111,0.01662578,0.00083288,6.3719,5.7467,0.1327,24.1735,1.3696,1160.9649,182.2000,6.3719,,2.5818,5.1636,10.2741,10.3271,12.9089,15.4907,5.1636,0.0,2.5,3.0,1.234019,18,135,72,2,1.00000000,0.02082194,0.02082194,0E-8,0.000000,0.901880,0.010977,,2026-07-08,2026-08-06,20,353,182,30,0.666667,,1.000000,3.333333,,,,,,,,GLOBAL_BASELINE_NO_ENTITY_RANKING,,,NOT_APPLICABLE_GLOBAL_BASELINE,HF9g-P5,,,,X 全窗基线 · 不参与实体赏罚,8398732,840,A168_HF9F_20260827_0900,2026-08-27 09:00:00
2026-07-22,141205185,2072,0,25.8177781220,25.8177781220,25.8177781220,1.0000000,2,2,0.49324550000000000,0.493245500000,1.4334489766152358,1.4334489766152358,1.4334489766152358,0E-17,ELIGIBLE,R03b_20260811_FULL_v1,L1_ELIGIBILITY,v2026-08-11,2026-03-21..2026-08-06,baccarat_bet02_101_all_pairs_incl_sentinel,round_win = game_pnl > 0 (decisive only),COMPATIBILITY_ONLY_NOT_PRODUCTION,23219.2981,20941.0295,483.4708,3644,3644,-0.02082194,-0.02082194,,-0.02082194,-483.4708,23219.2981,OK,0.0000,19.3388,4.0000,96.0000,AG03-UNRESOLVED,ALL5_LEVELS_bet23_to_bet27,19.3388,19.3388,19.3388,24.1735,24.1735,4.000000,4.000000,4.000000,5.000000,5.000000,96.000000,96.000000,96.000000,95.000000,95.000000,5.0,106.3636,97.4318,377.1072,386.039,PENDING_AG03,FALSE,NOT_FOR_ENFORCEMENT,464.1320,20103.3883,483.4708,464.1320,19.3388,0.02082194,0.01998906,19.3388,464.1320,0.01998906,19.3388,19.3388,19.3388,24.1735,24.1735,464.1320,0.01998906,106.3636,97.4318,377.1072,386.039,0.01624111,0.01662578,0.00083288,6.3719,5.7467,0.1327,24.1735,1.3696,1160.9649,182.2000,6.3719,,2.5818,5.1636,10.2741,10.3271,12.9089,15.4907,5.1636,0.0,2.5,3.0,1.234019,18,135,72,2,1.00000000,0.02082194,0.02082194,0E-8,0.000000,0.901880,0.010977,,2026-07-08,2026-08-06,20,353,182,30,0.666667,,1.000000,3.333333,,,,,,,,GLOBAL_BASELINE_NO_ENTITY_RANKING,,,NOT_APPLICABLE_GLOBAL_BASELINE,HF9g-P5,,,,X 全窗基线 · 不参与实体赏罚,8398733,840,A168_HF9F_20260827_0900,2026-08-27 09:00:00
2026-07-22,141205185,2106,0,152.3248909198,5.9380889682,5.9380889682,0.5625000,18,18,0.50143756666666667,0.501437566667,0.48850148574314906,0.48850148574048335,0.48850148574314906,-3.3333E-13,ELIGIBLE,R03b_20260811_FULL_v1,L1_ELIGIBILITY,v2026-08-11,2026-03-21..2026-08-06,baccarat_bet02_101_all_pairs_incl_sentinel,round_win = game_pnl > 0 (decisive only),COMPATIBILITY_ONLY_NOT_PRODUCTION,23219.2981,20941.0295,483.4708,3644,3644,-0.02082194,-0.02082194,,-0.02082194,-483.4708,23219.2981,OK,0.0000,19.3388,4.0000,96.0000,AG03-UNRESOLVED,ALL5_LEVELS_bet23_to_bet27,19.3388,19.3388,19.3388,24.1735,24.1735,4.000000,4.000000,4.000000,5.000000,5.000000,96.000000,96.000000,96.000000,95.000000,95.000000,5.0,106.3636,97.4318,377.1072,386.039,PENDING_AG03,FALSE,NOT_FOR_ENFORCEMENT,464.1320,20103.3883,483.4708,464.1320,19.3388,0.02082194,0.01998906,19.3388,464.1320,0.01998906,19.3388,19.3388,19.3388,24.1735,24.1735,464.1320,0.01998906,106.3636,97.4318,377.1072,386.039,0.01624111,0.01662578,0.00083288,6.3719,5.7467,0.1327,24.1735,1.3696,1160.9649,182.2000,6.3719,,2.5818,5.1636,10.2741,10.3271,12.9089,15.4907,5.1636,0.0,2.5,3.0,1.234019,18,135,72,2,1.00000000,0.02082194,0.02082194,0E-8,0.000000,0.901880,0.010977,,2026-07-08,2026-08-06,20,353,182,30,0.666667,,1.000000,3.333333,,,,,,,,GLOBAL_BASELINE_NO_ENTITY_RANKING,,,NOT_APPLICABLE_GLOBAL_BASELINE,HF9g-P5,,,,X 全窗基线 · 不参与实体赏罚,8398734,840,A168_HF9F_20260827_0900,2026-08-27 09:00:00
2026-07-22,141205185,2121,0,72.2897787416,23.3650892006,23.3650892006,0.6666667,6,6,0.50218230000000000,0.502182300000,0.8058132132962729,0.8058132132962729,0.8058132132962729,0E-17,ELIGIBLE,R03b_20260811_FULL_v1,L1_ELIGIBILITY,v2026-08-11,2026-03-21..2026-08-06,baccarat_bet02_101_all_pairs_incl_sentinel,round_win = game_pnl > 0 (decisive only),COMPATIBILITY_ONLY_NOT_PRODUCTION,23219.2981,20941.0295,483.4708,3644,3644,-0.02082194,-0.02082194,,-0.02082194,-483.4708,23219.2981,OK,0.0000,19.3388,4.0000,96.0000,AG03-UNRESOLVED,ALL5_LEVELS_bet23_to_bet27,19.3388,19.3388,19.3388,24.1735,24.1735,4.000000,4.000000,4.000000,5.000000,5.000000,96.000000,96.000000,96.000000,95.000000,95.000000,5.0,106.3636,97.4318,377.1072,386.039,PENDING_AG03,FALSE,NOT_FOR_ENFORCEMENT,464.1320,20103.3883,483.4708,464.1320,19.3388,0.02082194,0.01998906,19.3388,464.1320,0.01998906,19.3388,19.3388,19.3388,24.1735,24.1735,464.1320,0.01998906,106.3636,97.4318,377.1072,386.039,0.01624111,0.01662578,0.00083288,6.3719,5.7467,0.1327,24.1735,1.3696,1160.9649,182.2000,6.3719,,2.5818,5.1636,10.2741,10.3271,12.9089,15.4907,5.1636,0.0,2.5,3.0,1.234019,18,135,72,2,1.00000000,0.02082194,0.02082194,0E-8,0.000000,0.901880,0.010977,,2026-07-08,2026-08-06,20,353,182,30,0.666667,,1.000000,3.333333,,,,,,,,GLOBAL_BASELINE_NO_ENTITY_RANKING,,,NOT_APPLICABLE_GLOBAL_BASELINE,HF9g-P5,,,,X 全窗基线 · 不参与实体赏罚,8398735,840,A168_HF9F_20260827_0900,2026-08-27 09:00:00
2026-07-22,141205185,2155,0,59.3808896806,-18.5888002478,-18.5888002478,0.5000000,7,7,0.50090561428571429,0.500905614286,-0.00443659308478647,-0.004436593086186165,-0.00443659308478647,-2.8571E-13,ELIGIBLE,R03b_20260811_FULL_v1,L1_ELIGIBILITY,v2026-08-11,2026-03-21..2026-08-06,baccarat_bet02_101_all_pairs_incl_sentinel,round_win = game_pnl > 0 (decisive only),COMPATIBILITY_ONLY_NOT_PRODUCTION,23219.2981,20941.0295,483.4708,3644,3644,-0.02082194,-0.02082194,,-0.02082194,-483.4708,23219.2981,OK,0.0000,19.3388,4.0000,96.0000,AG03-UNRESOLVED,ALL5_LEVELS_bet23_to_bet27,19.3388,19.3388,19.3388,24.1735,24.1735,4.000000,4.000000,4.000000,5.000000,5.000000,96.000000,96.000000,96.000000,95.000000,95.000000,5.0,106.3636,97.4318,377.1072,386.039,PENDING_AG03,FALSE,NOT_FOR_ENFORCEMENT,464.1320,20103.3883,483.4708,464.1320,19.3388,0.02082194,0.01998906,19.3388,464.1320,0.01998906,19.3388,19.3388,19.3388,24.1735,24.1735,464.1320,0.01998906,106.3636,97.4318,377.1072,386.039,0.01624111,0.01662578,0.00083288,6.3719,5.7467,0.1327,24.1735,1.3696,1160.9649,182.2000,6.3719,,2.5818,5.1636,10.2741,10.3271,12.9089,15.4907,5.1636,0.0,2.5,3.0,1.234019,18,135,72,2,1.00000000,0.02082194,0.02082194,0E-8,0.000000,0.901880,0.010977,,2026-07-08,2026-08-06,20,353,182,30,0.666667,,1.000000,3.333333,,,,,,,,GLOBAL_BASELINE_NO_ENTITY_RANKING,,,NOT_APPLICABLE_GLOBAL_BASELINE,HF9g-P5,,,,X 全窗基线 · 不参与实体赏罚,8398736,840,A168_HF9F_20260827_0900,2026-08-27 09:00:00
2026-07-22,141205185,2171,0,147.1613352954,-4.9053778430,-4.9053778430,0.5000000,29,29,0.50064147241379310,0.500641472414,-0.006788711506152878,-0.006788711508342506,-0.006788711506152878,-2.0690E-13,ELIGIBLE,R03b_20260811_FULL_v1,L1_ELIGIBILITY,v2026-08-11,2026-03-21..2026-08-06,baccarat_bet02_101_all_pairs_incl_sentinel,round_win = game_pnl > 0 (decisive only),COMPATIBILITY_ONLY_NOT_PRODUCTION,23219.2981,20941.0295,483.4708,3644,3644,-0.02082194,-0.02082194,,-0.02082194,-483.4708,23219.2981,OK,0.0000,19.3388,4.0000,96.0000,AG03-UNRESOLVED,ALL5_LEVELS_bet23_to_bet27,19.3388,19.3388,19.3388,24.1735,24.1735,4.000000,4.000000,4.000000,5.000000,5.000000,96.000000,96.000000,96.000000,95.000000,95.000000,5.0,106.3636,97.4318,377.1072,386.039,PENDING_AG03,FALSE,NOT_FOR_ENFORCEMENT,464.1320,20103.3883,483.4708,464.1320,19.3388,0.02082194,0.01998906,19.3388,464.1320,0.01998906,19.3388,19.3388,19.3388,24.1735,24.1735,464.1320,0.01998906,106.3636,97.4318,377.1072,386.039,0.01624111,0.01662578,0.00083288,6.3719,5.7467,0.1327,24.1735,1.3696,1160.9649,182.2000,6.3719,,2.5818,5.1636,10.2741,10.3271,12.9089,15.4907,5.1636,0.0,2.5,3.0,1.234019,18,135,72,2,1.00000000,0.02082194,0.02082194,0E-8,0.000000,0.901880,0.010977,,2026-07-08,2026-08-06,20,353,182,30,0.666667,,1.000000,3.333333,,,,,,,,GLOBAL_BASELINE_NO_ENTITY_RANKING,,,NOT_APPLICABLE_GLOBAL_BASELINE,HF9g-P5,,,,X 全窗基线 · 不参与实体赏罚,8398737,840,A168_HF9F_20260827_0900,2026-08-27 09:00:00
2026-07-22,141205185,2188,0,5.1635556244,4.9053778432,4.9053778432,1.0000000,1,1,0.50665070000000000,0.506650700000,0.9867858985152569,0.9867858985152569,0.9867858985152569,0E-17,ELIGIBLE,R03b_20260811_FULL_v1,L1_ELIGIBILITY,v2026-08-11,2026-03-21..2026-08-06,baccarat_bet02_101_all_pairs_incl_sentinel,round_win = game_pnl > 0 (decisive only),COMPATIBILITY_ONLY_NOT_PRODUCTION,23219.2981,20941.0295,483.4708,3644,3644,-0.02082194,-0.02082194,,-0.02082194,-483.4708,23219.2981,OK,0.0000,19.3388,4.0000,96.0000,AG03-UNRESOLVED,ALL5_LEVELS_bet23_to_bet27,19.3388,19.3388,19.3388,24.1735,24.1735,4.000000,4.000000,4.000000,5.000000,5.000000,96.000000,96.000000,96.000000,95.000000,95.000000,5.0,106.3636,97.4318,377.1072,386.039,PENDING_AG03,FALSE,NOT_FOR_ENFORCEMENT,464.1320,20103.3883,483.4708,464.1320,19.3388,0.02082194,0.01998906,19.3388,464.1320,0.01998906,19.3388,19.3388,19.3388,24.1735,24.1735,464.1320,0.01998906,106.3636,97.4318,377.1072,386.039,0.01624111,0.01662578,0.00083288,6.3719,5.7467,0.1327,24.1735,1.3696,1160.9649,182.2000,6.3719,,2.5818,5.1636,10.2741,10.3271,12.9089,15.4907,5.1636,0.0,2.5,3.0,1.234019,18,135,72,2,1.00000000,0.02082194,0.02082194,0E-8,0.000000,0.901880,0.010977,,2026-07-08,2026-08-06,20,353,182,30,0.666667,,1.000000,3.333333,,,,,,,,GLOBAL_BASELINE_NO_ENTITY_RANKING,,,NOT_APPLICABLE_GLOBAL_BASELINE,HF9g-P5,,,,X 全窗基线 · 不参与实体赏罚,8398738,840,A168_HF9F_20260827_0900,2026-08-27 09:00:00
2026-07-22,141205185,2191,0,12.9088890610,-12.9088890610,-12.9088890610,0E-7,1,1,0.49324550000000000,0.493245500000,-0.9865810262130424,-0.9865810262130424,-0.9865810262130424,0E-17,ELIGIBLE,R03b_20260811_FULL_v1,L1_ELIGIBILITY,v2026-08-11,2026-03-21..2026-08-06,baccarat_bet02_101_all_pairs_incl_sentinel,round_win = game_pnl > 0 (decisive only),COMPATIBILITY_ONLY_NOT_PRODUCTION,23219.2981,20941.0295,483.4708,3644,3644,-0.02082194,-0.02082194,,-0.02082194,-483.4708,23219.2981,OK,0.0000,19.3388,4.0000,96.0000,AG03-UNRESOLVED,ALL5_LEVELS_bet23_to_bet27,19.3388,19.3388,19.3388,24.1735,24.1735,4.000000,4.000000,4.000000,5.000000,5.000000,96.000000,96.000000,96.000000,95.000000,95.000000,5.0,106.3636,97.4318,377.1072,386.039,PENDING_AG03,FALSE,NOT_FOR_ENFORCEMENT,464.1320,20103.3883,483.4708,464.1320,19.3388,0.02082194,0.01998906,19.3388,464.1320,0.01998906,19.3388,19.3388,19.3388,24.1735,24.1735,464.1320,0.01998906,106.3636,97.4318,377.1072,386.039,0.01624111,0.01662578,0.00083288,6.3719,5.7467,0.1327,24.1735,1.3696,1160.9649,182.2000,6.3719,,2.5818,5.1636,10.2741,10.3271,12.9089,15.4907,5.1636,0.0,2.5,3.0,1.234019,18,135,72,2,1.00000000,0.02082194,0.02082194,0E-8,0.000000,0.901880,0.010977,,2026-07-08,2026-08-06,20,353,182,30,0.666667,,1.000000,3.333333,,,,,,,,GLOBAL_BASELINE_NO_ENTITY_RANKING,,,NOT_APPLICABLE_GLOBAL_BASELINE,HF9g-P5,,,,X 全窗基线 · 不参与实体赏罚,8398739,840,A168_HF9F_20260827_0900,2026-08-27 09:00:00
2026-07-22,141205185,2218,0,183.3062246662,-4.1308444994,-4.1308444994,0.5384615,13,13,0.50046368461538462,0.500463684615,0.274006538624501,0.27400653862727437,0.274006538624501,3.8462E-13,ELIGIBLE,R03b_20260811_FULL_v1,L1_ELIGIBILITY,v2026-08-11,2026-03-21..2026-08-06,baccarat_bet02_101_all_pairs_incl_sentinel,round_win = game_pnl > 0 (decisive only),COMPATIBILITY_ONLY_NOT_PRODUCTION,23219.2981,20941.0295,483.4708,3644,3644,-0.02082194,-0.02082194,,-0.02082194,-483.4708,23219.2981,OK,0.0000,19.3388,4.0000,96.0000,AG03-UNRESOLVED,ALL5_LEVELS_bet23_to_bet27,19.3388,19.3388,19.3388,24.1735,24.1735,4.000000,4.000000,4.000000,5.000000,5.000000,96.000000,96.000000,96.000000,95.000000,95.000000,5.0,106.3636,97.4318,377.1072,386.039,PENDING_AG03,FALSE,NOT_FOR_ENFORCEMENT,464.1320,20103.3883,483.4708,464.1320,19.3388,0.02082194,0.01998906,19.3388,464.1320,0.01998906,19.3388,19.3388,19.3388,24.1735,24.1735,464.1320,0.01998906,106.3636,97.4318,377.1072,386.039,0.01624111,0.01662578,0.00083288,6.3719,5.7467,0.1327,24.1735,1.3696,1160.9649,182.2000,6.3719,,2.5818,5.1636,10.2741,10.3271,12.9089,15.4907,5.1636,0.0,2.5,3.0,1.234019,18,135,72,2,1.00000000,0.02082194,0.02082194,0E-8,0.000000,0.901880,0.010977,,2026-07-08,2026-08-06,20,353,182,30,0.666667,,1.000000,3.333333,,,,,,,,GLOBAL_BASELINE_NO_ENTITY_RANKING,,,NOT_APPLICABLE_GLOBAL_BASELINE,HF9g-P5,,,,X 全窗基线 · 不参与实体赏罚,8398740,840,A168_HF9F_20260827_0900,2026-08-27 09:00:00
2026-07-22,141205185,2233,0,38.7266671830,2.5817778122,2.5817778122,0.5714286,8,8,0.49827245000000000,0.498272450000,0.3871081189643771,0.3871081189643771,0.3871081189643771,0E-17,ELIGIBLE,R03b_20260811_FULL_v1,L1_ELIGIBILITY,v2026-08-11,2026-03-21..2026-08-06,baccarat_bet02_101_all_pairs_incl_sentinel,round_win = game_pnl > 0 (decisive only),COMPATIBILITY_ONLY_NOT_PRODUCTION,23219.2981,20941.0295,483.4708,3644,3644,-0.02082194,-0.02082194,,-0.02082194,-483.4708,23219.2981,OK,0.0000,19.3388,4.0000,96.0000,AG03-UNRESOLVED,ALL5_LEVELS_bet23_to_bet27,19.3388,19.3388,19.3388,24.1735,24.1735,4.000000,4.000000,4.000000,5.000000,5.000000,96.000000,96.000000,96.000000,95.000000,95.000000,5.0,106.3636,97.4318,377.1072,386.039,PENDING_AG03,FALSE,NOT_FOR_ENFORCEMENT,464.1320,20103.3883,483.4708,464.1320,19.3388,0.02082194,0.01998906,19.3388,464.1320,0.01998906,19.3388,19.3388,19.3388,24.1735,24.1735,464.1320,0.01998906,106.3636,97.4318,377.1072,386.039,0.01624111,0.01662578,0.00083288,6.3719,5.7467,0.1327,24.1735,1.3696,1160.9649,182.2000,6.3719,,2.5818,5.1636,10.2741,10.3271,12.9089,15.4907,5.1636,0.0,2.5,3.0,1.234019,18,135,72,2,1.00000000,0.02082194,0.02082194,0E-8,0.000000,0.901880,0.010977,,2026-07-08,2026-08-06,20,353,182,30,0.666667,,1.000000,3.333333,,,,,,,,GLOBAL_BASELINE_NO_ENTITY_RANKING,,,NOT_APPLICABLE_GLOBAL_BASELINE,HF9g-P5,,,,X 全窗基线 · 不参与实体赏罚,8398741,840,A168_HF9F_20260827_0900,2026-08-27 09:00:00
2026-07-22,141205185,2235,0,20.6542224976,-10.3271112488,-10.3271112488,0E-7,2,2,0.49324550000000000,0.493245500000,-0.9865810262130424,-0.9865810262130424,-0.9865810262130424,0E-17,ELIGIBLE,R03b_20260811_FULL_v1,L1_ELIGIBILITY,v2026-08-11,2026-03-21..2026-08-06,baccarat_bet02_101_all_pairs_incl_sentinel,round_win = game_pnl > 0 (decisive only),COMPATIBILITY_ONLY_NOT_PRODUCTION,23219.2981,20941.0295,483.4708,3644,3644,-0.02082194,-0.02082194,,-0.02082194,-483.4708,23219.2981,OK,0.0000,19.3388,4.0000,96.0000,AG03-UNRESOLVED,ALL5_LEVELS_bet23_to_bet27,19.3388,19.3388,19.3388,24.1735,24.1735,4.000000,4.000000,4.000000,5.000000,5.000000,96.000000,96.000000,96.000000,95.000000,95.000000,5.0,106.3636,97.4318,377.1072,386.039,PENDING_AG03,FALSE,NOT_FOR_ENFORCEMENT,464.1320,20103.3883,483.4708,464.1320,19.3388,0.02082194,0.01998906,19.3388,464.1320,0.01998906,19.3388,19.3388,19.3388,24.1735,24.1735,464.1320,0.01998906,106.3636,97.4318,377.1072,386.039,0.01624111,0.01662578,0.00083288,6.3719,5.7467,0.1327,24.1735,1.3696,1160.9649,182.2000,6.3719,,2.5818,5.1636,10.2741,10.3271,12.9089,15.4907,5.1636,0.0,2.5,3.0,1.234019,18,135,72,2,1.00000000,0.02082194,0.02082194,0E-8,0.000000,0.901880,0.010977,,2026-07-08,2026-08-06,20,353,182,30,0.666667,,1.000000,3.333333,,,,,,,,GLOBAL_BASELINE_NO_ENTITY_RANKING,,,NOT_APPLICABLE_GLOBAL_BASELINE,HF9g-P5,,,,X 全窗基线 · 不参与实体赏罚,8398742,840,A168_HF9F_20260827_0900,2026-08-27 09:00:00
2026-07-22,141205185,2246,0,25.8177781220,-15.7488446544,-15.7488446544,0.2500000,4,4,0.50329940000000000,0.503299400000,-1.013219660140378,-1.013219660140378,-1.013219660140378,0E-17,ELIGIBLE,R03b_20260811_FULL_v1,L1_ELIGIBILITY,v2026-08-11,2026-03-21..2026-08-06,baccarat_bet02_101_all_pairs_incl_sentinel,round_win = game_pnl > 0 (decisive only),COMPATIBILITY_ONLY_NOT_PRODUCTION,23219.2981,20941.0295,483.4708,3644,3644,-0.02082194,-0.02082194,,-0.02082194,-483.4708,23219.2981,OK,0.0000,19.3388,4.0000,96.0000,AG03-UNRESOLVED,ALL5_LEVELS_bet23_to_bet27,19.3388,19.3388,19.3388,24.1735,24.1735,4.000000,4.000000,4.000000,5.000000,5.000000,96.000000,96.000000,96.000000,95.000000,95.000000,5.0,106.3636,97.4318,377.1072,386.039,PENDING_AG03,FALSE,NOT_FOR_ENFORCEMENT,464.1320,20103.3883,483.4708,464.1320,19.3388,0.02082194,0.01998906,19.3388,464.1320,0.01998906,19.3388,19.3388,19.3388,24.1735,24.1735,464.1320,0.01998906,106.3636,97.4318,377.1072,386.039,0.01624111,0.01662578,0.00083288,6.3719,5.7467,0.1327,24.1735,1.3696,1160.9649,182.2000,6.3719,,2.5818,5.1636,10.2741,10.3271,12.9089,15.4907,5.1636,0.0,2.5,3.0,1.234019,18,135,72,2,1.00000000,0.02082194,0.02082194,0E-8,0.000000,0.901880,0.010977,,2026-07-08,2026-08-06,20,353,182,30,0.666667,,1.000000,3.333333,,,,,,,,GLOBAL_BASELINE_NO_ENTITY_RANKING,,,NOT_APPLICABLE_GLOBAL_BASELINE,HF9g-P5,,,,X 全窗基线 · 不参与实体赏罚,8398743,840,A168_HF9F_20260827_0900,2026-08-27 09:00:00
2026-07-22,141205185,2250,0,74.8715565538,-14.1997779670,-14.1997779670,0.5000000,6,6,0.50218230000000000,0.502182300000,-0.01069114476356389,-0.01069114476356389,-0.01069114476356389,0E-17,ELIGIBLE,R03b_20260811_FULL_v1,L1_ELIGIBILITY,v2026-08-11,2026-03-21..2026-08-06,baccarat_bet02_101_all_pairs_incl_sentinel,round_win = game_pnl > 0 (decisive only),COMPATIBILITY_ONLY_NOT_PRODUCTION,23219.2981,20941.0295,483.4708,3644,3644,-0.02082194,-0.02082194,,-0.02082194,-483.4708,23219.2981,OK,0.0000,19.3388,4.0000,96.0000,AG03-UNRESOLVED,ALL5_LEVELS_bet23_to_bet27,19.3388,19.3388,19.3388,24.1735,24.1735,4.000000,4.000000,4.000000,5.000000,5.000000,96.000000,96.000000,96.000000,95.000000,95.000000,5.0,106.3636,97.4318,377.1072,386.039,PENDING_AG03,FALSE,NOT_FOR_ENFORCEMENT,464.1320,20103.3883,483.4708,464.1320,19.3388,0.02082194,0.01998906,19.3388,464.1320,0.01998906,19.3388,19.3388,19.3388,24.1735,24.1735,464.1320,0.01998906,106.3636,97.4318,377.1072,386.039,0.01624111,0.01662578,0.00083288,6.3719,5.7467,0.1327,24.1735,1.3696,1160.9649,182.2000,6.3719,,2.5818,5.1636,10.2741,10.3271,12.9089,15.4907,5.1636,0.0,2.5,3.0,1.234019,18,135,72,2,1.00000000,0.02082194,0.02082194,0E-8,0.000000,0.901880,0.010977,,2026-07-08,2026-08-06,20,353,182,30,0.666667,,1.000000,3.333333,,,,,,,,GLOBAL_BASELINE_NO_ENTITY_RANKING,,,NOT_APPLICABLE_GLOBAL_BASELINE,HF9g-P5,,,,X 全窗基线 · 不参与实体赏罚,8398744,840,A168_HF9F_20260827_0900,2026-08-27 09:00:00
2026-07-22,141205185,2251,0,113.5982237368,46.6010895104,46.6010895104,0.7500000,27,27,0.50218230000000000,0.502182300000,2.4281307846523825,2.4281307846523825,2.4281307846523825,0E-17,ELIGIBLE,R03b_20260811_FULL_v1,L1_ELIGIBILITY,v2026-08-11,2026-03-21..2026-08-06,baccarat_bet02_101_all_pairs_incl_sentinel,round_win = game_pnl > 0 (decisive only),COMPATIBILITY_ONLY_NOT_PRODUCTION,23219.2981,20941.0295,483.4708,3644,3644,-0.02082194,-0.02082194,,-0.02082194,-483.4708,23219.2981,OK,0.0000,19.3388,4.0000,96.0000,AG03-UNRESOLVED,ALL5_LEVELS_bet23_to_bet27,19.3388,19.3388,19.3388,24.1735,24.1735,4.000000,4.000000,4.000000,5.000000,5.000000,96.000000,96.000000,96.000000,95.000000,95.000000,5.0,106.3636,97.4318,377.1072,386.039,PENDING_AG03,FALSE,NOT_FOR_ENFORCEMENT,464.1320,20103.3883,483.4708,464.1320,19.3388,0.02082194,0.01998906,19.3388,464.1320,0.01998906,19.3388,19.3388,19.3388,24.1735,24.1735,464.1320,0.01998906,106.3636,97.4318,377.1072,386.039,0.01624111,0.01662578,0.00083288,6.3719,5.7467,0.1327,24.1735,1.3696,1160.9649,182.2000,6.3719,,2.5818,5.1636,10.2741,10.3271,12.9089,15.4907,5.1636,0.0,2.5,3.0,1.234019,18,135,72,2,1.00000000,0.02082194,0.02082194,0E-8,0.000000,0.901880,0.010977,,2026-07-08,2026-08-06,20,353,182,30,0.666667,,1.000000,3.333333,,,,,,,,GLOBAL_BASELINE_NO_ENTITY_RANKING,,,NOT_APPLICABLE_GLOBAL_BASELINE,HF9g-P5,,,,X 全窗基线 · 不参与实体赏罚,8398745,840,A168_HF9F_20260827_0900,2026-08-27 09:00:00
2026-07-22,141205185,2252,0,80.0351121782,-8.6489556708,-8.6489556708,0.4347826,26,26,0.50046368461538462,0.500463684615,-0.6299910196624069,-0.6299910196587172,-0.6299910196624069,3.8462E-13,ELIGIBLE,R03b_20260811_FULL_v1,L1_ELIGIBILITY,v2026-08-11,2026-03-21..2026-08-06,baccarat_bet02_101_all_pairs_incl_sentinel,round_win = game_pnl > 0 (decisive only),COMPATIBILITY_ONLY_NOT_PRODUCTION,23219.2981,20941.0295,483.4708,3644,3644,-0.02082194,-0.02082194,,-0.02082194,-483.4708,23219.2981,OK,0.0000,19.3388,4.0000,96.0000,AG03-UNRESOLVED,ALL5_LEVELS_bet23_to_bet27,19.3388,19.3388,19.3388,24.1735,24.1735,4.000000,4.000000,4.000000,5.000000,5.000000,96.000000,96.000000,96.000000,95.000000,95.000000,5.0,106.3636,97.4318,377.1072,386.039,PENDING_AG03,FALSE,NOT_FOR_ENFORCEMENT,464.1320,20103.3883,483.4708,464.1320,19.3388,0.02082194,0.01998906,19.3388,464.1320,0.01998906,19.3388,19.3388,19.3388,24.1735,24.1735,464.1320,0.01998906,106.3636,97.4318,377.1072,386.039,0.01624111,0.01662578,0.00083288,6.3719,5.7467,0.1327,24.1735,1.3696,1160.9649,182.2000,6.3719,,2.5818,5.1636,10.2741,10.3271,12.9089,15.4907,5.1636,0.0,2.5,3.0,1.234019,18,135,72,2,1.00000000,0.02082194,0.02082194,0E-8,0.000000,0.901880,0.010977,,2026-07-08,2026-08-06,20,353,182,30,0.666667,,1.000000,3.333333,,,,,,,,GLOBAL_BASELINE_NO_ENTITY_RANKING,,,NOT_APPLICABLE_GLOBAL_BASELINE,HF9g-P5,,,,X 全窗基线 · 不参与实体赏罚,8398746,840,A168_HF9F_20260827_0900,2026-08-27 09:00:00
2026-07-22,141205185,550,0,59.3808896806,-8.7780445614,-8.7780445614,0.4000000,6,6,0.49994810000000000,0.499948100000,-0.4469814940518811,-0.4469814940518811,-0.4469814940518811,0E-17,ELIGIBLE,R03b_20260811_FULL_v1,L1_ELIGIBILITY,v2026-08-11,2026-03-21..2026-08-06,baccarat_bet02_101_all_pairs_incl_sentinel,round_win = game_pnl > 0 (decisive only),COMPATIBILITY_ONLY_NOT_PRODUCTION,23219.2981,20941.0295,483.4708,3644,3644,-0.02082194,-0.02082194,,-0.02082194,-483.4708,23219.2981,OK,0.0000,19.3388,4.0000,96.0000,AG03-UNRESOLVED,ALL5_LEVELS_bet23_to_bet27,19.3388,19.3388,19.3388,24.1735,24.1735,4.000000,4.000000,4.000000,5.000000,5.000000,96.000000,96.000000,96.000000,95.000000,95.000000,5.0,106.3636,97.4318,377.1072,386.039,PENDING_AG03,FALSE,NOT_FOR_ENFORCEMENT,464.1320,20103.3883,483.4708,464.1320,19.3388,0.02082194,0.01998906,19.3388,464.1320,0.01998906,19.3388,19.3388,19.3388,24.1735,24.1735,464.1320,0.01998906,106.3636,97.4318,377.1072,386.039,0.01624111,0.01662578,0.00083288,6.3719,5.7467,0.1327,24.1735,1.3696,1160.9649,182.2000,6.3719,,2.5818,5.1636,10.2741,10.3271,12.9089,15.4907,5.1636,0.0,2.5,3.0,1.234019,18,135,72,2,1.00000000,0.02082194,0.02082194,0E-8,0.000000,0.901880,0.010977,,2026-07-08,2026-08-06,20,353,182,30,0.666667,,1.000000,3.333333,,,,,,,,GLOBAL_BASELINE_NO_ENTITY_RANKING,,,NOT_APPLICABLE_GLOBAL_BASELINE,HF9g-P5,,,,X 全窗基线 · 不参与实体赏罚,8398747,840,A168_HF9F_20260827_0900,2026-08-27 09:00:00
2026-07-22,141205185,595,0,100.6893346758,-6.4544445305,-6.4544445305,0.5000000,8,8,0.50329940000000000,0.503299400000,-0.016164044843397878,-0.016164044843397878,-0.016164044843397878,0E-17,ELIGIBLE,R03b_20260811_FULL_v1,L1_ELIGIBILITY,v2026-08-11,2026-03-21..2026-08-06,baccarat_bet02_101_all_pairs_incl_sentinel,round_win = game_pnl > 0 (decisive only),COMPATIBILITY_ONLY_NOT_PRODUCTION,23219.2981,20941.0295,483.4708,3644,3644,-0.02082194,-0.02082194,,-0.02082194,-483.4708,23219.2981,OK,0.0000,19.3388,4.0000,96.0000,AG03-UNRESOLVED,ALL5_LEVELS_bet23_to_bet27,19.3388,19.3388,19.3388,24.1735,24.1735,4.000000,4.000000,4.000000,5.000000,5.000000,96.000000,96.000000,96.000000,95.000000,95.000000,5.0,106.3636,97.4318,377.1072,386.039,PENDING_AG03,FALSE,NOT_FOR_ENFORCEMENT,464.1320,20103.3883,483.4708,464.1320,19.3388,0.02082194,0.01998906,19.3388,464.1320,0.01998906,19.3388,19.3388,19.3388,24.1735,24.1735,464.1320,0.01998906,106.3636,97.4318,377.1072,386.039,0.01624111,0.01662578,0.00083288,6.3719,5.7467,0.1327,24.1735,1.3696,1160.9649,182.2000,6.3719,,2.5818,5.1636,10.2741,10.3271,12.9089,15.4907,5.1636,0.0,2.5,3.0,1.234019,18,135,72,2,1.00000000,0.02082194,0.02082194,0E-8,0.000000,0.901880,0.010977,,2026-07-08,2026-08-06,20,353,182,30,0.666667,,1.000000,3.333333,,,,,,,,GLOBAL_BASELINE_NO_ENTITY_RANKING,,,NOT_APPLICABLE_GLOBAL_BASELINE,HF9g-P5,,,,X 全窗基线 · 不参与实体赏罚,8398748,840,A168_HF9F_20260827_0900,2026-08-27 09:00:00
2026-07-22,141205185,986,0,69.7080009294,27.4959337000,27.4959337000,0.6923077,15,15,0.49860758000000000,0.498607580000,1.396796790300235,1.396796790300235,1.396796790300235,0E-17,ELIGIBLE,R03b_20260811_FULL_v1,L1_ELIGIBILITY,v2026-08-11,2026-03-21..2026-08-06,baccarat_bet02_101_all_pairs_incl_sentinel,round_win = game_pnl > 0 (decisive only),COMPATIBILITY_ONLY_NOT_PRODUCTION,23219.2981,20941.0295,483.4708,3644,3644,-0.02082194,-0.02082194,,-0.02082194,-483.4708,23219.2981,OK,0.0000,19.3388,4.0000,96.0000,AG03-UNRESOLVED,ALL5_LEVELS_bet23_to_bet27,19.3388,19.3388,19.3388,24.1735,24.1735,4.000000,4.000000,4.000000,5.000000,5.000000,96.000000,96.000000,96.000000,95.000000,95.000000,5.0,106.3636,97.4318,377.1072,386.039,PENDING_AG03,FALSE,NOT_FOR_ENFORCEMENT,464.1320,20103.3883,483.4708,464.1320,19.3388,0.02082194,0.01998906,19.3388,464.1320,0.01998906,19.3388,19.3388,19.3388,24.1735,24.1735,464.1320,0.01998906,106.3636,97.4318,377.1072,386.039,0.01624111,0.01662578,0.00083288,6.3719,5.7467,0.1327,24.1735,1.3696,1160.9649,182.2000,6.3719,,2.5818,5.1636,10.2741,10.3271,12.9089,15.4907,5.1636,0.0,2.5,3.0,1.234019,18,135,72,2,1.00000000,0.02082194,0.02082194,0E-8,0.000000,0.901880,0.010977,,2026-07-08,2026-08-06,20,353,182,30,0.666667,,1.000000,3.333333,,,,,,,,GLOBAL_BASELINE_NO_ENTITY_RANKING,,,NOT_APPLICABLE_GLOBAL_BASELINE,HF9g-P5,,,,X 全窗基线 · 不参与实体赏罚,8398749,840,A168_HF9F_20260827_0900,2026-08-27 09:00:00
2026-07-23,141205185,1210,0,216.8693362248,22.7196447476,22.7196447476,0.5357143,30,30,0.50084178000000000,0.500841780000,0.36905643387711684,0.3690564338771169,0.36905643387711684,0E-17,ELIGIBLE,R03b_20260811_FULL_v1,L1_ELIGIBILITY,v2026-08-11,2026-03-21..2026-08-06,baccarat_bet02_101_all_pairs_incl_sentinel,round_win = game_pnl > 0 (decisive only),COMPATIBILITY_ONLY_NOT_PRODUCTION,23219.2981,20941.0295,483.4708,3644,3644,-0.02082194,-0.02082194,,-0.02082194,-483.4708,23219.2981,OK,0.0000,19.3388,4.0000,96.0000,AG03-UNRESOLVED,ALL5_LEVELS_bet23_to_bet27,19.3388,19.3388,19.3388,24.1735,24.1735,4.000000,4.000000,4.000000,5.000000,5.000000,96.000000,96.000000,96.000000,95.000000,95.000000,5.0,106.3636,97.4318,377.1072,386.039,PENDING_AG03,FALSE,NOT_FOR_ENFORCEMENT,464.1320,20103.3883,483.4708,464.1320,19.3388,0.02082194,0.01998906,19.3388,464.1320,0.01998906,19.3388,19.3388,19.3388,24.1735,24.1735,464.1320,0.01998906,106.3636,97.4318,377.1072,386.039,0.01624111,0.01662578,0.00083288,6.3719,5.7467,0.1327,24.1735,1.3696,1160.9649,182.2000,6.3719,,2.5818,5.1636,10.2741,10.3271,12.9089,15.4907,5.1636,0.0,2.5,3.0,1.234019,18,135,72,2,1.00000000,0.02082194,0.02082194,0E-8,0.000000,0.901880,0.010977,,2026-07-08,2026-08-06,20,353,182,30,0.666667,,1.000000,3.333333,,,,,,,,GLOBAL_BASELINE_NO_ENTITY_RANKING,,,NOT_APPLICABLE_GLOBAL_BASELINE,HF9g-P5,,,,X 全窗基线 · 不参与实体赏罚,8398750,840,A168_HF9F_20260827_0900,2026-08-27 09:00:00
2026-07-23,141205185,1306,0,20.6542224976,-10.3271112488,-10.3271112488,0.3333333,3,3,0.50218230000000000,0.502182300000,-0.5849155494134425,-0.5849155494134426,-0.5849155494134425,0E-17,ELIGIBLE,R03b_20260811_FULL_v1,L1_ELIGIBILITY,v2026-08-11,2026-03-21..2026-08-06,baccarat_bet02_101_all_pairs_incl_sentinel,round_win = game_pnl > 0 (decisive only),COMPATIBILITY_ONLY_NOT_PRODUCTION,23219.2981,20941.0295,483.4708,3644,3644,-0.02082194,-0.02082194,,-0.02082194,-483.4708,23219.2981,OK,0.0000,19.3388,4.0000,96.0000,AG03-UNRESOLVED,ALL5_LEVELS_bet23_to_bet27,19.3388,19.3388,19.3388,24.1735,24.1735,4.000000,4.000000,4.000000,5.000000,5.000000,96.000000,96.000000,96.000000,95.000000,95.000000,5.0,106.3636,97.4318,377.1072,386.039,PENDING_AG03,FALSE,NOT_FOR_ENFORCEMENT,464.1320,20103.3883,483.4708,464.1320,19.3388,0.02082194,0.01998906,19.3388,464.1320,0.01998906,19.3388,19.3388,19.3388,24.1735,24.1735,464.1320,0.01998906,106.3636,97.4318,377.1072,386.039,0.01624111,0.01662578,0.00083288,6.3719,5.7467,0.1327,24.1735,1.3696,1160.9649,182.2000,6.3719,,2.5818,5.1636,10.2741,10.3271,12.9089,15.4907,5.1636,0.0,2.5,3.0,1.234019,18,135,72,2,1.00000000,0.02082194,0.02082194,0E-8,0.000000,0.901880,0.010977,,2026-07-08,2026-08-06,20,353,182,30,0.666667,,1.000000,3.333333,,,,,,,,GLOBAL_BASELINE_NO_ENTITY_RANKING,,,NOT_APPLICABLE_GLOBAL_BASELINE,HF9g-P5,,,,X 全窗基线 · 不参与实体赏罚,8398751,840,A168_HF9F_20260827_0900,2026-08-27 09:00:00
2026-07-23,141205185,1401,0,160.0702243564,43.6320450264,43.6320450264,0.6875000,18,18,0.50143756666666667,0.501437566667,1.4885056189646164,1.4885056189619525,1.4885056189646164,-3.3333E-13,ELIGIBLE,R03b_20260811_FULL_v1,L1_ELIGIBILITY,v2026-08-11,2026-03-21..2026-08-06,baccarat_bet02_101_all_pairs_incl_sentinel,round_win = game_pnl > 0 (decisive only),COMPATIBILITY_ONLY_NOT_PRODUCTION,23219.2981,20941.0295,483.4708,3644,3644,-0.02082194,-0.02082194,,-0.02082194,-483.4708,23219.2981,OK,0.0000,19.3388,4.0000,96.0000,AG03-UNRESOLVED,ALL5_LEVELS_bet23_to_bet27,19.3388,19.3388,19.3388,24.1735,24.1735,4.000000,4.000000,4.000000,5.000000,5.000000,96.000000,96.000000,96.000000,95.000000,95.000000,5.0,106.3636,97.4318,377.1072,386.039,PENDING_AG03,FALSE,NOT_FOR_ENFORCEMENT,464.1320,20103.3883,483.4708,464.1320,19.3388,0.02082194,0.01998906,19.3388,464.1320,0.01998906,19.3388,19.3388,19.3388,24.1735,24.1735,464.1320,0.01998906,106.3636,97.4318,377.1072,386.039,0.01624111,0.01662578,0.00083288,6.3719,5.7467,0.1327,24.1735,1.3696,1160.9649,182.2000,6.3719,,2.5818,5.1636,10.2741,10.3271,12.9089,15.4907,5.1636,0.0,2.5,3.0,1.234019,18,135,72,2,1.00000000,0.02082194,0.02082194,0E-8,0.000000,0.901880,0.010977,,2026-07-08,2026-08-06,20,353,182,30,0.666667,,1.000000,3.333333,,,,,,,,GLOBAL_BASELINE_NO_ENTITY_RANKING,,,NOT_APPLICABLE_GLOBAL_BASELINE,HF9g-P5,,,,X 全窗基线 · 不参与实体赏罚,8398752,840,A168_HF9F_20260827_0900,2026-08-27 09:00:00
2026-07-23,141205185,1645,0,5.1635556244,4.9053778432,4.9053778432,1.0000000,1,1,0.50665070000000000,0.506650700000,0.9867858985152569,0.9867858985152569,0.9867858985152569,0E-17,ELIGIBLE,R03b_20260811_FULL_v1,L1_ELIGIBILITY,v2026-08-11,2026-03-21..2026-08-06,baccarat_bet02_101_all_pairs_incl_sentinel,round_win = game_pnl > 0 (decisive only),COMPATIBILITY_ONLY_NOT_PRODUCTION,23219.2981,20941.0295,483.4708,3644,3644,-0.02082194,-0.02082194,,-0.02082194,-483.4708,23219.2981,OK,0.0000,19.3388,4.0000,96.0000,AG03-UNRESOLVED,ALL5_LEVELS_bet23_to_bet27,19.3388,19.3388,19.3388,24.1735,24.1735,4.000000,4.000000,4.000000,5.000000,5.000000,96.000000,96.000000,96.000000,95.000000,95.000000,5.0,106.3636,97.4318,377.1072,386.039,PENDING_AG03,FALSE,NOT_FOR_ENFORCEMENT,464.1320,20103.3883,483.4708,464.1320,19.3388,0.02082194,0.01998906,19.3388,464.1320,0.01998906,19.3388,19.3388,19.3388,24.1735,24.1735,464.1320,0.01998906,106.3636,97.4318,377.1072,386.039,0.01624111,0.01662578,0.00083288,6.3719,5.7467,0.1327,24.1735,1.3696,1160.9649,182.2000,6.3719,,2.5818,5.1636,10.2741,10.3271,12.9089,15.4907,5.1636,0.0,2.5,3.0,1.234019,18,135,72,2,1.00000000,0.02082194,0.02082194,0E-8,0.000000,0.901880,0.010977,,2026-07-08,2026-08-06,20,353,182,30,0.666667,,1.000000,3.333333,,,,,,,,GLOBAL_BASELINE_NO_ENTITY_RANKING,,,NOT_APPLICABLE_GLOBAL_BASELINE,HF9g-P5,,,,X 全窗基线 · 不参与实体赏罚,8398753,840,A168_HF9F_20260827_0900,2026-08-27 09:00:00
2026-07-23,141205185,1714,0,7.7453334366,-7.7453334366,-7.7453334366,0E-7,1,1,0.50665070000000000,0.506650700000,-1.013391052207602,-1.013391052207602,-1.013391052207602,0E-17,ELIGIBLE,R03b_20260811_FULL_v1,L1_ELIGIBILITY,v2026-08-11,2026-03-21..2026-08-06,baccarat_bet02_101_all_pairs_incl_sentinel,round_win = game_pnl > 0 (decisive only),COMPATIBILITY_ONLY_NOT_PRODUCTION,23219.2981,20941.0295,483.4708,3644,3644,-0.02082194,-0.02082194,,-0.02082194,-483.4708,23219.2981,OK,0.0000,19.3388,4.0000,96.0000,AG03-UNRESOLVED,ALL5_LEVELS_bet23_to_bet27,19.3388,19.3388,19.3388,24.1735,24.1735,4.000000,4.000000,4.000000,5.000000,5.000000,96.000000,96.000000,96.000000,95.000000,95.000000,5.0,106.3636,97.4318,377.1072,386.039,PENDING_AG03,FALSE,NOT_FOR_ENFORCEMENT,464.1320,20103.3883,483.4708,464.1320,19.3388,0.02082194,0.01998906,19.3388,464.1320,0.01998906,19.3388,19.3388,19.3388,24.1735,24.1735,464.1320,0.01998906,106.3636,97.4318,377.1072,386.039,0.01624111,0.01662578,0.00083288,6.3719,5.7467,0.1327,24.1735,1.3696,1160.9649,182.2000,6.3719,,2.5818,5.1636,10.2741,10.3271,12.9089,15.4907,5.1636,0.0,2.5,3.0,1.234019,18,135,72,2,1.00000000,0.02082194,0.02082194,0E-8,0.000000,0.901880,0.010977,,2026-07-08,2026-08-06,20,353,182,30,0.666667,,1.000000,3.333333,,,,,,,,GLOBAL_BASELINE_NO_ENTITY_RANKING,,,NOT_APPLICABLE_GLOBAL_BASELINE,HF9g-P5,,,,X 全窗基线 · 不参与实体赏罚,8398754,840,A168_HF9F_20260827_0900,2026-08-27 09:00:00
2026-07-23,141205185,1935,0,149.7431131076,0E-10,0E-10,0.5000000,11,11,0.49690146363636364,0.496901463636,0.017528305175052272,0.01752830517710945,0.017528305175052272,3.6364E-13,ELIGIBLE,R03b_20260811_FULL_v1,L1_ELIGIBILITY,v2026-08-11,2026-03-21..2026-08-06,baccarat_bet02_101_all_pairs_incl_sentinel,round_win = game_pnl > 0 (decisive only),COMPATIBILITY_ONLY_NOT_PRODUCTION,23219.2981,20941.0295,483.4708,3644,3644,-0.02082194,-0.02082194,,-0.02082194,-483.4708,23219.2981,OK,0.0000,19.3388,4.0000,96.0000,AG03-UNRESOLVED,ALL5_LEVELS_bet23_to_bet27,19.3388,19.3388,19.3388,24.1735,24.1735,4.000000,4.000000,4.000000,5.000000,5.000000,96.000000,96.000000,96.000000,95.000000,95.000000,5.0,106.3636,97.4318,377.1072,386.039,PENDING_AG03,FALSE,NOT_FOR_ENFORCEMENT,464.1320,20103.3883,483.4708,464.1320,19.3388,0.02082194,0.01998906,19.3388,464.1320,0.01998906,19.3388,19.3388,19.3388,24.1735,24.1735,464.1320,0.01998906,106.3636,97.4318,377.1072,386.039,0.01624111,0.01662578,0.00083288,6.3719,5.7467,0.1327,24.1735,1.3696,1160.9649,182.2000,6.3719,,2.5818,5.1636,10.2741,10.3271,12.9089,15.4907,5.1636,0.0,2.5,3.0,1.234019,18,135,72,2,1.00000000,0.02082194,0.02082194,0E-8,0.000000,0.901880,0.010977,,2026-07-08,2026-08-06,20,353,182,30,0.666667,,1.000000,3.333333,,,,,,,,GLOBAL_BASELINE_NO_ENTITY_RANKING,,,NOT_APPLICABLE_GLOBAL_BASELINE,HF9g-P5,,,,X 全窗基线 · 不参与实体赏罚,8398755,840,A168_HF9F_20260827_0900,2026-08-27 09:00:00
2026-07-23,141205185,1990,0,15.4906668732,-15.4906668732,-15.4906668732,0E-7,2,2,0.49994810000000000,0.499948100000,-1.4140667746232096,-1.4140667746232096,-1.4140667746232096,0E-17,ELIGIBLE,R03b_20260811_FULL_v1,L1_ELIGIBILITY,v2026-08-11,2026-03-21..2026-08-06,baccarat_bet02_101_all_pairs_incl_sentinel,round_win = game_pnl > 0 (decisive only),COMPATIBILITY_ONLY_NOT_PRODUCTION,23219.2981,20941.0295,483.4708,3644,3644,-0.02082194,-0.02082194,,-0.02082194,-483.4708,23219.2981,OK,0.0000,19.3388,4.0000,96.0000,AG03-UNRESOLVED,ALL5_LEVELS_bet23_to_bet27,19.3388,19.3388,19.3388,24.1735,24.1735,4.000000,4.000000,4.000000,5.000000,5.000000,96.000000,96.000000,96.000000,95.000000,95.000000,5.0,106.3636,97.4318,377.1072,386.039,PENDING_AG03,FALSE,NOT_FOR_ENFORCEMENT,464.1320,20103.3883,483.4708,464.1320,19.3388,0.02082194,0.01998906,19.3388,464.1320,0.01998906,19.3388,19.3388,19.3388,24.1735,24.1735,464.1320,0.01998906,106.3636,97.4318,377.1072,386.039,0.01624111,0.01662578,0.00083288,6.3719,5.7467,0.1327,24.1735,1.3696,1160.9649,182.2000,6.3719,,2.5818,5.1636,10.2741,10.3271,12.9089,15.4907,5.1636,0.0,2.5,3.0,1.234019,18,135,72,2,1.00000000,0.02082194,0.02082194,0E-8,0.000000,0.901880,0.010977,,2026-07-08,2026-08-06,20,353,182,30,0.666667,,1.000000,3.333333,,,,,,,,GLOBAL_BASELINE_NO_ENTITY_RANKING,,,NOT_APPLICABLE_GLOBAL_BASELINE,HF9g-P5,,,,X 全窗基线 · 不参与实体赏罚,8398756,840,A168_HF9F_20260827_0900,2026-08-27 09:00:00
2026-07-23,141205185,2093,0,126.5071127978,-14.1997779670,-14.1997779670,0.4166667,14,14,0.50377815714285714,0.503778157143,-0.6035433404815208,-0.6035433404825119,-0.6035433404815208,-1.4286E-13,ELIGIBLE,R03b_20260811_FULL_v1,L1_ELIGIBILITY,v2026-08-11,2026-03-21..2026-08-06,baccarat_bet02_101_all_pairs_incl_sentinel,round_win = game_pnl > 0 (decisive only),COMPATIBILITY_ONLY_NOT_PRODUCTION,23219.2981,20941.0295,483.4708,3644,3644,-0.02082194,-0.02082194,,-0.02082194,-483.4708,23219.2981,OK,0.0000,19.3388,4.0000,96.0000,AG03-UNRESOLVED,ALL5_LEVELS_bet23_to_bet27,19.3388,19.3388,19.3388,24.1735,24.1735,4.000000,4.000000,4.000000,5.000000,5.000000,96.000000,96.000000,96.000000,95.000000,95.000000,5.0,106.3636,97.4318,377.1072,386.039,PENDING_AG03,FALSE,NOT_FOR_ENFORCEMENT,464.1320,20103.3883,483.4708,464.1320,19.3388,0.02082194,0.01998906,19.3388,464.1320,0.01998906,19.3388,19.3388,19.3388,24.1735,24.1735,464.1320,0.01998906,106.3636,97.4318,377.1072,386.039,0.01624111,0.01662578,0.00083288,6.3719,5.7467,0.1327,24.1735,1.3696,1160.9649,182.2000,6.3719,,2.5818,5.1636,10.2741,10.3271,12.9089,15.4907,5.1636,0.0,2.5,3.0,1.234019,18,135,72,2,1.00000000,0.02082194,0.02082194,0E-8,0.000000,0.901880,0.010977,,2026-07-08,2026-08-06,20,353,182,30,0.666667,,1.000000,3.333333,,,,,,,,GLOBAL_BASELINE_NO_ENTITY_RANKING,,,NOT_APPLICABLE_GLOBAL_BASELINE,HF9g-P5,,,,X 全窗基线 · 不参与实体赏罚,8398757,840,A168_HF9F_20260827_0900,2026-08-27 09:00:00
2026-07-23,141205185,2103,0,222.0328918492,-23.2360003096,-23.2360003096,0.5000000,31,31,0.49973188709677419,0.499731887097,0.002837440668828283,0.0028374406664385334,0.002837440668828283,-2.2581E-13,ELIGIBLE,R03b_20260811_FULL_v1,L1_ELIGIBILITY,v2026-08-11,2026-03-21..2026-08-06,baccarat_bet02_101_all_pairs_incl_sentinel,round_win = game_pnl > 0 (decisive only),COMPATIBILITY_ONLY_NOT_PRODUCTION,23219.2981,20941.0295,483.4708,3644,3644,-0.02082194,-0.02082194,,-0.02082194,-483.4708,23219.2981,OK,0.0000,19.3388,4.0000,96.0000,AG03-UNRESOLVED,ALL5_LEVELS_bet23_to_bet27,19.3388,19.3388,19.3388,24.1735,24.1735,4.000000,4.000000,4.000000,5.000000,5.000000,96.000000,96.000000,96.000000,95.000000,95.000000,5.0,106.3636,97.4318,377.1072,386.039,PENDING_AG03,FALSE,NOT_FOR_ENFORCEMENT,464.1320,20103.3883,483.4708,464.1320,19.3388,0.02082194,0.01998906,19.3388,464.1320,0.01998906,19.3388,19.3388,19.3388,24.1735,24.1735,464.1320,0.01998906,106.3636,97.4318,377.1072,386.039,0.01624111,0.01662578,0.00083288,6.3719,5.7467,0.1327,24.1735,1.3696,1160.9649,182.2000,6.3719,,2.5818,5.1636,10.2741,10.3271,12.9089,15.4907,5.1636,0.0,2.5,3.0,1.234019,18,135,72,2,1.00000000,0.02082194,0.02082194,0E-8,0.000000,0.901880,0.010977,,2026-07-08,2026-08-06,20,353,182,30,0.666667,,1.000000,3.333333,,,,,,,,GLOBAL_BASELINE_NO_ENTITY_RANKING,,,NOT_APPLICABLE_GLOBAL_BASELINE,HF9g-P5,,,,X 全窗基线 · 不参与实体赏罚,8398758,840,A168_HF9F_20260827_0900,2026-08-27 09:00:00
2026-07-23,141205185,2108,0,198.7968915394,15.2324890922,15.2324890922,0.5238095,23,23,0.50140518695652174,0.501405186957,0.20533994995809612,0.20533994995371335,0.20533994995809612,-4.7826E-13,ELIGIBLE,R03b_20260811_FULL_v1,L1_ELIGIBILITY,v2026-08-11,2026-03-21..2026-08-06,baccarat_bet02_101_all_pairs_incl_sentinel,round_win = game_pnl > 0 (decisive only),COMPATIBILITY_ONLY_NOT_PRODUCTION,23219.2981,20941.0295,483.4708,3644,3644,-0.02082194,-0.02082194,,-0.02082194,-483.4708,23219.2981,OK,0.0000,19.3388,4.0000,96.0000,AG03-UNRESOLVED,ALL5_LEVELS_bet23_to_bet27,19.3388,19.3388,19.3388,24.1735,24.1735,4.000000,4.000000,4.000000,5.000000,5.000000,96.000000,96.000000,96.000000,95.000000,95.000000,5.0,106.3636,97.4318,377.1072,386.039,PENDING_AG03,FALSE,NOT_FOR_ENFORCEMENT,464.1320,20103.3883,483.4708,464.1320,19.3388,0.02082194,0.01998906,19.3388,464.1320,0.01998906,19.3388,19.3388,19.3388,24.1735,24.1735,464.1320,0.01998906,106.3636,97.4318,377.1072,386.039,0.01624111,0.01662578,0.00083288,6.3719,5.7467,0.1327,24.1735,1.3696,1160.9649,182.2000,6.3719,,2.5818,5.1636,10.2741,10.3271,12.9089,15.4907,5.1636,0.0,2.5,3.0,1.234019,18,135,72,2,1.00000000,0.02082194,0.02082194,0E-8,0.000000,0.901880,0.010977,,2026-07-08,2026-08-06,20,353,182,30,0.666667,,1.000000,3.333333,,,,,,,,GLOBAL_BASELINE_NO_ENTITY_RANKING,,,NOT_APPLICABLE_GLOBAL_BASELINE,HF9g-P5,,,,X 全窗基线 · 不参与实体赏罚,8398759,840,A168_HF9F_20260827_0900,2026-08-27 09:00:00
2026-07-23,141205185,2121,0,30.9813337464,-0.5163555624,-0.5163555624,0.5000000,6,6,0.50218230000000000,0.502182300000,-0.01069114476356389,-0.01069114476356389,-0.01069114476356389,0E-17,ELIGIBLE,R03b_20260811_FULL_v1,L1_ELIGIBILITY,v2026-08-11,2026-03-21..2026-08-06,baccarat_bet02_101_all_pairs_incl_sentinel,round_win = game_pnl > 0 (decisive only),COMPATIBILITY_ONLY_NOT_PRODUCTION,23219.2981,20941.0295,483.4708,3644,3644,-0.02082194,-0.02082194,,-0.02082194,-483.4708,23219.2981,OK,0.0000,19.3388,4.0000,96.0000,AG03-UNRESOLVED,ALL5_LEVELS_bet23_to_bet27,19.3388,19.3388,19.3388,24.1735,24.1735,4.000000,4.000000,4.000000,5.000000,5.000000,96.000000,96.000000,96.000000,95.000000,95.000000,5.0,106.3636,97.4318,377.1072,386.039,PENDING_AG03,FALSE,NOT_FOR_ENFORCEMENT,464.1320,20103.3883,483.4708,464.1320,19.3388,0.02082194,0.01998906,19.3388,464.1320,0.01998906,19.3388,19.3388,19.3388,24.1735,24.1735,464.1320,0.01998906,106.3636,97.4318,377.1072,386.039,0.01624111,0.01662578,0.00083288,6.3719,5.7467,0.1327,24.1735,1.3696,1160.9649,182.2000,6.3719,,2.5818,5.1636,10.2741,10.3271,12.9089,15.4907,5.1636,0.0,2.5,3.0,1.234019,18,135,72,2,1.00000000,0.02082194,0.02082194,0E-8,0.000000,0.901880,0.010977,,2026-07-08,2026-08-06,20,353,182,30,0.666667,,1.000000,3.333333,,,,,,,,GLOBAL_BASELINE_NO_ENTITY_RANKING,,,NOT_APPLICABLE_GLOBAL_BASELINE,HF9g-P5,,,,X 全窗基线 · 不参与实体赏罚,8398760,840,A168_HF9F_20260827_0900,2026-08-27 09:00:00
2026-07-23,141205185,2130,0,59.3808896806,-18.3306224666,-18.3306224666,0.4000000,7,7,0.50282064285714286,0.502820642857,-0.45983521081771717,-0.4598352108170775,-0.45983521081771717,1.4286E-13,ELIGIBLE,R03b_20260811_FULL_v1,L1_ELIGIBILITY,v2026-08-11,2026-03-21..2026-08-06,baccarat_bet02_101_all_pairs_incl_sentinel,round_win = game_pnl > 0 (decisive only),COMPATIBILITY_ONLY_NOT_PRODUCTION,23219.2981,20941.0295,483.4708,3644,3644,-0.02082194,-0.02082194,,-0.02082194,-483.4708,23219.2981,OK,0.0000,19.3388,4.0000,96.0000,AG03-UNRESOLVED,ALL5_LEVELS_bet23_to_bet27,19.3388,19.3388,19.3388,24.1735,24.1735,4.000000,4.000000,4.000000,5.000000,5.000000,96.000000,96.000000,96.000000,95.000000,95.000000,5.0,106.3636,97.4318,377.1072,386.039,PENDING_AG03,FALSE,NOT_FOR_ENFORCEMENT,464.1320,20103.3883,483.4708,464.1320,19.3388,0.02082194,0.01998906,19.3388,464.1320,0.01998906,19.3388,19.3388,19.3388,24.1735,24.1735,464.1320,0.01998906,106.3636,97.4318,377.1072,386.039,0.01624111,0.01662578,0.00083288,6.3719,5.7467,0.1327,24.1735,1.3696,1160.9649,182.2000,6.3719,,2.5818,5.1636,10.2741,10.3271,12.9089,15.4907,5.1636,0.0,2.5,3.0,1.234019,18,135,72,2,1.00000000,0.02082194,0.02082194,0E-8,0.000000,0.901880,0.010977,,2026-07-08,2026-08-06,20,353,182,30,0.666667,,1.000000,3.333333,,,,,,,,GLOBAL_BASELINE_NO_ENTITY_RANKING,,,NOT_APPLICABLE_GLOBAL_BASELINE,HF9g-P5,,,,X 全窗基线 · 不参与实体赏罚,8398761,840,A168_HF9F_20260827_0900,2026-08-27 09:00:00
2026-07-23,141205185,2147,0,28.3995559342,28.0122892624,28.0122892624,1.0000000,4,4,0.49659680000000000,0.496596800000,2.0136594440222715,2.0136594440222715,2.0136594440222715,0E-17,ELIGIBLE,R03b_20260811_FULL_v1,L1_ELIGIBILITY,v2026-08-11,2026-03-21..2026-08-06,baccarat_bet02_101_all_pairs_incl_sentinel,round_win = game_pnl > 0 (decisive only),COMPATIBILITY_ONLY_NOT_PRODUCTION,23219.2981,20941.0295,483.4708,3644,3644,-0.02082194,-0.02082194,,-0.02082194,-483.4708,23219.2981,OK,0.0000,19.3388,4.0000,96.0000,AG03-UNRESOLVED,ALL5_LEVELS_bet23_to_bet27,19.3388,19.3388,19.3388,24.1735,24.1735,4.000000,4.000000,4.000000,5.000000,5.000000,96.000000,96.000000,96.000000,95.000000,95.000000,5.0,106.3636,97.4318,377.1072,386.039,PENDING_AG03,FALSE,NOT_FOR_ENFORCEMENT,464.1320,20103.3883,483.4708,464.1320,19.3388,0.02082194,0.01998906,19.3388,464.1320,0.01998906,19.3388,19.3388,19.3388,24.1735,24.1735,464.1320,0.01998906,106.3636,97.4318,377.1072,386.039,0.01624111,0.01662578,0.00083288,6.3719,5.7467,0.1327,24.1735,1.3696,1160.9649,182.2000,6.3719,,2.5818,5.1636,10.2741,10.3271,12.9089,15.4907,5.1636,0.0,2.5,3.0,1.234019,18,135,72,2,1.00000000,0.02082194,0.02082194,0E-8,0.000000,0.901880,0.010977,,2026-07-08,2026-08-06,20,353,182,30,0.666667,,1.000000,3.333333,,,,,,,,GLOBAL_BASELINE_NO_ENTITY_RANKING,,,NOT_APPLICABLE_GLOBAL_BASELINE,HF9g-P5,,,,X 全窗基线 · 不参与实体赏罚,8398762,840,A168_HF9F_20260827_0900,2026-08-27 09:00:00
2026-07-23,141205185,2153,0,105.8528903002,34.2085560117,34.2085560117,0.7500000,11,11,0.50055742727272727,0.500557427273,1.4110611544412754,1.4110611544397336,1.4110611544412754,-2.7273E-13,ELIGIBLE,R03b_20260811_FULL_v1,L1_ELIGIBILITY,v2026-08-11,2026-03-21..2026-08-06,baccarat_bet02_101_all_pairs_incl_sentinel,round_win = game_pnl > 0 (decisive only),COMPATIBILITY_ONLY_NOT_PRODUCTION,23219.2981,20941.0295,483.4708,3644,3644,-0.02082194,-0.02082194,,-0.02082194,-483.4708,23219.2981,OK,0.0000,19.3388,4.0000,96.0000,AG03-UNRESOLVED,ALL5_LEVELS_bet23_to_bet27,19.3388,19.3388,19.3388,24.1735,24.1735,4.000000,4.000000,4.000000,5.000000,5.000000,96.000000,96.000000,96.000000,95.000000,95.000000,5.0,106.3636,97.4318,377.1072,386.039,PENDING_AG03,FALSE,NOT_FOR_ENFORCEMENT,464.1320,20103.3883,483.4708,464.1320,19.3388,0.02082194,0.01998906,19.3388,464.1320,0.01998906,19.3388,19.3388,19.3388,24.1735,24.1735,464.1320,0.01998906,106.3636,97.4318,377.1072,386.039,0.01624111,0.01662578,0.00083288,6.3719,5.7467,0.1327,24.1735,1.3696,1160.9649,182.2000,6.3719,,2.5818,5.1636,10.2741,10.3271,12.9089,15.4907,5.1636,0.0,2.5,3.0,1.234019,18,135,72,2,1.00000000,0.02082194,0.02082194,0E-8,0.000000,0.901880,0.010977,,2026-07-08,2026-08-06,20,353,182,30,0.666667,,1.000000,3.333333,,,,,,,,GLOBAL_BASELINE_NO_ENTITY_RANKING,,,NOT_APPLICABLE_GLOBAL_BASELINE,HF9g-P5,,,,X 全窗基线 · 不参与实体赏罚,8398763,840,A168_HF9F_20260827_0900,2026-08-27 09:00:00
2026-07-23,141205185,2155,0,149.7431131076,-72.6770454134,-72.6770454134,0.2727273,12,12,0.49883100000000000,0.498831000000,-1.4998065532888554,-1.4998065532888554,-1.4998065532888554,0E-17,ELIGIBLE,R03b_20260811_FULL_v1,L1_ELIGIBILITY,v2026-08-11,2026-03-21..2026-08-06,baccarat_bet02_101_all_pairs_incl_sentinel,round_win = game_pnl > 0 (decisive only),COMPATIBILITY_ONLY_NOT_PRODUCTION,23219.2981,20941.0295,483.4708,3644,3644,-0.02082194,-0.02082194,,-0.02082194,-483.4708,23219.2981,OK,0.0000,19.3388,4.0000,96.0000,AG03-UNRESOLVED,ALL5_LEVELS_bet23_to_bet27,19.3388,19.3388,19.3388,24.1735,24.1735,4.000000,4.000000,4.000000,5.000000,5.000000,96.000000,96.000000,96.000000,95.000000,95.000000,5.0,106.3636,97.4318,377.1072,386.039,PENDING_AG03,FALSE,NOT_FOR_ENFORCEMENT,464.1320,20103.3883,483.4708,464.1320,19.3388,0.02082194,0.01998906,19.3388,464.1320,0.01998906,19.3388,19.3388,19.3388,24.1735,24.1735,464.1320,0.01998906,106.3636,97.4318,377.1072,386.039,0.01624111,0.01662578,0.00083288,6.3719,5.7467,0.1327,24.1735,1.3696,1160.9649,182.2000,6.3719,,2.5818,5.1636,10.2741,10.3271,12.9089,15.4907,5.1636,0.0,2.5,3.0,1.234019,18,135,72,2,1.00000000,0.02082194,0.02082194,0E-8,0.000000,0.901880,0.010977,,2026-07-08,2026-08-06,20,353,182,30,0.666667,,1.000000,3.333333,,,,,,,,GLOBAL_BASELINE_NO_ENTITY_RANKING,,,NOT_APPLICABLE_GLOBAL_BASELINE,HF9g-P5,,,,X 全窗基线 · 不参与实体赏罚,8398764,840,A168_HF9F_20260827_0900,2026-08-27 09:00:00
2026-07-23,141205185,2156,0,5.1635556244,0E-10,0E-10,,1,1,0.50665070000000000,0.506650700000,,,,0E-17,NO_DECISIVE_ROUND,R03b_20260811_FULL_v1,L1_ELIGIBILITY,v2026-08-11,2026-03-21..2026-08-06,baccarat_bet02_101_all_pairs_incl_sentinel,round_win = game_pnl > 0 (decisive only),COMPATIBILITY_ONLY_NOT_PRODUCTION,23219.2981,20941.0295,483.4708,3644,3644,-0.02082194,-0.02082194,,-0.02082194,-483.4708,23219.2981,OK,0.0000,19.3388,4.0000,96.0000,AG03-UNRESOLVED,ALL5_LEVELS_bet23_to_bet27,19.3388,19.3388,19.3388,24.1735,24.1735,4.000000,4.000000,4.000000,5.000000,5.000000,96.000000,96.000000,96.000000,95.000000,95.000000,5.0,106.3636,97.4318,377.1072,386.039,PENDING_AG03,FALSE,NOT_FOR_ENFORCEMENT,464.1320,20103.3883,483.4708,464.1320,19.3388,0.02082194,0.01998906,19.3388,464.1320,0.01998906,19.3388,19.3388,19.3388,24.1735,24.1735,464.1320,0.01998906,106.3636,97.4318,377.1072,386.039,0.01624111,0.01662578,0.00083288,6.3719,5.7467,0.1327,24.1735,1.3696,1160.9649,182.2000,6.3719,,2.5818,5.1636,10.2741,10.3271,12.9089,15.4907,5.1636,0.0,2.5,3.0,1.234019,18,135,72,2,1.00000000,0.02082194,0.02082194,0E-8,0.000000,0.901880,0.010977,,2026-07-08,2026-08-06,20,353,182,30,0.666667,,1.000000,3.333333,,,,,,,,GLOBAL_BASELINE_NO_ENTITY_RANKING,,,NOT_APPLICABLE_GLOBAL_BASELINE,HF9g-P5,,,,X 全窗基线 · 不参与实体赏罚,8398765,840,A168_HF9F_20260827_0900,2026-08-27 09:00:00
2026-07-23,141205185,2169,0,82.6168899904,13.1670668424,13.1670668424,0.7000000,11,11,0.50543204545454545,0.505432045455,1.2306284188260588,1.2306284188231957,1.2306284188260588,-4.5455E-13,ELIGIBLE,R03b_20260811_FULL_v1,L1_ELIGIBILITY,v2026-08-11,2026-03-21..2026-08-06,baccarat_bet02_101_all_pairs_incl_sentinel,round_win = game_pnl > 0 (decisive only),COMPATIBILITY_ONLY_NOT_PRODUCTION,23219.2981,20941.0295,483.4708,3644,3644,-0.02082194,-0.02082194,,-0.02082194,-483.4708,23219.2981,OK,0.0000,19.3388,4.0000,96.0000,AG03-UNRESOLVED,ALL5_LEVELS_bet23_to_bet27,19.3388,19.3388,19.3388,24.1735,24.1735,4.000000,4.000000,4.000000,5.000000,5.000000,96.000000,96.000000,96.000000,95.000000,95.000000,5.0,106.3636,97.4318,377.1072,386.039,PENDING_AG03,FALSE,NOT_FOR_ENFORCEMENT,464.1320,20103.3883,483.4708,464.1320,19.3388,0.02082194,0.01998906,19.3388,464.1320,0.01998906,19.3388,19.3388,19.3388,24.1735,24.1735,464.1320,0.01998906,106.3636,97.4318,377.1072,386.039,0.01624111,0.01662578,0.00083288,6.3719,5.7467,0.1327,24.1735,1.3696,1160.9649,182.2000,6.3719,,2.5818,5.1636,10.2741,10.3271,12.9089,15.4907,5.1636,0.0,2.5,3.0,1.234019,18,135,72,2,1.00000000,0.02082194,0.02082194,0E-8,0.000000,0.901880,0.010977,,2026-07-08,2026-08-06,20,353,182,30,0.666667,,1.000000,3.333333,,,,,,,,GLOBAL_BASELINE_NO_ENTITY_RANKING,,,NOT_APPLICABLE_GLOBAL_BASELINE,HF9g-P5,,,,X 全窗基线 · 不参与实体赏罚,8398766,840,A168_HF9F_20260827_0900,2026-08-27 09:00:00
2026-07-23,141205185,2170,0,5.1635556244,5.1635556244,5.1635556244,1.0000000,1,1,0.49324550000000000,0.493245500000,1.01360149184955,1.01360149184955,1.01360149184955,0E-17,ELIGIBLE,R03b_20260811_FULL_v1,L1_ELIGIBILITY,v2026-08-11,2026-03-21..2026-08-06,baccarat_bet02_101_all_pairs_incl_sentinel,round_win = game_pnl > 0 (decisive only),COMPATIBILITY_ONLY_NOT_PRODUCTION,23219.2981,20941.0295,483.4708,3644,3644,-0.02082194,-0.02082194,,-0.02082194,-483.4708,23219.2981,OK,0.0000,19.3388,4.0000,96.0000,AG03-UNRESOLVED,ALL5_LEVELS_bet23_to_bet27,19.3388,19.3388,19.3388,24.1735,24.1735,4.000000,4.000000,4.000000,5.000000,5.000000,96.000000,96.000000,96.000000,95.000000,95.000000,5.0,106.3636,97.4318,377.1072,386.039,PENDING_AG03,FALSE,NOT_FOR_ENFORCEMENT,464.1320,20103.3883,483.4708,464.1320,19.3388,0.02082194,0.01998906,19.3388,464.1320,0.01998906,19.3388,19.3388,19.3388,24.1735,24.1735,464.1320,0.01998906,106.3636,97.4318,377.1072,386.039,0.01624111,0.01662578,0.00083288,6.3719,5.7467,0.1327,24.1735,1.3696,1160.9649,182.2000,6.3719,,2.5818,5.1636,10.2741,10.3271,12.9089,15.4907,5.1636,0.0,2.5,3.0,1.234019,18,135,72,2,1.00000000,0.02082194,0.02082194,0E-8,0.000000,0.901880,0.010977,,2026-07-08,2026-08-06,20,353,182,30,0.666667,,1.000000,3.333333,,,,,,,,GLOBAL_BASELINE_NO_ENTITY_RANKING,,,NOT_APPLICABLE_GLOBAL_BASELINE,HF9g-P5,,,,X 全窗基线 · 不参与实体赏罚,8398767,840,A168_HF9F_20260827_0900,2026-08-27 09:00:00
2026-07-23,141205185,2216,0,72.2897787416,6.7126223117,6.7126223117,0.5000000,5,5,0.50128862000000000,0.501288620000,-0.0051544971185412255,-0.0051544971185412255,-0.0051544971185412255,0E-17,ELIGIBLE,R03b_20260811_FULL_v1,L1_ELIGIBILITY,v2026-08-11,2026-03-21..2026-08-06,baccarat_bet02_101_all_pairs_incl_sentinel,round_win = game_pnl > 0 (decisive only),COMPATIBILITY_ONLY_NOT_PRODUCTION,23219.2981,20941.0295,483.4708,3644,3644,-0.02082194,-0.02082194,,-0.02082194,-483.4708,23219.2981,OK,0.0000,19.3388,4.0000,96.0000,AG03-UNRESOLVED,ALL5_LEVELS_bet23_to_bet27,19.3388,19.3388,19.3388,24.1735,24.1735,4.000000,4.000000,4.000000,5.000000,5.000000,96.000000,96.000000,96.000000,95.000000,95.000000,5.0,106.3636,97.4318,377.1072,386.039,PENDING_AG03,FALSE,NOT_FOR_ENFORCEMENT,464.1320,20103.3883,483.4708,464.1320,19.3388,0.02082194,0.01998906,19.3388,464.1320,0.01998906,19.3388,19.3388,19.3388,24.1735,24.1735,464.1320,0.01998906,106.3636,97.4318,377.1072,386.039,0.01624111,0.01662578,0.00083288,6.3719,5.7467,0.1327,24.1735,1.3696,1160.9649,182.2000,6.3719,,2.5818,5.1636,10.2741,10.3271,12.9089,15.4907,5.1636,0.0,2.5,3.0,1.234019,18,135,72,2,1.00000000,0.02082194,0.02082194,0E-8,0.000000,0.901880,0.010977,,2026-07-08,2026-08-06,20,353,182,30,0.666667,,1.000000,3.333333,,,,,,,,GLOBAL_BASELINE_NO_ENTITY_RANKING,,,NOT_APPLICABLE_GLOBAL_BASELINE,HF9g-P5,,,,X 全窗基线 · 不参与实体赏罚,8398768,840,A168_HF9F_20260827_0900,2026-08-27 09:00:00
2026-07-23,141205185,2223,0,92.9440012392,18.5888002480,18.5888002480,0.5714286,14,14,0.50186312857142857,0.501863128571,0.5205837204242773,0.5205837204274828,0.5205837204242773,4.2857E-13,ELIGIBLE,R03b_20260811_FULL_v1,L1_ELIGIBILITY,v2026-08-11,2026-03-21..2026-08-06,baccarat_bet02_101_all_pairs_incl_sentinel,round_win = game_pnl > 0 (decisive only),COMPATIBILITY_ONLY_NOT_PRODUCTION,23219.2981,20941.0295,483.4708,3644,3644,-0.02082194,-0.02082194,,-0.02082194,-483.4708,23219.2981,OK,0.0000,19.3388,4.0000,96.0000,AG03-UNRESOLVED,ALL5_LEVELS_bet23_to_bet27,19.3388,19.3388,19.3388,24.1735,24.1735,4.000000,4.000000,4.000000,5.000000,5.000000,96.000000,96.000000,96.000000,95.000000,95.000000,5.0,106.3636,97.4318,377.1072,386.039,PENDING_AG03,FALSE,NOT_FOR_ENFORCEMENT,464.1320,20103.3883,483.4708,464.1320,19.3388,0.02082194,0.01998906,19.3388,464.1320,0.01998906,19.3388,19.3388,19.3388,24.1735,24.1735,464.1320,0.01998906,106.3636,97.4318,377.1072,386.039,0.01624111,0.01662578,0.00083288,6.3719,5.7467,0.1327,24.1735,1.3696,1160.9649,182.2000,6.3719,,2.5818,5.1636,10.2741,10.3271,12.9089,15.4907,5.1636,0.0,2.5,3.0,1.234019,18,135,72,2,1.00000000,0.02082194,0.02082194,0E-8,0.000000,0.901880,0.010977,,2026-07-08,2026-08-06,20,353,182,30,0.666667,,1.000000,3.333333,,,,,,,,GLOBAL_BASELINE_NO_ENTITY_RANKING,,,NOT_APPLICABLE_GLOBAL_BASELINE,HF9g-P5,,,,X 全窗基线 · 不参与实体赏罚,8398769,840,A168_HF9F_20260827_0900,2026-08-27 09:00:00
2026-07-23,141205185,2246,0,51.6355562440,-6.3253556398,-6.3253556398,0.4000000,5,5,0.50396966000000000,0.503969660000,-0.4649811094771361,-0.4649811094771361,-0.4649811094771361,0E-17,ELIGIBLE,R03b_20260811_FULL_v1,L1_ELIGIBILITY,v2026-08-11,2026-03-21..2026-08-06,baccarat_bet02_101_all_pairs_incl_sentinel,round_win = game_pnl > 0 (decisive only),COMPATIBILITY_ONLY_NOT_PRODUCTION,23219.2981,20941.0295,483.4708,3644,3644,-0.02082194,-0.02082194,,-0.02082194,-483.4708,23219.2981,OK,0.0000,19.3388,4.0000,96.0000,AG03-UNRESOLVED,ALL5_LEVELS_bet23_to_bet27,19.3388,19.3388,19.3388,24.1735,24.1735,4.000000,4.000000,4.000000,5.000000,5.000000,96.000000,96.000000,96.000000,95.000000,95.000000,5.0,106.3636,97.4318,377.1072,386.039,PENDING_AG03,FALSE,NOT_FOR_ENFORCEMENT,464.1320,20103.3883,483.4708,464.1320,19.3388,0.02082194,0.01998906,19.3388,464.1320,0.01998906,19.3388,19.3388,19.3388,24.1735,24.1735,464.1320,0.01998906,106.3636,97.4318,377.1072,386.039,0.01624111,0.01662578,0.00083288,6.3719,5.7467,0.1327,24.1735,1.3696,1160.9649,182.2000,6.3719,,2.5818,5.1636,10.2741,10.3271,12.9089,15.4907,5.1636,0.0,2.5,3.0,1.234019,18,135,72,2,1.00000000,0.02082194,0.02082194,0E-8,0.000000,0.901880,0.010977,,2026-07-08,2026-08-06,20,353,182,30,0.666667,,1.000000,3.333333,,,,,,,,GLOBAL_BASELINE_NO_ENTITY_RANKING,,,NOT_APPLICABLE_GLOBAL_BASELINE,HF9g-P5,,,,X 全窗基线 · 不参与实体赏罚,8398770,840,A168_HF9F_20260827_0900,2026-08-27 09:00:00
2026-07-23,141205185,2252,0,54.2173340562,-18.3306224666,-18.3306224666,0.3333333,6,6,0.50218230000000000,0.502182300000,-0.8271955028234007,-0.8271955028234007,-0.8271955028234007,0E-17,ELIGIBLE,R03b_20260811_FULL_v1,L1_ELIGIBILITY,v2026-08-11,2026-03-21..2026-08-06,baccarat_bet02_101_all_pairs_incl_sentinel,round_win = game_pnl > 0 (decisive only),COMPATIBILITY_ONLY_NOT_PRODUCTION,23219.2981,20941.0295,483.4708,3644,3644,-0.02082194,-0.02082194,,-0.02082194,-483.4708,23219.2981,OK,0.0000,19.3388,4.0000,96.0000,AG03-UNRESOLVED,ALL5_LEVELS_bet23_to_bet27,19.3388,19.3388,19.3388,24.1735,24.1735,4.000000,4.000000,4.000000,5.000000,5.000000,96.000000,96.000000,96.000000,95.000000,95.000000,5.0,106.3636,97.4318,377.1072,386.039,PENDING_AG03,FALSE,NOT_FOR_ENFORCEMENT,464.1320,20103.3883,483.4708,464.1320,19.3388,0.02082194,0.01998906,19.3388,464.1320,0.01998906,19.3388,19.3388,19.3388,24.1735,24.1735,464.1320,0.01998906,106.3636,97.4318,377.1072,386.039,0.01624111,0.01662578,0.00083288,6.3719,5.7467,0.1327,24.1735,1.3696,1160.9649,182.2000,6.3719,,2.5818,5.1636,10.2741,10.3271,12.9089,15.4907,5.1636,0.0,2.5,3.0,1.234019,18,135,72,2,1.00000000,0.02082194,0.02082194,0E-8,0.000000,0.901880,0.010977,,2026-07-08,2026-08-06,20,353,182,30,0.666667,,1.000000,3.333333,,,,,,,,GLOBAL_BASELINE_NO_ENTITY_RANKING,,,NOT_APPLICABLE_GLOBAL_BASELINE,HF9g-P5,,,,X 全窗基线 · 不参与实体赏罚,8398771,840,A168_HF9F_20260827_0900,2026-08-27 09:00:00
2026-07-23,141205185,2254,0,12.9088890610,-12.9088890610,-12.9088890610,0E-7,1,1,0.50665070000000000,0.506650700000,-1.013391052207602,-1.013391052207602,-1.013391052207602,0E-17,ELIGIBLE,R03b_20260811_FULL_v1,L1_ELIGIBILITY,v2026-08-11,2026-03-21..2026-08-06,baccarat_bet02_101_all_pairs_incl_sentinel,round_win = game_pnl > 0 (decisive only),COMPATIBILITY_ONLY_NOT_PRODUCTION,23219.2981,20941.0295,483.4708,3644,3644,-0.02082194,-0.02082194,,-0.02082194,-483.4708,23219.2981,OK,0.0000,19.3388,4.0000,96.0000,AG03-UNRESOLVED,ALL5_LEVELS_bet23_to_bet27,19.3388,19.3388,19.3388,24.1735,24.1735,4.000000,4.000000,4.000000,5.000000,5.000000,96.000000,96.000000,96.000000,95.000000,95.000000,5.0,106.3636,97.4318,377.1072,386.039,PENDING_AG03,FALSE,NOT_FOR_ENFORCEMENT,464.1320,20103.3883,483.4708,464.1320,19.3388,0.02082194,0.01998906,19.3388,464.1320,0.01998906,19.3388,19.3388,19.3388,24.1735,24.1735,464.1320,0.01998906,106.3636,97.4318,377.1072,386.039,0.01624111,0.01662578,0.00083288,6.3719,5.7467,0.1327,24.1735,1.3696,1160.9649,182.2000,6.3719,,2.5818,5.1636,10.2741,10.3271,12.9089,15.4907,5.1636,0.0,2.5,3.0,1.234019,18,135,72,2,1.00000000,0.02082194,0.02082194,0E-8,0.000000,0.901880,0.010977,,2026-07-08,2026-08-06,20,353,182,30,0.666667,,1.000000,3.333333,,,,,,,,GLOBAL_BASELINE_NO_ENTITY_RANKING,,,NOT_APPLICABLE_GLOBAL_BASELINE,HF9g-P5,,,,X 全窗基线 · 不参与实体赏罚,8398772,840,A168_HF9F_20260827_0900,2026-08-27 09:00:00
2026-07-23,141205185,471,0,41.3084449952,-20.6542224976,-20.6542224976,0.1666667,8,8,0.49827245000000000,0.498272450000,-1.6245396265204552,-1.6245396265204552,-1.6245396265204552,0E-17,ELIGIBLE,R03b_20260811_FULL_v1,L1_ELIGIBILITY,v2026-08-11,2026-03-21..2026-08-06,baccarat_bet02_101_all_pairs_incl_sentinel,round_win = game_pnl > 0 (decisive only),COMPATIBILITY_ONLY_NOT_PRODUCTION,23219.2981,20941.0295,483.4708,3644,3644,-0.02082194,-0.02082194,,-0.02082194,-483.4708,23219.2981,OK,0.0000,19.3388,4.0000,96.0000,AG03-UNRESOLVED,ALL5_LEVELS_bet23_to_bet27,19.3388,19.3388,19.3388,24.1735,24.1735,4.000000,4.000000,4.000000,5.000000,5.000000,96.000000,96.000000,96.000000,95.000000,95.000000,5.0,106.3636,97.4318,377.1072,386.039,PENDING_AG03,FALSE,NOT_FOR_ENFORCEMENT,464.1320,20103.3883,483.4708,464.1320,19.3388,0.02082194,0.01998906,19.3388,464.1320,0.01998906,19.3388,19.3388,19.3388,24.1735,24.1735,464.1320,0.01998906,106.3636,97.4318,377.1072,386.039,0.01624111,0.01662578,0.00083288,6.3719,5.7467,0.1327,24.1735,1.3696,1160.9649,182.2000,6.3719,,2.5818,5.1636,10.2741,10.3271,12.9089,15.4907,5.1636,0.0,2.5,3.0,1.234019,18,135,72,2,1.00000000,0.02082194,0.02082194,0E-8,0.000000,0.901880,0.010977,,2026-07-08,2026-08-06,20,353,182,30,0.666667,,1.000000,3.333333,,,,,,,,GLOBAL_BASELINE_NO_ENTITY_RANKING,,,NOT_APPLICABLE_GLOBAL_BASELINE,HF9g-P5,,,,X 全窗基线 · 不参与实体赏罚,8398773,840,A168_HF9F_20260827_0900,2026-08-27 09:00:00
2026-07-23,141205185,595,0,72.2897787416,-51.6355562440,-51.6355562440,0.1666667,6,6,0.49771390000000000,0.497713900000,-1.6218105569273533,-1.6218105569273533,-1.6218105569273533,0E-17,ELIGIBLE,R03b_20260811_FULL_v1,L1_ELIGIBILITY,v2026-08-11,2026-03-21..2026-08-06,baccarat_bet02_101_all_pairs_incl_sentinel,round_win = game_pnl > 0 (decisive only),COMPATIBILITY_ONLY_NOT_PRODUCTION,23219.2981,20941.0295,483.4708,3644,3644,-0.02082194,-0.02082194,,-0.02082194,-483.4708,23219.2981,OK,0.0000,19.3388,4.0000,96.0000,AG03-UNRESOLVED,ALL5_LEVELS_bet23_to_bet27,19.3388,19.3388,19.3388,24.1735,24.1735,4.000000,4.000000,4.000000,5.000000,5.000000,96.000000,96.000000,96.000000,95.000000,95.000000,5.0,106.3636,97.4318,377.1072,386.039,PENDING_AG03,FALSE,NOT_FOR_ENFORCEMENT,464.1320,20103.3883,483.4708,464.1320,19.3388,0.02082194,0.01998906,19.3388,464.1320,0.01998906,19.3388,19.3388,19.3388,24.1735,24.1735,464.1320,0.01998906,106.3636,97.4318,377.1072,386.039,0.01624111,0.01662578,0.00083288,6.3719,5.7467,0.1327,24.1735,1.3696,1160.9649,182.2000,6.3719,,2.5818,5.1636,10.2741,10.3271,12.9089,15.4907,5.1636,0.0,2.5,3.0,1.234019,18,135,72,2,1.00000000,0.02082194,0.02082194,0E-8,0.000000,0.901880,0.010977,,2026-07-08,2026-08-06,20,353,182,30,0.666667,,1.000000,3.333333,,,,,,,,GLOBAL_BASELINE_NO_ENTITY_RANKING,,,NOT_APPLICABLE_GLOBAL_BASELINE,HF9g-P5,,,,X 全窗基线 · 不参与实体赏罚,8398774,840,A168_HF9F_20260827_0900,2026-08-27 09:00:00
2026-07-23,141205185,752,0,196.2151137272,102.7547569257,102.7547569257,0.7142857,14,14,0.50186312857142857,0.501863128571,1.5896361099918341,1.5896361099950365,1.5896361099918341,4.2857E-13,ELIGIBLE,R03b_20260811_FULL_v1,L1_ELIGIBILITY,v2026-08-11,2026-03-21..2026-08-06,baccarat_bet02_101_all_pairs_incl_sentinel,round_win = game_pnl > 0 (decisive only),COMPATIBILITY_ONLY_NOT_PRODUCTION,23219.2981,20941.0295,483.4708,3644,3644,-0.02082194,-0.02082194,,-0.02082194,-483.4708,23219.2981,OK,0.0000,19.3388,4.0000,96.0000,AG03-UNRESOLVED,ALL5_LEVELS_bet23_to_bet27,19.3388,19.3388,19.3388,24.1735,24.1735,4.000000,4.000000,4.000000,5.000000,5.000000,96.000000,96.000000,96.000000,95.000000,95.000000,5.0,106.3636,97.4318,377.1072,386.039,PENDING_AG03,FALSE,NOT_FOR_ENFORCEMENT,464.1320,20103.3883,483.4708,464.1320,19.3388,0.02082194,0.01998906,19.3388,464.1320,0.01998906,19.3388,19.3388,19.3388,24.1735,24.1735,464.1320,0.01998906,106.3636,97.4318,377.1072,386.039,0.01624111,0.01662578,0.00083288,6.3719,5.7467,0.1327,24.1735,1.3696,1160.9649,182.2000,6.3719,,2.5818,5.1636,10.2741,10.3271,12.9089,15.4907,5.1636,0.0,2.5,3.0,1.234019,18,135,72,2,1.00000000,0.02082194,0.02082194,0E-8,0.000000,0.901880,0.010977,,2026-07-08,2026-08-06,20,353,182,30,0.666667,,1.000000,3.333333,,,,,,,,GLOBAL_BASELINE_NO_ENTITY_RANKING,,,NOT_APPLICABLE_GLOBAL_BASELINE,HF9g-P5,,,,X 全窗基线 · 不参与实体赏罚,8398775,840,A168_HF9F_20260827_0900,2026-08-27 09:00:00
2026-07-23,141205185,763,0,43.8902228074,6.4544445306,6.4544445306,0.5000000,4,4,0.50665070000000000,0.506650700000,-0.02660515369234503,-0.02660515369234503,-0.02660515369234503,0E-17,ELIGIBLE,R03b_20260811_FULL_v1,L1_ELIGIBILITY,v2026-08-11,2026-03-21..2026-08-06,baccarat_bet02_101_all_pairs_incl_sentinel,round_win = game_pnl > 0 (decisive only),COMPATIBILITY_ONLY_NOT_PRODUCTION,23219.2981,20941.0295,483.4708,3644,3644,-0.02082194,-0.02082194,,-0.02082194,-483.4708,23219.2981,OK,0.0000,19.3388,4.0000,96.0000,AG03-UNRESOLVED,ALL5_LEVELS_bet23_to_bet27,19.3388,19.3388,19.3388,24.1735,24.1735,4.000000,4.000000,4.000000,5.000000,5.000000,96.000000,96.000000,96.000000,95.000000,95.000000,5.0,106.3636,97.4318,377.1072,386.039,PENDING_AG03,FALSE,NOT_FOR_ENFORCEMENT,464.1320,20103.3883,483.4708,464.1320,19.3388,0.02082194,0.01998906,19.3388,464.1320,0.01998906,19.3388,19.3388,19.3388,24.1735,24.1735,464.1320,0.01998906,106.3636,97.4318,377.1072,386.039,0.01624111,0.01662578,0.00083288,6.3719,5.7467,0.1327,24.1735,1.3696,1160.9649,182.2000,6.3719,,2.5818,5.1636,10.2741,10.3271,12.9089,15.4907,5.1636,0.0,2.5,3.0,1.234019,18,135,72,2,1.00000000,0.02082194,0.02082194,0E-8,0.000000,0.901880,0.010977,,2026-07-08,2026-08-06,20,353,182,30,0.666667,,1.000000,3.333333,,,,,,,,GLOBAL_BASELINE_NO_ENTITY_RANKING,,,NOT_APPLICABLE_GLOBAL_BASELINE,HF9g-P5,,,,X 全窗基线 · 不参与实体赏罚,8398776,840,A168_HF9F_20260827_0900,2026-08-27 09:00:00
2026-07-23,141205185,987,0,77.4533343660,-26.0759559032,-26.0759559032,0.3333333,10,10,0.50128862000000000,0.501288620000,-1.007735066777365,-1.0077350667773652,-1.007735066777365,0E-17,ELIGIBLE,R03b_20260811_FULL_v1,L1_ELIGIBILITY,v2026-08-11,2026-03-21..2026-08-06,baccarat_bet02_101_all_pairs_incl_sentinel,round_win = game_pnl > 0 (decisive only),COMPATIBILITY_ONLY_NOT_PRODUCTION,23219.2981,20941.0295,483.4708,3644,3644,-0.02082194,-0.02082194,,-0.02082194,-483.4708,23219.2981,OK,0.0000,19.3388,4.0000,96.0000,AG03-UNRESOLVED,ALL5_LEVELS_bet23_to_bet27,19.3388,19.3388,19.3388,24.1735,24.1735,4.000000,4.000000,4.000000,5.000000,5.000000,96.000000,96.000000,96.000000,95.000000,95.000000,5.0,106.3636,97.4318,377.1072,386.039,PENDING_AG03,FALSE,NOT_FOR_ENFORCEMENT,464.1320,20103.3883,483.4708,464.1320,19.3388,0.02082194,0.01998906,19.3388,464.1320,0.01998906,19.3388,19.3388,19.3388,24.1735,24.1735,464.1320,0.01998906,106.3636,97.4318,377.1072,386.039,0.01624111,0.01662578,0.00083288,6.3719,5.7467,0.1327,24.1735,1.3696,1160.9649,182.2000,6.3719,,2.5818,5.1636,10.2741,10.3271,12.9089,15.4907,5.1636,0.0,2.5,3.0,1.234019,18,135,72,2,1.00000000,0.02082194,0.02082194,0E-8,0.000000,0.901880,0.010977,,2026-07-08,2026-08-06,20,353,182,30,0.666667,,1.000000,3.333333,,,,,,,,GLOBAL_BASELINE_NO_ENTITY_RANKING,,,NOT_APPLICABLE_GLOBAL_BASELINE,HF9g-P5,,,,X 全窗基线 · 不参与实体赏罚,8398777,840,A168_HF9F_20260827_0900,2026-08-27 09:00:00
2026-07-24,141205185,1017,0,30.9813337464,-30.9813337464,-30.9813337464,0E-7,3,3,0.49771390000000000,0.497713900000,-1.724149546644903,-1.724149546644903,-1.724149546644903,0E-17,ELIGIBLE,R03b_20260811_FULL_v1,L1_ELIGIBILITY,v2026-08-11,2026-03-21..2026-08-06,baccarat_bet02_101_all_pairs_incl_sentinel,round_win = game_pnl > 0 (decisive only),COMPATIBILITY_ONLY_NOT_PRODUCTION,23219.2981,20941.0295,483.4708,3644,3644,-0.02082194,-0.02082194,,-0.02082194,-483.4708,23219.2981,OK,0.0000,19.3388,4.0000,96.0000,AG03-UNRESOLVED,ALL5_LEVELS_bet23_to_bet27,19.3388,19.3388,19.3388,24.1735,24.1735,4.000000,4.000000,4.000000,5.000000,5.000000,96.000000,96.000000,96.000000,95.000000,95.000000,5.0,106.3636,97.4318,377.1072,386.039,PENDING_AG03,FALSE,NOT_FOR_ENFORCEMENT,464.1320,20103.3883,483.4708,464.1320,19.3388,0.02082194,0.01998906,19.3388,464.1320,0.01998906,19.3388,19.3388,19.3388,24.1735,24.1735,464.1320,0.01998906,106.3636,97.4318,377.1072,386.039,0.01624111,0.01662578,0.00083288,6.3719,5.7467,0.1327,24.1735,1.3696,1160.9649,182.2000,6.3719,,2.5818,5.1636,10.2741,10.3271,12.9089,15.4907,5.1636,0.0,2.5,3.0,1.234019,18,135,72,2,1.00000000,0.02082194,0.02082194,0E-8,0.000000,0.901880,0.010977,,2026-07-08,2026-08-06,20,353,182,30,0.666667,,1.000000,3.333333,,,,,,,,GLOBAL_BASELINE_NO_ENTITY_RANKING,,,NOT_APPLICABLE_GLOBAL_BASELINE,HF9g-P5,,,,X 全窗基线 · 不参与实体赏罚,8398778,840,A168_HF9F_20260827_0900,2026-08-27 09:00:00
2026-07-24,141205185,1210,0,136.8342240466,-34.8540004646,-34.8540004646,0.4090909,24,24,0.49827245000000000,0.498272450000,-0.8366020035041444,-0.8366020035041444,-0.8366020035041444,0E-17,ELIGIBLE,R03b_20260811_FULL_v1,L1_ELIGIBILITY,v2026-08-11,2026-03-21..2026-08-06,baccarat_bet02_101_all_pairs_incl_sentinel,round_win = game_pnl > 0 (decisive only),COMPATIBILITY_ONLY_NOT_PRODUCTION,23219.2981,20941.0295,483.4708,3644,3644,-0.02082194,-0.02082194,,-0.02082194,-483.4708,23219.2981,OK,0.0000,19.3388,4.0000,96.0000,AG03-UNRESOLVED,ALL5_LEVELS_bet23_to_bet27,19.3388,19.3388,19.3388,24.1735,24.1735,4.000000,4.000000,4.000000,5.000000,5.000000,96.000000,96.000000,96.000000,95.000000,95.000000,5.0,106.3636,97.4318,377.1072,386.039,PENDING_AG03,FALSE,NOT_FOR_ENFORCEMENT,464.1320,20103.3883,483.4708,464.1320,19.3388,0.02082194,0.01998906,19.3388,464.1320,0.01998906,19.3388,19.3388,19.3388,24.1735,24.1735,464.1320,0.01998906,106.3636,97.4318,377.1072,386.039,0.01624111,0.01662578,0.00083288,6.3719,5.7467,0.1327,24.1735,1.3696,1160.9649,182.2000,6.3719,,2.5818,5.1636,10.2741,10.3271,12.9089,15.4907,5.1636,0.0,2.5,3.0,1.234019,18,135,72,2,1.00000000,0.02082194,0.02082194,0E-8,0.000000,0.901880,0.010977,,2026-07-08,2026-08-06,20,353,182,30,0.666667,,1.000000,3.333333,,,,,,,,GLOBAL_BASELINE_NO_ENTITY_RANKING,,,NOT_APPLICABLE_GLOBAL_BASELINE,HF9g-P5,,,,X 全窗基线 · 不参与实体赏罚,8398779,840,A168_HF9F_20260827_0900,2026-08-27 09:00:00
2026-07-24,141205185,1299,0,82.6168899904,-1.0327111248,-1.0327111248,0.5333333,15,15,0.49950126000000000,0.499501260000,0.26206224354692553,0.26206224354692553,0.26206224354692553,0E-17,ELIGIBLE,R03b_20260811_FULL_v1,L1_ELIGIBILITY,v2026-08-11,2026-03-21..2026-08-06,baccarat_bet02_101_all_pairs_incl_sentinel,round_win = game_pnl > 0 (decisive only),COMPATIBILITY_ONLY_NOT_PRODUCTION,23219.2981,20941.0295,483.4708,3644,3644,-0.02082194,-0.02082194,,-0.02082194,-483.4708,23219.2981,OK,0.0000,19.3388,4.0000,96.0000,AG03-UNRESOLVED,ALL5_LEVELS_bet23_to_bet27,19.3388,19.3388,19.3388,24.1735,24.1735,4.000000,4.000000,4.000000,5.000000,5.000000,96.000000,96.000000,96.000000,95.000000,95.000000,5.0,106.3636,97.4318,377.1072,386.039,PENDING_AG03,FALSE,NOT_FOR_ENFORCEMENT,464.1320,20103.3883,483.4708,464.1320,19.3388,0.02082194,0.01998906,19.3388,464.1320,0.01998906,19.3388,19.3388,19.3388,24.1735,24.1735,464.1320,0.01998906,106.3636,97.4318,377.1072,386.039,0.01624111,0.01662578,0.00083288,6.3719,5.7467,0.1327,24.1735,1.3696,1160.9649,182.2000,6.3719,,2.5818,5.1636,10.2741,10.3271,12.9089,15.4907,5.1636,0.0,2.5,3.0,1.234019,18,135,72,2,1.00000000,0.02082194,0.02082194,0E-8,0.000000,0.901880,0.010977,,2026-07-08,2026-08-06,20,353,182,30,0.666667,,1.000000,3.333333,,,,,,,,GLOBAL_BASELINE_NO_ENTITY_RANKING,,,NOT_APPLICABLE_GLOBAL_BASELINE,HF9g-P5,,,,X 全窗基线 · 不参与实体赏罚,8398780,840,A168_HF9F_20260827_0900,2026-08-27 09:00:00
2026-07-24,141205185,1304,0,25.8177781220,-15.4906668732,-15.4906668732,0E-7,5,5,0.50128862000000000,0.501288620000,-1.736520485330431,-1.736520485330431,-1.736520485330431,0E-17,ELIGIBLE,R03b_20260811_FULL_v1,L1_ELIGIBILITY,v2026-08-11,2026-03-21..2026-08-06,baccarat_bet02_101_all_pairs_incl_sentinel,round_win = game_pnl > 0 (decisive only),COMPATIBILITY_ONLY_NOT_PRODUCTION,23219.2981,20941.0295,483.4708,3644,3644,-0.02082194,-0.02082194,,-0.02082194,-483.4708,23219.2981,OK,0.0000,19.3388,4.0000,96.0000,AG03-UNRESOLVED,ALL5_LEVELS_bet23_to_bet27,19.3388,19.3388,19.3388,24.1735,24.1735,4.000000,4.000000,4.000000,5.000000,5.000000,96.000000,96.000000,96.000000,95.000000,95.000000,5.0,106.3636,97.4318,377.1072,386.039,PENDING_AG03,FALSE,NOT_FOR_ENFORCEMENT,464.1320,20103.3883,483.4708,464.1320,19.3388,0.02082194,0.01998906,19.3388,464.1320,0.01998906,19.3388,19.3388,19.3388,24.1735,24.1735,464.1320,0.01998906,106.3636,97.4318,377.1072,386.039,0.01624111,0.01662578,0.00083288,6.3719,5.7467,0.1327,24.1735,1.3696,1160.9649,182.2000,6.3719,,2.5818,5.1636,10.2741,10.3271,12.9089,15.4907,5.1636,0.0,2.5,3.0,1.234019,18,135,72,2,1.00000000,0.02082194,0.02082194,0E-8,0.000000,0.901880,0.010977,,2026-07-08,2026-08-06,20,353,182,30,0.666667,,1.000000,3.333333,,,,,,,,GLOBAL_BASELINE_NO_ENTITY_RANKING,,,NOT_APPLICABLE_GLOBAL_BASELINE,HF9g-P5,,,,X 全窗基线 · 不参与实体赏罚,8398781,840,A168_HF9F_20260827_0900,2026-08-27 09:00:00
2026-07-24,141205185,1318,0,46.4720006196,7.3580667648,7.3580667648,0.6153846,14,14,0.49899058571428571,0.498990585714,0.8393309946878182,0.8393309946898795,0.8393309946878182,2.8571E-13,ELIGIBLE,R03b_20260811_FULL_v1,L1_ELIGIBILITY,v2026-08-11,2026-03-21..2026-08-06,baccarat_bet02_101_all_pairs_incl_sentinel,round_win = game_pnl > 0 (decisive only),COMPATIBILITY_ONLY_NOT_PRODUCTION,23219.2981,20941.0295,483.4708,3644,3644,-0.02082194,-0.02082194,,-0.02082194,-483.4708,23219.2981,OK,0.0000,19.3388,4.0000,96.0000,AG03-UNRESOLVED,ALL5_LEVELS_bet23_to_bet27,19.3388,19.3388,19.3388,24.1735,24.1735,4.000000,4.000000,4.000000,5.000000,5.000000,96.000000,96.000000,96.000000,95.000000,95.000000,5.0,106.3636,97.4318,377.1072,386.039,PENDING_AG03,FALSE,NOT_FOR_ENFORCEMENT,464.1320,20103.3883,483.4708,464.1320,19.3388,0.02082194,0.01998906,19.3388,464.1320,0.01998906,19.3388,19.3388,19.3388,24.1735,24.1735,464.1320,0.01998906,106.3636,97.4318,377.1072,386.039,0.01624111,0.01662578,0.00083288,6.3719,5.7467,0.1327,24.1735,1.3696,1160.9649,182.2000,6.3719,,2.5818,5.1636,10.2741,10.3271,12.9089,15.4907,5.1636,0.0,2.5,3.0,1.234019,18,135,72,2,1.00000000,0.02082194,0.02082194,0E-8,0.000000,0.901880,0.010977,,2026-07-08,2026-08-06,20,353,182,30,0.666667,,1.000000,3.333333,,,,,,,,GLOBAL_BASELINE_NO_ENTITY_RANKING,,,NOT_APPLICABLE_GLOBAL_BASELINE,HF9g-P5,,,,X 全窗基线 · 不参与实体赏罚,8398782,840,A168_HF9F_20260827_0900,2026-08-27 09:00:00
2026-07-24,141205185,1363,0,154.9066687320,-7.8744223271,-7.8744223271,0.5000000,28,28,0.49803307142857143,0.498033071429,0.020058969544319287,0.020058969539948613,0.020058969544319287,-4.2857E-13,ELIGIBLE,R03b_20260811_FULL_v1,L1_ELIGIBILITY,v2026-08-11,2026-03-21..2026-08-06,baccarat_bet02_101_all_pairs_incl_sentinel,round_win = game_pnl > 0 (decisive only),COMPATIBILITY_ONLY_NOT_PRODUCTION,23219.2981,20941.0295,483.4708,3644,3644,-0.02082194,-0.02082194,,-0.02082194,-483.4708,23219.2981,OK,0.0000,19.3388,4.0000,96.0000,AG03-UNRESOLVED,ALL5_LEVELS_bet23_to_bet27,19.3388,19.3388,19.3388,24.1735,24.1735,4.000000,4.000000,4.000000,5.000000,5.000000,96.000000,96.000000,96.000000,95.000000,95.000000,5.0,106.3636,97.4318,377.1072,386.039,PENDING_AG03,FALSE,NOT_FOR_ENFORCEMENT,464.1320,20103.3883,483.4708,464.1320,19.3388,0.02082194,0.01998906,19.3388,464.1320,0.01998906,19.3388,19.3388,19.3388,24.1735,24.1735,464.1320,0.01998906,106.3636,97.4318,377.1072,386.039,0.01624111,0.01662578,0.00083288,6.3719,5.7467,0.1327,24.1735,1.3696,1160.9649,182.2000,6.3719,,2.5818,5.1636,10.2741,10.3271,12.9089,15.4907,5.1636,0.0,2.5,3.0,1.234019,18,135,72,2,1.00000000,0.02082194,0.02082194,0E-8,0.000000,0.901880,0.010977,,2026-07-08,2026-08-06,20,353,182,30,0.666667,,1.000000,3.333333,,,,,,,,GLOBAL_BASELINE_NO_ENTITY_RANKING,,,NOT_APPLICABLE_GLOBAL_BASELINE,HF9g-P5,,,,X 全窗基线 · 不参与实体赏罚,8398783,840,A168_HF9F_20260827_0900,2026-08-27 09:00:00
2026-07-24,141205185,1401,0,95.5257790514,1.4199777968,1.4199777968,0.5714286,23,23,0.50023951739130435,0.500239517391,0.6524585324174004,0.6524585324201897,0.6524585324174004,3.0435E-13,ELIGIBLE,R03b_20260811_FULL_v1,L1_ELIGIBILITY,v2026-08-11,2026-03-21..2026-08-06,baccarat_bet02_101_all_pairs_incl_sentinel,round_win = game_pnl > 0 (decisive only),COMPATIBILITY_ONLY_NOT_PRODUCTION,23219.2981,20941.0295,483.4708,3644,3644,-0.02082194,-0.02082194,,-0.02082194,-483.4708,23219.2981,OK,0.0000,19.3388,4.0000,96.0000,AG03-UNRESOLVED,ALL5_LEVELS_bet23_to_bet27,19.3388,19.3388,19.3388,24.1735,24.1735,4.000000,4.000000,4.000000,5.000000,5.000000,96.000000,96.000000,96.000000,95.000000,95.000000,5.0,106.3636,97.4318,377.1072,386.039,PENDING_AG03,FALSE,NOT_FOR_ENFORCEMENT,464.1320,20103.3883,483.4708,464.1320,19.3388,0.02082194,0.01998906,19.3388,464.1320,0.01998906,19.3388,19.3388,19.3388,24.1735,24.1735,464.1320,0.01998906,106.3636,97.4318,377.1072,386.039,0.01624111,0.01662578,0.00083288,6.3719,5.7467,0.1327,24.1735,1.3696,1160.9649,182.2000,6.3719,,2.5818,5.1636,10.2741,10.3271,12.9089,15.4907,5.1636,0.0,2.5,3.0,1.234019,18,135,72,2,1.00000000,0.02082194,0.02082194,0E-8,0.000000,0.901880,0.010977,,2026-07-08,2026-08-06,20,353,182,30,0.666667,,1.000000,3.333333,,,,,,,,GLOBAL_BASELINE_NO_ENTITY_RANKING,,,NOT_APPLICABLE_GLOBAL_BASELINE,HF9g-P5,,,,X 全窗基线 · 不参与实体赏罚,8398784,840,A168_HF9F_20260827_0900,2026-08-27 09:00:00
2026-07-24,141205185,1402,0,2.5817778122,-2.5817778122,-2.5817778122,0E-7,1,1,0.50665070000000000,0.506650700000,-1.013391052207602,-1.013391052207602,-1.013391052207602,0E-17,ELIGIBLE,R03b_20260811_FULL_v1,L1_ELIGIBILITY,v2026-08-11,2026-03-21..2026-08-06,baccarat_bet02_101_all_pairs_incl_sentinel,round_win = game_pnl > 0 (decisive only),COMPATIBILITY_ONLY_NOT_PRODUCTION,23219.2981,20941.0295,483.4708,3644,3644,-0.02082194,-0.02082194,,-0.02082194,-483.4708,23219.2981,OK,0.0000,19.3388,4.0000,96.0000,AG03-UNRESOLVED,ALL5_LEVELS_bet23_to_bet27,19.3388,19.3388,19.3388,24.1735,24.1735,4.000000,4.000000,4.000000,5.000000,5.000000,96.000000,96.000000,96.000000,95.000000,95.000000,5.0,106.3636,97.4318,377.1072,386.039,PENDING_AG03,FALSE,NOT_FOR_ENFORCEMENT,464.1320,20103.3883,483.4708,464.1320,19.3388,0.02082194,0.01998906,19.3388,464.1320,0.01998906,19.3388,19.3388,19.3388,24.1735,24.1735,464.1320,0.01998906,106.3636,97.4318,377.1072,386.039,0.01624111,0.01662578,0.00083288,6.3719,5.7467,0.1327,24.1735,1.3696,1160.9649,182.2000,6.3719,,2.5818,5.1636,10.2741,10.3271,12.9089,15.4907,5.1636,0.0,2.5,3.0,1.234019,18,135,72,2,1.00000000,0.02082194,0.02082194,0E-8,0.000000,0.901880,0.010977,,2026-07-08,2026-08-06,20,353,182,30,0.666667,,1.000000,3.333333,,,,,,,,GLOBAL_BASELINE_NO_ENTITY_RANKING,,,NOT_APPLICABLE_GLOBAL_BASELINE,HF9g-P5,,,,X 全窗基线 · 不参与实体赏罚,8398785,840,A168_HF9F_20260827_0900,2026-08-27 09:00:00
2026-07-24,141205185,1623,0,2.5817778122,2.4526889216,2.4526889216,1.0000000,1,1,0.50665070000000000,0.506650700000,0.9867858985152569,0.9867858985152569,0.9867858985152569,0E-17,ELIGIBLE,R03b_20260811_FULL_v1,L1_ELIGIBILITY,v2026-08-11,2026-03-21..2026-08-06,baccarat_bet02_101_all_pairs_incl_sentinel,round_win = game_pnl > 0 (decisive only),COMPATIBILITY_ONLY_NOT_PRODUCTION,23219.2981,20941.0295,483.4708,3644,3644,-0.02082194,-0.02082194,,-0.02082194,-483.4708,23219.2981,OK,0.0000,19.3388,4.0000,96.0000,AG03-UNRESOLVED,ALL5_LEVELS_bet23_to_bet27,19.3388,19.3388,19.3388,24.1735,24.1735,4.000000,4.000000,4.000000,5.000000,5.000000,96.000000,96.000000,96.000000,95.000000,95.000000,5.0,106.3636,97.4318,377.1072,386.039,PENDING_AG03,FALSE,NOT_FOR_ENFORCEMENT,464.1320,20103.3883,483.4708,464.1320,19.3388,0.02082194,0.01998906,19.3388,464.1320,0.01998906,19.3388,19.3388,19.3388,24.1735,24.1735,464.1320,0.01998906,106.3636,97.4318,377.1072,386.039,0.01624111,0.01662578,0.00083288,6.3719,5.7467,0.1327,24.1735,1.3696,1160.9649,182.2000,6.3719,,2.5818,5.1636,10.2741,10.3271,12.9089,15.4907,5.1636,0.0,2.5,3.0,1.234019,18,135,72,2,1.00000000,0.02082194,0.02082194,0E-8,0.000000,0.901880,0.010977,,2026-07-08,2026-08-06,20,353,182,30,0.666667,,1.000000,3.333333,,,,,,,,GLOBAL_BASELINE_NO_ENTITY_RANKING,,,NOT_APPLICABLE_GLOBAL_BASELINE,HF9g-P5,,,,X 全窗基线 · 不参与实体赏罚,8398786,840,A168_HF9F_20260827_0900,2026-08-27 09:00:00
2026-07-24,141205185,1710,0,28.3995559342,-10.4562001394,-10.4562001394,0.3333333,10,10,0.49994810000000000,0.499948100000,-0.9996886053855424,-0.9996886053855424,-0.9996886053855424,0E-17,ELIGIBLE,R03b_20260811_FULL_v1,L1_ELIGIBILITY,v2026-08-11,2026-03-21..2026-08-06,baccarat_bet02_101_all_pairs_incl_sentinel,round_win = game_pnl > 0 (decisive only),COMPATIBILITY_ONLY_NOT_PRODUCTION,23219.2981,20941.0295,483.4708,3644,3644,-0.02082194,-0.02082194,,-0.02082194,-483.4708,23219.2981,OK,0.0000,19.3388,4.0000,96.0000,AG03-UNRESOLVED,ALL5_LEVELS_bet23_to_bet27,19.3388,19.3388,19.3388,24.1735,24.1735,4.000000,4.000000,4.000000,5.000000,5.000000,96.000000,96.000000,96.000000,95.000000,95.000000,5.0,106.3636,97.4318,377.1072,386.039,PENDING_AG03,FALSE,NOT_FOR_ENFORCEMENT,464.1320,20103.3883,483.4708,464.1320,19.3388,0.02082194,0.01998906,19.3388,464.1320,0.01998906,19.3388,19.3388,19.3388,24.1735,24.1735,464.1320,0.01998906,106.3636,97.4318,377.1072,386.039,0.01624111,0.01662578,0.00083288,6.3719,5.7467,0.1327,24.1735,1.3696,1160.9649,182.2000,6.3719,,2.5818,5.1636,10.2741,10.3271,12.9089,15.4907,5.1636,0.0,2.5,3.0,1.234019,18,135,72,2,1.00000000,0.02082194,0.02082194,0E-8,0.000000,0.901880,0.010977,,2026-07-08,2026-08-06,20,353,182,30,0.666667,,1.000000,3.333333,,,,,,,,GLOBAL_BASELINE_NO_ENTITY_RANKING,,,NOT_APPLICABLE_GLOBAL_BASELINE,HF9g-P5,,,,X 全窗基线 · 不参与实体赏罚,8398787,840,A168_HF9F_20260827_0900,2026-08-27 09:00:00
2026-07-24,141205185,1934,0,103.2711124880,20.6542224976,20.6542224976,0.6250000,11,11,0.50177608181818182,0.501776081818,0.6970641429509408,0.6970641429519685,0.6970641429509408,1.8182E-13,ELIGIBLE,R03b_20260811_FULL_v1,L1_ELIGIBILITY,v2026-08-11,2026-03-21..2026-08-06,baccarat_bet02_101_all_pairs_incl_sentinel,round_win = game_pnl > 0 (decisive only),COMPATIBILITY_ONLY_NOT_PRODUCTION,23219.2981,20941.0295,483.4708,3644,3644,-0.02082194,-0.02082194,,-0.02082194,-483.4708,23219.2981,OK,0.0000,19.3388,4.0000,96.0000,AG03-UNRESOLVED,ALL5_LEVELS_bet23_to_bet27,19.3388,19.3388,19.3388,24.1735,24.1735,4.000000,4.000000,4.000000,5.000000,5.000000,96.000000,96.000000,96.000000,95.000000,95.000000,5.0,106.3636,97.4318,377.1072,386.039,PENDING_AG03,FALSE,NOT_FOR_ENFORCEMENT,464.1320,20103.3883,483.4708,464.1320,19.3388,0.02082194,0.01998906,19.3388,464.1320,0.01998906,19.3388,19.3388,19.3388,24.1735,24.1735,464.1320,0.01998906,106.3636,97.4318,377.1072,386.039,0.01624111,0.01662578,0.00083288,6.3719,5.7467,0.1327,24.1735,1.3696,1160.9649,182.2000,6.3719,,2.5818,5.1636,10.2741,10.3271,12.9089,15.4907,5.1636,0.0,2.5,3.0,1.234019,18,135,72,2,1.00000000,0.02082194,0.02082194,0E-8,0.000000,0.901880,0.010977,,2026-07-08,2026-08-06,20,353,182,30,0.666667,,1.000000,3.333333,,,,,,,,GLOBAL_BASELINE_NO_ENTITY_RANKING,,,NOT_APPLICABLE_GLOBAL_BASELINE,HF9g-P5,,,,X 全窗基线 · 不参与实体赏罚,8398788,840,A168_HF9F_20260827_0900,2026-08-27 09:00:00
2026-07-24,141205185,1994,0,21.9451114037,-9.1653112333,-9.1653112333,0.2500000,8,8,0.50162375000000000,0.501623750000,-1.4234063852847412,-1.4234063852847412,-1.4234063852847412,0E-17,ELIGIBLE,R03b_20260811_FULL_v1,L1_ELIGIBILITY,v2026-08-11,2026-03-21..2026-08-06,baccarat_bet02_101_all_pairs_incl_sentinel,round_win = game_pnl > 0 (decisive only),COMPATIBILITY_ONLY_NOT_PRODUCTION,23219.2981,20941.0295,483.4708,3644,3644,-0.02082194,-0.02082194,,-0.02082194,-483.4708,23219.2981,OK,0.0000,19.3388,4.0000,96.0000,AG03-UNRESOLVED,ALL5_LEVELS_bet23_to_bet27,19.3388,19.3388,19.3388,24.1735,24.1735,4.000000,4.000000,4.000000,5.000000,5.000000,96.000000,96.000000,96.000000,95.000000,95.000000,5.0,106.3636,97.4318,377.1072,386.039,PENDING_AG03,FALSE,NOT_FOR_ENFORCEMENT,464.1320,20103.3883,483.4708,464.1320,19.3388,0.02082194,0.01998906,19.3388,464.1320,0.01998906,19.3388,19.3388,19.3388,24.1735,24.1735,464.1320,0.01998906,106.3636,97.4318,377.1072,386.039,0.01624111,0.01662578,0.00083288,6.3719,5.7467,0.1327,24.1735,1.3696,1160.9649,182.2000,6.3719,,2.5818,5.1636,10.2741,10.3271,12.9089,15.4907,5.1636,0.0,2.5,3.0,1.234019,18,135,72,2,1.00000000,0.02082194,0.02082194,0E-8,0.000000,0.901880,0.010977,,2026-07-08,2026-08-06,20,353,182,30,0.666667,,1.000000,3.333333,,,,,,,,GLOBAL_BASELINE_NO_ENTITY_RANKING,,,NOT_APPLICABLE_GLOBAL_BASELINE,HF9g-P5,,,,X 全窗基线 · 不参与实体赏罚,8398789,840,A168_HF9F_20260827_0900,2026-08-27 09:00:00
2026-07-24,141205185,2093,0,59.3808896806,4.2599333902,4.2599333902,0.4666667,16,16,0.49994810000000000,0.499948100000,-0.25779687546463326,-0.25779687546463326,-0.25779687546463326,0E-17,ELIGIBLE,R03b_20260811_FULL_v1,L1_ELIGIBILITY,v2026-08-11,2026-03-21..2026-08-06,baccarat_bet02_101_all_pairs_incl_sentinel,round_win = game_pnl > 0 (decisive only),COMPATIBILITY_ONLY_NOT_PRODUCTION,23219.2981,20941.0295,483.4708,3644,3644,-0.02082194,-0.02082194,,-0.02082194,-483.4708,23219.2981,OK,0.0000,19.3388,4.0000,96.0000,AG03-UNRESOLVED,ALL5_LEVELS_bet23_to_bet27,19.3388,19.3388,19.3388,24.1735,24.1735,4.000000,4.000000,4.000000,5.000000,5.000000,96.000000,96.000000,96.000000,95.000000,95.000000,5.0,106.3636,97.4318,377.1072,386.039,PENDING_AG03,FALSE,NOT_FOR_ENFORCEMENT,464.1320,20103.3883,483.4708,464.1320,19.3388,0.02082194,0.01998906,19.3388,464.1320,0.01998906,19.3388,19.3388,19.3388,24.1735,24.1735,464.1320,0.01998906,106.3636,97.4318,377.1072,386.039,0.01624111,0.01662578,0.00083288,6.3719,5.7467,0.1327,24.1735,1.3696,1160.9649,182.2000,6.3719,,2.5818,5.1636,10.2741,10.3271,12.9089,15.4907,5.1636,0.0,2.5,3.0,1.234019,18,135,72,2,1.00000000,0.02082194,0.02082194,0E-8,0.000000,0.901880,0.010977,,2026-07-08,2026-08-06,20,353,182,30,0.666667,,1.000000,3.333333,,,,,,,,GLOBAL_BASELINE_NO_ENTITY_RANKING,,,NOT_APPLICABLE_GLOBAL_BASELINE,HF9g-P5,,,,X 全窗基线 · 不参与实体赏罚,8398790,840,A168_HF9F_20260827_0900,2026-08-27 09:00:00
2026-07-24,141205185,2101,0,92.9440012392,-10.9725557018,-10.9725557018,0.4375000,21,21,0.49962892857142857,0.499628928571,-0.4970315654479812,-0.49703156544455296,-0.4970315654479812,4.2857E-13,ELIGIBLE,R03b_20260811_FULL_v1,L1_ELIGIBILITY,v2026-08-11,2026-03-21..2026-08-06,baccarat_bet02_101_all_pairs_incl_sentinel,round_win = game_pnl > 0 (decisive only),COMPATIBILITY_ONLY_NOT_PRODUCTION,23219.2981,20941.0295,483.4708,3644,3644,-0.02082194,-0.02082194,,-0.02082194,-483.4708,23219.2981,OK,0.0000,19.3388,4.0000,96.0000,AG03-UNRESOLVED,ALL5_LEVELS_bet23_to_bet27,19.3388,19.3388,19.3388,24.1735,24.1735,4.000000,4.000000,4.000000,5.000000,5.000000,96.000000,96.000000,96.000000,95.000000,95.000000,5.0,106.3636,97.4318,377.1072,386.039,PENDING_AG03,FALSE,NOT_FOR_ENFORCEMENT,464.1320,20103.3883,483.4708,464.1320,19.3388,0.02082194,0.01998906,19.3388,464.1320,0.01998906,19.3388,19.3388,19.3388,24.1735,24.1735,464.1320,0.01998906,106.3636,97.4318,377.1072,386.039,0.01624111,0.01662578,0.00083288,6.3719,5.7467,0.1327,24.1735,1.3696,1160.9649,182.2000,6.3719,,2.5818,5.1636,10.2741,10.3271,12.9089,15.4907,5.1636,0.0,2.5,3.0,1.234019,18,135,72,2,1.00000000,0.02082194,0.02082194,0E-8,0.000000,0.901880,0.010977,,2026-07-08,2026-08-06,20,353,182,30,0.666667,,1.000000,3.333333,,,,,,,,GLOBAL_BASELINE_NO_ENTITY_RANKING,,,NOT_APPLICABLE_GLOBAL_BASELINE,HF9g-P5,,,,X 全窗基线 · 不参与实体赏罚,8398791,840,A168_HF9F_20260827_0900,2026-08-27 09:00:00
2026-07-24,141205185,2103,0,95.5257790514,-13.9416001858,-13.9416001858,0.5500000,20,20,0.49927784000000000,0.499277840000,0.45367326409761394,0.45367326409761394,0.45367326409761394,0E-17,ELIGIBLE,R03b_20260811_FULL_v1,L1_ELIGIBILITY,v2026-08-11,2026-03-21..2026-08-06,baccarat_bet02_101_all_pairs_incl_sentinel,round_win = game_pnl > 0 (decisive only),COMPATIBILITY_ONLY_NOT_PRODUCTION,23219.2981,20941.0295,483.4708,3644,3644,-0.02082194,-0.02082194,,-0.02082194,-483.4708,23219.2981,OK,0.0000,19.3388,4.0000,96.0000,AG03-UNRESOLVED,ALL5_LEVELS_bet23_to_bet27,19.3388,19.3388,19.3388,24.1735,24.1735,4.000000,4.000000,4.000000,5.000000,5.000000,96.000000,96.000000,96.000000,95.000000,95.000000,5.0,106.3636,97.4318,377.1072,386.039,PENDING_AG03,FALSE,NOT_FOR_ENFORCEMENT,464.1320,20103.3883,483.4708,464.1320,19.3388,0.02082194,0.01998906,19.3388,464.1320,0.01998906,19.3388,19.3388,19.3388,24.1735,24.1735,464.1320,0.01998906,106.3636,97.4318,377.1072,386.039,0.01624111,0.01662578,0.00083288,6.3719,5.7467,0.1327,24.1735,1.3696,1160.9649,182.2000,6.3719,,2.5818,5.1636,10.2741,10.3271,12.9089,15.4907,5.1636,0.0,2.5,3.0,1.234019,18,135,72,2,1.00000000,0.02082194,0.02082194,0E-8,0.000000,0.901880,0.010977,,2026-07-08,2026-08-06,20,353,182,30,0.666667,,1.000000,3.333333,,,,,,,,GLOBAL_BASELINE_NO_ENTITY_RANKING,,,NOT_APPLICABLE_GLOBAL_BASELINE,HF9g-P5,,,,X 全窗基线 · 不参与实体赏罚,8398792,840,A168_HF9F_20260827_0900,2026-08-27 09:00:00
2026-07-24,141205185,2123,0,46.4720006196,-3.3563111558,-3.3563111558,0.5384615,14,14,0.49994810000000000,0.499948100000,0.27772435583116994,0.27772435583116994,0.27772435583116994,0E-17,ELIGIBLE,R03b_20260811_FULL_v1,L1_ELIGIBILITY,v2026-08-11,2026-03-21..2026-08-06,baccarat_bet02_101_all_pairs_incl_sentinel,round_win = game_pnl > 0 (decisive only),COMPATIBILITY_ONLY_NOT_PRODUCTION,23219.2981,20941.0295,483.4708,3644,3644,-0.02082194,-0.02082194,,-0.02082194,-483.4708,23219.2981,OK,0.0000,19.3388,4.0000,96.0000,AG03-UNRESOLVED,ALL5_LEVELS_bet23_to_bet27,19.3388,19.3388,19.3388,24.1735,24.1735,4.000000,4.000000,4.000000,5.000000,5.000000,96.000000,96.000000,96.000000,95.000000,95.000000,5.0,106.3636,97.4318,377.1072,386.039,PENDING_AG03,FALSE,NOT_FOR_ENFORCEMENT,464.1320,20103.3883,483.4708,464.1320,19.3388,0.02082194,0.01998906,19.3388,464.1320,0.01998906,19.3388,19.3388,19.3388,24.1735,24.1735,464.1320,0.01998906,106.3636,97.4318,377.1072,386.039,0.01624111,0.01662578,0.00083288,6.3719,5.7467,0.1327,24.1735,1.3696,1160.9649,182.2000,6.3719,,2.5818,5.1636,10.2741,10.3271,12.9089,15.4907,5.1636,0.0,2.5,3.0,1.234019,18,135,72,2,1.00000000,0.02082194,0.02082194,0E-8,0.000000,0.901880,0.010977,,2026-07-08,2026-08-06,20,353,182,30,0.666667,,1.000000,3.333333,,,,,,,,GLOBAL_BASELINE_NO_ENTITY_RANKING,,,NOT_APPLICABLE_GLOBAL_BASELINE,HF9g-P5,,,,X 全窗基线 · 不参与实体赏罚,8398793,840,A168_HF9F_20260827_0900,2026-08-27 09:00:00
2026-07-24,141205185,2127,0,227.1964474736,-5.6799111866,-5.6799111866,0.5217391,27,27,0.50168581111111111,0.501685811111,0.1923457751998001,0.19234577520086568,0.1923457751998001,1.1111E-13,ELIGIBLE,R03b_20260811_FULL_v1,L1_ELIGIBILITY,v2026-08-11,2026-03-21..2026-08-06,baccarat_bet02_101_all_pairs_incl_sentinel,round_win = game_pnl > 0 (decisive only),COMPATIBILITY_ONLY_NOT_PRODUCTION,23219.2981,20941.0295,483.4708,3644,3644,-0.02082194,-0.02082194,,-0.02082194,-483.4708,23219.2981,OK,0.0000,19.3388,4.0000,96.0000,AG03-UNRESOLVED,ALL5_LEVELS_bet23_to_bet27,19.3388,19.3388,19.3388,24.1735,24.1735,4.000000,4.000000,4.000000,5.000000,5.000000,96.000000,96.000000,96.000000,95.000000,95.000000,5.0,106.3636,97.4318,377.1072,386.039,PENDING_AG03,FALSE,NOT_FOR_ENFORCEMENT,464.1320,20103.3883,483.4708,464.1320,19.3388,0.02082194,0.01998906,19.3388,464.1320,0.01998906,19.3388,19.3388,19.3388,24.1735,24.1735,464.1320,0.01998906,106.3636,97.4318,377.1072,386.039,0.01624111,0.01662578,0.00083288,6.3719,5.7467,0.1327,24.1735,1.3696,1160.9649,182.2000,6.3719,,2.5818,5.1636,10.2741,10.3271,12.9089,15.4907,5.1636,0.0,2.5,3.0,1.234019,18,135,72,2,1.00000000,0.02082194,0.02082194,0E-8,0.000000,0.901880,0.010977,,2026-07-08,2026-08-06,20,353,182,30,0.666667,,1.000000,3.333333,,,,,,,,GLOBAL_BASELINE_NO_ENTITY_RANKING,,,NOT_APPLICABLE_GLOBAL_BASELINE,HF9g-P5,,,,X 全窗基线 · 不参与实体赏罚,8398794,840,A168_HF9F_20260827_0900,2026-08-27 09:00:00
2026-07-24,141205185,2130,0,23.2360003098,-15.4906668732,-15.4906668732,0.1428571,8,8,0.49994810000000000,0.499948100000,-1.889547746239457,-1.889547746239457,-1.889547746239457,0E-17,ELIGIBLE,R03b_20260811_FULL_v1,L1_ELIGIBILITY,v2026-08-11,2026-03-21..2026-08-06,baccarat_bet02_101_all_pairs_incl_sentinel,round_win = game_pnl > 0 (decisive only),COMPATIBILITY_ONLY_NOT_PRODUCTION,23219.2981,20941.0295,483.4708,3644,3644,-0.02082194,-0.02082194,,-0.02082194,-483.4708,23219.2981,OK,0.0000,19.3388,4.0000,96.0000,AG03-UNRESOLVED,ALL5_LEVELS_bet23_to_bet27,19.3388,19.3388,19.3388,24.1735,24.1735,4.000000,4.000000,4.000000,5.000000,5.000000,96.000000,96.000000,96.000000,95.000000,95.000000,5.0,106.3636,97.4318,377.1072,386.039,PENDING_AG03,FALSE,NOT_FOR_ENFORCEMENT,464.1320,20103.3883,483.4708,464.1320,19.3388,0.02082194,0.01998906,19.3388,464.1320,0.01998906,19.3388,19.3388,19.3388,24.1735,24.1735,464.1320,0.01998906,106.3636,97.4318,377.1072,386.039,0.01624111,0.01662578,0.00083288,6.3719,5.7467,0.1327,24.1735,1.3696,1160.9649,182.2000,6.3719,,2.5818,5.1636,10.2741,10.3271,12.9089,15.4907,5.1636,0.0,2.5,3.0,1.234019,18,135,72,2,1.00000000,0.02082194,0.02082194,0E-8,0.000000,0.901880,0.010977,,2026-07-08,2026-08-06,20,353,182,30,0.666667,,1.000000,3.333333,,,,,,,,GLOBAL_BASELINE_NO_ENTITY_RANKING,,,NOT_APPLICABLE_GLOBAL_BASELINE,HF9g-P5,,,,X 全窗基线 · 不参与实体赏罚,8398795,840,A168_HF9F_20260827_0900,2026-08-27 09:00:00
2026-07-24,141205185,2141,0,33.5631115586,-0.3872666718,-0.3872666718,0.5000000,9,9,0.50069283333333333,0.500692833333,-0.003919260948490246,-0.003919260946604642,-0.003919260948490246,3.3333E-13,ELIGIBLE,R03b_20260811_FULL_v1,L1_ELIGIBILITY,v2026-08-11,2026-03-21..2026-08-06,baccarat_bet02_101_all_pairs_incl_sentinel,round_win = game_pnl > 0 (decisive only),COMPATIBILITY_ONLY_NOT_PRODUCTION,23219.2981,20941.0295,483.4708,3644,3644,-0.02082194,-0.02082194,,-0.02082194,-483.4708,23219.2981,OK,0.0000,19.3388,4.0000,96.0000,AG03-UNRESOLVED,ALL5_LEVELS_bet23_to_bet27,19.3388,19.3388,19.3388,24.1735,24.1735,4.000000,4.000000,4.000000,5.000000,5.000000,96.000000,96.000000,96.000000,95.000000,95.000000,5.0,106.3636,97.4318,377.1072,386.039,PENDING_AG03,FALSE,NOT_FOR_ENFORCEMENT,464.1320,20103.3883,483.4708,464.1320,19.3388,0.02082194,0.01998906,19.3388,464.1320,0.01998906,19.3388,19.3388,19.3388,24.1735,24.1735,464.1320,0.01998906,106.3636,97.4318,377.1072,386.039,0.01624111,0.01662578,0.00083288,6.3719,5.7467,0.1327,24.1735,1.3696,1160.9649,182.2000,6.3719,,2.5818,5.1636,10.2741,10.3271,12.9089,15.4907,5.1636,0.0,2.5,3.0,1.234019,18,135,72,2,1.00000000,0.02082194,0.02082194,0E-8,0.000000,0.901880,0.010977,,2026-07-08,2026-08-06,20,353,182,30,0.666667,,1.000000,3.333333,,,,,,,,GLOBAL_BASELINE_NO_ENTITY_RANKING,,,NOT_APPLICABLE_GLOBAL_BASELINE,HF9g-P5,,,,X 全窗基线 · 不参与实体赏罚,8398796,840,A168_HF9F_20260827_0900,2026-08-27 09:00:00
2026-07-24,141205185,2142,0,12.9088890610,2.1945111404,2.1945111404,0.6000000,5,5,0.50665070000000000,0.506650700000,0.4175076967804994,0.4175076967804994,0.4175076967804994,0E-17,ELIGIBLE,R03b_20260811_FULL_v1,L1_ELIGIBILITY,v2026-08-11,2026-03-21..2026-08-06,baccarat_bet02_101_all_pairs_incl_sentinel,round_win = game_pnl > 0 (decisive only),COMPATIBILITY_ONLY_NOT_PRODUCTION,23219.2981,20941.0295,483.4708,3644,3644,-0.02082194,-0.02082194,,-0.02082194,-483.4708,23219.2981,OK,0.0000,19.3388,4.0000,96.0000,AG03-UNRESOLVED,ALL5_LEVELS_bet23_to_bet27,19.3388,19.3388,19.3388,24.1735,24.1735,4.000000,4.000000,4.000000,5.000000,5.000000,96.000000,96.000000,96.000000,95.000000,95.000000,5.0,106.3636,97.4318,377.1072,386.039,PENDING_AG03,FALSE,NOT_FOR_ENFORCEMENT,464.1320,20103.3883,483.4708,464.1320,19.3388,0.02082194,0.01998906,19.3388,464.1320,0.01998906,19.3388,19.3388,19.3388,24.1735,24.1735,464.1320,0.01998906,106.3636,97.4318,377.1072,386.039,0.01624111,0.01662578,0.00083288,6.3719,5.7467,0.1327,24.1735,1.3696,1160.9649,182.2000,6.3719,,2.5818,5.1636,10.2741,10.3271,12.9089,15.4907,5.1636,0.0,2.5,3.0,1.234019,18,135,72,2,1.00000000,0.02082194,0.02082194,0E-8,0.000000,0.901880,0.010977,,2026-07-08,2026-08-06,20,353,182,30,0.666667,,1.000000,3.333333,,,,,,,,GLOBAL_BASELINE_NO_ENTITY_RANKING,,,NOT_APPLICABLE_GLOBAL_BASELINE,HF9g-P5,,,,X 全窗基线 · 不参与实体赏罚,8398797,840,A168_HF9F_20260827_0900,2026-08-27 09:00:00
2026-07-24,141205185,2153,0,5.1635556244,-2.5817778122,-2.5817778122,0E-7,2,2,0.49994810000000000,0.499948100000,-0.9998962053866608,-0.9998962053866608,-0.9998962053866608,0E-17,ELIGIBLE,R03b_20260811_FULL_v1,L1_ELIGIBILITY,v2026-08-11,2026-03-21..2026-08-06,baccarat_bet02_101_all_pairs_incl_sentinel,round_win = game_pnl > 0 (decisive only),COMPATIBILITY_ONLY_NOT_PRODUCTION,23219.2981,20941.0295,483.4708,3644,3644,-0.02082194,-0.02082194,,-0.02082194,-483.4708,23219.2981,OK,0.0000,19.3388,4.0000,96.0000,AG03-UNRESOLVED,ALL5_LEVELS_bet23_to_bet27,19.3388,19.3388,19.3388,24.1735,24.1735,4.000000,4.000000,4.000000,5.000000,5.000000,96.000000,96.000000,96.000000,95.000000,95.000000,5.0,106.3636,97.4318,377.1072,386.039,PENDING_AG03,FALSE,NOT_FOR_ENFORCEMENT,464.1320,20103.3883,483.4708,464.1320,19.3388,0.02082194,0.01998906,19.3388,464.1320,0.01998906,19.3388,19.3388,19.3388,24.1735,24.1735,464.1320,0.01998906,106.3636,97.4318,377.1072,386.039,0.01624111,0.01662578,0.00083288,6.3719,5.7467,0.1327,24.1735,1.3696,1160.9649,182.2000,6.3719,,2.5818,5.1636,10.2741,10.3271,12.9089,15.4907,5.1636,0.0,2.5,3.0,1.234019,18,135,72,2,1.00000000,0.02082194,0.02082194,0E-8,0.000000,0.901880,0.010977,,2026-07-08,2026-08-06,20,353,182,30,0.666667,,1.000000,3.333333,,,,,,,,GLOBAL_BASELINE_NO_ENTITY_RANKING,,,NOT_APPLICABLE_GLOBAL_BASELINE,HF9g-P5,,,,X 全窗基线 · 不参与实体赏罚,8398798,840,A168_HF9F_20260827_0900,2026-08-27 09:00:00
2026-07-24,141205185,2160,0,7.7453334366,-7.7453334366,-7.7453334366,0E-7,3,3,0.49771390000000000,0.497713900000,-1.724149546644903,-1.724149546644903,-1.724149546644903,0E-17,ELIGIBLE,R03b_20260811_FULL_v1,L1_ELIGIBILITY,v2026-08-11,2026-03-21..2026-08-06,baccarat_bet02_101_all_pairs_incl_sentinel,round_win = game_pnl > 0 (decisive only),COMPATIBILITY_ONLY_NOT_PRODUCTION,23219.2981,20941.0295,483.4708,3644,3644,-0.02082194,-0.02082194,,-0.02082194,-483.4708,23219.2981,OK,0.0000,19.3388,4.0000,96.0000,AG03-UNRESOLVED,ALL5_LEVELS_bet23_to_bet27,19.3388,19.3388,19.3388,24.1735,24.1735,4.000000,4.000000,4.000000,5.000000,5.000000,96.000000,96.000000,96.000000,95.000000,95.000000,5.0,106.3636,97.4318,377.1072,386.039,PENDING_AG03,FALSE,NOT_FOR_ENFORCEMENT,464.1320,20103.3883,483.4708,464.1320,19.3388,0.02082194,0.01998906,19.3388,464.1320,0.01998906,19.3388,19.3388,19.3388,24.1735,24.1735,464.1320,0.01998906,106.3636,97.4318,377.1072,386.039,0.01624111,0.01662578,0.00083288,6.3719,5.7467,0.1327,24.1735,1.3696,1160.9649,182.2000,6.3719,,2.5818,5.1636,10.2741,10.3271,12.9089,15.4907,5.1636,0.0,2.5,3.0,1.234019,18,135,72,2,1.00000000,0.02082194,0.02082194,0E-8,0.000000,0.901880,0.010977,,2026-07-08,2026-08-06,20,353,182,30,0.666667,,1.000000,3.333333,,,,,,,,GLOBAL_BASELINE_NO_ENTITY_RANKING,,,NOT_APPLICABLE_GLOBAL_BASELINE,HF9g-P5,,,,X 全窗基线 · 不参与实体赏罚,8398799,840,A168_HF9F_20260827_0900,2026-08-27 09:00:00
2026-07-24,141205185,2170,0,49.0537784318,17.2979113418,17.2979113418,0.6875000,16,16,0.49911027500000000,0.499110275000,1.507120186106445,1.507120186106445,1.507120186106445,0E-17,ELIGIBLE,R03b_20260811_FULL_v1,L1_ELIGIBILITY,v2026-08-11,2026-03-21..2026-08-06,baccarat_bet02_101_all_pairs_incl_sentinel,round_win = game_pnl > 0 (decisive only),COMPATIBILITY_ONLY_NOT_PRODUCTION,23219.2981,20941.0295,483.4708,3644,3644,-0.02082194,-0.02082194,,-0.02082194,-483.4708,23219.2981,OK,0.0000,19.3388,4.0000,96.0000,AG03-UNRESOLVED,ALL5_LEVELS_bet23_to_bet27,19.3388,19.3388,19.3388,24.1735,24.1735,4.000000,4.000000,4.000000,5.000000,5.000000,96.000000,96.000000,96.000000,95.000000,95.000000,5.0,106.3636,97.4318,377.1072,386.039,PENDING_AG03,FALSE,NOT_FOR_ENFORCEMENT,464.1320,20103.3883,483.4708,464.1320,19.3388,0.02082194,0.01998906,19.3388,464.1320,0.01998906,19.3388,19.3388,19.3388,24.1735,24.1735,464.1320,0.01998906,106.3636,97.4318,377.1072,386.039,0.01624111,0.01662578,0.00083288,6.3719,5.7467,0.1327,24.1735,1.3696,1160.9649,182.2000,6.3719,,2.5818,5.1636,10.2741,10.3271,12.9089,15.4907,5.1636,0.0,2.5,3.0,1.234019,18,135,72,2,1.00000000,0.02082194,0.02082194,0E-8,0.000000,0.901880,0.010977,,2026-07-08,2026-08-06,20,353,182,30,0.666667,,1.000000,3.333333,,,,,,,,GLOBAL_BASELINE_NO_ENTITY_RANKING,,,NOT_APPLICABLE_GLOBAL_BASELINE,HF9g-P5,,,,X 全窗基线 · 不参与实体赏罚,8398800,840,A168_HF9F_20260827_0900,2026-08-27 09:00:00
2026-07-24,141205185,2174,0,41.3084449952,-13.2961557328,-13.2961557328,0.3076923,14,14,0.49994810000000000,0.499948100000,-1.3863762418093935,-1.3863762418093935,-1.3863762418093935,0E-17,ELIGIBLE,R03b_20260811_FULL_v1,L1_ELIGIBILITY,v2026-08-11,2026-03-21..2026-08-06,baccarat_bet02_101_all_pairs_incl_sentinel,round_win = game_pnl > 0 (decisive only),COMPATIBILITY_ONLY_NOT_PRODUCTION,23219.2981,20941.0295,483.4708,3644,3644,-0.02082194,-0.02082194,,-0.02082194,-483.4708,23219.2981,OK,0.0000,19.3388,4.0000,96.0000,AG03-UNRESOLVED,ALL5_LEVELS_bet23_to_bet27,19.3388,19.3388,19.3388,24.1735,24.1735,4.000000,4.000000,4.000000,5.000000,5.000000,96.000000,96.000000,96.000000,95.000000,95.000000,5.0,106.3636,97.4318,377.1072,386.039,PENDING_AG03,FALSE,NOT_FOR_ENFORCEMENT,464.1320,20103.3883,483.4708,464.1320,19.3388,0.02082194,0.01998906,19.3388,464.1320,0.01998906,19.3388,19.3388,19.3388,24.1735,24.1735,464.1320,0.01998906,106.3636,97.4318,377.1072,386.039,0.01624111,0.01662578,0.00083288,6.3719,5.7467,0.1327,24.1735,1.3696,1160.9649,182.2000,6.3719,,2.5818,5.1636,10.2741,10.3271,12.9089,15.4907,5.1636,0.0,2.5,3.0,1.234019,18,135,72,2,1.00000000,0.02082194,0.02082194,0E-8,0.000000,0.901880,0.010977,,2026-07-08,2026-08-06,20,353,182,30,0.666667,,1.000000,3.333333,,,,,,,,GLOBAL_BASELINE_NO_ENTITY_RANKING,,,NOT_APPLICABLE_GLOBAL_BASELINE,HF9g-P5,,,,X 全窗基线 · 不参与实体赏罚,8398801,840,A168_HF9F_20260827_0900,2026-08-27 09:00:00
2026-07-24,141205185,2177,0,59.3808896806,-3.2272222652,-3.2272222652,0.5454545,12,12,0.49994810000000000,0.499948100000,0.30185561185716514,0.30185561185716514,0.30185561185716514,0E-17,ELIGIBLE,R03b_20260811_FULL_v1,L1_ELIGIBILITY,v2026-08-11,2026-03-21..2026-08-06,baccarat_bet02_101_all_pairs_incl_sentinel,round_win = game_pnl > 0 (decisive only),COMPATIBILITY_ONLY_NOT_PRODUCTION,23219.2981,20941.0295,483.4708,3644,3644,-0.02082194,-0.02082194,,-0.02082194,-483.4708,23219.2981,OK,0.0000,19.3388,4.0000,96.0000,AG03-UNRESOLVED,ALL5_LEVELS_bet23_to_bet27,19.3388,19.3388,19.3388,24.1735,24.1735,4.000000,4.000000,4.000000,5.000000,5.000000,96.000000,96.000000,96.000000,95.000000,95.000000,5.0,106.3636,97.4318,377.1072,386.039,PENDING_AG03,FALSE,NOT_FOR_ENFORCEMENT,464.1320,20103.3883,483.4708,464.1320,19.3388,0.02082194,0.01998906,19.3388,464.1320,0.01998906,19.3388,19.3388,19.3388,24.1735,24.1735,464.1320,0.01998906,106.3636,97.4318,377.1072,386.039,0.01624111,0.01662578,0.00083288,6.3719,5.7467,0.1327,24.1735,1.3696,1160.9649,182.2000,6.3719,,2.5818,5.1636,10.2741,10.3271,12.9089,15.4907,5.1636,0.0,2.5,3.0,1.234019,18,135,72,2,1.00000000,0.02082194,0.02082194,0E-8,0.000000,0.901880,0.010977,,2026-07-08,2026-08-06,20,353,182,30,0.666667,,1.000000,3.333333,,,,,,,,GLOBAL_BASELINE_NO_ENTITY_RANKING,,,NOT_APPLICABLE_GLOBAL_BASELINE,HF9g-P5,,,,X 全窗基线 · 不参与实体赏罚,8398802,840,A168_HF9F_20260827_0900,2026-08-27 09:00:00
2026-07-24,141205185,2178,0,136.8342240466,5.1635556246,5.1635556246,0.5000000,16,16,0.50162375000000000,0.501623750000,-0.011249729316580321,-0.011249729316580321,-0.011249729316580321,0E-17,ELIGIBLE,R03b_20260811_FULL_v1,L1_ELIGIBILITY,v2026-08-11,2026-03-21..2026-08-06,baccarat_bet02_101_all_pairs_incl_sentinel,round_win = game_pnl > 0 (decisive only),COMPATIBILITY_ONLY_NOT_PRODUCTION,23219.2981,20941.0295,483.4708,3644,3644,-0.02082194,-0.02082194,,-0.02082194,-483.4708,23219.2981,OK,0.0000,19.3388,4.0000,96.0000,AG03-UNRESOLVED,ALL5_LEVELS_bet23_to_bet27,19.3388,19.3388,19.3388,24.1735,24.1735,4.000000,4.000000,4.000000,5.000000,5.000000,96.000000,96.000000,96.000000,95.000000,95.000000,5.0,106.3636,97.4318,377.1072,386.039,PENDING_AG03,FALSE,NOT_FOR_ENFORCEMENT,464.1320,20103.3883,483.4708,464.1320,19.3388,0.02082194,0.01998906,19.3388,464.1320,0.01998906,19.3388,19.3388,19.3388,24.1735,24.1735,464.1320,0.01998906,106.3636,97.4318,377.1072,386.039,0.01624111,0.01662578,0.00083288,6.3719,5.7467,0.1327,24.1735,1.3696,1160.9649,182.2000,6.3719,,2.5818,5.1636,10.2741,10.3271,12.9089,15.4907,5.1636,0.0,2.5,3.0,1.234019,18,135,72,2,1.00000000,0.02082194,0.02082194,0E-8,0.000000,0.901880,0.010977,,2026-07-08,2026-08-06,20,353,182,30,0.666667,,1.000000,3.333333,,,,,,,,GLOBAL_BASELINE_NO_ENTITY_RANKING,,,NOT_APPLICABLE_GLOBAL_BASELINE,HF9g-P5,,,,X 全窗基线 · 不参与实体赏罚,8398803,840,A168_HF9F_20260827_0900,2026-08-27 09:00:00
2026-07-24,141205185,2188,0,5.1635556244,0E-10,0E-10,0.5000000,2,2,0.49324550000000000,0.493245500000,0.01910635448239258,0.01910635448239258,0.01910635448239258,0E-17,ELIGIBLE,R03b_20260811_FULL_v1,L1_ELIGIBILITY,v2026-08-11,2026-03-21..2026-08-06,baccarat_bet02_101_all_pairs_incl_sentinel,round_win = game_pnl > 0 (decisive only),COMPATIBILITY_ONLY_NOT_PRODUCTION,23219.2981,20941.0295,483.4708,3644,3644,-0.02082194,-0.02082194,,-0.02082194,-483.4708,23219.2981,OK,0.0000,19.3388,4.0000,96.0000,AG03-UNRESOLVED,ALL5_LEVELS_bet23_to_bet27,19.3388,19.3388,19.3388,24.1735,24.1735,4.000000,4.000000,4.000000,5.000000,5.000000,96.000000,96.000000,96.000000,95.000000,95.000000,5.0,106.3636,97.4318,377.1072,386.039,PENDING_AG03,FALSE,NOT_FOR_ENFORCEMENT,464.1320,20103.3883,483.4708,464.1320,19.3388,0.02082194,0.01998906,19.3388,464.1320,0.01998906,19.3388,19.3388,19.3388,24.1735,24.1735,464.1320,0.01998906,106.3636,97.4318,377.1072,386.039,0.01624111,0.01662578,0.00083288,6.3719,5.7467,0.1327,24.1735,1.3696,1160.9649,182.2000,6.3719,,2.5818,5.1636,10.2741,10.3271,12.9089,15.4907,5.1636,0.0,2.5,3.0,1.234019,18,135,72,2,1.00000000,0.02082194,0.02082194,0E-8,0.000000,0.901880,0.010977,,2026-07-08,2026-08-06,20,353,182,30,0.666667,,1.000000,3.333333,,,,,,,,GLOBAL_BASELINE_NO_ENTITY_RANKING,,,NOT_APPLICABLE_GLOBAL_BASELINE,HF9g-P5,,,,X 全窗基线 · 不参与实体赏罚,8398804,840,A168_HF9F_20260827_0900,2026-08-27 09:00:00
2026-07-24,141205185,2216,0,18.0724446854,-2.5817778122,-2.5817778122,0.5000000,4,4,0.49994810000000000,0.499948100000,0.00020760000111838688,0.00020760000111838688,0.00020760000111838688,0E-17,ELIGIBLE,R03b_20260811_FULL_v1,L1_ELIGIBILITY,v2026-08-11,2026-03-21..2026-08-06,baccarat_bet02_101_all_pairs_incl_sentinel,round_win = game_pnl > 0 (decisive only),COMPATIBILITY_ONLY_NOT_PRODUCTION,23219.2981,20941.0295,483.4708,3644,3644,-0.02082194,-0.02082194,,-0.02082194,-483.4708,23219.2981,OK,0.0000,19.3388,4.0000,96.0000,AG03-UNRESOLVED,ALL5_LEVELS_bet23_to_bet27,19.3388,19.3388,19.3388,24.1735,24.1735,4.000000,4.000000,4.000000,5.000000,5.000000,96.000000,96.000000,96.000000,95.000000,95.000000,5.0,106.3636,97.4318,377.1072,386.039,PENDING_AG03,FALSE,NOT_FOR_ENFORCEMENT,464.1320,20103.3883,483.4708,464.1320,19.3388,0.02082194,0.01998906,19.3388,464.1320,0.01998906,19.3388,19.3388,19.3388,24.1735,24.1735,464.1320,0.01998906,106.3636,97.4318,377.1072,386.039,0.01624111,0.01662578,0.00083288,6.3719,5.7467,0.1327,24.1735,1.3696,1160.9649,182.2000,6.3719,,2.5818,5.1636,10.2741,10.3271,12.9089,15.4907,5.1636,0.0,2.5,3.0,1.234019,18,135,72,2,1.00000000,0.02082194,0.02082194,0E-8,0.000000,0.901880,0.010977,,2026-07-08,2026-08-06,20,353,182,30,0.666667,,1.000000,3.333333,,,,,,,,GLOBAL_BASELINE_NO_ENTITY_RANKING,,,NOT_APPLICABLE_GLOBAL_BASELINE,HF9g-P5,,,,X 全窗基线 · 不参与实体赏罚,8398805,840,A168_HF9F_20260827_0900,2026-08-27 09:00:00
2026-07-24,141205185,2223,0,23.2360003098,-2.8399555934,-2.8399555934,0.4285714,9,9,0.50367176666666667,0.503671766667,-0.3974043516061822,-0.39740435160794807,-0.3974043516061822,-3.3333E-13,ELIGIBLE,R03b_20260811_FULL_v1,L1_ELIGIBILITY,v2026-08-11,2026-03-21..2026-08-06,baccarat_bet02_101_all_pairs_incl_sentinel,round_win = game_pnl > 0 (decisive only),COMPATIBILITY_ONLY_NOT_PRODUCTION,23219.2981,20941.0295,483.4708,3644,3644,-0.02082194,-0.02082194,,-0.02082194,-483.4708,23219.2981,OK,0.0000,19.3388,4.0000,96.0000,AG03-UNRESOLVED,ALL5_LEVELS_bet23_to_bet27,19.3388,19.3388,19.3388,24.1735,24.1735,4.000000,4.000000,4.000000,5.000000,5.000000,96.000000,96.000000,96.000000,95.000000,95.000000,5.0,106.3636,97.4318,377.1072,386.039,PENDING_AG03,FALSE,NOT_FOR_ENFORCEMENT,464.1320,20103.3883,483.4708,464.1320,19.3388,0.02082194,0.01998906,19.3388,464.1320,0.01998906,19.3388,19.3388,19.3388,24.1735,24.1735,464.1320,0.01998906,106.3636,97.4318,377.1072,386.039,0.01624111,0.01662578,0.00083288,6.3719,5.7467,0.1327,24.1735,1.3696,1160.9649,182.2000,6.3719,,2.5818,5.1636,10.2741,10.3271,12.9089,15.4907,5.1636,0.0,2.5,3.0,1.234019,18,135,72,2,1.00000000,0.02082194,0.02082194,0E-8,0.000000,0.901880,0.010977,,2026-07-08,2026-08-06,20,353,182,30,0.666667,,1.000000,3.333333,,,,,,,,GLOBAL_BASELINE_NO_ENTITY_RANKING,,,NOT_APPLICABLE_GLOBAL_BASELINE,HF9g-P5,,,,X 全窗基线 · 不参与实体赏罚,8398806,840,A168_HF9F_20260827_0900,2026-08-27 09:00:00
2026-07-24,141205185,2235,0,7.7453334366,2.3236000310,2.3236000310,0.5000000,2,2,0.49994810000000000,0.499948100000,0.00014679536856514622,0.00014679536856514622,0.00014679536856514622,0E-17,ELIGIBLE,R03b_20260811_FULL_v1,L1_ELIGIBILITY,v2026-08-11,2026-03-21..2026-08-06,baccarat_bet02_101_all_pairs_incl_sentinel,round_win = game_pnl > 0 (decisive only),COMPATIBILITY_ONLY_NOT_PRODUCTION,23219.2981,20941.0295,483.4708,3644,3644,-0.02082194,-0.02082194,,-0.02082194,-483.4708,23219.2981,OK,0.0000,19.3388,4.0000,96.0000,AG03-UNRESOLVED,ALL5_LEVELS_bet23_to_bet27,19.3388,19.3388,19.3388,24.1735,24.1735,4.000000,4.000000,4.000000,5.000000,5.000000,96.000000,96.000000,96.000000,95.000000,95.000000,5.0,106.3636,97.4318,377.1072,386.039,PENDING_AG03,FALSE,NOT_FOR_ENFORCEMENT,464.1320,20103.3883,483.4708,464.1320,19.3388,0.02082194,0.01998906,19.3388,464.1320,0.01998906,19.3388,19.3388,19.3388,24.1735,24.1735,464.1320,0.01998906,106.3636,97.4318,377.1072,386.039,0.01624111,0.01662578,0.00083288,6.3719,5.7467,0.1327,24.1735,1.3696,1160.9649,182.2000,6.3719,,2.5818,5.1636,10.2741,10.3271,12.9089,15.4907,5.1636,0.0,2.5,3.0,1.234019,18,135,72,2,1.00000000,0.02082194,0.02082194,0E-8,0.000000,0.901880,0.010977,,2026-07-08,2026-08-06,20,353,182,30,0.666667,,1.000000,3.333333,,,,,,,,GLOBAL_BASELINE_NO_ENTITY_RANKING,,,NOT_APPLICABLE_GLOBAL_BASELINE,HF9g-P5,,,,X 全窗基线 · 不参与实体赏罚,8398807,840,A168_HF9F_20260827_0900,2026-08-27 09:00:00
2026-07-24,141205185,2271,0,51.6355562440,19.1051558104,19.1051558104,0.7500000,5,5,0.50665070000000000,0.506650700000,0.9734833216690844,0.9734833216690844,0.9734833216690844,0E-17,ELIGIBLE,R03b_20260811_FULL_v1,L1_ELIGIBILITY,v2026-08-11,2026-03-21..2026-08-06,baccarat_bet02_101_all_pairs_incl_sentinel,round_win = game_pnl > 0 (decisive only),COMPATIBILITY_ONLY_NOT_PRODUCTION,23219.2981,20941.0295,483.4708,3644,3644,-0.02082194,-0.02082194,,-0.02082194,-483.4708,23219.2981,OK,0.0000,19.3388,4.0000,96.0000,AG03-UNRESOLVED,ALL5_LEVELS_bet23_to_bet27,19.3388,19.3388,19.3388,24.1735,24.1735,4.000000,4.000000,4.000000,5.000000,5.000000,96.000000,96.000000,96.000000,95.000000,95.000000,5.0,106.3636,97.4318,377.1072,386.039,PENDING_AG03,FALSE,NOT_FOR_ENFORCEMENT,464.1320,20103.3883,483.4708,464.1320,19.3388,0.02082194,0.01998906,19.3388,464.1320,0.01998906,19.3388,19.3388,19.3388,24.1735,24.1735,464.1320,0.01998906,106.3636,97.4318,377.1072,386.039,0.01624111,0.01662578,0.00083288,6.3719,5.7467,0.1327,24.1735,1.3696,1160.9649,182.2000,6.3719,,2.5818,5.1636,10.2741,10.3271,12.9089,15.4907,5.1636,0.0,2.5,3.0,1.234019,18,135,72,2,1.00000000,0.02082194,0.02082194,0E-8,0.000000,0.901880,0.010977,,2026-07-08,2026-08-06,20,353,182,30,0.666667,,1.000000,3.333333,,,,,,,,GLOBAL_BASELINE_NO_ENTITY_RANKING,,,NOT_APPLICABLE_GLOBAL_BASELINE,HF9g-P5,,,,X 全窗基线 · 不参与实体赏罚,8398808,840,A168_HF9F_20260827_0900,2026-08-27 09:00:00
2026-07-24,141205185,2280,0,12.9088890610,12.9088890610,12.9088890610,1.0000000,1,1,0.50665070000000000,0.506650700000,0.9867858985152569,0.9867858985152569,0.9867858985152569,0E-17,ELIGIBLE,R03b_20260811_FULL_v1,L1_ELIGIBILITY,v2026-08-11,2026-03-21..2026-08-06,baccarat_bet02_101_all_pairs_incl_sentinel,round_win = game_pnl > 0 (decisive only),COMPATIBILITY_ONLY_NOT_PRODUCTION,23219.2981,20941.0295,483.4708,3644,3644,-0.02082194,-0.02082194,,-0.02082194,-483.4708,23219.2981,OK,0.0000,19.3388,4.0000,96.0000,AG03-UNRESOLVED,ALL5_LEVELS_bet23_to_bet27,19.3388,19.3388,19.3388,24.1735,24.1735,4.000000,4.000000,4.000000,5.000000,5.000000,96.000000,96.000000,96.000000,95.000000,95.000000,5.0,106.3636,97.4318,377.1072,386.039,PENDING_AG03,FALSE,NOT_FOR_ENFORCEMENT,464.1320,20103.3883,483.4708,464.1320,19.3388,0.02082194,0.01998906,19.3388,464.1320,0.01998906,19.3388,19.3388,19.3388,24.1735,24.1735,464.1320,0.01998906,106.3636,97.4318,377.1072,386.039,0.01624111,0.01662578,0.00083288,6.3719,5.7467,0.1327,24.1735,1.3696,1160.9649,182.2000,6.3719,,2.5818,5.1636,10.2741,10.3271,12.9089,15.4907,5.1636,0.0,2.5,3.0,1.234019,18,135,72,2,1.00000000,0.02082194,0.02082194,0E-8,0.000000,0.901880,0.010977,,2026-07-08,2026-08-06,20,353,182,30,0.666667,,1.000000,3.333333,,,,,,,,GLOBAL_BASELINE_NO_ENTITY_RANKING,,,NOT_APPLICABLE_GLOBAL_BASELINE,HF9g-P5,,,,X 全窗基线 · 不参与实体赏罚,8398809,840,A168_HF9F_20260827_0900,2026-08-27 09:00:00
2026-07-24,141205185,2289,0,82.6168899904,30.9813337464,30.9813337464,0.7142857,8,8,0.49994810000000000,0.499948100000,1.134168054123783,1.134168054123783,1.134168054123783,0E-17,ELIGIBLE,R03b_20260811_FULL_v1,L1_ELIGIBILITY,v2026-08-11,2026-03-21..2026-08-06,baccarat_bet02_101_all_pairs_incl_sentinel,round_win = game_pnl > 0 (decisive only),COMPATIBILITY_ONLY_NOT_PRODUCTION,23219.2981,20941.0295,483.4708,3644,3644,-0.02082194,-0.02082194,,-0.02082194,-483.4708,23219.2981,OK,0.0000,19.3388,4.0000,96.0000,AG03-UNRESOLVED,ALL5_LEVELS_bet23_to_bet27,19.3388,19.3388,19.3388,24.1735,24.1735,4.000000,4.000000,4.000000,5.000000,5.000000,96.000000,96.000000,96.000000,95.000000,95.000000,5.0,106.3636,97.4318,377.1072,386.039,PENDING_AG03,FALSE,NOT_FOR_ENFORCEMENT,464.1320,20103.3883,483.4708,464.1320,19.3388,0.02082194,0.01998906,19.3388,464.1320,0.01998906,19.3388,19.3388,19.3388,24.1735,24.1735,464.1320,0.01998906,106.3636,97.4318,377.1072,386.039,0.01624111,0.01662578,0.00083288,6.3719,5.7467,0.1327,24.1735,1.3696,1160.9649,182.2000,6.3719,,2.5818,5.1636,10.2741,10.3271,12.9089,15.4907,5.1636,0.0,2.5,3.0,1.234019,18,135,72,2,1.00000000,0.02082194,0.02082194,0E-8,0.000000,0.901880,0.010977,,2026-07-08,2026-08-06,20,353,182,30,0.666667,,1.000000,3.333333,,,,,,,,GLOBAL_BASELINE_NO_ENTITY_RANKING,,,NOT_APPLICABLE_GLOBAL_BASELINE,HF9g-P5,,,,X 全窗基线 · 不参与实体赏罚,8398810,840,A168_HF9F_20260827_0900,2026-08-27 09:00:00
2026-07-24,141205185,550,0,2.5817778122,-2.5817778122,-2.5817778122,0E-7,1,1,0.49324550000000000,0.493245500000,-0.9865810262130424,-0.9865810262130424,-0.9865810262130424,0E-17,ELIGIBLE,R03b_20260811_FULL_v1,L1_ELIGIBILITY,v2026-08-11,2026-03-21..2026-08-06,baccarat_bet02_101_all_pairs_incl_sentinel,round_win = game_pnl > 0 (decisive only),COMPATIBILITY_ONLY_NOT_PRODUCTION,23219.2981,20941.0295,483.4708,3644,3644,-0.02082194,-0.02082194,,-0.02082194,-483.4708,23219.2981,OK,0.0000,19.3388,4.0000,96.0000,AG03-UNRESOLVED,ALL5_LEVELS_bet23_to_bet27,19.3388,19.3388,19.3388,24.1735,24.1735,4.000000,4.000000,4.000000,5.000000,5.000000,96.000000,96.000000,96.000000,95.000000,95.000000,5.0,106.3636,97.4318,377.1072,386.039,PENDING_AG03,FALSE,NOT_FOR_ENFORCEMENT,464.1320,20103.3883,483.4708,464.1320,19.3388,0.02082194,0.01998906,19.3388,464.1320,0.01998906,19.3388,19.3388,19.3388,24.1735,24.1735,464.1320,0.01998906,106.3636,97.4318,377.1072,386.039,0.01624111,0.01662578,0.00083288,6.3719,5.7467,0.1327,24.1735,1.3696,1160.9649,182.2000,6.3719,,2.5818,5.1636,10.2741,10.3271,12.9089,15.4907,5.1636,0.0,2.5,3.0,1.234019,18,135,72,2,1.00000000,0.02082194,0.02082194,0E-8,0.000000,0.901880,0.010977,,2026-07-08,2026-08-06,20,353,182,30,0.666667,,1.000000,3.333333,,,,,,,,GLOBAL_BASELINE_NO_ENTITY_RANKING,,,NOT_APPLICABLE_GLOBAL_BASELINE,HF9g-P5,,,,X 全窗基线 · 不参与实体赏罚,8398811,840,A168_HF9F_20260827_0900,2026-08-27 09:00:00
2026-07-24,141205185,752,0,5.1635556244,-0.1290888906,-0.1290888906,0.5000000,2,2,0.50665070000000000,0.506650700000,-0.018812684590367487,-0.018812684590367487,-0.018812684590367487,0E-17,ELIGIBLE,R03b_20260811_FULL_v1,L1_ELIGIBILITY,v2026-08-11,2026-03-21..2026-08-06,baccarat_bet02_101_all_pairs_incl_sentinel,round_win = game_pnl > 0 (decisive only),COMPATIBILITY_ONLY_NOT_PRODUCTION,23219.2981,20941.0295,483.4708,3644,3644,-0.02082194,-0.02082194,,-0.02082194,-483.4708,23219.2981,OK,0.0000,19.3388,4.0000,96.0000,AG03-UNRESOLVED,ALL5_LEVELS_bet23_to_bet27,19.3388,19.3388,19.3388,24.1735,24.1735,4.000000,4.000000,4.000000,5.000000,5.000000,96.000000,96.000000,96.000000,95.000000,95.000000,5.0,106.3636,97.4318,377.1072,386.039,PENDING_AG03,FALSE,NOT_FOR_ENFORCEMENT,464.1320,20103.3883,483.4708,464.1320,19.3388,0.02082194,0.01998906,19.3388,464.1320,0.01998906,19.3388,19.3388,19.3388,24.1735,24.1735,464.1320,0.01998906,106.3636,97.4318,377.1072,386.039,0.01624111,0.01662578,0.00083288,6.3719,5.7467,0.1327,24.1735,1.3696,1160.9649,182.2000,6.3719,,2.5818,5.1636,10.2741,10.3271,12.9089,15.4907,5.1636,0.0,2.5,3.0,1.234019,18,135,72,2,1.00000000,0.02082194,0.02082194,0E-8,0.000000,0.901880,0.010977,,2026-07-08,2026-08-06,20,353,182,30,0.666667,,1.000000,3.333333,,,,,,,,GLOBAL_BASELINE_NO_ENTITY_RANKING,,,NOT_APPLICABLE_GLOBAL_BASELINE,HF9g-P5,,,,X 全窗基线 · 不参与实体赏罚,8398812,840,A168_HF9F_20260827_0900,2026-08-27 09:00:00
2026-07-24,141205185,763,0,20.6542224976,-0.3872666718,-0.3872666718,0.5000000,6,6,0.50218230000000000,0.502182300000,-0.01069114476356389,-0.01069114476356389,-0.01069114476356389,0E-17,ELIGIBLE,R03b_20260811_FULL_v1,L1_ELIGIBILITY,v2026-08-11,2026-03-21..2026-08-06,baccarat_bet02_101_all_pairs_incl_sentinel,round_win = game_pnl > 0 (decisive only),COMPATIBILITY_ONLY_NOT_PRODUCTION,23219.2981,20941.0295,483.4708,3644,3644,-0.02082194,-0.02082194,,-0.02082194,-483.4708,23219.2981,OK,0.0000,19.3388,4.0000,96.0000,AG03-UNRESOLVED,ALL5_LEVELS_bet23_to_bet27,19.3388,19.3388,19.3388,24.1735,24.1735,4.000000,4.000000,4.000000,5.000000,5.000000,96.000000,96.000000,96.000000,95.000000,95.000000,5.0,106.3636,97.4318,377.1072,386.039,PENDING_AG03,FALSE,NOT_FOR_ENFORCEMENT,464.1320,20103.3883,483.4708,464.1320,19.3388,0.02082194,0.01998906,19.3388,464.1320,0.01998906,19.3388,19.3388,19.3388,24.1735,24.1735,464.1320,0.01998906,106.3636,97.4318,377.1072,386.039,0.01624111,0.01662578,0.00083288,6.3719,5.7467,0.1327,24.1735,1.3696,1160.9649,182.2000,6.3719,,2.5818,5.1636,10.2741,10.3271,12.9089,15.4907,5.1636,0.0,2.5,3.0,1.234019,18,135,72,2,1.00000000,0.02082194,0.02082194,0E-8,0.000000,0.901880,0.010977,,2026-07-08,2026-08-06,20,353,182,30,0.666667,,1.000000,3.333333,,,,,,,,GLOBAL_BASELINE_NO_ENTITY_RANKING,,,NOT_APPLICABLE_GLOBAL_BASELINE,HF9g-P5,,,,X 全窗基线 · 不参与实体赏罚,8398813,840,A168_HF9F_20260827_0900,2026-08-27 09:00:00
2026-07-24,141205185,919,0,185.8880024784,38.7266671830,38.7266671830,0.6875000,17,17,0.50191945294117647,0.501919452941,1.4846553163408507,1.4846553163422607,1.4846553163408507,1.7647E-13,ELIGIBLE,R03b_20260811_FULL_v1,L1_ELIGIBILITY,v2026-08-11,2026-03-21..2026-08-06,baccarat_bet02_101_all_pairs_incl_sentinel,round_win = game_pnl > 0 (decisive only),COMPATIBILITY_ONLY_NOT_PRODUCTION,23219.2981,20941.0295,483.4708,3644,3644,-0.02082194,-0.02082194,,-0.02082194,-483.4708,23219.2981,OK,0.0000,19.3388,4.0000,96.0000,AG03-UNRESOLVED,ALL5_LEVELS_bet23_to_bet27,19.3388,19.3388,19.3388,24.1735,24.1735,4.000000,4.000000,4.000000,5.000000,5.000000,96.000000,96.000000,96.000000,95.000000,95.000000,5.0,106.3636,97.4318,377.1072,386.039,PENDING_AG03,FALSE,NOT_FOR_ENFORCEMENT,464.1320,20103.3883,483.4708,464.1320,19.3388,0.02082194,0.01998906,19.3388,464.1320,0.01998906,19.3388,19.3388,19.3388,24.1735,24.1735,464.1320,0.01998906,106.3636,97.4318,377.1072,386.039,0.01624111,0.01662578,0.00083288,6.3719,5.7467,0.1327,24.1735,1.3696,1160.9649,182.2000,6.3719,,2.5818,5.1636,10.2741,10.3271,12.9089,15.4907,5.1636,0.0,2.5,3.0,1.234019,18,135,72,2,1.00000000,0.02082194,0.02082194,0E-8,0.000000,0.901880,0.010977,,2026-07-08,2026-08-06,20,353,182,30,0.666667,,1.000000,3.333333,,,,,,,,GLOBAL_BASELINE_NO_ENTITY_RANKING,,,NOT_APPLICABLE_GLOBAL_BASELINE,HF9g-P5,,,,X 全窗基线 · 不参与实体赏罚,8398814,840,A168_HF9F_20260827_0900,2026-08-27 09:00:00
2026-07-24,141205185,925,0,18.0724446854,-2.5817778122,-2.5817778122,0.5000000,2,2,0.49994810000000000,0.499948100000,0.00014679536856514622,0.00014679536856514622,0.00014679536856514622,0E-17,ELIGIBLE,R03b_20260811_FULL_v1,L1_ELIGIBILITY,v2026-08-11,2026-03-21..2026-08-06,baccarat_bet02_101_all_pairs_incl_sentinel,round_win = game_pnl > 0 (decisive only),COMPATIBILITY_ONLY_NOT_PRODUCTION,23219.2981,20941.0295,483.4708,3644,3644,-0.02082194,-0.02082194,,-0.02082194,-483.4708,23219.2981,OK,0.0000,19.3388,4.0000,96.0000,AG03-UNRESOLVED,ALL5_LEVELS_bet23_to_bet27,19.3388,19.3388,19.3388,24.1735,24.1735,4.000000,4.000000,4.000000,5.000000,5.000000,96.000000,96.000000,96.000000,95.000000,95.000000,5.0,106.3636,97.4318,377.1072,386.039,PENDING_AG03,FALSE,NOT_FOR_ENFORCEMENT,464.1320,20103.3883,483.4708,464.1320,19.3388,0.02082194,0.01998906,19.3388,464.1320,0.01998906,19.3388,19.3388,19.3388,24.1735,24.1735,464.1320,0.01998906,106.3636,97.4318,377.1072,386.039,0.01624111,0.01662578,0.00083288,6.3719,5.7467,0.1327,24.1735,1.3696,1160.9649,182.2000,6.3719,,2.5818,5.1636,10.2741,10.3271,12.9089,15.4907,5.1636,0.0,2.5,3.0,1.234019,18,135,72,2,1.00000000,0.02082194,0.02082194,0E-8,0.000000,0.901880,0.010977,,2026-07-08,2026-08-06,20,353,182,30,0.666667,,1.000000,3.333333,,,,,,,,GLOBAL_BASELINE_NO_ENTITY_RANKING,,,NOT_APPLICABLE_GLOBAL_BASELINE,HF9g-P5,,,,X 全窗基线 · 不参与实体赏罚,8398815,840,A168_HF9F_20260827_0900,2026-08-27 09:00:00
2026-07-24,141205185,970,0,38.7266671830,-13.2961557328,-13.2961557328,0.3333333,14,14,0.49994810000000000,0.499948100000,-1.154340970850289,-1.154340970850289,-1.154340970850289,0E-17,ELIGIBLE,R03b_20260811_FULL_v1,L1_ELIGIBILITY,v2026-08-11,2026-03-21..2026-08-06,baccarat_bet02_101_all_pairs_incl_sentinel,round_win = game_pnl > 0 (decisive only),COMPATIBILITY_ONLY_NOT_PRODUCTION,23219.2981,20941.0295,483.4708,3644,3644,-0.02082194,-0.02082194,,-0.02082194,-483.4708,23219.2981,OK,0.0000,19.3388,4.0000,96.0000,AG03-UNRESOLVED,ALL5_LEVELS_bet23_to_bet27,19.3388,19.3388,19.3388,24.1735,24.1735,4.000000,4.000000,4.000000,5.000000,5.000000,96.000000,96.000000,96.000000,95.000000,95.000000,5.0,106.3636,97.4318,377.1072,386.039,PENDING_AG03,FALSE,NOT_FOR_ENFORCEMENT,464.1320,20103.3883,483.4708,464.1320,19.3388,0.02082194,0.01998906,19.3388,464.1320,0.01998906,19.3388,19.3388,19.3388,24.1735,24.1735,464.1320,0.01998906,106.3636,97.4318,377.1072,386.039,0.01624111,0.01662578,0.00083288,6.3719,5.7467,0.1327,24.1735,1.3696,1160.9649,182.2000,6.3719,,2.5818,5.1636,10.2741,10.3271,12.9089,15.4907,5.1636,0.0,2.5,3.0,1.234019,18,135,72,2,1.00000000,0.02082194,0.02082194,0E-8,0.000000,0.901880,0.010977,,2026-07-08,2026-08-06,20,353,182,30,0.666667,,1.000000,3.333333,,,,,,,,GLOBAL_BASELINE_NO_ENTITY_RANKING,,,NOT_APPLICABLE_GLOBAL_BASELINE,HF9g-P5,,,,X 全窗基线 · 不参与实体赏罚,8398816,840,A168_HF9F_20260827_0900,2026-08-27 09:00:00
2026-07-24,141205185,987,0,5.1635556244,2.4526889216,2.4526889216,1.0000000,2,2,0.50665070000000000,0.506650700000,0.9867858985152569,0.9867858985152569,0.9867858985152569,0E-17,ELIGIBLE,R03b_20260811_FULL_v1,L1_ELIGIBILITY,v2026-08-11,2026-03-21..2026-08-06,baccarat_bet02_101_all_pairs_incl_sentinel,round_win = game_pnl > 0 (decisive only),COMPATIBILITY_ONLY_NOT_PRODUCTION,23219.2981,20941.0295,483.4708,3644,3644,-0.02082194,-0.02082194,,-0.02082194,-483.4708,23219.2981,OK,0.0000,19.3388,4.0000,96.0000,AG03-UNRESOLVED,ALL5_LEVELS_bet23_to_bet27,19.3388,19.3388,19.3388,24.1735,24.1735,4.000000,4.000000,4.000000,5.000000,5.000000,96.000000,96.000000,96.000000,95.000000,95.000000,5.0,106.3636,97.4318,377.1072,386.039,PENDING_AG03,FALSE,NOT_FOR_ENFORCEMENT,464.1320,20103.3883,483.4708,464.1320,19.3388,0.02082194,0.01998906,19.3388,464.1320,0.01998906,19.3388,19.3388,19.3388,24.1735,24.1735,464.1320,0.01998906,106.3636,97.4318,377.1072,386.039,0.01624111,0.01662578,0.00083288,6.3719,5.7467,0.1327,24.1735,1.3696,1160.9649,182.2000,6.3719,,2.5818,5.1636,10.2741,10.3271,12.9089,15.4907,5.1636,0.0,2.5,3.0,1.234019,18,135,72,2,1.00000000,0.02082194,0.02082194,0E-8,0.000000,0.901880,0.010977,,2026-07-08,2026-08-06,20,353,182,30,0.666667,,1.000000,3.333333,,,,,,,,GLOBAL_BASELINE_NO_ENTITY_RANKING,,,NOT_APPLICABLE_GLOBAL_BASELINE,HF9g-P5,,,,X 全窗基线 · 不参与实体赏罚,8398817,840,A168_HF9F_20260827_0900,2026-08-27 09:00:00
2026-07-26,141205185,1004,0,5.1635556244,4.9053778432,4.9053778432,1.0000000,1,1,0.50665070000000000,0.506650700000,0.9867858985152569,0.9867858985152569,0.9867858985152569,0E-17,ELIGIBLE,R03b_20260811_FULL_v1,L1_ELIGIBILITY,v2026-08-11,2026-03-21..2026-08-06,baccarat_bet02_101_all_pairs_incl_sentinel,round_win = game_pnl > 0 (decisive only),COMPATIBILITY_ONLY_NOT_PRODUCTION,23219.2981,20941.0295,483.4708,3644,3644,-0.02082194,-0.02082194,,-0.02082194,-483.4708,23219.2981,OK,0.0000,19.3388,4.0000,96.0000,AG03-UNRESOLVED,ALL5_LEVELS_bet23_to_bet27,19.3388,19.3388,19.3388,24.1735,24.1735,4.000000,4.000000,4.000000,5.000000,5.000000,96.000000,96.000000,96.000000,95.000000,95.000000,5.0,106.3636,97.4318,377.1072,386.039,PENDING_AG03,FALSE,NOT_FOR_ENFORCEMENT,464.1320,20103.3883,483.4708,464.1320,19.3388,0.02082194,0.01998906,19.3388,464.1320,0.01998906,19.3388,19.3388,19.3388,24.1735,24.1735,464.1320,0.01998906,106.3636,97.4318,377.1072,386.039,0.01624111,0.01662578,0.00083288,6.3719,5.7467,0.1327,24.1735,1.3696,1160.9649,182.2000,6.3719,,2.5818,5.1636,10.2741,10.3271,12.9089,15.4907,5.1636,0.0,2.5,3.0,1.234019,18,135,72,2,1.00000000,0.02082194,0.02082194,0E-8,0.000000,0.901880,0.010977,,2026-07-08,2026-08-06,20,353,182,30,0.666667,,1.000000,3.333333,,,,,,,,GLOBAL_BASELINE_NO_ENTITY_RANKING,,,NOT_APPLICABLE_GLOBAL_BASELINE,HF9g-P5,,,,X 全窗基线 · 不参与实体赏罚,8398818,840,A168_HF9F_20260827_0900,2026-08-27 09:00:00
2026-07-26,141205185,1115,0,25.8177781220,14.7161335296,14.7161335296,0.7500000,4,4,0.49994810000000000,0.499948100000,1.0002076053883384,1.0002076053883384,1.0002076053883384,0E-17,ELIGIBLE,R03b_20260811_FULL_v1,L1_ELIGIBILITY,v2026-08-11,2026-03-21..2026-08-06,baccarat_bet02_101_all_pairs_incl_sentinel,round_win = game_pnl > 0 (decisive only),COMPATIBILITY_ONLY_NOT_PRODUCTION,23219.2981,20941.0295,483.4708,3644,3644,-0.02082194,-0.02082194,,-0.02082194,-483.4708,23219.2981,OK,0.0000,19.3388,4.0000,96.0000,AG03-UNRESOLVED,ALL5_LEVELS_bet23_to_bet27,19.3388,19.3388,19.3388,24.1735,24.1735,4.000000,4.000000,4.000000,5.000000,5.000000,96.000000,96.000000,96.000000,95.000000,95.000000,5.0,106.3636,97.4318,377.1072,386.039,PENDING_AG03,FALSE,NOT_FOR_ENFORCEMENT,464.1320,20103.3883,483.4708,464.1320,19.3388,0.02082194,0.01998906,19.3388,464.1320,0.01998906,19.3388,19.3388,19.3388,24.1735,24.1735,464.1320,0.01998906,106.3636,97.4318,377.1072,386.039,0.01624111,0.01662578,0.00083288,6.3719,5.7467,0.1327,24.1735,1.3696,1160.9649,182.2000,6.3719,,2.5818,5.1636,10.2741,10.3271,12.9089,15.4907,5.1636,0.0,2.5,3.0,1.234019,18,135,72,2,1.00000000,0.02082194,0.02082194,0E-8,0.000000,0.901880,0.010977,,2026-07-08,2026-08-06,20,353,182,30,0.666667,,1.000000,3.333333,,,,,,,,GLOBAL_BASELINE_NO_ENTITY_RANKING,,,NOT_APPLICABLE_GLOBAL_BASELINE,HF9g-P5,,,,X 全窗基线 · 不参与实体赏罚,8398819,840,A168_HF9F_20260827_0900,2026-08-27 09:00:00
2026-07-26,141205185,1307,0,100.6893346758,-9.1653112332,-9.1653112332,0.4166667,13,13,0.49943251538461538,0.499432515385,-0.5734189897706191,-0.5734189897732833,-0.5734189897706191,-3.8462E-13,ELIGIBLE,R03b_20260811_FULL_v1,L1_ELIGIBILITY,v2026-08-11,2026-03-21..2026-08-06,baccarat_bet02_101_all_pairs_incl_sentinel,round_win = game_pnl > 0 (decisive only),COMPATIBILITY_ONLY_NOT_PRODUCTION,23219.2981,20941.0295,483.4708,3644,3644,-0.02082194,-0.02082194,,-0.02082194,-483.4708,23219.2981,OK,0.0000,19.3388,4.0000,96.0000,AG03-UNRESOLVED,ALL5_LEVELS_bet23_to_bet27,19.3388,19.3388,19.3388,24.1735,24.1735,4.000000,4.000000,4.000000,5.000000,5.000000,96.000000,96.000000,96.000000,95.000000,95.000000,5.0,106.3636,97.4318,377.1072,386.039,PENDING_AG03,FALSE,NOT_FOR_ENFORCEMENT,464.1320,20103.3883,483.4708,464.1320,19.3388,0.02082194,0.01998906,19.3388,464.1320,0.01998906,19.3388,19.3388,19.3388,24.1735,24.1735,464.1320,0.01998906,106.3636,97.4318,377.1072,386.039,0.01624111,0.01662578,0.00083288,6.3719,5.7467,0.1327,24.1735,1.3696,1160.9649,182.2000,6.3719,,2.5818,5.1636,10.2741,10.3271,12.9089,15.4907,5.1636,0.0,2.5,3.0,1.234019,18,135,72,2,1.00000000,0.02082194,0.02082194,0E-8,0.000000,0.901880,0.010977,,2026-07-08,2026-08-06,20,353,182,30,0.666667,,1.000000,3.333333,,,,,,,,GLOBAL_BASELINE_NO_ENTITY_RANKING,,,NOT_APPLICABLE_GLOBAL_BASELINE,HF9g-P5,,,,X 全窗基线 · 不参与实体赏罚,8398820,840,A168_HF9F_20260827_0900,2026-08-27 09:00:00
2026-07-26,141205185,1374,0,15.4906668732,-0.2581777812,-0.2581777812,0.5000000,6,6,0.49994810000000000,0.499948100000,0.00025425703667063243,0.00025425703667063243,0.00025425703667063243,0E-17,ELIGIBLE,R03b_20260811_FULL_v1,L1_ELIGIBILITY,v2026-08-11,2026-03-21..2026-08-06,baccarat_bet02_101_all_pairs_incl_sentinel,round_win = game_pnl > 0 (decisive only),COMPATIBILITY_ONLY_NOT_PRODUCTION,23219.2981,20941.0295,483.4708,3644,3644,-0.02082194,-0.02082194,,-0.02082194,-483.4708,23219.2981,OK,0.0000,19.3388,4.0000,96.0000,AG03-UNRESOLVED,ALL5_LEVELS_bet23_to_bet27,19.3388,19.3388,19.3388,24.1735,24.1735,4.000000,4.000000,4.000000,5.000000,5.000000,96.000000,96.000000,96.000000,95.000000,95.000000,5.0,106.3636,97.4318,377.1072,386.039,PENDING_AG03,FALSE,NOT_FOR_ENFORCEMENT,464.1320,20103.3883,483.4708,464.1320,19.3388,0.02082194,0.01998906,19.3388,464.1320,0.01998906,19.3388,19.3388,19.3388,24.1735,24.1735,464.1320,0.01998906,106.3636,97.4318,377.1072,386.039,0.01624111,0.01662578,0.00083288,6.3719,5.7467,0.1327,24.1735,1.3696,1160.9649,182.2000,6.3719,,2.5818,5.1636,10.2741,10.3271,12.9089,15.4907,5.1636,0.0,2.5,3.0,1.234019,18,135,72,2,1.00000000,0.02082194,0.02082194,0E-8,0.000000,0.901880,0.010977,,2026-07-08,2026-08-06,20,353,182,30,0.666667,,1.000000,3.333333,,,,,,,,GLOBAL_BASELINE_NO_ENTITY_RANKING,,,NOT_APPLICABLE_GLOBAL_BASELINE,HF9g-P5,,,,X 全窗基线 · 不参与实体赏罚,8398821,840,A168_HF9F_20260827_0900,2026-08-27 09:00:00
2026-07-26,141205185,1384,0,23.2360003098,14.5870446390,14.5870446390,0.8750000,9,9,0.50516123333333333,0.505161233333,2.0922354691305403,2.0922354691324117,2.0922354691305403,3.3333E-13,ELIGIBLE,R03b_20260811_FULL_v1,L1_ELIGIBILITY,v2026-08-11,2026-03-21..2026-08-06,baccarat_bet02_101_all_pairs_incl_sentinel,round_win = game_pnl > 0 (decisive only),COMPATIBILITY_ONLY_NOT_PRODUCTION,23219.2981,20941.0295,483.4708,3644,3644,-0.02082194,-0.02082194,,-0.02082194,-483.4708,23219.2981,OK,0.0000,19.3388,4.0000,96.0000,AG03-UNRESOLVED,ALL5_LEVELS_bet23_to_bet27,19.3388,19.3388,19.3388,24.1735,24.1735,4.000000,4.000000,4.000000,5.000000,5.000000,96.000000,96.000000,96.000000,95.000000,95.000000,5.0,106.3636,97.4318,377.1072,386.039,PENDING_AG03,FALSE,NOT_FOR_ENFORCEMENT,464.1320,20103.3883,483.4708,464.1320,19.3388,0.02082194,0.01998906,19.3388,464.1320,0.01998906,19.3388,19.3388,19.3388,24.1735,24.1735,464.1320,0.01998906,106.3636,97.4318,377.1072,386.039,0.01624111,0.01662578,0.00083288,6.3719,5.7467,0.1327,24.1735,1.3696,1160.9649,182.2000,6.3719,,2.5818,5.1636,10.2741,10.3271,12.9089,15.4907,5.1636,0.0,2.5,3.0,1.234019,18,135,72,2,1.00000000,0.02082194,0.02082194,0E-8,0.000000,0.901880,0.010977,,2026-07-08,2026-08-06,20,353,182,30,0.666667,,1.000000,3.333333,,,,,,,,GLOBAL_BASELINE_NO_ENTITY_RANKING,,,NOT_APPLICABLE_GLOBAL_BASELINE,HF9g-P5,,,,X 全窗基线 · 不参与实体赏罚,8398822,840,A168_HF9F_20260827_0900,2026-08-27 09:00:00
2026-07-26,141205185,1507,0,5.1635556244,0E-10,0E-10,,1,1,0.50665070000000000,0.506650700000,,,,0E-17,NO_DECISIVE_ROUND,R03b_20260811_FULL_v1,L1_ELIGIBILITY,v2026-08-11,2026-03-21..2026-08-06,baccarat_bet02_101_all_pairs_incl_sentinel,round_win = game_pnl > 0 (decisive only),COMPATIBILITY_ONLY_NOT_PRODUCTION,23219.2981,20941.0295,483.4708,3644,3644,-0.02082194,-0.02082194,,-0.02082194,-483.4708,23219.2981,OK,0.0000,19.3388,4.0000,96.0000,AG03-UNRESOLVED,ALL5_LEVELS_bet23_to_bet27,19.3388,19.3388,19.3388,24.1735,24.1735,4.000000,4.000000,4.000000,5.000000,5.000000,96.000000,96.000000,96.000000,95.000000,95.000000,5.0,106.3636,97.4318,377.1072,386.039,PENDING_AG03,FALSE,NOT_FOR_ENFORCEMENT,464.1320,20103.3883,483.4708,464.1320,19.3388,0.02082194,0.01998906,19.3388,464.1320,0.01998906,19.3388,19.3388,19.3388,24.1735,24.1735,464.1320,0.01998906,106.3636,97.4318,377.1072,386.039,0.01624111,0.01662578,0.00083288,6.3719,5.7467,0.1327,24.1735,1.3696,1160.9649,182.2000,6.3719,,2.5818,5.1636,10.2741,10.3271,12.9089,15.4907,5.1636,0.0,2.5,3.0,1.234019,18,135,72,2,1.00000000,0.02082194,0.02082194,0E-8,0.000000,0.901880,0.010977,,2026-07-08,2026-08-06,20,353,182,30,0.666667,,1.000000,3.333333,,,,,,,,GLOBAL_BASELINE_NO_ENTITY_RANKING,,,NOT_APPLICABLE_GLOBAL_BASELINE,HF9g-P5,,,,X 全窗基线 · 不参与实体赏罚,8398823,840,A168_HF9F_20260827_0900,2026-08-27 09:00:00
2026-07-26,141205185,1646,0,67.1262231172,6.8417112024,6.8417112024,0.5600000,26,26,0.49943251538461538,0.499432515385,0.6056752362558107,0.605675236251964,0.6056752362558107,-3.8462E-13,ELIGIBLE,R03b_20260811_FULL_v1,L1_ELIGIBILITY,v2026-08-11,2026-03-21..2026-08-06,baccarat_bet02_101_all_pairs_incl_sentinel,round_win = game_pnl > 0 (decisive only),COMPATIBILITY_ONLY_NOT_PRODUCTION,23219.2981,20941.0295,483.4708,3644,3644,-0.02082194,-0.02082194,,-0.02082194,-483.4708,23219.2981,OK,0.0000,19.3388,4.0000,96.0000,AG03-UNRESOLVED,ALL5_LEVELS_bet23_to_bet27,19.3388,19.3388,19.3388,24.1735,24.1735,4.000000,4.000000,4.000000,5.000000,5.000000,96.000000,96.000000,96.000000,95.000000,95.000000,5.0,106.3636,97.4318,377.1072,386.039,PENDING_AG03,FALSE,NOT_FOR_ENFORCEMENT,464.1320,20103.3883,483.4708,464.1320,19.3388,0.02082194,0.01998906,19.3388,464.1320,0.01998906,19.3388,19.3388,19.3388,24.1735,24.1735,464.1320,0.01998906,106.3636,97.4318,377.1072,386.039,0.01624111,0.01662578,0.00083288,6.3719,5.7467,0.1327,24.1735,1.3696,1160.9649,182.2000,6.3719,,2.5818,5.1636,10.2741,10.3271,12.9089,15.4907,5.1636,0.0,2.5,3.0,1.234019,18,135,72,2,1.00000000,0.02082194,0.02082194,0E-8,0.000000,0.901880,0.010977,,2026-07-08,2026-08-06,20,353,182,30,0.666667,,1.000000,3.333333,,,,,,,,GLOBAL_BASELINE_NO_ENTITY_RANKING,,,NOT_APPLICABLE_GLOBAL_BASELINE,HF9g-P5,,,,X 全窗基线 · 不参与实体赏罚,8398824,840,A168_HF9F_20260827_0900,2026-08-27 09:00:00
2026-07-26,141205185,1654,0,10.3271112488,-10.3271112488,-10.3271112488,0E-7,1,1,0.50665070000000000,0.506650700000,-1.013391052207602,-1.013391052207602,-1.013391052207602,0E-17,ELIGIBLE,R03b_20260811_FULL_v1,L1_ELIGIBILITY,v2026-08-11,2026-03-21..2026-08-06,baccarat_bet02_101_all_pairs_incl_sentinel,round_win = game_pnl > 0 (decisive only),COMPATIBILITY_ONLY_NOT_PRODUCTION,23219.2981,20941.0295,483.4708,3644,3644,-0.02082194,-0.02082194,,-0.02082194,-483.4708,23219.2981,OK,0.0000,19.3388,4.0000,96.0000,AG03-UNRESOLVED,ALL5_LEVELS_bet23_to_bet27,19.3388,19.3388,19.3388,24.1735,24.1735,4.000000,4.000000,4.000000,5.000000,5.000000,96.000000,96.000000,96.000000,95.000000,95.000000,5.0,106.3636,97.4318,377.1072,386.039,PENDING_AG03,FALSE,NOT_FOR_ENFORCEMENT,464.1320,20103.3883,483.4708,464.1320,19.3388,0.02082194,0.01998906,19.3388,464.1320,0.01998906,19.3388,19.3388,19.3388,24.1735,24.1735,464.1320,0.01998906,106.3636,97.4318,377.1072,386.039,0.01624111,0.01662578,0.00083288,6.3719,5.7467,0.1327,24.1735,1.3696,1160.9649,182.2000,6.3719,,2.5818,5.1636,10.2741,10.3271,12.9089,15.4907,5.1636,0.0,2.5,3.0,1.234019,18,135,72,2,1.00000000,0.02082194,0.02082194,0E-8,0.000000,0.901880,0.010977,,2026-07-08,2026-08-06,20,353,182,30,0.666667,,1.000000,3.333333,,,,,,,,GLOBAL_BASELINE_NO_ENTITY_RANKING,,,NOT_APPLICABLE_GLOBAL_BASELINE,HF9g-P5,,,,X 全窗基线 · 不参与实体赏罚,8398825,840,A168_HF9F_20260827_0900,2026-08-27 09:00:00
2026-07-26,141205185,1935,0,46.4720006196,-10.5852890300,-10.5852890300,0.4285714,8,8,0.49994810000000000,0.499948100000,-0.377689846057837,-0.377689846057837,-0.377689846057837,0E-17,ELIGIBLE,R03b_20260811_FULL_v1,L1_ELIGIBILITY,v2026-08-11,2026-03-21..2026-08-06,baccarat_bet02_101_all_pairs_incl_sentinel,round_win = game_pnl > 0 (decisive only),COMPATIBILITY_ONLY_NOT_PRODUCTION,23219.2981,20941.0295,483.4708,3644,3644,-0.02082194,-0.02082194,,-0.02082194,-483.4708,23219.2981,OK,0.0000,19.3388,4.0000,96.0000,AG03-UNRESOLVED,ALL5_LEVELS_bet23_to_bet27,19.3388,19.3388,19.3388,24.1735,24.1735,4.000000,4.000000,4.000000,5.000000,5.000000,96.000000,96.000000,96.000000,95.000000,95.000000,5.0,106.3636,97.4318,377.1072,386.039,PENDING_AG03,FALSE,NOT_FOR_ENFORCEMENT,464.1320,20103.3883,483.4708,464.1320,19.3388,0.02082194,0.01998906,19.3388,464.1320,0.01998906,19.3388,19.3388,19.3388,24.1735,24.1735,464.1320,0.01998906,106.3636,97.4318,377.1072,386.039,0.01624111,0.01662578,0.00083288,6.3719,5.7467,0.1327,24.1735,1.3696,1160.9649,182.2000,6.3719,,2.5818,5.1636,10.2741,10.3271,12.9089,15.4907,5.1636,0.0,2.5,3.0,1.234019,18,135,72,2,1.00000000,0.02082194,0.02082194,0E-8,0.000000,0.901880,0.010977,,2026-07-08,2026-08-06,20,353,182,30,0.666667,,1.000000,3.333333,,,,,,,,GLOBAL_BASELINE_NO_ENTITY_RANKING,,,NOT_APPLICABLE_GLOBAL_BASELINE,HF9g-P5,,,,X 全窗基线 · 不参与实体赏罚,8398826,840,A168_HF9F_20260827_0900,2026-08-27 09:00:00
2026-07-26,141205185,1942,0,25.8177781220,5.1635556244,5.1635556244,0.5000000,4,4,0.49659680000000000,0.496596800000,0.013613115331600182,0.013613115331600183,0.013613115331600182,0E-17,ELIGIBLE,R03b_20260811_FULL_v1,L1_ELIGIBILITY,v2026-08-11,2026-03-21..2026-08-06,baccarat_bet02_101_all_pairs_incl_sentinel,round_win = game_pnl > 0 (decisive only),COMPATIBILITY_ONLY_NOT_PRODUCTION,23219.2981,20941.0295,483.4708,3644,3644,-0.02082194,-0.02082194,,-0.02082194,-483.4708,23219.2981,OK,0.0000,19.3388,4.0000,96.0000,AG03-UNRESOLVED,ALL5_LEVELS_bet23_to_bet27,19.3388,19.3388,19.3388,24.1735,24.1735,4.000000,4.000000,4.000000,5.000000,5.000000,96.000000,96.000000,96.000000,95.000000,95.000000,5.0,106.3636,97.4318,377.1072,386.039,PENDING_AG03,FALSE,NOT_FOR_ENFORCEMENT,464.1320,20103.3883,483.4708,464.1320,19.3388,0.02082194,0.01998906,19.3388,464.1320,0.01998906,19.3388,19.3388,19.3388,24.1735,24.1735,464.1320,0.01998906,106.3636,97.4318,377.1072,386.039,0.01624111,0.01662578,0.00083288,6.3719,5.7467,0.1327,24.1735,1.3696,1160.9649,182.2000,6.3719,,2.5818,5.1636,10.2741,10.3271,12.9089,15.4907,5.1636,0.0,2.5,3.0,1.234019,18,135,72,2,1.00000000,0.02082194,0.02082194,0E-8,0.000000,0.901880,0.010977,,2026-07-08,2026-08-06,20,353,182,30,0.666667,,1.000000,3.333333,,,,,,,,GLOBAL_BASELINE_NO_ENTITY_RANKING,,,NOT_APPLICABLE_GLOBAL_BASELINE,HF9g-P5,,,,X 全窗基线 · 不参与实体赏罚,8398827,840,A168_HF9F_20260827_0900,2026-08-27 09:00:00
2026-07-26,141205185,1957,0,5.1635556244,5.1635556244,5.1635556244,1.0000000,1,1,0.49324550000000000,0.493245500000,1.01360149184955,1.01360149184955,1.01360149184955,0E-17,ELIGIBLE,R03b_20260811_FULL_v1,L1_ELIGIBILITY,v2026-08-11,2026-03-21..2026-08-06,baccarat_bet02_101_all_pairs_incl_sentinel,round_win = game_pnl > 0 (decisive only),COMPATIBILITY_ONLY_NOT_PRODUCTION,23219.2981,20941.0295,483.4708,3644,3644,-0.02082194,-0.02082194,,-0.02082194,-483.4708,23219.2981,OK,0.0000,19.3388,4.0000,96.0000,AG03-UNRESOLVED,ALL5_LEVELS_bet23_to_bet27,19.3388,19.3388,19.3388,24.1735,24.1735,4.000000,4.000000,4.000000,5.000000,5.000000,96.000000,96.000000,96.000000,95.000000,95.000000,5.0,106.3636,97.4318,377.1072,386.039,PENDING_AG03,FALSE,NOT_FOR_ENFORCEMENT,464.1320,20103.3883,483.4708,464.1320,19.3388,0.02082194,0.01998906,19.3388,464.1320,0.01998906,19.3388,19.3388,19.3388,24.1735,24.1735,464.1320,0.01998906,106.3636,97.4318,377.1072,386.039,0.01624111,0.01662578,0.00083288,6.3719,5.7467,0.1327,24.1735,1.3696,1160.9649,182.2000,6.3719,,2.5818,5.1636,10.2741,10.3271,12.9089,15.4907,5.1636,0.0,2.5,3.0,1.234019,18,135,72,2,1.00000000,0.02082194,0.02082194,0E-8,0.000000,0.901880,0.010977,,2026-07-08,2026-08-06,20,353,182,30,0.666667,,1.000000,3.333333,,,,,,,,GLOBAL_BASELINE_NO_ENTITY_RANKING,,,NOT_APPLICABLE_GLOBAL_BASELINE,HF9g-P5,,,,X 全窗基线 · 不参与实体赏罚,8398828,840,A168_HF9F_20260827_0900,2026-08-27 09:00:00
2026-07-26,141205185,1994,0,103.2711124880,9.0362223428,9.0362223428,0.5333333,15,15,0.50128862000000000,0.501288620000,0.24821810650228637,0.24821810650228637,0.24821810650228637,0E-17,ELIGIBLE,R03b_20260811_FULL_v1,L1_ELIGIBILITY,v2026-08-11,2026-03-21..2026-08-06,baccarat_bet02_101_all_pairs_incl_sentinel,round_win = game_pnl > 0 (decisive only),COMPATIBILITY_ONLY_NOT_PRODUCTION,23219.2981,20941.0295,483.4708,3644,3644,-0.02082194,-0.02082194,,-0.02082194,-483.4708,23219.2981,OK,0.0000,19.3388,4.0000,96.0000,AG03-UNRESOLVED,ALL5_LEVELS_bet23_to_bet27,19.3388,19.3388,19.3388,24.1735,24.1735,4.000000,4.000000,4.000000,5.000000,5.000000,96.000000,96.000000,96.000000,95.000000,95.000000,5.0,106.3636,97.4318,377.1072,386.039,PENDING_AG03,FALSE,NOT_FOR_ENFORCEMENT,464.1320,20103.3883,483.4708,464.1320,19.3388,0.02082194,0.01998906,19.3388,464.1320,0.01998906,19.3388,19.3388,19.3388,24.1735,24.1735,464.1320,0.01998906,106.3636,97.4318,377.1072,386.039,0.01624111,0.01662578,0.00083288,6.3719,5.7467,0.1327,24.1735,1.3696,1160.9649,182.2000,6.3719,,2.5818,5.1636,10.2741,10.3271,12.9089,15.4907,5.1636,0.0,2.5,3.0,1.234019,18,135,72,2,1.00000000,0.02082194,0.02082194,0E-8,0.000000,0.901880,0.010977,,2026-07-08,2026-08-06,20,353,182,30,0.666667,,1.000000,3.333333,,,,,,,,GLOBAL_BASELINE_NO_ENTITY_RANKING,,,NOT_APPLICABLE_GLOBAL_BASELINE,HF9g-P5,,,,X 全窗基线 · 不参与实体赏罚,8398829,840,A168_HF9F_20260827_0900,2026-08-27 09:00:00
2026-07-26,141205185,2088,0,51.6355562440,-10.7143779206,-10.7143779206,0.3888889,20,20,0.49927784000000000,0.499277840000,-0.9366822877732022,-0.9366822877732022,-0.9366822877732022,0E-17,ELIGIBLE,R03b_20260811_FULL_v1,L1_ELIGIBILITY,v2026-08-11,2026-03-21..2026-08-06,baccarat_bet02_101_all_pairs_incl_sentinel,round_win = game_pnl > 0 (decisive only),COMPATIBILITY_ONLY_NOT_PRODUCTION,23219.2981,20941.0295,483.4708,3644,3644,-0.02082194,-0.02082194,,-0.02082194,-483.4708,23219.2981,OK,0.0000,19.3388,4.0000,96.0000,AG03-UNRESOLVED,ALL5_LEVELS_bet23_to_bet27,19.3388,19.3388,19.3388,24.1735,24.1735,4.000000,4.000000,4.000000,5.000000,5.000000,96.000000,96.000000,96.000000,95.000000,95.000000,5.0,106.3636,97.4318,377.1072,386.039,PENDING_AG03,FALSE,NOT_FOR_ENFORCEMENT,464.1320,20103.3883,483.4708,464.1320,19.3388,0.02082194,0.01998906,19.3388,464.1320,0.01998906,19.3388,19.3388,19.3388,24.1735,24.1735,464.1320,0.01998906,106.3636,97.4318,377.1072,386.039,0.01624111,0.01662578,0.00083288,6.3719,5.7467,0.1327,24.1735,1.3696,1160.9649,182.2000,6.3719,,2.5818,5.1636,10.2741,10.3271,12.9089,15.4907,5.1636,0.0,2.5,3.0,1.234019,18,135,72,2,1.00000000,0.02082194,0.02082194,0E-8,0.000000,0.901880,0.010977,,2026-07-08,2026-08-06,20,353,182,30,0.666667,,1.000000,3.333333,,,,,,,,GLOBAL_BASELINE_NO_ENTITY_RANKING,,,NOT_APPLICABLE_GLOBAL_BASELINE,HF9g-P5,,,,X 全窗基线 · 不参与实体赏罚,8398830,840,A168_HF9F_20260827_0900,2026-08-27 09:00:00
2026-07-26,141205185,2117,0,15.4906668732,4.9053778432,4.9053778432,1.0000000,3,3,0.50218230000000000,0.502182300000,0.99564488342984,0.99564488342984,0.99564488342984,0E-17,ELIGIBLE,R03b_20260811_FULL_v1,L1_ELIGIBILITY,v2026-08-11,2026-03-21..2026-08-06,baccarat_bet02_101_all_pairs_incl_sentinel,round_win = game_pnl > 0 (decisive only),COMPATIBILITY_ONLY_NOT_PRODUCTION,23219.2981,20941.0295,483.4708,3644,3644,-0.02082194,-0.02082194,,-0.02082194,-483.4708,23219.2981,OK,0.0000,19.3388,4.0000,96.0000,AG03-UNRESOLVED,ALL5_LEVELS_bet23_to_bet27,19.3388,19.3388,19.3388,24.1735,24.1735,4.000000,4.000000,4.000000,5.000000,5.000000,96.000000,96.000000,96.000000,95.000000,95.000000,5.0,106.3636,97.4318,377.1072,386.039,PENDING_AG03,FALSE,NOT_FOR_ENFORCEMENT,464.1320,20103.3883,483.4708,464.1320,19.3388,0.02082194,0.01998906,19.3388,464.1320,0.01998906,19.3388,19.3388,19.3388,24.1735,24.1735,464.1320,0.01998906,106.3636,97.4318,377.1072,386.039,0.01624111,0.01662578,0.00083288,6.3719,5.7467,0.1327,24.1735,1.3696,1160.9649,182.2000,6.3719,,2.5818,5.1636,10.2741,10.3271,12.9089,15.4907,5.1636,0.0,2.5,3.0,1.234019,18,135,72,2,1.00000000,0.02082194,0.02082194,0E-8,0.000000,0.901880,0.010977,,2026-07-08,2026-08-06,20,353,182,30,0.666667,,1.000000,3.333333,,,,,,,,GLOBAL_BASELINE_NO_ENTITY_RANKING,,,NOT_APPLICABLE_GLOBAL_BASELINE,HF9g-P5,,,,X 全窗基线 · 不参与实体赏罚,8398831,840,A168_HF9F_20260827_0900,2026-08-27 09:00:00
2026-07-26,141205185,2147,0,12.9088890610,-7.7453334366,-7.7453334366,0.2500000,4,4,0.49659680000000000,0.496596800000,-0.9864100490137353,-0.9864100490137354,-0.9864100490137353,0E-17,ELIGIBLE,R03b_20260811_FULL_v1,L1_ELIGIBILITY,v2026-08-11,2026-03-21..2026-08-06,baccarat_bet02_101_all_pairs_incl_sentinel,round_win = game_pnl > 0 (decisive only),COMPATIBILITY_ONLY_NOT_PRODUCTION,23219.2981,20941.0295,483.4708,3644,3644,-0.02082194,-0.02082194,,-0.02082194,-483.4708,23219.2981,OK,0.0000,19.3388,4.0000,96.0000,AG03-UNRESOLVED,ALL5_LEVELS_bet23_to_bet27,19.3388,19.3388,19.3388,24.1735,24.1735,4.000000,4.000000,4.000000,5.000000,5.000000,96.000000,96.000000,96.000000,95.000000,95.000000,5.0,106.3636,97.4318,377.1072,386.039,PENDING_AG03,FALSE,NOT_FOR_ENFORCEMENT,464.1320,20103.3883,483.4708,464.1320,19.3388,0.02082194,0.01998906,19.3388,464.1320,0.01998906,19.3388,19.3388,19.3388,24.1735,24.1735,464.1320,0.01998906,106.3636,97.4318,377.1072,386.039,0.01624111,0.01662578,0.00083288,6.3719,5.7467,0.1327,24.1735,1.3696,1160.9649,182.2000,6.3719,,2.5818,5.1636,10.2741,10.3271,12.9089,15.4907,5.1636,0.0,2.5,3.0,1.234019,18,135,72,2,1.00000000,0.02082194,0.02082194,0E-8,0.000000,0.901880,0.010977,,2026-07-08,2026-08-06,20,353,182,30,0.666667,,1.000000,3.333333,,,,,,,,GLOBAL_BASELINE_NO_ENTITY_RANKING,,,NOT_APPLICABLE_GLOBAL_BASELINE,HF9g-P5,,,,X 全窗基线 · 不参与实体赏罚,8398832,840,A168_HF9F_20260827_0900,2026-08-27 09:00:00
2026-07-26,141205185,2153,0,10.3271112488,-5.1635556244,-5.1635556244,0.2500000,4,4,0.49659680000000000,0.496596800000,-0.9864100490137353,-0.9864100490137354,-0.9864100490137353,0E-17,ELIGIBLE,R03b_20260811_FULL_v1,L1_ELIGIBILITY,v2026-08-11,2026-03-21..2026-08-06,baccarat_bet02_101_all_pairs_incl_sentinel,round_win = game_pnl > 0 (decisive only),COMPATIBILITY_ONLY_NOT_PRODUCTION,23219.2981,20941.0295,483.4708,3644,3644,-0.02082194,-0.02082194,,-0.02082194,-483.4708,23219.2981,OK,0.0000,19.3388,4.0000,96.0000,AG03-UNRESOLVED,ALL5_LEVELS_bet23_to_bet27,19.3388,19.3388,19.3388,24.1735,24.1735,4.000000,4.000000,4.000000,5.000000,5.000000,96.000000,96.000000,96.000000,95.000000,95.000000,5.0,106.3636,97.4318,377.1072,386.039,PENDING_AG03,FALSE,NOT_FOR_ENFORCEMENT,464.1320,20103.3883,483.4708,464.1320,19.3388,0.02082194,0.01998906,19.3388,464.1320,0.01998906,19.3388,19.3388,19.3388,24.1735,24.1735,464.1320,0.01998906,106.3636,97.4318,377.1072,386.039,0.01624111,0.01662578,0.00083288,6.3719,5.7467,0.1327,24.1735,1.3696,1160.9649,182.2000,6.3719,,2.5818,5.1636,10.2741,10.3271,12.9089,15.4907,5.1636,0.0,2.5,3.0,1.234019,18,135,72,2,1.00000000,0.02082194,0.02082194,0E-8,0.000000,0.901880,0.010977,,2026-07-08,2026-08-06,20,353,182,30,0.666667,,1.000000,3.333333,,,,,,,,GLOBAL_BASELINE_NO_ENTITY_RANKING,,,NOT_APPLICABLE_GLOBAL_BASELINE,HF9g-P5,,,,X 全窗基线 · 不参与实体赏罚,8398833,840,A168_HF9F_20260827_0900,2026-08-27 09:00:00
2026-07-26,141205185,2216,0,25.8177781220,-10.3271112488,-10.3271112488,0E-7,5,5,0.49324550000000000,0.493245500000,-1.3952362676504506,-1.3952362676504506,-1.3952362676504506,0E-17,ELIGIBLE,R03b_20260811_FULL_v1,L1_ELIGIBILITY,v2026-08-11,2026-03-21..2026-08-06,baccarat_bet02_101_all_pairs_incl_sentinel,round_win = game_pnl > 0 (decisive only),COMPATIBILITY_ONLY_NOT_PRODUCTION,23219.2981,20941.0295,483.4708,3644,3644,-0.02082194,-0.02082194,,-0.02082194,-483.4708,23219.2981,OK,0.0000,19.3388,4.0000,96.0000,AG03-UNRESOLVED,ALL5_LEVELS_bet23_to_bet27,19.3388,19.3388,19.3388,24.1735,24.1735,4.000000,4.000000,4.000000,5.000000,5.000000,96.000000,96.000000,96.000000,95.000000,95.000000,5.0,106.3636,97.4318,377.1072,386.039,PENDING_AG03,FALSE,NOT_FOR_ENFORCEMENT,464.1320,20103.3883,483.4708,464.1320,19.3388,0.02082194,0.01998906,19.3388,464.1320,0.01998906,19.3388,19.3388,19.3388,24.1735,24.1735,464.1320,0.01998906,106.3636,97.4318,377.1072,386.039,0.01624111,0.01662578,0.00083288,6.3719,5.7467,0.1327,24.1735,1.3696,1160.9649,182.2000,6.3719,,2.5818,5.1636,10.2741,10.3271,12.9089,15.4907,5.1636,0.0,2.5,3.0,1.234019,18,135,72,2,1.00000000,0.02082194,0.02082194,0E-8,0.000000,0.901880,0.010977,,2026-07-08,2026-08-06,20,353,182,30,0.666667,,1.000000,3.333333,,,,,,,,GLOBAL_BASELINE_NO_ENTITY_RANKING,,,NOT_APPLICABLE_GLOBAL_BASELINE,HF9g-P5,,,,X 全窗基线 · 不参与实体赏罚,8398834,840,A168_HF9F_20260827_0900,2026-08-27 09:00:00
2026-07-26,141205185,2224,0,20.6542224976,9.5525779052,9.5525779052,0.6666667,3,3,0.50218230000000000,0.502182300000,0.5697959874915163,0.5697959874915164,0.5697959874915163,0E-17,ELIGIBLE,R03b_20260811_FULL_v1,L1_ELIGIBILITY,v2026-08-11,2026-03-21..2026-08-06,baccarat_bet02_101_all_pairs_incl_sentinel,round_win = game_pnl > 0 (decisive only),COMPATIBILITY_ONLY_NOT_PRODUCTION,23219.2981,20941.0295,483.4708,3644,3644,-0.02082194,-0.02082194,,-0.02082194,-483.4708,23219.2981,OK,0.0000,19.3388,4.0000,96.0000,AG03-UNRESOLVED,ALL5_LEVELS_bet23_to_bet27,19.3388,19.3388,19.3388,24.1735,24.1735,4.000000,4.000000,4.000000,5.000000,5.000000,96.000000,96.000000,96.000000,95.000000,95.000000,5.0,106.3636,97.4318,377.1072,386.039,PENDING_AG03,FALSE,NOT_FOR_ENFORCEMENT,464.1320,20103.3883,483.4708,464.1320,19.3388,0.02082194,0.01998906,19.3388,464.1320,0.01998906,19.3388,19.3388,19.3388,24.1735,24.1735,464.1320,0.01998906,106.3636,97.4318,377.1072,386.039,0.01624111,0.01662578,0.00083288,6.3719,5.7467,0.1327,24.1735,1.3696,1160.9649,182.2000,6.3719,,2.5818,5.1636,10.2741,10.3271,12.9089,15.4907,5.1636,0.0,2.5,3.0,1.234019,18,135,72,2,1.00000000,0.02082194,0.02082194,0E-8,0.000000,0.901880,0.010977,,2026-07-08,2026-08-06,20,353,182,30,0.666667,,1.000000,3.333333,,,,,,,,GLOBAL_BASELINE_NO_ENTITY_RANKING,,,NOT_APPLICABLE_GLOBAL_BASELINE,HF9g-P5,,,,X 全窗基线 · 不参与实体赏罚,8398835,840,A168_HF9F_20260827_0900,2026-08-27 09:00:00
2026-07-26,141205185,2261,0,5.1635556244,4.9053778432,4.9053778432,1.0000000,1,1,0.50665070000000000,0.506650700000,0.9867858985152569,0.9867858985152569,0.9867858985152569,0E-17,ELIGIBLE,R03b_20260811_FULL_v1,L1_ELIGIBILITY,v2026-08-11,2026-03-21..2026-08-06,baccarat_bet02_101_all_pairs_incl_sentinel,round_win = game_pnl > 0 (decisive only),COMPATIBILITY_ONLY_NOT_PRODUCTION,23219.2981,20941.0295,483.4708,3644,3644,-0.02082194,-0.02082194,,-0.02082194,-483.4708,23219.2981,OK,0.0000,19.3388,4.0000,96.0000,AG03-UNRESOLVED,ALL5_LEVELS_bet23_to_bet27,19.3388,19.3388,19.3388,24.1735,24.1735,4.000000,4.000000,4.000000,5.000000,5.000000,96.000000,96.000000,96.000000,95.000000,95.000000,5.0,106.3636,97.4318,377.1072,386.039,PENDING_AG03,FALSE,NOT_FOR_ENFORCEMENT,464.1320,20103.3883,483.4708,464.1320,19.3388,0.02082194,0.01998906,19.3388,464.1320,0.01998906,19.3388,19.3388,19.3388,24.1735,24.1735,464.1320,0.01998906,106.3636,97.4318,377.1072,386.039,0.01624111,0.01662578,0.00083288,6.3719,5.7467,0.1327,24.1735,1.3696,1160.9649,182.2000,6.3719,,2.5818,5.1636,10.2741,10.3271,12.9089,15.4907,5.1636,0.0,2.5,3.0,1.234019,18,135,72,2,1.00000000,0.02082194,0.02082194,0E-8,0.000000,0.901880,0.010977,,2026-07-08,2026-08-06,20,353,182,30,0.666667,,1.000000,3.333333,,,,,,,,GLOBAL_BASELINE_NO_ENTITY_RANKING,,,NOT_APPLICABLE_GLOBAL_BASELINE,HF9g-P5,,,,X 全窗基线 · 不参与实体赏罚,8398836,840,A168_HF9F_20260827_0900,2026-08-27 09:00:00
2026-07-26,141205185,2281,0,23.2360003098,-15.4906668732,-15.4906668732,0.1250000,9,9,0.49771390000000000,0.497713900000,-2.1084102473467023,-2.108410247346703,-2.1084102473467023,0E-17,ELIGIBLE,R03b_20260811_FULL_v1,L1_ELIGIBILITY,v2026-08-11,2026-03-21..2026-08-06,baccarat_bet02_101_all_pairs_incl_sentinel,round_win = game_pnl > 0 (decisive only),COMPATIBILITY_ONLY_NOT_PRODUCTION,23219.2981,20941.0295,483.4708,3644,3644,-0.02082194,-0.02082194,,-0.02082194,-483.4708,23219.2981,OK,0.0000,19.3388,4.0000,96.0000,AG03-UNRESOLVED,ALL5_LEVELS_bet23_to_bet27,19.3388,19.3388,19.3388,24.1735,24.1735,4.000000,4.000000,4.000000,5.000000,5.000000,96.000000,96.000000,96.000000,95.000000,95.000000,5.0,106.3636,97.4318,377.1072,386.039,PENDING_AG03,FALSE,NOT_FOR_ENFORCEMENT,464.1320,20103.3883,483.4708,464.1320,19.3388,0.02082194,0.01998906,19.3388,464.1320,0.01998906,19.3388,19.3388,19.3388,24.1735,24.1735,464.1320,0.01998906,106.3636,97.4318,377.1072,386.039,0.01624111,0.01662578,0.00083288,6.3719,5.7467,0.1327,24.1735,1.3696,1160.9649,182.2000,6.3719,,2.5818,5.1636,10.2741,10.3271,12.9089,15.4907,5.1636,0.0,2.5,3.0,1.234019,18,135,72,2,1.00000000,0.02082194,0.02082194,0E-8,0.000000,0.901880,0.010977,,2026-07-08,2026-08-06,20,353,182,30,0.666667,,1.000000,3.333333,,,,,,,,GLOBAL_BASELINE_NO_ENTITY_RANKING,,,NOT_APPLICABLE_GLOBAL_BASELINE,HF9g-P5,,,,X 全窗基线 · 不参与实体赏罚,8398837,840,A168_HF9F_20260827_0900,2026-08-27 09:00:00
2026-07-26,141205185,471,0,25.8177781220,-5.6799111868,-5.6799111868,0.2500000,4,4,0.50665070000000000,0.506650700000,-1.0266936290537745,-1.0266936290537745,-1.0266936290537745,0E-17,ELIGIBLE,R03b_20260811_FULL_v1,L1_ELIGIBILITY,v2026-08-11,2026-03-21..2026-08-06,baccarat_bet02_101_all_pairs_incl_sentinel,round_win = game_pnl > 0 (decisive only),COMPATIBILITY_ONLY_NOT_PRODUCTION,23219.2981,20941.0295,483.4708,3644,3644,-0.02082194,-0.02082194,,-0.02082194,-483.4708,23219.2981,OK,0.0000,19.3388,4.0000,96.0000,AG03-UNRESOLVED,ALL5_LEVELS_bet23_to_bet27,19.3388,19.3388,19.3388,24.1735,24.1735,4.000000,4.000000,4.000000,5.000000,5.000000,96.000000,96.000000,96.000000,95.000000,95.000000,5.0,106.3636,97.4318,377.1072,386.039,PENDING_AG03,FALSE,NOT_FOR_ENFORCEMENT,464.1320,20103.3883,483.4708,464.1320,19.3388,0.02082194,0.01998906,19.3388,464.1320,0.01998906,19.3388,19.3388,19.3388,24.1735,24.1735,464.1320,0.01998906,106.3636,97.4318,377.1072,386.039,0.01624111,0.01662578,0.00083288,6.3719,5.7467,0.1327,24.1735,1.3696,1160.9649,182.2000,6.3719,,2.5818,5.1636,10.2741,10.3271,12.9089,15.4907,5.1636,0.0,2.5,3.0,1.234019,18,135,72,2,1.00000000,0.02082194,0.02082194,0E-8,0.000000,0.901880,0.010977,,2026-07-08,2026-08-06,20,353,182,30,0.666667,,1.000000,3.333333,,,,,,,,GLOBAL_BASELINE_NO_ENTITY_RANKING,,,NOT_APPLICABLE_GLOBAL_BASELINE,HF9g-P5,,,,X 全窗基线 · 不参与实体赏罚,8398838,840,A168_HF9F_20260827_0900,2026-08-27 09:00:00
2026-07-26,141205185,759,0,265.9231146566,64.1571786336,64.1571786336,0.6000000,35,35,0.50243763714285714,0.502437637143,1.1543871639725092,1.1543871639708205,1.1543871639725092,-1.4286E-13,ELIGIBLE,R03b_20260811_FULL_v1,L1_ELIGIBILITY,v2026-08-11,2026-03-21..2026-08-06,baccarat_bet02_101_all_pairs_incl_sentinel,round_win = game_pnl > 0 (decisive only),COMPATIBILITY_ONLY_NOT_PRODUCTION,23219.2981,20941.0295,483.4708,3644,3644,-0.02082194,-0.02082194,,-0.02082194,-483.4708,23219.2981,OK,0.0000,19.3388,4.0000,96.0000,AG03-UNRESOLVED,ALL5_LEVELS_bet23_to_bet27,19.3388,19.3388,19.3388,24.1735,24.1735,4.000000,4.000000,4.000000,5.000000,5.000000,96.000000,96.000000,96.000000,95.000000,95.000000,5.0,106.3636,97.4318,377.1072,386.039,PENDING_AG03,FALSE,NOT_FOR_ENFORCEMENT,464.1320,20103.3883,483.4708,464.1320,19.3388,0.02082194,0.01998906,19.3388,464.1320,0.01998906,19.3388,19.3388,19.3388,24.1735,24.1735,464.1320,0.01998906,106.3636,97.4318,377.1072,386.039,0.01624111,0.01662578,0.00083288,6.3719,5.7467,0.1327,24.1735,1.3696,1160.9649,182.2000,6.3719,,2.5818,5.1636,10.2741,10.3271,12.9089,15.4907,5.1636,0.0,2.5,3.0,1.234019,18,135,72,2,1.00000000,0.02082194,0.02082194,0E-8,0.000000,0.901880,0.010977,,2026-07-08,2026-08-06,20,353,182,30,0.666667,,1.000000,3.333333,,,,,,,,GLOBAL_BASELINE_NO_ENTITY_RANKING,,,NOT_APPLICABLE_GLOBAL_BASELINE,HF9g-P5,,,,X 全窗基线 · 不参与实体赏罚,8398839,840,A168_HF9F_20260827_0900,2026-08-27 09:00:00
2026-07-27,141205185,1306,0,12.9088890610,2.3236000310,2.3236000310,0.6000000,5,5,0.50128862000000000,0.501288620000,0.4414521777673877,0.4414521777673877,0.4414521777673877,0E-17,ELIGIBLE,R03b_20260811_FULL_v1,L1_ELIGIBILITY,v2026-08-11,2026-03-21..2026-08-06,baccarat_bet02_101_all_pairs_incl_sentinel,round_win = game_pnl > 0 (decisive only),COMPATIBILITY_ONLY_NOT_PRODUCTION,23219.2981,20941.0295,483.4708,3644,3644,-0.02082194,-0.02082194,,-0.02082194,-483.4708,23219.2981,OK,0.0000,19.3388,4.0000,96.0000,AG03-UNRESOLVED,ALL5_LEVELS_bet23_to_bet27,19.3388,19.3388,19.3388,24.1735,24.1735,4.000000,4.000000,4.000000,5.000000,5.000000,96.000000,96.000000,96.000000,95.000000,95.000000,5.0,106.3636,97.4318,377.1072,386.039,PENDING_AG03,FALSE,NOT_FOR_ENFORCEMENT,464.1320,20103.3883,483.4708,464.1320,19.3388,0.02082194,0.01998906,19.3388,464.1320,0.01998906,19.3388,19.3388,19.3388,24.1735,24.1735,464.1320,0.01998906,106.3636,97.4318,377.1072,386.039,0.01624111,0.01662578,0.00083288,6.3719,5.7467,0.1327,24.1735,1.3696,1160.9649,182.2000,6.3719,,2.5818,5.1636,10.2741,10.3271,12.9089,15.4907,5.1636,0.0,2.5,3.0,1.234019,18,135,72,2,1.00000000,0.02082194,0.02082194,0E-8,0.000000,0.901880,0.010977,,2026-07-08,2026-08-06,20,353,182,30,0.666667,,1.000000,3.333333,,,,,,,,GLOBAL_BASELINE_NO_ENTITY_RANKING,,,NOT_APPLICABLE_GLOBAL_BASELINE,HF9g-P5,,,,X 全窗基线 · 不参与实体赏罚,8398840,840,A168_HF9F_20260827_0900,2026-08-27 09:00:00
2026-07-27,141205185,1384,0,28.3995559342,-5.2926445150,-5.2926445150,0.4285714,10,10,0.50128862000000000,0.501288620000,-0.3847844870214992,-0.3847844870214992,-0.3847844870214992,0E-17,ELIGIBLE,R03b_20260811_FULL_v1,L1_ELIGIBILITY,v2026-08-11,2026-03-21..2026-08-06,baccarat_bet02_101_all_pairs_incl_sentinel,round_win = game_pnl > 0 (decisive only),COMPATIBILITY_ONLY_NOT_PRODUCTION,23219.2981,20941.0295,483.4708,3644,3644,-0.02082194,-0.02082194,,-0.02082194,-483.4708,23219.2981,OK,0.0000,19.3388,4.0000,96.0000,AG03-UNRESOLVED,ALL5_LEVELS_bet23_to_bet27,19.3388,19.3388,19.3388,24.1735,24.1735,4.000000,4.000000,4.000000,5.000000,5.000000,96.000000,96.000000,96.000000,95.000000,95.000000,5.0,106.3636,97.4318,377.1072,386.039,PENDING_AG03,FALSE,NOT_FOR_ENFORCEMENT,464.1320,20103.3883,483.4708,464.1320,19.3388,0.02082194,0.01998906,19.3388,464.1320,0.01998906,19.3388,19.3388,19.3388,24.1735,24.1735,464.1320,0.01998906,106.3636,97.4318,377.1072,386.039,0.01624111,0.01662578,0.00083288,6.3719,5.7467,0.1327,24.1735,1.3696,1160.9649,182.2000,6.3719,,2.5818,5.1636,10.2741,10.3271,12.9089,15.4907,5.1636,0.0,2.5,3.0,1.234019,18,135,72,2,1.00000000,0.02082194,0.02082194,0E-8,0.000000,0.901880,0.010977,,2026-07-08,2026-08-06,20,353,182,30,0.666667,,1.000000,3.333333,,,,,,,,GLOBAL_BASELINE_NO_ENTITY_RANKING,,,NOT_APPLICABLE_GLOBAL_BASELINE,HF9g-P5,,,,X 全窗基线 · 不参与实体赏罚,8398841,840,A168_HF9F_20260827_0900,2026-08-27 09:00:00
2026-07-27,141205185,1623,0,15.4906668732,-15.4906668732,-15.4906668732,0E-7,2,2,0.49994810000000000,0.499948100000,-1.4140667746232096,-1.4140667746232096,-1.4140667746232096,0E-17,ELIGIBLE,R03b_20260811_FULL_v1,L1_ELIGIBILITY,v2026-08-11,2026-03-21..2026-08-06,baccarat_bet02_101_all_pairs_incl_sentinel,round_win = game_pnl > 0 (decisive only),COMPATIBILITY_ONLY_NOT_PRODUCTION,23219.2981,20941.0295,483.4708,3644,3644,-0.02082194,-0.02082194,,-0.02082194,-483.4708,23219.2981,OK,0.0000,19.3388,4.0000,96.0000,AG03-UNRESOLVED,ALL5_LEVELS_bet23_to_bet27,19.3388,19.3388,19.3388,24.1735,24.1735,4.000000,4.000000,4.000000,5.000000,5.000000,96.000000,96.000000,96.000000,95.000000,95.000000,5.0,106.3636,97.4318,377.1072,386.039,PENDING_AG03,FALSE,NOT_FOR_ENFORCEMENT,464.1320,20103.3883,483.4708,464.1320,19.3388,0.02082194,0.01998906,19.3388,464.1320,0.01998906,19.3388,19.3388,19.3388,24.1735,24.1735,464.1320,0.01998906,106.3636,97.4318,377.1072,386.039,0.01624111,0.01662578,0.00083288,6.3719,5.7467,0.1327,24.1735,1.3696,1160.9649,182.2000,6.3719,,2.5818,5.1636,10.2741,10.3271,12.9089,15.4907,5.1636,0.0,2.5,3.0,1.234019,18,135,72,2,1.00000000,0.02082194,0.02082194,0E-8,0.000000,0.901880,0.010977,,2026-07-08,2026-08-06,20,353,182,30,0.666667,,1.000000,3.333333,,,,,,,,GLOBAL_BASELINE_NO_ENTITY_RANKING,,,NOT_APPLICABLE_GLOBAL_BASELINE,HF9g-P5,,,,X 全窗基线 · 不参与实体赏罚,8398842,840,A168_HF9F_20260827_0900,2026-08-27 09:00:00
2026-07-27,141205185,2103,0,56.7991118684,13.9416001860,13.9416001860,0.5714286,9,9,0.50218230000000000,0.502182300000,0.3664203169582075,0.3664203169582075,0.3664203169582075,0E-17,ELIGIBLE,R03b_20260811_FULL_v1,L1_ELIGIBILITY,v2026-08-11,2026-03-21..2026-08-06,baccarat_bet02_101_all_pairs_incl_sentinel,round_win = game_pnl > 0 (decisive only),COMPATIBILITY_ONLY_NOT_PRODUCTION,23219.2981,20941.0295,483.4708,3644,3644,-0.02082194,-0.02082194,,-0.02082194,-483.4708,23219.2981,OK,0.0000,19.3388,4.0000,96.0000,AG03-UNRESOLVED,ALL5_LEVELS_bet23_to_bet27,19.3388,19.3388,19.3388,24.1735,24.1735,4.000000,4.000000,4.000000,5.000000,5.000000,96.000000,96.000000,96.000000,95.000000,95.000000,5.0,106.3636,97.4318,377.1072,386.039,PENDING_AG03,FALSE,NOT_FOR_ENFORCEMENT,464.1320,20103.3883,483.4708,464.1320,19.3388,0.02082194,0.01998906,19.3388,464.1320,0.01998906,19.3388,19.3388,19.3388,24.1735,24.1735,464.1320,0.01998906,106.3636,97.4318,377.1072,386.039,0.01624111,0.01662578,0.00083288,6.3719,5.7467,0.1327,24.1735,1.3696,1160.9649,182.2000,6.3719,,2.5818,5.1636,10.2741,10.3271,12.9089,15.4907,5.1636,0.0,2.5,3.0,1.234019,18,135,72,2,1.00000000,0.02082194,0.02082194,0E-8,0.000000,0.901880,0.010977,,2026-07-08,2026-08-06,20,353,182,30,0.666667,,1.000000,3.333333,,,,,,,,GLOBAL_BASELINE_NO_ENTITY_RANKING,,,NOT_APPLICABLE_GLOBAL_BASELINE,HF9g-P5,,,,X 全窗基线 · 不参与实体赏罚,8398843,840,A168_HF9F_20260827_0900,2026-08-27 09:00:00
2026-07-27,141205185,2106,0,15.4906668732,-5.4217334056,-5.4217334056,0.5000000,2,2,0.50665070000000000,0.506650700000,-0.018812684590367487,-0.018812684590367487,-0.018812684590367487,0E-17,ELIGIBLE,R03b_20260811_FULL_v1,L1_ELIGIBILITY,v2026-08-11,2026-03-21..2026-08-06,baccarat_bet02_101_all_pairs_incl_sentinel,round_win = game_pnl > 0 (decisive only),COMPATIBILITY_ONLY_NOT_PRODUCTION,23219.2981,20941.0295,483.4708,3644,3644,-0.02082194,-0.02082194,,-0.02082194,-483.4708,23219.2981,OK,0.0000,19.3388,4.0000,96.0000,AG03-UNRESOLVED,ALL5_LEVELS_bet23_to_bet27,19.3388,19.3388,19.3388,24.1735,24.1735,4.000000,4.000000,4.000000,5.000000,5.000000,96.000000,96.000000,96.000000,95.000000,95.000000,5.0,106.3636,97.4318,377.1072,386.039,PENDING_AG03,FALSE,NOT_FOR_ENFORCEMENT,464.1320,20103.3883,483.4708,464.1320,19.3388,0.02082194,0.01998906,19.3388,464.1320,0.01998906,19.3388,19.3388,19.3388,24.1735,24.1735,464.1320,0.01998906,106.3636,97.4318,377.1072,386.039,0.01624111,0.01662578,0.00083288,6.3719,5.7467,0.1327,24.1735,1.3696,1160.9649,182.2000,6.3719,,2.5818,5.1636,10.2741,10.3271,12.9089,15.4907,5.1636,0.0,2.5,3.0,1.234019,18,135,72,2,1.00000000,0.02082194,0.02082194,0E-8,0.000000,0.901880,0.010977,,2026-07-08,2026-08-06,20,353,182,30,0.666667,,1.000000,3.333333,,,,,,,,GLOBAL_BASELINE_NO_ENTITY_RANKING,,,NOT_APPLICABLE_GLOBAL_BASELINE,HF9g-P5,,,,X 全窗基线 · 不参与实体赏罚,8398844,840,A168_HF9F_20260827_0900,2026-08-27 09:00:00
2026-07-27,141205185,2123,0,5.1635556244,-5.1635556244,-5.1635556244,0E-7,1,1,0.49324550000000000,0.493245500000,-0.9865810262130424,-0.9865810262130424,-0.9865810262130424,0E-17,ELIGIBLE,R03b_20260811_FULL_v1,L1_ELIGIBILITY,v2026-08-11,2026-03-21..2026-08-06,baccarat_bet02_101_all_pairs_incl_sentinel,round_win = game_pnl > 0 (decisive only),COMPATIBILITY_ONLY_NOT_PRODUCTION,23219.2981,20941.0295,483.4708,3644,3644,-0.02082194,-0.02082194,,-0.02082194,-483.4708,23219.2981,OK,0.0000,19.3388,4.0000,96.0000,AG03-UNRESOLVED,ALL5_LEVELS_bet23_to_bet27,19.3388,19.3388,19.3388,24.1735,24.1735,4.000000,4.000000,4.000000,5.000000,5.000000,96.000000,96.000000,96.000000,95.000000,95.000000,5.0,106.3636,97.4318,377.1072,386.039,PENDING_AG03,FALSE,NOT_FOR_ENFORCEMENT,464.1320,20103.3883,483.4708,464.1320,19.3388,0.02082194,0.01998906,19.3388,464.1320,0.01998906,19.3388,19.3388,19.3388,24.1735,24.1735,464.1320,0.01998906,106.3636,97.4318,377.1072,386.039,0.01624111,0.01662578,0.00083288,6.3719,5.7467,0.1327,24.1735,1.3696,1160.9649,182.2000,6.3719,,2.5818,5.1636,10.2741,10.3271,12.9089,15.4907,5.1636,0.0,2.5,3.0,1.234019,18,135,72,2,1.00000000,0.02082194,0.02082194,0E-8,0.000000,0.901880,0.010977,,2026-07-08,2026-08-06,20,353,182,30,0.666667,,1.000000,3.333333,,,,,,,,GLOBAL_BASELINE_NO_ENTITY_RANKING,,,NOT_APPLICABLE_GLOBAL_BASELINE,HF9g-P5,,,,X 全窗基线 · 不参与实体赏罚,8398845,840,A168_HF9F_20260827_0900,2026-08-27 09:00:00
2026-07-27,141205185,2145,0,92.9440012392,-16.7815557792,-16.7815557792,0.5000000,15,15,0.50039494000000000,0.500394940000,-0.0029554612586366736,-0.0029554612586366736,-0.0029554612586366736,0E-17,ELIGIBLE,R03b_20260811_FULL_v1,L1_ELIGIBILITY,v2026-08-11,2026-03-21..2026-08-06,baccarat_bet02_101_all_pairs_incl_sentinel,round_win = game_pnl > 0 (decisive only),COMPATIBILITY_ONLY_NOT_PRODUCTION,23219.2981,20941.0295,483.4708,3644,3644,-0.02082194,-0.02082194,,-0.02082194,-483.4708,23219.2981,OK,0.0000,19.3388,4.0000,96.0000,AG03-UNRESOLVED,ALL5_LEVELS_bet23_to_bet27,19.3388,19.3388,19.3388,24.1735,24.1735,4.000000,4.000000,4.000000,5.000000,5.000000,96.000000,96.000000,96.000000,95.000000,95.000000,5.0,106.3636,97.4318,377.1072,386.039,PENDING_AG03,FALSE,NOT_FOR_ENFORCEMENT,464.1320,20103.3883,483.4708,464.1320,19.3388,0.02082194,0.01998906,19.3388,464.1320,0.01998906,19.3388,19.3388,19.3388,24.1735,24.1735,464.1320,0.01998906,106.3636,97.4318,377.1072,386.039,0.01624111,0.01662578,0.00083288,6.3719,5.7467,0.1327,24.1735,1.3696,1160.9649,182.2000,6.3719,,2.5818,5.1636,10.2741,10.3271,12.9089,15.4907,5.1636,0.0,2.5,3.0,1.234019,18,135,72,2,1.00000000,0.02082194,0.02082194,0E-8,0.000000,0.901880,0.010977,,2026-07-08,2026-08-06,20,353,182,30,0.666667,,1.000000,3.333333,,,,,,,,GLOBAL_BASELINE_NO_ENTITY_RANKING,,,NOT_APPLICABLE_GLOBAL_BASELINE,HF9g-P5,,,,X 全窗基线 · 不参与实体赏罚,8398846,840,A168_HF9F_20260827_0900,2026-08-27 09:00:00
2026-07-27,141205185,2169,0,41.3084449952,10.0689334676,10.0689334676,0.6250000,8,8,0.49827245000000000,0.498272450000,0.7168835587341966,0.7168835587341966,0.7168835587341966,0E-17,ELIGIBLE,R03b_20260811_FULL_v1,L1_ELIGIBILITY,v2026-08-11,2026-03-21..2026-08-06,baccarat_bet02_101_all_pairs_incl_sentinel,round_win = game_pnl > 0 (decisive only),COMPATIBILITY_ONLY_NOT_PRODUCTION,23219.2981,20941.0295,483.4708,3644,3644,-0.02082194,-0.02082194,,-0.02082194,-483.4708,23219.2981,OK,0.0000,19.3388,4.0000,96.0000,AG03-UNRESOLVED,ALL5_LEVELS_bet23_to_bet27,19.3388,19.3388,19.3388,24.1735,24.1735,4.000000,4.000000,4.000000,5.000000,5.000000,96.000000,96.000000,96.000000,95.000000,95.000000,5.0,106.3636,97.4318,377.1072,386.039,PENDING_AG03,FALSE,NOT_FOR_ENFORCEMENT,464.1320,20103.3883,483.4708,464.1320,19.3388,0.02082194,0.01998906,19.3388,464.1320,0.01998906,19.3388,19.3388,19.3388,24.1735,24.1735,464.1320,0.01998906,106.3636,97.4318,377.1072,386.039,0.01624111,0.01662578,0.00083288,6.3719,5.7467,0.1327,24.1735,1.3696,1160.9649,182.2000,6.3719,,2.5818,5.1636,10.2741,10.3271,12.9089,15.4907,5.1636,0.0,2.5,3.0,1.234019,18,135,72,2,1.00000000,0.02082194,0.02082194,0E-8,0.000000,0.901880,0.010977,,2026-07-08,2026-08-06,20,353,182,30,0.666667,,1.000000,3.333333,,,,,,,,GLOBAL_BASELINE_NO_ENTITY_RANKING,,,NOT_APPLICABLE_GLOBAL_BASELINE,HF9g-P5,,,,X 全窗基线 · 不参与实体赏罚,8398847,840,A168_HF9F_20260827_0900,2026-08-27 09:00:00
2026-07-27,141205185,2170,0,167.8155577930,31.7558670902,31.7558670902,0.5454545,23,23,0.49965668260869565,0.499656682609,0.42962213659322324,0.429622136590368,0.42962213659322324,-3.0435E-13,ELIGIBLE,R03b_20260811_FULL_v1,L1_ELIGIBILITY,v2026-08-11,2026-03-21..2026-08-06,baccarat_bet02_101_all_pairs_incl_sentinel,round_win = game_pnl > 0 (decisive only),COMPATIBILITY_ONLY_NOT_PRODUCTION,23219.2981,20941.0295,483.4708,3644,3644,-0.02082194,-0.02082194,,-0.02082194,-483.4708,23219.2981,OK,0.0000,19.3388,4.0000,96.0000,AG03-UNRESOLVED,ALL5_LEVELS_bet23_to_bet27,19.3388,19.3388,19.3388,24.1735,24.1735,4.000000,4.000000,4.000000,5.000000,5.000000,96.000000,96.000000,96.000000,95.000000,95.000000,5.0,106.3636,97.4318,377.1072,386.039,PENDING_AG03,FALSE,NOT_FOR_ENFORCEMENT,464.1320,20103.3883,483.4708,464.1320,19.3388,0.02082194,0.01998906,19.3388,464.1320,0.01998906,19.3388,19.3388,19.3388,24.1735,24.1735,464.1320,0.01998906,106.3636,97.4318,377.1072,386.039,0.01624111,0.01662578,0.00083288,6.3719,5.7467,0.1327,24.1735,1.3696,1160.9649,182.2000,6.3719,,2.5818,5.1636,10.2741,10.3271,12.9089,15.4907,5.1636,0.0,2.5,3.0,1.234019,18,135,72,2,1.00000000,0.02082194,0.02082194,0E-8,0.000000,0.901880,0.010977,,2026-07-08,2026-08-06,20,353,182,30,0.666667,,1.000000,3.333333,,,,,,,,GLOBAL_BASELINE_NO_ENTITY_RANKING,,,NOT_APPLICABLE_GLOBAL_BASELINE,HF9g-P5,,,,X 全窗基线 · 不参与实体赏罚,8398848,840,A168_HF9F_20260827_0900,2026-08-27 09:00:00
2026-07-27,141205185,2196,0,51.6355562440,-10.3271112488,-10.3271112488,0.3333333,4,4,0.49324550000000000,0.493245500000,-0.5540025479526107,-0.5540025479526106,-0.5540025479526107,0E-17,ELIGIBLE,R03b_20260811_FULL_v1,L1_ELIGIBILITY,v2026-08-11,2026-03-21..2026-08-06,baccarat_bet02_101_all_pairs_incl_sentinel,round_win = game_pnl > 0 (decisive only),COMPATIBILITY_ONLY_NOT_PRODUCTION,23219.2981,20941.0295,483.4708,3644,3644,-0.02082194,-0.02082194,,-0.02082194,-483.4708,23219.2981,OK,0.0000,19.3388,4.0000,96.0000,AG03-UNRESOLVED,ALL5_LEVELS_bet23_to_bet27,19.3388,19.3388,19.3388,24.1735,24.1735,4.000000,4.000000,4.000000,5.000000,5.000000,96.000000,96.000000,96.000000,95.000000,95.000000,5.0,106.3636,97.4318,377.1072,386.039,PENDING_AG03,FALSE,NOT_FOR_ENFORCEMENT,464.1320,20103.3883,483.4708,464.1320,19.3388,0.02082194,0.01998906,19.3388,464.1320,0.01998906,19.3388,19.3388,19.3388,24.1735,24.1735,464.1320,0.01998906,106.3636,97.4318,377.1072,386.039,0.01624111,0.01662578,0.00083288,6.3719,5.7467,0.1327,24.1735,1.3696,1160.9649,182.2000,6.3719,,2.5818,5.1636,10.2741,10.3271,12.9089,15.4907,5.1636,0.0,2.5,3.0,1.234019,18,135,72,2,1.00000000,0.02082194,0.02082194,0E-8,0.000000,0.901880,0.010977,,2026-07-08,2026-08-06,20,353,182,30,0.666667,,1.000000,3.333333,,,,,,,,GLOBAL_BASELINE_NO_ENTITY_RANKING,,,NOT_APPLICABLE_GLOBAL_BASELINE,HF9g-P5,,,,X 全窗基线 · 不参与实体赏罚,8398849,840,A168_HF9F_20260827_0900,2026-08-27 09:00:00
2026-07-27,141205185,2246,0,2.5817778122,-2.5817778122,-2.5817778122,0E-7,1,1,0.49324550000000000,0.493245500000,-0.9865810262130424,-0.9865810262130424,-0.9865810262130424,0E-17,ELIGIBLE,R03b_20260811_FULL_v1,L1_ELIGIBILITY,v2026-08-11,2026-03-21..2026-08-06,baccarat_bet02_101_all_pairs_incl_sentinel,round_win = game_pnl > 0 (decisive only),COMPATIBILITY_ONLY_NOT_PRODUCTION,23219.2981,20941.0295,483.4708,3644,3644,-0.02082194,-0.02082194,,-0.02082194,-483.4708,23219.2981,OK,0.0000,19.3388,4.0000,96.0000,AG03-UNRESOLVED,ALL5_LEVELS_bet23_to_bet27,19.3388,19.3388,19.3388,24.1735,24.1735,4.000000,4.000000,4.000000,5.000000,5.000000,96.000000,96.000000,96.000000,95.000000,95.000000,5.0,106.3636,97.4318,377.1072,386.039,PENDING_AG03,FALSE,NOT_FOR_ENFORCEMENT,464.1320,20103.3883,483.4708,464.1320,19.3388,0.02082194,0.01998906,19.3388,464.1320,0.01998906,19.3388,19.3388,19.3388,24.1735,24.1735,464.1320,0.01998906,106.3636,97.4318,377.1072,386.039,0.01624111,0.01662578,0.00083288,6.3719,5.7467,0.1327,24.1735,1.3696,1160.9649,182.2000,6.3719,,2.5818,5.1636,10.2741,10.3271,12.9089,15.4907,5.1636,0.0,2.5,3.0,1.234019,18,135,72,2,1.00000000,0.02082194,0.02082194,0E-8,0.000000,0.901880,0.010977,,2026-07-08,2026-08-06,20,353,182,30,0.666667,,1.000000,3.333333,,,,,,,,GLOBAL_BASELINE_NO_ENTITY_RANKING,,,NOT_APPLICABLE_GLOBAL_BASELINE,HF9g-P5,,,,X 全窗基线 · 不参与实体赏罚,8398850,840,A168_HF9F_20260827_0900,2026-08-27 09:00:00
2026-07-27,141205185,526,0,5.1635556244,-5.1635556244,-5.1635556244,0E-7,2,2,0.49994810000000000,0.499948100000,-1.4140667746232096,-1.4140667746232096,-1.4140667746232096,0E-17,ELIGIBLE,R03b_20260811_FULL_v1,L1_ELIGIBILITY,v2026-08-11,2026-03-21..2026-08-06,baccarat_bet02_101_all_pairs_incl_sentinel,round_win = game_pnl > 0 (decisive only),COMPATIBILITY_ONLY_NOT_PRODUCTION,23219.2981,20941.0295,483.4708,3644,3644,-0.02082194,-0.02082194,,-0.02082194,-483.4708,23219.2981,OK,0.0000,19.3388,4.0000,96.0000,AG03-UNRESOLVED,ALL5_LEVELS_bet23_to_bet27,19.3388,19.3388,19.3388,24.1735,24.1735,4.000000,4.000000,4.000000,5.000000,5.000000,96.000000,96.000000,96.000000,95.000000,95.000000,5.0,106.3636,97.4318,377.1072,386.039,PENDING_AG03,FALSE,NOT_FOR_ENFORCEMENT,464.1320,20103.3883,483.4708,464.1320,19.3388,0.02082194,0.01998906,19.3388,464.1320,0.01998906,19.3388,19.3388,19.3388,24.1735,24.1735,464.1320,0.01998906,106.3636,97.4318,377.1072,386.039,0.01624111,0.01662578,0.00083288,6.3719,5.7467,0.1327,24.1735,1.3696,1160.9649,182.2000,6.3719,,2.5818,5.1636,10.2741,10.3271,12.9089,15.4907,5.1636,0.0,2.5,3.0,1.234019,18,135,72,2,1.00000000,0.02082194,0.02082194,0E-8,0.000000,0.901880,0.010977,,2026-07-08,2026-08-06,20,353,182,30,0.666667,,1.000000,3.333333,,,,,,,,GLOBAL_BASELINE_NO_ENTITY_RANKING,,,NOT_APPLICABLE_GLOBAL_BASELINE,HF9g-P5,,,,X 全窗基线 · 不参与实体赏罚,8398851,840,A168_HF9F_20260827_0900,2026-08-27 09:00:00
2026-07-27,141205185,986,0,2.5817778122,-2.5817778122,-2.5817778122,0E-7,1,1,0.50665070000000000,0.506650700000,-1.013391052207602,-1.013391052207602,-1.013391052207602,0E-17,ELIGIBLE,R03b_20260811_FULL_v1,L1_ELIGIBILITY,v2026-08-11,2026-03-21..2026-08-06,baccarat_bet02_101_all_pairs_incl_sentinel,round_win = game_pnl > 0 (decisive only),COMPATIBILITY_ONLY_NOT_PRODUCTION,23219.2981,20941.0295,483.4708,3644,3644,-0.02082194,-0.02082194,,-0.02082194,-483.4708,23219.2981,OK,0.0000,19.3388,4.0000,96.0000,AG03-UNRESOLVED,ALL5_LEVELS_bet23_to_bet27,19.3388,19.3388,19.3388,24.1735,24.1735,4.000000,4.000000,4.000000,5.000000,5.000000,96.000000,96.000000,96.000000,95.000000,95.000000,5.0,106.3636,97.4318,377.1072,386.039,PENDING_AG03,FALSE,NOT_FOR_ENFORCEMENT,464.1320,20103.3883,483.4708,464.1320,19.3388,0.02082194,0.01998906,19.3388,464.1320,0.01998906,19.3388,19.3388,19.3388,24.1735,24.1735,464.1320,0.01998906,106.3636,97.4318,377.1072,386.039,0.01624111,0.01662578,0.00083288,6.3719,5.7467,0.1327,24.1735,1.3696,1160.9649,182.2000,6.3719,,2.5818,5.1636,10.2741,10.3271,12.9089,15.4907,5.1636,0.0,2.5,3.0,1.234019,18,135,72,2,1.00000000,0.02082194,0.02082194,0E-8,0.000000,0.901880,0.010977,,2026-07-08,2026-08-06,20,353,182,30,0.666667,,1.000000,3.333333,,,,,,,,GLOBAL_BASELINE_NO_ENTITY_RANKING,,,NOT_APPLICABLE_GLOBAL_BASELINE,HF9g-P5,,,,X 全窗基线 · 不参与实体赏罚,8398852,840,A168_HF9F_20260827_0900,2026-08-27 09:00:00
2026-07-28,141205185,1157,0,36.1448893708,-5.5508222962,-5.5508222962,0.4166667,14,14,0.49994810000000000,0.499948100000,-0.5769906985503502,-0.5769906985503502,-0.5769906985503502,0E-17,ELIGIBLE,R03b_20260811_FULL_v1,L1_ELIGIBILITY,v2026-08-11,2026-03-21..2026-08-06,baccarat_bet02_101_all_pairs_incl_sentinel,round_win = game_pnl > 0 (decisive only),COMPATIBILITY_ONLY_NOT_PRODUCTION,23219.2981,20941.0295,483.4708,3644,3644,-0.02082194,-0.02082194,,-0.02082194,-483.4708,23219.2981,OK,0.0000,19.3388,4.0000,96.0000,AG03-UNRESOLVED,ALL5_LEVELS_bet23_to_bet27,19.3388,19.3388,19.3388,24.1735,24.1735,4.000000,4.000000,4.000000,5.000000,5.000000,96.000000,96.000000,96.000000,95.000000,95.000000,5.0,106.3636,97.4318,377.1072,386.039,PENDING_AG03,FALSE,NOT_FOR_ENFORCEMENT,464.1320,20103.3883,483.4708,464.1320,19.3388,0.02082194,0.01998906,19.3388,464.1320,0.01998906,19.3388,19.3388,19.3388,24.1735,24.1735,464.1320,0.01998906,106.3636,97.4318,377.1072,386.039,0.01624111,0.01662578,0.00083288,6.3719,5.7467,0.1327,24.1735,1.3696,1160.9649,182.2000,6.3719,,2.5818,5.1636,10.2741,10.3271,12.9089,15.4907,5.1636,0.0,2.5,3.0,1.234019,18,135,72,2,1.00000000,0.02082194,0.02082194,0E-8,0.000000,0.901880,0.010977,,2026-07-08,2026-08-06,20,353,182,30,0.666667,,1.000000,3.333333,,,,,,,,GLOBAL_BASELINE_NO_ENTITY_RANKING,,,NOT_APPLICABLE_GLOBAL_BASELINE,HF9g-P5,,,,X 全窗基线 · 不参与实体赏罚,8398853,840,A168_HF9F_20260827_0900,2026-08-27 09:00:00
2026-07-28,141205185,1299,0,43.8902228074,-13.2961557328,-13.2961557328,0.4000000,5,5,0.49860758000000000,0.498607580000,-0.440988213962219,-0.440988213962219,-0.440988213962219,0E-17,ELIGIBLE,R03b_20260811_FULL_v1,L1_ELIGIBILITY,v2026-08-11,2026-03-21..2026-08-06,baccarat_bet02_101_all_pairs_incl_sentinel,round_win = game_pnl > 0 (decisive only),COMPATIBILITY_ONLY_NOT_PRODUCTION,23219.2981,20941.0295,483.4708,3644,3644,-0.02082194,-0.02082194,,-0.02082194,-483.4708,23219.2981,OK,0.0000,19.3388,4.0000,96.0000,AG03-UNRESOLVED,ALL5_LEVELS_bet23_to_bet27,19.3388,19.3388,19.3388,24.1735,24.1735,4.000000,4.000000,4.000000,5.000000,5.000000,96.000000,96.000000,96.000000,95.000000,95.000000,5.0,106.3636,97.4318,377.1072,386.039,PENDING_AG03,FALSE,NOT_FOR_ENFORCEMENT,464.1320,20103.3883,483.4708,464.1320,19.3388,0.02082194,0.01998906,19.3388,464.1320,0.01998906,19.3388,19.3388,19.3388,24.1735,24.1735,464.1320,0.01998906,106.3636,97.4318,377.1072,386.039,0.01624111,0.01662578,0.00083288,6.3719,5.7467,0.1327,24.1735,1.3696,1160.9649,182.2000,6.3719,,2.5818,5.1636,10.2741,10.3271,12.9089,15.4907,5.1636,0.0,2.5,3.0,1.234019,18,135,72,2,1.00000000,0.02082194,0.02082194,0E-8,0.000000,0.901880,0.010977,,2026-07-08,2026-08-06,20,353,182,30,0.666667,,1.000000,3.333333,,,,,,,,GLOBAL_BASELINE_NO_ENTITY_RANKING,,,NOT_APPLICABLE_GLOBAL_BASELINE,HF9g-P5,,,,X 全窗基线 · 不参与实体赏罚,8398854,840,A168_HF9F_20260827_0900,2026-08-27 09:00:00
2026-07-28,141205185,1307,0,67.1262231172,44.1484005888,44.1484005888,0.7777778,9,9,0.50367176666666667,0.503671766667,1.6446804140011209,1.6446804139991287,1.6446804140011209,-3.3333E-13,ELIGIBLE,R03b_20260811_FULL_v1,L1_ELIGIBILITY,v2026-08-11,2026-03-21..2026-08-06,baccarat_bet02_101_all_pairs_incl_sentinel,round_win = game_pnl > 0 (decisive only),COMPATIBILITY_ONLY_NOT_PRODUCTION,23219.2981,20941.0295,483.4708,3644,3644,-0.02082194,-0.02082194,,-0.02082194,-483.4708,23219.2981,OK,0.0000,19.3388,4.0000,96.0000,AG03-UNRESOLVED,ALL5_LEVELS_bet23_to_bet27,19.3388,19.3388,19.3388,24.1735,24.1735,4.000000,4.000000,4.000000,5.000000,5.000000,96.000000,96.000000,96.000000,95.000000,95.000000,5.0,106.3636,97.4318,377.1072,386.039,PENDING_AG03,FALSE,NOT_FOR_ENFORCEMENT,464.1320,20103.3883,483.4708,464.1320,19.3388,0.02082194,0.01998906,19.3388,464.1320,0.01998906,19.3388,19.3388,19.3388,24.1735,24.1735,464.1320,0.01998906,106.3636,97.4318,377.1072,386.039,0.01624111,0.01662578,0.00083288,6.3719,5.7467,0.1327,24.1735,1.3696,1160.9649,182.2000,6.3719,,2.5818,5.1636,10.2741,10.3271,12.9089,15.4907,5.1636,0.0,2.5,3.0,1.234019,18,135,72,2,1.00000000,0.02082194,0.02082194,0E-8,0.000000,0.901880,0.010977,,2026-07-08,2026-08-06,20,353,182,30,0.666667,,1.000000,3.333333,,,,,,,,GLOBAL_BASELINE_NO_ENTITY_RANKING,,,NOT_APPLICABLE_GLOBAL_BASELINE,HF9g-P5,,,,X 全窗基线 · 不参与实体赏罚,8398855,840,A168_HF9F_20260827_0900,2026-08-27 09:00:00
2026-07-28,141205185,1323,0,49.0537784318,-0.7745333436,-0.7745333436,0.5000000,19,19,0.49959533157894737,0.499595331579,0.00343372654049089,0.0034337265400443094,0.00343372654049089,-5.263E-14,ELIGIBLE,R03b_20260811_FULL_v1,L1_ELIGIBILITY,v2026-08-11,2026-03-21..2026-08-06,baccarat_bet02_101_all_pairs_incl_sentinel,round_win = game_pnl > 0 (decisive only),COMPATIBILITY_ONLY_NOT_PRODUCTION,23219.2981,20941.0295,483.4708,3644,3644,-0.02082194,-0.02082194,,-0.02082194,-483.4708,23219.2981,OK,0.0000,19.3388,4.0000,96.0000,AG03-UNRESOLVED,ALL5_LEVELS_bet23_to_bet27,19.3388,19.3388,19.3388,24.1735,24.1735,4.000000,4.000000,4.000000,5.000000,5.000000,96.000000,96.000000,96.000000,95.000000,95.000000,5.0,106.3636,97.4318,377.1072,386.039,PENDING_AG03,FALSE,NOT_FOR_ENFORCEMENT,464.1320,20103.3883,483.4708,464.1320,19.3388,0.02082194,0.01998906,19.3388,464.1320,0.01998906,19.3388,19.3388,19.3388,24.1735,24.1735,464.1320,0.01998906,106.3636,97.4318,377.1072,386.039,0.01624111,0.01662578,0.00083288,6.3719,5.7467,0.1327,24.1735,1.3696,1160.9649,182.2000,6.3719,,2.5818,5.1636,10.2741,10.3271,12.9089,15.4907,5.1636,0.0,2.5,3.0,1.234019,18,135,72,2,1.00000000,0.02082194,0.02082194,0E-8,0.000000,0.901880,0.010977,,2026-07-08,2026-08-06,20,353,182,30,0.666667,,1.000000,3.333333,,,,,,,,GLOBAL_BASELINE_NO_ENTITY_RANKING,,,NOT_APPLICABLE_GLOBAL_BASELINE,HF9g-P5,,,,X 全窗基线 · 不参与实体赏罚,8398856,840,A168_HF9F_20260827_0900,2026-08-27 09:00:00
2026-07-28,141205185,1363,0,92.9440012392,-41.8248005576,-41.8248005576,0.3000000,10,10,0.50128862000000000,0.501288620000,-1.2730652405066043,-1.2730652405066043,-1.2730652405066043,0E-17,ELIGIBLE,R03b_20260811_FULL_v1,L1_ELIGIBILITY,v2026-08-11,2026-03-21..2026-08-06,baccarat_bet02_101_all_pairs_incl_sentinel,round_win = game_pnl > 0 (decisive only),COMPATIBILITY_ONLY_NOT_PRODUCTION,23219.2981,20941.0295,483.4708,3644,3644,-0.02082194,-0.02082194,,-0.02082194,-483.4708,23219.2981,OK,0.0000,19.3388,4.0000,96.0000,AG03-UNRESOLVED,ALL5_LEVELS_bet23_to_bet27,19.3388,19.3388,19.3388,24.1735,24.1735,4.000000,4.000000,4.000000,5.000000,5.000000,96.000000,96.000000,96.000000,95.000000,95.000000,5.0,106.3636,97.4318,377.1072,386.039,PENDING_AG03,FALSE,NOT_FOR_ENFORCEMENT,464.1320,20103.3883,483.4708,464.1320,19.3388,0.02082194,0.01998906,19.3388,464.1320,0.01998906,19.3388,19.3388,19.3388,24.1735,24.1735,464.1320,0.01998906,106.3636,97.4318,377.1072,386.039,0.01624111,0.01662578,0.00083288,6.3719,5.7467,0.1327,24.1735,1.3696,1160.9649,182.2000,6.3719,,2.5818,5.1636,10.2741,10.3271,12.9089,15.4907,5.1636,0.0,2.5,3.0,1.234019,18,135,72,2,1.00000000,0.02082194,0.02082194,0E-8,0.000000,0.901880,0.010977,,2026-07-08,2026-08-06,20,353,182,30,0.666667,,1.000000,3.333333,,,,,,,,GLOBAL_BASELINE_NO_ENTITY_RANKING,,,NOT_APPLICABLE_GLOBAL_BASELINE,HF9g-P5,,,,X 全窗基线 · 不参与实体赏罚,8398857,840,A168_HF9F_20260827_0900,2026-08-27 09:00:00
2026-07-28,141205185,1374,0,46.4720006196,-5.1635556244,-5.1635556244,0.4000000,7,7,0.49899058571428571,0.498990585714,-0.4427002597300625,-0.4427002597287852,-0.4427002597300625,2.8571E-13,ELIGIBLE,R03b_20260811_FULL_v1,L1_ELIGIBILITY,v2026-08-11,2026-03-21..2026-08-06,baccarat_bet02_101_all_pairs_incl_sentinel,round_win = game_pnl > 0 (decisive only),COMPATIBILITY_ONLY_NOT_PRODUCTION,23219.2981,20941.0295,483.4708,3644,3644,-0.02082194,-0.02082194,,-0.02082194,-483.4708,23219.2981,OK,0.0000,19.3388,4.0000,96.0000,AG03-UNRESOLVED,ALL5_LEVELS_bet23_to_bet27,19.3388,19.3388,19.3388,24.1735,24.1735,4.000000,4.000000,4.000000,5.000000,5.000000,96.000000,96.000000,96.000000,95.000000,95.000000,5.0,106.3636,97.4318,377.1072,386.039,PENDING_AG03,FALSE,NOT_FOR_ENFORCEMENT,464.1320,20103.3883,483.4708,464.1320,19.3388,0.02082194,0.01998906,19.3388,464.1320,0.01998906,19.3388,19.3388,19.3388,24.1735,24.1735,464.1320,0.01998906,106.3636,97.4318,377.1072,386.039,0.01624111,0.01662578,0.00083288,6.3719,5.7467,0.1327,24.1735,1.3696,1160.9649,182.2000,6.3719,,2.5818,5.1636,10.2741,10.3271,12.9089,15.4907,5.1636,0.0,2.5,3.0,1.234019,18,135,72,2,1.00000000,0.02082194,0.02082194,0E-8,0.000000,0.901880,0.010977,,2026-07-08,2026-08-06,20,353,182,30,0.666667,,1.000000,3.333333,,,,,,,,GLOBAL_BASELINE_NO_ENTITY_RANKING,,,NOT_APPLICABLE_GLOBAL_BASELINE,HF9g-P5,,,,X 全窗基线 · 不参与实体赏罚,8398858,840,A168_HF9F_20260827_0900,2026-08-27 09:00:00
2026-07-28,141205185,1396,0,36.1448893708,-15.4906668732,-15.4906668732,0.3333333,5,5,0.49860758000000000,0.498607580000,-0.5725290048997589,-0.5725290048997589,-0.5725290048997589,0E-17,ELIGIBLE,R03b_20260811_FULL_v1,L1_ELIGIBILITY,v2026-08-11,2026-03-21..2026-08-06,baccarat_bet02_101_all_pairs_incl_sentinel,round_win = game_pnl > 0 (decisive only),COMPATIBILITY_ONLY_NOT_PRODUCTION,23219.2981,20941.0295,483.4708,3644,3644,-0.02082194,-0.02082194,,-0.02082194,-483.4708,23219.2981,OK,0.0000,19.3388,4.0000,96.0000,AG03-UNRESOLVED,ALL5_LEVELS_bet23_to_bet27,19.3388,19.3388,19.3388,24.1735,24.1735,4.000000,4.000000,4.000000,5.000000,5.000000,96.000000,96.000000,96.000000,95.000000,95.000000,5.0,106.3636,97.4318,377.1072,386.039,PENDING_AG03,FALSE,NOT_FOR_ENFORCEMENT,464.1320,20103.3883,483.4708,464.1320,19.3388,0.02082194,0.01998906,19.3388,464.1320,0.01998906,19.3388,19.3388,19.3388,24.1735,24.1735,464.1320,0.01998906,106.3636,97.4318,377.1072,386.039,0.01624111,0.01662578,0.00083288,6.3719,5.7467,0.1327,24.1735,1.3696,1160.9649,182.2000,6.3719,,2.5818,5.1636,10.2741,10.3271,12.9089,15.4907,5.1636,0.0,2.5,3.0,1.234019,18,135,72,2,1.00000000,0.02082194,0.02082194,0E-8,0.000000,0.901880,0.010977,,2026-07-08,2026-08-06,20,353,182,30,0.666667,,1.000000,3.333333,,,,,,,,GLOBAL_BASELINE_NO_ENTITY_RANKING,,,NOT_APPLICABLE_GLOBAL_BASELINE,HF9g-P5,,,,X 全窗基线 · 不参与实体赏罚,8398859,840,A168_HF9F_20260827_0900,2026-08-27 09:00:00
2026-07-28,141205185,1485,0,10.3271112488,-10.3271112488,-10.3271112488,0E-7,1,1,0.50665070000000000,0.506650700000,-1.013391052207602,-1.013391052207602,-1.013391052207602,0E-17,ELIGIBLE,R03b_20260811_FULL_v1,L1_ELIGIBILITY,v2026-08-11,2026-03-21..2026-08-06,baccarat_bet02_101_all_pairs_incl_sentinel,round_win = game_pnl > 0 (decisive only),COMPATIBILITY_ONLY_NOT_PRODUCTION,23219.2981,20941.0295,483.4708,3644,3644,-0.02082194,-0.02082194,,-0.02082194,-483.4708,23219.2981,OK,0.0000,19.3388,4.0000,96.0000,AG03-UNRESOLVED,ALL5_LEVELS_bet23_to_bet27,19.3388,19.3388,19.3388,24.1735,24.1735,4.000000,4.000000,4.000000,5.000000,5.000000,96.000000,96.000000,96.000000,95.000000,95.000000,5.0,106.3636,97.4318,377.1072,386.039,PENDING_AG03,FALSE,NOT_FOR_ENFORCEMENT,464.1320,20103.3883,483.4708,464.1320,19.3388,0.02082194,0.01998906,19.3388,464.1320,0.01998906,19.3388,19.3388,19.3388,24.1735,24.1735,464.1320,0.01998906,106.3636,97.4318,377.1072,386.039,0.01624111,0.01662578,0.00083288,6.3719,5.7467,0.1327,24.1735,1.3696,1160.9649,182.2000,6.3719,,2.5818,5.1636,10.2741,10.3271,12.9089,15.4907,5.1636,0.0,2.5,3.0,1.234019,18,135,72,2,1.00000000,0.02082194,0.02082194,0E-8,0.000000,0.901880,0.010977,,2026-07-08,2026-08-06,20,353,182,30,0.666667,,1.000000,3.333333,,,,,,,,GLOBAL_BASELINE_NO_ENTITY_RANKING,,,NOT_APPLICABLE_GLOBAL_BASELINE,HF9g-P5,,,,X 全窗基线 · 不参与实体赏罚,8398860,840,A168_HF9F_20260827_0900,2026-08-27 09:00:00
2026-07-28,141205185,1490,0,7.7453334366,7.7453334366,7.7453334366,1.0000000,1,1,0.49324550000000000,0.493245500000,1.01360149184955,1.01360149184955,1.01360149184955,0E-17,ELIGIBLE,R03b_20260811_FULL_v1,L1_ELIGIBILITY,v2026-08-11,2026-03-21..2026-08-06,baccarat_bet02_101_all_pairs_incl_sentinel,round_win = game_pnl > 0 (decisive only),COMPATIBILITY_ONLY_NOT_PRODUCTION,23219.2981,20941.0295,483.4708,3644,3644,-0.02082194,-0.02082194,,-0.02082194,-483.4708,23219.2981,OK,0.0000,19.3388,4.0000,96.0000,AG03-UNRESOLVED,ALL5_LEVELS_bet23_to_bet27,19.3388,19.3388,19.3388,24.1735,24.1735,4.000000,4.000000,4.000000,5.000000,5.000000,96.000000,96.000000,96.000000,95.000000,95.000000,5.0,106.3636,97.4318,377.1072,386.039,PENDING_AG03,FALSE,NOT_FOR_ENFORCEMENT,464.1320,20103.3883,483.4708,464.1320,19.3388,0.02082194,0.01998906,19.3388,464.1320,0.01998906,19.3388,19.3388,19.3388,24.1735,24.1735,464.1320,0.01998906,106.3636,97.4318,377.1072,386.039,0.01624111,0.01662578,0.00083288,6.3719,5.7467,0.1327,24.1735,1.3696,1160.9649,182.2000,6.3719,,2.5818,5.1636,10.2741,10.3271,12.9089,15.4907,5.1636,0.0,2.5,3.0,1.234019,18,135,72,2,1.00000000,0.02082194,0.02082194,0E-8,0.000000,0.901880,0.010977,,2026-07-08,2026-08-06,20,353,182,30,0.666667,,1.000000,3.333333,,,,,,,,GLOBAL_BASELINE_NO_ENTITY_RANKING,,,NOT_APPLICABLE_GLOBAL_BASELINE,HF9g-P5,,,,X 全窗基线 · 不参与实体赏罚,8398861,840,A168_HF9F_20260827_0900,2026-08-27 09:00:00
2026-07-28,141205185,1505,0,136.8342240466,5.0344667340,5.0344667340,0.5333333,16,16,0.50162375000000000,0.501623750000,0.24562267153358483,0.24562267153358483,0.24562267153358483,0E-17,ELIGIBLE,R03b_20260811_FULL_v1,L1_ELIGIBILITY,v2026-08-11,2026-03-21..2026-08-06,baccarat_bet02_101_all_pairs_incl_sentinel,round_win = game_pnl > 0 (decisive only),COMPATIBILITY_ONLY_NOT_PRODUCTION,23219.2981,20941.0295,483.4708,3644,3644,-0.02082194,-0.02082194,,-0.02082194,-483.4708,23219.2981,OK,0.0000,19.3388,4.0000,96.0000,AG03-UNRESOLVED,ALL5_LEVELS_bet23_to_bet27,19.3388,19.3388,19.3388,24.1735,24.1735,4.000000,4.000000,4.000000,5.000000,5.000000,96.000000,96.000000,96.000000,95.000000,95.000000,5.0,106.3636,97.4318,377.1072,386.039,PENDING_AG03,FALSE,NOT_FOR_ENFORCEMENT,464.1320,20103.3883,483.4708,464.1320,19.3388,0.02082194,0.01998906,19.3388,464.1320,0.01998906,19.3388,19.3388,19.3388,24.1735,24.1735,464.1320,0.01998906,106.3636,97.4318,377.1072,386.039,0.01624111,0.01662578,0.00083288,6.3719,5.7467,0.1327,24.1735,1.3696,1160.9649,182.2000,6.3719,,2.5818,5.1636,10.2741,10.3271,12.9089,15.4907,5.1636,0.0,2.5,3.0,1.234019,18,135,72,2,1.00000000,0.02082194,0.02082194,0E-8,0.000000,0.901880,0.010977,,2026-07-08,2026-08-06,20,353,182,30,0.666667,,1.000000,3.333333,,,,,,,,GLOBAL_BASELINE_NO_ENTITY_RANKING,,,NOT_APPLICABLE_GLOBAL_BASELINE,HF9g-P5,,,,X 全窗基线 · 不参与实体赏罚,8398862,840,A168_HF9F_20260827_0900,2026-08-27 09:00:00
2026-07-28,141205185,1507,0,15.4906668732,-15.4906668732,-15.4906668732,0E-7,2,2,0.49994810000000000,0.499948100000,-1.4140667746232096,-1.4140667746232096,-1.4140667746232096,0E-17,ELIGIBLE,R03b_20260811_FULL_v1,L1_ELIGIBILITY,v2026-08-11,2026-03-21..2026-08-06,baccarat_bet02_101_all_pairs_incl_sentinel,round_win = game_pnl > 0 (decisive only),COMPATIBILITY_ONLY_NOT_PRODUCTION,23219.2981,20941.0295,483.4708,3644,3644,-0.02082194,-0.02082194,,-0.02082194,-483.4708,23219.2981,OK,0.0000,19.3388,4.0000,96.0000,AG03-UNRESOLVED,ALL5_LEVELS_bet23_to_bet27,19.3388,19.3388,19.3388,24.1735,24.1735,4.000000,4.000000,4.000000,5.000000,5.000000,96.000000,96.000000,96.000000,95.000000,95.000000,5.0,106.3636,97.4318,377.1072,386.039,PENDING_AG03,FALSE,NOT_FOR_ENFORCEMENT,464.1320,20103.3883,483.4708,464.1320,19.3388,0.02082194,0.01998906,19.3388,464.1320,0.01998906,19.3388,19.3388,19.3388,24.1735,24.1735,464.1320,0.01998906,106.3636,97.4318,377.1072,386.039,0.01624111,0.01662578,0.00083288,6.3719,5.7467,0.1327,24.1735,1.3696,1160.9649,182.2000,6.3719,,2.5818,5.1636,10.2741,10.3271,12.9089,15.4907,5.1636,0.0,2.5,3.0,1.234019,18,135,72,2,1.00000000,0.02082194,0.02082194,0E-8,0.000000,0.901880,0.010977,,2026-07-08,2026-08-06,20,353,182,30,0.666667,,1.000000,3.333333,,,,,,,,GLOBAL_BASELINE_NO_ENTITY_RANKING,,,NOT_APPLICABLE_GLOBAL_BASELINE,HF9g-P5,,,,X 全窗基线 · 不参与实体赏罚,8398863,840,A168_HF9F_20260827_0900,2026-08-27 09:00:00
2026-07-28,141205185,1646,0,87.7804456148,-47.2465339632,-47.2465339632,0.2727273,11,11,0.50177608181818182,0.501776081818,-1.5193475023567935,-1.5193475023555856,-1.5193475023567935,1.8182E-13,ELIGIBLE,R03b_20260811_FULL_v1,L1_ELIGIBILITY,v2026-08-11,2026-03-21..2026-08-06,baccarat_bet02_101_all_pairs_incl_sentinel,round_win = game_pnl > 0 (decisive only),COMPATIBILITY_ONLY_NOT_PRODUCTION,23219.2981,20941.0295,483.4708,3644,3644,-0.02082194,-0.02082194,,-0.02082194,-483.4708,23219.2981,OK,0.0000,19.3388,4.0000,96.0000,AG03-UNRESOLVED,ALL5_LEVELS_bet23_to_bet27,19.3388,19.3388,19.3388,24.1735,24.1735,4.000000,4.000000,4.000000,5.000000,5.000000,96.000000,96.000000,96.000000,95.000000,95.000000,5.0,106.3636,97.4318,377.1072,386.039,PENDING_AG03,FALSE,NOT_FOR_ENFORCEMENT,464.1320,20103.3883,483.4708,464.1320,19.3388,0.02082194,0.01998906,19.3388,464.1320,0.01998906,19.3388,19.3388,19.3388,24.1735,24.1735,464.1320,0.01998906,106.3636,97.4318,377.1072,386.039,0.01624111,0.01662578,0.00083288,6.3719,5.7467,0.1327,24.1735,1.3696,1160.9649,182.2000,6.3719,,2.5818,5.1636,10.2741,10.3271,12.9089,15.4907,5.1636,0.0,2.5,3.0,1.234019,18,135,72,2,1.00000000,0.02082194,0.02082194,0E-8,0.000000,0.901880,0.010977,,2026-07-08,2026-08-06,20,353,182,30,0.666667,,1.000000,3.333333,,,,,,,,GLOBAL_BASELINE_NO_ENTITY_RANKING,,,NOT_APPLICABLE_GLOBAL_BASELINE,HF9g-P5,,,,X 全窗基线 · 不参与实体赏罚,8398864,840,A168_HF9F_20260827_0900,2026-08-27 09:00:00
2026-07-28,141205185,1710,0,82.6168899904,-46.9883561820,-46.9883561820,0.1538462,15,15,0.50039494000000000,0.500394940000,-2.498999615431059,-2.498999615431059,-2.498999615431059,0E-17,ELIGIBLE,R03b_20260811_FULL_v1,L1_ELIGIBILITY,v2026-08-11,2026-03-21..2026-08-06,baccarat_bet02_101_all_pairs_incl_sentinel,round_win = game_pnl > 0 (decisive only),COMPATIBILITY_ONLY_NOT_PRODUCTION,23219.2981,20941.0295,483.4708,3644,3644,-0.02082194,-0.02082194,,-0.02082194,-483.4708,23219.2981,OK,0.0000,19.3388,4.0000,96.0000,AG03-UNRESOLVED,ALL5_LEVELS_bet23_to_bet27,19.3388,19.3388,19.3388,24.1735,24.1735,4.000000,4.000000,4.000000,5.000000,5.000000,96.000000,96.000000,96.000000,95.000000,95.000000,5.0,106.3636,97.4318,377.1072,386.039,PENDING_AG03,FALSE,NOT_FOR_ENFORCEMENT,464.1320,20103.3883,483.4708,464.1320,19.3388,0.02082194,0.01998906,19.3388,464.1320,0.01998906,19.3388,19.3388,19.3388,24.1735,24.1735,464.1320,0.01998906,106.3636,97.4318,377.1072,386.039,0.01624111,0.01662578,0.00083288,6.3719,5.7467,0.1327,24.1735,1.3696,1160.9649,182.2000,6.3719,,2.5818,5.1636,10.2741,10.3271,12.9089,15.4907,5.1636,0.0,2.5,3.0,1.234019,18,135,72,2,1.00000000,0.02082194,0.02082194,0E-8,0.000000,0.901880,0.010977,,2026-07-08,2026-08-06,20,353,182,30,0.666667,,1.000000,3.333333,,,,,,,,GLOBAL_BASELINE_NO_ENTITY_RANKING,,,NOT_APPLICABLE_GLOBAL_BASELINE,HF9g-P5,,,,X 全窗基线 · 不参与实体赏罚,8398865,840,A168_HF9F_20260827_0900,2026-08-27 09:00:00
2026-07-28,141205185,1951,0,67.1262231172,1.9363333592,1.9363333592,0.4615385,17,17,0.50034237058823529,0.500342370588,-0.2798190331342505,-0.2798190331325537,-0.2798190331342505,2.3529E-13,ELIGIBLE,R03b_20260811_FULL_v1,L1_ELIGIBILITY,v2026-08-11,2026-03-21..2026-08-06,baccarat_bet02_101_all_pairs_incl_sentinel,round_win = game_pnl > 0 (decisive only),COMPATIBILITY_ONLY_NOT_PRODUCTION,23219.2981,20941.0295,483.4708,3644,3644,-0.02082194,-0.02082194,,-0.02082194,-483.4708,23219.2981,OK,0.0000,19.3388,4.0000,96.0000,AG03-UNRESOLVED,ALL5_LEVELS_bet23_to_bet27,19.3388,19.3388,19.3388,24.1735,24.1735,4.000000,4.000000,4.000000,5.000000,5.000000,96.000000,96.000000,96.000000,95.000000,95.000000,5.0,106.3636,97.4318,377.1072,386.039,PENDING_AG03,FALSE,NOT_FOR_ENFORCEMENT,464.1320,20103.3883,483.4708,464.1320,19.3388,0.02082194,0.01998906,19.3388,464.1320,0.01998906,19.3388,19.3388,19.3388,24.1735,24.1735,464.1320,0.01998906,106.3636,97.4318,377.1072,386.039,0.01624111,0.01662578,0.00083288,6.3719,5.7467,0.1327,24.1735,1.3696,1160.9649,182.2000,6.3719,,2.5818,5.1636,10.2741,10.3271,12.9089,15.4907,5.1636,0.0,2.5,3.0,1.234019,18,135,72,2,1.00000000,0.02082194,0.02082194,0E-8,0.000000,0.901880,0.010977,,2026-07-08,2026-08-06,20,353,182,30,0.666667,,1.000000,3.333333,,,,,,,,GLOBAL_BASELINE_NO_ENTITY_RANKING,,,NOT_APPLICABLE_GLOBAL_BASELINE,HF9g-P5,,,,X 全窗基线 · 不参与实体赏罚,8398866,840,A168_HF9F_20260827_0900,2026-08-27 09:00:00
2026-07-28,141205185,1985,0,20.6542224976,-5.1635556244,-5.1635556244,0.3333333,8,8,0.49827245000000000,0.498272450000,-0.8080381719969413,-0.8080381719969413,-0.8080381719969413,0E-17,ELIGIBLE,R03b_20260811_FULL_v1,L1_ELIGIBILITY,v2026-08-11,2026-03-21..2026-08-06,baccarat_bet02_101_all_pairs_incl_sentinel,round_win = game_pnl > 0 (decisive only),COMPATIBILITY_ONLY_NOT_PRODUCTION,23219.2981,20941.0295,483.4708,3644,3644,-0.02082194,-0.02082194,,-0.02082194,-483.4708,23219.2981,OK,0.0000,19.3388,4.0000,96.0000,AG03-UNRESOLVED,ALL5_LEVELS_bet23_to_bet27,19.3388,19.3388,19.3388,24.1735,24.1735,4.000000,4.000000,4.000000,5.000000,5.000000,96.000000,96.000000,96.000000,95.000000,95.000000,5.0,106.3636,97.4318,377.1072,386.039,PENDING_AG03,FALSE,NOT_FOR_ENFORCEMENT,464.1320,20103.3883,483.4708,464.1320,19.3388,0.02082194,0.01998906,19.3388,464.1320,0.01998906,19.3388,19.3388,19.3388,24.1735,24.1735,464.1320,0.01998906,106.3636,97.4318,377.1072,386.039,0.01624111,0.01662578,0.00083288,6.3719,5.7467,0.1327,24.1735,1.3696,1160.9649,182.2000,6.3719,,2.5818,5.1636,10.2741,10.3271,12.9089,15.4907,5.1636,0.0,2.5,3.0,1.234019,18,135,72,2,1.00000000,0.02082194,0.02082194,0E-8,0.000000,0.901880,0.010977,,2026-07-08,2026-08-06,20,353,182,30,0.666667,,1.000000,3.333333,,,,,,,,GLOBAL_BASELINE_NO_ENTITY_RANKING,,,NOT_APPLICABLE_GLOBAL_BASELINE,HF9g-P5,,,,X 全窗基线 · 不参与实体赏罚,8398867,840,A168_HF9F_20260827_0900,2026-08-27 09:00:00
2026-07-28,141205185,1994,0,64.5444453050,10.9725557019,10.9725557019,0.5000000,8,8,0.50329940000000000,0.503299400000,-0.018664631283057894,-0.018664631283057894,-0.018664631283057894,0E-17,ELIGIBLE,R03b_20260811_FULL_v1,L1_ELIGIBILITY,v2026-08-11,2026-03-21..2026-08-06,baccarat_bet02_101_all_pairs_incl_sentinel,round_win = game_pnl > 0 (decisive only),COMPATIBILITY_ONLY_NOT_PRODUCTION,23219.2981,20941.0295,483.4708,3644,3644,-0.02082194,-0.02082194,,-0.02082194,-483.4708,23219.2981,OK,0.0000,19.3388,4.0000,96.0000,AG03-UNRESOLVED,ALL5_LEVELS_bet23_to_bet27,19.3388,19.3388,19.3388,24.1735,24.1735,4.000000,4.000000,4.000000,5.000000,5.000000,96.000000,96.000000,96.000000,95.000000,95.000000,5.0,106.3636,97.4318,377.1072,386.039,PENDING_AG03,FALSE,NOT_FOR_ENFORCEMENT,464.1320,20103.3883,483.4708,464.1320,19.3388,0.02082194,0.01998906,19.3388,464.1320,0.01998906,19.3388,19.3388,19.3388,24.1735,24.1735,464.1320,0.01998906,106.3636,97.4318,377.1072,386.039,0.01624111,0.01662578,0.00083288,6.3719,5.7467,0.1327,24.1735,1.3696,1160.9649,182.2000,6.3719,,2.5818,5.1636,10.2741,10.3271,12.9089,15.4907,5.1636,0.0,2.5,3.0,1.234019,18,135,72,2,1.00000000,0.02082194,0.02082194,0E-8,0.000000,0.901880,0.010977,,2026-07-08,2026-08-06,20,353,182,30,0.666667,,1.000000,3.333333,,,,,,,,GLOBAL_BASELINE_NO_ENTITY_RANKING,,,NOT_APPLICABLE_GLOBAL_BASELINE,HF9g-P5,,,,X 全窗基线 · 不参与实体赏罚,8398868,840,A168_HF9F_20260827_0900,2026-08-27 09:00:00
2026-07-28,141205185,2093,0,41.3084449952,-10.5852890300,-10.5852890300,0.3333333,7,7,0.49899058571428571,0.498990585714,-0.8115531348621552,-0.8115531348607564,-0.8115531348621552,2.8571E-13,ELIGIBLE,R03b_20260811_FULL_v1,L1_ELIGIBILITY,v2026-08-11,2026-03-21..2026-08-06,baccarat_bet02_101_all_pairs_incl_sentinel,round_win = game_pnl > 0 (decisive only),COMPATIBILITY_ONLY_NOT_PRODUCTION,23219.2981,20941.0295,483.4708,3644,3644,-0.02082194,-0.02082194,,-0.02082194,-483.4708,23219.2981,OK,0.0000,19.3388,4.0000,96.0000,AG03-UNRESOLVED,ALL5_LEVELS_bet23_to_bet27,19.3388,19.3388,19.3388,24.1735,24.1735,4.000000,4.000000,4.000000,5.000000,5.000000,96.000000,96.000000,96.000000,95.000000,95.000000,5.0,106.3636,97.4318,377.1072,386.039,PENDING_AG03,FALSE,NOT_FOR_ENFORCEMENT,464.1320,20103.3883,483.4708,464.1320,19.3388,0.02082194,0.01998906,19.3388,464.1320,0.01998906,19.3388,19.3388,19.3388,24.1735,24.1735,464.1320,0.01998906,106.3636,97.4318,377.1072,386.039,0.01624111,0.01662578,0.00083288,6.3719,5.7467,0.1327,24.1735,1.3696,1160.9649,182.2000,6.3719,,2.5818,5.1636,10.2741,10.3271,12.9089,15.4907,5.1636,0.0,2.5,3.0,1.234019,18,135,72,2,1.00000000,0.02082194,0.02082194,0E-8,0.000000,0.901880,0.010977,,2026-07-08,2026-08-06,20,353,182,30,0.666667,,1.000000,3.333333,,,,,,,,GLOBAL_BASELINE_NO_ENTITY_RANKING,,,NOT_APPLICABLE_GLOBAL_BASELINE,HF9g-P5,,,,X 全窗基线 · 不参与实体赏罚,8398869,840,A168_HF9F_20260827_0900,2026-08-27 09:00:00
2026-07-28,141205185,2103,0,46.4720006196,4.3890222808,4.3890222808,0.6250000,8,8,0.50162375000000000,0.501623750000,0.6979251443573454,0.6979251443573454,0.6979251443573454,0E-17,ELIGIBLE,R03b_20260811_FULL_v1,L1_ELIGIBILITY,v2026-08-11,2026-03-21..2026-08-06,baccarat_bet02_101_all_pairs_incl_sentinel,round_win = game_pnl > 0 (decisive only),COMPATIBILITY_ONLY_NOT_PRODUCTION,23219.2981,20941.0295,483.4708,3644,3644,-0.02082194,-0.02082194,,-0.02082194,-483.4708,23219.2981,OK,0.0000,19.3388,4.0000,96.0000,AG03-UNRESOLVED,ALL5_LEVELS_bet23_to_bet27,19.3388,19.3388,19.3388,24.1735,24.1735,4.000000,4.000000,4.000000,5.000000,5.000000,96.000000,96.000000,96.000000,95.000000,95.000000,5.0,106.3636,97.4318,377.1072,386.039,PENDING_AG03,FALSE,NOT_FOR_ENFORCEMENT,464.1320,20103.3883,483.4708,464.1320,19.3388,0.02082194,0.01998906,19.3388,464.1320,0.01998906,19.3388,19.3388,19.3388,24.1735,24.1735,464.1320,0.01998906,106.3636,97.4318,377.1072,386.039,0.01624111,0.01662578,0.00083288,6.3719,5.7467,0.1327,24.1735,1.3696,1160.9649,182.2000,6.3719,,2.5818,5.1636,10.2741,10.3271,12.9089,15.4907,5.1636,0.0,2.5,3.0,1.234019,18,135,72,2,1.00000000,0.02082194,0.02082194,0E-8,0.000000,0.901880,0.010977,,2026-07-08,2026-08-06,20,353,182,30,0.666667,,1.000000,3.333333,,,,,,,,GLOBAL_BASELINE_NO_ENTITY_RANKING,,,NOT_APPLICABLE_GLOBAL_BASELINE,HF9g-P5,,,,X 全窗基线 · 不参与实体赏罚,8398870,840,A168_HF9F_20260827_0900,2026-08-27 09:00:00
2026-07-28,141205185,2108,0,187.1788913845,30.5295226294,30.5295226294,0.5909091,26,26,0.49994810000000000,0.499948100000,0.853289735175171,0.853289735175171,0.853289735175171,0E-17,ELIGIBLE,R03b_20260811_FULL_v1,L1_ELIGIBILITY,v2026-08-11,2026-03-21..2026-08-06,baccarat_bet02_101_all_pairs_incl_sentinel,round_win = game_pnl > 0 (decisive only),COMPATIBILITY_ONLY_NOT_PRODUCTION,23219.2981,20941.0295,483.4708,3644,3644,-0.02082194,-0.02082194,,-0.02082194,-483.4708,23219.2981,OK,0.0000,19.3388,4.0000,96.0000,AG03-UNRESOLVED,ALL5_LEVELS_bet23_to_bet27,19.3388,19.3388,19.3388,24.1735,24.1735,4.000000,4.000000,4.000000,5.000000,5.000000,96.000000,96.000000,96.000000,95.000000,95.000000,5.0,106.3636,97.4318,377.1072,386.039,PENDING_AG03,FALSE,NOT_FOR_ENFORCEMENT,464.1320,20103.3883,483.4708,464.1320,19.3388,0.02082194,0.01998906,19.3388,464.1320,0.01998906,19.3388,19.3388,19.3388,24.1735,24.1735,464.1320,0.01998906,106.3636,97.4318,377.1072,386.039,0.01624111,0.01662578,0.00083288,6.3719,5.7467,0.1327,24.1735,1.3696,1160.9649,182.2000,6.3719,,2.5818,5.1636,10.2741,10.3271,12.9089,15.4907,5.1636,0.0,2.5,3.0,1.234019,18,135,72,2,1.00000000,0.02082194,0.02082194,0E-8,0.000000,0.901880,0.010977,,2026-07-08,2026-08-06,20,353,182,30,0.666667,,1.000000,3.333333,,,,,,,,GLOBAL_BASELINE_NO_ENTITY_RANKING,,,NOT_APPLICABLE_GLOBAL_BASELINE,HF9g-P5,,,,X 全窗基线 · 不参与实体赏罚,8398871,840,A168_HF9F_20260827_0900,2026-08-27 09:00:00
2026-07-28,141205185,2147,0,7.7453334366,-0.1290888906,-0.1290888906,0.5000000,3,3,0.50218230000000000,0.502182300000,-0.00617253530718887,-0.00617253530718887,-0.00617253530718887,0E-17,ELIGIBLE,R03b_20260811_FULL_v1,L1_ELIGIBILITY,v2026-08-11,2026-03-21..2026-08-06,baccarat_bet02_101_all_pairs_incl_sentinel,round_win = game_pnl > 0 (decisive only),COMPATIBILITY_ONLY_NOT_PRODUCTION,23219.2981,20941.0295,483.4708,3644,3644,-0.02082194,-0.02082194,,-0.02082194,-483.4708,23219.2981,OK,0.0000,19.3388,4.0000,96.0000,AG03-UNRESOLVED,ALL5_LEVELS_bet23_to_bet27,19.3388,19.3388,19.3388,24.1735,24.1735,4.000000,4.000000,4.000000,5.000000,5.000000,96.000000,96.000000,96.000000,95.000000,95.000000,5.0,106.3636,97.4318,377.1072,386.039,PENDING_AG03,FALSE,NOT_FOR_ENFORCEMENT,464.1320,20103.3883,483.4708,464.1320,19.3388,0.02082194,0.01998906,19.3388,464.1320,0.01998906,19.3388,19.3388,19.3388,24.1735,24.1735,464.1320,0.01998906,106.3636,97.4318,377.1072,386.039,0.01624111,0.01662578,0.00083288,6.3719,5.7467,0.1327,24.1735,1.3696,1160.9649,182.2000,6.3719,,2.5818,5.1636,10.2741,10.3271,12.9089,15.4907,5.1636,0.0,2.5,3.0,1.234019,18,135,72,2,1.00000000,0.02082194,0.02082194,0E-8,0.000000,0.901880,0.010977,,2026-07-08,2026-08-06,20,353,182,30,0.666667,,1.000000,3.333333,,,,,,,,GLOBAL_BASELINE_NO_ENTITY_RANKING,,,NOT_APPLICABLE_GLOBAL_BASELINE,HF9g-P5,,,,X 全窗基线 · 不参与实体赏罚,8398872,840,A168_HF9F_20260827_0900,2026-08-27 09:00:00
2026-07-28,141205185,2212,0,15.4906668732,-7.8744223272,-7.8744223272,0.2000000,6,6,0.49994810000000000,0.499948100000,-1.341408689870273,-1.341408689870273,-1.341408689870273,0E-17,ELIGIBLE,R03b_20260811_FULL_v1,L1_ELIGIBILITY,v2026-08-11,2026-03-21..2026-08-06,baccarat_bet02_101_all_pairs_incl_sentinel,round_win = game_pnl > 0 (decisive only),COMPATIBILITY_ONLY_NOT_PRODUCTION,23219.2981,20941.0295,483.4708,3644,3644,-0.02082194,-0.02082194,,-0.02082194,-483.4708,23219.2981,OK,0.0000,19.3388,4.0000,96.0000,AG03-UNRESOLVED,ALL5_LEVELS_bet23_to_bet27,19.3388,19.3388,19.3388,24.1735,24.1735,4.000000,4.000000,4.000000,5.000000,5.000000,96.000000,96.000000,96.000000,95.000000,95.000000,5.0,106.3636,97.4318,377.1072,386.039,PENDING_AG03,FALSE,NOT_FOR_ENFORCEMENT,464.1320,20103.3883,483.4708,464.1320,19.3388,0.02082194,0.01998906,19.3388,464.1320,0.01998906,19.3388,19.3388,19.3388,24.1735,24.1735,464.1320,0.01998906,106.3636,97.4318,377.1072,386.039,0.01624111,0.01662578,0.00083288,6.3719,5.7467,0.1327,24.1735,1.3696,1160.9649,182.2000,6.3719,,2.5818,5.1636,10.2741,10.3271,12.9089,15.4907,5.1636,0.0,2.5,3.0,1.234019,18,135,72,2,1.00000000,0.02082194,0.02082194,0E-8,0.000000,0.901880,0.010977,,2026-07-08,2026-08-06,20,353,182,30,0.666667,,1.000000,3.333333,,,,,,,,GLOBAL_BASELINE_NO_ENTITY_RANKING,,,NOT_APPLICABLE_GLOBAL_BASELINE,HF9g-P5,,,,X 全窗基线 · 不参与实体赏罚,8398873,840,A168_HF9F_20260827_0900,2026-08-27 09:00:00
2026-07-28,141205185,2239,0,41.3084449952,-16.1361113262,-16.1361113262,0.3333333,6,6,0.49771390000000000,0.497713900000,-0.8053054414300617,-0.8053054414300617,-0.8053054414300617,0E-17,ELIGIBLE,R03b_20260811_FULL_v1,L1_ELIGIBILITY,v2026-08-11,2026-03-21..2026-08-06,baccarat_bet02_101_all_pairs_incl_sentinel,round_win = game_pnl > 0 (decisive only),COMPATIBILITY_ONLY_NOT_PRODUCTION,23219.2981,20941.0295,483.4708,3644,3644,-0.02082194,-0.02082194,,-0.02082194,-483.4708,23219.2981,OK,0.0000,19.3388,4.0000,96.0000,AG03-UNRESOLVED,ALL5_LEVELS_bet23_to_bet27,19.3388,19.3388,19.3388,24.1735,24.1735,4.000000,4.000000,4.000000,5.000000,5.000000,96.000000,96.000000,96.000000,95.000000,95.000000,5.0,106.3636,97.4318,377.1072,386.039,PENDING_AG03,FALSE,NOT_FOR_ENFORCEMENT,464.1320,20103.3883,483.4708,464.1320,19.3388,0.02082194,0.01998906,19.3388,464.1320,0.01998906,19.3388,19.3388,19.3388,24.1735,24.1735,464.1320,0.01998906,106.3636,97.4318,377.1072,386.039,0.01624111,0.01662578,0.00083288,6.3719,5.7467,0.1327,24.1735,1.3696,1160.9649,182.2000,6.3719,,2.5818,5.1636,10.2741,10.3271,12.9089,15.4907,5.1636,0.0,2.5,3.0,1.234019,18,135,72,2,1.00000000,0.02082194,0.02082194,0E-8,0.000000,0.901880,0.010977,,2026-07-08,2026-08-06,20,353,182,30,0.666667,,1.000000,3.333333,,,,,,,,GLOBAL_BASELINE_NO_ENTITY_RANKING,,,NOT_APPLICABLE_GLOBAL_BASELINE,HF9g-P5,,,,X 全窗基线 · 不参与实体赏罚,8398874,840,A168_HF9F_20260827_0900,2026-08-27 09:00:00
2026-07-28,141205185,2251,0,126.5071127978,39.5012005268,39.5012005268,0.6842105,21,21,0.50154395714285714,0.501543957143,1.5924578230078574,1.592457823006613,1.5924578230078574,-1.4286E-13,ELIGIBLE,R03b_20260811_FULL_v1,L1_ELIGIBILITY,v2026-08-11,2026-03-21..2026-08-06,baccarat_bet02_101_all_pairs_incl_sentinel,round_win = game_pnl > 0 (decisive only),COMPATIBILITY_ONLY_NOT_PRODUCTION,23219.2981,20941.0295,483.4708,3644,3644,-0.02082194,-0.02082194,,-0.02082194,-483.4708,23219.2981,OK,0.0000,19.3388,4.0000,96.0000,AG03-UNRESOLVED,ALL5_LEVELS_bet23_to_bet27,19.3388,19.3388,19.3388,24.1735,24.1735,4.000000,4.000000,4.000000,5.000000,5.000000,96.000000,96.000000,96.000000,95.000000,95.000000,5.0,106.3636,97.4318,377.1072,386.039,PENDING_AG03,FALSE,NOT_FOR_ENFORCEMENT,464.1320,20103.3883,483.4708,464.1320,19.3388,0.02082194,0.01998906,19.3388,464.1320,0.01998906,19.3388,19.3388,19.3388,24.1735,24.1735,464.1320,0.01998906,106.3636,97.4318,377.1072,386.039,0.01624111,0.01662578,0.00083288,6.3719,5.7467,0.1327,24.1735,1.3696,1160.9649,182.2000,6.3719,,2.5818,5.1636,10.2741,10.3271,12.9089,15.4907,5.1636,0.0,2.5,3.0,1.234019,18,135,72,2,1.00000000,0.02082194,0.02082194,0E-8,0.000000,0.901880,0.010977,,2026-07-08,2026-08-06,20,353,182,30,0.666667,,1.000000,3.333333,,,,,,,,GLOBAL_BASELINE_NO_ENTITY_RANKING,,,NOT_APPLICABLE_GLOBAL_BASELINE,HF9g-P5,,,,X 全窗基线 · 不参与实体赏罚,8398875,840,A168_HF9F_20260827_0900,2026-08-27 09:00:00
2026-07-28,141205185,2280,0,2.5817778122,-2.5817778122,-2.5817778122,0E-7,1,1,0.50665070000000000,0.506650700000,-1.013391052207602,-1.013391052207602,-1.013391052207602,0E-17,ELIGIBLE,R03b_20260811_FULL_v1,L1_ELIGIBILITY,v2026-08-11,2026-03-21..2026-08-06,baccarat_bet02_101_all_pairs_incl_sentinel,round_win = game_pnl > 0 (decisive only),COMPATIBILITY_ONLY_NOT_PRODUCTION,23219.2981,20941.0295,483.4708,3644,3644,-0.02082194,-0.02082194,,-0.02082194,-483.4708,23219.2981,OK,0.0000,19.3388,4.0000,96.0000,AG03-UNRESOLVED,ALL5_LEVELS_bet23_to_bet27,19.3388,19.3388,19.3388,24.1735,24.1735,4.000000,4.000000,4.000000,5.000000,5.000000,96.000000,96.000000,96.000000,95.000000,95.000000,5.0,106.3636,97.4318,377.1072,386.039,PENDING_AG03,FALSE,NOT_FOR_ENFORCEMENT,464.1320,20103.3883,483.4708,464.1320,19.3388,0.02082194,0.01998906,19.3388,464.1320,0.01998906,19.3388,19.3388,19.3388,24.1735,24.1735,464.1320,0.01998906,106.3636,97.4318,377.1072,386.039,0.01624111,0.01662578,0.00083288,6.3719,5.7467,0.1327,24.1735,1.3696,1160.9649,182.2000,6.3719,,2.5818,5.1636,10.2741,10.3271,12.9089,15.4907,5.1636,0.0,2.5,3.0,1.234019,18,135,72,2,1.00000000,0.02082194,0.02082194,0E-8,0.000000,0.901880,0.010977,,2026-07-08,2026-08-06,20,353,182,30,0.666667,,1.000000,3.333333,,,,,,,,GLOBAL_BASELINE_NO_ENTITY_RANKING,,,NOT_APPLICABLE_GLOBAL_BASELINE,HF9g-P5,,,,X 全窗基线 · 不参与实体赏罚,8398876,840,A168_HF9F_20260827_0900,2026-08-27 09:00:00
2026-07-28,141205185,2289,0,5.1635556244,-5.1635556244,-5.1635556244,0E-7,1,1,0.50665070000000000,0.506650700000,-1.013391052207602,-1.013391052207602,-1.013391052207602,0E-17,ELIGIBLE,R03b_20260811_FULL_v1,L1_ELIGIBILITY,v2026-08-11,2026-03-21..2026-08-06,baccarat_bet02_101_all_pairs_incl_sentinel,round_win = game_pnl > 0 (decisive only),COMPATIBILITY_ONLY_NOT_PRODUCTION,23219.2981,20941.0295,483.4708,3644,3644,-0.02082194,-0.02082194,,-0.02082194,-483.4708,23219.2981,OK,0.0000,19.3388,4.0000,96.0000,AG03-UNRESOLVED,ALL5_LEVELS_bet23_to_bet27,19.3388,19.3388,19.3388,24.1735,24.1735,4.000000,4.000000,4.000000,5.000000,5.000000,96.000000,96.000000,96.000000,95.000000,95.000000,5.0,106.3636,97.4318,377.1072,386.039,PENDING_AG03,FALSE,NOT_FOR_ENFORCEMENT,464.1320,20103.3883,483.4708,464.1320,19.3388,0.02082194,0.01998906,19.3388,464.1320,0.01998906,19.3388,19.3388,19.3388,24.1735,24.1735,464.1320,0.01998906,106.3636,97.4318,377.1072,386.039,0.01624111,0.01662578,0.00083288,6.3719,5.7467,0.1327,24.1735,1.3696,1160.9649,182.2000,6.3719,,2.5818,5.1636,10.2741,10.3271,12.9089,15.4907,5.1636,0.0,2.5,3.0,1.234019,18,135,72,2,1.00000000,0.02082194,0.02082194,0E-8,0.000000,0.901880,0.010977,,2026-07-08,2026-08-06,20,353,182,30,0.666667,,1.000000,3.333333,,,,,,,,GLOBAL_BASELINE_NO_ENTITY_RANKING,,,NOT_APPLICABLE_GLOBAL_BASELINE,HF9g-P5,,,,X 全窗基线 · 不参与实体赏罚,8398877,840,A168_HF9F_20260827_0900,2026-08-27 09:00:00
2026-07-28,141205185,550,0,25.8177781220,14.7161335296,14.7161335296,0.7500000,4,4,0.50329940000000000,0.503299400000,0.9868238854431842,0.9868238854431842,0.9868238854431842,0E-17,ELIGIBLE,R03b_20260811_FULL_v1,L1_ELIGIBILITY,v2026-08-11,2026-03-21..2026-08-06,baccarat_bet02_101_all_pairs_incl_sentinel,round_win = game_pnl > 0 (decisive only),COMPATIBILITY_ONLY_NOT_PRODUCTION,23219.2981,20941.0295,483.4708,3644,3644,-0.02082194,-0.02082194,,-0.02082194,-483.4708,23219.2981,OK,0.0000,19.3388,4.0000,96.0000,AG03-UNRESOLVED,ALL5_LEVELS_bet23_to_bet27,19.3388,19.3388,19.3388,24.1735,24.1735,4.000000,4.000000,4.000000,5.000000,5.000000,96.000000,96.000000,96.000000,95.000000,95.000000,5.0,106.3636,97.4318,377.1072,386.039,PENDING_AG03,FALSE,NOT_FOR_ENFORCEMENT,464.1320,20103.3883,483.4708,464.1320,19.3388,0.02082194,0.01998906,19.3388,464.1320,0.01998906,19.3388,19.3388,19.3388,24.1735,24.1735,464.1320,0.01998906,106.3636,97.4318,377.1072,386.039,0.01624111,0.01662578,0.00083288,6.3719,5.7467,0.1327,24.1735,1.3696,1160.9649,182.2000,6.3719,,2.5818,5.1636,10.2741,10.3271,12.9089,15.4907,5.1636,0.0,2.5,3.0,1.234019,18,135,72,2,1.00000000,0.02082194,0.02082194,0E-8,0.000000,0.901880,0.010977,,2026-07-08,2026-08-06,20,353,182,30,0.666667,,1.000000,3.333333,,,,,,,,GLOBAL_BASELINE_NO_ENTITY_RANKING,,,NOT_APPLICABLE_GLOBAL_BASELINE,HF9g-P5,,,,X 全窗基线 · 不参与实体赏罚,8398878,840,A168_HF9F_20260827_0900,2026-08-27 09:00:00
2026-07-28,141205185,583,0,33.5631115586,-0.3872666718,-0.3872666718,0.5000000,13,13,0.49943251538461538,0.499432515385,0.003931651277728624,0.003931651275063894,0.003931651277728624,-3.8462E-13,ELIGIBLE,R03b_20260811_FULL_v1,L1_ELIGIBILITY,v2026-08-11,2026-03-21..2026-08-06,baccarat_bet02_101_all_pairs_incl_sentinel,round_win = game_pnl > 0 (decisive only),COMPATIBILITY_ONLY_NOT_PRODUCTION,23219.2981,20941.0295,483.4708,3644,3644,-0.02082194,-0.02082194,,-0.02082194,-483.4708,23219.2981,OK,0.0000,19.3388,4.0000,96.0000,AG03-UNRESOLVED,ALL5_LEVELS_bet23_to_bet27,19.3388,19.3388,19.3388,24.1735,24.1735,4.000000,4.000000,4.000000,5.000000,5.000000,96.000000,96.000000,96.000000,95.000000,95.000000,5.0,106.3636,97.4318,377.1072,386.039,PENDING_AG03,FALSE,NOT_FOR_ENFORCEMENT,464.1320,20103.3883,483.4708,464.1320,19.3388,0.02082194,0.01998906,19.3388,464.1320,0.01998906,19.3388,19.3388,19.3388,24.1735,24.1735,464.1320,0.01998906,106.3636,97.4318,377.1072,386.039,0.01624111,0.01662578,0.00083288,6.3719,5.7467,0.1327,24.1735,1.3696,1160.9649,182.2000,6.3719,,2.5818,5.1636,10.2741,10.3271,12.9089,15.4907,5.1636,0.0,2.5,3.0,1.234019,18,135,72,2,1.00000000,0.02082194,0.02082194,0E-8,0.000000,0.901880,0.010977,,2026-07-08,2026-08-06,20,353,182,30,0.666667,,1.000000,3.333333,,,,,,,,GLOBAL_BASELINE_NO_ENTITY_RANKING,,,NOT_APPLICABLE_GLOBAL_BASELINE,HF9g-P5,,,,X 全窗基线 · 不参与实体赏罚,8398879,840,A168_HF9F_20260827_0900,2026-08-27 09:00:00
2026-07-29,141205185,1129,0,67.1262231172,-36.1448893708,-36.1448893708,0.2000000,5,5,0.49860758000000000,0.498607580000,-1.3354188732730328,-1.3354188732730328,-1.3354188732730328,0E-17,ELIGIBLE,R03b_20260811_FULL_v1,L1_ELIGIBILITY,v2026-08-11,2026-03-21..2026-08-06,baccarat_bet02_101_all_pairs_incl_sentinel,round_win = game_pnl > 0 (decisive only),COMPATIBILITY_ONLY_NOT_PRODUCTION,23219.2981,20941.0295,483.4708,3644,3644,-0.02082194,-0.02082194,,-0.02082194,-483.4708,23219.2981,OK,0.0000,19.3388,4.0000,96.0000,AG03-UNRESOLVED,ALL5_LEVELS_bet23_to_bet27,19.3388,19.3388,19.3388,24.1735,24.1735,4.000000,4.000000,4.000000,5.000000,5.000000,96.000000,96.000000,96.000000,95.000000,95.000000,5.0,106.3636,97.4318,377.1072,386.039,PENDING_AG03,FALSE,NOT_FOR_ENFORCEMENT,464.1320,20103.3883,483.4708,464.1320,19.3388,0.02082194,0.01998906,19.3388,464.1320,0.01998906,19.3388,19.3388,19.3388,24.1735,24.1735,464.1320,0.01998906,106.3636,97.4318,377.1072,386.039,0.01624111,0.01662578,0.00083288,6.3719,5.7467,0.1327,24.1735,1.3696,1160.9649,182.2000,6.3719,,2.5818,5.1636,10.2741,10.3271,12.9089,15.4907,5.1636,0.0,2.5,3.0,1.234019,18,135,72,2,1.00000000,0.02082194,0.02082194,0E-8,0.000000,0.901880,0.010977,,2026-07-08,2026-08-06,20,353,182,30,0.666667,,1.000000,3.333333,,,,,,,,GLOBAL_BASELINE_NO_ENTITY_RANKING,,,NOT_APPLICABLE_GLOBAL_BASELINE,HF9g-P5,,,,X 全窗基线 · 不参与实体赏罚,8398880,840,A168_HF9F_20260827_0900,2026-08-27 09:00:00
2026-07-29,141205185,1157,0,157.4884465442,2E-10,2E-10,0.5294118,18,18,0.50292703333333333,0.502927033333,0.2184024321985397,0.2184024322012876,0.2184024321985397,3.3333E-13,ELIGIBLE,R03b_20260811_FULL_v1,L1_ELIGIBILITY,v2026-08-11,2026-03-21..2026-08-06,baccarat_bet02_101_all_pairs_incl_sentinel,round_win = game_pnl > 0 (decisive only),COMPATIBILITY_ONLY_NOT_PRODUCTION,23219.2981,20941.0295,483.4708,3644,3644,-0.02082194,-0.02082194,,-0.02082194,-483.4708,23219.2981,OK,0.0000,19.3388,4.0000,96.0000,AG03-UNRESOLVED,ALL5_LEVELS_bet23_to_bet27,19.3388,19.3388,19.3388,24.1735,24.1735,4.000000,4.000000,4.000000,5.000000,5.000000,96.000000,96.000000,96.000000,95.000000,95.000000,5.0,106.3636,97.4318,377.1072,386.039,PENDING_AG03,FALSE,NOT_FOR_ENFORCEMENT,464.1320,20103.3883,483.4708,464.1320,19.3388,0.02082194,0.01998906,19.3388,464.1320,0.01998906,19.3388,19.3388,19.3388,24.1735,24.1735,464.1320,0.01998906,106.3636,97.4318,377.1072,386.039,0.01624111,0.01662578,0.00083288,6.3719,5.7467,0.1327,24.1735,1.3696,1160.9649,182.2000,6.3719,,2.5818,5.1636,10.2741,10.3271,12.9089,15.4907,5.1636,0.0,2.5,3.0,1.234019,18,135,72,2,1.00000000,0.02082194,0.02082194,0E-8,0.000000,0.901880,0.010977,,2026-07-08,2026-08-06,20,353,182,30,0.666667,,1.000000,3.333333,,,,,,,,GLOBAL_BASELINE_NO_ENTITY_RANKING,,,NOT_APPLICABLE_GLOBAL_BASELINE,HF9g-P5,,,,X 全窗基线 · 不参与实体赏罚,8398881,840,A168_HF9F_20260827_0900,2026-08-27 09:00:00
2026-07-29,141205185,1205,0,56.7991118684,-6.1962667492,-6.1962667492,0.4285714,7,7,0.50090561428571429,0.500905614286,-0.38275716120403624,-0.38275716120554854,-0.38275716120403624,-2.8571E-13,ELIGIBLE,R03b_20260811_FULL_v1,L1_ELIGIBILITY,v2026-08-11,2026-03-21..2026-08-06,baccarat_bet02_101_all_pairs_incl_sentinel,round_win = game_pnl > 0 (decisive only),COMPATIBILITY_ONLY_NOT_PRODUCTION,23219.2981,20941.0295,483.4708,3644,3644,-0.02082194,-0.02082194,,-0.02082194,-483.4708,23219.2981,OK,0.0000,19.3388,4.0000,96.0000,AG03-UNRESOLVED,ALL5_LEVELS_bet23_to_bet27,19.3388,19.3388,19.3388,24.1735,24.1735,4.000000,4.000000,4.000000,5.000000,5.000000,96.000000,96.000000,96.000000,95.000000,95.000000,5.0,106.3636,97.4318,377.1072,386.039,PENDING_AG03,FALSE,NOT_FOR_ENFORCEMENT,464.1320,20103.3883,483.4708,464.1320,19.3388,0.02082194,0.01998906,19.3388,464.1320,0.01998906,19.3388,19.3388,19.3388,24.1735,24.1735,464.1320,0.01998906,106.3636,97.4318,377.1072,386.039,0.01624111,0.01662578,0.00083288,6.3719,5.7467,0.1327,24.1735,1.3696,1160.9649,182.2000,6.3719,,2.5818,5.1636,10.2741,10.3271,12.9089,15.4907,5.1636,0.0,2.5,3.0,1.234019,18,135,72,2,1.00000000,0.02082194,0.02082194,0E-8,0.000000,0.901880,0.010977,,2026-07-08,2026-08-06,20,353,182,30,0.666667,,1.000000,3.333333,,,,,,,,GLOBAL_BASELINE_NO_ENTITY_RANKING,,,NOT_APPLICABLE_GLOBAL_BASELINE,HF9g-P5,,,,X 全窗基线 · 不参与实体赏罚,8398882,840,A168_HF9F_20260827_0900,2026-08-27 09:00:00
2026-07-29,141205185,1299,0,154.9066687320,28.9159114968,28.9159114968,0.5882353,17,17,0.49876528823529412,0.498765288235,0.7377908187021768,0.7377908187046032,0.7377908187021768,2.9412E-13,ELIGIBLE,R03b_20260811_FULL_v1,L1_ELIGIBILITY,v2026-08-11,2026-03-21..2026-08-06,baccarat_bet02_101_all_pairs_incl_sentinel,round_win = game_pnl > 0 (decisive only),COMPATIBILITY_ONLY_NOT_PRODUCTION,23219.2981,20941.0295,483.4708,3644,3644,-0.02082194,-0.02082194,,-0.02082194,-483.4708,23219.2981,OK,0.0000,19.3388,4.0000,96.0000,AG03-UNRESOLVED,ALL5_LEVELS_bet23_to_bet27,19.3388,19.3388,19.3388,24.1735,24.1735,4.000000,4.000000,4.000000,5.000000,5.000000,96.000000,96.000000,96.000000,95.000000,95.000000,5.0,106.3636,97.4318,377.1072,386.039,PENDING_AG03,FALSE,NOT_FOR_ENFORCEMENT,464.1320,20103.3883,483.4708,464.1320,19.3388,0.02082194,0.01998906,19.3388,464.1320,0.01998906,19.3388,19.3388,19.3388,24.1735,24.1735,464.1320,0.01998906,106.3636,97.4318,377.1072,386.039,0.01624111,0.01662578,0.00083288,6.3719,5.7467,0.1327,24.1735,1.3696,1160.9649,182.2000,6.3719,,2.5818,5.1636,10.2741,10.3271,12.9089,15.4907,5.1636,0.0,2.5,3.0,1.234019,18,135,72,2,1.00000000,0.02082194,0.02082194,0E-8,0.000000,0.901880,0.010977,,2026-07-08,2026-08-06,20,353,182,30,0.666667,,1.000000,3.333333,,,,,,,,GLOBAL_BASELINE_NO_ENTITY_RANKING,,,NOT_APPLICABLE_GLOBAL_BASELINE,HF9g-P5,,,,X 全窗基线 · 不参与实体赏罚,8398883,840,A168_HF9F_20260827_0900,2026-08-27 09:00:00
2026-07-29,141205185,1318,0,15.4906668732,4.6472000620,4.6472000620,0.6666667,3,3,0.50218230000000000,0.502182300000,0.5697959874915163,0.5697959874915164,0.5697959874915163,0E-17,ELIGIBLE,R03b_20260811_FULL_v1,L1_ELIGIBILITY,v2026-08-11,2026-03-21..2026-08-06,baccarat_bet02_101_all_pairs_incl_sentinel,round_win = game_pnl > 0 (decisive only),COMPATIBILITY_ONLY_NOT_PRODUCTION,23219.2981,20941.0295,483.4708,3644,3644,-0.02082194,-0.02082194,,-0.02082194,-483.4708,23219.2981,OK,0.0000,19.3388,4.0000,96.0000,AG03-UNRESOLVED,ALL5_LEVELS_bet23_to_bet27,19.3388,19.3388,19.3388,24.1735,24.1735,4.000000,4.000000,4.000000,5.000000,5.000000,96.000000,96.000000,96.000000,95.000000,95.000000,5.0,106.3636,97.4318,377.1072,386.039,PENDING_AG03,FALSE,NOT_FOR_ENFORCEMENT,464.1320,20103.3883,483.4708,464.1320,19.3388,0.02082194,0.01998906,19.3388,464.1320,0.01998906,19.3388,19.3388,19.3388,24.1735,24.1735,464.1320,0.01998906,106.3636,97.4318,377.1072,386.039,0.01624111,0.01662578,0.00083288,6.3719,5.7467,0.1327,24.1735,1.3696,1160.9649,182.2000,6.3719,,2.5818,5.1636,10.2741,10.3271,12.9089,15.4907,5.1636,0.0,2.5,3.0,1.234019,18,135,72,2,1.00000000,0.02082194,0.02082194,0E-8,0.000000,0.901880,0.010977,,2026-07-08,2026-08-06,20,353,182,30,0.666667,,1.000000,3.333333,,,,,,,,GLOBAL_BASELINE_NO_ENTITY_RANKING,,,NOT_APPLICABLE_GLOBAL_BASELINE,HF9g-P5,,,,X 全窗基线 · 不参与实体赏罚,8398884,840,A168_HF9F_20260827_0900,2026-08-27 09:00:00
2026-07-29,141205185,1396,0,20.6542224976,-5.1635556244,-5.1635556244,0E-7,4,4,0.49994810000000000,0.499948100000,-0.9998962053866608,-0.9998962053866608,-0.9998962053866608,0E-17,ELIGIBLE,R03b_20260811_FULL_v1,L1_ELIGIBILITY,v2026-08-11,2026-03-21..2026-08-06,baccarat_bet02_101_all_pairs_incl_sentinel,round_win = game_pnl > 0 (decisive only),COMPATIBILITY_ONLY_NOT_PRODUCTION,23219.2981,20941.0295,483.4708,3644,3644,-0.02082194,-0.02082194,,-0.02082194,-483.4708,23219.2981,OK,0.0000,19.3388,4.0000,96.0000,AG03-UNRESOLVED,ALL5_LEVELS_bet23_to_bet27,19.3388,19.3388,19.3388,24.1735,24.1735,4.000000,4.000000,4.000000,5.000000,5.000000,96.000000,96.000000,96.000000,95.000000,95.000000,5.0,106.3636,97.4318,377.1072,386.039,PENDING_AG03,FALSE,NOT_FOR_ENFORCEMENT,464.1320,20103.3883,483.4708,464.1320,19.3388,0.02082194,0.01998906,19.3388,464.1320,0.01998906,19.3388,19.3388,19.3388,24.1735,24.1735,464.1320,0.01998906,106.3636,97.4318,377.1072,386.039,0.01624111,0.01662578,0.00083288,6.3719,5.7467,0.1327,24.1735,1.3696,1160.9649,182.2000,6.3719,,2.5818,5.1636,10.2741,10.3271,12.9089,15.4907,5.1636,0.0,2.5,3.0,1.234019,18,135,72,2,1.00000000,0.02082194,0.02082194,0E-8,0.000000,0.901880,0.010977,,2026-07-08,2026-08-06,20,353,182,30,0.666667,,1.000000,3.333333,,,,,,,,GLOBAL_BASELINE_NO_ENTITY_RANKING,,,NOT_APPLICABLE_GLOBAL_BASELINE,HF9g-P5,,,,X 全窗基线 · 不参与实体赏罚,8398885,840,A168_HF9F_20260827_0900,2026-08-27 09:00:00
2026-07-29,141205185,1490,0,49.0537784318,-13.4252446234,-13.4252446234,0.3333333,5,5,0.50396966000000000,0.503969660000,-0.5911202050821986,-0.5911202050821988,-0.5911202050821986,0E-17,ELIGIBLE,R03b_20260811_FULL_v1,L1_ELIGIBILITY,v2026-08-11,2026-03-21..2026-08-06,baccarat_bet02_101_all_pairs_incl_sentinel,round_win = game_pnl > 0 (decisive only),COMPATIBILITY_ONLY_NOT_PRODUCTION,23219.2981,20941.0295,483.4708,3644,3644,-0.02082194,-0.02082194,,-0.02082194,-483.4708,23219.2981,OK,0.0000,19.3388,4.0000,96.0000,AG03-UNRESOLVED,ALL5_LEVELS_bet23_to_bet27,19.3388,19.3388,19.3388,24.1735,24.1735,4.000000,4.000000,4.000000,5.000000,5.000000,96.000000,96.000000,96.000000,95.000000,95.000000,5.0,106.3636,97.4318,377.1072,386.039,PENDING_AG03,FALSE,NOT_FOR_ENFORCEMENT,464.1320,20103.3883,483.4708,464.1320,19.3388,0.02082194,0.01998906,19.3388,464.1320,0.01998906,19.3388,19.3388,19.3388,24.1735,24.1735,464.1320,0.01998906,106.3636,97.4318,377.1072,386.039,0.01624111,0.01662578,0.00083288,6.3719,5.7467,0.1327,24.1735,1.3696,1160.9649,182.2000,6.3719,,2.5818,5.1636,10.2741,10.3271,12.9089,15.4907,5.1636,0.0,2.5,3.0,1.234019,18,135,72,2,1.00000000,0.02082194,0.02082194,0E-8,0.000000,0.901880,0.010977,,2026-07-08,2026-08-06,20,353,182,30,0.666667,,1.000000,3.333333,,,,,,,,GLOBAL_BASELINE_NO_ENTITY_RANKING,,,NOT_APPLICABLE_GLOBAL_BASELINE,HF9g-P5,,,,X 全窗基线 · 不参与实体赏罚,8398886,840,A168_HF9F_20260827_0900,2026-08-27 09:00:00
2026-07-29,141205185,1646,0,10.3271112488,-10.3271112488,-10.3271112488,0E-7,2,2,0.49994810000000000,0.499948100000,-1.4140667746232096,-1.4140667746232096,-1.4140667746232096,0E-17,ELIGIBLE,R03b_20260811_FULL_v1,L1_ELIGIBILITY,v2026-08-11,2026-03-21..2026-08-06,baccarat_bet02_101_all_pairs_incl_sentinel,round_win = game_pnl > 0 (decisive only),COMPATIBILITY_ONLY_NOT_PRODUCTION,23219.2981,20941.0295,483.4708,3644,3644,-0.02082194,-0.02082194,,-0.02082194,-483.4708,23219.2981,OK,0.0000,19.3388,4.0000,96.0000,AG03-UNRESOLVED,ALL5_LEVELS_bet23_to_bet27,19.3388,19.3388,19.3388,24.1735,24.1735,4.000000,4.000000,4.000000,5.000000,5.000000,96.000000,96.000000,96.000000,95.000000,95.000000,5.0,106.3636,97.4318,377.1072,386.039,PENDING_AG03,FALSE,NOT_FOR_ENFORCEMENT,464.1320,20103.3883,483.4708,464.1320,19.3388,0.02082194,0.01998906,19.3388,464.1320,0.01998906,19.3388,19.3388,19.3388,24.1735,24.1735,464.1320,0.01998906,106.3636,97.4318,377.1072,386.039,0.01624111,0.01662578,0.00083288,6.3719,5.7467,0.1327,24.1735,1.3696,1160.9649,182.2000,6.3719,,2.5818,5.1636,10.2741,10.3271,12.9089,15.4907,5.1636,0.0,2.5,3.0,1.234019,18,135,72,2,1.00000000,0.02082194,0.02082194,0E-8,0.000000,0.901880,0.010977,,2026-07-08,2026-08-06,20,353,182,30,0.666667,,1.000000,3.333333,,,,,,,,GLOBAL_BASELINE_NO_ENTITY_RANKING,,,NOT_APPLICABLE_GLOBAL_BASELINE,HF9g-P5,,,,X 全窗基线 · 不参与实体赏罚,8398887,840,A168_HF9F_20260827_0900,2026-08-27 09:00:00
2026-07-29,141205185,1985,0,67.1262231172,-16.2652002168,-16.2652002168,0.4000000,8,8,0.50162375000000000,0.501623750000,-0.4544776227819419,-0.4544776227819419,-0.4544776227819419,0E-17,ELIGIBLE,R03b_20260811_FULL_v1,L1_ELIGIBILITY,v2026-08-11,2026-03-21..2026-08-06,baccarat_bet02_101_all_pairs_incl_sentinel,round_win = game_pnl > 0 (decisive only),COMPATIBILITY_ONLY_NOT_PRODUCTION,23219.2981,20941.0295,483.4708,3644,3644,-0.02082194,-0.02082194,,-0.02082194,-483.4708,23219.2981,OK,0.0000,19.3388,4.0000,96.0000,AG03-UNRESOLVED,ALL5_LEVELS_bet23_to_bet27,19.3388,19.3388,19.3388,24.1735,24.1735,4.000000,4.000000,4.000000,5.000000,5.000000,96.000000,96.000000,96.000000,95.000000,95.000000,5.0,106.3636,97.4318,377.1072,386.039,PENDING_AG03,FALSE,NOT_FOR_ENFORCEMENT,464.1320,20103.3883,483.4708,464.1320,19.3388,0.02082194,0.01998906,19.3388,464.1320,0.01998906,19.3388,19.3388,19.3388,24.1735,24.1735,464.1320,0.01998906,106.3636,97.4318,377.1072,386.039,0.01624111,0.01662578,0.00083288,6.3719,5.7467,0.1327,24.1735,1.3696,1160.9649,182.2000,6.3719,,2.5818,5.1636,10.2741,10.3271,12.9089,15.4907,5.1636,0.0,2.5,3.0,1.234019,18,135,72,2,1.00000000,0.02082194,0.02082194,0E-8,0.000000,0.901880,0.010977,,2026-07-08,2026-08-06,20,353,182,30,0.666667,,1.000000,3.333333,,,,,,,,GLOBAL_BASELINE_NO_ENTITY_RANKING,,,NOT_APPLICABLE_GLOBAL_BASELINE,HF9g-P5,,,,X 全窗基线 · 不参与实体赏罚,8398888,840,A168_HF9F_20260827_0900,2026-08-27 09:00:00
2026-07-29,141205185,1994,0,20.6542224976,0E-10,0E-10,0.5000000,2,2,0.49994810000000000,0.499948100000,0.00014679536856514622,0.00014679536856514622,0.00014679536856514622,0E-17,ELIGIBLE,R03b_20260811_FULL_v1,L1_ELIGIBILITY,v2026-08-11,2026-03-21..2026-08-06,baccarat_bet02_101_all_pairs_incl_sentinel,round_win = game_pnl > 0 (decisive only),COMPATIBILITY_ONLY_NOT_PRODUCTION,23219.2981,20941.0295,483.4708,3644,3644,-0.02082194,-0.02082194,,-0.02082194,-483.4708,23219.2981,OK,0.0000,19.3388,4.0000,96.0000,AG03-UNRESOLVED,ALL5_LEVELS_bet23_to_bet27,19.3388,19.3388,19.3388,24.1735,24.1735,4.000000,4.000000,4.000000,5.000000,5.000000,96.000000,96.000000,96.000000,95.000000,95.000000,5.0,106.3636,97.4318,377.1072,386.039,PENDING_AG03,FALSE,NOT_FOR_ENFORCEMENT,464.1320,20103.3883,483.4708,464.1320,19.3388,0.02082194,0.01998906,19.3388,464.1320,0.01998906,19.3388,19.3388,19.3388,24.1735,24.1735,464.1320,0.01998906,106.3636,97.4318,377.1072,386.039,0.01624111,0.01662578,0.00083288,6.3719,5.7467,0.1327,24.1735,1.3696,1160.9649,182.2000,6.3719,,2.5818,5.1636,10.2741,10.3271,12.9089,15.4907,5.1636,0.0,2.5,3.0,1.234019,18,135,72,2,1.00000000,0.02082194,0.02082194,0E-8,0.000000,0.901880,0.010977,,2026-07-08,2026-08-06,20,353,182,30,0.666667,,1.000000,3.333333,,,,,,,,GLOBAL_BASELINE_NO_ENTITY_RANKING,,,NOT_APPLICABLE_GLOBAL_BASELINE,HF9g-P5,,,,X 全窗基线 · 不参与实体赏罚,8398889,840,A168_HF9F_20260827_0900,2026-08-27 09:00:00
2026-07-29,141205185,2123,0,64.5444453050,-13.6834224046,-13.6834224046,0.5000000,8,8,0.50162375000000000,0.501623750000,-0.009185365523350236,-0.009185365523350236,-0.009185365523350236,0E-17,ELIGIBLE,R03b_20260811_FULL_v1,L1_ELIGIBILITY,v2026-08-11,2026-03-21..2026-08-06,baccarat_bet02_101_all_pairs_incl_sentinel,round_win = game_pnl > 0 (decisive only),COMPATIBILITY_ONLY_NOT_PRODUCTION,23219.2981,20941.0295,483.4708,3644,3644,-0.02082194,-0.02082194,,-0.02082194,-483.4708,23219.2981,OK,0.0000,19.3388,4.0000,96.0000,AG03-UNRESOLVED,ALL5_LEVELS_bet23_to_bet27,19.3388,19.3388,19.3388,24.1735,24.1735,4.000000,4.000000,4.000000,5.000000,5.000000,96.000000,96.000000,96.000000,95.000000,95.000000,5.0,106.3636,97.4318,377.1072,386.039,PENDING_AG03,FALSE,NOT_FOR_ENFORCEMENT,464.1320,20103.3883,483.4708,464.1320,19.3388,0.02082194,0.01998906,19.3388,464.1320,0.01998906,19.3388,19.3388,19.3388,24.1735,24.1735,464.1320,0.01998906,106.3636,97.4318,377.1072,386.039,0.01624111,0.01662578,0.00083288,6.3719,5.7467,0.1327,24.1735,1.3696,1160.9649,182.2000,6.3719,,2.5818,5.1636,10.2741,10.3271,12.9089,15.4907,5.1636,0.0,2.5,3.0,1.234019,18,135,72,2,1.00000000,0.02082194,0.02082194,0E-8,0.000000,0.901880,0.010977,,2026-07-08,2026-08-06,20,353,182,30,0.666667,,1.000000,3.333333,,,,,,,,GLOBAL_BASELINE_NO_ENTITY_RANKING,,,NOT_APPLICABLE_GLOBAL_BASELINE,HF9g-P5,,,,X 全窗基线 · 不参与实体赏罚,8398890,840,A168_HF9F_20260827_0900,2026-08-27 09:00:00
2026-07-29,141205185,2201,0,20.6542224976,-10.5852890300,-10.5852890300,0.3333333,3,3,0.50218230000000000,0.502182300000,-0.5849155494134425,-0.5849155494134426,-0.5849155494134425,0E-17,ELIGIBLE,R03b_20260811_FULL_v1,L1_ELIGIBILITY,v2026-08-11,2026-03-21..2026-08-06,baccarat_bet02_101_all_pairs_incl_sentinel,round_win = game_pnl > 0 (decisive only),COMPATIBILITY_ONLY_NOT_PRODUCTION,23219.2981,20941.0295,483.4708,3644,3644,-0.02082194,-0.02082194,,-0.02082194,-483.4708,23219.2981,OK,0.0000,19.3388,4.0000,96.0000,AG03-UNRESOLVED,ALL5_LEVELS_bet23_to_bet27,19.3388,19.3388,19.3388,24.1735,24.1735,4.000000,4.000000,4.000000,5.000000,5.000000,96.000000,96.000000,96.000000,95.000000,95.000000,5.0,106.3636,97.4318,377.1072,386.039,PENDING_AG03,FALSE,NOT_FOR_ENFORCEMENT,464.1320,20103.3883,483.4708,464.1320,19.3388,0.02082194,0.01998906,19.3388,464.1320,0.01998906,19.3388,19.3388,19.3388,24.1735,24.1735,464.1320,0.01998906,106.3636,97.4318,377.1072,386.039,0.01624111,0.01662578,0.00083288,6.3719,5.7467,0.1327,24.1735,1.3696,1160.9649,182.2000,6.3719,,2.5818,5.1636,10.2741,10.3271,12.9089,15.4907,5.1636,0.0,2.5,3.0,1.234019,18,135,72,2,1.00000000,0.02082194,0.02082194,0E-8,0.000000,0.901880,0.010977,,2026-07-08,2026-08-06,20,353,182,30,0.666667,,1.000000,3.333333,,,,,,,,GLOBAL_BASELINE_NO_ENTITY_RANKING,,,NOT_APPLICABLE_GLOBAL_BASELINE,HF9g-P5,,,,X 全窗基线 · 不参与实体赏罚,8398891,840,A168_HF9F_20260827_0900,2026-08-27 09:00:00
2026-07-29,141205185,2252,0,198.7968915394,20.7833113884,20.7833113884,0.6086957,26,26,0.50046368461538462,0.500463684615,1.0381250100956567,1.0381250100993453,1.0381250100956567,3.8462E-13,ELIGIBLE,R03b_20260811_FULL_v1,L1_ELIGIBILITY,v2026-08-11,2026-03-21..2026-08-06,baccarat_bet02_101_all_pairs_incl_sentinel,round_win = game_pnl > 0 (decisive only),COMPATIBILITY_ONLY_NOT_PRODUCTION,23219.2981,20941.0295,483.4708,3644,3644,-0.02082194,-0.02082194,,-0.02082194,-483.4708,23219.2981,OK,0.0000,19.3388,4.0000,96.0000,AG03-UNRESOLVED,ALL5_LEVELS_bet23_to_bet27,19.3388,19.3388,19.3388,24.1735,24.1735,4.000000,4.000000,4.000000,5.000000,5.000000,96.000000,96.000000,96.000000,95.000000,95.000000,5.0,106.3636,97.4318,377.1072,386.039,PENDING_AG03,FALSE,NOT_FOR_ENFORCEMENT,464.1320,20103.3883,483.4708,464.1320,19.3388,0.02082194,0.01998906,19.3388,464.1320,0.01998906,19.3388,19.3388,19.3388,24.1735,24.1735,464.1320,0.01998906,106.3636,97.4318,377.1072,386.039,0.01624111,0.01662578,0.00083288,6.3719,5.7467,0.1327,24.1735,1.3696,1160.9649,182.2000,6.3719,,2.5818,5.1636,10.2741,10.3271,12.9089,15.4907,5.1636,0.0,2.5,3.0,1.234019,18,135,72,2,1.00000000,0.02082194,0.02082194,0E-8,0.000000,0.901880,0.010977,,2026-07-08,2026-08-06,20,353,182,30,0.666667,,1.000000,3.333333,,,,,,,,GLOBAL_BASELINE_NO_ENTITY_RANKING,,,NOT_APPLICABLE_GLOBAL_BASELINE,HF9g-P5,,,,X 全窗基线 · 不参与实体赏罚,8398892,840,A168_HF9F_20260827_0900,2026-08-27 09:00:00
2026-07-29,141205185,2258,0,64.5444453050,6.7126223117,6.7126223117,0.5000000,8,8,0.49994810000000000,0.499948100000,0.00029359073713029245,0.00029359073713029245,0.00029359073713029245,0E-17,ELIGIBLE,R03b_20260811_FULL_v1,L1_ELIGIBILITY,v2026-08-11,2026-03-21..2026-08-06,baccarat_bet02_101_all_pairs_incl_sentinel,round_win = game_pnl > 0 (decisive only),COMPATIBILITY_ONLY_NOT_PRODUCTION,23219.2981,20941.0295,483.4708,3644,3644,-0.02082194,-0.02082194,,-0.02082194,-483.4708,23219.2981,OK,0.0000,19.3388,4.0000,96.0000,AG03-UNRESOLVED,ALL5_LEVELS_bet23_to_bet27,19.3388,19.3388,19.3388,24.1735,24.1735,4.000000,4.000000,4.000000,5.000000,5.000000,96.000000,96.000000,96.000000,95.000000,95.000000,5.0,106.3636,97.4318,377.1072,386.039,PENDING_AG03,FALSE,NOT_FOR_ENFORCEMENT,464.1320,20103.3883,483.4708,464.1320,19.3388,0.02082194,0.01998906,19.3388,464.1320,0.01998906,19.3388,19.3388,19.3388,24.1735,24.1735,464.1320,0.01998906,106.3636,97.4318,377.1072,386.039,0.01624111,0.01662578,0.00083288,6.3719,5.7467,0.1327,24.1735,1.3696,1160.9649,182.2000,6.3719,,2.5818,5.1636,10.2741,10.3271,12.9089,15.4907,5.1636,0.0,2.5,3.0,1.234019,18,135,72,2,1.00000000,0.02082194,0.02082194,0E-8,0.000000,0.901880,0.010977,,2026-07-08,2026-08-06,20,353,182,30,0.666667,,1.000000,3.333333,,,,,,,,GLOBAL_BASELINE_NO_ENTITY_RANKING,,,NOT_APPLICABLE_GLOBAL_BASELINE,HF9g-P5,,,,X 全窗基线 · 不参与实体赏罚,8398893,840,A168_HF9F_20260827_0900,2026-08-27 09:00:00
2026-07-29,141205185,2271,0,129.0888906100,-1.8072444684,-1.8072444684,0.5714286,16,16,0.50246157500000000,0.502461575000,0.5161079978585735,0.5161079978585736,0.5161079978585735,0E-17,ELIGIBLE,R03b_20260811_FULL_v1,L1_ELIGIBILITY,v2026-08-11,2026-03-21..2026-08-06,baccarat_bet02_101_all_pairs_incl_sentinel,round_win = game_pnl > 0 (decisive only),COMPATIBILITY_ONLY_NOT_PRODUCTION,23219.2981,20941.0295,483.4708,3644,3644,-0.02082194,-0.02082194,,-0.02082194,-483.4708,23219.2981,OK,0.0000,19.3388,4.0000,96.0000,AG03-UNRESOLVED,ALL5_LEVELS_bet23_to_bet27,19.3388,19.3388,19.3388,24.1735,24.1735,4.000000,4.000000,4.000000,5.000000,5.000000,96.000000,96.000000,96.000000,95.000000,95.000000,5.0,106.3636,97.4318,377.1072,386.039,PENDING_AG03,FALSE,NOT_FOR_ENFORCEMENT,464.1320,20103.3883,483.4708,464.1320,19.3388,0.02082194,0.01998906,19.3388,464.1320,0.01998906,19.3388,19.3388,19.3388,24.1735,24.1735,464.1320,0.01998906,106.3636,97.4318,377.1072,386.039,0.01624111,0.01662578,0.00083288,6.3719,5.7467,0.1327,24.1735,1.3696,1160.9649,182.2000,6.3719,,2.5818,5.1636,10.2741,10.3271,12.9089,15.4907,5.1636,0.0,2.5,3.0,1.234019,18,135,72,2,1.00000000,0.02082194,0.02082194,0E-8,0.000000,0.901880,0.010977,,2026-07-08,2026-08-06,20,353,182,30,0.666667,,1.000000,3.333333,,,,,,,,GLOBAL_BASELINE_NO_ENTITY_RANKING,,,NOT_APPLICABLE_GLOBAL_BASELINE,HF9g-P5,,,,X 全窗基线 · 不参与实体赏罚,8398894,840,A168_HF9F_20260827_0900,2026-08-27 09:00:00
2026-07-29,141205185,2289,0,46.4720006196,-5.6799111868,-5.6799111868,0.3333333,5,5,0.50665070000000000,0.506650700000,-0.6004420894325239,-0.6004420894325239,-0.6004420894325239,0E-17,ELIGIBLE,R03b_20260811_FULL_v1,L1_ELIGIBILITY,v2026-08-11,2026-03-21..2026-08-06,baccarat_bet02_101_all_pairs_incl_sentinel,round_win = game_pnl > 0 (decisive only),COMPATIBILITY_ONLY_NOT_PRODUCTION,23219.2981,20941.0295,483.4708,3644,3644,-0.02082194,-0.02082194,,-0.02082194,-483.4708,23219.2981,OK,0.0000,19.3388,4.0000,96.0000,AG03-UNRESOLVED,ALL5_LEVELS_bet23_to_bet27,19.3388,19.3388,19.3388,24.1735,24.1735,4.000000,4.000000,4.000000,5.000000,5.000000,96.000000,96.000000,96.000000,95.000000,95.000000,5.0,106.3636,97.4318,377.1072,386.039,PENDING_AG03,FALSE,NOT_FOR_ENFORCEMENT,464.1320,20103.3883,483.4708,464.1320,19.3388,0.02082194,0.01998906,19.3388,464.1320,0.01998906,19.3388,19.3388,19.3388,24.1735,24.1735,464.1320,0.01998906,106.3636,97.4318,377.1072,386.039,0.01624111,0.01662578,0.00083288,6.3719,5.7467,0.1327,24.1735,1.3696,1160.9649,182.2000,6.3719,,2.5818,5.1636,10.2741,10.3271,12.9089,15.4907,5.1636,0.0,2.5,3.0,1.234019,18,135,72,2,1.00000000,0.02082194,0.02082194,0E-8,0.000000,0.901880,0.010977,,2026-07-08,2026-08-06,20,353,182,30,0.666667,,1.000000,3.333333,,,,,,,,GLOBAL_BASELINE_NO_ENTITY_RANKING,,,NOT_APPLICABLE_GLOBAL_BASELINE,HF9g-P5,,,,X 全窗基线 · 不参与实体赏罚,8398895,840,A168_HF9F_20260827_0900,2026-08-27 09:00:00
2026-07-29,141205185,462,0,278.8320037176,12.3925334988,12.3925334988,0.5294118,36,36,0.50032046666666667,0.500320466667,0.33925998853379996,0.33925998852991285,0.33925998853379996,-3.3333E-13,ELIGIBLE,R03b_20260811_FULL_v1,L1_ELIGIBILITY,v2026-08-11,2026-03-21..2026-08-06,baccarat_bet02_101_all_pairs_incl_sentinel,round_win = game_pnl > 0 (decisive only),COMPATIBILITY_ONLY_NOT_PRODUCTION,23219.2981,20941.0295,483.4708,3644,3644,-0.02082194,-0.02082194,,-0.02082194,-483.4708,23219.2981,OK,0.0000,19.3388,4.0000,96.0000,AG03-UNRESOLVED,ALL5_LEVELS_bet23_to_bet27,19.3388,19.3388,19.3388,24.1735,24.1735,4.000000,4.000000,4.000000,5.000000,5.000000,96.000000,96.000000,96.000000,95.000000,95.000000,5.0,106.3636,97.4318,377.1072,386.039,PENDING_AG03,FALSE,NOT_FOR_ENFORCEMENT,464.1320,20103.3883,483.4708,464.1320,19.3388,0.02082194,0.01998906,19.3388,464.1320,0.01998906,19.3388,19.3388,19.3388,24.1735,24.1735,464.1320,0.01998906,106.3636,97.4318,377.1072,386.039,0.01624111,0.01662578,0.00083288,6.3719,5.7467,0.1327,24.1735,1.3696,1160.9649,182.2000,6.3719,,2.5818,5.1636,10.2741,10.3271,12.9089,15.4907,5.1636,0.0,2.5,3.0,1.234019,18,135,72,2,1.00000000,0.02082194,0.02082194,0E-8,0.000000,0.901880,0.010977,,2026-07-08,2026-08-06,20,353,182,30,0.666667,,1.000000,3.333333,,,,,,,,GLOBAL_BASELINE_NO_ENTITY_RANKING,,,NOT_APPLICABLE_GLOBAL_BASELINE,HF9g-P5,,,,X 全窗基线 · 不参与实体赏罚,8398896,840,A168_HF9F_20260827_0900,2026-08-27 09:00:00
2026-07-29,141205185,526,0,153.6157798259,-20.3960447163,-20.3960447163,0.4285714,23,23,0.49907384782608696,0.499073847826,-0.6461664543336155,-0.6461664543328186,-0.6461664543336155,8.696E-14,ELIGIBLE,R03b_20260811_FULL_v1,L1_ELIGIBILITY,v2026-08-11,2026-03-21..2026-08-06,baccarat_bet02_101_all_pairs_incl_sentinel,round_win = game_pnl > 0 (decisive only),COMPATIBILITY_ONLY_NOT_PRODUCTION,23219.2981,20941.0295,483.4708,3644,3644,-0.02082194,-0.02082194,,-0.02082194,-483.4708,23219.2981,OK,0.0000,19.3388,4.0000,96.0000,AG03-UNRESOLVED,ALL5_LEVELS_bet23_to_bet27,19.3388,19.3388,19.3388,24.1735,24.1735,4.000000,4.000000,4.000000,5.000000,5.000000,96.000000,96.000000,96.000000,95.000000,95.000000,5.0,106.3636,97.4318,377.1072,386.039,PENDING_AG03,FALSE,NOT_FOR_ENFORCEMENT,464.1320,20103.3883,483.4708,464.1320,19.3388,0.02082194,0.01998906,19.3388,464.1320,0.01998906,19.3388,19.3388,19.3388,24.1735,24.1735,464.1320,0.01998906,106.3636,97.4318,377.1072,386.039,0.01624111,0.01662578,0.00083288,6.3719,5.7467,0.1327,24.1735,1.3696,1160.9649,182.2000,6.3719,,2.5818,5.1636,10.2741,10.3271,12.9089,15.4907,5.1636,0.0,2.5,3.0,1.234019,18,135,72,2,1.00000000,0.02082194,0.02082194,0E-8,0.000000,0.901880,0.010977,,2026-07-08,2026-08-06,20,353,182,30,0.666667,,1.000000,3.333333,,,,,,,,GLOBAL_BASELINE_NO_ENTITY_RANKING,,,NOT_APPLICABLE_GLOBAL_BASELINE,HF9g-P5,,,,X 全窗基线 · 不参与实体赏罚,8398897,840,A168_HF9F_20260827_0900,2026-08-27 09:00:00
2026-07-29,141205185,796,0,172.9791134174,25.5596003410,25.5596003410,0.5500000,23,23,0.50023951739130435,0.500239517391,0.445071337891183,0.4450713378939052,0.445071337891183,3.0435E-13,ELIGIBLE,R03b_20260811_FULL_v1,L1_ELIGIBILITY,v2026-08-11,2026-03-21..2026-08-06,baccarat_bet02_101_all_pairs_incl_sentinel,round_win = game_pnl > 0 (decisive only),COMPATIBILITY_ONLY_NOT_PRODUCTION,23219.2981,20941.0295,483.4708,3644,3644,-0.02082194,-0.02082194,,-0.02082194,-483.4708,23219.2981,OK,0.0000,19.3388,4.0000,96.0000,AG03-UNRESOLVED,ALL5_LEVELS_bet23_to_bet27,19.3388,19.3388,19.3388,24.1735,24.1735,4.000000,4.000000,4.000000,5.000000,5.000000,96.000000,96.000000,96.000000,95.000000,95.000000,5.0,106.3636,97.4318,377.1072,386.039,PENDING_AG03,FALSE,NOT_FOR_ENFORCEMENT,464.1320,20103.3883,483.4708,464.1320,19.3388,0.02082194,0.01998906,19.3388,464.1320,0.01998906,19.3388,19.3388,19.3388,24.1735,24.1735,464.1320,0.01998906,106.3636,97.4318,377.1072,386.039,0.01624111,0.01662578,0.00083288,6.3719,5.7467,0.1327,24.1735,1.3696,1160.9649,182.2000,6.3719,,2.5818,5.1636,10.2741,10.3271,12.9089,15.4907,5.1636,0.0,2.5,3.0,1.234019,18,135,72,2,1.00000000,0.02082194,0.02082194,0E-8,0.000000,0.901880,0.010977,,2026-07-08,2026-08-06,20,353,182,30,0.666667,,1.000000,3.333333,,,,,,,,GLOBAL_BASELINE_NO_ENTITY_RANKING,,,NOT_APPLICABLE_GLOBAL_BASELINE,HF9g-P5,,,,X 全窗基线 · 不参与实体赏罚,8398898,840,A168_HF9F_20260827_0900,2026-08-27 09:00:00
2026-07-29,141205185,919,0,56.7991118684,-2.9690444840,-2.9690444840,0.5000000,9,9,0.50069283333333333,0.500692833333,-0.003919260948490246,-0.003919260946604642,-0.003919260948490246,3.3333E-13,ELIGIBLE,R03b_20260811_FULL_v1,L1_ELIGIBILITY,v2026-08-11,2026-03-21..2026-08-06,baccarat_bet02_101_all_pairs_incl_sentinel,round_win = game_pnl > 0 (decisive only),COMPATIBILITY_ONLY_NOT_PRODUCTION,23219.2981,20941.0295,483.4708,3644,3644,-0.02082194,-0.02082194,,-0.02082194,-483.4708,23219.2981,OK,0.0000,19.3388,4.0000,96.0000,AG03-UNRESOLVED,ALL5_LEVELS_bet23_to_bet27,19.3388,19.3388,19.3388,24.1735,24.1735,4.000000,4.000000,4.000000,5.000000,5.000000,96.000000,96.000000,96.000000,95.000000,95.000000,5.0,106.3636,97.4318,377.1072,386.039,PENDING_AG03,FALSE,NOT_FOR_ENFORCEMENT,464.1320,20103.3883,483.4708,464.1320,19.3388,0.02082194,0.01998906,19.3388,464.1320,0.01998906,19.3388,19.3388,19.3388,24.1735,24.1735,464.1320,0.01998906,106.3636,97.4318,377.1072,386.039,0.01624111,0.01662578,0.00083288,6.3719,5.7467,0.1327,24.1735,1.3696,1160.9649,182.2000,6.3719,,2.5818,5.1636,10.2741,10.3271,12.9089,15.4907,5.1636,0.0,2.5,3.0,1.234019,18,135,72,2,1.00000000,0.02082194,0.02082194,0E-8,0.000000,0.901880,0.010977,,2026-07-08,2026-08-06,20,353,182,30,0.666667,,1.000000,3.333333,,,,,,,,GLOBAL_BASELINE_NO_ENTITY_RANKING,,,NOT_APPLICABLE_GLOBAL_BASELINE,HF9g-P5,,,,X 全窗基线 · 不参与实体赏罚,8398899,840,A168_HF9F_20260827_0900,2026-08-27 09:00:00
2026-07-29,141205185,925,0,25.8177781220,14.7161335295,14.7161335295,1.0000000,2,2,0.50665070000000000,0.506650700000,0.9867858985152569,0.9867858985152569,0.9867858985152569,0E-17,ELIGIBLE,R03b_20260811_FULL_v1,L1_ELIGIBILITY,v2026-08-11,2026-03-21..2026-08-06,baccarat_bet02_101_all_pairs_incl_sentinel,round_win = game_pnl > 0 (decisive only),COMPATIBILITY_ONLY_NOT_PRODUCTION,23219.2981,20941.0295,483.4708,3644,3644,-0.02082194,-0.02082194,,-0.02082194,-483.4708,23219.2981,OK,0.0000,19.3388,4.0000,96.0000,AG03-UNRESOLVED,ALL5_LEVELS_bet23_to_bet27,19.3388,19.3388,19.3388,24.1735,24.1735,4.000000,4.000000,4.000000,5.000000,5.000000,96.000000,96.000000,96.000000,95.000000,95.000000,5.0,106.3636,97.4318,377.1072,386.039,PENDING_AG03,FALSE,NOT_FOR_ENFORCEMENT,464.1320,20103.3883,483.4708,464.1320,19.3388,0.02082194,0.01998906,19.3388,464.1320,0.01998906,19.3388,19.3388,19.3388,24.1735,24.1735,464.1320,0.01998906,106.3636,97.4318,377.1072,386.039,0.01624111,0.01662578,0.00083288,6.3719,5.7467,0.1327,24.1735,1.3696,1160.9649,182.2000,6.3719,,2.5818,5.1636,10.2741,10.3271,12.9089,15.4907,5.1636,0.0,2.5,3.0,1.234019,18,135,72,2,1.00000000,0.02082194,0.02082194,0E-8,0.000000,0.901880,0.010977,,2026-07-08,2026-08-06,20,353,182,30,0.666667,,1.000000,3.333333,,,,,,,,GLOBAL_BASELINE_NO_ENTITY_RANKING,,,NOT_APPLICABLE_GLOBAL_BASELINE,HF9g-P5,,,,X 全窗基线 · 不参与实体赏罚,8398900,840,A168_HF9F_20260827_0900,2026-08-27 09:00:00
2026-07-30,141205185,1017,0,10.3271112488,5.1635556244,5.1635556244,1.0000000,2,2,0.49324550000000000,0.493245500000,1.01360149184955,1.01360149184955,1.01360149184955,0E-17,ELIGIBLE,R03b_20260811_FULL_v1,L1_ELIGIBILITY,v2026-08-11,2026-03-21..2026-08-06,baccarat_bet02_101_all_pairs_incl_sentinel,round_win = game_pnl > 0 (decisive only),COMPATIBILITY_ONLY_NOT_PRODUCTION,23219.2981,20941.0295,483.4708,3644,3644,-0.02082194,-0.02082194,,-0.02082194,-483.4708,23219.2981,OK,0.0000,19.3388,4.0000,96.0000,AG03-UNRESOLVED,ALL5_LEVELS_bet23_to_bet27,19.3388,19.3388,19.3388,24.1735,24.1735,4.000000,4.000000,4.000000,5.000000,5.000000,96.000000,96.000000,96.000000,95.000000,95.000000,5.0,106.3636,97.4318,377.1072,386.039,PENDING_AG03,FALSE,NOT_FOR_ENFORCEMENT,464.1320,20103.3883,483.4708,464.1320,19.3388,0.02082194,0.01998906,19.3388,464.1320,0.01998906,19.3388,19.3388,19.3388,24.1735,24.1735,464.1320,0.01998906,106.3636,97.4318,377.1072,386.039,0.01624111,0.01662578,0.00083288,6.3719,5.7467,0.1327,24.1735,1.3696,1160.9649,182.2000,6.3719,,2.5818,5.1636,10.2741,10.3271,12.9089,15.4907,5.1636,0.0,2.5,3.0,1.234019,18,135,72,2,1.00000000,0.02082194,0.02082194,0E-8,0.000000,0.901880,0.010977,,2026-07-08,2026-08-06,20,353,182,30,0.666667,,1.000000,3.333333,,,,,,,,GLOBAL_BASELINE_NO_ENTITY_RANKING,,,NOT_APPLICABLE_GLOBAL_BASELINE,HF9g-P5,,,,X 全窗基线 · 不参与实体赏罚,8398901,840,A168_HF9F_20260827_0900,2026-08-27 09:00:00
2026-07-30,141205185,1094,0,46.4720006196,14.4579557484,14.4579557484,0.6666667,9,9,0.50069283333333333,0.500692833333,0.9958439560465624,0.9958439560485615,0.9958439560465624,3.3333E-13,ELIGIBLE,R03b_20260811_FULL_v1,L1_ELIGIBILITY,v2026-08-11,2026-03-21..2026-08-06,baccarat_bet02_101_all_pairs_incl_sentinel,round_win = game_pnl > 0 (decisive only),COMPATIBILITY_ONLY_NOT_PRODUCTION,23219.2981,20941.0295,483.4708,3644,3644,-0.02082194,-0.02082194,,-0.02082194,-483.4708,23219.2981,OK,0.0000,19.3388,4.0000,96.0000,AG03-UNRESOLVED,ALL5_LEVELS_bet23_to_bet27,19.3388,19.3388,19.3388,24.1735,24.1735,4.000000,4.000000,4.000000,5.000000,5.000000,96.000000,96.000000,96.000000,95.000000,95.000000,5.0,106.3636,97.4318,377.1072,386.039,PENDING_AG03,FALSE,NOT_FOR_ENFORCEMENT,464.1320,20103.3883,483.4708,464.1320,19.3388,0.02082194,0.01998906,19.3388,464.1320,0.01998906,19.3388,19.3388,19.3388,24.1735,24.1735,464.1320,0.01998906,106.3636,97.4318,377.1072,386.039,0.01624111,0.01662578,0.00083288,6.3719,5.7467,0.1327,24.1735,1.3696,1160.9649,182.2000,6.3719,,2.5818,5.1636,10.2741,10.3271,12.9089,15.4907,5.1636,0.0,2.5,3.0,1.234019,18,135,72,2,1.00000000,0.02082194,0.02082194,0E-8,0.000000,0.901880,0.010977,,2026-07-08,2026-08-06,20,353,182,30,0.666667,,1.000000,3.333333,,,,,,,,GLOBAL_BASELINE_NO_ENTITY_RANKING,,,NOT_APPLICABLE_GLOBAL_BASELINE,HF9g-P5,,,,X 全窗基线 · 不参与实体赏罚,8398902,840,A168_HF9F_20260827_0900,2026-08-27 09:00:00
2026-07-30,141205185,1302,0,59.3808896806,-28.7868226060,-28.7868226060,0.3076923,13,13,0.49943251538461538,0.499432515385,-1.3826591913455295,-1.3826591913483017,-1.3826591913455295,-3.8462E-13,ELIGIBLE,R03b_20260811_FULL_v1,L1_ELIGIBILITY,v2026-08-11,2026-03-21..2026-08-06,baccarat_bet02_101_all_pairs_incl_sentinel,round_win = game_pnl > 0 (decisive only),COMPATIBILITY_ONLY_NOT_PRODUCTION,23219.2981,20941.0295,483.4708,3644,3644,-0.02082194,-0.02082194,,-0.02082194,-483.4708,23219.2981,OK,0.0000,19.3388,4.0000,96.0000,AG03-UNRESOLVED,ALL5_LEVELS_bet23_to_bet27,19.3388,19.3388,19.3388,24.1735,24.1735,4.000000,4.000000,4.000000,5.000000,5.000000,96.000000,96.000000,96.000000,95.000000,95.000000,5.0,106.3636,97.4318,377.1072,386.039,PENDING_AG03,FALSE,NOT_FOR_ENFORCEMENT,464.1320,20103.3883,483.4708,464.1320,19.3388,0.02082194,0.01998906,19.3388,464.1320,0.01998906,19.3388,19.3388,19.3388,24.1735,24.1735,464.1320,0.01998906,106.3636,97.4318,377.1072,386.039,0.01624111,0.01662578,0.00083288,6.3719,5.7467,0.1327,24.1735,1.3696,1160.9649,182.2000,6.3719,,2.5818,5.1636,10.2741,10.3271,12.9089,15.4907,5.1636,0.0,2.5,3.0,1.234019,18,135,72,2,1.00000000,0.02082194,0.02082194,0E-8,0.000000,0.901880,0.010977,,2026-07-08,2026-08-06,20,353,182,30,0.666667,,1.000000,3.333333,,,,,,,,GLOBAL_BASELINE_NO_ENTITY_RANKING,,,NOT_APPLICABLE_GLOBAL_BASELINE,HF9g-P5,,,,X 全窗基线 · 不参与实体赏罚,8398903,840,A168_HF9F_20260827_0900,2026-08-27 09:00:00
2026-07-30,141205185,1318,0,28.3995559342,-2.5817778122,-2.5817778122,0.3333333,3,3,0.49771390000000000,0.497713900000,-0.5694369385616226,-0.5694369385616226,-0.5694369385616226,0E-17,ELIGIBLE,R03b_20260811_FULL_v1,L1_ELIGIBILITY,v2026-08-11,2026-03-21..2026-08-06,baccarat_bet02_101_all_pairs_incl_sentinel,round_win = game_pnl > 0 (decisive only),COMPATIBILITY_ONLY_NOT_PRODUCTION,23219.2981,20941.0295,483.4708,3644,3644,-0.02082194,-0.02082194,,-0.02082194,-483.4708,23219.2981,OK,0.0000,19.3388,4.0000,96.0000,AG03-UNRESOLVED,ALL5_LEVELS_bet23_to_bet27,19.3388,19.3388,19.3388,24.1735,24.1735,4.000000,4.000000,4.000000,5.000000,5.000000,96.000000,96.000000,96.000000,95.000000,95.000000,5.0,106.3636,97.4318,377.1072,386.039,PENDING_AG03,FALSE,NOT_FOR_ENFORCEMENT,464.1320,20103.3883,483.4708,464.1320,19.3388,0.02082194,0.01998906,19.3388,464.1320,0.01998906,19.3388,19.3388,19.3388,24.1735,24.1735,464.1320,0.01998906,106.3636,97.4318,377.1072,386.039,0.01624111,0.01662578,0.00083288,6.3719,5.7467,0.1327,24.1735,1.3696,1160.9649,182.2000,6.3719,,2.5818,5.1636,10.2741,10.3271,12.9089,15.4907,5.1636,0.0,2.5,3.0,1.234019,18,135,72,2,1.00000000,0.02082194,0.02082194,0E-8,0.000000,0.901880,0.010977,,2026-07-08,2026-08-06,20,353,182,30,0.666667,,1.000000,3.333333,,,,,,,,GLOBAL_BASELINE_NO_ENTITY_RANKING,,,NOT_APPLICABLE_GLOBAL_BASELINE,HF9g-P5,,,,X 全窗基线 · 不参与实体赏罚,8398904,840,A168_HF9F_20260827_0900,2026-08-27 09:00:00
2026-07-30,141205185,1330,0,91.6531123331,23.7523558723,23.7523558723,0.6666667,9,9,0.49920336666666667,0.499203366667,1.0047810753185216,1.0047810753165205,1.0047810753185216,-3.3333E-13,ELIGIBLE,R03b_20260811_FULL_v1,L1_ELIGIBILITY,v2026-08-11,2026-03-21..2026-08-06,baccarat_bet02_101_all_pairs_incl_sentinel,round_win = game_pnl > 0 (decisive only),COMPATIBILITY_ONLY_NOT_PRODUCTION,23219.2981,20941.0295,483.4708,3644,3644,-0.02082194,-0.02082194,,-0.02082194,-483.4708,23219.2981,OK,0.0000,19.3388,4.0000,96.0000,AG03-UNRESOLVED,ALL5_LEVELS_bet23_to_bet27,19.3388,19.3388,19.3388,24.1735,24.1735,4.000000,4.000000,4.000000,5.000000,5.000000,96.000000,96.000000,96.000000,95.000000,95.000000,5.0,106.3636,97.4318,377.1072,386.039,PENDING_AG03,FALSE,NOT_FOR_ENFORCEMENT,464.1320,20103.3883,483.4708,464.1320,19.3388,0.02082194,0.01998906,19.3388,464.1320,0.01998906,19.3388,19.3388,19.3388,24.1735,24.1735,464.1320,0.01998906,106.3636,97.4318,377.1072,386.039,0.01624111,0.01662578,0.00083288,6.3719,5.7467,0.1327,24.1735,1.3696,1160.9649,182.2000,6.3719,,2.5818,5.1636,10.2741,10.3271,12.9089,15.4907,5.1636,0.0,2.5,3.0,1.234019,18,135,72,2,1.00000000,0.02082194,0.02082194,0E-8,0.000000,0.901880,0.010977,,2026-07-08,2026-08-06,20,353,182,30,0.666667,,1.000000,3.333333,,,,,,,,GLOBAL_BASELINE_NO_ENTITY_RANKING,,,NOT_APPLICABLE_GLOBAL_BASELINE,HF9g-P5,,,,X 全窗基线 · 不参与实体赏罚,8398905,840,A168_HF9F_20260827_0900,2026-08-27 09:00:00
2026-07-30,141205185,1331,0,30.9813337464,14.8452224202,14.8452224202,0.7500000,12,12,0.49994810000000000,0.499948100000,1.7324103906494044,1.7324103906494044,1.7324103906494044,0E-17,ELIGIBLE,R03b_20260811_FULL_v1,L1_ELIGIBILITY,v2026-08-11,2026-03-21..2026-08-06,baccarat_bet02_101_all_pairs_incl_sentinel,round_win = game_pnl > 0 (decisive only),COMPATIBILITY_ONLY_NOT_PRODUCTION,23219.2981,20941.0295,483.4708,3644,3644,-0.02082194,-0.02082194,,-0.02082194,-483.4708,23219.2981,OK,0.0000,19.3388,4.0000,96.0000,AG03-UNRESOLVED,ALL5_LEVELS_bet23_to_bet27,19.3388,19.3388,19.3388,24.1735,24.1735,4.000000,4.000000,4.000000,5.000000,5.000000,96.000000,96.000000,96.000000,95.000000,95.000000,5.0,106.3636,97.4318,377.1072,386.039,PENDING_AG03,FALSE,NOT_FOR_ENFORCEMENT,464.1320,20103.3883,483.4708,464.1320,19.3388,0.02082194,0.01998906,19.3388,464.1320,0.01998906,19.3388,19.3388,19.3388,24.1735,24.1735,464.1320,0.01998906,106.3636,97.4318,377.1072,386.039,0.01624111,0.01662578,0.00083288,6.3719,5.7467,0.1327,24.1735,1.3696,1160.9649,182.2000,6.3719,,2.5818,5.1636,10.2741,10.3271,12.9089,15.4907,5.1636,0.0,2.5,3.0,1.234019,18,135,72,2,1.00000000,0.02082194,0.02082194,0E-8,0.000000,0.901880,0.010977,,2026-07-08,2026-08-06,20,353,182,30,0.666667,,1.000000,3.333333,,,,,,,,GLOBAL_BASELINE_NO_ENTITY_RANKING,,,NOT_APPLICABLE_GLOBAL_BASELINE,HF9g-P5,,,,X 全窗基线 · 不参与实体赏罚,8398906,840,A168_HF9F_20260827_0900,2026-08-27 09:00:00
2026-07-30,141205185,1384,0,25.8177781220,-5.4217334056,-5.4217334056,0.4444444,9,9,0.49920336666666667,0.499203366667,-0.3285539503504811,-0.3285539503524808,-0.3285539503504811,-3.3333E-13,ELIGIBLE,R03b_20260811_FULL_v1,L1_ELIGIBILITY,v2026-08-11,2026-03-21..2026-08-06,baccarat_bet02_101_all_pairs_incl_sentinel,round_win = game_pnl > 0 (decisive only),COMPATIBILITY_ONLY_NOT_PRODUCTION,23219.2981,20941.0295,483.4708,3644,3644,-0.02082194,-0.02082194,,-0.02082194,-483.4708,23219.2981,OK,0.0000,19.3388,4.0000,96.0000,AG03-UNRESOLVED,ALL5_LEVELS_bet23_to_bet27,19.3388,19.3388,19.3388,24.1735,24.1735,4.000000,4.000000,4.000000,5.000000,5.000000,96.000000,96.000000,96.000000,95.000000,95.000000,5.0,106.3636,97.4318,377.1072,386.039,PENDING_AG03,FALSE,NOT_FOR_ENFORCEMENT,464.1320,20103.3883,483.4708,464.1320,19.3388,0.02082194,0.01998906,19.3388,464.1320,0.01998906,19.3388,19.3388,19.3388,24.1735,24.1735,464.1320,0.01998906,106.3636,97.4318,377.1072,386.039,0.01624111,0.01662578,0.00083288,6.3719,5.7467,0.1327,24.1735,1.3696,1160.9649,182.2000,6.3719,,2.5818,5.1636,10.2741,10.3271,12.9089,15.4907,5.1636,0.0,2.5,3.0,1.234019,18,135,72,2,1.00000000,0.02082194,0.02082194,0E-8,0.000000,0.901880,0.010977,,2026-07-08,2026-08-06,20,353,182,30,0.666667,,1.000000,3.333333,,,,,,,,GLOBAL_BASELINE_NO_ENTITY_RANKING,,,NOT_APPLICABLE_GLOBAL_BASELINE,HF9g-P5,,,,X 全窗基线 · 不参与实体赏罚,8398907,840,A168_HF9F_20260827_0900,2026-08-27 09:00:00
2026-07-30,141205185,1485,0,10.3271112488,-5.1635556244,-5.1635556244,0E-7,2,2,0.49994810000000000,0.499948100000,-0.9998962053866608,-0.9998962053866608,-0.9998962053866608,0E-17,ELIGIBLE,R03b_20260811_FULL_v1,L1_ELIGIBILITY,v2026-08-11,2026-03-21..2026-08-06,baccarat_bet02_101_all_pairs_incl_sentinel,round_win = game_pnl > 0 (decisive only),COMPATIBILITY_ONLY_NOT_PRODUCTION,23219.2981,20941.0295,483.4708,3644,3644,-0.02082194,-0.02082194,,-0.02082194,-483.4708,23219.2981,OK,0.0000,19.3388,4.0000,96.0000,AG03-UNRESOLVED,ALL5_LEVELS_bet23_to_bet27,19.3388,19.3388,19.3388,24.1735,24.1735,4.000000,4.000000,4.000000,5.000000,5.000000,96.000000,96.000000,96.000000,95.000000,95.000000,5.0,106.3636,97.4318,377.1072,386.039,PENDING_AG03,FALSE,NOT_FOR_ENFORCEMENT,464.1320,20103.3883,483.4708,464.1320,19.3388,0.02082194,0.01998906,19.3388,464.1320,0.01998906,19.3388,19.3388,19.3388,24.1735,24.1735,464.1320,0.01998906,106.3636,97.4318,377.1072,386.039,0.01624111,0.01662578,0.00083288,6.3719,5.7467,0.1327,24.1735,1.3696,1160.9649,182.2000,6.3719,,2.5818,5.1636,10.2741,10.3271,12.9089,15.4907,5.1636,0.0,2.5,3.0,1.234019,18,135,72,2,1.00000000,0.02082194,0.02082194,0E-8,0.000000,0.901880,0.010977,,2026-07-08,2026-08-06,20,353,182,30,0.666667,,1.000000,3.333333,,,,,,,,GLOBAL_BASELINE_NO_ENTITY_RANKING,,,NOT_APPLICABLE_GLOBAL_BASELINE,HF9g-P5,,,,X 全窗基线 · 不参与实体赏罚,8398908,840,A168_HF9F_20260827_0900,2026-08-27 09:00:00
2026-07-30,141205185,1505,0,191.0515581028,91.2658456614,91.2658456614,0.7500000,17,17,0.49718820588235294,0.497188205882,2.02252633413345,2.022526334136282,2.02252633413345,3.5294E-13,ELIGIBLE,R03b_20260811_FULL_v1,L1_ELIGIBILITY,v2026-08-11,2026-03-21..2026-08-06,baccarat_bet02_101_all_pairs_incl_sentinel,round_win = game_pnl > 0 (decisive only),COMPATIBILITY_ONLY_NOT_PRODUCTION,23219.2981,20941.0295,483.4708,3644,3644,-0.02082194,-0.02082194,,-0.02082194,-483.4708,23219.2981,OK,0.0000,19.3388,4.0000,96.0000,AG03-UNRESOLVED,ALL5_LEVELS_bet23_to_bet27,19.3388,19.3388,19.3388,24.1735,24.1735,4.000000,4.000000,4.000000,5.000000,5.000000,96.000000,96.000000,96.000000,95.000000,95.000000,5.0,106.3636,97.4318,377.1072,386.039,PENDING_AG03,FALSE,NOT_FOR_ENFORCEMENT,464.1320,20103.3883,483.4708,464.1320,19.3388,0.02082194,0.01998906,19.3388,464.1320,0.01998906,19.3388,19.3388,19.3388,24.1735,24.1735,464.1320,0.01998906,106.3636,97.4318,377.1072,386.039,0.01624111,0.01662578,0.00083288,6.3719,5.7467,0.1327,24.1735,1.3696,1160.9649,182.2000,6.3719,,2.5818,5.1636,10.2741,10.3271,12.9089,15.4907,5.1636,0.0,2.5,3.0,1.234019,18,135,72,2,1.00000000,0.02082194,0.02082194,0E-8,0.000000,0.901880,0.010977,,2026-07-08,2026-08-06,20,353,182,30,0.666667,,1.000000,3.333333,,,,,,,,GLOBAL_BASELINE_NO_ENTITY_RANKING,,,NOT_APPLICABLE_GLOBAL_BASELINE,HF9g-P5,,,,X 全窗基线 · 不参与实体赏罚,8398909,840,A168_HF9F_20260827_0900,2026-08-27 09:00:00
2026-07-30,141205185,1704,0,180.7244468540,29.1740892780,29.1740892780,0.6363636,13,13,0.49840134615384615,0.498401346154,0.9151429813510198,0.9151429813499983,0.9151429813510198,-1.5385E-13,ELIGIBLE,R03b_20260811_FULL_v1,L1_ELIGIBILITY,v2026-08-11,2026-03-21..2026-08-06,baccarat_bet02_101_all_pairs_incl_sentinel,round_win = game_pnl > 0 (decisive only),COMPATIBILITY_ONLY_NOT_PRODUCTION,23219.2981,20941.0295,483.4708,3644,3644,-0.02082194,-0.02082194,,-0.02082194,-483.4708,23219.2981,OK,0.0000,19.3388,4.0000,96.0000,AG03-UNRESOLVED,ALL5_LEVELS_bet23_to_bet27,19.3388,19.3388,19.3388,24.1735,24.1735,4.000000,4.000000,4.000000,5.000000,5.000000,96.000000,96.000000,96.000000,95.000000,95.000000,5.0,106.3636,97.4318,377.1072,386.039,PENDING_AG03,FALSE,NOT_FOR_ENFORCEMENT,464.1320,20103.3883,483.4708,464.1320,19.3388,0.02082194,0.01998906,19.3388,464.1320,0.01998906,19.3388,19.3388,19.3388,24.1735,24.1735,464.1320,0.01998906,106.3636,97.4318,377.1072,386.039,0.01624111,0.01662578,0.00083288,6.3719,5.7467,0.1327,24.1735,1.3696,1160.9649,182.2000,6.3719,,2.5818,5.1636,10.2741,10.3271,12.9089,15.4907,5.1636,0.0,2.5,3.0,1.234019,18,135,72,2,1.00000000,0.02082194,0.02082194,0E-8,0.000000,0.901880,0.010977,,2026-07-08,2026-08-06,20,353,182,30,0.666667,,1.000000,3.333333,,,,,,,,GLOBAL_BASELINE_NO_ENTITY_RANKING,,,NOT_APPLICABLE_GLOBAL_BASELINE,HF9g-P5,,,,X 全窗基线 · 不参与实体赏罚,8398910,840,A168_HF9F_20260827_0900,2026-08-27 09:00:00
2026-07-30,141205185,1935,0,23.2360003098,-5.2926445150,-5.2926445150,0.3750000,9,9,0.49920336666666667,0.499203366667,-0.7026012343063094,-0.7026012343081942,-0.7026012343063094,-3.3333E-13,ELIGIBLE,R03b_20260811_FULL_v1,L1_ELIGIBILITY,v2026-08-11,2026-03-21..2026-08-06,baccarat_bet02_101_all_pairs_incl_sentinel,round_win = game_pnl > 0 (decisive only),COMPATIBILITY_ONLY_NOT_PRODUCTION,23219.2981,20941.0295,483.4708,3644,3644,-0.02082194,-0.02082194,,-0.02082194,-483.4708,23219.2981,OK,0.0000,19.3388,4.0000,96.0000,AG03-UNRESOLVED,ALL5_LEVELS_bet23_to_bet27,19.3388,19.3388,19.3388,24.1735,24.1735,4.000000,4.000000,4.000000,5.000000,5.000000,96.000000,96.000000,96.000000,95.000000,95.000000,5.0,106.3636,97.4318,377.1072,386.039,PENDING_AG03,FALSE,NOT_FOR_ENFORCEMENT,464.1320,20103.3883,483.4708,464.1320,19.3388,0.02082194,0.01998906,19.3388,464.1320,0.01998906,19.3388,19.3388,19.3388,24.1735,24.1735,464.1320,0.01998906,106.3636,97.4318,377.1072,386.039,0.01624111,0.01662578,0.00083288,6.3719,5.7467,0.1327,24.1735,1.3696,1160.9649,182.2000,6.3719,,2.5818,5.1636,10.2741,10.3271,12.9089,15.4907,5.1636,0.0,2.5,3.0,1.234019,18,135,72,2,1.00000000,0.02082194,0.02082194,0E-8,0.000000,0.901880,0.010977,,2026-07-08,2026-08-06,20,353,182,30,0.666667,,1.000000,3.333333,,,,,,,,GLOBAL_BASELINE_NO_ENTITY_RANKING,,,NOT_APPLICABLE_GLOBAL_BASELINE,HF9g-P5,,,,X 全窗基线 · 不参与实体赏罚,8398911,840,A168_HF9F_20260827_0900,2026-08-27 09:00:00
2026-07-30,141205185,1942,0,86.4895567087,-7.5517001006,-7.5517001006,0.5294118,17,17,0.50034237058823529,0.500342370588,0.23971242103658047,0.2397124210385207,0.23971242103658047,2.3529E-13,ELIGIBLE,R03b_20260811_FULL_v1,L1_ELIGIBILITY,v2026-08-11,2026-03-21..2026-08-06,baccarat_bet02_101_all_pairs_incl_sentinel,round_win = game_pnl > 0 (decisive only),COMPATIBILITY_ONLY_NOT_PRODUCTION,23219.2981,20941.0295,483.4708,3644,3644,-0.02082194,-0.02082194,,-0.02082194,-483.4708,23219.2981,OK,0.0000,19.3388,4.0000,96.0000,AG03-UNRESOLVED,ALL5_LEVELS_bet23_to_bet27,19.3388,19.3388,19.3388,24.1735,24.1735,4.000000,4.000000,4.000000,5.000000,5.000000,96.000000,96.000000,96.000000,95.000000,95.000000,5.0,106.3636,97.4318,377.1072,386.039,PENDING_AG03,FALSE,NOT_FOR_ENFORCEMENT,464.1320,20103.3883,483.4708,464.1320,19.3388,0.02082194,0.01998906,19.3388,464.1320,0.01998906,19.3388,19.3388,19.3388,24.1735,24.1735,464.1320,0.01998906,106.3636,97.4318,377.1072,386.039,0.01624111,0.01662578,0.00083288,6.3719,5.7467,0.1327,24.1735,1.3696,1160.9649,182.2000,6.3719,,2.5818,5.1636,10.2741,10.3271,12.9089,15.4907,5.1636,0.0,2.5,3.0,1.234019,18,135,72,2,1.00000000,0.02082194,0.02082194,0E-8,0.000000,0.901880,0.010977,,2026-07-08,2026-08-06,20,353,182,30,0.666667,,1.000000,3.333333,,,,,,,,GLOBAL_BASELINE_NO_ENTITY_RANKING,,,NOT_APPLICABLE_GLOBAL_BASELINE,HF9g-P5,,,,X 全窗基线 · 不参与实体赏罚,8398912,840,A168_HF9F_20260827_0900,2026-08-27 09:00:00
2026-07-30,141205185,1947,0,72.2897787416,-6.0671778586,-6.0671778586,0.4545455,13,13,0.49943251538461538,0.499432515385,-0.2977472692631054,-0.29774726926565637,-0.2977472692631054,-3.8462E-13,ELIGIBLE,R03b_20260811_FULL_v1,L1_ELIGIBILITY,v2026-08-11,2026-03-21..2026-08-06,baccarat_bet02_101_all_pairs_incl_sentinel,round_win = game_pnl > 0 (decisive only),COMPATIBILITY_ONLY_NOT_PRODUCTION,23219.2981,20941.0295,483.4708,3644,3644,-0.02082194,-0.02082194,,-0.02082194,-483.4708,23219.2981,OK,0.0000,19.3388,4.0000,96.0000,AG03-UNRESOLVED,ALL5_LEVELS_bet23_to_bet27,19.3388,19.3388,19.3388,24.1735,24.1735,4.000000,4.000000,4.000000,5.000000,5.000000,96.000000,96.000000,96.000000,95.000000,95.000000,5.0,106.3636,97.4318,377.1072,386.039,PENDING_AG03,FALSE,NOT_FOR_ENFORCEMENT,464.1320,20103.3883,483.4708,464.1320,19.3388,0.02082194,0.01998906,19.3388,464.1320,0.01998906,19.3388,19.3388,19.3388,24.1735,24.1735,464.1320,0.01998906,106.3636,97.4318,377.1072,386.039,0.01624111,0.01662578,0.00083288,6.3719,5.7467,0.1327,24.1735,1.3696,1160.9649,182.2000,6.3719,,2.5818,5.1636,10.2741,10.3271,12.9089,15.4907,5.1636,0.0,2.5,3.0,1.234019,18,135,72,2,1.00000000,0.02082194,0.02082194,0E-8,0.000000,0.901880,0.010977,,2026-07-08,2026-08-06,20,353,182,30,0.666667,,1.000000,3.333333,,,,,,,,GLOBAL_BASELINE_NO_ENTITY_RANKING,,,NOT_APPLICABLE_GLOBAL_BASELINE,HF9g-P5,,,,X 全窗基线 · 不参与实体赏罚,8398913,840,A168_HF9F_20260827_0900,2026-08-27 09:00:00
2026-07-30,141205185,1966,0,46.4720006196,-16.0070224356,-16.0070224356,0.4000000,5,5,0.50396966000000000,0.503969660000,-0.4649811094771361,-0.4649811094771361,-0.4649811094771361,0E-17,ELIGIBLE,R03b_20260811_FULL_v1,L1_ELIGIBILITY,v2026-08-11,2026-03-21..2026-08-06,baccarat_bet02_101_all_pairs_incl_sentinel,round_win = game_pnl > 0 (decisive only),COMPATIBILITY_ONLY_NOT_PRODUCTION,23219.2981,20941.0295,483.4708,3644,3644,-0.02082194,-0.02082194,,-0.02082194,-483.4708,23219.2981,OK,0.0000,19.3388,4.0000,96.0000,AG03-UNRESOLVED,ALL5_LEVELS_bet23_to_bet27,19.3388,19.3388,19.3388,24.1735,24.1735,4.000000,4.000000,4.000000,5.000000,5.000000,96.000000,96.000000,96.000000,95.000000,95.000000,5.0,106.3636,97.4318,377.1072,386.039,PENDING_AG03,FALSE,NOT_FOR_ENFORCEMENT,464.1320,20103.3883,483.4708,464.1320,19.3388,0.02082194,0.01998906,19.3388,464.1320,0.01998906,19.3388,19.3388,19.3388,24.1735,24.1735,464.1320,0.01998906,106.3636,97.4318,377.1072,386.039,0.01624111,0.01662578,0.00083288,6.3719,5.7467,0.1327,24.1735,1.3696,1160.9649,182.2000,6.3719,,2.5818,5.1636,10.2741,10.3271,12.9089,15.4907,5.1636,0.0,2.5,3.0,1.234019,18,135,72,2,1.00000000,0.02082194,0.02082194,0E-8,0.000000,0.901880,0.010977,,2026-07-08,2026-08-06,20,353,182,30,0.666667,,1.000000,3.333333,,,,,,,,GLOBAL_BASELINE_NO_ENTITY_RANKING,,,NOT_APPLICABLE_GLOBAL_BASELINE,HF9g-P5,,,,X 全窗基线 · 不参与实体赏罚,8398914,840,A168_HF9F_20260827_0900,2026-08-27 09:00:00
2026-07-30,141205185,2127,0,54.2173340562,-18.4597113572,-18.4597113572,0.2857143,9,9,0.50069283333333333,0.500692833333,-1.137560640527468,-1.137560640525703,-1.137560640527468,3.3333E-13,ELIGIBLE,R03b_20260811_FULL_v1,L1_ELIGIBILITY,v2026-08-11,2026-03-21..2026-08-06,baccarat_bet02_101_all_pairs_incl_sentinel,round_win = game_pnl > 0 (decisive only),COMPATIBILITY_ONLY_NOT_PRODUCTION,23219.2981,20941.0295,483.4708,3644,3644,-0.02082194,-0.02082194,,-0.02082194,-483.4708,23219.2981,OK,0.0000,19.3388,4.0000,96.0000,AG03-UNRESOLVED,ALL5_LEVELS_bet23_to_bet27,19.3388,19.3388,19.3388,24.1735,24.1735,4.000000,4.000000,4.000000,5.000000,5.000000,96.000000,96.000000,96.000000,95.000000,95.000000,5.0,106.3636,97.4318,377.1072,386.039,PENDING_AG03,FALSE,NOT_FOR_ENFORCEMENT,464.1320,20103.3883,483.4708,464.1320,19.3388,0.02082194,0.01998906,19.3388,464.1320,0.01998906,19.3388,19.3388,19.3388,24.1735,24.1735,464.1320,0.01998906,106.3636,97.4318,377.1072,386.039,0.01624111,0.01662578,0.00083288,6.3719,5.7467,0.1327,24.1735,1.3696,1160.9649,182.2000,6.3719,,2.5818,5.1636,10.2741,10.3271,12.9089,15.4907,5.1636,0.0,2.5,3.0,1.234019,18,135,72,2,1.00000000,0.02082194,0.02082194,0E-8,0.000000,0.901880,0.010977,,2026-07-08,2026-08-06,20,353,182,30,0.666667,,1.000000,3.333333,,,,,,,,GLOBAL_BASELINE_NO_ENTITY_RANKING,,,NOT_APPLICABLE_GLOBAL_BASELINE,HF9g-P5,,,,X 全窗基线 · 不参与实体赏罚,8398915,840,A168_HF9F_20260827_0900,2026-08-27 09:00:00
2026-07-30,141205185,2145,0,25.8177781220,-15.7488446544,-15.7488446544,0.2000000,5,5,0.50128862000000000,0.501288620000,-1.347408145195933,-1.347408145195933,-1.347408145195933,0E-17,ELIGIBLE,R03b_20260811_FULL_v1,L1_ELIGIBILITY,v2026-08-11,2026-03-21..2026-08-06,baccarat_bet02_101_all_pairs_incl_sentinel,round_win = game_pnl > 0 (decisive only),COMPATIBILITY_ONLY_NOT_PRODUCTION,23219.2981,20941.0295,483.4708,3644,3644,-0.02082194,-0.02082194,,-0.02082194,-483.4708,23219.2981,OK,0.0000,19.3388,4.0000,96.0000,AG03-UNRESOLVED,ALL5_LEVELS_bet23_to_bet27,19.3388,19.3388,19.3388,24.1735,24.1735,4.000000,4.000000,4.000000,5.000000,5.000000,96.000000,96.000000,96.000000,95.000000,95.000000,5.0,106.3636,97.4318,377.1072,386.039,PENDING_AG03,FALSE,NOT_FOR_ENFORCEMENT,464.1320,20103.3883,483.4708,464.1320,19.3388,0.02082194,0.01998906,19.3388,464.1320,0.01998906,19.3388,19.3388,19.3388,24.1735,24.1735,464.1320,0.01998906,106.3636,97.4318,377.1072,386.039,0.01624111,0.01662578,0.00083288,6.3719,5.7467,0.1327,24.1735,1.3696,1160.9649,182.2000,6.3719,,2.5818,5.1636,10.2741,10.3271,12.9089,15.4907,5.1636,0.0,2.5,3.0,1.234019,18,135,72,2,1.00000000,0.02082194,0.02082194,0E-8,0.000000,0.901880,0.010977,,2026-07-08,2026-08-06,20,353,182,30,0.666667,,1.000000,3.333333,,,,,,,,GLOBAL_BASELINE_NO_ENTITY_RANKING,,,NOT_APPLICABLE_GLOBAL_BASELINE,HF9g-P5,,,,X 全窗基线 · 不参与实体赏罚,8398916,840,A168_HF9F_20260827_0900,2026-08-27 09:00:00
2026-07-30,141205185,2160,0,200.0877804455,41.6311672219,41.6311672219,0.6666667,25,25,0.50021620400000000,0.500216204000,1.6308749564018554,1.6308749564018556,1.6308749564018554,0E-17,ELIGIBLE,R03b_20260811_FULL_v1,L1_ELIGIBILITY,v2026-08-11,2026-03-21..2026-08-06,baccarat_bet02_101_all_pairs_incl_sentinel,round_win = game_pnl > 0 (decisive only),COMPATIBILITY_ONLY_NOT_PRODUCTION,23219.2981,20941.0295,483.4708,3644,3644,-0.02082194,-0.02082194,,-0.02082194,-483.4708,23219.2981,OK,0.0000,19.3388,4.0000,96.0000,AG03-UNRESOLVED,ALL5_LEVELS_bet23_to_bet27,19.3388,19.3388,19.3388,24.1735,24.1735,4.000000,4.000000,4.000000,5.000000,5.000000,96.000000,96.000000,96.000000,95.000000,95.000000,5.0,106.3636,97.4318,377.1072,386.039,PENDING_AG03,FALSE,NOT_FOR_ENFORCEMENT,464.1320,20103.3883,483.4708,464.1320,19.3388,0.02082194,0.01998906,19.3388,464.1320,0.01998906,19.3388,19.3388,19.3388,24.1735,24.1735,464.1320,0.01998906,106.3636,97.4318,377.1072,386.039,0.01624111,0.01662578,0.00083288,6.3719,5.7467,0.1327,24.1735,1.3696,1160.9649,182.2000,6.3719,,2.5818,5.1636,10.2741,10.3271,12.9089,15.4907,5.1636,0.0,2.5,3.0,1.234019,18,135,72,2,1.00000000,0.02082194,0.02082194,0E-8,0.000000,0.901880,0.010977,,2026-07-08,2026-08-06,20,353,182,30,0.666667,,1.000000,3.333333,,,,,,,,GLOBAL_BASELINE_NO_ENTITY_RANKING,,,NOT_APPLICABLE_GLOBAL_BASELINE,HF9g-P5,,,,X 全窗基线 · 不参与实体赏罚,8398917,840,A168_HF9F_20260827_0900,2026-08-27 09:00:00
2026-07-30,141205185,2174,0,240.1053365346,-51.5064673532,-51.5064673532,0.4285714,23,23,0.50082235217391304,0.500822352174,-0.6621915485097348,-0.6621915485105321,-0.6621915485097348,-8.696E-14,ELIGIBLE,R03b_20260811_FULL_v1,L1_ELIGIBILITY,v2026-08-11,2026-03-21..2026-08-06,baccarat_bet02_101_all_pairs_incl_sentinel,round_win = game_pnl > 0 (decisive only),COMPATIBILITY_ONLY_NOT_PRODUCTION,23219.2981,20941.0295,483.4708,3644,3644,-0.02082194,-0.02082194,,-0.02082194,-483.4708,23219.2981,OK,0.0000,19.3388,4.0000,96.0000,AG03-UNRESOLVED,ALL5_LEVELS_bet23_to_bet27,19.3388,19.3388,19.3388,24.1735,24.1735,4.000000,4.000000,4.000000,5.000000,5.000000,96.000000,96.000000,96.000000,95.000000,95.000000,5.0,106.3636,97.4318,377.1072,386.039,PENDING_AG03,FALSE,NOT_FOR_ENFORCEMENT,464.1320,20103.3883,483.4708,464.1320,19.3388,0.02082194,0.01998906,19.3388,464.1320,0.01998906,19.3388,19.3388,19.3388,24.1735,24.1735,464.1320,0.01998906,106.3636,97.4318,377.1072,386.039,0.01624111,0.01662578,0.00083288,6.3719,5.7467,0.1327,24.1735,1.3696,1160.9649,182.2000,6.3719,,2.5818,5.1636,10.2741,10.3271,12.9089,15.4907,5.1636,0.0,2.5,3.0,1.234019,18,135,72,2,1.00000000,0.02082194,0.02082194,0E-8,0.000000,0.901880,0.010977,,2026-07-08,2026-08-06,20,353,182,30,0.666667,,1.000000,3.333333,,,,,,,,GLOBAL_BASELINE_NO_ENTITY_RANKING,,,NOT_APPLICABLE_GLOBAL_BASELINE,HF9g-P5,,,,X 全窗基线 · 不参与实体赏罚,8398918,840,A168_HF9F_20260827_0900,2026-08-27 09:00:00
2026-07-30,141205185,2179,0,25.8177781220,20.1378669352,20.1378669352,0.8000000,5,5,0.49860758000000000,0.498607580000,1.3478731046594083,1.3478731046594083,1.3478731046594083,0E-17,ELIGIBLE,R03b_20260811_FULL_v1,L1_ELIGIBILITY,v2026-08-11,2026-03-21..2026-08-06,baccarat_bet02_101_all_pairs_incl_sentinel,round_win = game_pnl > 0 (decisive only),COMPATIBILITY_ONLY_NOT_PRODUCTION,23219.2981,20941.0295,483.4708,3644,3644,-0.02082194,-0.02082194,,-0.02082194,-483.4708,23219.2981,OK,0.0000,19.3388,4.0000,96.0000,AG03-UNRESOLVED,ALL5_LEVELS_bet23_to_bet27,19.3388,19.3388,19.3388,24.1735,24.1735,4.000000,4.000000,4.000000,5.000000,5.000000,96.000000,96.000000,96.000000,95.000000,95.000000,5.0,106.3636,97.4318,377.1072,386.039,PENDING_AG03,FALSE,NOT_FOR_ENFORCEMENT,464.1320,20103.3883,483.4708,464.1320,19.3388,0.02082194,0.01998906,19.3388,464.1320,0.01998906,19.3388,19.3388,19.3388,24.1735,24.1735,464.1320,0.01998906,106.3636,97.4318,377.1072,386.039,0.01624111,0.01662578,0.00083288,6.3719,5.7467,0.1327,24.1735,1.3696,1160.9649,182.2000,6.3719,,2.5818,5.1636,10.2741,10.3271,12.9089,15.4907,5.1636,0.0,2.5,3.0,1.234019,18,135,72,2,1.00000000,0.02082194,0.02082194,0E-8,0.000000,0.901880,0.010977,,2026-07-08,2026-08-06,20,353,182,30,0.666667,,1.000000,3.333333,,,,,,,,GLOBAL_BASELINE_NO_ENTITY_RANKING,,,NOT_APPLICABLE_GLOBAL_BASELINE,HF9g-P5,,,,X 全窗基线 · 不参与实体赏罚,8398919,840,A168_HF9F_20260827_0900,2026-08-27 09:00:00
2026-07-30,141205185,2209,0,28.3995559342,-28.3995559342,-28.3995559342,0E-7,4,4,0.49994810000000000,0.499948100000,-1.9997924107733216,-1.9997924107733216,-1.9997924107733216,0E-17,ELIGIBLE,R03b_20260811_FULL_v1,L1_ELIGIBILITY,v2026-08-11,2026-03-21..2026-08-06,baccarat_bet02_101_all_pairs_incl_sentinel,round_win = game_pnl > 0 (decisive only),COMPATIBILITY_ONLY_NOT_PRODUCTION,23219.2981,20941.0295,483.4708,3644,3644,-0.02082194,-0.02082194,,-0.02082194,-483.4708,23219.2981,OK,0.0000,19.3388,4.0000,96.0000,AG03-UNRESOLVED,ALL5_LEVELS_bet23_to_bet27,19.3388,19.3388,19.3388,24.1735,24.1735,4.000000,4.000000,4.000000,5.000000,5.000000,96.000000,96.000000,96.000000,95.000000,95.000000,5.0,106.3636,97.4318,377.1072,386.039,PENDING_AG03,FALSE,NOT_FOR_ENFORCEMENT,464.1320,20103.3883,483.4708,464.1320,19.3388,0.02082194,0.01998906,19.3388,464.1320,0.01998906,19.3388,19.3388,19.3388,24.1735,24.1735,464.1320,0.01998906,106.3636,97.4318,377.1072,386.039,0.01624111,0.01662578,0.00083288,6.3719,5.7467,0.1327,24.1735,1.3696,1160.9649,182.2000,6.3719,,2.5818,5.1636,10.2741,10.3271,12.9089,15.4907,5.1636,0.0,2.5,3.0,1.234019,18,135,72,2,1.00000000,0.02082194,0.02082194,0E-8,0.000000,0.901880,0.010977,,2026-07-08,2026-08-06,20,353,182,30,0.666667,,1.000000,3.333333,,,,,,,,GLOBAL_BASELINE_NO_ENTITY_RANKING,,,NOT_APPLICABLE_GLOBAL_BASELINE,HF9g-P5,,,,X 全窗基线 · 不参与实体赏罚,8398920,840,A168_HF9F_20260827_0900,2026-08-27 09:00:00
2026-07-30,141205185,2261,0,38.7266671830,24.5268892160,24.5268892160,1.0000000,3,3,0.50665070000000000,0.506650700000,1.3955260008387969,1.3955260008387969,1.3955260008387969,0E-17,ELIGIBLE,R03b_20260811_FULL_v1,L1_ELIGIBILITY,v2026-08-11,2026-03-21..2026-08-06,baccarat_bet02_101_all_pairs_incl_sentinel,round_win = game_pnl > 0 (decisive only),COMPATIBILITY_ONLY_NOT_PRODUCTION,23219.2981,20941.0295,483.4708,3644,3644,-0.02082194,-0.02082194,,-0.02082194,-483.4708,23219.2981,OK,0.0000,19.3388,4.0000,96.0000,AG03-UNRESOLVED,ALL5_LEVELS_bet23_to_bet27,19.3388,19.3388,19.3388,24.1735,24.1735,4.000000,4.000000,4.000000,5.000000,5.000000,96.000000,96.000000,96.000000,95.000000,95.000000,5.0,106.3636,97.4318,377.1072,386.039,PENDING_AG03,FALSE,NOT_FOR_ENFORCEMENT,464.1320,20103.3883,483.4708,464.1320,19.3388,0.02082194,0.01998906,19.3388,464.1320,0.01998906,19.3388,19.3388,19.3388,24.1735,24.1735,464.1320,0.01998906,106.3636,97.4318,377.1072,386.039,0.01624111,0.01662578,0.00083288,6.3719,5.7467,0.1327,24.1735,1.3696,1160.9649,182.2000,6.3719,,2.5818,5.1636,10.2741,10.3271,12.9089,15.4907,5.1636,0.0,2.5,3.0,1.234019,18,135,72,2,1.00000000,0.02082194,0.02082194,0E-8,0.000000,0.901880,0.010977,,2026-07-08,2026-08-06,20,353,182,30,0.666667,,1.000000,3.333333,,,,,,,,GLOBAL_BASELINE_NO_ENTITY_RANKING,,,NOT_APPLICABLE_GLOBAL_BASELINE,HF9g-P5,,,,X 全窗基线 · 不参与实体赏罚,8398921,840,A168_HF9F_20260827_0900,2026-08-27 09:00:00
2026-07-30,141205185,2266,0,20.6542224976,-5.2926445150,-5.2926445150,0.3750000,8,8,0.49994810000000000,0.499948100000,-0.7068131942587571,-0.7068131942587571,-0.7068131942587571,0E-17,ELIGIBLE,R03b_20260811_FULL_v1,L1_ELIGIBILITY,v2026-08-11,2026-03-21..2026-08-06,baccarat_bet02_101_all_pairs_incl_sentinel,round_win = game_pnl > 0 (decisive only),COMPATIBILITY_ONLY_NOT_PRODUCTION,23219.2981,20941.0295,483.4708,3644,3644,-0.02082194,-0.02082194,,-0.02082194,-483.4708,23219.2981,OK,0.0000,19.3388,4.0000,96.0000,AG03-UNRESOLVED,ALL5_LEVELS_bet23_to_bet27,19.3388,19.3388,19.3388,24.1735,24.1735,4.000000,4.000000,4.000000,5.000000,5.000000,96.000000,96.000000,96.000000,95.000000,95.000000,5.0,106.3636,97.4318,377.1072,386.039,PENDING_AG03,FALSE,NOT_FOR_ENFORCEMENT,464.1320,20103.3883,483.4708,464.1320,19.3388,0.02082194,0.01998906,19.3388,464.1320,0.01998906,19.3388,19.3388,19.3388,24.1735,24.1735,464.1320,0.01998906,106.3636,97.4318,377.1072,386.039,0.01624111,0.01662578,0.00083288,6.3719,5.7467,0.1327,24.1735,1.3696,1160.9649,182.2000,6.3719,,2.5818,5.1636,10.2741,10.3271,12.9089,15.4907,5.1636,0.0,2.5,3.0,1.234019,18,135,72,2,1.00000000,0.02082194,0.02082194,0E-8,0.000000,0.901880,0.010977,,2026-07-08,2026-08-06,20,353,182,30,0.666667,,1.000000,3.333333,,,,,,,,GLOBAL_BASELINE_NO_ENTITY_RANKING,,,NOT_APPLICABLE_GLOBAL_BASELINE,HF9g-P5,,,,X 全窗基线 · 不参与实体赏罚,8398922,840,A168_HF9F_20260827_0900,2026-08-27 09:00:00
2026-07-30,141205185,462,0,12.9088890610,12.3925334986,12.3925334986,1.0000000,2,2,0.49994810000000000,0.499948100000,1.4143603653603398,1.4143603653603398,1.4143603653603398,0E-17,ELIGIBLE,R03b_20260811_FULL_v1,L1_ELIGIBILITY,v2026-08-11,2026-03-21..2026-08-06,baccarat_bet02_101_all_pairs_incl_sentinel,round_win = game_pnl > 0 (decisive only),COMPATIBILITY_ONLY_NOT_PRODUCTION,23219.2981,20941.0295,483.4708,3644,3644,-0.02082194,-0.02082194,,-0.02082194,-483.4708,23219.2981,OK,0.0000,19.3388,4.0000,96.0000,AG03-UNRESOLVED,ALL5_LEVELS_bet23_to_bet27,19.3388,19.3388,19.3388,24.1735,24.1735,4.000000,4.000000,4.000000,5.000000,5.000000,96.000000,96.000000,96.000000,95.000000,95.000000,5.0,106.3636,97.4318,377.1072,386.039,PENDING_AG03,FALSE,NOT_FOR_ENFORCEMENT,464.1320,20103.3883,483.4708,464.1320,19.3388,0.02082194,0.01998906,19.3388,464.1320,0.01998906,19.3388,19.3388,19.3388,24.1735,24.1735,464.1320,0.01998906,106.3636,97.4318,377.1072,386.039,0.01624111,0.01662578,0.00083288,6.3719,5.7467,0.1327,24.1735,1.3696,1160.9649,182.2000,6.3719,,2.5818,5.1636,10.2741,10.3271,12.9089,15.4907,5.1636,0.0,2.5,3.0,1.234019,18,135,72,2,1.00000000,0.02082194,0.02082194,0E-8,0.000000,0.901880,0.010977,,2026-07-08,2026-08-06,20,353,182,30,0.666667,,1.000000,3.333333,,,,,,,,GLOBAL_BASELINE_NO_ENTITY_RANKING,,,NOT_APPLICABLE_GLOBAL_BASELINE,HF9g-P5,,,,X 全窗基线 · 不参与实体赏罚,8398923,840,A168_HF9F_20260827_0900,2026-08-27 09:00:00
2026-07-30,141205185,550,0,105.8528903002,-8.9071334520,-8.9071334520,0.5000000,11,11,0.49812011818181818,0.498120118182,0.011889500589018717,0.011889500587868761,0.011889500589018717,-1.8182E-13,ELIGIBLE,R03b_20260811_FULL_v1,L1_ELIGIBILITY,v2026-08-11,2026-03-21..2026-08-06,baccarat_bet02_101_all_pairs_incl_sentinel,round_win = game_pnl > 0 (decisive only),COMPATIBILITY_ONLY_NOT_PRODUCTION,23219.2981,20941.0295,483.4708,3644,3644,-0.02082194,-0.02082194,,-0.02082194,-483.4708,23219.2981,OK,0.0000,19.3388,4.0000,96.0000,AG03-UNRESOLVED,ALL5_LEVELS_bet23_to_bet27,19.3388,19.3388,19.3388,24.1735,24.1735,4.000000,4.000000,4.000000,5.000000,5.000000,96.000000,96.000000,96.000000,95.000000,95.000000,5.0,106.3636,97.4318,377.1072,386.039,PENDING_AG03,FALSE,NOT_FOR_ENFORCEMENT,464.1320,20103.3883,483.4708,464.1320,19.3388,0.02082194,0.01998906,19.3388,464.1320,0.01998906,19.3388,19.3388,19.3388,24.1735,24.1735,464.1320,0.01998906,106.3636,97.4318,377.1072,386.039,0.01624111,0.01662578,0.00083288,6.3719,5.7467,0.1327,24.1735,1.3696,1160.9649,182.2000,6.3719,,2.5818,5.1636,10.2741,10.3271,12.9089,15.4907,5.1636,0.0,2.5,3.0,1.234019,18,135,72,2,1.00000000,0.02082194,0.02082194,0E-8,0.000000,0.901880,0.010977,,2026-07-08,2026-08-06,20,353,182,30,0.666667,,1.000000,3.333333,,,,,,,,GLOBAL_BASELINE_NO_ENTITY_RANKING,,,NOT_APPLICABLE_GLOBAL_BASELINE,HF9g-P5,,,,X 全窗基线 · 不参与实体赏罚,8398924,840,A168_HF9F_20260827_0900,2026-08-27 09:00:00
2026-07-30,141205185,986,0,147.1613352954,0.2581777814,0.2581777814,0.5384615,15,15,0.50218230000000000,0.502182300000,0.2616158008831905,0.2616158008831905,0.2616158008831905,0E-17,ELIGIBLE,R03b_20260811_FULL_v1,L1_ELIGIBILITY,v2026-08-11,2026-03-21..2026-08-06,baccarat_bet02_101_all_pairs_incl_sentinel,round_win = game_pnl > 0 (decisive only),COMPATIBILITY_ONLY_NOT_PRODUCTION,23219.2981,20941.0295,483.4708,3644,3644,-0.02082194,-0.02082194,,-0.02082194,-483.4708,23219.2981,OK,0.0000,19.3388,4.0000,96.0000,AG03-UNRESOLVED,ALL5_LEVELS_bet23_to_bet27,19.3388,19.3388,19.3388,24.1735,24.1735,4.000000,4.000000,4.000000,5.000000,5.000000,96.000000,96.000000,96.000000,95.000000,95.000000,5.0,106.3636,97.4318,377.1072,386.039,PENDING_AG03,FALSE,NOT_FOR_ENFORCEMENT,464.1320,20103.3883,483.4708,464.1320,19.3388,0.02082194,0.01998906,19.3388,464.1320,0.01998906,19.3388,19.3388,19.3388,24.1735,24.1735,464.1320,0.01998906,106.3636,97.4318,377.1072,386.039,0.01624111,0.01662578,0.00083288,6.3719,5.7467,0.1327,24.1735,1.3696,1160.9649,182.2000,6.3719,,2.5818,5.1636,10.2741,10.3271,12.9089,15.4907,5.1636,0.0,2.5,3.0,1.234019,18,135,72,2,1.00000000,0.02082194,0.02082194,0E-8,0.000000,0.901880,0.010977,,2026-07-08,2026-08-06,20,353,182,30,0.666667,,1.000000,3.333333,,,,,,,,GLOBAL_BASELINE_NO_ENTITY_RANKING,,,NOT_APPLICABLE_GLOBAL_BASELINE,HF9g-P5,,,,X 全窗基线 · 不参与实体赏罚,8398925,840,A168_HF9F_20260827_0900,2026-08-27 09:00:00
2026-07-31,141205185,1210,0,35.9592119796,-0.5137030283,-0.5137030283,0.5000000,5,5,0.49860758000000000,0.498607580000,0.005569701597489473,0.005569701597489473,0.005569701597489473,0E-17,ELIGIBLE,R03b_20260811_FULL_v1,L1_ELIGIBILITY,v2026-08-11,2026-03-21..2026-08-06,baccarat_bet02_101_all_pairs_incl_sentinel,round_win = game_pnl > 0 (decisive only),COMPATIBILITY_ONLY_NOT_PRODUCTION,23219.2981,20941.0295,483.4708,3644,3644,-0.02082194,-0.02082194,,-0.02082194,-483.4708,23219.2981,OK,0.0000,19.3388,4.0000,96.0000,AG03-UNRESOLVED,ALL5_LEVELS_bet23_to_bet27,19.3388,19.3388,19.3388,24.1735,24.1735,4.000000,4.000000,4.000000,5.000000,5.000000,96.000000,96.000000,96.000000,95.000000,95.000000,5.0,106.3636,97.4318,377.1072,386.039,PENDING_AG03,FALSE,NOT_FOR_ENFORCEMENT,464.1320,20103.3883,483.4708,464.1320,19.3388,0.02082194,0.01998906,19.3388,464.1320,0.01998906,19.3388,19.3388,19.3388,24.1735,24.1735,464.1320,0.01998906,106.3636,97.4318,377.1072,386.039,0.01624111,0.01662578,0.00083288,6.3719,5.7467,0.1327,24.1735,1.3696,1160.9649,182.2000,6.3719,,2.5818,5.1636,10.2741,10.3271,12.9089,15.4907,5.1636,0.0,2.5,3.0,1.234019,18,135,72,2,1.00000000,0.02082194,0.02082194,0E-8,0.000000,0.901880,0.010977,,2026-07-08,2026-08-06,20,353,182,30,0.666667,,1.000000,3.333333,,,,,,,,GLOBAL_BASELINE_NO_ENTITY_RANKING,,,NOT_APPLICABLE_GLOBAL_BASELINE,HF9g-P5,,,,X 全窗基线 · 不参与实体赏罚,8398926,840,A168_HF9F_20260827_0900,2026-08-27 09:00:00
2026-07-31,141205185,1325,0,5.1370302828,-5.1370302828,-5.1370302828,0E-7,1,1,0.49324550000000000,0.493245500000,-0.9865810262130424,-0.9865810262130424,-0.9865810262130424,0E-17,ELIGIBLE,R03b_20260811_FULL_v1,L1_ELIGIBILITY,v2026-08-11,2026-03-21..2026-08-06,baccarat_bet02_101_all_pairs_incl_sentinel,round_win = game_pnl > 0 (decisive only),COMPATIBILITY_ONLY_NOT_PRODUCTION,23219.2981,20941.0295,483.4708,3644,3644,-0.02082194,-0.02082194,,-0.02082194,-483.4708,23219.2981,OK,0.0000,19.3388,4.0000,96.0000,AG03-UNRESOLVED,ALL5_LEVELS_bet23_to_bet27,19.3388,19.3388,19.3388,24.1735,24.1735,4.000000,4.000000,4.000000,5.000000,5.000000,96.000000,96.000000,96.000000,95.000000,95.000000,5.0,106.3636,97.4318,377.1072,386.039,PENDING_AG03,FALSE,NOT_FOR_ENFORCEMENT,464.1320,20103.3883,483.4708,464.1320,19.3388,0.02082194,0.01998906,19.3388,464.1320,0.01998906,19.3388,19.3388,19.3388,24.1735,24.1735,464.1320,0.01998906,106.3636,97.4318,377.1072,386.039,0.01624111,0.01662578,0.00083288,6.3719,5.7467,0.1327,24.1735,1.3696,1160.9649,182.2000,6.3719,,2.5818,5.1636,10.2741,10.3271,12.9089,15.4907,5.1636,0.0,2.5,3.0,1.234019,18,135,72,2,1.00000000,0.02082194,0.02082194,0E-8,0.000000,0.901880,0.010977,,2026-07-08,2026-08-06,20,353,182,30,0.666667,,1.000000,3.333333,,,,,,,,GLOBAL_BASELINE_NO_ENTITY_RANKING,,,NOT_APPLICABLE_GLOBAL_BASELINE,HF9g-P5,,,,X 全窗基线 · 不参与实体赏罚,8398927,840,A168_HF9F_20260827_0900,2026-08-27 09:00:00
2026-07-31,141205185,1331,0,72.2897787416,18.5888002478,18.5888002478,0.6000000,6,6,0.50218230000000000,0.502182300000,0.4374582199563857,0.4374582199563857,0.4374582199563857,0E-17,ELIGIBLE,R03b_20260811_FULL_v1,L1_ELIGIBILITY,v2026-08-11,2026-03-21..2026-08-06,baccarat_bet02_101_all_pairs_incl_sentinel,round_win = game_pnl > 0 (decisive only),COMPATIBILITY_ONLY_NOT_PRODUCTION,23219.2981,20941.0295,483.4708,3644,3644,-0.02082194,-0.02082194,,-0.02082194,-483.4708,23219.2981,OK,0.0000,19.3388,4.0000,96.0000,AG03-UNRESOLVED,ALL5_LEVELS_bet23_to_bet27,19.3388,19.3388,19.3388,24.1735,24.1735,4.000000,4.000000,4.000000,5.000000,5.000000,96.000000,96.000000,96.000000,95.000000,95.000000,5.0,106.3636,97.4318,377.1072,386.039,PENDING_AG03,FALSE,NOT_FOR_ENFORCEMENT,464.1320,20103.3883,483.4708,464.1320,19.3388,0.02082194,0.01998906,19.3388,464.1320,0.01998906,19.3388,19.3388,19.3388,24.1735,24.1735,464.1320,0.01998906,106.3636,97.4318,377.1072,386.039,0.01624111,0.01662578,0.00083288,6.3719,5.7467,0.1327,24.1735,1.3696,1160.9649,182.2000,6.3719,,2.5818,5.1636,10.2741,10.3271,12.9089,15.4907,5.1636,0.0,2.5,3.0,1.234019,18,135,72,2,1.00000000,0.02082194,0.02082194,0E-8,0.000000,0.901880,0.010977,,2026-07-08,2026-08-06,20,353,182,30,0.666667,,1.000000,3.333333,,,,,,,,GLOBAL_BASELINE_NO_ENTITY_RANKING,,,NOT_APPLICABLE_GLOBAL_BASELINE,HF9g-P5,,,,X 全窗基线 · 不参与实体赏罚,8398928,840,A168_HF9F_20260827_0900,2026-08-27 09:00:00
2026-07-31,141205185,1384,0,229.7782252858,55.5082229625,55.5082229625,0.6470588,22,22,0.50177608181818182,0.501776081818,1.1980397376860377,1.1980397376875356,1.1980397376860377,1.8182E-13,ELIGIBLE,R03b_20260811_FULL_v1,L1_ELIGIBILITY,v2026-08-11,2026-03-21..2026-08-06,baccarat_bet02_101_all_pairs_incl_sentinel,round_win = game_pnl > 0 (decisive only),COMPATIBILITY_ONLY_NOT_PRODUCTION,23219.2981,20941.0295,483.4708,3644,3644,-0.02082194,-0.02082194,,-0.02082194,-483.4708,23219.2981,OK,0.0000,19.3388,4.0000,96.0000,AG03-UNRESOLVED,ALL5_LEVELS_bet23_to_bet27,19.3388,19.3388,19.3388,24.1735,24.1735,4.000000,4.000000,4.000000,5.000000,5.000000,96.000000,96.000000,96.000000,95.000000,95.000000,5.0,106.3636,97.4318,377.1072,386.039,PENDING_AG03,FALSE,NOT_FOR_ENFORCEMENT,464.1320,20103.3883,483.4708,464.1320,19.3388,0.02082194,0.01998906,19.3388,464.1320,0.01998906,19.3388,19.3388,19.3388,24.1735,24.1735,464.1320,0.01998906,106.3636,97.4318,377.1072,386.039,0.01624111,0.01662578,0.00083288,6.3719,5.7467,0.1327,24.1735,1.3696,1160.9649,182.2000,6.3719,,2.5818,5.1636,10.2741,10.3271,12.9089,15.4907,5.1636,0.0,2.5,3.0,1.234019,18,135,72,2,1.00000000,0.02082194,0.02082194,0E-8,0.000000,0.901880,0.010977,,2026-07-08,2026-08-06,20,353,182,30,0.666667,,1.000000,3.333333,,,,,,,,GLOBAL_BASELINE_NO_ENTITY_RANKING,,,NOT_APPLICABLE_GLOBAL_BASELINE,HF9g-P5,,,,X 全窗基线 · 不参与实体赏罚,8398929,840,A168_HF9F_20260827_0900,2026-08-27 09:00:00
2026-07-31,141205185,1396,0,10.2740605656,9.7603575373,9.7603575373,1.0000000,1,1,0.50665070000000000,0.506650700000,0.9867858985152569,0.9867858985152569,0.9867858985152569,0E-17,ELIGIBLE,R03b_20260811_FULL_v1,L1_ELIGIBILITY,v2026-08-11,2026-03-21..2026-08-06,baccarat_bet02_101_all_pairs_incl_sentinel,round_win = game_pnl > 0 (decisive only),COMPATIBILITY_ONLY_NOT_PRODUCTION,23219.2981,20941.0295,483.4708,3644,3644,-0.02082194,-0.02082194,,-0.02082194,-483.4708,23219.2981,OK,0.0000,19.3388,4.0000,96.0000,AG03-UNRESOLVED,ALL5_LEVELS_bet23_to_bet27,19.3388,19.3388,19.3388,24.1735,24.1735,4.000000,4.000000,4.000000,5.000000,5.000000,96.000000,96.000000,96.000000,95.000000,95.000000,5.0,106.3636,97.4318,377.1072,386.039,PENDING_AG03,FALSE,NOT_FOR_ENFORCEMENT,464.1320,20103.3883,483.4708,464.1320,19.3388,0.02082194,0.01998906,19.3388,464.1320,0.01998906,19.3388,19.3388,19.3388,24.1735,24.1735,464.1320,0.01998906,106.3636,97.4318,377.1072,386.039,0.01624111,0.01662578,0.00083288,6.3719,5.7467,0.1327,24.1735,1.3696,1160.9649,182.2000,6.3719,,2.5818,5.1636,10.2741,10.3271,12.9089,15.4907,5.1636,0.0,2.5,3.0,1.234019,18,135,72,2,1.00000000,0.02082194,0.02082194,0E-8,0.000000,0.901880,0.010977,,2026-07-08,2026-08-06,20,353,182,30,0.666667,,1.000000,3.333333,,,,,,,,GLOBAL_BASELINE_NO_ENTITY_RANKING,,,NOT_APPLICABLE_GLOBAL_BASELINE,HF9g-P5,,,,X 全窗基线 · 不参与实体赏罚,8398930,840,A168_HF9F_20260827_0900,2026-08-27 09:00:00
2026-07-31,141205185,1402,0,107.8776359388,3.5959211981,3.5959211981,0.6000000,14,14,0.50186312857142857,0.501863128571,0.6206763813731201,0.6206763813758287,0.6206763813731201,4.2857E-13,ELIGIBLE,R03b_20260811_FULL_v1,L1_ELIGIBILITY,v2026-08-11,2026-03-21..2026-08-06,baccarat_bet02_101_all_pairs_incl_sentinel,round_win = game_pnl > 0 (decisive only),COMPATIBILITY_ONLY_NOT_PRODUCTION,23219.2981,20941.0295,483.4708,3644,3644,-0.02082194,-0.02082194,,-0.02082194,-483.4708,23219.2981,OK,0.0000,19.3388,4.0000,96.0000,AG03-UNRESOLVED,ALL5_LEVELS_bet23_to_bet27,19.3388,19.3388,19.3388,24.1735,24.1735,4.000000,4.000000,4.000000,5.000000,5.000000,96.000000,96.000000,96.000000,95.000000,95.000000,5.0,106.3636,97.4318,377.1072,386.039,PENDING_AG03,FALSE,NOT_FOR_ENFORCEMENT,464.1320,20103.3883,483.4708,464.1320,19.3388,0.02082194,0.01998906,19.3388,464.1320,0.01998906,19.3388,19.3388,19.3388,24.1735,24.1735,464.1320,0.01998906,106.3636,97.4318,377.1072,386.039,0.01624111,0.01662578,0.00083288,6.3719,5.7467,0.1327,24.1735,1.3696,1160.9649,182.2000,6.3719,,2.5818,5.1636,10.2741,10.3271,12.9089,15.4907,5.1636,0.0,2.5,3.0,1.234019,18,135,72,2,1.00000000,0.02082194,0.02082194,0E-8,0.000000,0.901880,0.010977,,2026-07-08,2026-08-06,20,353,182,30,0.666667,,1.000000,3.333333,,,,,,,,GLOBAL_BASELINE_NO_ENTITY_RANKING,,,NOT_APPLICABLE_GLOBAL_BASELINE,HF9g-P5,,,,X 全窗基线 · 不参与实体赏罚,8398931,840,A168_HF9F_20260827_0900,2026-08-27 09:00:00
2026-07-31,141205185,1994,0,216.8693362248,-42.8575116824,-42.8575116824,0.4444444,19,19,0.49959533157894737,0.499595331579,-0.46797094864175465,-0.4679709486422013,-0.46797094864175465,-5.263E-14,ELIGIBLE,R03b_20260811_FULL_v1,L1_ELIGIBILITY,v2026-08-11,2026-03-21..2026-08-06,baccarat_bet02_101_all_pairs_incl_sentinel,round_win = game_pnl > 0 (decisive only),COMPATIBILITY_ONLY_NOT_PRODUCTION,23219.2981,20941.0295,483.4708,3644,3644,-0.02082194,-0.02082194,,-0.02082194,-483.4708,23219.2981,OK,0.0000,19.3388,4.0000,96.0000,AG03-UNRESOLVED,ALL5_LEVELS_bet23_to_bet27,19.3388,19.3388,19.3388,24.1735,24.1735,4.000000,4.000000,4.000000,5.000000,5.000000,96.000000,96.000000,96.000000,95.000000,95.000000,5.0,106.3636,97.4318,377.1072,386.039,PENDING_AG03,FALSE,NOT_FOR_ENFORCEMENT,464.1320,20103.3883,483.4708,464.1320,19.3388,0.02082194,0.01998906,19.3388,464.1320,0.01998906,19.3388,19.3388,19.3388,24.1735,24.1735,464.1320,0.01998906,106.3636,97.4318,377.1072,386.039,0.01624111,0.01662578,0.00083288,6.3719,5.7467,0.1327,24.1735,1.3696,1160.9649,182.2000,6.3719,,2.5818,5.1636,10.2741,10.3271,12.9089,15.4907,5.1636,0.0,2.5,3.0,1.234019,18,135,72,2,1.00000000,0.02082194,0.02082194,0E-8,0.000000,0.901880,0.010977,,2026-07-08,2026-08-06,20,353,182,30,0.666667,,1.000000,3.333333,,,,,,,,GLOBAL_BASELINE_NO_ENTITY_RANKING,,,NOT_APPLICABLE_GLOBAL_BASELINE,HF9g-P5,,,,X 全窗基线 · 不参与实体赏罚,8398932,840,A168_HF9F_20260827_0900,2026-08-27 09:00:00
2026-07-31,141205185,2123,0,141.2683327770,-30.0516271544,-30.0516271544,0.4166667,15,15,0.50128862000000000,0.501288620000,-0.5862800375241276,-0.5862800375241276,-0.5862800375241276,0E-17,ELIGIBLE,R03b_20260811_FULL_v1,L1_ELIGIBILITY,v2026-08-11,2026-03-21..2026-08-06,baccarat_bet02_101_all_pairs_incl_sentinel,round_win = game_pnl > 0 (decisive only),COMPATIBILITY_ONLY_NOT_PRODUCTION,23219.2981,20941.0295,483.4708,3644,3644,-0.02082194,-0.02082194,,-0.02082194,-483.4708,23219.2981,OK,0.0000,19.3388,4.0000,96.0000,AG03-UNRESOLVED,ALL5_LEVELS_bet23_to_bet27,19.3388,19.3388,19.3388,24.1735,24.1735,4.000000,4.000000,4.000000,5.000000,5.000000,96.000000,96.000000,96.000000,95.000000,95.000000,5.0,106.3636,97.4318,377.1072,386.039,PENDING_AG03,FALSE,NOT_FOR_ENFORCEMENT,464.1320,20103.3883,483.4708,464.1320,19.3388,0.02082194,0.01998906,19.3388,464.1320,0.01998906,19.3388,19.3388,19.3388,24.1735,24.1735,464.1320,0.01998906,106.3636,97.4318,377.1072,386.039,0.01624111,0.01662578,0.00083288,6.3719,5.7467,0.1327,24.1735,1.3696,1160.9649,182.2000,6.3719,,2.5818,5.1636,10.2741,10.3271,12.9089,15.4907,5.1636,0.0,2.5,3.0,1.234019,18,135,72,2,1.00000000,0.02082194,0.02082194,0E-8,0.000000,0.901880,0.010977,,2026-07-08,2026-08-06,20,353,182,30,0.666667,,1.000000,3.333333,,,,,,,,GLOBAL_BASELINE_NO_ENTITY_RANKING,,,NOT_APPLICABLE_GLOBAL_BASELINE,HF9g-P5,,,,X 全窗基线 · 不参与实体赏罚,8398933,840,A168_HF9F_20260827_0900,2026-08-27 09:00:00
2026-07-31,141205185,2169,0,20.5481211312,-20.5481211312,-20.5481211312,0E-7,3,3,0.49771390000000000,0.497713900000,-1.724149546644903,-1.724149546644903,-1.724149546644903,0E-17,ELIGIBLE,R03b_20260811_FULL_v1,L1_ELIGIBILITY,v2026-08-11,2026-03-21..2026-08-06,baccarat_bet02_101_all_pairs_incl_sentinel,round_win = game_pnl > 0 (decisive only),COMPATIBILITY_ONLY_NOT_PRODUCTION,23219.2981,20941.0295,483.4708,3644,3644,-0.02082194,-0.02082194,,-0.02082194,-483.4708,23219.2981,OK,0.0000,19.3388,4.0000,96.0000,AG03-UNRESOLVED,ALL5_LEVELS_bet23_to_bet27,19.3388,19.3388,19.3388,24.1735,24.1735,4.000000,4.000000,4.000000,5.000000,5.000000,96.000000,96.000000,96.000000,95.000000,95.000000,5.0,106.3636,97.4318,377.1072,386.039,PENDING_AG03,FALSE,NOT_FOR_ENFORCEMENT,464.1320,20103.3883,483.4708,464.1320,19.3388,0.02082194,0.01998906,19.3388,464.1320,0.01998906,19.3388,19.3388,19.3388,24.1735,24.1735,464.1320,0.01998906,106.3636,97.4318,377.1072,386.039,0.01624111,0.01662578,0.00083288,6.3719,5.7467,0.1327,24.1735,1.3696,1160.9649,182.2000,6.3719,,2.5818,5.1636,10.2741,10.3271,12.9089,15.4907,5.1636,0.0,2.5,3.0,1.234019,18,135,72,2,1.00000000,0.02082194,0.02082194,0E-8,0.000000,0.901880,0.010977,,2026-07-08,2026-08-06,20,353,182,30,0.666667,,1.000000,3.333333,,,,,,,,GLOBAL_BASELINE_NO_ENTITY_RANKING,,,NOT_APPLICABLE_GLOBAL_BASELINE,HF9g-P5,,,,X 全窗基线 · 不参与实体赏罚,8398934,840,A168_HF9F_20260827_0900,2026-08-27 09:00:00
2026-07-31,141205185,2174,0,25.6851514140,15.4110908484,15.4110908484,0.6666667,3,3,0.49324550000000000,0.493245500000,0.6008033672792107,0.6008033672792106,0.6008033672792107,0E-17,ELIGIBLE,R03b_20260811_FULL_v1,L1_ELIGIBILITY,v2026-08-11,2026-03-21..2026-08-06,baccarat_bet02_101_all_pairs_incl_sentinel,round_win = game_pnl > 0 (decisive only),COMPATIBILITY_ONLY_NOT_PRODUCTION,23219.2981,20941.0295,483.4708,3644,3644,-0.02082194,-0.02082194,,-0.02082194,-483.4708,23219.2981,OK,0.0000,19.3388,4.0000,96.0000,AG03-UNRESOLVED,ALL5_LEVELS_bet23_to_bet27,19.3388,19.3388,19.3388,24.1735,24.1735,4.000000,4.000000,4.000000,5.000000,5.000000,96.000000,96.000000,96.000000,95.000000,95.000000,5.0,106.3636,97.4318,377.1072,386.039,PENDING_AG03,FALSE,NOT_FOR_ENFORCEMENT,464.1320,20103.3883,483.4708,464.1320,19.3388,0.02082194,0.01998906,19.3388,464.1320,0.01998906,19.3388,19.3388,19.3388,24.1735,24.1735,464.1320,0.01998906,106.3636,97.4318,377.1072,386.039,0.01624111,0.01662578,0.00083288,6.3719,5.7467,0.1327,24.1735,1.3696,1160.9649,182.2000,6.3719,,2.5818,5.1636,10.2741,10.3271,12.9089,15.4907,5.1636,0.0,2.5,3.0,1.234019,18,135,72,2,1.00000000,0.02082194,0.02082194,0E-8,0.000000,0.901880,0.010977,,2026-07-08,2026-08-06,20,353,182,30,0.666667,,1.000000,3.333333,,,,,,,,GLOBAL_BASELINE_NO_ENTITY_RANKING,,,NOT_APPLICABLE_GLOBAL_BASELINE,HF9g-P5,,,,X 全窗基线 · 不参与实体赏罚,8398935,840,A168_HF9F_20260827_0900,2026-08-27 09:00:00
2026-07-31,141205185,2252,0,5.1370302828,-5.1370302828,-5.1370302828,0E-7,1,1,0.50665070000000000,0.506650700000,-1.013391052207602,-1.013391052207602,-1.013391052207602,0E-17,ELIGIBLE,R03b_20260811_FULL_v1,L1_ELIGIBILITY,v2026-08-11,2026-03-21..2026-08-06,baccarat_bet02_101_all_pairs_incl_sentinel,round_win = game_pnl > 0 (decisive only),COMPATIBILITY_ONLY_NOT_PRODUCTION,23219.2981,20941.0295,483.4708,3644,3644,-0.02082194,-0.02082194,,-0.02082194,-483.4708,23219.2981,OK,0.0000,19.3388,4.0000,96.0000,AG03-UNRESOLVED,ALL5_LEVELS_bet23_to_bet27,19.3388,19.3388,19.3388,24.1735,24.1735,4.000000,4.000000,4.000000,5.000000,5.000000,96.000000,96.000000,96.000000,95.000000,95.000000,5.0,106.3636,97.4318,377.1072,386.039,PENDING_AG03,FALSE,NOT_FOR_ENFORCEMENT,464.1320,20103.3883,483.4708,464.1320,19.3388,0.02082194,0.01998906,19.3388,464.1320,0.01998906,19.3388,19.3388,19.3388,24.1735,24.1735,464.1320,0.01998906,106.3636,97.4318,377.1072,386.039,0.01624111,0.01662578,0.00083288,6.3719,5.7467,0.1327,24.1735,1.3696,1160.9649,182.2000,6.3719,,2.5818,5.1636,10.2741,10.3271,12.9089,15.4907,5.1636,0.0,2.5,3.0,1.234019,18,135,72,2,1.00000000,0.02082194,0.02082194,0E-8,0.000000,0.901880,0.010977,,2026-07-08,2026-08-06,20,353,182,30,0.666667,,1.000000,3.333333,,,,,,,,GLOBAL_BASELINE_NO_ENTITY_RANKING,,,NOT_APPLICABLE_GLOBAL_BASELINE,HF9g-P5,,,,X 全窗基线 · 不参与实体赏罚,8398936,840,A168_HF9F_20260827_0900,2026-08-27 09:00:00
2026-07-31,141205185,2261,0,25.8177781220,-0.6454444530,-0.6454444530,0.5000000,2,2,0.50665070000000000,0.506650700000,-0.018812684590367487,-0.018812684590367487,-0.018812684590367487,0E-17,ELIGIBLE,R03b_20260811_FULL_v1,L1_ELIGIBILITY,v2026-08-11,2026-03-21..2026-08-06,baccarat_bet02_101_all_pairs_incl_sentinel,round_win = game_pnl > 0 (decisive only),COMPATIBILITY_ONLY_NOT_PRODUCTION,23219.2981,20941.0295,483.4708,3644,3644,-0.02082194,-0.02082194,,-0.02082194,-483.4708,23219.2981,OK,0.0000,19.3388,4.0000,96.0000,AG03-UNRESOLVED,ALL5_LEVELS_bet23_to_bet27,19.3388,19.3388,19.3388,24.1735,24.1735,4.000000,4.000000,4.000000,5.000000,5.000000,96.000000,96.000000,96.000000,95.000000,95.000000,5.0,106.3636,97.4318,377.1072,386.039,PENDING_AG03,FALSE,NOT_FOR_ENFORCEMENT,464.1320,20103.3883,483.4708,464.1320,19.3388,0.02082194,0.01998906,19.3388,464.1320,0.01998906,19.3388,19.3388,19.3388,24.1735,24.1735,464.1320,0.01998906,106.3636,97.4318,377.1072,386.039,0.01624111,0.01662578,0.00083288,6.3719,5.7467,0.1327,24.1735,1.3696,1160.9649,182.2000,6.3719,,2.5818,5.1636,10.2741,10.3271,12.9089,15.4907,5.1636,0.0,2.5,3.0,1.234019,18,135,72,2,1.00000000,0.02082194,0.02082194,0E-8,0.000000,0.901880,0.010977,,2026-07-08,2026-08-06,20,353,182,30,0.666667,,1.000000,3.333333,,,,,,,,GLOBAL_BASELINE_NO_ENTITY_RANKING,,,NOT_APPLICABLE_GLOBAL_BASELINE,HF9g-P5,,,,X 全窗基线 · 不参与实体赏罚,8398937,840,A168_HF9F_20260827_0900,2026-08-27 09:00:00
2026-07-31,141205185,583,0,20.6542224976,-20.6542224976,-20.6542224976,0E-7,2,2,0.49994810000000000,0.499948100000,-1.4140667746232096,-1.4140667746232096,-1.4140667746232096,0E-17,ELIGIBLE,R03b_20260811_FULL_v1,L1_ELIGIBILITY,v2026-08-11,2026-03-21..2026-08-06,baccarat_bet02_101_all_pairs_incl_sentinel,round_win = game_pnl > 0 (decisive only),COMPATIBILITY_ONLY_NOT_PRODUCTION,23219.2981,20941.0295,483.4708,3644,3644,-0.02082194,-0.02082194,,-0.02082194,-483.4708,23219.2981,OK,0.0000,19.3388,4.0000,96.0000,AG03-UNRESOLVED,ALL5_LEVELS_bet23_to_bet27,19.3388,19.3388,19.3388,24.1735,24.1735,4.000000,4.000000,4.000000,5.000000,5.000000,96.000000,96.000000,96.000000,95.000000,95.000000,5.0,106.3636,97.4318,377.1072,386.039,PENDING_AG03,FALSE,NOT_FOR_ENFORCEMENT,464.1320,20103.3883,483.4708,464.1320,19.3388,0.02082194,0.01998906,19.3388,464.1320,0.01998906,19.3388,19.3388,19.3388,24.1735,24.1735,464.1320,0.01998906,106.3636,97.4318,377.1072,386.039,0.01624111,0.01662578,0.00083288,6.3719,5.7467,0.1327,24.1735,1.3696,1160.9649,182.2000,6.3719,,2.5818,5.1636,10.2741,10.3271,12.9089,15.4907,5.1636,0.0,2.5,3.0,1.234019,18,135,72,2,1.00000000,0.02082194,0.02082194,0E-8,0.000000,0.901880,0.010977,,2026-07-08,2026-08-06,20,353,182,30,0.666667,,1.000000,3.333333,,,,,,,,GLOBAL_BASELINE_NO_ENTITY_RANKING,,,NOT_APPLICABLE_GLOBAL_BASELINE,HF9g-P5,,,,X 全窗基线 · 不参与实体赏罚,8398938,840,A168_HF9F_20260827_0900,2026-08-27 09:00:00
2026-07-31,141205185,925,0,15.4906668732,5.1635556244,5.1635556244,0.5000000,2,2,0.49994810000000000,0.499948100000,0.00014679536856514622,0.00014679536856514622,0.00014679536856514622,0E-17,ELIGIBLE,R03b_20260811_FULL_v1,L1_ELIGIBILITY,v2026-08-11,2026-03-21..2026-08-06,baccarat_bet02_101_all_pairs_incl_sentinel,round_win = game_pnl > 0 (decisive only),COMPATIBILITY_ONLY_NOT_PRODUCTION,23219.2981,20941.0295,483.4708,3644,3644,-0.02082194,-0.02082194,,-0.02082194,-483.4708,23219.2981,OK,0.0000,19.3388,4.0000,96.0000,AG03-UNRESOLVED,ALL5_LEVELS_bet23_to_bet27,19.3388,19.3388,19.3388,24.1735,24.1735,4.000000,4.000000,4.000000,5.000000,5.000000,96.000000,96.000000,96.000000,95.000000,95.000000,5.0,106.3636,97.4318,377.1072,386.039,PENDING_AG03,FALSE,NOT_FOR_ENFORCEMENT,464.1320,20103.3883,483.4708,464.1320,19.3388,0.02082194,0.01998906,19.3388,464.1320,0.01998906,19.3388,19.3388,19.3388,24.1735,24.1735,464.1320,0.01998906,106.3636,97.4318,377.1072,386.039,0.01624111,0.01662578,0.00083288,6.3719,5.7467,0.1327,24.1735,1.3696,1160.9649,182.2000,6.3719,,2.5818,5.1636,10.2741,10.3271,12.9089,15.4907,5.1636,0.0,2.5,3.0,1.234019,18,135,72,2,1.00000000,0.02082194,0.02082194,0E-8,0.000000,0.901880,0.010977,,2026-07-08,2026-08-06,20,353,182,30,0.666667,,1.000000,3.333333,,,,,,,,GLOBAL_BASELINE_NO_ENTITY_RANKING,,,NOT_APPLICABLE_GLOBAL_BASELINE,HF9g-P5,,,,X 全窗基线 · 不参与实体赏罚,8398939,840,A168_HF9F_20260827_0900,2026-08-27 09:00:00
2026-07-31,141205185,994,0,51.6355562440,19.6215113728,19.6215113728,0.6666667,6,6,0.49994810000000000,0.499948100000,0.8167508423630434,0.8167508423630434,0.8167508423630434,0E-17,ELIGIBLE,R03b_20260811_FULL_v1,L1_ELIGIBILITY,v2026-08-11,2026-03-21..2026-08-06,baccarat_bet02_101_all_pairs_incl_sentinel,round_win = game_pnl > 0 (decisive only),COMPATIBILITY_ONLY_NOT_PRODUCTION,23219.2981,20941.0295,483.4708,3644,3644,-0.02082194,-0.02082194,,-0.02082194,-483.4708,23219.2981,OK,0.0000,19.3388,4.0000,96.0000,AG03-UNRESOLVED,ALL5_LEVELS_bet23_to_bet27,19.3388,19.3388,19.3388,24.1735,24.1735,4.000000,4.000000,4.000000,5.000000,5.000000,96.000000,96.000000,96.000000,95.000000,95.000000,5.0,106.3636,97.4318,377.1072,386.039,PENDING_AG03,FALSE,NOT_FOR_ENFORCEMENT,464.1320,20103.3883,483.4708,464.1320,19.3388,0.02082194,0.01998906,19.3388,464.1320,0.01998906,19.3388,19.3388,19.3388,24.1735,24.1735,464.1320,0.01998906,106.3636,97.4318,377.1072,386.039,0.01624111,0.01662578,0.00083288,6.3719,5.7467,0.1327,24.1735,1.3696,1160.9649,182.2000,6.3719,,2.5818,5.1636,10.2741,10.3271,12.9089,15.4907,5.1636,0.0,2.5,3.0,1.234019,18,135,72,2,1.00000000,0.02082194,0.02082194,0E-8,0.000000,0.901880,0.010977,,2026-07-08,2026-08-06,20,353,182,30,0.666667,,1.000000,3.333333,,,,,,,,GLOBAL_BASELINE_NO_ENTITY_RANKING,,,NOT_APPLICABLE_GLOBAL_BASELINE,HF9g-P5,,,,X 全窗基线 · 不参与实体赏罚,8398940,840,A168_HF9F_20260827_0900,2026-08-27 09:00:00
2026-08-01,141205185,1210,0,92.4665450904,-26.4557059564,-26.4557059564,0.4000000,11,11,0.50055742727272727,0.500557427273,-0.6359814068880811,-0.6359814068898065,-0.6359814068880811,-2.7273E-13,ELIGIBLE,R03b_20260811_FULL_v1,L1_ELIGIBILITY,v2026-08-11,2026-03-21..2026-08-06,baccarat_bet02_101_all_pairs_incl_sentinel,round_win = game_pnl > 0 (decisive only),COMPATIBILITY_ONLY_NOT_PRODUCTION,23219.2981,20941.0295,483.4708,3644,3644,-0.02082194,-0.02082194,,-0.02082194,-483.4708,23219.2981,OK,0.0000,19.3388,4.0000,96.0000,AG03-UNRESOLVED,ALL5_LEVELS_bet23_to_bet27,19.3388,19.3388,19.3388,24.1735,24.1735,4.000000,4.000000,4.000000,5.000000,5.000000,96.000000,96.000000,96.000000,95.000000,95.000000,5.0,106.3636,97.4318,377.1072,386.039,PENDING_AG03,FALSE,NOT_FOR_ENFORCEMENT,464.1320,20103.3883,483.4708,464.1320,19.3388,0.02082194,0.01998906,19.3388,464.1320,0.01998906,19.3388,19.3388,19.3388,24.1735,24.1735,464.1320,0.01998906,106.3636,97.4318,377.1072,386.039,0.01624111,0.01662578,0.00083288,6.3719,5.7467,0.1327,24.1735,1.3696,1160.9649,182.2000,6.3719,,2.5818,5.1636,10.2741,10.3271,12.9089,15.4907,5.1636,0.0,2.5,3.0,1.234019,18,135,72,2,1.00000000,0.02082194,0.02082194,0E-8,0.000000,0.901880,0.010977,,2026-07-08,2026-08-06,20,353,182,30,0.666667,,1.000000,3.333333,,,,,,,,GLOBAL_BASELINE_NO_ENTITY_RANKING,,,NOT_APPLICABLE_GLOBAL_BASELINE,HF9g-P5,,,,X 全窗基线 · 不参与实体赏罚,8398941,840,A168_HF9F_20260827_0900,2026-08-27 09:00:00
2026-08-01,141205185,1353,0,100.1720905146,-3.8527727121,-3.8527727121,0.6000000,10,10,0.49994810000000000,0.499948100000,0.6327837798637467,0.6327837798637467,0.6327837798637467,0E-17,ELIGIBLE,R03b_20260811_FULL_v1,L1_ELIGIBILITY,v2026-08-11,2026-03-21..2026-08-06,baccarat_bet02_101_all_pairs_incl_sentinel,round_win = game_pnl > 0 (decisive only),COMPATIBILITY_ONLY_NOT_PRODUCTION,23219.2981,20941.0295,483.4708,3644,3644,-0.02082194,-0.02082194,,-0.02082194,-483.4708,23219.2981,OK,0.0000,19.3388,4.0000,96.0000,AG03-UNRESOLVED,ALL5_LEVELS_bet23_to_bet27,19.3388,19.3388,19.3388,24.1735,24.1735,4.000000,4.000000,4.000000,5.000000,5.000000,96.000000,96.000000,96.000000,95.000000,95.000000,5.0,106.3636,97.4318,377.1072,386.039,PENDING_AG03,FALSE,NOT_FOR_ENFORCEMENT,464.1320,20103.3883,483.4708,464.1320,19.3388,0.02082194,0.01998906,19.3388,464.1320,0.01998906,19.3388,19.3388,19.3388,24.1735,24.1735,464.1320,0.01998906,106.3636,97.4318,377.1072,386.039,0.01624111,0.01662578,0.00083288,6.3719,5.7467,0.1327,24.1735,1.3696,1160.9649,182.2000,6.3719,,2.5818,5.1636,10.2741,10.3271,12.9089,15.4907,5.1636,0.0,2.5,3.0,1.234019,18,135,72,2,1.00000000,0.02082194,0.02082194,0E-8,0.000000,0.901880,0.010977,,2026-07-08,2026-08-06,20,353,182,30,0.666667,,1.000000,3.333333,,,,,,,,GLOBAL_BASELINE_NO_ENTITY_RANKING,,,NOT_APPLICABLE_GLOBAL_BASELINE,HF9g-P5,,,,X 全窗基线 · 不参与实体赏罚,8398942,840,A168_HF9F_20260827_0900,2026-08-27 09:00:00
2026-08-01,141205185,1384,0,5.1370302828,-5.1370302828,-5.1370302828,0E-7,1,1,0.49324550000000000,0.493245500000,-0.9865810262130424,-0.9865810262130424,-0.9865810262130424,0E-17,ELIGIBLE,R03b_20260811_FULL_v1,L1_ELIGIBILITY,v2026-08-11,2026-03-21..2026-08-06,baccarat_bet02_101_all_pairs_incl_sentinel,round_win = game_pnl > 0 (decisive only),COMPATIBILITY_ONLY_NOT_PRODUCTION,23219.2981,20941.0295,483.4708,3644,3644,-0.02082194,-0.02082194,,-0.02082194,-483.4708,23219.2981,OK,0.0000,19.3388,4.0000,96.0000,AG03-UNRESOLVED,ALL5_LEVELS_bet23_to_bet27,19.3388,19.3388,19.3388,24.1735,24.1735,4.000000,4.000000,4.000000,5.000000,5.000000,96.000000,96.000000,96.000000,95.000000,95.000000,5.0,106.3636,97.4318,377.1072,386.039,PENDING_AG03,FALSE,NOT_FOR_ENFORCEMENT,464.1320,20103.3883,483.4708,464.1320,19.3388,0.02082194,0.01998906,19.3388,464.1320,0.01998906,19.3388,19.3388,19.3388,24.1735,24.1735,464.1320,0.01998906,106.3636,97.4318,377.1072,386.039,0.01624111,0.01662578,0.00083288,6.3719,5.7467,0.1327,24.1735,1.3696,1160.9649,182.2000,6.3719,,2.5818,5.1636,10.2741,10.3271,12.9089,15.4907,5.1636,0.0,2.5,3.0,1.234019,18,135,72,2,1.00000000,0.02082194,0.02082194,0E-8,0.000000,0.901880,0.010977,,2026-07-08,2026-08-06,20,353,182,30,0.666667,,1.000000,3.333333,,,,,,,,GLOBAL_BASELINE_NO_ENTITY_RANKING,,,NOT_APPLICABLE_GLOBAL_BASELINE,HF9g-P5,,,,X 全窗基线 · 不参与实体赏罚,8398943,840,A168_HF9F_20260827_0900,2026-08-27 09:00:00
2026-08-01,141205185,1402,0,46.2332725452,9.3750802662,9.3750802662,0.6666667,6,6,0.50218230000000000,0.502182300000,0.8058132132962729,0.8058132132962729,0.8058132132962729,0E-17,ELIGIBLE,R03b_20260811_FULL_v1,L1_ELIGIBILITY,v2026-08-11,2026-03-21..2026-08-06,baccarat_bet02_101_all_pairs_incl_sentinel,round_win = game_pnl > 0 (decisive only),COMPATIBILITY_ONLY_NOT_PRODUCTION,23219.2981,20941.0295,483.4708,3644,3644,-0.02082194,-0.02082194,,-0.02082194,-483.4708,23219.2981,OK,0.0000,19.3388,4.0000,96.0000,AG03-UNRESOLVED,ALL5_LEVELS_bet23_to_bet27,19.3388,19.3388,19.3388,24.1735,24.1735,4.000000,4.000000,4.000000,5.000000,5.000000,96.000000,96.000000,96.000000,95.000000,95.000000,5.0,106.3636,97.4318,377.1072,386.039,PENDING_AG03,FALSE,NOT_FOR_ENFORCEMENT,464.1320,20103.3883,483.4708,464.1320,19.3388,0.02082194,0.01998906,19.3388,464.1320,0.01998906,19.3388,19.3388,19.3388,24.1735,24.1735,464.1320,0.01998906,106.3636,97.4318,377.1072,386.039,0.01624111,0.01662578,0.00083288,6.3719,5.7467,0.1327,24.1735,1.3696,1160.9649,182.2000,6.3719,,2.5818,5.1636,10.2741,10.3271,12.9089,15.4907,5.1636,0.0,2.5,3.0,1.234019,18,135,72,2,1.00000000,0.02082194,0.02082194,0E-8,0.000000,0.901880,0.010977,,2026-07-08,2026-08-06,20,353,182,30,0.666667,,1.000000,3.333333,,,,,,,,GLOBAL_BASELINE_NO_ENTITY_RANKING,,,NOT_APPLICABLE_GLOBAL_BASELINE,HF9g-P5,,,,X 全窗基线 · 不参与实体赏罚,8398944,840,A168_HF9F_20260827_0900,2026-08-27 09:00:00
2026-08-01,141205185,1485,0,7.7055454242,7.7055454242,7.7055454242,1.0000000,1,1,0.49324550000000000,0.493245500000,1.01360149184955,1.01360149184955,1.01360149184955,0E-17,ELIGIBLE,R03b_20260811_FULL_v1,L1_ELIGIBILITY,v2026-08-11,2026-03-21..2026-08-06,baccarat_bet02_101_all_pairs_incl_sentinel,round_win = game_pnl > 0 (decisive only),COMPATIBILITY_ONLY_NOT_PRODUCTION,23219.2981,20941.0295,483.4708,3644,3644,-0.02082194,-0.02082194,,-0.02082194,-483.4708,23219.2981,OK,0.0000,19.3388,4.0000,96.0000,AG03-UNRESOLVED,ALL5_LEVELS_bet23_to_bet27,19.3388,19.3388,19.3388,24.1735,24.1735,4.000000,4.000000,4.000000,5.000000,5.000000,96.000000,96.000000,96.000000,95.000000,95.000000,5.0,106.3636,97.4318,377.1072,386.039,PENDING_AG03,FALSE,NOT_FOR_ENFORCEMENT,464.1320,20103.3883,483.4708,464.1320,19.3388,0.02082194,0.01998906,19.3388,464.1320,0.01998906,19.3388,19.3388,19.3388,24.1735,24.1735,464.1320,0.01998906,106.3636,97.4318,377.1072,386.039,0.01624111,0.01662578,0.00083288,6.3719,5.7467,0.1327,24.1735,1.3696,1160.9649,182.2000,6.3719,,2.5818,5.1636,10.2741,10.3271,12.9089,15.4907,5.1636,0.0,2.5,3.0,1.234019,18,135,72,2,1.00000000,0.02082194,0.02082194,0E-8,0.000000,0.901880,0.010977,,2026-07-08,2026-08-06,20,353,182,30,0.666667,,1.000000,3.333333,,,,,,,,GLOBAL_BASELINE_NO_ENTITY_RANKING,,,NOT_APPLICABLE_GLOBAL_BASELINE,HF9g-P5,,,,X 全窗基线 · 不参与实体赏罚,8398945,840,A168_HF9F_20260827_0900,2026-08-27 09:00:00
2026-08-01,141205185,1645,0,7.7055454242,-7.7055454242,-7.7055454242,0E-7,1,1,0.50665070000000000,0.506650700000,-1.013391052207602,-1.013391052207602,-1.013391052207602,0E-17,ELIGIBLE,R03b_20260811_FULL_v1,L1_ELIGIBILITY,v2026-08-11,2026-03-21..2026-08-06,baccarat_bet02_101_all_pairs_incl_sentinel,round_win = game_pnl > 0 (decisive only),COMPATIBILITY_ONLY_NOT_PRODUCTION,23219.2981,20941.0295,483.4708,3644,3644,-0.02082194,-0.02082194,,-0.02082194,-483.4708,23219.2981,OK,0.0000,19.3388,4.0000,96.0000,AG03-UNRESOLVED,ALL5_LEVELS_bet23_to_bet27,19.3388,19.3388,19.3388,24.1735,24.1735,4.000000,4.000000,4.000000,5.000000,5.000000,96.000000,96.000000,96.000000,95.000000,95.000000,5.0,106.3636,97.4318,377.1072,386.039,PENDING_AG03,FALSE,NOT_FOR_ENFORCEMENT,464.1320,20103.3883,483.4708,464.1320,19.3388,0.02082194,0.01998906,19.3388,464.1320,0.01998906,19.3388,19.3388,19.3388,24.1735,24.1735,464.1320,0.01998906,106.3636,97.4318,377.1072,386.039,0.01624111,0.01662578,0.00083288,6.3719,5.7467,0.1327,24.1735,1.3696,1160.9649,182.2000,6.3719,,2.5818,5.1636,10.2741,10.3271,12.9089,15.4907,5.1636,0.0,2.5,3.0,1.234019,18,135,72,2,1.00000000,0.02082194,0.02082194,0E-8,0.000000,0.901880,0.010977,,2026-07-08,2026-08-06,20,353,182,30,0.666667,,1.000000,3.333333,,,,,,,,GLOBAL_BASELINE_NO_ENTITY_RANKING,,,NOT_APPLICABLE_GLOBAL_BASELINE,HF9g-P5,,,,X 全窗基线 · 不参与实体赏罚,8398946,840,A168_HF9F_20260827_0900,2026-08-27 09:00:00
2026-08-01,141205185,1704,0,120.7202116458,-37.7571725787,-37.7571725787,0.2857143,8,8,0.49994810000000000,0.499948100000,-1.133618796148647,-1.133618796148647,-1.133618796148647,0E-17,ELIGIBLE,R03b_20260811_FULL_v1,L1_ELIGIBILITY,v2026-08-11,2026-03-21..2026-08-06,baccarat_bet02_101_all_pairs_incl_sentinel,round_win = game_pnl > 0 (decisive only),COMPATIBILITY_ONLY_NOT_PRODUCTION,23219.2981,20941.0295,483.4708,3644,3644,-0.02082194,-0.02082194,,-0.02082194,-483.4708,23219.2981,OK,0.0000,19.3388,4.0000,96.0000,AG03-UNRESOLVED,ALL5_LEVELS_bet23_to_bet27,19.3388,19.3388,19.3388,24.1735,24.1735,4.000000,4.000000,4.000000,5.000000,5.000000,96.000000,96.000000,96.000000,95.000000,95.000000,5.0,106.3636,97.4318,377.1072,386.039,PENDING_AG03,FALSE,NOT_FOR_ENFORCEMENT,464.1320,20103.3883,483.4708,464.1320,19.3388,0.02082194,0.01998906,19.3388,464.1320,0.01998906,19.3388,19.3388,19.3388,24.1735,24.1735,464.1320,0.01998906,106.3636,97.4318,377.1072,386.039,0.01624111,0.01662578,0.00083288,6.3719,5.7467,0.1327,24.1735,1.3696,1160.9649,182.2000,6.3719,,2.5818,5.1636,10.2741,10.3271,12.9089,15.4907,5.1636,0.0,2.5,3.0,1.234019,18,135,72,2,1.00000000,0.02082194,0.02082194,0E-8,0.000000,0.901880,0.010977,,2026-07-08,2026-08-06,20,353,182,30,0.666667,,1.000000,3.333333,,,,,,,,GLOBAL_BASELINE_NO_ENTITY_RANKING,,,NOT_APPLICABLE_GLOBAL_BASELINE,HF9g-P5,,,,X 全窗基线 · 不参与实体赏罚,8398947,840,A168_HF9F_20260827_0900,2026-08-27 09:00:00
2026-08-01,141205185,1942,0,20.5481211312,9.7603575373,9.7603575373,1.0000000,2,2,0.50665070000000000,0.506650700000,0.9867858985152569,0.9867858985152569,0.9867858985152569,0E-17,ELIGIBLE,R03b_20260811_FULL_v1,L1_ELIGIBILITY,v2026-08-11,2026-03-21..2026-08-06,baccarat_bet02_101_all_pairs_incl_sentinel,round_win = game_pnl > 0 (decisive only),COMPATIBILITY_ONLY_NOT_PRODUCTION,23219.2981,20941.0295,483.4708,3644,3644,-0.02082194,-0.02082194,,-0.02082194,-483.4708,23219.2981,OK,0.0000,19.3388,4.0000,96.0000,AG03-UNRESOLVED,ALL5_LEVELS_bet23_to_bet27,19.3388,19.3388,19.3388,24.1735,24.1735,4.000000,4.000000,4.000000,5.000000,5.000000,96.000000,96.000000,96.000000,95.000000,95.000000,5.0,106.3636,97.4318,377.1072,386.039,PENDING_AG03,FALSE,NOT_FOR_ENFORCEMENT,464.1320,20103.3883,483.4708,464.1320,19.3388,0.02082194,0.01998906,19.3388,464.1320,0.01998906,19.3388,19.3388,19.3388,24.1735,24.1735,464.1320,0.01998906,106.3636,97.4318,377.1072,386.039,0.01624111,0.01662578,0.00083288,6.3719,5.7467,0.1327,24.1735,1.3696,1160.9649,182.2000,6.3719,,2.5818,5.1636,10.2741,10.3271,12.9089,15.4907,5.1636,0.0,2.5,3.0,1.234019,18,135,72,2,1.00000000,0.02082194,0.02082194,0E-8,0.000000,0.901880,0.010977,,2026-07-08,2026-08-06,20,353,182,30,0.666667,,1.000000,3.333333,,,,,,,,GLOBAL_BASELINE_NO_ENTITY_RANKING,,,NOT_APPLICABLE_GLOBAL_BASELINE,HF9g-P5,,,,X 全窗基线 · 不参与实体赏罚,8398948,840,A168_HF9F_20260827_0900,2026-08-27 09:00:00
2026-08-01,141205185,1985,0,10.2740605656,-5.1370302828,-5.1370302828,0E-7,2,2,0.49994810000000000,0.499948100000,-0.9998962053866608,-0.9998962053866608,-0.9998962053866608,0E-17,ELIGIBLE,R03b_20260811_FULL_v1,L1_ELIGIBILITY,v2026-08-11,2026-03-21..2026-08-06,baccarat_bet02_101_all_pairs_incl_sentinel,round_win = game_pnl > 0 (decisive only),COMPATIBILITY_ONLY_NOT_PRODUCTION,23219.2981,20941.0295,483.4708,3644,3644,-0.02082194,-0.02082194,,-0.02082194,-483.4708,23219.2981,OK,0.0000,19.3388,4.0000,96.0000,AG03-UNRESOLVED,ALL5_LEVELS_bet23_to_bet27,19.3388,19.3388,19.3388,24.1735,24.1735,4.000000,4.000000,4.000000,5.000000,5.000000,96.000000,96.000000,96.000000,95.000000,95.000000,5.0,106.3636,97.4318,377.1072,386.039,PENDING_AG03,FALSE,NOT_FOR_ENFORCEMENT,464.1320,20103.3883,483.4708,464.1320,19.3388,0.02082194,0.01998906,19.3388,464.1320,0.01998906,19.3388,19.3388,19.3388,24.1735,24.1735,464.1320,0.01998906,106.3636,97.4318,377.1072,386.039,0.01624111,0.01662578,0.00083288,6.3719,5.7467,0.1327,24.1735,1.3696,1160.9649,182.2000,6.3719,,2.5818,5.1636,10.2741,10.3271,12.9089,15.4907,5.1636,0.0,2.5,3.0,1.234019,18,135,72,2,1.00000000,0.02082194,0.02082194,0E-8,0.000000,0.901880,0.010977,,2026-07-08,2026-08-06,20,353,182,30,0.666667,,1.000000,3.333333,,,,,,,,GLOBAL_BASELINE_NO_ENTITY_RANKING,,,NOT_APPLICABLE_GLOBAL_BASELINE,HF9g-P5,,,,X 全窗基线 · 不参与实体赏罚,8398949,840,A168_HF9F_20260827_0900,2026-08-27 09:00:00
2026-08-01,141205185,1990,0,15.4110908484,-0.3852772712,-0.3852772712,0.5000000,2,2,0.50665070000000000,0.506650700000,-0.018812684590367487,-0.018812684590367487,-0.018812684590367487,0E-17,ELIGIBLE,R03b_20260811_FULL_v1,L1_ELIGIBILITY,v2026-08-11,2026-03-21..2026-08-06,baccarat_bet02_101_all_pairs_incl_sentinel,round_win = game_pnl > 0 (decisive only),COMPATIBILITY_ONLY_NOT_PRODUCTION,23219.2981,20941.0295,483.4708,3644,3644,-0.02082194,-0.02082194,,-0.02082194,-483.4708,23219.2981,OK,0.0000,19.3388,4.0000,96.0000,AG03-UNRESOLVED,ALL5_LEVELS_bet23_to_bet27,19.3388,19.3388,19.3388,24.1735,24.1735,4.000000,4.000000,4.000000,5.000000,5.000000,96.000000,96.000000,96.000000,95.000000,95.000000,5.0,106.3636,97.4318,377.1072,386.039,PENDING_AG03,FALSE,NOT_FOR_ENFORCEMENT,464.1320,20103.3883,483.4708,464.1320,19.3388,0.02082194,0.01998906,19.3388,464.1320,0.01998906,19.3388,19.3388,19.3388,24.1735,24.1735,464.1320,0.01998906,106.3636,97.4318,377.1072,386.039,0.01624111,0.01662578,0.00083288,6.3719,5.7467,0.1327,24.1735,1.3696,1160.9649,182.2000,6.3719,,2.5818,5.1636,10.2741,10.3271,12.9089,15.4907,5.1636,0.0,2.5,3.0,1.234019,18,135,72,2,1.00000000,0.02082194,0.02082194,0E-8,0.000000,0.901880,0.010977,,2026-07-08,2026-08-06,20,353,182,30,0.666667,,1.000000,3.333333,,,,,,,,GLOBAL_BASELINE_NO_ENTITY_RANKING,,,NOT_APPLICABLE_GLOBAL_BASELINE,HF9g-P5,,,,X 全窗基线 · 不参与实体赏罚,8398950,840,A168_HF9F_20260827_0900,2026-08-27 09:00:00
2026-08-01,141205185,2093,0,305.6533018266,-41.3530937765,-41.3530937765,0.4193548,34,34,0.50191945294117647,0.501919452941,-0.919407408267539,-0.9194074082655725,-0.919407408267539,1.7647E-13,ELIGIBLE,R03b_20260811_FULL_v1,L1_ELIGIBILITY,v2026-08-11,2026-03-21..2026-08-06,baccarat_bet02_101_all_pairs_incl_sentinel,round_win = game_pnl > 0 (decisive only),COMPATIBILITY_ONLY_NOT_PRODUCTION,23219.2981,20941.0295,483.4708,3644,3644,-0.02082194,-0.02082194,,-0.02082194,-483.4708,23219.2981,OK,0.0000,19.3388,4.0000,96.0000,AG03-UNRESOLVED,ALL5_LEVELS_bet23_to_bet27,19.3388,19.3388,19.3388,24.1735,24.1735,4.000000,4.000000,4.000000,5.000000,5.000000,96.000000,96.000000,96.000000,95.000000,95.000000,5.0,106.3636,97.4318,377.1072,386.039,PENDING_AG03,FALSE,NOT_FOR_ENFORCEMENT,464.1320,20103.3883,483.4708,464.1320,19.3388,0.02082194,0.01998906,19.3388,464.1320,0.01998906,19.3388,19.3388,19.3388,24.1735,24.1735,464.1320,0.01998906,106.3636,97.4318,377.1072,386.039,0.01624111,0.01662578,0.00083288,6.3719,5.7467,0.1327,24.1735,1.3696,1160.9649,182.2000,6.3719,,2.5818,5.1636,10.2741,10.3271,12.9089,15.4907,5.1636,0.0,2.5,3.0,1.234019,18,135,72,2,1.00000000,0.02082194,0.02082194,0E-8,0.000000,0.901880,0.010977,,2026-07-08,2026-08-06,20,353,182,30,0.666667,,1.000000,3.333333,,,,,,,,GLOBAL_BASELINE_NO_ENTITY_RANKING,,,NOT_APPLICABLE_GLOBAL_BASELINE,HF9g-P5,,,,X 全窗基线 · 不参与实体赏罚,8398951,840,A168_HF9F_20260827_0900,2026-08-27 09:00:00
2026-08-01,141205185,2103,0,92.4665450904,9.7603575373,9.7603575373,0.6666667,11,11,0.49933877272727273,0.499338772727,1.0039682415497608,1.003968241551398,1.0039682415497608,2.7273E-13,ELIGIBLE,R03b_20260811_FULL_v1,L1_ELIGIBILITY,v2026-08-11,2026-03-21..2026-08-06,baccarat_bet02_101_all_pairs_incl_sentinel,round_win = game_pnl > 0 (decisive only),COMPATIBILITY_ONLY_NOT_PRODUCTION,23219.2981,20941.0295,483.4708,3644,3644,-0.02082194,-0.02082194,,-0.02082194,-483.4708,23219.2981,OK,0.0000,19.3388,4.0000,96.0000,AG03-UNRESOLVED,ALL5_LEVELS_bet23_to_bet27,19.3388,19.3388,19.3388,24.1735,24.1735,4.000000,4.000000,4.000000,5.000000,5.000000,96.000000,96.000000,96.000000,95.000000,95.000000,5.0,106.3636,97.4318,377.1072,386.039,PENDING_AG03,FALSE,NOT_FOR_ENFORCEMENT,464.1320,20103.3883,483.4708,464.1320,19.3388,0.02082194,0.01998906,19.3388,464.1320,0.01998906,19.3388,19.3388,19.3388,24.1735,24.1735,464.1320,0.01998906,106.3636,97.4318,377.1072,386.039,0.01624111,0.01662578,0.00083288,6.3719,5.7467,0.1327,24.1735,1.3696,1160.9649,182.2000,6.3719,,2.5818,5.1636,10.2741,10.3271,12.9089,15.4907,5.1636,0.0,2.5,3.0,1.234019,18,135,72,2,1.00000000,0.02082194,0.02082194,0E-8,0.000000,0.901880,0.010977,,2026-07-08,2026-08-06,20,353,182,30,0.666667,,1.000000,3.333333,,,,,,,,GLOBAL_BASELINE_NO_ENTITY_RANKING,,,NOT_APPLICABLE_GLOBAL_BASELINE,HF9g-P5,,,,X 全窗基线 · 不参与实体赏罚,8398952,840,A168_HF9F_20260827_0900,2026-08-27 09:00:00
2026-08-01,141205185,2106,0,102.7406056560,39.2982816634,39.2982816634,0.7500000,8,8,0.50162375000000000,0.501623750000,1.4050356542380409,1.4050356542380409,1.4050356542380409,0E-17,ELIGIBLE,R03b_20260811_FULL_v1,L1_ELIGIBILITY,v2026-08-11,2026-03-21..2026-08-06,baccarat_bet02_101_all_pairs_incl_sentinel,round_win = game_pnl > 0 (decisive only),COMPATIBILITY_ONLY_NOT_PRODUCTION,23219.2981,20941.0295,483.4708,3644,3644,-0.02082194,-0.02082194,,-0.02082194,-483.4708,23219.2981,OK,0.0000,19.3388,4.0000,96.0000,AG03-UNRESOLVED,ALL5_LEVELS_bet23_to_bet27,19.3388,19.3388,19.3388,24.1735,24.1735,4.000000,4.000000,4.000000,5.000000,5.000000,96.000000,96.000000,96.000000,95.000000,95.000000,5.0,106.3636,97.4318,377.1072,386.039,PENDING_AG03,FALSE,NOT_FOR_ENFORCEMENT,464.1320,20103.3883,483.4708,464.1320,19.3388,0.02082194,0.01998906,19.3388,464.1320,0.01998906,19.3388,19.3388,19.3388,24.1735,24.1735,464.1320,0.01998906,106.3636,97.4318,377.1072,386.039,0.01624111,0.01662578,0.00083288,6.3719,5.7467,0.1327,24.1735,1.3696,1160.9649,182.2000,6.3719,,2.5818,5.1636,10.2741,10.3271,12.9089,15.4907,5.1636,0.0,2.5,3.0,1.234019,18,135,72,2,1.00000000,0.02082194,0.02082194,0E-8,0.000000,0.901880,0.010977,,2026-07-08,2026-08-06,20,353,182,30,0.666667,,1.000000,3.333333,,,,,,,,GLOBAL_BASELINE_NO_ENTITY_RANKING,,,NOT_APPLICABLE_GLOBAL_BASELINE,HF9g-P5,,,,X 全窗基线 · 不参与实体赏罚,8398953,840,A168_HF9F_20260827_0900,2026-08-27 09:00:00
2026-08-01,141205185,2121,0,84.7609996662,-24.0156165720,-24.0156165720,0.3750000,17,17,0.50113091176470588,0.501130911765,-1.0090498751926695,-1.0090498751950239,-1.0090498751926695,-2.9412E-13,ELIGIBLE,R03b_20260811_FULL_v1,L1_ELIGIBILITY,v2026-08-11,2026-03-21..2026-08-06,baccarat_bet02_101_all_pairs_incl_sentinel,round_win = game_pnl > 0 (decisive only),COMPATIBILITY_ONLY_NOT_PRODUCTION,23219.2981,20941.0295,483.4708,3644,3644,-0.02082194,-0.02082194,,-0.02082194,-483.4708,23219.2981,OK,0.0000,19.3388,4.0000,96.0000,AG03-UNRESOLVED,ALL5_LEVELS_bet23_to_bet27,19.3388,19.3388,19.3388,24.1735,24.1735,4.000000,4.000000,4.000000,5.000000,5.000000,96.000000,96.000000,96.000000,95.000000,95.000000,5.0,106.3636,97.4318,377.1072,386.039,PENDING_AG03,FALSE,NOT_FOR_ENFORCEMENT,464.1320,20103.3883,483.4708,464.1320,19.3388,0.02082194,0.01998906,19.3388,464.1320,0.01998906,19.3388,19.3388,19.3388,24.1735,24.1735,464.1320,0.01998906,106.3636,97.4318,377.1072,386.039,0.01624111,0.01662578,0.00083288,6.3719,5.7467,0.1327,24.1735,1.3696,1160.9649,182.2000,6.3719,,2.5818,5.1636,10.2741,10.3271,12.9089,15.4907,5.1636,0.0,2.5,3.0,1.234019,18,135,72,2,1.00000000,0.02082194,0.02082194,0E-8,0.000000,0.901880,0.010977,,2026-07-08,2026-08-06,20,353,182,30,0.666667,,1.000000,3.333333,,,,,,,,GLOBAL_BASELINE_NO_ENTITY_RANKING,,,NOT_APPLICABLE_GLOBAL_BASELINE,HF9g-P5,,,,X 全窗基线 · 不参与实体赏罚,8398954,840,A168_HF9F_20260827_0900,2026-08-27 09:00:00
2026-08-01,141205185,2123,0,111.7304086509,-66.1392648911,-66.1392648911,0.1818182,11,11,0.50055742727272727,0.500557427273,-2.1142782801867805,-2.114278280188591,-2.1142782801867805,-2.7273E-13,ELIGIBLE,R03b_20260811_FULL_v1,L1_ELIGIBILITY,v2026-08-11,2026-03-21..2026-08-06,baccarat_bet02_101_all_pairs_incl_sentinel,round_win = game_pnl > 0 (decisive only),COMPATIBILITY_ONLY_NOT_PRODUCTION,23219.2981,20941.0295,483.4708,3644,3644,-0.02082194,-0.02082194,,-0.02082194,-483.4708,23219.2981,OK,0.0000,19.3388,4.0000,96.0000,AG03-UNRESOLVED,ALL5_LEVELS_bet23_to_bet27,19.3388,19.3388,19.3388,24.1735,24.1735,4.000000,4.000000,4.000000,5.000000,5.000000,96.000000,96.000000,96.000000,95.000000,95.000000,5.0,106.3636,97.4318,377.1072,386.039,PENDING_AG03,FALSE,NOT_FOR_ENFORCEMENT,464.1320,20103.3883,483.4708,464.1320,19.3388,0.02082194,0.01998906,19.3388,464.1320,0.01998906,19.3388,19.3388,19.3388,24.1735,24.1735,464.1320,0.01998906,106.3636,97.4318,377.1072,386.039,0.01624111,0.01662578,0.00083288,6.3719,5.7467,0.1327,24.1735,1.3696,1160.9649,182.2000,6.3719,,2.5818,5.1636,10.2741,10.3271,12.9089,15.4907,5.1636,0.0,2.5,3.0,1.234019,18,135,72,2,1.00000000,0.02082194,0.02082194,0E-8,0.000000,0.901880,0.010977,,2026-07-08,2026-08-06,20,353,182,30,0.666667,,1.000000,3.333333,,,,,,,,GLOBAL_BASELINE_NO_ENTITY_RANKING,,,NOT_APPLICABLE_GLOBAL_BASELINE,HF9g-P5,,,,X 全窗基线 · 不参与实体赏罚,8398955,840,A168_HF9F_20260827_0900,2026-08-27 09:00:00
2026-08-01,141205185,2130,0,184.9330901808,-7.4486939101,-7.4486939101,0.5000000,16,16,0.49911027500000000,0.499110275000,0.00665810277815238,0.00665810277815238,0.00665810277815238,0E-17,ELIGIBLE,R03b_20260811_FULL_v1,L1_ELIGIBILITY,v2026-08-11,2026-03-21..2026-08-06,baccarat_bet02_101_all_pairs_incl_sentinel,round_win = game_pnl > 0 (decisive only),COMPATIBILITY_ONLY_NOT_PRODUCTION,23219.2981,20941.0295,483.4708,3644,3644,-0.02082194,-0.02082194,,-0.02082194,-483.4708,23219.2981,OK,0.0000,19.3388,4.0000,96.0000,AG03-UNRESOLVED,ALL5_LEVELS_bet23_to_bet27,19.3388,19.3388,19.3388,24.1735,24.1735,4.000000,4.000000,4.000000,5.000000,5.000000,96.000000,96.000000,96.000000,95.000000,95.000000,5.0,106.3636,97.4318,377.1072,386.039,PENDING_AG03,FALSE,NOT_FOR_ENFORCEMENT,464.1320,20103.3883,483.4708,464.1320,19.3388,0.02082194,0.01998906,19.3388,464.1320,0.01998906,19.3388,19.3388,19.3388,24.1735,24.1735,464.1320,0.01998906,106.3636,97.4318,377.1072,386.039,0.01624111,0.01662578,0.00083288,6.3719,5.7467,0.1327,24.1735,1.3696,1160.9649,182.2000,6.3719,,2.5818,5.1636,10.2741,10.3271,12.9089,15.4907,5.1636,0.0,2.5,3.0,1.234019,18,135,72,2,1.00000000,0.02082194,0.02082194,0E-8,0.000000,0.901880,0.010977,,2026-07-08,2026-08-06,20,353,182,30,0.666667,,1.000000,3.333333,,,,,,,,GLOBAL_BASELINE_NO_ENTITY_RANKING,,,NOT_APPLICABLE_GLOBAL_BASELINE,HF9g-P5,,,,X 全窗基线 · 不参与实体赏罚,8398956,840,A168_HF9F_20260827_0900,2026-08-27 09:00:00
2026-08-01,141205185,2153,0,59.0758482522,11.4298923792,11.4298923792,0.6000000,7,7,0.50282064285714286,0.502820642857,0.434606212694104,0.4346062126947422,0.434606212694104,1.4286E-13,ELIGIBLE,R03b_20260811_FULL_v1,L1_ELIGIBILITY,v2026-08-11,2026-03-21..2026-08-06,baccarat_bet02_101_all_pairs_incl_sentinel,round_win = game_pnl > 0 (decisive only),COMPATIBILITY_ONLY_NOT_PRODUCTION,23219.2981,20941.0295,483.4708,3644,3644,-0.02082194,-0.02082194,,-0.02082194,-483.4708,23219.2981,OK,0.0000,19.3388,4.0000,96.0000,AG03-UNRESOLVED,ALL5_LEVELS_bet23_to_bet27,19.3388,19.3388,19.3388,24.1735,24.1735,4.000000,4.000000,4.000000,5.000000,5.000000,96.000000,96.000000,96.000000,95.000000,95.000000,5.0,106.3636,97.4318,377.1072,386.039,PENDING_AG03,FALSE,NOT_FOR_ENFORCEMENT,464.1320,20103.3883,483.4708,464.1320,19.3388,0.02082194,0.01998906,19.3388,464.1320,0.01998906,19.3388,19.3388,19.3388,24.1735,24.1735,464.1320,0.01998906,106.3636,97.4318,377.1072,386.039,0.01624111,0.01662578,0.00083288,6.3719,5.7467,0.1327,24.1735,1.3696,1160.9649,182.2000,6.3719,,2.5818,5.1636,10.2741,10.3271,12.9089,15.4907,5.1636,0.0,2.5,3.0,1.234019,18,135,72,2,1.00000000,0.02082194,0.02082194,0E-8,0.000000,0.901880,0.010977,,2026-07-08,2026-08-06,20,353,182,30,0.666667,,1.000000,3.333333,,,,,,,,GLOBAL_BASELINE_NO_ENTITY_RANKING,,,NOT_APPLICABLE_GLOBAL_BASELINE,HF9g-P5,,,,X 全窗基线 · 不参与实体赏罚,8398957,840,A168_HF9F_20260827_0900,2026-08-27 09:00:00
2026-08-01,141205185,2169,0,46.2332725452,3.8527727121,3.8527727121,0.6000000,5,5,0.50665070000000000,0.506650700000,0.4175076967804994,0.4175076967804994,0.4175076967804994,0E-17,ELIGIBLE,R03b_20260811_FULL_v1,L1_ELIGIBILITY,v2026-08-11,2026-03-21..2026-08-06,baccarat_bet02_101_all_pairs_incl_sentinel,round_win = game_pnl > 0 (decisive only),COMPATIBILITY_ONLY_NOT_PRODUCTION,23219.2981,20941.0295,483.4708,3644,3644,-0.02082194,-0.02082194,,-0.02082194,-483.4708,23219.2981,OK,0.0000,19.3388,4.0000,96.0000,AG03-UNRESOLVED,ALL5_LEVELS_bet23_to_bet27,19.3388,19.3388,19.3388,24.1735,24.1735,4.000000,4.000000,4.000000,5.000000,5.000000,96.000000,96.000000,96.000000,95.000000,95.000000,5.0,106.3636,97.4318,377.1072,386.039,PENDING_AG03,FALSE,NOT_FOR_ENFORCEMENT,464.1320,20103.3883,483.4708,464.1320,19.3388,0.02082194,0.01998906,19.3388,464.1320,0.01998906,19.3388,19.3388,19.3388,24.1735,24.1735,464.1320,0.01998906,106.3636,97.4318,377.1072,386.039,0.01624111,0.01662578,0.00083288,6.3719,5.7467,0.1327,24.1735,1.3696,1160.9649,182.2000,6.3719,,2.5818,5.1636,10.2741,10.3271,12.9089,15.4907,5.1636,0.0,2.5,3.0,1.234019,18,135,72,2,1.00000000,0.02082194,0.02082194,0E-8,0.000000,0.901880,0.010977,,2026-07-08,2026-08-06,20,353,182,30,0.666667,,1.000000,3.333333,,,,,,,,GLOBAL_BASELINE_NO_ENTITY_RANKING,,,NOT_APPLICABLE_GLOBAL_BASELINE,HF9g-P5,,,,X 全窗基线 · 不参与实体赏罚,8398958,840,A168_HF9F_20260827_0900,2026-08-27 09:00:00
2026-08-01,141205185,2223,0,82.1924845248,-10.5309120797,-10.5309120797,0.5000000,10,10,0.49726706000000000,0.497267060000,0.01728488841940615,0.017284888419406154,0.01728488841940615,0E-17,ELIGIBLE,R03b_20260811_FULL_v1,L1_ELIGIBILITY,v2026-08-11,2026-03-21..2026-08-06,baccarat_bet02_101_all_pairs_incl_sentinel,round_win = game_pnl > 0 (decisive only),COMPATIBILITY_ONLY_NOT_PRODUCTION,23219.2981,20941.0295,483.4708,3644,3644,-0.02082194,-0.02082194,,-0.02082194,-483.4708,23219.2981,OK,0.0000,19.3388,4.0000,96.0000,AG03-UNRESOLVED,ALL5_LEVELS_bet23_to_bet27,19.3388,19.3388,19.3388,24.1735,24.1735,4.000000,4.000000,4.000000,5.000000,5.000000,96.000000,96.000000,96.000000,95.000000,95.000000,5.0,106.3636,97.4318,377.1072,386.039,PENDING_AG03,FALSE,NOT_FOR_ENFORCEMENT,464.1320,20103.3883,483.4708,464.1320,19.3388,0.02082194,0.01998906,19.3388,464.1320,0.01998906,19.3388,19.3388,19.3388,24.1735,24.1735,464.1320,0.01998906,106.3636,97.4318,377.1072,386.039,0.01624111,0.01662578,0.00083288,6.3719,5.7467,0.1327,24.1735,1.3696,1160.9649,182.2000,6.3719,,2.5818,5.1636,10.2741,10.3271,12.9089,15.4907,5.1636,0.0,2.5,3.0,1.234019,18,135,72,2,1.00000000,0.02082194,0.02082194,0E-8,0.000000,0.901880,0.010977,,2026-07-08,2026-08-06,20,353,182,30,0.666667,,1.000000,3.333333,,,,,,,,GLOBAL_BASELINE_NO_ENTITY_RANKING,,,NOT_APPLICABLE_GLOBAL_BASELINE,HF9g-P5,,,,X 全窗基线 · 不参与实体赏罚,8398959,840,A168_HF9F_20260827_0900,2026-08-27 09:00:00
2026-08-01,141205185,2252,0,41.0962422624,-1.0274060566,-1.0274060566,0.5000000,4,4,0.50329940000000000,0.503299400000,-0.01319788734859681,-0.01319788734859681,-0.01319788734859681,0E-17,ELIGIBLE,R03b_20260811_FULL_v1,L1_ELIGIBILITY,v2026-08-11,2026-03-21..2026-08-06,baccarat_bet02_101_all_pairs_incl_sentinel,round_win = game_pnl > 0 (decisive only),COMPATIBILITY_ONLY_NOT_PRODUCTION,23219.2981,20941.0295,483.4708,3644,3644,-0.02082194,-0.02082194,,-0.02082194,-483.4708,23219.2981,OK,0.0000,19.3388,4.0000,96.0000,AG03-UNRESOLVED,ALL5_LEVELS_bet23_to_bet27,19.3388,19.3388,19.3388,24.1735,24.1735,4.000000,4.000000,4.000000,5.000000,5.000000,96.000000,96.000000,96.000000,95.000000,95.000000,5.0,106.3636,97.4318,377.1072,386.039,PENDING_AG03,FALSE,NOT_FOR_ENFORCEMENT,464.1320,20103.3883,483.4708,464.1320,19.3388,0.02082194,0.01998906,19.3388,464.1320,0.01998906,19.3388,19.3388,19.3388,24.1735,24.1735,464.1320,0.01998906,106.3636,97.4318,377.1072,386.039,0.01624111,0.01662578,0.00083288,6.3719,5.7467,0.1327,24.1735,1.3696,1160.9649,182.2000,6.3719,,2.5818,5.1636,10.2741,10.3271,12.9089,15.4907,5.1636,0.0,2.5,3.0,1.234019,18,135,72,2,1.00000000,0.02082194,0.02082194,0E-8,0.000000,0.901880,0.010977,,2026-07-08,2026-08-06,20,353,182,30,0.666667,,1.000000,3.333333,,,,,,,,GLOBAL_BASELINE_NO_ENTITY_RANKING,,,NOT_APPLICABLE_GLOBAL_BASELINE,HF9g-P5,,,,X 全窗基线 · 不参与实体赏罚,8398960,840,A168_HF9F_20260827_0900,2026-08-27 09:00:00
2026-08-01,141205185,583,0,210.6182415948,62.4149179359,62.4149179359,0.6666667,18,18,0.50069283333333333,0.500692833333,1.4083360286483249,1.408336028651152,1.4083360286483249,3.3333E-13,ELIGIBLE,R03b_20260811_FULL_v1,L1_ELIGIBILITY,v2026-08-11,2026-03-21..2026-08-06,baccarat_bet02_101_all_pairs_incl_sentinel,round_win = game_pnl > 0 (decisive only),COMPATIBILITY_ONLY_NOT_PRODUCTION,23219.2981,20941.0295,483.4708,3644,3644,-0.02082194,-0.02082194,,-0.02082194,-483.4708,23219.2981,OK,0.0000,19.3388,4.0000,96.0000,AG03-UNRESOLVED,ALL5_LEVELS_bet23_to_bet27,19.3388,19.3388,19.3388,24.1735,24.1735,4.000000,4.000000,4.000000,5.000000,5.000000,96.000000,96.000000,96.000000,95.000000,95.000000,5.0,106.3636,97.4318,377.1072,386.039,PENDING_AG03,FALSE,NOT_FOR_ENFORCEMENT,464.1320,20103.3883,483.4708,464.1320,19.3388,0.02082194,0.01998906,19.3388,464.1320,0.01998906,19.3388,19.3388,19.3388,24.1735,24.1735,464.1320,0.01998906,106.3636,97.4318,377.1072,386.039,0.01624111,0.01662578,0.00083288,6.3719,5.7467,0.1327,24.1735,1.3696,1160.9649,182.2000,6.3719,,2.5818,5.1636,10.2741,10.3271,12.9089,15.4907,5.1636,0.0,2.5,3.0,1.234019,18,135,72,2,1.00000000,0.02082194,0.02082194,0E-8,0.000000,0.901880,0.010977,,2026-07-08,2026-08-06,20,353,182,30,0.666667,,1.000000,3.333333,,,,,,,,GLOBAL_BASELINE_NO_ENTITY_RANKING,,,NOT_APPLICABLE_GLOBAL_BASELINE,HF9g-P5,,,,X 全窗基线 · 不参与实体赏罚,8398961,840,A168_HF9F_20260827_0900,2026-08-27 09:00:00
2026-08-01,141205185,763,0,179.7960598980,-15.5395166054,-15.5395166054,0.4210526,20,20,0.50128862000000000,0.501288620000,-0.6994834533714055,-0.6994834533714055,-0.6994834533714055,0E-17,ELIGIBLE,R03b_20260811_FULL_v1,L1_ELIGIBILITY,v2026-08-11,2026-03-21..2026-08-06,baccarat_bet02_101_all_pairs_incl_sentinel,round_win = game_pnl > 0 (decisive only),COMPATIBILITY_ONLY_NOT_PRODUCTION,23219.2981,20941.0295,483.4708,3644,3644,-0.02082194,-0.02082194,,-0.02082194,-483.4708,23219.2981,OK,0.0000,19.3388,4.0000,96.0000,AG03-UNRESOLVED,ALL5_LEVELS_bet23_to_bet27,19.3388,19.3388,19.3388,24.1735,24.1735,4.000000,4.000000,4.000000,5.000000,5.000000,96.000000,96.000000,96.000000,95.000000,95.000000,5.0,106.3636,97.4318,377.1072,386.039,PENDING_AG03,FALSE,NOT_FOR_ENFORCEMENT,464.1320,20103.3883,483.4708,464.1320,19.3388,0.02082194,0.01998906,19.3388,464.1320,0.01998906,19.3388,19.3388,19.3388,24.1735,24.1735,464.1320,0.01998906,106.3636,97.4318,377.1072,386.039,0.01624111,0.01662578,0.00083288,6.3719,5.7467,0.1327,24.1735,1.3696,1160.9649,182.2000,6.3719,,2.5818,5.1636,10.2741,10.3271,12.9089,15.4907,5.1636,0.0,2.5,3.0,1.234019,18,135,72,2,1.00000000,0.02082194,0.02082194,0E-8,0.000000,0.901880,0.010977,,2026-07-08,2026-08-06,20,353,182,30,0.666667,,1.000000,3.333333,,,,,,,,GLOBAL_BASELINE_NO_ENTITY_RANKING,,,NOT_APPLICABLE_GLOBAL_BASELINE,HF9g-P5,,,,X 全窗基线 · 不参与实体赏罚,8398962,840,A168_HF9F_20260827_0900,2026-08-27 09:00:00
2026-08-02,141205185,1017,0,10.2740605656,-10.2740605656,-10.2740605656,0E-7,1,1,0.49324550000000000,0.493245500000,-0.9865810262130424,-0.9865810262130424,-0.9865810262130424,0E-17,ELIGIBLE,R03b_20260811_FULL_v1,L1_ELIGIBILITY,v2026-08-11,2026-03-21..2026-08-06,baccarat_bet02_101_all_pairs_incl_sentinel,round_win = game_pnl > 0 (decisive only),COMPATIBILITY_ONLY_NOT_PRODUCTION,23219.2981,20941.0295,483.4708,3644,3644,-0.02082194,-0.02082194,,-0.02082194,-483.4708,23219.2981,OK,0.0000,19.3388,4.0000,96.0000,AG03-UNRESOLVED,ALL5_LEVELS_bet23_to_bet27,19.3388,19.3388,19.3388,24.1735,24.1735,4.000000,4.000000,4.000000,5.000000,5.000000,96.000000,96.000000,96.000000,95.000000,95.000000,5.0,106.3636,97.4318,377.1072,386.039,PENDING_AG03,FALSE,NOT_FOR_ENFORCEMENT,464.1320,20103.3883,483.4708,464.1320,19.3388,0.02082194,0.01998906,19.3388,464.1320,0.01998906,19.3388,19.3388,19.3388,24.1735,24.1735,464.1320,0.01998906,106.3636,97.4318,377.1072,386.039,0.01624111,0.01662578,0.00083288,6.3719,5.7467,0.1327,24.1735,1.3696,1160.9649,182.2000,6.3719,,2.5818,5.1636,10.2741,10.3271,12.9089,15.4907,5.1636,0.0,2.5,3.0,1.234019,18,135,72,2,1.00000000,0.02082194,0.02082194,0E-8,0.000000,0.901880,0.010977,,2026-07-08,2026-08-06,20,353,182,30,0.666667,,1.000000,3.333333,,,,,,,,GLOBAL_BASELINE_NO_ENTITY_RANKING,,,NOT_APPLICABLE_GLOBAL_BASELINE,HF9g-P5,,,,X 全窗基线 · 不参与实体赏罚,8398963,840,A168_HF9F_20260827_0900,2026-08-27 09:00:00
2026-08-02,141205185,1157,0,48.8017876866,6.2928620964,6.2928620964,0.6000000,5,5,0.50396966000000000,0.503969660000,0.4294742719815242,0.4294742719815242,0.4294742719815242,0E-17,ELIGIBLE,R03b_20260811_FULL_v1,L1_ELIGIBILITY,v2026-08-11,2026-03-21..2026-08-06,baccarat_bet02_101_all_pairs_incl_sentinel,round_win = game_pnl > 0 (decisive only),COMPATIBILITY_ONLY_NOT_PRODUCTION,23219.2981,20941.0295,483.4708,3644,3644,-0.02082194,-0.02082194,,-0.02082194,-483.4708,23219.2981,OK,0.0000,19.3388,4.0000,96.0000,AG03-UNRESOLVED,ALL5_LEVELS_bet23_to_bet27,19.3388,19.3388,19.3388,24.1735,24.1735,4.000000,4.000000,4.000000,5.000000,5.000000,96.000000,96.000000,96.000000,95.000000,95.000000,5.0,106.3636,97.4318,377.1072,386.039,PENDING_AG03,FALSE,NOT_FOR_ENFORCEMENT,464.1320,20103.3883,483.4708,464.1320,19.3388,0.02082194,0.01998906,19.3388,464.1320,0.01998906,19.3388,19.3388,19.3388,24.1735,24.1735,464.1320,0.01998906,106.3636,97.4318,377.1072,386.039,0.01624111,0.01662578,0.00083288,6.3719,5.7467,0.1327,24.1735,1.3696,1160.9649,182.2000,6.3719,,2.5818,5.1636,10.2741,10.3271,12.9089,15.4907,5.1636,0.0,2.5,3.0,1.234019,18,135,72,2,1.00000000,0.02082194,0.02082194,0E-8,0.000000,0.901880,0.010977,,2026-07-08,2026-08-06,20,353,182,30,0.666667,,1.000000,3.333333,,,,,,,,GLOBAL_BASELINE_NO_ENTITY_RANKING,,,NOT_APPLICABLE_GLOBAL_BASELINE,HF9g-P5,,,,X 全窗基线 · 不参与实体赏罚,8398964,840,A168_HF9F_20260827_0900,2026-08-27 09:00:00
2026-08-02,141205185,1353,0,5.1370302828,0E-10,0E-10,0.5000000,2,2,0.49994810000000000,0.499948100000,0.00014679536856514622,0.00014679536856514622,0.00014679536856514622,0E-17,ELIGIBLE,R03b_20260811_FULL_v1,L1_ELIGIBILITY,v2026-08-11,2026-03-21..2026-08-06,baccarat_bet02_101_all_pairs_incl_sentinel,round_win = game_pnl > 0 (decisive only),COMPATIBILITY_ONLY_NOT_PRODUCTION,23219.2981,20941.0295,483.4708,3644,3644,-0.02082194,-0.02082194,,-0.02082194,-483.4708,23219.2981,OK,0.0000,19.3388,4.0000,96.0000,AG03-UNRESOLVED,ALL5_LEVELS_bet23_to_bet27,19.3388,19.3388,19.3388,24.1735,24.1735,4.000000,4.000000,4.000000,5.000000,5.000000,96.000000,96.000000,96.000000,95.000000,95.000000,5.0,106.3636,97.4318,377.1072,386.039,PENDING_AG03,FALSE,NOT_FOR_ENFORCEMENT,464.1320,20103.3883,483.4708,464.1320,19.3388,0.02082194,0.01998906,19.3388,464.1320,0.01998906,19.3388,19.3388,19.3388,24.1735,24.1735,464.1320,0.01998906,106.3636,97.4318,377.1072,386.039,0.01624111,0.01662578,0.00083288,6.3719,5.7467,0.1327,24.1735,1.3696,1160.9649,182.2000,6.3719,,2.5818,5.1636,10.2741,10.3271,12.9089,15.4907,5.1636,0.0,2.5,3.0,1.234019,18,135,72,2,1.00000000,0.02082194,0.02082194,0E-8,0.000000,0.901880,0.010977,,2026-07-08,2026-08-06,20,353,182,30,0.666667,,1.000000,3.333333,,,,,,,,GLOBAL_BASELINE_NO_ENTITY_RANKING,,,NOT_APPLICABLE_GLOBAL_BASELINE,HF9g-P5,,,,X 全窗基线 · 不参与实体赏罚,8398965,840,A168_HF9F_20260827_0900,2026-08-27 09:00:00
2026-08-02,141205185,1382,0,159.2479387668,-26.0704286853,-26.0704286853,0.4545455,25,25,0.50236103600000000,0.502361036000,-0.4485549145975826,-0.4485549145975826,-0.4485549145975826,0E-17,ELIGIBLE,R03b_20260811_FULL_v1,L1_ELIGIBILITY,v2026-08-11,2026-03-21..2026-08-06,baccarat_bet02_101_all_pairs_incl_sentinel,round_win = game_pnl > 0 (decisive only),COMPATIBILITY_ONLY_NOT_PRODUCTION,23219.2981,20941.0295,483.4708,3644,3644,-0.02082194,-0.02082194,,-0.02082194,-483.4708,23219.2981,OK,0.0000,19.3388,4.0000,96.0000,AG03-UNRESOLVED,ALL5_LEVELS_bet23_to_bet27,19.3388,19.3388,19.3388,24.1735,24.1735,4.000000,4.000000,4.000000,5.000000,5.000000,96.000000,96.000000,96.000000,95.000000,95.000000,5.0,106.3636,97.4318,377.1072,386.039,PENDING_AG03,FALSE,NOT_FOR_ENFORCEMENT,464.1320,20103.3883,483.4708,464.1320,19.3388,0.02082194,0.01998906,19.3388,464.1320,0.01998906,19.3388,19.3388,19.3388,24.1735,24.1735,464.1320,0.01998906,106.3636,97.4318,377.1072,386.039,0.01624111,0.01662578,0.00083288,6.3719,5.7467,0.1327,24.1735,1.3696,1160.9649,182.2000,6.3719,,2.5818,5.1636,10.2741,10.3271,12.9089,15.4907,5.1636,0.0,2.5,3.0,1.234019,18,135,72,2,1.00000000,0.02082194,0.02082194,0E-8,0.000000,0.901880,0.010977,,2026-07-08,2026-08-06,20,353,182,30,0.666667,,1.000000,3.333333,,,,,,,,GLOBAL_BASELINE_NO_ENTITY_RANKING,,,NOT_APPLICABLE_GLOBAL_BASELINE,HF9g-P5,,,,X 全窗基线 · 不参与实体赏罚,8398966,840,A168_HF9F_20260827_0900,2026-08-27 09:00:00
2026-08-02,141205185,1485,0,2.5685151414,2.5685151414,2.5685151414,1.0000000,1,1,0.49324550000000000,0.493245500000,1.01360149184955,1.01360149184955,1.01360149184955,0E-17,ELIGIBLE,R03b_20260811_FULL_v1,L1_ELIGIBILITY,v2026-08-11,2026-03-21..2026-08-06,baccarat_bet02_101_all_pairs_incl_sentinel,round_win = game_pnl > 0 (decisive only),COMPATIBILITY_ONLY_NOT_PRODUCTION,23219.2981,20941.0295,483.4708,3644,3644,-0.02082194,-0.02082194,,-0.02082194,-483.4708,23219.2981,OK,0.0000,19.3388,4.0000,96.0000,AG03-UNRESOLVED,ALL5_LEVELS_bet23_to_bet27,19.3388,19.3388,19.3388,24.1735,24.1735,4.000000,4.000000,4.000000,5.000000,5.000000,96.000000,96.000000,96.000000,95.000000,95.000000,5.0,106.3636,97.4318,377.1072,386.039,PENDING_AG03,FALSE,NOT_FOR_ENFORCEMENT,464.1320,20103.3883,483.4708,464.1320,19.3388,0.02082194,0.01998906,19.3388,464.1320,0.01998906,19.3388,19.3388,19.3388,24.1735,24.1735,464.1320,0.01998906,106.3636,97.4318,377.1072,386.039,0.01624111,0.01662578,0.00083288,6.3719,5.7467,0.1327,24.1735,1.3696,1160.9649,182.2000,6.3719,,2.5818,5.1636,10.2741,10.3271,12.9089,15.4907,5.1636,0.0,2.5,3.0,1.234019,18,135,72,2,1.00000000,0.02082194,0.02082194,0E-8,0.000000,0.901880,0.010977,,2026-07-08,2026-08-06,20,353,182,30,0.666667,,1.000000,3.333333,,,,,,,,GLOBAL_BASELINE_NO_ENTITY_RANKING,,,NOT_APPLICABLE_GLOBAL_BASELINE,HF9g-P5,,,,X 全窗基线 · 不参与实体赏罚,8398967,840,A168_HF9F_20260827_0900,2026-08-27 09:00:00
2026-08-02,141205185,1941,0,56.5073331108,4.3664757404,4.3664757404,0.6000000,6,6,0.49994810000000000,0.499948100000,0.44744570176651083,0.44744570176651083,0.44744570176651083,0E-17,ELIGIBLE,R03b_20260811_FULL_v1,L1_ELIGIBILITY,v2026-08-11,2026-03-21..2026-08-06,baccarat_bet02_101_all_pairs_incl_sentinel,round_win = game_pnl > 0 (decisive only),COMPATIBILITY_ONLY_NOT_PRODUCTION,23219.2981,20941.0295,483.4708,3644,3644,-0.02082194,-0.02082194,,-0.02082194,-483.4708,23219.2981,OK,0.0000,19.3388,4.0000,96.0000,AG03-UNRESOLVED,ALL5_LEVELS_bet23_to_bet27,19.3388,19.3388,19.3388,24.1735,24.1735,4.000000,4.000000,4.000000,5.000000,5.000000,96.000000,96.000000,96.000000,95.000000,95.000000,5.0,106.3636,97.4318,377.1072,386.039,PENDING_AG03,FALSE,NOT_FOR_ENFORCEMENT,464.1320,20103.3883,483.4708,464.1320,19.3388,0.02082194,0.01998906,19.3388,464.1320,0.01998906,19.3388,19.3388,19.3388,24.1735,24.1735,464.1320,0.01998906,106.3636,97.4318,377.1072,386.039,0.01624111,0.01662578,0.00083288,6.3719,5.7467,0.1327,24.1735,1.3696,1160.9649,182.2000,6.3719,,2.5818,5.1636,10.2741,10.3271,12.9089,15.4907,5.1636,0.0,2.5,3.0,1.234019,18,135,72,2,1.00000000,0.02082194,0.02082194,0E-8,0.000000,0.901880,0.010977,,2026-07-08,2026-08-06,20,353,182,30,0.666667,,1.000000,3.333333,,,,,,,,GLOBAL_BASELINE_NO_ENTITY_RANKING,,,NOT_APPLICABLE_GLOBAL_BASELINE,HF9g-P5,,,,X 全窗基线 · 不参与实体赏罚,8398968,840,A168_HF9F_20260827_0900,2026-08-27 09:00:00
2026-08-02,141205185,1942,0,23.1166362726,-7.9623969384,-7.9623969384,0.2857143,9,9,0.50069283333333333,0.500692833333,-1.137560640527468,-1.137560640525703,-1.137560640527468,3.3333E-13,ELIGIBLE,R03b_20260811_FULL_v1,L1_ELIGIBILITY,v2026-08-11,2026-03-21..2026-08-06,baccarat_bet02_101_all_pairs_incl_sentinel,round_win = game_pnl > 0 (decisive only),COMPATIBILITY_ONLY_NOT_PRODUCTION,23219.2981,20941.0295,483.4708,3644,3644,-0.02082194,-0.02082194,,-0.02082194,-483.4708,23219.2981,OK,0.0000,19.3388,4.0000,96.0000,AG03-UNRESOLVED,ALL5_LEVELS_bet23_to_bet27,19.3388,19.3388,19.3388,24.1735,24.1735,4.000000,4.000000,4.000000,5.000000,5.000000,96.000000,96.000000,96.000000,95.000000,95.000000,5.0,106.3636,97.4318,377.1072,386.039,PENDING_AG03,FALSE,NOT_FOR_ENFORCEMENT,464.1320,20103.3883,483.4708,464.1320,19.3388,0.02082194,0.01998906,19.3388,464.1320,0.01998906,19.3388,19.3388,19.3388,24.1735,24.1735,464.1320,0.01998906,106.3636,97.4318,377.1072,386.039,0.01624111,0.01662578,0.00083288,6.3719,5.7467,0.1327,24.1735,1.3696,1160.9649,182.2000,6.3719,,2.5818,5.1636,10.2741,10.3271,12.9089,15.4907,5.1636,0.0,2.5,3.0,1.234019,18,135,72,2,1.00000000,0.02082194,0.02082194,0E-8,0.000000,0.901880,0.010977,,2026-07-08,2026-08-06,20,353,182,30,0.666667,,1.000000,3.333333,,,,,,,,GLOBAL_BASELINE_NO_ENTITY_RANKING,,,NOT_APPLICABLE_GLOBAL_BASELINE,HF9g-P5,,,,X 全窗基线 · 不参与实体赏罚,8398969,840,A168_HF9F_20260827_0900,2026-08-27 09:00:00
2026-08-02,141205185,2093,0,154.1109084840,24.4008938433,24.4008938433,0.5454545,13,13,0.49840134615384615,0.498401346154,0.31211720988877856,0.31211720988775776,0.31211720988877856,-1.5385E-13,ELIGIBLE,R03b_20260811_FULL_v1,L1_ELIGIBILITY,v2026-08-11,2026-03-21..2026-08-06,baccarat_bet02_101_all_pairs_incl_sentinel,round_win = game_pnl > 0 (decisive only),COMPATIBILITY_ONLY_NOT_PRODUCTION,23219.2981,20941.0295,483.4708,3644,3644,-0.02082194,-0.02082194,,-0.02082194,-483.4708,23219.2981,OK,0.0000,19.3388,4.0000,96.0000,AG03-UNRESOLVED,ALL5_LEVELS_bet23_to_bet27,19.3388,19.3388,19.3388,24.1735,24.1735,4.000000,4.000000,4.000000,5.000000,5.000000,96.000000,96.000000,96.000000,95.000000,95.000000,5.0,106.3636,97.4318,377.1072,386.039,PENDING_AG03,FALSE,NOT_FOR_ENFORCEMENT,464.1320,20103.3883,483.4708,464.1320,19.3388,0.02082194,0.01998906,19.3388,464.1320,0.01998906,19.3388,19.3388,19.3388,24.1735,24.1735,464.1320,0.01998906,106.3636,97.4318,377.1072,386.039,0.01624111,0.01662578,0.00083288,6.3719,5.7467,0.1327,24.1735,1.3696,1160.9649,182.2000,6.3719,,2.5818,5.1636,10.2741,10.3271,12.9089,15.4907,5.1636,0.0,2.5,3.0,1.234019,18,135,72,2,1.00000000,0.02082194,0.02082194,0E-8,0.000000,0.901880,0.010977,,2026-07-08,2026-08-06,20,353,182,30,0.666667,,1.000000,3.333333,,,,,,,,GLOBAL_BASELINE_NO_ENTITY_RANKING,,,NOT_APPLICABLE_GLOBAL_BASELINE,HF9g-P5,,,,X 全窗基线 · 不参与实体赏罚,8398970,840,A168_HF9F_20260827_0900,2026-08-27 09:00:00
2026-08-02,141205185,2101,0,15.4110908484,-5.2654560399,-5.2654560399,0.3333333,6,6,0.49771390000000000,0.497713900000,-0.8053054414300617,-0.8053054414300617,-0.8053054414300617,0E-17,ELIGIBLE,R03b_20260811_FULL_v1,L1_ELIGIBILITY,v2026-08-11,2026-03-21..2026-08-06,baccarat_bet02_101_all_pairs_incl_sentinel,round_win = game_pnl > 0 (decisive only),COMPATIBILITY_ONLY_NOT_PRODUCTION,23219.2981,20941.0295,483.4708,3644,3644,-0.02082194,-0.02082194,,-0.02082194,-483.4708,23219.2981,OK,0.0000,19.3388,4.0000,96.0000,AG03-UNRESOLVED,ALL5_LEVELS_bet23_to_bet27,19.3388,19.3388,19.3388,24.1735,24.1735,4.000000,4.000000,4.000000,5.000000,5.000000,96.000000,96.000000,96.000000,95.000000,95.000000,5.0,106.3636,97.4318,377.1072,386.039,PENDING_AG03,FALSE,NOT_FOR_ENFORCEMENT,464.1320,20103.3883,483.4708,464.1320,19.3388,0.02082194,0.01998906,19.3388,464.1320,0.01998906,19.3388,19.3388,19.3388,24.1735,24.1735,464.1320,0.01998906,106.3636,97.4318,377.1072,386.039,0.01624111,0.01662578,0.00083288,6.3719,5.7467,0.1327,24.1735,1.3696,1160.9649,182.2000,6.3719,,2.5818,5.1636,10.2741,10.3271,12.9089,15.4907,5.1636,0.0,2.5,3.0,1.234019,18,135,72,2,1.00000000,0.02082194,0.02082194,0E-8,0.000000,0.901880,0.010977,,2026-07-08,2026-08-06,20,353,182,30,0.666667,,1.000000,3.333333,,,,,,,,GLOBAL_BASELINE_NO_ENTITY_RANKING,,,NOT_APPLICABLE_GLOBAL_BASELINE,HF9g-P5,,,,X 全窗基线 · 不参与实体赏罚,8398971,840,A168_HF9F_20260827_0900,2026-08-27 09:00:00
2026-08-02,141205185,2106,0,10.2740605656,-10.2740605656,-10.2740605656,0E-7,1,1,0.49324550000000000,0.493245500000,-0.9865810262130424,-0.9865810262130424,-0.9865810262130424,0E-17,ELIGIBLE,R03b_20260811_FULL_v1,L1_ELIGIBILITY,v2026-08-11,2026-03-21..2026-08-06,baccarat_bet02_101_all_pairs_incl_sentinel,round_win = game_pnl > 0 (decisive only),COMPATIBILITY_ONLY_NOT_PRODUCTION,23219.2981,20941.0295,483.4708,3644,3644,-0.02082194,-0.02082194,,-0.02082194,-483.4708,23219.2981,OK,0.0000,19.3388,4.0000,96.0000,AG03-UNRESOLVED,ALL5_LEVELS_bet23_to_bet27,19.3388,19.3388,19.3388,24.1735,24.1735,4.000000,4.000000,4.000000,5.000000,5.000000,96.000000,96.000000,96.000000,95.000000,95.000000,5.0,106.3636,97.4318,377.1072,386.039,PENDING_AG03,FALSE,NOT_FOR_ENFORCEMENT,464.1320,20103.3883,483.4708,464.1320,19.3388,0.02082194,0.01998906,19.3388,464.1320,0.01998906,19.3388,19.3388,19.3388,24.1735,24.1735,464.1320,0.01998906,106.3636,97.4318,377.1072,386.039,0.01624111,0.01662578,0.00083288,6.3719,5.7467,0.1327,24.1735,1.3696,1160.9649,182.2000,6.3719,,2.5818,5.1636,10.2741,10.3271,12.9089,15.4907,5.1636,0.0,2.5,3.0,1.234019,18,135,72,2,1.00000000,0.02082194,0.02082194,0E-8,0.000000,0.901880,0.010977,,2026-07-08,2026-08-06,20,353,182,30,0.666667,,1.000000,3.333333,,,,,,,,GLOBAL_BASELINE_NO_ENTITY_RANKING,,,NOT_APPLICABLE_GLOBAL_BASELINE,HF9g-P5,,,,X 全窗基线 · 不参与实体赏罚,8398972,840,A168_HF9F_20260827_0900,2026-08-27 09:00:00
2026-08-02,141205185,2108,0,46.2332725452,-20.5481211312,-20.5481211312,0.2500000,9,9,0.50069283333333333,0.500692833333,-1.4181341810195505,-1.4181341810176638,-1.4181341810195505,3.3333E-13,ELIGIBLE,R03b_20260811_FULL_v1,L1_ELIGIBILITY,v2026-08-11,2026-03-21..2026-08-06,baccarat_bet02_101_all_pairs_incl_sentinel,round_win = game_pnl > 0 (decisive only),COMPATIBILITY_ONLY_NOT_PRODUCTION,23219.2981,20941.0295,483.4708,3644,3644,-0.02082194,-0.02082194,,-0.02082194,-483.4708,23219.2981,OK,0.0000,19.3388,4.0000,96.0000,AG03-UNRESOLVED,ALL5_LEVELS_bet23_to_bet27,19.3388,19.3388,19.3388,24.1735,24.1735,4.000000,4.000000,4.000000,5.000000,5.000000,96.000000,96.000000,96.000000,95.000000,95.000000,5.0,106.3636,97.4318,377.1072,386.039,PENDING_AG03,FALSE,NOT_FOR_ENFORCEMENT,464.1320,20103.3883,483.4708,464.1320,19.3388,0.02082194,0.01998906,19.3388,464.1320,0.01998906,19.3388,19.3388,19.3388,24.1735,24.1735,464.1320,0.01998906,106.3636,97.4318,377.1072,386.039,0.01624111,0.01662578,0.00083288,6.3719,5.7467,0.1327,24.1735,1.3696,1160.9649,182.2000,6.3719,,2.5818,5.1636,10.2741,10.3271,12.9089,15.4907,5.1636,0.0,2.5,3.0,1.234019,18,135,72,2,1.00000000,0.02082194,0.02082194,0E-8,0.000000,0.901880,0.010977,,2026-07-08,2026-08-06,20,353,182,30,0.666667,,1.000000,3.333333,,,,,,,,GLOBAL_BASELINE_NO_ENTITY_RANKING,,,NOT_APPLICABLE_GLOBAL_BASELINE,HF9g-P5,,,,X 全窗基线 · 不参与实体赏罚,8398973,840,A168_HF9F_20260827_0900,2026-08-27 09:00:00
2026-08-02,141205185,2121,0,5.1370302828,0E-10,0E-10,,1,1,0.49324550000000000,0.493245500000,,,,0E-17,NO_DECISIVE_ROUND,R03b_20260811_FULL_v1,L1_ELIGIBILITY,v2026-08-11,2026-03-21..2026-08-06,baccarat_bet02_101_all_pairs_incl_sentinel,round_win = game_pnl > 0 (decisive only),COMPATIBILITY_ONLY_NOT_PRODUCTION,23219.2981,20941.0295,483.4708,3644,3644,-0.02082194,-0.02082194,,-0.02082194,-483.4708,23219.2981,OK,0.0000,19.3388,4.0000,96.0000,AG03-UNRESOLVED,ALL5_LEVELS_bet23_to_bet27,19.3388,19.3388,19.3388,24.1735,24.1735,4.000000,4.000000,4.000000,5.000000,5.000000,96.000000,96.000000,96.000000,95.000000,95.000000,5.0,106.3636,97.4318,377.1072,386.039,PENDING_AG03,FALSE,NOT_FOR_ENFORCEMENT,464.1320,20103.3883,483.4708,464.1320,19.3388,0.02082194,0.01998906,19.3388,464.1320,0.01998906,19.3388,19.3388,19.3388,24.1735,24.1735,464.1320,0.01998906,106.3636,97.4318,377.1072,386.039,0.01624111,0.01662578,0.00083288,6.3719,5.7467,0.1327,24.1735,1.3696,1160.9649,182.2000,6.3719,,2.5818,5.1636,10.2741,10.3271,12.9089,15.4907,5.1636,0.0,2.5,3.0,1.234019,18,135,72,2,1.00000000,0.02082194,0.02082194,0E-8,0.000000,0.901880,0.010977,,2026-07-08,2026-08-06,20,353,182,30,0.666667,,1.000000,3.333333,,,,,,,,GLOBAL_BASELINE_NO_ENTITY_RANKING,,,NOT_APPLICABLE_GLOBAL_BASELINE,HF9g-P5,,,,X 全窗基线 · 不参与实体赏罚,8398974,840,A168_HF9F_20260827_0900,2026-08-27 09:00:00
2026-08-02,141205185,2130,0,53.9388179694,-18.6217347751,-18.6217347751,0.3750000,8,8,0.50162375000000000,0.501623750000,-0.7162958754040458,-0.7162958754040458,-0.7162958754040458,0E-17,ELIGIBLE,R03b_20260811_FULL_v1,L1_ELIGIBILITY,v2026-08-11,2026-03-21..2026-08-06,baccarat_bet02_101_all_pairs_incl_sentinel,round_win = game_pnl > 0 (decisive only),COMPATIBILITY_ONLY_NOT_PRODUCTION,23219.2981,20941.0295,483.4708,3644,3644,-0.02082194,-0.02082194,,-0.02082194,-483.4708,23219.2981,OK,0.0000,19.3388,4.0000,96.0000,AG03-UNRESOLVED,ALL5_LEVELS_bet23_to_bet27,19.3388,19.3388,19.3388,24.1735,24.1735,4.000000,4.000000,4.000000,5.000000,5.000000,96.000000,96.000000,96.000000,95.000000,95.000000,5.0,106.3636,97.4318,377.1072,386.039,PENDING_AG03,FALSE,NOT_FOR_ENFORCEMENT,464.1320,20103.3883,483.4708,464.1320,19.3388,0.02082194,0.01998906,19.3388,464.1320,0.01998906,19.3388,19.3388,19.3388,24.1735,24.1735,464.1320,0.01998906,106.3636,97.4318,377.1072,386.039,0.01624111,0.01662578,0.00083288,6.3719,5.7467,0.1327,24.1735,1.3696,1160.9649,182.2000,6.3719,,2.5818,5.1636,10.2741,10.3271,12.9089,15.4907,5.1636,0.0,2.5,3.0,1.234019,18,135,72,2,1.00000000,0.02082194,0.02082194,0E-8,0.000000,0.901880,0.010977,,2026-07-08,2026-08-06,20,353,182,30,0.666667,,1.000000,3.333333,,,,,,,,GLOBAL_BASELINE_NO_ENTITY_RANKING,,,NOT_APPLICABLE_GLOBAL_BASELINE,HF9g-P5,,,,X 全窗基线 · 不参与实体赏罚,8398975,840,A168_HF9F_20260827_0900,2026-08-27 09:00:00
2026-08-02,141205185,2141,0,25.6851514140,-5.1370302828,-5.1370302828,0.3333333,3,3,0.49771390000000000,0.497713900000,-0.5694369385616226,-0.5694369385616226,-0.5694369385616226,0E-17,ELIGIBLE,R03b_20260811_FULL_v1,L1_ELIGIBILITY,v2026-08-11,2026-03-21..2026-08-06,baccarat_bet02_101_all_pairs_incl_sentinel,round_win = game_pnl > 0 (decisive only),COMPATIBILITY_ONLY_NOT_PRODUCTION,23219.2981,20941.0295,483.4708,3644,3644,-0.02082194,-0.02082194,,-0.02082194,-483.4708,23219.2981,OK,0.0000,19.3388,4.0000,96.0000,AG03-UNRESOLVED,ALL5_LEVELS_bet23_to_bet27,19.3388,19.3388,19.3388,24.1735,24.1735,4.000000,4.000000,4.000000,5.000000,5.000000,96.000000,96.000000,96.000000,95.000000,95.000000,5.0,106.3636,97.4318,377.1072,386.039,PENDING_AG03,FALSE,NOT_FOR_ENFORCEMENT,464.1320,20103.3883,483.4708,464.1320,19.3388,0.02082194,0.01998906,19.3388,464.1320,0.01998906,19.3388,19.3388,19.3388,24.1735,24.1735,464.1320,0.01998906,106.3636,97.4318,377.1072,386.039,0.01624111,0.01662578,0.00083288,6.3719,5.7467,0.1327,24.1735,1.3696,1160.9649,182.2000,6.3719,,2.5818,5.1636,10.2741,10.3271,12.9089,15.4907,5.1636,0.0,2.5,3.0,1.234019,18,135,72,2,1.00000000,0.02082194,0.02082194,0E-8,0.000000,0.901880,0.010977,,2026-07-08,2026-08-06,20,353,182,30,0.666667,,1.000000,3.333333,,,,,,,,GLOBAL_BASELINE_NO_ENTITY_RANKING,,,NOT_APPLICABLE_GLOBAL_BASELINE,HF9g-P5,,,,X 全窗基线 · 不参与实体赏罚,8398976,840,A168_HF9F_20260827_0900,2026-08-27 09:00:00
2026-08-02,141205185,2152,0,51.3703028280,1.5411090847,1.5411090847,0.5454545,13,13,0.50252602307692308,0.502526023077,0.2847592370643426,0.28475923706383255,0.2847592370643426,-7.692E-14,ELIGIBLE,R03b_20260811_FULL_v1,L1_ELIGIBILITY,v2026-08-11,2026-03-21..2026-08-06,baccarat_bet02_101_all_pairs_incl_sentinel,round_win = game_pnl > 0 (decisive only),COMPATIBILITY_ONLY_NOT_PRODUCTION,23219.2981,20941.0295,483.4708,3644,3644,-0.02082194,-0.02082194,,-0.02082194,-483.4708,23219.2981,OK,0.0000,19.3388,4.0000,96.0000,AG03-UNRESOLVED,ALL5_LEVELS_bet23_to_bet27,19.3388,19.3388,19.3388,24.1735,24.1735,4.000000,4.000000,4.000000,5.000000,5.000000,96.000000,96.000000,96.000000,95.000000,95.000000,5.0,106.3636,97.4318,377.1072,386.039,PENDING_AG03,FALSE,NOT_FOR_ENFORCEMENT,464.1320,20103.3883,483.4708,464.1320,19.3388,0.02082194,0.01998906,19.3388,464.1320,0.01998906,19.3388,19.3388,19.3388,24.1735,24.1735,464.1320,0.01998906,106.3636,97.4318,377.1072,386.039,0.01624111,0.01662578,0.00083288,6.3719,5.7467,0.1327,24.1735,1.3696,1160.9649,182.2000,6.3719,,2.5818,5.1636,10.2741,10.3271,12.9089,15.4907,5.1636,0.0,2.5,3.0,1.234019,18,135,72,2,1.00000000,0.02082194,0.02082194,0E-8,0.000000,0.901880,0.010977,,2026-07-08,2026-08-06,20,353,182,30,0.666667,,1.000000,3.333333,,,,,,,,GLOBAL_BASELINE_NO_ENTITY_RANKING,,,NOT_APPLICABLE_GLOBAL_BASELINE,HF9g-P5,,,,X 全窗基线 · 不参与实体赏罚,8398977,840,A168_HF9F_20260827_0900,2026-08-27 09:00:00
2026-08-02,141205185,2160,0,10.2740605656,5.0086045257,5.0086045257,0.7500000,4,4,0.49994810000000000,0.499948100000,1.0002076053883384,1.0002076053883384,1.0002076053883384,0E-17,ELIGIBLE,R03b_20260811_FULL_v1,L1_ELIGIBILITY,v2026-08-11,2026-03-21..2026-08-06,baccarat_bet02_101_all_pairs_incl_sentinel,round_win = game_pnl > 0 (decisive only),COMPATIBILITY_ONLY_NOT_PRODUCTION,23219.2981,20941.0295,483.4708,3644,3644,-0.02082194,-0.02082194,,-0.02082194,-483.4708,23219.2981,OK,0.0000,19.3388,4.0000,96.0000,AG03-UNRESOLVED,ALL5_LEVELS_bet23_to_bet27,19.3388,19.3388,19.3388,24.1735,24.1735,4.000000,4.000000,4.000000,5.000000,5.000000,96.000000,96.000000,96.000000,95.000000,95.000000,5.0,106.3636,97.4318,377.1072,386.039,PENDING_AG03,FALSE,NOT_FOR_ENFORCEMENT,464.1320,20103.3883,483.4708,464.1320,19.3388,0.02082194,0.01998906,19.3388,464.1320,0.01998906,19.3388,19.3388,19.3388,24.1735,24.1735,464.1320,0.01998906,106.3636,97.4318,377.1072,386.039,0.01624111,0.01662578,0.00083288,6.3719,5.7467,0.1327,24.1735,1.3696,1160.9649,182.2000,6.3719,,2.5818,5.1636,10.2741,10.3271,12.9089,15.4907,5.1636,0.0,2.5,3.0,1.234019,18,135,72,2,1.00000000,0.02082194,0.02082194,0E-8,0.000000,0.901880,0.010977,,2026-07-08,2026-08-06,20,353,182,30,0.666667,,1.000000,3.333333,,,,,,,,GLOBAL_BASELINE_NO_ENTITY_RANKING,,,NOT_APPLICABLE_GLOBAL_BASELINE,HF9g-P5,,,,X 全窗基线 · 不参与实体赏罚,8398978,840,A168_HF9F_20260827_0900,2026-08-27 09:00:00
2026-08-02,141205185,2169,0,38.5277271210,-13.2278529783,-13.2278529783,0.3076923,15,15,0.50128862000000000,0.501288620000,-1.3960474979295734,-1.3960474979295734,-1.3960474979295734,0E-17,ELIGIBLE,R03b_20260811_FULL_v1,L1_ELIGIBILITY,v2026-08-11,2026-03-21..2026-08-06,baccarat_bet02_101_all_pairs_incl_sentinel,round_win = game_pnl > 0 (decisive only),COMPATIBILITY_ONLY_NOT_PRODUCTION,23219.2981,20941.0295,483.4708,3644,3644,-0.02082194,-0.02082194,,-0.02082194,-483.4708,23219.2981,OK,0.0000,19.3388,4.0000,96.0000,AG03-UNRESOLVED,ALL5_LEVELS_bet23_to_bet27,19.3388,19.3388,19.3388,24.1735,24.1735,4.000000,4.000000,4.000000,5.000000,5.000000,96.000000,96.000000,96.000000,95.000000,95.000000,5.0,106.3636,97.4318,377.1072,386.039,PENDING_AG03,FALSE,NOT_FOR_ENFORCEMENT,464.1320,20103.3883,483.4708,464.1320,19.3388,0.02082194,0.01998906,19.3388,464.1320,0.01998906,19.3388,19.3388,19.3388,24.1735,24.1735,464.1320,0.01998906,106.3636,97.4318,377.1072,386.039,0.01624111,0.01662578,0.00083288,6.3719,5.7467,0.1327,24.1735,1.3696,1160.9649,182.2000,6.3719,,2.5818,5.1636,10.2741,10.3271,12.9089,15.4907,5.1636,0.0,2.5,3.0,1.234019,18,135,72,2,1.00000000,0.02082194,0.02082194,0E-8,0.000000,0.901880,0.010977,,2026-07-08,2026-08-06,20,353,182,30,0.666667,,1.000000,3.333333,,,,,,,,GLOBAL_BASELINE_NO_ENTITY_RANKING,,,NOT_APPLICABLE_GLOBAL_BASELINE,HF9g-P5,,,,X 全窗基线 · 不参与实体赏罚,8398979,840,A168_HF9F_20260827_0900,2026-08-27 09:00:00
2026-08-02,141205185,2196,0,7.7055454242,-5.1370302828,-5.1370302828,0E-7,3,3,0.49771390000000000,0.497713900000,-1.4077622098436522,-1.4077622098436524,-1.4077622098436522,0E-17,ELIGIBLE,R03b_20260811_FULL_v1,L1_ELIGIBILITY,v2026-08-11,2026-03-21..2026-08-06,baccarat_bet02_101_all_pairs_incl_sentinel,round_win = game_pnl > 0 (decisive only),COMPATIBILITY_ONLY_NOT_PRODUCTION,23219.2981,20941.0295,483.4708,3644,3644,-0.02082194,-0.02082194,,-0.02082194,-483.4708,23219.2981,OK,0.0000,19.3388,4.0000,96.0000,AG03-UNRESOLVED,ALL5_LEVELS_bet23_to_bet27,19.3388,19.3388,19.3388,24.1735,24.1735,4.000000,4.000000,4.000000,5.000000,5.000000,96.000000,96.000000,96.000000,95.000000,95.000000,5.0,106.3636,97.4318,377.1072,386.039,PENDING_AG03,FALSE,NOT_FOR_ENFORCEMENT,464.1320,20103.3883,483.4708,464.1320,19.3388,0.02082194,0.01998906,19.3388,464.1320,0.01998906,19.3388,19.3388,19.3388,24.1735,24.1735,464.1320,0.01998906,106.3636,97.4318,377.1072,386.039,0.01624111,0.01662578,0.00083288,6.3719,5.7467,0.1327,24.1735,1.3696,1160.9649,182.2000,6.3719,,2.5818,5.1636,10.2741,10.3271,12.9089,15.4907,5.1636,0.0,2.5,3.0,1.234019,18,135,72,2,1.00000000,0.02082194,0.02082194,0E-8,0.000000,0.901880,0.010977,,2026-07-08,2026-08-06,20,353,182,30,0.666667,,1.000000,3.333333,,,,,,,,GLOBAL_BASELINE_NO_ENTITY_RANKING,,,NOT_APPLICABLE_GLOBAL_BASELINE,HF9g-P5,,,,X 全窗基线 · 不参与实体赏罚,8398980,840,A168_HF9F_20260827_0900,2026-08-27 09:00:00
2026-08-02,141205185,2216,0,107.8776359388,-16.6953484191,-16.6953484191,0.5384615,13,13,0.50252602307692308,0.502526023077,0.25913799369159063,0.2591379936910361,0.25913799369159063,-7.692E-14,ELIGIBLE,R03b_20260811_FULL_v1,L1_ELIGIBILITY,v2026-08-11,2026-03-21..2026-08-06,baccarat_bet02_101_all_pairs_incl_sentinel,round_win = game_pnl > 0 (decisive only),COMPATIBILITY_ONLY_NOT_PRODUCTION,23219.2981,20941.0295,483.4708,3644,3644,-0.02082194,-0.02082194,,-0.02082194,-483.4708,23219.2981,OK,0.0000,19.3388,4.0000,96.0000,AG03-UNRESOLVED,ALL5_LEVELS_bet23_to_bet27,19.3388,19.3388,19.3388,24.1735,24.1735,4.000000,4.000000,4.000000,5.000000,5.000000,96.000000,96.000000,96.000000,95.000000,95.000000,5.0,106.3636,97.4318,377.1072,386.039,PENDING_AG03,FALSE,NOT_FOR_ENFORCEMENT,464.1320,20103.3883,483.4708,464.1320,19.3388,0.02082194,0.01998906,19.3388,464.1320,0.01998906,19.3388,19.3388,19.3388,24.1735,24.1735,464.1320,0.01998906,106.3636,97.4318,377.1072,386.039,0.01624111,0.01662578,0.00083288,6.3719,5.7467,0.1327,24.1735,1.3696,1160.9649,182.2000,6.3719,,2.5818,5.1636,10.2741,10.3271,12.9089,15.4907,5.1636,0.0,2.5,3.0,1.234019,18,135,72,2,1.00000000,0.02082194,0.02082194,0E-8,0.000000,0.901880,0.010977,,2026-07-08,2026-08-06,20,353,182,30,0.666667,,1.000000,3.333333,,,,,,,,GLOBAL_BASELINE_NO_ENTITY_RANKING,,,NOT_APPLICABLE_GLOBAL_BASELINE,HF9g-P5,,,,X 全窗基线 · 不参与实体赏罚,8398981,840,A168_HF9F_20260827_0900,2026-08-27 09:00:00
2026-08-02,141205185,2254,0,74.4869391006,6.6781393677,6.6781393677,0.5555556,10,10,0.49994810000000000,0.499948100000,0.33364473513075094,0.33364473513075094,0.33364473513075094,0E-17,ELIGIBLE,R03b_20260811_FULL_v1,L1_ELIGIBILITY,v2026-08-11,2026-03-21..2026-08-06,baccarat_bet02_101_all_pairs_incl_sentinel,round_win = game_pnl > 0 (decisive only),COMPATIBILITY_ONLY_NOT_PRODUCTION,23219.2981,20941.0295,483.4708,3644,3644,-0.02082194,-0.02082194,,-0.02082194,-483.4708,23219.2981,OK,0.0000,19.3388,4.0000,96.0000,AG03-UNRESOLVED,ALL5_LEVELS_bet23_to_bet27,19.3388,19.3388,19.3388,24.1735,24.1735,4.000000,4.000000,4.000000,5.000000,5.000000,96.000000,96.000000,96.000000,95.000000,95.000000,5.0,106.3636,97.4318,377.1072,386.039,PENDING_AG03,FALSE,NOT_FOR_ENFORCEMENT,464.1320,20103.3883,483.4708,464.1320,19.3388,0.02082194,0.01998906,19.3388,464.1320,0.01998906,19.3388,19.3388,19.3388,24.1735,24.1735,464.1320,0.01998906,106.3636,97.4318,377.1072,386.039,0.01624111,0.01662578,0.00083288,6.3719,5.7467,0.1327,24.1735,1.3696,1160.9649,182.2000,6.3719,,2.5818,5.1636,10.2741,10.3271,12.9089,15.4907,5.1636,0.0,2.5,3.0,1.234019,18,135,72,2,1.00000000,0.02082194,0.02082194,0E-8,0.000000,0.901880,0.010977,,2026-07-08,2026-08-06,20,353,182,30,0.666667,,1.000000,3.333333,,,,,,,,GLOBAL_BASELINE_NO_ENTITY_RANKING,,,NOT_APPLICABLE_GLOBAL_BASELINE,HF9g-P5,,,,X 全窗基线 · 不参与实体赏罚,8398982,840,A168_HF9F_20260827_0900,2026-08-27 09:00:00
2026-08-02,141205185,526,0,12.8425757070,-2.5685151414,-2.5685151414,0.3333333,4,4,0.49994810000000000,0.499948100000,-0.5771704854251445,-0.5771704854251445,-0.5771704854251445,0E-17,ELIGIBLE,R03b_20260811_FULL_v1,L1_ELIGIBILITY,v2026-08-11,2026-03-21..2026-08-06,baccarat_bet02_101_all_pairs_incl_sentinel,round_win = game_pnl > 0 (decisive only),COMPATIBILITY_ONLY_NOT_PRODUCTION,23219.2981,20941.0295,483.4708,3644,3644,-0.02082194,-0.02082194,,-0.02082194,-483.4708,23219.2981,OK,0.0000,19.3388,4.0000,96.0000,AG03-UNRESOLVED,ALL5_LEVELS_bet23_to_bet27,19.3388,19.3388,19.3388,24.1735,24.1735,4.000000,4.000000,4.000000,5.000000,5.000000,96.000000,96.000000,96.000000,95.000000,95.000000,5.0,106.3636,97.4318,377.1072,386.039,PENDING_AG03,FALSE,NOT_FOR_ENFORCEMENT,464.1320,20103.3883,483.4708,464.1320,19.3388,0.02082194,0.01998906,19.3388,464.1320,0.01998906,19.3388,19.3388,19.3388,24.1735,24.1735,464.1320,0.01998906,106.3636,97.4318,377.1072,386.039,0.01624111,0.01662578,0.00083288,6.3719,5.7467,0.1327,24.1735,1.3696,1160.9649,182.2000,6.3719,,2.5818,5.1636,10.2741,10.3271,12.9089,15.4907,5.1636,0.0,2.5,3.0,1.234019,18,135,72,2,1.00000000,0.02082194,0.02082194,0E-8,0.000000,0.901880,0.010977,,2026-07-08,2026-08-06,20,353,182,30,0.666667,,1.000000,3.333333,,,,,,,,GLOBAL_BASELINE_NO_ENTITY_RANKING,,,NOT_APPLICABLE_GLOBAL_BASELINE,HF9g-P5,,,,X 全窗基线 · 不参与实体赏罚,8398983,840,A168_HF9F_20260827_0900,2026-08-27 09:00:00
2026-08-02,141205185,529,0,12.8425757070,-5.1370302828,-5.1370302828,0E-7,2,2,0.50665070000000000,0.506650700000,-1.013391052207602,-1.013391052207602,-1.013391052207602,0E-17,ELIGIBLE,R03b_20260811_FULL_v1,L1_ELIGIBILITY,v2026-08-11,2026-03-21..2026-08-06,baccarat_bet02_101_all_pairs_incl_sentinel,round_win = game_pnl > 0 (decisive only),COMPATIBILITY_ONLY_NOT_PRODUCTION,23219.2981,20941.0295,483.4708,3644,3644,-0.02082194,-0.02082194,,-0.02082194,-483.4708,23219.2981,OK,0.0000,19.3388,4.0000,96.0000,AG03-UNRESOLVED,ALL5_LEVELS_bet23_to_bet27,19.3388,19.3388,19.3388,24.1735,24.1735,4.000000,4.000000,4.000000,5.000000,5.000000,96.000000,96.000000,96.000000,95.000000,95.000000,5.0,106.3636,97.4318,377.1072,386.039,PENDING_AG03,FALSE,NOT_FOR_ENFORCEMENT,464.1320,20103.3883,483.4708,464.1320,19.3388,0.02082194,0.01998906,19.3388,464.1320,0.01998906,19.3388,19.3388,19.3388,24.1735,24.1735,464.1320,0.01998906,106.3636,97.4318,377.1072,386.039,0.01624111,0.01662578,0.00083288,6.3719,5.7467,0.1327,24.1735,1.3696,1160.9649,182.2000,6.3719,,2.5818,5.1636,10.2741,10.3271,12.9089,15.4907,5.1636,0.0,2.5,3.0,1.234019,18,135,72,2,1.00000000,0.02082194,0.02082194,0E-8,0.000000,0.901880,0.010977,,2026-07-08,2026-08-06,20,353,182,30,0.666667,,1.000000,3.333333,,,,,,,,GLOBAL_BASELINE_NO_ENTITY_RANKING,,,NOT_APPLICABLE_GLOBAL_BASELINE,HF9g-P5,,,,X 全窗基线 · 不参与实体赏罚,8398984,840,A168_HF9F_20260827_0900,2026-08-27 09:00:00
2026-08-02,141205185,763,0,71.9184239592,-21.3186756736,-21.3186756736,0.4285714,7,7,0.50282064285714286,0.502820642857,-0.39289616391791987,-0.3928961639171632,-0.39289616391791987,1.4286E-13,ELIGIBLE,R03b_20260811_FULL_v1,L1_ELIGIBILITY,v2026-08-11,2026-03-21..2026-08-06,baccarat_bet02_101_all_pairs_incl_sentinel,round_win = game_pnl > 0 (decisive only),COMPATIBILITY_ONLY_NOT_PRODUCTION,23219.2981,20941.0295,483.4708,3644,3644,-0.02082194,-0.02082194,,-0.02082194,-483.4708,23219.2981,OK,0.0000,19.3388,4.0000,96.0000,AG03-UNRESOLVED,ALL5_LEVELS_bet23_to_bet27,19.3388,19.3388,19.3388,24.1735,24.1735,4.000000,4.000000,4.000000,5.000000,5.000000,96.000000,96.000000,96.000000,95.000000,95.000000,5.0,106.3636,97.4318,377.1072,386.039,PENDING_AG03,FALSE,NOT_FOR_ENFORCEMENT,464.1320,20103.3883,483.4708,464.1320,19.3388,0.02082194,0.01998906,19.3388,464.1320,0.01998906,19.3388,19.3388,19.3388,24.1735,24.1735,464.1320,0.01998906,106.3636,97.4318,377.1072,386.039,0.01624111,0.01662578,0.00083288,6.3719,5.7467,0.1327,24.1735,1.3696,1160.9649,182.2000,6.3719,,2.5818,5.1636,10.2741,10.3271,12.9089,15.4907,5.1636,0.0,2.5,3.0,1.234019,18,135,72,2,1.00000000,0.02082194,0.02082194,0E-8,0.000000,0.901880,0.010977,,2026-07-08,2026-08-06,20,353,182,30,0.666667,,1.000000,3.333333,,,,,,,,GLOBAL_BASELINE_NO_ENTITY_RANKING,,,NOT_APPLICABLE_GLOBAL_BASELINE,HF9g-P5,,,,X 全窗基线 · 不参与实体赏罚,8398985,840,A168_HF9F_20260827_0900,2026-08-27 09:00:00
2026-08-02,141205185,789,0,10.2740605656,-0.1284257571,-0.1284257571,0.5000000,4,4,0.50665070000000000,0.506650700000,-0.018812684590367487,-0.018812684590367487,-0.018812684590367487,0E-17,ELIGIBLE,R03b_20260811_FULL_v1,L1_ELIGIBILITY,v2026-08-11,2026-03-21..2026-08-06,baccarat_bet02_101_all_pairs_incl_sentinel,round_win = game_pnl > 0 (decisive only),COMPATIBILITY_ONLY_NOT_PRODUCTION,23219.2981,20941.0295,483.4708,3644,3644,-0.02082194,-0.02082194,,-0.02082194,-483.4708,23219.2981,OK,0.0000,19.3388,4.0000,96.0000,AG03-UNRESOLVED,ALL5_LEVELS_bet23_to_bet27,19.3388,19.3388,19.3388,24.1735,24.1735,4.000000,4.000000,4.000000,5.000000,5.000000,96.000000,96.000000,96.000000,95.000000,95.000000,5.0,106.3636,97.4318,377.1072,386.039,PENDING_AG03,FALSE,NOT_FOR_ENFORCEMENT,464.1320,20103.3883,483.4708,464.1320,19.3388,0.02082194,0.01998906,19.3388,464.1320,0.01998906,19.3388,19.3388,19.3388,24.1735,24.1735,464.1320,0.01998906,106.3636,97.4318,377.1072,386.039,0.01624111,0.01662578,0.00083288,6.3719,5.7467,0.1327,24.1735,1.3696,1160.9649,182.2000,6.3719,,2.5818,5.1636,10.2741,10.3271,12.9089,15.4907,5.1636,0.0,2.5,3.0,1.234019,18,135,72,2,1.00000000,0.02082194,0.02082194,0E-8,0.000000,0.901880,0.010977,,2026-07-08,2026-08-06,20,353,182,30,0.666667,,1.000000,3.333333,,,,,,,,GLOBAL_BASELINE_NO_ENTITY_RANKING,,,NOT_APPLICABLE_GLOBAL_BASELINE,HF9g-P5,,,,X 全窗基线 · 不参与实体赏罚,8398986,840,A168_HF9F_20260827_0900,2026-08-27 09:00:00
2026-08-02,141205185,970,0,30.8221816968,22.3460817302,22.3460817302,1.0000000,3,3,0.50218230000000000,0.502182300000,1.4080544974538591,1.4080544974538591,1.4080544974538591,0E-17,ELIGIBLE,R03b_20260811_FULL_v1,L1_ELIGIBILITY,v2026-08-11,2026-03-21..2026-08-06,baccarat_bet02_101_all_pairs_incl_sentinel,round_win = game_pnl > 0 (decisive only),COMPATIBILITY_ONLY_NOT_PRODUCTION,23219.2981,20941.0295,483.4708,3644,3644,-0.02082194,-0.02082194,,-0.02082194,-483.4708,23219.2981,OK,0.0000,19.3388,4.0000,96.0000,AG03-UNRESOLVED,ALL5_LEVELS_bet23_to_bet27,19.3388,19.3388,19.3388,24.1735,24.1735,4.000000,4.000000,4.000000,5.000000,5.000000,96.000000,96.000000,96.000000,95.000000,95.000000,5.0,106.3636,97.4318,377.1072,386.039,PENDING_AG03,FALSE,NOT_FOR_ENFORCEMENT,464.1320,20103.3883,483.4708,464.1320,19.3388,0.02082194,0.01998906,19.3388,464.1320,0.01998906,19.3388,19.3388,19.3388,24.1735,24.1735,464.1320,0.01998906,106.3636,97.4318,377.1072,386.039,0.01624111,0.01662578,0.00083288,6.3719,5.7467,0.1327,24.1735,1.3696,1160.9649,182.2000,6.3719,,2.5818,5.1636,10.2741,10.3271,12.9089,15.4907,5.1636,0.0,2.5,3.0,1.234019,18,135,72,2,1.00000000,0.02082194,0.02082194,0E-8,0.000000,0.901880,0.010977,,2026-07-08,2026-08-06,20,353,182,30,0.666667,,1.000000,3.333333,,,,,,,,GLOBAL_BASELINE_NO_ENTITY_RANKING,,,NOT_APPLICABLE_GLOBAL_BASELINE,HF9g-P5,,,,X 全窗基线 · 不参与实体赏罚,8398987,840,A168_HF9F_20260827_0900,2026-08-27 09:00:00
2026-08-02,141205185,994,0,48.8017876866,-8.4760999665,-8.4760999665,0.5000000,8,8,0.49994810000000000,0.499948100000,0.00025425703667063243,0.00025425703667063243,0.00025425703667063243,0E-17,ELIGIBLE,R03b_20260811_FULL_v1,L1_ELIGIBILITY,v2026-08-11,2026-03-21..2026-08-06,baccarat_bet02_101_all_pairs_incl_sentinel,round_win = game_pnl > 0 (decisive only),COMPATIBILITY_ONLY_NOT_PRODUCTION,23219.2981,20941.0295,483.4708,3644,3644,-0.02082194,-0.02082194,,-0.02082194,-483.4708,23219.2981,OK,0.0000,19.3388,4.0000,96.0000,AG03-UNRESOLVED,ALL5_LEVELS_bet23_to_bet27,19.3388,19.3388,19.3388,24.1735,24.1735,4.000000,4.000000,4.000000,5.000000,5.000000,96.000000,96.000000,96.000000,95.000000,95.000000,5.0,106.3636,97.4318,377.1072,386.039,PENDING_AG03,FALSE,NOT_FOR_ENFORCEMENT,464.1320,20103.3883,483.4708,464.1320,19.3388,0.02082194,0.01998906,19.3388,464.1320,0.01998906,19.3388,19.3388,19.3388,24.1735,24.1735,464.1320,0.01998906,106.3636,97.4318,377.1072,386.039,0.01624111,0.01662578,0.00083288,6.3719,5.7467,0.1327,24.1735,1.3696,1160.9649,182.2000,6.3719,,2.5818,5.1636,10.2741,10.3271,12.9089,15.4907,5.1636,0.0,2.5,3.0,1.234019,18,135,72,2,1.00000000,0.02082194,0.02082194,0E-8,0.000000,0.901880,0.010977,,2026-07-08,2026-08-06,20,353,182,30,0.666667,,1.000000,3.333333,,,,,,,,GLOBAL_BASELINE_NO_ENTITY_RANKING,,,NOT_APPLICABLE_GLOBAL_BASELINE,HF9g-P5,,,,X 全窗基线 · 不参与实体赏罚,8398988,840,A168_HF9F_20260827_0900,2026-08-27 09:00:00
2026-08-03,141205185,1307,0,46.2332725452,25.6851514140,25.6851514140,0.8000000,5,5,0.49324550000000000,0.493245500000,1.3719730223118614,1.3719730223118614,1.3719730223118614,0E-17,ELIGIBLE,R03b_20260811_FULL_v1,L1_ELIGIBILITY,v2026-08-11,2026-03-21..2026-08-06,baccarat_bet02_101_all_pairs_incl_sentinel,round_win = game_pnl > 0 (decisive only),COMPATIBILITY_ONLY_NOT_PRODUCTION,23219.2981,20941.0295,483.4708,3644,3644,-0.02082194,-0.02082194,,-0.02082194,-483.4708,23219.2981,OK,0.0000,19.3388,4.0000,96.0000,AG03-UNRESOLVED,ALL5_LEVELS_bet23_to_bet27,19.3388,19.3388,19.3388,24.1735,24.1735,4.000000,4.000000,4.000000,5.000000,5.000000,96.000000,96.000000,96.000000,95.000000,95.000000,5.0,106.3636,97.4318,377.1072,386.039,PENDING_AG03,FALSE,NOT_FOR_ENFORCEMENT,464.1320,20103.3883,483.4708,464.1320,19.3388,0.02082194,0.01998906,19.3388,464.1320,0.01998906,19.3388,19.3388,19.3388,24.1735,24.1735,464.1320,0.01998906,106.3636,97.4318,377.1072,386.039,0.01624111,0.01662578,0.00083288,6.3719,5.7467,0.1327,24.1735,1.3696,1160.9649,182.2000,6.3719,,2.5818,5.1636,10.2741,10.3271,12.9089,15.4907,5.1636,0.0,2.5,3.0,1.234019,18,135,72,2,1.00000000,0.02082194,0.02082194,0E-8,0.000000,0.901880,0.010977,,2026-07-08,2026-08-06,20,353,182,30,0.666667,,1.000000,3.333333,,,,,,,,GLOBAL_BASELINE_NO_ENTITY_RANKING,,,NOT_APPLICABLE_GLOBAL_BASELINE,HF9g-P5,,,,X 全窗基线 · 不参与实体赏罚,8398989,840,A168_HF9F_20260827_0900,2026-08-27 09:00:00
2026-08-03,141205185,1331,0,17.9796059898,-7.9623969384,-7.9623969384,0.2857143,7,7,0.50090561428571429,0.500905614286,-1.138687347156492,-1.138687347158005,-1.138687347156492,-2.8571E-13,ELIGIBLE,R03b_20260811_FULL_v1,L1_ELIGIBILITY,v2026-08-11,2026-03-21..2026-08-06,baccarat_bet02_101_all_pairs_incl_sentinel,round_win = game_pnl > 0 (decisive only),COMPATIBILITY_ONLY_NOT_PRODUCTION,23219.2981,20941.0295,483.4708,3644,3644,-0.02082194,-0.02082194,,-0.02082194,-483.4708,23219.2981,OK,0.0000,19.3388,4.0000,96.0000,AG03-UNRESOLVED,ALL5_LEVELS_bet23_to_bet27,19.3388,19.3388,19.3388,24.1735,24.1735,4.000000,4.000000,4.000000,5.000000,5.000000,96.000000,96.000000,96.000000,95.000000,95.000000,5.0,106.3636,97.4318,377.1072,386.039,PENDING_AG03,FALSE,NOT_FOR_ENFORCEMENT,464.1320,20103.3883,483.4708,464.1320,19.3388,0.02082194,0.01998906,19.3388,464.1320,0.01998906,19.3388,19.3388,19.3388,24.1735,24.1735,464.1320,0.01998906,106.3636,97.4318,377.1072,386.039,0.01624111,0.01662578,0.00083288,6.3719,5.7467,0.1327,24.1735,1.3696,1160.9649,182.2000,6.3719,,2.5818,5.1636,10.2741,10.3271,12.9089,15.4907,5.1636,0.0,2.5,3.0,1.234019,18,135,72,2,1.00000000,0.02082194,0.02082194,0E-8,0.000000,0.901880,0.010977,,2026-07-08,2026-08-06,20,353,182,30,0.666667,,1.000000,3.333333,,,,,,,,GLOBAL_BASELINE_NO_ENTITY_RANKING,,,NOT_APPLICABLE_GLOBAL_BASELINE,HF9g-P5,,,,X 全窗基线 · 不参与实体赏罚,8398990,840,A168_HF9F_20260827_0900,2026-08-27 09:00:00
2026-08-03,141205185,1401,0,43.6647574038,1.6695348417,1.6695348417,0.5294118,17,17,0.50191945294117647,0.501919452941,0.22670908113109245,0.22670908113254737,0.22670908113109245,1.7647E-13,ELIGIBLE,R03b_20260811_FULL_v1,L1_ELIGIBILITY,v2026-08-11,2026-03-21..2026-08-06,baccarat_bet02_101_all_pairs_incl_sentinel,round_win = game_pnl > 0 (decisive only),COMPATIBILITY_ONLY_NOT_PRODUCTION,23219.2981,20941.0295,483.4708,3644,3644,-0.02082194,-0.02082194,,-0.02082194,-483.4708,23219.2981,OK,0.0000,19.3388,4.0000,96.0000,AG03-UNRESOLVED,ALL5_LEVELS_bet23_to_bet27,19.3388,19.3388,19.3388,24.1735,24.1735,4.000000,4.000000,4.000000,5.000000,5.000000,96.000000,96.000000,96.000000,95.000000,95.000000,5.0,106.3636,97.4318,377.1072,386.039,PENDING_AG03,FALSE,NOT_FOR_ENFORCEMENT,464.1320,20103.3883,483.4708,464.1320,19.3388,0.02082194,0.01998906,19.3388,464.1320,0.01998906,19.3388,19.3388,19.3388,24.1735,24.1735,464.1320,0.01998906,106.3636,97.4318,377.1072,386.039,0.01624111,0.01662578,0.00083288,6.3719,5.7467,0.1327,24.1735,1.3696,1160.9649,182.2000,6.3719,,2.5818,5.1636,10.2741,10.3271,12.9089,15.4907,5.1636,0.0,2.5,3.0,1.234019,18,135,72,2,1.00000000,0.02082194,0.02082194,0E-8,0.000000,0.901880,0.010977,,2026-07-08,2026-08-06,20,353,182,30,0.666667,,1.000000,3.333333,,,,,,,,GLOBAL_BASELINE_NO_ENTITY_RANKING,,,NOT_APPLICABLE_GLOBAL_BASELINE,HF9g-P5,,,,X 全窗基线 · 不参与实体赏罚,8398991,840,A168_HF9F_20260827_0900,2026-08-27 09:00:00
2026-08-03,141205185,1490,0,74.4869391006,-0.5137030283,-0.5137030283,0.3846154,16,16,0.49827245000000000,0.498272450000,-0.8195976462025595,-0.8195976462025595,-0.8195976462025595,0E-17,ELIGIBLE,R03b_20260811_FULL_v1,L1_ELIGIBILITY,v2026-08-11,2026-03-21..2026-08-06,baccarat_bet02_101_all_pairs_incl_sentinel,round_win = game_pnl > 0 (decisive only),COMPATIBILITY_ONLY_NOT_PRODUCTION,23219.2981,20941.0295,483.4708,3644,3644,-0.02082194,-0.02082194,,-0.02082194,-483.4708,23219.2981,OK,0.0000,19.3388,4.0000,96.0000,AG03-UNRESOLVED,ALL5_LEVELS_bet23_to_bet27,19.3388,19.3388,19.3388,24.1735,24.1735,4.000000,4.000000,4.000000,5.000000,5.000000,96.000000,96.000000,96.000000,95.000000,95.000000,5.0,106.3636,97.4318,377.1072,386.039,PENDING_AG03,FALSE,NOT_FOR_ENFORCEMENT,464.1320,20103.3883,483.4708,464.1320,19.3388,0.02082194,0.01998906,19.3388,464.1320,0.01998906,19.3388,19.3388,19.3388,24.1735,24.1735,464.1320,0.01998906,106.3636,97.4318,377.1072,386.039,0.01624111,0.01662578,0.00083288,6.3719,5.7467,0.1327,24.1735,1.3696,1160.9649,182.2000,6.3719,,2.5818,5.1636,10.2741,10.3271,12.9089,15.4907,5.1636,0.0,2.5,3.0,1.234019,18,135,72,2,1.00000000,0.02082194,0.02082194,0E-8,0.000000,0.901880,0.010977,,2026-07-08,2026-08-06,20,353,182,30,0.666667,,1.000000,3.333333,,,,,,,,GLOBAL_BASELINE_NO_ENTITY_RANKING,,,NOT_APPLICABLE_GLOBAL_BASELINE,HF9g-P5,,,,X 全窗基线 · 不参与实体赏罚,8398992,840,A168_HF9F_20260827_0900,2026-08-27 09:00:00
2026-08-03,141205185,1654,0,133.5627873528,13.2278529780,13.2278529780,0.5000000,25,25,0.50075241200000000,0.500752412000,-0.007372110252447035,-0.007372110252447035,-0.007372110252447035,0E-17,ELIGIBLE,R03b_20260811_FULL_v1,L1_ELIGIBILITY,v2026-08-11,2026-03-21..2026-08-06,baccarat_bet02_101_all_pairs_incl_sentinel,round_win = game_pnl > 0 (decisive only),COMPATIBILITY_ONLY_NOT_PRODUCTION,23219.2981,20941.0295,483.4708,3644,3644,-0.02082194,-0.02082194,,-0.02082194,-483.4708,23219.2981,OK,0.0000,19.3388,4.0000,96.0000,AG03-UNRESOLVED,ALL5_LEVELS_bet23_to_bet27,19.3388,19.3388,19.3388,24.1735,24.1735,4.000000,4.000000,4.000000,5.000000,5.000000,96.000000,96.000000,96.000000,95.000000,95.000000,5.0,106.3636,97.4318,377.1072,386.039,PENDING_AG03,FALSE,NOT_FOR_ENFORCEMENT,464.1320,20103.3883,483.4708,464.1320,19.3388,0.02082194,0.01998906,19.3388,464.1320,0.01998906,19.3388,19.3388,19.3388,24.1735,24.1735,464.1320,0.01998906,106.3636,97.4318,377.1072,386.039,0.01624111,0.01662578,0.00083288,6.3719,5.7467,0.1327,24.1735,1.3696,1160.9649,182.2000,6.3719,,2.5818,5.1636,10.2741,10.3271,12.9089,15.4907,5.1636,0.0,2.5,3.0,1.234019,18,135,72,2,1.00000000,0.02082194,0.02082194,0E-8,0.000000,0.901880,0.010977,,2026-07-08,2026-08-06,20,353,182,30,0.666667,,1.000000,3.333333,,,,,,,,GLOBAL_BASELINE_NO_ENTITY_RANKING,,,NOT_APPLICABLE_GLOBAL_BASELINE,HF9g-P5,,,,X 全窗基线 · 不参与实体赏罚,8398993,840,A168_HF9F_20260827_0900,2026-08-27 09:00:00
2026-08-03,141205185,1951,0,30.8221816968,-15.4110908484,-15.4110908484,0.2500000,5,5,0.49860758000000000,0.498607580000,-0.9944341760919779,-0.9944341760919779,-0.9944341760919779,0E-17,ELIGIBLE,R03b_20260811_FULL_v1,L1_ELIGIBILITY,v2026-08-11,2026-03-21..2026-08-06,baccarat_bet02_101_all_pairs_incl_sentinel,round_win = game_pnl > 0 (decisive only),COMPATIBILITY_ONLY_NOT_PRODUCTION,23219.2981,20941.0295,483.4708,3644,3644,-0.02082194,-0.02082194,,-0.02082194,-483.4708,23219.2981,OK,0.0000,19.3388,4.0000,96.0000,AG03-UNRESOLVED,ALL5_LEVELS_bet23_to_bet27,19.3388,19.3388,19.3388,24.1735,24.1735,4.000000,4.000000,4.000000,5.000000,5.000000,96.000000,96.000000,96.000000,95.000000,95.000000,5.0,106.3636,97.4318,377.1072,386.039,PENDING_AG03,FALSE,NOT_FOR_ENFORCEMENT,464.1320,20103.3883,483.4708,464.1320,19.3388,0.02082194,0.01998906,19.3388,464.1320,0.01998906,19.3388,19.3388,19.3388,24.1735,24.1735,464.1320,0.01998906,106.3636,97.4318,377.1072,386.039,0.01624111,0.01662578,0.00083288,6.3719,5.7467,0.1327,24.1735,1.3696,1160.9649,182.2000,6.3719,,2.5818,5.1636,10.2741,10.3271,12.9089,15.4907,5.1636,0.0,2.5,3.0,1.234019,18,135,72,2,1.00000000,0.02082194,0.02082194,0E-8,0.000000,0.901880,0.010977,,2026-07-08,2026-08-06,20,353,182,30,0.666667,,1.000000,3.333333,,,,,,,,GLOBAL_BASELINE_NO_ENTITY_RANKING,,,NOT_APPLICABLE_GLOBAL_BASELINE,HF9g-P5,,,,X 全窗基线 · 不参与实体赏罚,8398994,840,A168_HF9F_20260827_0900,2026-08-27 09:00:00
2026-08-03,141205185,1994,0,15.4110908484,4.6233272544,4.6233272544,0.6666667,6,6,0.50441650000000000,0.504416500000,0.7948912480929629,0.7948912480929629,0.7948912480929629,0E-17,ELIGIBLE,R03b_20260811_FULL_v1,L1_ELIGIBILITY,v2026-08-11,2026-03-21..2026-08-06,baccarat_bet02_101_all_pairs_incl_sentinel,round_win = game_pnl > 0 (decisive only),COMPATIBILITY_ONLY_NOT_PRODUCTION,23219.2981,20941.0295,483.4708,3644,3644,-0.02082194,-0.02082194,,-0.02082194,-483.4708,23219.2981,OK,0.0000,19.3388,4.0000,96.0000,AG03-UNRESOLVED,ALL5_LEVELS_bet23_to_bet27,19.3388,19.3388,19.3388,24.1735,24.1735,4.000000,4.000000,4.000000,5.000000,5.000000,96.000000,96.000000,96.000000,95.000000,95.000000,5.0,106.3636,97.4318,377.1072,386.039,PENDING_AG03,FALSE,NOT_FOR_ENFORCEMENT,464.1320,20103.3883,483.4708,464.1320,19.3388,0.02082194,0.01998906,19.3388,464.1320,0.01998906,19.3388,19.3388,19.3388,24.1735,24.1735,464.1320,0.01998906,106.3636,97.4318,377.1072,386.039,0.01624111,0.01662578,0.00083288,6.3719,5.7467,0.1327,24.1735,1.3696,1160.9649,182.2000,6.3719,,2.5818,5.1636,10.2741,10.3271,12.9089,15.4907,5.1636,0.0,2.5,3.0,1.234019,18,135,72,2,1.00000000,0.02082194,0.02082194,0E-8,0.000000,0.901880,0.010977,,2026-07-08,2026-08-06,20,353,182,30,0.666667,,1.000000,3.333333,,,,,,,,GLOBAL_BASELINE_NO_ENTITY_RANKING,,,NOT_APPLICABLE_GLOBAL_BASELINE,HF9g-P5,,,,X 全窗基线 · 不参与实体赏罚,8398995,840,A168_HF9F_20260827_0900,2026-08-27 09:00:00
2026-08-03,141205185,2108,0,143.8368479184,-57.0210361390,-57.0210361390,0.3571429,15,15,0.49860758000000000,0.498607580000,-1.0586291555119223,-1.0586291555119223,-1.0586291555119223,0E-17,ELIGIBLE,R03b_20260811_FULL_v1,L1_ELIGIBILITY,v2026-08-11,2026-03-21..2026-08-06,baccarat_bet02_101_all_pairs_incl_sentinel,round_win = game_pnl > 0 (decisive only),COMPATIBILITY_ONLY_NOT_PRODUCTION,23219.2981,20941.0295,483.4708,3644,3644,-0.02082194,-0.02082194,,-0.02082194,-483.4708,23219.2981,OK,0.0000,19.3388,4.0000,96.0000,AG03-UNRESOLVED,ALL5_LEVELS_bet23_to_bet27,19.3388,19.3388,19.3388,24.1735,24.1735,4.000000,4.000000,4.000000,5.000000,5.000000,96.000000,96.000000,96.000000,95.000000,95.000000,5.0,106.3636,97.4318,377.1072,386.039,PENDING_AG03,FALSE,NOT_FOR_ENFORCEMENT,464.1320,20103.3883,483.4708,464.1320,19.3388,0.02082194,0.01998906,19.3388,464.1320,0.01998906,19.3388,19.3388,19.3388,24.1735,24.1735,464.1320,0.01998906,106.3636,97.4318,377.1072,386.039,0.01624111,0.01662578,0.00083288,6.3719,5.7467,0.1327,24.1735,1.3696,1160.9649,182.2000,6.3719,,2.5818,5.1636,10.2741,10.3271,12.9089,15.4907,5.1636,0.0,2.5,3.0,1.234019,18,135,72,2,1.00000000,0.02082194,0.02082194,0E-8,0.000000,0.901880,0.010977,,2026-07-08,2026-08-06,20,353,182,30,0.666667,,1.000000,3.333333,,,,,,,,GLOBAL_BASELINE_NO_ENTITY_RANKING,,,NOT_APPLICABLE_GLOBAL_BASELINE,HF9g-P5,,,,X 全窗基线 · 不参与实体赏罚,8398996,840,A168_HF9F_20260827_0900,2026-08-27 09:00:00
2026-08-03,141205185,2141,0,56.5073331108,-15.6679423625,-15.6679423625,0.4000000,6,6,0.49994810000000000,0.499948100000,-0.4469814940518811,-0.4469814940518811,-0.4469814940518811,0E-17,ELIGIBLE,R03b_20260811_FULL_v1,L1_ELIGIBILITY,v2026-08-11,2026-03-21..2026-08-06,baccarat_bet02_101_all_pairs_incl_sentinel,round_win = game_pnl > 0 (decisive only),COMPATIBILITY_ONLY_NOT_PRODUCTION,23219.2981,20941.0295,483.4708,3644,3644,-0.02082194,-0.02082194,,-0.02082194,-483.4708,23219.2981,OK,0.0000,19.3388,4.0000,96.0000,AG03-UNRESOLVED,ALL5_LEVELS_bet23_to_bet27,19.3388,19.3388,19.3388,24.1735,24.1735,4.000000,4.000000,4.000000,5.000000,5.000000,96.000000,96.000000,96.000000,95.000000,95.000000,5.0,106.3636,97.4318,377.1072,386.039,PENDING_AG03,FALSE,NOT_FOR_ENFORCEMENT,464.1320,20103.3883,483.4708,464.1320,19.3388,0.02082194,0.01998906,19.3388,464.1320,0.01998906,19.3388,19.3388,19.3388,24.1735,24.1735,464.1320,0.01998906,106.3636,97.4318,377.1072,386.039,0.01624111,0.01662578,0.00083288,6.3719,5.7467,0.1327,24.1735,1.3696,1160.9649,182.2000,6.3719,,2.5818,5.1636,10.2741,10.3271,12.9089,15.4907,5.1636,0.0,2.5,3.0,1.234019,18,135,72,2,1.00000000,0.02082194,0.02082194,0E-8,0.000000,0.901880,0.010977,,2026-07-08,2026-08-06,20,353,182,30,0.666667,,1.000000,3.333333,,,,,,,,GLOBAL_BASELINE_NO_ENTITY_RANKING,,,NOT_APPLICABLE_GLOBAL_BASELINE,HF9g-P5,,,,X 全窗基线 · 不参与实体赏罚,8398997,840,A168_HF9F_20260827_0900,2026-08-27 09:00:00
2026-08-03,141205185,2261,0,82.1924845248,54.7093725118,54.7093725118,1.0000000,7,7,0.49899058571428571,0.498990585714,2.2405867813698954,2.2405867813711753,2.2405867813698954,2.8571E-13,ELIGIBLE,R03b_20260811_FULL_v1,L1_ELIGIBILITY,v2026-08-11,2026-03-21..2026-08-06,baccarat_bet02_101_all_pairs_incl_sentinel,round_win = game_pnl > 0 (decisive only),COMPATIBILITY_ONLY_NOT_PRODUCTION,23219.2981,20941.0295,483.4708,3644,3644,-0.02082194,-0.02082194,,-0.02082194,-483.4708,23219.2981,OK,0.0000,19.3388,4.0000,96.0000,AG03-UNRESOLVED,ALL5_LEVELS_bet23_to_bet27,19.3388,19.3388,19.3388,24.1735,24.1735,4.000000,4.000000,4.000000,5.000000,5.000000,96.000000,96.000000,96.000000,95.000000,95.000000,5.0,106.3636,97.4318,377.1072,386.039,PENDING_AG03,FALSE,NOT_FOR_ENFORCEMENT,464.1320,20103.3883,483.4708,464.1320,19.3388,0.02082194,0.01998906,19.3388,464.1320,0.01998906,19.3388,19.3388,19.3388,24.1735,24.1735,464.1320,0.01998906,106.3636,97.4318,377.1072,386.039,0.01624111,0.01662578,0.00083288,6.3719,5.7467,0.1327,24.1735,1.3696,1160.9649,182.2000,6.3719,,2.5818,5.1636,10.2741,10.3271,12.9089,15.4907,5.1636,0.0,2.5,3.0,1.234019,18,135,72,2,1.00000000,0.02082194,0.02082194,0E-8,0.000000,0.901880,0.010977,,2026-07-08,2026-08-06,20,353,182,30,0.666667,,1.000000,3.333333,,,,,,,,GLOBAL_BASELINE_NO_ENTITY_RANKING,,,NOT_APPLICABLE_GLOBAL_BASELINE,HF9g-P5,,,,X 全窗基线 · 不参与实体赏罚,8398998,840,A168_HF9F_20260827_0900,2026-08-27 09:00:00
2026-08-03,141205185,763,0,15.4110908484,14.6405363060,14.6405363060,1.0000000,1,1,0.50665070000000000,0.506650700000,0.9867858985152569,0.9867858985152569,0.9867858985152569,0E-17,ELIGIBLE,R03b_20260811_FULL_v1,L1_ELIGIBILITY,v2026-08-11,2026-03-21..2026-08-06,baccarat_bet02_101_all_pairs_incl_sentinel,round_win = game_pnl > 0 (decisive only),COMPATIBILITY_ONLY_NOT_PRODUCTION,23219.2981,20941.0295,483.4708,3644,3644,-0.02082194,-0.02082194,,-0.02082194,-483.4708,23219.2981,OK,0.0000,19.3388,4.0000,96.0000,AG03-UNRESOLVED,ALL5_LEVELS_bet23_to_bet27,19.3388,19.3388,19.3388,24.1735,24.1735,4.000000,4.000000,4.000000,5.000000,5.000000,96.000000,96.000000,96.000000,95.000000,95.000000,5.0,106.3636,97.4318,377.1072,386.039,PENDING_AG03,FALSE,NOT_FOR_ENFORCEMENT,464.1320,20103.3883,483.4708,464.1320,19.3388,0.02082194,0.01998906,19.3388,464.1320,0.01998906,19.3388,19.3388,19.3388,24.1735,24.1735,464.1320,0.01998906,106.3636,97.4318,377.1072,386.039,0.01624111,0.01662578,0.00083288,6.3719,5.7467,0.1327,24.1735,1.3696,1160.9649,182.2000,6.3719,,2.5818,5.1636,10.2741,10.3271,12.9089,15.4907,5.1636,0.0,2.5,3.0,1.234019,18,135,72,2,1.00000000,0.02082194,0.02082194,0E-8,0.000000,0.901880,0.010977,,2026-07-08,2026-08-06,20,353,182,30,0.666667,,1.000000,3.333333,,,,,,,,GLOBAL_BASELINE_NO_ENTITY_RANKING,,,NOT_APPLICABLE_GLOBAL_BASELINE,HF9g-P5,,,,X 全窗基线 · 不参与实体赏罚,8398999,840,A168_HF9F_20260827_0900,2026-08-27 09:00:00
2026-08-03,141205185,772,0,92.4665450904,-62.1580664219,-62.1580664219,0.2000000,10,10,0.49994810000000000,0.499948100000,-1.897038361899665,-1.897038361899665,-1.897038361899665,0E-17,ELIGIBLE,R03b_20260811_FULL_v1,L1_ELIGIBILITY,v2026-08-11,2026-03-21..2026-08-06,baccarat_bet02_101_all_pairs_incl_sentinel,round_win = game_pnl > 0 (decisive only),COMPATIBILITY_ONLY_NOT_PRODUCTION,23219.2981,20941.0295,483.4708,3644,3644,-0.02082194,-0.02082194,,-0.02082194,-483.4708,23219.2981,OK,0.0000,19.3388,4.0000,96.0000,AG03-UNRESOLVED,ALL5_LEVELS_bet23_to_bet27,19.3388,19.3388,19.3388,24.1735,24.1735,4.000000,4.000000,4.000000,5.000000,5.000000,96.000000,96.000000,96.000000,95.000000,95.000000,5.0,106.3636,97.4318,377.1072,386.039,PENDING_AG03,FALSE,NOT_FOR_ENFORCEMENT,464.1320,20103.3883,483.4708,464.1320,19.3388,0.02082194,0.01998906,19.3388,464.1320,0.01998906,19.3388,19.3388,19.3388,24.1735,24.1735,464.1320,0.01998906,106.3636,97.4318,377.1072,386.039,0.01624111,0.01662578,0.00083288,6.3719,5.7467,0.1327,24.1735,1.3696,1160.9649,182.2000,6.3719,,2.5818,5.1636,10.2741,10.3271,12.9089,15.4907,5.1636,0.0,2.5,3.0,1.234019,18,135,72,2,1.00000000,0.02082194,0.02082194,0E-8,0.000000,0.901880,0.010977,,2026-07-08,2026-08-06,20,353,182,30,0.666667,,1.000000,3.333333,,,,,,,,GLOBAL_BASELINE_NO_ENTITY_RANKING,,,NOT_APPLICABLE_GLOBAL_BASELINE,HF9g-P5,,,,X 全窗基线 · 不参与实体赏罚,8399000,840,A168_HF9F_20260827_0900,2026-08-27 09:00:00
2026-08-03,141205185,986,0,57.7915906815,-19.5207150747,-19.5207150747,0.3333333,16,16,0.49994810000000000,0.499948100000,-1.2905924400171747,-1.2905924400171747,-1.2905924400171747,0E-17,ELIGIBLE,R03b_20260811_FULL_v1,L1_ELIGIBILITY,v2026-08-11,2026-03-21..2026-08-06,baccarat_bet02_101_all_pairs_incl_sentinel,round_win = game_pnl > 0 (decisive only),COMPATIBILITY_ONLY_NOT_PRODUCTION,23219.2981,20941.0295,483.4708,3644,3644,-0.02082194,-0.02082194,,-0.02082194,-483.4708,23219.2981,OK,0.0000,19.3388,4.0000,96.0000,AG03-UNRESOLVED,ALL5_LEVELS_bet23_to_bet27,19.3388,19.3388,19.3388,24.1735,24.1735,4.000000,4.000000,4.000000,5.000000,5.000000,96.000000,96.000000,96.000000,95.000000,95.000000,5.0,106.3636,97.4318,377.1072,386.039,PENDING_AG03,FALSE,NOT_FOR_ENFORCEMENT,464.1320,20103.3883,483.4708,464.1320,19.3388,0.02082194,0.01998906,19.3388,464.1320,0.01998906,19.3388,19.3388,19.3388,24.1735,24.1735,464.1320,0.01998906,106.3636,97.4318,377.1072,386.039,0.01624111,0.01662578,0.00083288,6.3719,5.7467,0.1327,24.1735,1.3696,1160.9649,182.2000,6.3719,,2.5818,5.1636,10.2741,10.3271,12.9089,15.4907,5.1636,0.0,2.5,3.0,1.234019,18,135,72,2,1.00000000,0.02082194,0.02082194,0E-8,0.000000,0.901880,0.010977,,2026-07-08,2026-08-06,20,353,182,30,0.666667,,1.000000,3.333333,,,,,,,,GLOBAL_BASELINE_NO_ENTITY_RANKING,,,NOT_APPLICABLE_GLOBAL_BASELINE,HF9g-P5,,,,X 全窗基线 · 不参与实体赏罚,8399001,840,A168_HF9F_20260827_0900,2026-08-27 09:00:00
2026-08-04,141205185,2101,0,7.7055454242,-2.6969408985,-2.6969408985,0.3333333,3,3,0.49771390000000000,0.497713900000,-0.5694369385616226,-0.5694369385616226,-0.5694369385616226,0E-17,ELIGIBLE,R03b_20260811_FULL_v1,L1_ELIGIBILITY,v2026-08-11,2026-03-21..2026-08-06,baccarat_bet02_101_all_pairs_incl_sentinel,round_win = game_pnl > 0 (decisive only),COMPATIBILITY_ONLY_NOT_PRODUCTION,23219.2981,20941.0295,483.4708,3644,3644,-0.02082194,-0.02082194,,-0.02082194,-483.4708,23219.2981,OK,0.0000,19.3388,4.0000,96.0000,AG03-UNRESOLVED,ALL5_LEVELS_bet23_to_bet27,19.3388,19.3388,19.3388,24.1735,24.1735,4.000000,4.000000,4.000000,5.000000,5.000000,96.000000,96.000000,96.000000,95.000000,95.000000,5.0,106.3636,97.4318,377.1072,386.039,PENDING_AG03,FALSE,NOT_FOR_ENFORCEMENT,464.1320,20103.3883,483.4708,464.1320,19.3388,0.02082194,0.01998906,19.3388,464.1320,0.01998906,19.3388,19.3388,19.3388,24.1735,24.1735,464.1320,0.01998906,106.3636,97.4318,377.1072,386.039,0.01624111,0.01662578,0.00083288,6.3719,5.7467,0.1327,24.1735,1.3696,1160.9649,182.2000,6.3719,,2.5818,5.1636,10.2741,10.3271,12.9089,15.4907,5.1636,0.0,2.5,3.0,1.234019,18,135,72,2,1.00000000,0.02082194,0.02082194,0E-8,0.000000,0.901880,0.010977,,2026-07-08,2026-08-06,20,353,182,30,0.666667,,1.000000,3.333333,,,,,,,,GLOBAL_BASELINE_NO_ENTITY_RANKING,,,NOT_APPLICABLE_GLOBAL_BASELINE,HF9g-P5,,,,X 全窗基线 · 不参与实体赏罚,8399002,840,A168_HF9F_20260827_0900,2026-08-27 09:00:00
2026-08-04,141205185,2174,0,2.5685151414,-2.5685151414,-2.5685151414,0E-7,1,1,0.49324550000000000,0.493245500000,-0.9865810262130424,-0.9865810262130424,-0.9865810262130424,0E-17,ELIGIBLE,R03b_20260811_FULL_v1,L1_ELIGIBILITY,v2026-08-11,2026-03-21..2026-08-06,baccarat_bet02_101_all_pairs_incl_sentinel,round_win = game_pnl > 0 (decisive only),COMPATIBILITY_ONLY_NOT_PRODUCTION,23219.2981,20941.0295,483.4708,3644,3644,-0.02082194,-0.02082194,,-0.02082194,-483.4708,23219.2981,OK,0.0000,19.3388,4.0000,96.0000,AG03-UNRESOLVED,ALL5_LEVELS_bet23_to_bet27,19.3388,19.3388,19.3388,24.1735,24.1735,4.000000,4.000000,4.000000,5.000000,5.000000,96.000000,96.000000,96.000000,95.000000,95.000000,5.0,106.3636,97.4318,377.1072,386.039,PENDING_AG03,FALSE,NOT_FOR_ENFORCEMENT,464.1320,20103.3883,483.4708,464.1320,19.3388,0.02082194,0.01998906,19.3388,464.1320,0.01998906,19.3388,19.3388,19.3388,24.1735,24.1735,464.1320,0.01998906,106.3636,97.4318,377.1072,386.039,0.01624111,0.01662578,0.00083288,6.3719,5.7467,0.1327,24.1735,1.3696,1160.9649,182.2000,6.3719,,2.5818,5.1636,10.2741,10.3271,12.9089,15.4907,5.1636,0.0,2.5,3.0,1.234019,18,135,72,2,1.00000000,0.02082194,0.02082194,0E-8,0.000000,0.901880,0.010977,,2026-07-08,2026-08-06,20,353,182,30,0.666667,,1.000000,3.333333,,,,,,,,GLOBAL_BASELINE_NO_ENTITY_RANKING,,,NOT_APPLICABLE_GLOBAL_BASELINE,HF9g-P5,,,,X 全窗基线 · 不参与实体赏罚,8399003,840,A168_HF9F_20260827_0900,2026-08-27 09:00:00
2026-08-06,141205185,1017,0,87.3295148076,-5.6507333110,-5.6507333110,0.5000000,12,12,0.49994810000000000,0.499948100000,0.0003282444228938027,0.0003282444228938027,0.0003282444228938027,0E-17,ELIGIBLE,R03b_20260811_FULL_v1,L1_ELIGIBILITY,v2026-08-11,2026-03-21..2026-08-06,baccarat_bet02_101_all_pairs_incl_sentinel,round_win = game_pnl > 0 (decisive only),COMPATIBILITY_ONLY_NOT_PRODUCTION,23219.2981,20941.0295,483.4708,3644,3644,-0.02082194,-0.02082194,,-0.02082194,-483.4708,23219.2981,OK,0.0000,19.3388,4.0000,96.0000,AG03-UNRESOLVED,ALL5_LEVELS_bet23_to_bet27,19.3388,19.3388,19.3388,24.1735,24.1735,4.000000,4.000000,4.000000,5.000000,5.000000,96.000000,96.000000,96.000000,95.000000,95.000000,5.0,106.3636,97.4318,377.1072,386.039,PENDING_AG03,FALSE,NOT_FOR_ENFORCEMENT,464.1320,20103.3883,483.4708,464.1320,19.3388,0.02082194,0.01998906,19.3388,464.1320,0.01998906,19.3388,19.3388,19.3388,24.1735,24.1735,464.1320,0.01998906,106.3636,97.4318,377.1072,386.039,0.01624111,0.01662578,0.00083288,6.3719,5.7467,0.1327,24.1735,1.3696,1160.9649,182.2000,6.3719,,2.5818,5.1636,10.2741,10.3271,12.9089,15.4907,5.1636,0.0,2.5,3.0,1.234019,18,135,72,2,1.00000000,0.02082194,0.02082194,0E-8,0.000000,0.901880,0.010977,,2026-07-08,2026-08-06,20,353,182,30,0.666667,,1.000000,3.333333,,,,,,,,GLOBAL_BASELINE_NO_ENTITY_RANKING,,,NOT_APPLICABLE_GLOBAL_BASELINE,HF9g-P5,,,,X 全窗基线 · 不参与实体赏罚,8399004,840,A168_HF9F_20260827_0900,2026-08-27 09:00:00
2026-08-06,141205185,1157,0,84.7609996662,-26.4557059564,-26.4557059564,0.4000000,17,17,0.50113091176470588,0.501130911765,-0.7833586778765712,-0.7833586778788506,-0.7833586778765712,-2.9412E-13,ELIGIBLE,R03b_20260811_FULL_v1,L1_ELIGIBILITY,v2026-08-11,2026-03-21..2026-08-06,baccarat_bet02_101_all_pairs_incl_sentinel,round_win = game_pnl > 0 (decisive only),COMPATIBILITY_ONLY_NOT_PRODUCTION,23219.2981,20941.0295,483.4708,3644,3644,-0.02082194,-0.02082194,,-0.02082194,-483.4708,23219.2981,OK,0.0000,19.3388,4.0000,96.0000,AG03-UNRESOLVED,ALL5_LEVELS_bet23_to_bet27,19.3388,19.3388,19.3388,24.1735,24.1735,4.000000,4.000000,4.000000,5.000000,5.000000,96.000000,96.000000,96.000000,95.000000,95.000000,5.0,106.3636,97.4318,377.1072,386.039,PENDING_AG03,FALSE,NOT_FOR_ENFORCEMENT,464.1320,20103.3883,483.4708,464.1320,19.3388,0.02082194,0.01998906,19.3388,464.1320,0.01998906,19.3388,19.3388,19.3388,24.1735,24.1735,464.1320,0.01998906,106.3636,97.4318,377.1072,386.039,0.01624111,0.01662578,0.00083288,6.3719,5.7467,0.1327,24.1735,1.3696,1160.9649,182.2000,6.3719,,2.5818,5.1636,10.2741,10.3271,12.9089,15.4907,5.1636,0.0,2.5,3.0,1.234019,18,135,72,2,1.00000000,0.02082194,0.02082194,0E-8,0.000000,0.901880,0.010977,,2026-07-08,2026-08-06,20,353,182,30,0.666667,,1.000000,3.333333,,,,,,,,GLOBAL_BASELINE_NO_ENTITY_RANKING,,,NOT_APPLICABLE_GLOBAL_BASELINE,HF9g-P5,,,,X 全窗基线 · 不参与实体赏罚,8399005,840,A168_HF9F_20260827_0900,2026-08-27 09:00:00
2026-08-06,141205185,1302,0,5.1370302828,0E-10,0E-10,0.5000000,2,2,0.49994810000000000,0.499948100000,0.00014679536856514622,0.00014679536856514622,0.00014679536856514622,0E-17,ELIGIBLE,R03b_20260811_FULL_v1,L1_ELIGIBILITY,v2026-08-11,2026-03-21..2026-08-06,baccarat_bet02_101_all_pairs_incl_sentinel,round_win = game_pnl > 0 (decisive only),COMPATIBILITY_ONLY_NOT_PRODUCTION,23219.2981,20941.0295,483.4708,3644,3644,-0.02082194,-0.02082194,,-0.02082194,-483.4708,23219.2981,OK,0.0000,19.3388,4.0000,96.0000,AG03-UNRESOLVED,ALL5_LEVELS_bet23_to_bet27,19.3388,19.3388,19.3388,24.1735,24.1735,4.000000,4.000000,4.000000,5.000000,5.000000,96.000000,96.000000,96.000000,95.000000,95.000000,5.0,106.3636,97.4318,377.1072,386.039,PENDING_AG03,FALSE,NOT_FOR_ENFORCEMENT,464.1320,20103.3883,483.4708,464.1320,19.3388,0.02082194,0.01998906,19.3388,464.1320,0.01998906,19.3388,19.3388,19.3388,24.1735,24.1735,464.1320,0.01998906,106.3636,97.4318,377.1072,386.039,0.01624111,0.01662578,0.00083288,6.3719,5.7467,0.1327,24.1735,1.3696,1160.9649,182.2000,6.3719,,2.5818,5.1636,10.2741,10.3271,12.9089,15.4907,5.1636,0.0,2.5,3.0,1.234019,18,135,72,2,1.00000000,0.02082194,0.02082194,0E-8,0.000000,0.901880,0.010977,,2026-07-08,2026-08-06,20,353,182,30,0.666667,,1.000000,3.333333,,,,,,,,GLOBAL_BASELINE_NO_ENTITY_RANKING,,,NOT_APPLICABLE_GLOBAL_BASELINE,HF9g-P5,,,,X 全窗基线 · 不参与实体赏罚,8399006,840,A168_HF9F_20260827_0900,2026-08-27 09:00:00
2026-08-06,141205185,1509,0,25.6851514140,-5.3938817970,-5.3938817970,0.4000000,10,10,0.49994810000000000,0.499948100000,-0.6321272910179592,-0.6321272910179592,-0.6321272910179592,0E-17,ELIGIBLE,R03b_20260811_FULL_v1,L1_ELIGIBILITY,v2026-08-11,2026-03-21..2026-08-06,baccarat_bet02_101_all_pairs_incl_sentinel,round_win = game_pnl > 0 (decisive only),COMPATIBILITY_ONLY_NOT_PRODUCTION,23219.2981,20941.0295,483.4708,3644,3644,-0.02082194,-0.02082194,,-0.02082194,-483.4708,23219.2981,OK,0.0000,19.3388,4.0000,96.0000,AG03-UNRESOLVED,ALL5_LEVELS_bet23_to_bet27,19.3388,19.3388,19.3388,24.1735,24.1735,4.000000,4.000000,4.000000,5.000000,5.000000,96.000000,96.000000,96.000000,95.000000,95.000000,5.0,106.3636,97.4318,377.1072,386.039,PENDING_AG03,FALSE,NOT_FOR_ENFORCEMENT,464.1320,20103.3883,483.4708,464.1320,19.3388,0.02082194,0.01998906,19.3388,464.1320,0.01998906,19.3388,19.3388,19.3388,24.1735,24.1735,464.1320,0.01998906,106.3636,97.4318,377.1072,386.039,0.01624111,0.01662578,0.00083288,6.3719,5.7467,0.1327,24.1735,1.3696,1160.9649,182.2000,6.3719,,2.5818,5.1636,10.2741,10.3271,12.9089,15.4907,5.1636,0.0,2.5,3.0,1.234019,18,135,72,2,1.00000000,0.02082194,0.02082194,0E-8,0.000000,0.901880,0.010977,,2026-07-08,2026-08-06,20,353,182,30,0.666667,,1.000000,3.333333,,,,,,,,GLOBAL_BASELINE_NO_ENTITY_RANKING,,,NOT_APPLICABLE_GLOBAL_BASELINE,HF9g-P5,,,,X 全窗基线 · 不参与实体赏罚,8399007,840,A168_HF9F_20260827_0900,2026-08-27 09:00:00
2026-08-06,141205185,1623,0,73.2026815299,-2.5043022628,-2.5043022628,0.5000000,19,19,0.50100640526315789,0.501006405263,-0.008539649133220615,-0.008539649131880869,-0.008539649133220615,1.5789E-13,ELIGIBLE,R03b_20260811_FULL_v1,L1_ELIGIBILITY,v2026-08-11,2026-03-21..2026-08-06,baccarat_bet02_101_all_pairs_incl_sentinel,round_win = game_pnl > 0 (decisive only),COMPATIBILITY_ONLY_NOT_PRODUCTION,23219.2981,20941.0295,483.4708,3644,3644,-0.02082194,-0.02082194,,-0.02082194,-483.4708,23219.2981,OK,0.0000,19.3388,4.0000,96.0000,AG03-UNRESOLVED,ALL5_LEVELS_bet23_to_bet27,19.3388,19.3388,19.3388,24.1735,24.1735,4.000000,4.000000,4.000000,5.000000,5.000000,96.000000,96.000000,96.000000,95.000000,95.000000,5.0,106.3636,97.4318,377.1072,386.039,PENDING_AG03,FALSE,NOT_FOR_ENFORCEMENT,464.1320,20103.3883,483.4708,464.1320,19.3388,0.02082194,0.01998906,19.3388,464.1320,0.01998906,19.3388,19.3388,19.3388,24.1735,24.1735,464.1320,0.01998906,106.3636,97.4318,377.1072,386.039,0.01624111,0.01662578,0.00083288,6.3719,5.7467,0.1327,24.1735,1.3696,1160.9649,182.2000,6.3719,,2.5818,5.1636,10.2741,10.3271,12.9089,15.4907,5.1636,0.0,2.5,3.0,1.234019,18,135,72,2,1.00000000,0.02082194,0.02082194,0E-8,0.000000,0.901880,0.010977,,2026-07-08,2026-08-06,20,353,182,30,0.666667,,1.000000,3.333333,,,,,,,,GLOBAL_BASELINE_NO_ENTITY_RANKING,,,NOT_APPLICABLE_GLOBAL_BASELINE,HF9g-P5,,,,X 全窗基线 · 不参与实体赏罚,8399008,840,A168_HF9F_20260827_0900,2026-08-27 09:00:00
2026-08-06,141205185,1645,0,50.0860452573,6.2928620964,6.2928620964,0.4545455,11,11,0.49812011818181818,0.498120118182,-0.28904366223770966,-0.2890436622389153,-0.28904366223770966,-1.8182E-13,ELIGIBLE,R03b_20260811_FULL_v1,L1_ELIGIBILITY,v2026-08-11,2026-03-21..2026-08-06,baccarat_bet02_101_all_pairs_incl_sentinel,round_win = game_pnl > 0 (decisive only),COMPATIBILITY_ONLY_NOT_PRODUCTION,23219.2981,20941.0295,483.4708,3644,3644,-0.02082194,-0.02082194,,-0.02082194,-483.4708,23219.2981,OK,0.0000,19.3388,4.0000,96.0000,AG03-UNRESOLVED,ALL5_LEVELS_bet23_to_bet27,19.3388,19.3388,19.3388,24.1735,24.1735,4.000000,4.000000,4.000000,5.000000,5.000000,96.000000,96.000000,96.000000,95.000000,95.000000,5.0,106.3636,97.4318,377.1072,386.039,PENDING_AG03,FALSE,NOT_FOR_ENFORCEMENT,464.1320,20103.3883,483.4708,464.1320,19.3388,0.02082194,0.01998906,19.3388,464.1320,0.01998906,19.3388,19.3388,19.3388,24.1735,24.1735,464.1320,0.01998906,106.3636,97.4318,377.1072,386.039,0.01624111,0.01662578,0.00083288,6.3719,5.7467,0.1327,24.1735,1.3696,1160.9649,182.2000,6.3719,,2.5818,5.1636,10.2741,10.3271,12.9089,15.4907,5.1636,0.0,2.5,3.0,1.234019,18,135,72,2,1.00000000,0.02082194,0.02082194,0E-8,0.000000,0.901880,0.010977,,2026-07-08,2026-08-06,20,353,182,30,0.666667,,1.000000,3.333333,,,,,,,,GLOBAL_BASELINE_NO_ENTITY_RANKING,,,NOT_APPLICABLE_GLOBAL_BASELINE,HF9g-P5,,,,X 全窗基线 · 不参与实体赏罚,8399009,840,A168_HF9F_20260827_0900,2026-08-27 09:00:00
2026-08-06,141205185,1941,0,10.2740605656,-0.2568515141,-0.2568515141,0.5000000,2,2,0.50665070000000000,0.506650700000,-0.018812684590367487,-0.018812684590367487,-0.018812684590367487,0E-17,ELIGIBLE,R03b_20260811_FULL_v1,L1_ELIGIBILITY,v2026-08-11,2026-03-21..2026-08-06,baccarat_bet02_101_all_pairs_incl_sentinel,round_win = game_pnl > 0 (decisive only),COMPATIBILITY_ONLY_NOT_PRODUCTION,23219.2981,20941.0295,483.4708,3644,3644,-0.02082194,-0.02082194,,-0.02082194,-483.4708,23219.2981,OK,0.0000,19.3388,4.0000,96.0000,AG03-UNRESOLVED,ALL5_LEVELS_bet23_to_bet27,19.3388,19.3388,19.3388,24.1735,24.1735,4.000000,4.000000,4.000000,5.000000,5.000000,96.000000,96.000000,96.000000,95.000000,95.000000,5.0,106.3636,97.4318,377.1072,386.039,PENDING_AG03,FALSE,NOT_FOR_ENFORCEMENT,464.1320,20103.3883,483.4708,464.1320,19.3388,0.02082194,0.01998906,19.3388,464.1320,0.01998906,19.3388,19.3388,19.3388,24.1735,24.1735,464.1320,0.01998906,106.3636,97.4318,377.1072,386.039,0.01624111,0.01662578,0.00083288,6.3719,5.7467,0.1327,24.1735,1.3696,1160.9649,182.2000,6.3719,,2.5818,5.1636,10.2741,10.3271,12.9089,15.4907,5.1636,0.0,2.5,3.0,1.234019,18,135,72,2,1.00000000,0.02082194,0.02082194,0E-8,0.000000,0.901880,0.010977,,2026-07-08,2026-08-06,20,353,182,30,0.666667,,1.000000,3.333333,,,,,,,,GLOBAL_BASELINE_NO_ENTITY_RANKING,,,NOT_APPLICABLE_GLOBAL_BASELINE,HF9g-P5,,,,X 全窗基线 · 不参与实体赏罚,8399010,840,A168_HF9F_20260827_0900,2026-08-27 09:00:00
2026-08-06,141205185,1951,0,7.7055454242,7.5771196671,7.5771196671,1.0000000,3,3,0.49771390000000000,0.497713900000,1.739988277604938,1.739988277604938,1.739988277604938,0E-17,ELIGIBLE,R03b_20260811_FULL_v1,L1_ELIGIBILITY,v2026-08-11,2026-03-21..2026-08-06,baccarat_bet02_101_all_pairs_incl_sentinel,round_win = game_pnl > 0 (decisive only),COMPATIBILITY_ONLY_NOT_PRODUCTION,23219.2981,20941.0295,483.4708,3644,3644,-0.02082194,-0.02082194,,-0.02082194,-483.4708,23219.2981,OK,0.0000,19.3388,4.0000,96.0000,AG03-UNRESOLVED,ALL5_LEVELS_bet23_to_bet27,19.3388,19.3388,19.3388,24.1735,24.1735,4.000000,4.000000,4.000000,5.000000,5.000000,96.000000,96.000000,96.000000,95.000000,95.000000,5.0,106.3636,97.4318,377.1072,386.039,PENDING_AG03,FALSE,NOT_FOR_ENFORCEMENT,464.1320,20103.3883,483.4708,464.1320,19.3388,0.02082194,0.01998906,19.3388,464.1320,0.01998906,19.3388,19.3388,19.3388,24.1735,24.1735,464.1320,0.01998906,106.3636,97.4318,377.1072,386.039,0.01624111,0.01662578,0.00083288,6.3719,5.7467,0.1327,24.1735,1.3696,1160.9649,182.2000,6.3719,,2.5818,5.1636,10.2741,10.3271,12.9089,15.4907,5.1636,0.0,2.5,3.0,1.234019,18,135,72,2,1.00000000,0.02082194,0.02082194,0E-8,0.000000,0.901880,0.010977,,2026-07-08,2026-08-06,20,353,182,30,0.666667,,1.000000,3.333333,,,,,,,,GLOBAL_BASELINE_NO_ENTITY_RANKING,,,NOT_APPLICABLE_GLOBAL_BASELINE,HF9g-P5,,,,X 全窗基线 · 不参与实体赏罚,8399011,840,A168_HF9F_20260827_0900,2026-08-27 09:00:00
2026-08-06,141205185,1957,0,10.2740605656,-10.2740605656,-10.2740605656,0E-7,4,4,0.49659680000000000,0.496596800000,-1.9864332133590707,-1.986433213359071,-1.9864332133590707,0E-17,ELIGIBLE,R03b_20260811_FULL_v1,L1_ELIGIBILITY,v2026-08-11,2026-03-21..2026-08-06,baccarat_bet02_101_all_pairs_incl_sentinel,round_win = game_pnl > 0 (decisive only),COMPATIBILITY_ONLY_NOT_PRODUCTION,23219.2981,20941.0295,483.4708,3644,3644,-0.02082194,-0.02082194,,-0.02082194,-483.4708,23219.2981,OK,0.0000,19.3388,4.0000,96.0000,AG03-UNRESOLVED,ALL5_LEVELS_bet23_to_bet27,19.3388,19.3388,19.3388,24.1735,24.1735,4.000000,4.000000,4.000000,5.000000,5.000000,96.000000,96.000000,96.000000,95.000000,95.000000,5.0,106.3636,97.4318,377.1072,386.039,PENDING_AG03,FALSE,NOT_FOR_ENFORCEMENT,464.1320,20103.3883,483.4708,464.1320,19.3388,0.02082194,0.01998906,19.3388,464.1320,0.01998906,19.3388,19.3388,19.3388,24.1735,24.1735,464.1320,0.01998906,106.3636,97.4318,377.1072,386.039,0.01624111,0.01662578,0.00083288,6.3719,5.7467,0.1327,24.1735,1.3696,1160.9649,182.2000,6.3719,,2.5818,5.1636,10.2741,10.3271,12.9089,15.4907,5.1636,0.0,2.5,3.0,1.234019,18,135,72,2,1.00000000,0.02082194,0.02082194,0E-8,0.000000,0.901880,0.010977,,2026-07-08,2026-08-06,20,353,182,30,0.666667,,1.000000,3.333333,,,,,,,,GLOBAL_BASELINE_NO_ENTITY_RANKING,,,NOT_APPLICABLE_GLOBAL_BASELINE,HF9g-P5,,,,X 全窗基线 · 不参与实体赏罚,8399012,840,A168_HF9F_20260827_0900,2026-08-27 09:00:00
2026-08-06,141205185,1985,0,30.8221816968,-7.9623969383,-7.9623969383,0.3750000,9,9,0.50069283333333333,0.500692833333,-0.7110267209840203,-0.7110267209821342,-0.7110267209840203,3.3333E-13,ELIGIBLE,R03b_20260811_FULL_v1,L1_ELIGIBILITY,v2026-08-11,2026-03-21..2026-08-06,baccarat_bet02_101_all_pairs_incl_sentinel,round_win = game_pnl > 0 (decisive only),COMPATIBILITY_ONLY_NOT_PRODUCTION,23219.2981,20941.0295,483.4708,3644,3644,-0.02082194,-0.02082194,,-0.02082194,-483.4708,23219.2981,OK,0.0000,19.3388,4.0000,96.0000,AG03-UNRESOLVED,ALL5_LEVELS_bet23_to_bet27,19.3388,19.3388,19.3388,24.1735,24.1735,4.000000,4.000000,4.000000,5.000000,5.000000,96.000000,96.000000,96.000000,95.000000,95.000000,5.0,106.3636,97.4318,377.1072,386.039,PENDING_AG03,FALSE,NOT_FOR_ENFORCEMENT,464.1320,20103.3883,483.4708,464.1320,19.3388,0.02082194,0.01998906,19.3388,464.1320,0.01998906,19.3388,19.3388,19.3388,24.1735,24.1735,464.1320,0.01998906,106.3636,97.4318,377.1072,386.039,0.01624111,0.01662578,0.00083288,6.3719,5.7467,0.1327,24.1735,1.3696,1160.9649,182.2000,6.3719,,2.5818,5.1636,10.2741,10.3271,12.9089,15.4907,5.1636,0.0,2.5,3.0,1.234019,18,135,72,2,1.00000000,0.02082194,0.02082194,0E-8,0.000000,0.901880,0.010977,,2026-07-08,2026-08-06,20,353,182,30,0.666667,,1.000000,3.333333,,,,,,,,GLOBAL_BASELINE_NO_ENTITY_RANKING,,,NOT_APPLICABLE_GLOBAL_BASELINE,HF9g-P5,,,,X 全窗基线 · 不参与实体赏罚,8399013,840,A168_HF9F_20260827_0900,2026-08-27 09:00:00
2026-08-06,141205185,1990,0,16.6953484191,-6.5497136106,-6.5497136106,0.3333333,6,6,0.49994810000000000,0.499948100000,-0.8162423282897021,-0.8162423282897021,-0.8162423282897021,0E-17,ELIGIBLE,R03b_20260811_FULL_v1,L1_ELIGIBILITY,v2026-08-11,2026-03-21..2026-08-06,baccarat_bet02_101_all_pairs_incl_sentinel,round_win = game_pnl > 0 (decisive only),COMPATIBILITY_ONLY_NOT_PRODUCTION,23219.2981,20941.0295,483.4708,3644,3644,-0.02082194,-0.02082194,,-0.02082194,-483.4708,23219.2981,OK,0.0000,19.3388,4.0000,96.0000,AG03-UNRESOLVED,ALL5_LEVELS_bet23_to_bet27,19.3388,19.3388,19.3388,24.1735,24.1735,4.000000,4.000000,4.000000,5.000000,5.000000,96.000000,96.000000,96.000000,95.000000,95.000000,5.0,106.3636,97.4318,377.1072,386.039,PENDING_AG03,FALSE,NOT_FOR_ENFORCEMENT,464.1320,20103.3883,483.4708,464.1320,19.3388,0.02082194,0.01998906,19.3388,464.1320,0.01998906,19.3388,19.3388,19.3388,24.1735,24.1735,464.1320,0.01998906,106.3636,97.4318,377.1072,386.039,0.01624111,0.01662578,0.00083288,6.3719,5.7467,0.1327,24.1735,1.3696,1160.9649,182.2000,6.3719,,2.5818,5.1636,10.2741,10.3271,12.9089,15.4907,5.1636,0.0,2.5,3.0,1.234019,18,135,72,2,1.00000000,0.02082194,0.02082194,0E-8,0.000000,0.901880,0.010977,,2026-07-08,2026-08-06,20,353,182,30,0.666667,,1.000000,3.333333,,,,,,,,GLOBAL_BASELINE_NO_ENTITY_RANKING,,,NOT_APPLICABLE_GLOBAL_BASELINE,HF9g-P5,,,,X 全窗基线 · 不参与实体赏罚,8399014,840,A168_HF9F_20260827_0900,2026-08-27 09:00:00
2026-08-06,141205185,2127,0,61.6443633936,11.9435954073,11.9435954073,0.6190476,22,22,0.49994810000000000,0.499948100000,1.0915651284175998,1.0915651284176,1.0915651284175998,0E-17,ELIGIBLE,R03b_20260811_FULL_v1,L1_ELIGIBILITY,v2026-08-11,2026-03-21..2026-08-06,baccarat_bet02_101_all_pairs_incl_sentinel,round_win = game_pnl > 0 (decisive only),COMPATIBILITY_ONLY_NOT_PRODUCTION,23219.2981,20941.0295,483.4708,3644,3644,-0.02082194,-0.02082194,,-0.02082194,-483.4708,23219.2981,OK,0.0000,19.3388,4.0000,96.0000,AG03-UNRESOLVED,ALL5_LEVELS_bet23_to_bet27,19.3388,19.3388,19.3388,24.1735,24.1735,4.000000,4.000000,4.000000,5.000000,5.000000,96.000000,96.000000,96.000000,95.000000,95.000000,5.0,106.3636,97.4318,377.1072,386.039,PENDING_AG03,FALSE,NOT_FOR_ENFORCEMENT,464.1320,20103.3883,483.4708,464.1320,19.3388,0.02082194,0.01998906,19.3388,464.1320,0.01998906,19.3388,19.3388,19.3388,24.1735,24.1735,464.1320,0.01998906,106.3636,97.4318,377.1072,386.039,0.01624111,0.01662578,0.00083288,6.3719,5.7467,0.1327,24.1735,1.3696,1160.9649,182.2000,6.3719,,2.5818,5.1636,10.2741,10.3271,12.9089,15.4907,5.1636,0.0,2.5,3.0,1.234019,18,135,72,2,1.00000000,0.02082194,0.02082194,0E-8,0.000000,0.901880,0.010977,,2026-07-08,2026-08-06,20,353,182,30,0.666667,,1.000000,3.333333,,,,,,,,GLOBAL_BASELINE_NO_ENTITY_RANKING,,,NOT_APPLICABLE_GLOBAL_BASELINE,HF9g-P5,,,,X 全窗基线 · 不参与实体赏罚,8399015,840,A168_HF9F_20260827_0900,2026-08-27 09:00:00
2026-08-06,141205185,2209,0,55.2230755401,-2.0548121133,-2.0548121133,0.5294118,20,20,0.49994810000000000,0.499948100000,0.2429636047091705,0.2429636047091705,0.2429636047091705,0E-17,ELIGIBLE,R03b_20260811_FULL_v1,L1_ELIGIBILITY,v2026-08-11,2026-03-21..2026-08-06,baccarat_bet02_101_all_pairs_incl_sentinel,round_win = game_pnl > 0 (decisive only),COMPATIBILITY_ONLY_NOT_PRODUCTION,23219.2981,20941.0295,483.4708,3644,3644,-0.02082194,-0.02082194,,-0.02082194,-483.4708,23219.2981,OK,0.0000,19.3388,4.0000,96.0000,AG03-UNRESOLVED,ALL5_LEVELS_bet23_to_bet27,19.3388,19.3388,19.3388,24.1735,24.1735,4.000000,4.000000,4.000000,5.000000,5.000000,96.000000,96.000000,96.000000,95.000000,95.000000,5.0,106.3636,97.4318,377.1072,386.039,PENDING_AG03,FALSE,NOT_FOR_ENFORCEMENT,464.1320,20103.3883,483.4708,464.1320,19.3388,0.02082194,0.01998906,19.3388,464.1320,0.01998906,19.3388,19.3388,19.3388,24.1735,24.1735,464.1320,0.01998906,106.3636,97.4318,377.1072,386.039,0.01624111,0.01662578,0.00083288,6.3719,5.7467,0.1327,24.1735,1.3696,1160.9649,182.2000,6.3719,,2.5818,5.1636,10.2741,10.3271,12.9089,15.4907,5.1636,0.0,2.5,3.0,1.234019,18,135,72,2,1.00000000,0.02082194,0.02082194,0E-8,0.000000,0.901880,0.010977,,2026-07-08,2026-08-06,20,353,182,30,0.666667,,1.000000,3.333333,,,,,,,,GLOBAL_BASELINE_NO_ENTITY_RANKING,,,NOT_APPLICABLE_GLOBAL_BASELINE,HF9g-P5,,,,X 全窗基线 · 不参与实体赏罚,8399016,840,A168_HF9F_20260827_0900,2026-08-27 09:00:00
2026-08-06,141205185,2216,0,15.4110908484,-2.6969408985,-2.6969408985,0.4000000,6,6,0.49994810000000000,0.499948100000,-0.4469814940518811,-0.4469814940518811,-0.4469814940518811,0E-17,ELIGIBLE,R03b_20260811_FULL_v1,L1_ELIGIBILITY,v2026-08-11,2026-03-21..2026-08-06,baccarat_bet02_101_all_pairs_incl_sentinel,round_win = game_pnl > 0 (decisive only),COMPATIBILITY_ONLY_NOT_PRODUCTION,23219.2981,20941.0295,483.4708,3644,3644,-0.02082194,-0.02082194,,-0.02082194,-483.4708,23219.2981,OK,0.0000,19.3388,4.0000,96.0000,AG03-UNRESOLVED,ALL5_LEVELS_bet23_to_bet27,19.3388,19.3388,19.3388,24.1735,24.1735,4.000000,4.000000,4.000000,5.000000,5.000000,96.000000,96.000000,96.000000,95.000000,95.000000,5.0,106.3636,97.4318,377.1072,386.039,PENDING_AG03,FALSE,NOT_FOR_ENFORCEMENT,464.1320,20103.3883,483.4708,464.1320,19.3388,0.02082194,0.01998906,19.3388,464.1320,0.01998906,19.3388,19.3388,19.3388,24.1735,24.1735,464.1320,0.01998906,106.3636,97.4318,377.1072,386.039,0.01624111,0.01662578,0.00083288,6.3719,5.7467,0.1327,24.1735,1.3696,1160.9649,182.2000,6.3719,,2.5818,5.1636,10.2741,10.3271,12.9089,15.4907,5.1636,0.0,2.5,3.0,1.234019,18,135,72,2,1.00000000,0.02082194,0.02082194,0E-8,0.000000,0.901880,0.010977,,2026-07-08,2026-08-06,20,353,182,30,0.666667,,1.000000,3.333333,,,,,,,,GLOBAL_BASELINE_NO_ENTITY_RANKING,,,NOT_APPLICABLE_GLOBAL_BASELINE,HF9g-P5,,,,X 全窗基线 · 不参与实体赏罚,8399017,840,A168_HF9F_20260827_0900,2026-08-27 09:00:00
2026-08-06,141205185,2222,0,24.4008938433,9.7603575372,9.7603575372,0.8333333,9,9,0.50069283333333333,0.500692833333,1.6296005500445707,1.629600550046202,1.6296005500445707,3.3333E-13,ELIGIBLE,R03b_20260811_FULL_v1,L1_ELIGIBILITY,v2026-08-11,2026-03-21..2026-08-06,baccarat_bet02_101_all_pairs_incl_sentinel,round_win = game_pnl > 0 (decisive only),COMPATIBILITY_ONLY_NOT_PRODUCTION,23219.2981,20941.0295,483.4708,3644,3644,-0.02082194,-0.02082194,,-0.02082194,-483.4708,23219.2981,OK,0.0000,19.3388,4.0000,96.0000,AG03-UNRESOLVED,ALL5_LEVELS_bet23_to_bet27,19.3388,19.3388,19.3388,24.1735,24.1735,4.000000,4.000000,4.000000,5.000000,5.000000,96.000000,96.000000,96.000000,95.000000,95.000000,5.0,106.3636,97.4318,377.1072,386.039,PENDING_AG03,FALSE,NOT_FOR_ENFORCEMENT,464.1320,20103.3883,483.4708,464.1320,19.3388,0.02082194,0.01998906,19.3388,464.1320,0.01998906,19.3388,19.3388,19.3388,24.1735,24.1735,464.1320,0.01998906,106.3636,97.4318,377.1072,386.039,0.01624111,0.01662578,0.00083288,6.3719,5.7467,0.1327,24.1735,1.3696,1160.9649,182.2000,6.3719,,2.5818,5.1636,10.2741,10.3271,12.9089,15.4907,5.1636,0.0,2.5,3.0,1.234019,18,135,72,2,1.00000000,0.02082194,0.02082194,0E-8,0.000000,0.901880,0.010977,,2026-07-08,2026-08-06,20,353,182,30,0.666667,,1.000000,3.333333,,,,,,,,GLOBAL_BASELINE_NO_ENTITY_RANKING,,,NOT_APPLICABLE_GLOBAL_BASELINE,HF9g-P5,,,,X 全窗基线 · 不参与实体赏罚,8399018,840,A168_HF9F_20260827_0900,2026-08-27 09:00:00
2026-08-06,141205185,2224,0,68.0656512471,5.7791590680,5.7791590680,0.5833333,25,25,0.49860758000000000,0.498607580000,0.8301426739813317,0.8301426739813317,0.8301426739813317,0E-17,ELIGIBLE,R03b_20260811_FULL_v1,L1_ELIGIBILITY,v2026-08-11,2026-03-21..2026-08-06,baccarat_bet02_101_all_pairs_incl_sentinel,round_win = game_pnl > 0 (decisive only),COMPATIBILITY_ONLY_NOT_PRODUCTION,23219.2981,20941.0295,483.4708,3644,3644,-0.02082194,-0.02082194,,-0.02082194,-483.4708,23219.2981,OK,0.0000,19.3388,4.0000,96.0000,AG03-UNRESOLVED,ALL5_LEVELS_bet23_to_bet27,19.3388,19.3388,19.3388,24.1735,24.1735,4.000000,4.000000,4.000000,5.000000,5.000000,96.000000,96.000000,96.000000,95.000000,95.000000,5.0,106.3636,97.4318,377.1072,386.039,PENDING_AG03,FALSE,NOT_FOR_ENFORCEMENT,464.1320,20103.3883,483.4708,464.1320,19.3388,0.02082194,0.01998906,19.3388,464.1320,0.01998906,19.3388,19.3388,19.3388,24.1735,24.1735,464.1320,0.01998906,106.3636,97.4318,377.1072,386.039,0.01624111,0.01662578,0.00083288,6.3719,5.7467,0.1327,24.1735,1.3696,1160.9649,182.2000,6.3719,,2.5818,5.1636,10.2741,10.3271,12.9089,15.4907,5.1636,0.0,2.5,3.0,1.234019,18,135,72,2,1.00000000,0.02082194,0.02082194,0E-8,0.000000,0.901880,0.010977,,2026-07-08,2026-08-06,20,353,182,30,0.666667,,1.000000,3.333333,,,,,,,,GLOBAL_BASELINE_NO_ENTITY_RANKING,,,NOT_APPLICABLE_GLOBAL_BASELINE,HF9g-P5,,,,X 全窗基线 · 不参与实体赏罚,8399019,840,A168_HF9F_20260827_0900,2026-08-27 09:00:00
2026-08-06,141205185,2250,0,17.9796059898,-5.2654560399,-5.2654560399,0.4000000,6,6,0.49994810000000000,0.499948100000,-0.4469814940518811,-0.4469814940518811,-0.4469814940518811,0E-17,ELIGIBLE,R03b_20260811_FULL_v1,L1_ELIGIBILITY,v2026-08-11,2026-03-21..2026-08-06,baccarat_bet02_101_all_pairs_incl_sentinel,round_win = game_pnl > 0 (decisive only),COMPATIBILITY_ONLY_NOT_PRODUCTION,23219.2981,20941.0295,483.4708,3644,3644,-0.02082194,-0.02082194,,-0.02082194,-483.4708,23219.2981,OK,0.0000,19.3388,4.0000,96.0000,AG03-UNRESOLVED,ALL5_LEVELS_bet23_to_bet27,19.3388,19.3388,19.3388,24.1735,24.1735,4.000000,4.000000,4.000000,5.000000,5.000000,96.000000,96.000000,96.000000,95.000000,95.000000,5.0,106.3636,97.4318,377.1072,386.039,PENDING_AG03,FALSE,NOT_FOR_ENFORCEMENT,464.1320,20103.3883,483.4708,464.1320,19.3388,0.02082194,0.01998906,19.3388,464.1320,0.01998906,19.3388,19.3388,19.3388,24.1735,24.1735,464.1320,0.01998906,106.3636,97.4318,377.1072,386.039,0.01624111,0.01662578,0.00083288,6.3719,5.7467,0.1327,24.1735,1.3696,1160.9649,182.2000,6.3719,,2.5818,5.1636,10.2741,10.3271,12.9089,15.4907,5.1636,0.0,2.5,3.0,1.234019,18,135,72,2,1.00000000,0.02082194,0.02082194,0E-8,0.000000,0.901880,0.010977,,2026-07-08,2026-08-06,20,353,182,30,0.666667,,1.000000,3.333333,,,,,,,,GLOBAL_BASELINE_NO_ENTITY_RANKING,,,NOT_APPLICABLE_GLOBAL_BASELINE,HF9g-P5,,,,X 全窗基线 · 不参与实体赏罚,8399020,840,A168_HF9F_20260827_0900,2026-08-27 09:00:00
2026-08-06,141205185,2251,0,7.7055454242,7.7055454242,7.7055454242,1.0000000,3,3,0.49324550000000000,0.493245500000,1.755609282511032,1.7556092825110319,1.755609282511032,0E-17,ELIGIBLE,R03b_20260811_FULL_v1,L1_ELIGIBILITY,v2026-08-11,2026-03-21..2026-08-06,baccarat_bet02_101_all_pairs_incl_sentinel,round_win = game_pnl > 0 (decisive only),COMPATIBILITY_ONLY_NOT_PRODUCTION,23219.2981,20941.0295,483.4708,3644,3644,-0.02082194,-0.02082194,,-0.02082194,-483.4708,23219.2981,OK,0.0000,19.3388,4.0000,96.0000,AG03-UNRESOLVED,ALL5_LEVELS_bet23_to_bet27,19.3388,19.3388,19.3388,24.1735,24.1735,4.000000,4.000000,4.000000,5.000000,5.000000,96.000000,96.000000,96.000000,95.000000,95.000000,5.0,106.3636,97.4318,377.1072,386.039,PENDING_AG03,FALSE,NOT_FOR_ENFORCEMENT,464.1320,20103.3883,483.4708,464.1320,19.3388,0.02082194,0.01998906,19.3388,464.1320,0.01998906,19.3388,19.3388,19.3388,24.1735,24.1735,464.1320,0.01998906,106.3636,97.4318,377.1072,386.039,0.01624111,0.01662578,0.00083288,6.3719,5.7467,0.1327,24.1735,1.3696,1160.9649,182.2000,6.3719,,2.5818,5.1636,10.2741,10.3271,12.9089,15.4907,5.1636,0.0,2.5,3.0,1.234019,18,135,72,2,1.00000000,0.02082194,0.02082194,0E-8,0.000000,0.901880,0.010977,,2026-07-08,2026-08-06,20,353,182,30,0.666667,,1.000000,3.333333,,,,,,,,GLOBAL_BASELINE_NO_ENTITY_RANKING,,,NOT_APPLICABLE_GLOBAL_BASELINE,HF9g-P5,,,,X 全窗基线 · 不参与实体赏罚,8399021,840,A168_HF9F_20260827_0900,2026-08-27 09:00:00
2026-08-06,141205185,2288,0,46.2332725452,1.9263863559,1.9263863559,0.5625000,17,17,0.50113091176470588,0.501130911765,0.4909539617063107,0.4909539617039584,0.4909539617063107,-2.9412E-13,ELIGIBLE,R03b_20260811_FULL_v1,L1_ELIGIBILITY,v2026-08-11,2026-03-21..2026-08-06,baccarat_bet02_101_all_pairs_incl_sentinel,round_win = game_pnl > 0 (decisive only),COMPATIBILITY_ONLY_NOT_PRODUCTION,23219.2981,20941.0295,483.4708,3644,3644,-0.02082194,-0.02082194,,-0.02082194,-483.4708,23219.2981,OK,0.0000,19.3388,4.0000,96.0000,AG03-UNRESOLVED,ALL5_LEVELS_bet23_to_bet27,19.3388,19.3388,19.3388,24.1735,24.1735,4.000000,4.000000,4.000000,5.000000,5.000000,96.000000,96.000000,96.000000,95.000000,95.000000,5.0,106.3636,97.4318,377.1072,386.039,PENDING_AG03,FALSE,NOT_FOR_ENFORCEMENT,464.1320,20103.3883,483.4708,464.1320,19.3388,0.02082194,0.01998906,19.3388,464.1320,0.01998906,19.3388,19.3388,19.3388,24.1735,24.1735,464.1320,0.01998906,106.3636,97.4318,377.1072,386.039,0.01624111,0.01662578,0.00083288,6.3719,5.7467,0.1327,24.1735,1.3696,1160.9649,182.2000,6.3719,,2.5818,5.1636,10.2741,10.3271,12.9089,15.4907,5.1636,0.0,2.5,3.0,1.234019,18,135,72,2,1.00000000,0.02082194,0.02082194,0E-8,0.000000,0.901880,0.010977,,2026-07-08,2026-08-06,20,353,182,30,0.666667,,1.000000,3.333333,,,,,,,,GLOBAL_BASELINE_NO_ENTITY_RANKING,,,NOT_APPLICABLE_GLOBAL_BASELINE,HF9g-P5,,,,X 全窗基线 · 不参与实体赏罚,8399022,840,A168_HF9F_20260827_0900,2026-08-27 09:00:00
2026-08-06,141205185,462,0,38.5277271210,-5.6507333112,-5.6507333112,0.4545455,12,12,0.50441650000000000,0.504416500000,-0.33081999720326294,-0.33081999720326294,-0.33081999720326294,0E-17,ELIGIBLE,R03b_20260811_FULL_v1,L1_ELIGIBILITY,v2026-08-11,2026-03-21..2026-08-06,baccarat_bet02_101_all_pairs_incl_sentinel,round_win = game_pnl > 0 (decisive only),COMPATIBILITY_ONLY_NOT_PRODUCTION,23219.2981,20941.0295,483.4708,3644,3644,-0.02082194,-0.02082194,,-0.02082194,-483.4708,23219.2981,OK,0.0000,19.3388,4.0000,96.0000,AG03-UNRESOLVED,ALL5_LEVELS_bet23_to_bet27,19.3388,19.3388,19.3388,24.1735,24.1735,4.000000,4.000000,4.000000,5.000000,5.000000,96.000000,96.000000,96.000000,95.000000,95.000000,5.0,106.3636,97.4318,377.1072,386.039,PENDING_AG03,FALSE,NOT_FOR_ENFORCEMENT,464.1320,20103.3883,483.4708,464.1320,19.3388,0.02082194,0.01998906,19.3388,464.1320,0.01998906,19.3388,19.3388,19.3388,24.1735,24.1735,464.1320,0.01998906,106.3636,97.4318,377.1072,386.039,0.01624111,0.01662578,0.00083288,6.3719,5.7467,0.1327,24.1735,1.3696,1160.9649,182.2000,6.3719,,2.5818,5.1636,10.2741,10.3271,12.9089,15.4907,5.1636,0.0,2.5,3.0,1.234019,18,135,72,2,1.00000000,0.02082194,0.02082194,0E-8,0.000000,0.901880,0.010977,,2026-07-08,2026-08-06,20,353,182,30,0.666667,,1.000000,3.333333,,,,,,,,GLOBAL_BASELINE_NO_ENTITY_RANKING,,,NOT_APPLICABLE_GLOBAL_BASELINE,HF9g-P5,,,,X 全窗基线 · 不参与实体赏罚,8399023,840,A168_HF9F_20260827_0900,2026-08-27 09:00:00
2026-08-06,141205185,471,0,12.8425757070,7.7055454242,7.7055454242,1.0000000,4,4,0.49324550000000000,0.493245500000,1.755609282511032,1.7556092825110319,1.755609282511032,0E-17,ELIGIBLE,R03b_20260811_FULL_v1,L1_ELIGIBILITY,v2026-08-11,2026-03-21..2026-08-06,baccarat_bet02_101_all_pairs_incl_sentinel,round_win = game_pnl > 0 (decisive only),COMPATIBILITY_ONLY_NOT_PRODUCTION,23219.2981,20941.0295,483.4708,3644,3644,-0.02082194,-0.02082194,,-0.02082194,-483.4708,23219.2981,OK,0.0000,19.3388,4.0000,96.0000,AG03-UNRESOLVED,ALL5_LEVELS_bet23_to_bet27,19.3388,19.3388,19.3388,24.1735,24.1735,4.000000,4.000000,4.000000,5.000000,5.000000,96.000000,96.000000,96.000000,95.000000,95.000000,5.0,106.3636,97.4318,377.1072,386.039,PENDING_AG03,FALSE,NOT_FOR_ENFORCEMENT,464.1320,20103.3883,483.4708,464.1320,19.3388,0.02082194,0.01998906,19.3388,464.1320,0.01998906,19.3388,19.3388,19.3388,24.1735,24.1735,464.1320,0.01998906,106.3636,97.4318,377.1072,386.039,0.01624111,0.01662578,0.00083288,6.3719,5.7467,0.1327,24.1735,1.3696,1160.9649,182.2000,6.3719,,2.5818,5.1636,10.2741,10.3271,12.9089,15.4907,5.1636,0.0,2.5,3.0,1.234019,18,135,72,2,1.00000000,0.02082194,0.02082194,0E-8,0.000000,0.901880,0.010977,,2026-07-08,2026-08-06,20,353,182,30,0.666667,,1.000000,3.333333,,,,,,,,GLOBAL_BASELINE_NO_ENTITY_RANKING,,,NOT_APPLICABLE_GLOBAL_BASELINE,HF9g-P5,,,,X 全窗基线 · 不参与实体赏罚,8399024,840,A168_HF9F_20260827_0900,2026-08-27 09:00:00
2026-08-06,141205185,583,0,136.1313024942,-18.1722446253,-18.1722446253,0.4482759,34,34,0.49955382941176471,0.499553829412,-0.5522808301148077,-0.5522808301173415,-0.5522808301148077,-2.3529E-13,ELIGIBLE,R03b_20260811_FULL_v1,L1_ELIGIBILITY,v2026-08-11,2026-03-21..2026-08-06,baccarat_bet02_101_all_pairs_incl_sentinel,round_win = game_pnl > 0 (decisive only),COMPATIBILITY_ONLY_NOT_PRODUCTION,23219.2981,20941.0295,483.4708,3644,3644,-0.02082194,-0.02082194,,-0.02082194,-483.4708,23219.2981,OK,0.0000,19.3388,4.0000,96.0000,AG03-UNRESOLVED,ALL5_LEVELS_bet23_to_bet27,19.3388,19.3388,19.3388,24.1735,24.1735,4.000000,4.000000,4.000000,5.000000,5.000000,96.000000,96.000000,96.000000,95.000000,95.000000,5.0,106.3636,97.4318,377.1072,386.039,PENDING_AG03,FALSE,NOT_FOR_ENFORCEMENT,464.1320,20103.3883,483.4708,464.1320,19.3388,0.02082194,0.01998906,19.3388,464.1320,0.01998906,19.3388,19.3388,19.3388,24.1735,24.1735,464.1320,0.01998906,106.3636,97.4318,377.1072,386.039,0.01624111,0.01662578,0.00083288,6.3719,5.7467,0.1327,24.1735,1.3696,1160.9649,182.2000,6.3719,,2.5818,5.1636,10.2741,10.3271,12.9089,15.4907,5.1636,0.0,2.5,3.0,1.234019,18,135,72,2,1.00000000,0.02082194,0.02082194,0E-8,0.000000,0.901880,0.010977,,2026-07-08,2026-08-06,20,353,182,30,0.666667,,1.000000,3.333333,,,,,,,,GLOBAL_BASELINE_NO_ENTITY_RANKING,,,NOT_APPLICABLE_GLOBAL_BASELINE,HF9g-P5,,,,X 全窗基线 · 不参与实体赏罚,8399025,840,A168_HF9F_20260827_0900,2026-08-27 09:00:00
2026-08-06,141205185,772,0,20.5481211312,-12.8425757070,-12.8425757070,0.1428571,8,8,0.50162375000000000,0.501623750000,-1.898424453090589,-1.898424453090589,-1.898424453090589,0E-17,ELIGIBLE,R03b_20260811_FULL_v1,L1_ELIGIBILITY,v2026-08-11,2026-03-21..2026-08-06,baccarat_bet02_101_all_pairs_incl_sentinel,round_win = game_pnl > 0 (decisive only),COMPATIBILITY_ONLY_NOT_PRODUCTION,23219.2981,20941.0295,483.4708,3644,3644,-0.02082194,-0.02082194,,-0.02082194,-483.4708,23219.2981,OK,0.0000,19.3388,4.0000,96.0000,AG03-UNRESOLVED,ALL5_LEVELS_bet23_to_bet27,19.3388,19.3388,19.3388,24.1735,24.1735,4.000000,4.000000,4.000000,5.000000,5.000000,96.000000,96.000000,96.000000,95.000000,95.000000,5.0,106.3636,97.4318,377.1072,386.039,PENDING_AG03,FALSE,NOT_FOR_ENFORCEMENT,464.1320,20103.3883,483.4708,464.1320,19.3388,0.02082194,0.01998906,19.3388,464.1320,0.01998906,19.3388,19.3388,19.3388,24.1735,24.1735,464.1320,0.01998906,106.3636,97.4318,377.1072,386.039,0.01624111,0.01662578,0.00083288,6.3719,5.7467,0.1327,24.1735,1.3696,1160.9649,182.2000,6.3719,,2.5818,5.1636,10.2741,10.3271,12.9089,15.4907,5.1636,0.0,2.5,3.0,1.234019,18,135,72,2,1.00000000,0.02082194,0.02082194,0E-8,0.000000,0.901880,0.010977,,2026-07-08,2026-08-06,20,353,182,30,0.666667,,1.000000,3.333333,,,,,,,,GLOBAL_BASELINE_NO_ENTITY_RANKING,,,NOT_APPLICABLE_GLOBAL_BASELINE,HF9g-P5,,,,X 全窗基线 · 不参与实体赏罚,8399026,840,A168_HF9F_20260827_0900,2026-08-27 09:00:00
2026-08-06,141205185,925,0,33.3906968382,1.7979605989,1.7979605989,0.6000000,10,10,0.50128862000000000,0.501288620000,0.6243076569377782,0.6243076569377782,0.6243076569377782,0E-17,ELIGIBLE,R03b_20260811_FULL_v1,L1_ELIGIBILITY,v2026-08-11,2026-03-21..2026-08-06,baccarat_bet02_101_all_pairs_incl_sentinel,round_win = game_pnl > 0 (decisive only),COMPATIBILITY_ONLY_NOT_PRODUCTION,23219.2981,20941.0295,483.4708,3644,3644,-0.02082194,-0.02082194,,-0.02082194,-483.4708,23219.2981,OK,0.0000,19.3388,4.0000,96.0000,AG03-UNRESOLVED,ALL5_LEVELS_bet23_to_bet27,19.3388,19.3388,19.3388,24.1735,24.1735,4.000000,4.000000,4.000000,5.000000,5.000000,96.000000,96.000000,96.000000,95.000000,95.000000,5.0,106.3636,97.4318,377.1072,386.039,PENDING_AG03,FALSE,NOT_FOR_ENFORCEMENT,464.1320,20103.3883,483.4708,464.1320,19.3388,0.02082194,0.01998906,19.3388,464.1320,0.01998906,19.3388,19.3388,19.3388,24.1735,24.1735,464.1320,0.01998906,106.3636,97.4318,377.1072,386.039,0.01624111,0.01662578,0.00083288,6.3719,5.7467,0.1327,24.1735,1.3696,1160.9649,182.2000,6.3719,,2.5818,5.1636,10.2741,10.3271,12.9089,15.4907,5.1636,0.0,2.5,3.0,1.234019,18,135,72,2,1.00000000,0.02082194,0.02082194,0E-8,0.000000,0.901880,0.010977,,2026-07-08,2026-08-06,20,353,182,30,0.666667,,1.000000,3.333333,,,,,,,,GLOBAL_BASELINE_NO_ENTITY_RANKING,,,NOT_APPLICABLE_GLOBAL_BASELINE,HF9g-P5,,,,X 全窗基线 · 不参与实体赏罚,8399027,840,A168_HF9F_20260827_0900,2026-08-27 09:00:00
2026-08-06,141205185,948,0,2.5685151414,-2.5685151414,-2.5685151414,0E-7,1,1,0.49324550000000000,0.493245500000,-0.9865810262130424,-0.9865810262130424,-0.9865810262130424,0E-17,ELIGIBLE,R03b_20260811_FULL_v1,L1_ELIGIBILITY,v2026-08-11,2026-03-21..2026-08-06,baccarat_bet02_101_all_pairs_incl_sentinel,round_win = game_pnl > 0 (decisive only),COMPATIBILITY_ONLY_NOT_PRODUCTION,23219.2981,20941.0295,483.4708,3644,3644,-0.02082194,-0.02082194,,-0.02082194,-483.4708,23219.2981,OK,0.0000,19.3388,4.0000,96.0000,AG03-UNRESOLVED,ALL5_LEVELS_bet23_to_bet27,19.3388,19.3388,19.3388,24.1735,24.1735,4.000000,4.000000,4.000000,5.000000,5.000000,96.000000,96.000000,96.000000,95.000000,95.000000,5.0,106.3636,97.4318,377.1072,386.039,PENDING_AG03,FALSE,NOT_FOR_ENFORCEMENT,464.1320,20103.3883,483.4708,464.1320,19.3388,0.02082194,0.01998906,19.3388,464.1320,0.01998906,19.3388,19.3388,19.3388,24.1735,24.1735,464.1320,0.01998906,106.3636,97.4318,377.1072,386.039,0.01624111,0.01662578,0.00083288,6.3719,5.7467,0.1327,24.1735,1.3696,1160.9649,182.2000,6.3719,,2.5818,5.1636,10.2741,10.3271,12.9089,15.4907,5.1636,0.0,2.5,3.0,1.234019,18,135,72,2,1.00000000,0.02082194,0.02082194,0E-8,0.000000,0.901880,0.010977,,2026-07-08,2026-08-06,20,353,182,30,0.666667,,1.000000,3.333333,,,,,,,,GLOBAL_BASELINE_NO_ENTITY_RANKING,,,NOT_APPLICABLE_GLOBAL_BASELINE,HF9g-P5,,,,X 全窗基线 · 不参与实体赏罚,8399028,840,A168_HF9F_20260827_0900,2026-08-27 09:00:00
2026-08-06,141205185,970,0,97.6035753732,1.7979605989,1.7979605989,0.5714286,26,26,0.49891693076923077,0.498916930769,0.6645817233360666,0.6645817233381823,0.6645817233360666,2.3077E-13,ELIGIBLE,R03b_20260811_FULL_v1,L1_ELIGIBILITY,v2026-08-11,2026-03-21..2026-08-06,baccarat_bet02_101_all_pairs_incl_sentinel,round_win = game_pnl > 0 (decisive only),COMPATIBILITY_ONLY_NOT_PRODUCTION,23219.2981,20941.0295,483.4708,3644,3644,-0.02082194,-0.02082194,,-0.02082194,-483.4708,23219.2981,OK,0.0000,19.3388,4.0000,96.0000,AG03-UNRESOLVED,ALL5_LEVELS_bet23_to_bet27,19.3388,19.3388,19.3388,24.1735,24.1735,4.000000,4.000000,4.000000,5.000000,5.000000,96.000000,96.000000,96.000000,95.000000,95.000000,5.0,106.3636,97.4318,377.1072,386.039,PENDING_AG03,FALSE,NOT_FOR_ENFORCEMENT,464.1320,20103.3883,483.4708,464.1320,19.3388,0.02082194,0.01998906,19.3388,464.1320,0.01998906,19.3388,19.3388,19.3388,24.1735,24.1735,464.1320,0.01998906,106.3636,97.4318,377.1072,386.039,0.01624111,0.01662578,0.00083288,6.3719,5.7467,0.1327,24.1735,1.3696,1160.9649,182.2000,6.3719,,2.5818,5.1636,10.2741,10.3271,12.9089,15.4907,5.1636,0.0,2.5,3.0,1.234019,18,135,72,2,1.00000000,0.02082194,0.02082194,0E-8,0.000000,0.901880,0.010977,,2026-07-08,2026-08-06,20,353,182,30,0.666667,,1.000000,3.333333,,,,,,,,GLOBAL_BASELINE_NO_ENTITY_RANKING,,,NOT_APPLICABLE_GLOBAL_BASELINE,HF9g-P5,,,,X 全窗基线 · 不参与实体赏罚,8399029,840,A168_HF9F_20260827_0900,2026-08-27 09:00:00
2026-04-01,148096278,-1,1,1926.2885113747,629.2437766661,629.2437766661,0.6666667,45,18,0.40237656775760461,0.315198769444,2.286583137343124,3.2095739978002125,2.286583137343124,0.08717779831360461,SENTINEL_DEALER,R03b_20260811_FULL_v1,L1_ELIGIBILITY,v2026-08-11,2026-03-21..2026-08-06,baccarat_bet02_101_all_pairs_incl_sentinel,round_win = game_pnl > 0 (decisive only),COMPATIBILITY_ONLY_NOT_PRODUCTION,6632.7252,6206.0571,483.4961,138,52,-0.07289554,,-0.07289554,-0.07289554,-483.4961,6632.7252,OK,0.0000,19.3398,4.0000,96.0000,AG03-UNRESOLVED,ALL5_LEVELS_bet23_to_bet27,19.3398,19.3398,19.3398,24.1748,24.1748,4.000000,4.000000,4.000000,5.000000,5.000000,96.000000,96.000000,96.000000,95.000000,95.000000,5.0,106.3691,97.4369,377.1269,386.0591,PENDING_AG03,FALSE,NOT_FOR_ENFORCEMENT,464.1562,5957.8148,483.4961,464.1562,19.3398,0.07289554,0.06997972,19.3398,464.1562,0.06997972,19.3398,19.3398,19.3398,24.1748,24.1748,464.1562,0.06997972,106.3691,97.4369,377.1269,386.0591,0.05685852,0.05820521,0.00291582,48.0632,119.3473,9.2980,241.7480,53.7218,3316.3626,26.0000,,48.0632,23.5584,26.176,65.4399,104.7038,143.863,225.7937,26.176,-18.3232,5.496,8.625995,1.836159,9,6,2,7,0E-8,0.07289554,,0E-8,0.000000,0.935672,0.000000,,2026-04-01,2026-04-02,2,9,10,2,1.000000,,,0.000000,,,,,,,,GLOBAL_BASELINE_NO_ENTITY_RANKING,,,NOT_APPLICABLE_GLOBAL_BASELINE,HF9g-P5,,,,X 全窗基线 · 不参与实体赏罚,8399030,840,A168_HF9F_20260827_0900,2026-08-27 09:00:00
2026-04-01,148096278,2246,0,130.8797738398,-26.1759547680,-26.1759547680,0E-7,2,1,0.40953365999987208,0.283965900000,-0.8328124877659822,-0.6297471965178028,-0.8328124877659822,0.12556775999987208,ELIGIBLE,R03b_20260811_FULL_v1,L1_ELIGIBILITY,v2026-08-11,2026-03-21..2026-08-06,baccarat_bet02_101_all_pairs_incl_sentinel,round_win = game_pnl > 0 (decisive only),COMPATIBILITY_ONLY_NOT_PRODUCTION,6632.7252,6206.0571,483.4961,138,52,-0.07289554,,-0.07289554,-0.07289554,-483.4961,6632.7252,OK,0.0000,19.3398,4.0000,96.0000,AG03-UNRESOLVED,ALL5_LEVELS_bet23_to_bet27,19.3398,19.3398,19.3398,24.1748,24.1748,4.000000,4.000000,4.000000,5.000000,5.000000,96.000000,96.000000,96.000000,95.000000,95.000000,5.0,106.3691,97.4369,377.1269,386.0591,PENDING_AG03,FALSE,NOT_FOR_ENFORCEMENT,464.1562,5957.8148,483.4961,464.1562,19.3398,0.07289554,0.06997972,19.3398,464.1562,0.06997972,19.3398,19.3398,19.3398,24.1748,24.1748,464.1562,0.06997972,106.3691,97.4369,377.1269,386.0591,0.05685852,0.05820521,0.00291582,48.0632,119.3473,9.2980,241.7480,53.7218,3316.3626,26.0000,,48.0632,23.5584,26.176,65.4399,104.7038,143.863,225.7937,26.176,-18.3232,5.496,8.625995,1.836159,9,6,2,7,0E-8,0.07289554,,0E-8,0.000000,0.935672,0.000000,,2026-04-01,2026-04-02,2,9,10,2,1.000000,,,0.000000,,,,,,,,GLOBAL_BASELINE_NO_ENTITY_RANKING,,,NOT_APPLICABLE_GLOBAL_BASELINE,HF9g-P5,,,,X 全窗基线 · 不参与实体赏罚,8399031,840,A168_HF9F_20260827_0900,2026-08-27 09:00:00
2026-04-02,148096278,-1,1,1753.2654503583,-823.6264167744,-823.6264167744,0.2000000,35,10,0.41698264737749765,0.300629000000,-1.391634772960238,-0.6939911157829981,-1.391634772960238,0.11635364737749765,SENTINEL_DEALER,R03b_20260811_FULL_v1,L1_ELIGIBILITY,v2026-08-11,2026-03-21..2026-08-06,baccarat_bet02_101_all_pairs_incl_sentinel,round_win = game_pnl > 0 (decisive only),COMPATIBILITY_ONLY_NOT_PRODUCTION,6632.7252,6206.0571,483.4961,138,52,-0.07289554,,-0.07289554,-0.07289554,-483.4961,6632.7252,OK,0.0000,19.3398,4.0000,96.0000,AG03-UNRESOLVED,ALL5_LEVELS_bet23_to_bet27,19.3398,19.3398,19.3398,24.1748,24.1748,4.000000,4.000000,4.000000,5.000000,5.000000,96.000000,96.000000,96.000000,95.000000,95.000000,5.0,106.3691,97.4369,377.1269,386.0591,PENDING_AG03,FALSE,NOT_FOR_ENFORCEMENT,464.1562,5957.8148,483.4961,464.1562,19.3398,0.07289554,0.06997972,19.3398,464.1562,0.06997972,19.3398,19.3398,19.3398,24.1748,24.1748,464.1562,0.06997972,106.3691,97.4369,377.1269,386.0591,0.05685852,0.05820521,0.00291582,48.0632,119.3473,9.2980,241.7480,53.7218,3316.3626,26.0000,,48.0632,23.5584,26.176,65.4399,104.7038,143.863,225.7937,26.176,-18.3232,5.496,8.625995,1.836159,9,6,2,7,0E-8,0.07289554,,0E-8,0.000000,0.935672,0.000000,,2026-04-01,2026-04-02,2,9,10,2,1.000000,,,0.000000,,,,,,,,GLOBAL_BASELINE_NO_ENTITY_RANKING,,,NOT_APPLICABLE_GLOBAL_BASELINE,HF9g-P5,,,,X 全窗基线 · 不参与实体赏罚,8399032,840,A168_HF9F_20260827_0900,2026-08-27 09:00:00
2026-04-02,148096278,1654,0,1070.5965500097,166.0864330025,166.0864330025,0.7000000,20,10,0.44977869403927977,0.395834451667,1.59058229960112,1.9668681512872987,1.59058229960112,0.05394424237227977,ELIGIBLE,R03b_20260811_FULL_v1,L1_ELIGIBILITY,v2026-08-11,2026-03-21..2026-08-06,baccarat_bet02_101_all_pairs_incl_sentinel,round_win = game_pnl > 0 (decisive only),COMPATIBILITY_ONLY_NOT_PRODUCTION,6632.7252,6206.0571,483.4961,138,52,-0.07289554,,-0.07289554,-0.07289554,-483.4961,6632.7252,OK,0.0000,19.3398,4.0000,96.0000,AG03-UNRESOLVED,ALL5_LEVELS_bet23_to_bet27,19.3398,19.3398,19.3398,24.1748,24.1748,4.000000,4.000000,4.000000,5.000000,5.000000,96.000000,96.000000,96.000000,95.000000,95.000000,5.0,106.3691,97.4369,377.1269,386.0591,PENDING_AG03,FALSE,NOT_FOR_ENFORCEMENT,464.1562,5957.8148,483.4961,464.1562,19.3398,0.07289554,0.06997972,19.3398,464.1562,0.06997972,19.3398,19.3398,19.3398,24.1748,24.1748,464.1562,0.06997972,106.3691,97.4369,377.1269,386.0591,0.05685852,0.05820521,0.00291582,48.0632,119.3473,9.2980,241.7480,53.7218,3316.3626,26.0000,,48.0632,23.5584,26.176,65.4399,104.7038,143.863,225.7937,26.176,-18.3232,5.496,8.625995,1.836159,9,6,2,7,0E-8,0.07289554,,0E-8,0.000000,0.935672,0.000000,,2026-04-01,2026-04-02,2,9,10,2,1.000000,,,0.000000,,,,,,,,GLOBAL_BASELINE_NO_ENTITY_RANKING,,,NOT_APPLICABLE_GLOBAL_BASELINE,HF9g-P5,,,,X 全窗基线 · 不参与实体赏罚,8399033,840,A168_HF9F_20260827_0900,2026-08-27 09:00:00
2026-04-02,148096278,2201,0,845.4833390053,-666.8324477141,-666.8324477141,0.2500000,16,4,0.39775681975862359,0.250941025000,-0.6037856234741679,-0.00434097532541913,-0.6037856234741679,0.14681579475862359,ELIGIBLE,R03b_20260811_FULL_v1,L1_ELIGIBILITY,v2026-08-11,2026-03-21..2026-08-06,baccarat_bet02_101_all_pairs_incl_sentinel,round_win = game_pnl > 0 (decisive only),COMPATIBILITY_ONLY_NOT_PRODUCTION,6632.7252,6206.0571,483.4961,138,52,-0.07289554,,-0.07289554,-0.07289554,-483.4961,6632.7252,OK,0.0000,19.3398,4.0000,96.0000,AG03-UNRESOLVED,ALL5_LEVELS_bet23_to_bet27,19.3398,19.3398,19.3398,24.1748,24.1748,4.000000,4.000000,4.000000,5.000000,5.000000,96.000000,96.000000,96.000000,95.000000,95.000000,5.0,106.3691,97.4369,377.1269,386.0591,PENDING_AG03,FALSE,NOT_FOR_ENFORCEMENT,464.1562,5957.8148,483.4961,464.1562,19.3398,0.07289554,0.06997972,19.3398,464.1562,0.06997972,19.3398,19.3398,19.3398,24.1748,24.1748,464.1562,0.06997972,106.3691,97.4369,377.1269,386.0591,0.05685852,0.05820521,0.00291582,48.0632,119.3473,9.2980,241.7480,53.7218,3316.3626,26.0000,,48.0632,23.5584,26.176,65.4399,104.7038,143.863,225.7937,26.176,-18.3232,5.496,8.625995,1.836159,9,6,2,7,0E-8,0.07289554,,0E-8,0.000000,0.935672,0.000000,,2026-04-01,2026-04-02,2,9,10,2,1.000000,,,0.000000,,,,,,,,GLOBAL_BASELINE_NO_ENTITY_RANKING,,,NOT_APPLICABLE_GLOBAL_BASELINE,HF9g-P5,,,,X 全窗基线 · 不参与实体赏罚,8399034,840,A168_HF9F_20260827_0900,2026-08-27 09:00:00
2026-04-02,148096278,2218,0,117.7917964558,117.7917964558,117.7917964558,1.0000000,2,1,0.44927172222214756,0.394304500000,1.1071695830261623,1.2393994720148591,1.1071695830261623,0.05496722222214756,ELIGIBLE,R03b_20260811_FULL_v1,L1_ELIGIBILITY,v2026-08-11,2026-03-21..2026-08-06,baccarat_bet02_101_all_pairs_incl_sentinel,round_win = game_pnl > 0 (decisive only),COMPATIBILITY_ONLY_NOT_PRODUCTION,6632.7252,6206.0571,483.4961,138,52,-0.07289554,,-0.07289554,-0.07289554,-483.4961,6632.7252,OK,0.0000,19.3398,4.0000,96.0000,AG03-UNRESOLVED,ALL5_LEVELS_bet23_to_bet27,19.3398,19.3398,19.3398,24.1748,24.1748,4.000000,4.000000,4.000000,5.000000,5.000000,96.000000,96.000000,96.000000,95.000000,95.000000,5.0,106.3691,97.4369,377.1269,386.0591,PENDING_AG03,FALSE,NOT_FOR_ENFORCEMENT,464.1562,5957.8148,483.4961,464.1562,19.3398,0.07289554,0.06997972,19.3398,464.1562,0.06997972,19.3398,19.3398,19.3398,24.1748,24.1748,464.1562,0.06997972,106.3691,97.4369,377.1269,386.0591,0.05685852,0.05820521,0.00291582,48.0632,119.3473,9.2980,241.7480,53.7218,3316.3626,26.0000,,48.0632,23.5584,26.176,65.4399,104.7038,143.863,225.7937,26.176,-18.3232,5.496,8.625995,1.836159,9,6,2,7,0E-8,0.07289554,,0E-8,0.000000,0.935672,0.000000,,2026-04-01,2026-04-02,2,9,10,2,1.000000,,,0.000000,,,,,,,,GLOBAL_BASELINE_NO_ENTITY_RANKING,,,NOT_APPLICABLE_GLOBAL_BASELINE,HF9g-P5,,,,X 全窗基线 · 不参与实体赏罚,8399035,840,A168_HF9F_20260827_0900,2026-08-27 09:00:00
2026-04-02,148096278,2246,0,60.9899746093,-60.9899746093,-60.9899746093,0E-7,2,1,0.47564006180264752,0.397173750000,-0.9524111292292232,-0.811697467588411,-0.9524111292292232,0.07846631180264752,ELIGIBLE,R03b_20260811_FULL_v1,L1_ELIGIBILITY,v2026-08-11,2026-03-21..2026-08-06,baccarat_bet02_101_all_pairs_incl_sentinel,round_win = game_pnl > 0 (decisive only),COMPATIBILITY_ONLY_NOT_PRODUCTION,6632.7252,6206.0571,483.4961,138,52,-0.07289554,,-0.07289554,-0.07289554,-483.4961,6632.7252,OK,0.0000,19.3398,4.0000,96.0000,AG03-UNRESOLVED,ALL5_LEVELS_bet23_to_bet27,19.3398,19.3398,19.3398,24.1748,24.1748,4.000000,4.000000,4.000000,5.000000,5.000000,96.000000,96.000000,96.000000,95.000000,95.000000,5.0,106.3691,97.4369,377.1269,386.0591,PENDING_AG03,FALSE,NOT_FOR_ENFORCEMENT,464.1562,5957.8148,483.4961,464.1562,19.3398,0.07289554,0.06997972,19.3398,464.1562,0.06997972,19.3398,19.3398,19.3398,24.1748,24.1748,464.1562,0.06997972,106.3691,97.4369,377.1269,386.0591,0.05685852,0.05820521,0.00291582,48.0632,119.3473,9.2980,241.7480,53.7218,3316.3626,26.0000,,48.0632,23.5584,26.176,65.4399,104.7038,143.863,225.7937,26.176,-18.3232,5.496,8.625995,1.836159,9,6,2,7,0E-8,0.07289554,,0E-8,0.000000,0.935672,0.000000,,2026-04-01,2026-04-02,2,9,10,2,1.000000,,,0.000000,,,,,,,,GLOBAL_BASELINE_NO_ENTITY_RANKING,,,NOT_APPLICABLE_GLOBAL_BASELINE,HF9g-P5,,,,X 全窗基线 · 不参与实体赏罚,8399036,840,A168_HF9F_20260827_0900,2026-08-27 09:00:00
2026-04-02,148096278,462,0,727.4297830018,181.0067272202,181.0067272202,0.4285714,16,7,0.44982710932338408,0.366179385714,-0.11304507140534643,0.34264791994223615,-0.11304507140534643,0.08364772360938408,ELIGIBLE,R03b_20260811_FULL_v1,L1_ELIGIBILITY,v2026-08-11,2026-03-21..2026-08-06,baccarat_bet02_101_all_pairs_incl_sentinel,round_win = game_pnl > 0 (decisive only),COMPATIBILITY_ONLY_NOT_PRODUCTION,6632.7252,6206.0571,483.4961,138,52,-0.07289554,,-0.07289554,-0.07289554,-483.4961,6632.7252,OK,0.0000,19.3398,4.0000,96.0000,AG03-UNRESOLVED,ALL5_LEVELS_bet23_to_bet27,19.3398,19.3398,19.3398,24.1748,24.1748,4.000000,4.000000,4.000000,5.000000,5.000000,96.000000,96.000000,96.000000,95.000000,95.000000,5.0,106.3691,97.4369,377.1269,386.0591,PENDING_AG03,FALSE,NOT_FOR_ENFORCEMENT,464.1562,5957.8148,483.4961,464.1562,19.3398,0.07289554,0.06997972,19.3398,464.1562,0.06997972,19.3398,19.3398,19.3398,24.1748,24.1748,464.1562,0.06997972,106.3691,97.4369,377.1269,386.0591,0.05685852,0.05820521,0.00291582,48.0632,119.3473,9.2980,241.7480,53.7218,3316.3626,26.0000,,48.0632,23.5584,26.176,65.4399,104.7038,143.863,225.7937,26.176,-18.3232,5.496,8.625995,1.836159,9,6,2,7,0E-8,0.07289554,,0E-8,0.000000,0.935672,0.000000,,2026-04-01,2026-04-02,2,9,10,2,1.000000,,,0.000000,,,,,,,,GLOBAL_BASELINE_NO_ENTITY_RANKING,,,NOT_APPLICABLE_GLOBAL_BASELINE,HF9g-P5,,,,X 全窗基线 · 不参与实体赏罚,8399037,840,A168_HF9F_20260827_0900,2026-08-27 09:00:00
2026-07-26,150849331,1400,0,840.0000000000,197.5000000000,197.5000000000,0.6666667,11,11,0.50177608181818182,0.501776081818,0.9893497508521373,0.9893497508532269,0.9893497508521373,1.8182E-13,ELIGIBLE,R03b_20260811_FULL_v1,L1_ELIGIBILITY,v2026-08-11,2026-03-21..2026-08-06,baccarat_bet02_101_all_pairs_incl_sentinel,round_win = game_pnl > 0 (decisive only),COMPATIBILITY_ONLY_NOT_PRODUCTION,2970.0000,2720.0000,483.5000,30,28,-0.16279461,-0.16279461,,-0.16279461,-483.5000,2970.0000,OK,0.0000,19.3400,4.0000,96.0000,AG03-UNRESOLVED,ALL5_LEVELS_bet23_to_bet27,19.3400,19.3400,21.7575,21.7575,21.7575,4.000000,4.000000,4.500000,4.500000,4.500000,96.000000,96.000000,95.500000,95.500000,95.500000,5.0,103.9525,95.3952,379.5475,388.1048,PENDING_AG03,FALSE,NOT_FOR_ENFORCEMENT,464.1600,2611.2000,483.5000,464.1600,19.3400,0.16279461,0.15628283,19.3400,464.1600,0.15628283,19.3400,19.3400,21.7575,21.7575,21.7575,464.1600,0.15628283,103.9525,95.3952,379.5475,388.1048,0.12779377,0.13067503,0.00651178,99.0000,97.1429,17.2679,483.5000,161.1667,2970.0000,28.0000,99.0000,,50.0,85.0,120.0,175.0,220.0,500.0,50.0,0.0,2.588235,5.882353,1.164706,3,5,1,4,1.00000000,0.16279461,0.16279461,0E-8,0.000000,0.915825,0.000000,,2026-07-26,2026-07-26,1,3,3,1,1.000000,,1.000000,3.333333,,,,,,,,GLOBAL_BASELINE_NO_ENTITY_RANKING,,,NOT_APPLICABLE_GLOBAL_BASELINE,HF9g-P5,,,,X 全窗基线 · 不参与实体赏罚,8399038,840,A168_HF9F_20260827_0900,2026-08-27 09:00:00
2026-07-26,150849331,1491,0,770.0000000000,-155.0000000000,-155.0000000000,0.3750000,10,8,0.49347706250000000,0.463106275000,-0.6702645146833719,-0.4997667249569814,-0.6702645146833719,0.03037078750000000,ELIGIBLE,R03b_20260811_FULL_v1,L1_ELIGIBILITY,v2026-08-11,2026-03-21..2026-08-06,baccarat_bet02_101_all_pairs_incl_sentinel,round_win = game_pnl > 0 (decisive only),COMPATIBILITY_ONLY_NOT_PRODUCTION,2970.0000,2720.0000,483.5000,30,28,-0.16279461,-0.16279461,,-0.16279461,-483.5000,2970.0000,OK,0.0000,19.3400,4.0000,96.0000,AG03-UNRESOLVED,ALL5_LEVELS_bet23_to_bet27,19.3400,19.3400,21.7575,21.7575,21.7575,4.000000,4.000000,4.500000,4.500000,4.500000,96.000000,96.000000,95.500000,95.500000,95.500000,5.0,103.9525,95.3952,379.5475,388.1048,PENDING_AG03,FALSE,NOT_FOR_ENFORCEMENT,464.1600,2611.2000,483.5000,464.1600,19.3400,0.16279461,0.15628283,19.3400,464.1600,0.15628283,19.3400,19.3400,21.7575,21.7575,21.7575,464.1600,0.15628283,103.9525,95.3952,379.5475,388.1048,0.12779377,0.13067503,0.00651178,99.0000,97.1429,17.2679,483.5000,161.1667,2970.0000,28.0000,99.0000,,50.0,85.0,120.0,175.0,220.0,500.0,50.0,0.0,2.588235,5.882353,1.164706,3,5,1,4,1.00000000,0.16279461,0.16279461,0E-8,0.000000,0.915825,0.000000,,2026-07-26,2026-07-26,1,3,3,1,1.000000,,1.000000,3.333333,,,,,,,,GLOBAL_BASELINE_NO_ENTITY_RANKING,,,NOT_APPLICABLE_GLOBAL_BASELINE,HF9g-P5,,,,X 全窗基线 · 不参与实体赏罚,8399039,840,A168_HF9F_20260827_0900,2026-08-27 09:00:00
2026-07-26,150849331,2145,0,300.0000000000,200.0000000000,200.0000000000,1.0000000,3,3,0.49324550000000000,0.493245500000,1.4334489766152358,1.4334489766152358,1.4334489766152358,0E-17,ELIGIBLE,R03b_20260811_FULL_v1,L1_ELIGIBILITY,v2026-08-11,2026-03-21..2026-08-06,baccarat_bet02_101_all_pairs_incl_sentinel,round_win = game_pnl > 0 (decisive only),COMPATIBILITY_ONLY_NOT_PRODUCTION,2970.0000,2720.0000,483.5000,30,28,-0.16279461,-0.16279461,,-0.16279461,-483.5000,2970.0000,OK,0.0000,19.3400,4.0000,96.0000,AG03-UNRESOLVED,ALL5_LEVELS_bet23_to_bet27,19.3400,19.3400,21.7575,21.7575,21.7575,4.000000,4.000000,4.500000,4.500000,4.500000,96.000000,96.000000,95.500000,95.500000,95.500000,5.0,103.9525,95.3952,379.5475,388.1048,PENDING_AG03,FALSE,NOT_FOR_ENFORCEMENT,464.1600,2611.2000,483.5000,464.1600,19.3400,0.16279461,0.15628283,19.3400,464.1600,0.15628283,19.3400,19.3400,21.7575,21.7575,21.7575,464.1600,0.15628283,103.9525,95.3952,379.5475,388.1048,0.12779377,0.13067503,0.00651178,99.0000,97.1429,17.2679,483.5000,161.1667,2970.0000,28.0000,99.0000,,50.0,85.0,120.0,175.0,220.0,500.0,50.0,0.0,2.588235,5.882353,1.164706,3,5,1,4,1.00000000,0.16279461,0.16279461,0E-8,0.000000,0.915825,0.000000,,2026-07-26,2026-07-26,1,3,3,1,1.000000,,1.000000,3.333333,,,,,,,,GLOBAL_BASELINE_NO_ENTITY_RANKING,,,NOT_APPLICABLE_GLOBAL_BASELINE,HF9g-P5,,,,X 全窗基线 · 不参与实体赏罚,8399040,840,A168_HF9F_20260827_0900,2026-08-27 09:00:00
2026-07-26,150849331,2229,0,960.0000000000,-726.0000000000,-726.0000000000,0.2500000,4,4,0.50329940000000000,0.503299400000,-1.013219660140378,-1.013219660140378,-1.013219660140378,0E-17,ELIGIBLE,R03b_20260811_FULL_v1,L1_ELIGIBILITY,v2026-08-11,2026-03-21..2026-08-06,baccarat_bet02_101_all_pairs_incl_sentinel,round_win = game_pnl > 0 (decisive only),COMPATIBILITY_ONLY_NOT_PRODUCTION,2970.0000,2720.0000,483.5000,30,28,-0.16279461,-0.16279461,,-0.16279461,-483.5000,2970.0000,OK,0.0000,19.3400,4.0000,96.0000,AG03-UNRESOLVED,ALL5_LEVELS_bet23_to_bet27,19.3400,19.3400,21.7575,21.7575,21.7575,4.000000,4.000000,4.500000,4.500000,4.500000,96.000000,96.000000,95.500000,95.500000,95.500000,5.0,103.9525,95.3952,379.5475,388.1048,PENDING_AG03,FALSE,NOT_FOR_ENFORCEMENT,464.1600,2611.2000,483.5000,464.1600,19.3400,0.16279461,0.15628283,19.3400,464.1600,0.15628283,19.3400,19.3400,21.7575,21.7575,21.7575,464.1600,0.15628283,103.9525,95.3952,379.5475,388.1048,0.12779377,0.13067503,0.00651178,99.0000,97.1429,17.2679,483.5000,161.1667,2970.0000,28.0000,99.0000,,50.0,85.0,120.0,175.0,220.0,500.0,50.0,0.0,2.588235,5.882353,1.164706,3,5,1,4,1.00000000,0.16279461,0.16279461,0E-8,0.000000,0.915825,0.000000,,2026-07-26,2026-07-26,1,3,3,1,1.000000,,1.000000,3.333333,,,,,,,,GLOBAL_BASELINE_NO_ENTITY_RANKING,,,NOT_APPLICABLE_GLOBAL_BASELINE,HF9g-P5,,,,X 全窗基线 · 不参与实体赏罚,8399041,840,A168_HF9F_20260827_0900,2026-08-27 09:00:00
2026-07-26,150849331,772,0,100.0000000000,0E-10,0E-10,0.5000000,2,2,0.49324550000000000,0.493245500000,0.01910635448239258,0.01910635448239258,0.01910635448239258,0E-17,ELIGIBLE,R03b_20260811_FULL_v1,L1_ELIGIBILITY,v2026-08-11,2026-03-21..2026-08-06,baccarat_bet02_101_all_pairs_incl_sentinel,round_win = game_pnl > 0 (decisive only),COMPATIBILITY_ONLY_NOT_PRODUCTION,2970.0000,2720.0000,483.5000,30,28,-0.16279461,-0.16279461,,-0.16279461,-483.5000,2970.0000,OK,0.0000,19.3400,4.0000,96.0000,AG03-UNRESOLVED,ALL5_LEVELS_bet23_to_bet27,19.3400,19.3400,21.7575,21.7575,21.7575,4.000000,4.000000,4.500000,4.500000,4.500000,96.000000,96.000000,95.500000,95.500000,95.500000,5.0,103.9525,95.3952,379.5475,388.1048,PENDING_AG03,FALSE,NOT_FOR_ENFORCEMENT,464.1600,2611.2000,483.5000,464.1600,19.3400,0.16279461,0.15628283,19.3400,464.1600,0.15628283,19.3400,19.3400,21.7575,21.7575,21.7575,464.1600,0.15628283,103.9525,95.3952,379.5475,388.1048,0.12779377,0.13067503,0.00651178,99.0000,97.1429,17.2679,483.5000,161.1667,2970.0000,28.0000,99.0000,,50.0,85.0,120.0,175.0,220.0,500.0,50.0,0.0,2.588235,5.882353,1.164706,3,5,1,4,1.00000000,0.16279461,0.16279461,0E-8,0.000000,0.915825,0.000000,,2026-07-26,2026-07-26,1,3,3,1,1.000000,,1.000000,3.333333,,,,,,,,GLOBAL_BASELINE_NO_ENTITY_RANKING,,,NOT_APPLICABLE_GLOBAL_BASELINE,HF9g-P5,,,,X 全窗基线 · 不参与实体赏罚,8399042,840,A168_HF9F_20260827_0900,2026-08-27 09:00:00
2026-05-30,150792929,-1,1,30.0000000000,-30.0000000000,-30.0000000000,0E-7,1,1,0.49324550000000000,0.493245500000,-0.9865810262130424,-0.9865810262130424,-0.9865810262130424,0E-17,SENTINEL_DEALER,R03b_20260811_FULL_v1,L1_ELIGIBILITY,v2026-08-11,2026-03-21..2026-08-06,baccarat_bet02_101_all_pairs_incl_sentinel,round_win = game_pnl > 0 (decisive only),COMPATIBILITY_ONLY_NOT_PRODUCTION,1060.0000,1060.0000,483.5000,12,12,-0.45613208,,-0.45613208,-0.45613208,-483.5000,1060.0000,THIN_EXPOSURE,0.0000,19.3400,4.0000,96.0000,AG03-UNRESOLVED,ALL5_LEVELS_bet23_to_bet27,19.3400,19.3400,19.3400,24.1750,24.1750,4.000000,4.000000,4.000000,5.000000,5.000000,96.000000,96.000000,96.000000,95.000000,95.000000,5.0,106.3700,97.4377,377.1300,386.0623,PENDING_AG03,FALSE,NOT_FOR_ENFORCEMENT,464.1600,1017.6000,483.5000,464.1600,19.3400,0.45613208,0.43788679,19.3400,464.1600,0.43788679,19.3400,19.3400,19.3400,24.1750,24.1750,464.1600,0.43788679,106.3700,97.4377,377.1300,386.0623,0.35578302,0.36420971,0.01824528,88.3333,88.3333,40.2917,241.7500,69.0714,530.0000,6.0000,,88.3333,25.0,40.0,150.0,229.9999,289.9999,300.0,40.0,-25.0,7.249998,7.5,2.208333,6,7,1,2,0E-8,0.45613208,,0E-8,0.000000,1.000000,0.000000,,2026-05-30,2026-05-31,2,7,7,2,1.000000,,,0.000000,,,,,,,,GLOBAL_BASELINE_NO_ENTITY_RANKING,,,NOT_APPLICABLE_GLOBAL_BASELINE,HF9g-P5,,,,X 全窗基线 · 不参与实体赏罚,8399043,840,A168_HF9F_20260827_0900,2026-08-27 09:00:00
2026-05-30,150792929,2235,0,70.0000000000,-70.0000000000,-70.0000000000,0E-7,1,1,0.50665070000000000,0.506650700000,-1.013391052207602,-1.013391052207602,-1.013391052207602,0E-17,ELIGIBLE,R03b_20260811_FULL_v1,L1_ELIGIBILITY,v2026-08-11,2026-03-21..2026-08-06,baccarat_bet02_101_all_pairs_incl_sentinel,round_win = game_pnl > 0 (decisive only),COMPATIBILITY_ONLY_NOT_PRODUCTION,1060.0000,1060.0000,483.5000,12,12,-0.45613208,,-0.45613208,-0.45613208,-483.5000,1060.0000,THIN_EXPOSURE,0.0000,19.3400,4.0000,96.0000,AG03-UNRESOLVED,ALL5_LEVELS_bet23_to_bet27,19.3400,19.3400,19.3400,24.1750,24.1750,4.000000,4.000000,4.000000,5.000000,5.000000,96.000000,96.000000,96.000000,95.000000,95.000000,5.0,106.3700,97.4377,377.1300,386.0623,PENDING_AG03,FALSE,NOT_FOR_ENFORCEMENT,464.1600,1017.6000,483.5000,464.1600,19.3400,0.45613208,0.43788679,19.3400,464.1600,0.43788679,19.3400,19.3400,19.3400,24.1750,24.1750,464.1600,0.43788679,106.3700,97.4377,377.1300,386.0623,0.35578302,0.36420971,0.01824528,88.3333,88.3333,40.2917,241.7500,69.0714,530.0000,6.0000,,88.3333,25.0,40.0,150.0,229.9999,289.9999,300.0,40.0,-25.0,7.249998,7.5,2.208333,6,7,1,2,0E-8,0.45613208,,0E-8,0.000000,1.000000,0.000000,,2026-05-30,2026-05-31,2,7,7,2,1.000000,,,0.000000,,,,,,,,GLOBAL_BASELINE_NO_ENTITY_RANKING,,,NOT_APPLICABLE_GLOBAL_BASELINE,HF9g-P5,,,,X 全窗基线 · 不参与实体赏罚,8399044,840,A168_HF9F_20260827_0900,2026-08-27 09:00:00
2026-05-30,150792929,2266,0,200.0000000000,200.0000000000,200.0000000000,1.0000000,1,1,0.49324550000000000,0.493245500000,1.01360149184955,1.01360149184955,1.01360149184955,0E-17,ELIGIBLE,R03b_20260811_FULL_v1,L1_ELIGIBILITY,v2026-08-11,2026-03-21..2026-08-06,baccarat_bet02_101_all_pairs_incl_sentinel,round_win = game_pnl > 0 (decisive only),COMPATIBILITY_ONLY_NOT_PRODUCTION,1060.0000,1060.0000,483.5000,12,12,-0.45613208,,-0.45613208,-0.45613208,-483.5000,1060.0000,THIN_EXPOSURE,0.0000,19.3400,4.0000,96.0000,AG03-UNRESOLVED,ALL5_LEVELS_bet23_to_bet27,19.3400,19.3400,19.3400,24.1750,24.1750,4.000000,4.000000,4.000000,5.000000,5.000000,96.000000,96.000000,96.000000,95.000000,95.000000,5.0,106.3700,97.4377,377.1300,386.0623,PENDING_AG03,FALSE,NOT_FOR_ENFORCEMENT,464.1600,1017.6000,483.5000,464.1600,19.3400,0.45613208,0.43788679,19.3400,464.1600,0.43788679,19.3400,19.3400,19.3400,24.1750,24.1750,464.1600,0.43788679,106.3700,97.4377,377.1300,386.0623,0.35578302,0.36420971,0.01824528,88.3333,88.3333,40.2917,241.7500,69.0714,530.0000,6.0000,,88.3333,25.0,40.0,150.0,229.9999,289.9999,300.0,40.0,-25.0,7.249998,7.5,2.208333,6,7,1,2,0E-8,0.45613208,,0E-8,0.000000,1.000000,0.000000,,2026-05-30,2026-05-31,2,7,7,2,1.000000,,,0.000000,,,,,,,,GLOBAL_BASELINE_NO_ENTITY_RANKING,,,NOT_APPLICABLE_GLOBAL_BASELINE,HF9g-P5,,,,X 全窗基线 · 不参与实体赏罚,8399045,840,A168_HF9F_20260827_0900,2026-08-27 09:00:00
2026-05-31,150792929,1401,0,40.0000000000,38.0000000000,38.0000000000,1.0000000,2,2,0.50665070000000000,0.506650700000,1.3955260008387969,1.3955260008387969,1.3955260008387969,0E-17,ELIGIBLE,R03b_20260811_FULL_v1,L1_ELIGIBILITY,v2026-08-11,2026-03-21..2026-08-06,baccarat_bet02_101_all_pairs_incl_sentinel,round_win = game_pnl > 0 (decisive only),COMPATIBILITY_ONLY_NOT_PRODUCTION,1060.0000,1060.0000,483.5000,12,12,-0.45613208,,-0.45613208,-0.45613208,-483.5000,1060.0000,THIN_EXPOSURE,0.0000,19.3400,4.0000,96.0000,AG03-UNRESOLVED,ALL5_LEVELS_bet23_to_bet27,19.3400,19.3400,19.3400,24.1750,24.1750,4.000000,4.000000,4.000000,5.000000,5.000000,96.000000,96.000000,96.000000,95.000000,95.000000,5.0,106.3700,97.4377,377.1300,386.0623,PENDING_AG03,FALSE,NOT_FOR_ENFORCEMENT,464.1600,1017.6000,483.5000,464.1600,19.3400,0.45613208,0.43788679,19.3400,464.1600,0.43788679,19.3400,19.3400,19.3400,24.1750,24.1750,464.1600,0.43788679,106.3700,97.4377,377.1300,386.0623,0.35578302,0.36420971,0.01824528,88.3333,88.3333,40.2917,241.7500,69.0714,530.0000,6.0000,,88.3333,25.0,40.0,150.0,229.9999,289.9999,300.0,40.0,-25.0,7.249998,7.5,2.208333,6,7,1,2,0E-8,0.45613208,,0E-8,0.000000,1.000000,0.000000,,2026-05-30,2026-05-31,2,7,7,2,1.000000,,,0.000000,,,,,,,,GLOBAL_BASELINE_NO_ENTITY_RANKING,,,NOT_APPLICABLE_GLOBAL_BASELINE,HF9g-P5,,,,X 全窗基线 · 不参与实体赏罚,8399046,840,A168_HF9F_20260827_0900,2026-08-27 09:00:00
2026-05-31,150792929,2155,0,190.0000000000,-190.0000000000,-190.0000000000,0E-7,1,1,0.49324550000000000,0.493245500000,-0.9865810262130424,-0.9865810262130424,-0.9865810262130424,0E-17,ELIGIBLE,R03b_20260811_FULL_v1,L1_ELIGIBILITY,v2026-08-11,2026-03-21..2026-08-06,baccarat_bet02_101_all_pairs_incl_sentinel,round_win = game_pnl > 0 (decisive only),COMPATIBILITY_ONLY_NOT_PRODUCTION,1060.0000,1060.0000,483.5000,12,12,-0.45613208,,-0.45613208,-0.45613208,-483.5000,1060.0000,THIN_EXPOSURE,0.0000,19.3400,4.0000,96.0000,AG03-UNRESOLVED,ALL5_LEVELS_bet23_to_bet27,19.3400,19.3400,19.3400,24.1750,24.1750,4.000000,4.000000,4.000000,5.000000,5.000000,96.000000,96.000000,96.000000,95.000000,95.000000,5.0,106.3700,97.4377,377.1300,386.0623,PENDING_AG03,FALSE,NOT_FOR_ENFORCEMENT,464.1600,1017.6000,483.5000,464.1600,19.3400,0.45613208,0.43788679,19.3400,464.1600,0.43788679,19.3400,19.3400,19.3400,24.1750,24.1750,464.1600,0.43788679,106.3700,97.4377,377.1300,386.0623,0.35578302,0.36420971,0.01824528,88.3333,88.3333,40.2917,241.7500,69.0714,530.0000,6.0000,,88.3333,25.0,40.0,150.0,229.9999,289.9999,300.0,40.0,-25.0,7.249998,7.5,2.208333,6,7,1,2,0E-8,0.45613208,,0E-8,0.000000,1.000000,0.000000,,2026-05-30,2026-05-31,2,7,7,2,1.000000,,,0.000000,,,,,,,,GLOBAL_BASELINE_NO_ENTITY_RANKING,,,NOT_APPLICABLE_GLOBAL_BASELINE,HF9g-P5,,,,X 全窗基线 · 不参与实体赏罚,8399047,840,A168_HF9F_20260827_0900,2026-08-27 09:00:00
2026-05-31,150792929,2251,0,230.0000000000,-131.5000000000,-131.5000000000,0.4000000,5,5,0.50396966000000000,0.503969660000,-0.4649811094771361,-0.4649811094771361,-0.4649811094771361,0E-17,ELIGIBLE,R03b_20260811_FULL_v1,L1_ELIGIBILITY,v2026-08-11,2026-03-21..2026-08-06,baccarat_bet02_101_all_pairs_incl_sentinel,round_win = game_pnl > 0 (decisive only),COMPATIBILITY_ONLY_NOT_PRODUCTION,1060.0000,1060.0000,483.5000,12,12,-0.45613208,,-0.45613208,-0.45613208,-483.5000,1060.0000,THIN_EXPOSURE,0.0000,19.3400,4.0000,96.0000,AG03-UNRESOLVED,ALL5_LEVELS_bet23_to_bet27,19.3400,19.3400,19.3400,24.1750,24.1750,4.000000,4.000000,4.000000,5.000000,5.000000,96.000000,96.000000,96.000000,95.000000,95.000000,5.0,106.3700,97.4377,377.1300,386.0623,PENDING_AG03,FALSE,NOT_FOR_ENFORCEMENT,464.1600,1017.6000,483.5000,464.1600,19.3400,0.45613208,0.43788679,19.3400,464.1600,0.43788679,19.3400,19.3400,19.3400,24.1750,24.1750,464.1600,0.43788679,106.3700,97.4377,377.1300,386.0623,0.35578302,0.36420971,0.01824528,88.3333,88.3333,40.2917,241.7500,69.0714,530.0000,6.0000,,88.3333,25.0,40.0,150.0,229.9999,289.9999,300.0,40.0,-25.0,7.249998,7.5,2.208333,6,7,1,2,0E-8,0.45613208,,0E-8,0.000000,1.000000,0.000000,,2026-05-30,2026-05-31,2,7,7,2,1.000000,,,0.000000,,,,,,,,GLOBAL_BASELINE_NO_ENTITY_RANKING,,,NOT_APPLICABLE_GLOBAL_BASELINE,HF9g-P5,,,,X 全窗基线 · 不参与实体赏罚,8399048,840,A168_HF9F_20260827_0900,2026-08-27 09:00:00
2026-05-31,150792929,919,0,300.0000000000,-300.0000000000,-300.0000000000,0E-7,1,1,0.49324550000000000,0.493245500000,-0.9865810262130424,-0.9865810262130424,-0.9865810262130424,0E-17,ELIGIBLE,R03b_20260811_FULL_v1,L1_ELIGIBILITY,v2026-08-11,2026-03-21..2026-08-06,baccarat_bet02_101_all_pairs_incl_sentinel,round_win = game_pnl > 0 (decisive only),COMPATIBILITY_ONLY_NOT_PRODUCTION,1060.0000,1060.0000,483.5000,12,12,-0.45613208,,-0.45613208,-0.45613208,-483.5000,1060.0000,THIN_EXPOSURE,0.0000,19.3400,4.0000,96.0000,AG03-UNRESOLVED,ALL5_LEVELS_bet23_to_bet27,19.3400,19.3400,19.3400,24.1750,24.1750,4.000000,4.000000,4.000000,5.000000,5.000000,96.000000,96.000000,96.000000,95.000000,95.000000,5.0,106.3700,97.4377,377.1300,386.0623,PENDING_AG03,FALSE,NOT_FOR_ENFORCEMENT,464.1600,1017.6000,483.5000,464.1600,19.3400,0.45613208,0.43788679,19.3400,464.1600,0.43788679,19.3400,19.3400,19.3400,24.1750,24.1750,464.1600,0.43788679,106.3700,97.4377,377.1300,386.0623,0.35578302,0.36420971,0.01824528,88.3333,88.3333,40.2917,241.7500,69.0714,530.0000,6.0000,,88.3333,25.0,40.0,150.0,229.9999,289.9999,300.0,40.0,-25.0,7.249998,7.5,2.208333,6,7,1,2,0E-8,0.45613208,,0E-8,0.000000,1.000000,0.000000,,2026-05-30,2026-05-31,2,7,7,2,1.000000,,,0.000000,,,,,,,,GLOBAL_BASELINE_NO_ENTITY_RANKING,,,NOT_APPLICABLE_GLOBAL_BASELINE,HF9g-P5,,,,X 全窗基线 · 不参与实体赏罚,8399049,840,A168_HF9F_20260827_0900,2026-08-27 09:00:00
2026-05-09,149305725,1318,0,38.9185823258,36.9726532095,36.9726532095,1.0000000,1,1,0.50665070000000000,0.506650700000,0.9867858985152569,0.9867858985152569,0.9867858985152569,0E-17,ELIGIBLE,R03b_20260811_FULL_v1,L1_ELIGIBILITY,v2026-08-11,2026-03-21..2026-08-06,baccarat_bet02_101_all_pairs_incl_sentinel,round_win = game_pnl > 0 (decisive only),COMPATIBILITY_ONLY_NOT_PRODUCTION,621.1238,621.1238,483.5153,6,5,-0.77845235,,-0.77845235,-0.77845235,-483.5153,621.1238,THIN_EXPOSURE,0.0000,19.3406,4.0000,96.0000,AG03-UNRESOLVED,ALL5_LEVELS_bet23_to_bet27,19.3406,19.3406,19.3406,24.1758,24.1758,4.000000,4.000000,4.000000,5.000000,5.000000,96.000000,96.000000,96.000000,95.000000,95.000000,5.0,106.3734,97.4408,377.1419,386.0745,PENDING_AG03,FALSE,NOT_FOR_ENFORCEMENT,464.1747,596.2789,483.5153,464.1747,19.3406,0.77845235,0.74731426,19.3406,464.1747,0.74731426,19.3406,19.3406,19.3406,24.1758,24.1758,464.1747,0.74731426,106.3734,97.4408,377.1419,386.0745,0.60719283,0.62157415,0.03113809,103.5206,124.2248,96.7031,241.7576,161.1718,310.5619,2.5000,,103.5206,18.0009,35.6754,259.4572,259.4572,259.4572,259.4572,35.6754,-9.7872,7.272727,7.272727,2.90174,3,3,3,3,0E-8,0.77845235,,0E-8,0.000000,1.000000,0.000000,,2026-05-09,2026-06-25,2,3,3,48,0.041667,,,0.000000,,,,,,,,GLOBAL_BASELINE_NO_ENTITY_RANKING,,,NOT_APPLICABLE_GLOBAL_BASELINE,HF9g-P5,,,,X 全窗基线 · 不参与实体赏罚,8399050,840,A168_HF9F_20260827_0900,2026-08-27 09:00:00
2026-05-09,149305725,1330,0,551.3465829485,-551.3465829485,-551.3465829485,0E-7,3,2,0.48375915000003137,0.403638725000,-1.368999881372057,-1.1634740288448888,-1.368999881372057,0.08012042500003137,ELIGIBLE,R03b_20260811_FULL_v1,L1_ELIGIBILITY,v2026-08-11,2026-03-21..2026-08-06,baccarat_bet02_101_all_pairs_incl_sentinel,round_win = game_pnl > 0 (decisive only),COMPATIBILITY_ONLY_NOT_PRODUCTION,621.1238,621.1238,483.5153,6,5,-0.77845235,,-0.77845235,-0.77845235,-483.5153,621.1238,THIN_EXPOSURE,0.0000,19.3406,4.0000,96.0000,AG03-UNRESOLVED,ALL5_LEVELS_bet23_to_bet27,19.3406,19.3406,19.3406,24.1758,24.1758,4.000000,4.000000,4.000000,5.000000,5.000000,96.000000,96.000000,96.000000,95.000000,95.000000,5.0,106.3734,97.4408,377.1419,386.0745,PENDING_AG03,FALSE,NOT_FOR_ENFORCEMENT,464.1747,596.2789,483.5153,464.1747,19.3406,0.77845235,0.74731426,19.3406,464.1747,0.74731426,19.3406,19.3406,19.3406,24.1758,24.1758,464.1747,0.74731426,106.3734,97.4408,377.1419,386.0745,0.60719283,0.62157415,0.03113809,103.5206,124.2248,96.7031,241.7576,161.1718,310.5619,2.5000,,103.5206,18.0009,35.6754,259.4572,259.4572,259.4572,259.4572,35.6754,-9.7872,7.272727,7.272727,2.90174,3,3,3,3,0E-8,0.77845235,,0E-8,0.000000,1.000000,0.000000,,2026-05-09,2026-06-25,2,3,3,48,0.041667,,,0.000000,,,,,,,,GLOBAL_BASELINE_NO_ENTITY_RANKING,,,NOT_APPLICABLE_GLOBAL_BASELINE,HF9g-P5,,,,X 全窗基线 · 不参与实体赏罚,8399051,840,A168_HF9F_20260827_0900,2026-08-27 09:00:00
2026-06-25,149305725,994,0,30.8586417055,30.8586417055,30.8586417055,1.0000000,2,2,0.49324550000000000,0.493245500000,1.4334489766152358,1.4334489766152358,1.4334489766152358,0E-17,ELIGIBLE,R03b_20260811_FULL_v1,L1_ELIGIBILITY,v2026-08-11,2026-03-21..2026-08-06,baccarat_bet02_101_all_pairs_incl_sentinel,round_win = game_pnl > 0 (decisive only),COMPATIBILITY_ONLY_NOT_PRODUCTION,621.1238,621.1238,483.5153,6,5,-0.77845235,,-0.77845235,-0.77845235,-483.5153,621.1238,THIN_EXPOSURE,0.0000,19.3406,4.0000,96.0000,AG03-UNRESOLVED,ALL5_LEVELS_bet23_to_bet27,19.3406,19.3406,19.3406,24.1758,24.1758,4.000000,4.000000,4.000000,5.000000,5.000000,96.000000,96.000000,96.000000,95.000000,95.000000,5.0,106.3734,97.4408,377.1419,386.0745,PENDING_AG03,FALSE,NOT_FOR_ENFORCEMENT,464.1747,596.2789,483.5153,464.1747,19.3406,0.77845235,0.74731426,19.3406,464.1747,0.74731426,19.3406,19.3406,19.3406,24.1758,24.1758,464.1747,0.74731426,106.3734,97.4408,377.1419,386.0745,0.60719283,0.62157415,0.03113809,103.5206,124.2248,96.7031,241.7576,161.1718,310.5619,2.5000,,103.5206,18.0009,35.6754,259.4572,259.4572,259.4572,259.4572,35.6754,-9.7872,7.272727,7.272727,2.90174,3,3,3,3,0E-8,0.77845235,,0E-8,0.000000,1.000000,0.000000,,2026-05-09,2026-06-25,2,3,3,48,0.041667,,,0.000000,,,,,,,,GLOBAL_BASELINE_NO_ENTITY_RANKING,,,NOT_APPLICABLE_GLOBAL_BASELINE,HF9g-P5,,,,X 全窗基线 · 不参与实体赏罚,8399052,840,A168_HF9F_20260827_0900,2026-08-27 09:00:00
2026-03-22,36810153,1017,0,4.4017959327,4.1817061361,4.1817061361,1.0000000,1,1,0.50665070000000000,0.506650700000,0.9867858985152569,0.9867858985152569,0.9867858985152569,0E-17,ELIGIBLE,R03b_20260811_FULL_v1,L1_ELIGIBILITY,v2026-08-11,2026-03-21..2026-08-06,baccarat_bet02_101_all_pairs_incl_sentinel,round_win = game_pnl > 0 (decisive only),COMPATIBILITY_ONLY_NOT_PRODUCTION,81515.6139,73739.3596,483.5193,11361,11361,-0.00593162,0.00694385,-0.01152257,-0.00593162,-483.5193,81515.6139,OK,0.0000,19.3408,4.0000,96.0000,AG03-UNRESOLVED,ALL5_LEVELS_bet23_to_bet27,19.3408,19.3408,19.3408,24.1760,24.1760,4.000000,4.000000,4.000000,5.000000,5.000000,96.000000,96.000000,96.000000,95.000000,95.000000,5.0,106.3742,97.4416,377.1451,386.0777,PENDING_AG03,FALSE,NOT_FOR_ENFORCEMENT,464.1785,70789.7852,483.5193,464.1785,19.3408,0.00593162,0.00569435,19.3408,464.1785,0.00569435,19.3408,19.3408,19.3408,24.1760,24.1760,464.1785,0.00569435,106.3742,97.4416,377.1451,386.0777,0.00462666,0.00473624,0.00023726,7.1750,6.4906,0.0426,4.2045,0.0806,708.8314,98.7913,8.8300,6.6350,4.0407,4.4018,8.4329,14.3073,20.7715,40.8781,4.2012,0.0,4.718859,9.286678,1.630025,30,242,81,2,0.30276321,0.00593162,-0.00694385,0E-8,0.000000,0.904604,0.002289,0.01846642,2026-03-22,2026-08-06,115,6001,2406,138,0.833333,1.330819,1.230659,1.009211,,,,,,,,GLOBAL_BASELINE_NO_ENTITY_RANKING,,,NOT_APPLICABLE_GLOBAL_BASELINE,HF9g-P5,,,,X 全窗基线 · 不参与实体赏罚,8399053,840,A168_HF9F_20260827_0900,2026-08-27 09:00:00
2026-03-22,36810153,1078,0,13.2053877983,-13.2053877983,-13.2053877983,0E-7,2,2,0.49994810000000000,0.499948100000,-1.4140667746232096,-1.4140667746232096,-1.4140667746232096,0E-17,ELIGIBLE,R03b_20260811_FULL_v1,L1_ELIGIBILITY,v2026-08-11,2026-03-21..2026-08-06,baccarat_bet02_101_all_pairs_incl_sentinel,round_win = game_pnl > 0 (decisive only),COMPATIBILITY_ONLY_NOT_PRODUCTION,81515.6139,73739.3596,483.5193,11361,11361,-0.00593162,0.00694385,-0.01152257,-0.00593162,-483.5193,81515.6139,OK,0.0000,19.3408,4.0000,96.0000,AG03-UNRESOLVED,ALL5_LEVELS_bet23_to_bet27,19.3408,19.3408,19.3408,24.1760,24.1760,4.000000,4.000000,4.000000,5.000000,5.000000,96.000000,96.000000,96.000000,95.000000,95.000000,5.0,106.3742,97.4416,377.1451,386.0777,PENDING_AG03,FALSE,NOT_FOR_ENFORCEMENT,464.1785,70789.7852,483.5193,464.1785,19.3408,0.00593162,0.00569435,19.3408,464.1785,0.00569435,19.3408,19.3408,19.3408,24.1760,24.1760,464.1785,0.00569435,106.3742,97.4416,377.1451,386.0777,0.00462666,0.00473624,0.00023726,7.1750,6.4906,0.0426,4.2045,0.0806,708.8314,98.7913,8.8300,6.6350,4.0407,4.4018,8.4329,14.3073,20.7715,40.8781,4.2012,0.0,4.718859,9.286678,1.630025,30,242,81,2,0.30276321,0.00593162,-0.00694385,0E-8,0.000000,0.904604,0.002289,0.01846642,2026-03-22,2026-08-06,115,6001,2406,138,0.833333,1.330819,1.230659,1.009211,,,,,,,,GLOBAL_BASELINE_NO_ENTITY_RANKING,,,NOT_APPLICABLE_GLOBAL_BASELINE,HF9g-P5,,,,X 全窗基线 · 不参与实体赏罚,8399054,840,A168_HF9F_20260827_0900,2026-08-27 09:00:00
2026-03-22,36810153,1210,0,4.4017959327,-4.4017959327,-4.4017959327,0E-7,1,1,0.49324550000000000,0.493245500000,-0.9865810262130424,-0.9865810262130424,-0.9865810262130424,0E-17,ELIGIBLE,R03b_20260811_FULL_v1,L1_ELIGIBILITY,v2026-08-11,2026-03-21..2026-08-06,baccarat_bet02_101_all_pairs_incl_sentinel,round_win = game_pnl > 0 (decisive only),COMPATIBILITY_ONLY_NOT_PRODUCTION,81515.6139,73739.3596,483.5193,11361,11361,-0.00593162,0.00694385,-0.01152257,-0.00593162,-483.5193,81515.6139,OK,0.0000,19.3408,4.0000,96.0000,AG03-UNRESOLVED,ALL5_LEVELS_bet23_to_bet27,19.3408,19.3408,19.3408,24.1760,24.1760,4.000000,4.000000,4.000000,5.000000,5.000000,96.000000,96.000000,96.000000,95.000000,95.000000,5.0,106.3742,97.4416,377.1451,386.0777,PENDING_AG03,FALSE,NOT_FOR_ENFORCEMENT,464.1785,70789.7852,483.5193,464.1785,19.3408,0.00593162,0.00569435,19.3408,464.1785,0.00569435,19.3408,19.3408,19.3408,24.1760,24.1760,464.1785,0.00569435,106.3742,97.4416,377.1451,386.0777,0.00462666,0.00473624,0.00023726,7.1750,6.4906,0.0426,4.2045,0.0806,708.8314,98.7913,8.8300,6.6350,4.0407,4.4018,8.4329,14.3073,20.7715,40.8781,4.2012,0.0,4.718859,9.286678,1.630025,30,242,81,2,0.30276321,0.00593162,-0.00694385,0E-8,0.000000,0.904604,0.002289,0.01846642,2026-03-22,2026-08-06,115,6001,2406,138,0.833333,1.330819,1.230659,1.009211,,,,,,,,GLOBAL_BASELINE_NO_ENTITY_RANKING,,,NOT_APPLICABLE_GLOBAL_BASELINE,HF9g-P5,,,,X 全窗基线 · 不参与实体赏罚,8399055,840,A168_HF9F_20260827_0900,2026-08-27 09:00:00
2026-03-22,36810153,1306,0,52.3813715996,-6.1625143059,-6.1625143059,0.3333333,7,7,0.49516052857142857,0.495160528571,-0.7928252472495432,-0.7928252472474502,-0.7928252472495432,4.2857E-13,ELIGIBLE,R03b_20260811_FULL_v1,L1_ELIGIBILITY,v2026-08-11,2026-03-21..2026-08-06,baccarat_bet02_101_all_pairs_incl_sentinel,round_win = game_pnl > 0 (decisive only),COMPATIBILITY_ONLY_NOT_PRODUCTION,81515.6139,73739.3596,483.5193,11361,11361,-0.00593162,0.00694385,-0.01152257,-0.00593162,-483.5193,81515.6139,OK,0.0000,19.3408,4.0000,96.0000,AG03-UNRESOLVED,ALL5_LEVELS_bet23_to_bet27,19.3408,19.3408,19.3408,24.1760,24.1760,4.000000,4.000000,4.000000,5.000000,5.000000,96.000000,96.000000,96.000000,95.000000,95.000000,5.0,106.3742,97.4416,377.1451,386.0777,PENDING_AG03,FALSE,NOT_FOR_ENFORCEMENT,464.1785,70789.7852,483.5193,464.1785,19.3408,0.00593162,0.00569435,19.3408,464.1785,0.00569435,19.3408,19.3408,19.3408,24.1760,24.1760,464.1785,0.00569435,106.3742,97.4416,377.1451,386.0777,0.00462666,0.00473624,0.00023726,7.1750,6.4906,0.0426,4.2045,0.0806,708.8314,98.7913,8.8300,6.6350,4.0407,4.4018,8.4329,14.3073,20.7715,40.8781,4.2012,0.0,4.718859,9.286678,1.630025,30,242,81,2,0.30276321,0.00593162,-0.00694385,0E-8,0.000000,0.904604,0.002289,0.01846642,2026-03-22,2026-08-06,115,6001,2406,138,0.833333,1.330819,1.230659,1.009211,,,,,,,,GLOBAL_BASELINE_NO_ENTITY_RANKING,,,NOT_APPLICABLE_GLOBAL_BASELINE,HF9g-P5,,,,X 全窗基线 · 不参与实体赏罚,8399056,840,A168_HF9F_20260827_0900,2026-08-27 09:00:00
2026-03-22,36810153,1346,0,14.3058367814,7.1529183907,7.1529183907,0.6666667,3,3,0.50218230000000000,0.502182300000,0.5697959874915163,0.5697959874915164,0.5697959874915163,0E-17,ELIGIBLE,R03b_20260811_FULL_v1,L1_ELIGIBILITY,v2026-08-11,2026-03-21..2026-08-06,baccarat_bet02_101_all_pairs_incl_sentinel,round_win = game_pnl > 0 (decisive only),COMPATIBILITY_ONLY_NOT_PRODUCTION,81515.6139,73739.3596,483.5193,11361,11361,-0.00593162,0.00694385,-0.01152257,-0.00593162,-483.5193,81515.6139,OK,0.0000,19.3408,4.0000,96.0000,AG03-UNRESOLVED,ALL5_LEVELS_bet23_to_bet27,19.3408,19.3408,19.3408,24.1760,24.1760,4.000000,4.000000,4.000000,5.000000,5.000000,96.000000,96.000000,96.000000,95.000000,95.000000,5.0,106.3742,97.4416,377.1451,386.0777,PENDING_AG03,FALSE,NOT_FOR_ENFORCEMENT,464.1785,70789.7852,483.5193,464.1785,19.3408,0.00593162,0.00569435,19.3408,464.1785,0.00569435,19.3408,19.3408,19.3408,24.1760,24.1760,464.1785,0.00569435,106.3742,97.4416,377.1451,386.0777,0.00462666,0.00473624,0.00023726,7.1750,6.4906,0.0426,4.2045,0.0806,708.8314,98.7913,8.8300,6.6350,4.0407,4.4018,8.4329,14.3073,20.7715,40.8781,4.2012,0.0,4.718859,9.286678,1.630025,30,242,81,2,0.30276321,0.00593162,-0.00694385,0E-8,0.000000,0.904604,0.002289,0.01846642,2026-03-22,2026-08-06,115,6001,2406,138,0.833333,1.330819,1.230659,1.009211,,,,,,,,GLOBAL_BASELINE_NO_ENTITY_RANKING,,,NOT_APPLICABLE_GLOBAL_BASELINE,HF9g-P5,,,,X 全窗基线 · 不参与实体赏罚,8399057,840,A168_HF9F_20260827_0900,2026-08-27 09:00:00
2026-03-22,36810153,1374,0,26.6308653929,-9.2437714586,-9.2437714586,0.4000000,6,6,0.49994810000000000,0.499948100000,-0.4469814940518811,-0.4469814940518811,-0.4469814940518811,0E-17,ELIGIBLE,R03b_20260811_FULL_v1,L1_ELIGIBILITY,v2026-08-11,2026-03-21..2026-08-06,baccarat_bet02_101_all_pairs_incl_sentinel,round_win = game_pnl > 0 (decisive only),COMPATIBILITY_ONLY_NOT_PRODUCTION,81515.6139,73739.3596,483.5193,11361,11361,-0.00593162,0.00694385,-0.01152257,-0.00593162,-483.5193,81515.6139,OK,0.0000,19.3408,4.0000,96.0000,AG03-UNRESOLVED,ALL5_LEVELS_bet23_to_bet27,19.3408,19.3408,19.3408,24.1760,24.1760,4.000000,4.000000,4.000000,5.000000,5.000000,96.000000,96.000000,96.000000,95.000000,95.000000,5.0,106.3742,97.4416,377.1451,386.0777,PENDING_AG03,FALSE,NOT_FOR_ENFORCEMENT,464.1785,70789.7852,483.5193,464.1785,19.3408,0.00593162,0.00569435,19.3408,464.1785,0.00569435,19.3408,19.3408,19.3408,24.1760,24.1760,464.1785,0.00569435,106.3742,97.4416,377.1451,386.0777,0.00462666,0.00473624,0.00023726,7.1750,6.4906,0.0426,4.2045,0.0806,708.8314,98.7913,8.8300,6.6350,4.0407,4.4018,8.4329,14.3073,20.7715,40.8781,4.2012,0.0,4.718859,9.286678,1.630025,30,242,81,2,0.30276321,0.00593162,-0.00694385,0E-8,0.000000,0.904604,0.002289,0.01846642,2026-03-22,2026-08-06,115,6001,2406,138,0.833333,1.330819,1.230659,1.009211,,,,,,,,GLOBAL_BASELINE_NO_ENTITY_RANKING,,,NOT_APPLICABLE_GLOBAL_BASELINE,HF9g-P5,,,,X 全窗基线 · 不参与实体赏罚,8399058,840,A168_HF9F_20260827_0900,2026-08-27 09:00:00
2026-03-22,36810153,1383,0,17.6071837308,4.4017959327,4.4017959327,0.6666667,4,4,0.49324550000000000,0.493245500000,0.6008033672792107,0.6008033672792106,0.6008033672792107,0E-17,ELIGIBLE,R03b_20260811_FULL_v1,L1_ELIGIBILITY,v2026-08-11,2026-03-21..2026-08-06,baccarat_bet02_101_all_pairs_incl_sentinel,round_win = game_pnl > 0 (decisive only),COMPATIBILITY_ONLY_NOT_PRODUCTION,81515.6139,73739.3596,483.5193,11361,11361,-0.00593162,0.00694385,-0.01152257,-0.00593162,-483.5193,81515.6139,OK,0.0000,19.3408,4.0000,96.0000,AG03-UNRESOLVED,ALL5_LEVELS_bet23_to_bet27,19.3408,19.3408,19.3408,24.1760,24.1760,4.000000,4.000000,4.000000,5.000000,5.000000,96.000000,96.000000,96.000000,95.000000,95.000000,5.0,106.3742,97.4416,377.1451,386.0777,PENDING_AG03,FALSE,NOT_FOR_ENFORCEMENT,464.1785,70789.7852,483.5193,464.1785,19.3408,0.00593162,0.00569435,19.3408,464.1785,0.00569435,19.3408,19.3408,19.3408,24.1760,24.1760,464.1785,0.00569435,106.3742,97.4416,377.1451,386.0777,0.00462666,0.00473624,0.00023726,7.1750,6.4906,0.0426,4.2045,0.0806,708.8314,98.7913,8.8300,6.6350,4.0407,4.4018,8.4329,14.3073,20.7715,40.8781,4.2012,0.0,4.718859,9.286678,1.630025,30,242,81,2,0.30276321,0.00593162,-0.00694385,0E-8,0.000000,0.904604,0.002289,0.01846642,2026-03-22,2026-08-06,115,6001,2406,138,0.833333,1.330819,1.230659,1.009211,,,,,,,,GLOBAL_BASELINE_NO_ENTITY_RANKING,,,NOT_APPLICABLE_GLOBAL_BASELINE,HF9g-P5,,,,X 全窗基线 · 不参与实体赏罚,8399059,840,A168_HF9F_20260827_0900,2026-08-27 09:00:00
2026-03-22,36810153,1384,0,11.0044898318,6.2725592042,6.2725592042,1.0000000,3,3,0.50218230000000000,0.502182300000,1.4080544974538591,1.4080544974538591,1.4080544974538591,0E-17,ELIGIBLE,R03b_20260811_FULL_v1,L1_ELIGIBILITY,v2026-08-11,2026-03-21..2026-08-06,baccarat_bet02_101_all_pairs_incl_sentinel,round_win = game_pnl > 0 (decisive only),COMPATIBILITY_ONLY_NOT_PRODUCTION,81515.6139,73739.3596,483.5193,11361,11361,-0.00593162,0.00694385,-0.01152257,-0.00593162,-483.5193,81515.6139,OK,0.0000,19.3408,4.0000,96.0000,AG03-UNRESOLVED,ALL5_LEVELS_bet23_to_bet27,19.3408,19.3408,19.3408,24.1760,24.1760,4.000000,4.000000,4.000000,5.000000,5.000000,96.000000,96.000000,96.000000,95.000000,95.000000,5.0,106.3742,97.4416,377.1451,386.0777,PENDING_AG03,FALSE,NOT_FOR_ENFORCEMENT,464.1785,70789.7852,483.5193,464.1785,19.3408,0.00593162,0.00569435,19.3408,464.1785,0.00569435,19.3408,19.3408,19.3408,24.1760,24.1760,464.1785,0.00569435,106.3742,97.4416,377.1451,386.0777,0.00462666,0.00473624,0.00023726,7.1750,6.4906,0.0426,4.2045,0.0806,708.8314,98.7913,8.8300,6.6350,4.0407,4.4018,8.4329,14.3073,20.7715,40.8781,4.2012,0.0,4.718859,9.286678,1.630025,30,242,81,2,0.30276321,0.00593162,-0.00694385,0E-8,0.000000,0.904604,0.002289,0.01846642,2026-03-22,2026-08-06,115,6001,2406,138,0.833333,1.330819,1.230659,1.009211,,,,,,,,GLOBAL_BASELINE_NO_ENTITY_RANKING,,,NOT_APPLICABLE_GLOBAL_BASELINE,HF9g-P5,,,,X 全窗基线 · 不参与实体赏罚,8399060,840,A168_HF9F_20260827_0900,2026-08-27 09:00:00
2026-03-22,36810153,1396,0,17.6071837310,3.8515714412,3.8515714412,0.5000000,2,2,0.49994810000000000,0.499948100000,0.00014679536856514622,0.00014679536856514622,0.00014679536856514622,0E-17,ELIGIBLE,R03b_20260811_FULL_v1,L1_ELIGIBILITY,v2026-08-11,2026-03-21..2026-08-06,baccarat_bet02_101_all_pairs_incl_sentinel,round_win = game_pnl > 0 (decisive only),COMPATIBILITY_ONLY_NOT_PRODUCTION,81515.6139,73739.3596,483.5193,11361,11361,-0.00593162,0.00694385,-0.01152257,-0.00593162,-483.5193,81515.6139,OK,0.0000,19.3408,4.0000,96.0000,AG03-UNRESOLVED,ALL5_LEVELS_bet23_to_bet27,19.3408,19.3408,19.3408,24.1760,24.1760,4.000000,4.000000,4.000000,5.000000,5.000000,96.000000,96.000000,96.000000,95.000000,95.000000,5.0,106.3742,97.4416,377.1451,386.0777,PENDING_AG03,FALSE,NOT_FOR_ENFORCEMENT,464.1785,70789.7852,483.5193,464.1785,19.3408,0.00593162,0.00569435,19.3408,464.1785,0.00569435,19.3408,19.3408,19.3408,24.1760,24.1760,464.1785,0.00569435,106.3742,97.4416,377.1451,386.0777,0.00462666,0.00473624,0.00023726,7.1750,6.4906,0.0426,4.2045,0.0806,708.8314,98.7913,8.8300,6.6350,4.0407,4.4018,8.4329,14.3073,20.7715,40.8781,4.2012,0.0,4.718859,9.286678,1.630025,30,242,81,2,0.30276321,0.00593162,-0.00694385,0E-8,0.000000,0.904604,0.002289,0.01846642,2026-03-22,2026-08-06,115,6001,2406,138,0.833333,1.330819,1.230659,1.009211,,,,,,,,GLOBAL_BASELINE_NO_ENTITY_RANKING,,,NOT_APPLICABLE_GLOBAL_BASELINE,HF9g-P5,,,,X 全窗基线 · 不参与实体赏罚,8399061,840,A168_HF9F_20260827_0900,2026-08-27 09:00:00
2026-03-22,36810153,1485,0,13.2053877982,-13.2053877982,-13.2053877982,0E-7,1,1,0.49324550000000000,0.493245500000,-0.9865810262130424,-0.9865810262130424,-0.9865810262130424,0E-17,ELIGIBLE,R03b_20260811_FULL_v1,L1_ELIGIBILITY,v2026-08-11,2026-03-21..2026-08-06,baccarat_bet02_101_all_pairs_incl_sentinel,round_win = game_pnl > 0 (decisive only),COMPATIBILITY_ONLY_NOT_PRODUCTION,81515.6139,73739.3596,483.5193,11361,11361,-0.00593162,0.00694385,-0.01152257,-0.00593162,-483.5193,81515.6139,OK,0.0000,19.3408,4.0000,96.0000,AG03-UNRESOLVED,ALL5_LEVELS_bet23_to_bet27,19.3408,19.3408,19.3408,24.1760,24.1760,4.000000,4.000000,4.000000,5.000000,5.000000,96.000000,96.000000,96.000000,95.000000,95.000000,5.0,106.3742,97.4416,377.1451,386.0777,PENDING_AG03,FALSE,NOT_FOR_ENFORCEMENT,464.1785,70789.7852,483.5193,464.1785,19.3408,0.00593162,0.00569435,19.3408,464.1785,0.00569435,19.3408,19.3408,19.3408,24.1760,24.1760,464.1785,0.00569435,106.3742,97.4416,377.1451,386.0777,0.00462666,0.00473624,0.00023726,7.1750,6.4906,0.0426,4.2045,0.0806,708.8314,98.7913,8.8300,6.6350,4.0407,4.4018,8.4329,14.3073,20.7715,40.8781,4.2012,0.0,4.718859,9.286678,1.630025,30,242,81,2,0.30276321,0.00593162,-0.00694385,0E-8,0.000000,0.904604,0.002289,0.01846642,2026-03-22,2026-08-06,115,6001,2406,138,0.833333,1.330819,1.230659,1.009211,,,,,,,,GLOBAL_BASELINE_NO_ENTITY_RANKING,,,NOT_APPLICABLE_GLOBAL_BASELINE,HF9g-P5,,,,X 全窗基线 · 不参与实体赏罚,8399062,840,A168_HF9F_20260827_0900,2026-08-27 09:00:00
2026-03-22,36810153,1505,0,13.2053877982,0E-10,0E-10,,1,1,0.49324550000000000,0.493245500000,,,,0E-17,NO_DECISIVE_ROUND,R03b_20260811_FULL_v1,L1_ELIGIBILITY,v2026-08-11,2026-03-21..2026-08-06,baccarat_bet02_101_all_pairs_incl_sentinel,round_win = game_pnl > 0 (decisive only),COMPATIBILITY_ONLY_NOT_PRODUCTION,81515.6139,73739.3596,483.5193,11361,11361,-0.00593162,0.00694385,-0.01152257,-0.00593162,-483.5193,81515.6139,OK,0.0000,19.3408,4.0000,96.0000,AG03-UNRESOLVED,ALL5_LEVELS_bet23_to_bet27,19.3408,19.3408,19.3408,24.1760,24.1760,4.000000,4.000000,4.000000,5.000000,5.000000,96.000000,96.000000,96.000000,95.000000,95.000000,5.0,106.3742,97.4416,377.1451,386.0777,PENDING_AG03,FALSE,NOT_FOR_ENFORCEMENT,464.1785,70789.7852,483.5193,464.1785,19.3408,0.00593162,0.00569435,19.3408,464.1785,0.00569435,19.3408,19.3408,19.3408,24.1760,24.1760,464.1785,0.00569435,106.3742,97.4416,377.1451,386.0777,0.00462666,0.00473624,0.00023726,7.1750,6.4906,0.0426,4.2045,0.0806,708.8314,98.7913,8.8300,6.6350,4.0407,4.4018,8.4329,14.3073,20.7715,40.8781,4.2012,0.0,4.718859,9.286678,1.630025,30,242,81,2,0.30276321,0.00593162,-0.00694385,0E-8,0.000000,0.904604,0.002289,0.01846642,2026-03-22,2026-08-06,115,6001,2406,138,0.833333,1.330819,1.230659,1.009211,,,,,,,,GLOBAL_BASELINE_NO_ENTITY_RANKING,,,NOT_APPLICABLE_GLOBAL_BASELINE,HF9g-P5,,,,X 全窗基线 · 不参与实体赏罚,8399063,840,A168_HF9F_20260827_0900,2026-08-27 09:00:00
2026-03-22,36810153,1702,0,12.1049388150,1.1004489831,1.1004489831,0.5000000,3,3,0.49771390000000000,0.497713900000,0.006466134837551399,0.0064661348375514,0.006466134837551399,0E-17,ELIGIBLE,R03b_20260811_FULL_v1,L1_ELIGIBILITY,v2026-08-11,2026-03-21..2026-08-06,baccarat_bet02_101_all_pairs_incl_sentinel,round_win = game_pnl > 0 (decisive only),COMPATIBILITY_ONLY_NOT_PRODUCTION,81515.6139,73739.3596,483.5193,11361,11361,-0.00593162,0.00694385,-0.01152257,-0.00593162,-483.5193,81515.6139,OK,0.0000,19.3408,4.0000,96.0000,AG03-UNRESOLVED,ALL5_LEVELS_bet23_to_bet27,19.3408,19.3408,19.3408,24.1760,24.1760,4.000000,4.000000,4.000000,5.000000,5.000000,96.000000,96.000000,96.000000,95.000000,95.000000,5.0,106.3742,97.4416,377.1451,386.0777,PENDING_AG03,FALSE,NOT_FOR_ENFORCEMENT,464.1785,70789.7852,483.5193,464.1785,19.3408,0.00593162,0.00569435,19.3408,464.1785,0.00569435,19.3408,19.3408,19.3408,24.1760,24.1760,464.1785,0.00569435,106.3742,97.4416,377.1451,386.0777,0.00462666,0.00473624,0.00023726,7.1750,6.4906,0.0426,4.2045,0.0806,708.8314,98.7913,8.8300,6.6350,4.0407,4.4018,8.4329,14.3073,20.7715,40.8781,4.2012,0.0,4.718859,9.286678,1.630025,30,242,81,2,0.30276321,0.00593162,-0.00694385,0E-8,0.000000,0.904604,0.002289,0.01846642,2026-03-22,2026-08-06,115,6001,2406,138,0.833333,1.330819,1.230659,1.009211,,,,,,,,GLOBAL_BASELINE_NO_ENTITY_RANKING,,,NOT_APPLICABLE_GLOBAL_BASELINE,HF9g-P5,,,,X 全窗基线 · 不参与实体赏罚,8399064,840,A168_HF9F_20260827_0900,2026-08-27 09:00:00
2026-03-22,36810153,1704,0,15.4062857646,6.0524694076,6.0524694076,0.5000000,2,2,0.50665070000000000,0.506650700000,-0.018812684590367487,-0.018812684590367487,-0.018812684590367487,0E-17,ELIGIBLE,R03b_20260811_FULL_v1,L1_ELIGIBILITY,v2026-08-11,2026-03-21..2026-08-06,baccarat_bet02_101_all_pairs_incl_sentinel,round_win = game_pnl > 0 (decisive only),COMPATIBILITY_ONLY_NOT_PRODUCTION,81515.6139,73739.3596,483.5193,11361,11361,-0.00593162,0.00694385,-0.01152257,-0.00593162,-483.5193,81515.6139,OK,0.0000,19.3408,4.0000,96.0000,AG03-UNRESOLVED,ALL5_LEVELS_bet23_to_bet27,19.3408,19.3408,19.3408,24.1760,24.1760,4.000000,4.000000,4.000000,5.000000,5.000000,96.000000,96.000000,96.000000,95.000000,95.000000,5.0,106.3742,97.4416,377.1451,386.0777,PENDING_AG03,FALSE,NOT_FOR_ENFORCEMENT,464.1785,70789.7852,483.5193,464.1785,19.3408,0.00593162,0.00569435,19.3408,464.1785,0.00569435,19.3408,19.3408,19.3408,24.1760,24.1760,464.1785,0.00569435,106.3742,97.4416,377.1451,386.0777,0.00462666,0.00473624,0.00023726,7.1750,6.4906,0.0426,4.2045,0.0806,708.8314,98.7913,8.8300,6.6350,4.0407,4.4018,8.4329,14.3073,20.7715,40.8781,4.2012,0.0,4.718859,9.286678,1.630025,30,242,81,2,0.30276321,0.00593162,-0.00694385,0E-8,0.000000,0.904604,0.002289,0.01846642,2026-03-22,2026-08-06,115,6001,2406,138,0.833333,1.330819,1.230659,1.009211,,,,,,,,GLOBAL_BASELINE_NO_ENTITY_RANKING,,,NOT_APPLICABLE_GLOBAL_BASELINE,HF9g-P5,,,,X 全窗基线 · 不参与实体赏罚,8399065,840,A168_HF9F_20260827_0900,2026-08-27 09:00:00
2026-03-22,36810153,1711,0,4.4017959327,-4.4017959327,-4.4017959327,0E-7,1,1,0.49324550000000000,0.493245500000,-0.9865810262130424,-0.9865810262130424,-0.9865810262130424,0E-17,ELIGIBLE,R03b_20260811_FULL_v1,L1_ELIGIBILITY,v2026-08-11,2026-03-21..2026-08-06,baccarat_bet02_101_all_pairs_incl_sentinel,round_win = game_pnl > 0 (decisive only),COMPATIBILITY_ONLY_NOT_PRODUCTION,81515.6139,73739.3596,483.5193,11361,11361,-0.00593162,0.00694385,-0.01152257,-0.00593162,-483.5193,81515.6139,OK,0.0000,19.3408,4.0000,96.0000,AG03-UNRESOLVED,ALL5_LEVELS_bet23_to_bet27,19.3408,19.3408,19.3408,24.1760,24.1760,4.000000,4.000000,4.000000,5.000000,5.000000,96.000000,96.000000,96.000000,95.000000,95.000000,5.0,106.3742,97.4416,377.1451,386.0777,PENDING_AG03,FALSE,NOT_FOR_ENFORCEMENT,464.1785,70789.7852,483.5193,464.1785,19.3408,0.00593162,0.00569435,19.3408,464.1785,0.00569435,19.3408,19.3408,19.3408,24.1760,24.1760,464.1785,0.00569435,106.3742,97.4416,377.1451,386.0777,0.00462666,0.00473624,0.00023726,7.1750,6.4906,0.0426,4.2045,0.0806,708.8314,98.7913,8.8300,6.6350,4.0407,4.4018,8.4329,14.3073,20.7715,40.8781,4.2012,0.0,4.718859,9.286678,1.630025,30,242,81,2,0.30276321,0.00593162,-0.00694385,0E-8,0.000000,0.904604,0.002289,0.01846642,2026-03-22,2026-08-06,115,6001,2406,138,0.833333,1.330819,1.230659,1.009211,,,,,,,,GLOBAL_BASELINE_NO_ENTITY_RANKING,,,NOT_APPLICABLE_GLOBAL_BASELINE,HF9g-P5,,,,X 全窗基线 · 不参与实体赏罚,8399066,840,A168_HF9F_20260827_0900,2026-08-27 09:00:00
2026-03-22,36810153,1941,0,4.4017959327,-4.4017959327,-4.4017959327,0E-7,1,1,0.49324550000000000,0.493245500000,-0.9865810262130424,-0.9865810262130424,-0.9865810262130424,0E-17,ELIGIBLE,R03b_20260811_FULL_v1,L1_ELIGIBILITY,v2026-08-11,2026-03-21..2026-08-06,baccarat_bet02_101_all_pairs_incl_sentinel,round_win = game_pnl > 0 (decisive only),COMPATIBILITY_ONLY_NOT_PRODUCTION,81515.6139,73739.3596,483.5193,11361,11361,-0.00593162,0.00694385,-0.01152257,-0.00593162,-483.5193,81515.6139,OK,0.0000,19.3408,4.0000,96.0000,AG03-UNRESOLVED,ALL5_LEVELS_bet23_to_bet27,19.3408,19.3408,19.3408,24.1760,24.1760,4.000000,4.000000,4.000000,5.000000,5.000000,96.000000,96.000000,96.000000,95.000000,95.000000,5.0,106.3742,97.4416,377.1451,386.0777,PENDING_AG03,FALSE,NOT_FOR_ENFORCEMENT,464.1785,70789.7852,483.5193,464.1785,19.3408,0.00593162,0.00569435,19.3408,464.1785,0.00569435,19.3408,19.3408,19.3408,24.1760,24.1760,464.1785,0.00569435,106.3742,97.4416,377.1451,386.0777,0.00462666,0.00473624,0.00023726,7.1750,6.4906,0.0426,4.2045,0.0806,708.8314,98.7913,8.8300,6.6350,4.0407,4.4018,8.4329,14.3073,20.7715,40.8781,4.2012,0.0,4.718859,9.286678,1.630025,30,242,81,2,0.30276321,0.00593162,-0.00694385,0E-8,0.000000,0.904604,0.002289,0.01846642,2026-03-22,2026-08-06,115,6001,2406,138,0.833333,1.330819,1.230659,1.009211,,,,,,,,GLOBAL_BASELINE_NO_ENTITY_RANKING,,,NOT_APPLICABLE_GLOBAL_BASELINE,HF9g-P5,,,,X 全窗基线 · 不参与实体赏罚,8399067,840,A168_HF9F_20260827_0900,2026-08-27 09:00:00
2026-03-22,36810153,1942,0,4.4017959327,4.1817061361,4.1817061361,1.0000000,1,1,0.50665070000000000,0.506650700000,0.9867858985152569,0.9867858985152569,0.9867858985152569,0E-17,ELIGIBLE,R03b_20260811_FULL_v1,L1_ELIGIBILITY,v2026-08-11,2026-03-21..2026-08-06,baccarat_bet02_101_all_pairs_incl_sentinel,round_win = game_pnl > 0 (decisive only),COMPATIBILITY_ONLY_NOT_PRODUCTION,81515.6139,73739.3596,483.5193,11361,11361,-0.00593162,0.00694385,-0.01152257,-0.00593162,-483.5193,81515.6139,OK,0.0000,19.3408,4.0000,96.0000,AG03-UNRESOLVED,ALL5_LEVELS_bet23_to_bet27,19.3408,19.3408,19.3408,24.1760,24.1760,4.000000,4.000000,4.000000,5.000000,5.000000,96.000000,96.000000,96.000000,95.000000,95.000000,5.0,106.3742,97.4416,377.1451,386.0777,PENDING_AG03,FALSE,NOT_FOR_ENFORCEMENT,464.1785,70789.7852,483.5193,464.1785,19.3408,0.00593162,0.00569435,19.3408,464.1785,0.00569435,19.3408,19.3408,19.3408,24.1760,24.1760,464.1785,0.00569435,106.3742,97.4416,377.1451,386.0777,0.00462666,0.00473624,0.00023726,7.1750,6.4906,0.0426,4.2045,0.0806,708.8314,98.7913,8.8300,6.6350,4.0407,4.4018,8.4329,14.3073,20.7715,40.8781,4.2012,0.0,4.718859,9.286678,1.630025,30,242,81,2,0.30276321,0.00593162,-0.00694385,0E-8,0.000000,0.904604,0.002289,0.01846642,2026-03-22,2026-08-06,115,6001,2406,138,0.833333,1.330819,1.230659,1.009211,,,,,,,,GLOBAL_BASELINE_NO_ENTITY_RANKING,,,NOT_APPLICABLE_GLOBAL_BASELINE,HF9g-P5,,,,X 全窗基线 · 不参与实体赏罚,8399068,840,A168_HF9F_20260827_0900,2026-08-27 09:00:00
2026-03-22,36810153,1951,0,8.5835020688,-4.1817061361,-4.1817061361,0E-7,2,2,0.50665070000000000,0.506650700000,-1.013391052207602,-1.013391052207602,-1.013391052207602,0E-17,ELIGIBLE,R03b_20260811_FULL_v1,L1_ELIGIBILITY,v2026-08-11,2026-03-21..2026-08-06,baccarat_bet02_101_all_pairs_incl_sentinel,round_win = game_pnl > 0 (decisive only),COMPATIBILITY_ONLY_NOT_PRODUCTION,81515.6139,73739.3596,483.5193,11361,11361,-0.00593162,0.00694385,-0.01152257,-0.00593162,-483.5193,81515.6139,OK,0.0000,19.3408,4.0000,96.0000,AG03-UNRESOLVED,ALL5_LEVELS_bet23_to_bet27,19.3408,19.3408,19.3408,24.1760,24.1760,4.000000,4.000000,4.000000,5.000000,5.000000,96.000000,96.000000,96.000000,95.000000,95.000000,5.0,106.3742,97.4416,377.1451,386.0777,PENDING_AG03,FALSE,NOT_FOR_ENFORCEMENT,464.1785,70789.7852,483.5193,464.1785,19.3408,0.00593162,0.00569435,19.3408,464.1785,0.00569435,19.3408,19.3408,19.3408,24.1760,24.1760,464.1785,0.00569435,106.3742,97.4416,377.1451,386.0777,0.00462666,0.00473624,0.00023726,7.1750,6.4906,0.0426,4.2045,0.0806,708.8314,98.7913,8.8300,6.6350,4.0407,4.4018,8.4329,14.3073,20.7715,40.8781,4.2012,0.0,4.718859,9.286678,1.630025,30,242,81,2,0.30276321,0.00593162,-0.00694385,0E-8,0.000000,0.904604,0.002289,0.01846642,2026-03-22,2026-08-06,115,6001,2406,138,0.833333,1.330819,1.230659,1.009211,,,,,,,,GLOBAL_BASELINE_NO_ENTITY_RANKING,,,NOT_APPLICABLE_GLOBAL_BASELINE,HF9g-P5,,,,X 全窗基线 · 不参与实体赏罚,8399069,840,A168_HF9F_20260827_0900,2026-08-27 09:00:00
2026-03-22,36810153,1966,0,12.9852980016,12.3360331015,12.3360331015,1.0000000,1,1,0.50665070000000000,0.506650700000,0.9867858985152569,0.9867858985152569,0.9867858985152569,0E-17,ELIGIBLE,R03b_20260811_FULL_v1,L1_ELIGIBILITY,v2026-08-11,2026-03-21..2026-08-06,baccarat_bet02_101_all_pairs_incl_sentinel,round_win = game_pnl > 0 (decisive only),COMPATIBILITY_ONLY_NOT_PRODUCTION,81515.6139,73739.3596,483.5193,11361,11361,-0.00593162,0.00694385,-0.01152257,-0.00593162,-483.5193,81515.6139,OK,0.0000,19.3408,4.0000,96.0000,AG03-UNRESOLVED,ALL5_LEVELS_bet23_to_bet27,19.3408,19.3408,19.3408,24.1760,24.1760,4.000000,4.000000,4.000000,5.000000,5.000000,96.000000,96.000000,96.000000,95.000000,95.000000,5.0,106.3742,97.4416,377.1451,386.0777,PENDING_AG03,FALSE,NOT_FOR_ENFORCEMENT,464.1785,70789.7852,483.5193,464.1785,19.3408,0.00593162,0.00569435,19.3408,464.1785,0.00569435,19.3408,19.3408,19.3408,24.1760,24.1760,464.1785,0.00569435,106.3742,97.4416,377.1451,386.0777,0.00462666,0.00473624,0.00023726,7.1750,6.4906,0.0426,4.2045,0.0806,708.8314,98.7913,8.8300,6.6350,4.0407,4.4018,8.4329,14.3073,20.7715,40.8781,4.2012,0.0,4.718859,9.286678,1.630025,30,242,81,2,0.30276321,0.00593162,-0.00694385,0E-8,0.000000,0.904604,0.002289,0.01846642,2026-03-22,2026-08-06,115,6001,2406,138,0.833333,1.330819,1.230659,1.009211,,,,,,,,GLOBAL_BASELINE_NO_ENTITY_RANKING,,,NOT_APPLICABLE_GLOBAL_BASELINE,HF9g-P5,,,,X 全窗基线 · 不参与实体赏罚,8399070,840,A168_HF9F_20260827_0900,2026-08-27 09:00:00
2026-03-22,36810153,1985,0,6.6026938991,-2.2008979663,-2.2008979663,0.5000000,2,2,0.49324550000000000,0.493245500000,0.01910635448239258,0.01910635448239258,0.01910635448239258,0E-17,ELIGIBLE,R03b_20260811_FULL_v1,L1_ELIGIBILITY,v2026-08-11,2026-03-21..2026-08-06,baccarat_bet02_101_all_pairs_incl_sentinel,round_win = game_pnl > 0 (decisive only),COMPATIBILITY_ONLY_NOT_PRODUCTION,81515.6139,73739.3596,483.5193,11361,11361,-0.00593162,0.00694385,-0.01152257,-0.00593162,-483.5193,81515.6139,OK,0.0000,19.3408,4.0000,96.0000,AG03-UNRESOLVED,ALL5_LEVELS_bet23_to_bet27,19.3408,19.3408,19.3408,24.1760,24.1760,4.000000,4.000000,4.000000,5.000000,5.000000,96.000000,96.000000,96.000000,95.000000,95.000000,5.0,106.3742,97.4416,377.1451,386.0777,PENDING_AG03,FALSE,NOT_FOR_ENFORCEMENT,464.1785,70789.7852,483.5193,464.1785,19.3408,0.00593162,0.00569435,19.3408,464.1785,0.00569435,19.3408,19.3408,19.3408,24.1760,24.1760,464.1785,0.00569435,106.3742,97.4416,377.1451,386.0777,0.00462666,0.00473624,0.00023726,7.1750,6.4906,0.0426,4.2045,0.0806,708.8314,98.7913,8.8300,6.6350,4.0407,4.4018,8.4329,14.3073,20.7715,40.8781,4.2012,0.0,4.718859,9.286678,1.630025,30,242,81,2,0.30276321,0.00593162,-0.00694385,0E-8,0.000000,0.904604,0.002289,0.01846642,2026-03-22,2026-08-06,115,6001,2406,138,0.833333,1.330819,1.230659,1.009211,,,,,,,,GLOBAL_BASELINE_NO_ENTITY_RANKING,,,NOT_APPLICABLE_GLOBAL_BASELINE,HF9g-P5,,,,X 全窗基线 · 不参与实体赏罚,8399071,840,A168_HF9F_20260827_0900,2026-08-27 09:00:00
2026-03-22,36810153,2101,0,8.8035918654,-4.4017959327,-4.4017959327,0E-7,2,2,0.49994810000000000,0.499948100000,-0.9998962053866608,-0.9998962053866608,-0.9998962053866608,0E-17,ELIGIBLE,R03b_20260811_FULL_v1,L1_ELIGIBILITY,v2026-08-11,2026-03-21..2026-08-06,baccarat_bet02_101_all_pairs_incl_sentinel,round_win = game_pnl > 0 (decisive only),COMPATIBILITY_ONLY_NOT_PRODUCTION,81515.6139,73739.3596,483.5193,11361,11361,-0.00593162,0.00694385,-0.01152257,-0.00593162,-483.5193,81515.6139,OK,0.0000,19.3408,4.0000,96.0000,AG03-UNRESOLVED,ALL5_LEVELS_bet23_to_bet27,19.3408,19.3408,19.3408,24.1760,24.1760,4.000000,4.000000,4.000000,5.000000,5.000000,96.000000,96.000000,96.000000,95.000000,95.000000,5.0,106.3742,97.4416,377.1451,386.0777,PENDING_AG03,FALSE,NOT_FOR_ENFORCEMENT,464.1785,70789.7852,483.5193,464.1785,19.3408,0.00593162,0.00569435,19.3408,464.1785,0.00569435,19.3408,19.3408,19.3408,24.1760,24.1760,464.1785,0.00569435,106.3742,97.4416,377.1451,386.0777,0.00462666,0.00473624,0.00023726,7.1750,6.4906,0.0426,4.2045,0.0806,708.8314,98.7913,8.8300,6.6350,4.0407,4.4018,8.4329,14.3073,20.7715,40.8781,4.2012,0.0,4.718859,9.286678,1.630025,30,242,81,2,0.30276321,0.00593162,-0.00694385,0E-8,0.000000,0.904604,0.002289,0.01846642,2026-03-22,2026-08-06,115,6001,2406,138,0.833333,1.330819,1.230659,1.009211,,,,,,,,GLOBAL_BASELINE_NO_ENTITY_RANKING,,,NOT_APPLICABLE_GLOBAL_BASELINE,HF9g-P5,,,,X 全窗基线 · 不参与实体赏罚,8399072,840,A168_HF9F_20260827_0900,2026-08-27 09:00:00
2026-03-22,36810153,2103,0,8.8035918654,8.5835020688,8.5835020688,1.0000000,2,2,0.49994810000000000,0.499948100000,1.4143603653603398,1.4143603653603398,1.4143603653603398,0E-17,ELIGIBLE,R03b_20260811_FULL_v1,L1_ELIGIBILITY,v2026-08-11,2026-03-21..2026-08-06,baccarat_bet02_101_all_pairs_incl_sentinel,round_win = game_pnl > 0 (decisive only),COMPATIBILITY_ONLY_NOT_PRODUCTION,81515.6139,73739.3596,483.5193,11361,11361,-0.00593162,0.00694385,-0.01152257,-0.00593162,-483.5193,81515.6139,OK,0.0000,19.3408,4.0000,96.0000,AG03-UNRESOLVED,ALL5_LEVELS_bet23_to_bet27,19.3408,19.3408,19.3408,24.1760,24.1760,4.000000,4.000000,4.000000,5.000000,5.000000,96.000000,96.000000,96.000000,95.000000,95.000000,5.0,106.3742,97.4416,377.1451,386.0777,PENDING_AG03,FALSE,NOT_FOR_ENFORCEMENT,464.1785,70789.7852,483.5193,464.1785,19.3408,0.00593162,0.00569435,19.3408,464.1785,0.00569435,19.3408,19.3408,19.3408,24.1760,24.1760,464.1785,0.00569435,106.3742,97.4416,377.1451,386.0777,0.00462666,0.00473624,0.00023726,7.1750,6.4906,0.0426,4.2045,0.0806,708.8314,98.7913,8.8300,6.6350,4.0407,4.4018,8.4329,14.3073,20.7715,40.8781,4.2012,0.0,4.718859,9.286678,1.630025,30,242,81,2,0.30276321,0.00593162,-0.00694385,0E-8,0.000000,0.904604,0.002289,0.01846642,2026-03-22,2026-08-06,115,6001,2406,138,0.833333,1.330819,1.230659,1.009211,,,,,,,,GLOBAL_BASELINE_NO_ENTITY_RANKING,,,NOT_APPLICABLE_GLOBAL_BASELINE,HF9g-P5,,,,X 全窗基线 · 不参与实体赏罚,8399073,840,A168_HF9F_20260827_0900,2026-08-27 09:00:00
2026-03-22,36810153,2106,0,22.0089796636,3.9616163395,3.9616163395,0.6666667,4,4,0.50665070000000000,0.506650700000,0.5543606114942035,0.5543606114942035,0.5543606114942035,0E-17,ELIGIBLE,R03b_20260811_FULL_v1,L1_ELIGIBILITY,v2026-08-11,2026-03-21..2026-08-06,baccarat_bet02_101_all_pairs_incl_sentinel,round_win = game_pnl > 0 (decisive only),COMPATIBILITY_ONLY_NOT_PRODUCTION,81515.6139,73739.3596,483.5193,11361,11361,-0.00593162,0.00694385,-0.01152257,-0.00593162,-483.5193,81515.6139,OK,0.0000,19.3408,4.0000,96.0000,AG03-UNRESOLVED,ALL5_LEVELS_bet23_to_bet27,19.3408,19.3408,19.3408,24.1760,24.1760,4.000000,4.000000,4.000000,5.000000,5.000000,96.000000,96.000000,96.000000,95.000000,95.000000,5.0,106.3742,97.4416,377.1451,386.0777,PENDING_AG03,FALSE,NOT_FOR_ENFORCEMENT,464.1785,70789.7852,483.5193,464.1785,19.3408,0.00593162,0.00569435,19.3408,464.1785,0.00569435,19.3408,19.3408,19.3408,24.1760,24.1760,464.1785,0.00569435,106.3742,97.4416,377.1451,386.0777,0.00462666,0.00473624,0.00023726,7.1750,6.4906,0.0426,4.2045,0.0806,708.8314,98.7913,8.8300,6.6350,4.0407,4.4018,8.4329,14.3073,20.7715,40.8781,4.2012,0.0,4.718859,9.286678,1.630025,30,242,81,2,0.30276321,0.00593162,-0.00694385,0E-8,0.000000,0.904604,0.002289,0.01846642,2026-03-22,2026-08-06,115,6001,2406,138,0.833333,1.330819,1.230659,1.009211,,,,,,,,GLOBAL_BASELINE_NO_ENTITY_RANKING,,,NOT_APPLICABLE_GLOBAL_BASELINE,HF9g-P5,,,,X 全窗基线 · 不参与实体赏罚,8399074,840,A168_HF9F_20260827_0900,2026-08-27 09:00:00
2026-03-22,36810153,2129,0,4.4017959327,4.1817061361,4.1817061361,1.0000000,1,1,0.50665070000000000,0.506650700000,0.9867858985152569,0.9867858985152569,0.9867858985152569,0E-17,ELIGIBLE,R03b_20260811_FULL_v1,L1_ELIGIBILITY,v2026-08-11,2026-03-21..2026-08-06,baccarat_bet02_101_all_pairs_incl_sentinel,round_win = game_pnl > 0 (decisive only),COMPATIBILITY_ONLY_NOT_PRODUCTION,81515.6139,73739.3596,483.5193,11361,11361,-0.00593162,0.00694385,-0.01152257,-0.00593162,-483.5193,81515.6139,OK,0.0000,19.3408,4.0000,96.0000,AG03-UNRESOLVED,ALL5_LEVELS_bet23_to_bet27,19.3408,19.3408,19.3408,24.1760,24.1760,4.000000,4.000000,4.000000,5.000000,5.000000,96.000000,96.000000,96.000000,95.000000,95.000000,5.0,106.3742,97.4416,377.1451,386.0777,PENDING_AG03,FALSE,NOT_FOR_ENFORCEMENT,464.1785,70789.7852,483.5193,464.1785,19.3408,0.00593162,0.00569435,19.3408,464.1785,0.00569435,19.3408,19.3408,19.3408,24.1760,24.1760,464.1785,0.00569435,106.3742,97.4416,377.1451,386.0777,0.00462666,0.00473624,0.00023726,7.1750,6.4906,0.0426,4.2045,0.0806,708.8314,98.7913,8.8300,6.6350,4.0407,4.4018,8.4329,14.3073,20.7715,40.8781,4.2012,0.0,4.718859,9.286678,1.630025,30,242,81,2,0.30276321,0.00593162,-0.00694385,0E-8,0.000000,0.904604,0.002289,0.01846642,2026-03-22,2026-08-06,115,6001,2406,138,0.833333,1.330819,1.230659,1.009211,,,,,,,,GLOBAL_BASELINE_NO_ENTITY_RANKING,,,NOT_APPLICABLE_GLOBAL_BASELINE,HF9g-P5,,,,X 全窗基线 · 不参与实体赏罚,8399075,840,A168_HF9F_20260827_0900,2026-08-27 09:00:00
2026-03-22,36810153,2130,0,18.9277225107,18.9277225107,18.9277225107,1.0000000,2,2,0.49324550000000000,0.493245500000,1.4334489766152358,1.4334489766152358,1.4334489766152358,0E-17,ELIGIBLE,R03b_20260811_FULL_v1,L1_ELIGIBILITY,v2026-08-11,2026-03-21..2026-08-06,baccarat_bet02_101_all_pairs_incl_sentinel,round_win = game_pnl > 0 (decisive only),COMPATIBILITY_ONLY_NOT_PRODUCTION,81515.6139,73739.3596,483.5193,11361,11361,-0.00593162,0.00694385,-0.01152257,-0.00593162,-483.5193,81515.6139,OK,0.0000,19.3408,4.0000,96.0000,AG03-UNRESOLVED,ALL5_LEVELS_bet23_to_bet27,19.3408,19.3408,19.3408,24.1760,24.1760,4.000000,4.000000,4.000000,5.000000,5.000000,96.000000,96.000000,96.000000,95.000000,95.000000,5.0,106.3742,97.4416,377.1451,386.0777,PENDING_AG03,FALSE,NOT_FOR_ENFORCEMENT,464.1785,70789.7852,483.5193,464.1785,19.3408,0.00593162,0.00569435,19.3408,464.1785,0.00569435,19.3408,19.3408,19.3408,24.1760,24.1760,464.1785,0.00569435,106.3742,97.4416,377.1451,386.0777,0.00462666,0.00473624,0.00023726,7.1750,6.4906,0.0426,4.2045,0.0806,708.8314,98.7913,8.8300,6.6350,4.0407,4.4018,8.4329,14.3073,20.7715,40.8781,4.2012,0.0,4.718859,9.286678,1.630025,30,242,81,2,0.30276321,0.00593162,-0.00694385,0E-8,0.000000,0.904604,0.002289,0.01846642,2026-03-22,2026-08-06,115,6001,2406,138,0.833333,1.330819,1.230659,1.009211,,,,,,,,GLOBAL_BASELINE_NO_ENTITY_RANKING,,,NOT_APPLICABLE_GLOBAL_BASELINE,HF9g-P5,,,,X 全窗基线 · 不参与实体赏罚,8399076,840,A168_HF9F_20260827_0900,2026-08-27 09:00:00
2026-03-22,36810153,2147,0,15.4062857645,6.6026938991,6.6026938991,0.6666667,3,3,0.49771390000000000,0.497713900000,0.5852756695216578,0.5852756695216578,0.5852756695216578,0E-17,ELIGIBLE,R03b_20260811_FULL_v1,L1_ELIGIBILITY,v2026-08-11,2026-03-21..2026-08-06,baccarat_bet02_101_all_pairs_incl_sentinel,round_win = game_pnl > 0 (decisive only),COMPATIBILITY_ONLY_NOT_PRODUCTION,81515.6139,73739.3596,483.5193,11361,11361,-0.00593162,0.00694385,-0.01152257,-0.00593162,-483.5193,81515.6139,OK,0.0000,19.3408,4.0000,96.0000,AG03-UNRESOLVED,ALL5_LEVELS_bet23_to_bet27,19.3408,19.3408,19.3408,24.1760,24.1760,4.000000,4.000000,4.000000,5.000000,5.000000,96.000000,96.000000,96.000000,95.000000,95.000000,5.0,106.3742,97.4416,377.1451,386.0777,PENDING_AG03,FALSE,NOT_FOR_ENFORCEMENT,464.1785,70789.7852,483.5193,464.1785,19.3408,0.00593162,0.00569435,19.3408,464.1785,0.00569435,19.3408,19.3408,19.3408,24.1760,24.1760,464.1785,0.00569435,106.3742,97.4416,377.1451,386.0777,0.00462666,0.00473624,0.00023726,7.1750,6.4906,0.0426,4.2045,0.0806,708.8314,98.7913,8.8300,6.6350,4.0407,4.4018,8.4329,14.3073,20.7715,40.8781,4.2012,0.0,4.718859,9.286678,1.630025,30,242,81,2,0.30276321,0.00593162,-0.00694385,0E-8,0.000000,0.904604,0.002289,0.01846642,2026-03-22,2026-08-06,115,6001,2406,138,0.833333,1.330819,1.230659,1.009211,,,,,,,,GLOBAL_BASELINE_NO_ENTITY_RANKING,,,NOT_APPLICABLE_GLOBAL_BASELINE,HF9g-P5,,,,X 全窗基线 · 不参与实体赏罚,8399077,840,A168_HF9F_20260827_0900,2026-08-27 09:00:00
2026-03-22,36810153,2153,0,8.8035918655,-8.8035918655,-8.8035918655,0E-7,1,1,0.49324550000000000,0.493245500000,-0.9865810262130424,-0.9865810262130424,-0.9865810262130424,0E-17,ELIGIBLE,R03b_20260811_FULL_v1,L1_ELIGIBILITY,v2026-08-11,2026-03-21..2026-08-06,baccarat_bet02_101_all_pairs_incl_sentinel,round_win = game_pnl > 0 (decisive only),COMPATIBILITY_ONLY_NOT_PRODUCTION,81515.6139,73739.3596,483.5193,11361,11361,-0.00593162,0.00694385,-0.01152257,-0.00593162,-483.5193,81515.6139,OK,0.0000,19.3408,4.0000,96.0000,AG03-UNRESOLVED,ALL5_LEVELS_bet23_to_bet27,19.3408,19.3408,19.3408,24.1760,24.1760,4.000000,4.000000,4.000000,5.000000,5.000000,96.000000,96.000000,96.000000,95.000000,95.000000,5.0,106.3742,97.4416,377.1451,386.0777,PENDING_AG03,FALSE,NOT_FOR_ENFORCEMENT,464.1785,70789.7852,483.5193,464.1785,19.3408,0.00593162,0.00569435,19.3408,464.1785,0.00569435,19.3408,19.3408,19.3408,24.1760,24.1760,464.1785,0.00569435,106.3742,97.4416,377.1451,386.0777,0.00462666,0.00473624,0.00023726,7.1750,6.4906,0.0426,4.2045,0.0806,708.8314,98.7913,8.8300,6.6350,4.0407,4.4018,8.4329,14.3073,20.7715,40.8781,4.2012,0.0,4.718859,9.286678,1.630025,30,242,81,2,0.30276321,0.00593162,-0.00694385,0E-8,0.000000,0.904604,0.002289,0.01846642,2026-03-22,2026-08-06,115,6001,2406,138,0.833333,1.330819,1.230659,1.009211,,,,,,,,GLOBAL_BASELINE_NO_ENTITY_RANKING,,,NOT_APPLICABLE_GLOBAL_BASELINE,HF9g-P5,,,,X 全窗基线 · 不参与实体赏罚,8399078,840,A168_HF9F_20260827_0900,2026-08-27 09:00:00
2026-03-22,36810153,2167,0,6.6026938991,6.2725592042,6.2725592042,1.0000000,1,1,0.50665070000000000,0.506650700000,0.9867858985152569,0.9867858985152569,0.9867858985152569,0E-17,ELIGIBLE,R03b_20260811_FULL_v1,L1_ELIGIBILITY,v2026-08-11,2026-03-21..2026-08-06,baccarat_bet02_101_all_pairs_incl_sentinel,round_win = game_pnl > 0 (decisive only),COMPATIBILITY_ONLY_NOT_PRODUCTION,81515.6139,73739.3596,483.5193,11361,11361,-0.00593162,0.00694385,-0.01152257,-0.00593162,-483.5193,81515.6139,OK,0.0000,19.3408,4.0000,96.0000,AG03-UNRESOLVED,ALL5_LEVELS_bet23_to_bet27,19.3408,19.3408,19.3408,24.1760,24.1760,4.000000,4.000000,4.000000,5.000000,5.000000,96.000000,96.000000,96.000000,95.000000,95.000000,5.0,106.3742,97.4416,377.1451,386.0777,PENDING_AG03,FALSE,NOT_FOR_ENFORCEMENT,464.1785,70789.7852,483.5193,464.1785,19.3408,0.00593162,0.00569435,19.3408,464.1785,0.00569435,19.3408,19.3408,19.3408,24.1760,24.1760,464.1785,0.00569435,106.3742,97.4416,377.1451,386.0777,0.00462666,0.00473624,0.00023726,7.1750,6.4906,0.0426,4.2045,0.0806,708.8314,98.7913,8.8300,6.6350,4.0407,4.4018,8.4329,14.3073,20.7715,40.8781,4.2012,0.0,4.718859,9.286678,1.630025,30,242,81,2,0.30276321,0.00593162,-0.00694385,0E-8,0.000000,0.904604,0.002289,0.01846642,2026-03-22,2026-08-06,115,6001,2406,138,0.833333,1.330819,1.230659,1.009211,,,,,,,,GLOBAL_BASELINE_NO_ENTITY_RANKING,,,NOT_APPLICABLE_GLOBAL_BASELINE,HF9g-P5,,,,X 全窗基线 · 不参与实体赏罚,8399079,840,A168_HF9F_20260827_0900,2026-08-27 09:00:00
2026-03-22,36810153,2169,0,11.0044898318,-11.0044898318,-11.0044898318,0E-7,3,3,0.49771390000000000,0.497713900000,-1.724149546644903,-1.724149546644903,-1.724149546644903,0E-17,ELIGIBLE,R03b_20260811_FULL_v1,L1_ELIGIBILITY,v2026-08-11,2026-03-21..2026-08-06,baccarat_bet02_101_all_pairs_incl_sentinel,round_win = game_pnl > 0 (decisive only),COMPATIBILITY_ONLY_NOT_PRODUCTION,81515.6139,73739.3596,483.5193,11361,11361,-0.00593162,0.00694385,-0.01152257,-0.00593162,-483.5193,81515.6139,OK,0.0000,19.3408,4.0000,96.0000,AG03-UNRESOLVED,ALL5_LEVELS_bet23_to_bet27,19.3408,19.3408,19.3408,24.1760,24.1760,4.000000,4.000000,4.000000,5.000000,5.000000,96.000000,96.000000,96.000000,95.000000,95.000000,5.0,106.3742,97.4416,377.1451,386.0777,PENDING_AG03,FALSE,NOT_FOR_ENFORCEMENT,464.1785,70789.7852,483.5193,464.1785,19.3408,0.00593162,0.00569435,19.3408,464.1785,0.00569435,19.3408,19.3408,19.3408,24.1760,24.1760,464.1785,0.00569435,106.3742,97.4416,377.1451,386.0777,0.00462666,0.00473624,0.00023726,7.1750,6.4906,0.0426,4.2045,0.0806,708.8314,98.7913,8.8300,6.6350,4.0407,4.4018,8.4329,14.3073,20.7715,40.8781,4.2012,0.0,4.718859,9.286678,1.630025,30,242,81,2,0.30276321,0.00593162,-0.00694385,0E-8,0.000000,0.904604,0.002289,0.01846642,2026-03-22,2026-08-06,115,6001,2406,138,0.833333,1.330819,1.230659,1.009211,,,,,,,,GLOBAL_BASELINE_NO_ENTITY_RANKING,,,NOT_APPLICABLE_GLOBAL_BASELINE,HF9g-P5,,,,X 全窗基线 · 不参与实体赏罚,8399080,840,A168_HF9F_20260827_0900,2026-08-27 09:00:00
2026-03-22,36810153,2171,0,12.1049388150,9.9040408486,9.9040408486,1.0000000,3,3,0.49771390000000000,0.497713900000,1.4206944795187548,1.420694479518755,1.4206944795187548,0E-17,ELIGIBLE,R03b_20260811_FULL_v1,L1_ELIGIBILITY,v2026-08-11,2026-03-21..2026-08-06,baccarat_bet02_101_all_pairs_incl_sentinel,round_win = game_pnl > 0 (decisive only),COMPATIBILITY_ONLY_NOT_PRODUCTION,81515.6139,73739.3596,483.5193,11361,11361,-0.00593162,0.00694385,-0.01152257,-0.00593162,-483.5193,81515.6139,OK,0.0000,19.3408,4.0000,96.0000,AG03-UNRESOLVED,ALL5_LEVELS_bet23_to_bet27,19.3408,19.3408,19.3408,24.1760,24.1760,4.000000,4.000000,4.000000,5.000000,5.000000,96.000000,96.000000,96.000000,95.000000,95.000000,5.0,106.3742,97.4416,377.1451,386.0777,PENDING_AG03,FALSE,NOT_FOR_ENFORCEMENT,464.1785,70789.7852,483.5193,464.1785,19.3408,0.00593162,0.00569435,19.3408,464.1785,0.00569435,19.3408,19.3408,19.3408,24.1760,24.1760,464.1785,0.00569435,106.3742,97.4416,377.1451,386.0777,0.00462666,0.00473624,0.00023726,7.1750,6.4906,0.0426,4.2045,0.0806,708.8314,98.7913,8.8300,6.6350,4.0407,4.4018,8.4329,14.3073,20.7715,40.8781,4.2012,0.0,4.718859,9.286678,1.630025,30,242,81,2,0.30276321,0.00593162,-0.00694385,0E-8,0.000000,0.904604,0.002289,0.01846642,2026-03-22,2026-08-06,115,6001,2406,138,0.833333,1.330819,1.230659,1.009211,,,,,,,,GLOBAL_BASELINE_NO_ENTITY_RANKING,,,NOT_APPLICABLE_GLOBAL_BASELINE,HF9g-P5,,,,X 全窗基线 · 不参与实体赏罚,8399081,840,A168_HF9F_20260827_0900,2026-08-27 09:00:00
2026-03-22,36810153,2188,0,40.2764327844,19.5879919006,19.5879919006,0.8000000,7,7,0.49324550000000000,0.493245500000,1.3719730223118614,1.3719730223118614,1.3719730223118614,0E-17,ELIGIBLE,R03b_20260811_FULL_v1,L1_ELIGIBILITY,v2026-08-11,2026-03-21..2026-08-06,baccarat_bet02_101_all_pairs_incl_sentinel,round_win = game_pnl > 0 (decisive only),COMPATIBILITY_ONLY_NOT_PRODUCTION,81515.6139,73739.3596,483.5193,11361,11361,-0.00593162,0.00694385,-0.01152257,-0.00593162,-483.5193,81515.6139,OK,0.0000,19.3408,4.0000,96.0000,AG03-UNRESOLVED,ALL5_LEVELS_bet23_to_bet27,19.3408,19.3408,19.3408,24.1760,24.1760,4.000000,4.000000,4.000000,5.000000,5.000000,96.000000,96.000000,96.000000,95.000000,95.000000,5.0,106.3742,97.4416,377.1451,386.0777,PENDING_AG03,FALSE,NOT_FOR_ENFORCEMENT,464.1785,70789.7852,483.5193,464.1785,19.3408,0.00593162,0.00569435,19.3408,464.1785,0.00569435,19.3408,19.3408,19.3408,24.1760,24.1760,464.1785,0.00569435,106.3742,97.4416,377.1451,386.0777,0.00462666,0.00473624,0.00023726,7.1750,6.4906,0.0426,4.2045,0.0806,708.8314,98.7913,8.8300,6.6350,4.0407,4.4018,8.4329,14.3073,20.7715,40.8781,4.2012,0.0,4.718859,9.286678,1.630025,30,242,81,2,0.30276321,0.00593162,-0.00694385,0E-8,0.000000,0.904604,0.002289,0.01846642,2026-03-22,2026-08-06,115,6001,2406,138,0.833333,1.330819,1.230659,1.009211,,,,,,,,GLOBAL_BASELINE_NO_ENTITY_RANKING,,,NOT_APPLICABLE_GLOBAL_BASELINE,HF9g-P5,,,,X 全窗基线 · 不参与实体赏罚,8399082,840,A168_HF9F_20260827_0900,2026-08-27 09:00:00
2026-03-22,36810153,2201,0,11.0044898319,-11.0044898319,-11.0044898319,0E-7,1,1,0.49324550000000000,0.493245500000,-0.9865810262130424,-0.9865810262130424,-0.9865810262130424,0E-17,ELIGIBLE,R03b_20260811_FULL_v1,L1_ELIGIBILITY,v2026-08-11,2026-03-21..2026-08-06,baccarat_bet02_101_all_pairs_incl_sentinel,round_win = game_pnl > 0 (decisive only),COMPATIBILITY_ONLY_NOT_PRODUCTION,81515.6139,73739.3596,483.5193,11361,11361,-0.00593162,0.00694385,-0.01152257,-0.00593162,-483.5193,81515.6139,OK,0.0000,19.3408,4.0000,96.0000,AG03-UNRESOLVED,ALL5_LEVELS_bet23_to_bet27,19.3408,19.3408,19.3408,24.1760,24.1760,4.000000,4.000000,4.000000,5.000000,5.000000,96.000000,96.000000,96.000000,95.000000,95.000000,5.0,106.3742,97.4416,377.1451,386.0777,PENDING_AG03,FALSE,NOT_FOR_ENFORCEMENT,464.1785,70789.7852,483.5193,464.1785,19.3408,0.00593162,0.00569435,19.3408,464.1785,0.00569435,19.3408,19.3408,19.3408,24.1760,24.1760,464.1785,0.00569435,106.3742,97.4416,377.1451,386.0777,0.00462666,0.00473624,0.00023726,7.1750,6.4906,0.0426,4.2045,0.0806,708.8314,98.7913,8.8300,6.6350,4.0407,4.4018,8.4329,14.3073,20.7715,40.8781,4.2012,0.0,4.718859,9.286678,1.630025,30,242,81,2,0.30276321,0.00593162,-0.00694385,0E-8,0.000000,0.904604,0.002289,0.01846642,2026-03-22,2026-08-06,115,6001,2406,138,0.833333,1.330819,1.230659,1.009211,,,,,,,,GLOBAL_BASELINE_NO_ENTITY_RANKING,,,NOT_APPLICABLE_GLOBAL_BASELINE,HF9g-P5,,,,X 全窗基线 · 不参与实体赏罚,8399083,840,A168_HF9F_20260827_0900,2026-08-27 09:00:00
2026-03-22,36810153,2205,0,4.4017959327,0E-10,0E-10,,1,1,0.49324550000000000,0.493245500000,,,,0E-17,NO_DECISIVE_ROUND,R03b_20260811_FULL_v1,L1_ELIGIBILITY,v2026-08-11,2026-03-21..2026-08-06,baccarat_bet02_101_all_pairs_incl_sentinel,round_win = game_pnl > 0 (decisive only),COMPATIBILITY_ONLY_NOT_PRODUCTION,81515.6139,73739.3596,483.5193,11361,11361,-0.00593162,0.00694385,-0.01152257,-0.00593162,-483.5193,81515.6139,OK,0.0000,19.3408,4.0000,96.0000,AG03-UNRESOLVED,ALL5_LEVELS_bet23_to_bet27,19.3408,19.3408,19.3408,24.1760,24.1760,4.000000,4.000000,4.000000,5.000000,5.000000,96.000000,96.000000,96.000000,95.000000,95.000000,5.0,106.3742,97.4416,377.1451,386.0777,PENDING_AG03,FALSE,NOT_FOR_ENFORCEMENT,464.1785,70789.7852,483.5193,464.1785,19.3408,0.00593162,0.00569435,19.3408,464.1785,0.00569435,19.3408,19.3408,19.3408,24.1760,24.1760,464.1785,0.00569435,106.3742,97.4416,377.1451,386.0777,0.00462666,0.00473624,0.00023726,7.1750,6.4906,0.0426,4.2045,0.0806,708.8314,98.7913,8.8300,6.6350,4.0407,4.4018,8.4329,14.3073,20.7715,40.8781,4.2012,0.0,4.718859,9.286678,1.630025,30,242,81,2,0.30276321,0.00593162,-0.00694385,0E-8,0.000000,0.904604,0.002289,0.01846642,2026-03-22,2026-08-06,115,6001,2406,138,0.833333,1.330819,1.230659,1.009211,,,,,,,,GLOBAL_BASELINE_NO_ENTITY_RANKING,,,NOT_APPLICABLE_GLOBAL_BASELINE,HF9g-P5,,,,X 全窗基线 · 不参与实体赏罚,8399084,840,A168_HF9F_20260827_0900,2026-08-27 09:00:00
2026-03-22,36810153,2212,0,3.3013469496,0E-10,0E-10,,1,1,0.50665070000000000,0.506650700000,,,,0E-17,NO_DECISIVE_ROUND,R03b_20260811_FULL_v1,L1_ELIGIBILITY,v2026-08-11,2026-03-21..2026-08-06,baccarat_bet02_101_all_pairs_incl_sentinel,round_win = game_pnl > 0 (decisive only),COMPATIBILITY_ONLY_NOT_PRODUCTION,81515.6139,73739.3596,483.5193,11361,11361,-0.00593162,0.00694385,-0.01152257,-0.00593162,-483.5193,81515.6139,OK,0.0000,19.3408,4.0000,96.0000,AG03-UNRESOLVED,ALL5_LEVELS_bet23_to_bet27,19.3408,19.3408,19.3408,24.1760,24.1760,4.000000,4.000000,4.000000,5.000000,5.000000,96.000000,96.000000,96.000000,95.000000,95.000000,5.0,106.3742,97.4416,377.1451,386.0777,PENDING_AG03,FALSE,NOT_FOR_ENFORCEMENT,464.1785,70789.7852,483.5193,464.1785,19.3408,0.00593162,0.00569435,19.3408,464.1785,0.00569435,19.3408,19.3408,19.3408,24.1760,24.1760,464.1785,0.00569435,106.3742,97.4416,377.1451,386.0777,0.00462666,0.00473624,0.00023726,7.1750,6.4906,0.0426,4.2045,0.0806,708.8314,98.7913,8.8300,6.6350,4.0407,4.4018,8.4329,14.3073,20.7715,40.8781,4.2012,0.0,4.718859,9.286678,1.630025,30,242,81,2,0.30276321,0.00593162,-0.00694385,0E-8,0.000000,0.904604,0.002289,0.01846642,2026-03-22,2026-08-06,115,6001,2406,138,0.833333,1.330819,1.230659,1.009211,,,,,,,,GLOBAL_BASELINE_NO_ENTITY_RANKING,,,NOT_APPLICABLE_GLOBAL_BASELINE,HF9g-P5,,,,X 全窗基线 · 不参与实体赏罚,8399085,840,A168_HF9F_20260827_0900,2026-08-27 09:00:00
2026-03-22,36810153,2220,0,4.4017959327,-4.4017959327,-4.4017959327,0E-7,1,1,0.49324550000000000,0.493245500000,-0.9865810262130424,-0.9865810262130424,-0.9865810262130424,0E-17,ELIGIBLE,R03b_20260811_FULL_v1,L1_ELIGIBILITY,v2026-08-11,2026-03-21..2026-08-06,baccarat_bet02_101_all_pairs_incl_sentinel,round_win = game_pnl > 0 (decisive only),COMPATIBILITY_ONLY_NOT_PRODUCTION,81515.6139,73739.3596,483.5193,11361,11361,-0.00593162,0.00694385,-0.01152257,-0.00593162,-483.5193,81515.6139,OK,0.0000,19.3408,4.0000,96.0000,AG03-UNRESOLVED,ALL5_LEVELS_bet23_to_bet27,19.3408,19.3408,19.3408,24.1760,24.1760,4.000000,4.000000,4.000000,5.000000,5.000000,96.000000,96.000000,96.000000,95.000000,95.000000,5.0,106.3742,97.4416,377.1451,386.0777,PENDING_AG03,FALSE,NOT_FOR_ENFORCEMENT,464.1785,70789.7852,483.5193,464.1785,19.3408,0.00593162,0.00569435,19.3408,464.1785,0.00569435,19.3408,19.3408,19.3408,24.1760,24.1760,464.1785,0.00569435,106.3742,97.4416,377.1451,386.0777,0.00462666,0.00473624,0.00023726,7.1750,6.4906,0.0426,4.2045,0.0806,708.8314,98.7913,8.8300,6.6350,4.0407,4.4018,8.4329,14.3073,20.7715,40.8781,4.2012,0.0,4.718859,9.286678,1.630025,30,242,81,2,0.30276321,0.00593162,-0.00694385,0E-8,0.000000,0.904604,0.002289,0.01846642,2026-03-22,2026-08-06,115,6001,2406,138,0.833333,1.330819,1.230659,1.009211,,,,,,,,GLOBAL_BASELINE_NO_ENTITY_RANKING,,,NOT_APPLICABLE_GLOBAL_BASELINE,HF9g-P5,,,,X 全窗基线 · 不参与实体赏罚,8399086,840,A168_HF9F_20260827_0900,2026-08-27 09:00:00
2026-03-22,36810153,2222,0,22.0089796637,-22.0089796637,-22.0089796637,0E-7,1,1,0.49324550000000000,0.493245500000,-0.9865810262130424,-0.9865810262130424,-0.9865810262130424,0E-17,ELIGIBLE,R03b_20260811_FULL_v1,L1_ELIGIBILITY,v2026-08-11,2026-03-21..2026-08-06,baccarat_bet02_101_all_pairs_incl_sentinel,round_win = game_pnl > 0 (decisive only),COMPATIBILITY_ONLY_NOT_PRODUCTION,81515.6139,73739.3596,483.5193,11361,11361,-0.00593162,0.00694385,-0.01152257,-0.00593162,-483.5193,81515.6139,OK,0.0000,19.3408,4.0000,96.0000,AG03-UNRESOLVED,ALL5_LEVELS_bet23_to_bet27,19.3408,19.3408,19.3408,24.1760,24.1760,4.000000,4.000000,4.000000,5.000000,5.000000,96.000000,96.000000,96.000000,95.000000,95.000000,5.0,106.3742,97.4416,377.1451,386.0777,PENDING_AG03,FALSE,NOT_FOR_ENFORCEMENT,464.1785,70789.7852,483.5193,464.1785,19.3408,0.00593162,0.00569435,19.3408,464.1785,0.00569435,19.3408,19.3408,19.3408,24.1760,24.1760,464.1785,0.00569435,106.3742,97.4416,377.1451,386.0777,0.00462666,0.00473624,0.00023726,7.1750,6.4906,0.0426,4.2045,0.0806,708.8314,98.7913,8.8300,6.6350,4.0407,4.4018,8.4329,14.3073,20.7715,40.8781,4.2012,0.0,4.718859,9.286678,1.630025,30,242,81,2,0.30276321,0.00593162,-0.00694385,0E-8,0.000000,0.904604,0.002289,0.01846642,2026-03-22,2026-08-06,115,6001,2406,138,0.833333,1.330819,1.230659,1.009211,,,,,,,,GLOBAL_BASELINE_NO_ENTITY_RANKING,,,NOT_APPLICABLE_GLOBAL_BASELINE,HF9g-P5,,,,X 全窗基线 · 不参与实体赏罚,8399087,840,A168_HF9F_20260827_0900,2026-08-27 09:00:00
2026-03-22,36810153,2223,0,8.8035918655,-8.8035918655,-8.8035918655,0E-7,1,1,0.50665070000000000,0.506650700000,-1.013391052207602,-1.013391052207602,-1.013391052207602,0E-17,ELIGIBLE,R03b_20260811_FULL_v1,L1_ELIGIBILITY,v2026-08-11,2026-03-21..2026-08-06,baccarat_bet02_101_all_pairs_incl_sentinel,round_win = game_pnl > 0 (decisive only),COMPATIBILITY_ONLY_NOT_PRODUCTION,81515.6139,73739.3596,483.5193,11361,11361,-0.00593162,0.00694385,-0.01152257,-0.00593162,-483.5193,81515.6139,OK,0.0000,19.3408,4.0000,96.0000,AG03-UNRESOLVED,ALL5_LEVELS_bet23_to_bet27,19.3408,19.3408,19.3408,24.1760,24.1760,4.000000,4.000000,4.000000,5.000000,5.000000,96.000000,96.000000,96.000000,95.000000,95.000000,5.0,106.3742,97.4416,377.1451,386.0777,PENDING_AG03,FALSE,NOT_FOR_ENFORCEMENT,464.1785,70789.7852,483.5193,464.1785,19.3408,0.00593162,0.00569435,19.3408,464.1785,0.00569435,19.3408,19.3408,19.3408,24.1760,24.1760,464.1785,0.00569435,106.3742,97.4416,377.1451,386.0777,0.00462666,0.00473624,0.00023726,7.1750,6.4906,0.0426,4.2045,0.0806,708.8314,98.7913,8.8300,6.6350,4.0407,4.4018,8.4329,14.3073,20.7715,40.8781,4.2012,0.0,4.718859,9.286678,1.630025,30,242,81,2,0.30276321,0.00593162,-0.00694385,0E-8,0.000000,0.904604,0.002289,0.01846642,2026-03-22,2026-08-06,115,6001,2406,138,0.833333,1.330819,1.230659,1.009211,,,,,,,,GLOBAL_BASELINE_NO_ENTITY_RANKING,,,NOT_APPLICABLE_GLOBAL_BASELINE,HF9g-P5,,,,X 全窗基线 · 不参与实体赏罚,8399088,840,A168_HF9F_20260827_0900,2026-08-27 09:00:00
2026-03-22,36810153,2242,0,30.8125715293,-13.2053877983,-13.2053877983,0.3333333,3,3,0.49324550000000000,0.493245500000,-0.5540025479526107,-0.5540025479526106,-0.5540025479526107,0E-17,ELIGIBLE,R03b_20260811_FULL_v1,L1_ELIGIBILITY,v2026-08-11,2026-03-21..2026-08-06,baccarat_bet02_101_all_pairs_incl_sentinel,round_win = game_pnl > 0 (decisive only),COMPATIBILITY_ONLY_NOT_PRODUCTION,81515.6139,73739.3596,483.5193,11361,11361,-0.00593162,0.00694385,-0.01152257,-0.00593162,-483.5193,81515.6139,OK,0.0000,19.3408,4.0000,96.0000,AG03-UNRESOLVED,ALL5_LEVELS_bet23_to_bet27,19.3408,19.3408,19.3408,24.1760,24.1760,4.000000,4.000000,4.000000,5.000000,5.000000,96.000000,96.000000,96.000000,95.000000,95.000000,5.0,106.3742,97.4416,377.1451,386.0777,PENDING_AG03,FALSE,NOT_FOR_ENFORCEMENT,464.1785,70789.7852,483.5193,464.1785,19.3408,0.00593162,0.00569435,19.3408,464.1785,0.00569435,19.3408,19.3408,19.3408,24.1760,24.1760,464.1785,0.00569435,106.3742,97.4416,377.1451,386.0777,0.00462666,0.00473624,0.00023726,7.1750,6.4906,0.0426,4.2045,0.0806,708.8314,98.7913,8.8300,6.6350,4.0407,4.4018,8.4329,14.3073,20.7715,40.8781,4.2012,0.0,4.718859,9.286678,1.630025,30,242,81,2,0.30276321,0.00593162,-0.00694385,0E-8,0.000000,0.904604,0.002289,0.01846642,2026-03-22,2026-08-06,115,6001,2406,138,0.833333,1.330819,1.230659,1.009211,,,,,,,,GLOBAL_BASELINE_NO_ENTITY_RANKING,,,NOT_APPLICABLE_GLOBAL_BASELINE,HF9g-P5,,,,X 全窗基线 · 不参与实体赏罚,8399089,840,A168_HF9F_20260827_0900,2026-08-27 09:00:00
2026-03-22,36810153,2246,0,23.7696980367,18.9167180209,18.9167180209,1.0000000,5,5,0.50128862000000000,0.501288620000,1.9948521450805654,1.9948521450805654,1.9948521450805654,0E-17,ELIGIBLE,R03b_20260811_FULL_v1,L1_ELIGIBILITY,v2026-08-11,2026-03-21..2026-08-06,baccarat_bet02_101_all_pairs_incl_sentinel,round_win = game_pnl > 0 (decisive only),COMPATIBILITY_ONLY_NOT_PRODUCTION,81515.6139,73739.3596,483.5193,11361,11361,-0.00593162,0.00694385,-0.01152257,-0.00593162,-483.5193,81515.6139,OK,0.0000,19.3408,4.0000,96.0000,AG03-UNRESOLVED,ALL5_LEVELS_bet23_to_bet27,19.3408,19.3408,19.3408,24.1760,24.1760,4.000000,4.000000,4.000000,5.000000,5.000000,96.000000,96.000000,96.000000,95.000000,95.000000,5.0,106.3742,97.4416,377.1451,386.0777,PENDING_AG03,FALSE,NOT_FOR_ENFORCEMENT,464.1785,70789.7852,483.5193,464.1785,19.3408,0.00593162,0.00569435,19.3408,464.1785,0.00569435,19.3408,19.3408,19.3408,24.1760,24.1760,464.1785,0.00569435,106.3742,97.4416,377.1451,386.0777,0.00462666,0.00473624,0.00023726,7.1750,6.4906,0.0426,4.2045,0.0806,708.8314,98.7913,8.8300,6.6350,4.0407,4.4018,8.4329,14.3073,20.7715,40.8781,4.2012,0.0,4.718859,9.286678,1.630025,30,242,81,2,0.30276321,0.00593162,-0.00694385,0E-8,0.000000,0.904604,0.002289,0.01846642,2026-03-22,2026-08-06,115,6001,2406,138,0.833333,1.330819,1.230659,1.009211,,,,,,,,GLOBAL_BASELINE_NO_ENTITY_RANKING,,,NOT_APPLICABLE_GLOBAL_BASELINE,HF9g-P5,,,,X 全窗基线 · 不参与实体赏罚,8399090,840,A168_HF9F_20260827_0900,2026-08-27 09:00:00
2026-03-22,36810153,2264,0,26.4107755965,13.2053877983,13.2053877983,0.6666667,3,3,0.49324550000000000,0.493245500000,0.6008033672792107,0.6008033672792106,0.6008033672792107,0E-17,ELIGIBLE,R03b_20260811_FULL_v1,L1_ELIGIBILITY,v2026-08-11,2026-03-21..2026-08-06,baccarat_bet02_101_all_pairs_incl_sentinel,round_win = game_pnl > 0 (decisive only),COMPATIBILITY_ONLY_NOT_PRODUCTION,81515.6139,73739.3596,483.5193,11361,11361,-0.00593162,0.00694385,-0.01152257,-0.00593162,-483.5193,81515.6139,OK,0.0000,19.3408,4.0000,96.0000,AG03-UNRESOLVED,ALL5_LEVELS_bet23_to_bet27,19.3408,19.3408,19.3408,24.1760,24.1760,4.000000,4.000000,4.000000,5.000000,5.000000,96.000000,96.000000,96.000000,95.000000,95.000000,5.0,106.3742,97.4416,377.1451,386.0777,PENDING_AG03,FALSE,NOT_FOR_ENFORCEMENT,464.1785,70789.7852,483.5193,464.1785,19.3408,0.00593162,0.00569435,19.3408,464.1785,0.00569435,19.3408,19.3408,19.3408,24.1760,24.1760,464.1785,0.00569435,106.3742,97.4416,377.1451,386.0777,0.00462666,0.00473624,0.00023726,7.1750,6.4906,0.0426,4.2045,0.0806,708.8314,98.7913,8.8300,6.6350,4.0407,4.4018,8.4329,14.3073,20.7715,40.8781,4.2012,0.0,4.718859,9.286678,1.630025,30,242,81,2,0.30276321,0.00593162,-0.00694385,0E-8,0.000000,0.904604,0.002289,0.01846642,2026-03-22,2026-08-06,115,6001,2406,138,0.833333,1.330819,1.230659,1.009211,,,,,,,,GLOBAL_BASELINE_NO_ENTITY_RANKING,,,NOT_APPLICABLE_GLOBAL_BASELINE,HF9g-P5,,,,X 全窗基线 · 不参与实体赏罚,8399091,840,A168_HF9F_20260827_0900,2026-08-27 09:00:00
2026-03-22,36810153,2266,0,4.4017959327,-4.4017959327,-4.4017959327,0E-7,1,1,0.50665070000000000,0.506650700000,-1.013391052207602,-1.013391052207602,-1.013391052207602,0E-17,ELIGIBLE,R03b_20260811_FULL_v1,L1_ELIGIBILITY,v2026-08-11,2026-03-21..2026-08-06,baccarat_bet02_101_all_pairs_incl_sentinel,round_win = game_pnl > 0 (decisive only),COMPATIBILITY_ONLY_NOT_PRODUCTION,81515.6139,73739.3596,483.5193,11361,11361,-0.00593162,0.00694385,-0.01152257,-0.00593162,-483.5193,81515.6139,OK,0.0000,19.3408,4.0000,96.0000,AG03-UNRESOLVED,ALL5_LEVELS_bet23_to_bet27,19.3408,19.3408,19.3408,24.1760,24.1760,4.000000,4.000000,4.000000,5.000000,5.000000,96.000000,96.000000,96.000000,95.000000,95.000000,5.0,106.3742,97.4416,377.1451,386.0777,PENDING_AG03,FALSE,NOT_FOR_ENFORCEMENT,464.1785,70789.7852,483.5193,464.1785,19.3408,0.00593162,0.00569435,19.3408,464.1785,0.00569435,19.3408,19.3408,19.3408,24.1760,24.1760,464.1785,0.00569435,106.3742,97.4416,377.1451,386.0777,0.00462666,0.00473624,0.00023726,7.1750,6.4906,0.0426,4.2045,0.0806,708.8314,98.7913,8.8300,6.6350,4.0407,4.4018,8.4329,14.3073,20.7715,40.8781,4.2012,0.0,4.718859,9.286678,1.630025,30,242,81,2,0.30276321,0.00593162,-0.00694385,0E-8,0.000000,0.904604,0.002289,0.01846642,2026-03-22,2026-08-06,115,6001,2406,138,0.833333,1.330819,1.230659,1.009211,,,,,,,,GLOBAL_BASELINE_NO_ENTITY_RANKING,,,NOT_APPLICABLE_GLOBAL_BASELINE,HF9g-P5,,,,X 全窗基线 · 不参与实体赏罚,8399092,840,A168_HF9F_20260827_0900,2026-08-27 09:00:00
2026-03-22,36810153,471,0,11.0044898319,10.5643102386,10.5643102386,1.0000000,2,2,0.49994810000000000,0.499948100000,1.4143603653603398,1.4143603653603398,1.4143603653603398,0E-17,ELIGIBLE,R03b_20260811_FULL_v1,L1_ELIGIBILITY,v2026-08-11,2026-03-21..2026-08-06,baccarat_bet02_101_all_pairs_incl_sentinel,round_win = game_pnl > 0 (decisive only),COMPATIBILITY_ONLY_NOT_PRODUCTION,81515.6139,73739.3596,483.5193,11361,11361,-0.00593162,0.00694385,-0.01152257,-0.00593162,-483.5193,81515.6139,OK,0.0000,19.3408,4.0000,96.0000,AG03-UNRESOLVED,ALL5_LEVELS_bet23_to_bet27,19.3408,19.3408,19.3408,24.1760,24.1760,4.000000,4.000000,4.000000,5.000000,5.000000,96.000000,96.000000,96.000000,95.000000,95.000000,5.0,106.3742,97.4416,377.1451,386.0777,PENDING_AG03,FALSE,NOT_FOR_ENFORCEMENT,464.1785,70789.7852,483.5193,464.1785,19.3408,0.00593162,0.00569435,19.3408,464.1785,0.00569435,19.3408,19.3408,19.3408,24.1760,24.1760,464.1785,0.00569435,106.3742,97.4416,377.1451,386.0777,0.00462666,0.00473624,0.00023726,7.1750,6.4906,0.0426,4.2045,0.0806,708.8314,98.7913,8.8300,6.6350,4.0407,4.4018,8.4329,14.3073,20.7715,40.8781,4.2012,0.0,4.718859,9.286678,1.630025,30,242,81,2,0.30276321,0.00593162,-0.00694385,0E-8,0.000000,0.904604,0.002289,0.01846642,2026-03-22,2026-08-06,115,6001,2406,138,0.833333,1.330819,1.230659,1.009211,,,,,,,,GLOBAL_BASELINE_NO_ENTITY_RANKING,,,NOT_APPLICABLE_GLOBAL_BASELINE,HF9g-P5,,,,X 全窗基线 · 不参与实体赏罚,8399093,840,A168_HF9F_20260827_0900,2026-08-27 09:00:00
2026-03-22,36810153,526,0,6.6026938991,-2.2008979663,-2.2008979663,0.5000000,2,2,0.49994810000000000,0.499948100000,0.00014679536856514622,0.00014679536856514622,0.00014679536856514622,0E-17,ELIGIBLE,R03b_20260811_FULL_v1,L1_ELIGIBILITY,v2026-08-11,2026-03-21..2026-08-06,baccarat_bet02_101_all_pairs_incl_sentinel,round_win = game_pnl > 0 (decisive only),COMPATIBILITY_ONLY_NOT_PRODUCTION,81515.6139,73739.3596,483.5193,11361,11361,-0.00593162,0.00694385,-0.01152257,-0.00593162,-483.5193,81515.6139,OK,0.0000,19.3408,4.0000,96.0000,AG03-UNRESOLVED,ALL5_LEVELS_bet23_to_bet27,19.3408,19.3408,19.3408,24.1760,24.1760,4.000000,4.000000,4.000000,5.000000,5.000000,96.000000,96.000000,96.000000,95.000000,95.000000,5.0,106.3742,97.4416,377.1451,386.0777,PENDING_AG03,FALSE,NOT_FOR_ENFORCEMENT,464.1785,70789.7852,483.5193,464.1785,19.3408,0.00593162,0.00569435,19.3408,464.1785,0.00569435,19.3408,19.3408,19.3408,24.1760,24.1760,464.1785,0.00569435,106.3742,97.4416,377.1451,386.0777,0.00462666,0.00473624,0.00023726,7.1750,6.4906,0.0426,4.2045,0.0806,708.8314,98.7913,8.8300,6.6350,4.0407,4.4018,8.4329,14.3073,20.7715,40.8781,4.2012,0.0,4.718859,9.286678,1.630025,30,242,81,2,0.30276321,0.00593162,-0.00694385,0E-8,0.000000,0.904604,0.002289,0.01846642,2026-03-22,2026-08-06,115,6001,2406,138,0.833333,1.330819,1.230659,1.009211,,,,,,,,GLOBAL_BASELINE_NO_ENTITY_RANKING,,,NOT_APPLICABLE_GLOBAL_BASELINE,HF9g-P5,,,,X 全窗基线 · 不参与实体赏罚,8399094,840,A168_HF9F_20260827_0900,2026-08-27 09:00:00
2026-03-22,36810153,759,0,6.6026938991,-6.6026938991,-6.6026938991,0E-7,1,1,0.49324550000000000,0.493245500000,-0.9865810262130424,-0.9865810262130424,-0.9865810262130424,0E-17,ELIGIBLE,R03b_20260811_FULL_v1,L1_ELIGIBILITY,v2026-08-11,2026-03-21..2026-08-06,baccarat_bet02_101_all_pairs_incl_sentinel,round_win = game_pnl > 0 (decisive only),COMPATIBILITY_ONLY_NOT_PRODUCTION,81515.6139,73739.3596,483.5193,11361,11361,-0.00593162,0.00694385,-0.01152257,-0.00593162,-483.5193,81515.6139,OK,0.0000,19.3408,4.0000,96.0000,AG03-UNRESOLVED,ALL5_LEVELS_bet23_to_bet27,19.3408,19.3408,19.3408,24.1760,24.1760,4.000000,4.000000,4.000000,5.000000,5.000000,96.000000,96.000000,96.000000,95.000000,95.000000,5.0,106.3742,97.4416,377.1451,386.0777,PENDING_AG03,FALSE,NOT_FOR_ENFORCEMENT,464.1785,70789.7852,483.5193,464.1785,19.3408,0.00593162,0.00569435,19.3408,464.1785,0.00569435,19.3408,19.3408,19.3408,24.1760,24.1760,464.1785,0.00569435,106.3742,97.4416,377.1451,386.0777,0.00462666,0.00473624,0.00023726,7.1750,6.4906,0.0426,4.2045,0.0806,708.8314,98.7913,8.8300,6.6350,4.0407,4.4018,8.4329,14.3073,20.7715,40.8781,4.2012,0.0,4.718859,9.286678,1.630025,30,242,81,2,0.30276321,0.00593162,-0.00694385,0E-8,0.000000,0.904604,0.002289,0.01846642,2026-03-22,2026-08-06,115,6001,2406,138,0.833333,1.330819,1.230659,1.009211,,,,,,,,GLOBAL_BASELINE_NO_ENTITY_RANKING,,,NOT_APPLICABLE_GLOBAL_BASELINE,HF9g-P5,,,,X 全窗基线 · 不参与实体赏罚,8399095,840,A168_HF9F_20260827_0900,2026-08-27 09:00:00
2026-03-22,36810153,772,0,10.7844000352,10.7844000352,10.7844000352,1.0000000,2,2,0.49324550000000000,0.493245500000,1.4334489766152358,1.4334489766152358,1.4334489766152358,0E-17,ELIGIBLE,R03b_20260811_FULL_v1,L1_ELIGIBILITY,v2026-08-11,2026-03-21..2026-08-06,baccarat_bet02_101_all_pairs_incl_sentinel,round_win = game_pnl > 0 (decisive only),COMPATIBILITY_ONLY_NOT_PRODUCTION,81515.6139,73739.3596,483.5193,11361,11361,-0.00593162,0.00694385,-0.01152257,-0.00593162,-483.5193,81515.6139,OK,0.0000,19.3408,4.0000,96.0000,AG03-UNRESOLVED,ALL5_LEVELS_bet23_to_bet27,19.3408,19.3408,19.3408,24.1760,24.1760,4.000000,4.000000,4.000000,5.000000,5.000000,96.000000,96.000000,96.000000,95.000000,95.000000,5.0,106.3742,97.4416,377.1451,386.0777,PENDING_AG03,FALSE,NOT_FOR_ENFORCEMENT,464.1785,70789.7852,483.5193,464.1785,19.3408,0.00593162,0.00569435,19.3408,464.1785,0.00569435,19.3408,19.3408,19.3408,24.1760,24.1760,464.1785,0.00569435,106.3742,97.4416,377.1451,386.0777,0.00462666,0.00473624,0.00023726,7.1750,6.4906,0.0426,4.2045,0.0806,708.8314,98.7913,8.8300,6.6350,4.0407,4.4018,8.4329,14.3073,20.7715,40.8781,4.2012,0.0,4.718859,9.286678,1.630025,30,242,81,2,0.30276321,0.00593162,-0.00694385,0E-8,0.000000,0.904604,0.002289,0.01846642,2026-03-22,2026-08-06,115,6001,2406,138,0.833333,1.330819,1.230659,1.009211,,,,,,,,GLOBAL_BASELINE_NO_ENTITY_RANKING,,,NOT_APPLICABLE_GLOBAL_BASELINE,HF9g-P5,,,,X 全窗基线 · 不参与实体赏罚,8399096,840,A168_HF9F_20260827_0900,2026-08-27 09:00:00
2026-03-22,36810153,919,0,28.8317633594,-6.6026938992,-6.6026938992,0.5000000,4,4,0.49324550000000000,0.493245500000,0.01910635448239258,0.01910635448239258,0.01910635448239258,0E-17,ELIGIBLE,R03b_20260811_FULL_v1,L1_ELIGIBILITY,v2026-08-11,2026-03-21..2026-08-06,baccarat_bet02_101_all_pairs_incl_sentinel,round_win = game_pnl > 0 (decisive only),COMPATIBILITY_ONLY_NOT_PRODUCTION,81515.6139,73739.3596,483.5193,11361,11361,-0.00593162,0.00694385,-0.01152257,-0.00593162,-483.5193,81515.6139,OK,0.0000,19.3408,4.0000,96.0000,AG03-UNRESOLVED,ALL5_LEVELS_bet23_to_bet27,19.3408,19.3408,19.3408,24.1760,24.1760,4.000000,4.000000,4.000000,5.000000,5.000000,96.000000,96.000000,96.000000,95.000000,95.000000,5.0,106.3742,97.4416,377.1451,386.0777,PENDING_AG03,FALSE,NOT_FOR_ENFORCEMENT,464.1785,70789.7852,483.5193,464.1785,19.3408,0.00593162,0.00569435,19.3408,464.1785,0.00569435,19.3408,19.3408,19.3408,24.1760,24.1760,464.1785,0.00569435,106.3742,97.4416,377.1451,386.0777,0.00462666,0.00473624,0.00023726,7.1750,6.4906,0.0426,4.2045,0.0806,708.8314,98.7913,8.8300,6.6350,4.0407,4.4018,8.4329,14.3073,20.7715,40.8781,4.2012,0.0,4.718859,9.286678,1.630025,30,242,81,2,0.30276321,0.00593162,-0.00694385,0E-8,0.000000,0.904604,0.002289,0.01846642,2026-03-22,2026-08-06,115,6001,2406,138,0.833333,1.330819,1.230659,1.009211,,,,,,,,GLOBAL_BASELINE_NO_ENTITY_RANKING,,,NOT_APPLICABLE_GLOBAL_BASELINE,HF9g-P5,,,,X 全窗基线 · 不参与实体赏罚,8399097,840,A168_HF9F_20260827_0900,2026-08-27 09:00:00
2026-03-22,36810153,925,0,4.4017959327,4.1817061361,4.1817061361,1.0000000,1,1,0.50665070000000000,0.506650700000,0.9867858985152569,0.9867858985152569,0.9867858985152569,0E-17,ELIGIBLE,R03b_20260811_FULL_v1,L1_ELIGIBILITY,v2026-08-11,2026-03-21..2026-08-06,baccarat_bet02_101_all_pairs_incl_sentinel,round_win = game_pnl > 0 (decisive only),COMPATIBILITY_ONLY_NOT_PRODUCTION,81515.6139,73739.3596,483.5193,11361,11361,-0.00593162,0.00694385,-0.01152257,-0.00593162,-483.5193,81515.6139,OK,0.0000,19.3408,4.0000,96.0000,AG03-UNRESOLVED,ALL5_LEVELS_bet23_to_bet27,19.3408,19.3408,19.3408,24.1760,24.1760,4.000000,4.000000,4.000000,5.000000,5.000000,96.000000,96.000000,96.000000,95.000000,95.000000,5.0,106.3742,97.4416,377.1451,386.0777,PENDING_AG03,FALSE,NOT_FOR_ENFORCEMENT,464.1785,70789.7852,483.5193,464.1785,19.3408,0.00593162,0.00569435,19.3408,464.1785,0.00569435,19.3408,19.3408,19.3408,24.1760,24.1760,464.1785,0.00569435,106.3742,97.4416,377.1451,386.0777,0.00462666,0.00473624,0.00023726,7.1750,6.4906,0.0426,4.2045,0.0806,708.8314,98.7913,8.8300,6.6350,4.0407,4.4018,8.4329,14.3073,20.7715,40.8781,4.2012,0.0,4.718859,9.286678,1.630025,30,242,81,2,0.30276321,0.00593162,-0.00694385,0E-8,0.000000,0.904604,0.002289,0.01846642,2026-03-22,2026-08-06,115,6001,2406,138,0.833333,1.330819,1.230659,1.009211,,,,,,,,GLOBAL_BASELINE_NO_ENTITY_RANKING,,,NOT_APPLICABLE_GLOBAL_BASELINE,HF9g-P5,,,,X 全窗基线 · 不参与实体赏罚,8399098,840,A168_HF9F_20260827_0900,2026-08-27 09:00:00
2026-03-22,36810153,948,0,2.2008979664,-2.2008979664,-2.2008979664,0E-7,1,1,0.50665070000000000,0.506650700000,-1.013391052207602,-1.013391052207602,-1.013391052207602,0E-17,ELIGIBLE,R03b_20260811_FULL_v1,L1_ELIGIBILITY,v2026-08-11,2026-03-21..2026-08-06,baccarat_bet02_101_all_pairs_incl_sentinel,round_win = game_pnl > 0 (decisive only),COMPATIBILITY_ONLY_NOT_PRODUCTION,81515.6139,73739.3596,483.5193,11361,11361,-0.00593162,0.00694385,-0.01152257,-0.00593162,-483.5193,81515.6139,OK,0.0000,19.3408,4.0000,96.0000,AG03-UNRESOLVED,ALL5_LEVELS_bet23_to_bet27,19.3408,19.3408,19.3408,24.1760,24.1760,4.000000,4.000000,4.000000,5.000000,5.000000,96.000000,96.000000,96.000000,95.000000,95.000000,5.0,106.3742,97.4416,377.1451,386.0777,PENDING_AG03,FALSE,NOT_FOR_ENFORCEMENT,464.1785,70789.7852,483.5193,464.1785,19.3408,0.00593162,0.00569435,19.3408,464.1785,0.00569435,19.3408,19.3408,19.3408,24.1760,24.1760,464.1785,0.00569435,106.3742,97.4416,377.1451,386.0777,0.00462666,0.00473624,0.00023726,7.1750,6.4906,0.0426,4.2045,0.0806,708.8314,98.7913,8.8300,6.6350,4.0407,4.4018,8.4329,14.3073,20.7715,40.8781,4.2012,0.0,4.718859,9.286678,1.630025,30,242,81,2,0.30276321,0.00593162,-0.00694385,0E-8,0.000000,0.904604,0.002289,0.01846642,2026-03-22,2026-08-06,115,6001,2406,138,0.833333,1.330819,1.230659,1.009211,,,,,,,,GLOBAL_BASELINE_NO_ENTITY_RANKING,,,NOT_APPLICABLE_GLOBAL_BASELINE,HF9g-P5,,,,X 全窗基线 · 不参与实体赏罚,8399099,840,A168_HF9F_20260827_0900,2026-08-27 09:00:00
2026-03-22,36810153,986,0,6.6026938991,-2.2008979663,-2.2008979663,0.5000000,2,2,0.49994810000000000,0.499948100000,0.00014679536856514622,0.00014679536856514622,0.00014679536856514622,0E-17,ELIGIBLE,R03b_20260811_FULL_v1,L1_ELIGIBILITY,v2026-08-11,2026-03-21..2026-08-06,baccarat_bet02_101_all_pairs_incl_sentinel,round_win = game_pnl > 0 (decisive only),COMPATIBILITY_ONLY_NOT_PRODUCTION,81515.6139,73739.3596,483.5193,11361,11361,-0.00593162,0.00694385,-0.01152257,-0.00593162,-483.5193,81515.6139,OK,0.0000,19.3408,4.0000,96.0000,AG03-UNRESOLVED,ALL5_LEVELS_bet23_to_bet27,19.3408,19.3408,19.3408,24.1760,24.1760,4.000000,4.000000,4.000000,5.000000,5.000000,96.000000,96.000000,96.000000,95.000000,95.000000,5.0,106.3742,97.4416,377.1451,386.0777,PENDING_AG03,FALSE,NOT_FOR_ENFORCEMENT,464.1785,70789.7852,483.5193,464.1785,19.3408,0.00593162,0.00569435,19.3408,464.1785,0.00569435,19.3408,19.3408,19.3408,24.1760,24.1760,464.1785,0.00569435,106.3742,97.4416,377.1451,386.0777,0.00462666,0.00473624,0.00023726,7.1750,6.4906,0.0426,4.2045,0.0806,708.8314,98.7913,8.8300,6.6350,4.0407,4.4018,8.4329,14.3073,20.7715,40.8781,4.2012,0.0,4.718859,9.286678,1.630025,30,242,81,2,0.30276321,0.00593162,-0.00694385,0E-8,0.000000,0.904604,0.002289,0.01846642,2026-03-22,2026-08-06,115,6001,2406,138,0.833333,1.330819,1.230659,1.009211,,,,,,,,GLOBAL_BASELINE_NO_ENTITY_RANKING,,,NOT_APPLICABLE_GLOBAL_BASELINE,HF9g-P5,,,,X 全窗基线 · 不参与实体赏罚,8399100,840,A168_HF9F_20260827_0900,2026-08-27 09:00:00
2026-03-23,36810153,-1,1,248.9215599965,16.3306629104,16.3306629104,0.5652174,27,27,0.50218230000000000,0.502182300000,0.6046171148293509,0.6046171148293509,0.6046171148293509,0E-17,SENTINEL_DEALER,R03b_20260811_FULL_v1,L1_ELIGIBILITY,v2026-08-11,2026-03-21..2026-08-06,baccarat_bet02_101_all_pairs_incl_sentinel,round_win = game_pnl > 0 (decisive only),COMPATIBILITY_ONLY_NOT_PRODUCTION,81515.6139,73739.3596,483.5193,11361,11361,-0.00593162,0.00694385,-0.01152257,-0.00593162,-483.5193,81515.6139,OK,0.0000,19.3408,4.0000,96.0000,AG03-UNRESOLVED,ALL5_LEVELS_bet23_to_bet27,19.3408,19.3408,19.3408,24.1760,24.1760,4.000000,4.000000,4.000000,5.000000,5.000000,96.000000,96.000000,96.000000,95.000000,95.000000,5.0,106.3742,97.4416,377.1451,386.0777,PENDING_AG03,FALSE,NOT_FOR_ENFORCEMENT,464.1785,70789.7852,483.5193,464.1785,19.3408,0.00593162,0.00569435,19.3408,464.1785,0.00569435,19.3408,19.3408,19.3408,24.1760,24.1760,464.1785,0.00569435,106.3742,97.4416,377.1451,386.0777,0.00462666,0.00473624,0.00023726,7.1750,6.4906,0.0426,4.2045,0.0806,708.8314,98.7913,8.8300,6.6350,4.0407,4.4018,8.4329,14.3073,20.7715,40.8781,4.2012,0.0,4.718859,9.286678,1.630025,30,242,81,2,0.30276321,0.00593162,-0.00694385,0E-8,0.000000,0.904604,0.002289,0.01846642,2026-03-22,2026-08-06,115,6001,2406,138,0.833333,1.330819,1.230659,1.009211,,,,,,,,GLOBAL_BASELINE_NO_ENTITY_RANKING,,,NOT_APPLICABLE_GLOBAL_BASELINE,HF9g-P5,,,,X 全窗基线 · 不参与实体赏罚,8399101,840,A168_HF9F_20260827_0900,2026-08-27 09:00:00
2026-03-23,36810153,1105,0,14.3058367815,7.1529183907,7.1529183907,0.5000000,2,2,0.49994810000000000,0.499948100000,0.00014679536856514622,0.00014679536856514622,0.00014679536856514622,0E-17,ELIGIBLE,R03b_20260811_FULL_v1,L1_ELIGIBILITY,v2026-08-11,2026-03-21..2026-08-06,baccarat_bet02_101_all_pairs_incl_sentinel,round_win = game_pnl > 0 (decisive only),COMPATIBILITY_ONLY_NOT_PRODUCTION,81515.6139,73739.3596,483.5193,11361,11361,-0.00593162,0.00694385,-0.01152257,-0.00593162,-483.5193,81515.6139,OK,0.0000,19.3408,4.0000,96.0000,AG03-UNRESOLVED,ALL5_LEVELS_bet23_to_bet27,19.3408,19.3408,19.3408,24.1760,24.1760,4.000000,4.000000,4.000000,5.000000,5.000000,96.000000,96.000000,96.000000,95.000000,95.000000,5.0,106.3742,97.4416,377.1451,386.0777,PENDING_AG03,FALSE,NOT_FOR_ENFORCEMENT,464.1785,70789.7852,483.5193,464.1785,19.3408,0.00593162,0.00569435,19.3408,464.1785,0.00569435,19.3408,19.3408,19.3408,24.1760,24.1760,464.1785,0.00569435,106.3742,97.4416,377.1451,386.0777,0.00462666,0.00473624,0.00023726,7.1750,6.4906,0.0426,4.2045,0.0806,708.8314,98.7913,8.8300,6.6350,4.0407,4.4018,8.4329,14.3073,20.7715,40.8781,4.2012,0.0,4.718859,9.286678,1.630025,30,242,81,2,0.30276321,0.00593162,-0.00694385,0E-8,0.000000,0.904604,0.002289,0.01846642,2026-03-22,2026-08-06,115,6001,2406,138,0.833333,1.330819,1.230659,1.009211,,,,,,,,GLOBAL_BASELINE_NO_ENTITY_RANKING,,,NOT_APPLICABLE_GLOBAL_BASELINE,HF9g-P5,,,,X 全窗基线 · 不参与实体赏罚,8399102,840,A168_HF9F_20260827_0900,2026-08-27 09:00:00
2026-03-23,36810153,1109,0,2.2008979664,2.0908530681,2.0908530681,1.0000000,1,1,0.50665070000000000,0.506650700000,0.9867858985152569,0.9867858985152569,0.9867858985152569,0E-17,ELIGIBLE,R03b_20260811_FULL_v1,L1_ELIGIBILITY,v2026-08-11,2026-03-21..2026-08-06,baccarat_bet02_101_all_pairs_incl_sentinel,round_win = game_pnl > 0 (decisive only),COMPATIBILITY_ONLY_NOT_PRODUCTION,81515.6139,73739.3596,483.5193,11361,11361,-0.00593162,0.00694385,-0.01152257,-0.00593162,-483.5193,81515.6139,OK,0.0000,19.3408,4.0000,96.0000,AG03-UNRESOLVED,ALL5_LEVELS_bet23_to_bet27,19.3408,19.3408,19.3408,24.1760,24.1760,4.000000,4.000000,4.000000,5.000000,5.000000,96.000000,96.000000,96.000000,95.000000,95.000000,5.0,106.3742,97.4416,377.1451,386.0777,PENDING_AG03,FALSE,NOT_FOR_ENFORCEMENT,464.1785,70789.7852,483.5193,464.1785,19.3408,0.00593162,0.00569435,19.3408,464.1785,0.00569435,19.3408,19.3408,19.3408,24.1760,24.1760,464.1785,0.00569435,106.3742,97.4416,377.1451,386.0777,0.00462666,0.00473624,0.00023726,7.1750,6.4906,0.0426,4.2045,0.0806,708.8314,98.7913,8.8300,6.6350,4.0407,4.4018,8.4329,14.3073,20.7715,40.8781,4.2012,0.0,4.718859,9.286678,1.630025,30,242,81,2,0.30276321,0.00593162,-0.00694385,0E-8,0.000000,0.904604,0.002289,0.01846642,2026-03-22,2026-08-06,115,6001,2406,138,0.833333,1.330819,1.230659,1.009211,,,,,,,,GLOBAL_BASELINE_NO_ENTITY_RANKING,,,NOT_APPLICABLE_GLOBAL_BASELINE,HF9g-P5,,,,X 全窗基线 · 不参与实体赏罚,8399103,840,A168_HF9F_20260827_0900,2026-08-27 09:00:00
2026-03-23,36810153,1151,0,15.4062857646,-6.8227836958,-6.8227836958,0.5000000,2,2,0.50665070000000000,0.506650700000,-0.018812684590367487,-0.018812684590367487,-0.018812684590367487,0E-17,ELIGIBLE,R03b_20260811_FULL_v1,L1_ELIGIBILITY,v2026-08-11,2026-03-21..2026-08-06,baccarat_bet02_101_all_pairs_incl_sentinel,round_win = game_pnl > 0 (decisive only),COMPATIBILITY_ONLY_NOT_PRODUCTION,81515.6139,73739.3596,483.5193,11361,11361,-0.00593162,0.00694385,-0.01152257,-0.00593162,-483.5193,81515.6139,OK,0.0000,19.3408,4.0000,96.0000,AG03-UNRESOLVED,ALL5_LEVELS_bet23_to_bet27,19.3408,19.3408,19.3408,24.1760,24.1760,4.000000,4.000000,4.000000,5.000000,5.000000,96.000000,96.000000,96.000000,95.000000,95.000000,5.0,106.3742,97.4416,377.1451,386.0777,PENDING_AG03,FALSE,NOT_FOR_ENFORCEMENT,464.1785,70789.7852,483.5193,464.1785,19.3408,0.00593162,0.00569435,19.3408,464.1785,0.00569435,19.3408,19.3408,19.3408,24.1760,24.1760,464.1785,0.00569435,106.3742,97.4416,377.1451,386.0777,0.00462666,0.00473624,0.00023726,7.1750,6.4906,0.0426,4.2045,0.0806,708.8314,98.7913,8.8300,6.6350,4.0407,4.4018,8.4329,14.3073,20.7715,40.8781,4.2012,0.0,4.718859,9.286678,1.630025,30,242,81,2,0.30276321,0.00593162,-0.00694385,0E-8,0.000000,0.904604,0.002289,0.01846642,2026-03-22,2026-08-06,115,6001,2406,138,0.833333,1.330819,1.230659,1.009211,,,,,,,,GLOBAL_BASELINE_NO_ENTITY_RANKING,,,NOT_APPLICABLE_GLOBAL_BASELINE,HF9g-P5,,,,X 全窗基线 · 不参与实体赏罚,8399104,840,A168_HF9F_20260827_0900,2026-08-27 09:00:00
2026-03-23,36810153,1210,0,2.6410775596,0E-10,0E-10,,1,1,0.49324550000000000,0.493245500000,,,,0E-17,NO_DECISIVE_ROUND,R03b_20260811_FULL_v1,L1_ELIGIBILITY,v2026-08-11,2026-03-21..2026-08-06,baccarat_bet02_101_all_pairs_incl_sentinel,round_win = game_pnl > 0 (decisive only),COMPATIBILITY_ONLY_NOT_PRODUCTION,81515.6139,73739.3596,483.5193,11361,11361,-0.00593162,0.00694385,-0.01152257,-0.00593162,-483.5193,81515.6139,OK,0.0000,19.3408,4.0000,96.0000,AG03-UNRESOLVED,ALL5_LEVELS_bet23_to_bet27,19.3408,19.3408,19.3408,24.1760,24.1760,4.000000,4.000000,4.000000,5.000000,5.000000,96.000000,96.000000,96.000000,95.000000,95.000000,5.0,106.3742,97.4416,377.1451,386.0777,PENDING_AG03,FALSE,NOT_FOR_ENFORCEMENT,464.1785,70789.7852,483.5193,464.1785,19.3408,0.00593162,0.00569435,19.3408,464.1785,0.00569435,19.3408,19.3408,19.3408,24.1760,24.1760,464.1785,0.00569435,106.3742,97.4416,377.1451,386.0777,0.00462666,0.00473624,0.00023726,7.1750,6.4906,0.0426,4.2045,0.0806,708.8314,98.7913,8.8300,6.6350,4.0407,4.4018,8.4329,14.3073,20.7715,40.8781,4.2012,0.0,4.718859,9.286678,1.630025,30,242,81,2,0.30276321,0.00593162,-0.00694385,0E-8,0.000000,0.904604,0.002289,0.01846642,2026-03-22,2026-08-06,115,6001,2406,138,0.833333,1.330819,1.230659,1.009211,,,,,,,,GLOBAL_BASELINE_NO_ENTITY_RANKING,,,NOT_APPLICABLE_GLOBAL_BASELINE,HF9g-P5,,,,X 全窗基线 · 不参与实体赏罚,8399105,840,A168_HF9F_20260827_0900,2026-08-27 09:00:00
2026-03-23,36810153,1304,0,4.4017959327,4.1817061361,4.1817061361,1.0000000,1,1,0.50665070000000000,0.506650700000,0.9867858985152569,0.9867858985152569,0.9867858985152569,0E-17,ELIGIBLE,R03b_20260811_FULL_v1,L1_ELIGIBILITY,v2026-08-11,2026-03-21..2026-08-06,baccarat_bet02_101_all_pairs_incl_sentinel,round_win = game_pnl > 0 (decisive only),COMPATIBILITY_ONLY_NOT_PRODUCTION,81515.6139,73739.3596,483.5193,11361,11361,-0.00593162,0.00694385,-0.01152257,-0.00593162,-483.5193,81515.6139,OK,0.0000,19.3408,4.0000,96.0000,AG03-UNRESOLVED,ALL5_LEVELS_bet23_to_bet27,19.3408,19.3408,19.3408,24.1760,24.1760,4.000000,4.000000,4.000000,5.000000,5.000000,96.000000,96.000000,96.000000,95.000000,95.000000,5.0,106.3742,97.4416,377.1451,386.0777,PENDING_AG03,FALSE,NOT_FOR_ENFORCEMENT,464.1785,70789.7852,483.5193,464.1785,19.3408,0.00593162,0.00569435,19.3408,464.1785,0.00569435,19.3408,19.3408,19.3408,24.1760,24.1760,464.1785,0.00569435,106.3742,97.4416,377.1451,386.0777,0.00462666,0.00473624,0.00023726,7.1750,6.4906,0.0426,4.2045,0.0806,708.8314,98.7913,8.8300,6.6350,4.0407,4.4018,8.4329,14.3073,20.7715,40.8781,4.2012,0.0,4.718859,9.286678,1.630025,30,242,81,2,0.30276321,0.00593162,-0.00694385,0E-8,0.000000,0.904604,0.002289,0.01846642,2026-03-22,2026-08-06,115,6001,2406,138,0.833333,1.330819,1.230659,1.009211,,,,,,,,GLOBAL_BASELINE_NO_ENTITY_RANKING,,,NOT_APPLICABLE_GLOBAL_BASELINE,HF9g-P5,,,,X 全窗基线 · 不参与实体赏罚,8399106,840,A168_HF9F_20260827_0900,2026-08-27 09:00:00
2026-03-23,36810153,1306,0,55.4626287525,44.1059952461,44.1059952461,0.7500000,4,4,0.50329940000000000,0.503299400000,0.9868238854431842,0.9868238854431842,0.9868238854431842,0E-17,ELIGIBLE,R03b_20260811_FULL_v1,L1_ELIGIBILITY,v2026-08-11,2026-03-21..2026-08-06,baccarat_bet02_101_all_pairs_incl_sentinel,round_win = game_pnl > 0 (decisive only),COMPATIBILITY_ONLY_NOT_PRODUCTION,81515.6139,73739.3596,483.5193,11361,11361,-0.00593162,0.00694385,-0.01152257,-0.00593162,-483.5193,81515.6139,OK,0.0000,19.3408,4.0000,96.0000,AG03-UNRESOLVED,ALL5_LEVELS_bet23_to_bet27,19.3408,19.3408,19.3408,24.1760,24.1760,4.000000,4.000000,4.000000,5.000000,5.000000,96.000000,96.000000,96.000000,95.000000,95.000000,5.0,106.3742,97.4416,377.1451,386.0777,PENDING_AG03,FALSE,NOT_FOR_ENFORCEMENT,464.1785,70789.7852,483.5193,464.1785,19.3408,0.00593162,0.00569435,19.3408,464.1785,0.00569435,19.3408,19.3408,19.3408,24.1760,24.1760,464.1785,0.00569435,106.3742,97.4416,377.1451,386.0777,0.00462666,0.00473624,0.00023726,7.1750,6.4906,0.0426,4.2045,0.0806,708.8314,98.7913,8.8300,6.6350,4.0407,4.4018,8.4329,14.3073,20.7715,40.8781,4.2012,0.0,4.718859,9.286678,1.630025,30,242,81,2,0.30276321,0.00593162,-0.00694385,0E-8,0.000000,0.904604,0.002289,0.01846642,2026-03-22,2026-08-06,115,6001,2406,138,0.833333,1.330819,1.230659,1.009211,,,,,,,,GLOBAL_BASELINE_NO_ENTITY_RANKING,,,NOT_APPLICABLE_GLOBAL_BASELINE,HF9g-P5,,,,X 全窗基线 · 不参与实体赏罚,8399107,840,A168_HF9F_20260827_0900,2026-08-27 09:00:00
2026-03-23,36810153,1323,0,17.6071837310,-17.6071837310,-17.6071837310,0E-7,2,2,0.49994810000000000,0.499948100000,-1.4140667746232096,-1.4140667746232096,-1.4140667746232096,0E-17,ELIGIBLE,R03b_20260811_FULL_v1,L1_ELIGIBILITY,v2026-08-11,2026-03-21..2026-08-06,baccarat_bet02_101_all_pairs_incl_sentinel,round_win = game_pnl > 0 (decisive only),COMPATIBILITY_ONLY_NOT_PRODUCTION,81515.6139,73739.3596,483.5193,11361,11361,-0.00593162,0.00694385,-0.01152257,-0.00593162,-483.5193,81515.6139,OK,0.0000,19.3408,4.0000,96.0000,AG03-UNRESOLVED,ALL5_LEVELS_bet23_to_bet27,19.3408,19.3408,19.3408,24.1760,24.1760,4.000000,4.000000,4.000000,5.000000,5.000000,96.000000,96.000000,96.000000,95.000000,95.000000,5.0,106.3742,97.4416,377.1451,386.0777,PENDING_AG03,FALSE,NOT_FOR_ENFORCEMENT,464.1785,70789.7852,483.5193,464.1785,19.3408,0.00593162,0.00569435,19.3408,464.1785,0.00569435,19.3408,19.3408,19.3408,24.1760,24.1760,464.1785,0.00569435,106.3742,97.4416,377.1451,386.0777,0.00462666,0.00473624,0.00023726,7.1750,6.4906,0.0426,4.2045,0.0806,708.8314,98.7913,8.8300,6.6350,4.0407,4.4018,8.4329,14.3073,20.7715,40.8781,4.2012,0.0,4.718859,9.286678,1.630025,30,242,81,2,0.30276321,0.00593162,-0.00694385,0E-8,0.000000,0.904604,0.002289,0.01846642,2026-03-22,2026-08-06,115,6001,2406,138,0.833333,1.330819,1.230659,1.009211,,,,,,,,GLOBAL_BASELINE_NO_ENTITY_RANKING,,,NOT_APPLICABLE_GLOBAL_BASELINE,HF9g-P5,,,,X 全窗基线 · 不参与实体赏罚,8399108,840,A168_HF9F_20260827_0900,2026-08-27 09:00:00
2026-03-23,36810153,1363,0,6.6026938991,-6.6026938991,-6.6026938991,0E-7,1,1,0.49324550000000000,0.493245500000,-0.9865810262130424,-0.9865810262130424,-0.9865810262130424,0E-17,ELIGIBLE,R03b_20260811_FULL_v1,L1_ELIGIBILITY,v2026-08-11,2026-03-21..2026-08-06,baccarat_bet02_101_all_pairs_incl_sentinel,round_win = game_pnl > 0 (decisive only),COMPATIBILITY_ONLY_NOT_PRODUCTION,81515.6139,73739.3596,483.5193,11361,11361,-0.00593162,0.00694385,-0.01152257,-0.00593162,-483.5193,81515.6139,OK,0.0000,19.3408,4.0000,96.0000,AG03-UNRESOLVED,ALL5_LEVELS_bet23_to_bet27,19.3408,19.3408,19.3408,24.1760,24.1760,4.000000,4.000000,4.000000,5.000000,5.000000,96.000000,96.000000,96.000000,95.000000,95.000000,5.0,106.3742,97.4416,377.1451,386.0777,PENDING_AG03,FALSE,NOT_FOR_ENFORCEMENT,464.1785,70789.7852,483.5193,464.1785,19.3408,0.00593162,0.00569435,19.3408,464.1785,0.00569435,19.3408,19.3408,19.3408,24.1760,24.1760,464.1785,0.00569435,106.3742,97.4416,377.1451,386.0777,0.00462666,0.00473624,0.00023726,7.1750,6.4906,0.0426,4.2045,0.0806,708.8314,98.7913,8.8300,6.6350,4.0407,4.4018,8.4329,14.3073,20.7715,40.8781,4.2012,0.0,4.718859,9.286678,1.630025,30,242,81,2,0.30276321,0.00593162,-0.00694385,0E-8,0.000000,0.904604,0.002289,0.01846642,2026-03-22,2026-08-06,115,6001,2406,138,0.833333,1.330819,1.230659,1.009211,,,,,,,,GLOBAL_BASELINE_NO_ENTITY_RANKING,,,NOT_APPLICABLE_GLOBAL_BASELINE,HF9g-P5,,,,X 全窗基线 · 不参与实体赏罚,8399109,840,A168_HF9F_20260827_0900,2026-08-27 09:00:00
2026-03-23,36810153,1382,0,42.4773307508,-9.5739061536,-9.5739061536,0.3750000,8,8,0.50162375000000000,0.501623750000,-0.7162958754040458,-0.7162958754040458,-0.7162958754040458,0E-17,ELIGIBLE,R03b_20260811_FULL_v1,L1_ELIGIBILITY,v2026-08-11,2026-03-21..2026-08-06,baccarat_bet02_101_all_pairs_incl_sentinel,round_win = game_pnl > 0 (decisive only),COMPATIBILITY_ONLY_NOT_PRODUCTION,81515.6139,73739.3596,483.5193,11361,11361,-0.00593162,0.00694385,-0.01152257,-0.00593162,-483.5193,81515.6139,OK,0.0000,19.3408,4.0000,96.0000,AG03-UNRESOLVED,ALL5_LEVELS_bet23_to_bet27,19.3408,19.3408,19.3408,24.1760,24.1760,4.000000,4.000000,4.000000,5.000000,5.000000,96.000000,96.000000,96.000000,95.000000,95.000000,5.0,106.3742,97.4416,377.1451,386.0777,PENDING_AG03,FALSE,NOT_FOR_ENFORCEMENT,464.1785,70789.7852,483.5193,464.1785,19.3408,0.00593162,0.00569435,19.3408,464.1785,0.00569435,19.3408,19.3408,19.3408,24.1760,24.1760,464.1785,0.00569435,106.3742,97.4416,377.1451,386.0777,0.00462666,0.00473624,0.00023726,7.1750,6.4906,0.0426,4.2045,0.0806,708.8314,98.7913,8.8300,6.6350,4.0407,4.4018,8.4329,14.3073,20.7715,40.8781,4.2012,0.0,4.718859,9.286678,1.630025,30,242,81,2,0.30276321,0.00593162,-0.00694385,0E-8,0.000000,0.904604,0.002289,0.01846642,2026-03-22,2026-08-06,115,6001,2406,138,0.833333,1.330819,1.230659,1.009211,,,,,,,,GLOBAL_BASELINE_NO_ENTITY_RANKING,,,NOT_APPLICABLE_GLOBAL_BASELINE,HF9g-P5,,,,X 全窗基线 · 不参与实体赏罚,8399110,840,A168_HF9F_20260827_0900,2026-08-27 09:00:00
2026-03-23,36810153,1385,0,64.7064002113,23.7696980367,23.7696980367,0.5000000,7,7,0.50090561428571429,0.500905614286,-0.00443659308478647,-0.004436593086186165,-0.00443659308478647,-2.8571E-13,ELIGIBLE,R03b_20260811_FULL_v1,L1_ELIGIBILITY,v2026-08-11,2026-03-21..2026-08-06,baccarat_bet02_101_all_pairs_incl_sentinel,round_win = game_pnl > 0 (decisive only),COMPATIBILITY_ONLY_NOT_PRODUCTION,81515.6139,73739.3596,483.5193,11361,11361,-0.00593162,0.00694385,-0.01152257,-0.00593162,-483.5193,81515.6139,OK,0.0000,19.3408,4.0000,96.0000,AG03-UNRESOLVED,ALL5_LEVELS_bet23_to_bet27,19.3408,19.3408,19.3408,24.1760,24.1760,4.000000,4.000000,4.000000,5.000000,5.000000,96.000000,96.000000,96.000000,95.000000,95.000000,5.0,106.3742,97.4416,377.1451,386.0777,PENDING_AG03,FALSE,NOT_FOR_ENFORCEMENT,464.1785,70789.7852,483.5193,464.1785,19.3408,0.00593162,0.00569435,19.3408,464.1785,0.00569435,19.3408,19.3408,19.3408,24.1760,24.1760,464.1785,0.00569435,106.3742,97.4416,377.1451,386.0777,0.00462666,0.00473624,0.00023726,7.1750,6.4906,0.0426,4.2045,0.0806,708.8314,98.7913,8.8300,6.6350,4.0407,4.4018,8.4329,14.3073,20.7715,40.8781,4.2012,0.0,4.718859,9.286678,1.630025,30,242,81,2,0.30276321,0.00593162,-0.00694385,0E-8,0.000000,0.904604,0.002289,0.01846642,2026-03-22,2026-08-06,115,6001,2406,138,0.833333,1.330819,1.230659,1.009211,,,,,,,,GLOBAL_BASELINE_NO_ENTITY_RANKING,,,NOT_APPLICABLE_GLOBAL_BASELINE,HF9g-P5,,,,X 全窗基线 · 不参与实体赏罚,8399111,840,A168_HF9F_20260827_0900,2026-08-27 09:00:00
2026-03-23,36810153,1401,0,53.4818205829,-13.0953428999,-13.0953428999,0.6666667,6,6,0.49547970000000000,0.495479700000,0.83867571210634,0.83867571210634,0.83867571210634,0E-17,ELIGIBLE,R03b_20260811_FULL_v1,L1_ELIGIBILITY,v2026-08-11,2026-03-21..2026-08-06,baccarat_bet02_101_all_pairs_incl_sentinel,round_win = game_pnl > 0 (decisive only),COMPATIBILITY_ONLY_NOT_PRODUCTION,81515.6139,73739.3596,483.5193,11361,11361,-0.00593162,0.00694385,-0.01152257,-0.00593162,-483.5193,81515.6139,OK,0.0000,19.3408,4.0000,96.0000,AG03-UNRESOLVED,ALL5_LEVELS_bet23_to_bet27,19.3408,19.3408,19.3408,24.1760,24.1760,4.000000,4.000000,4.000000,5.000000,5.000000,96.000000,96.000000,96.000000,95.000000,95.000000,5.0,106.3742,97.4416,377.1451,386.0777,PENDING_AG03,FALSE,NOT_FOR_ENFORCEMENT,464.1785,70789.7852,483.5193,464.1785,19.3408,0.00593162,0.00569435,19.3408,464.1785,0.00569435,19.3408,19.3408,19.3408,24.1760,24.1760,464.1785,0.00569435,106.3742,97.4416,377.1451,386.0777,0.00462666,0.00473624,0.00023726,7.1750,6.4906,0.0426,4.2045,0.0806,708.8314,98.7913,8.8300,6.6350,4.0407,4.4018,8.4329,14.3073,20.7715,40.8781,4.2012,0.0,4.718859,9.286678,1.630025,30,242,81,2,0.30276321,0.00593162,-0.00694385,0E-8,0.000000,0.904604,0.002289,0.01846642,2026-03-22,2026-08-06,115,6001,2406,138,0.833333,1.330819,1.230659,1.009211,,,,,,,,GLOBAL_BASELINE_NO_ENTITY_RANKING,,,NOT_APPLICABLE_GLOBAL_BASELINE,HF9g-P5,,,,X 全窗基线 · 不参与实体赏罚,8399112,840,A168_HF9F_20260827_0900,2026-08-27 09:00:00
2026-03-23,36810153,1405,0,4.4017959327,-4.4017959327,-4.4017959327,0E-7,1,1,0.50665070000000000,0.506650700000,-1.013391052207602,-1.013391052207602,-1.013391052207602,0E-17,ELIGIBLE,R03b_20260811_FULL_v1,L1_ELIGIBILITY,v2026-08-11,2026-03-21..2026-08-06,baccarat_bet02_101_all_pairs_incl_sentinel,round_win = game_pnl > 0 (decisive only),COMPATIBILITY_ONLY_NOT_PRODUCTION,81515.6139,73739.3596,483.5193,11361,11361,-0.00593162,0.00694385,-0.01152257,-0.00593162,-483.5193,81515.6139,OK,0.0000,19.3408,4.0000,96.0000,AG03-UNRESOLVED,ALL5_LEVELS_bet23_to_bet27,19.3408,19.3408,19.3408,24.1760,24.1760,4.000000,4.000000,4.000000,5.000000,5.000000,96.000000,96.000000,96.000000,95.000000,95.000000,5.0,106.3742,97.4416,377.1451,386.0777,PENDING_AG03,FALSE,NOT_FOR_ENFORCEMENT,464.1785,70789.7852,483.5193,464.1785,19.3408,0.00593162,0.00569435,19.3408,464.1785,0.00569435,19.3408,19.3408,19.3408,24.1760,24.1760,464.1785,0.00569435,106.3742,97.4416,377.1451,386.0777,0.00462666,0.00473624,0.00023726,7.1750,6.4906,0.0426,4.2045,0.0806,708.8314,98.7913,8.8300,6.6350,4.0407,4.4018,8.4329,14.3073,20.7715,40.8781,4.2012,0.0,4.718859,9.286678,1.630025,30,242,81,2,0.30276321,0.00593162,-0.00694385,0E-8,0.000000,0.904604,0.002289,0.01846642,2026-03-22,2026-08-06,115,6001,2406,138,0.833333,1.330819,1.230659,1.009211,,,,,,,,GLOBAL_BASELINE_NO_ENTITY_RANKING,,,NOT_APPLICABLE_GLOBAL_BASELINE,HF9g-P5,,,,X 全窗基线 · 不参与实体赏罚,8399113,840,A168_HF9F_20260827_0900,2026-08-27 09:00:00
2026-03-23,36810153,1485,0,12.9852980016,6.2725592042,6.2725592042,1.0000000,3,3,0.50218230000000000,0.502182300000,0.99564488342984,0.99564488342984,0.99564488342984,0E-17,ELIGIBLE,R03b_20260811_FULL_v1,L1_ELIGIBILITY,v2026-08-11,2026-03-21..2026-08-06,baccarat_bet02_101_all_pairs_incl_sentinel,round_win = game_pnl > 0 (decisive only),COMPATIBILITY_ONLY_NOT_PRODUCTION,81515.6139,73739.3596,483.5193,11361,11361,-0.00593162,0.00694385,-0.01152257,-0.00593162,-483.5193,81515.6139,OK,0.0000,19.3408,4.0000,96.0000,AG03-UNRESOLVED,ALL5_LEVELS_bet23_to_bet27,19.3408,19.3408,19.3408,24.1760,24.1760,4.000000,4.000000,4.000000,5.000000,5.000000,96.000000,96.000000,96.000000,95.000000,95.000000,5.0,106.3742,97.4416,377.1451,386.0777,PENDING_AG03,FALSE,NOT_FOR_ENFORCEMENT,464.1785,70789.7852,483.5193,464.1785,19.3408,0.00593162,0.00569435,19.3408,464.1785,0.00569435,19.3408,19.3408,19.3408,24.1760,24.1760,464.1785,0.00569435,106.3742,97.4416,377.1451,386.0777,0.00462666,0.00473624,0.00023726,7.1750,6.4906,0.0426,4.2045,0.0806,708.8314,98.7913,8.8300,6.6350,4.0407,4.4018,8.4329,14.3073,20.7715,40.8781,4.2012,0.0,4.718859,9.286678,1.630025,30,242,81,2,0.30276321,0.00593162,-0.00694385,0E-8,0.000000,0.904604,0.002289,0.01846642,2026-03-22,2026-08-06,115,6001,2406,138,0.833333,1.330819,1.230659,1.009211,,,,,,,,GLOBAL_BASELINE_NO_ENTITY_RANKING,,,NOT_APPLICABLE_GLOBAL_BASELINE,HF9g-P5,,,,X 全窗基线 · 不参与实体赏罚,8399114,840,A168_HF9F_20260827_0900,2026-08-27 09:00:00
2026-03-23,36810153,1505,0,64.9264900079,-0.2200897967,-0.2200897967,0.5000000,5,5,0.50396966000000000,0.503969660000,-0.0158791404612453,-0.0158791404612453,-0.0158791404612453,0E-17,ELIGIBLE,R03b_20260811_FULL_v1,L1_ELIGIBILITY,v2026-08-11,2026-03-21..2026-08-06,baccarat_bet02_101_all_pairs_incl_sentinel,round_win = game_pnl > 0 (decisive only),COMPATIBILITY_ONLY_NOT_PRODUCTION,81515.6139,73739.3596,483.5193,11361,11361,-0.00593162,0.00694385,-0.01152257,-0.00593162,-483.5193,81515.6139,OK,0.0000,19.3408,4.0000,96.0000,AG03-UNRESOLVED,ALL5_LEVELS_bet23_to_bet27,19.3408,19.3408,19.3408,24.1760,24.1760,4.000000,4.000000,4.000000,5.000000,5.000000,96.000000,96.000000,96.000000,95.000000,95.000000,5.0,106.3742,97.4416,377.1451,386.0777,PENDING_AG03,FALSE,NOT_FOR_ENFORCEMENT,464.1785,70789.7852,483.5193,464.1785,19.3408,0.00593162,0.00569435,19.3408,464.1785,0.00569435,19.3408,19.3408,19.3408,24.1760,24.1760,464.1785,0.00569435,106.3742,97.4416,377.1451,386.0777,0.00462666,0.00473624,0.00023726,7.1750,6.4906,0.0426,4.2045,0.0806,708.8314,98.7913,8.8300,6.6350,4.0407,4.4018,8.4329,14.3073,20.7715,40.8781,4.2012,0.0,4.718859,9.286678,1.630025,30,242,81,2,0.30276321,0.00593162,-0.00694385,0E-8,0.000000,0.904604,0.002289,0.01846642,2026-03-22,2026-08-06,115,6001,2406,138,0.833333,1.330819,1.230659,1.009211,,,,,,,,GLOBAL_BASELINE_NO_ENTITY_RANKING,,,NOT_APPLICABLE_GLOBAL_BASELINE,HF9g-P5,,,,X 全窗基线 · 不参与实体赏罚,8399115,840,A168_HF9F_20260827_0900,2026-08-27 09:00:00
2026-03-23,36810153,1942,0,39.6161633947,-39.6161633947,-39.6161633947,0E-7,3,3,0.49771390000000000,0.497713900000,-1.724149546644903,-1.724149546644903,-1.724149546644903,0E-17,ELIGIBLE,R03b_20260811_FULL_v1,L1_ELIGIBILITY,v2026-08-11,2026-03-21..2026-08-06,baccarat_bet02_101_all_pairs_incl_sentinel,round_win = game_pnl > 0 (decisive only),COMPATIBILITY_ONLY_NOT_PRODUCTION,81515.6139,73739.3596,483.5193,11361,11361,-0.00593162,0.00694385,-0.01152257,-0.00593162,-483.5193,81515.6139,OK,0.0000,19.3408,4.0000,96.0000,AG03-UNRESOLVED,ALL5_LEVELS_bet23_to_bet27,19.3408,19.3408,19.3408,24.1760,24.1760,4.000000,4.000000,4.000000,5.000000,5.000000,96.000000,96.000000,96.000000,95.000000,95.000000,5.0,106.3742,97.4416,377.1451,386.0777,PENDING_AG03,FALSE,NOT_FOR_ENFORCEMENT,464.1785,70789.7852,483.5193,464.1785,19.3408,0.00593162,0.00569435,19.3408,464.1785,0.00569435,19.3408,19.3408,19.3408,24.1760,24.1760,464.1785,0.00569435,106.3742,97.4416,377.1451,386.0777,0.00462666,0.00473624,0.00023726,7.1750,6.4906,0.0426,4.2045,0.0806,708.8314,98.7913,8.8300,6.6350,4.0407,4.4018,8.4329,14.3073,20.7715,40.8781,4.2012,0.0,4.718859,9.286678,1.630025,30,242,81,2,0.30276321,0.00593162,-0.00694385,0E-8,0.000000,0.904604,0.002289,0.01846642,2026-03-22,2026-08-06,115,6001,2406,138,0.833333,1.330819,1.230659,1.009211,,,,,,,,GLOBAL_BASELINE_NO_ENTITY_RANKING,,,NOT_APPLICABLE_GLOBAL_BASELINE,HF9g-P5,,,,X 全窗基线 · 不参与实体赏罚,8399116,840,A168_HF9F_20260827_0900,2026-08-27 09:00:00
2026-03-23,36810153,1947,0,4.4017959327,0E-10,0E-10,,1,1,0.50665070000000000,0.506650700000,,,,0E-17,NO_DECISIVE_ROUND,R03b_20260811_FULL_v1,L1_ELIGIBILITY,v2026-08-11,2026-03-21..2026-08-06,baccarat_bet02_101_all_pairs_incl_sentinel,round_win = game_pnl > 0 (decisive only),COMPATIBILITY_ONLY_NOT_PRODUCTION,81515.6139,73739.3596,483.5193,11361,11361,-0.00593162,0.00694385,-0.01152257,-0.00593162,-483.5193,81515.6139,OK,0.0000,19.3408,4.0000,96.0000,AG03-UNRESOLVED,ALL5_LEVELS_bet23_to_bet27,19.3408,19.3408,19.3408,24.1760,24.1760,4.000000,4.000000,4.000000,5.000000,5.000000,96.000000,96.000000,96.000000,95.000000,95.000000,5.0,106.3742,97.4416,377.1451,386.0777,PENDING_AG03,FALSE,NOT_FOR_ENFORCEMENT,464.1785,70789.7852,483.5193,464.1785,19.3408,0.00593162,0.00569435,19.3408,464.1785,0.00569435,19.3408,19.3408,19.3408,24.1760,24.1760,464.1785,0.00569435,106.3742,97.4416,377.1451,386.0777,0.00462666,0.00473624,0.00023726,7.1750,6.4906,0.0426,4.2045,0.0806,708.8314,98.7913,8.8300,6.6350,4.0407,4.4018,8.4329,14.3073,20.7715,40.8781,4.2012,0.0,4.718859,9.286678,1.630025,30,242,81,2,0.30276321,0.00593162,-0.00694385,0E-8,0.000000,0.904604,0.002289,0.01846642,2026-03-22,2026-08-06,115,6001,2406,138,0.833333,1.330819,1.230659,1.009211,,,,,,,,GLOBAL_BASELINE_NO_ENTITY_RANKING,,,NOT_APPLICABLE_GLOBAL_BASELINE,HF9g-P5,,,,X 全窗基线 · 不参与实体赏罚,8399117,840,A168_HF9F_20260827_0900,2026-08-27 09:00:00
2026-03-23,36810153,1951,0,7.4830530857,7.4830530857,7.4830530857,1.0000000,2,2,0.49324550000000000,0.493245500000,1.4334489766152358,1.4334489766152358,1.4334489766152358,0E-17,ELIGIBLE,R03b_20260811_FULL_v1,L1_ELIGIBILITY,v2026-08-11,2026-03-21..2026-08-06,baccarat_bet02_101_all_pairs_incl_sentinel,round_win = game_pnl > 0 (decisive only),COMPATIBILITY_ONLY_NOT_PRODUCTION,81515.6139,73739.3596,483.5193,11361,11361,-0.00593162,0.00694385,-0.01152257,-0.00593162,-483.5193,81515.6139,OK,0.0000,19.3408,4.0000,96.0000,AG03-UNRESOLVED,ALL5_LEVELS_bet23_to_bet27,19.3408,19.3408,19.3408,24.1760,24.1760,4.000000,4.000000,4.000000,5.000000,5.000000,96.000000,96.000000,96.000000,95.000000,95.000000,5.0,106.3742,97.4416,377.1451,386.0777,PENDING_AG03,FALSE,NOT_FOR_ENFORCEMENT,464.1785,70789.7852,483.5193,464.1785,19.3408,0.00593162,0.00569435,19.3408,464.1785,0.00569435,19.3408,19.3408,19.3408,24.1760,24.1760,464.1785,0.00569435,106.3742,97.4416,377.1451,386.0777,0.00462666,0.00473624,0.00023726,7.1750,6.4906,0.0426,4.2045,0.0806,708.8314,98.7913,8.8300,6.6350,4.0407,4.4018,8.4329,14.3073,20.7715,40.8781,4.2012,0.0,4.718859,9.286678,1.630025,30,242,81,2,0.30276321,0.00593162,-0.00694385,0E-8,0.000000,0.904604,0.002289,0.01846642,2026-03-22,2026-08-06,115,6001,2406,138,0.833333,1.330819,1.230659,1.009211,,,,,,,,GLOBAL_BASELINE_NO_ENTITY_RANKING,,,NOT_APPLICABLE_GLOBAL_BASELINE,HF9g-P5,,,,X 全窗基线 · 不参与实体赏罚,8399118,840,A168_HF9F_20260827_0900,2026-08-27 09:00:00
2026-03-23,36810153,1957,0,32.1331103090,17.7172286294,17.7172286294,0.7500000,4,4,0.50329940000000000,0.503299400000,0.9868238854431842,0.9868238854431842,0.9868238854431842,0E-17,ELIGIBLE,R03b_20260811_FULL_v1,L1_ELIGIBILITY,v2026-08-11,2026-03-21..2026-08-06,baccarat_bet02_101_all_pairs_incl_sentinel,round_win = game_pnl > 0 (decisive only),COMPATIBILITY_ONLY_NOT_PRODUCTION,81515.6139,73739.3596,483.5193,11361,11361,-0.00593162,0.00694385,-0.01152257,-0.00593162,-483.5193,81515.6139,OK,0.0000,19.3408,4.0000,96.0000,AG03-UNRESOLVED,ALL5_LEVELS_bet23_to_bet27,19.3408,19.3408,19.3408,24.1760,24.1760,4.000000,4.000000,4.000000,5.000000,5.000000,96.000000,96.000000,96.000000,95.000000,95.000000,5.0,106.3742,97.4416,377.1451,386.0777,PENDING_AG03,FALSE,NOT_FOR_ENFORCEMENT,464.1785,70789.7852,483.5193,464.1785,19.3408,0.00593162,0.00569435,19.3408,464.1785,0.00569435,19.3408,19.3408,19.3408,24.1760,24.1760,464.1785,0.00569435,106.3742,97.4416,377.1451,386.0777,0.00462666,0.00473624,0.00023726,7.1750,6.4906,0.0426,4.2045,0.0806,708.8314,98.7913,8.8300,6.6350,4.0407,4.4018,8.4329,14.3073,20.7715,40.8781,4.2012,0.0,4.718859,9.286678,1.630025,30,242,81,2,0.30276321,0.00593162,-0.00694385,0E-8,0.000000,0.904604,0.002289,0.01846642,2026-03-22,2026-08-06,115,6001,2406,138,0.833333,1.330819,1.230659,1.009211,,,,,,,,GLOBAL_BASELINE_NO_ENTITY_RANKING,,,NOT_APPLICABLE_GLOBAL_BASELINE,HF9g-P5,,,,X 全窗基线 · 不参与实体赏罚,8399119,840,A168_HF9F_20260827_0900,2026-08-27 09:00:00
2026-03-23,36810153,1963,0,4.4017959327,4.4017959327,4.4017959327,1.0000000,1,1,0.49324550000000000,0.493245500000,1.01360149184955,1.01360149184955,1.01360149184955,0E-17,ELIGIBLE,R03b_20260811_FULL_v1,L1_ELIGIBILITY,v2026-08-11,2026-03-21..2026-08-06,baccarat_bet02_101_all_pairs_incl_sentinel,round_win = game_pnl > 0 (decisive only),COMPATIBILITY_ONLY_NOT_PRODUCTION,81515.6139,73739.3596,483.5193,11361,11361,-0.00593162,0.00694385,-0.01152257,-0.00593162,-483.5193,81515.6139,OK,0.0000,19.3408,4.0000,96.0000,AG03-UNRESOLVED,ALL5_LEVELS_bet23_to_bet27,19.3408,19.3408,19.3408,24.1760,24.1760,4.000000,4.000000,4.000000,5.000000,5.000000,96.000000,96.000000,96.000000,95.000000,95.000000,5.0,106.3742,97.4416,377.1451,386.0777,PENDING_AG03,FALSE,NOT_FOR_ENFORCEMENT,464.1785,70789.7852,483.5193,464.1785,19.3408,0.00593162,0.00569435,19.3408,464.1785,0.00569435,19.3408,19.3408,19.3408,24.1760,24.1760,464.1785,0.00569435,106.3742,97.4416,377.1451,386.0777,0.00462666,0.00473624,0.00023726,7.1750,6.4906,0.0426,4.2045,0.0806,708.8314,98.7913,8.8300,6.6350,4.0407,4.4018,8.4329,14.3073,20.7715,40.8781,4.2012,0.0,4.718859,9.286678,1.630025,30,242,81,2,0.30276321,0.00593162,-0.00694385,0E-8,0.000000,0.904604,0.002289,0.01846642,2026-03-22,2026-08-06,115,6001,2406,138,0.833333,1.330819,1.230659,1.009211,,,,,,,,GLOBAL_BASELINE_NO_ENTITY_RANKING,,,NOT_APPLICABLE_GLOBAL_BASELINE,HF9g-P5,,,,X 全窗基线 · 不参与实体赏罚,8399120,840,A168_HF9F_20260827_0900,2026-08-27 09:00:00
2026-03-23,36810153,1966,0,7.7031428823,0E-10,0E-10,,1,1,0.49324550000000000,0.493245500000,,,,0E-17,NO_DECISIVE_ROUND,R03b_20260811_FULL_v1,L1_ELIGIBILITY,v2026-08-11,2026-03-21..2026-08-06,baccarat_bet02_101_all_pairs_incl_sentinel,round_win = game_pnl > 0 (decisive only),COMPATIBILITY_ONLY_NOT_PRODUCTION,81515.6139,73739.3596,483.5193,11361,11361,-0.00593162,0.00694385,-0.01152257,-0.00593162,-483.5193,81515.6139,OK,0.0000,19.3408,4.0000,96.0000,AG03-UNRESOLVED,ALL5_LEVELS_bet23_to_bet27,19.3408,19.3408,19.3408,24.1760,24.1760,4.000000,4.000000,4.000000,5.000000,5.000000,96.000000,96.000000,96.000000,95.000000,95.000000,5.0,106.3742,97.4416,377.1451,386.0777,PENDING_AG03,FALSE,NOT_FOR_ENFORCEMENT,464.1785,70789.7852,483.5193,464.1785,19.3408,0.00593162,0.00569435,19.3408,464.1785,0.00569435,19.3408,19.3408,19.3408,24.1760,24.1760,464.1785,0.00569435,106.3742,97.4416,377.1451,386.0777,0.00462666,0.00473624,0.00023726,7.1750,6.4906,0.0426,4.2045,0.0806,708.8314,98.7913,8.8300,6.6350,4.0407,4.4018,8.4329,14.3073,20.7715,40.8781,4.2012,0.0,4.718859,9.286678,1.630025,30,242,81,2,0.30276321,0.00593162,-0.00694385,0E-8,0.000000,0.904604,0.002289,0.01846642,2026-03-22,2026-08-06,115,6001,2406,138,0.833333,1.330819,1.230659,1.009211,,,,,,,,GLOBAL_BASELINE_NO_ENTITY_RANKING,,,NOT_APPLICABLE_GLOBAL_BASELINE,HF9g-P5,,,,X 全窗基线 · 不参与实体赏罚,8399121,840,A168_HF9F_20260827_0900,2026-08-27 09:00:00
2026-03-23,36810153,1984,0,2.2008979664,2.2008979664,2.2008979664,1.0000000,1,1,0.49324550000000000,0.493245500000,1.01360149184955,1.01360149184955,1.01360149184955,0E-17,ELIGIBLE,R03b_20260811_FULL_v1,L1_ELIGIBILITY,v2026-08-11,2026-03-21..2026-08-06,baccarat_bet02_101_all_pairs_incl_sentinel,round_win = game_pnl > 0 (decisive only),COMPATIBILITY_ONLY_NOT_PRODUCTION,81515.6139,73739.3596,483.5193,11361,11361,-0.00593162,0.00694385,-0.01152257,-0.00593162,-483.5193,81515.6139,OK,0.0000,19.3408,4.0000,96.0000,AG03-UNRESOLVED,ALL5_LEVELS_bet23_to_bet27,19.3408,19.3408,19.3408,24.1760,24.1760,4.000000,4.000000,4.000000,5.000000,5.000000,96.000000,96.000000,96.000000,95.000000,95.000000,5.0,106.3742,97.4416,377.1451,386.0777,PENDING_AG03,FALSE,NOT_FOR_ENFORCEMENT,464.1785,70789.7852,483.5193,464.1785,19.3408,0.00593162,0.00569435,19.3408,464.1785,0.00569435,19.3408,19.3408,19.3408,24.1760,24.1760,464.1785,0.00569435,106.3742,97.4416,377.1451,386.0777,0.00462666,0.00473624,0.00023726,7.1750,6.4906,0.0426,4.2045,0.0806,708.8314,98.7913,8.8300,6.6350,4.0407,4.4018,8.4329,14.3073,20.7715,40.8781,4.2012,0.0,4.718859,9.286678,1.630025,30,242,81,2,0.30276321,0.00593162,-0.00694385,0E-8,0.000000,0.904604,0.002289,0.01846642,2026-03-22,2026-08-06,115,6001,2406,138,0.833333,1.330819,1.230659,1.009211,,,,,,,,GLOBAL_BASELINE_NO_ENTITY_RANKING,,,NOT_APPLICABLE_GLOBAL_BASELINE,HF9g-P5,,,,X 全窗基线 · 不参与实体赏罚,8399122,840,A168_HF9F_20260827_0900,2026-08-27 09:00:00
2026-03-23,36810153,2153,0,19.8080816973,-19.8080816973,-19.8080816973,0E-7,2,2,0.50665070000000000,0.506650700000,-1.4331513700195317,-1.4331513700195317,-1.4331513700195317,0E-17,ELIGIBLE,R03b_20260811_FULL_v1,L1_ELIGIBILITY,v2026-08-11,2026-03-21..2026-08-06,baccarat_bet02_101_all_pairs_incl_sentinel,round_win = game_pnl > 0 (decisive only),COMPATIBILITY_ONLY_NOT_PRODUCTION,81515.6139,73739.3596,483.5193,11361,11361,-0.00593162,0.00694385,-0.01152257,-0.00593162,-483.5193,81515.6139,OK,0.0000,19.3408,4.0000,96.0000,AG03-UNRESOLVED,ALL5_LEVELS_bet23_to_bet27,19.3408,19.3408,19.3408,24.1760,24.1760,4.000000,4.000000,4.000000,5.000000,5.000000,96.000000,96.000000,96.000000,95.000000,95.000000,5.0,106.3742,97.4416,377.1451,386.0777,PENDING_AG03,FALSE,NOT_FOR_ENFORCEMENT,464.1785,70789.7852,483.5193,464.1785,19.3408,0.00593162,0.00569435,19.3408,464.1785,0.00569435,19.3408,19.3408,19.3408,24.1760,24.1760,464.1785,0.00569435,106.3742,97.4416,377.1451,386.0777,0.00462666,0.00473624,0.00023726,7.1750,6.4906,0.0426,4.2045,0.0806,708.8314,98.7913,8.8300,6.6350,4.0407,4.4018,8.4329,14.3073,20.7715,40.8781,4.2012,0.0,4.718859,9.286678,1.630025,30,242,81,2,0.30276321,0.00593162,-0.00694385,0E-8,0.000000,0.904604,0.002289,0.01846642,2026-03-22,2026-08-06,115,6001,2406,138,0.833333,1.330819,1.230659,1.009211,,,,,,,,GLOBAL_BASELINE_NO_ENTITY_RANKING,,,NOT_APPLICABLE_GLOBAL_BASELINE,HF9g-P5,,,,X 全窗基线 · 不参与实体赏罚,8399123,840,A168_HF9F_20260827_0900,2026-08-27 09:00:00
2026-03-23,36810153,2160,0,3.7415265428,-3.7415265428,-3.7415265428,0E-7,1,1,0.49324550000000000,0.493245500000,-0.9865810262130424,-0.9865810262130424,-0.9865810262130424,0E-17,ELIGIBLE,R03b_20260811_FULL_v1,L1_ELIGIBILITY,v2026-08-11,2026-03-21..2026-08-06,baccarat_bet02_101_all_pairs_incl_sentinel,round_win = game_pnl > 0 (decisive only),COMPATIBILITY_ONLY_NOT_PRODUCTION,81515.6139,73739.3596,483.5193,11361,11361,-0.00593162,0.00694385,-0.01152257,-0.00593162,-483.5193,81515.6139,OK,0.0000,19.3408,4.0000,96.0000,AG03-UNRESOLVED,ALL5_LEVELS_bet23_to_bet27,19.3408,19.3408,19.3408,24.1760,24.1760,4.000000,4.000000,4.000000,5.000000,5.000000,96.000000,96.000000,96.000000,95.000000,95.000000,5.0,106.3742,97.4416,377.1451,386.0777,PENDING_AG03,FALSE,NOT_FOR_ENFORCEMENT,464.1785,70789.7852,483.5193,464.1785,19.3408,0.00593162,0.00569435,19.3408,464.1785,0.00569435,19.3408,19.3408,19.3408,24.1760,24.1760,464.1785,0.00569435,106.3742,97.4416,377.1451,386.0777,0.00462666,0.00473624,0.00023726,7.1750,6.4906,0.0426,4.2045,0.0806,708.8314,98.7913,8.8300,6.6350,4.0407,4.4018,8.4329,14.3073,20.7715,40.8781,4.2012,0.0,4.718859,9.286678,1.630025,30,242,81,2,0.30276321,0.00593162,-0.00694385,0E-8,0.000000,0.904604,0.002289,0.01846642,2026-03-22,2026-08-06,115,6001,2406,138,0.833333,1.330819,1.230659,1.009211,,,,,,,,GLOBAL_BASELINE_NO_ENTITY_RANKING,,,NOT_APPLICABLE_GLOBAL_BASELINE,HF9g-P5,,,,X 全窗基线 · 不参与实体赏罚,8399124,840,A168_HF9F_20260827_0900,2026-08-27 09:00:00
2026-03-23,36810153,2169,0,4.4017959327,-4.4017959327,-4.4017959327,0E-7,1,1,0.50665070000000000,0.506650700000,-1.013391052207602,-1.013391052207602,-1.013391052207602,0E-17,ELIGIBLE,R03b_20260811_FULL_v1,L1_ELIGIBILITY,v2026-08-11,2026-03-21..2026-08-06,baccarat_bet02_101_all_pairs_incl_sentinel,round_win = game_pnl > 0 (decisive only),COMPATIBILITY_ONLY_NOT_PRODUCTION,81515.6139,73739.3596,483.5193,11361,11361,-0.00593162,0.00694385,-0.01152257,-0.00593162,-483.5193,81515.6139,OK,0.0000,19.3408,4.0000,96.0000,AG03-UNRESOLVED,ALL5_LEVELS_bet23_to_bet27,19.3408,19.3408,19.3408,24.1760,24.1760,4.000000,4.000000,4.000000,5.000000,5.000000,96.000000,96.000000,96.000000,95.000000,95.000000,5.0,106.3742,97.4416,377.1451,386.0777,PENDING_AG03,FALSE,NOT_FOR_ENFORCEMENT,464.1785,70789.7852,483.5193,464.1785,19.3408,0.00593162,0.00569435,19.3408,464.1785,0.00569435,19.3408,19.3408,19.3408,24.1760,24.1760,464.1785,0.00569435,106.3742,97.4416,377.1451,386.0777,0.00462666,0.00473624,0.00023726,7.1750,6.4906,0.0426,4.2045,0.0806,708.8314,98.7913,8.8300,6.6350,4.0407,4.4018,8.4329,14.3073,20.7715,40.8781,4.2012,0.0,4.718859,9.286678,1.630025,30,242,81,2,0.30276321,0.00593162,-0.00694385,0E-8,0.000000,0.904604,0.002289,0.01846642,2026-03-22,2026-08-06,115,6001,2406,138,0.833333,1.330819,1.230659,1.009211,,,,,,,,GLOBAL_BASELINE_NO_ENTITY_RANKING,,,NOT_APPLICABLE_GLOBAL_BASELINE,HF9g-P5,,,,X 全窗基线 · 不参与实体赏罚,8399125,840,A168_HF9F_20260827_0900,2026-08-27 09:00:00
2026-03-23,36810153,2170,0,4.4017959327,4.1817061361,4.1817061361,1.0000000,1,1,0.50665070000000000,0.506650700000,0.9867858985152569,0.9867858985152569,0.9867858985152569,0E-17,ELIGIBLE,R03b_20260811_FULL_v1,L1_ELIGIBILITY,v2026-08-11,2026-03-21..2026-08-06,baccarat_bet02_101_all_pairs_incl_sentinel,round_win = game_pnl > 0 (decisive only),COMPATIBILITY_ONLY_NOT_PRODUCTION,81515.6139,73739.3596,483.5193,11361,11361,-0.00593162,0.00694385,-0.01152257,-0.00593162,-483.5193,81515.6139,OK,0.0000,19.3408,4.0000,96.0000,AG03-UNRESOLVED,ALL5_LEVELS_bet23_to_bet27,19.3408,19.3408,19.3408,24.1760,24.1760,4.000000,4.000000,4.000000,5.000000,5.000000,96.000000,96.000000,96.000000,95.000000,95.000000,5.0,106.3742,97.4416,377.1451,386.0777,PENDING_AG03,FALSE,NOT_FOR_ENFORCEMENT,464.1785,70789.7852,483.5193,464.1785,19.3408,0.00593162,0.00569435,19.3408,464.1785,0.00569435,19.3408,19.3408,19.3408,24.1760,24.1760,464.1785,0.00569435,106.3742,97.4416,377.1451,386.0777,0.00462666,0.00473624,0.00023726,7.1750,6.4906,0.0426,4.2045,0.0806,708.8314,98.7913,8.8300,6.6350,4.0407,4.4018,8.4329,14.3073,20.7715,40.8781,4.2012,0.0,4.718859,9.286678,1.630025,30,242,81,2,0.30276321,0.00593162,-0.00694385,0E-8,0.000000,0.904604,0.002289,0.01846642,2026-03-22,2026-08-06,115,6001,2406,138,0.833333,1.330819,1.230659,1.009211,,,,,,,,GLOBAL_BASELINE_NO_ENTITY_RANKING,,,NOT_APPLICABLE_GLOBAL_BASELINE,HF9g-P5,,,,X 全窗基线 · 不参与实体赏罚,8399126,840,A168_HF9F_20260827_0900,2026-08-27 09:00:00
2026-03-23,36810153,2174,0,4.4017959327,4.1817061361,4.1817061361,1.0000000,1,1,0.50665070000000000,0.506650700000,0.9867858985152569,0.9867858985152569,0.9867858985152569,0E-17,ELIGIBLE,R03b_20260811_FULL_v1,L1_ELIGIBILITY,v2026-08-11,2026-03-21..2026-08-06,baccarat_bet02_101_all_pairs_incl_sentinel,round_win = game_pnl > 0 (decisive only),COMPATIBILITY_ONLY_NOT_PRODUCTION,81515.6139,73739.3596,483.5193,11361,11361,-0.00593162,0.00694385,-0.01152257,-0.00593162,-483.5193,81515.6139,OK,0.0000,19.3408,4.0000,96.0000,AG03-UNRESOLVED,ALL5_LEVELS_bet23_to_bet27,19.3408,19.3408,19.3408,24.1760,24.1760,4.000000,4.000000,4.000000,5.000000,5.000000,96.000000,96.000000,96.000000,95.000000,95.000000,5.0,106.3742,97.4416,377.1451,386.0777,PENDING_AG03,FALSE,NOT_FOR_ENFORCEMENT,464.1785,70789.7852,483.5193,464.1785,19.3408,0.00593162,0.00569435,19.3408,464.1785,0.00569435,19.3408,19.3408,19.3408,24.1760,24.1760,464.1785,0.00569435,106.3742,97.4416,377.1451,386.0777,0.00462666,0.00473624,0.00023726,7.1750,6.4906,0.0426,4.2045,0.0806,708.8314,98.7913,8.8300,6.6350,4.0407,4.4018,8.4329,14.3073,20.7715,40.8781,4.2012,0.0,4.718859,9.286678,1.630025,30,242,81,2,0.30276321,0.00593162,-0.00694385,0E-8,0.000000,0.904604,0.002289,0.01846642,2026-03-22,2026-08-06,115,6001,2406,138,0.833333,1.330819,1.230659,1.009211,,,,,,,,GLOBAL_BASELINE_NO_ENTITY_RANKING,,,NOT_APPLICABLE_GLOBAL_BASELINE,HF9g-P5,,,,X 全窗基线 · 不参与实体赏罚,8399127,840,A168_HF9F_20260827_0900,2026-08-27 09:00:00
2026-03-23,36810153,2175,0,14.5259265781,10.4542653403,10.4542653403,1.0000000,2,2,0.50665070000000000,0.506650700000,0.9867858985152569,0.9867858985152569,0.9867858985152569,0E-17,ELIGIBLE,R03b_20260811_FULL_v1,L1_ELIGIBILITY,v2026-08-11,2026-03-21..2026-08-06,baccarat_bet02_101_all_pairs_incl_sentinel,round_win = game_pnl > 0 (decisive only),COMPATIBILITY_ONLY_NOT_PRODUCTION,81515.6139,73739.3596,483.5193,11361,11361,-0.00593162,0.00694385,-0.01152257,-0.00593162,-483.5193,81515.6139,OK,0.0000,19.3408,4.0000,96.0000,AG03-UNRESOLVED,ALL5_LEVELS_bet23_to_bet27,19.3408,19.3408,19.3408,24.1760,24.1760,4.000000,4.000000,4.000000,5.000000,5.000000,96.000000,96.000000,96.000000,95.000000,95.000000,5.0,106.3742,97.4416,377.1451,386.0777,PENDING_AG03,FALSE,NOT_FOR_ENFORCEMENT,464.1785,70789.7852,483.5193,464.1785,19.3408,0.00593162,0.00569435,19.3408,464.1785,0.00569435,19.3408,19.3408,19.3408,24.1760,24.1760,464.1785,0.00569435,106.3742,97.4416,377.1451,386.0777,0.00462666,0.00473624,0.00023726,7.1750,6.4906,0.0426,4.2045,0.0806,708.8314,98.7913,8.8300,6.6350,4.0407,4.4018,8.4329,14.3073,20.7715,40.8781,4.2012,0.0,4.718859,9.286678,1.630025,30,242,81,2,0.30276321,0.00593162,-0.00694385,0E-8,0.000000,0.904604,0.002289,0.01846642,2026-03-22,2026-08-06,115,6001,2406,138,0.833333,1.330819,1.230659,1.009211,,,,,,,,GLOBAL_BASELINE_NO_ENTITY_RANKING,,,NOT_APPLICABLE_GLOBAL_BASELINE,HF9g-P5,,,,X 全窗基线 · 不参与实体赏罚,8399128,840,A168_HF9F_20260827_0900,2026-08-27 09:00:00
2026-03-23,36810153,2201,0,22.0089796637,22.0089796637,22.0089796637,1.0000000,1,1,0.49324550000000000,0.493245500000,1.01360149184955,1.01360149184955,1.01360149184955,0E-17,ELIGIBLE,R03b_20260811_FULL_v1,L1_ELIGIBILITY,v2026-08-11,2026-03-21..2026-08-06,baccarat_bet02_101_all_pairs_incl_sentinel,round_win = game_pnl > 0 (decisive only),COMPATIBILITY_ONLY_NOT_PRODUCTION,81515.6139,73739.3596,483.5193,11361,11361,-0.00593162,0.00694385,-0.01152257,-0.00593162,-483.5193,81515.6139,OK,0.0000,19.3408,4.0000,96.0000,AG03-UNRESOLVED,ALL5_LEVELS_bet23_to_bet27,19.3408,19.3408,19.3408,24.1760,24.1760,4.000000,4.000000,4.000000,5.000000,5.000000,96.000000,96.000000,96.000000,95.000000,95.000000,5.0,106.3742,97.4416,377.1451,386.0777,PENDING_AG03,FALSE,NOT_FOR_ENFORCEMENT,464.1785,70789.7852,483.5193,464.1785,19.3408,0.00593162,0.00569435,19.3408,464.1785,0.00569435,19.3408,19.3408,19.3408,24.1760,24.1760,464.1785,0.00569435,106.3742,97.4416,377.1451,386.0777,0.00462666,0.00473624,0.00023726,7.1750,6.4906,0.0426,4.2045,0.0806,708.8314,98.7913,8.8300,6.6350,4.0407,4.4018,8.4329,14.3073,20.7715,40.8781,4.2012,0.0,4.718859,9.286678,1.630025,30,242,81,2,0.30276321,0.00593162,-0.00694385,0E-8,0.000000,0.904604,0.002289,0.01846642,2026-03-22,2026-08-06,115,6001,2406,138,0.833333,1.330819,1.230659,1.009211,,,,,,,,GLOBAL_BASELINE_NO_ENTITY_RANKING,,,NOT_APPLICABLE_GLOBAL_BASELINE,HF9g-P5,,,,X 全窗基线 · 不参与实体赏罚,8399129,840,A168_HF9F_20260827_0900,2026-08-27 09:00:00
2026-03-23,36810153,2202,0,28.1714939695,-3.5214367462,-3.5214367462,0.4000000,6,6,0.50441650000000000,0.504416500000,-0.466983001748531,-0.466983001748531,-0.466983001748531,0E-17,ELIGIBLE,R03b_20260811_FULL_v1,L1_ELIGIBILITY,v2026-08-11,2026-03-21..2026-08-06,baccarat_bet02_101_all_pairs_incl_sentinel,round_win = game_pnl > 0 (decisive only),COMPATIBILITY_ONLY_NOT_PRODUCTION,81515.6139,73739.3596,483.5193,11361,11361,-0.00593162,0.00694385,-0.01152257,-0.00593162,-483.5193,81515.6139,OK,0.0000,19.3408,4.0000,96.0000,AG03-UNRESOLVED,ALL5_LEVELS_bet23_to_bet27,19.3408,19.3408,19.3408,24.1760,24.1760,4.000000,4.000000,4.000000,5.000000,5.000000,96.000000,96.000000,96.000000,95.000000,95.000000,5.0,106.3742,97.4416,377.1451,386.0777,PENDING_AG03,FALSE,NOT_FOR_ENFORCEMENT,464.1785,70789.7852,483.5193,464.1785,19.3408,0.00593162,0.00569435,19.3408,464.1785,0.00569435,19.3408,19.3408,19.3408,24.1760,24.1760,464.1785,0.00569435,106.3742,97.4416,377.1451,386.0777,0.00462666,0.00473624,0.00023726,7.1750,6.4906,0.0426,4.2045,0.0806,708.8314,98.7913,8.8300,6.6350,4.0407,4.4018,8.4329,14.3073,20.7715,40.8781,4.2012,0.0,4.718859,9.286678,1.630025,30,242,81,2,0.30276321,0.00593162,-0.00694385,0E-8,0.000000,0.904604,0.002289,0.01846642,2026-03-22,2026-08-06,115,6001,2406,138,0.833333,1.330819,1.230659,1.009211,,,,,,,,GLOBAL_BASELINE_NO_ENTITY_RANKING,,,NOT_APPLICABLE_GLOBAL_BASELINE,HF9g-P5,,,,X 全窗基线 · 不参与实体赏罚,8399130,840,A168_HF9F_20260827_0900,2026-08-27 09:00:00
2026-03-23,36810153,2216,0,24.8701470200,-20.4683510872,-20.4683510872,0.2500000,4,4,0.49324550000000000,0.493245500000,-0.9730707933947887,-0.9730707933947887,-0.9730707933947887,0E-17,ELIGIBLE,R03b_20260811_FULL_v1,L1_ELIGIBILITY,v2026-08-11,2026-03-21..2026-08-06,baccarat_bet02_101_all_pairs_incl_sentinel,round_win = game_pnl > 0 (decisive only),COMPATIBILITY_ONLY_NOT_PRODUCTION,81515.6139,73739.3596,483.5193,11361,11361,-0.00593162,0.00694385,-0.01152257,-0.00593162,-483.5193,81515.6139,OK,0.0000,19.3408,4.0000,96.0000,AG03-UNRESOLVED,ALL5_LEVELS_bet23_to_bet27,19.3408,19.3408,19.3408,24.1760,24.1760,4.000000,4.000000,4.000000,5.000000,5.000000,96.000000,96.000000,96.000000,95.000000,95.000000,5.0,106.3742,97.4416,377.1451,386.0777,PENDING_AG03,FALSE,NOT_FOR_ENFORCEMENT,464.1785,70789.7852,483.5193,464.1785,19.3408,0.00593162,0.00569435,19.3408,464.1785,0.00569435,19.3408,19.3408,19.3408,24.1760,24.1760,464.1785,0.00569435,106.3742,97.4416,377.1451,386.0777,0.00462666,0.00473624,0.00023726,7.1750,6.4906,0.0426,4.2045,0.0806,708.8314,98.7913,8.8300,6.6350,4.0407,4.4018,8.4329,14.3073,20.7715,40.8781,4.2012,0.0,4.718859,9.286678,1.630025,30,242,81,2,0.30276321,0.00593162,-0.00694385,0E-8,0.000000,0.904604,0.002289,0.01846642,2026-03-22,2026-08-06,115,6001,2406,138,0.833333,1.330819,1.230659,1.009211,,,,,,,,GLOBAL_BASELINE_NO_ENTITY_RANKING,,,NOT_APPLICABLE_GLOBAL_BASELINE,HF9g-P5,,,,X 全窗基线 · 不参与实体赏罚,8399131,840,A168_HF9F_20260827_0900,2026-08-27 09:00:00
2026-03-23,36810153,2222,0,51.7211022096,-42.9175103442,-42.9175103442,0.3333333,3,3,0.49324550000000000,0.493245500000,-0.5540025479526107,-0.5540025479526106,-0.5540025479526107,0E-17,ELIGIBLE,R03b_20260811_FULL_v1,L1_ELIGIBILITY,v2026-08-11,2026-03-21..2026-08-06,baccarat_bet02_101_all_pairs_incl_sentinel,round_win = game_pnl > 0 (decisive only),COMPATIBILITY_ONLY_NOT_PRODUCTION,81515.6139,73739.3596,483.5193,11361,11361,-0.00593162,0.00694385,-0.01152257,-0.00593162,-483.5193,81515.6139,OK,0.0000,19.3408,4.0000,96.0000,AG03-UNRESOLVED,ALL5_LEVELS_bet23_to_bet27,19.3408,19.3408,19.3408,24.1760,24.1760,4.000000,4.000000,4.000000,5.000000,5.000000,96.000000,96.000000,96.000000,95.000000,95.000000,5.0,106.3742,97.4416,377.1451,386.0777,PENDING_AG03,FALSE,NOT_FOR_ENFORCEMENT,464.1785,70789.7852,483.5193,464.1785,19.3408,0.00593162,0.00569435,19.3408,464.1785,0.00569435,19.3408,19.3408,19.3408,24.1760,24.1760,464.1785,0.00569435,106.3742,97.4416,377.1451,386.0777,0.00462666,0.00473624,0.00023726,7.1750,6.4906,0.0426,4.2045,0.0806,708.8314,98.7913,8.8300,6.6350,4.0407,4.4018,8.4329,14.3073,20.7715,40.8781,4.2012,0.0,4.718859,9.286678,1.630025,30,242,81,2,0.30276321,0.00593162,-0.00694385,0E-8,0.000000,0.904604,0.002289,0.01846642,2026-03-22,2026-08-06,115,6001,2406,138,0.833333,1.330819,1.230659,1.009211,,,,,,,,GLOBAL_BASELINE_NO_ENTITY_RANKING,,,NOT_APPLICABLE_GLOBAL_BASELINE,HF9g-P5,,,,X 全窗基线 · 不参与实体赏罚,8399132,840,A168_HF9F_20260827_0900,2026-08-27 09:00:00
2026-03-23,36810153,2241,0,4.4017959327,-4.4017959327,-4.4017959327,0E-7,1,1,0.50665070000000000,0.506650700000,-1.013391052207602,-1.013391052207602,-1.013391052207602,0E-17,ELIGIBLE,R03b_20260811_FULL_v1,L1_ELIGIBILITY,v2026-08-11,2026-03-21..2026-08-06,baccarat_bet02_101_all_pairs_incl_sentinel,round_win = game_pnl > 0 (decisive only),COMPATIBILITY_ONLY_NOT_PRODUCTION,81515.6139,73739.3596,483.5193,11361,11361,-0.00593162,0.00694385,-0.01152257,-0.00593162,-483.5193,81515.6139,OK,0.0000,19.3408,4.0000,96.0000,AG03-UNRESOLVED,ALL5_LEVELS_bet23_to_bet27,19.3408,19.3408,19.3408,24.1760,24.1760,4.000000,4.000000,4.000000,5.000000,5.000000,96.000000,96.000000,96.000000,95.000000,95.000000,5.0,106.3742,97.4416,377.1451,386.0777,PENDING_AG03,FALSE,NOT_FOR_ENFORCEMENT,464.1785,70789.7852,483.5193,464.1785,19.3408,0.00593162,0.00569435,19.3408,464.1785,0.00569435,19.3408,19.3408,19.3408,24.1760,24.1760,464.1785,0.00569435,106.3742,97.4416,377.1451,386.0777,0.00462666,0.00473624,0.00023726,7.1750,6.4906,0.0426,4.2045,0.0806,708.8314,98.7913,8.8300,6.6350,4.0407,4.4018,8.4329,14.3073,20.7715,40.8781,4.2012,0.0,4.718859,9.286678,1.630025,30,242,81,2,0.30276321,0.00593162,-0.00694385,0E-8,0.000000,0.904604,0.002289,0.01846642,2026-03-22,2026-08-06,115,6001,2406,138,0.833333,1.330819,1.230659,1.009211,,,,,,,,GLOBAL_BASELINE_NO_ENTITY_RANKING,,,NOT_APPLICABLE_GLOBAL_BASELINE,HF9g-P5,,,,X 全窗基线 · 不参与实体赏罚,8399133,840,A168_HF9F_20260827_0900,2026-08-27 09:00:00
2026-03-23,36810153,2246,0,46.2188572937,6.6026938991,6.6026938991,0.6666667,5,5,0.49860758000000000,0.498607580000,0.5821760110496081,0.5821760110496081,0.5821760110496081,0E-17,ELIGIBLE,R03b_20260811_FULL_v1,L1_ELIGIBILITY,v2026-08-11,2026-03-21..2026-08-06,baccarat_bet02_101_all_pairs_incl_sentinel,round_win = game_pnl > 0 (decisive only),COMPATIBILITY_ONLY_NOT_PRODUCTION,81515.6139,73739.3596,483.5193,11361,11361,-0.00593162,0.00694385,-0.01152257,-0.00593162,-483.5193,81515.6139,OK,0.0000,19.3408,4.0000,96.0000,AG03-UNRESOLVED,ALL5_LEVELS_bet23_to_bet27,19.3408,19.3408,19.3408,24.1760,24.1760,4.000000,4.000000,4.000000,5.000000,5.000000,96.000000,96.000000,96.000000,95.000000,95.000000,5.0,106.3742,97.4416,377.1451,386.0777,PENDING_AG03,FALSE,NOT_FOR_ENFORCEMENT,464.1785,70789.7852,483.5193,464.1785,19.3408,0.00593162,0.00569435,19.3408,464.1785,0.00569435,19.3408,19.3408,19.3408,24.1760,24.1760,464.1785,0.00569435,106.3742,97.4416,377.1451,386.0777,0.00462666,0.00473624,0.00023726,7.1750,6.4906,0.0426,4.2045,0.0806,708.8314,98.7913,8.8300,6.6350,4.0407,4.4018,8.4329,14.3073,20.7715,40.8781,4.2012,0.0,4.718859,9.286678,1.630025,30,242,81,2,0.30276321,0.00593162,-0.00694385,0E-8,0.000000,0.904604,0.002289,0.01846642,2026-03-22,2026-08-06,115,6001,2406,138,0.833333,1.330819,1.230659,1.009211,,,,,,,,GLOBAL_BASELINE_NO_ENTITY_RANKING,,,NOT_APPLICABLE_GLOBAL_BASELINE,HF9g-P5,,,,X 全窗基线 · 不参与实体赏罚,8399134,840,A168_HF9F_20260827_0900,2026-08-27 09:00:00
2026-03-23,36810153,2258,0,4.4017959327,-4.4017959327,-4.4017959327,0E-7,1,1,0.49324550000000000,0.493245500000,-0.9865810262130424,-0.9865810262130424,-0.9865810262130424,0E-17,ELIGIBLE,R03b_20260811_FULL_v1,L1_ELIGIBILITY,v2026-08-11,2026-03-21..2026-08-06,baccarat_bet02_101_all_pairs_incl_sentinel,round_win = game_pnl > 0 (decisive only),COMPATIBILITY_ONLY_NOT_PRODUCTION,81515.6139,73739.3596,483.5193,11361,11361,-0.00593162,0.00694385,-0.01152257,-0.00593162,-483.5193,81515.6139,OK,0.0000,19.3408,4.0000,96.0000,AG03-UNRESOLVED,ALL5_LEVELS_bet23_to_bet27,19.3408,19.3408,19.3408,24.1760,24.1760,4.000000,4.000000,4.000000,5.000000,5.000000,96.000000,96.000000,96.000000,95.000000,95.000000,5.0,106.3742,97.4416,377.1451,386.0777,PENDING_AG03,FALSE,NOT_FOR_ENFORCEMENT,464.1785,70789.7852,483.5193,464.1785,19.3408,0.00593162,0.00569435,19.3408,464.1785,0.00569435,19.3408,19.3408,19.3408,24.1760,24.1760,464.1785,0.00569435,106.3742,97.4416,377.1451,386.0777,0.00462666,0.00473624,0.00023726,7.1750,6.4906,0.0426,4.2045,0.0806,708.8314,98.7913,8.8300,6.6350,4.0407,4.4018,8.4329,14.3073,20.7715,40.8781,4.2012,0.0,4.718859,9.286678,1.630025,30,242,81,2,0.30276321,0.00593162,-0.00694385,0E-8,0.000000,0.904604,0.002289,0.01846642,2026-03-22,2026-08-06,115,6001,2406,138,0.833333,1.330819,1.230659,1.009211,,,,,,,,GLOBAL_BASELINE_NO_ENTITY_RANKING,,,NOT_APPLICABLE_GLOBAL_BASELINE,HF9g-P5,,,,X 全窗基线 · 不参与实体赏罚,8399135,840,A168_HF9F_20260827_0900,2026-08-27 09:00:00
2026-03-23,36810153,2264,0,27.0710449864,17.3870939345,17.3870939345,0.7500000,4,4,0.50329940000000000,0.503299400000,0.9868238854431842,0.9868238854431842,0.9868238854431842,0E-17,ELIGIBLE,R03b_20260811_FULL_v1,L1_ELIGIBILITY,v2026-08-11,2026-03-21..2026-08-06,baccarat_bet02_101_all_pairs_incl_sentinel,round_win = game_pnl > 0 (decisive only),COMPATIBILITY_ONLY_NOT_PRODUCTION,81515.6139,73739.3596,483.5193,11361,11361,-0.00593162,0.00694385,-0.01152257,-0.00593162,-483.5193,81515.6139,OK,0.0000,19.3408,4.0000,96.0000,AG03-UNRESOLVED,ALL5_LEVELS_bet23_to_bet27,19.3408,19.3408,19.3408,24.1760,24.1760,4.000000,4.000000,4.000000,5.000000,5.000000,96.000000,96.000000,96.000000,95.000000,95.000000,5.0,106.3742,97.4416,377.1451,386.0777,PENDING_AG03,FALSE,NOT_FOR_ENFORCEMENT,464.1785,70789.7852,483.5193,464.1785,19.3408,0.00593162,0.00569435,19.3408,464.1785,0.00569435,19.3408,19.3408,19.3408,24.1760,24.1760,464.1785,0.00569435,106.3742,97.4416,377.1451,386.0777,0.00462666,0.00473624,0.00023726,7.1750,6.4906,0.0426,4.2045,0.0806,708.8314,98.7913,8.8300,6.6350,4.0407,4.4018,8.4329,14.3073,20.7715,40.8781,4.2012,0.0,4.718859,9.286678,1.630025,30,242,81,2,0.30276321,0.00593162,-0.00694385,0E-8,0.000000,0.904604,0.002289,0.01846642,2026-03-22,2026-08-06,115,6001,2406,138,0.833333,1.330819,1.230659,1.009211,,,,,,,,GLOBAL_BASELINE_NO_ENTITY_RANKING,,,NOT_APPLICABLE_GLOBAL_BASELINE,HF9g-P5,,,,X 全窗基线 · 不参与实体赏罚,8399136,840,A168_HF9F_20260827_0900,2026-08-27 09:00:00
2026-03-23,36810153,462,0,17.6071837309,8.3634122722,8.3634122722,0.6666667,3,3,0.50218230000000000,0.502182300000,0.5697959874915163,0.5697959874915164,0.5697959874915163,0E-17,ELIGIBLE,R03b_20260811_FULL_v1,L1_ELIGIBILITY,v2026-08-11,2026-03-21..2026-08-06,baccarat_bet02_101_all_pairs_incl_sentinel,round_win = game_pnl > 0 (decisive only),COMPATIBILITY_ONLY_NOT_PRODUCTION,81515.6139,73739.3596,483.5193,11361,11361,-0.00593162,0.00694385,-0.01152257,-0.00593162,-483.5193,81515.6139,OK,0.0000,19.3408,4.0000,96.0000,AG03-UNRESOLVED,ALL5_LEVELS_bet23_to_bet27,19.3408,19.3408,19.3408,24.1760,24.1760,4.000000,4.000000,4.000000,5.000000,5.000000,96.000000,96.000000,96.000000,95.000000,95.000000,5.0,106.3742,97.4416,377.1451,386.0777,PENDING_AG03,FALSE,NOT_FOR_ENFORCEMENT,464.1785,70789.7852,483.5193,464.1785,19.3408,0.00593162,0.00569435,19.3408,464.1785,0.00569435,19.3408,19.3408,19.3408,24.1760,24.1760,464.1785,0.00569435,106.3742,97.4416,377.1451,386.0777,0.00462666,0.00473624,0.00023726,7.1750,6.4906,0.0426,4.2045,0.0806,708.8314,98.7913,8.8300,6.6350,4.0407,4.4018,8.4329,14.3073,20.7715,40.8781,4.2012,0.0,4.718859,9.286678,1.630025,30,242,81,2,0.30276321,0.00593162,-0.00694385,0E-8,0.000000,0.904604,0.002289,0.01846642,2026-03-22,2026-08-06,115,6001,2406,138,0.833333,1.330819,1.230659,1.009211,,,,,,,,GLOBAL_BASELINE_NO_ENTITY_RANKING,,,NOT_APPLICABLE_GLOBAL_BASELINE,HF9g-P5,,,,X 全窗基线 · 不参与实体赏罚,8399137,840,A168_HF9F_20260827_0900,2026-08-27 09:00:00
2026-03-23,36810153,550,0,2.2008979664,2.2008979664,2.2008979664,1.0000000,1,1,0.49324550000000000,0.493245500000,1.01360149184955,1.01360149184955,1.01360149184955,0E-17,ELIGIBLE,R03b_20260811_FULL_v1,L1_ELIGIBILITY,v2026-08-11,2026-03-21..2026-08-06,baccarat_bet02_101_all_pairs_incl_sentinel,round_win = game_pnl > 0 (decisive only),COMPATIBILITY_ONLY_NOT_PRODUCTION,81515.6139,73739.3596,483.5193,11361,11361,-0.00593162,0.00694385,-0.01152257,-0.00593162,-483.5193,81515.6139,OK,0.0000,19.3408,4.0000,96.0000,AG03-UNRESOLVED,ALL5_LEVELS_bet23_to_bet27,19.3408,19.3408,19.3408,24.1760,24.1760,4.000000,4.000000,4.000000,5.000000,5.000000,96.000000,96.000000,96.000000,95.000000,95.000000,5.0,106.3742,97.4416,377.1451,386.0777,PENDING_AG03,FALSE,NOT_FOR_ENFORCEMENT,464.1785,70789.7852,483.5193,464.1785,19.3408,0.00593162,0.00569435,19.3408,464.1785,0.00569435,19.3408,19.3408,19.3408,24.1760,24.1760,464.1785,0.00569435,106.3742,97.4416,377.1451,386.0777,0.00462666,0.00473624,0.00023726,7.1750,6.4906,0.0426,4.2045,0.0806,708.8314,98.7913,8.8300,6.6350,4.0407,4.4018,8.4329,14.3073,20.7715,40.8781,4.2012,0.0,4.718859,9.286678,1.630025,30,242,81,2,0.30276321,0.00593162,-0.00694385,0E-8,0.000000,0.904604,0.002289,0.01846642,2026-03-22,2026-08-06,115,6001,2406,138,0.833333,1.330819,1.230659,1.009211,,,,,,,,GLOBAL_BASELINE_NO_ENTITY_RANKING,,,NOT_APPLICABLE_GLOBAL_BASELINE,HF9g-P5,,,,X 全窗基线 · 不参与实体赏罚,8399138,840,A168_HF9F_20260827_0900,2026-08-27 09:00:00
2026-03-23,36810153,595,0,4.4017959327,-4.4017959327,-4.4017959327,0E-7,1,1,0.50665070000000000,0.506650700000,-1.013391052207602,-1.013391052207602,-1.013391052207602,0E-17,ELIGIBLE,R03b_20260811_FULL_v1,L1_ELIGIBILITY,v2026-08-11,2026-03-21..2026-08-06,baccarat_bet02_101_all_pairs_incl_sentinel,round_win = game_pnl > 0 (decisive only),COMPATIBILITY_ONLY_NOT_PRODUCTION,81515.6139,73739.3596,483.5193,11361,11361,-0.00593162,0.00694385,-0.01152257,-0.00593162,-483.5193,81515.6139,OK,0.0000,19.3408,4.0000,96.0000,AG03-UNRESOLVED,ALL5_LEVELS_bet23_to_bet27,19.3408,19.3408,19.3408,24.1760,24.1760,4.000000,4.000000,4.000000,5.000000,5.000000,96.000000,96.000000,96.000000,95.000000,95.000000,5.0,106.3742,97.4416,377.1451,386.0777,PENDING_AG03,FALSE,NOT_FOR_ENFORCEMENT,464.1785,70789.7852,483.5193,464.1785,19.3408,0.00593162,0.00569435,19.3408,464.1785,0.00569435,19.3408,19.3408,19.3408,24.1760,24.1760,464.1785,0.00569435,106.3742,97.4416,377.1451,386.0777,0.00462666,0.00473624,0.00023726,7.1750,6.4906,0.0426,4.2045,0.0806,708.8314,98.7913,8.8300,6.6350,4.0407,4.4018,8.4329,14.3073,20.7715,40.8781,4.2012,0.0,4.718859,9.286678,1.630025,30,242,81,2,0.30276321,0.00593162,-0.00694385,0E-8,0.000000,0.904604,0.002289,0.01846642,2026-03-22,2026-08-06,115,6001,2406,138,0.833333,1.330819,1.230659,1.009211,,,,,,,,GLOBAL_BASELINE_NO_ENTITY_RANKING,,,NOT_APPLICABLE_GLOBAL_BASELINE,HF9g-P5,,,,X 全窗基线 · 不参与实体赏罚,8399139,840,A168_HF9F_20260827_0900,2026-08-27 09:00:00
2026-03-23,36810153,763,0,12.7652082049,-12.7652082049,-12.7652082049,0E-7,1,1,0.49324550000000000,0.493245500000,-0.9865810262130424,-0.9865810262130424,-0.9865810262130424,0E-17,ELIGIBLE,R03b_20260811_FULL_v1,L1_ELIGIBILITY,v2026-08-11,2026-03-21..2026-08-06,baccarat_bet02_101_all_pairs_incl_sentinel,round_win = game_pnl > 0 (decisive only),COMPATIBILITY_ONLY_NOT_PRODUCTION,81515.6139,73739.3596,483.5193,11361,11361,-0.00593162,0.00694385,-0.01152257,-0.00593162,-483.5193,81515.6139,OK,0.0000,19.3408,4.0000,96.0000,AG03-UNRESOLVED,ALL5_LEVELS_bet23_to_bet27,19.3408,19.3408,19.3408,24.1760,24.1760,4.000000,4.000000,4.000000,5.000000,5.000000,96.000000,96.000000,96.000000,95.000000,95.000000,5.0,106.3742,97.4416,377.1451,386.0777,PENDING_AG03,FALSE,NOT_FOR_ENFORCEMENT,464.1785,70789.7852,483.5193,464.1785,19.3408,0.00593162,0.00569435,19.3408,464.1785,0.00569435,19.3408,19.3408,19.3408,24.1760,24.1760,464.1785,0.00569435,106.3742,97.4416,377.1451,386.0777,0.00462666,0.00473624,0.00023726,7.1750,6.4906,0.0426,4.2045,0.0806,708.8314,98.7913,8.8300,6.6350,4.0407,4.4018,8.4329,14.3073,20.7715,40.8781,4.2012,0.0,4.718859,9.286678,1.630025,30,242,81,2,0.30276321,0.00593162,-0.00694385,0E-8,0.000000,0.904604,0.002289,0.01846642,2026-03-22,2026-08-06,115,6001,2406,138,0.833333,1.330819,1.230659,1.009211,,,,,,,,GLOBAL_BASELINE_NO_ENTITY_RANKING,,,NOT_APPLICABLE_GLOBAL_BASELINE,HF9g-P5,,,,X 全窗基线 · 不参与实体赏罚,8399140,840,A168_HF9F_20260827_0900,2026-08-27 09:00:00
2026-03-23,36810153,919,0,2.2008979664,2.2008979664,2.2008979664,1.0000000,1,1,0.49324550000000000,0.493245500000,1.01360149184955,1.01360149184955,1.01360149184955,0E-17,ELIGIBLE,R03b_20260811_FULL_v1,L1_ELIGIBILITY,v2026-08-11,2026-03-21..2026-08-06,baccarat_bet02_101_all_pairs_incl_sentinel,round_win = game_pnl > 0 (decisive only),COMPATIBILITY_ONLY_NOT_PRODUCTION,81515.6139,73739.3596,483.5193,11361,11361,-0.00593162,0.00694385,-0.01152257,-0.00593162,-483.5193,81515.6139,OK,0.0000,19.3408,4.0000,96.0000,AG03-UNRESOLVED,ALL5_LEVELS_bet23_to_bet27,19.3408,19.3408,19.3408,24.1760,24.1760,4.000000,4.000000,4.000000,5.000000,5.000000,96.000000,96.000000,96.000000,95.000000,95.000000,5.0,106.3742,97.4416,377.1451,386.0777,PENDING_AG03,FALSE,NOT_FOR_ENFORCEMENT,464.1785,70789.7852,483.5193,464.1785,19.3408,0.00593162,0.00569435,19.3408,464.1785,0.00569435,19.3408,19.3408,19.3408,24.1760,24.1760,464.1785,0.00569435,106.3742,97.4416,377.1451,386.0777,0.00462666,0.00473624,0.00023726,7.1750,6.4906,0.0426,4.2045,0.0806,708.8314,98.7913,8.8300,6.6350,4.0407,4.4018,8.4329,14.3073,20.7715,40.8781,4.2012,0.0,4.718859,9.286678,1.630025,30,242,81,2,0.30276321,0.00593162,-0.00694385,0E-8,0.000000,0.904604,0.002289,0.01846642,2026-03-22,2026-08-06,115,6001,2406,138,0.833333,1.330819,1.230659,1.009211,,,,,,,,GLOBAL_BASELINE_NO_ENTITY_RANKING,,,NOT_APPLICABLE_GLOBAL_BASELINE,HF9g-P5,,,,X 全窗基线 · 不参与实体赏罚,8399141,840,A168_HF9F_20260827_0900,2026-08-27 09:00:00
2026-03-23,36810153,948,0,15.6263755613,-6.3826041025,-6.3826041025,0.5000000,2,2,0.49994810000000000,0.499948100000,0.00014679536856514622,0.00014679536856514622,0.00014679536856514622,0E-17,ELIGIBLE,R03b_20260811_FULL_v1,L1_ELIGIBILITY,v2026-08-11,2026-03-21..2026-08-06,baccarat_bet02_101_all_pairs_incl_sentinel,round_win = game_pnl > 0 (decisive only),COMPATIBILITY_ONLY_NOT_PRODUCTION,81515.6139,73739.3596,483.5193,11361,11361,-0.00593162,0.00694385,-0.01152257,-0.00593162,-483.5193,81515.6139,OK,0.0000,19.3408,4.0000,96.0000,AG03-UNRESOLVED,ALL5_LEVELS_bet23_to_bet27,19.3408,19.3408,19.3408,24.1760,24.1760,4.000000,4.000000,4.000000,5.000000,5.000000,96.000000,96.000000,96.000000,95.000000,95.000000,5.0,106.3742,97.4416,377.1451,386.0777,PENDING_AG03,FALSE,NOT_FOR_ENFORCEMENT,464.1785,70789.7852,483.5193,464.1785,19.3408,0.00593162,0.00569435,19.3408,464.1785,0.00569435,19.3408,19.3408,19.3408,24.1760,24.1760,464.1785,0.00569435,106.3742,97.4416,377.1451,386.0777,0.00462666,0.00473624,0.00023726,7.1750,6.4906,0.0426,4.2045,0.0806,708.8314,98.7913,8.8300,6.6350,4.0407,4.4018,8.4329,14.3073,20.7715,40.8781,4.2012,0.0,4.718859,9.286678,1.630025,30,242,81,2,0.30276321,0.00593162,-0.00694385,0E-8,0.000000,0.904604,0.002289,0.01846642,2026-03-22,2026-08-06,115,6001,2406,138,0.833333,1.330819,1.230659,1.009211,,,,,,,,GLOBAL_BASELINE_NO_ENTITY_RANKING,,,NOT_APPLICABLE_GLOBAL_BASELINE,HF9g-P5,,,,X 全窗基线 · 不参与实体赏罚,8399142,840,A168_HF9F_20260827_0900,2026-08-27 09:00:00
2026-03-24,36810153,-1,1,551.7651201688,-64.8384540891,-64.8384540891,0.4000000,44,44,0.49994810000000000,0.499948100000,-1.2642545820359183,-1.2642545820359183,-1.2642545820359183,0E-17,SENTINEL_DEALER,R03b_20260811_FULL_v1,L1_ELIGIBILITY,v2026-08-11,2026-03-21..2026-08-06,baccarat_bet02_101_all_pairs_incl_sentinel,round_win = game_pnl > 0 (decisive only),COMPATIBILITY_ONLY_NOT_PRODUCTION,81515.6139,73739.3596,483.5193,11361,11361,-0.00593162,0.00694385,-0.01152257,-0.00593162,-483.5193,81515.6139,OK,0.0000,19.3408,4.0000,96.0000,AG03-UNRESOLVED,ALL5_LEVELS_bet23_to_bet27,19.3408,19.3408,19.3408,24.1760,24.1760,4.000000,4.000000,4.000000,5.000000,5.000000,96.000000,96.000000,96.000000,95.000000,95.000000,5.0,106.3742,97.4416,377.1451,386.0777,PENDING_AG03,FALSE,NOT_FOR_ENFORCEMENT,464.1785,70789.7852,483.5193,464.1785,19.3408,0.00593162,0.00569435,19.3408,464.1785,0.00569435,19.3408,19.3408,19.3408,24.1760,24.1760,464.1785,0.00569435,106.3742,97.4416,377.1451,386.0777,0.00462666,0.00473624,0.00023726,7.1750,6.4906,0.0426,4.2045,0.0806,708.8314,98.7913,8.8300,6.6350,4.0407,4.4018,8.4329,14.3073,20.7715,40.8781,4.2012,0.0,4.718859,9.286678,1.630025,30,242,81,2,0.30276321,0.00593162,-0.00694385,0E-8,0.000000,0.904604,0.002289,0.01846642,2026-03-22,2026-08-06,115,6001,2406,138,0.833333,1.330819,1.230659,1.009211,,,,,,,,GLOBAL_BASELINE_NO_ENTITY_RANKING,,,NOT_APPLICABLE_GLOBAL_BASELINE,HF9g-P5,,,,X 全窗基线 · 不参与实体赏罚,8399143,840,A168_HF9F_20260827_0900,2026-08-27 09:00:00
2026-03-24,36810153,1094,0,48.8599348534,47.5173870939,47.5173870939,1.0000000,3,3,0.50218230000000000,0.502182300000,1.724507524396475,1.7245075243964754,1.724507524396475,0E-17,ELIGIBLE,R03b_20260811_FULL_v1,L1_ELIGIBILITY,v2026-08-11,2026-03-21..2026-08-06,baccarat_bet02_101_all_pairs_incl_sentinel,round_win = game_pnl > 0 (decisive only),COMPATIBILITY_ONLY_NOT_PRODUCTION,81515.6139,73739.3596,483.5193,11361,11361,-0.00593162,0.00694385,-0.01152257,-0.00593162,-483.5193,81515.6139,OK,0.0000,19.3408,4.0000,96.0000,AG03-UNRESOLVED,ALL5_LEVELS_bet23_to_bet27,19.3408,19.3408,19.3408,24.1760,24.1760,4.000000,4.000000,4.000000,5.000000,5.000000,96.000000,96.000000,96.000000,95.000000,95.000000,5.0,106.3742,97.4416,377.1451,386.0777,PENDING_AG03,FALSE,NOT_FOR_ENFORCEMENT,464.1785,70789.7852,483.5193,464.1785,19.3408,0.00593162,0.00569435,19.3408,464.1785,0.00569435,19.3408,19.3408,19.3408,24.1760,24.1760,464.1785,0.00569435,106.3742,97.4416,377.1451,386.0777,0.00462666,0.00473624,0.00023726,7.1750,6.4906,0.0426,4.2045,0.0806,708.8314,98.7913,8.8300,6.6350,4.0407,4.4018,8.4329,14.3073,20.7715,40.8781,4.2012,0.0,4.718859,9.286678,1.630025,30,242,81,2,0.30276321,0.00593162,-0.00694385,0E-8,0.000000,0.904604,0.002289,0.01846642,2026-03-22,2026-08-06,115,6001,2406,138,0.833333,1.330819,1.230659,1.009211,,,,,,,,GLOBAL_BASELINE_NO_ENTITY_RANKING,,,NOT_APPLICABLE_GLOBAL_BASELINE,HF9g-P5,,,,X 全窗基线 · 不参与实体赏罚,8399144,840,A168_HF9F_20260827_0900,2026-08-27 09:00:00
2026-03-24,36810153,1109,0,127.4319922528,17.9923408750,17.9923408750,0.5454545,13,13,0.50046368461538462,0.500463684615,0.29843573712661897,0.29843573712917004,0.29843573712661897,3.8462E-13,ELIGIBLE,R03b_20260811_FULL_v1,L1_ELIGIBILITY,v2026-08-11,2026-03-21..2026-08-06,baccarat_bet02_101_all_pairs_incl_sentinel,round_win = game_pnl > 0 (decisive only),COMPATIBILITY_ONLY_NOT_PRODUCTION,81515.6139,73739.3596,483.5193,11361,11361,-0.00593162,0.00694385,-0.01152257,-0.00593162,-483.5193,81515.6139,OK,0.0000,19.3408,4.0000,96.0000,AG03-UNRESOLVED,ALL5_LEVELS_bet23_to_bet27,19.3408,19.3408,19.3408,24.1760,24.1760,4.000000,4.000000,4.000000,5.000000,5.000000,96.000000,96.000000,96.000000,95.000000,95.000000,5.0,106.3742,97.4416,377.1451,386.0777,PENDING_AG03,FALSE,NOT_FOR_ENFORCEMENT,464.1785,70789.7852,483.5193,464.1785,19.3408,0.00593162,0.00569435,19.3408,464.1785,0.00569435,19.3408,19.3408,19.3408,24.1760,24.1760,464.1785,0.00569435,106.3742,97.4416,377.1451,386.0777,0.00462666,0.00473624,0.00023726,7.1750,6.4906,0.0426,4.2045,0.0806,708.8314,98.7913,8.8300,6.6350,4.0407,4.4018,8.4329,14.3073,20.7715,40.8781,4.2012,0.0,4.718859,9.286678,1.630025,30,242,81,2,0.30276321,0.00593162,-0.00694385,0E-8,0.000000,0.904604,0.002289,0.01846642,2026-03-22,2026-08-06,115,6001,2406,138,0.833333,1.330819,1.230659,1.009211,,,,,,,,GLOBAL_BASELINE_NO_ENTITY_RANKING,,,NOT_APPLICABLE_GLOBAL_BASELINE,HF9g-P5,,,,X 全窗基线 · 不参与实体赏罚,8399145,840,A168_HF9F_20260827_0900,2026-08-27 09:00:00
2026-03-24,36810153,1151,0,85.8350206885,-42.9175103443,-42.9175103443,0.2500000,4,4,0.49994810000000000,0.499948100000,-0.9997924053861017,-0.9997924053861017,-0.9997924053861017,0E-17,ELIGIBLE,R03b_20260811_FULL_v1,L1_ELIGIBILITY,v2026-08-11,2026-03-21..2026-08-06,baccarat_bet02_101_all_pairs_incl_sentinel,round_win = game_pnl > 0 (decisive only),COMPATIBILITY_ONLY_NOT_PRODUCTION,81515.6139,73739.3596,483.5193,11361,11361,-0.00593162,0.00694385,-0.01152257,-0.00593162,-483.5193,81515.6139,OK,0.0000,19.3408,4.0000,96.0000,AG03-UNRESOLVED,ALL5_LEVELS_bet23_to_bet27,19.3408,19.3408,19.3408,24.1760,24.1760,4.000000,4.000000,4.000000,5.000000,5.000000,96.000000,96.000000,96.000000,95.000000,95.000000,5.0,106.3742,97.4416,377.1451,386.0777,PENDING_AG03,FALSE,NOT_FOR_ENFORCEMENT,464.1785,70789.7852,483.5193,464.1785,19.3408,0.00593162,0.00569435,19.3408,464.1785,0.00569435,19.3408,19.3408,19.3408,24.1760,24.1760,464.1785,0.00569435,106.3742,97.4416,377.1451,386.0777,0.00462666,0.00473624,0.00023726,7.1750,6.4906,0.0426,4.2045,0.0806,708.8314,98.7913,8.8300,6.6350,4.0407,4.4018,8.4329,14.3073,20.7715,40.8781,4.2012,0.0,4.718859,9.286678,1.630025,30,242,81,2,0.30276321,0.00593162,-0.00694385,0E-8,0.000000,0.904604,0.002289,0.01846642,2026-03-22,2026-08-06,115,6001,2406,138,0.833333,1.330819,1.230659,1.009211,,,,,,,,GLOBAL_BASELINE_NO_ENTITY_RANKING,,,NOT_APPLICABLE_GLOBAL_BASELINE,HF9g-P5,,,,X 全窗基线 · 不参与实体赏罚,8399146,840,A168_HF9F_20260827_0900,2026-08-27 09:00:00
2026-03-24,36810153,1205,0,44.0179593274,-44.0179593274,-44.0179593274,0E-7,4,4,0.50329940000000000,0.503299400000,-2.013241432932159,-2.013241432932159,-2.013241432932159,0E-17,ELIGIBLE,R03b_20260811_FULL_v1,L1_ELIGIBILITY,v2026-08-11,2026-03-21..2026-08-06,baccarat_bet02_101_all_pairs_incl_sentinel,round_win = game_pnl > 0 (decisive only),COMPATIBILITY_ONLY_NOT_PRODUCTION,81515.6139,73739.3596,483.5193,11361,11361,-0.00593162,0.00694385,-0.01152257,-0.00593162,-483.5193,81515.6139,OK,0.0000,19.3408,4.0000,96.0000,AG03-UNRESOLVED,ALL5_LEVELS_bet23_to_bet27,19.3408,19.3408,19.3408,24.1760,24.1760,4.000000,4.000000,4.000000,5.000000,5.000000,96.000000,96.000000,96.000000,95.000000,95.000000,5.0,106.3742,97.4416,377.1451,386.0777,PENDING_AG03,FALSE,NOT_FOR_ENFORCEMENT,464.1785,70789.7852,483.5193,464.1785,19.3408,0.00593162,0.00569435,19.3408,464.1785,0.00569435,19.3408,19.3408,19.3408,24.1760,24.1760,464.1785,0.00569435,106.3742,97.4416,377.1451,386.0777,0.00462666,0.00473624,0.00023726,7.1750,6.4906,0.0426,4.2045,0.0806,708.8314,98.7913,8.8300,6.6350,4.0407,4.4018,8.4329,14.3073,20.7715,40.8781,4.2012,0.0,4.718859,9.286678,1.630025,30,242,81,2,0.30276321,0.00593162,-0.00694385,0E-8,0.000000,0.904604,0.002289,0.01846642,2026-03-22,2026-08-06,115,6001,2406,138,0.833333,1.330819,1.230659,1.009211,,,,,,,,GLOBAL_BASELINE_NO_ENTITY_RANKING,,,NOT_APPLICABLE_GLOBAL_BASELINE,HF9g-P5,,,,X 全窗基线 · 不参与实体赏罚,8399147,840,A168_HF9F_20260827_0900,2026-08-27 09:00:00
2026-03-24,36810153,1210,0,3.3013469496,-3.3013469496,-3.3013469496,0E-7,1,1,0.49324550000000000,0.493245500000,-0.9865810262130424,-0.9865810262130424,-0.9865810262130424,0E-17,ELIGIBLE,R03b_20260811_FULL_v1,L1_ELIGIBILITY,v2026-08-11,2026-03-21..2026-08-06,baccarat_bet02_101_all_pairs_incl_sentinel,round_win = game_pnl > 0 (decisive only),COMPATIBILITY_ONLY_NOT_PRODUCTION,81515.6139,73739.3596,483.5193,11361,11361,-0.00593162,0.00694385,-0.01152257,-0.00593162,-483.5193,81515.6139,OK,0.0000,19.3408,4.0000,96.0000,AG03-UNRESOLVED,ALL5_LEVELS_bet23_to_bet27,19.3408,19.3408,19.3408,24.1760,24.1760,4.000000,4.000000,4.000000,5.000000,5.000000,96.000000,96.000000,96.000000,95.000000,95.000000,5.0,106.3742,97.4416,377.1451,386.0777,PENDING_AG03,FALSE,NOT_FOR_ENFORCEMENT,464.1785,70789.7852,483.5193,464.1785,19.3408,0.00593162,0.00569435,19.3408,464.1785,0.00569435,19.3408,19.3408,19.3408,24.1760,24.1760,464.1785,0.00569435,106.3742,97.4416,377.1451,386.0777,0.00462666,0.00473624,0.00023726,7.1750,6.4906,0.0426,4.2045,0.0806,708.8314,98.7913,8.8300,6.6350,4.0407,4.4018,8.4329,14.3073,20.7715,40.8781,4.2012,0.0,4.718859,9.286678,1.630025,30,242,81,2,0.30276321,0.00593162,-0.00694385,0E-8,0.000000,0.904604,0.002289,0.01846642,2026-03-22,2026-08-06,115,6001,2406,138,0.833333,1.330819,1.230659,1.009211,,,,,,,,GLOBAL_BASELINE_NO_ENTITY_RANKING,,,NOT_APPLICABLE_GLOBAL_BASELINE,HF9g-P5,,,,X 全窗基线 · 不参与实体赏罚,8399148,840,A168_HF9F_20260827_0900,2026-08-27 09:00:00
2026-03-24,36810153,1291,0,4.4017959327,-4.4017959327,-4.4017959327,0E-7,1,1,0.50665070000000000,0.506650700000,-1.013391052207602,-1.013391052207602,-1.013391052207602,0E-17,ELIGIBLE,R03b_20260811_FULL_v1,L1_ELIGIBILITY,v2026-08-11,2026-03-21..2026-08-06,baccarat_bet02_101_all_pairs_incl_sentinel,round_win = game_pnl > 0 (decisive only),COMPATIBILITY_ONLY_NOT_PRODUCTION,81515.6139,73739.3596,483.5193,11361,11361,-0.00593162,0.00694385,-0.01152257,-0.00593162,-483.5193,81515.6139,OK,0.0000,19.3408,4.0000,96.0000,AG03-UNRESOLVED,ALL5_LEVELS_bet23_to_bet27,19.3408,19.3408,19.3408,24.1760,24.1760,4.000000,4.000000,4.000000,5.000000,5.000000,96.000000,96.000000,96.000000,95.000000,95.000000,5.0,106.3742,97.4416,377.1451,386.0777,PENDING_AG03,FALSE,NOT_FOR_ENFORCEMENT,464.1785,70789.7852,483.5193,464.1785,19.3408,0.00593162,0.00569435,19.3408,464.1785,0.00569435,19.3408,19.3408,19.3408,24.1760,24.1760,464.1785,0.00569435,106.3742,97.4416,377.1451,386.0777,0.00462666,0.00473624,0.00023726,7.1750,6.4906,0.0426,4.2045,0.0806,708.8314,98.7913,8.8300,6.6350,4.0407,4.4018,8.4329,14.3073,20.7715,40.8781,4.2012,0.0,4.718859,9.286678,1.630025,30,242,81,2,0.30276321,0.00593162,-0.00694385,0E-8,0.000000,0.904604,0.002289,0.01846642,2026-03-22,2026-08-06,115,6001,2406,138,0.833333,1.330819,1.230659,1.009211,,,,,,,,GLOBAL_BASELINE_NO_ENTITY_RANKING,,,NOT_APPLICABLE_GLOBAL_BASELINE,HF9g-P5,,,,X 全窗基线 · 不参与实体赏罚,8399149,840,A168_HF9F_20260827_0900,2026-08-27 09:00:00
2026-03-24,36810153,1299,0,28.1714939695,15.8464653579,15.8464653579,0.5000000,2,2,0.49324550000000000,0.493245500000,0.01910635448239258,0.01910635448239258,0.01910635448239258,0E-17,ELIGIBLE,R03b_20260811_FULL_v1,L1_ELIGIBILITY,v2026-08-11,2026-03-21..2026-08-06,baccarat_bet02_101_all_pairs_incl_sentinel,round_win = game_pnl > 0 (decisive only),COMPATIBILITY_ONLY_NOT_PRODUCTION,81515.6139,73739.3596,483.5193,11361,11361,-0.00593162,0.00694385,-0.01152257,-0.00593162,-483.5193,81515.6139,OK,0.0000,19.3408,4.0000,96.0000,AG03-UNRESOLVED,ALL5_LEVELS_bet23_to_bet27,19.3408,19.3408,19.3408,24.1760,24.1760,4.000000,4.000000,4.000000,5.000000,5.000000,96.000000,96.000000,96.000000,95.000000,95.000000,5.0,106.3742,97.4416,377.1451,386.0777,PENDING_AG03,FALSE,NOT_FOR_ENFORCEMENT,464.1785,70789.7852,483.5193,464.1785,19.3408,0.00593162,0.00569435,19.3408,464.1785,0.00569435,19.3408,19.3408,19.3408,24.1760,24.1760,464.1785,0.00569435,106.3742,97.4416,377.1451,386.0777,0.00462666,0.00473624,0.00023726,7.1750,6.4906,0.0426,4.2045,0.0806,708.8314,98.7913,8.8300,6.6350,4.0407,4.4018,8.4329,14.3073,20.7715,40.8781,4.2012,0.0,4.718859,9.286678,1.630025,30,242,81,2,0.30276321,0.00593162,-0.00694385,0E-8,0.000000,0.904604,0.002289,0.01846642,2026-03-22,2026-08-06,115,6001,2406,138,0.833333,1.330819,1.230659,1.009211,,,,,,,,GLOBAL_BASELINE_NO_ENTITY_RANKING,,,NOT_APPLICABLE_GLOBAL_BASELINE,HF9g-P5,,,,X 全窗基线 · 不参与实体赏罚,8399150,840,A168_HF9F_20260827_0900,2026-08-27 09:00:00
2026-03-24,36810153,1306,0,8.3634122722,-8.3634122722,-8.3634122722,0E-7,1,1,0.50665070000000000,0.506650700000,-1.013391052207602,-1.013391052207602,-1.013391052207602,0E-17,ELIGIBLE,R03b_20260811_FULL_v1,L1_ELIGIBILITY,v2026-08-11,2026-03-21..2026-08-06,baccarat_bet02_101_all_pairs_incl_sentinel,round_win = game_pnl > 0 (decisive only),COMPATIBILITY_ONLY_NOT_PRODUCTION,81515.6139,73739.3596,483.5193,11361,11361,-0.00593162,0.00694385,-0.01152257,-0.00593162,-483.5193,81515.6139,OK,0.0000,19.3408,4.0000,96.0000,AG03-UNRESOLVED,ALL5_LEVELS_bet23_to_bet27,19.3408,19.3408,19.3408,24.1760,24.1760,4.000000,4.000000,4.000000,5.000000,5.000000,96.000000,96.000000,96.000000,95.000000,95.000000,5.0,106.3742,97.4416,377.1451,386.0777,PENDING_AG03,FALSE,NOT_FOR_ENFORCEMENT,464.1785,70789.7852,483.5193,464.1785,19.3408,0.00593162,0.00569435,19.3408,464.1785,0.00569435,19.3408,19.3408,19.3408,24.1760,24.1760,464.1785,0.00569435,106.3742,97.4416,377.1451,386.0777,0.00462666,0.00473624,0.00023726,7.1750,6.4906,0.0426,4.2045,0.0806,708.8314,98.7913,8.8300,6.6350,4.0407,4.4018,8.4329,14.3073,20.7715,40.8781,4.2012,0.0,4.718859,9.286678,1.630025,30,242,81,2,0.30276321,0.00593162,-0.00694385,0E-8,0.000000,0.904604,0.002289,0.01846642,2026-03-22,2026-08-06,115,6001,2406,138,0.833333,1.330819,1.230659,1.009211,,,,,,,,GLOBAL_BASELINE_NO_ENTITY_RANKING,,,NOT_APPLICABLE_GLOBAL_BASELINE,HF9g-P5,,,,X 全窗基线 · 不参与实体赏罚,8399151,840,A168_HF9F_20260827_0900,2026-08-27 09:00:00
2026-03-24,36810153,1307,0,24.4299674267,-22.0089796637,-22.0089796637,0E-7,2,2,0.50665070000000000,0.506650700000,-1.013391052207602,-1.013391052207602,-1.013391052207602,0E-17,ELIGIBLE,R03b_20260811_FULL_v1,L1_ELIGIBILITY,v2026-08-11,2026-03-21..2026-08-06,baccarat_bet02_101_all_pairs_incl_sentinel,round_win = game_pnl > 0 (decisive only),COMPATIBILITY_ONLY_NOT_PRODUCTION,81515.6139,73739.3596,483.5193,11361,11361,-0.00593162,0.00694385,-0.01152257,-0.00593162,-483.5193,81515.6139,OK,0.0000,19.3408,4.0000,96.0000,AG03-UNRESOLVED,ALL5_LEVELS_bet23_to_bet27,19.3408,19.3408,19.3408,24.1760,24.1760,4.000000,4.000000,4.000000,5.000000,5.000000,96.000000,96.000000,96.000000,95.000000,95.000000,5.0,106.3742,97.4416,377.1451,386.0777,PENDING_AG03,FALSE,NOT_FOR_ENFORCEMENT,464.1785,70789.7852,483.5193,464.1785,19.3408,0.00593162,0.00569435,19.3408,464.1785,0.00569435,19.3408,19.3408,19.3408,24.1760,24.1760,464.1785,0.00569435,106.3742,97.4416,377.1451,386.0777,0.00462666,0.00473624,0.00023726,7.1750,6.4906,0.0426,4.2045,0.0806,708.8314,98.7913,8.8300,6.6350,4.0407,4.4018,8.4329,14.3073,20.7715,40.8781,4.2012,0.0,4.718859,9.286678,1.630025,30,242,81,2,0.30276321,0.00593162,-0.00694385,0E-8,0.000000,0.904604,0.002289,0.01846642,2026-03-22,2026-08-06,115,6001,2406,138,0.833333,1.330819,1.230659,1.009211,,,,,,,,GLOBAL_BASELINE_NO_ENTITY_RANKING,,,NOT_APPLICABLE_GLOBAL_BASELINE,HF9g-P5,,,,X 全窗基线 · 不参与实体赏罚,8399152,840,A168_HF9F_20260827_0900,2026-08-27 09:00:00
2026-03-24,36810153,1318,0,47.9795756669,25.7505062066,25.7505062066,0.6666667,4,4,0.49994810000000000,0.499948100000,0.5775300591747329,0.5775300591747329,0.5775300591747329,0E-17,ELIGIBLE,R03b_20260811_FULL_v1,L1_ELIGIBILITY,v2026-08-11,2026-03-21..2026-08-06,baccarat_bet02_101_all_pairs_incl_sentinel,round_win = game_pnl > 0 (decisive only),COMPATIBILITY_ONLY_NOT_PRODUCTION,81515.6139,73739.3596,483.5193,11361,11361,-0.00593162,0.00694385,-0.01152257,-0.00593162,-483.5193,81515.6139,OK,0.0000,19.3408,4.0000,96.0000,AG03-UNRESOLVED,ALL5_LEVELS_bet23_to_bet27,19.3408,19.3408,19.3408,24.1760,24.1760,4.000000,4.000000,4.000000,5.000000,5.000000,96.000000,96.000000,96.000000,95.000000,95.000000,5.0,106.3742,97.4416,377.1451,386.0777,PENDING_AG03,FALSE,NOT_FOR_ENFORCEMENT,464.1785,70789.7852,483.5193,464.1785,19.3408,0.00593162,0.00569435,19.3408,464.1785,0.00569435,19.3408,19.3408,19.3408,24.1760,24.1760,464.1785,0.00569435,106.3742,97.4416,377.1451,386.0777,0.00462666,0.00473624,0.00023726,7.1750,6.4906,0.0426,4.2045,0.0806,708.8314,98.7913,8.8300,6.6350,4.0407,4.4018,8.4329,14.3073,20.7715,40.8781,4.2012,0.0,4.718859,9.286678,1.630025,30,242,81,2,0.30276321,0.00593162,-0.00694385,0E-8,0.000000,0.904604,0.002289,0.01846642,2026-03-22,2026-08-06,115,6001,2406,138,0.833333,1.330819,1.230659,1.009211,,,,,,,,GLOBAL_BASELINE_NO_ENTITY_RANKING,,,NOT_APPLICABLE_GLOBAL_BASELINE,HF9g-P5,,,,X 全窗基线 · 不参与实体赏罚,8399153,840,A168_HF9F_20260827_0900,2026-08-27 09:00:00
2026-03-24,36810153,1325,0,70.4287349238,18.8727000616,18.8727000616,0.6666667,6,6,0.49994810000000000,0.499948100000,0.8167508423630434,0.8167508423630434,0.8167508423630434,0E-17,ELIGIBLE,R03b_20260811_FULL_v1,L1_ELIGIBILITY,v2026-08-11,2026-03-21..2026-08-06,baccarat_bet02_101_all_pairs_incl_sentinel,round_win = game_pnl > 0 (decisive only),COMPATIBILITY_ONLY_NOT_PRODUCTION,81515.6139,73739.3596,483.5193,11361,11361,-0.00593162,0.00694385,-0.01152257,-0.00593162,-483.5193,81515.6139,OK,0.0000,19.3408,4.0000,96.0000,AG03-UNRESOLVED,ALL5_LEVELS_bet23_to_bet27,19.3408,19.3408,19.3408,24.1760,24.1760,4.000000,4.000000,4.000000,5.000000,5.000000,96.000000,96.000000,96.000000,95.000000,95.000000,5.0,106.3742,97.4416,377.1451,386.0777,PENDING_AG03,FALSE,NOT_FOR_ENFORCEMENT,464.1785,70789.7852,483.5193,464.1785,19.3408,0.00593162,0.00569435,19.3408,464.1785,0.00569435,19.3408,19.3408,19.3408,24.1760,24.1760,464.1785,0.00569435,106.3742,97.4416,377.1451,386.0777,0.00462666,0.00473624,0.00023726,7.1750,6.4906,0.0426,4.2045,0.0806,708.8314,98.7913,8.8300,6.6350,4.0407,4.4018,8.4329,14.3073,20.7715,40.8781,4.2012,0.0,4.718859,9.286678,1.630025,30,242,81,2,0.30276321,0.00593162,-0.00694385,0E-8,0.000000,0.904604,0.002289,0.01846642,2026-03-22,2026-08-06,115,6001,2406,138,0.833333,1.330819,1.230659,1.009211,,,,,,,,GLOBAL_BASELINE_NO_ENTITY_RANKING,,,NOT_APPLICABLE_GLOBAL_BASELINE,HF9g-P5,,,,X 全窗基线 · 不参与实体赏罚,8399154,840,A168_HF9F_20260827_0900,2026-08-27 09:00:00
2026-03-24,36810153,1382,0,66.0269389911,26.1906857998,26.1906857998,1.0000000,4,4,0.49994810000000000,0.499948100000,1.4143603653603398,1.4143603653603398,1.4143603653603398,0E-17,ELIGIBLE,R03b_20260811_FULL_v1,L1_ELIGIBILITY,v2026-08-11,2026-03-21..2026-08-06,baccarat_bet02_101_all_pairs_incl_sentinel,round_win = game_pnl > 0 (decisive only),COMPATIBILITY_ONLY_NOT_PRODUCTION,81515.6139,73739.3596,483.5193,11361,11361,-0.00593162,0.00694385,-0.01152257,-0.00593162,-483.5193,81515.6139,OK,0.0000,19.3408,4.0000,96.0000,AG03-UNRESOLVED,ALL5_LEVELS_bet23_to_bet27,19.3408,19.3408,19.3408,24.1760,24.1760,4.000000,4.000000,4.000000,5.000000,5.000000,96.000000,96.000000,96.000000,95.000000,95.000000,5.0,106.3742,97.4416,377.1451,386.0777,PENDING_AG03,FALSE,NOT_FOR_ENFORCEMENT,464.1785,70789.7852,483.5193,464.1785,19.3408,0.00593162,0.00569435,19.3408,464.1785,0.00569435,19.3408,19.3408,19.3408,24.1760,24.1760,464.1785,0.00569435,106.3742,97.4416,377.1451,386.0777,0.00462666,0.00473624,0.00023726,7.1750,6.4906,0.0426,4.2045,0.0806,708.8314,98.7913,8.8300,6.6350,4.0407,4.4018,8.4329,14.3073,20.7715,40.8781,4.2012,0.0,4.718859,9.286678,1.630025,30,242,81,2,0.30276321,0.00593162,-0.00694385,0E-8,0.000000,0.904604,0.002289,0.01846642,2026-03-22,2026-08-06,115,6001,2406,138,0.833333,1.330819,1.230659,1.009211,,,,,,,,GLOBAL_BASELINE_NO_ENTITY_RANKING,,,NOT_APPLICABLE_GLOBAL_BASELINE,HF9g-P5,,,,X 全窗基线 · 不参与实体赏罚,8399155,840,A168_HF9F_20260827_0900,2026-08-27 09:00:00
2026-03-24,36810153,1383,0,16.0665551545,-3.0812571529,-3.0812571529,0.6666667,3,3,0.50218230000000000,0.502182300000,0.5697959874915163,0.5697959874915164,0.5697959874915163,0E-17,ELIGIBLE,R03b_20260811_FULL_v1,L1_ELIGIBILITY,v2026-08-11,2026-03-21..2026-08-06,baccarat_bet02_101_all_pairs_incl_sentinel,round_win = game_pnl > 0 (decisive only),COMPATIBILITY_ONLY_NOT_PRODUCTION,81515.6139,73739.3596,483.5193,11361,11361,-0.00593162,0.00694385,-0.01152257,-0.00593162,-483.5193,81515.6139,OK,0.0000,19.3408,4.0000,96.0000,AG03-UNRESOLVED,ALL5_LEVELS_bet23_to_bet27,19.3408,19.3408,19.3408,24.1760,24.1760,4.000000,4.000000,4.000000,5.000000,5.000000,96.000000,96.000000,96.000000,95.000000,95.000000,5.0,106.3742,97.4416,377.1451,386.0777,PENDING_AG03,FALSE,NOT_FOR_ENFORCEMENT,464.1785,70789.7852,483.5193,464.1785,19.3408,0.00593162,0.00569435,19.3408,464.1785,0.00569435,19.3408,19.3408,19.3408,24.1760,24.1760,464.1785,0.00569435,106.3742,97.4416,377.1451,386.0777,0.00462666,0.00473624,0.00023726,7.1750,6.4906,0.0426,4.2045,0.0806,708.8314,98.7913,8.8300,6.6350,4.0407,4.4018,8.4329,14.3073,20.7715,40.8781,4.2012,0.0,4.718859,9.286678,1.630025,30,242,81,2,0.30276321,0.00593162,-0.00694385,0E-8,0.000000,0.904604,0.002289,0.01846642,2026-03-22,2026-08-06,115,6001,2406,138,0.833333,1.330819,1.230659,1.009211,,,,,,,,GLOBAL_BASELINE_NO_ENTITY_RANKING,,,NOT_APPLICABLE_GLOBAL_BASELINE,HF9g-P5,,,,X 全窗基线 · 不参与实体赏罚,8399156,840,A168_HF9F_20260827_0900,2026-08-27 09:00:00
2026-03-24,36810153,1384,0,145.6994453738,32.4082225546,32.4082225546,0.4285714,7,7,0.50282064285714286,0.502820642857,-0.39289616391791987,-0.3928961639171632,-0.39289616391791987,1.4286E-13,ELIGIBLE,R03b_20260811_FULL_v1,L1_ELIGIBILITY,v2026-08-11,2026-03-21..2026-08-06,baccarat_bet02_101_all_pairs_incl_sentinel,round_win = game_pnl > 0 (decisive only),COMPATIBILITY_ONLY_NOT_PRODUCTION,81515.6139,73739.3596,483.5193,11361,11361,-0.00593162,0.00694385,-0.01152257,-0.00593162,-483.5193,81515.6139,OK,0.0000,19.3408,4.0000,96.0000,AG03-UNRESOLVED,ALL5_LEVELS_bet23_to_bet27,19.3408,19.3408,19.3408,24.1760,24.1760,4.000000,4.000000,4.000000,5.000000,5.000000,96.000000,96.000000,96.000000,95.000000,95.000000,5.0,106.3742,97.4416,377.1451,386.0777,PENDING_AG03,FALSE,NOT_FOR_ENFORCEMENT,464.1785,70789.7852,483.5193,464.1785,19.3408,0.00593162,0.00569435,19.3408,464.1785,0.00569435,19.3408,19.3408,19.3408,24.1760,24.1760,464.1785,0.00569435,106.3742,97.4416,377.1451,386.0777,0.00462666,0.00473624,0.00023726,7.1750,6.4906,0.0426,4.2045,0.0806,708.8314,98.7913,8.8300,6.6350,4.0407,4.4018,8.4329,14.3073,20.7715,40.8781,4.2012,0.0,4.718859,9.286678,1.630025,30,242,81,2,0.30276321,0.00593162,-0.00694385,0E-8,0.000000,0.904604,0.002289,0.01846642,2026-03-22,2026-08-06,115,6001,2406,138,0.833333,1.330819,1.230659,1.009211,,,,,,,,GLOBAL_BASELINE_NO_ENTITY_RANKING,,,NOT_APPLICABLE_GLOBAL_BASELINE,HF9g-P5,,,,X 全窗基线 · 不参与实体赏罚,8399157,840,A168_HF9F_20260827_0900,2026-08-27 09:00:00
2026-03-24,36810153,1385,0,37.4152654283,-37.4152654283,-37.4152654283,0E-7,2,2,0.49994810000000000,0.499948100000,-1.4140667746232096,-1.4140667746232096,-1.4140667746232096,0E-17,ELIGIBLE,R03b_20260811_FULL_v1,L1_ELIGIBILITY,v2026-08-11,2026-03-21..2026-08-06,baccarat_bet02_101_all_pairs_incl_sentinel,round_win = game_pnl > 0 (decisive only),COMPATIBILITY_ONLY_NOT_PRODUCTION,81515.6139,73739.3596,483.5193,11361,11361,-0.00593162,0.00694385,-0.01152257,-0.00593162,-483.5193,81515.6139,OK,0.0000,19.3408,4.0000,96.0000,AG03-UNRESOLVED,ALL5_LEVELS_bet23_to_bet27,19.3408,19.3408,19.3408,24.1760,24.1760,4.000000,4.000000,4.000000,5.000000,5.000000,96.000000,96.000000,96.000000,95.000000,95.000000,5.0,106.3742,97.4416,377.1451,386.0777,PENDING_AG03,FALSE,NOT_FOR_ENFORCEMENT,464.1785,70789.7852,483.5193,464.1785,19.3408,0.00593162,0.00569435,19.3408,464.1785,0.00569435,19.3408,19.3408,19.3408,24.1760,24.1760,464.1785,0.00569435,106.3742,97.4416,377.1451,386.0777,0.00462666,0.00473624,0.00023726,7.1750,6.4906,0.0426,4.2045,0.0806,708.8314,98.7913,8.8300,6.6350,4.0407,4.4018,8.4329,14.3073,20.7715,40.8781,4.2012,0.0,4.718859,9.286678,1.630025,30,242,81,2,0.30276321,0.00593162,-0.00694385,0E-8,0.000000,0.904604,0.002289,0.01846642,2026-03-22,2026-08-06,115,6001,2406,138,0.833333,1.330819,1.230659,1.009211,,,,,,,,GLOBAL_BASELINE_NO_ENTITY_RANKING,,,NOT_APPLICABLE_GLOBAL_BASELINE,HF9g-P5,,,,X 全窗基线 · 不参与实体赏罚,8399158,840,A168_HF9F_20260827_0900,2026-08-27 09:00:00
2026-03-24,36810153,1401,0,11.0044898319,-11.0044898319,-11.0044898319,0E-7,1,1,0.49324550000000000,0.493245500000,-0.9865810262130424,-0.9865810262130424,-0.9865810262130424,0E-17,ELIGIBLE,R03b_20260811_FULL_v1,L1_ELIGIBILITY,v2026-08-11,2026-03-21..2026-08-06,baccarat_bet02_101_all_pairs_incl_sentinel,round_win = game_pnl > 0 (decisive only),COMPATIBILITY_ONLY_NOT_PRODUCTION,81515.6139,73739.3596,483.5193,11361,11361,-0.00593162,0.00694385,-0.01152257,-0.00593162,-483.5193,81515.6139,OK,0.0000,19.3408,4.0000,96.0000,AG03-UNRESOLVED,ALL5_LEVELS_bet23_to_bet27,19.3408,19.3408,19.3408,24.1760,24.1760,4.000000,4.000000,4.000000,5.000000,5.000000,96.000000,96.000000,96.000000,95.000000,95.000000,5.0,106.3742,97.4416,377.1451,386.0777,PENDING_AG03,FALSE,NOT_FOR_ENFORCEMENT,464.1785,70789.7852,483.5193,464.1785,19.3408,0.00593162,0.00569435,19.3408,464.1785,0.00569435,19.3408,19.3408,19.3408,24.1760,24.1760,464.1785,0.00569435,106.3742,97.4416,377.1451,386.0777,0.00462666,0.00473624,0.00023726,7.1750,6.4906,0.0426,4.2045,0.0806,708.8314,98.7913,8.8300,6.6350,4.0407,4.4018,8.4329,14.3073,20.7715,40.8781,4.2012,0.0,4.718859,9.286678,1.630025,30,242,81,2,0.30276321,0.00593162,-0.00694385,0E-8,0.000000,0.904604,0.002289,0.01846642,2026-03-22,2026-08-06,115,6001,2406,138,0.833333,1.330819,1.230659,1.009211,,,,,,,,GLOBAL_BASELINE_NO_ENTITY_RANKING,,,NOT_APPLICABLE_GLOBAL_BASELINE,HF9g-P5,,,,X 全窗基线 · 不参与实体赏罚,8399159,840,A168_HF9F_20260827_0900,2026-08-27 09:00:00
2026-03-24,36810153,1491,0,110.2649881151,12.5451184083,12.5451184083,0.3333333,7,7,0.50473567142857143,0.504735671429,-0.8397342036905205,-0.8397342036926269,-0.8397342036905205,-4.2857E-13,ELIGIBLE,R03b_20260811_FULL_v1,L1_ELIGIBILITY,v2026-08-11,2026-03-21..2026-08-06,baccarat_bet02_101_all_pairs_incl_sentinel,round_win = game_pnl > 0 (decisive only),COMPATIBILITY_ONLY_NOT_PRODUCTION,81515.6139,73739.3596,483.5193,11361,11361,-0.00593162,0.00694385,-0.01152257,-0.00593162,-483.5193,81515.6139,OK,0.0000,19.3408,4.0000,96.0000,AG03-UNRESOLVED,ALL5_LEVELS_bet23_to_bet27,19.3408,19.3408,19.3408,24.1760,24.1760,4.000000,4.000000,4.000000,5.000000,5.000000,96.000000,96.000000,96.000000,95.000000,95.000000,5.0,106.3742,97.4416,377.1451,386.0777,PENDING_AG03,FALSE,NOT_FOR_ENFORCEMENT,464.1785,70789.7852,483.5193,464.1785,19.3408,0.00593162,0.00569435,19.3408,464.1785,0.00569435,19.3408,19.3408,19.3408,24.1760,24.1760,464.1785,0.00569435,106.3742,97.4416,377.1451,386.0777,0.00462666,0.00473624,0.00023726,7.1750,6.4906,0.0426,4.2045,0.0806,708.8314,98.7913,8.8300,6.6350,4.0407,4.4018,8.4329,14.3073,20.7715,40.8781,4.2012,0.0,4.718859,9.286678,1.630025,30,242,81,2,0.30276321,0.00593162,-0.00694385,0E-8,0.000000,0.904604,0.002289,0.01846642,2026-03-22,2026-08-06,115,6001,2406,138,0.833333,1.330819,1.230659,1.009211,,,,,,,,GLOBAL_BASELINE_NO_ENTITY_RANKING,,,NOT_APPLICABLE_GLOBAL_BASELINE,HF9g-P5,,,,X 全窗基线 · 不参与实体赏罚,8399160,840,A168_HF9F_20260827_0900,2026-08-27 09:00:00
2026-03-24,36810153,1505,0,44.0179593274,-44.0179593274,-44.0179593274,0E-7,1,1,0.49324550000000000,0.493245500000,-0.9865810262130424,-0.9865810262130424,-0.9865810262130424,0E-17,ELIGIBLE,R03b_20260811_FULL_v1,L1_ELIGIBILITY,v2026-08-11,2026-03-21..2026-08-06,baccarat_bet02_101_all_pairs_incl_sentinel,round_win = game_pnl > 0 (decisive only),COMPATIBILITY_ONLY_NOT_PRODUCTION,81515.6139,73739.3596,483.5193,11361,11361,-0.00593162,0.00694385,-0.01152257,-0.00593162,-483.5193,81515.6139,OK,0.0000,19.3408,4.0000,96.0000,AG03-UNRESOLVED,ALL5_LEVELS_bet23_to_bet27,19.3408,19.3408,19.3408,24.1760,24.1760,4.000000,4.000000,4.000000,5.000000,5.000000,96.000000,96.000000,96.000000,95.000000,95.000000,5.0,106.3742,97.4416,377.1451,386.0777,PENDING_AG03,FALSE,NOT_FOR_ENFORCEMENT,464.1785,70789.7852,483.5193,464.1785,19.3408,0.00593162,0.00569435,19.3408,464.1785,0.00569435,19.3408,19.3408,19.3408,24.1760,24.1760,464.1785,0.00569435,106.3742,97.4416,377.1451,386.0777,0.00462666,0.00473624,0.00023726,7.1750,6.4906,0.0426,4.2045,0.0806,708.8314,98.7913,8.8300,6.6350,4.0407,4.4018,8.4329,14.3073,20.7715,40.8781,4.2012,0.0,4.718859,9.286678,1.630025,30,242,81,2,0.30276321,0.00593162,-0.00694385,0E-8,0.000000,0.904604,0.002289,0.01846642,2026-03-22,2026-08-06,115,6001,2406,138,0.833333,1.330819,1.230659,1.009211,,,,,,,,GLOBAL_BASELINE_NO_ENTITY_RANKING,,,NOT_APPLICABLE_GLOBAL_BASELINE,HF9g-P5,,,,X 全窗基线 · 不参与实体赏罚,8399161,840,A168_HF9F_20260827_0900,2026-08-27 09:00:00
2026-03-24,36810153,1507,0,2.2008979664,2.0908530681,2.0908530681,1.0000000,1,1,0.50665070000000000,0.506650700000,0.9867858985152569,0.9867858985152569,0.9867858985152569,0E-17,ELIGIBLE,R03b_20260811_FULL_v1,L1_ELIGIBILITY,v2026-08-11,2026-03-21..2026-08-06,baccarat_bet02_101_all_pairs_incl_sentinel,round_win = game_pnl > 0 (decisive only),COMPATIBILITY_ONLY_NOT_PRODUCTION,81515.6139,73739.3596,483.5193,11361,11361,-0.00593162,0.00694385,-0.01152257,-0.00593162,-483.5193,81515.6139,OK,0.0000,19.3408,4.0000,96.0000,AG03-UNRESOLVED,ALL5_LEVELS_bet23_to_bet27,19.3408,19.3408,19.3408,24.1760,24.1760,4.000000,4.000000,4.000000,5.000000,5.000000,96.000000,96.000000,96.000000,95.000000,95.000000,5.0,106.3742,97.4416,377.1451,386.0777,PENDING_AG03,FALSE,NOT_FOR_ENFORCEMENT,464.1785,70789.7852,483.5193,464.1785,19.3408,0.00593162,0.00569435,19.3408,464.1785,0.00569435,19.3408,19.3408,19.3408,24.1760,24.1760,464.1785,0.00569435,106.3742,97.4416,377.1451,386.0777,0.00462666,0.00473624,0.00023726,7.1750,6.4906,0.0426,4.2045,0.0806,708.8314,98.7913,8.8300,6.6350,4.0407,4.4018,8.4329,14.3073,20.7715,40.8781,4.2012,0.0,4.718859,9.286678,1.630025,30,242,81,2,0.30276321,0.00593162,-0.00694385,0E-8,0.000000,0.904604,0.002289,0.01846642,2026-03-22,2026-08-06,115,6001,2406,138,0.833333,1.330819,1.230659,1.009211,,,,,,,,GLOBAL_BASELINE_NO_ENTITY_RANKING,,,NOT_APPLICABLE_GLOBAL_BASELINE,HF9g-P5,,,,X 全窗基线 · 不参与实体赏罚,8399162,840,A168_HF9F_20260827_0900,2026-08-27 09:00:00
2026-03-24,36810153,1623,0,160.4454617485,-72.2114622766,-72.2114622766,0.3636364,13,13,0.50252602307692308,0.502526023077,-0.9213015325921541,-0.921301532592665,-0.9213015325921541,-7.692E-14,ELIGIBLE,R03b_20260811_FULL_v1,L1_ELIGIBILITY,v2026-08-11,2026-03-21..2026-08-06,baccarat_bet02_101_all_pairs_incl_sentinel,round_win = game_pnl > 0 (decisive only),COMPATIBILITY_ONLY_NOT_PRODUCTION,81515.6139,73739.3596,483.5193,11361,11361,-0.00593162,0.00694385,-0.01152257,-0.00593162,-483.5193,81515.6139,OK,0.0000,19.3408,4.0000,96.0000,AG03-UNRESOLVED,ALL5_LEVELS_bet23_to_bet27,19.3408,19.3408,19.3408,24.1760,24.1760,4.000000,4.000000,4.000000,5.000000,5.000000,96.000000,96.000000,96.000000,95.000000,95.000000,5.0,106.3742,97.4416,377.1451,386.0777,PENDING_AG03,FALSE,NOT_FOR_ENFORCEMENT,464.1785,70789.7852,483.5193,464.1785,19.3408,0.00593162,0.00569435,19.3408,464.1785,0.00569435,19.3408,19.3408,19.3408,24.1760,24.1760,464.1785,0.00569435,106.3742,97.4416,377.1451,386.0777,0.00462666,0.00473624,0.00023726,7.1750,6.4906,0.0426,4.2045,0.0806,708.8314,98.7913,8.8300,6.6350,4.0407,4.4018,8.4329,14.3073,20.7715,40.8781,4.2012,0.0,4.718859,9.286678,1.630025,30,242,81,2,0.30276321,0.00593162,-0.00694385,0E-8,0.000000,0.904604,0.002289,0.01846642,2026-03-22,2026-08-06,115,6001,2406,138,0.833333,1.330819,1.230659,1.009211,,,,,,,,GLOBAL_BASELINE_NO_ENTITY_RANKING,,,NOT_APPLICABLE_GLOBAL_BASELINE,HF9g-P5,,,,X 全窗基线 · 不参与实体赏罚,8399163,840,A168_HF9F_20260827_0900,2026-08-27 09:00:00
2026-03-24,36810153,1646,0,39.8362531913,-37.2612025707,-37.2612025707,0.3333333,3,3,0.50218230000000000,0.502182300000,-0.5849155494134425,-0.5849155494134426,-0.5849155494134425,0E-17,ELIGIBLE,R03b_20260811_FULL_v1,L1_ELIGIBILITY,v2026-08-11,2026-03-21..2026-08-06,baccarat_bet02_101_all_pairs_incl_sentinel,round_win = game_pnl > 0 (decisive only),COMPATIBILITY_ONLY_NOT_PRODUCTION,81515.6139,73739.3596,483.5193,11361,11361,-0.00593162,0.00694385,-0.01152257,-0.00593162,-483.5193,81515.6139,OK,0.0000,19.3408,4.0000,96.0000,AG03-UNRESOLVED,ALL5_LEVELS_bet23_to_bet27,19.3408,19.3408,19.3408,24.1760,24.1760,4.000000,4.000000,4.000000,5.000000,5.000000,96.000000,96.000000,96.000000,95.000000,95.000000,5.0,106.3742,97.4416,377.1451,386.0777,PENDING_AG03,FALSE,NOT_FOR_ENFORCEMENT,464.1785,70789.7852,483.5193,464.1785,19.3408,0.00593162,0.00569435,19.3408,464.1785,0.00569435,19.3408,19.3408,19.3408,24.1760,24.1760,464.1785,0.00569435,106.3742,97.4416,377.1451,386.0777,0.00462666,0.00473624,0.00023726,7.1750,6.4906,0.0426,4.2045,0.0806,708.8314,98.7913,8.8300,6.6350,4.0407,4.4018,8.4329,14.3073,20.7715,40.8781,4.2012,0.0,4.718859,9.286678,1.630025,30,242,81,2,0.30276321,0.00593162,-0.00694385,0E-8,0.000000,0.904604,0.002289,0.01846642,2026-03-22,2026-08-06,115,6001,2406,138,0.833333,1.330819,1.230659,1.009211,,,,,,,,GLOBAL_BASELINE_NO_ENTITY_RANKING,,,NOT_APPLICABLE_GLOBAL_BASELINE,HF9g-P5,,,,X 全窗基线 · 不参与实体赏罚,8399164,840,A168_HF9F_20260827_0900,2026-08-27 09:00:00
2026-03-24,36810153,1702,0,36.5349062418,17.1339906682,17.1339906682,0.6666667,3,3,0.50218230000000000,0.502182300000,0.5697959874915163,0.5697959874915164,0.5697959874915163,0E-17,ELIGIBLE,R03b_20260811_FULL_v1,L1_ELIGIBILITY,v2026-08-11,2026-03-21..2026-08-06,baccarat_bet02_101_all_pairs_incl_sentinel,round_win = game_pnl > 0 (decisive only),COMPATIBILITY_ONLY_NOT_PRODUCTION,81515.6139,73739.3596,483.5193,11361,11361,-0.00593162,0.00694385,-0.01152257,-0.00593162,-483.5193,81515.6139,OK,0.0000,19.3408,4.0000,96.0000,AG03-UNRESOLVED,ALL5_LEVELS_bet23_to_bet27,19.3408,19.3408,19.3408,24.1760,24.1760,4.000000,4.000000,4.000000,5.000000,5.000000,96.000000,96.000000,96.000000,95.000000,95.000000,5.0,106.3742,97.4416,377.1451,386.0777,PENDING_AG03,FALSE,NOT_FOR_ENFORCEMENT,464.1785,70789.7852,483.5193,464.1785,19.3408,0.00593162,0.00569435,19.3408,464.1785,0.00569435,19.3408,19.3408,19.3408,24.1760,24.1760,464.1785,0.00569435,106.3742,97.4416,377.1451,386.0777,0.00462666,0.00473624,0.00023726,7.1750,6.4906,0.0426,4.2045,0.0806,708.8314,98.7913,8.8300,6.6350,4.0407,4.4018,8.4329,14.3073,20.7715,40.8781,4.2012,0.0,4.718859,9.286678,1.630025,30,242,81,2,0.30276321,0.00593162,-0.00694385,0E-8,0.000000,0.904604,0.002289,0.01846642,2026-03-22,2026-08-06,115,6001,2406,138,0.833333,1.330819,1.230659,1.009211,,,,,,,,GLOBAL_BASELINE_NO_ENTITY_RANKING,,,NOT_APPLICABLE_GLOBAL_BASELINE,HF9g-P5,,,,X 全窗基线 · 不参与实体赏罚,8399165,840,A168_HF9F_20260827_0900,2026-08-27 09:00:00
2026-03-24,36810153,1711,0,11.0044898319,-11.0044898319,-11.0044898319,0E-7,1,1,0.50665070000000000,0.506650700000,-1.013391052207602,-1.013391052207602,-1.013391052207602,0E-17,ELIGIBLE,R03b_20260811_FULL_v1,L1_ELIGIBILITY,v2026-08-11,2026-03-21..2026-08-06,baccarat_bet02_101_all_pairs_incl_sentinel,round_win = game_pnl > 0 (decisive only),COMPATIBILITY_ONLY_NOT_PRODUCTION,81515.6139,73739.3596,483.5193,11361,11361,-0.00593162,0.00694385,-0.01152257,-0.00593162,-483.5193,81515.6139,OK,0.0000,19.3408,4.0000,96.0000,AG03-UNRESOLVED,ALL5_LEVELS_bet23_to_bet27,19.3408,19.3408,19.3408,24.1760,24.1760,4.000000,4.000000,4.000000,5.000000,5.000000,96.000000,96.000000,96.000000,95.000000,95.000000,5.0,106.3742,97.4416,377.1451,386.0777,PENDING_AG03,FALSE,NOT_FOR_ENFORCEMENT,464.1785,70789.7852,483.5193,464.1785,19.3408,0.00593162,0.00569435,19.3408,464.1785,0.00569435,19.3408,19.3408,19.3408,24.1760,24.1760,464.1785,0.00569435,106.3742,97.4416,377.1451,386.0777,0.00462666,0.00473624,0.00023726,7.1750,6.4906,0.0426,4.2045,0.0806,708.8314,98.7913,8.8300,6.6350,4.0407,4.4018,8.4329,14.3073,20.7715,40.8781,4.2012,0.0,4.718859,9.286678,1.630025,30,242,81,2,0.30276321,0.00593162,-0.00694385,0E-8,0.000000,0.904604,0.002289,0.01846642,2026-03-22,2026-08-06,115,6001,2406,138,0.833333,1.330819,1.230659,1.009211,,,,,,,,GLOBAL_BASELINE_NO_ENTITY_RANKING,,,NOT_APPLICABLE_GLOBAL_BASELINE,HF9g-P5,,,,X 全窗基线 · 不参与实体赏罚,8399166,840,A168_HF9F_20260827_0900,2026-08-27 09:00:00
2026-03-24,36810153,1750,0,34.5540980720,-4.5118408310,-4.5118408310,0.4000000,5,5,0.50128862000000000,0.501288620000,-0.4529779837142727,-0.4529779837142727,-0.4529779837142727,0E-17,ELIGIBLE,R03b_20260811_FULL_v1,L1_ELIGIBILITY,v2026-08-11,2026-03-21..2026-08-06,baccarat_bet02_101_all_pairs_incl_sentinel,round_win = game_pnl > 0 (decisive only),COMPATIBILITY_ONLY_NOT_PRODUCTION,81515.6139,73739.3596,483.5193,11361,11361,-0.00593162,0.00694385,-0.01152257,-0.00593162,-483.5193,81515.6139,OK,0.0000,19.3408,4.0000,96.0000,AG03-UNRESOLVED,ALL5_LEVELS_bet23_to_bet27,19.3408,19.3408,19.3408,24.1760,24.1760,4.000000,4.000000,4.000000,5.000000,5.000000,96.000000,96.000000,96.000000,95.000000,95.000000,5.0,106.3742,97.4416,377.1451,386.0777,PENDING_AG03,FALSE,NOT_FOR_ENFORCEMENT,464.1785,70789.7852,483.5193,464.1785,19.3408,0.00593162,0.00569435,19.3408,464.1785,0.00569435,19.3408,19.3408,19.3408,24.1760,24.1760,464.1785,0.00569435,106.3742,97.4416,377.1451,386.0777,0.00462666,0.00473624,0.00023726,7.1750,6.4906,0.0426,4.2045,0.0806,708.8314,98.7913,8.8300,6.6350,4.0407,4.4018,8.4329,14.3073,20.7715,40.8781,4.2012,0.0,4.718859,9.286678,1.630025,30,242,81,2,0.30276321,0.00593162,-0.00694385,0E-8,0.000000,0.904604,0.002289,0.01846642,2026-03-22,2026-08-06,115,6001,2406,138,0.833333,1.330819,1.230659,1.009211,,,,,,,,GLOBAL_BASELINE_NO_ENTITY_RANKING,,,NOT_APPLICABLE_GLOBAL_BASELINE,HF9g-P5,,,,X 全窗基线 · 不参与实体赏罚,8399167,840,A168_HF9F_20260827_0900,2026-08-27 09:00:00
2026-03-24,36810153,1934,0,22.0089796637,-22.0089796637,-22.0089796637,0E-7,1,1,0.50665070000000000,0.506650700000,-1.013391052207602,-1.013391052207602,-1.013391052207602,0E-17,ELIGIBLE,R03b_20260811_FULL_v1,L1_ELIGIBILITY,v2026-08-11,2026-03-21..2026-08-06,baccarat_bet02_101_all_pairs_incl_sentinel,round_win = game_pnl > 0 (decisive only),COMPATIBILITY_ONLY_NOT_PRODUCTION,81515.6139,73739.3596,483.5193,11361,11361,-0.00593162,0.00694385,-0.01152257,-0.00593162,-483.5193,81515.6139,OK,0.0000,19.3408,4.0000,96.0000,AG03-UNRESOLVED,ALL5_LEVELS_bet23_to_bet27,19.3408,19.3408,19.3408,24.1760,24.1760,4.000000,4.000000,4.000000,5.000000,5.000000,96.000000,96.000000,96.000000,95.000000,95.000000,5.0,106.3742,97.4416,377.1451,386.0777,PENDING_AG03,FALSE,NOT_FOR_ENFORCEMENT,464.1785,70789.7852,483.5193,464.1785,19.3408,0.00593162,0.00569435,19.3408,464.1785,0.00569435,19.3408,19.3408,19.3408,24.1760,24.1760,464.1785,0.00569435,106.3742,97.4416,377.1451,386.0777,0.00462666,0.00473624,0.00023726,7.1750,6.4906,0.0426,4.2045,0.0806,708.8314,98.7913,8.8300,6.6350,4.0407,4.4018,8.4329,14.3073,20.7715,40.8781,4.2012,0.0,4.718859,9.286678,1.630025,30,242,81,2,0.30276321,0.00593162,-0.00694385,0E-8,0.000000,0.904604,0.002289,0.01846642,2026-03-22,2026-08-06,115,6001,2406,138,0.833333,1.330819,1.230659,1.009211,,,,,,,,GLOBAL_BASELINE_NO_ENTITY_RANKING,,,NOT_APPLICABLE_GLOBAL_BASELINE,HF9g-P5,,,,X 全窗基线 · 不参与实体赏罚,8399168,840,A168_HF9F_20260827_0900,2026-08-27 09:00:00
2026-03-24,36810153,1942,0,94.6386125540,-50.6206532266,-50.6206532266,0E-7,3,3,0.49771390000000000,0.497713900000,-1.4077622098436522,-1.4077622098436524,-1.4077622098436522,0E-17,ELIGIBLE,R03b_20260811_FULL_v1,L1_ELIGIBILITY,v2026-08-11,2026-03-21..2026-08-06,baccarat_bet02_101_all_pairs_incl_sentinel,round_win = game_pnl > 0 (decisive only),COMPATIBILITY_ONLY_NOT_PRODUCTION,81515.6139,73739.3596,483.5193,11361,11361,-0.00593162,0.00694385,-0.01152257,-0.00593162,-483.5193,81515.6139,OK,0.0000,19.3408,4.0000,96.0000,AG03-UNRESOLVED,ALL5_LEVELS_bet23_to_bet27,19.3408,19.3408,19.3408,24.1760,24.1760,4.000000,4.000000,4.000000,5.000000,5.000000,96.000000,96.000000,96.000000,95.000000,95.000000,5.0,106.3742,97.4416,377.1451,386.0777,PENDING_AG03,FALSE,NOT_FOR_ENFORCEMENT,464.1785,70789.7852,483.5193,464.1785,19.3408,0.00593162,0.00569435,19.3408,464.1785,0.00569435,19.3408,19.3408,19.3408,24.1760,24.1760,464.1785,0.00569435,106.3742,97.4416,377.1451,386.0777,0.00462666,0.00473624,0.00023726,7.1750,6.4906,0.0426,4.2045,0.0806,708.8314,98.7913,8.8300,6.6350,4.0407,4.4018,8.4329,14.3073,20.7715,40.8781,4.2012,0.0,4.718859,9.286678,1.630025,30,242,81,2,0.30276321,0.00593162,-0.00694385,0E-8,0.000000,0.904604,0.002289,0.01846642,2026-03-22,2026-08-06,115,6001,2406,138,0.833333,1.330819,1.230659,1.009211,,,,,,,,GLOBAL_BASELINE_NO_ENTITY_RANKING,,,NOT_APPLICABLE_GLOBAL_BASELINE,HF9g-P5,,,,X 全窗基线 · 不参与实体赏罚,8399169,840,A168_HF9F_20260827_0900,2026-08-27 09:00:00
2026-03-24,36810153,1949,0,74.8305308566,-13.2053877982,-13.2053877982,0.5000000,3,3,0.49771390000000000,0.497713900000,0.006466134837551399,0.0064661348375514,0.006466134837551399,0E-17,ELIGIBLE,R03b_20260811_FULL_v1,L1_ELIGIBILITY,v2026-08-11,2026-03-21..2026-08-06,baccarat_bet02_101_all_pairs_incl_sentinel,round_win = game_pnl > 0 (decisive only),COMPATIBILITY_ONLY_NOT_PRODUCTION,81515.6139,73739.3596,483.5193,11361,11361,-0.00593162,0.00694385,-0.01152257,-0.00593162,-483.5193,81515.6139,OK,0.0000,19.3408,4.0000,96.0000,AG03-UNRESOLVED,ALL5_LEVELS_bet23_to_bet27,19.3408,19.3408,19.3408,24.1760,24.1760,4.000000,4.000000,4.000000,5.000000,5.000000,96.000000,96.000000,96.000000,95.000000,95.000000,5.0,106.3742,97.4416,377.1451,386.0777,PENDING_AG03,FALSE,NOT_FOR_ENFORCEMENT,464.1785,70789.7852,483.5193,464.1785,19.3408,0.00593162,0.00569435,19.3408,464.1785,0.00569435,19.3408,19.3408,19.3408,24.1760,24.1760,464.1785,0.00569435,106.3742,97.4416,377.1451,386.0777,0.00462666,0.00473624,0.00023726,7.1750,6.4906,0.0426,4.2045,0.0806,708.8314,98.7913,8.8300,6.6350,4.0407,4.4018,8.4329,14.3073,20.7715,40.8781,4.2012,0.0,4.718859,9.286678,1.630025,30,242,81,2,0.30276321,0.00593162,-0.00694385,0E-8,0.000000,0.904604,0.002289,0.01846642,2026-03-22,2026-08-06,115,6001,2406,138,0.833333,1.330819,1.230659,1.009211,,,,,,,,GLOBAL_BASELINE_NO_ENTITY_RANKING,,,NOT_APPLICABLE_GLOBAL_BASELINE,HF9g-P5,,,,X 全窗基线 · 不参与实体赏罚,8399170,840,A168_HF9F_20260827_0900,2026-08-27 09:00:00
2026-03-24,36810153,1951,0,57.8836165156,-57.8836165156,-57.8836165156,0E-7,4,4,0.50329940000000000,0.503299400000,-2.013241432932159,-2.013241432932159,-2.013241432932159,0E-17,ELIGIBLE,R03b_20260811_FULL_v1,L1_ELIGIBILITY,v2026-08-11,2026-03-21..2026-08-06,baccarat_bet02_101_all_pairs_incl_sentinel,round_win = game_pnl > 0 (decisive only),COMPATIBILITY_ONLY_NOT_PRODUCTION,81515.6139,73739.3596,483.5193,11361,11361,-0.00593162,0.00694385,-0.01152257,-0.00593162,-483.5193,81515.6139,OK,0.0000,19.3408,4.0000,96.0000,AG03-UNRESOLVED,ALL5_LEVELS_bet23_to_bet27,19.3408,19.3408,19.3408,24.1760,24.1760,4.000000,4.000000,4.000000,5.000000,5.000000,96.000000,96.000000,96.000000,95.000000,95.000000,5.0,106.3742,97.4416,377.1451,386.0777,PENDING_AG03,FALSE,NOT_FOR_ENFORCEMENT,464.1785,70789.7852,483.5193,464.1785,19.3408,0.00593162,0.00569435,19.3408,464.1785,0.00569435,19.3408,19.3408,19.3408,24.1760,24.1760,464.1785,0.00569435,106.3742,97.4416,377.1451,386.0777,0.00462666,0.00473624,0.00023726,7.1750,6.4906,0.0426,4.2045,0.0806,708.8314,98.7913,8.8300,6.6350,4.0407,4.4018,8.4329,14.3073,20.7715,40.8781,4.2012,0.0,4.718859,9.286678,1.630025,30,242,81,2,0.30276321,0.00593162,-0.00694385,0E-8,0.000000,0.904604,0.002289,0.01846642,2026-03-22,2026-08-06,115,6001,2406,138,0.833333,1.330819,1.230659,1.009211,,,,,,,,GLOBAL_BASELINE_NO_ENTITY_RANKING,,,NOT_APPLICABLE_GLOBAL_BASELINE,HF9g-P5,,,,X 全窗基线 · 不参与实体赏罚,8399171,840,A168_HF9F_20260827_0900,2026-08-27 09:00:00
2026-03-24,36810153,1965,0,34.1139184787,9.9040408487,9.9040408487,0.5000000,2,2,0.49324550000000000,0.493245500000,0.01910635448239258,0.01910635448239258,0.01910635448239258,0E-17,ELIGIBLE,R03b_20260811_FULL_v1,L1_ELIGIBILITY,v2026-08-11,2026-03-21..2026-08-06,baccarat_bet02_101_all_pairs_incl_sentinel,round_win = game_pnl > 0 (decisive only),COMPATIBILITY_ONLY_NOT_PRODUCTION,81515.6139,73739.3596,483.5193,11361,11361,-0.00593162,0.00694385,-0.01152257,-0.00593162,-483.5193,81515.6139,OK,0.0000,19.3408,4.0000,96.0000,AG03-UNRESOLVED,ALL5_LEVELS_bet23_to_bet27,19.3408,19.3408,19.3408,24.1760,24.1760,4.000000,4.000000,4.000000,5.000000,5.000000,96.000000,96.000000,96.000000,95.000000,95.000000,5.0,106.3742,97.4416,377.1451,386.0777,PENDING_AG03,FALSE,NOT_FOR_ENFORCEMENT,464.1785,70789.7852,483.5193,464.1785,19.3408,0.00593162,0.00569435,19.3408,464.1785,0.00569435,19.3408,19.3408,19.3408,24.1760,24.1760,464.1785,0.00569435,106.3742,97.4416,377.1451,386.0777,0.00462666,0.00473624,0.00023726,7.1750,6.4906,0.0426,4.2045,0.0806,708.8314,98.7913,8.8300,6.6350,4.0407,4.4018,8.4329,14.3073,20.7715,40.8781,4.2012,0.0,4.718859,9.286678,1.630025,30,242,81,2,0.30276321,0.00593162,-0.00694385,0E-8,0.000000,0.904604,0.002289,0.01846642,2026-03-22,2026-08-06,115,6001,2406,138,0.833333,1.330819,1.230659,1.009211,,,,,,,,GLOBAL_BASELINE_NO_ENTITY_RANKING,,,NOT_APPLICABLE_GLOBAL_BASELINE,HF9g-P5,,,,X 全窗基线 · 不参与实体赏罚,8399172,840,A168_HF9F_20260827_0900,2026-08-27 09:00:00
2026-03-24,36810153,1991,0,86.9354696716,-11.1695571794,-11.1695571794,0.6250000,8,8,0.49994810000000000,0.499948100000,0.7074003757330176,0.7074003757330176,0.7074003757330176,0E-17,ELIGIBLE,R03b_20260811_FULL_v1,L1_ELIGIBILITY,v2026-08-11,2026-03-21..2026-08-06,baccarat_bet02_101_all_pairs_incl_sentinel,round_win = game_pnl > 0 (decisive only),COMPATIBILITY_ONLY_NOT_PRODUCTION,81515.6139,73739.3596,483.5193,11361,11361,-0.00593162,0.00694385,-0.01152257,-0.00593162,-483.5193,81515.6139,OK,0.0000,19.3408,4.0000,96.0000,AG03-UNRESOLVED,ALL5_LEVELS_bet23_to_bet27,19.3408,19.3408,19.3408,24.1760,24.1760,4.000000,4.000000,4.000000,5.000000,5.000000,96.000000,96.000000,96.000000,95.000000,95.000000,5.0,106.3742,97.4416,377.1451,386.0777,PENDING_AG03,FALSE,NOT_FOR_ENFORCEMENT,464.1785,70789.7852,483.5193,464.1785,19.3408,0.00593162,0.00569435,19.3408,464.1785,0.00569435,19.3408,19.3408,19.3408,24.1760,24.1760,464.1785,0.00569435,106.3742,97.4416,377.1451,386.0777,0.00462666,0.00473624,0.00023726,7.1750,6.4906,0.0426,4.2045,0.0806,708.8314,98.7913,8.8300,6.6350,4.0407,4.4018,8.4329,14.3073,20.7715,40.8781,4.2012,0.0,4.718859,9.286678,1.630025,30,242,81,2,0.30276321,0.00593162,-0.00694385,0E-8,0.000000,0.904604,0.002289,0.01846642,2026-03-22,2026-08-06,115,6001,2406,138,0.833333,1.330819,1.230659,1.009211,,,,,,,,GLOBAL_BASELINE_NO_ENTITY_RANKING,,,NOT_APPLICABLE_GLOBAL_BASELINE,HF9g-P5,,,,X 全窗基线 · 不参与实体赏罚,8399173,840,A168_HF9F_20260827_0900,2026-08-27 09:00:00
2026-03-24,36810153,1994,0,96.8395105203,-74.8305308566,-74.8305308566,0E-7,3,3,0.50218230000000000,0.502182300000,-1.4203995680682369,-1.4203995680682369,-1.4203995680682369,0E-17,ELIGIBLE,R03b_20260811_FULL_v1,L1_ELIGIBILITY,v2026-08-11,2026-03-21..2026-08-06,baccarat_bet02_101_all_pairs_incl_sentinel,round_win = game_pnl > 0 (decisive only),COMPATIBILITY_ONLY_NOT_PRODUCTION,81515.6139,73739.3596,483.5193,11361,11361,-0.00593162,0.00694385,-0.01152257,-0.00593162,-483.5193,81515.6139,OK,0.0000,19.3408,4.0000,96.0000,AG03-UNRESOLVED,ALL5_LEVELS_bet23_to_bet27,19.3408,19.3408,19.3408,24.1760,24.1760,4.000000,4.000000,4.000000,5.000000,5.000000,96.000000,96.000000,96.000000,95.000000,95.000000,5.0,106.3742,97.4416,377.1451,386.0777,PENDING_AG03,FALSE,NOT_FOR_ENFORCEMENT,464.1785,70789.7852,483.5193,464.1785,19.3408,0.00593162,0.00569435,19.3408,464.1785,0.00569435,19.3408,19.3408,19.3408,24.1760,24.1760,464.1785,0.00569435,106.3742,97.4416,377.1451,386.0777,0.00462666,0.00473624,0.00023726,7.1750,6.4906,0.0426,4.2045,0.0806,708.8314,98.7913,8.8300,6.6350,4.0407,4.4018,8.4329,14.3073,20.7715,40.8781,4.2012,0.0,4.718859,9.286678,1.630025,30,242,81,2,0.30276321,0.00593162,-0.00694385,0E-8,0.000000,0.904604,0.002289,0.01846642,2026-03-22,2026-08-06,115,6001,2406,138,0.833333,1.330819,1.230659,1.009211,,,,,,,,GLOBAL_BASELINE_NO_ENTITY_RANKING,,,NOT_APPLICABLE_GLOBAL_BASELINE,HF9g-P5,,,,X 全窗基线 · 不参与实体赏罚,8399174,840,A168_HF9F_20260827_0900,2026-08-27 09:00:00
2026-03-24,36810153,2093,0,4.8419755260,-4.8419755260,-4.8419755260,0E-7,1,1,0.49324550000000000,0.493245500000,-0.9865810262130424,-0.9865810262130424,-0.9865810262130424,0E-17,ELIGIBLE,R03b_20260811_FULL_v1,L1_ELIGIBILITY,v2026-08-11,2026-03-21..2026-08-06,baccarat_bet02_101_all_pairs_incl_sentinel,round_win = game_pnl > 0 (decisive only),COMPATIBILITY_ONLY_NOT_PRODUCTION,81515.6139,73739.3596,483.5193,11361,11361,-0.00593162,0.00694385,-0.01152257,-0.00593162,-483.5193,81515.6139,OK,0.0000,19.3408,4.0000,96.0000,AG03-UNRESOLVED,ALL5_LEVELS_bet23_to_bet27,19.3408,19.3408,19.3408,24.1760,24.1760,4.000000,4.000000,4.000000,5.000000,5.000000,96.000000,96.000000,96.000000,95.000000,95.000000,5.0,106.3742,97.4416,377.1451,386.0777,PENDING_AG03,FALSE,NOT_FOR_ENFORCEMENT,464.1785,70789.7852,483.5193,464.1785,19.3408,0.00593162,0.00569435,19.3408,464.1785,0.00569435,19.3408,19.3408,19.3408,24.1760,24.1760,464.1785,0.00569435,106.3742,97.4416,377.1451,386.0777,0.00462666,0.00473624,0.00023726,7.1750,6.4906,0.0426,4.2045,0.0806,708.8314,98.7913,8.8300,6.6350,4.0407,4.4018,8.4329,14.3073,20.7715,40.8781,4.2012,0.0,4.718859,9.286678,1.630025,30,242,81,2,0.30276321,0.00593162,-0.00694385,0E-8,0.000000,0.904604,0.002289,0.01846642,2026-03-22,2026-08-06,115,6001,2406,138,0.833333,1.330819,1.230659,1.009211,,,,,,,,GLOBAL_BASELINE_NO_ENTITY_RANKING,,,NOT_APPLICABLE_GLOBAL_BASELINE,HF9g-P5,,,,X 全窗基线 · 不参与实体赏罚,8399175,840,A168_HF9F_20260827_0900,2026-08-27 09:00:00
2026-03-24,36810153,2101,0,45.3384981072,11.8848490184,11.8848490184,0.5000000,4,4,0.49659680000000000,0.496596800000,0.013613115331600182,0.013613115331600183,0.013613115331600182,0E-17,ELIGIBLE,R03b_20260811_FULL_v1,L1_ELIGIBILITY,v2026-08-11,2026-03-21..2026-08-06,baccarat_bet02_101_all_pairs_incl_sentinel,round_win = game_pnl > 0 (decisive only),COMPATIBILITY_ONLY_NOT_PRODUCTION,81515.6139,73739.3596,483.5193,11361,11361,-0.00593162,0.00694385,-0.01152257,-0.00593162,-483.5193,81515.6139,OK,0.0000,19.3408,4.0000,96.0000,AG03-UNRESOLVED,ALL5_LEVELS_bet23_to_bet27,19.3408,19.3408,19.3408,24.1760,24.1760,4.000000,4.000000,4.000000,5.000000,5.000000,96.000000,96.000000,96.000000,95.000000,95.000000,5.0,106.3742,97.4416,377.1451,386.0777,PENDING_AG03,FALSE,NOT_FOR_ENFORCEMENT,464.1785,70789.7852,483.5193,464.1785,19.3408,0.00593162,0.00569435,19.3408,464.1785,0.00569435,19.3408,19.3408,19.3408,24.1760,24.1760,464.1785,0.00569435,106.3742,97.4416,377.1451,386.0777,0.00462666,0.00473624,0.00023726,7.1750,6.4906,0.0426,4.2045,0.0806,708.8314,98.7913,8.8300,6.6350,4.0407,4.4018,8.4329,14.3073,20.7715,40.8781,4.2012,0.0,4.718859,9.286678,1.630025,30,242,81,2,0.30276321,0.00593162,-0.00694385,0E-8,0.000000,0.904604,0.002289,0.01846642,2026-03-22,2026-08-06,115,6001,2406,138,0.833333,1.330819,1.230659,1.009211,,,,,,,,GLOBAL_BASELINE_NO_ENTITY_RANKING,,,NOT_APPLICABLE_GLOBAL_BASELINE,HF9g-P5,,,,X 全窗基线 · 不参与实体赏罚,8399176,840,A168_HF9F_20260827_0900,2026-08-27 09:00:00
2026-03-24,36810153,2117,0,44.0179593274,-44.0179593274,-44.0179593274,0E-7,1,1,0.49324550000000000,0.493245500000,-0.9865810262130424,-0.9865810262130424,-0.9865810262130424,0E-17,ELIGIBLE,R03b_20260811_FULL_v1,L1_ELIGIBILITY,v2026-08-11,2026-03-21..2026-08-06,baccarat_bet02_101_all_pairs_incl_sentinel,round_win = game_pnl > 0 (decisive only),COMPATIBILITY_ONLY_NOT_PRODUCTION,81515.6139,73739.3596,483.5193,11361,11361,-0.00593162,0.00694385,-0.01152257,-0.00593162,-483.5193,81515.6139,OK,0.0000,19.3408,4.0000,96.0000,AG03-UNRESOLVED,ALL5_LEVELS_bet23_to_bet27,19.3408,19.3408,19.3408,24.1760,24.1760,4.000000,4.000000,4.000000,5.000000,5.000000,96.000000,96.000000,96.000000,95.000000,95.000000,5.0,106.3742,97.4416,377.1451,386.0777,PENDING_AG03,FALSE,NOT_FOR_ENFORCEMENT,464.1785,70789.7852,483.5193,464.1785,19.3408,0.00593162,0.00569435,19.3408,464.1785,0.00569435,19.3408,19.3408,19.3408,24.1760,24.1760,464.1785,0.00569435,106.3742,97.4416,377.1451,386.0777,0.00462666,0.00473624,0.00023726,7.1750,6.4906,0.0426,4.2045,0.0806,708.8314,98.7913,8.8300,6.6350,4.0407,4.4018,8.4329,14.3073,20.7715,40.8781,4.2012,0.0,4.718859,9.286678,1.630025,30,242,81,2,0.30276321,0.00593162,-0.00694385,0E-8,0.000000,0.904604,0.002289,0.01846642,2026-03-22,2026-08-06,115,6001,2406,138,0.833333,1.330819,1.230659,1.009211,,,,,,,,GLOBAL_BASELINE_NO_ENTITY_RANKING,,,NOT_APPLICABLE_GLOBAL_BASELINE,HF9g-P5,,,,X 全窗基线 · 不参与实体赏罚,8399177,840,A168_HF9F_20260827_0900,2026-08-27 09:00:00
2026-03-24,36810153,2130,0,138.6565718815,42.6974205475,42.6974205475,0.6000000,10,10,0.50262914000000000,0.502629140000,0.615835904497673,0.615835904497673,0.615835904497673,0E-17,ELIGIBLE,R03b_20260811_FULL_v1,L1_ELIGIBILITY,v2026-08-11,2026-03-21..2026-08-06,baccarat_bet02_101_all_pairs_incl_sentinel,round_win = game_pnl > 0 (decisive only),COMPATIBILITY_ONLY_NOT_PRODUCTION,81515.6139,73739.3596,483.5193,11361,11361,-0.00593162,0.00694385,-0.01152257,-0.00593162,-483.5193,81515.6139,OK,0.0000,19.3408,4.0000,96.0000,AG03-UNRESOLVED,ALL5_LEVELS_bet23_to_bet27,19.3408,19.3408,19.3408,24.1760,24.1760,4.000000,4.000000,4.000000,5.000000,5.000000,96.000000,96.000000,96.000000,95.000000,95.000000,5.0,106.3742,97.4416,377.1451,386.0777,PENDING_AG03,FALSE,NOT_FOR_ENFORCEMENT,464.1785,70789.7852,483.5193,464.1785,19.3408,0.00593162,0.00569435,19.3408,464.1785,0.00569435,19.3408,19.3408,19.3408,24.1760,24.1760,464.1785,0.00569435,106.3742,97.4416,377.1451,386.0777,0.00462666,0.00473624,0.00023726,7.1750,6.4906,0.0426,4.2045,0.0806,708.8314,98.7913,8.8300,6.6350,4.0407,4.4018,8.4329,14.3073,20.7715,40.8781,4.2012,0.0,4.718859,9.286678,1.630025,30,242,81,2,0.30276321,0.00593162,-0.00694385,0E-8,0.000000,0.904604,0.002289,0.01846642,2026-03-22,2026-08-06,115,6001,2406,138,0.833333,1.330819,1.230659,1.009211,,,,,,,,GLOBAL_BASELINE_NO_ENTITY_RANKING,,,NOT_APPLICABLE_GLOBAL_BASELINE,HF9g-P5,,,,X 全窗基线 · 不参与实体赏罚,8399178,840,A168_HF9F_20260827_0900,2026-08-27 09:00:00
2026-03-24,36810153,2134,0,105.6431023858,56.1228981424,56.1228981424,0.7500000,5,5,0.50128862000000000,0.501288620000,0.9948488239810122,0.9948488239810122,0.9948488239810122,0E-17,ELIGIBLE,R03b_20260811_FULL_v1,L1_ELIGIBILITY,v2026-08-11,2026-03-21..2026-08-06,baccarat_bet02_101_all_pairs_incl_sentinel,round_win = game_pnl > 0 (decisive only),COMPATIBILITY_ONLY_NOT_PRODUCTION,81515.6139,73739.3596,483.5193,11361,11361,-0.00593162,0.00694385,-0.01152257,-0.00593162,-483.5193,81515.6139,OK,0.0000,19.3408,4.0000,96.0000,AG03-UNRESOLVED,ALL5_LEVELS_bet23_to_bet27,19.3408,19.3408,19.3408,24.1760,24.1760,4.000000,4.000000,4.000000,5.000000,5.000000,96.000000,96.000000,96.000000,95.000000,95.000000,5.0,106.3742,97.4416,377.1451,386.0777,PENDING_AG03,FALSE,NOT_FOR_ENFORCEMENT,464.1785,70789.7852,483.5193,464.1785,19.3408,0.00593162,0.00569435,19.3408,464.1785,0.00569435,19.3408,19.3408,19.3408,24.1760,24.1760,464.1785,0.00569435,106.3742,97.4416,377.1451,386.0777,0.00462666,0.00473624,0.00023726,7.1750,6.4906,0.0426,4.2045,0.0806,708.8314,98.7913,8.8300,6.6350,4.0407,4.4018,8.4329,14.3073,20.7715,40.8781,4.2012,0.0,4.718859,9.286678,1.630025,30,242,81,2,0.30276321,0.00593162,-0.00694385,0E-8,0.000000,0.904604,0.002289,0.01846642,2026-03-22,2026-08-06,115,6001,2406,138,0.833333,1.330819,1.230659,1.009211,,,,,,,,GLOBAL_BASELINE_NO_ENTITY_RANKING,,,NOT_APPLICABLE_GLOBAL_BASELINE,HF9g-P5,,,,X 全窗基线 · 不参与实体赏罚,8399179,840,A168_HF9F_20260827_0900,2026-08-27 09:00:00
2026-03-24,36810153,2141,0,162.2061801216,106.6775244300,106.6775244300,0.7500000,13,13,0.50561953076923077,0.505619530769,1.6932245008181197,1.6932245008197098,1.6932245008181197,2.3077E-13,ELIGIBLE,R03b_20260811_FULL_v1,L1_ELIGIBILITY,v2026-08-11,2026-03-21..2026-08-06,baccarat_bet02_101_all_pairs_incl_sentinel,round_win = game_pnl > 0 (decisive only),COMPATIBILITY_ONLY_NOT_PRODUCTION,81515.6139,73739.3596,483.5193,11361,11361,-0.00593162,0.00694385,-0.01152257,-0.00593162,-483.5193,81515.6139,OK,0.0000,19.3408,4.0000,96.0000,AG03-UNRESOLVED,ALL5_LEVELS_bet23_to_bet27,19.3408,19.3408,19.3408,24.1760,24.1760,4.000000,4.000000,4.000000,5.000000,5.000000,96.000000,96.000000,96.000000,95.000000,95.000000,5.0,106.3742,97.4416,377.1451,386.0777,PENDING_AG03,FALSE,NOT_FOR_ENFORCEMENT,464.1785,70789.7852,483.5193,464.1785,19.3408,0.00593162,0.00569435,19.3408,464.1785,0.00569435,19.3408,19.3408,19.3408,24.1760,24.1760,464.1785,0.00569435,106.3742,97.4416,377.1451,386.0777,0.00462666,0.00473624,0.00023726,7.1750,6.4906,0.0426,4.2045,0.0806,708.8314,98.7913,8.8300,6.6350,4.0407,4.4018,8.4329,14.3073,20.7715,40.8781,4.2012,0.0,4.718859,9.286678,1.630025,30,242,81,2,0.30276321,0.00593162,-0.00694385,0E-8,0.000000,0.904604,0.002289,0.01846642,2026-03-22,2026-08-06,115,6001,2406,138,0.833333,1.330819,1.230659,1.009211,,,,,,,,GLOBAL_BASELINE_NO_ENTITY_RANKING,,,NOT_APPLICABLE_GLOBAL_BASELINE,HF9g-P5,,,,X 全窗基线 · 不参与实体赏罚,8399180,840,A168_HF9F_20260827_0900,2026-08-27 09:00:00
2026-03-24,36810153,2145,0,46.2188572938,5.9424245091,5.9424245091,0.5000000,4,4,0.49659680000000000,0.496596800000,0.013613115331600182,0.013613115331600183,0.013613115331600182,0E-17,ELIGIBLE,R03b_20260811_FULL_v1,L1_ELIGIBILITY,v2026-08-11,2026-03-21..2026-08-06,baccarat_bet02_101_all_pairs_incl_sentinel,round_win = game_pnl > 0 (decisive only),COMPATIBILITY_ONLY_NOT_PRODUCTION,81515.6139,73739.3596,483.5193,11361,11361,-0.00593162,0.00694385,-0.01152257,-0.00593162,-483.5193,81515.6139,OK,0.0000,19.3408,4.0000,96.0000,AG03-UNRESOLVED,ALL5_LEVELS_bet23_to_bet27,19.3408,19.3408,19.3408,24.1760,24.1760,4.000000,4.000000,4.000000,5.000000,5.000000,96.000000,96.000000,96.000000,95.000000,95.000000,5.0,106.3742,97.4416,377.1451,386.0777,PENDING_AG03,FALSE,NOT_FOR_ENFORCEMENT,464.1785,70789.7852,483.5193,464.1785,19.3408,0.00593162,0.00569435,19.3408,464.1785,0.00569435,19.3408,19.3408,19.3408,24.1760,24.1760,464.1785,0.00569435,106.3742,97.4416,377.1451,386.0777,0.00462666,0.00473624,0.00023726,7.1750,6.4906,0.0426,4.2045,0.0806,708.8314,98.7913,8.8300,6.6350,4.0407,4.4018,8.4329,14.3073,20.7715,40.8781,4.2012,0.0,4.718859,9.286678,1.630025,30,242,81,2,0.30276321,0.00593162,-0.00694385,0E-8,0.000000,0.904604,0.002289,0.01846642,2026-03-22,2026-08-06,115,6001,2406,138,0.833333,1.330819,1.230659,1.009211,,,,,,,,GLOBAL_BASELINE_NO_ENTITY_RANKING,,,NOT_APPLICABLE_GLOBAL_BASELINE,HF9g-P5,,,,X 全窗基线 · 不参与实体赏罚,8399181,840,A168_HF9F_20260827_0900,2026-08-27 09:00:00
2026-03-24,36810153,2147,0,13.2053877982,-13.2053877982,-13.2053877982,0E-7,1,1,0.49324550000000000,0.493245500000,-0.9865810262130424,-0.9865810262130424,-0.9865810262130424,0E-17,ELIGIBLE,R03b_20260811_FULL_v1,L1_ELIGIBILITY,v2026-08-11,2026-03-21..2026-08-06,baccarat_bet02_101_all_pairs_incl_sentinel,round_win = game_pnl > 0 (decisive only),COMPATIBILITY_ONLY_NOT_PRODUCTION,81515.6139,73739.3596,483.5193,11361,11361,-0.00593162,0.00694385,-0.01152257,-0.00593162,-483.5193,81515.6139,OK,0.0000,19.3408,4.0000,96.0000,AG03-UNRESOLVED,ALL5_LEVELS_bet23_to_bet27,19.3408,19.3408,19.3408,24.1760,24.1760,4.000000,4.000000,4.000000,5.000000,5.000000,96.000000,96.000000,96.000000,95.000000,95.000000,5.0,106.3742,97.4416,377.1451,386.0777,PENDING_AG03,FALSE,NOT_FOR_ENFORCEMENT,464.1785,70789.7852,483.5193,464.1785,19.3408,0.00593162,0.00569435,19.3408,464.1785,0.00569435,19.3408,19.3408,19.3408,24.1760,24.1760,464.1785,0.00569435,106.3742,97.4416,377.1451,386.0777,0.00462666,0.00473624,0.00023726,7.1750,6.4906,0.0426,4.2045,0.0806,708.8314,98.7913,8.8300,6.6350,4.0407,4.4018,8.4329,14.3073,20.7715,40.8781,4.2012,0.0,4.718859,9.286678,1.630025,30,242,81,2,0.30276321,0.00593162,-0.00694385,0E-8,0.000000,0.904604,0.002289,0.01846642,2026-03-22,2026-08-06,115,6001,2406,138,0.833333,1.330819,1.230659,1.009211,,,,,,,,GLOBAL_BASELINE_NO_ENTITY_RANKING,,,NOT_APPLICABLE_GLOBAL_BASELINE,HF9g-P5,,,,X 全窗基线 · 不参与实体赏罚,8399182,840,A168_HF9F_20260827_0900,2026-08-27 09:00:00
2026-03-24,36810153,2151,0,150.3213311032,2.2008979663,2.2008979663,0.5000000,7,7,0.50090561428571429,0.500905614286,-0.00443659308478647,-0.004436593086186165,-0.00443659308478647,-2.8571E-13,ELIGIBLE,R03b_20260811_FULL_v1,L1_ELIGIBILITY,v2026-08-11,2026-03-21..2026-08-06,baccarat_bet02_101_all_pairs_incl_sentinel,round_win = game_pnl > 0 (decisive only),COMPATIBILITY_ONLY_NOT_PRODUCTION,81515.6139,73739.3596,483.5193,11361,11361,-0.00593162,0.00694385,-0.01152257,-0.00593162,-483.5193,81515.6139,OK,0.0000,19.3408,4.0000,96.0000,AG03-UNRESOLVED,ALL5_LEVELS_bet23_to_bet27,19.3408,19.3408,19.3408,24.1760,24.1760,4.000000,4.000000,4.000000,5.000000,5.000000,96.000000,96.000000,96.000000,95.000000,95.000000,5.0,106.3742,97.4416,377.1451,386.0777,PENDING_AG03,FALSE,NOT_FOR_ENFORCEMENT,464.1785,70789.7852,483.5193,464.1785,19.3408,0.00593162,0.00569435,19.3408,464.1785,0.00569435,19.3408,19.3408,19.3408,24.1760,24.1760,464.1785,0.00569435,106.3742,97.4416,377.1451,386.0777,0.00462666,0.00473624,0.00023726,7.1750,6.4906,0.0426,4.2045,0.0806,708.8314,98.7913,8.8300,6.6350,4.0407,4.4018,8.4329,14.3073,20.7715,40.8781,4.2012,0.0,4.718859,9.286678,1.630025,30,242,81,2,0.30276321,0.00593162,-0.00694385,0E-8,0.000000,0.904604,0.002289,0.01846642,2026-03-22,2026-08-06,115,6001,2406,138,0.833333,1.330819,1.230659,1.009211,,,,,,,,GLOBAL_BASELINE_NO_ENTITY_RANKING,,,NOT_APPLICABLE_GLOBAL_BASELINE,HF9g-P5,,,,X 全窗基线 · 不参与实体赏罚,8399183,840,A168_HF9F_20260827_0900,2026-08-27 09:00:00
2026-03-24,36810153,2152,0,8.8035918655,-8.8035918655,-8.8035918655,0E-7,1,1,0.49324550000000000,0.493245500000,-0.9865810262130424,-0.9865810262130424,-0.9865810262130424,0E-17,ELIGIBLE,R03b_20260811_FULL_v1,L1_ELIGIBILITY,v2026-08-11,2026-03-21..2026-08-06,baccarat_bet02_101_all_pairs_incl_sentinel,round_win = game_pnl > 0 (decisive only),COMPATIBILITY_ONLY_NOT_PRODUCTION,81515.6139,73739.3596,483.5193,11361,11361,-0.00593162,0.00694385,-0.01152257,-0.00593162,-483.5193,81515.6139,OK,0.0000,19.3408,4.0000,96.0000,AG03-UNRESOLVED,ALL5_LEVELS_bet23_to_bet27,19.3408,19.3408,19.3408,24.1760,24.1760,4.000000,4.000000,4.000000,5.000000,5.000000,96.000000,96.000000,96.000000,95.000000,95.000000,5.0,106.3742,97.4416,377.1451,386.0777,PENDING_AG03,FALSE,NOT_FOR_ENFORCEMENT,464.1785,70789.7852,483.5193,464.1785,19.3408,0.00593162,0.00569435,19.3408,464.1785,0.00569435,19.3408,19.3408,19.3408,24.1760,24.1760,464.1785,0.00569435,106.3742,97.4416,377.1451,386.0777,0.00462666,0.00473624,0.00023726,7.1750,6.4906,0.0426,4.2045,0.0806,708.8314,98.7913,8.8300,6.6350,4.0407,4.4018,8.4329,14.3073,20.7715,40.8781,4.2012,0.0,4.718859,9.286678,1.630025,30,242,81,2,0.30276321,0.00593162,-0.00694385,0E-8,0.000000,0.904604,0.002289,0.01846642,2026-03-22,2026-08-06,115,6001,2406,138,0.833333,1.330819,1.230659,1.009211,,,,,,,,GLOBAL_BASELINE_NO_ENTITY_RANKING,,,NOT_APPLICABLE_GLOBAL_BASELINE,HF9g-P5,,,,X 全窗基线 · 不参与实体赏罚,8399184,840,A168_HF9F_20260827_0900,2026-08-27 09:00:00
2026-03-24,36810153,2155,0,21.3487102738,0.1100448984,0.1100448984,0.5000000,2,2,0.50665070000000000,0.506650700000,-0.018812684590367487,-0.018812684590367487,-0.018812684590367487,0E-17,ELIGIBLE,R03b_20260811_FULL_v1,L1_ELIGIBILITY,v2026-08-11,2026-03-21..2026-08-06,baccarat_bet02_101_all_pairs_incl_sentinel,round_win = game_pnl > 0 (decisive only),COMPATIBILITY_ONLY_NOT_PRODUCTION,81515.6139,73739.3596,483.5193,11361,11361,-0.00593162,0.00694385,-0.01152257,-0.00593162,-483.5193,81515.6139,OK,0.0000,19.3408,4.0000,96.0000,AG03-UNRESOLVED,ALL5_LEVELS_bet23_to_bet27,19.3408,19.3408,19.3408,24.1760,24.1760,4.000000,4.000000,4.000000,5.000000,5.000000,96.000000,96.000000,96.000000,95.000000,95.000000,5.0,106.3742,97.4416,377.1451,386.0777,PENDING_AG03,FALSE,NOT_FOR_ENFORCEMENT,464.1785,70789.7852,483.5193,464.1785,19.3408,0.00593162,0.00569435,19.3408,464.1785,0.00569435,19.3408,19.3408,19.3408,24.1760,24.1760,464.1785,0.00569435,106.3742,97.4416,377.1451,386.0777,0.00462666,0.00473624,0.00023726,7.1750,6.4906,0.0426,4.2045,0.0806,708.8314,98.7913,8.8300,6.6350,4.0407,4.4018,8.4329,14.3073,20.7715,40.8781,4.2012,0.0,4.718859,9.286678,1.630025,30,242,81,2,0.30276321,0.00593162,-0.00694385,0E-8,0.000000,0.904604,0.002289,0.01846642,2026-03-22,2026-08-06,115,6001,2406,138,0.833333,1.330819,1.230659,1.009211,,,,,,,,GLOBAL_BASELINE_NO_ENTITY_RANKING,,,NOT_APPLICABLE_GLOBAL_BASELINE,HF9g-P5,,,,X 全窗基线 · 不参与实体赏罚,8399185,840,A168_HF9F_20260827_0900,2026-08-27 09:00:00
2026-03-24,36810153,2160,0,143.4985474074,20.7984857822,20.7984857822,0.4285714,7,7,0.50090561428571429,0.500905614286,-0.38275716120403624,-0.38275716120554854,-0.38275716120403624,-2.8571E-13,ELIGIBLE,R03b_20260811_FULL_v1,L1_ELIGIBILITY,v2026-08-11,2026-03-21..2026-08-06,baccarat_bet02_101_all_pairs_incl_sentinel,round_win = game_pnl > 0 (decisive only),COMPATIBILITY_ONLY_NOT_PRODUCTION,81515.6139,73739.3596,483.5193,11361,11361,-0.00593162,0.00694385,-0.01152257,-0.00593162,-483.5193,81515.6139,OK,0.0000,19.3408,4.0000,96.0000,AG03-UNRESOLVED,ALL5_LEVELS_bet23_to_bet27,19.3408,19.3408,19.3408,24.1760,24.1760,4.000000,4.000000,4.000000,5.000000,5.000000,96.000000,96.000000,96.000000,95.000000,95.000000,5.0,106.3742,97.4416,377.1451,386.0777,PENDING_AG03,FALSE,NOT_FOR_ENFORCEMENT,464.1785,70789.7852,483.5193,464.1785,19.3408,0.00593162,0.00569435,19.3408,464.1785,0.00569435,19.3408,19.3408,19.3408,24.1760,24.1760,464.1785,0.00569435,106.3742,97.4416,377.1451,386.0777,0.00462666,0.00473624,0.00023726,7.1750,6.4906,0.0426,4.2045,0.0806,708.8314,98.7913,8.8300,6.6350,4.0407,4.4018,8.4329,14.3073,20.7715,40.8781,4.2012,0.0,4.718859,9.286678,1.630025,30,242,81,2,0.30276321,0.00593162,-0.00694385,0E-8,0.000000,0.904604,0.002289,0.01846642,2026-03-22,2026-08-06,115,6001,2406,138,0.833333,1.330819,1.230659,1.009211,,,,,,,,GLOBAL_BASELINE_NO_ENTITY_RANKING,,,NOT_APPLICABLE_GLOBAL_BASELINE,HF9g-P5,,,,X 全窗基线 · 不参与实体赏罚,8399186,840,A168_HF9F_20260827_0900,2026-08-27 09:00:00
2026-03-24,36810153,2162,0,22.0089796637,20.9085306805,20.9085306805,1.0000000,1,1,0.50665070000000000,0.506650700000,0.9867858985152569,0.9867858985152569,0.9867858985152569,0E-17,ELIGIBLE,R03b_20260811_FULL_v1,L1_ELIGIBILITY,v2026-08-11,2026-03-21..2026-08-06,baccarat_bet02_101_all_pairs_incl_sentinel,round_win = game_pnl > 0 (decisive only),COMPATIBILITY_ONLY_NOT_PRODUCTION,81515.6139,73739.3596,483.5193,11361,11361,-0.00593162,0.00694385,-0.01152257,-0.00593162,-483.5193,81515.6139,OK,0.0000,19.3408,4.0000,96.0000,AG03-UNRESOLVED,ALL5_LEVELS_bet23_to_bet27,19.3408,19.3408,19.3408,24.1760,24.1760,4.000000,4.000000,4.000000,5.000000,5.000000,96.000000,96.000000,96.000000,95.000000,95.000000,5.0,106.3742,97.4416,377.1451,386.0777,PENDING_AG03,FALSE,NOT_FOR_ENFORCEMENT,464.1785,70789.7852,483.5193,464.1785,19.3408,0.00593162,0.00569435,19.3408,464.1785,0.00569435,19.3408,19.3408,19.3408,24.1760,24.1760,464.1785,0.00569435,106.3742,97.4416,377.1451,386.0777,0.00462666,0.00473624,0.00023726,7.1750,6.4906,0.0426,4.2045,0.0806,708.8314,98.7913,8.8300,6.6350,4.0407,4.4018,8.4329,14.3073,20.7715,40.8781,4.2012,0.0,4.718859,9.286678,1.630025,30,242,81,2,0.30276321,0.00593162,-0.00694385,0E-8,0.000000,0.904604,0.002289,0.01846642,2026-03-22,2026-08-06,115,6001,2406,138,0.833333,1.330819,1.230659,1.009211,,,,,,,,GLOBAL_BASELINE_NO_ENTITY_RANKING,,,NOT_APPLICABLE_GLOBAL_BASELINE,HF9g-P5,,,,X 全窗基线 · 不参与实体赏罚,8399187,840,A168_HF9F_20260827_0900,2026-08-27 09:00:00
2026-03-24,36810153,2174,0,66.0269389911,-1.1004489832,-1.1004489832,0.5000000,3,3,0.50218230000000000,0.502182300000,-0.00617253530718887,-0.00617253530718887,-0.00617253530718887,0E-17,ELIGIBLE,R03b_20260811_FULL_v1,L1_ELIGIBILITY,v2026-08-11,2026-03-21..2026-08-06,baccarat_bet02_101_all_pairs_incl_sentinel,round_win = game_pnl > 0 (decisive only),COMPATIBILITY_ONLY_NOT_PRODUCTION,81515.6139,73739.3596,483.5193,11361,11361,-0.00593162,0.00694385,-0.01152257,-0.00593162,-483.5193,81515.6139,OK,0.0000,19.3408,4.0000,96.0000,AG03-UNRESOLVED,ALL5_LEVELS_bet23_to_bet27,19.3408,19.3408,19.3408,24.1760,24.1760,4.000000,4.000000,4.000000,5.000000,5.000000,96.000000,96.000000,96.000000,95.000000,95.000000,5.0,106.3742,97.4416,377.1451,386.0777,PENDING_AG03,FALSE,NOT_FOR_ENFORCEMENT,464.1785,70789.7852,483.5193,464.1785,19.3408,0.00593162,0.00569435,19.3408,464.1785,0.00569435,19.3408,19.3408,19.3408,24.1760,24.1760,464.1785,0.00569435,106.3742,97.4416,377.1451,386.0777,0.00462666,0.00473624,0.00023726,7.1750,6.4906,0.0426,4.2045,0.0806,708.8314,98.7913,8.8300,6.6350,4.0407,4.4018,8.4329,14.3073,20.7715,40.8781,4.2012,0.0,4.718859,9.286678,1.630025,30,242,81,2,0.30276321,0.00593162,-0.00694385,0E-8,0.000000,0.904604,0.002289,0.01846642,2026-03-22,2026-08-06,115,6001,2406,138,0.833333,1.330819,1.230659,1.009211,,,,,,,,GLOBAL_BASELINE_NO_ENTITY_RANKING,,,NOT_APPLICABLE_GLOBAL_BASELINE,HF9g-P5,,,,X 全窗基线 · 不参与实体赏罚,8399188,840,A168_HF9F_20260827_0900,2026-08-27 09:00:00
2026-03-24,36810153,2177,0,8.8035918655,-8.8035918655,-8.8035918655,0E-7,1,1,0.49324550000000000,0.493245500000,-0.9865810262130424,-0.9865810262130424,-0.9865810262130424,0E-17,ELIGIBLE,R03b_20260811_FULL_v1,L1_ELIGIBILITY,v2026-08-11,2026-03-21..2026-08-06,baccarat_bet02_101_all_pairs_incl_sentinel,round_win = game_pnl > 0 (decisive only),COMPATIBILITY_ONLY_NOT_PRODUCTION,81515.6139,73739.3596,483.5193,11361,11361,-0.00593162,0.00694385,-0.01152257,-0.00593162,-483.5193,81515.6139,OK,0.0000,19.3408,4.0000,96.0000,AG03-UNRESOLVED,ALL5_LEVELS_bet23_to_bet27,19.3408,19.3408,19.3408,24.1760,24.1760,4.000000,4.000000,4.000000,5.000000,5.000000,96.000000,96.000000,96.000000,95.000000,95.000000,5.0,106.3742,97.4416,377.1451,386.0777,PENDING_AG03,FALSE,NOT_FOR_ENFORCEMENT,464.1785,70789.7852,483.5193,464.1785,19.3408,0.00593162,0.00569435,19.3408,464.1785,0.00569435,19.3408,19.3408,19.3408,24.1760,24.1760,464.1785,0.00569435,106.3742,97.4416,377.1451,386.0777,0.00462666,0.00473624,0.00023726,7.1750,6.4906,0.0426,4.2045,0.0806,708.8314,98.7913,8.8300,6.6350,4.0407,4.4018,8.4329,14.3073,20.7715,40.8781,4.2012,0.0,4.718859,9.286678,1.630025,30,242,81,2,0.30276321,0.00593162,-0.00694385,0E-8,0.000000,0.904604,0.002289,0.01846642,2026-03-22,2026-08-06,115,6001,2406,138,0.833333,1.330819,1.230659,1.009211,,,,,,,,GLOBAL_BASELINE_NO_ENTITY_RANKING,,,NOT_APPLICABLE_GLOBAL_BASELINE,HF9g-P5,,,,X 全窗基线 · 不参与实体赏罚,8399189,840,A168_HF9F_20260827_0900,2026-08-27 09:00:00
2026-03-24,36810153,2189,0,11.0044898319,-11.0044898319,-11.0044898319,0E-7,1,1,0.50665070000000000,0.506650700000,-1.013391052207602,-1.013391052207602,-1.013391052207602,0E-17,ELIGIBLE,R03b_20260811_FULL_v1,L1_ELIGIBILITY,v2026-08-11,2026-03-21..2026-08-06,baccarat_bet02_101_all_pairs_incl_sentinel,round_win = game_pnl > 0 (decisive only),COMPATIBILITY_ONLY_NOT_PRODUCTION,81515.6139,73739.3596,483.5193,11361,11361,-0.00593162,0.00694385,-0.01152257,-0.00593162,-483.5193,81515.6139,OK,0.0000,19.3408,4.0000,96.0000,AG03-UNRESOLVED,ALL5_LEVELS_bet23_to_bet27,19.3408,19.3408,19.3408,24.1760,24.1760,4.000000,4.000000,4.000000,5.000000,5.000000,96.000000,96.000000,96.000000,95.000000,95.000000,5.0,106.3742,97.4416,377.1451,386.0777,PENDING_AG03,FALSE,NOT_FOR_ENFORCEMENT,464.1785,70789.7852,483.5193,464.1785,19.3408,0.00593162,0.00569435,19.3408,464.1785,0.00569435,19.3408,19.3408,19.3408,24.1760,24.1760,464.1785,0.00569435,106.3742,97.4416,377.1451,386.0777,0.00462666,0.00473624,0.00023726,7.1750,6.4906,0.0426,4.2045,0.0806,708.8314,98.7913,8.8300,6.6350,4.0407,4.4018,8.4329,14.3073,20.7715,40.8781,4.2012,0.0,4.718859,9.286678,1.630025,30,242,81,2,0.30276321,0.00593162,-0.00694385,0E-8,0.000000,0.904604,0.002289,0.01846642,2026-03-22,2026-08-06,115,6001,2406,138,0.833333,1.330819,1.230659,1.009211,,,,,,,,GLOBAL_BASELINE_NO_ENTITY_RANKING,,,NOT_APPLICABLE_GLOBAL_BASELINE,HF9g-P5,,,,X 全窗基线 · 不参与实体赏罚,8399190,840,A168_HF9F_20260827_0900,2026-08-27 09:00:00
2026-03-24,36810153,2202,0,22.0089796638,-0.5502244916,-0.5502244916,0.5000000,2,2,0.49994810000000000,0.499948100000,0.00014679536856514622,0.00014679536856514622,0.00014679536856514622,0E-17,ELIGIBLE,R03b_20260811_FULL_v1,L1_ELIGIBILITY,v2026-08-11,2026-03-21..2026-08-06,baccarat_bet02_101_all_pairs_incl_sentinel,round_win = game_pnl > 0 (decisive only),COMPATIBILITY_ONLY_NOT_PRODUCTION,81515.6139,73739.3596,483.5193,11361,11361,-0.00593162,0.00694385,-0.01152257,-0.00593162,-483.5193,81515.6139,OK,0.0000,19.3408,4.0000,96.0000,AG03-UNRESOLVED,ALL5_LEVELS_bet23_to_bet27,19.3408,19.3408,19.3408,24.1760,24.1760,4.000000,4.000000,4.000000,5.000000,5.000000,96.000000,96.000000,96.000000,95.000000,95.000000,5.0,106.3742,97.4416,377.1451,386.0777,PENDING_AG03,FALSE,NOT_FOR_ENFORCEMENT,464.1785,70789.7852,483.5193,464.1785,19.3408,0.00593162,0.00569435,19.3408,464.1785,0.00569435,19.3408,19.3408,19.3408,24.1760,24.1760,464.1785,0.00569435,106.3742,97.4416,377.1451,386.0777,0.00462666,0.00473624,0.00023726,7.1750,6.4906,0.0426,4.2045,0.0806,708.8314,98.7913,8.8300,6.6350,4.0407,4.4018,8.4329,14.3073,20.7715,40.8781,4.2012,0.0,4.718859,9.286678,1.630025,30,242,81,2,0.30276321,0.00593162,-0.00694385,0E-8,0.000000,0.904604,0.002289,0.01846642,2026-03-22,2026-08-06,115,6001,2406,138,0.833333,1.330819,1.230659,1.009211,,,,,,,,GLOBAL_BASELINE_NO_ENTITY_RANKING,,,NOT_APPLICABLE_GLOBAL_BASELINE,HF9g-P5,,,,X 全窗基线 · 不参与实体赏罚,8399191,840,A168_HF9F_20260827_0900,2026-08-27 09:00:00
2026-03-24,36810153,2205,0,18.9277225108,16.7268245444,16.7268245444,1.0000000,2,2,0.50665070000000000,0.506650700000,0.9867858985152569,0.9867858985152569,0.9867858985152569,0E-17,ELIGIBLE,R03b_20260811_FULL_v1,L1_ELIGIBILITY,v2026-08-11,2026-03-21..2026-08-06,baccarat_bet02_101_all_pairs_incl_sentinel,round_win = game_pnl > 0 (decisive only),COMPATIBILITY_ONLY_NOT_PRODUCTION,81515.6139,73739.3596,483.5193,11361,11361,-0.00593162,0.00694385,-0.01152257,-0.00593162,-483.5193,81515.6139,OK,0.0000,19.3408,4.0000,96.0000,AG03-UNRESOLVED,ALL5_LEVELS_bet23_to_bet27,19.3408,19.3408,19.3408,24.1760,24.1760,4.000000,4.000000,4.000000,5.000000,5.000000,96.000000,96.000000,96.000000,95.000000,95.000000,5.0,106.3742,97.4416,377.1451,386.0777,PENDING_AG03,FALSE,NOT_FOR_ENFORCEMENT,464.1785,70789.7852,483.5193,464.1785,19.3408,0.00593162,0.00569435,19.3408,464.1785,0.00569435,19.3408,19.3408,19.3408,24.1760,24.1760,464.1785,0.00569435,106.3742,97.4416,377.1451,386.0777,0.00462666,0.00473624,0.00023726,7.1750,6.4906,0.0426,4.2045,0.0806,708.8314,98.7913,8.8300,6.6350,4.0407,4.4018,8.4329,14.3073,20.7715,40.8781,4.2012,0.0,4.718859,9.286678,1.630025,30,242,81,2,0.30276321,0.00593162,-0.00694385,0E-8,0.000000,0.904604,0.002289,0.01846642,2026-03-22,2026-08-06,115,6001,2406,138,0.833333,1.330819,1.230659,1.009211,,,,,,,,GLOBAL_BASELINE_NO_ENTITY_RANKING,,,NOT_APPLICABLE_GLOBAL_BASELINE,HF9g-P5,,,,X 全窗基线 · 不参与实体赏罚,8399192,840,A168_HF9F_20260827_0900,2026-08-27 09:00:00
2026-03-24,36810153,2209,0,121.0493881503,-39.1759838014,-39.1759838014,0.4444444,9,9,0.50367176666666667,0.503671766667,-0.35537351566192493,-0.3553735156639268,-0.35537351566192493,-3.3333E-13,ELIGIBLE,R03b_20260811_FULL_v1,L1_ELIGIBILITY,v2026-08-11,2026-03-21..2026-08-06,baccarat_bet02_101_all_pairs_incl_sentinel,round_win = game_pnl > 0 (decisive only),COMPATIBILITY_ONLY_NOT_PRODUCTION,81515.6139,73739.3596,483.5193,11361,11361,-0.00593162,0.00694385,-0.01152257,-0.00593162,-483.5193,81515.6139,OK,0.0000,19.3408,4.0000,96.0000,AG03-UNRESOLVED,ALL5_LEVELS_bet23_to_bet27,19.3408,19.3408,19.3408,24.1760,24.1760,4.000000,4.000000,4.000000,5.000000,5.000000,96.000000,96.000000,96.000000,95.000000,95.000000,5.0,106.3742,97.4416,377.1451,386.0777,PENDING_AG03,FALSE,NOT_FOR_ENFORCEMENT,464.1785,70789.7852,483.5193,464.1785,19.3408,0.00593162,0.00569435,19.3408,464.1785,0.00569435,19.3408,19.3408,19.3408,24.1760,24.1760,464.1785,0.00569435,106.3742,97.4416,377.1451,386.0777,0.00462666,0.00473624,0.00023726,7.1750,6.4906,0.0426,4.2045,0.0806,708.8314,98.7913,8.8300,6.6350,4.0407,4.4018,8.4329,14.3073,20.7715,40.8781,4.2012,0.0,4.718859,9.286678,1.630025,30,242,81,2,0.30276321,0.00593162,-0.00694385,0E-8,0.000000,0.904604,0.002289,0.01846642,2026-03-22,2026-08-06,115,6001,2406,138,0.833333,1.330819,1.230659,1.009211,,,,,,,,GLOBAL_BASELINE_NO_ENTITY_RANKING,,,NOT_APPLICABLE_GLOBAL_BASELINE,HF9g-P5,,,,X 全窗基线 · 不参与实体赏罚,8399193,840,A168_HF9F_20260827_0900,2026-08-27 09:00:00
2026-03-24,36810153,2212,0,56.5630777358,-56.5630777358,-56.5630777358,0E-7,5,5,0.50396966000000000,0.503969660000,-2.2538918723944565,-2.2538918723944565,-2.2538918723944565,0E-17,ELIGIBLE,R03b_20260811_FULL_v1,L1_ELIGIBILITY,v2026-08-11,2026-03-21..2026-08-06,baccarat_bet02_101_all_pairs_incl_sentinel,round_win = game_pnl > 0 (decisive only),COMPATIBILITY_ONLY_NOT_PRODUCTION,81515.6139,73739.3596,483.5193,11361,11361,-0.00593162,0.00694385,-0.01152257,-0.00593162,-483.5193,81515.6139,OK,0.0000,19.3408,4.0000,96.0000,AG03-UNRESOLVED,ALL5_LEVELS_bet23_to_bet27,19.3408,19.3408,19.3408,24.1760,24.1760,4.000000,4.000000,4.000000,5.000000,5.000000,96.000000,96.000000,96.000000,95.000000,95.000000,5.0,106.3742,97.4416,377.1451,386.0777,PENDING_AG03,FALSE,NOT_FOR_ENFORCEMENT,464.1785,70789.7852,483.5193,464.1785,19.3408,0.00593162,0.00569435,19.3408,464.1785,0.00569435,19.3408,19.3408,19.3408,24.1760,24.1760,464.1785,0.00569435,106.3742,97.4416,377.1451,386.0777,0.00462666,0.00473624,0.00023726,7.1750,6.4906,0.0426,4.2045,0.0806,708.8314,98.7913,8.8300,6.6350,4.0407,4.4018,8.4329,14.3073,20.7715,40.8781,4.2012,0.0,4.718859,9.286678,1.630025,30,242,81,2,0.30276321,0.00593162,-0.00694385,0E-8,0.000000,0.904604,0.002289,0.01846642,2026-03-22,2026-08-06,115,6001,2406,138,0.833333,1.330819,1.230659,1.009211,,,,,,,,GLOBAL_BASELINE_NO_ENTITY_RANKING,,,NOT_APPLICABLE_GLOBAL_BASELINE,HF9g-P5,,,,X 全窗基线 · 不参与实体赏罚,8399194,840,A168_HF9F_20260827_0900,2026-08-27 09:00:00
2026-03-24,36810153,2218,0,43.5777797341,25.5524253896,25.5524253896,0.6666667,4,4,0.49994810000000000,0.499948100000,0.5775300591747329,0.5775300591747329,0.5775300591747329,0E-17,ELIGIBLE,R03b_20260811_FULL_v1,L1_ELIGIBILITY,v2026-08-11,2026-03-21..2026-08-06,baccarat_bet02_101_all_pairs_incl_sentinel,round_win = game_pnl > 0 (decisive only),COMPATIBILITY_ONLY_NOT_PRODUCTION,81515.6139,73739.3596,483.5193,11361,11361,-0.00593162,0.00694385,-0.01152257,-0.00593162,-483.5193,81515.6139,OK,0.0000,19.3408,4.0000,96.0000,AG03-UNRESOLVED,ALL5_LEVELS_bet23_to_bet27,19.3408,19.3408,19.3408,24.1760,24.1760,4.000000,4.000000,4.000000,5.000000,5.000000,96.000000,96.000000,96.000000,95.000000,95.000000,5.0,106.3742,97.4416,377.1451,386.0777,PENDING_AG03,FALSE,NOT_FOR_ENFORCEMENT,464.1785,70789.7852,483.5193,464.1785,19.3408,0.00593162,0.00569435,19.3408,464.1785,0.00569435,19.3408,19.3408,19.3408,24.1760,24.1760,464.1785,0.00569435,106.3742,97.4416,377.1451,386.0777,0.00462666,0.00473624,0.00023726,7.1750,6.4906,0.0426,4.2045,0.0806,708.8314,98.7913,8.8300,6.6350,4.0407,4.4018,8.4329,14.3073,20.7715,40.8781,4.2012,0.0,4.718859,9.286678,1.630025,30,242,81,2,0.30276321,0.00593162,-0.00694385,0E-8,0.000000,0.904604,0.002289,0.01846642,2026-03-22,2026-08-06,115,6001,2406,138,0.833333,1.330819,1.230659,1.009211,,,,,,,,GLOBAL_BASELINE_NO_ENTITY_RANKING,,,NOT_APPLICABLE_GLOBAL_BASELINE,HF9g-P5,,,,X 全窗基线 · 不参与实体赏罚,8399195,840,A168_HF9F_20260827_0900,2026-08-27 09:00:00
2026-03-24,36810153,2224,0,33.2335592922,-12.9852980016,-12.9852980016,0.5000000,2,2,0.49324550000000000,0.493245500000,0.01910635448239258,0.01910635448239258,0.01910635448239258,0E-17,ELIGIBLE,R03b_20260811_FULL_v1,L1_ELIGIBILITY,v2026-08-11,2026-03-21..2026-08-06,baccarat_bet02_101_all_pairs_incl_sentinel,round_win = game_pnl > 0 (decisive only),COMPATIBILITY_ONLY_NOT_PRODUCTION,81515.6139,73739.3596,483.5193,11361,11361,-0.00593162,0.00694385,-0.01152257,-0.00593162,-483.5193,81515.6139,OK,0.0000,19.3408,4.0000,96.0000,AG03-UNRESOLVED,ALL5_LEVELS_bet23_to_bet27,19.3408,19.3408,19.3408,24.1760,24.1760,4.000000,4.000000,4.000000,5.000000,5.000000,96.000000,96.000000,96.000000,95.000000,95.000000,5.0,106.3742,97.4416,377.1451,386.0777,PENDING_AG03,FALSE,NOT_FOR_ENFORCEMENT,464.1785,70789.7852,483.5193,464.1785,19.3408,0.00593162,0.00569435,19.3408,464.1785,0.00569435,19.3408,19.3408,19.3408,24.1760,24.1760,464.1785,0.00569435,106.3742,97.4416,377.1451,386.0777,0.00462666,0.00473624,0.00023726,7.1750,6.4906,0.0426,4.2045,0.0806,708.8314,98.7913,8.8300,6.6350,4.0407,4.4018,8.4329,14.3073,20.7715,40.8781,4.2012,0.0,4.718859,9.286678,1.630025,30,242,81,2,0.30276321,0.00593162,-0.00694385,0E-8,0.000000,0.904604,0.002289,0.01846642,2026-03-22,2026-08-06,115,6001,2406,138,0.833333,1.330819,1.230659,1.009211,,,,,,,,GLOBAL_BASELINE_NO_ENTITY_RANKING,,,NOT_APPLICABLE_GLOBAL_BASELINE,HF9g-P5,,,,X 全窗基线 · 不参与实体赏罚,8399196,840,A168_HF9F_20260827_0900,2026-08-27 09:00:00
2026-03-24,36810153,2233,0,90.2368166213,59.8754291750,59.8754291750,0.8571429,8,8,0.50665070000000000,0.506650700000,1.8547942576316225,1.8547942576316225,1.8547942576316225,0E-17,ELIGIBLE,R03b_20260811_FULL_v1,L1_ELIGIBILITY,v2026-08-11,2026-03-21..2026-08-06,baccarat_bet02_101_all_pairs_incl_sentinel,round_win = game_pnl > 0 (decisive only),COMPATIBILITY_ONLY_NOT_PRODUCTION,81515.6139,73739.3596,483.5193,11361,11361,-0.00593162,0.00694385,-0.01152257,-0.00593162,-483.5193,81515.6139,OK,0.0000,19.3408,4.0000,96.0000,AG03-UNRESOLVED,ALL5_LEVELS_bet23_to_bet27,19.3408,19.3408,19.3408,24.1760,24.1760,4.000000,4.000000,4.000000,5.000000,5.000000,96.000000,96.000000,96.000000,95.000000,95.000000,5.0,106.3742,97.4416,377.1451,386.0777,PENDING_AG03,FALSE,NOT_FOR_ENFORCEMENT,464.1785,70789.7852,483.5193,464.1785,19.3408,0.00593162,0.00569435,19.3408,464.1785,0.00569435,19.3408,19.3408,19.3408,24.1760,24.1760,464.1785,0.00569435,106.3742,97.4416,377.1451,386.0777,0.00462666,0.00473624,0.00023726,7.1750,6.4906,0.0426,4.2045,0.0806,708.8314,98.7913,8.8300,6.6350,4.0407,4.4018,8.4329,14.3073,20.7715,40.8781,4.2012,0.0,4.718859,9.286678,1.630025,30,242,81,2,0.30276321,0.00593162,-0.00694385,0E-8,0.000000,0.904604,0.002289,0.01846642,2026-03-22,2026-08-06,115,6001,2406,138,0.833333,1.330819,1.230659,1.009211,,,,,,,,GLOBAL_BASELINE_NO_ENTITY_RANKING,,,NOT_APPLICABLE_GLOBAL_BASELINE,HF9g-P5,,,,X 全窗基线 · 不参与实体赏罚,8399197,840,A168_HF9F_20260827_0900,2026-08-27 09:00:00
2026-03-24,36810153,2239,0,4.4017959327,-4.4017959327,-4.4017959327,0E-7,1,1,0.49324550000000000,0.493245500000,-0.9865810262130424,-0.9865810262130424,-0.9865810262130424,0E-17,ELIGIBLE,R03b_20260811_FULL_v1,L1_ELIGIBILITY,v2026-08-11,2026-03-21..2026-08-06,baccarat_bet02_101_all_pairs_incl_sentinel,round_win = game_pnl > 0 (decisive only),COMPATIBILITY_ONLY_NOT_PRODUCTION,81515.6139,73739.3596,483.5193,11361,11361,-0.00593162,0.00694385,-0.01152257,-0.00593162,-483.5193,81515.6139,OK,0.0000,19.3408,4.0000,96.0000,AG03-UNRESOLVED,ALL5_LEVELS_bet23_to_bet27,19.3408,19.3408,19.3408,24.1760,24.1760,4.000000,4.000000,4.000000,5.000000,5.000000,96.000000,96.000000,96.000000,95.000000,95.000000,5.0,106.3742,97.4416,377.1451,386.0777,PENDING_AG03,FALSE,NOT_FOR_ENFORCEMENT,464.1785,70789.7852,483.5193,464.1785,19.3408,0.00593162,0.00569435,19.3408,464.1785,0.00569435,19.3408,19.3408,19.3408,24.1760,24.1760,464.1785,0.00569435,106.3742,97.4416,377.1451,386.0777,0.00462666,0.00473624,0.00023726,7.1750,6.4906,0.0426,4.2045,0.0806,708.8314,98.7913,8.8300,6.6350,4.0407,4.4018,8.4329,14.3073,20.7715,40.8781,4.2012,0.0,4.718859,9.286678,1.630025,30,242,81,2,0.30276321,0.00593162,-0.00694385,0E-8,0.000000,0.904604,0.002289,0.01846642,2026-03-22,2026-08-06,115,6001,2406,138,0.833333,1.330819,1.230659,1.009211,,,,,,,,GLOBAL_BASELINE_NO_ENTITY_RANKING,,,NOT_APPLICABLE_GLOBAL_BASELINE,HF9g-P5,,,,X 全窗基线 · 不参与实体赏罚,8399198,840,A168_HF9F_20260827_0900,2026-08-27 09:00:00
2026-03-24,36810153,2242,0,31.9130205123,-8.3083898230,-8.3083898230,0.5000000,2,2,0.50665070000000000,0.506650700000,-0.018812684590367487,-0.018812684590367487,-0.018812684590367487,0E-17,ELIGIBLE,R03b_20260811_FULL_v1,L1_ELIGIBILITY,v2026-08-11,2026-03-21..2026-08-06,baccarat_bet02_101_all_pairs_incl_sentinel,round_win = game_pnl > 0 (decisive only),COMPATIBILITY_ONLY_NOT_PRODUCTION,81515.6139,73739.3596,483.5193,11361,11361,-0.00593162,0.00694385,-0.01152257,-0.00593162,-483.5193,81515.6139,OK,0.0000,19.3408,4.0000,96.0000,AG03-UNRESOLVED,ALL5_LEVELS_bet23_to_bet27,19.3408,19.3408,19.3408,24.1760,24.1760,4.000000,4.000000,4.000000,5.000000,5.000000,96.000000,96.000000,96.000000,95.000000,95.000000,5.0,106.3742,97.4416,377.1451,386.0777,PENDING_AG03,FALSE,NOT_FOR_ENFORCEMENT,464.1785,70789.7852,483.5193,464.1785,19.3408,0.00593162,0.00569435,19.3408,464.1785,0.00569435,19.3408,19.3408,19.3408,24.1760,24.1760,464.1785,0.00569435,106.3742,97.4416,377.1451,386.0777,0.00462666,0.00473624,0.00023726,7.1750,6.4906,0.0426,4.2045,0.0806,708.8314,98.7913,8.8300,6.6350,4.0407,4.4018,8.4329,14.3073,20.7715,40.8781,4.2012,0.0,4.718859,9.286678,1.630025,30,242,81,2,0.30276321,0.00593162,-0.00694385,0E-8,0.000000,0.904604,0.002289,0.01846642,2026-03-22,2026-08-06,115,6001,2406,138,0.833333,1.330819,1.230659,1.009211,,,,,,,,GLOBAL_BASELINE_NO_ENTITY_RANKING,,,NOT_APPLICABLE_GLOBAL_BASELINE,HF9g-P5,,,,X 全窗基线 · 不参与实体赏罚,8399199,840,A168_HF9F_20260827_0900,2026-08-27 09:00:00
2026-03-24,36810153,2244,0,8.8035918655,-8.8035918655,-8.8035918655,0E-7,1,1,0.50665070000000000,0.506650700000,-1.013391052207602,-1.013391052207602,-1.013391052207602,0E-17,ELIGIBLE,R03b_20260811_FULL_v1,L1_ELIGIBILITY,v2026-08-11,2026-03-21..2026-08-06,baccarat_bet02_101_all_pairs_incl_sentinel,round_win = game_pnl > 0 (decisive only),COMPATIBILITY_ONLY_NOT_PRODUCTION,81515.6139,73739.3596,483.5193,11361,11361,-0.00593162,0.00694385,-0.01152257,-0.00593162,-483.5193,81515.6139,OK,0.0000,19.3408,4.0000,96.0000,AG03-UNRESOLVED,ALL5_LEVELS_bet23_to_bet27,19.3408,19.3408,19.3408,24.1760,24.1760,4.000000,4.000000,4.000000,5.000000,5.000000,96.000000,96.000000,96.000000,95.000000,95.000000,5.0,106.3742,97.4416,377.1451,386.0777,PENDING_AG03,FALSE,NOT_FOR_ENFORCEMENT,464.1785,70789.7852,483.5193,464.1785,19.3408,0.00593162,0.00569435,19.3408,464.1785,0.00569435,19.3408,19.3408,19.3408,24.1760,24.1760,464.1785,0.00569435,106.3742,97.4416,377.1451,386.0777,0.00462666,0.00473624,0.00023726,7.1750,6.4906,0.0426,4.2045,0.0806,708.8314,98.7913,8.8300,6.6350,4.0407,4.4018,8.4329,14.3073,20.7715,40.8781,4.2012,0.0,4.718859,9.286678,1.630025,30,242,81,2,0.30276321,0.00593162,-0.00694385,0E-8,0.000000,0.904604,0.002289,0.01846642,2026-03-22,2026-08-06,115,6001,2406,138,0.833333,1.330819,1.230659,1.009211,,,,,,,,GLOBAL_BASELINE_NO_ENTITY_RANKING,,,NOT_APPLICABLE_GLOBAL_BASELINE,HF9g-P5,,,,X 全窗基线 · 不参与实体赏罚,8399200,840,A168_HF9F_20260827_0900,2026-08-27 09:00:00
2026-03-24,36810153,2248,0,8.8035918655,-8.8035918655,-8.8035918655,0E-7,1,1,0.50665070000000000,0.506650700000,-1.013391052207602,-1.013391052207602,-1.013391052207602,0E-17,ELIGIBLE,R03b_20260811_FULL_v1,L1_ELIGIBILITY,v2026-08-11,2026-03-21..2026-08-06,baccarat_bet02_101_all_pairs_incl_sentinel,round_win = game_pnl > 0 (decisive only),COMPATIBILITY_ONLY_NOT_PRODUCTION,81515.6139,73739.3596,483.5193,11361,11361,-0.00593162,0.00694385,-0.01152257,-0.00593162,-483.5193,81515.6139,OK,0.0000,19.3408,4.0000,96.0000,AG03-UNRESOLVED,ALL5_LEVELS_bet23_to_bet27,19.3408,19.3408,19.3408,24.1760,24.1760,4.000000,4.000000,4.000000,5.000000,5.000000,96.000000,96.000000,96.000000,95.000000,95.000000,5.0,106.3742,97.4416,377.1451,386.0777,PENDING_AG03,FALSE,NOT_FOR_ENFORCEMENT,464.1785,70789.7852,483.5193,464.1785,19.3408,0.00593162,0.00569435,19.3408,464.1785,0.00569435,19.3408,19.3408,19.3408,24.1760,24.1760,464.1785,0.00569435,106.3742,97.4416,377.1451,386.0777,0.00462666,0.00473624,0.00023726,7.1750,6.4906,0.0426,4.2045,0.0806,708.8314,98.7913,8.8300,6.6350,4.0407,4.4018,8.4329,14.3073,20.7715,40.8781,4.2012,0.0,4.718859,9.286678,1.630025,30,242,81,2,0.30276321,0.00593162,-0.00694385,0E-8,0.000000,0.904604,0.002289,0.01846642,2026-03-22,2026-08-06,115,6001,2406,138,0.833333,1.330819,1.230659,1.009211,,,,,,,,GLOBAL_BASELINE_NO_ENTITY_RANKING,,,NOT_APPLICABLE_GLOBAL_BASELINE,HF9g-P5,,,,X 全窗基线 · 不参与实体赏罚,8399201,840,A168_HF9F_20260827_0900,2026-08-27 09:00:00
2026-03-24,36810153,2251,0,121.0493881503,1.7607183730,1.7607183730,0.5000000,8,8,0.49827245000000000,0.498272450000,0.009772556889889069,0.009772556889889069,0.009772556889889069,0E-17,ELIGIBLE,R03b_20260811_FULL_v1,L1_ELIGIBILITY,v2026-08-11,2026-03-21..2026-08-06,baccarat_bet02_101_all_pairs_incl_sentinel,round_win = game_pnl > 0 (decisive only),COMPATIBILITY_ONLY_NOT_PRODUCTION,81515.6139,73739.3596,483.5193,11361,11361,-0.00593162,0.00694385,-0.01152257,-0.00593162,-483.5193,81515.6139,OK,0.0000,19.3408,4.0000,96.0000,AG03-UNRESOLVED,ALL5_LEVELS_bet23_to_bet27,19.3408,19.3408,19.3408,24.1760,24.1760,4.000000,4.000000,4.000000,5.000000,5.000000,96.000000,96.000000,96.000000,95.000000,95.000000,5.0,106.3742,97.4416,377.1451,386.0777,PENDING_AG03,FALSE,NOT_FOR_ENFORCEMENT,464.1785,70789.7852,483.5193,464.1785,19.3408,0.00593162,0.00569435,19.3408,464.1785,0.00569435,19.3408,19.3408,19.3408,24.1760,24.1760,464.1785,0.00569435,106.3742,97.4416,377.1451,386.0777,0.00462666,0.00473624,0.00023726,7.1750,6.4906,0.0426,4.2045,0.0806,708.8314,98.7913,8.8300,6.6350,4.0407,4.4018,8.4329,14.3073,20.7715,40.8781,4.2012,0.0,4.718859,9.286678,1.630025,30,242,81,2,0.30276321,0.00593162,-0.00694385,0E-8,0.000000,0.904604,0.002289,0.01846642,2026-03-22,2026-08-06,115,6001,2406,138,0.833333,1.330819,1.230659,1.009211,,,,,,,,GLOBAL_BASELINE_NO_ENTITY_RANKING,,,NOT_APPLICABLE_GLOBAL_BASELINE,HF9g-P5,,,,X 全窗基线 · 不参与实体赏罚,8399202,840,A168_HF9F_20260827_0900,2026-08-27 09:00:00
2026-03-24,36810153,2252,0,26.4107755965,-8.8035918655,-8.8035918655,0.3333333,3,3,0.49771390000000000,0.497713900000,-0.5694369385616226,-0.5694369385616226,-0.5694369385616226,0E-17,ELIGIBLE,R03b_20260811_FULL_v1,L1_ELIGIBILITY,v2026-08-11,2026-03-21..2026-08-06,baccarat_bet02_101_all_pairs_incl_sentinel,round_win = game_pnl > 0 (decisive only),COMPATIBILITY_ONLY_NOT_PRODUCTION,81515.6139,73739.3596,483.5193,11361,11361,-0.00593162,0.00694385,-0.01152257,-0.00593162,-483.5193,81515.6139,OK,0.0000,19.3408,4.0000,96.0000,AG03-UNRESOLVED,ALL5_LEVELS_bet23_to_bet27,19.3408,19.3408,19.3408,24.1760,24.1760,4.000000,4.000000,4.000000,5.000000,5.000000,96.000000,96.000000,96.000000,95.000000,95.000000,5.0,106.3742,97.4416,377.1451,386.0777,PENDING_AG03,FALSE,NOT_FOR_ENFORCEMENT,464.1785,70789.7852,483.5193,464.1785,19.3408,0.00593162,0.00569435,19.3408,464.1785,0.00569435,19.3408,19.3408,19.3408,24.1760,24.1760,464.1785,0.00569435,106.3742,97.4416,377.1451,386.0777,0.00462666,0.00473624,0.00023726,7.1750,6.4906,0.0426,4.2045,0.0806,708.8314,98.7913,8.8300,6.6350,4.0407,4.4018,8.4329,14.3073,20.7715,40.8781,4.2012,0.0,4.718859,9.286678,1.630025,30,242,81,2,0.30276321,0.00593162,-0.00694385,0E-8,0.000000,0.904604,0.002289,0.01846642,2026-03-22,2026-08-06,115,6001,2406,138,0.833333,1.330819,1.230659,1.009211,,,,,,,,GLOBAL_BASELINE_NO_ENTITY_RANKING,,,NOT_APPLICABLE_GLOBAL_BASELINE,HF9g-P5,,,,X 全窗基线 · 不参与实体赏罚,8399203,840,A168_HF9F_20260827_0900,2026-08-27 09:00:00
2026-03-24,36810153,2256,0,12.5451184083,-12.5451184083,-12.5451184083,0E-7,1,1,0.49324550000000000,0.493245500000,-0.9865810262130424,-0.9865810262130424,-0.9865810262130424,0E-17,ELIGIBLE,R03b_20260811_FULL_v1,L1_ELIGIBILITY,v2026-08-11,2026-03-21..2026-08-06,baccarat_bet02_101_all_pairs_incl_sentinel,round_win = game_pnl > 0 (decisive only),COMPATIBILITY_ONLY_NOT_PRODUCTION,81515.6139,73739.3596,483.5193,11361,11361,-0.00593162,0.00694385,-0.01152257,-0.00593162,-483.5193,81515.6139,OK,0.0000,19.3408,4.0000,96.0000,AG03-UNRESOLVED,ALL5_LEVELS_bet23_to_bet27,19.3408,19.3408,19.3408,24.1760,24.1760,4.000000,4.000000,4.000000,5.000000,5.000000,96.000000,96.000000,96.000000,95.000000,95.000000,5.0,106.3742,97.4416,377.1451,386.0777,PENDING_AG03,FALSE,NOT_FOR_ENFORCEMENT,464.1785,70789.7852,483.5193,464.1785,19.3408,0.00593162,0.00569435,19.3408,464.1785,0.00569435,19.3408,19.3408,19.3408,24.1760,24.1760,464.1785,0.00569435,106.3742,97.4416,377.1451,386.0777,0.00462666,0.00473624,0.00023726,7.1750,6.4906,0.0426,4.2045,0.0806,708.8314,98.7913,8.8300,6.6350,4.0407,4.4018,8.4329,14.3073,20.7715,40.8781,4.2012,0.0,4.718859,9.286678,1.630025,30,242,81,2,0.30276321,0.00593162,-0.00694385,0E-8,0.000000,0.904604,0.002289,0.01846642,2026-03-22,2026-08-06,115,6001,2406,138,0.833333,1.330819,1.230659,1.009211,,,,,,,,GLOBAL_BASELINE_NO_ENTITY_RANKING,,,NOT_APPLICABLE_GLOBAL_BASELINE,HF9g-P5,,,,X 全窗基线 · 不参与实体赏罚,8399204,840,A168_HF9F_20260827_0900,2026-08-27 09:00:00
2026-03-24,36810153,2258,0,35.2143674619,0E-10,0E-10,,1,1,0.50665070000000000,0.506650700000,,,,0E-17,NO_DECISIVE_ROUND,R03b_20260811_FULL_v1,L1_ELIGIBILITY,v2026-08-11,2026-03-21..2026-08-06,baccarat_bet02_101_all_pairs_incl_sentinel,round_win = game_pnl > 0 (decisive only),COMPATIBILITY_ONLY_NOT_PRODUCTION,81515.6139,73739.3596,483.5193,11361,11361,-0.00593162,0.00694385,-0.01152257,-0.00593162,-483.5193,81515.6139,OK,0.0000,19.3408,4.0000,96.0000,AG03-UNRESOLVED,ALL5_LEVELS_bet23_to_bet27,19.3408,19.3408,19.3408,24.1760,24.1760,4.000000,4.000000,4.000000,5.000000,5.000000,96.000000,96.000000,96.000000,95.000000,95.000000,5.0,106.3742,97.4416,377.1451,386.0777,PENDING_AG03,FALSE,NOT_FOR_ENFORCEMENT,464.1785,70789.7852,483.5193,464.1785,19.3408,0.00593162,0.00569435,19.3408,464.1785,0.00569435,19.3408,19.3408,19.3408,24.1760,24.1760,464.1785,0.00569435,106.3742,97.4416,377.1451,386.0777,0.00462666,0.00473624,0.00023726,7.1750,6.4906,0.0426,4.2045,0.0806,708.8314,98.7913,8.8300,6.6350,4.0407,4.4018,8.4329,14.3073,20.7715,40.8781,4.2012,0.0,4.718859,9.286678,1.630025,30,242,81,2,0.30276321,0.00593162,-0.00694385,0E-8,0.000000,0.904604,0.002289,0.01846642,2026-03-22,2026-08-06,115,6001,2406,138,0.833333,1.330819,1.230659,1.009211,,,,,,,,GLOBAL_BASELINE_NO_ENTITY_RANKING,,,NOT_APPLICABLE_GLOBAL_BASELINE,HF9g-P5,,,,X 全窗基线 · 不参与实体赏罚,8399205,840,A168_HF9F_20260827_0900,2026-08-27 09:00:00
2026-03-24,36810153,526,0,11.2245796285,-6.9328285940,-6.9328285940,0.3333333,3,3,0.50218230000000000,0.502182300000,-0.5849155494134425,-0.5849155494134426,-0.5849155494134425,0E-17,ELIGIBLE,R03b_20260811_FULL_v1,L1_ELIGIBILITY,v2026-08-11,2026-03-21..2026-08-06,baccarat_bet02_101_all_pairs_incl_sentinel,round_win = game_pnl > 0 (decisive only),COMPATIBILITY_ONLY_NOT_PRODUCTION,81515.6139,73739.3596,483.5193,11361,11361,-0.00593162,0.00694385,-0.01152257,-0.00593162,-483.5193,81515.6139,OK,0.0000,19.3408,4.0000,96.0000,AG03-UNRESOLVED,ALL5_LEVELS_bet23_to_bet27,19.3408,19.3408,19.3408,24.1760,24.1760,4.000000,4.000000,4.000000,5.000000,5.000000,96.000000,96.000000,96.000000,95.000000,95.000000,5.0,106.3742,97.4416,377.1451,386.0777,PENDING_AG03,FALSE,NOT_FOR_ENFORCEMENT,464.1785,70789.7852,483.5193,464.1785,19.3408,0.00593162,0.00569435,19.3408,464.1785,0.00569435,19.3408,19.3408,19.3408,24.1760,24.1760,464.1785,0.00569435,106.3742,97.4416,377.1451,386.0777,0.00462666,0.00473624,0.00023726,7.1750,6.4906,0.0426,4.2045,0.0806,708.8314,98.7913,8.8300,6.6350,4.0407,4.4018,8.4329,14.3073,20.7715,40.8781,4.2012,0.0,4.718859,9.286678,1.630025,30,242,81,2,0.30276321,0.00593162,-0.00694385,0E-8,0.000000,0.904604,0.002289,0.01846642,2026-03-22,2026-08-06,115,6001,2406,138,0.833333,1.330819,1.230659,1.009211,,,,,,,,GLOBAL_BASELINE_NO_ENTITY_RANKING,,,NOT_APPLICABLE_GLOBAL_BASELINE,HF9g-P5,,,,X 全窗基线 · 不参与实体赏罚,8399206,840,A168_HF9F_20260827_0900,2026-08-27 09:00:00
2026-03-24,36810153,529,0,74.1702614666,-37.4152654283,-37.4152654283,0E-7,7,7,0.50090561428571429,0.500905614286,-1.7351907936702036,-1.7351907936711954,-1.7351907936702036,-2.8571E-13,ELIGIBLE,R03b_20260811_FULL_v1,L1_ELIGIBILITY,v2026-08-11,2026-03-21..2026-08-06,baccarat_bet02_101_all_pairs_incl_sentinel,round_win = game_pnl > 0 (decisive only),COMPATIBILITY_ONLY_NOT_PRODUCTION,81515.6139,73739.3596,483.5193,11361,11361,-0.00593162,0.00694385,-0.01152257,-0.00593162,-483.5193,81515.6139,OK,0.0000,19.3408,4.0000,96.0000,AG03-UNRESOLVED,ALL5_LEVELS_bet23_to_bet27,19.3408,19.3408,19.3408,24.1760,24.1760,4.000000,4.000000,4.000000,5.000000,5.000000,96.000000,96.000000,96.000000,95.000000,95.000000,5.0,106.3742,97.4416,377.1451,386.0777,PENDING_AG03,FALSE,NOT_FOR_ENFORCEMENT,464.1785,70789.7852,483.5193,464.1785,19.3408,0.00593162,0.00569435,19.3408,464.1785,0.00569435,19.3408,19.3408,19.3408,24.1760,24.1760,464.1785,0.00569435,106.3742,97.4416,377.1451,386.0777,0.00462666,0.00473624,0.00023726,7.1750,6.4906,0.0426,4.2045,0.0806,708.8314,98.7913,8.8300,6.6350,4.0407,4.4018,8.4329,14.3073,20.7715,40.8781,4.2012,0.0,4.718859,9.286678,1.630025,30,242,81,2,0.30276321,0.00593162,-0.00694385,0E-8,0.000000,0.904604,0.002289,0.01846642,2026-03-22,2026-08-06,115,6001,2406,138,0.833333,1.330819,1.230659,1.009211,,,,,,,,GLOBAL_BASELINE_NO_ENTITY_RANKING,,,NOT_APPLICABLE_GLOBAL_BASELINE,HF9g-P5,,,,X 全窗基线 · 不参与实体赏罚,8399207,840,A168_HF9F_20260827_0900,2026-08-27 09:00:00
2026-03-24,36810153,550,0,75.2707104500,40.3204507440,40.3204507440,0.7777778,10,10,0.50665070000000000,0.506650700000,1.6269063950638647,1.6269063950638647,1.6269063950638647,0E-17,ELIGIBLE,R03b_20260811_FULL_v1,L1_ELIGIBILITY,v2026-08-11,2026-03-21..2026-08-06,baccarat_bet02_101_all_pairs_incl_sentinel,round_win = game_pnl > 0 (decisive only),COMPATIBILITY_ONLY_NOT_PRODUCTION,81515.6139,73739.3596,483.5193,11361,11361,-0.00593162,0.00694385,-0.01152257,-0.00593162,-483.5193,81515.6139,OK,0.0000,19.3408,4.0000,96.0000,AG03-UNRESOLVED,ALL5_LEVELS_bet23_to_bet27,19.3408,19.3408,19.3408,24.1760,24.1760,4.000000,4.000000,4.000000,5.000000,5.000000,96.000000,96.000000,96.000000,95.000000,95.000000,5.0,106.3742,97.4416,377.1451,386.0777,PENDING_AG03,FALSE,NOT_FOR_ENFORCEMENT,464.1785,70789.7852,483.5193,464.1785,19.3408,0.00593162,0.00569435,19.3408,464.1785,0.00569435,19.3408,19.3408,19.3408,24.1760,24.1760,464.1785,0.00569435,106.3742,97.4416,377.1451,386.0777,0.00462666,0.00473624,0.00023726,7.1750,6.4906,0.0426,4.2045,0.0806,708.8314,98.7913,8.8300,6.6350,4.0407,4.4018,8.4329,14.3073,20.7715,40.8781,4.2012,0.0,4.718859,9.286678,1.630025,30,242,81,2,0.30276321,0.00593162,-0.00694385,0E-8,0.000000,0.904604,0.002289,0.01846642,2026-03-22,2026-08-06,115,6001,2406,138,0.833333,1.330819,1.230659,1.009211,,,,,,,,GLOBAL_BASELINE_NO_ENTITY_RANKING,,,NOT_APPLICABLE_GLOBAL_BASELINE,HF9g-P5,,,,X 全窗基线 · 不参与实体赏罚,8399208,840,A168_HF9F_20260827_0900,2026-08-27 09:00:00
2026-03-24,36810153,583,0,44.0179593274,41.8170613610,41.8170613610,1.0000000,1,1,0.50665070000000000,0.506650700000,0.9867858985152569,0.9867858985152569,0.9867858985152569,0E-17,ELIGIBLE,R03b_20260811_FULL_v1,L1_ELIGIBILITY,v2026-08-11,2026-03-21..2026-08-06,baccarat_bet02_101_all_pairs_incl_sentinel,round_win = game_pnl > 0 (decisive only),COMPATIBILITY_ONLY_NOT_PRODUCTION,81515.6139,73739.3596,483.5193,11361,11361,-0.00593162,0.00694385,-0.01152257,-0.00593162,-483.5193,81515.6139,OK,0.0000,19.3408,4.0000,96.0000,AG03-UNRESOLVED,ALL5_LEVELS_bet23_to_bet27,19.3408,19.3408,19.3408,24.1760,24.1760,4.000000,4.000000,4.000000,5.000000,5.000000,96.000000,96.000000,96.000000,95.000000,95.000000,5.0,106.3742,97.4416,377.1451,386.0777,PENDING_AG03,FALSE,NOT_FOR_ENFORCEMENT,464.1785,70789.7852,483.5193,464.1785,19.3408,0.00593162,0.00569435,19.3408,464.1785,0.00569435,19.3408,19.3408,19.3408,24.1760,24.1760,464.1785,0.00569435,106.3742,97.4416,377.1451,386.0777,0.00462666,0.00473624,0.00023726,7.1750,6.4906,0.0426,4.2045,0.0806,708.8314,98.7913,8.8300,6.6350,4.0407,4.4018,8.4329,14.3073,20.7715,40.8781,4.2012,0.0,4.718859,9.286678,1.630025,30,242,81,2,0.30276321,0.00593162,-0.00694385,0E-8,0.000000,0.904604,0.002289,0.01846642,2026-03-22,2026-08-06,115,6001,2406,138,0.833333,1.330819,1.230659,1.009211,,,,,,,,GLOBAL_BASELINE_NO_ENTITY_RANKING,,,NOT_APPLICABLE_GLOBAL_BASELINE,HF9g-P5,,,,X 全窗基线 · 不参与实体赏罚,8399209,840,A168_HF9F_20260827_0900,2026-08-27 09:00:00
2026-03-24,36810153,595,0,105.2029227925,-43.5777797341,-43.5777797341,0.3333333,4,4,0.49659680000000000,0.496596800000,-0.5655743394288276,-0.5655743394288276,-0.5655743394288276,0E-17,ELIGIBLE,R03b_20260811_FULL_v1,L1_ELIGIBILITY,v2026-08-11,2026-03-21..2026-08-06,baccarat_bet02_101_all_pairs_incl_sentinel,round_win = game_pnl > 0 (decisive only),COMPATIBILITY_ONLY_NOT_PRODUCTION,81515.6139,73739.3596,483.5193,11361,11361,-0.00593162,0.00694385,-0.01152257,-0.00593162,-483.5193,81515.6139,OK,0.0000,19.3408,4.0000,96.0000,AG03-UNRESOLVED,ALL5_LEVELS_bet23_to_bet27,19.3408,19.3408,19.3408,24.1760,24.1760,4.000000,4.000000,4.000000,5.000000,5.000000,96.000000,96.000000,96.000000,95.000000,95.000000,5.0,106.3742,97.4416,377.1451,386.0777,PENDING_AG03,FALSE,NOT_FOR_ENFORCEMENT,464.1785,70789.7852,483.5193,464.1785,19.3408,0.00593162,0.00569435,19.3408,464.1785,0.00569435,19.3408,19.3408,19.3408,24.1760,24.1760,464.1785,0.00569435,106.3742,97.4416,377.1451,386.0777,0.00462666,0.00473624,0.00023726,7.1750,6.4906,0.0426,4.2045,0.0806,708.8314,98.7913,8.8300,6.6350,4.0407,4.4018,8.4329,14.3073,20.7715,40.8781,4.2012,0.0,4.718859,9.286678,1.630025,30,242,81,2,0.30276321,0.00593162,-0.00694385,0E-8,0.000000,0.904604,0.002289,0.01846642,2026-03-22,2026-08-06,115,6001,2406,138,0.833333,1.330819,1.230659,1.009211,,,,,,,,GLOBAL_BASELINE_NO_ENTITY_RANKING,,,NOT_APPLICABLE_GLOBAL_BASELINE,HF9g-P5,,,,X 全窗基线 · 不参与实体赏罚,8399210,840,A168_HF9F_20260827_0900,2026-08-27 09:00:00
2026-03-24,36810153,763,0,35.2143674620,-13.7556122898,-13.7556122898,0.3333333,3,3,0.50218230000000000,0.502182300000,-0.5849155494134425,-0.5849155494134426,-0.5849155494134425,0E-17,ELIGIBLE,R03b_20260811_FULL_v1,L1_ELIGIBILITY,v2026-08-11,2026-03-21..2026-08-06,baccarat_bet02_101_all_pairs_incl_sentinel,round_win = game_pnl > 0 (decisive only),COMPATIBILITY_ONLY_NOT_PRODUCTION,81515.6139,73739.3596,483.5193,11361,11361,-0.00593162,0.00694385,-0.01152257,-0.00593162,-483.5193,81515.6139,OK,0.0000,19.3408,4.0000,96.0000,AG03-UNRESOLVED,ALL5_LEVELS_bet23_to_bet27,19.3408,19.3408,19.3408,24.1760,24.1760,4.000000,4.000000,4.000000,5.000000,5.000000,96.000000,96.000000,96.000000,95.000000,95.000000,5.0,106.3742,97.4416,377.1451,386.0777,PENDING_AG03,FALSE,NOT_FOR_ENFORCEMENT,464.1785,70789.7852,483.5193,464.1785,19.3408,0.00593162,0.00569435,19.3408,464.1785,0.00569435,19.3408,19.3408,19.3408,24.1760,24.1760,464.1785,0.00569435,106.3742,97.4416,377.1451,386.0777,0.00462666,0.00473624,0.00023726,7.1750,6.4906,0.0426,4.2045,0.0806,708.8314,98.7913,8.8300,6.6350,4.0407,4.4018,8.4329,14.3073,20.7715,40.8781,4.2012,0.0,4.718859,9.286678,1.630025,30,242,81,2,0.30276321,0.00593162,-0.00694385,0E-8,0.000000,0.904604,0.002289,0.01846642,2026-03-22,2026-08-06,115,6001,2406,138,0.833333,1.330819,1.230659,1.009211,,,,,,,,GLOBAL_BASELINE_NO_ENTITY_RANKING,,,NOT_APPLICABLE_GLOBAL_BASELINE,HF9g-P5,,,,X 全窗基线 · 不参与实体赏罚,8399211,840,A168_HF9F_20260827_0900,2026-08-27 09:00:00
2026-03-24,36810153,789,0,37.8554450216,-18.2674531209,-18.2674531209,0.3333333,4,4,0.50329940000000000,0.503299400000,-0.5887925454369916,-0.5887925454369916,-0.5887925454369916,0E-17,ELIGIBLE,R03b_20260811_FULL_v1,L1_ELIGIBILITY,v2026-08-11,2026-03-21..2026-08-06,baccarat_bet02_101_all_pairs_incl_sentinel,round_win = game_pnl > 0 (decisive only),COMPATIBILITY_ONLY_NOT_PRODUCTION,81515.6139,73739.3596,483.5193,11361,11361,-0.00593162,0.00694385,-0.01152257,-0.00593162,-483.5193,81515.6139,OK,0.0000,19.3408,4.0000,96.0000,AG03-UNRESOLVED,ALL5_LEVELS_bet23_to_bet27,19.3408,19.3408,19.3408,24.1760,24.1760,4.000000,4.000000,4.000000,5.000000,5.000000,96.000000,96.000000,96.000000,95.000000,95.000000,5.0,106.3742,97.4416,377.1451,386.0777,PENDING_AG03,FALSE,NOT_FOR_ENFORCEMENT,464.1785,70789.7852,483.5193,464.1785,19.3408,0.00593162,0.00569435,19.3408,464.1785,0.00569435,19.3408,19.3408,19.3408,24.1760,24.1760,464.1785,0.00569435,106.3742,97.4416,377.1451,386.0777,0.00462666,0.00473624,0.00023726,7.1750,6.4906,0.0426,4.2045,0.0806,708.8314,98.7913,8.8300,6.6350,4.0407,4.4018,8.4329,14.3073,20.7715,40.8781,4.2012,0.0,4.718859,9.286678,1.630025,30,242,81,2,0.30276321,0.00593162,-0.00694385,0E-8,0.000000,0.904604,0.002289,0.01846642,2026-03-22,2026-08-06,115,6001,2406,138,0.833333,1.330819,1.230659,1.009211,,,,,,,,GLOBAL_BASELINE_NO_ENTITY_RANKING,,,NOT_APPLICABLE_GLOBAL_BASELINE,HF9g-P5,,,,X 全窗基线 · 不参与实体赏罚,8399212,840,A168_HF9F_20260827_0900,2026-08-27 09:00:00
2026-03-24,36810153,919,0,39.6161633946,4.4017959328,4.4017959328,0.3333333,3,3,0.49324550000000000,0.493245500000,-0.5540025479526107,-0.5540025479526106,-0.5540025479526107,0E-17,ELIGIBLE,R03b_20260811_FULL_v1,L1_ELIGIBILITY,v2026-08-11,2026-03-21..2026-08-06,baccarat_bet02_101_all_pairs_incl_sentinel,round_win = game_pnl > 0 (decisive only),COMPATIBILITY_ONLY_NOT_PRODUCTION,81515.6139,73739.3596,483.5193,11361,11361,-0.00593162,0.00694385,-0.01152257,-0.00593162,-483.5193,81515.6139,OK,0.0000,19.3408,4.0000,96.0000,AG03-UNRESOLVED,ALL5_LEVELS_bet23_to_bet27,19.3408,19.3408,19.3408,24.1760,24.1760,4.000000,4.000000,4.000000,5.000000,5.000000,96.000000,96.000000,96.000000,95.000000,95.000000,5.0,106.3742,97.4416,377.1451,386.0777,PENDING_AG03,FALSE,NOT_FOR_ENFORCEMENT,464.1785,70789.7852,483.5193,464.1785,19.3408,0.00593162,0.00569435,19.3408,464.1785,0.00569435,19.3408,19.3408,19.3408,24.1760,24.1760,464.1785,0.00569435,106.3742,97.4416,377.1451,386.0777,0.00462666,0.00473624,0.00023726,7.1750,6.4906,0.0426,4.2045,0.0806,708.8314,98.7913,8.8300,6.6350,4.0407,4.4018,8.4329,14.3073,20.7715,40.8781,4.2012,0.0,4.718859,9.286678,1.630025,30,242,81,2,0.30276321,0.00593162,-0.00694385,0E-8,0.000000,0.904604,0.002289,0.01846642,2026-03-22,2026-08-06,115,6001,2406,138,0.833333,1.330819,1.230659,1.009211,,,,,,,,GLOBAL_BASELINE_NO_ENTITY_RANKING,,,NOT_APPLICABLE_GLOBAL_BASELINE,HF9g-P5,,,,X 全窗基线 · 不参与实体赏罚,8399213,840,A168_HF9F_20260827_0900,2026-08-27 09:00:00
2026-03-24,36810153,925,0,89.5765472314,-24.0998327318,-24.0998327318,0.3333333,6,6,0.49994810000000000,0.499948100000,-0.8162423282897021,-0.8162423282897021,-0.8162423282897021,0E-17,ELIGIBLE,R03b_20260811_FULL_v1,L1_ELIGIBILITY,v2026-08-11,2026-03-21..2026-08-06,baccarat_bet02_101_all_pairs_incl_sentinel,round_win = game_pnl > 0 (decisive only),COMPATIBILITY_ONLY_NOT_PRODUCTION,81515.6139,73739.3596,483.5193,11361,11361,-0.00593162,0.00694385,-0.01152257,-0.00593162,-483.5193,81515.6139,OK,0.0000,19.3408,4.0000,96.0000,AG03-UNRESOLVED,ALL5_LEVELS_bet23_to_bet27,19.3408,19.3408,19.3408,24.1760,24.1760,4.000000,4.000000,4.000000,5.000000,5.000000,96.000000,96.000000,96.000000,95.000000,95.000000,5.0,106.3742,97.4416,377.1451,386.0777,PENDING_AG03,FALSE,NOT_FOR_ENFORCEMENT,464.1785,70789.7852,483.5193,464.1785,19.3408,0.00593162,0.00569435,19.3408,464.1785,0.00569435,19.3408,19.3408,19.3408,24.1760,24.1760,464.1785,0.00569435,106.3742,97.4416,377.1451,386.0777,0.00462666,0.00473624,0.00023726,7.1750,6.4906,0.0426,4.2045,0.0806,708.8314,98.7913,8.8300,6.6350,4.0407,4.4018,8.4329,14.3073,20.7715,40.8781,4.2012,0.0,4.718859,9.286678,1.630025,30,242,81,2,0.30276321,0.00593162,-0.00694385,0E-8,0.000000,0.904604,0.002289,0.01846642,2026-03-22,2026-08-06,115,6001,2406,138,0.833333,1.330819,1.230659,1.009211,,,,,,,,GLOBAL_BASELINE_NO_ENTITY_RANKING,,,NOT_APPLICABLE_GLOBAL_BASELINE,HF9g-P5,,,,X 全窗基线 · 不参与实体赏罚,8399214,840,A168_HF9F_20260827_0900,2026-08-27 09:00:00
2026-03-24,36810153,970,0,128.5324412361,41.1127740118,41.1127740118,0.6000000,6,6,0.50441650000000000,0.504416500000,0.42747908374280613,0.42747908374280613,0.42747908374280613,0E-17,ELIGIBLE,R03b_20260811_FULL_v1,L1_ELIGIBILITY,v2026-08-11,2026-03-21..2026-08-06,baccarat_bet02_101_all_pairs_incl_sentinel,round_win = game_pnl > 0 (decisive only),COMPATIBILITY_ONLY_NOT_PRODUCTION,81515.6139,73739.3596,483.5193,11361,11361,-0.00593162,0.00694385,-0.01152257,-0.00593162,-483.5193,81515.6139,OK,0.0000,19.3408,4.0000,96.0000,AG03-UNRESOLVED,ALL5_LEVELS_bet23_to_bet27,19.3408,19.3408,19.3408,24.1760,24.1760,4.000000,4.000000,4.000000,5.000000,5.000000,96.000000,96.000000,96.000000,95.000000,95.000000,5.0,106.3742,97.4416,377.1451,386.0777,PENDING_AG03,FALSE,NOT_FOR_ENFORCEMENT,464.1785,70789.7852,483.5193,464.1785,19.3408,0.00593162,0.00569435,19.3408,464.1785,0.00569435,19.3408,19.3408,19.3408,24.1760,24.1760,464.1785,0.00569435,106.3742,97.4416,377.1451,386.0777,0.00462666,0.00473624,0.00023726,7.1750,6.4906,0.0426,4.2045,0.0806,708.8314,98.7913,8.8300,6.6350,4.0407,4.4018,8.4329,14.3073,20.7715,40.8781,4.2012,0.0,4.718859,9.286678,1.630025,30,242,81,2,0.30276321,0.00593162,-0.00694385,0E-8,0.000000,0.904604,0.002289,0.01846642,2026-03-22,2026-08-06,115,6001,2406,138,0.833333,1.330819,1.230659,1.009211,,,,,,,,GLOBAL_BASELINE_NO_ENTITY_RANKING,,,NOT_APPLICABLE_GLOBAL_BASELINE,HF9g-P5,,,,X 全窗基线 · 不参与实体赏罚,8399215,840,A168_HF9F_20260827_0900,2026-08-27 09:00:00
2026-03-25,36810153,-1,1,108.9444493351,-8.9356457433,-8.9356457433,0.4000000,15,15,0.50218230000000000,0.502182300000,-0.7915082314005457,-0.7915082314005457,-0.7915082314005457,0E-17,SENTINEL_DEALER,R03b_20260811_FULL_v1,L1_ELIGIBILITY,v2026-08-11,2026-03-21..2026-08-06,baccarat_bet02_101_all_pairs_incl_sentinel,round_win = game_pnl > 0 (decisive only),COMPATIBILITY_ONLY_NOT_PRODUCTION,81515.6139,73739.3596,483.5193,11361,11361,-0.00593162,0.00694385,-0.01152257,-0.00593162,-483.5193,81515.6139,OK,0.0000,19.3408,4.0000,96.0000,AG03-UNRESOLVED,ALL5_LEVELS_bet23_to_bet27,19.3408,19.3408,19.3408,24.1760,24.1760,4.000000,4.000000,4.000000,5.000000,5.000000,96.000000,96.000000,96.000000,95.000000,95.000000,5.0,106.3742,97.4416,377.1451,386.0777,PENDING_AG03,FALSE,NOT_FOR_ENFORCEMENT,464.1785,70789.7852,483.5193,464.1785,19.3408,0.00593162,0.00569435,19.3408,464.1785,0.00569435,19.3408,19.3408,19.3408,24.1760,24.1760,464.1785,0.00569435,106.3742,97.4416,377.1451,386.0777,0.00462666,0.00473624,0.00023726,7.1750,6.4906,0.0426,4.2045,0.0806,708.8314,98.7913,8.8300,6.6350,4.0407,4.4018,8.4329,14.3073,20.7715,40.8781,4.2012,0.0,4.718859,9.286678,1.630025,30,242,81,2,0.30276321,0.00593162,-0.00694385,0E-8,0.000000,0.904604,0.002289,0.01846642,2026-03-22,2026-08-06,115,6001,2406,138,0.833333,1.330819,1.230659,1.009211,,,,,,,,GLOBAL_BASELINE_NO_ENTITY_RANKING,,,NOT_APPLICABLE_GLOBAL_BASELINE,HF9g-P5,,,,X 全窗基线 · 不参与实体赏罚,8399216,840,A168_HF9F_20260827_0900,2026-08-27 09:00:00
2026-03-25,36810153,1004,0,4.4017959327,-4.4017959327,-4.4017959327,0E-7,1,1,0.50665070000000000,0.506650700000,-1.013391052207602,-1.013391052207602,-1.013391052207602,0E-17,ELIGIBLE,R03b_20260811_FULL_v1,L1_ELIGIBILITY,v2026-08-11,2026-03-21..2026-08-06,baccarat_bet02_101_all_pairs_incl_sentinel,round_win = game_pnl > 0 (decisive only),COMPATIBILITY_ONLY_NOT_PRODUCTION,81515.6139,73739.3596,483.5193,11361,11361,-0.00593162,0.00694385,-0.01152257,-0.00593162,-483.5193,81515.6139,OK,0.0000,19.3408,4.0000,96.0000,AG03-UNRESOLVED,ALL5_LEVELS_bet23_to_bet27,19.3408,19.3408,19.3408,24.1760,24.1760,4.000000,4.000000,4.000000,5.000000,5.000000,96.000000,96.000000,96.000000,95.000000,95.000000,5.0,106.3742,97.4416,377.1451,386.0777,PENDING_AG03,FALSE,NOT_FOR_ENFORCEMENT,464.1785,70789.7852,483.5193,464.1785,19.3408,0.00593162,0.00569435,19.3408,464.1785,0.00569435,19.3408,19.3408,19.3408,24.1760,24.1760,464.1785,0.00569435,106.3742,97.4416,377.1451,386.0777,0.00462666,0.00473624,0.00023726,7.1750,6.4906,0.0426,4.2045,0.0806,708.8314,98.7913,8.8300,6.6350,4.0407,4.4018,8.4329,14.3073,20.7715,40.8781,4.2012,0.0,4.718859,9.286678,1.630025,30,242,81,2,0.30276321,0.00593162,-0.00694385,0E-8,0.000000,0.904604,0.002289,0.01846642,2026-03-22,2026-08-06,115,6001,2406,138,0.833333,1.330819,1.230659,1.009211,,,,,,,,GLOBAL_BASELINE_NO_ENTITY_RANKING,,,NOT_APPLICABLE_GLOBAL_BASELINE,HF9g-P5,,,,X 全窗基线 · 不参与实体赏罚,8399217,840,A168_HF9F_20260827_0900,2026-08-27 09:00:00
2026-03-25,36810153,1109,0,17.6071837309,8.8035918655,8.8035918655,0.5000000,2,2,0.49994810000000000,0.499948100000,0.00014679536856514622,0.00014679536856514622,0.00014679536856514622,0E-17,ELIGIBLE,R03b_20260811_FULL_v1,L1_ELIGIBILITY,v2026-08-11,2026-03-21..2026-08-06,baccarat_bet02_101_all_pairs_incl_sentinel,round_win = game_pnl > 0 (decisive only),COMPATIBILITY_ONLY_NOT_PRODUCTION,81515.6139,73739.3596,483.5193,11361,11361,-0.00593162,0.00694385,-0.01152257,-0.00593162,-483.5193,81515.6139,OK,0.0000,19.3408,4.0000,96.0000,AG03-UNRESOLVED,ALL5_LEVELS_bet23_to_bet27,19.3408,19.3408,19.3408,24.1760,24.1760,4.000000,4.000000,4.000000,5.000000,5.000000,96.000000,96.000000,96.000000,95.000000,95.000000,5.0,106.3742,97.4416,377.1451,386.0777,PENDING_AG03,FALSE,NOT_FOR_ENFORCEMENT,464.1785,70789.7852,483.5193,464.1785,19.3408,0.00593162,0.00569435,19.3408,464.1785,0.00569435,19.3408,19.3408,19.3408,24.1760,24.1760,464.1785,0.00569435,106.3742,97.4416,377.1451,386.0777,0.00462666,0.00473624,0.00023726,7.1750,6.4906,0.0426,4.2045,0.0806,708.8314,98.7913,8.8300,6.6350,4.0407,4.4018,8.4329,14.3073,20.7715,40.8781,4.2012,0.0,4.718859,9.286678,1.630025,30,242,81,2,0.30276321,0.00593162,-0.00694385,0E-8,0.000000,0.904604,0.002289,0.01846642,2026-03-22,2026-08-06,115,6001,2406,138,0.833333,1.330819,1.230659,1.009211,,,,,,,,GLOBAL_BASELINE_NO_ENTITY_RANKING,,,NOT_APPLICABLE_GLOBAL_BASELINE,HF9g-P5,,,,X 全窗基线 · 不参与实体赏罚,8399218,840,A168_HF9F_20260827_0900,2026-08-27 09:00:00
2026-03-25,36810153,1151,0,11.0044898319,-11.0044898319,-11.0044898319,0E-7,1,1,0.50665070000000000,0.506650700000,-1.013391052207602,-1.013391052207602,-1.013391052207602,0E-17,ELIGIBLE,R03b_20260811_FULL_v1,L1_ELIGIBILITY,v2026-08-11,2026-03-21..2026-08-06,baccarat_bet02_101_all_pairs_incl_sentinel,round_win = game_pnl > 0 (decisive only),COMPATIBILITY_ONLY_NOT_PRODUCTION,81515.6139,73739.3596,483.5193,11361,11361,-0.00593162,0.00694385,-0.01152257,-0.00593162,-483.5193,81515.6139,OK,0.0000,19.3408,4.0000,96.0000,AG03-UNRESOLVED,ALL5_LEVELS_bet23_to_bet27,19.3408,19.3408,19.3408,24.1760,24.1760,4.000000,4.000000,4.000000,5.000000,5.000000,96.000000,96.000000,96.000000,95.000000,95.000000,5.0,106.3742,97.4416,377.1451,386.0777,PENDING_AG03,FALSE,NOT_FOR_ENFORCEMENT,464.1785,70789.7852,483.5193,464.1785,19.3408,0.00593162,0.00569435,19.3408,464.1785,0.00569435,19.3408,19.3408,19.3408,24.1760,24.1760,464.1785,0.00569435,106.3742,97.4416,377.1451,386.0777,0.00462666,0.00473624,0.00023726,7.1750,6.4906,0.0426,4.2045,0.0806,708.8314,98.7913,8.8300,6.6350,4.0407,4.4018,8.4329,14.3073,20.7715,40.8781,4.2012,0.0,4.718859,9.286678,1.630025,30,242,81,2,0.30276321,0.00593162,-0.00694385,0E-8,0.000000,0.904604,0.002289,0.01846642,2026-03-22,2026-08-06,115,6001,2406,138,0.833333,1.330819,1.230659,1.009211,,,,,,,,GLOBAL_BASELINE_NO_ENTITY_RANKING,,,NOT_APPLICABLE_GLOBAL_BASELINE,HF9g-P5,,,,X 全窗基线 · 不参与实体赏罚,8399219,840,A168_HF9F_20260827_0900,2026-08-27 09:00:00
2026-03-25,36810153,1205,0,4.4017959327,0E-10,0E-10,,1,1,0.50665070000000000,0.506650700000,,,,0E-17,NO_DECISIVE_ROUND,R03b_20260811_FULL_v1,L1_ELIGIBILITY,v2026-08-11,2026-03-21..2026-08-06,baccarat_bet02_101_all_pairs_incl_sentinel,round_win = game_pnl > 0 (decisive only),COMPATIBILITY_ONLY_NOT_PRODUCTION,81515.6139,73739.3596,483.5193,11361,11361,-0.00593162,0.00694385,-0.01152257,-0.00593162,-483.5193,81515.6139,OK,0.0000,19.3408,4.0000,96.0000,AG03-UNRESOLVED,ALL5_LEVELS_bet23_to_bet27,19.3408,19.3408,19.3408,24.1760,24.1760,4.000000,4.000000,4.000000,5.000000,5.000000,96.000000,96.000000,96.000000,95.000000,95.000000,5.0,106.3742,97.4416,377.1451,386.0777,PENDING_AG03,FALSE,NOT_FOR_ENFORCEMENT,464.1785,70789.7852,483.5193,464.1785,19.3408,0.00593162,0.00569435,19.3408,464.1785,0.00569435,19.3408,19.3408,19.3408,24.1760,24.1760,464.1785,0.00569435,106.3742,97.4416,377.1451,386.0777,0.00462666,0.00473624,0.00023726,7.1750,6.4906,0.0426,4.2045,0.0806,708.8314,98.7913,8.8300,6.6350,4.0407,4.4018,8.4329,14.3073,20.7715,40.8781,4.2012,0.0,4.718859,9.286678,1.630025,30,242,81,2,0.30276321,0.00593162,-0.00694385,0E-8,0.000000,0.904604,0.002289,0.01846642,2026-03-22,2026-08-06,115,6001,2406,138,0.833333,1.330819,1.230659,1.009211,,,,,,,,GLOBAL_BASELINE_NO_ENTITY_RANKING,,,NOT_APPLICABLE_GLOBAL_BASELINE,HF9g-P5,,,,X 全窗基线 · 不参与实体赏罚,8399220,840,A168_HF9F_20260827_0900,2026-08-27 09:00:00
2026-03-25,36810153,1307,0,2.2008979664,-2.2008979664,-2.2008979664,0E-7,1,1,0.50665070000000000,0.506650700000,-1.013391052207602,-1.013391052207602,-1.013391052207602,0E-17,ELIGIBLE,R03b_20260811_FULL_v1,L1_ELIGIBILITY,v2026-08-11,2026-03-21..2026-08-06,baccarat_bet02_101_all_pairs_incl_sentinel,round_win = game_pnl > 0 (decisive only),COMPATIBILITY_ONLY_NOT_PRODUCTION,81515.6139,73739.3596,483.5193,11361,11361,-0.00593162,0.00694385,-0.01152257,-0.00593162,-483.5193,81515.6139,OK,0.0000,19.3408,4.0000,96.0000,AG03-UNRESOLVED,ALL5_LEVELS_bet23_to_bet27,19.3408,19.3408,19.3408,24.1760,24.1760,4.000000,4.000000,4.000000,5.000000,5.000000,96.000000,96.000000,96.000000,95.000000,95.000000,5.0,106.3742,97.4416,377.1451,386.0777,PENDING_AG03,FALSE,NOT_FOR_ENFORCEMENT,464.1785,70789.7852,483.5193,464.1785,19.3408,0.00593162,0.00569435,19.3408,464.1785,0.00569435,19.3408,19.3408,19.3408,24.1760,24.1760,464.1785,0.00569435,106.3742,97.4416,377.1451,386.0777,0.00462666,0.00473624,0.00023726,7.1750,6.4906,0.0426,4.2045,0.0806,708.8314,98.7913,8.8300,6.6350,4.0407,4.4018,8.4329,14.3073,20.7715,40.8781,4.2012,0.0,4.718859,9.286678,1.630025,30,242,81,2,0.30276321,0.00593162,-0.00694385,0E-8,0.000000,0.904604,0.002289,0.01846642,2026-03-22,2026-08-06,115,6001,2406,138,0.833333,1.330819,1.230659,1.009211,,,,,,,,GLOBAL_BASELINE_NO_ENTITY_RANKING,,,NOT_APPLICABLE_GLOBAL_BASELINE,HF9g-P5,,,,X 全窗基线 · 不参与实体赏罚,8399221,840,A168_HF9F_20260827_0900,2026-08-27 09:00:00
2026-03-25,36810153,1374,0,4.4017959327,-4.4017959327,-4.4017959327,0E-7,1,1,0.50665070000000000,0.506650700000,-1.013391052207602,-1.013391052207602,-1.013391052207602,0E-17,ELIGIBLE,R03b_20260811_FULL_v1,L1_ELIGIBILITY,v2026-08-11,2026-03-21..2026-08-06,baccarat_bet02_101_all_pairs_incl_sentinel,round_win = game_pnl > 0 (decisive only),COMPATIBILITY_ONLY_NOT_PRODUCTION,81515.6139,73739.3596,483.5193,11361,11361,-0.00593162,0.00694385,-0.01152257,-0.00593162,-483.5193,81515.6139,OK,0.0000,19.3408,4.0000,96.0000,AG03-UNRESOLVED,ALL5_LEVELS_bet23_to_bet27,19.3408,19.3408,19.3408,24.1760,24.1760,4.000000,4.000000,4.000000,5.000000,5.000000,96.000000,96.000000,96.000000,95.000000,95.000000,5.0,106.3742,97.4416,377.1451,386.0777,PENDING_AG03,FALSE,NOT_FOR_ENFORCEMENT,464.1785,70789.7852,483.5193,464.1785,19.3408,0.00593162,0.00569435,19.3408,464.1785,0.00569435,19.3408,19.3408,19.3408,24.1760,24.1760,464.1785,0.00569435,106.3742,97.4416,377.1451,386.0777,0.00462666,0.00473624,0.00023726,7.1750,6.4906,0.0426,4.2045,0.0806,708.8314,98.7913,8.8300,6.6350,4.0407,4.4018,8.4329,14.3073,20.7715,40.8781,4.2012,0.0,4.718859,9.286678,1.630025,30,242,81,2,0.30276321,0.00593162,-0.00694385,0E-8,0.000000,0.904604,0.002289,0.01846642,2026-03-22,2026-08-06,115,6001,2406,138,0.833333,1.330819,1.230659,1.009211,,,,,,,,GLOBAL_BASELINE_NO_ENTITY_RANKING,,,NOT_APPLICABLE_GLOBAL_BASELINE,HF9g-P5,,,,X 全窗基线 · 不参与实体赏罚,8399222,840,A168_HF9F_20260827_0900,2026-08-27 09:00:00
2026-03-25,36810153,1400,0,9.4638612554,0.4071661238,0.4071661238,0.5000000,2,2,0.49994810000000000,0.499948100000,0.00014679536856514622,0.00014679536856514622,0.00014679536856514622,0E-17,ELIGIBLE,R03b_20260811_FULL_v1,L1_ELIGIBILITY,v2026-08-11,2026-03-21..2026-08-06,baccarat_bet02_101_all_pairs_incl_sentinel,round_win = game_pnl > 0 (decisive only),COMPATIBILITY_ONLY_NOT_PRODUCTION,81515.6139,73739.3596,483.5193,11361,11361,-0.00593162,0.00694385,-0.01152257,-0.00593162,-483.5193,81515.6139,OK,0.0000,19.3408,4.0000,96.0000,AG03-UNRESOLVED,ALL5_LEVELS_bet23_to_bet27,19.3408,19.3408,19.3408,24.1760,24.1760,4.000000,4.000000,4.000000,5.000000,5.000000,96.000000,96.000000,96.000000,95.000000,95.000000,5.0,106.3742,97.4416,377.1451,386.0777,PENDING_AG03,FALSE,NOT_FOR_ENFORCEMENT,464.1785,70789.7852,483.5193,464.1785,19.3408,0.00593162,0.00569435,19.3408,464.1785,0.00569435,19.3408,19.3408,19.3408,24.1760,24.1760,464.1785,0.00569435,106.3742,97.4416,377.1451,386.0777,0.00462666,0.00473624,0.00023726,7.1750,6.4906,0.0426,4.2045,0.0806,708.8314,98.7913,8.8300,6.6350,4.0407,4.4018,8.4329,14.3073,20.7715,40.8781,4.2012,0.0,4.718859,9.286678,1.630025,30,242,81,2,0.30276321,0.00593162,-0.00694385,0E-8,0.000000,0.904604,0.002289,0.01846642,2026-03-22,2026-08-06,115,6001,2406,138,0.833333,1.330819,1.230659,1.009211,,,,,,,,GLOBAL_BASELINE_NO_ENTITY_RANKING,,,NOT_APPLICABLE_GLOBAL_BASELINE,HF9g-P5,,,,X 全窗基线 · 不参与实体赏罚,8399223,840,A168_HF9F_20260827_0900,2026-08-27 09:00:00
2026-03-25,36810153,1485,0,19.8080816974,-19.8080816974,-19.8080816974,0E-7,2,2,0.49324550000000000,0.493245500000,-1.3952362676504506,-1.3952362676504506,-1.3952362676504506,0E-17,ELIGIBLE,R03b_20260811_FULL_v1,L1_ELIGIBILITY,v2026-08-11,2026-03-21..2026-08-06,baccarat_bet02_101_all_pairs_incl_sentinel,round_win = game_pnl > 0 (decisive only),COMPATIBILITY_ONLY_NOT_PRODUCTION,81515.6139,73739.3596,483.5193,11361,11361,-0.00593162,0.00694385,-0.01152257,-0.00593162,-483.5193,81515.6139,OK,0.0000,19.3408,4.0000,96.0000,AG03-UNRESOLVED,ALL5_LEVELS_bet23_to_bet27,19.3408,19.3408,19.3408,24.1760,24.1760,4.000000,4.000000,4.000000,5.000000,5.000000,96.000000,96.000000,96.000000,95.000000,95.000000,5.0,106.3742,97.4416,377.1451,386.0777,PENDING_AG03,FALSE,NOT_FOR_ENFORCEMENT,464.1785,70789.7852,483.5193,464.1785,19.3408,0.00593162,0.00569435,19.3408,464.1785,0.00569435,19.3408,19.3408,19.3408,24.1760,24.1760,464.1785,0.00569435,106.3742,97.4416,377.1451,386.0777,0.00462666,0.00473624,0.00023726,7.1750,6.4906,0.0426,4.2045,0.0806,708.8314,98.7913,8.8300,6.6350,4.0407,4.4018,8.4329,14.3073,20.7715,40.8781,4.2012,0.0,4.718859,9.286678,1.630025,30,242,81,2,0.30276321,0.00593162,-0.00694385,0E-8,0.000000,0.904604,0.002289,0.01846642,2026-03-22,2026-08-06,115,6001,2406,138,0.833333,1.330819,1.230659,1.009211,,,,,,,,GLOBAL_BASELINE_NO_ENTITY_RANKING,,,NOT_APPLICABLE_GLOBAL_BASELINE,HF9g-P5,,,,X 全窗基线 · 不参与实体赏罚,8399224,840,A168_HF9F_20260827_0900,2026-08-27 09:00:00
2026-03-25,36810153,1654,0,4.4017959327,-4.4017959327,-4.4017959327,0E-7,1,1,0.50665070000000000,0.506650700000,-1.013391052207602,-1.013391052207602,-1.013391052207602,0E-17,ELIGIBLE,R03b_20260811_FULL_v1,L1_ELIGIBILITY,v2026-08-11,2026-03-21..2026-08-06,baccarat_bet02_101_all_pairs_incl_sentinel,round_win = game_pnl > 0 (decisive only),COMPATIBILITY_ONLY_NOT_PRODUCTION,81515.6139,73739.3596,483.5193,11361,11361,-0.00593162,0.00694385,-0.01152257,-0.00593162,-483.5193,81515.6139,OK,0.0000,19.3408,4.0000,96.0000,AG03-UNRESOLVED,ALL5_LEVELS_bet23_to_bet27,19.3408,19.3408,19.3408,24.1760,24.1760,4.000000,4.000000,4.000000,5.000000,5.000000,96.000000,96.000000,96.000000,95.000000,95.000000,5.0,106.3742,97.4416,377.1451,386.0777,PENDING_AG03,FALSE,NOT_FOR_ENFORCEMENT,464.1785,70789.7852,483.5193,464.1785,19.3408,0.00593162,0.00569435,19.3408,464.1785,0.00569435,19.3408,19.3408,19.3408,24.1760,24.1760,464.1785,0.00569435,106.3742,97.4416,377.1451,386.0777,0.00462666,0.00473624,0.00023726,7.1750,6.4906,0.0426,4.2045,0.0806,708.8314,98.7913,8.8300,6.6350,4.0407,4.4018,8.4329,14.3073,20.7715,40.8781,4.2012,0.0,4.718859,9.286678,1.630025,30,242,81,2,0.30276321,0.00593162,-0.00694385,0E-8,0.000000,0.904604,0.002289,0.01846642,2026-03-22,2026-08-06,115,6001,2406,138,0.833333,1.330819,1.230659,1.009211,,,,,,,,GLOBAL_BASELINE_NO_ENTITY_RANKING,,,NOT_APPLICABLE_GLOBAL_BASELINE,HF9g-P5,,,,X 全窗基线 · 不参与实体赏罚,8399225,840,A168_HF9F_20260827_0900,2026-08-27 09:00:00
2026-03-25,36810153,1941,0,8.8035918655,-8.8035918655,-8.8035918655,0E-7,1,1,0.50665070000000000,0.506650700000,-1.013391052207602,-1.013391052207602,-1.013391052207602,0E-17,ELIGIBLE,R03b_20260811_FULL_v1,L1_ELIGIBILITY,v2026-08-11,2026-03-21..2026-08-06,baccarat_bet02_101_all_pairs_incl_sentinel,round_win = game_pnl > 0 (decisive only),COMPATIBILITY_ONLY_NOT_PRODUCTION,81515.6139,73739.3596,483.5193,11361,11361,-0.00593162,0.00694385,-0.01152257,-0.00593162,-483.5193,81515.6139,OK,0.0000,19.3408,4.0000,96.0000,AG03-UNRESOLVED,ALL5_LEVELS_bet23_to_bet27,19.3408,19.3408,19.3408,24.1760,24.1760,4.000000,4.000000,4.000000,5.000000,5.000000,96.000000,96.000000,96.000000,95.000000,95.000000,5.0,106.3742,97.4416,377.1451,386.0777,PENDING_AG03,FALSE,NOT_FOR_ENFORCEMENT,464.1785,70789.7852,483.5193,464.1785,19.3408,0.00593162,0.00569435,19.3408,464.1785,0.00569435,19.3408,19.3408,19.3408,24.1760,24.1760,464.1785,0.00569435,106.3742,97.4416,377.1451,386.0777,0.00462666,0.00473624,0.00023726,7.1750,6.4906,0.0426,4.2045,0.0806,708.8314,98.7913,8.8300,6.6350,4.0407,4.4018,8.4329,14.3073,20.7715,40.8781,4.2012,0.0,4.718859,9.286678,1.630025,30,242,81,2,0.30276321,0.00593162,-0.00694385,0E-8,0.000000,0.904604,0.002289,0.01846642,2026-03-22,2026-08-06,115,6001,2406,138,0.833333,1.330819,1.230659,1.009211,,,,,,,,GLOBAL_BASELINE_NO_ENTITY_RANKING,,,NOT_APPLICABLE_GLOBAL_BASELINE,HF9g-P5,,,,X 全窗基线 · 不参与实体赏罚,8399226,840,A168_HF9F_20260827_0900,2026-08-27 09:00:00
2026-03-25,36810153,1942,0,22.0089796637,20.9085306805,20.9085306805,1.0000000,1,1,0.50665070000000000,0.506650700000,0.9867858985152569,0.9867858985152569,0.9867858985152569,0E-17,ELIGIBLE,R03b_20260811_FULL_v1,L1_ELIGIBILITY,v2026-08-11,2026-03-21..2026-08-06,baccarat_bet02_101_all_pairs_incl_sentinel,round_win = game_pnl > 0 (decisive only),COMPATIBILITY_ONLY_NOT_PRODUCTION,81515.6139,73739.3596,483.5193,11361,11361,-0.00593162,0.00694385,-0.01152257,-0.00593162,-483.5193,81515.6139,OK,0.0000,19.3408,4.0000,96.0000,AG03-UNRESOLVED,ALL5_LEVELS_bet23_to_bet27,19.3408,19.3408,19.3408,24.1760,24.1760,4.000000,4.000000,4.000000,5.000000,5.000000,96.000000,96.000000,96.000000,95.000000,95.000000,5.0,106.3742,97.4416,377.1451,386.0777,PENDING_AG03,FALSE,NOT_FOR_ENFORCEMENT,464.1785,70789.7852,483.5193,464.1785,19.3408,0.00593162,0.00569435,19.3408,464.1785,0.00569435,19.3408,19.3408,19.3408,24.1760,24.1760,464.1785,0.00569435,106.3742,97.4416,377.1451,386.0777,0.00462666,0.00473624,0.00023726,7.1750,6.4906,0.0426,4.2045,0.0806,708.8314,98.7913,8.8300,6.6350,4.0407,4.4018,8.4329,14.3073,20.7715,40.8781,4.2012,0.0,4.718859,9.286678,1.630025,30,242,81,2,0.30276321,0.00593162,-0.00694385,0E-8,0.000000,0.904604,0.002289,0.01846642,2026-03-22,2026-08-06,115,6001,2406,138,0.833333,1.330819,1.230659,1.009211,,,,,,,,GLOBAL_BASELINE_NO_ENTITY_RANKING,,,NOT_APPLICABLE_GLOBAL_BASELINE,HF9g-P5,,,,X 全窗基线 · 不参与实体赏罚,8399227,840,A168_HF9F_20260827_0900,2026-08-27 09:00:00
2026-03-25,36810153,1949,0,4.4017959327,4.4017959327,4.4017959327,1.0000000,1,1,0.49324550000000000,0.493245500000,1.01360149184955,1.01360149184955,1.01360149184955,0E-17,ELIGIBLE,R03b_20260811_FULL_v1,L1_ELIGIBILITY,v2026-08-11,2026-03-21..2026-08-06,baccarat_bet02_101_all_pairs_incl_sentinel,round_win = game_pnl > 0 (decisive only),COMPATIBILITY_ONLY_NOT_PRODUCTION,81515.6139,73739.3596,483.5193,11361,11361,-0.00593162,0.00694385,-0.01152257,-0.00593162,-483.5193,81515.6139,OK,0.0000,19.3408,4.0000,96.0000,AG03-UNRESOLVED,ALL5_LEVELS_bet23_to_bet27,19.3408,19.3408,19.3408,24.1760,24.1760,4.000000,4.000000,4.000000,5.000000,5.000000,96.000000,96.000000,96.000000,95.000000,95.000000,5.0,106.3742,97.4416,377.1451,386.0777,PENDING_AG03,FALSE,NOT_FOR_ENFORCEMENT,464.1785,70789.7852,483.5193,464.1785,19.3408,0.00593162,0.00569435,19.3408,464.1785,0.00569435,19.3408,19.3408,19.3408,24.1760,24.1760,464.1785,0.00569435,106.3742,97.4416,377.1451,386.0777,0.00462666,0.00473624,0.00023726,7.1750,6.4906,0.0426,4.2045,0.0806,708.8314,98.7913,8.8300,6.6350,4.0407,4.4018,8.4329,14.3073,20.7715,40.8781,4.2012,0.0,4.718859,9.286678,1.630025,30,242,81,2,0.30276321,0.00593162,-0.00694385,0E-8,0.000000,0.904604,0.002289,0.01846642,2026-03-22,2026-08-06,115,6001,2406,138,0.833333,1.330819,1.230659,1.009211,,,,,,,,GLOBAL_BASELINE_NO_ENTITY_RANKING,,,NOT_APPLICABLE_GLOBAL_BASELINE,HF9g-P5,,,,X 全窗基线 · 不参与实体赏罚,8399228,840,A168_HF9F_20260827_0900,2026-08-27 09:00:00
2026-03-25,36810153,1994,0,13.2053877982,4.4017959328,4.4017959328,0.5000000,2,2,0.49994810000000000,0.499948100000,0.00014679536856514622,0.00014679536856514622,0.00014679536856514622,0E-17,ELIGIBLE,R03b_20260811_FULL_v1,L1_ELIGIBILITY,v2026-08-11,2026-03-21..2026-08-06,baccarat_bet02_101_all_pairs_incl_sentinel,round_win = game_pnl > 0 (decisive only),COMPATIBILITY_ONLY_NOT_PRODUCTION,81515.6139,73739.3596,483.5193,11361,11361,-0.00593162,0.00694385,-0.01152257,-0.00593162,-483.5193,81515.6139,OK,0.0000,19.3408,4.0000,96.0000,AG03-UNRESOLVED,ALL5_LEVELS_bet23_to_bet27,19.3408,19.3408,19.3408,24.1760,24.1760,4.000000,4.000000,4.000000,5.000000,5.000000,96.000000,96.000000,96.000000,95.000000,95.000000,5.0,106.3742,97.4416,377.1451,386.0777,PENDING_AG03,FALSE,NOT_FOR_ENFORCEMENT,464.1785,70789.7852,483.5193,464.1785,19.3408,0.00593162,0.00569435,19.3408,464.1785,0.00569435,19.3408,19.3408,19.3408,24.1760,24.1760,464.1785,0.00569435,106.3742,97.4416,377.1451,386.0777,0.00462666,0.00473624,0.00023726,7.1750,6.4906,0.0426,4.2045,0.0806,708.8314,98.7913,8.8300,6.6350,4.0407,4.4018,8.4329,14.3073,20.7715,40.8781,4.2012,0.0,4.718859,9.286678,1.630025,30,242,81,2,0.30276321,0.00593162,-0.00694385,0E-8,0.000000,0.904604,0.002289,0.01846642,2026-03-22,2026-08-06,115,6001,2406,138,0.833333,1.330819,1.230659,1.009211,,,,,,,,GLOBAL_BASELINE_NO_ENTITY_RANKING,,,NOT_APPLICABLE_GLOBAL_BASELINE,HF9g-P5,,,,X 全窗基线 · 不参与实体赏罚,8399229,840,A168_HF9F_20260827_0900,2026-08-27 09:00:00
2026-03-25,36810153,2088,0,10.5643102386,-10.5643102386,-10.5643102386,0E-7,2,2,0.50665070000000000,0.506650700000,-1.4331513700195317,-1.4331513700195317,-1.4331513700195317,0E-17,ELIGIBLE,R03b_20260811_FULL_v1,L1_ELIGIBILITY,v2026-08-11,2026-03-21..2026-08-06,baccarat_bet02_101_all_pairs_incl_sentinel,round_win = game_pnl > 0 (decisive only),COMPATIBILITY_ONLY_NOT_PRODUCTION,81515.6139,73739.3596,483.5193,11361,11361,-0.00593162,0.00694385,-0.01152257,-0.00593162,-483.5193,81515.6139,OK,0.0000,19.3408,4.0000,96.0000,AG03-UNRESOLVED,ALL5_LEVELS_bet23_to_bet27,19.3408,19.3408,19.3408,24.1760,24.1760,4.000000,4.000000,4.000000,5.000000,5.000000,96.000000,96.000000,96.000000,95.000000,95.000000,5.0,106.3742,97.4416,377.1451,386.0777,PENDING_AG03,FALSE,NOT_FOR_ENFORCEMENT,464.1785,70789.7852,483.5193,464.1785,19.3408,0.00593162,0.00569435,19.3408,464.1785,0.00569435,19.3408,19.3408,19.3408,24.1760,24.1760,464.1785,0.00569435,106.3742,97.4416,377.1451,386.0777,0.00462666,0.00473624,0.00023726,7.1750,6.4906,0.0426,4.2045,0.0806,708.8314,98.7913,8.8300,6.6350,4.0407,4.4018,8.4329,14.3073,20.7715,40.8781,4.2012,0.0,4.718859,9.286678,1.630025,30,242,81,2,0.30276321,0.00593162,-0.00694385,0E-8,0.000000,0.904604,0.002289,0.01846642,2026-03-22,2026-08-06,115,6001,2406,138,0.833333,1.330819,1.230659,1.009211,,,,,,,,GLOBAL_BASELINE_NO_ENTITY_RANKING,,,NOT_APPLICABLE_GLOBAL_BASELINE,HF9g-P5,,,,X 全窗基线 · 不参与实体赏罚,8399230,840,A168_HF9F_20260827_0900,2026-08-27 09:00:00
2026-03-25,36810153,2101,0,8.8035918654,8.3634122722,8.3634122722,1.0000000,2,2,0.50665070000000000,0.506650700000,1.3955260008387969,1.3955260008387969,1.3955260008387969,0E-17,ELIGIBLE,R03b_20260811_FULL_v1,L1_ELIGIBILITY,v2026-08-11,2026-03-21..2026-08-06,baccarat_bet02_101_all_pairs_incl_sentinel,round_win = game_pnl > 0 (decisive only),COMPATIBILITY_ONLY_NOT_PRODUCTION,81515.6139,73739.3596,483.5193,11361,11361,-0.00593162,0.00694385,-0.01152257,-0.00593162,-483.5193,81515.6139,OK,0.0000,19.3408,4.0000,96.0000,AG03-UNRESOLVED,ALL5_LEVELS_bet23_to_bet27,19.3408,19.3408,19.3408,24.1760,24.1760,4.000000,4.000000,4.000000,5.000000,5.000000,96.000000,96.000000,96.000000,95.000000,95.000000,5.0,106.3742,97.4416,377.1451,386.0777,PENDING_AG03,FALSE,NOT_FOR_ENFORCEMENT,464.1785,70789.7852,483.5193,464.1785,19.3408,0.00593162,0.00569435,19.3408,464.1785,0.00569435,19.3408,19.3408,19.3408,24.1760,24.1760,464.1785,0.00569435,106.3742,97.4416,377.1451,386.0777,0.00462666,0.00473624,0.00023726,7.1750,6.4906,0.0426,4.2045,0.0806,708.8314,98.7913,8.8300,6.6350,4.0407,4.4018,8.4329,14.3073,20.7715,40.8781,4.2012,0.0,4.718859,9.286678,1.630025,30,242,81,2,0.30276321,0.00593162,-0.00694385,0E-8,0.000000,0.904604,0.002289,0.01846642,2026-03-22,2026-08-06,115,6001,2406,138,0.833333,1.330819,1.230659,1.009211,,,,,,,,GLOBAL_BASELINE_NO_ENTITY_RANKING,,,NOT_APPLICABLE_GLOBAL_BASELINE,HF9g-P5,,,,X 全窗基线 · 不参与实体赏罚,8399231,840,A168_HF9F_20260827_0900,2026-08-27 09:00:00
2026-03-25,36810153,2106,0,8.8035918655,8.8035918655,8.8035918655,1.0000000,1,1,0.49324550000000000,0.493245500000,1.01360149184955,1.01360149184955,1.01360149184955,0E-17,ELIGIBLE,R03b_20260811_FULL_v1,L1_ELIGIBILITY,v2026-08-11,2026-03-21..2026-08-06,baccarat_bet02_101_all_pairs_incl_sentinel,round_win = game_pnl > 0 (decisive only),COMPATIBILITY_ONLY_NOT_PRODUCTION,81515.6139,73739.3596,483.5193,11361,11361,-0.00593162,0.00694385,-0.01152257,-0.00593162,-483.5193,81515.6139,OK,0.0000,19.3408,4.0000,96.0000,AG03-UNRESOLVED,ALL5_LEVELS_bet23_to_bet27,19.3408,19.3408,19.3408,24.1760,24.1760,4.000000,4.000000,4.000000,5.000000,5.000000,96.000000,96.000000,96.000000,95.000000,95.000000,5.0,106.3742,97.4416,377.1451,386.0777,PENDING_AG03,FALSE,NOT_FOR_ENFORCEMENT,464.1785,70789.7852,483.5193,464.1785,19.3408,0.00593162,0.00569435,19.3408,464.1785,0.00569435,19.3408,19.3408,19.3408,24.1760,24.1760,464.1785,0.00569435,106.3742,97.4416,377.1451,386.0777,0.00462666,0.00473624,0.00023726,7.1750,6.4906,0.0426,4.2045,0.0806,708.8314,98.7913,8.8300,6.6350,4.0407,4.4018,8.4329,14.3073,20.7715,40.8781,4.2012,0.0,4.718859,9.286678,1.630025,30,242,81,2,0.30276321,0.00593162,-0.00694385,0E-8,0.000000,0.904604,0.002289,0.01846642,2026-03-22,2026-08-06,115,6001,2406,138,0.833333,1.330819,1.230659,1.009211,,,,,,,,GLOBAL_BASELINE_NO_ENTITY_RANKING,,,NOT_APPLICABLE_GLOBAL_BASELINE,HF9g-P5,,,,X 全窗基线 · 不参与实体赏罚,8399232,840,A168_HF9F_20260827_0900,2026-08-27 09:00:00
2026-03-25,36810153,2108,0,13.2053877982,-13.2053877982,-13.2053877982,0E-7,1,1,0.50665070000000000,0.506650700000,-1.013391052207602,-1.013391052207602,-1.013391052207602,0E-17,ELIGIBLE,R03b_20260811_FULL_v1,L1_ELIGIBILITY,v2026-08-11,2026-03-21..2026-08-06,baccarat_bet02_101_all_pairs_incl_sentinel,round_win = game_pnl > 0 (decisive only),COMPATIBILITY_ONLY_NOT_PRODUCTION,81515.6139,73739.3596,483.5193,11361,11361,-0.00593162,0.00694385,-0.01152257,-0.00593162,-483.5193,81515.6139,OK,0.0000,19.3408,4.0000,96.0000,AG03-UNRESOLVED,ALL5_LEVELS_bet23_to_bet27,19.3408,19.3408,19.3408,24.1760,24.1760,4.000000,4.000000,4.000000,5.000000,5.000000,96.000000,96.000000,96.000000,95.000000,95.000000,5.0,106.3742,97.4416,377.1451,386.0777,PENDING_AG03,FALSE,NOT_FOR_ENFORCEMENT,464.1785,70789.7852,483.5193,464.1785,19.3408,0.00593162,0.00569435,19.3408,464.1785,0.00569435,19.3408,19.3408,19.3408,24.1760,24.1760,464.1785,0.00569435,106.3742,97.4416,377.1451,386.0777,0.00462666,0.00473624,0.00023726,7.1750,6.4906,0.0426,4.2045,0.0806,708.8314,98.7913,8.8300,6.6350,4.0407,4.4018,8.4329,14.3073,20.7715,40.8781,4.2012,0.0,4.718859,9.286678,1.630025,30,242,81,2,0.30276321,0.00593162,-0.00694385,0E-8,0.000000,0.904604,0.002289,0.01846642,2026-03-22,2026-08-06,115,6001,2406,138,0.833333,1.330819,1.230659,1.009211,,,,,,,,GLOBAL_BASELINE_NO_ENTITY_RANKING,,,NOT_APPLICABLE_GLOBAL_BASELINE,HF9g-P5,,,,X 全窗基线 · 不参与实体赏罚,8399233,840,A168_HF9F_20260827_0900,2026-08-27 09:00:00
2026-03-25,36810153,2117,0,8.8035918654,0E-10,0E-10,0.5000000,2,2,0.49324550000000000,0.493245500000,0.01910635448239258,0.01910635448239258,0.01910635448239258,0E-17,ELIGIBLE,R03b_20260811_FULL_v1,L1_ELIGIBILITY,v2026-08-11,2026-03-21..2026-08-06,baccarat_bet02_101_all_pairs_incl_sentinel,round_win = game_pnl > 0 (decisive only),COMPATIBILITY_ONLY_NOT_PRODUCTION,81515.6139,73739.3596,483.5193,11361,11361,-0.00593162,0.00694385,-0.01152257,-0.00593162,-483.5193,81515.6139,OK,0.0000,19.3408,4.0000,96.0000,AG03-UNRESOLVED,ALL5_LEVELS_bet23_to_bet27,19.3408,19.3408,19.3408,24.1760,24.1760,4.000000,4.000000,4.000000,5.000000,5.000000,96.000000,96.000000,96.000000,95.000000,95.000000,5.0,106.3742,97.4416,377.1451,386.0777,PENDING_AG03,FALSE,NOT_FOR_ENFORCEMENT,464.1785,70789.7852,483.5193,464.1785,19.3408,0.00593162,0.00569435,19.3408,464.1785,0.00569435,19.3408,19.3408,19.3408,24.1760,24.1760,464.1785,0.00569435,106.3742,97.4416,377.1451,386.0777,0.00462666,0.00473624,0.00023726,7.1750,6.4906,0.0426,4.2045,0.0806,708.8314,98.7913,8.8300,6.6350,4.0407,4.4018,8.4329,14.3073,20.7715,40.8781,4.2012,0.0,4.718859,9.286678,1.630025,30,242,81,2,0.30276321,0.00593162,-0.00694385,0E-8,0.000000,0.904604,0.002289,0.01846642,2026-03-22,2026-08-06,115,6001,2406,138,0.833333,1.330819,1.230659,1.009211,,,,,,,,GLOBAL_BASELINE_NO_ENTITY_RANKING,,,NOT_APPLICABLE_GLOBAL_BASELINE,HF9g-P5,,,,X 全窗基线 · 不参与实体赏罚,8399234,840,A168_HF9F_20260827_0900,2026-08-27 09:00:00
2026-03-25,36810153,2121,0,8.8035918655,4.4017959327,4.4017959327,0.5000000,2,2,0.49324550000000000,0.493245500000,0.01910635448239258,0.01910635448239258,0.01910635448239258,0E-17,ELIGIBLE,R03b_20260811_FULL_v1,L1_ELIGIBILITY,v2026-08-11,2026-03-21..2026-08-06,baccarat_bet02_101_all_pairs_incl_sentinel,round_win = game_pnl > 0 (decisive only),COMPATIBILITY_ONLY_NOT_PRODUCTION,81515.6139,73739.3596,483.5193,11361,11361,-0.00593162,0.00694385,-0.01152257,-0.00593162,-483.5193,81515.6139,OK,0.0000,19.3408,4.0000,96.0000,AG03-UNRESOLVED,ALL5_LEVELS_bet23_to_bet27,19.3408,19.3408,19.3408,24.1760,24.1760,4.000000,4.000000,4.000000,5.000000,5.000000,96.000000,96.000000,96.000000,95.000000,95.000000,5.0,106.3742,97.4416,377.1451,386.0777,PENDING_AG03,FALSE,NOT_FOR_ENFORCEMENT,464.1785,70789.7852,483.5193,464.1785,19.3408,0.00593162,0.00569435,19.3408,464.1785,0.00569435,19.3408,19.3408,19.3408,24.1760,24.1760,464.1785,0.00569435,106.3742,97.4416,377.1451,386.0777,0.00462666,0.00473624,0.00023726,7.1750,6.4906,0.0426,4.2045,0.0806,708.8314,98.7913,8.8300,6.6350,4.0407,4.4018,8.4329,14.3073,20.7715,40.8781,4.2012,0.0,4.718859,9.286678,1.630025,30,242,81,2,0.30276321,0.00593162,-0.00694385,0E-8,0.000000,0.904604,0.002289,0.01846642,2026-03-22,2026-08-06,115,6001,2406,138,0.833333,1.330819,1.230659,1.009211,,,,,,,,GLOBAL_BASELINE_NO_ENTITY_RANKING,,,NOT_APPLICABLE_GLOBAL_BASELINE,HF9g-P5,,,,X 全窗基线 · 不参与实体赏罚,8399235,840,A168_HF9F_20260827_0900,2026-08-27 09:00:00
2026-03-25,36810153,2130,0,4.1817061361,-4.1817061361,-4.1817061361,0E-7,1,1,0.49324550000000000,0.493245500000,-0.9865810262130424,-0.9865810262130424,-0.9865810262130424,0E-17,ELIGIBLE,R03b_20260811_FULL_v1,L1_ELIGIBILITY,v2026-08-11,2026-03-21..2026-08-06,baccarat_bet02_101_all_pairs_incl_sentinel,round_win = game_pnl > 0 (decisive only),COMPATIBILITY_ONLY_NOT_PRODUCTION,81515.6139,73739.3596,483.5193,11361,11361,-0.00593162,0.00694385,-0.01152257,-0.00593162,-483.5193,81515.6139,OK,0.0000,19.3408,4.0000,96.0000,AG03-UNRESOLVED,ALL5_LEVELS_bet23_to_bet27,19.3408,19.3408,19.3408,24.1760,24.1760,4.000000,4.000000,4.000000,5.000000,5.000000,96.000000,96.000000,96.000000,95.000000,95.000000,5.0,106.3742,97.4416,377.1451,386.0777,PENDING_AG03,FALSE,NOT_FOR_ENFORCEMENT,464.1785,70789.7852,483.5193,464.1785,19.3408,0.00593162,0.00569435,19.3408,464.1785,0.00569435,19.3408,19.3408,19.3408,24.1760,24.1760,464.1785,0.00569435,106.3742,97.4416,377.1451,386.0777,0.00462666,0.00473624,0.00023726,7.1750,6.4906,0.0426,4.2045,0.0806,708.8314,98.7913,8.8300,6.6350,4.0407,4.4018,8.4329,14.3073,20.7715,40.8781,4.2012,0.0,4.718859,9.286678,1.630025,30,242,81,2,0.30276321,0.00593162,-0.00694385,0E-8,0.000000,0.904604,0.002289,0.01846642,2026-03-22,2026-08-06,115,6001,2406,138,0.833333,1.330819,1.230659,1.009211,,,,,,,,GLOBAL_BASELINE_NO_ENTITY_RANKING,,,NOT_APPLICABLE_GLOBAL_BASELINE,HF9g-P5,,,,X 全窗基线 · 不参与实体赏罚,8399236,840,A168_HF9F_20260827_0900,2026-08-27 09:00:00
2026-03-25,36810153,2155,0,8.5835020688,-8.5835020688,-8.5835020688,0E-7,1,1,0.50665070000000000,0.506650700000,-1.013391052207602,-1.013391052207602,-1.013391052207602,0E-17,ELIGIBLE,R03b_20260811_FULL_v1,L1_ELIGIBILITY,v2026-08-11,2026-03-21..2026-08-06,baccarat_bet02_101_all_pairs_incl_sentinel,round_win = game_pnl > 0 (decisive only),COMPATIBILITY_ONLY_NOT_PRODUCTION,81515.6139,73739.3596,483.5193,11361,11361,-0.00593162,0.00694385,-0.01152257,-0.00593162,-483.5193,81515.6139,OK,0.0000,19.3408,4.0000,96.0000,AG03-UNRESOLVED,ALL5_LEVELS_bet23_to_bet27,19.3408,19.3408,19.3408,24.1760,24.1760,4.000000,4.000000,4.000000,5.000000,5.000000,96.000000,96.000000,96.000000,95.000000,95.000000,5.0,106.3742,97.4416,377.1451,386.0777,PENDING_AG03,FALSE,NOT_FOR_ENFORCEMENT,464.1785,70789.7852,483.5193,464.1785,19.3408,0.00593162,0.00569435,19.3408,464.1785,0.00569435,19.3408,19.3408,19.3408,24.1760,24.1760,464.1785,0.00569435,106.3742,97.4416,377.1451,386.0777,0.00462666,0.00473624,0.00023726,7.1750,6.4906,0.0426,4.2045,0.0806,708.8314,98.7913,8.8300,6.6350,4.0407,4.4018,8.4329,14.3073,20.7715,40.8781,4.2012,0.0,4.718859,9.286678,1.630025,30,242,81,2,0.30276321,0.00593162,-0.00694385,0E-8,0.000000,0.904604,0.002289,0.01846642,2026-03-22,2026-08-06,115,6001,2406,138,0.833333,1.330819,1.230659,1.009211,,,,,,,,GLOBAL_BASELINE_NO_ENTITY_RANKING,,,NOT_APPLICABLE_GLOBAL_BASELINE,HF9g-P5,,,,X 全窗基线 · 不参与实体赏罚,8399237,840,A168_HF9F_20260827_0900,2026-08-27 09:00:00
2026-03-25,36810153,2175,0,8.8035918655,-8.8035918655,-8.8035918655,0E-7,1,1,0.50665070000000000,0.506650700000,-1.013391052207602,-1.013391052207602,-1.013391052207602,0E-17,ELIGIBLE,R03b_20260811_FULL_v1,L1_ELIGIBILITY,v2026-08-11,2026-03-21..2026-08-06,baccarat_bet02_101_all_pairs_incl_sentinel,round_win = game_pnl > 0 (decisive only),COMPATIBILITY_ONLY_NOT_PRODUCTION,81515.6139,73739.3596,483.5193,11361,11361,-0.00593162,0.00694385,-0.01152257,-0.00593162,-483.5193,81515.6139,OK,0.0000,19.3408,4.0000,96.0000,AG03-UNRESOLVED,ALL5_LEVELS_bet23_to_bet27,19.3408,19.3408,19.3408,24.1760,24.1760,4.000000,4.000000,4.000000,5.000000,5.000000,96.000000,96.000000,96.000000,95.000000,95.000000,5.0,106.3742,97.4416,377.1451,386.0777,PENDING_AG03,FALSE,NOT_FOR_ENFORCEMENT,464.1785,70789.7852,483.5193,464.1785,19.3408,0.00593162,0.00569435,19.3408,464.1785,0.00569435,19.3408,19.3408,19.3408,24.1760,24.1760,464.1785,0.00569435,106.3742,97.4416,377.1451,386.0777,0.00462666,0.00473624,0.00023726,7.1750,6.4906,0.0426,4.2045,0.0806,708.8314,98.7913,8.8300,6.6350,4.0407,4.4018,8.4329,14.3073,20.7715,40.8781,4.2012,0.0,4.718859,9.286678,1.630025,30,242,81,2,0.30276321,0.00593162,-0.00694385,0E-8,0.000000,0.904604,0.002289,0.01846642,2026-03-22,2026-08-06,115,6001,2406,138,0.833333,1.330819,1.230659,1.009211,,,,,,,,GLOBAL_BASELINE_NO_ENTITY_RANKING,,,NOT_APPLICABLE_GLOBAL_BASELINE,HF9g-P5,,,,X 全窗基线 · 不参与实体赏罚,8399238,840,A168_HF9F_20260827_0900,2026-08-27 09:00:00
2026-03-25,36810153,2188,0,4.4017959327,4.1817061361,4.1817061361,1.0000000,1,1,0.50665070000000000,0.506650700000,0.9867858985152569,0.9867858985152569,0.9867858985152569,0E-17,ELIGIBLE,R03b_20260811_FULL_v1,L1_ELIGIBILITY,v2026-08-11,2026-03-21..2026-08-06,baccarat_bet02_101_all_pairs_incl_sentinel,round_win = game_pnl > 0 (decisive only),COMPATIBILITY_ONLY_NOT_PRODUCTION,81515.6139,73739.3596,483.5193,11361,11361,-0.00593162,0.00694385,-0.01152257,-0.00593162,-483.5193,81515.6139,OK,0.0000,19.3408,4.0000,96.0000,AG03-UNRESOLVED,ALL5_LEVELS_bet23_to_bet27,19.3408,19.3408,19.3408,24.1760,24.1760,4.000000,4.000000,4.000000,5.000000,5.000000,96.000000,96.000000,96.000000,95.000000,95.000000,5.0,106.3742,97.4416,377.1451,386.0777,PENDING_AG03,FALSE,NOT_FOR_ENFORCEMENT,464.1785,70789.7852,483.5193,464.1785,19.3408,0.00593162,0.00569435,19.3408,464.1785,0.00569435,19.3408,19.3408,19.3408,24.1760,24.1760,464.1785,0.00569435,106.3742,97.4416,377.1451,386.0777,0.00462666,0.00473624,0.00023726,7.1750,6.4906,0.0426,4.2045,0.0806,708.8314,98.7913,8.8300,6.6350,4.0407,4.4018,8.4329,14.3073,20.7715,40.8781,4.2012,0.0,4.718859,9.286678,1.630025,30,242,81,2,0.30276321,0.00593162,-0.00694385,0E-8,0.000000,0.904604,0.002289,0.01846642,2026-03-22,2026-08-06,115,6001,2406,138,0.833333,1.330819,1.230659,1.009211,,,,,,,,GLOBAL_BASELINE_NO_ENTITY_RANKING,,,NOT_APPLICABLE_GLOBAL_BASELINE,HF9g-P5,,,,X 全窗基线 · 不参与实体赏罚,8399239,840,A168_HF9F_20260827_0900,2026-08-27 09:00:00
2026-03-25,36810153,2202,0,22.0089796637,22.0089796637,22.0089796637,1.0000000,1,1,0.49324550000000000,0.493245500000,1.01360149184955,1.01360149184955,1.01360149184955,0E-17,ELIGIBLE,R03b_20260811_FULL_v1,L1_ELIGIBILITY,v2026-08-11,2026-03-21..2026-08-06,baccarat_bet02_101_all_pairs_incl_sentinel,round_win = game_pnl > 0 (decisive only),COMPATIBILITY_ONLY_NOT_PRODUCTION,81515.6139,73739.3596,483.5193,11361,11361,-0.00593162,0.00694385,-0.01152257,-0.00593162,-483.5193,81515.6139,OK,0.0000,19.3408,4.0000,96.0000,AG03-UNRESOLVED,ALL5_LEVELS_bet23_to_bet27,19.3408,19.3408,19.3408,24.1760,24.1760,4.000000,4.000000,4.000000,5.000000,5.000000,96.000000,96.000000,96.000000,95.000000,95.000000,5.0,106.3742,97.4416,377.1451,386.0777,PENDING_AG03,FALSE,NOT_FOR_ENFORCEMENT,464.1785,70789.7852,483.5193,464.1785,19.3408,0.00593162,0.00569435,19.3408,464.1785,0.00569435,19.3408,19.3408,19.3408,24.1760,24.1760,464.1785,0.00569435,106.3742,97.4416,377.1451,386.0777,0.00462666,0.00473624,0.00023726,7.1750,6.4906,0.0426,4.2045,0.0806,708.8314,98.7913,8.8300,6.6350,4.0407,4.4018,8.4329,14.3073,20.7715,40.8781,4.2012,0.0,4.718859,9.286678,1.630025,30,242,81,2,0.30276321,0.00593162,-0.00694385,0E-8,0.000000,0.904604,0.002289,0.01846642,2026-03-22,2026-08-06,115,6001,2406,138,0.833333,1.330819,1.230659,1.009211,,,,,,,,GLOBAL_BASELINE_NO_ENTITY_RANKING,,,NOT_APPLICABLE_GLOBAL_BASELINE,HF9g-P5,,,,X 全窗基线 · 不参与实体赏罚,8399240,840,A168_HF9F_20260827_0900,2026-08-27 09:00:00
2026-03-25,36810153,2216,0,4.4017959327,-4.4017959327,-4.4017959327,0E-7,1,1,0.50665070000000000,0.506650700000,-1.013391052207602,-1.013391052207602,-1.013391052207602,0E-17,ELIGIBLE,R03b_20260811_FULL_v1,L1_ELIGIBILITY,v2026-08-11,2026-03-21..2026-08-06,baccarat_bet02_101_all_pairs_incl_sentinel,round_win = game_pnl > 0 (decisive only),COMPATIBILITY_ONLY_NOT_PRODUCTION,81515.6139,73739.3596,483.5193,11361,11361,-0.00593162,0.00694385,-0.01152257,-0.00593162,-483.5193,81515.6139,OK,0.0000,19.3408,4.0000,96.0000,AG03-UNRESOLVED,ALL5_LEVELS_bet23_to_bet27,19.3408,19.3408,19.3408,24.1760,24.1760,4.000000,4.000000,4.000000,5.000000,5.000000,96.000000,96.000000,96.000000,95.000000,95.000000,5.0,106.3742,97.4416,377.1451,386.0777,PENDING_AG03,FALSE,NOT_FOR_ENFORCEMENT,464.1785,70789.7852,483.5193,464.1785,19.3408,0.00593162,0.00569435,19.3408,464.1785,0.00569435,19.3408,19.3408,19.3408,24.1760,24.1760,464.1785,0.00569435,106.3742,97.4416,377.1451,386.0777,0.00462666,0.00473624,0.00023726,7.1750,6.4906,0.0426,4.2045,0.0806,708.8314,98.7913,8.8300,6.6350,4.0407,4.4018,8.4329,14.3073,20.7715,40.8781,4.2012,0.0,4.718859,9.286678,1.630025,30,242,81,2,0.30276321,0.00593162,-0.00694385,0E-8,0.000000,0.904604,0.002289,0.01846642,2026-03-22,2026-08-06,115,6001,2406,138,0.833333,1.330819,1.230659,1.009211,,,,,,,,GLOBAL_BASELINE_NO_ENTITY_RANKING,,,NOT_APPLICABLE_GLOBAL_BASELINE,HF9g-P5,,,,X 全窗基线 · 不参与实体赏罚,8399241,840,A168_HF9F_20260827_0900,2026-08-27 09:00:00
2026-03-25,36810153,2246,0,2.2008979664,-2.2008979664,-2.2008979664,0E-7,1,1,0.49324550000000000,0.493245500000,-0.9865810262130424,-0.9865810262130424,-0.9865810262130424,0E-17,ELIGIBLE,R03b_20260811_FULL_v1,L1_ELIGIBILITY,v2026-08-11,2026-03-21..2026-08-06,baccarat_bet02_101_all_pairs_incl_sentinel,round_win = game_pnl > 0 (decisive only),COMPATIBILITY_ONLY_NOT_PRODUCTION,81515.6139,73739.3596,483.5193,11361,11361,-0.00593162,0.00694385,-0.01152257,-0.00593162,-483.5193,81515.6139,OK,0.0000,19.3408,4.0000,96.0000,AG03-UNRESOLVED,ALL5_LEVELS_bet23_to_bet27,19.3408,19.3408,19.3408,24.1760,24.1760,4.000000,4.000000,4.000000,5.000000,5.000000,96.000000,96.000000,96.000000,95.000000,95.000000,5.0,106.3742,97.4416,377.1451,386.0777,PENDING_AG03,FALSE,NOT_FOR_ENFORCEMENT,464.1785,70789.7852,483.5193,464.1785,19.3408,0.00593162,0.00569435,19.3408,464.1785,0.00569435,19.3408,19.3408,19.3408,24.1760,24.1760,464.1785,0.00569435,106.3742,97.4416,377.1451,386.0777,0.00462666,0.00473624,0.00023726,7.1750,6.4906,0.0426,4.2045,0.0806,708.8314,98.7913,8.8300,6.6350,4.0407,4.4018,8.4329,14.3073,20.7715,40.8781,4.2012,0.0,4.718859,9.286678,1.630025,30,242,81,2,0.30276321,0.00593162,-0.00694385,0E-8,0.000000,0.904604,0.002289,0.01846642,2026-03-22,2026-08-06,115,6001,2406,138,0.833333,1.330819,1.230659,1.009211,,,,,,,,GLOBAL_BASELINE_NO_ENTITY_RANKING,,,NOT_APPLICABLE_GLOBAL_BASELINE,HF9g-P5,,,,X 全窗基线 · 不参与实体赏罚,8399242,840,A168_HF9F_20260827_0900,2026-08-27 09:00:00
2026-03-25,36810153,2254,0,19.1478123074,18.5975878159,18.5975878159,1.0000000,4,4,0.49994810000000000,0.499948100000,2.0002076107755586,2.0002076107755586,2.0002076107755586,0E-17,ELIGIBLE,R03b_20260811_FULL_v1,L1_ELIGIBILITY,v2026-08-11,2026-03-21..2026-08-06,baccarat_bet02_101_all_pairs_incl_sentinel,round_win = game_pnl > 0 (decisive only),COMPATIBILITY_ONLY_NOT_PRODUCTION,81515.6139,73739.3596,483.5193,11361,11361,-0.00593162,0.00694385,-0.01152257,-0.00593162,-483.5193,81515.6139,OK,0.0000,19.3408,4.0000,96.0000,AG03-UNRESOLVED,ALL5_LEVELS_bet23_to_bet27,19.3408,19.3408,19.3408,24.1760,24.1760,4.000000,4.000000,4.000000,5.000000,5.000000,96.000000,96.000000,96.000000,95.000000,95.000000,5.0,106.3742,97.4416,377.1451,386.0777,PENDING_AG03,FALSE,NOT_FOR_ENFORCEMENT,464.1785,70789.7852,483.5193,464.1785,19.3408,0.00593162,0.00569435,19.3408,464.1785,0.00569435,19.3408,19.3408,19.3408,24.1760,24.1760,464.1785,0.00569435,106.3742,97.4416,377.1451,386.0777,0.00462666,0.00473624,0.00023726,7.1750,6.4906,0.0426,4.2045,0.0806,708.8314,98.7913,8.8300,6.6350,4.0407,4.4018,8.4329,14.3073,20.7715,40.8781,4.2012,0.0,4.718859,9.286678,1.630025,30,242,81,2,0.30276321,0.00593162,-0.00694385,0E-8,0.000000,0.904604,0.002289,0.01846642,2026-03-22,2026-08-06,115,6001,2406,138,0.833333,1.330819,1.230659,1.009211,,,,,,,,GLOBAL_BASELINE_NO_ENTITY_RANKING,,,NOT_APPLICABLE_GLOBAL_BASELINE,HF9g-P5,,,,X 全窗基线 · 不参与实体赏罚,8399243,840,A168_HF9F_20260827_0900,2026-08-27 09:00:00
2026-03-25,36810153,2256,0,22.4491592569,21.7888898670,21.7888898670,1.0000000,3,3,0.49771390000000000,0.497713900000,1.739988277604938,1.739988277604938,1.739988277604938,0E-17,ELIGIBLE,R03b_20260811_FULL_v1,L1_ELIGIBILITY,v2026-08-11,2026-03-21..2026-08-06,baccarat_bet02_101_all_pairs_incl_sentinel,round_win = game_pnl > 0 (decisive only),COMPATIBILITY_ONLY_NOT_PRODUCTION,81515.6139,73739.3596,483.5193,11361,11361,-0.00593162,0.00694385,-0.01152257,-0.00593162,-483.5193,81515.6139,OK,0.0000,19.3408,4.0000,96.0000,AG03-UNRESOLVED,ALL5_LEVELS_bet23_to_bet27,19.3408,19.3408,19.3408,24.1760,24.1760,4.000000,4.000000,4.000000,5.000000,5.000000,96.000000,96.000000,96.000000,95.000000,95.000000,5.0,106.3742,97.4416,377.1451,386.0777,PENDING_AG03,FALSE,NOT_FOR_ENFORCEMENT,464.1785,70789.7852,483.5193,464.1785,19.3408,0.00593162,0.00569435,19.3408,464.1785,0.00569435,19.3408,19.3408,19.3408,24.1760,24.1760,464.1785,0.00569435,106.3742,97.4416,377.1451,386.0777,0.00462666,0.00473624,0.00023726,7.1750,6.4906,0.0426,4.2045,0.0806,708.8314,98.7913,8.8300,6.6350,4.0407,4.4018,8.4329,14.3073,20.7715,40.8781,4.2012,0.0,4.718859,9.286678,1.630025,30,242,81,2,0.30276321,0.00593162,-0.00694385,0E-8,0.000000,0.904604,0.002289,0.01846642,2026-03-22,2026-08-06,115,6001,2406,138,0.833333,1.330819,1.230659,1.009211,,,,,,,,GLOBAL_BASELINE_NO_ENTITY_RANKING,,,NOT_APPLICABLE_GLOBAL_BASELINE,HF9g-P5,,,,X 全窗基线 · 不参与实体赏罚,8399244,840,A168_HF9F_20260827_0900,2026-08-27 09:00:00
2026-03-25,36810153,462,0,22.0089796638,-17.7172286293,-17.7172286293,0.2000000,5,5,0.50128862000000000,0.501288620000,-1.347408145195933,-1.347408145195933,-1.347408145195933,0E-17,ELIGIBLE,R03b_20260811_FULL_v1,L1_ELIGIBILITY,v2026-08-11,2026-03-21..2026-08-06,baccarat_bet02_101_all_pairs_incl_sentinel,round_win = game_pnl > 0 (decisive only),COMPATIBILITY_ONLY_NOT_PRODUCTION,81515.6139,73739.3596,483.5193,11361,11361,-0.00593162,0.00694385,-0.01152257,-0.00593162,-483.5193,81515.6139,OK,0.0000,19.3408,4.0000,96.0000,AG03-UNRESOLVED,ALL5_LEVELS_bet23_to_bet27,19.3408,19.3408,19.3408,24.1760,24.1760,4.000000,4.000000,4.000000,5.000000,5.000000,96.000000,96.000000,96.000000,95.000000,95.000000,5.0,106.3742,97.4416,377.1451,386.0777,PENDING_AG03,FALSE,NOT_FOR_ENFORCEMENT,464.1785,70789.7852,483.5193,464.1785,19.3408,0.00593162,0.00569435,19.3408,464.1785,0.00569435,19.3408,19.3408,19.3408,24.1760,24.1760,464.1785,0.00569435,106.3742,97.4416,377.1451,386.0777,0.00462666,0.00473624,0.00023726,7.1750,6.4906,0.0426,4.2045,0.0806,708.8314,98.7913,8.8300,6.6350,4.0407,4.4018,8.4329,14.3073,20.7715,40.8781,4.2012,0.0,4.718859,9.286678,1.630025,30,242,81,2,0.30276321,0.00593162,-0.00694385,0E-8,0.000000,0.904604,0.002289,0.01846642,2026-03-22,2026-08-06,115,6001,2406,138,0.833333,1.330819,1.230659,1.009211,,,,,,,,GLOBAL_BASELINE_NO_ENTITY_RANKING,,,NOT_APPLICABLE_GLOBAL_BASELINE,HF9g-P5,,,,X 全窗基线 · 不参与实体赏罚,8399245,840,A168_HF9F_20260827_0900,2026-08-27 09:00:00
2026-03-25,36810153,526,0,8.8035918655,-8.8035918655,-8.8035918655,0E-7,1,1,0.49324550000000000,0.493245500000,-0.9865810262130424,-0.9865810262130424,-0.9865810262130424,0E-17,ELIGIBLE,R03b_20260811_FULL_v1,L1_ELIGIBILITY,v2026-08-11,2026-03-21..2026-08-06,baccarat_bet02_101_all_pairs_incl_sentinel,round_win = game_pnl > 0 (decisive only),COMPATIBILITY_ONLY_NOT_PRODUCTION,81515.6139,73739.3596,483.5193,11361,11361,-0.00593162,0.00694385,-0.01152257,-0.00593162,-483.5193,81515.6139,OK,0.0000,19.3408,4.0000,96.0000,AG03-UNRESOLVED,ALL5_LEVELS_bet23_to_bet27,19.3408,19.3408,19.3408,24.1760,24.1760,4.000000,4.000000,4.000000,5.000000,5.000000,96.000000,96.000000,96.000000,95.000000,95.000000,5.0,106.3742,97.4416,377.1451,386.0777,PENDING_AG03,FALSE,NOT_FOR_ENFORCEMENT,464.1785,70789.7852,483.5193,464.1785,19.3408,0.00593162,0.00569435,19.3408,464.1785,0.00569435,19.3408,19.3408,19.3408,24.1760,24.1760,464.1785,0.00569435,106.3742,97.4416,377.1451,386.0777,0.00462666,0.00473624,0.00023726,7.1750,6.4906,0.0426,4.2045,0.0806,708.8314,98.7913,8.8300,6.6350,4.0407,4.4018,8.4329,14.3073,20.7715,40.8781,4.2012,0.0,4.718859,9.286678,1.630025,30,242,81,2,0.30276321,0.00593162,-0.00694385,0E-8,0.000000,0.904604,0.002289,0.01846642,2026-03-22,2026-08-06,115,6001,2406,138,0.833333,1.330819,1.230659,1.009211,,,,,,,,GLOBAL_BASELINE_NO_ENTITY_RANKING,,,NOT_APPLICABLE_GLOBAL_BASELINE,HF9g-P5,,,,X 全窗基线 · 不参与实体赏罚,8399246,840,A168_HF9F_20260827_0900,2026-08-27 09:00:00
2026-03-25,36810153,583,0,10.1241306454,5.0620653227,5.0620653227,1.0000000,2,2,0.49324550000000000,0.493245500000,1.01360149184955,1.01360149184955,1.01360149184955,0E-17,ELIGIBLE,R03b_20260811_FULL_v1,L1_ELIGIBILITY,v2026-08-11,2026-03-21..2026-08-06,baccarat_bet02_101_all_pairs_incl_sentinel,round_win = game_pnl > 0 (decisive only),COMPATIBILITY_ONLY_NOT_PRODUCTION,81515.6139,73739.3596,483.5193,11361,11361,-0.00593162,0.00694385,-0.01152257,-0.00593162,-483.5193,81515.6139,OK,0.0000,19.3408,4.0000,96.0000,AG03-UNRESOLVED,ALL5_LEVELS_bet23_to_bet27,19.3408,19.3408,19.3408,24.1760,24.1760,4.000000,4.000000,4.000000,5.000000,5.000000,96.000000,96.000000,96.000000,95.000000,95.000000,5.0,106.3742,97.4416,377.1451,386.0777,PENDING_AG03,FALSE,NOT_FOR_ENFORCEMENT,464.1785,70789.7852,483.5193,464.1785,19.3408,0.00593162,0.00569435,19.3408,464.1785,0.00569435,19.3408,19.3408,19.3408,24.1760,24.1760,464.1785,0.00569435,106.3742,97.4416,377.1451,386.0777,0.00462666,0.00473624,0.00023726,7.1750,6.4906,0.0426,4.2045,0.0806,708.8314,98.7913,8.8300,6.6350,4.0407,4.4018,8.4329,14.3073,20.7715,40.8781,4.2012,0.0,4.718859,9.286678,1.630025,30,242,81,2,0.30276321,0.00593162,-0.00694385,0E-8,0.000000,0.904604,0.002289,0.01846642,2026-03-22,2026-08-06,115,6001,2406,138,0.833333,1.330819,1.230659,1.009211,,,,,,,,GLOBAL_BASELINE_NO_ENTITY_RANKING,,,NOT_APPLICABLE_GLOBAL_BASELINE,HF9g-P5,,,,X 全窗基线 · 不参与实体赏罚,8399247,840,A168_HF9F_20260827_0900,2026-08-27 09:00:00
2026-03-25,36810153,752,0,31.4728409192,26.3117351880,26.3117351880,0.7500000,5,5,0.50396966000000000,0.503969660000,0.9841523774297893,0.9841523774297894,0.9841523774297893,0E-17,ELIGIBLE,R03b_20260811_FULL_v1,L1_ELIGIBILITY,v2026-08-11,2026-03-21..2026-08-06,baccarat_bet02_101_all_pairs_incl_sentinel,round_win = game_pnl > 0 (decisive only),COMPATIBILITY_ONLY_NOT_PRODUCTION,81515.6139,73739.3596,483.5193,11361,11361,-0.00593162,0.00694385,-0.01152257,-0.00593162,-483.5193,81515.6139,OK,0.0000,19.3408,4.0000,96.0000,AG03-UNRESOLVED,ALL5_LEVELS_bet23_to_bet27,19.3408,19.3408,19.3408,24.1760,24.1760,4.000000,4.000000,4.000000,5.000000,5.000000,96.000000,96.000000,96.000000,95.000000,95.000000,5.0,106.3742,97.4416,377.1451,386.0777,PENDING_AG03,FALSE,NOT_FOR_ENFORCEMENT,464.1785,70789.7852,483.5193,464.1785,19.3408,0.00593162,0.00569435,19.3408,464.1785,0.00569435,19.3408,19.3408,19.3408,24.1760,24.1760,464.1785,0.00569435,106.3742,97.4416,377.1451,386.0777,0.00462666,0.00473624,0.00023726,7.1750,6.4906,0.0426,4.2045,0.0806,708.8314,98.7913,8.8300,6.6350,4.0407,4.4018,8.4329,14.3073,20.7715,40.8781,4.2012,0.0,4.718859,9.286678,1.630025,30,242,81,2,0.30276321,0.00593162,-0.00694385,0E-8,0.000000,0.904604,0.002289,0.01846642,2026-03-22,2026-08-06,115,6001,2406,138,0.833333,1.330819,1.230659,1.009211,,,,,,,,GLOBAL_BASELINE_NO_ENTITY_RANKING,,,NOT_APPLICABLE_GLOBAL_BASELINE,HF9g-P5,,,,X 全窗基线 · 不参与实体赏罚,8399248,840,A168_HF9F_20260827_0900,2026-08-27 09:00:00
2026-03-25,36810153,789,0,12.9852980015,-4.1817061361,-4.1817061361,0.5000000,2,2,0.49994810000000000,0.499948100000,0.00014679536856514622,0.00014679536856514622,0.00014679536856514622,0E-17,ELIGIBLE,R03b_20260811_FULL_v1,L1_ELIGIBILITY,v2026-08-11,2026-03-21..2026-08-06,baccarat_bet02_101_all_pairs_incl_sentinel,round_win = game_pnl > 0 (decisive only),COMPATIBILITY_ONLY_NOT_PRODUCTION,81515.6139,73739.3596,483.5193,11361,11361,-0.00593162,0.00694385,-0.01152257,-0.00593162,-483.5193,81515.6139,OK,0.0000,19.3408,4.0000,96.0000,AG03-UNRESOLVED,ALL5_LEVELS_bet23_to_bet27,19.3408,19.3408,19.3408,24.1760,24.1760,4.000000,4.000000,4.000000,5.000000,5.000000,96.000000,96.000000,96.000000,95.000000,95.000000,5.0,106.3742,97.4416,377.1451,386.0777,PENDING_AG03,FALSE,NOT_FOR_ENFORCEMENT,464.1785,70789.7852,483.5193,464.1785,19.3408,0.00593162,0.00569435,19.3408,464.1785,0.00569435,19.3408,19.3408,19.3408,24.1760,24.1760,464.1785,0.00569435,106.3742,97.4416,377.1451,386.0777,0.00462666,0.00473624,0.00023726,7.1750,6.4906,0.0426,4.2045,0.0806,708.8314,98.7913,8.8300,6.6350,4.0407,4.4018,8.4329,14.3073,20.7715,40.8781,4.2012,0.0,4.718859,9.286678,1.630025,30,242,81,2,0.30276321,0.00593162,-0.00694385,0E-8,0.000000,0.904604,0.002289,0.01846642,2026-03-22,2026-08-06,115,6001,2406,138,0.833333,1.330819,1.230659,1.009211,,,,,,,,GLOBAL_BASELINE_NO_ENTITY_RANKING,,,NOT_APPLICABLE_GLOBAL_BASELINE,HF9g-P5,,,,X 全窗基线 · 不参与实体赏罚,8399249,840,A168_HF9F_20260827_0900,2026-08-27 09:00:00
2026-03-25,36810153,919,0,8.3634122722,0.2200897966,0.2200897966,0.5000000,2,2,0.50665070000000000,0.506650700000,-0.018812684590367487,-0.018812684590367487,-0.018812684590367487,0E-17,ELIGIBLE,R03b_20260811_FULL_v1,L1_ELIGIBILITY,v2026-08-11,2026-03-21..2026-08-06,baccarat_bet02_101_all_pairs_incl_sentinel,round_win = game_pnl > 0 (decisive only),COMPATIBILITY_ONLY_NOT_PRODUCTION,81515.6139,73739.3596,483.5193,11361,11361,-0.00593162,0.00694385,-0.01152257,-0.00593162,-483.5193,81515.6139,OK,0.0000,19.3408,4.0000,96.0000,AG03-UNRESOLVED,ALL5_LEVELS_bet23_to_bet27,19.3408,19.3408,19.3408,24.1760,24.1760,4.000000,4.000000,4.000000,5.000000,5.000000,96.000000,96.000000,96.000000,95.000000,95.000000,5.0,106.3742,97.4416,377.1451,386.0777,PENDING_AG03,FALSE,NOT_FOR_ENFORCEMENT,464.1785,70789.7852,483.5193,464.1785,19.3408,0.00593162,0.00569435,19.3408,464.1785,0.00569435,19.3408,19.3408,19.3408,24.1760,24.1760,464.1785,0.00569435,106.3742,97.4416,377.1451,386.0777,0.00462666,0.00473624,0.00023726,7.1750,6.4906,0.0426,4.2045,0.0806,708.8314,98.7913,8.8300,6.6350,4.0407,4.4018,8.4329,14.3073,20.7715,40.8781,4.2012,0.0,4.718859,9.286678,1.630025,30,242,81,2,0.30276321,0.00593162,-0.00694385,0E-8,0.000000,0.904604,0.002289,0.01846642,2026-03-22,2026-08-06,115,6001,2406,138,0.833333,1.330819,1.230659,1.009211,,,,,,,,GLOBAL_BASELINE_NO_ENTITY_RANKING,,,NOT_APPLICABLE_GLOBAL_BASELINE,HF9g-P5,,,,X 全窗基线 · 不参与实体赏罚,8399250,840,A168_HF9F_20260827_0900,2026-08-27 09:00:00
2026-03-25,36810153,994,0,8.8035918654,-0.2200897966,-0.2200897966,0.5000000,2,2,0.49994810000000000,0.499948100000,0.00014679536856514622,0.00014679536856514622,0.00014679536856514622,0E-17,ELIGIBLE,R03b_20260811_FULL_v1,L1_ELIGIBILITY,v2026-08-11,2026-03-21..2026-08-06,baccarat_bet02_101_all_pairs_incl_sentinel,round_win = game_pnl > 0 (decisive only),COMPATIBILITY_ONLY_NOT_PRODUCTION,81515.6139,73739.3596,483.5193,11361,11361,-0.00593162,0.00694385,-0.01152257,-0.00593162,-483.5193,81515.6139,OK,0.0000,19.3408,4.0000,96.0000,AG03-UNRESOLVED,ALL5_LEVELS_bet23_to_bet27,19.3408,19.3408,19.3408,24.1760,24.1760,4.000000,4.000000,4.000000,5.000000,5.000000,96.000000,96.000000,96.000000,95.000000,95.000000,5.0,106.3742,97.4416,377.1451,386.0777,PENDING_AG03,FALSE,NOT_FOR_ENFORCEMENT,464.1785,70789.7852,483.5193,464.1785,19.3408,0.00593162,0.00569435,19.3408,464.1785,0.00569435,19.3408,19.3408,19.3408,24.1760,24.1760,464.1785,0.00569435,106.3742,97.4416,377.1451,386.0777,0.00462666,0.00473624,0.00023726,7.1750,6.4906,0.0426,4.2045,0.0806,708.8314,98.7913,8.8300,6.6350,4.0407,4.4018,8.4329,14.3073,20.7715,40.8781,4.2012,0.0,4.718859,9.286678,1.630025,30,242,81,2,0.30276321,0.00593162,-0.00694385,0E-8,0.000000,0.904604,0.002289,0.01846642,2026-03-22,2026-08-06,115,6001,2406,138,0.833333,1.330819,1.230659,1.009211,,,,,,,,GLOBAL_BASELINE_NO_ENTITY_RANKING,,,NOT_APPLICABLE_GLOBAL_BASELINE,HF9g-P5,,,,X 全窗基线 · 不参与实体赏罚,8399251,840,A168_HF9F_20260827_0900,2026-08-27 09:00:00
2026-03-26,36810153,-1,1,99.2604982834,-24.4409719166,-24.4409719166,0.3571429,15,15,0.50218230000000000,0.502182300000,-1.0853861436874526,-1.0853861436874528,-1.0853861436874526,0E-17,SENTINEL_DEALER,R03b_20260811_FULL_v1,L1_ELIGIBILITY,v2026-08-11,2026-03-21..2026-08-06,baccarat_bet02_101_all_pairs_incl_sentinel,round_win = game_pnl > 0 (decisive only),COMPATIBILITY_ONLY_NOT_PRODUCTION,81515.6139,73739.3596,483.5193,11361,11361,-0.00593162,0.00694385,-0.01152257,-0.00593162,-483.5193,81515.6139,OK,0.0000,19.3408,4.0000,96.0000,AG03-UNRESOLVED,ALL5_LEVELS_bet23_to_bet27,19.3408,19.3408,19.3408,24.1760,24.1760,4.000000,4.000000,4.000000,5.000000,5.000000,96.000000,96.000000,96.000000,95.000000,95.000000,5.0,106.3742,97.4416,377.1451,386.0777,PENDING_AG03,FALSE,NOT_FOR_ENFORCEMENT,464.1785,70789.7852,483.5193,464.1785,19.3408,0.00593162,0.00569435,19.3408,464.1785,0.00569435,19.3408,19.3408,19.3408,24.1760,24.1760,464.1785,0.00569435,106.3742,97.4416,377.1451,386.0777,0.00462666,0.00473624,0.00023726,7.1750,6.4906,0.0426,4.2045,0.0806,708.8314,98.7913,8.8300,6.6350,4.0407,4.4018,8.4329,14.3073,20.7715,40.8781,4.2012,0.0,4.718859,9.286678,1.630025,30,242,81,2,0.30276321,0.00593162,-0.00694385,0E-8,0.000000,0.904604,0.002289,0.01846642,2026-03-22,2026-08-06,115,6001,2406,138,0.833333,1.330819,1.230659,1.009211,,,,,,,,GLOBAL_BASELINE_NO_ENTITY_RANKING,,,NOT_APPLICABLE_GLOBAL_BASELINE,HF9g-P5,,,,X 全窗基线 · 不参与实体赏罚,8399252,840,A168_HF9F_20260827_0900,2026-08-27 09:00:00
2026-03-26,36810153,1109,0,28.6116735628,-28.6116735628,-28.6116735628,0E-7,2,2,0.49994810000000000,0.499948100000,-1.4140667746232096,-1.4140667746232096,-1.4140667746232096,0E-17,ELIGIBLE,R03b_20260811_FULL_v1,L1_ELIGIBILITY,v2026-08-11,2026-03-21..2026-08-06,baccarat_bet02_101_all_pairs_incl_sentinel,round_win = game_pnl > 0 (decisive only),COMPATIBILITY_ONLY_NOT_PRODUCTION,81515.6139,73739.3596,483.5193,11361,11361,-0.00593162,0.00694385,-0.01152257,-0.00593162,-483.5193,81515.6139,OK,0.0000,19.3408,4.0000,96.0000,AG03-UNRESOLVED,ALL5_LEVELS_bet23_to_bet27,19.3408,19.3408,19.3408,24.1760,24.1760,4.000000,4.000000,4.000000,5.000000,5.000000,96.000000,96.000000,96.000000,95.000000,95.000000,5.0,106.3742,97.4416,377.1451,386.0777,PENDING_AG03,FALSE,NOT_FOR_ENFORCEMENT,464.1785,70789.7852,483.5193,464.1785,19.3408,0.00593162,0.00569435,19.3408,464.1785,0.00569435,19.3408,19.3408,19.3408,24.1760,24.1760,464.1785,0.00569435,106.3742,97.4416,377.1451,386.0777,0.00462666,0.00473624,0.00023726,7.1750,6.4906,0.0426,4.2045,0.0806,708.8314,98.7913,8.8300,6.6350,4.0407,4.4018,8.4329,14.3073,20.7715,40.8781,4.2012,0.0,4.718859,9.286678,1.630025,30,242,81,2,0.30276321,0.00593162,-0.00694385,0E-8,0.000000,0.904604,0.002289,0.01846642,2026-03-22,2026-08-06,115,6001,2406,138,0.833333,1.330819,1.230659,1.009211,,,,,,,,GLOBAL_BASELINE_NO_ENTITY_RANKING,,,NOT_APPLICABLE_GLOBAL_BASELINE,HF9g-P5,,,,X 全窗基线 · 不参与实体赏罚,8399253,840,A168_HF9F_20260827_0900,2026-08-27 09:00:00
2026-03-26,36810153,1151,0,16.7268245445,4.7319306277,4.7319306277,0.5000000,2,2,0.50665070000000000,0.506650700000,-0.018812684590367487,-0.018812684590367487,-0.018812684590367487,0E-17,ELIGIBLE,R03b_20260811_FULL_v1,L1_ELIGIBILITY,v2026-08-11,2026-03-21..2026-08-06,baccarat_bet02_101_all_pairs_incl_sentinel,round_win = game_pnl > 0 (decisive only),COMPATIBILITY_ONLY_NOT_PRODUCTION,81515.6139,73739.3596,483.5193,11361,11361,-0.00593162,0.00694385,-0.01152257,-0.00593162,-483.5193,81515.6139,OK,0.0000,19.3408,4.0000,96.0000,AG03-UNRESOLVED,ALL5_LEVELS_bet23_to_bet27,19.3408,19.3408,19.3408,24.1760,24.1760,4.000000,4.000000,4.000000,5.000000,5.000000,96.000000,96.000000,96.000000,95.000000,95.000000,5.0,106.3742,97.4416,377.1451,386.0777,PENDING_AG03,FALSE,NOT_FOR_ENFORCEMENT,464.1785,70789.7852,483.5193,464.1785,19.3408,0.00593162,0.00569435,19.3408,464.1785,0.00569435,19.3408,19.3408,19.3408,24.1760,24.1760,464.1785,0.00569435,106.3742,97.4416,377.1451,386.0777,0.00462666,0.00473624,0.00023726,7.1750,6.4906,0.0426,4.2045,0.0806,708.8314,98.7913,8.8300,6.6350,4.0407,4.4018,8.4329,14.3073,20.7715,40.8781,4.2012,0.0,4.718859,9.286678,1.630025,30,242,81,2,0.30276321,0.00593162,-0.00694385,0E-8,0.000000,0.904604,0.002289,0.01846642,2026-03-22,2026-08-06,115,6001,2406,138,0.833333,1.330819,1.230659,1.009211,,,,,,,,GLOBAL_BASELINE_NO_ENTITY_RANKING,,,NOT_APPLICABLE_GLOBAL_BASELINE,HF9g-P5,,,,X 全窗基线 · 不参与实体赏罚,8399254,840,A168_HF9F_20260827_0900,2026-08-27 09:00:00
2026-03-26,36810153,1299,0,1.1004489832,0E-10,0E-10,,1,1,0.50665070000000000,0.506650700000,,,,0E-17,NO_DECISIVE_ROUND,R03b_20260811_FULL_v1,L1_ELIGIBILITY,v2026-08-11,2026-03-21..2026-08-06,baccarat_bet02_101_all_pairs_incl_sentinel,round_win = game_pnl > 0 (decisive only),COMPATIBILITY_ONLY_NOT_PRODUCTION,81515.6139,73739.3596,483.5193,11361,11361,-0.00593162,0.00694385,-0.01152257,-0.00593162,-483.5193,81515.6139,OK,0.0000,19.3408,4.0000,96.0000,AG03-UNRESOLVED,ALL5_LEVELS_bet23_to_bet27,19.3408,19.3408,19.3408,24.1760,24.1760,4.000000,4.000000,4.000000,5.000000,5.000000,96.000000,96.000000,96.000000,95.000000,95.000000,5.0,106.3742,97.4416,377.1451,386.0777,PENDING_AG03,FALSE,NOT_FOR_ENFORCEMENT,464.1785,70789.7852,483.5193,464.1785,19.3408,0.00593162,0.00569435,19.3408,464.1785,0.00569435,19.3408,19.3408,19.3408,24.1760,24.1760,464.1785,0.00569435,106.3742,97.4416,377.1451,386.0777,0.00462666,0.00473624,0.00023726,7.1750,6.4906,0.0426,4.2045,0.0806,708.8314,98.7913,8.8300,6.6350,4.0407,4.4018,8.4329,14.3073,20.7715,40.8781,4.2012,0.0,4.718859,9.286678,1.630025,30,242,81,2,0.30276321,0.00593162,-0.00694385,0E-8,0.000000,0.904604,0.002289,0.01846642,2026-03-22,2026-08-06,115,6001,2406,138,0.833333,1.330819,1.230659,1.009211,,,,,,,,GLOBAL_BASELINE_NO_ENTITY_RANKING,,,NOT_APPLICABLE_GLOBAL_BASELINE,HF9g-P5,,,,X 全窗基线 · 不参与实体赏罚,8399255,840,A168_HF9F_20260827_0900,2026-08-27 09:00:00
2026-03-26,36810153,1307,0,23.3295184435,-14.7460163747,-14.7460163747,0.3333333,3,3,0.50665070000000000,0.506650700000,-0.6004420894325239,-0.6004420894325239,-0.6004420894325239,0E-17,ELIGIBLE,R03b_20260811_FULL_v1,L1_ELIGIBILITY,v2026-08-11,2026-03-21..2026-08-06,baccarat_bet02_101_all_pairs_incl_sentinel,round_win = game_pnl > 0 (decisive only),COMPATIBILITY_ONLY_NOT_PRODUCTION,81515.6139,73739.3596,483.5193,11361,11361,-0.00593162,0.00694385,-0.01152257,-0.00593162,-483.5193,81515.6139,OK,0.0000,19.3408,4.0000,96.0000,AG03-UNRESOLVED,ALL5_LEVELS_bet23_to_bet27,19.3408,19.3408,19.3408,24.1760,24.1760,4.000000,4.000000,4.000000,5.000000,5.000000,96.000000,96.000000,96.000000,95.000000,95.000000,5.0,106.3742,97.4416,377.1451,386.0777,PENDING_AG03,FALSE,NOT_FOR_ENFORCEMENT,464.1785,70789.7852,483.5193,464.1785,19.3408,0.00593162,0.00569435,19.3408,464.1785,0.00569435,19.3408,19.3408,19.3408,24.1760,24.1760,464.1785,0.00569435,106.3742,97.4416,377.1451,386.0777,0.00462666,0.00473624,0.00023726,7.1750,6.4906,0.0426,4.2045,0.0806,708.8314,98.7913,8.8300,6.6350,4.0407,4.4018,8.4329,14.3073,20.7715,40.8781,4.2012,0.0,4.718859,9.286678,1.630025,30,242,81,2,0.30276321,0.00593162,-0.00694385,0E-8,0.000000,0.904604,0.002289,0.01846642,2026-03-22,2026-08-06,115,6001,2406,138,0.833333,1.330819,1.230659,1.009211,,,,,,,,GLOBAL_BASELINE_NO_ENTITY_RANKING,,,NOT_APPLICABLE_GLOBAL_BASELINE,HF9g-P5,,,,X 全窗基线 · 不参与实体赏罚,8399256,840,A168_HF9F_20260827_0900,2026-08-27 09:00:00
2026-03-26,36810153,1485,0,45.7786777005,-45.7786777005,-45.7786777005,0E-7,2,2,0.50665070000000000,0.506650700000,-1.4331513700195317,-1.4331513700195317,-1.4331513700195317,0E-17,ELIGIBLE,R03b_20260811_FULL_v1,L1_ELIGIBILITY,v2026-08-11,2026-03-21..2026-08-06,baccarat_bet02_101_all_pairs_incl_sentinel,round_win = game_pnl > 0 (decisive only),COMPATIBILITY_ONLY_NOT_PRODUCTION,81515.6139,73739.3596,483.5193,11361,11361,-0.00593162,0.00694385,-0.01152257,-0.00593162,-483.5193,81515.6139,OK,0.0000,19.3408,4.0000,96.0000,AG03-UNRESOLVED,ALL5_LEVELS_bet23_to_bet27,19.3408,19.3408,19.3408,24.1760,24.1760,4.000000,4.000000,4.000000,5.000000,5.000000,96.000000,96.000000,96.000000,95.000000,95.000000,5.0,106.3742,97.4416,377.1451,386.0777,PENDING_AG03,FALSE,NOT_FOR_ENFORCEMENT,464.1785,70789.7852,483.5193,464.1785,19.3408,0.00593162,0.00569435,19.3408,464.1785,0.00569435,19.3408,19.3408,19.3408,24.1760,24.1760,464.1785,0.00569435,106.3742,97.4416,377.1451,386.0777,0.00462666,0.00473624,0.00023726,7.1750,6.4906,0.0426,4.2045,0.0806,708.8314,98.7913,8.8300,6.6350,4.0407,4.4018,8.4329,14.3073,20.7715,40.8781,4.2012,0.0,4.718859,9.286678,1.630025,30,242,81,2,0.30276321,0.00593162,-0.00694385,0E-8,0.000000,0.904604,0.002289,0.01846642,2026-03-22,2026-08-06,115,6001,2406,138,0.833333,1.330819,1.230659,1.009211,,,,,,,,GLOBAL_BASELINE_NO_ENTITY_RANKING,,,NOT_APPLICABLE_GLOBAL_BASELINE,HF9g-P5,,,,X 全窗基线 · 不参与实体赏罚,8399257,840,A168_HF9F_20260827_0900,2026-08-27 09:00:00
2026-03-26,36810153,1509,0,13.6455673914,3.9616163394,3.9616163394,0.6666667,3,3,0.49771390000000000,0.497713900000,0.5852756695216578,0.5852756695216578,0.5852756695216578,0E-17,ELIGIBLE,R03b_20260811_FULL_v1,L1_ELIGIBILITY,v2026-08-11,2026-03-21..2026-08-06,baccarat_bet02_101_all_pairs_incl_sentinel,round_win = game_pnl > 0 (decisive only),COMPATIBILITY_ONLY_NOT_PRODUCTION,81515.6139,73739.3596,483.5193,11361,11361,-0.00593162,0.00694385,-0.01152257,-0.00593162,-483.5193,81515.6139,OK,0.0000,19.3408,4.0000,96.0000,AG03-UNRESOLVED,ALL5_LEVELS_bet23_to_bet27,19.3408,19.3408,19.3408,24.1760,24.1760,4.000000,4.000000,4.000000,5.000000,5.000000,96.000000,96.000000,96.000000,95.000000,95.000000,5.0,106.3742,97.4416,377.1451,386.0777,PENDING_AG03,FALSE,NOT_FOR_ENFORCEMENT,464.1785,70789.7852,483.5193,464.1785,19.3408,0.00593162,0.00569435,19.3408,464.1785,0.00569435,19.3408,19.3408,19.3408,24.1760,24.1760,464.1785,0.00569435,106.3742,97.4416,377.1451,386.0777,0.00462666,0.00473624,0.00023726,7.1750,6.4906,0.0426,4.2045,0.0806,708.8314,98.7913,8.8300,6.6350,4.0407,4.4018,8.4329,14.3073,20.7715,40.8781,4.2012,0.0,4.718859,9.286678,1.630025,30,242,81,2,0.30276321,0.00593162,-0.00694385,0E-8,0.000000,0.904604,0.002289,0.01846642,2026-03-22,2026-08-06,115,6001,2406,138,0.833333,1.330819,1.230659,1.009211,,,,,,,,GLOBAL_BASELINE_NO_ENTITY_RANKING,,,NOT_APPLICABLE_GLOBAL_BASELINE,HF9g-P5,,,,X 全窗基线 · 不参与实体赏罚,8399258,840,A168_HF9F_20260827_0900,2026-08-27 09:00:00
2026-03-26,36810153,1646,0,8.8035918655,8.8035918655,8.8035918655,1.0000000,1,1,0.49324550000000000,0.493245500000,1.01360149184955,1.01360149184955,1.01360149184955,0E-17,ELIGIBLE,R03b_20260811_FULL_v1,L1_ELIGIBILITY,v2026-08-11,2026-03-21..2026-08-06,baccarat_bet02_101_all_pairs_incl_sentinel,round_win = game_pnl > 0 (decisive only),COMPATIBILITY_ONLY_NOT_PRODUCTION,81515.6139,73739.3596,483.5193,11361,11361,-0.00593162,0.00694385,-0.01152257,-0.00593162,-483.5193,81515.6139,OK,0.0000,19.3408,4.0000,96.0000,AG03-UNRESOLVED,ALL5_LEVELS_bet23_to_bet27,19.3408,19.3408,19.3408,24.1760,24.1760,4.000000,4.000000,4.000000,5.000000,5.000000,96.000000,96.000000,96.000000,95.000000,95.000000,5.0,106.3742,97.4416,377.1451,386.0777,PENDING_AG03,FALSE,NOT_FOR_ENFORCEMENT,464.1785,70789.7852,483.5193,464.1785,19.3408,0.00593162,0.00569435,19.3408,464.1785,0.00569435,19.3408,19.3408,19.3408,24.1760,24.1760,464.1785,0.00569435,106.3742,97.4416,377.1451,386.0777,0.00462666,0.00473624,0.00023726,7.1750,6.4906,0.0426,4.2045,0.0806,708.8314,98.7913,8.8300,6.6350,4.0407,4.4018,8.4329,14.3073,20.7715,40.8781,4.2012,0.0,4.718859,9.286678,1.630025,30,242,81,2,0.30276321,0.00593162,-0.00694385,0E-8,0.000000,0.904604,0.002289,0.01846642,2026-03-22,2026-08-06,115,6001,2406,138,0.833333,1.330819,1.230659,1.009211,,,,,,,,GLOBAL_BASELINE_NO_ENTITY_RANKING,,,NOT_APPLICABLE_GLOBAL_BASELINE,HF9g-P5,,,,X 全窗基线 · 不参与实体赏罚,8399259,840,A168_HF9F_20260827_0900,2026-08-27 09:00:00
2026-03-26,36810153,1654,0,2.2008979664,-2.2008979664,-2.2008979664,0E-7,1,1,0.50665070000000000,0.506650700000,-1.013391052207602,-1.013391052207602,-1.013391052207602,0E-17,ELIGIBLE,R03b_20260811_FULL_v1,L1_ELIGIBILITY,v2026-08-11,2026-03-21..2026-08-06,baccarat_bet02_101_all_pairs_incl_sentinel,round_win = game_pnl > 0 (decisive only),COMPATIBILITY_ONLY_NOT_PRODUCTION,81515.6139,73739.3596,483.5193,11361,11361,-0.00593162,0.00694385,-0.01152257,-0.00593162,-483.5193,81515.6139,OK,0.0000,19.3408,4.0000,96.0000,AG03-UNRESOLVED,ALL5_LEVELS_bet23_to_bet27,19.3408,19.3408,19.3408,24.1760,24.1760,4.000000,4.000000,4.000000,5.000000,5.000000,96.000000,96.000000,96.000000,95.000000,95.000000,5.0,106.3742,97.4416,377.1451,386.0777,PENDING_AG03,FALSE,NOT_FOR_ENFORCEMENT,464.1785,70789.7852,483.5193,464.1785,19.3408,0.00593162,0.00569435,19.3408,464.1785,0.00569435,19.3408,19.3408,19.3408,24.1760,24.1760,464.1785,0.00569435,106.3742,97.4416,377.1451,386.0777,0.00462666,0.00473624,0.00023726,7.1750,6.4906,0.0426,4.2045,0.0806,708.8314,98.7913,8.8300,6.6350,4.0407,4.4018,8.4329,14.3073,20.7715,40.8781,4.2012,0.0,4.718859,9.286678,1.630025,30,242,81,2,0.30276321,0.00593162,-0.00694385,0E-8,0.000000,0.904604,0.002289,0.01846642,2026-03-22,2026-08-06,115,6001,2406,138,0.833333,1.330819,1.230659,1.009211,,,,,,,,GLOBAL_BASELINE_NO_ENTITY_RANKING,,,NOT_APPLICABLE_GLOBAL_BASELINE,HF9g-P5,,,,X 全窗基线 · 不参与实体赏罚,8399260,840,A168_HF9F_20260827_0900,2026-08-27 09:00:00
2026-03-26,36810153,1942,0,22.0089796636,-13.2053877982,-13.2053877982,0.3333333,3,3,0.49324550000000000,0.493245500000,-0.5540025479526107,-0.5540025479526106,-0.5540025479526107,0E-17,ELIGIBLE,R03b_20260811_FULL_v1,L1_ELIGIBILITY,v2026-08-11,2026-03-21..2026-08-06,baccarat_bet02_101_all_pairs_incl_sentinel,round_win = game_pnl > 0 (decisive only),COMPATIBILITY_ONLY_NOT_PRODUCTION,81515.6139,73739.3596,483.5193,11361,11361,-0.00593162,0.00694385,-0.01152257,-0.00593162,-483.5193,81515.6139,OK,0.0000,19.3408,4.0000,96.0000,AG03-UNRESOLVED,ALL5_LEVELS_bet23_to_bet27,19.3408,19.3408,19.3408,24.1760,24.1760,4.000000,4.000000,4.000000,5.000000,5.000000,96.000000,96.000000,96.000000,95.000000,95.000000,5.0,106.3742,97.4416,377.1451,386.0777,PENDING_AG03,FALSE,NOT_FOR_ENFORCEMENT,464.1785,70789.7852,483.5193,464.1785,19.3408,0.00593162,0.00569435,19.3408,464.1785,0.00569435,19.3408,19.3408,19.3408,24.1760,24.1760,464.1785,0.00569435,106.3742,97.4416,377.1451,386.0777,0.00462666,0.00473624,0.00023726,7.1750,6.4906,0.0426,4.2045,0.0806,708.8314,98.7913,8.8300,6.6350,4.0407,4.4018,8.4329,14.3073,20.7715,40.8781,4.2012,0.0,4.718859,9.286678,1.630025,30,242,81,2,0.30276321,0.00593162,-0.00694385,0E-8,0.000000,0.904604,0.002289,0.01846642,2026-03-22,2026-08-06,115,6001,2406,138,0.833333,1.330819,1.230659,1.009211,,,,,,,,GLOBAL_BASELINE_NO_ENTITY_RANKING,,,NOT_APPLICABLE_GLOBAL_BASELINE,HF9g-P5,,,,X 全窗基线 · 不参与实体赏罚,8399261,840,A168_HF9F_20260827_0900,2026-08-27 09:00:00
2026-03-26,36810153,1951,0,13.4254775949,12.9852980016,12.9852980016,1.0000000,2,2,0.49994810000000000,0.499948100000,1.4143603653603398,1.4143603653603398,1.4143603653603398,0E-17,ELIGIBLE,R03b_20260811_FULL_v1,L1_ELIGIBILITY,v2026-08-11,2026-03-21..2026-08-06,baccarat_bet02_101_all_pairs_incl_sentinel,round_win = game_pnl > 0 (decisive only),COMPATIBILITY_ONLY_NOT_PRODUCTION,81515.6139,73739.3596,483.5193,11361,11361,-0.00593162,0.00694385,-0.01152257,-0.00593162,-483.5193,81515.6139,OK,0.0000,19.3408,4.0000,96.0000,AG03-UNRESOLVED,ALL5_LEVELS_bet23_to_bet27,19.3408,19.3408,19.3408,24.1760,24.1760,4.000000,4.000000,4.000000,5.000000,5.000000,96.000000,96.000000,96.000000,95.000000,95.000000,5.0,106.3742,97.4416,377.1451,386.0777,PENDING_AG03,FALSE,NOT_FOR_ENFORCEMENT,464.1785,70789.7852,483.5193,464.1785,19.3408,0.00593162,0.00569435,19.3408,464.1785,0.00569435,19.3408,19.3408,19.3408,24.1760,24.1760,464.1785,0.00569435,106.3742,97.4416,377.1451,386.0777,0.00462666,0.00473624,0.00023726,7.1750,6.4906,0.0426,4.2045,0.0806,708.8314,98.7913,8.8300,6.6350,4.0407,4.4018,8.4329,14.3073,20.7715,40.8781,4.2012,0.0,4.718859,9.286678,1.630025,30,242,81,2,0.30276321,0.00593162,-0.00694385,0E-8,0.000000,0.904604,0.002289,0.01846642,2026-03-22,2026-08-06,115,6001,2406,138,0.833333,1.330819,1.230659,1.009211,,,,,,,,GLOBAL_BASELINE_NO_ENTITY_RANKING,,,NOT_APPLICABLE_GLOBAL_BASELINE,HF9g-P5,,,,X 全窗基线 · 不参与实体赏罚,8399262,840,A168_HF9F_20260827_0900,2026-08-27 09:00:00
2026-03-26,36810153,1994,0,40.9367021745,-12.6111453473,-12.6111453473,0.6000000,5,5,0.50665070000000000,0.506650700000,0.4175076967804994,0.4175076967804994,0.4175076967804994,0E-17,ELIGIBLE,R03b_20260811_FULL_v1,L1_ELIGIBILITY,v2026-08-11,2026-03-21..2026-08-06,baccarat_bet02_101_all_pairs_incl_sentinel,round_win = game_pnl > 0 (decisive only),COMPATIBILITY_ONLY_NOT_PRODUCTION,81515.6139,73739.3596,483.5193,11361,11361,-0.00593162,0.00694385,-0.01152257,-0.00593162,-483.5193,81515.6139,OK,0.0000,19.3408,4.0000,96.0000,AG03-UNRESOLVED,ALL5_LEVELS_bet23_to_bet27,19.3408,19.3408,19.3408,24.1760,24.1760,4.000000,4.000000,4.000000,5.000000,5.000000,96.000000,96.000000,96.000000,95.000000,95.000000,5.0,106.3742,97.4416,377.1451,386.0777,PENDING_AG03,FALSE,NOT_FOR_ENFORCEMENT,464.1785,70789.7852,483.5193,464.1785,19.3408,0.00593162,0.00569435,19.3408,464.1785,0.00569435,19.3408,19.3408,19.3408,24.1760,24.1760,464.1785,0.00569435,106.3742,97.4416,377.1451,386.0777,0.00462666,0.00473624,0.00023726,7.1750,6.4906,0.0426,4.2045,0.0806,708.8314,98.7913,8.8300,6.6350,4.0407,4.4018,8.4329,14.3073,20.7715,40.8781,4.2012,0.0,4.718859,9.286678,1.630025,30,242,81,2,0.30276321,0.00593162,-0.00694385,0E-8,0.000000,0.904604,0.002289,0.01846642,2026-03-22,2026-08-06,115,6001,2406,138,0.833333,1.330819,1.230659,1.009211,,,,,,,,GLOBAL_BASELINE_NO_ENTITY_RANKING,,,NOT_APPLICABLE_GLOBAL_BASELINE,HF9g-P5,,,,X 全窗基线 · 不参与实体赏罚,8399263,840,A168_HF9F_20260827_0900,2026-08-27 09:00:00
2026-03-26,36810153,2088,0,10.5643102386,4.8089620565,4.8089620565,1.0000000,2,2,0.50665070000000000,0.506650700000,0.9867858985152569,0.9867858985152569,0.9867858985152569,0E-17,ELIGIBLE,R03b_20260811_FULL_v1,L1_ELIGIBILITY,v2026-08-11,2026-03-21..2026-08-06,baccarat_bet02_101_all_pairs_incl_sentinel,round_win = game_pnl > 0 (decisive only),COMPATIBILITY_ONLY_NOT_PRODUCTION,81515.6139,73739.3596,483.5193,11361,11361,-0.00593162,0.00694385,-0.01152257,-0.00593162,-483.5193,81515.6139,OK,0.0000,19.3408,4.0000,96.0000,AG03-UNRESOLVED,ALL5_LEVELS_bet23_to_bet27,19.3408,19.3408,19.3408,24.1760,24.1760,4.000000,4.000000,4.000000,5.000000,5.000000,96.000000,96.000000,96.000000,95.000000,95.000000,5.0,106.3742,97.4416,377.1451,386.0777,PENDING_AG03,FALSE,NOT_FOR_ENFORCEMENT,464.1785,70789.7852,483.5193,464.1785,19.3408,0.00593162,0.00569435,19.3408,464.1785,0.00569435,19.3408,19.3408,19.3408,24.1760,24.1760,464.1785,0.00569435,106.3742,97.4416,377.1451,386.0777,0.00462666,0.00473624,0.00023726,7.1750,6.4906,0.0426,4.2045,0.0806,708.8314,98.7913,8.8300,6.6350,4.0407,4.4018,8.4329,14.3073,20.7715,40.8781,4.2012,0.0,4.718859,9.286678,1.630025,30,242,81,2,0.30276321,0.00593162,-0.00694385,0E-8,0.000000,0.904604,0.002289,0.01846642,2026-03-22,2026-08-06,115,6001,2406,138,0.833333,1.330819,1.230659,1.009211,,,,,,,,GLOBAL_BASELINE_NO_ENTITY_RANKING,,,NOT_APPLICABLE_GLOBAL_BASELINE,HF9g-P5,,,,X 全窗基线 · 不参与实体赏罚,8399264,840,A168_HF9F_20260827_0900,2026-08-27 09:00:00
2026-03-26,36810153,2106,0,8.8035918655,-8.8035918655,-8.8035918655,0E-7,1,1,0.50665070000000000,0.506650700000,-1.013391052207602,-1.013391052207602,-1.013391052207602,0E-17,ELIGIBLE,R03b_20260811_FULL_v1,L1_ELIGIBILITY,v2026-08-11,2026-03-21..2026-08-06,baccarat_bet02_101_all_pairs_incl_sentinel,round_win = game_pnl > 0 (decisive only),COMPATIBILITY_ONLY_NOT_PRODUCTION,81515.6139,73739.3596,483.5193,11361,11361,-0.00593162,0.00694385,-0.01152257,-0.00593162,-483.5193,81515.6139,OK,0.0000,19.3408,4.0000,96.0000,AG03-UNRESOLVED,ALL5_LEVELS_bet23_to_bet27,19.3408,19.3408,19.3408,24.1760,24.1760,4.000000,4.000000,4.000000,5.000000,5.000000,96.000000,96.000000,96.000000,95.000000,95.000000,5.0,106.3742,97.4416,377.1451,386.0777,PENDING_AG03,FALSE,NOT_FOR_ENFORCEMENT,464.1785,70789.7852,483.5193,464.1785,19.3408,0.00593162,0.00569435,19.3408,464.1785,0.00569435,19.3408,19.3408,19.3408,24.1760,24.1760,464.1785,0.00569435,106.3742,97.4416,377.1451,386.0777,0.00462666,0.00473624,0.00023726,7.1750,6.4906,0.0426,4.2045,0.0806,708.8314,98.7913,8.8300,6.6350,4.0407,4.4018,8.4329,14.3073,20.7715,40.8781,4.2012,0.0,4.718859,9.286678,1.630025,30,242,81,2,0.30276321,0.00593162,-0.00694385,0E-8,0.000000,0.904604,0.002289,0.01846642,2026-03-22,2026-08-06,115,6001,2406,138,0.833333,1.330819,1.230659,1.009211,,,,,,,,GLOBAL_BASELINE_NO_ENTITY_RANKING,,,NOT_APPLICABLE_GLOBAL_BASELINE,HF9g-P5,,,,X 全窗基线 · 不参与实体赏罚,8399265,840,A168_HF9F_20260827_0900,2026-08-27 09:00:00
2026-03-26,36810153,2108,0,8.8035918654,-0.2200897966,-0.2200897966,0.5000000,2,2,0.49994810000000000,0.499948100000,0.00014679536856514622,0.00014679536856514622,0.00014679536856514622,0E-17,ELIGIBLE,R03b_20260811_FULL_v1,L1_ELIGIBILITY,v2026-08-11,2026-03-21..2026-08-06,baccarat_bet02_101_all_pairs_incl_sentinel,round_win = game_pnl > 0 (decisive only),COMPATIBILITY_ONLY_NOT_PRODUCTION,81515.6139,73739.3596,483.5193,11361,11361,-0.00593162,0.00694385,-0.01152257,-0.00593162,-483.5193,81515.6139,OK,0.0000,19.3408,4.0000,96.0000,AG03-UNRESOLVED,ALL5_LEVELS_bet23_to_bet27,19.3408,19.3408,19.3408,24.1760,24.1760,4.000000,4.000000,4.000000,5.000000,5.000000,96.000000,96.000000,96.000000,95.000000,95.000000,5.0,106.3742,97.4416,377.1451,386.0777,PENDING_AG03,FALSE,NOT_FOR_ENFORCEMENT,464.1785,70789.7852,483.5193,464.1785,19.3408,0.00593162,0.00569435,19.3408,464.1785,0.00569435,19.3408,19.3408,19.3408,24.1760,24.1760,464.1785,0.00569435,106.3742,97.4416,377.1451,386.0777,0.00462666,0.00473624,0.00023726,7.1750,6.4906,0.0426,4.2045,0.0806,708.8314,98.7913,8.8300,6.6350,4.0407,4.4018,8.4329,14.3073,20.7715,40.8781,4.2012,0.0,4.718859,9.286678,1.630025,30,242,81,2,0.30276321,0.00593162,-0.00694385,0E-8,0.000000,0.904604,0.002289,0.01846642,2026-03-22,2026-08-06,115,6001,2406,138,0.833333,1.330819,1.230659,1.009211,,,,,,,,GLOBAL_BASELINE_NO_ENTITY_RANKING,,,NOT_APPLICABLE_GLOBAL_BASELINE,HF9g-P5,,,,X 全窗基线 · 不参与实体赏罚,8399266,840,A168_HF9F_20260827_0900,2026-08-27 09:00:00
2026-03-26,36810153,2121,0,19.8080816973,-4.8419755260,-4.8419755260,0.3333333,4,4,0.50665070000000000,0.506650700000,-0.6004420894325239,-0.6004420894325239,-0.6004420894325239,0E-17,ELIGIBLE,R03b_20260811_FULL_v1,L1_ELIGIBILITY,v2026-08-11,2026-03-21..2026-08-06,baccarat_bet02_101_all_pairs_incl_sentinel,round_win = game_pnl > 0 (decisive only),COMPATIBILITY_ONLY_NOT_PRODUCTION,81515.6139,73739.3596,483.5193,11361,11361,-0.00593162,0.00694385,-0.01152257,-0.00593162,-483.5193,81515.6139,OK,0.0000,19.3408,4.0000,96.0000,AG03-UNRESOLVED,ALL5_LEVELS_bet23_to_bet27,19.3408,19.3408,19.3408,24.1760,24.1760,4.000000,4.000000,4.000000,5.000000,5.000000,96.000000,96.000000,96.000000,95.000000,95.000000,5.0,106.3742,97.4416,377.1451,386.0777,PENDING_AG03,FALSE,NOT_FOR_ENFORCEMENT,464.1785,70789.7852,483.5193,464.1785,19.3408,0.00593162,0.00569435,19.3408,464.1785,0.00569435,19.3408,19.3408,19.3408,24.1760,24.1760,464.1785,0.00569435,106.3742,97.4416,377.1451,386.0777,0.00462666,0.00473624,0.00023726,7.1750,6.4906,0.0426,4.2045,0.0806,708.8314,98.7913,8.8300,6.6350,4.0407,4.4018,8.4329,14.3073,20.7715,40.8781,4.2012,0.0,4.718859,9.286678,1.630025,30,242,81,2,0.30276321,0.00593162,-0.00694385,0E-8,0.000000,0.904604,0.002289,0.01846642,2026-03-22,2026-08-06,115,6001,2406,138,0.833333,1.330819,1.230659,1.009211,,,,,,,,GLOBAL_BASELINE_NO_ENTITY_RANKING,,,NOT_APPLICABLE_GLOBAL_BASELINE,HF9g-P5,,,,X 全窗基线 · 不参与实体赏罚,8399267,840,A168_HF9F_20260827_0900,2026-08-27 09:00:00
2026-03-26,36810153,2124,0,2.4209877630,-2.4209877630,-2.4209877630,0E-7,1,1,0.49324550000000000,0.493245500000,-0.9865810262130424,-0.9865810262130424,-0.9865810262130424,0E-17,ELIGIBLE,R03b_20260811_FULL_v1,L1_ELIGIBILITY,v2026-08-11,2026-03-21..2026-08-06,baccarat_bet02_101_all_pairs_incl_sentinel,round_win = game_pnl > 0 (decisive only),COMPATIBILITY_ONLY_NOT_PRODUCTION,81515.6139,73739.3596,483.5193,11361,11361,-0.00593162,0.00694385,-0.01152257,-0.00593162,-483.5193,81515.6139,OK,0.0000,19.3408,4.0000,96.0000,AG03-UNRESOLVED,ALL5_LEVELS_bet23_to_bet27,19.3408,19.3408,19.3408,24.1760,24.1760,4.000000,4.000000,4.000000,5.000000,5.000000,96.000000,96.000000,96.000000,95.000000,95.000000,5.0,106.3742,97.4416,377.1451,386.0777,PENDING_AG03,FALSE,NOT_FOR_ENFORCEMENT,464.1785,70789.7852,483.5193,464.1785,19.3408,0.00593162,0.00569435,19.3408,464.1785,0.00569435,19.3408,19.3408,19.3408,24.1760,24.1760,464.1785,0.00569435,106.3742,97.4416,377.1451,386.0777,0.00462666,0.00473624,0.00023726,7.1750,6.4906,0.0426,4.2045,0.0806,708.8314,98.7913,8.8300,6.6350,4.0407,4.4018,8.4329,14.3073,20.7715,40.8781,4.2012,0.0,4.718859,9.286678,1.630025,30,242,81,2,0.30276321,0.00593162,-0.00694385,0E-8,0.000000,0.904604,0.002289,0.01846642,2026-03-22,2026-08-06,115,6001,2406,138,0.833333,1.330819,1.230659,1.009211,,,,,,,,GLOBAL_BASELINE_NO_ENTITY_RANKING,,,NOT_APPLICABLE_GLOBAL_BASELINE,HF9g-P5,,,,X 全窗基线 · 不参与实体赏罚,8399268,840,A168_HF9F_20260827_0900,2026-08-27 09:00:00
2026-03-26,36810153,2129,0,8.8035918654,4.1817061361,4.1817061361,1.0000000,2,2,0.50665070000000000,0.506650700000,0.9867858985152569,0.9867858985152569,0.9867858985152569,0E-17,ELIGIBLE,R03b_20260811_FULL_v1,L1_ELIGIBILITY,v2026-08-11,2026-03-21..2026-08-06,baccarat_bet02_101_all_pairs_incl_sentinel,round_win = game_pnl > 0 (decisive only),COMPATIBILITY_ONLY_NOT_PRODUCTION,81515.6139,73739.3596,483.5193,11361,11361,-0.00593162,0.00694385,-0.01152257,-0.00593162,-483.5193,81515.6139,OK,0.0000,19.3408,4.0000,96.0000,AG03-UNRESOLVED,ALL5_LEVELS_bet23_to_bet27,19.3408,19.3408,19.3408,24.1760,24.1760,4.000000,4.000000,4.000000,5.000000,5.000000,96.000000,96.000000,96.000000,95.000000,95.000000,5.0,106.3742,97.4416,377.1451,386.0777,PENDING_AG03,FALSE,NOT_FOR_ENFORCEMENT,464.1785,70789.7852,483.5193,464.1785,19.3408,0.00593162,0.00569435,19.3408,464.1785,0.00569435,19.3408,19.3408,19.3408,24.1760,24.1760,464.1785,0.00569435,106.3742,97.4416,377.1451,386.0777,0.00462666,0.00473624,0.00023726,7.1750,6.4906,0.0426,4.2045,0.0806,708.8314,98.7913,8.8300,6.6350,4.0407,4.4018,8.4329,14.3073,20.7715,40.8781,4.2012,0.0,4.718859,9.286678,1.630025,30,242,81,2,0.30276321,0.00593162,-0.00694385,0E-8,0.000000,0.904604,0.002289,0.01846642,2026-03-22,2026-08-06,115,6001,2406,138,0.833333,1.330819,1.230659,1.009211,,,,,,,,GLOBAL_BASELINE_NO_ENTITY_RANKING,,,NOT_APPLICABLE_GLOBAL_BASELINE,HF9g-P5,,,,X 全窗基线 · 不参与实体赏罚,8399269,840,A168_HF9F_20260827_0900,2026-08-27 09:00:00
2026-03-26,36810153,2155,0,10.7844000352,10.2451800335,10.2451800335,1.0000000,1,1,0.50665070000000000,0.506650700000,0.9867858985152569,0.9867858985152569,0.9867858985152569,0E-17,ELIGIBLE,R03b_20260811_FULL_v1,L1_ELIGIBILITY,v2026-08-11,2026-03-21..2026-08-06,baccarat_bet02_101_all_pairs_incl_sentinel,round_win = game_pnl > 0 (decisive only),COMPATIBILITY_ONLY_NOT_PRODUCTION,81515.6139,73739.3596,483.5193,11361,11361,-0.00593162,0.00694385,-0.01152257,-0.00593162,-483.5193,81515.6139,OK,0.0000,19.3408,4.0000,96.0000,AG03-UNRESOLVED,ALL5_LEVELS_bet23_to_bet27,19.3408,19.3408,19.3408,24.1760,24.1760,4.000000,4.000000,4.000000,5.000000,5.000000,96.000000,96.000000,96.000000,95.000000,95.000000,5.0,106.3742,97.4416,377.1451,386.0777,PENDING_AG03,FALSE,NOT_FOR_ENFORCEMENT,464.1785,70789.7852,483.5193,464.1785,19.3408,0.00593162,0.00569435,19.3408,464.1785,0.00569435,19.3408,19.3408,19.3408,24.1760,24.1760,464.1785,0.00569435,106.3742,97.4416,377.1451,386.0777,0.00462666,0.00473624,0.00023726,7.1750,6.4906,0.0426,4.2045,0.0806,708.8314,98.7913,8.8300,6.6350,4.0407,4.4018,8.4329,14.3073,20.7715,40.8781,4.2012,0.0,4.718859,9.286678,1.630025,30,242,81,2,0.30276321,0.00593162,-0.00694385,0E-8,0.000000,0.904604,0.002289,0.01846642,2026-03-22,2026-08-06,115,6001,2406,138,0.833333,1.330819,1.230659,1.009211,,,,,,,,GLOBAL_BASELINE_NO_ENTITY_RANKING,,,NOT_APPLICABLE_GLOBAL_BASELINE,HF9g-P5,,,,X 全窗基线 · 不参与实体赏罚,8399270,840,A168_HF9F_20260827_0900,2026-08-27 09:00:00
2026-03-26,36810153,2167,0,20.0281714939,-9.2987939079,-9.2987939079,0.2500000,4,4,0.49994810000000000,0.499948100000,-0.9997924053861017,-0.9997924053861017,-0.9997924053861017,0E-17,ELIGIBLE,R03b_20260811_FULL_v1,L1_ELIGIBILITY,v2026-08-11,2026-03-21..2026-08-06,baccarat_bet02_101_all_pairs_incl_sentinel,round_win = game_pnl > 0 (decisive only),COMPATIBILITY_ONLY_NOT_PRODUCTION,81515.6139,73739.3596,483.5193,11361,11361,-0.00593162,0.00694385,-0.01152257,-0.00593162,-483.5193,81515.6139,OK,0.0000,19.3408,4.0000,96.0000,AG03-UNRESOLVED,ALL5_LEVELS_bet23_to_bet27,19.3408,19.3408,19.3408,24.1760,24.1760,4.000000,4.000000,4.000000,5.000000,5.000000,96.000000,96.000000,96.000000,95.000000,95.000000,5.0,106.3742,97.4416,377.1451,386.0777,PENDING_AG03,FALSE,NOT_FOR_ENFORCEMENT,464.1785,70789.7852,483.5193,464.1785,19.3408,0.00593162,0.00569435,19.3408,464.1785,0.00569435,19.3408,19.3408,19.3408,24.1760,24.1760,464.1785,0.00569435,106.3742,97.4416,377.1451,386.0777,0.00462666,0.00473624,0.00023726,7.1750,6.4906,0.0426,4.2045,0.0806,708.8314,98.7913,8.8300,6.6350,4.0407,4.4018,8.4329,14.3073,20.7715,40.8781,4.2012,0.0,4.718859,9.286678,1.630025,30,242,81,2,0.30276321,0.00593162,-0.00694385,0E-8,0.000000,0.904604,0.002289,0.01846642,2026-03-22,2026-08-06,115,6001,2406,138,0.833333,1.330819,1.230659,1.009211,,,,,,,,GLOBAL_BASELINE_NO_ENTITY_RANKING,,,NOT_APPLICABLE_GLOBAL_BASELINE,HF9g-P5,,,,X 全窗基线 · 不参与实体赏罚,8399271,840,A168_HF9F_20260827_0900,2026-08-27 09:00:00
2026-03-26,36810153,2216,0,7.7031428823,-1.1004489831,-1.1004489831,0.5000000,2,2,0.49994810000000000,0.499948100000,0.00014679536856514622,0.00014679536856514622,0.00014679536856514622,0E-17,ELIGIBLE,R03b_20260811_FULL_v1,L1_ELIGIBILITY,v2026-08-11,2026-03-21..2026-08-06,baccarat_bet02_101_all_pairs_incl_sentinel,round_win = game_pnl > 0 (decisive only),COMPATIBILITY_ONLY_NOT_PRODUCTION,81515.6139,73739.3596,483.5193,11361,11361,-0.00593162,0.00694385,-0.01152257,-0.00593162,-483.5193,81515.6139,OK,0.0000,19.3408,4.0000,96.0000,AG03-UNRESOLVED,ALL5_LEVELS_bet23_to_bet27,19.3408,19.3408,19.3408,24.1760,24.1760,4.000000,4.000000,4.000000,5.000000,5.000000,96.000000,96.000000,96.000000,95.000000,95.000000,5.0,106.3742,97.4416,377.1451,386.0777,PENDING_AG03,FALSE,NOT_FOR_ENFORCEMENT,464.1785,70789.7852,483.5193,464.1785,19.3408,0.00593162,0.00569435,19.3408,464.1785,0.00569435,19.3408,19.3408,19.3408,24.1760,24.1760,464.1785,0.00569435,106.3742,97.4416,377.1451,386.0777,0.00462666,0.00473624,0.00023726,7.1750,6.4906,0.0426,4.2045,0.0806,708.8314,98.7913,8.8300,6.6350,4.0407,4.4018,8.4329,14.3073,20.7715,40.8781,4.2012,0.0,4.718859,9.286678,1.630025,30,242,81,2,0.30276321,0.00593162,-0.00694385,0E-8,0.000000,0.904604,0.002289,0.01846642,2026-03-22,2026-08-06,115,6001,2406,138,0.833333,1.330819,1.230659,1.009211,,,,,,,,GLOBAL_BASELINE_NO_ENTITY_RANKING,,,NOT_APPLICABLE_GLOBAL_BASELINE,HF9g-P5,,,,X 全窗基线 · 不参与实体赏罚,8399272,840,A168_HF9F_20260827_0900,2026-08-27 09:00:00
2026-03-26,36810153,2232,0,9.9040408486,9.6289286028,9.6289286028,1.0000000,2,2,0.49994810000000000,0.499948100000,1.4143603653603398,1.4143603653603398,1.4143603653603398,0E-17,ELIGIBLE,R03b_20260811_FULL_v1,L1_ELIGIBILITY,v2026-08-11,2026-03-21..2026-08-06,baccarat_bet02_101_all_pairs_incl_sentinel,round_win = game_pnl > 0 (decisive only),COMPATIBILITY_ONLY_NOT_PRODUCTION,81515.6139,73739.3596,483.5193,11361,11361,-0.00593162,0.00694385,-0.01152257,-0.00593162,-483.5193,81515.6139,OK,0.0000,19.3408,4.0000,96.0000,AG03-UNRESOLVED,ALL5_LEVELS_bet23_to_bet27,19.3408,19.3408,19.3408,24.1760,24.1760,4.000000,4.000000,4.000000,5.000000,5.000000,96.000000,96.000000,96.000000,95.000000,95.000000,5.0,106.3742,97.4416,377.1451,386.0777,PENDING_AG03,FALSE,NOT_FOR_ENFORCEMENT,464.1785,70789.7852,483.5193,464.1785,19.3408,0.00593162,0.00569435,19.3408,464.1785,0.00569435,19.3408,19.3408,19.3408,24.1760,24.1760,464.1785,0.00569435,106.3742,97.4416,377.1451,386.0777,0.00462666,0.00473624,0.00023726,7.1750,6.4906,0.0426,4.2045,0.0806,708.8314,98.7913,8.8300,6.6350,4.0407,4.4018,8.4329,14.3073,20.7715,40.8781,4.2012,0.0,4.718859,9.286678,1.630025,30,242,81,2,0.30276321,0.00593162,-0.00694385,0E-8,0.000000,0.904604,0.002289,0.01846642,2026-03-22,2026-08-06,115,6001,2406,138,0.833333,1.330819,1.230659,1.009211,,,,,,,,GLOBAL_BASELINE_NO_ENTITY_RANKING,,,NOT_APPLICABLE_GLOBAL_BASELINE,HF9g-P5,,,,X 全窗基线 · 不参与实体赏罚,8399273,840,A168_HF9F_20260827_0900,2026-08-27 09:00:00
2026-03-26,36810153,2233,0,29.7121225459,8.9136367639,8.9136367639,0.6000000,5,5,0.50396966000000000,0.503969660000,0.4294742719815242,0.4294742719815242,0.4294742719815242,0E-17,ELIGIBLE,R03b_20260811_FULL_v1,L1_ELIGIBILITY,v2026-08-11,2026-03-21..2026-08-06,baccarat_bet02_101_all_pairs_incl_sentinel,round_win = game_pnl > 0 (decisive only),COMPATIBILITY_ONLY_NOT_PRODUCTION,81515.6139,73739.3596,483.5193,11361,11361,-0.00593162,0.00694385,-0.01152257,-0.00593162,-483.5193,81515.6139,OK,0.0000,19.3408,4.0000,96.0000,AG03-UNRESOLVED,ALL5_LEVELS_bet23_to_bet27,19.3408,19.3408,19.3408,24.1760,24.1760,4.000000,4.000000,4.000000,5.000000,5.000000,96.000000,96.000000,96.000000,95.000000,95.000000,5.0,106.3742,97.4416,377.1451,386.0777,PENDING_AG03,FALSE,NOT_FOR_ENFORCEMENT,464.1785,70789.7852,483.5193,464.1785,19.3408,0.00593162,0.00569435,19.3408,464.1785,0.00569435,19.3408,19.3408,19.3408,24.1760,24.1760,464.1785,0.00569435,106.3742,97.4416,377.1451,386.0777,0.00462666,0.00473624,0.00023726,7.1750,6.4906,0.0426,4.2045,0.0806,708.8314,98.7913,8.8300,6.6350,4.0407,4.4018,8.4329,14.3073,20.7715,40.8781,4.2012,0.0,4.718859,9.286678,1.630025,30,242,81,2,0.30276321,0.00593162,-0.00694385,0E-8,0.000000,0.904604,0.002289,0.01846642,2026-03-22,2026-08-06,115,6001,2406,138,0.833333,1.330819,1.230659,1.009211,,,,,,,,GLOBAL_BASELINE_NO_ENTITY_RANKING,,,NOT_APPLICABLE_GLOBAL_BASELINE,HF9g-P5,,,,X 全窗基线 · 不参与实体赏罚,8399274,840,A168_HF9F_20260827_0900,2026-08-27 09:00:00
2026-03-26,36810153,2234,0,13.2053877982,3.9616163395,3.9616163395,0.5000000,2,2,0.49994810000000000,0.499948100000,0.00014679536856514622,0.00014679536856514622,0.00014679536856514622,0E-17,ELIGIBLE,R03b_20260811_FULL_v1,L1_ELIGIBILITY,v2026-08-11,2026-03-21..2026-08-06,baccarat_bet02_101_all_pairs_incl_sentinel,round_win = game_pnl > 0 (decisive only),COMPATIBILITY_ONLY_NOT_PRODUCTION,81515.6139,73739.3596,483.5193,11361,11361,-0.00593162,0.00694385,-0.01152257,-0.00593162,-483.5193,81515.6139,OK,0.0000,19.3408,4.0000,96.0000,AG03-UNRESOLVED,ALL5_LEVELS_bet23_to_bet27,19.3408,19.3408,19.3408,24.1760,24.1760,4.000000,4.000000,4.000000,5.000000,5.000000,96.000000,96.000000,96.000000,95.000000,95.000000,5.0,106.3742,97.4416,377.1451,386.0777,PENDING_AG03,FALSE,NOT_FOR_ENFORCEMENT,464.1785,70789.7852,483.5193,464.1785,19.3408,0.00593162,0.00569435,19.3408,464.1785,0.00569435,19.3408,19.3408,19.3408,24.1760,24.1760,464.1785,0.00569435,106.3742,97.4416,377.1451,386.0777,0.00462666,0.00473624,0.00023726,7.1750,6.4906,0.0426,4.2045,0.0806,708.8314,98.7913,8.8300,6.6350,4.0407,4.4018,8.4329,14.3073,20.7715,40.8781,4.2012,0.0,4.718859,9.286678,1.630025,30,242,81,2,0.30276321,0.00593162,-0.00694385,0E-8,0.000000,0.904604,0.002289,0.01846642,2026-03-22,2026-08-06,115,6001,2406,138,0.833333,1.330819,1.230659,1.009211,,,,,,,,GLOBAL_BASELINE_NO_ENTITY_RANKING,,,NOT_APPLICABLE_GLOBAL_BASELINE,HF9g-P5,,,,X 全窗基线 · 不参与实体赏罚,8399275,840,A168_HF9F_20260827_0900,2026-08-27 09:00:00
2026-03-26,36810153,2241,0,1.1004489832,1.1004489832,1.1004489832,1.0000000,1,1,0.49324550000000000,0.493245500000,1.01360149184955,1.01360149184955,1.01360149184955,0E-17,ELIGIBLE,R03b_20260811_FULL_v1,L1_ELIGIBILITY,v2026-08-11,2026-03-21..2026-08-06,baccarat_bet02_101_all_pairs_incl_sentinel,round_win = game_pnl > 0 (decisive only),COMPATIBILITY_ONLY_NOT_PRODUCTION,81515.6139,73739.3596,483.5193,11361,11361,-0.00593162,0.00694385,-0.01152257,-0.00593162,-483.5193,81515.6139,OK,0.0000,19.3408,4.0000,96.0000,AG03-UNRESOLVED,ALL5_LEVELS_bet23_to_bet27,19.3408,19.3408,19.3408,24.1760,24.1760,4.000000,4.000000,4.000000,5.000000,5.000000,96.000000,96.000000,96.000000,95.000000,95.000000,5.0,106.3742,97.4416,377.1451,386.0777,PENDING_AG03,FALSE,NOT_FOR_ENFORCEMENT,464.1785,70789.7852,483.5193,464.1785,19.3408,0.00593162,0.00569435,19.3408,464.1785,0.00569435,19.3408,19.3408,19.3408,24.1760,24.1760,464.1785,0.00569435,106.3742,97.4416,377.1451,386.0777,0.00462666,0.00473624,0.00023726,7.1750,6.4906,0.0426,4.2045,0.0806,708.8314,98.7913,8.8300,6.6350,4.0407,4.4018,8.4329,14.3073,20.7715,40.8781,4.2012,0.0,4.718859,9.286678,1.630025,30,242,81,2,0.30276321,0.00593162,-0.00694385,0E-8,0.000000,0.904604,0.002289,0.01846642,2026-03-22,2026-08-06,115,6001,2406,138,0.833333,1.330819,1.230659,1.009211,,,,,,,,GLOBAL_BASELINE_NO_ENTITY_RANKING,,,NOT_APPLICABLE_GLOBAL_BASELINE,HF9g-P5,,,,X 全窗基线 · 不参与实体赏罚,8399276,840,A168_HF9F_20260827_0900,2026-08-27 09:00:00
2026-03-26,36810153,2246,0,17.6071837309,8.1433224756,8.1433224756,0.5000000,2,2,0.50665070000000000,0.506650700000,-0.018812684590367487,-0.018812684590367487,-0.018812684590367487,0E-17,ELIGIBLE,R03b_20260811_FULL_v1,L1_ELIGIBILITY,v2026-08-11,2026-03-21..2026-08-06,baccarat_bet02_101_all_pairs_incl_sentinel,round_win = game_pnl > 0 (decisive only),COMPATIBILITY_ONLY_NOT_PRODUCTION,81515.6139,73739.3596,483.5193,11361,11361,-0.00593162,0.00694385,-0.01152257,-0.00593162,-483.5193,81515.6139,OK,0.0000,19.3408,4.0000,96.0000,AG03-UNRESOLVED,ALL5_LEVELS_bet23_to_bet27,19.3408,19.3408,19.3408,24.1760,24.1760,4.000000,4.000000,4.000000,5.000000,5.000000,96.000000,96.000000,96.000000,95.000000,95.000000,5.0,106.3742,97.4416,377.1451,386.0777,PENDING_AG03,FALSE,NOT_FOR_ENFORCEMENT,464.1785,70789.7852,483.5193,464.1785,19.3408,0.00593162,0.00569435,19.3408,464.1785,0.00569435,19.3408,19.3408,19.3408,24.1760,24.1760,464.1785,0.00569435,106.3742,97.4416,377.1451,386.0777,0.00462666,0.00473624,0.00023726,7.1750,6.4906,0.0426,4.2045,0.0806,708.8314,98.7913,8.8300,6.6350,4.0407,4.4018,8.4329,14.3073,20.7715,40.8781,4.2012,0.0,4.718859,9.286678,1.630025,30,242,81,2,0.30276321,0.00593162,-0.00694385,0E-8,0.000000,0.904604,0.002289,0.01846642,2026-03-22,2026-08-06,115,6001,2406,138,0.833333,1.330819,1.230659,1.009211,,,,,,,,GLOBAL_BASELINE_NO_ENTITY_RANKING,,,NOT_APPLICABLE_GLOBAL_BASELINE,HF9g-P5,,,,X 全窗基线 · 不参与实体赏罚,8399277,840,A168_HF9F_20260827_0900,2026-08-27 09:00:00
2026-03-26,36810153,2254,0,11.4446694252,6.5806849194,6.5806849194,0.5000000,2,2,0.50665070000000000,0.506650700000,-0.018812684590367487,-0.018812684590367487,-0.018812684590367487,0E-17,ELIGIBLE,R03b_20260811_FULL_v1,L1_ELIGIBILITY,v2026-08-11,2026-03-21..2026-08-06,baccarat_bet02_101_all_pairs_incl_sentinel,round_win = game_pnl > 0 (decisive only),COMPATIBILITY_ONLY_NOT_PRODUCTION,81515.6139,73739.3596,483.5193,11361,11361,-0.00593162,0.00694385,-0.01152257,-0.00593162,-483.5193,81515.6139,OK,0.0000,19.3408,4.0000,96.0000,AG03-UNRESOLVED,ALL5_LEVELS_bet23_to_bet27,19.3408,19.3408,19.3408,24.1760,24.1760,4.000000,4.000000,4.000000,5.000000,5.000000,96.000000,96.000000,96.000000,95.000000,95.000000,5.0,106.3742,97.4416,377.1451,386.0777,PENDING_AG03,FALSE,NOT_FOR_ENFORCEMENT,464.1785,70789.7852,483.5193,464.1785,19.3408,0.00593162,0.00569435,19.3408,464.1785,0.00569435,19.3408,19.3408,19.3408,24.1760,24.1760,464.1785,0.00569435,106.3742,97.4416,377.1451,386.0777,0.00462666,0.00473624,0.00023726,7.1750,6.4906,0.0426,4.2045,0.0806,708.8314,98.7913,8.8300,6.6350,4.0407,4.4018,8.4329,14.3073,20.7715,40.8781,4.2012,0.0,4.718859,9.286678,1.630025,30,242,81,2,0.30276321,0.00593162,-0.00694385,0E-8,0.000000,0.904604,0.002289,0.01846642,2026-03-22,2026-08-06,115,6001,2406,138,0.833333,1.330819,1.230659,1.009211,,,,,,,,GLOBAL_BASELINE_NO_ENTITY_RANKING,,,NOT_APPLICABLE_GLOBAL_BASELINE,HF9g-P5,,,,X 全窗基线 · 不参与实体赏罚,8399278,840,A168_HF9F_20260827_0900,2026-08-27 09:00:00
2026-03-26,36810153,2256,0,44.2380491241,20.8204947619,20.8204947619,0.7500000,5,5,0.50665070000000000,0.506650700000,0.9734833216690844,0.9734833216690844,0.9734833216690844,0E-17,ELIGIBLE,R03b_20260811_FULL_v1,L1_ELIGIBILITY,v2026-08-11,2026-03-21..2026-08-06,baccarat_bet02_101_all_pairs_incl_sentinel,round_win = game_pnl > 0 (decisive only),COMPATIBILITY_ONLY_NOT_PRODUCTION,81515.6139,73739.3596,483.5193,11361,11361,-0.00593162,0.00694385,-0.01152257,-0.00593162,-483.5193,81515.6139,OK,0.0000,19.3408,4.0000,96.0000,AG03-UNRESOLVED,ALL5_LEVELS_bet23_to_bet27,19.3408,19.3408,19.3408,24.1760,24.1760,4.000000,4.000000,4.000000,5.000000,5.000000,96.000000,96.000000,96.000000,95.000000,95.000000,5.0,106.3742,97.4416,377.1451,386.0777,PENDING_AG03,FALSE,NOT_FOR_ENFORCEMENT,464.1785,70789.7852,483.5193,464.1785,19.3408,0.00593162,0.00569435,19.3408,464.1785,0.00569435,19.3408,19.3408,19.3408,24.1760,24.1760,464.1785,0.00569435,106.3742,97.4416,377.1451,386.0777,0.00462666,0.00473624,0.00023726,7.1750,6.4906,0.0426,4.2045,0.0806,708.8314,98.7913,8.8300,6.6350,4.0407,4.4018,8.4329,14.3073,20.7715,40.8781,4.2012,0.0,4.718859,9.286678,1.630025,30,242,81,2,0.30276321,0.00593162,-0.00694385,0E-8,0.000000,0.904604,0.002289,0.01846642,2026-03-22,2026-08-06,115,6001,2406,138,0.833333,1.330819,1.230659,1.009211,,,,,,,,GLOBAL_BASELINE_NO_ENTITY_RANKING,,,NOT_APPLICABLE_GLOBAL_BASELINE,HF9g-P5,,,,X 全窗基线 · 不参与实体赏罚,8399279,840,A168_HF9F_20260827_0900,2026-08-27 09:00:00
2026-03-26,36810153,2258,0,13.6455673915,-12.7872171846,-12.7872171846,0.3333333,3,3,0.50665070000000000,0.506650700000,-0.6004420894325239,-0.6004420894325239,-0.6004420894325239,0E-17,ELIGIBLE,R03b_20260811_FULL_v1,L1_ELIGIBILITY,v2026-08-11,2026-03-21..2026-08-06,baccarat_bet02_101_all_pairs_incl_sentinel,round_win = game_pnl > 0 (decisive only),COMPATIBILITY_ONLY_NOT_PRODUCTION,81515.6139,73739.3596,483.5193,11361,11361,-0.00593162,0.00694385,-0.01152257,-0.00593162,-483.5193,81515.6139,OK,0.0000,19.3408,4.0000,96.0000,AG03-UNRESOLVED,ALL5_LEVELS_bet23_to_bet27,19.3408,19.3408,19.3408,24.1760,24.1760,4.000000,4.000000,4.000000,5.000000,5.000000,96.000000,96.000000,96.000000,95.000000,95.000000,5.0,106.3742,97.4416,377.1451,386.0777,PENDING_AG03,FALSE,NOT_FOR_ENFORCEMENT,464.1785,70789.7852,483.5193,464.1785,19.3408,0.00593162,0.00569435,19.3408,464.1785,0.00569435,19.3408,19.3408,19.3408,24.1760,24.1760,464.1785,0.00569435,106.3742,97.4416,377.1451,386.0777,0.00462666,0.00473624,0.00023726,7.1750,6.4906,0.0426,4.2045,0.0806,708.8314,98.7913,8.8300,6.6350,4.0407,4.4018,8.4329,14.3073,20.7715,40.8781,4.2012,0.0,4.718859,9.286678,1.630025,30,242,81,2,0.30276321,0.00593162,-0.00694385,0E-8,0.000000,0.904604,0.002289,0.01846642,2026-03-22,2026-08-06,115,6001,2406,138,0.833333,1.330819,1.230659,1.009211,,,,,,,,GLOBAL_BASELINE_NO_ENTITY_RANKING,,,NOT_APPLICABLE_GLOBAL_BASELINE,HF9g-P5,,,,X 全窗基线 · 不参与实体赏罚,8399280,840,A168_HF9F_20260827_0900,2026-08-27 09:00:00
2026-03-26,36810153,2264,0,4.4017959327,-4.4017959327,-4.4017959327,0E-7,1,1,0.50665070000000000,0.506650700000,-1.013391052207602,-1.013391052207602,-1.013391052207602,0E-17,ELIGIBLE,R03b_20260811_FULL_v1,L1_ELIGIBILITY,v2026-08-11,2026-03-21..2026-08-06,baccarat_bet02_101_all_pairs_incl_sentinel,round_win = game_pnl > 0 (decisive only),COMPATIBILITY_ONLY_NOT_PRODUCTION,81515.6139,73739.3596,483.5193,11361,11361,-0.00593162,0.00694385,-0.01152257,-0.00593162,-483.5193,81515.6139,OK,0.0000,19.3408,4.0000,96.0000,AG03-UNRESOLVED,ALL5_LEVELS_bet23_to_bet27,19.3408,19.3408,19.3408,24.1760,24.1760,4.000000,4.000000,4.000000,5.000000,5.000000,96.000000,96.000000,96.000000,95.000000,95.000000,5.0,106.3742,97.4416,377.1451,386.0777,PENDING_AG03,FALSE,NOT_FOR_ENFORCEMENT,464.1785,70789.7852,483.5193,464.1785,19.3408,0.00593162,0.00569435,19.3408,464.1785,0.00569435,19.3408,19.3408,19.3408,24.1760,24.1760,464.1785,0.00569435,106.3742,97.4416,377.1451,386.0777,0.00462666,0.00473624,0.00023726,7.1750,6.4906,0.0426,4.2045,0.0806,708.8314,98.7913,8.8300,6.6350,4.0407,4.4018,8.4329,14.3073,20.7715,40.8781,4.2012,0.0,4.718859,9.286678,1.630025,30,242,81,2,0.30276321,0.00593162,-0.00694385,0E-8,0.000000,0.904604,0.002289,0.01846642,2026-03-22,2026-08-06,115,6001,2406,138,0.833333,1.330819,1.230659,1.009211,,,,,,,,GLOBAL_BASELINE_NO_ENTITY_RANKING,,,NOT_APPLICABLE_GLOBAL_BASELINE,HF9g-P5,,,,X 全窗基线 · 不参与实体赏罚,8399281,840,A168_HF9F_20260827_0900,2026-08-27 09:00:00
2026-03-26,36810153,462,0,12.7652082049,-12.7652082049,-12.7652082049,0E-7,2,2,0.50665070000000000,0.506650700000,-1.4331513700195317,-1.4331513700195317,-1.4331513700195317,0E-17,ELIGIBLE,R03b_20260811_FULL_v1,L1_ELIGIBILITY,v2026-08-11,2026-03-21..2026-08-06,baccarat_bet02_101_all_pairs_incl_sentinel,round_win = game_pnl > 0 (decisive only),COMPATIBILITY_ONLY_NOT_PRODUCTION,81515.6139,73739.3596,483.5193,11361,11361,-0.00593162,0.00694385,-0.01152257,-0.00593162,-483.5193,81515.6139,OK,0.0000,19.3408,4.0000,96.0000,AG03-UNRESOLVED,ALL5_LEVELS_bet23_to_bet27,19.3408,19.3408,19.3408,24.1760,24.1760,4.000000,4.000000,4.000000,5.000000,5.000000,96.000000,96.000000,96.000000,95.000000,95.000000,5.0,106.3742,97.4416,377.1451,386.0777,PENDING_AG03,FALSE,NOT_FOR_ENFORCEMENT,464.1785,70789.7852,483.5193,464.1785,19.3408,0.00593162,0.00569435,19.3408,464.1785,0.00569435,19.3408,19.3408,19.3408,24.1760,24.1760,464.1785,0.00569435,106.3742,97.4416,377.1451,386.0777,0.00462666,0.00473624,0.00023726,7.1750,6.4906,0.0426,4.2045,0.0806,708.8314,98.7913,8.8300,6.6350,4.0407,4.4018,8.4329,14.3073,20.7715,40.8781,4.2012,0.0,4.718859,9.286678,1.630025,30,242,81,2,0.30276321,0.00593162,-0.00694385,0E-8,0.000000,0.904604,0.002289,0.01846642,2026-03-22,2026-08-06,115,6001,2406,138,0.833333,1.330819,1.230659,1.009211,,,,,,,,GLOBAL_BASELINE_NO_ENTITY_RANKING,,,NOT_APPLICABLE_GLOBAL_BASELINE,HF9g-P5,,,,X 全窗基线 · 不参与实体赏罚,8399282,840,A168_HF9F_20260827_0900,2026-08-27 09:00:00
2026-03-26,36810153,583,0,13.2053877982,-13.2053877982,-13.2053877982,0E-7,2,2,0.50665070000000000,0.506650700000,-1.4331513700195317,-1.4331513700195317,-1.4331513700195317,0E-17,ELIGIBLE,R03b_20260811_FULL_v1,L1_ELIGIBILITY,v2026-08-11,2026-03-21..2026-08-06,baccarat_bet02_101_all_pairs_incl_sentinel,round_win = game_pnl > 0 (decisive only),COMPATIBILITY_ONLY_NOT_PRODUCTION,81515.6139,73739.3596,483.5193,11361,11361,-0.00593162,0.00694385,-0.01152257,-0.00593162,-483.5193,81515.6139,OK,0.0000,19.3408,4.0000,96.0000,AG03-UNRESOLVED,ALL5_LEVELS_bet23_to_bet27,19.3408,19.3408,19.3408,24.1760,24.1760,4.000000,4.000000,4.000000,5.000000,5.000000,96.000000,96.000000,96.000000,95.000000,95.000000,5.0,106.3742,97.4416,377.1451,386.0777,PENDING_AG03,FALSE,NOT_FOR_ENFORCEMENT,464.1785,70789.7852,483.5193,464.1785,19.3408,0.00593162,0.00569435,19.3408,464.1785,0.00569435,19.3408,19.3408,19.3408,24.1760,24.1760,464.1785,0.00569435,106.3742,97.4416,377.1451,386.0777,0.00462666,0.00473624,0.00023726,7.1750,6.4906,0.0426,4.2045,0.0806,708.8314,98.7913,8.8300,6.6350,4.0407,4.4018,8.4329,14.3073,20.7715,40.8781,4.2012,0.0,4.718859,9.286678,1.630025,30,242,81,2,0.30276321,0.00593162,-0.00694385,0E-8,0.000000,0.904604,0.002289,0.01846642,2026-03-22,2026-08-06,115,6001,2406,138,0.833333,1.330819,1.230659,1.009211,,,,,,,,GLOBAL_BASELINE_NO_ENTITY_RANKING,,,NOT_APPLICABLE_GLOBAL_BASELINE,HF9g-P5,,,,X 全窗基线 · 不参与实体赏罚,8399283,840,A168_HF9F_20260827_0900,2026-08-27 09:00:00
2026-03-26,36810153,595,0,27.5112245795,-3.3013469496,-3.3013469496,0.4000000,6,6,0.49994810000000000,0.499948100000,-0.4469814940518811,-0.4469814940518811,-0.4469814940518811,0E-17,ELIGIBLE,R03b_20260811_FULL_v1,L1_ELIGIBILITY,v2026-08-11,2026-03-21..2026-08-06,baccarat_bet02_101_all_pairs_incl_sentinel,round_win = game_pnl > 0 (decisive only),COMPATIBILITY_ONLY_NOT_PRODUCTION,81515.6139,73739.3596,483.5193,11361,11361,-0.00593162,0.00694385,-0.01152257,-0.00593162,-483.5193,81515.6139,OK,0.0000,19.3408,4.0000,96.0000,AG03-UNRESOLVED,ALL5_LEVELS_bet23_to_bet27,19.3408,19.3408,19.3408,24.1760,24.1760,4.000000,4.000000,4.000000,5.000000,5.000000,96.000000,96.000000,96.000000,95.000000,95.000000,5.0,106.3742,97.4416,377.1451,386.0777,PENDING_AG03,FALSE,NOT_FOR_ENFORCEMENT,464.1785,70789.7852,483.5193,464.1785,19.3408,0.00593162,0.00569435,19.3408,464.1785,0.00569435,19.3408,19.3408,19.3408,24.1760,24.1760,464.1785,0.00569435,106.3742,97.4416,377.1451,386.0777,0.00462666,0.00473624,0.00023726,7.1750,6.4906,0.0426,4.2045,0.0806,708.8314,98.7913,8.8300,6.6350,4.0407,4.4018,8.4329,14.3073,20.7715,40.8781,4.2012,0.0,4.718859,9.286678,1.630025,30,242,81,2,0.30276321,0.00593162,-0.00694385,0E-8,0.000000,0.904604,0.002289,0.01846642,2026-03-22,2026-08-06,115,6001,2406,138,0.833333,1.330819,1.230659,1.009211,,,,,,,,GLOBAL_BASELINE_NO_ENTITY_RANKING,,,NOT_APPLICABLE_GLOBAL_BASELINE,HF9g-P5,,,,X 全窗基线 · 不参与实体赏罚,8399284,840,A168_HF9F_20260827_0900,2026-08-27 09:00:00
2026-03-28,36810153,-1,1,136.2355841181,0.0770314290,0.0770314290,0.4500000,21,21,0.50154395714285714,0.501543957143,-0.46102536599620586,-0.46102536599748406,-0.46102536599620586,-1.4286E-13,SENTINEL_DEALER,R03b_20260811_FULL_v1,L1_ELIGIBILITY,v2026-08-11,2026-03-21..2026-08-06,baccarat_bet02_101_all_pairs_incl_sentinel,round_win = game_pnl > 0 (decisive only),COMPATIBILITY_ONLY_NOT_PRODUCTION,81515.6139,73739.3596,483.5193,11361,11361,-0.00593162,0.00694385,-0.01152257,-0.00593162,-483.5193,81515.6139,OK,0.0000,19.3408,4.0000,96.0000,AG03-UNRESOLVED,ALL5_LEVELS_bet23_to_bet27,19.3408,19.3408,19.3408,24.1760,24.1760,4.000000,4.000000,4.000000,5.000000,5.000000,96.000000,96.000000,96.000000,95.000000,95.000000,5.0,106.3742,97.4416,377.1451,386.0777,PENDING_AG03,FALSE,NOT_FOR_ENFORCEMENT,464.1785,70789.7852,483.5193,464.1785,19.3408,0.00593162,0.00569435,19.3408,464.1785,0.00569435,19.3408,19.3408,19.3408,24.1760,24.1760,464.1785,0.00569435,106.3742,97.4416,377.1451,386.0777,0.00462666,0.00473624,0.00023726,7.1750,6.4906,0.0426,4.2045,0.0806,708.8314,98.7913,8.8300,6.6350,4.0407,4.4018,8.4329,14.3073,20.7715,40.8781,4.2012,0.0,4.718859,9.286678,1.630025,30,242,81,2,0.30276321,0.00593162,-0.00694385,0E-8,0.000000,0.904604,0.002289,0.01846642,2026-03-22,2026-08-06,115,6001,2406,138,0.833333,1.330819,1.230659,1.009211,,,,,,,,GLOBAL_BASELINE_NO_ENTITY_RANKING,,,NOT_APPLICABLE_GLOBAL_BASELINE,HF9g-P5,,,,X 全窗基线 · 不参与实体赏罚,8399285,840,A168_HF9F_20260827_0900,2026-08-27 09:00:00
2026-03-28,36810153,1004,0,19.8080816973,15.0761510697,15.0761510697,1.0000000,3,3,0.49771390000000000,0.497713900000,1.4206944795187548,1.420694479518755,1.4206944795187548,0E-17,ELIGIBLE,R03b_20260811_FULL_v1,L1_ELIGIBILITY,v2026-08-11,2026-03-21..2026-08-06,baccarat_bet02_101_all_pairs_incl_sentinel,round_win = game_pnl > 0 (decisive only),COMPATIBILITY_ONLY_NOT_PRODUCTION,81515.6139,73739.3596,483.5193,11361,11361,-0.00593162,0.00694385,-0.01152257,-0.00593162,-483.5193,81515.6139,OK,0.0000,19.3408,4.0000,96.0000,AG03-UNRESOLVED,ALL5_LEVELS_bet23_to_bet27,19.3408,19.3408,19.3408,24.1760,24.1760,4.000000,4.000000,4.000000,5.000000,5.000000,96.000000,96.000000,96.000000,95.000000,95.000000,5.0,106.3742,97.4416,377.1451,386.0777,PENDING_AG03,FALSE,NOT_FOR_ENFORCEMENT,464.1785,70789.7852,483.5193,464.1785,19.3408,0.00593162,0.00569435,19.3408,464.1785,0.00569435,19.3408,19.3408,19.3408,24.1760,24.1760,464.1785,0.00569435,106.3742,97.4416,377.1451,386.0777,0.00462666,0.00473624,0.00023726,7.1750,6.4906,0.0426,4.2045,0.0806,708.8314,98.7913,8.8300,6.6350,4.0407,4.4018,8.4329,14.3073,20.7715,40.8781,4.2012,0.0,4.718859,9.286678,1.630025,30,242,81,2,0.30276321,0.00593162,-0.00694385,0E-8,0.000000,0.904604,0.002289,0.01846642,2026-03-22,2026-08-06,115,6001,2406,138,0.833333,1.330819,1.230659,1.009211,,,,,,,,GLOBAL_BASELINE_NO_ENTITY_RANKING,,,NOT_APPLICABLE_GLOBAL_BASELINE,HF9g-P5,,,,X 全窗基线 · 不参与实体赏罚,8399286,840,A168_HF9F_20260827_0900,2026-08-27 09:00:00
2026-03-28,36810153,1017,0,4.8419755260,0E-10,0E-10,,1,1,0.50665070000000000,0.506650700000,,,,0E-17,NO_DECISIVE_ROUND,R03b_20260811_FULL_v1,L1_ELIGIBILITY,v2026-08-11,2026-03-21..2026-08-06,baccarat_bet02_101_all_pairs_incl_sentinel,round_win = game_pnl > 0 (decisive only),COMPATIBILITY_ONLY_NOT_PRODUCTION,81515.6139,73739.3596,483.5193,11361,11361,-0.00593162,0.00694385,-0.01152257,-0.00593162,-483.5193,81515.6139,OK,0.0000,19.3408,4.0000,96.0000,AG03-UNRESOLVED,ALL5_LEVELS_bet23_to_bet27,19.3408,19.3408,19.3408,24.1760,24.1760,4.000000,4.000000,4.000000,5.000000,5.000000,96.000000,96.000000,96.000000,95.000000,95.000000,5.0,106.3742,97.4416,377.1451,386.0777,PENDING_AG03,FALSE,NOT_FOR_ENFORCEMENT,464.1785,70789.7852,483.5193,464.1785,19.3408,0.00593162,0.00569435,19.3408,464.1785,0.00569435,19.3408,19.3408,19.3408,24.1760,24.1760,464.1785,0.00569435,106.3742,97.4416,377.1451,386.0777,0.00462666,0.00473624,0.00023726,7.1750,6.4906,0.0426,4.2045,0.0806,708.8314,98.7913,8.8300,6.6350,4.0407,4.4018,8.4329,14.3073,20.7715,40.8781,4.2012,0.0,4.718859,9.286678,1.630025,30,242,81,2,0.30276321,0.00593162,-0.00694385,0E-8,0.000000,0.904604,0.002289,0.01846642,2026-03-22,2026-08-06,115,6001,2406,138,0.833333,1.330819,1.230659,1.009211,,,,,,,,GLOBAL_BASELINE_NO_ENTITY_RANKING,,,NOT_APPLICABLE_GLOBAL_BASELINE,HF9g-P5,,,,X 全窗基线 · 不参与实体赏罚,8399287,840,A168_HF9F_20260827_0900,2026-08-27 09:00:00
2026-03-28,36810153,1094,0,4.8419755260,0E-10,0E-10,,1,1,0.49324550000000000,0.493245500000,,,,0E-17,NO_DECISIVE_ROUND,R03b_20260811_FULL_v1,L1_ELIGIBILITY,v2026-08-11,2026-03-21..2026-08-06,baccarat_bet02_101_all_pairs_incl_sentinel,round_win = game_pnl > 0 (decisive only),COMPATIBILITY_ONLY_NOT_PRODUCTION,81515.6139,73739.3596,483.5193,11361,11361,-0.00593162,0.00694385,-0.01152257,-0.00593162,-483.5193,81515.6139,OK,0.0000,19.3408,4.0000,96.0000,AG03-UNRESOLVED,ALL5_LEVELS_bet23_to_bet27,19.3408,19.3408,19.3408,24.1760,24.1760,4.000000,4.000000,4.000000,5.000000,5.000000,96.000000,96.000000,96.000000,95.000000,95.000000,5.0,106.3742,97.4416,377.1451,386.0777,PENDING_AG03,FALSE,NOT_FOR_ENFORCEMENT,464.1785,70789.7852,483.5193,464.1785,19.3408,0.00593162,0.00569435,19.3408,464.1785,0.00569435,19.3408,19.3408,19.3408,24.1760,24.1760,464.1785,0.00569435,106.3742,97.4416,377.1451,386.0777,0.00462666,0.00473624,0.00023726,7.1750,6.4906,0.0426,4.2045,0.0806,708.8314,98.7913,8.8300,6.6350,4.0407,4.4018,8.4329,14.3073,20.7715,40.8781,4.2012,0.0,4.718859,9.286678,1.630025,30,242,81,2,0.30276321,0.00593162,-0.00694385,0E-8,0.000000,0.904604,0.002289,0.01846642,2026-03-22,2026-08-06,115,6001,2406,138,0.833333,1.330819,1.230659,1.009211,,,,,,,,GLOBAL_BASELINE_NO_ENTITY_RANKING,,,NOT_APPLICABLE_GLOBAL_BASELINE,HF9g-P5,,,,X 全窗基线 · 不参与实体赏罚,8399288,840,A168_HF9F_20260827_0900,2026-08-27 09:00:00
2026-03-28,36810153,1109,0,13.6455673915,1.3205387799,1.3205387799,0.5000000,2,2,0.49324550000000000,0.493245500000,0.01910635448239258,0.01910635448239258,0.01910635448239258,0E-17,ELIGIBLE,R03b_20260811_FULL_v1,L1_ELIGIBILITY,v2026-08-11,2026-03-21..2026-08-06,baccarat_bet02_101_all_pairs_incl_sentinel,round_win = game_pnl > 0 (decisive only),COMPATIBILITY_ONLY_NOT_PRODUCTION,81515.6139,73739.3596,483.5193,11361,11361,-0.00593162,0.00694385,-0.01152257,-0.00593162,-483.5193,81515.6139,OK,0.0000,19.3408,4.0000,96.0000,AG03-UNRESOLVED,ALL5_LEVELS_bet23_to_bet27,19.3408,19.3408,19.3408,24.1760,24.1760,4.000000,4.000000,4.000000,5.000000,5.000000,96.000000,96.000000,96.000000,95.000000,95.000000,5.0,106.3742,97.4416,377.1451,386.0777,PENDING_AG03,FALSE,NOT_FOR_ENFORCEMENT,464.1785,70789.7852,483.5193,464.1785,19.3408,0.00593162,0.00569435,19.3408,464.1785,0.00569435,19.3408,19.3408,19.3408,24.1760,24.1760,464.1785,0.00569435,106.3742,97.4416,377.1451,386.0777,0.00462666,0.00473624,0.00023726,7.1750,6.4906,0.0426,4.2045,0.0806,708.8314,98.7913,8.8300,6.6350,4.0407,4.4018,8.4329,14.3073,20.7715,40.8781,4.2012,0.0,4.718859,9.286678,1.630025,30,242,81,2,0.30276321,0.00593162,-0.00694385,0E-8,0.000000,0.904604,0.002289,0.01846642,2026-03-22,2026-08-06,115,6001,2406,138,0.833333,1.330819,1.230659,1.009211,,,,,,,,GLOBAL_BASELINE_NO_ENTITY_RANKING,,,NOT_APPLICABLE_GLOBAL_BASELINE,HF9g-P5,,,,X 全窗基线 · 不参与实体赏罚,8399289,840,A168_HF9F_20260827_0900,2026-08-27 09:00:00
2026-03-28,36810153,1150,0,26.4107755964,16.5067347478,16.5067347478,0.5000000,2,2,0.50665070000000000,0.506650700000,-0.018812684590367487,-0.018812684590367487,-0.018812684590367487,0E-17,ELIGIBLE,R03b_20260811_FULL_v1,L1_ELIGIBILITY,v2026-08-11,2026-03-21..2026-08-06,baccarat_bet02_101_all_pairs_incl_sentinel,round_win = game_pnl > 0 (decisive only),COMPATIBILITY_ONLY_NOT_PRODUCTION,81515.6139,73739.3596,483.5193,11361,11361,-0.00593162,0.00694385,-0.01152257,-0.00593162,-483.5193,81515.6139,OK,0.0000,19.3408,4.0000,96.0000,AG03-UNRESOLVED,ALL5_LEVELS_bet23_to_bet27,19.3408,19.3408,19.3408,24.1760,24.1760,4.000000,4.000000,4.000000,5.000000,5.000000,96.000000,96.000000,96.000000,95.000000,95.000000,5.0,106.3742,97.4416,377.1451,386.0777,PENDING_AG03,FALSE,NOT_FOR_ENFORCEMENT,464.1785,70789.7852,483.5193,464.1785,19.3408,0.00593162,0.00569435,19.3408,464.1785,0.00569435,19.3408,19.3408,19.3408,24.1760,24.1760,464.1785,0.00569435,106.3742,97.4416,377.1451,386.0777,0.00462666,0.00473624,0.00023726,7.1750,6.4906,0.0426,4.2045,0.0806,708.8314,98.7913,8.8300,6.6350,4.0407,4.4018,8.4329,14.3073,20.7715,40.8781,4.2012,0.0,4.718859,9.286678,1.630025,30,242,81,2,0.30276321,0.00593162,-0.00694385,0E-8,0.000000,0.904604,0.002289,0.01846642,2026-03-22,2026-08-06,115,6001,2406,138,0.833333,1.330819,1.230659,1.009211,,,,,,,,GLOBAL_BASELINE_NO_ENTITY_RANKING,,,NOT_APPLICABLE_GLOBAL_BASELINE,HF9g-P5,,,,X 全窗基线 · 不参与实体赏罚,8399290,840,A168_HF9F_20260827_0900,2026-08-27 09:00:00
2026-03-28,36810153,1151,0,53.0416409895,37.0851307334,37.0851307334,0.6666667,4,4,0.49659680000000000,0.496596800000,0.5891529468324541,0.589152946832454,0.5891529468324541,0E-17,ELIGIBLE,R03b_20260811_FULL_v1,L1_ELIGIBILITY,v2026-08-11,2026-03-21..2026-08-06,baccarat_bet02_101_all_pairs_incl_sentinel,round_win = game_pnl > 0 (decisive only),COMPATIBILITY_ONLY_NOT_PRODUCTION,81515.6139,73739.3596,483.5193,11361,11361,-0.00593162,0.00694385,-0.01152257,-0.00593162,-483.5193,81515.6139,OK,0.0000,19.3408,4.0000,96.0000,AG03-UNRESOLVED,ALL5_LEVELS_bet23_to_bet27,19.3408,19.3408,19.3408,24.1760,24.1760,4.000000,4.000000,4.000000,5.000000,5.000000,96.000000,96.000000,96.000000,95.000000,95.000000,5.0,106.3742,97.4416,377.1451,386.0777,PENDING_AG03,FALSE,NOT_FOR_ENFORCEMENT,464.1785,70789.7852,483.5193,464.1785,19.3408,0.00593162,0.00569435,19.3408,464.1785,0.00569435,19.3408,19.3408,19.3408,24.1760,24.1760,464.1785,0.00569435,106.3742,97.4416,377.1451,386.0777,0.00462666,0.00473624,0.00023726,7.1750,6.4906,0.0426,4.2045,0.0806,708.8314,98.7913,8.8300,6.6350,4.0407,4.4018,8.4329,14.3073,20.7715,40.8781,4.2012,0.0,4.718859,9.286678,1.630025,30,242,81,2,0.30276321,0.00593162,-0.00694385,0E-8,0.000000,0.904604,0.002289,0.01846642,2026-03-22,2026-08-06,115,6001,2406,138,0.833333,1.330819,1.230659,1.009211,,,,,,,,GLOBAL_BASELINE_NO_ENTITY_RANKING,,,NOT_APPLICABLE_GLOBAL_BASELINE,HF9g-P5,,,,X 全窗基线 · 不参与实体赏罚,8399291,840,A168_HF9F_20260827_0900,2026-08-27 09:00:00
2026-03-28,36810153,1210,0,23.1094286469,3.0812571529,3.0812571529,0.6666667,4,4,0.49659680000000000,0.496596800000,0.5891529468324541,0.589152946832454,0.5891529468324541,0E-17,ELIGIBLE,R03b_20260811_FULL_v1,L1_ELIGIBILITY,v2026-08-11,2026-03-21..2026-08-06,baccarat_bet02_101_all_pairs_incl_sentinel,round_win = game_pnl > 0 (decisive only),COMPATIBILITY_ONLY_NOT_PRODUCTION,81515.6139,73739.3596,483.5193,11361,11361,-0.00593162,0.00694385,-0.01152257,-0.00593162,-483.5193,81515.6139,OK,0.0000,19.3408,4.0000,96.0000,AG03-UNRESOLVED,ALL5_LEVELS_bet23_to_bet27,19.3408,19.3408,19.3408,24.1760,24.1760,4.000000,4.000000,4.000000,5.000000,5.000000,96.000000,96.000000,96.000000,95.000000,95.000000,5.0,106.3742,97.4416,377.1451,386.0777,PENDING_AG03,FALSE,NOT_FOR_ENFORCEMENT,464.1785,70789.7852,483.5193,464.1785,19.3408,0.00593162,0.00569435,19.3408,464.1785,0.00569435,19.3408,19.3408,19.3408,24.1760,24.1760,464.1785,0.00569435,106.3742,97.4416,377.1451,386.0777,0.00462666,0.00473624,0.00023726,7.1750,6.4906,0.0426,4.2045,0.0806,708.8314,98.7913,8.8300,6.6350,4.0407,4.4018,8.4329,14.3073,20.7715,40.8781,4.2012,0.0,4.718859,9.286678,1.630025,30,242,81,2,0.30276321,0.00593162,-0.00694385,0E-8,0.000000,0.904604,0.002289,0.01846642,2026-03-22,2026-08-06,115,6001,2406,138,0.833333,1.330819,1.230659,1.009211,,,,,,,,GLOBAL_BASELINE_NO_ENTITY_RANKING,,,NOT_APPLICABLE_GLOBAL_BASELINE,HF9g-P5,,,,X 全窗基线 · 不参与实体赏罚,8399292,840,A168_HF9F_20260827_0900,2026-08-27 09:00:00
2026-03-28,36810153,1302,0,11.4446694252,7.0428734924,7.0428734924,0.5000000,2,2,0.49324550000000000,0.493245500000,0.01910635448239258,0.01910635448239258,0.01910635448239258,0E-17,ELIGIBLE,R03b_20260811_FULL_v1,L1_ELIGIBILITY,v2026-08-11,2026-03-21..2026-08-06,baccarat_bet02_101_all_pairs_incl_sentinel,round_win = game_pnl > 0 (decisive only),COMPATIBILITY_ONLY_NOT_PRODUCTION,81515.6139,73739.3596,483.5193,11361,11361,-0.00593162,0.00694385,-0.01152257,-0.00593162,-483.5193,81515.6139,OK,0.0000,19.3408,4.0000,96.0000,AG03-UNRESOLVED,ALL5_LEVELS_bet23_to_bet27,19.3408,19.3408,19.3408,24.1760,24.1760,4.000000,4.000000,4.000000,5.000000,5.000000,96.000000,96.000000,96.000000,95.000000,95.000000,5.0,106.3742,97.4416,377.1451,386.0777,PENDING_AG03,FALSE,NOT_FOR_ENFORCEMENT,464.1785,70789.7852,483.5193,464.1785,19.3408,0.00593162,0.00569435,19.3408,464.1785,0.00569435,19.3408,19.3408,19.3408,24.1760,24.1760,464.1785,0.00569435,106.3742,97.4416,377.1451,386.0777,0.00462666,0.00473624,0.00023726,7.1750,6.4906,0.0426,4.2045,0.0806,708.8314,98.7913,8.8300,6.6350,4.0407,4.4018,8.4329,14.3073,20.7715,40.8781,4.2012,0.0,4.718859,9.286678,1.630025,30,242,81,2,0.30276321,0.00593162,-0.00694385,0E-8,0.000000,0.904604,0.002289,0.01846642,2026-03-22,2026-08-06,115,6001,2406,138,0.833333,1.330819,1.230659,1.009211,,,,,,,,GLOBAL_BASELINE_NO_ENTITY_RANKING,,,NOT_APPLICABLE_GLOBAL_BASELINE,HF9g-P5,,,,X 全窗基线 · 不参与实体赏罚,8399293,840,A168_HF9F_20260827_0900,2026-08-27 09:00:00
2026-03-28,36810153,1304,0,4.6218857294,-4.6218857294,-4.6218857294,0E-7,1,1,0.50665070000000000,0.506650700000,-1.013391052207602,-1.013391052207602,-1.013391052207602,0E-17,ELIGIBLE,R03b_20260811_FULL_v1,L1_ELIGIBILITY,v2026-08-11,2026-03-21..2026-08-06,baccarat_bet02_101_all_pairs_incl_sentinel,round_win = game_pnl > 0 (decisive only),COMPATIBILITY_ONLY_NOT_PRODUCTION,81515.6139,73739.3596,483.5193,11361,11361,-0.00593162,0.00694385,-0.01152257,-0.00593162,-483.5193,81515.6139,OK,0.0000,19.3408,4.0000,96.0000,AG03-UNRESOLVED,ALL5_LEVELS_bet23_to_bet27,19.3408,19.3408,19.3408,24.1760,24.1760,4.000000,4.000000,4.000000,5.000000,5.000000,96.000000,96.000000,96.000000,95.000000,95.000000,5.0,106.3742,97.4416,377.1451,386.0777,PENDING_AG03,FALSE,NOT_FOR_ENFORCEMENT,464.1785,70789.7852,483.5193,464.1785,19.3408,0.00593162,0.00569435,19.3408,464.1785,0.00569435,19.3408,19.3408,19.3408,24.1760,24.1760,464.1785,0.00569435,106.3742,97.4416,377.1451,386.0777,0.00462666,0.00473624,0.00023726,7.1750,6.4906,0.0426,4.2045,0.0806,708.8314,98.7913,8.8300,6.6350,4.0407,4.4018,8.4329,14.3073,20.7715,40.8781,4.2012,0.0,4.718859,9.286678,1.630025,30,242,81,2,0.30276321,0.00593162,-0.00694385,0E-8,0.000000,0.904604,0.002289,0.01846642,2026-03-22,2026-08-06,115,6001,2406,138,0.833333,1.330819,1.230659,1.009211,,,,,,,,GLOBAL_BASELINE_NO_ENTITY_RANKING,,,NOT_APPLICABLE_GLOBAL_BASELINE,HF9g-P5,,,,X 全窗基线 · 不参与实体赏罚,8399294,840,A168_HF9F_20260827_0900,2026-08-27 09:00:00
2026-03-28,36810153,1325,0,8.8035918655,8.3634122722,8.3634122722,1.0000000,1,1,0.50665070000000000,0.506650700000,0.9867858985152569,0.9867858985152569,0.9867858985152569,0E-17,ELIGIBLE,R03b_20260811_FULL_v1,L1_ELIGIBILITY,v2026-08-11,2026-03-21..2026-08-06,baccarat_bet02_101_all_pairs_incl_sentinel,round_win = game_pnl > 0 (decisive only),COMPATIBILITY_ONLY_NOT_PRODUCTION,81515.6139,73739.3596,483.5193,11361,11361,-0.00593162,0.00694385,-0.01152257,-0.00593162,-483.5193,81515.6139,OK,0.0000,19.3408,4.0000,96.0000,AG03-UNRESOLVED,ALL5_LEVELS_bet23_to_bet27,19.3408,19.3408,19.3408,24.1760,24.1760,4.000000,4.000000,4.000000,5.000000,5.000000,96.000000,96.000000,96.000000,95.000000,95.000000,5.0,106.3742,97.4416,377.1451,386.0777,PENDING_AG03,FALSE,NOT_FOR_ENFORCEMENT,464.1785,70789.7852,483.5193,464.1785,19.3408,0.00593162,0.00569435,19.3408,464.1785,0.00569435,19.3408,19.3408,19.3408,24.1760,24.1760,464.1785,0.00569435,106.3742,97.4416,377.1451,386.0777,0.00462666,0.00473624,0.00023726,7.1750,6.4906,0.0426,4.2045,0.0806,708.8314,98.7913,8.8300,6.6350,4.0407,4.4018,8.4329,14.3073,20.7715,40.8781,4.2012,0.0,4.718859,9.286678,1.630025,30,242,81,2,0.30276321,0.00593162,-0.00694385,0E-8,0.000000,0.904604,0.002289,0.01846642,2026-03-22,2026-08-06,115,6001,2406,138,0.833333,1.330819,1.230659,1.009211,,,,,,,,GLOBAL_BASELINE_NO_ENTITY_RANKING,,,NOT_APPLICABLE_GLOBAL_BASELINE,HF9g-P5,,,,X 全窗基线 · 不参与实体赏罚,8399295,840,A168_HF9F_20260827_0900,2026-08-27 09:00:00
2026-03-28,36810153,1331,0,10.1241306453,-5.7223347126,-5.7223347126,0E-7,2,2,0.49324550000000000,0.493245500000,-0.9865810262130424,-0.9865810262130424,-0.9865810262130424,0E-17,ELIGIBLE,R03b_20260811_FULL_v1,L1_ELIGIBILITY,v2026-08-11,2026-03-21..2026-08-06,baccarat_bet02_101_all_pairs_incl_sentinel,round_win = game_pnl > 0 (decisive only),COMPATIBILITY_ONLY_NOT_PRODUCTION,81515.6139,73739.3596,483.5193,11361,11361,-0.00593162,0.00694385,-0.01152257,-0.00593162,-483.5193,81515.6139,OK,0.0000,19.3408,4.0000,96.0000,AG03-UNRESOLVED,ALL5_LEVELS_bet23_to_bet27,19.3408,19.3408,19.3408,24.1760,24.1760,4.000000,4.000000,4.000000,5.000000,5.000000,96.000000,96.000000,96.000000,95.000000,95.000000,5.0,106.3742,97.4416,377.1451,386.0777,PENDING_AG03,FALSE,NOT_FOR_ENFORCEMENT,464.1785,70789.7852,483.5193,464.1785,19.3408,0.00593162,0.00569435,19.3408,464.1785,0.00569435,19.3408,19.3408,19.3408,24.1760,24.1760,464.1785,0.00569435,106.3742,97.4416,377.1451,386.0777,0.00462666,0.00473624,0.00023726,7.1750,6.4906,0.0426,4.2045,0.0806,708.8314,98.7913,8.8300,6.6350,4.0407,4.4018,8.4329,14.3073,20.7715,40.8781,4.2012,0.0,4.718859,9.286678,1.630025,30,242,81,2,0.30276321,0.00593162,-0.00694385,0E-8,0.000000,0.904604,0.002289,0.01846642,2026-03-22,2026-08-06,115,6001,2406,138,0.833333,1.330819,1.230659,1.009211,,,,,,,,GLOBAL_BASELINE_NO_ENTITY_RANKING,,,NOT_APPLICABLE_GLOBAL_BASELINE,HF9g-P5,,,,X 全窗基线 · 不参与实体赏罚,8399296,840,A168_HF9F_20260827_0900,2026-08-27 09:00:00
2026-03-28,36810153,1374,0,1.1004489832,1.1004489832,1.1004489832,1.0000000,1,1,0.49324550000000000,0.493245500000,1.01360149184955,1.01360149184955,1.01360149184955,0E-17,ELIGIBLE,R03b_20260811_FULL_v1,L1_ELIGIBILITY,v2026-08-11,2026-03-21..2026-08-06,baccarat_bet02_101_all_pairs_incl_sentinel,round_win = game_pnl > 0 (decisive only),COMPATIBILITY_ONLY_NOT_PRODUCTION,81515.6139,73739.3596,483.5193,11361,11361,-0.00593162,0.00694385,-0.01152257,-0.00593162,-483.5193,81515.6139,OK,0.0000,19.3408,4.0000,96.0000,AG03-UNRESOLVED,ALL5_LEVELS_bet23_to_bet27,19.3408,19.3408,19.3408,24.1760,24.1760,4.000000,4.000000,4.000000,5.000000,5.000000,96.000000,96.000000,96.000000,95.000000,95.000000,5.0,106.3742,97.4416,377.1451,386.0777,PENDING_AG03,FALSE,NOT_FOR_ENFORCEMENT,464.1785,70789.7852,483.5193,464.1785,19.3408,0.00593162,0.00569435,19.3408,464.1785,0.00569435,19.3408,19.3408,19.3408,24.1760,24.1760,464.1785,0.00569435,106.3742,97.4416,377.1451,386.0777,0.00462666,0.00473624,0.00023726,7.1750,6.4906,0.0426,4.2045,0.0806,708.8314,98.7913,8.8300,6.6350,4.0407,4.4018,8.4329,14.3073,20.7715,40.8781,4.2012,0.0,4.718859,9.286678,1.630025,30,242,81,2,0.30276321,0.00593162,-0.00694385,0E-8,0.000000,0.904604,0.002289,0.01846642,2026-03-22,2026-08-06,115,6001,2406,138,0.833333,1.330819,1.230659,1.009211,,,,,,,,GLOBAL_BASELINE_NO_ENTITY_RANKING,,,NOT_APPLICABLE_GLOBAL_BASELINE,HF9g-P5,,,,X 全窗基线 · 不参与实体赏罚,8399297,840,A168_HF9F_20260827_0900,2026-08-27 09:00:00
2026-03-28,36810153,1382,0,17.8272735275,9.0236816621,9.0236816621,0.6666667,3,3,0.49324550000000000,0.493245500000,0.6008033672792107,0.6008033672792106,0.6008033672792107,0E-17,ELIGIBLE,R03b_20260811_FULL_v1,L1_ELIGIBILITY,v2026-08-11,2026-03-21..2026-08-06,baccarat_bet02_101_all_pairs_incl_sentinel,round_win = game_pnl > 0 (decisive only),COMPATIBILITY_ONLY_NOT_PRODUCTION,81515.6139,73739.3596,483.5193,11361,11361,-0.00593162,0.00694385,-0.01152257,-0.00593162,-483.5193,81515.6139,OK,0.0000,19.3408,4.0000,96.0000,AG03-UNRESOLVED,ALL5_LEVELS_bet23_to_bet27,19.3408,19.3408,19.3408,24.1760,24.1760,4.000000,4.000000,4.000000,5.000000,5.000000,96.000000,96.000000,96.000000,95.000000,95.000000,5.0,106.3742,97.4416,377.1451,386.0777,PENDING_AG03,FALSE,NOT_FOR_ENFORCEMENT,464.1785,70789.7852,483.5193,464.1785,19.3408,0.00593162,0.00569435,19.3408,464.1785,0.00569435,19.3408,19.3408,19.3408,24.1760,24.1760,464.1785,0.00569435,106.3742,97.4416,377.1451,386.0777,0.00462666,0.00473624,0.00023726,7.1750,6.4906,0.0426,4.2045,0.0806,708.8314,98.7913,8.8300,6.6350,4.0407,4.4018,8.4329,14.3073,20.7715,40.8781,4.2012,0.0,4.718859,9.286678,1.630025,30,242,81,2,0.30276321,0.00593162,-0.00694385,0E-8,0.000000,0.904604,0.002289,0.01846642,2026-03-22,2026-08-06,115,6001,2406,138,0.833333,1.330819,1.230659,1.009211,,,,,,,,GLOBAL_BASELINE_NO_ENTITY_RANKING,,,NOT_APPLICABLE_GLOBAL_BASELINE,HF9g-P5,,,,X 全窗基线 · 不参与实体赏罚,8399298,840,A168_HF9F_20260827_0900,2026-08-27 09:00:00
2026-03-28,36810153,1401,0,43.5777797341,-8.3634122722,-8.3634122722,0.4000000,7,7,0.50090561428571429,0.500905614286,-0.4512643659064873,-0.4512643659077655,-0.4512643659064873,-2.8571E-13,ELIGIBLE,R03b_20260811_FULL_v1,L1_ELIGIBILITY,v2026-08-11,2026-03-21..2026-08-06,baccarat_bet02_101_all_pairs_incl_sentinel,round_win = game_pnl > 0 (decisive only),COMPATIBILITY_ONLY_NOT_PRODUCTION,81515.6139,73739.3596,483.5193,11361,11361,-0.00593162,0.00694385,-0.01152257,-0.00593162,-483.5193,81515.6139,OK,0.0000,19.3408,4.0000,96.0000,AG03-UNRESOLVED,ALL5_LEVELS_bet23_to_bet27,19.3408,19.3408,19.3408,24.1760,24.1760,4.000000,4.000000,4.000000,5.000000,5.000000,96.000000,96.000000,96.000000,95.000000,95.000000,5.0,106.3742,97.4416,377.1451,386.0777,PENDING_AG03,FALSE,NOT_FOR_ENFORCEMENT,464.1785,70789.7852,483.5193,464.1785,19.3408,0.00593162,0.00569435,19.3408,464.1785,0.00569435,19.3408,19.3408,19.3408,24.1760,24.1760,464.1785,0.00569435,106.3742,97.4416,377.1451,386.0777,0.00462666,0.00473624,0.00023726,7.1750,6.4906,0.0426,4.2045,0.0806,708.8314,98.7913,8.8300,6.6350,4.0407,4.4018,8.4329,14.3073,20.7715,40.8781,4.2012,0.0,4.718859,9.286678,1.630025,30,242,81,2,0.30276321,0.00593162,-0.00694385,0E-8,0.000000,0.904604,0.002289,0.01846642,2026-03-22,2026-08-06,115,6001,2406,138,0.833333,1.330819,1.230659,1.009211,,,,,,,,GLOBAL_BASELINE_NO_ENTITY_RANKING,,,NOT_APPLICABLE_GLOBAL_BASELINE,HF9g-P5,,,,X 全窗基线 · 不参与实体赏罚,8399299,840,A168_HF9F_20260827_0900,2026-08-27 09:00:00
2026-03-28,36810153,1402,0,45.7786777004,19.3679021040,19.3679021040,0.5714286,7,7,0.49707555714285714,0.497075557143,0.39344589990031587,0.3934458998995593,0.39344589990031587,-1.4286E-13,ELIGIBLE,R03b_20260811_FULL_v1,L1_ELIGIBILITY,v2026-08-11,2026-03-21..2026-08-06,baccarat_bet02_101_all_pairs_incl_sentinel,round_win = game_pnl > 0 (decisive only),COMPATIBILITY_ONLY_NOT_PRODUCTION,81515.6139,73739.3596,483.5193,11361,11361,-0.00593162,0.00694385,-0.01152257,-0.00593162,-483.5193,81515.6139,OK,0.0000,19.3408,4.0000,96.0000,AG03-UNRESOLVED,ALL5_LEVELS_bet23_to_bet27,19.3408,19.3408,19.3408,24.1760,24.1760,4.000000,4.000000,4.000000,5.000000,5.000000,96.000000,96.000000,96.000000,95.000000,95.000000,5.0,106.3742,97.4416,377.1451,386.0777,PENDING_AG03,FALSE,NOT_FOR_ENFORCEMENT,464.1785,70789.7852,483.5193,464.1785,19.3408,0.00593162,0.00569435,19.3408,464.1785,0.00569435,19.3408,19.3408,19.3408,24.1760,24.1760,464.1785,0.00569435,106.3742,97.4416,377.1451,386.0777,0.00462666,0.00473624,0.00023726,7.1750,6.4906,0.0426,4.2045,0.0806,708.8314,98.7913,8.8300,6.6350,4.0407,4.4018,8.4329,14.3073,20.7715,40.8781,4.2012,0.0,4.718859,9.286678,1.630025,30,242,81,2,0.30276321,0.00593162,-0.00694385,0E-8,0.000000,0.904604,0.002289,0.01846642,2026-03-22,2026-08-06,115,6001,2406,138,0.833333,1.330819,1.230659,1.009211,,,,,,,,GLOBAL_BASELINE_NO_ENTITY_RANKING,,,NOT_APPLICABLE_GLOBAL_BASELINE,HF9g-P5,,,,X 全窗基线 · 不参与实体赏罚,8399300,840,A168_HF9F_20260827_0900,2026-08-27 09:00:00
2026-03-28,36810153,1405,0,2.2008979664,2.2008979664,2.2008979664,1.0000000,1,1,0.49324550000000000,0.493245500000,1.01360149184955,1.01360149184955,1.01360149184955,0E-17,ELIGIBLE,R03b_20260811_FULL_v1,L1_ELIGIBILITY,v2026-08-11,2026-03-21..2026-08-06,baccarat_bet02_101_all_pairs_incl_sentinel,round_win = game_pnl > 0 (decisive only),COMPATIBILITY_ONLY_NOT_PRODUCTION,81515.6139,73739.3596,483.5193,11361,11361,-0.00593162,0.00694385,-0.01152257,-0.00593162,-483.5193,81515.6139,OK,0.0000,19.3408,4.0000,96.0000,AG03-UNRESOLVED,ALL5_LEVELS_bet23_to_bet27,19.3408,19.3408,19.3408,24.1760,24.1760,4.000000,4.000000,4.000000,5.000000,5.000000,96.000000,96.000000,96.000000,95.000000,95.000000,5.0,106.3742,97.4416,377.1451,386.0777,PENDING_AG03,FALSE,NOT_FOR_ENFORCEMENT,464.1785,70789.7852,483.5193,464.1785,19.3408,0.00593162,0.00569435,19.3408,464.1785,0.00569435,19.3408,19.3408,19.3408,24.1760,24.1760,464.1785,0.00569435,106.3742,97.4416,377.1451,386.0777,0.00462666,0.00473624,0.00023726,7.1750,6.4906,0.0426,4.2045,0.0806,708.8314,98.7913,8.8300,6.6350,4.0407,4.4018,8.4329,14.3073,20.7715,40.8781,4.2012,0.0,4.718859,9.286678,1.630025,30,242,81,2,0.30276321,0.00593162,-0.00694385,0E-8,0.000000,0.904604,0.002289,0.01846642,2026-03-22,2026-08-06,115,6001,2406,138,0.833333,1.330819,1.230659,1.009211,,,,,,,,GLOBAL_BASELINE_NO_ENTITY_RANKING,,,NOT_APPLICABLE_GLOBAL_BASELINE,HF9g-P5,,,,X 全窗基线 · 不参与实体赏罚,8399301,840,A168_HF9F_20260827_0900,2026-08-27 09:00:00
2026-03-28,36810153,1505,0,13.2053877981,-4.6218857293,-4.6218857293,0.3333333,3,3,0.50665070000000000,0.506650700000,-0.6004420894325239,-0.6004420894325239,-0.6004420894325239,0E-17,ELIGIBLE,R03b_20260811_FULL_v1,L1_ELIGIBILITY,v2026-08-11,2026-03-21..2026-08-06,baccarat_bet02_101_all_pairs_incl_sentinel,round_win = game_pnl > 0 (decisive only),COMPATIBILITY_ONLY_NOT_PRODUCTION,81515.6139,73739.3596,483.5193,11361,11361,-0.00593162,0.00694385,-0.01152257,-0.00593162,-483.5193,81515.6139,OK,0.0000,19.3408,4.0000,96.0000,AG03-UNRESOLVED,ALL5_LEVELS_bet23_to_bet27,19.3408,19.3408,19.3408,24.1760,24.1760,4.000000,4.000000,4.000000,5.000000,5.000000,96.000000,96.000000,96.000000,95.000000,95.000000,5.0,106.3742,97.4416,377.1451,386.0777,PENDING_AG03,FALSE,NOT_FOR_ENFORCEMENT,464.1785,70789.7852,483.5193,464.1785,19.3408,0.00593162,0.00569435,19.3408,464.1785,0.00569435,19.3408,19.3408,19.3408,24.1760,24.1760,464.1785,0.00569435,106.3742,97.4416,377.1451,386.0777,0.00462666,0.00473624,0.00023726,7.1750,6.4906,0.0426,4.2045,0.0806,708.8314,98.7913,8.8300,6.6350,4.0407,4.4018,8.4329,14.3073,20.7715,40.8781,4.2012,0.0,4.718859,9.286678,1.630025,30,242,81,2,0.30276321,0.00593162,-0.00694385,0E-8,0.000000,0.904604,0.002289,0.01846642,2026-03-22,2026-08-06,115,6001,2406,138,0.833333,1.330819,1.230659,1.009211,,,,,,,,GLOBAL_BASELINE_NO_ENTITY_RANKING,,,NOT_APPLICABLE_GLOBAL_BASELINE,HF9g-P5,,,,X 全窗基线 · 不参与实体赏罚,8399302,840,A168_HF9F_20260827_0900,2026-08-27 09:00:00
2026-03-28,36810153,1509,0,12.7652082049,-8.4734571704,-8.4734571704,0.3333333,3,3,0.49771390000000000,0.497713900000,-0.5694369385616226,-0.5694369385616226,-0.5694369385616226,0E-17,ELIGIBLE,R03b_20260811_FULL_v1,L1_ELIGIBILITY,v2026-08-11,2026-03-21..2026-08-06,baccarat_bet02_101_all_pairs_incl_sentinel,round_win = game_pnl > 0 (decisive only),COMPATIBILITY_ONLY_NOT_PRODUCTION,81515.6139,73739.3596,483.5193,11361,11361,-0.00593162,0.00694385,-0.01152257,-0.00593162,-483.5193,81515.6139,OK,0.0000,19.3408,4.0000,96.0000,AG03-UNRESOLVED,ALL5_LEVELS_bet23_to_bet27,19.3408,19.3408,19.3408,24.1760,24.1760,4.000000,4.000000,4.000000,5.000000,5.000000,96.000000,96.000000,96.000000,95.000000,95.000000,5.0,106.3742,97.4416,377.1451,386.0777,PENDING_AG03,FALSE,NOT_FOR_ENFORCEMENT,464.1785,70789.7852,483.5193,464.1785,19.3408,0.00593162,0.00569435,19.3408,464.1785,0.00569435,19.3408,19.3408,19.3408,24.1760,24.1760,464.1785,0.00569435,106.3742,97.4416,377.1451,386.0777,0.00462666,0.00473624,0.00023726,7.1750,6.4906,0.0426,4.2045,0.0806,708.8314,98.7913,8.8300,6.6350,4.0407,4.4018,8.4329,14.3073,20.7715,40.8781,4.2012,0.0,4.718859,9.286678,1.630025,30,242,81,2,0.30276321,0.00593162,-0.00694385,0E-8,0.000000,0.904604,0.002289,0.01846642,2026-03-22,2026-08-06,115,6001,2406,138,0.833333,1.330819,1.230659,1.009211,,,,,,,,GLOBAL_BASELINE_NO_ENTITY_RANKING,,,NOT_APPLICABLE_GLOBAL_BASELINE,HF9g-P5,,,,X 全窗基线 · 不参与实体赏罚,8399303,840,A168_HF9F_20260827_0900,2026-08-27 09:00:00
2026-03-28,36810153,1623,0,24.2098776301,-6.8227836958,-6.8227836958,0.5000000,3,3,0.50218230000000000,0.502182300000,-0.00617253530718887,-0.00617253530718887,-0.00617253530718887,0E-17,ELIGIBLE,R03b_20260811_FULL_v1,L1_ELIGIBILITY,v2026-08-11,2026-03-21..2026-08-06,baccarat_bet02_101_all_pairs_incl_sentinel,round_win = game_pnl > 0 (decisive only),COMPATIBILITY_ONLY_NOT_PRODUCTION,81515.6139,73739.3596,483.5193,11361,11361,-0.00593162,0.00694385,-0.01152257,-0.00593162,-483.5193,81515.6139,OK,0.0000,19.3408,4.0000,96.0000,AG03-UNRESOLVED,ALL5_LEVELS_bet23_to_bet27,19.3408,19.3408,19.3408,24.1760,24.1760,4.000000,4.000000,4.000000,5.000000,5.000000,96.000000,96.000000,96.000000,95.000000,95.000000,5.0,106.3742,97.4416,377.1451,386.0777,PENDING_AG03,FALSE,NOT_FOR_ENFORCEMENT,464.1785,70789.7852,483.5193,464.1785,19.3408,0.00593162,0.00569435,19.3408,464.1785,0.00569435,19.3408,19.3408,19.3408,24.1760,24.1760,464.1785,0.00569435,106.3742,97.4416,377.1451,386.0777,0.00462666,0.00473624,0.00023726,7.1750,6.4906,0.0426,4.2045,0.0806,708.8314,98.7913,8.8300,6.6350,4.0407,4.4018,8.4329,14.3073,20.7715,40.8781,4.2012,0.0,4.718859,9.286678,1.630025,30,242,81,2,0.30276321,0.00593162,-0.00694385,0E-8,0.000000,0.904604,0.002289,0.01846642,2026-03-22,2026-08-06,115,6001,2406,138,0.833333,1.330819,1.230659,1.009211,,,,,,,,GLOBAL_BASELINE_NO_ENTITY_RANKING,,,NOT_APPLICABLE_GLOBAL_BASELINE,HF9g-P5,,,,X 全窗基线 · 不参与实体赏罚,8399304,840,A168_HF9F_20260827_0900,2026-08-27 09:00:00
2026-03-28,36810153,1646,0,3.3013469496,-3.3013469496,-3.3013469496,0E-7,1,1,0.50665070000000000,0.506650700000,-1.013391052207602,-1.013391052207602,-1.013391052207602,0E-17,ELIGIBLE,R03b_20260811_FULL_v1,L1_ELIGIBILITY,v2026-08-11,2026-03-21..2026-08-06,baccarat_bet02_101_all_pairs_incl_sentinel,round_win = game_pnl > 0 (decisive only),COMPATIBILITY_ONLY_NOT_PRODUCTION,81515.6139,73739.3596,483.5193,11361,11361,-0.00593162,0.00694385,-0.01152257,-0.00593162,-483.5193,81515.6139,OK,0.0000,19.3408,4.0000,96.0000,AG03-UNRESOLVED,ALL5_LEVELS_bet23_to_bet27,19.3408,19.3408,19.3408,24.1760,24.1760,4.000000,4.000000,4.000000,5.000000,5.000000,96.000000,96.000000,96.000000,95.000000,95.000000,5.0,106.3742,97.4416,377.1451,386.0777,PENDING_AG03,FALSE,NOT_FOR_ENFORCEMENT,464.1785,70789.7852,483.5193,464.1785,19.3408,0.00593162,0.00569435,19.3408,464.1785,0.00569435,19.3408,19.3408,19.3408,24.1760,24.1760,464.1785,0.00569435,106.3742,97.4416,377.1451,386.0777,0.00462666,0.00473624,0.00023726,7.1750,6.4906,0.0426,4.2045,0.0806,708.8314,98.7913,8.8300,6.6350,4.0407,4.4018,8.4329,14.3073,20.7715,40.8781,4.2012,0.0,4.718859,9.286678,1.630025,30,242,81,2,0.30276321,0.00593162,-0.00694385,0E-8,0.000000,0.904604,0.002289,0.01846642,2026-03-22,2026-08-06,115,6001,2406,138,0.833333,1.330819,1.230659,1.009211,,,,,,,,GLOBAL_BASELINE_NO_ENTITY_RANKING,,,NOT_APPLICABLE_GLOBAL_BASELINE,HF9g-P5,,,,X 全窗基线 · 不参与实体赏罚,8399305,840,A168_HF9F_20260827_0900,2026-08-27 09:00:00
2026-03-28,36810153,1654,0,40.7166123777,-1.9808081697,-1.9808081697,0.4000000,6,6,0.50665070000000000,0.506650700000,-0.4769986289884125,-0.4769986289884125,-0.4769986289884125,0E-17,ELIGIBLE,R03b_20260811_FULL_v1,L1_ELIGIBILITY,v2026-08-11,2026-03-21..2026-08-06,baccarat_bet02_101_all_pairs_incl_sentinel,round_win = game_pnl > 0 (decisive only),COMPATIBILITY_ONLY_NOT_PRODUCTION,81515.6139,73739.3596,483.5193,11361,11361,-0.00593162,0.00694385,-0.01152257,-0.00593162,-483.5193,81515.6139,OK,0.0000,19.3408,4.0000,96.0000,AG03-UNRESOLVED,ALL5_LEVELS_bet23_to_bet27,19.3408,19.3408,19.3408,24.1760,24.1760,4.000000,4.000000,4.000000,5.000000,5.000000,96.000000,96.000000,96.000000,95.000000,95.000000,5.0,106.3742,97.4416,377.1451,386.0777,PENDING_AG03,FALSE,NOT_FOR_ENFORCEMENT,464.1785,70789.7852,483.5193,464.1785,19.3408,0.00593162,0.00569435,19.3408,464.1785,0.00569435,19.3408,19.3408,19.3408,24.1760,24.1760,464.1785,0.00569435,106.3742,97.4416,377.1451,386.0777,0.00462666,0.00473624,0.00023726,7.1750,6.4906,0.0426,4.2045,0.0806,708.8314,98.7913,8.8300,6.6350,4.0407,4.4018,8.4329,14.3073,20.7715,40.8781,4.2012,0.0,4.718859,9.286678,1.630025,30,242,81,2,0.30276321,0.00593162,-0.00694385,0E-8,0.000000,0.904604,0.002289,0.01846642,2026-03-22,2026-08-06,115,6001,2406,138,0.833333,1.330819,1.230659,1.009211,,,,,,,,GLOBAL_BASELINE_NO_ENTITY_RANKING,,,NOT_APPLICABLE_GLOBAL_BASELINE,HF9g-P5,,,,X 全窗基线 · 不参与实体赏罚,8399306,840,A168_HF9F_20260827_0900,2026-08-27 09:00:00
2026-03-28,36810153,1941,0,43.1376001408,-18.4875429175,-18.4875429175,0.3333333,4,4,0.49324550000000000,0.493245500000,-0.5540025479526107,-0.5540025479526106,-0.5540025479526107,0E-17,ELIGIBLE,R03b_20260811_FULL_v1,L1_ELIGIBILITY,v2026-08-11,2026-03-21..2026-08-06,baccarat_bet02_101_all_pairs_incl_sentinel,round_win = game_pnl > 0 (decisive only),COMPATIBILITY_ONLY_NOT_PRODUCTION,81515.6139,73739.3596,483.5193,11361,11361,-0.00593162,0.00694385,-0.01152257,-0.00593162,-483.5193,81515.6139,OK,0.0000,19.3408,4.0000,96.0000,AG03-UNRESOLVED,ALL5_LEVELS_bet23_to_bet27,19.3408,19.3408,19.3408,24.1760,24.1760,4.000000,4.000000,4.000000,5.000000,5.000000,96.000000,96.000000,96.000000,95.000000,95.000000,5.0,106.3742,97.4416,377.1451,386.0777,PENDING_AG03,FALSE,NOT_FOR_ENFORCEMENT,464.1785,70789.7852,483.5193,464.1785,19.3408,0.00593162,0.00569435,19.3408,464.1785,0.00569435,19.3408,19.3408,19.3408,24.1760,24.1760,464.1785,0.00569435,106.3742,97.4416,377.1451,386.0777,0.00462666,0.00473624,0.00023726,7.1750,6.4906,0.0426,4.2045,0.0806,708.8314,98.7913,8.8300,6.6350,4.0407,4.4018,8.4329,14.3073,20.7715,40.8781,4.2012,0.0,4.718859,9.286678,1.630025,30,242,81,2,0.30276321,0.00593162,-0.00694385,0E-8,0.000000,0.904604,0.002289,0.01846642,2026-03-22,2026-08-06,115,6001,2406,138,0.833333,1.330819,1.230659,1.009211,,,,,,,,GLOBAL_BASELINE_NO_ENTITY_RANKING,,,NOT_APPLICABLE_GLOBAL_BASELINE,HF9g-P5,,,,X 全窗基线 · 不参与实体赏罚,8399307,840,A168_HF9F_20260827_0900,2026-08-27 09:00:00
2026-03-28,36810153,1951,0,8.8035918655,-8.8035918655,-8.8035918655,0E-7,1,1,0.50665070000000000,0.506650700000,-1.013391052207602,-1.013391052207602,-1.013391052207602,0E-17,ELIGIBLE,R03b_20260811_FULL_v1,L1_ELIGIBILITY,v2026-08-11,2026-03-21..2026-08-06,baccarat_bet02_101_all_pairs_incl_sentinel,round_win = game_pnl > 0 (decisive only),COMPATIBILITY_ONLY_NOT_PRODUCTION,81515.6139,73739.3596,483.5193,11361,11361,-0.00593162,0.00694385,-0.01152257,-0.00593162,-483.5193,81515.6139,OK,0.0000,19.3408,4.0000,96.0000,AG03-UNRESOLVED,ALL5_LEVELS_bet23_to_bet27,19.3408,19.3408,19.3408,24.1760,24.1760,4.000000,4.000000,4.000000,5.000000,5.000000,96.000000,96.000000,96.000000,95.000000,95.000000,5.0,106.3742,97.4416,377.1451,386.0777,PENDING_AG03,FALSE,NOT_FOR_ENFORCEMENT,464.1785,70789.7852,483.5193,464.1785,19.3408,0.00593162,0.00569435,19.3408,464.1785,0.00569435,19.3408,19.3408,19.3408,24.1760,24.1760,464.1785,0.00569435,106.3742,97.4416,377.1451,386.0777,0.00462666,0.00473624,0.00023726,7.1750,6.4906,0.0426,4.2045,0.0806,708.8314,98.7913,8.8300,6.6350,4.0407,4.4018,8.4329,14.3073,20.7715,40.8781,4.2012,0.0,4.718859,9.286678,1.630025,30,242,81,2,0.30276321,0.00593162,-0.00694385,0E-8,0.000000,0.904604,0.002289,0.01846642,2026-03-22,2026-08-06,115,6001,2406,138,0.833333,1.330819,1.230659,1.009211,,,,,,,,GLOBAL_BASELINE_NO_ENTITY_RANKING,,,NOT_APPLICABLE_GLOBAL_BASELINE,HF9g-P5,,,,X 全窗基线 · 不参与实体赏罚,8399308,840,A168_HF9F_20260827_0900,2026-08-27 09:00:00
2026-03-28,36810153,1963,0,8.8035918655,-8.8035918655,-8.8035918655,0E-7,1,1,0.50665070000000000,0.506650700000,-1.013391052207602,-1.013391052207602,-1.013391052207602,0E-17,ELIGIBLE,R03b_20260811_FULL_v1,L1_ELIGIBILITY,v2026-08-11,2026-03-21..2026-08-06,baccarat_bet02_101_all_pairs_incl_sentinel,round_win = game_pnl > 0 (decisive only),COMPATIBILITY_ONLY_NOT_PRODUCTION,81515.6139,73739.3596,483.5193,11361,11361,-0.00593162,0.00694385,-0.01152257,-0.00593162,-483.5193,81515.6139,OK,0.0000,19.3408,4.0000,96.0000,AG03-UNRESOLVED,ALL5_LEVELS_bet23_to_bet27,19.3408,19.3408,19.3408,24.1760,24.1760,4.000000,4.000000,4.000000,5.000000,5.000000,96.000000,96.000000,96.000000,95.000000,95.000000,5.0,106.3742,97.4416,377.1451,386.0777,PENDING_AG03,FALSE,NOT_FOR_ENFORCEMENT,464.1785,70789.7852,483.5193,464.1785,19.3408,0.00593162,0.00569435,19.3408,464.1785,0.00569435,19.3408,19.3408,19.3408,24.1760,24.1760,464.1785,0.00569435,106.3742,97.4416,377.1451,386.0777,0.00462666,0.00473624,0.00023726,7.1750,6.4906,0.0426,4.2045,0.0806,708.8314,98.7913,8.8300,6.6350,4.0407,4.4018,8.4329,14.3073,20.7715,40.8781,4.2012,0.0,4.718859,9.286678,1.630025,30,242,81,2,0.30276321,0.00593162,-0.00694385,0E-8,0.000000,0.904604,0.002289,0.01846642,2026-03-22,2026-08-06,115,6001,2406,138,0.833333,1.330819,1.230659,1.009211,,,,,,,,GLOBAL_BASELINE_NO_ENTITY_RANKING,,,NOT_APPLICABLE_GLOBAL_BASELINE,HF9g-P5,,,,X 全窗基线 · 不参与实体赏罚,8399309,840,A168_HF9F_20260827_0900,2026-08-27 09:00:00
2026-03-28,36810153,1990,0,8.8035918655,4.0716612378,4.0716612378,0.5000000,2,2,0.49994810000000000,0.499948100000,0.00014679536856514622,0.00014679536856514622,0.00014679536856514622,0E-17,ELIGIBLE,R03b_20260811_FULL_v1,L1_ELIGIBILITY,v2026-08-11,2026-03-21..2026-08-06,baccarat_bet02_101_all_pairs_incl_sentinel,round_win = game_pnl > 0 (decisive only),COMPATIBILITY_ONLY_NOT_PRODUCTION,81515.6139,73739.3596,483.5193,11361,11361,-0.00593162,0.00694385,-0.01152257,-0.00593162,-483.5193,81515.6139,OK,0.0000,19.3408,4.0000,96.0000,AG03-UNRESOLVED,ALL5_LEVELS_bet23_to_bet27,19.3408,19.3408,19.3408,24.1760,24.1760,4.000000,4.000000,4.000000,5.000000,5.000000,96.000000,96.000000,96.000000,95.000000,95.000000,5.0,106.3742,97.4416,377.1451,386.0777,PENDING_AG03,FALSE,NOT_FOR_ENFORCEMENT,464.1785,70789.7852,483.5193,464.1785,19.3408,0.00593162,0.00569435,19.3408,464.1785,0.00569435,19.3408,19.3408,19.3408,24.1760,24.1760,464.1785,0.00569435,106.3742,97.4416,377.1451,386.0777,0.00462666,0.00473624,0.00023726,7.1750,6.4906,0.0426,4.2045,0.0806,708.8314,98.7913,8.8300,6.6350,4.0407,4.4018,8.4329,14.3073,20.7715,40.8781,4.2012,0.0,4.718859,9.286678,1.630025,30,242,81,2,0.30276321,0.00593162,-0.00694385,0E-8,0.000000,0.904604,0.002289,0.01846642,2026-03-22,2026-08-06,115,6001,2406,138,0.833333,1.330819,1.230659,1.009211,,,,,,,,GLOBAL_BASELINE_NO_ENTITY_RANKING,,,NOT_APPLICABLE_GLOBAL_BASELINE,HF9g-P5,,,,X 全窗基线 · 不参与实体赏罚,8399310,840,A168_HF9F_20260827_0900,2026-08-27 09:00:00
2026-03-28,36810153,1996,0,9.0236816621,-9.0236816621,-9.0236816621,0E-7,2,2,0.49994810000000000,0.499948100000,-1.4140667746232096,-1.4140667746232096,-1.4140667746232096,0E-17,ELIGIBLE,R03b_20260811_FULL_v1,L1_ELIGIBILITY,v2026-08-11,2026-03-21..2026-08-06,baccarat_bet02_101_all_pairs_incl_sentinel,round_win = game_pnl > 0 (decisive only),COMPATIBILITY_ONLY_NOT_PRODUCTION,81515.6139,73739.3596,483.5193,11361,11361,-0.00593162,0.00694385,-0.01152257,-0.00593162,-483.5193,81515.6139,OK,0.0000,19.3408,4.0000,96.0000,AG03-UNRESOLVED,ALL5_LEVELS_bet23_to_bet27,19.3408,19.3408,19.3408,24.1760,24.1760,4.000000,4.000000,4.000000,5.000000,5.000000,96.000000,96.000000,96.000000,95.000000,95.000000,5.0,106.3742,97.4416,377.1451,386.0777,PENDING_AG03,FALSE,NOT_FOR_ENFORCEMENT,464.1785,70789.7852,483.5193,464.1785,19.3408,0.00593162,0.00569435,19.3408,464.1785,0.00569435,19.3408,19.3408,19.3408,24.1760,24.1760,464.1785,0.00569435,106.3742,97.4416,377.1451,386.0777,0.00462666,0.00473624,0.00023726,7.1750,6.4906,0.0426,4.2045,0.0806,708.8314,98.7913,8.8300,6.6350,4.0407,4.4018,8.4329,14.3073,20.7715,40.8781,4.2012,0.0,4.718859,9.286678,1.630025,30,242,81,2,0.30276321,0.00593162,-0.00694385,0E-8,0.000000,0.904604,0.002289,0.01846642,2026-03-22,2026-08-06,115,6001,2406,138,0.833333,1.330819,1.230659,1.009211,,,,,,,,GLOBAL_BASELINE_NO_ENTITY_RANKING,,,NOT_APPLICABLE_GLOBAL_BASELINE,HF9g-P5,,,,X 全窗基线 · 不参与实体赏罚,8399311,840,A168_HF9F_20260827_0900,2026-08-27 09:00:00
2026-03-28,36810153,2106,0,25.5304164099,16.7268245444,16.7268245444,1.0000000,3,3,0.49324550000000000,0.493245500000,1.4334489766152358,1.4334489766152358,1.4334489766152358,0E-17,ELIGIBLE,R03b_20260811_FULL_v1,L1_ELIGIBILITY,v2026-08-11,2026-03-21..2026-08-06,baccarat_bet02_101_all_pairs_incl_sentinel,round_win = game_pnl > 0 (decisive only),COMPATIBILITY_ONLY_NOT_PRODUCTION,81515.6139,73739.3596,483.5193,11361,11361,-0.00593162,0.00694385,-0.01152257,-0.00593162,-483.5193,81515.6139,OK,0.0000,19.3408,4.0000,96.0000,AG03-UNRESOLVED,ALL5_LEVELS_bet23_to_bet27,19.3408,19.3408,19.3408,24.1760,24.1760,4.000000,4.000000,4.000000,5.000000,5.000000,96.000000,96.000000,96.000000,95.000000,95.000000,5.0,106.3742,97.4416,377.1451,386.0777,PENDING_AG03,FALSE,NOT_FOR_ENFORCEMENT,464.1785,70789.7852,483.5193,464.1785,19.3408,0.00593162,0.00569435,19.3408,464.1785,0.00569435,19.3408,19.3408,19.3408,24.1760,24.1760,464.1785,0.00569435,106.3742,97.4416,377.1451,386.0777,0.00462666,0.00473624,0.00023726,7.1750,6.4906,0.0426,4.2045,0.0806,708.8314,98.7913,8.8300,6.6350,4.0407,4.4018,8.4329,14.3073,20.7715,40.8781,4.2012,0.0,4.718859,9.286678,1.630025,30,242,81,2,0.30276321,0.00593162,-0.00694385,0E-8,0.000000,0.904604,0.002289,0.01846642,2026-03-22,2026-08-06,115,6001,2406,138,0.833333,1.330819,1.230659,1.009211,,,,,,,,GLOBAL_BASELINE_NO_ENTITY_RANKING,,,NOT_APPLICABLE_GLOBAL_BASELINE,HF9g-P5,,,,X 全窗基线 · 不参与实体赏罚,8399312,840,A168_HF9F_20260827_0900,2026-08-27 09:00:00
2026-03-28,36810153,2108,0,33.0134694955,-24.4299674267,-24.4299674267,0.2500000,4,4,0.49994810000000000,0.499948100000,-0.9997924053861017,-0.9997924053861017,-0.9997924053861017,0E-17,ELIGIBLE,R03b_20260811_FULL_v1,L1_ELIGIBILITY,v2026-08-11,2026-03-21..2026-08-06,baccarat_bet02_101_all_pairs_incl_sentinel,round_win = game_pnl > 0 (decisive only),COMPATIBILITY_ONLY_NOT_PRODUCTION,81515.6139,73739.3596,483.5193,11361,11361,-0.00593162,0.00694385,-0.01152257,-0.00593162,-483.5193,81515.6139,OK,0.0000,19.3408,4.0000,96.0000,AG03-UNRESOLVED,ALL5_LEVELS_bet23_to_bet27,19.3408,19.3408,19.3408,24.1760,24.1760,4.000000,4.000000,4.000000,5.000000,5.000000,96.000000,96.000000,96.000000,95.000000,95.000000,5.0,106.3742,97.4416,377.1451,386.0777,PENDING_AG03,FALSE,NOT_FOR_ENFORCEMENT,464.1785,70789.7852,483.5193,464.1785,19.3408,0.00593162,0.00569435,19.3408,464.1785,0.00569435,19.3408,19.3408,19.3408,24.1760,24.1760,464.1785,0.00569435,106.3742,97.4416,377.1451,386.0777,0.00462666,0.00473624,0.00023726,7.1750,6.4906,0.0426,4.2045,0.0806,708.8314,98.7913,8.8300,6.6350,4.0407,4.4018,8.4329,14.3073,20.7715,40.8781,4.2012,0.0,4.718859,9.286678,1.630025,30,242,81,2,0.30276321,0.00593162,-0.00694385,0E-8,0.000000,0.904604,0.002289,0.01846642,2026-03-22,2026-08-06,115,6001,2406,138,0.833333,1.330819,1.230659,1.009211,,,,,,,,GLOBAL_BASELINE_NO_ENTITY_RANKING,,,NOT_APPLICABLE_GLOBAL_BASELINE,HF9g-P5,,,,X 全窗基线 · 不参与实体赏罚,8399313,840,A168_HF9F_20260827_0900,2026-08-27 09:00:00
2026-03-28,36810153,2121,0,29.7121225459,11.0595122811,11.0595122811,0.5000000,4,4,0.50665070000000000,0.506650700000,-0.02660515369234503,-0.02660515369234503,-0.02660515369234503,0E-17,ELIGIBLE,R03b_20260811_FULL_v1,L1_ELIGIBILITY,v2026-08-11,2026-03-21..2026-08-06,baccarat_bet02_101_all_pairs_incl_sentinel,round_win = game_pnl > 0 (decisive only),COMPATIBILITY_ONLY_NOT_PRODUCTION,81515.6139,73739.3596,483.5193,11361,11361,-0.00593162,0.00694385,-0.01152257,-0.00593162,-483.5193,81515.6139,OK,0.0000,19.3408,4.0000,96.0000,AG03-UNRESOLVED,ALL5_LEVELS_bet23_to_bet27,19.3408,19.3408,19.3408,24.1760,24.1760,4.000000,4.000000,4.000000,5.000000,5.000000,96.000000,96.000000,96.000000,95.000000,95.000000,5.0,106.3742,97.4416,377.1451,386.0777,PENDING_AG03,FALSE,NOT_FOR_ENFORCEMENT,464.1785,70789.7852,483.5193,464.1785,19.3408,0.00593162,0.00569435,19.3408,464.1785,0.00569435,19.3408,19.3408,19.3408,24.1760,24.1760,464.1785,0.00569435,106.3742,97.4416,377.1451,386.0777,0.00462666,0.00473624,0.00023726,7.1750,6.4906,0.0426,4.2045,0.0806,708.8314,98.7913,8.8300,6.6350,4.0407,4.4018,8.4329,14.3073,20.7715,40.8781,4.2012,0.0,4.718859,9.286678,1.630025,30,242,81,2,0.30276321,0.00593162,-0.00694385,0E-8,0.000000,0.904604,0.002289,0.01846642,2026-03-22,2026-08-06,115,6001,2406,138,0.833333,1.330819,1.230659,1.009211,,,,,,,,GLOBAL_BASELINE_NO_ENTITY_RANKING,,,NOT_APPLICABLE_GLOBAL_BASELINE,HF9g-P5,,,,X 全窗基线 · 不参与实体赏罚,8399314,840,A168_HF9F_20260827_0900,2026-08-27 09:00:00
2026-03-28,36810153,2127,0,37.4152654281,21.7888898670,21.7888898670,0.8333333,7,7,0.49516052857142857,0.495160528571,1.656779240065042,1.6567792400671557,1.656779240065042,4.2857E-13,ELIGIBLE,R03b_20260811_FULL_v1,L1_ELIGIBILITY,v2026-08-11,2026-03-21..2026-08-06,baccarat_bet02_101_all_pairs_incl_sentinel,round_win = game_pnl > 0 (decisive only),COMPATIBILITY_ONLY_NOT_PRODUCTION,81515.6139,73739.3596,483.5193,11361,11361,-0.00593162,0.00694385,-0.01152257,-0.00593162,-483.5193,81515.6139,OK,0.0000,19.3408,4.0000,96.0000,AG03-UNRESOLVED,ALL5_LEVELS_bet23_to_bet27,19.3408,19.3408,19.3408,24.1760,24.1760,4.000000,4.000000,4.000000,5.000000,5.000000,96.000000,96.000000,96.000000,95.000000,95.000000,5.0,106.3742,97.4416,377.1451,386.0777,PENDING_AG03,FALSE,NOT_FOR_ENFORCEMENT,464.1785,70789.7852,483.5193,464.1785,19.3408,0.00593162,0.00569435,19.3408,464.1785,0.00569435,19.3408,19.3408,19.3408,24.1760,24.1760,464.1785,0.00569435,106.3742,97.4416,377.1451,386.0777,0.00462666,0.00473624,0.00023726,7.1750,6.4906,0.0426,4.2045,0.0806,708.8314,98.7913,8.8300,6.6350,4.0407,4.4018,8.4329,14.3073,20.7715,40.8781,4.2012,0.0,4.718859,9.286678,1.630025,30,242,81,2,0.30276321,0.00593162,-0.00694385,0E-8,0.000000,0.904604,0.002289,0.01846642,2026-03-22,2026-08-06,115,6001,2406,138,0.833333,1.330819,1.230659,1.009211,,,,,,,,GLOBAL_BASELINE_NO_ENTITY_RANKING,,,NOT_APPLICABLE_GLOBAL_BASELINE,HF9g-P5,,,,X 全窗基线 · 不参与实体赏罚,8399315,840,A168_HF9F_20260827_0900,2026-08-27 09:00:00
2026-03-28,36810153,2141,0,40.2764327845,-12.9852980015,-12.9852980015,0.6000000,5,5,0.50128862000000000,0.501288620000,0.4414521777673877,0.4414521777673877,0.4414521777673877,0E-17,ELIGIBLE,R03b_20260811_FULL_v1,L1_ELIGIBILITY,v2026-08-11,2026-03-21..2026-08-06,baccarat_bet02_101_all_pairs_incl_sentinel,round_win = game_pnl > 0 (decisive only),COMPATIBILITY_ONLY_NOT_PRODUCTION,81515.6139,73739.3596,483.5193,11361,11361,-0.00593162,0.00694385,-0.01152257,-0.00593162,-483.5193,81515.6139,OK,0.0000,19.3408,4.0000,96.0000,AG03-UNRESOLVED,ALL5_LEVELS_bet23_to_bet27,19.3408,19.3408,19.3408,24.1760,24.1760,4.000000,4.000000,4.000000,5.000000,5.000000,96.000000,96.000000,96.000000,95.000000,95.000000,5.0,106.3742,97.4416,377.1451,386.0777,PENDING_AG03,FALSE,NOT_FOR_ENFORCEMENT,464.1785,70789.7852,483.5193,464.1785,19.3408,0.00593162,0.00569435,19.3408,464.1785,0.00569435,19.3408,19.3408,19.3408,24.1760,24.1760,464.1785,0.00569435,106.3742,97.4416,377.1451,386.0777,0.00462666,0.00473624,0.00023726,7.1750,6.4906,0.0426,4.2045,0.0806,708.8314,98.7913,8.8300,6.6350,4.0407,4.4018,8.4329,14.3073,20.7715,40.8781,4.2012,0.0,4.718859,9.286678,1.630025,30,242,81,2,0.30276321,0.00593162,-0.00694385,0E-8,0.000000,0.904604,0.002289,0.01846642,2026-03-22,2026-08-06,115,6001,2406,138,0.833333,1.330819,1.230659,1.009211,,,,,,,,GLOBAL_BASELINE_NO_ENTITY_RANKING,,,NOT_APPLICABLE_GLOBAL_BASELINE,HF9g-P5,,,,X 全窗基线 · 不参与实体赏罚,8399316,840,A168_HF9F_20260827_0900,2026-08-27 09:00:00
2026-03-28,36810153,2155,0,11.6647592218,11.0815212607,11.0815212607,1.0000000,2,2,0.50665070000000000,0.506650700000,1.3955260008387969,1.3955260008387969,1.3955260008387969,0E-17,ELIGIBLE,R03b_20260811_FULL_v1,L1_ELIGIBILITY,v2026-08-11,2026-03-21..2026-08-06,baccarat_bet02_101_all_pairs_incl_sentinel,round_win = game_pnl > 0 (decisive only),COMPATIBILITY_ONLY_NOT_PRODUCTION,81515.6139,73739.3596,483.5193,11361,11361,-0.00593162,0.00694385,-0.01152257,-0.00593162,-483.5193,81515.6139,OK,0.0000,19.3408,4.0000,96.0000,AG03-UNRESOLVED,ALL5_LEVELS_bet23_to_bet27,19.3408,19.3408,19.3408,24.1760,24.1760,4.000000,4.000000,4.000000,5.000000,5.000000,96.000000,96.000000,96.000000,95.000000,95.000000,5.0,106.3742,97.4416,377.1451,386.0777,PENDING_AG03,FALSE,NOT_FOR_ENFORCEMENT,464.1785,70789.7852,483.5193,464.1785,19.3408,0.00593162,0.00569435,19.3408,464.1785,0.00569435,19.3408,19.3408,19.3408,24.1760,24.1760,464.1785,0.00569435,106.3742,97.4416,377.1451,386.0777,0.00462666,0.00473624,0.00023726,7.1750,6.4906,0.0426,4.2045,0.0806,708.8314,98.7913,8.8300,6.6350,4.0407,4.4018,8.4329,14.3073,20.7715,40.8781,4.2012,0.0,4.718859,9.286678,1.630025,30,242,81,2,0.30276321,0.00593162,-0.00694385,0E-8,0.000000,0.904604,0.002289,0.01846642,2026-03-22,2026-08-06,115,6001,2406,138,0.833333,1.330819,1.230659,1.009211,,,,,,,,GLOBAL_BASELINE_NO_ENTITY_RANKING,,,NOT_APPLICABLE_GLOBAL_BASELINE,HF9g-P5,,,,X 全窗基线 · 不参与实体赏罚,8399317,840,A168_HF9F_20260827_0900,2026-08-27 09:00:00
2026-03-28,36810153,2156,0,42.0371511576,37.6353552249,37.6353552249,1.0000000,2,2,0.49994810000000000,0.499948100000,1.0001038053877793,1.0001038053877793,1.0001038053877793,0E-17,ELIGIBLE,R03b_20260811_FULL_v1,L1_ELIGIBILITY,v2026-08-11,2026-03-21..2026-08-06,baccarat_bet02_101_all_pairs_incl_sentinel,round_win = game_pnl > 0 (decisive only),COMPATIBILITY_ONLY_NOT_PRODUCTION,81515.6139,73739.3596,483.5193,11361,11361,-0.00593162,0.00694385,-0.01152257,-0.00593162,-483.5193,81515.6139,OK,0.0000,19.3408,4.0000,96.0000,AG03-UNRESOLVED,ALL5_LEVELS_bet23_to_bet27,19.3408,19.3408,19.3408,24.1760,24.1760,4.000000,4.000000,4.000000,5.000000,5.000000,96.000000,96.000000,96.000000,95.000000,95.000000,5.0,106.3742,97.4416,377.1451,386.0777,PENDING_AG03,FALSE,NOT_FOR_ENFORCEMENT,464.1785,70789.7852,483.5193,464.1785,19.3408,0.00593162,0.00569435,19.3408,464.1785,0.00569435,19.3408,19.3408,19.3408,24.1760,24.1760,464.1785,0.00569435,106.3742,97.4416,377.1451,386.0777,0.00462666,0.00473624,0.00023726,7.1750,6.4906,0.0426,4.2045,0.0806,708.8314,98.7913,8.8300,6.6350,4.0407,4.4018,8.4329,14.3073,20.7715,40.8781,4.2012,0.0,4.718859,9.286678,1.630025,30,242,81,2,0.30276321,0.00593162,-0.00694385,0E-8,0.000000,0.904604,0.002289,0.01846642,2026-03-22,2026-08-06,115,6001,2406,138,0.833333,1.330819,1.230659,1.009211,,,,,,,,GLOBAL_BASELINE_NO_ENTITY_RANKING,,,NOT_APPLICABLE_GLOBAL_BASELINE,HF9g-P5,,,,X 全窗基线 · 不参与实体赏罚,8399318,840,A168_HF9F_20260827_0900,2026-08-27 09:00:00
2026-03-28,36810153,2193,0,15.4062857646,-6.6026938992,-6.6026938992,0.5000000,2,2,0.49324550000000000,0.493245500000,0.01910635448239258,0.01910635448239258,0.01910635448239258,0E-17,ELIGIBLE,R03b_20260811_FULL_v1,L1_ELIGIBILITY,v2026-08-11,2026-03-21..2026-08-06,baccarat_bet02_101_all_pairs_incl_sentinel,round_win = game_pnl > 0 (decisive only),COMPATIBILITY_ONLY_NOT_PRODUCTION,81515.6139,73739.3596,483.5193,11361,11361,-0.00593162,0.00694385,-0.01152257,-0.00593162,-483.5193,81515.6139,OK,0.0000,19.3408,4.0000,96.0000,AG03-UNRESOLVED,ALL5_LEVELS_bet23_to_bet27,19.3408,19.3408,19.3408,24.1760,24.1760,4.000000,4.000000,4.000000,5.000000,5.000000,96.000000,96.000000,96.000000,95.000000,95.000000,5.0,106.3742,97.4416,377.1451,386.0777,PENDING_AG03,FALSE,NOT_FOR_ENFORCEMENT,464.1785,70789.7852,483.5193,464.1785,19.3408,0.00593162,0.00569435,19.3408,464.1785,0.00569435,19.3408,19.3408,19.3408,24.1760,24.1760,464.1785,0.00569435,106.3742,97.4416,377.1451,386.0777,0.00462666,0.00473624,0.00023726,7.1750,6.4906,0.0426,4.2045,0.0806,708.8314,98.7913,8.8300,6.6350,4.0407,4.4018,8.4329,14.3073,20.7715,40.8781,4.2012,0.0,4.718859,9.286678,1.630025,30,242,81,2,0.30276321,0.00593162,-0.00694385,0E-8,0.000000,0.904604,0.002289,0.01846642,2026-03-22,2026-08-06,115,6001,2406,138,0.833333,1.330819,1.230659,1.009211,,,,,,,,GLOBAL_BASELINE_NO_ENTITY_RANKING,,,NOT_APPLICABLE_GLOBAL_BASELINE,HF9g-P5,,,,X 全窗基线 · 不参与实体赏罚,8399319,840,A168_HF9F_20260827_0900,2026-08-27 09:00:00
2026-03-28,36810153,2201,0,8.8035918654,-8.8035918654,-8.8035918654,0E-7,2,2,0.49994810000000000,0.499948100000,-1.4140667746232096,-1.4140667746232096,-1.4140667746232096,0E-17,ELIGIBLE,R03b_20260811_FULL_v1,L1_ELIGIBILITY,v2026-08-11,2026-03-21..2026-08-06,baccarat_bet02_101_all_pairs_incl_sentinel,round_win = game_pnl > 0 (decisive only),COMPATIBILITY_ONLY_NOT_PRODUCTION,81515.6139,73739.3596,483.5193,11361,11361,-0.00593162,0.00694385,-0.01152257,-0.00593162,-483.5193,81515.6139,OK,0.0000,19.3408,4.0000,96.0000,AG03-UNRESOLVED,ALL5_LEVELS_bet23_to_bet27,19.3408,19.3408,19.3408,24.1760,24.1760,4.000000,4.000000,4.000000,5.000000,5.000000,96.000000,96.000000,96.000000,95.000000,95.000000,5.0,106.3742,97.4416,377.1451,386.0777,PENDING_AG03,FALSE,NOT_FOR_ENFORCEMENT,464.1785,70789.7852,483.5193,464.1785,19.3408,0.00593162,0.00569435,19.3408,464.1785,0.00569435,19.3408,19.3408,19.3408,24.1760,24.1760,464.1785,0.00569435,106.3742,97.4416,377.1451,386.0777,0.00462666,0.00473624,0.00023726,7.1750,6.4906,0.0426,4.2045,0.0806,708.8314,98.7913,8.8300,6.6350,4.0407,4.4018,8.4329,14.3073,20.7715,40.8781,4.2012,0.0,4.718859,9.286678,1.630025,30,242,81,2,0.30276321,0.00593162,-0.00694385,0E-8,0.000000,0.904604,0.002289,0.01846642,2026-03-22,2026-08-06,115,6001,2406,138,0.833333,1.330819,1.230659,1.009211,,,,,,,,GLOBAL_BASELINE_NO_ENTITY_RANKING,,,NOT_APPLICABLE_GLOBAL_BASELINE,HF9g-P5,,,,X 全窗基线 · 不参与实体赏罚,8399320,840,A168_HF9F_20260827_0900,2026-08-27 09:00:00
2026-03-28,36810153,2205,0,17.6071837310,-17.6071837310,-17.6071837310,0E-7,1,1,0.50665070000000000,0.506650700000,-1.013391052207602,-1.013391052207602,-1.013391052207602,0E-17,ELIGIBLE,R03b_20260811_FULL_v1,L1_ELIGIBILITY,v2026-08-11,2026-03-21..2026-08-06,baccarat_bet02_101_all_pairs_incl_sentinel,round_win = game_pnl > 0 (decisive only),COMPATIBILITY_ONLY_NOT_PRODUCTION,81515.6139,73739.3596,483.5193,11361,11361,-0.00593162,0.00694385,-0.01152257,-0.00593162,-483.5193,81515.6139,OK,0.0000,19.3408,4.0000,96.0000,AG03-UNRESOLVED,ALL5_LEVELS_bet23_to_bet27,19.3408,19.3408,19.3408,24.1760,24.1760,4.000000,4.000000,4.000000,5.000000,5.000000,96.000000,96.000000,96.000000,95.000000,95.000000,5.0,106.3742,97.4416,377.1451,386.0777,PENDING_AG03,FALSE,NOT_FOR_ENFORCEMENT,464.1785,70789.7852,483.5193,464.1785,19.3408,0.00593162,0.00569435,19.3408,464.1785,0.00569435,19.3408,19.3408,19.3408,24.1760,24.1760,464.1785,0.00569435,106.3742,97.4416,377.1451,386.0777,0.00462666,0.00473624,0.00023726,7.1750,6.4906,0.0426,4.2045,0.0806,708.8314,98.7913,8.8300,6.6350,4.0407,4.4018,8.4329,14.3073,20.7715,40.8781,4.2012,0.0,4.718859,9.286678,1.630025,30,242,81,2,0.30276321,0.00593162,-0.00694385,0E-8,0.000000,0.904604,0.002289,0.01846642,2026-03-22,2026-08-06,115,6001,2406,138,0.833333,1.330819,1.230659,1.009211,,,,,,,,GLOBAL_BASELINE_NO_ENTITY_RANKING,,,NOT_APPLICABLE_GLOBAL_BASELINE,HF9g-P5,,,,X 全窗基线 · 不参与实体赏罚,8399321,840,A168_HF9F_20260827_0900,2026-08-27 09:00:00
2026-03-28,36810153,2218,0,53.9220001761,25.9705960031,25.9705960031,0.7500000,8,8,0.50162375000000000,0.501623750000,1.4050356542380409,1.4050356542380409,1.4050356542380409,0E-17,ELIGIBLE,R03b_20260811_FULL_v1,L1_ELIGIBILITY,v2026-08-11,2026-03-21..2026-08-06,baccarat_bet02_101_all_pairs_incl_sentinel,round_win = game_pnl > 0 (decisive only),COMPATIBILITY_ONLY_NOT_PRODUCTION,81515.6139,73739.3596,483.5193,11361,11361,-0.00593162,0.00694385,-0.01152257,-0.00593162,-483.5193,81515.6139,OK,0.0000,19.3408,4.0000,96.0000,AG03-UNRESOLVED,ALL5_LEVELS_bet23_to_bet27,19.3408,19.3408,19.3408,24.1760,24.1760,4.000000,4.000000,4.000000,5.000000,5.000000,96.000000,96.000000,96.000000,95.000000,95.000000,5.0,106.3742,97.4416,377.1451,386.0777,PENDING_AG03,FALSE,NOT_FOR_ENFORCEMENT,464.1785,70789.7852,483.5193,464.1785,19.3408,0.00593162,0.00569435,19.3408,464.1785,0.00569435,19.3408,19.3408,19.3408,24.1760,24.1760,464.1785,0.00569435,106.3742,97.4416,377.1451,386.0777,0.00462666,0.00473624,0.00023726,7.1750,6.4906,0.0426,4.2045,0.0806,708.8314,98.7913,8.8300,6.6350,4.0407,4.4018,8.4329,14.3073,20.7715,40.8781,4.2012,0.0,4.718859,9.286678,1.630025,30,242,81,2,0.30276321,0.00593162,-0.00694385,0E-8,0.000000,0.904604,0.002289,0.01846642,2026-03-22,2026-08-06,115,6001,2406,138,0.833333,1.330819,1.230659,1.009211,,,,,,,,GLOBAL_BASELINE_NO_ENTITY_RANKING,,,NOT_APPLICABLE_GLOBAL_BASELINE,HF9g-P5,,,,X 全窗基线 · 不参与实体赏罚,8399322,840,A168_HF9F_20260827_0900,2026-08-27 09:00:00
2026-03-28,36810153,2220,0,6.6026938991,-6.6026938991,-6.6026938991,0E-7,1,1,0.49324550000000000,0.493245500000,-0.9865810262130424,-0.9865810262130424,-0.9865810262130424,0E-17,ELIGIBLE,R03b_20260811_FULL_v1,L1_ELIGIBILITY,v2026-08-11,2026-03-21..2026-08-06,baccarat_bet02_101_all_pairs_incl_sentinel,round_win = game_pnl > 0 (decisive only),COMPATIBILITY_ONLY_NOT_PRODUCTION,81515.6139,73739.3596,483.5193,11361,11361,-0.00593162,0.00694385,-0.01152257,-0.00593162,-483.5193,81515.6139,OK,0.0000,19.3408,4.0000,96.0000,AG03-UNRESOLVED,ALL5_LEVELS_bet23_to_bet27,19.3408,19.3408,19.3408,24.1760,24.1760,4.000000,4.000000,4.000000,5.000000,5.000000,96.000000,96.000000,96.000000,95.000000,95.000000,5.0,106.3742,97.4416,377.1451,386.0777,PENDING_AG03,FALSE,NOT_FOR_ENFORCEMENT,464.1785,70789.7852,483.5193,464.1785,19.3408,0.00593162,0.00569435,19.3408,464.1785,0.00569435,19.3408,19.3408,19.3408,24.1760,24.1760,464.1785,0.00569435,106.3742,97.4416,377.1451,386.0777,0.00462666,0.00473624,0.00023726,7.1750,6.4906,0.0426,4.2045,0.0806,708.8314,98.7913,8.8300,6.6350,4.0407,4.4018,8.4329,14.3073,20.7715,40.8781,4.2012,0.0,4.718859,9.286678,1.630025,30,242,81,2,0.30276321,0.00593162,-0.00694385,0E-8,0.000000,0.904604,0.002289,0.01846642,2026-03-22,2026-08-06,115,6001,2406,138,0.833333,1.330819,1.230659,1.009211,,,,,,,,GLOBAL_BASELINE_NO_ENTITY_RANKING,,,NOT_APPLICABLE_GLOBAL_BASELINE,HF9g-P5,,,,X 全窗基线 · 不参与实体赏罚,8399323,840,A168_HF9F_20260827_0900,2026-08-27 09:00:00
2026-03-28,36810153,2223,0,20.9085306804,11.4996918743,11.4996918743,0.6666667,3,3,0.50218230000000000,0.502182300000,0.5697959874915163,0.5697959874915164,0.5697959874915163,0E-17,ELIGIBLE,R03b_20260811_FULL_v1,L1_ELIGIBILITY,v2026-08-11,2026-03-21..2026-08-06,baccarat_bet02_101_all_pairs_incl_sentinel,round_win = game_pnl > 0 (decisive only),COMPATIBILITY_ONLY_NOT_PRODUCTION,81515.6139,73739.3596,483.5193,11361,11361,-0.00593162,0.00694385,-0.01152257,-0.00593162,-483.5193,81515.6139,OK,0.0000,19.3408,4.0000,96.0000,AG03-UNRESOLVED,ALL5_LEVELS_bet23_to_bet27,19.3408,19.3408,19.3408,24.1760,24.1760,4.000000,4.000000,4.000000,5.000000,5.000000,96.000000,96.000000,96.000000,95.000000,95.000000,5.0,106.3742,97.4416,377.1451,386.0777,PENDING_AG03,FALSE,NOT_FOR_ENFORCEMENT,464.1785,70789.7852,483.5193,464.1785,19.3408,0.00593162,0.00569435,19.3408,464.1785,0.00569435,19.3408,19.3408,19.3408,24.1760,24.1760,464.1785,0.00569435,106.3742,97.4416,377.1451,386.0777,0.00462666,0.00473624,0.00023726,7.1750,6.4906,0.0426,4.2045,0.0806,708.8314,98.7913,8.8300,6.6350,4.0407,4.4018,8.4329,14.3073,20.7715,40.8781,4.2012,0.0,4.718859,9.286678,1.630025,30,242,81,2,0.30276321,0.00593162,-0.00694385,0E-8,0.000000,0.904604,0.002289,0.01846642,2026-03-22,2026-08-06,115,6001,2406,138,0.833333,1.330819,1.230659,1.009211,,,,,,,,GLOBAL_BASELINE_NO_ENTITY_RANKING,,,NOT_APPLICABLE_GLOBAL_BASELINE,HF9g-P5,,,,X 全窗基线 · 不参与实体赏罚,8399324,840,A168_HF9F_20260827_0900,2026-08-27 09:00:00
2026-03-28,36810153,2224,0,34.1139184788,6.6026938991,6.6026938991,0.6666667,4,4,0.49994810000000000,0.499948100000,0.5775300591747329,0.5775300591747329,0.5775300591747329,0E-17,ELIGIBLE,R03b_20260811_FULL_v1,L1_ELIGIBILITY,v2026-08-11,2026-03-21..2026-08-06,baccarat_bet02_101_all_pairs_incl_sentinel,round_win = game_pnl > 0 (decisive only),COMPATIBILITY_ONLY_NOT_PRODUCTION,81515.6139,73739.3596,483.5193,11361,11361,-0.00593162,0.00694385,-0.01152257,-0.00593162,-483.5193,81515.6139,OK,0.0000,19.3408,4.0000,96.0000,AG03-UNRESOLVED,ALL5_LEVELS_bet23_to_bet27,19.3408,19.3408,19.3408,24.1760,24.1760,4.000000,4.000000,4.000000,5.000000,5.000000,96.000000,96.000000,96.000000,95.000000,95.000000,5.0,106.3742,97.4416,377.1451,386.0777,PENDING_AG03,FALSE,NOT_FOR_ENFORCEMENT,464.1785,70789.7852,483.5193,464.1785,19.3408,0.00593162,0.00569435,19.3408,464.1785,0.00569435,19.3408,19.3408,19.3408,24.1760,24.1760,464.1785,0.00569435,106.3742,97.4416,377.1451,386.0777,0.00462666,0.00473624,0.00023726,7.1750,6.4906,0.0426,4.2045,0.0806,708.8314,98.7913,8.8300,6.6350,4.0407,4.4018,8.4329,14.3073,20.7715,40.8781,4.2012,0.0,4.718859,9.286678,1.630025,30,242,81,2,0.30276321,0.00593162,-0.00694385,0E-8,0.000000,0.904604,0.002289,0.01846642,2026-03-22,2026-08-06,115,6001,2406,138,0.833333,1.330819,1.230659,1.009211,,,,,,,,GLOBAL_BASELINE_NO_ENTITY_RANKING,,,NOT_APPLICABLE_GLOBAL_BASELINE,HF9g-P5,,,,X 全窗基线 · 不参与实体赏罚,8399325,840,A168_HF9F_20260827_0900,2026-08-27 09:00:00
2026-03-28,36810153,2232,0,12.9852980015,-4.1817061361,-4.1817061361,0.3333333,3,3,0.49771390000000000,0.497713900000,-0.5694369385616226,-0.5694369385616226,-0.5694369385616226,0E-17,ELIGIBLE,R03b_20260811_FULL_v1,L1_ELIGIBILITY,v2026-08-11,2026-03-21..2026-08-06,baccarat_bet02_101_all_pairs_incl_sentinel,round_win = game_pnl > 0 (decisive only),COMPATIBILITY_ONLY_NOT_PRODUCTION,81515.6139,73739.3596,483.5193,11361,11361,-0.00593162,0.00694385,-0.01152257,-0.00593162,-483.5193,81515.6139,OK,0.0000,19.3408,4.0000,96.0000,AG03-UNRESOLVED,ALL5_LEVELS_bet23_to_bet27,19.3408,19.3408,19.3408,24.1760,24.1760,4.000000,4.000000,4.000000,5.000000,5.000000,96.000000,96.000000,96.000000,95.000000,95.000000,5.0,106.3742,97.4416,377.1451,386.0777,PENDING_AG03,FALSE,NOT_FOR_ENFORCEMENT,464.1785,70789.7852,483.5193,464.1785,19.3408,0.00593162,0.00569435,19.3408,464.1785,0.00569435,19.3408,19.3408,19.3408,24.1760,24.1760,464.1785,0.00569435,106.3742,97.4416,377.1451,386.0777,0.00462666,0.00473624,0.00023726,7.1750,6.4906,0.0426,4.2045,0.0806,708.8314,98.7913,8.8300,6.6350,4.0407,4.4018,8.4329,14.3073,20.7715,40.8781,4.2012,0.0,4.718859,9.286678,1.630025,30,242,81,2,0.30276321,0.00593162,-0.00694385,0E-8,0.000000,0.904604,0.002289,0.01846642,2026-03-22,2026-08-06,115,6001,2406,138,0.833333,1.330819,1.230659,1.009211,,,,,,,,GLOBAL_BASELINE_NO_ENTITY_RANKING,,,NOT_APPLICABLE_GLOBAL_BASELINE,HF9g-P5,,,,X 全窗基线 · 不参与实体赏罚,8399326,840,A168_HF9F_20260827_0900,2026-08-27 09:00:00
2026-03-28,36810153,2233,0,44.0179593274,0E-10,0E-10,0.2500000,4,4,0.49994810000000000,0.499948100000,-0.9997924053861017,-0.9997924053861017,-0.9997924053861017,0E-17,ELIGIBLE,R03b_20260811_FULL_v1,L1_ELIGIBILITY,v2026-08-11,2026-03-21..2026-08-06,baccarat_bet02_101_all_pairs_incl_sentinel,round_win = game_pnl > 0 (decisive only),COMPATIBILITY_ONLY_NOT_PRODUCTION,81515.6139,73739.3596,483.5193,11361,11361,-0.00593162,0.00694385,-0.01152257,-0.00593162,-483.5193,81515.6139,OK,0.0000,19.3408,4.0000,96.0000,AG03-UNRESOLVED,ALL5_LEVELS_bet23_to_bet27,19.3408,19.3408,19.3408,24.1760,24.1760,4.000000,4.000000,4.000000,5.000000,5.000000,96.000000,96.000000,96.000000,95.000000,95.000000,5.0,106.3742,97.4416,377.1451,386.0777,PENDING_AG03,FALSE,NOT_FOR_ENFORCEMENT,464.1785,70789.7852,483.5193,464.1785,19.3408,0.00593162,0.00569435,19.3408,464.1785,0.00569435,19.3408,19.3408,19.3408,24.1760,24.1760,464.1785,0.00569435,106.3742,97.4416,377.1451,386.0777,0.00462666,0.00473624,0.00023726,7.1750,6.4906,0.0426,4.2045,0.0806,708.8314,98.7913,8.8300,6.6350,4.0407,4.4018,8.4329,14.3073,20.7715,40.8781,4.2012,0.0,4.718859,9.286678,1.630025,30,242,81,2,0.30276321,0.00593162,-0.00694385,0E-8,0.000000,0.904604,0.002289,0.01846642,2026-03-22,2026-08-06,115,6001,2406,138,0.833333,1.330819,1.230659,1.009211,,,,,,,,GLOBAL_BASELINE_NO_ENTITY_RANKING,,,NOT_APPLICABLE_GLOBAL_BASELINE,HF9g-P5,,,,X 全窗基线 · 不参与实体赏罚,8399327,840,A168_HF9F_20260827_0900,2026-08-27 09:00:00
2026-03-28,36810153,2242,0,4.4017959327,-4.4017959327,-4.4017959327,0E-7,1,1,0.50665070000000000,0.506650700000,-1.013391052207602,-1.013391052207602,-1.013391052207602,0E-17,ELIGIBLE,R03b_20260811_FULL_v1,L1_ELIGIBILITY,v2026-08-11,2026-03-21..2026-08-06,baccarat_bet02_101_all_pairs_incl_sentinel,round_win = game_pnl > 0 (decisive only),COMPATIBILITY_ONLY_NOT_PRODUCTION,81515.6139,73739.3596,483.5193,11361,11361,-0.00593162,0.00694385,-0.01152257,-0.00593162,-483.5193,81515.6139,OK,0.0000,19.3408,4.0000,96.0000,AG03-UNRESOLVED,ALL5_LEVELS_bet23_to_bet27,19.3408,19.3408,19.3408,24.1760,24.1760,4.000000,4.000000,4.000000,5.000000,5.000000,96.000000,96.000000,96.000000,95.000000,95.000000,5.0,106.3742,97.4416,377.1451,386.0777,PENDING_AG03,FALSE,NOT_FOR_ENFORCEMENT,464.1785,70789.7852,483.5193,464.1785,19.3408,0.00593162,0.00569435,19.3408,464.1785,0.00569435,19.3408,19.3408,19.3408,24.1760,24.1760,464.1785,0.00569435,106.3742,97.4416,377.1451,386.0777,0.00462666,0.00473624,0.00023726,7.1750,6.4906,0.0426,4.2045,0.0806,708.8314,98.7913,8.8300,6.6350,4.0407,4.4018,8.4329,14.3073,20.7715,40.8781,4.2012,0.0,4.718859,9.286678,1.630025,30,242,81,2,0.30276321,0.00593162,-0.00694385,0E-8,0.000000,0.904604,0.002289,0.01846642,2026-03-22,2026-08-06,115,6001,2406,138,0.833333,1.330819,1.230659,1.009211,,,,,,,,GLOBAL_BASELINE_NO_ENTITY_RANKING,,,NOT_APPLICABLE_GLOBAL_BASELINE,HF9g-P5,,,,X 全窗基线 · 不参与实体赏罚,8399328,840,A168_HF9F_20260827_0900,2026-08-27 09:00:00
2026-03-28,36810153,2244,0,13.2053877981,4.1817061361,4.1817061361,0.6666667,3,3,0.49771390000000000,0.497713900000,0.5852756695216578,0.5852756695216578,0.5852756695216578,0E-17,ELIGIBLE,R03b_20260811_FULL_v1,L1_ELIGIBILITY,v2026-08-11,2026-03-21..2026-08-06,baccarat_bet02_101_all_pairs_incl_sentinel,round_win = game_pnl > 0 (decisive only),COMPATIBILITY_ONLY_NOT_PRODUCTION,81515.6139,73739.3596,483.5193,11361,11361,-0.00593162,0.00694385,-0.01152257,-0.00593162,-483.5193,81515.6139,OK,0.0000,19.3408,4.0000,96.0000,AG03-UNRESOLVED,ALL5_LEVELS_bet23_to_bet27,19.3408,19.3408,19.3408,24.1760,24.1760,4.000000,4.000000,4.000000,5.000000,5.000000,96.000000,96.000000,96.000000,95.000000,95.000000,5.0,106.3742,97.4416,377.1451,386.0777,PENDING_AG03,FALSE,NOT_FOR_ENFORCEMENT,464.1785,70789.7852,483.5193,464.1785,19.3408,0.00593162,0.00569435,19.3408,464.1785,0.00569435,19.3408,19.3408,19.3408,24.1760,24.1760,464.1785,0.00569435,106.3742,97.4416,377.1451,386.0777,0.00462666,0.00473624,0.00023726,7.1750,6.4906,0.0426,4.2045,0.0806,708.8314,98.7913,8.8300,6.6350,4.0407,4.4018,8.4329,14.3073,20.7715,40.8781,4.2012,0.0,4.718859,9.286678,1.630025,30,242,81,2,0.30276321,0.00593162,-0.00694385,0E-8,0.000000,0.904604,0.002289,0.01846642,2026-03-22,2026-08-06,115,6001,2406,138,0.833333,1.330819,1.230659,1.009211,,,,,,,,GLOBAL_BASELINE_NO_ENTITY_RANKING,,,NOT_APPLICABLE_GLOBAL_BASELINE,HF9g-P5,,,,X 全窗基线 · 不参与实体赏罚,8399329,840,A168_HF9F_20260827_0900,2026-08-27 09:00:00
2026-03-28,36810153,2252,0,8.1433224756,-8.1433224756,-8.1433224756,0E-7,1,1,0.50665070000000000,0.506650700000,-1.013391052207602,-1.013391052207602,-1.013391052207602,0E-17,ELIGIBLE,R03b_20260811_FULL_v1,L1_ELIGIBILITY,v2026-08-11,2026-03-21..2026-08-06,baccarat_bet02_101_all_pairs_incl_sentinel,round_win = game_pnl > 0 (decisive only),COMPATIBILITY_ONLY_NOT_PRODUCTION,81515.6139,73739.3596,483.5193,11361,11361,-0.00593162,0.00694385,-0.01152257,-0.00593162,-483.5193,81515.6139,OK,0.0000,19.3408,4.0000,96.0000,AG03-UNRESOLVED,ALL5_LEVELS_bet23_to_bet27,19.3408,19.3408,19.3408,24.1760,24.1760,4.000000,4.000000,4.000000,5.000000,5.000000,96.000000,96.000000,96.000000,95.000000,95.000000,5.0,106.3742,97.4416,377.1451,386.0777,PENDING_AG03,FALSE,NOT_FOR_ENFORCEMENT,464.1785,70789.7852,483.5193,464.1785,19.3408,0.00593162,0.00569435,19.3408,464.1785,0.00569435,19.3408,19.3408,19.3408,24.1760,24.1760,464.1785,0.00569435,106.3742,97.4416,377.1451,386.0777,0.00462666,0.00473624,0.00023726,7.1750,6.4906,0.0426,4.2045,0.0806,708.8314,98.7913,8.8300,6.6350,4.0407,4.4018,8.4329,14.3073,20.7715,40.8781,4.2012,0.0,4.718859,9.286678,1.630025,30,242,81,2,0.30276321,0.00593162,-0.00694385,0E-8,0.000000,0.904604,0.002289,0.01846642,2026-03-22,2026-08-06,115,6001,2406,138,0.833333,1.330819,1.230659,1.009211,,,,,,,,GLOBAL_BASELINE_NO_ENTITY_RANKING,,,NOT_APPLICABLE_GLOBAL_BASELINE,HF9g-P5,,,,X 全窗基线 · 不参与实体赏罚,8399330,840,A168_HF9F_20260827_0900,2026-08-27 09:00:00
2026-03-28,36810153,2258,0,6.6026938991,-6.6026938991,-6.6026938991,0E-7,1,1,0.49324550000000000,0.493245500000,-0.9865810262130424,-0.9865810262130424,-0.9865810262130424,0E-17,ELIGIBLE,R03b_20260811_FULL_v1,L1_ELIGIBILITY,v2026-08-11,2026-03-21..2026-08-06,baccarat_bet02_101_all_pairs_incl_sentinel,round_win = game_pnl > 0 (decisive only),COMPATIBILITY_ONLY_NOT_PRODUCTION,81515.6139,73739.3596,483.5193,11361,11361,-0.00593162,0.00694385,-0.01152257,-0.00593162,-483.5193,81515.6139,OK,0.0000,19.3408,4.0000,96.0000,AG03-UNRESOLVED,ALL5_LEVELS_bet23_to_bet27,19.3408,19.3408,19.3408,24.1760,24.1760,4.000000,4.000000,4.000000,5.000000,5.000000,96.000000,96.000000,96.000000,95.000000,95.000000,5.0,106.3742,97.4416,377.1451,386.0777,PENDING_AG03,FALSE,NOT_FOR_ENFORCEMENT,464.1785,70789.7852,483.5193,464.1785,19.3408,0.00593162,0.00569435,19.3408,464.1785,0.00569435,19.3408,19.3408,19.3408,24.1760,24.1760,464.1785,0.00569435,106.3742,97.4416,377.1451,386.0777,0.00462666,0.00473624,0.00023726,7.1750,6.4906,0.0426,4.2045,0.0806,708.8314,98.7913,8.8300,6.6350,4.0407,4.4018,8.4329,14.3073,20.7715,40.8781,4.2012,0.0,4.718859,9.286678,1.630025,30,242,81,2,0.30276321,0.00593162,-0.00694385,0E-8,0.000000,0.904604,0.002289,0.01846642,2026-03-22,2026-08-06,115,6001,2406,138,0.833333,1.330819,1.230659,1.009211,,,,,,,,GLOBAL_BASELINE_NO_ENTITY_RANKING,,,NOT_APPLICABLE_GLOBAL_BASELINE,HF9g-P5,,,,X 全窗基线 · 不参与实体赏罚,8399331,840,A168_HF9F_20260827_0900,2026-08-27 09:00:00
2026-03-28,36810153,2264,0,26.4107755964,-17.6071837310,-17.6071837310,0.3333333,3,3,0.49771390000000000,0.497713900000,-0.5694369385616226,-0.5694369385616226,-0.5694369385616226,0E-17,ELIGIBLE,R03b_20260811_FULL_v1,L1_ELIGIBILITY,v2026-08-11,2026-03-21..2026-08-06,baccarat_bet02_101_all_pairs_incl_sentinel,round_win = game_pnl > 0 (decisive only),COMPATIBILITY_ONLY_NOT_PRODUCTION,81515.6139,73739.3596,483.5193,11361,11361,-0.00593162,0.00694385,-0.01152257,-0.00593162,-483.5193,81515.6139,OK,0.0000,19.3408,4.0000,96.0000,AG03-UNRESOLVED,ALL5_LEVELS_bet23_to_bet27,19.3408,19.3408,19.3408,24.1760,24.1760,4.000000,4.000000,4.000000,5.000000,5.000000,96.000000,96.000000,96.000000,95.000000,95.000000,5.0,106.3742,97.4416,377.1451,386.0777,PENDING_AG03,FALSE,NOT_FOR_ENFORCEMENT,464.1785,70789.7852,483.5193,464.1785,19.3408,0.00593162,0.00569435,19.3408,464.1785,0.00569435,19.3408,19.3408,19.3408,24.1760,24.1760,464.1785,0.00569435,106.3742,97.4416,377.1451,386.0777,0.00462666,0.00473624,0.00023726,7.1750,6.4906,0.0426,4.2045,0.0806,708.8314,98.7913,8.8300,6.6350,4.0407,4.4018,8.4329,14.3073,20.7715,40.8781,4.2012,0.0,4.718859,9.286678,1.630025,30,242,81,2,0.30276321,0.00593162,-0.00694385,0E-8,0.000000,0.904604,0.002289,0.01846642,2026-03-22,2026-08-06,115,6001,2406,138,0.833333,1.330819,1.230659,1.009211,,,,,,,,GLOBAL_BASELINE_NO_ENTITY_RANKING,,,NOT_APPLICABLE_GLOBAL_BASELINE,HF9g-P5,,,,X 全窗基线 · 不参与实体赏罚,8399332,840,A168_HF9F_20260827_0900,2026-08-27 09:00:00
2026-03-28,36810153,462,0,26.6308653930,-13.6455673915,-13.6455673915,0.2500000,5,5,0.49860758000000000,0.498607580000,-0.9944341760919779,-0.9944341760919779,-0.9944341760919779,0E-17,ELIGIBLE,R03b_20260811_FULL_v1,L1_ELIGIBILITY,v2026-08-11,2026-03-21..2026-08-06,baccarat_bet02_101_all_pairs_incl_sentinel,round_win = game_pnl > 0 (decisive only),COMPATIBILITY_ONLY_NOT_PRODUCTION,81515.6139,73739.3596,483.5193,11361,11361,-0.00593162,0.00694385,-0.01152257,-0.00593162,-483.5193,81515.6139,OK,0.0000,19.3408,4.0000,96.0000,AG03-UNRESOLVED,ALL5_LEVELS_bet23_to_bet27,19.3408,19.3408,19.3408,24.1760,24.1760,4.000000,4.000000,4.000000,5.000000,5.000000,96.000000,96.000000,96.000000,95.000000,95.000000,5.0,106.3742,97.4416,377.1451,386.0777,PENDING_AG03,FALSE,NOT_FOR_ENFORCEMENT,464.1785,70789.7852,483.5193,464.1785,19.3408,0.00593162,0.00569435,19.3408,464.1785,0.00569435,19.3408,19.3408,19.3408,24.1760,24.1760,464.1785,0.00569435,106.3742,97.4416,377.1451,386.0777,0.00462666,0.00473624,0.00023726,7.1750,6.4906,0.0426,4.2045,0.0806,708.8314,98.7913,8.8300,6.6350,4.0407,4.4018,8.4329,14.3073,20.7715,40.8781,4.2012,0.0,4.718859,9.286678,1.630025,30,242,81,2,0.30276321,0.00593162,-0.00694385,0E-8,0.000000,0.904604,0.002289,0.01846642,2026-03-22,2026-08-06,115,6001,2406,138,0.833333,1.330819,1.230659,1.009211,,,,,,,,GLOBAL_BASELINE_NO_ENTITY_RANKING,,,NOT_APPLICABLE_GLOBAL_BASELINE,HF9g-P5,,,,X 全窗基线 · 不参与实体赏罚,8399333,840,A168_HF9F_20260827_0900,2026-08-27 09:00:00
2026-03-28,36810153,526,0,18.7076327141,4.4017959327,4.4017959327,1.0000000,2,2,0.49994810000000000,0.499948100000,1.0001038053877793,1.0001038053877793,1.0001038053877793,0E-17,ELIGIBLE,R03b_20260811_FULL_v1,L1_ELIGIBILITY,v2026-08-11,2026-03-21..2026-08-06,baccarat_bet02_101_all_pairs_incl_sentinel,round_win = game_pnl > 0 (decisive only),COMPATIBILITY_ONLY_NOT_PRODUCTION,81515.6139,73739.3596,483.5193,11361,11361,-0.00593162,0.00694385,-0.01152257,-0.00593162,-483.5193,81515.6139,OK,0.0000,19.3408,4.0000,96.0000,AG03-UNRESOLVED,ALL5_LEVELS_bet23_to_bet27,19.3408,19.3408,19.3408,24.1760,24.1760,4.000000,4.000000,4.000000,5.000000,5.000000,96.000000,96.000000,96.000000,95.000000,95.000000,5.0,106.3742,97.4416,377.1451,386.0777,PENDING_AG03,FALSE,NOT_FOR_ENFORCEMENT,464.1785,70789.7852,483.5193,464.1785,19.3408,0.00593162,0.00569435,19.3408,464.1785,0.00569435,19.3408,19.3408,19.3408,24.1760,24.1760,464.1785,0.00569435,106.3742,97.4416,377.1451,386.0777,0.00462666,0.00473624,0.00023726,7.1750,6.4906,0.0426,4.2045,0.0806,708.8314,98.7913,8.8300,6.6350,4.0407,4.4018,8.4329,14.3073,20.7715,40.8781,4.2012,0.0,4.718859,9.286678,1.630025,30,242,81,2,0.30276321,0.00593162,-0.00694385,0E-8,0.000000,0.904604,0.002289,0.01846642,2026-03-22,2026-08-06,115,6001,2406,138,0.833333,1.330819,1.230659,1.009211,,,,,,,,GLOBAL_BASELINE_NO_ENTITY_RANKING,,,NOT_APPLICABLE_GLOBAL_BASELINE,HF9g-P5,,,,X 全窗基线 · 不参与实体赏罚,8399334,840,A168_HF9F_20260827_0900,2026-08-27 09:00:00
2026-03-28,36810153,925,0,8.8035918654,-4.4017959327,-4.4017959327,0E-7,2,2,0.49324550000000000,0.493245500000,-0.9865810262130424,-0.9865810262130424,-0.9865810262130424,0E-17,ELIGIBLE,R03b_20260811_FULL_v1,L1_ELIGIBILITY,v2026-08-11,2026-03-21..2026-08-06,baccarat_bet02_101_all_pairs_incl_sentinel,round_win = game_pnl > 0 (decisive only),COMPATIBILITY_ONLY_NOT_PRODUCTION,81515.6139,73739.3596,483.5193,11361,11361,-0.00593162,0.00694385,-0.01152257,-0.00593162,-483.5193,81515.6139,OK,0.0000,19.3408,4.0000,96.0000,AG03-UNRESOLVED,ALL5_LEVELS_bet23_to_bet27,19.3408,19.3408,19.3408,24.1760,24.1760,4.000000,4.000000,4.000000,5.000000,5.000000,96.000000,96.000000,96.000000,95.000000,95.000000,5.0,106.3742,97.4416,377.1451,386.0777,PENDING_AG03,FALSE,NOT_FOR_ENFORCEMENT,464.1785,70789.7852,483.5193,464.1785,19.3408,0.00593162,0.00569435,19.3408,464.1785,0.00569435,19.3408,19.3408,19.3408,24.1760,24.1760,464.1785,0.00569435,106.3742,97.4416,377.1451,386.0777,0.00462666,0.00473624,0.00023726,7.1750,6.4906,0.0426,4.2045,0.0806,708.8314,98.7913,8.8300,6.6350,4.0407,4.4018,8.4329,14.3073,20.7715,40.8781,4.2012,0.0,4.718859,9.286678,1.630025,30,242,81,2,0.30276321,0.00593162,-0.00694385,0E-8,0.000000,0.904604,0.002289,0.01846642,2026-03-22,2026-08-06,115,6001,2406,138,0.833333,1.330819,1.230659,1.009211,,,,,,,,GLOBAL_BASELINE_NO_ENTITY_RANKING,,,NOT_APPLICABLE_GLOBAL_BASELINE,HF9g-P5,,,,X 全窗基线 · 不参与实体赏罚,8399335,840,A168_HF9F_20260827_0900,2026-08-27 09:00:00
2026-03-28,36810153,948,0,60.0845144819,-13.1943833084,-13.1943833084,0.5000000,6,6,0.49994810000000000,0.499948100000,0.00025425703667063243,0.00025425703667063243,0.00025425703667063243,0E-17,ELIGIBLE,R03b_20260811_FULL_v1,L1_ELIGIBILITY,v2026-08-11,2026-03-21..2026-08-06,baccarat_bet02_101_all_pairs_incl_sentinel,round_win = game_pnl > 0 (decisive only),COMPATIBILITY_ONLY_NOT_PRODUCTION,81515.6139,73739.3596,483.5193,11361,11361,-0.00593162,0.00694385,-0.01152257,-0.00593162,-483.5193,81515.6139,OK,0.0000,19.3408,4.0000,96.0000,AG03-UNRESOLVED,ALL5_LEVELS_bet23_to_bet27,19.3408,19.3408,19.3408,24.1760,24.1760,4.000000,4.000000,4.000000,5.000000,5.000000,96.000000,96.000000,96.000000,95.000000,95.000000,5.0,106.3742,97.4416,377.1451,386.0777,PENDING_AG03,FALSE,NOT_FOR_ENFORCEMENT,464.1785,70789.7852,483.5193,464.1785,19.3408,0.00593162,0.00569435,19.3408,464.1785,0.00569435,19.3408,19.3408,19.3408,24.1760,24.1760,464.1785,0.00569435,106.3742,97.4416,377.1451,386.0777,0.00462666,0.00473624,0.00023726,7.1750,6.4906,0.0426,4.2045,0.0806,708.8314,98.7913,8.8300,6.6350,4.0407,4.4018,8.4329,14.3073,20.7715,40.8781,4.2012,0.0,4.718859,9.286678,1.630025,30,242,81,2,0.30276321,0.00593162,-0.00694385,0E-8,0.000000,0.904604,0.002289,0.01846642,2026-03-22,2026-08-06,115,6001,2406,138,0.833333,1.330819,1.230659,1.009211,,,,,,,,GLOBAL_BASELINE_NO_ENTITY_RANKING,,,NOT_APPLICABLE_GLOBAL_BASELINE,HF9g-P5,,,,X 全窗基线 · 不参与实体赏罚,8399336,840,A168_HF9F_20260827_0900,2026-08-27 09:00:00
2026-03-29,36810153,-1,1,43.1376001408,-8.8035918655,-8.8035918655,0.3333333,6,6,0.50441650000000000,0.504416500000,-0.838165622096103,-0.838165622096103,-0.838165622096103,0E-17,SENTINEL_DEALER,R03b_20260811_FULL_v1,L1_ELIGIBILITY,v2026-08-11,2026-03-21..2026-08-06,baccarat_bet02_101_all_pairs_incl_sentinel,round_win = game_pnl > 0 (decisive only),COMPATIBILITY_ONLY_NOT_PRODUCTION,81515.6139,73739.3596,483.5193,11361,11361,-0.00593162,0.00694385,-0.01152257,-0.00593162,-483.5193,81515.6139,OK,0.0000,19.3408,4.0000,96.0000,AG03-UNRESOLVED,ALL5_LEVELS_bet23_to_bet27,19.3408,19.3408,19.3408,24.1760,24.1760,4.000000,4.000000,4.000000,5.000000,5.000000,96.000000,96.000000,96.000000,95.000000,95.000000,5.0,106.3742,97.4416,377.1451,386.0777,PENDING_AG03,FALSE,NOT_FOR_ENFORCEMENT,464.1785,70789.7852,483.5193,464.1785,19.3408,0.00593162,0.00569435,19.3408,464.1785,0.00569435,19.3408,19.3408,19.3408,24.1760,24.1760,464.1785,0.00569435,106.3742,97.4416,377.1451,386.0777,0.00462666,0.00473624,0.00023726,7.1750,6.4906,0.0426,4.2045,0.0806,708.8314,98.7913,8.8300,6.6350,4.0407,4.4018,8.4329,14.3073,20.7715,40.8781,4.2012,0.0,4.718859,9.286678,1.630025,30,242,81,2,0.30276321,0.00593162,-0.00694385,0E-8,0.000000,0.904604,0.002289,0.01846642,2026-03-22,2026-08-06,115,6001,2406,138,0.833333,1.330819,1.230659,1.009211,,,,,,,,GLOBAL_BASELINE_NO_ENTITY_RANKING,,,NOT_APPLICABLE_GLOBAL_BASELINE,HF9g-P5,,,,X 全窗基线 · 不参与实体赏罚,8399337,840,A168_HF9F_20260827_0900,2026-08-27 09:00:00
2026-03-29,36810153,1078,0,17.6071837309,8.8035918655,8.8035918655,0.5000000,2,2,0.49324550000000000,0.493245500000,0.01910635448239258,0.01910635448239258,0.01910635448239258,0E-17,ELIGIBLE,R03b_20260811_FULL_v1,L1_ELIGIBILITY,v2026-08-11,2026-03-21..2026-08-06,baccarat_bet02_101_all_pairs_incl_sentinel,round_win = game_pnl > 0 (decisive only),COMPATIBILITY_ONLY_NOT_PRODUCTION,81515.6139,73739.3596,483.5193,11361,11361,-0.00593162,0.00694385,-0.01152257,-0.00593162,-483.5193,81515.6139,OK,0.0000,19.3408,4.0000,96.0000,AG03-UNRESOLVED,ALL5_LEVELS_bet23_to_bet27,19.3408,19.3408,19.3408,24.1760,24.1760,4.000000,4.000000,4.000000,5.000000,5.000000,96.000000,96.000000,96.000000,95.000000,95.000000,5.0,106.3742,97.4416,377.1451,386.0777,PENDING_AG03,FALSE,NOT_FOR_ENFORCEMENT,464.1785,70789.7852,483.5193,464.1785,19.3408,0.00593162,0.00569435,19.3408,464.1785,0.00569435,19.3408,19.3408,19.3408,24.1760,24.1760,464.1785,0.00569435,106.3742,97.4416,377.1451,386.0777,0.00462666,0.00473624,0.00023726,7.1750,6.4906,0.0426,4.2045,0.0806,708.8314,98.7913,8.8300,6.6350,4.0407,4.4018,8.4329,14.3073,20.7715,40.8781,4.2012,0.0,4.718859,9.286678,1.630025,30,242,81,2,0.30276321,0.00593162,-0.00694385,0E-8,0.000000,0.904604,0.002289,0.01846642,2026-03-22,2026-08-06,115,6001,2406,138,0.833333,1.330819,1.230659,1.009211,,,,,,,,GLOBAL_BASELINE_NO_ENTITY_RANKING,,,NOT_APPLICABLE_GLOBAL_BASELINE,HF9g-P5,,,,X 全窗基线 · 不参与实体赏罚,8399338,840,A168_HF9F_20260827_0900,2026-08-27 09:00:00
2026-03-29,36810153,1109,0,4.4017959327,4.1817061361,4.1817061361,1.0000000,1,1,0.50665070000000000,0.506650700000,0.9867858985152569,0.9867858985152569,0.9867858985152569,0E-17,ELIGIBLE,R03b_20260811_FULL_v1,L1_ELIGIBILITY,v2026-08-11,2026-03-21..2026-08-06,baccarat_bet02_101_all_pairs_incl_sentinel,round_win = game_pnl > 0 (decisive only),COMPATIBILITY_ONLY_NOT_PRODUCTION,81515.6139,73739.3596,483.5193,11361,11361,-0.00593162,0.00694385,-0.01152257,-0.00593162,-483.5193,81515.6139,OK,0.0000,19.3408,4.0000,96.0000,AG03-UNRESOLVED,ALL5_LEVELS_bet23_to_bet27,19.3408,19.3408,19.3408,24.1760,24.1760,4.000000,4.000000,4.000000,5.000000,5.000000,96.000000,96.000000,96.000000,95.000000,95.000000,5.0,106.3742,97.4416,377.1451,386.0777,PENDING_AG03,FALSE,NOT_FOR_ENFORCEMENT,464.1785,70789.7852,483.5193,464.1785,19.3408,0.00593162,0.00569435,19.3408,464.1785,0.00569435,19.3408,19.3408,19.3408,24.1760,24.1760,464.1785,0.00569435,106.3742,97.4416,377.1451,386.0777,0.00462666,0.00473624,0.00023726,7.1750,6.4906,0.0426,4.2045,0.0806,708.8314,98.7913,8.8300,6.6350,4.0407,4.4018,8.4329,14.3073,20.7715,40.8781,4.2012,0.0,4.718859,9.286678,1.630025,30,242,81,2,0.30276321,0.00593162,-0.00694385,0E-8,0.000000,0.904604,0.002289,0.01846642,2026-03-22,2026-08-06,115,6001,2406,138,0.833333,1.330819,1.230659,1.009211,,,,,,,,GLOBAL_BASELINE_NO_ENTITY_RANKING,,,NOT_APPLICABLE_GLOBAL_BASELINE,HF9g-P5,,,,X 全窗基线 · 不参与实体赏罚,8399339,840,A168_HF9F_20260827_0900,2026-08-27 09:00:00
2026-03-29,36810153,1115,0,4.4017959327,-4.4017959327,-4.4017959327,0E-7,1,1,0.49324550000000000,0.493245500000,-0.9865810262130424,-0.9865810262130424,-0.9865810262130424,0E-17,ELIGIBLE,R03b_20260811_FULL_v1,L1_ELIGIBILITY,v2026-08-11,2026-03-21..2026-08-06,baccarat_bet02_101_all_pairs_incl_sentinel,round_win = game_pnl > 0 (decisive only),COMPATIBILITY_ONLY_NOT_PRODUCTION,81515.6139,73739.3596,483.5193,11361,11361,-0.00593162,0.00694385,-0.01152257,-0.00593162,-483.5193,81515.6139,OK,0.0000,19.3408,4.0000,96.0000,AG03-UNRESOLVED,ALL5_LEVELS_bet23_to_bet27,19.3408,19.3408,19.3408,24.1760,24.1760,4.000000,4.000000,4.000000,5.000000,5.000000,96.000000,96.000000,96.000000,95.000000,95.000000,5.0,106.3742,97.4416,377.1451,386.0777,PENDING_AG03,FALSE,NOT_FOR_ENFORCEMENT,464.1785,70789.7852,483.5193,464.1785,19.3408,0.00593162,0.00569435,19.3408,464.1785,0.00569435,19.3408,19.3408,19.3408,24.1760,24.1760,464.1785,0.00569435,106.3742,97.4416,377.1451,386.0777,0.00462666,0.00473624,0.00023726,7.1750,6.4906,0.0426,4.2045,0.0806,708.8314,98.7913,8.8300,6.6350,4.0407,4.4018,8.4329,14.3073,20.7715,40.8781,4.2012,0.0,4.718859,9.286678,1.630025,30,242,81,2,0.30276321,0.00593162,-0.00694385,0E-8,0.000000,0.904604,0.002289,0.01846642,2026-03-22,2026-08-06,115,6001,2406,138,0.833333,1.330819,1.230659,1.009211,,,,,,,,GLOBAL_BASELINE_NO_ENTITY_RANKING,,,NOT_APPLICABLE_GLOBAL_BASELINE,HF9g-P5,,,,X 全窗基线 · 不参与实体赏罚,8399340,840,A168_HF9F_20260827_0900,2026-08-27 09:00:00
2026-03-29,36810153,1205,0,16.9469143409,-1.0674355136,-1.0674355136,0.5000000,4,4,0.50329940000000000,0.503299400000,-0.01319788734859681,-0.01319788734859681,-0.01319788734859681,0E-17,ELIGIBLE,R03b_20260811_FULL_v1,L1_ELIGIBILITY,v2026-08-11,2026-03-21..2026-08-06,baccarat_bet02_101_all_pairs_incl_sentinel,round_win = game_pnl > 0 (decisive only),COMPATIBILITY_ONLY_NOT_PRODUCTION,81515.6139,73739.3596,483.5193,11361,11361,-0.00593162,0.00694385,-0.01152257,-0.00593162,-483.5193,81515.6139,OK,0.0000,19.3408,4.0000,96.0000,AG03-UNRESOLVED,ALL5_LEVELS_bet23_to_bet27,19.3408,19.3408,19.3408,24.1760,24.1760,4.000000,4.000000,4.000000,5.000000,5.000000,96.000000,96.000000,96.000000,95.000000,95.000000,5.0,106.3742,97.4416,377.1451,386.0777,PENDING_AG03,FALSE,NOT_FOR_ENFORCEMENT,464.1785,70789.7852,483.5193,464.1785,19.3408,0.00593162,0.00569435,19.3408,464.1785,0.00569435,19.3408,19.3408,19.3408,24.1760,24.1760,464.1785,0.00569435,106.3742,97.4416,377.1451,386.0777,0.00462666,0.00473624,0.00023726,7.1750,6.4906,0.0426,4.2045,0.0806,708.8314,98.7913,8.8300,6.6350,4.0407,4.4018,8.4329,14.3073,20.7715,40.8781,4.2012,0.0,4.718859,9.286678,1.630025,30,242,81,2,0.30276321,0.00593162,-0.00694385,0E-8,0.000000,0.904604,0.002289,0.01846642,2026-03-22,2026-08-06,115,6001,2406,138,0.833333,1.330819,1.230659,1.009211,,,,,,,,GLOBAL_BASELINE_NO_ENTITY_RANKING,,,NOT_APPLICABLE_GLOBAL_BASELINE,HF9g-P5,,,,X 全窗基线 · 不参与实体赏罚,8399341,840,A168_HF9F_20260827_0900,2026-08-27 09:00:00
2026-03-29,36810153,1291,0,13.2053877982,-13.2053877982,-13.2053877982,0E-7,1,1,0.50665070000000000,0.506650700000,-1.013391052207602,-1.013391052207602,-1.013391052207602,0E-17,ELIGIBLE,R03b_20260811_FULL_v1,L1_ELIGIBILITY,v2026-08-11,2026-03-21..2026-08-06,baccarat_bet02_101_all_pairs_incl_sentinel,round_win = game_pnl > 0 (decisive only),COMPATIBILITY_ONLY_NOT_PRODUCTION,81515.6139,73739.3596,483.5193,11361,11361,-0.00593162,0.00694385,-0.01152257,-0.00593162,-483.5193,81515.6139,OK,0.0000,19.3408,4.0000,96.0000,AG03-UNRESOLVED,ALL5_LEVELS_bet23_to_bet27,19.3408,19.3408,19.3408,24.1760,24.1760,4.000000,4.000000,4.000000,5.000000,5.000000,96.000000,96.000000,96.000000,95.000000,95.000000,5.0,106.3742,97.4416,377.1451,386.0777,PENDING_AG03,FALSE,NOT_FOR_ENFORCEMENT,464.1785,70789.7852,483.5193,464.1785,19.3408,0.00593162,0.00569435,19.3408,464.1785,0.00569435,19.3408,19.3408,19.3408,24.1760,24.1760,464.1785,0.00569435,106.3742,97.4416,377.1451,386.0777,0.00462666,0.00473624,0.00023726,7.1750,6.4906,0.0426,4.2045,0.0806,708.8314,98.7913,8.8300,6.6350,4.0407,4.4018,8.4329,14.3073,20.7715,40.8781,4.2012,0.0,4.718859,9.286678,1.630025,30,242,81,2,0.30276321,0.00593162,-0.00694385,0E-8,0.000000,0.904604,0.002289,0.01846642,2026-03-22,2026-08-06,115,6001,2406,138,0.833333,1.330819,1.230659,1.009211,,,,,,,,GLOBAL_BASELINE_NO_ENTITY_RANKING,,,NOT_APPLICABLE_GLOBAL_BASELINE,HF9g-P5,,,,X 全窗基线 · 不参与实体赏罚,8399342,840,A168_HF9F_20260827_0900,2026-08-27 09:00:00
2026-03-29,36810153,1306,0,13.2053877982,-13.2053877982,-13.2053877982,0E-7,2,2,0.49994810000000000,0.499948100000,-1.4140667746232096,-1.4140667746232096,-1.4140667746232096,0E-17,ELIGIBLE,R03b_20260811_FULL_v1,L1_ELIGIBILITY,v2026-08-11,2026-03-21..2026-08-06,baccarat_bet02_101_all_pairs_incl_sentinel,round_win = game_pnl > 0 (decisive only),COMPATIBILITY_ONLY_NOT_PRODUCTION,81515.6139,73739.3596,483.5193,11361,11361,-0.00593162,0.00694385,-0.01152257,-0.00593162,-483.5193,81515.6139,OK,0.0000,19.3408,4.0000,96.0000,AG03-UNRESOLVED,ALL5_LEVELS_bet23_to_bet27,19.3408,19.3408,19.3408,24.1760,24.1760,4.000000,4.000000,4.000000,5.000000,5.000000,96.000000,96.000000,96.000000,95.000000,95.000000,5.0,106.3742,97.4416,377.1451,386.0777,PENDING_AG03,FALSE,NOT_FOR_ENFORCEMENT,464.1785,70789.7852,483.5193,464.1785,19.3408,0.00593162,0.00569435,19.3408,464.1785,0.00569435,19.3408,19.3408,19.3408,24.1760,24.1760,464.1785,0.00569435,106.3742,97.4416,377.1451,386.0777,0.00462666,0.00473624,0.00023726,7.1750,6.4906,0.0426,4.2045,0.0806,708.8314,98.7913,8.8300,6.6350,4.0407,4.4018,8.4329,14.3073,20.7715,40.8781,4.2012,0.0,4.718859,9.286678,1.630025,30,242,81,2,0.30276321,0.00593162,-0.00694385,0E-8,0.000000,0.904604,0.002289,0.01846642,2026-03-22,2026-08-06,115,6001,2406,138,0.833333,1.330819,1.230659,1.009211,,,,,,,,GLOBAL_BASELINE_NO_ENTITY_RANKING,,,NOT_APPLICABLE_GLOBAL_BASELINE,HF9g-P5,,,,X 全窗基线 · 不参与实体赏罚,8399343,840,A168_HF9F_20260827_0900,2026-08-27 09:00:00
2026-03-29,36810153,1331,0,23.3295184436,23.3295184436,23.3295184436,1.0000000,3,3,0.49324550000000000,0.493245500000,1.755609282511032,1.7556092825110319,1.755609282511032,0E-17,ELIGIBLE,R03b_20260811_FULL_v1,L1_ELIGIBILITY,v2026-08-11,2026-03-21..2026-08-06,baccarat_bet02_101_all_pairs_incl_sentinel,round_win = game_pnl > 0 (decisive only),COMPATIBILITY_ONLY_NOT_PRODUCTION,81515.6139,73739.3596,483.5193,11361,11361,-0.00593162,0.00694385,-0.01152257,-0.00593162,-483.5193,81515.6139,OK,0.0000,19.3408,4.0000,96.0000,AG03-UNRESOLVED,ALL5_LEVELS_bet23_to_bet27,19.3408,19.3408,19.3408,24.1760,24.1760,4.000000,4.000000,4.000000,5.000000,5.000000,96.000000,96.000000,96.000000,95.000000,95.000000,5.0,106.3742,97.4416,377.1451,386.0777,PENDING_AG03,FALSE,NOT_FOR_ENFORCEMENT,464.1785,70789.7852,483.5193,464.1785,19.3408,0.00593162,0.00569435,19.3408,464.1785,0.00569435,19.3408,19.3408,19.3408,24.1760,24.1760,464.1785,0.00569435,106.3742,97.4416,377.1451,386.0777,0.00462666,0.00473624,0.00023726,7.1750,6.4906,0.0426,4.2045,0.0806,708.8314,98.7913,8.8300,6.6350,4.0407,4.4018,8.4329,14.3073,20.7715,40.8781,4.2012,0.0,4.718859,9.286678,1.630025,30,242,81,2,0.30276321,0.00593162,-0.00694385,0E-8,0.000000,0.904604,0.002289,0.01846642,2026-03-22,2026-08-06,115,6001,2406,138,0.833333,1.330819,1.230659,1.009211,,,,,,,,GLOBAL_BASELINE_NO_ENTITY_RANKING,,,NOT_APPLICABLE_GLOBAL_BASELINE,HF9g-P5,,,,X 全窗基线 · 不参与实体赏罚,8399344,840,A168_HF9F_20260827_0900,2026-08-27 09:00:00
2026-03-29,36810153,1363,0,4.4017959327,-4.4017959327,-4.4017959327,0E-7,1,1,0.50665070000000000,0.506650700000,-1.013391052207602,-1.013391052207602,-1.013391052207602,0E-17,ELIGIBLE,R03b_20260811_FULL_v1,L1_ELIGIBILITY,v2026-08-11,2026-03-21..2026-08-06,baccarat_bet02_101_all_pairs_incl_sentinel,round_win = game_pnl > 0 (decisive only),COMPATIBILITY_ONLY_NOT_PRODUCTION,81515.6139,73739.3596,483.5193,11361,11361,-0.00593162,0.00694385,-0.01152257,-0.00593162,-483.5193,81515.6139,OK,0.0000,19.3408,4.0000,96.0000,AG03-UNRESOLVED,ALL5_LEVELS_bet23_to_bet27,19.3408,19.3408,19.3408,24.1760,24.1760,4.000000,4.000000,4.000000,5.000000,5.000000,96.000000,96.000000,96.000000,95.000000,95.000000,5.0,106.3742,97.4416,377.1451,386.0777,PENDING_AG03,FALSE,NOT_FOR_ENFORCEMENT,464.1785,70789.7852,483.5193,464.1785,19.3408,0.00593162,0.00569435,19.3408,464.1785,0.00569435,19.3408,19.3408,19.3408,24.1760,24.1760,464.1785,0.00569435,106.3742,97.4416,377.1451,386.0777,0.00462666,0.00473624,0.00023726,7.1750,6.4906,0.0426,4.2045,0.0806,708.8314,98.7913,8.8300,6.6350,4.0407,4.4018,8.4329,14.3073,20.7715,40.8781,4.2012,0.0,4.718859,9.286678,1.630025,30,242,81,2,0.30276321,0.00593162,-0.00694385,0E-8,0.000000,0.904604,0.002289,0.01846642,2026-03-22,2026-08-06,115,6001,2406,138,0.833333,1.330819,1.230659,1.009211,,,,,,,,GLOBAL_BASELINE_NO_ENTITY_RANKING,,,NOT_APPLICABLE_GLOBAL_BASELINE,HF9g-P5,,,,X 全窗基线 · 不参与实体赏罚,8399345,840,A168_HF9F_20260827_0900,2026-08-27 09:00:00
2026-03-29,36810153,1374,0,4.4017959328,-4.4017959328,-4.4017959328,0E-7,2,2,0.49324550000000000,0.493245500000,-1.3952362676504506,-1.3952362676504506,-1.3952362676504506,0E-17,ELIGIBLE,R03b_20260811_FULL_v1,L1_ELIGIBILITY,v2026-08-11,2026-03-21..2026-08-06,baccarat_bet02_101_all_pairs_incl_sentinel,round_win = game_pnl > 0 (decisive only),COMPATIBILITY_ONLY_NOT_PRODUCTION,81515.6139,73739.3596,483.5193,11361,11361,-0.00593162,0.00694385,-0.01152257,-0.00593162,-483.5193,81515.6139,OK,0.0000,19.3408,4.0000,96.0000,AG03-UNRESOLVED,ALL5_LEVELS_bet23_to_bet27,19.3408,19.3408,19.3408,24.1760,24.1760,4.000000,4.000000,4.000000,5.000000,5.000000,96.000000,96.000000,96.000000,95.000000,95.000000,5.0,106.3742,97.4416,377.1451,386.0777,PENDING_AG03,FALSE,NOT_FOR_ENFORCEMENT,464.1785,70789.7852,483.5193,464.1785,19.3408,0.00593162,0.00569435,19.3408,464.1785,0.00569435,19.3408,19.3408,19.3408,24.1760,24.1760,464.1785,0.00569435,106.3742,97.4416,377.1451,386.0777,0.00462666,0.00473624,0.00023726,7.1750,6.4906,0.0426,4.2045,0.0806,708.8314,98.7913,8.8300,6.6350,4.0407,4.4018,8.4329,14.3073,20.7715,40.8781,4.2012,0.0,4.718859,9.286678,1.630025,30,242,81,2,0.30276321,0.00593162,-0.00694385,0E-8,0.000000,0.904604,0.002289,0.01846642,2026-03-22,2026-08-06,115,6001,2406,138,0.833333,1.330819,1.230659,1.009211,,,,,,,,GLOBAL_BASELINE_NO_ENTITY_RANKING,,,NOT_APPLICABLE_GLOBAL_BASELINE,HF9g-P5,,,,X 全窗基线 · 不参与实体赏罚,8399346,840,A168_HF9F_20260827_0900,2026-08-27 09:00:00
2026-03-29,36810153,1399,0,1.5406285765,-1.5406285765,-1.5406285765,0E-7,1,1,0.50665070000000000,0.506650700000,-1.013391052207602,-1.013391052207602,-1.013391052207602,0E-17,ELIGIBLE,R03b_20260811_FULL_v1,L1_ELIGIBILITY,v2026-08-11,2026-03-21..2026-08-06,baccarat_bet02_101_all_pairs_incl_sentinel,round_win = game_pnl > 0 (decisive only),COMPATIBILITY_ONLY_NOT_PRODUCTION,81515.6139,73739.3596,483.5193,11361,11361,-0.00593162,0.00694385,-0.01152257,-0.00593162,-483.5193,81515.6139,OK,0.0000,19.3408,4.0000,96.0000,AG03-UNRESOLVED,ALL5_LEVELS_bet23_to_bet27,19.3408,19.3408,19.3408,24.1760,24.1760,4.000000,4.000000,4.000000,5.000000,5.000000,96.000000,96.000000,96.000000,95.000000,95.000000,5.0,106.3742,97.4416,377.1451,386.0777,PENDING_AG03,FALSE,NOT_FOR_ENFORCEMENT,464.1785,70789.7852,483.5193,464.1785,19.3408,0.00593162,0.00569435,19.3408,464.1785,0.00569435,19.3408,19.3408,19.3408,24.1760,24.1760,464.1785,0.00569435,106.3742,97.4416,377.1451,386.0777,0.00462666,0.00473624,0.00023726,7.1750,6.4906,0.0426,4.2045,0.0806,708.8314,98.7913,8.8300,6.6350,4.0407,4.4018,8.4329,14.3073,20.7715,40.8781,4.2012,0.0,4.718859,9.286678,1.630025,30,242,81,2,0.30276321,0.00593162,-0.00694385,0E-8,0.000000,0.904604,0.002289,0.01846642,2026-03-22,2026-08-06,115,6001,2406,138,0.833333,1.330819,1.230659,1.009211,,,,,,,,GLOBAL_BASELINE_NO_ENTITY_RANKING,,,NOT_APPLICABLE_GLOBAL_BASELINE,HF9g-P5,,,,X 全窗基线 · 不参与实体赏罚,8399347,840,A168_HF9F_20260827_0900,2026-08-27 09:00:00
2026-03-29,36810153,1714,0,8.3634122722,8.3634122722,8.3634122722,1.0000000,1,1,0.49324550000000000,0.493245500000,1.01360149184955,1.01360149184955,1.01360149184955,0E-17,ELIGIBLE,R03b_20260811_FULL_v1,L1_ELIGIBILITY,v2026-08-11,2026-03-21..2026-08-06,baccarat_bet02_101_all_pairs_incl_sentinel,round_win = game_pnl > 0 (decisive only),COMPATIBILITY_ONLY_NOT_PRODUCTION,81515.6139,73739.3596,483.5193,11361,11361,-0.00593162,0.00694385,-0.01152257,-0.00593162,-483.5193,81515.6139,OK,0.0000,19.3408,4.0000,96.0000,AG03-UNRESOLVED,ALL5_LEVELS_bet23_to_bet27,19.3408,19.3408,19.3408,24.1760,24.1760,4.000000,4.000000,4.000000,5.000000,5.000000,96.000000,96.000000,96.000000,95.000000,95.000000,5.0,106.3742,97.4416,377.1451,386.0777,PENDING_AG03,FALSE,NOT_FOR_ENFORCEMENT,464.1785,70789.7852,483.5193,464.1785,19.3408,0.00593162,0.00569435,19.3408,464.1785,0.00569435,19.3408,19.3408,19.3408,24.1760,24.1760,464.1785,0.00569435,106.3742,97.4416,377.1451,386.0777,0.00462666,0.00473624,0.00023726,7.1750,6.4906,0.0426,4.2045,0.0806,708.8314,98.7913,8.8300,6.6350,4.0407,4.4018,8.4329,14.3073,20.7715,40.8781,4.2012,0.0,4.718859,9.286678,1.630025,30,242,81,2,0.30276321,0.00593162,-0.00694385,0E-8,0.000000,0.904604,0.002289,0.01846642,2026-03-22,2026-08-06,115,6001,2406,138,0.833333,1.330819,1.230659,1.009211,,,,,,,,GLOBAL_BASELINE_NO_ENTITY_RANKING,,,NOT_APPLICABLE_GLOBAL_BASELINE,HF9g-P5,,,,X 全窗基线 · 不参与实体赏罚,8399348,840,A168_HF9F_20260827_0900,2026-08-27 09:00:00
2026-03-29,36810153,1949,0,6.3826041025,-6.3826041025,-6.3826041025,0E-7,1,1,0.50665070000000000,0.506650700000,-1.013391052207602,-1.013391052207602,-1.013391052207602,0E-17,ELIGIBLE,R03b_20260811_FULL_v1,L1_ELIGIBILITY,v2026-08-11,2026-03-21..2026-08-06,baccarat_bet02_101_all_pairs_incl_sentinel,round_win = game_pnl > 0 (decisive only),COMPATIBILITY_ONLY_NOT_PRODUCTION,81515.6139,73739.3596,483.5193,11361,11361,-0.00593162,0.00694385,-0.01152257,-0.00593162,-483.5193,81515.6139,OK,0.0000,19.3408,4.0000,96.0000,AG03-UNRESOLVED,ALL5_LEVELS_bet23_to_bet27,19.3408,19.3408,19.3408,24.1760,24.1760,4.000000,4.000000,4.000000,5.000000,5.000000,96.000000,96.000000,96.000000,95.000000,95.000000,5.0,106.3742,97.4416,377.1451,386.0777,PENDING_AG03,FALSE,NOT_FOR_ENFORCEMENT,464.1785,70789.7852,483.5193,464.1785,19.3408,0.00593162,0.00569435,19.3408,464.1785,0.00569435,19.3408,19.3408,19.3408,24.1760,24.1760,464.1785,0.00569435,106.3742,97.4416,377.1451,386.0777,0.00462666,0.00473624,0.00023726,7.1750,6.4906,0.0426,4.2045,0.0806,708.8314,98.7913,8.8300,6.6350,4.0407,4.4018,8.4329,14.3073,20.7715,40.8781,4.2012,0.0,4.718859,9.286678,1.630025,30,242,81,2,0.30276321,0.00593162,-0.00694385,0E-8,0.000000,0.904604,0.002289,0.01846642,2026-03-22,2026-08-06,115,6001,2406,138,0.833333,1.330819,1.230659,1.009211,,,,,,,,GLOBAL_BASELINE_NO_ENTITY_RANKING,,,NOT_APPLICABLE_GLOBAL_BASELINE,HF9g-P5,,,,X 全窗基线 · 不参与实体赏罚,8399349,840,A168_HF9F_20260827_0900,2026-08-27 09:00:00
2026-03-29,36810153,1984,0,4.4017959327,-4.4017959327,-4.4017959327,0E-7,1,1,0.49324550000000000,0.493245500000,-0.9865810262130424,-0.9865810262130424,-0.9865810262130424,0E-17,ELIGIBLE,R03b_20260811_FULL_v1,L1_ELIGIBILITY,v2026-08-11,2026-03-21..2026-08-06,baccarat_bet02_101_all_pairs_incl_sentinel,round_win = game_pnl > 0 (decisive only),COMPATIBILITY_ONLY_NOT_PRODUCTION,81515.6139,73739.3596,483.5193,11361,11361,-0.00593162,0.00694385,-0.01152257,-0.00593162,-483.5193,81515.6139,OK,0.0000,19.3408,4.0000,96.0000,AG03-UNRESOLVED,ALL5_LEVELS_bet23_to_bet27,19.3408,19.3408,19.3408,24.1760,24.1760,4.000000,4.000000,4.000000,5.000000,5.000000,96.000000,96.000000,96.000000,95.000000,95.000000,5.0,106.3742,97.4416,377.1451,386.0777,PENDING_AG03,FALSE,NOT_FOR_ENFORCEMENT,464.1785,70789.7852,483.5193,464.1785,19.3408,0.00593162,0.00569435,19.3408,464.1785,0.00569435,19.3408,19.3408,19.3408,24.1760,24.1760,464.1785,0.00569435,106.3742,97.4416,377.1451,386.0777,0.00462666,0.00473624,0.00023726,7.1750,6.4906,0.0426,4.2045,0.0806,708.8314,98.7913,8.8300,6.6350,4.0407,4.4018,8.4329,14.3073,20.7715,40.8781,4.2012,0.0,4.718859,9.286678,1.630025,30,242,81,2,0.30276321,0.00593162,-0.00694385,0E-8,0.000000,0.904604,0.002289,0.01846642,2026-03-22,2026-08-06,115,6001,2406,138,0.833333,1.330819,1.230659,1.009211,,,,,,,,GLOBAL_BASELINE_NO_ENTITY_RANKING,,,NOT_APPLICABLE_GLOBAL_BASELINE,HF9g-P5,,,,X 全窗基线 · 不参与实体赏罚,8399350,840,A168_HF9F_20260827_0900,2026-08-27 09:00:00
2026-03-29,36810153,2115,0,17.6071837309,16.9469143410,16.9469143410,1.0000000,2,2,0.49994810000000000,0.499948100000,1.4143603653603398,1.4143603653603398,1.4143603653603398,0E-17,ELIGIBLE,R03b_20260811_FULL_v1,L1_ELIGIBILITY,v2026-08-11,2026-03-21..2026-08-06,baccarat_bet02_101_all_pairs_incl_sentinel,round_win = game_pnl > 0 (decisive only),COMPATIBILITY_ONLY_NOT_PRODUCTION,81515.6139,73739.3596,483.5193,11361,11361,-0.00593162,0.00694385,-0.01152257,-0.00593162,-483.5193,81515.6139,OK,0.0000,19.3408,4.0000,96.0000,AG03-UNRESOLVED,ALL5_LEVELS_bet23_to_bet27,19.3408,19.3408,19.3408,24.1760,24.1760,4.000000,4.000000,4.000000,5.000000,5.000000,96.000000,96.000000,96.000000,95.000000,95.000000,5.0,106.3742,97.4416,377.1451,386.0777,PENDING_AG03,FALSE,NOT_FOR_ENFORCEMENT,464.1785,70789.7852,483.5193,464.1785,19.3408,0.00593162,0.00569435,19.3408,464.1785,0.00569435,19.3408,19.3408,19.3408,24.1760,24.1760,464.1785,0.00569435,106.3742,97.4416,377.1451,386.0777,0.00462666,0.00473624,0.00023726,7.1750,6.4906,0.0426,4.2045,0.0806,708.8314,98.7913,8.8300,6.6350,4.0407,4.4018,8.4329,14.3073,20.7715,40.8781,4.2012,0.0,4.718859,9.286678,1.630025,30,242,81,2,0.30276321,0.00593162,-0.00694385,0E-8,0.000000,0.904604,0.002289,0.01846642,2026-03-22,2026-08-06,115,6001,2406,138,0.833333,1.330819,1.230659,1.009211,,,,,,,,GLOBAL_BASELINE_NO_ENTITY_RANKING,,,NOT_APPLICABLE_GLOBAL_BASELINE,HF9g-P5,,,,X 全窗基线 · 不参与实体赏罚,8399351,840,A168_HF9F_20260827_0900,2026-08-27 09:00:00
2026-03-29,36810153,2123,0,4.4017959327,-4.4017959327,-4.4017959327,0E-7,1,1,0.50665070000000000,0.506650700000,-1.013391052207602,-1.013391052207602,-1.013391052207602,0E-17,ELIGIBLE,R03b_20260811_FULL_v1,L1_ELIGIBILITY,v2026-08-11,2026-03-21..2026-08-06,baccarat_bet02_101_all_pairs_incl_sentinel,round_win = game_pnl > 0 (decisive only),COMPATIBILITY_ONLY_NOT_PRODUCTION,81515.6139,73739.3596,483.5193,11361,11361,-0.00593162,0.00694385,-0.01152257,-0.00593162,-483.5193,81515.6139,OK,0.0000,19.3408,4.0000,96.0000,AG03-UNRESOLVED,ALL5_LEVELS_bet23_to_bet27,19.3408,19.3408,19.3408,24.1760,24.1760,4.000000,4.000000,4.000000,5.000000,5.000000,96.000000,96.000000,96.000000,95.000000,95.000000,5.0,106.3742,97.4416,377.1451,386.0777,PENDING_AG03,FALSE,NOT_FOR_ENFORCEMENT,464.1785,70789.7852,483.5193,464.1785,19.3408,0.00593162,0.00569435,19.3408,464.1785,0.00569435,19.3408,19.3408,19.3408,24.1760,24.1760,464.1785,0.00569435,106.3742,97.4416,377.1451,386.0777,0.00462666,0.00473624,0.00023726,7.1750,6.4906,0.0426,4.2045,0.0806,708.8314,98.7913,8.8300,6.6350,4.0407,4.4018,8.4329,14.3073,20.7715,40.8781,4.2012,0.0,4.718859,9.286678,1.630025,30,242,81,2,0.30276321,0.00593162,-0.00694385,0E-8,0.000000,0.904604,0.002289,0.01846642,2026-03-22,2026-08-06,115,6001,2406,138,0.833333,1.330819,1.230659,1.009211,,,,,,,,GLOBAL_BASELINE_NO_ENTITY_RANKING,,,NOT_APPLICABLE_GLOBAL_BASELINE,HF9g-P5,,,,X 全窗基线 · 不参与实体赏罚,8399352,840,A168_HF9F_20260827_0900,2026-08-27 09:00:00
2026-03-29,36810153,2134,0,11.0044898318,-11.0044898318,-11.0044898318,0E-7,2,2,0.49324550000000000,0.493245500000,-1.3952362676504506,-1.3952362676504506,-1.3952362676504506,0E-17,ELIGIBLE,R03b_20260811_FULL_v1,L1_ELIGIBILITY,v2026-08-11,2026-03-21..2026-08-06,baccarat_bet02_101_all_pairs_incl_sentinel,round_win = game_pnl > 0 (decisive only),COMPATIBILITY_ONLY_NOT_PRODUCTION,81515.6139,73739.3596,483.5193,11361,11361,-0.00593162,0.00694385,-0.01152257,-0.00593162,-483.5193,81515.6139,OK,0.0000,19.3408,4.0000,96.0000,AG03-UNRESOLVED,ALL5_LEVELS_bet23_to_bet27,19.3408,19.3408,19.3408,24.1760,24.1760,4.000000,4.000000,4.000000,5.000000,5.000000,96.000000,96.000000,96.000000,95.000000,95.000000,5.0,106.3742,97.4416,377.1451,386.0777,PENDING_AG03,FALSE,NOT_FOR_ENFORCEMENT,464.1785,70789.7852,483.5193,464.1785,19.3408,0.00593162,0.00569435,19.3408,464.1785,0.00569435,19.3408,19.3408,19.3408,24.1760,24.1760,464.1785,0.00569435,106.3742,97.4416,377.1451,386.0777,0.00462666,0.00473624,0.00023726,7.1750,6.4906,0.0426,4.2045,0.0806,708.8314,98.7913,8.8300,6.6350,4.0407,4.4018,8.4329,14.3073,20.7715,40.8781,4.2012,0.0,4.718859,9.286678,1.630025,30,242,81,2,0.30276321,0.00593162,-0.00694385,0E-8,0.000000,0.904604,0.002289,0.01846642,2026-03-22,2026-08-06,115,6001,2406,138,0.833333,1.330819,1.230659,1.009211,,,,,,,,GLOBAL_BASELINE_NO_ENTITY_RANKING,,,NOT_APPLICABLE_GLOBAL_BASELINE,HF9g-P5,,,,X 全窗基线 · 不参与实体赏罚,8399353,840,A168_HF9F_20260827_0900,2026-08-27 09:00:00
2026-03-29,36810153,2155,0,4.4017959327,-4.4017959327,-4.4017959327,0E-7,1,1,0.50665070000000000,0.506650700000,-1.013391052207602,-1.013391052207602,-1.013391052207602,0E-17,ELIGIBLE,R03b_20260811_FULL_v1,L1_ELIGIBILITY,v2026-08-11,2026-03-21..2026-08-06,baccarat_bet02_101_all_pairs_incl_sentinel,round_win = game_pnl > 0 (decisive only),COMPATIBILITY_ONLY_NOT_PRODUCTION,81515.6139,73739.3596,483.5193,11361,11361,-0.00593162,0.00694385,-0.01152257,-0.00593162,-483.5193,81515.6139,OK,0.0000,19.3408,4.0000,96.0000,AG03-UNRESOLVED,ALL5_LEVELS_bet23_to_bet27,19.3408,19.3408,19.3408,24.1760,24.1760,4.000000,4.000000,4.000000,5.000000,5.000000,96.000000,96.000000,96.000000,95.000000,95.000000,5.0,106.3742,97.4416,377.1451,386.0777,PENDING_AG03,FALSE,NOT_FOR_ENFORCEMENT,464.1785,70789.7852,483.5193,464.1785,19.3408,0.00593162,0.00569435,19.3408,464.1785,0.00569435,19.3408,19.3408,19.3408,24.1760,24.1760,464.1785,0.00569435,106.3742,97.4416,377.1451,386.0777,0.00462666,0.00473624,0.00023726,7.1750,6.4906,0.0426,4.2045,0.0806,708.8314,98.7913,8.8300,6.6350,4.0407,4.4018,8.4329,14.3073,20.7715,40.8781,4.2012,0.0,4.718859,9.286678,1.630025,30,242,81,2,0.30276321,0.00593162,-0.00694385,0E-8,0.000000,0.904604,0.002289,0.01846642,2026-03-22,2026-08-06,115,6001,2406,138,0.833333,1.330819,1.230659,1.009211,,,,,,,,GLOBAL_BASELINE_NO_ENTITY_RANKING,,,NOT_APPLICABLE_GLOBAL_BASELINE,HF9g-P5,,,,X 全窗基线 · 不参与实体赏罚,8399354,840,A168_HF9F_20260827_0900,2026-08-27 09:00:00
2026-03-29,36810153,2171,0,13.2053877981,-8.8035918654,-8.8035918654,0E-7,3,3,0.50218230000000000,0.502182300000,-1.4203995680682369,-1.4203995680682369,-1.4203995680682369,0E-17,ELIGIBLE,R03b_20260811_FULL_v1,L1_ELIGIBILITY,v2026-08-11,2026-03-21..2026-08-06,baccarat_bet02_101_all_pairs_incl_sentinel,round_win = game_pnl > 0 (decisive only),COMPATIBILITY_ONLY_NOT_PRODUCTION,81515.6139,73739.3596,483.5193,11361,11361,-0.00593162,0.00694385,-0.01152257,-0.00593162,-483.5193,81515.6139,OK,0.0000,19.3408,4.0000,96.0000,AG03-UNRESOLVED,ALL5_LEVELS_bet23_to_bet27,19.3408,19.3408,19.3408,24.1760,24.1760,4.000000,4.000000,4.000000,5.000000,5.000000,96.000000,96.000000,96.000000,95.000000,95.000000,5.0,106.3742,97.4416,377.1451,386.0777,PENDING_AG03,FALSE,NOT_FOR_ENFORCEMENT,464.1785,70789.7852,483.5193,464.1785,19.3408,0.00593162,0.00569435,19.3408,464.1785,0.00569435,19.3408,19.3408,19.3408,24.1760,24.1760,464.1785,0.00569435,106.3742,97.4416,377.1451,386.0777,0.00462666,0.00473624,0.00023726,7.1750,6.4906,0.0426,4.2045,0.0806,708.8314,98.7913,8.8300,6.6350,4.0407,4.4018,8.4329,14.3073,20.7715,40.8781,4.2012,0.0,4.718859,9.286678,1.630025,30,242,81,2,0.30276321,0.00593162,-0.00694385,0E-8,0.000000,0.904604,0.002289,0.01846642,2026-03-22,2026-08-06,115,6001,2406,138,0.833333,1.330819,1.230659,1.009211,,,,,,,,GLOBAL_BASELINE_NO_ENTITY_RANKING,,,NOT_APPLICABLE_GLOBAL_BASELINE,HF9g-P5,,,,X 全窗基线 · 不参与实体赏罚,8399355,840,A168_HF9F_20260827_0900,2026-08-27 09:00:00
2026-03-29,36810153,2188,0,5.0620653227,-5.0620653227,-5.0620653227,0E-7,2,2,0.49994810000000000,0.499948100000,-1.4140667746232096,-1.4140667746232096,-1.4140667746232096,0E-17,ELIGIBLE,R03b_20260811_FULL_v1,L1_ELIGIBILITY,v2026-08-11,2026-03-21..2026-08-06,baccarat_bet02_101_all_pairs_incl_sentinel,round_win = game_pnl > 0 (decisive only),COMPATIBILITY_ONLY_NOT_PRODUCTION,81515.6139,73739.3596,483.5193,11361,11361,-0.00593162,0.00694385,-0.01152257,-0.00593162,-483.5193,81515.6139,OK,0.0000,19.3408,4.0000,96.0000,AG03-UNRESOLVED,ALL5_LEVELS_bet23_to_bet27,19.3408,19.3408,19.3408,24.1760,24.1760,4.000000,4.000000,4.000000,5.000000,5.000000,96.000000,96.000000,96.000000,95.000000,95.000000,5.0,106.3742,97.4416,377.1451,386.0777,PENDING_AG03,FALSE,NOT_FOR_ENFORCEMENT,464.1785,70789.7852,483.5193,464.1785,19.3408,0.00593162,0.00569435,19.3408,464.1785,0.00569435,19.3408,19.3408,19.3408,24.1760,24.1760,464.1785,0.00569435,106.3742,97.4416,377.1451,386.0777,0.00462666,0.00473624,0.00023726,7.1750,6.4906,0.0426,4.2045,0.0806,708.8314,98.7913,8.8300,6.6350,4.0407,4.4018,8.4329,14.3073,20.7715,40.8781,4.2012,0.0,4.718859,9.286678,1.630025,30,242,81,2,0.30276321,0.00593162,-0.00694385,0E-8,0.000000,0.904604,0.002289,0.01846642,2026-03-22,2026-08-06,115,6001,2406,138,0.833333,1.330819,1.230659,1.009211,,,,,,,,GLOBAL_BASELINE_NO_ENTITY_RANKING,,,NOT_APPLICABLE_GLOBAL_BASELINE,HF9g-P5,,,,X 全窗基线 · 不参与实体赏罚,8399356,840,A168_HF9F_20260827_0900,2026-08-27 09:00:00
2026-03-29,36810153,2201,0,7.0428734924,-7.0428734924,-7.0428734924,0E-7,1,1,0.50665070000000000,0.506650700000,-1.013391052207602,-1.013391052207602,-1.013391052207602,0E-17,ELIGIBLE,R03b_20260811_FULL_v1,L1_ELIGIBILITY,v2026-08-11,2026-03-21..2026-08-06,baccarat_bet02_101_all_pairs_incl_sentinel,round_win = game_pnl > 0 (decisive only),COMPATIBILITY_ONLY_NOT_PRODUCTION,81515.6139,73739.3596,483.5193,11361,11361,-0.00593162,0.00694385,-0.01152257,-0.00593162,-483.5193,81515.6139,OK,0.0000,19.3408,4.0000,96.0000,AG03-UNRESOLVED,ALL5_LEVELS_bet23_to_bet27,19.3408,19.3408,19.3408,24.1760,24.1760,4.000000,4.000000,4.000000,5.000000,5.000000,96.000000,96.000000,96.000000,95.000000,95.000000,5.0,106.3742,97.4416,377.1451,386.0777,PENDING_AG03,FALSE,NOT_FOR_ENFORCEMENT,464.1785,70789.7852,483.5193,464.1785,19.3408,0.00593162,0.00569435,19.3408,464.1785,0.00569435,19.3408,19.3408,19.3408,24.1760,24.1760,464.1785,0.00569435,106.3742,97.4416,377.1451,386.0777,0.00462666,0.00473624,0.00023726,7.1750,6.4906,0.0426,4.2045,0.0806,708.8314,98.7913,8.8300,6.6350,4.0407,4.4018,8.4329,14.3073,20.7715,40.8781,4.2012,0.0,4.718859,9.286678,1.630025,30,242,81,2,0.30276321,0.00593162,-0.00694385,0E-8,0.000000,0.904604,0.002289,0.01846642,2026-03-22,2026-08-06,115,6001,2406,138,0.833333,1.330819,1.230659,1.009211,,,,,,,,GLOBAL_BASELINE_NO_ENTITY_RANKING,,,NOT_APPLICABLE_GLOBAL_BASELINE,HF9g-P5,,,,X 全窗基线 · 不参与实体赏罚,8399357,840,A168_HF9F_20260827_0900,2026-08-27 09:00:00
2026-03-29,36810153,2202,0,8.5835020688,8.1543269654,8.1543269654,1.0000000,1,1,0.50665070000000000,0.506650700000,0.9867858985152569,0.9867858985152569,0.9867858985152569,0E-17,ELIGIBLE,R03b_20260811_FULL_v1,L1_ELIGIBILITY,v2026-08-11,2026-03-21..2026-08-06,baccarat_bet02_101_all_pairs_incl_sentinel,round_win = game_pnl > 0 (decisive only),COMPATIBILITY_ONLY_NOT_PRODUCTION,81515.6139,73739.3596,483.5193,11361,11361,-0.00593162,0.00694385,-0.01152257,-0.00593162,-483.5193,81515.6139,OK,0.0000,19.3408,4.0000,96.0000,AG03-UNRESOLVED,ALL5_LEVELS_bet23_to_bet27,19.3408,19.3408,19.3408,24.1760,24.1760,4.000000,4.000000,4.000000,5.000000,5.000000,96.000000,96.000000,96.000000,95.000000,95.000000,5.0,106.3742,97.4416,377.1451,386.0777,PENDING_AG03,FALSE,NOT_FOR_ENFORCEMENT,464.1785,70789.7852,483.5193,464.1785,19.3408,0.00593162,0.00569435,19.3408,464.1785,0.00569435,19.3408,19.3408,19.3408,24.1760,24.1760,464.1785,0.00569435,106.3742,97.4416,377.1451,386.0777,0.00462666,0.00473624,0.00023726,7.1750,6.4906,0.0426,4.2045,0.0806,708.8314,98.7913,8.8300,6.6350,4.0407,4.4018,8.4329,14.3073,20.7715,40.8781,4.2012,0.0,4.718859,9.286678,1.630025,30,242,81,2,0.30276321,0.00593162,-0.00694385,0E-8,0.000000,0.904604,0.002289,0.01846642,2026-03-22,2026-08-06,115,6001,2406,138,0.833333,1.330819,1.230659,1.009211,,,,,,,,GLOBAL_BASELINE_NO_ENTITY_RANKING,,,NOT_APPLICABLE_GLOBAL_BASELINE,HF9g-P5,,,,X 全窗基线 · 不参与实体赏罚,8399358,840,A168_HF9F_20260827_0900,2026-08-27 09:00:00
2026-03-29,36810153,2222,0,4.4017959327,4.4017959327,4.4017959327,1.0000000,1,1,0.49324550000000000,0.493245500000,1.01360149184955,1.01360149184955,1.01360149184955,0E-17,ELIGIBLE,R03b_20260811_FULL_v1,L1_ELIGIBILITY,v2026-08-11,2026-03-21..2026-08-06,baccarat_bet02_101_all_pairs_incl_sentinel,round_win = game_pnl > 0 (decisive only),COMPATIBILITY_ONLY_NOT_PRODUCTION,81515.6139,73739.3596,483.5193,11361,11361,-0.00593162,0.00694385,-0.01152257,-0.00593162,-483.5193,81515.6139,OK,0.0000,19.3408,4.0000,96.0000,AG03-UNRESOLVED,ALL5_LEVELS_bet23_to_bet27,19.3408,19.3408,19.3408,24.1760,24.1760,4.000000,4.000000,4.000000,5.000000,5.000000,96.000000,96.000000,96.000000,95.000000,95.000000,5.0,106.3742,97.4416,377.1451,386.0777,PENDING_AG03,FALSE,NOT_FOR_ENFORCEMENT,464.1785,70789.7852,483.5193,464.1785,19.3408,0.00593162,0.00569435,19.3408,464.1785,0.00569435,19.3408,19.3408,19.3408,24.1760,24.1760,464.1785,0.00569435,106.3742,97.4416,377.1451,386.0777,0.00462666,0.00473624,0.00023726,7.1750,6.4906,0.0426,4.2045,0.0806,708.8314,98.7913,8.8300,6.6350,4.0407,4.4018,8.4329,14.3073,20.7715,40.8781,4.2012,0.0,4.718859,9.286678,1.630025,30,242,81,2,0.30276321,0.00593162,-0.00694385,0E-8,0.000000,0.904604,0.002289,0.01846642,2026-03-22,2026-08-06,115,6001,2406,138,0.833333,1.330819,1.230659,1.009211,,,,,,,,GLOBAL_BASELINE_NO_ENTITY_RANKING,,,NOT_APPLICABLE_GLOBAL_BASELINE,HF9g-P5,,,,X 全窗基线 · 不参与实体赏罚,8399359,840,A168_HF9F_20260827_0900,2026-08-27 09:00:00
2026-03-29,36810153,2248,0,2.2008979664,2.2008979664,2.2008979664,1.0000000,1,1,0.49324550000000000,0.493245500000,1.01360149184955,1.01360149184955,1.01360149184955,0E-17,ELIGIBLE,R03b_20260811_FULL_v1,L1_ELIGIBILITY,v2026-08-11,2026-03-21..2026-08-06,baccarat_bet02_101_all_pairs_incl_sentinel,round_win = game_pnl > 0 (decisive only),COMPATIBILITY_ONLY_NOT_PRODUCTION,81515.6139,73739.3596,483.5193,11361,11361,-0.00593162,0.00694385,-0.01152257,-0.00593162,-483.5193,81515.6139,OK,0.0000,19.3408,4.0000,96.0000,AG03-UNRESOLVED,ALL5_LEVELS_bet23_to_bet27,19.3408,19.3408,19.3408,24.1760,24.1760,4.000000,4.000000,4.000000,5.000000,5.000000,96.000000,96.000000,96.000000,95.000000,95.000000,5.0,106.3742,97.4416,377.1451,386.0777,PENDING_AG03,FALSE,NOT_FOR_ENFORCEMENT,464.1785,70789.7852,483.5193,464.1785,19.3408,0.00593162,0.00569435,19.3408,464.1785,0.00569435,19.3408,19.3408,19.3408,24.1760,24.1760,464.1785,0.00569435,106.3742,97.4416,377.1451,386.0777,0.00462666,0.00473624,0.00023726,7.1750,6.4906,0.0426,4.2045,0.0806,708.8314,98.7913,8.8300,6.6350,4.0407,4.4018,8.4329,14.3073,20.7715,40.8781,4.2012,0.0,4.718859,9.286678,1.630025,30,242,81,2,0.30276321,0.00593162,-0.00694385,0E-8,0.000000,0.904604,0.002289,0.01846642,2026-03-22,2026-08-06,115,6001,2406,138,0.833333,1.330819,1.230659,1.009211,,,,,,,,GLOBAL_BASELINE_NO_ENTITY_RANKING,,,NOT_APPLICABLE_GLOBAL_BASELINE,HF9g-P5,,,,X 全窗基线 · 不参与实体赏罚,8399360,840,A168_HF9F_20260827_0900,2026-08-27 09:00:00
2026-03-29,36810153,2250,0,15.1861959680,-3.5984681751,-3.5984681751,0.5000000,2,2,0.50665070000000000,0.506650700000,-0.018812684590367487,-0.018812684590367487,-0.018812684590367487,0E-17,ELIGIBLE,R03b_20260811_FULL_v1,L1_ELIGIBILITY,v2026-08-11,2026-03-21..2026-08-06,baccarat_bet02_101_all_pairs_incl_sentinel,round_win = game_pnl > 0 (decisive only),COMPATIBILITY_ONLY_NOT_PRODUCTION,81515.6139,73739.3596,483.5193,11361,11361,-0.00593162,0.00694385,-0.01152257,-0.00593162,-483.5193,81515.6139,OK,0.0000,19.3408,4.0000,96.0000,AG03-UNRESOLVED,ALL5_LEVELS_bet23_to_bet27,19.3408,19.3408,19.3408,24.1760,24.1760,4.000000,4.000000,4.000000,5.000000,5.000000,96.000000,96.000000,96.000000,95.000000,95.000000,5.0,106.3742,97.4416,377.1451,386.0777,PENDING_AG03,FALSE,NOT_FOR_ENFORCEMENT,464.1785,70789.7852,483.5193,464.1785,19.3408,0.00593162,0.00569435,19.3408,464.1785,0.00569435,19.3408,19.3408,19.3408,24.1760,24.1760,464.1785,0.00569435,106.3742,97.4416,377.1451,386.0777,0.00462666,0.00473624,0.00023726,7.1750,6.4906,0.0426,4.2045,0.0806,708.8314,98.7913,8.8300,6.6350,4.0407,4.4018,8.4329,14.3073,20.7715,40.8781,4.2012,0.0,4.718859,9.286678,1.630025,30,242,81,2,0.30276321,0.00593162,-0.00694385,0E-8,0.000000,0.904604,0.002289,0.01846642,2026-03-22,2026-08-06,115,6001,2406,138,0.833333,1.330819,1.230659,1.009211,,,,,,,,GLOBAL_BASELINE_NO_ENTITY_RANKING,,,NOT_APPLICABLE_GLOBAL_BASELINE,HF9g-P5,,,,X 全窗基线 · 不参与实体赏罚,8399361,840,A168_HF9F_20260827_0900,2026-08-27 09:00:00
2026-03-29,36810153,772,0,22.0089796637,-22.0089796637,-22.0089796637,0E-7,1,1,0.49324550000000000,0.493245500000,-0.9865810262130424,-0.9865810262130424,-0.9865810262130424,0E-17,ELIGIBLE,R03b_20260811_FULL_v1,L1_ELIGIBILITY,v2026-08-11,2026-03-21..2026-08-06,baccarat_bet02_101_all_pairs_incl_sentinel,round_win = game_pnl > 0 (decisive only),COMPATIBILITY_ONLY_NOT_PRODUCTION,81515.6139,73739.3596,483.5193,11361,11361,-0.00593162,0.00694385,-0.01152257,-0.00593162,-483.5193,81515.6139,OK,0.0000,19.3408,4.0000,96.0000,AG03-UNRESOLVED,ALL5_LEVELS_bet23_to_bet27,19.3408,19.3408,19.3408,24.1760,24.1760,4.000000,4.000000,4.000000,5.000000,5.000000,96.000000,96.000000,96.000000,95.000000,95.000000,5.0,106.3742,97.4416,377.1451,386.0777,PENDING_AG03,FALSE,NOT_FOR_ENFORCEMENT,464.1785,70789.7852,483.5193,464.1785,19.3408,0.00593162,0.00569435,19.3408,464.1785,0.00569435,19.3408,19.3408,19.3408,24.1760,24.1760,464.1785,0.00569435,106.3742,97.4416,377.1451,386.0777,0.00462666,0.00473624,0.00023726,7.1750,6.4906,0.0426,4.2045,0.0806,708.8314,98.7913,8.8300,6.6350,4.0407,4.4018,8.4329,14.3073,20.7715,40.8781,4.2012,0.0,4.718859,9.286678,1.630025,30,242,81,2,0.30276321,0.00593162,-0.00694385,0E-8,0.000000,0.904604,0.002289,0.01846642,2026-03-22,2026-08-06,115,6001,2406,138,0.833333,1.330819,1.230659,1.009211,,,,,,,,GLOBAL_BASELINE_NO_ENTITY_RANKING,,,NOT_APPLICABLE_GLOBAL_BASELINE,HF9g-P5,,,,X 全窗基线 · 不参与实体赏罚,8399362,840,A168_HF9F_20260827_0900,2026-08-27 09:00:00
2026-03-29,36810153,915,0,13.2053877982,0E-10,0E-10,0.6666667,3,3,0.49324550000000000,0.493245500000,0.6008033672792107,0.6008033672792106,0.6008033672792107,0E-17,ELIGIBLE,R03b_20260811_FULL_v1,L1_ELIGIBILITY,v2026-08-11,2026-03-21..2026-08-06,baccarat_bet02_101_all_pairs_incl_sentinel,round_win = game_pnl > 0 (decisive only),COMPATIBILITY_ONLY_NOT_PRODUCTION,81515.6139,73739.3596,483.5193,11361,11361,-0.00593162,0.00694385,-0.01152257,-0.00593162,-483.5193,81515.6139,OK,0.0000,19.3408,4.0000,96.0000,AG03-UNRESOLVED,ALL5_LEVELS_bet23_to_bet27,19.3408,19.3408,19.3408,24.1760,24.1760,4.000000,4.000000,4.000000,5.000000,5.000000,96.000000,96.000000,96.000000,95.000000,95.000000,5.0,106.3742,97.4416,377.1451,386.0777,PENDING_AG03,FALSE,NOT_FOR_ENFORCEMENT,464.1785,70789.7852,483.5193,464.1785,19.3408,0.00593162,0.00569435,19.3408,464.1785,0.00569435,19.3408,19.3408,19.3408,24.1760,24.1760,464.1785,0.00569435,106.3742,97.4416,377.1451,386.0777,0.00462666,0.00473624,0.00023726,7.1750,6.4906,0.0426,4.2045,0.0806,708.8314,98.7913,8.8300,6.6350,4.0407,4.4018,8.4329,14.3073,20.7715,40.8781,4.2012,0.0,4.718859,9.286678,1.630025,30,242,81,2,0.30276321,0.00593162,-0.00694385,0E-8,0.000000,0.904604,0.002289,0.01846642,2026-03-22,2026-08-06,115,6001,2406,138,0.833333,1.330819,1.230659,1.009211,,,,,,,,GLOBAL_BASELINE_NO_ENTITY_RANKING,,,NOT_APPLICABLE_GLOBAL_BASELINE,HF9g-P5,,,,X 全窗基线 · 不参与实体赏罚,8399363,840,A168_HF9F_20260827_0900,2026-08-27 09:00:00
2026-03-29,36810153,970,0,24.2098776300,1E-10,1E-10,0.3333333,4,4,0.49324550000000000,0.493245500000,-0.5540025479526107,-0.5540025479526106,-0.5540025479526107,0E-17,ELIGIBLE,R03b_20260811_FULL_v1,L1_ELIGIBILITY,v2026-08-11,2026-03-21..2026-08-06,baccarat_bet02_101_all_pairs_incl_sentinel,round_win = game_pnl > 0 (decisive only),COMPATIBILITY_ONLY_NOT_PRODUCTION,81515.6139,73739.3596,483.5193,11361,11361,-0.00593162,0.00694385,-0.01152257,-0.00593162,-483.5193,81515.6139,OK,0.0000,19.3408,4.0000,96.0000,AG03-UNRESOLVED,ALL5_LEVELS_bet23_to_bet27,19.3408,19.3408,19.3408,24.1760,24.1760,4.000000,4.000000,4.000000,5.000000,5.000000,96.000000,96.000000,96.000000,95.000000,95.000000,5.0,106.3742,97.4416,377.1451,386.0777,PENDING_AG03,FALSE,NOT_FOR_ENFORCEMENT,464.1785,70789.7852,483.5193,464.1785,19.3408,0.00593162,0.00569435,19.3408,464.1785,0.00569435,19.3408,19.3408,19.3408,24.1760,24.1760,464.1785,0.00569435,106.3742,97.4416,377.1451,386.0777,0.00462666,0.00473624,0.00023726,7.1750,6.4906,0.0426,4.2045,0.0806,708.8314,98.7913,8.8300,6.6350,4.0407,4.4018,8.4329,14.3073,20.7715,40.8781,4.2012,0.0,4.718859,9.286678,1.630025,30,242,81,2,0.30276321,0.00593162,-0.00694385,0E-8,0.000000,0.904604,0.002289,0.01846642,2026-03-22,2026-08-06,115,6001,2406,138,0.833333,1.330819,1.230659,1.009211,,,,,,,,GLOBAL_BASELINE_NO_ENTITY_RANKING,,,NOT_APPLICABLE_GLOBAL_BASELINE,HF9g-P5,,,,X 全窗基线 · 不参与实体赏罚,8399364,840,A168_HF9F_20260827_0900,2026-08-27 09:00:00
2026-03-29,36810153,994,0,2.2008979664,-2.2008979664,-2.2008979664,0E-7,1,1,0.49324550000000000,0.493245500000,-0.9865810262130424,-0.9865810262130424,-0.9865810262130424,0E-17,ELIGIBLE,R03b_20260811_FULL_v1,L1_ELIGIBILITY,v2026-08-11,2026-03-21..2026-08-06,baccarat_bet02_101_all_pairs_incl_sentinel,round_win = game_pnl > 0 (decisive only),COMPATIBILITY_ONLY_NOT_PRODUCTION,81515.6139,73739.3596,483.5193,11361,11361,-0.00593162,0.00694385,-0.01152257,-0.00593162,-483.5193,81515.6139,OK,0.0000,19.3408,4.0000,96.0000,AG03-UNRESOLVED,ALL5_LEVELS_bet23_to_bet27,19.3408,19.3408,19.3408,24.1760,24.1760,4.000000,4.000000,4.000000,5.000000,5.000000,96.000000,96.000000,96.000000,95.000000,95.000000,5.0,106.3742,97.4416,377.1451,386.0777,PENDING_AG03,FALSE,NOT_FOR_ENFORCEMENT,464.1785,70789.7852,483.5193,464.1785,19.3408,0.00593162,0.00569435,19.3408,464.1785,0.00569435,19.3408,19.3408,19.3408,24.1760,24.1760,464.1785,0.00569435,106.3742,97.4416,377.1451,386.0777,0.00462666,0.00473624,0.00023726,7.1750,6.4906,0.0426,4.2045,0.0806,708.8314,98.7913,8.8300,6.6350,4.0407,4.4018,8.4329,14.3073,20.7715,40.8781,4.2012,0.0,4.718859,9.286678,1.630025,30,242,81,2,0.30276321,0.00593162,-0.00694385,0E-8,0.000000,0.904604,0.002289,0.01846642,2026-03-22,2026-08-06,115,6001,2406,138,0.833333,1.330819,1.230659,1.009211,,,,,,,,GLOBAL_BASELINE_NO_ENTITY_RANKING,,,NOT_APPLICABLE_GLOBAL_BASELINE,HF9g-P5,,,,X 全窗基线 · 不参与实体赏罚,8399365,840,A168_HF9F_20260827_0900,2026-08-27 09:00:00
2026-03-30,36810153,-1,1,138.2163922879,0.1320538780,0.1320538780,0.5625000,17,17,0.50270799411764706,0.502707994118,0.47834306271171534,0.4783430627088936,0.47834306271171534,-3.5294E-13,SENTINEL_DEALER,R03b_20260811_FULL_v1,L1_ELIGIBILITY,v2026-08-11,2026-03-21..2026-08-06,baccarat_bet02_101_all_pairs_incl_sentinel,round_win = game_pnl > 0 (decisive only),COMPATIBILITY_ONLY_NOT_PRODUCTION,81515.6139,73739.3596,483.5193,11361,11361,-0.00593162,0.00694385,-0.01152257,-0.00593162,-483.5193,81515.6139,OK,0.0000,19.3408,4.0000,96.0000,AG03-UNRESOLVED,ALL5_LEVELS_bet23_to_bet27,19.3408,19.3408,19.3408,24.1760,24.1760,4.000000,4.000000,4.000000,5.000000,5.000000,96.000000,96.000000,96.000000,95.000000,95.000000,5.0,106.3742,97.4416,377.1451,386.0777,PENDING_AG03,FALSE,NOT_FOR_ENFORCEMENT,464.1785,70789.7852,483.5193,464.1785,19.3408,0.00593162,0.00569435,19.3408,464.1785,0.00569435,19.3408,19.3408,19.3408,24.1760,24.1760,464.1785,0.00569435,106.3742,97.4416,377.1451,386.0777,0.00462666,0.00473624,0.00023726,7.1750,6.4906,0.0426,4.2045,0.0806,708.8314,98.7913,8.8300,6.6350,4.0407,4.4018,8.4329,14.3073,20.7715,40.8781,4.2012,0.0,4.718859,9.286678,1.630025,30,242,81,2,0.30276321,0.00593162,-0.00694385,0E-8,0.000000,0.904604,0.002289,0.01846642,2026-03-22,2026-08-06,115,6001,2406,138,0.833333,1.330819,1.230659,1.009211,,,,,,,,GLOBAL_BASELINE_NO_ENTITY_RANKING,,,NOT_APPLICABLE_GLOBAL_BASELINE,HF9g-P5,,,,X 全窗基线 · 不参与实体赏罚,8399366,840,A168_HF9F_20260827_0900,2026-08-27 09:00:00
2026-03-30,36810153,1004,0,8.8035918655,8.8035918655,8.8035918655,1.0000000,1,1,0.49324550000000000,0.493245500000,1.01360149184955,1.01360149184955,1.01360149184955,0E-17,ELIGIBLE,R03b_20260811_FULL_v1,L1_ELIGIBILITY,v2026-08-11,2026-03-21..2026-08-06,baccarat_bet02_101_all_pairs_incl_sentinel,round_win = game_pnl > 0 (decisive only),COMPATIBILITY_ONLY_NOT_PRODUCTION,81515.6139,73739.3596,483.5193,11361,11361,-0.00593162,0.00694385,-0.01152257,-0.00593162,-483.5193,81515.6139,OK,0.0000,19.3408,4.0000,96.0000,AG03-UNRESOLVED,ALL5_LEVELS_bet23_to_bet27,19.3408,19.3408,19.3408,24.1760,24.1760,4.000000,4.000000,4.000000,5.000000,5.000000,96.000000,96.000000,96.000000,95.000000,95.000000,5.0,106.3742,97.4416,377.1451,386.0777,PENDING_AG03,FALSE,NOT_FOR_ENFORCEMENT,464.1785,70789.7852,483.5193,464.1785,19.3408,0.00593162,0.00569435,19.3408,464.1785,0.00569435,19.3408,19.3408,19.3408,24.1760,24.1760,464.1785,0.00569435,106.3742,97.4416,377.1451,386.0777,0.00462666,0.00473624,0.00023726,7.1750,6.4906,0.0426,4.2045,0.0806,708.8314,98.7913,8.8300,6.6350,4.0407,4.4018,8.4329,14.3073,20.7715,40.8781,4.2012,0.0,4.718859,9.286678,1.630025,30,242,81,2,0.30276321,0.00593162,-0.00694385,0E-8,0.000000,0.904604,0.002289,0.01846642,2026-03-22,2026-08-06,115,6001,2406,138,0.833333,1.330819,1.230659,1.009211,,,,,,,,GLOBAL_BASELINE_NO_ENTITY_RANKING,,,NOT_APPLICABLE_GLOBAL_BASELINE,HF9g-P5,,,,X 全窗基线 · 不参与实体赏罚,8399367,840,A168_HF9F_20260827_0900,2026-08-27 09:00:00
2026-03-30,36810153,1087,0,61.6251430584,0E-10,0E-10,0.5714286,7,7,0.49324550000000000,0.493245500000,0.4137436818725812,0.41374368187258126,0.4137436818725812,0E-17,ELIGIBLE,R03b_20260811_FULL_v1,L1_ELIGIBILITY,v2026-08-11,2026-03-21..2026-08-06,baccarat_bet02_101_all_pairs_incl_sentinel,round_win = game_pnl > 0 (decisive only),COMPATIBILITY_ONLY_NOT_PRODUCTION,81515.6139,73739.3596,483.5193,11361,11361,-0.00593162,0.00694385,-0.01152257,-0.00593162,-483.5193,81515.6139,OK,0.0000,19.3408,4.0000,96.0000,AG03-UNRESOLVED,ALL5_LEVELS_bet23_to_bet27,19.3408,19.3408,19.3408,24.1760,24.1760,4.000000,4.000000,4.000000,5.000000,5.000000,96.000000,96.000000,96.000000,95.000000,95.000000,5.0,106.3742,97.4416,377.1451,386.0777,PENDING_AG03,FALSE,NOT_FOR_ENFORCEMENT,464.1785,70789.7852,483.5193,464.1785,19.3408,0.00593162,0.00569435,19.3408,464.1785,0.00569435,19.3408,19.3408,19.3408,24.1760,24.1760,464.1785,0.00569435,106.3742,97.4416,377.1451,386.0777,0.00462666,0.00473624,0.00023726,7.1750,6.4906,0.0426,4.2045,0.0806,708.8314,98.7913,8.8300,6.6350,4.0407,4.4018,8.4329,14.3073,20.7715,40.8781,4.2012,0.0,4.718859,9.286678,1.630025,30,242,81,2,0.30276321,0.00593162,-0.00694385,0E-8,0.000000,0.904604,0.002289,0.01846642,2026-03-22,2026-08-06,115,6001,2406,138,0.833333,1.330819,1.230659,1.009211,,,,,,,,GLOBAL_BASELINE_NO_ENTITY_RANKING,,,NOT_APPLICABLE_GLOBAL_BASELINE,HF9g-P5,,,,X 全窗基线 · 不参与实体赏罚,8399368,840,A168_HF9F_20260827_0900,2026-08-27 09:00:00
2026-03-30,36810153,1115,0,8.8035918655,8.8035918655,8.8035918655,1.0000000,1,1,0.49324550000000000,0.493245500000,1.01360149184955,1.01360149184955,1.01360149184955,0E-17,ELIGIBLE,R03b_20260811_FULL_v1,L1_ELIGIBILITY,v2026-08-11,2026-03-21..2026-08-06,baccarat_bet02_101_all_pairs_incl_sentinel,round_win = game_pnl > 0 (decisive only),COMPATIBILITY_ONLY_NOT_PRODUCTION,81515.6139,73739.3596,483.5193,11361,11361,-0.00593162,0.00694385,-0.01152257,-0.00593162,-483.5193,81515.6139,OK,0.0000,19.3408,4.0000,96.0000,AG03-UNRESOLVED,ALL5_LEVELS_bet23_to_bet27,19.3408,19.3408,19.3408,24.1760,24.1760,4.000000,4.000000,4.000000,5.000000,5.000000,96.000000,96.000000,96.000000,95.000000,95.000000,5.0,106.3742,97.4416,377.1451,386.0777,PENDING_AG03,FALSE,NOT_FOR_ENFORCEMENT,464.1785,70789.7852,483.5193,464.1785,19.3408,0.00593162,0.00569435,19.3408,464.1785,0.00569435,19.3408,19.3408,19.3408,24.1760,24.1760,464.1785,0.00569435,106.3742,97.4416,377.1451,386.0777,0.00462666,0.00473624,0.00023726,7.1750,6.4906,0.0426,4.2045,0.0806,708.8314,98.7913,8.8300,6.6350,4.0407,4.4018,8.4329,14.3073,20.7715,40.8781,4.2012,0.0,4.718859,9.286678,1.630025,30,242,81,2,0.30276321,0.00593162,-0.00694385,0E-8,0.000000,0.904604,0.002289,0.01846642,2026-03-22,2026-08-06,115,6001,2406,138,0.833333,1.330819,1.230659,1.009211,,,,,,,,GLOBAL_BASELINE_NO_ENTITY_RANKING,,,NOT_APPLICABLE_GLOBAL_BASELINE,HF9g-P5,,,,X 全窗基线 · 不参与实体赏罚,8399369,840,A168_HF9F_20260827_0900,2026-08-27 09:00:00
2026-03-30,36810153,1302,0,13.2053877982,4.4017959328,4.4017959328,0.5000000,2,2,0.49994810000000000,0.499948100000,0.00014679536856514622,0.00014679536856514622,0.00014679536856514622,0E-17,ELIGIBLE,R03b_20260811_FULL_v1,L1_ELIGIBILITY,v2026-08-11,2026-03-21..2026-08-06,baccarat_bet02_101_all_pairs_incl_sentinel,round_win = game_pnl > 0 (decisive only),COMPATIBILITY_ONLY_NOT_PRODUCTION,81515.6139,73739.3596,483.5193,11361,11361,-0.00593162,0.00694385,-0.01152257,-0.00593162,-483.5193,81515.6139,OK,0.0000,19.3408,4.0000,96.0000,AG03-UNRESOLVED,ALL5_LEVELS_bet23_to_bet27,19.3408,19.3408,19.3408,24.1760,24.1760,4.000000,4.000000,4.000000,5.000000,5.000000,96.000000,96.000000,96.000000,95.000000,95.000000,5.0,106.3742,97.4416,377.1451,386.0777,PENDING_AG03,FALSE,NOT_FOR_ENFORCEMENT,464.1785,70789.7852,483.5193,464.1785,19.3408,0.00593162,0.00569435,19.3408,464.1785,0.00569435,19.3408,19.3408,19.3408,24.1760,24.1760,464.1785,0.00569435,106.3742,97.4416,377.1451,386.0777,0.00462666,0.00473624,0.00023726,7.1750,6.4906,0.0426,4.2045,0.0806,708.8314,98.7913,8.8300,6.6350,4.0407,4.4018,8.4329,14.3073,20.7715,40.8781,4.2012,0.0,4.718859,9.286678,1.630025,30,242,81,2,0.30276321,0.00593162,-0.00694385,0E-8,0.000000,0.904604,0.002289,0.01846642,2026-03-22,2026-08-06,115,6001,2406,138,0.833333,1.330819,1.230659,1.009211,,,,,,,,GLOBAL_BASELINE_NO_ENTITY_RANKING,,,NOT_APPLICABLE_GLOBAL_BASELINE,HF9g-P5,,,,X 全窗基线 · 不参与实体赏罚,8399370,840,A168_HF9F_20260827_0900,2026-08-27 09:00:00
2026-03-30,36810153,1304,0,25.0902368166,6.6026938991,6.6026938991,1.0000000,2,2,0.49994810000000000,0.499948100000,1.0001038053877793,1.0001038053877793,1.0001038053877793,0E-17,ELIGIBLE,R03b_20260811_FULL_v1,L1_ELIGIBILITY,v2026-08-11,2026-03-21..2026-08-06,baccarat_bet02_101_all_pairs_incl_sentinel,round_win = game_pnl > 0 (decisive only),COMPATIBILITY_ONLY_NOT_PRODUCTION,81515.6139,73739.3596,483.5193,11361,11361,-0.00593162,0.00694385,-0.01152257,-0.00593162,-483.5193,81515.6139,OK,0.0000,19.3408,4.0000,96.0000,AG03-UNRESOLVED,ALL5_LEVELS_bet23_to_bet27,19.3408,19.3408,19.3408,24.1760,24.1760,4.000000,4.000000,4.000000,5.000000,5.000000,96.000000,96.000000,96.000000,95.000000,95.000000,5.0,106.3742,97.4416,377.1451,386.0777,PENDING_AG03,FALSE,NOT_FOR_ENFORCEMENT,464.1785,70789.7852,483.5193,464.1785,19.3408,0.00593162,0.00569435,19.3408,464.1785,0.00569435,19.3408,19.3408,19.3408,24.1760,24.1760,464.1785,0.00569435,106.3742,97.4416,377.1451,386.0777,0.00462666,0.00473624,0.00023726,7.1750,6.4906,0.0426,4.2045,0.0806,708.8314,98.7913,8.8300,6.6350,4.0407,4.4018,8.4329,14.3073,20.7715,40.8781,4.2012,0.0,4.718859,9.286678,1.630025,30,242,81,2,0.30276321,0.00593162,-0.00694385,0E-8,0.000000,0.904604,0.002289,0.01846642,2026-03-22,2026-08-06,115,6001,2406,138,0.833333,1.330819,1.230659,1.009211,,,,,,,,GLOBAL_BASELINE_NO_ENTITY_RANKING,,,NOT_APPLICABLE_GLOBAL_BASELINE,HF9g-P5,,,,X 全窗基线 · 不参与实体赏罚,8399371,840,A168_HF9F_20260827_0900,2026-08-27 09:00:00
2026-03-30,36810153,1307,0,11.0044898319,11.0044898319,11.0044898319,1.0000000,1,1,0.49324550000000000,0.493245500000,1.01360149184955,1.01360149184955,1.01360149184955,0E-17,ELIGIBLE,R03b_20260811_FULL_v1,L1_ELIGIBILITY,v2026-08-11,2026-03-21..2026-08-06,baccarat_bet02_101_all_pairs_incl_sentinel,round_win = game_pnl > 0 (decisive only),COMPATIBILITY_ONLY_NOT_PRODUCTION,81515.6139,73739.3596,483.5193,11361,11361,-0.00593162,0.00694385,-0.01152257,-0.00593162,-483.5193,81515.6139,OK,0.0000,19.3408,4.0000,96.0000,AG03-UNRESOLVED,ALL5_LEVELS_bet23_to_bet27,19.3408,19.3408,19.3408,24.1760,24.1760,4.000000,4.000000,4.000000,5.000000,5.000000,96.000000,96.000000,96.000000,95.000000,95.000000,5.0,106.3742,97.4416,377.1451,386.0777,PENDING_AG03,FALSE,NOT_FOR_ENFORCEMENT,464.1785,70789.7852,483.5193,464.1785,19.3408,0.00593162,0.00569435,19.3408,464.1785,0.00569435,19.3408,19.3408,19.3408,24.1760,24.1760,464.1785,0.00569435,106.3742,97.4416,377.1451,386.0777,0.00462666,0.00473624,0.00023726,7.1750,6.4906,0.0426,4.2045,0.0806,708.8314,98.7913,8.8300,6.6350,4.0407,4.4018,8.4329,14.3073,20.7715,40.8781,4.2012,0.0,4.718859,9.286678,1.630025,30,242,81,2,0.30276321,0.00593162,-0.00694385,0E-8,0.000000,0.904604,0.002289,0.01846642,2026-03-22,2026-08-06,115,6001,2406,138,0.833333,1.330819,1.230659,1.009211,,,,,,,,GLOBAL_BASELINE_NO_ENTITY_RANKING,,,NOT_APPLICABLE_GLOBAL_BASELINE,HF9g-P5,,,,X 全窗基线 · 不参与实体赏罚,8399372,840,A168_HF9F_20260827_0900,2026-08-27 09:00:00
2026-03-30,36810153,1318,0,4.4017959327,-4.4017959327,-4.4017959327,0E-7,1,1,0.49324550000000000,0.493245500000,-0.9865810262130424,-0.9865810262130424,-0.9865810262130424,0E-17,ELIGIBLE,R03b_20260811_FULL_v1,L1_ELIGIBILITY,v2026-08-11,2026-03-21..2026-08-06,baccarat_bet02_101_all_pairs_incl_sentinel,round_win = game_pnl > 0 (decisive only),COMPATIBILITY_ONLY_NOT_PRODUCTION,81515.6139,73739.3596,483.5193,11361,11361,-0.00593162,0.00694385,-0.01152257,-0.00593162,-483.5193,81515.6139,OK,0.0000,19.3408,4.0000,96.0000,AG03-UNRESOLVED,ALL5_LEVELS_bet23_to_bet27,19.3408,19.3408,19.3408,24.1760,24.1760,4.000000,4.000000,4.000000,5.000000,5.000000,96.000000,96.000000,96.000000,95.000000,95.000000,5.0,106.3742,97.4416,377.1451,386.0777,PENDING_AG03,FALSE,NOT_FOR_ENFORCEMENT,464.1785,70789.7852,483.5193,464.1785,19.3408,0.00593162,0.00569435,19.3408,464.1785,0.00569435,19.3408,19.3408,19.3408,24.1760,24.1760,464.1785,0.00569435,106.3742,97.4416,377.1451,386.0777,0.00462666,0.00473624,0.00023726,7.1750,6.4906,0.0426,4.2045,0.0806,708.8314,98.7913,8.8300,6.6350,4.0407,4.4018,8.4329,14.3073,20.7715,40.8781,4.2012,0.0,4.718859,9.286678,1.630025,30,242,81,2,0.30276321,0.00593162,-0.00694385,0E-8,0.000000,0.904604,0.002289,0.01846642,2026-03-22,2026-08-06,115,6001,2406,138,0.833333,1.330819,1.230659,1.009211,,,,,,,,GLOBAL_BASELINE_NO_ENTITY_RANKING,,,NOT_APPLICABLE_GLOBAL_BASELINE,HF9g-P5,,,,X 全窗基线 · 不参与实体赏罚,8399373,840,A168_HF9F_20260827_0900,2026-08-27 09:00:00
2026-03-30,36810153,1323,0,8.8035918654,-8.8035918654,-8.8035918654,0E-7,2,2,0.49994810000000000,0.499948100000,-1.4140667746232096,-1.4140667746232096,-1.4140667746232096,0E-17,ELIGIBLE,R03b_20260811_FULL_v1,L1_ELIGIBILITY,v2026-08-11,2026-03-21..2026-08-06,baccarat_bet02_101_all_pairs_incl_sentinel,round_win = game_pnl > 0 (decisive only),COMPATIBILITY_ONLY_NOT_PRODUCTION,81515.6139,73739.3596,483.5193,11361,11361,-0.00593162,0.00694385,-0.01152257,-0.00593162,-483.5193,81515.6139,OK,0.0000,19.3408,4.0000,96.0000,AG03-UNRESOLVED,ALL5_LEVELS_bet23_to_bet27,19.3408,19.3408,19.3408,24.1760,24.1760,4.000000,4.000000,4.000000,5.000000,5.000000,96.000000,96.000000,96.000000,95.000000,95.000000,5.0,106.3742,97.4416,377.1451,386.0777,PENDING_AG03,FALSE,NOT_FOR_ENFORCEMENT,464.1785,70789.7852,483.5193,464.1785,19.3408,0.00593162,0.00569435,19.3408,464.1785,0.00569435,19.3408,19.3408,19.3408,24.1760,24.1760,464.1785,0.00569435,106.3742,97.4416,377.1451,386.0777,0.00462666,0.00473624,0.00023726,7.1750,6.4906,0.0426,4.2045,0.0806,708.8314,98.7913,8.8300,6.6350,4.0407,4.4018,8.4329,14.3073,20.7715,40.8781,4.2012,0.0,4.718859,9.286678,1.630025,30,242,81,2,0.30276321,0.00593162,-0.00694385,0E-8,0.000000,0.904604,0.002289,0.01846642,2026-03-22,2026-08-06,115,6001,2406,138,0.833333,1.330819,1.230659,1.009211,,,,,,,,GLOBAL_BASELINE_NO_ENTITY_RANKING,,,NOT_APPLICABLE_GLOBAL_BASELINE,HF9g-P5,,,,X 全窗基线 · 不参与实体赏罚,8399374,840,A168_HF9F_20260827_0900,2026-08-27 09:00:00
2026-03-30,36810153,1374,0,22.0089796637,-22.0089796637,-22.0089796637,0E-7,1,1,0.50665070000000000,0.506650700000,-1.013391052207602,-1.013391052207602,-1.013391052207602,0E-17,ELIGIBLE,R03b_20260811_FULL_v1,L1_ELIGIBILITY,v2026-08-11,2026-03-21..2026-08-06,baccarat_bet02_101_all_pairs_incl_sentinel,round_win = game_pnl > 0 (decisive only),COMPATIBILITY_ONLY_NOT_PRODUCTION,81515.6139,73739.3596,483.5193,11361,11361,-0.00593162,0.00694385,-0.01152257,-0.00593162,-483.5193,81515.6139,OK,0.0000,19.3408,4.0000,96.0000,AG03-UNRESOLVED,ALL5_LEVELS_bet23_to_bet27,19.3408,19.3408,19.3408,24.1760,24.1760,4.000000,4.000000,4.000000,5.000000,5.000000,96.000000,96.000000,96.000000,95.000000,95.000000,5.0,106.3742,97.4416,377.1451,386.0777,PENDING_AG03,FALSE,NOT_FOR_ENFORCEMENT,464.1785,70789.7852,483.5193,464.1785,19.3408,0.00593162,0.00569435,19.3408,464.1785,0.00569435,19.3408,19.3408,19.3408,24.1760,24.1760,464.1785,0.00569435,106.3742,97.4416,377.1451,386.0777,0.00462666,0.00473624,0.00023726,7.1750,6.4906,0.0426,4.2045,0.0806,708.8314,98.7913,8.8300,6.6350,4.0407,4.4018,8.4329,14.3073,20.7715,40.8781,4.2012,0.0,4.718859,9.286678,1.630025,30,242,81,2,0.30276321,0.00593162,-0.00694385,0E-8,0.000000,0.904604,0.002289,0.01846642,2026-03-22,2026-08-06,115,6001,2406,138,0.833333,1.330819,1.230659,1.009211,,,,,,,,GLOBAL_BASELINE_NO_ENTITY_RANKING,,,NOT_APPLICABLE_GLOBAL_BASELINE,HF9g-P5,,,,X 全窗基线 · 不参与实体赏罚,8399375,840,A168_HF9F_20260827_0900,2026-08-27 09:00:00
2026-03-30,36810153,1383,0,6.3826041025,-6.3826041025,-6.3826041025,0E-7,1,1,0.50665070000000000,0.506650700000,-1.013391052207602,-1.013391052207602,-1.013391052207602,0E-17,ELIGIBLE,R03b_20260811_FULL_v1,L1_ELIGIBILITY,v2026-08-11,2026-03-21..2026-08-06,baccarat_bet02_101_all_pairs_incl_sentinel,round_win = game_pnl > 0 (decisive only),COMPATIBILITY_ONLY_NOT_PRODUCTION,81515.6139,73739.3596,483.5193,11361,11361,-0.00593162,0.00694385,-0.01152257,-0.00593162,-483.5193,81515.6139,OK,0.0000,19.3408,4.0000,96.0000,AG03-UNRESOLVED,ALL5_LEVELS_bet23_to_bet27,19.3408,19.3408,19.3408,24.1760,24.1760,4.000000,4.000000,4.000000,5.000000,5.000000,96.000000,96.000000,96.000000,95.000000,95.000000,5.0,106.3742,97.4416,377.1451,386.0777,PENDING_AG03,FALSE,NOT_FOR_ENFORCEMENT,464.1785,70789.7852,483.5193,464.1785,19.3408,0.00593162,0.00569435,19.3408,464.1785,0.00569435,19.3408,19.3408,19.3408,24.1760,24.1760,464.1785,0.00569435,106.3742,97.4416,377.1451,386.0777,0.00462666,0.00473624,0.00023726,7.1750,6.4906,0.0426,4.2045,0.0806,708.8314,98.7913,8.8300,6.6350,4.0407,4.4018,8.4329,14.3073,20.7715,40.8781,4.2012,0.0,4.718859,9.286678,1.630025,30,242,81,2,0.30276321,0.00593162,-0.00694385,0E-8,0.000000,0.904604,0.002289,0.01846642,2026-03-22,2026-08-06,115,6001,2406,138,0.833333,1.330819,1.230659,1.009211,,,,,,,,GLOBAL_BASELINE_NO_ENTITY_RANKING,,,NOT_APPLICABLE_GLOBAL_BASELINE,HF9g-P5,,,,X 全窗基线 · 不参与实体赏罚,8399376,840,A168_HF9F_20260827_0900,2026-08-27 09:00:00
2026-03-30,36810153,1384,0,2.2008979664,-2.2008979664,-2.2008979664,0E-7,1,1,0.49324550000000000,0.493245500000,-0.9865810262130424,-0.9865810262130424,-0.9865810262130424,0E-17,ELIGIBLE,R03b_20260811_FULL_v1,L1_ELIGIBILITY,v2026-08-11,2026-03-21..2026-08-06,baccarat_bet02_101_all_pairs_incl_sentinel,round_win = game_pnl > 0 (decisive only),COMPATIBILITY_ONLY_NOT_PRODUCTION,81515.6139,73739.3596,483.5193,11361,11361,-0.00593162,0.00694385,-0.01152257,-0.00593162,-483.5193,81515.6139,OK,0.0000,19.3408,4.0000,96.0000,AG03-UNRESOLVED,ALL5_LEVELS_bet23_to_bet27,19.3408,19.3408,19.3408,24.1760,24.1760,4.000000,4.000000,4.000000,5.000000,5.000000,96.000000,96.000000,96.000000,95.000000,95.000000,5.0,106.3742,97.4416,377.1451,386.0777,PENDING_AG03,FALSE,NOT_FOR_ENFORCEMENT,464.1785,70789.7852,483.5193,464.1785,19.3408,0.00593162,0.00569435,19.3408,464.1785,0.00569435,19.3408,19.3408,19.3408,24.1760,24.1760,464.1785,0.00569435,106.3742,97.4416,377.1451,386.0777,0.00462666,0.00473624,0.00023726,7.1750,6.4906,0.0426,4.2045,0.0806,708.8314,98.7913,8.8300,6.6350,4.0407,4.4018,8.4329,14.3073,20.7715,40.8781,4.2012,0.0,4.718859,9.286678,1.630025,30,242,81,2,0.30276321,0.00593162,-0.00694385,0E-8,0.000000,0.904604,0.002289,0.01846642,2026-03-22,2026-08-06,115,6001,2406,138,0.833333,1.330819,1.230659,1.009211,,,,,,,,GLOBAL_BASELINE_NO_ENTITY_RANKING,,,NOT_APPLICABLE_GLOBAL_BASELINE,HF9g-P5,,,,X 全窗基线 · 不参与实体赏罚,8399377,840,A168_HF9F_20260827_0900,2026-08-27 09:00:00
2026-03-30,36810153,1396,0,4.4017959327,4.4017959327,4.4017959327,1.0000000,1,1,0.49324550000000000,0.493245500000,1.01360149184955,1.01360149184955,1.01360149184955,0E-17,ELIGIBLE,R03b_20260811_FULL_v1,L1_ELIGIBILITY,v2026-08-11,2026-03-21..2026-08-06,baccarat_bet02_101_all_pairs_incl_sentinel,round_win = game_pnl > 0 (decisive only),COMPATIBILITY_ONLY_NOT_PRODUCTION,81515.6139,73739.3596,483.5193,11361,11361,-0.00593162,0.00694385,-0.01152257,-0.00593162,-483.5193,81515.6139,OK,0.0000,19.3408,4.0000,96.0000,AG03-UNRESOLVED,ALL5_LEVELS_bet23_to_bet27,19.3408,19.3408,19.3408,24.1760,24.1760,4.000000,4.000000,4.000000,5.000000,5.000000,96.000000,96.000000,96.000000,95.000000,95.000000,5.0,106.3742,97.4416,377.1451,386.0777,PENDING_AG03,FALSE,NOT_FOR_ENFORCEMENT,464.1785,70789.7852,483.5193,464.1785,19.3408,0.00593162,0.00569435,19.3408,464.1785,0.00569435,19.3408,19.3408,19.3408,24.1760,24.1760,464.1785,0.00569435,106.3742,97.4416,377.1451,386.0777,0.00462666,0.00473624,0.00023726,7.1750,6.4906,0.0426,4.2045,0.0806,708.8314,98.7913,8.8300,6.6350,4.0407,4.4018,8.4329,14.3073,20.7715,40.8781,4.2012,0.0,4.718859,9.286678,1.630025,30,242,81,2,0.30276321,0.00593162,-0.00694385,0E-8,0.000000,0.904604,0.002289,0.01846642,2026-03-22,2026-08-06,115,6001,2406,138,0.833333,1.330819,1.230659,1.009211,,,,,,,,GLOBAL_BASELINE_NO_ENTITY_RANKING,,,NOT_APPLICABLE_GLOBAL_BASELINE,HF9g-P5,,,,X 全窗基线 · 不参与实体赏罚,8399378,840,A168_HF9F_20260827_0900,2026-08-27 09:00:00
2026-03-30,36810153,1399,0,2.2008979664,-2.2008979664,-2.2008979664,0E-7,1,1,0.49324550000000000,0.493245500000,-0.9865810262130424,-0.9865810262130424,-0.9865810262130424,0E-17,ELIGIBLE,R03b_20260811_FULL_v1,L1_ELIGIBILITY,v2026-08-11,2026-03-21..2026-08-06,baccarat_bet02_101_all_pairs_incl_sentinel,round_win = game_pnl > 0 (decisive only),COMPATIBILITY_ONLY_NOT_PRODUCTION,81515.6139,73739.3596,483.5193,11361,11361,-0.00593162,0.00694385,-0.01152257,-0.00593162,-483.5193,81515.6139,OK,0.0000,19.3408,4.0000,96.0000,AG03-UNRESOLVED,ALL5_LEVELS_bet23_to_bet27,19.3408,19.3408,19.3408,24.1760,24.1760,4.000000,4.000000,4.000000,5.000000,5.000000,96.000000,96.000000,96.000000,95.000000,95.000000,5.0,106.3742,97.4416,377.1451,386.0777,PENDING_AG03,FALSE,NOT_FOR_ENFORCEMENT,464.1785,70789.7852,483.5193,464.1785,19.3408,0.00593162,0.00569435,19.3408,464.1785,0.00569435,19.3408,19.3408,19.3408,24.1760,24.1760,464.1785,0.00569435,106.3742,97.4416,377.1451,386.0777,0.00462666,0.00473624,0.00023726,7.1750,6.4906,0.0426,4.2045,0.0806,708.8314,98.7913,8.8300,6.6350,4.0407,4.4018,8.4329,14.3073,20.7715,40.8781,4.2012,0.0,4.718859,9.286678,1.630025,30,242,81,2,0.30276321,0.00593162,-0.00694385,0E-8,0.000000,0.904604,0.002289,0.01846642,2026-03-22,2026-08-06,115,6001,2406,138,0.833333,1.330819,1.230659,1.009211,,,,,,,,GLOBAL_BASELINE_NO_ENTITY_RANKING,,,NOT_APPLICABLE_GLOBAL_BASELINE,HF9g-P5,,,,X 全窗基线 · 不参与实体赏罚,8399379,840,A168_HF9F_20260827_0900,2026-08-27 09:00:00
2026-03-30,36810153,1402,0,36.0947266484,-36.0947266484,-36.0947266484,0E-7,3,3,0.50665070000000000,0.506650700000,-1.7552447903592512,-1.7552447903592512,-1.7552447903592512,0E-17,ELIGIBLE,R03b_20260811_FULL_v1,L1_ELIGIBILITY,v2026-08-11,2026-03-21..2026-08-06,baccarat_bet02_101_all_pairs_incl_sentinel,round_win = game_pnl > 0 (decisive only),COMPATIBILITY_ONLY_NOT_PRODUCTION,81515.6139,73739.3596,483.5193,11361,11361,-0.00593162,0.00694385,-0.01152257,-0.00593162,-483.5193,81515.6139,OK,0.0000,19.3408,4.0000,96.0000,AG03-UNRESOLVED,ALL5_LEVELS_bet23_to_bet27,19.3408,19.3408,19.3408,24.1760,24.1760,4.000000,4.000000,4.000000,5.000000,5.000000,96.000000,96.000000,96.000000,95.000000,95.000000,5.0,106.3742,97.4416,377.1451,386.0777,PENDING_AG03,FALSE,NOT_FOR_ENFORCEMENT,464.1785,70789.7852,483.5193,464.1785,19.3408,0.00593162,0.00569435,19.3408,464.1785,0.00569435,19.3408,19.3408,19.3408,24.1760,24.1760,464.1785,0.00569435,106.3742,97.4416,377.1451,386.0777,0.00462666,0.00473624,0.00023726,7.1750,6.4906,0.0426,4.2045,0.0806,708.8314,98.7913,8.8300,6.6350,4.0407,4.4018,8.4329,14.3073,20.7715,40.8781,4.2012,0.0,4.718859,9.286678,1.630025,30,242,81,2,0.30276321,0.00593162,-0.00694385,0E-8,0.000000,0.904604,0.002289,0.01846642,2026-03-22,2026-08-06,115,6001,2406,138,0.833333,1.330819,1.230659,1.009211,,,,,,,,GLOBAL_BASELINE_NO_ENTITY_RANKING,,,NOT_APPLICABLE_GLOBAL_BASELINE,HF9g-P5,,,,X 全窗基线 · 不参与实体赏罚,8399380,840,A168_HF9F_20260827_0900,2026-08-27 09:00:00
2026-03-30,36810153,1623,0,22.0089796637,22.0089796637,22.0089796637,1.0000000,1,1,0.49324550000000000,0.493245500000,1.01360149184955,1.01360149184955,1.01360149184955,0E-17,ELIGIBLE,R03b_20260811_FULL_v1,L1_ELIGIBILITY,v2026-08-11,2026-03-21..2026-08-06,baccarat_bet02_101_all_pairs_incl_sentinel,round_win = game_pnl > 0 (decisive only),COMPATIBILITY_ONLY_NOT_PRODUCTION,81515.6139,73739.3596,483.5193,11361,11361,-0.00593162,0.00694385,-0.01152257,-0.00593162,-483.5193,81515.6139,OK,0.0000,19.3408,4.0000,96.0000,AG03-UNRESOLVED,ALL5_LEVELS_bet23_to_bet27,19.3408,19.3408,19.3408,24.1760,24.1760,4.000000,4.000000,4.000000,5.000000,5.000000,96.000000,96.000000,96.000000,95.000000,95.000000,5.0,106.3742,97.4416,377.1451,386.0777,PENDING_AG03,FALSE,NOT_FOR_ENFORCEMENT,464.1785,70789.7852,483.5193,464.1785,19.3408,0.00593162,0.00569435,19.3408,464.1785,0.00569435,19.3408,19.3408,19.3408,24.1760,24.1760,464.1785,0.00569435,106.3742,97.4416,377.1451,386.0777,0.00462666,0.00473624,0.00023726,7.1750,6.4906,0.0426,4.2045,0.0806,708.8314,98.7913,8.8300,6.6350,4.0407,4.4018,8.4329,14.3073,20.7715,40.8781,4.2012,0.0,4.718859,9.286678,1.630025,30,242,81,2,0.30276321,0.00593162,-0.00694385,0E-8,0.000000,0.904604,0.002289,0.01846642,2026-03-22,2026-08-06,115,6001,2406,138,0.833333,1.330819,1.230659,1.009211,,,,,,,,GLOBAL_BASELINE_NO_ENTITY_RANKING,,,NOT_APPLICABLE_GLOBAL_BASELINE,HF9g-P5,,,,X 全窗基线 · 不参与实体赏罚,8399381,840,A168_HF9F_20260827_0900,2026-08-27 09:00:00
2026-03-30,36810153,1646,0,28.6116735628,-15.4062857646,-15.4062857646,0.5000000,2,2,0.49324550000000000,0.493245500000,0.01910635448239258,0.01910635448239258,0.01910635448239258,0E-17,ELIGIBLE,R03b_20260811_FULL_v1,L1_ELIGIBILITY,v2026-08-11,2026-03-21..2026-08-06,baccarat_bet02_101_all_pairs_incl_sentinel,round_win = game_pnl > 0 (decisive only),COMPATIBILITY_ONLY_NOT_PRODUCTION,81515.6139,73739.3596,483.5193,11361,11361,-0.00593162,0.00694385,-0.01152257,-0.00593162,-483.5193,81515.6139,OK,0.0000,19.3408,4.0000,96.0000,AG03-UNRESOLVED,ALL5_LEVELS_bet23_to_bet27,19.3408,19.3408,19.3408,24.1760,24.1760,4.000000,4.000000,4.000000,5.000000,5.000000,96.000000,96.000000,96.000000,95.000000,95.000000,5.0,106.3742,97.4416,377.1451,386.0777,PENDING_AG03,FALSE,NOT_FOR_ENFORCEMENT,464.1785,70789.7852,483.5193,464.1785,19.3408,0.00593162,0.00569435,19.3408,464.1785,0.00569435,19.3408,19.3408,19.3408,24.1760,24.1760,464.1785,0.00569435,106.3742,97.4416,377.1451,386.0777,0.00462666,0.00473624,0.00023726,7.1750,6.4906,0.0426,4.2045,0.0806,708.8314,98.7913,8.8300,6.6350,4.0407,4.4018,8.4329,14.3073,20.7715,40.8781,4.2012,0.0,4.718859,9.286678,1.630025,30,242,81,2,0.30276321,0.00593162,-0.00694385,0E-8,0.000000,0.904604,0.002289,0.01846642,2026-03-22,2026-08-06,115,6001,2406,138,0.833333,1.330819,1.230659,1.009211,,,,,,,,GLOBAL_BASELINE_NO_ENTITY_RANKING,,,NOT_APPLICABLE_GLOBAL_BASELINE,HF9g-P5,,,,X 全窗基线 · 不参与实体赏罚,8399382,840,A168_HF9F_20260827_0900,2026-08-27 09:00:00
2026-03-30,36810153,1654,0,8.3634122722,-8.3634122722,-8.3634122722,0E-7,1,1,0.49324550000000000,0.493245500000,-0.9865810262130424,-0.9865810262130424,-0.9865810262130424,0E-17,ELIGIBLE,R03b_20260811_FULL_v1,L1_ELIGIBILITY,v2026-08-11,2026-03-21..2026-08-06,baccarat_bet02_101_all_pairs_incl_sentinel,round_win = game_pnl > 0 (decisive only),COMPATIBILITY_ONLY_NOT_PRODUCTION,81515.6139,73739.3596,483.5193,11361,11361,-0.00593162,0.00694385,-0.01152257,-0.00593162,-483.5193,81515.6139,OK,0.0000,19.3408,4.0000,96.0000,AG03-UNRESOLVED,ALL5_LEVELS_bet23_to_bet27,19.3408,19.3408,19.3408,24.1760,24.1760,4.000000,4.000000,4.000000,5.000000,5.000000,96.000000,96.000000,96.000000,95.000000,95.000000,5.0,106.3742,97.4416,377.1451,386.0777,PENDING_AG03,FALSE,NOT_FOR_ENFORCEMENT,464.1785,70789.7852,483.5193,464.1785,19.3408,0.00593162,0.00569435,19.3408,464.1785,0.00569435,19.3408,19.3408,19.3408,24.1760,24.1760,464.1785,0.00569435,106.3742,97.4416,377.1451,386.0777,0.00462666,0.00473624,0.00023726,7.1750,6.4906,0.0426,4.2045,0.0806,708.8314,98.7913,8.8300,6.6350,4.0407,4.4018,8.4329,14.3073,20.7715,40.8781,4.2012,0.0,4.718859,9.286678,1.630025,30,242,81,2,0.30276321,0.00593162,-0.00694385,0E-8,0.000000,0.904604,0.002289,0.01846642,2026-03-22,2026-08-06,115,6001,2406,138,0.833333,1.330819,1.230659,1.009211,,,,,,,,GLOBAL_BASELINE_NO_ENTITY_RANKING,,,NOT_APPLICABLE_GLOBAL_BASELINE,HF9g-P5,,,,X 全窗基线 · 不参与实体赏罚,8399383,840,A168_HF9F_20260827_0900,2026-08-27 09:00:00
2026-03-30,36810153,1702,0,4.4017959327,-4.4017959327,-4.4017959327,0E-7,1,1,0.50665070000000000,0.506650700000,-1.013391052207602,-1.013391052207602,-1.013391052207602,0E-17,ELIGIBLE,R03b_20260811_FULL_v1,L1_ELIGIBILITY,v2026-08-11,2026-03-21..2026-08-06,baccarat_bet02_101_all_pairs_incl_sentinel,round_win = game_pnl > 0 (decisive only),COMPATIBILITY_ONLY_NOT_PRODUCTION,81515.6139,73739.3596,483.5193,11361,11361,-0.00593162,0.00694385,-0.01152257,-0.00593162,-483.5193,81515.6139,OK,0.0000,19.3408,4.0000,96.0000,AG03-UNRESOLVED,ALL5_LEVELS_bet23_to_bet27,19.3408,19.3408,19.3408,24.1760,24.1760,4.000000,4.000000,4.000000,5.000000,5.000000,96.000000,96.000000,96.000000,95.000000,95.000000,5.0,106.3742,97.4416,377.1451,386.0777,PENDING_AG03,FALSE,NOT_FOR_ENFORCEMENT,464.1785,70789.7852,483.5193,464.1785,19.3408,0.00593162,0.00569435,19.3408,464.1785,0.00569435,19.3408,19.3408,19.3408,24.1760,24.1760,464.1785,0.00569435,106.3742,97.4416,377.1451,386.0777,0.00462666,0.00473624,0.00023726,7.1750,6.4906,0.0426,4.2045,0.0806,708.8314,98.7913,8.8300,6.6350,4.0407,4.4018,8.4329,14.3073,20.7715,40.8781,4.2012,0.0,4.718859,9.286678,1.630025,30,242,81,2,0.30276321,0.00593162,-0.00694385,0E-8,0.000000,0.904604,0.002289,0.01846642,2026-03-22,2026-08-06,115,6001,2406,138,0.833333,1.330819,1.230659,1.009211,,,,,,,,GLOBAL_BASELINE_NO_ENTITY_RANKING,,,NOT_APPLICABLE_GLOBAL_BASELINE,HF9g-P5,,,,X 全窗基线 · 不参与实体赏罚,8399384,840,A168_HF9F_20260827_0900,2026-08-27 09:00:00
2026-03-30,36810153,1704,0,6.6026938991,-6.6026938991,-6.6026938991,0E-7,1,1,0.49324550000000000,0.493245500000,-0.9865810262130424,-0.9865810262130424,-0.9865810262130424,0E-17,ELIGIBLE,R03b_20260811_FULL_v1,L1_ELIGIBILITY,v2026-08-11,2026-03-21..2026-08-06,baccarat_bet02_101_all_pairs_incl_sentinel,round_win = game_pnl > 0 (decisive only),COMPATIBILITY_ONLY_NOT_PRODUCTION,81515.6139,73739.3596,483.5193,11361,11361,-0.00593162,0.00694385,-0.01152257,-0.00593162,-483.5193,81515.6139,OK,0.0000,19.3408,4.0000,96.0000,AG03-UNRESOLVED,ALL5_LEVELS_bet23_to_bet27,19.3408,19.3408,19.3408,24.1760,24.1760,4.000000,4.000000,4.000000,5.000000,5.000000,96.000000,96.000000,96.000000,95.000000,95.000000,5.0,106.3742,97.4416,377.1451,386.0777,PENDING_AG03,FALSE,NOT_FOR_ENFORCEMENT,464.1785,70789.7852,483.5193,464.1785,19.3408,0.00593162,0.00569435,19.3408,464.1785,0.00569435,19.3408,19.3408,19.3408,24.1760,24.1760,464.1785,0.00569435,106.3742,97.4416,377.1451,386.0777,0.00462666,0.00473624,0.00023726,7.1750,6.4906,0.0426,4.2045,0.0806,708.8314,98.7913,8.8300,6.6350,4.0407,4.4018,8.4329,14.3073,20.7715,40.8781,4.2012,0.0,4.718859,9.286678,1.630025,30,242,81,2,0.30276321,0.00593162,-0.00694385,0E-8,0.000000,0.904604,0.002289,0.01846642,2026-03-22,2026-08-06,115,6001,2406,138,0.833333,1.330819,1.230659,1.009211,,,,,,,,GLOBAL_BASELINE_NO_ENTITY_RANKING,,,NOT_APPLICABLE_GLOBAL_BASELINE,HF9g-P5,,,,X 全窗基线 · 不参与实体赏罚,8399385,840,A168_HF9F_20260827_0900,2026-08-27 09:00:00
2026-03-30,36810153,1941,0,25.3103266133,14.3058367815,14.3058367815,0.6666667,3,3,0.49324550000000000,0.493245500000,0.6008033672792107,0.6008033672792106,0.6008033672792107,0E-17,ELIGIBLE,R03b_20260811_FULL_v1,L1_ELIGIBILITY,v2026-08-11,2026-03-21..2026-08-06,baccarat_bet02_101_all_pairs_incl_sentinel,round_win = game_pnl > 0 (decisive only),COMPATIBILITY_ONLY_NOT_PRODUCTION,81515.6139,73739.3596,483.5193,11361,11361,-0.00593162,0.00694385,-0.01152257,-0.00593162,-483.5193,81515.6139,OK,0.0000,19.3408,4.0000,96.0000,AG03-UNRESOLVED,ALL5_LEVELS_bet23_to_bet27,19.3408,19.3408,19.3408,24.1760,24.1760,4.000000,4.000000,4.000000,5.000000,5.000000,96.000000,96.000000,96.000000,95.000000,95.000000,5.0,106.3742,97.4416,377.1451,386.0777,PENDING_AG03,FALSE,NOT_FOR_ENFORCEMENT,464.1785,70789.7852,483.5193,464.1785,19.3408,0.00593162,0.00569435,19.3408,464.1785,0.00569435,19.3408,19.3408,19.3408,24.1760,24.1760,464.1785,0.00569435,106.3742,97.4416,377.1451,386.0777,0.00462666,0.00473624,0.00023726,7.1750,6.4906,0.0426,4.2045,0.0806,708.8314,98.7913,8.8300,6.6350,4.0407,4.4018,8.4329,14.3073,20.7715,40.8781,4.2012,0.0,4.718859,9.286678,1.630025,30,242,81,2,0.30276321,0.00593162,-0.00694385,0E-8,0.000000,0.904604,0.002289,0.01846642,2026-03-22,2026-08-06,115,6001,2406,138,0.833333,1.330819,1.230659,1.009211,,,,,,,,GLOBAL_BASELINE_NO_ENTITY_RANKING,,,NOT_APPLICABLE_GLOBAL_BASELINE,HF9g-P5,,,,X 全窗基线 · 不参与实体赏罚,8399386,840,A168_HF9F_20260827_0900,2026-08-27 09:00:00
2026-03-30,36810153,1949,0,3.9616163395,-3.9616163395,-3.9616163395,0E-7,1,1,0.50665070000000000,0.506650700000,-1.013391052207602,-1.013391052207602,-1.013391052207602,0E-17,ELIGIBLE,R03b_20260811_FULL_v1,L1_ELIGIBILITY,v2026-08-11,2026-03-21..2026-08-06,baccarat_bet02_101_all_pairs_incl_sentinel,round_win = game_pnl > 0 (decisive only),COMPATIBILITY_ONLY_NOT_PRODUCTION,81515.6139,73739.3596,483.5193,11361,11361,-0.00593162,0.00694385,-0.01152257,-0.00593162,-483.5193,81515.6139,OK,0.0000,19.3408,4.0000,96.0000,AG03-UNRESOLVED,ALL5_LEVELS_bet23_to_bet27,19.3408,19.3408,19.3408,24.1760,24.1760,4.000000,4.000000,4.000000,5.000000,5.000000,96.000000,96.000000,96.000000,95.000000,95.000000,5.0,106.3742,97.4416,377.1451,386.0777,PENDING_AG03,FALSE,NOT_FOR_ENFORCEMENT,464.1785,70789.7852,483.5193,464.1785,19.3408,0.00593162,0.00569435,19.3408,464.1785,0.00569435,19.3408,19.3408,19.3408,24.1760,24.1760,464.1785,0.00569435,106.3742,97.4416,377.1451,386.0777,0.00462666,0.00473624,0.00023726,7.1750,6.4906,0.0426,4.2045,0.0806,708.8314,98.7913,8.8300,6.6350,4.0407,4.4018,8.4329,14.3073,20.7715,40.8781,4.2012,0.0,4.718859,9.286678,1.630025,30,242,81,2,0.30276321,0.00593162,-0.00694385,0E-8,0.000000,0.904604,0.002289,0.01846642,2026-03-22,2026-08-06,115,6001,2406,138,0.833333,1.330819,1.230659,1.009211,,,,,,,,GLOBAL_BASELINE_NO_ENTITY_RANKING,,,NOT_APPLICABLE_GLOBAL_BASELINE,HF9g-P5,,,,X 全窗基线 · 不参与实体赏罚,8399387,840,A168_HF9F_20260827_0900,2026-08-27 09:00:00
2026-03-30,36810153,1951,0,13.2053877982,-13.2053877982,-13.2053877982,0E-7,1,1,0.50665070000000000,0.506650700000,-1.013391052207602,-1.013391052207602,-1.013391052207602,0E-17,ELIGIBLE,R03b_20260811_FULL_v1,L1_ELIGIBILITY,v2026-08-11,2026-03-21..2026-08-06,baccarat_bet02_101_all_pairs_incl_sentinel,round_win = game_pnl > 0 (decisive only),COMPATIBILITY_ONLY_NOT_PRODUCTION,81515.6139,73739.3596,483.5193,11361,11361,-0.00593162,0.00694385,-0.01152257,-0.00593162,-483.5193,81515.6139,OK,0.0000,19.3408,4.0000,96.0000,AG03-UNRESOLVED,ALL5_LEVELS_bet23_to_bet27,19.3408,19.3408,19.3408,24.1760,24.1760,4.000000,4.000000,4.000000,5.000000,5.000000,96.000000,96.000000,96.000000,95.000000,95.000000,5.0,106.3742,97.4416,377.1451,386.0777,PENDING_AG03,FALSE,NOT_FOR_ENFORCEMENT,464.1785,70789.7852,483.5193,464.1785,19.3408,0.00593162,0.00569435,19.3408,464.1785,0.00569435,19.3408,19.3408,19.3408,24.1760,24.1760,464.1785,0.00569435,106.3742,97.4416,377.1451,386.0777,0.00462666,0.00473624,0.00023726,7.1750,6.4906,0.0426,4.2045,0.0806,708.8314,98.7913,8.8300,6.6350,4.0407,4.4018,8.4329,14.3073,20.7715,40.8781,4.2012,0.0,4.718859,9.286678,1.630025,30,242,81,2,0.30276321,0.00593162,-0.00694385,0E-8,0.000000,0.904604,0.002289,0.01846642,2026-03-22,2026-08-06,115,6001,2406,138,0.833333,1.330819,1.230659,1.009211,,,,,,,,GLOBAL_BASELINE_NO_ENTITY_RANKING,,,NOT_APPLICABLE_GLOBAL_BASELINE,HF9g-P5,,,,X 全窗基线 · 不参与实体赏罚,8399388,840,A168_HF9F_20260827_0900,2026-08-27 09:00:00
2026-03-30,36810153,1984,0,8.8035918655,8.8035918655,8.8035918655,1.0000000,1,1,0.50665070000000000,0.506650700000,0.9867858985152569,0.9867858985152569,0.9867858985152569,0E-17,ELIGIBLE,R03b_20260811_FULL_v1,L1_ELIGIBILITY,v2026-08-11,2026-03-21..2026-08-06,baccarat_bet02_101_all_pairs_incl_sentinel,round_win = game_pnl > 0 (decisive only),COMPATIBILITY_ONLY_NOT_PRODUCTION,81515.6139,73739.3596,483.5193,11361,11361,-0.00593162,0.00694385,-0.01152257,-0.00593162,-483.5193,81515.6139,OK,0.0000,19.3408,4.0000,96.0000,AG03-UNRESOLVED,ALL5_LEVELS_bet23_to_bet27,19.3408,19.3408,19.3408,24.1760,24.1760,4.000000,4.000000,4.000000,5.000000,5.000000,96.000000,96.000000,96.000000,95.000000,95.000000,5.0,106.3742,97.4416,377.1451,386.0777,PENDING_AG03,FALSE,NOT_FOR_ENFORCEMENT,464.1785,70789.7852,483.5193,464.1785,19.3408,0.00593162,0.00569435,19.3408,464.1785,0.00569435,19.3408,19.3408,19.3408,24.1760,24.1760,464.1785,0.00569435,106.3742,97.4416,377.1451,386.0777,0.00462666,0.00473624,0.00023726,7.1750,6.4906,0.0426,4.2045,0.0806,708.8314,98.7913,8.8300,6.6350,4.0407,4.4018,8.4329,14.3073,20.7715,40.8781,4.2012,0.0,4.718859,9.286678,1.630025,30,242,81,2,0.30276321,0.00593162,-0.00694385,0E-8,0.000000,0.904604,0.002289,0.01846642,2026-03-22,2026-08-06,115,6001,2406,138,0.833333,1.330819,1.230659,1.009211,,,,,,,,GLOBAL_BASELINE_NO_ENTITY_RANKING,,,NOT_APPLICABLE_GLOBAL_BASELINE,HF9g-P5,,,,X 全窗基线 · 不参与实体赏罚,8399389,840,A168_HF9F_20260827_0900,2026-08-27 09:00:00
2026-03-30,36810153,1991,0,17.6071837309,-17.6071837309,-17.6071837309,0E-7,3,3,0.50665070000000000,0.506650700000,-1.7552447903592512,-1.7552447903592512,-1.7552447903592512,0E-17,ELIGIBLE,R03b_20260811_FULL_v1,L1_ELIGIBILITY,v2026-08-11,2026-03-21..2026-08-06,baccarat_bet02_101_all_pairs_incl_sentinel,round_win = game_pnl > 0 (decisive only),COMPATIBILITY_ONLY_NOT_PRODUCTION,81515.6139,73739.3596,483.5193,11361,11361,-0.00593162,0.00694385,-0.01152257,-0.00593162,-483.5193,81515.6139,OK,0.0000,19.3408,4.0000,96.0000,AG03-UNRESOLVED,ALL5_LEVELS_bet23_to_bet27,19.3408,19.3408,19.3408,24.1760,24.1760,4.000000,4.000000,4.000000,5.000000,5.000000,96.000000,96.000000,96.000000,95.000000,95.000000,5.0,106.3742,97.4416,377.1451,386.0777,PENDING_AG03,FALSE,NOT_FOR_ENFORCEMENT,464.1785,70789.7852,483.5193,464.1785,19.3408,0.00593162,0.00569435,19.3408,464.1785,0.00569435,19.3408,19.3408,19.3408,24.1760,24.1760,464.1785,0.00569435,106.3742,97.4416,377.1451,386.0777,0.00462666,0.00473624,0.00023726,7.1750,6.4906,0.0426,4.2045,0.0806,708.8314,98.7913,8.8300,6.6350,4.0407,4.4018,8.4329,14.3073,20.7715,40.8781,4.2012,0.0,4.718859,9.286678,1.630025,30,242,81,2,0.30276321,0.00593162,-0.00694385,0E-8,0.000000,0.904604,0.002289,0.01846642,2026-03-22,2026-08-06,115,6001,2406,138,0.833333,1.330819,1.230659,1.009211,,,,,,,,GLOBAL_BASELINE_NO_ENTITY_RANKING,,,NOT_APPLICABLE_GLOBAL_BASELINE,HF9g-P5,,,,X 全窗基线 · 不参与实体赏罚,8399390,840,A168_HF9F_20260827_0900,2026-08-27 09:00:00
2026-03-30,36810153,1994,0,15.4062857645,6.2725592042,6.2725592042,0.6666667,3,3,0.49771390000000000,0.497713900000,0.5852756695216578,0.5852756695216578,0.5852756695216578,0E-17,ELIGIBLE,R03b_20260811_FULL_v1,L1_ELIGIBILITY,v2026-08-11,2026-03-21..2026-08-06,baccarat_bet02_101_all_pairs_incl_sentinel,round_win = game_pnl > 0 (decisive only),COMPATIBILITY_ONLY_NOT_PRODUCTION,81515.6139,73739.3596,483.5193,11361,11361,-0.00593162,0.00694385,-0.01152257,-0.00593162,-483.5193,81515.6139,OK,0.0000,19.3408,4.0000,96.0000,AG03-UNRESOLVED,ALL5_LEVELS_bet23_to_bet27,19.3408,19.3408,19.3408,24.1760,24.1760,4.000000,4.000000,4.000000,5.000000,5.000000,96.000000,96.000000,96.000000,95.000000,95.000000,5.0,106.3742,97.4416,377.1451,386.0777,PENDING_AG03,FALSE,NOT_FOR_ENFORCEMENT,464.1785,70789.7852,483.5193,464.1785,19.3408,0.00593162,0.00569435,19.3408,464.1785,0.00569435,19.3408,19.3408,19.3408,24.1760,24.1760,464.1785,0.00569435,106.3742,97.4416,377.1451,386.0777,0.00462666,0.00473624,0.00023726,7.1750,6.4906,0.0426,4.2045,0.0806,708.8314,98.7913,8.8300,6.6350,4.0407,4.4018,8.4329,14.3073,20.7715,40.8781,4.2012,0.0,4.718859,9.286678,1.630025,30,242,81,2,0.30276321,0.00593162,-0.00694385,0E-8,0.000000,0.904604,0.002289,0.01846642,2026-03-22,2026-08-06,115,6001,2406,138,0.833333,1.330819,1.230659,1.009211,,,,,,,,GLOBAL_BASELINE_NO_ENTITY_RANKING,,,NOT_APPLICABLE_GLOBAL_BASELINE,HF9g-P5,,,,X 全窗基线 · 不参与实体赏罚,8399391,840,A168_HF9F_20260827_0900,2026-08-27 09:00:00
2026-03-30,36810153,2088,0,11.2245796285,1.9808081697,1.9808081697,0.5000000,2,2,0.49324550000000000,0.493245500000,0.01910635448239258,0.01910635448239258,0.01910635448239258,0E-17,ELIGIBLE,R03b_20260811_FULL_v1,L1_ELIGIBILITY,v2026-08-11,2026-03-21..2026-08-06,baccarat_bet02_101_all_pairs_incl_sentinel,round_win = game_pnl > 0 (decisive only),COMPATIBILITY_ONLY_NOT_PRODUCTION,81515.6139,73739.3596,483.5193,11361,11361,-0.00593162,0.00694385,-0.01152257,-0.00593162,-483.5193,81515.6139,OK,0.0000,19.3408,4.0000,96.0000,AG03-UNRESOLVED,ALL5_LEVELS_bet23_to_bet27,19.3408,19.3408,19.3408,24.1760,24.1760,4.000000,4.000000,4.000000,5.000000,5.000000,96.000000,96.000000,96.000000,95.000000,95.000000,5.0,106.3742,97.4416,377.1451,386.0777,PENDING_AG03,FALSE,NOT_FOR_ENFORCEMENT,464.1785,70789.7852,483.5193,464.1785,19.3408,0.00593162,0.00569435,19.3408,464.1785,0.00569435,19.3408,19.3408,19.3408,24.1760,24.1760,464.1785,0.00569435,106.3742,97.4416,377.1451,386.0777,0.00462666,0.00473624,0.00023726,7.1750,6.4906,0.0426,4.2045,0.0806,708.8314,98.7913,8.8300,6.6350,4.0407,4.4018,8.4329,14.3073,20.7715,40.8781,4.2012,0.0,4.718859,9.286678,1.630025,30,242,81,2,0.30276321,0.00593162,-0.00694385,0E-8,0.000000,0.904604,0.002289,0.01846642,2026-03-22,2026-08-06,115,6001,2406,138,0.833333,1.330819,1.230659,1.009211,,,,,,,,GLOBAL_BASELINE_NO_ENTITY_RANKING,,,NOT_APPLICABLE_GLOBAL_BASELINE,HF9g-P5,,,,X 全窗基线 · 不参与实体赏罚,8399392,840,A168_HF9F_20260827_0900,2026-08-27 09:00:00
2026-03-30,36810153,2103,0,28.1714939695,-14.9661061713,-14.9661061713,0.5000000,2,2,0.49994810000000000,0.499948100000,0.00014679536856514622,0.00014679536856514622,0.00014679536856514622,0E-17,ELIGIBLE,R03b_20260811_FULL_v1,L1_ELIGIBILITY,v2026-08-11,2026-03-21..2026-08-06,baccarat_bet02_101_all_pairs_incl_sentinel,round_win = game_pnl > 0 (decisive only),COMPATIBILITY_ONLY_NOT_PRODUCTION,81515.6139,73739.3596,483.5193,11361,11361,-0.00593162,0.00694385,-0.01152257,-0.00593162,-483.5193,81515.6139,OK,0.0000,19.3408,4.0000,96.0000,AG03-UNRESOLVED,ALL5_LEVELS_bet23_to_bet27,19.3408,19.3408,19.3408,24.1760,24.1760,4.000000,4.000000,4.000000,5.000000,5.000000,96.000000,96.000000,96.000000,95.000000,95.000000,5.0,106.3742,97.4416,377.1451,386.0777,PENDING_AG03,FALSE,NOT_FOR_ENFORCEMENT,464.1785,70789.7852,483.5193,464.1785,19.3408,0.00593162,0.00569435,19.3408,464.1785,0.00569435,19.3408,19.3408,19.3408,24.1760,24.1760,464.1785,0.00569435,106.3742,97.4416,377.1451,386.0777,0.00462666,0.00473624,0.00023726,7.1750,6.4906,0.0426,4.2045,0.0806,708.8314,98.7913,8.8300,6.6350,4.0407,4.4018,8.4329,14.3073,20.7715,40.8781,4.2012,0.0,4.718859,9.286678,1.630025,30,242,81,2,0.30276321,0.00593162,-0.00694385,0E-8,0.000000,0.904604,0.002289,0.01846642,2026-03-22,2026-08-06,115,6001,2406,138,0.833333,1.330819,1.230659,1.009211,,,,,,,,GLOBAL_BASELINE_NO_ENTITY_RANKING,,,NOT_APPLICABLE_GLOBAL_BASELINE,HF9g-P5,,,,X 全窗基线 · 不参与实体赏罚,8399393,840,A168_HF9F_20260827_0900,2026-08-27 09:00:00
2026-03-30,36810153,2108,0,8.8035918654,0E-10,0E-10,0.5000000,2,2,0.49994810000000000,0.499948100000,0.00014679536856514622,0.00014679536856514622,0.00014679536856514622,0E-17,ELIGIBLE,R03b_20260811_FULL_v1,L1_ELIGIBILITY,v2026-08-11,2026-03-21..2026-08-06,baccarat_bet02_101_all_pairs_incl_sentinel,round_win = game_pnl > 0 (decisive only),COMPATIBILITY_ONLY_NOT_PRODUCTION,81515.6139,73739.3596,483.5193,11361,11361,-0.00593162,0.00694385,-0.01152257,-0.00593162,-483.5193,81515.6139,OK,0.0000,19.3408,4.0000,96.0000,AG03-UNRESOLVED,ALL5_LEVELS_bet23_to_bet27,19.3408,19.3408,19.3408,24.1760,24.1760,4.000000,4.000000,4.000000,5.000000,5.000000,96.000000,96.000000,96.000000,95.000000,95.000000,5.0,106.3742,97.4416,377.1451,386.0777,PENDING_AG03,FALSE,NOT_FOR_ENFORCEMENT,464.1785,70789.7852,483.5193,464.1785,19.3408,0.00593162,0.00569435,19.3408,464.1785,0.00569435,19.3408,19.3408,19.3408,24.1760,24.1760,464.1785,0.00569435,106.3742,97.4416,377.1451,386.0777,0.00462666,0.00473624,0.00023726,7.1750,6.4906,0.0426,4.2045,0.0806,708.8314,98.7913,8.8300,6.6350,4.0407,4.4018,8.4329,14.3073,20.7715,40.8781,4.2012,0.0,4.718859,9.286678,1.630025,30,242,81,2,0.30276321,0.00593162,-0.00694385,0E-8,0.000000,0.904604,0.002289,0.01846642,2026-03-22,2026-08-06,115,6001,2406,138,0.833333,1.330819,1.230659,1.009211,,,,,,,,GLOBAL_BASELINE_NO_ENTITY_RANKING,,,NOT_APPLICABLE_GLOBAL_BASELINE,HF9g-P5,,,,X 全窗基线 · 不参与实体赏罚,8399394,840,A168_HF9F_20260827_0900,2026-08-27 09:00:00
2026-03-30,36810153,2115,0,8.8035918655,-8.8035918655,-8.8035918655,0E-7,1,1,0.50665070000000000,0.506650700000,-1.013391052207602,-1.013391052207602,-1.013391052207602,0E-17,ELIGIBLE,R03b_20260811_FULL_v1,L1_ELIGIBILITY,v2026-08-11,2026-03-21..2026-08-06,baccarat_bet02_101_all_pairs_incl_sentinel,round_win = game_pnl > 0 (decisive only),COMPATIBILITY_ONLY_NOT_PRODUCTION,81515.6139,73739.3596,483.5193,11361,11361,-0.00593162,0.00694385,-0.01152257,-0.00593162,-483.5193,81515.6139,OK,0.0000,19.3408,4.0000,96.0000,AG03-UNRESOLVED,ALL5_LEVELS_bet23_to_bet27,19.3408,19.3408,19.3408,24.1760,24.1760,4.000000,4.000000,4.000000,5.000000,5.000000,96.000000,96.000000,96.000000,95.000000,95.000000,5.0,106.3742,97.4416,377.1451,386.0777,PENDING_AG03,FALSE,NOT_FOR_ENFORCEMENT,464.1785,70789.7852,483.5193,464.1785,19.3408,0.00593162,0.00569435,19.3408,464.1785,0.00569435,19.3408,19.3408,19.3408,24.1760,24.1760,464.1785,0.00569435,106.3742,97.4416,377.1451,386.0777,0.00462666,0.00473624,0.00023726,7.1750,6.4906,0.0426,4.2045,0.0806,708.8314,98.7913,8.8300,6.6350,4.0407,4.4018,8.4329,14.3073,20.7715,40.8781,4.2012,0.0,4.718859,9.286678,1.630025,30,242,81,2,0.30276321,0.00593162,-0.00694385,0E-8,0.000000,0.904604,0.002289,0.01846642,2026-03-22,2026-08-06,115,6001,2406,138,0.833333,1.330819,1.230659,1.009211,,,,,,,,GLOBAL_BASELINE_NO_ENTITY_RANKING,,,NOT_APPLICABLE_GLOBAL_BASELINE,HF9g-P5,,,,X 全窗基线 · 不参与实体赏罚,8399395,840,A168_HF9F_20260827_0900,2026-08-27 09:00:00
2026-03-30,36810153,2130,0,0.8803591865,-0.8803591865,-0.8803591865,0E-7,1,1,0.50665070000000000,0.506650700000,-1.013391052207602,-1.013391052207602,-1.013391052207602,0E-17,ELIGIBLE,R03b_20260811_FULL_v1,L1_ELIGIBILITY,v2026-08-11,2026-03-21..2026-08-06,baccarat_bet02_101_all_pairs_incl_sentinel,round_win = game_pnl > 0 (decisive only),COMPATIBILITY_ONLY_NOT_PRODUCTION,81515.6139,73739.3596,483.5193,11361,11361,-0.00593162,0.00694385,-0.01152257,-0.00593162,-483.5193,81515.6139,OK,0.0000,19.3408,4.0000,96.0000,AG03-UNRESOLVED,ALL5_LEVELS_bet23_to_bet27,19.3408,19.3408,19.3408,24.1760,24.1760,4.000000,4.000000,4.000000,5.000000,5.000000,96.000000,96.000000,96.000000,95.000000,95.000000,5.0,106.3742,97.4416,377.1451,386.0777,PENDING_AG03,FALSE,NOT_FOR_ENFORCEMENT,464.1785,70789.7852,483.5193,464.1785,19.3408,0.00593162,0.00569435,19.3408,464.1785,0.00569435,19.3408,19.3408,19.3408,24.1760,24.1760,464.1785,0.00569435,106.3742,97.4416,377.1451,386.0777,0.00462666,0.00473624,0.00023726,7.1750,6.4906,0.0426,4.2045,0.0806,708.8314,98.7913,8.8300,6.6350,4.0407,4.4018,8.4329,14.3073,20.7715,40.8781,4.2012,0.0,4.718859,9.286678,1.630025,30,242,81,2,0.30276321,0.00593162,-0.00694385,0E-8,0.000000,0.904604,0.002289,0.01846642,2026-03-22,2026-08-06,115,6001,2406,138,0.833333,1.330819,1.230659,1.009211,,,,,,,,GLOBAL_BASELINE_NO_ENTITY_RANKING,,,NOT_APPLICABLE_GLOBAL_BASELINE,HF9g-P5,,,,X 全窗基线 · 不参与实体赏罚,8399396,840,A168_HF9F_20260827_0900,2026-08-27 09:00:00
2026-03-30,36810153,2134,0,32.5732899023,14.9661061713,14.9661061713,0.5000000,2,2,0.49324550000000000,0.493245500000,0.01910635448239258,0.01910635448239258,0.01910635448239258,0E-17,ELIGIBLE,R03b_20260811_FULL_v1,L1_ELIGIBILITY,v2026-08-11,2026-03-21..2026-08-06,baccarat_bet02_101_all_pairs_incl_sentinel,round_win = game_pnl > 0 (decisive only),COMPATIBILITY_ONLY_NOT_PRODUCTION,81515.6139,73739.3596,483.5193,11361,11361,-0.00593162,0.00694385,-0.01152257,-0.00593162,-483.5193,81515.6139,OK,0.0000,19.3408,4.0000,96.0000,AG03-UNRESOLVED,ALL5_LEVELS_bet23_to_bet27,19.3408,19.3408,19.3408,24.1760,24.1760,4.000000,4.000000,4.000000,5.000000,5.000000,96.000000,96.000000,96.000000,95.000000,95.000000,5.0,106.3742,97.4416,377.1451,386.0777,PENDING_AG03,FALSE,NOT_FOR_ENFORCEMENT,464.1785,70789.7852,483.5193,464.1785,19.3408,0.00593162,0.00569435,19.3408,464.1785,0.00569435,19.3408,19.3408,19.3408,24.1760,24.1760,464.1785,0.00569435,106.3742,97.4416,377.1451,386.0777,0.00462666,0.00473624,0.00023726,7.1750,6.4906,0.0426,4.2045,0.0806,708.8314,98.7913,8.8300,6.6350,4.0407,4.4018,8.4329,14.3073,20.7715,40.8781,4.2012,0.0,4.718859,9.286678,1.630025,30,242,81,2,0.30276321,0.00593162,-0.00694385,0E-8,0.000000,0.904604,0.002289,0.01846642,2026-03-22,2026-08-06,115,6001,2406,138,0.833333,1.330819,1.230659,1.009211,,,,,,,,GLOBAL_BASELINE_NO_ENTITY_RANKING,,,NOT_APPLICABLE_GLOBAL_BASELINE,HF9g-P5,,,,X 全窗基线 · 不参与实体赏罚,8399397,840,A168_HF9F_20260827_0900,2026-08-27 09:00:00
2026-03-30,36810153,2153,0,4.4017959327,0E-10,0E-10,,1,1,0.50665070000000000,0.506650700000,,,,0E-17,NO_DECISIVE_ROUND,R03b_20260811_FULL_v1,L1_ELIGIBILITY,v2026-08-11,2026-03-21..2026-08-06,baccarat_bet02_101_all_pairs_incl_sentinel,round_win = game_pnl > 0 (decisive only),COMPATIBILITY_ONLY_NOT_PRODUCTION,81515.6139,73739.3596,483.5193,11361,11361,-0.00593162,0.00694385,-0.01152257,-0.00593162,-483.5193,81515.6139,OK,0.0000,19.3408,4.0000,96.0000,AG03-UNRESOLVED,ALL5_LEVELS_bet23_to_bet27,19.3408,19.3408,19.3408,24.1760,24.1760,4.000000,4.000000,4.000000,5.000000,5.000000,96.000000,96.000000,96.000000,95.000000,95.000000,5.0,106.3742,97.4416,377.1451,386.0777,PENDING_AG03,FALSE,NOT_FOR_ENFORCEMENT,464.1785,70789.7852,483.5193,464.1785,19.3408,0.00593162,0.00569435,19.3408,464.1785,0.00569435,19.3408,19.3408,19.3408,24.1760,24.1760,464.1785,0.00569435,106.3742,97.4416,377.1451,386.0777,0.00462666,0.00473624,0.00023726,7.1750,6.4906,0.0426,4.2045,0.0806,708.8314,98.7913,8.8300,6.6350,4.0407,4.4018,8.4329,14.3073,20.7715,40.8781,4.2012,0.0,4.718859,9.286678,1.630025,30,242,81,2,0.30276321,0.00593162,-0.00694385,0E-8,0.000000,0.904604,0.002289,0.01846642,2026-03-22,2026-08-06,115,6001,2406,138,0.833333,1.330819,1.230659,1.009211,,,,,,,,GLOBAL_BASELINE_NO_ENTITY_RANKING,,,NOT_APPLICABLE_GLOBAL_BASELINE,HF9g-P5,,,,X 全窗基线 · 不参与实体赏罚,8399398,840,A168_HF9F_20260827_0900,2026-08-27 09:00:00
2026-03-30,36810153,2155,0,8.8035918654,4.4017959327,4.4017959327,1.0000000,2,2,0.49994810000000000,0.499948100000,1.0001038053877793,1.0001038053877793,1.0001038053877793,0E-17,ELIGIBLE,R03b_20260811_FULL_v1,L1_ELIGIBILITY,v2026-08-11,2026-03-21..2026-08-06,baccarat_bet02_101_all_pairs_incl_sentinel,round_win = game_pnl > 0 (decisive only),COMPATIBILITY_ONLY_NOT_PRODUCTION,81515.6139,73739.3596,483.5193,11361,11361,-0.00593162,0.00694385,-0.01152257,-0.00593162,-483.5193,81515.6139,OK,0.0000,19.3408,4.0000,96.0000,AG03-UNRESOLVED,ALL5_LEVELS_bet23_to_bet27,19.3408,19.3408,19.3408,24.1760,24.1760,4.000000,4.000000,4.000000,5.000000,5.000000,96.000000,96.000000,96.000000,95.000000,95.000000,5.0,106.3742,97.4416,377.1451,386.0777,PENDING_AG03,FALSE,NOT_FOR_ENFORCEMENT,464.1785,70789.7852,483.5193,464.1785,19.3408,0.00593162,0.00569435,19.3408,464.1785,0.00569435,19.3408,19.3408,19.3408,24.1760,24.1760,464.1785,0.00569435,106.3742,97.4416,377.1451,386.0777,0.00462666,0.00473624,0.00023726,7.1750,6.4906,0.0426,4.2045,0.0806,708.8314,98.7913,8.8300,6.6350,4.0407,4.4018,8.4329,14.3073,20.7715,40.8781,4.2012,0.0,4.718859,9.286678,1.630025,30,242,81,2,0.30276321,0.00593162,-0.00694385,0E-8,0.000000,0.904604,0.002289,0.01846642,2026-03-22,2026-08-06,115,6001,2406,138,0.833333,1.330819,1.230659,1.009211,,,,,,,,GLOBAL_BASELINE_NO_ENTITY_RANKING,,,NOT_APPLICABLE_GLOBAL_BASELINE,HF9g-P5,,,,X 全窗基线 · 不参与实体赏罚,8399399,840,A168_HF9F_20260827_0900,2026-08-27 09:00:00
2026-03-30,36810153,2156,0,13.2053877982,4.4017959328,4.4017959328,0.5000000,2,2,0.49324550000000000,0.493245500000,0.01910635448239258,0.01910635448239258,0.01910635448239258,0E-17,ELIGIBLE,R03b_20260811_FULL_v1,L1_ELIGIBILITY,v2026-08-11,2026-03-21..2026-08-06,baccarat_bet02_101_all_pairs_incl_sentinel,round_win = game_pnl > 0 (decisive only),COMPATIBILITY_ONLY_NOT_PRODUCTION,81515.6139,73739.3596,483.5193,11361,11361,-0.00593162,0.00694385,-0.01152257,-0.00593162,-483.5193,81515.6139,OK,0.0000,19.3408,4.0000,96.0000,AG03-UNRESOLVED,ALL5_LEVELS_bet23_to_bet27,19.3408,19.3408,19.3408,24.1760,24.1760,4.000000,4.000000,4.000000,5.000000,5.000000,96.000000,96.000000,96.000000,95.000000,95.000000,5.0,106.3742,97.4416,377.1451,386.0777,PENDING_AG03,FALSE,NOT_FOR_ENFORCEMENT,464.1785,70789.7852,483.5193,464.1785,19.3408,0.00593162,0.00569435,19.3408,464.1785,0.00569435,19.3408,19.3408,19.3408,24.1760,24.1760,464.1785,0.00569435,106.3742,97.4416,377.1451,386.0777,0.00462666,0.00473624,0.00023726,7.1750,6.4906,0.0426,4.2045,0.0806,708.8314,98.7913,8.8300,6.6350,4.0407,4.4018,8.4329,14.3073,20.7715,40.8781,4.2012,0.0,4.718859,9.286678,1.630025,30,242,81,2,0.30276321,0.00593162,-0.00694385,0E-8,0.000000,0.904604,0.002289,0.01846642,2026-03-22,2026-08-06,115,6001,2406,138,0.833333,1.330819,1.230659,1.009211,,,,,,,,GLOBAL_BASELINE_NO_ENTITY_RANKING,,,NOT_APPLICABLE_GLOBAL_BASELINE,HF9g-P5,,,,X 全窗基线 · 不参与实体赏罚,8399400,840,A168_HF9F_20260827_0900,2026-08-27 09:00:00
2026-03-30,36810153,2167,0,19.8080816973,10.2341755437,10.2341755437,0.6666667,3,3,0.50665070000000000,0.506650700000,0.5543606114942035,0.5543606114942035,0.5543606114942035,0E-17,ELIGIBLE,R03b_20260811_FULL_v1,L1_ELIGIBILITY,v2026-08-11,2026-03-21..2026-08-06,baccarat_bet02_101_all_pairs_incl_sentinel,round_win = game_pnl > 0 (decisive only),COMPATIBILITY_ONLY_NOT_PRODUCTION,81515.6139,73739.3596,483.5193,11361,11361,-0.00593162,0.00694385,-0.01152257,-0.00593162,-483.5193,81515.6139,OK,0.0000,19.3408,4.0000,96.0000,AG03-UNRESOLVED,ALL5_LEVELS_bet23_to_bet27,19.3408,19.3408,19.3408,24.1760,24.1760,4.000000,4.000000,4.000000,5.000000,5.000000,96.000000,96.000000,96.000000,95.000000,95.000000,5.0,106.3742,97.4416,377.1451,386.0777,PENDING_AG03,FALSE,NOT_FOR_ENFORCEMENT,464.1785,70789.7852,483.5193,464.1785,19.3408,0.00593162,0.00569435,19.3408,464.1785,0.00569435,19.3408,19.3408,19.3408,24.1760,24.1760,464.1785,0.00569435,106.3742,97.4416,377.1451,386.0777,0.00462666,0.00473624,0.00023726,7.1750,6.4906,0.0426,4.2045,0.0806,708.8314,98.7913,8.8300,6.6350,4.0407,4.4018,8.4329,14.3073,20.7715,40.8781,4.2012,0.0,4.718859,9.286678,1.630025,30,242,81,2,0.30276321,0.00593162,-0.00694385,0E-8,0.000000,0.904604,0.002289,0.01846642,2026-03-22,2026-08-06,115,6001,2406,138,0.833333,1.330819,1.230659,1.009211,,,,,,,,GLOBAL_BASELINE_NO_ENTITY_RANKING,,,NOT_APPLICABLE_GLOBAL_BASELINE,HF9g-P5,,,,X 全窗基线 · 不参与实体赏罚,8399401,840,A168_HF9F_20260827_0900,2026-08-27 09:00:00
2026-03-30,36810153,2169,0,17.6071837310,0E-10,0E-10,,1,1,0.49324550000000000,0.493245500000,,,,0E-17,NO_DECISIVE_ROUND,R03b_20260811_FULL_v1,L1_ELIGIBILITY,v2026-08-11,2026-03-21..2026-08-06,baccarat_bet02_101_all_pairs_incl_sentinel,round_win = game_pnl > 0 (decisive only),COMPATIBILITY_ONLY_NOT_PRODUCTION,81515.6139,73739.3596,483.5193,11361,11361,-0.00593162,0.00694385,-0.01152257,-0.00593162,-483.5193,81515.6139,OK,0.0000,19.3408,4.0000,96.0000,AG03-UNRESOLVED,ALL5_LEVELS_bet23_to_bet27,19.3408,19.3408,19.3408,24.1760,24.1760,4.000000,4.000000,4.000000,5.000000,5.000000,96.000000,96.000000,96.000000,95.000000,95.000000,5.0,106.3742,97.4416,377.1451,386.0777,PENDING_AG03,FALSE,NOT_FOR_ENFORCEMENT,464.1785,70789.7852,483.5193,464.1785,19.3408,0.00593162,0.00569435,19.3408,464.1785,0.00569435,19.3408,19.3408,19.3408,24.1760,24.1760,464.1785,0.00569435,106.3742,97.4416,377.1451,386.0777,0.00462666,0.00473624,0.00023726,7.1750,6.4906,0.0426,4.2045,0.0806,708.8314,98.7913,8.8300,6.6350,4.0407,4.4018,8.4329,14.3073,20.7715,40.8781,4.2012,0.0,4.718859,9.286678,1.630025,30,242,81,2,0.30276321,0.00593162,-0.00694385,0E-8,0.000000,0.904604,0.002289,0.01846642,2026-03-22,2026-08-06,115,6001,2406,138,0.833333,1.330819,1.230659,1.009211,,,,,,,,GLOBAL_BASELINE_NO_ENTITY_RANKING,,,NOT_APPLICABLE_GLOBAL_BASELINE,HF9g-P5,,,,X 全窗基线 · 不参与实体赏罚,8399402,840,A168_HF9F_20260827_0900,2026-08-27 09:00:00
2026-03-30,36810153,2170,0,22.0089796637,-22.0089796637,-22.0089796637,0E-7,2,2,0.49994810000000000,0.499948100000,-1.4140667746232096,-1.4140667746232096,-1.4140667746232096,0E-17,ELIGIBLE,R03b_20260811_FULL_v1,L1_ELIGIBILITY,v2026-08-11,2026-03-21..2026-08-06,baccarat_bet02_101_all_pairs_incl_sentinel,round_win = game_pnl > 0 (decisive only),COMPATIBILITY_ONLY_NOT_PRODUCTION,81515.6139,73739.3596,483.5193,11361,11361,-0.00593162,0.00694385,-0.01152257,-0.00593162,-483.5193,81515.6139,OK,0.0000,19.3408,4.0000,96.0000,AG03-UNRESOLVED,ALL5_LEVELS_bet23_to_bet27,19.3408,19.3408,19.3408,24.1760,24.1760,4.000000,4.000000,4.000000,5.000000,5.000000,96.000000,96.000000,96.000000,95.000000,95.000000,5.0,106.3742,97.4416,377.1451,386.0777,PENDING_AG03,FALSE,NOT_FOR_ENFORCEMENT,464.1785,70789.7852,483.5193,464.1785,19.3408,0.00593162,0.00569435,19.3408,464.1785,0.00569435,19.3408,19.3408,19.3408,24.1760,24.1760,464.1785,0.00569435,106.3742,97.4416,377.1451,386.0777,0.00462666,0.00473624,0.00023726,7.1750,6.4906,0.0426,4.2045,0.0806,708.8314,98.7913,8.8300,6.6350,4.0407,4.4018,8.4329,14.3073,20.7715,40.8781,4.2012,0.0,4.718859,9.286678,1.630025,30,242,81,2,0.30276321,0.00593162,-0.00694385,0E-8,0.000000,0.904604,0.002289,0.01846642,2026-03-22,2026-08-06,115,6001,2406,138,0.833333,1.330819,1.230659,1.009211,,,,,,,,GLOBAL_BASELINE_NO_ENTITY_RANKING,,,NOT_APPLICABLE_GLOBAL_BASELINE,HF9g-P5,,,,X 全窗基线 · 不参与实体赏罚,8399403,840,A168_HF9F_20260827_0900,2026-08-27 09:00:00
2026-03-30,36810153,2202,0,35.2143674618,-6.6026938990,-6.6026938990,0.3333333,4,4,0.50329940000000000,0.503299400000,-0.5887925454369916,-0.5887925454369916,-0.5887925454369916,0E-17,ELIGIBLE,R03b_20260811_FULL_v1,L1_ELIGIBILITY,v2026-08-11,2026-03-21..2026-08-06,baccarat_bet02_101_all_pairs_incl_sentinel,round_win = game_pnl > 0 (decisive only),COMPATIBILITY_ONLY_NOT_PRODUCTION,81515.6139,73739.3596,483.5193,11361,11361,-0.00593162,0.00694385,-0.01152257,-0.00593162,-483.5193,81515.6139,OK,0.0000,19.3408,4.0000,96.0000,AG03-UNRESOLVED,ALL5_LEVELS_bet23_to_bet27,19.3408,19.3408,19.3408,24.1760,24.1760,4.000000,4.000000,4.000000,5.000000,5.000000,96.000000,96.000000,96.000000,95.000000,95.000000,5.0,106.3742,97.4416,377.1451,386.0777,PENDING_AG03,FALSE,NOT_FOR_ENFORCEMENT,464.1785,70789.7852,483.5193,464.1785,19.3408,0.00593162,0.00569435,19.3408,464.1785,0.00569435,19.3408,19.3408,19.3408,24.1760,24.1760,464.1785,0.00569435,106.3742,97.4416,377.1451,386.0777,0.00462666,0.00473624,0.00023726,7.1750,6.4906,0.0426,4.2045,0.0806,708.8314,98.7913,8.8300,6.6350,4.0407,4.4018,8.4329,14.3073,20.7715,40.8781,4.2012,0.0,4.718859,9.286678,1.630025,30,242,81,2,0.30276321,0.00593162,-0.00694385,0E-8,0.000000,0.904604,0.002289,0.01846642,2026-03-22,2026-08-06,115,6001,2406,138,0.833333,1.330819,1.230659,1.009211,,,,,,,,GLOBAL_BASELINE_NO_ENTITY_RANKING,,,NOT_APPLICABLE_GLOBAL_BASELINE,HF9g-P5,,,,X 全窗基线 · 不参与实体赏罚,8399404,840,A168_HF9F_20260827_0900,2026-08-27 09:00:00
2026-03-30,36810153,2205,0,12.1049388151,11.4996918743,11.4996918743,1.0000000,2,2,0.50665070000000000,0.506650700000,1.3955260008387969,1.3955260008387969,1.3955260008387969,0E-17,ELIGIBLE,R03b_20260811_FULL_v1,L1_ELIGIBILITY,v2026-08-11,2026-03-21..2026-08-06,baccarat_bet02_101_all_pairs_incl_sentinel,round_win = game_pnl > 0 (decisive only),COMPATIBILITY_ONLY_NOT_PRODUCTION,81515.6139,73739.3596,483.5193,11361,11361,-0.00593162,0.00694385,-0.01152257,-0.00593162,-483.5193,81515.6139,OK,0.0000,19.3408,4.0000,96.0000,AG03-UNRESOLVED,ALL5_LEVELS_bet23_to_bet27,19.3408,19.3408,19.3408,24.1760,24.1760,4.000000,4.000000,4.000000,5.000000,5.000000,96.000000,96.000000,96.000000,95.000000,95.000000,5.0,106.3742,97.4416,377.1451,386.0777,PENDING_AG03,FALSE,NOT_FOR_ENFORCEMENT,464.1785,70789.7852,483.5193,464.1785,19.3408,0.00593162,0.00569435,19.3408,464.1785,0.00569435,19.3408,19.3408,19.3408,24.1760,24.1760,464.1785,0.00569435,106.3742,97.4416,377.1451,386.0777,0.00462666,0.00473624,0.00023726,7.1750,6.4906,0.0426,4.2045,0.0806,708.8314,98.7913,8.8300,6.6350,4.0407,4.4018,8.4329,14.3073,20.7715,40.8781,4.2012,0.0,4.718859,9.286678,1.630025,30,242,81,2,0.30276321,0.00593162,-0.00694385,0E-8,0.000000,0.904604,0.002289,0.01846642,2026-03-22,2026-08-06,115,6001,2406,138,0.833333,1.330819,1.230659,1.009211,,,,,,,,GLOBAL_BASELINE_NO_ENTITY_RANKING,,,NOT_APPLICABLE_GLOBAL_BASELINE,HF9g-P5,,,,X 全窗基线 · 不参与实体赏罚,8399405,840,A168_HF9F_20260827_0900,2026-08-27 09:00:00
2026-03-30,36810153,2220,0,10.1241306453,-1.3205387799,-1.3205387799,0.5000000,2,2,0.49324550000000000,0.493245500000,0.01910635448239258,0.01910635448239258,0.01910635448239258,0E-17,ELIGIBLE,R03b_20260811_FULL_v1,L1_ELIGIBILITY,v2026-08-11,2026-03-21..2026-08-06,baccarat_bet02_101_all_pairs_incl_sentinel,round_win = game_pnl > 0 (decisive only),COMPATIBILITY_ONLY_NOT_PRODUCTION,81515.6139,73739.3596,483.5193,11361,11361,-0.00593162,0.00694385,-0.01152257,-0.00593162,-483.5193,81515.6139,OK,0.0000,19.3408,4.0000,96.0000,AG03-UNRESOLVED,ALL5_LEVELS_bet23_to_bet27,19.3408,19.3408,19.3408,24.1760,24.1760,4.000000,4.000000,4.000000,5.000000,5.000000,96.000000,96.000000,96.000000,95.000000,95.000000,5.0,106.3742,97.4416,377.1451,386.0777,PENDING_AG03,FALSE,NOT_FOR_ENFORCEMENT,464.1785,70789.7852,483.5193,464.1785,19.3408,0.00593162,0.00569435,19.3408,464.1785,0.00569435,19.3408,19.3408,19.3408,24.1760,24.1760,464.1785,0.00569435,106.3742,97.4416,377.1451,386.0777,0.00462666,0.00473624,0.00023726,7.1750,6.4906,0.0426,4.2045,0.0806,708.8314,98.7913,8.8300,6.6350,4.0407,4.4018,8.4329,14.3073,20.7715,40.8781,4.2012,0.0,4.718859,9.286678,1.630025,30,242,81,2,0.30276321,0.00593162,-0.00694385,0E-8,0.000000,0.904604,0.002289,0.01846642,2026-03-22,2026-08-06,115,6001,2406,138,0.833333,1.330819,1.230659,1.009211,,,,,,,,GLOBAL_BASELINE_NO_ENTITY_RANKING,,,NOT_APPLICABLE_GLOBAL_BASELINE,HF9g-P5,,,,X 全窗基线 · 不参与实体赏罚,8399406,840,A168_HF9F_20260827_0900,2026-08-27 09:00:00
2026-03-30,36810153,2224,0,19.8080816973,-19.8080816973,-19.8080816973,0E-7,3,3,0.49771390000000000,0.497713900000,-1.724149546644903,-1.724149546644903,-1.724149546644903,0E-17,ELIGIBLE,R03b_20260811_FULL_v1,L1_ELIGIBILITY,v2026-08-11,2026-03-21..2026-08-06,baccarat_bet02_101_all_pairs_incl_sentinel,round_win = game_pnl > 0 (decisive only),COMPATIBILITY_ONLY_NOT_PRODUCTION,81515.6139,73739.3596,483.5193,11361,11361,-0.00593162,0.00694385,-0.01152257,-0.00593162,-483.5193,81515.6139,OK,0.0000,19.3408,4.0000,96.0000,AG03-UNRESOLVED,ALL5_LEVELS_bet23_to_bet27,19.3408,19.3408,19.3408,24.1760,24.1760,4.000000,4.000000,4.000000,5.000000,5.000000,96.000000,96.000000,96.000000,95.000000,95.000000,5.0,106.3742,97.4416,377.1451,386.0777,PENDING_AG03,FALSE,NOT_FOR_ENFORCEMENT,464.1785,70789.7852,483.5193,464.1785,19.3408,0.00593162,0.00569435,19.3408,464.1785,0.00569435,19.3408,19.3408,19.3408,24.1760,24.1760,464.1785,0.00569435,106.3742,97.4416,377.1451,386.0777,0.00462666,0.00473624,0.00023726,7.1750,6.4906,0.0426,4.2045,0.0806,708.8314,98.7913,8.8300,6.6350,4.0407,4.4018,8.4329,14.3073,20.7715,40.8781,4.2012,0.0,4.718859,9.286678,1.630025,30,242,81,2,0.30276321,0.00593162,-0.00694385,0E-8,0.000000,0.904604,0.002289,0.01846642,2026-03-22,2026-08-06,115,6001,2406,138,0.833333,1.330819,1.230659,1.009211,,,,,,,,GLOBAL_BASELINE_NO_ENTITY_RANKING,,,NOT_APPLICABLE_GLOBAL_BASELINE,HF9g-P5,,,,X 全窗基线 · 不参与实体赏罚,8399407,840,A168_HF9F_20260827_0900,2026-08-27 09:00:00
2026-03-30,36810153,2239,0,8.8035918655,-8.8035918655,-8.8035918655,0E-7,1,1,0.50665070000000000,0.506650700000,-1.013391052207602,-1.013391052207602,-1.013391052207602,0E-17,ELIGIBLE,R03b_20260811_FULL_v1,L1_ELIGIBILITY,v2026-08-11,2026-03-21..2026-08-06,baccarat_bet02_101_all_pairs_incl_sentinel,round_win = game_pnl > 0 (decisive only),COMPATIBILITY_ONLY_NOT_PRODUCTION,81515.6139,73739.3596,483.5193,11361,11361,-0.00593162,0.00694385,-0.01152257,-0.00593162,-483.5193,81515.6139,OK,0.0000,19.3408,4.0000,96.0000,AG03-UNRESOLVED,ALL5_LEVELS_bet23_to_bet27,19.3408,19.3408,19.3408,24.1760,24.1760,4.000000,4.000000,4.000000,5.000000,5.000000,96.000000,96.000000,96.000000,95.000000,95.000000,5.0,106.3742,97.4416,377.1451,386.0777,PENDING_AG03,FALSE,NOT_FOR_ENFORCEMENT,464.1785,70789.7852,483.5193,464.1785,19.3408,0.00593162,0.00569435,19.3408,464.1785,0.00569435,19.3408,19.3408,19.3408,24.1760,24.1760,464.1785,0.00569435,106.3742,97.4416,377.1451,386.0777,0.00462666,0.00473624,0.00023726,7.1750,6.4906,0.0426,4.2045,0.0806,708.8314,98.7913,8.8300,6.6350,4.0407,4.4018,8.4329,14.3073,20.7715,40.8781,4.2012,0.0,4.718859,9.286678,1.630025,30,242,81,2,0.30276321,0.00593162,-0.00694385,0E-8,0.000000,0.904604,0.002289,0.01846642,2026-03-22,2026-08-06,115,6001,2406,138,0.833333,1.330819,1.230659,1.009211,,,,,,,,GLOBAL_BASELINE_NO_ENTITY_RANKING,,,NOT_APPLICABLE_GLOBAL_BASELINE,HF9g-P5,,,,X 全窗基线 · 不参与实体赏罚,8399408,840,A168_HF9F_20260827_0900,2026-08-27 09:00:00
2026-03-30,36810153,2266,0,6.6026938991,-6.6026938991,-6.6026938991,0E-7,1,1,0.50665070000000000,0.506650700000,-1.013391052207602,-1.013391052207602,-1.013391052207602,0E-17,ELIGIBLE,R03b_20260811_FULL_v1,L1_ELIGIBILITY,v2026-08-11,2026-03-21..2026-08-06,baccarat_bet02_101_all_pairs_incl_sentinel,round_win = game_pnl > 0 (decisive only),COMPATIBILITY_ONLY_NOT_PRODUCTION,81515.6139,73739.3596,483.5193,11361,11361,-0.00593162,0.00694385,-0.01152257,-0.00593162,-483.5193,81515.6139,OK,0.0000,19.3408,4.0000,96.0000,AG03-UNRESOLVED,ALL5_LEVELS_bet23_to_bet27,19.3408,19.3408,19.3408,24.1760,24.1760,4.000000,4.000000,4.000000,5.000000,5.000000,96.000000,96.000000,96.000000,95.000000,95.000000,5.0,106.3742,97.4416,377.1451,386.0777,PENDING_AG03,FALSE,NOT_FOR_ENFORCEMENT,464.1785,70789.7852,483.5193,464.1785,19.3408,0.00593162,0.00569435,19.3408,464.1785,0.00569435,19.3408,19.3408,19.3408,24.1760,24.1760,464.1785,0.00569435,106.3742,97.4416,377.1451,386.0777,0.00462666,0.00473624,0.00023726,7.1750,6.4906,0.0426,4.2045,0.0806,708.8314,98.7913,8.8300,6.6350,4.0407,4.4018,8.4329,14.3073,20.7715,40.8781,4.2012,0.0,4.718859,9.286678,1.630025,30,242,81,2,0.30276321,0.00593162,-0.00694385,0E-8,0.000000,0.904604,0.002289,0.01846642,2026-03-22,2026-08-06,115,6001,2406,138,0.833333,1.330819,1.230659,1.009211,,,,,,,,GLOBAL_BASELINE_NO_ENTITY_RANKING,,,NOT_APPLICABLE_GLOBAL_BASELINE,HF9g-P5,,,,X 全窗基线 · 不参与实体赏罚,8399409,840,A168_HF9F_20260827_0900,2026-08-27 09:00:00
2026-03-30,36810153,471,0,6.3826041025,1.9808081697,1.9808081697,0.5000000,2,2,0.49324550000000000,0.493245500000,0.01910635448239258,0.01910635448239258,0.01910635448239258,0E-17,ELIGIBLE,R03b_20260811_FULL_v1,L1_ELIGIBILITY,v2026-08-11,2026-03-21..2026-08-06,baccarat_bet02_101_all_pairs_incl_sentinel,round_win = game_pnl > 0 (decisive only),COMPATIBILITY_ONLY_NOT_PRODUCTION,81515.6139,73739.3596,483.5193,11361,11361,-0.00593162,0.00694385,-0.01152257,-0.00593162,-483.5193,81515.6139,OK,0.0000,19.3408,4.0000,96.0000,AG03-UNRESOLVED,ALL5_LEVELS_bet23_to_bet27,19.3408,19.3408,19.3408,24.1760,24.1760,4.000000,4.000000,4.000000,5.000000,5.000000,96.000000,96.000000,96.000000,95.000000,95.000000,5.0,106.3742,97.4416,377.1451,386.0777,PENDING_AG03,FALSE,NOT_FOR_ENFORCEMENT,464.1785,70789.7852,483.5193,464.1785,19.3408,0.00593162,0.00569435,19.3408,464.1785,0.00569435,19.3408,19.3408,19.3408,24.1760,24.1760,464.1785,0.00569435,106.3742,97.4416,377.1451,386.0777,0.00462666,0.00473624,0.00023726,7.1750,6.4906,0.0426,4.2045,0.0806,708.8314,98.7913,8.8300,6.6350,4.0407,4.4018,8.4329,14.3073,20.7715,40.8781,4.2012,0.0,4.718859,9.286678,1.630025,30,242,81,2,0.30276321,0.00593162,-0.00694385,0E-8,0.000000,0.904604,0.002289,0.01846642,2026-03-22,2026-08-06,115,6001,2406,138,0.833333,1.330819,1.230659,1.009211,,,,,,,,GLOBAL_BASELINE_NO_ENTITY_RANKING,,,NOT_APPLICABLE_GLOBAL_BASELINE,HF9g-P5,,,,X 全窗基线 · 不参与实体赏罚,8399410,840,A168_HF9F_20260827_0900,2026-08-27 09:00:00
2026-03-30,36810153,526,0,53.4818205827,15.4062857646,15.4062857646,0.6666667,6,6,0.50218230000000000,0.502182300000,0.5697959874915163,0.5697959874915164,0.5697959874915163,0E-17,ELIGIBLE,R03b_20260811_FULL_v1,L1_ELIGIBILITY,v2026-08-11,2026-03-21..2026-08-06,baccarat_bet02_101_all_pairs_incl_sentinel,round_win = game_pnl > 0 (decisive only),COMPATIBILITY_ONLY_NOT_PRODUCTION,81515.6139,73739.3596,483.5193,11361,11361,-0.00593162,0.00694385,-0.01152257,-0.00593162,-483.5193,81515.6139,OK,0.0000,19.3408,4.0000,96.0000,AG03-UNRESOLVED,ALL5_LEVELS_bet23_to_bet27,19.3408,19.3408,19.3408,24.1760,24.1760,4.000000,4.000000,4.000000,5.000000,5.000000,96.000000,96.000000,96.000000,95.000000,95.000000,5.0,106.3742,97.4416,377.1451,386.0777,PENDING_AG03,FALSE,NOT_FOR_ENFORCEMENT,464.1785,70789.7852,483.5193,464.1785,19.3408,0.00593162,0.00569435,19.3408,464.1785,0.00569435,19.3408,19.3408,19.3408,24.1760,24.1760,464.1785,0.00569435,106.3742,97.4416,377.1451,386.0777,0.00462666,0.00473624,0.00023726,7.1750,6.4906,0.0426,4.2045,0.0806,708.8314,98.7913,8.8300,6.6350,4.0407,4.4018,8.4329,14.3073,20.7715,40.8781,4.2012,0.0,4.718859,9.286678,1.630025,30,242,81,2,0.30276321,0.00593162,-0.00694385,0E-8,0.000000,0.904604,0.002289,0.01846642,2026-03-22,2026-08-06,115,6001,2406,138,0.833333,1.330819,1.230659,1.009211,,,,,,,,GLOBAL_BASELINE_NO_ENTITY_RANKING,,,NOT_APPLICABLE_GLOBAL_BASELINE,HF9g-P5,,,,X 全窗基线 · 不参与实体赏罚,8399411,840,A168_HF9F_20260827_0900,2026-08-27 09:00:00
2026-03-30,36810153,595,0,14.7460163747,-14.7460163747,-14.7460163747,0E-7,2,2,0.50665070000000000,0.506650700000,-1.4331513700195317,-1.4331513700195317,-1.4331513700195317,0E-17,ELIGIBLE,R03b_20260811_FULL_v1,L1_ELIGIBILITY,v2026-08-11,2026-03-21..2026-08-06,baccarat_bet02_101_all_pairs_incl_sentinel,round_win = game_pnl > 0 (decisive only),COMPATIBILITY_ONLY_NOT_PRODUCTION,81515.6139,73739.3596,483.5193,11361,11361,-0.00593162,0.00694385,-0.01152257,-0.00593162,-483.5193,81515.6139,OK,0.0000,19.3408,4.0000,96.0000,AG03-UNRESOLVED,ALL5_LEVELS_bet23_to_bet27,19.3408,19.3408,19.3408,24.1760,24.1760,4.000000,4.000000,4.000000,5.000000,5.000000,96.000000,96.000000,96.000000,95.000000,95.000000,5.0,106.3742,97.4416,377.1451,386.0777,PENDING_AG03,FALSE,NOT_FOR_ENFORCEMENT,464.1785,70789.7852,483.5193,464.1785,19.3408,0.00593162,0.00569435,19.3408,464.1785,0.00569435,19.3408,19.3408,19.3408,24.1760,24.1760,464.1785,0.00569435,106.3742,97.4416,377.1451,386.0777,0.00462666,0.00473624,0.00023726,7.1750,6.4906,0.0426,4.2045,0.0806,708.8314,98.7913,8.8300,6.6350,4.0407,4.4018,8.4329,14.3073,20.7715,40.8781,4.2012,0.0,4.718859,9.286678,1.630025,30,242,81,2,0.30276321,0.00593162,-0.00694385,0E-8,0.000000,0.904604,0.002289,0.01846642,2026-03-22,2026-08-06,115,6001,2406,138,0.833333,1.330819,1.230659,1.009211,,,,,,,,GLOBAL_BASELINE_NO_ENTITY_RANKING,,,NOT_APPLICABLE_GLOBAL_BASELINE,HF9g-P5,,,,X 全窗基线 · 不参与实体赏罚,8399412,840,A168_HF9F_20260827_0900,2026-08-27 09:00:00
2026-03-30,36810153,752,0,21.7888898669,3.9616163395,3.9616163395,0.5000000,4,4,0.49994810000000000,0.499948100000,0.00020760000111838688,0.00020760000111838688,0.00020760000111838688,0E-17,ELIGIBLE,R03b_20260811_FULL_v1,L1_ELIGIBILITY,v2026-08-11,2026-03-21..2026-08-06,baccarat_bet02_101_all_pairs_incl_sentinel,round_win = game_pnl > 0 (decisive only),COMPATIBILITY_ONLY_NOT_PRODUCTION,81515.6139,73739.3596,483.5193,11361,11361,-0.00593162,0.00694385,-0.01152257,-0.00593162,-483.5193,81515.6139,OK,0.0000,19.3408,4.0000,96.0000,AG03-UNRESOLVED,ALL5_LEVELS_bet23_to_bet27,19.3408,19.3408,19.3408,24.1760,24.1760,4.000000,4.000000,4.000000,5.000000,5.000000,96.000000,96.000000,96.000000,95.000000,95.000000,5.0,106.3742,97.4416,377.1451,386.0777,PENDING_AG03,FALSE,NOT_FOR_ENFORCEMENT,464.1785,70789.7852,483.5193,464.1785,19.3408,0.00593162,0.00569435,19.3408,464.1785,0.00569435,19.3408,19.3408,19.3408,24.1760,24.1760,464.1785,0.00569435,106.3742,97.4416,377.1451,386.0777,0.00462666,0.00473624,0.00023726,7.1750,6.4906,0.0426,4.2045,0.0806,708.8314,98.7913,8.8300,6.6350,4.0407,4.4018,8.4329,14.3073,20.7715,40.8781,4.2012,0.0,4.718859,9.286678,1.630025,30,242,81,2,0.30276321,0.00593162,-0.00694385,0E-8,0.000000,0.904604,0.002289,0.01846642,2026-03-22,2026-08-06,115,6001,2406,138,0.833333,1.330819,1.230659,1.009211,,,,,,,,GLOBAL_BASELINE_NO_ENTITY_RANKING,,,NOT_APPLICABLE_GLOBAL_BASELINE,HF9g-P5,,,,X 全窗基线 · 不参与实体赏罚,8399413,840,A168_HF9F_20260827_0900,2026-08-27 09:00:00
2026-03-30,36810153,948,0,17.6071837310,-17.6071837310,-17.6071837310,0E-7,1,1,0.50665070000000000,0.506650700000,-1.013391052207602,-1.013391052207602,-1.013391052207602,0E-17,ELIGIBLE,R03b_20260811_FULL_v1,L1_ELIGIBILITY,v2026-08-11,2026-03-21..2026-08-06,baccarat_bet02_101_all_pairs_incl_sentinel,round_win = game_pnl > 0 (decisive only),COMPATIBILITY_ONLY_NOT_PRODUCTION,81515.6139,73739.3596,483.5193,11361,11361,-0.00593162,0.00694385,-0.01152257,-0.00593162,-483.5193,81515.6139,OK,0.0000,19.3408,4.0000,96.0000,AG03-UNRESOLVED,ALL5_LEVELS_bet23_to_bet27,19.3408,19.3408,19.3408,24.1760,24.1760,4.000000,4.000000,4.000000,5.000000,5.000000,96.000000,96.000000,96.000000,95.000000,95.000000,5.0,106.3742,97.4416,377.1451,386.0777,PENDING_AG03,FALSE,NOT_FOR_ENFORCEMENT,464.1785,70789.7852,483.5193,464.1785,19.3408,0.00593162,0.00569435,19.3408,464.1785,0.00569435,19.3408,19.3408,19.3408,24.1760,24.1760,464.1785,0.00569435,106.3742,97.4416,377.1451,386.0777,0.00462666,0.00473624,0.00023726,7.1750,6.4906,0.0426,4.2045,0.0806,708.8314,98.7913,8.8300,6.6350,4.0407,4.4018,8.4329,14.3073,20.7715,40.8781,4.2012,0.0,4.718859,9.286678,1.630025,30,242,81,2,0.30276321,0.00593162,-0.00694385,0E-8,0.000000,0.904604,0.002289,0.01846642,2026-03-22,2026-08-06,115,6001,2406,138,0.833333,1.330819,1.230659,1.009211,,,,,,,,GLOBAL_BASELINE_NO_ENTITY_RANKING,,,NOT_APPLICABLE_GLOBAL_BASELINE,HF9g-P5,,,,X 全窗基线 · 不参与实体赏罚,8399414,840,A168_HF9F_20260827_0900,2026-08-27 09:00:00
2026-03-30,36810153,987,0,4.4017959327,4.1817061361,4.1817061361,1.0000000,1,1,0.50665070000000000,0.506650700000,0.9867858985152569,0.9867858985152569,0.9867858985152569,0E-17,ELIGIBLE,R03b_20260811_FULL_v1,L1_ELIGIBILITY,v2026-08-11,2026-03-21..2026-08-06,baccarat_bet02_101_all_pairs_incl_sentinel,round_win = game_pnl > 0 (decisive only),COMPATIBILITY_ONLY_NOT_PRODUCTION,81515.6139,73739.3596,483.5193,11361,11361,-0.00593162,0.00694385,-0.01152257,-0.00593162,-483.5193,81515.6139,OK,0.0000,19.3408,4.0000,96.0000,AG03-UNRESOLVED,ALL5_LEVELS_bet23_to_bet27,19.3408,19.3408,19.3408,24.1760,24.1760,4.000000,4.000000,4.000000,5.000000,5.000000,96.000000,96.000000,96.000000,95.000000,95.000000,5.0,106.3742,97.4416,377.1451,386.0777,PENDING_AG03,FALSE,NOT_FOR_ENFORCEMENT,464.1785,70789.7852,483.5193,464.1785,19.3408,0.00593162,0.00569435,19.3408,464.1785,0.00569435,19.3408,19.3408,19.3408,24.1760,24.1760,464.1785,0.00569435,106.3742,97.4416,377.1451,386.0777,0.00462666,0.00473624,0.00023726,7.1750,6.4906,0.0426,4.2045,0.0806,708.8314,98.7913,8.8300,6.6350,4.0407,4.4018,8.4329,14.3073,20.7715,40.8781,4.2012,0.0,4.718859,9.286678,1.630025,30,242,81,2,0.30276321,0.00593162,-0.00694385,0E-8,0.000000,0.904604,0.002289,0.01846642,2026-03-22,2026-08-06,115,6001,2406,138,0.833333,1.330819,1.230659,1.009211,,,,,,,,GLOBAL_BASELINE_NO_ENTITY_RANKING,,,NOT_APPLICABLE_GLOBAL_BASELINE,HF9g-P5,,,,X 全窗基线 · 不参与实体赏罚,8399415,840,A168_HF9F_20260827_0900,2026-08-27 09:00:00
2026-03-30,36810153,994,0,13.2053877982,-13.2053877982,-13.2053877982,0E-7,2,2,0.49994810000000000,0.499948100000,-1.4140667746232096,-1.4140667746232096,-1.4140667746232096,0E-17,ELIGIBLE,R03b_20260811_FULL_v1,L1_ELIGIBILITY,v2026-08-11,2026-03-21..2026-08-06,baccarat_bet02_101_all_pairs_incl_sentinel,round_win = game_pnl > 0 (decisive only),COMPATIBILITY_ONLY_NOT_PRODUCTION,81515.6139,73739.3596,483.5193,11361,11361,-0.00593162,0.00694385,-0.01152257,-0.00593162,-483.5193,81515.6139,OK,0.0000,19.3408,4.0000,96.0000,AG03-UNRESOLVED,ALL5_LEVELS_bet23_to_bet27,19.3408,19.3408,19.3408,24.1760,24.1760,4.000000,4.000000,4.000000,5.000000,5.000000,96.000000,96.000000,96.000000,95.000000,95.000000,5.0,106.3742,97.4416,377.1451,386.0777,PENDING_AG03,FALSE,NOT_FOR_ENFORCEMENT,464.1785,70789.7852,483.5193,464.1785,19.3408,0.00593162,0.00569435,19.3408,464.1785,0.00569435,19.3408,19.3408,19.3408,24.1760,24.1760,464.1785,0.00569435,106.3742,97.4416,377.1451,386.0777,0.00462666,0.00473624,0.00023726,7.1750,6.4906,0.0426,4.2045,0.0806,708.8314,98.7913,8.8300,6.6350,4.0407,4.4018,8.4329,14.3073,20.7715,40.8781,4.2012,0.0,4.718859,9.286678,1.630025,30,242,81,2,0.30276321,0.00593162,-0.00694385,0E-8,0.000000,0.904604,0.002289,0.01846642,2026-03-22,2026-08-06,115,6001,2406,138,0.833333,1.330819,1.230659,1.009211,,,,,,,,GLOBAL_BASELINE_NO_ENTITY_RANKING,,,NOT_APPLICABLE_GLOBAL_BASELINE,HF9g-P5,,,,X 全窗基线 · 不参与实体赏罚,8399416,840,A168_HF9F_20260827_0900,2026-08-27 09:00:00
2026-03-31,36810153,-1,1,0.8432947526,0.8432947526,0.8432947526,1.0000000,1,1,0.49324550000000000,0.493245500000,1.01360149184955,1.01360149184955,1.01360149184955,0E-17,SENTINEL_DEALER,R03b_20260811_FULL_v1,L1_ELIGIBILITY,v2026-08-11,2026-03-21..2026-08-06,baccarat_bet02_101_all_pairs_incl_sentinel,round_win = game_pnl > 0 (decisive only),COMPATIBILITY_ONLY_NOT_PRODUCTION,81515.6139,73739.3596,483.5193,11361,11361,-0.00593162,0.00694385,-0.01152257,-0.00593162,-483.5193,81515.6139,OK,0.0000,19.3408,4.0000,96.0000,AG03-UNRESOLVED,ALL5_LEVELS_bet23_to_bet27,19.3408,19.3408,19.3408,24.1760,24.1760,4.000000,4.000000,4.000000,5.000000,5.000000,96.000000,96.000000,96.000000,95.000000,95.000000,5.0,106.3742,97.4416,377.1451,386.0777,PENDING_AG03,FALSE,NOT_FOR_ENFORCEMENT,464.1785,70789.7852,483.5193,464.1785,19.3408,0.00593162,0.00569435,19.3408,464.1785,0.00569435,19.3408,19.3408,19.3408,24.1760,24.1760,464.1785,0.00569435,106.3742,97.4416,377.1451,386.0777,0.00462666,0.00473624,0.00023726,7.1750,6.4906,0.0426,4.2045,0.0806,708.8314,98.7913,8.8300,6.6350,4.0407,4.4018,8.4329,14.3073,20.7715,40.8781,4.2012,0.0,4.718859,9.286678,1.630025,30,242,81,2,0.30276321,0.00593162,-0.00694385,0E-8,0.000000,0.904604,0.002289,0.01846642,2026-03-22,2026-08-06,115,6001,2406,138,0.833333,1.330819,1.230659,1.009211,,,,,,,,GLOBAL_BASELINE_NO_ENTITY_RANKING,,,NOT_APPLICABLE_GLOBAL_BASELINE,HF9g-P5,,,,X 全窗基线 · 不参与实体赏罚,8399417,840,A168_HF9F_20260827_0900,2026-08-27 09:00:00
2026-03-31,36810153,2174,0,1.6865895052,-1.6865895052,-1.6865895052,0E-7,1,1,0.49324550000000000,0.493245500000,-0.9865810262130424,-0.9865810262130424,-0.9865810262130424,0E-17,ELIGIBLE,R03b_20260811_FULL_v1,L1_ELIGIBILITY,v2026-08-11,2026-03-21..2026-08-06,baccarat_bet02_101_all_pairs_incl_sentinel,round_win = game_pnl > 0 (decisive only),COMPATIBILITY_ONLY_NOT_PRODUCTION,81515.6139,73739.3596,483.5193,11361,11361,-0.00593162,0.00694385,-0.01152257,-0.00593162,-483.5193,81515.6139,OK,0.0000,19.3408,4.0000,96.0000,AG03-UNRESOLVED,ALL5_LEVELS_bet23_to_bet27,19.3408,19.3408,19.3408,24.1760,24.1760,4.000000,4.000000,4.000000,5.000000,5.000000,96.000000,96.000000,96.000000,95.000000,95.000000,5.0,106.3742,97.4416,377.1451,386.0777,PENDING_AG03,FALSE,NOT_FOR_ENFORCEMENT,464.1785,70789.7852,483.5193,464.1785,19.3408,0.00593162,0.00569435,19.3408,464.1785,0.00569435,19.3408,19.3408,19.3408,24.1760,24.1760,464.1785,0.00569435,106.3742,97.4416,377.1451,386.0777,0.00462666,0.00473624,0.00023726,7.1750,6.4906,0.0426,4.2045,0.0806,708.8314,98.7913,8.8300,6.6350,4.0407,4.4018,8.4329,14.3073,20.7715,40.8781,4.2012,0.0,4.718859,9.286678,1.630025,30,242,81,2,0.30276321,0.00593162,-0.00694385,0E-8,0.000000,0.904604,0.002289,0.01846642,2026-03-22,2026-08-06,115,6001,2406,138,0.833333,1.330819,1.230659,1.009211,,,,,,,,GLOBAL_BASELINE_NO_ENTITY_RANKING,,,NOT_APPLICABLE_GLOBAL_BASELINE,HF9g-P5,,,,X 全窗基线 · 不参与实体赏罚,8399418,840,A168_HF9F_20260827_0900,2026-08-27 09:00:00
2026-03-31,36810153,2202,0,4.6218857294,-4.6218857294,-4.6218857294,0E-7,1,1,0.49324550000000000,0.493245500000,-0.9865810262130424,-0.9865810262130424,-0.9865810262130424,0E-17,ELIGIBLE,R03b_20260811_FULL_v1,L1_ELIGIBILITY,v2026-08-11,2026-03-21..2026-08-06,baccarat_bet02_101_all_pairs_incl_sentinel,round_win = game_pnl > 0 (decisive only),COMPATIBILITY_ONLY_NOT_PRODUCTION,81515.6139,73739.3596,483.5193,11361,11361,-0.00593162,0.00694385,-0.01152257,-0.00593162,-483.5193,81515.6139,OK,0.0000,19.3408,4.0000,96.0000,AG03-UNRESOLVED,ALL5_LEVELS_bet23_to_bet27,19.3408,19.3408,19.3408,24.1760,24.1760,4.000000,4.000000,4.000000,5.000000,5.000000,96.000000,96.000000,96.000000,95.000000,95.000000,5.0,106.3742,97.4416,377.1451,386.0777,PENDING_AG03,FALSE,NOT_FOR_ENFORCEMENT,464.1785,70789.7852,483.5193,464.1785,19.3408,0.00593162,0.00569435,19.3408,464.1785,0.00569435,19.3408,19.3408,19.3408,24.1760,24.1760,464.1785,0.00569435,106.3742,97.4416,377.1451,386.0777,0.00462666,0.00473624,0.00023726,7.1750,6.4906,0.0426,4.2045,0.0806,708.8314,98.7913,8.8300,6.6350,4.0407,4.4018,8.4329,14.3073,20.7715,40.8781,4.2012,0.0,4.718859,9.286678,1.630025,30,242,81,2,0.30276321,0.00593162,-0.00694385,0E-8,0.000000,0.904604,0.002289,0.01846642,2026-03-22,2026-08-06,115,6001,2406,138,0.833333,1.330819,1.230659,1.009211,,,,,,,,GLOBAL_BASELINE_NO_ENTITY_RANKING,,,NOT_APPLICABLE_GLOBAL_BASELINE,HF9g-P5,,,,X 全窗基线 · 不参与实体赏罚,8399419,840,A168_HF9F_20260827_0900,2026-08-27 09:00:00
2026-03-31,36810153,583,0,4.4017959327,0E-10,0E-10,,1,1,0.50665070000000000,0.506650700000,,,,0E-17,NO_DECISIVE_ROUND,R03b_20260811_FULL_v1,L1_ELIGIBILITY,v2026-08-11,2026-03-21..2026-08-06,baccarat_bet02_101_all_pairs_incl_sentinel,round_win = game_pnl > 0 (decisive only),COMPATIBILITY_ONLY_NOT_PRODUCTION,81515.6139,73739.3596,483.5193,11361,11361,-0.00593162,0.00694385,-0.01152257,-0.00593162,-483.5193,81515.6139,OK,0.0000,19.3408,4.0000,96.0000,AG03-UNRESOLVED,ALL5_LEVELS_bet23_to_bet27,19.3408,19.3408,19.3408,24.1760,24.1760,4.000000,4.000000,4.000000,5.000000,5.000000,96.000000,96.000000,96.000000,95.000000,95.000000,5.0,106.3742,97.4416,377.1451,386.0777,PENDING_AG03,FALSE,NOT_FOR_ENFORCEMENT,464.1785,70789.7852,483.5193,464.1785,19.3408,0.00593162,0.00569435,19.3408,464.1785,0.00569435,19.3408,19.3408,19.3408,24.1760,24.1760,464.1785,0.00569435,106.3742,97.4416,377.1451,386.0777,0.00462666,0.00473624,0.00023726,7.1750,6.4906,0.0426,4.2045,0.0806,708.8314,98.7913,8.8300,6.6350,4.0407,4.4018,8.4329,14.3073,20.7715,40.8781,4.2012,0.0,4.718859,9.286678,1.630025,30,242,81,2,0.30276321,0.00593162,-0.00694385,0E-8,0.000000,0.904604,0.002289,0.01846642,2026-03-22,2026-08-06,115,6001,2406,138,0.833333,1.330819,1.230659,1.009211,,,,,,,,GLOBAL_BASELINE_NO_ENTITY_RANKING,,,NOT_APPLICABLE_GLOBAL_BASELINE,HF9g-P5,,,,X 全窗基线 · 不参与实体赏罚,8399420,840,A168_HF9F_20260827_0900,2026-08-27 09:00:00
2026-04-01,36810153,-1,1,3.1623553222,-3.1623553222,-3.1623553222,0E-7,1,1,0.49324550000000000,0.493245500000,-0.9865810262130424,-0.9865810262130424,-0.9865810262130424,0E-17,SENTINEL_DEALER,R03b_20260811_FULL_v1,L1_ELIGIBILITY,v2026-08-11,2026-03-21..2026-08-06,baccarat_bet02_101_all_pairs_incl_sentinel,round_win = game_pnl > 0 (decisive only),COMPATIBILITY_ONLY_NOT_PRODUCTION,81515.6139,73739.3596,483.5193,11361,11361,-0.00593162,0.00694385,-0.01152257,-0.00593162,-483.5193,81515.6139,OK,0.0000,19.3408,4.0000,96.0000,AG03-UNRESOLVED,ALL5_LEVELS_bet23_to_bet27,19.3408,19.3408,19.3408,24.1760,24.1760,4.000000,4.000000,4.000000,5.000000,5.000000,96.000000,96.000000,96.000000,95.000000,95.000000,5.0,106.3742,97.4416,377.1451,386.0777,PENDING_AG03,FALSE,NOT_FOR_ENFORCEMENT,464.1785,70789.7852,483.5193,464.1785,19.3408,0.00593162,0.00569435,19.3408,464.1785,0.00569435,19.3408,19.3408,19.3408,24.1760,24.1760,464.1785,0.00569435,106.3742,97.4416,377.1451,386.0777,0.00462666,0.00473624,0.00023726,7.1750,6.4906,0.0426,4.2045,0.0806,708.8314,98.7913,8.8300,6.6350,4.0407,4.4018,8.4329,14.3073,20.7715,40.8781,4.2012,0.0,4.718859,9.286678,1.630025,30,242,81,2,0.30276321,0.00593162,-0.00694385,0E-8,0.000000,0.904604,0.002289,0.01846642,2026-03-22,2026-08-06,115,6001,2406,138,0.833333,1.330819,1.230659,1.009211,,,,,,,,GLOBAL_BASELINE_NO_ENTITY_RANKING,,,NOT_APPLICABLE_GLOBAL_BASELINE,HF9g-P5,,,,X 全窗基线 · 不参与实体赏罚,8399421,840,A168_HF9F_20260827_0900,2026-08-27 09:00:00
2026-04-01,36810153,1383,0,4.0056500748,0.1054118441,0.1054118441,0.5000000,2,2,0.50665070000000000,0.506650700000,-0.018812684590367487,-0.018812684590367487,-0.018812684590367487,0E-17,ELIGIBLE,R03b_20260811_FULL_v1,L1_ELIGIBILITY,v2026-08-11,2026-03-21..2026-08-06,baccarat_bet02_101_all_pairs_incl_sentinel,round_win = game_pnl > 0 (decisive only),COMPATIBILITY_ONLY_NOT_PRODUCTION,81515.6139,73739.3596,483.5193,11361,11361,-0.00593162,0.00694385,-0.01152257,-0.00593162,-483.5193,81515.6139,OK,0.0000,19.3408,4.0000,96.0000,AG03-UNRESOLVED,ALL5_LEVELS_bet23_to_bet27,19.3408,19.3408,19.3408,24.1760,24.1760,4.000000,4.000000,4.000000,5.000000,5.000000,96.000000,96.000000,96.000000,95.000000,95.000000,5.0,106.3742,97.4416,377.1451,386.0777,PENDING_AG03,FALSE,NOT_FOR_ENFORCEMENT,464.1785,70789.7852,483.5193,464.1785,19.3408,0.00593162,0.00569435,19.3408,464.1785,0.00569435,19.3408,19.3408,19.3408,24.1760,24.1760,464.1785,0.00569435,106.3742,97.4416,377.1451,386.0777,0.00462666,0.00473624,0.00023726,7.1750,6.4906,0.0426,4.2045,0.0806,708.8314,98.7913,8.8300,6.6350,4.0407,4.4018,8.4329,14.3073,20.7715,40.8781,4.2012,0.0,4.718859,9.286678,1.630025,30,242,81,2,0.30276321,0.00593162,-0.00694385,0E-8,0.000000,0.904604,0.002289,0.01846642,2026-03-22,2026-08-06,115,6001,2406,138,0.833333,1.330819,1.230659,1.009211,,,,,,,,GLOBAL_BASELINE_NO_ENTITY_RANKING,,,NOT_APPLICABLE_GLOBAL_BASELINE,HF9g-P5,,,,X 全窗基线 · 不参与实体赏罚,8399422,840,A168_HF9F_20260827_0900,2026-08-27 09:00:00
2026-04-01,36810153,1402,0,2.1082368815,-2.1082368815,-2.1082368815,0E-7,1,1,0.50665070000000000,0.506650700000,-1.013391052207602,-1.013391052207602,-1.013391052207602,0E-17,ELIGIBLE,R03b_20260811_FULL_v1,L1_ELIGIBILITY,v2026-08-11,2026-03-21..2026-08-06,baccarat_bet02_101_all_pairs_incl_sentinel,round_win = game_pnl > 0 (decisive only),COMPATIBILITY_ONLY_NOT_PRODUCTION,81515.6139,73739.3596,483.5193,11361,11361,-0.00593162,0.00694385,-0.01152257,-0.00593162,-483.5193,81515.6139,OK,0.0000,19.3408,4.0000,96.0000,AG03-UNRESOLVED,ALL5_LEVELS_bet23_to_bet27,19.3408,19.3408,19.3408,24.1760,24.1760,4.000000,4.000000,4.000000,5.000000,5.000000,96.000000,96.000000,96.000000,95.000000,95.000000,5.0,106.3742,97.4416,377.1451,386.0777,PENDING_AG03,FALSE,NOT_FOR_ENFORCEMENT,464.1785,70789.7852,483.5193,464.1785,19.3408,0.00593162,0.00569435,19.3408,464.1785,0.00569435,19.3408,19.3408,19.3408,24.1760,24.1760,464.1785,0.00569435,106.3742,97.4416,377.1451,386.0777,0.00462666,0.00473624,0.00023726,7.1750,6.4906,0.0426,4.2045,0.0806,708.8314,98.7913,8.8300,6.6350,4.0407,4.4018,8.4329,14.3073,20.7715,40.8781,4.2012,0.0,4.718859,9.286678,1.630025,30,242,81,2,0.30276321,0.00593162,-0.00694385,0E-8,0.000000,0.904604,0.002289,0.01846642,2026-03-22,2026-08-06,115,6001,2406,138,0.833333,1.330819,1.230659,1.009211,,,,,,,,GLOBAL_BASELINE_NO_ENTITY_RANKING,,,NOT_APPLICABLE_GLOBAL_BASELINE,HF9g-P5,,,,X 全窗基线 · 不参与实体赏罚,8399423,840,A168_HF9F_20260827_0900,2026-08-27 09:00:00
2026-04-01,36810153,1645,0,10.3303607193,-10.3303607193,-10.3303607193,0E-7,1,1,0.49324550000000000,0.493245500000,-0.9865810262130424,-0.9865810262130424,-0.9865810262130424,0E-17,ELIGIBLE,R03b_20260811_FULL_v1,L1_ELIGIBILITY,v2026-08-11,2026-03-21..2026-08-06,baccarat_bet02_101_all_pairs_incl_sentinel,round_win = game_pnl > 0 (decisive only),COMPATIBILITY_ONLY_NOT_PRODUCTION,81515.6139,73739.3596,483.5193,11361,11361,-0.00593162,0.00694385,-0.01152257,-0.00593162,-483.5193,81515.6139,OK,0.0000,19.3408,4.0000,96.0000,AG03-UNRESOLVED,ALL5_LEVELS_bet23_to_bet27,19.3408,19.3408,19.3408,24.1760,24.1760,4.000000,4.000000,4.000000,5.000000,5.000000,96.000000,96.000000,96.000000,95.000000,95.000000,5.0,106.3742,97.4416,377.1451,386.0777,PENDING_AG03,FALSE,NOT_FOR_ENFORCEMENT,464.1785,70789.7852,483.5193,464.1785,19.3408,0.00593162,0.00569435,19.3408,464.1785,0.00569435,19.3408,19.3408,19.3408,24.1760,24.1760,464.1785,0.00569435,106.3742,97.4416,377.1451,386.0777,0.00462666,0.00473624,0.00023726,7.1750,6.4906,0.0426,4.2045,0.0806,708.8314,98.7913,8.8300,6.6350,4.0407,4.4018,8.4329,14.3073,20.7715,40.8781,4.2012,0.0,4.718859,9.286678,1.630025,30,242,81,2,0.30276321,0.00593162,-0.00694385,0E-8,0.000000,0.904604,0.002289,0.01846642,2026-03-22,2026-08-06,115,6001,2406,138,0.833333,1.330819,1.230659,1.009211,,,,,,,,GLOBAL_BASELINE_NO_ENTITY_RANKING,,,NOT_APPLICABLE_GLOBAL_BASELINE,HF9g-P5,,,,X 全窗基线 · 不参与实体赏罚,8399424,840,A168_HF9F_20260827_0900,2026-08-27 09:00:00
2026-04-01,36810153,2108,0,21.9256635676,1.7920013492,1.7920013492,0.5714286,8,8,0.49994810000000000,0.499948100000,0.37823910403297295,0.37823910403297295,0.37823910403297295,0E-17,ELIGIBLE,R03b_20260811_FULL_v1,L1_ELIGIBILITY,v2026-08-11,2026-03-21..2026-08-06,baccarat_bet02_101_all_pairs_incl_sentinel,round_win = game_pnl > 0 (decisive only),COMPATIBILITY_ONLY_NOT_PRODUCTION,81515.6139,73739.3596,483.5193,11361,11361,-0.00593162,0.00694385,-0.01152257,-0.00593162,-483.5193,81515.6139,OK,0.0000,19.3408,4.0000,96.0000,AG03-UNRESOLVED,ALL5_LEVELS_bet23_to_bet27,19.3408,19.3408,19.3408,24.1760,24.1760,4.000000,4.000000,4.000000,5.000000,5.000000,96.000000,96.000000,96.000000,95.000000,95.000000,5.0,106.3742,97.4416,377.1451,386.0777,PENDING_AG03,FALSE,NOT_FOR_ENFORCEMENT,464.1785,70789.7852,483.5193,464.1785,19.3408,0.00593162,0.00569435,19.3408,464.1785,0.00569435,19.3408,19.3408,19.3408,24.1760,24.1760,464.1785,0.00569435,106.3742,97.4416,377.1451,386.0777,0.00462666,0.00473624,0.00023726,7.1750,6.4906,0.0426,4.2045,0.0806,708.8314,98.7913,8.8300,6.6350,4.0407,4.4018,8.4329,14.3073,20.7715,40.8781,4.2012,0.0,4.718859,9.286678,1.630025,30,242,81,2,0.30276321,0.00593162,-0.00694385,0E-8,0.000000,0.904604,0.002289,0.01846642,2026-03-22,2026-08-06,115,6001,2406,138,0.833333,1.330819,1.230659,1.009211,,,,,,,,GLOBAL_BASELINE_NO_ENTITY_RANKING,,,NOT_APPLICABLE_GLOBAL_BASELINE,HF9g-P5,,,,X 全窗基线 · 不参与实体赏罚,8399425,840,A168_HF9F_20260827_0900,2026-08-27 09:00:00
2026-04-01,36810153,2160,0,4.2164737630,-4.2164737630,-4.2164737630,0E-7,1,1,0.50665070000000000,0.506650700000,-1.013391052207602,-1.013391052207602,-1.013391052207602,0E-17,ELIGIBLE,R03b_20260811_FULL_v1,L1_ELIGIBILITY,v2026-08-11,2026-03-21..2026-08-06,baccarat_bet02_101_all_pairs_incl_sentinel,round_win = game_pnl > 0 (decisive only),COMPATIBILITY_ONLY_NOT_PRODUCTION,81515.6139,73739.3596,483.5193,11361,11361,-0.00593162,0.00694385,-0.01152257,-0.00593162,-483.5193,81515.6139,OK,0.0000,19.3408,4.0000,96.0000,AG03-UNRESOLVED,ALL5_LEVELS_bet23_to_bet27,19.3408,19.3408,19.3408,24.1760,24.1760,4.000000,4.000000,4.000000,5.000000,5.000000,96.000000,96.000000,96.000000,95.000000,95.000000,5.0,106.3742,97.4416,377.1451,386.0777,PENDING_AG03,FALSE,NOT_FOR_ENFORCEMENT,464.1785,70789.7852,483.5193,464.1785,19.3408,0.00593162,0.00569435,19.3408,464.1785,0.00569435,19.3408,19.3408,19.3408,24.1760,24.1760,464.1785,0.00569435,106.3742,97.4416,377.1451,386.0777,0.00462666,0.00473624,0.00023726,7.1750,6.4906,0.0426,4.2045,0.0806,708.8314,98.7913,8.8300,6.6350,4.0407,4.4018,8.4329,14.3073,20.7715,40.8781,4.2012,0.0,4.718859,9.286678,1.630025,30,242,81,2,0.30276321,0.00593162,-0.00694385,0E-8,0.000000,0.904604,0.002289,0.01846642,2026-03-22,2026-08-06,115,6001,2406,138,0.833333,1.330819,1.230659,1.009211,,,,,,,,GLOBAL_BASELINE_NO_ENTITY_RANKING,,,NOT_APPLICABLE_GLOBAL_BASELINE,HF9g-P5,,,,X 全窗基线 · 不参与实体赏罚,8399426,840,A168_HF9F_20260827_0900,2026-08-27 09:00:00
2026-04-01,36810153,2235,0,10.5411844075,2.1082368815,2.1082368815,0.5000000,2,2,0.49994810000000000,0.499948100000,0.00014679536856514622,0.00014679536856514622,0.00014679536856514622,0E-17,ELIGIBLE,R03b_20260811_FULL_v1,L1_ELIGIBILITY,v2026-08-11,2026-03-21..2026-08-06,baccarat_bet02_101_all_pairs_incl_sentinel,round_win = game_pnl > 0 (decisive only),COMPATIBILITY_ONLY_NOT_PRODUCTION,81515.6139,73739.3596,483.5193,11361,11361,-0.00593162,0.00694385,-0.01152257,-0.00593162,-483.5193,81515.6139,OK,0.0000,19.3408,4.0000,96.0000,AG03-UNRESOLVED,ALL5_LEVELS_bet23_to_bet27,19.3408,19.3408,19.3408,24.1760,24.1760,4.000000,4.000000,4.000000,5.000000,5.000000,96.000000,96.000000,96.000000,95.000000,95.000000,5.0,106.3742,97.4416,377.1451,386.0777,PENDING_AG03,FALSE,NOT_FOR_ENFORCEMENT,464.1785,70789.7852,483.5193,464.1785,19.3408,0.00593162,0.00569435,19.3408,464.1785,0.00569435,19.3408,19.3408,19.3408,24.1760,24.1760,464.1785,0.00569435,106.3742,97.4416,377.1451,386.0777,0.00462666,0.00473624,0.00023726,7.1750,6.4906,0.0426,4.2045,0.0806,708.8314,98.7913,8.8300,6.6350,4.0407,4.4018,8.4329,14.3073,20.7715,40.8781,4.2012,0.0,4.718859,9.286678,1.630025,30,242,81,2,0.30276321,0.00593162,-0.00694385,0E-8,0.000000,0.904604,0.002289,0.01846642,2026-03-22,2026-08-06,115,6001,2406,138,0.833333,1.330819,1.230659,1.009211,,,,,,,,GLOBAL_BASELINE_NO_ENTITY_RANKING,,,NOT_APPLICABLE_GLOBAL_BASELINE,HF9g-P5,,,,X 全窗基线 · 不参与实体赏罚,8399427,840,A168_HF9F_20260827_0900,2026-08-27 09:00:00
2026-04-01,36810153,462,0,12.6494212890,-12.6494212890,-12.6494212890,0E-7,1,1,0.50665070000000000,0.506650700000,-1.013391052207602,-1.013391052207602,-1.013391052207602,0E-17,ELIGIBLE,R03b_20260811_FULL_v1,L1_ELIGIBILITY,v2026-08-11,2026-03-21..2026-08-06,baccarat_bet02_101_all_pairs_incl_sentinel,round_win = game_pnl > 0 (decisive only),COMPATIBILITY_ONLY_NOT_PRODUCTION,81515.6139,73739.3596,483.5193,11361,11361,-0.00593162,0.00694385,-0.01152257,-0.00593162,-483.5193,81515.6139,OK,0.0000,19.3408,4.0000,96.0000,AG03-UNRESOLVED,ALL5_LEVELS_bet23_to_bet27,19.3408,19.3408,19.3408,24.1760,24.1760,4.000000,4.000000,4.000000,5.000000,5.000000,96.000000,96.000000,96.000000,95.000000,95.000000,5.0,106.3742,97.4416,377.1451,386.0777,PENDING_AG03,FALSE,NOT_FOR_ENFORCEMENT,464.1785,70789.7852,483.5193,464.1785,19.3408,0.00593162,0.00569435,19.3408,464.1785,0.00569435,19.3408,19.3408,19.3408,24.1760,24.1760,464.1785,0.00569435,106.3742,97.4416,377.1451,386.0777,0.00462666,0.00473624,0.00023726,7.1750,6.4906,0.0426,4.2045,0.0806,708.8314,98.7913,8.8300,6.6350,4.0407,4.4018,8.4329,14.3073,20.7715,40.8781,4.2012,0.0,4.718859,9.286678,1.630025,30,242,81,2,0.30276321,0.00593162,-0.00694385,0E-8,0.000000,0.904604,0.002289,0.01846642,2026-03-22,2026-08-06,115,6001,2406,138,0.833333,1.330819,1.230659,1.009211,,,,,,,,GLOBAL_BASELINE_NO_ENTITY_RANKING,,,NOT_APPLICABLE_GLOBAL_BASELINE,HF9g-P5,,,,X 全窗基线 · 不参与实体赏罚,8399428,840,A168_HF9F_20260827_0900,2026-08-27 09:00:00
2026-04-02,36810153,-1,1,43.4296797588,-25.7521135075,-25.7521135075,0.3333333,3,3,0.50218230000000000,0.502182300000,-0.5849155494134425,-0.5849155494134426,-0.5849155494134425,0E-17,SENTINEL_DEALER,R03b_20260811_FULL_v1,L1_ELIGIBILITY,v2026-08-11,2026-03-21..2026-08-06,baccarat_bet02_101_all_pairs_incl_sentinel,round_win = game_pnl > 0 (decisive only),COMPATIBILITY_ONLY_NOT_PRODUCTION,81515.6139,73739.3596,483.5193,11361,11361,-0.00593162,0.00694385,-0.01152257,-0.00593162,-483.5193,81515.6139,OK,0.0000,19.3408,4.0000,96.0000,AG03-UNRESOLVED,ALL5_LEVELS_bet23_to_bet27,19.3408,19.3408,19.3408,24.1760,24.1760,4.000000,4.000000,4.000000,5.000000,5.000000,96.000000,96.000000,96.000000,95.000000,95.000000,5.0,106.3742,97.4416,377.1451,386.0777,PENDING_AG03,FALSE,NOT_FOR_ENFORCEMENT,464.1785,70789.7852,483.5193,464.1785,19.3408,0.00593162,0.00569435,19.3408,464.1785,0.00569435,19.3408,19.3408,19.3408,24.1760,24.1760,464.1785,0.00569435,106.3742,97.4416,377.1451,386.0777,0.00462666,0.00473624,0.00023726,7.1750,6.4906,0.0426,4.2045,0.0806,708.8314,98.7913,8.8300,6.6350,4.0407,4.4018,8.4329,14.3073,20.7715,40.8781,4.2012,0.0,4.718859,9.286678,1.630025,30,242,81,2,0.30276321,0.00593162,-0.00694385,0E-8,0.000000,0.904604,0.002289,0.01846642,2026-03-22,2026-08-06,115,6001,2406,138,0.833333,1.330819,1.230659,1.009211,,,,,,,,GLOBAL_BASELINE_NO_ENTITY_RANKING,,,NOT_APPLICABLE_GLOBAL_BASELINE,HF9g-P5,,,,X 全窗基线 · 不参与实体赏罚,8399429,840,A168_HF9F_20260827_0900,2026-08-27 09:00:00
2026-04-02,36810153,1383,0,21.0823688150,-21.0823688150,-21.0823688150,0E-7,2,2,0.49994810000000000,0.499948100000,-1.4140667746232096,-1.4140667746232096,-1.4140667746232096,0E-17,ELIGIBLE,R03b_20260811_FULL_v1,L1_ELIGIBILITY,v2026-08-11,2026-03-21..2026-08-06,baccarat_bet02_101_all_pairs_incl_sentinel,round_win = game_pnl > 0 (decisive only),COMPATIBILITY_ONLY_NOT_PRODUCTION,81515.6139,73739.3596,483.5193,11361,11361,-0.00593162,0.00694385,-0.01152257,-0.00593162,-483.5193,81515.6139,OK,0.0000,19.3408,4.0000,96.0000,AG03-UNRESOLVED,ALL5_LEVELS_bet23_to_bet27,19.3408,19.3408,19.3408,24.1760,24.1760,4.000000,4.000000,4.000000,5.000000,5.000000,96.000000,96.000000,96.000000,95.000000,95.000000,5.0,106.3742,97.4416,377.1451,386.0777,PENDING_AG03,FALSE,NOT_FOR_ENFORCEMENT,464.1785,70789.7852,483.5193,464.1785,19.3408,0.00593162,0.00569435,19.3408,464.1785,0.00569435,19.3408,19.3408,19.3408,24.1760,24.1760,464.1785,0.00569435,106.3742,97.4416,377.1451,386.0777,0.00462666,0.00473624,0.00023726,7.1750,6.4906,0.0426,4.2045,0.0806,708.8314,98.7913,8.8300,6.6350,4.0407,4.4018,8.4329,14.3073,20.7715,40.8781,4.2012,0.0,4.718859,9.286678,1.630025,30,242,81,2,0.30276321,0.00593162,-0.00694385,0E-8,0.000000,0.904604,0.002289,0.01846642,2026-03-22,2026-08-06,115,6001,2406,138,0.833333,1.330819,1.230659,1.009211,,,,,,,,GLOBAL_BASELINE_NO_ENTITY_RANKING,,,NOT_APPLICABLE_GLOBAL_BASELINE,HF9g-P5,,,,X 全窗基线 · 不参与实体赏罚,8399430,840,A168_HF9F_20260827_0900,2026-08-27 09:00:00
2026-04-02,36810153,1646,0,5.9030632682,-0.8432947526,-0.8432947526,0.6666667,3,3,0.49771390000000000,0.497713900000,0.5852756695216578,0.5852756695216578,0.5852756695216578,0E-17,ELIGIBLE,R03b_20260811_FULL_v1,L1_ELIGIBILITY,v2026-08-11,2026-03-21..2026-08-06,baccarat_bet02_101_all_pairs_incl_sentinel,round_win = game_pnl > 0 (decisive only),COMPATIBILITY_ONLY_NOT_PRODUCTION,81515.6139,73739.3596,483.5193,11361,11361,-0.00593162,0.00694385,-0.01152257,-0.00593162,-483.5193,81515.6139,OK,0.0000,19.3408,4.0000,96.0000,AG03-UNRESOLVED,ALL5_LEVELS_bet23_to_bet27,19.3408,19.3408,19.3408,24.1760,24.1760,4.000000,4.000000,4.000000,5.000000,5.000000,96.000000,96.000000,96.000000,95.000000,95.000000,5.0,106.3742,97.4416,377.1451,386.0777,PENDING_AG03,FALSE,NOT_FOR_ENFORCEMENT,464.1785,70789.7852,483.5193,464.1785,19.3408,0.00593162,0.00569435,19.3408,464.1785,0.00569435,19.3408,19.3408,19.3408,24.1760,24.1760,464.1785,0.00569435,106.3742,97.4416,377.1451,386.0777,0.00462666,0.00473624,0.00023726,7.1750,6.4906,0.0426,4.2045,0.0806,708.8314,98.7913,8.8300,6.6350,4.0407,4.4018,8.4329,14.3073,20.7715,40.8781,4.2012,0.0,4.718859,9.286678,1.630025,30,242,81,2,0.30276321,0.00593162,-0.00694385,0E-8,0.000000,0.904604,0.002289,0.01846642,2026-03-22,2026-08-06,115,6001,2406,138,0.833333,1.330819,1.230659,1.009211,,,,,,,,GLOBAL_BASELINE_NO_ENTITY_RANKING,,,NOT_APPLICABLE_GLOBAL_BASELINE,HF9g-P5,,,,X 全窗基线 · 不参与实体赏罚,8399431,840,A168_HF9F_20260827_0900,2026-08-27 09:00:00
2026-04-02,36810153,1654,0,8.4329475260,-8.4329475260,-8.4329475260,0E-7,1,1,0.50665070000000000,0.506650700000,-1.013391052207602,-1.013391052207602,-1.013391052207602,0E-17,ELIGIBLE,R03b_20260811_FULL_v1,L1_ELIGIBILITY,v2026-08-11,2026-03-21..2026-08-06,baccarat_bet02_101_all_pairs_incl_sentinel,round_win = game_pnl > 0 (decisive only),COMPATIBILITY_ONLY_NOT_PRODUCTION,81515.6139,73739.3596,483.5193,11361,11361,-0.00593162,0.00694385,-0.01152257,-0.00593162,-483.5193,81515.6139,OK,0.0000,19.3408,4.0000,96.0000,AG03-UNRESOLVED,ALL5_LEVELS_bet23_to_bet27,19.3408,19.3408,19.3408,24.1760,24.1760,4.000000,4.000000,4.000000,5.000000,5.000000,96.000000,96.000000,96.000000,95.000000,95.000000,5.0,106.3742,97.4416,377.1451,386.0777,PENDING_AG03,FALSE,NOT_FOR_ENFORCEMENT,464.1785,70789.7852,483.5193,464.1785,19.3408,0.00593162,0.00569435,19.3408,464.1785,0.00569435,19.3408,19.3408,19.3408,24.1760,24.1760,464.1785,0.00569435,106.3742,97.4416,377.1451,386.0777,0.00462666,0.00473624,0.00023726,7.1750,6.4906,0.0426,4.2045,0.0806,708.8314,98.7913,8.8300,6.6350,4.0407,4.4018,8.4329,14.3073,20.7715,40.8781,4.2012,0.0,4.718859,9.286678,1.630025,30,242,81,2,0.30276321,0.00593162,-0.00694385,0E-8,0.000000,0.904604,0.002289,0.01846642,2026-03-22,2026-08-06,115,6001,2406,138,0.833333,1.330819,1.230659,1.009211,,,,,,,,GLOBAL_BASELINE_NO_ENTITY_RANKING,,,NOT_APPLICABLE_GLOBAL_BASELINE,HF9g-P5,,,,X 全窗基线 · 不参与实体赏罚,8399432,840,A168_HF9F_20260827_0900,2026-08-27 09:00:00
2026-04-02,36810153,2224,0,9.0654185904,0E-10,0E-10,,1,1,0.50665070000000000,0.506650700000,,,,0E-17,NO_DECISIVE_ROUND,R03b_20260811_FULL_v1,L1_ELIGIBILITY,v2026-08-11,2026-03-21..2026-08-06,baccarat_bet02_101_all_pairs_incl_sentinel,round_win = game_pnl > 0 (decisive only),COMPATIBILITY_ONLY_NOT_PRODUCTION,81515.6139,73739.3596,483.5193,11361,11361,-0.00593162,0.00694385,-0.01152257,-0.00593162,-483.5193,81515.6139,OK,0.0000,19.3408,4.0000,96.0000,AG03-UNRESOLVED,ALL5_LEVELS_bet23_to_bet27,19.3408,19.3408,19.3408,24.1760,24.1760,4.000000,4.000000,4.000000,5.000000,5.000000,96.000000,96.000000,96.000000,95.000000,95.000000,5.0,106.3742,97.4416,377.1451,386.0777,PENDING_AG03,FALSE,NOT_FOR_ENFORCEMENT,464.1785,70789.7852,483.5193,464.1785,19.3408,0.00593162,0.00569435,19.3408,464.1785,0.00569435,19.3408,19.3408,19.3408,24.1760,24.1760,464.1785,0.00569435,106.3742,97.4416,377.1451,386.0777,0.00462666,0.00473624,0.00023726,7.1750,6.4906,0.0426,4.2045,0.0806,708.8314,98.7913,8.8300,6.6350,4.0407,4.4018,8.4329,14.3073,20.7715,40.8781,4.2012,0.0,4.718859,9.286678,1.630025,30,242,81,2,0.30276321,0.00593162,-0.00694385,0E-8,0.000000,0.904604,0.002289,0.01846642,2026-03-22,2026-08-06,115,6001,2406,138,0.833333,1.330819,1.230659,1.009211,,,,,,,,GLOBAL_BASELINE_NO_ENTITY_RANKING,,,NOT_APPLICABLE_GLOBAL_BASELINE,HF9g-P5,,,,X 全窗基线 · 不参与实体赏罚,8399433,840,A168_HF9F_20260827_0900,2026-08-27 09:00:00
2026-04-02,36810153,2232,0,12.6494212890,-4.2164737630,-4.2164737630,0.5000000,2,2,0.49994810000000000,0.499948100000,0.00014679536856514622,0.00014679536856514622,0.00014679536856514622,0E-17,ELIGIBLE,R03b_20260811_FULL_v1,L1_ELIGIBILITY,v2026-08-11,2026-03-21..2026-08-06,baccarat_bet02_101_all_pairs_incl_sentinel,round_win = game_pnl > 0 (decisive only),COMPATIBILITY_ONLY_NOT_PRODUCTION,81515.6139,73739.3596,483.5193,11361,11361,-0.00593162,0.00694385,-0.01152257,-0.00593162,-483.5193,81515.6139,OK,0.0000,19.3408,4.0000,96.0000,AG03-UNRESOLVED,ALL5_LEVELS_bet23_to_bet27,19.3408,19.3408,19.3408,24.1760,24.1760,4.000000,4.000000,4.000000,5.000000,5.000000,96.000000,96.000000,96.000000,95.000000,95.000000,5.0,106.3742,97.4416,377.1451,386.0777,PENDING_AG03,FALSE,NOT_FOR_ENFORCEMENT,464.1785,70789.7852,483.5193,464.1785,19.3408,0.00593162,0.00569435,19.3408,464.1785,0.00569435,19.3408,19.3408,19.3408,24.1760,24.1760,464.1785,0.00569435,106.3742,97.4416,377.1451,386.0777,0.00462666,0.00473624,0.00023726,7.1750,6.4906,0.0426,4.2045,0.0806,708.8314,98.7913,8.8300,6.6350,4.0407,4.4018,8.4329,14.3073,20.7715,40.8781,4.2012,0.0,4.718859,9.286678,1.630025,30,242,81,2,0.30276321,0.00593162,-0.00694385,0E-8,0.000000,0.904604,0.002289,0.01846642,2026-03-22,2026-08-06,115,6001,2406,138,0.833333,1.330819,1.230659,1.009211,,,,,,,,GLOBAL_BASELINE_NO_ENTITY_RANKING,,,NOT_APPLICABLE_GLOBAL_BASELINE,HF9g-P5,,,,X 全窗基线 · 不参与实体赏罚,8399434,840,A168_HF9F_20260827_0900,2026-08-27 09:00:00
2026-04-02,36810153,2235,0,8.4329475260,0E-10,0E-10,,1,1,0.50665070000000000,0.506650700000,,,,0E-17,NO_DECISIVE_ROUND,R03b_20260811_FULL_v1,L1_ELIGIBILITY,v2026-08-11,2026-03-21..2026-08-06,baccarat_bet02_101_all_pairs_incl_sentinel,round_win = game_pnl > 0 (decisive only),COMPATIBILITY_ONLY_NOT_PRODUCTION,81515.6139,73739.3596,483.5193,11361,11361,-0.00593162,0.00694385,-0.01152257,-0.00593162,-483.5193,81515.6139,OK,0.0000,19.3408,4.0000,96.0000,AG03-UNRESOLVED,ALL5_LEVELS_bet23_to_bet27,19.3408,19.3408,19.3408,24.1760,24.1760,4.000000,4.000000,4.000000,5.000000,5.000000,96.000000,96.000000,96.000000,95.000000,95.000000,5.0,106.3742,97.4416,377.1451,386.0777,PENDING_AG03,FALSE,NOT_FOR_ENFORCEMENT,464.1785,70789.7852,483.5193,464.1785,19.3408,0.00593162,0.00569435,19.3408,464.1785,0.00569435,19.3408,19.3408,19.3408,24.1760,24.1760,464.1785,0.00569435,106.3742,97.4416,377.1451,386.0777,0.00462666,0.00473624,0.00023726,7.1750,6.4906,0.0426,4.2045,0.0806,708.8314,98.7913,8.8300,6.6350,4.0407,4.4018,8.4329,14.3073,20.7715,40.8781,4.2012,0.0,4.718859,9.286678,1.630025,30,242,81,2,0.30276321,0.00593162,-0.00694385,0E-8,0.000000,0.904604,0.002289,0.01846642,2026-03-22,2026-08-06,115,6001,2406,138,0.833333,1.330819,1.230659,1.009211,,,,,,,,GLOBAL_BASELINE_NO_ENTITY_RANKING,,,NOT_APPLICABLE_GLOBAL_BASELINE,HF9g-P5,,,,X 全窗基线 · 不参与实体赏罚,8399435,840,A168_HF9F_20260827_0900,2026-08-27 09:00:00
2026-04-02,36810153,2239,0,1.4757658170,-1.4757658170,-1.4757658170,0E-7,1,1,0.49324550000000000,0.493245500000,-0.9865810262130424,-0.9865810262130424,-0.9865810262130424,0E-17,ELIGIBLE,R03b_20260811_FULL_v1,L1_ELIGIBILITY,v2026-08-11,2026-03-21..2026-08-06,baccarat_bet02_101_all_pairs_incl_sentinel,round_win = game_pnl > 0 (decisive only),COMPATIBILITY_ONLY_NOT_PRODUCTION,81515.6139,73739.3596,483.5193,11361,11361,-0.00593162,0.00694385,-0.01152257,-0.00593162,-483.5193,81515.6139,OK,0.0000,19.3408,4.0000,96.0000,AG03-UNRESOLVED,ALL5_LEVELS_bet23_to_bet27,19.3408,19.3408,19.3408,24.1760,24.1760,4.000000,4.000000,4.000000,5.000000,5.000000,96.000000,96.000000,96.000000,95.000000,95.000000,5.0,106.3742,97.4416,377.1451,386.0777,PENDING_AG03,FALSE,NOT_FOR_ENFORCEMENT,464.1785,70789.7852,483.5193,464.1785,19.3408,0.00593162,0.00569435,19.3408,464.1785,0.00569435,19.3408,19.3408,19.3408,24.1760,24.1760,464.1785,0.00569435,106.3742,97.4416,377.1451,386.0777,0.00462666,0.00473624,0.00023726,7.1750,6.4906,0.0426,4.2045,0.0806,708.8314,98.7913,8.8300,6.6350,4.0407,4.4018,8.4329,14.3073,20.7715,40.8781,4.2012,0.0,4.718859,9.286678,1.630025,30,242,81,2,0.30276321,0.00593162,-0.00694385,0E-8,0.000000,0.904604,0.002289,0.01846642,2026-03-22,2026-08-06,115,6001,2406,138,0.833333,1.330819,1.230659,1.009211,,,,,,,,GLOBAL_BASELINE_NO_ENTITY_RANKING,,,NOT_APPLICABLE_GLOBAL_BASELINE,HF9g-P5,,,,X 全窗基线 · 不参与实体赏罚,8399436,840,A168_HF9F_20260827_0900,2026-08-27 09:00:00
2026-04-02,36810153,462,0,4.2164737630,4.2164737630,4.2164737630,1.0000000,1,1,0.49324550000000000,0.493245500000,1.01360149184955,1.01360149184955,1.01360149184955,0E-17,ELIGIBLE,R03b_20260811_FULL_v1,L1_ELIGIBILITY,v2026-08-11,2026-03-21..2026-08-06,baccarat_bet02_101_all_pairs_incl_sentinel,round_win = game_pnl > 0 (decisive only),COMPATIBILITY_ONLY_NOT_PRODUCTION,81515.6139,73739.3596,483.5193,11361,11361,-0.00593162,0.00694385,-0.01152257,-0.00593162,-483.5193,81515.6139,OK,0.0000,19.3408,4.0000,96.0000,AG03-UNRESOLVED,ALL5_LEVELS_bet23_to_bet27,19.3408,19.3408,19.3408,24.1760,24.1760,4.000000,4.000000,4.000000,5.000000,5.000000,96.000000,96.000000,96.000000,95.000000,95.000000,5.0,106.3742,97.4416,377.1451,386.0777,PENDING_AG03,FALSE,NOT_FOR_ENFORCEMENT,464.1785,70789.7852,483.5193,464.1785,19.3408,0.00593162,0.00569435,19.3408,464.1785,0.00569435,19.3408,19.3408,19.3408,24.1760,24.1760,464.1785,0.00569435,106.3742,97.4416,377.1451,386.0777,0.00462666,0.00473624,0.00023726,7.1750,6.4906,0.0426,4.2045,0.0806,708.8314,98.7913,8.8300,6.6350,4.0407,4.4018,8.4329,14.3073,20.7715,40.8781,4.2012,0.0,4.718859,9.286678,1.630025,30,242,81,2,0.30276321,0.00593162,-0.00694385,0E-8,0.000000,0.904604,0.002289,0.01846642,2026-03-22,2026-08-06,115,6001,2406,138,0.833333,1.330819,1.230659,1.009211,,,,,,,,GLOBAL_BASELINE_NO_ENTITY_RANKING,,,NOT_APPLICABLE_GLOBAL_BASELINE,HF9g-P5,,,,X 全窗基线 · 不参与实体赏罚,8399437,840,A168_HF9F_20260827_0900,2026-08-27 09:00:00
2026-04-02,36810153,595,0,8.4329475260,4.2164737630,4.2164737630,1.0000000,2,2,0.49324550000000000,0.493245500000,1.01360149184955,1.01360149184955,1.01360149184955,0E-17,ELIGIBLE,R03b_20260811_FULL_v1,L1_ELIGIBILITY,v2026-08-11,2026-03-21..2026-08-06,baccarat_bet02_101_all_pairs_incl_sentinel,round_win = game_pnl > 0 (decisive only),COMPATIBILITY_ONLY_NOT_PRODUCTION,81515.6139,73739.3596,483.5193,11361,11361,-0.00593162,0.00694385,-0.01152257,-0.00593162,-483.5193,81515.6139,OK,0.0000,19.3408,4.0000,96.0000,AG03-UNRESOLVED,ALL5_LEVELS_bet23_to_bet27,19.3408,19.3408,19.3408,24.1760,24.1760,4.000000,4.000000,4.000000,5.000000,5.000000,96.000000,96.000000,96.000000,95.000000,95.000000,5.0,106.3742,97.4416,377.1451,386.0777,PENDING_AG03,FALSE,NOT_FOR_ENFORCEMENT,464.1785,70789.7852,483.5193,464.1785,19.3408,0.00593162,0.00569435,19.3408,464.1785,0.00569435,19.3408,19.3408,19.3408,24.1760,24.1760,464.1785,0.00569435,106.3742,97.4416,377.1451,386.0777,0.00462666,0.00473624,0.00023726,7.1750,6.4906,0.0426,4.2045,0.0806,708.8314,98.7913,8.8300,6.6350,4.0407,4.4018,8.4329,14.3073,20.7715,40.8781,4.2012,0.0,4.718859,9.286678,1.630025,30,242,81,2,0.30276321,0.00593162,-0.00694385,0E-8,0.000000,0.904604,0.002289,0.01846642,2026-03-22,2026-08-06,115,6001,2406,138,0.833333,1.330819,1.230659,1.009211,,,,,,,,GLOBAL_BASELINE_NO_ENTITY_RANKING,,,NOT_APPLICABLE_GLOBAL_BASELINE,HF9g-P5,,,,X 全窗基线 · 不参与实体赏罚,8399438,840,A168_HF9F_20260827_0900,2026-08-27 09:00:00
2026-04-05,36810153,-1,1,1.2649421289,1.2016950225,1.2016950225,1.0000000,1,1,0.50665070000000000,0.506650700000,0.9867858985152569,0.9867858985152569,0.9867858985152569,0E-17,SENTINEL_DEALER,R03b_20260811_FULL_v1,L1_ELIGIBILITY,v2026-08-11,2026-03-21..2026-08-06,baccarat_bet02_101_all_pairs_incl_sentinel,round_win = game_pnl > 0 (decisive only),COMPATIBILITY_ONLY_NOT_PRODUCTION,81515.6139,73739.3596,483.5193,11361,11361,-0.00593162,0.00694385,-0.01152257,-0.00593162,-483.5193,81515.6139,OK,0.0000,19.3408,4.0000,96.0000,AG03-UNRESOLVED,ALL5_LEVELS_bet23_to_bet27,19.3408,19.3408,19.3408,24.1760,24.1760,4.000000,4.000000,4.000000,5.000000,5.000000,96.000000,96.000000,96.000000,95.000000,95.000000,5.0,106.3742,97.4416,377.1451,386.0777,PENDING_AG03,FALSE,NOT_FOR_ENFORCEMENT,464.1785,70789.7852,483.5193,464.1785,19.3408,0.00593162,0.00569435,19.3408,464.1785,0.00569435,19.3408,19.3408,19.3408,24.1760,24.1760,464.1785,0.00569435,106.3742,97.4416,377.1451,386.0777,0.00462666,0.00473624,0.00023726,7.1750,6.4906,0.0426,4.2045,0.0806,708.8314,98.7913,8.8300,6.6350,4.0407,4.4018,8.4329,14.3073,20.7715,40.8781,4.2012,0.0,4.718859,9.286678,1.630025,30,242,81,2,0.30276321,0.00593162,-0.00694385,0E-8,0.000000,0.904604,0.002289,0.01846642,2026-03-22,2026-08-06,115,6001,2406,138,0.833333,1.330819,1.230659,1.009211,,,,,,,,GLOBAL_BASELINE_NO_ENTITY_RANKING,,,NOT_APPLICABLE_GLOBAL_BASELINE,HF9g-P5,,,,X 全窗基线 · 不参与实体赏罚,8399439,840,A168_HF9F_20260827_0900,2026-08-27 09:00:00
2026-04-05,36810153,1078,0,4.2164737630,-4.2164737630,-4.2164737630,0E-7,1,1,0.50665070000000000,0.506650700000,-1.013391052207602,-1.013391052207602,-1.013391052207602,0E-17,ELIGIBLE,R03b_20260811_FULL_v1,L1_ELIGIBILITY,v2026-08-11,2026-03-21..2026-08-06,baccarat_bet02_101_all_pairs_incl_sentinel,round_win = game_pnl > 0 (decisive only),COMPATIBILITY_ONLY_NOT_PRODUCTION,81515.6139,73739.3596,483.5193,11361,11361,-0.00593162,0.00694385,-0.01152257,-0.00593162,-483.5193,81515.6139,OK,0.0000,19.3408,4.0000,96.0000,AG03-UNRESOLVED,ALL5_LEVELS_bet23_to_bet27,19.3408,19.3408,19.3408,24.1760,24.1760,4.000000,4.000000,4.000000,5.000000,5.000000,96.000000,96.000000,96.000000,95.000000,95.000000,5.0,106.3742,97.4416,377.1451,386.0777,PENDING_AG03,FALSE,NOT_FOR_ENFORCEMENT,464.1785,70789.7852,483.5193,464.1785,19.3408,0.00593162,0.00569435,19.3408,464.1785,0.00569435,19.3408,19.3408,19.3408,24.1760,24.1760,464.1785,0.00569435,106.3742,97.4416,377.1451,386.0777,0.00462666,0.00473624,0.00023726,7.1750,6.4906,0.0426,4.2045,0.0806,708.8314,98.7913,8.8300,6.6350,4.0407,4.4018,8.4329,14.3073,20.7715,40.8781,4.2012,0.0,4.718859,9.286678,1.630025,30,242,81,2,0.30276321,0.00593162,-0.00694385,0E-8,0.000000,0.904604,0.002289,0.01846642,2026-03-22,2026-08-06,115,6001,2406,138,0.833333,1.330819,1.230659,1.009211,,,,,,,,GLOBAL_BASELINE_NO_ENTITY_RANKING,,,NOT_APPLICABLE_GLOBAL_BASELINE,HF9g-P5,,,,X 全窗基线 · 不参与实体赏罚,8399440,840,A168_HF9F_20260827_0900,2026-08-27 09:00:00
2026-04-05,36810153,2118,0,21.7148398794,-20.4498977506,-20.4498977506,0.5000000,2,2,0.49324550000000000,0.493245500000,0.01910635448239258,0.01910635448239258,0.01910635448239258,0E-17,ELIGIBLE,R03b_20260811_FULL_v1,L1_ELIGIBILITY,v2026-08-11,2026-03-21..2026-08-06,baccarat_bet02_101_all_pairs_incl_sentinel,round_win = game_pnl > 0 (decisive only),COMPATIBILITY_ONLY_NOT_PRODUCTION,81515.6139,73739.3596,483.5193,11361,11361,-0.00593162,0.00694385,-0.01152257,-0.00593162,-483.5193,81515.6139,OK,0.0000,19.3408,4.0000,96.0000,AG03-UNRESOLVED,ALL5_LEVELS_bet23_to_bet27,19.3408,19.3408,19.3408,24.1760,24.1760,4.000000,4.000000,4.000000,5.000000,5.000000,96.000000,96.000000,96.000000,95.000000,95.000000,5.0,106.3742,97.4416,377.1451,386.0777,PENDING_AG03,FALSE,NOT_FOR_ENFORCEMENT,464.1785,70789.7852,483.5193,464.1785,19.3408,0.00593162,0.00569435,19.3408,464.1785,0.00569435,19.3408,19.3408,19.3408,24.1760,24.1760,464.1785,0.00569435,106.3742,97.4416,377.1451,386.0777,0.00462666,0.00473624,0.00023726,7.1750,6.4906,0.0426,4.2045,0.0806,708.8314,98.7913,8.8300,6.6350,4.0407,4.4018,8.4329,14.3073,20.7715,40.8781,4.2012,0.0,4.718859,9.286678,1.630025,30,242,81,2,0.30276321,0.00593162,-0.00694385,0E-8,0.000000,0.904604,0.002289,0.01846642,2026-03-22,2026-08-06,115,6001,2406,138,0.833333,1.330819,1.230659,1.009211,,,,,,,,GLOBAL_BASELINE_NO_ENTITY_RANKING,,,NOT_APPLICABLE_GLOBAL_BASELINE,HF9g-P5,,,,X 全窗基线 · 不参与实体赏罚,8399441,840,A168_HF9F_20260827_0900,2026-08-27 09:00:00
2026-04-05,36810153,2127,0,87.4918305821,18.9741319335,18.9741319335,0.5714286,14,14,0.49994810000000000,0.499948100000,0.5349108707432784,0.5349108707432784,0.5349108707432784,0E-17,ELIGIBLE,R03b_20260811_FULL_v1,L1_ELIGIBILITY,v2026-08-11,2026-03-21..2026-08-06,baccarat_bet02_101_all_pairs_incl_sentinel,round_win = game_pnl > 0 (decisive only),COMPATIBILITY_ONLY_NOT_PRODUCTION,81515.6139,73739.3596,483.5193,11361,11361,-0.00593162,0.00694385,-0.01152257,-0.00593162,-483.5193,81515.6139,OK,0.0000,19.3408,4.0000,96.0000,AG03-UNRESOLVED,ALL5_LEVELS_bet23_to_bet27,19.3408,19.3408,19.3408,24.1760,24.1760,4.000000,4.000000,4.000000,5.000000,5.000000,96.000000,96.000000,96.000000,95.000000,95.000000,5.0,106.3742,97.4416,377.1451,386.0777,PENDING_AG03,FALSE,NOT_FOR_ENFORCEMENT,464.1785,70789.7852,483.5193,464.1785,19.3408,0.00593162,0.00569435,19.3408,464.1785,0.00569435,19.3408,19.3408,19.3408,24.1760,24.1760,464.1785,0.00569435,106.3742,97.4416,377.1451,386.0777,0.00462666,0.00473624,0.00023726,7.1750,6.4906,0.0426,4.2045,0.0806,708.8314,98.7913,8.8300,6.6350,4.0407,4.4018,8.4329,14.3073,20.7715,40.8781,4.2012,0.0,4.718859,9.286678,1.630025,30,242,81,2,0.30276321,0.00593162,-0.00694385,0E-8,0.000000,0.904604,0.002289,0.01846642,2026-03-22,2026-08-06,115,6001,2406,138,0.833333,1.330819,1.230659,1.009211,,,,,,,,GLOBAL_BASELINE_NO_ENTITY_RANKING,,,NOT_APPLICABLE_GLOBAL_BASELINE,HF9g-P5,,,,X 全窗基线 · 不参与实体赏罚,8399442,840,A168_HF9F_20260827_0900,2026-08-27 09:00:00
2026-04-05,36810153,2142,0,8.0113001497,-8.0113001497,-8.0113001497,0E-7,1,1,0.49324550000000000,0.493245500000,-0.9865810262130424,-0.9865810262130424,-0.9865810262130424,0E-17,ELIGIBLE,R03b_20260811_FULL_v1,L1_ELIGIBILITY,v2026-08-11,2026-03-21..2026-08-06,baccarat_bet02_101_all_pairs_incl_sentinel,round_win = game_pnl > 0 (decisive only),COMPATIBILITY_ONLY_NOT_PRODUCTION,81515.6139,73739.3596,483.5193,11361,11361,-0.00593162,0.00694385,-0.01152257,-0.00593162,-483.5193,81515.6139,OK,0.0000,19.3408,4.0000,96.0000,AG03-UNRESOLVED,ALL5_LEVELS_bet23_to_bet27,19.3408,19.3408,19.3408,24.1760,24.1760,4.000000,4.000000,4.000000,5.000000,5.000000,96.000000,96.000000,96.000000,95.000000,95.000000,5.0,106.3742,97.4416,377.1451,386.0777,PENDING_AG03,FALSE,NOT_FOR_ENFORCEMENT,464.1785,70789.7852,483.5193,464.1785,19.3408,0.00593162,0.00569435,19.3408,464.1785,0.00569435,19.3408,19.3408,19.3408,24.1760,24.1760,464.1785,0.00569435,106.3742,97.4416,377.1451,386.0777,0.00462666,0.00473624,0.00023726,7.1750,6.4906,0.0426,4.2045,0.0806,708.8314,98.7913,8.8300,6.6350,4.0407,4.4018,8.4329,14.3073,20.7715,40.8781,4.2012,0.0,4.718859,9.286678,1.630025,30,242,81,2,0.30276321,0.00593162,-0.00694385,0E-8,0.000000,0.904604,0.002289,0.01846642,2026-03-22,2026-08-06,115,6001,2406,138,0.833333,1.330819,1.230659,1.009211,,,,,,,,GLOBAL_BASELINE_NO_ENTITY_RANKING,,,NOT_APPLICABLE_GLOBAL_BASELINE,HF9g-P5,,,,X 全窗基线 · 不参与实体赏罚,8399443,840,A168_HF9F_20260827_0900,2026-08-27 09:00:00
2026-04-05,36810153,763,0,2.3190605696,-2.3190605696,-2.3190605696,0E-7,1,1,0.49324550000000000,0.493245500000,-0.9865810262130424,-0.9865810262130424,-0.9865810262130424,0E-17,ELIGIBLE,R03b_20260811_FULL_v1,L1_ELIGIBILITY,v2026-08-11,2026-03-21..2026-08-06,baccarat_bet02_101_all_pairs_incl_sentinel,round_win = game_pnl > 0 (decisive only),COMPATIBILITY_ONLY_NOT_PRODUCTION,81515.6139,73739.3596,483.5193,11361,11361,-0.00593162,0.00694385,-0.01152257,-0.00593162,-483.5193,81515.6139,OK,0.0000,19.3408,4.0000,96.0000,AG03-UNRESOLVED,ALL5_LEVELS_bet23_to_bet27,19.3408,19.3408,19.3408,24.1760,24.1760,4.000000,4.000000,4.000000,5.000000,5.000000,96.000000,96.000000,96.000000,95.000000,95.000000,5.0,106.3742,97.4416,377.1451,386.0777,PENDING_AG03,FALSE,NOT_FOR_ENFORCEMENT,464.1785,70789.7852,483.5193,464.1785,19.3408,0.00593162,0.00569435,19.3408,464.1785,0.00569435,19.3408,19.3408,19.3408,24.1760,24.1760,464.1785,0.00569435,106.3742,97.4416,377.1451,386.0777,0.00462666,0.00473624,0.00023726,7.1750,6.4906,0.0426,4.2045,0.0806,708.8314,98.7913,8.8300,6.6350,4.0407,4.4018,8.4329,14.3073,20.7715,40.8781,4.2012,0.0,4.718859,9.286678,1.630025,30,242,81,2,0.30276321,0.00593162,-0.00694385,0E-8,0.000000,0.904604,0.002289,0.01846642,2026-03-22,2026-08-06,115,6001,2406,138,0.833333,1.330819,1.230659,1.009211,,,,,,,,GLOBAL_BASELINE_NO_ENTITY_RANKING,,,NOT_APPLICABLE_GLOBAL_BASELINE,HF9g-P5,,,,X 全窗基线 · 不参与实体赏罚,8399444,840,A168_HF9F_20260827_0900,2026-08-27 09:00:00
2026-04-05,36810153,925,0,29.5153163410,-29.5153163410,-29.5153163410,0E-7,4,4,0.50329940000000000,0.503299400000,-2.013241432932159,-2.013241432932159,-2.013241432932159,0E-17,ELIGIBLE,R03b_20260811_FULL_v1,L1_ELIGIBILITY,v2026-08-11,2026-03-21..2026-08-06,baccarat_bet02_101_all_pairs_incl_sentinel,round_win = game_pnl > 0 (decisive only),COMPATIBILITY_ONLY_NOT_PRODUCTION,81515.6139,73739.3596,483.5193,11361,11361,-0.00593162,0.00694385,-0.01152257,-0.00593162,-483.5193,81515.6139,OK,0.0000,19.3408,4.0000,96.0000,AG03-UNRESOLVED,ALL5_LEVELS_bet23_to_bet27,19.3408,19.3408,19.3408,24.1760,24.1760,4.000000,4.000000,4.000000,5.000000,5.000000,96.000000,96.000000,96.000000,95.000000,95.000000,5.0,106.3742,97.4416,377.1451,386.0777,PENDING_AG03,FALSE,NOT_FOR_ENFORCEMENT,464.1785,70789.7852,483.5193,464.1785,19.3408,0.00593162,0.00569435,19.3408,464.1785,0.00569435,19.3408,19.3408,19.3408,24.1760,24.1760,464.1785,0.00569435,106.3742,97.4416,377.1451,386.0777,0.00462666,0.00473624,0.00023726,7.1750,6.4906,0.0426,4.2045,0.0806,708.8314,98.7913,8.8300,6.6350,4.0407,4.4018,8.4329,14.3073,20.7715,40.8781,4.2012,0.0,4.718859,9.286678,1.630025,30,242,81,2,0.30276321,0.00593162,-0.00694385,0E-8,0.000000,0.904604,0.002289,0.01846642,2026-03-22,2026-08-06,115,6001,2406,138,0.833333,1.330819,1.230659,1.009211,,,,,,,,GLOBAL_BASELINE_NO_ENTITY_RANKING,,,NOT_APPLICABLE_GLOBAL_BASELINE,HF9g-P5,,,,X 全窗基线 · 不参与实体赏罚,8399445,840,A168_HF9F_20260827_0900,2026-08-27 09:00:00
2026-04-06,36810153,2160,0,2.3190605696,-2.3190605696,-2.3190605696,0E-7,1,1,0.50665070000000000,0.506650700000,-1.013391052207602,-1.013391052207602,-1.013391052207602,0E-17,ELIGIBLE,R03b_20260811_FULL_v1,L1_ELIGIBILITY,v2026-08-11,2026-03-21..2026-08-06,baccarat_bet02_101_all_pairs_incl_sentinel,round_win = game_pnl > 0 (decisive only),COMPATIBILITY_ONLY_NOT_PRODUCTION,81515.6139,73739.3596,483.5193,11361,11361,-0.00593162,0.00694385,-0.01152257,-0.00593162,-483.5193,81515.6139,OK,0.0000,19.3408,4.0000,96.0000,AG03-UNRESOLVED,ALL5_LEVELS_bet23_to_bet27,19.3408,19.3408,19.3408,24.1760,24.1760,4.000000,4.000000,4.000000,5.000000,5.000000,96.000000,96.000000,96.000000,95.000000,95.000000,5.0,106.3742,97.4416,377.1451,386.0777,PENDING_AG03,FALSE,NOT_FOR_ENFORCEMENT,464.1785,70789.7852,483.5193,464.1785,19.3408,0.00593162,0.00569435,19.3408,464.1785,0.00569435,19.3408,19.3408,19.3408,24.1760,24.1760,464.1785,0.00569435,106.3742,97.4416,377.1451,386.0777,0.00462666,0.00473624,0.00023726,7.1750,6.4906,0.0426,4.2045,0.0806,708.8314,98.7913,8.8300,6.6350,4.0407,4.4018,8.4329,14.3073,20.7715,40.8781,4.2012,0.0,4.718859,9.286678,1.630025,30,242,81,2,0.30276321,0.00593162,-0.00694385,0E-8,0.000000,0.904604,0.002289,0.01846642,2026-03-22,2026-08-06,115,6001,2406,138,0.833333,1.330819,1.230659,1.009211,,,,,,,,GLOBAL_BASELINE_NO_ENTITY_RANKING,,,NOT_APPLICABLE_GLOBAL_BASELINE,HF9g-P5,,,,X 全窗基线 · 不参与实体赏罚,8399446,840,A168_HF9F_20260827_0900,2026-08-27 09:00:00
2026-04-07,36810153,-1,1,97.1897202371,28.5666097443,28.5666097443,0.5882353,18,18,0.49399023333333333,0.493990233333,0.7772208248690432,0.7772208248717983,0.7772208248690432,3.3333E-13,SENTINEL_DEALER,R03b_20260811_FULL_v1,L1_ELIGIBILITY,v2026-08-11,2026-03-21..2026-08-06,baccarat_bet02_101_all_pairs_incl_sentinel,round_win = game_pnl > 0 (decisive only),COMPATIBILITY_ONLY_NOT_PRODUCTION,81515.6139,73739.3596,483.5193,11361,11361,-0.00593162,0.00694385,-0.01152257,-0.00593162,-483.5193,81515.6139,OK,0.0000,19.3408,4.0000,96.0000,AG03-UNRESOLVED,ALL5_LEVELS_bet23_to_bet27,19.3408,19.3408,19.3408,24.1760,24.1760,4.000000,4.000000,4.000000,5.000000,5.000000,96.000000,96.000000,96.000000,95.000000,95.000000,5.0,106.3742,97.4416,377.1451,386.0777,PENDING_AG03,FALSE,NOT_FOR_ENFORCEMENT,464.1785,70789.7852,483.5193,464.1785,19.3408,0.00593162,0.00569435,19.3408,464.1785,0.00569435,19.3408,19.3408,19.3408,24.1760,24.1760,464.1785,0.00569435,106.3742,97.4416,377.1451,386.0777,0.00462666,0.00473624,0.00023726,7.1750,6.4906,0.0426,4.2045,0.0806,708.8314,98.7913,8.8300,6.6350,4.0407,4.4018,8.4329,14.3073,20.7715,40.8781,4.2012,0.0,4.718859,9.286678,1.630025,30,242,81,2,0.30276321,0.00593162,-0.00694385,0E-8,0.000000,0.904604,0.002289,0.01846642,2026-03-22,2026-08-06,115,6001,2406,138,0.833333,1.330819,1.230659,1.009211,,,,,,,,GLOBAL_BASELINE_NO_ENTITY_RANKING,,,NOT_APPLICABLE_GLOBAL_BASELINE,HF9g-P5,,,,X 全窗基线 · 不参与实体赏罚,8399447,840,A168_HF9F_20260827_0900,2026-08-27 09:00:00
2026-04-07,36810153,1115,0,8.8545949023,-0.6324710645,-0.6324710645,0.5000000,2,2,0.50665070000000000,0.506650700000,-0.018812684590367487,-0.018812684590367487,-0.018812684590367487,0E-17,ELIGIBLE,R03b_20260811_FULL_v1,L1_ELIGIBILITY,v2026-08-11,2026-03-21..2026-08-06,baccarat_bet02_101_all_pairs_incl_sentinel,round_win = game_pnl > 0 (decisive only),COMPATIBILITY_ONLY_NOT_PRODUCTION,81515.6139,73739.3596,483.5193,11361,11361,-0.00593162,0.00694385,-0.01152257,-0.00593162,-483.5193,81515.6139,OK,0.0000,19.3408,4.0000,96.0000,AG03-UNRESOLVED,ALL5_LEVELS_bet23_to_bet27,19.3408,19.3408,19.3408,24.1760,24.1760,4.000000,4.000000,4.000000,5.000000,5.000000,96.000000,96.000000,96.000000,95.000000,95.000000,5.0,106.3742,97.4416,377.1451,386.0777,PENDING_AG03,FALSE,NOT_FOR_ENFORCEMENT,464.1785,70789.7852,483.5193,464.1785,19.3408,0.00593162,0.00569435,19.3408,464.1785,0.00569435,19.3408,19.3408,19.3408,24.1760,24.1760,464.1785,0.00569435,106.3742,97.4416,377.1451,386.0777,0.00462666,0.00473624,0.00023726,7.1750,6.4906,0.0426,4.2045,0.0806,708.8314,98.7913,8.8300,6.6350,4.0407,4.4018,8.4329,14.3073,20.7715,40.8781,4.2012,0.0,4.718859,9.286678,1.630025,30,242,81,2,0.30276321,0.00593162,-0.00694385,0E-8,0.000000,0.904604,0.002289,0.01846642,2026-03-22,2026-08-06,115,6001,2406,138,0.833333,1.330819,1.230659,1.009211,,,,,,,,GLOBAL_BASELINE_NO_ENTITY_RANKING,,,NOT_APPLICABLE_GLOBAL_BASELINE,HF9g-P5,,,,X 全窗基线 · 不参与实体赏罚,8399448,840,A168_HF9F_20260827_0900,2026-08-27 09:00:00
2026-04-07,36810153,1299,0,7.3788290852,-5.2705922037,-5.2705922037,0E-7,2,2,0.50665070000000000,0.506650700000,-1.013391052207602,-1.013391052207602,-1.013391052207602,0E-17,ELIGIBLE,R03b_20260811_FULL_v1,L1_ELIGIBILITY,v2026-08-11,2026-03-21..2026-08-06,baccarat_bet02_101_all_pairs_incl_sentinel,round_win = game_pnl > 0 (decisive only),COMPATIBILITY_ONLY_NOT_PRODUCTION,81515.6139,73739.3596,483.5193,11361,11361,-0.00593162,0.00694385,-0.01152257,-0.00593162,-483.5193,81515.6139,OK,0.0000,19.3408,4.0000,96.0000,AG03-UNRESOLVED,ALL5_LEVELS_bet23_to_bet27,19.3408,19.3408,19.3408,24.1760,24.1760,4.000000,4.000000,4.000000,5.000000,5.000000,96.000000,96.000000,96.000000,95.000000,95.000000,5.0,106.3742,97.4416,377.1451,386.0777,PENDING_AG03,FALSE,NOT_FOR_ENFORCEMENT,464.1785,70789.7852,483.5193,464.1785,19.3408,0.00593162,0.00569435,19.3408,464.1785,0.00569435,19.3408,19.3408,19.3408,24.1760,24.1760,464.1785,0.00569435,106.3742,97.4416,377.1451,386.0777,0.00462666,0.00473624,0.00023726,7.1750,6.4906,0.0426,4.2045,0.0806,708.8314,98.7913,8.8300,6.6350,4.0407,4.4018,8.4329,14.3073,20.7715,40.8781,4.2012,0.0,4.718859,9.286678,1.630025,30,242,81,2,0.30276321,0.00593162,-0.00694385,0E-8,0.000000,0.904604,0.002289,0.01846642,2026-03-22,2026-08-06,115,6001,2406,138,0.833333,1.330819,1.230659,1.009211,,,,,,,,GLOBAL_BASELINE_NO_ENTITY_RANKING,,,NOT_APPLICABLE_GLOBAL_BASELINE,HF9g-P5,,,,X 全窗基线 · 不参与实体赏罚,8399449,840,A168_HF9F_20260827_0900,2026-08-27 09:00:00
2026-04-07,36810153,1304,0,8.4329475260,8.2221238378,8.2221238378,1.0000000,2,2,0.49994810000000000,0.499948100000,1.4143603653603398,1.4143603653603398,1.4143603653603398,0E-17,ELIGIBLE,R03b_20260811_FULL_v1,L1_ELIGIBILITY,v2026-08-11,2026-03-21..2026-08-06,baccarat_bet02_101_all_pairs_incl_sentinel,round_win = game_pnl > 0 (decisive only),COMPATIBILITY_ONLY_NOT_PRODUCTION,81515.6139,73739.3596,483.5193,11361,11361,-0.00593162,0.00694385,-0.01152257,-0.00593162,-483.5193,81515.6139,OK,0.0000,19.3408,4.0000,96.0000,AG03-UNRESOLVED,ALL5_LEVELS_bet23_to_bet27,19.3408,19.3408,19.3408,24.1760,24.1760,4.000000,4.000000,4.000000,5.000000,5.000000,96.000000,96.000000,96.000000,95.000000,95.000000,5.0,106.3742,97.4416,377.1451,386.0777,PENDING_AG03,FALSE,NOT_FOR_ENFORCEMENT,464.1785,70789.7852,483.5193,464.1785,19.3408,0.00593162,0.00569435,19.3408,464.1785,0.00569435,19.3408,19.3408,19.3408,24.1760,24.1760,464.1785,0.00569435,106.3742,97.4416,377.1451,386.0777,0.00462666,0.00473624,0.00023726,7.1750,6.4906,0.0426,4.2045,0.0806,708.8314,98.7913,8.8300,6.6350,4.0407,4.4018,8.4329,14.3073,20.7715,40.8781,4.2012,0.0,4.718859,9.286678,1.630025,30,242,81,2,0.30276321,0.00593162,-0.00694385,0E-8,0.000000,0.904604,0.002289,0.01846642,2026-03-22,2026-08-06,115,6001,2406,138,0.833333,1.330819,1.230659,1.009211,,,,,,,,GLOBAL_BASELINE_NO_ENTITY_RANKING,,,NOT_APPLICABLE_GLOBAL_BASELINE,HF9g-P5,,,,X 全窗基线 · 不参与实体赏罚,8399450,840,A168_HF9F_20260827_0900,2026-08-27 09:00:00
2026-04-07,36810153,1307,0,3.5840026985,-3.5840026985,-3.5840026985,0E-7,1,1,0.50665070000000000,0.506650700000,-1.013391052207602,-1.013391052207602,-1.013391052207602,0E-17,ELIGIBLE,R03b_20260811_FULL_v1,L1_ELIGIBILITY,v2026-08-11,2026-03-21..2026-08-06,baccarat_bet02_101_all_pairs_incl_sentinel,round_win = game_pnl > 0 (decisive only),COMPATIBILITY_ONLY_NOT_PRODUCTION,81515.6139,73739.3596,483.5193,11361,11361,-0.00593162,0.00694385,-0.01152257,-0.00593162,-483.5193,81515.6139,OK,0.0000,19.3408,4.0000,96.0000,AG03-UNRESOLVED,ALL5_LEVELS_bet23_to_bet27,19.3408,19.3408,19.3408,24.1760,24.1760,4.000000,4.000000,4.000000,5.000000,5.000000,96.000000,96.000000,96.000000,95.000000,95.000000,5.0,106.3742,97.4416,377.1451,386.0777,PENDING_AG03,FALSE,NOT_FOR_ENFORCEMENT,464.1785,70789.7852,483.5193,464.1785,19.3408,0.00593162,0.00569435,19.3408,464.1785,0.00569435,19.3408,19.3408,19.3408,24.1760,24.1760,464.1785,0.00569435,106.3742,97.4416,377.1451,386.0777,0.00462666,0.00473624,0.00023726,7.1750,6.4906,0.0426,4.2045,0.0806,708.8314,98.7913,8.8300,6.6350,4.0407,4.4018,8.4329,14.3073,20.7715,40.8781,4.2012,0.0,4.718859,9.286678,1.630025,30,242,81,2,0.30276321,0.00593162,-0.00694385,0E-8,0.000000,0.904604,0.002289,0.01846642,2026-03-22,2026-08-06,115,6001,2406,138,0.833333,1.330819,1.230659,1.009211,,,,,,,,GLOBAL_BASELINE_NO_ENTITY_RANKING,,,NOT_APPLICABLE_GLOBAL_BASELINE,HF9g-P5,,,,X 全窗基线 · 不参与实体赏罚,8399451,840,A168_HF9F_20260827_0900,2026-08-27 09:00:00
2026-04-07,36810153,1330,0,39.0023823077,14.7576581705,14.7576581705,0.6666667,6,6,0.49994810000000000,0.499948100000,0.8167508423630434,0.8167508423630434,0.8167508423630434,0E-17,ELIGIBLE,R03b_20260811_FULL_v1,L1_ELIGIBILITY,v2026-08-11,2026-03-21..2026-08-06,baccarat_bet02_101_all_pairs_incl_sentinel,round_win = game_pnl > 0 (decisive only),COMPATIBILITY_ONLY_NOT_PRODUCTION,81515.6139,73739.3596,483.5193,11361,11361,-0.00593162,0.00694385,-0.01152257,-0.00593162,-483.5193,81515.6139,OK,0.0000,19.3408,4.0000,96.0000,AG03-UNRESOLVED,ALL5_LEVELS_bet23_to_bet27,19.3408,19.3408,19.3408,24.1760,24.1760,4.000000,4.000000,4.000000,5.000000,5.000000,96.000000,96.000000,96.000000,95.000000,95.000000,5.0,106.3742,97.4416,377.1451,386.0777,PENDING_AG03,FALSE,NOT_FOR_ENFORCEMENT,464.1785,70789.7852,483.5193,464.1785,19.3408,0.00593162,0.00569435,19.3408,464.1785,0.00569435,19.3408,19.3408,19.3408,24.1760,24.1760,464.1785,0.00569435,106.3742,97.4416,377.1451,386.0777,0.00462666,0.00473624,0.00023726,7.1750,6.4906,0.0426,4.2045,0.0806,708.8314,98.7913,8.8300,6.6350,4.0407,4.4018,8.4329,14.3073,20.7715,40.8781,4.2012,0.0,4.718859,9.286678,1.630025,30,242,81,2,0.30276321,0.00593162,-0.00694385,0E-8,0.000000,0.904604,0.002289,0.01846642,2026-03-22,2026-08-06,115,6001,2406,138,0.833333,1.330819,1.230659,1.009211,,,,,,,,GLOBAL_BASELINE_NO_ENTITY_RANKING,,,NOT_APPLICABLE_GLOBAL_BASELINE,HF9g-P5,,,,X 全窗基线 · 不参与实体赏罚,8399452,840,A168_HF9F_20260827_0900,2026-08-27 09:00:00
2026-04-07,36810153,1353,0,12.8602449771,12.4385976008,12.4385976008,1.0000000,2,2,0.49994810000000000,0.499948100000,1.4143603653603398,1.4143603653603398,1.4143603653603398,0E-17,ELIGIBLE,R03b_20260811_FULL_v1,L1_ELIGIBILITY,v2026-08-11,2026-03-21..2026-08-06,baccarat_bet02_101_all_pairs_incl_sentinel,round_win = game_pnl > 0 (decisive only),COMPATIBILITY_ONLY_NOT_PRODUCTION,81515.6139,73739.3596,483.5193,11361,11361,-0.00593162,0.00694385,-0.01152257,-0.00593162,-483.5193,81515.6139,OK,0.0000,19.3408,4.0000,96.0000,AG03-UNRESOLVED,ALL5_LEVELS_bet23_to_bet27,19.3408,19.3408,19.3408,24.1760,24.1760,4.000000,4.000000,4.000000,5.000000,5.000000,96.000000,96.000000,96.000000,95.000000,95.000000,5.0,106.3742,97.4416,377.1451,386.0777,PENDING_AG03,FALSE,NOT_FOR_ENFORCEMENT,464.1785,70789.7852,483.5193,464.1785,19.3408,0.00593162,0.00569435,19.3408,464.1785,0.00569435,19.3408,19.3408,19.3408,24.1760,24.1760,464.1785,0.00569435,106.3742,97.4416,377.1451,386.0777,0.00462666,0.00473624,0.00023726,7.1750,6.4906,0.0426,4.2045,0.0806,708.8314,98.7913,8.8300,6.6350,4.0407,4.4018,8.4329,14.3073,20.7715,40.8781,4.2012,0.0,4.718859,9.286678,1.630025,30,242,81,2,0.30276321,0.00593162,-0.00694385,0E-8,0.000000,0.904604,0.002289,0.01846642,2026-03-22,2026-08-06,115,6001,2406,138,0.833333,1.330819,1.230659,1.009211,,,,,,,,GLOBAL_BASELINE_NO_ENTITY_RANKING,,,NOT_APPLICABLE_GLOBAL_BASELINE,HF9g-P5,,,,X 全窗基线 · 不参与实体赏罚,8399453,840,A168_HF9F_20260827_0900,2026-08-27 09:00:00
2026-04-07,36810153,1363,0,16.8658950520,8.4329475260,8.4329475260,0.6666667,3,3,0.49324550000000000,0.493245500000,0.6008033672792107,0.6008033672792106,0.6008033672792107,0E-17,ELIGIBLE,R03b_20260811_FULL_v1,L1_ELIGIBILITY,v2026-08-11,2026-03-21..2026-08-06,baccarat_bet02_101_all_pairs_incl_sentinel,round_win = game_pnl > 0 (decisive only),COMPATIBILITY_ONLY_NOT_PRODUCTION,81515.6139,73739.3596,483.5193,11361,11361,-0.00593162,0.00694385,-0.01152257,-0.00593162,-483.5193,81515.6139,OK,0.0000,19.3408,4.0000,96.0000,AG03-UNRESOLVED,ALL5_LEVELS_bet23_to_bet27,19.3408,19.3408,19.3408,24.1760,24.1760,4.000000,4.000000,4.000000,5.000000,5.000000,96.000000,96.000000,96.000000,95.000000,95.000000,5.0,106.3742,97.4416,377.1451,386.0777,PENDING_AG03,FALSE,NOT_FOR_ENFORCEMENT,464.1785,70789.7852,483.5193,464.1785,19.3408,0.00593162,0.00569435,19.3408,464.1785,0.00569435,19.3408,19.3408,19.3408,24.1760,24.1760,464.1785,0.00569435,106.3742,97.4416,377.1451,386.0777,0.00462666,0.00473624,0.00023726,7.1750,6.4906,0.0426,4.2045,0.0806,708.8314,98.7913,8.8300,6.6350,4.0407,4.4018,8.4329,14.3073,20.7715,40.8781,4.2012,0.0,4.718859,9.286678,1.630025,30,242,81,2,0.30276321,0.00593162,-0.00694385,0E-8,0.000000,0.904604,0.002289,0.01846642,2026-03-22,2026-08-06,115,6001,2406,138,0.833333,1.330819,1.230659,1.009211,,,,,,,,GLOBAL_BASELINE_NO_ENTITY_RANKING,,,NOT_APPLICABLE_GLOBAL_BASELINE,HF9g-P5,,,,X 全窗基线 · 不参与实体赏罚,8399454,840,A168_HF9F_20260827_0900,2026-08-27 09:00:00
2026-04-07,36810153,1383,0,75.8965277340,8.2221238378,8.2221238378,0.5555556,10,10,0.49860758000000000,0.498607580000,0.34168917829272333,0.34168917829272333,0.34168917829272333,0E-17,ELIGIBLE,R03b_20260811_FULL_v1,L1_ELIGIBILITY,v2026-08-11,2026-03-21..2026-08-06,baccarat_bet02_101_all_pairs_incl_sentinel,round_win = game_pnl > 0 (decisive only),COMPATIBILITY_ONLY_NOT_PRODUCTION,81515.6139,73739.3596,483.5193,11361,11361,-0.00593162,0.00694385,-0.01152257,-0.00593162,-483.5193,81515.6139,OK,0.0000,19.3408,4.0000,96.0000,AG03-UNRESOLVED,ALL5_LEVELS_bet23_to_bet27,19.3408,19.3408,19.3408,24.1760,24.1760,4.000000,4.000000,4.000000,5.000000,5.000000,96.000000,96.000000,96.000000,95.000000,95.000000,5.0,106.3742,97.4416,377.1451,386.0777,PENDING_AG03,FALSE,NOT_FOR_ENFORCEMENT,464.1785,70789.7852,483.5193,464.1785,19.3408,0.00593162,0.00569435,19.3408,464.1785,0.00569435,19.3408,19.3408,19.3408,24.1760,24.1760,464.1785,0.00569435,106.3742,97.4416,377.1451,386.0777,0.00462666,0.00473624,0.00023726,7.1750,6.4906,0.0426,4.2045,0.0806,708.8314,98.7913,8.8300,6.6350,4.0407,4.4018,8.4329,14.3073,20.7715,40.8781,4.2012,0.0,4.718859,9.286678,1.630025,30,242,81,2,0.30276321,0.00593162,-0.00694385,0E-8,0.000000,0.904604,0.002289,0.01846642,2026-03-22,2026-08-06,115,6001,2406,138,0.833333,1.330819,1.230659,1.009211,,,,,,,,GLOBAL_BASELINE_NO_ENTITY_RANKING,,,NOT_APPLICABLE_GLOBAL_BASELINE,HF9g-P5,,,,X 全窗基线 · 不参与实体赏罚,8399455,840,A168_HF9F_20260827_0900,2026-08-27 09:00:00
2026-04-07,36810153,1385,0,12.6494212890,-12.6494212890,-12.6494212890,0E-7,3,3,0.50218230000000000,0.502182300000,-1.7396270863184011,-1.7396270863184016,-1.7396270863184011,0E-17,ELIGIBLE,R03b_20260811_FULL_v1,L1_ELIGIBILITY,v2026-08-11,2026-03-21..2026-08-06,baccarat_bet02_101_all_pairs_incl_sentinel,round_win = game_pnl > 0 (decisive only),COMPATIBILITY_ONLY_NOT_PRODUCTION,81515.6139,73739.3596,483.5193,11361,11361,-0.00593162,0.00694385,-0.01152257,-0.00593162,-483.5193,81515.6139,OK,0.0000,19.3408,4.0000,96.0000,AG03-UNRESOLVED,ALL5_LEVELS_bet23_to_bet27,19.3408,19.3408,19.3408,24.1760,24.1760,4.000000,4.000000,4.000000,5.000000,5.000000,96.000000,96.000000,96.000000,95.000000,95.000000,5.0,106.3742,97.4416,377.1451,386.0777,PENDING_AG03,FALSE,NOT_FOR_ENFORCEMENT,464.1785,70789.7852,483.5193,464.1785,19.3408,0.00593162,0.00569435,19.3408,464.1785,0.00569435,19.3408,19.3408,19.3408,24.1760,24.1760,464.1785,0.00569435,106.3742,97.4416,377.1451,386.0777,0.00462666,0.00473624,0.00023726,7.1750,6.4906,0.0426,4.2045,0.0806,708.8314,98.7913,8.8300,6.6350,4.0407,4.4018,8.4329,14.3073,20.7715,40.8781,4.2012,0.0,4.718859,9.286678,1.630025,30,242,81,2,0.30276321,0.00593162,-0.00694385,0E-8,0.000000,0.904604,0.002289,0.01846642,2026-03-22,2026-08-06,115,6001,2406,138,0.833333,1.330819,1.230659,1.009211,,,,,,,,GLOBAL_BASELINE_NO_ENTITY_RANKING,,,NOT_APPLICABLE_GLOBAL_BASELINE,HF9g-P5,,,,X 全窗基线 · 不参与实体赏罚,8399456,840,A168_HF9F_20260827_0900,2026-08-27 09:00:00
2026-04-07,36810153,1393,0,18.3416608690,17.4245778255,17.4245778255,1.0000000,2,2,0.50665070000000000,0.506650700000,1.3955260008387969,1.3955260008387969,1.3955260008387969,0E-17,ELIGIBLE,R03b_20260811_FULL_v1,L1_ELIGIBILITY,v2026-08-11,2026-03-21..2026-08-06,baccarat_bet02_101_all_pairs_incl_sentinel,round_win = game_pnl > 0 (decisive only),COMPATIBILITY_ONLY_NOT_PRODUCTION,81515.6139,73739.3596,483.5193,11361,11361,-0.00593162,0.00694385,-0.01152257,-0.00593162,-483.5193,81515.6139,OK,0.0000,19.3408,4.0000,96.0000,AG03-UNRESOLVED,ALL5_LEVELS_bet23_to_bet27,19.3408,19.3408,19.3408,24.1760,24.1760,4.000000,4.000000,4.000000,5.000000,5.000000,96.000000,96.000000,96.000000,95.000000,95.000000,5.0,106.3742,97.4416,377.1451,386.0777,PENDING_AG03,FALSE,NOT_FOR_ENFORCEMENT,464.1785,70789.7852,483.5193,464.1785,19.3408,0.00593162,0.00569435,19.3408,464.1785,0.00569435,19.3408,19.3408,19.3408,24.1760,24.1760,464.1785,0.00569435,106.3742,97.4416,377.1451,386.0777,0.00462666,0.00473624,0.00023726,7.1750,6.4906,0.0426,4.2045,0.0806,708.8314,98.7913,8.8300,6.6350,4.0407,4.4018,8.4329,14.3073,20.7715,40.8781,4.2012,0.0,4.718859,9.286678,1.630025,30,242,81,2,0.30276321,0.00593162,-0.00694385,0E-8,0.000000,0.904604,0.002289,0.01846642,2026-03-22,2026-08-06,115,6001,2406,138,0.833333,1.330819,1.230659,1.009211,,,,,,,,GLOBAL_BASELINE_NO_ENTITY_RANKING,,,NOT_APPLICABLE_GLOBAL_BASELINE,HF9g-P5,,,,X 全窗基线 · 不参与实体赏罚,8399457,840,A168_HF9F_20260827_0900,2026-08-27 09:00:00
2026-04-07,36810153,1399,0,15.6009529231,-4.2164737630,-4.2164737630,0E-7,2,2,0.49994810000000000,0.499948100000,-0.9998962053866608,-0.9998962053866608,-0.9998962053866608,0E-17,ELIGIBLE,R03b_20260811_FULL_v1,L1_ELIGIBILITY,v2026-08-11,2026-03-21..2026-08-06,baccarat_bet02_101_all_pairs_incl_sentinel,round_win = game_pnl > 0 (decisive only),COMPATIBILITY_ONLY_NOT_PRODUCTION,81515.6139,73739.3596,483.5193,11361,11361,-0.00593162,0.00694385,-0.01152257,-0.00593162,-483.5193,81515.6139,OK,0.0000,19.3408,4.0000,96.0000,AG03-UNRESOLVED,ALL5_LEVELS_bet23_to_bet27,19.3408,19.3408,19.3408,24.1760,24.1760,4.000000,4.000000,4.000000,5.000000,5.000000,96.000000,96.000000,96.000000,95.000000,95.000000,5.0,106.3742,97.4416,377.1451,386.0777,PENDING_AG03,FALSE,NOT_FOR_ENFORCEMENT,464.1785,70789.7852,483.5193,464.1785,19.3408,0.00593162,0.00569435,19.3408,464.1785,0.00569435,19.3408,19.3408,19.3408,24.1760,24.1760,464.1785,0.00569435,106.3742,97.4416,377.1451,386.0777,0.00462666,0.00473624,0.00023726,7.1750,6.4906,0.0426,4.2045,0.0806,708.8314,98.7913,8.8300,6.6350,4.0407,4.4018,8.4329,14.3073,20.7715,40.8781,4.2012,0.0,4.718859,9.286678,1.630025,30,242,81,2,0.30276321,0.00593162,-0.00694385,0E-8,0.000000,0.904604,0.002289,0.01846642,2026-03-22,2026-08-06,115,6001,2406,138,0.833333,1.330819,1.230659,1.009211,,,,,,,,GLOBAL_BASELINE_NO_ENTITY_RANKING,,,NOT_APPLICABLE_GLOBAL_BASELINE,HF9g-P5,,,,X 全窗基线 · 不参与实体赏罚,8399458,840,A168_HF9F_20260827_0900,2026-08-27 09:00:00
2026-04-07,36810153,1400,0,4.2164737630,-4.2164737630,-4.2164737630,0E-7,1,1,0.50665070000000000,0.506650700000,-1.013391052207602,-1.013391052207602,-1.013391052207602,0E-17,ELIGIBLE,R03b_20260811_FULL_v1,L1_ELIGIBILITY,v2026-08-11,2026-03-21..2026-08-06,baccarat_bet02_101_all_pairs_incl_sentinel,round_win = game_pnl > 0 (decisive only),COMPATIBILITY_ONLY_NOT_PRODUCTION,81515.6139,73739.3596,483.5193,11361,11361,-0.00593162,0.00694385,-0.01152257,-0.00593162,-483.5193,81515.6139,OK,0.0000,19.3408,4.0000,96.0000,AG03-UNRESOLVED,ALL5_LEVELS_bet23_to_bet27,19.3408,19.3408,19.3408,24.1760,24.1760,4.000000,4.000000,4.000000,5.000000,5.000000,96.000000,96.000000,96.000000,95.000000,95.000000,5.0,106.3742,97.4416,377.1451,386.0777,PENDING_AG03,FALSE,NOT_FOR_ENFORCEMENT,464.1785,70789.7852,483.5193,464.1785,19.3408,0.00593162,0.00569435,19.3408,464.1785,0.00569435,19.3408,19.3408,19.3408,24.1760,24.1760,464.1785,0.00569435,106.3742,97.4416,377.1451,386.0777,0.00462666,0.00473624,0.00023726,7.1750,6.4906,0.0426,4.2045,0.0806,708.8314,98.7913,8.8300,6.6350,4.0407,4.4018,8.4329,14.3073,20.7715,40.8781,4.2012,0.0,4.718859,9.286678,1.630025,30,242,81,2,0.30276321,0.00593162,-0.00694385,0E-8,0.000000,0.904604,0.002289,0.01846642,2026-03-22,2026-08-06,115,6001,2406,138,0.833333,1.330819,1.230659,1.009211,,,,,,,,GLOBAL_BASELINE_NO_ENTITY_RANKING,,,NOT_APPLICABLE_GLOBAL_BASELINE,HF9g-P5,,,,X 全窗基线 · 不参与实体赏罚,8399459,840,A168_HF9F_20260827_0900,2026-08-27 09:00:00
2026-04-07,36810153,1402,0,14.7576581705,-14.7576581705,-14.7576581705,0E-7,2,2,0.50665070000000000,0.506650700000,-1.4331513700195317,-1.4331513700195317,-1.4331513700195317,0E-17,ELIGIBLE,R03b_20260811_FULL_v1,L1_ELIGIBILITY,v2026-08-11,2026-03-21..2026-08-06,baccarat_bet02_101_all_pairs_incl_sentinel,round_win = game_pnl > 0 (decisive only),COMPATIBILITY_ONLY_NOT_PRODUCTION,81515.6139,73739.3596,483.5193,11361,11361,-0.00593162,0.00694385,-0.01152257,-0.00593162,-483.5193,81515.6139,OK,0.0000,19.3408,4.0000,96.0000,AG03-UNRESOLVED,ALL5_LEVELS_bet23_to_bet27,19.3408,19.3408,19.3408,24.1760,24.1760,4.000000,4.000000,4.000000,5.000000,5.000000,96.000000,96.000000,96.000000,95.000000,95.000000,5.0,106.3742,97.4416,377.1451,386.0777,PENDING_AG03,FALSE,NOT_FOR_ENFORCEMENT,464.1785,70789.7852,483.5193,464.1785,19.3408,0.00593162,0.00569435,19.3408,464.1785,0.00569435,19.3408,19.3408,19.3408,24.1760,24.1760,464.1785,0.00569435,106.3742,97.4416,377.1451,386.0777,0.00462666,0.00473624,0.00023726,7.1750,6.4906,0.0426,4.2045,0.0806,708.8314,98.7913,8.8300,6.6350,4.0407,4.4018,8.4329,14.3073,20.7715,40.8781,4.2012,0.0,4.718859,9.286678,1.630025,30,242,81,2,0.30276321,0.00593162,-0.00694385,0E-8,0.000000,0.904604,0.002289,0.01846642,2026-03-22,2026-08-06,115,6001,2406,138,0.833333,1.330819,1.230659,1.009211,,,,,,,,GLOBAL_BASELINE_NO_ENTITY_RANKING,,,NOT_APPLICABLE_GLOBAL_BASELINE,HF9g-P5,,,,X 全窗基线 · 不参与实体赏罚,8399460,840,A168_HF9F_20260827_0900,2026-08-27 09:00:00
2026-04-07,36810153,1405,0,4.2164737630,0E-10,0E-10,,1,1,0.49324550000000000,0.493245500000,,,,0E-17,NO_DECISIVE_ROUND,R03b_20260811_FULL_v1,L1_ELIGIBILITY,v2026-08-11,2026-03-21..2026-08-06,baccarat_bet02_101_all_pairs_incl_sentinel,round_win = game_pnl > 0 (decisive only),COMPATIBILITY_ONLY_NOT_PRODUCTION,81515.6139,73739.3596,483.5193,11361,11361,-0.00593162,0.00694385,-0.01152257,-0.00593162,-483.5193,81515.6139,OK,0.0000,19.3408,4.0000,96.0000,AG03-UNRESOLVED,ALL5_LEVELS_bet23_to_bet27,19.3408,19.3408,19.3408,24.1760,24.1760,4.000000,4.000000,4.000000,5.000000,5.000000,96.000000,96.000000,96.000000,95.000000,95.000000,5.0,106.3742,97.4416,377.1451,386.0777,PENDING_AG03,FALSE,NOT_FOR_ENFORCEMENT,464.1785,70789.7852,483.5193,464.1785,19.3408,0.00593162,0.00569435,19.3408,464.1785,0.00569435,19.3408,19.3408,19.3408,24.1760,24.1760,464.1785,0.00569435,106.3742,97.4416,377.1451,386.0777,0.00462666,0.00473624,0.00023726,7.1750,6.4906,0.0426,4.2045,0.0806,708.8314,98.7913,8.8300,6.6350,4.0407,4.4018,8.4329,14.3073,20.7715,40.8781,4.2012,0.0,4.718859,9.286678,1.630025,30,242,81,2,0.30276321,0.00593162,-0.00694385,0E-8,0.000000,0.904604,0.002289,0.01846642,2026-03-22,2026-08-06,115,6001,2406,138,0.833333,1.330819,1.230659,1.009211,,,,,,,,GLOBAL_BASELINE_NO_ENTITY_RANKING,,,NOT_APPLICABLE_GLOBAL_BASELINE,HF9g-P5,,,,X 全窗基线 · 不参与实体赏罚,8399461,840,A168_HF9F_20260827_0900,2026-08-27 09:00:00
2026-04-07,36810153,1490,0,6.3247106445,-6.3247106445,-6.3247106445,0E-7,1,1,0.49324550000000000,0.493245500000,-0.9865810262130424,-0.9865810262130424,-0.9865810262130424,0E-17,ELIGIBLE,R03b_20260811_FULL_v1,L1_ELIGIBILITY,v2026-08-11,2026-03-21..2026-08-06,baccarat_bet02_101_all_pairs_incl_sentinel,round_win = game_pnl > 0 (decisive only),COMPATIBILITY_ONLY_NOT_PRODUCTION,81515.6139,73739.3596,483.5193,11361,11361,-0.00593162,0.00694385,-0.01152257,-0.00593162,-483.5193,81515.6139,OK,0.0000,19.3408,4.0000,96.0000,AG03-UNRESOLVED,ALL5_LEVELS_bet23_to_bet27,19.3408,19.3408,19.3408,24.1760,24.1760,4.000000,4.000000,4.000000,5.000000,5.000000,96.000000,96.000000,96.000000,95.000000,95.000000,5.0,106.3742,97.4416,377.1451,386.0777,PENDING_AG03,FALSE,NOT_FOR_ENFORCEMENT,464.1785,70789.7852,483.5193,464.1785,19.3408,0.00593162,0.00569435,19.3408,464.1785,0.00569435,19.3408,19.3408,19.3408,24.1760,24.1760,464.1785,0.00569435,106.3742,97.4416,377.1451,386.0777,0.00462666,0.00473624,0.00023726,7.1750,6.4906,0.0426,4.2045,0.0806,708.8314,98.7913,8.8300,6.6350,4.0407,4.4018,8.4329,14.3073,20.7715,40.8781,4.2012,0.0,4.718859,9.286678,1.630025,30,242,81,2,0.30276321,0.00593162,-0.00694385,0E-8,0.000000,0.904604,0.002289,0.01846642,2026-03-22,2026-08-06,115,6001,2406,138,0.833333,1.330819,1.230659,1.009211,,,,,,,,GLOBAL_BASELINE_NO_ENTITY_RANKING,,,NOT_APPLICABLE_GLOBAL_BASELINE,HF9g-P5,,,,X 全窗基线 · 不参与实体赏罚,8399462,840,A168_HF9F_20260827_0900,2026-08-27 09:00:00
2026-04-07,36810153,1507,0,4.2164737630,-4.2164737630,-4.2164737630,0E-7,1,1,0.49324550000000000,0.493245500000,-0.9865810262130424,-0.9865810262130424,-0.9865810262130424,0E-17,ELIGIBLE,R03b_20260811_FULL_v1,L1_ELIGIBILITY,v2026-08-11,2026-03-21..2026-08-06,baccarat_bet02_101_all_pairs_incl_sentinel,round_win = game_pnl > 0 (decisive only),COMPATIBILITY_ONLY_NOT_PRODUCTION,81515.6139,73739.3596,483.5193,11361,11361,-0.00593162,0.00694385,-0.01152257,-0.00593162,-483.5193,81515.6139,OK,0.0000,19.3408,4.0000,96.0000,AG03-UNRESOLVED,ALL5_LEVELS_bet23_to_bet27,19.3408,19.3408,19.3408,24.1760,24.1760,4.000000,4.000000,4.000000,5.000000,5.000000,96.000000,96.000000,96.000000,95.000000,95.000000,5.0,106.3742,97.4416,377.1451,386.0777,PENDING_AG03,FALSE,NOT_FOR_ENFORCEMENT,464.1785,70789.7852,483.5193,464.1785,19.3408,0.00593162,0.00569435,19.3408,464.1785,0.00569435,19.3408,19.3408,19.3408,24.1760,24.1760,464.1785,0.00569435,106.3742,97.4416,377.1451,386.0777,0.00462666,0.00473624,0.00023726,7.1750,6.4906,0.0426,4.2045,0.0806,708.8314,98.7913,8.8300,6.6350,4.0407,4.4018,8.4329,14.3073,20.7715,40.8781,4.2012,0.0,4.718859,9.286678,1.630025,30,242,81,2,0.30276321,0.00593162,-0.00694385,0E-8,0.000000,0.904604,0.002289,0.01846642,2026-03-22,2026-08-06,115,6001,2406,138,0.833333,1.330819,1.230659,1.009211,,,,,,,,GLOBAL_BASELINE_NO_ENTITY_RANKING,,,NOT_APPLICABLE_GLOBAL_BASELINE,HF9g-P5,,,,X 全窗基线 · 不参与实体赏罚,8399463,840,A168_HF9F_20260827_0900,2026-08-27 09:00:00
2026-04-07,36810153,1509,0,22.5581346320,-9.9087133430,-9.9087133430,0.3333333,3,3,0.49324550000000000,0.493245500000,-0.5540025479526107,-0.5540025479526106,-0.5540025479526107,0E-17,ELIGIBLE,R03b_20260811_FULL_v1,L1_ELIGIBILITY,v2026-08-11,2026-03-21..2026-08-06,baccarat_bet02_101_all_pairs_incl_sentinel,round_win = game_pnl > 0 (decisive only),COMPATIBILITY_ONLY_NOT_PRODUCTION,81515.6139,73739.3596,483.5193,11361,11361,-0.00593162,0.00694385,-0.01152257,-0.00593162,-483.5193,81515.6139,OK,0.0000,19.3408,4.0000,96.0000,AG03-UNRESOLVED,ALL5_LEVELS_bet23_to_bet27,19.3408,19.3408,19.3408,24.1760,24.1760,4.000000,4.000000,4.000000,5.000000,5.000000,96.000000,96.000000,96.000000,95.000000,95.000000,5.0,106.3742,97.4416,377.1451,386.0777,PENDING_AG03,FALSE,NOT_FOR_ENFORCEMENT,464.1785,70789.7852,483.5193,464.1785,19.3408,0.00593162,0.00569435,19.3408,464.1785,0.00569435,19.3408,19.3408,19.3408,24.1760,24.1760,464.1785,0.00569435,106.3742,97.4416,377.1451,386.0777,0.00462666,0.00473624,0.00023726,7.1750,6.4906,0.0426,4.2045,0.0806,708.8314,98.7913,8.8300,6.6350,4.0407,4.4018,8.4329,14.3073,20.7715,40.8781,4.2012,0.0,4.718859,9.286678,1.630025,30,242,81,2,0.30276321,0.00593162,-0.00694385,0E-8,0.000000,0.904604,0.002289,0.01846642,2026-03-22,2026-08-06,115,6001,2406,138,0.833333,1.330819,1.230659,1.009211,,,,,,,,GLOBAL_BASELINE_NO_ENTITY_RANKING,,,NOT_APPLICABLE_GLOBAL_BASELINE,HF9g-P5,,,,X 全窗基线 · 不参与实体赏罚,8399464,840,A168_HF9F_20260827_0900,2026-08-27 09:00:00
2026-04-07,36810153,1623,0,10.5411844075,0E-10,0E-10,,1,1,0.50665070000000000,0.506650700000,,,,0E-17,NO_DECISIVE_ROUND,R03b_20260811_FULL_v1,L1_ELIGIBILITY,v2026-08-11,2026-03-21..2026-08-06,baccarat_bet02_101_all_pairs_incl_sentinel,round_win = game_pnl > 0 (decisive only),COMPATIBILITY_ONLY_NOT_PRODUCTION,81515.6139,73739.3596,483.5193,11361,11361,-0.00593162,0.00694385,-0.01152257,-0.00593162,-483.5193,81515.6139,OK,0.0000,19.3408,4.0000,96.0000,AG03-UNRESOLVED,ALL5_LEVELS_bet23_to_bet27,19.3408,19.3408,19.3408,24.1760,24.1760,4.000000,4.000000,4.000000,5.000000,5.000000,96.000000,96.000000,96.000000,95.000000,95.000000,5.0,106.3742,97.4416,377.1451,386.0777,PENDING_AG03,FALSE,NOT_FOR_ENFORCEMENT,464.1785,70789.7852,483.5193,464.1785,19.3408,0.00593162,0.00569435,19.3408,464.1785,0.00569435,19.3408,19.3408,19.3408,24.1760,24.1760,464.1785,0.00569435,106.3742,97.4416,377.1451,386.0777,0.00462666,0.00473624,0.00023726,7.1750,6.4906,0.0426,4.2045,0.0806,708.8314,98.7913,8.8300,6.6350,4.0407,4.4018,8.4329,14.3073,20.7715,40.8781,4.2012,0.0,4.718859,9.286678,1.630025,30,242,81,2,0.30276321,0.00593162,-0.00694385,0E-8,0.000000,0.904604,0.002289,0.01846642,2026-03-22,2026-08-06,115,6001,2406,138,0.833333,1.330819,1.230659,1.009211,,,,,,,,GLOBAL_BASELINE_NO_ENTITY_RANKING,,,NOT_APPLICABLE_GLOBAL_BASELINE,HF9g-P5,,,,X 全窗基线 · 不参与实体赏罚,8399465,840,A168_HF9F_20260827_0900,2026-08-27 09:00:00
2026-04-07,36810153,1646,0,48.4894482745,32.2560242869,32.2560242869,0.7500000,5,5,0.50128862000000000,0.501288620000,0.9948488239810122,0.9948488239810122,0.9948488239810122,0E-17,ELIGIBLE,R03b_20260811_FULL_v1,L1_ELIGIBILITY,v2026-08-11,2026-03-21..2026-08-06,baccarat_bet02_101_all_pairs_incl_sentinel,round_win = game_pnl > 0 (decisive only),COMPATIBILITY_ONLY_NOT_PRODUCTION,81515.6139,73739.3596,483.5193,11361,11361,-0.00593162,0.00694385,-0.01152257,-0.00593162,-483.5193,81515.6139,OK,0.0000,19.3408,4.0000,96.0000,AG03-UNRESOLVED,ALL5_LEVELS_bet23_to_bet27,19.3408,19.3408,19.3408,24.1760,24.1760,4.000000,4.000000,4.000000,5.000000,5.000000,96.000000,96.000000,96.000000,95.000000,95.000000,5.0,106.3742,97.4416,377.1451,386.0777,PENDING_AG03,FALSE,NOT_FOR_ENFORCEMENT,464.1785,70789.7852,483.5193,464.1785,19.3408,0.00593162,0.00569435,19.3408,464.1785,0.00569435,19.3408,19.3408,19.3408,24.1760,24.1760,464.1785,0.00569435,106.3742,97.4416,377.1451,386.0777,0.00462666,0.00473624,0.00023726,7.1750,6.4906,0.0426,4.2045,0.0806,708.8314,98.7913,8.8300,6.6350,4.0407,4.4018,8.4329,14.3073,20.7715,40.8781,4.2012,0.0,4.718859,9.286678,1.630025,30,242,81,2,0.30276321,0.00593162,-0.00694385,0E-8,0.000000,0.904604,0.002289,0.01846642,2026-03-22,2026-08-06,115,6001,2406,138,0.833333,1.330819,1.230659,1.009211,,,,,,,,GLOBAL_BASELINE_NO_ENTITY_RANKING,,,NOT_APPLICABLE_GLOBAL_BASELINE,HF9g-P5,,,,X 全窗基线 · 不参与实体赏罚,8399466,840,A168_HF9F_20260827_0900,2026-08-27 09:00:00
2026-04-07,36810153,1710,0,4.2164737630,-4.2164737630,-4.2164737630,0E-7,1,1,0.49324550000000000,0.493245500000,-0.9865810262130424,-0.9865810262130424,-0.9865810262130424,0E-17,ELIGIBLE,R03b_20260811_FULL_v1,L1_ELIGIBILITY,v2026-08-11,2026-03-21..2026-08-06,baccarat_bet02_101_all_pairs_incl_sentinel,round_win = game_pnl > 0 (decisive only),COMPATIBILITY_ONLY_NOT_PRODUCTION,81515.6139,73739.3596,483.5193,11361,11361,-0.00593162,0.00694385,-0.01152257,-0.00593162,-483.5193,81515.6139,OK,0.0000,19.3408,4.0000,96.0000,AG03-UNRESOLVED,ALL5_LEVELS_bet23_to_bet27,19.3408,19.3408,19.3408,24.1760,24.1760,4.000000,4.000000,4.000000,5.000000,5.000000,96.000000,96.000000,96.000000,95.000000,95.000000,5.0,106.3742,97.4416,377.1451,386.0777,PENDING_AG03,FALSE,NOT_FOR_ENFORCEMENT,464.1785,70789.7852,483.5193,464.1785,19.3408,0.00593162,0.00569435,19.3408,464.1785,0.00569435,19.3408,19.3408,19.3408,24.1760,24.1760,464.1785,0.00569435,106.3742,97.4416,377.1451,386.0777,0.00462666,0.00473624,0.00023726,7.1750,6.4906,0.0426,4.2045,0.0806,708.8314,98.7913,8.8300,6.6350,4.0407,4.4018,8.4329,14.3073,20.7715,40.8781,4.2012,0.0,4.718859,9.286678,1.630025,30,242,81,2,0.30276321,0.00593162,-0.00694385,0E-8,0.000000,0.904604,0.002289,0.01846642,2026-03-22,2026-08-06,115,6001,2406,138,0.833333,1.330819,1.230659,1.009211,,,,,,,,GLOBAL_BASELINE_NO_ENTITY_RANKING,,,NOT_APPLICABLE_GLOBAL_BASELINE,HF9g-P5,,,,X 全窗基线 · 不参与实体赏罚,8399467,840,A168_HF9F_20260827_0900,2026-08-27 09:00:00
2026-04-07,36810153,1935,0,8.2221238378,-8.2221238378,-8.2221238378,0E-7,1,1,0.49324550000000000,0.493245500000,-0.9865810262130424,-0.9865810262130424,-0.9865810262130424,0E-17,ELIGIBLE,R03b_20260811_FULL_v1,L1_ELIGIBILITY,v2026-08-11,2026-03-21..2026-08-06,baccarat_bet02_101_all_pairs_incl_sentinel,round_win = game_pnl > 0 (decisive only),COMPATIBILITY_ONLY_NOT_PRODUCTION,81515.6139,73739.3596,483.5193,11361,11361,-0.00593162,0.00694385,-0.01152257,-0.00593162,-483.5193,81515.6139,OK,0.0000,19.3408,4.0000,96.0000,AG03-UNRESOLVED,ALL5_LEVELS_bet23_to_bet27,19.3408,19.3408,19.3408,24.1760,24.1760,4.000000,4.000000,4.000000,5.000000,5.000000,96.000000,96.000000,96.000000,95.000000,95.000000,5.0,106.3742,97.4416,377.1451,386.0777,PENDING_AG03,FALSE,NOT_FOR_ENFORCEMENT,464.1785,70789.7852,483.5193,464.1785,19.3408,0.00593162,0.00569435,19.3408,464.1785,0.00569435,19.3408,19.3408,19.3408,24.1760,24.1760,464.1785,0.00569435,106.3742,97.4416,377.1451,386.0777,0.00462666,0.00473624,0.00023726,7.1750,6.4906,0.0426,4.2045,0.0806,708.8314,98.7913,8.8300,6.6350,4.0407,4.4018,8.4329,14.3073,20.7715,40.8781,4.2012,0.0,4.718859,9.286678,1.630025,30,242,81,2,0.30276321,0.00593162,-0.00694385,0E-8,0.000000,0.904604,0.002289,0.01846642,2026-03-22,2026-08-06,115,6001,2406,138,0.833333,1.330819,1.230659,1.009211,,,,,,,,GLOBAL_BASELINE_NO_ENTITY_RANKING,,,NOT_APPLICABLE_GLOBAL_BASELINE,HF9g-P5,,,,X 全窗基线 · 不参与实体赏罚,8399468,840,A168_HF9F_20260827_0900,2026-08-27 09:00:00
2026-04-07,36810153,1947,0,19.1849556216,0.2108236881,0.2108236881,0.5000000,3,3,0.49771390000000000,0.497713900000,0.006466134837551399,0.0064661348375514,0.006466134837551399,0E-17,ELIGIBLE,R03b_20260811_FULL_v1,L1_ELIGIBILITY,v2026-08-11,2026-03-21..2026-08-06,baccarat_bet02_101_all_pairs_incl_sentinel,round_win = game_pnl > 0 (decisive only),COMPATIBILITY_ONLY_NOT_PRODUCTION,81515.6139,73739.3596,483.5193,11361,11361,-0.00593162,0.00694385,-0.01152257,-0.00593162,-483.5193,81515.6139,OK,0.0000,19.3408,4.0000,96.0000,AG03-UNRESOLVED,ALL5_LEVELS_bet23_to_bet27,19.3408,19.3408,19.3408,24.1760,24.1760,4.000000,4.000000,4.000000,5.000000,5.000000,96.000000,96.000000,96.000000,95.000000,95.000000,5.0,106.3742,97.4416,377.1451,386.0777,PENDING_AG03,FALSE,NOT_FOR_ENFORCEMENT,464.1785,70789.7852,483.5193,464.1785,19.3408,0.00593162,0.00569435,19.3408,464.1785,0.00569435,19.3408,19.3408,19.3408,24.1760,24.1760,464.1785,0.00569435,106.3742,97.4416,377.1451,386.0777,0.00462666,0.00473624,0.00023726,7.1750,6.4906,0.0426,4.2045,0.0806,708.8314,98.7913,8.8300,6.6350,4.0407,4.4018,8.4329,14.3073,20.7715,40.8781,4.2012,0.0,4.718859,9.286678,1.630025,30,242,81,2,0.30276321,0.00593162,-0.00694385,0E-8,0.000000,0.904604,0.002289,0.01846642,2026-03-22,2026-08-06,115,6001,2406,138,0.833333,1.330819,1.230659,1.009211,,,,,,,,GLOBAL_BASELINE_NO_ENTITY_RANKING,,,NOT_APPLICABLE_GLOBAL_BASELINE,HF9g-P5,,,,X 全窗基线 · 不参与实体赏罚,8399469,840,A168_HF9F_20260827_0900,2026-08-27 09:00:00
2026-04-07,36810153,1957,0,8.4329475260,0E-10,0E-10,,1,1,0.50665070000000000,0.506650700000,,,,0E-17,NO_DECISIVE_ROUND,R03b_20260811_FULL_v1,L1_ELIGIBILITY,v2026-08-11,2026-03-21..2026-08-06,baccarat_bet02_101_all_pairs_incl_sentinel,round_win = game_pnl > 0 (decisive only),COMPATIBILITY_ONLY_NOT_PRODUCTION,81515.6139,73739.3596,483.5193,11361,11361,-0.00593162,0.00694385,-0.01152257,-0.00593162,-483.5193,81515.6139,OK,0.0000,19.3408,4.0000,96.0000,AG03-UNRESOLVED,ALL5_LEVELS_bet23_to_bet27,19.3408,19.3408,19.3408,24.1760,24.1760,4.000000,4.000000,4.000000,5.000000,5.000000,96.000000,96.000000,96.000000,95.000000,95.000000,5.0,106.3742,97.4416,377.1451,386.0777,PENDING_AG03,FALSE,NOT_FOR_ENFORCEMENT,464.1785,70789.7852,483.5193,464.1785,19.3408,0.00593162,0.00569435,19.3408,464.1785,0.00569435,19.3408,19.3408,19.3408,24.1760,24.1760,464.1785,0.00569435,106.3742,97.4416,377.1451,386.0777,0.00462666,0.00473624,0.00023726,7.1750,6.4906,0.0426,4.2045,0.0806,708.8314,98.7913,8.8300,6.6350,4.0407,4.4018,8.4329,14.3073,20.7715,40.8781,4.2012,0.0,4.718859,9.286678,1.630025,30,242,81,2,0.30276321,0.00593162,-0.00694385,0E-8,0.000000,0.904604,0.002289,0.01846642,2026-03-22,2026-08-06,115,6001,2406,138,0.833333,1.330819,1.230659,1.009211,,,,,,,,GLOBAL_BASELINE_NO_ENTITY_RANKING,,,NOT_APPLICABLE_GLOBAL_BASELINE,HF9g-P5,,,,X 全窗基线 · 不参与实体赏罚,8399470,840,A168_HF9F_20260827_0900,2026-08-27 09:00:00
2026-04-07,36810153,1985,0,4.2164737630,0E-10,0E-10,,1,1,0.50665070000000000,0.506650700000,,,,0E-17,NO_DECISIVE_ROUND,R03b_20260811_FULL_v1,L1_ELIGIBILITY,v2026-08-11,2026-03-21..2026-08-06,baccarat_bet02_101_all_pairs_incl_sentinel,round_win = game_pnl > 0 (decisive only),COMPATIBILITY_ONLY_NOT_PRODUCTION,81515.6139,73739.3596,483.5193,11361,11361,-0.00593162,0.00694385,-0.01152257,-0.00593162,-483.5193,81515.6139,OK,0.0000,19.3408,4.0000,96.0000,AG03-UNRESOLVED,ALL5_LEVELS_bet23_to_bet27,19.3408,19.3408,19.3408,24.1760,24.1760,4.000000,4.000000,4.000000,5.000000,5.000000,96.000000,96.000000,96.000000,95.000000,95.000000,5.0,106.3742,97.4416,377.1451,386.0777,PENDING_AG03,FALSE,NOT_FOR_ENFORCEMENT,464.1785,70789.7852,483.5193,464.1785,19.3408,0.00593162,0.00569435,19.3408,464.1785,0.00569435,19.3408,19.3408,19.3408,24.1760,24.1760,464.1785,0.00569435,106.3742,97.4416,377.1451,386.0777,0.00462666,0.00473624,0.00023726,7.1750,6.4906,0.0426,4.2045,0.0806,708.8314,98.7913,8.8300,6.6350,4.0407,4.4018,8.4329,14.3073,20.7715,40.8781,4.2012,0.0,4.718859,9.286678,1.630025,30,242,81,2,0.30276321,0.00593162,-0.00694385,0E-8,0.000000,0.904604,0.002289,0.01846642,2026-03-22,2026-08-06,115,6001,2406,138,0.833333,1.330819,1.230659,1.009211,,,,,,,,GLOBAL_BASELINE_NO_ENTITY_RANKING,,,NOT_APPLICABLE_GLOBAL_BASELINE,HF9g-P5,,,,X 全窗基线 · 不参与实体赏罚,8399471,840,A168_HF9F_20260827_0900,2026-08-27 09:00:00
2026-04-07,36810153,2060,0,8.4329475260,8.4329475260,8.4329475260,1.0000000,1,1,0.49324550000000000,0.493245500000,1.01360149184955,1.01360149184955,1.01360149184955,0E-17,ELIGIBLE,R03b_20260811_FULL_v1,L1_ELIGIBILITY,v2026-08-11,2026-03-21..2026-08-06,baccarat_bet02_101_all_pairs_incl_sentinel,round_win = game_pnl > 0 (decisive only),COMPATIBILITY_ONLY_NOT_PRODUCTION,81515.6139,73739.3596,483.5193,11361,11361,-0.00593162,0.00694385,-0.01152257,-0.00593162,-483.5193,81515.6139,OK,0.0000,19.3408,4.0000,96.0000,AG03-UNRESOLVED,ALL5_LEVELS_bet23_to_bet27,19.3408,19.3408,19.3408,24.1760,24.1760,4.000000,4.000000,4.000000,5.000000,5.000000,96.000000,96.000000,96.000000,95.000000,95.000000,5.0,106.3742,97.4416,377.1451,386.0777,PENDING_AG03,FALSE,NOT_FOR_ENFORCEMENT,464.1785,70789.7852,483.5193,464.1785,19.3408,0.00593162,0.00569435,19.3408,464.1785,0.00569435,19.3408,19.3408,19.3408,24.1760,24.1760,464.1785,0.00569435,106.3742,97.4416,377.1451,386.0777,0.00462666,0.00473624,0.00023726,7.1750,6.4906,0.0426,4.2045,0.0806,708.8314,98.7913,8.8300,6.6350,4.0407,4.4018,8.4329,14.3073,20.7715,40.8781,4.2012,0.0,4.718859,9.286678,1.630025,30,242,81,2,0.30276321,0.00593162,-0.00694385,0E-8,0.000000,0.904604,0.002289,0.01846642,2026-03-22,2026-08-06,115,6001,2406,138,0.833333,1.330819,1.230659,1.009211,,,,,,,,GLOBAL_BASELINE_NO_ENTITY_RANKING,,,NOT_APPLICABLE_GLOBAL_BASELINE,HF9g-P5,,,,X 全窗基线 · 不参与实体赏罚,8399472,840,A168_HF9F_20260827_0900,2026-08-27 09:00:00
2026-04-07,36810153,2106,0,9.2762422783,2.2663546476,2.2663546476,0.6666667,7,7,0.49899058571428571,0.498990585714,0.8214433547731099,0.8214433547745106,0.8214433547731099,2.8571E-13,ELIGIBLE,R03b_20260811_FULL_v1,L1_ELIGIBILITY,v2026-08-11,2026-03-21..2026-08-06,baccarat_bet02_101_all_pairs_incl_sentinel,round_win = game_pnl > 0 (decisive only),COMPATIBILITY_ONLY_NOT_PRODUCTION,81515.6139,73739.3596,483.5193,11361,11361,-0.00593162,0.00694385,-0.01152257,-0.00593162,-483.5193,81515.6139,OK,0.0000,19.3408,4.0000,96.0000,AG03-UNRESOLVED,ALL5_LEVELS_bet23_to_bet27,19.3408,19.3408,19.3408,24.1760,24.1760,4.000000,4.000000,4.000000,5.000000,5.000000,96.000000,96.000000,96.000000,95.000000,95.000000,5.0,106.3742,97.4416,377.1451,386.0777,PENDING_AG03,FALSE,NOT_FOR_ENFORCEMENT,464.1785,70789.7852,483.5193,464.1785,19.3408,0.00593162,0.00569435,19.3408,464.1785,0.00569435,19.3408,19.3408,19.3408,24.1760,24.1760,464.1785,0.00569435,106.3742,97.4416,377.1451,386.0777,0.00462666,0.00473624,0.00023726,7.1750,6.4906,0.0426,4.2045,0.0806,708.8314,98.7913,8.8300,6.6350,4.0407,4.4018,8.4329,14.3073,20.7715,40.8781,4.2012,0.0,4.718859,9.286678,1.630025,30,242,81,2,0.30276321,0.00593162,-0.00694385,0E-8,0.000000,0.904604,0.002289,0.01846642,2026-03-22,2026-08-06,115,6001,2406,138,0.833333,1.330819,1.230659,1.009211,,,,,,,,GLOBAL_BASELINE_NO_ENTITY_RANKING,,,NOT_APPLICABLE_GLOBAL_BASELINE,HF9g-P5,,,,X 全窗基线 · 不参与实体赏罚,8399473,840,A168_HF9F_20260827_0900,2026-08-27 09:00:00
2026-04-07,36810153,2130,0,8.0113001497,-8.0113001497,-8.0113001497,0E-7,2,2,0.49994810000000000,0.499948100000,-1.4140667746232096,-1.4140667746232096,-1.4140667746232096,0E-17,ELIGIBLE,R03b_20260811_FULL_v1,L1_ELIGIBILITY,v2026-08-11,2026-03-21..2026-08-06,baccarat_bet02_101_all_pairs_incl_sentinel,round_win = game_pnl > 0 (decisive only),COMPATIBILITY_ONLY_NOT_PRODUCTION,81515.6139,73739.3596,483.5193,11361,11361,-0.00593162,0.00694385,-0.01152257,-0.00593162,-483.5193,81515.6139,OK,0.0000,19.3408,4.0000,96.0000,AG03-UNRESOLVED,ALL5_LEVELS_bet23_to_bet27,19.3408,19.3408,19.3408,24.1760,24.1760,4.000000,4.000000,4.000000,5.000000,5.000000,96.000000,96.000000,96.000000,95.000000,95.000000,5.0,106.3742,97.4416,377.1451,386.0777,PENDING_AG03,FALSE,NOT_FOR_ENFORCEMENT,464.1785,70789.7852,483.5193,464.1785,19.3408,0.00593162,0.00569435,19.3408,464.1785,0.00569435,19.3408,19.3408,19.3408,24.1760,24.1760,464.1785,0.00569435,106.3742,97.4416,377.1451,386.0777,0.00462666,0.00473624,0.00023726,7.1750,6.4906,0.0426,4.2045,0.0806,708.8314,98.7913,8.8300,6.6350,4.0407,4.4018,8.4329,14.3073,20.7715,40.8781,4.2012,0.0,4.718859,9.286678,1.630025,30,242,81,2,0.30276321,0.00593162,-0.00694385,0E-8,0.000000,0.904604,0.002289,0.01846642,2026-03-22,2026-08-06,115,6001,2406,138,0.833333,1.330819,1.230659,1.009211,,,,,,,,GLOBAL_BASELINE_NO_ENTITY_RANKING,,,NOT_APPLICABLE_GLOBAL_BASELINE,HF9g-P5,,,,X 全窗基线 · 不参与实体赏罚,8399474,840,A168_HF9F_20260827_0900,2026-08-27 09:00:00
2026-04-07,36810153,2145,0,47.4353298337,-22.3473109439,-22.3473109439,0.2500000,8,8,0.49827245000000000,0.498272450000,-1.404449446798726,-1.404449446798726,-1.404449446798726,0E-17,ELIGIBLE,R03b_20260811_FULL_v1,L1_ELIGIBILITY,v2026-08-11,2026-03-21..2026-08-06,baccarat_bet02_101_all_pairs_incl_sentinel,round_win = game_pnl > 0 (decisive only),COMPATIBILITY_ONLY_NOT_PRODUCTION,81515.6139,73739.3596,483.5193,11361,11361,-0.00593162,0.00694385,-0.01152257,-0.00593162,-483.5193,81515.6139,OK,0.0000,19.3408,4.0000,96.0000,AG03-UNRESOLVED,ALL5_LEVELS_bet23_to_bet27,19.3408,19.3408,19.3408,24.1760,24.1760,4.000000,4.000000,4.000000,5.000000,5.000000,96.000000,96.000000,96.000000,95.000000,95.000000,5.0,106.3742,97.4416,377.1451,386.0777,PENDING_AG03,FALSE,NOT_FOR_ENFORCEMENT,464.1785,70789.7852,483.5193,464.1785,19.3408,0.00593162,0.00569435,19.3408,464.1785,0.00569435,19.3408,19.3408,19.3408,24.1760,24.1760,464.1785,0.00569435,106.3742,97.4416,377.1451,386.0777,0.00462666,0.00473624,0.00023726,7.1750,6.4906,0.0426,4.2045,0.0806,708.8314,98.7913,8.8300,6.6350,4.0407,4.4018,8.4329,14.3073,20.7715,40.8781,4.2012,0.0,4.718859,9.286678,1.630025,30,242,81,2,0.30276321,0.00593162,-0.00694385,0E-8,0.000000,0.904604,0.002289,0.01846642,2026-03-22,2026-08-06,115,6001,2406,138,0.833333,1.330819,1.230659,1.009211,,,,,,,,GLOBAL_BASELINE_NO_ENTITY_RANKING,,,NOT_APPLICABLE_GLOBAL_BASELINE,HF9g-P5,,,,X 全窗基线 · 不参与实体赏罚,8399475,840,A168_HF9F_20260827_0900,2026-08-27 09:00:00
2026-04-07,36810153,2169,0,2.5298842578,-2.5298842578,-2.5298842578,0E-7,1,1,0.50665070000000000,0.506650700000,-1.013391052207602,-1.013391052207602,-1.013391052207602,0E-17,ELIGIBLE,R03b_20260811_FULL_v1,L1_ELIGIBILITY,v2026-08-11,2026-03-21..2026-08-06,baccarat_bet02_101_all_pairs_incl_sentinel,round_win = game_pnl > 0 (decisive only),COMPATIBILITY_ONLY_NOT_PRODUCTION,81515.6139,73739.3596,483.5193,11361,11361,-0.00593162,0.00694385,-0.01152257,-0.00593162,-483.5193,81515.6139,OK,0.0000,19.3408,4.0000,96.0000,AG03-UNRESOLVED,ALL5_LEVELS_bet23_to_bet27,19.3408,19.3408,19.3408,24.1760,24.1760,4.000000,4.000000,4.000000,5.000000,5.000000,96.000000,96.000000,96.000000,95.000000,95.000000,5.0,106.3742,97.4416,377.1451,386.0777,PENDING_AG03,FALSE,NOT_FOR_ENFORCEMENT,464.1785,70789.7852,483.5193,464.1785,19.3408,0.00593162,0.00569435,19.3408,464.1785,0.00569435,19.3408,19.3408,19.3408,24.1760,24.1760,464.1785,0.00569435,106.3742,97.4416,377.1451,386.0777,0.00462666,0.00473624,0.00023726,7.1750,6.4906,0.0426,4.2045,0.0806,708.8314,98.7913,8.8300,6.6350,4.0407,4.4018,8.4329,14.3073,20.7715,40.8781,4.2012,0.0,4.718859,9.286678,1.630025,30,242,81,2,0.30276321,0.00593162,-0.00694385,0E-8,0.000000,0.904604,0.002289,0.01846642,2026-03-22,2026-08-06,115,6001,2406,138,0.833333,1.330819,1.230659,1.009211,,,,,,,,GLOBAL_BASELINE_NO_ENTITY_RANKING,,,NOT_APPLICABLE_GLOBAL_BASELINE,HF9g-P5,,,,X 全窗基线 · 不参与实体赏罚,8399476,840,A168_HF9F_20260827_0900,2026-08-27 09:00:00
2026-04-07,36810153,2177,0,3.3731790104,-3.3731790104,-3.3731790104,0E-7,2,2,0.49324550000000000,0.493245500000,-1.3952362676504506,-1.3952362676504506,-1.3952362676504506,0E-17,ELIGIBLE,R03b_20260811_FULL_v1,L1_ELIGIBILITY,v2026-08-11,2026-03-21..2026-08-06,baccarat_bet02_101_all_pairs_incl_sentinel,round_win = game_pnl > 0 (decisive only),COMPATIBILITY_ONLY_NOT_PRODUCTION,81515.6139,73739.3596,483.5193,11361,11361,-0.00593162,0.00694385,-0.01152257,-0.00593162,-483.5193,81515.6139,OK,0.0000,19.3408,4.0000,96.0000,AG03-UNRESOLVED,ALL5_LEVELS_bet23_to_bet27,19.3408,19.3408,19.3408,24.1760,24.1760,4.000000,4.000000,4.000000,5.000000,5.000000,96.000000,96.000000,96.000000,95.000000,95.000000,5.0,106.3742,97.4416,377.1451,386.0777,PENDING_AG03,FALSE,NOT_FOR_ENFORCEMENT,464.1785,70789.7852,483.5193,464.1785,19.3408,0.00593162,0.00569435,19.3408,464.1785,0.00569435,19.3408,19.3408,19.3408,24.1760,24.1760,464.1785,0.00569435,106.3742,97.4416,377.1451,386.0777,0.00462666,0.00473624,0.00023726,7.1750,6.4906,0.0426,4.2045,0.0806,708.8314,98.7913,8.8300,6.6350,4.0407,4.4018,8.4329,14.3073,20.7715,40.8781,4.2012,0.0,4.718859,9.286678,1.630025,30,242,81,2,0.30276321,0.00593162,-0.00694385,0E-8,0.000000,0.904604,0.002289,0.01846642,2026-03-22,2026-08-06,115,6001,2406,138,0.833333,1.330819,1.230659,1.009211,,,,,,,,GLOBAL_BASELINE_NO_ENTITY_RANKING,,,NOT_APPLICABLE_GLOBAL_BASELINE,HF9g-P5,,,,X 全窗基线 · 不参与实体赏罚,8399477,840,A168_HF9F_20260827_0900,2026-08-27 09:00:00
2026-04-07,36810153,2196,0,12.6494212890,-12.6494212890,-12.6494212890,0E-7,1,1,0.49324550000000000,0.493245500000,-0.9865810262130424,-0.9865810262130424,-0.9865810262130424,0E-17,ELIGIBLE,R03b_20260811_FULL_v1,L1_ELIGIBILITY,v2026-08-11,2026-03-21..2026-08-06,baccarat_bet02_101_all_pairs_incl_sentinel,round_win = game_pnl > 0 (decisive only),COMPATIBILITY_ONLY_NOT_PRODUCTION,81515.6139,73739.3596,483.5193,11361,11361,-0.00593162,0.00694385,-0.01152257,-0.00593162,-483.5193,81515.6139,OK,0.0000,19.3408,4.0000,96.0000,AG03-UNRESOLVED,ALL5_LEVELS_bet23_to_bet27,19.3408,19.3408,19.3408,24.1760,24.1760,4.000000,4.000000,4.000000,5.000000,5.000000,96.000000,96.000000,96.000000,95.000000,95.000000,5.0,106.3742,97.4416,377.1451,386.0777,PENDING_AG03,FALSE,NOT_FOR_ENFORCEMENT,464.1785,70789.7852,483.5193,464.1785,19.3408,0.00593162,0.00569435,19.3408,464.1785,0.00569435,19.3408,19.3408,19.3408,24.1760,24.1760,464.1785,0.00569435,106.3742,97.4416,377.1451,386.0777,0.00462666,0.00473624,0.00023726,7.1750,6.4906,0.0426,4.2045,0.0806,708.8314,98.7913,8.8300,6.6350,4.0407,4.4018,8.4329,14.3073,20.7715,40.8781,4.2012,0.0,4.718859,9.286678,1.630025,30,242,81,2,0.30276321,0.00593162,-0.00694385,0E-8,0.000000,0.904604,0.002289,0.01846642,2026-03-22,2026-08-06,115,6001,2406,138,0.833333,1.330819,1.230659,1.009211,,,,,,,,GLOBAL_BASELINE_NO_ENTITY_RANKING,,,NOT_APPLICABLE_GLOBAL_BASELINE,HF9g-P5,,,,X 全窗基线 · 不参与实体赏罚,8399478,840,A168_HF9F_20260827_0900,2026-08-27 09:00:00
2026-04-07,36810153,2222,0,9.9087133430,9.4132776759,9.4132776759,1.0000000,1,1,0.50665070000000000,0.506650700000,0.9867858985152569,0.9867858985152569,0.9867858985152569,0E-17,ELIGIBLE,R03b_20260811_FULL_v1,L1_ELIGIBILITY,v2026-08-11,2026-03-21..2026-08-06,baccarat_bet02_101_all_pairs_incl_sentinel,round_win = game_pnl > 0 (decisive only),COMPATIBILITY_ONLY_NOT_PRODUCTION,81515.6139,73739.3596,483.5193,11361,11361,-0.00593162,0.00694385,-0.01152257,-0.00593162,-483.5193,81515.6139,OK,0.0000,19.3408,4.0000,96.0000,AG03-UNRESOLVED,ALL5_LEVELS_bet23_to_bet27,19.3408,19.3408,19.3408,24.1760,24.1760,4.000000,4.000000,4.000000,5.000000,5.000000,96.000000,96.000000,96.000000,95.000000,95.000000,5.0,106.3742,97.4416,377.1451,386.0777,PENDING_AG03,FALSE,NOT_FOR_ENFORCEMENT,464.1785,70789.7852,483.5193,464.1785,19.3408,0.00593162,0.00569435,19.3408,464.1785,0.00569435,19.3408,19.3408,19.3408,24.1760,24.1760,464.1785,0.00569435,106.3742,97.4416,377.1451,386.0777,0.00462666,0.00473624,0.00023726,7.1750,6.4906,0.0426,4.2045,0.0806,708.8314,98.7913,8.8300,6.6350,4.0407,4.4018,8.4329,14.3073,20.7715,40.8781,4.2012,0.0,4.718859,9.286678,1.630025,30,242,81,2,0.30276321,0.00593162,-0.00694385,0E-8,0.000000,0.904604,0.002289,0.01846642,2026-03-22,2026-08-06,115,6001,2406,138,0.833333,1.330819,1.230659,1.009211,,,,,,,,GLOBAL_BASELINE_NO_ENTITY_RANKING,,,NOT_APPLICABLE_GLOBAL_BASELINE,HF9g-P5,,,,X 全窗基线 · 不参与实体赏罚,8399479,840,A168_HF9F_20260827_0900,2026-08-27 09:00:00
2026-04-07,36810153,2223,0,18.3416608690,12.4913035229,12.4913035229,0.7500000,4,4,0.50329940000000000,0.503299400000,0.9868238854431842,0.9868238854431842,0.9868238854431842,0E-17,ELIGIBLE,R03b_20260811_FULL_v1,L1_ELIGIBILITY,v2026-08-11,2026-03-21..2026-08-06,baccarat_bet02_101_all_pairs_incl_sentinel,round_win = game_pnl > 0 (decisive only),COMPATIBILITY_ONLY_NOT_PRODUCTION,81515.6139,73739.3596,483.5193,11361,11361,-0.00593162,0.00694385,-0.01152257,-0.00593162,-483.5193,81515.6139,OK,0.0000,19.3408,4.0000,96.0000,AG03-UNRESOLVED,ALL5_LEVELS_bet23_to_bet27,19.3408,19.3408,19.3408,24.1760,24.1760,4.000000,4.000000,4.000000,5.000000,5.000000,96.000000,96.000000,96.000000,95.000000,95.000000,5.0,106.3742,97.4416,377.1451,386.0777,PENDING_AG03,FALSE,NOT_FOR_ENFORCEMENT,464.1785,70789.7852,483.5193,464.1785,19.3408,0.00593162,0.00569435,19.3408,464.1785,0.00569435,19.3408,19.3408,19.3408,24.1760,24.1760,464.1785,0.00569435,106.3742,97.4416,377.1451,386.0777,0.00462666,0.00473624,0.00023726,7.1750,6.4906,0.0426,4.2045,0.0806,708.8314,98.7913,8.8300,6.6350,4.0407,4.4018,8.4329,14.3073,20.7715,40.8781,4.2012,0.0,4.718859,9.286678,1.630025,30,242,81,2,0.30276321,0.00593162,-0.00694385,0E-8,0.000000,0.904604,0.002289,0.01846642,2026-03-22,2026-08-06,115,6001,2406,138,0.833333,1.330819,1.230659,1.009211,,,,,,,,GLOBAL_BASELINE_NO_ENTITY_RANKING,,,NOT_APPLICABLE_GLOBAL_BASELINE,HF9g-P5,,,,X 全窗基线 · 不参与实体赏罚,8399480,840,A168_HF9F_20260827_0900,2026-08-27 09:00:00
2026-04-07,36810153,2239,0,4.2164737630,4.0056500748,4.0056500748,1.0000000,1,1,0.50665070000000000,0.506650700000,0.9867858985152569,0.9867858985152569,0.9867858985152569,0E-17,ELIGIBLE,R03b_20260811_FULL_v1,L1_ELIGIBILITY,v2026-08-11,2026-03-21..2026-08-06,baccarat_bet02_101_all_pairs_incl_sentinel,round_win = game_pnl > 0 (decisive only),COMPATIBILITY_ONLY_NOT_PRODUCTION,81515.6139,73739.3596,483.5193,11361,11361,-0.00593162,0.00694385,-0.01152257,-0.00593162,-483.5193,81515.6139,OK,0.0000,19.3408,4.0000,96.0000,AG03-UNRESOLVED,ALL5_LEVELS_bet23_to_bet27,19.3408,19.3408,19.3408,24.1760,24.1760,4.000000,4.000000,4.000000,5.000000,5.000000,96.000000,96.000000,96.000000,95.000000,95.000000,5.0,106.3742,97.4416,377.1451,386.0777,PENDING_AG03,FALSE,NOT_FOR_ENFORCEMENT,464.1785,70789.7852,483.5193,464.1785,19.3408,0.00593162,0.00569435,19.3408,464.1785,0.00569435,19.3408,19.3408,19.3408,24.1760,24.1760,464.1785,0.00569435,106.3742,97.4416,377.1451,386.0777,0.00462666,0.00473624,0.00023726,7.1750,6.4906,0.0426,4.2045,0.0806,708.8314,98.7913,8.8300,6.6350,4.0407,4.4018,8.4329,14.3073,20.7715,40.8781,4.2012,0.0,4.718859,9.286678,1.630025,30,242,81,2,0.30276321,0.00593162,-0.00694385,0E-8,0.000000,0.904604,0.002289,0.01846642,2026-03-22,2026-08-06,115,6001,2406,138,0.833333,1.330819,1.230659,1.009211,,,,,,,,GLOBAL_BASELINE_NO_ENTITY_RANKING,,,NOT_APPLICABLE_GLOBAL_BASELINE,HF9g-P5,,,,X 全窗基线 · 不参与实体赏罚,8399481,840,A168_HF9F_20260827_0900,2026-08-27 09:00:00
2026-04-07,36810153,2258,0,1.6865895052,0E-10,0E-10,,1,1,0.49324550000000000,0.493245500000,,,,0E-17,NO_DECISIVE_ROUND,R03b_20260811_FULL_v1,L1_ELIGIBILITY,v2026-08-11,2026-03-21..2026-08-06,baccarat_bet02_101_all_pairs_incl_sentinel,round_win = game_pnl > 0 (decisive only),COMPATIBILITY_ONLY_NOT_PRODUCTION,81515.6139,73739.3596,483.5193,11361,11361,-0.00593162,0.00694385,-0.01152257,-0.00593162,-483.5193,81515.6139,OK,0.0000,19.3408,4.0000,96.0000,AG03-UNRESOLVED,ALL5_LEVELS_bet23_to_bet27,19.3408,19.3408,19.3408,24.1760,24.1760,4.000000,4.000000,4.000000,5.000000,5.000000,96.000000,96.000000,96.000000,95.000000,95.000000,5.0,106.3742,97.4416,377.1451,386.0777,PENDING_AG03,FALSE,NOT_FOR_ENFORCEMENT,464.1785,70789.7852,483.5193,464.1785,19.3408,0.00593162,0.00569435,19.3408,464.1785,0.00569435,19.3408,19.3408,19.3408,24.1760,24.1760,464.1785,0.00569435,106.3742,97.4416,377.1451,386.0777,0.00462666,0.00473624,0.00023726,7.1750,6.4906,0.0426,4.2045,0.0806,708.8314,98.7913,8.8300,6.6350,4.0407,4.4018,8.4329,14.3073,20.7715,40.8781,4.2012,0.0,4.718859,9.286678,1.630025,30,242,81,2,0.30276321,0.00593162,-0.00694385,0E-8,0.000000,0.904604,0.002289,0.01846642,2026-03-22,2026-08-06,115,6001,2406,138,0.833333,1.330819,1.230659,1.009211,,,,,,,,GLOBAL_BASELINE_NO_ENTITY_RANKING,,,NOT_APPLICABLE_GLOBAL_BASELINE,HF9g-P5,,,,X 全窗基线 · 不参与实体赏罚,8399482,840,A168_HF9F_20260827_0900,2026-08-27 09:00:00
2026-04-07,36810153,550,0,17.2875424283,0.4216473763,0.4216473763,0.5000000,3,3,0.49771390000000000,0.497713900000,0.006466134837551399,0.0064661348375514,0.006466134837551399,0E-17,ELIGIBLE,R03b_20260811_FULL_v1,L1_ELIGIBILITY,v2026-08-11,2026-03-21..2026-08-06,baccarat_bet02_101_all_pairs_incl_sentinel,round_win = game_pnl > 0 (decisive only),COMPATIBILITY_ONLY_NOT_PRODUCTION,81515.6139,73739.3596,483.5193,11361,11361,-0.00593162,0.00694385,-0.01152257,-0.00593162,-483.5193,81515.6139,OK,0.0000,19.3408,4.0000,96.0000,AG03-UNRESOLVED,ALL5_LEVELS_bet23_to_bet27,19.3408,19.3408,19.3408,24.1760,24.1760,4.000000,4.000000,4.000000,5.000000,5.000000,96.000000,96.000000,96.000000,95.000000,95.000000,5.0,106.3742,97.4416,377.1451,386.0777,PENDING_AG03,FALSE,NOT_FOR_ENFORCEMENT,464.1785,70789.7852,483.5193,464.1785,19.3408,0.00593162,0.00569435,19.3408,464.1785,0.00569435,19.3408,19.3408,19.3408,24.1760,24.1760,464.1785,0.00569435,106.3742,97.4416,377.1451,386.0777,0.00462666,0.00473624,0.00023726,7.1750,6.4906,0.0426,4.2045,0.0806,708.8314,98.7913,8.8300,6.6350,4.0407,4.4018,8.4329,14.3073,20.7715,40.8781,4.2012,0.0,4.718859,9.286678,1.630025,30,242,81,2,0.30276321,0.00593162,-0.00694385,0E-8,0.000000,0.904604,0.002289,0.01846642,2026-03-22,2026-08-06,115,6001,2406,138,0.833333,1.330819,1.230659,1.009211,,,,,,,,GLOBAL_BASELINE_NO_ENTITY_RANKING,,,NOT_APPLICABLE_GLOBAL_BASELINE,HF9g-P5,,,,X 全窗基线 · 不参与实体赏罚,8399483,840,A168_HF9F_20260827_0900,2026-08-27 09:00:00
2026-04-07,36810153,752,0,4.2164737630,-4.2164737630,-4.2164737630,0E-7,1,1,0.50665070000000000,0.506650700000,-1.013391052207602,-1.013391052207602,-1.013391052207602,0E-17,ELIGIBLE,R03b_20260811_FULL_v1,L1_ELIGIBILITY,v2026-08-11,2026-03-21..2026-08-06,baccarat_bet02_101_all_pairs_incl_sentinel,round_win = game_pnl > 0 (decisive only),COMPATIBILITY_ONLY_NOT_PRODUCTION,81515.6139,73739.3596,483.5193,11361,11361,-0.00593162,0.00694385,-0.01152257,-0.00593162,-483.5193,81515.6139,OK,0.0000,19.3408,4.0000,96.0000,AG03-UNRESOLVED,ALL5_LEVELS_bet23_to_bet27,19.3408,19.3408,19.3408,24.1760,24.1760,4.000000,4.000000,4.000000,5.000000,5.000000,96.000000,96.000000,96.000000,95.000000,95.000000,5.0,106.3742,97.4416,377.1451,386.0777,PENDING_AG03,FALSE,NOT_FOR_ENFORCEMENT,464.1785,70789.7852,483.5193,464.1785,19.3408,0.00593162,0.00569435,19.3408,464.1785,0.00569435,19.3408,19.3408,19.3408,24.1760,24.1760,464.1785,0.00569435,106.3742,97.4416,377.1451,386.0777,0.00462666,0.00473624,0.00023726,7.1750,6.4906,0.0426,4.2045,0.0806,708.8314,98.7913,8.8300,6.6350,4.0407,4.4018,8.4329,14.3073,20.7715,40.8781,4.2012,0.0,4.718859,9.286678,1.630025,30,242,81,2,0.30276321,0.00593162,-0.00694385,0E-8,0.000000,0.904604,0.002289,0.01846642,2026-03-22,2026-08-06,115,6001,2406,138,0.833333,1.330819,1.230659,1.009211,,,,,,,,GLOBAL_BASELINE_NO_ENTITY_RANKING,,,NOT_APPLICABLE_GLOBAL_BASELINE,HF9g-P5,,,,X 全窗基线 · 不参与实体赏罚,8399484,840,A168_HF9F_20260827_0900,2026-08-27 09:00:00
2026-04-07,36810153,772,0,27.4070794595,-2.7407079460,-2.7407079460,0.3333333,3,3,0.50218230000000000,0.502182300000,-0.5849155494134425,-0.5849155494134426,-0.5849155494134425,0E-17,ELIGIBLE,R03b_20260811_FULL_v1,L1_ELIGIBILITY,v2026-08-11,2026-03-21..2026-08-06,baccarat_bet02_101_all_pairs_incl_sentinel,round_win = game_pnl > 0 (decisive only),COMPATIBILITY_ONLY_NOT_PRODUCTION,81515.6139,73739.3596,483.5193,11361,11361,-0.00593162,0.00694385,-0.01152257,-0.00593162,-483.5193,81515.6139,OK,0.0000,19.3408,4.0000,96.0000,AG03-UNRESOLVED,ALL5_LEVELS_bet23_to_bet27,19.3408,19.3408,19.3408,24.1760,24.1760,4.000000,4.000000,4.000000,5.000000,5.000000,96.000000,96.000000,96.000000,95.000000,95.000000,5.0,106.3742,97.4416,377.1451,386.0777,PENDING_AG03,FALSE,NOT_FOR_ENFORCEMENT,464.1785,70789.7852,483.5193,464.1785,19.3408,0.00593162,0.00569435,19.3408,464.1785,0.00569435,19.3408,19.3408,19.3408,24.1760,24.1760,464.1785,0.00569435,106.3742,97.4416,377.1451,386.0777,0.00462666,0.00473624,0.00023726,7.1750,6.4906,0.0426,4.2045,0.0806,708.8314,98.7913,8.8300,6.6350,4.0407,4.4018,8.4329,14.3073,20.7715,40.8781,4.2012,0.0,4.718859,9.286678,1.630025,30,242,81,2,0.30276321,0.00593162,-0.00694385,0E-8,0.000000,0.904604,0.002289,0.01846642,2026-03-22,2026-08-06,115,6001,2406,138,0.833333,1.330819,1.230659,1.009211,,,,,,,,GLOBAL_BASELINE_NO_ENTITY_RANKING,,,NOT_APPLICABLE_GLOBAL_BASELINE,HF9g-P5,,,,X 全窗基线 · 不参与实体赏罚,8399485,840,A168_HF9F_20260827_0900,2026-08-27 09:00:00
2026-04-08,36810153,-1,1,211.2453355261,26.8062319482,26.8062319482,0.5000000,28,28,0.50138437142857143,0.501384371429,-0.01411792797036905,-0.014117927974739675,-0.01411792797036905,-4.2857E-13,SENTINEL_DEALER,R03b_20260811_FULL_v1,L1_ELIGIBILITY,v2026-08-11,2026-03-21..2026-08-06,baccarat_bet02_101_all_pairs_incl_sentinel,round_win = game_pnl > 0 (decisive only),COMPATIBILITY_ONLY_NOT_PRODUCTION,81515.6139,73739.3596,483.5193,11361,11361,-0.00593162,0.00694385,-0.01152257,-0.00593162,-483.5193,81515.6139,OK,0.0000,19.3408,4.0000,96.0000,AG03-UNRESOLVED,ALL5_LEVELS_bet23_to_bet27,19.3408,19.3408,19.3408,24.1760,24.1760,4.000000,4.000000,4.000000,5.000000,5.000000,96.000000,96.000000,96.000000,95.000000,95.000000,5.0,106.3742,97.4416,377.1451,386.0777,PENDING_AG03,FALSE,NOT_FOR_ENFORCEMENT,464.1785,70789.7852,483.5193,464.1785,19.3408,0.00593162,0.00569435,19.3408,464.1785,0.00569435,19.3408,19.3408,19.3408,24.1760,24.1760,464.1785,0.00569435,106.3742,97.4416,377.1451,386.0777,0.00462666,0.00473624,0.00023726,7.1750,6.4906,0.0426,4.2045,0.0806,708.8314,98.7913,8.8300,6.6350,4.0407,4.4018,8.4329,14.3073,20.7715,40.8781,4.2012,0.0,4.718859,9.286678,1.630025,30,242,81,2,0.30276321,0.00593162,-0.00694385,0E-8,0.000000,0.904604,0.002289,0.01846642,2026-03-22,2026-08-06,115,6001,2406,138,0.833333,1.330819,1.230659,1.009211,,,,,,,,GLOBAL_BASELINE_NO_ENTITY_RANKING,,,NOT_APPLICABLE_GLOBAL_BASELINE,HF9g-P5,,,,X 全窗基线 · 不参与实体赏罚,8399486,840,A168_HF9F_20260827_0900,2026-08-27 09:00:00
2026-04-08,36810153,1017,0,14.3360107942,-6.1138869564,-6.1138869564,0.3333333,3,3,0.50665070000000000,0.506650700000,-0.6004420894325239,-0.6004420894325239,-0.6004420894325239,0E-17,ELIGIBLE,R03b_20260811_FULL_v1,L1_ELIGIBILITY,v2026-08-11,2026-03-21..2026-08-06,baccarat_bet02_101_all_pairs_incl_sentinel,round_win = game_pnl > 0 (decisive only),COMPATIBILITY_ONLY_NOT_PRODUCTION,81515.6139,73739.3596,483.5193,11361,11361,-0.00593162,0.00694385,-0.01152257,-0.00593162,-483.5193,81515.6139,OK,0.0000,19.3408,4.0000,96.0000,AG03-UNRESOLVED,ALL5_LEVELS_bet23_to_bet27,19.3408,19.3408,19.3408,24.1760,24.1760,4.000000,4.000000,4.000000,5.000000,5.000000,96.000000,96.000000,96.000000,95.000000,95.000000,5.0,106.3742,97.4416,377.1451,386.0777,PENDING_AG03,FALSE,NOT_FOR_ENFORCEMENT,464.1785,70789.7852,483.5193,464.1785,19.3408,0.00593162,0.00569435,19.3408,464.1785,0.00569435,19.3408,19.3408,19.3408,24.1760,24.1760,464.1785,0.00569435,106.3742,97.4416,377.1451,386.0777,0.00462666,0.00473624,0.00023726,7.1750,6.4906,0.0426,4.2045,0.0806,708.8314,98.7913,8.8300,6.6350,4.0407,4.4018,8.4329,14.3073,20.7715,40.8781,4.2012,0.0,4.718859,9.286678,1.630025,30,242,81,2,0.30276321,0.00593162,-0.00694385,0E-8,0.000000,0.904604,0.002289,0.01846642,2026-03-22,2026-08-06,115,6001,2406,138,0.833333,1.330819,1.230659,1.009211,,,,,,,,GLOBAL_BASELINE_NO_ENTITY_RANKING,,,NOT_APPLICABLE_GLOBAL_BASELINE,HF9g-P5,,,,X 全窗基线 · 不参与实体赏罚,8399487,840,A168_HF9F_20260827_0900,2026-08-27 09:00:00
2026-04-08,36810153,1078,0,12.6494212890,-12.6494212890,-12.6494212890,0E-7,1,1,0.49324550000000000,0.493245500000,-0.9865810262130424,-0.9865810262130424,-0.9865810262130424,0E-17,ELIGIBLE,R03b_20260811_FULL_v1,L1_ELIGIBILITY,v2026-08-11,2026-03-21..2026-08-06,baccarat_bet02_101_all_pairs_incl_sentinel,round_win = game_pnl > 0 (decisive only),COMPATIBILITY_ONLY_NOT_PRODUCTION,81515.6139,73739.3596,483.5193,11361,11361,-0.00593162,0.00694385,-0.01152257,-0.00593162,-483.5193,81515.6139,OK,0.0000,19.3408,4.0000,96.0000,AG03-UNRESOLVED,ALL5_LEVELS_bet23_to_bet27,19.3408,19.3408,19.3408,24.1760,24.1760,4.000000,4.000000,4.000000,5.000000,5.000000,96.000000,96.000000,96.000000,95.000000,95.000000,5.0,106.3742,97.4416,377.1451,386.0777,PENDING_AG03,FALSE,NOT_FOR_ENFORCEMENT,464.1785,70789.7852,483.5193,464.1785,19.3408,0.00593162,0.00569435,19.3408,464.1785,0.00569435,19.3408,19.3408,19.3408,24.1760,24.1760,464.1785,0.00569435,106.3742,97.4416,377.1451,386.0777,0.00462666,0.00473624,0.00023726,7.1750,6.4906,0.0426,4.2045,0.0806,708.8314,98.7913,8.8300,6.6350,4.0407,4.4018,8.4329,14.3073,20.7715,40.8781,4.2012,0.0,4.718859,9.286678,1.630025,30,242,81,2,0.30276321,0.00593162,-0.00694385,0E-8,0.000000,0.904604,0.002289,0.01846642,2026-03-22,2026-08-06,115,6001,2406,138,0.833333,1.330819,1.230659,1.009211,,,,,,,,GLOBAL_BASELINE_NO_ENTITY_RANKING,,,NOT_APPLICABLE_GLOBAL_BASELINE,HF9g-P5,,,,X 全窗基线 · 不参与实体赏罚,8399488,840,A168_HF9F_20260827_0900,2026-08-27 09:00:00
2026-04-08,36810153,1094,0,2.3190605696,2.3190605696,2.3190605696,1.0000000,1,1,0.49324550000000000,0.493245500000,1.01360149184955,1.01360149184955,1.01360149184955,0E-17,ELIGIBLE,R03b_20260811_FULL_v1,L1_ELIGIBILITY,v2026-08-11,2026-03-21..2026-08-06,baccarat_bet02_101_all_pairs_incl_sentinel,round_win = game_pnl > 0 (decisive only),COMPATIBILITY_ONLY_NOT_PRODUCTION,81515.6139,73739.3596,483.5193,11361,11361,-0.00593162,0.00694385,-0.01152257,-0.00593162,-483.5193,81515.6139,OK,0.0000,19.3408,4.0000,96.0000,AG03-UNRESOLVED,ALL5_LEVELS_bet23_to_bet27,19.3408,19.3408,19.3408,24.1760,24.1760,4.000000,4.000000,4.000000,5.000000,5.000000,96.000000,96.000000,96.000000,95.000000,95.000000,5.0,106.3742,97.4416,377.1451,386.0777,PENDING_AG03,FALSE,NOT_FOR_ENFORCEMENT,464.1785,70789.7852,483.5193,464.1785,19.3408,0.00593162,0.00569435,19.3408,464.1785,0.00569435,19.3408,19.3408,19.3408,24.1760,24.1760,464.1785,0.00569435,106.3742,97.4416,377.1451,386.0777,0.00462666,0.00473624,0.00023726,7.1750,6.4906,0.0426,4.2045,0.0806,708.8314,98.7913,8.8300,6.6350,4.0407,4.4018,8.4329,14.3073,20.7715,40.8781,4.2012,0.0,4.718859,9.286678,1.630025,30,242,81,2,0.30276321,0.00593162,-0.00694385,0E-8,0.000000,0.904604,0.002289,0.01846642,2026-03-22,2026-08-06,115,6001,2406,138,0.833333,1.330819,1.230659,1.009211,,,,,,,,GLOBAL_BASELINE_NO_ENTITY_RANKING,,,NOT_APPLICABLE_GLOBAL_BASELINE,HF9g-P5,,,,X 全窗基线 · 不参与实体赏罚,8399489,840,A168_HF9F_20260827_0900,2026-08-27 09:00:00
2026-04-08,36810153,1109,0,7.5896527734,7.3155819788,7.3155819788,1.0000000,2,2,0.49994810000000000,0.499948100000,1.4143603653603398,1.4143603653603398,1.4143603653603398,0E-17,ELIGIBLE,R03b_20260811_FULL_v1,L1_ELIGIBILITY,v2026-08-11,2026-03-21..2026-08-06,baccarat_bet02_101_all_pairs_incl_sentinel,round_win = game_pnl > 0 (decisive only),COMPATIBILITY_ONLY_NOT_PRODUCTION,81515.6139,73739.3596,483.5193,11361,11361,-0.00593162,0.00694385,-0.01152257,-0.00593162,-483.5193,81515.6139,OK,0.0000,19.3408,4.0000,96.0000,AG03-UNRESOLVED,ALL5_LEVELS_bet23_to_bet27,19.3408,19.3408,19.3408,24.1760,24.1760,4.000000,4.000000,4.000000,5.000000,5.000000,96.000000,96.000000,96.000000,95.000000,95.000000,5.0,106.3742,97.4416,377.1451,386.0777,PENDING_AG03,FALSE,NOT_FOR_ENFORCEMENT,464.1785,70789.7852,483.5193,464.1785,19.3408,0.00593162,0.00569435,19.3408,464.1785,0.00569435,19.3408,19.3408,19.3408,24.1760,24.1760,464.1785,0.00569435,106.3742,97.4416,377.1451,386.0777,0.00462666,0.00473624,0.00023726,7.1750,6.4906,0.0426,4.2045,0.0806,708.8314,98.7913,8.8300,6.6350,4.0407,4.4018,8.4329,14.3073,20.7715,40.8781,4.2012,0.0,4.718859,9.286678,1.630025,30,242,81,2,0.30276321,0.00593162,-0.00694385,0E-8,0.000000,0.904604,0.002289,0.01846642,2026-03-22,2026-08-06,115,6001,2406,138,0.833333,1.330819,1.230659,1.009211,,,,,,,,GLOBAL_BASELINE_NO_ENTITY_RANKING,,,NOT_APPLICABLE_GLOBAL_BASELINE,HF9g-P5,,,,X 全窗基线 · 不参与实体赏罚,8399490,840,A168_HF9F_20260827_0900,2026-08-27 09:00:00
2026-04-08,36810153,1115,0,8.4329475260,-8.4329475260,-8.4329475260,0E-7,1,1,0.50665070000000000,0.506650700000,-1.013391052207602,-1.013391052207602,-1.013391052207602,0E-17,ELIGIBLE,R03b_20260811_FULL_v1,L1_ELIGIBILITY,v2026-08-11,2026-03-21..2026-08-06,baccarat_bet02_101_all_pairs_incl_sentinel,round_win = game_pnl > 0 (decisive only),COMPATIBILITY_ONLY_NOT_PRODUCTION,81515.6139,73739.3596,483.5193,11361,11361,-0.00593162,0.00694385,-0.01152257,-0.00593162,-483.5193,81515.6139,OK,0.0000,19.3408,4.0000,96.0000,AG03-UNRESOLVED,ALL5_LEVELS_bet23_to_bet27,19.3408,19.3408,19.3408,24.1760,24.1760,4.000000,4.000000,4.000000,5.000000,5.000000,96.000000,96.000000,96.000000,95.000000,95.000000,5.0,106.3742,97.4416,377.1451,386.0777,PENDING_AG03,FALSE,NOT_FOR_ENFORCEMENT,464.1785,70789.7852,483.5193,464.1785,19.3408,0.00593162,0.00569435,19.3408,464.1785,0.00569435,19.3408,19.3408,19.3408,24.1760,24.1760,464.1785,0.00569435,106.3742,97.4416,377.1451,386.0777,0.00462666,0.00473624,0.00023726,7.1750,6.4906,0.0426,4.2045,0.0806,708.8314,98.7913,8.8300,6.6350,4.0407,4.4018,8.4329,14.3073,20.7715,40.8781,4.2012,0.0,4.718859,9.286678,1.630025,30,242,81,2,0.30276321,0.00593162,-0.00694385,0E-8,0.000000,0.904604,0.002289,0.01846642,2026-03-22,2026-08-06,115,6001,2406,138,0.833333,1.330819,1.230659,1.009211,,,,,,,,GLOBAL_BASELINE_NO_ENTITY_RANKING,,,NOT_APPLICABLE_GLOBAL_BASELINE,HF9g-P5,,,,X 全窗基线 · 不参与实体赏罚,8399491,840,A168_HF9F_20260827_0900,2026-08-27 09:00:00
2026-04-08,36810153,1205,0,114.6880863536,21.1877806590,21.1877806590,0.6153846,14,14,0.49707555714285714,0.497075557143,0.8531533447691955,0.8531533447681638,0.8531533447691955,-1.4286E-13,ELIGIBLE,R03b_20260811_FULL_v1,L1_ELIGIBILITY,v2026-08-11,2026-03-21..2026-08-06,baccarat_bet02_101_all_pairs_incl_sentinel,round_win = game_pnl > 0 (decisive only),COMPATIBILITY_ONLY_NOT_PRODUCTION,81515.6139,73739.3596,483.5193,11361,11361,-0.00593162,0.00694385,-0.01152257,-0.00593162,-483.5193,81515.6139,OK,0.0000,19.3408,4.0000,96.0000,AG03-UNRESOLVED,ALL5_LEVELS_bet23_to_bet27,19.3408,19.3408,19.3408,24.1760,24.1760,4.000000,4.000000,4.000000,5.000000,5.000000,96.000000,96.000000,96.000000,95.000000,95.000000,5.0,106.3742,97.4416,377.1451,386.0777,PENDING_AG03,FALSE,NOT_FOR_ENFORCEMENT,464.1785,70789.7852,483.5193,464.1785,19.3408,0.00593162,0.00569435,19.3408,464.1785,0.00569435,19.3408,19.3408,19.3408,24.1760,24.1760,464.1785,0.00569435,106.3742,97.4416,377.1451,386.0777,0.00462666,0.00473624,0.00023726,7.1750,6.4906,0.0426,4.2045,0.0806,708.8314,98.7913,8.8300,6.6350,4.0407,4.4018,8.4329,14.3073,20.7715,40.8781,4.2012,0.0,4.718859,9.286678,1.630025,30,242,81,2,0.30276321,0.00593162,-0.00694385,0E-8,0.000000,0.904604,0.002289,0.01846642,2026-03-22,2026-08-06,115,6001,2406,138,0.833333,1.330819,1.230659,1.009211,,,,,,,,GLOBAL_BASELINE_NO_ENTITY_RANKING,,,NOT_APPLICABLE_GLOBAL_BASELINE,HF9g-P5,,,,X 全窗基线 · 不参与实体赏罚,8399492,840,A168_HF9F_20260827_0900,2026-08-27 09:00:00
2026-04-08,36810153,1210,0,8.4329475260,-4.2164737630,-4.2164737630,0E-7,2,2,0.49994810000000000,0.499948100000,-0.9998962053866608,-0.9998962053866608,-0.9998962053866608,0E-17,ELIGIBLE,R03b_20260811_FULL_v1,L1_ELIGIBILITY,v2026-08-11,2026-03-21..2026-08-06,baccarat_bet02_101_all_pairs_incl_sentinel,round_win = game_pnl > 0 (decisive only),COMPATIBILITY_ONLY_NOT_PRODUCTION,81515.6139,73739.3596,483.5193,11361,11361,-0.00593162,0.00694385,-0.01152257,-0.00593162,-483.5193,81515.6139,OK,0.0000,19.3408,4.0000,96.0000,AG03-UNRESOLVED,ALL5_LEVELS_bet23_to_bet27,19.3408,19.3408,19.3408,24.1760,24.1760,4.000000,4.000000,4.000000,5.000000,5.000000,96.000000,96.000000,96.000000,95.000000,95.000000,5.0,106.3742,97.4416,377.1451,386.0777,PENDING_AG03,FALSE,NOT_FOR_ENFORCEMENT,464.1785,70789.7852,483.5193,464.1785,19.3408,0.00593162,0.00569435,19.3408,464.1785,0.00569435,19.3408,19.3408,19.3408,24.1760,24.1760,464.1785,0.00569435,106.3742,97.4416,377.1451,386.0777,0.00462666,0.00473624,0.00023726,7.1750,6.4906,0.0426,4.2045,0.0806,708.8314,98.7913,8.8300,6.6350,4.0407,4.4018,8.4329,14.3073,20.7715,40.8781,4.2012,0.0,4.718859,9.286678,1.630025,30,242,81,2,0.30276321,0.00593162,-0.00694385,0E-8,0.000000,0.904604,0.002289,0.01846642,2026-03-22,2026-08-06,115,6001,2406,138,0.833333,1.330819,1.230659,1.009211,,,,,,,,GLOBAL_BASELINE_NO_ENTITY_RANKING,,,NOT_APPLICABLE_GLOBAL_BASELINE,HF9g-P5,,,,X 全窗基线 · 不参与实体赏罚,8399493,840,A168_HF9F_20260827_0900,2026-08-27 09:00:00
2026-04-08,36810153,1304,0,5.4814158919,-5.4814158919,-5.4814158919,0E-7,1,1,0.49324550000000000,0.493245500000,-0.9865810262130424,-0.9865810262130424,-0.9865810262130424,0E-17,ELIGIBLE,R03b_20260811_FULL_v1,L1_ELIGIBILITY,v2026-08-11,2026-03-21..2026-08-06,baccarat_bet02_101_all_pairs_incl_sentinel,round_win = game_pnl > 0 (decisive only),COMPATIBILITY_ONLY_NOT_PRODUCTION,81515.6139,73739.3596,483.5193,11361,11361,-0.00593162,0.00694385,-0.01152257,-0.00593162,-483.5193,81515.6139,OK,0.0000,19.3408,4.0000,96.0000,AG03-UNRESOLVED,ALL5_LEVELS_bet23_to_bet27,19.3408,19.3408,19.3408,24.1760,24.1760,4.000000,4.000000,4.000000,5.000000,5.000000,96.000000,96.000000,96.000000,95.000000,95.000000,5.0,106.3742,97.4416,377.1451,386.0777,PENDING_AG03,FALSE,NOT_FOR_ENFORCEMENT,464.1785,70789.7852,483.5193,464.1785,19.3408,0.00593162,0.00569435,19.3408,464.1785,0.00569435,19.3408,19.3408,19.3408,24.1760,24.1760,464.1785,0.00569435,106.3742,97.4416,377.1451,386.0777,0.00462666,0.00473624,0.00023726,7.1750,6.4906,0.0426,4.2045,0.0806,708.8314,98.7913,8.8300,6.6350,4.0407,4.4018,8.4329,14.3073,20.7715,40.8781,4.2012,0.0,4.718859,9.286678,1.630025,30,242,81,2,0.30276321,0.00593162,-0.00694385,0E-8,0.000000,0.904604,0.002289,0.01846642,2026-03-22,2026-08-06,115,6001,2406,138,0.833333,1.330819,1.230659,1.009211,,,,,,,,GLOBAL_BASELINE_NO_ENTITY_RANKING,,,NOT_APPLICABLE_GLOBAL_BASELINE,HF9g-P5,,,,X 全窗基线 · 不参与实体赏罚,8399494,840,A168_HF9F_20260827_0900,2026-08-27 09:00:00
2026-04-08,36810153,1307,0,49.9652140915,11.3844791600,11.3844791600,0.5000000,8,8,0.50329940000000000,0.503299400000,-0.016164044843397878,-0.016164044843397878,-0.016164044843397878,0E-17,ELIGIBLE,R03b_20260811_FULL_v1,L1_ELIGIBILITY,v2026-08-11,2026-03-21..2026-08-06,baccarat_bet02_101_all_pairs_incl_sentinel,round_win = game_pnl > 0 (decisive only),COMPATIBILITY_ONLY_NOT_PRODUCTION,81515.6139,73739.3596,483.5193,11361,11361,-0.00593162,0.00694385,-0.01152257,-0.00593162,-483.5193,81515.6139,OK,0.0000,19.3408,4.0000,96.0000,AG03-UNRESOLVED,ALL5_LEVELS_bet23_to_bet27,19.3408,19.3408,19.3408,24.1760,24.1760,4.000000,4.000000,4.000000,5.000000,5.000000,96.000000,96.000000,96.000000,95.000000,95.000000,5.0,106.3742,97.4416,377.1451,386.0777,PENDING_AG03,FALSE,NOT_FOR_ENFORCEMENT,464.1785,70789.7852,483.5193,464.1785,19.3408,0.00593162,0.00569435,19.3408,464.1785,0.00569435,19.3408,19.3408,19.3408,24.1760,24.1760,464.1785,0.00569435,106.3742,97.4416,377.1451,386.0777,0.00462666,0.00473624,0.00023726,7.1750,6.4906,0.0426,4.2045,0.0806,708.8314,98.7913,8.8300,6.6350,4.0407,4.4018,8.4329,14.3073,20.7715,40.8781,4.2012,0.0,4.718859,9.286678,1.630025,30,242,81,2,0.30276321,0.00593162,-0.00694385,0E-8,0.000000,0.904604,0.002289,0.01846642,2026-03-22,2026-08-06,115,6001,2406,138,0.833333,1.330819,1.230659,1.009211,,,,,,,,GLOBAL_BASELINE_NO_ENTITY_RANKING,,,NOT_APPLICABLE_GLOBAL_BASELINE,HF9g-P5,,,,X 全窗基线 · 不参与实体赏罚,8399495,840,A168_HF9F_20260827_0900,2026-08-27 09:00:00
2026-04-08,36810153,1318,0,17.2875424283,-0.4216473763,-0.4216473763,0.5000000,2,2,0.49994810000000000,0.499948100000,0.00014679536856514622,0.00014679536856514622,0.00014679536856514622,0E-17,ELIGIBLE,R03b_20260811_FULL_v1,L1_ELIGIBILITY,v2026-08-11,2026-03-21..2026-08-06,baccarat_bet02_101_all_pairs_incl_sentinel,round_win = game_pnl > 0 (decisive only),COMPATIBILITY_ONLY_NOT_PRODUCTION,81515.6139,73739.3596,483.5193,11361,11361,-0.00593162,0.00694385,-0.01152257,-0.00593162,-483.5193,81515.6139,OK,0.0000,19.3408,4.0000,96.0000,AG03-UNRESOLVED,ALL5_LEVELS_bet23_to_bet27,19.3408,19.3408,19.3408,24.1760,24.1760,4.000000,4.000000,4.000000,5.000000,5.000000,96.000000,96.000000,96.000000,95.000000,95.000000,5.0,106.3742,97.4416,377.1451,386.0777,PENDING_AG03,FALSE,NOT_FOR_ENFORCEMENT,464.1785,70789.7852,483.5193,464.1785,19.3408,0.00593162,0.00569435,19.3408,464.1785,0.00569435,19.3408,19.3408,19.3408,24.1760,24.1760,464.1785,0.00569435,106.3742,97.4416,377.1451,386.0777,0.00462666,0.00473624,0.00023726,7.1750,6.4906,0.0426,4.2045,0.0806,708.8314,98.7913,8.8300,6.6350,4.0407,4.4018,8.4329,14.3073,20.7715,40.8781,4.2012,0.0,4.718859,9.286678,1.630025,30,242,81,2,0.30276321,0.00593162,-0.00694385,0E-8,0.000000,0.904604,0.002289,0.01846642,2026-03-22,2026-08-06,115,6001,2406,138,0.833333,1.330819,1.230659,1.009211,,,,,,,,GLOBAL_BASELINE_NO_ENTITY_RANKING,,,NOT_APPLICABLE_GLOBAL_BASELINE,HF9g-P5,,,,X 全窗基线 · 不参与实体赏罚,8399496,840,A168_HF9F_20260827_0900,2026-08-27 09:00:00
2026-04-08,36810153,1325,0,10.9628317838,10.7520080956,10.7520080956,1.0000000,3,3,0.49771390000000000,0.497713900000,1.739988277604938,1.739988277604938,1.739988277604938,0E-17,ELIGIBLE,R03b_20260811_FULL_v1,L1_ELIGIBILITY,v2026-08-11,2026-03-21..2026-08-06,baccarat_bet02_101_all_pairs_incl_sentinel,round_win = game_pnl > 0 (decisive only),COMPATIBILITY_ONLY_NOT_PRODUCTION,81515.6139,73739.3596,483.5193,11361,11361,-0.00593162,0.00694385,-0.01152257,-0.00593162,-483.5193,81515.6139,OK,0.0000,19.3408,4.0000,96.0000,AG03-UNRESOLVED,ALL5_LEVELS_bet23_to_bet27,19.3408,19.3408,19.3408,24.1760,24.1760,4.000000,4.000000,4.000000,5.000000,5.000000,96.000000,96.000000,96.000000,95.000000,95.000000,5.0,106.3742,97.4416,377.1451,386.0777,PENDING_AG03,FALSE,NOT_FOR_ENFORCEMENT,464.1785,70789.7852,483.5193,464.1785,19.3408,0.00593162,0.00569435,19.3408,464.1785,0.00569435,19.3408,19.3408,19.3408,24.1760,24.1760,464.1785,0.00569435,106.3742,97.4416,377.1451,386.0777,0.00462666,0.00473624,0.00023726,7.1750,6.4906,0.0426,4.2045,0.0806,708.8314,98.7913,8.8300,6.6350,4.0407,4.4018,8.4329,14.3073,20.7715,40.8781,4.2012,0.0,4.718859,9.286678,1.630025,30,242,81,2,0.30276321,0.00593162,-0.00694385,0E-8,0.000000,0.904604,0.002289,0.01846642,2026-03-22,2026-08-06,115,6001,2406,138,0.833333,1.330819,1.230659,1.009211,,,,,,,,GLOBAL_BASELINE_NO_ENTITY_RANKING,,,NOT_APPLICABLE_GLOBAL_BASELINE,HF9g-P5,,,,X 全窗基线 · 不参与实体赏罚,8399497,840,A168_HF9F_20260827_0900,2026-08-27 09:00:00
2026-04-08,36810153,1330,0,29.3044926528,-21.0823688150,-21.0823688150,0.2500000,4,4,0.50329940000000000,0.503299400000,-1.013219660140378,-1.013219660140378,-1.013219660140378,0E-17,ELIGIBLE,R03b_20260811_FULL_v1,L1_ELIGIBILITY,v2026-08-11,2026-03-21..2026-08-06,baccarat_bet02_101_all_pairs_incl_sentinel,round_win = game_pnl > 0 (decisive only),COMPATIBILITY_ONLY_NOT_PRODUCTION,81515.6139,73739.3596,483.5193,11361,11361,-0.00593162,0.00694385,-0.01152257,-0.00593162,-483.5193,81515.6139,OK,0.0000,19.3408,4.0000,96.0000,AG03-UNRESOLVED,ALL5_LEVELS_bet23_to_bet27,19.3408,19.3408,19.3408,24.1760,24.1760,4.000000,4.000000,4.000000,5.000000,5.000000,96.000000,96.000000,96.000000,95.000000,95.000000,5.0,106.3742,97.4416,377.1451,386.0777,PENDING_AG03,FALSE,NOT_FOR_ENFORCEMENT,464.1785,70789.7852,483.5193,464.1785,19.3408,0.00593162,0.00569435,19.3408,464.1785,0.00569435,19.3408,19.3408,19.3408,24.1760,24.1760,464.1785,0.00569435,106.3742,97.4416,377.1451,386.0777,0.00462666,0.00473624,0.00023726,7.1750,6.4906,0.0426,4.2045,0.0806,708.8314,98.7913,8.8300,6.6350,4.0407,4.4018,8.4329,14.3073,20.7715,40.8781,4.2012,0.0,4.718859,9.286678,1.630025,30,242,81,2,0.30276321,0.00593162,-0.00694385,0E-8,0.000000,0.904604,0.002289,0.01846642,2026-03-22,2026-08-06,115,6001,2406,138,0.833333,1.330819,1.230659,1.009211,,,,,,,,GLOBAL_BASELINE_NO_ENTITY_RANKING,,,NOT_APPLICABLE_GLOBAL_BASELINE,HF9g-P5,,,,X 全窗基线 · 不参与实体赏罚,8399498,840,A168_HF9F_20260827_0900,2026-08-27 09:00:00
2026-04-08,36810153,1331,0,4.2164737630,4.2164737630,4.2164737630,1.0000000,1,1,0.49324550000000000,0.493245500000,1.01360149184955,1.01360149184955,1.01360149184955,0E-17,ELIGIBLE,R03b_20260811_FULL_v1,L1_ELIGIBILITY,v2026-08-11,2026-03-21..2026-08-06,baccarat_bet02_101_all_pairs_incl_sentinel,round_win = game_pnl > 0 (decisive only),COMPATIBILITY_ONLY_NOT_PRODUCTION,81515.6139,73739.3596,483.5193,11361,11361,-0.00593162,0.00694385,-0.01152257,-0.00593162,-483.5193,81515.6139,OK,0.0000,19.3408,4.0000,96.0000,AG03-UNRESOLVED,ALL5_LEVELS_bet23_to_bet27,19.3408,19.3408,19.3408,24.1760,24.1760,4.000000,4.000000,4.000000,5.000000,5.000000,96.000000,96.000000,96.000000,95.000000,95.000000,5.0,106.3742,97.4416,377.1451,386.0777,PENDING_AG03,FALSE,NOT_FOR_ENFORCEMENT,464.1785,70789.7852,483.5193,464.1785,19.3408,0.00593162,0.00569435,19.3408,464.1785,0.00569435,19.3408,19.3408,19.3408,24.1760,24.1760,464.1785,0.00569435,106.3742,97.4416,377.1451,386.0777,0.00462666,0.00473624,0.00023726,7.1750,6.4906,0.0426,4.2045,0.0806,708.8314,98.7913,8.8300,6.6350,4.0407,4.4018,8.4329,14.3073,20.7715,40.8781,4.2012,0.0,4.718859,9.286678,1.630025,30,242,81,2,0.30276321,0.00593162,-0.00694385,0E-8,0.000000,0.904604,0.002289,0.01846642,2026-03-22,2026-08-06,115,6001,2406,138,0.833333,1.330819,1.230659,1.009211,,,,,,,,GLOBAL_BASELINE_NO_ENTITY_RANKING,,,NOT_APPLICABLE_GLOBAL_BASELINE,HF9g-P5,,,,X 全窗基线 · 不参与实体赏罚,8399499,840,A168_HF9F_20260827_0900,2026-08-27 09:00:00
2026-04-08,36810153,1353,0,52.7059220375,6.3247106445,6.3247106445,0.2857143,8,8,0.49659680000000000,0.496596800000,-1.1159112260582862,-1.1159112260582862,-1.1159112260582862,0E-17,ELIGIBLE,R03b_20260811_FULL_v1,L1_ELIGIBILITY,v2026-08-11,2026-03-21..2026-08-06,baccarat_bet02_101_all_pairs_incl_sentinel,round_win = game_pnl > 0 (decisive only),COMPATIBILITY_ONLY_NOT_PRODUCTION,81515.6139,73739.3596,483.5193,11361,11361,-0.00593162,0.00694385,-0.01152257,-0.00593162,-483.5193,81515.6139,OK,0.0000,19.3408,4.0000,96.0000,AG03-UNRESOLVED,ALL5_LEVELS_bet23_to_bet27,19.3408,19.3408,19.3408,24.1760,24.1760,4.000000,4.000000,4.000000,5.000000,5.000000,96.000000,96.000000,96.000000,95.000000,95.000000,5.0,106.3742,97.4416,377.1451,386.0777,PENDING_AG03,FALSE,NOT_FOR_ENFORCEMENT,464.1785,70789.7852,483.5193,464.1785,19.3408,0.00593162,0.00569435,19.3408,464.1785,0.00569435,19.3408,19.3408,19.3408,24.1760,24.1760,464.1785,0.00569435,106.3742,97.4416,377.1451,386.0777,0.00462666,0.00473624,0.00023726,7.1750,6.4906,0.0426,4.2045,0.0806,708.8314,98.7913,8.8300,6.6350,4.0407,4.4018,8.4329,14.3073,20.7715,40.8781,4.2012,0.0,4.718859,9.286678,1.630025,30,242,81,2,0.30276321,0.00593162,-0.00694385,0E-8,0.000000,0.904604,0.002289,0.01846642,2026-03-22,2026-08-06,115,6001,2406,138,0.833333,1.330819,1.230659,1.009211,,,,,,,,GLOBAL_BASELINE_NO_ENTITY_RANKING,,,NOT_APPLICABLE_GLOBAL_BASELINE,HF9g-P5,,,,X 全窗基线 · 不参与实体赏罚,8399500,840,A168_HF9F_20260827_0900,2026-08-27 09:00:00
2026-04-08,36810153,1363,0,129.2349208358,-5.9030632685,-5.9030632685,0.5000000,14,14,0.50473567142857143,0.504735671429,-0.035440109600929436,-0.03544010960413699,-0.035440109600929436,-4.2857E-13,ELIGIBLE,R03b_20260811_FULL_v1,L1_ELIGIBILITY,v2026-08-11,2026-03-21..2026-08-06,baccarat_bet02_101_all_pairs_incl_sentinel,round_win = game_pnl > 0 (decisive only),COMPATIBILITY_ONLY_NOT_PRODUCTION,81515.6139,73739.3596,483.5193,11361,11361,-0.00593162,0.00694385,-0.01152257,-0.00593162,-483.5193,81515.6139,OK,0.0000,19.3408,4.0000,96.0000,AG03-UNRESOLVED,ALL5_LEVELS_bet23_to_bet27,19.3408,19.3408,19.3408,24.1760,24.1760,4.000000,4.000000,4.000000,5.000000,5.000000,96.000000,96.000000,96.000000,95.000000,95.000000,5.0,106.3742,97.4416,377.1451,386.0777,PENDING_AG03,FALSE,NOT_FOR_ENFORCEMENT,464.1785,70789.7852,483.5193,464.1785,19.3408,0.00593162,0.00569435,19.3408,464.1785,0.00569435,19.3408,19.3408,19.3408,24.1760,24.1760,464.1785,0.00569435,106.3742,97.4416,377.1451,386.0777,0.00462666,0.00473624,0.00023726,7.1750,6.4906,0.0426,4.2045,0.0806,708.8314,98.7913,8.8300,6.6350,4.0407,4.4018,8.4329,14.3073,20.7715,40.8781,4.2012,0.0,4.718859,9.286678,1.630025,30,242,81,2,0.30276321,0.00593162,-0.00694385,0E-8,0.000000,0.904604,0.002289,0.01846642,2026-03-22,2026-08-06,115,6001,2406,138,0.833333,1.330819,1.230659,1.009211,,,,,,,,GLOBAL_BASELINE_NO_ENTITY_RANKING,,,NOT_APPLICABLE_GLOBAL_BASELINE,HF9g-P5,,,,X 全窗基线 · 不参与实体赏罚,8399501,840,A168_HF9F_20260827_0900,2026-08-27 09:00:00
2026-04-08,36810153,1374,0,45.9595640167,-12.2277739127,-12.2277739127,0.5000000,4,4,0.49659680000000000,0.496596800000,0.013613115331600182,0.013613115331600183,0.013613115331600182,0E-17,ELIGIBLE,R03b_20260811_FULL_v1,L1_ELIGIBILITY,v2026-08-11,2026-03-21..2026-08-06,baccarat_bet02_101_all_pairs_incl_sentinel,round_win = game_pnl > 0 (decisive only),COMPATIBILITY_ONLY_NOT_PRODUCTION,81515.6139,73739.3596,483.5193,11361,11361,-0.00593162,0.00694385,-0.01152257,-0.00593162,-483.5193,81515.6139,OK,0.0000,19.3408,4.0000,96.0000,AG03-UNRESOLVED,ALL5_LEVELS_bet23_to_bet27,19.3408,19.3408,19.3408,24.1760,24.1760,4.000000,4.000000,4.000000,5.000000,5.000000,96.000000,96.000000,96.000000,95.000000,95.000000,5.0,106.3742,97.4416,377.1451,386.0777,PENDING_AG03,FALSE,NOT_FOR_ENFORCEMENT,464.1785,70789.7852,483.5193,464.1785,19.3408,0.00593162,0.00569435,19.3408,464.1785,0.00569435,19.3408,19.3408,19.3408,24.1760,24.1760,464.1785,0.00569435,106.3742,97.4416,377.1451,386.0777,0.00462666,0.00473624,0.00023726,7.1750,6.4906,0.0426,4.2045,0.0806,708.8314,98.7913,8.8300,6.6350,4.0407,4.4018,8.4329,14.3073,20.7715,40.8781,4.2012,0.0,4.718859,9.286678,1.630025,30,242,81,2,0.30276321,0.00593162,-0.00694385,0E-8,0.000000,0.904604,0.002289,0.01846642,2026-03-22,2026-08-06,115,6001,2406,138,0.833333,1.330819,1.230659,1.009211,,,,,,,,GLOBAL_BASELINE_NO_ENTITY_RANKING,,,NOT_APPLICABLE_GLOBAL_BASELINE,HF9g-P5,,,,X 全窗基线 · 不参与实体赏罚,8399502,840,A168_HF9F_20260827_0900,2026-08-27 09:00:00
2026-04-08,36810153,1382,0,8.4329475260,-4.2164737630,-4.2164737630,0.5000000,2,2,0.49324550000000000,0.493245500000,0.01910635448239258,0.01910635448239258,0.01910635448239258,0E-17,ELIGIBLE,R03b_20260811_FULL_v1,L1_ELIGIBILITY,v2026-08-11,2026-03-21..2026-08-06,baccarat_bet02_101_all_pairs_incl_sentinel,round_win = game_pnl > 0 (decisive only),COMPATIBILITY_ONLY_NOT_PRODUCTION,81515.6139,73739.3596,483.5193,11361,11361,-0.00593162,0.00694385,-0.01152257,-0.00593162,-483.5193,81515.6139,OK,0.0000,19.3408,4.0000,96.0000,AG03-UNRESOLVED,ALL5_LEVELS_bet23_to_bet27,19.3408,19.3408,19.3408,24.1760,24.1760,4.000000,4.000000,4.000000,5.000000,5.000000,96.000000,96.000000,96.000000,95.000000,95.000000,5.0,106.3742,97.4416,377.1451,386.0777,PENDING_AG03,FALSE,NOT_FOR_ENFORCEMENT,464.1785,70789.7852,483.5193,464.1785,19.3408,0.00593162,0.00569435,19.3408,464.1785,0.00569435,19.3408,19.3408,19.3408,24.1760,24.1760,464.1785,0.00569435,106.3742,97.4416,377.1451,386.0777,0.00462666,0.00473624,0.00023726,7.1750,6.4906,0.0426,4.2045,0.0806,708.8314,98.7913,8.8300,6.6350,4.0407,4.4018,8.4329,14.3073,20.7715,40.8781,4.2012,0.0,4.718859,9.286678,1.630025,30,242,81,2,0.30276321,0.00593162,-0.00694385,0E-8,0.000000,0.904604,0.002289,0.01846642,2026-03-22,2026-08-06,115,6001,2406,138,0.833333,1.330819,1.230659,1.009211,,,,,,,,GLOBAL_BASELINE_NO_ENTITY_RANKING,,,NOT_APPLICABLE_GLOBAL_BASELINE,HF9g-P5,,,,X 全窗基线 · 不参与实体赏罚,8399503,840,A168_HF9F_20260827_0900,2026-08-27 09:00:00
2026-04-08,36810153,1383,0,10.5411844075,10.2249488753,10.2249488753,1.0000000,2,2,0.49994810000000000,0.499948100000,1.4143603653603398,1.4143603653603398,1.4143603653603398,0E-17,ELIGIBLE,R03b_20260811_FULL_v1,L1_ELIGIBILITY,v2026-08-11,2026-03-21..2026-08-06,baccarat_bet02_101_all_pairs_incl_sentinel,round_win = game_pnl > 0 (decisive only),COMPATIBILITY_ONLY_NOT_PRODUCTION,81515.6139,73739.3596,483.5193,11361,11361,-0.00593162,0.00694385,-0.01152257,-0.00593162,-483.5193,81515.6139,OK,0.0000,19.3408,4.0000,96.0000,AG03-UNRESOLVED,ALL5_LEVELS_bet23_to_bet27,19.3408,19.3408,19.3408,24.1760,24.1760,4.000000,4.000000,4.000000,5.000000,5.000000,96.000000,96.000000,96.000000,95.000000,95.000000,5.0,106.3742,97.4416,377.1451,386.0777,PENDING_AG03,FALSE,NOT_FOR_ENFORCEMENT,464.1785,70789.7852,483.5193,464.1785,19.3408,0.00593162,0.00569435,19.3408,464.1785,0.00569435,19.3408,19.3408,19.3408,24.1760,24.1760,464.1785,0.00569435,106.3742,97.4416,377.1451,386.0777,0.00462666,0.00473624,0.00023726,7.1750,6.4906,0.0426,4.2045,0.0806,708.8314,98.7913,8.8300,6.6350,4.0407,4.4018,8.4329,14.3073,20.7715,40.8781,4.2012,0.0,4.718859,9.286678,1.630025,30,242,81,2,0.30276321,0.00593162,-0.00694385,0E-8,0.000000,0.904604,0.002289,0.01846642,2026-03-22,2026-08-06,115,6001,2406,138,0.833333,1.330819,1.230659,1.009211,,,,,,,,GLOBAL_BASELINE_NO_ENTITY_RANKING,,,NOT_APPLICABLE_GLOBAL_BASELINE,HF9g-P5,,,,X 全窗基线 · 不参与实体赏罚,8399504,840,A168_HF9F_20260827_0900,2026-08-27 09:00:00
2026-04-08,36810153,1385,0,4.2164737630,4.0056500748,4.0056500748,1.0000000,1,1,0.50665070000000000,0.506650700000,0.9867858985152569,0.9867858985152569,0.9867858985152569,0E-17,ELIGIBLE,R03b_20260811_FULL_v1,L1_ELIGIBILITY,v2026-08-11,2026-03-21..2026-08-06,baccarat_bet02_101_all_pairs_incl_sentinel,round_win = game_pnl > 0 (decisive only),COMPATIBILITY_ONLY_NOT_PRODUCTION,81515.6139,73739.3596,483.5193,11361,11361,-0.00593162,0.00694385,-0.01152257,-0.00593162,-483.5193,81515.6139,OK,0.0000,19.3408,4.0000,96.0000,AG03-UNRESOLVED,ALL5_LEVELS_bet23_to_bet27,19.3408,19.3408,19.3408,24.1760,24.1760,4.000000,4.000000,4.000000,5.000000,5.000000,96.000000,96.000000,96.000000,95.000000,95.000000,5.0,106.3742,97.4416,377.1451,386.0777,PENDING_AG03,FALSE,NOT_FOR_ENFORCEMENT,464.1785,70789.7852,483.5193,464.1785,19.3408,0.00593162,0.00569435,19.3408,464.1785,0.00569435,19.3408,19.3408,19.3408,24.1760,24.1760,464.1785,0.00569435,106.3742,97.4416,377.1451,386.0777,0.00462666,0.00473624,0.00023726,7.1750,6.4906,0.0426,4.2045,0.0806,708.8314,98.7913,8.8300,6.6350,4.0407,4.4018,8.4329,14.3073,20.7715,40.8781,4.2012,0.0,4.718859,9.286678,1.630025,30,242,81,2,0.30276321,0.00593162,-0.00694385,0E-8,0.000000,0.904604,0.002289,0.01846642,2026-03-22,2026-08-06,115,6001,2406,138,0.833333,1.330819,1.230659,1.009211,,,,,,,,GLOBAL_BASELINE_NO_ENTITY_RANKING,,,NOT_APPLICABLE_GLOBAL_BASELINE,HF9g-P5,,,,X 全窗基线 · 不参与实体赏罚,8399505,840,A168_HF9F_20260827_0900,2026-08-27 09:00:00
2026-04-08,36810153,1399,0,12.8602449771,12.8602449771,12.8602449771,1.0000000,2,2,0.49324550000000000,0.493245500000,1.4334489766152358,1.4334489766152358,1.4334489766152358,0E-17,ELIGIBLE,R03b_20260811_FULL_v1,L1_ELIGIBILITY,v2026-08-11,2026-03-21..2026-08-06,baccarat_bet02_101_all_pairs_incl_sentinel,round_win = game_pnl > 0 (decisive only),COMPATIBILITY_ONLY_NOT_PRODUCTION,81515.6139,73739.3596,483.5193,11361,11361,-0.00593162,0.00694385,-0.01152257,-0.00593162,-483.5193,81515.6139,OK,0.0000,19.3408,4.0000,96.0000,AG03-UNRESOLVED,ALL5_LEVELS_bet23_to_bet27,19.3408,19.3408,19.3408,24.1760,24.1760,4.000000,4.000000,4.000000,5.000000,5.000000,96.000000,96.000000,96.000000,95.000000,95.000000,5.0,106.3742,97.4416,377.1451,386.0777,PENDING_AG03,FALSE,NOT_FOR_ENFORCEMENT,464.1785,70789.7852,483.5193,464.1785,19.3408,0.00593162,0.00569435,19.3408,464.1785,0.00569435,19.3408,19.3408,19.3408,24.1760,24.1760,464.1785,0.00569435,106.3742,97.4416,377.1451,386.0777,0.00462666,0.00473624,0.00023726,7.1750,6.4906,0.0426,4.2045,0.0806,708.8314,98.7913,8.8300,6.6350,4.0407,4.4018,8.4329,14.3073,20.7715,40.8781,4.2012,0.0,4.718859,9.286678,1.630025,30,242,81,2,0.30276321,0.00593162,-0.00694385,0E-8,0.000000,0.904604,0.002289,0.01846642,2026-03-22,2026-08-06,115,6001,2406,138,0.833333,1.330819,1.230659,1.009211,,,,,,,,GLOBAL_BASELINE_NO_ENTITY_RANKING,,,NOT_APPLICABLE_GLOBAL_BASELINE,HF9g-P5,,,,X 全窗基线 · 不参与实体赏罚,8399506,840,A168_HF9F_20260827_0900,2026-08-27 09:00:00
2026-04-08,36810153,1400,0,48.4894482745,4.2164737630,4.2164737630,0.3333333,4,4,0.49659680000000000,0.496596800000,-0.5655743394288276,-0.5655743394288276,-0.5655743394288276,0E-17,ELIGIBLE,R03b_20260811_FULL_v1,L1_ELIGIBILITY,v2026-08-11,2026-03-21..2026-08-06,baccarat_bet02_101_all_pairs_incl_sentinel,round_win = game_pnl > 0 (decisive only),COMPATIBILITY_ONLY_NOT_PRODUCTION,81515.6139,73739.3596,483.5193,11361,11361,-0.00593162,0.00694385,-0.01152257,-0.00593162,-483.5193,81515.6139,OK,0.0000,19.3408,4.0000,96.0000,AG03-UNRESOLVED,ALL5_LEVELS_bet23_to_bet27,19.3408,19.3408,19.3408,24.1760,24.1760,4.000000,4.000000,4.000000,5.000000,5.000000,96.000000,96.000000,96.000000,95.000000,95.000000,5.0,106.3742,97.4416,377.1451,386.0777,PENDING_AG03,FALSE,NOT_FOR_ENFORCEMENT,464.1785,70789.7852,483.5193,464.1785,19.3408,0.00593162,0.00569435,19.3408,464.1785,0.00569435,19.3408,19.3408,19.3408,24.1760,24.1760,464.1785,0.00569435,106.3742,97.4416,377.1451,386.0777,0.00462666,0.00473624,0.00023726,7.1750,6.4906,0.0426,4.2045,0.0806,708.8314,98.7913,8.8300,6.6350,4.0407,4.4018,8.4329,14.3073,20.7715,40.8781,4.2012,0.0,4.718859,9.286678,1.630025,30,242,81,2,0.30276321,0.00593162,-0.00694385,0E-8,0.000000,0.904604,0.002289,0.01846642,2026-03-22,2026-08-06,115,6001,2406,138,0.833333,1.330819,1.230659,1.009211,,,,,,,,GLOBAL_BASELINE_NO_ENTITY_RANKING,,,NOT_APPLICABLE_GLOBAL_BASELINE,HF9g-P5,,,,X 全窗基线 · 不参与实体赏罚,8399507,840,A168_HF9F_20260827_0900,2026-08-27 09:00:00
2026-04-08,36810153,1402,0,35.8400269855,26.8800202391,26.8800202391,0.6666667,3,3,0.49771390000000000,0.497713900000,0.5852756695216578,0.5852756695216578,0.5852756695216578,0E-17,ELIGIBLE,R03b_20260811_FULL_v1,L1_ELIGIBILITY,v2026-08-11,2026-03-21..2026-08-06,baccarat_bet02_101_all_pairs_incl_sentinel,round_win = game_pnl > 0 (decisive only),COMPATIBILITY_ONLY_NOT_PRODUCTION,81515.6139,73739.3596,483.5193,11361,11361,-0.00593162,0.00694385,-0.01152257,-0.00593162,-483.5193,81515.6139,OK,0.0000,19.3408,4.0000,96.0000,AG03-UNRESOLVED,ALL5_LEVELS_bet23_to_bet27,19.3408,19.3408,19.3408,24.1760,24.1760,4.000000,4.000000,4.000000,5.000000,5.000000,96.000000,96.000000,96.000000,95.000000,95.000000,5.0,106.3742,97.4416,377.1451,386.0777,PENDING_AG03,FALSE,NOT_FOR_ENFORCEMENT,464.1785,70789.7852,483.5193,464.1785,19.3408,0.00593162,0.00569435,19.3408,464.1785,0.00569435,19.3408,19.3408,19.3408,24.1760,24.1760,464.1785,0.00569435,106.3742,97.4416,377.1451,386.0777,0.00462666,0.00473624,0.00023726,7.1750,6.4906,0.0426,4.2045,0.0806,708.8314,98.7913,8.8300,6.6350,4.0407,4.4018,8.4329,14.3073,20.7715,40.8781,4.2012,0.0,4.718859,9.286678,1.630025,30,242,81,2,0.30276321,0.00593162,-0.00694385,0E-8,0.000000,0.904604,0.002289,0.01846642,2026-03-22,2026-08-06,115,6001,2406,138,0.833333,1.330819,1.230659,1.009211,,,,,,,,GLOBAL_BASELINE_NO_ENTITY_RANKING,,,NOT_APPLICABLE_GLOBAL_BASELINE,HF9g-P5,,,,X 全窗基线 · 不参与实体赏罚,8399508,840,A168_HF9F_20260827_0900,2026-08-27 09:00:00
2026-04-08,36810153,1405,0,49.5435667152,-41.1106191892,-41.1106191892,0.1666667,6,6,0.49994810000000000,0.499948100000,-1.6327389136160748,-1.6327389136160748,-1.6327389136160748,0E-17,ELIGIBLE,R03b_20260811_FULL_v1,L1_ELIGIBILITY,v2026-08-11,2026-03-21..2026-08-06,baccarat_bet02_101_all_pairs_incl_sentinel,round_win = game_pnl > 0 (decisive only),COMPATIBILITY_ONLY_NOT_PRODUCTION,81515.6139,73739.3596,483.5193,11361,11361,-0.00593162,0.00694385,-0.01152257,-0.00593162,-483.5193,81515.6139,OK,0.0000,19.3408,4.0000,96.0000,AG03-UNRESOLVED,ALL5_LEVELS_bet23_to_bet27,19.3408,19.3408,19.3408,24.1760,24.1760,4.000000,4.000000,4.000000,5.000000,5.000000,96.000000,96.000000,96.000000,95.000000,95.000000,5.0,106.3742,97.4416,377.1451,386.0777,PENDING_AG03,FALSE,NOT_FOR_ENFORCEMENT,464.1785,70789.7852,483.5193,464.1785,19.3408,0.00593162,0.00569435,19.3408,464.1785,0.00569435,19.3408,19.3408,19.3408,24.1760,24.1760,464.1785,0.00569435,106.3742,97.4416,377.1451,386.0777,0.00462666,0.00473624,0.00023726,7.1750,6.4906,0.0426,4.2045,0.0806,708.8314,98.7913,8.8300,6.6350,4.0407,4.4018,8.4329,14.3073,20.7715,40.8781,4.2012,0.0,4.718859,9.286678,1.630025,30,242,81,2,0.30276321,0.00593162,-0.00694385,0E-8,0.000000,0.904604,0.002289,0.01846642,2026-03-22,2026-08-06,115,6001,2406,138,0.833333,1.330819,1.230659,1.009211,,,,,,,,GLOBAL_BASELINE_NO_ENTITY_RANKING,,,NOT_APPLICABLE_GLOBAL_BASELINE,HF9g-P5,,,,X 全窗基线 · 不参与实体赏罚,8399509,840,A168_HF9F_20260827_0900,2026-08-27 09:00:00
2026-04-08,36810153,1485,0,5.2705922037,-5.2705922037,-5.2705922037,0E-7,1,1,0.50665070000000000,0.506650700000,-1.013391052207602,-1.013391052207602,-1.013391052207602,0E-17,ELIGIBLE,R03b_20260811_FULL_v1,L1_ELIGIBILITY,v2026-08-11,2026-03-21..2026-08-06,baccarat_bet02_101_all_pairs_incl_sentinel,round_win = game_pnl > 0 (decisive only),COMPATIBILITY_ONLY_NOT_PRODUCTION,81515.6139,73739.3596,483.5193,11361,11361,-0.00593162,0.00694385,-0.01152257,-0.00593162,-483.5193,81515.6139,OK,0.0000,19.3408,4.0000,96.0000,AG03-UNRESOLVED,ALL5_LEVELS_bet23_to_bet27,19.3408,19.3408,19.3408,24.1760,24.1760,4.000000,4.000000,4.000000,5.000000,5.000000,96.000000,96.000000,96.000000,95.000000,95.000000,5.0,106.3742,97.4416,377.1451,386.0777,PENDING_AG03,FALSE,NOT_FOR_ENFORCEMENT,464.1785,70789.7852,483.5193,464.1785,19.3408,0.00593162,0.00569435,19.3408,464.1785,0.00569435,19.3408,19.3408,19.3408,24.1760,24.1760,464.1785,0.00569435,106.3742,97.4416,377.1451,386.0777,0.00462666,0.00473624,0.00023726,7.1750,6.4906,0.0426,4.2045,0.0806,708.8314,98.7913,8.8300,6.6350,4.0407,4.4018,8.4329,14.3073,20.7715,40.8781,4.2012,0.0,4.718859,9.286678,1.630025,30,242,81,2,0.30276321,0.00593162,-0.00694385,0E-8,0.000000,0.904604,0.002289,0.01846642,2026-03-22,2026-08-06,115,6001,2406,138,0.833333,1.330819,1.230659,1.009211,,,,,,,,GLOBAL_BASELINE_NO_ENTITY_RANKING,,,NOT_APPLICABLE_GLOBAL_BASELINE,HF9g-P5,,,,X 全窗基线 · 不参与实体赏罚,8399510,840,A168_HF9F_20260827_0900,2026-08-27 09:00:00
2026-04-08,36810153,1490,0,47.6461535219,4.6381211393,4.6381211393,0.4285714,7,7,0.49707555714285714,0.497075557143,-0.3624959764119633,-0.36249597641271863,-0.3624959764119633,-1.4286E-13,ELIGIBLE,R03b_20260811_FULL_v1,L1_ELIGIBILITY,v2026-08-11,2026-03-21..2026-08-06,baccarat_bet02_101_all_pairs_incl_sentinel,round_win = game_pnl > 0 (decisive only),COMPATIBILITY_ONLY_NOT_PRODUCTION,81515.6139,73739.3596,483.5193,11361,11361,-0.00593162,0.00694385,-0.01152257,-0.00593162,-483.5193,81515.6139,OK,0.0000,19.3408,4.0000,96.0000,AG03-UNRESOLVED,ALL5_LEVELS_bet23_to_bet27,19.3408,19.3408,19.3408,24.1760,24.1760,4.000000,4.000000,4.000000,5.000000,5.000000,96.000000,96.000000,96.000000,95.000000,95.000000,5.0,106.3742,97.4416,377.1451,386.0777,PENDING_AG03,FALSE,NOT_FOR_ENFORCEMENT,464.1785,70789.7852,483.5193,464.1785,19.3408,0.00593162,0.00569435,19.3408,464.1785,0.00569435,19.3408,19.3408,19.3408,24.1760,24.1760,464.1785,0.00569435,106.3742,97.4416,377.1451,386.0777,0.00462666,0.00473624,0.00023726,7.1750,6.4906,0.0426,4.2045,0.0806,708.8314,98.7913,8.8300,6.6350,4.0407,4.4018,8.4329,14.3073,20.7715,40.8781,4.2012,0.0,4.718859,9.286678,1.630025,30,242,81,2,0.30276321,0.00593162,-0.00694385,0E-8,0.000000,0.904604,0.002289,0.01846642,2026-03-22,2026-08-06,115,6001,2406,138,0.833333,1.330819,1.230659,1.009211,,,,,,,,GLOBAL_BASELINE_NO_ENTITY_RANKING,,,NOT_APPLICABLE_GLOBAL_BASELINE,HF9g-P5,,,,X 全窗基线 · 不参与实体赏罚,8399511,840,A168_HF9F_20260827_0900,2026-08-27 09:00:00
2026-04-08,36810153,1507,0,8.4329475260,0E-10,0E-10,,1,1,0.49324550000000000,0.493245500000,,,,0E-17,NO_DECISIVE_ROUND,R03b_20260811_FULL_v1,L1_ELIGIBILITY,v2026-08-11,2026-03-21..2026-08-06,baccarat_bet02_101_all_pairs_incl_sentinel,round_win = game_pnl > 0 (decisive only),COMPATIBILITY_ONLY_NOT_PRODUCTION,81515.6139,73739.3596,483.5193,11361,11361,-0.00593162,0.00694385,-0.01152257,-0.00593162,-483.5193,81515.6139,OK,0.0000,19.3408,4.0000,96.0000,AG03-UNRESOLVED,ALL5_LEVELS_bet23_to_bet27,19.3408,19.3408,19.3408,24.1760,24.1760,4.000000,4.000000,4.000000,5.000000,5.000000,96.000000,96.000000,96.000000,95.000000,95.000000,5.0,106.3742,97.4416,377.1451,386.0777,PENDING_AG03,FALSE,NOT_FOR_ENFORCEMENT,464.1785,70789.7852,483.5193,464.1785,19.3408,0.00593162,0.00569435,19.3408,464.1785,0.00569435,19.3408,19.3408,19.3408,24.1760,24.1760,464.1785,0.00569435,106.3742,97.4416,377.1451,386.0777,0.00462666,0.00473624,0.00023726,7.1750,6.4906,0.0426,4.2045,0.0806,708.8314,98.7913,8.8300,6.6350,4.0407,4.4018,8.4329,14.3073,20.7715,40.8781,4.2012,0.0,4.718859,9.286678,1.630025,30,242,81,2,0.30276321,0.00593162,-0.00694385,0E-8,0.000000,0.904604,0.002289,0.01846642,2026-03-22,2026-08-06,115,6001,2406,138,0.833333,1.330819,1.230659,1.009211,,,,,,,,GLOBAL_BASELINE_NO_ENTITY_RANKING,,,NOT_APPLICABLE_GLOBAL_BASELINE,HF9g-P5,,,,X 全窗基线 · 不参与实体赏罚,8399512,840,A168_HF9F_20260827_0900,2026-08-27 09:00:00
2026-04-08,36810153,1509,0,80.3238251851,4.0056500749,4.0056500749,0.5000000,11,11,0.50055742727272727,0.500557427273,-0.003525481814340578,-0.0035254818160654774,-0.003525481814340578,-2.7273E-13,ELIGIBLE,R03b_20260811_FULL_v1,L1_ELIGIBILITY,v2026-08-11,2026-03-21..2026-08-06,baccarat_bet02_101_all_pairs_incl_sentinel,round_win = game_pnl > 0 (decisive only),COMPATIBILITY_ONLY_NOT_PRODUCTION,81515.6139,73739.3596,483.5193,11361,11361,-0.00593162,0.00694385,-0.01152257,-0.00593162,-483.5193,81515.6139,OK,0.0000,19.3408,4.0000,96.0000,AG03-UNRESOLVED,ALL5_LEVELS_bet23_to_bet27,19.3408,19.3408,19.3408,24.1760,24.1760,4.000000,4.000000,4.000000,5.000000,5.000000,96.000000,96.000000,96.000000,95.000000,95.000000,5.0,106.3742,97.4416,377.1451,386.0777,PENDING_AG03,FALSE,NOT_FOR_ENFORCEMENT,464.1785,70789.7852,483.5193,464.1785,19.3408,0.00593162,0.00569435,19.3408,464.1785,0.00569435,19.3408,19.3408,19.3408,24.1760,24.1760,464.1785,0.00569435,106.3742,97.4416,377.1451,386.0777,0.00462666,0.00473624,0.00023726,7.1750,6.4906,0.0426,4.2045,0.0806,708.8314,98.7913,8.8300,6.6350,4.0407,4.4018,8.4329,14.3073,20.7715,40.8781,4.2012,0.0,4.718859,9.286678,1.630025,30,242,81,2,0.30276321,0.00593162,-0.00694385,0E-8,0.000000,0.904604,0.002289,0.01846642,2026-03-22,2026-08-06,115,6001,2406,138,0.833333,1.330819,1.230659,1.009211,,,,,,,,GLOBAL_BASELINE_NO_ENTITY_RANKING,,,NOT_APPLICABLE_GLOBAL_BASELINE,HF9g-P5,,,,X 全窗基线 · 不参与实体赏罚,8399513,840,A168_HF9F_20260827_0900,2026-08-27 09:00:00
2026-04-08,36810153,1623,0,20.2390740624,4.5327092952,4.5327092952,0.5000000,3,3,0.50218230000000000,0.502182300000,-0.00617253530718887,-0.00617253530718887,-0.00617253530718887,0E-17,ELIGIBLE,R03b_20260811_FULL_v1,L1_ELIGIBILITY,v2026-08-11,2026-03-21..2026-08-06,baccarat_bet02_101_all_pairs_incl_sentinel,round_win = game_pnl > 0 (decisive only),COMPATIBILITY_ONLY_NOT_PRODUCTION,81515.6139,73739.3596,483.5193,11361,11361,-0.00593162,0.00694385,-0.01152257,-0.00593162,-483.5193,81515.6139,OK,0.0000,19.3408,4.0000,96.0000,AG03-UNRESOLVED,ALL5_LEVELS_bet23_to_bet27,19.3408,19.3408,19.3408,24.1760,24.1760,4.000000,4.000000,4.000000,5.000000,5.000000,96.000000,96.000000,96.000000,95.000000,95.000000,5.0,106.3742,97.4416,377.1451,386.0777,PENDING_AG03,FALSE,NOT_FOR_ENFORCEMENT,464.1785,70789.7852,483.5193,464.1785,19.3408,0.00593162,0.00569435,19.3408,464.1785,0.00569435,19.3408,19.3408,19.3408,24.1760,24.1760,464.1785,0.00569435,106.3742,97.4416,377.1451,386.0777,0.00462666,0.00473624,0.00023726,7.1750,6.4906,0.0426,4.2045,0.0806,708.8314,98.7913,8.8300,6.6350,4.0407,4.4018,8.4329,14.3073,20.7715,40.8781,4.2012,0.0,4.718859,9.286678,1.630025,30,242,81,2,0.30276321,0.00593162,-0.00694385,0E-8,0.000000,0.904604,0.002289,0.01846642,2026-03-22,2026-08-06,115,6001,2406,138,0.833333,1.330819,1.230659,1.009211,,,,,,,,GLOBAL_BASELINE_NO_ENTITY_RANKING,,,NOT_APPLICABLE_GLOBAL_BASELINE,HF9g-P5,,,,X 全窗基线 · 不参与实体赏罚,8399514,840,A168_HF9F_20260827_0900,2026-08-27 09:00:00
2026-04-08,36810153,1646,0,4.2164737630,4.0056500748,4.0056500748,1.0000000,1,1,0.50665070000000000,0.506650700000,0.9867858985152569,0.9867858985152569,0.9867858985152569,0E-17,ELIGIBLE,R03b_20260811_FULL_v1,L1_ELIGIBILITY,v2026-08-11,2026-03-21..2026-08-06,baccarat_bet02_101_all_pairs_incl_sentinel,round_win = game_pnl > 0 (decisive only),COMPATIBILITY_ONLY_NOT_PRODUCTION,81515.6139,73739.3596,483.5193,11361,11361,-0.00593162,0.00694385,-0.01152257,-0.00593162,-483.5193,81515.6139,OK,0.0000,19.3408,4.0000,96.0000,AG03-UNRESOLVED,ALL5_LEVELS_bet23_to_bet27,19.3408,19.3408,19.3408,24.1760,24.1760,4.000000,4.000000,4.000000,5.000000,5.000000,96.000000,96.000000,96.000000,95.000000,95.000000,5.0,106.3742,97.4416,377.1451,386.0777,PENDING_AG03,FALSE,NOT_FOR_ENFORCEMENT,464.1785,70789.7852,483.5193,464.1785,19.3408,0.00593162,0.00569435,19.3408,464.1785,0.00569435,19.3408,19.3408,19.3408,24.1760,24.1760,464.1785,0.00569435,106.3742,97.4416,377.1451,386.0777,0.00462666,0.00473624,0.00023726,7.1750,6.4906,0.0426,4.2045,0.0806,708.8314,98.7913,8.8300,6.6350,4.0407,4.4018,8.4329,14.3073,20.7715,40.8781,4.2012,0.0,4.718859,9.286678,1.630025,30,242,81,2,0.30276321,0.00593162,-0.00694385,0E-8,0.000000,0.904604,0.002289,0.01846642,2026-03-22,2026-08-06,115,6001,2406,138,0.833333,1.330819,1.230659,1.009211,,,,,,,,GLOBAL_BASELINE_NO_ENTITY_RANKING,,,NOT_APPLICABLE_GLOBAL_BASELINE,HF9g-P5,,,,X 全窗基线 · 不参与实体赏罚,8399515,840,A168_HF9F_20260827_0900,2026-08-27 09:00:00
2026-04-08,36810153,1702,0,4.2164737630,-4.2164737630,-4.2164737630,0E-7,1,1,0.50665070000000000,0.506650700000,-1.013391052207602,-1.013391052207602,-1.013391052207602,0E-17,ELIGIBLE,R03b_20260811_FULL_v1,L1_ELIGIBILITY,v2026-08-11,2026-03-21..2026-08-06,baccarat_bet02_101_all_pairs_incl_sentinel,round_win = game_pnl > 0 (decisive only),COMPATIBILITY_ONLY_NOT_PRODUCTION,81515.6139,73739.3596,483.5193,11361,11361,-0.00593162,0.00694385,-0.01152257,-0.00593162,-483.5193,81515.6139,OK,0.0000,19.3408,4.0000,96.0000,AG03-UNRESOLVED,ALL5_LEVELS_bet23_to_bet27,19.3408,19.3408,19.3408,24.1760,24.1760,4.000000,4.000000,4.000000,5.000000,5.000000,96.000000,96.000000,96.000000,95.000000,95.000000,5.0,106.3742,97.4416,377.1451,386.0777,PENDING_AG03,FALSE,NOT_FOR_ENFORCEMENT,464.1785,70789.7852,483.5193,464.1785,19.3408,0.00593162,0.00569435,19.3408,464.1785,0.00569435,19.3408,19.3408,19.3408,24.1760,24.1760,464.1785,0.00569435,106.3742,97.4416,377.1451,386.0777,0.00462666,0.00473624,0.00023726,7.1750,6.4906,0.0426,4.2045,0.0806,708.8314,98.7913,8.8300,6.6350,4.0407,4.4018,8.4329,14.3073,20.7715,40.8781,4.2012,0.0,4.718859,9.286678,1.630025,30,242,81,2,0.30276321,0.00593162,-0.00694385,0E-8,0.000000,0.904604,0.002289,0.01846642,2026-03-22,2026-08-06,115,6001,2406,138,0.833333,1.330819,1.230659,1.009211,,,,,,,,GLOBAL_BASELINE_NO_ENTITY_RANKING,,,NOT_APPLICABLE_GLOBAL_BASELINE,HF9g-P5,,,,X 全窗基线 · 不参与实体赏罚,8399516,840,A168_HF9F_20260827_0900,2026-08-27 09:00:00
2026-04-08,36810153,1704,0,26.3529610186,-14.3254696097,-14.3254696097,0.3333333,4,4,0.50665070000000000,0.506650700000,-0.6004420894325239,-0.6004420894325239,-0.6004420894325239,0E-17,ELIGIBLE,R03b_20260811_FULL_v1,L1_ELIGIBILITY,v2026-08-11,2026-03-21..2026-08-06,baccarat_bet02_101_all_pairs_incl_sentinel,round_win = game_pnl > 0 (decisive only),COMPATIBILITY_ONLY_NOT_PRODUCTION,81515.6139,73739.3596,483.5193,11361,11361,-0.00593162,0.00694385,-0.01152257,-0.00593162,-483.5193,81515.6139,OK,0.0000,19.3408,4.0000,96.0000,AG03-UNRESOLVED,ALL5_LEVELS_bet23_to_bet27,19.3408,19.3408,19.3408,24.1760,24.1760,4.000000,4.000000,4.000000,5.000000,5.000000,96.000000,96.000000,96.000000,95.000000,95.000000,5.0,106.3742,97.4416,377.1451,386.0777,PENDING_AG03,FALSE,NOT_FOR_ENFORCEMENT,464.1785,70789.7852,483.5193,464.1785,19.3408,0.00593162,0.00569435,19.3408,464.1785,0.00569435,19.3408,19.3408,19.3408,24.1760,24.1760,464.1785,0.00569435,106.3742,97.4416,377.1451,386.0777,0.00462666,0.00473624,0.00023726,7.1750,6.4906,0.0426,4.2045,0.0806,708.8314,98.7913,8.8300,6.6350,4.0407,4.4018,8.4329,14.3073,20.7715,40.8781,4.2012,0.0,4.718859,9.286678,1.630025,30,242,81,2,0.30276321,0.00593162,-0.00694385,0E-8,0.000000,0.904604,0.002289,0.01846642,2026-03-22,2026-08-06,115,6001,2406,138,0.833333,1.330819,1.230659,1.009211,,,,,,,,GLOBAL_BASELINE_NO_ENTITY_RANKING,,,NOT_APPLICABLE_GLOBAL_BASELINE,HF9g-P5,,,,X 全窗基线 · 不参与实体赏罚,8399517,840,A168_HF9F_20260827_0900,2026-08-27 09:00:00
2026-04-08,36810153,1710,0,74.2099382286,-36.4724980498,-36.4724980498,0.3333333,9,9,0.49771390000000000,0.497713900000,-0.9862937092952077,-0.9862937092952077,-0.9862937092952077,0E-17,ELIGIBLE,R03b_20260811_FULL_v1,L1_ELIGIBILITY,v2026-08-11,2026-03-21..2026-08-06,baccarat_bet02_101_all_pairs_incl_sentinel,round_win = game_pnl > 0 (decisive only),COMPATIBILITY_ONLY_NOT_PRODUCTION,81515.6139,73739.3596,483.5193,11361,11361,-0.00593162,0.00694385,-0.01152257,-0.00593162,-483.5193,81515.6139,OK,0.0000,19.3408,4.0000,96.0000,AG03-UNRESOLVED,ALL5_LEVELS_bet23_to_bet27,19.3408,19.3408,19.3408,24.1760,24.1760,4.000000,4.000000,4.000000,5.000000,5.000000,96.000000,96.000000,96.000000,95.000000,95.000000,5.0,106.3742,97.4416,377.1451,386.0777,PENDING_AG03,FALSE,NOT_FOR_ENFORCEMENT,464.1785,70789.7852,483.5193,464.1785,19.3408,0.00593162,0.00569435,19.3408,464.1785,0.00569435,19.3408,19.3408,19.3408,24.1760,24.1760,464.1785,0.00569435,106.3742,97.4416,377.1451,386.0777,0.00462666,0.00473624,0.00023726,7.1750,6.4906,0.0426,4.2045,0.0806,708.8314,98.7913,8.8300,6.6350,4.0407,4.4018,8.4329,14.3073,20.7715,40.8781,4.2012,0.0,4.718859,9.286678,1.630025,30,242,81,2,0.30276321,0.00593162,-0.00694385,0E-8,0.000000,0.904604,0.002289,0.01846642,2026-03-22,2026-08-06,115,6001,2406,138,0.833333,1.330819,1.230659,1.009211,,,,,,,,GLOBAL_BASELINE_NO_ENTITY_RANKING,,,NOT_APPLICABLE_GLOBAL_BASELINE,HF9g-P5,,,,X 全窗基线 · 不参与实体赏罚,8399518,840,A168_HF9F_20260827_0900,2026-08-27 09:00:00
2026-04-08,36810153,1750,0,8.4329475260,0E-10,0E-10,0.5000000,2,2,0.49324550000000000,0.493245500000,0.01910635448239258,0.01910635448239258,0.01910635448239258,0E-17,ELIGIBLE,R03b_20260811_FULL_v1,L1_ELIGIBILITY,v2026-08-11,2026-03-21..2026-08-06,baccarat_bet02_101_all_pairs_incl_sentinel,round_win = game_pnl > 0 (decisive only),COMPATIBILITY_ONLY_NOT_PRODUCTION,81515.6139,73739.3596,483.5193,11361,11361,-0.00593162,0.00694385,-0.01152257,-0.00593162,-483.5193,81515.6139,OK,0.0000,19.3408,4.0000,96.0000,AG03-UNRESOLVED,ALL5_LEVELS_bet23_to_bet27,19.3408,19.3408,19.3408,24.1760,24.1760,4.000000,4.000000,4.000000,5.000000,5.000000,96.000000,96.000000,96.000000,95.000000,95.000000,5.0,106.3742,97.4416,377.1451,386.0777,PENDING_AG03,FALSE,NOT_FOR_ENFORCEMENT,464.1785,70789.7852,483.5193,464.1785,19.3408,0.00593162,0.00569435,19.3408,464.1785,0.00569435,19.3408,19.3408,19.3408,24.1760,24.1760,464.1785,0.00569435,106.3742,97.4416,377.1451,386.0777,0.00462666,0.00473624,0.00023726,7.1750,6.4906,0.0426,4.2045,0.0806,708.8314,98.7913,8.8300,6.6350,4.0407,4.4018,8.4329,14.3073,20.7715,40.8781,4.2012,0.0,4.718859,9.286678,1.630025,30,242,81,2,0.30276321,0.00593162,-0.00694385,0E-8,0.000000,0.904604,0.002289,0.01846642,2026-03-22,2026-08-06,115,6001,2406,138,0.833333,1.330819,1.230659,1.009211,,,,,,,,GLOBAL_BASELINE_NO_ENTITY_RANKING,,,NOT_APPLICABLE_GLOBAL_BASELINE,HF9g-P5,,,,X 全窗基线 · 不参与实体赏罚,8399519,840,A168_HF9F_20260827_0900,2026-08-27 09:00:00
2026-04-08,36810153,1935,0,31.6235532224,0E-10,0E-10,,1,1,0.50665070000000000,0.506650700000,,,,0E-17,NO_DECISIVE_ROUND,R03b_20260811_FULL_v1,L1_ELIGIBILITY,v2026-08-11,2026-03-21..2026-08-06,baccarat_bet02_101_all_pairs_incl_sentinel,round_win = game_pnl > 0 (decisive only),COMPATIBILITY_ONLY_NOT_PRODUCTION,81515.6139,73739.3596,483.5193,11361,11361,-0.00593162,0.00694385,-0.01152257,-0.00593162,-483.5193,81515.6139,OK,0.0000,19.3408,4.0000,96.0000,AG03-UNRESOLVED,ALL5_LEVELS_bet23_to_bet27,19.3408,19.3408,19.3408,24.1760,24.1760,4.000000,4.000000,4.000000,5.000000,5.000000,96.000000,96.000000,96.000000,95.000000,95.000000,5.0,106.3742,97.4416,377.1451,386.0777,PENDING_AG03,FALSE,NOT_FOR_ENFORCEMENT,464.1785,70789.7852,483.5193,464.1785,19.3408,0.00593162,0.00569435,19.3408,464.1785,0.00569435,19.3408,19.3408,19.3408,24.1760,24.1760,464.1785,0.00569435,106.3742,97.4416,377.1451,386.0777,0.00462666,0.00473624,0.00023726,7.1750,6.4906,0.0426,4.2045,0.0806,708.8314,98.7913,8.8300,6.6350,4.0407,4.4018,8.4329,14.3073,20.7715,40.8781,4.2012,0.0,4.718859,9.286678,1.630025,30,242,81,2,0.30276321,0.00593162,-0.00694385,0E-8,0.000000,0.904604,0.002289,0.01846642,2026-03-22,2026-08-06,115,6001,2406,138,0.833333,1.330819,1.230659,1.009211,,,,,,,,GLOBAL_BASELINE_NO_ENTITY_RANKING,,,NOT_APPLICABLE_GLOBAL_BASELINE,HF9g-P5,,,,X 全窗基线 · 不参与实体赏罚,8399520,840,A168_HF9F_20260827_0900,2026-08-27 09:00:00
2026-04-08,36810153,1941,0,42.1647376300,-21.0823688150,-21.0823688150,0.3333333,4,4,0.49994810000000000,0.499948100000,-0.5771704854251445,-0.5771704854251445,-0.5771704854251445,0E-17,ELIGIBLE,R03b_20260811_FULL_v1,L1_ELIGIBILITY,v2026-08-11,2026-03-21..2026-08-06,baccarat_bet02_101_all_pairs_incl_sentinel,round_win = game_pnl > 0 (decisive only),COMPATIBILITY_ONLY_NOT_PRODUCTION,81515.6139,73739.3596,483.5193,11361,11361,-0.00593162,0.00694385,-0.01152257,-0.00593162,-483.5193,81515.6139,OK,0.0000,19.3408,4.0000,96.0000,AG03-UNRESOLVED,ALL5_LEVELS_bet23_to_bet27,19.3408,19.3408,19.3408,24.1760,24.1760,4.000000,4.000000,4.000000,5.000000,5.000000,96.000000,96.000000,96.000000,95.000000,95.000000,5.0,106.3742,97.4416,377.1451,386.0777,PENDING_AG03,FALSE,NOT_FOR_ENFORCEMENT,464.1785,70789.7852,483.5193,464.1785,19.3408,0.00593162,0.00569435,19.3408,464.1785,0.00569435,19.3408,19.3408,19.3408,24.1760,24.1760,464.1785,0.00569435,106.3742,97.4416,377.1451,386.0777,0.00462666,0.00473624,0.00023726,7.1750,6.4906,0.0426,4.2045,0.0806,708.8314,98.7913,8.8300,6.6350,4.0407,4.4018,8.4329,14.3073,20.7715,40.8781,4.2012,0.0,4.718859,9.286678,1.630025,30,242,81,2,0.30276321,0.00593162,-0.00694385,0E-8,0.000000,0.904604,0.002289,0.01846642,2026-03-22,2026-08-06,115,6001,2406,138,0.833333,1.330819,1.230659,1.009211,,,,,,,,GLOBAL_BASELINE_NO_ENTITY_RANKING,,,NOT_APPLICABLE_GLOBAL_BASELINE,HF9g-P5,,,,X 全窗基线 · 不参与实体赏罚,8399521,840,A168_HF9F_20260827_0900,2026-08-27 09:00:00
2026-04-08,36810153,1947,0,92.9732464740,15.6009529230,15.6009529230,0.5000000,16,16,0.49827245000000000,0.498272450000,0.011968888931274175,0.011968888931274175,0.011968888931274175,0E-17,ELIGIBLE,R03b_20260811_FULL_v1,L1_ELIGIBILITY,v2026-08-11,2026-03-21..2026-08-06,baccarat_bet02_101_all_pairs_incl_sentinel,round_win = game_pnl > 0 (decisive only),COMPATIBILITY_ONLY_NOT_PRODUCTION,81515.6139,73739.3596,483.5193,11361,11361,-0.00593162,0.00694385,-0.01152257,-0.00593162,-483.5193,81515.6139,OK,0.0000,19.3408,4.0000,96.0000,AG03-UNRESOLVED,ALL5_LEVELS_bet23_to_bet27,19.3408,19.3408,19.3408,24.1760,24.1760,4.000000,4.000000,4.000000,5.000000,5.000000,96.000000,96.000000,96.000000,95.000000,95.000000,5.0,106.3742,97.4416,377.1451,386.0777,PENDING_AG03,FALSE,NOT_FOR_ENFORCEMENT,464.1785,70789.7852,483.5193,464.1785,19.3408,0.00593162,0.00569435,19.3408,464.1785,0.00569435,19.3408,19.3408,19.3408,24.1760,24.1760,464.1785,0.00569435,106.3742,97.4416,377.1451,386.0777,0.00462666,0.00473624,0.00023726,7.1750,6.4906,0.0426,4.2045,0.0806,708.8314,98.7913,8.8300,6.6350,4.0407,4.4018,8.4329,14.3073,20.7715,40.8781,4.2012,0.0,4.718859,9.286678,1.630025,30,242,81,2,0.30276321,0.00593162,-0.00694385,0E-8,0.000000,0.904604,0.002289,0.01846642,2026-03-22,2026-08-06,115,6001,2406,138,0.833333,1.330819,1.230659,1.009211,,,,,,,,GLOBAL_BASELINE_NO_ENTITY_RANKING,,,NOT_APPLICABLE_GLOBAL_BASELINE,HF9g-P5,,,,X 全窗基线 · 不参与实体赏罚,8399522,840,A168_HF9F_20260827_0900,2026-08-27 09:00:00
2026-04-08,36810153,1957,0,29.5153163409,10.0668311092,10.0668311092,0.6666667,4,4,0.49994810000000000,0.499948100000,0.5775300591747329,0.5775300591747329,0.5775300591747329,0E-17,ELIGIBLE,R03b_20260811_FULL_v1,L1_ELIGIBILITY,v2026-08-11,2026-03-21..2026-08-06,baccarat_bet02_101_all_pairs_incl_sentinel,round_win = game_pnl > 0 (decisive only),COMPATIBILITY_ONLY_NOT_PRODUCTION,81515.6139,73739.3596,483.5193,11361,11361,-0.00593162,0.00694385,-0.01152257,-0.00593162,-483.5193,81515.6139,OK,0.0000,19.3408,4.0000,96.0000,AG03-UNRESOLVED,ALL5_LEVELS_bet23_to_bet27,19.3408,19.3408,19.3408,24.1760,24.1760,4.000000,4.000000,4.000000,5.000000,5.000000,96.000000,96.000000,96.000000,95.000000,95.000000,5.0,106.3742,97.4416,377.1451,386.0777,PENDING_AG03,FALSE,NOT_FOR_ENFORCEMENT,464.1785,70789.7852,483.5193,464.1785,19.3408,0.00593162,0.00569435,19.3408,464.1785,0.00569435,19.3408,19.3408,19.3408,24.1760,24.1760,464.1785,0.00569435,106.3742,97.4416,377.1451,386.0777,0.00462666,0.00473624,0.00023726,7.1750,6.4906,0.0426,4.2045,0.0806,708.8314,98.7913,8.8300,6.6350,4.0407,4.4018,8.4329,14.3073,20.7715,40.8781,4.2012,0.0,4.718859,9.286678,1.630025,30,242,81,2,0.30276321,0.00593162,-0.00694385,0E-8,0.000000,0.904604,0.002289,0.01846642,2026-03-22,2026-08-06,115,6001,2406,138,0.833333,1.330819,1.230659,1.009211,,,,,,,,GLOBAL_BASELINE_NO_ENTITY_RANKING,,,NOT_APPLICABLE_GLOBAL_BASELINE,HF9g-P5,,,,X 全窗基线 · 不参与实体赏罚,8399523,840,A168_HF9F_20260827_0900,2026-08-27 09:00:00
2026-04-08,36810153,1963,0,8.4329475260,-8.4329475260,-8.4329475260,0E-7,1,1,0.50665070000000000,0.506650700000,-1.013391052207602,-1.013391052207602,-1.013391052207602,0E-17,ELIGIBLE,R03b_20260811_FULL_v1,L1_ELIGIBILITY,v2026-08-11,2026-03-21..2026-08-06,baccarat_bet02_101_all_pairs_incl_sentinel,round_win = game_pnl > 0 (decisive only),COMPATIBILITY_ONLY_NOT_PRODUCTION,81515.6139,73739.3596,483.5193,11361,11361,-0.00593162,0.00694385,-0.01152257,-0.00593162,-483.5193,81515.6139,OK,0.0000,19.3408,4.0000,96.0000,AG03-UNRESOLVED,ALL5_LEVELS_bet23_to_bet27,19.3408,19.3408,19.3408,24.1760,24.1760,4.000000,4.000000,4.000000,5.000000,5.000000,96.000000,96.000000,96.000000,95.000000,95.000000,5.0,106.3742,97.4416,377.1451,386.0777,PENDING_AG03,FALSE,NOT_FOR_ENFORCEMENT,464.1785,70789.7852,483.5193,464.1785,19.3408,0.00593162,0.00569435,19.3408,464.1785,0.00569435,19.3408,19.3408,19.3408,24.1760,24.1760,464.1785,0.00569435,106.3742,97.4416,377.1451,386.0777,0.00462666,0.00473624,0.00023726,7.1750,6.4906,0.0426,4.2045,0.0806,708.8314,98.7913,8.8300,6.6350,4.0407,4.4018,8.4329,14.3073,20.7715,40.8781,4.2012,0.0,4.718859,9.286678,1.630025,30,242,81,2,0.30276321,0.00593162,-0.00694385,0E-8,0.000000,0.904604,0.002289,0.01846642,2026-03-22,2026-08-06,115,6001,2406,138,0.833333,1.330819,1.230659,1.009211,,,,,,,,GLOBAL_BASELINE_NO_ENTITY_RANKING,,,NOT_APPLICABLE_GLOBAL_BASELINE,HF9g-P5,,,,X 全窗基线 · 不参与实体赏罚,8399524,840,A168_HF9F_20260827_0900,2026-08-27 09:00:00
2026-04-08,36810153,1985,0,25.2988425780,-0.6324710645,-0.6324710645,0.5000000,2,2,0.49994810000000000,0.499948100000,0.00014679536856514622,0.00014679536856514622,0.00014679536856514622,0E-17,ELIGIBLE,R03b_20260811_FULL_v1,L1_ELIGIBILITY,v2026-08-11,2026-03-21..2026-08-06,baccarat_bet02_101_all_pairs_incl_sentinel,round_win = game_pnl > 0 (decisive only),COMPATIBILITY_ONLY_NOT_PRODUCTION,81515.6139,73739.3596,483.5193,11361,11361,-0.00593162,0.00694385,-0.01152257,-0.00593162,-483.5193,81515.6139,OK,0.0000,19.3408,4.0000,96.0000,AG03-UNRESOLVED,ALL5_LEVELS_bet23_to_bet27,19.3408,19.3408,19.3408,24.1760,24.1760,4.000000,4.000000,4.000000,5.000000,5.000000,96.000000,96.000000,96.000000,95.000000,95.000000,5.0,106.3742,97.4416,377.1451,386.0777,PENDING_AG03,FALSE,NOT_FOR_ENFORCEMENT,464.1785,70789.7852,483.5193,464.1785,19.3408,0.00593162,0.00569435,19.3408,464.1785,0.00569435,19.3408,19.3408,19.3408,24.1760,24.1760,464.1785,0.00569435,106.3742,97.4416,377.1451,386.0777,0.00462666,0.00473624,0.00023726,7.1750,6.4906,0.0426,4.2045,0.0806,708.8314,98.7913,8.8300,6.6350,4.0407,4.4018,8.4329,14.3073,20.7715,40.8781,4.2012,0.0,4.718859,9.286678,1.630025,30,242,81,2,0.30276321,0.00593162,-0.00694385,0E-8,0.000000,0.904604,0.002289,0.01846642,2026-03-22,2026-08-06,115,6001,2406,138,0.833333,1.330819,1.230659,1.009211,,,,,,,,GLOBAL_BASELINE_NO_ENTITY_RANKING,,,NOT_APPLICABLE_GLOBAL_BASELINE,HF9g-P5,,,,X 全窗基线 · 不参与实体赏罚,8399525,840,A168_HF9F_20260827_0900,2026-08-27 09:00:00
2026-04-08,36810153,2088,0,29.5153163410,-29.5153163410,-29.5153163410,0E-7,2,2,0.49994810000000000,0.499948100000,-1.4140667746232096,-1.4140667746232096,-1.4140667746232096,0E-17,ELIGIBLE,R03b_20260811_FULL_v1,L1_ELIGIBILITY,v2026-08-11,2026-03-21..2026-08-06,baccarat_bet02_101_all_pairs_incl_sentinel,round_win = game_pnl > 0 (decisive only),COMPATIBILITY_ONLY_NOT_PRODUCTION,81515.6139,73739.3596,483.5193,11361,11361,-0.00593162,0.00694385,-0.01152257,-0.00593162,-483.5193,81515.6139,OK,0.0000,19.3408,4.0000,96.0000,AG03-UNRESOLVED,ALL5_LEVELS_bet23_to_bet27,19.3408,19.3408,19.3408,24.1760,24.1760,4.000000,4.000000,4.000000,5.000000,5.000000,96.000000,96.000000,96.000000,95.000000,95.000000,5.0,106.3742,97.4416,377.1451,386.0777,PENDING_AG03,FALSE,NOT_FOR_ENFORCEMENT,464.1785,70789.7852,483.5193,464.1785,19.3408,0.00593162,0.00569435,19.3408,464.1785,0.00569435,19.3408,19.3408,19.3408,24.1760,24.1760,464.1785,0.00569435,106.3742,97.4416,377.1451,386.0777,0.00462666,0.00473624,0.00023726,7.1750,6.4906,0.0426,4.2045,0.0806,708.8314,98.7913,8.8300,6.6350,4.0407,4.4018,8.4329,14.3073,20.7715,40.8781,4.2012,0.0,4.718859,9.286678,1.630025,30,242,81,2,0.30276321,0.00593162,-0.00694385,0E-8,0.000000,0.904604,0.002289,0.01846642,2026-03-22,2026-08-06,115,6001,2406,138,0.833333,1.330819,1.230659,1.009211,,,,,,,,GLOBAL_BASELINE_NO_ENTITY_RANKING,,,NOT_APPLICABLE_GLOBAL_BASELINE,HF9g-P5,,,,X 全窗基线 · 不参与实体赏罚,8399526,840,A168_HF9F_20260827_0900,2026-08-27 09:00:00
2026-04-08,36810153,2107,0,4.2164737630,-4.2164737630,-4.2164737630,0E-7,1,1,0.49324550000000000,0.493245500000,-0.9865810262130424,-0.9865810262130424,-0.9865810262130424,0E-17,ELIGIBLE,R03b_20260811_FULL_v1,L1_ELIGIBILITY,v2026-08-11,2026-03-21..2026-08-06,baccarat_bet02_101_all_pairs_incl_sentinel,round_win = game_pnl > 0 (decisive only),COMPATIBILITY_ONLY_NOT_PRODUCTION,81515.6139,73739.3596,483.5193,11361,11361,-0.00593162,0.00694385,-0.01152257,-0.00593162,-483.5193,81515.6139,OK,0.0000,19.3408,4.0000,96.0000,AG03-UNRESOLVED,ALL5_LEVELS_bet23_to_bet27,19.3408,19.3408,19.3408,24.1760,24.1760,4.000000,4.000000,4.000000,5.000000,5.000000,96.000000,96.000000,96.000000,95.000000,95.000000,5.0,106.3742,97.4416,377.1451,386.0777,PENDING_AG03,FALSE,NOT_FOR_ENFORCEMENT,464.1785,70789.7852,483.5193,464.1785,19.3408,0.00593162,0.00569435,19.3408,464.1785,0.00569435,19.3408,19.3408,19.3408,24.1760,24.1760,464.1785,0.00569435,106.3742,97.4416,377.1451,386.0777,0.00462666,0.00473624,0.00023726,7.1750,6.4906,0.0426,4.2045,0.0806,708.8314,98.7913,8.8300,6.6350,4.0407,4.4018,8.4329,14.3073,20.7715,40.8781,4.2012,0.0,4.718859,9.286678,1.630025,30,242,81,2,0.30276321,0.00593162,-0.00694385,0E-8,0.000000,0.904604,0.002289,0.01846642,2026-03-22,2026-08-06,115,6001,2406,138,0.833333,1.330819,1.230659,1.009211,,,,,,,,GLOBAL_BASELINE_NO_ENTITY_RANKING,,,NOT_APPLICABLE_GLOBAL_BASELINE,HF9g-P5,,,,X 全窗基线 · 不参与实体赏罚,8399527,840,A168_HF9F_20260827_0900,2026-08-27 09:00:00
2026-04-08,36810153,2110,0,4.2164737630,-4.2164737630,-4.2164737630,0E-7,1,1,0.50665070000000000,0.506650700000,-1.013391052207602,-1.013391052207602,-1.013391052207602,0E-17,ELIGIBLE,R03b_20260811_FULL_v1,L1_ELIGIBILITY,v2026-08-11,2026-03-21..2026-08-06,baccarat_bet02_101_all_pairs_incl_sentinel,round_win = game_pnl > 0 (decisive only),COMPATIBILITY_ONLY_NOT_PRODUCTION,81515.6139,73739.3596,483.5193,11361,11361,-0.00593162,0.00694385,-0.01152257,-0.00593162,-483.5193,81515.6139,OK,0.0000,19.3408,4.0000,96.0000,AG03-UNRESOLVED,ALL5_LEVELS_bet23_to_bet27,19.3408,19.3408,19.3408,24.1760,24.1760,4.000000,4.000000,4.000000,5.000000,5.000000,96.000000,96.000000,96.000000,95.000000,95.000000,5.0,106.3742,97.4416,377.1451,386.0777,PENDING_AG03,FALSE,NOT_FOR_ENFORCEMENT,464.1785,70789.7852,483.5193,464.1785,19.3408,0.00593162,0.00569435,19.3408,464.1785,0.00569435,19.3408,19.3408,19.3408,24.1760,24.1760,464.1785,0.00569435,106.3742,97.4416,377.1451,386.0777,0.00462666,0.00473624,0.00023726,7.1750,6.4906,0.0426,4.2045,0.0806,708.8314,98.7913,8.8300,6.6350,4.0407,4.4018,8.4329,14.3073,20.7715,40.8781,4.2012,0.0,4.718859,9.286678,1.630025,30,242,81,2,0.30276321,0.00593162,-0.00694385,0E-8,0.000000,0.904604,0.002289,0.01846642,2026-03-22,2026-08-06,115,6001,2406,138,0.833333,1.330819,1.230659,1.009211,,,,,,,,GLOBAL_BASELINE_NO_ENTITY_RANKING,,,NOT_APPLICABLE_GLOBAL_BASELINE,HF9g-P5,,,,X 全窗基线 · 不参与实体赏罚,8399528,840,A168_HF9F_20260827_0900,2026-08-27 09:00:00
2026-04-08,36810153,2121,0,2.1082368815,-2.1082368815,-2.1082368815,0E-7,1,1,0.50665070000000000,0.506650700000,-1.013391052207602,-1.013391052207602,-1.013391052207602,0E-17,ELIGIBLE,R03b_20260811_FULL_v1,L1_ELIGIBILITY,v2026-08-11,2026-03-21..2026-08-06,baccarat_bet02_101_all_pairs_incl_sentinel,round_win = game_pnl > 0 (decisive only),COMPATIBILITY_ONLY_NOT_PRODUCTION,81515.6139,73739.3596,483.5193,11361,11361,-0.00593162,0.00694385,-0.01152257,-0.00593162,-483.5193,81515.6139,OK,0.0000,19.3408,4.0000,96.0000,AG03-UNRESOLVED,ALL5_LEVELS_bet23_to_bet27,19.3408,19.3408,19.3408,24.1760,24.1760,4.000000,4.000000,4.000000,5.000000,5.000000,96.000000,96.000000,96.000000,95.000000,95.000000,5.0,106.3742,97.4416,377.1451,386.0777,PENDING_AG03,FALSE,NOT_FOR_ENFORCEMENT,464.1785,70789.7852,483.5193,464.1785,19.3408,0.00593162,0.00569435,19.3408,464.1785,0.00569435,19.3408,19.3408,19.3408,24.1760,24.1760,464.1785,0.00569435,106.3742,97.4416,377.1451,386.0777,0.00462666,0.00473624,0.00023726,7.1750,6.4906,0.0426,4.2045,0.0806,708.8314,98.7913,8.8300,6.6350,4.0407,4.4018,8.4329,14.3073,20.7715,40.8781,4.2012,0.0,4.718859,9.286678,1.630025,30,242,81,2,0.30276321,0.00593162,-0.00694385,0E-8,0.000000,0.904604,0.002289,0.01846642,2026-03-22,2026-08-06,115,6001,2406,138,0.833333,1.330819,1.230659,1.009211,,,,,,,,GLOBAL_BASELINE_NO_ENTITY_RANKING,,,NOT_APPLICABLE_GLOBAL_BASELINE,HF9g-P5,,,,X 全窗基线 · 不参与实体赏罚,8399529,840,A168_HF9F_20260827_0900,2026-08-27 09:00:00
2026-04-08,36810153,2123,0,4.2164737630,4.2164737630,4.2164737630,1.0000000,1,1,0.49324550000000000,0.493245500000,1.01360149184955,1.01360149184955,1.01360149184955,0E-17,ELIGIBLE,R03b_20260811_FULL_v1,L1_ELIGIBILITY,v2026-08-11,2026-03-21..2026-08-06,baccarat_bet02_101_all_pairs_incl_sentinel,round_win = game_pnl > 0 (decisive only),COMPATIBILITY_ONLY_NOT_PRODUCTION,81515.6139,73739.3596,483.5193,11361,11361,-0.00593162,0.00694385,-0.01152257,-0.00593162,-483.5193,81515.6139,OK,0.0000,19.3408,4.0000,96.0000,AG03-UNRESOLVED,ALL5_LEVELS_bet23_to_bet27,19.3408,19.3408,19.3408,24.1760,24.1760,4.000000,4.000000,4.000000,5.000000,5.000000,96.000000,96.000000,96.000000,95.000000,95.000000,5.0,106.3742,97.4416,377.1451,386.0777,PENDING_AG03,FALSE,NOT_FOR_ENFORCEMENT,464.1785,70789.7852,483.5193,464.1785,19.3408,0.00593162,0.00569435,19.3408,464.1785,0.00569435,19.3408,19.3408,19.3408,24.1760,24.1760,464.1785,0.00569435,106.3742,97.4416,377.1451,386.0777,0.00462666,0.00473624,0.00023726,7.1750,6.4906,0.0426,4.2045,0.0806,708.8314,98.7913,8.8300,6.6350,4.0407,4.4018,8.4329,14.3073,20.7715,40.8781,4.2012,0.0,4.718859,9.286678,1.630025,30,242,81,2,0.30276321,0.00593162,-0.00694385,0E-8,0.000000,0.904604,0.002289,0.01846642,2026-03-22,2026-08-06,115,6001,2406,138,0.833333,1.330819,1.230659,1.009211,,,,,,,,GLOBAL_BASELINE_NO_ENTITY_RANKING,,,NOT_APPLICABLE_GLOBAL_BASELINE,HF9g-P5,,,,X 全窗基线 · 不参与实体赏罚,8399530,840,A168_HF9F_20260827_0900,2026-08-27 09:00:00
2026-04-08,36810153,2127,0,23.1906056964,3.9529441528,3.9529441528,0.6666667,6,6,0.49994810000000000,0.499948100000,0.8167508423630434,0.8167508423630434,0.8167508423630434,0E-17,ELIGIBLE,R03b_20260811_FULL_v1,L1_ELIGIBILITY,v2026-08-11,2026-03-21..2026-08-06,baccarat_bet02_101_all_pairs_incl_sentinel,round_win = game_pnl > 0 (decisive only),COMPATIBILITY_ONLY_NOT_PRODUCTION,81515.6139,73739.3596,483.5193,11361,11361,-0.00593162,0.00694385,-0.01152257,-0.00593162,-483.5193,81515.6139,OK,0.0000,19.3408,4.0000,96.0000,AG03-UNRESOLVED,ALL5_LEVELS_bet23_to_bet27,19.3408,19.3408,19.3408,24.1760,24.1760,4.000000,4.000000,4.000000,5.000000,5.000000,96.000000,96.000000,96.000000,95.000000,95.000000,5.0,106.3742,97.4416,377.1451,386.0777,PENDING_AG03,FALSE,NOT_FOR_ENFORCEMENT,464.1785,70789.7852,483.5193,464.1785,19.3408,0.00593162,0.00569435,19.3408,464.1785,0.00569435,19.3408,19.3408,19.3408,24.1760,24.1760,464.1785,0.00569435,106.3742,97.4416,377.1451,386.0777,0.00462666,0.00473624,0.00023726,7.1750,6.4906,0.0426,4.2045,0.0806,708.8314,98.7913,8.8300,6.6350,4.0407,4.4018,8.4329,14.3073,20.7715,40.8781,4.2012,0.0,4.718859,9.286678,1.630025,30,242,81,2,0.30276321,0.00593162,-0.00694385,0E-8,0.000000,0.904604,0.002289,0.01846642,2026-03-22,2026-08-06,115,6001,2406,138,0.833333,1.330819,1.230659,1.009211,,,,,,,,GLOBAL_BASELINE_NO_ENTITY_RANKING,,,NOT_APPLICABLE_GLOBAL_BASELINE,HF9g-P5,,,,X 全窗基线 · 不参与实体赏罚,8399531,840,A168_HF9F_20260827_0900,2026-08-27 09:00:00
2026-04-08,36810153,2129,0,10.5411844075,-10.5411844075,-10.5411844075,0E-7,1,1,0.49324550000000000,0.493245500000,-0.9865810262130424,-0.9865810262130424,-0.9865810262130424,0E-17,ELIGIBLE,R03b_20260811_FULL_v1,L1_ELIGIBILITY,v2026-08-11,2026-03-21..2026-08-06,baccarat_bet02_101_all_pairs_incl_sentinel,round_win = game_pnl > 0 (decisive only),COMPATIBILITY_ONLY_NOT_PRODUCTION,81515.6139,73739.3596,483.5193,11361,11361,-0.00593162,0.00694385,-0.01152257,-0.00593162,-483.5193,81515.6139,OK,0.0000,19.3408,4.0000,96.0000,AG03-UNRESOLVED,ALL5_LEVELS_bet23_to_bet27,19.3408,19.3408,19.3408,24.1760,24.1760,4.000000,4.000000,4.000000,5.000000,5.000000,96.000000,96.000000,96.000000,95.000000,95.000000,5.0,106.3742,97.4416,377.1451,386.0777,PENDING_AG03,FALSE,NOT_FOR_ENFORCEMENT,464.1785,70789.7852,483.5193,464.1785,19.3408,0.00593162,0.00569435,19.3408,464.1785,0.00569435,19.3408,19.3408,19.3408,24.1760,24.1760,464.1785,0.00569435,106.3742,97.4416,377.1451,386.0777,0.00462666,0.00473624,0.00023726,7.1750,6.4906,0.0426,4.2045,0.0806,708.8314,98.7913,8.8300,6.6350,4.0407,4.4018,8.4329,14.3073,20.7715,40.8781,4.2012,0.0,4.718859,9.286678,1.630025,30,242,81,2,0.30276321,0.00593162,-0.00694385,0E-8,0.000000,0.904604,0.002289,0.01846642,2026-03-22,2026-08-06,115,6001,2406,138,0.833333,1.330819,1.230659,1.009211,,,,,,,,GLOBAL_BASELINE_NO_ENTITY_RANKING,,,NOT_APPLICABLE_GLOBAL_BASELINE,HF9g-P5,,,,X 全窗基线 · 不参与实体赏罚,8399532,840,A168_HF9F_20260827_0900,2026-08-27 09:00:00
2026-04-08,36810153,2130,0,16.4442476757,0E-10,0E-10,0.3333333,3,3,0.50218230000000000,0.502182300000,-0.5849155494134425,-0.5849155494134426,-0.5849155494134425,0E-17,ELIGIBLE,R03b_20260811_FULL_v1,L1_ELIGIBILITY,v2026-08-11,2026-03-21..2026-08-06,baccarat_bet02_101_all_pairs_incl_sentinel,round_win = game_pnl > 0 (decisive only),COMPATIBILITY_ONLY_NOT_PRODUCTION,81515.6139,73739.3596,483.5193,11361,11361,-0.00593162,0.00694385,-0.01152257,-0.00593162,-483.5193,81515.6139,OK,0.0000,19.3408,4.0000,96.0000,AG03-UNRESOLVED,ALL5_LEVELS_bet23_to_bet27,19.3408,19.3408,19.3408,24.1760,24.1760,4.000000,4.000000,4.000000,5.000000,5.000000,96.000000,96.000000,96.000000,95.000000,95.000000,5.0,106.3742,97.4416,377.1451,386.0777,PENDING_AG03,FALSE,NOT_FOR_ENFORCEMENT,464.1785,70789.7852,483.5193,464.1785,19.3408,0.00593162,0.00569435,19.3408,464.1785,0.00569435,19.3408,19.3408,19.3408,24.1760,24.1760,464.1785,0.00569435,106.3742,97.4416,377.1451,386.0777,0.00462666,0.00473624,0.00023726,7.1750,6.4906,0.0426,4.2045,0.0806,708.8314,98.7913,8.8300,6.6350,4.0407,4.4018,8.4329,14.3073,20.7715,40.8781,4.2012,0.0,4.718859,9.286678,1.630025,30,242,81,2,0.30276321,0.00593162,-0.00694385,0E-8,0.000000,0.904604,0.002289,0.01846642,2026-03-22,2026-08-06,115,6001,2406,138,0.833333,1.330819,1.230659,1.009211,,,,,,,,GLOBAL_BASELINE_NO_ENTITY_RANKING,,,NOT_APPLICABLE_GLOBAL_BASELINE,HF9g-P5,,,,X 全窗基线 · 不参与实体赏罚,8399533,840,A168_HF9F_20260827_0900,2026-08-27 09:00:00
2026-04-08,36810153,2134,0,150.7389370270,21.5461809288,21.5461809288,0.5882353,20,20,0.50396966000000000,0.503969660000,0.694894121060338,0.694894121060338,0.694894121060338,0E-17,ELIGIBLE,R03b_20260811_FULL_v1,L1_ELIGIBILITY,v2026-08-11,2026-03-21..2026-08-06,baccarat_bet02_101_all_pairs_incl_sentinel,round_win = game_pnl > 0 (decisive only),COMPATIBILITY_ONLY_NOT_PRODUCTION,81515.6139,73739.3596,483.5193,11361,11361,-0.00593162,0.00694385,-0.01152257,-0.00593162,-483.5193,81515.6139,OK,0.0000,19.3408,4.0000,96.0000,AG03-UNRESOLVED,ALL5_LEVELS_bet23_to_bet27,19.3408,19.3408,19.3408,24.1760,24.1760,4.000000,4.000000,4.000000,5.000000,5.000000,96.000000,96.000000,96.000000,95.000000,95.000000,5.0,106.3742,97.4416,377.1451,386.0777,PENDING_AG03,FALSE,NOT_FOR_ENFORCEMENT,464.1785,70789.7852,483.5193,464.1785,19.3408,0.00593162,0.00569435,19.3408,464.1785,0.00569435,19.3408,19.3408,19.3408,24.1760,24.1760,464.1785,0.00569435,106.3742,97.4416,377.1451,386.0777,0.00462666,0.00473624,0.00023726,7.1750,6.4906,0.0426,4.2045,0.0806,708.8314,98.7913,8.8300,6.6350,4.0407,4.4018,8.4329,14.3073,20.7715,40.8781,4.2012,0.0,4.718859,9.286678,1.630025,30,242,81,2,0.30276321,0.00593162,-0.00694385,0E-8,0.000000,0.904604,0.002289,0.01846642,2026-03-22,2026-08-06,115,6001,2406,138,0.833333,1.330819,1.230659,1.009211,,,,,,,,GLOBAL_BASELINE_NO_ENTITY_RANKING,,,NOT_APPLICABLE_GLOBAL_BASELINE,HF9g-P5,,,,X 全窗基线 · 不参与实体赏罚,8399534,840,A168_HF9F_20260827_0900,2026-08-27 09:00:00
2026-04-08,36810153,2145,0,39.0023823077,-16.8658950520,-16.8658950520,0E-7,4,4,0.50329940000000000,0.503299400000,-1.4235766693920513,-1.4235766693920513,-1.4235766693920513,0E-17,ELIGIBLE,R03b_20260811_FULL_v1,L1_ELIGIBILITY,v2026-08-11,2026-03-21..2026-08-06,baccarat_bet02_101_all_pairs_incl_sentinel,round_win = game_pnl > 0 (decisive only),COMPATIBILITY_ONLY_NOT_PRODUCTION,81515.6139,73739.3596,483.5193,11361,11361,-0.00593162,0.00694385,-0.01152257,-0.00593162,-483.5193,81515.6139,OK,0.0000,19.3408,4.0000,96.0000,AG03-UNRESOLVED,ALL5_LEVELS_bet23_to_bet27,19.3408,19.3408,19.3408,24.1760,24.1760,4.000000,4.000000,4.000000,5.000000,5.000000,96.000000,96.000000,96.000000,95.000000,95.000000,5.0,106.3742,97.4416,377.1451,386.0777,PENDING_AG03,FALSE,NOT_FOR_ENFORCEMENT,464.1785,70789.7852,483.5193,464.1785,19.3408,0.00593162,0.00569435,19.3408,464.1785,0.00569435,19.3408,19.3408,19.3408,24.1760,24.1760,464.1785,0.00569435,106.3742,97.4416,377.1451,386.0777,0.00462666,0.00473624,0.00023726,7.1750,6.4906,0.0426,4.2045,0.0806,708.8314,98.7913,8.8300,6.6350,4.0407,4.4018,8.4329,14.3073,20.7715,40.8781,4.2012,0.0,4.718859,9.286678,1.630025,30,242,81,2,0.30276321,0.00593162,-0.00694385,0E-8,0.000000,0.904604,0.002289,0.01846642,2026-03-22,2026-08-06,115,6001,2406,138,0.833333,1.330819,1.230659,1.009211,,,,,,,,GLOBAL_BASELINE_NO_ENTITY_RANKING,,,NOT_APPLICABLE_GLOBAL_BASELINE,HF9g-P5,,,,X 全窗基线 · 不参与实体赏罚,8399535,840,A168_HF9F_20260827_0900,2026-08-27 09:00:00
2026-04-08,36810153,2155,0,4.2164737630,4.0056500748,4.0056500748,1.0000000,1,1,0.50665070000000000,0.506650700000,0.9867858985152569,0.9867858985152569,0.9867858985152569,0E-17,ELIGIBLE,R03b_20260811_FULL_v1,L1_ELIGIBILITY,v2026-08-11,2026-03-21..2026-08-06,baccarat_bet02_101_all_pairs_incl_sentinel,round_win = game_pnl > 0 (decisive only),COMPATIBILITY_ONLY_NOT_PRODUCTION,81515.6139,73739.3596,483.5193,11361,11361,-0.00593162,0.00694385,-0.01152257,-0.00593162,-483.5193,81515.6139,OK,0.0000,19.3408,4.0000,96.0000,AG03-UNRESOLVED,ALL5_LEVELS_bet23_to_bet27,19.3408,19.3408,19.3408,24.1760,24.1760,4.000000,4.000000,4.000000,5.000000,5.000000,96.000000,96.000000,96.000000,95.000000,95.000000,5.0,106.3742,97.4416,377.1451,386.0777,PENDING_AG03,FALSE,NOT_FOR_ENFORCEMENT,464.1785,70789.7852,483.5193,464.1785,19.3408,0.00593162,0.00569435,19.3408,464.1785,0.00569435,19.3408,19.3408,19.3408,24.1760,24.1760,464.1785,0.00569435,106.3742,97.4416,377.1451,386.0777,0.00462666,0.00473624,0.00023726,7.1750,6.4906,0.0426,4.2045,0.0806,708.8314,98.7913,8.8300,6.6350,4.0407,4.4018,8.4329,14.3073,20.7715,40.8781,4.2012,0.0,4.718859,9.286678,1.630025,30,242,81,2,0.30276321,0.00593162,-0.00694385,0E-8,0.000000,0.904604,0.002289,0.01846642,2026-03-22,2026-08-06,115,6001,2406,138,0.833333,1.330819,1.230659,1.009211,,,,,,,,GLOBAL_BASELINE_NO_ENTITY_RANKING,,,NOT_APPLICABLE_GLOBAL_BASELINE,HF9g-P5,,,,X 全窗基线 · 不参与实体赏罚,8399536,840,A168_HF9F_20260827_0900,2026-08-27 09:00:00
2026-04-08,36810153,2156,0,4.2164737630,-4.2164737630,-4.2164737630,0E-7,1,1,0.49324550000000000,0.493245500000,-0.9865810262130424,-0.9865810262130424,-0.9865810262130424,0E-17,ELIGIBLE,R03b_20260811_FULL_v1,L1_ELIGIBILITY,v2026-08-11,2026-03-21..2026-08-06,baccarat_bet02_101_all_pairs_incl_sentinel,round_win = game_pnl > 0 (decisive only),COMPATIBILITY_ONLY_NOT_PRODUCTION,81515.6139,73739.3596,483.5193,11361,11361,-0.00593162,0.00694385,-0.01152257,-0.00593162,-483.5193,81515.6139,OK,0.0000,19.3408,4.0000,96.0000,AG03-UNRESOLVED,ALL5_LEVELS_bet23_to_bet27,19.3408,19.3408,19.3408,24.1760,24.1760,4.000000,4.000000,4.000000,5.000000,5.000000,96.000000,96.000000,96.000000,95.000000,95.000000,5.0,106.3742,97.4416,377.1451,386.0777,PENDING_AG03,FALSE,NOT_FOR_ENFORCEMENT,464.1785,70789.7852,483.5193,464.1785,19.3408,0.00593162,0.00569435,19.3408,464.1785,0.00569435,19.3408,19.3408,19.3408,24.1760,24.1760,464.1785,0.00569435,106.3742,97.4416,377.1451,386.0777,0.00462666,0.00473624,0.00023726,7.1750,6.4906,0.0426,4.2045,0.0806,708.8314,98.7913,8.8300,6.6350,4.0407,4.4018,8.4329,14.3073,20.7715,40.8781,4.2012,0.0,4.718859,9.286678,1.630025,30,242,81,2,0.30276321,0.00593162,-0.00694385,0E-8,0.000000,0.904604,0.002289,0.01846642,2026-03-22,2026-08-06,115,6001,2406,138,0.833333,1.330819,1.230659,1.009211,,,,,,,,GLOBAL_BASELINE_NO_ENTITY_RANKING,,,NOT_APPLICABLE_GLOBAL_BASELINE,HF9g-P5,,,,X 全窗基线 · 不参与实体赏罚,8399537,840,A168_HF9F_20260827_0900,2026-08-27 09:00:00
2026-04-08,36810153,2174,0,4.2164737630,4.2164737630,4.2164737630,1.0000000,1,1,0.49324550000000000,0.493245500000,1.01360149184955,1.01360149184955,1.01360149184955,0E-17,ELIGIBLE,R03b_20260811_FULL_v1,L1_ELIGIBILITY,v2026-08-11,2026-03-21..2026-08-06,baccarat_bet02_101_all_pairs_incl_sentinel,round_win = game_pnl > 0 (decisive only),COMPATIBILITY_ONLY_NOT_PRODUCTION,81515.6139,73739.3596,483.5193,11361,11361,-0.00593162,0.00694385,-0.01152257,-0.00593162,-483.5193,81515.6139,OK,0.0000,19.3408,4.0000,96.0000,AG03-UNRESOLVED,ALL5_LEVELS_bet23_to_bet27,19.3408,19.3408,19.3408,24.1760,24.1760,4.000000,4.000000,4.000000,5.000000,5.000000,96.000000,96.000000,96.000000,95.000000,95.000000,5.0,106.3742,97.4416,377.1451,386.0777,PENDING_AG03,FALSE,NOT_FOR_ENFORCEMENT,464.1785,70789.7852,483.5193,464.1785,19.3408,0.00593162,0.00569435,19.3408,464.1785,0.00569435,19.3408,19.3408,19.3408,24.1760,24.1760,464.1785,0.00569435,106.3742,97.4416,377.1451,386.0777,0.00462666,0.00473624,0.00023726,7.1750,6.4906,0.0426,4.2045,0.0806,708.8314,98.7913,8.8300,6.6350,4.0407,4.4018,8.4329,14.3073,20.7715,40.8781,4.2012,0.0,4.718859,9.286678,1.630025,30,242,81,2,0.30276321,0.00593162,-0.00694385,0E-8,0.000000,0.904604,0.002289,0.01846642,2026-03-22,2026-08-06,115,6001,2406,138,0.833333,1.330819,1.230659,1.009211,,,,,,,,GLOBAL_BASELINE_NO_ENTITY_RANKING,,,NOT_APPLICABLE_GLOBAL_BASELINE,HF9g-P5,,,,X 全窗基线 · 不参与实体赏罚,8399538,840,A168_HF9F_20260827_0900,2026-08-27 09:00:00
2026-04-08,36810153,2196,0,69.5718170895,22.1364872557,22.1364872557,0.5000000,6,6,0.49771390000000000,0.497713900000,0.011199674067230152,0.011199674067230152,0.011199674067230152,0E-17,ELIGIBLE,R03b_20260811_FULL_v1,L1_ELIGIBILITY,v2026-08-11,2026-03-21..2026-08-06,baccarat_bet02_101_all_pairs_incl_sentinel,round_win = game_pnl > 0 (decisive only),COMPATIBILITY_ONLY_NOT_PRODUCTION,81515.6139,73739.3596,483.5193,11361,11361,-0.00593162,0.00694385,-0.01152257,-0.00593162,-483.5193,81515.6139,OK,0.0000,19.3408,4.0000,96.0000,AG03-UNRESOLVED,ALL5_LEVELS_bet23_to_bet27,19.3408,19.3408,19.3408,24.1760,24.1760,4.000000,4.000000,4.000000,5.000000,5.000000,96.000000,96.000000,96.000000,95.000000,95.000000,5.0,106.3742,97.4416,377.1451,386.0777,PENDING_AG03,FALSE,NOT_FOR_ENFORCEMENT,464.1785,70789.7852,483.5193,464.1785,19.3408,0.00593162,0.00569435,19.3408,464.1785,0.00569435,19.3408,19.3408,19.3408,24.1760,24.1760,464.1785,0.00569435,106.3742,97.4416,377.1451,386.0777,0.00462666,0.00473624,0.00023726,7.1750,6.4906,0.0426,4.2045,0.0806,708.8314,98.7913,8.8300,6.6350,4.0407,4.4018,8.4329,14.3073,20.7715,40.8781,4.2012,0.0,4.718859,9.286678,1.630025,30,242,81,2,0.30276321,0.00593162,-0.00694385,0E-8,0.000000,0.904604,0.002289,0.01846642,2026-03-22,2026-08-06,115,6001,2406,138,0.833333,1.330819,1.230659,1.009211,,,,,,,,GLOBAL_BASELINE_NO_ENTITY_RANKING,,,NOT_APPLICABLE_GLOBAL_BASELINE,HF9g-P5,,,,X 全窗基线 · 不参与实体赏罚,8399539,840,A168_HF9F_20260827_0900,2026-08-27 09:00:00
2026-04-08,36810153,2201,0,14.7576581705,14.0197752619,14.0197752619,1.0000000,2,2,0.50665070000000000,0.506650700000,1.3955260008387969,1.3955260008387969,1.3955260008387969,0E-17,ELIGIBLE,R03b_20260811_FULL_v1,L1_ELIGIBILITY,v2026-08-11,2026-03-21..2026-08-06,baccarat_bet02_101_all_pairs_incl_sentinel,round_win = game_pnl > 0 (decisive only),COMPATIBILITY_ONLY_NOT_PRODUCTION,81515.6139,73739.3596,483.5193,11361,11361,-0.00593162,0.00694385,-0.01152257,-0.00593162,-483.5193,81515.6139,OK,0.0000,19.3408,4.0000,96.0000,AG03-UNRESOLVED,ALL5_LEVELS_bet23_to_bet27,19.3408,19.3408,19.3408,24.1760,24.1760,4.000000,4.000000,4.000000,5.000000,5.000000,96.000000,96.000000,96.000000,95.000000,95.000000,5.0,106.3742,97.4416,377.1451,386.0777,PENDING_AG03,FALSE,NOT_FOR_ENFORCEMENT,464.1785,70789.7852,483.5193,464.1785,19.3408,0.00593162,0.00569435,19.3408,464.1785,0.00569435,19.3408,19.3408,19.3408,24.1760,24.1760,464.1785,0.00569435,106.3742,97.4416,377.1451,386.0777,0.00462666,0.00473624,0.00023726,7.1750,6.4906,0.0426,4.2045,0.0806,708.8314,98.7913,8.8300,6.6350,4.0407,4.4018,8.4329,14.3073,20.7715,40.8781,4.2012,0.0,4.718859,9.286678,1.630025,30,242,81,2,0.30276321,0.00593162,-0.00694385,0E-8,0.000000,0.904604,0.002289,0.01846642,2026-03-22,2026-08-06,115,6001,2406,138,0.833333,1.330819,1.230659,1.009211,,,,,,,,GLOBAL_BASELINE_NO_ENTITY_RANKING,,,NOT_APPLICABLE_GLOBAL_BASELINE,HF9g-P5,,,,X 全窗基线 · 不参与实体赏罚,8399540,840,A168_HF9F_20260827_0900,2026-08-27 09:00:00
2026-04-08,36810153,2209,0,4.4272974511,4.4272974511,4.4272974511,1.0000000,1,1,0.49324550000000000,0.493245500000,1.01360149184955,1.01360149184955,1.01360149184955,0E-17,ELIGIBLE,R03b_20260811_FULL_v1,L1_ELIGIBILITY,v2026-08-11,2026-03-21..2026-08-06,baccarat_bet02_101_all_pairs_incl_sentinel,round_win = game_pnl > 0 (decisive only),COMPATIBILITY_ONLY_NOT_PRODUCTION,81515.6139,73739.3596,483.5193,11361,11361,-0.00593162,0.00694385,-0.01152257,-0.00593162,-483.5193,81515.6139,OK,0.0000,19.3408,4.0000,96.0000,AG03-UNRESOLVED,ALL5_LEVELS_bet23_to_bet27,19.3408,19.3408,19.3408,24.1760,24.1760,4.000000,4.000000,4.000000,5.000000,5.000000,96.000000,96.000000,96.000000,95.000000,95.000000,5.0,106.3742,97.4416,377.1451,386.0777,PENDING_AG03,FALSE,NOT_FOR_ENFORCEMENT,464.1785,70789.7852,483.5193,464.1785,19.3408,0.00593162,0.00569435,19.3408,464.1785,0.00569435,19.3408,19.3408,19.3408,24.1760,24.1760,464.1785,0.00569435,106.3742,97.4416,377.1451,386.0777,0.00462666,0.00473624,0.00023726,7.1750,6.4906,0.0426,4.2045,0.0806,708.8314,98.7913,8.8300,6.6350,4.0407,4.4018,8.4329,14.3073,20.7715,40.8781,4.2012,0.0,4.718859,9.286678,1.630025,30,242,81,2,0.30276321,0.00593162,-0.00694385,0E-8,0.000000,0.904604,0.002289,0.01846642,2026-03-22,2026-08-06,115,6001,2406,138,0.833333,1.330819,1.230659,1.009211,,,,,,,,GLOBAL_BASELINE_NO_ENTITY_RANKING,,,NOT_APPLICABLE_GLOBAL_BASELINE,HF9g-P5,,,,X 全窗基线 · 不参与实体赏罚,8399541,840,A168_HF9F_20260827_0900,2026-08-27 09:00:00
2026-04-08,36810153,2212,0,2.1082368815,2.1082368815,2.1082368815,1.0000000,1,1,0.49324550000000000,0.493245500000,1.01360149184955,1.01360149184955,1.01360149184955,0E-17,ELIGIBLE,R03b_20260811_FULL_v1,L1_ELIGIBILITY,v2026-08-11,2026-03-21..2026-08-06,baccarat_bet02_101_all_pairs_incl_sentinel,round_win = game_pnl > 0 (decisive only),COMPATIBILITY_ONLY_NOT_PRODUCTION,81515.6139,73739.3596,483.5193,11361,11361,-0.00593162,0.00694385,-0.01152257,-0.00593162,-483.5193,81515.6139,OK,0.0000,19.3408,4.0000,96.0000,AG03-UNRESOLVED,ALL5_LEVELS_bet23_to_bet27,19.3408,19.3408,19.3408,24.1760,24.1760,4.000000,4.000000,4.000000,5.000000,5.000000,96.000000,96.000000,96.000000,95.000000,95.000000,5.0,106.3742,97.4416,377.1451,386.0777,PENDING_AG03,FALSE,NOT_FOR_ENFORCEMENT,464.1785,70789.7852,483.5193,464.1785,19.3408,0.00593162,0.00569435,19.3408,464.1785,0.00569435,19.3408,19.3408,19.3408,24.1760,24.1760,464.1785,0.00569435,106.3742,97.4416,377.1451,386.0777,0.00462666,0.00473624,0.00023726,7.1750,6.4906,0.0426,4.2045,0.0806,708.8314,98.7913,8.8300,6.6350,4.0407,4.4018,8.4329,14.3073,20.7715,40.8781,4.2012,0.0,4.718859,9.286678,1.630025,30,242,81,2,0.30276321,0.00593162,-0.00694385,0E-8,0.000000,0.904604,0.002289,0.01846642,2026-03-22,2026-08-06,115,6001,2406,138,0.833333,1.330819,1.230659,1.009211,,,,,,,,GLOBAL_BASELINE_NO_ENTITY_RANKING,,,NOT_APPLICABLE_GLOBAL_BASELINE,HF9g-P5,,,,X 全窗基线 · 不参与实体赏罚,8399542,840,A168_HF9F_20260827_0900,2026-08-27 09:00:00
2026-04-08,36810153,2224,0,25.7204899543,-16.4442476757,-16.4442476757,0.3333333,4,4,0.49659680000000000,0.496596800000,-0.5655743394288276,-0.5655743394288276,-0.5655743394288276,0E-17,ELIGIBLE,R03b_20260811_FULL_v1,L1_ELIGIBILITY,v2026-08-11,2026-03-21..2026-08-06,baccarat_bet02_101_all_pairs_incl_sentinel,round_win = game_pnl > 0 (decisive only),COMPATIBILITY_ONLY_NOT_PRODUCTION,81515.6139,73739.3596,483.5193,11361,11361,-0.00593162,0.00694385,-0.01152257,-0.00593162,-483.5193,81515.6139,OK,0.0000,19.3408,4.0000,96.0000,AG03-UNRESOLVED,ALL5_LEVELS_bet23_to_bet27,19.3408,19.3408,19.3408,24.1760,24.1760,4.000000,4.000000,4.000000,5.000000,5.000000,96.000000,96.000000,96.000000,95.000000,95.000000,5.0,106.3742,97.4416,377.1451,386.0777,PENDING_AG03,FALSE,NOT_FOR_ENFORCEMENT,464.1785,70789.7852,483.5193,464.1785,19.3408,0.00593162,0.00569435,19.3408,464.1785,0.00569435,19.3408,19.3408,19.3408,24.1760,24.1760,464.1785,0.00569435,106.3742,97.4416,377.1451,386.0777,0.00462666,0.00473624,0.00023726,7.1750,6.4906,0.0426,4.2045,0.0806,708.8314,98.7913,8.8300,6.6350,4.0407,4.4018,8.4329,14.3073,20.7715,40.8781,4.2012,0.0,4.718859,9.286678,1.630025,30,242,81,2,0.30276321,0.00593162,-0.00694385,0E-8,0.000000,0.904604,0.002289,0.01846642,2026-03-22,2026-08-06,115,6001,2406,138,0.833333,1.330819,1.230659,1.009211,,,,,,,,GLOBAL_BASELINE_NO_ENTITY_RANKING,,,NOT_APPLICABLE_GLOBAL_BASELINE,HF9g-P5,,,,X 全窗基线 · 不参与实体赏罚,8399543,840,A168_HF9F_20260827_0900,2026-08-27 09:00:00
2026-04-08,36810153,2239,0,36.8941454262,-16.3388358316,-16.3388358316,0.2500000,4,4,0.49659680000000000,0.496596800000,-0.9864100490137353,-0.9864100490137354,-0.9864100490137353,0E-17,ELIGIBLE,R03b_20260811_FULL_v1,L1_ELIGIBILITY,v2026-08-11,2026-03-21..2026-08-06,baccarat_bet02_101_all_pairs_incl_sentinel,round_win = game_pnl > 0 (decisive only),COMPATIBILITY_ONLY_NOT_PRODUCTION,81515.6139,73739.3596,483.5193,11361,11361,-0.00593162,0.00694385,-0.01152257,-0.00593162,-483.5193,81515.6139,OK,0.0000,19.3408,4.0000,96.0000,AG03-UNRESOLVED,ALL5_LEVELS_bet23_to_bet27,19.3408,19.3408,19.3408,24.1760,24.1760,4.000000,4.000000,4.000000,5.000000,5.000000,96.000000,96.000000,96.000000,95.000000,95.000000,5.0,106.3742,97.4416,377.1451,386.0777,PENDING_AG03,FALSE,NOT_FOR_ENFORCEMENT,464.1785,70789.7852,483.5193,464.1785,19.3408,0.00593162,0.00569435,19.3408,464.1785,0.00569435,19.3408,19.3408,19.3408,24.1760,24.1760,464.1785,0.00569435,106.3742,97.4416,377.1451,386.0777,0.00462666,0.00473624,0.00023726,7.1750,6.4906,0.0426,4.2045,0.0806,708.8314,98.7913,8.8300,6.6350,4.0407,4.4018,8.4329,14.3073,20.7715,40.8781,4.2012,0.0,4.718859,9.286678,1.630025,30,242,81,2,0.30276321,0.00593162,-0.00694385,0E-8,0.000000,0.904604,0.002289,0.01846642,2026-03-22,2026-08-06,115,6001,2406,138,0.833333,1.330819,1.230659,1.009211,,,,,,,,GLOBAL_BASELINE_NO_ENTITY_RANKING,,,NOT_APPLICABLE_GLOBAL_BASELINE,HF9g-P5,,,,X 全窗基线 · 不参与实体赏罚,8399544,840,A168_HF9F_20260827_0900,2026-08-27 09:00:00
2026-04-08,36810153,2242,0,4.8489448274,4.8489448274,4.8489448274,1.0000000,1,1,0.49324550000000000,0.493245500000,1.01360149184955,1.01360149184955,1.01360149184955,0E-17,ELIGIBLE,R03b_20260811_FULL_v1,L1_ELIGIBILITY,v2026-08-11,2026-03-21..2026-08-06,baccarat_bet02_101_all_pairs_incl_sentinel,round_win = game_pnl > 0 (decisive only),COMPATIBILITY_ONLY_NOT_PRODUCTION,81515.6139,73739.3596,483.5193,11361,11361,-0.00593162,0.00694385,-0.01152257,-0.00593162,-483.5193,81515.6139,OK,0.0000,19.3408,4.0000,96.0000,AG03-UNRESOLVED,ALL5_LEVELS_bet23_to_bet27,19.3408,19.3408,19.3408,24.1760,24.1760,4.000000,4.000000,4.000000,5.000000,5.000000,96.000000,96.000000,96.000000,95.000000,95.000000,5.0,106.3742,97.4416,377.1451,386.0777,PENDING_AG03,FALSE,NOT_FOR_ENFORCEMENT,464.1785,70789.7852,483.5193,464.1785,19.3408,0.00593162,0.00569435,19.3408,464.1785,0.00569435,19.3408,19.3408,19.3408,24.1760,24.1760,464.1785,0.00569435,106.3742,97.4416,377.1451,386.0777,0.00462666,0.00473624,0.00023726,7.1750,6.4906,0.0426,4.2045,0.0806,708.8314,98.7913,8.8300,6.6350,4.0407,4.4018,8.4329,14.3073,20.7715,40.8781,4.2012,0.0,4.718859,9.286678,1.630025,30,242,81,2,0.30276321,0.00593162,-0.00694385,0E-8,0.000000,0.904604,0.002289,0.01846642,2026-03-22,2026-08-06,115,6001,2406,138,0.833333,1.330819,1.230659,1.009211,,,,,,,,GLOBAL_BASELINE_NO_ENTITY_RANKING,,,NOT_APPLICABLE_GLOBAL_BASELINE,HF9g-P5,,,,X 全窗基线 · 不参与实体赏罚,8399545,840,A168_HF9F_20260827_0900,2026-08-27 09:00:00
2026-04-08,36810153,2246,0,48.4894482745,18.9741319335,18.9741319335,0.8000000,6,6,0.49547970000000000,0.495479700000,1.3619118399891006,1.3619118399891006,1.3619118399891006,0E-17,ELIGIBLE,R03b_20260811_FULL_v1,L1_ELIGIBILITY,v2026-08-11,2026-03-21..2026-08-06,baccarat_bet02_101_all_pairs_incl_sentinel,round_win = game_pnl > 0 (decisive only),COMPATIBILITY_ONLY_NOT_PRODUCTION,81515.6139,73739.3596,483.5193,11361,11361,-0.00593162,0.00694385,-0.01152257,-0.00593162,-483.5193,81515.6139,OK,0.0000,19.3408,4.0000,96.0000,AG03-UNRESOLVED,ALL5_LEVELS_bet23_to_bet27,19.3408,19.3408,19.3408,24.1760,24.1760,4.000000,4.000000,4.000000,5.000000,5.000000,96.000000,96.000000,96.000000,95.000000,95.000000,5.0,106.3742,97.4416,377.1451,386.0777,PENDING_AG03,FALSE,NOT_FOR_ENFORCEMENT,464.1785,70789.7852,483.5193,464.1785,19.3408,0.00593162,0.00569435,19.3408,464.1785,0.00569435,19.3408,19.3408,19.3408,24.1760,24.1760,464.1785,0.00569435,106.3742,97.4416,377.1451,386.0777,0.00462666,0.00473624,0.00023726,7.1750,6.4906,0.0426,4.2045,0.0806,708.8314,98.7913,8.8300,6.6350,4.0407,4.4018,8.4329,14.3073,20.7715,40.8781,4.2012,0.0,4.718859,9.286678,1.630025,30,242,81,2,0.30276321,0.00593162,-0.00694385,0E-8,0.000000,0.904604,0.002289,0.01846642,2026-03-22,2026-08-06,115,6001,2406,138,0.833333,1.330819,1.230659,1.009211,,,,,,,,GLOBAL_BASELINE_NO_ENTITY_RANKING,,,NOT_APPLICABLE_GLOBAL_BASELINE,HF9g-P5,,,,X 全窗基线 · 不参与实体赏罚,8399546,840,A168_HF9F_20260827_0900,2026-08-27 09:00:00
2026-04-08,36810153,2266,0,4.2164737630,-4.2164737630,-4.2164737630,0E-7,1,1,0.50665070000000000,0.506650700000,-1.013391052207602,-1.013391052207602,-1.013391052207602,0E-17,ELIGIBLE,R03b_20260811_FULL_v1,L1_ELIGIBILITY,v2026-08-11,2026-03-21..2026-08-06,baccarat_bet02_101_all_pairs_incl_sentinel,round_win = game_pnl > 0 (decisive only),COMPATIBILITY_ONLY_NOT_PRODUCTION,81515.6139,73739.3596,483.5193,11361,11361,-0.00593162,0.00694385,-0.01152257,-0.00593162,-483.5193,81515.6139,OK,0.0000,19.3408,4.0000,96.0000,AG03-UNRESOLVED,ALL5_LEVELS_bet23_to_bet27,19.3408,19.3408,19.3408,24.1760,24.1760,4.000000,4.000000,4.000000,5.000000,5.000000,96.000000,96.000000,96.000000,95.000000,95.000000,5.0,106.3742,97.4416,377.1451,386.0777,PENDING_AG03,FALSE,NOT_FOR_ENFORCEMENT,464.1785,70789.7852,483.5193,464.1785,19.3408,0.00593162,0.00569435,19.3408,464.1785,0.00569435,19.3408,19.3408,19.3408,24.1760,24.1760,464.1785,0.00569435,106.3742,97.4416,377.1451,386.0777,0.00462666,0.00473624,0.00023726,7.1750,6.4906,0.0426,4.2045,0.0806,708.8314,98.7913,8.8300,6.6350,4.0407,4.4018,8.4329,14.3073,20.7715,40.8781,4.2012,0.0,4.718859,9.286678,1.630025,30,242,81,2,0.30276321,0.00593162,-0.00694385,0E-8,0.000000,0.904604,0.002289,0.01846642,2026-03-22,2026-08-06,115,6001,2406,138,0.833333,1.330819,1.230659,1.009211,,,,,,,,GLOBAL_BASELINE_NO_ENTITY_RANKING,,,NOT_APPLICABLE_GLOBAL_BASELINE,HF9g-P5,,,,X 全窗基线 · 不参与实体赏罚,8399547,840,A168_HF9F_20260827_0900,2026-08-27 09:00:00
2026-04-08,36810153,2267,0,28.2503742120,-2.0028250374,-2.0028250374,0.3333333,4,4,0.50329940000000000,0.503299400000,-0.5887925454369916,-0.5887925454369916,-0.5887925454369916,0E-17,ELIGIBLE,R03b_20260811_FULL_v1,L1_ELIGIBILITY,v2026-08-11,2026-03-21..2026-08-06,baccarat_bet02_101_all_pairs_incl_sentinel,round_win = game_pnl > 0 (decisive only),COMPATIBILITY_ONLY_NOT_PRODUCTION,81515.6139,73739.3596,483.5193,11361,11361,-0.00593162,0.00694385,-0.01152257,-0.00593162,-483.5193,81515.6139,OK,0.0000,19.3408,4.0000,96.0000,AG03-UNRESOLVED,ALL5_LEVELS_bet23_to_bet27,19.3408,19.3408,19.3408,24.1760,24.1760,4.000000,4.000000,4.000000,5.000000,5.000000,96.000000,96.000000,96.000000,95.000000,95.000000,5.0,106.3742,97.4416,377.1451,386.0777,PENDING_AG03,FALSE,NOT_FOR_ENFORCEMENT,464.1785,70789.7852,483.5193,464.1785,19.3408,0.00593162,0.00569435,19.3408,464.1785,0.00569435,19.3408,19.3408,19.3408,24.1760,24.1760,464.1785,0.00569435,106.3742,97.4416,377.1451,386.0777,0.00462666,0.00473624,0.00023726,7.1750,6.4906,0.0426,4.2045,0.0806,708.8314,98.7913,8.8300,6.6350,4.0407,4.4018,8.4329,14.3073,20.7715,40.8781,4.2012,0.0,4.718859,9.286678,1.630025,30,242,81,2,0.30276321,0.00593162,-0.00694385,0E-8,0.000000,0.904604,0.002289,0.01846642,2026-03-22,2026-08-06,115,6001,2406,138,0.833333,1.330819,1.230659,1.009211,,,,,,,,GLOBAL_BASELINE_NO_ENTITY_RANKING,,,NOT_APPLICABLE_GLOBAL_BASELINE,HF9g-P5,,,,X 全窗基线 · 不参与实体赏罚,8399548,840,A168_HF9F_20260827_0900,2026-08-27 09:00:00
2026-04-08,36810153,526,0,4.2164737630,4.2164737630,4.2164737630,1.0000000,1,1,0.49324550000000000,0.493245500000,1.01360149184955,1.01360149184955,1.01360149184955,0E-17,ELIGIBLE,R03b_20260811_FULL_v1,L1_ELIGIBILITY,v2026-08-11,2026-03-21..2026-08-06,baccarat_bet02_101_all_pairs_incl_sentinel,round_win = game_pnl > 0 (decisive only),COMPATIBILITY_ONLY_NOT_PRODUCTION,81515.6139,73739.3596,483.5193,11361,11361,-0.00593162,0.00694385,-0.01152257,-0.00593162,-483.5193,81515.6139,OK,0.0000,19.3408,4.0000,96.0000,AG03-UNRESOLVED,ALL5_LEVELS_bet23_to_bet27,19.3408,19.3408,19.3408,24.1760,24.1760,4.000000,4.000000,4.000000,5.000000,5.000000,96.000000,96.000000,96.000000,95.000000,95.000000,5.0,106.3742,97.4416,377.1451,386.0777,PENDING_AG03,FALSE,NOT_FOR_ENFORCEMENT,464.1785,70789.7852,483.5193,464.1785,19.3408,0.00593162,0.00569435,19.3408,464.1785,0.00569435,19.3408,19.3408,19.3408,24.1760,24.1760,464.1785,0.00569435,106.3742,97.4416,377.1451,386.0777,0.00462666,0.00473624,0.00023726,7.1750,6.4906,0.0426,4.2045,0.0806,708.8314,98.7913,8.8300,6.6350,4.0407,4.4018,8.4329,14.3073,20.7715,40.8781,4.2012,0.0,4.718859,9.286678,1.630025,30,242,81,2,0.30276321,0.00593162,-0.00694385,0E-8,0.000000,0.904604,0.002289,0.01846642,2026-03-22,2026-08-06,115,6001,2406,138,0.833333,1.330819,1.230659,1.009211,,,,,,,,GLOBAL_BASELINE_NO_ENTITY_RANKING,,,NOT_APPLICABLE_GLOBAL_BASELINE,HF9g-P5,,,,X 全窗基线 · 不参与实体赏罚,8399549,840,A168_HF9F_20260827_0900,2026-08-27 09:00:00
2026-04-08,36810153,529,0,4.2164737630,-4.2164737630,-4.2164737630,0E-7,1,1,0.50665070000000000,0.506650700000,-1.013391052207602,-1.013391052207602,-1.013391052207602,0E-17,ELIGIBLE,R03b_20260811_FULL_v1,L1_ELIGIBILITY,v2026-08-11,2026-03-21..2026-08-06,baccarat_bet02_101_all_pairs_incl_sentinel,round_win = game_pnl > 0 (decisive only),COMPATIBILITY_ONLY_NOT_PRODUCTION,81515.6139,73739.3596,483.5193,11361,11361,-0.00593162,0.00694385,-0.01152257,-0.00593162,-483.5193,81515.6139,OK,0.0000,19.3408,4.0000,96.0000,AG03-UNRESOLVED,ALL5_LEVELS_bet23_to_bet27,19.3408,19.3408,19.3408,24.1760,24.1760,4.000000,4.000000,4.000000,5.000000,5.000000,96.000000,96.000000,96.000000,95.000000,95.000000,5.0,106.3742,97.4416,377.1451,386.0777,PENDING_AG03,FALSE,NOT_FOR_ENFORCEMENT,464.1785,70789.7852,483.5193,464.1785,19.3408,0.00593162,0.00569435,19.3408,464.1785,0.00569435,19.3408,19.3408,19.3408,24.1760,24.1760,464.1785,0.00569435,106.3742,97.4416,377.1451,386.0777,0.00462666,0.00473624,0.00023726,7.1750,6.4906,0.0426,4.2045,0.0806,708.8314,98.7913,8.8300,6.6350,4.0407,4.4018,8.4329,14.3073,20.7715,40.8781,4.2012,0.0,4.718859,9.286678,1.630025,30,242,81,2,0.30276321,0.00593162,-0.00694385,0E-8,0.000000,0.904604,0.002289,0.01846642,2026-03-22,2026-08-06,115,6001,2406,138,0.833333,1.330819,1.230659,1.009211,,,,,,,,GLOBAL_BASELINE_NO_ENTITY_RANKING,,,NOT_APPLICABLE_GLOBAL_BASELINE,HF9g-P5,,,,X 全窗基线 · 不参与实体赏罚,8399550,840,A168_HF9F_20260827_0900,2026-08-27 09:00:00
2026-04-08,36810153,550,0,15.8117766112,-15.8117766112,-15.8117766112,0E-7,2,2,0.50665070000000000,0.506650700000,-1.4331513700195317,-1.4331513700195317,-1.4331513700195317,0E-17,ELIGIBLE,R03b_20260811_FULL_v1,L1_ELIGIBILITY,v2026-08-11,2026-03-21..2026-08-06,baccarat_bet02_101_all_pairs_incl_sentinel,round_win = game_pnl > 0 (decisive only),COMPATIBILITY_ONLY_NOT_PRODUCTION,81515.6139,73739.3596,483.5193,11361,11361,-0.00593162,0.00694385,-0.01152257,-0.00593162,-483.5193,81515.6139,OK,0.0000,19.3408,4.0000,96.0000,AG03-UNRESOLVED,ALL5_LEVELS_bet23_to_bet27,19.3408,19.3408,19.3408,24.1760,24.1760,4.000000,4.000000,4.000000,5.000000,5.000000,96.000000,96.000000,96.000000,95.000000,95.000000,5.0,106.3742,97.4416,377.1451,386.0777,PENDING_AG03,FALSE,NOT_FOR_ENFORCEMENT,464.1785,70789.7852,483.5193,464.1785,19.3408,0.00593162,0.00569435,19.3408,464.1785,0.00569435,19.3408,19.3408,19.3408,24.1760,24.1760,464.1785,0.00569435,106.3742,97.4416,377.1451,386.0777,0.00462666,0.00473624,0.00023726,7.1750,6.4906,0.0426,4.2045,0.0806,708.8314,98.7913,8.8300,6.6350,4.0407,4.4018,8.4329,14.3073,20.7715,40.8781,4.2012,0.0,4.718859,9.286678,1.630025,30,242,81,2,0.30276321,0.00593162,-0.00694385,0E-8,0.000000,0.904604,0.002289,0.01846642,2026-03-22,2026-08-06,115,6001,2406,138,0.833333,1.330819,1.230659,1.009211,,,,,,,,GLOBAL_BASELINE_NO_ENTITY_RANKING,,,NOT_APPLICABLE_GLOBAL_BASELINE,HF9g-P5,,,,X 全窗基线 · 不参与实体赏罚,8399551,840,A168_HF9F_20260827_0900,2026-08-27 09:00:00
2026-04-08,36810153,583,0,8.4329475260,8.0113001497,8.0113001497,1.0000000,1,1,0.50665070000000000,0.506650700000,0.9867858985152569,0.9867858985152569,0.9867858985152569,0E-17,ELIGIBLE,R03b_20260811_FULL_v1,L1_ELIGIBILITY,v2026-08-11,2026-03-21..2026-08-06,baccarat_bet02_101_all_pairs_incl_sentinel,round_win = game_pnl > 0 (decisive only),COMPATIBILITY_ONLY_NOT_PRODUCTION,81515.6139,73739.3596,483.5193,11361,11361,-0.00593162,0.00694385,-0.01152257,-0.00593162,-483.5193,81515.6139,OK,0.0000,19.3408,4.0000,96.0000,AG03-UNRESOLVED,ALL5_LEVELS_bet23_to_bet27,19.3408,19.3408,19.3408,24.1760,24.1760,4.000000,4.000000,4.000000,5.000000,5.000000,96.000000,96.000000,96.000000,95.000000,95.000000,5.0,106.3742,97.4416,377.1451,386.0777,PENDING_AG03,FALSE,NOT_FOR_ENFORCEMENT,464.1785,70789.7852,483.5193,464.1785,19.3408,0.00593162,0.00569435,19.3408,464.1785,0.00569435,19.3408,19.3408,19.3408,24.1760,24.1760,464.1785,0.00569435,106.3742,97.4416,377.1451,386.0777,0.00462666,0.00473624,0.00023726,7.1750,6.4906,0.0426,4.2045,0.0806,708.8314,98.7913,8.8300,6.6350,4.0407,4.4018,8.4329,14.3073,20.7715,40.8781,4.2012,0.0,4.718859,9.286678,1.630025,30,242,81,2,0.30276321,0.00593162,-0.00694385,0E-8,0.000000,0.904604,0.002289,0.01846642,2026-03-22,2026-08-06,115,6001,2406,138,0.833333,1.330819,1.230659,1.009211,,,,,,,,GLOBAL_BASELINE_NO_ENTITY_RANKING,,,NOT_APPLICABLE_GLOBAL_BASELINE,HF9g-P5,,,,X 全窗基线 · 不参与实体赏罚,8399552,840,A168_HF9F_20260827_0900,2026-08-27 09:00:00
2026-04-08,36810153,752,0,16.4442476757,8.0113001497,8.0113001497,1.0000000,2,2,0.49994810000000000,0.499948100000,1.0001038053877793,1.0001038053877793,1.0001038053877793,0E-17,ELIGIBLE,R03b_20260811_FULL_v1,L1_ELIGIBILITY,v2026-08-11,2026-03-21..2026-08-06,baccarat_bet02_101_all_pairs_incl_sentinel,round_win = game_pnl > 0 (decisive only),COMPATIBILITY_ONLY_NOT_PRODUCTION,81515.6139,73739.3596,483.5193,11361,11361,-0.00593162,0.00694385,-0.01152257,-0.00593162,-483.5193,81515.6139,OK,0.0000,19.3408,4.0000,96.0000,AG03-UNRESOLVED,ALL5_LEVELS_bet23_to_bet27,19.3408,19.3408,19.3408,24.1760,24.1760,4.000000,4.000000,4.000000,5.000000,5.000000,96.000000,96.000000,96.000000,95.000000,95.000000,5.0,106.3742,97.4416,377.1451,386.0777,PENDING_AG03,FALSE,NOT_FOR_ENFORCEMENT,464.1785,70789.7852,483.5193,464.1785,19.3408,0.00593162,0.00569435,19.3408,464.1785,0.00569435,19.3408,19.3408,19.3408,24.1760,24.1760,464.1785,0.00569435,106.3742,97.4416,377.1451,386.0777,0.00462666,0.00473624,0.00023726,7.1750,6.4906,0.0426,4.2045,0.0806,708.8314,98.7913,8.8300,6.6350,4.0407,4.4018,8.4329,14.3073,20.7715,40.8781,4.2012,0.0,4.718859,9.286678,1.630025,30,242,81,2,0.30276321,0.00593162,-0.00694385,0E-8,0.000000,0.904604,0.002289,0.01846642,2026-03-22,2026-08-06,115,6001,2406,138,0.833333,1.330819,1.230659,1.009211,,,,,,,,GLOBAL_BASELINE_NO_ENTITY_RANKING,,,NOT_APPLICABLE_GLOBAL_BASELINE,HF9g-P5,,,,X 全窗基线 · 不参与实体赏罚,8399553,840,A168_HF9F_20260827_0900,2026-08-27 09:00:00
2026-04-08,36810153,772,0,30.5694347817,0E-10,0E-10,,3,3,0.50218230000000000,0.502182300000,,,,0E-17,NO_DECISIVE_ROUND,R03b_20260811_FULL_v1,L1_ELIGIBILITY,v2026-08-11,2026-03-21..2026-08-06,baccarat_bet02_101_all_pairs_incl_sentinel,round_win = game_pnl > 0 (decisive only),COMPATIBILITY_ONLY_NOT_PRODUCTION,81515.6139,73739.3596,483.5193,11361,11361,-0.00593162,0.00694385,-0.01152257,-0.00593162,-483.5193,81515.6139,OK,0.0000,19.3408,4.0000,96.0000,AG03-UNRESOLVED,ALL5_LEVELS_bet23_to_bet27,19.3408,19.3408,19.3408,24.1760,24.1760,4.000000,4.000000,4.000000,5.000000,5.000000,96.000000,96.000000,96.000000,95.000000,95.000000,5.0,106.3742,97.4416,377.1451,386.0777,PENDING_AG03,FALSE,NOT_FOR_ENFORCEMENT,464.1785,70789.7852,483.5193,464.1785,19.3408,0.00593162,0.00569435,19.3408,464.1785,0.00569435,19.3408,19.3408,19.3408,24.1760,24.1760,464.1785,0.00569435,106.3742,97.4416,377.1451,386.0777,0.00462666,0.00473624,0.00023726,7.1750,6.4906,0.0426,4.2045,0.0806,708.8314,98.7913,8.8300,6.6350,4.0407,4.4018,8.4329,14.3073,20.7715,40.8781,4.2012,0.0,4.718859,9.286678,1.630025,30,242,81,2,0.30276321,0.00593162,-0.00694385,0E-8,0.000000,0.904604,0.002289,0.01846642,2026-03-22,2026-08-06,115,6001,2406,138,0.833333,1.330819,1.230659,1.009211,,,,,,,,GLOBAL_BASELINE_NO_ENTITY_RANKING,,,NOT_APPLICABLE_GLOBAL_BASELINE,HF9g-P5,,,,X 全窗基线 · 不参与实体赏罚,8399554,840,A168_HF9F_20260827_0900,2026-08-27 09:00:00
2026-04-08,36810153,789,0,24.2447241372,0.8432947526,0.8432947526,0.5000000,4,4,0.49994810000000000,0.499948100000,0.00020760000111838688,0.00020760000111838688,0.00020760000111838688,0E-17,ELIGIBLE,R03b_20260811_FULL_v1,L1_ELIGIBILITY,v2026-08-11,2026-03-21..2026-08-06,baccarat_bet02_101_all_pairs_incl_sentinel,round_win = game_pnl > 0 (decisive only),COMPATIBILITY_ONLY_NOT_PRODUCTION,81515.6139,73739.3596,483.5193,11361,11361,-0.00593162,0.00694385,-0.01152257,-0.00593162,-483.5193,81515.6139,OK,0.0000,19.3408,4.0000,96.0000,AG03-UNRESOLVED,ALL5_LEVELS_bet23_to_bet27,19.3408,19.3408,19.3408,24.1760,24.1760,4.000000,4.000000,4.000000,5.000000,5.000000,96.000000,96.000000,96.000000,95.000000,95.000000,5.0,106.3742,97.4416,377.1451,386.0777,PENDING_AG03,FALSE,NOT_FOR_ENFORCEMENT,464.1785,70789.7852,483.5193,464.1785,19.3408,0.00593162,0.00569435,19.3408,464.1785,0.00569435,19.3408,19.3408,19.3408,24.1760,24.1760,464.1785,0.00569435,106.3742,97.4416,377.1451,386.0777,0.00462666,0.00473624,0.00023726,7.1750,6.4906,0.0426,4.2045,0.0806,708.8314,98.7913,8.8300,6.6350,4.0407,4.4018,8.4329,14.3073,20.7715,40.8781,4.2012,0.0,4.718859,9.286678,1.630025,30,242,81,2,0.30276321,0.00593162,-0.00694385,0E-8,0.000000,0.904604,0.002289,0.01846642,2026-03-22,2026-08-06,115,6001,2406,138,0.833333,1.330819,1.230659,1.009211,,,,,,,,GLOBAL_BASELINE_NO_ENTITY_RANKING,,,NOT_APPLICABLE_GLOBAL_BASELINE,HF9g-P5,,,,X 全窗基线 · 不参与实体赏罚,8399555,840,A168_HF9F_20260827_0900,2026-08-27 09:00:00
2026-04-08,36810153,919,0,77.1614698628,26.4583728627,26.4583728627,0.6000000,12,12,0.49547970000000000,0.495479700000,0.6610714354937093,0.6610714354937093,0.6610714354937093,0E-17,ELIGIBLE,R03b_20260811_FULL_v1,L1_ELIGIBILITY,v2026-08-11,2026-03-21..2026-08-06,baccarat_bet02_101_all_pairs_incl_sentinel,round_win = game_pnl > 0 (decisive only),COMPATIBILITY_ONLY_NOT_PRODUCTION,81515.6139,73739.3596,483.5193,11361,11361,-0.00593162,0.00694385,-0.01152257,-0.00593162,-483.5193,81515.6139,OK,0.0000,19.3408,4.0000,96.0000,AG03-UNRESOLVED,ALL5_LEVELS_bet23_to_bet27,19.3408,19.3408,19.3408,24.1760,24.1760,4.000000,4.000000,4.000000,5.000000,5.000000,96.000000,96.000000,96.000000,95.000000,95.000000,5.0,106.3742,97.4416,377.1451,386.0777,PENDING_AG03,FALSE,NOT_FOR_ENFORCEMENT,464.1785,70789.7852,483.5193,464.1785,19.3408,0.00593162,0.00569435,19.3408,464.1785,0.00569435,19.3408,19.3408,19.3408,24.1760,24.1760,464.1785,0.00569435,106.3742,97.4416,377.1451,386.0777,0.00462666,0.00473624,0.00023726,7.1750,6.4906,0.0426,4.2045,0.0806,708.8314,98.7913,8.8300,6.6350,4.0407,4.4018,8.4329,14.3073,20.7715,40.8781,4.2012,0.0,4.718859,9.286678,1.630025,30,242,81,2,0.30276321,0.00593162,-0.00694385,0E-8,0.000000,0.904604,0.002289,0.01846642,2026-03-22,2026-08-06,115,6001,2406,138,0.833333,1.330819,1.230659,1.009211,,,,,,,,GLOBAL_BASELINE_NO_ENTITY_RANKING,,,NOT_APPLICABLE_GLOBAL_BASELINE,HF9g-P5,,,,X 全窗基线 · 不参与实体赏罚,8399556,840,A168_HF9F_20260827_0900,2026-08-27 09:00:00
2026-04-08,36810153,970,0,6.3247106445,6.3247106445,6.3247106445,1.0000000,1,1,0.49324550000000000,0.493245500000,1.01360149184955,1.01360149184955,1.01360149184955,0E-17,ELIGIBLE,R03b_20260811_FULL_v1,L1_ELIGIBILITY,v2026-08-11,2026-03-21..2026-08-06,baccarat_bet02_101_all_pairs_incl_sentinel,round_win = game_pnl > 0 (decisive only),COMPATIBILITY_ONLY_NOT_PRODUCTION,81515.6139,73739.3596,483.5193,11361,11361,-0.00593162,0.00694385,-0.01152257,-0.00593162,-483.5193,81515.6139,OK,0.0000,19.3408,4.0000,96.0000,AG03-UNRESOLVED,ALL5_LEVELS_bet23_to_bet27,19.3408,19.3408,19.3408,24.1760,24.1760,4.000000,4.000000,4.000000,5.000000,5.000000,96.000000,96.000000,96.000000,95.000000,95.000000,5.0,106.3742,97.4416,377.1451,386.0777,PENDING_AG03,FALSE,NOT_FOR_ENFORCEMENT,464.1785,70789.7852,483.5193,464.1785,19.3408,0.00593162,0.00569435,19.3408,464.1785,0.00569435,19.3408,19.3408,19.3408,24.1760,24.1760,464.1785,0.00569435,106.3742,97.4416,377.1451,386.0777,0.00462666,0.00473624,0.00023726,7.1750,6.4906,0.0426,4.2045,0.0806,708.8314,98.7913,8.8300,6.6350,4.0407,4.4018,8.4329,14.3073,20.7715,40.8781,4.2012,0.0,4.718859,9.286678,1.630025,30,242,81,2,0.30276321,0.00593162,-0.00694385,0E-8,0.000000,0.904604,0.002289,0.01846642,2026-03-22,2026-08-06,115,6001,2406,138,0.833333,1.330819,1.230659,1.009211,,,,,,,,GLOBAL_BASELINE_NO_ENTITY_RANKING,,,NOT_APPLICABLE_GLOBAL_BASELINE,HF9g-P5,,,,X 全窗基线 · 不参与实体赏罚,8399557,840,A168_HF9F_20260827_0900,2026-08-27 09:00:00
2026-04-08,36810153,987,0,11.1736554719,5.4814158919,5.4814158919,0.6666667,3,3,0.49771390000000000,0.497713900000,0.5852756695216578,0.5852756695216578,0.5852756695216578,0E-17,ELIGIBLE,R03b_20260811_FULL_v1,L1_ELIGIBILITY,v2026-08-11,2026-03-21..2026-08-06,baccarat_bet02_101_all_pairs_incl_sentinel,round_win = game_pnl > 0 (decisive only),COMPATIBILITY_ONLY_NOT_PRODUCTION,81515.6139,73739.3596,483.5193,11361,11361,-0.00593162,0.00694385,-0.01152257,-0.00593162,-483.5193,81515.6139,OK,0.0000,19.3408,4.0000,96.0000,AG03-UNRESOLVED,ALL5_LEVELS_bet23_to_bet27,19.3408,19.3408,19.3408,24.1760,24.1760,4.000000,4.000000,4.000000,5.000000,5.000000,96.000000,96.000000,96.000000,95.000000,95.000000,5.0,106.3742,97.4416,377.1451,386.0777,PENDING_AG03,FALSE,NOT_FOR_ENFORCEMENT,464.1785,70789.7852,483.5193,464.1785,19.3408,0.00593162,0.00569435,19.3408,464.1785,0.00569435,19.3408,19.3408,19.3408,24.1760,24.1760,464.1785,0.00569435,106.3742,97.4416,377.1451,386.0777,0.00462666,0.00473624,0.00023726,7.1750,6.4906,0.0426,4.2045,0.0806,708.8314,98.7913,8.8300,6.6350,4.0407,4.4018,8.4329,14.3073,20.7715,40.8781,4.2012,0.0,4.718859,9.286678,1.630025,30,242,81,2,0.30276321,0.00593162,-0.00694385,0E-8,0.000000,0.904604,0.002289,0.01846642,2026-03-22,2026-08-06,115,6001,2406,138,0.833333,1.330819,1.230659,1.009211,,,,,,,,GLOBAL_BASELINE_NO_ENTITY_RANKING,,,NOT_APPLICABLE_GLOBAL_BASELINE,HF9g-P5,,,,X 全窗基线 · 不参与实体赏罚,8399558,840,A168_HF9F_20260827_0900,2026-08-27 09:00:00
2026-04-09,36810153,-1,1,4.0056500748,0.1054118441,0.1054118441,0.5000000,2,2,0.49994810000000000,0.499948100000,0.00014679536856514622,0.00014679536856514622,0.00014679536856514622,0E-17,SENTINEL_DEALER,R03b_20260811_FULL_v1,L1_ELIGIBILITY,v2026-08-11,2026-03-21..2026-08-06,baccarat_bet02_101_all_pairs_incl_sentinel,round_win = game_pnl > 0 (decisive only),COMPATIBILITY_ONLY_NOT_PRODUCTION,81515.6139,73739.3596,483.5193,11361,11361,-0.00593162,0.00694385,-0.01152257,-0.00593162,-483.5193,81515.6139,OK,0.0000,19.3408,4.0000,96.0000,AG03-UNRESOLVED,ALL5_LEVELS_bet23_to_bet27,19.3408,19.3408,19.3408,24.1760,24.1760,4.000000,4.000000,4.000000,5.000000,5.000000,96.000000,96.000000,96.000000,95.000000,95.000000,5.0,106.3742,97.4416,377.1451,386.0777,PENDING_AG03,FALSE,NOT_FOR_ENFORCEMENT,464.1785,70789.7852,483.5193,464.1785,19.3408,0.00593162,0.00569435,19.3408,464.1785,0.00569435,19.3408,19.3408,19.3408,24.1760,24.1760,464.1785,0.00569435,106.3742,97.4416,377.1451,386.0777,0.00462666,0.00473624,0.00023726,7.1750,6.4906,0.0426,4.2045,0.0806,708.8314,98.7913,8.8300,6.6350,4.0407,4.4018,8.4329,14.3073,20.7715,40.8781,4.2012,0.0,4.718859,9.286678,1.630025,30,242,81,2,0.30276321,0.00593162,-0.00694385,0E-8,0.000000,0.904604,0.002289,0.01846642,2026-03-22,2026-08-06,115,6001,2406,138,0.833333,1.330819,1.230659,1.009211,,,,,,,,GLOBAL_BASELINE_NO_ENTITY_RANKING,,,NOT_APPLICABLE_GLOBAL_BASELINE,HF9g-P5,,,,X 全窗基线 · 不参与实体赏罚,8399559,840,A168_HF9F_20260827_0900,2026-08-27 09:00:00
2026-04-09,36810153,1078,0,118.0612653634,74.1045263844,74.1045263844,0.8571429,23,23,0.49849101304347826,0.498491013043,3.2871134172641163,3.2871134172685093,3.2871134172641163,4.7826E-13,ELIGIBLE,R03b_20260811_FULL_v1,L1_ELIGIBILITY,v2026-08-11,2026-03-21..2026-08-06,baccarat_bet02_101_all_pairs_incl_sentinel,round_win = game_pnl > 0 (decisive only),COMPATIBILITY_ONLY_NOT_PRODUCTION,81515.6139,73739.3596,483.5193,11361,11361,-0.00593162,0.00694385,-0.01152257,-0.00593162,-483.5193,81515.6139,OK,0.0000,19.3408,4.0000,96.0000,AG03-UNRESOLVED,ALL5_LEVELS_bet23_to_bet27,19.3408,19.3408,19.3408,24.1760,24.1760,4.000000,4.000000,4.000000,5.000000,5.000000,96.000000,96.000000,96.000000,95.000000,95.000000,5.0,106.3742,97.4416,377.1451,386.0777,PENDING_AG03,FALSE,NOT_FOR_ENFORCEMENT,464.1785,70789.7852,483.5193,464.1785,19.3408,0.00593162,0.00569435,19.3408,464.1785,0.00569435,19.3408,19.3408,19.3408,24.1760,24.1760,464.1785,0.00569435,106.3742,97.4416,377.1451,386.0777,0.00462666,0.00473624,0.00023726,7.1750,6.4906,0.0426,4.2045,0.0806,708.8314,98.7913,8.8300,6.6350,4.0407,4.4018,8.4329,14.3073,20.7715,40.8781,4.2012,0.0,4.718859,9.286678,1.630025,30,242,81,2,0.30276321,0.00593162,-0.00694385,0E-8,0.000000,0.904604,0.002289,0.01846642,2026-03-22,2026-08-06,115,6001,2406,138,0.833333,1.330819,1.230659,1.009211,,,,,,,,GLOBAL_BASELINE_NO_ENTITY_RANKING,,,NOT_APPLICABLE_GLOBAL_BASELINE,HF9g-P5,,,,X 全窗基线 · 不参与实体赏罚,8399560,840,A168_HF9F_20260827_0900,2026-08-27 09:00:00
2026-04-09,36810153,1210,0,2.1082368815,-2.1082368815,-2.1082368815,0E-7,1,1,0.49324550000000000,0.493245500000,-0.9865810262130424,-0.9865810262130424,-0.9865810262130424,0E-17,ELIGIBLE,R03b_20260811_FULL_v1,L1_ELIGIBILITY,v2026-08-11,2026-03-21..2026-08-06,baccarat_bet02_101_all_pairs_incl_sentinel,round_win = game_pnl > 0 (decisive only),COMPATIBILITY_ONLY_NOT_PRODUCTION,81515.6139,73739.3596,483.5193,11361,11361,-0.00593162,0.00694385,-0.01152257,-0.00593162,-483.5193,81515.6139,OK,0.0000,19.3408,4.0000,96.0000,AG03-UNRESOLVED,ALL5_LEVELS_bet23_to_bet27,19.3408,19.3408,19.3408,24.1760,24.1760,4.000000,4.000000,4.000000,5.000000,5.000000,96.000000,96.000000,96.000000,95.000000,95.000000,5.0,106.3742,97.4416,377.1451,386.0777,PENDING_AG03,FALSE,NOT_FOR_ENFORCEMENT,464.1785,70789.7852,483.5193,464.1785,19.3408,0.00593162,0.00569435,19.3408,464.1785,0.00569435,19.3408,19.3408,19.3408,24.1760,24.1760,464.1785,0.00569435,106.3742,97.4416,377.1451,386.0777,0.00462666,0.00473624,0.00023726,7.1750,6.4906,0.0426,4.2045,0.0806,708.8314,98.7913,8.8300,6.6350,4.0407,4.4018,8.4329,14.3073,20.7715,40.8781,4.2012,0.0,4.718859,9.286678,1.630025,30,242,81,2,0.30276321,0.00593162,-0.00694385,0E-8,0.000000,0.904604,0.002289,0.01846642,2026-03-22,2026-08-06,115,6001,2406,138,0.833333,1.330819,1.230659,1.009211,,,,,,,,GLOBAL_BASELINE_NO_ENTITY_RANKING,,,NOT_APPLICABLE_GLOBAL_BASELINE,HF9g-P5,,,,X 全窗基线 · 不参与实体赏罚,8399561,840,A168_HF9F_20260827_0900,2026-08-27 09:00:00
2026-04-09,36810153,1330,0,2.1082368815,-2.1082368815,-2.1082368815,0E-7,1,1,0.50665070000000000,0.506650700000,-1.013391052207602,-1.013391052207602,-1.013391052207602,0E-17,ELIGIBLE,R03b_20260811_FULL_v1,L1_ELIGIBILITY,v2026-08-11,2026-03-21..2026-08-06,baccarat_bet02_101_all_pairs_incl_sentinel,round_win = game_pnl > 0 (decisive only),COMPATIBILITY_ONLY_NOT_PRODUCTION,81515.6139,73739.3596,483.5193,11361,11361,-0.00593162,0.00694385,-0.01152257,-0.00593162,-483.5193,81515.6139,OK,0.0000,19.3408,4.0000,96.0000,AG03-UNRESOLVED,ALL5_LEVELS_bet23_to_bet27,19.3408,19.3408,19.3408,24.1760,24.1760,4.000000,4.000000,4.000000,5.000000,5.000000,96.000000,96.000000,96.000000,95.000000,95.000000,5.0,106.3742,97.4416,377.1451,386.0777,PENDING_AG03,FALSE,NOT_FOR_ENFORCEMENT,464.1785,70789.7852,483.5193,464.1785,19.3408,0.00593162,0.00569435,19.3408,464.1785,0.00569435,19.3408,19.3408,19.3408,24.1760,24.1760,464.1785,0.00569435,106.3742,97.4416,377.1451,386.0777,0.00462666,0.00473624,0.00023726,7.1750,6.4906,0.0426,4.2045,0.0806,708.8314,98.7913,8.8300,6.6350,4.0407,4.4018,8.4329,14.3073,20.7715,40.8781,4.2012,0.0,4.718859,9.286678,1.630025,30,242,81,2,0.30276321,0.00593162,-0.00694385,0E-8,0.000000,0.904604,0.002289,0.01846642,2026-03-22,2026-08-06,115,6001,2406,138,0.833333,1.330819,1.230659,1.009211,,,,,,,,GLOBAL_BASELINE_NO_ENTITY_RANKING,,,NOT_APPLICABLE_GLOBAL_BASELINE,HF9g-P5,,,,X 全窗基线 · 不参与实体赏罚,8399562,840,A168_HF9F_20260827_0900,2026-08-27 09:00:00
2026-04-09,36810153,1353,0,2.1082368815,2.1082368815,2.1082368815,1.0000000,1,1,0.49324550000000000,0.493245500000,1.01360149184955,1.01360149184955,1.01360149184955,0E-17,ELIGIBLE,R03b_20260811_FULL_v1,L1_ELIGIBILITY,v2026-08-11,2026-03-21..2026-08-06,baccarat_bet02_101_all_pairs_incl_sentinel,round_win = game_pnl > 0 (decisive only),COMPATIBILITY_ONLY_NOT_PRODUCTION,81515.6139,73739.3596,483.5193,11361,11361,-0.00593162,0.00694385,-0.01152257,-0.00593162,-483.5193,81515.6139,OK,0.0000,19.3408,4.0000,96.0000,AG03-UNRESOLVED,ALL5_LEVELS_bet23_to_bet27,19.3408,19.3408,19.3408,24.1760,24.1760,4.000000,4.000000,4.000000,5.000000,5.000000,96.000000,96.000000,96.000000,95.000000,95.000000,5.0,106.3742,97.4416,377.1451,386.0777,PENDING_AG03,FALSE,NOT_FOR_ENFORCEMENT,464.1785,70789.7852,483.5193,464.1785,19.3408,0.00593162,0.00569435,19.3408,464.1785,0.00569435,19.3408,19.3408,19.3408,24.1760,24.1760,464.1785,0.00569435,106.3742,97.4416,377.1451,386.0777,0.00462666,0.00473624,0.00023726,7.1750,6.4906,0.0426,4.2045,0.0806,708.8314,98.7913,8.8300,6.6350,4.0407,4.4018,8.4329,14.3073,20.7715,40.8781,4.2012,0.0,4.718859,9.286678,1.630025,30,242,81,2,0.30276321,0.00593162,-0.00694385,0E-8,0.000000,0.904604,0.002289,0.01846642,2026-03-22,2026-08-06,115,6001,2406,138,0.833333,1.330819,1.230659,1.009211,,,,,,,,GLOBAL_BASELINE_NO_ENTITY_RANKING,,,NOT_APPLICABLE_GLOBAL_BASELINE,HF9g-P5,,,,X 全窗基线 · 不参与实体赏罚,8399563,840,A168_HF9F_20260827_0900,2026-08-27 09:00:00
2026-04-09,36810153,1363,0,4.2164737630,0E-10,0E-10,,1,1,0.50665070000000000,0.506650700000,,,,0E-17,NO_DECISIVE_ROUND,R03b_20260811_FULL_v1,L1_ELIGIBILITY,v2026-08-11,2026-03-21..2026-08-06,baccarat_bet02_101_all_pairs_incl_sentinel,round_win = game_pnl > 0 (decisive only),COMPATIBILITY_ONLY_NOT_PRODUCTION,81515.6139,73739.3596,483.5193,11361,11361,-0.00593162,0.00694385,-0.01152257,-0.00593162,-483.5193,81515.6139,OK,0.0000,19.3408,4.0000,96.0000,AG03-UNRESOLVED,ALL5_LEVELS_bet23_to_bet27,19.3408,19.3408,19.3408,24.1760,24.1760,4.000000,4.000000,4.000000,5.000000,5.000000,96.000000,96.000000,96.000000,95.000000,95.000000,5.0,106.3742,97.4416,377.1451,386.0777,PENDING_AG03,FALSE,NOT_FOR_ENFORCEMENT,464.1785,70789.7852,483.5193,464.1785,19.3408,0.00593162,0.00569435,19.3408,464.1785,0.00569435,19.3408,19.3408,19.3408,24.1760,24.1760,464.1785,0.00569435,106.3742,97.4416,377.1451,386.0777,0.00462666,0.00473624,0.00023726,7.1750,6.4906,0.0426,4.2045,0.0806,708.8314,98.7913,8.8300,6.6350,4.0407,4.4018,8.4329,14.3073,20.7715,40.8781,4.2012,0.0,4.718859,9.286678,1.630025,30,242,81,2,0.30276321,0.00593162,-0.00694385,0E-8,0.000000,0.904604,0.002289,0.01846642,2026-03-22,2026-08-06,115,6001,2406,138,0.833333,1.330819,1.230659,1.009211,,,,,,,,GLOBAL_BASELINE_NO_ENTITY_RANKING,,,NOT_APPLICABLE_GLOBAL_BASELINE,HF9g-P5,,,,X 全窗基线 · 不参与实体赏罚,8399564,840,A168_HF9F_20260827_0900,2026-08-27 09:00:00
2026-04-09,36810153,1382,0,4.2164737630,4.0056500748,4.0056500748,1.0000000,1,1,0.50665070000000000,0.506650700000,0.9867858985152569,0.9867858985152569,0.9867858985152569,0E-17,ELIGIBLE,R03b_20260811_FULL_v1,L1_ELIGIBILITY,v2026-08-11,2026-03-21..2026-08-06,baccarat_bet02_101_all_pairs_incl_sentinel,round_win = game_pnl > 0 (decisive only),COMPATIBILITY_ONLY_NOT_PRODUCTION,81515.6139,73739.3596,483.5193,11361,11361,-0.00593162,0.00694385,-0.01152257,-0.00593162,-483.5193,81515.6139,OK,0.0000,19.3408,4.0000,96.0000,AG03-UNRESOLVED,ALL5_LEVELS_bet23_to_bet27,19.3408,19.3408,19.3408,24.1760,24.1760,4.000000,4.000000,4.000000,5.000000,5.000000,96.000000,96.000000,96.000000,95.000000,95.000000,5.0,106.3742,97.4416,377.1451,386.0777,PENDING_AG03,FALSE,NOT_FOR_ENFORCEMENT,464.1785,70789.7852,483.5193,464.1785,19.3408,0.00593162,0.00569435,19.3408,464.1785,0.00569435,19.3408,19.3408,19.3408,24.1760,24.1760,464.1785,0.00569435,106.3742,97.4416,377.1451,386.0777,0.00462666,0.00473624,0.00023726,7.1750,6.4906,0.0426,4.2045,0.0806,708.8314,98.7913,8.8300,6.6350,4.0407,4.4018,8.4329,14.3073,20.7715,40.8781,4.2012,0.0,4.718859,9.286678,1.630025,30,242,81,2,0.30276321,0.00593162,-0.00694385,0E-8,0.000000,0.904604,0.002289,0.01846642,2026-03-22,2026-08-06,115,6001,2406,138,0.833333,1.330819,1.230659,1.009211,,,,,,,,GLOBAL_BASELINE_NO_ENTITY_RANKING,,,NOT_APPLICABLE_GLOBAL_BASELINE,HF9g-P5,,,,X 全窗基线 · 不参与实体赏罚,8399565,840,A168_HF9F_20260827_0900,2026-08-27 09:00:00
2026-04-09,36810153,1385,0,6.3247106445,-2.2136487256,-2.2136487256,0.5000000,2,2,0.50665070000000000,0.506650700000,-0.018812684590367487,-0.018812684590367487,-0.018812684590367487,0E-17,ELIGIBLE,R03b_20260811_FULL_v1,L1_ELIGIBILITY,v2026-08-11,2026-03-21..2026-08-06,baccarat_bet02_101_all_pairs_incl_sentinel,round_win = game_pnl > 0 (decisive only),COMPATIBILITY_ONLY_NOT_PRODUCTION,81515.6139,73739.3596,483.5193,11361,11361,-0.00593162,0.00694385,-0.01152257,-0.00593162,-483.5193,81515.6139,OK,0.0000,19.3408,4.0000,96.0000,AG03-UNRESOLVED,ALL5_LEVELS_bet23_to_bet27,19.3408,19.3408,19.3408,24.1760,24.1760,4.000000,4.000000,4.000000,5.000000,5.000000,96.000000,96.000000,96.000000,95.000000,95.000000,5.0,106.3742,97.4416,377.1451,386.0777,PENDING_AG03,FALSE,NOT_FOR_ENFORCEMENT,464.1785,70789.7852,483.5193,464.1785,19.3408,0.00593162,0.00569435,19.3408,464.1785,0.00569435,19.3408,19.3408,19.3408,24.1760,24.1760,464.1785,0.00569435,106.3742,97.4416,377.1451,386.0777,0.00462666,0.00473624,0.00023726,7.1750,6.4906,0.0426,4.2045,0.0806,708.8314,98.7913,8.8300,6.6350,4.0407,4.4018,8.4329,14.3073,20.7715,40.8781,4.2012,0.0,4.718859,9.286678,1.630025,30,242,81,2,0.30276321,0.00593162,-0.00694385,0E-8,0.000000,0.904604,0.002289,0.01846642,2026-03-22,2026-08-06,115,6001,2406,138,0.833333,1.330819,1.230659,1.009211,,,,,,,,GLOBAL_BASELINE_NO_ENTITY_RANKING,,,NOT_APPLICABLE_GLOBAL_BASELINE,HF9g-P5,,,,X 全窗基线 · 不参与实体赏罚,8399566,840,A168_HF9F_20260827_0900,2026-08-27 09:00:00
2026-04-09,36810153,1399,0,11.1736554719,-11.1736554719,-11.1736554719,0E-7,1,1,0.50665070000000000,0.506650700000,-1.013391052207602,-1.013391052207602,-1.013391052207602,0E-17,ELIGIBLE,R03b_20260811_FULL_v1,L1_ELIGIBILITY,v2026-08-11,2026-03-21..2026-08-06,baccarat_bet02_101_all_pairs_incl_sentinel,round_win = game_pnl > 0 (decisive only),COMPATIBILITY_ONLY_NOT_PRODUCTION,81515.6139,73739.3596,483.5193,11361,11361,-0.00593162,0.00694385,-0.01152257,-0.00593162,-483.5193,81515.6139,OK,0.0000,19.3408,4.0000,96.0000,AG03-UNRESOLVED,ALL5_LEVELS_bet23_to_bet27,19.3408,19.3408,19.3408,24.1760,24.1760,4.000000,4.000000,4.000000,5.000000,5.000000,96.000000,96.000000,96.000000,95.000000,95.000000,5.0,106.3742,97.4416,377.1451,386.0777,PENDING_AG03,FALSE,NOT_FOR_ENFORCEMENT,464.1785,70789.7852,483.5193,464.1785,19.3408,0.00593162,0.00569435,19.3408,464.1785,0.00569435,19.3408,19.3408,19.3408,24.1760,24.1760,464.1785,0.00569435,106.3742,97.4416,377.1451,386.0777,0.00462666,0.00473624,0.00023726,7.1750,6.4906,0.0426,4.2045,0.0806,708.8314,98.7913,8.8300,6.6350,4.0407,4.4018,8.4329,14.3073,20.7715,40.8781,4.2012,0.0,4.718859,9.286678,1.630025,30,242,81,2,0.30276321,0.00593162,-0.00694385,0E-8,0.000000,0.904604,0.002289,0.01846642,2026-03-22,2026-08-06,115,6001,2406,138,0.833333,1.330819,1.230659,1.009211,,,,,,,,GLOBAL_BASELINE_NO_ENTITY_RANKING,,,NOT_APPLICABLE_GLOBAL_BASELINE,HF9g-P5,,,,X 全窗基线 · 不参与实体赏罚,8399567,840,A168_HF9F_20260827_0900,2026-08-27 09:00:00
2026-04-09,36810153,1400,0,6.3247106445,-2.1082368815,-2.1082368815,0.3333333,3,3,0.49324550000000000,0.493245500000,-0.5540025479526107,-0.5540025479526106,-0.5540025479526107,0E-17,ELIGIBLE,R03b_20260811_FULL_v1,L1_ELIGIBILITY,v2026-08-11,2026-03-21..2026-08-06,baccarat_bet02_101_all_pairs_incl_sentinel,round_win = game_pnl > 0 (decisive only),COMPATIBILITY_ONLY_NOT_PRODUCTION,81515.6139,73739.3596,483.5193,11361,11361,-0.00593162,0.00694385,-0.01152257,-0.00593162,-483.5193,81515.6139,OK,0.0000,19.3408,4.0000,96.0000,AG03-UNRESOLVED,ALL5_LEVELS_bet23_to_bet27,19.3408,19.3408,19.3408,24.1760,24.1760,4.000000,4.000000,4.000000,5.000000,5.000000,96.000000,96.000000,96.000000,95.000000,95.000000,5.0,106.3742,97.4416,377.1451,386.0777,PENDING_AG03,FALSE,NOT_FOR_ENFORCEMENT,464.1785,70789.7852,483.5193,464.1785,19.3408,0.00593162,0.00569435,19.3408,464.1785,0.00569435,19.3408,19.3408,19.3408,24.1760,24.1760,464.1785,0.00569435,106.3742,97.4416,377.1451,386.0777,0.00462666,0.00473624,0.00023726,7.1750,6.4906,0.0426,4.2045,0.0806,708.8314,98.7913,8.8300,6.6350,4.0407,4.4018,8.4329,14.3073,20.7715,40.8781,4.2012,0.0,4.718859,9.286678,1.630025,30,242,81,2,0.30276321,0.00593162,-0.00694385,0E-8,0.000000,0.904604,0.002289,0.01846642,2026-03-22,2026-08-06,115,6001,2406,138,0.833333,1.330819,1.230659,1.009211,,,,,,,,GLOBAL_BASELINE_NO_ENTITY_RANKING,,,NOT_APPLICABLE_GLOBAL_BASELINE,HF9g-P5,,,,X 全窗基线 · 不参与实体赏罚,8399568,840,A168_HF9F_20260827_0900,2026-08-27 09:00:00
2026-04-09,36810153,1490,0,107.7309046445,74.6948327112,74.6948327112,0.9166667,15,15,0.50486334000000000,0.504863340000,2.8531921090755805,2.8531921090755805,2.8531921090755805,0E-17,ELIGIBLE,R03b_20260811_FULL_v1,L1_ELIGIBILITY,v2026-08-11,2026-03-21..2026-08-06,baccarat_bet02_101_all_pairs_incl_sentinel,round_win = game_pnl > 0 (decisive only),COMPATIBILITY_ONLY_NOT_PRODUCTION,81515.6139,73739.3596,483.5193,11361,11361,-0.00593162,0.00694385,-0.01152257,-0.00593162,-483.5193,81515.6139,OK,0.0000,19.3408,4.0000,96.0000,AG03-UNRESOLVED,ALL5_LEVELS_bet23_to_bet27,19.3408,19.3408,19.3408,24.1760,24.1760,4.000000,4.000000,4.000000,5.000000,5.000000,96.000000,96.000000,96.000000,95.000000,95.000000,5.0,106.3742,97.4416,377.1451,386.0777,PENDING_AG03,FALSE,NOT_FOR_ENFORCEMENT,464.1785,70789.7852,483.5193,464.1785,19.3408,0.00593162,0.00569435,19.3408,464.1785,0.00569435,19.3408,19.3408,19.3408,24.1760,24.1760,464.1785,0.00569435,106.3742,97.4416,377.1451,386.0777,0.00462666,0.00473624,0.00023726,7.1750,6.4906,0.0426,4.2045,0.0806,708.8314,98.7913,8.8300,6.6350,4.0407,4.4018,8.4329,14.3073,20.7715,40.8781,4.2012,0.0,4.718859,9.286678,1.630025,30,242,81,2,0.30276321,0.00593162,-0.00694385,0E-8,0.000000,0.904604,0.002289,0.01846642,2026-03-22,2026-08-06,115,6001,2406,138,0.833333,1.330819,1.230659,1.009211,,,,,,,,GLOBAL_BASELINE_NO_ENTITY_RANKING,,,NOT_APPLICABLE_GLOBAL_BASELINE,HF9g-P5,,,,X 全窗基线 · 不参与实体赏罚,8399569,840,A168_HF9F_20260827_0900,2026-08-27 09:00:00
2026-04-09,36810153,1935,0,2.1082368815,-2.1082368815,-2.1082368815,0E-7,1,1,0.50665070000000000,0.506650700000,-1.013391052207602,-1.013391052207602,-1.013391052207602,0E-17,ELIGIBLE,R03b_20260811_FULL_v1,L1_ELIGIBILITY,v2026-08-11,2026-03-21..2026-08-06,baccarat_bet02_101_all_pairs_incl_sentinel,round_win = game_pnl > 0 (decisive only),COMPATIBILITY_ONLY_NOT_PRODUCTION,81515.6139,73739.3596,483.5193,11361,11361,-0.00593162,0.00694385,-0.01152257,-0.00593162,-483.5193,81515.6139,OK,0.0000,19.3408,4.0000,96.0000,AG03-UNRESOLVED,ALL5_LEVELS_bet23_to_bet27,19.3408,19.3408,19.3408,24.1760,24.1760,4.000000,4.000000,4.000000,5.000000,5.000000,96.000000,96.000000,96.000000,95.000000,95.000000,5.0,106.3742,97.4416,377.1451,386.0777,PENDING_AG03,FALSE,NOT_FOR_ENFORCEMENT,464.1785,70789.7852,483.5193,464.1785,19.3408,0.00593162,0.00569435,19.3408,464.1785,0.00569435,19.3408,19.3408,19.3408,24.1760,24.1760,464.1785,0.00569435,106.3742,97.4416,377.1451,386.0777,0.00462666,0.00473624,0.00023726,7.1750,6.4906,0.0426,4.2045,0.0806,708.8314,98.7913,8.8300,6.6350,4.0407,4.4018,8.4329,14.3073,20.7715,40.8781,4.2012,0.0,4.718859,9.286678,1.630025,30,242,81,2,0.30276321,0.00593162,-0.00694385,0E-8,0.000000,0.904604,0.002289,0.01846642,2026-03-22,2026-08-06,115,6001,2406,138,0.833333,1.330819,1.230659,1.009211,,,,,,,,GLOBAL_BASELINE_NO_ENTITY_RANKING,,,NOT_APPLICABLE_GLOBAL_BASELINE,HF9g-P5,,,,X 全窗基线 · 不参与实体赏罚,8399570,840,A168_HF9F_20260827_0900,2026-08-27 09:00:00
2026-04-09,36810153,1940,0,8.4329475260,0E-10,0E-10,0.5000000,2,2,0.49994810000000000,0.499948100000,0.00014679536856514622,0.00014679536856514622,0.00014679536856514622,0E-17,ELIGIBLE,R03b_20260811_FULL_v1,L1_ELIGIBILITY,v2026-08-11,2026-03-21..2026-08-06,baccarat_bet02_101_all_pairs_incl_sentinel,round_win = game_pnl > 0 (decisive only),COMPATIBILITY_ONLY_NOT_PRODUCTION,81515.6139,73739.3596,483.5193,11361,11361,-0.00593162,0.00694385,-0.01152257,-0.00593162,-483.5193,81515.6139,OK,0.0000,19.3408,4.0000,96.0000,AG03-UNRESOLVED,ALL5_LEVELS_bet23_to_bet27,19.3408,19.3408,19.3408,24.1760,24.1760,4.000000,4.000000,4.000000,5.000000,5.000000,96.000000,96.000000,96.000000,95.000000,95.000000,5.0,106.3742,97.4416,377.1451,386.0777,PENDING_AG03,FALSE,NOT_FOR_ENFORCEMENT,464.1785,70789.7852,483.5193,464.1785,19.3408,0.00593162,0.00569435,19.3408,464.1785,0.00569435,19.3408,19.3408,19.3408,24.1760,24.1760,464.1785,0.00569435,106.3742,97.4416,377.1451,386.0777,0.00462666,0.00473624,0.00023726,7.1750,6.4906,0.0426,4.2045,0.0806,708.8314,98.7913,8.8300,6.6350,4.0407,4.4018,8.4329,14.3073,20.7715,40.8781,4.2012,0.0,4.718859,9.286678,1.630025,30,242,81,2,0.30276321,0.00593162,-0.00694385,0E-8,0.000000,0.904604,0.002289,0.01846642,2026-03-22,2026-08-06,115,6001,2406,138,0.833333,1.330819,1.230659,1.009211,,,,,,,,GLOBAL_BASELINE_NO_ENTITY_RANKING,,,NOT_APPLICABLE_GLOBAL_BASELINE,HF9g-P5,,,,X 全窗基线 · 不参与实体赏罚,8399571,840,A168_HF9F_20260827_0900,2026-08-27 09:00:00
2026-04-09,36810153,2134,0,4.2164737630,-1.6865895052,-1.6865895052,0E-7,2,2,0.49994810000000000,0.499948100000,-0.9998962053866608,-0.9998962053866608,-0.9998962053866608,0E-17,ELIGIBLE,R03b_20260811_FULL_v1,L1_ELIGIBILITY,v2026-08-11,2026-03-21..2026-08-06,baccarat_bet02_101_all_pairs_incl_sentinel,round_win = game_pnl > 0 (decisive only),COMPATIBILITY_ONLY_NOT_PRODUCTION,81515.6139,73739.3596,483.5193,11361,11361,-0.00593162,0.00694385,-0.01152257,-0.00593162,-483.5193,81515.6139,OK,0.0000,19.3408,4.0000,96.0000,AG03-UNRESOLVED,ALL5_LEVELS_bet23_to_bet27,19.3408,19.3408,19.3408,24.1760,24.1760,4.000000,4.000000,4.000000,5.000000,5.000000,96.000000,96.000000,96.000000,95.000000,95.000000,5.0,106.3742,97.4416,377.1451,386.0777,PENDING_AG03,FALSE,NOT_FOR_ENFORCEMENT,464.1785,70789.7852,483.5193,464.1785,19.3408,0.00593162,0.00569435,19.3408,464.1785,0.00569435,19.3408,19.3408,19.3408,24.1760,24.1760,464.1785,0.00569435,106.3742,97.4416,377.1451,386.0777,0.00462666,0.00473624,0.00023726,7.1750,6.4906,0.0426,4.2045,0.0806,708.8314,98.7913,8.8300,6.6350,4.0407,4.4018,8.4329,14.3073,20.7715,40.8781,4.2012,0.0,4.718859,9.286678,1.630025,30,242,81,2,0.30276321,0.00593162,-0.00694385,0E-8,0.000000,0.904604,0.002289,0.01846642,2026-03-22,2026-08-06,115,6001,2406,138,0.833333,1.330819,1.230659,1.009211,,,,,,,,GLOBAL_BASELINE_NO_ENTITY_RANKING,,,NOT_APPLICABLE_GLOBAL_BASELINE,HF9g-P5,,,,X 全窗基线 · 不参与实体赏罚,8399572,840,A168_HF9F_20260827_0900,2026-08-27 09:00:00
2026-04-09,36810153,2216,0,15.8117766112,4.2164737629,4.2164737629,0.7500000,5,5,0.49860758000000000,0.498607580000,1.005573579286957,1.005573579286957,1.005573579286957,0E-17,ELIGIBLE,R03b_20260811_FULL_v1,L1_ELIGIBILITY,v2026-08-11,2026-03-21..2026-08-06,baccarat_bet02_101_all_pairs_incl_sentinel,round_win = game_pnl > 0 (decisive only),COMPATIBILITY_ONLY_NOT_PRODUCTION,81515.6139,73739.3596,483.5193,11361,11361,-0.00593162,0.00694385,-0.01152257,-0.00593162,-483.5193,81515.6139,OK,0.0000,19.3408,4.0000,96.0000,AG03-UNRESOLVED,ALL5_LEVELS_bet23_to_bet27,19.3408,19.3408,19.3408,24.1760,24.1760,4.000000,4.000000,4.000000,5.000000,5.000000,96.000000,96.000000,96.000000,95.000000,95.000000,5.0,106.3742,97.4416,377.1451,386.0777,PENDING_AG03,FALSE,NOT_FOR_ENFORCEMENT,464.1785,70789.7852,483.5193,464.1785,19.3408,0.00593162,0.00569435,19.3408,464.1785,0.00569435,19.3408,19.3408,19.3408,24.1760,24.1760,464.1785,0.00569435,106.3742,97.4416,377.1451,386.0777,0.00462666,0.00473624,0.00023726,7.1750,6.4906,0.0426,4.2045,0.0806,708.8314,98.7913,8.8300,6.6350,4.0407,4.4018,8.4329,14.3073,20.7715,40.8781,4.2012,0.0,4.718859,9.286678,1.630025,30,242,81,2,0.30276321,0.00593162,-0.00694385,0E-8,0.000000,0.904604,0.002289,0.01846642,2026-03-22,2026-08-06,115,6001,2406,138,0.833333,1.330819,1.230659,1.009211,,,,,,,,GLOBAL_BASELINE_NO_ENTITY_RANKING,,,NOT_APPLICABLE_GLOBAL_BASELINE,HF9g-P5,,,,X 全窗基线 · 不参与实体赏罚,8399573,840,A168_HF9F_20260827_0900,2026-08-27 09:00:00
2026-04-09,36810153,2224,0,6.7463580208,-1.8130837181,-1.8130837181,0.5000000,2,2,0.50665070000000000,0.506650700000,-0.018812684590367487,-0.018812684590367487,-0.018812684590367487,0E-17,ELIGIBLE,R03b_20260811_FULL_v1,L1_ELIGIBILITY,v2026-08-11,2026-03-21..2026-08-06,baccarat_bet02_101_all_pairs_incl_sentinel,round_win = game_pnl > 0 (decisive only),COMPATIBILITY_ONLY_NOT_PRODUCTION,81515.6139,73739.3596,483.5193,11361,11361,-0.00593162,0.00694385,-0.01152257,-0.00593162,-483.5193,81515.6139,OK,0.0000,19.3408,4.0000,96.0000,AG03-UNRESOLVED,ALL5_LEVELS_bet23_to_bet27,19.3408,19.3408,19.3408,24.1760,24.1760,4.000000,4.000000,4.000000,5.000000,5.000000,96.000000,96.000000,96.000000,95.000000,95.000000,5.0,106.3742,97.4416,377.1451,386.0777,PENDING_AG03,FALSE,NOT_FOR_ENFORCEMENT,464.1785,70789.7852,483.5193,464.1785,19.3408,0.00593162,0.00569435,19.3408,464.1785,0.00569435,19.3408,19.3408,19.3408,24.1760,24.1760,464.1785,0.00569435,106.3742,97.4416,377.1451,386.0777,0.00462666,0.00473624,0.00023726,7.1750,6.4906,0.0426,4.2045,0.0806,708.8314,98.7913,8.8300,6.6350,4.0407,4.4018,8.4329,14.3073,20.7715,40.8781,4.2012,0.0,4.718859,9.286678,1.630025,30,242,81,2,0.30276321,0.00593162,-0.00694385,0E-8,0.000000,0.904604,0.002289,0.01846642,2026-03-22,2026-08-06,115,6001,2406,138,0.833333,1.330819,1.230659,1.009211,,,,,,,,GLOBAL_BASELINE_NO_ENTITY_RANKING,,,NOT_APPLICABLE_GLOBAL_BASELINE,HF9g-P5,,,,X 全窗基线 · 不参与实体赏罚,8399574,840,A168_HF9F_20260827_0900,2026-08-27 09:00:00
2026-04-09,36810153,2248,0,2.1082368815,2.1082368815,2.1082368815,1.0000000,1,1,0.49324550000000000,0.493245500000,1.01360149184955,1.01360149184955,1.01360149184955,0E-17,ELIGIBLE,R03b_20260811_FULL_v1,L1_ELIGIBILITY,v2026-08-11,2026-03-21..2026-08-06,baccarat_bet02_101_all_pairs_incl_sentinel,round_win = game_pnl > 0 (decisive only),COMPATIBILITY_ONLY_NOT_PRODUCTION,81515.6139,73739.3596,483.5193,11361,11361,-0.00593162,0.00694385,-0.01152257,-0.00593162,-483.5193,81515.6139,OK,0.0000,19.3408,4.0000,96.0000,AG03-UNRESOLVED,ALL5_LEVELS_bet23_to_bet27,19.3408,19.3408,19.3408,24.1760,24.1760,4.000000,4.000000,4.000000,5.000000,5.000000,96.000000,96.000000,96.000000,95.000000,95.000000,5.0,106.3742,97.4416,377.1451,386.0777,PENDING_AG03,FALSE,NOT_FOR_ENFORCEMENT,464.1785,70789.7852,483.5193,464.1785,19.3408,0.00593162,0.00569435,19.3408,464.1785,0.00569435,19.3408,19.3408,19.3408,24.1760,24.1760,464.1785,0.00569435,106.3742,97.4416,377.1451,386.0777,0.00462666,0.00473624,0.00023726,7.1750,6.4906,0.0426,4.2045,0.0806,708.8314,98.7913,8.8300,6.6350,4.0407,4.4018,8.4329,14.3073,20.7715,40.8781,4.2012,0.0,4.718859,9.286678,1.630025,30,242,81,2,0.30276321,0.00593162,-0.00694385,0E-8,0.000000,0.904604,0.002289,0.01846642,2026-03-22,2026-08-06,115,6001,2406,138,0.833333,1.330819,1.230659,1.009211,,,,,,,,GLOBAL_BASELINE_NO_ENTITY_RANKING,,,NOT_APPLICABLE_GLOBAL_BASELINE,HF9g-P5,,,,X 全窗基线 · 不参与实体赏罚,8399575,840,A168_HF9F_20260827_0900,2026-08-27 09:00:00
2026-04-09,36810153,2267,0,22.1364872557,-11.5953028482,-11.5953028482,0E-7,5,5,0.50128862000000000,0.501288620000,-1.736520485330431,-1.736520485330431,-1.736520485330431,0E-17,ELIGIBLE,R03b_20260811_FULL_v1,L1_ELIGIBILITY,v2026-08-11,2026-03-21..2026-08-06,baccarat_bet02_101_all_pairs_incl_sentinel,round_win = game_pnl > 0 (decisive only),COMPATIBILITY_ONLY_NOT_PRODUCTION,81515.6139,73739.3596,483.5193,11361,11361,-0.00593162,0.00694385,-0.01152257,-0.00593162,-483.5193,81515.6139,OK,0.0000,19.3408,4.0000,96.0000,AG03-UNRESOLVED,ALL5_LEVELS_bet23_to_bet27,19.3408,19.3408,19.3408,24.1760,24.1760,4.000000,4.000000,4.000000,5.000000,5.000000,96.000000,96.000000,96.000000,95.000000,95.000000,5.0,106.3742,97.4416,377.1451,386.0777,PENDING_AG03,FALSE,NOT_FOR_ENFORCEMENT,464.1785,70789.7852,483.5193,464.1785,19.3408,0.00593162,0.00569435,19.3408,464.1785,0.00569435,19.3408,19.3408,19.3408,24.1760,24.1760,464.1785,0.00569435,106.3742,97.4416,377.1451,386.0777,0.00462666,0.00473624,0.00023726,7.1750,6.4906,0.0426,4.2045,0.0806,708.8314,98.7913,8.8300,6.6350,4.0407,4.4018,8.4329,14.3073,20.7715,40.8781,4.2012,0.0,4.718859,9.286678,1.630025,30,242,81,2,0.30276321,0.00593162,-0.00694385,0E-8,0.000000,0.904604,0.002289,0.01846642,2026-03-22,2026-08-06,115,6001,2406,138,0.833333,1.330819,1.230659,1.009211,,,,,,,,GLOBAL_BASELINE_NO_ENTITY_RANKING,,,NOT_APPLICABLE_GLOBAL_BASELINE,HF9g-P5,,,,X 全窗基线 · 不参与实体赏罚,8399576,840,A168_HF9F_20260827_0900,2026-08-27 09:00:00
2026-04-09,36810153,772,0,2.1082368815,-2.1082368815,-2.1082368815,0E-7,1,1,0.49324550000000000,0.493245500000,-0.9865810262130424,-0.9865810262130424,-0.9865810262130424,0E-17,ELIGIBLE,R03b_20260811_FULL_v1,L1_ELIGIBILITY,v2026-08-11,2026-03-21..2026-08-06,baccarat_bet02_101_all_pairs_incl_sentinel,round_win = game_pnl > 0 (decisive only),COMPATIBILITY_ONLY_NOT_PRODUCTION,81515.6139,73739.3596,483.5193,11361,11361,-0.00593162,0.00694385,-0.01152257,-0.00593162,-483.5193,81515.6139,OK,0.0000,19.3408,4.0000,96.0000,AG03-UNRESOLVED,ALL5_LEVELS_bet23_to_bet27,19.3408,19.3408,19.3408,24.1760,24.1760,4.000000,4.000000,4.000000,5.000000,5.000000,96.000000,96.000000,96.000000,95.000000,95.000000,5.0,106.3742,97.4416,377.1451,386.0777,PENDING_AG03,FALSE,NOT_FOR_ENFORCEMENT,464.1785,70789.7852,483.5193,464.1785,19.3408,0.00593162,0.00569435,19.3408,464.1785,0.00569435,19.3408,19.3408,19.3408,24.1760,24.1760,464.1785,0.00569435,106.3742,97.4416,377.1451,386.0777,0.00462666,0.00473624,0.00023726,7.1750,6.4906,0.0426,4.2045,0.0806,708.8314,98.7913,8.8300,6.6350,4.0407,4.4018,8.4329,14.3073,20.7715,40.8781,4.2012,0.0,4.718859,9.286678,1.630025,30,242,81,2,0.30276321,0.00593162,-0.00694385,0E-8,0.000000,0.904604,0.002289,0.01846642,2026-03-22,2026-08-06,115,6001,2406,138,0.833333,1.330819,1.230659,1.009211,,,,,,,,GLOBAL_BASELINE_NO_ENTITY_RANKING,,,NOT_APPLICABLE_GLOBAL_BASELINE,HF9g-P5,,,,X 全窗基线 · 不参与实体赏罚,8399577,840,A168_HF9F_20260827_0900,2026-08-27 09:00:00
2026-04-09,36810153,789,0,21.0823688150,12.4385976008,12.4385976008,0.7777778,9,9,0.49622443333333333,0.496224433333,1.6893682309159903,1.6893682309179987,1.6893682309159903,3.3333E-13,ELIGIBLE,R03b_20260811_FULL_v1,L1_ELIGIBILITY,v2026-08-11,2026-03-21..2026-08-06,baccarat_bet02_101_all_pairs_incl_sentinel,round_win = game_pnl > 0 (decisive only),COMPATIBILITY_ONLY_NOT_PRODUCTION,81515.6139,73739.3596,483.5193,11361,11361,-0.00593162,0.00694385,-0.01152257,-0.00593162,-483.5193,81515.6139,OK,0.0000,19.3408,4.0000,96.0000,AG03-UNRESOLVED,ALL5_LEVELS_bet23_to_bet27,19.3408,19.3408,19.3408,24.1760,24.1760,4.000000,4.000000,4.000000,5.000000,5.000000,96.000000,96.000000,96.000000,95.000000,95.000000,5.0,106.3742,97.4416,377.1451,386.0777,PENDING_AG03,FALSE,NOT_FOR_ENFORCEMENT,464.1785,70789.7852,483.5193,464.1785,19.3408,0.00593162,0.00569435,19.3408,464.1785,0.00569435,19.3408,19.3408,19.3408,24.1760,24.1760,464.1785,0.00569435,106.3742,97.4416,377.1451,386.0777,0.00462666,0.00473624,0.00023726,7.1750,6.4906,0.0426,4.2045,0.0806,708.8314,98.7913,8.8300,6.6350,4.0407,4.4018,8.4329,14.3073,20.7715,40.8781,4.2012,0.0,4.718859,9.286678,1.630025,30,242,81,2,0.30276321,0.00593162,-0.00694385,0E-8,0.000000,0.904604,0.002289,0.01846642,2026-03-22,2026-08-06,115,6001,2406,138,0.833333,1.330819,1.230659,1.009211,,,,,,,,GLOBAL_BASELINE_NO_ENTITY_RANKING,,,NOT_APPLICABLE_GLOBAL_BASELINE,HF9g-P5,,,,X 全窗基线 · 不参与实体赏罚,8399578,840,A168_HF9F_20260827_0900,2026-08-27 09:00:00
2026-04-09,36810153,919,0,48.0678008980,16.1174709590,16.1174709590,0.7500000,10,10,0.50262914000000000,0.502629140000,1.3993602465368686,1.3993602465368686,1.3993602465368686,0E-17,ELIGIBLE,R03b_20260811_FULL_v1,L1_ELIGIBILITY,v2026-08-11,2026-03-21..2026-08-06,baccarat_bet02_101_all_pairs_incl_sentinel,round_win = game_pnl > 0 (decisive only),COMPATIBILITY_ONLY_NOT_PRODUCTION,81515.6139,73739.3596,483.5193,11361,11361,-0.00593162,0.00694385,-0.01152257,-0.00593162,-483.5193,81515.6139,OK,0.0000,19.3408,4.0000,96.0000,AG03-UNRESOLVED,ALL5_LEVELS_bet23_to_bet27,19.3408,19.3408,19.3408,24.1760,24.1760,4.000000,4.000000,4.000000,5.000000,5.000000,96.000000,96.000000,96.000000,95.000000,95.000000,5.0,106.3742,97.4416,377.1451,386.0777,PENDING_AG03,FALSE,NOT_FOR_ENFORCEMENT,464.1785,70789.7852,483.5193,464.1785,19.3408,0.00593162,0.00569435,19.3408,464.1785,0.00569435,19.3408,19.3408,19.3408,24.1760,24.1760,464.1785,0.00569435,106.3742,97.4416,377.1451,386.0777,0.00462666,0.00473624,0.00023726,7.1750,6.4906,0.0426,4.2045,0.0806,708.8314,98.7913,8.8300,6.6350,4.0407,4.4018,8.4329,14.3073,20.7715,40.8781,4.2012,0.0,4.718859,9.286678,1.630025,30,242,81,2,0.30276321,0.00593162,-0.00694385,0E-8,0.000000,0.904604,0.002289,0.01846642,2026-03-22,2026-08-06,115,6001,2406,138,0.833333,1.330819,1.230659,1.009211,,,,,,,,GLOBAL_BASELINE_NO_ENTITY_RANKING,,,NOT_APPLICABLE_GLOBAL_BASELINE,HF9g-P5,,,,X 全窗基线 · 不参与实体赏罚,8399579,840,A168_HF9F_20260827_0900,2026-08-27 09:00:00
2026-04-09,36810153,987,0,2.1082368815,0E-10,0E-10,,1,1,0.50665070000000000,0.506650700000,,,,0E-17,NO_DECISIVE_ROUND,R03b_20260811_FULL_v1,L1_ELIGIBILITY,v2026-08-11,2026-03-21..2026-08-06,baccarat_bet02_101_all_pairs_incl_sentinel,round_win = game_pnl > 0 (decisive only),COMPATIBILITY_ONLY_NOT_PRODUCTION,81515.6139,73739.3596,483.5193,11361,11361,-0.00593162,0.00694385,-0.01152257,-0.00593162,-483.5193,81515.6139,OK,0.0000,19.3408,4.0000,96.0000,AG03-UNRESOLVED,ALL5_LEVELS_bet23_to_bet27,19.3408,19.3408,19.3408,24.1760,24.1760,4.000000,4.000000,4.000000,5.000000,5.000000,96.000000,96.000000,96.000000,95.000000,95.000000,5.0,106.3742,97.4416,377.1451,386.0777,PENDING_AG03,FALSE,NOT_FOR_ENFORCEMENT,464.1785,70789.7852,483.5193,464.1785,19.3408,0.00593162,0.00569435,19.3408,464.1785,0.00569435,19.3408,19.3408,19.3408,24.1760,24.1760,464.1785,0.00569435,106.3742,97.4416,377.1451,386.0777,0.00462666,0.00473624,0.00023726,7.1750,6.4906,0.0426,4.2045,0.0806,708.8314,98.7913,8.8300,6.6350,4.0407,4.4018,8.4329,14.3073,20.7715,40.8781,4.2012,0.0,4.718859,9.286678,1.630025,30,242,81,2,0.30276321,0.00593162,-0.00694385,0E-8,0.000000,0.904604,0.002289,0.01846642,2026-03-22,2026-08-06,115,6001,2406,138,0.833333,1.330819,1.230659,1.009211,,,,,,,,GLOBAL_BASELINE_NO_ENTITY_RANKING,,,NOT_APPLICABLE_GLOBAL_BASELINE,HF9g-P5,,,,X 全窗基线 · 不参与实体赏罚,8399580,840,A168_HF9F_20260827_0900,2026-08-27 09:00:00
2026-04-10,36810153,-1,1,42.1647376300,-9.0654185905,-9.0654185905,0.3333333,7,7,0.50665070000000000,0.506650700000,-0.8491533462951141,-0.8491533462951141,-0.8491533462951141,0E-17,SENTINEL_DEALER,R03b_20260811_FULL_v1,L1_ELIGIBILITY,v2026-08-11,2026-03-21..2026-08-06,baccarat_bet02_101_all_pairs_incl_sentinel,round_win = game_pnl > 0 (decisive only),COMPATIBILITY_ONLY_NOT_PRODUCTION,81515.6139,73739.3596,483.5193,11361,11361,-0.00593162,0.00694385,-0.01152257,-0.00593162,-483.5193,81515.6139,OK,0.0000,19.3408,4.0000,96.0000,AG03-UNRESOLVED,ALL5_LEVELS_bet23_to_bet27,19.3408,19.3408,19.3408,24.1760,24.1760,4.000000,4.000000,4.000000,5.000000,5.000000,96.000000,96.000000,96.000000,95.000000,95.000000,5.0,106.3742,97.4416,377.1451,386.0777,PENDING_AG03,FALSE,NOT_FOR_ENFORCEMENT,464.1785,70789.7852,483.5193,464.1785,19.3408,0.00593162,0.00569435,19.3408,464.1785,0.00569435,19.3408,19.3408,19.3408,24.1760,24.1760,464.1785,0.00569435,106.3742,97.4416,377.1451,386.0777,0.00462666,0.00473624,0.00023726,7.1750,6.4906,0.0426,4.2045,0.0806,708.8314,98.7913,8.8300,6.6350,4.0407,4.4018,8.4329,14.3073,20.7715,40.8781,4.2012,0.0,4.718859,9.286678,1.630025,30,242,81,2,0.30276321,0.00593162,-0.00694385,0E-8,0.000000,0.904604,0.002289,0.01846642,2026-03-22,2026-08-06,115,6001,2406,138,0.833333,1.330819,1.230659,1.009211,,,,,,,,GLOBAL_BASELINE_NO_ENTITY_RANKING,,,NOT_APPLICABLE_GLOBAL_BASELINE,HF9g-P5,,,,X 全窗基线 · 不参与实体赏罚,8399581,840,A168_HF9F_20260827_0900,2026-08-27 09:00:00
2026-04-10,36810153,1205,0,4.2164737630,-4.2164737630,-4.2164737630,0E-7,1,1,0.50665070000000000,0.506650700000,-1.013391052207602,-1.013391052207602,-1.013391052207602,0E-17,ELIGIBLE,R03b_20260811_FULL_v1,L1_ELIGIBILITY,v2026-08-11,2026-03-21..2026-08-06,baccarat_bet02_101_all_pairs_incl_sentinel,round_win = game_pnl > 0 (decisive only),COMPATIBILITY_ONLY_NOT_PRODUCTION,81515.6139,73739.3596,483.5193,11361,11361,-0.00593162,0.00694385,-0.01152257,-0.00593162,-483.5193,81515.6139,OK,0.0000,19.3408,4.0000,96.0000,AG03-UNRESOLVED,ALL5_LEVELS_bet23_to_bet27,19.3408,19.3408,19.3408,24.1760,24.1760,4.000000,4.000000,4.000000,5.000000,5.000000,96.000000,96.000000,96.000000,95.000000,95.000000,5.0,106.3742,97.4416,377.1451,386.0777,PENDING_AG03,FALSE,NOT_FOR_ENFORCEMENT,464.1785,70789.7852,483.5193,464.1785,19.3408,0.00593162,0.00569435,19.3408,464.1785,0.00569435,19.3408,19.3408,19.3408,24.1760,24.1760,464.1785,0.00569435,106.3742,97.4416,377.1451,386.0777,0.00462666,0.00473624,0.00023726,7.1750,6.4906,0.0426,4.2045,0.0806,708.8314,98.7913,8.8300,6.6350,4.0407,4.4018,8.4329,14.3073,20.7715,40.8781,4.2012,0.0,4.718859,9.286678,1.630025,30,242,81,2,0.30276321,0.00593162,-0.00694385,0E-8,0.000000,0.904604,0.002289,0.01846642,2026-03-22,2026-08-06,115,6001,2406,138,0.833333,1.330819,1.230659,1.009211,,,,,,,,GLOBAL_BASELINE_NO_ENTITY_RANKING,,,NOT_APPLICABLE_GLOBAL_BASELINE,HF9g-P5,,,,X 全窗基线 · 不参与实体赏罚,8399582,840,A168_HF9F_20260827_0900,2026-08-27 09:00:00
2026-04-10,36810153,1382,0,4.2164737630,-4.2164737630,-4.2164737630,0E-7,1,1,0.50665070000000000,0.506650700000,-1.013391052207602,-1.013391052207602,-1.013391052207602,0E-17,ELIGIBLE,R03b_20260811_FULL_v1,L1_ELIGIBILITY,v2026-08-11,2026-03-21..2026-08-06,baccarat_bet02_101_all_pairs_incl_sentinel,round_win = game_pnl > 0 (decisive only),COMPATIBILITY_ONLY_NOT_PRODUCTION,81515.6139,73739.3596,483.5193,11361,11361,-0.00593162,0.00694385,-0.01152257,-0.00593162,-483.5193,81515.6139,OK,0.0000,19.3408,4.0000,96.0000,AG03-UNRESOLVED,ALL5_LEVELS_bet23_to_bet27,19.3408,19.3408,19.3408,24.1760,24.1760,4.000000,4.000000,4.000000,5.000000,5.000000,96.000000,96.000000,96.000000,95.000000,95.000000,5.0,106.3742,97.4416,377.1451,386.0777,PENDING_AG03,FALSE,NOT_FOR_ENFORCEMENT,464.1785,70789.7852,483.5193,464.1785,19.3408,0.00593162,0.00569435,19.3408,464.1785,0.00569435,19.3408,19.3408,19.3408,24.1760,24.1760,464.1785,0.00569435,106.3742,97.4416,377.1451,386.0777,0.00462666,0.00473624,0.00023726,7.1750,6.4906,0.0426,4.2045,0.0806,708.8314,98.7913,8.8300,6.6350,4.0407,4.4018,8.4329,14.3073,20.7715,40.8781,4.2012,0.0,4.718859,9.286678,1.630025,30,242,81,2,0.30276321,0.00593162,-0.00694385,0E-8,0.000000,0.904604,0.002289,0.01846642,2026-03-22,2026-08-06,115,6001,2406,138,0.833333,1.330819,1.230659,1.009211,,,,,,,,GLOBAL_BASELINE_NO_ENTITY_RANKING,,,NOT_APPLICABLE_GLOBAL_BASELINE,HF9g-P5,,,,X 全窗基线 · 不参与实体赏罚,8399583,840,A168_HF9F_20260827_0900,2026-08-27 09:00:00
2026-04-10,36810153,1383,0,29.0936689646,-1.0119537032,-1.0119537032,0.6000000,6,6,0.49994810000000000,0.499948100000,0.44744570176651083,0.44744570176651083,0.44744570176651083,0E-17,ELIGIBLE,R03b_20260811_FULL_v1,L1_ELIGIBILITY,v2026-08-11,2026-03-21..2026-08-06,baccarat_bet02_101_all_pairs_incl_sentinel,round_win = game_pnl > 0 (decisive only),COMPATIBILITY_ONLY_NOT_PRODUCTION,81515.6139,73739.3596,483.5193,11361,11361,-0.00593162,0.00694385,-0.01152257,-0.00593162,-483.5193,81515.6139,OK,0.0000,19.3408,4.0000,96.0000,AG03-UNRESOLVED,ALL5_LEVELS_bet23_to_bet27,19.3408,19.3408,19.3408,24.1760,24.1760,4.000000,4.000000,4.000000,5.000000,5.000000,96.000000,96.000000,96.000000,95.000000,95.000000,5.0,106.3742,97.4416,377.1451,386.0777,PENDING_AG03,FALSE,NOT_FOR_ENFORCEMENT,464.1785,70789.7852,483.5193,464.1785,19.3408,0.00593162,0.00569435,19.3408,464.1785,0.00569435,19.3408,19.3408,19.3408,24.1760,24.1760,464.1785,0.00569435,106.3742,97.4416,377.1451,386.0777,0.00462666,0.00473624,0.00023726,7.1750,6.4906,0.0426,4.2045,0.0806,708.8314,98.7913,8.8300,6.6350,4.0407,4.4018,8.4329,14.3073,20.7715,40.8781,4.2012,0.0,4.718859,9.286678,1.630025,30,242,81,2,0.30276321,0.00593162,-0.00694385,0E-8,0.000000,0.904604,0.002289,0.01846642,2026-03-22,2026-08-06,115,6001,2406,138,0.833333,1.330819,1.230659,1.009211,,,,,,,,GLOBAL_BASELINE_NO_ENTITY_RANKING,,,NOT_APPLICABLE_GLOBAL_BASELINE,HF9g-P5,,,,X 全窗基线 · 不参与实体赏罚,8399584,840,A168_HF9F_20260827_0900,2026-08-27 09:00:00
2026-04-10,36810153,1396,0,4.2164737630,-4.2164737630,-4.2164737630,0E-7,1,1,0.50665070000000000,0.506650700000,-1.013391052207602,-1.013391052207602,-1.013391052207602,0E-17,ELIGIBLE,R03b_20260811_FULL_v1,L1_ELIGIBILITY,v2026-08-11,2026-03-21..2026-08-06,baccarat_bet02_101_all_pairs_incl_sentinel,round_win = game_pnl > 0 (decisive only),COMPATIBILITY_ONLY_NOT_PRODUCTION,81515.6139,73739.3596,483.5193,11361,11361,-0.00593162,0.00694385,-0.01152257,-0.00593162,-483.5193,81515.6139,OK,0.0000,19.3408,4.0000,96.0000,AG03-UNRESOLVED,ALL5_LEVELS_bet23_to_bet27,19.3408,19.3408,19.3408,24.1760,24.1760,4.000000,4.000000,4.000000,5.000000,5.000000,96.000000,96.000000,96.000000,95.000000,95.000000,5.0,106.3742,97.4416,377.1451,386.0777,PENDING_AG03,FALSE,NOT_FOR_ENFORCEMENT,464.1785,70789.7852,483.5193,464.1785,19.3408,0.00593162,0.00569435,19.3408,464.1785,0.00569435,19.3408,19.3408,19.3408,24.1760,24.1760,464.1785,0.00569435,106.3742,97.4416,377.1451,386.0777,0.00462666,0.00473624,0.00023726,7.1750,6.4906,0.0426,4.2045,0.0806,708.8314,98.7913,8.8300,6.6350,4.0407,4.4018,8.4329,14.3073,20.7715,40.8781,4.2012,0.0,4.718859,9.286678,1.630025,30,242,81,2,0.30276321,0.00593162,-0.00694385,0E-8,0.000000,0.904604,0.002289,0.01846642,2026-03-22,2026-08-06,115,6001,2406,138,0.833333,1.330819,1.230659,1.009211,,,,,,,,GLOBAL_BASELINE_NO_ENTITY_RANKING,,,NOT_APPLICABLE_GLOBAL_BASELINE,HF9g-P5,,,,X 全窗基线 · 不参与实体赏罚,8399585,840,A168_HF9F_20260827_0900,2026-08-27 09:00:00
2026-04-10,36810153,1405,0,8.8545949022,4.2059325786,4.2059325786,1.0000000,2,2,0.50665070000000000,0.506650700000,0.9867858985152569,0.9867858985152569,0.9867858985152569,0E-17,ELIGIBLE,R03b_20260811_FULL_v1,L1_ELIGIBILITY,v2026-08-11,2026-03-21..2026-08-06,baccarat_bet02_101_all_pairs_incl_sentinel,round_win = game_pnl > 0 (decisive only),COMPATIBILITY_ONLY_NOT_PRODUCTION,81515.6139,73739.3596,483.5193,11361,11361,-0.00593162,0.00694385,-0.01152257,-0.00593162,-483.5193,81515.6139,OK,0.0000,19.3408,4.0000,96.0000,AG03-UNRESOLVED,ALL5_LEVELS_bet23_to_bet27,19.3408,19.3408,19.3408,24.1760,24.1760,4.000000,4.000000,4.000000,5.000000,5.000000,96.000000,96.000000,96.000000,95.000000,95.000000,5.0,106.3742,97.4416,377.1451,386.0777,PENDING_AG03,FALSE,NOT_FOR_ENFORCEMENT,464.1785,70789.7852,483.5193,464.1785,19.3408,0.00593162,0.00569435,19.3408,464.1785,0.00569435,19.3408,19.3408,19.3408,24.1760,24.1760,464.1785,0.00569435,106.3742,97.4416,377.1451,386.0777,0.00462666,0.00473624,0.00023726,7.1750,6.4906,0.0426,4.2045,0.0806,708.8314,98.7913,8.8300,6.6350,4.0407,4.4018,8.4329,14.3073,20.7715,40.8781,4.2012,0.0,4.718859,9.286678,1.630025,30,242,81,2,0.30276321,0.00593162,-0.00694385,0E-8,0.000000,0.904604,0.002289,0.01846642,2026-03-22,2026-08-06,115,6001,2406,138,0.833333,1.330819,1.230659,1.009211,,,,,,,,GLOBAL_BASELINE_NO_ENTITY_RANKING,,,NOT_APPLICABLE_GLOBAL_BASELINE,HF9g-P5,,,,X 全窗基线 · 不参与实体赏罚,8399586,840,A168_HF9F_20260827_0900,2026-08-27 09:00:00
2026-04-10,36810153,1623,0,8.4329475260,8.0113001497,8.0113001497,1.0000000,1,1,0.50665070000000000,0.506650700000,0.9867858985152569,0.9867858985152569,0.9867858985152569,0E-17,ELIGIBLE,R03b_20260811_FULL_v1,L1_ELIGIBILITY,v2026-08-11,2026-03-21..2026-08-06,baccarat_bet02_101_all_pairs_incl_sentinel,round_win = game_pnl > 0 (decisive only),COMPATIBILITY_ONLY_NOT_PRODUCTION,81515.6139,73739.3596,483.5193,11361,11361,-0.00593162,0.00694385,-0.01152257,-0.00593162,-483.5193,81515.6139,OK,0.0000,19.3408,4.0000,96.0000,AG03-UNRESOLVED,ALL5_LEVELS_bet23_to_bet27,19.3408,19.3408,19.3408,24.1760,24.1760,4.000000,4.000000,4.000000,5.000000,5.000000,96.000000,96.000000,96.000000,95.000000,95.000000,5.0,106.3742,97.4416,377.1451,386.0777,PENDING_AG03,FALSE,NOT_FOR_ENFORCEMENT,464.1785,70789.7852,483.5193,464.1785,19.3408,0.00593162,0.00569435,19.3408,464.1785,0.00569435,19.3408,19.3408,19.3408,24.1760,24.1760,464.1785,0.00569435,106.3742,97.4416,377.1451,386.0777,0.00462666,0.00473624,0.00023726,7.1750,6.4906,0.0426,4.2045,0.0806,708.8314,98.7913,8.8300,6.6350,4.0407,4.4018,8.4329,14.3073,20.7715,40.8781,4.2012,0.0,4.718859,9.286678,1.630025,30,242,81,2,0.30276321,0.00593162,-0.00694385,0E-8,0.000000,0.904604,0.002289,0.01846642,2026-03-22,2026-08-06,115,6001,2406,138,0.833333,1.330819,1.230659,1.009211,,,,,,,,GLOBAL_BASELINE_NO_ENTITY_RANKING,,,NOT_APPLICABLE_GLOBAL_BASELINE,HF9g-P5,,,,X 全窗基线 · 不参与实体赏罚,8399587,840,A168_HF9F_20260827_0900,2026-08-27 09:00:00
2026-04-10,36810153,1654,0,5.6922395800,5.4076276010,5.4076276010,1.0000000,1,1,0.50665070000000000,0.506650700000,0.9867858985152569,0.9867858985152569,0.9867858985152569,0E-17,ELIGIBLE,R03b_20260811_FULL_v1,L1_ELIGIBILITY,v2026-08-11,2026-03-21..2026-08-06,baccarat_bet02_101_all_pairs_incl_sentinel,round_win = game_pnl > 0 (decisive only),COMPATIBILITY_ONLY_NOT_PRODUCTION,81515.6139,73739.3596,483.5193,11361,11361,-0.00593162,0.00694385,-0.01152257,-0.00593162,-483.5193,81515.6139,OK,0.0000,19.3408,4.0000,96.0000,AG03-UNRESOLVED,ALL5_LEVELS_bet23_to_bet27,19.3408,19.3408,19.3408,24.1760,24.1760,4.000000,4.000000,4.000000,5.000000,5.000000,96.000000,96.000000,96.000000,95.000000,95.000000,5.0,106.3742,97.4416,377.1451,386.0777,PENDING_AG03,FALSE,NOT_FOR_ENFORCEMENT,464.1785,70789.7852,483.5193,464.1785,19.3408,0.00593162,0.00569435,19.3408,464.1785,0.00569435,19.3408,19.3408,19.3408,24.1760,24.1760,464.1785,0.00569435,106.3742,97.4416,377.1451,386.0777,0.00462666,0.00473624,0.00023726,7.1750,6.4906,0.0426,4.2045,0.0806,708.8314,98.7913,8.8300,6.6350,4.0407,4.4018,8.4329,14.3073,20.7715,40.8781,4.2012,0.0,4.718859,9.286678,1.630025,30,242,81,2,0.30276321,0.00593162,-0.00694385,0E-8,0.000000,0.904604,0.002289,0.01846642,2026-03-22,2026-08-06,115,6001,2406,138,0.833333,1.330819,1.230659,1.009211,,,,,,,,GLOBAL_BASELINE_NO_ENTITY_RANKING,,,NOT_APPLICABLE_GLOBAL_BASELINE,HF9g-P5,,,,X 全窗基线 · 不参与实体赏罚,8399588,840,A168_HF9F_20260827_0900,2026-08-27 09:00:00
2026-04-10,36810153,1704,0,28.8828452765,11.1736554719,11.1736554719,0.7142857,8,8,0.49994810000000000,0.499948100000,1.134168054123783,1.134168054123783,1.134168054123783,0E-17,ELIGIBLE,R03b_20260811_FULL_v1,L1_ELIGIBILITY,v2026-08-11,2026-03-21..2026-08-06,baccarat_bet02_101_all_pairs_incl_sentinel,round_win = game_pnl > 0 (decisive only),COMPATIBILITY_ONLY_NOT_PRODUCTION,81515.6139,73739.3596,483.5193,11361,11361,-0.00593162,0.00694385,-0.01152257,-0.00593162,-483.5193,81515.6139,OK,0.0000,19.3408,4.0000,96.0000,AG03-UNRESOLVED,ALL5_LEVELS_bet23_to_bet27,19.3408,19.3408,19.3408,24.1760,24.1760,4.000000,4.000000,4.000000,5.000000,5.000000,96.000000,96.000000,96.000000,95.000000,95.000000,5.0,106.3742,97.4416,377.1451,386.0777,PENDING_AG03,FALSE,NOT_FOR_ENFORCEMENT,464.1785,70789.7852,483.5193,464.1785,19.3408,0.00593162,0.00569435,19.3408,464.1785,0.00569435,19.3408,19.3408,19.3408,24.1760,24.1760,464.1785,0.00569435,106.3742,97.4416,377.1451,386.0777,0.00462666,0.00473624,0.00023726,7.1750,6.4906,0.0426,4.2045,0.0806,708.8314,98.7913,8.8300,6.6350,4.0407,4.4018,8.4329,14.3073,20.7715,40.8781,4.2012,0.0,4.718859,9.286678,1.630025,30,242,81,2,0.30276321,0.00593162,-0.00694385,0E-8,0.000000,0.904604,0.002289,0.01846642,2026-03-22,2026-08-06,115,6001,2406,138,0.833333,1.330819,1.230659,1.009211,,,,,,,,GLOBAL_BASELINE_NO_ENTITY_RANKING,,,NOT_APPLICABLE_GLOBAL_BASELINE,HF9g-P5,,,,X 全窗基线 · 不参与实体赏罚,8399589,840,A168_HF9F_20260827_0900,2026-08-27 09:00:00
2026-04-10,36810153,1750,0,1.2649421289,1.2016950225,1.2016950225,1.0000000,1,1,0.50665070000000000,0.506650700000,0.9867858985152569,0.9867858985152569,0.9867858985152569,0E-17,ELIGIBLE,R03b_20260811_FULL_v1,L1_ELIGIBILITY,v2026-08-11,2026-03-21..2026-08-06,baccarat_bet02_101_all_pairs_incl_sentinel,round_win = game_pnl > 0 (decisive only),COMPATIBILITY_ONLY_NOT_PRODUCTION,81515.6139,73739.3596,483.5193,11361,11361,-0.00593162,0.00694385,-0.01152257,-0.00593162,-483.5193,81515.6139,OK,0.0000,19.3408,4.0000,96.0000,AG03-UNRESOLVED,ALL5_LEVELS_bet23_to_bet27,19.3408,19.3408,19.3408,24.1760,24.1760,4.000000,4.000000,4.000000,5.000000,5.000000,96.000000,96.000000,96.000000,95.000000,95.000000,5.0,106.3742,97.4416,377.1451,386.0777,PENDING_AG03,FALSE,NOT_FOR_ENFORCEMENT,464.1785,70789.7852,483.5193,464.1785,19.3408,0.00593162,0.00569435,19.3408,464.1785,0.00569435,19.3408,19.3408,19.3408,24.1760,24.1760,464.1785,0.00569435,106.3742,97.4416,377.1451,386.0777,0.00462666,0.00473624,0.00023726,7.1750,6.4906,0.0426,4.2045,0.0806,708.8314,98.7913,8.8300,6.6350,4.0407,4.4018,8.4329,14.3073,20.7715,40.8781,4.2012,0.0,4.718859,9.286678,1.630025,30,242,81,2,0.30276321,0.00593162,-0.00694385,0E-8,0.000000,0.904604,0.002289,0.01846642,2026-03-22,2026-08-06,115,6001,2406,138,0.833333,1.330819,1.230659,1.009211,,,,,,,,GLOBAL_BASELINE_NO_ENTITY_RANKING,,,NOT_APPLICABLE_GLOBAL_BASELINE,HF9g-P5,,,,X 全窗基线 · 不参与实体赏罚,8399590,840,A168_HF9F_20260827_0900,2026-08-27 09:00:00
2026-04-10,36810153,1951,0,12.6494212890,12.4385976008,12.4385976008,1.0000000,2,2,0.49994810000000000,0.499948100000,1.4143603653603398,1.4143603653603398,1.4143603653603398,0E-17,ELIGIBLE,R03b_20260811_FULL_v1,L1_ELIGIBILITY,v2026-08-11,2026-03-21..2026-08-06,baccarat_bet02_101_all_pairs_incl_sentinel,round_win = game_pnl > 0 (decisive only),COMPATIBILITY_ONLY_NOT_PRODUCTION,81515.6139,73739.3596,483.5193,11361,11361,-0.00593162,0.00694385,-0.01152257,-0.00593162,-483.5193,81515.6139,OK,0.0000,19.3408,4.0000,96.0000,AG03-UNRESOLVED,ALL5_LEVELS_bet23_to_bet27,19.3408,19.3408,19.3408,24.1760,24.1760,4.000000,4.000000,4.000000,5.000000,5.000000,96.000000,96.000000,96.000000,95.000000,95.000000,5.0,106.3742,97.4416,377.1451,386.0777,PENDING_AG03,FALSE,NOT_FOR_ENFORCEMENT,464.1785,70789.7852,483.5193,464.1785,19.3408,0.00593162,0.00569435,19.3408,464.1785,0.00569435,19.3408,19.3408,19.3408,24.1760,24.1760,464.1785,0.00569435,106.3742,97.4416,377.1451,386.0777,0.00462666,0.00473624,0.00023726,7.1750,6.4906,0.0426,4.2045,0.0806,708.8314,98.7913,8.8300,6.6350,4.0407,4.4018,8.4329,14.3073,20.7715,40.8781,4.2012,0.0,4.718859,9.286678,1.630025,30,242,81,2,0.30276321,0.00593162,-0.00694385,0E-8,0.000000,0.904604,0.002289,0.01846642,2026-03-22,2026-08-06,115,6001,2406,138,0.833333,1.330819,1.230659,1.009211,,,,,,,,GLOBAL_BASELINE_NO_ENTITY_RANKING,,,NOT_APPLICABLE_GLOBAL_BASELINE,HF9g-P5,,,,X 全窗基线 · 不参与实体赏罚,8399591,840,A168_HF9F_20260827_0900,2026-08-27 09:00:00
2026-04-10,36810153,1964,0,4.2164737630,0E-10,0E-10,,1,1,0.49324550000000000,0.493245500000,,,,0E-17,NO_DECISIVE_ROUND,R03b_20260811_FULL_v1,L1_ELIGIBILITY,v2026-08-11,2026-03-21..2026-08-06,baccarat_bet02_101_all_pairs_incl_sentinel,round_win = game_pnl > 0 (decisive only),COMPATIBILITY_ONLY_NOT_PRODUCTION,81515.6139,73739.3596,483.5193,11361,11361,-0.00593162,0.00694385,-0.01152257,-0.00593162,-483.5193,81515.6139,OK,0.0000,19.3408,4.0000,96.0000,AG03-UNRESOLVED,ALL5_LEVELS_bet23_to_bet27,19.3408,19.3408,19.3408,24.1760,24.1760,4.000000,4.000000,4.000000,5.000000,5.000000,96.000000,96.000000,96.000000,95.000000,95.000000,5.0,106.3742,97.4416,377.1451,386.0777,PENDING_AG03,FALSE,NOT_FOR_ENFORCEMENT,464.1785,70789.7852,483.5193,464.1785,19.3408,0.00593162,0.00569435,19.3408,464.1785,0.00569435,19.3408,19.3408,19.3408,24.1760,24.1760,464.1785,0.00569435,106.3742,97.4416,377.1451,386.0777,0.00462666,0.00473624,0.00023726,7.1750,6.4906,0.0426,4.2045,0.0806,708.8314,98.7913,8.8300,6.6350,4.0407,4.4018,8.4329,14.3073,20.7715,40.8781,4.2012,0.0,4.718859,9.286678,1.630025,30,242,81,2,0.30276321,0.00593162,-0.00694385,0E-8,0.000000,0.904604,0.002289,0.01846642,2026-03-22,2026-08-06,115,6001,2406,138,0.833333,1.330819,1.230659,1.009211,,,,,,,,GLOBAL_BASELINE_NO_ENTITY_RANKING,,,NOT_APPLICABLE_GLOBAL_BASELINE,HF9g-P5,,,,X 全窗基线 · 不参与实体赏罚,8399592,840,A168_HF9F_20260827_0900,2026-08-27 09:00:00
2026-04-10,36810153,1985,0,9.4870659667,0.7905888305,0.7905888305,0.6666667,3,3,0.50665070000000000,0.506650700000,0.5543606114942035,0.5543606114942035,0.5543606114942035,0E-17,ELIGIBLE,R03b_20260811_FULL_v1,L1_ELIGIBILITY,v2026-08-11,2026-03-21..2026-08-06,baccarat_bet02_101_all_pairs_incl_sentinel,round_win = game_pnl > 0 (decisive only),COMPATIBILITY_ONLY_NOT_PRODUCTION,81515.6139,73739.3596,483.5193,11361,11361,-0.00593162,0.00694385,-0.01152257,-0.00593162,-483.5193,81515.6139,OK,0.0000,19.3408,4.0000,96.0000,AG03-UNRESOLVED,ALL5_LEVELS_bet23_to_bet27,19.3408,19.3408,19.3408,24.1760,24.1760,4.000000,4.000000,4.000000,5.000000,5.000000,96.000000,96.000000,96.000000,95.000000,95.000000,5.0,106.3742,97.4416,377.1451,386.0777,PENDING_AG03,FALSE,NOT_FOR_ENFORCEMENT,464.1785,70789.7852,483.5193,464.1785,19.3408,0.00593162,0.00569435,19.3408,464.1785,0.00569435,19.3408,19.3408,19.3408,24.1760,24.1760,464.1785,0.00569435,106.3742,97.4416,377.1451,386.0777,0.00462666,0.00473624,0.00023726,7.1750,6.4906,0.0426,4.2045,0.0806,708.8314,98.7913,8.8300,6.6350,4.0407,4.4018,8.4329,14.3073,20.7715,40.8781,4.2012,0.0,4.718859,9.286678,1.630025,30,242,81,2,0.30276321,0.00593162,-0.00694385,0E-8,0.000000,0.904604,0.002289,0.01846642,2026-03-22,2026-08-06,115,6001,2406,138,0.833333,1.330819,1.230659,1.009211,,,,,,,,GLOBAL_BASELINE_NO_ENTITY_RANKING,,,NOT_APPLICABLE_GLOBAL_BASELINE,HF9g-P5,,,,X 全窗基线 · 不参与实体赏罚,8399593,840,A168_HF9F_20260827_0900,2026-08-27 09:00:00
2026-04-10,36810153,1990,0,12.6494212890,-12.6494212890,-12.6494212890,0E-7,1,1,0.50665070000000000,0.506650700000,-1.013391052207602,-1.013391052207602,-1.013391052207602,0E-17,ELIGIBLE,R03b_20260811_FULL_v1,L1_ELIGIBILITY,v2026-08-11,2026-03-21..2026-08-06,baccarat_bet02_101_all_pairs_incl_sentinel,round_win = game_pnl > 0 (decisive only),COMPATIBILITY_ONLY_NOT_PRODUCTION,81515.6139,73739.3596,483.5193,11361,11361,-0.00593162,0.00694385,-0.01152257,-0.00593162,-483.5193,81515.6139,OK,0.0000,19.3408,4.0000,96.0000,AG03-UNRESOLVED,ALL5_LEVELS_bet23_to_bet27,19.3408,19.3408,19.3408,24.1760,24.1760,4.000000,4.000000,4.000000,5.000000,5.000000,96.000000,96.000000,96.000000,95.000000,95.000000,5.0,106.3742,97.4416,377.1451,386.0777,PENDING_AG03,FALSE,NOT_FOR_ENFORCEMENT,464.1785,70789.7852,483.5193,464.1785,19.3408,0.00593162,0.00569435,19.3408,464.1785,0.00569435,19.3408,19.3408,19.3408,24.1760,24.1760,464.1785,0.00569435,106.3742,97.4416,377.1451,386.0777,0.00462666,0.00473624,0.00023726,7.1750,6.4906,0.0426,4.2045,0.0806,708.8314,98.7913,8.8300,6.6350,4.0407,4.4018,8.4329,14.3073,20.7715,40.8781,4.2012,0.0,4.718859,9.286678,1.630025,30,242,81,2,0.30276321,0.00593162,-0.00694385,0E-8,0.000000,0.904604,0.002289,0.01846642,2026-03-22,2026-08-06,115,6001,2406,138,0.833333,1.330819,1.230659,1.009211,,,,,,,,GLOBAL_BASELINE_NO_ENTITY_RANKING,,,NOT_APPLICABLE_GLOBAL_BASELINE,HF9g-P5,,,,X 全窗基线 · 不参与实体赏罚,8399594,840,A168_HF9F_20260827_0900,2026-08-27 09:00:00
2026-04-10,36810153,2088,0,4.2164737630,-4.2164737630,-4.2164737630,0E-7,1,1,0.49324550000000000,0.493245500000,-0.9865810262130424,-0.9865810262130424,-0.9865810262130424,0E-17,ELIGIBLE,R03b_20260811_FULL_v1,L1_ELIGIBILITY,v2026-08-11,2026-03-21..2026-08-06,baccarat_bet02_101_all_pairs_incl_sentinel,round_win = game_pnl > 0 (decisive only),COMPATIBILITY_ONLY_NOT_PRODUCTION,81515.6139,73739.3596,483.5193,11361,11361,-0.00593162,0.00694385,-0.01152257,-0.00593162,-483.5193,81515.6139,OK,0.0000,19.3408,4.0000,96.0000,AG03-UNRESOLVED,ALL5_LEVELS_bet23_to_bet27,19.3408,19.3408,19.3408,24.1760,24.1760,4.000000,4.000000,4.000000,5.000000,5.000000,96.000000,96.000000,96.000000,95.000000,95.000000,5.0,106.3742,97.4416,377.1451,386.0777,PENDING_AG03,FALSE,NOT_FOR_ENFORCEMENT,464.1785,70789.7852,483.5193,464.1785,19.3408,0.00593162,0.00569435,19.3408,464.1785,0.00569435,19.3408,19.3408,19.3408,24.1760,24.1760,464.1785,0.00569435,106.3742,97.4416,377.1451,386.0777,0.00462666,0.00473624,0.00023726,7.1750,6.4906,0.0426,4.2045,0.0806,708.8314,98.7913,8.8300,6.6350,4.0407,4.4018,8.4329,14.3073,20.7715,40.8781,4.2012,0.0,4.718859,9.286678,1.630025,30,242,81,2,0.30276321,0.00593162,-0.00694385,0E-8,0.000000,0.904604,0.002289,0.01846642,2026-03-22,2026-08-06,115,6001,2406,138,0.833333,1.330819,1.230659,1.009211,,,,,,,,GLOBAL_BASELINE_NO_ENTITY_RANKING,,,NOT_APPLICABLE_GLOBAL_BASELINE,HF9g-P5,,,,X 全窗基线 · 不参与实体赏罚,8399595,840,A168_HF9F_20260827_0900,2026-08-27 09:00:00
2026-04-10,36810153,2101,0,21.0823688150,-21.0823688150,-21.0823688150,0E-7,1,1,0.50665070000000000,0.506650700000,-1.013391052207602,-1.013391052207602,-1.013391052207602,0E-17,ELIGIBLE,R03b_20260811_FULL_v1,L1_ELIGIBILITY,v2026-08-11,2026-03-21..2026-08-06,baccarat_bet02_101_all_pairs_incl_sentinel,round_win = game_pnl > 0 (decisive only),COMPATIBILITY_ONLY_NOT_PRODUCTION,81515.6139,73739.3596,483.5193,11361,11361,-0.00593162,0.00694385,-0.01152257,-0.00593162,-483.5193,81515.6139,OK,0.0000,19.3408,4.0000,96.0000,AG03-UNRESOLVED,ALL5_LEVELS_bet23_to_bet27,19.3408,19.3408,19.3408,24.1760,24.1760,4.000000,4.000000,4.000000,5.000000,5.000000,96.000000,96.000000,96.000000,95.000000,95.000000,5.0,106.3742,97.4416,377.1451,386.0777,PENDING_AG03,FALSE,NOT_FOR_ENFORCEMENT,464.1785,70789.7852,483.5193,464.1785,19.3408,0.00593162,0.00569435,19.3408,464.1785,0.00569435,19.3408,19.3408,19.3408,24.1760,24.1760,464.1785,0.00569435,106.3742,97.4416,377.1451,386.0777,0.00462666,0.00473624,0.00023726,7.1750,6.4906,0.0426,4.2045,0.0806,708.8314,98.7913,8.8300,6.6350,4.0407,4.4018,8.4329,14.3073,20.7715,40.8781,4.2012,0.0,4.718859,9.286678,1.630025,30,242,81,2,0.30276321,0.00593162,-0.00694385,0E-8,0.000000,0.904604,0.002289,0.01846642,2026-03-22,2026-08-06,115,6001,2406,138,0.833333,1.330819,1.230659,1.009211,,,,,,,,GLOBAL_BASELINE_NO_ENTITY_RANKING,,,NOT_APPLICABLE_GLOBAL_BASELINE,HF9g-P5,,,,X 全窗基线 · 不参与实体赏罚,8399596,840,A168_HF9F_20260827_0900,2026-08-27 09:00:00
2026-04-10,36810153,2127,0,6.1138869563,6.1138869563,6.1138869563,1.0000000,2,2,0.49324550000000000,0.493245500000,1.4334489766152358,1.4334489766152358,1.4334489766152358,0E-17,ELIGIBLE,R03b_20260811_FULL_v1,L1_ELIGIBILITY,v2026-08-11,2026-03-21..2026-08-06,baccarat_bet02_101_all_pairs_incl_sentinel,round_win = game_pnl > 0 (decisive only),COMPATIBILITY_ONLY_NOT_PRODUCTION,81515.6139,73739.3596,483.5193,11361,11361,-0.00593162,0.00694385,-0.01152257,-0.00593162,-483.5193,81515.6139,OK,0.0000,19.3408,4.0000,96.0000,AG03-UNRESOLVED,ALL5_LEVELS_bet23_to_bet27,19.3408,19.3408,19.3408,24.1760,24.1760,4.000000,4.000000,4.000000,5.000000,5.000000,96.000000,96.000000,96.000000,95.000000,95.000000,5.0,106.3742,97.4416,377.1451,386.0777,PENDING_AG03,FALSE,NOT_FOR_ENFORCEMENT,464.1785,70789.7852,483.5193,464.1785,19.3408,0.00593162,0.00569435,19.3408,464.1785,0.00569435,19.3408,19.3408,19.3408,24.1760,24.1760,464.1785,0.00569435,106.3742,97.4416,377.1451,386.0777,0.00462666,0.00473624,0.00023726,7.1750,6.4906,0.0426,4.2045,0.0806,708.8314,98.7913,8.8300,6.6350,4.0407,4.4018,8.4329,14.3073,20.7715,40.8781,4.2012,0.0,4.718859,9.286678,1.630025,30,242,81,2,0.30276321,0.00593162,-0.00694385,0E-8,0.000000,0.904604,0.002289,0.01846642,2026-03-22,2026-08-06,115,6001,2406,138,0.833333,1.330819,1.230659,1.009211,,,,,,,,GLOBAL_BASELINE_NO_ENTITY_RANKING,,,NOT_APPLICABLE_GLOBAL_BASELINE,HF9g-P5,,,,X 全窗基线 · 不参与实体赏罚,8399597,840,A168_HF9F_20260827_0900,2026-08-27 09:00:00
2026-04-10,36810153,2152,0,6.9571817089,-6.9571817089,-6.9571817089,0E-7,1,1,0.49324550000000000,0.493245500000,-0.9865810262130424,-0.9865810262130424,-0.9865810262130424,0E-17,ELIGIBLE,R03b_20260811_FULL_v1,L1_ELIGIBILITY,v2026-08-11,2026-03-21..2026-08-06,baccarat_bet02_101_all_pairs_incl_sentinel,round_win = game_pnl > 0 (decisive only),COMPATIBILITY_ONLY_NOT_PRODUCTION,81515.6139,73739.3596,483.5193,11361,11361,-0.00593162,0.00694385,-0.01152257,-0.00593162,-483.5193,81515.6139,OK,0.0000,19.3408,4.0000,96.0000,AG03-UNRESOLVED,ALL5_LEVELS_bet23_to_bet27,19.3408,19.3408,19.3408,24.1760,24.1760,4.000000,4.000000,4.000000,5.000000,5.000000,96.000000,96.000000,96.000000,95.000000,95.000000,5.0,106.3742,97.4416,377.1451,386.0777,PENDING_AG03,FALSE,NOT_FOR_ENFORCEMENT,464.1785,70789.7852,483.5193,464.1785,19.3408,0.00593162,0.00569435,19.3408,464.1785,0.00569435,19.3408,19.3408,19.3408,24.1760,24.1760,464.1785,0.00569435,106.3742,97.4416,377.1451,386.0777,0.00462666,0.00473624,0.00023726,7.1750,6.4906,0.0426,4.2045,0.0806,708.8314,98.7913,8.8300,6.6350,4.0407,4.4018,8.4329,14.3073,20.7715,40.8781,4.2012,0.0,4.718859,9.286678,1.630025,30,242,81,2,0.30276321,0.00593162,-0.00694385,0E-8,0.000000,0.904604,0.002289,0.01846642,2026-03-22,2026-08-06,115,6001,2406,138,0.833333,1.330819,1.230659,1.009211,,,,,,,,GLOBAL_BASELINE_NO_ENTITY_RANKING,,,NOT_APPLICABLE_GLOBAL_BASELINE,HF9g-P5,,,,X 全窗基线 · 不参与实体赏罚,8399598,840,A168_HF9F_20260827_0900,2026-08-27 09:00:00
2026-04-10,36810153,2153,0,12.8602449771,12.8602449771,12.8602449771,1.0000000,2,2,0.49324550000000000,0.493245500000,1.4334489766152358,1.4334489766152358,1.4334489766152358,0E-17,ELIGIBLE,R03b_20260811_FULL_v1,L1_ELIGIBILITY,v2026-08-11,2026-03-21..2026-08-06,baccarat_bet02_101_all_pairs_incl_sentinel,round_win = game_pnl > 0 (decisive only),COMPATIBILITY_ONLY_NOT_PRODUCTION,81515.6139,73739.3596,483.5193,11361,11361,-0.00593162,0.00694385,-0.01152257,-0.00593162,-483.5193,81515.6139,OK,0.0000,19.3408,4.0000,96.0000,AG03-UNRESOLVED,ALL5_LEVELS_bet23_to_bet27,19.3408,19.3408,19.3408,24.1760,24.1760,4.000000,4.000000,4.000000,5.000000,5.000000,96.000000,96.000000,96.000000,95.000000,95.000000,5.0,106.3742,97.4416,377.1451,386.0777,PENDING_AG03,FALSE,NOT_FOR_ENFORCEMENT,464.1785,70789.7852,483.5193,464.1785,19.3408,0.00593162,0.00569435,19.3408,464.1785,0.00569435,19.3408,19.3408,19.3408,24.1760,24.1760,464.1785,0.00569435,106.3742,97.4416,377.1451,386.0777,0.00462666,0.00473624,0.00023726,7.1750,6.4906,0.0426,4.2045,0.0806,708.8314,98.7913,8.8300,6.6350,4.0407,4.4018,8.4329,14.3073,20.7715,40.8781,4.2012,0.0,4.718859,9.286678,1.630025,30,242,81,2,0.30276321,0.00593162,-0.00694385,0E-8,0.000000,0.904604,0.002289,0.01846642,2026-03-22,2026-08-06,115,6001,2406,138,0.833333,1.330819,1.230659,1.009211,,,,,,,,GLOBAL_BASELINE_NO_ENTITY_RANKING,,,NOT_APPLICABLE_GLOBAL_BASELINE,HF9g-P5,,,,X 全窗基线 · 不参与实体赏罚,8399599,840,A168_HF9F_20260827_0900,2026-08-27 09:00:00
2026-04-10,36810153,2171,0,62.4038116923,38.3277465056,38.3277465056,0.7777778,9,9,0.50516123333333333,0.505161233333,1.6357864182235697,1.6357864182255588,1.6357864182235697,3.3333E-13,ELIGIBLE,R03b_20260811_FULL_v1,L1_ELIGIBILITY,v2026-08-11,2026-03-21..2026-08-06,baccarat_bet02_101_all_pairs_incl_sentinel,round_win = game_pnl > 0 (decisive only),COMPATIBILITY_ONLY_NOT_PRODUCTION,81515.6139,73739.3596,483.5193,11361,11361,-0.00593162,0.00694385,-0.01152257,-0.00593162,-483.5193,81515.6139,OK,0.0000,19.3408,4.0000,96.0000,AG03-UNRESOLVED,ALL5_LEVELS_bet23_to_bet27,19.3408,19.3408,19.3408,24.1760,24.1760,4.000000,4.000000,4.000000,5.000000,5.000000,96.000000,96.000000,96.000000,95.000000,95.000000,5.0,106.3742,97.4416,377.1451,386.0777,PENDING_AG03,FALSE,NOT_FOR_ENFORCEMENT,464.1785,70789.7852,483.5193,464.1785,19.3408,0.00593162,0.00569435,19.3408,464.1785,0.00569435,19.3408,19.3408,19.3408,24.1760,24.1760,464.1785,0.00569435,106.3742,97.4416,377.1451,386.0777,0.00462666,0.00473624,0.00023726,7.1750,6.4906,0.0426,4.2045,0.0806,708.8314,98.7913,8.8300,6.6350,4.0407,4.4018,8.4329,14.3073,20.7715,40.8781,4.2012,0.0,4.718859,9.286678,1.630025,30,242,81,2,0.30276321,0.00593162,-0.00694385,0E-8,0.000000,0.904604,0.002289,0.01846642,2026-03-22,2026-08-06,115,6001,2406,138,0.833333,1.330819,1.230659,1.009211,,,,,,,,GLOBAL_BASELINE_NO_ENTITY_RANKING,,,NOT_APPLICABLE_GLOBAL_BASELINE,HF9g-P5,,,,X 全窗基线 · 不参与实体赏罚,8399600,840,A168_HF9F_20260827_0900,2026-08-27 09:00:00
2026-04-10,36810153,2177,0,19.3957793098,-11.1736554720,-11.1736554720,0.3333333,3,3,0.49771390000000000,0.497713900000,-0.5694369385616226,-0.5694369385616226,-0.5694369385616226,0E-17,ELIGIBLE,R03b_20260811_FULL_v1,L1_ELIGIBILITY,v2026-08-11,2026-03-21..2026-08-06,baccarat_bet02_101_all_pairs_incl_sentinel,round_win = game_pnl > 0 (decisive only),COMPATIBILITY_ONLY_NOT_PRODUCTION,81515.6139,73739.3596,483.5193,11361,11361,-0.00593162,0.00694385,-0.01152257,-0.00593162,-483.5193,81515.6139,OK,0.0000,19.3408,4.0000,96.0000,AG03-UNRESOLVED,ALL5_LEVELS_bet23_to_bet27,19.3408,19.3408,19.3408,24.1760,24.1760,4.000000,4.000000,4.000000,5.000000,5.000000,96.000000,96.000000,96.000000,95.000000,95.000000,5.0,106.3742,97.4416,377.1451,386.0777,PENDING_AG03,FALSE,NOT_FOR_ENFORCEMENT,464.1785,70789.7852,483.5193,464.1785,19.3408,0.00593162,0.00569435,19.3408,464.1785,0.00569435,19.3408,19.3408,19.3408,24.1760,24.1760,464.1785,0.00569435,106.3742,97.4416,377.1451,386.0777,0.00462666,0.00473624,0.00023726,7.1750,6.4906,0.0426,4.2045,0.0806,708.8314,98.7913,8.8300,6.6350,4.0407,4.4018,8.4329,14.3073,20.7715,40.8781,4.2012,0.0,4.718859,9.286678,1.630025,30,242,81,2,0.30276321,0.00593162,-0.00694385,0E-8,0.000000,0.904604,0.002289,0.01846642,2026-03-22,2026-08-06,115,6001,2406,138,0.833333,1.330819,1.230659,1.009211,,,,,,,,GLOBAL_BASELINE_NO_ENTITY_RANKING,,,NOT_APPLICABLE_GLOBAL_BASELINE,HF9g-P5,,,,X 全窗基线 · 不参与实体赏罚,8399601,840,A168_HF9F_20260827_0900,2026-08-27 09:00:00
2026-04-10,36810153,2220,0,14.5468344823,3.5840026985,3.5840026985,0.6666667,3,3,0.49324550000000000,0.493245500000,0.6008033672792107,0.6008033672792106,0.6008033672792107,0E-17,ELIGIBLE,R03b_20260811_FULL_v1,L1_ELIGIBILITY,v2026-08-11,2026-03-21..2026-08-06,baccarat_bet02_101_all_pairs_incl_sentinel,round_win = game_pnl > 0 (decisive only),COMPATIBILITY_ONLY_NOT_PRODUCTION,81515.6139,73739.3596,483.5193,11361,11361,-0.00593162,0.00694385,-0.01152257,-0.00593162,-483.5193,81515.6139,OK,0.0000,19.3408,4.0000,96.0000,AG03-UNRESOLVED,ALL5_LEVELS_bet23_to_bet27,19.3408,19.3408,19.3408,24.1760,24.1760,4.000000,4.000000,4.000000,5.000000,5.000000,96.000000,96.000000,96.000000,95.000000,95.000000,5.0,106.3742,97.4416,377.1451,386.0777,PENDING_AG03,FALSE,NOT_FOR_ENFORCEMENT,464.1785,70789.7852,483.5193,464.1785,19.3408,0.00593162,0.00569435,19.3408,464.1785,0.00569435,19.3408,19.3408,19.3408,24.1760,24.1760,464.1785,0.00569435,106.3742,97.4416,377.1451,386.0777,0.00462666,0.00473624,0.00023726,7.1750,6.4906,0.0426,4.2045,0.0806,708.8314,98.7913,8.8300,6.6350,4.0407,4.4018,8.4329,14.3073,20.7715,40.8781,4.2012,0.0,4.718859,9.286678,1.630025,30,242,81,2,0.30276321,0.00593162,-0.00694385,0E-8,0.000000,0.904604,0.002289,0.01846642,2026-03-22,2026-08-06,115,6001,2406,138,0.833333,1.330819,1.230659,1.009211,,,,,,,,GLOBAL_BASELINE_NO_ENTITY_RANKING,,,NOT_APPLICABLE_GLOBAL_BASELINE,HF9g-P5,,,,X 全窗基线 · 不参与实体赏罚,8399602,840,A168_HF9F_20260827_0900,2026-08-27 09:00:00
2026-04-10,36810153,2222,0,15.3901292349,-15.3901292349,-15.3901292349,0E-7,2,2,0.49324550000000000,0.493245500000,-1.3952362676504506,-1.3952362676504506,-1.3952362676504506,0E-17,ELIGIBLE,R03b_20260811_FULL_v1,L1_ELIGIBILITY,v2026-08-11,2026-03-21..2026-08-06,baccarat_bet02_101_all_pairs_incl_sentinel,round_win = game_pnl > 0 (decisive only),COMPATIBILITY_ONLY_NOT_PRODUCTION,81515.6139,73739.3596,483.5193,11361,11361,-0.00593162,0.00694385,-0.01152257,-0.00593162,-483.5193,81515.6139,OK,0.0000,19.3408,4.0000,96.0000,AG03-UNRESOLVED,ALL5_LEVELS_bet23_to_bet27,19.3408,19.3408,19.3408,24.1760,24.1760,4.000000,4.000000,4.000000,5.000000,5.000000,96.000000,96.000000,96.000000,95.000000,95.000000,5.0,106.3742,97.4416,377.1451,386.0777,PENDING_AG03,FALSE,NOT_FOR_ENFORCEMENT,464.1785,70789.7852,483.5193,464.1785,19.3408,0.00593162,0.00569435,19.3408,464.1785,0.00569435,19.3408,19.3408,19.3408,24.1760,24.1760,464.1785,0.00569435,106.3742,97.4416,377.1451,386.0777,0.00462666,0.00473624,0.00023726,7.1750,6.4906,0.0426,4.2045,0.0806,708.8314,98.7913,8.8300,6.6350,4.0407,4.4018,8.4329,14.3073,20.7715,40.8781,4.2012,0.0,4.718859,9.286678,1.630025,30,242,81,2,0.30276321,0.00593162,-0.00694385,0E-8,0.000000,0.904604,0.002289,0.01846642,2026-03-22,2026-08-06,115,6001,2406,138,0.833333,1.330819,1.230659,1.009211,,,,,,,,GLOBAL_BASELINE_NO_ENTITY_RANKING,,,NOT_APPLICABLE_GLOBAL_BASELINE,HF9g-P5,,,,X 全窗基线 · 不参与实体赏罚,8399603,840,A168_HF9F_20260827_0900,2026-08-27 09:00:00
2026-04-10,36810153,2239,0,1.0541184407,1.0014125187,1.0014125187,1.0000000,1,1,0.50665070000000000,0.506650700000,0.9867858985152569,0.9867858985152569,0.9867858985152569,0E-17,ELIGIBLE,R03b_20260811_FULL_v1,L1_ELIGIBILITY,v2026-08-11,2026-03-21..2026-08-06,baccarat_bet02_101_all_pairs_incl_sentinel,round_win = game_pnl > 0 (decisive only),COMPATIBILITY_ONLY_NOT_PRODUCTION,81515.6139,73739.3596,483.5193,11361,11361,-0.00593162,0.00694385,-0.01152257,-0.00593162,-483.5193,81515.6139,OK,0.0000,19.3408,4.0000,96.0000,AG03-UNRESOLVED,ALL5_LEVELS_bet23_to_bet27,19.3408,19.3408,19.3408,24.1760,24.1760,4.000000,4.000000,4.000000,5.000000,5.000000,96.000000,96.000000,96.000000,95.000000,95.000000,5.0,106.3742,97.4416,377.1451,386.0777,PENDING_AG03,FALSE,NOT_FOR_ENFORCEMENT,464.1785,70789.7852,483.5193,464.1785,19.3408,0.00593162,0.00569435,19.3408,464.1785,0.00569435,19.3408,19.3408,19.3408,24.1760,24.1760,464.1785,0.00569435,106.3742,97.4416,377.1451,386.0777,0.00462666,0.00473624,0.00023726,7.1750,6.4906,0.0426,4.2045,0.0806,708.8314,98.7913,8.8300,6.6350,4.0407,4.4018,8.4329,14.3073,20.7715,40.8781,4.2012,0.0,4.718859,9.286678,1.630025,30,242,81,2,0.30276321,0.00593162,-0.00694385,0E-8,0.000000,0.904604,0.002289,0.01846642,2026-03-22,2026-08-06,115,6001,2406,138,0.833333,1.330819,1.230659,1.009211,,,,,,,,GLOBAL_BASELINE_NO_ENTITY_RANKING,,,NOT_APPLICABLE_GLOBAL_BASELINE,HF9g-P5,,,,X 全窗基线 · 不参与实体赏罚,8399604,840,A168_HF9F_20260827_0900,2026-08-27 09:00:00
2026-04-10,36810153,2241,0,22.7689583202,22.7689583202,22.7689583202,1.0000000,2,2,0.49324550000000000,0.493245500000,1.4334489766152358,1.4334489766152358,1.4334489766152358,0E-17,ELIGIBLE,R03b_20260811_FULL_v1,L1_ELIGIBILITY,v2026-08-11,2026-03-21..2026-08-06,baccarat_bet02_101_all_pairs_incl_sentinel,round_win = game_pnl > 0 (decisive only),COMPATIBILITY_ONLY_NOT_PRODUCTION,81515.6139,73739.3596,483.5193,11361,11361,-0.00593162,0.00694385,-0.01152257,-0.00593162,-483.5193,81515.6139,OK,0.0000,19.3408,4.0000,96.0000,AG03-UNRESOLVED,ALL5_LEVELS_bet23_to_bet27,19.3408,19.3408,19.3408,24.1760,24.1760,4.000000,4.000000,4.000000,5.000000,5.000000,96.000000,96.000000,96.000000,95.000000,95.000000,5.0,106.3742,97.4416,377.1451,386.0777,PENDING_AG03,FALSE,NOT_FOR_ENFORCEMENT,464.1785,70789.7852,483.5193,464.1785,19.3408,0.00593162,0.00569435,19.3408,464.1785,0.00569435,19.3408,19.3408,19.3408,24.1760,24.1760,464.1785,0.00569435,106.3742,97.4416,377.1451,386.0777,0.00462666,0.00473624,0.00023726,7.1750,6.4906,0.0426,4.2045,0.0806,708.8314,98.7913,8.8300,6.6350,4.0407,4.4018,8.4329,14.3073,20.7715,40.8781,4.2012,0.0,4.718859,9.286678,1.630025,30,242,81,2,0.30276321,0.00593162,-0.00694385,0E-8,0.000000,0.904604,0.002289,0.01846642,2026-03-22,2026-08-06,115,6001,2406,138,0.833333,1.330819,1.230659,1.009211,,,,,,,,GLOBAL_BASELINE_NO_ENTITY_RANKING,,,NOT_APPLICABLE_GLOBAL_BASELINE,HF9g-P5,,,,X 全窗基线 · 不参与实体赏罚,8399605,840,A168_HF9F_20260827_0900,2026-08-27 09:00:00
2026-04-10,36810153,2250,0,5.9030632682,5.9030632682,5.9030632682,1.0000000,1,1,0.49324550000000000,0.493245500000,1.01360149184955,1.01360149184955,1.01360149184955,0E-17,ELIGIBLE,R03b_20260811_FULL_v1,L1_ELIGIBILITY,v2026-08-11,2026-03-21..2026-08-06,baccarat_bet02_101_all_pairs_incl_sentinel,round_win = game_pnl > 0 (decisive only),COMPATIBILITY_ONLY_NOT_PRODUCTION,81515.6139,73739.3596,483.5193,11361,11361,-0.00593162,0.00694385,-0.01152257,-0.00593162,-483.5193,81515.6139,OK,0.0000,19.3408,4.0000,96.0000,AG03-UNRESOLVED,ALL5_LEVELS_bet23_to_bet27,19.3408,19.3408,19.3408,24.1760,24.1760,4.000000,4.000000,4.000000,5.000000,5.000000,96.000000,96.000000,96.000000,95.000000,95.000000,5.0,106.3742,97.4416,377.1451,386.0777,PENDING_AG03,FALSE,NOT_FOR_ENFORCEMENT,464.1785,70789.7852,483.5193,464.1785,19.3408,0.00593162,0.00569435,19.3408,464.1785,0.00569435,19.3408,19.3408,19.3408,24.1760,24.1760,464.1785,0.00569435,106.3742,97.4416,377.1451,386.0777,0.00462666,0.00473624,0.00023726,7.1750,6.4906,0.0426,4.2045,0.0806,708.8314,98.7913,8.8300,6.6350,4.0407,4.4018,8.4329,14.3073,20.7715,40.8781,4.2012,0.0,4.718859,9.286678,1.630025,30,242,81,2,0.30276321,0.00593162,-0.00694385,0E-8,0.000000,0.904604,0.002289,0.01846642,2026-03-22,2026-08-06,115,6001,2406,138,0.833333,1.330819,1.230659,1.009211,,,,,,,,GLOBAL_BASELINE_NO_ENTITY_RANKING,,,NOT_APPLICABLE_GLOBAL_BASELINE,HF9g-P5,,,,X 全窗基线 · 不参与实体赏罚,8399606,840,A168_HF9F_20260827_0900,2026-08-27 09:00:00
2026-04-10,36810153,2251,0,14.1251871060,6.4301224886,6.4301224886,0.5000000,2,2,0.49994810000000000,0.499948100000,0.00014679536856514622,0.00014679536856514622,0.00014679536856514622,0E-17,ELIGIBLE,R03b_20260811_FULL_v1,L1_ELIGIBILITY,v2026-08-11,2026-03-21..2026-08-06,baccarat_bet02_101_all_pairs_incl_sentinel,round_win = game_pnl > 0 (decisive only),COMPATIBILITY_ONLY_NOT_PRODUCTION,81515.6139,73739.3596,483.5193,11361,11361,-0.00593162,0.00694385,-0.01152257,-0.00593162,-483.5193,81515.6139,OK,0.0000,19.3408,4.0000,96.0000,AG03-UNRESOLVED,ALL5_LEVELS_bet23_to_bet27,19.3408,19.3408,19.3408,24.1760,24.1760,4.000000,4.000000,4.000000,5.000000,5.000000,96.000000,96.000000,96.000000,95.000000,95.000000,5.0,106.3742,97.4416,377.1451,386.0777,PENDING_AG03,FALSE,NOT_FOR_ENFORCEMENT,464.1785,70789.7852,483.5193,464.1785,19.3408,0.00593162,0.00569435,19.3408,464.1785,0.00569435,19.3408,19.3408,19.3408,24.1760,24.1760,464.1785,0.00569435,106.3742,97.4416,377.1451,386.0777,0.00462666,0.00473624,0.00023726,7.1750,6.4906,0.0426,4.2045,0.0806,708.8314,98.7913,8.8300,6.6350,4.0407,4.4018,8.4329,14.3073,20.7715,40.8781,4.2012,0.0,4.718859,9.286678,1.630025,30,242,81,2,0.30276321,0.00593162,-0.00694385,0E-8,0.000000,0.904604,0.002289,0.01846642,2026-03-22,2026-08-06,115,6001,2406,138,0.833333,1.330819,1.230659,1.009211,,,,,,,,GLOBAL_BASELINE_NO_ENTITY_RANKING,,,NOT_APPLICABLE_GLOBAL_BASELINE,HF9g-P5,,,,X 全窗基线 · 不参与实体赏罚,8399607,840,A168_HF9F_20260827_0900,2026-08-27 09:00:00
2026-04-10,36810153,2258,0,4.2164737630,-4.2164737630,-4.2164737630,0E-7,1,1,0.50665070000000000,0.506650700000,-1.013391052207602,-1.013391052207602,-1.013391052207602,0E-17,ELIGIBLE,R03b_20260811_FULL_v1,L1_ELIGIBILITY,v2026-08-11,2026-03-21..2026-08-06,baccarat_bet02_101_all_pairs_incl_sentinel,round_win = game_pnl > 0 (decisive only),COMPATIBILITY_ONLY_NOT_PRODUCTION,81515.6139,73739.3596,483.5193,11361,11361,-0.00593162,0.00694385,-0.01152257,-0.00593162,-483.5193,81515.6139,OK,0.0000,19.3408,4.0000,96.0000,AG03-UNRESOLVED,ALL5_LEVELS_bet23_to_bet27,19.3408,19.3408,19.3408,24.1760,24.1760,4.000000,4.000000,4.000000,5.000000,5.000000,96.000000,96.000000,96.000000,95.000000,95.000000,5.0,106.3742,97.4416,377.1451,386.0777,PENDING_AG03,FALSE,NOT_FOR_ENFORCEMENT,464.1785,70789.7852,483.5193,464.1785,19.3408,0.00593162,0.00569435,19.3408,464.1785,0.00569435,19.3408,19.3408,19.3408,24.1760,24.1760,464.1785,0.00569435,106.3742,97.4416,377.1451,386.0777,0.00462666,0.00473624,0.00023726,7.1750,6.4906,0.0426,4.2045,0.0806,708.8314,98.7913,8.8300,6.6350,4.0407,4.4018,8.4329,14.3073,20.7715,40.8781,4.2012,0.0,4.718859,9.286678,1.630025,30,242,81,2,0.30276321,0.00593162,-0.00694385,0E-8,0.000000,0.904604,0.002289,0.01846642,2026-03-22,2026-08-06,115,6001,2406,138,0.833333,1.330819,1.230659,1.009211,,,,,,,,GLOBAL_BASELINE_NO_ENTITY_RANKING,,,NOT_APPLICABLE_GLOBAL_BASELINE,HF9g-P5,,,,X 全窗基线 · 不参与实体赏罚,8399608,840,A168_HF9F_20260827_0900,2026-08-27 09:00:00
2026-04-10,36810153,2266,0,3.1623553222,-3.1623553222,-3.1623553222,0E-7,1,1,0.49324550000000000,0.493245500000,-0.9865810262130424,-0.9865810262130424,-0.9865810262130424,0E-17,ELIGIBLE,R03b_20260811_FULL_v1,L1_ELIGIBILITY,v2026-08-11,2026-03-21..2026-08-06,baccarat_bet02_101_all_pairs_incl_sentinel,round_win = game_pnl > 0 (decisive only),COMPATIBILITY_ONLY_NOT_PRODUCTION,81515.6139,73739.3596,483.5193,11361,11361,-0.00593162,0.00694385,-0.01152257,-0.00593162,-483.5193,81515.6139,OK,0.0000,19.3408,4.0000,96.0000,AG03-UNRESOLVED,ALL5_LEVELS_bet23_to_bet27,19.3408,19.3408,19.3408,24.1760,24.1760,4.000000,4.000000,4.000000,5.000000,5.000000,96.000000,96.000000,96.000000,95.000000,95.000000,5.0,106.3742,97.4416,377.1451,386.0777,PENDING_AG03,FALSE,NOT_FOR_ENFORCEMENT,464.1785,70789.7852,483.5193,464.1785,19.3408,0.00593162,0.00569435,19.3408,464.1785,0.00569435,19.3408,19.3408,19.3408,24.1760,24.1760,464.1785,0.00569435,106.3742,97.4416,377.1451,386.0777,0.00462666,0.00473624,0.00023726,7.1750,6.4906,0.0426,4.2045,0.0806,708.8314,98.7913,8.8300,6.6350,4.0407,4.4018,8.4329,14.3073,20.7715,40.8781,4.2012,0.0,4.718859,9.286678,1.630025,30,242,81,2,0.30276321,0.00593162,-0.00694385,0E-8,0.000000,0.904604,0.002289,0.01846642,2026-03-22,2026-08-06,115,6001,2406,138,0.833333,1.330819,1.230659,1.009211,,,,,,,,GLOBAL_BASELINE_NO_ENTITY_RANKING,,,NOT_APPLICABLE_GLOBAL_BASELINE,HF9g-P5,,,,X 全窗基线 · 不参与实体赏罚,8399609,840,A168_HF9F_20260827_0900,2026-08-27 09:00:00
2026-04-10,36810153,583,0,16.8658950520,-4.5327092952,-4.5327092952,0.5000000,2,2,0.50665070000000000,0.506650700000,-0.018812684590367487,-0.018812684590367487,-0.018812684590367487,0E-17,ELIGIBLE,R03b_20260811_FULL_v1,L1_ELIGIBILITY,v2026-08-11,2026-03-21..2026-08-06,baccarat_bet02_101_all_pairs_incl_sentinel,round_win = game_pnl > 0 (decisive only),COMPATIBILITY_ONLY_NOT_PRODUCTION,81515.6139,73739.3596,483.5193,11361,11361,-0.00593162,0.00694385,-0.01152257,-0.00593162,-483.5193,81515.6139,OK,0.0000,19.3408,4.0000,96.0000,AG03-UNRESOLVED,ALL5_LEVELS_bet23_to_bet27,19.3408,19.3408,19.3408,24.1760,24.1760,4.000000,4.000000,4.000000,5.000000,5.000000,96.000000,96.000000,96.000000,95.000000,95.000000,5.0,106.3742,97.4416,377.1451,386.0777,PENDING_AG03,FALSE,NOT_FOR_ENFORCEMENT,464.1785,70789.7852,483.5193,464.1785,19.3408,0.00593162,0.00569435,19.3408,464.1785,0.00569435,19.3408,19.3408,19.3408,24.1760,24.1760,464.1785,0.00569435,106.3742,97.4416,377.1451,386.0777,0.00462666,0.00473624,0.00023726,7.1750,6.4906,0.0426,4.2045,0.0806,708.8314,98.7913,8.8300,6.6350,4.0407,4.4018,8.4329,14.3073,20.7715,40.8781,4.2012,0.0,4.718859,9.286678,1.630025,30,242,81,2,0.30276321,0.00593162,-0.00694385,0E-8,0.000000,0.904604,0.002289,0.01846642,2026-03-22,2026-08-06,115,6001,2406,138,0.833333,1.330819,1.230659,1.009211,,,,,,,,GLOBAL_BASELINE_NO_ENTITY_RANKING,,,NOT_APPLICABLE_GLOBAL_BASELINE,HF9g-P5,,,,X 全窗基线 · 不参与实体赏罚,8399610,840,A168_HF9F_20260827_0900,2026-08-27 09:00:00
2026-04-10,36810153,772,0,14.9684818586,5.5868277360,5.5868277360,0.5000000,2,2,0.50665070000000000,0.506650700000,-0.018812684590367487,-0.018812684590367487,-0.018812684590367487,0E-17,ELIGIBLE,R03b_20260811_FULL_v1,L1_ELIGIBILITY,v2026-08-11,2026-03-21..2026-08-06,baccarat_bet02_101_all_pairs_incl_sentinel,round_win = game_pnl > 0 (decisive only),COMPATIBILITY_ONLY_NOT_PRODUCTION,81515.6139,73739.3596,483.5193,11361,11361,-0.00593162,0.00694385,-0.01152257,-0.00593162,-483.5193,81515.6139,OK,0.0000,19.3408,4.0000,96.0000,AG03-UNRESOLVED,ALL5_LEVELS_bet23_to_bet27,19.3408,19.3408,19.3408,24.1760,24.1760,4.000000,4.000000,4.000000,5.000000,5.000000,96.000000,96.000000,96.000000,95.000000,95.000000,5.0,106.3742,97.4416,377.1451,386.0777,PENDING_AG03,FALSE,NOT_FOR_ENFORCEMENT,464.1785,70789.7852,483.5193,464.1785,19.3408,0.00593162,0.00569435,19.3408,464.1785,0.00569435,19.3408,19.3408,19.3408,24.1760,24.1760,464.1785,0.00569435,106.3742,97.4416,377.1451,386.0777,0.00462666,0.00473624,0.00023726,7.1750,6.4906,0.0426,4.2045,0.0806,708.8314,98.7913,8.8300,6.6350,4.0407,4.4018,8.4329,14.3073,20.7715,40.8781,4.2012,0.0,4.718859,9.286678,1.630025,30,242,81,2,0.30276321,0.00593162,-0.00694385,0E-8,0.000000,0.904604,0.002289,0.01846642,2026-03-22,2026-08-06,115,6001,2406,138,0.833333,1.330819,1.230659,1.009211,,,,,,,,GLOBAL_BASELINE_NO_ENTITY_RANKING,,,NOT_APPLICABLE_GLOBAL_BASELINE,HF9g-P5,,,,X 全窗基线 · 不参与实体赏罚,8399611,840,A168_HF9F_20260827_0900,2026-08-27 09:00:00
2026-04-10,36810153,986,0,20.8715451268,-20.8715451268,-20.8715451268,0E-7,3,3,0.49324550000000000,0.493245500000,-1.708808463184432,-1.7088084631844318,-1.708808463184432,0E-17,ELIGIBLE,R03b_20260811_FULL_v1,L1_ELIGIBILITY,v2026-08-11,2026-03-21..2026-08-06,baccarat_bet02_101_all_pairs_incl_sentinel,round_win = game_pnl > 0 (decisive only),COMPATIBILITY_ONLY_NOT_PRODUCTION,81515.6139,73739.3596,483.5193,11361,11361,-0.00593162,0.00694385,-0.01152257,-0.00593162,-483.5193,81515.6139,OK,0.0000,19.3408,4.0000,96.0000,AG03-UNRESOLVED,ALL5_LEVELS_bet23_to_bet27,19.3408,19.3408,19.3408,24.1760,24.1760,4.000000,4.000000,4.000000,5.000000,5.000000,96.000000,96.000000,96.000000,95.000000,95.000000,5.0,106.3742,97.4416,377.1451,386.0777,PENDING_AG03,FALSE,NOT_FOR_ENFORCEMENT,464.1785,70789.7852,483.5193,464.1785,19.3408,0.00593162,0.00569435,19.3408,464.1785,0.00569435,19.3408,19.3408,19.3408,24.1760,24.1760,464.1785,0.00569435,106.3742,97.4416,377.1451,386.0777,0.00462666,0.00473624,0.00023726,7.1750,6.4906,0.0426,4.2045,0.0806,708.8314,98.7913,8.8300,6.6350,4.0407,4.4018,8.4329,14.3073,20.7715,40.8781,4.2012,0.0,4.718859,9.286678,1.630025,30,242,81,2,0.30276321,0.00593162,-0.00694385,0E-8,0.000000,0.904604,0.002289,0.01846642,2026-03-22,2026-08-06,115,6001,2406,138,0.833333,1.330819,1.230659,1.009211,,,,,,,,GLOBAL_BASELINE_NO_ENTITY_RANKING,,,NOT_APPLICABLE_GLOBAL_BASELINE,HF9g-P5,,,,X 全窗基线 · 不参与实体赏罚,8399612,840,A168_HF9F_20260827_0900,2026-08-27 09:00:00
2026-04-11,36810153,-1,1,131.5539814053,-5.1230156222,-5.1230156222,0.4166667,14,14,0.50377815714285714,0.503778157143,-0.6035433404815208,-0.6035433404825119,-0.6035433404815208,-1.4286E-13,SENTINEL_DEALER,R03b_20260811_FULL_v1,L1_ELIGIBILITY,v2026-08-11,2026-03-21..2026-08-06,baccarat_bet02_101_all_pairs_incl_sentinel,round_win = game_pnl > 0 (decisive only),COMPATIBILITY_ONLY_NOT_PRODUCTION,81515.6139,73739.3596,483.5193,11361,11361,-0.00593162,0.00694385,-0.01152257,-0.00593162,-483.5193,81515.6139,OK,0.0000,19.3408,4.0000,96.0000,AG03-UNRESOLVED,ALL5_LEVELS_bet23_to_bet27,19.3408,19.3408,19.3408,24.1760,24.1760,4.000000,4.000000,4.000000,5.000000,5.000000,96.000000,96.000000,96.000000,95.000000,95.000000,5.0,106.3742,97.4416,377.1451,386.0777,PENDING_AG03,FALSE,NOT_FOR_ENFORCEMENT,464.1785,70789.7852,483.5193,464.1785,19.3408,0.00593162,0.00569435,19.3408,464.1785,0.00569435,19.3408,19.3408,19.3408,24.1760,24.1760,464.1785,0.00569435,106.3742,97.4416,377.1451,386.0777,0.00462666,0.00473624,0.00023726,7.1750,6.4906,0.0426,4.2045,0.0806,708.8314,98.7913,8.8300,6.6350,4.0407,4.4018,8.4329,14.3073,20.7715,40.8781,4.2012,0.0,4.718859,9.286678,1.630025,30,242,81,2,0.30276321,0.00593162,-0.00694385,0E-8,0.000000,0.904604,0.002289,0.01846642,2026-03-22,2026-08-06,115,6001,2406,138,0.833333,1.330819,1.230659,1.009211,,,,,,,,GLOBAL_BASELINE_NO_ENTITY_RANKING,,,NOT_APPLICABLE_GLOBAL_BASELINE,HF9g-P5,,,,X 全窗基线 · 不参与实体赏罚,8399613,840,A168_HF9F_20260827_0900,2026-08-27 09:00:00
2026-04-11,36810153,1094,0,4.2164737630,4.0056500748,4.0056500748,1.0000000,1,1,0.50665070000000000,0.506650700000,0.9867858985152569,0.9867858985152569,0.9867858985152569,0E-17,ELIGIBLE,R03b_20260811_FULL_v1,L1_ELIGIBILITY,v2026-08-11,2026-03-21..2026-08-06,baccarat_bet02_101_all_pairs_incl_sentinel,round_win = game_pnl > 0 (decisive only),COMPATIBILITY_ONLY_NOT_PRODUCTION,81515.6139,73739.3596,483.5193,11361,11361,-0.00593162,0.00694385,-0.01152257,-0.00593162,-483.5193,81515.6139,OK,0.0000,19.3408,4.0000,96.0000,AG03-UNRESOLVED,ALL5_LEVELS_bet23_to_bet27,19.3408,19.3408,19.3408,24.1760,24.1760,4.000000,4.000000,4.000000,5.000000,5.000000,96.000000,96.000000,96.000000,95.000000,95.000000,5.0,106.3742,97.4416,377.1451,386.0777,PENDING_AG03,FALSE,NOT_FOR_ENFORCEMENT,464.1785,70789.7852,483.5193,464.1785,19.3408,0.00593162,0.00569435,19.3408,464.1785,0.00569435,19.3408,19.3408,19.3408,24.1760,24.1760,464.1785,0.00569435,106.3742,97.4416,377.1451,386.0777,0.00462666,0.00473624,0.00023726,7.1750,6.4906,0.0426,4.2045,0.0806,708.8314,98.7913,8.8300,6.6350,4.0407,4.4018,8.4329,14.3073,20.7715,40.8781,4.2012,0.0,4.718859,9.286678,1.630025,30,242,81,2,0.30276321,0.00593162,-0.00694385,0E-8,0.000000,0.904604,0.002289,0.01846642,2026-03-22,2026-08-06,115,6001,2406,138,0.833333,1.330819,1.230659,1.009211,,,,,,,,GLOBAL_BASELINE_NO_ENTITY_RANKING,,,NOT_APPLICABLE_GLOBAL_BASELINE,HF9g-P5,,,,X 全窗基线 · 不参与实体赏罚,8399614,840,A168_HF9F_20260827_0900,2026-08-27 09:00:00
2026-04-11,36810153,1151,0,4.2164737630,-4.2164737630,-4.2164737630,0E-7,1,1,0.49324550000000000,0.493245500000,-0.9865810262130424,-0.9865810262130424,-0.9865810262130424,0E-17,ELIGIBLE,R03b_20260811_FULL_v1,L1_ELIGIBILITY,v2026-08-11,2026-03-21..2026-08-06,baccarat_bet02_101_all_pairs_incl_sentinel,round_win = game_pnl > 0 (decisive only),COMPATIBILITY_ONLY_NOT_PRODUCTION,81515.6139,73739.3596,483.5193,11361,11361,-0.00593162,0.00694385,-0.01152257,-0.00593162,-483.5193,81515.6139,OK,0.0000,19.3408,4.0000,96.0000,AG03-UNRESOLVED,ALL5_LEVELS_bet23_to_bet27,19.3408,19.3408,19.3408,24.1760,24.1760,4.000000,4.000000,4.000000,5.000000,5.000000,96.000000,96.000000,96.000000,95.000000,95.000000,5.0,106.3742,97.4416,377.1451,386.0777,PENDING_AG03,FALSE,NOT_FOR_ENFORCEMENT,464.1785,70789.7852,483.5193,464.1785,19.3408,0.00593162,0.00569435,19.3408,464.1785,0.00569435,19.3408,19.3408,19.3408,24.1760,24.1760,464.1785,0.00569435,106.3742,97.4416,377.1451,386.0777,0.00462666,0.00473624,0.00023726,7.1750,6.4906,0.0426,4.2045,0.0806,708.8314,98.7913,8.8300,6.6350,4.0407,4.4018,8.4329,14.3073,20.7715,40.8781,4.2012,0.0,4.718859,9.286678,1.630025,30,242,81,2,0.30276321,0.00593162,-0.00694385,0E-8,0.000000,0.904604,0.002289,0.01846642,2026-03-22,2026-08-06,115,6001,2406,138,0.833333,1.330819,1.230659,1.009211,,,,,,,,GLOBAL_BASELINE_NO_ENTITY_RANKING,,,NOT_APPLICABLE_GLOBAL_BASELINE,HF9g-P5,,,,X 全窗基线 · 不参与实体赏罚,8399615,840,A168_HF9F_20260827_0900,2026-08-27 09:00:00
2026-04-11,36810153,1205,0,16.8658950519,12.2277739126,12.2277739126,1.0000000,3,3,0.49771390000000000,0.497713900000,1.4206944795187548,1.420694479518755,1.4206944795187548,0E-17,ELIGIBLE,R03b_20260811_FULL_v1,L1_ELIGIBILITY,v2026-08-11,2026-03-21..2026-08-06,baccarat_bet02_101_all_pairs_incl_sentinel,round_win = game_pnl > 0 (decisive only),COMPATIBILITY_ONLY_NOT_PRODUCTION,81515.6139,73739.3596,483.5193,11361,11361,-0.00593162,0.00694385,-0.01152257,-0.00593162,-483.5193,81515.6139,OK,0.0000,19.3408,4.0000,96.0000,AG03-UNRESOLVED,ALL5_LEVELS_bet23_to_bet27,19.3408,19.3408,19.3408,24.1760,24.1760,4.000000,4.000000,4.000000,5.000000,5.000000,96.000000,96.000000,96.000000,95.000000,95.000000,5.0,106.3742,97.4416,377.1451,386.0777,PENDING_AG03,FALSE,NOT_FOR_ENFORCEMENT,464.1785,70789.7852,483.5193,464.1785,19.3408,0.00593162,0.00569435,19.3408,464.1785,0.00569435,19.3408,19.3408,19.3408,24.1760,24.1760,464.1785,0.00569435,106.3742,97.4416,377.1451,386.0777,0.00462666,0.00473624,0.00023726,7.1750,6.4906,0.0426,4.2045,0.0806,708.8314,98.7913,8.8300,6.6350,4.0407,4.4018,8.4329,14.3073,20.7715,40.8781,4.2012,0.0,4.718859,9.286678,1.630025,30,242,81,2,0.30276321,0.00593162,-0.00694385,0E-8,0.000000,0.904604,0.002289,0.01846642,2026-03-22,2026-08-06,115,6001,2406,138,0.833333,1.330819,1.230659,1.009211,,,,,,,,GLOBAL_BASELINE_NO_ENTITY_RANKING,,,NOT_APPLICABLE_GLOBAL_BASELINE,HF9g-P5,,,,X 全窗基线 · 不参与实体赏罚,8399616,840,A168_HF9F_20260827_0900,2026-08-27 09:00:00
2026-04-11,36810153,1331,0,2.5298842578,-2.5298842578,-2.5298842578,0E-7,1,1,0.50665070000000000,0.506650700000,-1.013391052207602,-1.013391052207602,-1.013391052207602,0E-17,ELIGIBLE,R03b_20260811_FULL_v1,L1_ELIGIBILITY,v2026-08-11,2026-03-21..2026-08-06,baccarat_bet02_101_all_pairs_incl_sentinel,round_win = game_pnl > 0 (decisive only),COMPATIBILITY_ONLY_NOT_PRODUCTION,81515.6139,73739.3596,483.5193,11361,11361,-0.00593162,0.00694385,-0.01152257,-0.00593162,-483.5193,81515.6139,OK,0.0000,19.3408,4.0000,96.0000,AG03-UNRESOLVED,ALL5_LEVELS_bet23_to_bet27,19.3408,19.3408,19.3408,24.1760,24.1760,4.000000,4.000000,4.000000,5.000000,5.000000,96.000000,96.000000,96.000000,95.000000,95.000000,5.0,106.3742,97.4416,377.1451,386.0777,PENDING_AG03,FALSE,NOT_FOR_ENFORCEMENT,464.1785,70789.7852,483.5193,464.1785,19.3408,0.00593162,0.00569435,19.3408,464.1785,0.00569435,19.3408,19.3408,19.3408,24.1760,24.1760,464.1785,0.00569435,106.3742,97.4416,377.1451,386.0777,0.00462666,0.00473624,0.00023726,7.1750,6.4906,0.0426,4.2045,0.0806,708.8314,98.7913,8.8300,6.6350,4.0407,4.4018,8.4329,14.3073,20.7715,40.8781,4.2012,0.0,4.718859,9.286678,1.630025,30,242,81,2,0.30276321,0.00593162,-0.00694385,0E-8,0.000000,0.904604,0.002289,0.01846642,2026-03-22,2026-08-06,115,6001,2406,138,0.833333,1.330819,1.230659,1.009211,,,,,,,,GLOBAL_BASELINE_NO_ENTITY_RANKING,,,NOT_APPLICABLE_GLOBAL_BASELINE,HF9g-P5,,,,X 全窗基线 · 不参与实体赏罚,8399617,840,A168_HF9F_20260827_0900,2026-08-27 09:00:00
2026-04-11,36810153,1505,0,4.2164737630,-4.2164737630,-4.2164737630,0E-7,1,1,0.50665070000000000,0.506650700000,-1.013391052207602,-1.013391052207602,-1.013391052207602,0E-17,ELIGIBLE,R03b_20260811_FULL_v1,L1_ELIGIBILITY,v2026-08-11,2026-03-21..2026-08-06,baccarat_bet02_101_all_pairs_incl_sentinel,round_win = game_pnl > 0 (decisive only),COMPATIBILITY_ONLY_NOT_PRODUCTION,81515.6139,73739.3596,483.5193,11361,11361,-0.00593162,0.00694385,-0.01152257,-0.00593162,-483.5193,81515.6139,OK,0.0000,19.3408,4.0000,96.0000,AG03-UNRESOLVED,ALL5_LEVELS_bet23_to_bet27,19.3408,19.3408,19.3408,24.1760,24.1760,4.000000,4.000000,4.000000,5.000000,5.000000,96.000000,96.000000,96.000000,95.000000,95.000000,5.0,106.3742,97.4416,377.1451,386.0777,PENDING_AG03,FALSE,NOT_FOR_ENFORCEMENT,464.1785,70789.7852,483.5193,464.1785,19.3408,0.00593162,0.00569435,19.3408,464.1785,0.00569435,19.3408,19.3408,19.3408,24.1760,24.1760,464.1785,0.00569435,106.3742,97.4416,377.1451,386.0777,0.00462666,0.00473624,0.00023726,7.1750,6.4906,0.0426,4.2045,0.0806,708.8314,98.7913,8.8300,6.6350,4.0407,4.4018,8.4329,14.3073,20.7715,40.8781,4.2012,0.0,4.718859,9.286678,1.630025,30,242,81,2,0.30276321,0.00593162,-0.00694385,0E-8,0.000000,0.904604,0.002289,0.01846642,2026-03-22,2026-08-06,115,6001,2406,138,0.833333,1.330819,1.230659,1.009211,,,,,,,,GLOBAL_BASELINE_NO_ENTITY_RANKING,,,NOT_APPLICABLE_GLOBAL_BASELINE,HF9g-P5,,,,X 全窗基线 · 不参与实体赏罚,8399618,840,A168_HF9F_20260827_0900,2026-08-27 09:00:00
2026-04-11,36810153,1623,0,106.4659625155,34.4064259060,34.4064259060,0.7000000,14,14,0.49994810000000000,0.499948100000,1.2652393153045998,1.2652393153045998,1.2652393153045998,0E-17,ELIGIBLE,R03b_20260811_FULL_v1,L1_ELIGIBILITY,v2026-08-11,2026-03-21..2026-08-06,baccarat_bet02_101_all_pairs_incl_sentinel,round_win = game_pnl > 0 (decisive only),COMPATIBILITY_ONLY_NOT_PRODUCTION,81515.6139,73739.3596,483.5193,11361,11361,-0.00593162,0.00694385,-0.01152257,-0.00593162,-483.5193,81515.6139,OK,0.0000,19.3408,4.0000,96.0000,AG03-UNRESOLVED,ALL5_LEVELS_bet23_to_bet27,19.3408,19.3408,19.3408,24.1760,24.1760,4.000000,4.000000,4.000000,5.000000,5.000000,96.000000,96.000000,96.000000,95.000000,95.000000,5.0,106.3742,97.4416,377.1451,386.0777,PENDING_AG03,FALSE,NOT_FOR_ENFORCEMENT,464.1785,70789.7852,483.5193,464.1785,19.3408,0.00593162,0.00569435,19.3408,464.1785,0.00569435,19.3408,19.3408,19.3408,24.1760,24.1760,464.1785,0.00569435,106.3742,97.4416,377.1451,386.0777,0.00462666,0.00473624,0.00023726,7.1750,6.4906,0.0426,4.2045,0.0806,708.8314,98.7913,8.8300,6.6350,4.0407,4.4018,8.4329,14.3073,20.7715,40.8781,4.2012,0.0,4.718859,9.286678,1.630025,30,242,81,2,0.30276321,0.00593162,-0.00694385,0E-8,0.000000,0.904604,0.002289,0.01846642,2026-03-22,2026-08-06,115,6001,2406,138,0.833333,1.330819,1.230659,1.009211,,,,,,,,GLOBAL_BASELINE_NO_ENTITY_RANKING,,,NOT_APPLICABLE_GLOBAL_BASELINE,HF9g-P5,,,,X 全窗基线 · 不参与实体赏罚,8399619,840,A168_HF9F_20260827_0900,2026-08-27 09:00:00
2026-04-11,36810153,1963,0,9.4870659667,-1.2649421289,-1.2649421289,0.5000000,2,2,0.49994810000000000,0.499948100000,0.00014679536856514622,0.00014679536856514622,0.00014679536856514622,0E-17,ELIGIBLE,R03b_20260811_FULL_v1,L1_ELIGIBILITY,v2026-08-11,2026-03-21..2026-08-06,baccarat_bet02_101_all_pairs_incl_sentinel,round_win = game_pnl > 0 (decisive only),COMPATIBILITY_ONLY_NOT_PRODUCTION,81515.6139,73739.3596,483.5193,11361,11361,-0.00593162,0.00694385,-0.01152257,-0.00593162,-483.5193,81515.6139,OK,0.0000,19.3408,4.0000,96.0000,AG03-UNRESOLVED,ALL5_LEVELS_bet23_to_bet27,19.3408,19.3408,19.3408,24.1760,24.1760,4.000000,4.000000,4.000000,5.000000,5.000000,96.000000,96.000000,96.000000,95.000000,95.000000,5.0,106.3742,97.4416,377.1451,386.0777,PENDING_AG03,FALSE,NOT_FOR_ENFORCEMENT,464.1785,70789.7852,483.5193,464.1785,19.3408,0.00593162,0.00569435,19.3408,464.1785,0.00569435,19.3408,19.3408,19.3408,24.1760,24.1760,464.1785,0.00569435,106.3742,97.4416,377.1451,386.0777,0.00462666,0.00473624,0.00023726,7.1750,6.4906,0.0426,4.2045,0.0806,708.8314,98.7913,8.8300,6.6350,4.0407,4.4018,8.4329,14.3073,20.7715,40.8781,4.2012,0.0,4.718859,9.286678,1.630025,30,242,81,2,0.30276321,0.00593162,-0.00694385,0E-8,0.000000,0.904604,0.002289,0.01846642,2026-03-22,2026-08-06,115,6001,2406,138,0.833333,1.330819,1.230659,1.009211,,,,,,,,GLOBAL_BASELINE_NO_ENTITY_RANKING,,,NOT_APPLICABLE_GLOBAL_BASELINE,HF9g-P5,,,,X 全窗基线 · 不参与实体赏罚,8399620,840,A168_HF9F_20260827_0900,2026-08-27 09:00:00
2026-04-11,36810153,2088,0,10.5411844075,-10.5411844075,-10.5411844075,0E-7,1,1,0.49324550000000000,0.493245500000,-0.9865810262130424,-0.9865810262130424,-0.9865810262130424,0E-17,ELIGIBLE,R03b_20260811_FULL_v1,L1_ELIGIBILITY,v2026-08-11,2026-03-21..2026-08-06,baccarat_bet02_101_all_pairs_incl_sentinel,round_win = game_pnl > 0 (decisive only),COMPATIBILITY_ONLY_NOT_PRODUCTION,81515.6139,73739.3596,483.5193,11361,11361,-0.00593162,0.00694385,-0.01152257,-0.00593162,-483.5193,81515.6139,OK,0.0000,19.3408,4.0000,96.0000,AG03-UNRESOLVED,ALL5_LEVELS_bet23_to_bet27,19.3408,19.3408,19.3408,24.1760,24.1760,4.000000,4.000000,4.000000,5.000000,5.000000,96.000000,96.000000,96.000000,95.000000,95.000000,5.0,106.3742,97.4416,377.1451,386.0777,PENDING_AG03,FALSE,NOT_FOR_ENFORCEMENT,464.1785,70789.7852,483.5193,464.1785,19.3408,0.00593162,0.00569435,19.3408,464.1785,0.00569435,19.3408,19.3408,19.3408,24.1760,24.1760,464.1785,0.00569435,106.3742,97.4416,377.1451,386.0777,0.00462666,0.00473624,0.00023726,7.1750,6.4906,0.0426,4.2045,0.0806,708.8314,98.7913,8.8300,6.6350,4.0407,4.4018,8.4329,14.3073,20.7715,40.8781,4.2012,0.0,4.718859,9.286678,1.630025,30,242,81,2,0.30276321,0.00593162,-0.00694385,0E-8,0.000000,0.904604,0.002289,0.01846642,2026-03-22,2026-08-06,115,6001,2406,138,0.833333,1.330819,1.230659,1.009211,,,,,,,,GLOBAL_BASELINE_NO_ENTITY_RANKING,,,NOT_APPLICABLE_GLOBAL_BASELINE,HF9g-P5,,,,X 全窗基线 · 不参与实体赏罚,8399621,840,A168_HF9F_20260827_0900,2026-08-27 09:00:00
2026-04-11,36810153,2106,0,4.2164737630,4.0056500748,4.0056500748,1.0000000,1,1,0.50665070000000000,0.506650700000,0.9867858985152569,0.9867858985152569,0.9867858985152569,0E-17,ELIGIBLE,R03b_20260811_FULL_v1,L1_ELIGIBILITY,v2026-08-11,2026-03-21..2026-08-06,baccarat_bet02_101_all_pairs_incl_sentinel,round_win = game_pnl > 0 (decisive only),COMPATIBILITY_ONLY_NOT_PRODUCTION,81515.6139,73739.3596,483.5193,11361,11361,-0.00593162,0.00694385,-0.01152257,-0.00593162,-483.5193,81515.6139,OK,0.0000,19.3408,4.0000,96.0000,AG03-UNRESOLVED,ALL5_LEVELS_bet23_to_bet27,19.3408,19.3408,19.3408,24.1760,24.1760,4.000000,4.000000,4.000000,5.000000,5.000000,96.000000,96.000000,96.000000,95.000000,95.000000,5.0,106.3742,97.4416,377.1451,386.0777,PENDING_AG03,FALSE,NOT_FOR_ENFORCEMENT,464.1785,70789.7852,483.5193,464.1785,19.3408,0.00593162,0.00569435,19.3408,464.1785,0.00569435,19.3408,19.3408,19.3408,24.1760,24.1760,464.1785,0.00569435,106.3742,97.4416,377.1451,386.0777,0.00462666,0.00473624,0.00023726,7.1750,6.4906,0.0426,4.2045,0.0806,708.8314,98.7913,8.8300,6.6350,4.0407,4.4018,8.4329,14.3073,20.7715,40.8781,4.2012,0.0,4.718859,9.286678,1.630025,30,242,81,2,0.30276321,0.00593162,-0.00694385,0E-8,0.000000,0.904604,0.002289,0.01846642,2026-03-22,2026-08-06,115,6001,2406,138,0.833333,1.330819,1.230659,1.009211,,,,,,,,GLOBAL_BASELINE_NO_ENTITY_RANKING,,,NOT_APPLICABLE_GLOBAL_BASELINE,HF9g-P5,,,,X 全窗基线 · 不参与实体赏罚,8399622,840,A168_HF9F_20260827_0900,2026-08-27 09:00:00
2026-04-11,36810153,2155,0,11.1736554719,-1.4757658171,-1.4757658171,0.6666667,3,3,0.49771390000000000,0.497713900000,0.5852756695216578,0.5852756695216578,0.5852756695216578,0E-17,ELIGIBLE,R03b_20260811_FULL_v1,L1_ELIGIBILITY,v2026-08-11,2026-03-21..2026-08-06,baccarat_bet02_101_all_pairs_incl_sentinel,round_win = game_pnl > 0 (decisive only),COMPATIBILITY_ONLY_NOT_PRODUCTION,81515.6139,73739.3596,483.5193,11361,11361,-0.00593162,0.00694385,-0.01152257,-0.00593162,-483.5193,81515.6139,OK,0.0000,19.3408,4.0000,96.0000,AG03-UNRESOLVED,ALL5_LEVELS_bet23_to_bet27,19.3408,19.3408,19.3408,24.1760,24.1760,4.000000,4.000000,4.000000,5.000000,5.000000,96.000000,96.000000,96.000000,95.000000,95.000000,5.0,106.3742,97.4416,377.1451,386.0777,PENDING_AG03,FALSE,NOT_FOR_ENFORCEMENT,464.1785,70789.7852,483.5193,464.1785,19.3408,0.00593162,0.00569435,19.3408,464.1785,0.00569435,19.3408,19.3408,19.3408,24.1760,24.1760,464.1785,0.00569435,106.3742,97.4416,377.1451,386.0777,0.00462666,0.00473624,0.00023726,7.1750,6.4906,0.0426,4.2045,0.0806,708.8314,98.7913,8.8300,6.6350,4.0407,4.4018,8.4329,14.3073,20.7715,40.8781,4.2012,0.0,4.718859,9.286678,1.630025,30,242,81,2,0.30276321,0.00593162,-0.00694385,0E-8,0.000000,0.904604,0.002289,0.01846642,2026-03-22,2026-08-06,115,6001,2406,138,0.833333,1.330819,1.230659,1.009211,,,,,,,,GLOBAL_BASELINE_NO_ENTITY_RANKING,,,NOT_APPLICABLE_GLOBAL_BASELINE,HF9g-P5,,,,X 全窗基线 · 不参与实体赏罚,8399623,840,A168_HF9F_20260827_0900,2026-08-27 09:00:00
2026-04-11,36810153,2160,0,4.2164737630,-4.2164737630,-4.2164737630,0E-7,1,1,0.50665070000000000,0.506650700000,-1.013391052207602,-1.013391052207602,-1.013391052207602,0E-17,ELIGIBLE,R03b_20260811_FULL_v1,L1_ELIGIBILITY,v2026-08-11,2026-03-21..2026-08-06,baccarat_bet02_101_all_pairs_incl_sentinel,round_win = game_pnl > 0 (decisive only),COMPATIBILITY_ONLY_NOT_PRODUCTION,81515.6139,73739.3596,483.5193,11361,11361,-0.00593162,0.00694385,-0.01152257,-0.00593162,-483.5193,81515.6139,OK,0.0000,19.3408,4.0000,96.0000,AG03-UNRESOLVED,ALL5_LEVELS_bet23_to_bet27,19.3408,19.3408,19.3408,24.1760,24.1760,4.000000,4.000000,4.000000,5.000000,5.000000,96.000000,96.000000,96.000000,95.000000,95.000000,5.0,106.3742,97.4416,377.1451,386.0777,PENDING_AG03,FALSE,NOT_FOR_ENFORCEMENT,464.1785,70789.7852,483.5193,464.1785,19.3408,0.00593162,0.00569435,19.3408,464.1785,0.00569435,19.3408,19.3408,19.3408,24.1760,24.1760,464.1785,0.00569435,106.3742,97.4416,377.1451,386.0777,0.00462666,0.00473624,0.00023726,7.1750,6.4906,0.0426,4.2045,0.0806,708.8314,98.7913,8.8300,6.6350,4.0407,4.4018,8.4329,14.3073,20.7715,40.8781,4.2012,0.0,4.718859,9.286678,1.630025,30,242,81,2,0.30276321,0.00593162,-0.00694385,0E-8,0.000000,0.904604,0.002289,0.01846642,2026-03-22,2026-08-06,115,6001,2406,138,0.833333,1.330819,1.230659,1.009211,,,,,,,,GLOBAL_BASELINE_NO_ENTITY_RANKING,,,NOT_APPLICABLE_GLOBAL_BASELINE,HF9g-P5,,,,X 全窗基线 · 不参与实体赏罚,8399624,840,A168_HF9F_20260827_0900,2026-08-27 09:00:00
2026-04-11,36810153,2196,0,4.4272974511,4.4272974511,4.4272974511,1.0000000,1,1,0.49324550000000000,0.493245500000,1.01360149184955,1.01360149184955,1.01360149184955,0E-17,ELIGIBLE,R03b_20260811_FULL_v1,L1_ELIGIBILITY,v2026-08-11,2026-03-21..2026-08-06,baccarat_bet02_101_all_pairs_incl_sentinel,round_win = game_pnl > 0 (decisive only),COMPATIBILITY_ONLY_NOT_PRODUCTION,81515.6139,73739.3596,483.5193,11361,11361,-0.00593162,0.00694385,-0.01152257,-0.00593162,-483.5193,81515.6139,OK,0.0000,19.3408,4.0000,96.0000,AG03-UNRESOLVED,ALL5_LEVELS_bet23_to_bet27,19.3408,19.3408,19.3408,24.1760,24.1760,4.000000,4.000000,4.000000,5.000000,5.000000,96.000000,96.000000,96.000000,95.000000,95.000000,5.0,106.3742,97.4416,377.1451,386.0777,PENDING_AG03,FALSE,NOT_FOR_ENFORCEMENT,464.1785,70789.7852,483.5193,464.1785,19.3408,0.00593162,0.00569435,19.3408,464.1785,0.00569435,19.3408,19.3408,19.3408,24.1760,24.1760,464.1785,0.00569435,106.3742,97.4416,377.1451,386.0777,0.00462666,0.00473624,0.00023726,7.1750,6.4906,0.0426,4.2045,0.0806,708.8314,98.7913,8.8300,6.6350,4.0407,4.4018,8.4329,14.3073,20.7715,40.8781,4.2012,0.0,4.718859,9.286678,1.630025,30,242,81,2,0.30276321,0.00593162,-0.00694385,0E-8,0.000000,0.904604,0.002289,0.01846642,2026-03-22,2026-08-06,115,6001,2406,138,0.833333,1.330819,1.230659,1.009211,,,,,,,,GLOBAL_BASELINE_NO_ENTITY_RANKING,,,NOT_APPLICABLE_GLOBAL_BASELINE,HF9g-P5,,,,X 全窗基线 · 不参与实体赏罚,8399625,840,A168_HF9F_20260827_0900,2026-08-27 09:00:00
2026-04-11,36810153,2222,0,12.8602449770,12.8602449770,12.8602449770,1.0000000,3,3,0.49324550000000000,0.493245500000,1.755609282511032,1.7556092825110319,1.755609282511032,0E-17,ELIGIBLE,R03b_20260811_FULL_v1,L1_ELIGIBILITY,v2026-08-11,2026-03-21..2026-08-06,baccarat_bet02_101_all_pairs_incl_sentinel,round_win = game_pnl > 0 (decisive only),COMPATIBILITY_ONLY_NOT_PRODUCTION,81515.6139,73739.3596,483.5193,11361,11361,-0.00593162,0.00694385,-0.01152257,-0.00593162,-483.5193,81515.6139,OK,0.0000,19.3408,4.0000,96.0000,AG03-UNRESOLVED,ALL5_LEVELS_bet23_to_bet27,19.3408,19.3408,19.3408,24.1760,24.1760,4.000000,4.000000,4.000000,5.000000,5.000000,96.000000,96.000000,96.000000,95.000000,95.000000,5.0,106.3742,97.4416,377.1451,386.0777,PENDING_AG03,FALSE,NOT_FOR_ENFORCEMENT,464.1785,70789.7852,483.5193,464.1785,19.3408,0.00593162,0.00569435,19.3408,464.1785,0.00569435,19.3408,19.3408,19.3408,24.1760,24.1760,464.1785,0.00569435,106.3742,97.4416,377.1451,386.0777,0.00462666,0.00473624,0.00023726,7.1750,6.4906,0.0426,4.2045,0.0806,708.8314,98.7913,8.8300,6.6350,4.0407,4.4018,8.4329,14.3073,20.7715,40.8781,4.2012,0.0,4.718859,9.286678,1.630025,30,242,81,2,0.30276321,0.00593162,-0.00694385,0E-8,0.000000,0.904604,0.002289,0.01846642,2026-03-22,2026-08-06,115,6001,2406,138,0.833333,1.330819,1.230659,1.009211,,,,,,,,GLOBAL_BASELINE_NO_ENTITY_RANKING,,,NOT_APPLICABLE_GLOBAL_BASELINE,HF9g-P5,,,,X 全窗基线 · 不参与实体赏罚,8399626,840,A168_HF9F_20260827_0900,2026-08-27 09:00:00
2026-04-11,36810153,2229,0,9.6978896548,-0.2424472413,-0.2424472413,0.5000000,2,2,0.50665070000000000,0.506650700000,-0.018812684590367487,-0.018812684590367487,-0.018812684590367487,0E-17,ELIGIBLE,R03b_20260811_FULL_v1,L1_ELIGIBILITY,v2026-08-11,2026-03-21..2026-08-06,baccarat_bet02_101_all_pairs_incl_sentinel,round_win = game_pnl > 0 (decisive only),COMPATIBILITY_ONLY_NOT_PRODUCTION,81515.6139,73739.3596,483.5193,11361,11361,-0.00593162,0.00694385,-0.01152257,-0.00593162,-483.5193,81515.6139,OK,0.0000,19.3408,4.0000,96.0000,AG03-UNRESOLVED,ALL5_LEVELS_bet23_to_bet27,19.3408,19.3408,19.3408,24.1760,24.1760,4.000000,4.000000,4.000000,5.000000,5.000000,96.000000,96.000000,96.000000,95.000000,95.000000,5.0,106.3742,97.4416,377.1451,386.0777,PENDING_AG03,FALSE,NOT_FOR_ENFORCEMENT,464.1785,70789.7852,483.5193,464.1785,19.3408,0.00593162,0.00569435,19.3408,464.1785,0.00569435,19.3408,19.3408,19.3408,24.1760,24.1760,464.1785,0.00569435,106.3742,97.4416,377.1451,386.0777,0.00462666,0.00473624,0.00023726,7.1750,6.4906,0.0426,4.2045,0.0806,708.8314,98.7913,8.8300,6.6350,4.0407,4.4018,8.4329,14.3073,20.7715,40.8781,4.2012,0.0,4.718859,9.286678,1.630025,30,242,81,2,0.30276321,0.00593162,-0.00694385,0E-8,0.000000,0.904604,0.002289,0.01846642,2026-03-22,2026-08-06,115,6001,2406,138,0.833333,1.330819,1.230659,1.009211,,,,,,,,GLOBAL_BASELINE_NO_ENTITY_RANKING,,,NOT_APPLICABLE_GLOBAL_BASELINE,HF9g-P5,,,,X 全窗基线 · 不参与实体赏罚,8399627,840,A168_HF9F_20260827_0900,2026-08-27 09:00:00
2026-04-11,36810153,2235,0,4.6381211393,-4.6381211393,-4.6381211393,0E-7,1,1,0.50665070000000000,0.506650700000,-1.013391052207602,-1.013391052207602,-1.013391052207602,0E-17,ELIGIBLE,R03b_20260811_FULL_v1,L1_ELIGIBILITY,v2026-08-11,2026-03-21..2026-08-06,baccarat_bet02_101_all_pairs_incl_sentinel,round_win = game_pnl > 0 (decisive only),COMPATIBILITY_ONLY_NOT_PRODUCTION,81515.6139,73739.3596,483.5193,11361,11361,-0.00593162,0.00694385,-0.01152257,-0.00593162,-483.5193,81515.6139,OK,0.0000,19.3408,4.0000,96.0000,AG03-UNRESOLVED,ALL5_LEVELS_bet23_to_bet27,19.3408,19.3408,19.3408,24.1760,24.1760,4.000000,4.000000,4.000000,5.000000,5.000000,96.000000,96.000000,96.000000,95.000000,95.000000,5.0,106.3742,97.4416,377.1451,386.0777,PENDING_AG03,FALSE,NOT_FOR_ENFORCEMENT,464.1785,70789.7852,483.5193,464.1785,19.3408,0.00593162,0.00569435,19.3408,464.1785,0.00569435,19.3408,19.3408,19.3408,24.1760,24.1760,464.1785,0.00569435,106.3742,97.4416,377.1451,386.0777,0.00462666,0.00473624,0.00023726,7.1750,6.4906,0.0426,4.2045,0.0806,708.8314,98.7913,8.8300,6.6350,4.0407,4.4018,8.4329,14.3073,20.7715,40.8781,4.2012,0.0,4.718859,9.286678,1.630025,30,242,81,2,0.30276321,0.00593162,-0.00694385,0E-8,0.000000,0.904604,0.002289,0.01846642,2026-03-22,2026-08-06,115,6001,2406,138,0.833333,1.330819,1.230659,1.009211,,,,,,,,GLOBAL_BASELINE_NO_ENTITY_RANKING,,,NOT_APPLICABLE_GLOBAL_BASELINE,HF9g-P5,,,,X 全窗基线 · 不参与实体赏罚,8399628,840,A168_HF9F_20260827_0900,2026-08-27 09:00:00
2026-04-11,36810153,2241,0,4.2164737630,-4.2164737630,-4.2164737630,0E-7,1,1,0.50665070000000000,0.506650700000,-1.013391052207602,-1.013391052207602,-1.013391052207602,0E-17,ELIGIBLE,R03b_20260811_FULL_v1,L1_ELIGIBILITY,v2026-08-11,2026-03-21..2026-08-06,baccarat_bet02_101_all_pairs_incl_sentinel,round_win = game_pnl > 0 (decisive only),COMPATIBILITY_ONLY_NOT_PRODUCTION,81515.6139,73739.3596,483.5193,11361,11361,-0.00593162,0.00694385,-0.01152257,-0.00593162,-483.5193,81515.6139,OK,0.0000,19.3408,4.0000,96.0000,AG03-UNRESOLVED,ALL5_LEVELS_bet23_to_bet27,19.3408,19.3408,19.3408,24.1760,24.1760,4.000000,4.000000,4.000000,5.000000,5.000000,96.000000,96.000000,96.000000,95.000000,95.000000,5.0,106.3742,97.4416,377.1451,386.0777,PENDING_AG03,FALSE,NOT_FOR_ENFORCEMENT,464.1785,70789.7852,483.5193,464.1785,19.3408,0.00593162,0.00569435,19.3408,464.1785,0.00569435,19.3408,19.3408,19.3408,24.1760,24.1760,464.1785,0.00569435,106.3742,97.4416,377.1451,386.0777,0.00462666,0.00473624,0.00023726,7.1750,6.4906,0.0426,4.2045,0.0806,708.8314,98.7913,8.8300,6.6350,4.0407,4.4018,8.4329,14.3073,20.7715,40.8781,4.2012,0.0,4.718859,9.286678,1.630025,30,242,81,2,0.30276321,0.00593162,-0.00694385,0E-8,0.000000,0.904604,0.002289,0.01846642,2026-03-22,2026-08-06,115,6001,2406,138,0.833333,1.330819,1.230659,1.009211,,,,,,,,GLOBAL_BASELINE_NO_ENTITY_RANKING,,,NOT_APPLICABLE_GLOBAL_BASELINE,HF9g-P5,,,,X 全窗基线 · 不参与实体赏罚,8399629,840,A168_HF9F_20260827_0900,2026-08-27 09:00:00
2026-04-11,36810153,2252,0,14.5468344823,-14.5468344823,-14.5468344823,0E-7,2,2,0.49994810000000000,0.499948100000,-1.4140667746232096,-1.4140667746232096,-1.4140667746232096,0E-17,ELIGIBLE,R03b_20260811_FULL_v1,L1_ELIGIBILITY,v2026-08-11,2026-03-21..2026-08-06,baccarat_bet02_101_all_pairs_incl_sentinel,round_win = game_pnl > 0 (decisive only),COMPATIBILITY_ONLY_NOT_PRODUCTION,81515.6139,73739.3596,483.5193,11361,11361,-0.00593162,0.00694385,-0.01152257,-0.00593162,-483.5193,81515.6139,OK,0.0000,19.3408,4.0000,96.0000,AG03-UNRESOLVED,ALL5_LEVELS_bet23_to_bet27,19.3408,19.3408,19.3408,24.1760,24.1760,4.000000,4.000000,4.000000,5.000000,5.000000,96.000000,96.000000,96.000000,95.000000,95.000000,5.0,106.3742,97.4416,377.1451,386.0777,PENDING_AG03,FALSE,NOT_FOR_ENFORCEMENT,464.1785,70789.7852,483.5193,464.1785,19.3408,0.00593162,0.00569435,19.3408,464.1785,0.00569435,19.3408,19.3408,19.3408,24.1760,24.1760,464.1785,0.00569435,106.3742,97.4416,377.1451,386.0777,0.00462666,0.00473624,0.00023726,7.1750,6.4906,0.0426,4.2045,0.0806,708.8314,98.7913,8.8300,6.6350,4.0407,4.4018,8.4329,14.3073,20.7715,40.8781,4.2012,0.0,4.718859,9.286678,1.630025,30,242,81,2,0.30276321,0.00593162,-0.00694385,0E-8,0.000000,0.904604,0.002289,0.01846642,2026-03-22,2026-08-06,115,6001,2406,138,0.833333,1.330819,1.230659,1.009211,,,,,,,,GLOBAL_BASELINE_NO_ENTITY_RANKING,,,NOT_APPLICABLE_GLOBAL_BASELINE,HF9g-P5,,,,X 全窗基线 · 不参与实体赏罚,8399630,840,A168_HF9F_20260827_0900,2026-08-27 09:00:00
2026-04-11,36810153,462,0,14.5468344823,0E-10,0E-10,,2,2,0.50665070000000000,0.506650700000,,,,0E-17,NO_DECISIVE_ROUND,R03b_20260811_FULL_v1,L1_ELIGIBILITY,v2026-08-11,2026-03-21..2026-08-06,baccarat_bet02_101_all_pairs_incl_sentinel,round_win = game_pnl > 0 (decisive only),COMPATIBILITY_ONLY_NOT_PRODUCTION,81515.6139,73739.3596,483.5193,11361,11361,-0.00593162,0.00694385,-0.01152257,-0.00593162,-483.5193,81515.6139,OK,0.0000,19.3408,4.0000,96.0000,AG03-UNRESOLVED,ALL5_LEVELS_bet23_to_bet27,19.3408,19.3408,19.3408,24.1760,24.1760,4.000000,4.000000,4.000000,5.000000,5.000000,96.000000,96.000000,96.000000,95.000000,95.000000,5.0,106.3742,97.4416,377.1451,386.0777,PENDING_AG03,FALSE,NOT_FOR_ENFORCEMENT,464.1785,70789.7852,483.5193,464.1785,19.3408,0.00593162,0.00569435,19.3408,464.1785,0.00569435,19.3408,19.3408,19.3408,24.1760,24.1760,464.1785,0.00569435,106.3742,97.4416,377.1451,386.0777,0.00462666,0.00473624,0.00023726,7.1750,6.4906,0.0426,4.2045,0.0806,708.8314,98.7913,8.8300,6.6350,4.0407,4.4018,8.4329,14.3073,20.7715,40.8781,4.2012,0.0,4.718859,9.286678,1.630025,30,242,81,2,0.30276321,0.00593162,-0.00694385,0E-8,0.000000,0.904604,0.002289,0.01846642,2026-03-22,2026-08-06,115,6001,2406,138,0.833333,1.330819,1.230659,1.009211,,,,,,,,GLOBAL_BASELINE_NO_ENTITY_RANKING,,,NOT_APPLICABLE_GLOBAL_BASELINE,HF9g-P5,,,,X 全窗基线 · 不参与实体赏罚,8399631,840,A168_HF9F_20260827_0900,2026-08-27 09:00:00
2026-04-11,36810153,471,0,4.8489448274,0E-10,0E-10,,1,1,0.49324550000000000,0.493245500000,,,,0E-17,NO_DECISIVE_ROUND,R03b_20260811_FULL_v1,L1_ELIGIBILITY,v2026-08-11,2026-03-21..2026-08-06,baccarat_bet02_101_all_pairs_incl_sentinel,round_win = game_pnl > 0 (decisive only),COMPATIBILITY_ONLY_NOT_PRODUCTION,81515.6139,73739.3596,483.5193,11361,11361,-0.00593162,0.00694385,-0.01152257,-0.00593162,-483.5193,81515.6139,OK,0.0000,19.3408,4.0000,96.0000,AG03-UNRESOLVED,ALL5_LEVELS_bet23_to_bet27,19.3408,19.3408,19.3408,24.1760,24.1760,4.000000,4.000000,4.000000,5.000000,5.000000,96.000000,96.000000,96.000000,95.000000,95.000000,5.0,106.3742,97.4416,377.1451,386.0777,PENDING_AG03,FALSE,NOT_FOR_ENFORCEMENT,464.1785,70789.7852,483.5193,464.1785,19.3408,0.00593162,0.00569435,19.3408,464.1785,0.00569435,19.3408,19.3408,19.3408,24.1760,24.1760,464.1785,0.00569435,106.3742,97.4416,377.1451,386.0777,0.00462666,0.00473624,0.00023726,7.1750,6.4906,0.0426,4.2045,0.0806,708.8314,98.7913,8.8300,6.6350,4.0407,4.4018,8.4329,14.3073,20.7715,40.8781,4.2012,0.0,4.718859,9.286678,1.630025,30,242,81,2,0.30276321,0.00593162,-0.00694385,0E-8,0.000000,0.904604,0.002289,0.01846642,2026-03-22,2026-08-06,115,6001,2406,138,0.833333,1.330819,1.230659,1.009211,,,,,,,,GLOBAL_BASELINE_NO_ENTITY_RANKING,,,NOT_APPLICABLE_GLOBAL_BASELINE,HF9g-P5,,,,X 全窗基线 · 不参与实体赏罚,8399632,840,A168_HF9F_20260827_0900,2026-08-27 09:00:00
2026-04-12,36810153,-1,1,141.8843421248,-63.4684713176,-63.4684713176,0.2777778,20,20,0.49994810000000000,0.499948100000,-1.8851777072166709,-1.8851777072166707,-1.8851777072166709,0E-17,SENTINEL_DEALER,R03b_20260811_FULL_v1,L1_ELIGIBILITY,v2026-08-11,2026-03-21..2026-08-06,baccarat_bet02_101_all_pairs_incl_sentinel,round_win = game_pnl > 0 (decisive only),COMPATIBILITY_ONLY_NOT_PRODUCTION,81515.6139,73739.3596,483.5193,11361,11361,-0.00593162,0.00694385,-0.01152257,-0.00593162,-483.5193,81515.6139,OK,0.0000,19.3408,4.0000,96.0000,AG03-UNRESOLVED,ALL5_LEVELS_bet23_to_bet27,19.3408,19.3408,19.3408,24.1760,24.1760,4.000000,4.000000,4.000000,5.000000,5.000000,96.000000,96.000000,96.000000,95.000000,95.000000,5.0,106.3742,97.4416,377.1451,386.0777,PENDING_AG03,FALSE,NOT_FOR_ENFORCEMENT,464.1785,70789.7852,483.5193,464.1785,19.3408,0.00593162,0.00569435,19.3408,464.1785,0.00569435,19.3408,19.3408,19.3408,24.1760,24.1760,464.1785,0.00569435,106.3742,97.4416,377.1451,386.0777,0.00462666,0.00473624,0.00023726,7.1750,6.4906,0.0426,4.2045,0.0806,708.8314,98.7913,8.8300,6.6350,4.0407,4.4018,8.4329,14.3073,20.7715,40.8781,4.2012,0.0,4.718859,9.286678,1.630025,30,242,81,2,0.30276321,0.00593162,-0.00694385,0E-8,0.000000,0.904604,0.002289,0.01846642,2026-03-22,2026-08-06,115,6001,2406,138,0.833333,1.330819,1.230659,1.009211,,,,,,,,GLOBAL_BASELINE_NO_ENTITY_RANKING,,,NOT_APPLICABLE_GLOBAL_BASELINE,HF9g-P5,,,,X 全窗基线 · 不参与实体赏罚,8399633,840,A168_HF9F_20260827_0900,2026-08-27 09:00:00
2026-04-12,36810153,1004,0,14.5468344823,-9.0654185905,-9.0654185905,0.3333333,3,3,0.49771390000000000,0.497713900000,-0.5694369385616226,-0.5694369385616226,-0.5694369385616226,0E-17,ELIGIBLE,R03b_20260811_FULL_v1,L1_ELIGIBILITY,v2026-08-11,2026-03-21..2026-08-06,baccarat_bet02_101_all_pairs_incl_sentinel,round_win = game_pnl > 0 (decisive only),COMPATIBILITY_ONLY_NOT_PRODUCTION,81515.6139,73739.3596,483.5193,11361,11361,-0.00593162,0.00694385,-0.01152257,-0.00593162,-483.5193,81515.6139,OK,0.0000,19.3408,4.0000,96.0000,AG03-UNRESOLVED,ALL5_LEVELS_bet23_to_bet27,19.3408,19.3408,19.3408,24.1760,24.1760,4.000000,4.000000,4.000000,5.000000,5.000000,96.000000,96.000000,96.000000,95.000000,95.000000,5.0,106.3742,97.4416,377.1451,386.0777,PENDING_AG03,FALSE,NOT_FOR_ENFORCEMENT,464.1785,70789.7852,483.5193,464.1785,19.3408,0.00593162,0.00569435,19.3408,464.1785,0.00569435,19.3408,19.3408,19.3408,24.1760,24.1760,464.1785,0.00569435,106.3742,97.4416,377.1451,386.0777,0.00462666,0.00473624,0.00023726,7.1750,6.4906,0.0426,4.2045,0.0806,708.8314,98.7913,8.8300,6.6350,4.0407,4.4018,8.4329,14.3073,20.7715,40.8781,4.2012,0.0,4.718859,9.286678,1.630025,30,242,81,2,0.30276321,0.00593162,-0.00694385,0E-8,0.000000,0.904604,0.002289,0.01846642,2026-03-22,2026-08-06,115,6001,2406,138,0.833333,1.330819,1.230659,1.009211,,,,,,,,GLOBAL_BASELINE_NO_ENTITY_RANKING,,,NOT_APPLICABLE_GLOBAL_BASELINE,HF9g-P5,,,,X 全窗基线 · 不参与实体赏罚,8399634,840,A168_HF9F_20260827_0900,2026-08-27 09:00:00
2026-04-12,36810153,1078,0,21.0823688150,-0.5270592204,-0.5270592204,0.3333333,3,3,0.50665070000000000,0.506650700000,-0.6004420894325239,-0.6004420894325239,-0.6004420894325239,0E-17,ELIGIBLE,R03b_20260811_FULL_v1,L1_ELIGIBILITY,v2026-08-11,2026-03-21..2026-08-06,baccarat_bet02_101_all_pairs_incl_sentinel,round_win = game_pnl > 0 (decisive only),COMPATIBILITY_ONLY_NOT_PRODUCTION,81515.6139,73739.3596,483.5193,11361,11361,-0.00593162,0.00694385,-0.01152257,-0.00593162,-483.5193,81515.6139,OK,0.0000,19.3408,4.0000,96.0000,AG03-UNRESOLVED,ALL5_LEVELS_bet23_to_bet27,19.3408,19.3408,19.3408,24.1760,24.1760,4.000000,4.000000,4.000000,5.000000,5.000000,96.000000,96.000000,96.000000,95.000000,95.000000,5.0,106.3742,97.4416,377.1451,386.0777,PENDING_AG03,FALSE,NOT_FOR_ENFORCEMENT,464.1785,70789.7852,483.5193,464.1785,19.3408,0.00593162,0.00569435,19.3408,464.1785,0.00569435,19.3408,19.3408,19.3408,24.1760,24.1760,464.1785,0.00569435,106.3742,97.4416,377.1451,386.0777,0.00462666,0.00473624,0.00023726,7.1750,6.4906,0.0426,4.2045,0.0806,708.8314,98.7913,8.8300,6.6350,4.0407,4.4018,8.4329,14.3073,20.7715,40.8781,4.2012,0.0,4.718859,9.286678,1.630025,30,242,81,2,0.30276321,0.00593162,-0.00694385,0E-8,0.000000,0.904604,0.002289,0.01846642,2026-03-22,2026-08-06,115,6001,2406,138,0.833333,1.330819,1.230659,1.009211,,,,,,,,GLOBAL_BASELINE_NO_ENTITY_RANKING,,,NOT_APPLICABLE_GLOBAL_BASELINE,HF9g-P5,,,,X 全窗基线 · 不参与实体赏罚,8399635,840,A168_HF9F_20260827_0900,2026-08-27 09:00:00
2026-04-12,36810153,1094,0,4.2164737630,-4.2164737630,-4.2164737630,0E-7,1,1,0.49324550000000000,0.493245500000,-0.9865810262130424,-0.9865810262130424,-0.9865810262130424,0E-17,ELIGIBLE,R03b_20260811_FULL_v1,L1_ELIGIBILITY,v2026-08-11,2026-03-21..2026-08-06,baccarat_bet02_101_all_pairs_incl_sentinel,round_win = game_pnl > 0 (decisive only),COMPATIBILITY_ONLY_NOT_PRODUCTION,81515.6139,73739.3596,483.5193,11361,11361,-0.00593162,0.00694385,-0.01152257,-0.00593162,-483.5193,81515.6139,OK,0.0000,19.3408,4.0000,96.0000,AG03-UNRESOLVED,ALL5_LEVELS_bet23_to_bet27,19.3408,19.3408,19.3408,24.1760,24.1760,4.000000,4.000000,4.000000,5.000000,5.000000,96.000000,96.000000,96.000000,95.000000,95.000000,5.0,106.3742,97.4416,377.1451,386.0777,PENDING_AG03,FALSE,NOT_FOR_ENFORCEMENT,464.1785,70789.7852,483.5193,464.1785,19.3408,0.00593162,0.00569435,19.3408,464.1785,0.00569435,19.3408,19.3408,19.3408,24.1760,24.1760,464.1785,0.00569435,106.3742,97.4416,377.1451,386.0777,0.00462666,0.00473624,0.00023726,7.1750,6.4906,0.0426,4.2045,0.0806,708.8314,98.7913,8.8300,6.6350,4.0407,4.4018,8.4329,14.3073,20.7715,40.8781,4.2012,0.0,4.718859,9.286678,1.630025,30,242,81,2,0.30276321,0.00593162,-0.00694385,0E-8,0.000000,0.904604,0.002289,0.01846642,2026-03-22,2026-08-06,115,6001,2406,138,0.833333,1.330819,1.230659,1.009211,,,,,,,,GLOBAL_BASELINE_NO_ENTITY_RANKING,,,NOT_APPLICABLE_GLOBAL_BASELINE,HF9g-P5,,,,X 全窗基线 · 不参与实体赏罚,8399636,840,A168_HF9F_20260827_0900,2026-08-27 09:00:00
2026-04-12,36810153,1109,0,8.4329475260,8.0113001497,8.0113001497,1.0000000,1,1,0.50665070000000000,0.506650700000,0.9867858985152569,0.9867858985152569,0.9867858985152569,0E-17,ELIGIBLE,R03b_20260811_FULL_v1,L1_ELIGIBILITY,v2026-08-11,2026-03-21..2026-08-06,baccarat_bet02_101_all_pairs_incl_sentinel,round_win = game_pnl > 0 (decisive only),COMPATIBILITY_ONLY_NOT_PRODUCTION,81515.6139,73739.3596,483.5193,11361,11361,-0.00593162,0.00694385,-0.01152257,-0.00593162,-483.5193,81515.6139,OK,0.0000,19.3408,4.0000,96.0000,AG03-UNRESOLVED,ALL5_LEVELS_bet23_to_bet27,19.3408,19.3408,19.3408,24.1760,24.1760,4.000000,4.000000,4.000000,5.000000,5.000000,96.000000,96.000000,96.000000,95.000000,95.000000,5.0,106.3742,97.4416,377.1451,386.0777,PENDING_AG03,FALSE,NOT_FOR_ENFORCEMENT,464.1785,70789.7852,483.5193,464.1785,19.3408,0.00593162,0.00569435,19.3408,464.1785,0.00569435,19.3408,19.3408,19.3408,24.1760,24.1760,464.1785,0.00569435,106.3742,97.4416,377.1451,386.0777,0.00462666,0.00473624,0.00023726,7.1750,6.4906,0.0426,4.2045,0.0806,708.8314,98.7913,8.8300,6.6350,4.0407,4.4018,8.4329,14.3073,20.7715,40.8781,4.2012,0.0,4.718859,9.286678,1.630025,30,242,81,2,0.30276321,0.00593162,-0.00694385,0E-8,0.000000,0.904604,0.002289,0.01846642,2026-03-22,2026-08-06,115,6001,2406,138,0.833333,1.330819,1.230659,1.009211,,,,,,,,GLOBAL_BASELINE_NO_ENTITY_RANKING,,,NOT_APPLICABLE_GLOBAL_BASELINE,HF9g-P5,,,,X 全窗基线 · 不参与实体赏罚,8399637,840,A168_HF9F_20260827_0900,2026-08-27 09:00:00
2026-04-12,36810153,1151,0,13.4927160416,8.0113001497,8.0113001497,1.0000000,2,2,0.49324550000000000,0.493245500000,1.01360149184955,1.01360149184955,1.01360149184955,0E-17,ELIGIBLE,R03b_20260811_FULL_v1,L1_ELIGIBILITY,v2026-08-11,2026-03-21..2026-08-06,baccarat_bet02_101_all_pairs_incl_sentinel,round_win = game_pnl > 0 (decisive only),COMPATIBILITY_ONLY_NOT_PRODUCTION,81515.6139,73739.3596,483.5193,11361,11361,-0.00593162,0.00694385,-0.01152257,-0.00593162,-483.5193,81515.6139,OK,0.0000,19.3408,4.0000,96.0000,AG03-UNRESOLVED,ALL5_LEVELS_bet23_to_bet27,19.3408,19.3408,19.3408,24.1760,24.1760,4.000000,4.000000,4.000000,5.000000,5.000000,96.000000,96.000000,96.000000,95.000000,95.000000,5.0,106.3742,97.4416,377.1451,386.0777,PENDING_AG03,FALSE,NOT_FOR_ENFORCEMENT,464.1785,70789.7852,483.5193,464.1785,19.3408,0.00593162,0.00569435,19.3408,464.1785,0.00569435,19.3408,19.3408,19.3408,24.1760,24.1760,464.1785,0.00569435,106.3742,97.4416,377.1451,386.0777,0.00462666,0.00473624,0.00023726,7.1750,6.4906,0.0426,4.2045,0.0806,708.8314,98.7913,8.8300,6.6350,4.0407,4.4018,8.4329,14.3073,20.7715,40.8781,4.2012,0.0,4.718859,9.286678,1.630025,30,242,81,2,0.30276321,0.00593162,-0.00694385,0E-8,0.000000,0.904604,0.002289,0.01846642,2026-03-22,2026-08-06,115,6001,2406,138,0.833333,1.330819,1.230659,1.009211,,,,,,,,GLOBAL_BASELINE_NO_ENTITY_RANKING,,,NOT_APPLICABLE_GLOBAL_BASELINE,HF9g-P5,,,,X 全窗基线 · 不参与实体赏罚,8399638,840,A168_HF9F_20260827_0900,2026-08-27 09:00:00
2026-04-12,36810153,1210,0,14.7576581705,-14.7576581705,-14.7576581705,0E-7,2,2,0.49994810000000000,0.499948100000,-1.4140667746232096,-1.4140667746232096,-1.4140667746232096,0E-17,ELIGIBLE,R03b_20260811_FULL_v1,L1_ELIGIBILITY,v2026-08-11,2026-03-21..2026-08-06,baccarat_bet02_101_all_pairs_incl_sentinel,round_win = game_pnl > 0 (decisive only),COMPATIBILITY_ONLY_NOT_PRODUCTION,81515.6139,73739.3596,483.5193,11361,11361,-0.00593162,0.00694385,-0.01152257,-0.00593162,-483.5193,81515.6139,OK,0.0000,19.3408,4.0000,96.0000,AG03-UNRESOLVED,ALL5_LEVELS_bet23_to_bet27,19.3408,19.3408,19.3408,24.1760,24.1760,4.000000,4.000000,4.000000,5.000000,5.000000,96.000000,96.000000,96.000000,95.000000,95.000000,5.0,106.3742,97.4416,377.1451,386.0777,PENDING_AG03,FALSE,NOT_FOR_ENFORCEMENT,464.1785,70789.7852,483.5193,464.1785,19.3408,0.00593162,0.00569435,19.3408,464.1785,0.00569435,19.3408,19.3408,19.3408,24.1760,24.1760,464.1785,0.00569435,106.3742,97.4416,377.1451,386.0777,0.00462666,0.00473624,0.00023726,7.1750,6.4906,0.0426,4.2045,0.0806,708.8314,98.7913,8.8300,6.6350,4.0407,4.4018,8.4329,14.3073,20.7715,40.8781,4.2012,0.0,4.718859,9.286678,1.630025,30,242,81,2,0.30276321,0.00593162,-0.00694385,0E-8,0.000000,0.904604,0.002289,0.01846642,2026-03-22,2026-08-06,115,6001,2406,138,0.833333,1.330819,1.230659,1.009211,,,,,,,,GLOBAL_BASELINE_NO_ENTITY_RANKING,,,NOT_APPLICABLE_GLOBAL_BASELINE,HF9g-P5,,,,X 全窗基线 · 不参与实体赏罚,8399639,840,A168_HF9F_20260827_0900,2026-08-27 09:00:00
2026-04-12,36810153,1221,0,5.4814158919,-5.4814158919,-5.4814158919,0E-7,1,1,0.49324550000000000,0.493245500000,-0.9865810262130424,-0.9865810262130424,-0.9865810262130424,0E-17,ELIGIBLE,R03b_20260811_FULL_v1,L1_ELIGIBILITY,v2026-08-11,2026-03-21..2026-08-06,baccarat_bet02_101_all_pairs_incl_sentinel,round_win = game_pnl > 0 (decisive only),COMPATIBILITY_ONLY_NOT_PRODUCTION,81515.6139,73739.3596,483.5193,11361,11361,-0.00593162,0.00694385,-0.01152257,-0.00593162,-483.5193,81515.6139,OK,0.0000,19.3408,4.0000,96.0000,AG03-UNRESOLVED,ALL5_LEVELS_bet23_to_bet27,19.3408,19.3408,19.3408,24.1760,24.1760,4.000000,4.000000,4.000000,5.000000,5.000000,96.000000,96.000000,96.000000,95.000000,95.000000,5.0,106.3742,97.4416,377.1451,386.0777,PENDING_AG03,FALSE,NOT_FOR_ENFORCEMENT,464.1785,70789.7852,483.5193,464.1785,19.3408,0.00593162,0.00569435,19.3408,464.1785,0.00569435,19.3408,19.3408,19.3408,24.1760,24.1760,464.1785,0.00569435,106.3742,97.4416,377.1451,386.0777,0.00462666,0.00473624,0.00023726,7.1750,6.4906,0.0426,4.2045,0.0806,708.8314,98.7913,8.8300,6.6350,4.0407,4.4018,8.4329,14.3073,20.7715,40.8781,4.2012,0.0,4.718859,9.286678,1.630025,30,242,81,2,0.30276321,0.00593162,-0.00694385,0E-8,0.000000,0.904604,0.002289,0.01846642,2026-03-22,2026-08-06,115,6001,2406,138,0.833333,1.330819,1.230659,1.009211,,,,,,,,GLOBAL_BASELINE_NO_ENTITY_RANKING,,,NOT_APPLICABLE_GLOBAL_BASELINE,HF9g-P5,,,,X 全窗基线 · 不参与实体赏罚,8399640,840,A168_HF9F_20260827_0900,2026-08-27 09:00:00
2026-04-12,36810153,1304,0,48.4894482745,46.0649758607,46.0649758607,1.0000000,5,5,0.50665070000000000,0.506650700000,2.2065203483183233,2.2065203483183233,2.2065203483183233,0E-17,ELIGIBLE,R03b_20260811_FULL_v1,L1_ELIGIBILITY,v2026-08-11,2026-03-21..2026-08-06,baccarat_bet02_101_all_pairs_incl_sentinel,round_win = game_pnl > 0 (decisive only),COMPATIBILITY_ONLY_NOT_PRODUCTION,81515.6139,73739.3596,483.5193,11361,11361,-0.00593162,0.00694385,-0.01152257,-0.00593162,-483.5193,81515.6139,OK,0.0000,19.3408,4.0000,96.0000,AG03-UNRESOLVED,ALL5_LEVELS_bet23_to_bet27,19.3408,19.3408,19.3408,24.1760,24.1760,4.000000,4.000000,4.000000,5.000000,5.000000,96.000000,96.000000,96.000000,95.000000,95.000000,5.0,106.3742,97.4416,377.1451,386.0777,PENDING_AG03,FALSE,NOT_FOR_ENFORCEMENT,464.1785,70789.7852,483.5193,464.1785,19.3408,0.00593162,0.00569435,19.3408,464.1785,0.00569435,19.3408,19.3408,19.3408,24.1760,24.1760,464.1785,0.00569435,106.3742,97.4416,377.1451,386.0777,0.00462666,0.00473624,0.00023726,7.1750,6.4906,0.0426,4.2045,0.0806,708.8314,98.7913,8.8300,6.6350,4.0407,4.4018,8.4329,14.3073,20.7715,40.8781,4.2012,0.0,4.718859,9.286678,1.630025,30,242,81,2,0.30276321,0.00593162,-0.00694385,0E-8,0.000000,0.904604,0.002289,0.01846642,2026-03-22,2026-08-06,115,6001,2406,138,0.833333,1.330819,1.230659,1.009211,,,,,,,,GLOBAL_BASELINE_NO_ENTITY_RANKING,,,NOT_APPLICABLE_GLOBAL_BASELINE,HF9g-P5,,,,X 全窗基线 · 不参与实体赏罚,8399641,840,A168_HF9F_20260827_0900,2026-08-27 09:00:00
2026-04-12,36810153,1307,0,46.5920350811,-4.9543566715,-4.9543566715,0.5000000,4,4,0.50329940000000000,0.503299400000,-0.01319788734859681,-0.01319788734859681,-0.01319788734859681,0E-17,ELIGIBLE,R03b_20260811_FULL_v1,L1_ELIGIBILITY,v2026-08-11,2026-03-21..2026-08-06,baccarat_bet02_101_all_pairs_incl_sentinel,round_win = game_pnl > 0 (decisive only),COMPATIBILITY_ONLY_NOT_PRODUCTION,81515.6139,73739.3596,483.5193,11361,11361,-0.00593162,0.00694385,-0.01152257,-0.00593162,-483.5193,81515.6139,OK,0.0000,19.3408,4.0000,96.0000,AG03-UNRESOLVED,ALL5_LEVELS_bet23_to_bet27,19.3408,19.3408,19.3408,24.1760,24.1760,4.000000,4.000000,4.000000,5.000000,5.000000,96.000000,96.000000,96.000000,95.000000,95.000000,5.0,106.3742,97.4416,377.1451,386.0777,PENDING_AG03,FALSE,NOT_FOR_ENFORCEMENT,464.1785,70789.7852,483.5193,464.1785,19.3408,0.00593162,0.00569435,19.3408,464.1785,0.00569435,19.3408,19.3408,19.3408,24.1760,24.1760,464.1785,0.00569435,106.3742,97.4416,377.1451,386.0777,0.00462666,0.00473624,0.00023726,7.1750,6.4906,0.0426,4.2045,0.0806,708.8314,98.7913,8.8300,6.6350,4.0407,4.4018,8.4329,14.3073,20.7715,40.8781,4.2012,0.0,4.718859,9.286678,1.630025,30,242,81,2,0.30276321,0.00593162,-0.00694385,0E-8,0.000000,0.904604,0.002289,0.01846642,2026-03-22,2026-08-06,115,6001,2406,138,0.833333,1.330819,1.230659,1.009211,,,,,,,,GLOBAL_BASELINE_NO_ENTITY_RANKING,,,NOT_APPLICABLE_GLOBAL_BASELINE,HF9g-P5,,,,X 全窗基线 · 不参与实体赏罚,8399642,840,A168_HF9F_20260827_0900,2026-08-27 09:00:00
2026-04-12,36810153,1323,0,4.2164737630,0E-10,0E-10,0.5000000,2,2,0.49994810000000000,0.499948100000,0.00014679536856514622,0.00014679536856514622,0.00014679536856514622,0E-17,ELIGIBLE,R03b_20260811_FULL_v1,L1_ELIGIBILITY,v2026-08-11,2026-03-21..2026-08-06,baccarat_bet02_101_all_pairs_incl_sentinel,round_win = game_pnl > 0 (decisive only),COMPATIBILITY_ONLY_NOT_PRODUCTION,81515.6139,73739.3596,483.5193,11361,11361,-0.00593162,0.00694385,-0.01152257,-0.00593162,-483.5193,81515.6139,OK,0.0000,19.3408,4.0000,96.0000,AG03-UNRESOLVED,ALL5_LEVELS_bet23_to_bet27,19.3408,19.3408,19.3408,24.1760,24.1760,4.000000,4.000000,4.000000,5.000000,5.000000,96.000000,96.000000,96.000000,95.000000,95.000000,5.0,106.3742,97.4416,377.1451,386.0777,PENDING_AG03,FALSE,NOT_FOR_ENFORCEMENT,464.1785,70789.7852,483.5193,464.1785,19.3408,0.00593162,0.00569435,19.3408,464.1785,0.00569435,19.3408,19.3408,19.3408,24.1760,24.1760,464.1785,0.00569435,106.3742,97.4416,377.1451,386.0777,0.00462666,0.00473624,0.00023726,7.1750,6.4906,0.0426,4.2045,0.0806,708.8314,98.7913,8.8300,6.6350,4.0407,4.4018,8.4329,14.3073,20.7715,40.8781,4.2012,0.0,4.718859,9.286678,1.630025,30,242,81,2,0.30276321,0.00593162,-0.00694385,0E-8,0.000000,0.904604,0.002289,0.01846642,2026-03-22,2026-08-06,115,6001,2406,138,0.833333,1.330819,1.230659,1.009211,,,,,,,,GLOBAL_BASELINE_NO_ENTITY_RANKING,,,NOT_APPLICABLE_GLOBAL_BASELINE,HF9g-P5,,,,X 全窗基线 · 不参与实体赏罚,8399643,840,A168_HF9F_20260827_0900,2026-08-27 09:00:00
2026-04-12,36810153,1325,0,9.2762422785,0.5903063268,0.5903063268,0.6666667,3,3,0.50665070000000000,0.506650700000,0.5543606114942035,0.5543606114942035,0.5543606114942035,0E-17,ELIGIBLE,R03b_20260811_FULL_v1,L1_ELIGIBILITY,v2026-08-11,2026-03-21..2026-08-06,baccarat_bet02_101_all_pairs_incl_sentinel,round_win = game_pnl > 0 (decisive only),COMPATIBILITY_ONLY_NOT_PRODUCTION,81515.6139,73739.3596,483.5193,11361,11361,-0.00593162,0.00694385,-0.01152257,-0.00593162,-483.5193,81515.6139,OK,0.0000,19.3408,4.0000,96.0000,AG03-UNRESOLVED,ALL5_LEVELS_bet23_to_bet27,19.3408,19.3408,19.3408,24.1760,24.1760,4.000000,4.000000,4.000000,5.000000,5.000000,96.000000,96.000000,96.000000,95.000000,95.000000,5.0,106.3742,97.4416,377.1451,386.0777,PENDING_AG03,FALSE,NOT_FOR_ENFORCEMENT,464.1785,70789.7852,483.5193,464.1785,19.3408,0.00593162,0.00569435,19.3408,464.1785,0.00569435,19.3408,19.3408,19.3408,24.1760,24.1760,464.1785,0.00569435,106.3742,97.4416,377.1451,386.0777,0.00462666,0.00473624,0.00023726,7.1750,6.4906,0.0426,4.2045,0.0806,708.8314,98.7913,8.8300,6.6350,4.0407,4.4018,8.4329,14.3073,20.7715,40.8781,4.2012,0.0,4.718859,9.286678,1.630025,30,242,81,2,0.30276321,0.00593162,-0.00694385,0E-8,0.000000,0.904604,0.002289,0.01846642,2026-03-22,2026-08-06,115,6001,2406,138,0.833333,1.330819,1.230659,1.009211,,,,,,,,GLOBAL_BASELINE_NO_ENTITY_RANKING,,,NOT_APPLICABLE_GLOBAL_BASELINE,HF9g-P5,,,,X 全窗基线 · 不参与实体赏罚,8399644,840,A168_HF9F_20260827_0900,2026-08-27 09:00:00
2026-04-12,36810153,1331,0,5.4814158919,-5.4814158919,-5.4814158919,0E-7,1,1,0.50665070000000000,0.506650700000,-1.013391052207602,-1.013391052207602,-1.013391052207602,0E-17,ELIGIBLE,R03b_20260811_FULL_v1,L1_ELIGIBILITY,v2026-08-11,2026-03-21..2026-08-06,baccarat_bet02_101_all_pairs_incl_sentinel,round_win = game_pnl > 0 (decisive only),COMPATIBILITY_ONLY_NOT_PRODUCTION,81515.6139,73739.3596,483.5193,11361,11361,-0.00593162,0.00694385,-0.01152257,-0.00593162,-483.5193,81515.6139,OK,0.0000,19.3408,4.0000,96.0000,AG03-UNRESOLVED,ALL5_LEVELS_bet23_to_bet27,19.3408,19.3408,19.3408,24.1760,24.1760,4.000000,4.000000,4.000000,5.000000,5.000000,96.000000,96.000000,96.000000,95.000000,95.000000,5.0,106.3742,97.4416,377.1451,386.0777,PENDING_AG03,FALSE,NOT_FOR_ENFORCEMENT,464.1785,70789.7852,483.5193,464.1785,19.3408,0.00593162,0.00569435,19.3408,464.1785,0.00569435,19.3408,19.3408,19.3408,24.1760,24.1760,464.1785,0.00569435,106.3742,97.4416,377.1451,386.0777,0.00462666,0.00473624,0.00023726,7.1750,6.4906,0.0426,4.2045,0.0806,708.8314,98.7913,8.8300,6.6350,4.0407,4.4018,8.4329,14.3073,20.7715,40.8781,4.2012,0.0,4.718859,9.286678,1.630025,30,242,81,2,0.30276321,0.00593162,-0.00694385,0E-8,0.000000,0.904604,0.002289,0.01846642,2026-03-22,2026-08-06,115,6001,2406,138,0.833333,1.330819,1.230659,1.009211,,,,,,,,GLOBAL_BASELINE_NO_ENTITY_RANKING,,,NOT_APPLICABLE_GLOBAL_BASELINE,HF9g-P5,,,,X 全窗基线 · 不参与实体赏罚,8399645,840,A168_HF9F_20260827_0900,2026-08-27 09:00:00
2026-04-12,36810153,1363,0,1.0541184407,-1.0541184407,-1.0541184407,0E-7,1,1,0.50665070000000000,0.506650700000,-1.013391052207602,-1.013391052207602,-1.013391052207602,0E-17,ELIGIBLE,R03b_20260811_FULL_v1,L1_ELIGIBILITY,v2026-08-11,2026-03-21..2026-08-06,baccarat_bet02_101_all_pairs_incl_sentinel,round_win = game_pnl > 0 (decisive only),COMPATIBILITY_ONLY_NOT_PRODUCTION,81515.6139,73739.3596,483.5193,11361,11361,-0.00593162,0.00694385,-0.01152257,-0.00593162,-483.5193,81515.6139,OK,0.0000,19.3408,4.0000,96.0000,AG03-UNRESOLVED,ALL5_LEVELS_bet23_to_bet27,19.3408,19.3408,19.3408,24.1760,24.1760,4.000000,4.000000,4.000000,5.000000,5.000000,96.000000,96.000000,96.000000,95.000000,95.000000,5.0,106.3742,97.4416,377.1451,386.0777,PENDING_AG03,FALSE,NOT_FOR_ENFORCEMENT,464.1785,70789.7852,483.5193,464.1785,19.3408,0.00593162,0.00569435,19.3408,464.1785,0.00569435,19.3408,19.3408,19.3408,24.1760,24.1760,464.1785,0.00569435,106.3742,97.4416,377.1451,386.0777,0.00462666,0.00473624,0.00023726,7.1750,6.4906,0.0426,4.2045,0.0806,708.8314,98.7913,8.8300,6.6350,4.0407,4.4018,8.4329,14.3073,20.7715,40.8781,4.2012,0.0,4.718859,9.286678,1.630025,30,242,81,2,0.30276321,0.00593162,-0.00694385,0E-8,0.000000,0.904604,0.002289,0.01846642,2026-03-22,2026-08-06,115,6001,2406,138,0.833333,1.330819,1.230659,1.009211,,,,,,,,GLOBAL_BASELINE_NO_ENTITY_RANKING,,,NOT_APPLICABLE_GLOBAL_BASELINE,HF9g-P5,,,,X 全窗基线 · 不参与实体赏罚,8399646,840,A168_HF9F_20260827_0900,2026-08-27 09:00:00
2026-04-12,36810153,1399,0,4.2164737630,4.2164737630,4.2164737630,1.0000000,1,1,0.49324550000000000,0.493245500000,1.01360149184955,1.01360149184955,1.01360149184955,0E-17,ELIGIBLE,R03b_20260811_FULL_v1,L1_ELIGIBILITY,v2026-08-11,2026-03-21..2026-08-06,baccarat_bet02_101_all_pairs_incl_sentinel,round_win = game_pnl > 0 (decisive only),COMPATIBILITY_ONLY_NOT_PRODUCTION,81515.6139,73739.3596,483.5193,11361,11361,-0.00593162,0.00694385,-0.01152257,-0.00593162,-483.5193,81515.6139,OK,0.0000,19.3408,4.0000,96.0000,AG03-UNRESOLVED,ALL5_LEVELS_bet23_to_bet27,19.3408,19.3408,19.3408,24.1760,24.1760,4.000000,4.000000,4.000000,5.000000,5.000000,96.000000,96.000000,96.000000,95.000000,95.000000,5.0,106.3742,97.4416,377.1451,386.0777,PENDING_AG03,FALSE,NOT_FOR_ENFORCEMENT,464.1785,70789.7852,483.5193,464.1785,19.3408,0.00593162,0.00569435,19.3408,464.1785,0.00569435,19.3408,19.3408,19.3408,24.1760,24.1760,464.1785,0.00569435,106.3742,97.4416,377.1451,386.0777,0.00462666,0.00473624,0.00023726,7.1750,6.4906,0.0426,4.2045,0.0806,708.8314,98.7913,8.8300,6.6350,4.0407,4.4018,8.4329,14.3073,20.7715,40.8781,4.2012,0.0,4.718859,9.286678,1.630025,30,242,81,2,0.30276321,0.00593162,-0.00694385,0E-8,0.000000,0.904604,0.002289,0.01846642,2026-03-22,2026-08-06,115,6001,2406,138,0.833333,1.330819,1.230659,1.009211,,,,,,,,GLOBAL_BASELINE_NO_ENTITY_RANKING,,,NOT_APPLICABLE_GLOBAL_BASELINE,HF9g-P5,,,,X 全窗基线 · 不参与实体赏罚,8399647,840,A168_HF9F_20260827_0900,2026-08-27 09:00:00
2026-04-12,36810153,1485,0,4.2164737630,-4.2164737630,-4.2164737630,0E-7,1,1,0.50665070000000000,0.506650700000,-1.013391052207602,-1.013391052207602,-1.013391052207602,0E-17,ELIGIBLE,R03b_20260811_FULL_v1,L1_ELIGIBILITY,v2026-08-11,2026-03-21..2026-08-06,baccarat_bet02_101_all_pairs_incl_sentinel,round_win = game_pnl > 0 (decisive only),COMPATIBILITY_ONLY_NOT_PRODUCTION,81515.6139,73739.3596,483.5193,11361,11361,-0.00593162,0.00694385,-0.01152257,-0.00593162,-483.5193,81515.6139,OK,0.0000,19.3408,4.0000,96.0000,AG03-UNRESOLVED,ALL5_LEVELS_bet23_to_bet27,19.3408,19.3408,19.3408,24.1760,24.1760,4.000000,4.000000,4.000000,5.000000,5.000000,96.000000,96.000000,96.000000,95.000000,95.000000,5.0,106.3742,97.4416,377.1451,386.0777,PENDING_AG03,FALSE,NOT_FOR_ENFORCEMENT,464.1785,70789.7852,483.5193,464.1785,19.3408,0.00593162,0.00569435,19.3408,464.1785,0.00569435,19.3408,19.3408,19.3408,24.1760,24.1760,464.1785,0.00569435,106.3742,97.4416,377.1451,386.0777,0.00462666,0.00473624,0.00023726,7.1750,6.4906,0.0426,4.2045,0.0806,708.8314,98.7913,8.8300,6.6350,4.0407,4.4018,8.4329,14.3073,20.7715,40.8781,4.2012,0.0,4.718859,9.286678,1.630025,30,242,81,2,0.30276321,0.00593162,-0.00694385,0E-8,0.000000,0.904604,0.002289,0.01846642,2026-03-22,2026-08-06,115,6001,2406,138,0.833333,1.330819,1.230659,1.009211,,,,,,,,GLOBAL_BASELINE_NO_ENTITY_RANKING,,,NOT_APPLICABLE_GLOBAL_BASELINE,HF9g-P5,,,,X 全窗基线 · 不参与实体赏罚,8399648,840,A168_HF9F_20260827_0900,2026-08-27 09:00:00
2026-04-12,36810153,1623,0,2.7407079459,-2.7407079459,-2.7407079459,0E-7,2,2,0.50665070000000000,0.506650700000,-1.4331513700195317,-1.4331513700195317,-1.4331513700195317,0E-17,ELIGIBLE,R03b_20260811_FULL_v1,L1_ELIGIBILITY,v2026-08-11,2026-03-21..2026-08-06,baccarat_bet02_101_all_pairs_incl_sentinel,round_win = game_pnl > 0 (decisive only),COMPATIBILITY_ONLY_NOT_PRODUCTION,81515.6139,73739.3596,483.5193,11361,11361,-0.00593162,0.00694385,-0.01152257,-0.00593162,-483.5193,81515.6139,OK,0.0000,19.3408,4.0000,96.0000,AG03-UNRESOLVED,ALL5_LEVELS_bet23_to_bet27,19.3408,19.3408,19.3408,24.1760,24.1760,4.000000,4.000000,4.000000,5.000000,5.000000,96.000000,96.000000,96.000000,95.000000,95.000000,5.0,106.3742,97.4416,377.1451,386.0777,PENDING_AG03,FALSE,NOT_FOR_ENFORCEMENT,464.1785,70789.7852,483.5193,464.1785,19.3408,0.00593162,0.00569435,19.3408,464.1785,0.00569435,19.3408,19.3408,19.3408,24.1760,24.1760,464.1785,0.00569435,106.3742,97.4416,377.1451,386.0777,0.00462666,0.00473624,0.00023726,7.1750,6.4906,0.0426,4.2045,0.0806,708.8314,98.7913,8.8300,6.6350,4.0407,4.4018,8.4329,14.3073,20.7715,40.8781,4.2012,0.0,4.718859,9.286678,1.630025,30,242,81,2,0.30276321,0.00593162,-0.00694385,0E-8,0.000000,0.904604,0.002289,0.01846642,2026-03-22,2026-08-06,115,6001,2406,138,0.833333,1.330819,1.230659,1.009211,,,,,,,,GLOBAL_BASELINE_NO_ENTITY_RANKING,,,NOT_APPLICABLE_GLOBAL_BASELINE,HF9g-P5,,,,X 全窗基线 · 不参与实体赏罚,8399649,840,A168_HF9F_20260827_0900,2026-08-27 09:00:00
2026-04-12,36810153,1645,0,13.9143634179,2.9515316341,2.9515316341,0.5000000,2,2,0.49994810000000000,0.499948100000,0.00014679536856514622,0.00014679536856514622,0.00014679536856514622,0E-17,ELIGIBLE,R03b_20260811_FULL_v1,L1_ELIGIBILITY,v2026-08-11,2026-03-21..2026-08-06,baccarat_bet02_101_all_pairs_incl_sentinel,round_win = game_pnl > 0 (decisive only),COMPATIBILITY_ONLY_NOT_PRODUCTION,81515.6139,73739.3596,483.5193,11361,11361,-0.00593162,0.00694385,-0.01152257,-0.00593162,-483.5193,81515.6139,OK,0.0000,19.3408,4.0000,96.0000,AG03-UNRESOLVED,ALL5_LEVELS_bet23_to_bet27,19.3408,19.3408,19.3408,24.1760,24.1760,4.000000,4.000000,4.000000,5.000000,5.000000,96.000000,96.000000,96.000000,95.000000,95.000000,5.0,106.3742,97.4416,377.1451,386.0777,PENDING_AG03,FALSE,NOT_FOR_ENFORCEMENT,464.1785,70789.7852,483.5193,464.1785,19.3408,0.00593162,0.00569435,19.3408,464.1785,0.00569435,19.3408,19.3408,19.3408,24.1760,24.1760,464.1785,0.00569435,106.3742,97.4416,377.1451,386.0777,0.00462666,0.00473624,0.00023726,7.1750,6.4906,0.0426,4.2045,0.0806,708.8314,98.7913,8.8300,6.6350,4.0407,4.4018,8.4329,14.3073,20.7715,40.8781,4.2012,0.0,4.718859,9.286678,1.630025,30,242,81,2,0.30276321,0.00593162,-0.00694385,0E-8,0.000000,0.904604,0.002289,0.01846642,2026-03-22,2026-08-06,115,6001,2406,138,0.833333,1.330819,1.230659,1.009211,,,,,,,,GLOBAL_BASELINE_NO_ENTITY_RANKING,,,NOT_APPLICABLE_GLOBAL_BASELINE,HF9g-P5,,,,X 全窗基线 · 不参与实体赏罚,8399650,840,A168_HF9F_20260827_0900,2026-08-27 09:00:00
2026-04-12,36810153,1646,0,2.1082368815,-2.1082368815,-2.1082368815,0E-7,1,1,0.50665070000000000,0.506650700000,-1.013391052207602,-1.013391052207602,-1.013391052207602,0E-17,ELIGIBLE,R03b_20260811_FULL_v1,L1_ELIGIBILITY,v2026-08-11,2026-03-21..2026-08-06,baccarat_bet02_101_all_pairs_incl_sentinel,round_win = game_pnl > 0 (decisive only),COMPATIBILITY_ONLY_NOT_PRODUCTION,81515.6139,73739.3596,483.5193,11361,11361,-0.00593162,0.00694385,-0.01152257,-0.00593162,-483.5193,81515.6139,OK,0.0000,19.3408,4.0000,96.0000,AG03-UNRESOLVED,ALL5_LEVELS_bet23_to_bet27,19.3408,19.3408,19.3408,24.1760,24.1760,4.000000,4.000000,4.000000,5.000000,5.000000,96.000000,96.000000,96.000000,95.000000,95.000000,5.0,106.3742,97.4416,377.1451,386.0777,PENDING_AG03,FALSE,NOT_FOR_ENFORCEMENT,464.1785,70789.7852,483.5193,464.1785,19.3408,0.00593162,0.00569435,19.3408,464.1785,0.00569435,19.3408,19.3408,19.3408,24.1760,24.1760,464.1785,0.00569435,106.3742,97.4416,377.1451,386.0777,0.00462666,0.00473624,0.00023726,7.1750,6.4906,0.0426,4.2045,0.0806,708.8314,98.7913,8.8300,6.6350,4.0407,4.4018,8.4329,14.3073,20.7715,40.8781,4.2012,0.0,4.718859,9.286678,1.630025,30,242,81,2,0.30276321,0.00593162,-0.00694385,0E-8,0.000000,0.904604,0.002289,0.01846642,2026-03-22,2026-08-06,115,6001,2406,138,0.833333,1.330819,1.230659,1.009211,,,,,,,,GLOBAL_BASELINE_NO_ENTITY_RANKING,,,NOT_APPLICABLE_GLOBAL_BASELINE,HF9g-P5,,,,X 全窗基线 · 不参与实体赏罚,8399651,840,A168_HF9F_20260827_0900,2026-08-27 09:00:00
2026-04-12,36810153,1704,0,4.2164737630,0E-10,0E-10,,1,1,0.49324550000000000,0.493245500000,,,,0E-17,NO_DECISIVE_ROUND,R03b_20260811_FULL_v1,L1_ELIGIBILITY,v2026-08-11,2026-03-21..2026-08-06,baccarat_bet02_101_all_pairs_incl_sentinel,round_win = game_pnl > 0 (decisive only),COMPATIBILITY_ONLY_NOT_PRODUCTION,81515.6139,73739.3596,483.5193,11361,11361,-0.00593162,0.00694385,-0.01152257,-0.00593162,-483.5193,81515.6139,OK,0.0000,19.3408,4.0000,96.0000,AG03-UNRESOLVED,ALL5_LEVELS_bet23_to_bet27,19.3408,19.3408,19.3408,24.1760,24.1760,4.000000,4.000000,4.000000,5.000000,5.000000,96.000000,96.000000,96.000000,95.000000,95.000000,5.0,106.3742,97.4416,377.1451,386.0777,PENDING_AG03,FALSE,NOT_FOR_ENFORCEMENT,464.1785,70789.7852,483.5193,464.1785,19.3408,0.00593162,0.00569435,19.3408,464.1785,0.00569435,19.3408,19.3408,19.3408,24.1760,24.1760,464.1785,0.00569435,106.3742,97.4416,377.1451,386.0777,0.00462666,0.00473624,0.00023726,7.1750,6.4906,0.0426,4.2045,0.0806,708.8314,98.7913,8.8300,6.6350,4.0407,4.4018,8.4329,14.3073,20.7715,40.8781,4.2012,0.0,4.718859,9.286678,1.630025,30,242,81,2,0.30276321,0.00593162,-0.00694385,0E-8,0.000000,0.904604,0.002289,0.01846642,2026-03-22,2026-08-06,115,6001,2406,138,0.833333,1.330819,1.230659,1.009211,,,,,,,,GLOBAL_BASELINE_NO_ENTITY_RANKING,,,NOT_APPLICABLE_GLOBAL_BASELINE,HF9g-P5,,,,X 全窗基线 · 不参与实体赏罚,8399652,840,A168_HF9F_20260827_0900,2026-08-27 09:00:00
2026-04-12,36810153,1710,0,16.4442476757,-5.9030632682,-5.9030632682,0E-7,3,3,0.49771390000000000,0.497713900000,-1.4077622098436522,-1.4077622098436524,-1.4077622098436522,0E-17,ELIGIBLE,R03b_20260811_FULL_v1,L1_ELIGIBILITY,v2026-08-11,2026-03-21..2026-08-06,baccarat_bet02_101_all_pairs_incl_sentinel,round_win = game_pnl > 0 (decisive only),COMPATIBILITY_ONLY_NOT_PRODUCTION,81515.6139,73739.3596,483.5193,11361,11361,-0.00593162,0.00694385,-0.01152257,-0.00593162,-483.5193,81515.6139,OK,0.0000,19.3408,4.0000,96.0000,AG03-UNRESOLVED,ALL5_LEVELS_bet23_to_bet27,19.3408,19.3408,19.3408,24.1760,24.1760,4.000000,4.000000,4.000000,5.000000,5.000000,96.000000,96.000000,96.000000,95.000000,95.000000,5.0,106.3742,97.4416,377.1451,386.0777,PENDING_AG03,FALSE,NOT_FOR_ENFORCEMENT,464.1785,70789.7852,483.5193,464.1785,19.3408,0.00593162,0.00569435,19.3408,464.1785,0.00569435,19.3408,19.3408,19.3408,24.1760,24.1760,464.1785,0.00569435,106.3742,97.4416,377.1451,386.0777,0.00462666,0.00473624,0.00023726,7.1750,6.4906,0.0426,4.2045,0.0806,708.8314,98.7913,8.8300,6.6350,4.0407,4.4018,8.4329,14.3073,20.7715,40.8781,4.2012,0.0,4.718859,9.286678,1.630025,30,242,81,2,0.30276321,0.00593162,-0.00694385,0E-8,0.000000,0.904604,0.002289,0.01846642,2026-03-22,2026-08-06,115,6001,2406,138,0.833333,1.330819,1.230659,1.009211,,,,,,,,GLOBAL_BASELINE_NO_ENTITY_RANKING,,,NOT_APPLICABLE_GLOBAL_BASELINE,HF9g-P5,,,,X 全窗基线 · 不参与实体赏罚,8399653,840,A168_HF9F_20260827_0900,2026-08-27 09:00:00
2026-04-12,36810153,1940,0,16.8658950520,16.0226002994,16.0226002994,1.0000000,1,1,0.50665070000000000,0.506650700000,0.9867858985152569,0.9867858985152569,0.9867858985152569,0E-17,ELIGIBLE,R03b_20260811_FULL_v1,L1_ELIGIBILITY,v2026-08-11,2026-03-21..2026-08-06,baccarat_bet02_101_all_pairs_incl_sentinel,round_win = game_pnl > 0 (decisive only),COMPATIBILITY_ONLY_NOT_PRODUCTION,81515.6139,73739.3596,483.5193,11361,11361,-0.00593162,0.00694385,-0.01152257,-0.00593162,-483.5193,81515.6139,OK,0.0000,19.3408,4.0000,96.0000,AG03-UNRESOLVED,ALL5_LEVELS_bet23_to_bet27,19.3408,19.3408,19.3408,24.1760,24.1760,4.000000,4.000000,4.000000,5.000000,5.000000,96.000000,96.000000,96.000000,95.000000,95.000000,5.0,106.3742,97.4416,377.1451,386.0777,PENDING_AG03,FALSE,NOT_FOR_ENFORCEMENT,464.1785,70789.7852,483.5193,464.1785,19.3408,0.00593162,0.00569435,19.3408,464.1785,0.00569435,19.3408,19.3408,19.3408,24.1760,24.1760,464.1785,0.00569435,106.3742,97.4416,377.1451,386.0777,0.00462666,0.00473624,0.00023726,7.1750,6.4906,0.0426,4.2045,0.0806,708.8314,98.7913,8.8300,6.6350,4.0407,4.4018,8.4329,14.3073,20.7715,40.8781,4.2012,0.0,4.718859,9.286678,1.630025,30,242,81,2,0.30276321,0.00593162,-0.00694385,0E-8,0.000000,0.904604,0.002289,0.01846642,2026-03-22,2026-08-06,115,6001,2406,138,0.833333,1.330819,1.230659,1.009211,,,,,,,,GLOBAL_BASELINE_NO_ENTITY_RANKING,,,NOT_APPLICABLE_GLOBAL_BASELINE,HF9g-P5,,,,X 全窗基线 · 不参与实体赏罚,8399654,840,A168_HF9F_20260827_0900,2026-08-27 09:00:00
2026-04-12,36810153,1947,0,1.2649421289,-1.2649421289,-1.2649421289,0E-7,1,1,0.49324550000000000,0.493245500000,-0.9865810262130424,-0.9865810262130424,-0.9865810262130424,0E-17,ELIGIBLE,R03b_20260811_FULL_v1,L1_ELIGIBILITY,v2026-08-11,2026-03-21..2026-08-06,baccarat_bet02_101_all_pairs_incl_sentinel,round_win = game_pnl > 0 (decisive only),COMPATIBILITY_ONLY_NOT_PRODUCTION,81515.6139,73739.3596,483.5193,11361,11361,-0.00593162,0.00694385,-0.01152257,-0.00593162,-483.5193,81515.6139,OK,0.0000,19.3408,4.0000,96.0000,AG03-UNRESOLVED,ALL5_LEVELS_bet23_to_bet27,19.3408,19.3408,19.3408,24.1760,24.1760,4.000000,4.000000,4.000000,5.000000,5.000000,96.000000,96.000000,96.000000,95.000000,95.000000,5.0,106.3742,97.4416,377.1451,386.0777,PENDING_AG03,FALSE,NOT_FOR_ENFORCEMENT,464.1785,70789.7852,483.5193,464.1785,19.3408,0.00593162,0.00569435,19.3408,464.1785,0.00569435,19.3408,19.3408,19.3408,24.1760,24.1760,464.1785,0.00569435,106.3742,97.4416,377.1451,386.0777,0.00462666,0.00473624,0.00023726,7.1750,6.4906,0.0426,4.2045,0.0806,708.8314,98.7913,8.8300,6.6350,4.0407,4.4018,8.4329,14.3073,20.7715,40.8781,4.2012,0.0,4.718859,9.286678,1.630025,30,242,81,2,0.30276321,0.00593162,-0.00694385,0E-8,0.000000,0.904604,0.002289,0.01846642,2026-03-22,2026-08-06,115,6001,2406,138,0.833333,1.330819,1.230659,1.009211,,,,,,,,GLOBAL_BASELINE_NO_ENTITY_RANKING,,,NOT_APPLICABLE_GLOBAL_BASELINE,HF9g-P5,,,,X 全窗基线 · 不参与实体赏罚,8399655,840,A168_HF9F_20260827_0900,2026-08-27 09:00:00
2026-04-12,36810153,1951,0,4.0056500748,-4.0056500748,-4.0056500748,0E-7,1,1,0.49324550000000000,0.493245500000,-0.9865810262130424,-0.9865810262130424,-0.9865810262130424,0E-17,ELIGIBLE,R03b_20260811_FULL_v1,L1_ELIGIBILITY,v2026-08-11,2026-03-21..2026-08-06,baccarat_bet02_101_all_pairs_incl_sentinel,round_win = game_pnl > 0 (decisive only),COMPATIBILITY_ONLY_NOT_PRODUCTION,81515.6139,73739.3596,483.5193,11361,11361,-0.00593162,0.00694385,-0.01152257,-0.00593162,-483.5193,81515.6139,OK,0.0000,19.3408,4.0000,96.0000,AG03-UNRESOLVED,ALL5_LEVELS_bet23_to_bet27,19.3408,19.3408,19.3408,24.1760,24.1760,4.000000,4.000000,4.000000,5.000000,5.000000,96.000000,96.000000,96.000000,95.000000,95.000000,5.0,106.3742,97.4416,377.1451,386.0777,PENDING_AG03,FALSE,NOT_FOR_ENFORCEMENT,464.1785,70789.7852,483.5193,464.1785,19.3408,0.00593162,0.00569435,19.3408,464.1785,0.00569435,19.3408,19.3408,19.3408,24.1760,24.1760,464.1785,0.00569435,106.3742,97.4416,377.1451,386.0777,0.00462666,0.00473624,0.00023726,7.1750,6.4906,0.0426,4.2045,0.0806,708.8314,98.7913,8.8300,6.6350,4.0407,4.4018,8.4329,14.3073,20.7715,40.8781,4.2012,0.0,4.718859,9.286678,1.630025,30,242,81,2,0.30276321,0.00593162,-0.00694385,0E-8,0.000000,0.904604,0.002289,0.01846642,2026-03-22,2026-08-06,115,6001,2406,138,0.833333,1.330819,1.230659,1.009211,,,,,,,,GLOBAL_BASELINE_NO_ENTITY_RANKING,,,NOT_APPLICABLE_GLOBAL_BASELINE,HF9g-P5,,,,X 全窗基线 · 不参与实体赏罚,8399656,840,A168_HF9F_20260827_0900,2026-08-27 09:00:00
2026-04-12,36810153,1957,0,7.5896527734,0E-10,0E-10,,1,1,0.49324550000000000,0.493245500000,,,,0E-17,NO_DECISIVE_ROUND,R03b_20260811_FULL_v1,L1_ELIGIBILITY,v2026-08-11,2026-03-21..2026-08-06,baccarat_bet02_101_all_pairs_incl_sentinel,round_win = game_pnl > 0 (decisive only),COMPATIBILITY_ONLY_NOT_PRODUCTION,81515.6139,73739.3596,483.5193,11361,11361,-0.00593162,0.00694385,-0.01152257,-0.00593162,-483.5193,81515.6139,OK,0.0000,19.3408,4.0000,96.0000,AG03-UNRESOLVED,ALL5_LEVELS_bet23_to_bet27,19.3408,19.3408,19.3408,24.1760,24.1760,4.000000,4.000000,4.000000,5.000000,5.000000,96.000000,96.000000,96.000000,95.000000,95.000000,5.0,106.3742,97.4416,377.1451,386.0777,PENDING_AG03,FALSE,NOT_FOR_ENFORCEMENT,464.1785,70789.7852,483.5193,464.1785,19.3408,0.00593162,0.00569435,19.3408,464.1785,0.00569435,19.3408,19.3408,19.3408,24.1760,24.1760,464.1785,0.00569435,106.3742,97.4416,377.1451,386.0777,0.00462666,0.00473624,0.00023726,7.1750,6.4906,0.0426,4.2045,0.0806,708.8314,98.7913,8.8300,6.6350,4.0407,4.4018,8.4329,14.3073,20.7715,40.8781,4.2012,0.0,4.718859,9.286678,1.630025,30,242,81,2,0.30276321,0.00593162,-0.00694385,0E-8,0.000000,0.904604,0.002289,0.01846642,2026-03-22,2026-08-06,115,6001,2406,138,0.833333,1.330819,1.230659,1.009211,,,,,,,,GLOBAL_BASELINE_NO_ENTITY_RANKING,,,NOT_APPLICABLE_GLOBAL_BASELINE,HF9g-P5,,,,X 全窗基线 · 不参与实体赏罚,8399657,840,A168_HF9F_20260827_0900,2026-08-27 09:00:00
2026-04-12,36810153,1963,0,11.5953028482,-11.5953028482,-11.5953028482,0E-7,1,1,0.49324550000000000,0.493245500000,-0.9865810262130424,-0.9865810262130424,-0.9865810262130424,0E-17,ELIGIBLE,R03b_20260811_FULL_v1,L1_ELIGIBILITY,v2026-08-11,2026-03-21..2026-08-06,baccarat_bet02_101_all_pairs_incl_sentinel,round_win = game_pnl > 0 (decisive only),COMPATIBILITY_ONLY_NOT_PRODUCTION,81515.6139,73739.3596,483.5193,11361,11361,-0.00593162,0.00694385,-0.01152257,-0.00593162,-483.5193,81515.6139,OK,0.0000,19.3408,4.0000,96.0000,AG03-UNRESOLVED,ALL5_LEVELS_bet23_to_bet27,19.3408,19.3408,19.3408,24.1760,24.1760,4.000000,4.000000,4.000000,5.000000,5.000000,96.000000,96.000000,96.000000,95.000000,95.000000,5.0,106.3742,97.4416,377.1451,386.0777,PENDING_AG03,FALSE,NOT_FOR_ENFORCEMENT,464.1785,70789.7852,483.5193,464.1785,19.3408,0.00593162,0.00569435,19.3408,464.1785,0.00569435,19.3408,19.3408,19.3408,24.1760,24.1760,464.1785,0.00569435,106.3742,97.4416,377.1451,386.0777,0.00462666,0.00473624,0.00023726,7.1750,6.4906,0.0426,4.2045,0.0806,708.8314,98.7913,8.8300,6.6350,4.0407,4.4018,8.4329,14.3073,20.7715,40.8781,4.2012,0.0,4.718859,9.286678,1.630025,30,242,81,2,0.30276321,0.00593162,-0.00694385,0E-8,0.000000,0.904604,0.002289,0.01846642,2026-03-22,2026-08-06,115,6001,2406,138,0.833333,1.330819,1.230659,1.009211,,,,,,,,GLOBAL_BASELINE_NO_ENTITY_RANKING,,,NOT_APPLICABLE_GLOBAL_BASELINE,HF9g-P5,,,,X 全窗基线 · 不参与实体赏罚,8399658,840,A168_HF9F_20260827_0900,2026-08-27 09:00:00
2026-04-12,36810153,1985,0,8.4329475260,-8.4329475260,-8.4329475260,0E-7,1,1,0.49324550000000000,0.493245500000,-0.9865810262130424,-0.9865810262130424,-0.9865810262130424,0E-17,ELIGIBLE,R03b_20260811_FULL_v1,L1_ELIGIBILITY,v2026-08-11,2026-03-21..2026-08-06,baccarat_bet02_101_all_pairs_incl_sentinel,round_win = game_pnl > 0 (decisive only),COMPATIBILITY_ONLY_NOT_PRODUCTION,81515.6139,73739.3596,483.5193,11361,11361,-0.00593162,0.00694385,-0.01152257,-0.00593162,-483.5193,81515.6139,OK,0.0000,19.3408,4.0000,96.0000,AG03-UNRESOLVED,ALL5_LEVELS_bet23_to_bet27,19.3408,19.3408,19.3408,24.1760,24.1760,4.000000,4.000000,4.000000,5.000000,5.000000,96.000000,96.000000,96.000000,95.000000,95.000000,5.0,106.3742,97.4416,377.1451,386.0777,PENDING_AG03,FALSE,NOT_FOR_ENFORCEMENT,464.1785,70789.7852,483.5193,464.1785,19.3408,0.00593162,0.00569435,19.3408,464.1785,0.00569435,19.3408,19.3408,19.3408,24.1760,24.1760,464.1785,0.00569435,106.3742,97.4416,377.1451,386.0777,0.00462666,0.00473624,0.00023726,7.1750,6.4906,0.0426,4.2045,0.0806,708.8314,98.7913,8.8300,6.6350,4.0407,4.4018,8.4329,14.3073,20.7715,40.8781,4.2012,0.0,4.718859,9.286678,1.630025,30,242,81,2,0.30276321,0.00593162,-0.00694385,0E-8,0.000000,0.904604,0.002289,0.01846642,2026-03-22,2026-08-06,115,6001,2406,138,0.833333,1.330819,1.230659,1.009211,,,,,,,,GLOBAL_BASELINE_NO_ENTITY_RANKING,,,NOT_APPLICABLE_GLOBAL_BASELINE,HF9g-P5,,,,X 全窗基线 · 不参与实体赏罚,8399659,840,A168_HF9F_20260827_0900,2026-08-27 09:00:00
2026-04-12,36810153,2093,0,8.4329475260,0E-10,0E-10,0.5000000,2,2,0.49324550000000000,0.493245500000,0.01910635448239258,0.01910635448239258,0.01910635448239258,0E-17,ELIGIBLE,R03b_20260811_FULL_v1,L1_ELIGIBILITY,v2026-08-11,2026-03-21..2026-08-06,baccarat_bet02_101_all_pairs_incl_sentinel,round_win = game_pnl > 0 (decisive only),COMPATIBILITY_ONLY_NOT_PRODUCTION,81515.6139,73739.3596,483.5193,11361,11361,-0.00593162,0.00694385,-0.01152257,-0.00593162,-483.5193,81515.6139,OK,0.0000,19.3408,4.0000,96.0000,AG03-UNRESOLVED,ALL5_LEVELS_bet23_to_bet27,19.3408,19.3408,19.3408,24.1760,24.1760,4.000000,4.000000,4.000000,5.000000,5.000000,96.000000,96.000000,96.000000,95.000000,95.000000,5.0,106.3742,97.4416,377.1451,386.0777,PENDING_AG03,FALSE,NOT_FOR_ENFORCEMENT,464.1785,70789.7852,483.5193,464.1785,19.3408,0.00593162,0.00569435,19.3408,464.1785,0.00569435,19.3408,19.3408,19.3408,24.1760,24.1760,464.1785,0.00569435,106.3742,97.4416,377.1451,386.0777,0.00462666,0.00473624,0.00023726,7.1750,6.4906,0.0426,4.2045,0.0806,708.8314,98.7913,8.8300,6.6350,4.0407,4.4018,8.4329,14.3073,20.7715,40.8781,4.2012,0.0,4.718859,9.286678,1.630025,30,242,81,2,0.30276321,0.00593162,-0.00694385,0E-8,0.000000,0.904604,0.002289,0.01846642,2026-03-22,2026-08-06,115,6001,2406,138,0.833333,1.330819,1.230659,1.009211,,,,,,,,GLOBAL_BASELINE_NO_ENTITY_RANKING,,,NOT_APPLICABLE_GLOBAL_BASELINE,HF9g-P5,,,,X 全窗基线 · 不参与实体赏罚,8399660,840,A168_HF9F_20260827_0900,2026-08-27 09:00:00
2026-04-12,36810153,2101,0,8.4329475260,0E-10,0E-10,,1,1,0.50665070000000000,0.506650700000,,,,0E-17,NO_DECISIVE_ROUND,R03b_20260811_FULL_v1,L1_ELIGIBILITY,v2026-08-11,2026-03-21..2026-08-06,baccarat_bet02_101_all_pairs_incl_sentinel,round_win = game_pnl > 0 (decisive only),COMPATIBILITY_ONLY_NOT_PRODUCTION,81515.6139,73739.3596,483.5193,11361,11361,-0.00593162,0.00694385,-0.01152257,-0.00593162,-483.5193,81515.6139,OK,0.0000,19.3408,4.0000,96.0000,AG03-UNRESOLVED,ALL5_LEVELS_bet23_to_bet27,19.3408,19.3408,19.3408,24.1760,24.1760,4.000000,4.000000,4.000000,5.000000,5.000000,96.000000,96.000000,96.000000,95.000000,95.000000,5.0,106.3742,97.4416,377.1451,386.0777,PENDING_AG03,FALSE,NOT_FOR_ENFORCEMENT,464.1785,70789.7852,483.5193,464.1785,19.3408,0.00593162,0.00569435,19.3408,464.1785,0.00569435,19.3408,19.3408,19.3408,24.1760,24.1760,464.1785,0.00569435,106.3742,97.4416,377.1451,386.0777,0.00462666,0.00473624,0.00023726,7.1750,6.4906,0.0426,4.2045,0.0806,708.8314,98.7913,8.8300,6.6350,4.0407,4.4018,8.4329,14.3073,20.7715,40.8781,4.2012,0.0,4.718859,9.286678,1.630025,30,242,81,2,0.30276321,0.00593162,-0.00694385,0E-8,0.000000,0.904604,0.002289,0.01846642,2026-03-22,2026-08-06,115,6001,2406,138,0.833333,1.330819,1.230659,1.009211,,,,,,,,GLOBAL_BASELINE_NO_ENTITY_RANKING,,,NOT_APPLICABLE_GLOBAL_BASELINE,HF9g-P5,,,,X 全窗基线 · 不参与实体赏罚,8399661,840,A168_HF9F_20260827_0900,2026-08-27 09:00:00
2026-04-12,36810153,2103,0,8.4329475260,8.0113001497,8.0113001497,1.0000000,1,1,0.50665070000000000,0.506650700000,0.9867858985152569,0.9867858985152569,0.9867858985152569,0E-17,ELIGIBLE,R03b_20260811_FULL_v1,L1_ELIGIBILITY,v2026-08-11,2026-03-21..2026-08-06,baccarat_bet02_101_all_pairs_incl_sentinel,round_win = game_pnl > 0 (decisive only),COMPATIBILITY_ONLY_NOT_PRODUCTION,81515.6139,73739.3596,483.5193,11361,11361,-0.00593162,0.00694385,-0.01152257,-0.00593162,-483.5193,81515.6139,OK,0.0000,19.3408,4.0000,96.0000,AG03-UNRESOLVED,ALL5_LEVELS_bet23_to_bet27,19.3408,19.3408,19.3408,24.1760,24.1760,4.000000,4.000000,4.000000,5.000000,5.000000,96.000000,96.000000,96.000000,95.000000,95.000000,5.0,106.3742,97.4416,377.1451,386.0777,PENDING_AG03,FALSE,NOT_FOR_ENFORCEMENT,464.1785,70789.7852,483.5193,464.1785,19.3408,0.00593162,0.00569435,19.3408,464.1785,0.00569435,19.3408,19.3408,19.3408,24.1760,24.1760,464.1785,0.00569435,106.3742,97.4416,377.1451,386.0777,0.00462666,0.00473624,0.00023726,7.1750,6.4906,0.0426,4.2045,0.0806,708.8314,98.7913,8.8300,6.6350,4.0407,4.4018,8.4329,14.3073,20.7715,40.8781,4.2012,0.0,4.718859,9.286678,1.630025,30,242,81,2,0.30276321,0.00593162,-0.00694385,0E-8,0.000000,0.904604,0.002289,0.01846642,2026-03-22,2026-08-06,115,6001,2406,138,0.833333,1.330819,1.230659,1.009211,,,,,,,,GLOBAL_BASELINE_NO_ENTITY_RANKING,,,NOT_APPLICABLE_GLOBAL_BASELINE,HF9g-P5,,,,X 全窗基线 · 不参与实体赏罚,8399662,840,A168_HF9F_20260827_0900,2026-08-27 09:00:00
2026-04-12,36810153,2106,0,8.4329475260,0E-10,0E-10,,1,1,0.49324550000000000,0.493245500000,,,,0E-17,NO_DECISIVE_ROUND,R03b_20260811_FULL_v1,L1_ELIGIBILITY,v2026-08-11,2026-03-21..2026-08-06,baccarat_bet02_101_all_pairs_incl_sentinel,round_win = game_pnl > 0 (decisive only),COMPATIBILITY_ONLY_NOT_PRODUCTION,81515.6139,73739.3596,483.5193,11361,11361,-0.00593162,0.00694385,-0.01152257,-0.00593162,-483.5193,81515.6139,OK,0.0000,19.3408,4.0000,96.0000,AG03-UNRESOLVED,ALL5_LEVELS_bet23_to_bet27,19.3408,19.3408,19.3408,24.1760,24.1760,4.000000,4.000000,4.000000,5.000000,5.000000,96.000000,96.000000,96.000000,95.000000,95.000000,5.0,106.3742,97.4416,377.1451,386.0777,PENDING_AG03,FALSE,NOT_FOR_ENFORCEMENT,464.1785,70789.7852,483.5193,464.1785,19.3408,0.00593162,0.00569435,19.3408,464.1785,0.00569435,19.3408,19.3408,19.3408,24.1760,24.1760,464.1785,0.00569435,106.3742,97.4416,377.1451,386.0777,0.00462666,0.00473624,0.00023726,7.1750,6.4906,0.0426,4.2045,0.0806,708.8314,98.7913,8.8300,6.6350,4.0407,4.4018,8.4329,14.3073,20.7715,40.8781,4.2012,0.0,4.718859,9.286678,1.630025,30,242,81,2,0.30276321,0.00593162,-0.00694385,0E-8,0.000000,0.904604,0.002289,0.01846642,2026-03-22,2026-08-06,115,6001,2406,138,0.833333,1.330819,1.230659,1.009211,,,,,,,,GLOBAL_BASELINE_NO_ENTITY_RANKING,,,NOT_APPLICABLE_GLOBAL_BASELINE,HF9g-P5,,,,X 全窗基线 · 不参与实体赏罚,8399663,840,A168_HF9F_20260827_0900,2026-08-27 09:00:00
2026-04-12,36810153,2108,0,5.9030632682,-5.9030632682,-5.9030632682,0E-7,1,1,0.49324550000000000,0.493245500000,-0.9865810262130424,-0.9865810262130424,-0.9865810262130424,0E-17,ELIGIBLE,R03b_20260811_FULL_v1,L1_ELIGIBILITY,v2026-08-11,2026-03-21..2026-08-06,baccarat_bet02_101_all_pairs_incl_sentinel,round_win = game_pnl > 0 (decisive only),COMPATIBILITY_ONLY_NOT_PRODUCTION,81515.6139,73739.3596,483.5193,11361,11361,-0.00593162,0.00694385,-0.01152257,-0.00593162,-483.5193,81515.6139,OK,0.0000,19.3408,4.0000,96.0000,AG03-UNRESOLVED,ALL5_LEVELS_bet23_to_bet27,19.3408,19.3408,19.3408,24.1760,24.1760,4.000000,4.000000,4.000000,5.000000,5.000000,96.000000,96.000000,96.000000,95.000000,95.000000,5.0,106.3742,97.4416,377.1451,386.0777,PENDING_AG03,FALSE,NOT_FOR_ENFORCEMENT,464.1785,70789.7852,483.5193,464.1785,19.3408,0.00593162,0.00569435,19.3408,464.1785,0.00569435,19.3408,19.3408,19.3408,24.1760,24.1760,464.1785,0.00569435,106.3742,97.4416,377.1451,386.0777,0.00462666,0.00473624,0.00023726,7.1750,6.4906,0.0426,4.2045,0.0806,708.8314,98.7913,8.8300,6.6350,4.0407,4.4018,8.4329,14.3073,20.7715,40.8781,4.2012,0.0,4.718859,9.286678,1.630025,30,242,81,2,0.30276321,0.00593162,-0.00694385,0E-8,0.000000,0.904604,0.002289,0.01846642,2026-03-22,2026-08-06,115,6001,2406,138,0.833333,1.330819,1.230659,1.009211,,,,,,,,GLOBAL_BASELINE_NO_ENTITY_RANKING,,,NOT_APPLICABLE_GLOBAL_BASELINE,HF9g-P5,,,,X 全窗基线 · 不参与实体赏罚,8399664,840,A168_HF9F_20260827_0900,2026-08-27 09:00:00
2026-04-12,36810153,2129,0,4.2164737630,4.0056500748,4.0056500748,1.0000000,1,1,0.50665070000000000,0.506650700000,0.9867858985152569,0.9867858985152569,0.9867858985152569,0E-17,ELIGIBLE,R03b_20260811_FULL_v1,L1_ELIGIBILITY,v2026-08-11,2026-03-21..2026-08-06,baccarat_bet02_101_all_pairs_incl_sentinel,round_win = game_pnl > 0 (decisive only),COMPATIBILITY_ONLY_NOT_PRODUCTION,81515.6139,73739.3596,483.5193,11361,11361,-0.00593162,0.00694385,-0.01152257,-0.00593162,-483.5193,81515.6139,OK,0.0000,19.3408,4.0000,96.0000,AG03-UNRESOLVED,ALL5_LEVELS_bet23_to_bet27,19.3408,19.3408,19.3408,24.1760,24.1760,4.000000,4.000000,4.000000,5.000000,5.000000,96.000000,96.000000,96.000000,95.000000,95.000000,5.0,106.3742,97.4416,377.1451,386.0777,PENDING_AG03,FALSE,NOT_FOR_ENFORCEMENT,464.1785,70789.7852,483.5193,464.1785,19.3408,0.00593162,0.00569435,19.3408,464.1785,0.00569435,19.3408,19.3408,19.3408,24.1760,24.1760,464.1785,0.00569435,106.3742,97.4416,377.1451,386.0777,0.00462666,0.00473624,0.00023726,7.1750,6.4906,0.0426,4.2045,0.0806,708.8314,98.7913,8.8300,6.6350,4.0407,4.4018,8.4329,14.3073,20.7715,40.8781,4.2012,0.0,4.718859,9.286678,1.630025,30,242,81,2,0.30276321,0.00593162,-0.00694385,0E-8,0.000000,0.904604,0.002289,0.01846642,2026-03-22,2026-08-06,115,6001,2406,138,0.833333,1.330819,1.230659,1.009211,,,,,,,,GLOBAL_BASELINE_NO_ENTITY_RANKING,,,NOT_APPLICABLE_GLOBAL_BASELINE,HF9g-P5,,,,X 全窗基线 · 不参与实体赏罚,8399665,840,A168_HF9F_20260827_0900,2026-08-27 09:00:00
2026-04-12,36810153,2142,0,8.0113001497,3.4996732233,3.4996732233,0.5000000,2,2,0.50665070000000000,0.506650700000,-0.018812684590367487,-0.018812684590367487,-0.018812684590367487,0E-17,ELIGIBLE,R03b_20260811_FULL_v1,L1_ELIGIBILITY,v2026-08-11,2026-03-21..2026-08-06,baccarat_bet02_101_all_pairs_incl_sentinel,round_win = game_pnl > 0 (decisive only),COMPATIBILITY_ONLY_NOT_PRODUCTION,81515.6139,73739.3596,483.5193,11361,11361,-0.00593162,0.00694385,-0.01152257,-0.00593162,-483.5193,81515.6139,OK,0.0000,19.3408,4.0000,96.0000,AG03-UNRESOLVED,ALL5_LEVELS_bet23_to_bet27,19.3408,19.3408,19.3408,24.1760,24.1760,4.000000,4.000000,4.000000,5.000000,5.000000,96.000000,96.000000,96.000000,95.000000,95.000000,5.0,106.3742,97.4416,377.1451,386.0777,PENDING_AG03,FALSE,NOT_FOR_ENFORCEMENT,464.1785,70789.7852,483.5193,464.1785,19.3408,0.00593162,0.00569435,19.3408,464.1785,0.00569435,19.3408,19.3408,19.3408,24.1760,24.1760,464.1785,0.00569435,106.3742,97.4416,377.1451,386.0777,0.00462666,0.00473624,0.00023726,7.1750,6.4906,0.0426,4.2045,0.0806,708.8314,98.7913,8.8300,6.6350,4.0407,4.4018,8.4329,14.3073,20.7715,40.8781,4.2012,0.0,4.718859,9.286678,1.630025,30,242,81,2,0.30276321,0.00593162,-0.00694385,0E-8,0.000000,0.904604,0.002289,0.01846642,2026-03-22,2026-08-06,115,6001,2406,138,0.833333,1.330819,1.230659,1.009211,,,,,,,,GLOBAL_BASELINE_NO_ENTITY_RANKING,,,NOT_APPLICABLE_GLOBAL_BASELINE,HF9g-P5,,,,X 全窗基线 · 不参与实体赏罚,8399666,840,A168_HF9F_20260827_0900,2026-08-27 09:00:00
2026-04-12,36810153,2145,0,19.3957793098,-0.4848944827,-0.4848944827,0.5000000,4,4,0.50329940000000000,0.503299400000,-0.01319788734859681,-0.01319788734859681,-0.01319788734859681,0E-17,ELIGIBLE,R03b_20260811_FULL_v1,L1_ELIGIBILITY,v2026-08-11,2026-03-21..2026-08-06,baccarat_bet02_101_all_pairs_incl_sentinel,round_win = game_pnl > 0 (decisive only),COMPATIBILITY_ONLY_NOT_PRODUCTION,81515.6139,73739.3596,483.5193,11361,11361,-0.00593162,0.00694385,-0.01152257,-0.00593162,-483.5193,81515.6139,OK,0.0000,19.3408,4.0000,96.0000,AG03-UNRESOLVED,ALL5_LEVELS_bet23_to_bet27,19.3408,19.3408,19.3408,24.1760,24.1760,4.000000,4.000000,4.000000,5.000000,5.000000,96.000000,96.000000,96.000000,95.000000,95.000000,5.0,106.3742,97.4416,377.1451,386.0777,PENDING_AG03,FALSE,NOT_FOR_ENFORCEMENT,464.1785,70789.7852,483.5193,464.1785,19.3408,0.00593162,0.00569435,19.3408,464.1785,0.00569435,19.3408,19.3408,19.3408,24.1760,24.1760,464.1785,0.00569435,106.3742,97.4416,377.1451,386.0777,0.00462666,0.00473624,0.00023726,7.1750,6.4906,0.0426,4.2045,0.0806,708.8314,98.7913,8.8300,6.6350,4.0407,4.4018,8.4329,14.3073,20.7715,40.8781,4.2012,0.0,4.718859,9.286678,1.630025,30,242,81,2,0.30276321,0.00593162,-0.00694385,0E-8,0.000000,0.904604,0.002289,0.01846642,2026-03-22,2026-08-06,115,6001,2406,138,0.833333,1.330819,1.230659,1.009211,,,,,,,,GLOBAL_BASELINE_NO_ENTITY_RANKING,,,NOT_APPLICABLE_GLOBAL_BASELINE,HF9g-P5,,,,X 全窗基线 · 不参与实体赏罚,8399667,840,A168_HF9F_20260827_0900,2026-08-27 09:00:00
2026-04-12,36810153,2156,0,4.2164737630,4.0056500748,4.0056500748,1.0000000,1,1,0.50665070000000000,0.506650700000,0.9867858985152569,0.9867858985152569,0.9867858985152569,0E-17,ELIGIBLE,R03b_20260811_FULL_v1,L1_ELIGIBILITY,v2026-08-11,2026-03-21..2026-08-06,baccarat_bet02_101_all_pairs_incl_sentinel,round_win = game_pnl > 0 (decisive only),COMPATIBILITY_ONLY_NOT_PRODUCTION,81515.6139,73739.3596,483.5193,11361,11361,-0.00593162,0.00694385,-0.01152257,-0.00593162,-483.5193,81515.6139,OK,0.0000,19.3408,4.0000,96.0000,AG03-UNRESOLVED,ALL5_LEVELS_bet23_to_bet27,19.3408,19.3408,19.3408,24.1760,24.1760,4.000000,4.000000,4.000000,5.000000,5.000000,96.000000,96.000000,96.000000,95.000000,95.000000,5.0,106.3742,97.4416,377.1451,386.0777,PENDING_AG03,FALSE,NOT_FOR_ENFORCEMENT,464.1785,70789.7852,483.5193,464.1785,19.3408,0.00593162,0.00569435,19.3408,464.1785,0.00569435,19.3408,19.3408,19.3408,24.1760,24.1760,464.1785,0.00569435,106.3742,97.4416,377.1451,386.0777,0.00462666,0.00473624,0.00023726,7.1750,6.4906,0.0426,4.2045,0.0806,708.8314,98.7913,8.8300,6.6350,4.0407,4.4018,8.4329,14.3073,20.7715,40.8781,4.2012,0.0,4.718859,9.286678,1.630025,30,242,81,2,0.30276321,0.00593162,-0.00694385,0E-8,0.000000,0.904604,0.002289,0.01846642,2026-03-22,2026-08-06,115,6001,2406,138,0.833333,1.330819,1.230659,1.009211,,,,,,,,GLOBAL_BASELINE_NO_ENTITY_RANKING,,,NOT_APPLICABLE_GLOBAL_BASELINE,HF9g-P5,,,,X 全窗基线 · 不参与实体赏罚,8399668,840,A168_HF9F_20260827_0900,2026-08-27 09:00:00
2026-04-12,36810153,2160,0,9.4870659667,-9.4870659667,-9.4870659667,0E-7,1,1,0.49324550000000000,0.493245500000,-0.9865810262130424,-0.9865810262130424,-0.9865810262130424,0E-17,ELIGIBLE,R03b_20260811_FULL_v1,L1_ELIGIBILITY,v2026-08-11,2026-03-21..2026-08-06,baccarat_bet02_101_all_pairs_incl_sentinel,round_win = game_pnl > 0 (decisive only),COMPATIBILITY_ONLY_NOT_PRODUCTION,81515.6139,73739.3596,483.5193,11361,11361,-0.00593162,0.00694385,-0.01152257,-0.00593162,-483.5193,81515.6139,OK,0.0000,19.3408,4.0000,96.0000,AG03-UNRESOLVED,ALL5_LEVELS_bet23_to_bet27,19.3408,19.3408,19.3408,24.1760,24.1760,4.000000,4.000000,4.000000,5.000000,5.000000,96.000000,96.000000,96.000000,95.000000,95.000000,5.0,106.3742,97.4416,377.1451,386.0777,PENDING_AG03,FALSE,NOT_FOR_ENFORCEMENT,464.1785,70789.7852,483.5193,464.1785,19.3408,0.00593162,0.00569435,19.3408,464.1785,0.00569435,19.3408,19.3408,19.3408,24.1760,24.1760,464.1785,0.00569435,106.3742,97.4416,377.1451,386.0777,0.00462666,0.00473624,0.00023726,7.1750,6.4906,0.0426,4.2045,0.0806,708.8314,98.7913,8.8300,6.6350,4.0407,4.4018,8.4329,14.3073,20.7715,40.8781,4.2012,0.0,4.718859,9.286678,1.630025,30,242,81,2,0.30276321,0.00593162,-0.00694385,0E-8,0.000000,0.904604,0.002289,0.01846642,2026-03-22,2026-08-06,115,6001,2406,138,0.833333,1.330819,1.230659,1.009211,,,,,,,,GLOBAL_BASELINE_NO_ENTITY_RANKING,,,NOT_APPLICABLE_GLOBAL_BASELINE,HF9g-P5,,,,X 全窗基线 · 不参与实体赏罚,8399669,840,A168_HF9F_20260827_0900,2026-08-27 09:00:00
2026-04-12,36810153,2167,0,5.6922395800,5.2073450973,5.2073450973,1.0000000,2,2,0.50665070000000000,0.506650700000,0.9867858985152569,0.9867858985152569,0.9867858985152569,0E-17,ELIGIBLE,R03b_20260811_FULL_v1,L1_ELIGIBILITY,v2026-08-11,2026-03-21..2026-08-06,baccarat_bet02_101_all_pairs_incl_sentinel,round_win = game_pnl > 0 (decisive only),COMPATIBILITY_ONLY_NOT_PRODUCTION,81515.6139,73739.3596,483.5193,11361,11361,-0.00593162,0.00694385,-0.01152257,-0.00593162,-483.5193,81515.6139,OK,0.0000,19.3408,4.0000,96.0000,AG03-UNRESOLVED,ALL5_LEVELS_bet23_to_bet27,19.3408,19.3408,19.3408,24.1760,24.1760,4.000000,4.000000,4.000000,5.000000,5.000000,96.000000,96.000000,96.000000,95.000000,95.000000,5.0,106.3742,97.4416,377.1451,386.0777,PENDING_AG03,FALSE,NOT_FOR_ENFORCEMENT,464.1785,70789.7852,483.5193,464.1785,19.3408,0.00593162,0.00569435,19.3408,464.1785,0.00569435,19.3408,19.3408,19.3408,24.1760,24.1760,464.1785,0.00569435,106.3742,97.4416,377.1451,386.0777,0.00462666,0.00473624,0.00023726,7.1750,6.4906,0.0426,4.2045,0.0806,708.8314,98.7913,8.8300,6.6350,4.0407,4.4018,8.4329,14.3073,20.7715,40.8781,4.2012,0.0,4.718859,9.286678,1.630025,30,242,81,2,0.30276321,0.00593162,-0.00694385,0E-8,0.000000,0.904604,0.002289,0.01846642,2026-03-22,2026-08-06,115,6001,2406,138,0.833333,1.330819,1.230659,1.009211,,,,,,,,GLOBAL_BASELINE_NO_ENTITY_RANKING,,,NOT_APPLICABLE_GLOBAL_BASELINE,HF9g-P5,,,,X 全窗基线 · 不参与实体赏罚,8399670,840,A168_HF9F_20260827_0900,2026-08-27 09:00:00
2026-04-12,36810153,2170,0,14.7576581705,-10.5411844075,-10.5411844075,0E-7,2,2,0.50665070000000000,0.506650700000,-1.013391052207602,-1.013391052207602,-1.013391052207602,0E-17,ELIGIBLE,R03b_20260811_FULL_v1,L1_ELIGIBILITY,v2026-08-11,2026-03-21..2026-08-06,baccarat_bet02_101_all_pairs_incl_sentinel,round_win = game_pnl > 0 (decisive only),COMPATIBILITY_ONLY_NOT_PRODUCTION,81515.6139,73739.3596,483.5193,11361,11361,-0.00593162,0.00694385,-0.01152257,-0.00593162,-483.5193,81515.6139,OK,0.0000,19.3408,4.0000,96.0000,AG03-UNRESOLVED,ALL5_LEVELS_bet23_to_bet27,19.3408,19.3408,19.3408,24.1760,24.1760,4.000000,4.000000,4.000000,5.000000,5.000000,96.000000,96.000000,96.000000,95.000000,95.000000,5.0,106.3742,97.4416,377.1451,386.0777,PENDING_AG03,FALSE,NOT_FOR_ENFORCEMENT,464.1785,70789.7852,483.5193,464.1785,19.3408,0.00593162,0.00569435,19.3408,464.1785,0.00569435,19.3408,19.3408,19.3408,24.1760,24.1760,464.1785,0.00569435,106.3742,97.4416,377.1451,386.0777,0.00462666,0.00473624,0.00023726,7.1750,6.4906,0.0426,4.2045,0.0806,708.8314,98.7913,8.8300,6.6350,4.0407,4.4018,8.4329,14.3073,20.7715,40.8781,4.2012,0.0,4.718859,9.286678,1.630025,30,242,81,2,0.30276321,0.00593162,-0.00694385,0E-8,0.000000,0.904604,0.002289,0.01846642,2026-03-22,2026-08-06,115,6001,2406,138,0.833333,1.330819,1.230659,1.009211,,,,,,,,GLOBAL_BASELINE_NO_ENTITY_RANKING,,,NOT_APPLICABLE_GLOBAL_BASELINE,HF9g-P5,,,,X 全窗基线 · 不参与实体赏罚,8399671,840,A168_HF9F_20260827_0900,2026-08-27 09:00:00
2026-04-12,36810153,2174,0,6.3247106445,-2.1082368815,-2.1082368815,0E-7,2,2,0.49994810000000000,0.499948100000,-0.9998962053866608,-0.9998962053866608,-0.9998962053866608,0E-17,ELIGIBLE,R03b_20260811_FULL_v1,L1_ELIGIBILITY,v2026-08-11,2026-03-21..2026-08-06,baccarat_bet02_101_all_pairs_incl_sentinel,round_win = game_pnl > 0 (decisive only),COMPATIBILITY_ONLY_NOT_PRODUCTION,81515.6139,73739.3596,483.5193,11361,11361,-0.00593162,0.00694385,-0.01152257,-0.00593162,-483.5193,81515.6139,OK,0.0000,19.3408,4.0000,96.0000,AG03-UNRESOLVED,ALL5_LEVELS_bet23_to_bet27,19.3408,19.3408,19.3408,24.1760,24.1760,4.000000,4.000000,4.000000,5.000000,5.000000,96.000000,96.000000,96.000000,95.000000,95.000000,5.0,106.3742,97.4416,377.1451,386.0777,PENDING_AG03,FALSE,NOT_FOR_ENFORCEMENT,464.1785,70789.7852,483.5193,464.1785,19.3408,0.00593162,0.00569435,19.3408,464.1785,0.00569435,19.3408,19.3408,19.3408,24.1760,24.1760,464.1785,0.00569435,106.3742,97.4416,377.1451,386.0777,0.00462666,0.00473624,0.00023726,7.1750,6.4906,0.0426,4.2045,0.0806,708.8314,98.7913,8.8300,6.6350,4.0407,4.4018,8.4329,14.3073,20.7715,40.8781,4.2012,0.0,4.718859,9.286678,1.630025,30,242,81,2,0.30276321,0.00593162,-0.00694385,0E-8,0.000000,0.904604,0.002289,0.01846642,2026-03-22,2026-08-06,115,6001,2406,138,0.833333,1.330819,1.230659,1.009211,,,,,,,,GLOBAL_BASELINE_NO_ENTITY_RANKING,,,NOT_APPLICABLE_GLOBAL_BASELINE,HF9g-P5,,,,X 全窗基线 · 不参与实体赏罚,8399672,840,A168_HF9F_20260827_0900,2026-08-27 09:00:00
2026-04-12,36810153,2175,0,7.3788290852,7.0098876310,7.0098876310,1.0000000,1,1,0.50665070000000000,0.506650700000,0.9867858985152569,0.9867858985152569,0.9867858985152569,0E-17,ELIGIBLE,R03b_20260811_FULL_v1,L1_ELIGIBILITY,v2026-08-11,2026-03-21..2026-08-06,baccarat_bet02_101_all_pairs_incl_sentinel,round_win = game_pnl > 0 (decisive only),COMPATIBILITY_ONLY_NOT_PRODUCTION,81515.6139,73739.3596,483.5193,11361,11361,-0.00593162,0.00694385,-0.01152257,-0.00593162,-483.5193,81515.6139,OK,0.0000,19.3408,4.0000,96.0000,AG03-UNRESOLVED,ALL5_LEVELS_bet23_to_bet27,19.3408,19.3408,19.3408,24.1760,24.1760,4.000000,4.000000,4.000000,5.000000,5.000000,96.000000,96.000000,96.000000,95.000000,95.000000,5.0,106.3742,97.4416,377.1451,386.0777,PENDING_AG03,FALSE,NOT_FOR_ENFORCEMENT,464.1785,70789.7852,483.5193,464.1785,19.3408,0.00593162,0.00569435,19.3408,464.1785,0.00569435,19.3408,19.3408,19.3408,24.1760,24.1760,464.1785,0.00569435,106.3742,97.4416,377.1451,386.0777,0.00462666,0.00473624,0.00023726,7.1750,6.4906,0.0426,4.2045,0.0806,708.8314,98.7913,8.8300,6.6350,4.0407,4.4018,8.4329,14.3073,20.7715,40.8781,4.2012,0.0,4.718859,9.286678,1.630025,30,242,81,2,0.30276321,0.00593162,-0.00694385,0E-8,0.000000,0.904604,0.002289,0.01846642,2026-03-22,2026-08-06,115,6001,2406,138,0.833333,1.330819,1.230659,1.009211,,,,,,,,GLOBAL_BASELINE_NO_ENTITY_RANKING,,,NOT_APPLICABLE_GLOBAL_BASELINE,HF9g-P5,,,,X 全窗基线 · 不参与实体赏罚,8399673,840,A168_HF9F_20260827_0900,2026-08-27 09:00:00
2026-04-12,36810153,2196,0,21.2931925031,16.6550713638,16.6550713638,1.0000000,3,3,0.50218230000000000,0.502182300000,1.4080544974538591,1.4080544974538591,1.4080544974538591,0E-17,ELIGIBLE,R03b_20260811_FULL_v1,L1_ELIGIBILITY,v2026-08-11,2026-03-21..2026-08-06,baccarat_bet02_101_all_pairs_incl_sentinel,round_win = game_pnl > 0 (decisive only),COMPATIBILITY_ONLY_NOT_PRODUCTION,81515.6139,73739.3596,483.5193,11361,11361,-0.00593162,0.00694385,-0.01152257,-0.00593162,-483.5193,81515.6139,OK,0.0000,19.3408,4.0000,96.0000,AG03-UNRESOLVED,ALL5_LEVELS_bet23_to_bet27,19.3408,19.3408,19.3408,24.1760,24.1760,4.000000,4.000000,4.000000,5.000000,5.000000,96.000000,96.000000,96.000000,95.000000,95.000000,5.0,106.3742,97.4416,377.1451,386.0777,PENDING_AG03,FALSE,NOT_FOR_ENFORCEMENT,464.1785,70789.7852,483.5193,464.1785,19.3408,0.00593162,0.00569435,19.3408,464.1785,0.00569435,19.3408,19.3408,19.3408,24.1760,24.1760,464.1785,0.00569435,106.3742,97.4416,377.1451,386.0777,0.00462666,0.00473624,0.00023726,7.1750,6.4906,0.0426,4.2045,0.0806,708.8314,98.7913,8.8300,6.6350,4.0407,4.4018,8.4329,14.3073,20.7715,40.8781,4.2012,0.0,4.718859,9.286678,1.630025,30,242,81,2,0.30276321,0.00593162,-0.00694385,0E-8,0.000000,0.904604,0.002289,0.01846642,2026-03-22,2026-08-06,115,6001,2406,138,0.833333,1.330819,1.230659,1.009211,,,,,,,,GLOBAL_BASELINE_NO_ENTITY_RANKING,,,NOT_APPLICABLE_GLOBAL_BASELINE,HF9g-P5,,,,X 全窗基线 · 不参与实体赏罚,8399674,840,A168_HF9F_20260827_0900,2026-08-27 09:00:00
2026-04-12,36810153,2205,0,10.3303607193,1.8974131933,1.8974131933,0.5000000,2,2,0.49994810000000000,0.499948100000,0.00014679536856514622,0.00014679536856514622,0.00014679536856514622,0E-17,ELIGIBLE,R03b_20260811_FULL_v1,L1_ELIGIBILITY,v2026-08-11,2026-03-21..2026-08-06,baccarat_bet02_101_all_pairs_incl_sentinel,round_win = game_pnl > 0 (decisive only),COMPATIBILITY_ONLY_NOT_PRODUCTION,81515.6139,73739.3596,483.5193,11361,11361,-0.00593162,0.00694385,-0.01152257,-0.00593162,-483.5193,81515.6139,OK,0.0000,19.3408,4.0000,96.0000,AG03-UNRESOLVED,ALL5_LEVELS_bet23_to_bet27,19.3408,19.3408,19.3408,24.1760,24.1760,4.000000,4.000000,4.000000,5.000000,5.000000,96.000000,96.000000,96.000000,95.000000,95.000000,5.0,106.3742,97.4416,377.1451,386.0777,PENDING_AG03,FALSE,NOT_FOR_ENFORCEMENT,464.1785,70789.7852,483.5193,464.1785,19.3408,0.00593162,0.00569435,19.3408,464.1785,0.00569435,19.3408,19.3408,19.3408,24.1760,24.1760,464.1785,0.00569435,106.3742,97.4416,377.1451,386.0777,0.00462666,0.00473624,0.00023726,7.1750,6.4906,0.0426,4.2045,0.0806,708.8314,98.7913,8.8300,6.6350,4.0407,4.4018,8.4329,14.3073,20.7715,40.8781,4.2012,0.0,4.718859,9.286678,1.630025,30,242,81,2,0.30276321,0.00593162,-0.00694385,0E-8,0.000000,0.904604,0.002289,0.01846642,2026-03-22,2026-08-06,115,6001,2406,138,0.833333,1.330819,1.230659,1.009211,,,,,,,,GLOBAL_BASELINE_NO_ENTITY_RANKING,,,NOT_APPLICABLE_GLOBAL_BASELINE,HF9g-P5,,,,X 全窗基线 · 不参与实体赏罚,8399675,840,A168_HF9F_20260827_0900,2026-08-27 09:00:00
2026-04-12,36810153,2229,0,6.3247106445,6.3247106445,6.3247106445,1.0000000,1,1,0.49324550000000000,0.493245500000,1.01360149184955,1.01360149184955,1.01360149184955,0E-17,ELIGIBLE,R03b_20260811_FULL_v1,L1_ELIGIBILITY,v2026-08-11,2026-03-21..2026-08-06,baccarat_bet02_101_all_pairs_incl_sentinel,round_win = game_pnl > 0 (decisive only),COMPATIBILITY_ONLY_NOT_PRODUCTION,81515.6139,73739.3596,483.5193,11361,11361,-0.00593162,0.00694385,-0.01152257,-0.00593162,-483.5193,81515.6139,OK,0.0000,19.3408,4.0000,96.0000,AG03-UNRESOLVED,ALL5_LEVELS_bet23_to_bet27,19.3408,19.3408,19.3408,24.1760,24.1760,4.000000,4.000000,4.000000,5.000000,5.000000,96.000000,96.000000,96.000000,95.000000,95.000000,5.0,106.3742,97.4416,377.1451,386.0777,PENDING_AG03,FALSE,NOT_FOR_ENFORCEMENT,464.1785,70789.7852,483.5193,464.1785,19.3408,0.00593162,0.00569435,19.3408,464.1785,0.00569435,19.3408,19.3408,19.3408,24.1760,24.1760,464.1785,0.00569435,106.3742,97.4416,377.1451,386.0777,0.00462666,0.00473624,0.00023726,7.1750,6.4906,0.0426,4.2045,0.0806,708.8314,98.7913,8.8300,6.6350,4.0407,4.4018,8.4329,14.3073,20.7715,40.8781,4.2012,0.0,4.718859,9.286678,1.630025,30,242,81,2,0.30276321,0.00593162,-0.00694385,0E-8,0.000000,0.904604,0.002289,0.01846642,2026-03-22,2026-08-06,115,6001,2406,138,0.833333,1.330819,1.230659,1.009211,,,,,,,,GLOBAL_BASELINE_NO_ENTITY_RANKING,,,NOT_APPLICABLE_GLOBAL_BASELINE,HF9g-P5,,,,X 全窗基线 · 不参与实体赏罚,8399676,840,A168_HF9F_20260827_0900,2026-08-27 09:00:00
2026-04-12,36810153,2239,0,12.6494212890,12.0169502245,12.0169502245,1.0000000,1,1,0.50665070000000000,0.506650700000,0.9867858985152569,0.9867858985152569,0.9867858985152569,0E-17,ELIGIBLE,R03b_20260811_FULL_v1,L1_ELIGIBILITY,v2026-08-11,2026-03-21..2026-08-06,baccarat_bet02_101_all_pairs_incl_sentinel,round_win = game_pnl > 0 (decisive only),COMPATIBILITY_ONLY_NOT_PRODUCTION,81515.6139,73739.3596,483.5193,11361,11361,-0.00593162,0.00694385,-0.01152257,-0.00593162,-483.5193,81515.6139,OK,0.0000,19.3408,4.0000,96.0000,AG03-UNRESOLVED,ALL5_LEVELS_bet23_to_bet27,19.3408,19.3408,19.3408,24.1760,24.1760,4.000000,4.000000,4.000000,5.000000,5.000000,96.000000,96.000000,96.000000,95.000000,95.000000,5.0,106.3742,97.4416,377.1451,386.0777,PENDING_AG03,FALSE,NOT_FOR_ENFORCEMENT,464.1785,70789.7852,483.5193,464.1785,19.3408,0.00593162,0.00569435,19.3408,464.1785,0.00569435,19.3408,19.3408,19.3408,24.1760,24.1760,464.1785,0.00569435,106.3742,97.4416,377.1451,386.0777,0.00462666,0.00473624,0.00023726,7.1750,6.4906,0.0426,4.2045,0.0806,708.8314,98.7913,8.8300,6.6350,4.0407,4.4018,8.4329,14.3073,20.7715,40.8781,4.2012,0.0,4.718859,9.286678,1.630025,30,242,81,2,0.30276321,0.00593162,-0.00694385,0E-8,0.000000,0.904604,0.002289,0.01846642,2026-03-22,2026-08-06,115,6001,2406,138,0.833333,1.330819,1.230659,1.009211,,,,,,,,GLOBAL_BASELINE_NO_ENTITY_RANKING,,,NOT_APPLICABLE_GLOBAL_BASELINE,HF9g-P5,,,,X 全窗基线 · 不参与实体赏罚,8399677,840,A168_HF9F_20260827_0900,2026-08-27 09:00:00
2026-04-12,36810153,2252,0,4.2164737630,4.0056500748,4.0056500748,1.0000000,1,1,0.50665070000000000,0.506650700000,0.9867858985152569,0.9867858985152569,0.9867858985152569,0E-17,ELIGIBLE,R03b_20260811_FULL_v1,L1_ELIGIBILITY,v2026-08-11,2026-03-21..2026-08-06,baccarat_bet02_101_all_pairs_incl_sentinel,round_win = game_pnl > 0 (decisive only),COMPATIBILITY_ONLY_NOT_PRODUCTION,81515.6139,73739.3596,483.5193,11361,11361,-0.00593162,0.00694385,-0.01152257,-0.00593162,-483.5193,81515.6139,OK,0.0000,19.3408,4.0000,96.0000,AG03-UNRESOLVED,ALL5_LEVELS_bet23_to_bet27,19.3408,19.3408,19.3408,24.1760,24.1760,4.000000,4.000000,4.000000,5.000000,5.000000,96.000000,96.000000,96.000000,95.000000,95.000000,5.0,106.3742,97.4416,377.1451,386.0777,PENDING_AG03,FALSE,NOT_FOR_ENFORCEMENT,464.1785,70789.7852,483.5193,464.1785,19.3408,0.00593162,0.00569435,19.3408,464.1785,0.00569435,19.3408,19.3408,19.3408,24.1760,24.1760,464.1785,0.00569435,106.3742,97.4416,377.1451,386.0777,0.00462666,0.00473624,0.00023726,7.1750,6.4906,0.0426,4.2045,0.0806,708.8314,98.7913,8.8300,6.6350,4.0407,4.4018,8.4329,14.3073,20.7715,40.8781,4.2012,0.0,4.718859,9.286678,1.630025,30,242,81,2,0.30276321,0.00593162,-0.00694385,0E-8,0.000000,0.904604,0.002289,0.01846642,2026-03-22,2026-08-06,115,6001,2406,138,0.833333,1.330819,1.230659,1.009211,,,,,,,,GLOBAL_BASELINE_NO_ENTITY_RANKING,,,NOT_APPLICABLE_GLOBAL_BASELINE,HF9g-P5,,,,X 全窗基线 · 不参与实体赏罚,8399678,840,A168_HF9F_20260827_0900,2026-08-27 09:00:00
2026-04-12,36810153,2256,0,10.1195370312,1.5811776611,1.5811776611,0.6666667,3,3,0.50218230000000000,0.502182300000,0.5697959874915163,0.5697959874915164,0.5697959874915163,0E-17,ELIGIBLE,R03b_20260811_FULL_v1,L1_ELIGIBILITY,v2026-08-11,2026-03-21..2026-08-06,baccarat_bet02_101_all_pairs_incl_sentinel,round_win = game_pnl > 0 (decisive only),COMPATIBILITY_ONLY_NOT_PRODUCTION,81515.6139,73739.3596,483.5193,11361,11361,-0.00593162,0.00694385,-0.01152257,-0.00593162,-483.5193,81515.6139,OK,0.0000,19.3408,4.0000,96.0000,AG03-UNRESOLVED,ALL5_LEVELS_bet23_to_bet27,19.3408,19.3408,19.3408,24.1760,24.1760,4.000000,4.000000,4.000000,5.000000,5.000000,96.000000,96.000000,96.000000,95.000000,95.000000,5.0,106.3742,97.4416,377.1451,386.0777,PENDING_AG03,FALSE,NOT_FOR_ENFORCEMENT,464.1785,70789.7852,483.5193,464.1785,19.3408,0.00593162,0.00569435,19.3408,464.1785,0.00569435,19.3408,19.3408,19.3408,24.1760,24.1760,464.1785,0.00569435,106.3742,97.4416,377.1451,386.0777,0.00462666,0.00473624,0.00023726,7.1750,6.4906,0.0426,4.2045,0.0806,708.8314,98.7913,8.8300,6.6350,4.0407,4.4018,8.4329,14.3073,20.7715,40.8781,4.2012,0.0,4.718859,9.286678,1.630025,30,242,81,2,0.30276321,0.00593162,-0.00694385,0E-8,0.000000,0.904604,0.002289,0.01846642,2026-03-22,2026-08-06,115,6001,2406,138,0.833333,1.330819,1.230659,1.009211,,,,,,,,GLOBAL_BASELINE_NO_ENTITY_RANKING,,,NOT_APPLICABLE_GLOBAL_BASELINE,HF9g-P5,,,,X 全窗基线 · 不参与实体赏罚,8399679,840,A168_HF9F_20260827_0900,2026-08-27 09:00:00
2026-04-12,36810153,2258,0,21.7148398794,-21.7148398794,-21.7148398794,0E-7,1,1,0.50665070000000000,0.506650700000,-1.013391052207602,-1.013391052207602,-1.013391052207602,0E-17,ELIGIBLE,R03b_20260811_FULL_v1,L1_ELIGIBILITY,v2026-08-11,2026-03-21..2026-08-06,baccarat_bet02_101_all_pairs_incl_sentinel,round_win = game_pnl > 0 (decisive only),COMPATIBILITY_ONLY_NOT_PRODUCTION,81515.6139,73739.3596,483.5193,11361,11361,-0.00593162,0.00694385,-0.01152257,-0.00593162,-483.5193,81515.6139,OK,0.0000,19.3408,4.0000,96.0000,AG03-UNRESOLVED,ALL5_LEVELS_bet23_to_bet27,19.3408,19.3408,19.3408,24.1760,24.1760,4.000000,4.000000,4.000000,5.000000,5.000000,96.000000,96.000000,96.000000,95.000000,95.000000,5.0,106.3742,97.4416,377.1451,386.0777,PENDING_AG03,FALSE,NOT_FOR_ENFORCEMENT,464.1785,70789.7852,483.5193,464.1785,19.3408,0.00593162,0.00569435,19.3408,464.1785,0.00569435,19.3408,19.3408,19.3408,24.1760,24.1760,464.1785,0.00569435,106.3742,97.4416,377.1451,386.0777,0.00462666,0.00473624,0.00023726,7.1750,6.4906,0.0426,4.2045,0.0806,708.8314,98.7913,8.8300,6.6350,4.0407,4.4018,8.4329,14.3073,20.7715,40.8781,4.2012,0.0,4.718859,9.286678,1.630025,30,242,81,2,0.30276321,0.00593162,-0.00694385,0E-8,0.000000,0.904604,0.002289,0.01846642,2026-03-22,2026-08-06,115,6001,2406,138,0.833333,1.330819,1.230659,1.009211,,,,,,,,GLOBAL_BASELINE_NO_ENTITY_RANKING,,,NOT_APPLICABLE_GLOBAL_BASELINE,HF9g-P5,,,,X 全窗基线 · 不参与实体赏罚,8399680,840,A168_HF9F_20260827_0900,2026-08-27 09:00:00
2026-04-12,36810153,2267,0,10.9628317838,-10.9628317838,-10.9628317838,0E-7,1,1,0.49324550000000000,0.493245500000,-0.9865810262130424,-0.9865810262130424,-0.9865810262130424,0E-17,ELIGIBLE,R03b_20260811_FULL_v1,L1_ELIGIBILITY,v2026-08-11,2026-03-21..2026-08-06,baccarat_bet02_101_all_pairs_incl_sentinel,round_win = game_pnl > 0 (decisive only),COMPATIBILITY_ONLY_NOT_PRODUCTION,81515.6139,73739.3596,483.5193,11361,11361,-0.00593162,0.00694385,-0.01152257,-0.00593162,-483.5193,81515.6139,OK,0.0000,19.3408,4.0000,96.0000,AG03-UNRESOLVED,ALL5_LEVELS_bet23_to_bet27,19.3408,19.3408,19.3408,24.1760,24.1760,4.000000,4.000000,4.000000,5.000000,5.000000,96.000000,96.000000,96.000000,95.000000,95.000000,5.0,106.3742,97.4416,377.1451,386.0777,PENDING_AG03,FALSE,NOT_FOR_ENFORCEMENT,464.1785,70789.7852,483.5193,464.1785,19.3408,0.00593162,0.00569435,19.3408,464.1785,0.00569435,19.3408,19.3408,19.3408,24.1760,24.1760,464.1785,0.00569435,106.3742,97.4416,377.1451,386.0777,0.00462666,0.00473624,0.00023726,7.1750,6.4906,0.0426,4.2045,0.0806,708.8314,98.7913,8.8300,6.6350,4.0407,4.4018,8.4329,14.3073,20.7715,40.8781,4.2012,0.0,4.718859,9.286678,1.630025,30,242,81,2,0.30276321,0.00593162,-0.00694385,0E-8,0.000000,0.904604,0.002289,0.01846642,2026-03-22,2026-08-06,115,6001,2406,138,0.833333,1.330819,1.230659,1.009211,,,,,,,,GLOBAL_BASELINE_NO_ENTITY_RANKING,,,NOT_APPLICABLE_GLOBAL_BASELINE,HF9g-P5,,,,X 全窗基线 · 不参与实体赏罚,8399681,840,A168_HF9F_20260827_0900,2026-08-27 09:00:00
2026-04-12,36810153,471,0,43.8513271351,-35.6292032973,-35.6292032973,0.2500000,4,4,0.50329940000000000,0.503299400000,-1.013219660140378,-1.013219660140378,-1.013219660140378,0E-17,ELIGIBLE,R03b_20260811_FULL_v1,L1_ELIGIBILITY,v2026-08-11,2026-03-21..2026-08-06,baccarat_bet02_101_all_pairs_incl_sentinel,round_win = game_pnl > 0 (decisive only),COMPATIBILITY_ONLY_NOT_PRODUCTION,81515.6139,73739.3596,483.5193,11361,11361,-0.00593162,0.00694385,-0.01152257,-0.00593162,-483.5193,81515.6139,OK,0.0000,19.3408,4.0000,96.0000,AG03-UNRESOLVED,ALL5_LEVELS_bet23_to_bet27,19.3408,19.3408,19.3408,24.1760,24.1760,4.000000,4.000000,4.000000,5.000000,5.000000,96.000000,96.000000,96.000000,95.000000,95.000000,5.0,106.3742,97.4416,377.1451,386.0777,PENDING_AG03,FALSE,NOT_FOR_ENFORCEMENT,464.1785,70789.7852,483.5193,464.1785,19.3408,0.00593162,0.00569435,19.3408,464.1785,0.00569435,19.3408,19.3408,19.3408,24.1760,24.1760,464.1785,0.00569435,106.3742,97.4416,377.1451,386.0777,0.00462666,0.00473624,0.00023726,7.1750,6.4906,0.0426,4.2045,0.0806,708.8314,98.7913,8.8300,6.6350,4.0407,4.4018,8.4329,14.3073,20.7715,40.8781,4.2012,0.0,4.718859,9.286678,1.630025,30,242,81,2,0.30276321,0.00593162,-0.00694385,0E-8,0.000000,0.904604,0.002289,0.01846642,2026-03-22,2026-08-06,115,6001,2406,138,0.833333,1.330819,1.230659,1.009211,,,,,,,,GLOBAL_BASELINE_NO_ENTITY_RANKING,,,NOT_APPLICABLE_GLOBAL_BASELINE,HF9g-P5,,,,X 全窗基线 · 不参与实体赏罚,8399682,840,A168_HF9F_20260827_0900,2026-08-27 09:00:00
2026-04-12,36810153,529,0,5.2705922037,5.2705922037,5.2705922037,1.0000000,1,1,0.49324550000000000,0.493245500000,1.01360149184955,1.01360149184955,1.01360149184955,0E-17,ELIGIBLE,R03b_20260811_FULL_v1,L1_ELIGIBILITY,v2026-08-11,2026-03-21..2026-08-06,baccarat_bet02_101_all_pairs_incl_sentinel,round_win = game_pnl > 0 (decisive only),COMPATIBILITY_ONLY_NOT_PRODUCTION,81515.6139,73739.3596,483.5193,11361,11361,-0.00593162,0.00694385,-0.01152257,-0.00593162,-483.5193,81515.6139,OK,0.0000,19.3408,4.0000,96.0000,AG03-UNRESOLVED,ALL5_LEVELS_bet23_to_bet27,19.3408,19.3408,19.3408,24.1760,24.1760,4.000000,4.000000,4.000000,5.000000,5.000000,96.000000,96.000000,96.000000,95.000000,95.000000,5.0,106.3742,97.4416,377.1451,386.0777,PENDING_AG03,FALSE,NOT_FOR_ENFORCEMENT,464.1785,70789.7852,483.5193,464.1785,19.3408,0.00593162,0.00569435,19.3408,464.1785,0.00569435,19.3408,19.3408,19.3408,24.1760,24.1760,464.1785,0.00569435,106.3742,97.4416,377.1451,386.0777,0.00462666,0.00473624,0.00023726,7.1750,6.4906,0.0426,4.2045,0.0806,708.8314,98.7913,8.8300,6.6350,4.0407,4.4018,8.4329,14.3073,20.7715,40.8781,4.2012,0.0,4.718859,9.286678,1.630025,30,242,81,2,0.30276321,0.00593162,-0.00694385,0E-8,0.000000,0.904604,0.002289,0.01846642,2026-03-22,2026-08-06,115,6001,2406,138,0.833333,1.330819,1.230659,1.009211,,,,,,,,GLOBAL_BASELINE_NO_ENTITY_RANKING,,,NOT_APPLICABLE_GLOBAL_BASELINE,HF9g-P5,,,,X 全窗基线 · 不参与实体赏罚,8399683,840,A168_HF9F_20260827_0900,2026-08-27 09:00:00
2026-04-12,36810153,550,0,8.4329475260,-0.2108236882,-0.2108236882,0.5000000,2,2,0.49994810000000000,0.499948100000,0.00014679536856514622,0.00014679536856514622,0.00014679536856514622,0E-17,ELIGIBLE,R03b_20260811_FULL_v1,L1_ELIGIBILITY,v2026-08-11,2026-03-21..2026-08-06,baccarat_bet02_101_all_pairs_incl_sentinel,round_win = game_pnl > 0 (decisive only),COMPATIBILITY_ONLY_NOT_PRODUCTION,81515.6139,73739.3596,483.5193,11361,11361,-0.00593162,0.00694385,-0.01152257,-0.00593162,-483.5193,81515.6139,OK,0.0000,19.3408,4.0000,96.0000,AG03-UNRESOLVED,ALL5_LEVELS_bet23_to_bet27,19.3408,19.3408,19.3408,24.1760,24.1760,4.000000,4.000000,4.000000,5.000000,5.000000,96.000000,96.000000,96.000000,95.000000,95.000000,5.0,106.3742,97.4416,377.1451,386.0777,PENDING_AG03,FALSE,NOT_FOR_ENFORCEMENT,464.1785,70789.7852,483.5193,464.1785,19.3408,0.00593162,0.00569435,19.3408,464.1785,0.00569435,19.3408,19.3408,19.3408,24.1760,24.1760,464.1785,0.00569435,106.3742,97.4416,377.1451,386.0777,0.00462666,0.00473624,0.00023726,7.1750,6.4906,0.0426,4.2045,0.0806,708.8314,98.7913,8.8300,6.6350,4.0407,4.4018,8.4329,14.3073,20.7715,40.8781,4.2012,0.0,4.718859,9.286678,1.630025,30,242,81,2,0.30276321,0.00593162,-0.00694385,0E-8,0.000000,0.904604,0.002289,0.01846642,2026-03-22,2026-08-06,115,6001,2406,138,0.833333,1.330819,1.230659,1.009211,,,,,,,,GLOBAL_BASELINE_NO_ENTITY_RANKING,,,NOT_APPLICABLE_GLOBAL_BASELINE,HF9g-P5,,,,X 全窗基线 · 不参与实体赏罚,8399684,840,A168_HF9F_20260827_0900,2026-08-27 09:00:00
2026-04-12,36810153,583,0,16.8658950520,0E-10,0E-10,0.5000000,2,2,0.49994810000000000,0.499948100000,0.00014679536856514622,0.00014679536856514622,0.00014679536856514622,0E-17,ELIGIBLE,R03b_20260811_FULL_v1,L1_ELIGIBILITY,v2026-08-11,2026-03-21..2026-08-06,baccarat_bet02_101_all_pairs_incl_sentinel,round_win = game_pnl > 0 (decisive only),COMPATIBILITY_ONLY_NOT_PRODUCTION,81515.6139,73739.3596,483.5193,11361,11361,-0.00593162,0.00694385,-0.01152257,-0.00593162,-483.5193,81515.6139,OK,0.0000,19.3408,4.0000,96.0000,AG03-UNRESOLVED,ALL5_LEVELS_bet23_to_bet27,19.3408,19.3408,19.3408,24.1760,24.1760,4.000000,4.000000,4.000000,5.000000,5.000000,96.000000,96.000000,96.000000,95.000000,95.000000,5.0,106.3742,97.4416,377.1451,386.0777,PENDING_AG03,FALSE,NOT_FOR_ENFORCEMENT,464.1785,70789.7852,483.5193,464.1785,19.3408,0.00593162,0.00569435,19.3408,464.1785,0.00569435,19.3408,19.3408,19.3408,24.1760,24.1760,464.1785,0.00569435,106.3742,97.4416,377.1451,386.0777,0.00462666,0.00473624,0.00023726,7.1750,6.4906,0.0426,4.2045,0.0806,708.8314,98.7913,8.8300,6.6350,4.0407,4.4018,8.4329,14.3073,20.7715,40.8781,4.2012,0.0,4.718859,9.286678,1.630025,30,242,81,2,0.30276321,0.00593162,-0.00694385,0E-8,0.000000,0.904604,0.002289,0.01846642,2026-03-22,2026-08-06,115,6001,2406,138,0.833333,1.330819,1.230659,1.009211,,,,,,,,GLOBAL_BASELINE_NO_ENTITY_RANKING,,,NOT_APPLICABLE_GLOBAL_BASELINE,HF9g-P5,,,,X 全窗基线 · 不参与实体赏罚,8399685,840,A168_HF9F_20260827_0900,2026-08-27 09:00:00
2026-04-12,36810153,595,0,30.9910821580,9.9087133430,9.9087133430,0.5000000,2,2,0.49994810000000000,0.499948100000,0.00014679536856514622,0.00014679536856514622,0.00014679536856514622,0E-17,ELIGIBLE,R03b_20260811_FULL_v1,L1_ELIGIBILITY,v2026-08-11,2026-03-21..2026-08-06,baccarat_bet02_101_all_pairs_incl_sentinel,round_win = game_pnl > 0 (decisive only),COMPATIBILITY_ONLY_NOT_PRODUCTION,81515.6139,73739.3596,483.5193,11361,11361,-0.00593162,0.00694385,-0.01152257,-0.00593162,-483.5193,81515.6139,OK,0.0000,19.3408,4.0000,96.0000,AG03-UNRESOLVED,ALL5_LEVELS_bet23_to_bet27,19.3408,19.3408,19.3408,24.1760,24.1760,4.000000,4.000000,4.000000,5.000000,5.000000,96.000000,96.000000,96.000000,95.000000,95.000000,5.0,106.3742,97.4416,377.1451,386.0777,PENDING_AG03,FALSE,NOT_FOR_ENFORCEMENT,464.1785,70789.7852,483.5193,464.1785,19.3408,0.00593162,0.00569435,19.3408,464.1785,0.00569435,19.3408,19.3408,19.3408,24.1760,24.1760,464.1785,0.00569435,106.3742,97.4416,377.1451,386.0777,0.00462666,0.00473624,0.00023726,7.1750,6.4906,0.0426,4.2045,0.0806,708.8314,98.7913,8.8300,6.6350,4.0407,4.4018,8.4329,14.3073,20.7715,40.8781,4.2012,0.0,4.718859,9.286678,1.630025,30,242,81,2,0.30276321,0.00593162,-0.00694385,0E-8,0.000000,0.904604,0.002289,0.01846642,2026-03-22,2026-08-06,115,6001,2406,138,0.833333,1.330819,1.230659,1.009211,,,,,,,,GLOBAL_BASELINE_NO_ENTITY_RANKING,,,NOT_APPLICABLE_GLOBAL_BASELINE,HF9g-P5,,,,X 全窗基线 · 不参与实体赏罚,8399686,840,A168_HF9F_20260827_0900,2026-08-27 09:00:00
2026-04-12,36810153,948,0,6.3247106445,6.3247106445,6.3247106445,1.0000000,1,1,0.49324550000000000,0.493245500000,1.01360149184955,1.01360149184955,1.01360149184955,0E-17,ELIGIBLE,R03b_20260811_FULL_v1,L1_ELIGIBILITY,v2026-08-11,2026-03-21..2026-08-06,baccarat_bet02_101_all_pairs_incl_sentinel,round_win = game_pnl > 0 (decisive only),COMPATIBILITY_ONLY_NOT_PRODUCTION,81515.6139,73739.3596,483.5193,11361,11361,-0.00593162,0.00694385,-0.01152257,-0.00593162,-483.5193,81515.6139,OK,0.0000,19.3408,4.0000,96.0000,AG03-UNRESOLVED,ALL5_LEVELS_bet23_to_bet27,19.3408,19.3408,19.3408,24.1760,24.1760,4.000000,4.000000,4.000000,5.000000,5.000000,96.000000,96.000000,96.000000,95.000000,95.000000,5.0,106.3742,97.4416,377.1451,386.0777,PENDING_AG03,FALSE,NOT_FOR_ENFORCEMENT,464.1785,70789.7852,483.5193,464.1785,19.3408,0.00593162,0.00569435,19.3408,464.1785,0.00569435,19.3408,19.3408,19.3408,24.1760,24.1760,464.1785,0.00569435,106.3742,97.4416,377.1451,386.0777,0.00462666,0.00473624,0.00023726,7.1750,6.4906,0.0426,4.2045,0.0806,708.8314,98.7913,8.8300,6.6350,4.0407,4.4018,8.4329,14.3073,20.7715,40.8781,4.2012,0.0,4.718859,9.286678,1.630025,30,242,81,2,0.30276321,0.00593162,-0.00694385,0E-8,0.000000,0.904604,0.002289,0.01846642,2026-03-22,2026-08-06,115,6001,2406,138,0.833333,1.330819,1.230659,1.009211,,,,,,,,GLOBAL_BASELINE_NO_ENTITY_RANKING,,,NOT_APPLICABLE_GLOBAL_BASELINE,HF9g-P5,,,,X 全窗基线 · 不参与实体赏罚,8399687,840,A168_HF9F_20260827_0900,2026-08-27 09:00:00
2026-04-12,36810153,970,0,12.8602449771,3.5840026986,3.5840026986,0.5000000,2,2,0.49994810000000000,0.499948100000,0.00014679536856514622,0.00014679536856514622,0.00014679536856514622,0E-17,ELIGIBLE,R03b_20260811_FULL_v1,L1_ELIGIBILITY,v2026-08-11,2026-03-21..2026-08-06,baccarat_bet02_101_all_pairs_incl_sentinel,round_win = game_pnl > 0 (decisive only),COMPATIBILITY_ONLY_NOT_PRODUCTION,81515.6139,73739.3596,483.5193,11361,11361,-0.00593162,0.00694385,-0.01152257,-0.00593162,-483.5193,81515.6139,OK,0.0000,19.3408,4.0000,96.0000,AG03-UNRESOLVED,ALL5_LEVELS_bet23_to_bet27,19.3408,19.3408,19.3408,24.1760,24.1760,4.000000,4.000000,4.000000,5.000000,5.000000,96.000000,96.000000,96.000000,95.000000,95.000000,5.0,106.3742,97.4416,377.1451,386.0777,PENDING_AG03,FALSE,NOT_FOR_ENFORCEMENT,464.1785,70789.7852,483.5193,464.1785,19.3408,0.00593162,0.00569435,19.3408,464.1785,0.00569435,19.3408,19.3408,19.3408,24.1760,24.1760,464.1785,0.00569435,106.3742,97.4416,377.1451,386.0777,0.00462666,0.00473624,0.00023726,7.1750,6.4906,0.0426,4.2045,0.0806,708.8314,98.7913,8.8300,6.6350,4.0407,4.4018,8.4329,14.3073,20.7715,40.8781,4.2012,0.0,4.718859,9.286678,1.630025,30,242,81,2,0.30276321,0.00593162,-0.00694385,0E-8,0.000000,0.904604,0.002289,0.01846642,2026-03-22,2026-08-06,115,6001,2406,138,0.833333,1.330819,1.230659,1.009211,,,,,,,,GLOBAL_BASELINE_NO_ENTITY_RANKING,,,NOT_APPLICABLE_GLOBAL_BASELINE,HF9g-P5,,,,X 全窗基线 · 不参与实体赏罚,8399688,840,A168_HF9F_20260827_0900,2026-08-27 09:00:00
2026-04-12,36810153,994,0,12.6494212890,4.2164737630,4.2164737630,0.5000000,2,2,0.49994810000000000,0.499948100000,0.00014679536856514622,0.00014679536856514622,0.00014679536856514622,0E-17,ELIGIBLE,R03b_20260811_FULL_v1,L1_ELIGIBILITY,v2026-08-11,2026-03-21..2026-08-06,baccarat_bet02_101_all_pairs_incl_sentinel,round_win = game_pnl > 0 (decisive only),COMPATIBILITY_ONLY_NOT_PRODUCTION,81515.6139,73739.3596,483.5193,11361,11361,-0.00593162,0.00694385,-0.01152257,-0.00593162,-483.5193,81515.6139,OK,0.0000,19.3408,4.0000,96.0000,AG03-UNRESOLVED,ALL5_LEVELS_bet23_to_bet27,19.3408,19.3408,19.3408,24.1760,24.1760,4.000000,4.000000,4.000000,5.000000,5.000000,96.000000,96.000000,96.000000,95.000000,95.000000,5.0,106.3742,97.4416,377.1451,386.0777,PENDING_AG03,FALSE,NOT_FOR_ENFORCEMENT,464.1785,70789.7852,483.5193,464.1785,19.3408,0.00593162,0.00569435,19.3408,464.1785,0.00569435,19.3408,19.3408,19.3408,24.1760,24.1760,464.1785,0.00569435,106.3742,97.4416,377.1451,386.0777,0.00462666,0.00473624,0.00023726,7.1750,6.4906,0.0426,4.2045,0.0806,708.8314,98.7913,8.8300,6.6350,4.0407,4.4018,8.4329,14.3073,20.7715,40.8781,4.2012,0.0,4.718859,9.286678,1.630025,30,242,81,2,0.30276321,0.00593162,-0.00694385,0E-8,0.000000,0.904604,0.002289,0.01846642,2026-03-22,2026-08-06,115,6001,2406,138,0.833333,1.330819,1.230659,1.009211,,,,,,,,GLOBAL_BASELINE_NO_ENTITY_RANKING,,,NOT_APPLICABLE_GLOBAL_BASELINE,HF9g-P5,,,,X 全窗基线 · 不参与实体赏罚,8399689,840,A168_HF9F_20260827_0900,2026-08-27 09:00:00
2026-04-13,36810153,-1,1,25.2988425780,-16.8658950520,-16.8658950520,0E-7,4,4,0.50329940000000000,0.503299400000,-1.743518224870635,-1.743518224870635,-1.743518224870635,0E-17,SENTINEL_DEALER,R03b_20260811_FULL_v1,L1_ELIGIBILITY,v2026-08-11,2026-03-21..2026-08-06,baccarat_bet02_101_all_pairs_incl_sentinel,round_win = game_pnl > 0 (decisive only),COMPATIBILITY_ONLY_NOT_PRODUCTION,81515.6139,73739.3596,483.5193,11361,11361,-0.00593162,0.00694385,-0.01152257,-0.00593162,-483.5193,81515.6139,OK,0.0000,19.3408,4.0000,96.0000,AG03-UNRESOLVED,ALL5_LEVELS_bet23_to_bet27,19.3408,19.3408,19.3408,24.1760,24.1760,4.000000,4.000000,4.000000,5.000000,5.000000,96.000000,96.000000,96.000000,95.000000,95.000000,5.0,106.3742,97.4416,377.1451,386.0777,PENDING_AG03,FALSE,NOT_FOR_ENFORCEMENT,464.1785,70789.7852,483.5193,464.1785,19.3408,0.00593162,0.00569435,19.3408,464.1785,0.00569435,19.3408,19.3408,19.3408,24.1760,24.1760,464.1785,0.00569435,106.3742,97.4416,377.1451,386.0777,0.00462666,0.00473624,0.00023726,7.1750,6.4906,0.0426,4.2045,0.0806,708.8314,98.7913,8.8300,6.6350,4.0407,4.4018,8.4329,14.3073,20.7715,40.8781,4.2012,0.0,4.718859,9.286678,1.630025,30,242,81,2,0.30276321,0.00593162,-0.00694385,0E-8,0.000000,0.904604,0.002289,0.01846642,2026-03-22,2026-08-06,115,6001,2406,138,0.833333,1.330819,1.230659,1.009211,,,,,,,,GLOBAL_BASELINE_NO_ENTITY_RANKING,,,NOT_APPLICABLE_GLOBAL_BASELINE,HF9g-P5,,,,X 全窗基线 · 不参与实体赏罚,8399690,840,A168_HF9F_20260827_0900,2026-08-27 09:00:00
2026-04-13,36810153,1325,0,13.0710686653,-4.0267324437,-4.0267324437,0.5000000,2,2,0.50665070000000000,0.506650700000,-0.018812684590367487,-0.018812684590367487,-0.018812684590367487,0E-17,ELIGIBLE,R03b_20260811_FULL_v1,L1_ELIGIBILITY,v2026-08-11,2026-03-21..2026-08-06,baccarat_bet02_101_all_pairs_incl_sentinel,round_win = game_pnl > 0 (decisive only),COMPATIBILITY_ONLY_NOT_PRODUCTION,81515.6139,73739.3596,483.5193,11361,11361,-0.00593162,0.00694385,-0.01152257,-0.00593162,-483.5193,81515.6139,OK,0.0000,19.3408,4.0000,96.0000,AG03-UNRESOLVED,ALL5_LEVELS_bet23_to_bet27,19.3408,19.3408,19.3408,24.1760,24.1760,4.000000,4.000000,4.000000,5.000000,5.000000,96.000000,96.000000,96.000000,95.000000,95.000000,5.0,106.3742,97.4416,377.1451,386.0777,PENDING_AG03,FALSE,NOT_FOR_ENFORCEMENT,464.1785,70789.7852,483.5193,464.1785,19.3408,0.00593162,0.00569435,19.3408,464.1785,0.00569435,19.3408,19.3408,19.3408,24.1760,24.1760,464.1785,0.00569435,106.3742,97.4416,377.1451,386.0777,0.00462666,0.00473624,0.00023726,7.1750,6.4906,0.0426,4.2045,0.0806,708.8314,98.7913,8.8300,6.6350,4.0407,4.4018,8.4329,14.3073,20.7715,40.8781,4.2012,0.0,4.718859,9.286678,1.630025,30,242,81,2,0.30276321,0.00593162,-0.00694385,0E-8,0.000000,0.904604,0.002289,0.01846642,2026-03-22,2026-08-06,115,6001,2406,138,0.833333,1.330819,1.230659,1.009211,,,,,,,,GLOBAL_BASELINE_NO_ENTITY_RANKING,,,NOT_APPLICABLE_GLOBAL_BASELINE,HF9g-P5,,,,X 全窗基线 · 不参与实体赏罚,8399691,840,A168_HF9F_20260827_0900,2026-08-27 09:00:00
2026-04-13,36810153,1330,0,3.5840026985,3.5840026985,3.5840026985,1.0000000,1,1,0.49324550000000000,0.493245500000,1.01360149184955,1.01360149184955,1.01360149184955,0E-17,ELIGIBLE,R03b_20260811_FULL_v1,L1_ELIGIBILITY,v2026-08-11,2026-03-21..2026-08-06,baccarat_bet02_101_all_pairs_incl_sentinel,round_win = game_pnl > 0 (decisive only),COMPATIBILITY_ONLY_NOT_PRODUCTION,81515.6139,73739.3596,483.5193,11361,11361,-0.00593162,0.00694385,-0.01152257,-0.00593162,-483.5193,81515.6139,OK,0.0000,19.3408,4.0000,96.0000,AG03-UNRESOLVED,ALL5_LEVELS_bet23_to_bet27,19.3408,19.3408,19.3408,24.1760,24.1760,4.000000,4.000000,4.000000,5.000000,5.000000,96.000000,96.000000,96.000000,95.000000,95.000000,5.0,106.3742,97.4416,377.1451,386.0777,PENDING_AG03,FALSE,NOT_FOR_ENFORCEMENT,464.1785,70789.7852,483.5193,464.1785,19.3408,0.00593162,0.00569435,19.3408,464.1785,0.00569435,19.3408,19.3408,19.3408,24.1760,24.1760,464.1785,0.00569435,106.3742,97.4416,377.1451,386.0777,0.00462666,0.00473624,0.00023726,7.1750,6.4906,0.0426,4.2045,0.0806,708.8314,98.7913,8.8300,6.6350,4.0407,4.4018,8.4329,14.3073,20.7715,40.8781,4.2012,0.0,4.718859,9.286678,1.630025,30,242,81,2,0.30276321,0.00593162,-0.00694385,0E-8,0.000000,0.904604,0.002289,0.01846642,2026-03-22,2026-08-06,115,6001,2406,138,0.833333,1.330819,1.230659,1.009211,,,,,,,,GLOBAL_BASELINE_NO_ENTITY_RANKING,,,NOT_APPLICABLE_GLOBAL_BASELINE,HF9g-P5,,,,X 全窗基线 · 不参与实体赏罚,8399692,840,A168_HF9F_20260827_0900,2026-08-27 09:00:00
2026-04-13,36810153,1374,0,18.9741319335,-8.4329475260,-8.4329475260,0E-7,2,2,0.49324550000000000,0.493245500000,-0.9865810262130424,-0.9865810262130424,-0.9865810262130424,0E-17,ELIGIBLE,R03b_20260811_FULL_v1,L1_ELIGIBILITY,v2026-08-11,2026-03-21..2026-08-06,baccarat_bet02_101_all_pairs_incl_sentinel,round_win = game_pnl > 0 (decisive only),COMPATIBILITY_ONLY_NOT_PRODUCTION,81515.6139,73739.3596,483.5193,11361,11361,-0.00593162,0.00694385,-0.01152257,-0.00593162,-483.5193,81515.6139,OK,0.0000,19.3408,4.0000,96.0000,AG03-UNRESOLVED,ALL5_LEVELS_bet23_to_bet27,19.3408,19.3408,19.3408,24.1760,24.1760,4.000000,4.000000,4.000000,5.000000,5.000000,96.000000,96.000000,96.000000,95.000000,95.000000,5.0,106.3742,97.4416,377.1451,386.0777,PENDING_AG03,FALSE,NOT_FOR_ENFORCEMENT,464.1785,70789.7852,483.5193,464.1785,19.3408,0.00593162,0.00569435,19.3408,464.1785,0.00569435,19.3408,19.3408,19.3408,24.1760,24.1760,464.1785,0.00569435,106.3742,97.4416,377.1451,386.0777,0.00462666,0.00473624,0.00023726,7.1750,6.4906,0.0426,4.2045,0.0806,708.8314,98.7913,8.8300,6.6350,4.0407,4.4018,8.4329,14.3073,20.7715,40.8781,4.2012,0.0,4.718859,9.286678,1.630025,30,242,81,2,0.30276321,0.00593162,-0.00694385,0E-8,0.000000,0.904604,0.002289,0.01846642,2026-03-22,2026-08-06,115,6001,2406,138,0.833333,1.330819,1.230659,1.009211,,,,,,,,GLOBAL_BASELINE_NO_ENTITY_RANKING,,,NOT_APPLICABLE_GLOBAL_BASELINE,HF9g-P5,,,,X 全窗基线 · 不参与实体赏罚,8399693,840,A168_HF9F_20260827_0900,2026-08-27 09:00:00
2026-04-13,36810153,1399,0,4.2164737630,-4.2164737630,-4.2164737630,0E-7,1,1,0.50665070000000000,0.506650700000,-1.013391052207602,-1.013391052207602,-1.013391052207602,0E-17,ELIGIBLE,R03b_20260811_FULL_v1,L1_ELIGIBILITY,v2026-08-11,2026-03-21..2026-08-06,baccarat_bet02_101_all_pairs_incl_sentinel,round_win = game_pnl > 0 (decisive only),COMPATIBILITY_ONLY_NOT_PRODUCTION,81515.6139,73739.3596,483.5193,11361,11361,-0.00593162,0.00694385,-0.01152257,-0.00593162,-483.5193,81515.6139,OK,0.0000,19.3408,4.0000,96.0000,AG03-UNRESOLVED,ALL5_LEVELS_bet23_to_bet27,19.3408,19.3408,19.3408,24.1760,24.1760,4.000000,4.000000,4.000000,5.000000,5.000000,96.000000,96.000000,96.000000,95.000000,95.000000,5.0,106.3742,97.4416,377.1451,386.0777,PENDING_AG03,FALSE,NOT_FOR_ENFORCEMENT,464.1785,70789.7852,483.5193,464.1785,19.3408,0.00593162,0.00569435,19.3408,464.1785,0.00569435,19.3408,19.3408,19.3408,24.1760,24.1760,464.1785,0.00569435,106.3742,97.4416,377.1451,386.0777,0.00462666,0.00473624,0.00023726,7.1750,6.4906,0.0426,4.2045,0.0806,708.8314,98.7913,8.8300,6.6350,4.0407,4.4018,8.4329,14.3073,20.7715,40.8781,4.2012,0.0,4.718859,9.286678,1.630025,30,242,81,2,0.30276321,0.00593162,-0.00694385,0E-8,0.000000,0.904604,0.002289,0.01846642,2026-03-22,2026-08-06,115,6001,2406,138,0.833333,1.330819,1.230659,1.009211,,,,,,,,GLOBAL_BASELINE_NO_ENTITY_RANKING,,,NOT_APPLICABLE_GLOBAL_BASELINE,HF9g-P5,,,,X 全窗基线 · 不参与实体赏罚,8399694,840,A168_HF9F_20260827_0900,2026-08-27 09:00:00
2026-04-13,36810153,1702,0,19.6066029979,-6.0400986655,-6.0400986655,0.2500000,4,4,0.50329940000000000,0.503299400000,-1.013219660140378,-1.013219660140378,-1.013219660140378,0E-17,ELIGIBLE,R03b_20260811_FULL_v1,L1_ELIGIBILITY,v2026-08-11,2026-03-21..2026-08-06,baccarat_bet02_101_all_pairs_incl_sentinel,round_win = game_pnl > 0 (decisive only),COMPATIBILITY_ONLY_NOT_PRODUCTION,81515.6139,73739.3596,483.5193,11361,11361,-0.00593162,0.00694385,-0.01152257,-0.00593162,-483.5193,81515.6139,OK,0.0000,19.3408,4.0000,96.0000,AG03-UNRESOLVED,ALL5_LEVELS_bet23_to_bet27,19.3408,19.3408,19.3408,24.1760,24.1760,4.000000,4.000000,4.000000,5.000000,5.000000,96.000000,96.000000,96.000000,95.000000,95.000000,5.0,106.3742,97.4416,377.1451,386.0777,PENDING_AG03,FALSE,NOT_FOR_ENFORCEMENT,464.1785,70789.7852,483.5193,464.1785,19.3408,0.00593162,0.00569435,19.3408,464.1785,0.00569435,19.3408,19.3408,19.3408,24.1760,24.1760,464.1785,0.00569435,106.3742,97.4416,377.1451,386.0777,0.00462666,0.00473624,0.00023726,7.1750,6.4906,0.0426,4.2045,0.0806,708.8314,98.7913,8.8300,6.6350,4.0407,4.4018,8.4329,14.3073,20.7715,40.8781,4.2012,0.0,4.718859,9.286678,1.630025,30,242,81,2,0.30276321,0.00593162,-0.00694385,0E-8,0.000000,0.904604,0.002289,0.01846642,2026-03-22,2026-08-06,115,6001,2406,138,0.833333,1.330819,1.230659,1.009211,,,,,,,,GLOBAL_BASELINE_NO_ENTITY_RANKING,,,NOT_APPLICABLE_GLOBAL_BASELINE,HF9g-P5,,,,X 全窗基线 · 不参与实体赏罚,8399695,840,A168_HF9F_20260827_0900,2026-08-27 09:00:00
2026-04-13,36810153,1704,0,8.4329475260,4.0056500748,4.0056500748,1.0000000,2,2,0.50665070000000000,0.506650700000,0.9867858985152569,0.9867858985152569,0.9867858985152569,0E-17,ELIGIBLE,R03b_20260811_FULL_v1,L1_ELIGIBILITY,v2026-08-11,2026-03-21..2026-08-06,baccarat_bet02_101_all_pairs_incl_sentinel,round_win = game_pnl > 0 (decisive only),COMPATIBILITY_ONLY_NOT_PRODUCTION,81515.6139,73739.3596,483.5193,11361,11361,-0.00593162,0.00694385,-0.01152257,-0.00593162,-483.5193,81515.6139,OK,0.0000,19.3408,4.0000,96.0000,AG03-UNRESOLVED,ALL5_LEVELS_bet23_to_bet27,19.3408,19.3408,19.3408,24.1760,24.1760,4.000000,4.000000,4.000000,5.000000,5.000000,96.000000,96.000000,96.000000,95.000000,95.000000,5.0,106.3742,97.4416,377.1451,386.0777,PENDING_AG03,FALSE,NOT_FOR_ENFORCEMENT,464.1785,70789.7852,483.5193,464.1785,19.3408,0.00593162,0.00569435,19.3408,464.1785,0.00569435,19.3408,19.3408,19.3408,24.1760,24.1760,464.1785,0.00569435,106.3742,97.4416,377.1451,386.0777,0.00462666,0.00473624,0.00023726,7.1750,6.4906,0.0426,4.2045,0.0806,708.8314,98.7913,8.8300,6.6350,4.0407,4.4018,8.4329,14.3073,20.7715,40.8781,4.2012,0.0,4.718859,9.286678,1.630025,30,242,81,2,0.30276321,0.00593162,-0.00694385,0E-8,0.000000,0.904604,0.002289,0.01846642,2026-03-22,2026-08-06,115,6001,2406,138,0.833333,1.330819,1.230659,1.009211,,,,,,,,GLOBAL_BASELINE_NO_ENTITY_RANKING,,,NOT_APPLICABLE_GLOBAL_BASELINE,HF9g-P5,,,,X 全窗基线 · 不参与实体赏罚,8399696,840,A168_HF9F_20260827_0900,2026-08-27 09:00:00
2026-04-13,36810153,1935,0,8.4329475260,-8.4329475260,-8.4329475260,0E-7,1,1,0.49324550000000000,0.493245500000,-0.9865810262130424,-0.9865810262130424,-0.9865810262130424,0E-17,ELIGIBLE,R03b_20260811_FULL_v1,L1_ELIGIBILITY,v2026-08-11,2026-03-21..2026-08-06,baccarat_bet02_101_all_pairs_incl_sentinel,round_win = game_pnl > 0 (decisive only),COMPATIBILITY_ONLY_NOT_PRODUCTION,81515.6139,73739.3596,483.5193,11361,11361,-0.00593162,0.00694385,-0.01152257,-0.00593162,-483.5193,81515.6139,OK,0.0000,19.3408,4.0000,96.0000,AG03-UNRESOLVED,ALL5_LEVELS_bet23_to_bet27,19.3408,19.3408,19.3408,24.1760,24.1760,4.000000,4.000000,4.000000,5.000000,5.000000,96.000000,96.000000,96.000000,95.000000,95.000000,5.0,106.3742,97.4416,377.1451,386.0777,PENDING_AG03,FALSE,NOT_FOR_ENFORCEMENT,464.1785,70789.7852,483.5193,464.1785,19.3408,0.00593162,0.00569435,19.3408,464.1785,0.00569435,19.3408,19.3408,19.3408,24.1760,24.1760,464.1785,0.00569435,106.3742,97.4416,377.1451,386.0777,0.00462666,0.00473624,0.00023726,7.1750,6.4906,0.0426,4.2045,0.0806,708.8314,98.7913,8.8300,6.6350,4.0407,4.4018,8.4329,14.3073,20.7715,40.8781,4.2012,0.0,4.718859,9.286678,1.630025,30,242,81,2,0.30276321,0.00593162,-0.00694385,0E-8,0.000000,0.904604,0.002289,0.01846642,2026-03-22,2026-08-06,115,6001,2406,138,0.833333,1.330819,1.230659,1.009211,,,,,,,,GLOBAL_BASELINE_NO_ENTITY_RANKING,,,NOT_APPLICABLE_GLOBAL_BASELINE,HF9g-P5,,,,X 全窗基线 · 不参与实体赏罚,8399697,840,A168_HF9F_20260827_0900,2026-08-27 09:00:00
2026-04-13,36810153,1940,0,8.4329475260,-8.4329475260,-8.4329475260,0E-7,1,1,0.49324550000000000,0.493245500000,-0.9865810262130424,-0.9865810262130424,-0.9865810262130424,0E-17,ELIGIBLE,R03b_20260811_FULL_v1,L1_ELIGIBILITY,v2026-08-11,2026-03-21..2026-08-06,baccarat_bet02_101_all_pairs_incl_sentinel,round_win = game_pnl > 0 (decisive only),COMPATIBILITY_ONLY_NOT_PRODUCTION,81515.6139,73739.3596,483.5193,11361,11361,-0.00593162,0.00694385,-0.01152257,-0.00593162,-483.5193,81515.6139,OK,0.0000,19.3408,4.0000,96.0000,AG03-UNRESOLVED,ALL5_LEVELS_bet23_to_bet27,19.3408,19.3408,19.3408,24.1760,24.1760,4.000000,4.000000,4.000000,5.000000,5.000000,96.000000,96.000000,96.000000,95.000000,95.000000,5.0,106.3742,97.4416,377.1451,386.0777,PENDING_AG03,FALSE,NOT_FOR_ENFORCEMENT,464.1785,70789.7852,483.5193,464.1785,19.3408,0.00593162,0.00569435,19.3408,464.1785,0.00569435,19.3408,19.3408,19.3408,24.1760,24.1760,464.1785,0.00569435,106.3742,97.4416,377.1451,386.0777,0.00462666,0.00473624,0.00023726,7.1750,6.4906,0.0426,4.2045,0.0806,708.8314,98.7913,8.8300,6.6350,4.0407,4.4018,8.4329,14.3073,20.7715,40.8781,4.2012,0.0,4.718859,9.286678,1.630025,30,242,81,2,0.30276321,0.00593162,-0.00694385,0E-8,0.000000,0.904604,0.002289,0.01846642,2026-03-22,2026-08-06,115,6001,2406,138,0.833333,1.330819,1.230659,1.009211,,,,,,,,GLOBAL_BASELINE_NO_ENTITY_RANKING,,,NOT_APPLICABLE_GLOBAL_BASELINE,HF9g-P5,,,,X 全窗基线 · 不参与实体赏罚,8399698,840,A168_HF9F_20260827_0900,2026-08-27 09:00:00
2026-04-13,36810153,1947,0,2.1082368815,-2.1082368815,-2.1082368815,0E-7,1,1,0.50665070000000000,0.506650700000,-1.013391052207602,-1.013391052207602,-1.013391052207602,0E-17,ELIGIBLE,R03b_20260811_FULL_v1,L1_ELIGIBILITY,v2026-08-11,2026-03-21..2026-08-06,baccarat_bet02_101_all_pairs_incl_sentinel,round_win = game_pnl > 0 (decisive only),COMPATIBILITY_ONLY_NOT_PRODUCTION,81515.6139,73739.3596,483.5193,11361,11361,-0.00593162,0.00694385,-0.01152257,-0.00593162,-483.5193,81515.6139,OK,0.0000,19.3408,4.0000,96.0000,AG03-UNRESOLVED,ALL5_LEVELS_bet23_to_bet27,19.3408,19.3408,19.3408,24.1760,24.1760,4.000000,4.000000,4.000000,5.000000,5.000000,96.000000,96.000000,96.000000,95.000000,95.000000,5.0,106.3742,97.4416,377.1451,386.0777,PENDING_AG03,FALSE,NOT_FOR_ENFORCEMENT,464.1785,70789.7852,483.5193,464.1785,19.3408,0.00593162,0.00569435,19.3408,464.1785,0.00569435,19.3408,19.3408,19.3408,24.1760,24.1760,464.1785,0.00569435,106.3742,97.4416,377.1451,386.0777,0.00462666,0.00473624,0.00023726,7.1750,6.4906,0.0426,4.2045,0.0806,708.8314,98.7913,8.8300,6.6350,4.0407,4.4018,8.4329,14.3073,20.7715,40.8781,4.2012,0.0,4.718859,9.286678,1.630025,30,242,81,2,0.30276321,0.00593162,-0.00694385,0E-8,0.000000,0.904604,0.002289,0.01846642,2026-03-22,2026-08-06,115,6001,2406,138,0.833333,1.330819,1.230659,1.009211,,,,,,,,GLOBAL_BASELINE_NO_ENTITY_RANKING,,,NOT_APPLICABLE_GLOBAL_BASELINE,HF9g-P5,,,,X 全窗基线 · 不参与实体赏罚,8399699,840,A168_HF9F_20260827_0900,2026-08-27 09:00:00
2026-04-13,36810153,1966,0,4.2164737630,-4.2164737630,-4.2164737630,0E-7,1,1,0.50665070000000000,0.506650700000,-1.013391052207602,-1.013391052207602,-1.013391052207602,0E-17,ELIGIBLE,R03b_20260811_FULL_v1,L1_ELIGIBILITY,v2026-08-11,2026-03-21..2026-08-06,baccarat_bet02_101_all_pairs_incl_sentinel,round_win = game_pnl > 0 (decisive only),COMPATIBILITY_ONLY_NOT_PRODUCTION,81515.6139,73739.3596,483.5193,11361,11361,-0.00593162,0.00694385,-0.01152257,-0.00593162,-483.5193,81515.6139,OK,0.0000,19.3408,4.0000,96.0000,AG03-UNRESOLVED,ALL5_LEVELS_bet23_to_bet27,19.3408,19.3408,19.3408,24.1760,24.1760,4.000000,4.000000,4.000000,5.000000,5.000000,96.000000,96.000000,96.000000,95.000000,95.000000,5.0,106.3742,97.4416,377.1451,386.0777,PENDING_AG03,FALSE,NOT_FOR_ENFORCEMENT,464.1785,70789.7852,483.5193,464.1785,19.3408,0.00593162,0.00569435,19.3408,464.1785,0.00569435,19.3408,19.3408,19.3408,24.1760,24.1760,464.1785,0.00569435,106.3742,97.4416,377.1451,386.0777,0.00462666,0.00473624,0.00023726,7.1750,6.4906,0.0426,4.2045,0.0806,708.8314,98.7913,8.8300,6.6350,4.0407,4.4018,8.4329,14.3073,20.7715,40.8781,4.2012,0.0,4.718859,9.286678,1.630025,30,242,81,2,0.30276321,0.00593162,-0.00694385,0E-8,0.000000,0.904604,0.002289,0.01846642,2026-03-22,2026-08-06,115,6001,2406,138,0.833333,1.330819,1.230659,1.009211,,,,,,,,GLOBAL_BASELINE_NO_ENTITY_RANKING,,,NOT_APPLICABLE_GLOBAL_BASELINE,HF9g-P5,,,,X 全窗基线 · 不参与实体赏罚,8399700,840,A168_HF9F_20260827_0900,2026-08-27 09:00:00
2026-04-13,36810153,2115,0,10.5411844075,10.0141251871,10.0141251871,1.0000000,1,1,0.50665070000000000,0.506650700000,0.9867858985152569,0.9867858985152569,0.9867858985152569,0E-17,ELIGIBLE,R03b_20260811_FULL_v1,L1_ELIGIBILITY,v2026-08-11,2026-03-21..2026-08-06,baccarat_bet02_101_all_pairs_incl_sentinel,round_win = game_pnl > 0 (decisive only),COMPATIBILITY_ONLY_NOT_PRODUCTION,81515.6139,73739.3596,483.5193,11361,11361,-0.00593162,0.00694385,-0.01152257,-0.00593162,-483.5193,81515.6139,OK,0.0000,19.3408,4.0000,96.0000,AG03-UNRESOLVED,ALL5_LEVELS_bet23_to_bet27,19.3408,19.3408,19.3408,24.1760,24.1760,4.000000,4.000000,4.000000,5.000000,5.000000,96.000000,96.000000,96.000000,95.000000,95.000000,5.0,106.3742,97.4416,377.1451,386.0777,PENDING_AG03,FALSE,NOT_FOR_ENFORCEMENT,464.1785,70789.7852,483.5193,464.1785,19.3408,0.00593162,0.00569435,19.3408,464.1785,0.00569435,19.3408,19.3408,19.3408,24.1760,24.1760,464.1785,0.00569435,106.3742,97.4416,377.1451,386.0777,0.00462666,0.00473624,0.00023726,7.1750,6.4906,0.0426,4.2045,0.0806,708.8314,98.7913,8.8300,6.6350,4.0407,4.4018,8.4329,14.3073,20.7715,40.8781,4.2012,0.0,4.718859,9.286678,1.630025,30,242,81,2,0.30276321,0.00593162,-0.00694385,0E-8,0.000000,0.904604,0.002289,0.01846642,2026-03-22,2026-08-06,115,6001,2406,138,0.833333,1.330819,1.230659,1.009211,,,,,,,,GLOBAL_BASELINE_NO_ENTITY_RANKING,,,NOT_APPLICABLE_GLOBAL_BASELINE,HF9g-P5,,,,X 全窗基线 · 不参与实体赏罚,8399701,840,A168_HF9F_20260827_0900,2026-08-27 09:00:00
2026-04-13,36810153,2169,0,5.4814158919,-5.4814158919,-5.4814158919,0E-7,1,1,0.49324550000000000,0.493245500000,-0.9865810262130424,-0.9865810262130424,-0.9865810262130424,0E-17,ELIGIBLE,R03b_20260811_FULL_v1,L1_ELIGIBILITY,v2026-08-11,2026-03-21..2026-08-06,baccarat_bet02_101_all_pairs_incl_sentinel,round_win = game_pnl > 0 (decisive only),COMPATIBILITY_ONLY_NOT_PRODUCTION,81515.6139,73739.3596,483.5193,11361,11361,-0.00593162,0.00694385,-0.01152257,-0.00593162,-483.5193,81515.6139,OK,0.0000,19.3408,4.0000,96.0000,AG03-UNRESOLVED,ALL5_LEVELS_bet23_to_bet27,19.3408,19.3408,19.3408,24.1760,24.1760,4.000000,4.000000,4.000000,5.000000,5.000000,96.000000,96.000000,96.000000,95.000000,95.000000,5.0,106.3742,97.4416,377.1451,386.0777,PENDING_AG03,FALSE,NOT_FOR_ENFORCEMENT,464.1785,70789.7852,483.5193,464.1785,19.3408,0.00593162,0.00569435,19.3408,464.1785,0.00569435,19.3408,19.3408,19.3408,24.1760,24.1760,464.1785,0.00569435,106.3742,97.4416,377.1451,386.0777,0.00462666,0.00473624,0.00023726,7.1750,6.4906,0.0426,4.2045,0.0806,708.8314,98.7913,8.8300,6.6350,4.0407,4.4018,8.4329,14.3073,20.7715,40.8781,4.2012,0.0,4.718859,9.286678,1.630025,30,242,81,2,0.30276321,0.00593162,-0.00694385,0E-8,0.000000,0.904604,0.002289,0.01846642,2026-03-22,2026-08-06,115,6001,2406,138,0.833333,1.330819,1.230659,1.009211,,,,,,,,GLOBAL_BASELINE_NO_ENTITY_RANKING,,,NOT_APPLICABLE_GLOBAL_BASELINE,HF9g-P5,,,,X 全窗基线 · 不参与实体赏罚,8399702,840,A168_HF9F_20260827_0900,2026-08-27 09:00:00
2026-04-13,36810153,2177,0,18.1308371808,-1.8868720089,-1.8868720089,0.6666667,3,3,0.50218230000000000,0.502182300000,0.5697959874915163,0.5697959874915164,0.5697959874915163,0E-17,ELIGIBLE,R03b_20260811_FULL_v1,L1_ELIGIBILITY,v2026-08-11,2026-03-21..2026-08-06,baccarat_bet02_101_all_pairs_incl_sentinel,round_win = game_pnl > 0 (decisive only),COMPATIBILITY_ONLY_NOT_PRODUCTION,81515.6139,73739.3596,483.5193,11361,11361,-0.00593162,0.00694385,-0.01152257,-0.00593162,-483.5193,81515.6139,OK,0.0000,19.3408,4.0000,96.0000,AG03-UNRESOLVED,ALL5_LEVELS_bet23_to_bet27,19.3408,19.3408,19.3408,24.1760,24.1760,4.000000,4.000000,4.000000,5.000000,5.000000,96.000000,96.000000,96.000000,95.000000,95.000000,5.0,106.3742,97.4416,377.1451,386.0777,PENDING_AG03,FALSE,NOT_FOR_ENFORCEMENT,464.1785,70789.7852,483.5193,464.1785,19.3408,0.00593162,0.00569435,19.3408,464.1785,0.00569435,19.3408,19.3408,19.3408,24.1760,24.1760,464.1785,0.00569435,106.3742,97.4416,377.1451,386.0777,0.00462666,0.00473624,0.00023726,7.1750,6.4906,0.0426,4.2045,0.0806,708.8314,98.7913,8.8300,6.6350,4.0407,4.4018,8.4329,14.3073,20.7715,40.8781,4.2012,0.0,4.718859,9.286678,1.630025,30,242,81,2,0.30276321,0.00593162,-0.00694385,0E-8,0.000000,0.904604,0.002289,0.01846642,2026-03-22,2026-08-06,115,6001,2406,138,0.833333,1.330819,1.230659,1.009211,,,,,,,,GLOBAL_BASELINE_NO_ENTITY_RANKING,,,NOT_APPLICABLE_GLOBAL_BASELINE,HF9g-P5,,,,X 全窗基线 · 不参与实体赏罚,8399703,840,A168_HF9F_20260827_0900,2026-08-27 09:00:00
2026-04-13,36810153,2205,0,21.0823688150,-21.0823688150,-21.0823688150,0E-7,1,1,0.49324550000000000,0.493245500000,-0.9865810262130424,-0.9865810262130424,-0.9865810262130424,0E-17,ELIGIBLE,R03b_20260811_FULL_v1,L1_ELIGIBILITY,v2026-08-11,2026-03-21..2026-08-06,baccarat_bet02_101_all_pairs_incl_sentinel,round_win = game_pnl > 0 (decisive only),COMPATIBILITY_ONLY_NOT_PRODUCTION,81515.6139,73739.3596,483.5193,11361,11361,-0.00593162,0.00694385,-0.01152257,-0.00593162,-483.5193,81515.6139,OK,0.0000,19.3408,4.0000,96.0000,AG03-UNRESOLVED,ALL5_LEVELS_bet23_to_bet27,19.3408,19.3408,19.3408,24.1760,24.1760,4.000000,4.000000,4.000000,5.000000,5.000000,96.000000,96.000000,96.000000,95.000000,95.000000,5.0,106.3742,97.4416,377.1451,386.0777,PENDING_AG03,FALSE,NOT_FOR_ENFORCEMENT,464.1785,70789.7852,483.5193,464.1785,19.3408,0.00593162,0.00569435,19.3408,464.1785,0.00569435,19.3408,19.3408,19.3408,24.1760,24.1760,464.1785,0.00569435,106.3742,97.4416,377.1451,386.0777,0.00462666,0.00473624,0.00023726,7.1750,6.4906,0.0426,4.2045,0.0806,708.8314,98.7913,8.8300,6.6350,4.0407,4.4018,8.4329,14.3073,20.7715,40.8781,4.2012,0.0,4.718859,9.286678,1.630025,30,242,81,2,0.30276321,0.00593162,-0.00694385,0E-8,0.000000,0.904604,0.002289,0.01846642,2026-03-22,2026-08-06,115,6001,2406,138,0.833333,1.330819,1.230659,1.009211,,,,,,,,GLOBAL_BASELINE_NO_ENTITY_RANKING,,,NOT_APPLICABLE_GLOBAL_BASELINE,HF9g-P5,,,,X 全窗基线 · 不参与实体赏罚,8399704,840,A168_HF9F_20260827_0900,2026-08-27 09:00:00
2026-04-13,36810153,2239,0,1.6865895052,-1.6865895052,-1.6865895052,0E-7,1,1,0.50665070000000000,0.506650700000,-1.013391052207602,-1.013391052207602,-1.013391052207602,0E-17,ELIGIBLE,R03b_20260811_FULL_v1,L1_ELIGIBILITY,v2026-08-11,2026-03-21..2026-08-06,baccarat_bet02_101_all_pairs_incl_sentinel,round_win = game_pnl > 0 (decisive only),COMPATIBILITY_ONLY_NOT_PRODUCTION,81515.6139,73739.3596,483.5193,11361,11361,-0.00593162,0.00694385,-0.01152257,-0.00593162,-483.5193,81515.6139,OK,0.0000,19.3408,4.0000,96.0000,AG03-UNRESOLVED,ALL5_LEVELS_bet23_to_bet27,19.3408,19.3408,19.3408,24.1760,24.1760,4.000000,4.000000,4.000000,5.000000,5.000000,96.000000,96.000000,96.000000,95.000000,95.000000,5.0,106.3742,97.4416,377.1451,386.0777,PENDING_AG03,FALSE,NOT_FOR_ENFORCEMENT,464.1785,70789.7852,483.5193,464.1785,19.3408,0.00593162,0.00569435,19.3408,464.1785,0.00569435,19.3408,19.3408,19.3408,24.1760,24.1760,464.1785,0.00569435,106.3742,97.4416,377.1451,386.0777,0.00462666,0.00473624,0.00023726,7.1750,6.4906,0.0426,4.2045,0.0806,708.8314,98.7913,8.8300,6.6350,4.0407,4.4018,8.4329,14.3073,20.7715,40.8781,4.2012,0.0,4.718859,9.286678,1.630025,30,242,81,2,0.30276321,0.00593162,-0.00694385,0E-8,0.000000,0.904604,0.002289,0.01846642,2026-03-22,2026-08-06,115,6001,2406,138,0.833333,1.330819,1.230659,1.009211,,,,,,,,GLOBAL_BASELINE_NO_ENTITY_RANKING,,,NOT_APPLICABLE_GLOBAL_BASELINE,HF9g-P5,,,,X 全窗基线 · 不参与实体赏罚,8399705,840,A168_HF9F_20260827_0900,2026-08-27 09:00:00
2026-04-14,36810153,-1,1,112.3690257838,-112.3690257838,-112.3690257838,0E-7,7,7,0.49899058571428571,0.498990585714,-2.6404153734596805,-2.640415373458172,-2.6404153734596805,2.8571E-13,SENTINEL_DEALER,R03b_20260811_FULL_v1,L1_ELIGIBILITY,v2026-08-11,2026-03-21..2026-08-06,baccarat_bet02_101_all_pairs_incl_sentinel,round_win = game_pnl > 0 (decisive only),COMPATIBILITY_ONLY_NOT_PRODUCTION,81515.6139,73739.3596,483.5193,11361,11361,-0.00593162,0.00694385,-0.01152257,-0.00593162,-483.5193,81515.6139,OK,0.0000,19.3408,4.0000,96.0000,AG03-UNRESOLVED,ALL5_LEVELS_bet23_to_bet27,19.3408,19.3408,19.3408,24.1760,24.1760,4.000000,4.000000,4.000000,5.000000,5.000000,96.000000,96.000000,96.000000,95.000000,95.000000,5.0,106.3742,97.4416,377.1451,386.0777,PENDING_AG03,FALSE,NOT_FOR_ENFORCEMENT,464.1785,70789.7852,483.5193,464.1785,19.3408,0.00593162,0.00569435,19.3408,464.1785,0.00569435,19.3408,19.3408,19.3408,24.1760,24.1760,464.1785,0.00569435,106.3742,97.4416,377.1451,386.0777,0.00462666,0.00473624,0.00023726,7.1750,6.4906,0.0426,4.2045,0.0806,708.8314,98.7913,8.8300,6.6350,4.0407,4.4018,8.4329,14.3073,20.7715,40.8781,4.2012,0.0,4.718859,9.286678,1.630025,30,242,81,2,0.30276321,0.00593162,-0.00694385,0E-8,0.000000,0.904604,0.002289,0.01846642,2026-03-22,2026-08-06,115,6001,2406,138,0.833333,1.330819,1.230659,1.009211,,,,,,,,GLOBAL_BASELINE_NO_ENTITY_RANKING,,,NOT_APPLICABLE_GLOBAL_BASELINE,HF9g-P5,,,,X 全窗基线 · 不参与实体赏罚,8399706,840,A168_HF9F_20260827_0900,2026-08-27 09:00:00
2026-04-14,36810153,1115,0,14.7576581705,5.7976514241,5.7976514241,0.5000000,2,2,0.50665070000000000,0.506650700000,-0.018812684590367487,-0.018812684590367487,-0.018812684590367487,0E-17,ELIGIBLE,R03b_20260811_FULL_v1,L1_ELIGIBILITY,v2026-08-11,2026-03-21..2026-08-06,baccarat_bet02_101_all_pairs_incl_sentinel,round_win = game_pnl > 0 (decisive only),COMPATIBILITY_ONLY_NOT_PRODUCTION,81515.6139,73739.3596,483.5193,11361,11361,-0.00593162,0.00694385,-0.01152257,-0.00593162,-483.5193,81515.6139,OK,0.0000,19.3408,4.0000,96.0000,AG03-UNRESOLVED,ALL5_LEVELS_bet23_to_bet27,19.3408,19.3408,19.3408,24.1760,24.1760,4.000000,4.000000,4.000000,5.000000,5.000000,96.000000,96.000000,96.000000,95.000000,95.000000,5.0,106.3742,97.4416,377.1451,386.0777,PENDING_AG03,FALSE,NOT_FOR_ENFORCEMENT,464.1785,70789.7852,483.5193,464.1785,19.3408,0.00593162,0.00569435,19.3408,464.1785,0.00569435,19.3408,19.3408,19.3408,24.1760,24.1760,464.1785,0.00569435,106.3742,97.4416,377.1451,386.0777,0.00462666,0.00473624,0.00023726,7.1750,6.4906,0.0426,4.2045,0.0806,708.8314,98.7913,8.8300,6.6350,4.0407,4.4018,8.4329,14.3073,20.7715,40.8781,4.2012,0.0,4.718859,9.286678,1.630025,30,242,81,2,0.30276321,0.00593162,-0.00694385,0E-8,0.000000,0.904604,0.002289,0.01846642,2026-03-22,2026-08-06,115,6001,2406,138,0.833333,1.330819,1.230659,1.009211,,,,,,,,GLOBAL_BASELINE_NO_ENTITY_RANKING,,,NOT_APPLICABLE_GLOBAL_BASELINE,HF9g-P5,,,,X 全窗基线 · 不参与实体赏罚,8399707,840,A168_HF9F_20260827_0900,2026-08-27 09:00:00
2026-04-14,36810153,1304,0,10.5411844075,10.0141251871,10.0141251871,1.0000000,1,1,0.50665070000000000,0.506650700000,0.9867858985152569,0.9867858985152569,0.9867858985152569,0E-17,ELIGIBLE,R03b_20260811_FULL_v1,L1_ELIGIBILITY,v2026-08-11,2026-03-21..2026-08-06,baccarat_bet02_101_all_pairs_incl_sentinel,round_win = game_pnl > 0 (decisive only),COMPATIBILITY_ONLY_NOT_PRODUCTION,81515.6139,73739.3596,483.5193,11361,11361,-0.00593162,0.00694385,-0.01152257,-0.00593162,-483.5193,81515.6139,OK,0.0000,19.3408,4.0000,96.0000,AG03-UNRESOLVED,ALL5_LEVELS_bet23_to_bet27,19.3408,19.3408,19.3408,24.1760,24.1760,4.000000,4.000000,4.000000,5.000000,5.000000,96.000000,96.000000,96.000000,95.000000,95.000000,5.0,106.3742,97.4416,377.1451,386.0777,PENDING_AG03,FALSE,NOT_FOR_ENFORCEMENT,464.1785,70789.7852,483.5193,464.1785,19.3408,0.00593162,0.00569435,19.3408,464.1785,0.00569435,19.3408,19.3408,19.3408,24.1760,24.1760,464.1785,0.00569435,106.3742,97.4416,377.1451,386.0777,0.00462666,0.00473624,0.00023726,7.1750,6.4906,0.0426,4.2045,0.0806,708.8314,98.7913,8.8300,6.6350,4.0407,4.4018,8.4329,14.3073,20.7715,40.8781,4.2012,0.0,4.718859,9.286678,1.630025,30,242,81,2,0.30276321,0.00593162,-0.00694385,0E-8,0.000000,0.904604,0.002289,0.01846642,2026-03-22,2026-08-06,115,6001,2406,138,0.833333,1.330819,1.230659,1.009211,,,,,,,,GLOBAL_BASELINE_NO_ENTITY_RANKING,,,NOT_APPLICABLE_GLOBAL_BASELINE,HF9g-P5,,,,X 全窗基线 · 不参与实体赏罚,8399708,840,A168_HF9F_20260827_0900,2026-08-27 09:00:00
2026-04-14,36810153,1325,0,83.2753568192,20.0282503742,20.0282503742,0.5000000,5,5,0.49592654000000000,0.495926540000,0.016294380756781617,0.016294380756781617,0.016294380756781617,0E-17,ELIGIBLE,R03b_20260811_FULL_v1,L1_ELIGIBILITY,v2026-08-11,2026-03-21..2026-08-06,baccarat_bet02_101_all_pairs_incl_sentinel,round_win = game_pnl > 0 (decisive only),COMPATIBILITY_ONLY_NOT_PRODUCTION,81515.6139,73739.3596,483.5193,11361,11361,-0.00593162,0.00694385,-0.01152257,-0.00593162,-483.5193,81515.6139,OK,0.0000,19.3408,4.0000,96.0000,AG03-UNRESOLVED,ALL5_LEVELS_bet23_to_bet27,19.3408,19.3408,19.3408,24.1760,24.1760,4.000000,4.000000,4.000000,5.000000,5.000000,96.000000,96.000000,96.000000,95.000000,95.000000,5.0,106.3742,97.4416,377.1451,386.0777,PENDING_AG03,FALSE,NOT_FOR_ENFORCEMENT,464.1785,70789.7852,483.5193,464.1785,19.3408,0.00593162,0.00569435,19.3408,464.1785,0.00569435,19.3408,19.3408,19.3408,24.1760,24.1760,464.1785,0.00569435,106.3742,97.4416,377.1451,386.0777,0.00462666,0.00473624,0.00023726,7.1750,6.4906,0.0426,4.2045,0.0806,708.8314,98.7913,8.8300,6.6350,4.0407,4.4018,8.4329,14.3073,20.7715,40.8781,4.2012,0.0,4.718859,9.286678,1.630025,30,242,81,2,0.30276321,0.00593162,-0.00694385,0E-8,0.000000,0.904604,0.002289,0.01846642,2026-03-22,2026-08-06,115,6001,2406,138,0.833333,1.330819,1.230659,1.009211,,,,,,,,GLOBAL_BASELINE_NO_ENTITY_RANKING,,,NOT_APPLICABLE_GLOBAL_BASELINE,HF9g-P5,,,,X 全窗基线 · 不参与实体赏罚,8399709,840,A168_HF9F_20260827_0900,2026-08-27 09:00:00
2026-04-14,36810153,1330,0,21.0823688150,0E-10,0E-10,,1,1,0.50665070000000000,0.506650700000,,,,0E-17,NO_DECISIVE_ROUND,R03b_20260811_FULL_v1,L1_ELIGIBILITY,v2026-08-11,2026-03-21..2026-08-06,baccarat_bet02_101_all_pairs_incl_sentinel,round_win = game_pnl > 0 (decisive only),COMPATIBILITY_ONLY_NOT_PRODUCTION,81515.6139,73739.3596,483.5193,11361,11361,-0.00593162,0.00694385,-0.01152257,-0.00593162,-483.5193,81515.6139,OK,0.0000,19.3408,4.0000,96.0000,AG03-UNRESOLVED,ALL5_LEVELS_bet23_to_bet27,19.3408,19.3408,19.3408,24.1760,24.1760,4.000000,4.000000,4.000000,5.000000,5.000000,96.000000,96.000000,96.000000,95.000000,95.000000,5.0,106.3742,97.4416,377.1451,386.0777,PENDING_AG03,FALSE,NOT_FOR_ENFORCEMENT,464.1785,70789.7852,483.5193,464.1785,19.3408,0.00593162,0.00569435,19.3408,464.1785,0.00569435,19.3408,19.3408,19.3408,24.1760,24.1760,464.1785,0.00569435,106.3742,97.4416,377.1451,386.0777,0.00462666,0.00473624,0.00023726,7.1750,6.4906,0.0426,4.2045,0.0806,708.8314,98.7913,8.8300,6.6350,4.0407,4.4018,8.4329,14.3073,20.7715,40.8781,4.2012,0.0,4.718859,9.286678,1.630025,30,242,81,2,0.30276321,0.00593162,-0.00694385,0E-8,0.000000,0.904604,0.002289,0.01846642,2026-03-22,2026-08-06,115,6001,2406,138,0.833333,1.330819,1.230659,1.009211,,,,,,,,GLOBAL_BASELINE_NO_ENTITY_RANKING,,,NOT_APPLICABLE_GLOBAL_BASELINE,HF9g-P5,,,,X 全窗基线 · 不参与实体赏罚,8399710,840,A168_HF9F_20260827_0900,2026-08-27 09:00:00
2026-04-14,36810153,1374,0,65.3553433265,46.3812113929,46.3812113929,0.7500000,4,4,0.50329940000000000,0.503299400000,0.9868238854431842,0.9868238854431842,0.9868238854431842,0E-17,ELIGIBLE,R03b_20260811_FULL_v1,L1_ELIGIBILITY,v2026-08-11,2026-03-21..2026-08-06,baccarat_bet02_101_all_pairs_incl_sentinel,round_win = game_pnl > 0 (decisive only),COMPATIBILITY_ONLY_NOT_PRODUCTION,81515.6139,73739.3596,483.5193,11361,11361,-0.00593162,0.00694385,-0.01152257,-0.00593162,-483.5193,81515.6139,OK,0.0000,19.3408,4.0000,96.0000,AG03-UNRESOLVED,ALL5_LEVELS_bet23_to_bet27,19.3408,19.3408,19.3408,24.1760,24.1760,4.000000,4.000000,4.000000,5.000000,5.000000,96.000000,96.000000,96.000000,95.000000,95.000000,5.0,106.3742,97.4416,377.1451,386.0777,PENDING_AG03,FALSE,NOT_FOR_ENFORCEMENT,464.1785,70789.7852,483.5193,464.1785,19.3408,0.00593162,0.00569435,19.3408,464.1785,0.00569435,19.3408,19.3408,19.3408,24.1760,24.1760,464.1785,0.00569435,106.3742,97.4416,377.1451,386.0777,0.00462666,0.00473624,0.00023726,7.1750,6.4906,0.0426,4.2045,0.0806,708.8314,98.7913,8.8300,6.6350,4.0407,4.4018,8.4329,14.3073,20.7715,40.8781,4.2012,0.0,4.718859,9.286678,1.630025,30,242,81,2,0.30276321,0.00593162,-0.00694385,0E-8,0.000000,0.904604,0.002289,0.01846642,2026-03-22,2026-08-06,115,6001,2406,138,0.833333,1.330819,1.230659,1.009211,,,,,,,,GLOBAL_BASELINE_NO_ENTITY_RANKING,,,NOT_APPLICABLE_GLOBAL_BASELINE,HF9g-P5,,,,X 全窗基线 · 不参与实体赏罚,8399711,840,A168_HF9F_20260827_0900,2026-08-27 09:00:00
2026-04-14,36810153,1385,0,63.2471064450,4.2164737630,4.2164737630,0.6000000,5,5,0.49324550000000000,0.493245500000,0.47746420675292983,0.47746420675292983,0.47746420675292983,0E-17,ELIGIBLE,R03b_20260811_FULL_v1,L1_ELIGIBILITY,v2026-08-11,2026-03-21..2026-08-06,baccarat_bet02_101_all_pairs_incl_sentinel,round_win = game_pnl > 0 (decisive only),COMPATIBILITY_ONLY_NOT_PRODUCTION,81515.6139,73739.3596,483.5193,11361,11361,-0.00593162,0.00694385,-0.01152257,-0.00593162,-483.5193,81515.6139,OK,0.0000,19.3408,4.0000,96.0000,AG03-UNRESOLVED,ALL5_LEVELS_bet23_to_bet27,19.3408,19.3408,19.3408,24.1760,24.1760,4.000000,4.000000,4.000000,5.000000,5.000000,96.000000,96.000000,96.000000,95.000000,95.000000,5.0,106.3742,97.4416,377.1451,386.0777,PENDING_AG03,FALSE,NOT_FOR_ENFORCEMENT,464.1785,70789.7852,483.5193,464.1785,19.3408,0.00593162,0.00569435,19.3408,464.1785,0.00569435,19.3408,19.3408,19.3408,24.1760,24.1760,464.1785,0.00569435,106.3742,97.4416,377.1451,386.0777,0.00462666,0.00473624,0.00023726,7.1750,6.4906,0.0426,4.2045,0.0806,708.8314,98.7913,8.8300,6.6350,4.0407,4.4018,8.4329,14.3073,20.7715,40.8781,4.2012,0.0,4.718859,9.286678,1.630025,30,242,81,2,0.30276321,0.00593162,-0.00694385,0E-8,0.000000,0.904604,0.002289,0.01846642,2026-03-22,2026-08-06,115,6001,2406,138,0.833333,1.330819,1.230659,1.009211,,,,,,,,GLOBAL_BASELINE_NO_ENTITY_RANKING,,,NOT_APPLICABLE_GLOBAL_BASELINE,HF9g-P5,,,,X 全窗基线 · 不参与实体赏罚,8399712,840,A168_HF9F_20260827_0900,2026-08-27 09:00:00
2026-04-14,36810153,1399,0,39.0023823077,-11.5953028482,-11.5953028482,0.3333333,4,4,0.49994810000000000,0.499948100000,-0.5771704854251445,-0.5771704854251445,-0.5771704854251445,0E-17,ELIGIBLE,R03b_20260811_FULL_v1,L1_ELIGIBILITY,v2026-08-11,2026-03-21..2026-08-06,baccarat_bet02_101_all_pairs_incl_sentinel,round_win = game_pnl > 0 (decisive only),COMPATIBILITY_ONLY_NOT_PRODUCTION,81515.6139,73739.3596,483.5193,11361,11361,-0.00593162,0.00694385,-0.01152257,-0.00593162,-483.5193,81515.6139,OK,0.0000,19.3408,4.0000,96.0000,AG03-UNRESOLVED,ALL5_LEVELS_bet23_to_bet27,19.3408,19.3408,19.3408,24.1760,24.1760,4.000000,4.000000,4.000000,5.000000,5.000000,96.000000,96.000000,96.000000,95.000000,95.000000,5.0,106.3742,97.4416,377.1451,386.0777,PENDING_AG03,FALSE,NOT_FOR_ENFORCEMENT,464.1785,70789.7852,483.5193,464.1785,19.3408,0.00593162,0.00569435,19.3408,464.1785,0.00569435,19.3408,19.3408,19.3408,24.1760,24.1760,464.1785,0.00569435,106.3742,97.4416,377.1451,386.0777,0.00462666,0.00473624,0.00023726,7.1750,6.4906,0.0426,4.2045,0.0806,708.8314,98.7913,8.8300,6.6350,4.0407,4.4018,8.4329,14.3073,20.7715,40.8781,4.2012,0.0,4.718859,9.286678,1.630025,30,242,81,2,0.30276321,0.00593162,-0.00694385,0E-8,0.000000,0.904604,0.002289,0.01846642,2026-03-22,2026-08-06,115,6001,2406,138,0.833333,1.330819,1.230659,1.009211,,,,,,,,GLOBAL_BASELINE_NO_ENTITY_RANKING,,,NOT_APPLICABLE_GLOBAL_BASELINE,HF9g-P5,,,,X 全窗基线 · 不参与实体赏罚,8399713,840,A168_HF9F_20260827_0900,2026-08-27 09:00:00
2026-04-14,36810153,1405,0,35.8400269855,35.1021440769,35.1021440769,1.0000000,2,2,0.49994810000000000,0.499948100000,1.4143603653603398,1.4143603653603398,1.4143603653603398,0E-17,ELIGIBLE,R03b_20260811_FULL_v1,L1_ELIGIBILITY,v2026-08-11,2026-03-21..2026-08-06,baccarat_bet02_101_all_pairs_incl_sentinel,round_win = game_pnl > 0 (decisive only),COMPATIBILITY_ONLY_NOT_PRODUCTION,81515.6139,73739.3596,483.5193,11361,11361,-0.00593162,0.00694385,-0.01152257,-0.00593162,-483.5193,81515.6139,OK,0.0000,19.3408,4.0000,96.0000,AG03-UNRESOLVED,ALL5_LEVELS_bet23_to_bet27,19.3408,19.3408,19.3408,24.1760,24.1760,4.000000,4.000000,4.000000,5.000000,5.000000,96.000000,96.000000,96.000000,95.000000,95.000000,5.0,106.3742,97.4416,377.1451,386.0777,PENDING_AG03,FALSE,NOT_FOR_ENFORCEMENT,464.1785,70789.7852,483.5193,464.1785,19.3408,0.00593162,0.00569435,19.3408,464.1785,0.00569435,19.3408,19.3408,19.3408,24.1760,24.1760,464.1785,0.00569435,106.3742,97.4416,377.1451,386.0777,0.00462666,0.00473624,0.00023726,7.1750,6.4906,0.0426,4.2045,0.0806,708.8314,98.7913,8.8300,6.6350,4.0407,4.4018,8.4329,14.3073,20.7715,40.8781,4.2012,0.0,4.718859,9.286678,1.630025,30,242,81,2,0.30276321,0.00593162,-0.00694385,0E-8,0.000000,0.904604,0.002289,0.01846642,2026-03-22,2026-08-06,115,6001,2406,138,0.833333,1.330819,1.230659,1.009211,,,,,,,,GLOBAL_BASELINE_NO_ENTITY_RANKING,,,NOT_APPLICABLE_GLOBAL_BASELINE,HF9g-P5,,,,X 全窗基线 · 不参与实体赏罚,8399714,840,A168_HF9F_20260827_0900,2026-08-27 09:00:00
2026-04-14,36810153,1507,0,34.9967322329,-34.9967322329,-34.9967322329,0E-7,3,3,0.50218230000000000,0.502182300000,-1.7396270863184011,-1.7396270863184016,-1.7396270863184011,0E-17,ELIGIBLE,R03b_20260811_FULL_v1,L1_ELIGIBILITY,v2026-08-11,2026-03-21..2026-08-06,baccarat_bet02_101_all_pairs_incl_sentinel,round_win = game_pnl > 0 (decisive only),COMPATIBILITY_ONLY_NOT_PRODUCTION,81515.6139,73739.3596,483.5193,11361,11361,-0.00593162,0.00694385,-0.01152257,-0.00593162,-483.5193,81515.6139,OK,0.0000,19.3408,4.0000,96.0000,AG03-UNRESOLVED,ALL5_LEVELS_bet23_to_bet27,19.3408,19.3408,19.3408,24.1760,24.1760,4.000000,4.000000,4.000000,5.000000,5.000000,96.000000,96.000000,96.000000,95.000000,95.000000,5.0,106.3742,97.4416,377.1451,386.0777,PENDING_AG03,FALSE,NOT_FOR_ENFORCEMENT,464.1785,70789.7852,483.5193,464.1785,19.3408,0.00593162,0.00569435,19.3408,464.1785,0.00569435,19.3408,19.3408,19.3408,24.1760,24.1760,464.1785,0.00569435,106.3742,97.4416,377.1451,386.0777,0.00462666,0.00473624,0.00023726,7.1750,6.4906,0.0426,4.2045,0.0806,708.8314,98.7913,8.8300,6.6350,4.0407,4.4018,8.4329,14.3073,20.7715,40.8781,4.2012,0.0,4.718859,9.286678,1.630025,30,242,81,2,0.30276321,0.00593162,-0.00694385,0E-8,0.000000,0.904604,0.002289,0.01846642,2026-03-22,2026-08-06,115,6001,2406,138,0.833333,1.330819,1.230659,1.009211,,,,,,,,GLOBAL_BASELINE_NO_ENTITY_RANKING,,,NOT_APPLICABLE_GLOBAL_BASELINE,HF9g-P5,,,,X 全窗基线 · 不参与实体赏罚,8399715,840,A168_HF9F_20260827_0900,2026-08-27 09:00:00
2026-04-14,36810153,1646,0,126.4942128897,-126.4942128897,-126.4942128897,0E-7,3,3,0.50218230000000000,0.502182300000,-1.7396270863184011,-1.7396270863184016,-1.7396270863184011,0E-17,ELIGIBLE,R03b_20260811_FULL_v1,L1_ELIGIBILITY,v2026-08-11,2026-03-21..2026-08-06,baccarat_bet02_101_all_pairs_incl_sentinel,round_win = game_pnl > 0 (decisive only),COMPATIBILITY_ONLY_NOT_PRODUCTION,81515.6139,73739.3596,483.5193,11361,11361,-0.00593162,0.00694385,-0.01152257,-0.00593162,-483.5193,81515.6139,OK,0.0000,19.3408,4.0000,96.0000,AG03-UNRESOLVED,ALL5_LEVELS_bet23_to_bet27,19.3408,19.3408,19.3408,24.1760,24.1760,4.000000,4.000000,4.000000,5.000000,5.000000,96.000000,96.000000,96.000000,95.000000,95.000000,5.0,106.3742,97.4416,377.1451,386.0777,PENDING_AG03,FALSE,NOT_FOR_ENFORCEMENT,464.1785,70789.7852,483.5193,464.1785,19.3408,0.00593162,0.00569435,19.3408,464.1785,0.00569435,19.3408,19.3408,19.3408,24.1760,24.1760,464.1785,0.00569435,106.3742,97.4416,377.1451,386.0777,0.00462666,0.00473624,0.00023726,7.1750,6.4906,0.0426,4.2045,0.0806,708.8314,98.7913,8.8300,6.6350,4.0407,4.4018,8.4329,14.3073,20.7715,40.8781,4.2012,0.0,4.718859,9.286678,1.630025,30,242,81,2,0.30276321,0.00593162,-0.00694385,0E-8,0.000000,0.904604,0.002289,0.01846642,2026-03-22,2026-08-06,115,6001,2406,138,0.833333,1.330819,1.230659,1.009211,,,,,,,,GLOBAL_BASELINE_NO_ENTITY_RANKING,,,NOT_APPLICABLE_GLOBAL_BASELINE,HF9g-P5,,,,X 全窗基线 · 不参与实体赏罚,8399716,840,A168_HF9F_20260827_0900,2026-08-27 09:00:00
2026-04-14,36810153,1702,0,44.0621508233,1.2754833133,1.2754833133,0.5000000,3,3,0.50665070000000000,0.506650700000,-0.018812684590367487,-0.018812684590367487,-0.018812684590367487,0E-17,ELIGIBLE,R03b_20260811_FULL_v1,L1_ELIGIBILITY,v2026-08-11,2026-03-21..2026-08-06,baccarat_bet02_101_all_pairs_incl_sentinel,round_win = game_pnl > 0 (decisive only),COMPATIBILITY_ONLY_NOT_PRODUCTION,81515.6139,73739.3596,483.5193,11361,11361,-0.00593162,0.00694385,-0.01152257,-0.00593162,-483.5193,81515.6139,OK,0.0000,19.3408,4.0000,96.0000,AG03-UNRESOLVED,ALL5_LEVELS_bet23_to_bet27,19.3408,19.3408,19.3408,24.1760,24.1760,4.000000,4.000000,4.000000,5.000000,5.000000,96.000000,96.000000,96.000000,95.000000,95.000000,5.0,106.3742,97.4416,377.1451,386.0777,PENDING_AG03,FALSE,NOT_FOR_ENFORCEMENT,464.1785,70789.7852,483.5193,464.1785,19.3408,0.00593162,0.00569435,19.3408,464.1785,0.00569435,19.3408,19.3408,19.3408,24.1760,24.1760,464.1785,0.00569435,106.3742,97.4416,377.1451,386.0777,0.00462666,0.00473624,0.00023726,7.1750,6.4906,0.0426,4.2045,0.0806,708.8314,98.7913,8.8300,6.6350,4.0407,4.4018,8.4329,14.3073,20.7715,40.8781,4.2012,0.0,4.718859,9.286678,1.630025,30,242,81,2,0.30276321,0.00593162,-0.00694385,0E-8,0.000000,0.904604,0.002289,0.01846642,2026-03-22,2026-08-06,115,6001,2406,138,0.833333,1.330819,1.230659,1.009211,,,,,,,,GLOBAL_BASELINE_NO_ENTITY_RANKING,,,NOT_APPLICABLE_GLOBAL_BASELINE,HF9g-P5,,,,X 全窗基线 · 不参与实体赏罚,8399717,840,A168_HF9F_20260827_0900,2026-08-27 09:00:00
2026-04-14,36810153,1704,0,34.7859085447,-34.7859085447,-34.7859085447,0E-7,2,2,0.49324550000000000,0.493245500000,-1.3952362676504506,-1.3952362676504506,-1.3952362676504506,0E-17,ELIGIBLE,R03b_20260811_FULL_v1,L1_ELIGIBILITY,v2026-08-11,2026-03-21..2026-08-06,baccarat_bet02_101_all_pairs_incl_sentinel,round_win = game_pnl > 0 (decisive only),COMPATIBILITY_ONLY_NOT_PRODUCTION,81515.6139,73739.3596,483.5193,11361,11361,-0.00593162,0.00694385,-0.01152257,-0.00593162,-483.5193,81515.6139,OK,0.0000,19.3408,4.0000,96.0000,AG03-UNRESOLVED,ALL5_LEVELS_bet23_to_bet27,19.3408,19.3408,19.3408,24.1760,24.1760,4.000000,4.000000,4.000000,5.000000,5.000000,96.000000,96.000000,96.000000,95.000000,95.000000,5.0,106.3742,97.4416,377.1451,386.0777,PENDING_AG03,FALSE,NOT_FOR_ENFORCEMENT,464.1785,70789.7852,483.5193,464.1785,19.3408,0.00593162,0.00569435,19.3408,464.1785,0.00569435,19.3408,19.3408,19.3408,24.1760,24.1760,464.1785,0.00569435,106.3742,97.4416,377.1451,386.0777,0.00462666,0.00473624,0.00023726,7.1750,6.4906,0.0426,4.2045,0.0806,708.8314,98.7913,8.8300,6.6350,4.0407,4.4018,8.4329,14.3073,20.7715,40.8781,4.2012,0.0,4.718859,9.286678,1.630025,30,242,81,2,0.30276321,0.00593162,-0.00694385,0E-8,0.000000,0.904604,0.002289,0.01846642,2026-03-22,2026-08-06,115,6001,2406,138,0.833333,1.330819,1.230659,1.009211,,,,,,,,GLOBAL_BASELINE_NO_ENTITY_RANKING,,,NOT_APPLICABLE_GLOBAL_BASELINE,HF9g-P5,,,,X 全窗基线 · 不参与实体赏罚,8399718,840,A168_HF9F_20260827_0900,2026-08-27 09:00:00
2026-04-14,36810153,1714,0,10.5411844075,-10.5411844075,-10.5411844075,0E-7,1,1,0.50665070000000000,0.506650700000,-1.013391052207602,-1.013391052207602,-1.013391052207602,0E-17,ELIGIBLE,R03b_20260811_FULL_v1,L1_ELIGIBILITY,v2026-08-11,2026-03-21..2026-08-06,baccarat_bet02_101_all_pairs_incl_sentinel,round_win = game_pnl > 0 (decisive only),COMPATIBILITY_ONLY_NOT_PRODUCTION,81515.6139,73739.3596,483.5193,11361,11361,-0.00593162,0.00694385,-0.01152257,-0.00593162,-483.5193,81515.6139,OK,0.0000,19.3408,4.0000,96.0000,AG03-UNRESOLVED,ALL5_LEVELS_bet23_to_bet27,19.3408,19.3408,19.3408,24.1760,24.1760,4.000000,4.000000,4.000000,5.000000,5.000000,96.000000,96.000000,96.000000,95.000000,95.000000,5.0,106.3742,97.4416,377.1451,386.0777,PENDING_AG03,FALSE,NOT_FOR_ENFORCEMENT,464.1785,70789.7852,483.5193,464.1785,19.3408,0.00593162,0.00569435,19.3408,464.1785,0.00569435,19.3408,19.3408,19.3408,24.1760,24.1760,464.1785,0.00569435,106.3742,97.4416,377.1451,386.0777,0.00462666,0.00473624,0.00023726,7.1750,6.4906,0.0426,4.2045,0.0806,708.8314,98.7913,8.8300,6.6350,4.0407,4.4018,8.4329,14.3073,20.7715,40.8781,4.2012,0.0,4.718859,9.286678,1.630025,30,242,81,2,0.30276321,0.00593162,-0.00694385,0E-8,0.000000,0.904604,0.002289,0.01846642,2026-03-22,2026-08-06,115,6001,2406,138,0.833333,1.330819,1.230659,1.009211,,,,,,,,GLOBAL_BASELINE_NO_ENTITY_RANKING,,,NOT_APPLICABLE_GLOBAL_BASELINE,HF9g-P5,,,,X 全窗基线 · 不参与实体赏罚,8399719,840,A168_HF9F_20260827_0900,2026-08-27 09:00:00
2026-04-14,36810153,1935,0,43.0080323825,-43.0080323825,-43.0080323825,0E-7,1,1,0.49324550000000000,0.493245500000,-0.9865810262130424,-0.9865810262130424,-0.9865810262130424,0E-17,ELIGIBLE,R03b_20260811_FULL_v1,L1_ELIGIBILITY,v2026-08-11,2026-03-21..2026-08-06,baccarat_bet02_101_all_pairs_incl_sentinel,round_win = game_pnl > 0 (decisive only),COMPATIBILITY_ONLY_NOT_PRODUCTION,81515.6139,73739.3596,483.5193,11361,11361,-0.00593162,0.00694385,-0.01152257,-0.00593162,-483.5193,81515.6139,OK,0.0000,19.3408,4.0000,96.0000,AG03-UNRESOLVED,ALL5_LEVELS_bet23_to_bet27,19.3408,19.3408,19.3408,24.1760,24.1760,4.000000,4.000000,4.000000,5.000000,5.000000,96.000000,96.000000,96.000000,95.000000,95.000000,5.0,106.3742,97.4416,377.1451,386.0777,PENDING_AG03,FALSE,NOT_FOR_ENFORCEMENT,464.1785,70789.7852,483.5193,464.1785,19.3408,0.00593162,0.00569435,19.3408,464.1785,0.00569435,19.3408,19.3408,19.3408,24.1760,24.1760,464.1785,0.00569435,106.3742,97.4416,377.1451,386.0777,0.00462666,0.00473624,0.00023726,7.1750,6.4906,0.0426,4.2045,0.0806,708.8314,98.7913,8.8300,6.6350,4.0407,4.4018,8.4329,14.3073,20.7715,40.8781,4.2012,0.0,4.718859,9.286678,1.630025,30,242,81,2,0.30276321,0.00593162,-0.00694385,0E-8,0.000000,0.904604,0.002289,0.01846642,2026-03-22,2026-08-06,115,6001,2406,138,0.833333,1.330819,1.230659,1.009211,,,,,,,,GLOBAL_BASELINE_NO_ENTITY_RANKING,,,NOT_APPLICABLE_GLOBAL_BASELINE,HF9g-P5,,,,X 全窗基线 · 不参与实体赏罚,8399720,840,A168_HF9F_20260827_0900,2026-08-27 09:00:00
2026-04-14,36810153,1940,0,21.0823688150,20.0282503742,20.0282503742,1.0000000,1,1,0.50665070000000000,0.506650700000,0.9867858985152569,0.9867858985152569,0.9867858985152569,0E-17,ELIGIBLE,R03b_20260811_FULL_v1,L1_ELIGIBILITY,v2026-08-11,2026-03-21..2026-08-06,baccarat_bet02_101_all_pairs_incl_sentinel,round_win = game_pnl > 0 (decisive only),COMPATIBILITY_ONLY_NOT_PRODUCTION,81515.6139,73739.3596,483.5193,11361,11361,-0.00593162,0.00694385,-0.01152257,-0.00593162,-483.5193,81515.6139,OK,0.0000,19.3408,4.0000,96.0000,AG03-UNRESOLVED,ALL5_LEVELS_bet23_to_bet27,19.3408,19.3408,19.3408,24.1760,24.1760,4.000000,4.000000,4.000000,5.000000,5.000000,96.000000,96.000000,96.000000,95.000000,95.000000,5.0,106.3742,97.4416,377.1451,386.0777,PENDING_AG03,FALSE,NOT_FOR_ENFORCEMENT,464.1785,70789.7852,483.5193,464.1785,19.3408,0.00593162,0.00569435,19.3408,464.1785,0.00569435,19.3408,19.3408,19.3408,24.1760,24.1760,464.1785,0.00569435,106.3742,97.4416,377.1451,386.0777,0.00462666,0.00473624,0.00023726,7.1750,6.4906,0.0426,4.2045,0.0806,708.8314,98.7913,8.8300,6.6350,4.0407,4.4018,8.4329,14.3073,20.7715,40.8781,4.2012,0.0,4.718859,9.286678,1.630025,30,242,81,2,0.30276321,0.00593162,-0.00694385,0E-8,0.000000,0.904604,0.002289,0.01846642,2026-03-22,2026-08-06,115,6001,2406,138,0.833333,1.330819,1.230659,1.009211,,,,,,,,GLOBAL_BASELINE_NO_ENTITY_RANKING,,,NOT_APPLICABLE_GLOBAL_BASELINE,HF9g-P5,,,,X 全窗基线 · 不参与实体赏罚,8399721,840,A168_HF9F_20260827_0900,2026-08-27 09:00:00
2026-04-14,36810153,1941,0,21.0823688150,20.0282503742,20.0282503742,1.0000000,1,1,0.50665070000000000,0.506650700000,0.9867858985152569,0.9867858985152569,0.9867858985152569,0E-17,ELIGIBLE,R03b_20260811_FULL_v1,L1_ELIGIBILITY,v2026-08-11,2026-03-21..2026-08-06,baccarat_bet02_101_all_pairs_incl_sentinel,round_win = game_pnl > 0 (decisive only),COMPATIBILITY_ONLY_NOT_PRODUCTION,81515.6139,73739.3596,483.5193,11361,11361,-0.00593162,0.00694385,-0.01152257,-0.00593162,-483.5193,81515.6139,OK,0.0000,19.3408,4.0000,96.0000,AG03-UNRESOLVED,ALL5_LEVELS_bet23_to_bet27,19.3408,19.3408,19.3408,24.1760,24.1760,4.000000,4.000000,4.000000,5.000000,5.000000,96.000000,96.000000,96.000000,95.000000,95.000000,5.0,106.3742,97.4416,377.1451,386.0777,PENDING_AG03,FALSE,NOT_FOR_ENFORCEMENT,464.1785,70789.7852,483.5193,464.1785,19.3408,0.00593162,0.00569435,19.3408,464.1785,0.00569435,19.3408,19.3408,19.3408,24.1760,24.1760,464.1785,0.00569435,106.3742,97.4416,377.1451,386.0777,0.00462666,0.00473624,0.00023726,7.1750,6.4906,0.0426,4.2045,0.0806,708.8314,98.7913,8.8300,6.6350,4.0407,4.4018,8.4329,14.3073,20.7715,40.8781,4.2012,0.0,4.718859,9.286678,1.630025,30,242,81,2,0.30276321,0.00593162,-0.00694385,0E-8,0.000000,0.904604,0.002289,0.01846642,2026-03-22,2026-08-06,115,6001,2406,138,0.833333,1.330819,1.230659,1.009211,,,,,,,,GLOBAL_BASELINE_NO_ENTITY_RANKING,,,NOT_APPLICABLE_GLOBAL_BASELINE,HF9g-P5,,,,X 全窗基线 · 不参与实体赏罚,8399722,840,A168_HF9F_20260827_0900,2026-08-27 09:00:00
2026-04-14,36810153,1947,0,80.3238251851,37.3157928025,37.3157928025,0.5000000,4,4,0.49659680000000000,0.496596800000,0.013613115331600182,0.013613115331600183,0.013613115331600182,0E-17,ELIGIBLE,R03b_20260811_FULL_v1,L1_ELIGIBILITY,v2026-08-11,2026-03-21..2026-08-06,baccarat_bet02_101_all_pairs_incl_sentinel,round_win = game_pnl > 0 (decisive only),COMPATIBILITY_ONLY_NOT_PRODUCTION,81515.6139,73739.3596,483.5193,11361,11361,-0.00593162,0.00694385,-0.01152257,-0.00593162,-483.5193,81515.6139,OK,0.0000,19.3408,4.0000,96.0000,AG03-UNRESOLVED,ALL5_LEVELS_bet23_to_bet27,19.3408,19.3408,19.3408,24.1760,24.1760,4.000000,4.000000,4.000000,5.000000,5.000000,96.000000,96.000000,96.000000,95.000000,95.000000,5.0,106.3742,97.4416,377.1451,386.0777,PENDING_AG03,FALSE,NOT_FOR_ENFORCEMENT,464.1785,70789.7852,483.5193,464.1785,19.3408,0.00593162,0.00569435,19.3408,464.1785,0.00569435,19.3408,19.3408,19.3408,24.1760,24.1760,464.1785,0.00569435,106.3742,97.4416,377.1451,386.0777,0.00462666,0.00473624,0.00023726,7.1750,6.4906,0.0426,4.2045,0.0806,708.8314,98.7913,8.8300,6.6350,4.0407,4.4018,8.4329,14.3073,20.7715,40.8781,4.2012,0.0,4.718859,9.286678,1.630025,30,242,81,2,0.30276321,0.00593162,-0.00694385,0E-8,0.000000,0.904604,0.002289,0.01846642,2026-03-22,2026-08-06,115,6001,2406,138,0.833333,1.330819,1.230659,1.009211,,,,,,,,GLOBAL_BASELINE_NO_ENTITY_RANKING,,,NOT_APPLICABLE_GLOBAL_BASELINE,HF9g-P5,,,,X 全窗基线 · 不参与实体赏罚,8399723,840,A168_HF9F_20260827_0900,2026-08-27 09:00:00
2026-04-14,36810153,1966,0,21.0823688150,21.0823688150,21.0823688150,1.0000000,1,1,0.49324550000000000,0.493245500000,1.01360149184955,1.01360149184955,1.01360149184955,0E-17,ELIGIBLE,R03b_20260811_FULL_v1,L1_ELIGIBILITY,v2026-08-11,2026-03-21..2026-08-06,baccarat_bet02_101_all_pairs_incl_sentinel,round_win = game_pnl > 0 (decisive only),COMPATIBILITY_ONLY_NOT_PRODUCTION,81515.6139,73739.3596,483.5193,11361,11361,-0.00593162,0.00694385,-0.01152257,-0.00593162,-483.5193,81515.6139,OK,0.0000,19.3408,4.0000,96.0000,AG03-UNRESOLVED,ALL5_LEVELS_bet23_to_bet27,19.3408,19.3408,19.3408,24.1760,24.1760,4.000000,4.000000,4.000000,5.000000,5.000000,96.000000,96.000000,96.000000,95.000000,95.000000,5.0,106.3742,97.4416,377.1451,386.0777,PENDING_AG03,FALSE,NOT_FOR_ENFORCEMENT,464.1785,70789.7852,483.5193,464.1785,19.3408,0.00593162,0.00569435,19.3408,464.1785,0.00569435,19.3408,19.3408,19.3408,24.1760,24.1760,464.1785,0.00569435,106.3742,97.4416,377.1451,386.0777,0.00462666,0.00473624,0.00023726,7.1750,6.4906,0.0426,4.2045,0.0806,708.8314,98.7913,8.8300,6.6350,4.0407,4.4018,8.4329,14.3073,20.7715,40.8781,4.2012,0.0,4.718859,9.286678,1.630025,30,242,81,2,0.30276321,0.00593162,-0.00694385,0E-8,0.000000,0.904604,0.002289,0.01846642,2026-03-22,2026-08-06,115,6001,2406,138,0.833333,1.330819,1.230659,1.009211,,,,,,,,GLOBAL_BASELINE_NO_ENTITY_RANKING,,,NOT_APPLICABLE_GLOBAL_BASELINE,HF9g-P5,,,,X 全窗基线 · 不参与实体赏罚,8399724,840,A168_HF9F_20260827_0900,2026-08-27 09:00:00
2026-04-14,36810153,1990,0,8.4329475260,-4.2164737630,-4.2164737630,0E-7,2,2,0.50665070000000000,0.506650700000,-1.013391052207602,-1.013391052207602,-1.013391052207602,0E-17,ELIGIBLE,R03b_20260811_FULL_v1,L1_ELIGIBILITY,v2026-08-11,2026-03-21..2026-08-06,baccarat_bet02_101_all_pairs_incl_sentinel,round_win = game_pnl > 0 (decisive only),COMPATIBILITY_ONLY_NOT_PRODUCTION,81515.6139,73739.3596,483.5193,11361,11361,-0.00593162,0.00694385,-0.01152257,-0.00593162,-483.5193,81515.6139,OK,0.0000,19.3408,4.0000,96.0000,AG03-UNRESOLVED,ALL5_LEVELS_bet23_to_bet27,19.3408,19.3408,19.3408,24.1760,24.1760,4.000000,4.000000,4.000000,5.000000,5.000000,96.000000,96.000000,96.000000,95.000000,95.000000,5.0,106.3742,97.4416,377.1451,386.0777,PENDING_AG03,FALSE,NOT_FOR_ENFORCEMENT,464.1785,70789.7852,483.5193,464.1785,19.3408,0.00593162,0.00569435,19.3408,464.1785,0.00569435,19.3408,19.3408,19.3408,24.1760,24.1760,464.1785,0.00569435,106.3742,97.4416,377.1451,386.0777,0.00462666,0.00473624,0.00023726,7.1750,6.4906,0.0426,4.2045,0.0806,708.8314,98.7913,8.8300,6.6350,4.0407,4.4018,8.4329,14.3073,20.7715,40.8781,4.2012,0.0,4.718859,9.286678,1.630025,30,242,81,2,0.30276321,0.00593162,-0.00694385,0E-8,0.000000,0.904604,0.002289,0.01846642,2026-03-22,2026-08-06,115,6001,2406,138,0.833333,1.330819,1.230659,1.009211,,,,,,,,GLOBAL_BASELINE_NO_ENTITY_RANKING,,,NOT_APPLICABLE_GLOBAL_BASELINE,HF9g-P5,,,,X 全窗基线 · 不参与实体赏罚,8399725,840,A168_HF9F_20260827_0900,2026-08-27 09:00:00
2026-04-14,36810153,2063,0,16.8658950520,-16.8658950520,-16.8658950520,0E-7,1,1,0.49324550000000000,0.493245500000,-0.9865810262130424,-0.9865810262130424,-0.9865810262130424,0E-17,ELIGIBLE,R03b_20260811_FULL_v1,L1_ELIGIBILITY,v2026-08-11,2026-03-21..2026-08-06,baccarat_bet02_101_all_pairs_incl_sentinel,round_win = game_pnl > 0 (decisive only),COMPATIBILITY_ONLY_NOT_PRODUCTION,81515.6139,73739.3596,483.5193,11361,11361,-0.00593162,0.00694385,-0.01152257,-0.00593162,-483.5193,81515.6139,OK,0.0000,19.3408,4.0000,96.0000,AG03-UNRESOLVED,ALL5_LEVELS_bet23_to_bet27,19.3408,19.3408,19.3408,24.1760,24.1760,4.000000,4.000000,4.000000,5.000000,5.000000,96.000000,96.000000,96.000000,95.000000,95.000000,5.0,106.3742,97.4416,377.1451,386.0777,PENDING_AG03,FALSE,NOT_FOR_ENFORCEMENT,464.1785,70789.7852,483.5193,464.1785,19.3408,0.00593162,0.00569435,19.3408,464.1785,0.00569435,19.3408,19.3408,19.3408,24.1760,24.1760,464.1785,0.00569435,106.3742,97.4416,377.1451,386.0777,0.00462666,0.00473624,0.00023726,7.1750,6.4906,0.0426,4.2045,0.0806,708.8314,98.7913,8.8300,6.6350,4.0407,4.4018,8.4329,14.3073,20.7715,40.8781,4.2012,0.0,4.718859,9.286678,1.630025,30,242,81,2,0.30276321,0.00593162,-0.00694385,0E-8,0.000000,0.904604,0.002289,0.01846642,2026-03-22,2026-08-06,115,6001,2406,138,0.833333,1.330819,1.230659,1.009211,,,,,,,,GLOBAL_BASELINE_NO_ENTITY_RANKING,,,NOT_APPLICABLE_GLOBAL_BASELINE,HF9g-P5,,,,X 全窗基线 · 不参与实体赏罚,8399726,840,A168_HF9F_20260827_0900,2026-08-27 09:00:00
2026-04-14,36810153,2115,0,16.8658950520,16.8658950520,16.8658950520,1.0000000,1,1,0.49324550000000000,0.493245500000,1.01360149184955,1.01360149184955,1.01360149184955,0E-17,ELIGIBLE,R03b_20260811_FULL_v1,L1_ELIGIBILITY,v2026-08-11,2026-03-21..2026-08-06,baccarat_bet02_101_all_pairs_incl_sentinel,round_win = game_pnl > 0 (decisive only),COMPATIBILITY_ONLY_NOT_PRODUCTION,81515.6139,73739.3596,483.5193,11361,11361,-0.00593162,0.00694385,-0.01152257,-0.00593162,-483.5193,81515.6139,OK,0.0000,19.3408,4.0000,96.0000,AG03-UNRESOLVED,ALL5_LEVELS_bet23_to_bet27,19.3408,19.3408,19.3408,24.1760,24.1760,4.000000,4.000000,4.000000,5.000000,5.000000,96.000000,96.000000,96.000000,95.000000,95.000000,5.0,106.3742,97.4416,377.1451,386.0777,PENDING_AG03,FALSE,NOT_FOR_ENFORCEMENT,464.1785,70789.7852,483.5193,464.1785,19.3408,0.00593162,0.00569435,19.3408,464.1785,0.00569435,19.3408,19.3408,19.3408,24.1760,24.1760,464.1785,0.00569435,106.3742,97.4416,377.1451,386.0777,0.00462666,0.00473624,0.00023726,7.1750,6.4906,0.0426,4.2045,0.0806,708.8314,98.7913,8.8300,6.6350,4.0407,4.4018,8.4329,14.3073,20.7715,40.8781,4.2012,0.0,4.718859,9.286678,1.630025,30,242,81,2,0.30276321,0.00593162,-0.00694385,0E-8,0.000000,0.904604,0.002289,0.01846642,2026-03-22,2026-08-06,115,6001,2406,138,0.833333,1.330819,1.230659,1.009211,,,,,,,,GLOBAL_BASELINE_NO_ENTITY_RANKING,,,NOT_APPLICABLE_GLOBAL_BASELINE,HF9g-P5,,,,X 全窗基线 · 不参与实体赏罚,8399727,840,A168_HF9F_20260827_0900,2026-08-27 09:00:00
2026-04-14,36810153,2134,0,13.7035397297,-13.7035397297,-13.7035397297,0E-7,1,1,0.50665070000000000,0.506650700000,-1.013391052207602,-1.013391052207602,-1.013391052207602,0E-17,ELIGIBLE,R03b_20260811_FULL_v1,L1_ELIGIBILITY,v2026-08-11,2026-03-21..2026-08-06,baccarat_bet02_101_all_pairs_incl_sentinel,round_win = game_pnl > 0 (decisive only),COMPATIBILITY_ONLY_NOT_PRODUCTION,81515.6139,73739.3596,483.5193,11361,11361,-0.00593162,0.00694385,-0.01152257,-0.00593162,-483.5193,81515.6139,OK,0.0000,19.3408,4.0000,96.0000,AG03-UNRESOLVED,ALL5_LEVELS_bet23_to_bet27,19.3408,19.3408,19.3408,24.1760,24.1760,4.000000,4.000000,4.000000,5.000000,5.000000,96.000000,96.000000,96.000000,95.000000,95.000000,5.0,106.3742,97.4416,377.1451,386.0777,PENDING_AG03,FALSE,NOT_FOR_ENFORCEMENT,464.1785,70789.7852,483.5193,464.1785,19.3408,0.00593162,0.00569435,19.3408,464.1785,0.00569435,19.3408,19.3408,19.3408,24.1760,24.1760,464.1785,0.00569435,106.3742,97.4416,377.1451,386.0777,0.00462666,0.00473624,0.00023726,7.1750,6.4906,0.0426,4.2045,0.0806,708.8314,98.7913,8.8300,6.6350,4.0407,4.4018,8.4329,14.3073,20.7715,40.8781,4.2012,0.0,4.718859,9.286678,1.630025,30,242,81,2,0.30276321,0.00593162,-0.00694385,0E-8,0.000000,0.904604,0.002289,0.01846642,2026-03-22,2026-08-06,115,6001,2406,138,0.833333,1.330819,1.230659,1.009211,,,,,,,,GLOBAL_BASELINE_NO_ENTITY_RANKING,,,NOT_APPLICABLE_GLOBAL_BASELINE,HF9g-P5,,,,X 全窗基线 · 不参与实体赏罚,8399728,840,A168_HF9F_20260827_0900,2026-08-27 09:00:00
2026-04-14,36810153,2167,0,21.2931925031,11.5953028483,11.5953028483,0.5000000,2,2,0.49994810000000000,0.499948100000,0.00014679536856514622,0.00014679536856514622,0.00014679536856514622,0E-17,ELIGIBLE,R03b_20260811_FULL_v1,L1_ELIGIBILITY,v2026-08-11,2026-03-21..2026-08-06,baccarat_bet02_101_all_pairs_incl_sentinel,round_win = game_pnl > 0 (decisive only),COMPATIBILITY_ONLY_NOT_PRODUCTION,81515.6139,73739.3596,483.5193,11361,11361,-0.00593162,0.00694385,-0.01152257,-0.00593162,-483.5193,81515.6139,OK,0.0000,19.3408,4.0000,96.0000,AG03-UNRESOLVED,ALL5_LEVELS_bet23_to_bet27,19.3408,19.3408,19.3408,24.1760,24.1760,4.000000,4.000000,4.000000,5.000000,5.000000,96.000000,96.000000,96.000000,95.000000,95.000000,5.0,106.3742,97.4416,377.1451,386.0777,PENDING_AG03,FALSE,NOT_FOR_ENFORCEMENT,464.1785,70789.7852,483.5193,464.1785,19.3408,0.00593162,0.00569435,19.3408,464.1785,0.00569435,19.3408,19.3408,19.3408,24.1760,24.1760,464.1785,0.00569435,106.3742,97.4416,377.1451,386.0777,0.00462666,0.00473624,0.00023726,7.1750,6.4906,0.0426,4.2045,0.0806,708.8314,98.7913,8.8300,6.6350,4.0407,4.4018,8.4329,14.3073,20.7715,40.8781,4.2012,0.0,4.718859,9.286678,1.630025,30,242,81,2,0.30276321,0.00593162,-0.00694385,0E-8,0.000000,0.904604,0.002289,0.01846642,2026-03-22,2026-08-06,115,6001,2406,138,0.833333,1.330819,1.230659,1.009211,,,,,,,,GLOBAL_BASELINE_NO_ENTITY_RANKING,,,NOT_APPLICABLE_GLOBAL_BASELINE,HF9g-P5,,,,X 全窗基线 · 不参与实体赏罚,8399729,840,A168_HF9F_20260827_0900,2026-08-27 09:00:00
2026-04-14,36810153,2169,0,14.7576581705,-14.7576581705,-14.7576581705,0E-7,1,1,0.50665070000000000,0.506650700000,-1.013391052207602,-1.013391052207602,-1.013391052207602,0E-17,ELIGIBLE,R03b_20260811_FULL_v1,L1_ELIGIBILITY,v2026-08-11,2026-03-21..2026-08-06,baccarat_bet02_101_all_pairs_incl_sentinel,round_win = game_pnl > 0 (decisive only),COMPATIBILITY_ONLY_NOT_PRODUCTION,81515.6139,73739.3596,483.5193,11361,11361,-0.00593162,0.00694385,-0.01152257,-0.00593162,-483.5193,81515.6139,OK,0.0000,19.3408,4.0000,96.0000,AG03-UNRESOLVED,ALL5_LEVELS_bet23_to_bet27,19.3408,19.3408,19.3408,24.1760,24.1760,4.000000,4.000000,4.000000,5.000000,5.000000,96.000000,96.000000,96.000000,95.000000,95.000000,5.0,106.3742,97.4416,377.1451,386.0777,PENDING_AG03,FALSE,NOT_FOR_ENFORCEMENT,464.1785,70789.7852,483.5193,464.1785,19.3408,0.00593162,0.00569435,19.3408,464.1785,0.00569435,19.3408,19.3408,19.3408,24.1760,24.1760,464.1785,0.00569435,106.3742,97.4416,377.1451,386.0777,0.00462666,0.00473624,0.00023726,7.1750,6.4906,0.0426,4.2045,0.0806,708.8314,98.7913,8.8300,6.6350,4.0407,4.4018,8.4329,14.3073,20.7715,40.8781,4.2012,0.0,4.718859,9.286678,1.630025,30,242,81,2,0.30276321,0.00593162,-0.00694385,0E-8,0.000000,0.904604,0.002289,0.01846642,2026-03-22,2026-08-06,115,6001,2406,138,0.833333,1.330819,1.230659,1.009211,,,,,,,,GLOBAL_BASELINE_NO_ENTITY_RANKING,,,NOT_APPLICABLE_GLOBAL_BASELINE,HF9g-P5,,,,X 全窗基线 · 不参与实体赏罚,8399730,840,A168_HF9F_20260827_0900,2026-08-27 09:00:00
2026-04-14,36810153,2177,0,10.5411844075,10.5411844075,10.5411844075,1.0000000,1,1,0.49324550000000000,0.493245500000,1.01360149184955,1.01360149184955,1.01360149184955,0E-17,ELIGIBLE,R03b_20260811_FULL_v1,L1_ELIGIBILITY,v2026-08-11,2026-03-21..2026-08-06,baccarat_bet02_101_all_pairs_incl_sentinel,round_win = game_pnl > 0 (decisive only),COMPATIBILITY_ONLY_NOT_PRODUCTION,81515.6139,73739.3596,483.5193,11361,11361,-0.00593162,0.00694385,-0.01152257,-0.00593162,-483.5193,81515.6139,OK,0.0000,19.3408,4.0000,96.0000,AG03-UNRESOLVED,ALL5_LEVELS_bet23_to_bet27,19.3408,19.3408,19.3408,24.1760,24.1760,4.000000,4.000000,4.000000,5.000000,5.000000,96.000000,96.000000,96.000000,95.000000,95.000000,5.0,106.3742,97.4416,377.1451,386.0777,PENDING_AG03,FALSE,NOT_FOR_ENFORCEMENT,464.1785,70789.7852,483.5193,464.1785,19.3408,0.00593162,0.00569435,19.3408,464.1785,0.00569435,19.3408,19.3408,19.3408,24.1760,24.1760,464.1785,0.00569435,106.3742,97.4416,377.1451,386.0777,0.00462666,0.00473624,0.00023726,7.1750,6.4906,0.0426,4.2045,0.0806,708.8314,98.7913,8.8300,6.6350,4.0407,4.4018,8.4329,14.3073,20.7715,40.8781,4.2012,0.0,4.718859,9.286678,1.630025,30,242,81,2,0.30276321,0.00593162,-0.00694385,0E-8,0.000000,0.904604,0.002289,0.01846642,2026-03-22,2026-08-06,115,6001,2406,138,0.833333,1.330819,1.230659,1.009211,,,,,,,,GLOBAL_BASELINE_NO_ENTITY_RANKING,,,NOT_APPLICABLE_GLOBAL_BASELINE,HF9g-P5,,,,X 全窗基线 · 不参与实体赏罚,8399731,840,A168_HF9F_20260827_0900,2026-08-27 09:00:00
2026-04-14,36810153,2205,0,8.4329475260,8.0113001497,8.0113001497,1.0000000,1,1,0.50665070000000000,0.506650700000,0.9867858985152569,0.9867858985152569,0.9867858985152569,0E-17,ELIGIBLE,R03b_20260811_FULL_v1,L1_ELIGIBILITY,v2026-08-11,2026-03-21..2026-08-06,baccarat_bet02_101_all_pairs_incl_sentinel,round_win = game_pnl > 0 (decisive only),COMPATIBILITY_ONLY_NOT_PRODUCTION,81515.6139,73739.3596,483.5193,11361,11361,-0.00593162,0.00694385,-0.01152257,-0.00593162,-483.5193,81515.6139,OK,0.0000,19.3408,4.0000,96.0000,AG03-UNRESOLVED,ALL5_LEVELS_bet23_to_bet27,19.3408,19.3408,19.3408,24.1760,24.1760,4.000000,4.000000,4.000000,5.000000,5.000000,96.000000,96.000000,96.000000,95.000000,95.000000,5.0,106.3742,97.4416,377.1451,386.0777,PENDING_AG03,FALSE,NOT_FOR_ENFORCEMENT,464.1785,70789.7852,483.5193,464.1785,19.3408,0.00593162,0.00569435,19.3408,464.1785,0.00569435,19.3408,19.3408,19.3408,24.1760,24.1760,464.1785,0.00569435,106.3742,97.4416,377.1451,386.0777,0.00462666,0.00473624,0.00023726,7.1750,6.4906,0.0426,4.2045,0.0806,708.8314,98.7913,8.8300,6.6350,4.0407,4.4018,8.4329,14.3073,20.7715,40.8781,4.2012,0.0,4.718859,9.286678,1.630025,30,242,81,2,0.30276321,0.00593162,-0.00694385,0E-8,0.000000,0.904604,0.002289,0.01846642,2026-03-22,2026-08-06,115,6001,2406,138,0.833333,1.330819,1.230659,1.009211,,,,,,,,GLOBAL_BASELINE_NO_ENTITY_RANKING,,,NOT_APPLICABLE_GLOBAL_BASELINE,HF9g-P5,,,,X 全窗基线 · 不参与实体赏罚,8399732,840,A168_HF9F_20260827_0900,2026-08-27 09:00:00
2026-04-14,36810153,2222,0,21.0823688150,-21.0823688150,-21.0823688150,0E-7,1,1,0.50665070000000000,0.506650700000,-1.013391052207602,-1.013391052207602,-1.013391052207602,0E-17,ELIGIBLE,R03b_20260811_FULL_v1,L1_ELIGIBILITY,v2026-08-11,2026-03-21..2026-08-06,baccarat_bet02_101_all_pairs_incl_sentinel,round_win = game_pnl > 0 (decisive only),COMPATIBILITY_ONLY_NOT_PRODUCTION,81515.6139,73739.3596,483.5193,11361,11361,-0.00593162,0.00694385,-0.01152257,-0.00593162,-483.5193,81515.6139,OK,0.0000,19.3408,4.0000,96.0000,AG03-UNRESOLVED,ALL5_LEVELS_bet23_to_bet27,19.3408,19.3408,19.3408,24.1760,24.1760,4.000000,4.000000,4.000000,5.000000,5.000000,96.000000,96.000000,96.000000,95.000000,95.000000,5.0,106.3742,97.4416,377.1451,386.0777,PENDING_AG03,FALSE,NOT_FOR_ENFORCEMENT,464.1785,70789.7852,483.5193,464.1785,19.3408,0.00593162,0.00569435,19.3408,464.1785,0.00569435,19.3408,19.3408,19.3408,24.1760,24.1760,464.1785,0.00569435,106.3742,97.4416,377.1451,386.0777,0.00462666,0.00473624,0.00023726,7.1750,6.4906,0.0426,4.2045,0.0806,708.8314,98.7913,8.8300,6.6350,4.0407,4.4018,8.4329,14.3073,20.7715,40.8781,4.2012,0.0,4.718859,9.286678,1.630025,30,242,81,2,0.30276321,0.00593162,-0.00694385,0E-8,0.000000,0.904604,0.002289,0.01846642,2026-03-22,2026-08-06,115,6001,2406,138,0.833333,1.330819,1.230659,1.009211,,,,,,,,GLOBAL_BASELINE_NO_ENTITY_RANKING,,,NOT_APPLICABLE_GLOBAL_BASELINE,HF9g-P5,,,,X 全窗基线 · 不参与实体赏罚,8399733,840,A168_HF9F_20260827_0900,2026-08-27 09:00:00
2026-04-14,36810153,529,0,37.9482638670,-37.9482638670,-37.9482638670,0E-7,2,2,0.50665070000000000,0.506650700000,-1.4331513700195317,-1.4331513700195317,-1.4331513700195317,0E-17,ELIGIBLE,R03b_20260811_FULL_v1,L1_ELIGIBILITY,v2026-08-11,2026-03-21..2026-08-06,baccarat_bet02_101_all_pairs_incl_sentinel,round_win = game_pnl > 0 (decisive only),COMPATIBILITY_ONLY_NOT_PRODUCTION,81515.6139,73739.3596,483.5193,11361,11361,-0.00593162,0.00694385,-0.01152257,-0.00593162,-483.5193,81515.6139,OK,0.0000,19.3408,4.0000,96.0000,AG03-UNRESOLVED,ALL5_LEVELS_bet23_to_bet27,19.3408,19.3408,19.3408,24.1760,24.1760,4.000000,4.000000,4.000000,5.000000,5.000000,96.000000,96.000000,96.000000,95.000000,95.000000,5.0,106.3742,97.4416,377.1451,386.0777,PENDING_AG03,FALSE,NOT_FOR_ENFORCEMENT,464.1785,70789.7852,483.5193,464.1785,19.3408,0.00593162,0.00569435,19.3408,464.1785,0.00569435,19.3408,19.3408,19.3408,24.1760,24.1760,464.1785,0.00569435,106.3742,97.4416,377.1451,386.0777,0.00462666,0.00473624,0.00023726,7.1750,6.4906,0.0426,4.2045,0.0806,708.8314,98.7913,8.8300,6.6350,4.0407,4.4018,8.4329,14.3073,20.7715,40.8781,4.2012,0.0,4.718859,9.286678,1.630025,30,242,81,2,0.30276321,0.00593162,-0.00694385,0E-8,0.000000,0.904604,0.002289,0.01846642,2026-03-22,2026-08-06,115,6001,2406,138,0.833333,1.330819,1.230659,1.009211,,,,,,,,GLOBAL_BASELINE_NO_ENTITY_RANKING,,,NOT_APPLICABLE_GLOBAL_BASELINE,HF9g-P5,,,,X 全窗基线 · 不参与实体赏罚,8399734,840,A168_HF9F_20260827_0900,2026-08-27 09:00:00
2026-04-14,36810153,550,0,15.1793055468,5.3760040478,5.3760040478,0.5000000,2,2,0.49994810000000000,0.499948100000,0.00014679536856514622,0.00014679536856514622,0.00014679536856514622,0E-17,ELIGIBLE,R03b_20260811_FULL_v1,L1_ELIGIBILITY,v2026-08-11,2026-03-21..2026-08-06,baccarat_bet02_101_all_pairs_incl_sentinel,round_win = game_pnl > 0 (decisive only),COMPATIBILITY_ONLY_NOT_PRODUCTION,81515.6139,73739.3596,483.5193,11361,11361,-0.00593162,0.00694385,-0.01152257,-0.00593162,-483.5193,81515.6139,OK,0.0000,19.3408,4.0000,96.0000,AG03-UNRESOLVED,ALL5_LEVELS_bet23_to_bet27,19.3408,19.3408,19.3408,24.1760,24.1760,4.000000,4.000000,4.000000,5.000000,5.000000,96.000000,96.000000,96.000000,95.000000,95.000000,5.0,106.3742,97.4416,377.1451,386.0777,PENDING_AG03,FALSE,NOT_FOR_ENFORCEMENT,464.1785,70789.7852,483.5193,464.1785,19.3408,0.00593162,0.00569435,19.3408,464.1785,0.00569435,19.3408,19.3408,19.3408,24.1760,24.1760,464.1785,0.00569435,106.3742,97.4416,377.1451,386.0777,0.00462666,0.00473624,0.00023726,7.1750,6.4906,0.0426,4.2045,0.0806,708.8314,98.7913,8.8300,6.6350,4.0407,4.4018,8.4329,14.3073,20.7715,40.8781,4.2012,0.0,4.718859,9.286678,1.630025,30,242,81,2,0.30276321,0.00593162,-0.00694385,0E-8,0.000000,0.904604,0.002289,0.01846642,2026-03-22,2026-08-06,115,6001,2406,138,0.833333,1.330819,1.230659,1.009211,,,,,,,,GLOBAL_BASELINE_NO_ENTITY_RANKING,,,NOT_APPLICABLE_GLOBAL_BASELINE,HF9g-P5,,,,X 全窗基线 · 不参与实体赏罚,8399735,840,A168_HF9F_20260827_0900,2026-08-27 09:00:00
2026-04-14,36810153,752,0,61.1388695634,-10.9628317840,-10.9628317840,0.5555556,9,9,0.49920336666666667,0.499203366667,0.33811356248402014,0.33811356248201985,0.33811356248402014,-3.3333E-13,ELIGIBLE,R03b_20260811_FULL_v1,L1_ELIGIBILITY,v2026-08-11,2026-03-21..2026-08-06,baccarat_bet02_101_all_pairs_incl_sentinel,round_win = game_pnl > 0 (decisive only),COMPATIBILITY_ONLY_NOT_PRODUCTION,81515.6139,73739.3596,483.5193,11361,11361,-0.00593162,0.00694385,-0.01152257,-0.00593162,-483.5193,81515.6139,OK,0.0000,19.3408,4.0000,96.0000,AG03-UNRESOLVED,ALL5_LEVELS_bet23_to_bet27,19.3408,19.3408,19.3408,24.1760,24.1760,4.000000,4.000000,4.000000,5.000000,5.000000,96.000000,96.000000,96.000000,95.000000,95.000000,5.0,106.3742,97.4416,377.1451,386.0777,PENDING_AG03,FALSE,NOT_FOR_ENFORCEMENT,464.1785,70789.7852,483.5193,464.1785,19.3408,0.00593162,0.00569435,19.3408,464.1785,0.00569435,19.3408,19.3408,19.3408,24.1760,24.1760,464.1785,0.00569435,106.3742,97.4416,377.1451,386.0777,0.00462666,0.00473624,0.00023726,7.1750,6.4906,0.0426,4.2045,0.0806,708.8314,98.7913,8.8300,6.6350,4.0407,4.4018,8.4329,14.3073,20.7715,40.8781,4.2012,0.0,4.718859,9.286678,1.630025,30,242,81,2,0.30276321,0.00593162,-0.00694385,0E-8,0.000000,0.904604,0.002289,0.01846642,2026-03-22,2026-08-06,115,6001,2406,138,0.833333,1.330819,1.230659,1.009211,,,,,,,,GLOBAL_BASELINE_NO_ENTITY_RANKING,,,NOT_APPLICABLE_GLOBAL_BASELINE,HF9g-P5,,,,X 全窗基线 · 不参与实体赏罚,8399736,840,A168_HF9F_20260827_0900,2026-08-27 09:00:00
2026-04-14,36810153,763,0,48.7002719626,48.1732127422,48.1732127422,1.0000000,4,4,0.49659680000000000,0.496596800000,2.0136594440222715,2.0136594440222715,2.0136594440222715,0E-17,ELIGIBLE,R03b_20260811_FULL_v1,L1_ELIGIBILITY,v2026-08-11,2026-03-21..2026-08-06,baccarat_bet02_101_all_pairs_incl_sentinel,round_win = game_pnl > 0 (decisive only),COMPATIBILITY_ONLY_NOT_PRODUCTION,81515.6139,73739.3596,483.5193,11361,11361,-0.00593162,0.00694385,-0.01152257,-0.00593162,-483.5193,81515.6139,OK,0.0000,19.3408,4.0000,96.0000,AG03-UNRESOLVED,ALL5_LEVELS_bet23_to_bet27,19.3408,19.3408,19.3408,24.1760,24.1760,4.000000,4.000000,4.000000,5.000000,5.000000,96.000000,96.000000,96.000000,95.000000,95.000000,5.0,106.3742,97.4416,377.1451,386.0777,PENDING_AG03,FALSE,NOT_FOR_ENFORCEMENT,464.1785,70789.7852,483.5193,464.1785,19.3408,0.00593162,0.00569435,19.3408,464.1785,0.00569435,19.3408,19.3408,19.3408,24.1760,24.1760,464.1785,0.00569435,106.3742,97.4416,377.1451,386.0777,0.00462666,0.00473624,0.00023726,7.1750,6.4906,0.0426,4.2045,0.0806,708.8314,98.7913,8.8300,6.6350,4.0407,4.4018,8.4329,14.3073,20.7715,40.8781,4.2012,0.0,4.718859,9.286678,1.630025,30,242,81,2,0.30276321,0.00593162,-0.00694385,0E-8,0.000000,0.904604,0.002289,0.01846642,2026-03-22,2026-08-06,115,6001,2406,138,0.833333,1.330819,1.230659,1.009211,,,,,,,,GLOBAL_BASELINE_NO_ENTITY_RANKING,,,NOT_APPLICABLE_GLOBAL_BASELINE,HF9g-P5,,,,X 全窗基线 · 不参与实体赏罚,8399737,840,A168_HF9F_20260827_0900,2026-08-27 09:00:00
2026-04-14,36810153,772,0,10.5411844075,-10.5411844075,-10.5411844075,0E-7,1,1,0.50665070000000000,0.506650700000,-1.013391052207602,-1.013391052207602,-1.013391052207602,0E-17,ELIGIBLE,R03b_20260811_FULL_v1,L1_ELIGIBILITY,v2026-08-11,2026-03-21..2026-08-06,baccarat_bet02_101_all_pairs_incl_sentinel,round_win = game_pnl > 0 (decisive only),COMPATIBILITY_ONLY_NOT_PRODUCTION,81515.6139,73739.3596,483.5193,11361,11361,-0.00593162,0.00694385,-0.01152257,-0.00593162,-483.5193,81515.6139,OK,0.0000,19.3408,4.0000,96.0000,AG03-UNRESOLVED,ALL5_LEVELS_bet23_to_bet27,19.3408,19.3408,19.3408,24.1760,24.1760,4.000000,4.000000,4.000000,5.000000,5.000000,96.000000,96.000000,96.000000,95.000000,95.000000,5.0,106.3742,97.4416,377.1451,386.0777,PENDING_AG03,FALSE,NOT_FOR_ENFORCEMENT,464.1785,70789.7852,483.5193,464.1785,19.3408,0.00593162,0.00569435,19.3408,464.1785,0.00569435,19.3408,19.3408,19.3408,24.1760,24.1760,464.1785,0.00569435,106.3742,97.4416,377.1451,386.0777,0.00462666,0.00473624,0.00023726,7.1750,6.4906,0.0426,4.2045,0.0806,708.8314,98.7913,8.8300,6.6350,4.0407,4.4018,8.4329,14.3073,20.7715,40.8781,4.2012,0.0,4.718859,9.286678,1.630025,30,242,81,2,0.30276321,0.00593162,-0.00694385,0E-8,0.000000,0.904604,0.002289,0.01846642,2026-03-22,2026-08-06,115,6001,2406,138,0.833333,1.330819,1.230659,1.009211,,,,,,,,GLOBAL_BASELINE_NO_ENTITY_RANKING,,,NOT_APPLICABLE_GLOBAL_BASELINE,HF9g-P5,,,,X 全窗基线 · 不参与实体赏罚,8399738,840,A168_HF9F_20260827_0900,2026-08-27 09:00:00
2026-04-15,36810153,-1,1,57.7656905530,-8.0113001497,-8.0113001497,0.5000000,9,9,0.49771390000000000,0.497713900000,0.012932269675102798,0.0129322696751028,0.012932269675102798,0E-17,SENTINEL_DEALER,R03b_20260811_FULL_v1,L1_ELIGIBILITY,v2026-08-11,2026-03-21..2026-08-06,baccarat_bet02_101_all_pairs_incl_sentinel,round_win = game_pnl > 0 (decisive only),COMPATIBILITY_ONLY_NOT_PRODUCTION,81515.6139,73739.3596,483.5193,11361,11361,-0.00593162,0.00694385,-0.01152257,-0.00593162,-483.5193,81515.6139,OK,0.0000,19.3408,4.0000,96.0000,AG03-UNRESOLVED,ALL5_LEVELS_bet23_to_bet27,19.3408,19.3408,19.3408,24.1760,24.1760,4.000000,4.000000,4.000000,5.000000,5.000000,96.000000,96.000000,96.000000,95.000000,95.000000,5.0,106.3742,97.4416,377.1451,386.0777,PENDING_AG03,FALSE,NOT_FOR_ENFORCEMENT,464.1785,70789.7852,483.5193,464.1785,19.3408,0.00593162,0.00569435,19.3408,464.1785,0.00569435,19.3408,19.3408,19.3408,24.1760,24.1760,464.1785,0.00569435,106.3742,97.4416,377.1451,386.0777,0.00462666,0.00473624,0.00023726,7.1750,6.4906,0.0426,4.2045,0.0806,708.8314,98.7913,8.8300,6.6350,4.0407,4.4018,8.4329,14.3073,20.7715,40.8781,4.2012,0.0,4.718859,9.286678,1.630025,30,242,81,2,0.30276321,0.00593162,-0.00694385,0E-8,0.000000,0.904604,0.002289,0.01846642,2026-03-22,2026-08-06,115,6001,2406,138,0.833333,1.330819,1.230659,1.009211,,,,,,,,GLOBAL_BASELINE_NO_ENTITY_RANKING,,,NOT_APPLICABLE_GLOBAL_BASELINE,HF9g-P5,,,,X 全窗基线 · 不参与实体赏罚,8399739,840,A168_HF9F_20260827_0900,2026-08-27 09:00:00
2026-04-15,36810153,1306,0,8.4329475260,-8.4329475260,-8.4329475260,0E-7,1,1,0.49324550000000000,0.493245500000,-0.9865810262130424,-0.9865810262130424,-0.9865810262130424,0E-17,ELIGIBLE,R03b_20260811_FULL_v1,L1_ELIGIBILITY,v2026-08-11,2026-03-21..2026-08-06,baccarat_bet02_101_all_pairs_incl_sentinel,round_win = game_pnl > 0 (decisive only),COMPATIBILITY_ONLY_NOT_PRODUCTION,81515.6139,73739.3596,483.5193,11361,11361,-0.00593162,0.00694385,-0.01152257,-0.00593162,-483.5193,81515.6139,OK,0.0000,19.3408,4.0000,96.0000,AG03-UNRESOLVED,ALL5_LEVELS_bet23_to_bet27,19.3408,19.3408,19.3408,24.1760,24.1760,4.000000,4.000000,4.000000,5.000000,5.000000,96.000000,96.000000,96.000000,95.000000,95.000000,5.0,106.3742,97.4416,377.1451,386.0777,PENDING_AG03,FALSE,NOT_FOR_ENFORCEMENT,464.1785,70789.7852,483.5193,464.1785,19.3408,0.00593162,0.00569435,19.3408,464.1785,0.00569435,19.3408,19.3408,19.3408,24.1760,24.1760,464.1785,0.00569435,106.3742,97.4416,377.1451,386.0777,0.00462666,0.00473624,0.00023726,7.1750,6.4906,0.0426,4.2045,0.0806,708.8314,98.7913,8.8300,6.6350,4.0407,4.4018,8.4329,14.3073,20.7715,40.8781,4.2012,0.0,4.718859,9.286678,1.630025,30,242,81,2,0.30276321,0.00593162,-0.00694385,0E-8,0.000000,0.904604,0.002289,0.01846642,2026-03-22,2026-08-06,115,6001,2406,138,0.833333,1.330819,1.230659,1.009211,,,,,,,,GLOBAL_BASELINE_NO_ENTITY_RANKING,,,NOT_APPLICABLE_GLOBAL_BASELINE,HF9g-P5,,,,X 全窗基线 · 不参与实体赏罚,8399740,840,A168_HF9F_20260827_0900,2026-08-27 09:00:00
2026-04-15,36810153,1363,0,37.9482638670,3.1623553222,3.1623553222,0.3333333,3,3,0.50665070000000000,0.506650700000,-0.6004420894325239,-0.6004420894325239,-0.6004420894325239,0E-17,ELIGIBLE,R03b_20260811_FULL_v1,L1_ELIGIBILITY,v2026-08-11,2026-03-21..2026-08-06,baccarat_bet02_101_all_pairs_incl_sentinel,round_win = game_pnl > 0 (decisive only),COMPATIBILITY_ONLY_NOT_PRODUCTION,81515.6139,73739.3596,483.5193,11361,11361,-0.00593162,0.00694385,-0.01152257,-0.00593162,-483.5193,81515.6139,OK,0.0000,19.3408,4.0000,96.0000,AG03-UNRESOLVED,ALL5_LEVELS_bet23_to_bet27,19.3408,19.3408,19.3408,24.1760,24.1760,4.000000,4.000000,4.000000,5.000000,5.000000,96.000000,96.000000,96.000000,95.000000,95.000000,5.0,106.3742,97.4416,377.1451,386.0777,PENDING_AG03,FALSE,NOT_FOR_ENFORCEMENT,464.1785,70789.7852,483.5193,464.1785,19.3408,0.00593162,0.00569435,19.3408,464.1785,0.00569435,19.3408,19.3408,19.3408,24.1760,24.1760,464.1785,0.00569435,106.3742,97.4416,377.1451,386.0777,0.00462666,0.00473624,0.00023726,7.1750,6.4906,0.0426,4.2045,0.0806,708.8314,98.7913,8.8300,6.6350,4.0407,4.4018,8.4329,14.3073,20.7715,40.8781,4.2012,0.0,4.718859,9.286678,1.630025,30,242,81,2,0.30276321,0.00593162,-0.00694385,0E-8,0.000000,0.904604,0.002289,0.01846642,2026-03-22,2026-08-06,115,6001,2406,138,0.833333,1.330819,1.230659,1.009211,,,,,,,,GLOBAL_BASELINE_NO_ENTITY_RANKING,,,NOT_APPLICABLE_GLOBAL_BASELINE,HF9g-P5,,,,X 全窗基线 · 不参与实体赏罚,8399741,840,A168_HF9F_20260827_0900,2026-08-27 09:00:00
2026-04-15,36810153,1385,0,27.4070794595,14.5468344823,14.5468344823,0.7500000,4,4,0.49659680000000000,0.496596800000,1.0136362796769356,1.0136362796769358,1.0136362796769356,0E-17,ELIGIBLE,R03b_20260811_FULL_v1,L1_ELIGIBILITY,v2026-08-11,2026-03-21..2026-08-06,baccarat_bet02_101_all_pairs_incl_sentinel,round_win = game_pnl > 0 (decisive only),COMPATIBILITY_ONLY_NOT_PRODUCTION,81515.6139,73739.3596,483.5193,11361,11361,-0.00593162,0.00694385,-0.01152257,-0.00593162,-483.5193,81515.6139,OK,0.0000,19.3408,4.0000,96.0000,AG03-UNRESOLVED,ALL5_LEVELS_bet23_to_bet27,19.3408,19.3408,19.3408,24.1760,24.1760,4.000000,4.000000,4.000000,5.000000,5.000000,96.000000,96.000000,96.000000,95.000000,95.000000,5.0,106.3742,97.4416,377.1451,386.0777,PENDING_AG03,FALSE,NOT_FOR_ENFORCEMENT,464.1785,70789.7852,483.5193,464.1785,19.3408,0.00593162,0.00569435,19.3408,464.1785,0.00569435,19.3408,19.3408,19.3408,24.1760,24.1760,464.1785,0.00569435,106.3742,97.4416,377.1451,386.0777,0.00462666,0.00473624,0.00023726,7.1750,6.4906,0.0426,4.2045,0.0806,708.8314,98.7913,8.8300,6.6350,4.0407,4.4018,8.4329,14.3073,20.7715,40.8781,4.2012,0.0,4.718859,9.286678,1.630025,30,242,81,2,0.30276321,0.00593162,-0.00694385,0E-8,0.000000,0.904604,0.002289,0.01846642,2026-03-22,2026-08-06,115,6001,2406,138,0.833333,1.330819,1.230659,1.009211,,,,,,,,GLOBAL_BASELINE_NO_ENTITY_RANKING,,,NOT_APPLICABLE_GLOBAL_BASELINE,HF9g-P5,,,,X 全窗基线 · 不参与实体赏罚,8399742,840,A168_HF9F_20260827_0900,2026-08-27 09:00:00
2026-04-15,36810153,1399,0,4.2164737630,4.2164737630,4.2164737630,1.0000000,1,1,0.49324550000000000,0.493245500000,1.01360149184955,1.01360149184955,1.01360149184955,0E-17,ELIGIBLE,R03b_20260811_FULL_v1,L1_ELIGIBILITY,v2026-08-11,2026-03-21..2026-08-06,baccarat_bet02_101_all_pairs_incl_sentinel,round_win = game_pnl > 0 (decisive only),COMPATIBILITY_ONLY_NOT_PRODUCTION,81515.6139,73739.3596,483.5193,11361,11361,-0.00593162,0.00694385,-0.01152257,-0.00593162,-483.5193,81515.6139,OK,0.0000,19.3408,4.0000,96.0000,AG03-UNRESOLVED,ALL5_LEVELS_bet23_to_bet27,19.3408,19.3408,19.3408,24.1760,24.1760,4.000000,4.000000,4.000000,5.000000,5.000000,96.000000,96.000000,96.000000,95.000000,95.000000,5.0,106.3742,97.4416,377.1451,386.0777,PENDING_AG03,FALSE,NOT_FOR_ENFORCEMENT,464.1785,70789.7852,483.5193,464.1785,19.3408,0.00593162,0.00569435,19.3408,464.1785,0.00569435,19.3408,19.3408,19.3408,24.1760,24.1760,464.1785,0.00569435,106.3742,97.4416,377.1451,386.0777,0.00462666,0.00473624,0.00023726,7.1750,6.4906,0.0426,4.2045,0.0806,708.8314,98.7913,8.8300,6.6350,4.0407,4.4018,8.4329,14.3073,20.7715,40.8781,4.2012,0.0,4.718859,9.286678,1.630025,30,242,81,2,0.30276321,0.00593162,-0.00694385,0E-8,0.000000,0.904604,0.002289,0.01846642,2026-03-22,2026-08-06,115,6001,2406,138,0.833333,1.330819,1.230659,1.009211,,,,,,,,GLOBAL_BASELINE_NO_ENTITY_RANKING,,,NOT_APPLICABLE_GLOBAL_BASELINE,HF9g-P5,,,,X 全窗基线 · 不参与实体赏罚,8399743,840,A168_HF9F_20260827_0900,2026-08-27 09:00:00
2026-04-15,36810153,1507,0,8.4329475260,8.4329475260,8.4329475260,1.0000000,1,1,0.49324550000000000,0.493245500000,1.01360149184955,1.01360149184955,1.01360149184955,0E-17,ELIGIBLE,R03b_20260811_FULL_v1,L1_ELIGIBILITY,v2026-08-11,2026-03-21..2026-08-06,baccarat_bet02_101_all_pairs_incl_sentinel,round_win = game_pnl > 0 (decisive only),COMPATIBILITY_ONLY_NOT_PRODUCTION,81515.6139,73739.3596,483.5193,11361,11361,-0.00593162,0.00694385,-0.01152257,-0.00593162,-483.5193,81515.6139,OK,0.0000,19.3408,4.0000,96.0000,AG03-UNRESOLVED,ALL5_LEVELS_bet23_to_bet27,19.3408,19.3408,19.3408,24.1760,24.1760,4.000000,4.000000,4.000000,5.000000,5.000000,96.000000,96.000000,96.000000,95.000000,95.000000,5.0,106.3742,97.4416,377.1451,386.0777,PENDING_AG03,FALSE,NOT_FOR_ENFORCEMENT,464.1785,70789.7852,483.5193,464.1785,19.3408,0.00593162,0.00569435,19.3408,464.1785,0.00569435,19.3408,19.3408,19.3408,24.1760,24.1760,464.1785,0.00569435,106.3742,97.4416,377.1451,386.0777,0.00462666,0.00473624,0.00023726,7.1750,6.4906,0.0426,4.2045,0.0806,708.8314,98.7913,8.8300,6.6350,4.0407,4.4018,8.4329,14.3073,20.7715,40.8781,4.2012,0.0,4.718859,9.286678,1.630025,30,242,81,2,0.30276321,0.00593162,-0.00694385,0E-8,0.000000,0.904604,0.002289,0.01846642,2026-03-22,2026-08-06,115,6001,2406,138,0.833333,1.330819,1.230659,1.009211,,,,,,,,GLOBAL_BASELINE_NO_ENTITY_RANKING,,,NOT_APPLICABLE_GLOBAL_BASELINE,HF9g-P5,,,,X 全窗基线 · 不参与实体赏罚,8399744,840,A168_HF9F_20260827_0900,2026-08-27 09:00:00
2026-04-15,36810153,1646,0,16.8658950520,8.4329475260,8.4329475260,0.5000000,2,2,0.49324550000000000,0.493245500000,0.01910635448239258,0.01910635448239258,0.01910635448239258,0E-17,ELIGIBLE,R03b_20260811_FULL_v1,L1_ELIGIBILITY,v2026-08-11,2026-03-21..2026-08-06,baccarat_bet02_101_all_pairs_incl_sentinel,round_win = game_pnl > 0 (decisive only),COMPATIBILITY_ONLY_NOT_PRODUCTION,81515.6139,73739.3596,483.5193,11361,11361,-0.00593162,0.00694385,-0.01152257,-0.00593162,-483.5193,81515.6139,OK,0.0000,19.3408,4.0000,96.0000,AG03-UNRESOLVED,ALL5_LEVELS_bet23_to_bet27,19.3408,19.3408,19.3408,24.1760,24.1760,4.000000,4.000000,4.000000,5.000000,5.000000,96.000000,96.000000,96.000000,95.000000,95.000000,5.0,106.3742,97.4416,377.1451,386.0777,PENDING_AG03,FALSE,NOT_FOR_ENFORCEMENT,464.1785,70789.7852,483.5193,464.1785,19.3408,0.00593162,0.00569435,19.3408,464.1785,0.00569435,19.3408,19.3408,19.3408,24.1760,24.1760,464.1785,0.00569435,106.3742,97.4416,377.1451,386.0777,0.00462666,0.00473624,0.00023726,7.1750,6.4906,0.0426,4.2045,0.0806,708.8314,98.7913,8.8300,6.6350,4.0407,4.4018,8.4329,14.3073,20.7715,40.8781,4.2012,0.0,4.718859,9.286678,1.630025,30,242,81,2,0.30276321,0.00593162,-0.00694385,0E-8,0.000000,0.904604,0.002289,0.01846642,2026-03-22,2026-08-06,115,6001,2406,138,0.833333,1.330819,1.230659,1.009211,,,,,,,,GLOBAL_BASELINE_NO_ENTITY_RANKING,,,NOT_APPLICABLE_GLOBAL_BASELINE,HF9g-P5,,,,X 全窗基线 · 不参与实体赏罚,8399745,840,A168_HF9F_20260827_0900,2026-08-27 09:00:00
2026-04-15,36810153,1702,0,5.2705922037,5.2705922037,5.2705922037,1.0000000,1,1,0.49324550000000000,0.493245500000,1.01360149184955,1.01360149184955,1.01360149184955,0E-17,ELIGIBLE,R03b_20260811_FULL_v1,L1_ELIGIBILITY,v2026-08-11,2026-03-21..2026-08-06,baccarat_bet02_101_all_pairs_incl_sentinel,round_win = game_pnl > 0 (decisive only),COMPATIBILITY_ONLY_NOT_PRODUCTION,81515.6139,73739.3596,483.5193,11361,11361,-0.00593162,0.00694385,-0.01152257,-0.00593162,-483.5193,81515.6139,OK,0.0000,19.3408,4.0000,96.0000,AG03-UNRESOLVED,ALL5_LEVELS_bet23_to_bet27,19.3408,19.3408,19.3408,24.1760,24.1760,4.000000,4.000000,4.000000,5.000000,5.000000,96.000000,96.000000,96.000000,95.000000,95.000000,5.0,106.3742,97.4416,377.1451,386.0777,PENDING_AG03,FALSE,NOT_FOR_ENFORCEMENT,464.1785,70789.7852,483.5193,464.1785,19.3408,0.00593162,0.00569435,19.3408,464.1785,0.00569435,19.3408,19.3408,19.3408,24.1760,24.1760,464.1785,0.00569435,106.3742,97.4416,377.1451,386.0777,0.00462666,0.00473624,0.00023726,7.1750,6.4906,0.0426,4.2045,0.0806,708.8314,98.7913,8.8300,6.6350,4.0407,4.4018,8.4329,14.3073,20.7715,40.8781,4.2012,0.0,4.718859,9.286678,1.630025,30,242,81,2,0.30276321,0.00593162,-0.00694385,0E-8,0.000000,0.904604,0.002289,0.01846642,2026-03-22,2026-08-06,115,6001,2406,138,0.833333,1.330819,1.230659,1.009211,,,,,,,,GLOBAL_BASELINE_NO_ENTITY_RANKING,,,NOT_APPLICABLE_GLOBAL_BASELINE,HF9g-P5,,,,X 全窗基线 · 不参与实体赏罚,8399746,840,A168_HF9F_20260827_0900,2026-08-27 09:00:00
2026-04-15,36810153,1710,0,20.6607214386,-5.2705922038,-5.2705922038,0.5000000,4,4,0.49659680000000000,0.496596800000,0.013613115331600182,0.013613115331600183,0.013613115331600182,0E-17,ELIGIBLE,R03b_20260811_FULL_v1,L1_ELIGIBILITY,v2026-08-11,2026-03-21..2026-08-06,baccarat_bet02_101_all_pairs_incl_sentinel,round_win = game_pnl > 0 (decisive only),COMPATIBILITY_ONLY_NOT_PRODUCTION,81515.6139,73739.3596,483.5193,11361,11361,-0.00593162,0.00694385,-0.01152257,-0.00593162,-483.5193,81515.6139,OK,0.0000,19.3408,4.0000,96.0000,AG03-UNRESOLVED,ALL5_LEVELS_bet23_to_bet27,19.3408,19.3408,19.3408,24.1760,24.1760,4.000000,4.000000,4.000000,5.000000,5.000000,96.000000,96.000000,96.000000,95.000000,95.000000,5.0,106.3742,97.4416,377.1451,386.0777,PENDING_AG03,FALSE,NOT_FOR_ENFORCEMENT,464.1785,70789.7852,483.5193,464.1785,19.3408,0.00593162,0.00569435,19.3408,464.1785,0.00569435,19.3408,19.3408,19.3408,24.1760,24.1760,464.1785,0.00569435,106.3742,97.4416,377.1451,386.0777,0.00462666,0.00473624,0.00023726,7.1750,6.4906,0.0426,4.2045,0.0806,708.8314,98.7913,8.8300,6.6350,4.0407,4.4018,8.4329,14.3073,20.7715,40.8781,4.2012,0.0,4.718859,9.286678,1.630025,30,242,81,2,0.30276321,0.00593162,-0.00694385,0E-8,0.000000,0.904604,0.002289,0.01846642,2026-03-22,2026-08-06,115,6001,2406,138,0.833333,1.330819,1.230659,1.009211,,,,,,,,GLOBAL_BASELINE_NO_ENTITY_RANKING,,,NOT_APPLICABLE_GLOBAL_BASELINE,HF9g-P5,,,,X 全窗基线 · 不参与实体赏罚,8399747,840,A168_HF9F_20260827_0900,2026-08-27 09:00:00
2026-04-15,36810153,1935,0,49.1219193389,17.0767187401,17.0767187401,0.6000000,5,5,0.49592654000000000,0.495926540000,0.46544610904919037,0.46544610904919037,0.46544610904919037,0E-17,ELIGIBLE,R03b_20260811_FULL_v1,L1_ELIGIBILITY,v2026-08-11,2026-03-21..2026-08-06,baccarat_bet02_101_all_pairs_incl_sentinel,round_win = game_pnl > 0 (decisive only),COMPATIBILITY_ONLY_NOT_PRODUCTION,81515.6139,73739.3596,483.5193,11361,11361,-0.00593162,0.00694385,-0.01152257,-0.00593162,-483.5193,81515.6139,OK,0.0000,19.3408,4.0000,96.0000,AG03-UNRESOLVED,ALL5_LEVELS_bet23_to_bet27,19.3408,19.3408,19.3408,24.1760,24.1760,4.000000,4.000000,4.000000,5.000000,5.000000,96.000000,96.000000,96.000000,95.000000,95.000000,5.0,106.3742,97.4416,377.1451,386.0777,PENDING_AG03,FALSE,NOT_FOR_ENFORCEMENT,464.1785,70789.7852,483.5193,464.1785,19.3408,0.00593162,0.00569435,19.3408,464.1785,0.00569435,19.3408,19.3408,19.3408,24.1760,24.1760,464.1785,0.00569435,106.3742,97.4416,377.1451,386.0777,0.00462666,0.00473624,0.00023726,7.1750,6.4906,0.0426,4.2045,0.0806,708.8314,98.7913,8.8300,6.6350,4.0407,4.4018,8.4329,14.3073,20.7715,40.8781,4.2012,0.0,4.718859,9.286678,1.630025,30,242,81,2,0.30276321,0.00593162,-0.00694385,0E-8,0.000000,0.904604,0.002289,0.01846642,2026-03-22,2026-08-06,115,6001,2406,138,0.833333,1.330819,1.230659,1.009211,,,,,,,,GLOBAL_BASELINE_NO_ENTITY_RANKING,,,NOT_APPLICABLE_GLOBAL_BASELINE,HF9g-P5,,,,X 全窗基线 · 不参与实体赏罚,8399748,840,A168_HF9F_20260827_0900,2026-08-27 09:00:00
2026-04-15,36810153,1941,0,12.6494212890,4.2164737630,4.2164737630,0.5000000,2,2,0.49324550000000000,0.493245500000,0.01910635448239258,0.01910635448239258,0.01910635448239258,0E-17,ELIGIBLE,R03b_20260811_FULL_v1,L1_ELIGIBILITY,v2026-08-11,2026-03-21..2026-08-06,baccarat_bet02_101_all_pairs_incl_sentinel,round_win = game_pnl > 0 (decisive only),COMPATIBILITY_ONLY_NOT_PRODUCTION,81515.6139,73739.3596,483.5193,11361,11361,-0.00593162,0.00694385,-0.01152257,-0.00593162,-483.5193,81515.6139,OK,0.0000,19.3408,4.0000,96.0000,AG03-UNRESOLVED,ALL5_LEVELS_bet23_to_bet27,19.3408,19.3408,19.3408,24.1760,24.1760,4.000000,4.000000,4.000000,5.000000,5.000000,96.000000,96.000000,96.000000,95.000000,95.000000,5.0,106.3742,97.4416,377.1451,386.0777,PENDING_AG03,FALSE,NOT_FOR_ENFORCEMENT,464.1785,70789.7852,483.5193,464.1785,19.3408,0.00593162,0.00569435,19.3408,464.1785,0.00569435,19.3408,19.3408,19.3408,24.1760,24.1760,464.1785,0.00569435,106.3742,97.4416,377.1451,386.0777,0.00462666,0.00473624,0.00023726,7.1750,6.4906,0.0426,4.2045,0.0806,708.8314,98.7913,8.8300,6.6350,4.0407,4.4018,8.4329,14.3073,20.7715,40.8781,4.2012,0.0,4.718859,9.286678,1.630025,30,242,81,2,0.30276321,0.00593162,-0.00694385,0E-8,0.000000,0.904604,0.002289,0.01846642,2026-03-22,2026-08-06,115,6001,2406,138,0.833333,1.330819,1.230659,1.009211,,,,,,,,GLOBAL_BASELINE_NO_ENTITY_RANKING,,,NOT_APPLICABLE_GLOBAL_BASELINE,HF9g-P5,,,,X 全窗基线 · 不参与实体赏罚,8399749,840,A168_HF9F_20260827_0900,2026-08-27 09:00:00
2026-04-15,36810153,1947,0,37.9482638670,8.4329475260,8.4329475260,0.6666667,10,10,0.49592654000000000,0.495926540000,1.024474758939988,1.024474758939988,1.024474758939988,0E-17,ELIGIBLE,R03b_20260811_FULL_v1,L1_ELIGIBILITY,v2026-08-11,2026-03-21..2026-08-06,baccarat_bet02_101_all_pairs_incl_sentinel,round_win = game_pnl > 0 (decisive only),COMPATIBILITY_ONLY_NOT_PRODUCTION,81515.6139,73739.3596,483.5193,11361,11361,-0.00593162,0.00694385,-0.01152257,-0.00593162,-483.5193,81515.6139,OK,0.0000,19.3408,4.0000,96.0000,AG03-UNRESOLVED,ALL5_LEVELS_bet23_to_bet27,19.3408,19.3408,19.3408,24.1760,24.1760,4.000000,4.000000,4.000000,5.000000,5.000000,96.000000,96.000000,96.000000,95.000000,95.000000,5.0,106.3742,97.4416,377.1451,386.0777,PENDING_AG03,FALSE,NOT_FOR_ENFORCEMENT,464.1785,70789.7852,483.5193,464.1785,19.3408,0.00593162,0.00569435,19.3408,464.1785,0.00569435,19.3408,19.3408,19.3408,24.1760,24.1760,464.1785,0.00569435,106.3742,97.4416,377.1451,386.0777,0.00462666,0.00473624,0.00023726,7.1750,6.4906,0.0426,4.2045,0.0806,708.8314,98.7913,8.8300,6.6350,4.0407,4.4018,8.4329,14.3073,20.7715,40.8781,4.2012,0.0,4.718859,9.286678,1.630025,30,242,81,2,0.30276321,0.00593162,-0.00694385,0E-8,0.000000,0.904604,0.002289,0.01846642,2026-03-22,2026-08-06,115,6001,2406,138,0.833333,1.330819,1.230659,1.009211,,,,,,,,GLOBAL_BASELINE_NO_ENTITY_RANKING,,,NOT_APPLICABLE_GLOBAL_BASELINE,HF9g-P5,,,,X 全窗基线 · 不参与实体赏罚,8399750,840,A168_HF9F_20260827_0900,2026-08-27 09:00:00
2026-04-15,36810153,1966,0,43.0080323825,-43.0080323825,-43.0080323825,0E-7,1,1,0.50665070000000000,0.506650700000,-1.013391052207602,-1.013391052207602,-1.013391052207602,0E-17,ELIGIBLE,R03b_20260811_FULL_v1,L1_ELIGIBILITY,v2026-08-11,2026-03-21..2026-08-06,baccarat_bet02_101_all_pairs_incl_sentinel,round_win = game_pnl > 0 (decisive only),COMPATIBILITY_ONLY_NOT_PRODUCTION,81515.6139,73739.3596,483.5193,11361,11361,-0.00593162,0.00694385,-0.01152257,-0.00593162,-483.5193,81515.6139,OK,0.0000,19.3408,4.0000,96.0000,AG03-UNRESOLVED,ALL5_LEVELS_bet23_to_bet27,19.3408,19.3408,19.3408,24.1760,24.1760,4.000000,4.000000,4.000000,5.000000,5.000000,96.000000,96.000000,96.000000,95.000000,95.000000,5.0,106.3742,97.4416,377.1451,386.0777,PENDING_AG03,FALSE,NOT_FOR_ENFORCEMENT,464.1785,70789.7852,483.5193,464.1785,19.3408,0.00593162,0.00569435,19.3408,464.1785,0.00569435,19.3408,19.3408,19.3408,24.1760,24.1760,464.1785,0.00569435,106.3742,97.4416,377.1451,386.0777,0.00462666,0.00473624,0.00023726,7.1750,6.4906,0.0426,4.2045,0.0806,708.8314,98.7913,8.8300,6.6350,4.0407,4.4018,8.4329,14.3073,20.7715,40.8781,4.2012,0.0,4.718859,9.286678,1.630025,30,242,81,2,0.30276321,0.00593162,-0.00694385,0E-8,0.000000,0.904604,0.002289,0.01846642,2026-03-22,2026-08-06,115,6001,2406,138,0.833333,1.330819,1.230659,1.009211,,,,,,,,GLOBAL_BASELINE_NO_ENTITY_RANKING,,,NOT_APPLICABLE_GLOBAL_BASELINE,HF9g-P5,,,,X 全窗基线 · 不参与实体赏罚,8399751,840,A168_HF9F_20260827_0900,2026-08-27 09:00:00
2026-04-15,36810153,2065,0,8.4329475260,-0.2108236882,-0.2108236882,0.5000000,2,2,0.49994810000000000,0.499948100000,0.00014679536856514622,0.00014679536856514622,0.00014679536856514622,0E-17,ELIGIBLE,R03b_20260811_FULL_v1,L1_ELIGIBILITY,v2026-08-11,2026-03-21..2026-08-06,baccarat_bet02_101_all_pairs_incl_sentinel,round_win = game_pnl > 0 (decisive only),COMPATIBILITY_ONLY_NOT_PRODUCTION,81515.6139,73739.3596,483.5193,11361,11361,-0.00593162,0.00694385,-0.01152257,-0.00593162,-483.5193,81515.6139,OK,0.0000,19.3408,4.0000,96.0000,AG03-UNRESOLVED,ALL5_LEVELS_bet23_to_bet27,19.3408,19.3408,19.3408,24.1760,24.1760,4.000000,4.000000,4.000000,5.000000,5.000000,96.000000,96.000000,96.000000,95.000000,95.000000,5.0,106.3742,97.4416,377.1451,386.0777,PENDING_AG03,FALSE,NOT_FOR_ENFORCEMENT,464.1785,70789.7852,483.5193,464.1785,19.3408,0.00593162,0.00569435,19.3408,464.1785,0.00569435,19.3408,19.3408,19.3408,24.1760,24.1760,464.1785,0.00569435,106.3742,97.4416,377.1451,386.0777,0.00462666,0.00473624,0.00023726,7.1750,6.4906,0.0426,4.2045,0.0806,708.8314,98.7913,8.8300,6.6350,4.0407,4.4018,8.4329,14.3073,20.7715,40.8781,4.2012,0.0,4.718859,9.286678,1.630025,30,242,81,2,0.30276321,0.00593162,-0.00694385,0E-8,0.000000,0.904604,0.002289,0.01846642,2026-03-22,2026-08-06,115,6001,2406,138,0.833333,1.330819,1.230659,1.009211,,,,,,,,GLOBAL_BASELINE_NO_ENTITY_RANKING,,,NOT_APPLICABLE_GLOBAL_BASELINE,HF9g-P5,,,,X 全窗基线 · 不参与实体赏罚,8399752,840,A168_HF9F_20260827_0900,2026-08-27 09:00:00
2026-04-15,36810153,2105,0,8.4329475260,0E-10,0E-10,,1,1,0.50665070000000000,0.506650700000,,,,0E-17,NO_DECISIVE_ROUND,R03b_20260811_FULL_v1,L1_ELIGIBILITY,v2026-08-11,2026-03-21..2026-08-06,baccarat_bet02_101_all_pairs_incl_sentinel,round_win = game_pnl > 0 (decisive only),COMPATIBILITY_ONLY_NOT_PRODUCTION,81515.6139,73739.3596,483.5193,11361,11361,-0.00593162,0.00694385,-0.01152257,-0.00593162,-483.5193,81515.6139,OK,0.0000,19.3408,4.0000,96.0000,AG03-UNRESOLVED,ALL5_LEVELS_bet23_to_bet27,19.3408,19.3408,19.3408,24.1760,24.1760,4.000000,4.000000,4.000000,5.000000,5.000000,96.000000,96.000000,96.000000,95.000000,95.000000,5.0,106.3742,97.4416,377.1451,386.0777,PENDING_AG03,FALSE,NOT_FOR_ENFORCEMENT,464.1785,70789.7852,483.5193,464.1785,19.3408,0.00593162,0.00569435,19.3408,464.1785,0.00569435,19.3408,19.3408,19.3408,24.1760,24.1760,464.1785,0.00569435,106.3742,97.4416,377.1451,386.0777,0.00462666,0.00473624,0.00023726,7.1750,6.4906,0.0426,4.2045,0.0806,708.8314,98.7913,8.8300,6.6350,4.0407,4.4018,8.4329,14.3073,20.7715,40.8781,4.2012,0.0,4.718859,9.286678,1.630025,30,242,81,2,0.30276321,0.00593162,-0.00694385,0E-8,0.000000,0.904604,0.002289,0.01846642,2026-03-22,2026-08-06,115,6001,2406,138,0.833333,1.330819,1.230659,1.009211,,,,,,,,GLOBAL_BASELINE_NO_ENTITY_RANKING,,,NOT_APPLICABLE_GLOBAL_BASELINE,HF9g-P5,,,,X 全窗基线 · 不参与实体赏罚,8399753,840,A168_HF9F_20260827_0900,2026-08-27 09:00:00
2026-04-15,36810153,2130,0,10.1195370312,-5.9030632682,-5.9030632682,0E-7,3,3,0.49324550000000000,0.493245500000,-1.3952362676504506,-1.3952362676504506,-1.3952362676504506,0E-17,ELIGIBLE,R03b_20260811_FULL_v1,L1_ELIGIBILITY,v2026-08-11,2026-03-21..2026-08-06,baccarat_bet02_101_all_pairs_incl_sentinel,round_win = game_pnl > 0 (decisive only),COMPATIBILITY_ONLY_NOT_PRODUCTION,81515.6139,73739.3596,483.5193,11361,11361,-0.00593162,0.00694385,-0.01152257,-0.00593162,-483.5193,81515.6139,OK,0.0000,19.3408,4.0000,96.0000,AG03-UNRESOLVED,ALL5_LEVELS_bet23_to_bet27,19.3408,19.3408,19.3408,24.1760,24.1760,4.000000,4.000000,4.000000,5.000000,5.000000,96.000000,96.000000,96.000000,95.000000,95.000000,5.0,106.3742,97.4416,377.1451,386.0777,PENDING_AG03,FALSE,NOT_FOR_ENFORCEMENT,464.1785,70789.7852,483.5193,464.1785,19.3408,0.00593162,0.00569435,19.3408,464.1785,0.00569435,19.3408,19.3408,19.3408,24.1760,24.1760,464.1785,0.00569435,106.3742,97.4416,377.1451,386.0777,0.00462666,0.00473624,0.00023726,7.1750,6.4906,0.0426,4.2045,0.0806,708.8314,98.7913,8.8300,6.6350,4.0407,4.4018,8.4329,14.3073,20.7715,40.8781,4.2012,0.0,4.718859,9.286678,1.630025,30,242,81,2,0.30276321,0.00593162,-0.00694385,0E-8,0.000000,0.904604,0.002289,0.01846642,2026-03-22,2026-08-06,115,6001,2406,138,0.833333,1.330819,1.230659,1.009211,,,,,,,,GLOBAL_BASELINE_NO_ENTITY_RANKING,,,NOT_APPLICABLE_GLOBAL_BASELINE,HF9g-P5,,,,X 全窗基线 · 不参与实体赏罚,8399754,840,A168_HF9F_20260827_0900,2026-08-27 09:00:00
2026-04-15,36810153,2134,0,31.6235532225,1.8974131933,1.8974131933,0.6666667,4,4,0.49994810000000000,0.499948100000,0.5775300591747329,0.5775300591747329,0.5775300591747329,0E-17,ELIGIBLE,R03b_20260811_FULL_v1,L1_ELIGIBILITY,v2026-08-11,2026-03-21..2026-08-06,baccarat_bet02_101_all_pairs_incl_sentinel,round_win = game_pnl > 0 (decisive only),COMPATIBILITY_ONLY_NOT_PRODUCTION,81515.6139,73739.3596,483.5193,11361,11361,-0.00593162,0.00694385,-0.01152257,-0.00593162,-483.5193,81515.6139,OK,0.0000,19.3408,4.0000,96.0000,AG03-UNRESOLVED,ALL5_LEVELS_bet23_to_bet27,19.3408,19.3408,19.3408,24.1760,24.1760,4.000000,4.000000,4.000000,5.000000,5.000000,96.000000,96.000000,96.000000,95.000000,95.000000,5.0,106.3742,97.4416,377.1451,386.0777,PENDING_AG03,FALSE,NOT_FOR_ENFORCEMENT,464.1785,70789.7852,483.5193,464.1785,19.3408,0.00593162,0.00569435,19.3408,464.1785,0.00569435,19.3408,19.3408,19.3408,24.1760,24.1760,464.1785,0.00569435,106.3742,97.4416,377.1451,386.0777,0.00462666,0.00473624,0.00023726,7.1750,6.4906,0.0426,4.2045,0.0806,708.8314,98.7913,8.8300,6.6350,4.0407,4.4018,8.4329,14.3073,20.7715,40.8781,4.2012,0.0,4.718859,9.286678,1.630025,30,242,81,2,0.30276321,0.00593162,-0.00694385,0E-8,0.000000,0.904604,0.002289,0.01846642,2026-03-22,2026-08-06,115,6001,2406,138,0.833333,1.330819,1.230659,1.009211,,,,,,,,GLOBAL_BASELINE_NO_ENTITY_RANKING,,,NOT_APPLICABLE_GLOBAL_BASELINE,HF9g-P5,,,,X 全窗基线 · 不参与实体赏罚,8399755,840,A168_HF9F_20260827_0900,2026-08-27 09:00:00
2026-04-15,36810153,2141,0,66.8311091434,-15.6009529231,-15.6009529231,0.5000000,10,10,0.49860758000000000,0.498607580000,0.007876747537540706,0.007876747537540706,0.007876747537540706,0E-17,ELIGIBLE,R03b_20260811_FULL_v1,L1_ELIGIBILITY,v2026-08-11,2026-03-21..2026-08-06,baccarat_bet02_101_all_pairs_incl_sentinel,round_win = game_pnl > 0 (decisive only),COMPATIBILITY_ONLY_NOT_PRODUCTION,81515.6139,73739.3596,483.5193,11361,11361,-0.00593162,0.00694385,-0.01152257,-0.00593162,-483.5193,81515.6139,OK,0.0000,19.3408,4.0000,96.0000,AG03-UNRESOLVED,ALL5_LEVELS_bet23_to_bet27,19.3408,19.3408,19.3408,24.1760,24.1760,4.000000,4.000000,4.000000,5.000000,5.000000,96.000000,96.000000,96.000000,95.000000,95.000000,5.0,106.3742,97.4416,377.1451,386.0777,PENDING_AG03,FALSE,NOT_FOR_ENFORCEMENT,464.1785,70789.7852,483.5193,464.1785,19.3408,0.00593162,0.00569435,19.3408,464.1785,0.00569435,19.3408,19.3408,19.3408,24.1760,24.1760,464.1785,0.00569435,106.3742,97.4416,377.1451,386.0777,0.00462666,0.00473624,0.00023726,7.1750,6.4906,0.0426,4.2045,0.0806,708.8314,98.7913,8.8300,6.6350,4.0407,4.4018,8.4329,14.3073,20.7715,40.8781,4.2012,0.0,4.718859,9.286678,1.630025,30,242,81,2,0.30276321,0.00593162,-0.00694385,0E-8,0.000000,0.904604,0.002289,0.01846642,2026-03-22,2026-08-06,115,6001,2406,138,0.833333,1.330819,1.230659,1.009211,,,,,,,,GLOBAL_BASELINE_NO_ENTITY_RANKING,,,NOT_APPLICABLE_GLOBAL_BASELINE,HF9g-P5,,,,X 全窗基线 · 不参与实体赏罚,8399756,840,A168_HF9F_20260827_0900,2026-08-27 09:00:00
2026-04-15,36810153,2167,0,4.2164737630,-4.2164737630,-4.2164737630,0E-7,1,1,0.49324550000000000,0.493245500000,-0.9865810262130424,-0.9865810262130424,-0.9865810262130424,0E-17,ELIGIBLE,R03b_20260811_FULL_v1,L1_ELIGIBILITY,v2026-08-11,2026-03-21..2026-08-06,baccarat_bet02_101_all_pairs_incl_sentinel,round_win = game_pnl > 0 (decisive only),COMPATIBILITY_ONLY_NOT_PRODUCTION,81515.6139,73739.3596,483.5193,11361,11361,-0.00593162,0.00694385,-0.01152257,-0.00593162,-483.5193,81515.6139,OK,0.0000,19.3408,4.0000,96.0000,AG03-UNRESOLVED,ALL5_LEVELS_bet23_to_bet27,19.3408,19.3408,19.3408,24.1760,24.1760,4.000000,4.000000,4.000000,5.000000,5.000000,96.000000,96.000000,96.000000,95.000000,95.000000,5.0,106.3742,97.4416,377.1451,386.0777,PENDING_AG03,FALSE,NOT_FOR_ENFORCEMENT,464.1785,70789.7852,483.5193,464.1785,19.3408,0.00593162,0.00569435,19.3408,464.1785,0.00569435,19.3408,19.3408,19.3408,24.1760,24.1760,464.1785,0.00569435,106.3742,97.4416,377.1451,386.0777,0.00462666,0.00473624,0.00023726,7.1750,6.4906,0.0426,4.2045,0.0806,708.8314,98.7913,8.8300,6.6350,4.0407,4.4018,8.4329,14.3073,20.7715,40.8781,4.2012,0.0,4.718859,9.286678,1.630025,30,242,81,2,0.30276321,0.00593162,-0.00694385,0E-8,0.000000,0.904604,0.002289,0.01846642,2026-03-22,2026-08-06,115,6001,2406,138,0.833333,1.330819,1.230659,1.009211,,,,,,,,GLOBAL_BASELINE_NO_ENTITY_RANKING,,,NOT_APPLICABLE_GLOBAL_BASELINE,HF9g-P5,,,,X 全窗基线 · 不参与实体赏罚,8399757,840,A168_HF9F_20260827_0900,2026-08-27 09:00:00
2026-04-15,36810153,2171,0,2.9515316341,-2.9515316341,-2.9515316341,0E-7,1,1,0.49324550000000000,0.493245500000,-0.9865810262130424,-0.9865810262130424,-0.9865810262130424,0E-17,ELIGIBLE,R03b_20260811_FULL_v1,L1_ELIGIBILITY,v2026-08-11,2026-03-21..2026-08-06,baccarat_bet02_101_all_pairs_incl_sentinel,round_win = game_pnl > 0 (decisive only),COMPATIBILITY_ONLY_NOT_PRODUCTION,81515.6139,73739.3596,483.5193,11361,11361,-0.00593162,0.00694385,-0.01152257,-0.00593162,-483.5193,81515.6139,OK,0.0000,19.3408,4.0000,96.0000,AG03-UNRESOLVED,ALL5_LEVELS_bet23_to_bet27,19.3408,19.3408,19.3408,24.1760,24.1760,4.000000,4.000000,4.000000,5.000000,5.000000,96.000000,96.000000,96.000000,95.000000,95.000000,5.0,106.3742,97.4416,377.1451,386.0777,PENDING_AG03,FALSE,NOT_FOR_ENFORCEMENT,464.1785,70789.7852,483.5193,464.1785,19.3408,0.00593162,0.00569435,19.3408,464.1785,0.00569435,19.3408,19.3408,19.3408,24.1760,24.1760,464.1785,0.00569435,106.3742,97.4416,377.1451,386.0777,0.00462666,0.00473624,0.00023726,7.1750,6.4906,0.0426,4.2045,0.0806,708.8314,98.7913,8.8300,6.6350,4.0407,4.4018,8.4329,14.3073,20.7715,40.8781,4.2012,0.0,4.718859,9.286678,1.630025,30,242,81,2,0.30276321,0.00593162,-0.00694385,0E-8,0.000000,0.904604,0.002289,0.01846642,2026-03-22,2026-08-06,115,6001,2406,138,0.833333,1.330819,1.230659,1.009211,,,,,,,,GLOBAL_BASELINE_NO_ENTITY_RANKING,,,NOT_APPLICABLE_GLOBAL_BASELINE,HF9g-P5,,,,X 全窗基线 · 不参与实体赏罚,8399758,840,A168_HF9F_20260827_0900,2026-08-27 09:00:00
2026-04-15,36810153,2222,0,13.7035397297,-3.1623553223,-3.1623553223,0.3333333,3,3,0.49771390000000000,0.497713900000,-0.5694369385616226,-0.5694369385616226,-0.5694369385616226,0E-17,ELIGIBLE,R03b_20260811_FULL_v1,L1_ELIGIBILITY,v2026-08-11,2026-03-21..2026-08-06,baccarat_bet02_101_all_pairs_incl_sentinel,round_win = game_pnl > 0 (decisive only),COMPATIBILITY_ONLY_NOT_PRODUCTION,81515.6139,73739.3596,483.5193,11361,11361,-0.00593162,0.00694385,-0.01152257,-0.00593162,-483.5193,81515.6139,OK,0.0000,19.3408,4.0000,96.0000,AG03-UNRESOLVED,ALL5_LEVELS_bet23_to_bet27,19.3408,19.3408,19.3408,24.1760,24.1760,4.000000,4.000000,4.000000,5.000000,5.000000,96.000000,96.000000,96.000000,95.000000,95.000000,5.0,106.3742,97.4416,377.1451,386.0777,PENDING_AG03,FALSE,NOT_FOR_ENFORCEMENT,464.1785,70789.7852,483.5193,464.1785,19.3408,0.00593162,0.00569435,19.3408,464.1785,0.00569435,19.3408,19.3408,19.3408,24.1760,24.1760,464.1785,0.00569435,106.3742,97.4416,377.1451,386.0777,0.00462666,0.00473624,0.00023726,7.1750,6.4906,0.0426,4.2045,0.0806,708.8314,98.7913,8.8300,6.6350,4.0407,4.4018,8.4329,14.3073,20.7715,40.8781,4.2012,0.0,4.718859,9.286678,1.630025,30,242,81,2,0.30276321,0.00593162,-0.00694385,0E-8,0.000000,0.904604,0.002289,0.01846642,2026-03-22,2026-08-06,115,6001,2406,138,0.833333,1.330819,1.230659,1.009211,,,,,,,,GLOBAL_BASELINE_NO_ENTITY_RANKING,,,NOT_APPLICABLE_GLOBAL_BASELINE,HF9g-P5,,,,X 全窗基线 · 不参与实体赏罚,8399759,840,A168_HF9F_20260827_0900,2026-08-27 09:00:00
2026-04-15,36810153,2233,0,42.1647376300,-42.1647376300,-42.1647376300,0E-7,6,6,0.50218230000000000,0.502182300000,-2.4602042189430744,-2.4602042189430744,-2.4602042189430744,0E-17,ELIGIBLE,R03b_20260811_FULL_v1,L1_ELIGIBILITY,v2026-08-11,2026-03-21..2026-08-06,baccarat_bet02_101_all_pairs_incl_sentinel,round_win = game_pnl > 0 (decisive only),COMPATIBILITY_ONLY_NOT_PRODUCTION,81515.6139,73739.3596,483.5193,11361,11361,-0.00593162,0.00694385,-0.01152257,-0.00593162,-483.5193,81515.6139,OK,0.0000,19.3408,4.0000,96.0000,AG03-UNRESOLVED,ALL5_LEVELS_bet23_to_bet27,19.3408,19.3408,19.3408,24.1760,24.1760,4.000000,4.000000,4.000000,5.000000,5.000000,96.000000,96.000000,96.000000,95.000000,95.000000,5.0,106.3742,97.4416,377.1451,386.0777,PENDING_AG03,FALSE,NOT_FOR_ENFORCEMENT,464.1785,70789.7852,483.5193,464.1785,19.3408,0.00593162,0.00569435,19.3408,464.1785,0.00569435,19.3408,19.3408,19.3408,24.1760,24.1760,464.1785,0.00569435,106.3742,97.4416,377.1451,386.0777,0.00462666,0.00473624,0.00023726,7.1750,6.4906,0.0426,4.2045,0.0806,708.8314,98.7913,8.8300,6.6350,4.0407,4.4018,8.4329,14.3073,20.7715,40.8781,4.2012,0.0,4.718859,9.286678,1.630025,30,242,81,2,0.30276321,0.00593162,-0.00694385,0E-8,0.000000,0.904604,0.002289,0.01846642,2026-03-22,2026-08-06,115,6001,2406,138,0.833333,1.330819,1.230659,1.009211,,,,,,,,GLOBAL_BASELINE_NO_ENTITY_RANKING,,,NOT_APPLICABLE_GLOBAL_BASELINE,HF9g-P5,,,,X 全窗基线 · 不参与实体赏罚,8399760,840,A168_HF9F_20260827_0900,2026-08-27 09:00:00
2026-04-15,36810153,2248,0,14.7576581705,-10.5411844075,-10.5411844075,0.5000000,2,2,0.49994810000000000,0.499948100000,0.00014679536856514622,0.00014679536856514622,0.00014679536856514622,0E-17,ELIGIBLE,R03b_20260811_FULL_v1,L1_ELIGIBILITY,v2026-08-11,2026-03-21..2026-08-06,baccarat_bet02_101_all_pairs_incl_sentinel,round_win = game_pnl > 0 (decisive only),COMPATIBILITY_ONLY_NOT_PRODUCTION,81515.6139,73739.3596,483.5193,11361,11361,-0.00593162,0.00694385,-0.01152257,-0.00593162,-483.5193,81515.6139,OK,0.0000,19.3408,4.0000,96.0000,AG03-UNRESOLVED,ALL5_LEVELS_bet23_to_bet27,19.3408,19.3408,19.3408,24.1760,24.1760,4.000000,4.000000,4.000000,5.000000,5.000000,96.000000,96.000000,96.000000,95.000000,95.000000,5.0,106.3742,97.4416,377.1451,386.0777,PENDING_AG03,FALSE,NOT_FOR_ENFORCEMENT,464.1785,70789.7852,483.5193,464.1785,19.3408,0.00593162,0.00569435,19.3408,464.1785,0.00569435,19.3408,19.3408,19.3408,24.1760,24.1760,464.1785,0.00569435,106.3742,97.4416,377.1451,386.0777,0.00462666,0.00473624,0.00023726,7.1750,6.4906,0.0426,4.2045,0.0806,708.8314,98.7913,8.8300,6.6350,4.0407,4.4018,8.4329,14.3073,20.7715,40.8781,4.2012,0.0,4.718859,9.286678,1.630025,30,242,81,2,0.30276321,0.00593162,-0.00694385,0E-8,0.000000,0.904604,0.002289,0.01846642,2026-03-22,2026-08-06,115,6001,2406,138,0.833333,1.330819,1.230659,1.009211,,,,,,,,GLOBAL_BASELINE_NO_ENTITY_RANKING,,,NOT_APPLICABLE_GLOBAL_BASELINE,HF9g-P5,,,,X 全窗基线 · 不参与实体赏罚,8399761,840,A168_HF9F_20260827_0900,2026-08-27 09:00:00
2026-04-15,36810153,2251,0,21.2931925031,-4.8489448274,-4.8489448274,0.3333333,3,3,0.50218230000000000,0.502182300000,-0.5849155494134425,-0.5849155494134426,-0.5849155494134425,0E-17,ELIGIBLE,R03b_20260811_FULL_v1,L1_ELIGIBILITY,v2026-08-11,2026-03-21..2026-08-06,baccarat_bet02_101_all_pairs_incl_sentinel,round_win = game_pnl > 0 (decisive only),COMPATIBILITY_ONLY_NOT_PRODUCTION,81515.6139,73739.3596,483.5193,11361,11361,-0.00593162,0.00694385,-0.01152257,-0.00593162,-483.5193,81515.6139,OK,0.0000,19.3408,4.0000,96.0000,AG03-UNRESOLVED,ALL5_LEVELS_bet23_to_bet27,19.3408,19.3408,19.3408,24.1760,24.1760,4.000000,4.000000,4.000000,5.000000,5.000000,96.000000,96.000000,96.000000,95.000000,95.000000,5.0,106.3742,97.4416,377.1451,386.0777,PENDING_AG03,FALSE,NOT_FOR_ENFORCEMENT,464.1785,70789.7852,483.5193,464.1785,19.3408,0.00593162,0.00569435,19.3408,464.1785,0.00569435,19.3408,19.3408,19.3408,24.1760,24.1760,464.1785,0.00569435,106.3742,97.4416,377.1451,386.0777,0.00462666,0.00473624,0.00023726,7.1750,6.4906,0.0426,4.2045,0.0806,708.8314,98.7913,8.8300,6.6350,4.0407,4.4018,8.4329,14.3073,20.7715,40.8781,4.2012,0.0,4.718859,9.286678,1.630025,30,242,81,2,0.30276321,0.00593162,-0.00694385,0E-8,0.000000,0.904604,0.002289,0.01846642,2026-03-22,2026-08-06,115,6001,2406,138,0.833333,1.330819,1.230659,1.009211,,,,,,,,GLOBAL_BASELINE_NO_ENTITY_RANKING,,,NOT_APPLICABLE_GLOBAL_BASELINE,HF9g-P5,,,,X 全窗基线 · 不参与实体赏罚,8399762,840,A168_HF9F_20260827_0900,2026-08-27 09:00:00
2026-04-15,36810153,2256,0,4.2164737630,-4.2164737630,-4.2164737630,0E-7,1,1,0.50665070000000000,0.506650700000,-1.013391052207602,-1.013391052207602,-1.013391052207602,0E-17,ELIGIBLE,R03b_20260811_FULL_v1,L1_ELIGIBILITY,v2026-08-11,2026-03-21..2026-08-06,baccarat_bet02_101_all_pairs_incl_sentinel,round_win = game_pnl > 0 (decisive only),COMPATIBILITY_ONLY_NOT_PRODUCTION,81515.6139,73739.3596,483.5193,11361,11361,-0.00593162,0.00694385,-0.01152257,-0.00593162,-483.5193,81515.6139,OK,0.0000,19.3408,4.0000,96.0000,AG03-UNRESOLVED,ALL5_LEVELS_bet23_to_bet27,19.3408,19.3408,19.3408,24.1760,24.1760,4.000000,4.000000,4.000000,5.000000,5.000000,96.000000,96.000000,96.000000,95.000000,95.000000,5.0,106.3742,97.4416,377.1451,386.0777,PENDING_AG03,FALSE,NOT_FOR_ENFORCEMENT,464.1785,70789.7852,483.5193,464.1785,19.3408,0.00593162,0.00569435,19.3408,464.1785,0.00569435,19.3408,19.3408,19.3408,24.1760,24.1760,464.1785,0.00569435,106.3742,97.4416,377.1451,386.0777,0.00462666,0.00473624,0.00023726,7.1750,6.4906,0.0426,4.2045,0.0806,708.8314,98.7913,8.8300,6.6350,4.0407,4.4018,8.4329,14.3073,20.7715,40.8781,4.2012,0.0,4.718859,9.286678,1.630025,30,242,81,2,0.30276321,0.00593162,-0.00694385,0E-8,0.000000,0.904604,0.002289,0.01846642,2026-03-22,2026-08-06,115,6001,2406,138,0.833333,1.330819,1.230659,1.009211,,,,,,,,GLOBAL_BASELINE_NO_ENTITY_RANKING,,,NOT_APPLICABLE_GLOBAL_BASELINE,HF9g-P5,,,,X 全窗基线 · 不参与实体赏罚,8399763,840,A168_HF9F_20260827_0900,2026-08-27 09:00:00
2026-04-15,36810153,471,0,25.2988425780,-16.8658950520,-16.8658950520,0.2500000,4,4,0.49324550000000000,0.493245500000,-0.9730707933947887,-0.9730707933947887,-0.9730707933947887,0E-17,ELIGIBLE,R03b_20260811_FULL_v1,L1_ELIGIBILITY,v2026-08-11,2026-03-21..2026-08-06,baccarat_bet02_101_all_pairs_incl_sentinel,round_win = game_pnl > 0 (decisive only),COMPATIBILITY_ONLY_NOT_PRODUCTION,81515.6139,73739.3596,483.5193,11361,11361,-0.00593162,0.00694385,-0.01152257,-0.00593162,-483.5193,81515.6139,OK,0.0000,19.3408,4.0000,96.0000,AG03-UNRESOLVED,ALL5_LEVELS_bet23_to_bet27,19.3408,19.3408,19.3408,24.1760,24.1760,4.000000,4.000000,4.000000,5.000000,5.000000,96.000000,96.000000,96.000000,95.000000,95.000000,5.0,106.3742,97.4416,377.1451,386.0777,PENDING_AG03,FALSE,NOT_FOR_ENFORCEMENT,464.1785,70789.7852,483.5193,464.1785,19.3408,0.00593162,0.00569435,19.3408,464.1785,0.00569435,19.3408,19.3408,19.3408,24.1760,24.1760,464.1785,0.00569435,106.3742,97.4416,377.1451,386.0777,0.00462666,0.00473624,0.00023726,7.1750,6.4906,0.0426,4.2045,0.0806,708.8314,98.7913,8.8300,6.6350,4.0407,4.4018,8.4329,14.3073,20.7715,40.8781,4.2012,0.0,4.718859,9.286678,1.630025,30,242,81,2,0.30276321,0.00593162,-0.00694385,0E-8,0.000000,0.904604,0.002289,0.01846642,2026-03-22,2026-08-06,115,6001,2406,138,0.833333,1.330819,1.230659,1.009211,,,,,,,,GLOBAL_BASELINE_NO_ENTITY_RANKING,,,NOT_APPLICABLE_GLOBAL_BASELINE,HF9g-P5,,,,X 全窗基线 · 不参与实体赏罚,8399764,840,A168_HF9F_20260827_0900,2026-08-27 09:00:00
2026-04-15,36810153,529,0,21.0823688150,21.0823688150,21.0823688150,1.0000000,1,1,0.49324550000000000,0.493245500000,1.01360149184955,1.01360149184955,1.01360149184955,0E-17,ELIGIBLE,R03b_20260811_FULL_v1,L1_ELIGIBILITY,v2026-08-11,2026-03-21..2026-08-06,baccarat_bet02_101_all_pairs_incl_sentinel,round_win = game_pnl > 0 (decisive only),COMPATIBILITY_ONLY_NOT_PRODUCTION,81515.6139,73739.3596,483.5193,11361,11361,-0.00593162,0.00694385,-0.01152257,-0.00593162,-483.5193,81515.6139,OK,0.0000,19.3408,4.0000,96.0000,AG03-UNRESOLVED,ALL5_LEVELS_bet23_to_bet27,19.3408,19.3408,19.3408,24.1760,24.1760,4.000000,4.000000,4.000000,5.000000,5.000000,96.000000,96.000000,96.000000,95.000000,95.000000,5.0,106.3742,97.4416,377.1451,386.0777,PENDING_AG03,FALSE,NOT_FOR_ENFORCEMENT,464.1785,70789.7852,483.5193,464.1785,19.3408,0.00593162,0.00569435,19.3408,464.1785,0.00569435,19.3408,19.3408,19.3408,24.1760,24.1760,464.1785,0.00569435,106.3742,97.4416,377.1451,386.0777,0.00462666,0.00473624,0.00023726,7.1750,6.4906,0.0426,4.2045,0.0806,708.8314,98.7913,8.8300,6.6350,4.0407,4.4018,8.4329,14.3073,20.7715,40.8781,4.2012,0.0,4.718859,9.286678,1.630025,30,242,81,2,0.30276321,0.00593162,-0.00694385,0E-8,0.000000,0.904604,0.002289,0.01846642,2026-03-22,2026-08-06,115,6001,2406,138,0.833333,1.330819,1.230659,1.009211,,,,,,,,GLOBAL_BASELINE_NO_ENTITY_RANKING,,,NOT_APPLICABLE_GLOBAL_BASELINE,HF9g-P5,,,,X 全窗基线 · 不参与实体赏罚,8399765,840,A168_HF9F_20260827_0900,2026-08-27 09:00:00
2026-04-15,36810153,550,0,34.5750848565,-16.4442476757,-16.4442476757,0.2000000,5,5,0.49592654000000000,0.495926540000,-1.323467641100715,-1.323467641100715,-1.323467641100715,0E-17,ELIGIBLE,R03b_20260811_FULL_v1,L1_ELIGIBILITY,v2026-08-11,2026-03-21..2026-08-06,baccarat_bet02_101_all_pairs_incl_sentinel,round_win = game_pnl > 0 (decisive only),COMPATIBILITY_ONLY_NOT_PRODUCTION,81515.6139,73739.3596,483.5193,11361,11361,-0.00593162,0.00694385,-0.01152257,-0.00593162,-483.5193,81515.6139,OK,0.0000,19.3408,4.0000,96.0000,AG03-UNRESOLVED,ALL5_LEVELS_bet23_to_bet27,19.3408,19.3408,19.3408,24.1760,24.1760,4.000000,4.000000,4.000000,5.000000,5.000000,96.000000,96.000000,96.000000,95.000000,95.000000,5.0,106.3742,97.4416,377.1451,386.0777,PENDING_AG03,FALSE,NOT_FOR_ENFORCEMENT,464.1785,70789.7852,483.5193,464.1785,19.3408,0.00593162,0.00569435,19.3408,464.1785,0.00569435,19.3408,19.3408,19.3408,24.1760,24.1760,464.1785,0.00569435,106.3742,97.4416,377.1451,386.0777,0.00462666,0.00473624,0.00023726,7.1750,6.4906,0.0426,4.2045,0.0806,708.8314,98.7913,8.8300,6.6350,4.0407,4.4018,8.4329,14.3073,20.7715,40.8781,4.2012,0.0,4.718859,9.286678,1.630025,30,242,81,2,0.30276321,0.00593162,-0.00694385,0E-8,0.000000,0.904604,0.002289,0.01846642,2026-03-22,2026-08-06,115,6001,2406,138,0.833333,1.330819,1.230659,1.009211,,,,,,,,GLOBAL_BASELINE_NO_ENTITY_RANKING,,,NOT_APPLICABLE_GLOBAL_BASELINE,HF9g-P5,,,,X 全窗基线 · 不参与实体赏罚,8399766,840,A168_HF9F_20260827_0900,2026-08-27 09:00:00
2026-04-15,36810153,763,0,4.2164737630,4.0056500748,4.0056500748,1.0000000,1,1,0.50665070000000000,0.506650700000,0.9867858985152569,0.9867858985152569,0.9867858985152569,0E-17,ELIGIBLE,R03b_20260811_FULL_v1,L1_ELIGIBILITY,v2026-08-11,2026-03-21..2026-08-06,baccarat_bet02_101_all_pairs_incl_sentinel,round_win = game_pnl > 0 (decisive only),COMPATIBILITY_ONLY_NOT_PRODUCTION,81515.6139,73739.3596,483.5193,11361,11361,-0.00593162,0.00694385,-0.01152257,-0.00593162,-483.5193,81515.6139,OK,0.0000,19.3408,4.0000,96.0000,AG03-UNRESOLVED,ALL5_LEVELS_bet23_to_bet27,19.3408,19.3408,19.3408,24.1760,24.1760,4.000000,4.000000,4.000000,5.000000,5.000000,96.000000,96.000000,96.000000,95.000000,95.000000,5.0,106.3742,97.4416,377.1451,386.0777,PENDING_AG03,FALSE,NOT_FOR_ENFORCEMENT,464.1785,70789.7852,483.5193,464.1785,19.3408,0.00593162,0.00569435,19.3408,464.1785,0.00569435,19.3408,19.3408,19.3408,24.1760,24.1760,464.1785,0.00569435,106.3742,97.4416,377.1451,386.0777,0.00462666,0.00473624,0.00023726,7.1750,6.4906,0.0426,4.2045,0.0806,708.8314,98.7913,8.8300,6.6350,4.0407,4.4018,8.4329,14.3073,20.7715,40.8781,4.2012,0.0,4.718859,9.286678,1.630025,30,242,81,2,0.30276321,0.00593162,-0.00694385,0E-8,0.000000,0.904604,0.002289,0.01846642,2026-03-22,2026-08-06,115,6001,2406,138,0.833333,1.330819,1.230659,1.009211,,,,,,,,GLOBAL_BASELINE_NO_ENTITY_RANKING,,,NOT_APPLICABLE_GLOBAL_BASELINE,HF9g-P5,,,,X 全窗基线 · 不参与实体赏罚,8399767,840,A168_HF9F_20260827_0900,2026-08-27 09:00:00
2026-04-15,36810153,772,0,29.3044926528,-4.6381211394,-4.6381211394,0.6000000,5,5,0.50128862000000000,0.501288620000,0.4414521777673877,0.4414521777673877,0.4414521777673877,0E-17,ELIGIBLE,R03b_20260811_FULL_v1,L1_ELIGIBILITY,v2026-08-11,2026-03-21..2026-08-06,baccarat_bet02_101_all_pairs_incl_sentinel,round_win = game_pnl > 0 (decisive only),COMPATIBILITY_ONLY_NOT_PRODUCTION,81515.6139,73739.3596,483.5193,11361,11361,-0.00593162,0.00694385,-0.01152257,-0.00593162,-483.5193,81515.6139,OK,0.0000,19.3408,4.0000,96.0000,AG03-UNRESOLVED,ALL5_LEVELS_bet23_to_bet27,19.3408,19.3408,19.3408,24.1760,24.1760,4.000000,4.000000,4.000000,5.000000,5.000000,96.000000,96.000000,96.000000,95.000000,95.000000,5.0,106.3742,97.4416,377.1451,386.0777,PENDING_AG03,FALSE,NOT_FOR_ENFORCEMENT,464.1785,70789.7852,483.5193,464.1785,19.3408,0.00593162,0.00569435,19.3408,464.1785,0.00569435,19.3408,19.3408,19.3408,24.1760,24.1760,464.1785,0.00569435,106.3742,97.4416,377.1451,386.0777,0.00462666,0.00473624,0.00023726,7.1750,6.4906,0.0426,4.2045,0.0806,708.8314,98.7913,8.8300,6.6350,4.0407,4.4018,8.4329,14.3073,20.7715,40.8781,4.2012,0.0,4.718859,9.286678,1.630025,30,242,81,2,0.30276321,0.00593162,-0.00694385,0E-8,0.000000,0.904604,0.002289,0.01846642,2026-03-22,2026-08-06,115,6001,2406,138,0.833333,1.330819,1.230659,1.009211,,,,,,,,GLOBAL_BASELINE_NO_ENTITY_RANKING,,,NOT_APPLICABLE_GLOBAL_BASELINE,HF9g-P5,,,,X 全窗基线 · 不参与实体赏罚,8399768,840,A168_HF9F_20260827_0900,2026-08-27 09:00:00
2026-04-16,36810153,1646,0,1.6865895052,-1.6865895052,-1.6865895052,0E-7,1,1,0.49324550000000000,0.493245500000,-0.9865810262130424,-0.9865810262130424,-0.9865810262130424,0E-17,ELIGIBLE,R03b_20260811_FULL_v1,L1_ELIGIBILITY,v2026-08-11,2026-03-21..2026-08-06,baccarat_bet02_101_all_pairs_incl_sentinel,round_win = game_pnl > 0 (decisive only),COMPATIBILITY_ONLY_NOT_PRODUCTION,81515.6139,73739.3596,483.5193,11361,11361,-0.00593162,0.00694385,-0.01152257,-0.00593162,-483.5193,81515.6139,OK,0.0000,19.3408,4.0000,96.0000,AG03-UNRESOLVED,ALL5_LEVELS_bet23_to_bet27,19.3408,19.3408,19.3408,24.1760,24.1760,4.000000,4.000000,4.000000,5.000000,5.000000,96.000000,96.000000,96.000000,95.000000,95.000000,5.0,106.3742,97.4416,377.1451,386.0777,PENDING_AG03,FALSE,NOT_FOR_ENFORCEMENT,464.1785,70789.7852,483.5193,464.1785,19.3408,0.00593162,0.00569435,19.3408,464.1785,0.00569435,19.3408,19.3408,19.3408,24.1760,24.1760,464.1785,0.00569435,106.3742,97.4416,377.1451,386.0777,0.00462666,0.00473624,0.00023726,7.1750,6.4906,0.0426,4.2045,0.0806,708.8314,98.7913,8.8300,6.6350,4.0407,4.4018,8.4329,14.3073,20.7715,40.8781,4.2012,0.0,4.718859,9.286678,1.630025,30,242,81,2,0.30276321,0.00593162,-0.00694385,0E-8,0.000000,0.904604,0.002289,0.01846642,2026-03-22,2026-08-06,115,6001,2406,138,0.833333,1.330819,1.230659,1.009211,,,,,,,,GLOBAL_BASELINE_NO_ENTITY_RANKING,,,NOT_APPLICABLE_GLOBAL_BASELINE,HF9g-P5,,,,X 全窗基线 · 不参与实体赏罚,8399769,840,A168_HF9F_20260827_0900,2026-08-27 09:00:00
2026-04-16,36810153,462,0,3.7948263867,-1.2649421289,-1.2649421289,0.5000000,2,2,0.49324550000000000,0.493245500000,0.01910635448239258,0.01910635448239258,0.01910635448239258,0E-17,ELIGIBLE,R03b_20260811_FULL_v1,L1_ELIGIBILITY,v2026-08-11,2026-03-21..2026-08-06,baccarat_bet02_101_all_pairs_incl_sentinel,round_win = game_pnl > 0 (decisive only),COMPATIBILITY_ONLY_NOT_PRODUCTION,81515.6139,73739.3596,483.5193,11361,11361,-0.00593162,0.00694385,-0.01152257,-0.00593162,-483.5193,81515.6139,OK,0.0000,19.3408,4.0000,96.0000,AG03-UNRESOLVED,ALL5_LEVELS_bet23_to_bet27,19.3408,19.3408,19.3408,24.1760,24.1760,4.000000,4.000000,4.000000,5.000000,5.000000,96.000000,96.000000,96.000000,95.000000,95.000000,5.0,106.3742,97.4416,377.1451,386.0777,PENDING_AG03,FALSE,NOT_FOR_ENFORCEMENT,464.1785,70789.7852,483.5193,464.1785,19.3408,0.00593162,0.00569435,19.3408,464.1785,0.00569435,19.3408,19.3408,19.3408,24.1760,24.1760,464.1785,0.00569435,106.3742,97.4416,377.1451,386.0777,0.00462666,0.00473624,0.00023726,7.1750,6.4906,0.0426,4.2045,0.0806,708.8314,98.7913,8.8300,6.6350,4.0407,4.4018,8.4329,14.3073,20.7715,40.8781,4.2012,0.0,4.718859,9.286678,1.630025,30,242,81,2,0.30276321,0.00593162,-0.00694385,0E-8,0.000000,0.904604,0.002289,0.01846642,2026-03-22,2026-08-06,115,6001,2406,138,0.833333,1.330819,1.230659,1.009211,,,,,,,,GLOBAL_BASELINE_NO_ENTITY_RANKING,,,NOT_APPLICABLE_GLOBAL_BASELINE,HF9g-P5,,,,X 全窗基线 · 不参与实体赏罚,8399770,840,A168_HF9F_20260827_0900,2026-08-27 09:00:00
2026-04-19,36810153,-1,1,3.5840026985,-2.1082368815,-2.1082368815,0E-7,2,2,0.49994810000000000,0.499948100000,-0.9998962053866608,-0.9998962053866608,-0.9998962053866608,0E-17,SENTINEL_DEALER,R03b_20260811_FULL_v1,L1_ELIGIBILITY,v2026-08-11,2026-03-21..2026-08-06,baccarat_bet02_101_all_pairs_incl_sentinel,round_win = game_pnl > 0 (decisive only),COMPATIBILITY_ONLY_NOT_PRODUCTION,81515.6139,73739.3596,483.5193,11361,11361,-0.00593162,0.00694385,-0.01152257,-0.00593162,-483.5193,81515.6139,OK,0.0000,19.3408,4.0000,96.0000,AG03-UNRESOLVED,ALL5_LEVELS_bet23_to_bet27,19.3408,19.3408,19.3408,24.1760,24.1760,4.000000,4.000000,4.000000,5.000000,5.000000,96.000000,96.000000,96.000000,95.000000,95.000000,5.0,106.3742,97.4416,377.1451,386.0777,PENDING_AG03,FALSE,NOT_FOR_ENFORCEMENT,464.1785,70789.7852,483.5193,464.1785,19.3408,0.00593162,0.00569435,19.3408,464.1785,0.00569435,19.3408,19.3408,19.3408,24.1760,24.1760,464.1785,0.00569435,106.3742,97.4416,377.1451,386.0777,0.00462666,0.00473624,0.00023726,7.1750,6.4906,0.0426,4.2045,0.0806,708.8314,98.7913,8.8300,6.6350,4.0407,4.4018,8.4329,14.3073,20.7715,40.8781,4.2012,0.0,4.718859,9.286678,1.630025,30,242,81,2,0.30276321,0.00593162,-0.00694385,0E-8,0.000000,0.904604,0.002289,0.01846642,2026-03-22,2026-08-06,115,6001,2406,138,0.833333,1.330819,1.230659,1.009211,,,,,,,,GLOBAL_BASELINE_NO_ENTITY_RANKING,,,NOT_APPLICABLE_GLOBAL_BASELINE,HF9g-P5,,,,X 全窗基线 · 不参与实体赏罚,8399771,840,A168_HF9F_20260827_0900,2026-08-27 09:00:00
2026-04-19,36810153,1202,0,12.6494212889,10.7836316489,10.7836316489,0.6666667,3,3,0.50665070000000000,0.506650700000,0.5543606114942035,0.5543606114942035,0.5543606114942035,0E-17,ELIGIBLE,R03b_20260811_FULL_v1,L1_ELIGIBILITY,v2026-08-11,2026-03-21..2026-08-06,baccarat_bet02_101_all_pairs_incl_sentinel,round_win = game_pnl > 0 (decisive only),COMPATIBILITY_ONLY_NOT_PRODUCTION,81515.6139,73739.3596,483.5193,11361,11361,-0.00593162,0.00694385,-0.01152257,-0.00593162,-483.5193,81515.6139,OK,0.0000,19.3408,4.0000,96.0000,AG03-UNRESOLVED,ALL5_LEVELS_bet23_to_bet27,19.3408,19.3408,19.3408,24.1760,24.1760,4.000000,4.000000,4.000000,5.000000,5.000000,96.000000,96.000000,96.000000,95.000000,95.000000,5.0,106.3742,97.4416,377.1451,386.0777,PENDING_AG03,FALSE,NOT_FOR_ENFORCEMENT,464.1785,70789.7852,483.5193,464.1785,19.3408,0.00593162,0.00569435,19.3408,464.1785,0.00569435,19.3408,19.3408,19.3408,24.1760,24.1760,464.1785,0.00569435,106.3742,97.4416,377.1451,386.0777,0.00462666,0.00473624,0.00023726,7.1750,6.4906,0.0426,4.2045,0.0806,708.8314,98.7913,8.8300,6.6350,4.0407,4.4018,8.4329,14.3073,20.7715,40.8781,4.2012,0.0,4.718859,9.286678,1.630025,30,242,81,2,0.30276321,0.00593162,-0.00694385,0E-8,0.000000,0.904604,0.002289,0.01846642,2026-03-22,2026-08-06,115,6001,2406,138,0.833333,1.330819,1.230659,1.009211,,,,,,,,GLOBAL_BASELINE_NO_ENTITY_RANKING,,,NOT_APPLICABLE_GLOBAL_BASELINE,HF9g-P5,,,,X 全窗基线 · 不参与实体赏罚,8399772,840,A168_HF9F_20260827_0900,2026-08-27 09:00:00
2026-04-19,36810153,1505,0,0.6324710644,0.6008475112,0.6008475112,1.0000000,1,1,0.50665070000000000,0.506650700000,0.9867858985152569,0.9867858985152569,0.9867858985152569,0E-17,ELIGIBLE,R03b_20260811_FULL_v1,L1_ELIGIBILITY,v2026-08-11,2026-03-21..2026-08-06,baccarat_bet02_101_all_pairs_incl_sentinel,round_win = game_pnl > 0 (decisive only),COMPATIBILITY_ONLY_NOT_PRODUCTION,81515.6139,73739.3596,483.5193,11361,11361,-0.00593162,0.00694385,-0.01152257,-0.00593162,-483.5193,81515.6139,OK,0.0000,19.3408,4.0000,96.0000,AG03-UNRESOLVED,ALL5_LEVELS_bet23_to_bet27,19.3408,19.3408,19.3408,24.1760,24.1760,4.000000,4.000000,4.000000,5.000000,5.000000,96.000000,96.000000,96.000000,95.000000,95.000000,5.0,106.3742,97.4416,377.1451,386.0777,PENDING_AG03,FALSE,NOT_FOR_ENFORCEMENT,464.1785,70789.7852,483.5193,464.1785,19.3408,0.00593162,0.00569435,19.3408,464.1785,0.00569435,19.3408,19.3408,19.3408,24.1760,24.1760,464.1785,0.00569435,106.3742,97.4416,377.1451,386.0777,0.00462666,0.00473624,0.00023726,7.1750,6.4906,0.0426,4.2045,0.0806,708.8314,98.7913,8.8300,6.6350,4.0407,4.4018,8.4329,14.3073,20.7715,40.8781,4.2012,0.0,4.718859,9.286678,1.630025,30,242,81,2,0.30276321,0.00593162,-0.00694385,0E-8,0.000000,0.904604,0.002289,0.01846642,2026-03-22,2026-08-06,115,6001,2406,138,0.833333,1.330819,1.230659,1.009211,,,,,,,,GLOBAL_BASELINE_NO_ENTITY_RANKING,,,NOT_APPLICABLE_GLOBAL_BASELINE,HF9g-P5,,,,X 全窗基线 · 不参与实体赏罚,8399773,840,A168_HF9F_20260827_0900,2026-08-27 09:00:00
2026-04-19,36810153,1646,0,1.2649421289,-1.2649421289,-1.2649421289,0E-7,1,1,0.50665070000000000,0.506650700000,-1.013391052207602,-1.013391052207602,-1.013391052207602,0E-17,ELIGIBLE,R03b_20260811_FULL_v1,L1_ELIGIBILITY,v2026-08-11,2026-03-21..2026-08-06,baccarat_bet02_101_all_pairs_incl_sentinel,round_win = game_pnl > 0 (decisive only),COMPATIBILITY_ONLY_NOT_PRODUCTION,81515.6139,73739.3596,483.5193,11361,11361,-0.00593162,0.00694385,-0.01152257,-0.00593162,-483.5193,81515.6139,OK,0.0000,19.3408,4.0000,96.0000,AG03-UNRESOLVED,ALL5_LEVELS_bet23_to_bet27,19.3408,19.3408,19.3408,24.1760,24.1760,4.000000,4.000000,4.000000,5.000000,5.000000,96.000000,96.000000,96.000000,95.000000,95.000000,5.0,106.3742,97.4416,377.1451,386.0777,PENDING_AG03,FALSE,NOT_FOR_ENFORCEMENT,464.1785,70789.7852,483.5193,464.1785,19.3408,0.00593162,0.00569435,19.3408,464.1785,0.00569435,19.3408,19.3408,19.3408,24.1760,24.1760,464.1785,0.00569435,106.3742,97.4416,377.1451,386.0777,0.00462666,0.00473624,0.00023726,7.1750,6.4906,0.0426,4.2045,0.0806,708.8314,98.7913,8.8300,6.6350,4.0407,4.4018,8.4329,14.3073,20.7715,40.8781,4.2012,0.0,4.718859,9.286678,1.630025,30,242,81,2,0.30276321,0.00593162,-0.00694385,0E-8,0.000000,0.904604,0.002289,0.01846642,2026-03-22,2026-08-06,115,6001,2406,138,0.833333,1.330819,1.230659,1.009211,,,,,,,,GLOBAL_BASELINE_NO_ENTITY_RANKING,,,NOT_APPLICABLE_GLOBAL_BASELINE,HF9g-P5,,,,X 全窗基线 · 不参与实体赏罚,8399774,840,A168_HF9F_20260827_0900,2026-08-27 09:00:00
2026-04-19,36810153,2152,0,10.1195370312,5.9030632682,5.9030632682,0.5000000,2,2,0.49324550000000000,0.493245500000,0.01910635448239258,0.01910635448239258,0.01910635448239258,0E-17,ELIGIBLE,R03b_20260811_FULL_v1,L1_ELIGIBILITY,v2026-08-11,2026-03-21..2026-08-06,baccarat_bet02_101_all_pairs_incl_sentinel,round_win = game_pnl > 0 (decisive only),COMPATIBILITY_ONLY_NOT_PRODUCTION,81515.6139,73739.3596,483.5193,11361,11361,-0.00593162,0.00694385,-0.01152257,-0.00593162,-483.5193,81515.6139,OK,0.0000,19.3408,4.0000,96.0000,AG03-UNRESOLVED,ALL5_LEVELS_bet23_to_bet27,19.3408,19.3408,19.3408,24.1760,24.1760,4.000000,4.000000,4.000000,5.000000,5.000000,96.000000,96.000000,96.000000,95.000000,95.000000,5.0,106.3742,97.4416,377.1451,386.0777,PENDING_AG03,FALSE,NOT_FOR_ENFORCEMENT,464.1785,70789.7852,483.5193,464.1785,19.3408,0.00593162,0.00569435,19.3408,464.1785,0.00569435,19.3408,19.3408,19.3408,24.1760,24.1760,464.1785,0.00569435,106.3742,97.4416,377.1451,386.0777,0.00462666,0.00473624,0.00023726,7.1750,6.4906,0.0426,4.2045,0.0806,708.8314,98.7913,8.8300,6.6350,4.0407,4.4018,8.4329,14.3073,20.7715,40.8781,4.2012,0.0,4.718859,9.286678,1.630025,30,242,81,2,0.30276321,0.00593162,-0.00694385,0E-8,0.000000,0.904604,0.002289,0.01846642,2026-03-22,2026-08-06,115,6001,2406,138,0.833333,1.330819,1.230659,1.009211,,,,,,,,GLOBAL_BASELINE_NO_ENTITY_RANKING,,,NOT_APPLICABLE_GLOBAL_BASELINE,HF9g-P5,,,,X 全窗基线 · 不参与实体赏罚,8399775,840,A168_HF9F_20260827_0900,2026-08-27 09:00:00
2026-04-19,36810153,948,0,2.1082368815,2.0028250374,2.0028250374,1.0000000,1,1,0.50665070000000000,0.506650700000,0.9867858985152569,0.9867858985152569,0.9867858985152569,0E-17,ELIGIBLE,R03b_20260811_FULL_v1,L1_ELIGIBILITY,v2026-08-11,2026-03-21..2026-08-06,baccarat_bet02_101_all_pairs_incl_sentinel,round_win = game_pnl > 0 (decisive only),COMPATIBILITY_ONLY_NOT_PRODUCTION,81515.6139,73739.3596,483.5193,11361,11361,-0.00593162,0.00694385,-0.01152257,-0.00593162,-483.5193,81515.6139,OK,0.0000,19.3408,4.0000,96.0000,AG03-UNRESOLVED,ALL5_LEVELS_bet23_to_bet27,19.3408,19.3408,19.3408,24.1760,24.1760,4.000000,4.000000,4.000000,5.000000,5.000000,96.000000,96.000000,96.000000,95.000000,95.000000,5.0,106.3742,97.4416,377.1451,386.0777,PENDING_AG03,FALSE,NOT_FOR_ENFORCEMENT,464.1785,70789.7852,483.5193,464.1785,19.3408,0.00593162,0.00569435,19.3408,464.1785,0.00569435,19.3408,19.3408,19.3408,24.1760,24.1760,464.1785,0.00569435,106.3742,97.4416,377.1451,386.0777,0.00462666,0.00473624,0.00023726,7.1750,6.4906,0.0426,4.2045,0.0806,708.8314,98.7913,8.8300,6.6350,4.0407,4.4018,8.4329,14.3073,20.7715,40.8781,4.2012,0.0,4.718859,9.286678,1.630025,30,242,81,2,0.30276321,0.00593162,-0.00694385,0E-8,0.000000,0.904604,0.002289,0.01846642,2026-03-22,2026-08-06,115,6001,2406,138,0.833333,1.330819,1.230659,1.009211,,,,,,,,GLOBAL_BASELINE_NO_ENTITY_RANKING,,,NOT_APPLICABLE_GLOBAL_BASELINE,HF9g-P5,,,,X 全窗基线 · 不参与实体赏罚,8399776,840,A168_HF9F_20260827_0900,2026-08-27 09:00:00
2026-04-19,36810153,986,0,0.2108236881,-0.2108236881,-0.2108236881,0E-7,1,1,0.49324550000000000,0.493245500000,-0.9865810262130424,-0.9865810262130424,-0.9865810262130424,0E-17,ELIGIBLE,R03b_20260811_FULL_v1,L1_ELIGIBILITY,v2026-08-11,2026-03-21..2026-08-06,baccarat_bet02_101_all_pairs_incl_sentinel,round_win = game_pnl > 0 (decisive only),COMPATIBILITY_ONLY_NOT_PRODUCTION,81515.6139,73739.3596,483.5193,11361,11361,-0.00593162,0.00694385,-0.01152257,-0.00593162,-483.5193,81515.6139,OK,0.0000,19.3408,4.0000,96.0000,AG03-UNRESOLVED,ALL5_LEVELS_bet23_to_bet27,19.3408,19.3408,19.3408,24.1760,24.1760,4.000000,4.000000,4.000000,5.000000,5.000000,96.000000,96.000000,96.000000,95.000000,95.000000,5.0,106.3742,97.4416,377.1451,386.0777,PENDING_AG03,FALSE,NOT_FOR_ENFORCEMENT,464.1785,70789.7852,483.5193,464.1785,19.3408,0.00593162,0.00569435,19.3408,464.1785,0.00569435,19.3408,19.3408,19.3408,24.1760,24.1760,464.1785,0.00569435,106.3742,97.4416,377.1451,386.0777,0.00462666,0.00473624,0.00023726,7.1750,6.4906,0.0426,4.2045,0.0806,708.8314,98.7913,8.8300,6.6350,4.0407,4.4018,8.4329,14.3073,20.7715,40.8781,4.2012,0.0,4.718859,9.286678,1.630025,30,242,81,2,0.30276321,0.00593162,-0.00694385,0E-8,0.000000,0.904604,0.002289,0.01846642,2026-03-22,2026-08-06,115,6001,2406,138,0.833333,1.330819,1.230659,1.009211,,,,,,,,GLOBAL_BASELINE_NO_ENTITY_RANKING,,,NOT_APPLICABLE_GLOBAL_BASELINE,HF9g-P5,,,,X 全窗基线 · 不参与实体赏罚,8399777,840,A168_HF9F_20260827_0900,2026-08-27 09:00:00
2026-04-26,36810153,2205,0,8.0113001497,0E-10,0E-10,,1,1,0.50665070000000000,0.506650700000,,,,0E-17,NO_DECISIVE_ROUND,R03b_20260811_FULL_v1,L1_ELIGIBILITY,v2026-08-11,2026-03-21..2026-08-06,baccarat_bet02_101_all_pairs_incl_sentinel,round_win = game_pnl > 0 (decisive only),COMPATIBILITY_ONLY_NOT_PRODUCTION,81515.6139,73739.3596,483.5193,11361,11361,-0.00593162,0.00694385,-0.01152257,-0.00593162,-483.5193,81515.6139,OK,0.0000,19.3408,4.0000,96.0000,AG03-UNRESOLVED,ALL5_LEVELS_bet23_to_bet27,19.3408,19.3408,19.3408,24.1760,24.1760,4.000000,4.000000,4.000000,5.000000,5.000000,96.000000,96.000000,96.000000,95.000000,95.000000,5.0,106.3742,97.4416,377.1451,386.0777,PENDING_AG03,FALSE,NOT_FOR_ENFORCEMENT,464.1785,70789.7852,483.5193,464.1785,19.3408,0.00593162,0.00569435,19.3408,464.1785,0.00569435,19.3408,19.3408,19.3408,24.1760,24.1760,464.1785,0.00569435,106.3742,97.4416,377.1451,386.0777,0.00462666,0.00473624,0.00023726,7.1750,6.4906,0.0426,4.2045,0.0806,708.8314,98.7913,8.8300,6.6350,4.0407,4.4018,8.4329,14.3073,20.7715,40.8781,4.2012,0.0,4.718859,9.286678,1.630025,30,242,81,2,0.30276321,0.00593162,-0.00694385,0E-8,0.000000,0.904604,0.002289,0.01846642,2026-03-22,2026-08-06,115,6001,2406,138,0.833333,1.330819,1.230659,1.009211,,,,,,,,GLOBAL_BASELINE_NO_ENTITY_RANKING,,,NOT_APPLICABLE_GLOBAL_BASELINE,HF9g-P5,,,,X 全窗基线 · 不参与实体赏罚,8399778,840,A168_HF9F_20260827_0900,2026-08-27 09:00:00
2026-04-26,36810153,2223,0,8.0113001497,8.0113001497,8.0113001497,1.0000000,1,1,0.49324550000000000,0.493245500000,1.01360149184955,1.01360149184955,1.01360149184955,0E-17,ELIGIBLE,R03b_20260811_FULL_v1,L1_ELIGIBILITY,v2026-08-11,2026-03-21..2026-08-06,baccarat_bet02_101_all_pairs_incl_sentinel,round_win = game_pnl > 0 (decisive only),COMPATIBILITY_ONLY_NOT_PRODUCTION,81515.6139,73739.3596,483.5193,11361,11361,-0.00593162,0.00694385,-0.01152257,-0.00593162,-483.5193,81515.6139,OK,0.0000,19.3408,4.0000,96.0000,AG03-UNRESOLVED,ALL5_LEVELS_bet23_to_bet27,19.3408,19.3408,19.3408,24.1760,24.1760,4.000000,4.000000,4.000000,5.000000,5.000000,96.000000,96.000000,96.000000,95.000000,95.000000,5.0,106.3742,97.4416,377.1451,386.0777,PENDING_AG03,FALSE,NOT_FOR_ENFORCEMENT,464.1785,70789.7852,483.5193,464.1785,19.3408,0.00593162,0.00569435,19.3408,464.1785,0.00569435,19.3408,19.3408,19.3408,24.1760,24.1760,464.1785,0.00569435,106.3742,97.4416,377.1451,386.0777,0.00462666,0.00473624,0.00023726,7.1750,6.4906,0.0426,4.2045,0.0806,708.8314,98.7913,8.8300,6.6350,4.0407,4.4018,8.4329,14.3073,20.7715,40.8781,4.2012,0.0,4.718859,9.286678,1.630025,30,242,81,2,0.30276321,0.00593162,-0.00694385,0E-8,0.000000,0.904604,0.002289,0.01846642,2026-03-22,2026-08-06,115,6001,2406,138,0.833333,1.330819,1.230659,1.009211,,,,,,,,GLOBAL_BASELINE_NO_ENTITY_RANKING,,,NOT_APPLICABLE_GLOBAL_BASELINE,HF9g-P5,,,,X 全窗基线 · 不参与实体赏罚,8399779,840,A168_HF9F_20260827_0900,2026-08-27 09:00:00
2026-05-01,36810153,-1,1,11.3433462871,3.1509295243,3.1509295243,0.7500000,4,4,0.50329940000000000,0.503299400000,0.9868238854431842,0.9868238854431842,0.9868238854431842,0E-17,SENTINEL_DEALER,R03b_20260811_FULL_v1,L1_ELIGIBILITY,v2026-08-11,2026-03-21..2026-08-06,baccarat_bet02_101_all_pairs_incl_sentinel,round_win = game_pnl > 0 (decisive only),COMPATIBILITY_ONLY_NOT_PRODUCTION,81515.6139,73739.3596,483.5193,11361,11361,-0.00593162,0.00694385,-0.01152257,-0.00593162,-483.5193,81515.6139,OK,0.0000,19.3408,4.0000,96.0000,AG03-UNRESOLVED,ALL5_LEVELS_bet23_to_bet27,19.3408,19.3408,19.3408,24.1760,24.1760,4.000000,4.000000,4.000000,5.000000,5.000000,96.000000,96.000000,96.000000,95.000000,95.000000,5.0,106.3742,97.4416,377.1451,386.0777,PENDING_AG03,FALSE,NOT_FOR_ENFORCEMENT,464.1785,70789.7852,483.5193,464.1785,19.3408,0.00593162,0.00569435,19.3408,464.1785,0.00569435,19.3408,19.3408,19.3408,24.1760,24.1760,464.1785,0.00569435,106.3742,97.4416,377.1451,386.0777,0.00462666,0.00473624,0.00023726,7.1750,6.4906,0.0426,4.2045,0.0806,708.8314,98.7913,8.8300,6.6350,4.0407,4.4018,8.4329,14.3073,20.7715,40.8781,4.2012,0.0,4.718859,9.286678,1.630025,30,242,81,2,0.30276321,0.00593162,-0.00694385,0E-8,0.000000,0.904604,0.002289,0.01846642,2026-03-22,2026-08-06,115,6001,2406,138,0.833333,1.330819,1.230659,1.009211,,,,,,,,GLOBAL_BASELINE_NO_ENTITY_RANKING,,,NOT_APPLICABLE_GLOBAL_BASELINE,HF9g-P5,,,,X 全窗基线 · 不参与实体赏罚,8399780,840,A168_HF9F_20260827_0900,2026-08-27 09:00:00
2026-05-01,36810153,1507,0,2.1006196828,-2.1006196828,-2.1006196828,0E-7,1,1,0.50665070000000000,0.506650700000,-1.013391052207602,-1.013391052207602,-1.013391052207602,0E-17,ELIGIBLE,R03b_20260811_FULL_v1,L1_ELIGIBILITY,v2026-08-11,2026-03-21..2026-08-06,baccarat_bet02_101_all_pairs_incl_sentinel,round_win = game_pnl > 0 (decisive only),COMPATIBILITY_ONLY_NOT_PRODUCTION,81515.6139,73739.3596,483.5193,11361,11361,-0.00593162,0.00694385,-0.01152257,-0.00593162,-483.5193,81515.6139,OK,0.0000,19.3408,4.0000,96.0000,AG03-UNRESOLVED,ALL5_LEVELS_bet23_to_bet27,19.3408,19.3408,19.3408,24.1760,24.1760,4.000000,4.000000,4.000000,5.000000,5.000000,96.000000,96.000000,96.000000,95.000000,95.000000,5.0,106.3742,97.4416,377.1451,386.0777,PENDING_AG03,FALSE,NOT_FOR_ENFORCEMENT,464.1785,70789.7852,483.5193,464.1785,19.3408,0.00593162,0.00569435,19.3408,464.1785,0.00569435,19.3408,19.3408,19.3408,24.1760,24.1760,464.1785,0.00569435,106.3742,97.4416,377.1451,386.0777,0.00462666,0.00473624,0.00023726,7.1750,6.4906,0.0426,4.2045,0.0806,708.8314,98.7913,8.8300,6.6350,4.0407,4.4018,8.4329,14.3073,20.7715,40.8781,4.2012,0.0,4.718859,9.286678,1.630025,30,242,81,2,0.30276321,0.00593162,-0.00694385,0E-8,0.000000,0.904604,0.002289,0.01846642,2026-03-22,2026-08-06,115,6001,2406,138,0.833333,1.330819,1.230659,1.009211,,,,,,,,GLOBAL_BASELINE_NO_ENTITY_RANKING,,,NOT_APPLICABLE_GLOBAL_BASELINE,HF9g-P5,,,,X 全窗基线 · 不参与实体赏罚,8399781,840,A168_HF9F_20260827_0900,2026-08-27 09:00:00
2026-05-01,36810153,1963,0,3.7811154290,1.0503098414,1.0503098414,1.0000000,2,2,0.49324550000000000,0.493245500000,1.01360149184955,1.01360149184955,1.01360149184955,0E-17,ELIGIBLE,R03b_20260811_FULL_v1,L1_ELIGIBILITY,v2026-08-11,2026-03-21..2026-08-06,baccarat_bet02_101_all_pairs_incl_sentinel,round_win = game_pnl > 0 (decisive only),COMPATIBILITY_ONLY_NOT_PRODUCTION,81515.6139,73739.3596,483.5193,11361,11361,-0.00593162,0.00694385,-0.01152257,-0.00593162,-483.5193,81515.6139,OK,0.0000,19.3408,4.0000,96.0000,AG03-UNRESOLVED,ALL5_LEVELS_bet23_to_bet27,19.3408,19.3408,19.3408,24.1760,24.1760,4.000000,4.000000,4.000000,5.000000,5.000000,96.000000,96.000000,96.000000,95.000000,95.000000,5.0,106.3742,97.4416,377.1451,386.0777,PENDING_AG03,FALSE,NOT_FOR_ENFORCEMENT,464.1785,70789.7852,483.5193,464.1785,19.3408,0.00593162,0.00569435,19.3408,464.1785,0.00569435,19.3408,19.3408,19.3408,24.1760,24.1760,464.1785,0.00569435,106.3742,97.4416,377.1451,386.0777,0.00462666,0.00473624,0.00023726,7.1750,6.4906,0.0426,4.2045,0.0806,708.8314,98.7913,8.8300,6.6350,4.0407,4.4018,8.4329,14.3073,20.7715,40.8781,4.2012,0.0,4.718859,9.286678,1.630025,30,242,81,2,0.30276321,0.00593162,-0.00694385,0E-8,0.000000,0.904604,0.002289,0.01846642,2026-03-22,2026-08-06,115,6001,2406,138,0.833333,1.330819,1.230659,1.009211,,,,,,,,GLOBAL_BASELINE_NO_ENTITY_RANKING,,,NOT_APPLICABLE_GLOBAL_BASELINE,HF9g-P5,,,,X 全窗基线 · 不参与实体赏罚,8399782,840,A168_HF9F_20260827_0900,2026-08-27 09:00:00
2026-05-01,36810153,2088,0,6.3018590484,-2.2056506669,-2.2056506669,0.3333333,3,3,0.50665070000000000,0.506650700000,-0.6004420894325239,-0.6004420894325239,-0.6004420894325239,0E-17,ELIGIBLE,R03b_20260811_FULL_v1,L1_ELIGIBILITY,v2026-08-11,2026-03-21..2026-08-06,baccarat_bet02_101_all_pairs_incl_sentinel,round_win = game_pnl > 0 (decisive only),COMPATIBILITY_ONLY_NOT_PRODUCTION,81515.6139,73739.3596,483.5193,11361,11361,-0.00593162,0.00694385,-0.01152257,-0.00593162,-483.5193,81515.6139,OK,0.0000,19.3408,4.0000,96.0000,AG03-UNRESOLVED,ALL5_LEVELS_bet23_to_bet27,19.3408,19.3408,19.3408,24.1760,24.1760,4.000000,4.000000,4.000000,5.000000,5.000000,96.000000,96.000000,96.000000,95.000000,95.000000,5.0,106.3742,97.4416,377.1451,386.0777,PENDING_AG03,FALSE,NOT_FOR_ENFORCEMENT,464.1785,70789.7852,483.5193,464.1785,19.3408,0.00593162,0.00569435,19.3408,464.1785,0.00569435,19.3408,19.3408,19.3408,24.1760,24.1760,464.1785,0.00569435,106.3742,97.4416,377.1451,386.0777,0.00462666,0.00473624,0.00023726,7.1750,6.4906,0.0426,4.2045,0.0806,708.8314,98.7913,8.8300,6.6350,4.0407,4.4018,8.4329,14.3073,20.7715,40.8781,4.2012,0.0,4.718859,9.286678,1.630025,30,242,81,2,0.30276321,0.00593162,-0.00694385,0E-8,0.000000,0.904604,0.002289,0.01846642,2026-03-22,2026-08-06,115,6001,2406,138,0.833333,1.330819,1.230659,1.009211,,,,,,,,GLOBAL_BASELINE_NO_ENTITY_RANKING,,,NOT_APPLICABLE_GLOBAL_BASELINE,HF9g-P5,,,,X 全窗基线 · 不参与实体赏罚,8399783,840,A168_HF9F_20260827_0900,2026-08-27 09:00:00
2026-05-01,36810153,2093,0,2.1006196828,-2.1006196828,-2.1006196828,0E-7,1,1,0.50665070000000000,0.506650700000,-1.013391052207602,-1.013391052207602,-1.013391052207602,0E-17,ELIGIBLE,R03b_20260811_FULL_v1,L1_ELIGIBILITY,v2026-08-11,2026-03-21..2026-08-06,baccarat_bet02_101_all_pairs_incl_sentinel,round_win = game_pnl > 0 (decisive only),COMPATIBILITY_ONLY_NOT_PRODUCTION,81515.6139,73739.3596,483.5193,11361,11361,-0.00593162,0.00694385,-0.01152257,-0.00593162,-483.5193,81515.6139,OK,0.0000,19.3408,4.0000,96.0000,AG03-UNRESOLVED,ALL5_LEVELS_bet23_to_bet27,19.3408,19.3408,19.3408,24.1760,24.1760,4.000000,4.000000,4.000000,5.000000,5.000000,96.000000,96.000000,96.000000,95.000000,95.000000,5.0,106.3742,97.4416,377.1451,386.0777,PENDING_AG03,FALSE,NOT_FOR_ENFORCEMENT,464.1785,70789.7852,483.5193,464.1785,19.3408,0.00593162,0.00569435,19.3408,464.1785,0.00569435,19.3408,19.3408,19.3408,24.1760,24.1760,464.1785,0.00569435,106.3742,97.4416,377.1451,386.0777,0.00462666,0.00473624,0.00023726,7.1750,6.4906,0.0426,4.2045,0.0806,708.8314,98.7913,8.8300,6.6350,4.0407,4.4018,8.4329,14.3073,20.7715,40.8781,4.2012,0.0,4.718859,9.286678,1.630025,30,242,81,2,0.30276321,0.00593162,-0.00694385,0E-8,0.000000,0.904604,0.002289,0.01846642,2026-03-22,2026-08-06,115,6001,2406,138,0.833333,1.330819,1.230659,1.009211,,,,,,,,GLOBAL_BASELINE_NO_ENTITY_RANKING,,,NOT_APPLICABLE_GLOBAL_BASELINE,HF9g-P5,,,,X 全窗基线 · 不参与实体赏罚,8399784,840,A168_HF9F_20260827_0900,2026-08-27 09:00:00
2026-05-01,36810153,2170,0,2.1006196828,1.9955886987,1.9955886987,1.0000000,1,1,0.50665070000000000,0.506650700000,0.9867858985152569,0.9867858985152569,0.9867858985152569,0E-17,ELIGIBLE,R03b_20260811_FULL_v1,L1_ELIGIBILITY,v2026-08-11,2026-03-21..2026-08-06,baccarat_bet02_101_all_pairs_incl_sentinel,round_win = game_pnl > 0 (decisive only),COMPATIBILITY_ONLY_NOT_PRODUCTION,81515.6139,73739.3596,483.5193,11361,11361,-0.00593162,0.00694385,-0.01152257,-0.00593162,-483.5193,81515.6139,OK,0.0000,19.3408,4.0000,96.0000,AG03-UNRESOLVED,ALL5_LEVELS_bet23_to_bet27,19.3408,19.3408,19.3408,24.1760,24.1760,4.000000,4.000000,4.000000,5.000000,5.000000,96.000000,96.000000,96.000000,95.000000,95.000000,5.0,106.3742,97.4416,377.1451,386.0777,PENDING_AG03,FALSE,NOT_FOR_ENFORCEMENT,464.1785,70789.7852,483.5193,464.1785,19.3408,0.00593162,0.00569435,19.3408,464.1785,0.00569435,19.3408,19.3408,19.3408,24.1760,24.1760,464.1785,0.00569435,106.3742,97.4416,377.1451,386.0777,0.00462666,0.00473624,0.00023726,7.1750,6.4906,0.0426,4.2045,0.0806,708.8314,98.7913,8.8300,6.6350,4.0407,4.4018,8.4329,14.3073,20.7715,40.8781,4.2012,0.0,4.718859,9.286678,1.630025,30,242,81,2,0.30276321,0.00593162,-0.00694385,0E-8,0.000000,0.904604,0.002289,0.01846642,2026-03-22,2026-08-06,115,6001,2406,138,0.833333,1.330819,1.230659,1.009211,,,,,,,,GLOBAL_BASELINE_NO_ENTITY_RANKING,,,NOT_APPLICABLE_GLOBAL_BASELINE,HF9g-P5,,,,X 全窗基线 · 不参与实体赏罚,8399785,840,A168_HF9F_20260827_0900,2026-08-27 09:00:00
2026-05-01,36810153,2202,0,7.7722928264,5.9867660961,5.9867660961,1.0000000,4,4,0.50329940000000000,0.503299400000,1.7206588134302945,1.7206588134302945,1.7206588134302945,0E-17,ELIGIBLE,R03b_20260811_FULL_v1,L1_ELIGIBILITY,v2026-08-11,2026-03-21..2026-08-06,baccarat_bet02_101_all_pairs_incl_sentinel,round_win = game_pnl > 0 (decisive only),COMPATIBILITY_ONLY_NOT_PRODUCTION,81515.6139,73739.3596,483.5193,11361,11361,-0.00593162,0.00694385,-0.01152257,-0.00593162,-483.5193,81515.6139,OK,0.0000,19.3408,4.0000,96.0000,AG03-UNRESOLVED,ALL5_LEVELS_bet23_to_bet27,19.3408,19.3408,19.3408,24.1760,24.1760,4.000000,4.000000,4.000000,5.000000,5.000000,96.000000,96.000000,96.000000,95.000000,95.000000,5.0,106.3742,97.4416,377.1451,386.0777,PENDING_AG03,FALSE,NOT_FOR_ENFORCEMENT,464.1785,70789.7852,483.5193,464.1785,19.3408,0.00593162,0.00569435,19.3408,464.1785,0.00569435,19.3408,19.3408,19.3408,24.1760,24.1760,464.1785,0.00569435,106.3742,97.4416,377.1451,386.0777,0.00462666,0.00473624,0.00023726,7.1750,6.4906,0.0426,4.2045,0.0806,708.8314,98.7913,8.8300,6.6350,4.0407,4.4018,8.4329,14.3073,20.7715,40.8781,4.2012,0.0,4.718859,9.286678,1.630025,30,242,81,2,0.30276321,0.00593162,-0.00694385,0E-8,0.000000,0.904604,0.002289,0.01846642,2026-03-22,2026-08-06,115,6001,2406,138,0.833333,1.330819,1.230659,1.009211,,,,,,,,GLOBAL_BASELINE_NO_ENTITY_RANKING,,,NOT_APPLICABLE_GLOBAL_BASELINE,HF9g-P5,,,,X 全窗基线 · 不参与实体赏罚,8399786,840,A168_HF9F_20260827_0900,2026-08-27 09:00:00
2026-05-01,36810153,2266,0,2.9408675559,2.3842033400,2.3842033400,0.5000000,2,2,0.49994810000000000,0.499948100000,0.00014679536856514622,0.00014679536856514622,0.00014679536856514622,0E-17,ELIGIBLE,R03b_20260811_FULL_v1,L1_ELIGIBILITY,v2026-08-11,2026-03-21..2026-08-06,baccarat_bet02_101_all_pairs_incl_sentinel,round_win = game_pnl > 0 (decisive only),COMPATIBILITY_ONLY_NOT_PRODUCTION,81515.6139,73739.3596,483.5193,11361,11361,-0.00593162,0.00694385,-0.01152257,-0.00593162,-483.5193,81515.6139,OK,0.0000,19.3408,4.0000,96.0000,AG03-UNRESOLVED,ALL5_LEVELS_bet23_to_bet27,19.3408,19.3408,19.3408,24.1760,24.1760,4.000000,4.000000,4.000000,5.000000,5.000000,96.000000,96.000000,96.000000,95.000000,95.000000,5.0,106.3742,97.4416,377.1451,386.0777,PENDING_AG03,FALSE,NOT_FOR_ENFORCEMENT,464.1785,70789.7852,483.5193,464.1785,19.3408,0.00593162,0.00569435,19.3408,464.1785,0.00569435,19.3408,19.3408,19.3408,24.1760,24.1760,464.1785,0.00569435,106.3742,97.4416,377.1451,386.0777,0.00462666,0.00473624,0.00023726,7.1750,6.4906,0.0426,4.2045,0.0806,708.8314,98.7913,8.8300,6.6350,4.0407,4.4018,8.4329,14.3073,20.7715,40.8781,4.2012,0.0,4.718859,9.286678,1.630025,30,242,81,2,0.30276321,0.00593162,-0.00694385,0E-8,0.000000,0.904604,0.002289,0.01846642,2026-03-22,2026-08-06,115,6001,2406,138,0.833333,1.330819,1.230659,1.009211,,,,,,,,GLOBAL_BASELINE_NO_ENTITY_RANKING,,,NOT_APPLICABLE_GLOBAL_BASELINE,HF9g-P5,,,,X 全窗基线 · 不参与实体赏罚,8399787,840,A168_HF9F_20260827_0900,2026-08-27 09:00:00
2026-05-01,36810153,550,0,4.2012393656,4.2012393656,4.2012393656,1.0000000,1,1,0.49324550000000000,0.493245500000,1.01360149184955,1.01360149184955,1.01360149184955,0E-17,ELIGIBLE,R03b_20260811_FULL_v1,L1_ELIGIBILITY,v2026-08-11,2026-03-21..2026-08-06,baccarat_bet02_101_all_pairs_incl_sentinel,round_win = game_pnl > 0 (decisive only),COMPATIBILITY_ONLY_NOT_PRODUCTION,81515.6139,73739.3596,483.5193,11361,11361,-0.00593162,0.00694385,-0.01152257,-0.00593162,-483.5193,81515.6139,OK,0.0000,19.3408,4.0000,96.0000,AG03-UNRESOLVED,ALL5_LEVELS_bet23_to_bet27,19.3408,19.3408,19.3408,24.1760,24.1760,4.000000,4.000000,4.000000,5.000000,5.000000,96.000000,96.000000,96.000000,95.000000,95.000000,5.0,106.3742,97.4416,377.1451,386.0777,PENDING_AG03,FALSE,NOT_FOR_ENFORCEMENT,464.1785,70789.7852,483.5193,464.1785,19.3408,0.00593162,0.00569435,19.3408,464.1785,0.00569435,19.3408,19.3408,19.3408,24.1760,24.1760,464.1785,0.00569435,106.3742,97.4416,377.1451,386.0777,0.00462666,0.00473624,0.00023726,7.1750,6.4906,0.0426,4.2045,0.0806,708.8314,98.7913,8.8300,6.6350,4.0407,4.4018,8.4329,14.3073,20.7715,40.8781,4.2012,0.0,4.718859,9.286678,1.630025,30,242,81,2,0.30276321,0.00593162,-0.00694385,0E-8,0.000000,0.904604,0.002289,0.01846642,2026-03-22,2026-08-06,115,6001,2406,138,0.833333,1.330819,1.230659,1.009211,,,,,,,,GLOBAL_BASELINE_NO_ENTITY_RANKING,,,NOT_APPLICABLE_GLOBAL_BASELINE,HF9g-P5,,,,X 全窗基线 · 不参与实体赏罚,8399788,840,A168_HF9F_20260827_0900,2026-08-27 09:00:00
2026-05-01,36810153,752,0,2.3106816511,-1.8905577145,-1.8905577145,0.5000000,2,2,0.49324550000000000,0.493245500000,0.01910635448239258,0.01910635448239258,0.01910635448239258,0E-17,ELIGIBLE,R03b_20260811_FULL_v1,L1_ELIGIBILITY,v2026-08-11,2026-03-21..2026-08-06,baccarat_bet02_101_all_pairs_incl_sentinel,round_win = game_pnl > 0 (decisive only),COMPATIBILITY_ONLY_NOT_PRODUCTION,81515.6139,73739.3596,483.5193,11361,11361,-0.00593162,0.00694385,-0.01152257,-0.00593162,-483.5193,81515.6139,OK,0.0000,19.3408,4.0000,96.0000,AG03-UNRESOLVED,ALL5_LEVELS_bet23_to_bet27,19.3408,19.3408,19.3408,24.1760,24.1760,4.000000,4.000000,4.000000,5.000000,5.000000,96.000000,96.000000,96.000000,95.000000,95.000000,5.0,106.3742,97.4416,377.1451,386.0777,PENDING_AG03,FALSE,NOT_FOR_ENFORCEMENT,464.1785,70789.7852,483.5193,464.1785,19.3408,0.00593162,0.00569435,19.3408,464.1785,0.00569435,19.3408,19.3408,19.3408,24.1760,24.1760,464.1785,0.00569435,106.3742,97.4416,377.1451,386.0777,0.00462666,0.00473624,0.00023726,7.1750,6.4906,0.0426,4.2045,0.0806,708.8314,98.7913,8.8300,6.6350,4.0407,4.4018,8.4329,14.3073,20.7715,40.8781,4.2012,0.0,4.718859,9.286678,1.630025,30,242,81,2,0.30276321,0.00593162,-0.00694385,0E-8,0.000000,0.904604,0.002289,0.01846642,2026-03-22,2026-08-06,115,6001,2406,138,0.833333,1.330819,1.230659,1.009211,,,,,,,,GLOBAL_BASELINE_NO_ENTITY_RANKING,,,NOT_APPLICABLE_GLOBAL_BASELINE,HF9g-P5,,,,X 全窗基线 · 不参与实体赏罚,8399789,840,A168_HF9F_20260827_0900,2026-08-27 09:00:00
2026-05-01,36810153,925,0,4.2012393656,0E-10,0E-10,0.5000000,2,2,0.49324550000000000,0.493245500000,0.01910635448239258,0.01910635448239258,0.01910635448239258,0E-17,ELIGIBLE,R03b_20260811_FULL_v1,L1_ELIGIBILITY,v2026-08-11,2026-03-21..2026-08-06,baccarat_bet02_101_all_pairs_incl_sentinel,round_win = game_pnl > 0 (decisive only),COMPATIBILITY_ONLY_NOT_PRODUCTION,81515.6139,73739.3596,483.5193,11361,11361,-0.00593162,0.00694385,-0.01152257,-0.00593162,-483.5193,81515.6139,OK,0.0000,19.3408,4.0000,96.0000,AG03-UNRESOLVED,ALL5_LEVELS_bet23_to_bet27,19.3408,19.3408,19.3408,24.1760,24.1760,4.000000,4.000000,4.000000,5.000000,5.000000,96.000000,96.000000,96.000000,95.000000,95.000000,5.0,106.3742,97.4416,377.1451,386.0777,PENDING_AG03,FALSE,NOT_FOR_ENFORCEMENT,464.1785,70789.7852,483.5193,464.1785,19.3408,0.00593162,0.00569435,19.3408,464.1785,0.00569435,19.3408,19.3408,19.3408,24.1760,24.1760,464.1785,0.00569435,106.3742,97.4416,377.1451,386.0777,0.00462666,0.00473624,0.00023726,7.1750,6.4906,0.0426,4.2045,0.0806,708.8314,98.7913,8.8300,6.6350,4.0407,4.4018,8.4329,14.3073,20.7715,40.8781,4.2012,0.0,4.718859,9.286678,1.630025,30,242,81,2,0.30276321,0.00593162,-0.00694385,0E-8,0.000000,0.904604,0.002289,0.01846642,2026-03-22,2026-08-06,115,6001,2406,138,0.833333,1.330819,1.230659,1.009211,,,,,,,,GLOBAL_BASELINE_NO_ENTITY_RANKING,,,NOT_APPLICABLE_GLOBAL_BASELINE,HF9g-P5,,,,X 全窗基线 · 不参与实体赏罚,8399790,840,A168_HF9F_20260827_0900,2026-08-27 09:00:00
2026-05-01,36810153,989,0,2.1006196828,2.1006196828,2.1006196828,1.0000000,1,1,0.49324550000000000,0.493245500000,1.01360149184955,1.01360149184955,1.01360149184955,0E-17,ELIGIBLE,R03b_20260811_FULL_v1,L1_ELIGIBILITY,v2026-08-11,2026-03-21..2026-08-06,baccarat_bet02_101_all_pairs_incl_sentinel,round_win = game_pnl > 0 (decisive only),COMPATIBILITY_ONLY_NOT_PRODUCTION,81515.6139,73739.3596,483.5193,11361,11361,-0.00593162,0.00694385,-0.01152257,-0.00593162,-483.5193,81515.6139,OK,0.0000,19.3408,4.0000,96.0000,AG03-UNRESOLVED,ALL5_LEVELS_bet23_to_bet27,19.3408,19.3408,19.3408,24.1760,24.1760,4.000000,4.000000,4.000000,5.000000,5.000000,96.000000,96.000000,96.000000,95.000000,95.000000,5.0,106.3742,97.4416,377.1451,386.0777,PENDING_AG03,FALSE,NOT_FOR_ENFORCEMENT,464.1785,70789.7852,483.5193,464.1785,19.3408,0.00593162,0.00569435,19.3408,464.1785,0.00569435,19.3408,19.3408,19.3408,24.1760,24.1760,464.1785,0.00569435,106.3742,97.4416,377.1451,386.0777,0.00462666,0.00473624,0.00023726,7.1750,6.4906,0.0426,4.2045,0.0806,708.8314,98.7913,8.8300,6.6350,4.0407,4.4018,8.4329,14.3073,20.7715,40.8781,4.2012,0.0,4.718859,9.286678,1.630025,30,242,81,2,0.30276321,0.00593162,-0.00694385,0E-8,0.000000,0.904604,0.002289,0.01846642,2026-03-22,2026-08-06,115,6001,2406,138,0.833333,1.330819,1.230659,1.009211,,,,,,,,GLOBAL_BASELINE_NO_ENTITY_RANKING,,,NOT_APPLICABLE_GLOBAL_BASELINE,HF9g-P5,,,,X 全窗基线 · 不参与实体赏罚,8399791,840,A168_HF9F_20260827_0900,2026-08-27 09:00:00
2026-05-04,36810153,-1,1,14.4942758113,3.9911773973,3.9911773973,0.6666667,8,8,0.49659680000000000,0.496596800000,0.8331880877225314,0.8331880877225314,0.8331880877225314,0E-17,SENTINEL_DEALER,R03b_20260811_FULL_v1,L1_ELIGIBILITY,v2026-08-11,2026-03-21..2026-08-06,baccarat_bet02_101_all_pairs_incl_sentinel,round_win = game_pnl > 0 (decisive only),COMPATIBILITY_ONLY_NOT_PRODUCTION,81515.6139,73739.3596,483.5193,11361,11361,-0.00593162,0.00694385,-0.01152257,-0.00593162,-483.5193,81515.6139,OK,0.0000,19.3408,4.0000,96.0000,AG03-UNRESOLVED,ALL5_LEVELS_bet23_to_bet27,19.3408,19.3408,19.3408,24.1760,24.1760,4.000000,4.000000,4.000000,5.000000,5.000000,96.000000,96.000000,96.000000,95.000000,95.000000,5.0,106.3742,97.4416,377.1451,386.0777,PENDING_AG03,FALSE,NOT_FOR_ENFORCEMENT,464.1785,70789.7852,483.5193,464.1785,19.3408,0.00593162,0.00569435,19.3408,464.1785,0.00569435,19.3408,19.3408,19.3408,24.1760,24.1760,464.1785,0.00569435,106.3742,97.4416,377.1451,386.0777,0.00462666,0.00473624,0.00023726,7.1750,6.4906,0.0426,4.2045,0.0806,708.8314,98.7913,8.8300,6.6350,4.0407,4.4018,8.4329,14.3073,20.7715,40.8781,4.2012,0.0,4.718859,9.286678,1.630025,30,242,81,2,0.30276321,0.00593162,-0.00694385,0E-8,0.000000,0.904604,0.002289,0.01846642,2026-03-22,2026-08-06,115,6001,2406,138,0.833333,1.330819,1.230659,1.009211,,,,,,,,GLOBAL_BASELINE_NO_ENTITY_RANKING,,,NOT_APPLICABLE_GLOBAL_BASELINE,HF9g-P5,,,,X 全窗基线 · 不参与实体赏罚,8399792,840,A168_HF9F_20260827_0900,2026-08-27 09:00:00
2026-05-04,36810153,1004,0,2.1006196828,-2.1006196828,-2.1006196828,0E-7,1,1,0.50665070000000000,0.506650700000,-1.013391052207602,-1.013391052207602,-1.013391052207602,0E-17,ELIGIBLE,R03b_20260811_FULL_v1,L1_ELIGIBILITY,v2026-08-11,2026-03-21..2026-08-06,baccarat_bet02_101_all_pairs_incl_sentinel,round_win = game_pnl > 0 (decisive only),COMPATIBILITY_ONLY_NOT_PRODUCTION,81515.6139,73739.3596,483.5193,11361,11361,-0.00593162,0.00694385,-0.01152257,-0.00593162,-483.5193,81515.6139,OK,0.0000,19.3408,4.0000,96.0000,AG03-UNRESOLVED,ALL5_LEVELS_bet23_to_bet27,19.3408,19.3408,19.3408,24.1760,24.1760,4.000000,4.000000,4.000000,5.000000,5.000000,96.000000,96.000000,96.000000,95.000000,95.000000,5.0,106.3742,97.4416,377.1451,386.0777,PENDING_AG03,FALSE,NOT_FOR_ENFORCEMENT,464.1785,70789.7852,483.5193,464.1785,19.3408,0.00593162,0.00569435,19.3408,464.1785,0.00569435,19.3408,19.3408,19.3408,24.1760,24.1760,464.1785,0.00569435,106.3742,97.4416,377.1451,386.0777,0.00462666,0.00473624,0.00023726,7.1750,6.4906,0.0426,4.2045,0.0806,708.8314,98.7913,8.8300,6.6350,4.0407,4.4018,8.4329,14.3073,20.7715,40.8781,4.2012,0.0,4.718859,9.286678,1.630025,30,242,81,2,0.30276321,0.00593162,-0.00694385,0E-8,0.000000,0.904604,0.002289,0.01846642,2026-03-22,2026-08-06,115,6001,2406,138,0.833333,1.330819,1.230659,1.009211,,,,,,,,GLOBAL_BASELINE_NO_ENTITY_RANKING,,,NOT_APPLICABLE_GLOBAL_BASELINE,HF9g-P5,,,,X 全窗基线 · 不参与实体赏罚,8399793,840,A168_HF9F_20260827_0900,2026-08-27 09:00:00
2026-05-04,36810153,1017,0,6.7219829850,0.2940867556,0.2940867556,0.5000000,3,3,0.50665070000000000,0.506650700000,-0.018812684590367487,-0.018812684590367487,-0.018812684590367487,0E-17,ELIGIBLE,R03b_20260811_FULL_v1,L1_ELIGIBILITY,v2026-08-11,2026-03-21..2026-08-06,baccarat_bet02_101_all_pairs_incl_sentinel,round_win = game_pnl > 0 (decisive only),COMPATIBILITY_ONLY_NOT_PRODUCTION,81515.6139,73739.3596,483.5193,11361,11361,-0.00593162,0.00694385,-0.01152257,-0.00593162,-483.5193,81515.6139,OK,0.0000,19.3408,4.0000,96.0000,AG03-UNRESOLVED,ALL5_LEVELS_bet23_to_bet27,19.3408,19.3408,19.3408,24.1760,24.1760,4.000000,4.000000,4.000000,5.000000,5.000000,96.000000,96.000000,96.000000,95.000000,95.000000,5.0,106.3742,97.4416,377.1451,386.0777,PENDING_AG03,FALSE,NOT_FOR_ENFORCEMENT,464.1785,70789.7852,483.5193,464.1785,19.3408,0.00593162,0.00569435,19.3408,464.1785,0.00569435,19.3408,19.3408,19.3408,24.1760,24.1760,464.1785,0.00569435,106.3742,97.4416,377.1451,386.0777,0.00462666,0.00473624,0.00023726,7.1750,6.4906,0.0426,4.2045,0.0806,708.8314,98.7913,8.8300,6.6350,4.0407,4.4018,8.4329,14.3073,20.7715,40.8781,4.2012,0.0,4.718859,9.286678,1.630025,30,242,81,2,0.30276321,0.00593162,-0.00694385,0E-8,0.000000,0.904604,0.002289,0.01846642,2026-03-22,2026-08-06,115,6001,2406,138,0.833333,1.330819,1.230659,1.009211,,,,,,,,GLOBAL_BASELINE_NO_ENTITY_RANKING,,,NOT_APPLICABLE_GLOBAL_BASELINE,HF9g-P5,,,,X 全窗基线 · 不参与实体赏罚,8399794,840,A168_HF9F_20260827_0900,2026-08-27 09:00:00
2026-05-04,36810153,1094,0,2.1006196828,1.9955886987,1.9955886987,1.0000000,1,1,0.50665070000000000,0.506650700000,0.9867858985152569,0.9867858985152569,0.9867858985152569,0E-17,ELIGIBLE,R03b_20260811_FULL_v1,L1_ELIGIBILITY,v2026-08-11,2026-03-21..2026-08-06,baccarat_bet02_101_all_pairs_incl_sentinel,round_win = game_pnl > 0 (decisive only),COMPATIBILITY_ONLY_NOT_PRODUCTION,81515.6139,73739.3596,483.5193,11361,11361,-0.00593162,0.00694385,-0.01152257,-0.00593162,-483.5193,81515.6139,OK,0.0000,19.3408,4.0000,96.0000,AG03-UNRESOLVED,ALL5_LEVELS_bet23_to_bet27,19.3408,19.3408,19.3408,24.1760,24.1760,4.000000,4.000000,4.000000,5.000000,5.000000,96.000000,96.000000,96.000000,95.000000,95.000000,5.0,106.3742,97.4416,377.1451,386.0777,PENDING_AG03,FALSE,NOT_FOR_ENFORCEMENT,464.1785,70789.7852,483.5193,464.1785,19.3408,0.00593162,0.00569435,19.3408,464.1785,0.00569435,19.3408,19.3408,19.3408,24.1760,24.1760,464.1785,0.00569435,106.3742,97.4416,377.1451,386.0777,0.00462666,0.00473624,0.00023726,7.1750,6.4906,0.0426,4.2045,0.0806,708.8314,98.7913,8.8300,6.6350,4.0407,4.4018,8.4329,14.3073,20.7715,40.8781,4.2012,0.0,4.718859,9.286678,1.630025,30,242,81,2,0.30276321,0.00593162,-0.00694385,0E-8,0.000000,0.904604,0.002289,0.01846642,2026-03-22,2026-08-06,115,6001,2406,138,0.833333,1.330819,1.230659,1.009211,,,,,,,,GLOBAL_BASELINE_NO_ENTITY_RANKING,,,NOT_APPLICABLE_GLOBAL_BASELINE,HF9g-P5,,,,X 全窗基线 · 不参与实体赏罚,8399795,840,A168_HF9F_20260827_0900,2026-08-27 09:00:00
2026-05-04,36810153,1109,0,6.0917970801,3.9911773973,3.9911773973,1.0000000,3,3,0.49324550000000000,0.493245500000,1.4334489766152358,1.4334489766152358,1.4334489766152358,0E-17,ELIGIBLE,R03b_20260811_FULL_v1,L1_ELIGIBILITY,v2026-08-11,2026-03-21..2026-08-06,baccarat_bet02_101_all_pairs_incl_sentinel,round_win = game_pnl > 0 (decisive only),COMPATIBILITY_ONLY_NOT_PRODUCTION,81515.6139,73739.3596,483.5193,11361,11361,-0.00593162,0.00694385,-0.01152257,-0.00593162,-483.5193,81515.6139,OK,0.0000,19.3408,4.0000,96.0000,AG03-UNRESOLVED,ALL5_LEVELS_bet23_to_bet27,19.3408,19.3408,19.3408,24.1760,24.1760,4.000000,4.000000,4.000000,5.000000,5.000000,96.000000,96.000000,96.000000,95.000000,95.000000,5.0,106.3742,97.4416,377.1451,386.0777,PENDING_AG03,FALSE,NOT_FOR_ENFORCEMENT,464.1785,70789.7852,483.5193,464.1785,19.3408,0.00593162,0.00569435,19.3408,464.1785,0.00569435,19.3408,19.3408,19.3408,24.1760,24.1760,464.1785,0.00569435,106.3742,97.4416,377.1451,386.0777,0.00462666,0.00473624,0.00023726,7.1750,6.4906,0.0426,4.2045,0.0806,708.8314,98.7913,8.8300,6.6350,4.0407,4.4018,8.4329,14.3073,20.7715,40.8781,4.2012,0.0,4.718859,9.286678,1.630025,30,242,81,2,0.30276321,0.00593162,-0.00694385,0E-8,0.000000,0.904604,0.002289,0.01846642,2026-03-22,2026-08-06,115,6001,2406,138,0.833333,1.330819,1.230659,1.009211,,,,,,,,GLOBAL_BASELINE_NO_ENTITY_RANKING,,,NOT_APPLICABLE_GLOBAL_BASELINE,HF9g-P5,,,,X 全窗基线 · 不参与实体赏罚,8399796,840,A168_HF9F_20260827_0900,2026-08-27 09:00:00
2026-05-04,36810153,1221,0,0.2100619683,-0.2100619683,-0.2100619683,0E-7,1,1,0.49324550000000000,0.493245500000,-0.9865810262130424,-0.9865810262130424,-0.9865810262130424,0E-17,ELIGIBLE,R03b_20260811_FULL_v1,L1_ELIGIBILITY,v2026-08-11,2026-03-21..2026-08-06,baccarat_bet02_101_all_pairs_incl_sentinel,round_win = game_pnl > 0 (decisive only),COMPATIBILITY_ONLY_NOT_PRODUCTION,81515.6139,73739.3596,483.5193,11361,11361,-0.00593162,0.00694385,-0.01152257,-0.00593162,-483.5193,81515.6139,OK,0.0000,19.3408,4.0000,96.0000,AG03-UNRESOLVED,ALL5_LEVELS_bet23_to_bet27,19.3408,19.3408,19.3408,24.1760,24.1760,4.000000,4.000000,4.000000,5.000000,5.000000,96.000000,96.000000,96.000000,95.000000,95.000000,5.0,106.3742,97.4416,377.1451,386.0777,PENDING_AG03,FALSE,NOT_FOR_ENFORCEMENT,464.1785,70789.7852,483.5193,464.1785,19.3408,0.00593162,0.00569435,19.3408,464.1785,0.00569435,19.3408,19.3408,19.3408,24.1760,24.1760,464.1785,0.00569435,106.3742,97.4416,377.1451,386.0777,0.00462666,0.00473624,0.00023726,7.1750,6.4906,0.0426,4.2045,0.0806,708.8314,98.7913,8.8300,6.6350,4.0407,4.4018,8.4329,14.3073,20.7715,40.8781,4.2012,0.0,4.718859,9.286678,1.630025,30,242,81,2,0.30276321,0.00593162,-0.00694385,0E-8,0.000000,0.904604,0.002289,0.01846642,2026-03-22,2026-08-06,115,6001,2406,138,0.833333,1.330819,1.230659,1.009211,,,,,,,,GLOBAL_BASELINE_NO_ENTITY_RANKING,,,NOT_APPLICABLE_GLOBAL_BASELINE,HF9g-P5,,,,X 全窗基线 · 不参与实体赏罚,8399797,840,A168_HF9F_20260827_0900,2026-08-27 09:00:00
2026-05-04,36810153,1318,0,4.2012393656,-4.2012393656,-4.2012393656,0E-7,2,2,0.49994810000000000,0.499948100000,-1.4140667746232096,-1.4140667746232096,-1.4140667746232096,0E-17,ELIGIBLE,R03b_20260811_FULL_v1,L1_ELIGIBILITY,v2026-08-11,2026-03-21..2026-08-06,baccarat_bet02_101_all_pairs_incl_sentinel,round_win = game_pnl > 0 (decisive only),COMPATIBILITY_ONLY_NOT_PRODUCTION,81515.6139,73739.3596,483.5193,11361,11361,-0.00593162,0.00694385,-0.01152257,-0.00593162,-483.5193,81515.6139,OK,0.0000,19.3408,4.0000,96.0000,AG03-UNRESOLVED,ALL5_LEVELS_bet23_to_bet27,19.3408,19.3408,19.3408,24.1760,24.1760,4.000000,4.000000,4.000000,5.000000,5.000000,96.000000,96.000000,96.000000,95.000000,95.000000,5.0,106.3742,97.4416,377.1451,386.0777,PENDING_AG03,FALSE,NOT_FOR_ENFORCEMENT,464.1785,70789.7852,483.5193,464.1785,19.3408,0.00593162,0.00569435,19.3408,464.1785,0.00569435,19.3408,19.3408,19.3408,24.1760,24.1760,464.1785,0.00569435,106.3742,97.4416,377.1451,386.0777,0.00462666,0.00473624,0.00023726,7.1750,6.4906,0.0426,4.2045,0.0806,708.8314,98.7913,8.8300,6.6350,4.0407,4.4018,8.4329,14.3073,20.7715,40.8781,4.2012,0.0,4.718859,9.286678,1.630025,30,242,81,2,0.30276321,0.00593162,-0.00694385,0E-8,0.000000,0.904604,0.002289,0.01846642,2026-03-22,2026-08-06,115,6001,2406,138,0.833333,1.330819,1.230659,1.009211,,,,,,,,GLOBAL_BASELINE_NO_ENTITY_RANKING,,,NOT_APPLICABLE_GLOBAL_BASELINE,HF9g-P5,,,,X 全窗基线 · 不参与实体赏罚,8399798,840,A168_HF9F_20260827_0900,2026-08-27 09:00:00
2026-05-04,36810153,1382,0,4.2012393656,3.9911773973,3.9911773973,1.0000000,1,1,0.50665070000000000,0.506650700000,0.9867858985152569,0.9867858985152569,0.9867858985152569,0E-17,ELIGIBLE,R03b_20260811_FULL_v1,L1_ELIGIBILITY,v2026-08-11,2026-03-21..2026-08-06,baccarat_bet02_101_all_pairs_incl_sentinel,round_win = game_pnl > 0 (decisive only),COMPATIBILITY_ONLY_NOT_PRODUCTION,81515.6139,73739.3596,483.5193,11361,11361,-0.00593162,0.00694385,-0.01152257,-0.00593162,-483.5193,81515.6139,OK,0.0000,19.3408,4.0000,96.0000,AG03-UNRESOLVED,ALL5_LEVELS_bet23_to_bet27,19.3408,19.3408,19.3408,24.1760,24.1760,4.000000,4.000000,4.000000,5.000000,5.000000,96.000000,96.000000,96.000000,95.000000,95.000000,5.0,106.3742,97.4416,377.1451,386.0777,PENDING_AG03,FALSE,NOT_FOR_ENFORCEMENT,464.1785,70789.7852,483.5193,464.1785,19.3408,0.00593162,0.00569435,19.3408,464.1785,0.00569435,19.3408,19.3408,19.3408,24.1760,24.1760,464.1785,0.00569435,106.3742,97.4416,377.1451,386.0777,0.00462666,0.00473624,0.00023726,7.1750,6.4906,0.0426,4.2045,0.0806,708.8314,98.7913,8.8300,6.6350,4.0407,4.4018,8.4329,14.3073,20.7715,40.8781,4.2012,0.0,4.718859,9.286678,1.630025,30,242,81,2,0.30276321,0.00593162,-0.00694385,0E-8,0.000000,0.904604,0.002289,0.01846642,2026-03-22,2026-08-06,115,6001,2406,138,0.833333,1.330819,1.230659,1.009211,,,,,,,,GLOBAL_BASELINE_NO_ENTITY_RANKING,,,NOT_APPLICABLE_GLOBAL_BASELINE,HF9g-P5,,,,X 全窗基线 · 不参与实体赏罚,8399799,840,A168_HF9F_20260827_0900,2026-08-27 09:00:00
2026-05-04,36810153,1402,0,2.1006196828,1.9955886987,1.9955886987,1.0000000,1,1,0.50665070000000000,0.506650700000,0.9867858985152569,0.9867858985152569,0.9867858985152569,0E-17,ELIGIBLE,R03b_20260811_FULL_v1,L1_ELIGIBILITY,v2026-08-11,2026-03-21..2026-08-06,baccarat_bet02_101_all_pairs_incl_sentinel,round_win = game_pnl > 0 (decisive only),COMPATIBILITY_ONLY_NOT_PRODUCTION,81515.6139,73739.3596,483.5193,11361,11361,-0.00593162,0.00694385,-0.01152257,-0.00593162,-483.5193,81515.6139,OK,0.0000,19.3408,4.0000,96.0000,AG03-UNRESOLVED,ALL5_LEVELS_bet23_to_bet27,19.3408,19.3408,19.3408,24.1760,24.1760,4.000000,4.000000,4.000000,5.000000,5.000000,96.000000,96.000000,96.000000,95.000000,95.000000,5.0,106.3742,97.4416,377.1451,386.0777,PENDING_AG03,FALSE,NOT_FOR_ENFORCEMENT,464.1785,70789.7852,483.5193,464.1785,19.3408,0.00593162,0.00569435,19.3408,464.1785,0.00569435,19.3408,19.3408,19.3408,24.1760,24.1760,464.1785,0.00569435,106.3742,97.4416,377.1451,386.0777,0.00462666,0.00473624,0.00023726,7.1750,6.4906,0.0426,4.2045,0.0806,708.8314,98.7913,8.8300,6.6350,4.0407,4.4018,8.4329,14.3073,20.7715,40.8781,4.2012,0.0,4.718859,9.286678,1.630025,30,242,81,2,0.30276321,0.00593162,-0.00694385,0E-8,0.000000,0.904604,0.002289,0.01846642,2026-03-22,2026-08-06,115,6001,2406,138,0.833333,1.330819,1.230659,1.009211,,,,,,,,GLOBAL_BASELINE_NO_ENTITY_RANKING,,,NOT_APPLICABLE_GLOBAL_BASELINE,HF9g-P5,,,,X 全窗基线 · 不参与实体赏罚,8399800,840,A168_HF9F_20260827_0900,2026-08-27 09:00:00
2026-05-04,36810153,1623,0,2.1006196828,1.9955886987,1.9955886987,1.0000000,1,1,0.50665070000000000,0.506650700000,0.9867858985152569,0.9867858985152569,0.9867858985152569,0E-17,ELIGIBLE,R03b_20260811_FULL_v1,L1_ELIGIBILITY,v2026-08-11,2026-03-21..2026-08-06,baccarat_bet02_101_all_pairs_incl_sentinel,round_win = game_pnl > 0 (decisive only),COMPATIBILITY_ONLY_NOT_PRODUCTION,81515.6139,73739.3596,483.5193,11361,11361,-0.00593162,0.00694385,-0.01152257,-0.00593162,-483.5193,81515.6139,OK,0.0000,19.3408,4.0000,96.0000,AG03-UNRESOLVED,ALL5_LEVELS_bet23_to_bet27,19.3408,19.3408,19.3408,24.1760,24.1760,4.000000,4.000000,4.000000,5.000000,5.000000,96.000000,96.000000,96.000000,95.000000,95.000000,5.0,106.3742,97.4416,377.1451,386.0777,PENDING_AG03,FALSE,NOT_FOR_ENFORCEMENT,464.1785,70789.7852,483.5193,464.1785,19.3408,0.00593162,0.00569435,19.3408,464.1785,0.00569435,19.3408,19.3408,19.3408,24.1760,24.1760,464.1785,0.00569435,106.3742,97.4416,377.1451,386.0777,0.00462666,0.00473624,0.00023726,7.1750,6.4906,0.0426,4.2045,0.0806,708.8314,98.7913,8.8300,6.6350,4.0407,4.4018,8.4329,14.3073,20.7715,40.8781,4.2012,0.0,4.718859,9.286678,1.630025,30,242,81,2,0.30276321,0.00593162,-0.00694385,0E-8,0.000000,0.904604,0.002289,0.01846642,2026-03-22,2026-08-06,115,6001,2406,138,0.833333,1.330819,1.230659,1.009211,,,,,,,,GLOBAL_BASELINE_NO_ENTITY_RANKING,,,NOT_APPLICABLE_GLOBAL_BASELINE,HF9g-P5,,,,X 全窗基线 · 不参与实体赏罚,8399801,840,A168_HF9F_20260827_0900,2026-08-27 09:00:00
2026-05-04,36810153,1985,0,4.2012393656,4.0962083815,4.0962083815,1.0000000,2,2,0.49994810000000000,0.499948100000,1.4143603653603398,1.4143603653603398,1.4143603653603398,0E-17,ELIGIBLE,R03b_20260811_FULL_v1,L1_ELIGIBILITY,v2026-08-11,2026-03-21..2026-08-06,baccarat_bet02_101_all_pairs_incl_sentinel,round_win = game_pnl > 0 (decisive only),COMPATIBILITY_ONLY_NOT_PRODUCTION,81515.6139,73739.3596,483.5193,11361,11361,-0.00593162,0.00694385,-0.01152257,-0.00593162,-483.5193,81515.6139,OK,0.0000,19.3408,4.0000,96.0000,AG03-UNRESOLVED,ALL5_LEVELS_bet23_to_bet27,19.3408,19.3408,19.3408,24.1760,24.1760,4.000000,4.000000,4.000000,5.000000,5.000000,96.000000,96.000000,96.000000,95.000000,95.000000,5.0,106.3742,97.4416,377.1451,386.0777,PENDING_AG03,FALSE,NOT_FOR_ENFORCEMENT,464.1785,70789.7852,483.5193,464.1785,19.3408,0.00593162,0.00569435,19.3408,464.1785,0.00569435,19.3408,19.3408,19.3408,24.1760,24.1760,464.1785,0.00569435,106.3742,97.4416,377.1451,386.0777,0.00462666,0.00473624,0.00023726,7.1750,6.4906,0.0426,4.2045,0.0806,708.8314,98.7913,8.8300,6.6350,4.0407,4.4018,8.4329,14.3073,20.7715,40.8781,4.2012,0.0,4.718859,9.286678,1.630025,30,242,81,2,0.30276321,0.00593162,-0.00694385,0E-8,0.000000,0.904604,0.002289,0.01846642,2026-03-22,2026-08-06,115,6001,2406,138,0.833333,1.330819,1.230659,1.009211,,,,,,,,GLOBAL_BASELINE_NO_ENTITY_RANKING,,,NOT_APPLICABLE_GLOBAL_BASELINE,HF9g-P5,,,,X 全窗基线 · 不参与实体赏罚,8399802,840,A168_HF9F_20260827_0900,2026-08-27 09:00:00
2026-05-04,36810153,2145,0,3.9911773973,0.1050309842,0.1050309842,0.5000000,2,2,0.49994810000000000,0.499948100000,0.00014679536856514622,0.00014679536856514622,0.00014679536856514622,0E-17,ELIGIBLE,R03b_20260811_FULL_v1,L1_ELIGIBILITY,v2026-08-11,2026-03-21..2026-08-06,baccarat_bet02_101_all_pairs_incl_sentinel,round_win = game_pnl > 0 (decisive only),COMPATIBILITY_ONLY_NOT_PRODUCTION,81515.6139,73739.3596,483.5193,11361,11361,-0.00593162,0.00694385,-0.01152257,-0.00593162,-483.5193,81515.6139,OK,0.0000,19.3408,4.0000,96.0000,AG03-UNRESOLVED,ALL5_LEVELS_bet23_to_bet27,19.3408,19.3408,19.3408,24.1760,24.1760,4.000000,4.000000,4.000000,5.000000,5.000000,96.000000,96.000000,96.000000,95.000000,95.000000,5.0,106.3742,97.4416,377.1451,386.0777,PENDING_AG03,FALSE,NOT_FOR_ENFORCEMENT,464.1785,70789.7852,483.5193,464.1785,19.3408,0.00593162,0.00569435,19.3408,464.1785,0.00569435,19.3408,19.3408,19.3408,24.1760,24.1760,464.1785,0.00569435,106.3742,97.4416,377.1451,386.0777,0.00462666,0.00473624,0.00023726,7.1750,6.4906,0.0426,4.2045,0.0806,708.8314,98.7913,8.8300,6.6350,4.0407,4.4018,8.4329,14.3073,20.7715,40.8781,4.2012,0.0,4.718859,9.286678,1.630025,30,242,81,2,0.30276321,0.00593162,-0.00694385,0E-8,0.000000,0.904604,0.002289,0.01846642,2026-03-22,2026-08-06,115,6001,2406,138,0.833333,1.330819,1.230659,1.009211,,,,,,,,GLOBAL_BASELINE_NO_ENTITY_RANKING,,,NOT_APPLICABLE_GLOBAL_BASELINE,HF9g-P5,,,,X 全窗基线 · 不参与实体赏罚,8399803,840,A168_HF9F_20260827_0900,2026-08-27 09:00:00
2026-05-04,36810153,2155,0,6.0917970801,-0.6301859049,-0.6301859049,0.5000000,3,3,0.50218230000000000,0.502182300000,-0.00617253530718887,-0.00617253530718887,-0.00617253530718887,0E-17,ELIGIBLE,R03b_20260811_FULL_v1,L1_ELIGIBILITY,v2026-08-11,2026-03-21..2026-08-06,baccarat_bet02_101_all_pairs_incl_sentinel,round_win = game_pnl > 0 (decisive only),COMPATIBILITY_ONLY_NOT_PRODUCTION,81515.6139,73739.3596,483.5193,11361,11361,-0.00593162,0.00694385,-0.01152257,-0.00593162,-483.5193,81515.6139,OK,0.0000,19.3408,4.0000,96.0000,AG03-UNRESOLVED,ALL5_LEVELS_bet23_to_bet27,19.3408,19.3408,19.3408,24.1760,24.1760,4.000000,4.000000,4.000000,5.000000,5.000000,96.000000,96.000000,96.000000,95.000000,95.000000,5.0,106.3742,97.4416,377.1451,386.0777,PENDING_AG03,FALSE,NOT_FOR_ENFORCEMENT,464.1785,70789.7852,483.5193,464.1785,19.3408,0.00593162,0.00569435,19.3408,464.1785,0.00569435,19.3408,19.3408,19.3408,24.1760,24.1760,464.1785,0.00569435,106.3742,97.4416,377.1451,386.0777,0.00462666,0.00473624,0.00023726,7.1750,6.4906,0.0426,4.2045,0.0806,708.8314,98.7913,8.8300,6.6350,4.0407,4.4018,8.4329,14.3073,20.7715,40.8781,4.2012,0.0,4.718859,9.286678,1.630025,30,242,81,2,0.30276321,0.00593162,-0.00694385,0E-8,0.000000,0.904604,0.002289,0.01846642,2026-03-22,2026-08-06,115,6001,2406,138,0.833333,1.330819,1.230659,1.009211,,,,,,,,GLOBAL_BASELINE_NO_ENTITY_RANKING,,,NOT_APPLICABLE_GLOBAL_BASELINE,HF9g-P5,,,,X 全窗基线 · 不参与实体赏罚,8399804,840,A168_HF9F_20260827_0900,2026-08-27 09:00:00
2026-05-04,36810153,2160,0,2.1006196828,-2.1006196828,-2.1006196828,0E-7,1,1,0.50665070000000000,0.506650700000,-1.013391052207602,-1.013391052207602,-1.013391052207602,0E-17,ELIGIBLE,R03b_20260811_FULL_v1,L1_ELIGIBILITY,v2026-08-11,2026-03-21..2026-08-06,baccarat_bet02_101_all_pairs_incl_sentinel,round_win = game_pnl > 0 (decisive only),COMPATIBILITY_ONLY_NOT_PRODUCTION,81515.6139,73739.3596,483.5193,11361,11361,-0.00593162,0.00694385,-0.01152257,-0.00593162,-483.5193,81515.6139,OK,0.0000,19.3408,4.0000,96.0000,AG03-UNRESOLVED,ALL5_LEVELS_bet23_to_bet27,19.3408,19.3408,19.3408,24.1760,24.1760,4.000000,4.000000,4.000000,5.000000,5.000000,96.000000,96.000000,96.000000,95.000000,95.000000,5.0,106.3742,97.4416,377.1451,386.0777,PENDING_AG03,FALSE,NOT_FOR_ENFORCEMENT,464.1785,70789.7852,483.5193,464.1785,19.3408,0.00593162,0.00569435,19.3408,464.1785,0.00569435,19.3408,19.3408,19.3408,24.1760,24.1760,464.1785,0.00569435,106.3742,97.4416,377.1451,386.0777,0.00462666,0.00473624,0.00023726,7.1750,6.4906,0.0426,4.2045,0.0806,708.8314,98.7913,8.8300,6.6350,4.0407,4.4018,8.4329,14.3073,20.7715,40.8781,4.2012,0.0,4.718859,9.286678,1.630025,30,242,81,2,0.30276321,0.00593162,-0.00694385,0E-8,0.000000,0.904604,0.002289,0.01846642,2026-03-22,2026-08-06,115,6001,2406,138,0.833333,1.330819,1.230659,1.009211,,,,,,,,GLOBAL_BASELINE_NO_ENTITY_RANKING,,,NOT_APPLICABLE_GLOBAL_BASELINE,HF9g-P5,,,,X 全窗基线 · 不参与实体赏罚,8399805,840,A168_HF9F_20260827_0900,2026-08-27 09:00:00
2026-05-04,36810153,2201,0,2.1006196828,0E-10,0E-10,,1,1,0.49324550000000000,0.493245500000,,,,0E-17,NO_DECISIVE_ROUND,R03b_20260811_FULL_v1,L1_ELIGIBILITY,v2026-08-11,2026-03-21..2026-08-06,baccarat_bet02_101_all_pairs_incl_sentinel,round_win = game_pnl > 0 (decisive only),COMPATIBILITY_ONLY_NOT_PRODUCTION,81515.6139,73739.3596,483.5193,11361,11361,-0.00593162,0.00694385,-0.01152257,-0.00593162,-483.5193,81515.6139,OK,0.0000,19.3408,4.0000,96.0000,AG03-UNRESOLVED,ALL5_LEVELS_bet23_to_bet27,19.3408,19.3408,19.3408,24.1760,24.1760,4.000000,4.000000,4.000000,5.000000,5.000000,96.000000,96.000000,96.000000,95.000000,95.000000,5.0,106.3742,97.4416,377.1451,386.0777,PENDING_AG03,FALSE,NOT_FOR_ENFORCEMENT,464.1785,70789.7852,483.5193,464.1785,19.3408,0.00593162,0.00569435,19.3408,464.1785,0.00569435,19.3408,19.3408,19.3408,24.1760,24.1760,464.1785,0.00569435,106.3742,97.4416,377.1451,386.0777,0.00462666,0.00473624,0.00023726,7.1750,6.4906,0.0426,4.2045,0.0806,708.8314,98.7913,8.8300,6.6350,4.0407,4.4018,8.4329,14.3073,20.7715,40.8781,4.2012,0.0,4.718859,9.286678,1.630025,30,242,81,2,0.30276321,0.00593162,-0.00694385,0E-8,0.000000,0.904604,0.002289,0.01846642,2026-03-22,2026-08-06,115,6001,2406,138,0.833333,1.330819,1.230659,1.009211,,,,,,,,GLOBAL_BASELINE_NO_ENTITY_RANKING,,,NOT_APPLICABLE_GLOBAL_BASELINE,HF9g-P5,,,,X 全窗基线 · 不参与实体赏罚,8399806,840,A168_HF9F_20260827_0900,2026-08-27 09:00:00
2026-05-04,36810153,2224,0,2.1006196828,-2.1006196828,-2.1006196828,0E-7,1,1,0.49324550000000000,0.493245500000,-0.9865810262130424,-0.9865810262130424,-0.9865810262130424,0E-17,ELIGIBLE,R03b_20260811_FULL_v1,L1_ELIGIBILITY,v2026-08-11,2026-03-21..2026-08-06,baccarat_bet02_101_all_pairs_incl_sentinel,round_win = game_pnl > 0 (decisive only),COMPATIBILITY_ONLY_NOT_PRODUCTION,81515.6139,73739.3596,483.5193,11361,11361,-0.00593162,0.00694385,-0.01152257,-0.00593162,-483.5193,81515.6139,OK,0.0000,19.3408,4.0000,96.0000,AG03-UNRESOLVED,ALL5_LEVELS_bet23_to_bet27,19.3408,19.3408,19.3408,24.1760,24.1760,4.000000,4.000000,4.000000,5.000000,5.000000,96.000000,96.000000,96.000000,95.000000,95.000000,5.0,106.3742,97.4416,377.1451,386.0777,PENDING_AG03,FALSE,NOT_FOR_ENFORCEMENT,464.1785,70789.7852,483.5193,464.1785,19.3408,0.00593162,0.00569435,19.3408,464.1785,0.00569435,19.3408,19.3408,19.3408,24.1760,24.1760,464.1785,0.00569435,106.3742,97.4416,377.1451,386.0777,0.00462666,0.00473624,0.00023726,7.1750,6.4906,0.0426,4.2045,0.0806,708.8314,98.7913,8.8300,6.6350,4.0407,4.4018,8.4329,14.3073,20.7715,40.8781,4.2012,0.0,4.718859,9.286678,1.630025,30,242,81,2,0.30276321,0.00593162,-0.00694385,0E-8,0.000000,0.904604,0.002289,0.01846642,2026-03-22,2026-08-06,115,6001,2406,138,0.833333,1.330819,1.230659,1.009211,,,,,,,,GLOBAL_BASELINE_NO_ENTITY_RANKING,,,NOT_APPLICABLE_GLOBAL_BASELINE,HF9g-P5,,,,X 全窗基线 · 不参与实体赏罚,8399807,840,A168_HF9F_20260827_0900,2026-08-27 09:00:00
2026-05-04,36810153,2256,0,2.1006196828,1.9955886987,1.9955886987,1.0000000,1,1,0.50665070000000000,0.506650700000,0.9867858985152569,0.9867858985152569,0.9867858985152569,0E-17,ELIGIBLE,R03b_20260811_FULL_v1,L1_ELIGIBILITY,v2026-08-11,2026-03-21..2026-08-06,baccarat_bet02_101_all_pairs_incl_sentinel,round_win = game_pnl > 0 (decisive only),COMPATIBILITY_ONLY_NOT_PRODUCTION,81515.6139,73739.3596,483.5193,11361,11361,-0.00593162,0.00694385,-0.01152257,-0.00593162,-483.5193,81515.6139,OK,0.0000,19.3408,4.0000,96.0000,AG03-UNRESOLVED,ALL5_LEVELS_bet23_to_bet27,19.3408,19.3408,19.3408,24.1760,24.1760,4.000000,4.000000,4.000000,5.000000,5.000000,96.000000,96.000000,96.000000,95.000000,95.000000,5.0,106.3742,97.4416,377.1451,386.0777,PENDING_AG03,FALSE,NOT_FOR_ENFORCEMENT,464.1785,70789.7852,483.5193,464.1785,19.3408,0.00593162,0.00569435,19.3408,464.1785,0.00569435,19.3408,19.3408,19.3408,24.1760,24.1760,464.1785,0.00569435,106.3742,97.4416,377.1451,386.0777,0.00462666,0.00473624,0.00023726,7.1750,6.4906,0.0426,4.2045,0.0806,708.8314,98.7913,8.8300,6.6350,4.0407,4.4018,8.4329,14.3073,20.7715,40.8781,4.2012,0.0,4.718859,9.286678,1.630025,30,242,81,2,0.30276321,0.00593162,-0.00694385,0E-8,0.000000,0.904604,0.002289,0.01846642,2026-03-22,2026-08-06,115,6001,2406,138,0.833333,1.330819,1.230659,1.009211,,,,,,,,GLOBAL_BASELINE_NO_ENTITY_RANKING,,,NOT_APPLICABLE_GLOBAL_BASELINE,HF9g-P5,,,,X 全窗基线 · 不参与实体赏罚,8399808,840,A168_HF9F_20260827_0900,2026-08-27 09:00:00
2026-05-04,36810153,752,0,2.1006196828,1.9955886987,1.9955886987,1.0000000,1,1,0.50665070000000000,0.506650700000,0.9867858985152569,0.9867858985152569,0.9867858985152569,0E-17,ELIGIBLE,R03b_20260811_FULL_v1,L1_ELIGIBILITY,v2026-08-11,2026-03-21..2026-08-06,baccarat_bet02_101_all_pairs_incl_sentinel,round_win = game_pnl > 0 (decisive only),COMPATIBILITY_ONLY_NOT_PRODUCTION,81515.6139,73739.3596,483.5193,11361,11361,-0.00593162,0.00694385,-0.01152257,-0.00593162,-483.5193,81515.6139,OK,0.0000,19.3408,4.0000,96.0000,AG03-UNRESOLVED,ALL5_LEVELS_bet23_to_bet27,19.3408,19.3408,19.3408,24.1760,24.1760,4.000000,4.000000,4.000000,5.000000,5.000000,96.000000,96.000000,96.000000,95.000000,95.000000,5.0,106.3742,97.4416,377.1451,386.0777,PENDING_AG03,FALSE,NOT_FOR_ENFORCEMENT,464.1785,70789.7852,483.5193,464.1785,19.3408,0.00593162,0.00569435,19.3408,464.1785,0.00569435,19.3408,19.3408,19.3408,24.1760,24.1760,464.1785,0.00569435,106.3742,97.4416,377.1451,386.0777,0.00462666,0.00473624,0.00023726,7.1750,6.4906,0.0426,4.2045,0.0806,708.8314,98.7913,8.8300,6.6350,4.0407,4.4018,8.4329,14.3073,20.7715,40.8781,4.2012,0.0,4.718859,9.286678,1.630025,30,242,81,2,0.30276321,0.00593162,-0.00694385,0E-8,0.000000,0.904604,0.002289,0.01846642,2026-03-22,2026-08-06,115,6001,2406,138,0.833333,1.330819,1.230659,1.009211,,,,,,,,GLOBAL_BASELINE_NO_ENTITY_RANKING,,,NOT_APPLICABLE_GLOBAL_BASELINE,HF9g-P5,,,,X 全窗基线 · 不参与实体赏罚,8399809,840,A168_HF9F_20260827_0900,2026-08-27 09:00:00
2026-05-05,36810153,-1,1,126.0371809680,27.3290620734,27.3290620734,0.6250000,27,27,0.49672092222222222,0.496720922222,1.2569001704758358,1.2569001704780167,1.2569001704758358,2.2222E-13,SENTINEL_DEALER,R03b_20260811_FULL_v1,L1_ELIGIBILITY,v2026-08-11,2026-03-21..2026-08-06,baccarat_bet02_101_all_pairs_incl_sentinel,round_win = game_pnl > 0 (decisive only),COMPATIBILITY_ONLY_NOT_PRODUCTION,81515.6139,73739.3596,483.5193,11361,11361,-0.00593162,0.00694385,-0.01152257,-0.00593162,-483.5193,81515.6139,OK,0.0000,19.3408,4.0000,96.0000,AG03-UNRESOLVED,ALL5_LEVELS_bet23_to_bet27,19.3408,19.3408,19.3408,24.1760,24.1760,4.000000,4.000000,4.000000,5.000000,5.000000,96.000000,96.000000,96.000000,95.000000,95.000000,5.0,106.3742,97.4416,377.1451,386.0777,PENDING_AG03,FALSE,NOT_FOR_ENFORCEMENT,464.1785,70789.7852,483.5193,464.1785,19.3408,0.00593162,0.00569435,19.3408,464.1785,0.00569435,19.3408,19.3408,19.3408,24.1760,24.1760,464.1785,0.00569435,106.3742,97.4416,377.1451,386.0777,0.00462666,0.00473624,0.00023726,7.1750,6.4906,0.0426,4.2045,0.0806,708.8314,98.7913,8.8300,6.6350,4.0407,4.4018,8.4329,14.3073,20.7715,40.8781,4.2012,0.0,4.718859,9.286678,1.630025,30,242,81,2,0.30276321,0.00593162,-0.00694385,0E-8,0.000000,0.904604,0.002289,0.01846642,2026-03-22,2026-08-06,115,6001,2406,138,0.833333,1.330819,1.230659,1.009211,,,,,,,,GLOBAL_BASELINE_NO_ENTITY_RANKING,,,NOT_APPLICABLE_GLOBAL_BASELINE,HF9g-P5,,,,X 全窗基线 · 不参与实体赏罚,8399810,840,A168_HF9F_20260827_0900,2026-08-27 09:00:00
2026-05-05,36810153,1017,0,1.2603718097,1.2603718097,1.2603718097,1.0000000,1,1,0.49324550000000000,0.493245500000,1.01360149184955,1.01360149184955,1.01360149184955,0E-17,ELIGIBLE,R03b_20260811_FULL_v1,L1_ELIGIBILITY,v2026-08-11,2026-03-21..2026-08-06,baccarat_bet02_101_all_pairs_incl_sentinel,round_win = game_pnl > 0 (decisive only),COMPATIBILITY_ONLY_NOT_PRODUCTION,81515.6139,73739.3596,483.5193,11361,11361,-0.00593162,0.00694385,-0.01152257,-0.00593162,-483.5193,81515.6139,OK,0.0000,19.3408,4.0000,96.0000,AG03-UNRESOLVED,ALL5_LEVELS_bet23_to_bet27,19.3408,19.3408,19.3408,24.1760,24.1760,4.000000,4.000000,4.000000,5.000000,5.000000,96.000000,96.000000,96.000000,95.000000,95.000000,5.0,106.3742,97.4416,377.1451,386.0777,PENDING_AG03,FALSE,NOT_FOR_ENFORCEMENT,464.1785,70789.7852,483.5193,464.1785,19.3408,0.00593162,0.00569435,19.3408,464.1785,0.00569435,19.3408,19.3408,19.3408,24.1760,24.1760,464.1785,0.00569435,106.3742,97.4416,377.1451,386.0777,0.00462666,0.00473624,0.00023726,7.1750,6.4906,0.0426,4.2045,0.0806,708.8314,98.7913,8.8300,6.6350,4.0407,4.4018,8.4329,14.3073,20.7715,40.8781,4.2012,0.0,4.718859,9.286678,1.630025,30,242,81,2,0.30276321,0.00593162,-0.00694385,0E-8,0.000000,0.904604,0.002289,0.01846642,2026-03-22,2026-08-06,115,6001,2406,138,0.833333,1.330819,1.230659,1.009211,,,,,,,,GLOBAL_BASELINE_NO_ENTITY_RANKING,,,NOT_APPLICABLE_GLOBAL_BASELINE,HF9g-P5,,,,X 全窗基线 · 不参与实体赏罚,8399811,840,A168_HF9F_20260827_0900,2026-08-27 09:00:00
2026-05-05,36810153,1078,0,20.1659489549,19.1576515072,19.1576515072,1.0000000,3,3,0.50665070000000000,0.506650700000,1.7091633124209307,1.7091633124209307,1.7091633124209307,0E-17,ELIGIBLE,R03b_20260811_FULL_v1,L1_ELIGIBILITY,v2026-08-11,2026-03-21..2026-08-06,baccarat_bet02_101_all_pairs_incl_sentinel,round_win = game_pnl > 0 (decisive only),COMPATIBILITY_ONLY_NOT_PRODUCTION,81515.6139,73739.3596,483.5193,11361,11361,-0.00593162,0.00694385,-0.01152257,-0.00593162,-483.5193,81515.6139,OK,0.0000,19.3408,4.0000,96.0000,AG03-UNRESOLVED,ALL5_LEVELS_bet23_to_bet27,19.3408,19.3408,19.3408,24.1760,24.1760,4.000000,4.000000,4.000000,5.000000,5.000000,96.000000,96.000000,96.000000,95.000000,95.000000,5.0,106.3742,97.4416,377.1451,386.0777,PENDING_AG03,FALSE,NOT_FOR_ENFORCEMENT,464.1785,70789.7852,483.5193,464.1785,19.3408,0.00593162,0.00569435,19.3408,464.1785,0.00569435,19.3408,19.3408,19.3408,24.1760,24.1760,464.1785,0.00569435,106.3742,97.4416,377.1451,386.0777,0.00462666,0.00473624,0.00023726,7.1750,6.4906,0.0426,4.2045,0.0806,708.8314,98.7913,8.8300,6.6350,4.0407,4.4018,8.4329,14.3073,20.7715,40.8781,4.2012,0.0,4.718859,9.286678,1.630025,30,242,81,2,0.30276321,0.00593162,-0.00694385,0E-8,0.000000,0.904604,0.002289,0.01846642,2026-03-22,2026-08-06,115,6001,2406,138,0.833333,1.330819,1.230659,1.009211,,,,,,,,GLOBAL_BASELINE_NO_ENTITY_RANKING,,,NOT_APPLICABLE_GLOBAL_BASELINE,HF9g-P5,,,,X 全窗基线 · 不参与实体赏罚,8399812,840,A168_HF9F_20260827_0900,2026-08-27 09:00:00
2026-05-05,36810153,1094,0,10.5030984140,-8.4024787312,-8.4024787312,0E-7,2,2,0.49994810000000000,0.499948100000,-0.9998962053866608,-0.9998962053866608,-0.9998962053866608,0E-17,ELIGIBLE,R03b_20260811_FULL_v1,L1_ELIGIBILITY,v2026-08-11,2026-03-21..2026-08-06,baccarat_bet02_101_all_pairs_incl_sentinel,round_win = game_pnl > 0 (decisive only),COMPATIBILITY_ONLY_NOT_PRODUCTION,81515.6139,73739.3596,483.5193,11361,11361,-0.00593162,0.00694385,-0.01152257,-0.00593162,-483.5193,81515.6139,OK,0.0000,19.3408,4.0000,96.0000,AG03-UNRESOLVED,ALL5_LEVELS_bet23_to_bet27,19.3408,19.3408,19.3408,24.1760,24.1760,4.000000,4.000000,4.000000,5.000000,5.000000,96.000000,96.000000,96.000000,95.000000,95.000000,5.0,106.3742,97.4416,377.1451,386.0777,PENDING_AG03,FALSE,NOT_FOR_ENFORCEMENT,464.1785,70789.7852,483.5193,464.1785,19.3408,0.00593162,0.00569435,19.3408,464.1785,0.00569435,19.3408,19.3408,19.3408,24.1760,24.1760,464.1785,0.00569435,106.3742,97.4416,377.1451,386.0777,0.00462666,0.00473624,0.00023726,7.1750,6.4906,0.0426,4.2045,0.0806,708.8314,98.7913,8.8300,6.6350,4.0407,4.4018,8.4329,14.3073,20.7715,40.8781,4.2012,0.0,4.718859,9.286678,1.630025,30,242,81,2,0.30276321,0.00593162,-0.00694385,0E-8,0.000000,0.904604,0.002289,0.01846642,2026-03-22,2026-08-06,115,6001,2406,138,0.833333,1.330819,1.230659,1.009211,,,,,,,,GLOBAL_BASELINE_NO_ENTITY_RANKING,,,NOT_APPLICABLE_GLOBAL_BASELINE,HF9g-P5,,,,X 全窗基线 · 不参与实体赏罚,8399813,840,A168_HF9F_20260827_0900,2026-08-27 09:00:00
2026-05-05,36810153,1109,0,5.8817351118,1.9955886987,1.9955886987,0.6666667,3,3,0.49771390000000000,0.497713900000,0.5852756695216578,0.5852756695216578,0.5852756695216578,0E-17,ELIGIBLE,R03b_20260811_FULL_v1,L1_ELIGIBILITY,v2026-08-11,2026-03-21..2026-08-06,baccarat_bet02_101_all_pairs_incl_sentinel,round_win = game_pnl > 0 (decisive only),COMPATIBILITY_ONLY_NOT_PRODUCTION,81515.6139,73739.3596,483.5193,11361,11361,-0.00593162,0.00694385,-0.01152257,-0.00593162,-483.5193,81515.6139,OK,0.0000,19.3408,4.0000,96.0000,AG03-UNRESOLVED,ALL5_LEVELS_bet23_to_bet27,19.3408,19.3408,19.3408,24.1760,24.1760,4.000000,4.000000,4.000000,5.000000,5.000000,96.000000,96.000000,96.000000,95.000000,95.000000,5.0,106.3742,97.4416,377.1451,386.0777,PENDING_AG03,FALSE,NOT_FOR_ENFORCEMENT,464.1785,70789.7852,483.5193,464.1785,19.3408,0.00593162,0.00569435,19.3408,464.1785,0.00569435,19.3408,19.3408,19.3408,24.1760,24.1760,464.1785,0.00569435,106.3742,97.4416,377.1451,386.0777,0.00462666,0.00473624,0.00023726,7.1750,6.4906,0.0426,4.2045,0.0806,708.8314,98.7913,8.8300,6.6350,4.0407,4.4018,8.4329,14.3073,20.7715,40.8781,4.2012,0.0,4.718859,9.286678,1.630025,30,242,81,2,0.30276321,0.00593162,-0.00694385,0E-8,0.000000,0.904604,0.002289,0.01846642,2026-03-22,2026-08-06,115,6001,2406,138,0.833333,1.330819,1.230659,1.009211,,,,,,,,GLOBAL_BASELINE_NO_ENTITY_RANKING,,,NOT_APPLICABLE_GLOBAL_BASELINE,HF9g-P5,,,,X 全窗基线 · 不参与实体赏罚,8399814,840,A168_HF9F_20260827_0900,2026-08-27 09:00:00
2026-05-05,36810153,1115,0,22.6866925743,-18.4854532087,-18.4854532087,0.2000000,5,5,0.49860758000000000,0.498607580000,-1.3354188732730328,-1.3354188732730328,-1.3354188732730328,0E-17,ELIGIBLE,R03b_20260811_FULL_v1,L1_ELIGIBILITY,v2026-08-11,2026-03-21..2026-08-06,baccarat_bet02_101_all_pairs_incl_sentinel,round_win = game_pnl > 0 (decisive only),COMPATIBILITY_ONLY_NOT_PRODUCTION,81515.6139,73739.3596,483.5193,11361,11361,-0.00593162,0.00694385,-0.01152257,-0.00593162,-483.5193,81515.6139,OK,0.0000,19.3408,4.0000,96.0000,AG03-UNRESOLVED,ALL5_LEVELS_bet23_to_bet27,19.3408,19.3408,19.3408,24.1760,24.1760,4.000000,4.000000,4.000000,5.000000,5.000000,96.000000,96.000000,96.000000,95.000000,95.000000,5.0,106.3742,97.4416,377.1451,386.0777,PENDING_AG03,FALSE,NOT_FOR_ENFORCEMENT,464.1785,70789.7852,483.5193,464.1785,19.3408,0.00593162,0.00569435,19.3408,464.1785,0.00569435,19.3408,19.3408,19.3408,24.1760,24.1760,464.1785,0.00569435,106.3742,97.4416,377.1451,386.0777,0.00462666,0.00473624,0.00023726,7.1750,6.4906,0.0426,4.2045,0.0806,708.8314,98.7913,8.8300,6.6350,4.0407,4.4018,8.4329,14.3073,20.7715,40.8781,4.2012,0.0,4.718859,9.286678,1.630025,30,242,81,2,0.30276321,0.00593162,-0.00694385,0E-8,0.000000,0.904604,0.002289,0.01846642,2026-03-22,2026-08-06,115,6001,2406,138,0.833333,1.330819,1.230659,1.009211,,,,,,,,GLOBAL_BASELINE_NO_ENTITY_RANKING,,,NOT_APPLICABLE_GLOBAL_BASELINE,HF9g-P5,,,,X 全窗基线 · 不参与实体赏罚,8399815,840,A168_HF9F_20260827_0900,2026-08-27 09:00:00
2026-05-05,36810153,1157,0,14.9143997480,-5.4931204706,-5.4931204706,0.3333333,3,3,0.50218230000000000,0.502182300000,-0.5849155494134425,-0.5849155494134426,-0.5849155494134425,0E-17,ELIGIBLE,R03b_20260811_FULL_v1,L1_ELIGIBILITY,v2026-08-11,2026-03-21..2026-08-06,baccarat_bet02_101_all_pairs_incl_sentinel,round_win = game_pnl > 0 (decisive only),COMPATIBILITY_ONLY_NOT_PRODUCTION,81515.6139,73739.3596,483.5193,11361,11361,-0.00593162,0.00694385,-0.01152257,-0.00593162,-483.5193,81515.6139,OK,0.0000,19.3408,4.0000,96.0000,AG03-UNRESOLVED,ALL5_LEVELS_bet23_to_bet27,19.3408,19.3408,19.3408,24.1760,24.1760,4.000000,4.000000,4.000000,5.000000,5.000000,96.000000,96.000000,96.000000,95.000000,95.000000,5.0,106.3742,97.4416,377.1451,386.0777,PENDING_AG03,FALSE,NOT_FOR_ENFORCEMENT,464.1785,70789.7852,483.5193,464.1785,19.3408,0.00593162,0.00569435,19.3408,464.1785,0.00569435,19.3408,19.3408,19.3408,24.1760,24.1760,464.1785,0.00569435,106.3742,97.4416,377.1451,386.0777,0.00462666,0.00473624,0.00023726,7.1750,6.4906,0.0426,4.2045,0.0806,708.8314,98.7913,8.8300,6.6350,4.0407,4.4018,8.4329,14.3073,20.7715,40.8781,4.2012,0.0,4.718859,9.286678,1.630025,30,242,81,2,0.30276321,0.00593162,-0.00694385,0E-8,0.000000,0.904604,0.002289,0.01846642,2026-03-22,2026-08-06,115,6001,2406,138,0.833333,1.330819,1.230659,1.009211,,,,,,,,GLOBAL_BASELINE_NO_ENTITY_RANKING,,,NOT_APPLICABLE_GLOBAL_BASELINE,HF9g-P5,,,,X 全窗基线 · 不参与实体赏罚,8399816,840,A168_HF9F_20260827_0900,2026-08-27 09:00:00
2026-05-05,36810153,1210,0,16.1747715576,11.5534082555,11.5534082555,1.0000000,5,5,0.50396966000000000,0.503969660000,1.9841838953208242,1.9841838953208244,1.9841838953208242,0E-17,ELIGIBLE,R03b_20260811_FULL_v1,L1_ELIGIBILITY,v2026-08-11,2026-03-21..2026-08-06,baccarat_bet02_101_all_pairs_incl_sentinel,round_win = game_pnl > 0 (decisive only),COMPATIBILITY_ONLY_NOT_PRODUCTION,81515.6139,73739.3596,483.5193,11361,11361,-0.00593162,0.00694385,-0.01152257,-0.00593162,-483.5193,81515.6139,OK,0.0000,19.3408,4.0000,96.0000,AG03-UNRESOLVED,ALL5_LEVELS_bet23_to_bet27,19.3408,19.3408,19.3408,24.1760,24.1760,4.000000,4.000000,4.000000,5.000000,5.000000,96.000000,96.000000,96.000000,95.000000,95.000000,5.0,106.3742,97.4416,377.1451,386.0777,PENDING_AG03,FALSE,NOT_FOR_ENFORCEMENT,464.1785,70789.7852,483.5193,464.1785,19.3408,0.00593162,0.00569435,19.3408,464.1785,0.00569435,19.3408,19.3408,19.3408,24.1760,24.1760,464.1785,0.00569435,106.3742,97.4416,377.1451,386.0777,0.00462666,0.00473624,0.00023726,7.1750,6.4906,0.0426,4.2045,0.0806,708.8314,98.7913,8.8300,6.6350,4.0407,4.4018,8.4329,14.3073,20.7715,40.8781,4.2012,0.0,4.718859,9.286678,1.630025,30,242,81,2,0.30276321,0.00593162,-0.00694385,0E-8,0.000000,0.904604,0.002289,0.01846642,2026-03-22,2026-08-06,115,6001,2406,138,0.833333,1.330819,1.230659,1.009211,,,,,,,,GLOBAL_BASELINE_NO_ENTITY_RANKING,,,NOT_APPLICABLE_GLOBAL_BASELINE,HF9g-P5,,,,X 全窗基线 · 不参与实体赏罚,8399817,840,A168_HF9F_20260827_0900,2026-08-27 09:00:00
2026-05-05,36810153,1299,0,7.9823547946,0.4201239366,0.4201239366,0.3333333,3,3,0.49324550000000000,0.493245500000,-0.5540025479526107,-0.5540025479526106,-0.5540025479526107,0E-17,ELIGIBLE,R03b_20260811_FULL_v1,L1_ELIGIBILITY,v2026-08-11,2026-03-21..2026-08-06,baccarat_bet02_101_all_pairs_incl_sentinel,round_win = game_pnl > 0 (decisive only),COMPATIBILITY_ONLY_NOT_PRODUCTION,81515.6139,73739.3596,483.5193,11361,11361,-0.00593162,0.00694385,-0.01152257,-0.00593162,-483.5193,81515.6139,OK,0.0000,19.3408,4.0000,96.0000,AG03-UNRESOLVED,ALL5_LEVELS_bet23_to_bet27,19.3408,19.3408,19.3408,24.1760,24.1760,4.000000,4.000000,4.000000,5.000000,5.000000,96.000000,96.000000,96.000000,95.000000,95.000000,5.0,106.3742,97.4416,377.1451,386.0777,PENDING_AG03,FALSE,NOT_FOR_ENFORCEMENT,464.1785,70789.7852,483.5193,464.1785,19.3408,0.00593162,0.00569435,19.3408,464.1785,0.00569435,19.3408,19.3408,19.3408,24.1760,24.1760,464.1785,0.00569435,106.3742,97.4416,377.1451,386.0777,0.00462666,0.00473624,0.00023726,7.1750,6.4906,0.0426,4.2045,0.0806,708.8314,98.7913,8.8300,6.6350,4.0407,4.4018,8.4329,14.3073,20.7715,40.8781,4.2012,0.0,4.718859,9.286678,1.630025,30,242,81,2,0.30276321,0.00593162,-0.00694385,0E-8,0.000000,0.904604,0.002289,0.01846642,2026-03-22,2026-08-06,115,6001,2406,138,0.833333,1.330819,1.230659,1.009211,,,,,,,,GLOBAL_BASELINE_NO_ENTITY_RANKING,,,NOT_APPLICABLE_GLOBAL_BASELINE,HF9g-P5,,,,X 全窗基线 · 不参与实体赏罚,8399818,840,A168_HF9F_20260827_0900,2026-08-27 09:00:00
2026-05-05,36810153,1304,0,118.6850120784,-2.0796134860,-2.0796134860,0.5500000,25,25,0.50182482800000000,0.501824828000,0.4308947074448984,0.4308947074448984,0.4308947074448984,0E-17,ELIGIBLE,R03b_20260811_FULL_v1,L1_ELIGIBILITY,v2026-08-11,2026-03-21..2026-08-06,baccarat_bet02_101_all_pairs_incl_sentinel,round_win = game_pnl > 0 (decisive only),COMPATIBILITY_ONLY_NOT_PRODUCTION,81515.6139,73739.3596,483.5193,11361,11361,-0.00593162,0.00694385,-0.01152257,-0.00593162,-483.5193,81515.6139,OK,0.0000,19.3408,4.0000,96.0000,AG03-UNRESOLVED,ALL5_LEVELS_bet23_to_bet27,19.3408,19.3408,19.3408,24.1760,24.1760,4.000000,4.000000,4.000000,5.000000,5.000000,96.000000,96.000000,96.000000,95.000000,95.000000,5.0,106.3742,97.4416,377.1451,386.0777,PENDING_AG03,FALSE,NOT_FOR_ENFORCEMENT,464.1785,70789.7852,483.5193,464.1785,19.3408,0.00593162,0.00569435,19.3408,464.1785,0.00569435,19.3408,19.3408,19.3408,24.1760,24.1760,464.1785,0.00569435,106.3742,97.4416,377.1451,386.0777,0.00462666,0.00473624,0.00023726,7.1750,6.4906,0.0426,4.2045,0.0806,708.8314,98.7913,8.8300,6.6350,4.0407,4.4018,8.4329,14.3073,20.7715,40.8781,4.2012,0.0,4.718859,9.286678,1.630025,30,242,81,2,0.30276321,0.00593162,-0.00694385,0E-8,0.000000,0.904604,0.002289,0.01846642,2026-03-22,2026-08-06,115,6001,2406,138,0.833333,1.330819,1.230659,1.009211,,,,,,,,GLOBAL_BASELINE_NO_ENTITY_RANKING,,,NOT_APPLICABLE_GLOBAL_BASELINE,HF9g-P5,,,,X 全窗基线 · 不参与实体赏罚,8399819,840,A168_HF9F_20260827_0900,2026-08-27 09:00:00
2026-05-05,36810153,1323,0,6.3018590484,-6.3018590484,-6.3018590484,0E-7,1,1,0.50665070000000000,0.506650700000,-1.013391052207602,-1.013391052207602,-1.013391052207602,0E-17,ELIGIBLE,R03b_20260811_FULL_v1,L1_ELIGIBILITY,v2026-08-11,2026-03-21..2026-08-06,baccarat_bet02_101_all_pairs_incl_sentinel,round_win = game_pnl > 0 (decisive only),COMPATIBILITY_ONLY_NOT_PRODUCTION,81515.6139,73739.3596,483.5193,11361,11361,-0.00593162,0.00694385,-0.01152257,-0.00593162,-483.5193,81515.6139,OK,0.0000,19.3408,4.0000,96.0000,AG03-UNRESOLVED,ALL5_LEVELS_bet23_to_bet27,19.3408,19.3408,19.3408,24.1760,24.1760,4.000000,4.000000,4.000000,5.000000,5.000000,96.000000,96.000000,96.000000,95.000000,95.000000,5.0,106.3742,97.4416,377.1451,386.0777,PENDING_AG03,FALSE,NOT_FOR_ENFORCEMENT,464.1785,70789.7852,483.5193,464.1785,19.3408,0.00593162,0.00569435,19.3408,464.1785,0.00569435,19.3408,19.3408,19.3408,24.1760,24.1760,464.1785,0.00569435,106.3742,97.4416,377.1451,386.0777,0.00462666,0.00473624,0.00023726,7.1750,6.4906,0.0426,4.2045,0.0806,708.8314,98.7913,8.8300,6.6350,4.0407,4.4018,8.4329,14.3073,20.7715,40.8781,4.2012,0.0,4.718859,9.286678,1.630025,30,242,81,2,0.30276321,0.00593162,-0.00694385,0E-8,0.000000,0.904604,0.002289,0.01846642,2026-03-22,2026-08-06,115,6001,2406,138,0.833333,1.330819,1.230659,1.009211,,,,,,,,GLOBAL_BASELINE_NO_ENTITY_RANKING,,,NOT_APPLICABLE_GLOBAL_BASELINE,HF9g-P5,,,,X 全窗基线 · 不参与实体赏罚,8399820,840,A168_HF9F_20260827_0900,2026-08-27 09:00:00
2026-05-05,36810153,1331,0,5.2515492070,-1.0503098414,-1.0503098414,0E-7,2,2,0.49994810000000000,0.499948100000,-0.9998962053866608,-0.9998962053866608,-0.9998962053866608,0E-17,ELIGIBLE,R03b_20260811_FULL_v1,L1_ELIGIBILITY,v2026-08-11,2026-03-21..2026-08-06,baccarat_bet02_101_all_pairs_incl_sentinel,round_win = game_pnl > 0 (decisive only),COMPATIBILITY_ONLY_NOT_PRODUCTION,81515.6139,73739.3596,483.5193,11361,11361,-0.00593162,0.00694385,-0.01152257,-0.00593162,-483.5193,81515.6139,OK,0.0000,19.3408,4.0000,96.0000,AG03-UNRESOLVED,ALL5_LEVELS_bet23_to_bet27,19.3408,19.3408,19.3408,24.1760,24.1760,4.000000,4.000000,4.000000,5.000000,5.000000,96.000000,96.000000,96.000000,95.000000,95.000000,5.0,106.3742,97.4416,377.1451,386.0777,PENDING_AG03,FALSE,NOT_FOR_ENFORCEMENT,464.1785,70789.7852,483.5193,464.1785,19.3408,0.00593162,0.00569435,19.3408,464.1785,0.00569435,19.3408,19.3408,19.3408,24.1760,24.1760,464.1785,0.00569435,106.3742,97.4416,377.1451,386.0777,0.00462666,0.00473624,0.00023726,7.1750,6.4906,0.0426,4.2045,0.0806,708.8314,98.7913,8.8300,6.6350,4.0407,4.4018,8.4329,14.3073,20.7715,40.8781,4.2012,0.0,4.718859,9.286678,1.630025,30,242,81,2,0.30276321,0.00593162,-0.00694385,0E-8,0.000000,0.904604,0.002289,0.01846642,2026-03-22,2026-08-06,115,6001,2406,138,0.833333,1.330819,1.230659,1.009211,,,,,,,,GLOBAL_BASELINE_NO_ENTITY_RANKING,,,NOT_APPLICABLE_GLOBAL_BASELINE,HF9g-P5,,,,X 全窗基线 · 不参与实体赏罚,8399821,840,A168_HF9F_20260827_0900,2026-08-27 09:00:00
2026-05-05,36810153,1353,0,23.1068165108,-14.7043377796,-14.7043377796,0.2500000,4,4,0.49659680000000000,0.496596800000,-0.9864100490137353,-0.9864100490137354,-0.9864100490137353,0E-17,ELIGIBLE,R03b_20260811_FULL_v1,L1_ELIGIBILITY,v2026-08-11,2026-03-21..2026-08-06,baccarat_bet02_101_all_pairs_incl_sentinel,round_win = game_pnl > 0 (decisive only),COMPATIBILITY_ONLY_NOT_PRODUCTION,81515.6139,73739.3596,483.5193,11361,11361,-0.00593162,0.00694385,-0.01152257,-0.00593162,-483.5193,81515.6139,OK,0.0000,19.3408,4.0000,96.0000,AG03-UNRESOLVED,ALL5_LEVELS_bet23_to_bet27,19.3408,19.3408,19.3408,24.1760,24.1760,4.000000,4.000000,4.000000,5.000000,5.000000,96.000000,96.000000,96.000000,95.000000,95.000000,5.0,106.3742,97.4416,377.1451,386.0777,PENDING_AG03,FALSE,NOT_FOR_ENFORCEMENT,464.1785,70789.7852,483.5193,464.1785,19.3408,0.00593162,0.00569435,19.3408,464.1785,0.00569435,19.3408,19.3408,19.3408,24.1760,24.1760,464.1785,0.00569435,106.3742,97.4416,377.1451,386.0777,0.00462666,0.00473624,0.00023726,7.1750,6.4906,0.0426,4.2045,0.0806,708.8314,98.7913,8.8300,6.6350,4.0407,4.4018,8.4329,14.3073,20.7715,40.8781,4.2012,0.0,4.718859,9.286678,1.630025,30,242,81,2,0.30276321,0.00593162,-0.00694385,0E-8,0.000000,0.904604,0.002289,0.01846642,2026-03-22,2026-08-06,115,6001,2406,138,0.833333,1.330819,1.230659,1.009211,,,,,,,,GLOBAL_BASELINE_NO_ENTITY_RANKING,,,NOT_APPLICABLE_GLOBAL_BASELINE,HF9g-P5,,,,X 全窗基线 · 不参与实体赏罚,8399822,840,A168_HF9F_20260827_0900,2026-08-27 09:00:00
2026-05-05,36810153,1384,0,14.0741518748,7.3521688899,7.3521688899,0.7500000,4,4,0.50329940000000000,0.503299400000,0.9868238854431842,0.9868238854431842,0.9868238854431842,0E-17,ELIGIBLE,R03b_20260811_FULL_v1,L1_ELIGIBILITY,v2026-08-11,2026-03-21..2026-08-06,baccarat_bet02_101_all_pairs_incl_sentinel,round_win = game_pnl > 0 (decisive only),COMPATIBILITY_ONLY_NOT_PRODUCTION,81515.6139,73739.3596,483.5193,11361,11361,-0.00593162,0.00694385,-0.01152257,-0.00593162,-483.5193,81515.6139,OK,0.0000,19.3408,4.0000,96.0000,AG03-UNRESOLVED,ALL5_LEVELS_bet23_to_bet27,19.3408,19.3408,19.3408,24.1760,24.1760,4.000000,4.000000,4.000000,5.000000,5.000000,96.000000,96.000000,96.000000,95.000000,95.000000,5.0,106.3742,97.4416,377.1451,386.0777,PENDING_AG03,FALSE,NOT_FOR_ENFORCEMENT,464.1785,70789.7852,483.5193,464.1785,19.3408,0.00593162,0.00569435,19.3408,464.1785,0.00569435,19.3408,19.3408,19.3408,24.1760,24.1760,464.1785,0.00569435,106.3742,97.4416,377.1451,386.0777,0.00462666,0.00473624,0.00023726,7.1750,6.4906,0.0426,4.2045,0.0806,708.8314,98.7913,8.8300,6.6350,4.0407,4.4018,8.4329,14.3073,20.7715,40.8781,4.2012,0.0,4.718859,9.286678,1.630025,30,242,81,2,0.30276321,0.00593162,-0.00694385,0E-8,0.000000,0.904604,0.002289,0.01846642,2026-03-22,2026-08-06,115,6001,2406,138,0.833333,1.330819,1.230659,1.009211,,,,,,,,GLOBAL_BASELINE_NO_ENTITY_RANKING,,,NOT_APPLICABLE_GLOBAL_BASELINE,HF9g-P5,,,,X 全窗基线 · 不参与实体赏罚,8399823,840,A168_HF9F_20260827_0900,2026-08-27 09:00:00
2026-05-05,36810153,1385,0,4.2012393656,-4.2012393656,-4.2012393656,0E-7,1,1,0.49324550000000000,0.493245500000,-0.9865810262130424,-0.9865810262130424,-0.9865810262130424,0E-17,ELIGIBLE,R03b_20260811_FULL_v1,L1_ELIGIBILITY,v2026-08-11,2026-03-21..2026-08-06,baccarat_bet02_101_all_pairs_incl_sentinel,round_win = game_pnl > 0 (decisive only),COMPATIBILITY_ONLY_NOT_PRODUCTION,81515.6139,73739.3596,483.5193,11361,11361,-0.00593162,0.00694385,-0.01152257,-0.00593162,-483.5193,81515.6139,OK,0.0000,19.3408,4.0000,96.0000,AG03-UNRESOLVED,ALL5_LEVELS_bet23_to_bet27,19.3408,19.3408,19.3408,24.1760,24.1760,4.000000,4.000000,4.000000,5.000000,5.000000,96.000000,96.000000,96.000000,95.000000,95.000000,5.0,106.3742,97.4416,377.1451,386.0777,PENDING_AG03,FALSE,NOT_FOR_ENFORCEMENT,464.1785,70789.7852,483.5193,464.1785,19.3408,0.00593162,0.00569435,19.3408,464.1785,0.00569435,19.3408,19.3408,19.3408,24.1760,24.1760,464.1785,0.00569435,106.3742,97.4416,377.1451,386.0777,0.00462666,0.00473624,0.00023726,7.1750,6.4906,0.0426,4.2045,0.0806,708.8314,98.7913,8.8300,6.6350,4.0407,4.4018,8.4329,14.3073,20.7715,40.8781,4.2012,0.0,4.718859,9.286678,1.630025,30,242,81,2,0.30276321,0.00593162,-0.00694385,0E-8,0.000000,0.904604,0.002289,0.01846642,2026-03-22,2026-08-06,115,6001,2406,138,0.833333,1.330819,1.230659,1.009211,,,,,,,,GLOBAL_BASELINE_NO_ENTITY_RANKING,,,NOT_APPLICABLE_GLOBAL_BASELINE,HF9g-P5,,,,X 全窗基线 · 不参与实体赏罚,8399824,840,A168_HF9F_20260827_0900,2026-08-27 09:00:00
2026-05-05,36810153,1399,0,23.1068165108,14.3892448272,14.3892448272,0.7500000,4,4,0.49994810000000000,0.499948100000,1.0002076053883384,1.0002076053883384,1.0002076053883384,0E-17,ELIGIBLE,R03b_20260811_FULL_v1,L1_ELIGIBILITY,v2026-08-11,2026-03-21..2026-08-06,baccarat_bet02_101_all_pairs_incl_sentinel,round_win = game_pnl > 0 (decisive only),COMPATIBILITY_ONLY_NOT_PRODUCTION,81515.6139,73739.3596,483.5193,11361,11361,-0.00593162,0.00694385,-0.01152257,-0.00593162,-483.5193,81515.6139,OK,0.0000,19.3408,4.0000,96.0000,AG03-UNRESOLVED,ALL5_LEVELS_bet23_to_bet27,19.3408,19.3408,19.3408,24.1760,24.1760,4.000000,4.000000,4.000000,5.000000,5.000000,96.000000,96.000000,96.000000,95.000000,95.000000,5.0,106.3742,97.4416,377.1451,386.0777,PENDING_AG03,FALSE,NOT_FOR_ENFORCEMENT,464.1785,70789.7852,483.5193,464.1785,19.3408,0.00593162,0.00569435,19.3408,464.1785,0.00569435,19.3408,19.3408,19.3408,24.1760,24.1760,464.1785,0.00569435,106.3742,97.4416,377.1451,386.0777,0.00462666,0.00473624,0.00023726,7.1750,6.4906,0.0426,4.2045,0.0806,708.8314,98.7913,8.8300,6.6350,4.0407,4.4018,8.4329,14.3073,20.7715,40.8781,4.2012,0.0,4.718859,9.286678,1.630025,30,242,81,2,0.30276321,0.00593162,-0.00694385,0E-8,0.000000,0.904604,0.002289,0.01846642,2026-03-22,2026-08-06,115,6001,2406,138,0.833333,1.330819,1.230659,1.009211,,,,,,,,GLOBAL_BASELINE_NO_ENTITY_RANKING,,,NOT_APPLICABLE_GLOBAL_BASELINE,HF9g-P5,,,,X 全窗基线 · 不参与实体赏罚,8399825,840,A168_HF9F_20260827_0900,2026-08-27 09:00:00
2026-05-05,36810153,1401,0,1.8905577145,-1.8905577145,-1.8905577145,0E-7,1,1,0.50665070000000000,0.506650700000,-1.013391052207602,-1.013391052207602,-1.013391052207602,0E-17,ELIGIBLE,R03b_20260811_FULL_v1,L1_ELIGIBILITY,v2026-08-11,2026-03-21..2026-08-06,baccarat_bet02_101_all_pairs_incl_sentinel,round_win = game_pnl > 0 (decisive only),COMPATIBILITY_ONLY_NOT_PRODUCTION,81515.6139,73739.3596,483.5193,11361,11361,-0.00593162,0.00694385,-0.01152257,-0.00593162,-483.5193,81515.6139,OK,0.0000,19.3408,4.0000,96.0000,AG03-UNRESOLVED,ALL5_LEVELS_bet23_to_bet27,19.3408,19.3408,19.3408,24.1760,24.1760,4.000000,4.000000,4.000000,5.000000,5.000000,96.000000,96.000000,96.000000,95.000000,95.000000,5.0,106.3742,97.4416,377.1451,386.0777,PENDING_AG03,FALSE,NOT_FOR_ENFORCEMENT,464.1785,70789.7852,483.5193,464.1785,19.3408,0.00593162,0.00569435,19.3408,464.1785,0.00569435,19.3408,19.3408,19.3408,24.1760,24.1760,464.1785,0.00569435,106.3742,97.4416,377.1451,386.0777,0.00462666,0.00473624,0.00023726,7.1750,6.4906,0.0426,4.2045,0.0806,708.8314,98.7913,8.8300,6.6350,4.0407,4.4018,8.4329,14.3073,20.7715,40.8781,4.2012,0.0,4.718859,9.286678,1.630025,30,242,81,2,0.30276321,0.00593162,-0.00694385,0E-8,0.000000,0.904604,0.002289,0.01846642,2026-03-22,2026-08-06,115,6001,2406,138,0.833333,1.330819,1.230659,1.009211,,,,,,,,GLOBAL_BASELINE_NO_ENTITY_RANKING,,,NOT_APPLICABLE_GLOBAL_BASELINE,HF9g-P5,,,,X 全窗基线 · 不参与实体赏罚,8399826,840,A168_HF9F_20260827_0900,2026-08-27 09:00:00
2026-05-05,36810153,1507,0,6.3018590484,-6.3018590484,-6.3018590484,0E-7,2,2,0.50665070000000000,0.506650700000,-1.4331513700195317,-1.4331513700195317,-1.4331513700195317,0E-17,ELIGIBLE,R03b_20260811_FULL_v1,L1_ELIGIBILITY,v2026-08-11,2026-03-21..2026-08-06,baccarat_bet02_101_all_pairs_incl_sentinel,round_win = game_pnl > 0 (decisive only),COMPATIBILITY_ONLY_NOT_PRODUCTION,81515.6139,73739.3596,483.5193,11361,11361,-0.00593162,0.00694385,-0.01152257,-0.00593162,-483.5193,81515.6139,OK,0.0000,19.3408,4.0000,96.0000,AG03-UNRESOLVED,ALL5_LEVELS_bet23_to_bet27,19.3408,19.3408,19.3408,24.1760,24.1760,4.000000,4.000000,4.000000,5.000000,5.000000,96.000000,96.000000,96.000000,95.000000,95.000000,5.0,106.3742,97.4416,377.1451,386.0777,PENDING_AG03,FALSE,NOT_FOR_ENFORCEMENT,464.1785,70789.7852,483.5193,464.1785,19.3408,0.00593162,0.00569435,19.3408,464.1785,0.00569435,19.3408,19.3408,19.3408,24.1760,24.1760,464.1785,0.00569435,106.3742,97.4416,377.1451,386.0777,0.00462666,0.00473624,0.00023726,7.1750,6.4906,0.0426,4.2045,0.0806,708.8314,98.7913,8.8300,6.6350,4.0407,4.4018,8.4329,14.3073,20.7715,40.8781,4.2012,0.0,4.718859,9.286678,1.630025,30,242,81,2,0.30276321,0.00593162,-0.00694385,0E-8,0.000000,0.904604,0.002289,0.01846642,2026-03-22,2026-08-06,115,6001,2406,138,0.833333,1.330819,1.230659,1.009211,,,,,,,,GLOBAL_BASELINE_NO_ENTITY_RANKING,,,NOT_APPLICABLE_GLOBAL_BASELINE,HF9g-P5,,,,X 全窗基线 · 不参与实体赏罚,8399827,840,A168_HF9F_20260827_0900,2026-08-27 09:00:00
2026-05-05,36810153,1509,0,4.2012393656,-4.2012393656,-4.2012393656,0E-7,1,1,0.50665070000000000,0.506650700000,-1.013391052207602,-1.013391052207602,-1.013391052207602,0E-17,ELIGIBLE,R03b_20260811_FULL_v1,L1_ELIGIBILITY,v2026-08-11,2026-03-21..2026-08-06,baccarat_bet02_101_all_pairs_incl_sentinel,round_win = game_pnl > 0 (decisive only),COMPATIBILITY_ONLY_NOT_PRODUCTION,81515.6139,73739.3596,483.5193,11361,11361,-0.00593162,0.00694385,-0.01152257,-0.00593162,-483.5193,81515.6139,OK,0.0000,19.3408,4.0000,96.0000,AG03-UNRESOLVED,ALL5_LEVELS_bet23_to_bet27,19.3408,19.3408,19.3408,24.1760,24.1760,4.000000,4.000000,4.000000,5.000000,5.000000,96.000000,96.000000,96.000000,95.000000,95.000000,5.0,106.3742,97.4416,377.1451,386.0777,PENDING_AG03,FALSE,NOT_FOR_ENFORCEMENT,464.1785,70789.7852,483.5193,464.1785,19.3408,0.00593162,0.00569435,19.3408,464.1785,0.00569435,19.3408,19.3408,19.3408,24.1760,24.1760,464.1785,0.00569435,106.3742,97.4416,377.1451,386.0777,0.00462666,0.00473624,0.00023726,7.1750,6.4906,0.0426,4.2045,0.0806,708.8314,98.7913,8.8300,6.6350,4.0407,4.4018,8.4329,14.3073,20.7715,40.8781,4.2012,0.0,4.718859,9.286678,1.630025,30,242,81,2,0.30276321,0.00593162,-0.00694385,0E-8,0.000000,0.904604,0.002289,0.01846642,2026-03-22,2026-08-06,115,6001,2406,138,0.833333,1.330819,1.230659,1.009211,,,,,,,,GLOBAL_BASELINE_NO_ENTITY_RANKING,,,NOT_APPLICABLE_GLOBAL_BASELINE,HF9g-P5,,,,X 全窗基线 · 不参与实体赏罚,8399828,840,A168_HF9F_20260827_0900,2026-08-27 09:00:00
2026-05-05,36810153,1623,0,0.4201239366,0.4201239366,0.4201239366,1.0000000,1,1,0.49324550000000000,0.493245500000,1.01360149184955,1.01360149184955,1.01360149184955,0E-17,ELIGIBLE,R03b_20260811_FULL_v1,L1_ELIGIBILITY,v2026-08-11,2026-03-21..2026-08-06,baccarat_bet02_101_all_pairs_incl_sentinel,round_win = game_pnl > 0 (decisive only),COMPATIBILITY_ONLY_NOT_PRODUCTION,81515.6139,73739.3596,483.5193,11361,11361,-0.00593162,0.00694385,-0.01152257,-0.00593162,-483.5193,81515.6139,OK,0.0000,19.3408,4.0000,96.0000,AG03-UNRESOLVED,ALL5_LEVELS_bet23_to_bet27,19.3408,19.3408,19.3408,24.1760,24.1760,4.000000,4.000000,4.000000,5.000000,5.000000,96.000000,96.000000,96.000000,95.000000,95.000000,5.0,106.3742,97.4416,377.1451,386.0777,PENDING_AG03,FALSE,NOT_FOR_ENFORCEMENT,464.1785,70789.7852,483.5193,464.1785,19.3408,0.00593162,0.00569435,19.3408,464.1785,0.00569435,19.3408,19.3408,19.3408,24.1760,24.1760,464.1785,0.00569435,106.3742,97.4416,377.1451,386.0777,0.00462666,0.00473624,0.00023726,7.1750,6.4906,0.0426,4.2045,0.0806,708.8314,98.7913,8.8300,6.6350,4.0407,4.4018,8.4329,14.3073,20.7715,40.8781,4.2012,0.0,4.718859,9.286678,1.630025,30,242,81,2,0.30276321,0.00593162,-0.00694385,0E-8,0.000000,0.904604,0.002289,0.01846642,2026-03-22,2026-08-06,115,6001,2406,138,0.833333,1.330819,1.230659,1.009211,,,,,,,,GLOBAL_BASELINE_NO_ENTITY_RANKING,,,NOT_APPLICABLE_GLOBAL_BASELINE,HF9g-P5,,,,X 全窗基线 · 不参与实体赏罚,8399829,840,A168_HF9F_20260827_0900,2026-08-27 09:00:00
2026-05-05,36810153,1646,0,2.1006196828,0E-10,0E-10,,1,1,0.50665070000000000,0.506650700000,,,,0E-17,NO_DECISIVE_ROUND,R03b_20260811_FULL_v1,L1_ELIGIBILITY,v2026-08-11,2026-03-21..2026-08-06,baccarat_bet02_101_all_pairs_incl_sentinel,round_win = game_pnl > 0 (decisive only),COMPATIBILITY_ONLY_NOT_PRODUCTION,81515.6139,73739.3596,483.5193,11361,11361,-0.00593162,0.00694385,-0.01152257,-0.00593162,-483.5193,81515.6139,OK,0.0000,19.3408,4.0000,96.0000,AG03-UNRESOLVED,ALL5_LEVELS_bet23_to_bet27,19.3408,19.3408,19.3408,24.1760,24.1760,4.000000,4.000000,4.000000,5.000000,5.000000,96.000000,96.000000,96.000000,95.000000,95.000000,5.0,106.3742,97.4416,377.1451,386.0777,PENDING_AG03,FALSE,NOT_FOR_ENFORCEMENT,464.1785,70789.7852,483.5193,464.1785,19.3408,0.00593162,0.00569435,19.3408,464.1785,0.00569435,19.3408,19.3408,19.3408,24.1760,24.1760,464.1785,0.00569435,106.3742,97.4416,377.1451,386.0777,0.00462666,0.00473624,0.00023726,7.1750,6.4906,0.0426,4.2045,0.0806,708.8314,98.7913,8.8300,6.6350,4.0407,4.4018,8.4329,14.3073,20.7715,40.8781,4.2012,0.0,4.718859,9.286678,1.630025,30,242,81,2,0.30276321,0.00593162,-0.00694385,0E-8,0.000000,0.904604,0.002289,0.01846642,2026-03-22,2026-08-06,115,6001,2406,138,0.833333,1.330819,1.230659,1.009211,,,,,,,,GLOBAL_BASELINE_NO_ENTITY_RANKING,,,NOT_APPLICABLE_GLOBAL_BASELINE,HF9g-P5,,,,X 全窗基线 · 不参与实体赏罚,8399830,840,A168_HF9F_20260827_0900,2026-08-27 09:00:00
2026-05-05,36810153,1702,0,6.5119210167,0E-10,0E-10,,2,2,0.49324550000000000,0.493245500000,,,,0E-17,NO_DECISIVE_ROUND,R03b_20260811_FULL_v1,L1_ELIGIBILITY,v2026-08-11,2026-03-21..2026-08-06,baccarat_bet02_101_all_pairs_incl_sentinel,round_win = game_pnl > 0 (decisive only),COMPATIBILITY_ONLY_NOT_PRODUCTION,81515.6139,73739.3596,483.5193,11361,11361,-0.00593162,0.00694385,-0.01152257,-0.00593162,-483.5193,81515.6139,OK,0.0000,19.3408,4.0000,96.0000,AG03-UNRESOLVED,ALL5_LEVELS_bet23_to_bet27,19.3408,19.3408,19.3408,24.1760,24.1760,4.000000,4.000000,4.000000,5.000000,5.000000,96.000000,96.000000,96.000000,95.000000,95.000000,5.0,106.3742,97.4416,377.1451,386.0777,PENDING_AG03,FALSE,NOT_FOR_ENFORCEMENT,464.1785,70789.7852,483.5193,464.1785,19.3408,0.00593162,0.00569435,19.3408,464.1785,0.00569435,19.3408,19.3408,19.3408,24.1760,24.1760,464.1785,0.00569435,106.3742,97.4416,377.1451,386.0777,0.00462666,0.00473624,0.00023726,7.1750,6.4906,0.0426,4.2045,0.0806,708.8314,98.7913,8.8300,6.6350,4.0407,4.4018,8.4329,14.3073,20.7715,40.8781,4.2012,0.0,4.718859,9.286678,1.630025,30,242,81,2,0.30276321,0.00593162,-0.00694385,0E-8,0.000000,0.904604,0.002289,0.01846642,2026-03-22,2026-08-06,115,6001,2406,138,0.833333,1.330819,1.230659,1.009211,,,,,,,,GLOBAL_BASELINE_NO_ENTITY_RANKING,,,NOT_APPLICABLE_GLOBAL_BASELINE,HF9g-P5,,,,X 全窗基线 · 不参与实体赏罚,8399831,840,A168_HF9F_20260827_0900,2026-08-27 09:00:00
2026-05-05,36810153,1704,0,12.6037180968,-4.4113013339,-4.4113013339,0.3333333,3,3,0.50218230000000000,0.502182300000,-0.5849155494134425,-0.5849155494134426,-0.5849155494134425,0E-17,ELIGIBLE,R03b_20260811_FULL_v1,L1_ELIGIBILITY,v2026-08-11,2026-03-21..2026-08-06,baccarat_bet02_101_all_pairs_incl_sentinel,round_win = game_pnl > 0 (decisive only),COMPATIBILITY_ONLY_NOT_PRODUCTION,81515.6139,73739.3596,483.5193,11361,11361,-0.00593162,0.00694385,-0.01152257,-0.00593162,-483.5193,81515.6139,OK,0.0000,19.3408,4.0000,96.0000,AG03-UNRESOLVED,ALL5_LEVELS_bet23_to_bet27,19.3408,19.3408,19.3408,24.1760,24.1760,4.000000,4.000000,4.000000,5.000000,5.000000,96.000000,96.000000,96.000000,95.000000,95.000000,5.0,106.3742,97.4416,377.1451,386.0777,PENDING_AG03,FALSE,NOT_FOR_ENFORCEMENT,464.1785,70789.7852,483.5193,464.1785,19.3408,0.00593162,0.00569435,19.3408,464.1785,0.00569435,19.3408,19.3408,19.3408,24.1760,24.1760,464.1785,0.00569435,106.3742,97.4416,377.1451,386.0777,0.00462666,0.00473624,0.00023726,7.1750,6.4906,0.0426,4.2045,0.0806,708.8314,98.7913,8.8300,6.6350,4.0407,4.4018,8.4329,14.3073,20.7715,40.8781,4.2012,0.0,4.718859,9.286678,1.630025,30,242,81,2,0.30276321,0.00593162,-0.00694385,0E-8,0.000000,0.904604,0.002289,0.01846642,2026-03-22,2026-08-06,115,6001,2406,138,0.833333,1.330819,1.230659,1.009211,,,,,,,,GLOBAL_BASELINE_NO_ENTITY_RANKING,,,NOT_APPLICABLE_GLOBAL_BASELINE,HF9g-P5,,,,X 全窗基线 · 不参与实体赏罚,8399832,840,A168_HF9F_20260827_0900,2026-08-27 09:00:00
2026-05-05,36810153,1710,0,4.2012393656,0E-10,0E-10,,1,1,0.50665070000000000,0.506650700000,,,,0E-17,NO_DECISIVE_ROUND,R03b_20260811_FULL_v1,L1_ELIGIBILITY,v2026-08-11,2026-03-21..2026-08-06,baccarat_bet02_101_all_pairs_incl_sentinel,round_win = game_pnl > 0 (decisive only),COMPATIBILITY_ONLY_NOT_PRODUCTION,81515.6139,73739.3596,483.5193,11361,11361,-0.00593162,0.00694385,-0.01152257,-0.00593162,-483.5193,81515.6139,OK,0.0000,19.3408,4.0000,96.0000,AG03-UNRESOLVED,ALL5_LEVELS_bet23_to_bet27,19.3408,19.3408,19.3408,24.1760,24.1760,4.000000,4.000000,4.000000,5.000000,5.000000,96.000000,96.000000,96.000000,95.000000,95.000000,5.0,106.3742,97.4416,377.1451,386.0777,PENDING_AG03,FALSE,NOT_FOR_ENFORCEMENT,464.1785,70789.7852,483.5193,464.1785,19.3408,0.00593162,0.00569435,19.3408,464.1785,0.00569435,19.3408,19.3408,19.3408,24.1760,24.1760,464.1785,0.00569435,106.3742,97.4416,377.1451,386.0777,0.00462666,0.00473624,0.00023726,7.1750,6.4906,0.0426,4.2045,0.0806,708.8314,98.7913,8.8300,6.6350,4.0407,4.4018,8.4329,14.3073,20.7715,40.8781,4.2012,0.0,4.718859,9.286678,1.630025,30,242,81,2,0.30276321,0.00593162,-0.00694385,0E-8,0.000000,0.904604,0.002289,0.01846642,2026-03-22,2026-08-06,115,6001,2406,138,0.833333,1.330819,1.230659,1.009211,,,,,,,,GLOBAL_BASELINE_NO_ENTITY_RANKING,,,NOT_APPLICABLE_GLOBAL_BASELINE,HF9g-P5,,,,X 全窗基线 · 不参与实体赏罚,8399833,840,A168_HF9F_20260827_0900,2026-08-27 09:00:00
2026-05-05,36810153,1750,0,0.8402478731,-0.8402478731,-0.8402478731,0E-7,1,1,0.49324550000000000,0.493245500000,-0.9865810262130424,-0.9865810262130424,-0.9865810262130424,0E-17,ELIGIBLE,R03b_20260811_FULL_v1,L1_ELIGIBILITY,v2026-08-11,2026-03-21..2026-08-06,baccarat_bet02_101_all_pairs_incl_sentinel,round_win = game_pnl > 0 (decisive only),COMPATIBILITY_ONLY_NOT_PRODUCTION,81515.6139,73739.3596,483.5193,11361,11361,-0.00593162,0.00694385,-0.01152257,-0.00593162,-483.5193,81515.6139,OK,0.0000,19.3408,4.0000,96.0000,AG03-UNRESOLVED,ALL5_LEVELS_bet23_to_bet27,19.3408,19.3408,19.3408,24.1760,24.1760,4.000000,4.000000,4.000000,5.000000,5.000000,96.000000,96.000000,96.000000,95.000000,95.000000,5.0,106.3742,97.4416,377.1451,386.0777,PENDING_AG03,FALSE,NOT_FOR_ENFORCEMENT,464.1785,70789.7852,483.5193,464.1785,19.3408,0.00593162,0.00569435,19.3408,464.1785,0.00569435,19.3408,19.3408,19.3408,24.1760,24.1760,464.1785,0.00569435,106.3742,97.4416,377.1451,386.0777,0.00462666,0.00473624,0.00023726,7.1750,6.4906,0.0426,4.2045,0.0806,708.8314,98.7913,8.8300,6.6350,4.0407,4.4018,8.4329,14.3073,20.7715,40.8781,4.2012,0.0,4.718859,9.286678,1.630025,30,242,81,2,0.30276321,0.00593162,-0.00694385,0E-8,0.000000,0.904604,0.002289,0.01846642,2026-03-22,2026-08-06,115,6001,2406,138,0.833333,1.330819,1.230659,1.009211,,,,,,,,GLOBAL_BASELINE_NO_ENTITY_RANKING,,,NOT_APPLICABLE_GLOBAL_BASELINE,HF9g-P5,,,,X 全窗基线 · 不参与实体赏罚,8399834,840,A168_HF9F_20260827_0900,2026-08-27 09:00:00
2026-05-05,36810153,1935,0,4.2012393656,4.2012393656,4.2012393656,1.0000000,1,1,0.49324550000000000,0.493245500000,1.01360149184955,1.01360149184955,1.01360149184955,0E-17,ELIGIBLE,R03b_20260811_FULL_v1,L1_ELIGIBILITY,v2026-08-11,2026-03-21..2026-08-06,baccarat_bet02_101_all_pairs_incl_sentinel,round_win = game_pnl > 0 (decisive only),COMPATIBILITY_ONLY_NOT_PRODUCTION,81515.6139,73739.3596,483.5193,11361,11361,-0.00593162,0.00694385,-0.01152257,-0.00593162,-483.5193,81515.6139,OK,0.0000,19.3408,4.0000,96.0000,AG03-UNRESOLVED,ALL5_LEVELS_bet23_to_bet27,19.3408,19.3408,19.3408,24.1760,24.1760,4.000000,4.000000,4.000000,5.000000,5.000000,96.000000,96.000000,96.000000,95.000000,95.000000,5.0,106.3742,97.4416,377.1451,386.0777,PENDING_AG03,FALSE,NOT_FOR_ENFORCEMENT,464.1785,70789.7852,483.5193,464.1785,19.3408,0.00593162,0.00569435,19.3408,464.1785,0.00569435,19.3408,19.3408,19.3408,24.1760,24.1760,464.1785,0.00569435,106.3742,97.4416,377.1451,386.0777,0.00462666,0.00473624,0.00023726,7.1750,6.4906,0.0426,4.2045,0.0806,708.8314,98.7913,8.8300,6.6350,4.0407,4.4018,8.4329,14.3073,20.7715,40.8781,4.2012,0.0,4.718859,9.286678,1.630025,30,242,81,2,0.30276321,0.00593162,-0.00694385,0E-8,0.000000,0.904604,0.002289,0.01846642,2026-03-22,2026-08-06,115,6001,2406,138,0.833333,1.330819,1.230659,1.009211,,,,,,,,GLOBAL_BASELINE_NO_ENTITY_RANKING,,,NOT_APPLICABLE_GLOBAL_BASELINE,HF9g-P5,,,,X 全窗基线 · 不参与实体赏罚,8399835,840,A168_HF9F_20260827_0900,2026-08-27 09:00:00
2026-05-05,36810153,1942,0,5.8817351118,-0.1050309841,-0.1050309841,0.5000000,3,3,0.50665070000000000,0.506650700000,-0.018812684590367487,-0.018812684590367487,-0.018812684590367487,0E-17,ELIGIBLE,R03b_20260811_FULL_v1,L1_ELIGIBILITY,v2026-08-11,2026-03-21..2026-08-06,baccarat_bet02_101_all_pairs_incl_sentinel,round_win = game_pnl > 0 (decisive only),COMPATIBILITY_ONLY_NOT_PRODUCTION,81515.6139,73739.3596,483.5193,11361,11361,-0.00593162,0.00694385,-0.01152257,-0.00593162,-483.5193,81515.6139,OK,0.0000,19.3408,4.0000,96.0000,AG03-UNRESOLVED,ALL5_LEVELS_bet23_to_bet27,19.3408,19.3408,19.3408,24.1760,24.1760,4.000000,4.000000,4.000000,5.000000,5.000000,96.000000,96.000000,96.000000,95.000000,95.000000,5.0,106.3742,97.4416,377.1451,386.0777,PENDING_AG03,FALSE,NOT_FOR_ENFORCEMENT,464.1785,70789.7852,483.5193,464.1785,19.3408,0.00593162,0.00569435,19.3408,464.1785,0.00569435,19.3408,19.3408,19.3408,24.1760,24.1760,464.1785,0.00569435,106.3742,97.4416,377.1451,386.0777,0.00462666,0.00473624,0.00023726,7.1750,6.4906,0.0426,4.2045,0.0806,708.8314,98.7913,8.8300,6.6350,4.0407,4.4018,8.4329,14.3073,20.7715,40.8781,4.2012,0.0,4.718859,9.286678,1.630025,30,242,81,2,0.30276321,0.00593162,-0.00694385,0E-8,0.000000,0.904604,0.002289,0.01846642,2026-03-22,2026-08-06,115,6001,2406,138,0.833333,1.330819,1.230659,1.009211,,,,,,,,GLOBAL_BASELINE_NO_ENTITY_RANKING,,,NOT_APPLICABLE_GLOBAL_BASELINE,HF9g-P5,,,,X 全窗基线 · 不参与实体赏罚,8399836,840,A168_HF9F_20260827_0900,2026-08-27 09:00:00
2026-05-05,36810153,1957,0,16.8049574624,0E-10,0E-10,0.5000000,4,4,0.49659680000000000,0.496596800000,0.013613115331600182,0.013613115331600183,0.013613115331600182,0E-17,ELIGIBLE,R03b_20260811_FULL_v1,L1_ELIGIBILITY,v2026-08-11,2026-03-21..2026-08-06,baccarat_bet02_101_all_pairs_incl_sentinel,round_win = game_pnl > 0 (decisive only),COMPATIBILITY_ONLY_NOT_PRODUCTION,81515.6139,73739.3596,483.5193,11361,11361,-0.00593162,0.00694385,-0.01152257,-0.00593162,-483.5193,81515.6139,OK,0.0000,19.3408,4.0000,96.0000,AG03-UNRESOLVED,ALL5_LEVELS_bet23_to_bet27,19.3408,19.3408,19.3408,24.1760,24.1760,4.000000,4.000000,4.000000,5.000000,5.000000,96.000000,96.000000,96.000000,95.000000,95.000000,5.0,106.3742,97.4416,377.1451,386.0777,PENDING_AG03,FALSE,NOT_FOR_ENFORCEMENT,464.1785,70789.7852,483.5193,464.1785,19.3408,0.00593162,0.00569435,19.3408,464.1785,0.00569435,19.3408,19.3408,19.3408,24.1760,24.1760,464.1785,0.00569435,106.3742,97.4416,377.1451,386.0777,0.00462666,0.00473624,0.00023726,7.1750,6.4906,0.0426,4.2045,0.0806,708.8314,98.7913,8.8300,6.6350,4.0407,4.4018,8.4329,14.3073,20.7715,40.8781,4.2012,0.0,4.718859,9.286678,1.630025,30,242,81,2,0.30276321,0.00593162,-0.00694385,0E-8,0.000000,0.904604,0.002289,0.01846642,2026-03-22,2026-08-06,115,6001,2406,138,0.833333,1.330819,1.230659,1.009211,,,,,,,,GLOBAL_BASELINE_NO_ENTITY_RANKING,,,NOT_APPLICABLE_GLOBAL_BASELINE,HF9g-P5,,,,X 全窗基线 · 不参与实体赏罚,8399837,840,A168_HF9F_20260827_0900,2026-08-27 09:00:00
2026-05-05,36810153,1994,0,5.2515492070,-1.1553408255,-1.1553408255,0.3333333,3,3,0.50218230000000000,0.502182300000,-0.5849155494134425,-0.5849155494134426,-0.5849155494134425,0E-17,ELIGIBLE,R03b_20260811_FULL_v1,L1_ELIGIBILITY,v2026-08-11,2026-03-21..2026-08-06,baccarat_bet02_101_all_pairs_incl_sentinel,round_win = game_pnl > 0 (decisive only),COMPATIBILITY_ONLY_NOT_PRODUCTION,81515.6139,73739.3596,483.5193,11361,11361,-0.00593162,0.00694385,-0.01152257,-0.00593162,-483.5193,81515.6139,OK,0.0000,19.3408,4.0000,96.0000,AG03-UNRESOLVED,ALL5_LEVELS_bet23_to_bet27,19.3408,19.3408,19.3408,24.1760,24.1760,4.000000,4.000000,4.000000,5.000000,5.000000,96.000000,96.000000,96.000000,95.000000,95.000000,5.0,106.3742,97.4416,377.1451,386.0777,PENDING_AG03,FALSE,NOT_FOR_ENFORCEMENT,464.1785,70789.7852,483.5193,464.1785,19.3408,0.00593162,0.00569435,19.3408,464.1785,0.00569435,19.3408,19.3408,19.3408,24.1760,24.1760,464.1785,0.00569435,106.3742,97.4416,377.1451,386.0777,0.00462666,0.00473624,0.00023726,7.1750,6.4906,0.0426,4.2045,0.0806,708.8314,98.7913,8.8300,6.6350,4.0407,4.4018,8.4329,14.3073,20.7715,40.8781,4.2012,0.0,4.718859,9.286678,1.630025,30,242,81,2,0.30276321,0.00593162,-0.00694385,0E-8,0.000000,0.904604,0.002289,0.01846642,2026-03-22,2026-08-06,115,6001,2406,138,0.833333,1.330819,1.230659,1.009211,,,,,,,,GLOBAL_BASELINE_NO_ENTITY_RANKING,,,NOT_APPLICABLE_GLOBAL_BASELINE,HF9g-P5,,,,X 全窗基线 · 不参与实体赏罚,8399838,840,A168_HF9F_20260827_0900,2026-08-27 09:00:00
2026-05-05,36810153,2088,0,10.5030984140,-0.2100619683,-0.2100619683,0.3333333,4,4,0.49994810000000000,0.499948100000,-0.5771704854251445,-0.5771704854251445,-0.5771704854251445,0E-17,ELIGIBLE,R03b_20260811_FULL_v1,L1_ELIGIBILITY,v2026-08-11,2026-03-21..2026-08-06,baccarat_bet02_101_all_pairs_incl_sentinel,round_win = game_pnl > 0 (decisive only),COMPATIBILITY_ONLY_NOT_PRODUCTION,81515.6139,73739.3596,483.5193,11361,11361,-0.00593162,0.00694385,-0.01152257,-0.00593162,-483.5193,81515.6139,OK,0.0000,19.3408,4.0000,96.0000,AG03-UNRESOLVED,ALL5_LEVELS_bet23_to_bet27,19.3408,19.3408,19.3408,24.1760,24.1760,4.000000,4.000000,4.000000,5.000000,5.000000,96.000000,96.000000,96.000000,95.000000,95.000000,5.0,106.3742,97.4416,377.1451,386.0777,PENDING_AG03,FALSE,NOT_FOR_ENFORCEMENT,464.1785,70789.7852,483.5193,464.1785,19.3408,0.00593162,0.00569435,19.3408,464.1785,0.00569435,19.3408,19.3408,19.3408,24.1760,24.1760,464.1785,0.00569435,106.3742,97.4416,377.1451,386.0777,0.00462666,0.00473624,0.00023726,7.1750,6.4906,0.0426,4.2045,0.0806,708.8314,98.7913,8.8300,6.6350,4.0407,4.4018,8.4329,14.3073,20.7715,40.8781,4.2012,0.0,4.718859,9.286678,1.630025,30,242,81,2,0.30276321,0.00593162,-0.00694385,0E-8,0.000000,0.904604,0.002289,0.01846642,2026-03-22,2026-08-06,115,6001,2406,138,0.833333,1.330819,1.230659,1.009211,,,,,,,,GLOBAL_BASELINE_NO_ENTITY_RANKING,,,NOT_APPLICABLE_GLOBAL_BASELINE,HF9g-P5,,,,X 全窗基线 · 不参与实体赏罚,8399839,840,A168_HF9F_20260827_0900,2026-08-27 09:00:00
2026-05-05,36810153,2093,0,5.0414872387,5.0414872387,5.0414872387,1.0000000,2,2,0.49324550000000000,0.493245500000,1.4334489766152358,1.4334489766152358,1.4334489766152358,0E-17,ELIGIBLE,R03b_20260811_FULL_v1,L1_ELIGIBILITY,v2026-08-11,2026-03-21..2026-08-06,baccarat_bet02_101_all_pairs_incl_sentinel,round_win = game_pnl > 0 (decisive only),COMPATIBILITY_ONLY_NOT_PRODUCTION,81515.6139,73739.3596,483.5193,11361,11361,-0.00593162,0.00694385,-0.01152257,-0.00593162,-483.5193,81515.6139,OK,0.0000,19.3408,4.0000,96.0000,AG03-UNRESOLVED,ALL5_LEVELS_bet23_to_bet27,19.3408,19.3408,19.3408,24.1760,24.1760,4.000000,4.000000,4.000000,5.000000,5.000000,96.000000,96.000000,96.000000,95.000000,95.000000,5.0,106.3742,97.4416,377.1451,386.0777,PENDING_AG03,FALSE,NOT_FOR_ENFORCEMENT,464.1785,70789.7852,483.5193,464.1785,19.3408,0.00593162,0.00569435,19.3408,464.1785,0.00569435,19.3408,19.3408,19.3408,24.1760,24.1760,464.1785,0.00569435,106.3742,97.4416,377.1451,386.0777,0.00462666,0.00473624,0.00023726,7.1750,6.4906,0.0426,4.2045,0.0806,708.8314,98.7913,8.8300,6.6350,4.0407,4.4018,8.4329,14.3073,20.7715,40.8781,4.2012,0.0,4.718859,9.286678,1.630025,30,242,81,2,0.30276321,0.00593162,-0.00694385,0E-8,0.000000,0.904604,0.002289,0.01846642,2026-03-22,2026-08-06,115,6001,2406,138,0.833333,1.330819,1.230659,1.009211,,,,,,,,GLOBAL_BASELINE_NO_ENTITY_RANKING,,,NOT_APPLICABLE_GLOBAL_BASELINE,HF9g-P5,,,,X 全窗基线 · 不参与实体赏罚,8399840,840,A168_HF9F_20260827_0900,2026-08-27 09:00:00
2026-05-05,36810153,2103,0,12.6037180968,-4.4113013338,-4.4113013338,0.5000000,4,4,0.50329940000000000,0.503299400000,-0.01319788734859681,-0.01319788734859681,-0.01319788734859681,0E-17,ELIGIBLE,R03b_20260811_FULL_v1,L1_ELIGIBILITY,v2026-08-11,2026-03-21..2026-08-06,baccarat_bet02_101_all_pairs_incl_sentinel,round_win = game_pnl > 0 (decisive only),COMPATIBILITY_ONLY_NOT_PRODUCTION,81515.6139,73739.3596,483.5193,11361,11361,-0.00593162,0.00694385,-0.01152257,-0.00593162,-483.5193,81515.6139,OK,0.0000,19.3408,4.0000,96.0000,AG03-UNRESOLVED,ALL5_LEVELS_bet23_to_bet27,19.3408,19.3408,19.3408,24.1760,24.1760,4.000000,4.000000,4.000000,5.000000,5.000000,96.000000,96.000000,96.000000,95.000000,95.000000,5.0,106.3742,97.4416,377.1451,386.0777,PENDING_AG03,FALSE,NOT_FOR_ENFORCEMENT,464.1785,70789.7852,483.5193,464.1785,19.3408,0.00593162,0.00569435,19.3408,464.1785,0.00569435,19.3408,19.3408,19.3408,24.1760,24.1760,464.1785,0.00569435,106.3742,97.4416,377.1451,386.0777,0.00462666,0.00473624,0.00023726,7.1750,6.4906,0.0426,4.2045,0.0806,708.8314,98.7913,8.8300,6.6350,4.0407,4.4018,8.4329,14.3073,20.7715,40.8781,4.2012,0.0,4.718859,9.286678,1.630025,30,242,81,2,0.30276321,0.00593162,-0.00694385,0E-8,0.000000,0.904604,0.002289,0.01846642,2026-03-22,2026-08-06,115,6001,2406,138,0.833333,1.330819,1.230659,1.009211,,,,,,,,GLOBAL_BASELINE_NO_ENTITY_RANKING,,,NOT_APPLICABLE_GLOBAL_BASELINE,HF9g-P5,,,,X 全窗基线 · 不参与实体赏罚,8399841,840,A168_HF9F_20260827_0900,2026-08-27 09:00:00
2026-05-05,36810153,2106,0,3.9911773973,-3.9911773973,-3.9911773973,0E-7,2,2,0.49324550000000000,0.493245500000,-1.3952362676504506,-1.3952362676504506,-1.3952362676504506,0E-17,ELIGIBLE,R03b_20260811_FULL_v1,L1_ELIGIBILITY,v2026-08-11,2026-03-21..2026-08-06,baccarat_bet02_101_all_pairs_incl_sentinel,round_win = game_pnl > 0 (decisive only),COMPATIBILITY_ONLY_NOT_PRODUCTION,81515.6139,73739.3596,483.5193,11361,11361,-0.00593162,0.00694385,-0.01152257,-0.00593162,-483.5193,81515.6139,OK,0.0000,19.3408,4.0000,96.0000,AG03-UNRESOLVED,ALL5_LEVELS_bet23_to_bet27,19.3408,19.3408,19.3408,24.1760,24.1760,4.000000,4.000000,4.000000,5.000000,5.000000,96.000000,96.000000,96.000000,95.000000,95.000000,5.0,106.3742,97.4416,377.1451,386.0777,PENDING_AG03,FALSE,NOT_FOR_ENFORCEMENT,464.1785,70789.7852,483.5193,464.1785,19.3408,0.00593162,0.00569435,19.3408,464.1785,0.00569435,19.3408,19.3408,19.3408,24.1760,24.1760,464.1785,0.00569435,106.3742,97.4416,377.1451,386.0777,0.00462666,0.00473624,0.00023726,7.1750,6.4906,0.0426,4.2045,0.0806,708.8314,98.7913,8.8300,6.6350,4.0407,4.4018,8.4329,14.3073,20.7715,40.8781,4.2012,0.0,4.718859,9.286678,1.630025,30,242,81,2,0.30276321,0.00593162,-0.00694385,0E-8,0.000000,0.904604,0.002289,0.01846642,2026-03-22,2026-08-06,115,6001,2406,138,0.833333,1.330819,1.230659,1.009211,,,,,,,,GLOBAL_BASELINE_NO_ENTITY_RANKING,,,NOT_APPLICABLE_GLOBAL_BASELINE,HF9g-P5,,,,X 全窗基线 · 不参与实体赏罚,8399842,840,A168_HF9F_20260827_0900,2026-08-27 09:00:00
2026-05-05,36810153,2115,0,35.9205965759,5.1990337149,5.1990337149,0.5000000,8,8,0.50497505000000000,0.504975050000,-0.02437387448103841,-0.02437387448103841,-0.02437387448103841,0E-17,ELIGIBLE,R03b_20260811_FULL_v1,L1_ELIGIBILITY,v2026-08-11,2026-03-21..2026-08-06,baccarat_bet02_101_all_pairs_incl_sentinel,round_win = game_pnl > 0 (decisive only),COMPATIBILITY_ONLY_NOT_PRODUCTION,81515.6139,73739.3596,483.5193,11361,11361,-0.00593162,0.00694385,-0.01152257,-0.00593162,-483.5193,81515.6139,OK,0.0000,19.3408,4.0000,96.0000,AG03-UNRESOLVED,ALL5_LEVELS_bet23_to_bet27,19.3408,19.3408,19.3408,24.1760,24.1760,4.000000,4.000000,4.000000,5.000000,5.000000,96.000000,96.000000,96.000000,95.000000,95.000000,5.0,106.3742,97.4416,377.1451,386.0777,PENDING_AG03,FALSE,NOT_FOR_ENFORCEMENT,464.1785,70789.7852,483.5193,464.1785,19.3408,0.00593162,0.00569435,19.3408,464.1785,0.00569435,19.3408,19.3408,19.3408,24.1760,24.1760,464.1785,0.00569435,106.3742,97.4416,377.1451,386.0777,0.00462666,0.00473624,0.00023726,7.1750,6.4906,0.0426,4.2045,0.0806,708.8314,98.7913,8.8300,6.6350,4.0407,4.4018,8.4329,14.3073,20.7715,40.8781,4.2012,0.0,4.718859,9.286678,1.630025,30,242,81,2,0.30276321,0.00593162,-0.00694385,0E-8,0.000000,0.904604,0.002289,0.01846642,2026-03-22,2026-08-06,115,6001,2406,138,0.833333,1.330819,1.230659,1.009211,,,,,,,,GLOBAL_BASELINE_NO_ENTITY_RANKING,,,NOT_APPLICABLE_GLOBAL_BASELINE,HF9g-P5,,,,X 全窗基线 · 不参与实体赏罚,8399843,840,A168_HF9F_20260827_0900,2026-08-27 09:00:00
2026-05-05,36810153,2117,0,6.3018590484,-6.3018590484,-6.3018590484,0E-7,2,2,0.50665070000000000,0.506650700000,-1.4331513700195317,-1.4331513700195317,-1.4331513700195317,0E-17,ELIGIBLE,R03b_20260811_FULL_v1,L1_ELIGIBILITY,v2026-08-11,2026-03-21..2026-08-06,baccarat_bet02_101_all_pairs_incl_sentinel,round_win = game_pnl > 0 (decisive only),COMPATIBILITY_ONLY_NOT_PRODUCTION,81515.6139,73739.3596,483.5193,11361,11361,-0.00593162,0.00694385,-0.01152257,-0.00593162,-483.5193,81515.6139,OK,0.0000,19.3408,4.0000,96.0000,AG03-UNRESOLVED,ALL5_LEVELS_bet23_to_bet27,19.3408,19.3408,19.3408,24.1760,24.1760,4.000000,4.000000,4.000000,5.000000,5.000000,96.000000,96.000000,96.000000,95.000000,95.000000,5.0,106.3742,97.4416,377.1451,386.0777,PENDING_AG03,FALSE,NOT_FOR_ENFORCEMENT,464.1785,70789.7852,483.5193,464.1785,19.3408,0.00593162,0.00569435,19.3408,464.1785,0.00569435,19.3408,19.3408,19.3408,24.1760,24.1760,464.1785,0.00569435,106.3742,97.4416,377.1451,386.0777,0.00462666,0.00473624,0.00023726,7.1750,6.4906,0.0426,4.2045,0.0806,708.8314,98.7913,8.8300,6.6350,4.0407,4.4018,8.4329,14.3073,20.7715,40.8781,4.2012,0.0,4.718859,9.286678,1.630025,30,242,81,2,0.30276321,0.00593162,-0.00694385,0E-8,0.000000,0.904604,0.002289,0.01846642,2026-03-22,2026-08-06,115,6001,2406,138,0.833333,1.330819,1.230659,1.009211,,,,,,,,GLOBAL_BASELINE_NO_ENTITY_RANKING,,,NOT_APPLICABLE_GLOBAL_BASELINE,HF9g-P5,,,,X 全窗基线 · 不参与实体赏罚,8399844,840,A168_HF9F_20260827_0900,2026-08-27 09:00:00
2026-05-05,36810153,2121,0,21.0061968280,19.9558869866,19.9558869866,1.0000000,3,3,0.50665070000000000,0.506650700000,1.7091633124209307,1.7091633124209307,1.7091633124209307,0E-17,ELIGIBLE,R03b_20260811_FULL_v1,L1_ELIGIBILITY,v2026-08-11,2026-03-21..2026-08-06,baccarat_bet02_101_all_pairs_incl_sentinel,round_win = game_pnl > 0 (decisive only),COMPATIBILITY_ONLY_NOT_PRODUCTION,81515.6139,73739.3596,483.5193,11361,11361,-0.00593162,0.00694385,-0.01152257,-0.00593162,-483.5193,81515.6139,OK,0.0000,19.3408,4.0000,96.0000,AG03-UNRESOLVED,ALL5_LEVELS_bet23_to_bet27,19.3408,19.3408,19.3408,24.1760,24.1760,4.000000,4.000000,4.000000,5.000000,5.000000,96.000000,96.000000,96.000000,95.000000,95.000000,5.0,106.3742,97.4416,377.1451,386.0777,PENDING_AG03,FALSE,NOT_FOR_ENFORCEMENT,464.1785,70789.7852,483.5193,464.1785,19.3408,0.00593162,0.00569435,19.3408,464.1785,0.00569435,19.3408,19.3408,19.3408,24.1760,24.1760,464.1785,0.00569435,106.3742,97.4416,377.1451,386.0777,0.00462666,0.00473624,0.00023726,7.1750,6.4906,0.0426,4.2045,0.0806,708.8314,98.7913,8.8300,6.6350,4.0407,4.4018,8.4329,14.3073,20.7715,40.8781,4.2012,0.0,4.718859,9.286678,1.630025,30,242,81,2,0.30276321,0.00593162,-0.00694385,0E-8,0.000000,0.904604,0.002289,0.01846642,2026-03-22,2026-08-06,115,6001,2406,138,0.833333,1.330819,1.230659,1.009211,,,,,,,,GLOBAL_BASELINE_NO_ENTITY_RANKING,,,NOT_APPLICABLE_GLOBAL_BASELINE,HF9g-P5,,,,X 全窗基线 · 不参与实体赏罚,8399845,840,A168_HF9F_20260827_0900,2026-08-27 09:00:00
2026-05-05,36810153,2127,0,6.3018590484,-2.2056506669,-2.2056506669,0.3333333,3,3,0.50665070000000000,0.506650700000,-0.6004420894325239,-0.6004420894325239,-0.6004420894325239,0E-17,ELIGIBLE,R03b_20260811_FULL_v1,L1_ELIGIBILITY,v2026-08-11,2026-03-21..2026-08-06,baccarat_bet02_101_all_pairs_incl_sentinel,round_win = game_pnl > 0 (decisive only),COMPATIBILITY_ONLY_NOT_PRODUCTION,81515.6139,73739.3596,483.5193,11361,11361,-0.00593162,0.00694385,-0.01152257,-0.00593162,-483.5193,81515.6139,OK,0.0000,19.3408,4.0000,96.0000,AG03-UNRESOLVED,ALL5_LEVELS_bet23_to_bet27,19.3408,19.3408,19.3408,24.1760,24.1760,4.000000,4.000000,4.000000,5.000000,5.000000,96.000000,96.000000,96.000000,95.000000,95.000000,5.0,106.3742,97.4416,377.1451,386.0777,PENDING_AG03,FALSE,NOT_FOR_ENFORCEMENT,464.1785,70789.7852,483.5193,464.1785,19.3408,0.00593162,0.00569435,19.3408,464.1785,0.00569435,19.3408,19.3408,19.3408,24.1760,24.1760,464.1785,0.00569435,106.3742,97.4416,377.1451,386.0777,0.00462666,0.00473624,0.00023726,7.1750,6.4906,0.0426,4.2045,0.0806,708.8314,98.7913,8.8300,6.6350,4.0407,4.4018,8.4329,14.3073,20.7715,40.8781,4.2012,0.0,4.718859,9.286678,1.630025,30,242,81,2,0.30276321,0.00593162,-0.00694385,0E-8,0.000000,0.904604,0.002289,0.01846642,2026-03-22,2026-08-06,115,6001,2406,138,0.833333,1.330819,1.230659,1.009211,,,,,,,,GLOBAL_BASELINE_NO_ENTITY_RANKING,,,NOT_APPLICABLE_GLOBAL_BASELINE,HF9g-P5,,,,X 全窗基线 · 不参与实体赏罚,8399846,840,A168_HF9F_20260827_0900,2026-08-27 09:00:00
2026-05-05,36810153,2142,0,6.3018590484,6.3018590484,6.3018590484,1.0000000,1,1,0.49324550000000000,0.493245500000,1.01360149184955,1.01360149184955,1.01360149184955,0E-17,ELIGIBLE,R03b_20260811_FULL_v1,L1_ELIGIBILITY,v2026-08-11,2026-03-21..2026-08-06,baccarat_bet02_101_all_pairs_incl_sentinel,round_win = game_pnl > 0 (decisive only),COMPATIBILITY_ONLY_NOT_PRODUCTION,81515.6139,73739.3596,483.5193,11361,11361,-0.00593162,0.00694385,-0.01152257,-0.00593162,-483.5193,81515.6139,OK,0.0000,19.3408,4.0000,96.0000,AG03-UNRESOLVED,ALL5_LEVELS_bet23_to_bet27,19.3408,19.3408,19.3408,24.1760,24.1760,4.000000,4.000000,4.000000,5.000000,5.000000,96.000000,96.000000,96.000000,95.000000,95.000000,5.0,106.3742,97.4416,377.1451,386.0777,PENDING_AG03,FALSE,NOT_FOR_ENFORCEMENT,464.1785,70789.7852,483.5193,464.1785,19.3408,0.00593162,0.00569435,19.3408,464.1785,0.00569435,19.3408,19.3408,19.3408,24.1760,24.1760,464.1785,0.00569435,106.3742,97.4416,377.1451,386.0777,0.00462666,0.00473624,0.00023726,7.1750,6.4906,0.0426,4.2045,0.0806,708.8314,98.7913,8.8300,6.6350,4.0407,4.4018,8.4329,14.3073,20.7715,40.8781,4.2012,0.0,4.718859,9.286678,1.630025,30,242,81,2,0.30276321,0.00593162,-0.00694385,0E-8,0.000000,0.904604,0.002289,0.01846642,2026-03-22,2026-08-06,115,6001,2406,138,0.833333,1.330819,1.230659,1.009211,,,,,,,,GLOBAL_BASELINE_NO_ENTITY_RANKING,,,NOT_APPLICABLE_GLOBAL_BASELINE,HF9g-P5,,,,X 全窗基线 · 不参与实体赏罚,8399847,840,A168_HF9F_20260827_0900,2026-08-27 09:00:00
2026-05-05,36810153,2152,0,6.9320449532,1.2603718098,1.2603718098,0.6666667,3,3,0.50218230000000000,0.502182300000,0.5697959874915163,0.5697959874915164,0.5697959874915163,0E-17,ELIGIBLE,R03b_20260811_FULL_v1,L1_ELIGIBILITY,v2026-08-11,2026-03-21..2026-08-06,baccarat_bet02_101_all_pairs_incl_sentinel,round_win = game_pnl > 0 (decisive only),COMPATIBILITY_ONLY_NOT_PRODUCTION,81515.6139,73739.3596,483.5193,11361,11361,-0.00593162,0.00694385,-0.01152257,-0.00593162,-483.5193,81515.6139,OK,0.0000,19.3408,4.0000,96.0000,AG03-UNRESOLVED,ALL5_LEVELS_bet23_to_bet27,19.3408,19.3408,19.3408,24.1760,24.1760,4.000000,4.000000,4.000000,5.000000,5.000000,96.000000,96.000000,96.000000,95.000000,95.000000,5.0,106.3742,97.4416,377.1451,386.0777,PENDING_AG03,FALSE,NOT_FOR_ENFORCEMENT,464.1785,70789.7852,483.5193,464.1785,19.3408,0.00593162,0.00569435,19.3408,464.1785,0.00569435,19.3408,19.3408,19.3408,24.1760,24.1760,464.1785,0.00569435,106.3742,97.4416,377.1451,386.0777,0.00462666,0.00473624,0.00023726,7.1750,6.4906,0.0426,4.2045,0.0806,708.8314,98.7913,8.8300,6.6350,4.0407,4.4018,8.4329,14.3073,20.7715,40.8781,4.2012,0.0,4.718859,9.286678,1.630025,30,242,81,2,0.30276321,0.00593162,-0.00694385,0E-8,0.000000,0.904604,0.002289,0.01846642,2026-03-22,2026-08-06,115,6001,2406,138,0.833333,1.330819,1.230659,1.009211,,,,,,,,GLOBAL_BASELINE_NO_ENTITY_RANKING,,,NOT_APPLICABLE_GLOBAL_BASELINE,HF9g-P5,,,,X 全窗基线 · 不参与实体赏罚,8399848,840,A168_HF9F_20260827_0900,2026-08-27 09:00:00
2026-05-05,36810153,2155,0,11.3433462871,2.9933830480,2.9933830480,0.6666667,3,3,0.50665070000000000,0.506650700000,0.5543606114942035,0.5543606114942035,0.5543606114942035,0E-17,ELIGIBLE,R03b_20260811_FULL_v1,L1_ELIGIBILITY,v2026-08-11,2026-03-21..2026-08-06,baccarat_bet02_101_all_pairs_incl_sentinel,round_win = game_pnl > 0 (decisive only),COMPATIBILITY_ONLY_NOT_PRODUCTION,81515.6139,73739.3596,483.5193,11361,11361,-0.00593162,0.00694385,-0.01152257,-0.00593162,-483.5193,81515.6139,OK,0.0000,19.3408,4.0000,96.0000,AG03-UNRESOLVED,ALL5_LEVELS_bet23_to_bet27,19.3408,19.3408,19.3408,24.1760,24.1760,4.000000,4.000000,4.000000,5.000000,5.000000,96.000000,96.000000,96.000000,95.000000,95.000000,5.0,106.3742,97.4416,377.1451,386.0777,PENDING_AG03,FALSE,NOT_FOR_ENFORCEMENT,464.1785,70789.7852,483.5193,464.1785,19.3408,0.00593162,0.00569435,19.3408,464.1785,0.00569435,19.3408,19.3408,19.3408,24.1760,24.1760,464.1785,0.00569435,106.3742,97.4416,377.1451,386.0777,0.00462666,0.00473624,0.00023726,7.1750,6.4906,0.0426,4.2045,0.0806,708.8314,98.7913,8.8300,6.6350,4.0407,4.4018,8.4329,14.3073,20.7715,40.8781,4.2012,0.0,4.718859,9.286678,1.630025,30,242,81,2,0.30276321,0.00593162,-0.00694385,0E-8,0.000000,0.904604,0.002289,0.01846642,2026-03-22,2026-08-06,115,6001,2406,138,0.833333,1.330819,1.230659,1.009211,,,,,,,,GLOBAL_BASELINE_NO_ENTITY_RANKING,,,NOT_APPLICABLE_GLOBAL_BASELINE,HF9g-P5,,,,X 全窗基线 · 不参与实体赏罚,8399849,840,A168_HF9F_20260827_0900,2026-08-27 09:00:00
2026-05-05,36810153,2156,0,3.9911773973,-3.9911773973,-3.9911773973,0E-7,2,2,0.49994810000000000,0.499948100000,-1.4140667746232096,-1.4140667746232096,-1.4140667746232096,0E-17,ELIGIBLE,R03b_20260811_FULL_v1,L1_ELIGIBILITY,v2026-08-11,2026-03-21..2026-08-06,baccarat_bet02_101_all_pairs_incl_sentinel,round_win = game_pnl > 0 (decisive only),COMPATIBILITY_ONLY_NOT_PRODUCTION,81515.6139,73739.3596,483.5193,11361,11361,-0.00593162,0.00694385,-0.01152257,-0.00593162,-483.5193,81515.6139,OK,0.0000,19.3408,4.0000,96.0000,AG03-UNRESOLVED,ALL5_LEVELS_bet23_to_bet27,19.3408,19.3408,19.3408,24.1760,24.1760,4.000000,4.000000,4.000000,5.000000,5.000000,96.000000,96.000000,96.000000,95.000000,95.000000,5.0,106.3742,97.4416,377.1451,386.0777,PENDING_AG03,FALSE,NOT_FOR_ENFORCEMENT,464.1785,70789.7852,483.5193,464.1785,19.3408,0.00593162,0.00569435,19.3408,464.1785,0.00569435,19.3408,19.3408,19.3408,24.1760,24.1760,464.1785,0.00569435,106.3742,97.4416,377.1451,386.0777,0.00462666,0.00473624,0.00023726,7.1750,6.4906,0.0426,4.2045,0.0806,708.8314,98.7913,8.8300,6.6350,4.0407,4.4018,8.4329,14.3073,20.7715,40.8781,4.2012,0.0,4.718859,9.286678,1.630025,30,242,81,2,0.30276321,0.00593162,-0.00694385,0E-8,0.000000,0.904604,0.002289,0.01846642,2026-03-22,2026-08-06,115,6001,2406,138,0.833333,1.330819,1.230659,1.009211,,,,,,,,GLOBAL_BASELINE_NO_ENTITY_RANKING,,,NOT_APPLICABLE_GLOBAL_BASELINE,HF9g-P5,,,,X 全窗基线 · 不参与实体赏罚,8399850,840,A168_HF9F_20260827_0900,2026-08-27 09:00:00
2026-05-05,36810153,2167,0,19.3257010818,-19.3257010818,-19.3257010818,0E-7,3,3,0.50218230000000000,0.502182300000,-1.7396270863184011,-1.7396270863184016,-1.7396270863184011,0E-17,ELIGIBLE,R03b_20260811_FULL_v1,L1_ELIGIBILITY,v2026-08-11,2026-03-21..2026-08-06,baccarat_bet02_101_all_pairs_incl_sentinel,round_win = game_pnl > 0 (decisive only),COMPATIBILITY_ONLY_NOT_PRODUCTION,81515.6139,73739.3596,483.5193,11361,11361,-0.00593162,0.00694385,-0.01152257,-0.00593162,-483.5193,81515.6139,OK,0.0000,19.3408,4.0000,96.0000,AG03-UNRESOLVED,ALL5_LEVELS_bet23_to_bet27,19.3408,19.3408,19.3408,24.1760,24.1760,4.000000,4.000000,4.000000,5.000000,5.000000,96.000000,96.000000,96.000000,95.000000,95.000000,5.0,106.3742,97.4416,377.1451,386.0777,PENDING_AG03,FALSE,NOT_FOR_ENFORCEMENT,464.1785,70789.7852,483.5193,464.1785,19.3408,0.00593162,0.00569435,19.3408,464.1785,0.00569435,19.3408,19.3408,19.3408,24.1760,24.1760,464.1785,0.00569435,106.3742,97.4416,377.1451,386.0777,0.00462666,0.00473624,0.00023726,7.1750,6.4906,0.0426,4.2045,0.0806,708.8314,98.7913,8.8300,6.6350,4.0407,4.4018,8.4329,14.3073,20.7715,40.8781,4.2012,0.0,4.718859,9.286678,1.630025,30,242,81,2,0.30276321,0.00593162,-0.00694385,0E-8,0.000000,0.904604,0.002289,0.01846642,2026-03-22,2026-08-06,115,6001,2406,138,0.833333,1.330819,1.230659,1.009211,,,,,,,,GLOBAL_BASELINE_NO_ENTITY_RANKING,,,NOT_APPLICABLE_GLOBAL_BASELINE,HF9g-P5,,,,X 全窗基线 · 不参与实体赏罚,8399851,840,A168_HF9F_20260827_0900,2026-08-27 09:00:00
2026-05-05,36810153,2169,0,6.3018590484,0E-10,0E-10,,1,1,0.50665070000000000,0.506650700000,,,,0E-17,NO_DECISIVE_ROUND,R03b_20260811_FULL_v1,L1_ELIGIBILITY,v2026-08-11,2026-03-21..2026-08-06,baccarat_bet02_101_all_pairs_incl_sentinel,round_win = game_pnl > 0 (decisive only),COMPATIBILITY_ONLY_NOT_PRODUCTION,81515.6139,73739.3596,483.5193,11361,11361,-0.00593162,0.00694385,-0.01152257,-0.00593162,-483.5193,81515.6139,OK,0.0000,19.3408,4.0000,96.0000,AG03-UNRESOLVED,ALL5_LEVELS_bet23_to_bet27,19.3408,19.3408,19.3408,24.1760,24.1760,4.000000,4.000000,4.000000,5.000000,5.000000,96.000000,96.000000,96.000000,95.000000,95.000000,5.0,106.3742,97.4416,377.1451,386.0777,PENDING_AG03,FALSE,NOT_FOR_ENFORCEMENT,464.1785,70789.7852,483.5193,464.1785,19.3408,0.00593162,0.00569435,19.3408,464.1785,0.00569435,19.3408,19.3408,19.3408,24.1760,24.1760,464.1785,0.00569435,106.3742,97.4416,377.1451,386.0777,0.00462666,0.00473624,0.00023726,7.1750,6.4906,0.0426,4.2045,0.0806,708.8314,98.7913,8.8300,6.6350,4.0407,4.4018,8.4329,14.3073,20.7715,40.8781,4.2012,0.0,4.718859,9.286678,1.630025,30,242,81,2,0.30276321,0.00593162,-0.00694385,0E-8,0.000000,0.904604,0.002289,0.01846642,2026-03-22,2026-08-06,115,6001,2406,138,0.833333,1.330819,1.230659,1.009211,,,,,,,,GLOBAL_BASELINE_NO_ENTITY_RANKING,,,NOT_APPLICABLE_GLOBAL_BASELINE,HF9g-P5,,,,X 全窗基线 · 不参与实体赏罚,8399852,840,A168_HF9F_20260827_0900,2026-08-27 09:00:00
2026-05-05,36810153,2173,0,4.2012393656,3.9911773973,3.9911773973,1.0000000,1,1,0.50665070000000000,0.506650700000,0.9867858985152569,0.9867858985152569,0.9867858985152569,0E-17,ELIGIBLE,R03b_20260811_FULL_v1,L1_ELIGIBILITY,v2026-08-11,2026-03-21..2026-08-06,baccarat_bet02_101_all_pairs_incl_sentinel,round_win = game_pnl > 0 (decisive only),COMPATIBILITY_ONLY_NOT_PRODUCTION,81515.6139,73739.3596,483.5193,11361,11361,-0.00593162,0.00694385,-0.01152257,-0.00593162,-483.5193,81515.6139,OK,0.0000,19.3408,4.0000,96.0000,AG03-UNRESOLVED,ALL5_LEVELS_bet23_to_bet27,19.3408,19.3408,19.3408,24.1760,24.1760,4.000000,4.000000,4.000000,5.000000,5.000000,96.000000,96.000000,96.000000,95.000000,95.000000,5.0,106.3742,97.4416,377.1451,386.0777,PENDING_AG03,FALSE,NOT_FOR_ENFORCEMENT,464.1785,70789.7852,483.5193,464.1785,19.3408,0.00593162,0.00569435,19.3408,464.1785,0.00569435,19.3408,19.3408,19.3408,24.1760,24.1760,464.1785,0.00569435,106.3742,97.4416,377.1451,386.0777,0.00462666,0.00473624,0.00023726,7.1750,6.4906,0.0426,4.2045,0.0806,708.8314,98.7913,8.8300,6.6350,4.0407,4.4018,8.4329,14.3073,20.7715,40.8781,4.2012,0.0,4.718859,9.286678,1.630025,30,242,81,2,0.30276321,0.00593162,-0.00694385,0E-8,0.000000,0.904604,0.002289,0.01846642,2026-03-22,2026-08-06,115,6001,2406,138,0.833333,1.330819,1.230659,1.009211,,,,,,,,GLOBAL_BASELINE_NO_ENTITY_RANKING,,,NOT_APPLICABLE_GLOBAL_BASELINE,HF9g-P5,,,,X 全窗基线 · 不参与实体赏罚,8399853,840,A168_HF9F_20260827_0900,2026-08-27 09:00:00
2026-05-05,36810153,2175,0,4.2012393656,-4.2012393656,-4.2012393656,0E-7,1,1,0.50665070000000000,0.506650700000,-1.013391052207602,-1.013391052207602,-1.013391052207602,0E-17,ELIGIBLE,R03b_20260811_FULL_v1,L1_ELIGIBILITY,v2026-08-11,2026-03-21..2026-08-06,baccarat_bet02_101_all_pairs_incl_sentinel,round_win = game_pnl > 0 (decisive only),COMPATIBILITY_ONLY_NOT_PRODUCTION,81515.6139,73739.3596,483.5193,11361,11361,-0.00593162,0.00694385,-0.01152257,-0.00593162,-483.5193,81515.6139,OK,0.0000,19.3408,4.0000,96.0000,AG03-UNRESOLVED,ALL5_LEVELS_bet23_to_bet27,19.3408,19.3408,19.3408,24.1760,24.1760,4.000000,4.000000,4.000000,5.000000,5.000000,96.000000,96.000000,96.000000,95.000000,95.000000,5.0,106.3742,97.4416,377.1451,386.0777,PENDING_AG03,FALSE,NOT_FOR_ENFORCEMENT,464.1785,70789.7852,483.5193,464.1785,19.3408,0.00593162,0.00569435,19.3408,464.1785,0.00569435,19.3408,19.3408,19.3408,24.1760,24.1760,464.1785,0.00569435,106.3742,97.4416,377.1451,386.0777,0.00462666,0.00473624,0.00023726,7.1750,6.4906,0.0426,4.2045,0.0806,708.8314,98.7913,8.8300,6.6350,4.0407,4.4018,8.4329,14.3073,20.7715,40.8781,4.2012,0.0,4.718859,9.286678,1.630025,30,242,81,2,0.30276321,0.00593162,-0.00694385,0E-8,0.000000,0.904604,0.002289,0.01846642,2026-03-22,2026-08-06,115,6001,2406,138,0.833333,1.330819,1.230659,1.009211,,,,,,,,GLOBAL_BASELINE_NO_ENTITY_RANKING,,,NOT_APPLICABLE_GLOBAL_BASELINE,HF9g-P5,,,,X 全窗基线 · 不参与实体赏罚,8399854,840,A168_HF9F_20260827_0900,2026-08-27 09:00:00
2026-05-05,36810153,2188,0,9.8729125092,-9.8729125092,-9.8729125092,0E-7,2,2,0.49324550000000000,0.493245500000,-1.3952362676504506,-1.3952362676504506,-1.3952362676504506,0E-17,ELIGIBLE,R03b_20260811_FULL_v1,L1_ELIGIBILITY,v2026-08-11,2026-03-21..2026-08-06,baccarat_bet02_101_all_pairs_incl_sentinel,round_win = game_pnl > 0 (decisive only),COMPATIBILITY_ONLY_NOT_PRODUCTION,81515.6139,73739.3596,483.5193,11361,11361,-0.00593162,0.00694385,-0.01152257,-0.00593162,-483.5193,81515.6139,OK,0.0000,19.3408,4.0000,96.0000,AG03-UNRESOLVED,ALL5_LEVELS_bet23_to_bet27,19.3408,19.3408,19.3408,24.1760,24.1760,4.000000,4.000000,4.000000,5.000000,5.000000,96.000000,96.000000,96.000000,95.000000,95.000000,5.0,106.3742,97.4416,377.1451,386.0777,PENDING_AG03,FALSE,NOT_FOR_ENFORCEMENT,464.1785,70789.7852,483.5193,464.1785,19.3408,0.00593162,0.00569435,19.3408,464.1785,0.00569435,19.3408,19.3408,19.3408,24.1760,24.1760,464.1785,0.00569435,106.3742,97.4416,377.1451,386.0777,0.00462666,0.00473624,0.00023726,7.1750,6.4906,0.0426,4.2045,0.0806,708.8314,98.7913,8.8300,6.6350,4.0407,4.4018,8.4329,14.3073,20.7715,40.8781,4.2012,0.0,4.718859,9.286678,1.630025,30,242,81,2,0.30276321,0.00593162,-0.00694385,0E-8,0.000000,0.904604,0.002289,0.01846642,2026-03-22,2026-08-06,115,6001,2406,138,0.833333,1.330819,1.230659,1.009211,,,,,,,,GLOBAL_BASELINE_NO_ENTITY_RANKING,,,NOT_APPLICABLE_GLOBAL_BASELINE,HF9g-P5,,,,X 全窗基线 · 不参与实体赏罚,8399855,840,A168_HF9F_20260827_0900,2026-08-27 09:00:00
2026-05-05,36810153,2205,0,4.2012393656,-4.2012393656,-4.2012393656,0E-7,1,1,0.50665070000000000,0.506650700000,-1.013391052207602,-1.013391052207602,-1.013391052207602,0E-17,ELIGIBLE,R03b_20260811_FULL_v1,L1_ELIGIBILITY,v2026-08-11,2026-03-21..2026-08-06,baccarat_bet02_101_all_pairs_incl_sentinel,round_win = game_pnl > 0 (decisive only),COMPATIBILITY_ONLY_NOT_PRODUCTION,81515.6139,73739.3596,483.5193,11361,11361,-0.00593162,0.00694385,-0.01152257,-0.00593162,-483.5193,81515.6139,OK,0.0000,19.3408,4.0000,96.0000,AG03-UNRESOLVED,ALL5_LEVELS_bet23_to_bet27,19.3408,19.3408,19.3408,24.1760,24.1760,4.000000,4.000000,4.000000,5.000000,5.000000,96.000000,96.000000,96.000000,95.000000,95.000000,5.0,106.3742,97.4416,377.1451,386.0777,PENDING_AG03,FALSE,NOT_FOR_ENFORCEMENT,464.1785,70789.7852,483.5193,464.1785,19.3408,0.00593162,0.00569435,19.3408,464.1785,0.00569435,19.3408,19.3408,19.3408,24.1760,24.1760,464.1785,0.00569435,106.3742,97.4416,377.1451,386.0777,0.00462666,0.00473624,0.00023726,7.1750,6.4906,0.0426,4.2045,0.0806,708.8314,98.7913,8.8300,6.6350,4.0407,4.4018,8.4329,14.3073,20.7715,40.8781,4.2012,0.0,4.718859,9.286678,1.630025,30,242,81,2,0.30276321,0.00593162,-0.00694385,0E-8,0.000000,0.904604,0.002289,0.01846642,2026-03-22,2026-08-06,115,6001,2406,138,0.833333,1.330819,1.230659,1.009211,,,,,,,,GLOBAL_BASELINE_NO_ENTITY_RANKING,,,NOT_APPLICABLE_GLOBAL_BASELINE,HF9g-P5,,,,X 全窗基线 · 不参与实体赏罚,8399856,840,A168_HF9F_20260827_0900,2026-08-27 09:00:00
2026-05-05,36810153,2209,0,3.1509295242,2.9933830480,2.9933830480,1.0000000,1,1,0.50665070000000000,0.506650700000,0.9867858985152569,0.9867858985152569,0.9867858985152569,0E-17,ELIGIBLE,R03b_20260811_FULL_v1,L1_ELIGIBILITY,v2026-08-11,2026-03-21..2026-08-06,baccarat_bet02_101_all_pairs_incl_sentinel,round_win = game_pnl > 0 (decisive only),COMPATIBILITY_ONLY_NOT_PRODUCTION,81515.6139,73739.3596,483.5193,11361,11361,-0.00593162,0.00694385,-0.01152257,-0.00593162,-483.5193,81515.6139,OK,0.0000,19.3408,4.0000,96.0000,AG03-UNRESOLVED,ALL5_LEVELS_bet23_to_bet27,19.3408,19.3408,19.3408,24.1760,24.1760,4.000000,4.000000,4.000000,5.000000,5.000000,96.000000,96.000000,96.000000,95.000000,95.000000,5.0,106.3742,97.4416,377.1451,386.0777,PENDING_AG03,FALSE,NOT_FOR_ENFORCEMENT,464.1785,70789.7852,483.5193,464.1785,19.3408,0.00593162,0.00569435,19.3408,464.1785,0.00569435,19.3408,19.3408,19.3408,24.1760,24.1760,464.1785,0.00569435,106.3742,97.4416,377.1451,386.0777,0.00462666,0.00473624,0.00023726,7.1750,6.4906,0.0426,4.2045,0.0806,708.8314,98.7913,8.8300,6.6350,4.0407,4.4018,8.4329,14.3073,20.7715,40.8781,4.2012,0.0,4.718859,9.286678,1.630025,30,242,81,2,0.30276321,0.00593162,-0.00694385,0E-8,0.000000,0.904604,0.002289,0.01846642,2026-03-22,2026-08-06,115,6001,2406,138,0.833333,1.330819,1.230659,1.009211,,,,,,,,GLOBAL_BASELINE_NO_ENTITY_RANKING,,,NOT_APPLICABLE_GLOBAL_BASELINE,HF9g-P5,,,,X 全窗基线 · 不参与实体赏罚,8399857,840,A168_HF9F_20260827_0900,2026-08-27 09:00:00
2026-05-05,36810153,2223,0,2.1006196828,-2.1006196828,-2.1006196828,0E-7,1,1,0.49324550000000000,0.493245500000,-0.9865810262130424,-0.9865810262130424,-0.9865810262130424,0E-17,ELIGIBLE,R03b_20260811_FULL_v1,L1_ELIGIBILITY,v2026-08-11,2026-03-21..2026-08-06,baccarat_bet02_101_all_pairs_incl_sentinel,round_win = game_pnl > 0 (decisive only),COMPATIBILITY_ONLY_NOT_PRODUCTION,81515.6139,73739.3596,483.5193,11361,11361,-0.00593162,0.00694385,-0.01152257,-0.00593162,-483.5193,81515.6139,OK,0.0000,19.3408,4.0000,96.0000,AG03-UNRESOLVED,ALL5_LEVELS_bet23_to_bet27,19.3408,19.3408,19.3408,24.1760,24.1760,4.000000,4.000000,4.000000,5.000000,5.000000,96.000000,96.000000,96.000000,95.000000,95.000000,5.0,106.3742,97.4416,377.1451,386.0777,PENDING_AG03,FALSE,NOT_FOR_ENFORCEMENT,464.1785,70789.7852,483.5193,464.1785,19.3408,0.00593162,0.00569435,19.3408,464.1785,0.00569435,19.3408,19.3408,19.3408,24.1760,24.1760,464.1785,0.00569435,106.3742,97.4416,377.1451,386.0777,0.00462666,0.00473624,0.00023726,7.1750,6.4906,0.0426,4.2045,0.0806,708.8314,98.7913,8.8300,6.6350,4.0407,4.4018,8.4329,14.3073,20.7715,40.8781,4.2012,0.0,4.718859,9.286678,1.630025,30,242,81,2,0.30276321,0.00593162,-0.00694385,0E-8,0.000000,0.904604,0.002289,0.01846642,2026-03-22,2026-08-06,115,6001,2406,138,0.833333,1.330819,1.230659,1.009211,,,,,,,,GLOBAL_BASELINE_NO_ENTITY_RANKING,,,NOT_APPLICABLE_GLOBAL_BASELINE,HF9g-P5,,,,X 全窗基线 · 不参与实体赏罚,8399858,840,A168_HF9F_20260827_0900,2026-08-27 09:00:00
2026-05-05,36810153,2233,0,6.3018590484,-6.3018590484,-6.3018590484,0E-7,1,1,0.50665070000000000,0.506650700000,-1.013391052207602,-1.013391052207602,-1.013391052207602,0E-17,ELIGIBLE,R03b_20260811_FULL_v1,L1_ELIGIBILITY,v2026-08-11,2026-03-21..2026-08-06,baccarat_bet02_101_all_pairs_incl_sentinel,round_win = game_pnl > 0 (decisive only),COMPATIBILITY_ONLY_NOT_PRODUCTION,81515.6139,73739.3596,483.5193,11361,11361,-0.00593162,0.00694385,-0.01152257,-0.00593162,-483.5193,81515.6139,OK,0.0000,19.3408,4.0000,96.0000,AG03-UNRESOLVED,ALL5_LEVELS_bet23_to_bet27,19.3408,19.3408,19.3408,24.1760,24.1760,4.000000,4.000000,4.000000,5.000000,5.000000,96.000000,96.000000,96.000000,95.000000,95.000000,5.0,106.3742,97.4416,377.1451,386.0777,PENDING_AG03,FALSE,NOT_FOR_ENFORCEMENT,464.1785,70789.7852,483.5193,464.1785,19.3408,0.00593162,0.00569435,19.3408,464.1785,0.00569435,19.3408,19.3408,19.3408,24.1760,24.1760,464.1785,0.00569435,106.3742,97.4416,377.1451,386.0777,0.00462666,0.00473624,0.00023726,7.1750,6.4906,0.0426,4.2045,0.0806,708.8314,98.7913,8.8300,6.6350,4.0407,4.4018,8.4329,14.3073,20.7715,40.8781,4.2012,0.0,4.718859,9.286678,1.630025,30,242,81,2,0.30276321,0.00593162,-0.00694385,0E-8,0.000000,0.904604,0.002289,0.01846642,2026-03-22,2026-08-06,115,6001,2406,138,0.833333,1.330819,1.230659,1.009211,,,,,,,,GLOBAL_BASELINE_NO_ENTITY_RANKING,,,NOT_APPLICABLE_GLOBAL_BASELINE,HF9g-P5,,,,X 全窗基线 · 不参与实体赏罚,8399859,840,A168_HF9F_20260827_0900,2026-08-27 09:00:00
2026-05-05,36810153,2235,0,4.2012393656,-4.2012393656,-4.2012393656,0E-7,1,1,0.49324550000000000,0.493245500000,-0.9865810262130424,-0.9865810262130424,-0.9865810262130424,0E-17,ELIGIBLE,R03b_20260811_FULL_v1,L1_ELIGIBILITY,v2026-08-11,2026-03-21..2026-08-06,baccarat_bet02_101_all_pairs_incl_sentinel,round_win = game_pnl > 0 (decisive only),COMPATIBILITY_ONLY_NOT_PRODUCTION,81515.6139,73739.3596,483.5193,11361,11361,-0.00593162,0.00694385,-0.01152257,-0.00593162,-483.5193,81515.6139,OK,0.0000,19.3408,4.0000,96.0000,AG03-UNRESOLVED,ALL5_LEVELS_bet23_to_bet27,19.3408,19.3408,19.3408,24.1760,24.1760,4.000000,4.000000,4.000000,5.000000,5.000000,96.000000,96.000000,96.000000,95.000000,95.000000,5.0,106.3742,97.4416,377.1451,386.0777,PENDING_AG03,FALSE,NOT_FOR_ENFORCEMENT,464.1785,70789.7852,483.5193,464.1785,19.3408,0.00593162,0.00569435,19.3408,464.1785,0.00569435,19.3408,19.3408,19.3408,24.1760,24.1760,464.1785,0.00569435,106.3742,97.4416,377.1451,386.0777,0.00462666,0.00473624,0.00023726,7.1750,6.4906,0.0426,4.2045,0.0806,708.8314,98.7913,8.8300,6.6350,4.0407,4.4018,8.4329,14.3073,20.7715,40.8781,4.2012,0.0,4.718859,9.286678,1.630025,30,242,81,2,0.30276321,0.00593162,-0.00694385,0E-8,0.000000,0.904604,0.002289,0.01846642,2026-03-22,2026-08-06,115,6001,2406,138,0.833333,1.330819,1.230659,1.009211,,,,,,,,GLOBAL_BASELINE_NO_ENTITY_RANKING,,,NOT_APPLICABLE_GLOBAL_BASELINE,HF9g-P5,,,,X 全窗基线 · 不参与实体赏罚,8399860,840,A168_HF9F_20260827_0900,2026-08-27 09:00:00
2026-05-05,36810153,2251,0,4.2012393656,3.9911773973,3.9911773973,1.0000000,1,1,0.50665070000000000,0.506650700000,0.9867858985152569,0.9867858985152569,0.9867858985152569,0E-17,ELIGIBLE,R03b_20260811_FULL_v1,L1_ELIGIBILITY,v2026-08-11,2026-03-21..2026-08-06,baccarat_bet02_101_all_pairs_incl_sentinel,round_win = game_pnl > 0 (decisive only),COMPATIBILITY_ONLY_NOT_PRODUCTION,81515.6139,73739.3596,483.5193,11361,11361,-0.00593162,0.00694385,-0.01152257,-0.00593162,-483.5193,81515.6139,OK,0.0000,19.3408,4.0000,96.0000,AG03-UNRESOLVED,ALL5_LEVELS_bet23_to_bet27,19.3408,19.3408,19.3408,24.1760,24.1760,4.000000,4.000000,4.000000,5.000000,5.000000,96.000000,96.000000,96.000000,95.000000,95.000000,5.0,106.3742,97.4416,377.1451,386.0777,PENDING_AG03,FALSE,NOT_FOR_ENFORCEMENT,464.1785,70789.7852,483.5193,464.1785,19.3408,0.00593162,0.00569435,19.3408,464.1785,0.00569435,19.3408,19.3408,19.3408,24.1760,24.1760,464.1785,0.00569435,106.3742,97.4416,377.1451,386.0777,0.00462666,0.00473624,0.00023726,7.1750,6.4906,0.0426,4.2045,0.0806,708.8314,98.7913,8.8300,6.6350,4.0407,4.4018,8.4329,14.3073,20.7715,40.8781,4.2012,0.0,4.718859,9.286678,1.630025,30,242,81,2,0.30276321,0.00593162,-0.00694385,0E-8,0.000000,0.904604,0.002289,0.01846642,2026-03-22,2026-08-06,115,6001,2406,138,0.833333,1.330819,1.230659,1.009211,,,,,,,,GLOBAL_BASELINE_NO_ENTITY_RANKING,,,NOT_APPLICABLE_GLOBAL_BASELINE,HF9g-P5,,,,X 全窗基线 · 不参与实体赏罚,8399861,840,A168_HF9F_20260827_0900,2026-08-27 09:00:00
2026-05-05,36810153,2252,0,11.1332843188,11.0282533347,11.0282533347,1.0000000,4,4,0.49659680000000000,0.496596800000,2.0136594440222715,2.0136594440222715,2.0136594440222715,0E-17,ELIGIBLE,R03b_20260811_FULL_v1,L1_ELIGIBILITY,v2026-08-11,2026-03-21..2026-08-06,baccarat_bet02_101_all_pairs_incl_sentinel,round_win = game_pnl > 0 (decisive only),COMPATIBILITY_ONLY_NOT_PRODUCTION,81515.6139,73739.3596,483.5193,11361,11361,-0.00593162,0.00694385,-0.01152257,-0.00593162,-483.5193,81515.6139,OK,0.0000,19.3408,4.0000,96.0000,AG03-UNRESOLVED,ALL5_LEVELS_bet23_to_bet27,19.3408,19.3408,19.3408,24.1760,24.1760,4.000000,4.000000,4.000000,5.000000,5.000000,96.000000,96.000000,96.000000,95.000000,95.000000,5.0,106.3742,97.4416,377.1451,386.0777,PENDING_AG03,FALSE,NOT_FOR_ENFORCEMENT,464.1785,70789.7852,483.5193,464.1785,19.3408,0.00593162,0.00569435,19.3408,464.1785,0.00569435,19.3408,19.3408,19.3408,24.1760,24.1760,464.1785,0.00569435,106.3742,97.4416,377.1451,386.0777,0.00462666,0.00473624,0.00023726,7.1750,6.4906,0.0426,4.2045,0.0806,708.8314,98.7913,8.8300,6.6350,4.0407,4.4018,8.4329,14.3073,20.7715,40.8781,4.2012,0.0,4.718859,9.286678,1.630025,30,242,81,2,0.30276321,0.00593162,-0.00694385,0E-8,0.000000,0.904604,0.002289,0.01846642,2026-03-22,2026-08-06,115,6001,2406,138,0.833333,1.330819,1.230659,1.009211,,,,,,,,GLOBAL_BASELINE_NO_ENTITY_RANKING,,,NOT_APPLICABLE_GLOBAL_BASELINE,HF9g-P5,,,,X 全窗基线 · 不参与实体赏罚,8399862,840,A168_HF9F_20260827_0900,2026-08-27 09:00:00
2026-05-05,36810153,2254,0,4.2012393656,0E-10,0E-10,,1,1,0.50665070000000000,0.506650700000,,,,0E-17,NO_DECISIVE_ROUND,R03b_20260811_FULL_v1,L1_ELIGIBILITY,v2026-08-11,2026-03-21..2026-08-06,baccarat_bet02_101_all_pairs_incl_sentinel,round_win = game_pnl > 0 (decisive only),COMPATIBILITY_ONLY_NOT_PRODUCTION,81515.6139,73739.3596,483.5193,11361,11361,-0.00593162,0.00694385,-0.01152257,-0.00593162,-483.5193,81515.6139,OK,0.0000,19.3408,4.0000,96.0000,AG03-UNRESOLVED,ALL5_LEVELS_bet23_to_bet27,19.3408,19.3408,19.3408,24.1760,24.1760,4.000000,4.000000,4.000000,5.000000,5.000000,96.000000,96.000000,96.000000,95.000000,95.000000,5.0,106.3742,97.4416,377.1451,386.0777,PENDING_AG03,FALSE,NOT_FOR_ENFORCEMENT,464.1785,70789.7852,483.5193,464.1785,19.3408,0.00593162,0.00569435,19.3408,464.1785,0.00569435,19.3408,19.3408,19.3408,24.1760,24.1760,464.1785,0.00569435,106.3742,97.4416,377.1451,386.0777,0.00462666,0.00473624,0.00023726,7.1750,6.4906,0.0426,4.2045,0.0806,708.8314,98.7913,8.8300,6.6350,4.0407,4.4018,8.4329,14.3073,20.7715,40.8781,4.2012,0.0,4.718859,9.286678,1.630025,30,242,81,2,0.30276321,0.00593162,-0.00694385,0E-8,0.000000,0.904604,0.002289,0.01846642,2026-03-22,2026-08-06,115,6001,2406,138,0.833333,1.330819,1.230659,1.009211,,,,,,,,GLOBAL_BASELINE_NO_ENTITY_RANKING,,,NOT_APPLICABLE_GLOBAL_BASELINE,HF9g-P5,,,,X 全窗基线 · 不参与实体赏罚,8399863,840,A168_HF9F_20260827_0900,2026-08-27 09:00:00
2026-05-05,36810153,2271,0,2.1006196828,-2.1006196828,-2.1006196828,0E-7,1,1,0.50665070000000000,0.506650700000,-1.013391052207602,-1.013391052207602,-1.013391052207602,0E-17,ELIGIBLE,R03b_20260811_FULL_v1,L1_ELIGIBILITY,v2026-08-11,2026-03-21..2026-08-06,baccarat_bet02_101_all_pairs_incl_sentinel,round_win = game_pnl > 0 (decisive only),COMPATIBILITY_ONLY_NOT_PRODUCTION,81515.6139,73739.3596,483.5193,11361,11361,-0.00593162,0.00694385,-0.01152257,-0.00593162,-483.5193,81515.6139,OK,0.0000,19.3408,4.0000,96.0000,AG03-UNRESOLVED,ALL5_LEVELS_bet23_to_bet27,19.3408,19.3408,19.3408,24.1760,24.1760,4.000000,4.000000,4.000000,5.000000,5.000000,96.000000,96.000000,96.000000,95.000000,95.000000,5.0,106.3742,97.4416,377.1451,386.0777,PENDING_AG03,FALSE,NOT_FOR_ENFORCEMENT,464.1785,70789.7852,483.5193,464.1785,19.3408,0.00593162,0.00569435,19.3408,464.1785,0.00569435,19.3408,19.3408,19.3408,24.1760,24.1760,464.1785,0.00569435,106.3742,97.4416,377.1451,386.0777,0.00462666,0.00473624,0.00023726,7.1750,6.4906,0.0426,4.2045,0.0806,708.8314,98.7913,8.8300,6.6350,4.0407,4.4018,8.4329,14.3073,20.7715,40.8781,4.2012,0.0,4.718859,9.286678,1.630025,30,242,81,2,0.30276321,0.00593162,-0.00694385,0E-8,0.000000,0.904604,0.002289,0.01846642,2026-03-22,2026-08-06,115,6001,2406,138,0.833333,1.330819,1.230659,1.009211,,,,,,,,GLOBAL_BASELINE_NO_ENTITY_RANKING,,,NOT_APPLICABLE_GLOBAL_BASELINE,HF9g-P5,,,,X 全窗基线 · 不参与实体赏罚,8399864,840,A168_HF9F_20260827_0900,2026-08-27 09:00:00
2026-05-05,36810153,462,0,21.0061968281,-21.0061968281,-21.0061968281,0E-7,2,2,0.50665070000000000,0.506650700000,-1.4331513700195317,-1.4331513700195317,-1.4331513700195317,0E-17,ELIGIBLE,R03b_20260811_FULL_v1,L1_ELIGIBILITY,v2026-08-11,2026-03-21..2026-08-06,baccarat_bet02_101_all_pairs_incl_sentinel,round_win = game_pnl > 0 (decisive only),COMPATIBILITY_ONLY_NOT_PRODUCTION,81515.6139,73739.3596,483.5193,11361,11361,-0.00593162,0.00694385,-0.01152257,-0.00593162,-483.5193,81515.6139,OK,0.0000,19.3408,4.0000,96.0000,AG03-UNRESOLVED,ALL5_LEVELS_bet23_to_bet27,19.3408,19.3408,19.3408,24.1760,24.1760,4.000000,4.000000,4.000000,5.000000,5.000000,96.000000,96.000000,96.000000,95.000000,95.000000,5.0,106.3742,97.4416,377.1451,386.0777,PENDING_AG03,FALSE,NOT_FOR_ENFORCEMENT,464.1785,70789.7852,483.5193,464.1785,19.3408,0.00593162,0.00569435,19.3408,464.1785,0.00569435,19.3408,19.3408,19.3408,24.1760,24.1760,464.1785,0.00569435,106.3742,97.4416,377.1451,386.0777,0.00462666,0.00473624,0.00023726,7.1750,6.4906,0.0426,4.2045,0.0806,708.8314,98.7913,8.8300,6.6350,4.0407,4.4018,8.4329,14.3073,20.7715,40.8781,4.2012,0.0,4.718859,9.286678,1.630025,30,242,81,2,0.30276321,0.00593162,-0.00694385,0E-8,0.000000,0.904604,0.002289,0.01846642,2026-03-22,2026-08-06,115,6001,2406,138,0.833333,1.330819,1.230659,1.009211,,,,,,,,GLOBAL_BASELINE_NO_ENTITY_RANKING,,,NOT_APPLICABLE_GLOBAL_BASELINE,HF9g-P5,,,,X 全窗基线 · 不参与实体赏罚,8399865,840,A168_HF9F_20260827_0900,2026-08-27 09:00:00
2026-05-05,36810153,526,0,2.1006196828,1.9955886987,1.9955886987,1.0000000,1,1,0.50665070000000000,0.506650700000,0.9867858985152569,0.9867858985152569,0.9867858985152569,0E-17,ELIGIBLE,R03b_20260811_FULL_v1,L1_ELIGIBILITY,v2026-08-11,2026-03-21..2026-08-06,baccarat_bet02_101_all_pairs_incl_sentinel,round_win = game_pnl > 0 (decisive only),COMPATIBILITY_ONLY_NOT_PRODUCTION,81515.6139,73739.3596,483.5193,11361,11361,-0.00593162,0.00694385,-0.01152257,-0.00593162,-483.5193,81515.6139,OK,0.0000,19.3408,4.0000,96.0000,AG03-UNRESOLVED,ALL5_LEVELS_bet23_to_bet27,19.3408,19.3408,19.3408,24.1760,24.1760,4.000000,4.000000,4.000000,5.000000,5.000000,96.000000,96.000000,96.000000,95.000000,95.000000,5.0,106.3742,97.4416,377.1451,386.0777,PENDING_AG03,FALSE,NOT_FOR_ENFORCEMENT,464.1785,70789.7852,483.5193,464.1785,19.3408,0.00593162,0.00569435,19.3408,464.1785,0.00569435,19.3408,19.3408,19.3408,24.1760,24.1760,464.1785,0.00569435,106.3742,97.4416,377.1451,386.0777,0.00462666,0.00473624,0.00023726,7.1750,6.4906,0.0426,4.2045,0.0806,708.8314,98.7913,8.8300,6.6350,4.0407,4.4018,8.4329,14.3073,20.7715,40.8781,4.2012,0.0,4.718859,9.286678,1.630025,30,242,81,2,0.30276321,0.00593162,-0.00694385,0E-8,0.000000,0.904604,0.002289,0.01846642,2026-03-22,2026-08-06,115,6001,2406,138,0.833333,1.330819,1.230659,1.009211,,,,,,,,GLOBAL_BASELINE_NO_ENTITY_RANKING,,,NOT_APPLICABLE_GLOBAL_BASELINE,HF9g-P5,,,,X 全窗基线 · 不参与实体赏罚,8399866,840,A168_HF9F_20260827_0900,2026-08-27 09:00:00
2026-05-05,36810153,550,0,6.3018590484,-4.2012393656,-4.2012393656,0E-7,2,2,0.49994810000000000,0.499948100000,-0.9998962053866608,-0.9998962053866608,-0.9998962053866608,0E-17,ELIGIBLE,R03b_20260811_FULL_v1,L1_ELIGIBILITY,v2026-08-11,2026-03-21..2026-08-06,baccarat_bet02_101_all_pairs_incl_sentinel,round_win = game_pnl > 0 (decisive only),COMPATIBILITY_ONLY_NOT_PRODUCTION,81515.6139,73739.3596,483.5193,11361,11361,-0.00593162,0.00694385,-0.01152257,-0.00593162,-483.5193,81515.6139,OK,0.0000,19.3408,4.0000,96.0000,AG03-UNRESOLVED,ALL5_LEVELS_bet23_to_bet27,19.3408,19.3408,19.3408,24.1760,24.1760,4.000000,4.000000,4.000000,5.000000,5.000000,96.000000,96.000000,96.000000,95.000000,95.000000,5.0,106.3742,97.4416,377.1451,386.0777,PENDING_AG03,FALSE,NOT_FOR_ENFORCEMENT,464.1785,70789.7852,483.5193,464.1785,19.3408,0.00593162,0.00569435,19.3408,464.1785,0.00569435,19.3408,19.3408,19.3408,24.1760,24.1760,464.1785,0.00569435,106.3742,97.4416,377.1451,386.0777,0.00462666,0.00473624,0.00023726,7.1750,6.4906,0.0426,4.2045,0.0806,708.8314,98.7913,8.8300,6.6350,4.0407,4.4018,8.4329,14.3073,20.7715,40.8781,4.2012,0.0,4.718859,9.286678,1.630025,30,242,81,2,0.30276321,0.00593162,-0.00694385,0E-8,0.000000,0.904604,0.002289,0.01846642,2026-03-22,2026-08-06,115,6001,2406,138,0.833333,1.330819,1.230659,1.009211,,,,,,,,GLOBAL_BASELINE_NO_ENTITY_RANKING,,,NOT_APPLICABLE_GLOBAL_BASELINE,HF9g-P5,,,,X 全窗基线 · 不参与实体赏罚,8399867,840,A168_HF9F_20260827_0900,2026-08-27 09:00:00
2026-05-05,36810153,583,0,14.0741518748,2.1006196828,2.1006196828,0.6666667,4,4,0.49994810000000000,0.499948100000,0.5775300591747329,0.5775300591747329,0.5775300591747329,0E-17,ELIGIBLE,R03b_20260811_FULL_v1,L1_ELIGIBILITY,v2026-08-11,2026-03-21..2026-08-06,baccarat_bet02_101_all_pairs_incl_sentinel,round_win = game_pnl > 0 (decisive only),COMPATIBILITY_ONLY_NOT_PRODUCTION,81515.6139,73739.3596,483.5193,11361,11361,-0.00593162,0.00694385,-0.01152257,-0.00593162,-483.5193,81515.6139,OK,0.0000,19.3408,4.0000,96.0000,AG03-UNRESOLVED,ALL5_LEVELS_bet23_to_bet27,19.3408,19.3408,19.3408,24.1760,24.1760,4.000000,4.000000,4.000000,5.000000,5.000000,96.000000,96.000000,96.000000,95.000000,95.000000,5.0,106.3742,97.4416,377.1451,386.0777,PENDING_AG03,FALSE,NOT_FOR_ENFORCEMENT,464.1785,70789.7852,483.5193,464.1785,19.3408,0.00593162,0.00569435,19.3408,464.1785,0.00569435,19.3408,19.3408,19.3408,24.1760,24.1760,464.1785,0.00569435,106.3742,97.4416,377.1451,386.0777,0.00462666,0.00473624,0.00023726,7.1750,6.4906,0.0426,4.2045,0.0806,708.8314,98.7913,8.8300,6.6350,4.0407,4.4018,8.4329,14.3073,20.7715,40.8781,4.2012,0.0,4.718859,9.286678,1.630025,30,242,81,2,0.30276321,0.00593162,-0.00694385,0E-8,0.000000,0.904604,0.002289,0.01846642,2026-03-22,2026-08-06,115,6001,2406,138,0.833333,1.330819,1.230659,1.009211,,,,,,,,GLOBAL_BASELINE_NO_ENTITY_RANKING,,,NOT_APPLICABLE_GLOBAL_BASELINE,HF9g-P5,,,,X 全窗基线 · 不参与实体赏罚,8399868,840,A168_HF9F_20260827_0900,2026-08-27 09:00:00
2026-05-05,36810153,626,0,4.2012393656,-4.2012393656,-4.2012393656,0E-7,1,1,0.50665070000000000,0.506650700000,-1.013391052207602,-1.013391052207602,-1.013391052207602,0E-17,ELIGIBLE,R03b_20260811_FULL_v1,L1_ELIGIBILITY,v2026-08-11,2026-03-21..2026-08-06,baccarat_bet02_101_all_pairs_incl_sentinel,round_win = game_pnl > 0 (decisive only),COMPATIBILITY_ONLY_NOT_PRODUCTION,81515.6139,73739.3596,483.5193,11361,11361,-0.00593162,0.00694385,-0.01152257,-0.00593162,-483.5193,81515.6139,OK,0.0000,19.3408,4.0000,96.0000,AG03-UNRESOLVED,ALL5_LEVELS_bet23_to_bet27,19.3408,19.3408,19.3408,24.1760,24.1760,4.000000,4.000000,4.000000,5.000000,5.000000,96.000000,96.000000,96.000000,95.000000,95.000000,5.0,106.3742,97.4416,377.1451,386.0777,PENDING_AG03,FALSE,NOT_FOR_ENFORCEMENT,464.1785,70789.7852,483.5193,464.1785,19.3408,0.00593162,0.00569435,19.3408,464.1785,0.00569435,19.3408,19.3408,19.3408,24.1760,24.1760,464.1785,0.00569435,106.3742,97.4416,377.1451,386.0777,0.00462666,0.00473624,0.00023726,7.1750,6.4906,0.0426,4.2045,0.0806,708.8314,98.7913,8.8300,6.6350,4.0407,4.4018,8.4329,14.3073,20.7715,40.8781,4.2012,0.0,4.718859,9.286678,1.630025,30,242,81,2,0.30276321,0.00593162,-0.00694385,0E-8,0.000000,0.904604,0.002289,0.01846642,2026-03-22,2026-08-06,115,6001,2406,138,0.833333,1.330819,1.230659,1.009211,,,,,,,,GLOBAL_BASELINE_NO_ENTITY_RANKING,,,NOT_APPLICABLE_GLOBAL_BASELINE,HF9g-P5,,,,X 全窗基线 · 不参与实体赏罚,8399869,840,A168_HF9F_20260827_0900,2026-08-27 09:00:00
2026-05-05,36810153,789,0,2.1006196828,2.1006196828,2.1006196828,1.0000000,1,1,0.49324550000000000,0.493245500000,1.01360149184955,1.01360149184955,1.01360149184955,0E-17,ELIGIBLE,R03b_20260811_FULL_v1,L1_ELIGIBILITY,v2026-08-11,2026-03-21..2026-08-06,baccarat_bet02_101_all_pairs_incl_sentinel,round_win = game_pnl > 0 (decisive only),COMPATIBILITY_ONLY_NOT_PRODUCTION,81515.6139,73739.3596,483.5193,11361,11361,-0.00593162,0.00694385,-0.01152257,-0.00593162,-483.5193,81515.6139,OK,0.0000,19.3408,4.0000,96.0000,AG03-UNRESOLVED,ALL5_LEVELS_bet23_to_bet27,19.3408,19.3408,19.3408,24.1760,24.1760,4.000000,4.000000,4.000000,5.000000,5.000000,96.000000,96.000000,96.000000,95.000000,95.000000,5.0,106.3742,97.4416,377.1451,386.0777,PENDING_AG03,FALSE,NOT_FOR_ENFORCEMENT,464.1785,70789.7852,483.5193,464.1785,19.3408,0.00593162,0.00569435,19.3408,464.1785,0.00569435,19.3408,19.3408,19.3408,24.1760,24.1760,464.1785,0.00569435,106.3742,97.4416,377.1451,386.0777,0.00462666,0.00473624,0.00023726,7.1750,6.4906,0.0426,4.2045,0.0806,708.8314,98.7913,8.8300,6.6350,4.0407,4.4018,8.4329,14.3073,20.7715,40.8781,4.2012,0.0,4.718859,9.286678,1.630025,30,242,81,2,0.30276321,0.00593162,-0.00694385,0E-8,0.000000,0.904604,0.002289,0.01846642,2026-03-22,2026-08-06,115,6001,2406,138,0.833333,1.330819,1.230659,1.009211,,,,,,,,GLOBAL_BASELINE_NO_ENTITY_RANKING,,,NOT_APPLICABLE_GLOBAL_BASELINE,HF9g-P5,,,,X 全窗基线 · 不参与实体赏罚,8399870,840,A168_HF9F_20260827_0900,2026-08-27 09:00:00
2026-05-05,36810153,919,0,9.0326646361,-0.8402478732,-0.8402478732,0.5000000,2,2,0.49994810000000000,0.499948100000,0.00014679536856514622,0.00014679536856514622,0.00014679536856514622,0E-17,ELIGIBLE,R03b_20260811_FULL_v1,L1_ELIGIBILITY,v2026-08-11,2026-03-21..2026-08-06,baccarat_bet02_101_all_pairs_incl_sentinel,round_win = game_pnl > 0 (decisive only),COMPATIBILITY_ONLY_NOT_PRODUCTION,81515.6139,73739.3596,483.5193,11361,11361,-0.00593162,0.00694385,-0.01152257,-0.00593162,-483.5193,81515.6139,OK,0.0000,19.3408,4.0000,96.0000,AG03-UNRESOLVED,ALL5_LEVELS_bet23_to_bet27,19.3408,19.3408,19.3408,24.1760,24.1760,4.000000,4.000000,4.000000,5.000000,5.000000,96.000000,96.000000,96.000000,95.000000,95.000000,5.0,106.3742,97.4416,377.1451,386.0777,PENDING_AG03,FALSE,NOT_FOR_ENFORCEMENT,464.1785,70789.7852,483.5193,464.1785,19.3408,0.00593162,0.00569435,19.3408,464.1785,0.00569435,19.3408,19.3408,19.3408,24.1760,24.1760,464.1785,0.00569435,106.3742,97.4416,377.1451,386.0777,0.00462666,0.00473624,0.00023726,7.1750,6.4906,0.0426,4.2045,0.0806,708.8314,98.7913,8.8300,6.6350,4.0407,4.4018,8.4329,14.3073,20.7715,40.8781,4.2012,0.0,4.718859,9.286678,1.630025,30,242,81,2,0.30276321,0.00593162,-0.00694385,0E-8,0.000000,0.904604,0.002289,0.01846642,2026-03-22,2026-08-06,115,6001,2406,138,0.833333,1.330819,1.230659,1.009211,,,,,,,,GLOBAL_BASELINE_NO_ENTITY_RANKING,,,NOT_APPLICABLE_GLOBAL_BASELINE,HF9g-P5,,,,X 全窗基线 · 不参与实体赏罚,8399871,840,A168_HF9F_20260827_0900,2026-08-27 09:00:00
2026-05-05,36810153,948,0,25.2074361936,-12.9188110492,-12.9188110492,0.2500000,4,4,0.50665070000000000,0.506650700000,-1.0266936290537745,-1.0266936290537745,-1.0266936290537745,0E-17,ELIGIBLE,R03b_20260811_FULL_v1,L1_ELIGIBILITY,v2026-08-11,2026-03-21..2026-08-06,baccarat_bet02_101_all_pairs_incl_sentinel,round_win = game_pnl > 0 (decisive only),COMPATIBILITY_ONLY_NOT_PRODUCTION,81515.6139,73739.3596,483.5193,11361,11361,-0.00593162,0.00694385,-0.01152257,-0.00593162,-483.5193,81515.6139,OK,0.0000,19.3408,4.0000,96.0000,AG03-UNRESOLVED,ALL5_LEVELS_bet23_to_bet27,19.3408,19.3408,19.3408,24.1760,24.1760,4.000000,4.000000,4.000000,5.000000,5.000000,96.000000,96.000000,96.000000,95.000000,95.000000,5.0,106.3742,97.4416,377.1451,386.0777,PENDING_AG03,FALSE,NOT_FOR_ENFORCEMENT,464.1785,70789.7852,483.5193,464.1785,19.3408,0.00593162,0.00569435,19.3408,464.1785,0.00569435,19.3408,19.3408,19.3408,24.1760,24.1760,464.1785,0.00569435,106.3742,97.4416,377.1451,386.0777,0.00462666,0.00473624,0.00023726,7.1750,6.4906,0.0426,4.2045,0.0806,708.8314,98.7913,8.8300,6.6350,4.0407,4.4018,8.4329,14.3073,20.7715,40.8781,4.2012,0.0,4.718859,9.286678,1.630025,30,242,81,2,0.30276321,0.00593162,-0.00694385,0E-8,0.000000,0.904604,0.002289,0.01846642,2026-03-22,2026-08-06,115,6001,2406,138,0.833333,1.330819,1.230659,1.009211,,,,,,,,GLOBAL_BASELINE_NO_ENTITY_RANKING,,,NOT_APPLICABLE_GLOBAL_BASELINE,HF9g-P5,,,,X 全窗基线 · 不参与实体赏罚,8399872,840,A168_HF9F_20260827_0900,2026-08-27 09:00:00
2026-05-05,36810153,970,0,15.1244617162,5.4616111753,5.4616111753,0.5000000,3,3,0.49771390000000000,0.497713900000,0.006466134837551399,0.0064661348375514,0.006466134837551399,0E-17,ELIGIBLE,R03b_20260811_FULL_v1,L1_ELIGIBILITY,v2026-08-11,2026-03-21..2026-08-06,baccarat_bet02_101_all_pairs_incl_sentinel,round_win = game_pnl > 0 (decisive only),COMPATIBILITY_ONLY_NOT_PRODUCTION,81515.6139,73739.3596,483.5193,11361,11361,-0.00593162,0.00694385,-0.01152257,-0.00593162,-483.5193,81515.6139,OK,0.0000,19.3408,4.0000,96.0000,AG03-UNRESOLVED,ALL5_LEVELS_bet23_to_bet27,19.3408,19.3408,19.3408,24.1760,24.1760,4.000000,4.000000,4.000000,5.000000,5.000000,96.000000,96.000000,96.000000,95.000000,95.000000,5.0,106.3742,97.4416,377.1451,386.0777,PENDING_AG03,FALSE,NOT_FOR_ENFORCEMENT,464.1785,70789.7852,483.5193,464.1785,19.3408,0.00593162,0.00569435,19.3408,464.1785,0.00569435,19.3408,19.3408,19.3408,24.1760,24.1760,464.1785,0.00569435,106.3742,97.4416,377.1451,386.0777,0.00462666,0.00473624,0.00023726,7.1750,6.4906,0.0426,4.2045,0.0806,708.8314,98.7913,8.8300,6.6350,4.0407,4.4018,8.4329,14.3073,20.7715,40.8781,4.2012,0.0,4.718859,9.286678,1.630025,30,242,81,2,0.30276321,0.00593162,-0.00694385,0E-8,0.000000,0.904604,0.002289,0.01846642,2026-03-22,2026-08-06,115,6001,2406,138,0.833333,1.330819,1.230659,1.009211,,,,,,,,GLOBAL_BASELINE_NO_ENTITY_RANKING,,,NOT_APPLICABLE_GLOBAL_BASELINE,HF9g-P5,,,,X 全窗基线 · 不参与实体赏罚,8399873,840,A168_HF9F_20260827_0900,2026-08-27 09:00:00
2026-05-07,36810153,-1,1,15.1244617161,2.9408675560,2.9408675560,0.6666667,10,10,0.50665070000000000,0.506650700000,0.9601807448229117,0.9601807448229117,0.9601807448229117,0E-17,SENTINEL_DEALER,R03b_20260811_FULL_v1,L1_ELIGIBILITY,v2026-08-11,2026-03-21..2026-08-06,baccarat_bet02_101_all_pairs_incl_sentinel,round_win = game_pnl > 0 (decisive only),COMPATIBILITY_ONLY_NOT_PRODUCTION,81515.6139,73739.3596,483.5193,11361,11361,-0.00593162,0.00694385,-0.01152257,-0.00593162,-483.5193,81515.6139,OK,0.0000,19.3408,4.0000,96.0000,AG03-UNRESOLVED,ALL5_LEVELS_bet23_to_bet27,19.3408,19.3408,19.3408,24.1760,24.1760,4.000000,4.000000,4.000000,5.000000,5.000000,96.000000,96.000000,96.000000,95.000000,95.000000,5.0,106.3742,97.4416,377.1451,386.0777,PENDING_AG03,FALSE,NOT_FOR_ENFORCEMENT,464.1785,70789.7852,483.5193,464.1785,19.3408,0.00593162,0.00569435,19.3408,464.1785,0.00569435,19.3408,19.3408,19.3408,24.1760,24.1760,464.1785,0.00569435,106.3742,97.4416,377.1451,386.0777,0.00462666,0.00473624,0.00023726,7.1750,6.4906,0.0426,4.2045,0.0806,708.8314,98.7913,8.8300,6.6350,4.0407,4.4018,8.4329,14.3073,20.7715,40.8781,4.2012,0.0,4.718859,9.286678,1.630025,30,242,81,2,0.30276321,0.00593162,-0.00694385,0E-8,0.000000,0.904604,0.002289,0.01846642,2026-03-22,2026-08-06,115,6001,2406,138,0.833333,1.330819,1.230659,1.009211,,,,,,,,GLOBAL_BASELINE_NO_ENTITY_RANKING,,,NOT_APPLICABLE_GLOBAL_BASELINE,HF9g-P5,,,,X 全窗基线 · 不参与实体赏罚,8399874,840,A168_HF9F_20260827_0900,2026-08-27 09:00:00
2026-05-07,36810153,1078,0,0.6301859048,0.5986766096,0.5986766096,1.0000000,1,1,0.50665070000000000,0.506650700000,0.9867858985152569,0.9867858985152569,0.9867858985152569,0E-17,ELIGIBLE,R03b_20260811_FULL_v1,L1_ELIGIBILITY,v2026-08-11,2026-03-21..2026-08-06,baccarat_bet02_101_all_pairs_incl_sentinel,round_win = game_pnl > 0 (decisive only),COMPATIBILITY_ONLY_NOT_PRODUCTION,81515.6139,73739.3596,483.5193,11361,11361,-0.00593162,0.00694385,-0.01152257,-0.00593162,-483.5193,81515.6139,OK,0.0000,19.3408,4.0000,96.0000,AG03-UNRESOLVED,ALL5_LEVELS_bet23_to_bet27,19.3408,19.3408,19.3408,24.1760,24.1760,4.000000,4.000000,4.000000,5.000000,5.000000,96.000000,96.000000,96.000000,95.000000,95.000000,5.0,106.3742,97.4416,377.1451,386.0777,PENDING_AG03,FALSE,NOT_FOR_ENFORCEMENT,464.1785,70789.7852,483.5193,464.1785,19.3408,0.00593162,0.00569435,19.3408,464.1785,0.00569435,19.3408,19.3408,19.3408,24.1760,24.1760,464.1785,0.00569435,106.3742,97.4416,377.1451,386.0777,0.00462666,0.00473624,0.00023726,7.1750,6.4906,0.0426,4.2045,0.0806,708.8314,98.7913,8.8300,6.6350,4.0407,4.4018,8.4329,14.3073,20.7715,40.8781,4.2012,0.0,4.718859,9.286678,1.630025,30,242,81,2,0.30276321,0.00593162,-0.00694385,0E-8,0.000000,0.904604,0.002289,0.01846642,2026-03-22,2026-08-06,115,6001,2406,138,0.833333,1.330819,1.230659,1.009211,,,,,,,,GLOBAL_BASELINE_NO_ENTITY_RANKING,,,NOT_APPLICABLE_GLOBAL_BASELINE,HF9g-P5,,,,X 全窗基线 · 不参与实体赏罚,8399875,840,A168_HF9F_20260827_0900,2026-08-27 09:00:00
2026-05-07,36810153,1115,0,2.5207436194,0E-10,0E-10,,1,1,0.49324550000000000,0.493245500000,,,,0E-17,NO_DECISIVE_ROUND,R03b_20260811_FULL_v1,L1_ELIGIBILITY,v2026-08-11,2026-03-21..2026-08-06,baccarat_bet02_101_all_pairs_incl_sentinel,round_win = game_pnl > 0 (decisive only),COMPATIBILITY_ONLY_NOT_PRODUCTION,81515.6139,73739.3596,483.5193,11361,11361,-0.00593162,0.00694385,-0.01152257,-0.00593162,-483.5193,81515.6139,OK,0.0000,19.3408,4.0000,96.0000,AG03-UNRESOLVED,ALL5_LEVELS_bet23_to_bet27,19.3408,19.3408,19.3408,24.1760,24.1760,4.000000,4.000000,4.000000,5.000000,5.000000,96.000000,96.000000,96.000000,95.000000,95.000000,5.0,106.3742,97.4416,377.1451,386.0777,PENDING_AG03,FALSE,NOT_FOR_ENFORCEMENT,464.1785,70789.7852,483.5193,464.1785,19.3408,0.00593162,0.00569435,19.3408,464.1785,0.00569435,19.3408,19.3408,19.3408,24.1760,24.1760,464.1785,0.00569435,106.3742,97.4416,377.1451,386.0777,0.00462666,0.00473624,0.00023726,7.1750,6.4906,0.0426,4.2045,0.0806,708.8314,98.7913,8.8300,6.6350,4.0407,4.4018,8.4329,14.3073,20.7715,40.8781,4.2012,0.0,4.718859,9.286678,1.630025,30,242,81,2,0.30276321,0.00593162,-0.00694385,0E-8,0.000000,0.904604,0.002289,0.01846642,2026-03-22,2026-08-06,115,6001,2406,138,0.833333,1.330819,1.230659,1.009211,,,,,,,,GLOBAL_BASELINE_NO_ENTITY_RANKING,,,NOT_APPLICABLE_GLOBAL_BASELINE,HF9g-P5,,,,X 全窗基线 · 不参与实体赏罚,8399876,840,A168_HF9F_20260827_0900,2026-08-27 09:00:00
2026-05-07,36810153,1307,0,4.4113013339,3.7811154291,3.7811154291,0.6666667,3,3,0.50218230000000000,0.502182300000,0.5697959874915163,0.5697959874915164,0.5697959874915163,0E-17,ELIGIBLE,R03b_20260811_FULL_v1,L1_ELIGIBILITY,v2026-08-11,2026-03-21..2026-08-06,baccarat_bet02_101_all_pairs_incl_sentinel,round_win = game_pnl > 0 (decisive only),COMPATIBILITY_ONLY_NOT_PRODUCTION,81515.6139,73739.3596,483.5193,11361,11361,-0.00593162,0.00694385,-0.01152257,-0.00593162,-483.5193,81515.6139,OK,0.0000,19.3408,4.0000,96.0000,AG03-UNRESOLVED,ALL5_LEVELS_bet23_to_bet27,19.3408,19.3408,19.3408,24.1760,24.1760,4.000000,4.000000,4.000000,5.000000,5.000000,96.000000,96.000000,96.000000,95.000000,95.000000,5.0,106.3742,97.4416,377.1451,386.0777,PENDING_AG03,FALSE,NOT_FOR_ENFORCEMENT,464.1785,70789.7852,483.5193,464.1785,19.3408,0.00593162,0.00569435,19.3408,464.1785,0.00569435,19.3408,19.3408,19.3408,24.1760,24.1760,464.1785,0.00569435,106.3742,97.4416,377.1451,386.0777,0.00462666,0.00473624,0.00023726,7.1750,6.4906,0.0426,4.2045,0.0806,708.8314,98.7913,8.8300,6.6350,4.0407,4.4018,8.4329,14.3073,20.7715,40.8781,4.2012,0.0,4.718859,9.286678,1.630025,30,242,81,2,0.30276321,0.00593162,-0.00694385,0E-8,0.000000,0.904604,0.002289,0.01846642,2026-03-22,2026-08-06,115,6001,2406,138,0.833333,1.330819,1.230659,1.009211,,,,,,,,GLOBAL_BASELINE_NO_ENTITY_RANKING,,,NOT_APPLICABLE_GLOBAL_BASELINE,HF9g-P5,,,,X 全窗基线 · 不参与实体赏罚,8399877,840,A168_HF9F_20260827_0900,2026-08-27 09:00:00
2026-05-07,36810153,1400,0,2.1006196828,-0.0525154921,-0.0525154921,0.5000000,2,2,0.50665070000000000,0.506650700000,-0.018812684590367487,-0.018812684590367487,-0.018812684590367487,0E-17,ELIGIBLE,R03b_20260811_FULL_v1,L1_ELIGIBILITY,v2026-08-11,2026-03-21..2026-08-06,baccarat_bet02_101_all_pairs_incl_sentinel,round_win = game_pnl > 0 (decisive only),COMPATIBILITY_ONLY_NOT_PRODUCTION,81515.6139,73739.3596,483.5193,11361,11361,-0.00593162,0.00694385,-0.01152257,-0.00593162,-483.5193,81515.6139,OK,0.0000,19.3408,4.0000,96.0000,AG03-UNRESOLVED,ALL5_LEVELS_bet23_to_bet27,19.3408,19.3408,19.3408,24.1760,24.1760,4.000000,4.000000,4.000000,5.000000,5.000000,96.000000,96.000000,96.000000,95.000000,95.000000,5.0,106.3742,97.4416,377.1451,386.0777,PENDING_AG03,FALSE,NOT_FOR_ENFORCEMENT,464.1785,70789.7852,483.5193,464.1785,19.3408,0.00593162,0.00569435,19.3408,464.1785,0.00569435,19.3408,19.3408,19.3408,24.1760,24.1760,464.1785,0.00569435,106.3742,97.4416,377.1451,386.0777,0.00462666,0.00473624,0.00023726,7.1750,6.4906,0.0426,4.2045,0.0806,708.8314,98.7913,8.8300,6.6350,4.0407,4.4018,8.4329,14.3073,20.7715,40.8781,4.2012,0.0,4.718859,9.286678,1.630025,30,242,81,2,0.30276321,0.00593162,-0.00694385,0E-8,0.000000,0.904604,0.002289,0.01846642,2026-03-22,2026-08-06,115,6001,2406,138,0.833333,1.330819,1.230659,1.009211,,,,,,,,GLOBAL_BASELINE_NO_ENTITY_RANKING,,,NOT_APPLICABLE_GLOBAL_BASELINE,HF9g-P5,,,,X 全窗基线 · 不参与实体赏罚,8399878,840,A168_HF9F_20260827_0900,2026-08-27 09:00:00
2026-05-07,36810153,1405,0,3.1509295242,2.9933830480,2.9933830480,1.0000000,1,1,0.50665070000000000,0.506650700000,0.9867858985152569,0.9867858985152569,0.9867858985152569,0E-17,ELIGIBLE,R03b_20260811_FULL_v1,L1_ELIGIBILITY,v2026-08-11,2026-03-21..2026-08-06,baccarat_bet02_101_all_pairs_incl_sentinel,round_win = game_pnl > 0 (decisive only),COMPATIBILITY_ONLY_NOT_PRODUCTION,81515.6139,73739.3596,483.5193,11361,11361,-0.00593162,0.00694385,-0.01152257,-0.00593162,-483.5193,81515.6139,OK,0.0000,19.3408,4.0000,96.0000,AG03-UNRESOLVED,ALL5_LEVELS_bet23_to_bet27,19.3408,19.3408,19.3408,24.1760,24.1760,4.000000,4.000000,4.000000,5.000000,5.000000,96.000000,96.000000,96.000000,95.000000,95.000000,5.0,106.3742,97.4416,377.1451,386.0777,PENDING_AG03,FALSE,NOT_FOR_ENFORCEMENT,464.1785,70789.7852,483.5193,464.1785,19.3408,0.00593162,0.00569435,19.3408,464.1785,0.00569435,19.3408,19.3408,19.3408,24.1760,24.1760,464.1785,0.00569435,106.3742,97.4416,377.1451,386.0777,0.00462666,0.00473624,0.00023726,7.1750,6.4906,0.0426,4.2045,0.0806,708.8314,98.7913,8.8300,6.6350,4.0407,4.4018,8.4329,14.3073,20.7715,40.8781,4.2012,0.0,4.718859,9.286678,1.630025,30,242,81,2,0.30276321,0.00593162,-0.00694385,0E-8,0.000000,0.904604,0.002289,0.01846642,2026-03-22,2026-08-06,115,6001,2406,138,0.833333,1.330819,1.230659,1.009211,,,,,,,,GLOBAL_BASELINE_NO_ENTITY_RANKING,,,NOT_APPLICABLE_GLOBAL_BASELINE,HF9g-P5,,,,X 全窗基线 · 不参与实体赏罚,8399879,840,A168_HF9F_20260827_0900,2026-08-27 09:00:00
2026-05-07,36810153,1646,0,1.6804957462,-1.6804957462,-1.6804957462,0E-7,1,1,0.50665070000000000,0.506650700000,-1.013391052207602,-1.013391052207602,-1.013391052207602,0E-17,ELIGIBLE,R03b_20260811_FULL_v1,L1_ELIGIBILITY,v2026-08-11,2026-03-21..2026-08-06,baccarat_bet02_101_all_pairs_incl_sentinel,round_win = game_pnl > 0 (decisive only),COMPATIBILITY_ONLY_NOT_PRODUCTION,81515.6139,73739.3596,483.5193,11361,11361,-0.00593162,0.00694385,-0.01152257,-0.00593162,-483.5193,81515.6139,OK,0.0000,19.3408,4.0000,96.0000,AG03-UNRESOLVED,ALL5_LEVELS_bet23_to_bet27,19.3408,19.3408,19.3408,24.1760,24.1760,4.000000,4.000000,4.000000,5.000000,5.000000,96.000000,96.000000,96.000000,95.000000,95.000000,5.0,106.3742,97.4416,377.1451,386.0777,PENDING_AG03,FALSE,NOT_FOR_ENFORCEMENT,464.1785,70789.7852,483.5193,464.1785,19.3408,0.00593162,0.00569435,19.3408,464.1785,0.00569435,19.3408,19.3408,19.3408,24.1760,24.1760,464.1785,0.00569435,106.3742,97.4416,377.1451,386.0777,0.00462666,0.00473624,0.00023726,7.1750,6.4906,0.0426,4.2045,0.0806,708.8314,98.7913,8.8300,6.6350,4.0407,4.4018,8.4329,14.3073,20.7715,40.8781,4.2012,0.0,4.718859,9.286678,1.630025,30,242,81,2,0.30276321,0.00593162,-0.00694385,0E-8,0.000000,0.904604,0.002289,0.01846642,2026-03-22,2026-08-06,115,6001,2406,138,0.833333,1.330819,1.230659,1.009211,,,,,,,,GLOBAL_BASELINE_NO_ENTITY_RANKING,,,NOT_APPLICABLE_GLOBAL_BASELINE,HF9g-P5,,,,X 全窗基线 · 不参与实体赏罚,8399880,840,A168_HF9F_20260827_0900,2026-08-27 09:00:00
2026-05-07,36810153,1714,0,2.5207436194,0.3466022477,0.3466022477,0.5000000,2,2,0.50665070000000000,0.506650700000,-0.018812684590367487,-0.018812684590367487,-0.018812684590367487,0E-17,ELIGIBLE,R03b_20260811_FULL_v1,L1_ELIGIBILITY,v2026-08-11,2026-03-21..2026-08-06,baccarat_bet02_101_all_pairs_incl_sentinel,round_win = game_pnl > 0 (decisive only),COMPATIBILITY_ONLY_NOT_PRODUCTION,81515.6139,73739.3596,483.5193,11361,11361,-0.00593162,0.00694385,-0.01152257,-0.00593162,-483.5193,81515.6139,OK,0.0000,19.3408,4.0000,96.0000,AG03-UNRESOLVED,ALL5_LEVELS_bet23_to_bet27,19.3408,19.3408,19.3408,24.1760,24.1760,4.000000,4.000000,4.000000,5.000000,5.000000,96.000000,96.000000,96.000000,95.000000,95.000000,5.0,106.3742,97.4416,377.1451,386.0777,PENDING_AG03,FALSE,NOT_FOR_ENFORCEMENT,464.1785,70789.7852,483.5193,464.1785,19.3408,0.00593162,0.00569435,19.3408,464.1785,0.00569435,19.3408,19.3408,19.3408,24.1760,24.1760,464.1785,0.00569435,106.3742,97.4416,377.1451,386.0777,0.00462666,0.00473624,0.00023726,7.1750,6.4906,0.0426,4.2045,0.0806,708.8314,98.7913,8.8300,6.6350,4.0407,4.4018,8.4329,14.3073,20.7715,40.8781,4.2012,0.0,4.718859,9.286678,1.630025,30,242,81,2,0.30276321,0.00593162,-0.00694385,0E-8,0.000000,0.904604,0.002289,0.01846642,2026-03-22,2026-08-06,115,6001,2406,138,0.833333,1.330819,1.230659,1.009211,,,,,,,,GLOBAL_BASELINE_NO_ENTITY_RANKING,,,NOT_APPLICABLE_GLOBAL_BASELINE,HF9g-P5,,,,X 全窗基线 · 不参与实体赏罚,8399881,840,A168_HF9F_20260827_0900,2026-08-27 09:00:00
2026-05-07,36810153,2129,0,5.6716731436,-3.1509295242,-3.1509295242,0.3333333,3,3,0.49771390000000000,0.497713900000,-0.5694369385616226,-0.5694369385616226,-0.5694369385616226,0E-17,ELIGIBLE,R03b_20260811_FULL_v1,L1_ELIGIBILITY,v2026-08-11,2026-03-21..2026-08-06,baccarat_bet02_101_all_pairs_incl_sentinel,round_win = game_pnl > 0 (decisive only),COMPATIBILITY_ONLY_NOT_PRODUCTION,81515.6139,73739.3596,483.5193,11361,11361,-0.00593162,0.00694385,-0.01152257,-0.00593162,-483.5193,81515.6139,OK,0.0000,19.3408,4.0000,96.0000,AG03-UNRESOLVED,ALL5_LEVELS_bet23_to_bet27,19.3408,19.3408,19.3408,24.1760,24.1760,4.000000,4.000000,4.000000,5.000000,5.000000,96.000000,96.000000,96.000000,95.000000,95.000000,5.0,106.3742,97.4416,377.1451,386.0777,PENDING_AG03,FALSE,NOT_FOR_ENFORCEMENT,464.1785,70789.7852,483.5193,464.1785,19.3408,0.00593162,0.00569435,19.3408,464.1785,0.00569435,19.3408,19.3408,19.3408,24.1760,24.1760,464.1785,0.00569435,106.3742,97.4416,377.1451,386.0777,0.00462666,0.00473624,0.00023726,7.1750,6.4906,0.0426,4.2045,0.0806,708.8314,98.7913,8.8300,6.6350,4.0407,4.4018,8.4329,14.3073,20.7715,40.8781,4.2012,0.0,4.718859,9.286678,1.630025,30,242,81,2,0.30276321,0.00593162,-0.00694385,0E-8,0.000000,0.904604,0.002289,0.01846642,2026-03-22,2026-08-06,115,6001,2406,138,0.833333,1.330819,1.230659,1.009211,,,,,,,,GLOBAL_BASELINE_NO_ENTITY_RANKING,,,NOT_APPLICABLE_GLOBAL_BASELINE,HF9g-P5,,,,X 全窗基线 · 不参与实体赏罚,8399882,840,A168_HF9F_20260827_0900,2026-08-27 09:00:00
2026-05-07,36810153,2174,0,5.0414872387,5.0414872387,5.0414872387,1.0000000,2,2,0.49324550000000000,0.493245500000,1.4334489766152358,1.4334489766152358,1.4334489766152358,0E-17,ELIGIBLE,R03b_20260811_FULL_v1,L1_ELIGIBILITY,v2026-08-11,2026-03-21..2026-08-06,baccarat_bet02_101_all_pairs_incl_sentinel,round_win = game_pnl > 0 (decisive only),COMPATIBILITY_ONLY_NOT_PRODUCTION,81515.6139,73739.3596,483.5193,11361,11361,-0.00593162,0.00694385,-0.01152257,-0.00593162,-483.5193,81515.6139,OK,0.0000,19.3408,4.0000,96.0000,AG03-UNRESOLVED,ALL5_LEVELS_bet23_to_bet27,19.3408,19.3408,19.3408,24.1760,24.1760,4.000000,4.000000,4.000000,5.000000,5.000000,96.000000,96.000000,96.000000,95.000000,95.000000,5.0,106.3742,97.4416,377.1451,386.0777,PENDING_AG03,FALSE,NOT_FOR_ENFORCEMENT,464.1785,70789.7852,483.5193,464.1785,19.3408,0.00593162,0.00569435,19.3408,464.1785,0.00569435,19.3408,19.3408,19.3408,24.1760,24.1760,464.1785,0.00569435,106.3742,97.4416,377.1451,386.0777,0.00462666,0.00473624,0.00023726,7.1750,6.4906,0.0426,4.2045,0.0806,708.8314,98.7913,8.8300,6.6350,4.0407,4.4018,8.4329,14.3073,20.7715,40.8781,4.2012,0.0,4.718859,9.286678,1.630025,30,242,81,2,0.30276321,0.00593162,-0.00694385,0E-8,0.000000,0.904604,0.002289,0.01846642,2026-03-22,2026-08-06,115,6001,2406,138,0.833333,1.330819,1.230659,1.009211,,,,,,,,GLOBAL_BASELINE_NO_ENTITY_RANKING,,,NOT_APPLICABLE_GLOBAL_BASELINE,HF9g-P5,,,,X 全窗基线 · 不参与实体赏罚,8399883,840,A168_HF9F_20260827_0900,2026-08-27 09:00:00
2026-05-07,36810153,2205,0,8.4024787312,1.8380422225,1.8380422225,0.5000000,4,4,0.50329940000000000,0.503299400000,-0.01319788734859681,-0.01319788734859681,-0.01319788734859681,0E-17,ELIGIBLE,R03b_20260811_FULL_v1,L1_ELIGIBILITY,v2026-08-11,2026-03-21..2026-08-06,baccarat_bet02_101_all_pairs_incl_sentinel,round_win = game_pnl > 0 (decisive only),COMPATIBILITY_ONLY_NOT_PRODUCTION,81515.6139,73739.3596,483.5193,11361,11361,-0.00593162,0.00694385,-0.01152257,-0.00593162,-483.5193,81515.6139,OK,0.0000,19.3408,4.0000,96.0000,AG03-UNRESOLVED,ALL5_LEVELS_bet23_to_bet27,19.3408,19.3408,19.3408,24.1760,24.1760,4.000000,4.000000,4.000000,5.000000,5.000000,96.000000,96.000000,96.000000,95.000000,95.000000,5.0,106.3742,97.4416,377.1451,386.0777,PENDING_AG03,FALSE,NOT_FOR_ENFORCEMENT,464.1785,70789.7852,483.5193,464.1785,19.3408,0.00593162,0.00569435,19.3408,464.1785,0.00569435,19.3408,19.3408,19.3408,24.1760,24.1760,464.1785,0.00569435,106.3742,97.4416,377.1451,386.0777,0.00462666,0.00473624,0.00023726,7.1750,6.4906,0.0426,4.2045,0.0806,708.8314,98.7913,8.8300,6.6350,4.0407,4.4018,8.4329,14.3073,20.7715,40.8781,4.2012,0.0,4.718859,9.286678,1.630025,30,242,81,2,0.30276321,0.00593162,-0.00694385,0E-8,0.000000,0.904604,0.002289,0.01846642,2026-03-22,2026-08-06,115,6001,2406,138,0.833333,1.330819,1.230659,1.009211,,,,,,,,GLOBAL_BASELINE_NO_ENTITY_RANKING,,,NOT_APPLICABLE_GLOBAL_BASELINE,HF9g-P5,,,,X 全窗基线 · 不参与实体赏罚,8399884,840,A168_HF9F_20260827_0900,2026-08-27 09:00:00
2026-05-07,36810153,2220,0,9.6628505408,5.3040646991,5.3040646991,0.6666667,4,4,0.49659680000000000,0.496596800000,0.5891529468324541,0.589152946832454,0.5891529468324541,0E-17,ELIGIBLE,R03b_20260811_FULL_v1,L1_ELIGIBILITY,v2026-08-11,2026-03-21..2026-08-06,baccarat_bet02_101_all_pairs_incl_sentinel,round_win = game_pnl > 0 (decisive only),COMPATIBILITY_ONLY_NOT_PRODUCTION,81515.6139,73739.3596,483.5193,11361,11361,-0.00593162,0.00694385,-0.01152257,-0.00593162,-483.5193,81515.6139,OK,0.0000,19.3408,4.0000,96.0000,AG03-UNRESOLVED,ALL5_LEVELS_bet23_to_bet27,19.3408,19.3408,19.3408,24.1760,24.1760,4.000000,4.000000,4.000000,5.000000,5.000000,96.000000,96.000000,96.000000,95.000000,95.000000,5.0,106.3742,97.4416,377.1451,386.0777,PENDING_AG03,FALSE,NOT_FOR_ENFORCEMENT,464.1785,70789.7852,483.5193,464.1785,19.3408,0.00593162,0.00569435,19.3408,464.1785,0.00569435,19.3408,19.3408,19.3408,24.1760,24.1760,464.1785,0.00569435,106.3742,97.4416,377.1451,386.0777,0.00462666,0.00473624,0.00023726,7.1750,6.4906,0.0426,4.2045,0.0806,708.8314,98.7913,8.8300,6.6350,4.0407,4.4018,8.4329,14.3073,20.7715,40.8781,4.2012,0.0,4.718859,9.286678,1.630025,30,242,81,2,0.30276321,0.00593162,-0.00694385,0E-8,0.000000,0.904604,0.002289,0.01846642,2026-03-22,2026-08-06,115,6001,2406,138,0.833333,1.330819,1.230659,1.009211,,,,,,,,GLOBAL_BASELINE_NO_ENTITY_RANKING,,,NOT_APPLICABLE_GLOBAL_BASELINE,HF9g-P5,,,,X 全窗基线 · 不参与实体赏罚,8399885,840,A168_HF9F_20260827_0900,2026-08-27 09:00:00
2026-05-07,36810153,948,0,2.9408675559,2.9408675559,2.9408675559,1.0000000,2,2,0.49324550000000000,0.493245500000,1.4334489766152358,1.4334489766152358,1.4334489766152358,0E-17,ELIGIBLE,R03b_20260811_FULL_v1,L1_ELIGIBILITY,v2026-08-11,2026-03-21..2026-08-06,baccarat_bet02_101_all_pairs_incl_sentinel,round_win = game_pnl > 0 (decisive only),COMPATIBILITY_ONLY_NOT_PRODUCTION,81515.6139,73739.3596,483.5193,11361,11361,-0.00593162,0.00694385,-0.01152257,-0.00593162,-483.5193,81515.6139,OK,0.0000,19.3408,4.0000,96.0000,AG03-UNRESOLVED,ALL5_LEVELS_bet23_to_bet27,19.3408,19.3408,19.3408,24.1760,24.1760,4.000000,4.000000,4.000000,5.000000,5.000000,96.000000,96.000000,96.000000,95.000000,95.000000,5.0,106.3742,97.4416,377.1451,386.0777,PENDING_AG03,FALSE,NOT_FOR_ENFORCEMENT,464.1785,70789.7852,483.5193,464.1785,19.3408,0.00593162,0.00569435,19.3408,464.1785,0.00569435,19.3408,19.3408,19.3408,24.1760,24.1760,464.1785,0.00569435,106.3742,97.4416,377.1451,386.0777,0.00462666,0.00473624,0.00023726,7.1750,6.4906,0.0426,4.2045,0.0806,708.8314,98.7913,8.8300,6.6350,4.0407,4.4018,8.4329,14.3073,20.7715,40.8781,4.2012,0.0,4.718859,9.286678,1.630025,30,242,81,2,0.30276321,0.00593162,-0.00694385,0E-8,0.000000,0.904604,0.002289,0.01846642,2026-03-22,2026-08-06,115,6001,2406,138,0.833333,1.330819,1.230659,1.009211,,,,,,,,GLOBAL_BASELINE_NO_ENTITY_RANKING,,,NOT_APPLICABLE_GLOBAL_BASELINE,HF9g-P5,,,,X 全窗基线 · 不参与实体赏罚,8399886,840,A168_HF9F_20260827_0900,2026-08-27 09:00:00
2026-05-08,36810153,-1,1,14.0741518747,5.5876483562,5.5876483562,0.6363636,11,11,0.50421339090909091,0.504213390909,0.8766166853658646,0.8766166853664662,0.8766166853658646,9.091E-14,SENTINEL_DEALER,R03b_20260811_FULL_v1,L1_ELIGIBILITY,v2026-08-11,2026-03-21..2026-08-06,baccarat_bet02_101_all_pairs_incl_sentinel,round_win = game_pnl > 0 (decisive only),COMPATIBILITY_ONLY_NOT_PRODUCTION,81515.6139,73739.3596,483.5193,11361,11361,-0.00593162,0.00694385,-0.01152257,-0.00593162,-483.5193,81515.6139,OK,0.0000,19.3408,4.0000,96.0000,AG03-UNRESOLVED,ALL5_LEVELS_bet23_to_bet27,19.3408,19.3408,19.3408,24.1760,24.1760,4.000000,4.000000,4.000000,5.000000,5.000000,96.000000,96.000000,96.000000,95.000000,95.000000,5.0,106.3742,97.4416,377.1451,386.0777,PENDING_AG03,FALSE,NOT_FOR_ENFORCEMENT,464.1785,70789.7852,483.5193,464.1785,19.3408,0.00593162,0.00569435,19.3408,464.1785,0.00569435,19.3408,19.3408,19.3408,24.1760,24.1760,464.1785,0.00569435,106.3742,97.4416,377.1451,386.0777,0.00462666,0.00473624,0.00023726,7.1750,6.4906,0.0426,4.2045,0.0806,708.8314,98.7913,8.8300,6.6350,4.0407,4.4018,8.4329,14.3073,20.7715,40.8781,4.2012,0.0,4.718859,9.286678,1.630025,30,242,81,2,0.30276321,0.00593162,-0.00694385,0E-8,0.000000,0.904604,0.002289,0.01846642,2026-03-22,2026-08-06,115,6001,2406,138,0.833333,1.330819,1.230659,1.009211,,,,,,,,GLOBAL_BASELINE_NO_ENTITY_RANKING,,,NOT_APPLICABLE_GLOBAL_BASELINE,HF9g-P5,,,,X 全窗基线 · 不参与实体赏罚,8399887,840,A168_HF9F_20260827_0900,2026-08-27 09:00:00
2026-05-08,36810153,1017,0,5.2515492070,5.0940027308,5.0940027308,1.0000000,2,2,0.49994810000000000,0.499948100000,1.4143603653603398,1.4143603653603398,1.4143603653603398,0E-17,ELIGIBLE,R03b_20260811_FULL_v1,L1_ELIGIBILITY,v2026-08-11,2026-03-21..2026-08-06,baccarat_bet02_101_all_pairs_incl_sentinel,round_win = game_pnl > 0 (decisive only),COMPATIBILITY_ONLY_NOT_PRODUCTION,81515.6139,73739.3596,483.5193,11361,11361,-0.00593162,0.00694385,-0.01152257,-0.00593162,-483.5193,81515.6139,OK,0.0000,19.3408,4.0000,96.0000,AG03-UNRESOLVED,ALL5_LEVELS_bet23_to_bet27,19.3408,19.3408,19.3408,24.1760,24.1760,4.000000,4.000000,4.000000,5.000000,5.000000,96.000000,96.000000,96.000000,95.000000,95.000000,5.0,106.3742,97.4416,377.1451,386.0777,PENDING_AG03,FALSE,NOT_FOR_ENFORCEMENT,464.1785,70789.7852,483.5193,464.1785,19.3408,0.00593162,0.00569435,19.3408,464.1785,0.00569435,19.3408,19.3408,19.3408,24.1760,24.1760,464.1785,0.00569435,106.3742,97.4416,377.1451,386.0777,0.00462666,0.00473624,0.00023726,7.1750,6.4906,0.0426,4.2045,0.0806,708.8314,98.7913,8.8300,6.6350,4.0407,4.4018,8.4329,14.3073,20.7715,40.8781,4.2012,0.0,4.718859,9.286678,1.630025,30,242,81,2,0.30276321,0.00593162,-0.00694385,0E-8,0.000000,0.904604,0.002289,0.01846642,2026-03-22,2026-08-06,115,6001,2406,138,0.833333,1.330819,1.230659,1.009211,,,,,,,,GLOBAL_BASELINE_NO_ENTITY_RANKING,,,NOT_APPLICABLE_GLOBAL_BASELINE,HF9g-P5,,,,X 全窗基线 · 不参与实体赏罚,8399888,840,A168_HF9F_20260827_0900,2026-08-27 09:00:00
2026-05-08,36810153,1323,0,3.1509295242,0E-10,0E-10,,1,1,0.49324550000000000,0.493245500000,,,,0E-17,NO_DECISIVE_ROUND,R03b_20260811_FULL_v1,L1_ELIGIBILITY,v2026-08-11,2026-03-21..2026-08-06,baccarat_bet02_101_all_pairs_incl_sentinel,round_win = game_pnl > 0 (decisive only),COMPATIBILITY_ONLY_NOT_PRODUCTION,81515.6139,73739.3596,483.5193,11361,11361,-0.00593162,0.00694385,-0.01152257,-0.00593162,-483.5193,81515.6139,OK,0.0000,19.3408,4.0000,96.0000,AG03-UNRESOLVED,ALL5_LEVELS_bet23_to_bet27,19.3408,19.3408,19.3408,24.1760,24.1760,4.000000,4.000000,4.000000,5.000000,5.000000,96.000000,96.000000,96.000000,95.000000,95.000000,5.0,106.3742,97.4416,377.1451,386.0777,PENDING_AG03,FALSE,NOT_FOR_ENFORCEMENT,464.1785,70789.7852,483.5193,464.1785,19.3408,0.00593162,0.00569435,19.3408,464.1785,0.00569435,19.3408,19.3408,19.3408,24.1760,24.1760,464.1785,0.00569435,106.3742,97.4416,377.1451,386.0777,0.00462666,0.00473624,0.00023726,7.1750,6.4906,0.0426,4.2045,0.0806,708.8314,98.7913,8.8300,6.6350,4.0407,4.4018,8.4329,14.3073,20.7715,40.8781,4.2012,0.0,4.718859,9.286678,1.630025,30,242,81,2,0.30276321,0.00593162,-0.00694385,0E-8,0.000000,0.904604,0.002289,0.01846642,2026-03-22,2026-08-06,115,6001,2406,138,0.833333,1.330819,1.230659,1.009211,,,,,,,,GLOBAL_BASELINE_NO_ENTITY_RANKING,,,NOT_APPLICABLE_GLOBAL_BASELINE,HF9g-P5,,,,X 全窗基线 · 不参与实体赏罚,8399889,840,A168_HF9F_20260827_0900,2026-08-27 09:00:00
2026-05-08,36810153,1385,0,1.2603718097,-1.2603718097,-1.2603718097,0E-7,1,1,0.49324550000000000,0.493245500000,-0.9865810262130424,-0.9865810262130424,-0.9865810262130424,0E-17,ELIGIBLE,R03b_20260811_FULL_v1,L1_ELIGIBILITY,v2026-08-11,2026-03-21..2026-08-06,baccarat_bet02_101_all_pairs_incl_sentinel,round_win = game_pnl > 0 (decisive only),COMPATIBILITY_ONLY_NOT_PRODUCTION,81515.6139,73739.3596,483.5193,11361,11361,-0.00593162,0.00694385,-0.01152257,-0.00593162,-483.5193,81515.6139,OK,0.0000,19.3408,4.0000,96.0000,AG03-UNRESOLVED,ALL5_LEVELS_bet23_to_bet27,19.3408,19.3408,19.3408,24.1760,24.1760,4.000000,4.000000,4.000000,5.000000,5.000000,96.000000,96.000000,96.000000,95.000000,95.000000,5.0,106.3742,97.4416,377.1451,386.0777,PENDING_AG03,FALSE,NOT_FOR_ENFORCEMENT,464.1785,70789.7852,483.5193,464.1785,19.3408,0.00593162,0.00569435,19.3408,464.1785,0.00569435,19.3408,19.3408,19.3408,24.1760,24.1760,464.1785,0.00569435,106.3742,97.4416,377.1451,386.0777,0.00462666,0.00473624,0.00023726,7.1750,6.4906,0.0426,4.2045,0.0806,708.8314,98.7913,8.8300,6.6350,4.0407,4.4018,8.4329,14.3073,20.7715,40.8781,4.2012,0.0,4.718859,9.286678,1.630025,30,242,81,2,0.30276321,0.00593162,-0.00694385,0E-8,0.000000,0.904604,0.002289,0.01846642,2026-03-22,2026-08-06,115,6001,2406,138,0.833333,1.330819,1.230659,1.009211,,,,,,,,GLOBAL_BASELINE_NO_ENTITY_RANKING,,,NOT_APPLICABLE_GLOBAL_BASELINE,HF9g-P5,,,,X 全窗基线 · 不参与实体赏罚,8399890,840,A168_HF9F_20260827_0900,2026-08-27 09:00:00
2026-05-08,36810153,1396,0,1.8905577145,1.8905577145,1.8905577145,1.0000000,1,1,0.49324550000000000,0.493245500000,1.01360149184955,1.01360149184955,1.01360149184955,0E-17,ELIGIBLE,R03b_20260811_FULL_v1,L1_ELIGIBILITY,v2026-08-11,2026-03-21..2026-08-06,baccarat_bet02_101_all_pairs_incl_sentinel,round_win = game_pnl > 0 (decisive only),COMPATIBILITY_ONLY_NOT_PRODUCTION,81515.6139,73739.3596,483.5193,11361,11361,-0.00593162,0.00694385,-0.01152257,-0.00593162,-483.5193,81515.6139,OK,0.0000,19.3408,4.0000,96.0000,AG03-UNRESOLVED,ALL5_LEVELS_bet23_to_bet27,19.3408,19.3408,19.3408,24.1760,24.1760,4.000000,4.000000,4.000000,5.000000,5.000000,96.000000,96.000000,96.000000,95.000000,95.000000,5.0,106.3742,97.4416,377.1451,386.0777,PENDING_AG03,FALSE,NOT_FOR_ENFORCEMENT,464.1785,70789.7852,483.5193,464.1785,19.3408,0.00593162,0.00569435,19.3408,464.1785,0.00569435,19.3408,19.3408,19.3408,24.1760,24.1760,464.1785,0.00569435,106.3742,97.4416,377.1451,386.0777,0.00462666,0.00473624,0.00023726,7.1750,6.4906,0.0426,4.2045,0.0806,708.8314,98.7913,8.8300,6.6350,4.0407,4.4018,8.4329,14.3073,20.7715,40.8781,4.2012,0.0,4.718859,9.286678,1.630025,30,242,81,2,0.30276321,0.00593162,-0.00694385,0E-8,0.000000,0.904604,0.002289,0.01846642,2026-03-22,2026-08-06,115,6001,2406,138,0.833333,1.330819,1.230659,1.009211,,,,,,,,GLOBAL_BASELINE_NO_ENTITY_RANKING,,,NOT_APPLICABLE_GLOBAL_BASELINE,HF9g-P5,,,,X 全窗基线 · 不参与实体赏罚,8399891,840,A168_HF9F_20260827_0900,2026-08-27 09:00:00
2026-05-08,36810153,1401,0,3.1509295242,3.0458985401,3.0458985401,1.0000000,2,2,0.49994810000000000,0.499948100000,1.4143603653603398,1.4143603653603398,1.4143603653603398,0E-17,ELIGIBLE,R03b_20260811_FULL_v1,L1_ELIGIBILITY,v2026-08-11,2026-03-21..2026-08-06,baccarat_bet02_101_all_pairs_incl_sentinel,round_win = game_pnl > 0 (decisive only),COMPATIBILITY_ONLY_NOT_PRODUCTION,81515.6139,73739.3596,483.5193,11361,11361,-0.00593162,0.00694385,-0.01152257,-0.00593162,-483.5193,81515.6139,OK,0.0000,19.3408,4.0000,96.0000,AG03-UNRESOLVED,ALL5_LEVELS_bet23_to_bet27,19.3408,19.3408,19.3408,24.1760,24.1760,4.000000,4.000000,4.000000,5.000000,5.000000,96.000000,96.000000,96.000000,95.000000,95.000000,5.0,106.3742,97.4416,377.1451,386.0777,PENDING_AG03,FALSE,NOT_FOR_ENFORCEMENT,464.1785,70789.7852,483.5193,464.1785,19.3408,0.00593162,0.00569435,19.3408,464.1785,0.00569435,19.3408,19.3408,19.3408,24.1760,24.1760,464.1785,0.00569435,106.3742,97.4416,377.1451,386.0777,0.00462666,0.00473624,0.00023726,7.1750,6.4906,0.0426,4.2045,0.0806,708.8314,98.7913,8.8300,6.6350,4.0407,4.4018,8.4329,14.3073,20.7715,40.8781,4.2012,0.0,4.718859,9.286678,1.630025,30,242,81,2,0.30276321,0.00593162,-0.00694385,0E-8,0.000000,0.904604,0.002289,0.01846642,2026-03-22,2026-08-06,115,6001,2406,138,0.833333,1.330819,1.230659,1.009211,,,,,,,,GLOBAL_BASELINE_NO_ENTITY_RANKING,,,NOT_APPLICABLE_GLOBAL_BASELINE,HF9g-P5,,,,X 全窗基线 · 不参与实体赏罚,8399892,840,A168_HF9F_20260827_0900,2026-08-27 09:00:00
2026-05-08,36810153,1507,0,1.0503098414,-1.0503098414,-1.0503098414,0E-7,1,1,0.49324550000000000,0.493245500000,-0.9865810262130424,-0.9865810262130424,-0.9865810262130424,0E-17,ELIGIBLE,R03b_20260811_FULL_v1,L1_ELIGIBILITY,v2026-08-11,2026-03-21..2026-08-06,baccarat_bet02_101_all_pairs_incl_sentinel,round_win = game_pnl > 0 (decisive only),COMPATIBILITY_ONLY_NOT_PRODUCTION,81515.6139,73739.3596,483.5193,11361,11361,-0.00593162,0.00694385,-0.01152257,-0.00593162,-483.5193,81515.6139,OK,0.0000,19.3408,4.0000,96.0000,AG03-UNRESOLVED,ALL5_LEVELS_bet23_to_bet27,19.3408,19.3408,19.3408,24.1760,24.1760,4.000000,4.000000,4.000000,5.000000,5.000000,96.000000,96.000000,96.000000,95.000000,95.000000,5.0,106.3742,97.4416,377.1451,386.0777,PENDING_AG03,FALSE,NOT_FOR_ENFORCEMENT,464.1785,70789.7852,483.5193,464.1785,19.3408,0.00593162,0.00569435,19.3408,464.1785,0.00569435,19.3408,19.3408,19.3408,24.1760,24.1760,464.1785,0.00569435,106.3742,97.4416,377.1451,386.0777,0.00462666,0.00473624,0.00023726,7.1750,6.4906,0.0426,4.2045,0.0806,708.8314,98.7913,8.8300,6.6350,4.0407,4.4018,8.4329,14.3073,20.7715,40.8781,4.2012,0.0,4.718859,9.286678,1.630025,30,242,81,2,0.30276321,0.00593162,-0.00694385,0E-8,0.000000,0.904604,0.002289,0.01846642,2026-03-22,2026-08-06,115,6001,2406,138,0.833333,1.330819,1.230659,1.009211,,,,,,,,GLOBAL_BASELINE_NO_ENTITY_RANKING,,,NOT_APPLICABLE_GLOBAL_BASELINE,HF9g-P5,,,,X 全窗基线 · 不参与实体赏罚,8399893,840,A168_HF9F_20260827_0900,2026-08-27 09:00:00
2026-05-08,36810153,1623,0,1.0503098414,-1.0503098414,-1.0503098414,0E-7,1,1,0.50665070000000000,0.506650700000,-1.013391052207602,-1.013391052207602,-1.013391052207602,0E-17,ELIGIBLE,R03b_20260811_FULL_v1,L1_ELIGIBILITY,v2026-08-11,2026-03-21..2026-08-06,baccarat_bet02_101_all_pairs_incl_sentinel,round_win = game_pnl > 0 (decisive only),COMPATIBILITY_ONLY_NOT_PRODUCTION,81515.6139,73739.3596,483.5193,11361,11361,-0.00593162,0.00694385,-0.01152257,-0.00593162,-483.5193,81515.6139,OK,0.0000,19.3408,4.0000,96.0000,AG03-UNRESOLVED,ALL5_LEVELS_bet23_to_bet27,19.3408,19.3408,19.3408,24.1760,24.1760,4.000000,4.000000,4.000000,5.000000,5.000000,96.000000,96.000000,96.000000,95.000000,95.000000,5.0,106.3742,97.4416,377.1451,386.0777,PENDING_AG03,FALSE,NOT_FOR_ENFORCEMENT,464.1785,70789.7852,483.5193,464.1785,19.3408,0.00593162,0.00569435,19.3408,464.1785,0.00569435,19.3408,19.3408,19.3408,24.1760,24.1760,464.1785,0.00569435,106.3742,97.4416,377.1451,386.0777,0.00462666,0.00473624,0.00023726,7.1750,6.4906,0.0426,4.2045,0.0806,708.8314,98.7913,8.8300,6.6350,4.0407,4.4018,8.4329,14.3073,20.7715,40.8781,4.2012,0.0,4.718859,9.286678,1.630025,30,242,81,2,0.30276321,0.00593162,-0.00694385,0E-8,0.000000,0.904604,0.002289,0.01846642,2026-03-22,2026-08-06,115,6001,2406,138,0.833333,1.330819,1.230659,1.009211,,,,,,,,GLOBAL_BASELINE_NO_ENTITY_RANKING,,,NOT_APPLICABLE_GLOBAL_BASELINE,HF9g-P5,,,,X 全窗基线 · 不参与实体赏罚,8399894,840,A168_HF9F_20260827_0900,2026-08-27 09:00:00
2026-05-08,36810153,1645,0,4.2012393656,0.9977943493,0.9977943493,1.0000000,3,3,0.50665070000000000,0.506650700000,0.9867858985152569,0.9867858985152569,0.9867858985152569,0E-17,ELIGIBLE,R03b_20260811_FULL_v1,L1_ELIGIBILITY,v2026-08-11,2026-03-21..2026-08-06,baccarat_bet02_101_all_pairs_incl_sentinel,round_win = game_pnl > 0 (decisive only),COMPATIBILITY_ONLY_NOT_PRODUCTION,81515.6139,73739.3596,483.5193,11361,11361,-0.00593162,0.00694385,-0.01152257,-0.00593162,-483.5193,81515.6139,OK,0.0000,19.3408,4.0000,96.0000,AG03-UNRESOLVED,ALL5_LEVELS_bet23_to_bet27,19.3408,19.3408,19.3408,24.1760,24.1760,4.000000,4.000000,4.000000,5.000000,5.000000,96.000000,96.000000,96.000000,95.000000,95.000000,5.0,106.3742,97.4416,377.1451,386.0777,PENDING_AG03,FALSE,NOT_FOR_ENFORCEMENT,464.1785,70789.7852,483.5193,464.1785,19.3408,0.00593162,0.00569435,19.3408,464.1785,0.00569435,19.3408,19.3408,19.3408,24.1760,24.1760,464.1785,0.00569435,106.3742,97.4416,377.1451,386.0777,0.00462666,0.00473624,0.00023726,7.1750,6.4906,0.0426,4.2045,0.0806,708.8314,98.7913,8.8300,6.6350,4.0407,4.4018,8.4329,14.3073,20.7715,40.8781,4.2012,0.0,4.718859,9.286678,1.630025,30,242,81,2,0.30276321,0.00593162,-0.00694385,0E-8,0.000000,0.904604,0.002289,0.01846642,2026-03-22,2026-08-06,115,6001,2406,138,0.833333,1.330819,1.230659,1.009211,,,,,,,,GLOBAL_BASELINE_NO_ENTITY_RANKING,,,NOT_APPLICABLE_GLOBAL_BASELINE,HF9g-P5,,,,X 全窗基线 · 不参与实体赏罚,8399895,840,A168_HF9F_20260827_0900,2026-08-27 09:00:00
2026-05-08,36810153,1750,0,1.2603718097,-1.2603718097,-1.2603718097,0E-7,1,1,0.49324550000000000,0.493245500000,-0.9865810262130424,-0.9865810262130424,-0.9865810262130424,0E-17,ELIGIBLE,R03b_20260811_FULL_v1,L1_ELIGIBILITY,v2026-08-11,2026-03-21..2026-08-06,baccarat_bet02_101_all_pairs_incl_sentinel,round_win = game_pnl > 0 (decisive only),COMPATIBILITY_ONLY_NOT_PRODUCTION,81515.6139,73739.3596,483.5193,11361,11361,-0.00593162,0.00694385,-0.01152257,-0.00593162,-483.5193,81515.6139,OK,0.0000,19.3408,4.0000,96.0000,AG03-UNRESOLVED,ALL5_LEVELS_bet23_to_bet27,19.3408,19.3408,19.3408,24.1760,24.1760,4.000000,4.000000,4.000000,5.000000,5.000000,96.000000,96.000000,96.000000,95.000000,95.000000,5.0,106.3742,97.4416,377.1451,386.0777,PENDING_AG03,FALSE,NOT_FOR_ENFORCEMENT,464.1785,70789.7852,483.5193,464.1785,19.3408,0.00593162,0.00569435,19.3408,464.1785,0.00569435,19.3408,19.3408,19.3408,24.1760,24.1760,464.1785,0.00569435,106.3742,97.4416,377.1451,386.0777,0.00462666,0.00473624,0.00023726,7.1750,6.4906,0.0426,4.2045,0.0806,708.8314,98.7913,8.8300,6.6350,4.0407,4.4018,8.4329,14.3073,20.7715,40.8781,4.2012,0.0,4.718859,9.286678,1.630025,30,242,81,2,0.30276321,0.00593162,-0.00694385,0E-8,0.000000,0.904604,0.002289,0.01846642,2026-03-22,2026-08-06,115,6001,2406,138,0.833333,1.330819,1.230659,1.009211,,,,,,,,GLOBAL_BASELINE_NO_ENTITY_RANKING,,,NOT_APPLICABLE_GLOBAL_BASELINE,HF9g-P5,,,,X 全窗基线 · 不参与实体赏罚,8399896,840,A168_HF9F_20260827_0900,2026-08-27 09:00:00
2026-05-08,36810153,1935,0,2.7308055876,2.5942653083,2.5942653083,1.0000000,1,1,0.50665070000000000,0.506650700000,0.9867858985152569,0.9867858985152569,0.9867858985152569,0E-17,ELIGIBLE,R03b_20260811_FULL_v1,L1_ELIGIBILITY,v2026-08-11,2026-03-21..2026-08-06,baccarat_bet02_101_all_pairs_incl_sentinel,round_win = game_pnl > 0 (decisive only),COMPATIBILITY_ONLY_NOT_PRODUCTION,81515.6139,73739.3596,483.5193,11361,11361,-0.00593162,0.00694385,-0.01152257,-0.00593162,-483.5193,81515.6139,OK,0.0000,19.3408,4.0000,96.0000,AG03-UNRESOLVED,ALL5_LEVELS_bet23_to_bet27,19.3408,19.3408,19.3408,24.1760,24.1760,4.000000,4.000000,4.000000,5.000000,5.000000,96.000000,96.000000,96.000000,95.000000,95.000000,5.0,106.3742,97.4416,377.1451,386.0777,PENDING_AG03,FALSE,NOT_FOR_ENFORCEMENT,464.1785,70789.7852,483.5193,464.1785,19.3408,0.00593162,0.00569435,19.3408,464.1785,0.00569435,19.3408,19.3408,19.3408,24.1760,24.1760,464.1785,0.00569435,106.3742,97.4416,377.1451,386.0777,0.00462666,0.00473624,0.00023726,7.1750,6.4906,0.0426,4.2045,0.0806,708.8314,98.7913,8.8300,6.6350,4.0407,4.4018,8.4329,14.3073,20.7715,40.8781,4.2012,0.0,4.718859,9.286678,1.630025,30,242,81,2,0.30276321,0.00593162,-0.00694385,0E-8,0.000000,0.904604,0.002289,0.01846642,2026-03-22,2026-08-06,115,6001,2406,138,0.833333,1.330819,1.230659,1.009211,,,,,,,,GLOBAL_BASELINE_NO_ENTITY_RANKING,,,NOT_APPLICABLE_GLOBAL_BASELINE,HF9g-P5,,,,X 全窗基线 · 不参与实体赏罚,8399897,840,A168_HF9F_20260827_0900,2026-08-27 09:00:00
2026-05-08,36810153,1942,0,5.2515492070,4.9889717467,4.9889717467,1.0000000,2,2,0.50665070000000000,0.506650700000,1.3955260008387969,1.3955260008387969,1.3955260008387969,0E-17,ELIGIBLE,R03b_20260811_FULL_v1,L1_ELIGIBILITY,v2026-08-11,2026-03-21..2026-08-06,baccarat_bet02_101_all_pairs_incl_sentinel,round_win = game_pnl > 0 (decisive only),COMPATIBILITY_ONLY_NOT_PRODUCTION,81515.6139,73739.3596,483.5193,11361,11361,-0.00593162,0.00694385,-0.01152257,-0.00593162,-483.5193,81515.6139,OK,0.0000,19.3408,4.0000,96.0000,AG03-UNRESOLVED,ALL5_LEVELS_bet23_to_bet27,19.3408,19.3408,19.3408,24.1760,24.1760,4.000000,4.000000,4.000000,5.000000,5.000000,96.000000,96.000000,96.000000,95.000000,95.000000,5.0,106.3742,97.4416,377.1451,386.0777,PENDING_AG03,FALSE,NOT_FOR_ENFORCEMENT,464.1785,70789.7852,483.5193,464.1785,19.3408,0.00593162,0.00569435,19.3408,464.1785,0.00569435,19.3408,19.3408,19.3408,24.1760,24.1760,464.1785,0.00569435,106.3742,97.4416,377.1451,386.0777,0.00462666,0.00473624,0.00023726,7.1750,6.4906,0.0426,4.2045,0.0806,708.8314,98.7913,8.8300,6.6350,4.0407,4.4018,8.4329,14.3073,20.7715,40.8781,4.2012,0.0,4.718859,9.286678,1.630025,30,242,81,2,0.30276321,0.00593162,-0.00694385,0E-8,0.000000,0.904604,0.002289,0.01846642,2026-03-22,2026-08-06,115,6001,2406,138,0.833333,1.330819,1.230659,1.009211,,,,,,,,GLOBAL_BASELINE_NO_ENTITY_RANKING,,,NOT_APPLICABLE_GLOBAL_BASELINE,HF9g-P5,,,,X 全窗基线 · 不参与实体赏罚,8399898,840,A168_HF9F_20260827_0900,2026-08-27 09:00:00
2026-05-08,36810153,1963,0,2.1006196828,1.9955886987,1.9955886987,1.0000000,1,1,0.50665070000000000,0.506650700000,0.9867858985152569,0.9867858985152569,0.9867858985152569,0E-17,ELIGIBLE,R03b_20260811_FULL_v1,L1_ELIGIBILITY,v2026-08-11,2026-03-21..2026-08-06,baccarat_bet02_101_all_pairs_incl_sentinel,round_win = game_pnl > 0 (decisive only),COMPATIBILITY_ONLY_NOT_PRODUCTION,81515.6139,73739.3596,483.5193,11361,11361,-0.00593162,0.00694385,-0.01152257,-0.00593162,-483.5193,81515.6139,OK,0.0000,19.3408,4.0000,96.0000,AG03-UNRESOLVED,ALL5_LEVELS_bet23_to_bet27,19.3408,19.3408,19.3408,24.1760,24.1760,4.000000,4.000000,4.000000,5.000000,5.000000,96.000000,96.000000,96.000000,95.000000,95.000000,5.0,106.3742,97.4416,377.1451,386.0777,PENDING_AG03,FALSE,NOT_FOR_ENFORCEMENT,464.1785,70789.7852,483.5193,464.1785,19.3408,0.00593162,0.00569435,19.3408,464.1785,0.00569435,19.3408,19.3408,19.3408,24.1760,24.1760,464.1785,0.00569435,106.3742,97.4416,377.1451,386.0777,0.00462666,0.00473624,0.00023726,7.1750,6.4906,0.0426,4.2045,0.0806,708.8314,98.7913,8.8300,6.6350,4.0407,4.4018,8.4329,14.3073,20.7715,40.8781,4.2012,0.0,4.718859,9.286678,1.630025,30,242,81,2,0.30276321,0.00593162,-0.00694385,0E-8,0.000000,0.904604,0.002289,0.01846642,2026-03-22,2026-08-06,115,6001,2406,138,0.833333,1.330819,1.230659,1.009211,,,,,,,,GLOBAL_BASELINE_NO_ENTITY_RANKING,,,NOT_APPLICABLE_GLOBAL_BASELINE,HF9g-P5,,,,X 全窗基线 · 不参与实体赏罚,8399899,840,A168_HF9F_20260827_0900,2026-08-27 09:00:00
2026-05-08,36810153,1996,0,1.0503098414,0.9977943493,0.9977943493,1.0000000,1,1,0.50665070000000000,0.506650700000,0.9867858985152569,0.9867858985152569,0.9867858985152569,0E-17,ELIGIBLE,R03b_20260811_FULL_v1,L1_ELIGIBILITY,v2026-08-11,2026-03-21..2026-08-06,baccarat_bet02_101_all_pairs_incl_sentinel,round_win = game_pnl > 0 (decisive only),COMPATIBILITY_ONLY_NOT_PRODUCTION,81515.6139,73739.3596,483.5193,11361,11361,-0.00593162,0.00694385,-0.01152257,-0.00593162,-483.5193,81515.6139,OK,0.0000,19.3408,4.0000,96.0000,AG03-UNRESOLVED,ALL5_LEVELS_bet23_to_bet27,19.3408,19.3408,19.3408,24.1760,24.1760,4.000000,4.000000,4.000000,5.000000,5.000000,96.000000,96.000000,96.000000,95.000000,95.000000,5.0,106.3742,97.4416,377.1451,386.0777,PENDING_AG03,FALSE,NOT_FOR_ENFORCEMENT,464.1785,70789.7852,483.5193,464.1785,19.3408,0.00593162,0.00569435,19.3408,464.1785,0.00569435,19.3408,19.3408,19.3408,24.1760,24.1760,464.1785,0.00569435,106.3742,97.4416,377.1451,386.0777,0.00462666,0.00473624,0.00023726,7.1750,6.4906,0.0426,4.2045,0.0806,708.8314,98.7913,8.8300,6.6350,4.0407,4.4018,8.4329,14.3073,20.7715,40.8781,4.2012,0.0,4.718859,9.286678,1.630025,30,242,81,2,0.30276321,0.00593162,-0.00694385,0E-8,0.000000,0.904604,0.002289,0.01846642,2026-03-22,2026-08-06,115,6001,2406,138,0.833333,1.330819,1.230659,1.009211,,,,,,,,GLOBAL_BASELINE_NO_ENTITY_RANKING,,,NOT_APPLICABLE_GLOBAL_BASELINE,HF9g-P5,,,,X 全窗基线 · 不参与实体赏罚,8399900,840,A168_HF9F_20260827_0900,2026-08-27 09:00:00
2026-05-08,36810153,2093,0,2.5207436194,2.4682281273,2.4682281273,1.0000000,2,2,0.49994810000000000,0.499948100000,1.4143603653603398,1.4143603653603398,1.4143603653603398,0E-17,ELIGIBLE,R03b_20260811_FULL_v1,L1_ELIGIBILITY,v2026-08-11,2026-03-21..2026-08-06,baccarat_bet02_101_all_pairs_incl_sentinel,round_win = game_pnl > 0 (decisive only),COMPATIBILITY_ONLY_NOT_PRODUCTION,81515.6139,73739.3596,483.5193,11361,11361,-0.00593162,0.00694385,-0.01152257,-0.00593162,-483.5193,81515.6139,OK,0.0000,19.3408,4.0000,96.0000,AG03-UNRESOLVED,ALL5_LEVELS_bet23_to_bet27,19.3408,19.3408,19.3408,24.1760,24.1760,4.000000,4.000000,4.000000,5.000000,5.000000,96.000000,96.000000,96.000000,95.000000,95.000000,5.0,106.3742,97.4416,377.1451,386.0777,PENDING_AG03,FALSE,NOT_FOR_ENFORCEMENT,464.1785,70789.7852,483.5193,464.1785,19.3408,0.00593162,0.00569435,19.3408,464.1785,0.00569435,19.3408,19.3408,19.3408,24.1760,24.1760,464.1785,0.00569435,106.3742,97.4416,377.1451,386.0777,0.00462666,0.00473624,0.00023726,7.1750,6.4906,0.0426,4.2045,0.0806,708.8314,98.7913,8.8300,6.6350,4.0407,4.4018,8.4329,14.3073,20.7715,40.8781,4.2012,0.0,4.718859,9.286678,1.630025,30,242,81,2,0.30276321,0.00593162,-0.00694385,0E-8,0.000000,0.904604,0.002289,0.01846642,2026-03-22,2026-08-06,115,6001,2406,138,0.833333,1.330819,1.230659,1.009211,,,,,,,,GLOBAL_BASELINE_NO_ENTITY_RANKING,,,NOT_APPLICABLE_GLOBAL_BASELINE,HF9g-P5,,,,X 全窗基线 · 不参与实体赏罚,8399901,840,A168_HF9F_20260827_0900,2026-08-27 09:00:00
2026-05-08,36810153,2152,0,3.7811154291,-3.7811154291,-3.7811154291,0E-7,1,1,0.50665070000000000,0.506650700000,-1.013391052207602,-1.013391052207602,-1.013391052207602,0E-17,ELIGIBLE,R03b_20260811_FULL_v1,L1_ELIGIBILITY,v2026-08-11,2026-03-21..2026-08-06,baccarat_bet02_101_all_pairs_incl_sentinel,round_win = game_pnl > 0 (decisive only),COMPATIBILITY_ONLY_NOT_PRODUCTION,81515.6139,73739.3596,483.5193,11361,11361,-0.00593162,0.00694385,-0.01152257,-0.00593162,-483.5193,81515.6139,OK,0.0000,19.3408,4.0000,96.0000,AG03-UNRESOLVED,ALL5_LEVELS_bet23_to_bet27,19.3408,19.3408,19.3408,24.1760,24.1760,4.000000,4.000000,4.000000,5.000000,5.000000,96.000000,96.000000,96.000000,95.000000,95.000000,5.0,106.3742,97.4416,377.1451,386.0777,PENDING_AG03,FALSE,NOT_FOR_ENFORCEMENT,464.1785,70789.7852,483.5193,464.1785,19.3408,0.00593162,0.00569435,19.3408,464.1785,0.00569435,19.3408,19.3408,19.3408,24.1760,24.1760,464.1785,0.00569435,106.3742,97.4416,377.1451,386.0777,0.00462666,0.00473624,0.00023726,7.1750,6.4906,0.0426,4.2045,0.0806,708.8314,98.7913,8.8300,6.6350,4.0407,4.4018,8.4329,14.3073,20.7715,40.8781,4.2012,0.0,4.718859,9.286678,1.630025,30,242,81,2,0.30276321,0.00593162,-0.00694385,0E-8,0.000000,0.904604,0.002289,0.01846642,2026-03-22,2026-08-06,115,6001,2406,138,0.833333,1.330819,1.230659,1.009211,,,,,,,,GLOBAL_BASELINE_NO_ENTITY_RANKING,,,NOT_APPLICABLE_GLOBAL_BASELINE,HF9g-P5,,,,X 全窗基线 · 不参与实体赏罚,8399902,840,A168_HF9F_20260827_0900,2026-08-27 09:00:00
2026-05-08,36810153,2153,0,2.1006196828,1.9955886987,1.9955886987,1.0000000,1,1,0.50665070000000000,0.506650700000,0.9867858985152569,0.9867858985152569,0.9867858985152569,0E-17,ELIGIBLE,R03b_20260811_FULL_v1,L1_ELIGIBILITY,v2026-08-11,2026-03-21..2026-08-06,baccarat_bet02_101_all_pairs_incl_sentinel,round_win = game_pnl > 0 (decisive only),COMPATIBILITY_ONLY_NOT_PRODUCTION,81515.6139,73739.3596,483.5193,11361,11361,-0.00593162,0.00694385,-0.01152257,-0.00593162,-483.5193,81515.6139,OK,0.0000,19.3408,4.0000,96.0000,AG03-UNRESOLVED,ALL5_LEVELS_bet23_to_bet27,19.3408,19.3408,19.3408,24.1760,24.1760,4.000000,4.000000,4.000000,5.000000,5.000000,96.000000,96.000000,96.000000,95.000000,95.000000,5.0,106.3742,97.4416,377.1451,386.0777,PENDING_AG03,FALSE,NOT_FOR_ENFORCEMENT,464.1785,70789.7852,483.5193,464.1785,19.3408,0.00593162,0.00569435,19.3408,464.1785,0.00569435,19.3408,19.3408,19.3408,24.1760,24.1760,464.1785,0.00569435,106.3742,97.4416,377.1451,386.0777,0.00462666,0.00473624,0.00023726,7.1750,6.4906,0.0426,4.2045,0.0806,708.8314,98.7913,8.8300,6.6350,4.0407,4.4018,8.4329,14.3073,20.7715,40.8781,4.2012,0.0,4.718859,9.286678,1.630025,30,242,81,2,0.30276321,0.00593162,-0.00694385,0E-8,0.000000,0.904604,0.002289,0.01846642,2026-03-22,2026-08-06,115,6001,2406,138,0.833333,1.330819,1.230659,1.009211,,,,,,,,GLOBAL_BASELINE_NO_ENTITY_RANKING,,,NOT_APPLICABLE_GLOBAL_BASELINE,HF9g-P5,,,,X 全窗基线 · 不参与实体赏罚,8399903,840,A168_HF9F_20260827_0900,2026-08-27 09:00:00
2026-05-08,36810153,2174,0,5.6716731436,-2.8043272765,-2.8043272765,0.5000000,2,2,0.49994810000000000,0.499948100000,0.00014679536856514622,0.00014679536856514622,0.00014679536856514622,0E-17,ELIGIBLE,R03b_20260811_FULL_v1,L1_ELIGIBILITY,v2026-08-11,2026-03-21..2026-08-06,baccarat_bet02_101_all_pairs_incl_sentinel,round_win = game_pnl > 0 (decisive only),COMPATIBILITY_ONLY_NOT_PRODUCTION,81515.6139,73739.3596,483.5193,11361,11361,-0.00593162,0.00694385,-0.01152257,-0.00593162,-483.5193,81515.6139,OK,0.0000,19.3408,4.0000,96.0000,AG03-UNRESOLVED,ALL5_LEVELS_bet23_to_bet27,19.3408,19.3408,19.3408,24.1760,24.1760,4.000000,4.000000,4.000000,5.000000,5.000000,96.000000,96.000000,96.000000,95.000000,95.000000,5.0,106.3742,97.4416,377.1451,386.0777,PENDING_AG03,FALSE,NOT_FOR_ENFORCEMENT,464.1785,70789.7852,483.5193,464.1785,19.3408,0.00593162,0.00569435,19.3408,464.1785,0.00569435,19.3408,19.3408,19.3408,24.1760,24.1760,464.1785,0.00569435,106.3742,97.4416,377.1451,386.0777,0.00462666,0.00473624,0.00023726,7.1750,6.4906,0.0426,4.2045,0.0806,708.8314,98.7913,8.8300,6.6350,4.0407,4.4018,8.4329,14.3073,20.7715,40.8781,4.2012,0.0,4.718859,9.286678,1.630025,30,242,81,2,0.30276321,0.00593162,-0.00694385,0E-8,0.000000,0.904604,0.002289,0.01846642,2026-03-22,2026-08-06,115,6001,2406,138,0.833333,1.330819,1.230659,1.009211,,,,,,,,GLOBAL_BASELINE_NO_ENTITY_RANKING,,,NOT_APPLICABLE_GLOBAL_BASELINE,HF9g-P5,,,,X 全窗基线 · 不参与实体赏罚,8399904,840,A168_HF9F_20260827_0900,2026-08-27 09:00:00
2026-05-08,36810153,2202,0,1.6804957462,0E-10,0E-10,,1,1,0.49324550000000000,0.493245500000,,,,0E-17,NO_DECISIVE_ROUND,R03b_20260811_FULL_v1,L1_ELIGIBILITY,v2026-08-11,2026-03-21..2026-08-06,baccarat_bet02_101_all_pairs_incl_sentinel,round_win = game_pnl > 0 (decisive only),COMPATIBILITY_ONLY_NOT_PRODUCTION,81515.6139,73739.3596,483.5193,11361,11361,-0.00593162,0.00694385,-0.01152257,-0.00593162,-483.5193,81515.6139,OK,0.0000,19.3408,4.0000,96.0000,AG03-UNRESOLVED,ALL5_LEVELS_bet23_to_bet27,19.3408,19.3408,19.3408,24.1760,24.1760,4.000000,4.000000,4.000000,5.000000,5.000000,96.000000,96.000000,96.000000,95.000000,95.000000,5.0,106.3742,97.4416,377.1451,386.0777,PENDING_AG03,FALSE,NOT_FOR_ENFORCEMENT,464.1785,70789.7852,483.5193,464.1785,19.3408,0.00593162,0.00569435,19.3408,464.1785,0.00569435,19.3408,19.3408,19.3408,24.1760,24.1760,464.1785,0.00569435,106.3742,97.4416,377.1451,386.0777,0.00462666,0.00473624,0.00023726,7.1750,6.4906,0.0426,4.2045,0.0806,708.8314,98.7913,8.8300,6.6350,4.0407,4.4018,8.4329,14.3073,20.7715,40.8781,4.2012,0.0,4.718859,9.286678,1.630025,30,242,81,2,0.30276321,0.00593162,-0.00694385,0E-8,0.000000,0.904604,0.002289,0.01846642,2026-03-22,2026-08-06,115,6001,2406,138,0.833333,1.330819,1.230659,1.009211,,,,,,,,GLOBAL_BASELINE_NO_ENTITY_RANKING,,,NOT_APPLICABLE_GLOBAL_BASELINE,HF9g-P5,,,,X 全窗基线 · 不参与实体赏罚,8399905,840,A168_HF9F_20260827_0900,2026-08-27 09:00:00
2026-05-08,36810153,2222,0,1.0503098414,-1.0503098414,-1.0503098414,0E-7,1,1,0.49324550000000000,0.493245500000,-0.9865810262130424,-0.9865810262130424,-0.9865810262130424,0E-17,ELIGIBLE,R03b_20260811_FULL_v1,L1_ELIGIBILITY,v2026-08-11,2026-03-21..2026-08-06,baccarat_bet02_101_all_pairs_incl_sentinel,round_win = game_pnl > 0 (decisive only),COMPATIBILITY_ONLY_NOT_PRODUCTION,81515.6139,73739.3596,483.5193,11361,11361,-0.00593162,0.00694385,-0.01152257,-0.00593162,-483.5193,81515.6139,OK,0.0000,19.3408,4.0000,96.0000,AG03-UNRESOLVED,ALL5_LEVELS_bet23_to_bet27,19.3408,19.3408,19.3408,24.1760,24.1760,4.000000,4.000000,4.000000,5.000000,5.000000,96.000000,96.000000,96.000000,95.000000,95.000000,5.0,106.3742,97.4416,377.1451,386.0777,PENDING_AG03,FALSE,NOT_FOR_ENFORCEMENT,464.1785,70789.7852,483.5193,464.1785,19.3408,0.00593162,0.00569435,19.3408,464.1785,0.00569435,19.3408,19.3408,19.3408,24.1760,24.1760,464.1785,0.00569435,106.3742,97.4416,377.1451,386.0777,0.00462666,0.00473624,0.00023726,7.1750,6.4906,0.0426,4.2045,0.0806,708.8314,98.7913,8.8300,6.6350,4.0407,4.4018,8.4329,14.3073,20.7715,40.8781,4.2012,0.0,4.718859,9.286678,1.630025,30,242,81,2,0.30276321,0.00593162,-0.00694385,0E-8,0.000000,0.904604,0.002289,0.01846642,2026-03-22,2026-08-06,115,6001,2406,138,0.833333,1.330819,1.230659,1.009211,,,,,,,,GLOBAL_BASELINE_NO_ENTITY_RANKING,,,NOT_APPLICABLE_GLOBAL_BASELINE,HF9g-P5,,,,X 全窗基线 · 不参与实体赏罚,8399906,840,A168_HF9F_20260827_0900,2026-08-27 09:00:00
2026-05-08,36810153,2224,0,6.3018590485,1.2603718097,1.2603718097,0.5000000,2,2,0.49324550000000000,0.493245500000,0.01910635448239258,0.01910635448239258,0.01910635448239258,0E-17,ELIGIBLE,R03b_20260811_FULL_v1,L1_ELIGIBILITY,v2026-08-11,2026-03-21..2026-08-06,baccarat_bet02_101_all_pairs_incl_sentinel,round_win = game_pnl > 0 (decisive only),COMPATIBILITY_ONLY_NOT_PRODUCTION,81515.6139,73739.3596,483.5193,11361,11361,-0.00593162,0.00694385,-0.01152257,-0.00593162,-483.5193,81515.6139,OK,0.0000,19.3408,4.0000,96.0000,AG03-UNRESOLVED,ALL5_LEVELS_bet23_to_bet27,19.3408,19.3408,19.3408,24.1760,24.1760,4.000000,4.000000,4.000000,5.000000,5.000000,96.000000,96.000000,96.000000,95.000000,95.000000,5.0,106.3742,97.4416,377.1451,386.0777,PENDING_AG03,FALSE,NOT_FOR_ENFORCEMENT,464.1785,70789.7852,483.5193,464.1785,19.3408,0.00593162,0.00569435,19.3408,464.1785,0.00569435,19.3408,19.3408,19.3408,24.1760,24.1760,464.1785,0.00569435,106.3742,97.4416,377.1451,386.0777,0.00462666,0.00473624,0.00023726,7.1750,6.4906,0.0426,4.2045,0.0806,708.8314,98.7913,8.8300,6.6350,4.0407,4.4018,8.4329,14.3073,20.7715,40.8781,4.2012,0.0,4.718859,9.286678,1.630025,30,242,81,2,0.30276321,0.00593162,-0.00694385,0E-8,0.000000,0.904604,0.002289,0.01846642,2026-03-22,2026-08-06,115,6001,2406,138,0.833333,1.330819,1.230659,1.009211,,,,,,,,GLOBAL_BASELINE_NO_ENTITY_RANKING,,,NOT_APPLICABLE_GLOBAL_BASELINE,HF9g-P5,,,,X 全窗基线 · 不参与实体赏罚,8399907,840,A168_HF9F_20260827_0900,2026-08-27 09:00:00
2026-05-08,36810153,2234,0,2.5207436194,0E-10,0E-10,,1,1,0.49324550000000000,0.493245500000,,,,0E-17,NO_DECISIVE_ROUND,R03b_20260811_FULL_v1,L1_ELIGIBILITY,v2026-08-11,2026-03-21..2026-08-06,baccarat_bet02_101_all_pairs_incl_sentinel,round_win = game_pnl > 0 (decisive only),COMPATIBILITY_ONLY_NOT_PRODUCTION,81515.6139,73739.3596,483.5193,11361,11361,-0.00593162,0.00694385,-0.01152257,-0.00593162,-483.5193,81515.6139,OK,0.0000,19.3408,4.0000,96.0000,AG03-UNRESOLVED,ALL5_LEVELS_bet23_to_bet27,19.3408,19.3408,19.3408,24.1760,24.1760,4.000000,4.000000,4.000000,5.000000,5.000000,96.000000,96.000000,96.000000,95.000000,95.000000,5.0,106.3742,97.4416,377.1451,386.0777,PENDING_AG03,FALSE,NOT_FOR_ENFORCEMENT,464.1785,70789.7852,483.5193,464.1785,19.3408,0.00593162,0.00569435,19.3408,464.1785,0.00569435,19.3408,19.3408,19.3408,24.1760,24.1760,464.1785,0.00569435,106.3742,97.4416,377.1451,386.0777,0.00462666,0.00473624,0.00023726,7.1750,6.4906,0.0426,4.2045,0.0806,708.8314,98.7913,8.8300,6.6350,4.0407,4.4018,8.4329,14.3073,20.7715,40.8781,4.2012,0.0,4.718859,9.286678,1.630025,30,242,81,2,0.30276321,0.00593162,-0.00694385,0E-8,0.000000,0.904604,0.002289,0.01846642,2026-03-22,2026-08-06,115,6001,2406,138,0.833333,1.330819,1.230659,1.009211,,,,,,,,GLOBAL_BASELINE_NO_ENTITY_RANKING,,,NOT_APPLICABLE_GLOBAL_BASELINE,HF9g-P5,,,,X 全窗基线 · 不参与实体赏罚,8399908,840,A168_HF9F_20260827_0900,2026-08-27 09:00:00
2026-05-08,36810153,2252,0,1.0503098414,0.9977943493,0.9977943493,1.0000000,1,1,0.50665070000000000,0.506650700000,0.9867858985152569,0.9867858985152569,0.9867858985152569,0E-17,ELIGIBLE,R03b_20260811_FULL_v1,L1_ELIGIBILITY,v2026-08-11,2026-03-21..2026-08-06,baccarat_bet02_101_all_pairs_incl_sentinel,round_win = game_pnl > 0 (decisive only),COMPATIBILITY_ONLY_NOT_PRODUCTION,81515.6139,73739.3596,483.5193,11361,11361,-0.00593162,0.00694385,-0.01152257,-0.00593162,-483.5193,81515.6139,OK,0.0000,19.3408,4.0000,96.0000,AG03-UNRESOLVED,ALL5_LEVELS_bet23_to_bet27,19.3408,19.3408,19.3408,24.1760,24.1760,4.000000,4.000000,4.000000,5.000000,5.000000,96.000000,96.000000,96.000000,95.000000,95.000000,5.0,106.3742,97.4416,377.1451,386.0777,PENDING_AG03,FALSE,NOT_FOR_ENFORCEMENT,464.1785,70789.7852,483.5193,464.1785,19.3408,0.00593162,0.00569435,19.3408,464.1785,0.00569435,19.3408,19.3408,19.3408,24.1760,24.1760,464.1785,0.00569435,106.3742,97.4416,377.1451,386.0777,0.00462666,0.00473624,0.00023726,7.1750,6.4906,0.0426,4.2045,0.0806,708.8314,98.7913,8.8300,6.6350,4.0407,4.4018,8.4329,14.3073,20.7715,40.8781,4.2012,0.0,4.718859,9.286678,1.630025,30,242,81,2,0.30276321,0.00593162,-0.00694385,0E-8,0.000000,0.904604,0.002289,0.01846642,2026-03-22,2026-08-06,115,6001,2406,138,0.833333,1.330819,1.230659,1.009211,,,,,,,,GLOBAL_BASELINE_NO_ENTITY_RANKING,,,NOT_APPLICABLE_GLOBAL_BASELINE,HF9g-P5,,,,X 全窗基线 · 不参与实体赏罚,8399909,840,A168_HF9F_20260827_0900,2026-08-27 09:00:00
2026-05-08,36810153,2254,0,2.5207436194,2.3947064384,2.3947064384,1.0000000,1,1,0.50665070000000000,0.506650700000,0.9867858985152569,0.9867858985152569,0.9867858985152569,0E-17,ELIGIBLE,R03b_20260811_FULL_v1,L1_ELIGIBILITY,v2026-08-11,2026-03-21..2026-08-06,baccarat_bet02_101_all_pairs_incl_sentinel,round_win = game_pnl > 0 (decisive only),COMPATIBILITY_ONLY_NOT_PRODUCTION,81515.6139,73739.3596,483.5193,11361,11361,-0.00593162,0.00694385,-0.01152257,-0.00593162,-483.5193,81515.6139,OK,0.0000,19.3408,4.0000,96.0000,AG03-UNRESOLVED,ALL5_LEVELS_bet23_to_bet27,19.3408,19.3408,19.3408,24.1760,24.1760,4.000000,4.000000,4.000000,5.000000,5.000000,96.000000,96.000000,96.000000,95.000000,95.000000,5.0,106.3742,97.4416,377.1451,386.0777,PENDING_AG03,FALSE,NOT_FOR_ENFORCEMENT,464.1785,70789.7852,483.5193,464.1785,19.3408,0.00593162,0.00569435,19.3408,464.1785,0.00569435,19.3408,19.3408,19.3408,24.1760,24.1760,464.1785,0.00569435,106.3742,97.4416,377.1451,386.0777,0.00462666,0.00473624,0.00023726,7.1750,6.4906,0.0426,4.2045,0.0806,708.8314,98.7913,8.8300,6.6350,4.0407,4.4018,8.4329,14.3073,20.7715,40.8781,4.2012,0.0,4.718859,9.286678,1.630025,30,242,81,2,0.30276321,0.00593162,-0.00694385,0E-8,0.000000,0.904604,0.002289,0.01846642,2026-03-22,2026-08-06,115,6001,2406,138,0.833333,1.330819,1.230659,1.009211,,,,,,,,GLOBAL_BASELINE_NO_ENTITY_RANKING,,,NOT_APPLICABLE_GLOBAL_BASELINE,HF9g-P5,,,,X 全窗基线 · 不参与实体赏罚,8399910,840,A168_HF9F_20260827_0900,2026-08-27 09:00:00
2026-05-08,36810153,2258,0,4.6213633022,1.9955886987,1.9955886987,1.0000000,2,2,0.50665070000000000,0.506650700000,0.9867858985152569,0.9867858985152569,0.9867858985152569,0E-17,ELIGIBLE,R03b_20260811_FULL_v1,L1_ELIGIBILITY,v2026-08-11,2026-03-21..2026-08-06,baccarat_bet02_101_all_pairs_incl_sentinel,round_win = game_pnl > 0 (decisive only),COMPATIBILITY_ONLY_NOT_PRODUCTION,81515.6139,73739.3596,483.5193,11361,11361,-0.00593162,0.00694385,-0.01152257,-0.00593162,-483.5193,81515.6139,OK,0.0000,19.3408,4.0000,96.0000,AG03-UNRESOLVED,ALL5_LEVELS_bet23_to_bet27,19.3408,19.3408,19.3408,24.1760,24.1760,4.000000,4.000000,4.000000,5.000000,5.000000,96.000000,96.000000,96.000000,95.000000,95.000000,5.0,106.3742,97.4416,377.1451,386.0777,PENDING_AG03,FALSE,NOT_FOR_ENFORCEMENT,464.1785,70789.7852,483.5193,464.1785,19.3408,0.00593162,0.00569435,19.3408,464.1785,0.00569435,19.3408,19.3408,19.3408,24.1760,24.1760,464.1785,0.00569435,106.3742,97.4416,377.1451,386.0777,0.00462666,0.00473624,0.00023726,7.1750,6.4906,0.0426,4.2045,0.0806,708.8314,98.7913,8.8300,6.6350,4.0407,4.4018,8.4329,14.3073,20.7715,40.8781,4.2012,0.0,4.718859,9.286678,1.630025,30,242,81,2,0.30276321,0.00593162,-0.00694385,0E-8,0.000000,0.904604,0.002289,0.01846642,2026-03-22,2026-08-06,115,6001,2406,138,0.833333,1.330819,1.230659,1.009211,,,,,,,,GLOBAL_BASELINE_NO_ENTITY_RANKING,,,NOT_APPLICABLE_GLOBAL_BASELINE,HF9g-P5,,,,X 全窗基线 · 不参与实体赏罚,8399911,840,A168_HF9F_20260827_0900,2026-08-27 09:00:00
2026-05-08,36810153,550,0,2.5207436194,-2.5207436194,-2.5207436194,0E-7,1,1,0.50665070000000000,0.506650700000,-1.013391052207602,-1.013391052207602,-1.013391052207602,0E-17,ELIGIBLE,R03b_20260811_FULL_v1,L1_ELIGIBILITY,v2026-08-11,2026-03-21..2026-08-06,baccarat_bet02_101_all_pairs_incl_sentinel,round_win = game_pnl > 0 (decisive only),COMPATIBILITY_ONLY_NOT_PRODUCTION,81515.6139,73739.3596,483.5193,11361,11361,-0.00593162,0.00694385,-0.01152257,-0.00593162,-483.5193,81515.6139,OK,0.0000,19.3408,4.0000,96.0000,AG03-UNRESOLVED,ALL5_LEVELS_bet23_to_bet27,19.3408,19.3408,19.3408,24.1760,24.1760,4.000000,4.000000,4.000000,5.000000,5.000000,96.000000,96.000000,96.000000,95.000000,95.000000,5.0,106.3742,97.4416,377.1451,386.0777,PENDING_AG03,FALSE,NOT_FOR_ENFORCEMENT,464.1785,70789.7852,483.5193,464.1785,19.3408,0.00593162,0.00569435,19.3408,464.1785,0.00569435,19.3408,19.3408,19.3408,24.1760,24.1760,464.1785,0.00569435,106.3742,97.4416,377.1451,386.0777,0.00462666,0.00473624,0.00023726,7.1750,6.4906,0.0426,4.2045,0.0806,708.8314,98.7913,8.8300,6.6350,4.0407,4.4018,8.4329,14.3073,20.7715,40.8781,4.2012,0.0,4.718859,9.286678,1.630025,30,242,81,2,0.30276321,0.00593162,-0.00694385,0E-8,0.000000,0.904604,0.002289,0.01846642,2026-03-22,2026-08-06,115,6001,2406,138,0.833333,1.330819,1.230659,1.009211,,,,,,,,GLOBAL_BASELINE_NO_ENTITY_RANKING,,,NOT_APPLICABLE_GLOBAL_BASELINE,HF9g-P5,,,,X 全窗基线 · 不参与实体赏罚,8399912,840,A168_HF9F_20260827_0900,2026-08-27 09:00:00
2026-05-08,36810153,583,0,5.2515492070,4.0962083815,4.0962083815,1.0000000,3,3,0.50218230000000000,0.502182300000,1.4080544974538591,1.4080544974538591,1.4080544974538591,0E-17,ELIGIBLE,R03b_20260811_FULL_v1,L1_ELIGIBILITY,v2026-08-11,2026-03-21..2026-08-06,baccarat_bet02_101_all_pairs_incl_sentinel,round_win = game_pnl > 0 (decisive only),COMPATIBILITY_ONLY_NOT_PRODUCTION,81515.6139,73739.3596,483.5193,11361,11361,-0.00593162,0.00694385,-0.01152257,-0.00593162,-483.5193,81515.6139,OK,0.0000,19.3408,4.0000,96.0000,AG03-UNRESOLVED,ALL5_LEVELS_bet23_to_bet27,19.3408,19.3408,19.3408,24.1760,24.1760,4.000000,4.000000,4.000000,5.000000,5.000000,96.000000,96.000000,96.000000,95.000000,95.000000,5.0,106.3742,97.4416,377.1451,386.0777,PENDING_AG03,FALSE,NOT_FOR_ENFORCEMENT,464.1785,70789.7852,483.5193,464.1785,19.3408,0.00593162,0.00569435,19.3408,464.1785,0.00569435,19.3408,19.3408,19.3408,24.1760,24.1760,464.1785,0.00569435,106.3742,97.4416,377.1451,386.0777,0.00462666,0.00473624,0.00023726,7.1750,6.4906,0.0426,4.2045,0.0806,708.8314,98.7913,8.8300,6.6350,4.0407,4.4018,8.4329,14.3073,20.7715,40.8781,4.2012,0.0,4.718859,9.286678,1.630025,30,242,81,2,0.30276321,0.00593162,-0.00694385,0E-8,0.000000,0.904604,0.002289,0.01846642,2026-03-22,2026-08-06,115,6001,2406,138,0.833333,1.330819,1.230659,1.009211,,,,,,,,GLOBAL_BASELINE_NO_ENTITY_RANKING,,,NOT_APPLICABLE_GLOBAL_BASELINE,HF9g-P5,,,,X 全窗基线 · 不参与实体赏罚,8399913,840,A168_HF9F_20260827_0900,2026-08-27 09:00:00
2026-05-08,36810153,986,0,4.2012393656,-0.1050309841,-0.1050309841,0.5000000,2,2,0.49994810000000000,0.499948100000,0.00014679536856514622,0.00014679536856514622,0.00014679536856514622,0E-17,ELIGIBLE,R03b_20260811_FULL_v1,L1_ELIGIBILITY,v2026-08-11,2026-03-21..2026-08-06,baccarat_bet02_101_all_pairs_incl_sentinel,round_win = game_pnl > 0 (decisive only),COMPATIBILITY_ONLY_NOT_PRODUCTION,81515.6139,73739.3596,483.5193,11361,11361,-0.00593162,0.00694385,-0.01152257,-0.00593162,-483.5193,81515.6139,OK,0.0000,19.3408,4.0000,96.0000,AG03-UNRESOLVED,ALL5_LEVELS_bet23_to_bet27,19.3408,19.3408,19.3408,24.1760,24.1760,4.000000,4.000000,4.000000,5.000000,5.000000,96.000000,96.000000,96.000000,95.000000,95.000000,5.0,106.3742,97.4416,377.1451,386.0777,PENDING_AG03,FALSE,NOT_FOR_ENFORCEMENT,464.1785,70789.7852,483.5193,464.1785,19.3408,0.00593162,0.00569435,19.3408,464.1785,0.00569435,19.3408,19.3408,19.3408,24.1760,24.1760,464.1785,0.00569435,106.3742,97.4416,377.1451,386.0777,0.00462666,0.00473624,0.00023726,7.1750,6.4906,0.0426,4.2045,0.0806,708.8314,98.7913,8.8300,6.6350,4.0407,4.4018,8.4329,14.3073,20.7715,40.8781,4.2012,0.0,4.718859,9.286678,1.630025,30,242,81,2,0.30276321,0.00593162,-0.00694385,0E-8,0.000000,0.904604,0.002289,0.01846642,2026-03-22,2026-08-06,115,6001,2406,138,0.833333,1.330819,1.230659,1.009211,,,,,,,,GLOBAL_BASELINE_NO_ENTITY_RANKING,,,NOT_APPLICABLE_GLOBAL_BASELINE,HF9g-P5,,,,X 全窗基线 · 不参与实体赏罚,8399914,840,A168_HF9F_20260827_0900,2026-08-27 09:00:00
2026-05-09,36810153,-1,1,35.7105346076,-13.8115744144,-13.8115744144,0.3000000,11,11,0.50055742727272727,0.500557427273,-1.2684373319618214,-1.2684373319635474,-1.2684373319618214,-2.7273E-13,SENTINEL_DEALER,R03b_20260811_FULL_v1,L1_ELIGIBILITY,v2026-08-11,2026-03-21..2026-08-06,baccarat_bet02_101_all_pairs_incl_sentinel,round_win = game_pnl > 0 (decisive only),COMPATIBILITY_ONLY_NOT_PRODUCTION,81515.6139,73739.3596,483.5193,11361,11361,-0.00593162,0.00694385,-0.01152257,-0.00593162,-483.5193,81515.6139,OK,0.0000,19.3408,4.0000,96.0000,AG03-UNRESOLVED,ALL5_LEVELS_bet23_to_bet27,19.3408,19.3408,19.3408,24.1760,24.1760,4.000000,4.000000,4.000000,5.000000,5.000000,96.000000,96.000000,96.000000,95.000000,95.000000,5.0,106.3742,97.4416,377.1451,386.0777,PENDING_AG03,FALSE,NOT_FOR_ENFORCEMENT,464.1785,70789.7852,483.5193,464.1785,19.3408,0.00593162,0.00569435,19.3408,464.1785,0.00569435,19.3408,19.3408,19.3408,24.1760,24.1760,464.1785,0.00569435,106.3742,97.4416,377.1451,386.0777,0.00462666,0.00473624,0.00023726,7.1750,6.4906,0.0426,4.2045,0.0806,708.8314,98.7913,8.8300,6.6350,4.0407,4.4018,8.4329,14.3073,20.7715,40.8781,4.2012,0.0,4.718859,9.286678,1.630025,30,242,81,2,0.30276321,0.00593162,-0.00694385,0E-8,0.000000,0.904604,0.002289,0.01846642,2026-03-22,2026-08-06,115,6001,2406,138,0.833333,1.330819,1.230659,1.009211,,,,,,,,GLOBAL_BASELINE_NO_ENTITY_RANKING,,,NOT_APPLICABLE_GLOBAL_BASELINE,HF9g-P5,,,,X 全窗基线 · 不参与实体赏罚,8399915,840,A168_HF9F_20260827_0900,2026-08-27 09:00:00
2026-05-09,36810153,1078,0,2.7308055876,2.5942653083,2.5942653083,1.0000000,1,1,0.50665070000000000,0.506650700000,0.9867858985152569,0.9867858985152569,0.9867858985152569,0E-17,ELIGIBLE,R03b_20260811_FULL_v1,L1_ELIGIBILITY,v2026-08-11,2026-03-21..2026-08-06,baccarat_bet02_101_all_pairs_incl_sentinel,round_win = game_pnl > 0 (decisive only),COMPATIBILITY_ONLY_NOT_PRODUCTION,81515.6139,73739.3596,483.5193,11361,11361,-0.00593162,0.00694385,-0.01152257,-0.00593162,-483.5193,81515.6139,OK,0.0000,19.3408,4.0000,96.0000,AG03-UNRESOLVED,ALL5_LEVELS_bet23_to_bet27,19.3408,19.3408,19.3408,24.1760,24.1760,4.000000,4.000000,4.000000,5.000000,5.000000,96.000000,96.000000,96.000000,95.000000,95.000000,5.0,106.3742,97.4416,377.1451,386.0777,PENDING_AG03,FALSE,NOT_FOR_ENFORCEMENT,464.1785,70789.7852,483.5193,464.1785,19.3408,0.00593162,0.00569435,19.3408,464.1785,0.00569435,19.3408,19.3408,19.3408,24.1760,24.1760,464.1785,0.00569435,106.3742,97.4416,377.1451,386.0777,0.00462666,0.00473624,0.00023726,7.1750,6.4906,0.0426,4.2045,0.0806,708.8314,98.7913,8.8300,6.6350,4.0407,4.4018,8.4329,14.3073,20.7715,40.8781,4.2012,0.0,4.718859,9.286678,1.630025,30,242,81,2,0.30276321,0.00593162,-0.00694385,0E-8,0.000000,0.904604,0.002289,0.01846642,2026-03-22,2026-08-06,115,6001,2406,138,0.833333,1.330819,1.230659,1.009211,,,,,,,,GLOBAL_BASELINE_NO_ENTITY_RANKING,,,NOT_APPLICABLE_GLOBAL_BASELINE,HF9g-P5,,,,X 全窗基线 · 不参与实体赏罚,8399916,840,A168_HF9F_20260827_0900,2026-08-27 09:00:00
2026-05-09,36810153,1115,0,1.4704337780,0E-10,0E-10,,1,1,0.49324550000000000,0.493245500000,,,,0E-17,NO_DECISIVE_ROUND,R03b_20260811_FULL_v1,L1_ELIGIBILITY,v2026-08-11,2026-03-21..2026-08-06,baccarat_bet02_101_all_pairs_incl_sentinel,round_win = game_pnl > 0 (decisive only),COMPATIBILITY_ONLY_NOT_PRODUCTION,81515.6139,73739.3596,483.5193,11361,11361,-0.00593162,0.00694385,-0.01152257,-0.00593162,-483.5193,81515.6139,OK,0.0000,19.3408,4.0000,96.0000,AG03-UNRESOLVED,ALL5_LEVELS_bet23_to_bet27,19.3408,19.3408,19.3408,24.1760,24.1760,4.000000,4.000000,4.000000,5.000000,5.000000,96.000000,96.000000,96.000000,95.000000,95.000000,5.0,106.3742,97.4416,377.1451,386.0777,PENDING_AG03,FALSE,NOT_FOR_ENFORCEMENT,464.1785,70789.7852,483.5193,464.1785,19.3408,0.00593162,0.00569435,19.3408,464.1785,0.00569435,19.3408,19.3408,19.3408,24.1760,24.1760,464.1785,0.00569435,106.3742,97.4416,377.1451,386.0777,0.00462666,0.00473624,0.00023726,7.1750,6.4906,0.0426,4.2045,0.0806,708.8314,98.7913,8.8300,6.6350,4.0407,4.4018,8.4329,14.3073,20.7715,40.8781,4.2012,0.0,4.718859,9.286678,1.630025,30,242,81,2,0.30276321,0.00593162,-0.00694385,0E-8,0.000000,0.904604,0.002289,0.01846642,2026-03-22,2026-08-06,115,6001,2406,138,0.833333,1.330819,1.230659,1.009211,,,,,,,,GLOBAL_BASELINE_NO_ENTITY_RANKING,,,NOT_APPLICABLE_GLOBAL_BASELINE,HF9g-P5,,,,X 全窗基线 · 不参与实体赏罚,8399917,840,A168_HF9F_20260827_0900,2026-08-27 09:00:00
2026-05-09,36810153,1205,0,3.7811154290,3.7811154290,3.7811154290,1.0000000,2,2,0.49324550000000000,0.493245500000,1.4334489766152358,1.4334489766152358,1.4334489766152358,0E-17,ELIGIBLE,R03b_20260811_FULL_v1,L1_ELIGIBILITY,v2026-08-11,2026-03-21..2026-08-06,baccarat_bet02_101_all_pairs_incl_sentinel,round_win = game_pnl > 0 (decisive only),COMPATIBILITY_ONLY_NOT_PRODUCTION,81515.6139,73739.3596,483.5193,11361,11361,-0.00593162,0.00694385,-0.01152257,-0.00593162,-483.5193,81515.6139,OK,0.0000,19.3408,4.0000,96.0000,AG03-UNRESOLVED,ALL5_LEVELS_bet23_to_bet27,19.3408,19.3408,19.3408,24.1760,24.1760,4.000000,4.000000,4.000000,5.000000,5.000000,96.000000,96.000000,96.000000,95.000000,95.000000,5.0,106.3742,97.4416,377.1451,386.0777,PENDING_AG03,FALSE,NOT_FOR_ENFORCEMENT,464.1785,70789.7852,483.5193,464.1785,19.3408,0.00593162,0.00569435,19.3408,464.1785,0.00569435,19.3408,19.3408,19.3408,24.1760,24.1760,464.1785,0.00569435,106.3742,97.4416,377.1451,386.0777,0.00462666,0.00473624,0.00023726,7.1750,6.4906,0.0426,4.2045,0.0806,708.8314,98.7913,8.8300,6.6350,4.0407,4.4018,8.4329,14.3073,20.7715,40.8781,4.2012,0.0,4.718859,9.286678,1.630025,30,242,81,2,0.30276321,0.00593162,-0.00694385,0E-8,0.000000,0.904604,0.002289,0.01846642,2026-03-22,2026-08-06,115,6001,2406,138,0.833333,1.330819,1.230659,1.009211,,,,,,,,GLOBAL_BASELINE_NO_ENTITY_RANKING,,,NOT_APPLICABLE_GLOBAL_BASELINE,HF9g-P5,,,,X 全窗基线 · 不参与实体赏罚,8399918,840,A168_HF9F_20260827_0900,2026-08-27 09:00:00
2026-05-09,36810153,1323,0,2.1006196828,-2.1006196828,-2.1006196828,0E-7,1,1,0.50665070000000000,0.506650700000,-1.013391052207602,-1.013391052207602,-1.013391052207602,0E-17,ELIGIBLE,R03b_20260811_FULL_v1,L1_ELIGIBILITY,v2026-08-11,2026-03-21..2026-08-06,baccarat_bet02_101_all_pairs_incl_sentinel,round_win = game_pnl > 0 (decisive only),COMPATIBILITY_ONLY_NOT_PRODUCTION,81515.6139,73739.3596,483.5193,11361,11361,-0.00593162,0.00694385,-0.01152257,-0.00593162,-483.5193,81515.6139,OK,0.0000,19.3408,4.0000,96.0000,AG03-UNRESOLVED,ALL5_LEVELS_bet23_to_bet27,19.3408,19.3408,19.3408,24.1760,24.1760,4.000000,4.000000,4.000000,5.000000,5.000000,96.000000,96.000000,96.000000,95.000000,95.000000,5.0,106.3742,97.4416,377.1451,386.0777,PENDING_AG03,FALSE,NOT_FOR_ENFORCEMENT,464.1785,70789.7852,483.5193,464.1785,19.3408,0.00593162,0.00569435,19.3408,464.1785,0.00569435,19.3408,19.3408,19.3408,24.1760,24.1760,464.1785,0.00569435,106.3742,97.4416,377.1451,386.0777,0.00462666,0.00473624,0.00023726,7.1750,6.4906,0.0426,4.2045,0.0806,708.8314,98.7913,8.8300,6.6350,4.0407,4.4018,8.4329,14.3073,20.7715,40.8781,4.2012,0.0,4.718859,9.286678,1.630025,30,242,81,2,0.30276321,0.00593162,-0.00694385,0E-8,0.000000,0.904604,0.002289,0.01846642,2026-03-22,2026-08-06,115,6001,2406,138,0.833333,1.330819,1.230659,1.009211,,,,,,,,GLOBAL_BASELINE_NO_ENTITY_RANKING,,,NOT_APPLICABLE_GLOBAL_BASELINE,HF9g-P5,,,,X 全窗基线 · 不参与实体赏罚,8399919,840,A168_HF9F_20260827_0900,2026-08-27 09:00:00
2026-05-09,36810153,1385,0,5.0414872387,-0.8402478731,-0.8402478731,0.5000000,2,2,0.49994810000000000,0.499948100000,0.00014679536856514622,0.00014679536856514622,0.00014679536856514622,0E-17,ELIGIBLE,R03b_20260811_FULL_v1,L1_ELIGIBILITY,v2026-08-11,2026-03-21..2026-08-06,baccarat_bet02_101_all_pairs_incl_sentinel,round_win = game_pnl > 0 (decisive only),COMPATIBILITY_ONLY_NOT_PRODUCTION,81515.6139,73739.3596,483.5193,11361,11361,-0.00593162,0.00694385,-0.01152257,-0.00593162,-483.5193,81515.6139,OK,0.0000,19.3408,4.0000,96.0000,AG03-UNRESOLVED,ALL5_LEVELS_bet23_to_bet27,19.3408,19.3408,19.3408,24.1760,24.1760,4.000000,4.000000,4.000000,5.000000,5.000000,96.000000,96.000000,96.000000,95.000000,95.000000,5.0,106.3742,97.4416,377.1451,386.0777,PENDING_AG03,FALSE,NOT_FOR_ENFORCEMENT,464.1785,70789.7852,483.5193,464.1785,19.3408,0.00593162,0.00569435,19.3408,464.1785,0.00569435,19.3408,19.3408,19.3408,24.1760,24.1760,464.1785,0.00569435,106.3742,97.4416,377.1451,386.0777,0.00462666,0.00473624,0.00023726,7.1750,6.4906,0.0426,4.2045,0.0806,708.8314,98.7913,8.8300,6.6350,4.0407,4.4018,8.4329,14.3073,20.7715,40.8781,4.2012,0.0,4.718859,9.286678,1.630025,30,242,81,2,0.30276321,0.00593162,-0.00694385,0E-8,0.000000,0.904604,0.002289,0.01846642,2026-03-22,2026-08-06,115,6001,2406,138,0.833333,1.330819,1.230659,1.009211,,,,,,,,GLOBAL_BASELINE_NO_ENTITY_RANKING,,,NOT_APPLICABLE_GLOBAL_BASELINE,HF9g-P5,,,,X 全窗基线 · 不参与实体赏罚,8399920,840,A168_HF9F_20260827_0900,2026-08-27 09:00:00
2026-05-09,36810153,1645,0,5.2515492070,-1.0503098414,-1.0503098414,0.5000000,2,2,0.49994810000000000,0.499948100000,0.00014679536856514622,0.00014679536856514622,0.00014679536856514622,0E-17,ELIGIBLE,R03b_20260811_FULL_v1,L1_ELIGIBILITY,v2026-08-11,2026-03-21..2026-08-06,baccarat_bet02_101_all_pairs_incl_sentinel,round_win = game_pnl > 0 (decisive only),COMPATIBILITY_ONLY_NOT_PRODUCTION,81515.6139,73739.3596,483.5193,11361,11361,-0.00593162,0.00694385,-0.01152257,-0.00593162,-483.5193,81515.6139,OK,0.0000,19.3408,4.0000,96.0000,AG03-UNRESOLVED,ALL5_LEVELS_bet23_to_bet27,19.3408,19.3408,19.3408,24.1760,24.1760,4.000000,4.000000,4.000000,5.000000,5.000000,96.000000,96.000000,96.000000,95.000000,95.000000,5.0,106.3742,97.4416,377.1451,386.0777,PENDING_AG03,FALSE,NOT_FOR_ENFORCEMENT,464.1785,70789.7852,483.5193,464.1785,19.3408,0.00593162,0.00569435,19.3408,464.1785,0.00569435,19.3408,19.3408,19.3408,24.1760,24.1760,464.1785,0.00569435,106.3742,97.4416,377.1451,386.0777,0.00462666,0.00473624,0.00023726,7.1750,6.4906,0.0426,4.2045,0.0806,708.8314,98.7913,8.8300,6.6350,4.0407,4.4018,8.4329,14.3073,20.7715,40.8781,4.2012,0.0,4.718859,9.286678,1.630025,30,242,81,2,0.30276321,0.00593162,-0.00694385,0E-8,0.000000,0.904604,0.002289,0.01846642,2026-03-22,2026-08-06,115,6001,2406,138,0.833333,1.330819,1.230659,1.009211,,,,,,,,GLOBAL_BASELINE_NO_ENTITY_RANKING,,,NOT_APPLICABLE_GLOBAL_BASELINE,HF9g-P5,,,,X 全窗基线 · 不参与实体赏罚,8399921,840,A168_HF9F_20260827_0900,2026-08-27 09:00:00
2026-05-09,36810153,1710,0,6.3018590484,-2.2056506669,-2.2056506669,0.5000000,2,2,0.50665070000000000,0.506650700000,-0.018812684590367487,-0.018812684590367487,-0.018812684590367487,0E-17,ELIGIBLE,R03b_20260811_FULL_v1,L1_ELIGIBILITY,v2026-08-11,2026-03-21..2026-08-06,baccarat_bet02_101_all_pairs_incl_sentinel,round_win = game_pnl > 0 (decisive only),COMPATIBILITY_ONLY_NOT_PRODUCTION,81515.6139,73739.3596,483.5193,11361,11361,-0.00593162,0.00694385,-0.01152257,-0.00593162,-483.5193,81515.6139,OK,0.0000,19.3408,4.0000,96.0000,AG03-UNRESOLVED,ALL5_LEVELS_bet23_to_bet27,19.3408,19.3408,19.3408,24.1760,24.1760,4.000000,4.000000,4.000000,5.000000,5.000000,96.000000,96.000000,96.000000,95.000000,95.000000,5.0,106.3742,97.4416,377.1451,386.0777,PENDING_AG03,FALSE,NOT_FOR_ENFORCEMENT,464.1785,70789.7852,483.5193,464.1785,19.3408,0.00593162,0.00569435,19.3408,464.1785,0.00569435,19.3408,19.3408,19.3408,24.1760,24.1760,464.1785,0.00569435,106.3742,97.4416,377.1451,386.0777,0.00462666,0.00473624,0.00023726,7.1750,6.4906,0.0426,4.2045,0.0806,708.8314,98.7913,8.8300,6.6350,4.0407,4.4018,8.4329,14.3073,20.7715,40.8781,4.2012,0.0,4.718859,9.286678,1.630025,30,242,81,2,0.30276321,0.00593162,-0.00694385,0E-8,0.000000,0.904604,0.002289,0.01846642,2026-03-22,2026-08-06,115,6001,2406,138,0.833333,1.330819,1.230659,1.009211,,,,,,,,GLOBAL_BASELINE_NO_ENTITY_RANKING,,,NOT_APPLICABLE_GLOBAL_BASELINE,HF9g-P5,,,,X 全窗基线 · 不参与实体赏罚,8399922,840,A168_HF9F_20260827_0900,2026-08-27 09:00:00
2026-05-09,36810153,1942,0,2.9408675559,-2.9408675559,-2.9408675559,0E-7,1,1,0.50665070000000000,0.506650700000,-1.013391052207602,-1.013391052207602,-1.013391052207602,0E-17,ELIGIBLE,R03b_20260811_FULL_v1,L1_ELIGIBILITY,v2026-08-11,2026-03-21..2026-08-06,baccarat_bet02_101_all_pairs_incl_sentinel,round_win = game_pnl > 0 (decisive only),COMPATIBILITY_ONLY_NOT_PRODUCTION,81515.6139,73739.3596,483.5193,11361,11361,-0.00593162,0.00694385,-0.01152257,-0.00593162,-483.5193,81515.6139,OK,0.0000,19.3408,4.0000,96.0000,AG03-UNRESOLVED,ALL5_LEVELS_bet23_to_bet27,19.3408,19.3408,19.3408,24.1760,24.1760,4.000000,4.000000,4.000000,5.000000,5.000000,96.000000,96.000000,96.000000,95.000000,95.000000,5.0,106.3742,97.4416,377.1451,386.0777,PENDING_AG03,FALSE,NOT_FOR_ENFORCEMENT,464.1785,70789.7852,483.5193,464.1785,19.3408,0.00593162,0.00569435,19.3408,464.1785,0.00569435,19.3408,19.3408,19.3408,24.1760,24.1760,464.1785,0.00569435,106.3742,97.4416,377.1451,386.0777,0.00462666,0.00473624,0.00023726,7.1750,6.4906,0.0426,4.2045,0.0806,708.8314,98.7913,8.8300,6.6350,4.0407,4.4018,8.4329,14.3073,20.7715,40.8781,4.2012,0.0,4.718859,9.286678,1.630025,30,242,81,2,0.30276321,0.00593162,-0.00694385,0E-8,0.000000,0.904604,0.002289,0.01846642,2026-03-22,2026-08-06,115,6001,2406,138,0.833333,1.330819,1.230659,1.009211,,,,,,,,GLOBAL_BASELINE_NO_ENTITY_RANKING,,,NOT_APPLICABLE_GLOBAL_BASELINE,HF9g-P5,,,,X 全窗基线 · 不参与实体赏罚,8399923,840,A168_HF9F_20260827_0900,2026-08-27 09:00:00
2026-05-09,36810153,2093,0,3.9911773973,-3.9911773973,-3.9911773973,0E-7,2,2,0.50665070000000000,0.506650700000,-1.4331513700195317,-1.4331513700195317,-1.4331513700195317,0E-17,ELIGIBLE,R03b_20260811_FULL_v1,L1_ELIGIBILITY,v2026-08-11,2026-03-21..2026-08-06,baccarat_bet02_101_all_pairs_incl_sentinel,round_win = game_pnl > 0 (decisive only),COMPATIBILITY_ONLY_NOT_PRODUCTION,81515.6139,73739.3596,483.5193,11361,11361,-0.00593162,0.00694385,-0.01152257,-0.00593162,-483.5193,81515.6139,OK,0.0000,19.3408,4.0000,96.0000,AG03-UNRESOLVED,ALL5_LEVELS_bet23_to_bet27,19.3408,19.3408,19.3408,24.1760,24.1760,4.000000,4.000000,4.000000,5.000000,5.000000,96.000000,96.000000,96.000000,95.000000,95.000000,5.0,106.3742,97.4416,377.1451,386.0777,PENDING_AG03,FALSE,NOT_FOR_ENFORCEMENT,464.1785,70789.7852,483.5193,464.1785,19.3408,0.00593162,0.00569435,19.3408,464.1785,0.00569435,19.3408,19.3408,19.3408,24.1760,24.1760,464.1785,0.00569435,106.3742,97.4416,377.1451,386.0777,0.00462666,0.00473624,0.00023726,7.1750,6.4906,0.0426,4.2045,0.0806,708.8314,98.7913,8.8300,6.6350,4.0407,4.4018,8.4329,14.3073,20.7715,40.8781,4.2012,0.0,4.718859,9.286678,1.630025,30,242,81,2,0.30276321,0.00593162,-0.00694385,0E-8,0.000000,0.904604,0.002289,0.01846642,2026-03-22,2026-08-06,115,6001,2406,138,0.833333,1.330819,1.230659,1.009211,,,,,,,,GLOBAL_BASELINE_NO_ENTITY_RANKING,,,NOT_APPLICABLE_GLOBAL_BASELINE,HF9g-P5,,,,X 全窗基线 · 不参与实体赏罚,8399924,840,A168_HF9F_20260827_0900,2026-08-27 09:00:00
2026-05-09,36810153,2167,0,1.4704337780,1.3969120891,1.3969120891,1.0000000,1,1,0.50665070000000000,0.506650700000,0.9867858985152569,0.9867858985152569,0.9867858985152569,0E-17,ELIGIBLE,R03b_20260811_FULL_v1,L1_ELIGIBILITY,v2026-08-11,2026-03-21..2026-08-06,baccarat_bet02_101_all_pairs_incl_sentinel,round_win = game_pnl > 0 (decisive only),COMPATIBILITY_ONLY_NOT_PRODUCTION,81515.6139,73739.3596,483.5193,11361,11361,-0.00593162,0.00694385,-0.01152257,-0.00593162,-483.5193,81515.6139,OK,0.0000,19.3408,4.0000,96.0000,AG03-UNRESOLVED,ALL5_LEVELS_bet23_to_bet27,19.3408,19.3408,19.3408,24.1760,24.1760,4.000000,4.000000,4.000000,5.000000,5.000000,96.000000,96.000000,96.000000,95.000000,95.000000,5.0,106.3742,97.4416,377.1451,386.0777,PENDING_AG03,FALSE,NOT_FOR_ENFORCEMENT,464.1785,70789.7852,483.5193,464.1785,19.3408,0.00593162,0.00569435,19.3408,464.1785,0.00569435,19.3408,19.3408,19.3408,24.1760,24.1760,464.1785,0.00569435,106.3742,97.4416,377.1451,386.0777,0.00462666,0.00473624,0.00023726,7.1750,6.4906,0.0426,4.2045,0.0806,708.8314,98.7913,8.8300,6.6350,4.0407,4.4018,8.4329,14.3073,20.7715,40.8781,4.2012,0.0,4.718859,9.286678,1.630025,30,242,81,2,0.30276321,0.00593162,-0.00694385,0E-8,0.000000,0.904604,0.002289,0.01846642,2026-03-22,2026-08-06,115,6001,2406,138,0.833333,1.330819,1.230659,1.009211,,,,,,,,GLOBAL_BASELINE_NO_ENTITY_RANKING,,,NOT_APPLICABLE_GLOBAL_BASELINE,HF9g-P5,,,,X 全窗基线 · 不参与实体赏罚,8399925,840,A168_HF9F_20260827_0900,2026-08-27 09:00:00
2026-05-09,36810153,2169,0,1.4704337780,0E-10,0E-10,,1,1,0.49324550000000000,0.493245500000,,,,0E-17,NO_DECISIVE_ROUND,R03b_20260811_FULL_v1,L1_ELIGIBILITY,v2026-08-11,2026-03-21..2026-08-06,baccarat_bet02_101_all_pairs_incl_sentinel,round_win = game_pnl > 0 (decisive only),COMPATIBILITY_ONLY_NOT_PRODUCTION,81515.6139,73739.3596,483.5193,11361,11361,-0.00593162,0.00694385,-0.01152257,-0.00593162,-483.5193,81515.6139,OK,0.0000,19.3408,4.0000,96.0000,AG03-UNRESOLVED,ALL5_LEVELS_bet23_to_bet27,19.3408,19.3408,19.3408,24.1760,24.1760,4.000000,4.000000,4.000000,5.000000,5.000000,96.000000,96.000000,96.000000,95.000000,95.000000,5.0,106.3742,97.4416,377.1451,386.0777,PENDING_AG03,FALSE,NOT_FOR_ENFORCEMENT,464.1785,70789.7852,483.5193,464.1785,19.3408,0.00593162,0.00569435,19.3408,464.1785,0.00569435,19.3408,19.3408,19.3408,24.1760,24.1760,464.1785,0.00569435,106.3742,97.4416,377.1451,386.0777,0.00462666,0.00473624,0.00023726,7.1750,6.4906,0.0426,4.2045,0.0806,708.8314,98.7913,8.8300,6.6350,4.0407,4.4018,8.4329,14.3073,20.7715,40.8781,4.2012,0.0,4.718859,9.286678,1.630025,30,242,81,2,0.30276321,0.00593162,-0.00694385,0E-8,0.000000,0.904604,0.002289,0.01846642,2026-03-22,2026-08-06,115,6001,2406,138,0.833333,1.330819,1.230659,1.009211,,,,,,,,GLOBAL_BASELINE_NO_ENTITY_RANKING,,,NOT_APPLICABLE_GLOBAL_BASELINE,HF9g-P5,,,,X 全窗基线 · 不参与实体赏罚,8399926,840,A168_HF9F_20260827_0900,2026-08-27 09:00:00
2026-05-09,36810153,2196,0,4.2012393656,-4.2012393656,-4.2012393656,0E-7,1,1,0.50665070000000000,0.506650700000,-1.013391052207602,-1.013391052207602,-1.013391052207602,0E-17,ELIGIBLE,R03b_20260811_FULL_v1,L1_ELIGIBILITY,v2026-08-11,2026-03-21..2026-08-06,baccarat_bet02_101_all_pairs_incl_sentinel,round_win = game_pnl > 0 (decisive only),COMPATIBILITY_ONLY_NOT_PRODUCTION,81515.6139,73739.3596,483.5193,11361,11361,-0.00593162,0.00694385,-0.01152257,-0.00593162,-483.5193,81515.6139,OK,0.0000,19.3408,4.0000,96.0000,AG03-UNRESOLVED,ALL5_LEVELS_bet23_to_bet27,19.3408,19.3408,19.3408,24.1760,24.1760,4.000000,4.000000,4.000000,5.000000,5.000000,96.000000,96.000000,96.000000,95.000000,95.000000,5.0,106.3742,97.4416,377.1451,386.0777,PENDING_AG03,FALSE,NOT_FOR_ENFORCEMENT,464.1785,70789.7852,483.5193,464.1785,19.3408,0.00593162,0.00569435,19.3408,464.1785,0.00569435,19.3408,19.3408,19.3408,24.1760,24.1760,464.1785,0.00569435,106.3742,97.4416,377.1451,386.0777,0.00462666,0.00473624,0.00023726,7.1750,6.4906,0.0426,4.2045,0.0806,708.8314,98.7913,8.8300,6.6350,4.0407,4.4018,8.4329,14.3073,20.7715,40.8781,4.2012,0.0,4.718859,9.286678,1.630025,30,242,81,2,0.30276321,0.00593162,-0.00694385,0E-8,0.000000,0.904604,0.002289,0.01846642,2026-03-22,2026-08-06,115,6001,2406,138,0.833333,1.330819,1.230659,1.009211,,,,,,,,GLOBAL_BASELINE_NO_ENTITY_RANKING,,,NOT_APPLICABLE_GLOBAL_BASELINE,HF9g-P5,,,,X 全窗基线 · 不参与实体赏罚,8399927,840,A168_HF9F_20260827_0900,2026-08-27 09:00:00
2026-05-09,36810153,2212,0,3.1509295242,-3.1509295242,-3.1509295242,0E-7,2,2,0.50665070000000000,0.506650700000,-1.4331513700195317,-1.4331513700195317,-1.4331513700195317,0E-17,ELIGIBLE,R03b_20260811_FULL_v1,L1_ELIGIBILITY,v2026-08-11,2026-03-21..2026-08-06,baccarat_bet02_101_all_pairs_incl_sentinel,round_win = game_pnl > 0 (decisive only),COMPATIBILITY_ONLY_NOT_PRODUCTION,81515.6139,73739.3596,483.5193,11361,11361,-0.00593162,0.00694385,-0.01152257,-0.00593162,-483.5193,81515.6139,OK,0.0000,19.3408,4.0000,96.0000,AG03-UNRESOLVED,ALL5_LEVELS_bet23_to_bet27,19.3408,19.3408,19.3408,24.1760,24.1760,4.000000,4.000000,4.000000,5.000000,5.000000,96.000000,96.000000,96.000000,95.000000,95.000000,5.0,106.3742,97.4416,377.1451,386.0777,PENDING_AG03,FALSE,NOT_FOR_ENFORCEMENT,464.1785,70789.7852,483.5193,464.1785,19.3408,0.00593162,0.00569435,19.3408,464.1785,0.00569435,19.3408,19.3408,19.3408,24.1760,24.1760,464.1785,0.00569435,106.3742,97.4416,377.1451,386.0777,0.00462666,0.00473624,0.00023726,7.1750,6.4906,0.0426,4.2045,0.0806,708.8314,98.7913,8.8300,6.6350,4.0407,4.4018,8.4329,14.3073,20.7715,40.8781,4.2012,0.0,4.718859,9.286678,1.630025,30,242,81,2,0.30276321,0.00593162,-0.00694385,0E-8,0.000000,0.904604,0.002289,0.01846642,2026-03-22,2026-08-06,115,6001,2406,138,0.833333,1.330819,1.230659,1.009211,,,,,,,,GLOBAL_BASELINE_NO_ENTITY_RANKING,,,NOT_APPLICABLE_GLOBAL_BASELINE,HF9g-P5,,,,X 全窗基线 · 不参与实体赏罚,8399928,840,A168_HF9F_20260827_0900,2026-08-27 09:00:00
2026-05-09,36810153,2233,0,11.1332843188,-7.0370759373,-7.0370759373,0.3333333,3,3,0.50665070000000000,0.506650700000,-0.6004420894325239,-0.6004420894325239,-0.6004420894325239,0E-17,ELIGIBLE,R03b_20260811_FULL_v1,L1_ELIGIBILITY,v2026-08-11,2026-03-21..2026-08-06,baccarat_bet02_101_all_pairs_incl_sentinel,round_win = game_pnl > 0 (decisive only),COMPATIBILITY_ONLY_NOT_PRODUCTION,81515.6139,73739.3596,483.5193,11361,11361,-0.00593162,0.00694385,-0.01152257,-0.00593162,-483.5193,81515.6139,OK,0.0000,19.3408,4.0000,96.0000,AG03-UNRESOLVED,ALL5_LEVELS_bet23_to_bet27,19.3408,19.3408,19.3408,24.1760,24.1760,4.000000,4.000000,4.000000,5.000000,5.000000,96.000000,96.000000,96.000000,95.000000,95.000000,5.0,106.3742,97.4416,377.1451,386.0777,PENDING_AG03,FALSE,NOT_FOR_ENFORCEMENT,464.1785,70789.7852,483.5193,464.1785,19.3408,0.00593162,0.00569435,19.3408,464.1785,0.00569435,19.3408,19.3408,19.3408,24.1760,24.1760,464.1785,0.00569435,106.3742,97.4416,377.1451,386.0777,0.00462666,0.00473624,0.00023726,7.1750,6.4906,0.0426,4.2045,0.0806,708.8314,98.7913,8.8300,6.6350,4.0407,4.4018,8.4329,14.3073,20.7715,40.8781,4.2012,0.0,4.718859,9.286678,1.630025,30,242,81,2,0.30276321,0.00593162,-0.00694385,0E-8,0.000000,0.904604,0.002289,0.01846642,2026-03-22,2026-08-06,115,6001,2406,138,0.833333,1.330819,1.230659,1.009211,,,,,,,,GLOBAL_BASELINE_NO_ENTITY_RANKING,,,NOT_APPLICABLE_GLOBAL_BASELINE,HF9g-P5,,,,X 全窗基线 · 不参与实体赏罚,8399929,840,A168_HF9F_20260827_0900,2026-08-27 09:00:00
2026-05-09,36810153,2234,0,2.1006196828,2.1006196828,2.1006196828,1.0000000,1,1,0.49324550000000000,0.493245500000,1.01360149184955,1.01360149184955,1.01360149184955,0E-17,ELIGIBLE,R03b_20260811_FULL_v1,L1_ELIGIBILITY,v2026-08-11,2026-03-21..2026-08-06,baccarat_bet02_101_all_pairs_incl_sentinel,round_win = game_pnl > 0 (decisive only),COMPATIBILITY_ONLY_NOT_PRODUCTION,81515.6139,73739.3596,483.5193,11361,11361,-0.00593162,0.00694385,-0.01152257,-0.00593162,-483.5193,81515.6139,OK,0.0000,19.3408,4.0000,96.0000,AG03-UNRESOLVED,ALL5_LEVELS_bet23_to_bet27,19.3408,19.3408,19.3408,24.1760,24.1760,4.000000,4.000000,4.000000,5.000000,5.000000,96.000000,96.000000,96.000000,95.000000,95.000000,5.0,106.3742,97.4416,377.1451,386.0777,PENDING_AG03,FALSE,NOT_FOR_ENFORCEMENT,464.1785,70789.7852,483.5193,464.1785,19.3408,0.00593162,0.00569435,19.3408,464.1785,0.00569435,19.3408,19.3408,19.3408,24.1760,24.1760,464.1785,0.00569435,106.3742,97.4416,377.1451,386.0777,0.00462666,0.00473624,0.00023726,7.1750,6.4906,0.0426,4.2045,0.0806,708.8314,98.7913,8.8300,6.6350,4.0407,4.4018,8.4329,14.3073,20.7715,40.8781,4.2012,0.0,4.718859,9.286678,1.630025,30,242,81,2,0.30276321,0.00593162,-0.00694385,0E-8,0.000000,0.904604,0.002289,0.01846642,2026-03-22,2026-08-06,115,6001,2406,138,0.833333,1.330819,1.230659,1.009211,,,,,,,,GLOBAL_BASELINE_NO_ENTITY_RANKING,,,NOT_APPLICABLE_GLOBAL_BASELINE,HF9g-P5,,,,X 全窗基线 · 不参与实体赏罚,8399930,840,A168_HF9F_20260827_0900,2026-08-27 09:00:00
2026-05-09,36810153,2239,0,5.2515492070,-5.2515492070,-5.2515492070,0E-7,2,2,0.49994810000000000,0.499948100000,-1.4140667746232096,-1.4140667746232096,-1.4140667746232096,0E-17,ELIGIBLE,R03b_20260811_FULL_v1,L1_ELIGIBILITY,v2026-08-11,2026-03-21..2026-08-06,baccarat_bet02_101_all_pairs_incl_sentinel,round_win = game_pnl > 0 (decisive only),COMPATIBILITY_ONLY_NOT_PRODUCTION,81515.6139,73739.3596,483.5193,11361,11361,-0.00593162,0.00694385,-0.01152257,-0.00593162,-483.5193,81515.6139,OK,0.0000,19.3408,4.0000,96.0000,AG03-UNRESOLVED,ALL5_LEVELS_bet23_to_bet27,19.3408,19.3408,19.3408,24.1760,24.1760,4.000000,4.000000,4.000000,5.000000,5.000000,96.000000,96.000000,96.000000,95.000000,95.000000,5.0,106.3742,97.4416,377.1451,386.0777,PENDING_AG03,FALSE,NOT_FOR_ENFORCEMENT,464.1785,70789.7852,483.5193,464.1785,19.3408,0.00593162,0.00569435,19.3408,464.1785,0.00569435,19.3408,19.3408,19.3408,24.1760,24.1760,464.1785,0.00569435,106.3742,97.4416,377.1451,386.0777,0.00462666,0.00473624,0.00023726,7.1750,6.4906,0.0426,4.2045,0.0806,708.8314,98.7913,8.8300,6.6350,4.0407,4.4018,8.4329,14.3073,20.7715,40.8781,4.2012,0.0,4.718859,9.286678,1.630025,30,242,81,2,0.30276321,0.00593162,-0.00694385,0E-8,0.000000,0.904604,0.002289,0.01846642,2026-03-22,2026-08-06,115,6001,2406,138,0.833333,1.330819,1.230659,1.009211,,,,,,,,GLOBAL_BASELINE_NO_ENTITY_RANKING,,,NOT_APPLICABLE_GLOBAL_BASELINE,HF9g-P5,,,,X 全窗基线 · 不参与实体赏罚,8399931,840,A168_HF9F_20260827_0900,2026-08-27 09:00:00
2026-05-09,36810153,2252,0,8.4024787312,-4.3062703497,-4.3062703497,0.3333333,3,3,0.50665070000000000,0.506650700000,-0.6004420894325239,-0.6004420894325239,-0.6004420894325239,0E-17,ELIGIBLE,R03b_20260811_FULL_v1,L1_ELIGIBILITY,v2026-08-11,2026-03-21..2026-08-06,baccarat_bet02_101_all_pairs_incl_sentinel,round_win = game_pnl > 0 (decisive only),COMPATIBILITY_ONLY_NOT_PRODUCTION,81515.6139,73739.3596,483.5193,11361,11361,-0.00593162,0.00694385,-0.01152257,-0.00593162,-483.5193,81515.6139,OK,0.0000,19.3408,4.0000,96.0000,AG03-UNRESOLVED,ALL5_LEVELS_bet23_to_bet27,19.3408,19.3408,19.3408,24.1760,24.1760,4.000000,4.000000,4.000000,5.000000,5.000000,96.000000,96.000000,96.000000,95.000000,95.000000,5.0,106.3742,97.4416,377.1451,386.0777,PENDING_AG03,FALSE,NOT_FOR_ENFORCEMENT,464.1785,70789.7852,483.5193,464.1785,19.3408,0.00593162,0.00569435,19.3408,464.1785,0.00569435,19.3408,19.3408,19.3408,24.1760,24.1760,464.1785,0.00569435,106.3742,97.4416,377.1451,386.0777,0.00462666,0.00473624,0.00023726,7.1750,6.4906,0.0426,4.2045,0.0806,708.8314,98.7913,8.8300,6.6350,4.0407,4.4018,8.4329,14.3073,20.7715,40.8781,4.2012,0.0,4.718859,9.286678,1.630025,30,242,81,2,0.30276321,0.00593162,-0.00694385,0E-8,0.000000,0.904604,0.002289,0.01846642,2026-03-22,2026-08-06,115,6001,2406,138,0.833333,1.330819,1.230659,1.009211,,,,,,,,GLOBAL_BASELINE_NO_ENTITY_RANKING,,,NOT_APPLICABLE_GLOBAL_BASELINE,HF9g-P5,,,,X 全窗基线 · 不参与实体赏罚,8399932,840,A168_HF9F_20260827_0900,2026-08-27 09:00:00
2026-05-09,36810153,2256,0,7.3521688898,0E-10,0E-10,,2,2,0.50665070000000000,0.506650700000,,,,0E-17,NO_DECISIVE_ROUND,R03b_20260811_FULL_v1,L1_ELIGIBILITY,v2026-08-11,2026-03-21..2026-08-06,baccarat_bet02_101_all_pairs_incl_sentinel,round_win = game_pnl > 0 (decisive only),COMPATIBILITY_ONLY_NOT_PRODUCTION,81515.6139,73739.3596,483.5193,11361,11361,-0.00593162,0.00694385,-0.01152257,-0.00593162,-483.5193,81515.6139,OK,0.0000,19.3408,4.0000,96.0000,AG03-UNRESOLVED,ALL5_LEVELS_bet23_to_bet27,19.3408,19.3408,19.3408,24.1760,24.1760,4.000000,4.000000,4.000000,5.000000,5.000000,96.000000,96.000000,96.000000,95.000000,95.000000,5.0,106.3742,97.4416,377.1451,386.0777,PENDING_AG03,FALSE,NOT_FOR_ENFORCEMENT,464.1785,70789.7852,483.5193,464.1785,19.3408,0.00593162,0.00569435,19.3408,464.1785,0.00569435,19.3408,19.3408,19.3408,24.1760,24.1760,464.1785,0.00569435,106.3742,97.4416,377.1451,386.0777,0.00462666,0.00473624,0.00023726,7.1750,6.4906,0.0426,4.2045,0.0806,708.8314,98.7913,8.8300,6.6350,4.0407,4.4018,8.4329,14.3073,20.7715,40.8781,4.2012,0.0,4.718859,9.286678,1.630025,30,242,81,2,0.30276321,0.00593162,-0.00694385,0E-8,0.000000,0.904604,0.002289,0.01846642,2026-03-22,2026-08-06,115,6001,2406,138,0.833333,1.330819,1.230659,1.009211,,,,,,,,GLOBAL_BASELINE_NO_ENTITY_RANKING,,,NOT_APPLICABLE_GLOBAL_BASELINE,HF9g-P5,,,,X 全窗基线 · 不参与实体赏罚,8399933,840,A168_HF9F_20260827_0900,2026-08-27 09:00:00
2026-05-09,36810153,2271,0,2.9408675559,2.9408675559,2.9408675559,1.0000000,1,1,0.49324550000000000,0.493245500000,1.01360149184955,1.01360149184955,1.01360149184955,0E-17,ELIGIBLE,R03b_20260811_FULL_v1,L1_ELIGIBILITY,v2026-08-11,2026-03-21..2026-08-06,baccarat_bet02_101_all_pairs_incl_sentinel,round_win = game_pnl > 0 (decisive only),COMPATIBILITY_ONLY_NOT_PRODUCTION,81515.6139,73739.3596,483.5193,11361,11361,-0.00593162,0.00694385,-0.01152257,-0.00593162,-483.5193,81515.6139,OK,0.0000,19.3408,4.0000,96.0000,AG03-UNRESOLVED,ALL5_LEVELS_bet23_to_bet27,19.3408,19.3408,19.3408,24.1760,24.1760,4.000000,4.000000,4.000000,5.000000,5.000000,96.000000,96.000000,96.000000,95.000000,95.000000,5.0,106.3742,97.4416,377.1451,386.0777,PENDING_AG03,FALSE,NOT_FOR_ENFORCEMENT,464.1785,70789.7852,483.5193,464.1785,19.3408,0.00593162,0.00569435,19.3408,464.1785,0.00569435,19.3408,19.3408,19.3408,24.1760,24.1760,464.1785,0.00569435,106.3742,97.4416,377.1451,386.0777,0.00462666,0.00473624,0.00023726,7.1750,6.4906,0.0426,4.2045,0.0806,708.8314,98.7913,8.8300,6.6350,4.0407,4.4018,8.4329,14.3073,20.7715,40.8781,4.2012,0.0,4.718859,9.286678,1.630025,30,242,81,2,0.30276321,0.00593162,-0.00694385,0E-8,0.000000,0.904604,0.002289,0.01846642,2026-03-22,2026-08-06,115,6001,2406,138,0.833333,1.330819,1.230659,1.009211,,,,,,,,GLOBAL_BASELINE_NO_ENTITY_RANKING,,,NOT_APPLICABLE_GLOBAL_BASELINE,HF9g-P5,,,,X 全窗基线 · 不参与实体赏罚,8399934,840,A168_HF9F_20260827_0900,2026-08-27 09:00:00
2026-05-09,36810153,550,0,3.1509295242,3.1509295242,3.1509295242,1.0000000,1,1,0.49324550000000000,0.493245500000,1.01360149184955,1.01360149184955,1.01360149184955,0E-17,ELIGIBLE,R03b_20260811_FULL_v1,L1_ELIGIBILITY,v2026-08-11,2026-03-21..2026-08-06,baccarat_bet02_101_all_pairs_incl_sentinel,round_win = game_pnl > 0 (decisive only),COMPATIBILITY_ONLY_NOT_PRODUCTION,81515.6139,73739.3596,483.5193,11361,11361,-0.00593162,0.00694385,-0.01152257,-0.00593162,-483.5193,81515.6139,OK,0.0000,19.3408,4.0000,96.0000,AG03-UNRESOLVED,ALL5_LEVELS_bet23_to_bet27,19.3408,19.3408,19.3408,24.1760,24.1760,4.000000,4.000000,4.000000,5.000000,5.000000,96.000000,96.000000,96.000000,95.000000,95.000000,5.0,106.3742,97.4416,377.1451,386.0777,PENDING_AG03,FALSE,NOT_FOR_ENFORCEMENT,464.1785,70789.7852,483.5193,464.1785,19.3408,0.00593162,0.00569435,19.3408,464.1785,0.00569435,19.3408,19.3408,19.3408,24.1760,24.1760,464.1785,0.00569435,106.3742,97.4416,377.1451,386.0777,0.00462666,0.00473624,0.00023726,7.1750,6.4906,0.0426,4.2045,0.0806,708.8314,98.7913,8.8300,6.6350,4.0407,4.4018,8.4329,14.3073,20.7715,40.8781,4.2012,0.0,4.718859,9.286678,1.630025,30,242,81,2,0.30276321,0.00593162,-0.00694385,0E-8,0.000000,0.904604,0.002289,0.01846642,2026-03-22,2026-08-06,115,6001,2406,138,0.833333,1.330819,1.230659,1.009211,,,,,,,,GLOBAL_BASELINE_NO_ENTITY_RANKING,,,NOT_APPLICABLE_GLOBAL_BASELINE,HF9g-P5,,,,X 全窗基线 · 不参与实体赏罚,8399935,840,A168_HF9F_20260827_0900,2026-08-27 09:00:00
2026-05-09,36810153,595,0,2.1006196828,1.9955886987,1.9955886987,1.0000000,1,1,0.50665070000000000,0.506650700000,0.9867858985152569,0.9867858985152569,0.9867858985152569,0E-17,ELIGIBLE,R03b_20260811_FULL_v1,L1_ELIGIBILITY,v2026-08-11,2026-03-21..2026-08-06,baccarat_bet02_101_all_pairs_incl_sentinel,round_win = game_pnl > 0 (decisive only),COMPATIBILITY_ONLY_NOT_PRODUCTION,81515.6139,73739.3596,483.5193,11361,11361,-0.00593162,0.00694385,-0.01152257,-0.00593162,-483.5193,81515.6139,OK,0.0000,19.3408,4.0000,96.0000,AG03-UNRESOLVED,ALL5_LEVELS_bet23_to_bet27,19.3408,19.3408,19.3408,24.1760,24.1760,4.000000,4.000000,4.000000,5.000000,5.000000,96.000000,96.000000,96.000000,95.000000,95.000000,5.0,106.3742,97.4416,377.1451,386.0777,PENDING_AG03,FALSE,NOT_FOR_ENFORCEMENT,464.1785,70789.7852,483.5193,464.1785,19.3408,0.00593162,0.00569435,19.3408,464.1785,0.00569435,19.3408,19.3408,19.3408,24.1760,24.1760,464.1785,0.00569435,106.3742,97.4416,377.1451,386.0777,0.00462666,0.00473624,0.00023726,7.1750,6.4906,0.0426,4.2045,0.0806,708.8314,98.7913,8.8300,6.6350,4.0407,4.4018,8.4329,14.3073,20.7715,40.8781,4.2012,0.0,4.718859,9.286678,1.630025,30,242,81,2,0.30276321,0.00593162,-0.00694385,0E-8,0.000000,0.904604,0.002289,0.01846642,2026-03-22,2026-08-06,115,6001,2406,138,0.833333,1.330819,1.230659,1.009211,,,,,,,,GLOBAL_BASELINE_NO_ENTITY_RANKING,,,NOT_APPLICABLE_GLOBAL_BASELINE,HF9g-P5,,,,X 全窗基线 · 不参与实体赏罚,8399936,840,A168_HF9F_20260827_0900,2026-08-27 09:00:00
2026-05-09,36810153,752,0,1.4704337780,1.3969120891,1.3969120891,1.0000000,1,1,0.50665070000000000,0.506650700000,0.9867858985152569,0.9867858985152569,0.9867858985152569,0E-17,ELIGIBLE,R03b_20260811_FULL_v1,L1_ELIGIBILITY,v2026-08-11,2026-03-21..2026-08-06,baccarat_bet02_101_all_pairs_incl_sentinel,round_win = game_pnl > 0 (decisive only),COMPATIBILITY_ONLY_NOT_PRODUCTION,81515.6139,73739.3596,483.5193,11361,11361,-0.00593162,0.00694385,-0.01152257,-0.00593162,-483.5193,81515.6139,OK,0.0000,19.3408,4.0000,96.0000,AG03-UNRESOLVED,ALL5_LEVELS_bet23_to_bet27,19.3408,19.3408,19.3408,24.1760,24.1760,4.000000,4.000000,4.000000,5.000000,5.000000,96.000000,96.000000,96.000000,95.000000,95.000000,5.0,106.3742,97.4416,377.1451,386.0777,PENDING_AG03,FALSE,NOT_FOR_ENFORCEMENT,464.1785,70789.7852,483.5193,464.1785,19.3408,0.00593162,0.00569435,19.3408,464.1785,0.00569435,19.3408,19.3408,19.3408,24.1760,24.1760,464.1785,0.00569435,106.3742,97.4416,377.1451,386.0777,0.00462666,0.00473624,0.00023726,7.1750,6.4906,0.0426,4.2045,0.0806,708.8314,98.7913,8.8300,6.6350,4.0407,4.4018,8.4329,14.3073,20.7715,40.8781,4.2012,0.0,4.718859,9.286678,1.630025,30,242,81,2,0.30276321,0.00593162,-0.00694385,0E-8,0.000000,0.904604,0.002289,0.01846642,2026-03-22,2026-08-06,115,6001,2406,138,0.833333,1.330819,1.230659,1.009211,,,,,,,,GLOBAL_BASELINE_NO_ENTITY_RANKING,,,NOT_APPLICABLE_GLOBAL_BASELINE,HF9g-P5,,,,X 全窗基线 · 不参与实体赏罚,8399937,840,A168_HF9F_20260827_0900,2026-08-27 09:00:00
2026-05-09,36810153,986,0,24.1571263523,-15.9647095893,-15.9647095893,0.4000000,5,5,0.50665070000000000,0.506650700000,-0.4769986289884125,-0.4769986289884125,-0.4769986289884125,0E-17,ELIGIBLE,R03b_20260811_FULL_v1,L1_ELIGIBILITY,v2026-08-11,2026-03-21..2026-08-06,baccarat_bet02_101_all_pairs_incl_sentinel,round_win = game_pnl > 0 (decisive only),COMPATIBILITY_ONLY_NOT_PRODUCTION,81515.6139,73739.3596,483.5193,11361,11361,-0.00593162,0.00694385,-0.01152257,-0.00593162,-483.5193,81515.6139,OK,0.0000,19.3408,4.0000,96.0000,AG03-UNRESOLVED,ALL5_LEVELS_bet23_to_bet27,19.3408,19.3408,19.3408,24.1760,24.1760,4.000000,4.000000,4.000000,5.000000,5.000000,96.000000,96.000000,96.000000,95.000000,95.000000,5.0,106.3742,97.4416,377.1451,386.0777,PENDING_AG03,FALSE,NOT_FOR_ENFORCEMENT,464.1785,70789.7852,483.5193,464.1785,19.3408,0.00593162,0.00569435,19.3408,464.1785,0.00569435,19.3408,19.3408,19.3408,24.1760,24.1760,464.1785,0.00569435,106.3742,97.4416,377.1451,386.0777,0.00462666,0.00473624,0.00023726,7.1750,6.4906,0.0426,4.2045,0.0806,708.8314,98.7913,8.8300,6.6350,4.0407,4.4018,8.4329,14.3073,20.7715,40.8781,4.2012,0.0,4.718859,9.286678,1.630025,30,242,81,2,0.30276321,0.00593162,-0.00694385,0E-8,0.000000,0.904604,0.002289,0.01846642,2026-03-22,2026-08-06,115,6001,2406,138,0.833333,1.330819,1.230659,1.009211,,,,,,,,GLOBAL_BASELINE_NO_ENTITY_RANKING,,,NOT_APPLICABLE_GLOBAL_BASELINE,HF9g-P5,,,,X 全窗基线 · 不参与实体赏罚,8399938,840,A168_HF9F_20260827_0900,2026-08-27 09:00:00
2026-05-09,36810153,987,0,10.2930364457,1.8905577145,1.8905577145,0.5000000,4,4,0.49994810000000000,0.499948100000,0.00020760000111838688,0.00020760000111838688,0.00020760000111838688,0E-17,ELIGIBLE,R03b_20260811_FULL_v1,L1_ELIGIBILITY,v2026-08-11,2026-03-21..2026-08-06,baccarat_bet02_101_all_pairs_incl_sentinel,round_win = game_pnl > 0 (decisive only),COMPATIBILITY_ONLY_NOT_PRODUCTION,81515.6139,73739.3596,483.5193,11361,11361,-0.00593162,0.00694385,-0.01152257,-0.00593162,-483.5193,81515.6139,OK,0.0000,19.3408,4.0000,96.0000,AG03-UNRESOLVED,ALL5_LEVELS_bet23_to_bet27,19.3408,19.3408,19.3408,24.1760,24.1760,4.000000,4.000000,4.000000,5.000000,5.000000,96.000000,96.000000,96.000000,95.000000,95.000000,5.0,106.3742,97.4416,377.1451,386.0777,PENDING_AG03,FALSE,NOT_FOR_ENFORCEMENT,464.1785,70789.7852,483.5193,464.1785,19.3408,0.00593162,0.00569435,19.3408,464.1785,0.00569435,19.3408,19.3408,19.3408,24.1760,24.1760,464.1785,0.00569435,106.3742,97.4416,377.1451,386.0777,0.00462666,0.00473624,0.00023726,7.1750,6.4906,0.0426,4.2045,0.0806,708.8314,98.7913,8.8300,6.6350,4.0407,4.4018,8.4329,14.3073,20.7715,40.8781,4.2012,0.0,4.718859,9.286678,1.630025,30,242,81,2,0.30276321,0.00593162,-0.00694385,0E-8,0.000000,0.904604,0.002289,0.01846642,2026-03-22,2026-08-06,115,6001,2406,138,0.833333,1.330819,1.230659,1.009211,,,,,,,,GLOBAL_BASELINE_NO_ENTITY_RANKING,,,NOT_APPLICABLE_GLOBAL_BASELINE,HF9g-P5,,,,X 全窗基线 · 不参与实体赏罚,8399939,840,A168_HF9F_20260827_0900,2026-08-27 09:00:00
2026-05-10,36810153,-1,1,57.3469173405,-1.9850856002,-1.9850856002,0.5454545,12,12,0.49994810000000000,0.499948100000,0.30185561185716514,0.30185561185716514,0.30185561185716514,0E-17,SENTINEL_DEALER,R03b_20260811_FULL_v1,L1_ELIGIBILITY,v2026-08-11,2026-03-21..2026-08-06,baccarat_bet02_101_all_pairs_incl_sentinel,round_win = game_pnl > 0 (decisive only),COMPATIBILITY_ONLY_NOT_PRODUCTION,81515.6139,73739.3596,483.5193,11361,11361,-0.00593162,0.00694385,-0.01152257,-0.00593162,-483.5193,81515.6139,OK,0.0000,19.3408,4.0000,96.0000,AG03-UNRESOLVED,ALL5_LEVELS_bet23_to_bet27,19.3408,19.3408,19.3408,24.1760,24.1760,4.000000,4.000000,4.000000,5.000000,5.000000,96.000000,96.000000,96.000000,95.000000,95.000000,5.0,106.3742,97.4416,377.1451,386.0777,PENDING_AG03,FALSE,NOT_FOR_ENFORCEMENT,464.1785,70789.7852,483.5193,464.1785,19.3408,0.00593162,0.00569435,19.3408,464.1785,0.00569435,19.3408,19.3408,19.3408,24.1760,24.1760,464.1785,0.00569435,106.3742,97.4416,377.1451,386.0777,0.00462666,0.00473624,0.00023726,7.1750,6.4906,0.0426,4.2045,0.0806,708.8314,98.7913,8.8300,6.6350,4.0407,4.4018,8.4329,14.3073,20.7715,40.8781,4.2012,0.0,4.718859,9.286678,1.630025,30,242,81,2,0.30276321,0.00593162,-0.00694385,0E-8,0.000000,0.904604,0.002289,0.01846642,2026-03-22,2026-08-06,115,6001,2406,138,0.833333,1.330819,1.230659,1.009211,,,,,,,,GLOBAL_BASELINE_NO_ENTITY_RANKING,,,NOT_APPLICABLE_GLOBAL_BASELINE,HF9g-P5,,,,X 全窗基线 · 不参与实体赏罚,8399940,840,A168_HF9F_20260827_0900,2026-08-27 09:00:00
2026-05-10,36810153,1004,0,10.9232223506,-2.5207436194,-2.5207436194,0E-7,2,2,0.49994810000000000,0.499948100000,-0.9998962053866608,-0.9998962053866608,-0.9998962053866608,0E-17,ELIGIBLE,R03b_20260811_FULL_v1,L1_ELIGIBILITY,v2026-08-11,2026-03-21..2026-08-06,baccarat_bet02_101_all_pairs_incl_sentinel,round_win = game_pnl > 0 (decisive only),COMPATIBILITY_ONLY_NOT_PRODUCTION,81515.6139,73739.3596,483.5193,11361,11361,-0.00593162,0.00694385,-0.01152257,-0.00593162,-483.5193,81515.6139,OK,0.0000,19.3408,4.0000,96.0000,AG03-UNRESOLVED,ALL5_LEVELS_bet23_to_bet27,19.3408,19.3408,19.3408,24.1760,24.1760,4.000000,4.000000,4.000000,5.000000,5.000000,96.000000,96.000000,96.000000,95.000000,95.000000,5.0,106.3742,97.4416,377.1451,386.0777,PENDING_AG03,FALSE,NOT_FOR_ENFORCEMENT,464.1785,70789.7852,483.5193,464.1785,19.3408,0.00593162,0.00569435,19.3408,464.1785,0.00569435,19.3408,19.3408,19.3408,24.1760,24.1760,464.1785,0.00569435,106.3742,97.4416,377.1451,386.0777,0.00462666,0.00473624,0.00023726,7.1750,6.4906,0.0426,4.2045,0.0806,708.8314,98.7913,8.8300,6.6350,4.0407,4.4018,8.4329,14.3073,20.7715,40.8781,4.2012,0.0,4.718859,9.286678,1.630025,30,242,81,2,0.30276321,0.00593162,-0.00694385,0E-8,0.000000,0.904604,0.002289,0.01846642,2026-03-22,2026-08-06,115,6001,2406,138,0.833333,1.330819,1.230659,1.009211,,,,,,,,GLOBAL_BASELINE_NO_ENTITY_RANKING,,,NOT_APPLICABLE_GLOBAL_BASELINE,HF9g-P5,,,,X 全窗基线 · 不参与实体赏罚,8399941,840,A168_HF9F_20260827_0900,2026-08-27 09:00:00
2026-05-10,36810153,1017,0,2.1006196828,-2.1006196828,-2.1006196828,0E-7,1,1,0.50665070000000000,0.506650700000,-1.013391052207602,-1.013391052207602,-1.013391052207602,0E-17,ELIGIBLE,R03b_20260811_FULL_v1,L1_ELIGIBILITY,v2026-08-11,2026-03-21..2026-08-06,baccarat_bet02_101_all_pairs_incl_sentinel,round_win = game_pnl > 0 (decisive only),COMPATIBILITY_ONLY_NOT_PRODUCTION,81515.6139,73739.3596,483.5193,11361,11361,-0.00593162,0.00694385,-0.01152257,-0.00593162,-483.5193,81515.6139,OK,0.0000,19.3408,4.0000,96.0000,AG03-UNRESOLVED,ALL5_LEVELS_bet23_to_bet27,19.3408,19.3408,19.3408,24.1760,24.1760,4.000000,4.000000,4.000000,5.000000,5.000000,96.000000,96.000000,96.000000,95.000000,95.000000,5.0,106.3742,97.4416,377.1451,386.0777,PENDING_AG03,FALSE,NOT_FOR_ENFORCEMENT,464.1785,70789.7852,483.5193,464.1785,19.3408,0.00593162,0.00569435,19.3408,464.1785,0.00569435,19.3408,19.3408,19.3408,24.1760,24.1760,464.1785,0.00569435,106.3742,97.4416,377.1451,386.0777,0.00462666,0.00473624,0.00023726,7.1750,6.4906,0.0426,4.2045,0.0806,708.8314,98.7913,8.8300,6.6350,4.0407,4.4018,8.4329,14.3073,20.7715,40.8781,4.2012,0.0,4.718859,9.286678,1.630025,30,242,81,2,0.30276321,0.00593162,-0.00694385,0E-8,0.000000,0.904604,0.002289,0.01846642,2026-03-22,2026-08-06,115,6001,2406,138,0.833333,1.330819,1.230659,1.009211,,,,,,,,GLOBAL_BASELINE_NO_ENTITY_RANKING,,,NOT_APPLICABLE_GLOBAL_BASELINE,HF9g-P5,,,,X 全窗基线 · 不参与实体赏罚,8399942,840,A168_HF9F_20260827_0900,2026-08-27 09:00:00
2026-05-10,36810153,1078,0,4.2012393656,-4.2012393656,-4.2012393656,0E-7,1,1,0.50665070000000000,0.506650700000,-1.013391052207602,-1.013391052207602,-1.013391052207602,0E-17,ELIGIBLE,R03b_20260811_FULL_v1,L1_ELIGIBILITY,v2026-08-11,2026-03-21..2026-08-06,baccarat_bet02_101_all_pairs_incl_sentinel,round_win = game_pnl > 0 (decisive only),COMPATIBILITY_ONLY_NOT_PRODUCTION,81515.6139,73739.3596,483.5193,11361,11361,-0.00593162,0.00694385,-0.01152257,-0.00593162,-483.5193,81515.6139,OK,0.0000,19.3408,4.0000,96.0000,AG03-UNRESOLVED,ALL5_LEVELS_bet23_to_bet27,19.3408,19.3408,19.3408,24.1760,24.1760,4.000000,4.000000,4.000000,5.000000,5.000000,96.000000,96.000000,96.000000,95.000000,95.000000,5.0,106.3742,97.4416,377.1451,386.0777,PENDING_AG03,FALSE,NOT_FOR_ENFORCEMENT,464.1785,70789.7852,483.5193,464.1785,19.3408,0.00593162,0.00569435,19.3408,464.1785,0.00569435,19.3408,19.3408,19.3408,24.1760,24.1760,464.1785,0.00569435,106.3742,97.4416,377.1451,386.0777,0.00462666,0.00473624,0.00023726,7.1750,6.4906,0.0426,4.2045,0.0806,708.8314,98.7913,8.8300,6.6350,4.0407,4.4018,8.4329,14.3073,20.7715,40.8781,4.2012,0.0,4.718859,9.286678,1.630025,30,242,81,2,0.30276321,0.00593162,-0.00694385,0E-8,0.000000,0.904604,0.002289,0.01846642,2026-03-22,2026-08-06,115,6001,2406,138,0.833333,1.330819,1.230659,1.009211,,,,,,,,GLOBAL_BASELINE_NO_ENTITY_RANKING,,,NOT_APPLICABLE_GLOBAL_BASELINE,HF9g-P5,,,,X 全窗基线 · 不参与实体赏罚,8399943,840,A168_HF9F_20260827_0900,2026-08-27 09:00:00
2026-05-10,36810153,1151,0,10.2930364457,5.9867660960,5.9867660960,1.0000000,2,2,0.49994810000000000,0.499948100000,1.0001038053877793,1.0001038053877793,1.0001038053877793,0E-17,ELIGIBLE,R03b_20260811_FULL_v1,L1_ELIGIBILITY,v2026-08-11,2026-03-21..2026-08-06,baccarat_bet02_101_all_pairs_incl_sentinel,round_win = game_pnl > 0 (decisive only),COMPATIBILITY_ONLY_NOT_PRODUCTION,81515.6139,73739.3596,483.5193,11361,11361,-0.00593162,0.00694385,-0.01152257,-0.00593162,-483.5193,81515.6139,OK,0.0000,19.3408,4.0000,96.0000,AG03-UNRESOLVED,ALL5_LEVELS_bet23_to_bet27,19.3408,19.3408,19.3408,24.1760,24.1760,4.000000,4.000000,4.000000,5.000000,5.000000,96.000000,96.000000,96.000000,95.000000,95.000000,5.0,106.3742,97.4416,377.1451,386.0777,PENDING_AG03,FALSE,NOT_FOR_ENFORCEMENT,464.1785,70789.7852,483.5193,464.1785,19.3408,0.00593162,0.00569435,19.3408,464.1785,0.00569435,19.3408,19.3408,19.3408,24.1760,24.1760,464.1785,0.00569435,106.3742,97.4416,377.1451,386.0777,0.00462666,0.00473624,0.00023726,7.1750,6.4906,0.0426,4.2045,0.0806,708.8314,98.7913,8.8300,6.6350,4.0407,4.4018,8.4329,14.3073,20.7715,40.8781,4.2012,0.0,4.718859,9.286678,1.630025,30,242,81,2,0.30276321,0.00593162,-0.00694385,0E-8,0.000000,0.904604,0.002289,0.01846642,2026-03-22,2026-08-06,115,6001,2406,138,0.833333,1.330819,1.230659,1.009211,,,,,,,,GLOBAL_BASELINE_NO_ENTITY_RANKING,,,NOT_APPLICABLE_GLOBAL_BASELINE,HF9g-P5,,,,X 全窗基线 · 不参与实体赏罚,8399944,840,A168_HF9F_20260827_0900,2026-08-27 09:00:00
2026-05-10,36810153,1157,0,23.5269404475,14.4942758113,14.4942758113,0.8571429,8,8,0.49492115000000000,0.494921150000,1.9167960021114945,1.9167960021114945,1.9167960021114945,0E-17,ELIGIBLE,R03b_20260811_FULL_v1,L1_ELIGIBILITY,v2026-08-11,2026-03-21..2026-08-06,baccarat_bet02_101_all_pairs_incl_sentinel,round_win = game_pnl > 0 (decisive only),COMPATIBILITY_ONLY_NOT_PRODUCTION,81515.6139,73739.3596,483.5193,11361,11361,-0.00593162,0.00694385,-0.01152257,-0.00593162,-483.5193,81515.6139,OK,0.0000,19.3408,4.0000,96.0000,AG03-UNRESOLVED,ALL5_LEVELS_bet23_to_bet27,19.3408,19.3408,19.3408,24.1760,24.1760,4.000000,4.000000,4.000000,5.000000,5.000000,96.000000,96.000000,96.000000,95.000000,95.000000,5.0,106.3742,97.4416,377.1451,386.0777,PENDING_AG03,FALSE,NOT_FOR_ENFORCEMENT,464.1785,70789.7852,483.5193,464.1785,19.3408,0.00593162,0.00569435,19.3408,464.1785,0.00569435,19.3408,19.3408,19.3408,24.1760,24.1760,464.1785,0.00569435,106.3742,97.4416,377.1451,386.0777,0.00462666,0.00473624,0.00023726,7.1750,6.4906,0.0426,4.2045,0.0806,708.8314,98.7913,8.8300,6.6350,4.0407,4.4018,8.4329,14.3073,20.7715,40.8781,4.2012,0.0,4.718859,9.286678,1.630025,30,242,81,2,0.30276321,0.00593162,-0.00694385,0E-8,0.000000,0.904604,0.002289,0.01846642,2026-03-22,2026-08-06,115,6001,2406,138,0.833333,1.330819,1.230659,1.009211,,,,,,,,GLOBAL_BASELINE_NO_ENTITY_RANKING,,,NOT_APPLICABLE_GLOBAL_BASELINE,HF9g-P5,,,,X 全窗基线 · 不参与实体赏罚,8399945,840,A168_HF9F_20260827_0900,2026-08-27 09:00:00
2026-05-10,36810153,1325,0,2.1006196828,1.9955886987,1.9955886987,1.0000000,1,1,0.50665070000000000,0.506650700000,0.9867858985152569,0.9867858985152569,0.9867858985152569,0E-17,ELIGIBLE,R03b_20260811_FULL_v1,L1_ELIGIBILITY,v2026-08-11,2026-03-21..2026-08-06,baccarat_bet02_101_all_pairs_incl_sentinel,round_win = game_pnl > 0 (decisive only),COMPATIBILITY_ONLY_NOT_PRODUCTION,81515.6139,73739.3596,483.5193,11361,11361,-0.00593162,0.00694385,-0.01152257,-0.00593162,-483.5193,81515.6139,OK,0.0000,19.3408,4.0000,96.0000,AG03-UNRESOLVED,ALL5_LEVELS_bet23_to_bet27,19.3408,19.3408,19.3408,24.1760,24.1760,4.000000,4.000000,4.000000,5.000000,5.000000,96.000000,96.000000,96.000000,95.000000,95.000000,5.0,106.3742,97.4416,377.1451,386.0777,PENDING_AG03,FALSE,NOT_FOR_ENFORCEMENT,464.1785,70789.7852,483.5193,464.1785,19.3408,0.00593162,0.00569435,19.3408,464.1785,0.00569435,19.3408,19.3408,19.3408,24.1760,24.1760,464.1785,0.00569435,106.3742,97.4416,377.1451,386.0777,0.00462666,0.00473624,0.00023726,7.1750,6.4906,0.0426,4.2045,0.0806,708.8314,98.7913,8.8300,6.6350,4.0407,4.4018,8.4329,14.3073,20.7715,40.8781,4.2012,0.0,4.718859,9.286678,1.630025,30,242,81,2,0.30276321,0.00593162,-0.00694385,0E-8,0.000000,0.904604,0.002289,0.01846642,2026-03-22,2026-08-06,115,6001,2406,138,0.833333,1.330819,1.230659,1.009211,,,,,,,,GLOBAL_BASELINE_NO_ENTITY_RANKING,,,NOT_APPLICABLE_GLOBAL_BASELINE,HF9g-P5,,,,X 全窗基线 · 不参与实体赏罚,8399946,840,A168_HF9F_20260827_0900,2026-08-27 09:00:00
2026-05-10,36810153,1363,0,1.2603718097,0E-10,0E-10,,1,1,0.49324550000000000,0.493245500000,,,,0E-17,NO_DECISIVE_ROUND,R03b_20260811_FULL_v1,L1_ELIGIBILITY,v2026-08-11,2026-03-21..2026-08-06,baccarat_bet02_101_all_pairs_incl_sentinel,round_win = game_pnl > 0 (decisive only),COMPATIBILITY_ONLY_NOT_PRODUCTION,81515.6139,73739.3596,483.5193,11361,11361,-0.00593162,0.00694385,-0.01152257,-0.00593162,-483.5193,81515.6139,OK,0.0000,19.3408,4.0000,96.0000,AG03-UNRESOLVED,ALL5_LEVELS_bet23_to_bet27,19.3408,19.3408,19.3408,24.1760,24.1760,4.000000,4.000000,4.000000,5.000000,5.000000,96.000000,96.000000,96.000000,95.000000,95.000000,5.0,106.3742,97.4416,377.1451,386.0777,PENDING_AG03,FALSE,NOT_FOR_ENFORCEMENT,464.1785,70789.7852,483.5193,464.1785,19.3408,0.00593162,0.00569435,19.3408,464.1785,0.00569435,19.3408,19.3408,19.3408,24.1760,24.1760,464.1785,0.00569435,106.3742,97.4416,377.1451,386.0777,0.00462666,0.00473624,0.00023726,7.1750,6.4906,0.0426,4.2045,0.0806,708.8314,98.7913,8.8300,6.6350,4.0407,4.4018,8.4329,14.3073,20.7715,40.8781,4.2012,0.0,4.718859,9.286678,1.630025,30,242,81,2,0.30276321,0.00593162,-0.00694385,0E-8,0.000000,0.904604,0.002289,0.01846642,2026-03-22,2026-08-06,115,6001,2406,138,0.833333,1.330819,1.230659,1.009211,,,,,,,,GLOBAL_BASELINE_NO_ENTITY_RANKING,,,NOT_APPLICABLE_GLOBAL_BASELINE,HF9g-P5,,,,X 全窗基线 · 不参与实体赏罚,8399947,840,A168_HF9F_20260827_0900,2026-08-27 09:00:00
2026-05-10,36810153,1384,0,2.5207436194,2.5207436194,2.5207436194,1.0000000,1,1,0.49324550000000000,0.493245500000,1.01360149184955,1.01360149184955,1.01360149184955,0E-17,ELIGIBLE,R03b_20260811_FULL_v1,L1_ELIGIBILITY,v2026-08-11,2026-03-21..2026-08-06,baccarat_bet02_101_all_pairs_incl_sentinel,round_win = game_pnl > 0 (decisive only),COMPATIBILITY_ONLY_NOT_PRODUCTION,81515.6139,73739.3596,483.5193,11361,11361,-0.00593162,0.00694385,-0.01152257,-0.00593162,-483.5193,81515.6139,OK,0.0000,19.3408,4.0000,96.0000,AG03-UNRESOLVED,ALL5_LEVELS_bet23_to_bet27,19.3408,19.3408,19.3408,24.1760,24.1760,4.000000,4.000000,4.000000,5.000000,5.000000,96.000000,96.000000,96.000000,95.000000,95.000000,5.0,106.3742,97.4416,377.1451,386.0777,PENDING_AG03,FALSE,NOT_FOR_ENFORCEMENT,464.1785,70789.7852,483.5193,464.1785,19.3408,0.00593162,0.00569435,19.3408,464.1785,0.00569435,19.3408,19.3408,19.3408,24.1760,24.1760,464.1785,0.00569435,106.3742,97.4416,377.1451,386.0777,0.00462666,0.00473624,0.00023726,7.1750,6.4906,0.0426,4.2045,0.0806,708.8314,98.7913,8.8300,6.6350,4.0407,4.4018,8.4329,14.3073,20.7715,40.8781,4.2012,0.0,4.718859,9.286678,1.630025,30,242,81,2,0.30276321,0.00593162,-0.00694385,0E-8,0.000000,0.904604,0.002289,0.01846642,2026-03-22,2026-08-06,115,6001,2406,138,0.833333,1.330819,1.230659,1.009211,,,,,,,,GLOBAL_BASELINE_NO_ENTITY_RANKING,,,NOT_APPLICABLE_GLOBAL_BASELINE,HF9g-P5,,,,X 全窗基线 · 不参与实体赏罚,8399948,840,A168_HF9F_20260827_0900,2026-08-27 09:00:00
2026-05-10,36810153,1396,0,2.1006196828,0E-10,0E-10,,1,1,0.49324550000000000,0.493245500000,,,,0E-17,NO_DECISIVE_ROUND,R03b_20260811_FULL_v1,L1_ELIGIBILITY,v2026-08-11,2026-03-21..2026-08-06,baccarat_bet02_101_all_pairs_incl_sentinel,round_win = game_pnl > 0 (decisive only),COMPATIBILITY_ONLY_NOT_PRODUCTION,81515.6139,73739.3596,483.5193,11361,11361,-0.00593162,0.00694385,-0.01152257,-0.00593162,-483.5193,81515.6139,OK,0.0000,19.3408,4.0000,96.0000,AG03-UNRESOLVED,ALL5_LEVELS_bet23_to_bet27,19.3408,19.3408,19.3408,24.1760,24.1760,4.000000,4.000000,4.000000,5.000000,5.000000,96.000000,96.000000,96.000000,95.000000,95.000000,5.0,106.3742,97.4416,377.1451,386.0777,PENDING_AG03,FALSE,NOT_FOR_ENFORCEMENT,464.1785,70789.7852,483.5193,464.1785,19.3408,0.00593162,0.00569435,19.3408,464.1785,0.00569435,19.3408,19.3408,19.3408,24.1760,24.1760,464.1785,0.00569435,106.3742,97.4416,377.1451,386.0777,0.00462666,0.00473624,0.00023726,7.1750,6.4906,0.0426,4.2045,0.0806,708.8314,98.7913,8.8300,6.6350,4.0407,4.4018,8.4329,14.3073,20.7715,40.8781,4.2012,0.0,4.718859,9.286678,1.630025,30,242,81,2,0.30276321,0.00593162,-0.00694385,0E-8,0.000000,0.904604,0.002289,0.01846642,2026-03-22,2026-08-06,115,6001,2406,138,0.833333,1.330819,1.230659,1.009211,,,,,,,,GLOBAL_BASELINE_NO_ENTITY_RANKING,,,NOT_APPLICABLE_GLOBAL_BASELINE,HF9g-P5,,,,X 全窗基线 · 不参与实体赏罚,8399949,840,A168_HF9F_20260827_0900,2026-08-27 09:00:00
2026-05-10,36810153,1399,0,8.8226026678,-4.3167734482,-4.3167734482,0.3333333,3,3,0.50665070000000000,0.506650700000,-0.6004420894325239,-0.6004420894325239,-0.6004420894325239,0E-17,ELIGIBLE,R03b_20260811_FULL_v1,L1_ELIGIBILITY,v2026-08-11,2026-03-21..2026-08-06,baccarat_bet02_101_all_pairs_incl_sentinel,round_win = game_pnl > 0 (decisive only),COMPATIBILITY_ONLY_NOT_PRODUCTION,81515.6139,73739.3596,483.5193,11361,11361,-0.00593162,0.00694385,-0.01152257,-0.00593162,-483.5193,81515.6139,OK,0.0000,19.3408,4.0000,96.0000,AG03-UNRESOLVED,ALL5_LEVELS_bet23_to_bet27,19.3408,19.3408,19.3408,24.1760,24.1760,4.000000,4.000000,4.000000,5.000000,5.000000,96.000000,96.000000,96.000000,95.000000,95.000000,5.0,106.3742,97.4416,377.1451,386.0777,PENDING_AG03,FALSE,NOT_FOR_ENFORCEMENT,464.1785,70789.7852,483.5193,464.1785,19.3408,0.00593162,0.00569435,19.3408,464.1785,0.00569435,19.3408,19.3408,19.3408,24.1760,24.1760,464.1785,0.00569435,106.3742,97.4416,377.1451,386.0777,0.00462666,0.00473624,0.00023726,7.1750,6.4906,0.0426,4.2045,0.0806,708.8314,98.7913,8.8300,6.6350,4.0407,4.4018,8.4329,14.3073,20.7715,40.8781,4.2012,0.0,4.718859,9.286678,1.630025,30,242,81,2,0.30276321,0.00593162,-0.00694385,0E-8,0.000000,0.904604,0.002289,0.01846642,2026-03-22,2026-08-06,115,6001,2406,138,0.833333,1.330819,1.230659,1.009211,,,,,,,,GLOBAL_BASELINE_NO_ENTITY_RANKING,,,NOT_APPLICABLE_GLOBAL_BASELINE,HF9g-P5,,,,X 全窗基线 · 不参与实体赏罚,8399950,840,A168_HF9F_20260827_0900,2026-08-27 09:00:00
2026-05-10,36810153,1405,0,4.4113013338,1.0503098414,1.0503098414,0.5000000,2,2,0.49994810000000000,0.499948100000,0.00014679536856514622,0.00014679536856514622,0.00014679536856514622,0E-17,ELIGIBLE,R03b_20260811_FULL_v1,L1_ELIGIBILITY,v2026-08-11,2026-03-21..2026-08-06,baccarat_bet02_101_all_pairs_incl_sentinel,round_win = game_pnl > 0 (decisive only),COMPATIBILITY_ONLY_NOT_PRODUCTION,81515.6139,73739.3596,483.5193,11361,11361,-0.00593162,0.00694385,-0.01152257,-0.00593162,-483.5193,81515.6139,OK,0.0000,19.3408,4.0000,96.0000,AG03-UNRESOLVED,ALL5_LEVELS_bet23_to_bet27,19.3408,19.3408,19.3408,24.1760,24.1760,4.000000,4.000000,4.000000,5.000000,5.000000,96.000000,96.000000,96.000000,95.000000,95.000000,5.0,106.3742,97.4416,377.1451,386.0777,PENDING_AG03,FALSE,NOT_FOR_ENFORCEMENT,464.1785,70789.7852,483.5193,464.1785,19.3408,0.00593162,0.00569435,19.3408,464.1785,0.00569435,19.3408,19.3408,19.3408,24.1760,24.1760,464.1785,0.00569435,106.3742,97.4416,377.1451,386.0777,0.00462666,0.00473624,0.00023726,7.1750,6.4906,0.0426,4.2045,0.0806,708.8314,98.7913,8.8300,6.6350,4.0407,4.4018,8.4329,14.3073,20.7715,40.8781,4.2012,0.0,4.718859,9.286678,1.630025,30,242,81,2,0.30276321,0.00593162,-0.00694385,0E-8,0.000000,0.904604,0.002289,0.01846642,2026-03-22,2026-08-06,115,6001,2406,138,0.833333,1.330819,1.230659,1.009211,,,,,,,,GLOBAL_BASELINE_NO_ENTITY_RANKING,,,NOT_APPLICABLE_GLOBAL_BASELINE,HF9g-P5,,,,X 全窗基线 · 不参与实体赏罚,8399951,840,A168_HF9F_20260827_0900,2026-08-27 09:00:00
2026-05-10,36810153,1704,0,14.7043377796,-0.1050309841,-0.1050309841,0.5000000,3,3,0.50665070000000000,0.506650700000,-0.018812684590367487,-0.018812684590367487,-0.018812684590367487,0E-17,ELIGIBLE,R03b_20260811_FULL_v1,L1_ELIGIBILITY,v2026-08-11,2026-03-21..2026-08-06,baccarat_bet02_101_all_pairs_incl_sentinel,round_win = game_pnl > 0 (decisive only),COMPATIBILITY_ONLY_NOT_PRODUCTION,81515.6139,73739.3596,483.5193,11361,11361,-0.00593162,0.00694385,-0.01152257,-0.00593162,-483.5193,81515.6139,OK,0.0000,19.3408,4.0000,96.0000,AG03-UNRESOLVED,ALL5_LEVELS_bet23_to_bet27,19.3408,19.3408,19.3408,24.1760,24.1760,4.000000,4.000000,4.000000,5.000000,5.000000,96.000000,96.000000,96.000000,95.000000,95.000000,5.0,106.3742,97.4416,377.1451,386.0777,PENDING_AG03,FALSE,NOT_FOR_ENFORCEMENT,464.1785,70789.7852,483.5193,464.1785,19.3408,0.00593162,0.00569435,19.3408,464.1785,0.00569435,19.3408,19.3408,19.3408,24.1760,24.1760,464.1785,0.00569435,106.3742,97.4416,377.1451,386.0777,0.00462666,0.00473624,0.00023726,7.1750,6.4906,0.0426,4.2045,0.0806,708.8314,98.7913,8.8300,6.6350,4.0407,4.4018,8.4329,14.3073,20.7715,40.8781,4.2012,0.0,4.718859,9.286678,1.630025,30,242,81,2,0.30276321,0.00593162,-0.00694385,0E-8,0.000000,0.904604,0.002289,0.01846642,2026-03-22,2026-08-06,115,6001,2406,138,0.833333,1.330819,1.230659,1.009211,,,,,,,,GLOBAL_BASELINE_NO_ENTITY_RANKING,,,NOT_APPLICABLE_GLOBAL_BASELINE,HF9g-P5,,,,X 全窗基线 · 不参与实体赏罚,8399952,840,A168_HF9F_20260827_0900,2026-08-27 09:00:00
2026-05-10,36810153,1714,0,8.4024787312,0E-10,0E-10,,1,1,0.49324550000000000,0.493245500000,,,,0E-17,NO_DECISIVE_ROUND,R03b_20260811_FULL_v1,L1_ELIGIBILITY,v2026-08-11,2026-03-21..2026-08-06,baccarat_bet02_101_all_pairs_incl_sentinel,round_win = game_pnl > 0 (decisive only),COMPATIBILITY_ONLY_NOT_PRODUCTION,81515.6139,73739.3596,483.5193,11361,11361,-0.00593162,0.00694385,-0.01152257,-0.00593162,-483.5193,81515.6139,OK,0.0000,19.3408,4.0000,96.0000,AG03-UNRESOLVED,ALL5_LEVELS_bet23_to_bet27,19.3408,19.3408,19.3408,24.1760,24.1760,4.000000,4.000000,4.000000,5.000000,5.000000,96.000000,96.000000,96.000000,95.000000,95.000000,5.0,106.3742,97.4416,377.1451,386.0777,PENDING_AG03,FALSE,NOT_FOR_ENFORCEMENT,464.1785,70789.7852,483.5193,464.1785,19.3408,0.00593162,0.00569435,19.3408,464.1785,0.00569435,19.3408,19.3408,19.3408,24.1760,24.1760,464.1785,0.00569435,106.3742,97.4416,377.1451,386.0777,0.00462666,0.00473624,0.00023726,7.1750,6.4906,0.0426,4.2045,0.0806,708.8314,98.7913,8.8300,6.6350,4.0407,4.4018,8.4329,14.3073,20.7715,40.8781,4.2012,0.0,4.718859,9.286678,1.630025,30,242,81,2,0.30276321,0.00593162,-0.00694385,0E-8,0.000000,0.904604,0.002289,0.01846642,2026-03-22,2026-08-06,115,6001,2406,138,0.833333,1.330819,1.230659,1.009211,,,,,,,,GLOBAL_BASELINE_NO_ENTITY_RANKING,,,NOT_APPLICABLE_GLOBAL_BASELINE,HF9g-P5,,,,X 全窗基线 · 不参与实体赏罚,8399953,840,A168_HF9F_20260827_0900,2026-08-27 09:00:00
2026-05-10,36810153,1942,0,3.7811154290,-3.7811154290,-3.7811154290,0E-7,2,2,0.49994810000000000,0.499948100000,-1.4140667746232096,-1.4140667746232096,-1.4140667746232096,0E-17,ELIGIBLE,R03b_20260811_FULL_v1,L1_ELIGIBILITY,v2026-08-11,2026-03-21..2026-08-06,baccarat_bet02_101_all_pairs_incl_sentinel,round_win = game_pnl > 0 (decisive only),COMPATIBILITY_ONLY_NOT_PRODUCTION,81515.6139,73739.3596,483.5193,11361,11361,-0.00593162,0.00694385,-0.01152257,-0.00593162,-483.5193,81515.6139,OK,0.0000,19.3408,4.0000,96.0000,AG03-UNRESOLVED,ALL5_LEVELS_bet23_to_bet27,19.3408,19.3408,19.3408,24.1760,24.1760,4.000000,4.000000,4.000000,5.000000,5.000000,96.000000,96.000000,96.000000,95.000000,95.000000,5.0,106.3742,97.4416,377.1451,386.0777,PENDING_AG03,FALSE,NOT_FOR_ENFORCEMENT,464.1785,70789.7852,483.5193,464.1785,19.3408,0.00593162,0.00569435,19.3408,464.1785,0.00569435,19.3408,19.3408,19.3408,24.1760,24.1760,464.1785,0.00569435,106.3742,97.4416,377.1451,386.0777,0.00462666,0.00473624,0.00023726,7.1750,6.4906,0.0426,4.2045,0.0806,708.8314,98.7913,8.8300,6.6350,4.0407,4.4018,8.4329,14.3073,20.7715,40.8781,4.2012,0.0,4.718859,9.286678,1.630025,30,242,81,2,0.30276321,0.00593162,-0.00694385,0E-8,0.000000,0.904604,0.002289,0.01846642,2026-03-22,2026-08-06,115,6001,2406,138,0.833333,1.330819,1.230659,1.009211,,,,,,,,GLOBAL_BASELINE_NO_ENTITY_RANKING,,,NOT_APPLICABLE_GLOBAL_BASELINE,HF9g-P5,,,,X 全窗基线 · 不参与实体赏罚,8399954,840,A168_HF9F_20260827_0900,2026-08-27 09:00:00
2026-05-10,36810153,1966,0,2.1006196828,-2.1006196828,-2.1006196828,0E-7,1,1,0.50665070000000000,0.506650700000,-1.013391052207602,-1.013391052207602,-1.013391052207602,0E-17,ELIGIBLE,R03b_20260811_FULL_v1,L1_ELIGIBILITY,v2026-08-11,2026-03-21..2026-08-06,baccarat_bet02_101_all_pairs_incl_sentinel,round_win = game_pnl > 0 (decisive only),COMPATIBILITY_ONLY_NOT_PRODUCTION,81515.6139,73739.3596,483.5193,11361,11361,-0.00593162,0.00694385,-0.01152257,-0.00593162,-483.5193,81515.6139,OK,0.0000,19.3408,4.0000,96.0000,AG03-UNRESOLVED,ALL5_LEVELS_bet23_to_bet27,19.3408,19.3408,19.3408,24.1760,24.1760,4.000000,4.000000,4.000000,5.000000,5.000000,96.000000,96.000000,96.000000,95.000000,95.000000,5.0,106.3742,97.4416,377.1451,386.0777,PENDING_AG03,FALSE,NOT_FOR_ENFORCEMENT,464.1785,70789.7852,483.5193,464.1785,19.3408,0.00593162,0.00569435,19.3408,464.1785,0.00569435,19.3408,19.3408,19.3408,24.1760,24.1760,464.1785,0.00569435,106.3742,97.4416,377.1451,386.0777,0.00462666,0.00473624,0.00023726,7.1750,6.4906,0.0426,4.2045,0.0806,708.8314,98.7913,8.8300,6.6350,4.0407,4.4018,8.4329,14.3073,20.7715,40.8781,4.2012,0.0,4.718859,9.286678,1.630025,30,242,81,2,0.30276321,0.00593162,-0.00694385,0E-8,0.000000,0.904604,0.002289,0.01846642,2026-03-22,2026-08-06,115,6001,2406,138,0.833333,1.330819,1.230659,1.009211,,,,,,,,GLOBAL_BASELINE_NO_ENTITY_RANKING,,,NOT_APPLICABLE_GLOBAL_BASELINE,HF9g-P5,,,,X 全窗基线 · 不参与实体赏罚,8399955,840,A168_HF9F_20260827_0900,2026-08-27 09:00:00
2026-05-10,36810153,2101,0,8.8226026678,-8.8226026678,-8.8226026678,0E-7,2,2,0.49994810000000000,0.499948100000,-1.4140667746232096,-1.4140667746232096,-1.4140667746232096,0E-17,ELIGIBLE,R03b_20260811_FULL_v1,L1_ELIGIBILITY,v2026-08-11,2026-03-21..2026-08-06,baccarat_bet02_101_all_pairs_incl_sentinel,round_win = game_pnl > 0 (decisive only),COMPATIBILITY_ONLY_NOT_PRODUCTION,81515.6139,73739.3596,483.5193,11361,11361,-0.00593162,0.00694385,-0.01152257,-0.00593162,-483.5193,81515.6139,OK,0.0000,19.3408,4.0000,96.0000,AG03-UNRESOLVED,ALL5_LEVELS_bet23_to_bet27,19.3408,19.3408,19.3408,24.1760,24.1760,4.000000,4.000000,4.000000,5.000000,5.000000,96.000000,96.000000,96.000000,95.000000,95.000000,5.0,106.3742,97.4416,377.1451,386.0777,PENDING_AG03,FALSE,NOT_FOR_ENFORCEMENT,464.1785,70789.7852,483.5193,464.1785,19.3408,0.00593162,0.00569435,19.3408,464.1785,0.00569435,19.3408,19.3408,19.3408,24.1760,24.1760,464.1785,0.00569435,106.3742,97.4416,377.1451,386.0777,0.00462666,0.00473624,0.00023726,7.1750,6.4906,0.0426,4.2045,0.0806,708.8314,98.7913,8.8300,6.6350,4.0407,4.4018,8.4329,14.3073,20.7715,40.8781,4.2012,0.0,4.718859,9.286678,1.630025,30,242,81,2,0.30276321,0.00593162,-0.00694385,0E-8,0.000000,0.904604,0.002289,0.01846642,2026-03-22,2026-08-06,115,6001,2406,138,0.833333,1.330819,1.230659,1.009211,,,,,,,,GLOBAL_BASELINE_NO_ENTITY_RANKING,,,NOT_APPLICABLE_GLOBAL_BASELINE,HF9g-P5,,,,X 全窗基线 · 不参与实体赏罚,8399956,840,A168_HF9F_20260827_0900,2026-08-27 09:00:00
2026-05-10,36810153,2103,0,2.1006196828,2.1006196828,2.1006196828,1.0000000,1,1,0.49324550000000000,0.493245500000,1.01360149184955,1.01360149184955,1.01360149184955,0E-17,ELIGIBLE,R03b_20260811_FULL_v1,L1_ELIGIBILITY,v2026-08-11,2026-03-21..2026-08-06,baccarat_bet02_101_all_pairs_incl_sentinel,round_win = game_pnl > 0 (decisive only),COMPATIBILITY_ONLY_NOT_PRODUCTION,81515.6139,73739.3596,483.5193,11361,11361,-0.00593162,0.00694385,-0.01152257,-0.00593162,-483.5193,81515.6139,OK,0.0000,19.3408,4.0000,96.0000,AG03-UNRESOLVED,ALL5_LEVELS_bet23_to_bet27,19.3408,19.3408,19.3408,24.1760,24.1760,4.000000,4.000000,4.000000,5.000000,5.000000,96.000000,96.000000,96.000000,95.000000,95.000000,5.0,106.3742,97.4416,377.1451,386.0777,PENDING_AG03,FALSE,NOT_FOR_ENFORCEMENT,464.1785,70789.7852,483.5193,464.1785,19.3408,0.00593162,0.00569435,19.3408,464.1785,0.00569435,19.3408,19.3408,19.3408,24.1760,24.1760,464.1785,0.00569435,106.3742,97.4416,377.1451,386.0777,0.00462666,0.00473624,0.00023726,7.1750,6.4906,0.0426,4.2045,0.0806,708.8314,98.7913,8.8300,6.6350,4.0407,4.4018,8.4329,14.3073,20.7715,40.8781,4.2012,0.0,4.718859,9.286678,1.630025,30,242,81,2,0.30276321,0.00593162,-0.00694385,0E-8,0.000000,0.904604,0.002289,0.01846642,2026-03-22,2026-08-06,115,6001,2406,138,0.833333,1.330819,1.230659,1.009211,,,,,,,,GLOBAL_BASELINE_NO_ENTITY_RANKING,,,NOT_APPLICABLE_GLOBAL_BASELINE,HF9g-P5,,,,X 全窗基线 · 不参与实体赏罚,8399957,840,A168_HF9F_20260827_0900,2026-08-27 09:00:00
2026-05-10,36810153,2106,0,2.1006196828,-2.1006196828,-2.1006196828,0E-7,1,1,0.49324550000000000,0.493245500000,-0.9865810262130424,-0.9865810262130424,-0.9865810262130424,0E-17,ELIGIBLE,R03b_20260811_FULL_v1,L1_ELIGIBILITY,v2026-08-11,2026-03-21..2026-08-06,baccarat_bet02_101_all_pairs_incl_sentinel,round_win = game_pnl > 0 (decisive only),COMPATIBILITY_ONLY_NOT_PRODUCTION,81515.6139,73739.3596,483.5193,11361,11361,-0.00593162,0.00694385,-0.01152257,-0.00593162,-483.5193,81515.6139,OK,0.0000,19.3408,4.0000,96.0000,AG03-UNRESOLVED,ALL5_LEVELS_bet23_to_bet27,19.3408,19.3408,19.3408,24.1760,24.1760,4.000000,4.000000,4.000000,5.000000,5.000000,96.000000,96.000000,96.000000,95.000000,95.000000,5.0,106.3742,97.4416,377.1451,386.0777,PENDING_AG03,FALSE,NOT_FOR_ENFORCEMENT,464.1785,70789.7852,483.5193,464.1785,19.3408,0.00593162,0.00569435,19.3408,464.1785,0.00569435,19.3408,19.3408,19.3408,24.1760,24.1760,464.1785,0.00569435,106.3742,97.4416,377.1451,386.0777,0.00462666,0.00473624,0.00023726,7.1750,6.4906,0.0426,4.2045,0.0806,708.8314,98.7913,8.8300,6.6350,4.0407,4.4018,8.4329,14.3073,20.7715,40.8781,4.2012,0.0,4.718859,9.286678,1.630025,30,242,81,2,0.30276321,0.00593162,-0.00694385,0E-8,0.000000,0.904604,0.002289,0.01846642,2026-03-22,2026-08-06,115,6001,2406,138,0.833333,1.330819,1.230659,1.009211,,,,,,,,GLOBAL_BASELINE_NO_ENTITY_RANKING,,,NOT_APPLICABLE_GLOBAL_BASELINE,HF9g-P5,,,,X 全窗基线 · 不参与实体赏罚,8399958,840,A168_HF9F_20260827_0900,2026-08-27 09:00:00
2026-05-10,36810153,2115,0,4.4113013339,4.4113013339,4.4113013339,1.0000000,1,1,0.49324550000000000,0.493245500000,1.01360149184955,1.01360149184955,1.01360149184955,0E-17,ELIGIBLE,R03b_20260811_FULL_v1,L1_ELIGIBILITY,v2026-08-11,2026-03-21..2026-08-06,baccarat_bet02_101_all_pairs_incl_sentinel,round_win = game_pnl > 0 (decisive only),COMPATIBILITY_ONLY_NOT_PRODUCTION,81515.6139,73739.3596,483.5193,11361,11361,-0.00593162,0.00694385,-0.01152257,-0.00593162,-483.5193,81515.6139,OK,0.0000,19.3408,4.0000,96.0000,AG03-UNRESOLVED,ALL5_LEVELS_bet23_to_bet27,19.3408,19.3408,19.3408,24.1760,24.1760,4.000000,4.000000,4.000000,5.000000,5.000000,96.000000,96.000000,96.000000,95.000000,95.000000,5.0,106.3742,97.4416,377.1451,386.0777,PENDING_AG03,FALSE,NOT_FOR_ENFORCEMENT,464.1785,70789.7852,483.5193,464.1785,19.3408,0.00593162,0.00569435,19.3408,464.1785,0.00569435,19.3408,19.3408,19.3408,24.1760,24.1760,464.1785,0.00569435,106.3742,97.4416,377.1451,386.0777,0.00462666,0.00473624,0.00023726,7.1750,6.4906,0.0426,4.2045,0.0806,708.8314,98.7913,8.8300,6.6350,4.0407,4.4018,8.4329,14.3073,20.7715,40.8781,4.2012,0.0,4.718859,9.286678,1.630025,30,242,81,2,0.30276321,0.00593162,-0.00694385,0E-8,0.000000,0.904604,0.002289,0.01846642,2026-03-22,2026-08-06,115,6001,2406,138,0.833333,1.330819,1.230659,1.009211,,,,,,,,GLOBAL_BASELINE_NO_ENTITY_RANKING,,,NOT_APPLICABLE_GLOBAL_BASELINE,HF9g-P5,,,,X 全窗基线 · 不参与实体赏罚,8399959,840,A168_HF9F_20260827_0900,2026-08-27 09:00:00
2026-05-10,36810153,2121,0,6.3018590484,1.8905577145,1.8905577145,0.5000000,2,2,0.49994810000000000,0.499948100000,0.00014679536856514622,0.00014679536856514622,0.00014679536856514622,0E-17,ELIGIBLE,R03b_20260811_FULL_v1,L1_ELIGIBILITY,v2026-08-11,2026-03-21..2026-08-06,baccarat_bet02_101_all_pairs_incl_sentinel,round_win = game_pnl > 0 (decisive only),COMPATIBILITY_ONLY_NOT_PRODUCTION,81515.6139,73739.3596,483.5193,11361,11361,-0.00593162,0.00694385,-0.01152257,-0.00593162,-483.5193,81515.6139,OK,0.0000,19.3408,4.0000,96.0000,AG03-UNRESOLVED,ALL5_LEVELS_bet23_to_bet27,19.3408,19.3408,19.3408,24.1760,24.1760,4.000000,4.000000,4.000000,5.000000,5.000000,96.000000,96.000000,96.000000,95.000000,95.000000,5.0,106.3742,97.4416,377.1451,386.0777,PENDING_AG03,FALSE,NOT_FOR_ENFORCEMENT,464.1785,70789.7852,483.5193,464.1785,19.3408,0.00593162,0.00569435,19.3408,464.1785,0.00569435,19.3408,19.3408,19.3408,24.1760,24.1760,464.1785,0.00569435,106.3742,97.4416,377.1451,386.0777,0.00462666,0.00473624,0.00023726,7.1750,6.4906,0.0426,4.2045,0.0806,708.8314,98.7913,8.8300,6.6350,4.0407,4.4018,8.4329,14.3073,20.7715,40.8781,4.2012,0.0,4.718859,9.286678,1.630025,30,242,81,2,0.30276321,0.00593162,-0.00694385,0E-8,0.000000,0.904604,0.002289,0.01846642,2026-03-22,2026-08-06,115,6001,2406,138,0.833333,1.330819,1.230659,1.009211,,,,,,,,GLOBAL_BASELINE_NO_ENTITY_RANKING,,,NOT_APPLICABLE_GLOBAL_BASELINE,HF9g-P5,,,,X 全窗基线 · 不参与实体赏罚,8399960,840,A168_HF9F_20260827_0900,2026-08-27 09:00:00
2026-05-10,36810153,2130,0,6.9320449532,-6.9320449532,-6.9320449532,0E-7,2,2,0.49994810000000000,0.499948100000,-1.4140667746232096,-1.4140667746232096,-1.4140667746232096,0E-17,ELIGIBLE,R03b_20260811_FULL_v1,L1_ELIGIBILITY,v2026-08-11,2026-03-21..2026-08-06,baccarat_bet02_101_all_pairs_incl_sentinel,round_win = game_pnl > 0 (decisive only),COMPATIBILITY_ONLY_NOT_PRODUCTION,81515.6139,73739.3596,483.5193,11361,11361,-0.00593162,0.00694385,-0.01152257,-0.00593162,-483.5193,81515.6139,OK,0.0000,19.3408,4.0000,96.0000,AG03-UNRESOLVED,ALL5_LEVELS_bet23_to_bet27,19.3408,19.3408,19.3408,24.1760,24.1760,4.000000,4.000000,4.000000,5.000000,5.000000,96.000000,96.000000,96.000000,95.000000,95.000000,5.0,106.3742,97.4416,377.1451,386.0777,PENDING_AG03,FALSE,NOT_FOR_ENFORCEMENT,464.1785,70789.7852,483.5193,464.1785,19.3408,0.00593162,0.00569435,19.3408,464.1785,0.00569435,19.3408,19.3408,19.3408,24.1760,24.1760,464.1785,0.00569435,106.3742,97.4416,377.1451,386.0777,0.00462666,0.00473624,0.00023726,7.1750,6.4906,0.0426,4.2045,0.0806,708.8314,98.7913,8.8300,6.6350,4.0407,4.4018,8.4329,14.3073,20.7715,40.8781,4.2012,0.0,4.718859,9.286678,1.630025,30,242,81,2,0.30276321,0.00593162,-0.00694385,0E-8,0.000000,0.904604,0.002289,0.01846642,2026-03-22,2026-08-06,115,6001,2406,138,0.833333,1.330819,1.230659,1.009211,,,,,,,,GLOBAL_BASELINE_NO_ENTITY_RANKING,,,NOT_APPLICABLE_GLOBAL_BASELINE,HF9g-P5,,,,X 全窗基线 · 不参与实体赏罚,8399961,840,A168_HF9F_20260827_0900,2026-08-27 09:00:00
2026-05-10,36810153,2142,0,12.3936561285,-12.3936561285,-12.3936561285,0E-7,2,2,0.49994810000000000,0.499948100000,-1.4140667746232096,-1.4140667746232096,-1.4140667746232096,0E-17,ELIGIBLE,R03b_20260811_FULL_v1,L1_ELIGIBILITY,v2026-08-11,2026-03-21..2026-08-06,baccarat_bet02_101_all_pairs_incl_sentinel,round_win = game_pnl > 0 (decisive only),COMPATIBILITY_ONLY_NOT_PRODUCTION,81515.6139,73739.3596,483.5193,11361,11361,-0.00593162,0.00694385,-0.01152257,-0.00593162,-483.5193,81515.6139,OK,0.0000,19.3408,4.0000,96.0000,AG03-UNRESOLVED,ALL5_LEVELS_bet23_to_bet27,19.3408,19.3408,19.3408,24.1760,24.1760,4.000000,4.000000,4.000000,5.000000,5.000000,96.000000,96.000000,96.000000,95.000000,95.000000,5.0,106.3742,97.4416,377.1451,386.0777,PENDING_AG03,FALSE,NOT_FOR_ENFORCEMENT,464.1785,70789.7852,483.5193,464.1785,19.3408,0.00593162,0.00569435,19.3408,464.1785,0.00569435,19.3408,19.3408,19.3408,24.1760,24.1760,464.1785,0.00569435,106.3742,97.4416,377.1451,386.0777,0.00462666,0.00473624,0.00023726,7.1750,6.4906,0.0426,4.2045,0.0806,708.8314,98.7913,8.8300,6.6350,4.0407,4.4018,8.4329,14.3073,20.7715,40.8781,4.2012,0.0,4.718859,9.286678,1.630025,30,242,81,2,0.30276321,0.00593162,-0.00694385,0E-8,0.000000,0.904604,0.002289,0.01846642,2026-03-22,2026-08-06,115,6001,2406,138,0.833333,1.330819,1.230659,1.009211,,,,,,,,GLOBAL_BASELINE_NO_ENTITY_RANKING,,,NOT_APPLICABLE_GLOBAL_BASELINE,HF9g-P5,,,,X 全窗基线 · 不参与实体赏罚,8399962,840,A168_HF9F_20260827_0900,2026-08-27 09:00:00
2026-05-10,36810153,2145,0,6.3018590484,-6.3018590484,-6.3018590484,0E-7,2,2,0.49994810000000000,0.499948100000,-1.4140667746232096,-1.4140667746232096,-1.4140667746232096,0E-17,ELIGIBLE,R03b_20260811_FULL_v1,L1_ELIGIBILITY,v2026-08-11,2026-03-21..2026-08-06,baccarat_bet02_101_all_pairs_incl_sentinel,round_win = game_pnl > 0 (decisive only),COMPATIBILITY_ONLY_NOT_PRODUCTION,81515.6139,73739.3596,483.5193,11361,11361,-0.00593162,0.00694385,-0.01152257,-0.00593162,-483.5193,81515.6139,OK,0.0000,19.3408,4.0000,96.0000,AG03-UNRESOLVED,ALL5_LEVELS_bet23_to_bet27,19.3408,19.3408,19.3408,24.1760,24.1760,4.000000,4.000000,4.000000,5.000000,5.000000,96.000000,96.000000,96.000000,95.000000,95.000000,5.0,106.3742,97.4416,377.1451,386.0777,PENDING_AG03,FALSE,NOT_FOR_ENFORCEMENT,464.1785,70789.7852,483.5193,464.1785,19.3408,0.00593162,0.00569435,19.3408,464.1785,0.00569435,19.3408,19.3408,19.3408,24.1760,24.1760,464.1785,0.00569435,106.3742,97.4416,377.1451,386.0777,0.00462666,0.00473624,0.00023726,7.1750,6.4906,0.0426,4.2045,0.0806,708.8314,98.7913,8.8300,6.6350,4.0407,4.4018,8.4329,14.3073,20.7715,40.8781,4.2012,0.0,4.718859,9.286678,1.630025,30,242,81,2,0.30276321,0.00593162,-0.00694385,0E-8,0.000000,0.904604,0.002289,0.01846642,2026-03-22,2026-08-06,115,6001,2406,138,0.833333,1.330819,1.230659,1.009211,,,,,,,,GLOBAL_BASELINE_NO_ENTITY_RANKING,,,NOT_APPLICABLE_GLOBAL_BASELINE,HF9g-P5,,,,X 全窗基线 · 不参与实体赏罚,8399963,840,A168_HF9F_20260827_0900,2026-08-27 09:00:00
2026-05-10,36810153,2147,0,12.1835941603,-0.4201239365,-0.4201239365,0.6666667,3,3,0.49324550000000000,0.493245500000,0.6008033672792107,0.6008033672792106,0.6008033672792107,0E-17,ELIGIBLE,R03b_20260811_FULL_v1,L1_ELIGIBILITY,v2026-08-11,2026-03-21..2026-08-06,baccarat_bet02_101_all_pairs_incl_sentinel,round_win = game_pnl > 0 (decisive only),COMPATIBILITY_ONLY_NOT_PRODUCTION,81515.6139,73739.3596,483.5193,11361,11361,-0.00593162,0.00694385,-0.01152257,-0.00593162,-483.5193,81515.6139,OK,0.0000,19.3408,4.0000,96.0000,AG03-UNRESOLVED,ALL5_LEVELS_bet23_to_bet27,19.3408,19.3408,19.3408,24.1760,24.1760,4.000000,4.000000,4.000000,5.000000,5.000000,96.000000,96.000000,96.000000,95.000000,95.000000,5.0,106.3742,97.4416,377.1451,386.0777,PENDING_AG03,FALSE,NOT_FOR_ENFORCEMENT,464.1785,70789.7852,483.5193,464.1785,19.3408,0.00593162,0.00569435,19.3408,464.1785,0.00569435,19.3408,19.3408,19.3408,24.1760,24.1760,464.1785,0.00569435,106.3742,97.4416,377.1451,386.0777,0.00462666,0.00473624,0.00023726,7.1750,6.4906,0.0426,4.2045,0.0806,708.8314,98.7913,8.8300,6.6350,4.0407,4.4018,8.4329,14.3073,20.7715,40.8781,4.2012,0.0,4.718859,9.286678,1.630025,30,242,81,2,0.30276321,0.00593162,-0.00694385,0E-8,0.000000,0.904604,0.002289,0.01846642,2026-03-22,2026-08-06,115,6001,2406,138,0.833333,1.330819,1.230659,1.009211,,,,,,,,GLOBAL_BASELINE_NO_ENTITY_RANKING,,,NOT_APPLICABLE_GLOBAL_BASELINE,HF9g-P5,,,,X 全窗基线 · 不参与实体赏罚,8399964,840,A168_HF9F_20260827_0900,2026-08-27 09:00:00
2026-05-10,36810153,2152,0,6.5119210167,-1.8905577145,-1.8905577145,0.5000000,2,2,0.49324550000000000,0.493245500000,0.01910635448239258,0.01910635448239258,0.01910635448239258,0E-17,ELIGIBLE,R03b_20260811_FULL_v1,L1_ELIGIBILITY,v2026-08-11,2026-03-21..2026-08-06,baccarat_bet02_101_all_pairs_incl_sentinel,round_win = game_pnl > 0 (decisive only),COMPATIBILITY_ONLY_NOT_PRODUCTION,81515.6139,73739.3596,483.5193,11361,11361,-0.00593162,0.00694385,-0.01152257,-0.00593162,-483.5193,81515.6139,OK,0.0000,19.3408,4.0000,96.0000,AG03-UNRESOLVED,ALL5_LEVELS_bet23_to_bet27,19.3408,19.3408,19.3408,24.1760,24.1760,4.000000,4.000000,4.000000,5.000000,5.000000,96.000000,96.000000,96.000000,95.000000,95.000000,5.0,106.3742,97.4416,377.1451,386.0777,PENDING_AG03,FALSE,NOT_FOR_ENFORCEMENT,464.1785,70789.7852,483.5193,464.1785,19.3408,0.00593162,0.00569435,19.3408,464.1785,0.00569435,19.3408,19.3408,19.3408,24.1760,24.1760,464.1785,0.00569435,106.3742,97.4416,377.1451,386.0777,0.00462666,0.00473624,0.00023726,7.1750,6.4906,0.0426,4.2045,0.0806,708.8314,98.7913,8.8300,6.6350,4.0407,4.4018,8.4329,14.3073,20.7715,40.8781,4.2012,0.0,4.718859,9.286678,1.630025,30,242,81,2,0.30276321,0.00593162,-0.00694385,0E-8,0.000000,0.904604,0.002289,0.01846642,2026-03-22,2026-08-06,115,6001,2406,138,0.833333,1.330819,1.230659,1.009211,,,,,,,,GLOBAL_BASELINE_NO_ENTITY_RANKING,,,NOT_APPLICABLE_GLOBAL_BASELINE,HF9g-P5,,,,X 全窗基线 · 不参与实体赏罚,8399965,840,A168_HF9F_20260827_0900,2026-08-27 09:00:00
2026-05-10,36810153,2155,0,6.3018590484,-0.1050309841,-0.1050309841,0.5000000,3,3,0.50665070000000000,0.506650700000,-0.018812684590367487,-0.018812684590367487,-0.018812684590367487,0E-17,ELIGIBLE,R03b_20260811_FULL_v1,L1_ELIGIBILITY,v2026-08-11,2026-03-21..2026-08-06,baccarat_bet02_101_all_pairs_incl_sentinel,round_win = game_pnl > 0 (decisive only),COMPATIBILITY_ONLY_NOT_PRODUCTION,81515.6139,73739.3596,483.5193,11361,11361,-0.00593162,0.00694385,-0.01152257,-0.00593162,-483.5193,81515.6139,OK,0.0000,19.3408,4.0000,96.0000,AG03-UNRESOLVED,ALL5_LEVELS_bet23_to_bet27,19.3408,19.3408,19.3408,24.1760,24.1760,4.000000,4.000000,4.000000,5.000000,5.000000,96.000000,96.000000,96.000000,95.000000,95.000000,5.0,106.3742,97.4416,377.1451,386.0777,PENDING_AG03,FALSE,NOT_FOR_ENFORCEMENT,464.1785,70789.7852,483.5193,464.1785,19.3408,0.00593162,0.00569435,19.3408,464.1785,0.00569435,19.3408,19.3408,19.3408,24.1760,24.1760,464.1785,0.00569435,106.3742,97.4416,377.1451,386.0777,0.00462666,0.00473624,0.00023726,7.1750,6.4906,0.0426,4.2045,0.0806,708.8314,98.7913,8.8300,6.6350,4.0407,4.4018,8.4329,14.3073,20.7715,40.8781,4.2012,0.0,4.718859,9.286678,1.630025,30,242,81,2,0.30276321,0.00593162,-0.00694385,0E-8,0.000000,0.904604,0.002289,0.01846642,2026-03-22,2026-08-06,115,6001,2406,138,0.833333,1.330819,1.230659,1.009211,,,,,,,,GLOBAL_BASELINE_NO_ENTITY_RANKING,,,NOT_APPLICABLE_GLOBAL_BASELINE,HF9g-P5,,,,X 全窗基线 · 不参与实体赏罚,8399966,840,A168_HF9F_20260827_0900,2026-08-27 09:00:00
2026-05-10,36810153,2167,0,0.6301859048,-0.6301859048,-0.6301859048,0E-7,1,1,0.49324550000000000,0.493245500000,-0.9865810262130424,-0.9865810262130424,-0.9865810262130424,0E-17,ELIGIBLE,R03b_20260811_FULL_v1,L1_ELIGIBILITY,v2026-08-11,2026-03-21..2026-08-06,baccarat_bet02_101_all_pairs_incl_sentinel,round_win = game_pnl > 0 (decisive only),COMPATIBILITY_ONLY_NOT_PRODUCTION,81515.6139,73739.3596,483.5193,11361,11361,-0.00593162,0.00694385,-0.01152257,-0.00593162,-483.5193,81515.6139,OK,0.0000,19.3408,4.0000,96.0000,AG03-UNRESOLVED,ALL5_LEVELS_bet23_to_bet27,19.3408,19.3408,19.3408,24.1760,24.1760,4.000000,4.000000,4.000000,5.000000,5.000000,96.000000,96.000000,96.000000,95.000000,95.000000,5.0,106.3742,97.4416,377.1451,386.0777,PENDING_AG03,FALSE,NOT_FOR_ENFORCEMENT,464.1785,70789.7852,483.5193,464.1785,19.3408,0.00593162,0.00569435,19.3408,464.1785,0.00569435,19.3408,19.3408,19.3408,24.1760,24.1760,464.1785,0.00569435,106.3742,97.4416,377.1451,386.0777,0.00462666,0.00473624,0.00023726,7.1750,6.4906,0.0426,4.2045,0.0806,708.8314,98.7913,8.8300,6.6350,4.0407,4.4018,8.4329,14.3073,20.7715,40.8781,4.2012,0.0,4.718859,9.286678,1.630025,30,242,81,2,0.30276321,0.00593162,-0.00694385,0E-8,0.000000,0.904604,0.002289,0.01846642,2026-03-22,2026-08-06,115,6001,2406,138,0.833333,1.330819,1.230659,1.009211,,,,,,,,GLOBAL_BASELINE_NO_ENTITY_RANKING,,,NOT_APPLICABLE_GLOBAL_BASELINE,HF9g-P5,,,,X 全窗基线 · 不参与实体赏罚,8399967,840,A168_HF9F_20260827_0900,2026-08-27 09:00:00
2026-05-10,36810153,2174,0,10.0829744775,-2.5207436193,-2.5207436193,0.5000000,4,4,0.49659680000000000,0.496596800000,0.013613115331600182,0.013613115331600183,0.013613115331600182,0E-17,ELIGIBLE,R03b_20260811_FULL_v1,L1_ELIGIBILITY,v2026-08-11,2026-03-21..2026-08-06,baccarat_bet02_101_all_pairs_incl_sentinel,round_win = game_pnl > 0 (decisive only),COMPATIBILITY_ONLY_NOT_PRODUCTION,81515.6139,73739.3596,483.5193,11361,11361,-0.00593162,0.00694385,-0.01152257,-0.00593162,-483.5193,81515.6139,OK,0.0000,19.3408,4.0000,96.0000,AG03-UNRESOLVED,ALL5_LEVELS_bet23_to_bet27,19.3408,19.3408,19.3408,24.1760,24.1760,4.000000,4.000000,4.000000,5.000000,5.000000,96.000000,96.000000,96.000000,95.000000,95.000000,5.0,106.3742,97.4416,377.1451,386.0777,PENDING_AG03,FALSE,NOT_FOR_ENFORCEMENT,464.1785,70789.7852,483.5193,464.1785,19.3408,0.00593162,0.00569435,19.3408,464.1785,0.00569435,19.3408,19.3408,19.3408,24.1760,24.1760,464.1785,0.00569435,106.3742,97.4416,377.1451,386.0777,0.00462666,0.00473624,0.00023726,7.1750,6.4906,0.0426,4.2045,0.0806,708.8314,98.7913,8.8300,6.6350,4.0407,4.4018,8.4329,14.3073,20.7715,40.8781,4.2012,0.0,4.718859,9.286678,1.630025,30,242,81,2,0.30276321,0.00593162,-0.00694385,0E-8,0.000000,0.904604,0.002289,0.01846642,2026-03-22,2026-08-06,115,6001,2406,138,0.833333,1.330819,1.230659,1.009211,,,,,,,,GLOBAL_BASELINE_NO_ENTITY_RANKING,,,NOT_APPLICABLE_GLOBAL_BASELINE,HF9g-P5,,,,X 全窗基线 · 不参与实体赏罚,8399968,840,A168_HF9F_20260827_0900,2026-08-27 09:00:00
2026-05-10,36810153,2177,0,2.1006196828,-2.1006196828,-2.1006196828,0E-7,1,1,0.49324550000000000,0.493245500000,-0.9865810262130424,-0.9865810262130424,-0.9865810262130424,0E-17,ELIGIBLE,R03b_20260811_FULL_v1,L1_ELIGIBILITY,v2026-08-11,2026-03-21..2026-08-06,baccarat_bet02_101_all_pairs_incl_sentinel,round_win = game_pnl > 0 (decisive only),COMPATIBILITY_ONLY_NOT_PRODUCTION,81515.6139,73739.3596,483.5193,11361,11361,-0.00593162,0.00694385,-0.01152257,-0.00593162,-483.5193,81515.6139,OK,0.0000,19.3408,4.0000,96.0000,AG03-UNRESOLVED,ALL5_LEVELS_bet23_to_bet27,19.3408,19.3408,19.3408,24.1760,24.1760,4.000000,4.000000,4.000000,5.000000,5.000000,96.000000,96.000000,96.000000,95.000000,95.000000,5.0,106.3742,97.4416,377.1451,386.0777,PENDING_AG03,FALSE,NOT_FOR_ENFORCEMENT,464.1785,70789.7852,483.5193,464.1785,19.3408,0.00593162,0.00569435,19.3408,464.1785,0.00569435,19.3408,19.3408,19.3408,24.1760,24.1760,464.1785,0.00569435,106.3742,97.4416,377.1451,386.0777,0.00462666,0.00473624,0.00023726,7.1750,6.4906,0.0426,4.2045,0.0806,708.8314,98.7913,8.8300,6.6350,4.0407,4.4018,8.4329,14.3073,20.7715,40.8781,4.2012,0.0,4.718859,9.286678,1.630025,30,242,81,2,0.30276321,0.00593162,-0.00694385,0E-8,0.000000,0.904604,0.002289,0.01846642,2026-03-22,2026-08-06,115,6001,2406,138,0.833333,1.330819,1.230659,1.009211,,,,,,,,GLOBAL_BASELINE_NO_ENTITY_RANKING,,,NOT_APPLICABLE_GLOBAL_BASELINE,HF9g-P5,,,,X 全窗基线 · 不参与实体赏罚,8399969,840,A168_HF9F_20260827_0900,2026-08-27 09:00:00
2026-05-10,36810153,2188,0,4.2012393656,-4.2012393656,-4.2012393656,0E-7,1,1,0.50665070000000000,0.506650700000,-1.013391052207602,-1.013391052207602,-1.013391052207602,0E-17,ELIGIBLE,R03b_20260811_FULL_v1,L1_ELIGIBILITY,v2026-08-11,2026-03-21..2026-08-06,baccarat_bet02_101_all_pairs_incl_sentinel,round_win = game_pnl > 0 (decisive only),COMPATIBILITY_ONLY_NOT_PRODUCTION,81515.6139,73739.3596,483.5193,11361,11361,-0.00593162,0.00694385,-0.01152257,-0.00593162,-483.5193,81515.6139,OK,0.0000,19.3408,4.0000,96.0000,AG03-UNRESOLVED,ALL5_LEVELS_bet23_to_bet27,19.3408,19.3408,19.3408,24.1760,24.1760,4.000000,4.000000,4.000000,5.000000,5.000000,96.000000,96.000000,96.000000,95.000000,95.000000,5.0,106.3742,97.4416,377.1451,386.0777,PENDING_AG03,FALSE,NOT_FOR_ENFORCEMENT,464.1785,70789.7852,483.5193,464.1785,19.3408,0.00593162,0.00569435,19.3408,464.1785,0.00569435,19.3408,19.3408,19.3408,24.1760,24.1760,464.1785,0.00569435,106.3742,97.4416,377.1451,386.0777,0.00462666,0.00473624,0.00023726,7.1750,6.4906,0.0426,4.2045,0.0806,708.8314,98.7913,8.8300,6.6350,4.0407,4.4018,8.4329,14.3073,20.7715,40.8781,4.2012,0.0,4.718859,9.286678,1.630025,30,242,81,2,0.30276321,0.00593162,-0.00694385,0E-8,0.000000,0.904604,0.002289,0.01846642,2026-03-22,2026-08-06,115,6001,2406,138,0.833333,1.330819,1.230659,1.009211,,,,,,,,GLOBAL_BASELINE_NO_ENTITY_RANKING,,,NOT_APPLICABLE_GLOBAL_BASELINE,HF9g-P5,,,,X 全窗基线 · 不参与实体赏罚,8399970,840,A168_HF9F_20260827_0900,2026-08-27 09:00:00
2026-05-10,36810153,2209,0,8.4024787312,3.8861464132,3.8861464132,0.6666667,3,3,0.50665070000000000,0.506650700000,0.5543606114942035,0.5543606114942035,0.5543606114942035,0E-17,ELIGIBLE,R03b_20260811_FULL_v1,L1_ELIGIBILITY,v2026-08-11,2026-03-21..2026-08-06,baccarat_bet02_101_all_pairs_incl_sentinel,round_win = game_pnl > 0 (decisive only),COMPATIBILITY_ONLY_NOT_PRODUCTION,81515.6139,73739.3596,483.5193,11361,11361,-0.00593162,0.00694385,-0.01152257,-0.00593162,-483.5193,81515.6139,OK,0.0000,19.3408,4.0000,96.0000,AG03-UNRESOLVED,ALL5_LEVELS_bet23_to_bet27,19.3408,19.3408,19.3408,24.1760,24.1760,4.000000,4.000000,4.000000,5.000000,5.000000,96.000000,96.000000,96.000000,95.000000,95.000000,5.0,106.3742,97.4416,377.1451,386.0777,PENDING_AG03,FALSE,NOT_FOR_ENFORCEMENT,464.1785,70789.7852,483.5193,464.1785,19.3408,0.00593162,0.00569435,19.3408,464.1785,0.00569435,19.3408,19.3408,19.3408,24.1760,24.1760,464.1785,0.00569435,106.3742,97.4416,377.1451,386.0777,0.00462666,0.00473624,0.00023726,7.1750,6.4906,0.0426,4.2045,0.0806,708.8314,98.7913,8.8300,6.6350,4.0407,4.4018,8.4329,14.3073,20.7715,40.8781,4.2012,0.0,4.718859,9.286678,1.630025,30,242,81,2,0.30276321,0.00593162,-0.00694385,0E-8,0.000000,0.904604,0.002289,0.01846642,2026-03-22,2026-08-06,115,6001,2406,138,0.833333,1.330819,1.230659,1.009211,,,,,,,,GLOBAL_BASELINE_NO_ENTITY_RANKING,,,NOT_APPLICABLE_GLOBAL_BASELINE,HF9g-P5,,,,X 全窗基线 · 不参与实体赏罚,8399971,840,A168_HF9F_20260827_0900,2026-08-27 09:00:00
2026-05-10,36810153,2212,0,1.8905577145,-1.8905577145,-1.8905577145,0E-7,1,1,0.50665070000000000,0.506650700000,-1.013391052207602,-1.013391052207602,-1.013391052207602,0E-17,ELIGIBLE,R03b_20260811_FULL_v1,L1_ELIGIBILITY,v2026-08-11,2026-03-21..2026-08-06,baccarat_bet02_101_all_pairs_incl_sentinel,round_win = game_pnl > 0 (decisive only),COMPATIBILITY_ONLY_NOT_PRODUCTION,81515.6139,73739.3596,483.5193,11361,11361,-0.00593162,0.00694385,-0.01152257,-0.00593162,-483.5193,81515.6139,OK,0.0000,19.3408,4.0000,96.0000,AG03-UNRESOLVED,ALL5_LEVELS_bet23_to_bet27,19.3408,19.3408,19.3408,24.1760,24.1760,4.000000,4.000000,4.000000,5.000000,5.000000,96.000000,96.000000,96.000000,95.000000,95.000000,5.0,106.3742,97.4416,377.1451,386.0777,PENDING_AG03,FALSE,NOT_FOR_ENFORCEMENT,464.1785,70789.7852,483.5193,464.1785,19.3408,0.00593162,0.00569435,19.3408,464.1785,0.00569435,19.3408,19.3408,19.3408,24.1760,24.1760,464.1785,0.00569435,106.3742,97.4416,377.1451,386.0777,0.00462666,0.00473624,0.00023726,7.1750,6.4906,0.0426,4.2045,0.0806,708.8314,98.7913,8.8300,6.6350,4.0407,4.4018,8.4329,14.3073,20.7715,40.8781,4.2012,0.0,4.718859,9.286678,1.630025,30,242,81,2,0.30276321,0.00593162,-0.00694385,0E-8,0.000000,0.904604,0.002289,0.01846642,2026-03-22,2026-08-06,115,6001,2406,138,0.833333,1.330819,1.230659,1.009211,,,,,,,,GLOBAL_BASELINE_NO_ENTITY_RANKING,,,NOT_APPLICABLE_GLOBAL_BASELINE,HF9g-P5,,,,X 全窗基线 · 不参与实体赏罚,8399972,840,A168_HF9F_20260827_0900,2026-08-27 09:00:00
2026-05-10,36810153,2235,0,2.1006196828,2.1006196828,2.1006196828,1.0000000,1,1,0.49324550000000000,0.493245500000,1.01360149184955,1.01360149184955,1.01360149184955,0E-17,ELIGIBLE,R03b_20260811_FULL_v1,L1_ELIGIBILITY,v2026-08-11,2026-03-21..2026-08-06,baccarat_bet02_101_all_pairs_incl_sentinel,round_win = game_pnl > 0 (decisive only),COMPATIBILITY_ONLY_NOT_PRODUCTION,81515.6139,73739.3596,483.5193,11361,11361,-0.00593162,0.00694385,-0.01152257,-0.00593162,-483.5193,81515.6139,OK,0.0000,19.3408,4.0000,96.0000,AG03-UNRESOLVED,ALL5_LEVELS_bet23_to_bet27,19.3408,19.3408,19.3408,24.1760,24.1760,4.000000,4.000000,4.000000,5.000000,5.000000,96.000000,96.000000,96.000000,95.000000,95.000000,5.0,106.3742,97.4416,377.1451,386.0777,PENDING_AG03,FALSE,NOT_FOR_ENFORCEMENT,464.1785,70789.7852,483.5193,464.1785,19.3408,0.00593162,0.00569435,19.3408,464.1785,0.00569435,19.3408,19.3408,19.3408,24.1760,24.1760,464.1785,0.00569435,106.3742,97.4416,377.1451,386.0777,0.00462666,0.00473624,0.00023726,7.1750,6.4906,0.0426,4.2045,0.0806,708.8314,98.7913,8.8300,6.6350,4.0407,4.4018,8.4329,14.3073,20.7715,40.8781,4.2012,0.0,4.718859,9.286678,1.630025,30,242,81,2,0.30276321,0.00593162,-0.00694385,0E-8,0.000000,0.904604,0.002289,0.01846642,2026-03-22,2026-08-06,115,6001,2406,138,0.833333,1.330819,1.230659,1.009211,,,,,,,,GLOBAL_BASELINE_NO_ENTITY_RANKING,,,NOT_APPLICABLE_GLOBAL_BASELINE,HF9g-P5,,,,X 全窗基线 · 不参与实体赏罚,8399973,840,A168_HF9F_20260827_0900,2026-08-27 09:00:00
2026-05-10,36810153,2246,0,4.2012393656,3.9911773973,3.9911773973,1.0000000,1,1,0.50665070000000000,0.506650700000,0.9867858985152569,0.9867858985152569,0.9867858985152569,0E-17,ELIGIBLE,R03b_20260811_FULL_v1,L1_ELIGIBILITY,v2026-08-11,2026-03-21..2026-08-06,baccarat_bet02_101_all_pairs_incl_sentinel,round_win = game_pnl > 0 (decisive only),COMPATIBILITY_ONLY_NOT_PRODUCTION,81515.6139,73739.3596,483.5193,11361,11361,-0.00593162,0.00694385,-0.01152257,-0.00593162,-483.5193,81515.6139,OK,0.0000,19.3408,4.0000,96.0000,AG03-UNRESOLVED,ALL5_LEVELS_bet23_to_bet27,19.3408,19.3408,19.3408,24.1760,24.1760,4.000000,4.000000,4.000000,5.000000,5.000000,96.000000,96.000000,96.000000,95.000000,95.000000,5.0,106.3742,97.4416,377.1451,386.0777,PENDING_AG03,FALSE,NOT_FOR_ENFORCEMENT,464.1785,70789.7852,483.5193,464.1785,19.3408,0.00593162,0.00569435,19.3408,464.1785,0.00569435,19.3408,19.3408,19.3408,24.1760,24.1760,464.1785,0.00569435,106.3742,97.4416,377.1451,386.0777,0.00462666,0.00473624,0.00023726,7.1750,6.4906,0.0426,4.2045,0.0806,708.8314,98.7913,8.8300,6.6350,4.0407,4.4018,8.4329,14.3073,20.7715,40.8781,4.2012,0.0,4.718859,9.286678,1.630025,30,242,81,2,0.30276321,0.00593162,-0.00694385,0E-8,0.000000,0.904604,0.002289,0.01846642,2026-03-22,2026-08-06,115,6001,2406,138,0.833333,1.330819,1.230659,1.009211,,,,,,,,GLOBAL_BASELINE_NO_ENTITY_RANKING,,,NOT_APPLICABLE_GLOBAL_BASELINE,HF9g-P5,,,,X 全窗基线 · 不参与实体赏罚,8399974,840,A168_HF9F_20260827_0900,2026-08-27 09:00:00
2026-05-10,36810153,2258,0,4.2012393656,4.0962083815,4.0962083815,1.0000000,2,2,0.49994810000000000,0.499948100000,1.4143603653603398,1.4143603653603398,1.4143603653603398,0E-17,ELIGIBLE,R03b_20260811_FULL_v1,L1_ELIGIBILITY,v2026-08-11,2026-03-21..2026-08-06,baccarat_bet02_101_all_pairs_incl_sentinel,round_win = game_pnl > 0 (decisive only),COMPATIBILITY_ONLY_NOT_PRODUCTION,81515.6139,73739.3596,483.5193,11361,11361,-0.00593162,0.00694385,-0.01152257,-0.00593162,-483.5193,81515.6139,OK,0.0000,19.3408,4.0000,96.0000,AG03-UNRESOLVED,ALL5_LEVELS_bet23_to_bet27,19.3408,19.3408,19.3408,24.1760,24.1760,4.000000,4.000000,4.000000,5.000000,5.000000,96.000000,96.000000,96.000000,95.000000,95.000000,5.0,106.3742,97.4416,377.1451,386.0777,PENDING_AG03,FALSE,NOT_FOR_ENFORCEMENT,464.1785,70789.7852,483.5193,464.1785,19.3408,0.00593162,0.00569435,19.3408,464.1785,0.00569435,19.3408,19.3408,19.3408,24.1760,24.1760,464.1785,0.00569435,106.3742,97.4416,377.1451,386.0777,0.00462666,0.00473624,0.00023726,7.1750,6.4906,0.0426,4.2045,0.0806,708.8314,98.7913,8.8300,6.6350,4.0407,4.4018,8.4329,14.3073,20.7715,40.8781,4.2012,0.0,4.718859,9.286678,1.630025,30,242,81,2,0.30276321,0.00593162,-0.00694385,0E-8,0.000000,0.904604,0.002289,0.01846642,2026-03-22,2026-08-06,115,6001,2406,138,0.833333,1.330819,1.230659,1.009211,,,,,,,,GLOBAL_BASELINE_NO_ENTITY_RANKING,,,NOT_APPLICABLE_GLOBAL_BASELINE,HF9g-P5,,,,X 全窗基线 · 不参与实体赏罚,8399975,840,A168_HF9F_20260827_0900,2026-08-27 09:00:00
2026-05-10,36810153,2266,0,2.1006196828,2.1006196828,2.1006196828,1.0000000,1,1,0.49324550000000000,0.493245500000,1.01360149184955,1.01360149184955,1.01360149184955,0E-17,ELIGIBLE,R03b_20260811_FULL_v1,L1_ELIGIBILITY,v2026-08-11,2026-03-21..2026-08-06,baccarat_bet02_101_all_pairs_incl_sentinel,round_win = game_pnl > 0 (decisive only),COMPATIBILITY_ONLY_NOT_PRODUCTION,81515.6139,73739.3596,483.5193,11361,11361,-0.00593162,0.00694385,-0.01152257,-0.00593162,-483.5193,81515.6139,OK,0.0000,19.3408,4.0000,96.0000,AG03-UNRESOLVED,ALL5_LEVELS_bet23_to_bet27,19.3408,19.3408,19.3408,24.1760,24.1760,4.000000,4.000000,4.000000,5.000000,5.000000,96.000000,96.000000,96.000000,95.000000,95.000000,5.0,106.3742,97.4416,377.1451,386.0777,PENDING_AG03,FALSE,NOT_FOR_ENFORCEMENT,464.1785,70789.7852,483.5193,464.1785,19.3408,0.00593162,0.00569435,19.3408,464.1785,0.00569435,19.3408,19.3408,19.3408,24.1760,24.1760,464.1785,0.00569435,106.3742,97.4416,377.1451,386.0777,0.00462666,0.00473624,0.00023726,7.1750,6.4906,0.0426,4.2045,0.0806,708.8314,98.7913,8.8300,6.6350,4.0407,4.4018,8.4329,14.3073,20.7715,40.8781,4.2012,0.0,4.718859,9.286678,1.630025,30,242,81,2,0.30276321,0.00593162,-0.00694385,0E-8,0.000000,0.904604,0.002289,0.01846642,2026-03-22,2026-08-06,115,6001,2406,138,0.833333,1.330819,1.230659,1.009211,,,,,,,,GLOBAL_BASELINE_NO_ENTITY_RANKING,,,NOT_APPLICABLE_GLOBAL_BASELINE,HF9g-P5,,,,X 全窗基线 · 不参与实体赏罚,8399976,840,A168_HF9F_20260827_0900,2026-08-27 09:00:00
2026-05-10,36810153,2267,0,1.2603718097,1.2603718097,1.2603718097,1.0000000,1,1,0.49324550000000000,0.493245500000,1.01360149184955,1.01360149184955,1.01360149184955,0E-17,ELIGIBLE,R03b_20260811_FULL_v1,L1_ELIGIBILITY,v2026-08-11,2026-03-21..2026-08-06,baccarat_bet02_101_all_pairs_incl_sentinel,round_win = game_pnl > 0 (decisive only),COMPATIBILITY_ONLY_NOT_PRODUCTION,81515.6139,73739.3596,483.5193,11361,11361,-0.00593162,0.00694385,-0.01152257,-0.00593162,-483.5193,81515.6139,OK,0.0000,19.3408,4.0000,96.0000,AG03-UNRESOLVED,ALL5_LEVELS_bet23_to_bet27,19.3408,19.3408,19.3408,24.1760,24.1760,4.000000,4.000000,4.000000,5.000000,5.000000,96.000000,96.000000,96.000000,95.000000,95.000000,5.0,106.3742,97.4416,377.1451,386.0777,PENDING_AG03,FALSE,NOT_FOR_ENFORCEMENT,464.1785,70789.7852,483.5193,464.1785,19.3408,0.00593162,0.00569435,19.3408,464.1785,0.00569435,19.3408,19.3408,19.3408,24.1760,24.1760,464.1785,0.00569435,106.3742,97.4416,377.1451,386.0777,0.00462666,0.00473624,0.00023726,7.1750,6.4906,0.0426,4.2045,0.0806,708.8314,98.7913,8.8300,6.6350,4.0407,4.4018,8.4329,14.3073,20.7715,40.8781,4.2012,0.0,4.718859,9.286678,1.630025,30,242,81,2,0.30276321,0.00593162,-0.00694385,0E-8,0.000000,0.904604,0.002289,0.01846642,2026-03-22,2026-08-06,115,6001,2406,138,0.833333,1.330819,1.230659,1.009211,,,,,,,,GLOBAL_BASELINE_NO_ENTITY_RANKING,,,NOT_APPLICABLE_GLOBAL_BASELINE,HF9g-P5,,,,X 全窗基线 · 不参与实体赏罚,8399977,840,A168_HF9F_20260827_0900,2026-08-27 09:00:00
2026-05-10,36810153,471,0,3.9911773973,-3.9911773973,-3.9911773973,0E-7,1,1,0.49324550000000000,0.493245500000,-0.9865810262130424,-0.9865810262130424,-0.9865810262130424,0E-17,ELIGIBLE,R03b_20260811_FULL_v1,L1_ELIGIBILITY,v2026-08-11,2026-03-21..2026-08-06,baccarat_bet02_101_all_pairs_incl_sentinel,round_win = game_pnl > 0 (decisive only),COMPATIBILITY_ONLY_NOT_PRODUCTION,81515.6139,73739.3596,483.5193,11361,11361,-0.00593162,0.00694385,-0.01152257,-0.00593162,-483.5193,81515.6139,OK,0.0000,19.3408,4.0000,96.0000,AG03-UNRESOLVED,ALL5_LEVELS_bet23_to_bet27,19.3408,19.3408,19.3408,24.1760,24.1760,4.000000,4.000000,4.000000,5.000000,5.000000,96.000000,96.000000,96.000000,95.000000,95.000000,5.0,106.3742,97.4416,377.1451,386.0777,PENDING_AG03,FALSE,NOT_FOR_ENFORCEMENT,464.1785,70789.7852,483.5193,464.1785,19.3408,0.00593162,0.00569435,19.3408,464.1785,0.00569435,19.3408,19.3408,19.3408,24.1760,24.1760,464.1785,0.00569435,106.3742,97.4416,377.1451,386.0777,0.00462666,0.00473624,0.00023726,7.1750,6.4906,0.0426,4.2045,0.0806,708.8314,98.7913,8.8300,6.6350,4.0407,4.4018,8.4329,14.3073,20.7715,40.8781,4.2012,0.0,4.718859,9.286678,1.630025,30,242,81,2,0.30276321,0.00593162,-0.00694385,0E-8,0.000000,0.904604,0.002289,0.01846642,2026-03-22,2026-08-06,115,6001,2406,138,0.833333,1.330819,1.230659,1.009211,,,,,,,,GLOBAL_BASELINE_NO_ENTITY_RANKING,,,NOT_APPLICABLE_GLOBAL_BASELINE,HF9g-P5,,,,X 全窗基线 · 不参与实体赏罚,8399978,840,A168_HF9F_20260827_0900,2026-08-27 09:00:00
2026-05-10,36810153,526,0,4.2012393656,-4.2012393656,-4.2012393656,0E-7,1,1,0.50665070000000000,0.506650700000,-1.013391052207602,-1.013391052207602,-1.013391052207602,0E-17,ELIGIBLE,R03b_20260811_FULL_v1,L1_ELIGIBILITY,v2026-08-11,2026-03-21..2026-08-06,baccarat_bet02_101_all_pairs_incl_sentinel,round_win = game_pnl > 0 (decisive only),COMPATIBILITY_ONLY_NOT_PRODUCTION,81515.6139,73739.3596,483.5193,11361,11361,-0.00593162,0.00694385,-0.01152257,-0.00593162,-483.5193,81515.6139,OK,0.0000,19.3408,4.0000,96.0000,AG03-UNRESOLVED,ALL5_LEVELS_bet23_to_bet27,19.3408,19.3408,19.3408,24.1760,24.1760,4.000000,4.000000,4.000000,5.000000,5.000000,96.000000,96.000000,96.000000,95.000000,95.000000,5.0,106.3742,97.4416,377.1451,386.0777,PENDING_AG03,FALSE,NOT_FOR_ENFORCEMENT,464.1785,70789.7852,483.5193,464.1785,19.3408,0.00593162,0.00569435,19.3408,464.1785,0.00569435,19.3408,19.3408,19.3408,24.1760,24.1760,464.1785,0.00569435,106.3742,97.4416,377.1451,386.0777,0.00462666,0.00473624,0.00023726,7.1750,6.4906,0.0426,4.2045,0.0806,708.8314,98.7913,8.8300,6.6350,4.0407,4.4018,8.4329,14.3073,20.7715,40.8781,4.2012,0.0,4.718859,9.286678,1.630025,30,242,81,2,0.30276321,0.00593162,-0.00694385,0E-8,0.000000,0.904604,0.002289,0.01846642,2026-03-22,2026-08-06,115,6001,2406,138,0.833333,1.330819,1.230659,1.009211,,,,,,,,GLOBAL_BASELINE_NO_ENTITY_RANKING,,,NOT_APPLICABLE_GLOBAL_BASELINE,HF9g-P5,,,,X 全窗基线 · 不参与实体赏罚,8399979,840,A168_HF9F_20260827_0900,2026-08-27 09:00:00
2026-05-10,36810153,529,0,16.5948954941,-8.6125406995,-8.6125406995,0.3333333,3,3,0.49324550000000000,0.493245500000,-0.5540025479526107,-0.5540025479526106,-0.5540025479526107,0E-17,ELIGIBLE,R03b_20260811_FULL_v1,L1_ELIGIBILITY,v2026-08-11,2026-03-21..2026-08-06,baccarat_bet02_101_all_pairs_incl_sentinel,round_win = game_pnl > 0 (decisive only),COMPATIBILITY_ONLY_NOT_PRODUCTION,81515.6139,73739.3596,483.5193,11361,11361,-0.00593162,0.00694385,-0.01152257,-0.00593162,-483.5193,81515.6139,OK,0.0000,19.3408,4.0000,96.0000,AG03-UNRESOLVED,ALL5_LEVELS_bet23_to_bet27,19.3408,19.3408,19.3408,24.1760,24.1760,4.000000,4.000000,4.000000,5.000000,5.000000,96.000000,96.000000,96.000000,95.000000,95.000000,5.0,106.3742,97.4416,377.1451,386.0777,PENDING_AG03,FALSE,NOT_FOR_ENFORCEMENT,464.1785,70789.7852,483.5193,464.1785,19.3408,0.00593162,0.00569435,19.3408,464.1785,0.00569435,19.3408,19.3408,19.3408,24.1760,24.1760,464.1785,0.00569435,106.3742,97.4416,377.1451,386.0777,0.00462666,0.00473624,0.00023726,7.1750,6.4906,0.0426,4.2045,0.0806,708.8314,98.7913,8.8300,6.6350,4.0407,4.4018,8.4329,14.3073,20.7715,40.8781,4.2012,0.0,4.718859,9.286678,1.630025,30,242,81,2,0.30276321,0.00593162,-0.00694385,0E-8,0.000000,0.904604,0.002289,0.01846642,2026-03-22,2026-08-06,115,6001,2406,138,0.833333,1.330819,1.230659,1.009211,,,,,,,,GLOBAL_BASELINE_NO_ENTITY_RANKING,,,NOT_APPLICABLE_GLOBAL_BASELINE,HF9g-P5,,,,X 全窗基线 · 不参与实体赏罚,8399980,840,A168_HF9F_20260827_0900,2026-08-27 09:00:00
2026-05-10,36810153,583,0,2.1006196828,0E-10,0E-10,,1,1,0.49324550000000000,0.493245500000,,,,0E-17,NO_DECISIVE_ROUND,R03b_20260811_FULL_v1,L1_ELIGIBILITY,v2026-08-11,2026-03-21..2026-08-06,baccarat_bet02_101_all_pairs_incl_sentinel,round_win = game_pnl > 0 (decisive only),COMPATIBILITY_ONLY_NOT_PRODUCTION,81515.6139,73739.3596,483.5193,11361,11361,-0.00593162,0.00694385,-0.01152257,-0.00593162,-483.5193,81515.6139,OK,0.0000,19.3408,4.0000,96.0000,AG03-UNRESOLVED,ALL5_LEVELS_bet23_to_bet27,19.3408,19.3408,19.3408,24.1760,24.1760,4.000000,4.000000,4.000000,5.000000,5.000000,96.000000,96.000000,96.000000,95.000000,95.000000,5.0,106.3742,97.4416,377.1451,386.0777,PENDING_AG03,FALSE,NOT_FOR_ENFORCEMENT,464.1785,70789.7852,483.5193,464.1785,19.3408,0.00593162,0.00569435,19.3408,464.1785,0.00569435,19.3408,19.3408,19.3408,24.1760,24.1760,464.1785,0.00569435,106.3742,97.4416,377.1451,386.0777,0.00462666,0.00473624,0.00023726,7.1750,6.4906,0.0426,4.2045,0.0806,708.8314,98.7913,8.8300,6.6350,4.0407,4.4018,8.4329,14.3073,20.7715,40.8781,4.2012,0.0,4.718859,9.286678,1.630025,30,242,81,2,0.30276321,0.00593162,-0.00694385,0E-8,0.000000,0.904604,0.002289,0.01846642,2026-03-22,2026-08-06,115,6001,2406,138,0.833333,1.330819,1.230659,1.009211,,,,,,,,GLOBAL_BASELINE_NO_ENTITY_RANKING,,,NOT_APPLICABLE_GLOBAL_BASELINE,HF9g-P5,,,,X 全窗基线 · 不参与实体赏罚,8399981,840,A168_HF9F_20260827_0900,2026-08-27 09:00:00
2026-05-10,36810153,970,0,4.2012393656,3.9911773974,3.9911773974,1.0000000,2,2,0.50665070000000000,0.506650700000,1.3955260008387969,1.3955260008387969,1.3955260008387969,0E-17,ELIGIBLE,R03b_20260811_FULL_v1,L1_ELIGIBILITY,v2026-08-11,2026-03-21..2026-08-06,baccarat_bet02_101_all_pairs_incl_sentinel,round_win = game_pnl > 0 (decisive only),COMPATIBILITY_ONLY_NOT_PRODUCTION,81515.6139,73739.3596,483.5193,11361,11361,-0.00593162,0.00694385,-0.01152257,-0.00593162,-483.5193,81515.6139,OK,0.0000,19.3408,4.0000,96.0000,AG03-UNRESOLVED,ALL5_LEVELS_bet23_to_bet27,19.3408,19.3408,19.3408,24.1760,24.1760,4.000000,4.000000,4.000000,5.000000,5.000000,96.000000,96.000000,96.000000,95.000000,95.000000,5.0,106.3742,97.4416,377.1451,386.0777,PENDING_AG03,FALSE,NOT_FOR_ENFORCEMENT,464.1785,70789.7852,483.5193,464.1785,19.3408,0.00593162,0.00569435,19.3408,464.1785,0.00569435,19.3408,19.3408,19.3408,24.1760,24.1760,464.1785,0.00569435,106.3742,97.4416,377.1451,386.0777,0.00462666,0.00473624,0.00023726,7.1750,6.4906,0.0426,4.2045,0.0806,708.8314,98.7913,8.8300,6.6350,4.0407,4.4018,8.4329,14.3073,20.7715,40.8781,4.2012,0.0,4.718859,9.286678,1.630025,30,242,81,2,0.30276321,0.00593162,-0.00694385,0E-8,0.000000,0.904604,0.002289,0.01846642,2026-03-22,2026-08-06,115,6001,2406,138,0.833333,1.330819,1.230659,1.009211,,,,,,,,GLOBAL_BASELINE_NO_ENTITY_RANKING,,,NOT_APPLICABLE_GLOBAL_BASELINE,HF9g-P5,,,,X 全窗基线 · 不参与实体赏罚,8399982,840,A168_HF9F_20260827_0900,2026-08-27 09:00:00
2026-05-11,36810153,-1,1,15.5445856528,5.8082134230,5.8082134230,0.7142857,7,7,0.50473567142857143,0.504735671429,1.1088843393366314,1.1088843393343726,1.1088843393366314,-4.2857E-13,SENTINEL_DEALER,R03b_20260811_FULL_v1,L1_ELIGIBILITY,v2026-08-11,2026-03-21..2026-08-06,baccarat_bet02_101_all_pairs_incl_sentinel,round_win = game_pnl > 0 (decisive only),COMPATIBILITY_ONLY_NOT_PRODUCTION,81515.6139,73739.3596,483.5193,11361,11361,-0.00593162,0.00694385,-0.01152257,-0.00593162,-483.5193,81515.6139,OK,0.0000,19.3408,4.0000,96.0000,AG03-UNRESOLVED,ALL5_LEVELS_bet23_to_bet27,19.3408,19.3408,19.3408,24.1760,24.1760,4.000000,4.000000,4.000000,5.000000,5.000000,96.000000,96.000000,96.000000,95.000000,95.000000,5.0,106.3742,97.4416,377.1451,386.0777,PENDING_AG03,FALSE,NOT_FOR_ENFORCEMENT,464.1785,70789.7852,483.5193,464.1785,19.3408,0.00593162,0.00569435,19.3408,464.1785,0.00569435,19.3408,19.3408,19.3408,24.1760,24.1760,464.1785,0.00569435,106.3742,97.4416,377.1451,386.0777,0.00462666,0.00473624,0.00023726,7.1750,6.4906,0.0426,4.2045,0.0806,708.8314,98.7913,8.8300,6.6350,4.0407,4.4018,8.4329,14.3073,20.7715,40.8781,4.2012,0.0,4.718859,9.286678,1.630025,30,242,81,2,0.30276321,0.00593162,-0.00694385,0E-8,0.000000,0.904604,0.002289,0.01846642,2026-03-22,2026-08-06,115,6001,2406,138,0.833333,1.330819,1.230659,1.009211,,,,,,,,GLOBAL_BASELINE_NO_ENTITY_RANKING,,,NOT_APPLICABLE_GLOBAL_BASELINE,HF9g-P5,,,,X 全窗基线 · 不参与实体赏罚,8399983,840,A168_HF9F_20260827_0900,2026-08-27 09:00:00
2026-05-11,36810153,1114,0,3.3609914925,0.3781115429,0.3781115429,0.6666667,3,3,0.49771390000000000,0.497713900000,0.5852756695216578,0.5852756695216578,0.5852756695216578,0E-17,ELIGIBLE,R03b_20260811_FULL_v1,L1_ELIGIBILITY,v2026-08-11,2026-03-21..2026-08-06,baccarat_bet02_101_all_pairs_incl_sentinel,round_win = game_pnl > 0 (decisive only),COMPATIBILITY_ONLY_NOT_PRODUCTION,81515.6139,73739.3596,483.5193,11361,11361,-0.00593162,0.00694385,-0.01152257,-0.00593162,-483.5193,81515.6139,OK,0.0000,19.3408,4.0000,96.0000,AG03-UNRESOLVED,ALL5_LEVELS_bet23_to_bet27,19.3408,19.3408,19.3408,24.1760,24.1760,4.000000,4.000000,4.000000,5.000000,5.000000,96.000000,96.000000,96.000000,95.000000,95.000000,5.0,106.3742,97.4416,377.1451,386.0777,PENDING_AG03,FALSE,NOT_FOR_ENFORCEMENT,464.1785,70789.7852,483.5193,464.1785,19.3408,0.00593162,0.00569435,19.3408,464.1785,0.00569435,19.3408,19.3408,19.3408,24.1760,24.1760,464.1785,0.00569435,106.3742,97.4416,377.1451,386.0777,0.00462666,0.00473624,0.00023726,7.1750,6.4906,0.0426,4.2045,0.0806,708.8314,98.7913,8.8300,6.6350,4.0407,4.4018,8.4329,14.3073,20.7715,40.8781,4.2012,0.0,4.718859,9.286678,1.630025,30,242,81,2,0.30276321,0.00593162,-0.00694385,0E-8,0.000000,0.904604,0.002289,0.01846642,2026-03-22,2026-08-06,115,6001,2406,138,0.833333,1.330819,1.230659,1.009211,,,,,,,,GLOBAL_BASELINE_NO_ENTITY_RANKING,,,NOT_APPLICABLE_GLOBAL_BASELINE,HF9g-P5,,,,X 全窗基线 · 不参与实体赏罚,8399984,840,A168_HF9F_20260827_0900,2026-08-27 09:00:00
2026-05-11,36810153,1205,0,32.1394811468,-8.8856212581,-8.8856212581,0.4000000,10,10,0.50128862000000000,0.501288620000,-0.6406076080251435,-0.6406076080251435,-0.6406076080251435,0E-17,ELIGIBLE,R03b_20260811_FULL_v1,L1_ELIGIBILITY,v2026-08-11,2026-03-21..2026-08-06,baccarat_bet02_101_all_pairs_incl_sentinel,round_win = game_pnl > 0 (decisive only),COMPATIBILITY_ONLY_NOT_PRODUCTION,81515.6139,73739.3596,483.5193,11361,11361,-0.00593162,0.00694385,-0.01152257,-0.00593162,-483.5193,81515.6139,OK,0.0000,19.3408,4.0000,96.0000,AG03-UNRESOLVED,ALL5_LEVELS_bet23_to_bet27,19.3408,19.3408,19.3408,24.1760,24.1760,4.000000,4.000000,4.000000,5.000000,5.000000,96.000000,96.000000,96.000000,95.000000,95.000000,5.0,106.3742,97.4416,377.1451,386.0777,PENDING_AG03,FALSE,NOT_FOR_ENFORCEMENT,464.1785,70789.7852,483.5193,464.1785,19.3408,0.00593162,0.00569435,19.3408,464.1785,0.00569435,19.3408,19.3408,19.3408,24.1760,24.1760,464.1785,0.00569435,106.3742,97.4416,377.1451,386.0777,0.00462666,0.00473624,0.00023726,7.1750,6.4906,0.0426,4.2045,0.0806,708.8314,98.7913,8.8300,6.6350,4.0407,4.4018,8.4329,14.3073,20.7715,40.8781,4.2012,0.0,4.718859,9.286678,1.630025,30,242,81,2,0.30276321,0.00593162,-0.00694385,0E-8,0.000000,0.904604,0.002289,0.01846642,2026-03-22,2026-08-06,115,6001,2406,138,0.833333,1.330819,1.230659,1.009211,,,,,,,,GLOBAL_BASELINE_NO_ENTITY_RANKING,,,NOT_APPLICABLE_GLOBAL_BASELINE,HF9g-P5,,,,X 全窗基线 · 不参与实体赏罚,8399985,840,A168_HF9F_20260827_0900,2026-08-27 09:00:00
2026-05-11,36810153,1325,0,4.2012393656,3.9911773973,3.9911773973,1.0000000,1,1,0.50665070000000000,0.506650700000,0.9867858985152569,0.9867858985152569,0.9867858985152569,0E-17,ELIGIBLE,R03b_20260811_FULL_v1,L1_ELIGIBILITY,v2026-08-11,2026-03-21..2026-08-06,baccarat_bet02_101_all_pairs_incl_sentinel,round_win = game_pnl > 0 (decisive only),COMPATIBILITY_ONLY_NOT_PRODUCTION,81515.6139,73739.3596,483.5193,11361,11361,-0.00593162,0.00694385,-0.01152257,-0.00593162,-483.5193,81515.6139,OK,0.0000,19.3408,4.0000,96.0000,AG03-UNRESOLVED,ALL5_LEVELS_bet23_to_bet27,19.3408,19.3408,19.3408,24.1760,24.1760,4.000000,4.000000,4.000000,5.000000,5.000000,96.000000,96.000000,96.000000,95.000000,95.000000,5.0,106.3742,97.4416,377.1451,386.0777,PENDING_AG03,FALSE,NOT_FOR_ENFORCEMENT,464.1785,70789.7852,483.5193,464.1785,19.3408,0.00593162,0.00569435,19.3408,464.1785,0.00569435,19.3408,19.3408,19.3408,24.1760,24.1760,464.1785,0.00569435,106.3742,97.4416,377.1451,386.0777,0.00462666,0.00473624,0.00023726,7.1750,6.4906,0.0426,4.2045,0.0806,708.8314,98.7913,8.8300,6.6350,4.0407,4.4018,8.4329,14.3073,20.7715,40.8781,4.2012,0.0,4.718859,9.286678,1.630025,30,242,81,2,0.30276321,0.00593162,-0.00694385,0E-8,0.000000,0.904604,0.002289,0.01846642,2026-03-22,2026-08-06,115,6001,2406,138,0.833333,1.330819,1.230659,1.009211,,,,,,,,GLOBAL_BASELINE_NO_ENTITY_RANKING,,,NOT_APPLICABLE_GLOBAL_BASELINE,HF9g-P5,,,,X 全窗基线 · 不参与实体赏罚,8399986,840,A168_HF9F_20260827_0900,2026-08-27 09:00:00
2026-05-11,36810153,1396,0,9.8729125092,0.4201239365,0.4201239365,0.5000000,3,3,0.50665070000000000,0.506650700000,-0.018812684590367487,-0.018812684590367487,-0.018812684590367487,0E-17,ELIGIBLE,R03b_20260811_FULL_v1,L1_ELIGIBILITY,v2026-08-11,2026-03-21..2026-08-06,baccarat_bet02_101_all_pairs_incl_sentinel,round_win = game_pnl > 0 (decisive only),COMPATIBILITY_ONLY_NOT_PRODUCTION,81515.6139,73739.3596,483.5193,11361,11361,-0.00593162,0.00694385,-0.01152257,-0.00593162,-483.5193,81515.6139,OK,0.0000,19.3408,4.0000,96.0000,AG03-UNRESOLVED,ALL5_LEVELS_bet23_to_bet27,19.3408,19.3408,19.3408,24.1760,24.1760,4.000000,4.000000,4.000000,5.000000,5.000000,96.000000,96.000000,96.000000,95.000000,95.000000,5.0,106.3742,97.4416,377.1451,386.0777,PENDING_AG03,FALSE,NOT_FOR_ENFORCEMENT,464.1785,70789.7852,483.5193,464.1785,19.3408,0.00593162,0.00569435,19.3408,464.1785,0.00569435,19.3408,19.3408,19.3408,24.1760,24.1760,464.1785,0.00569435,106.3742,97.4416,377.1451,386.0777,0.00462666,0.00473624,0.00023726,7.1750,6.4906,0.0426,4.2045,0.0806,708.8314,98.7913,8.8300,6.6350,4.0407,4.4018,8.4329,14.3073,20.7715,40.8781,4.2012,0.0,4.718859,9.286678,1.630025,30,242,81,2,0.30276321,0.00593162,-0.00694385,0E-8,0.000000,0.904604,0.002289,0.01846642,2026-03-22,2026-08-06,115,6001,2406,138,0.833333,1.330819,1.230659,1.009211,,,,,,,,GLOBAL_BASELINE_NO_ENTITY_RANKING,,,NOT_APPLICABLE_GLOBAL_BASELINE,HF9g-P5,,,,X 全窗基线 · 不参与实体赏罚,8399987,840,A168_HF9F_20260827_0900,2026-08-27 09:00:00
2026-05-11,36810153,1490,0,10.2930364457,2.1006196828,2.1006196828,0.6666667,3,3,0.49771390000000000,0.497713900000,0.5852756695216578,0.5852756695216578,0.5852756695216578,0E-17,ELIGIBLE,R03b_20260811_FULL_v1,L1_ELIGIBILITY,v2026-08-11,2026-03-21..2026-08-06,baccarat_bet02_101_all_pairs_incl_sentinel,round_win = game_pnl > 0 (decisive only),COMPATIBILITY_ONLY_NOT_PRODUCTION,81515.6139,73739.3596,483.5193,11361,11361,-0.00593162,0.00694385,-0.01152257,-0.00593162,-483.5193,81515.6139,OK,0.0000,19.3408,4.0000,96.0000,AG03-UNRESOLVED,ALL5_LEVELS_bet23_to_bet27,19.3408,19.3408,19.3408,24.1760,24.1760,4.000000,4.000000,4.000000,5.000000,5.000000,96.000000,96.000000,96.000000,95.000000,95.000000,5.0,106.3742,97.4416,377.1451,386.0777,PENDING_AG03,FALSE,NOT_FOR_ENFORCEMENT,464.1785,70789.7852,483.5193,464.1785,19.3408,0.00593162,0.00569435,19.3408,464.1785,0.00569435,19.3408,19.3408,19.3408,24.1760,24.1760,464.1785,0.00569435,106.3742,97.4416,377.1451,386.0777,0.00462666,0.00473624,0.00023726,7.1750,6.4906,0.0426,4.2045,0.0806,708.8314,98.7913,8.8300,6.6350,4.0407,4.4018,8.4329,14.3073,20.7715,40.8781,4.2012,0.0,4.718859,9.286678,1.630025,30,242,81,2,0.30276321,0.00593162,-0.00694385,0E-8,0.000000,0.904604,0.002289,0.01846642,2026-03-22,2026-08-06,115,6001,2406,138,0.833333,1.330819,1.230659,1.009211,,,,,,,,GLOBAL_BASELINE_NO_ENTITY_RANKING,,,NOT_APPLICABLE_GLOBAL_BASELINE,HF9g-P5,,,,X 全窗基线 · 不参与实体赏罚,8399988,840,A168_HF9F_20260827_0900,2026-08-27 09:00:00
2026-05-11,36810153,1646,0,11.1332843189,5.6611700452,5.6611700452,0.7500000,4,4,0.50665070000000000,0.506650700000,0.9734833216690844,0.9734833216690844,0.9734833216690844,0E-17,ELIGIBLE,R03b_20260811_FULL_v1,L1_ELIGIBILITY,v2026-08-11,2026-03-21..2026-08-06,baccarat_bet02_101_all_pairs_incl_sentinel,round_win = game_pnl > 0 (decisive only),COMPATIBILITY_ONLY_NOT_PRODUCTION,81515.6139,73739.3596,483.5193,11361,11361,-0.00593162,0.00694385,-0.01152257,-0.00593162,-483.5193,81515.6139,OK,0.0000,19.3408,4.0000,96.0000,AG03-UNRESOLVED,ALL5_LEVELS_bet23_to_bet27,19.3408,19.3408,19.3408,24.1760,24.1760,4.000000,4.000000,4.000000,5.000000,5.000000,96.000000,96.000000,96.000000,95.000000,95.000000,5.0,106.3742,97.4416,377.1451,386.0777,PENDING_AG03,FALSE,NOT_FOR_ENFORCEMENT,464.1785,70789.7852,483.5193,464.1785,19.3408,0.00593162,0.00569435,19.3408,464.1785,0.00569435,19.3408,19.3408,19.3408,24.1760,24.1760,464.1785,0.00569435,106.3742,97.4416,377.1451,386.0777,0.00462666,0.00473624,0.00023726,7.1750,6.4906,0.0426,4.2045,0.0806,708.8314,98.7913,8.8300,6.6350,4.0407,4.4018,8.4329,14.3073,20.7715,40.8781,4.2012,0.0,4.718859,9.286678,1.630025,30,242,81,2,0.30276321,0.00593162,-0.00694385,0E-8,0.000000,0.904604,0.002289,0.01846642,2026-03-22,2026-08-06,115,6001,2406,138,0.833333,1.330819,1.230659,1.009211,,,,,,,,GLOBAL_BASELINE_NO_ENTITY_RANKING,,,NOT_APPLICABLE_GLOBAL_BASELINE,HF9g-P5,,,,X 全窗基线 · 不参与实体赏罚,8399989,840,A168_HF9F_20260827_0900,2026-08-27 09:00:00
2026-05-11,36810153,1940,0,2.1006196828,1.0503098414,1.0503098414,1.0000000,2,2,0.49324550000000000,0.493245500000,1.01360149184955,1.01360149184955,1.01360149184955,0E-17,ELIGIBLE,R03b_20260811_FULL_v1,L1_ELIGIBILITY,v2026-08-11,2026-03-21..2026-08-06,baccarat_bet02_101_all_pairs_incl_sentinel,round_win = game_pnl > 0 (decisive only),COMPATIBILITY_ONLY_NOT_PRODUCTION,81515.6139,73739.3596,483.5193,11361,11361,-0.00593162,0.00694385,-0.01152257,-0.00593162,-483.5193,81515.6139,OK,0.0000,19.3408,4.0000,96.0000,AG03-UNRESOLVED,ALL5_LEVELS_bet23_to_bet27,19.3408,19.3408,19.3408,24.1760,24.1760,4.000000,4.000000,4.000000,5.000000,5.000000,96.000000,96.000000,96.000000,95.000000,95.000000,5.0,106.3742,97.4416,377.1451,386.0777,PENDING_AG03,FALSE,NOT_FOR_ENFORCEMENT,464.1785,70789.7852,483.5193,464.1785,19.3408,0.00593162,0.00569435,19.3408,464.1785,0.00569435,19.3408,19.3408,19.3408,24.1760,24.1760,464.1785,0.00569435,106.3742,97.4416,377.1451,386.0777,0.00462666,0.00473624,0.00023726,7.1750,6.4906,0.0426,4.2045,0.0806,708.8314,98.7913,8.8300,6.6350,4.0407,4.4018,8.4329,14.3073,20.7715,40.8781,4.2012,0.0,4.718859,9.286678,1.630025,30,242,81,2,0.30276321,0.00593162,-0.00694385,0E-8,0.000000,0.904604,0.002289,0.01846642,2026-03-22,2026-08-06,115,6001,2406,138,0.833333,1.330819,1.230659,1.009211,,,,,,,,GLOBAL_BASELINE_NO_ENTITY_RANKING,,,NOT_APPLICABLE_GLOBAL_BASELINE,HF9g-P5,,,,X 全窗基线 · 不参与实体赏罚,8399990,840,A168_HF9F_20260827_0900,2026-08-27 09:00:00
2026-05-11,36810153,1990,0,2.1006196828,1.9955886987,1.9955886987,1.0000000,1,1,0.50665070000000000,0.506650700000,0.9867858985152569,0.9867858985152569,0.9867858985152569,0E-17,ELIGIBLE,R03b_20260811_FULL_v1,L1_ELIGIBILITY,v2026-08-11,2026-03-21..2026-08-06,baccarat_bet02_101_all_pairs_incl_sentinel,round_win = game_pnl > 0 (decisive only),COMPATIBILITY_ONLY_NOT_PRODUCTION,81515.6139,73739.3596,483.5193,11361,11361,-0.00593162,0.00694385,-0.01152257,-0.00593162,-483.5193,81515.6139,OK,0.0000,19.3408,4.0000,96.0000,AG03-UNRESOLVED,ALL5_LEVELS_bet23_to_bet27,19.3408,19.3408,19.3408,24.1760,24.1760,4.000000,4.000000,4.000000,5.000000,5.000000,96.000000,96.000000,96.000000,95.000000,95.000000,5.0,106.3742,97.4416,377.1451,386.0777,PENDING_AG03,FALSE,NOT_FOR_ENFORCEMENT,464.1785,70789.7852,483.5193,464.1785,19.3408,0.00593162,0.00569435,19.3408,464.1785,0.00569435,19.3408,19.3408,19.3408,24.1760,24.1760,464.1785,0.00569435,106.3742,97.4416,377.1451,386.0777,0.00462666,0.00473624,0.00023726,7.1750,6.4906,0.0426,4.2045,0.0806,708.8314,98.7913,8.8300,6.6350,4.0407,4.4018,8.4329,14.3073,20.7715,40.8781,4.2012,0.0,4.718859,9.286678,1.630025,30,242,81,2,0.30276321,0.00593162,-0.00694385,0E-8,0.000000,0.904604,0.002289,0.01846642,2026-03-22,2026-08-06,115,6001,2406,138,0.833333,1.330819,1.230659,1.009211,,,,,,,,GLOBAL_BASELINE_NO_ENTITY_RANKING,,,NOT_APPLICABLE_GLOBAL_BASELINE,HF9g-P5,,,,X 全窗基线 · 不参与实体赏罚,8399991,840,A168_HF9F_20260827_0900,2026-08-27 09:00:00
2026-05-11,36810153,2121,0,2.1006196828,2.1006196828,2.1006196828,1.0000000,1,1,0.49324550000000000,0.493245500000,1.01360149184955,1.01360149184955,1.01360149184955,0E-17,ELIGIBLE,R03b_20260811_FULL_v1,L1_ELIGIBILITY,v2026-08-11,2026-03-21..2026-08-06,baccarat_bet02_101_all_pairs_incl_sentinel,round_win = game_pnl > 0 (decisive only),COMPATIBILITY_ONLY_NOT_PRODUCTION,81515.6139,73739.3596,483.5193,11361,11361,-0.00593162,0.00694385,-0.01152257,-0.00593162,-483.5193,81515.6139,OK,0.0000,19.3408,4.0000,96.0000,AG03-UNRESOLVED,ALL5_LEVELS_bet23_to_bet27,19.3408,19.3408,19.3408,24.1760,24.1760,4.000000,4.000000,4.000000,5.000000,5.000000,96.000000,96.000000,96.000000,95.000000,95.000000,5.0,106.3742,97.4416,377.1451,386.0777,PENDING_AG03,FALSE,NOT_FOR_ENFORCEMENT,464.1785,70789.7852,483.5193,464.1785,19.3408,0.00593162,0.00569435,19.3408,464.1785,0.00569435,19.3408,19.3408,19.3408,24.1760,24.1760,464.1785,0.00569435,106.3742,97.4416,377.1451,386.0777,0.00462666,0.00473624,0.00023726,7.1750,6.4906,0.0426,4.2045,0.0806,708.8314,98.7913,8.8300,6.6350,4.0407,4.4018,8.4329,14.3073,20.7715,40.8781,4.2012,0.0,4.718859,9.286678,1.630025,30,242,81,2,0.30276321,0.00593162,-0.00694385,0E-8,0.000000,0.904604,0.002289,0.01846642,2026-03-22,2026-08-06,115,6001,2406,138,0.833333,1.330819,1.230659,1.009211,,,,,,,,GLOBAL_BASELINE_NO_ENTITY_RANKING,,,NOT_APPLICABLE_GLOBAL_BASELINE,HF9g-P5,,,,X 全窗基线 · 不参与实体赏罚,8399992,840,A168_HF9F_20260827_0900,2026-08-27 09:00:00
2026-05-11,36810153,2129,0,1.6804957462,1.6804957462,1.6804957462,1.0000000,1,1,0.49324550000000000,0.493245500000,1.01360149184955,1.01360149184955,1.01360149184955,0E-17,ELIGIBLE,R03b_20260811_FULL_v1,L1_ELIGIBILITY,v2026-08-11,2026-03-21..2026-08-06,baccarat_bet02_101_all_pairs_incl_sentinel,round_win = game_pnl > 0 (decisive only),COMPATIBILITY_ONLY_NOT_PRODUCTION,81515.6139,73739.3596,483.5193,11361,11361,-0.00593162,0.00694385,-0.01152257,-0.00593162,-483.5193,81515.6139,OK,0.0000,19.3408,4.0000,96.0000,AG03-UNRESOLVED,ALL5_LEVELS_bet23_to_bet27,19.3408,19.3408,19.3408,24.1760,24.1760,4.000000,4.000000,4.000000,5.000000,5.000000,96.000000,96.000000,96.000000,95.000000,95.000000,5.0,106.3742,97.4416,377.1451,386.0777,PENDING_AG03,FALSE,NOT_FOR_ENFORCEMENT,464.1785,70789.7852,483.5193,464.1785,19.3408,0.00593162,0.00569435,19.3408,464.1785,0.00569435,19.3408,19.3408,19.3408,24.1760,24.1760,464.1785,0.00569435,106.3742,97.4416,377.1451,386.0777,0.00462666,0.00473624,0.00023726,7.1750,6.4906,0.0426,4.2045,0.0806,708.8314,98.7913,8.8300,6.6350,4.0407,4.4018,8.4329,14.3073,20.7715,40.8781,4.2012,0.0,4.718859,9.286678,1.630025,30,242,81,2,0.30276321,0.00593162,-0.00694385,0E-8,0.000000,0.904604,0.002289,0.01846642,2026-03-22,2026-08-06,115,6001,2406,138,0.833333,1.330819,1.230659,1.009211,,,,,,,,GLOBAL_BASELINE_NO_ENTITY_RANKING,,,NOT_APPLICABLE_GLOBAL_BASELINE,HF9g-P5,,,,X 全窗基线 · 不参与实体赏罚,8399993,840,A168_HF9F_20260827_0900,2026-08-27 09:00:00
2026-05-11,36810153,2171,0,2.7308055876,-2.7308055876,-2.7308055876,0E-7,1,1,0.50665070000000000,0.506650700000,-1.013391052207602,-1.013391052207602,-1.013391052207602,0E-17,ELIGIBLE,R03b_20260811_FULL_v1,L1_ELIGIBILITY,v2026-08-11,2026-03-21..2026-08-06,baccarat_bet02_101_all_pairs_incl_sentinel,round_win = game_pnl > 0 (decisive only),COMPATIBILITY_ONLY_NOT_PRODUCTION,81515.6139,73739.3596,483.5193,11361,11361,-0.00593162,0.00694385,-0.01152257,-0.00593162,-483.5193,81515.6139,OK,0.0000,19.3408,4.0000,96.0000,AG03-UNRESOLVED,ALL5_LEVELS_bet23_to_bet27,19.3408,19.3408,19.3408,24.1760,24.1760,4.000000,4.000000,4.000000,5.000000,5.000000,96.000000,96.000000,96.000000,95.000000,95.000000,5.0,106.3742,97.4416,377.1451,386.0777,PENDING_AG03,FALSE,NOT_FOR_ENFORCEMENT,464.1785,70789.7852,483.5193,464.1785,19.3408,0.00593162,0.00569435,19.3408,464.1785,0.00569435,19.3408,19.3408,19.3408,24.1760,24.1760,464.1785,0.00569435,106.3742,97.4416,377.1451,386.0777,0.00462666,0.00473624,0.00023726,7.1750,6.4906,0.0426,4.2045,0.0806,708.8314,98.7913,8.8300,6.6350,4.0407,4.4018,8.4329,14.3073,20.7715,40.8781,4.2012,0.0,4.718859,9.286678,1.630025,30,242,81,2,0.30276321,0.00593162,-0.00694385,0E-8,0.000000,0.904604,0.002289,0.01846642,2026-03-22,2026-08-06,115,6001,2406,138,0.833333,1.330819,1.230659,1.009211,,,,,,,,GLOBAL_BASELINE_NO_ENTITY_RANKING,,,NOT_APPLICABLE_GLOBAL_BASELINE,HF9g-P5,,,,X 全窗基线 · 不参与实体赏罚,8399994,840,A168_HF9F_20260827_0900,2026-08-27 09:00:00
2026-05-11,36810153,2177,0,3.3609914925,-3.3609914925,-3.3609914925,0E-7,1,1,0.49324550000000000,0.493245500000,-0.9865810262130424,-0.9865810262130424,-0.9865810262130424,0E-17,ELIGIBLE,R03b_20260811_FULL_v1,L1_ELIGIBILITY,v2026-08-11,2026-03-21..2026-08-06,baccarat_bet02_101_all_pairs_incl_sentinel,round_win = game_pnl > 0 (decisive only),COMPATIBILITY_ONLY_NOT_PRODUCTION,81515.6139,73739.3596,483.5193,11361,11361,-0.00593162,0.00694385,-0.01152257,-0.00593162,-483.5193,81515.6139,OK,0.0000,19.3408,4.0000,96.0000,AG03-UNRESOLVED,ALL5_LEVELS_bet23_to_bet27,19.3408,19.3408,19.3408,24.1760,24.1760,4.000000,4.000000,4.000000,5.000000,5.000000,96.000000,96.000000,96.000000,95.000000,95.000000,5.0,106.3742,97.4416,377.1451,386.0777,PENDING_AG03,FALSE,NOT_FOR_ENFORCEMENT,464.1785,70789.7852,483.5193,464.1785,19.3408,0.00593162,0.00569435,19.3408,464.1785,0.00569435,19.3408,19.3408,19.3408,24.1760,24.1760,464.1785,0.00569435,106.3742,97.4416,377.1451,386.0777,0.00462666,0.00473624,0.00023726,7.1750,6.4906,0.0426,4.2045,0.0806,708.8314,98.7913,8.8300,6.6350,4.0407,4.4018,8.4329,14.3073,20.7715,40.8781,4.2012,0.0,4.718859,9.286678,1.630025,30,242,81,2,0.30276321,0.00593162,-0.00694385,0E-8,0.000000,0.904604,0.002289,0.01846642,2026-03-22,2026-08-06,115,6001,2406,138,0.833333,1.330819,1.230659,1.009211,,,,,,,,GLOBAL_BASELINE_NO_ENTITY_RANKING,,,NOT_APPLICABLE_GLOBAL_BASELINE,HF9g-P5,,,,X 全窗基线 · 不参与实体赏罚,8399995,840,A168_HF9F_20260827_0900,2026-08-27 09:00:00
2026-05-11,36810153,2205,0,8.4024787312,-4.2012393656,-4.2012393656,0E-7,2,2,0.49324550000000000,0.493245500000,-0.9865810262130424,-0.9865810262130424,-0.9865810262130424,0E-17,ELIGIBLE,R03b_20260811_FULL_v1,L1_ELIGIBILITY,v2026-08-11,2026-03-21..2026-08-06,baccarat_bet02_101_all_pairs_incl_sentinel,round_win = game_pnl > 0 (decisive only),COMPATIBILITY_ONLY_NOT_PRODUCTION,81515.6139,73739.3596,483.5193,11361,11361,-0.00593162,0.00694385,-0.01152257,-0.00593162,-483.5193,81515.6139,OK,0.0000,19.3408,4.0000,96.0000,AG03-UNRESOLVED,ALL5_LEVELS_bet23_to_bet27,19.3408,19.3408,19.3408,24.1760,24.1760,4.000000,4.000000,4.000000,5.000000,5.000000,96.000000,96.000000,96.000000,95.000000,95.000000,5.0,106.3742,97.4416,377.1451,386.0777,PENDING_AG03,FALSE,NOT_FOR_ENFORCEMENT,464.1785,70789.7852,483.5193,464.1785,19.3408,0.00593162,0.00569435,19.3408,464.1785,0.00569435,19.3408,19.3408,19.3408,24.1760,24.1760,464.1785,0.00569435,106.3742,97.4416,377.1451,386.0777,0.00462666,0.00473624,0.00023726,7.1750,6.4906,0.0426,4.2045,0.0806,708.8314,98.7913,8.8300,6.6350,4.0407,4.4018,8.4329,14.3073,20.7715,40.8781,4.2012,0.0,4.718859,9.286678,1.630025,30,242,81,2,0.30276321,0.00593162,-0.00694385,0E-8,0.000000,0.904604,0.002289,0.01846642,2026-03-22,2026-08-06,115,6001,2406,138,0.833333,1.330819,1.230659,1.009211,,,,,,,,GLOBAL_BASELINE_NO_ENTITY_RANKING,,,NOT_APPLICABLE_GLOBAL_BASELINE,HF9g-P5,,,,X 全窗基线 · 不参与实体赏罚,8399996,840,A168_HF9F_20260827_0900,2026-08-27 09:00:00
2026-05-11,36810153,2218,0,0.6301859048,-0.6301859048,-0.6301859048,0E-7,1,1,0.49324550000000000,0.493245500000,-0.9865810262130424,-0.9865810262130424,-0.9865810262130424,0E-17,ELIGIBLE,R03b_20260811_FULL_v1,L1_ELIGIBILITY,v2026-08-11,2026-03-21..2026-08-06,baccarat_bet02_101_all_pairs_incl_sentinel,round_win = game_pnl > 0 (decisive only),COMPATIBILITY_ONLY_NOT_PRODUCTION,81515.6139,73739.3596,483.5193,11361,11361,-0.00593162,0.00694385,-0.01152257,-0.00593162,-483.5193,81515.6139,OK,0.0000,19.3408,4.0000,96.0000,AG03-UNRESOLVED,ALL5_LEVELS_bet23_to_bet27,19.3408,19.3408,19.3408,24.1760,24.1760,4.000000,4.000000,4.000000,5.000000,5.000000,96.000000,96.000000,96.000000,95.000000,95.000000,5.0,106.3742,97.4416,377.1451,386.0777,PENDING_AG03,FALSE,NOT_FOR_ENFORCEMENT,464.1785,70789.7852,483.5193,464.1785,19.3408,0.00593162,0.00569435,19.3408,464.1785,0.00569435,19.3408,19.3408,19.3408,24.1760,24.1760,464.1785,0.00569435,106.3742,97.4416,377.1451,386.0777,0.00462666,0.00473624,0.00023726,7.1750,6.4906,0.0426,4.2045,0.0806,708.8314,98.7913,8.8300,6.6350,4.0407,4.4018,8.4329,14.3073,20.7715,40.8781,4.2012,0.0,4.718859,9.286678,1.630025,30,242,81,2,0.30276321,0.00593162,-0.00694385,0E-8,0.000000,0.904604,0.002289,0.01846642,2026-03-22,2026-08-06,115,6001,2406,138,0.833333,1.330819,1.230659,1.009211,,,,,,,,GLOBAL_BASELINE_NO_ENTITY_RANKING,,,NOT_APPLICABLE_GLOBAL_BASELINE,HF9g-P5,,,,X 全窗基线 · 不参与实体赏罚,8399997,840,A168_HF9F_20260827_0900,2026-08-27 09:00:00
2026-05-11,36810153,2256,0,1.0503098414,-1.0503098414,-1.0503098414,0E-7,1,1,0.50665070000000000,0.506650700000,-1.013391052207602,-1.013391052207602,-1.013391052207602,0E-17,ELIGIBLE,R03b_20260811_FULL_v1,L1_ELIGIBILITY,v2026-08-11,2026-03-21..2026-08-06,baccarat_bet02_101_all_pairs_incl_sentinel,round_win = game_pnl > 0 (decisive only),COMPATIBILITY_ONLY_NOT_PRODUCTION,81515.6139,73739.3596,483.5193,11361,11361,-0.00593162,0.00694385,-0.01152257,-0.00593162,-483.5193,81515.6139,OK,0.0000,19.3408,4.0000,96.0000,AG03-UNRESOLVED,ALL5_LEVELS_bet23_to_bet27,19.3408,19.3408,19.3408,24.1760,24.1760,4.000000,4.000000,4.000000,5.000000,5.000000,96.000000,96.000000,96.000000,95.000000,95.000000,5.0,106.3742,97.4416,377.1451,386.0777,PENDING_AG03,FALSE,NOT_FOR_ENFORCEMENT,464.1785,70789.7852,483.5193,464.1785,19.3408,0.00593162,0.00569435,19.3408,464.1785,0.00569435,19.3408,19.3408,19.3408,24.1760,24.1760,464.1785,0.00569435,106.3742,97.4416,377.1451,386.0777,0.00462666,0.00473624,0.00023726,7.1750,6.4906,0.0426,4.2045,0.0806,708.8314,98.7913,8.8300,6.6350,4.0407,4.4018,8.4329,14.3073,20.7715,40.8781,4.2012,0.0,4.718859,9.286678,1.630025,30,242,81,2,0.30276321,0.00593162,-0.00694385,0E-8,0.000000,0.904604,0.002289,0.01846642,2026-03-22,2026-08-06,115,6001,2406,138,0.833333,1.330819,1.230659,1.009211,,,,,,,,GLOBAL_BASELINE_NO_ENTITY_RANKING,,,NOT_APPLICABLE_GLOBAL_BASELINE,HF9g-P5,,,,X 全窗基线 · 不参与实体赏罚,8399998,840,A168_HF9F_20260827_0900,2026-08-27 09:00:00
2026-05-11,36810153,529,0,1.4704337780,1.3969120891,1.3969120891,1.0000000,1,1,0.50665070000000000,0.506650700000,0.9867858985152569,0.9867858985152569,0.9867858985152569,0E-17,ELIGIBLE,R03b_20260811_FULL_v1,L1_ELIGIBILITY,v2026-08-11,2026-03-21..2026-08-06,baccarat_bet02_101_all_pairs_incl_sentinel,round_win = game_pnl > 0 (decisive only),COMPATIBILITY_ONLY_NOT_PRODUCTION,81515.6139,73739.3596,483.5193,11361,11361,-0.00593162,0.00694385,-0.01152257,-0.00593162,-483.5193,81515.6139,OK,0.0000,19.3408,4.0000,96.0000,AG03-UNRESOLVED,ALL5_LEVELS_bet23_to_bet27,19.3408,19.3408,19.3408,24.1760,24.1760,4.000000,4.000000,4.000000,5.000000,5.000000,96.000000,96.000000,96.000000,95.000000,95.000000,5.0,106.3742,97.4416,377.1451,386.0777,PENDING_AG03,FALSE,NOT_FOR_ENFORCEMENT,464.1785,70789.7852,483.5193,464.1785,19.3408,0.00593162,0.00569435,19.3408,464.1785,0.00569435,19.3408,19.3408,19.3408,24.1760,24.1760,464.1785,0.00569435,106.3742,97.4416,377.1451,386.0777,0.00462666,0.00473624,0.00023726,7.1750,6.4906,0.0426,4.2045,0.0806,708.8314,98.7913,8.8300,6.6350,4.0407,4.4018,8.4329,14.3073,20.7715,40.8781,4.2012,0.0,4.718859,9.286678,1.630025,30,242,81,2,0.30276321,0.00593162,-0.00694385,0E-8,0.000000,0.904604,0.002289,0.01846642,2026-03-22,2026-08-06,115,6001,2406,138,0.833333,1.330819,1.230659,1.009211,,,,,,,,GLOBAL_BASELINE_NO_ENTITY_RANKING,,,NOT_APPLICABLE_GLOBAL_BASELINE,HF9g-P5,,,,X 全窗基线 · 不参与实体赏罚,8399999,840,A168_HF9F_20260827_0900,2026-08-27 09:00:00
2026-05-11,36810153,595,0,9.2427266043,8.7805902741,8.7805902741,1.0000000,3,3,0.50665070000000000,0.506650700000,1.7091633124209307,1.7091633124209307,1.7091633124209307,0E-17,ELIGIBLE,R03b_20260811_FULL_v1,L1_ELIGIBILITY,v2026-08-11,2026-03-21..2026-08-06,baccarat_bet02_101_all_pairs_incl_sentinel,round_win = game_pnl > 0 (decisive only),COMPATIBILITY_ONLY_NOT_PRODUCTION,81515.6139,73739.3596,483.5193,11361,11361,-0.00593162,0.00694385,-0.01152257,-0.00593162,-483.5193,81515.6139,OK,0.0000,19.3408,4.0000,96.0000,AG03-UNRESOLVED,ALL5_LEVELS_bet23_to_bet27,19.3408,19.3408,19.3408,24.1760,24.1760,4.000000,4.000000,4.000000,5.000000,5.000000,96.000000,96.000000,96.000000,95.000000,95.000000,5.0,106.3742,97.4416,377.1451,386.0777,PENDING_AG03,FALSE,NOT_FOR_ENFORCEMENT,464.1785,70789.7852,483.5193,464.1785,19.3408,0.00593162,0.00569435,19.3408,464.1785,0.00569435,19.3408,19.3408,19.3408,24.1760,24.1760,464.1785,0.00569435,106.3742,97.4416,377.1451,386.0777,0.00462666,0.00473624,0.00023726,7.1750,6.4906,0.0426,4.2045,0.0806,708.8314,98.7913,8.8300,6.6350,4.0407,4.4018,8.4329,14.3073,20.7715,40.8781,4.2012,0.0,4.718859,9.286678,1.630025,30,242,81,2,0.30276321,0.00593162,-0.00694385,0E-8,0.000000,0.904604,0.002289,0.01846642,2026-03-22,2026-08-06,115,6001,2406,138,0.833333,1.330819,1.230659,1.009211,,,,,,,,GLOBAL_BASELINE_NO_ENTITY_RANKING,,,NOT_APPLICABLE_GLOBAL_BASELINE,HF9g-P5,,,,X 全窗基线 · 不参与实体赏罚,8400000,840,A168_HF9F_20260827_0900,2026-08-27 09:00:00
